Meetpunt surrogate key,Meetpunt locatie,Datum,Tijd,Aantal fietsers,Aantal fietsers van,Aantal fietsers naar,Meetpunt code
672,Rubenslei 36,2022-11-11,00:00:00,81,63,18,FMN 26 Stadspark
672,Rubenslei 36,2022-11-11,01:00:00,104,77,27,FMN 26 Stadspark
672,Rubenslei 36,2022-11-11,02:00:00,66,40,26,FMN 26 Stadspark
672,Rubenslei 36,2022-11-11,03:00:00,69,47,22,FMN 26 Stadspark
672,Rubenslei 36,2022-11-11,04:00:00,50,33,17,FMN 26 Stadspark
672,Rubenslei 36,2022-11-11,05:00:00,30,17,13,FMN 26 Stadspark
672,Rubenslei 36,2022-11-11,06:00:00,31,13,18,FMN 26 Stadspark
672,Rubenslei 36,2022-11-11,07:00:00,22,20,2,FMN 26 Stadspark
672,Rubenslei 36,2022-11-11,08:00:00,36,31,5,FMN 26 Stadspark
672,Rubenslei 36,2022-11-11,09:00:00,56,53,3,FMN 26 Stadspark
672,Rubenslei 36,2022-11-11,10:00:00,61,56,5,FMN 26 Stadspark
672,Rubenslei 36,2022-11-11,11:00:00,91,81,10,FMN 26 Stadspark
672,Rubenslei 36,2022-11-11,12:00:00,109,100,9,FMN 26 Stadspark
672,Rubenslei 36,2022-11-11,13:00:00,124,102,22,FMN 26 Stadspark
672,Rubenslei 36,2022-11-11,14:00:00,100,87,13,FMN 26 Stadspark
672,Rubenslei 36,2022-11-11,15:00:00,124,111,13,FMN 26 Stadspark
672,Rubenslei 36,2022-11-11,16:00:00,120,103,17,FMN 26 Stadspark
672,Rubenslei 36,2022-11-11,17:00:00,114,88,26,FMN 26 Stadspark
672,Rubenslei 36,2022-11-11,18:00:00,100,83,17,FMN 26 Stadspark
672,Rubenslei 36,2022-11-11,19:00:00,113,105,8,FMN 26 Stadspark
672,Rubenslei 36,2022-11-11,20:00:00,54,49,5,FMN 26 Stadspark
672,Rubenslei 36,2022-11-11,21:00:00,73,60,13,FMN 26 Stadspark
672,Rubenslei 36,2022-11-11,22:00:00,51,42,9,FMN 26 Stadspark
672,Rubenslei 36,2022-11-11,23:00:00,47,40,7,FMN 26 Stadspark
672,Rubenslei 36,2022-11-12,00:00:00,74,69,5,FMN 26 Stadspark
672,Rubenslei 36,2022-11-12,01:00:00,56,43,13,FMN 26 Stadspark
672,Rubenslei 36,2022-11-12,02:00:00,30,19,11,FMN 26 Stadspark
672,Rubenslei 36,2022-11-12,03:00:00,29,14,15,FMN 26 Stadspark
672,Rubenslei 36,2022-11-12,04:00:00,27,16,11,FMN 26 Stadspark
672,Rubenslei 36,2022-11-12,05:00:00,27,14,13,FMN 26 Stadspark
672,Rubenslei 36,2022-11-12,06:00:00,30,18,12,FMN 26 Stadspark
672,Rubenslei 36,2022-11-12,07:00:00,31,26,5,FMN 26 Stadspark
672,Rubenslei 36,2022-11-12,08:00:00,36,34,2,FMN 26 Stadspark
672,Rubenslei 36,2022-11-12,09:00:00,89,82,7,FMN 26 Stadspark
672,Rubenslei 36,2022-11-12,10:00:00,87,76,11,FMN 26 Stadspark
672,Rubenslei 36,2022-11-12,11:00:00,105,92,13,FMN 26 Stadspark
672,Rubenslei 36,2022-11-12,12:00:00,140,124,16,FMN 26 Stadspark
672,Rubenslei 36,2022-11-12,13:00:00,168,141,27,FMN 26 Stadspark
672,Rubenslei 36,2022-11-12,14:00:00,189,166,23,FMN 26 Stadspark
672,Rubenslei 36,2022-11-12,15:00:00,149,121,28,FMN 26 Stadspark
672,Rubenslei 36,2022-11-12,16:00:00,132,106,26,FMN 26 Stadspark
672,Rubenslei 36,2022-11-12,17:00:00,122,100,22,FMN 26 Stadspark
672,Rubenslei 36,2022-11-12,18:00:00,125,99,26,FMN 26 Stadspark
672,Rubenslei 36,2022-11-12,19:00:00,131,115,16,FMN 26 Stadspark
672,Rubenslei 36,2022-11-12,20:00:00,86,72,14,FMN 26 Stadspark
672,Rubenslei 36,2022-11-12,21:00:00,69,59,10,FMN 26 Stadspark
672,Rubenslei 36,2022-11-12,22:00:00,53,37,16,FMN 26 Stadspark
672,Rubenslei 36,2022-11-12,23:00:00,63,50,13,FMN 26 Stadspark
672,Rubenslei 36,2022-11-13,00:00:00,75,54,21,FMN 26 Stadspark
672,Rubenslei 36,2022-11-13,01:00:00,50,38,12,FMN 26 Stadspark
672,Rubenslei 36,2022-11-13,02:00:00,29,16,13,FMN 26 Stadspark
672,Rubenslei 36,2022-11-13,03:00:00,15,8,7,FMN 26 Stadspark
672,Rubenslei 36,2022-11-13,04:00:00,21,19,2,FMN 26 Stadspark
672,Rubenslei 36,2022-11-13,05:00:00,22,11,11,FMN 26 Stadspark
672,Rubenslei 36,2022-11-13,06:00:00,22,12,10,FMN 26 Stadspark
672,Rubenslei 36,2022-11-13,07:00:00,12,9,3,FMN 26 Stadspark
672,Rubenslei 36,2022-11-13,08:00:00,26,24,2,FMN 26 Stadspark
672,Rubenslei 36,2022-11-13,09:00:00,46,46,0,FMN 26 Stadspark
672,Rubenslei 36,2022-11-13,10:00:00,75,68,7,FMN 26 Stadspark
672,Rubenslei 36,2022-11-13,11:00:00,91,78,13,FMN 26 Stadspark
672,Rubenslei 36,2022-11-13,12:00:00,100,92,8,FMN 26 Stadspark
672,Rubenslei 36,2022-11-13,13:00:00,94,85,9,FMN 26 Stadspark
672,Rubenslei 36,2022-11-13,14:00:00,141,124,17,FMN 26 Stadspark
672,Rubenslei 36,2022-11-13,15:00:00,95,79,16,FMN 26 Stadspark
672,Rubenslei 36,2022-11-13,16:00:00,100,86,14,FMN 26 Stadspark
672,Rubenslei 36,2022-11-13,17:00:00,103,91,12,FMN 26 Stadspark
672,Rubenslei 36,2022-11-13,18:00:00,88,73,15,FMN 26 Stadspark
672,Rubenslei 36,2022-11-13,19:00:00,74,62,12,FMN 26 Stadspark
672,Rubenslei 36,2022-11-13,20:00:00,62,50,12,FMN 26 Stadspark
672,Rubenslei 36,2022-11-13,21:00:00,44,36,8,FMN 26 Stadspark
672,Rubenslei 36,2022-11-13,22:00:00,32,26,6,FMN 26 Stadspark
672,Rubenslei 36,2022-11-13,23:00:00,12,7,5,FMN 26 Stadspark
672,Rubenslei 36,2022-11-14,00:00:00,12,10,2,FMN 26 Stadspark
672,Rubenslei 36,2022-11-14,01:00:00,3,1,2,FMN 26 Stadspark
672,Rubenslei 36,2022-11-14,02:00:00,8,4,4,FMN 26 Stadspark
672,Rubenslei 36,2022-11-14,03:00:00,7,6,1,FMN 26 Stadspark
672,Rubenslei 36,2022-11-14,04:00:00,12,11,1,FMN 26 Stadspark
672,Rubenslei 36,2022-11-14,05:00:00,19,19,0,FMN 26 Stadspark
672,Rubenslei 36,2022-11-14,06:00:00,43,38,5,FMN 26 Stadspark
672,Rubenslei 36,2022-11-14,07:00:00,124,118,6,FMN 26 Stadspark
672,Rubenslei 36,2022-11-14,08:00:00,348,324,24,FMN 26 Stadspark
672,Rubenslei 36,2022-11-14,09:00:00,158,149,9,FMN 26 Stadspark
672,Rubenslei 36,2022-11-14,10:00:00,99,92,7,FMN 26 Stadspark
672,Rubenslei 36,2022-11-14,11:00:00,116,105,11,FMN 26 Stadspark
672,Rubenslei 36,2022-11-14,12:00:00,162,141,21,FMN 26 Stadspark
672,Rubenslei 36,2022-11-14,13:00:00,134,117,17,FMN 26 Stadspark
672,Rubenslei 36,2022-11-14,14:00:00,119,103,16,FMN 26 Stadspark
672,Rubenslei 36,2022-11-14,15:00:00,217,191,26,FMN 26 Stadspark
672,Rubenslei 36,2022-11-14,16:00:00,223,190,33,FMN 26 Stadspark
672,Rubenslei 36,2022-11-14,17:00:00,263,229,34,FMN 26 Stadspark
672,Rubenslei 36,2022-11-14,18:00:00,175,155,20,FMN 26 Stadspark
672,Rubenslei 36,2022-11-14,19:00:00,97,86,11,FMN 26 Stadspark
672,Rubenslei 36,2022-11-14,20:00:00,59,51,8,FMN 26 Stadspark
672,Rubenslei 36,2022-11-14,21:00:00,56,51,5,FMN 26 Stadspark
672,Rubenslei 36,2022-11-14,22:00:00,59,45,14,FMN 26 Stadspark
672,Rubenslei 36,2022-11-14,23:00:00,17,17,0,FMN 26 Stadspark
672,Rubenslei 36,2022-11-15,00:00:00,6,5,1,FMN 26 Stadspark
672,Rubenslei 36,2022-11-15,01:00:00,6,5,1,FMN 26 Stadspark
672,Rubenslei 36,2022-11-15,02:00:00,9,6,3,FMN 26 Stadspark
672,Rubenslei 36,2022-11-15,03:00:00,5,5,0,FMN 26 Stadspark
672,Rubenslei 36,2022-11-15,04:00:00,10,10,0,FMN 26 Stadspark
672,Rubenslei 36,2022-11-15,05:00:00,24,24,0,FMN 26 Stadspark
672,Rubenslei 36,2022-11-15,06:00:00,47,44,3,FMN 26 Stadspark
672,Rubenslei 36,2022-11-15,07:00:00,170,168,2,FMN 26 Stadspark
672,Rubenslei 36,2022-11-15,08:00:00,431,410,21,FMN 26 Stadspark
672,Rubenslei 36,2022-11-15,09:00:00,172,167,5,FMN 26 Stadspark
672,Rubenslei 36,2022-11-15,10:00:00,121,115,6,FMN 26 Stadspark
672,Rubenslei 36,2022-11-15,11:00:00,126,117,9,FMN 26 Stadspark
672,Rubenslei 36,2022-11-15,12:00:00,153,138,15,FMN 26 Stadspark
672,Rubenslei 36,2022-11-15,13:00:00,152,135,17,FMN 26 Stadspark
672,Rubenslei 36,2022-11-15,14:00:00,163,146,17,FMN 26 Stadspark
672,Rubenslei 36,2022-11-15,15:00:00,191,171,20,FMN 26 Stadspark
672,Rubenslei 36,2022-11-15,16:00:00,208,185,23,FMN 26 Stadspark
672,Rubenslei 36,2022-11-15,17:00:00,226,207,19,FMN 26 Stadspark
672,Rubenslei 36,2022-11-15,18:00:00,153,138,15,FMN 26 Stadspark
672,Rubenslei 36,2022-11-15,19:00:00,114,101,13,FMN 26 Stadspark
672,Rubenslei 36,2022-11-15,20:00:00,75,71,4,FMN 26 Stadspark
672,Rubenslei 36,2022-11-15,21:00:00,71,66,5,FMN 26 Stadspark
672,Rubenslei 36,2022-11-15,22:00:00,53,41,12,FMN 26 Stadspark
672,Rubenslei 36,2022-11-15,23:00:00,26,23,3,FMN 26 Stadspark
672,Rubenslei 36,2022-11-16,00:00:00,16,11,5,FMN 26 Stadspark
672,Rubenslei 36,2022-11-16,01:00:00,5,5,0,FMN 26 Stadspark
672,Rubenslei 36,2022-11-16,02:00:00,1,1,0,FMN 26 Stadspark
672,Rubenslei 36,2022-11-16,03:00:00,2,2,0,FMN 26 Stadspark
672,Rubenslei 36,2022-11-16,04:00:00,11,11,0,FMN 26 Stadspark
672,Rubenslei 36,2022-11-16,05:00:00,25,24,1,FMN 26 Stadspark
672,Rubenslei 36,2022-11-16,06:00:00,44,40,4,FMN 26 Stadspark
672,Rubenslei 36,2022-11-16,07:00:00,131,127,4,FMN 26 Stadspark
672,Rubenslei 36,2022-11-16,08:00:00,397,387,10,FMN 26 Stadspark
672,Rubenslei 36,2022-11-16,09:00:00,152,144,8,FMN 26 Stadspark
672,Rubenslei 36,2022-11-16,10:00:00,103,98,5,FMN 26 Stadspark
672,Rubenslei 36,2022-11-16,11:00:00,107,99,8,FMN 26 Stadspark
672,Rubenslei 36,2022-11-16,12:00:00,201,186,15,FMN 26 Stadspark
672,Rubenslei 36,2022-11-16,13:00:00,167,152,15,FMN 26 Stadspark
672,Rubenslei 36,2022-11-16,14:00:00,116,107,9,FMN 26 Stadspark
672,Rubenslei 36,2022-11-16,15:00:00,164,136,28,FMN 26 Stadspark
672,Rubenslei 36,2022-11-16,16:00:00,163,141,22,FMN 26 Stadspark
672,Rubenslei 36,2022-11-16,17:00:00,183,166,17,FMN 26 Stadspark
672,Rubenslei 36,2022-11-16,18:00:00,178,150,28,FMN 26 Stadspark
672,Rubenslei 36,2022-11-16,19:00:00,121,106,15,FMN 26 Stadspark
672,Rubenslei 36,2022-11-16,20:00:00,99,87,12,FMN 26 Stadspark
672,Rubenslei 36,2022-11-16,21:00:00,63,56,7,FMN 26 Stadspark
672,Rubenslei 36,2022-11-16,22:00:00,59,42,17,FMN 26 Stadspark
672,Rubenslei 36,2022-11-16,23:00:00,19,15,4,FMN 26 Stadspark
672,Rubenslei 36,2022-11-17,00:00:00,11,9,2,FMN 26 Stadspark
672,Rubenslei 36,2022-11-17,01:00:00,8,7,1,FMN 26 Stadspark
672,Rubenslei 36,2022-11-17,02:00:00,4,3,1,FMN 26 Stadspark
672,Rubenslei 36,2022-11-17,03:00:00,5,2,3,FMN 26 Stadspark
672,Rubenslei 36,2022-11-17,04:00:00,15,15,0,FMN 26 Stadspark
672,Rubenslei 36,2022-11-17,05:00:00,26,25,1,FMN 26 Stadspark
672,Rubenslei 36,2022-11-17,06:00:00,50,47,3,FMN 26 Stadspark
672,Rubenslei 36,2022-11-17,07:00:00,123,119,4,FMN 26 Stadspark
672,Rubenslei 36,2022-11-17,08:00:00,353,345,8,FMN 26 Stadspark
672,Rubenslei 36,2022-11-17,09:00:00,131,127,4,FMN 26 Stadspark
672,Rubenslei 36,2022-11-17,10:00:00,87,85,2,FMN 26 Stadspark
672,Rubenslei 36,2022-11-17,11:00:00,96,92,4,FMN 26 Stadspark
672,Rubenslei 36,2022-11-17,12:00:00,125,116,9,FMN 26 Stadspark
672,Rubenslei 36,2022-11-17,13:00:00,139,121,18,FMN 26 Stadspark
672,Rubenslei 36,2022-11-17,14:00:00,92,85,7,FMN 26 Stadspark
672,Rubenslei 36,2022-11-17,15:00:00,188,175,13,FMN 26 Stadspark
672,Rubenslei 36,2022-11-17,16:00:00,200,179,21,FMN 26 Stadspark
672,Rubenslei 36,2022-11-17,17:00:00,217,194,23,FMN 26 Stadspark
672,Rubenslei 36,2022-11-17,18:00:00,181,152,29,FMN 26 Stadspark
672,Rubenslei 36,2022-11-17,19:00:00,129,110,19,FMN 26 Stadspark
672,Rubenslei 36,2022-11-17,20:00:00,72,59,13,FMN 26 Stadspark
672,Rubenslei 36,2022-11-17,21:00:00,64,53,11,FMN 26 Stadspark
672,Rubenslei 36,2022-11-17,22:00:00,40,36,4,FMN 26 Stadspark
672,Rubenslei 36,2022-11-17,23:00:00,36,29,7,FMN 26 Stadspark
672,Rubenslei 36,2022-11-18,00:00:00,19,17,2,FMN 26 Stadspark
672,Rubenslei 36,2022-11-18,01:00:00,10,7,3,FMN 26 Stadspark
672,Rubenslei 36,2022-11-18,02:00:00,6,6,0,FMN 26 Stadspark
672,Rubenslei 36,2022-11-18,03:00:00,1,0,1,FMN 26 Stadspark
672,Rubenslei 36,2022-11-18,04:00:00,11,10,1,FMN 26 Stadspark
672,Rubenslei 36,2022-11-18,05:00:00,19,19,0,FMN 26 Stadspark
672,Rubenslei 36,2022-11-18,06:00:00,42,40,2,FMN 26 Stadspark
672,Rubenslei 36,2022-11-18,07:00:00,118,110,8,FMN 26 Stadspark
672,Rubenslei 36,2022-11-18,08:00:00,293,279,14,FMN 26 Stadspark
672,Rubenslei 36,2022-11-18,09:00:00,121,111,10,FMN 26 Stadspark
672,Rubenslei 36,2022-11-18,10:00:00,93,90,3,FMN 26 Stadspark
672,Rubenslei 36,2022-11-18,11:00:00,116,107,9,FMN 26 Stadspark
672,Rubenslei 36,2022-11-18,12:00:00,120,107,13,FMN 26 Stadspark
672,Rubenslei 36,2022-11-18,13:00:00,110,93,17,FMN 26 Stadspark
672,Rubenslei 36,2022-11-18,14:00:00,127,104,23,FMN 26 Stadspark
672,Rubenslei 36,2022-11-18,15:00:00,160,143,17,FMN 26 Stadspark
672,Rubenslei 36,2022-11-18,16:00:00,178,158,20,FMN 26 Stadspark
672,Rubenslei 36,2022-11-18,17:00:00,175,153,22,FMN 26 Stadspark
672,Rubenslei 36,2022-11-18,18:00:00,125,112,13,FMN 26 Stadspark
672,Rubenslei 36,2022-11-18,19:00:00,86,71,15,FMN 26 Stadspark
672,Rubenslei 36,2022-11-18,20:00:00,77,68,9,FMN 26 Stadspark
672,Rubenslei 36,2022-11-18,21:00:00,63,50,13,FMN 26 Stadspark
672,Rubenslei 36,2022-11-18,22:00:00,53,49,4,FMN 26 Stadspark
672,Rubenslei 36,2022-11-18,23:00:00,46,39,7,FMN 26 Stadspark
672,Rubenslei 36,2022-11-19,00:00:00,25,23,2,FMN 26 Stadspark
672,Rubenslei 36,2022-11-19,01:00:00,23,19,4,FMN 26 Stadspark
672,Rubenslei 36,2022-11-19,02:00:00,14,8,6,FMN 26 Stadspark
672,Rubenslei 36,2022-11-19,03:00:00,8,5,3,FMN 26 Stadspark
672,Rubenslei 36,2022-11-19,04:00:00,8,5,3,FMN 26 Stadspark
672,Rubenslei 36,2022-11-19,05:00:00,12,12,0,FMN 26 Stadspark
672,Rubenslei 36,2022-11-19,06:00:00,17,15,2,FMN 26 Stadspark
672,Rubenslei 36,2022-11-19,07:00:00,23,22,1,FMN 26 Stadspark
672,Rubenslei 36,2022-11-19,08:00:00,33,31,2,FMN 26 Stadspark
672,Rubenslei 36,2022-11-19,09:00:00,61,57,4,FMN 26 Stadspark
672,Rubenslei 36,2022-11-19,10:00:00,66,58,8,FMN 26 Stadspark
672,Rubenslei 36,2022-11-19,11:00:00,81,67,14,FMN 26 Stadspark
672,Rubenslei 36,2022-11-19,12:00:00,76,67,9,FMN 26 Stadspark
672,Rubenslei 36,2022-11-19,13:00:00,91,84,7,FMN 26 Stadspark
672,Rubenslei 36,2022-11-19,14:00:00,110,96,14,FMN 26 Stadspark
672,Rubenslei 36,2022-11-19,15:00:00,74,63,11,FMN 26 Stadspark
672,Rubenslei 36,2022-11-19,16:00:00,55,44,11,FMN 26 Stadspark
672,Rubenslei 36,2022-11-19,17:00:00,68,58,10,FMN 26 Stadspark
672,Rubenslei 36,2022-11-19,18:00:00,73,63,10,FMN 26 Stadspark
672,Rubenslei 36,2022-11-19,19:00:00,80,70,10,FMN 26 Stadspark
672,Rubenslei 36,2022-11-19,20:00:00,55,49,6,FMN 26 Stadspark
672,Rubenslei 36,2022-11-19,21:00:00,27,23,4,FMN 26 Stadspark
672,Rubenslei 36,2022-11-19,22:00:00,29,23,6,FMN 26 Stadspark
672,Rubenslei 36,2022-11-19,23:00:00,30,21,9,FMN 26 Stadspark
672,Rubenslei 36,2022-11-20,00:00:00,32,26,6,FMN 26 Stadspark
672,Rubenslei 36,2022-11-20,01:00:00,29,21,8,FMN 26 Stadspark
672,Rubenslei 36,2022-11-20,02:00:00,21,16,5,FMN 26 Stadspark
672,Rubenslei 36,2022-11-20,03:00:00,15,10,5,FMN 26 Stadspark
672,Rubenslei 36,2022-11-20,04:00:00,10,6,4,FMN 26 Stadspark
672,Rubenslei 36,2022-11-20,05:00:00,12,10,2,FMN 26 Stadspark
672,Rubenslei 36,2022-11-20,06:00:00,6,6,0,FMN 26 Stadspark
672,Rubenslei 36,2022-11-20,07:00:00,11,10,1,FMN 26 Stadspark
672,Rubenslei 36,2022-11-20,08:00:00,25,21,4,FMN 26 Stadspark
672,Rubenslei 36,2022-11-20,09:00:00,44,42,2,FMN 26 Stadspark
672,Rubenslei 36,2022-11-20,10:00:00,66,56,10,FMN 26 Stadspark
672,Rubenslei 36,2022-11-20,11:00:00,55,47,8,FMN 26 Stadspark
672,Rubenslei 36,2022-11-20,12:00:00,80,67,13,FMN 26 Stadspark
672,Rubenslei 36,2022-11-20,13:00:00,95,86,9,FMN 26 Stadspark
672,Rubenslei 36,2022-11-20,14:00:00,48,43,5,FMN 26 Stadspark
672,Rubenslei 36,2022-11-20,15:00:00,60,47,13,FMN 26 Stadspark
672,Rubenslei 36,2022-11-20,16:00:00,73,61,12,FMN 26 Stadspark
672,Rubenslei 36,2022-11-20,17:00:00,81,70,11,FMN 26 Stadspark
672,Rubenslei 36,2022-11-20,18:00:00,72,56,16,FMN 26 Stadspark
672,Rubenslei 36,2022-11-20,19:00:00,91,82,9,FMN 26 Stadspark
672,Rubenslei 36,2022-11-20,20:00:00,48,41,7,FMN 26 Stadspark
672,Rubenslei 36,2022-11-20,21:00:00,34,30,4,FMN 26 Stadspark
672,Rubenslei 36,2022-11-20,22:00:00,44,30,14,FMN 26 Stadspark
672,Rubenslei 36,2022-11-20,23:00:00,20,13,7,FMN 26 Stadspark
672,Rubenslei 36,2022-11-21,00:00:00,9,8,1,FMN 26 Stadspark
672,Rubenslei 36,2022-11-21,01:00:00,12,6,6,FMN 26 Stadspark
672,Rubenslei 36,2022-11-21,02:00:00,0,0,0,FMN 26 Stadspark
672,Rubenslei 36,2022-11-21,03:00:00,4,4,0,FMN 26 Stadspark
672,Rubenslei 36,2022-11-21,04:00:00,7,7,0,FMN 26 Stadspark
672,Rubenslei 36,2022-11-21,05:00:00,25,24,1,FMN 26 Stadspark
672,Rubenslei 36,2022-11-21,06:00:00,39,38,1,FMN 26 Stadspark
672,Rubenslei 36,2022-11-21,07:00:00,119,109,10,FMN 26 Stadspark
672,Rubenslei 36,2022-11-21,08:00:00,288,274,14,FMN 26 Stadspark
672,Rubenslei 36,2022-11-21,09:00:00,150,140,10,FMN 26 Stadspark
672,Rubenslei 36,2022-11-21,10:00:00,82,77,5,FMN 26 Stadspark
672,Rubenslei 36,2022-11-21,11:00:00,91,87,4,FMN 26 Stadspark
672,Rubenslei 36,2022-11-21,12:00:00,125,115,10,FMN 26 Stadspark
672,Rubenslei 36,2022-11-21,13:00:00,138,119,19,FMN 26 Stadspark
672,Rubenslei 36,2022-11-21,14:00:00,95,87,8,FMN 26 Stadspark
672,Rubenslei 36,2022-11-21,15:00:00,165,152,13,FMN 26 Stadspark
672,Rubenslei 36,2022-11-21,16:00:00,226,209,17,FMN 26 Stadspark
672,Rubenslei 36,2022-11-21,17:00:00,198,181,17,FMN 26 Stadspark
672,Rubenslei 36,2022-11-21,18:00:00,126,105,21,FMN 26 Stadspark
672,Rubenslei 36,2022-11-21,19:00:00,90,79,11,FMN 26 Stadspark
672,Rubenslei 36,2022-11-21,20:00:00,56,51,5,FMN 26 Stadspark
672,Rubenslei 36,2022-11-21,21:00:00,42,33,9,FMN 26 Stadspark
672,Rubenslei 36,2022-11-21,22:00:00,41,37,4,FMN 26 Stadspark
672,Rubenslei 36,2022-11-21,23:00:00,19,16,3,FMN 26 Stadspark
672,Rubenslei 36,2022-11-22,00:00:00,11,8,3,FMN 26 Stadspark
672,Rubenslei 36,2022-11-22,01:00:00,2,1,1,FMN 26 Stadspark
672,Rubenslei 36,2022-11-22,02:00:00,2,2,0,FMN 26 Stadspark
672,Rubenslei 36,2022-11-22,03:00:00,4,4,0,FMN 26 Stadspark
672,Rubenslei 36,2022-11-22,04:00:00,4,4,0,FMN 26 Stadspark
672,Rubenslei 36,2022-11-22,05:00:00,17,16,1,FMN 26 Stadspark
672,Rubenslei 36,2022-11-22,06:00:00,35,33,2,FMN 26 Stadspark
672,Rubenslei 36,2022-11-22,07:00:00,136,127,9,FMN 26 Stadspark
672,Rubenslei 36,2022-11-22,08:00:00,310,296,14,FMN 26 Stadspark
672,Rubenslei 36,2022-11-22,09:00:00,124,120,4,FMN 26 Stadspark
672,Rubenslei 36,2022-11-22,10:00:00,91,88,3,FMN 26 Stadspark
672,Rubenslei 36,2022-11-22,11:00:00,97,87,10,FMN 26 Stadspark
672,Rubenslei 36,2022-11-22,12:00:00,118,106,12,FMN 26 Stadspark
672,Rubenslei 36,2022-11-22,13:00:00,112,105,7,FMN 26 Stadspark
672,Rubenslei 36,2022-11-22,14:00:00,87,75,12,FMN 26 Stadspark
672,Rubenslei 36,2022-11-22,15:00:00,152,133,19,FMN 26 Stadspark
672,Rubenslei 36,2022-11-22,16:00:00,202,186,16,FMN 26 Stadspark
672,Rubenslei 36,2022-11-22,17:00:00,238,215,23,FMN 26 Stadspark
672,Rubenslei 36,2022-11-22,18:00:00,170,141,29,FMN 26 Stadspark
672,Rubenslei 36,2022-11-22,19:00:00,111,89,22,FMN 26 Stadspark
672,Rubenslei 36,2022-11-22,20:00:00,64,54,10,FMN 26 Stadspark
672,Rubenslei 36,2022-11-22,21:00:00,70,59,11,FMN 26 Stadspark
672,Rubenslei 36,2022-11-22,22:00:00,48,41,7,FMN 26 Stadspark
672,Rubenslei 36,2022-11-22,23:00:00,26,19,7,FMN 26 Stadspark
672,Rubenslei 36,2022-11-23,00:00:00,15,13,2,FMN 26 Stadspark
672,Rubenslei 36,2022-11-23,01:00:00,11,9,2,FMN 26 Stadspark
672,Rubenslei 36,2022-11-23,02:00:00,4,4,0,FMN 26 Stadspark
672,Rubenslei 36,2022-11-23,03:00:00,4,4,0,FMN 26 Stadspark
672,Rubenslei 36,2022-11-23,04:00:00,10,10,0,FMN 26 Stadspark
672,Rubenslei 36,2022-11-23,05:00:00,24,23,1,FMN 26 Stadspark
672,Rubenslei 36,2022-11-23,06:00:00,43,40,3,FMN 26 Stadspark
672,Rubenslei 36,2022-11-23,07:00:00,117,113,4,FMN 26 Stadspark
672,Rubenslei 36,2022-11-23,08:00:00,356,336,20,FMN 26 Stadspark
672,Rubenslei 36,2022-11-23,09:00:00,142,136,6,FMN 26 Stadspark
672,Rubenslei 36,2022-11-23,10:00:00,117,109,8,FMN 26 Stadspark
672,Rubenslei 36,2022-11-23,11:00:00,102,92,10,FMN 26 Stadspark
672,Rubenslei 36,2022-11-23,12:00:00,161,143,18,FMN 26 Stadspark
672,Rubenslei 36,2022-11-23,13:00:00,133,114,19,FMN 26 Stadspark
672,Rubenslei 36,2022-11-23,14:00:00,63,58,5,FMN 26 Stadspark
672,Rubenslei 36,2022-11-23,15:00:00,113,101,12,FMN 26 Stadspark
672,Rubenslei 36,2022-11-23,16:00:00,169,147,22,FMN 26 Stadspark
672,Rubenslei 36,2022-11-23,17:00:00,180,162,18,FMN 26 Stadspark
672,Rubenslei 36,2022-11-23,18:00:00,174,149,25,FMN 26 Stadspark
672,Rubenslei 36,2022-11-23,19:00:00,146,127,19,FMN 26 Stadspark
672,Rubenslei 36,2022-11-23,20:00:00,56,44,12,FMN 26 Stadspark
672,Rubenslei 36,2022-11-23,21:00:00,47,42,5,FMN 26 Stadspark
672,Rubenslei 36,2022-11-23,22:00:00,77,55,22,FMN 26 Stadspark
672,Rubenslei 36,2022-11-23,23:00:00,41,28,13,FMN 26 Stadspark
672,Rubenslei 36,2022-11-24,00:00:00,17,15,2,FMN 26 Stadspark
672,Rubenslei 36,2022-11-24,01:00:00,7,5,2,FMN 26 Stadspark
672,Rubenslei 36,2022-11-24,02:00:00,7,5,2,FMN 26 Stadspark
672,Rubenslei 36,2022-11-24,03:00:00,7,7,0,FMN 26 Stadspark
672,Rubenslei 36,2022-11-24,04:00:00,7,4,3,FMN 26 Stadspark
672,Rubenslei 36,2022-11-24,05:00:00,26,24,2,FMN 26 Stadspark
672,Rubenslei 36,2022-11-24,06:00:00,42,40,2,FMN 26 Stadspark
672,Rubenslei 36,2022-11-24,07:00:00,159,151,8,FMN 26 Stadspark
672,Rubenslei 36,2022-11-24,08:00:00,384,363,21,FMN 26 Stadspark
672,Rubenslei 36,2022-11-24,09:00:00,128,125,3,FMN 26 Stadspark
672,Rubenslei 36,2022-11-24,10:00:00,106,102,4,FMN 26 Stadspark
672,Rubenslei 36,2022-11-24,11:00:00,76,69,7,FMN 26 Stadspark
672,Rubenslei 36,2022-11-24,12:00:00,137,125,12,FMN 26 Stadspark
672,Rubenslei 36,2022-11-24,13:00:00,150,126,24,FMN 26 Stadspark
672,Rubenslei 36,2022-11-24,14:00:00,116,99,17,FMN 26 Stadspark
672,Rubenslei 36,2022-11-24,15:00:00,194,178,16,FMN 26 Stadspark
672,Rubenslei 36,2022-11-24,16:00:00,233,206,27,FMN 26 Stadspark
672,Rubenslei 36,2022-11-24,17:00:00,219,196,23,FMN 26 Stadspark
672,Rubenslei 36,2022-11-24,18:00:00,167,145,22,FMN 26 Stadspark
672,Rubenslei 36,2022-11-24,19:00:00,150,125,25,FMN 26 Stadspark
672,Rubenslei 36,2022-11-24,20:00:00,74,68,6,FMN 26 Stadspark
672,Rubenslei 36,2022-11-24,21:00:00,58,46,12,FMN 26 Stadspark
672,Rubenslei 36,2022-11-24,22:00:00,76,63,13,FMN 26 Stadspark
672,Rubenslei 36,2022-11-24,23:00:00,29,23,6,FMN 26 Stadspark
672,Rubenslei 36,2022-11-25,00:00:00,31,23,8,FMN 26 Stadspark
672,Rubenslei 36,2022-11-25,01:00:00,9,6,3,FMN 26 Stadspark
672,Rubenslei 36,2022-11-25,02:00:00,3,2,1,FMN 26 Stadspark
672,Rubenslei 36,2022-11-25,03:00:00,3,1,2,FMN 26 Stadspark
672,Rubenslei 36,2022-11-25,04:00:00,10,8,2,FMN 26 Stadspark
672,Rubenslei 36,2022-11-25,05:00:00,25,25,0,FMN 26 Stadspark
672,Rubenslei 36,2022-11-25,06:00:00,37,34,3,FMN 26 Stadspark
672,Rubenslei 36,2022-11-25,07:00:00,123,115,8,FMN 26 Stadspark
672,Rubenslei 36,2022-11-25,08:00:00,311,291,20,FMN 26 Stadspark
672,Rubenslei 36,2022-11-25,09:00:00,149,143,6,FMN 26 Stadspark
672,Rubenslei 36,2022-11-25,10:00:00,122,116,6,FMN 26 Stadspark
672,Rubenslei 36,2022-11-25,11:00:00,90,82,8,FMN 26 Stadspark
672,Rubenslei 36,2022-11-25,12:00:00,126,109,17,FMN 26 Stadspark
672,Rubenslei 36,2022-11-25,13:00:00,147,138,9,FMN 26 Stadspark
672,Rubenslei 36,2022-11-25,14:00:00,133,118,15,FMN 26 Stadspark
672,Rubenslei 36,2022-11-25,15:00:00,180,162,18,FMN 26 Stadspark
672,Rubenslei 36,2022-11-25,16:00:00,201,174,27,FMN 26 Stadspark
672,Rubenslei 36,2022-11-25,17:00:00,221,187,34,FMN 26 Stadspark
672,Rubenslei 36,2022-11-25,18:00:00,138,115,23,FMN 26 Stadspark
672,Rubenslei 36,2022-11-25,19:00:00,128,114,14,FMN 26 Stadspark
672,Rubenslei 36,2022-11-25,20:00:00,86,73,13,FMN 26 Stadspark
672,Rubenslei 36,2022-11-25,21:00:00,61,49,12,FMN 26 Stadspark
672,Rubenslei 36,2022-11-25,22:00:00,52,38,14,FMN 26 Stadspark
672,Rubenslei 36,2022-11-25,23:00:00,34,28,6,FMN 26 Stadspark
672,Rubenslei 36,2022-11-26,00:00:00,38,29,9,FMN 26 Stadspark
672,Rubenslei 36,2022-11-26,01:00:00,25,23,2,FMN 26 Stadspark
672,Rubenslei 36,2022-11-26,02:00:00,20,12,8,FMN 26 Stadspark
672,Rubenslei 36,2022-11-26,03:00:00,12,8,4,FMN 26 Stadspark
672,Rubenslei 36,2022-11-26,04:00:00,19,8,11,FMN 26 Stadspark
672,Rubenslei 36,2022-11-26,05:00:00,17,9,8,FMN 26 Stadspark
672,Rubenslei 36,2022-11-26,06:00:00,16,12,4,FMN 26 Stadspark
672,Rubenslei 36,2022-11-26,07:00:00,20,18,2,FMN 26 Stadspark
672,Rubenslei 36,2022-11-26,08:00:00,41,36,5,FMN 26 Stadspark
672,Rubenslei 36,2022-11-26,09:00:00,86,77,9,FMN 26 Stadspark
672,Rubenslei 36,2022-11-26,10:00:00,100,87,13,FMN 26 Stadspark
672,Rubenslei 36,2022-11-26,11:00:00,118,101,17,FMN 26 Stadspark
672,Rubenslei 36,2022-11-26,12:00:00,131,110,21,FMN 26 Stadspark
672,Rubenslei 36,2022-11-26,13:00:00,109,98,11,FMN 26 Stadspark
672,Rubenslei 36,2022-11-26,14:00:00,150,132,18,FMN 26 Stadspark
672,Rubenslei 36,2022-11-26,15:00:00,130,109,21,FMN 26 Stadspark
672,Rubenslei 36,2022-11-26,16:00:00,137,120,17,FMN 26 Stadspark
672,Rubenslei 36,2022-11-26,17:00:00,124,95,29,FMN 26 Stadspark
672,Rubenslei 36,2022-11-26,18:00:00,124,101,23,FMN 26 Stadspark
672,Rubenslei 36,2022-11-26,19:00:00,107,92,15,FMN 26 Stadspark
672,Rubenslei 36,2022-11-26,20:00:00,59,53,6,FMN 26 Stadspark
672,Rubenslei 36,2022-11-26,21:00:00,49,34,15,FMN 26 Stadspark
672,Rubenslei 36,2022-11-26,22:00:00,55,45,10,FMN 26 Stadspark
672,Rubenslei 36,2022-11-26,23:00:00,52,38,14,FMN 26 Stadspark
672,Rubenslei 36,2022-11-27,00:00:00,43,34,9,FMN 26 Stadspark
672,Rubenslei 36,2022-11-27,01:00:00,23,14,9,FMN 26 Stadspark
672,Rubenslei 36,2022-11-27,02:00:00,15,11,4,FMN 26 Stadspark
672,Rubenslei 36,2022-11-27,03:00:00,14,6,8,FMN 26 Stadspark
672,Rubenslei 36,2022-11-27,04:00:00,10,3,7,FMN 26 Stadspark
672,Rubenslei 36,2022-11-27,05:00:00,10,5,5,FMN 26 Stadspark
672,Rubenslei 36,2022-11-27,06:00:00,15,11,4,FMN 26 Stadspark
672,Rubenslei 36,2022-11-27,07:00:00,14,12,2,FMN 26 Stadspark
672,Rubenslei 36,2022-11-27,08:00:00,25,24,1,FMN 26 Stadspark
672,Rubenslei 36,2022-11-27,09:00:00,40,38,2,FMN 26 Stadspark
672,Rubenslei 36,2022-11-27,10:00:00,45,38,7,FMN 26 Stadspark
672,Rubenslei 36,2022-11-27,11:00:00,69,63,6,FMN 26 Stadspark
672,Rubenslei 36,2022-11-27,12:00:00,60,55,5,FMN 26 Stadspark
672,Rubenslei 36,2022-11-27,13:00:00,103,95,8,FMN 26 Stadspark
672,Rubenslei 36,2022-11-27,14:00:00,62,50,12,FMN 26 Stadspark
672,Rubenslei 36,2022-11-27,15:00:00,72,62,10,FMN 26 Stadspark
672,Rubenslei 36,2022-11-27,16:00:00,77,60,17,FMN 26 Stadspark
672,Rubenslei 36,2022-11-27,17:00:00,64,57,7,FMN 26 Stadspark
672,Rubenslei 36,2022-11-27,18:00:00,72,58,14,FMN 26 Stadspark
672,Rubenslei 36,2022-11-27,19:00:00,65,50,15,FMN 26 Stadspark
672,Rubenslei 36,2022-11-27,20:00:00,46,32,14,FMN 26 Stadspark
672,Rubenslei 36,2022-11-27,21:00:00,20,17,3,FMN 26 Stadspark
672,Rubenslei 36,2022-11-27,22:00:00,31,26,5,FMN 26 Stadspark
672,Rubenslei 36,2022-11-27,23:00:00,13,10,3,FMN 26 Stadspark
672,Rubenslei 36,2022-11-28,00:00:00,3,2,1,FMN 26 Stadspark
672,Rubenslei 36,2022-11-28,01:00:00,6,3,3,FMN 26 Stadspark
672,Rubenslei 36,2022-11-28,02:00:00,6,5,1,FMN 26 Stadspark
672,Rubenslei 36,2022-11-28,03:00:00,5,5,0,FMN 26 Stadspark
672,Rubenslei 36,2022-11-28,04:00:00,10,10,0,FMN 26 Stadspark
672,Rubenslei 36,2022-11-28,05:00:00,19,19,0,FMN 26 Stadspark
672,Rubenslei 36,2022-11-28,06:00:00,50,48,2,FMN 26 Stadspark
672,Rubenslei 36,2022-11-28,07:00:00,125,113,12,FMN 26 Stadspark
672,Rubenslei 36,2022-11-28,08:00:00,325,310,15,FMN 26 Stadspark
672,Rubenslei 36,2022-11-28,09:00:00,161,151,10,FMN 26 Stadspark
672,Rubenslei 36,2022-11-28,10:00:00,89,85,4,FMN 26 Stadspark
672,Rubenslei 36,2022-11-28,11:00:00,78,66,12,FMN 26 Stadspark
672,Rubenslei 36,2022-11-28,12:00:00,132,121,11,FMN 26 Stadspark
672,Rubenslei 36,2022-11-28,13:00:00,120,105,15,FMN 26 Stadspark
672,Rubenslei 36,2022-11-28,14:00:00,113,107,6,FMN 26 Stadspark
672,Rubenslei 36,2022-11-28,15:00:00,182,167,15,FMN 26 Stadspark
672,Rubenslei 36,2022-11-28,16:00:00,198,181,17,FMN 26 Stadspark
672,Rubenslei 36,2022-11-28,17:00:00,229,202,27,FMN 26 Stadspark
672,Rubenslei 36,2022-11-28,18:00:00,159,145,14,FMN 26 Stadspark
672,Rubenslei 36,2022-11-28,19:00:00,90,82,8,FMN 26 Stadspark
672,Rubenslei 36,2022-11-28,20:00:00,59,51,8,FMN 26 Stadspark
672,Rubenslei 36,2022-11-28,21:00:00,45,38,7,FMN 26 Stadspark
672,Rubenslei 36,2022-11-28,22:00:00,50,43,7,FMN 26 Stadspark
672,Rubenslei 36,2022-11-28,23:00:00,23,21,2,FMN 26 Stadspark
672,Rubenslei 36,2022-11-29,00:00:00,8,5,3,FMN 26 Stadspark
672,Rubenslei 36,2022-11-29,01:00:00,8,6,2,FMN 26 Stadspark
672,Rubenslei 36,2022-11-29,02:00:00,1,1,0,FMN 26 Stadspark
672,Rubenslei 36,2022-11-29,03:00:00,1,1,0,FMN 26 Stadspark
672,Rubenslei 36,2022-11-29,04:00:00,3,3,0,FMN 26 Stadspark
672,Rubenslei 36,2022-11-29,05:00:00,17,16,1,FMN 26 Stadspark
672,Rubenslei 36,2022-11-29,06:00:00,35,32,3,FMN 26 Stadspark
672,Rubenslei 36,2022-11-29,07:00:00,123,118,5,FMN 26 Stadspark
672,Rubenslei 36,2022-11-29,08:00:00,319,302,17,FMN 26 Stadspark
672,Rubenslei 36,2022-11-29,09:00:00,138,127,11,FMN 26 Stadspark
672,Rubenslei 36,2022-11-29,10:00:00,109,105,4,FMN 26 Stadspark
672,Rubenslei 36,2022-11-29,11:00:00,87,73,14,FMN 26 Stadspark
672,Rubenslei 36,2022-11-29,12:00:00,113,101,12,FMN 26 Stadspark
672,Rubenslei 36,2022-11-29,13:00:00,146,135,11,FMN 26 Stadspark
672,Rubenslei 36,2022-11-29,14:00:00,110,94,16,FMN 26 Stadspark
672,Rubenslei 36,2022-11-29,15:00:00,170,152,18,FMN 26 Stadspark
672,Rubenslei 36,2022-11-29,16:00:00,190,176,14,FMN 26 Stadspark
672,Rubenslei 36,2022-11-29,17:00:00,226,196,30,FMN 26 Stadspark
672,Rubenslei 36,2022-11-29,18:00:00,162,147,15,FMN 26 Stadspark
672,Rubenslei 36,2022-11-29,19:00:00,116,104,12,FMN 26 Stadspark
672,Rubenslei 36,2022-11-29,20:00:00,76,64,12,FMN 26 Stadspark
672,Rubenslei 36,2022-11-29,21:00:00,54,50,4,FMN 26 Stadspark
672,Rubenslei 36,2022-11-29,22:00:00,53,46,7,FMN 26 Stadspark
672,Rubenslei 36,2022-11-29,23:00:00,31,25,6,FMN 26 Stadspark
672,Rubenslei 36,2022-11-30,00:00:00,14,12,2,FMN 26 Stadspark
672,Rubenslei 36,2022-11-30,01:00:00,3,3,0,FMN 26 Stadspark
672,Rubenslei 36,2022-11-30,02:00:00,4,2,2,FMN 26 Stadspark
672,Rubenslei 36,2022-11-30,03:00:00,1,1,0,FMN 26 Stadspark
672,Rubenslei 36,2022-11-30,04:00:00,7,7,0,FMN 26 Stadspark
672,Rubenslei 36,2022-11-30,05:00:00,21,20,1,FMN 26 Stadspark
672,Rubenslei 36,2022-11-30,06:00:00,41,37,4,FMN 26 Stadspark
672,Rubenslei 36,2022-11-30,07:00:00,130,118,12,FMN 26 Stadspark
672,Rubenslei 36,2022-11-30,08:00:00,339,308,31,FMN 26 Stadspark
672,Rubenslei 36,2022-11-30,09:00:00,135,124,11,FMN 26 Stadspark
672,Rubenslei 36,2022-11-30,10:00:00,103,96,7,FMN 26 Stadspark
672,Rubenslei 36,2022-11-30,11:00:00,134,123,11,FMN 26 Stadspark
672,Rubenslei 36,2022-11-30,12:00:00,182,159,23,FMN 26 Stadspark
672,Rubenslei 36,2022-11-30,13:00:00,167,138,29,FMN 26 Stadspark
672,Rubenslei 36,2022-11-30,14:00:00,119,100,19,FMN 26 Stadspark
672,Rubenslei 36,2022-11-30,15:00:00,143,124,19,FMN 26 Stadspark
672,Rubenslei 36,2022-11-30,16:00:00,204,169,35,FMN 26 Stadspark
672,Rubenslei 36,2022-11-30,17:00:00,201,167,34,FMN 26 Stadspark
672,Rubenslei 36,2022-11-30,18:00:00,159,124,35,FMN 26 Stadspark
672,Rubenslei 36,2022-11-30,19:00:00,126,108,18,FMN 26 Stadspark
672,Rubenslei 36,2022-11-30,20:00:00,79,70,9,FMN 26 Stadspark
672,Rubenslei 36,2022-11-30,21:00:00,53,43,10,FMN 26 Stadspark
672,Rubenslei 36,2022-11-30,22:00:00,49,36,13,FMN 26 Stadspark
672,Rubenslei 36,2022-11-30,23:00:00,24,10,14,FMN 26 Stadspark
672,Rubenslei 36,2022-12-01,00:00:00,10,9,1,FMN 26 Stadspark
672,Rubenslei 36,2022-12-01,01:00:00,8,8,0,FMN 26 Stadspark
672,Rubenslei 36,2022-12-01,02:00:00,3,2,1,FMN 26 Stadspark
672,Rubenslei 36,2022-12-01,03:00:00,0,0,0,FMN 26 Stadspark
672,Rubenslei 36,2022-12-01,04:00:00,8,7,1,FMN 26 Stadspark
672,Rubenslei 36,2022-12-01,05:00:00,16,16,0,FMN 26 Stadspark
672,Rubenslei 36,2022-12-01,06:00:00,41,37,4,FMN 26 Stadspark
672,Rubenslei 36,2022-12-01,07:00:00,113,100,13,FMN 26 Stadspark
672,Rubenslei 36,2022-12-01,08:00:00,348,324,24,FMN 26 Stadspark
672,Rubenslei 36,2022-12-01,09:00:00,118,104,14,FMN 26 Stadspark
672,Rubenslei 36,2022-12-01,10:00:00,91,81,10,FMN 26 Stadspark
672,Rubenslei 36,2022-12-01,11:00:00,107,101,6,FMN 26 Stadspark
672,Rubenslei 36,2022-12-01,12:00:00,155,134,21,FMN 26 Stadspark
672,Rubenslei 36,2022-12-01,13:00:00,114,99,15,FMN 26 Stadspark
672,Rubenslei 36,2022-12-01,14:00:00,132,117,15,FMN 26 Stadspark
672,Rubenslei 36,2022-12-01,15:00:00,233,203,30,FMN 26 Stadspark
672,Rubenslei 36,2022-12-01,16:00:00,193,176,17,FMN 26 Stadspark
672,Rubenslei 36,2022-12-01,17:00:00,171,151,20,FMN 26 Stadspark
672,Rubenslei 36,2022-12-01,18:00:00,179,143,36,FMN 26 Stadspark
672,Rubenslei 36,2022-12-01,19:00:00,150,133,17,FMN 26 Stadspark
672,Rubenslei 36,2022-12-01,20:00:00,62,52,10,FMN 26 Stadspark
672,Rubenslei 36,2022-12-01,21:00:00,76,66,10,FMN 26 Stadspark
672,Rubenslei 36,2022-12-01,22:00:00,54,46,8,FMN 26 Stadspark
672,Rubenslei 36,2022-12-01,23:00:00,38,29,9,FMN 26 Stadspark
672,Rubenslei 36,2022-12-02,00:00:00,19,16,3,FMN 26 Stadspark
672,Rubenslei 36,2022-12-02,01:00:00,6,6,0,FMN 26 Stadspark
672,Rubenslei 36,2022-12-02,02:00:00,5,3,2,FMN 26 Stadspark
672,Rubenslei 36,2022-12-02,03:00:00,3,2,1,FMN 26 Stadspark
672,Rubenslei 36,2022-12-02,04:00:00,11,10,1,FMN 26 Stadspark
672,Rubenslei 36,2022-12-02,05:00:00,20,17,3,FMN 26 Stadspark
672,Rubenslei 36,2022-12-02,06:00:00,34,32,2,FMN 26 Stadspark
672,Rubenslei 36,2022-12-02,07:00:00,103,90,13,FMN 26 Stadspark
672,Rubenslei 36,2022-12-02,08:00:00,269,255,14,FMN 26 Stadspark
672,Rubenslei 36,2022-12-02,09:00:00,132,122,10,FMN 26 Stadspark
672,Rubenslei 36,2022-12-02,10:00:00,89,78,11,FMN 26 Stadspark
672,Rubenslei 36,2022-12-02,11:00:00,81,71,10,FMN 26 Stadspark
672,Rubenslei 36,2022-12-02,12:00:00,122,108,14,FMN 26 Stadspark
672,Rubenslei 36,2022-12-02,13:00:00,122,99,23,FMN 26 Stadspark
672,Rubenslei 36,2022-12-02,14:00:00,102,93,9,FMN 26 Stadspark
672,Rubenslei 36,2022-12-02,15:00:00,178,158,20,FMN 26 Stadspark
672,Rubenslei 36,2022-12-02,16:00:00,175,152,23,FMN 26 Stadspark
672,Rubenslei 36,2022-12-02,17:00:00,166,134,32,FMN 26 Stadspark
672,Rubenslei 36,2022-12-02,18:00:00,139,115,24,FMN 26 Stadspark
672,Rubenslei 36,2022-12-02,19:00:00,101,88,13,FMN 26 Stadspark
672,Rubenslei 36,2022-12-02,20:00:00,60,50,10,FMN 26 Stadspark
672,Rubenslei 36,2022-12-02,21:00:00,52,40,12,FMN 26 Stadspark
672,Rubenslei 36,2022-12-02,22:00:00,39,34,5,FMN 26 Stadspark
672,Rubenslei 36,2022-12-02,23:00:00,35,30,5,FMN 26 Stadspark
672,Rubenslei 36,2022-12-03,00:00:00,18,16,2,FMN 26 Stadspark
672,Rubenslei 36,2022-12-03,01:00:00,18,14,4,FMN 26 Stadspark
672,Rubenslei 36,2022-12-03,02:00:00,11,8,3,FMN 26 Stadspark
672,Rubenslei 36,2022-12-03,03:00:00,3,3,0,FMN 26 Stadspark
672,Rubenslei 36,2022-12-03,04:00:00,9,4,5,FMN 26 Stadspark
672,Rubenslei 36,2022-12-03,05:00:00,17,15,2,FMN 26 Stadspark
672,Rubenslei 36,2022-12-03,06:00:00,18,12,6,FMN 26 Stadspark
672,Rubenslei 36,2022-12-03,07:00:00,14,12,2,FMN 26 Stadspark
672,Rubenslei 36,2022-12-03,08:00:00,34,29,5,FMN 26 Stadspark
672,Rubenslei 36,2022-12-03,09:00:00,46,42,4,FMN 26 Stadspark
672,Rubenslei 36,2022-12-03,10:00:00,60,57,3,FMN 26 Stadspark
672,Rubenslei 36,2022-12-03,11:00:00,65,55,10,FMN 26 Stadspark
672,Rubenslei 36,2022-12-03,12:00:00,85,78,7,FMN 26 Stadspark
672,Rubenslei 36,2022-12-03,13:00:00,68,63,5,FMN 26 Stadspark
672,Rubenslei 36,2022-12-03,14:00:00,95,79,16,FMN 26 Stadspark
672,Rubenslei 36,2022-12-03,15:00:00,82,70,12,FMN 26 Stadspark
672,Rubenslei 36,2022-12-03,16:00:00,66,56,10,FMN 26 Stadspark
672,Rubenslei 36,2022-12-03,17:00:00,67,58,9,FMN 26 Stadspark
672,Rubenslei 36,2022-12-03,18:00:00,81,66,15,FMN 26 Stadspark
672,Rubenslei 36,2022-12-03,19:00:00,95,81,14,FMN 26 Stadspark
672,Rubenslei 36,2022-12-03,20:00:00,46,40,6,FMN 26 Stadspark
672,Rubenslei 36,2022-12-03,21:00:00,24,18,6,FMN 26 Stadspark
672,Rubenslei 36,2022-12-03,22:00:00,26,23,3,FMN 26 Stadspark
672,Rubenslei 36,2022-12-03,23:00:00,26,21,5,FMN 26 Stadspark
672,Rubenslei 36,2022-12-04,00:00:00,30,24,6,FMN 26 Stadspark
672,Rubenslei 36,2022-12-04,01:00:00,28,23,5,FMN 26 Stadspark
672,Rubenslei 36,2022-12-04,02:00:00,21,11,10,FMN 26 Stadspark
672,Rubenslei 36,2022-12-04,03:00:00,11,10,1,FMN 26 Stadspark
672,Rubenslei 36,2022-12-04,04:00:00,14,6,8,FMN 26 Stadspark
672,Rubenslei 36,2022-12-04,05:00:00,8,6,2,FMN 26 Stadspark
672,Rubenslei 36,2022-12-04,06:00:00,3,2,1,FMN 26 Stadspark
672,Rubenslei 36,2022-12-04,07:00:00,10,9,1,FMN 26 Stadspark
672,Rubenslei 36,2022-12-04,08:00:00,15,12,3,FMN 26 Stadspark
672,Rubenslei 36,2022-12-04,09:00:00,29,26,3,FMN 26 Stadspark
672,Rubenslei 36,2022-12-04,10:00:00,36,28,8,FMN 26 Stadspark
672,Rubenslei 36,2022-12-04,11:00:00,46,39,7,FMN 26 Stadspark
672,Rubenslei 36,2022-12-04,12:00:00,67,60,7,FMN 26 Stadspark
672,Rubenslei 36,2022-12-04,13:00:00,54,44,10,FMN 26 Stadspark
672,Rubenslei 36,2022-12-04,14:00:00,65,59,6,FMN 26 Stadspark
672,Rubenslei 36,2022-12-04,15:00:00,42,39,3,FMN 26 Stadspark
672,Rubenslei 36,2022-12-04,16:00:00,55,43,12,FMN 26 Stadspark
672,Rubenslei 36,2022-12-04,17:00:00,56,49,7,FMN 26 Stadspark
672,Rubenslei 36,2022-12-04,18:00:00,39,30,9,FMN 26 Stadspark
672,Rubenslei 36,2022-12-04,19:00:00,57,47,10,FMN 26 Stadspark
672,Rubenslei 36,2022-12-04,20:00:00,42,35,7,FMN 26 Stadspark
672,Rubenslei 36,2022-12-04,21:00:00,30,26,4,FMN 26 Stadspark
672,Rubenslei 36,2022-12-04,22:00:00,37,29,8,FMN 26 Stadspark
672,Rubenslei 36,2022-12-04,23:00:00,13,8,5,FMN 26 Stadspark
672,Rubenslei 36,2022-12-05,00:00:00,7,6,1,FMN 26 Stadspark
672,Rubenslei 36,2022-12-05,01:00:00,4,3,1,FMN 26 Stadspark
672,Rubenslei 36,2022-12-05,02:00:00,1,1,0,FMN 26 Stadspark
672,Rubenslei 36,2022-12-05,03:00:00,0,0,0,FMN 26 Stadspark
672,Rubenslei 36,2022-12-05,04:00:00,6,6,0,FMN 26 Stadspark
672,Rubenslei 36,2022-12-05,05:00:00,9,8,1,FMN 26 Stadspark
672,Rubenslei 36,2022-12-05,06:00:00,33,31,2,FMN 26 Stadspark
672,Rubenslei 36,2022-12-05,07:00:00,107,98,9,FMN 26 Stadspark
672,Rubenslei 36,2022-12-05,08:00:00,259,242,17,FMN 26 Stadspark
672,Rubenslei 36,2022-12-05,09:00:00,127,122,5,FMN 26 Stadspark
672,Rubenslei 36,2022-12-05,10:00:00,79,74,5,FMN 26 Stadspark
672,Rubenslei 36,2022-12-05,11:00:00,71,70,1,FMN 26 Stadspark
672,Rubenslei 36,2022-12-05,12:00:00,108,104,4,FMN 26 Stadspark
672,Rubenslei 36,2022-12-05,13:00:00,101,91,10,FMN 26 Stadspark
672,Rubenslei 36,2022-12-05,14:00:00,84,69,15,FMN 26 Stadspark
672,Rubenslei 36,2022-12-05,15:00:00,149,134,15,FMN 26 Stadspark
672,Rubenslei 36,2022-12-05,16:00:00,178,160,18,FMN 26 Stadspark
672,Rubenslei 36,2022-12-05,17:00:00,172,148,24,FMN 26 Stadspark
672,Rubenslei 36,2022-12-05,18:00:00,138,115,23,FMN 26 Stadspark
672,Rubenslei 36,2022-12-05,19:00:00,96,84,12,FMN 26 Stadspark
672,Rubenslei 36,2022-12-05,20:00:00,59,49,10,FMN 26 Stadspark
672,Rubenslei 36,2022-12-05,21:00:00,42,31,11,FMN 26 Stadspark
672,Rubenslei 36,2022-12-05,22:00:00,23,21,2,FMN 26 Stadspark
672,Rubenslei 36,2022-12-05,23:00:00,27,24,3,FMN 26 Stadspark
672,Rubenslei 36,2022-12-06,00:00:00,9,8,1,FMN 26 Stadspark
672,Rubenslei 36,2022-12-06,01:00:00,5,2,3,FMN 26 Stadspark
672,Rubenslei 36,2022-12-06,02:00:00,3,2,1,FMN 26 Stadspark
672,Rubenslei 36,2022-12-06,03:00:00,2,2,0,FMN 26 Stadspark
672,Rubenslei 36,2022-12-06,04:00:00,4,4,0,FMN 26 Stadspark
672,Rubenslei 36,2022-12-06,05:00:00,17,15,2,FMN 26 Stadspark
672,Rubenslei 36,2022-12-06,06:00:00,48,44,4,FMN 26 Stadspark
672,Rubenslei 36,2022-12-06,07:00:00,118,108,10,FMN 26 Stadspark
672,Rubenslei 36,2022-12-06,08:00:00,342,309,33,FMN 26 Stadspark
672,Rubenslei 36,2022-12-06,09:00:00,146,136,10,FMN 26 Stadspark
672,Rubenslei 36,2022-12-06,10:00:00,98,90,8,FMN 26 Stadspark
672,Rubenslei 36,2022-12-06,11:00:00,88,79,9,FMN 26 Stadspark
672,Rubenslei 36,2022-12-06,12:00:00,135,121,14,FMN 26 Stadspark
672,Rubenslei 36,2022-12-06,13:00:00,123,110,13,FMN 26 Stadspark
672,Rubenslei 36,2022-12-06,14:00:00,133,117,16,FMN 26 Stadspark
672,Rubenslei 36,2022-12-06,15:00:00,152,140,12,FMN 26 Stadspark
672,Rubenslei 36,2022-12-06,16:00:00,182,156,26,FMN 26 Stadspark
672,Rubenslei 36,2022-12-06,17:00:00,210,183,27,FMN 26 Stadspark
672,Rubenslei 36,2022-12-06,18:00:00,132,114,18,FMN 26 Stadspark
672,Rubenslei 36,2022-12-06,19:00:00,106,92,14,FMN 26 Stadspark
672,Rubenslei 36,2022-12-06,20:00:00,63,50,13,FMN 26 Stadspark
672,Rubenslei 36,2022-12-06,21:00:00,51,42,9,FMN 26 Stadspark
672,Rubenslei 36,2022-12-06,22:00:00,42,36,6,FMN 26 Stadspark
672,Rubenslei 36,2022-12-06,23:00:00,18,13,5,FMN 26 Stadspark
672,Rubenslei 36,2022-12-07,00:00:00,14,11,3,FMN 26 Stadspark
672,Rubenslei 36,2022-12-07,01:00:00,6,2,4,FMN 26 Stadspark
672,Rubenslei 36,2022-12-07,02:00:00,4,2,2,FMN 26 Stadspark
672,Rubenslei 36,2022-12-07,03:00:00,3,3,0,FMN 26 Stadspark
672,Rubenslei 36,2022-12-07,04:00:00,7,7,0,FMN 26 Stadspark
672,Rubenslei 36,2022-12-07,05:00:00,10,9,1,FMN 26 Stadspark
672,Rubenslei 36,2022-12-07,06:00:00,38,29,9,FMN 26 Stadspark
672,Rubenslei 36,2022-12-07,07:00:00,108,102,6,FMN 26 Stadspark
672,Rubenslei 36,2022-12-07,08:00:00,314,289,25,FMN 26 Stadspark
672,Rubenslei 36,2022-12-07,09:00:00,137,127,10,FMN 26 Stadspark
672,Rubenslei 36,2022-12-07,10:00:00,102,98,4,FMN 26 Stadspark
672,Rubenslei 36,2022-12-07,11:00:00,107,94,13,FMN 26 Stadspark
672,Rubenslei 36,2022-12-07,12:00:00,186,164,22,FMN 26 Stadspark
672,Rubenslei 36,2022-12-07,13:00:00,109,101,8,FMN 26 Stadspark
672,Rubenslei 36,2022-12-07,14:00:00,99,89,10,FMN 26 Stadspark
672,Rubenslei 36,2022-12-07,15:00:00,131,120,11,FMN 26 Stadspark
672,Rubenslei 36,2022-12-07,16:00:00,169,156,13,FMN 26 Stadspark
672,Rubenslei 36,2022-12-07,17:00:00,164,138,26,FMN 26 Stadspark
672,Rubenslei 36,2022-12-07,18:00:00,130,118,12,FMN 26 Stadspark
672,Rubenslei 36,2022-12-07,19:00:00,108,85,23,FMN 26 Stadspark
672,Rubenslei 36,2022-12-07,20:00:00,63,51,12,FMN 26 Stadspark
672,Rubenslei 36,2022-12-07,21:00:00,50,43,7,FMN 26 Stadspark
672,Rubenslei 36,2022-12-07,22:00:00,55,49,6,FMN 26 Stadspark
672,Rubenslei 36,2022-12-07,23:00:00,26,17,9,FMN 26 Stadspark
672,Rubenslei 36,2022-12-08,00:00:00,18,12,6,FMN 26 Stadspark
672,Rubenslei 36,2022-12-08,01:00:00,5,2,3,FMN 26 Stadspark
672,Rubenslei 36,2022-12-08,02:00:00,2,1,1,FMN 26 Stadspark
672,Rubenslei 36,2022-12-08,03:00:00,5,2,3,FMN 26 Stadspark
672,Rubenslei 36,2022-12-08,04:00:00,5,4,1,FMN 26 Stadspark
672,Rubenslei 36,2022-12-08,05:00:00,17,15,2,FMN 26 Stadspark
672,Rubenslei 36,2022-12-08,06:00:00,33,32,1,FMN 26 Stadspark
672,Rubenslei 36,2022-12-08,07:00:00,133,127,6,FMN 26 Stadspark
672,Rubenslei 36,2022-12-08,08:00:00,307,292,15,FMN 26 Stadspark
672,Rubenslei 36,2022-12-08,09:00:00,117,112,5,FMN 26 Stadspark
672,Rubenslei 36,2022-12-08,10:00:00,110,104,6,FMN 26 Stadspark
672,Rubenslei 36,2022-12-08,11:00:00,76,70,6,FMN 26 Stadspark
672,Rubenslei 36,2022-12-08,12:00:00,152,133,19,FMN 26 Stadspark
672,Rubenslei 36,2022-12-08,13:00:00,103,92,11,FMN 26 Stadspark
672,Rubenslei 36,2022-12-08,14:00:00,78,65,13,FMN 26 Stadspark
672,Rubenslei 36,2022-12-08,15:00:00,134,121,13,FMN 26 Stadspark
672,Rubenslei 36,2022-12-08,16:00:00,194,168,26,FMN 26 Stadspark
672,Rubenslei 36,2022-12-08,17:00:00,188,164,24,FMN 26 Stadspark
672,Rubenslei 36,2022-12-08,18:00:00,115,102,13,FMN 26 Stadspark
672,Rubenslei 36,2022-12-08,19:00:00,115,95,20,FMN 26 Stadspark
672,Rubenslei 36,2022-12-08,20:00:00,60,51,9,FMN 26 Stadspark
672,Rubenslei 36,2022-12-08,21:00:00,58,49,9,FMN 26 Stadspark
672,Rubenslei 36,2022-12-08,22:00:00,45,39,6,FMN 26 Stadspark
672,Rubenslei 36,2022-12-08,23:00:00,28,21,7,FMN 26 Stadspark
672,Rubenslei 36,2022-12-09,00:00:00,20,15,5,FMN 26 Stadspark
672,Rubenslei 36,2022-12-09,01:00:00,7,1,6,FMN 26 Stadspark
672,Rubenslei 36,2022-12-09,02:00:00,2,1,1,FMN 26 Stadspark
672,Rubenslei 36,2022-12-09,03:00:00,1,1,0,FMN 26 Stadspark
672,Rubenslei 36,2022-12-09,04:00:00,8,7,1,FMN 26 Stadspark
672,Rubenslei 36,2022-12-09,05:00:00,11,11,0,FMN 26 Stadspark
672,Rubenslei 36,2022-12-09,06:00:00,29,28,1,FMN 26 Stadspark
672,Rubenslei 36,2022-12-09,07:00:00,83,78,5,FMN 26 Stadspark
672,Rubenslei 36,2022-12-09,08:00:00,217,204,13,FMN 26 Stadspark
672,Rubenslei 36,2022-12-09,09:00:00,99,97,2,FMN 26 Stadspark
672,Rubenslei 36,2022-12-09,10:00:00,64,55,9,FMN 26 Stadspark
672,Rubenslei 36,2022-12-09,11:00:00,71,65,6,FMN 26 Stadspark
672,Rubenslei 36,2022-12-09,12:00:00,112,103,9,FMN 26 Stadspark
672,Rubenslei 36,2022-12-09,13:00:00,107,94,13,FMN 26 Stadspark
672,Rubenslei 36,2022-12-09,14:00:00,120,102,18,FMN 26 Stadspark
672,Rubenslei 36,2022-12-09,15:00:00,167,153,14,FMN 26 Stadspark
672,Rubenslei 36,2022-12-09,16:00:00,175,152,23,FMN 26 Stadspark
672,Rubenslei 36,2022-12-09,17:00:00,99,80,19,FMN 26 Stadspark
672,Rubenslei 36,2022-12-09,18:00:00,104,87,17,FMN 26 Stadspark
672,Rubenslei 36,2022-12-09,19:00:00,78,61,17,FMN 26 Stadspark
672,Rubenslei 36,2022-12-09,20:00:00,64,54,10,FMN 26 Stadspark
672,Rubenslei 36,2022-12-09,21:00:00,47,39,8,FMN 26 Stadspark
672,Rubenslei 36,2022-12-09,22:00:00,27,18,9,FMN 26 Stadspark
672,Rubenslei 36,2022-12-09,23:00:00,28,16,12,FMN 26 Stadspark
672,Rubenslei 36,2022-12-10,00:00:00,20,19,1,FMN 26 Stadspark
672,Rubenslei 36,2022-12-10,01:00:00,41,37,4,FMN 26 Stadspark
672,Rubenslei 36,2022-12-10,02:00:00,24,18,6,FMN 26 Stadspark
672,Rubenslei 36,2022-12-10,03:00:00,11,6,5,FMN 26 Stadspark
672,Rubenslei 36,2022-12-10,04:00:00,12,3,9,FMN 26 Stadspark
672,Rubenslei 36,2022-12-10,05:00:00,11,6,5,FMN 26 Stadspark
672,Rubenslei 36,2022-12-10,06:00:00,15,9,6,FMN 26 Stadspark
672,Rubenslei 36,2022-12-10,07:00:00,17,16,1,FMN 26 Stadspark
672,Rubenslei 36,2022-12-10,08:00:00,36,34,2,FMN 26 Stadspark
672,Rubenslei 36,2022-12-10,09:00:00,66,57,9,FMN 26 Stadspark
672,Rubenslei 36,2022-12-10,10:00:00,79,68,11,FMN 26 Stadspark
672,Rubenslei 36,2022-12-10,11:00:00,90,80,10,FMN 26 Stadspark
672,Rubenslei 36,2022-12-10,12:00:00,95,87,8,FMN 26 Stadspark
672,Rubenslei 36,2022-12-10,13:00:00,89,77,12,FMN 26 Stadspark
672,Rubenslei 36,2022-12-10,14:00:00,101,93,8,FMN 26 Stadspark
672,Rubenslei 36,2022-12-10,15:00:00,108,94,14,FMN 26 Stadspark
672,Rubenslei 36,2022-12-10,16:00:00,77,70,7,FMN 26 Stadspark
672,Rubenslei 36,2022-12-10,17:00:00,85,69,16,FMN 26 Stadspark
672,Rubenslei 36,2022-12-10,18:00:00,105,84,21,FMN 26 Stadspark
672,Rubenslei 36,2022-12-10,19:00:00,64,56,8,FMN 26 Stadspark
672,Rubenslei 36,2022-12-10,20:00:00,69,56,13,FMN 26 Stadspark
672,Rubenslei 36,2022-12-10,21:00:00,43,34,9,FMN 26 Stadspark
672,Rubenslei 36,2022-12-10,22:00:00,34,27,7,FMN 26 Stadspark
672,Rubenslei 36,2022-12-10,23:00:00,38,27,11,FMN 26 Stadspark
672,Rubenslei 36,2022-12-11,00:00:00,24,18,6,FMN 26 Stadspark
672,Rubenslei 36,2022-12-11,01:00:00,17,14,3,FMN 26 Stadspark
672,Rubenslei 36,2022-12-11,02:00:00,14,11,3,FMN 26 Stadspark
672,Rubenslei 36,2022-12-11,03:00:00,8,3,5,FMN 26 Stadspark
672,Rubenslei 36,2022-12-11,04:00:00,16,9,7,FMN 26 Stadspark
672,Rubenslei 36,2022-12-11,05:00:00,8,6,2,FMN 26 Stadspark
672,Rubenslei 36,2022-12-11,06:00:00,8,7,1,FMN 26 Stadspark
672,Rubenslei 36,2022-12-11,07:00:00,12,11,1,FMN 26 Stadspark
672,Rubenslei 36,2022-12-11,08:00:00,23,23,0,FMN 26 Stadspark
672,Rubenslei 36,2022-12-11,09:00:00,18,16,2,FMN 26 Stadspark
672,Rubenslei 36,2022-12-11,10:00:00,51,47,4,FMN 26 Stadspark
672,Rubenslei 36,2022-12-11,11:00:00,47,45,2,FMN 26 Stadspark
672,Rubenslei 36,2022-12-11,12:00:00,62,57,5,FMN 26 Stadspark
672,Rubenslei 36,2022-12-11,13:00:00,48,42,6,FMN 26 Stadspark
672,Rubenslei 36,2022-12-11,14:00:00,68,61,7,FMN 26 Stadspark
672,Rubenslei 36,2022-12-11,15:00:00,49,43,6,FMN 26 Stadspark
672,Rubenslei 36,2022-12-11,16:00:00,49,40,9,FMN 26 Stadspark
672,Rubenslei 36,2022-12-11,17:00:00,49,37,12,FMN 26 Stadspark
672,Rubenslei 36,2022-12-11,18:00:00,54,46,8,FMN 26 Stadspark
672,Rubenslei 36,2022-12-11,19:00:00,58,39,19,FMN 26 Stadspark
672,Rubenslei 36,2022-12-11,20:00:00,39,35,4,FMN 26 Stadspark
672,Rubenslei 36,2022-12-11,21:00:00,28,22,6,FMN 26 Stadspark
672,Rubenslei 36,2022-12-11,22:00:00,16,9,7,FMN 26 Stadspark
672,Rubenslei 36,2022-12-11,23:00:00,14,10,4,FMN 26 Stadspark
672,Rubenslei 36,2022-12-12,00:00:00,5,4,1,FMN 26 Stadspark
672,Rubenslei 36,2022-12-12,01:00:00,3,1,2,FMN 26 Stadspark
672,Rubenslei 36,2022-12-12,02:00:00,0,0,0,FMN 26 Stadspark
672,Rubenslei 36,2022-12-12,03:00:00,1,1,0,FMN 26 Stadspark
672,Rubenslei 36,2022-12-12,04:00:00,3,3,0,FMN 26 Stadspark
672,Rubenslei 36,2022-12-12,05:00:00,6,6,0,FMN 26 Stadspark
672,Rubenslei 36,2022-12-12,06:00:00,22,20,2,FMN 26 Stadspark
672,Rubenslei 36,2022-12-12,07:00:00,69,59,10,FMN 26 Stadspark
672,Rubenslei 36,2022-12-12,08:00:00,166,152,14,FMN 26 Stadspark
672,Rubenslei 36,2022-12-12,09:00:00,68,63,5,FMN 26 Stadspark
672,Rubenslei 36,2022-12-12,10:00:00,57,50,7,FMN 26 Stadspark
672,Rubenslei 36,2022-12-12,11:00:00,62,55,7,FMN 26 Stadspark
672,Rubenslei 36,2022-12-12,12:00:00,78,73,5,FMN 26 Stadspark
672,Rubenslei 36,2022-12-12,13:00:00,63,54,9,FMN 26 Stadspark
672,Rubenslei 36,2022-12-12,14:00:00,67,60,7,FMN 26 Stadspark
672,Rubenslei 36,2022-12-12,15:00:00,101,92,9,FMN 26 Stadspark
672,Rubenslei 36,2022-12-12,16:00:00,141,126,15,FMN 26 Stadspark
672,Rubenslei 36,2022-12-12,17:00:00,130,113,17,FMN 26 Stadspark
672,Rubenslei 36,2022-12-12,18:00:00,75,66,9,FMN 26 Stadspark
672,Rubenslei 36,2022-12-12,19:00:00,53,39,14,FMN 26 Stadspark
672,Rubenslei 36,2022-12-12,20:00:00,39,30,9,FMN 26 Stadspark
672,Rubenslei 36,2022-12-12,21:00:00,25,16,9,FMN 26 Stadspark
672,Rubenslei 36,2022-12-12,22:00:00,20,15,5,FMN 26 Stadspark
672,Rubenslei 36,2022-12-12,23:00:00,11,11,0,FMN 26 Stadspark
672,Rubenslei 36,2022-12-13,00:00:00,3,3,0,FMN 26 Stadspark
672,Rubenslei 36,2022-12-13,01:00:00,4,3,1,FMN 26 Stadspark
672,Rubenslei 36,2022-12-13,02:00:00,1,1,0,FMN 26 Stadspark
672,Rubenslei 36,2022-12-13,03:00:00,1,1,0,FMN 26 Stadspark
672,Rubenslei 36,2022-12-13,04:00:00,10,8,2,FMN 26 Stadspark
672,Rubenslei 36,2022-12-13,05:00:00,12,11,1,FMN 26 Stadspark
672,Rubenslei 36,2022-12-13,06:00:00,29,25,4,FMN 26 Stadspark
672,Rubenslei 36,2022-12-13,07:00:00,123,114,9,FMN 26 Stadspark
672,Rubenslei 36,2022-12-13,08:00:00,232,226,6,FMN 26 Stadspark
672,Rubenslei 36,2022-12-13,09:00:00,116,112,4,FMN 26 Stadspark
672,Rubenslei 36,2022-12-13,10:00:00,78,75,3,FMN 26 Stadspark
672,Rubenslei 36,2022-12-13,11:00:00,77,70,7,FMN 26 Stadspark
672,Rubenslei 36,2022-12-13,12:00:00,129,122,7,FMN 26 Stadspark
672,Rubenslei 36,2022-12-13,13:00:00,102,95,7,FMN 26 Stadspark
672,Rubenslei 36,2022-12-13,14:00:00,85,80,5,FMN 26 Stadspark
672,Rubenslei 36,2022-12-13,15:00:00,134,118,16,FMN 26 Stadspark
672,Rubenslei 36,2022-12-13,16:00:00,135,126,9,FMN 26 Stadspark
672,Rubenslei 36,2022-12-13,17:00:00,146,127,19,FMN 26 Stadspark
672,Rubenslei 36,2022-12-13,18:00:00,130,113,17,FMN 26 Stadspark
672,Rubenslei 36,2022-12-13,19:00:00,71,61,10,FMN 26 Stadspark
672,Rubenslei 36,2022-12-13,20:00:00,43,35,8,FMN 26 Stadspark
672,Rubenslei 36,2022-12-13,21:00:00,39,31,8,FMN 26 Stadspark
672,Rubenslei 36,2022-12-13,22:00:00,39,32,7,FMN 26 Stadspark
672,Rubenslei 36,2022-12-13,23:00:00,23,18,5,FMN 26 Stadspark
672,Rubenslei 36,2022-12-14,00:00:00,7,6,1,FMN 26 Stadspark
672,Rubenslei 36,2022-12-14,01:00:00,7,5,2,FMN 26 Stadspark
672,Rubenslei 36,2022-12-14,02:00:00,0,0,0,FMN 26 Stadspark
672,Rubenslei 36,2022-12-14,03:00:00,1,1,0,FMN 26 Stadspark
672,Rubenslei 36,2022-12-14,04:00:00,5,5,0,FMN 26 Stadspark
672,Rubenslei 36,2022-12-14,05:00:00,13,11,2,FMN 26 Stadspark
672,Rubenslei 36,2022-12-14,06:00:00,28,25,3,FMN 26 Stadspark
672,Rubenslei 36,2022-12-14,07:00:00,94,87,7,FMN 26 Stadspark
672,Rubenslei 36,2022-12-14,08:00:00,233,219,14,FMN 26 Stadspark
672,Rubenslei 36,2022-12-14,09:00:00,91,87,4,FMN 26 Stadspark
672,Rubenslei 36,2022-12-14,10:00:00,76,70,6,FMN 26 Stadspark
672,Rubenslei 36,2022-12-14,11:00:00,68,58,10,FMN 26 Stadspark
672,Rubenslei 36,2022-12-14,12:00:00,138,130,8,FMN 26 Stadspark
672,Rubenslei 36,2022-12-14,13:00:00,99,92,7,FMN 26 Stadspark
672,Rubenslei 36,2022-12-14,14:00:00,94,89,5,FMN 26 Stadspark
672,Rubenslei 36,2022-12-14,15:00:00,88,79,9,FMN 26 Stadspark
672,Rubenslei 36,2022-12-14,16:00:00,147,133,14,FMN 26 Stadspark
672,Rubenslei 36,2022-12-14,17:00:00,140,129,11,FMN 26 Stadspark
672,Rubenslei 36,2022-12-14,18:00:00,106,89,17,FMN 26 Stadspark
672,Rubenslei 36,2022-12-14,19:00:00,85,67,18,FMN 26 Stadspark
672,Rubenslei 36,2022-12-14,20:00:00,41,37,4,FMN 26 Stadspark
672,Rubenslei 36,2022-12-14,21:00:00,31,26,5,FMN 26 Stadspark
672,Rubenslei 36,2022-12-14,22:00:00,30,25,5,FMN 26 Stadspark
672,Rubenslei 36,2022-12-14,23:00:00,23,17,6,FMN 26 Stadspark
672,Rubenslei 36,2022-12-15,00:00:00,6,4,2,FMN 26 Stadspark
672,Rubenslei 36,2022-12-15,01:00:00,5,4,1,FMN 26 Stadspark
672,Rubenslei 36,2022-12-15,02:00:00,2,2,0,FMN 26 Stadspark
672,Rubenslei 36,2022-12-15,03:00:00,2,1,1,FMN 26 Stadspark
672,Rubenslei 36,2022-12-15,04:00:00,4,4,0,FMN 26 Stadspark
672,Rubenslei 36,2022-12-15,05:00:00,10,9,1,FMN 26 Stadspark
672,Rubenslei 36,2022-12-15,06:00:00,23,21,2,FMN 26 Stadspark
672,Rubenslei 36,2022-12-15,07:00:00,105,97,8,FMN 26 Stadspark
672,Rubenslei 36,2022-12-15,08:00:00,236,225,11,FMN 26 Stadspark
672,Rubenslei 36,2022-12-15,09:00:00,98,90,8,FMN 26 Stadspark
672,Rubenslei 36,2022-12-15,10:00:00,85,78,7,FMN 26 Stadspark
672,Rubenslei 36,2022-12-15,11:00:00,77,70,7,FMN 26 Stadspark
672,Rubenslei 36,2022-12-15,12:00:00,115,101,14,FMN 26 Stadspark
672,Rubenslei 36,2022-12-15,13:00:00,91,83,8,FMN 26 Stadspark
672,Rubenslei 36,2022-12-15,14:00:00,70,63,7,FMN 26 Stadspark
672,Rubenslei 36,2022-12-15,15:00:00,137,127,10,FMN 26 Stadspark
672,Rubenslei 36,2022-12-15,16:00:00,155,141,14,FMN 26 Stadspark
672,Rubenslei 36,2022-12-15,17:00:00,166,144,22,FMN 26 Stadspark
672,Rubenslei 36,2022-12-15,18:00:00,138,115,23,FMN 26 Stadspark
672,Rubenslei 36,2022-12-15,19:00:00,83,73,10,FMN 26 Stadspark
672,Rubenslei 36,2022-12-15,20:00:00,58,45,13,FMN 26 Stadspark
672,Rubenslei 36,2022-12-15,21:00:00,67,54,13,FMN 26 Stadspark
672,Rubenslei 36,2022-12-15,22:00:00,29,23,6,FMN 26 Stadspark
672,Rubenslei 36,2022-12-15,23:00:00,32,20,12,FMN 26 Stadspark
672,Rubenslei 36,2022-12-16,00:00:00,16,11,5,FMN 26 Stadspark
672,Rubenslei 36,2022-12-16,01:00:00,5,3,2,FMN 26 Stadspark
672,Rubenslei 36,2022-12-16,02:00:00,10,7,3,FMN 26 Stadspark
672,Rubenslei 36,2022-12-16,03:00:00,2,2,0,FMN 26 Stadspark
672,Rubenslei 36,2022-12-16,04:00:00,3,3,0,FMN 26 Stadspark
672,Rubenslei 36,2022-12-16,05:00:00,18,16,2,FMN 26 Stadspark
672,Rubenslei 36,2022-12-16,06:00:00,33,27,6,FMN 26 Stadspark
672,Rubenslei 36,2022-12-16,07:00:00,89,86,3,FMN 26 Stadspark
672,Rubenslei 36,2022-12-16,08:00:00,250,237,13,FMN 26 Stadspark
672,Rubenslei 36,2022-12-16,09:00:00,133,123,10,FMN 26 Stadspark
672,Rubenslei 36,2022-12-16,10:00:00,110,102,8,FMN 26 Stadspark
672,Rubenslei 36,2022-12-16,11:00:00,78,69,9,FMN 26 Stadspark
672,Rubenslei 36,2022-12-16,12:00:00,135,123,12,FMN 26 Stadspark
672,Rubenslei 36,2022-12-16,13:00:00,134,121,13,FMN 26 Stadspark
672,Rubenslei 36,2022-12-16,14:00:00,128,116,12,FMN 26 Stadspark
672,Rubenslei 36,2022-12-16,15:00:00,142,121,21,FMN 26 Stadspark
672,Rubenslei 36,2022-12-16,16:00:00,168,151,17,FMN 26 Stadspark
672,Rubenslei 36,2022-12-16,17:00:00,190,158,32,FMN 26 Stadspark
672,Rubenslei 36,2022-12-16,18:00:00,145,124,21,FMN 26 Stadspark
672,Rubenslei 36,2022-12-16,19:00:00,104,87,17,FMN 26 Stadspark
672,Rubenslei 36,2022-12-16,20:00:00,70,57,13,FMN 26 Stadspark
672,Rubenslei 36,2022-12-16,21:00:00,53,43,10,FMN 26 Stadspark
672,Rubenslei 36,2022-12-16,22:00:00,37,32,5,FMN 26 Stadspark
672,Rubenslei 36,2022-12-16,23:00:00,27,21,6,FMN 26 Stadspark
672,Rubenslei 36,2022-12-17,00:00:00,20,18,2,FMN 26 Stadspark
672,Rubenslei 36,2022-12-17,01:00:00,23,17,6,FMN 26 Stadspark
672,Rubenslei 36,2022-12-17,02:00:00,11,7,4,FMN 26 Stadspark
672,Rubenslei 36,2022-12-17,03:00:00,15,11,4,FMN 26 Stadspark
672,Rubenslei 36,2022-12-17,04:00:00,6,5,1,FMN 26 Stadspark
672,Rubenslei 36,2022-12-17,05:00:00,8,5,3,FMN 26 Stadspark
672,Rubenslei 36,2022-12-17,06:00:00,14,10,4,FMN 26 Stadspark
672,Rubenslei 36,2022-12-17,07:00:00,16,14,2,FMN 26 Stadspark
672,Rubenslei 36,2022-12-17,08:00:00,18,18,0,FMN 26 Stadspark
672,Rubenslei 36,2022-12-17,09:00:00,56,53,3,FMN 26 Stadspark
672,Rubenslei 36,2022-12-17,10:00:00,48,44,4,FMN 26 Stadspark
672,Rubenslei 36,2022-12-17,11:00:00,53,39,14,FMN 26 Stadspark
672,Rubenslei 36,2022-12-17,12:00:00,77,69,8,FMN 26 Stadspark
672,Rubenslei 36,2022-12-17,13:00:00,92,83,9,FMN 26 Stadspark
672,Rubenslei 36,2022-12-17,14:00:00,96,83,13,FMN 26 Stadspark
672,Rubenslei 36,2022-12-17,15:00:00,83,71,12,FMN 26 Stadspark
672,Rubenslei 36,2022-12-17,16:00:00,67,54,13,FMN 26 Stadspark
672,Rubenslei 36,2022-12-17,17:00:00,64,51,13,FMN 26 Stadspark
672,Rubenslei 36,2022-12-17,18:00:00,60,54,6,FMN 26 Stadspark
672,Rubenslei 36,2022-12-17,19:00:00,81,67,14,FMN 26 Stadspark
672,Rubenslei 36,2022-12-17,20:00:00,51,39,12,FMN 26 Stadspark
672,Rubenslei 36,2022-12-17,21:00:00,36,29,7,FMN 26 Stadspark
672,Rubenslei 36,2022-12-17,22:00:00,33,26,7,FMN 26 Stadspark
672,Rubenslei 36,2022-12-17,23:00:00,27,18,9,FMN 26 Stadspark
672,Rubenslei 36,2022-12-18,00:00:00,22,20,2,FMN 26 Stadspark
672,Rubenslei 36,2022-12-18,01:00:00,38,32,6,FMN 26 Stadspark
672,Rubenslei 36,2022-12-18,02:00:00,18,11,7,FMN 26 Stadspark
672,Rubenslei 36,2022-12-18,03:00:00,11,5,6,FMN 26 Stadspark
672,Rubenslei 36,2022-12-18,04:00:00,13,4,9,FMN 26 Stadspark
672,Rubenslei 36,2022-12-18,05:00:00,11,5,6,FMN 26 Stadspark
672,Rubenslei 36,2022-12-18,06:00:00,15,7,8,FMN 26 Stadspark
672,Rubenslei 36,2022-12-18,07:00:00,14,12,2,FMN 26 Stadspark
672,Rubenslei 36,2022-12-18,08:00:00,14,12,2,FMN 26 Stadspark
672,Rubenslei 36,2022-12-18,09:00:00,31,28,3,FMN 26 Stadspark
672,Rubenslei 36,2022-12-18,10:00:00,41,34,7,FMN 26 Stadspark
672,Rubenslei 36,2022-12-18,11:00:00,66,57,9,FMN 26 Stadspark
672,Rubenslei 36,2022-12-18,12:00:00,56,52,4,FMN 26 Stadspark
672,Rubenslei 36,2022-12-18,13:00:00,76,63,13,FMN 26 Stadspark
672,Rubenslei 36,2022-12-18,14:00:00,64,53,11,FMN 26 Stadspark
672,Rubenslei 36,2022-12-18,15:00:00,65,57,8,FMN 26 Stadspark
672,Rubenslei 36,2022-12-18,16:00:00,55,48,7,FMN 26 Stadspark
672,Rubenslei 36,2022-12-18,17:00:00,36,29,7,FMN 26 Stadspark
672,Rubenslei 36,2022-12-18,18:00:00,39,32,7,FMN 26 Stadspark
672,Rubenslei 36,2022-12-18,19:00:00,45,34,11,FMN 26 Stadspark
672,Rubenslei 36,2022-12-18,20:00:00,34,30,4,FMN 26 Stadspark
672,Rubenslei 36,2022-12-18,21:00:00,31,28,3,FMN 26 Stadspark
672,Rubenslei 36,2022-12-18,22:00:00,29,22,7,FMN 26 Stadspark
672,Rubenslei 36,2022-12-18,23:00:00,15,8,7,FMN 26 Stadspark
672,Rubenslei 36,2022-12-19,00:00:00,14,8,6,FMN 26 Stadspark
672,Rubenslei 36,2022-12-19,01:00:00,3,0,3,FMN 26 Stadspark
672,Rubenslei 36,2022-12-19,02:00:00,2,2,0,FMN 26 Stadspark
672,Rubenslei 36,2022-12-19,03:00:00,0,0,0,FMN 26 Stadspark
672,Rubenslei 36,2022-12-19,04:00:00,6,6,0,FMN 26 Stadspark
672,Rubenslei 36,2022-12-19,05:00:00,15,14,1,FMN 26 Stadspark
672,Rubenslei 36,2022-12-19,06:00:00,28,24,4,FMN 26 Stadspark
672,Rubenslei 36,2022-12-19,07:00:00,94,82,12,FMN 26 Stadspark
672,Rubenslei 36,2022-12-19,08:00:00,255,241,14,FMN 26 Stadspark
672,Rubenslei 36,2022-12-19,09:00:00,115,109,6,FMN 26 Stadspark
672,Rubenslei 36,2022-12-19,10:00:00,95,85,10,FMN 26 Stadspark
672,Rubenslei 36,2022-12-19,11:00:00,79,73,6,FMN 26 Stadspark
672,Rubenslei 36,2022-12-19,12:00:00,153,134,19,FMN 26 Stadspark
672,Rubenslei 36,2022-12-19,13:00:00,107,95,12,FMN 26 Stadspark
672,Rubenslei 36,2022-12-19,14:00:00,99,87,12,FMN 26 Stadspark
672,Rubenslei 36,2022-12-19,15:00:00,171,158,13,FMN 26 Stadspark
672,Rubenslei 36,2022-12-19,16:00:00,170,146,24,FMN 26 Stadspark
672,Rubenslei 36,2022-12-19,17:00:00,200,176,24,FMN 26 Stadspark
672,Rubenslei 36,2022-12-19,18:00:00,136,113,23,FMN 26 Stadspark
672,Rubenslei 36,2022-12-19,19:00:00,77,64,13,FMN 26 Stadspark
672,Rubenslei 36,2022-12-19,20:00:00,69,55,14,FMN 26 Stadspark
672,Rubenslei 36,2022-12-19,21:00:00,59,46,13,FMN 26 Stadspark
672,Rubenslei 36,2022-12-19,22:00:00,45,35,10,FMN 26 Stadspark
672,Rubenslei 36,2022-12-19,23:00:00,20,18,2,FMN 26 Stadspark
672,Rubenslei 36,2022-12-20,00:00:00,12,12,0,FMN 26 Stadspark
672,Rubenslei 36,2022-12-20,01:00:00,7,6,1,FMN 26 Stadspark
672,Rubenslei 36,2022-12-20,02:00:00,5,3,2,FMN 26 Stadspark
672,Rubenslei 36,2022-12-20,03:00:00,5,4,1,FMN 26 Stadspark
672,Rubenslei 36,2022-12-20,04:00:00,6,6,0,FMN 26 Stadspark
672,Rubenslei 36,2022-12-20,05:00:00,19,19,0,FMN 26 Stadspark
672,Rubenslei 36,2022-12-20,06:00:00,35,32,3,FMN 26 Stadspark
672,Rubenslei 36,2022-12-20,07:00:00,121,115,6,FMN 26 Stadspark
672,Rubenslei 36,2022-12-20,08:00:00,259,253,6,FMN 26 Stadspark
672,Rubenslei 36,2022-12-20,09:00:00,125,120,5,FMN 26 Stadspark
672,Rubenslei 36,2022-12-20,10:00:00,92,87,5,FMN 26 Stadspark
672,Rubenslei 36,2022-12-20,11:00:00,63,61,2,FMN 26 Stadspark
672,Rubenslei 36,2022-12-20,12:00:00,113,105,8,FMN 26 Stadspark
672,Rubenslei 36,2022-12-20,13:00:00,110,99,11,FMN 26 Stadspark
672,Rubenslei 36,2022-12-20,14:00:00,96,88,8,FMN 26 Stadspark
672,Rubenslei 36,2022-12-20,15:00:00,107,98,9,FMN 26 Stadspark
672,Rubenslei 36,2022-12-20,16:00:00,155,137,18,FMN 26 Stadspark
672,Rubenslei 36,2022-12-20,17:00:00,168,146,22,FMN 26 Stadspark
672,Rubenslei 36,2022-12-20,18:00:00,132,121,11,FMN 26 Stadspark
672,Rubenslei 36,2022-12-20,19:00:00,93,79,14,FMN 26 Stadspark
672,Rubenslei 36,2022-12-20,20:00:00,34,33,1,FMN 26 Stadspark
672,Rubenslei 36,2022-12-20,21:00:00,46,42,4,FMN 26 Stadspark
672,Rubenslei 36,2022-12-20,22:00:00,39,34,5,FMN 26 Stadspark
672,Rubenslei 36,2022-12-20,23:00:00,15,11,4,FMN 26 Stadspark
672,Rubenslei 36,2022-12-21,00:00:00,15,13,2,FMN 26 Stadspark
672,Rubenslei 36,2022-12-21,01:00:00,8,7,1,FMN 26 Stadspark
672,Rubenslei 36,2022-12-21,02:00:00,3,2,1,FMN 26 Stadspark
672,Rubenslei 36,2022-12-21,03:00:00,3,3,0,FMN 26 Stadspark
672,Rubenslei 36,2022-12-21,04:00:00,8,8,0,FMN 26 Stadspark
672,Rubenslei 36,2022-12-21,05:00:00,17,16,1,FMN 26 Stadspark
672,Rubenslei 36,2022-12-21,06:00:00,33,31,2,FMN 26 Stadspark
672,Rubenslei 36,2022-12-21,07:00:00,91,88,3,FMN 26 Stadspark
672,Rubenslei 36,2022-12-21,08:00:00,232,220,12,FMN 26 Stadspark
672,Rubenslei 36,2022-12-21,09:00:00,132,127,5,FMN 26 Stadspark
672,Rubenslei 36,2022-12-21,10:00:00,99,94,5,FMN 26 Stadspark
672,Rubenslei 36,2022-12-21,11:00:00,97,96,1,FMN 26 Stadspark
672,Rubenslei 36,2022-12-21,12:00:00,152,137,15,FMN 26 Stadspark
672,Rubenslei 36,2022-12-21,13:00:00,148,131,17,FMN 26 Stadspark
672,Rubenslei 36,2022-12-21,14:00:00,109,95,14,FMN 26 Stadspark
672,Rubenslei 36,2022-12-21,15:00:00,140,122,18,FMN 26 Stadspark
672,Rubenslei 36,2022-12-21,16:00:00,123,112,11,FMN 26 Stadspark
672,Rubenslei 36,2022-12-21,17:00:00,159,145,14,FMN 26 Stadspark
672,Rubenslei 36,2022-12-21,18:00:00,122,103,19,FMN 26 Stadspark
672,Rubenslei 36,2022-12-21,19:00:00,96,80,16,FMN 26 Stadspark
672,Rubenslei 36,2022-12-21,20:00:00,63,55,8,FMN 26 Stadspark
672,Rubenslei 36,2022-12-21,21:00:00,42,34,8,FMN 26 Stadspark
672,Rubenslei 36,2022-12-21,22:00:00,58,48,10,FMN 26 Stadspark
672,Rubenslei 36,2022-12-21,23:00:00,31,23,8,FMN 26 Stadspark
672,Rubenslei 36,2022-12-22,00:00:00,17,15,2,FMN 26 Stadspark
672,Rubenslei 36,2022-12-22,01:00:00,10,6,4,FMN 26 Stadspark
672,Rubenslei 36,2022-12-22,02:00:00,3,2,1,FMN 26 Stadspark
672,Rubenslei 36,2022-12-22,03:00:00,2,1,1,FMN 26 Stadspark
672,Rubenslei 36,2022-12-22,04:00:00,6,6,0,FMN 26 Stadspark
672,Rubenslei 36,2022-12-22,05:00:00,17,16,1,FMN 26 Stadspark
672,Rubenslei 36,2022-12-22,06:00:00,31,31,0,FMN 26 Stadspark
672,Rubenslei 36,2022-12-22,07:00:00,111,107,4,FMN 26 Stadspark
672,Rubenslei 36,2022-12-22,08:00:00,242,237,5,FMN 26 Stadspark
672,Rubenslei 36,2022-12-22,09:00:00,148,143,5,FMN 26 Stadspark
672,Rubenslei 36,2022-12-22,10:00:00,114,102,12,FMN 26 Stadspark
672,Rubenslei 36,2022-12-22,11:00:00,99,91,8,FMN 26 Stadspark
672,Rubenslei 36,2022-12-22,12:00:00,131,124,7,FMN 26 Stadspark
672,Rubenslei 36,2022-12-22,13:00:00,151,141,10,FMN 26 Stadspark
672,Rubenslei 36,2022-12-22,14:00:00,112,99,13,FMN 26 Stadspark
672,Rubenslei 36,2022-12-22,15:00:00,150,136,14,FMN 26 Stadspark
672,Rubenslei 36,2022-12-22,16:00:00,183,163,20,FMN 26 Stadspark
672,Rubenslei 36,2022-12-22,17:00:00,191,169,22,FMN 26 Stadspark
672,Rubenslei 36,2022-12-22,18:00:00,192,158,34,FMN 26 Stadspark
672,Rubenslei 36,2022-12-22,19:00:00,138,112,26,FMN 26 Stadspark
672,Rubenslei 36,2022-12-22,20:00:00,77,69,8,FMN 26 Stadspark
672,Rubenslei 36,2022-12-22,21:00:00,60,49,11,FMN 26 Stadspark
672,Rubenslei 36,2022-12-22,22:00:00,50,41,9,FMN 26 Stadspark
672,Rubenslei 36,2022-12-22,23:00:00,20,17,3,FMN 26 Stadspark
672,Rubenslei 36,2022-12-23,00:00:00,17,13,4,FMN 26 Stadspark
672,Rubenslei 36,2022-12-23,01:00:00,16,11,5,FMN 26 Stadspark
672,Rubenslei 36,2022-12-23,02:00:00,7,5,2,FMN 26 Stadspark
672,Rubenslei 36,2022-12-23,03:00:00,3,0,3,FMN 26 Stadspark
672,Rubenslei 36,2022-12-23,04:00:00,9,9,0,FMN 26 Stadspark
672,Rubenslei 36,2022-12-23,05:00:00,16,14,2,FMN 26 Stadspark
672,Rubenslei 36,2022-12-23,06:00:00,23,23,0,FMN 26 Stadspark
672,Rubenslei 36,2022-12-23,07:00:00,81,77,4,FMN 26 Stadspark
672,Rubenslei 36,2022-12-23,08:00:00,195,191,4,FMN 26 Stadspark
672,Rubenslei 36,2022-12-23,09:00:00,148,143,5,FMN 26 Stadspark
672,Rubenslei 36,2022-12-23,10:00:00,119,113,6,FMN 26 Stadspark
672,Rubenslei 36,2022-12-23,11:00:00,103,92,11,FMN 26 Stadspark
672,Rubenslei 36,2022-12-23,12:00:00,102,89,13,FMN 26 Stadspark
672,Rubenslei 36,2022-12-23,13:00:00,99,88,11,FMN 26 Stadspark
672,Rubenslei 36,2022-12-23,14:00:00,96,86,10,FMN 26 Stadspark
672,Rubenslei 36,2022-12-23,15:00:00,141,125,16,FMN 26 Stadspark
672,Rubenslei 36,2022-12-23,16:00:00,113,96,17,FMN 26 Stadspark
672,Rubenslei 36,2022-12-23,17:00:00,145,130,15,FMN 26 Stadspark
672,Rubenslei 36,2022-12-23,18:00:00,100,89,11,FMN 26 Stadspark
672,Rubenslei 36,2022-12-23,19:00:00,99,87,12,FMN 26 Stadspark
672,Rubenslei 36,2022-12-23,20:00:00,66,54,12,FMN 26 Stadspark
672,Rubenslei 36,2022-12-23,21:00:00,36,28,8,FMN 26 Stadspark
672,Rubenslei 36,2022-12-23,22:00:00,38,32,6,FMN 26 Stadspark
672,Rubenslei 36,2022-12-23,23:00:00,28,23,5,FMN 26 Stadspark
672,Rubenslei 36,2022-12-24,00:00:00,35,32,3,FMN 26 Stadspark
672,Rubenslei 36,2022-12-24,01:00:00,36,30,6,FMN 26 Stadspark
672,Rubenslei 36,2022-12-24,02:00:00,26,22,4,FMN 26 Stadspark
672,Rubenslei 36,2022-12-24,03:00:00,24,9,15,FMN 26 Stadspark
672,Rubenslei 36,2022-12-24,04:00:00,9,5,4,FMN 26 Stadspark
672,Rubenslei 36,2022-12-24,05:00:00,17,12,5,FMN 26 Stadspark
672,Rubenslei 36,2022-12-24,06:00:00,20,9,11,FMN 26 Stadspark
672,Rubenslei 36,2022-12-24,07:00:00,11,9,2,FMN 26 Stadspark
672,Rubenslei 36,2022-12-24,08:00:00,35,33,2,FMN 26 Stadspark
672,Rubenslei 36,2022-12-24,09:00:00,53,50,3,FMN 26 Stadspark
672,Rubenslei 36,2022-12-24,10:00:00,106,94,12,FMN 26 Stadspark
672,Rubenslei 36,2022-12-24,11:00:00,86,79,7,FMN 26 Stadspark
672,Rubenslei 36,2022-12-24,12:00:00,116,103,13,FMN 26 Stadspark
672,Rubenslei 36,2022-12-24,13:00:00,97,84,13,FMN 26 Stadspark
672,Rubenslei 36,2022-12-24,14:00:00,112,89,23,FMN 26 Stadspark
672,Rubenslei 36,2022-12-24,15:00:00,101,89,12,FMN 26 Stadspark
672,Rubenslei 36,2022-12-24,16:00:00,68,58,10,FMN 26 Stadspark
672,Rubenslei 36,2022-12-24,17:00:00,53,39,14,FMN 26 Stadspark
672,Rubenslei 36,2022-12-24,18:00:00,42,37,5,FMN 26 Stadspark
672,Rubenslei 36,2022-12-24,19:00:00,39,34,5,FMN 26 Stadspark
672,Rubenslei 36,2022-12-24,20:00:00,19,16,3,FMN 26 Stadspark
672,Rubenslei 36,2022-12-24,21:00:00,23,18,5,FMN 26 Stadspark
672,Rubenslei 36,2022-12-24,22:00:00,30,25,5,FMN 26 Stadspark
672,Rubenslei 36,2022-12-24,23:00:00,23,21,2,FMN 26 Stadspark
672,Rubenslei 36,2022-12-25,00:00:00,25,19,6,FMN 26 Stadspark
672,Rubenslei 36,2022-12-25,01:00:00,15,15,0,FMN 26 Stadspark
672,Rubenslei 36,2022-12-25,02:00:00,18,13,5,FMN 26 Stadspark
672,Rubenslei 36,2022-12-25,03:00:00,9,6,3,FMN 26 Stadspark
672,Rubenslei 36,2022-12-25,04:00:00,11,6,5,FMN 26 Stadspark
672,Rubenslei 36,2022-12-25,05:00:00,8,6,2,FMN 26 Stadspark
672,Rubenslei 36,2022-12-25,06:00:00,2,0,2,FMN 26 Stadspark
672,Rubenslei 36,2022-12-25,07:00:00,2,1,1,FMN 26 Stadspark
672,Rubenslei 36,2022-12-25,08:00:00,17,16,1,FMN 26 Stadspark
672,Rubenslei 36,2022-12-25,09:00:00,24,21,3,FMN 26 Stadspark
672,Rubenslei 36,2022-12-25,10:00:00,19,19,0,FMN 26 Stadspark
672,Rubenslei 36,2022-12-25,11:00:00,32,31,1,FMN 26 Stadspark
672,Rubenslei 36,2022-12-25,12:00:00,21,18,3,FMN 26 Stadspark
672,Rubenslei 36,2022-12-25,13:00:00,44,40,4,FMN 26 Stadspark
672,Rubenslei 36,2022-12-25,14:00:00,40,29,11,FMN 26 Stadspark
672,Rubenslei 36,2022-12-25,15:00:00,18,15,3,FMN 26 Stadspark
672,Rubenslei 36,2022-12-25,16:00:00,24,22,2,FMN 26 Stadspark
672,Rubenslei 36,2022-12-25,17:00:00,29,25,4,FMN 26 Stadspark
672,Rubenslei 36,2022-12-25,18:00:00,38,33,5,FMN 26 Stadspark
672,Rubenslei 36,2022-12-25,19:00:00,30,19,11,FMN 26 Stadspark
672,Rubenslei 36,2022-12-25,20:00:00,15,13,2,FMN 26 Stadspark
672,Rubenslei 36,2022-12-25,21:00:00,24,16,8,FMN 26 Stadspark
672,Rubenslei 36,2022-12-25,22:00:00,28,23,5,FMN 26 Stadspark
672,Rubenslei 36,2022-12-25,23:00:00,15,12,3,FMN 26 Stadspark
672,Rubenslei 36,2022-12-26,00:00:00,6,5,1,FMN 26 Stadspark
672,Rubenslei 36,2022-12-26,01:00:00,8,7,1,FMN 26 Stadspark
672,Rubenslei 36,2022-12-26,02:00:00,6,5,1,FMN 26 Stadspark
672,Rubenslei 36,2022-12-26,03:00:00,8,7,1,FMN 26 Stadspark
672,Rubenslei 36,2022-12-26,04:00:00,6,6,0,FMN 26 Stadspark
672,Rubenslei 36,2022-12-26,05:00:00,13,11,2,FMN 26 Stadspark
672,Rubenslei 36,2022-12-26,06:00:00,16,15,1,FMN 26 Stadspark
672,Rubenslei 36,2022-12-26,07:00:00,26,25,1,FMN 26 Stadspark
672,Rubenslei 36,2022-12-26,08:00:00,47,46,1,FMN 26 Stadspark
672,Rubenslei 36,2022-12-26,09:00:00,51,49,2,FMN 26 Stadspark
672,Rubenslei 36,2022-12-26,10:00:00,56,53,3,FMN 26 Stadspark
672,Rubenslei 36,2022-12-26,11:00:00,80,73,7,FMN 26 Stadspark
672,Rubenslei 36,2022-12-26,12:00:00,51,47,4,FMN 26 Stadspark
672,Rubenslei 36,2022-12-26,13:00:00,86,78,8,FMN 26 Stadspark
672,Rubenslei 36,2022-12-26,14:00:00,65,56,9,FMN 26 Stadspark
672,Rubenslei 36,2022-12-26,15:00:00,90,85,5,FMN 26 Stadspark
672,Rubenslei 36,2022-12-26,16:00:00,97,85,12,FMN 26 Stadspark
672,Rubenslei 36,2022-12-26,17:00:00,72,59,13,FMN 26 Stadspark
672,Rubenslei 36,2022-12-26,18:00:00,73,60,13,FMN 26 Stadspark
672,Rubenslei 36,2022-12-26,19:00:00,63,54,9,FMN 26 Stadspark
672,Rubenslei 36,2022-12-26,20:00:00,30,22,8,FMN 26 Stadspark
672,Rubenslei 36,2022-12-26,21:00:00,23,17,6,FMN 26 Stadspark
672,Rubenslei 36,2022-12-26,22:00:00,26,22,4,FMN 26 Stadspark
672,Rubenslei 36,2022-12-26,23:00:00,11,10,1,FMN 26 Stadspark
672,Rubenslei 36,2022-12-27,00:00:00,8,7,1,FMN 26 Stadspark
672,Rubenslei 36,2022-12-27,01:00:00,7,7,0,FMN 26 Stadspark
672,Rubenslei 36,2022-12-27,02:00:00,7,6,1,FMN 26 Stadspark
672,Rubenslei 36,2022-12-27,03:00:00,5,4,1,FMN 26 Stadspark
672,Rubenslei 36,2022-12-27,04:00:00,8,6,2,FMN 26 Stadspark
672,Rubenslei 36,2022-12-27,05:00:00,12,11,1,FMN 26 Stadspark
672,Rubenslei 36,2022-12-27,06:00:00,28,26,2,FMN 26 Stadspark
672,Rubenslei 36,2022-12-27,07:00:00,33,29,4,FMN 26 Stadspark
672,Rubenslei 36,2022-12-27,08:00:00,73,72,1,FMN 26 Stadspark
672,Rubenslei 36,2022-12-27,09:00:00,73,72,1,FMN 26 Stadspark
672,Rubenslei 36,2022-12-27,10:00:00,67,62,5,FMN 26 Stadspark
672,Rubenslei 36,2022-12-27,11:00:00,67,61,6,FMN 26 Stadspark
672,Rubenslei 36,2022-12-27,12:00:00,89,79,10,FMN 26 Stadspark
672,Rubenslei 36,2022-12-27,13:00:00,100,96,4,FMN 26 Stadspark
672,Rubenslei 36,2022-12-27,14:00:00,84,72,12,FMN 26 Stadspark
672,Rubenslei 36,2022-12-27,15:00:00,113,95,18,FMN 26 Stadspark
672,Rubenslei 36,2022-12-27,16:00:00,130,117,13,FMN 26 Stadspark
672,Rubenslei 36,2022-12-27,17:00:00,123,109,14,FMN 26 Stadspark
672,Rubenslei 36,2022-12-27,18:00:00,89,76,13,FMN 26 Stadspark
672,Rubenslei 36,2022-12-27,19:00:00,96,82,14,FMN 26 Stadspark
672,Rubenslei 36,2022-12-27,20:00:00,51,41,10,FMN 26 Stadspark
672,Rubenslei 36,2022-12-27,21:00:00,52,46,6,FMN 26 Stadspark
672,Rubenslei 36,2022-12-27,22:00:00,41,35,6,FMN 26 Stadspark
672,Rubenslei 36,2022-12-27,23:00:00,29,21,8,FMN 26 Stadspark
672,Rubenslei 36,2022-12-28,00:00:00,9,9,0,FMN 26 Stadspark
672,Rubenslei 36,2022-12-28,01:00:00,7,3,4,FMN 26 Stadspark
672,Rubenslei 36,2022-12-28,02:00:00,2,1,1,FMN 26 Stadspark
672,Rubenslei 36,2022-12-28,03:00:00,5,1,4,FMN 26 Stadspark
672,Rubenslei 36,2022-12-28,04:00:00,8,7,1,FMN 26 Stadspark
672,Rubenslei 36,2022-12-28,05:00:00,15,11,4,FMN 26 Stadspark
672,Rubenslei 36,2022-12-28,06:00:00,27,25,2,FMN 26 Stadspark
672,Rubenslei 36,2022-12-28,07:00:00,41,38,3,FMN 26 Stadspark
672,Rubenslei 36,2022-12-28,08:00:00,72,68,4,FMN 26 Stadspark
672,Rubenslei 36,2022-12-28,09:00:00,83,77,6,FMN 26 Stadspark
672,Rubenslei 36,2022-12-28,10:00:00,71,64,7,FMN 26 Stadspark
672,Rubenslei 36,2022-12-28,11:00:00,69,63,6,FMN 26 Stadspark
672,Rubenslei 36,2022-12-28,12:00:00,84,75,9,FMN 26 Stadspark
672,Rubenslei 36,2022-12-28,13:00:00,97,84,13,FMN 26 Stadspark
672,Rubenslei 36,2022-12-28,14:00:00,78,68,10,FMN 26 Stadspark
672,Rubenslei 36,2022-12-28,15:00:00,108,100,8,FMN 26 Stadspark
672,Rubenslei 36,2022-12-28,16:00:00,84,72,12,FMN 26 Stadspark
672,Rubenslei 36,2022-12-28,17:00:00,111,91,20,FMN 26 Stadspark
672,Rubenslei 36,2022-12-28,18:00:00,72,61,11,FMN 26 Stadspark
672,Rubenslei 36,2022-12-28,19:00:00,68,62,6,FMN 26 Stadspark
672,Rubenslei 36,2022-12-28,20:00:00,42,36,6,FMN 26 Stadspark
672,Rubenslei 36,2022-12-28,21:00:00,59,46,13,FMN 26 Stadspark
672,Rubenslei 36,2022-12-28,22:00:00,32,25,7,FMN 26 Stadspark
672,Rubenslei 36,2022-12-28,23:00:00,19,16,3,FMN 26 Stadspark
672,Rubenslei 36,2022-12-29,00:00:00,27,26,1,FMN 26 Stadspark
672,Rubenslei 36,2022-12-29,01:00:00,9,6,3,FMN 26 Stadspark
672,Rubenslei 36,2022-12-29,02:00:00,7,4,3,FMN 26 Stadspark
672,Rubenslei 36,2022-12-29,03:00:00,2,1,1,FMN 26 Stadspark
672,Rubenslei 36,2022-12-29,04:00:00,11,11,0,FMN 26 Stadspark
672,Rubenslei 36,2022-12-29,05:00:00,19,17,2,FMN 26 Stadspark
672,Rubenslei 36,2022-12-29,06:00:00,22,20,2,FMN 26 Stadspark
672,Rubenslei 36,2022-12-29,07:00:00,37,35,2,FMN 26 Stadspark
672,Rubenslei 36,2022-12-29,08:00:00,75,72,3,FMN 26 Stadspark
672,Rubenslei 36,2022-12-29,09:00:00,75,69,6,FMN 26 Stadspark
672,Rubenslei 36,2022-12-29,10:00:00,62,59,3,FMN 26 Stadspark
672,Rubenslei 36,2022-12-29,11:00:00,87,76,11,FMN 26 Stadspark
672,Rubenslei 36,2022-12-29,12:00:00,93,80,13,FMN 26 Stadspark
672,Rubenslei 36,2022-12-29,13:00:00,90,81,9,FMN 26 Stadspark
672,Rubenslei 36,2022-12-29,14:00:00,95,83,12,FMN 26 Stadspark
672,Rubenslei 36,2022-12-29,15:00:00,90,75,15,FMN 26 Stadspark
672,Rubenslei 36,2022-12-29,16:00:00,109,93,16,FMN 26 Stadspark
672,Rubenslei 36,2022-12-29,17:00:00,109,89,20,FMN 26 Stadspark
672,Rubenslei 36,2022-12-29,18:00:00,105,93,12,FMN 26 Stadspark
672,Rubenslei 36,2022-12-29,19:00:00,87,77,10,FMN 26 Stadspark
672,Rubenslei 36,2022-12-29,20:00:00,62,58,4,FMN 26 Stadspark
672,Rubenslei 36,2022-12-29,21:00:00,34,28,6,FMN 26 Stadspark
672,Rubenslei 36,2022-12-29,22:00:00,33,26,7,FMN 26 Stadspark
672,Rubenslei 36,2022-12-29,23:00:00,18,16,2,FMN 26 Stadspark
672,Rubenslei 36,2022-12-30,00:00:00,14,12,2,FMN 26 Stadspark
672,Rubenslei 36,2022-12-30,01:00:00,7,7,0,FMN 26 Stadspark
672,Rubenslei 36,2022-12-30,02:00:00,6,6,0,FMN 26 Stadspark
672,Rubenslei 36,2022-12-30,03:00:00,4,4,0,FMN 26 Stadspark
672,Rubenslei 36,2022-12-30,04:00:00,10,10,0,FMN 26 Stadspark
672,Rubenslei 36,2022-12-30,05:00:00,19,18,1,FMN 26 Stadspark
672,Rubenslei 36,2022-12-30,06:00:00,23,22,1,FMN 26 Stadspark
672,Rubenslei 36,2022-12-30,07:00:00,38,34,4,FMN 26 Stadspark
672,Rubenslei 36,2022-12-30,08:00:00,45,43,2,FMN 26 Stadspark
672,Rubenslei 36,2022-12-30,09:00:00,69,64,5,FMN 26 Stadspark
672,Rubenslei 36,2022-12-30,10:00:00,96,89,7,FMN 26 Stadspark
672,Rubenslei 36,2022-12-30,11:00:00,80,72,8,FMN 26 Stadspark
672,Rubenslei 36,2022-12-30,12:00:00,74,65,9,FMN 26 Stadspark
672,Rubenslei 36,2022-12-30,13:00:00,67,58,9,FMN 26 Stadspark
672,Rubenslei 36,2022-12-30,14:00:00,59,49,10,FMN 26 Stadspark
672,Rubenslei 36,2022-12-30,15:00:00,93,85,8,FMN 26 Stadspark
672,Rubenslei 36,2022-12-30,16:00:00,99,83,16,FMN 26 Stadspark
672,Rubenslei 36,2022-12-30,17:00:00,130,110,20,FMN 26 Stadspark
672,Rubenslei 36,2022-12-30,18:00:00,92,78,14,FMN 26 Stadspark
672,Rubenslei 36,2022-12-30,19:00:00,51,43,8,FMN 26 Stadspark
672,Rubenslei 36,2022-12-30,20:00:00,0,0,0,FMN 26 Stadspark
672,Rubenslei 36,2022-12-30,21:00:00,0,0,0,FMN 26 Stadspark
672,Rubenslei 36,2022-12-30,22:00:00,0,0,0,FMN 26 Stadspark
672,Rubenslei 36,2022-12-30,23:00:00,0,0,0,FMN 26 Stadspark
672,Rubenslei 36,2022-12-31,00:00:00,35,30,5,FMN 26 Stadspark
672,Rubenslei 36,2022-12-31,01:00:00,33,24,9,FMN 26 Stadspark
672,Rubenslei 36,2022-12-31,02:00:00,18,13,5,FMN 26 Stadspark
672,Rubenslei 36,2022-12-31,03:00:00,13,5,8,FMN 26 Stadspark
672,Rubenslei 36,2022-12-31,04:00:00,7,3,4,FMN 26 Stadspark
672,Rubenslei 36,2022-12-31,05:00:00,9,5,4,FMN 26 Stadspark
672,Rubenslei 36,2022-12-31,06:00:00,14,11,3,FMN 26 Stadspark
672,Rubenslei 36,2022-12-31,07:00:00,15,15,0,FMN 26 Stadspark
672,Rubenslei 36,2022-12-31,08:00:00,28,27,1,FMN 26 Stadspark
672,Rubenslei 36,2022-12-31,09:00:00,63,59,4,FMN 26 Stadspark
672,Rubenslei 36,2022-12-31,10:00:00,69,64,5,FMN 26 Stadspark
672,Rubenslei 36,2022-12-31,11:00:00,85,69,16,FMN 26 Stadspark
672,Rubenslei 36,2022-12-31,12:00:00,80,70,10,FMN 26 Stadspark
672,Rubenslei 36,2022-12-31,13:00:00,86,75,11,FMN 26 Stadspark
672,Rubenslei 36,2022-12-31,14:00:00,104,89,15,FMN 26 Stadspark
672,Rubenslei 36,2022-12-31,15:00:00,85,70,15,FMN 26 Stadspark
672,Rubenslei 36,2022-12-31,16:00:00,75,64,11,FMN 26 Stadspark
672,Rubenslei 36,2022-12-31,17:00:00,71,57,14,FMN 26 Stadspark
672,Rubenslei 36,2022-12-31,18:00:00,68,57,11,FMN 26 Stadspark
672,Rubenslei 36,2022-12-31,19:00:00,74,65,9,FMN 26 Stadspark
672,Rubenslei 36,2022-12-31,20:00:00,50,41,9,FMN 26 Stadspark
672,Rubenslei 36,2022-12-31,21:00:00,42,35,7,FMN 26 Stadspark
672,Rubenslei 36,2022-12-31,22:00:00,34,25,9,FMN 26 Stadspark
672,Rubenslei 36,2022-12-31,23:00:00,28,24,4,FMN 26 Stadspark
672,Rubenslei 36,2023-01-01,00:00:00,35,27,8,FMN 26 Stadspark
672,Rubenslei 36,2023-01-01,01:00:00,27,21,6,FMN 26 Stadspark
672,Rubenslei 36,2023-01-01,02:00:00,19,13,6,FMN 26 Stadspark
672,Rubenslei 36,2023-01-01,03:00:00,13,8,5,FMN 26 Stadspark
672,Rubenslei 36,2023-01-01,04:00:00,12,7,5,FMN 26 Stadspark
672,Rubenslei 36,2023-01-01,05:00:00,12,8,4,FMN 26 Stadspark
672,Rubenslei 36,2023-01-01,06:00:00,11,7,4,FMN 26 Stadspark
672,Rubenslei 36,2023-01-01,07:00:00,11,10,1,FMN 26 Stadspark
672,Rubenslei 36,2023-01-01,08:00:00,21,19,2,FMN 26 Stadspark
672,Rubenslei 36,2023-01-01,09:00:00,35,32,3,FMN 26 Stadspark
672,Rubenslei 36,2023-01-01,10:00:00,52,46,6,FMN 26 Stadspark
672,Rubenslei 36,2023-01-01,11:00:00,65,58,7,FMN 26 Stadspark
672,Rubenslei 36,2023-01-01,12:00:00,68,61,7,FMN 26 Stadspark
672,Rubenslei 36,2023-01-01,13:00:00,82,73,9,FMN 26 Stadspark
672,Rubenslei 36,2023-01-01,14:00:00,80,70,10,FMN 26 Stadspark
672,Rubenslei 36,2023-01-01,15:00:00,65,56,9,FMN 26 Stadspark
672,Rubenslei 36,2023-01-01,16:00:00,64,54,10,FMN 26 Stadspark
672,Rubenslei 36,2023-01-01,17:00:00,65,55,10,FMN 26 Stadspark
672,Rubenslei 36,2023-01-01,18:00:00,63,52,11,FMN 26 Stadspark
672,Rubenslei 36,2023-01-01,19:00:00,62,49,13,FMN 26 Stadspark
672,Rubenslei 36,2023-01-01,20:00:00,43,36,7,FMN 26 Stadspark
672,Rubenslei 36,2023-01-01,21:00:00,36,29,7,FMN 26 Stadspark
672,Rubenslei 36,2023-01-01,22:00:00,32,25,7,FMN 26 Stadspark
672,Rubenslei 36,2023-01-01,23:00:00,14,10,4,FMN 26 Stadspark
672,Rubenslei 36,2023-01-02,00:00:00,7,6,1,FMN 26 Stadspark
672,Rubenslei 36,2023-01-02,01:00:00,6,3,3,FMN 26 Stadspark
672,Rubenslei 36,2023-01-02,02:00:00,3,2,1,FMN 26 Stadspark
672,Rubenslei 36,2023-01-02,03:00:00,3,3,0,FMN 26 Stadspark
672,Rubenslei 36,2023-01-02,04:00:00,7,7,0,FMN 26 Stadspark
672,Rubenslei 36,2023-01-02,05:00:00,18,17,1,FMN 26 Stadspark
672,Rubenslei 36,2023-01-02,06:00:00,37,34,3,FMN 26 Stadspark
672,Rubenslei 36,2023-01-02,07:00:00,104,97,7,FMN 26 Stadspark
672,Rubenslei 36,2023-01-02,08:00:00,273,258,15,FMN 26 Stadspark
672,Rubenslei 36,2023-01-02,09:00:00,128,121,7,FMN 26 Stadspark
672,Rubenslei 36,2023-01-02,10:00:00,86,80,6,FMN 26 Stadspark
672,Rubenslei 36,2023-01-02,11:00:00,81,75,6,FMN 26 Stadspark
672,Rubenslei 36,2023-01-02,12:00:00,114,105,9,FMN 26 Stadspark
672,Rubenslei 36,2023-01-02,13:00:00,107,96,11,FMN 26 Stadspark
672,Rubenslei 36,2023-01-02,14:00:00,96,86,10,FMN 26 Stadspark
672,Rubenslei 36,2023-01-02,15:00:00,161,147,14,FMN 26 Stadspark
672,Rubenslei 36,2023-01-02,16:00:00,184,166,18,FMN 26 Stadspark
672,Rubenslei 36,2023-01-02,17:00:00,191,169,22,FMN 26 Stadspark
672,Rubenslei 36,2023-01-02,18:00:00,130,113,17,FMN 26 Stadspark
672,Rubenslei 36,2023-01-02,19:00:00,85,74,11,FMN 26 Stadspark
672,Rubenslei 36,2023-01-02,20:00:00,55,47,8,FMN 26 Stadspark
672,Rubenslei 36,2023-01-02,21:00:00,42,34,8,FMN 26 Stadspark
672,Rubenslei 36,2023-01-02,22:00:00,38,32,6,FMN 26 Stadspark
672,Rubenslei 36,2023-01-02,23:00:00,19,16,3,FMN 26 Stadspark
672,Rubenslei 36,2023-01-03,00:00:00,8,6,2,FMN 26 Stadspark
672,Rubenslei 36,2023-01-03,01:00:00,6,5,1,FMN 26 Stadspark
672,Rubenslei 36,2023-01-03,02:00:00,4,3,1,FMN 26 Stadspark
672,Rubenslei 36,2023-01-03,03:00:00,4,3,1,FMN 26 Stadspark
672,Rubenslei 36,2023-01-03,04:00:00,8,8,0,FMN 26 Stadspark
672,Rubenslei 36,2023-01-03,05:00:00,18,17,1,FMN 26 Stadspark
672,Rubenslei 36,2023-01-03,06:00:00,39,36,3,FMN 26 Stadspark
672,Rubenslei 36,2023-01-03,07:00:00,133,124,9,FMN 26 Stadspark
672,Rubenslei 36,2023-01-03,08:00:00,333,313,20,FMN 26 Stadspark
672,Rubenslei 36,2023-01-03,09:00:00,142,136,6,FMN 26 Stadspark
672,Rubenslei 36,2023-01-03,10:00:00,102,95,7,FMN 26 Stadspark
672,Rubenslei 36,2023-01-03,11:00:00,95,87,8,FMN 26 Stadspark
672,Rubenslei 36,2023-01-03,12:00:00,132,120,12,FMN 26 Stadspark
672,Rubenslei 36,2023-01-03,13:00:00,133,122,11,FMN 26 Stadspark
672,Rubenslei 36,2023-01-03,14:00:00,116,104,12,FMN 26 Stadspark
672,Rubenslei 36,2023-01-03,15:00:00,167,150,17,FMN 26 Stadspark
672,Rubenslei 36,2023-01-03,16:00:00,204,185,19,FMN 26 Stadspark
672,Rubenslei 36,2023-01-03,17:00:00,214,188,26,FMN 26 Stadspark
672,Rubenslei 36,2023-01-03,18:00:00,161,140,21,FMN 26 Stadspark
672,Rubenslei 36,2023-01-03,19:00:00,113,96,17,FMN 26 Stadspark
672,Rubenslei 36,2023-01-03,20:00:00,65,55,10,FMN 26 Stadspark
672,Rubenslei 36,2023-01-03,21:00:00,61,53,8,FMN 26 Stadspark
672,Rubenslei 36,2023-01-03,22:00:00,49,41,8,FMN 26 Stadspark
672,Rubenslei 36,2023-01-03,23:00:00,26,20,6,FMN 26 Stadspark
672,Rubenslei 36,2023-01-04,00:00:00,13,11,2,FMN 26 Stadspark
672,Rubenslei 36,2023-01-04,01:00:00,5,4,1,FMN 26 Stadspark
672,Rubenslei 36,2023-01-04,02:00:00,3,2,1,FMN 26 Stadspark
672,Rubenslei 36,2023-01-04,03:00:00,2,2,0,FMN 26 Stadspark
672,Rubenslei 36,2023-01-04,04:00:00,9,9,0,FMN 26 Stadspark
672,Rubenslei 36,2023-01-04,05:00:00,17,16,1,FMN 26 Stadspark
672,Rubenslei 36,2023-01-04,06:00:00,38,35,3,FMN 26 Stadspark
672,Rubenslei 36,2023-01-04,07:00:00,113,108,5,FMN 26 Stadspark
672,Rubenslei 36,2023-01-04,08:00:00,303,290,13,FMN 26 Stadspark
672,Rubenslei 36,2023-01-04,09:00:00,130,124,6,FMN 26 Stadspark
672,Rubenslei 36,2023-01-04,10:00:00,98,92,6,FMN 26 Stadspark
672,Rubenslei 36,2023-01-04,11:00:00,97,89,8,FMN 26 Stadspark
672,Rubenslei 36,2023-01-04,12:00:00,168,155,13,FMN 26 Stadspark
672,Rubenslei 36,2023-01-04,13:00:00,137,125,12,FMN 26 Stadspark
672,Rubenslei 36,2023-01-04,14:00:00,104,94,10,FMN 26 Stadspark
672,Rubenslei 36,2023-01-04,15:00:00,131,118,13,FMN 26 Stadspark
672,Rubenslei 36,2023-01-04,16:00:00,159,144,15,FMN 26 Stadspark
672,Rubenslei 36,2023-01-04,17:00:00,175,157,18,FMN 26 Stadspark
672,Rubenslei 36,2023-01-04,18:00:00,136,118,18,FMN 26 Stadspark
672,Rubenslei 36,2023-01-04,19:00:00,107,94,13,FMN 26 Stadspark
672,Rubenslei 36,2023-01-04,20:00:00,67,58,9,FMN 26 Stadspark
672,Rubenslei 36,2023-01-04,21:00:00,50,43,7,FMN 26 Stadspark
672,Rubenslei 36,2023-01-04,22:00:00,51,43,8,FMN 26 Stadspark
672,Rubenslei 36,2023-01-04,23:00:00,25,18,7,FMN 26 Stadspark
672,Rubenslei 36,2023-01-05,00:00:00,13,13,0,FMN 26 Stadspark
672,Rubenslei 36,2023-01-05,01:00:00,6,6,0,FMN 26 Stadspark
672,Rubenslei 36,2023-01-05,02:00:00,3,3,0,FMN 26 Stadspark
672,Rubenslei 36,2023-01-05,03:00:00,3,3,0,FMN 26 Stadspark
672,Rubenslei 36,2023-01-05,04:00:00,8,8,0,FMN 26 Stadspark
672,Rubenslei 36,2023-01-05,05:00:00,18,18,0,FMN 26 Stadspark
672,Rubenslei 36,2023-01-05,06:00:00,32,32,0,FMN 26 Stadspark
672,Rubenslei 36,2023-01-05,07:00:00,109,109,0,FMN 26 Stadspark
672,Rubenslei 36,2023-01-05,08:00:00,279,279,0,FMN 26 Stadspark
672,Rubenslei 36,2023-01-05,09:00:00,117,117,0,FMN 26 Stadspark
672,Rubenslei 36,2023-01-05,10:00:00,88,88,0,FMN 26 Stadspark
672,Rubenslei 36,2023-01-05,11:00:00,80,80,0,FMN 26 Stadspark
672,Rubenslei 36,2023-01-05,12:00:00,113,113,0,FMN 26 Stadspark
672,Rubenslei 36,2023-01-05,13:00:00,113,103,10,FMN 26 Stadspark
672,Rubenslei 36,2023-01-05,14:00:00,92,85,7,FMN 26 Stadspark
672,Rubenslei 36,2023-01-05,15:00:00,163,146,17,FMN 26 Stadspark
672,Rubenslei 36,2023-01-05,16:00:00,184,161,23,FMN 26 Stadspark
672,Rubenslei 36,2023-01-05,17:00:00,182,156,26,FMN 26 Stadspark
672,Rubenslei 36,2023-01-05,18:00:00,144,127,17,FMN 26 Stadspark
672,Rubenslei 36,2023-01-05,19:00:00,112,100,12,FMN 26 Stadspark
672,Rubenslei 36,2023-01-05,20:00:00,66,58,8,FMN 26 Stadspark
672,Rubenslei 36,2023-01-05,21:00:00,55,49,6,FMN 26 Stadspark
672,Rubenslei 36,2023-01-05,22:00:00,45,39,6,FMN 26 Stadspark
672,Rubenslei 36,2023-01-05,23:00:00,26,23,3,FMN 26 Stadspark
672,Rubenslei 36,2023-01-06,00:00:00,13,9,4,FMN 26 Stadspark
672,Rubenslei 36,2023-01-06,01:00:00,11,6,5,FMN 26 Stadspark
672,Rubenslei 36,2023-01-06,02:00:00,4,3,1,FMN 26 Stadspark
672,Rubenslei 36,2023-01-06,03:00:00,4,0,4,FMN 26 Stadspark
672,Rubenslei 36,2023-01-06,04:00:00,12,12,0,FMN 26 Stadspark
672,Rubenslei 36,2023-01-06,05:00:00,20,17,3,FMN 26 Stadspark
672,Rubenslei 36,2023-01-06,06:00:00,32,31,1,FMN 26 Stadspark
672,Rubenslei 36,2023-01-06,07:00:00,61,59,2,FMN 26 Stadspark
672,Rubenslei 36,2023-01-06,08:00:00,120,117,3,FMN 26 Stadspark
672,Rubenslei 36,2023-01-06,09:00:00,117,114,3,FMN 26 Stadspark
672,Rubenslei 36,2023-01-06,10:00:00,79,77,2,FMN 26 Stadspark
672,Rubenslei 36,2023-01-06,11:00:00,62,58,4,FMN 26 Stadspark
672,Rubenslei 36,2023-01-06,12:00:00,103,88,15,FMN 26 Stadspark
672,Rubenslei 36,2023-01-06,13:00:00,119,112,7,FMN 26 Stadspark
672,Rubenslei 36,2023-01-06,14:00:00,110,96,14,FMN 26 Stadspark
672,Rubenslei 36,2023-01-06,15:00:00,123,107,16,FMN 26 Stadspark
672,Rubenslei 36,2023-01-06,16:00:00,162,139,23,FMN 26 Stadspark
672,Rubenslei 36,2023-01-06,17:00:00,141,120,21,FMN 26 Stadspark
672,Rubenslei 36,2023-01-06,18:00:00,116,97,19,FMN 26 Stadspark
672,Rubenslei 36,2023-01-06,19:00:00,105,85,20,FMN 26 Stadspark
672,Rubenslei 36,2023-01-06,20:00:00,85,70,15,FMN 26 Stadspark
672,Rubenslei 36,2023-01-06,21:00:00,49,43,6,FMN 26 Stadspark
672,Rubenslei 36,2023-01-06,22:00:00,45,35,10,FMN 26 Stadspark
672,Rubenslei 36,2023-01-06,23:00:00,26,21,5,FMN 26 Stadspark
672,Rubenslei 36,2023-01-07,00:00:00,18,16,2,FMN 26 Stadspark
672,Rubenslei 36,2023-01-07,01:00:00,14,14,0,FMN 26 Stadspark
672,Rubenslei 36,2023-01-07,02:00:00,9,9,0,FMN 26 Stadspark
672,Rubenslei 36,2023-01-07,03:00:00,12,10,2,FMN 26 Stadspark
672,Rubenslei 36,2023-01-07,04:00:00,6,4,2,FMN 26 Stadspark
672,Rubenslei 36,2023-01-07,05:00:00,11,10,1,FMN 26 Stadspark
672,Rubenslei 36,2023-01-07,06:00:00,7,7,0,FMN 26 Stadspark
672,Rubenslei 36,2023-01-07,07:00:00,18,14,4,FMN 26 Stadspark
672,Rubenslei 36,2023-01-07,08:00:00,29,26,3,FMN 26 Stadspark
672,Rubenslei 36,2023-01-07,09:00:00,58,52,6,FMN 26 Stadspark
672,Rubenslei 36,2023-01-07,10:00:00,71,68,3,FMN 26 Stadspark
672,Rubenslei 36,2023-01-07,11:00:00,114,108,6,FMN 26 Stadspark
672,Rubenslei 36,2023-01-07,12:00:00,122,115,7,FMN 26 Stadspark
672,Rubenslei 36,2023-01-07,13:00:00,113,103,10,FMN 26 Stadspark
672,Rubenslei 36,2023-01-07,14:00:00,108,94,14,FMN 26 Stadspark
672,Rubenslei 36,2023-01-07,15:00:00,87,73,14,FMN 26 Stadspark
672,Rubenslei 36,2023-01-07,16:00:00,68,62,6,FMN 26 Stadspark
672,Rubenslei 36,2023-01-07,17:00:00,69,59,10,FMN 26 Stadspark
672,Rubenslei 36,2023-01-07,18:00:00,78,64,14,FMN 26 Stadspark
672,Rubenslei 36,2023-01-07,19:00:00,91,76,15,FMN 26 Stadspark
672,Rubenslei 36,2023-01-07,20:00:00,79,62,17,FMN 26 Stadspark
672,Rubenslei 36,2023-01-07,21:00:00,62,53,9,FMN 26 Stadspark
672,Rubenslei 36,2023-01-07,22:00:00,34,24,10,FMN 26 Stadspark
672,Rubenslei 36,2023-01-07,23:00:00,33,21,12,FMN 26 Stadspark
672,Rubenslei 36,2023-01-08,00:00:00,21,13,8,FMN 26 Stadspark
672,Rubenslei 36,2023-01-08,01:00:00,12,9,3,FMN 26 Stadspark
672,Rubenslei 36,2023-01-08,02:00:00,16,10,6,FMN 26 Stadspark
672,Rubenslei 36,2023-01-08,03:00:00,8,8,0,FMN 26 Stadspark
672,Rubenslei 36,2023-01-08,04:00:00,8,6,2,FMN 26 Stadspark
672,Rubenslei 36,2023-01-08,05:00:00,6,4,2,FMN 26 Stadspark
672,Rubenslei 36,2023-01-08,06:00:00,9,8,1,FMN 26 Stadspark
672,Rubenslei 36,2023-01-08,07:00:00,13,11,2,FMN 26 Stadspark
672,Rubenslei 36,2023-01-08,08:00:00,23,22,1,FMN 26 Stadspark
672,Rubenslei 36,2023-01-08,09:00:00,40,34,6,FMN 26 Stadspark
672,Rubenslei 36,2023-01-08,10:00:00,52,50,2,FMN 26 Stadspark
672,Rubenslei 36,2023-01-08,11:00:00,93,85,8,FMN 26 Stadspark
672,Rubenslei 36,2023-01-08,12:00:00,78,70,8,FMN 26 Stadspark
672,Rubenslei 36,2023-01-08,13:00:00,94,80,14,FMN 26 Stadspark
672,Rubenslei 36,2023-01-08,14:00:00,99,86,13,FMN 26 Stadspark
672,Rubenslei 36,2023-01-08,15:00:00,99,88,11,FMN 26 Stadspark
672,Rubenslei 36,2023-01-08,16:00:00,64,56,8,FMN 26 Stadspark
672,Rubenslei 36,2023-01-08,17:00:00,73,56,17,FMN 26 Stadspark
672,Rubenslei 36,2023-01-08,18:00:00,79,68,11,FMN 26 Stadspark
672,Rubenslei 36,2023-01-08,19:00:00,54,43,11,FMN 26 Stadspark
672,Rubenslei 36,2023-01-08,20:00:00,39,29,10,FMN 26 Stadspark
672,Rubenslei 36,2023-01-08,21:00:00,50,39,11,FMN 26 Stadspark
672,Rubenslei 36,2023-01-08,22:00:00,31,23,8,FMN 26 Stadspark
672,Rubenslei 36,2023-01-08,23:00:00,12,8,4,FMN 26 Stadspark
672,Rubenslei 36,2023-01-09,00:00:00,7,7,0,FMN 26 Stadspark
672,Rubenslei 36,2023-01-09,01:00:00,5,4,1,FMN 26 Stadspark
672,Rubenslei 36,2023-01-09,02:00:00,3,2,1,FMN 26 Stadspark
672,Rubenslei 36,2023-01-09,03:00:00,0,0,0,FMN 26 Stadspark
672,Rubenslei 36,2023-01-09,04:00:00,9,9,0,FMN 26 Stadspark
672,Rubenslei 36,2023-01-09,05:00:00,20,19,1,FMN 26 Stadspark
672,Rubenslei 36,2023-01-09,06:00:00,40,39,1,FMN 26 Stadspark
672,Rubenslei 36,2023-01-09,07:00:00,131,126,5,FMN 26 Stadspark
672,Rubenslei 36,2023-01-09,08:00:00,369,355,14,FMN 26 Stadspark
672,Rubenslei 36,2023-01-09,09:00:00,123,118,5,FMN 26 Stadspark
672,Rubenslei 36,2023-01-09,10:00:00,83,78,5,FMN 26 Stadspark
672,Rubenslei 36,2023-01-09,11:00:00,71,66,5,FMN 26 Stadspark
672,Rubenslei 36,2023-01-09,12:00:00,112,103,9,FMN 26 Stadspark
672,Rubenslei 36,2023-01-09,13:00:00,105,100,5,FMN 26 Stadspark
672,Rubenslei 36,2023-01-09,14:00:00,110,102,8,FMN 26 Stadspark
672,Rubenslei 36,2023-01-09,15:00:00,182,165,17,FMN 26 Stadspark
672,Rubenslei 36,2023-01-09,16:00:00,195,178,17,FMN 26 Stadspark
672,Rubenslei 36,2023-01-09,17:00:00,219,194,25,FMN 26 Stadspark
672,Rubenslei 36,2023-01-09,18:00:00,142,125,17,FMN 26 Stadspark
672,Rubenslei 36,2023-01-09,19:00:00,90,74,16,FMN 26 Stadspark
672,Rubenslei 36,2023-01-09,20:00:00,56,47,9,FMN 26 Stadspark
672,Rubenslei 36,2023-01-09,21:00:00,52,40,12,FMN 26 Stadspark
672,Rubenslei 36,2023-01-09,22:00:00,53,44,9,FMN 26 Stadspark
672,Rubenslei 36,2023-01-09,23:00:00,27,20,7,FMN 26 Stadspark
672,Rubenslei 36,2023-01-10,00:00:00,6,3,3,FMN 26 Stadspark
672,Rubenslei 36,2023-01-10,01:00:00,6,4,2,FMN 26 Stadspark
672,Rubenslei 36,2023-01-10,02:00:00,2,1,1,FMN 26 Stadspark
672,Rubenslei 36,2023-01-10,03:00:00,1,1,0,FMN 26 Stadspark
672,Rubenslei 36,2023-01-10,04:00:00,11,11,0,FMN 26 Stadspark
672,Rubenslei 36,2023-01-10,05:00:00,18,17,1,FMN 26 Stadspark
672,Rubenslei 36,2023-01-10,06:00:00,26,24,2,FMN 26 Stadspark
672,Rubenslei 36,2023-01-10,07:00:00,138,124,14,FMN 26 Stadspark
672,Rubenslei 36,2023-01-10,08:00:00,335,305,30,FMN 26 Stadspark
672,Rubenslei 36,2023-01-10,09:00:00,127,119,8,FMN 26 Stadspark
672,Rubenslei 36,2023-01-10,10:00:00,83,76,7,FMN 26 Stadspark
672,Rubenslei 36,2023-01-10,11:00:00,82,79,3,FMN 26 Stadspark
672,Rubenslei 36,2023-01-10,12:00:00,118,108,10,FMN 26 Stadspark
672,Rubenslei 36,2023-01-10,13:00:00,124,112,12,FMN 26 Stadspark
672,Rubenslei 36,2023-01-10,14:00:00,75,67,8,FMN 26 Stadspark
672,Rubenslei 36,2023-01-10,15:00:00,153,140,13,FMN 26 Stadspark
672,Rubenslei 36,2023-01-10,16:00:00,213,199,14,FMN 26 Stadspark
672,Rubenslei 36,2023-01-10,17:00:00,208,182,26,FMN 26 Stadspark
672,Rubenslei 36,2023-01-10,18:00:00,174,149,25,FMN 26 Stadspark
672,Rubenslei 36,2023-01-10,19:00:00,120,99,21,FMN 26 Stadspark
672,Rubenslei 36,2023-01-10,20:00:00,63,56,7,FMN 26 Stadspark
672,Rubenslei 36,2023-01-10,21:00:00,63,54,9,FMN 26 Stadspark
672,Rubenslei 36,2023-01-10,22:00:00,42,36,6,FMN 26 Stadspark
672,Rubenslei 36,2023-01-10,23:00:00,26,20,6,FMN 26 Stadspark
672,Rubenslei 36,2023-01-11,00:00:00,8,6,2,FMN 26 Stadspark
672,Rubenslei 36,2023-01-11,01:00:00,6,6,0,FMN 26 Stadspark
672,Rubenslei 36,2023-01-11,02:00:00,5,4,1,FMN 26 Stadspark
672,Rubenslei 36,2023-01-11,03:00:00,0,0,0,FMN 26 Stadspark
672,Rubenslei 36,2023-01-11,04:00:00,8,8,0,FMN 26 Stadspark
672,Rubenslei 36,2023-01-11,05:00:00,16,16,0,FMN 26 Stadspark
672,Rubenslei 36,2023-01-11,06:00:00,45,43,2,FMN 26 Stadspark
672,Rubenslei 36,2023-01-11,07:00:00,122,115,7,FMN 26 Stadspark
672,Rubenslei 36,2023-01-11,08:00:00,371,358,13,FMN 26 Stadspark
672,Rubenslei 36,2023-01-11,09:00:00,144,143,1,FMN 26 Stadspark
672,Rubenslei 36,2023-01-11,10:00:00,106,95,11,FMN 26 Stadspark
672,Rubenslei 36,2023-01-11,11:00:00,91,81,10,FMN 26 Stadspark
672,Rubenslei 36,2023-01-11,12:00:00,199,189,10,FMN 26 Stadspark
672,Rubenslei 36,2023-01-11,13:00:00,134,123,11,FMN 26 Stadspark
672,Rubenslei 36,2023-01-11,14:00:00,103,94,9,FMN 26 Stadspark
672,Rubenslei 36,2023-01-11,15:00:00,144,127,17,FMN 26 Stadspark
672,Rubenslei 36,2023-01-11,16:00:00,164,148,16,FMN 26 Stadspark
672,Rubenslei 36,2023-01-11,17:00:00,203,184,19,FMN 26 Stadspark
672,Rubenslei 36,2023-01-11,18:00:00,133,111,22,FMN 26 Stadspark
672,Rubenslei 36,2023-01-11,19:00:00,86,77,9,FMN 26 Stadspark
672,Rubenslei 36,2023-01-11,20:00:00,71,64,7,FMN 26 Stadspark
672,Rubenslei 36,2023-01-11,21:00:00,47,44,3,FMN 26 Stadspark
672,Rubenslei 36,2023-01-11,22:00:00,33,27,6,FMN 26 Stadspark
672,Rubenslei 36,2023-01-11,23:00:00,26,20,6,FMN 26 Stadspark
672,Rubenslei 36,2023-01-12,00:00:00,5,5,0,FMN 26 Stadspark
672,Rubenslei 36,2023-01-12,01:00:00,9,6,3,FMN 26 Stadspark
672,Rubenslei 36,2023-01-12,02:00:00,1,1,0,FMN 26 Stadspark
672,Rubenslei 36,2023-01-12,03:00:00,3,2,1,FMN 26 Stadspark
672,Rubenslei 36,2023-01-12,04:00:00,8,8,0,FMN 26 Stadspark
672,Rubenslei 36,2023-01-12,05:00:00,21,20,1,FMN 26 Stadspark
672,Rubenslei 36,2023-01-12,06:00:00,27,25,2,FMN 26 Stadspark
672,Rubenslei 36,2023-01-12,07:00:00,113,105,8,FMN 26 Stadspark
672,Rubenslei 36,2023-01-12,08:00:00,293,278,15,FMN 26 Stadspark
672,Rubenslei 36,2023-01-12,09:00:00,118,110,8,FMN 26 Stadspark
672,Rubenslei 36,2023-01-12,10:00:00,73,64,9,FMN 26 Stadspark
672,Rubenslei 36,2023-01-12,11:00:00,55,50,5,FMN 26 Stadspark
672,Rubenslei 36,2023-01-12,12:00:00,83,74,9,FMN 26 Stadspark
672,Rubenslei 36,2023-01-12,13:00:00,68,61,7,FMN 26 Stadspark
672,Rubenslei 36,2023-01-12,14:00:00,56,50,6,FMN 26 Stadspark
672,Rubenslei 36,2023-01-12,15:00:00,140,129,11,FMN 26 Stadspark
672,Rubenslei 36,2023-01-12,16:00:00,137,125,12,FMN 26 Stadspark
672,Rubenslei 36,2023-01-12,17:00:00,150,135,15,FMN 26 Stadspark
672,Rubenslei 36,2023-01-12,18:00:00,111,101,10,FMN 26 Stadspark
672,Rubenslei 36,2023-01-12,19:00:00,80,68,12,FMN 26 Stadspark
672,Rubenslei 36,2023-01-12,20:00:00,57,53,4,FMN 26 Stadspark
672,Rubenslei 36,2023-01-12,21:00:00,52,41,11,FMN 26 Stadspark
672,Rubenslei 36,2023-01-12,22:00:00,46,39,7,FMN 26 Stadspark
672,Rubenslei 36,2023-01-12,23:00:00,32,27,5,FMN 26 Stadspark
672,Rubenslei 36,2023-01-13,00:00:00,12,10,2,FMN 26 Stadspark
672,Rubenslei 36,2023-01-13,01:00:00,7,4,3,FMN 26 Stadspark
672,Rubenslei 36,2023-01-13,02:00:00,1,1,0,FMN 26 Stadspark
672,Rubenslei 36,2023-01-13,03:00:00,1,1,0,FMN 26 Stadspark
672,Rubenslei 36,2023-01-13,04:00:00,10,10,0,FMN 26 Stadspark
672,Rubenslei 36,2023-01-13,05:00:00,20,20,0,FMN 26 Stadspark
672,Rubenslei 36,2023-01-13,06:00:00,40,34,6,FMN 26 Stadspark
672,Rubenslei 36,2023-01-13,07:00:00,118,113,5,FMN 26 Stadspark
672,Rubenslei 36,2023-01-13,08:00:00,323,306,17,FMN 26 Stadspark
672,Rubenslei 36,2023-01-13,09:00:00,144,137,7,FMN 26 Stadspark
672,Rubenslei 36,2023-01-13,10:00:00,99,91,8,FMN 26 Stadspark
672,Rubenslei 36,2023-01-13,11:00:00,78,67,11,FMN 26 Stadspark
672,Rubenslei 36,2023-01-13,12:00:00,98,91,7,FMN 26 Stadspark
672,Rubenslei 36,2023-01-13,13:00:00,122,112,10,FMN 26 Stadspark
672,Rubenslei 36,2023-01-13,14:00:00,112,102,10,FMN 26 Stadspark
672,Rubenslei 36,2023-01-13,15:00:00,187,164,23,FMN 26 Stadspark
672,Rubenslei 36,2023-01-13,16:00:00,166,149,17,FMN 26 Stadspark
672,Rubenslei 36,2023-01-13,17:00:00,206,181,25,FMN 26 Stadspark
672,Rubenslei 36,2023-01-13,18:00:00,151,136,15,FMN 26 Stadspark
672,Rubenslei 36,2023-01-13,19:00:00,137,122,15,FMN 26 Stadspark
672,Rubenslei 36,2023-01-13,20:00:00,99,84,15,FMN 26 Stadspark
672,Rubenslei 36,2023-01-13,21:00:00,70,62,8,FMN 26 Stadspark
672,Rubenslei 36,2023-01-13,22:00:00,50,39,11,FMN 26 Stadspark
672,Rubenslei 36,2023-01-13,23:00:00,32,23,9,FMN 26 Stadspark
672,Rubenslei 36,2023-01-14,00:00:00,33,28,5,FMN 26 Stadspark
672,Rubenslei 36,2023-01-14,01:00:00,29,26,3,FMN 26 Stadspark
672,Rubenslei 36,2023-01-14,02:00:00,17,12,5,FMN 26 Stadspark
672,Rubenslei 36,2023-01-14,03:00:00,29,18,11,FMN 26 Stadspark
672,Rubenslei 36,2023-01-14,04:00:00,15,11,4,FMN 26 Stadspark
672,Rubenslei 36,2023-01-14,05:00:00,16,11,5,FMN 26 Stadspark
672,Rubenslei 36,2023-01-14,06:00:00,8,4,4,FMN 26 Stadspark
672,Rubenslei 36,2023-01-14,07:00:00,19,17,2,FMN 26 Stadspark
672,Rubenslei 36,2023-01-14,08:00:00,22,21,1,FMN 26 Stadspark
672,Rubenslei 36,2023-01-14,09:00:00,37,37,0,FMN 26 Stadspark
672,Rubenslei 36,2023-01-14,10:00:00,45,40,5,FMN 26 Stadspark
672,Rubenslei 36,2023-01-14,11:00:00,57,51,6,FMN 26 Stadspark
672,Rubenslei 36,2023-01-14,12:00:00,52,47,5,FMN 26 Stadspark
672,Rubenslei 36,2023-01-14,13:00:00,50,44,6,FMN 26 Stadspark
672,Rubenslei 36,2023-01-14,14:00:00,53,43,10,FMN 26 Stadspark
672,Rubenslei 36,2023-01-14,15:00:00,76,69,7,FMN 26 Stadspark
672,Rubenslei 36,2023-01-14,16:00:00,58,50,8,FMN 26 Stadspark
672,Rubenslei 36,2023-01-14,17:00:00,50,40,10,FMN 26 Stadspark
672,Rubenslei 36,2023-01-14,18:00:00,69,59,10,FMN 26 Stadspark
672,Rubenslei 36,2023-01-14,19:00:00,61,55,6,FMN 26 Stadspark
672,Rubenslei 36,2023-01-14,20:00:00,66,52,14,FMN 26 Stadspark
672,Rubenslei 36,2023-01-14,21:00:00,36,28,8,FMN 26 Stadspark
672,Rubenslei 36,2023-01-14,22:00:00,38,31,7,FMN 26 Stadspark
672,Rubenslei 36,2023-01-14,23:00:00,25,19,6,FMN 26 Stadspark
672,Rubenslei 36,2023-01-15,00:00:00,35,32,3,FMN 26 Stadspark
672,Rubenslei 36,2023-01-15,01:00:00,23,18,5,FMN 26 Stadspark
672,Rubenslei 36,2023-01-15,02:00:00,12,7,5,FMN 26 Stadspark
672,Rubenslei 36,2023-01-15,03:00:00,14,11,3,FMN 26 Stadspark
672,Rubenslei 36,2023-01-15,04:00:00,11,7,4,FMN 26 Stadspark
672,Rubenslei 36,2023-01-15,05:00:00,16,10,6,FMN 26 Stadspark
672,Rubenslei 36,2023-01-15,06:00:00,9,7,2,FMN 26 Stadspark
672,Rubenslei 36,2023-01-15,07:00:00,8,7,1,FMN 26 Stadspark
672,Rubenslei 36,2023-01-15,08:00:00,17,17,0,FMN 26 Stadspark
672,Rubenslei 36,2023-01-15,09:00:00,34,31,3,FMN 26 Stadspark
672,Rubenslei 36,2023-01-15,10:00:00,56,51,5,FMN 26 Stadspark
672,Rubenslei 36,2023-01-15,11:00:00,57,50,7,FMN 26 Stadspark
672,Rubenslei 36,2023-01-15,12:00:00,75,63,12,FMN 26 Stadspark
672,Rubenslei 36,2023-01-15,13:00:00,73,64,9,FMN 26 Stadspark
672,Rubenslei 36,2023-01-15,14:00:00,84,78,6,FMN 26 Stadspark
672,Rubenslei 36,2023-01-15,15:00:00,64,57,7,FMN 26 Stadspark
672,Rubenslei 36,2023-01-15,16:00:00,60,50,10,FMN 26 Stadspark
672,Rubenslei 36,2023-01-15,17:00:00,69,58,11,FMN 26 Stadspark
672,Rubenslei 36,2023-01-15,18:00:00,63,50,13,FMN 26 Stadspark
672,Rubenslei 36,2023-01-15,19:00:00,58,43,15,FMN 26 Stadspark
672,Rubenslei 36,2023-01-15,20:00:00,44,39,5,FMN 26 Stadspark
672,Rubenslei 36,2023-01-15,21:00:00,38,30,8,FMN 26 Stadspark
672,Rubenslei 36,2023-01-15,22:00:00,30,23,7,FMN 26 Stadspark
672,Rubenslei 36,2023-01-15,23:00:00,9,9,0,FMN 26 Stadspark
672,Rubenslei 36,2023-01-16,00:00:00,5,4,1,FMN 26 Stadspark
672,Rubenslei 36,2023-01-16,01:00:00,5,2,3,FMN 26 Stadspark
672,Rubenslei 36,2023-01-16,02:00:00,3,2,1,FMN 26 Stadspark
672,Rubenslei 36,2023-01-16,03:00:00,4,2,2,FMN 26 Stadspark
672,Rubenslei 36,2023-01-16,04:00:00,5,5,0,FMN 26 Stadspark
672,Rubenslei 36,2023-01-16,05:00:00,20,19,1,FMN 26 Stadspark
672,Rubenslei 36,2023-01-16,06:00:00,40,36,4,FMN 26 Stadspark
672,Rubenslei 36,2023-01-16,07:00:00,86,83,3,FMN 26 Stadspark
672,Rubenslei 36,2023-01-16,08:00:00,287,269,18,FMN 26 Stadspark
672,Rubenslei 36,2023-01-16,09:00:00,132,128,4,FMN 26 Stadspark
672,Rubenslei 36,2023-01-16,10:00:00,103,95,8,FMN 26 Stadspark
672,Rubenslei 36,2023-01-16,11:00:00,61,56,5,FMN 26 Stadspark
672,Rubenslei 36,2023-01-16,12:00:00,75,68,7,FMN 26 Stadspark
672,Rubenslei 36,2023-01-16,13:00:00,83,76,7,FMN 26 Stadspark
672,Rubenslei 36,2023-01-16,14:00:00,70,63,7,FMN 26 Stadspark
672,Rubenslei 36,2023-01-16,15:00:00,138,128,10,FMN 26 Stadspark
672,Rubenslei 36,2023-01-16,16:00:00,161,152,9,FMN 26 Stadspark
672,Rubenslei 36,2023-01-16,17:00:00,168,147,21,FMN 26 Stadspark
672,Rubenslei 36,2023-01-16,18:00:00,96,78,18,FMN 26 Stadspark
672,Rubenslei 36,2023-01-16,19:00:00,63,55,8,FMN 26 Stadspark
672,Rubenslei 36,2023-01-16,20:00:00,54,48,6,FMN 26 Stadspark
672,Rubenslei 36,2023-01-16,21:00:00,26,19,7,FMN 26 Stadspark
672,Rubenslei 36,2023-01-16,22:00:00,26,23,3,FMN 26 Stadspark
672,Rubenslei 36,2023-01-16,23:00:00,16,12,4,FMN 26 Stadspark
672,Rubenslei 36,2023-01-17,00:00:00,6,6,0,FMN 26 Stadspark
672,Rubenslei 36,2023-01-17,01:00:00,0,0,0,FMN 26 Stadspark
672,Rubenslei 36,2023-01-17,02:00:00,2,1,1,FMN 26 Stadspark
672,Rubenslei 36,2023-01-17,03:00:00,4,3,1,FMN 26 Stadspark
672,Rubenslei 36,2023-01-17,04:00:00,6,6,0,FMN 26 Stadspark
672,Rubenslei 36,2023-01-17,05:00:00,19,18,1,FMN 26 Stadspark
672,Rubenslei 36,2023-01-17,06:00:00,29,26,3,FMN 26 Stadspark
672,Rubenslei 36,2023-01-17,07:00:00,109,97,12,FMN 26 Stadspark
672,Rubenslei 36,2023-01-17,08:00:00,286,263,23,FMN 26 Stadspark
672,Rubenslei 36,2023-01-17,09:00:00,116,111,5,FMN 26 Stadspark
672,Rubenslei 36,2023-01-17,10:00:00,71,67,4,FMN 26 Stadspark
672,Rubenslei 36,2023-01-17,11:00:00,75,71,4,FMN 26 Stadspark
672,Rubenslei 36,2023-01-17,12:00:00,90,81,9,FMN 26 Stadspark
672,Rubenslei 36,2023-01-17,13:00:00,102,95,7,FMN 26 Stadspark
672,Rubenslei 36,2023-01-17,14:00:00,89,84,5,FMN 26 Stadspark
672,Rubenslei 36,2023-01-17,15:00:00,166,154,12,FMN 26 Stadspark
672,Rubenslei 36,2023-01-17,16:00:00,198,177,21,FMN 26 Stadspark
672,Rubenslei 36,2023-01-17,17:00:00,169,143,26,FMN 26 Stadspark
672,Rubenslei 36,2023-01-17,18:00:00,147,126,21,FMN 26 Stadspark
672,Rubenslei 36,2023-01-17,19:00:00,63,55,8,FMN 26 Stadspark
672,Rubenslei 36,2023-01-17,20:00:00,45,39,6,FMN 26 Stadspark
672,Rubenslei 36,2023-01-17,21:00:00,47,41,6,FMN 26 Stadspark
672,Rubenslei 36,2023-01-17,22:00:00,39,31,8,FMN 26 Stadspark
672,Rubenslei 36,2023-01-17,23:00:00,17,13,4,FMN 26 Stadspark
672,Rubenslei 36,2023-01-18,00:00:00,10,7,3,FMN 26 Stadspark
672,Rubenslei 36,2023-01-18,01:00:00,3,3,0,FMN 26 Stadspark
672,Rubenslei 36,2023-01-18,02:00:00,3,2,1,FMN 26 Stadspark
672,Rubenslei 36,2023-01-18,03:00:00,2,2,0,FMN 26 Stadspark
672,Rubenslei 36,2023-01-18,04:00:00,7,7,0,FMN 26 Stadspark
672,Rubenslei 36,2023-01-18,05:00:00,17,16,1,FMN 26 Stadspark
672,Rubenslei 36,2023-01-18,06:00:00,34,33,1,FMN 26 Stadspark
672,Rubenslei 36,2023-01-18,07:00:00,123,117,6,FMN 26 Stadspark
672,Rubenslei 36,2023-01-18,08:00:00,262,251,11,FMN 26 Stadspark
672,Rubenslei 36,2023-01-18,09:00:00,101,92,9,FMN 26 Stadspark
672,Rubenslei 36,2023-01-18,10:00:00,71,66,5,FMN 26 Stadspark
672,Rubenslei 36,2023-01-18,11:00:00,65,58,7,FMN 26 Stadspark
672,Rubenslei 36,2023-01-18,12:00:00,148,134,14,FMN 26 Stadspark
672,Rubenslei 36,2023-01-18,13:00:00,137,123,14,FMN 26 Stadspark
672,Rubenslei 36,2023-01-18,14:00:00,109,94,15,FMN 26 Stadspark
672,Rubenslei 36,2023-01-18,15:00:00,125,111,14,FMN 26 Stadspark
672,Rubenslei 36,2023-01-18,16:00:00,152,140,12,FMN 26 Stadspark
672,Rubenslei 36,2023-01-18,17:00:00,175,158,17,FMN 26 Stadspark
672,Rubenslei 36,2023-01-18,18:00:00,88,75,13,FMN 26 Stadspark
672,Rubenslei 36,2023-01-18,19:00:00,87,80,7,FMN 26 Stadspark
672,Rubenslei 36,2023-01-18,20:00:00,62,48,14,FMN 26 Stadspark
672,Rubenslei 36,2023-01-18,21:00:00,45,39,6,FMN 26 Stadspark
672,Rubenslei 36,2023-01-18,22:00:00,38,35,3,FMN 26 Stadspark
672,Rubenslei 36,2023-01-18,23:00:00,23,20,3,FMN 26 Stadspark
672,Rubenslei 36,2023-01-19,00:00:00,5,4,1,FMN 26 Stadspark
672,Rubenslei 36,2023-01-19,01:00:00,5,2,3,FMN 26 Stadspark
672,Rubenslei 36,2023-01-19,02:00:00,1,1,0,FMN 26 Stadspark
672,Rubenslei 36,2023-01-19,03:00:00,3,2,1,FMN 26 Stadspark
672,Rubenslei 36,2023-01-19,04:00:00,6,6,0,FMN 26 Stadspark
672,Rubenslei 36,2023-01-19,05:00:00,18,17,1,FMN 26 Stadspark
672,Rubenslei 36,2023-01-19,06:00:00,25,22,3,FMN 26 Stadspark
672,Rubenslei 36,2023-01-19,07:00:00,115,111,4,FMN 26 Stadspark
672,Rubenslei 36,2023-01-19,08:00:00,306,288,18,FMN 26 Stadspark
672,Rubenslei 36,2023-01-19,09:00:00,145,139,6,FMN 26 Stadspark
672,Rubenslei 36,2023-01-19,10:00:00,93,86,7,FMN 26 Stadspark
672,Rubenslei 36,2023-01-19,11:00:00,88,79,9,FMN 26 Stadspark
672,Rubenslei 36,2023-01-19,12:00:00,107,93,14,FMN 26 Stadspark
672,Rubenslei 36,2023-01-19,13:00:00,95,88,7,FMN 26 Stadspark
672,Rubenslei 36,2023-01-19,14:00:00,92,78,14,FMN 26 Stadspark
672,Rubenslei 36,2023-01-19,15:00:00,138,128,10,FMN 26 Stadspark
672,Rubenslei 36,2023-01-19,16:00:00,167,149,18,FMN 26 Stadspark
672,Rubenslei 36,2023-01-19,17:00:00,128,114,14,FMN 26 Stadspark
672,Rubenslei 36,2023-01-19,18:00:00,115,95,20,FMN 26 Stadspark
672,Rubenslei 36,2023-01-19,19:00:00,90,76,14,FMN 26 Stadspark
672,Rubenslei 36,2023-01-19,20:00:00,57,49,8,FMN 26 Stadspark
672,Rubenslei 36,2023-01-19,21:00:00,56,43,13,FMN 26 Stadspark
672,Rubenslei 36,2023-01-19,22:00:00,30,26,4,FMN 26 Stadspark
672,Rubenslei 36,2023-01-19,23:00:00,24,17,7,FMN 26 Stadspark
672,Rubenslei 36,2023-01-20,00:00:00,15,14,1,FMN 26 Stadspark
672,Rubenslei 36,2023-01-20,01:00:00,5,4,1,FMN 26 Stadspark
672,Rubenslei 36,2023-01-20,02:00:00,3,3,0,FMN 26 Stadspark
672,Rubenslei 36,2023-01-20,03:00:00,3,2,1,FMN 26 Stadspark
672,Rubenslei 36,2023-01-20,04:00:00,6,6,0,FMN 26 Stadspark
672,Rubenslei 36,2023-01-20,05:00:00,15,14,1,FMN 26 Stadspark
672,Rubenslei 36,2023-01-20,06:00:00,17,16,1,FMN 26 Stadspark
672,Rubenslei 36,2023-01-20,07:00:00,76,72,4,FMN 26 Stadspark
672,Rubenslei 36,2023-01-20,08:00:00,146,139,7,FMN 26 Stadspark
672,Rubenslei 36,2023-01-20,09:00:00,55,51,4,FMN 26 Stadspark
672,Rubenslei 36,2023-01-20,10:00:00,61,57,4,FMN 26 Stadspark
672,Rubenslei 36,2023-01-20,11:00:00,53,45,8,FMN 26 Stadspark
672,Rubenslei 36,2023-01-20,12:00:00,58,54,4,FMN 26 Stadspark
672,Rubenslei 36,2023-01-20,13:00:00,62,45,17,FMN 26 Stadspark
672,Rubenslei 36,2023-01-20,14:00:00,78,66,12,FMN 26 Stadspark
672,Rubenslei 36,2023-01-20,15:00:00,147,131,16,FMN 26 Stadspark
672,Rubenslei 36,2023-01-20,16:00:00,119,104,15,FMN 26 Stadspark
672,Rubenslei 36,2023-01-20,17:00:00,109,93,16,FMN 26 Stadspark
672,Rubenslei 36,2023-01-20,18:00:00,90,70,20,FMN 26 Stadspark
672,Rubenslei 36,2023-01-20,19:00:00,86,76,10,FMN 26 Stadspark
672,Rubenslei 36,2023-01-20,20:00:00,67,57,10,FMN 26 Stadspark
672,Rubenslei 36,2023-01-20,21:00:00,52,42,10,FMN 26 Stadspark
672,Rubenslei 36,2023-01-20,22:00:00,32,26,6,FMN 26 Stadspark
672,Rubenslei 36,2023-01-20,23:00:00,32,30,2,FMN 26 Stadspark
672,Rubenslei 36,2023-01-21,00:00:00,28,24,4,FMN 26 Stadspark
672,Rubenslei 36,2023-01-21,01:00:00,25,18,7,FMN 26 Stadspark
672,Rubenslei 36,2023-01-21,02:00:00,24,15,9,FMN 26 Stadspark
672,Rubenslei 36,2023-01-21,03:00:00,9,3,6,FMN 26 Stadspark
672,Rubenslei 36,2023-01-21,04:00:00,10,4,6,FMN 26 Stadspark
672,Rubenslei 36,2023-01-21,05:00:00,11,5,6,FMN 26 Stadspark
672,Rubenslei 36,2023-01-21,06:00:00,11,10,1,FMN 26 Stadspark
672,Rubenslei 36,2023-01-21,07:00:00,13,12,1,FMN 26 Stadspark
672,Rubenslei 36,2023-01-21,08:00:00,28,27,1,FMN 26 Stadspark
672,Rubenslei 36,2023-01-21,09:00:00,23,21,2,FMN 26 Stadspark
672,Rubenslei 36,2023-01-21,10:00:00,44,37,7,FMN 26 Stadspark
672,Rubenslei 36,2023-01-21,11:00:00,68,59,9,FMN 26 Stadspark
672,Rubenslei 36,2023-01-21,12:00:00,72,65,7,FMN 26 Stadspark
672,Rubenslei 36,2023-01-21,13:00:00,116,103,13,FMN 26 Stadspark
672,Rubenslei 36,2023-01-21,14:00:00,102,93,9,FMN 26 Stadspark
672,Rubenslei 36,2023-01-21,15:00:00,106,93,13,FMN 26 Stadspark
672,Rubenslei 36,2023-01-21,16:00:00,84,66,18,FMN 26 Stadspark
672,Rubenslei 36,2023-01-21,17:00:00,92,73,19,FMN 26 Stadspark
672,Rubenslei 36,2023-01-21,18:00:00,68,60,8,FMN 26 Stadspark
672,Rubenslei 36,2023-01-21,19:00:00,46,41,5,FMN 26 Stadspark
672,Rubenslei 36,2023-01-21,20:00:00,46,36,10,FMN 26 Stadspark
672,Rubenslei 36,2023-01-21,21:00:00,22,19,3,FMN 26 Stadspark
672,Rubenslei 36,2023-01-21,22:00:00,39,23,16,FMN 26 Stadspark
672,Rubenslei 36,2023-01-21,23:00:00,31,27,4,FMN 26 Stadspark
672,Rubenslei 36,2023-01-22,00:00:00,22,16,6,FMN 26 Stadspark
672,Rubenslei 36,2023-01-22,01:00:00,18,11,7,FMN 26 Stadspark
672,Rubenslei 36,2023-01-22,02:00:00,25,18,7,FMN 26 Stadspark
672,Rubenslei 36,2023-01-22,03:00:00,13,10,3,FMN 26 Stadspark
672,Rubenslei 36,2023-01-22,04:00:00,5,4,1,FMN 26 Stadspark
672,Rubenslei 36,2023-01-22,05:00:00,13,11,2,FMN 26 Stadspark
672,Rubenslei 36,2023-01-22,06:00:00,10,4,6,FMN 26 Stadspark
672,Rubenslei 36,2023-01-22,07:00:00,11,10,1,FMN 26 Stadspark
672,Rubenslei 36,2023-01-22,08:00:00,18,14,4,FMN 26 Stadspark
672,Rubenslei 36,2023-01-22,09:00:00,22,18,4,FMN 26 Stadspark
672,Rubenslei 36,2023-01-22,10:00:00,55,47,8,FMN 26 Stadspark
672,Rubenslei 36,2023-01-22,11:00:00,51,47,4,FMN 26 Stadspark
672,Rubenslei 36,2023-01-22,12:00:00,54,49,5,FMN 26 Stadspark
672,Rubenslei 36,2023-01-22,13:00:00,93,85,8,FMN 26 Stadspark
672,Rubenslei 36,2023-01-22,14:00:00,84,77,7,FMN 26 Stadspark
672,Rubenslei 36,2023-01-22,15:00:00,55,48,7,FMN 26 Stadspark
672,Rubenslei 36,2023-01-22,16:00:00,45,41,4,FMN 26 Stadspark
672,Rubenslei 36,2023-01-22,17:00:00,58,51,7,FMN 26 Stadspark
672,Rubenslei 36,2023-01-22,18:00:00,55,45,10,FMN 26 Stadspark
672,Rubenslei 36,2023-01-22,19:00:00,48,40,8,FMN 26 Stadspark
672,Rubenslei 36,2023-01-22,20:00:00,49,41,8,FMN 26 Stadspark
672,Rubenslei 36,2023-01-22,21:00:00,39,32,7,FMN 26 Stadspark
672,Rubenslei 36,2023-01-22,22:00:00,24,22,2,FMN 26 Stadspark
672,Rubenslei 36,2023-01-22,23:00:00,8,5,3,FMN 26 Stadspark
672,Rubenslei 36,2023-01-23,00:00:00,4,3,1,FMN 26 Stadspark
672,Rubenslei 36,2023-01-23,01:00:00,3,2,1,FMN 26 Stadspark
672,Rubenslei 36,2023-01-23,02:00:00,2,2,0,FMN 26 Stadspark
672,Rubenslei 36,2023-01-23,03:00:00,5,2,3,FMN 26 Stadspark
672,Rubenslei 36,2023-01-23,04:00:00,6,5,1,FMN 26 Stadspark
672,Rubenslei 36,2023-01-23,05:00:00,21,20,1,FMN 26 Stadspark
672,Rubenslei 36,2023-01-23,06:00:00,40,36,4,FMN 26 Stadspark
672,Rubenslei 36,2023-01-23,07:00:00,125,119,6,FMN 26 Stadspark
672,Rubenslei 36,2023-01-23,08:00:00,289,269,20,FMN 26 Stadspark
672,Rubenslei 36,2023-01-23,09:00:00,141,134,7,FMN 26 Stadspark
672,Rubenslei 36,2023-01-23,10:00:00,91,84,7,FMN 26 Stadspark
672,Rubenslei 36,2023-01-23,11:00:00,72,67,5,FMN 26 Stadspark
672,Rubenslei 36,2023-01-23,12:00:00,106,102,4,FMN 26 Stadspark
672,Rubenslei 36,2023-01-23,13:00:00,99,92,7,FMN 26 Stadspark
672,Rubenslei 36,2023-01-23,14:00:00,102,90,12,FMN 26 Stadspark
672,Rubenslei 36,2023-01-23,15:00:00,159,142,17,FMN 26 Stadspark
672,Rubenslei 36,2023-01-23,16:00:00,189,172,17,FMN 26 Stadspark
672,Rubenslei 36,2023-01-23,17:00:00,190,170,20,FMN 26 Stadspark
672,Rubenslei 36,2023-01-23,18:00:00,137,125,12,FMN 26 Stadspark
672,Rubenslei 36,2023-01-23,19:00:00,103,98,5,FMN 26 Stadspark
672,Rubenslei 36,2023-01-23,20:00:00,60,52,8,FMN 26 Stadspark
672,Rubenslei 36,2023-01-23,21:00:00,33,30,3,FMN 26 Stadspark
672,Rubenslei 36,2023-01-23,22:00:00,22,20,2,FMN 26 Stadspark
672,Rubenslei 36,2023-01-23,23:00:00,15,12,3,FMN 26 Stadspark
672,Rubenslei 36,2023-01-24,00:00:00,4,1,3,FMN 26 Stadspark
672,Rubenslei 36,2023-01-24,01:00:00,13,10,3,FMN 26 Stadspark
672,Rubenslei 36,2023-01-24,02:00:00,3,3,0,FMN 26 Stadspark
672,Rubenslei 36,2023-01-24,03:00:00,3,3,0,FMN 26 Stadspark
672,Rubenslei 36,2023-01-24,04:00:00,8,6,2,FMN 26 Stadspark
672,Rubenslei 36,2023-01-24,05:00:00,12,12,0,FMN 26 Stadspark
672,Rubenslei 36,2023-01-24,06:00:00,30,28,2,FMN 26 Stadspark
672,Rubenslei 36,2023-01-24,07:00:00,116,113,3,FMN 26 Stadspark
672,Rubenslei 36,2023-01-24,08:00:00,376,350,26,FMN 26 Stadspark
672,Rubenslei 36,2023-01-24,09:00:00,140,136,4,FMN 26 Stadspark
672,Rubenslei 36,2023-01-24,10:00:00,90,81,9,FMN 26 Stadspark
672,Rubenslei 36,2023-01-24,11:00:00,87,78,9,FMN 26 Stadspark
672,Rubenslei 36,2023-01-24,12:00:00,116,109,7,FMN 26 Stadspark
672,Rubenslei 36,2023-01-24,13:00:00,121,109,12,FMN 26 Stadspark
672,Rubenslei 36,2023-01-24,14:00:00,109,101,8,FMN 26 Stadspark
672,Rubenslei 36,2023-01-24,15:00:00,151,138,13,FMN 26 Stadspark
672,Rubenslei 36,2023-01-24,16:00:00,204,192,12,FMN 26 Stadspark
672,Rubenslei 36,2023-01-24,17:00:00,201,177,24,FMN 26 Stadspark
672,Rubenslei 36,2023-01-24,18:00:00,147,124,23,FMN 26 Stadspark
672,Rubenslei 36,2023-01-24,19:00:00,107,90,17,FMN 26 Stadspark
672,Rubenslei 36,2023-01-24,20:00:00,67,53,14,FMN 26 Stadspark
672,Rubenslei 36,2023-01-24,21:00:00,53,42,11,FMN 26 Stadspark
672,Rubenslei 36,2023-01-24,22:00:00,37,33,4,FMN 26 Stadspark
672,Rubenslei 36,2023-01-24,23:00:00,19,14,5,FMN 26 Stadspark
672,Rubenslei 36,2023-01-25,00:00:00,13,11,2,FMN 26 Stadspark
672,Rubenslei 36,2023-01-25,01:00:00,5,4,1,FMN 26 Stadspark
672,Rubenslei 36,2023-01-25,02:00:00,3,2,1,FMN 26 Stadspark
672,Rubenslei 36,2023-01-25,03:00:00,2,2,0,FMN 26 Stadspark
672,Rubenslei 36,2023-01-25,04:00:00,9,9,0,FMN 26 Stadspark
672,Rubenslei 36,2023-01-25,05:00:00,18,17,1,FMN 26 Stadspark
672,Rubenslei 36,2023-01-25,06:00:00,37,34,3,FMN 26 Stadspark
672,Rubenslei 36,2023-01-25,07:00:00,113,108,5,FMN 26 Stadspark
672,Rubenslei 36,2023-01-25,08:00:00,304,291,13,FMN 26 Stadspark
672,Rubenslei 36,2023-01-25,09:00:00,131,125,6,FMN 26 Stadspark
672,Rubenslei 36,2023-01-25,10:00:00,98,92,6,FMN 26 Stadspark
672,Rubenslei 36,2023-01-25,11:00:00,98,90,8,FMN 26 Stadspark
672,Rubenslei 36,2023-01-25,12:00:00,167,154,13,FMN 26 Stadspark
672,Rubenslei 36,2023-01-25,13:00:00,140,127,13,FMN 26 Stadspark
672,Rubenslei 36,2023-01-25,14:00:00,103,94,9,FMN 26 Stadspark
672,Rubenslei 36,2023-01-25,15:00:00,131,118,13,FMN 26 Stadspark
672,Rubenslei 36,2023-01-25,16:00:00,161,145,16,FMN 26 Stadspark
672,Rubenslei 36,2023-01-25,17:00:00,174,157,17,FMN 26 Stadspark
672,Rubenslei 36,2023-01-25,18:00:00,137,118,19,FMN 26 Stadspark
672,Rubenslei 36,2023-01-25,19:00:00,107,94,13,FMN 26 Stadspark
672,Rubenslei 36,2023-01-25,20:00:00,67,58,9,FMN 26 Stadspark
672,Rubenslei 36,2023-01-25,21:00:00,50,44,6,FMN 26 Stadspark
672,Rubenslei 36,2023-01-25,22:00:00,52,43,9,FMN 26 Stadspark
672,Rubenslei 36,2023-01-25,23:00:00,24,18,6,FMN 26 Stadspark
672,Rubenslei 36,2023-01-26,00:00:00,15,13,2,FMN 26 Stadspark
672,Rubenslei 36,2023-01-26,01:00:00,8,6,2,FMN 26 Stadspark
672,Rubenslei 36,2023-01-26,02:00:00,4,3,1,FMN 26 Stadspark
672,Rubenslei 36,2023-01-26,03:00:00,4,2,2,FMN 26 Stadspark
672,Rubenslei 36,2023-01-26,04:00:00,9,9,0,FMN 26 Stadspark
672,Rubenslei 36,2023-01-26,05:00:00,19,18,1,FMN 26 Stadspark
672,Rubenslei 36,2023-01-26,06:00:00,34,32,2,FMN 26 Stadspark
672,Rubenslei 36,2023-01-26,07:00:00,115,109,6,FMN 26 Stadspark
672,Rubenslei 36,2023-01-26,08:00:00,291,278,13,FMN 26 Stadspark
672,Rubenslei 36,2023-01-26,09:00:00,123,117,6,FMN 26 Stadspark
672,Rubenslei 36,2023-01-26,10:00:00,93,87,6,FMN 26 Stadspark
672,Rubenslei 36,2023-01-26,11:00:00,87,80,7,FMN 26 Stadspark
672,Rubenslei 36,2023-01-26,12:00:00,125,113,12,FMN 26 Stadspark
672,Rubenslei 36,2023-01-26,13:00:00,114,102,12,FMN 26 Stadspark
672,Rubenslei 36,2023-01-26,14:00:00,97,85,12,FMN 26 Stadspark
672,Rubenslei 36,2023-01-26,15:00:00,161,146,15,FMN 26 Stadspark
672,Rubenslei 36,2023-01-26,16:00:00,180,160,20,FMN 26 Stadspark
672,Rubenslei 36,2023-01-26,17:00:00,178,156,22,FMN 26 Stadspark
672,Rubenslei 36,2023-01-26,18:00:00,149,127,22,FMN 26 Stadspark
672,Rubenslei 36,2023-01-26,19:00:00,116,99,17,FMN 26 Stadspark
672,Rubenslei 36,2023-01-26,20:00:00,67,58,9,FMN 26 Stadspark
672,Rubenslei 36,2023-01-26,21:00:00,60,49,11,FMN 26 Stadspark
672,Rubenslei 36,2023-01-26,22:00:00,46,39,7,FMN 26 Stadspark
672,Rubenslei 36,2023-01-26,23:00:00,29,23,6,FMN 26 Stadspark
672,Rubenslei 36,2023-01-27,00:00:00,23,18,5,FMN 26 Stadspark
672,Rubenslei 36,2023-01-27,01:00:00,16,11,5,FMN 26 Stadspark
672,Rubenslei 36,2023-01-27,02:00:00,10,7,3,FMN 26 Stadspark
672,Rubenslei 36,2023-01-27,03:00:00,8,5,3,FMN 26 Stadspark
672,Rubenslei 36,2023-01-27,04:00:00,13,11,2,FMN 26 Stadspark
672,Rubenslei 36,2023-01-27,05:00:00,18,16,2,FMN 26 Stadspark
672,Rubenslei 36,2023-01-27,06:00:00,31,27,4,FMN 26 Stadspark
672,Rubenslei 36,2023-01-27,07:00:00,79,74,5,FMN 26 Stadspark
672,Rubenslei 36,2023-01-27,08:00:00,194,184,10,FMN 26 Stadspark
672,Rubenslei 36,2023-01-27,09:00:00,107,101,6,FMN 26 Stadspark
672,Rubenslei 36,2023-01-27,10:00:00,87,81,6,FMN 26 Stadspark
672,Rubenslei 36,2023-01-27,11:00:00,80,71,9,FMN 26 Stadspark
672,Rubenslei 36,2023-01-27,12:00:00,102,91,11,FMN 26 Stadspark
672,Rubenslei 36,2023-01-27,13:00:00,107,93,14,FMN 26 Stadspark
672,Rubenslei 36,2023-01-27,14:00:00,103,90,13,FMN 26 Stadspark
672,Rubenslei 36,2023-01-27,15:00:00,144,128,16,FMN 26 Stadspark
672,Rubenslei 36,2023-01-27,16:00:00,147,128,19,FMN 26 Stadspark
672,Rubenslei 36,2023-01-27,17:00:00,150,126,24,FMN 26 Stadspark
672,Rubenslei 36,2023-01-27,18:00:00,115,97,18,FMN 26 Stadspark
672,Rubenslei 36,2023-01-27,19:00:00,95,82,13,FMN 26 Stadspark
672,Rubenslei 36,2023-01-27,20:00:00,64,54,10,FMN 26 Stadspark
672,Rubenslei 36,2023-01-27,21:00:00,49,40,9,FMN 26 Stadspark
672,Rubenslei 36,2023-01-27,22:00:00,37,30,7,FMN 26 Stadspark
672,Rubenslei 36,2023-01-27,23:00:00,30,24,6,FMN 26 Stadspark
672,Rubenslei 36,2023-01-28,00:00:00,30,27,3,FMN 26 Stadspark
672,Rubenslei 36,2023-01-28,01:00:00,28,23,5,FMN 26 Stadspark
672,Rubenslei 36,2023-01-28,02:00:00,17,12,5,FMN 26 Stadspark
672,Rubenslei 36,2023-01-28,03:00:00,15,9,6,FMN 26 Stadspark
672,Rubenslei 36,2023-01-28,04:00:00,12,6,6,FMN 26 Stadspark
672,Rubenslei 36,2023-01-28,05:00:00,14,10,4,FMN 26 Stadspark
672,Rubenslei 36,2023-01-28,06:00:00,15,10,5,FMN 26 Stadspark
672,Rubenslei 36,2023-01-28,07:00:00,18,16,2,FMN 26 Stadspark
672,Rubenslei 36,2023-01-28,08:00:00,29,27,2,FMN 26 Stadspark
672,Rubenslei 36,2023-01-28,09:00:00,56,52,4,FMN 26 Stadspark
672,Rubenslei 36,2023-01-28,10:00:00,69,61,8,FMN 26 Stadspark
672,Rubenslei 36,2023-01-28,11:00:00,80,70,10,FMN 26 Stadspark
672,Rubenslei 36,2023-01-28,12:00:00,93,84,9,FMN 26 Stadspark
672,Rubenslei 36,2023-01-28,13:00:00,96,85,11,FMN 26 Stadspark
672,Rubenslei 36,2023-01-28,14:00:00,108,94,14,FMN 26 Stadspark
672,Rubenslei 36,2023-01-28,15:00:00,95,82,13,FMN 26 Stadspark
672,Rubenslei 36,2023-01-28,16:00:00,79,67,12,FMN 26 Stadspark
672,Rubenslei 36,2023-01-28,17:00:00,76,62,14,FMN 26 Stadspark
672,Rubenslei 36,2023-01-28,18:00:00,80,67,13,FMN 26 Stadspark
672,Rubenslei 36,2023-01-28,19:00:00,77,66,11,FMN 26 Stadspark
672,Rubenslei 36,2023-01-28,20:00:00,55,46,9,FMN 26 Stadspark
672,Rubenslei 36,2023-01-28,21:00:00,38,31,7,FMN 26 Stadspark
672,Rubenslei 36,2023-01-28,22:00:00,35,27,8,FMN 26 Stadspark
672,Rubenslei 36,2023-01-28,23:00:00,34,26,8,FMN 26 Stadspark
672,Rubenslei 36,2023-01-29,00:00:00,32,25,7,FMN 26 Stadspark
672,Rubenslei 36,2023-01-29,01:00:00,25,19,6,FMN 26 Stadspark
672,Rubenslei 36,2023-01-29,02:00:00,18,12,6,FMN 26 Stadspark
672,Rubenslei 36,2023-01-29,03:00:00,12,8,4,FMN 26 Stadspark
672,Rubenslei 36,2023-01-29,04:00:00,10,6,4,FMN 26 Stadspark
672,Rubenslei 36,2023-01-29,05:00:00,12,8,4,FMN 26 Stadspark
672,Rubenslei 36,2023-01-29,06:00:00,10,6,4,FMN 26 Stadspark
672,Rubenslei 36,2023-01-29,07:00:00,10,9,1,FMN 26 Stadspark
672,Rubenslei 36,2023-01-29,08:00:00,20,18,2,FMN 26 Stadspark
672,Rubenslei 36,2023-01-29,09:00:00,32,29,3,FMN 26 Stadspark
672,Rubenslei 36,2023-01-29,10:00:00,48,43,5,FMN 26 Stadspark
672,Rubenslei 36,2023-01-29,11:00:00,59,53,6,FMN 26 Stadspark
672,Rubenslei 36,2023-01-29,12:00:00,64,57,7,FMN 26 Stadspark
672,Rubenslei 36,2023-01-29,13:00:00,76,67,9,FMN 26 Stadspark
672,Rubenslei 36,2023-01-29,14:00:00,73,64,9,FMN 26 Stadspark
672,Rubenslei 36,2023-01-29,15:00:00,60,52,8,FMN 26 Stadspark
672,Rubenslei 36,2023-01-29,16:00:00,59,50,9,FMN 26 Stadspark
672,Rubenslei 36,2023-01-29,17:00:00,60,51,9,FMN 26 Stadspark
672,Rubenslei 36,2023-01-29,18:00:00,58,48,10,FMN 26 Stadspark
672,Rubenslei 36,2023-01-29,19:00:00,56,44,12,FMN 26 Stadspark
672,Rubenslei 36,2023-01-29,20:00:00,41,34,7,FMN 26 Stadspark
672,Rubenslei 36,2023-01-29,21:00:00,33,27,6,FMN 26 Stadspark
672,Rubenslei 36,2023-01-29,22:00:00,30,23,7,FMN 26 Stadspark
672,Rubenslei 36,2023-01-29,23:00:00,12,8,4,FMN 26 Stadspark
672,Rubenslei 36,2023-01-30,00:00:00,8,6,2,FMN 26 Stadspark
672,Rubenslei 36,2023-01-30,01:00:00,6,4,2,FMN 26 Stadspark
672,Rubenslei 36,2023-01-30,02:00:00,3,2,1,FMN 26 Stadspark
672,Rubenslei 36,2023-01-30,03:00:00,4,3,1,FMN 26 Stadspark
672,Rubenslei 36,2023-01-30,04:00:00,8,8,0,FMN 26 Stadspark
672,Rubenslei 36,2023-01-30,05:00:00,19,18,1,FMN 26 Stadspark
672,Rubenslei 36,2023-01-30,06:00:00,40,37,3,FMN 26 Stadspark
672,Rubenslei 36,2023-01-30,07:00:00,113,105,8,FMN 26 Stadspark
672,Rubenslei 36,2023-01-30,08:00:00,297,281,16,FMN 26 Stadspark
672,Rubenslei 36,2023-01-30,09:00:00,139,132,7,FMN 26 Stadspark
672,Rubenslei 36,2023-01-30,10:00:00,93,87,6,FMN 26 Stadspark
672,Rubenslei 36,2023-01-30,11:00:00,88,81,7,FMN 26 Stadspark
672,Rubenslei 36,2023-01-30,12:00:00,125,115,10,FMN 26 Stadspark
672,Rubenslei 36,2023-01-30,13:00:00,116,104,12,FMN 26 Stadspark
672,Rubenslei 36,2023-01-30,14:00:00,105,94,11,FMN 26 Stadspark
672,Rubenslei 36,2023-01-30,15:00:00,175,160,15,FMN 26 Stadspark
672,Rubenslei 36,2023-01-30,16:00:00,201,181,20,FMN 26 Stadspark
672,Rubenslei 36,2023-01-30,17:00:00,207,183,24,FMN 26 Stadspark
672,Rubenslei 36,2023-01-30,18:00:00,141,123,18,FMN 26 Stadspark
672,Rubenslei 36,2023-01-30,19:00:00,93,81,12,FMN 26 Stadspark
672,Rubenslei 36,2023-01-30,20:00:00,60,51,9,FMN 26 Stadspark
672,Rubenslei 36,2023-01-30,21:00:00,46,37,9,FMN 26 Stadspark
672,Rubenslei 36,2023-01-30,22:00:00,40,34,6,FMN 26 Stadspark
672,Rubenslei 36,2023-01-30,23:00:00,21,18,3,FMN 26 Stadspark
672,Rubenslei 36,2023-01-31,00:00:00,8,6,2,FMN 26 Stadspark
672,Rubenslei 36,2023-01-31,01:00:00,5,4,1,FMN 26 Stadspark
672,Rubenslei 36,2023-01-31,02:00:00,4,3,1,FMN 26 Stadspark
672,Rubenslei 36,2023-01-31,03:00:00,3,3,0,FMN 26 Stadspark
672,Rubenslei 36,2023-01-31,04:00:00,8,7,1,FMN 26 Stadspark
672,Rubenslei 36,2023-01-31,05:00:00,17,16,1,FMN 26 Stadspark
672,Rubenslei 36,2023-01-31,06:00:00,35,32,3,FMN 26 Stadspark
672,Rubenslei 36,2023-01-31,07:00:00,121,114,7,FMN 26 Stadspark
672,Rubenslei 36,2023-01-31,08:00:00,304,285,19,FMN 26 Stadspark
672,Rubenslei 36,2023-01-31,09:00:00,131,125,6,FMN 26 Stadspark
672,Rubenslei 36,2023-01-31,10:00:00,92,87,5,FMN 26 Stadspark
672,Rubenslei 36,2023-01-31,11:00:00,88,80,8,FMN 26 Stadspark
672,Rubenslei 36,2023-01-31,12:00:00,120,109,11,FMN 26 Stadspark
672,Rubenslei 36,2023-01-31,13:00:00,122,112,10,FMN 26 Stadspark
672,Rubenslei 36,2023-01-31,14:00:00,106,95,11,FMN 26 Stadspark
672,Rubenslei 36,2023-01-31,15:00:00,153,137,16,FMN 26 Stadspark
672,Rubenslei 36,2023-01-31,16:00:00,186,169,17,FMN 26 Stadspark
672,Rubenslei 36,2023-01-31,17:00:00,197,173,24,FMN 26 Stadspark
672,Rubenslei 36,2023-01-31,18:00:00,146,127,19,FMN 26 Stadspark
672,Rubenslei 36,2023-01-31,19:00:00,103,88,15,FMN 26 Stadspark
672,Rubenslei 36,2023-01-31,20:00:00,60,51,9,FMN 26 Stadspark
672,Rubenslei 36,2023-01-31,21:00:00,56,48,8,FMN 26 Stadspark
672,Rubenslei 36,2023-01-31,22:00:00,44,37,7,FMN 26 Stadspark
672,Rubenslei 36,2023-01-31,23:00:00,24,19,5,FMN 26 Stadspark
672,Rubenslei 36,2023-02-01,00:00:00,10,10,0,FMN 26 Stadspark
672,Rubenslei 36,2023-02-01,01:00:00,5,4,1,FMN 26 Stadspark
672,Rubenslei 36,2023-02-01,02:00:00,1,1,0,FMN 26 Stadspark
672,Rubenslei 36,2023-02-01,03:00:00,2,2,0,FMN 26 Stadspark
672,Rubenslei 36,2023-02-01,04:00:00,10,9,1,FMN 26 Stadspark
672,Rubenslei 36,2023-02-01,05:00:00,16,15,1,FMN 26 Stadspark
672,Rubenslei 36,2023-02-01,06:00:00,29,27,2,FMN 26 Stadspark
672,Rubenslei 36,2023-02-01,07:00:00,129,127,2,FMN 26 Stadspark
672,Rubenslei 36,2023-02-01,08:00:00,330,324,6,FMN 26 Stadspark
672,Rubenslei 36,2023-02-01,09:00:00,136,129,7,FMN 26 Stadspark
672,Rubenslei 36,2023-02-01,10:00:00,86,81,5,FMN 26 Stadspark
672,Rubenslei 36,2023-02-01,11:00:00,103,94,9,FMN 26 Stadspark
672,Rubenslei 36,2023-02-01,12:00:00,168,155,13,FMN 26 Stadspark
672,Rubenslei 36,2023-02-01,13:00:00,144,137,7,FMN 26 Stadspark
672,Rubenslei 36,2023-02-01,14:00:00,117,105,12,FMN 26 Stadspark
672,Rubenslei 36,2023-02-01,15:00:00,116,106,10,FMN 26 Stadspark
672,Rubenslei 36,2023-02-01,16:00:00,171,160,11,FMN 26 Stadspark
672,Rubenslei 36,2023-02-01,17:00:00,182,158,24,FMN 26 Stadspark
672,Rubenslei 36,2023-02-01,18:00:00,162,142,20,FMN 26 Stadspark
672,Rubenslei 36,2023-02-01,19:00:00,123,110,13,FMN 26 Stadspark
672,Rubenslei 36,2023-02-01,20:00:00,72,60,12,FMN 26 Stadspark
672,Rubenslei 36,2023-02-01,21:00:00,54,43,11,FMN 26 Stadspark
672,Rubenslei 36,2023-02-01,22:00:00,71,65,6,FMN 26 Stadspark
672,Rubenslei 36,2023-02-01,23:00:00,19,12,7,FMN 26 Stadspark
672,Rubenslei 36,2023-02-02,00:00:00,0,0,0,FMN 26 Stadspark
672,Rubenslei 36,2023-02-02,01:00:00,8,6,2,FMN 26 Stadspark
672,Rubenslei 36,2023-02-02,02:00:00,3,2,1,FMN 26 Stadspark
672,Rubenslei 36,2023-02-02,03:00:00,6,6,0,FMN 26 Stadspark
672,Rubenslei 36,2023-02-02,04:00:00,14,13,1,FMN 26 Stadspark
672,Rubenslei 36,2023-02-02,05:00:00,14,14,0,FMN 26 Stadspark
672,Rubenslei 36,2023-02-02,06:00:00,33,32,1,FMN 26 Stadspark
672,Rubenslei 36,2023-02-02,07:00:00,119,110,9,FMN 26 Stadspark
672,Rubenslei 36,2023-02-02,08:00:00,299,285,14,FMN 26 Stadspark
672,Rubenslei 36,2023-02-02,09:00:00,121,116,5,FMN 26 Stadspark
672,Rubenslei 36,2023-02-02,10:00:00,106,94,12,FMN 26 Stadspark
672,Rubenslei 36,2023-02-02,11:00:00,84,77,7,FMN 26 Stadspark
672,Rubenslei 36,2023-02-02,12:00:00,122,113,9,FMN 26 Stadspark
672,Rubenslei 36,2023-02-02,13:00:00,108,97,11,FMN 26 Stadspark
672,Rubenslei 36,2023-02-02,14:00:00,87,84,3,FMN 26 Stadspark
672,Rubenslei 36,2023-02-02,15:00:00,170,152,18,FMN 26 Stadspark
672,Rubenslei 36,2023-02-02,16:00:00,171,158,13,FMN 26 Stadspark
672,Rubenslei 36,2023-02-02,17:00:00,180,157,23,FMN 26 Stadspark
672,Rubenslei 36,2023-02-02,18:00:00,146,123,23,FMN 26 Stadspark
672,Rubenslei 36,2023-02-02,19:00:00,115,99,16,FMN 26 Stadspark
672,Rubenslei 36,2023-02-02,20:00:00,69,62,7,FMN 26 Stadspark
672,Rubenslei 36,2023-02-02,21:00:00,57,53,4,FMN 26 Stadspark
672,Rubenslei 36,2023-02-02,22:00:00,55,46,9,FMN 26 Stadspark
672,Rubenslei 36,2023-02-02,23:00:00,22,18,4,FMN 26 Stadspark
672,Rubenslei 36,2023-02-03,00:00:00,0,0,0,FMN 26 Stadspark
672,Rubenslei 36,2023-02-03,01:00:00,17,12,5,FMN 26 Stadspark
672,Rubenslei 36,2023-02-03,02:00:00,12,10,2,FMN 26 Stadspark
672,Rubenslei 36,2023-02-03,03:00:00,5,5,0,FMN 26 Stadspark
672,Rubenslei 36,2023-02-03,04:00:00,12,8,4,FMN 26 Stadspark
672,Rubenslei 36,2023-02-03,05:00:00,26,22,4,FMN 26 Stadspark
672,Rubenslei 36,2023-02-03,06:00:00,37,32,5,FMN 26 Stadspark
672,Rubenslei 36,2023-02-03,07:00:00,104,100,4,FMN 26 Stadspark
672,Rubenslei 36,2023-02-03,08:00:00,261,245,16,FMN 26 Stadspark
672,Rubenslei 36,2023-02-03,09:00:00,132,124,8,FMN 26 Stadspark
672,Rubenslei 36,2023-02-03,10:00:00,99,93,6,FMN 26 Stadspark
672,Rubenslei 36,2023-02-03,11:00:00,104,88,16,FMN 26 Stadspark
672,Rubenslei 36,2023-02-03,12:00:00,123,111,12,FMN 26 Stadspark
672,Rubenslei 36,2023-02-03,13:00:00,132,115,17,FMN 26 Stadspark
672,Rubenslei 36,2023-02-03,14:00:00,118,104,14,FMN 26 Stadspark
672,Rubenslei 36,2023-02-03,15:00:00,180,160,20,FMN 26 Stadspark
672,Rubenslei 36,2023-02-03,16:00:00,185,167,18,FMN 26 Stadspark
672,Rubenslei 36,2023-02-03,17:00:00,177,158,19,FMN 26 Stadspark
672,Rubenslei 36,2023-02-03,18:00:00,146,127,19,FMN 26 Stadspark
672,Rubenslei 36,2023-02-03,19:00:00,125,110,15,FMN 26 Stadspark
672,Rubenslei 36,2023-02-03,20:00:00,80,73,7,FMN 26 Stadspark
672,Rubenslei 36,2023-02-03,21:00:00,57,49,8,FMN 26 Stadspark
672,Rubenslei 36,2023-02-03,22:00:00,46,37,9,FMN 26 Stadspark
672,Rubenslei 36,2023-02-03,23:00:00,40,33,7,FMN 26 Stadspark
672,Rubenslei 36,2023-02-04,00:00:00,0,0,0,FMN 26 Stadspark
672,Rubenslei 36,2023-02-04,01:00:00,27,22,5,FMN 26 Stadspark
672,Rubenslei 36,2023-02-04,02:00:00,14,11,3,FMN 26 Stadspark
672,Rubenslei 36,2023-02-04,03:00:00,20,7,13,FMN 26 Stadspark
672,Rubenslei 36,2023-02-04,04:00:00,5,3,2,FMN 26 Stadspark
672,Rubenslei 36,2023-02-04,05:00:00,9,4,5,FMN 26 Stadspark
672,Rubenslei 36,2023-02-04,06:00:00,16,12,4,FMN 26 Stadspark
672,Rubenslei 36,2023-02-04,07:00:00,18,14,4,FMN 26 Stadspark
672,Rubenslei 36,2023-02-04,08:00:00,33,29,4,FMN 26 Stadspark
672,Rubenslei 36,2023-02-04,09:00:00,57,53,4,FMN 26 Stadspark
672,Rubenslei 36,2023-02-04,10:00:00,68,58,10,FMN 26 Stadspark
672,Rubenslei 36,2023-02-04,11:00:00,79,71,8,FMN 26 Stadspark
672,Rubenslei 36,2023-02-04,12:00:00,90,82,8,FMN 26 Stadspark
672,Rubenslei 36,2023-02-04,13:00:00,89,83,6,FMN 26 Stadspark
672,Rubenslei 36,2023-02-04,14:00:00,106,91,15,FMN 26 Stadspark
672,Rubenslei 36,2023-02-04,15:00:00,90,78,12,FMN 26 Stadspark
672,Rubenslei 36,2023-02-04,16:00:00,79,68,11,FMN 26 Stadspark
672,Rubenslei 36,2023-02-04,17:00:00,88,70,18,FMN 26 Stadspark
672,Rubenslei 36,2023-02-04,18:00:00,72,63,9,FMN 26 Stadspark
672,Rubenslei 36,2023-02-04,19:00:00,70,64,6,FMN 26 Stadspark
672,Rubenslei 36,2023-02-04,20:00:00,54,49,5,FMN 26 Stadspark
672,Rubenslei 36,2023-02-04,21:00:00,41,31,10,FMN 26 Stadspark
672,Rubenslei 36,2023-02-04,22:00:00,31,27,4,FMN 26 Stadspark
672,Rubenslei 36,2023-02-04,23:00:00,34,29,5,FMN 26 Stadspark
672,Rubenslei 36,2023-02-05,00:00:00,34,30,4,FMN 26 Stadspark
672,Rubenslei 36,2023-02-05,01:00:00,25,17,8,FMN 26 Stadspark
672,Rubenslei 36,2023-02-05,02:00:00,26,21,5,FMN 26 Stadspark
672,Rubenslei 36,2023-02-05,03:00:00,13,7,6,FMN 26 Stadspark
672,Rubenslei 36,2023-02-05,04:00:00,14,3,11,FMN 26 Stadspark
672,Rubenslei 36,2023-02-05,05:00:00,12,7,5,FMN 26 Stadspark
672,Rubenslei 36,2023-02-05,06:00:00,12,9,3,FMN 26 Stadspark
672,Rubenslei 36,2023-02-05,07:00:00,9,7,2,FMN 26 Stadspark
672,Rubenslei 36,2023-02-05,08:00:00,18,18,0,FMN 26 Stadspark
672,Rubenslei 36,2023-02-05,09:00:00,32,26,6,FMN 26 Stadspark
672,Rubenslei 36,2023-02-05,10:00:00,54,52,2,FMN 26 Stadspark
672,Rubenslei 36,2023-02-05,11:00:00,60,52,8,FMN 26 Stadspark
672,Rubenslei 36,2023-02-05,12:00:00,87,79,8,FMN 26 Stadspark
672,Rubenslei 36,2023-02-05,13:00:00,86,75,11,FMN 26 Stadspark
672,Rubenslei 36,2023-02-05,14:00:00,85,74,11,FMN 26 Stadspark
672,Rubenslei 36,2023-02-05,15:00:00,66,58,8,FMN 26 Stadspark
672,Rubenslei 36,2023-02-05,16:00:00,57,49,8,FMN 26 Stadspark
672,Rubenslei 36,2023-02-05,17:00:00,70,61,9,FMN 26 Stadspark
672,Rubenslei 36,2023-02-05,18:00:00,59,51,8,FMN 26 Stadspark
672,Rubenslei 36,2023-02-05,19:00:00,64,53,11,FMN 26 Stadspark
672,Rubenslei 36,2023-02-05,20:00:00,45,32,13,FMN 26 Stadspark
672,Rubenslei 36,2023-02-05,21:00:00,48,41,7,FMN 26 Stadspark
672,Rubenslei 36,2023-02-05,22:00:00,24,20,4,FMN 26 Stadspark
672,Rubenslei 36,2023-02-05,23:00:00,17,9,8,FMN 26 Stadspark
672,Rubenslei 36,2023-02-06,00:00:00,0,0,0,FMN 26 Stadspark
672,Rubenslei 36,2023-02-06,01:00:00,3,2,1,FMN 26 Stadspark
672,Rubenslei 36,2023-02-06,02:00:00,2,1,1,FMN 26 Stadspark
672,Rubenslei 36,2023-02-06,03:00:00,3,3,0,FMN 26 Stadspark
672,Rubenslei 36,2023-02-06,04:00:00,4,3,1,FMN 26 Stadspark
672,Rubenslei 36,2023-02-06,05:00:00,20,19,1,FMN 26 Stadspark
672,Rubenslei 36,2023-02-06,06:00:00,42,39,3,FMN 26 Stadspark
672,Rubenslei 36,2023-02-06,07:00:00,98,90,8,FMN 26 Stadspark
672,Rubenslei 36,2023-02-06,08:00:00,261,250,11,FMN 26 Stadspark
672,Rubenslei 36,2023-02-06,09:00:00,114,110,4,FMN 26 Stadspark
672,Rubenslei 36,2023-02-06,10:00:00,81,75,6,FMN 26 Stadspark
672,Rubenslei 36,2023-02-06,11:00:00,79,74,5,FMN 26 Stadspark
672,Rubenslei 36,2023-02-06,12:00:00,124,111,13,FMN 26 Stadspark
672,Rubenslei 36,2023-02-06,13:00:00,106,99,7,FMN 26 Stadspark
672,Rubenslei 36,2023-02-06,14:00:00,95,89,6,FMN 26 Stadspark
672,Rubenslei 36,2023-02-06,15:00:00,163,146,17,FMN 26 Stadspark
672,Rubenslei 36,2023-02-06,16:00:00,183,162,21,FMN 26 Stadspark
672,Rubenslei 36,2023-02-06,17:00:00,195,173,22,FMN 26 Stadspark
672,Rubenslei 36,2023-02-06,18:00:00,122,105,17,FMN 26 Stadspark
672,Rubenslei 36,2023-02-06,19:00:00,84,76,8,FMN 26 Stadspark
672,Rubenslei 36,2023-02-06,20:00:00,56,45,11,FMN 26 Stadspark
672,Rubenslei 36,2023-02-06,21:00:00,40,34,6,FMN 26 Stadspark
672,Rubenslei 36,2023-02-06,22:00:00,36,31,5,FMN 26 Stadspark
672,Rubenslei 36,2023-02-06,23:00:00,14,12,2,FMN 26 Stadspark
672,Rubenslei 36,2023-02-07,00:00:00,6,5,1,FMN 26 Stadspark
672,Rubenslei 36,2023-02-07,01:00:00,1,1,0,FMN 26 Stadspark
672,Rubenslei 36,2023-02-07,02:00:00,4,4,0,FMN 26 Stadspark
672,Rubenslei 36,2023-02-07,03:00:00,2,2,0,FMN 26 Stadspark
672,Rubenslei 36,2023-02-07,04:00:00,4,4,0,FMN 26 Stadspark
672,Rubenslei 36,2023-02-07,05:00:00,13,12,1,FMN 26 Stadspark
672,Rubenslei 36,2023-02-07,06:00:00,36,35,1,FMN 26 Stadspark
672,Rubenslei 36,2023-02-07,07:00:00,143,136,7,FMN 26 Stadspark
672,Rubenslei 36,2023-02-07,08:00:00,362,346,16,FMN 26 Stadspark
672,Rubenslei 36,2023-02-07,09:00:00,144,134,10,FMN 26 Stadspark
672,Rubenslei 36,2023-02-07,10:00:00,74,66,8,FMN 26 Stadspark
672,Rubenslei 36,2023-02-07,11:00:00,91,86,5,FMN 26 Stadspark
672,Rubenslei 36,2023-02-07,12:00:00,126,113,13,FMN 26 Stadspark
672,Rubenslei 36,2023-02-07,13:00:00,124,115,9,FMN 26 Stadspark
672,Rubenslei 36,2023-02-07,14:00:00,83,75,8,FMN 26 Stadspark
672,Rubenslei 36,2023-02-07,15:00:00,185,169,16,FMN 26 Stadspark
672,Rubenslei 36,2023-02-07,16:00:00,205,188,17,FMN 26 Stadspark
672,Rubenslei 36,2023-02-07,17:00:00,208,186,22,FMN 26 Stadspark
672,Rubenslei 36,2023-02-07,18:00:00,162,150,12,FMN 26 Stadspark
672,Rubenslei 36,2023-02-07,19:00:00,98,81,17,FMN 26 Stadspark
672,Rubenslei 36,2023-02-07,20:00:00,88,75,13,FMN 26 Stadspark
672,Rubenslei 36,2023-02-07,21:00:00,63,49,14,FMN 26 Stadspark
672,Rubenslei 36,2023-02-07,22:00:00,38,35,3,FMN 26 Stadspark
672,Rubenslei 36,2023-02-07,23:00:00,21,15,6,FMN 26 Stadspark
672,Rubenslei 36,2023-02-08,00:00:00,10,10,0,FMN 26 Stadspark
672,Rubenslei 36,2023-02-08,01:00:00,4,3,1,FMN 26 Stadspark
672,Rubenslei 36,2023-02-08,02:00:00,6,5,1,FMN 26 Stadspark
672,Rubenslei 36,2023-02-08,03:00:00,3,3,0,FMN 26 Stadspark
672,Rubenslei 36,2023-02-08,04:00:00,5,5,0,FMN 26 Stadspark
672,Rubenslei 36,2023-02-08,05:00:00,14,13,1,FMN 26 Stadspark
672,Rubenslei 36,2023-02-08,06:00:00,34,33,1,FMN 26 Stadspark
672,Rubenslei 36,2023-02-08,07:00:00,101,98,3,FMN 26 Stadspark
672,Rubenslei 36,2023-02-08,08:00:00,299,283,16,FMN 26 Stadspark
672,Rubenslei 36,2023-02-08,09:00:00,124,121,3,FMN 26 Stadspark
672,Rubenslei 36,2023-02-08,10:00:00,84,79,5,FMN 26 Stadspark
672,Rubenslei 36,2023-02-08,11:00:00,85,77,8,FMN 26 Stadspark
672,Rubenslei 36,2023-02-08,12:00:00,153,149,4,FMN 26 Stadspark
672,Rubenslei 36,2023-02-08,13:00:00,109,100,9,FMN 26 Stadspark
672,Rubenslei 36,2023-02-08,14:00:00,93,86,7,FMN 26 Stadspark
672,Rubenslei 36,2023-02-08,15:00:00,113,104,9,FMN 26 Stadspark
672,Rubenslei 36,2023-02-08,16:00:00,133,121,12,FMN 26 Stadspark
672,Rubenslei 36,2023-02-08,17:00:00,200,180,20,FMN 26 Stadspark
672,Rubenslei 36,2023-02-08,18:00:00,143,123,20,FMN 26 Stadspark
672,Rubenslei 36,2023-02-08,19:00:00,112,91,21,FMN 26 Stadspark
672,Rubenslei 36,2023-02-08,20:00:00,78,62,16,FMN 26 Stadspark
672,Rubenslei 36,2023-02-08,21:00:00,58,51,7,FMN 26 Stadspark
672,Rubenslei 36,2023-02-08,22:00:00,49,43,6,FMN 26 Stadspark
672,Rubenslei 36,2023-02-08,23:00:00,24,21,3,FMN 26 Stadspark
672,Rubenslei 36,2023-02-09,00:00:00,9,8,1,FMN 26 Stadspark
672,Rubenslei 36,2023-02-09,01:00:00,2,1,1,FMN 26 Stadspark
672,Rubenslei 36,2023-02-09,02:00:00,2,2,0,FMN 26 Stadspark
672,Rubenslei 36,2023-02-09,03:00:00,2,2,0,FMN 26 Stadspark
672,Rubenslei 36,2023-02-09,04:00:00,8,8,0,FMN 26 Stadspark
672,Rubenslei 36,2023-02-09,05:00:00,23,22,1,FMN 26 Stadspark
672,Rubenslei 36,2023-02-09,06:00:00,41,40,1,FMN 26 Stadspark
672,Rubenslei 36,2023-02-09,07:00:00,140,132,8,FMN 26 Stadspark
672,Rubenslei 36,2023-02-09,08:00:00,316,305,11,FMN 26 Stadspark
672,Rubenslei 36,2023-02-09,09:00:00,148,144,4,FMN 26 Stadspark
672,Rubenslei 36,2023-02-09,10:00:00,93,90,3,FMN 26 Stadspark
672,Rubenslei 36,2023-02-09,11:00:00,91,83,8,FMN 26 Stadspark
672,Rubenslei 36,2023-02-09,12:00:00,115,105,10,FMN 26 Stadspark
672,Rubenslei 36,2023-02-09,13:00:00,99,87,12,FMN 26 Stadspark
672,Rubenslei 36,2023-02-09,14:00:00,99,93,6,FMN 26 Stadspark
672,Rubenslei 36,2023-02-09,15:00:00,155,142,13,FMN 26 Stadspark
672,Rubenslei 36,2023-02-09,16:00:00,201,181,20,FMN 26 Stadspark
672,Rubenslei 36,2023-02-09,17:00:00,205,186,19,FMN 26 Stadspark
672,Rubenslei 36,2023-02-09,18:00:00,155,136,19,FMN 26 Stadspark
672,Rubenslei 36,2023-02-09,19:00:00,108,93,15,FMN 26 Stadspark
672,Rubenslei 36,2023-02-09,20:00:00,77,62,15,FMN 26 Stadspark
672,Rubenslei 36,2023-02-09,21:00:00,60,53,7,FMN 26 Stadspark
672,Rubenslei 36,2023-02-09,22:00:00,55,42,13,FMN 26 Stadspark
672,Rubenslei 36,2023-02-09,23:00:00,26,18,8,FMN 26 Stadspark
672,Rubenslei 36,2023-02-10,00:00:00,11,8,3,FMN 26 Stadspark
672,Rubenslei 36,2023-02-10,01:00:00,6,5,1,FMN 26 Stadspark
672,Rubenslei 36,2023-02-10,02:00:00,2,2,0,FMN 26 Stadspark
672,Rubenslei 36,2023-02-10,03:00:00,4,3,1,FMN 26 Stadspark
672,Rubenslei 36,2023-02-10,04:00:00,8,7,1,FMN 26 Stadspark
672,Rubenslei 36,2023-02-10,05:00:00,18,17,1,FMN 26 Stadspark
672,Rubenslei 36,2023-02-10,06:00:00,33,28,5,FMN 26 Stadspark
672,Rubenslei 36,2023-02-10,07:00:00,103,101,2,FMN 26 Stadspark
672,Rubenslei 36,2023-02-10,08:00:00,268,263,5,FMN 26 Stadspark
672,Rubenslei 36,2023-02-10,09:00:00,143,135,8,FMN 26 Stadspark
672,Rubenslei 36,2023-02-10,10:00:00,105,97,8,FMN 26 Stadspark
672,Rubenslei 36,2023-02-10,11:00:00,96,83,13,FMN 26 Stadspark
672,Rubenslei 36,2023-02-10,12:00:00,128,118,10,FMN 26 Stadspark
672,Rubenslei 36,2023-02-10,13:00:00,108,103,5,FMN 26 Stadspark
672,Rubenslei 36,2023-02-10,14:00:00,109,100,9,FMN 26 Stadspark
672,Rubenslei 36,2023-02-10,15:00:00,145,131,14,FMN 26 Stadspark
672,Rubenslei 36,2023-02-10,16:00:00,161,152,9,FMN 26 Stadspark
672,Rubenslei 36,2023-02-10,17:00:00,175,158,17,FMN 26 Stadspark
672,Rubenslei 36,2023-02-10,18:00:00,138,126,12,FMN 26 Stadspark
672,Rubenslei 36,2023-02-10,19:00:00,122,104,18,FMN 26 Stadspark
672,Rubenslei 36,2023-02-10,20:00:00,81,71,10,FMN 26 Stadspark
672,Rubenslei 36,2023-02-10,21:00:00,57,46,11,FMN 26 Stadspark
672,Rubenslei 36,2023-02-10,22:00:00,59,46,13,FMN 26 Stadspark
672,Rubenslei 36,2023-02-10,23:00:00,32,21,11,FMN 26 Stadspark
672,Rubenslei 36,2023-02-11,00:00:00,32,21,11,FMN 26 Stadspark
672,Rubenslei 36,2023-02-11,01:00:00,25,20,5,FMN 26 Stadspark
672,Rubenslei 36,2023-02-11,02:00:00,11,9,2,FMN 26 Stadspark
672,Rubenslei 36,2023-02-11,03:00:00,12,4,8,FMN 26 Stadspark
672,Rubenslei 36,2023-02-11,04:00:00,10,4,6,FMN 26 Stadspark
672,Rubenslei 36,2023-02-11,05:00:00,8,5,3,FMN 26 Stadspark
672,Rubenslei 36,2023-02-11,06:00:00,11,11,0,FMN 26 Stadspark
672,Rubenslei 36,2023-02-11,07:00:00,20,18,2,FMN 26 Stadspark
672,Rubenslei 36,2023-02-11,08:00:00,38,36,2,FMN 26 Stadspark
672,Rubenslei 36,2023-02-11,09:00:00,93,87,6,FMN 26 Stadspark
672,Rubenslei 36,2023-02-11,10:00:00,86,78,8,FMN 26 Stadspark
672,Rubenslei 36,2023-02-11,11:00:00,99,95,4,FMN 26 Stadspark
672,Rubenslei 36,2023-02-11,12:00:00,99,86,13,FMN 26 Stadspark
672,Rubenslei 36,2023-02-11,13:00:00,140,129,11,FMN 26 Stadspark
672,Rubenslei 36,2023-02-11,14:00:00,125,113,12,FMN 26 Stadspark
672,Rubenslei 36,2023-02-11,15:00:00,104,96,8,FMN 26 Stadspark
672,Rubenslei 36,2023-02-11,16:00:00,92,81,11,FMN 26 Stadspark
672,Rubenslei 36,2023-02-11,17:00:00,91,75,16,FMN 26 Stadspark
672,Rubenslei 36,2023-02-11,18:00:00,108,95,13,FMN 26 Stadspark
672,Rubenslei 36,2023-02-11,19:00:00,77,70,7,FMN 26 Stadspark
672,Rubenslei 36,2023-02-11,20:00:00,76,65,11,FMN 26 Stadspark
672,Rubenslei 36,2023-02-11,21:00:00,63,57,6,FMN 26 Stadspark
672,Rubenslei 36,2023-02-11,22:00:00,45,37,8,FMN 26 Stadspark
672,Rubenslei 36,2023-02-11,23:00:00,34,25,9,FMN 26 Stadspark
672,Rubenslei 36,2023-02-12,00:00:00,27,16,11,FMN 26 Stadspark
672,Rubenslei 36,2023-02-12,01:00:00,41,27,14,FMN 26 Stadspark
672,Rubenslei 36,2023-02-12,02:00:00,22,17,5,FMN 26 Stadspark
672,Rubenslei 36,2023-02-12,03:00:00,22,9,13,FMN 26 Stadspark
672,Rubenslei 36,2023-02-12,04:00:00,13,10,3,FMN 26 Stadspark
672,Rubenslei 36,2023-02-12,05:00:00,12,7,5,FMN 26 Stadspark
672,Rubenslei 36,2023-02-12,06:00:00,10,6,4,FMN 26 Stadspark
672,Rubenslei 36,2023-02-12,07:00:00,10,9,1,FMN 26 Stadspark
672,Rubenslei 36,2023-02-12,08:00:00,24,23,1,FMN 26 Stadspark
672,Rubenslei 36,2023-02-12,09:00:00,38,36,2,FMN 26 Stadspark
672,Rubenslei 36,2023-02-12,10:00:00,60,56,4,FMN 26 Stadspark
672,Rubenslei 36,2023-02-12,11:00:00,78,71,7,FMN 26 Stadspark
672,Rubenslei 36,2023-02-12,12:00:00,103,93,10,FMN 26 Stadspark
672,Rubenslei 36,2023-02-12,13:00:00,85,75,10,FMN 26 Stadspark
672,Rubenslei 36,2023-02-12,14:00:00,68,56,12,FMN 26 Stadspark
672,Rubenslei 36,2023-02-12,15:00:00,87,71,16,FMN 26 Stadspark
672,Rubenslei 36,2023-02-12,16:00:00,70,58,12,FMN 26 Stadspark
672,Rubenslei 36,2023-02-12,17:00:00,80,70,10,FMN 26 Stadspark
672,Rubenslei 36,2023-02-12,18:00:00,80,69,11,FMN 26 Stadspark
672,Rubenslei 36,2023-02-12,19:00:00,56,48,8,FMN 26 Stadspark
672,Rubenslei 36,2023-02-12,20:00:00,62,53,9,FMN 26 Stadspark
672,Rubenslei 36,2023-02-12,21:00:00,49,40,9,FMN 26 Stadspark
672,Rubenslei 36,2023-02-12,22:00:00,38,31,7,FMN 26 Stadspark
672,Rubenslei 36,2023-02-12,23:00:00,11,8,3,FMN 26 Stadspark
672,Rubenslei 36,2023-02-13,00:00:00,10,6,4,FMN 26 Stadspark
672,Rubenslei 36,2023-02-13,01:00:00,4,3,1,FMN 26 Stadspark
672,Rubenslei 36,2023-02-13,02:00:00,3,3,0,FMN 26 Stadspark
672,Rubenslei 36,2023-02-13,03:00:00,1,1,0,FMN 26 Stadspark
672,Rubenslei 36,2023-02-13,04:00:00,4,3,1,FMN 26 Stadspark
672,Rubenslei 36,2023-02-13,05:00:00,18,18,0,FMN 26 Stadspark
672,Rubenslei 36,2023-02-13,06:00:00,43,38,5,FMN 26 Stadspark
672,Rubenslei 36,2023-02-13,07:00:00,124,120,4,FMN 26 Stadspark
672,Rubenslei 36,2023-02-13,08:00:00,337,325,12,FMN 26 Stadspark
672,Rubenslei 36,2023-02-13,09:00:00,137,129,8,FMN 26 Stadspark
672,Rubenslei 36,2023-02-13,10:00:00,92,87,5,FMN 26 Stadspark
672,Rubenslei 36,2023-02-13,11:00:00,91,87,4,FMN 26 Stadspark
672,Rubenslei 36,2023-02-13,12:00:00,134,124,10,FMN 26 Stadspark
672,Rubenslei 36,2023-02-13,13:00:00,116,106,10,FMN 26 Stadspark
672,Rubenslei 36,2023-02-13,14:00:00,89,84,5,FMN 26 Stadspark
672,Rubenslei 36,2023-02-13,15:00:00,156,141,15,FMN 26 Stadspark
672,Rubenslei 36,2023-02-13,16:00:00,206,189,17,FMN 26 Stadspark
672,Rubenslei 36,2023-02-13,17:00:00,217,200,17,FMN 26 Stadspark
672,Rubenslei 36,2023-02-13,18:00:00,168,147,21,FMN 26 Stadspark
672,Rubenslei 36,2023-02-13,19:00:00,95,84,11,FMN 26 Stadspark
672,Rubenslei 36,2023-02-13,20:00:00,70,56,14,FMN 26 Stadspark
672,Rubenslei 36,2023-02-13,21:00:00,59,47,12,FMN 26 Stadspark
672,Rubenslei 36,2023-02-13,22:00:00,52,45,7,FMN 26 Stadspark
672,Rubenslei 36,2023-02-13,23:00:00,27,24,3,FMN 26 Stadspark
672,Rubenslei 36,2023-02-14,00:00:00,8,7,1,FMN 26 Stadspark
672,Rubenslei 36,2023-02-14,01:00:00,4,4,0,FMN 26 Stadspark
672,Rubenslei 36,2023-02-14,02:00:00,2,1,1,FMN 26 Stadspark
672,Rubenslei 36,2023-02-14,03:00:00,2,2,0,FMN 26 Stadspark
672,Rubenslei 36,2023-02-14,04:00:00,6,6,0,FMN 26 Stadspark
672,Rubenslei 36,2023-02-14,05:00:00,18,17,1,FMN 26 Stadspark
672,Rubenslei 36,2023-02-14,06:00:00,44,39,5,FMN 26 Stadspark
672,Rubenslei 36,2023-02-14,07:00:00,168,160,8,FMN 26 Stadspark
672,Rubenslei 36,2023-02-14,08:00:00,414,398,16,FMN 26 Stadspark
672,Rubenslei 36,2023-02-14,09:00:00,179,176,3,FMN 26 Stadspark
672,Rubenslei 36,2023-02-14,10:00:00,116,109,7,FMN 26 Stadspark
672,Rubenslei 36,2023-02-14,11:00:00,104,99,5,FMN 26 Stadspark
672,Rubenslei 36,2023-02-14,12:00:00,123,118,5,FMN 26 Stadspark
672,Rubenslei 36,2023-02-14,13:00:00,138,121,17,FMN 26 Stadspark
672,Rubenslei 36,2023-02-14,14:00:00,122,113,9,FMN 26 Stadspark
672,Rubenslei 36,2023-02-14,15:00:00,199,178,21,FMN 26 Stadspark
672,Rubenslei 36,2023-02-14,16:00:00,244,222,22,FMN 26 Stadspark
672,Rubenslei 36,2023-02-14,17:00:00,238,224,14,FMN 26 Stadspark
672,Rubenslei 36,2023-02-14,18:00:00,196,179,17,FMN 26 Stadspark
672,Rubenslei 36,2023-02-14,19:00:00,118,100,18,FMN 26 Stadspark
672,Rubenslei 36,2023-02-14,20:00:00,89,76,13,FMN 26 Stadspark
672,Rubenslei 36,2023-02-14,21:00:00,86,73,13,FMN 26 Stadspark
672,Rubenslei 36,2023-02-14,22:00:00,55,45,10,FMN 26 Stadspark
672,Rubenslei 36,2023-02-14,23:00:00,31,23,8,FMN 26 Stadspark
672,Rubenslei 36,2023-02-15,00:00:00,11,6,5,FMN 26 Stadspark
672,Rubenslei 36,2023-02-15,01:00:00,6,5,1,FMN 26 Stadspark
672,Rubenslei 36,2023-02-15,02:00:00,2,1,1,FMN 26 Stadspark
672,Rubenslei 36,2023-02-15,03:00:00,3,3,0,FMN 26 Stadspark
672,Rubenslei 36,2023-02-15,04:00:00,9,8,1,FMN 26 Stadspark
672,Rubenslei 36,2023-02-15,05:00:00,17,16,1,FMN 26 Stadspark
672,Rubenslei 36,2023-02-15,06:00:00,40,40,0,FMN 26 Stadspark
672,Rubenslei 36,2023-02-15,07:00:00,131,127,4,FMN 26 Stadspark
672,Rubenslei 36,2023-02-15,08:00:00,338,321,17,FMN 26 Stadspark
672,Rubenslei 36,2023-02-15,09:00:00,138,133,5,FMN 26 Stadspark
672,Rubenslei 36,2023-02-15,10:00:00,105,100,5,FMN 26 Stadspark
672,Rubenslei 36,2023-02-15,11:00:00,95,84,11,FMN 26 Stadspark
672,Rubenslei 36,2023-02-15,12:00:00,182,167,15,FMN 26 Stadspark
672,Rubenslei 36,2023-02-15,13:00:00,146,132,14,FMN 26 Stadspark
672,Rubenslei 36,2023-02-15,14:00:00,131,116,15,FMN 26 Stadspark
672,Rubenslei 36,2023-02-15,15:00:00,130,116,14,FMN 26 Stadspark
672,Rubenslei 36,2023-02-15,16:00:00,177,168,9,FMN 26 Stadspark
672,Rubenslei 36,2023-02-15,17:00:00,202,183,19,FMN 26 Stadspark
672,Rubenslei 36,2023-02-15,18:00:00,156,137,19,FMN 26 Stadspark
672,Rubenslei 36,2023-02-15,19:00:00,131,118,13,FMN 26 Stadspark
672,Rubenslei 36,2023-02-15,20:00:00,73,64,9,FMN 26 Stadspark
672,Rubenslei 36,2023-02-15,21:00:00,59,53,6,FMN 26 Stadspark
672,Rubenslei 36,2023-02-15,22:00:00,53,45,8,FMN 26 Stadspark
672,Rubenslei 36,2023-02-15,23:00:00,23,15,8,FMN 26 Stadspark
672,Rubenslei 36,2023-02-16,00:00:00,12,9,3,FMN 26 Stadspark
672,Rubenslei 36,2023-02-16,01:00:00,4,3,1,FMN 26 Stadspark
672,Rubenslei 36,2023-02-16,02:00:00,2,2,0,FMN 26 Stadspark
672,Rubenslei 36,2023-02-16,03:00:00,3,3,0,FMN 26 Stadspark
672,Rubenslei 36,2023-02-16,04:00:00,11,10,1,FMN 26 Stadspark
672,Rubenslei 36,2023-02-16,05:00:00,20,16,4,FMN 26 Stadspark
672,Rubenslei 36,2023-02-16,06:00:00,37,36,1,FMN 26 Stadspark
672,Rubenslei 36,2023-02-16,07:00:00,150,144,6,FMN 26 Stadspark
672,Rubenslei 36,2023-02-16,08:00:00,385,376,9,FMN 26 Stadspark
672,Rubenslei 36,2023-02-16,09:00:00,140,134,6,FMN 26 Stadspark
672,Rubenslei 36,2023-02-16,10:00:00,112,107,5,FMN 26 Stadspark
672,Rubenslei 36,2023-02-16,11:00:00,72,64,8,FMN 26 Stadspark
672,Rubenslei 36,2023-02-16,12:00:00,126,117,9,FMN 26 Stadspark
672,Rubenslei 36,2023-02-16,13:00:00,131,118,13,FMN 26 Stadspark
672,Rubenslei 36,2023-02-16,14:00:00,89,81,8,FMN 26 Stadspark
672,Rubenslei 36,2023-02-16,15:00:00,167,151,16,FMN 26 Stadspark
672,Rubenslei 36,2023-02-16,16:00:00,200,192,8,FMN 26 Stadspark
672,Rubenslei 36,2023-02-16,17:00:00,208,191,17,FMN 26 Stadspark
672,Rubenslei 36,2023-02-16,18:00:00,159,138,21,FMN 26 Stadspark
672,Rubenslei 36,2023-02-16,19:00:00,117,103,14,FMN 26 Stadspark
672,Rubenslei 36,2023-02-16,20:00:00,73,63,10,FMN 26 Stadspark
672,Rubenslei 36,2023-02-16,21:00:00,75,62,13,FMN 26 Stadspark
672,Rubenslei 36,2023-02-16,22:00:00,77,72,5,FMN 26 Stadspark
672,Rubenslei 36,2023-02-16,23:00:00,25,21,4,FMN 26 Stadspark
672,Rubenslei 36,2023-02-17,00:00:00,10,8,2,FMN 26 Stadspark
672,Rubenslei 36,2023-02-17,01:00:00,7,7,0,FMN 26 Stadspark
672,Rubenslei 36,2023-02-17,02:00:00,3,3,0,FMN 26 Stadspark
672,Rubenslei 36,2023-02-17,03:00:00,7,7,0,FMN 26 Stadspark
672,Rubenslei 36,2023-02-17,04:00:00,6,5,1,FMN 26 Stadspark
672,Rubenslei 36,2023-02-17,05:00:00,22,17,5,FMN 26 Stadspark
672,Rubenslei 36,2023-02-17,06:00:00,36,34,2,FMN 26 Stadspark
672,Rubenslei 36,2023-02-17,07:00:00,117,113,4,FMN 26 Stadspark
672,Rubenslei 36,2023-02-17,08:00:00,346,337,9,FMN 26 Stadspark
672,Rubenslei 36,2023-02-17,09:00:00,145,138,7,FMN 26 Stadspark
672,Rubenslei 36,2023-02-17,10:00:00,97,91,6,FMN 26 Stadspark
672,Rubenslei 36,2023-02-17,11:00:00,105,97,8,FMN 26 Stadspark
672,Rubenslei 36,2023-02-17,12:00:00,138,124,14,FMN 26 Stadspark
672,Rubenslei 36,2023-02-17,13:00:00,142,130,12,FMN 26 Stadspark
672,Rubenslei 36,2023-02-17,14:00:00,92,82,10,FMN 26 Stadspark
672,Rubenslei 36,2023-02-17,15:00:00,158,145,13,FMN 26 Stadspark
672,Rubenslei 36,2023-02-17,16:00:00,187,176,11,FMN 26 Stadspark
672,Rubenslei 36,2023-02-17,17:00:00,186,168,18,FMN 26 Stadspark
672,Rubenslei 36,2023-02-17,18:00:00,192,174,18,FMN 26 Stadspark
672,Rubenslei 36,2023-02-17,19:00:00,137,127,10,FMN 26 Stadspark
672,Rubenslei 36,2023-02-17,20:00:00,80,69,11,FMN 26 Stadspark
672,Rubenslei 36,2023-02-17,21:00:00,82,67,15,FMN 26 Stadspark
672,Rubenslei 36,2023-02-17,22:00:00,62,54,8,FMN 26 Stadspark
672,Rubenslei 36,2023-02-17,23:00:00,58,43,15,FMN 26 Stadspark
672,Rubenslei 36,2023-02-18,00:00:00,27,17,10,FMN 26 Stadspark
672,Rubenslei 36,2023-02-18,01:00:00,53,45,8,FMN 26 Stadspark
672,Rubenslei 36,2023-02-18,02:00:00,35,27,8,FMN 26 Stadspark
672,Rubenslei 36,2023-02-18,03:00:00,33,20,13,FMN 26 Stadspark
672,Rubenslei 36,2023-02-18,04:00:00,17,10,7,FMN 26 Stadspark
672,Rubenslei 36,2023-02-18,05:00:00,17,7,10,FMN 26 Stadspark
672,Rubenslei 36,2023-02-18,06:00:00,23,11,12,FMN 26 Stadspark
672,Rubenslei 36,2023-02-18,07:00:00,16,12,4,FMN 26 Stadspark
672,Rubenslei 36,2023-02-18,08:00:00,31,30,1,FMN 26 Stadspark
672,Rubenslei 36,2023-02-18,09:00:00,75,71,4,FMN 26 Stadspark
672,Rubenslei 36,2023-02-18,10:00:00,87,79,8,FMN 26 Stadspark
672,Rubenslei 36,2023-02-18,11:00:00,106,95,11,FMN 26 Stadspark
672,Rubenslei 36,2023-02-18,12:00:00,114,105,9,FMN 26 Stadspark
672,Rubenslei 36,2023-02-18,13:00:00,101,92,9,FMN 26 Stadspark
672,Rubenslei 36,2023-02-18,14:00:00,123,110,13,FMN 26 Stadspark
672,Rubenslei 36,2023-02-18,15:00:00,97,86,11,FMN 26 Stadspark
672,Rubenslei 36,2023-02-18,16:00:00,77,67,10,FMN 26 Stadspark
672,Rubenslei 36,2023-02-18,17:00:00,102,90,12,FMN 26 Stadspark
672,Rubenslei 36,2023-02-18,18:00:00,80,71,9,FMN 26 Stadspark
672,Rubenslei 36,2023-02-18,19:00:00,101,89,12,FMN 26 Stadspark
672,Rubenslei 36,2023-02-18,20:00:00,85,76,9,FMN 26 Stadspark
672,Rubenslei 36,2023-02-18,21:00:00,63,56,7,FMN 26 Stadspark
672,Rubenslei 36,2023-02-18,22:00:00,33,28,5,FMN 26 Stadspark
672,Rubenslei 36,2023-02-18,23:00:00,56,46,10,FMN 26 Stadspark
672,Rubenslei 36,2023-02-19,00:00:00,27,21,6,FMN 26 Stadspark
672,Rubenslei 36,2023-02-19,01:00:00,27,20,7,FMN 26 Stadspark
672,Rubenslei 36,2023-02-19,02:00:00,16,12,4,FMN 26 Stadspark
672,Rubenslei 36,2023-02-19,03:00:00,17,10,7,FMN 26 Stadspark
672,Rubenslei 36,2023-02-19,04:00:00,13,7,6,FMN 26 Stadspark
672,Rubenslei 36,2023-02-19,05:00:00,16,11,5,FMN 26 Stadspark
672,Rubenslei 36,2023-02-19,06:00:00,11,9,2,FMN 26 Stadspark
672,Rubenslei 36,2023-02-19,07:00:00,8,7,1,FMN 26 Stadspark
672,Rubenslei 36,2023-02-19,08:00:00,16,14,2,FMN 26 Stadspark
672,Rubenslei 36,2023-02-19,09:00:00,29,28,1,FMN 26 Stadspark
672,Rubenslei 36,2023-02-19,10:00:00,51,46,5,FMN 26 Stadspark
672,Rubenslei 36,2023-02-19,11:00:00,67,58,9,FMN 26 Stadspark
672,Rubenslei 36,2023-02-19,12:00:00,63,54,9,FMN 26 Stadspark
672,Rubenslei 36,2023-02-19,13:00:00,75,65,10,FMN 26 Stadspark
672,Rubenslei 36,2023-02-19,14:00:00,61,53,8,FMN 26 Stadspark
672,Rubenslei 36,2023-02-19,15:00:00,58,49,9,FMN 26 Stadspark
672,Rubenslei 36,2023-02-19,16:00:00,67,59,8,FMN 26 Stadspark
672,Rubenslei 36,2023-02-19,17:00:00,64,57,7,FMN 26 Stadspark
672,Rubenslei 36,2023-02-19,18:00:00,49,43,6,FMN 26 Stadspark
672,Rubenslei 36,2023-02-19,19:00:00,53,42,11,FMN 26 Stadspark
672,Rubenslei 36,2023-02-19,20:00:00,39,32,7,FMN 26 Stadspark
672,Rubenslei 36,2023-02-19,21:00:00,40,32,8,FMN 26 Stadspark
672,Rubenslei 36,2023-02-19,22:00:00,30,25,5,FMN 26 Stadspark
672,Rubenslei 36,2023-02-19,23:00:00,11,6,5,FMN 26 Stadspark
672,Rubenslei 36,2023-02-20,00:00:00,0,0,0,FMN 26 Stadspark
672,Rubenslei 36,2023-02-20,01:00:00,6,4,2,FMN 26 Stadspark
672,Rubenslei 36,2023-02-20,02:00:00,5,4,1,FMN 26 Stadspark
672,Rubenslei 36,2023-02-20,03:00:00,0,0,0,FMN 26 Stadspark
672,Rubenslei 36,2023-02-20,04:00:00,5,4,1,FMN 26 Stadspark
672,Rubenslei 36,2023-02-20,05:00:00,25,25,0,FMN 26 Stadspark
672,Rubenslei 36,2023-02-20,06:00:00,37,37,0,FMN 26 Stadspark
672,Rubenslei 36,2023-02-20,07:00:00,113,105,8,FMN 26 Stadspark
672,Rubenslei 36,2023-02-20,08:00:00,298,288,10,FMN 26 Stadspark
672,Rubenslei 36,2023-02-20,09:00:00,142,134,8,FMN 26 Stadspark
672,Rubenslei 36,2023-02-20,10:00:00,88,82,6,FMN 26 Stadspark
672,Rubenslei 36,2023-02-20,11:00:00,88,83,5,FMN 26 Stadspark
672,Rubenslei 36,2023-02-20,12:00:00,131,117,14,FMN 26 Stadspark
672,Rubenslei 36,2023-02-20,13:00:00,123,113,10,FMN 26 Stadspark
672,Rubenslei 36,2023-02-20,14:00:00,108,96,12,FMN 26 Stadspark
672,Rubenslei 36,2023-02-20,15:00:00,176,156,20,FMN 26 Stadspark
672,Rubenslei 36,2023-02-20,16:00:00,200,183,17,FMN 26 Stadspark
672,Rubenslei 36,2023-02-20,17:00:00,210,189,21,FMN 26 Stadspark
672,Rubenslei 36,2023-02-20,18:00:00,152,130,22,FMN 26 Stadspark
672,Rubenslei 36,2023-02-20,19:00:00,98,83,15,FMN 26 Stadspark
672,Rubenslei 36,2023-02-20,20:00:00,64,51,13,FMN 26 Stadspark
672,Rubenslei 36,2023-02-20,21:00:00,49,40,9,FMN 26 Stadspark
672,Rubenslei 36,2023-02-20,22:00:00,36,30,6,FMN 26 Stadspark
672,Rubenslei 36,2023-02-20,23:00:00,24,22,2,FMN 26 Stadspark
672,Rubenslei 36,2023-02-21,00:00:00,0,0,0,FMN 26 Stadspark
672,Rubenslei 36,2023-02-21,01:00:00,4,4,0,FMN 26 Stadspark
672,Rubenslei 36,2023-02-21,02:00:00,4,2,2,FMN 26 Stadspark
672,Rubenslei 36,2023-02-21,03:00:00,5,5,0,FMN 26 Stadspark
672,Rubenslei 36,2023-02-21,04:00:00,6,6,0,FMN 26 Stadspark
672,Rubenslei 36,2023-02-21,05:00:00,15,14,1,FMN 26 Stadspark
672,Rubenslei 36,2023-02-21,06:00:00,33,32,1,FMN 26 Stadspark
672,Rubenslei 36,2023-02-21,07:00:00,122,118,4,FMN 26 Stadspark
672,Rubenslei 36,2023-02-21,08:00:00,302,282,20,FMN 26 Stadspark
672,Rubenslei 36,2023-02-21,09:00:00,124,121,3,FMN 26 Stadspark
672,Rubenslei 36,2023-02-21,10:00:00,91,84,7,FMN 26 Stadspark
672,Rubenslei 36,2023-02-21,11:00:00,92,86,6,FMN 26 Stadspark
672,Rubenslei 36,2023-02-21,12:00:00,120,108,12,FMN 26 Stadspark
672,Rubenslei 36,2023-02-21,13:00:00,123,107,16,FMN 26 Stadspark
672,Rubenslei 36,2023-02-21,14:00:00,102,91,11,FMN 26 Stadspark
672,Rubenslei 36,2023-02-21,15:00:00,157,146,11,FMN 26 Stadspark
672,Rubenslei 36,2023-02-21,16:00:00,199,174,25,FMN 26 Stadspark
672,Rubenslei 36,2023-02-21,17:00:00,194,180,14,FMN 26 Stadspark
672,Rubenslei 36,2023-02-21,18:00:00,147,131,16,FMN 26 Stadspark
672,Rubenslei 36,2023-02-21,19:00:00,100,80,20,FMN 26 Stadspark
672,Rubenslei 36,2023-02-21,20:00:00,78,63,15,FMN 26 Stadspark
672,Rubenslei 36,2023-02-21,21:00:00,62,54,8,FMN 26 Stadspark
672,Rubenslei 36,2023-02-21,22:00:00,42,34,8,FMN 26 Stadspark
672,Rubenslei 36,2023-02-21,23:00:00,18,13,5,FMN 26 Stadspark
672,Rubenslei 36,2023-02-22,00:00:00,0,0,0,FMN 26 Stadspark
672,Rubenslei 36,2023-02-22,01:00:00,9,7,2,FMN 26 Stadspark
672,Rubenslei 36,2023-02-22,02:00:00,2,2,0,FMN 26 Stadspark
672,Rubenslei 36,2023-02-22,03:00:00,4,4,0,FMN 26 Stadspark
672,Rubenslei 36,2023-02-22,04:00:00,13,12,1,FMN 26 Stadspark
672,Rubenslei 36,2023-02-22,05:00:00,15,14,1,FMN 26 Stadspark
672,Rubenslei 36,2023-02-22,06:00:00,39,36,3,FMN 26 Stadspark
672,Rubenslei 36,2023-02-22,07:00:00,125,119,6,FMN 26 Stadspark
672,Rubenslei 36,2023-02-22,08:00:00,315,303,12,FMN 26 Stadspark
672,Rubenslei 36,2023-02-22,09:00:00,139,130,9,FMN 26 Stadspark
672,Rubenslei 36,2023-02-22,10:00:00,113,105,8,FMN 26 Stadspark
672,Rubenslei 36,2023-02-22,11:00:00,100,93,7,FMN 26 Stadspark
672,Rubenslei 36,2023-02-22,12:00:00,178,158,20,FMN 26 Stadspark
672,Rubenslei 36,2023-02-22,13:00:00,148,135,13,FMN 26 Stadspark
672,Rubenslei 36,2023-02-22,14:00:00,118,103,15,FMN 26 Stadspark
672,Rubenslei 36,2023-02-22,15:00:00,149,128,21,FMN 26 Stadspark
672,Rubenslei 36,2023-02-22,16:00:00,172,157,15,FMN 26 Stadspark
672,Rubenslei 36,2023-02-22,17:00:00,191,173,18,FMN 26 Stadspark
672,Rubenslei 36,2023-02-22,18:00:00,140,126,14,FMN 26 Stadspark
672,Rubenslei 36,2023-02-22,19:00:00,114,101,13,FMN 26 Stadspark
672,Rubenslei 36,2023-02-22,20:00:00,72,62,10,FMN 26 Stadspark
672,Rubenslei 36,2023-02-22,21:00:00,57,47,10,FMN 26 Stadspark
672,Rubenslei 36,2023-02-22,22:00:00,45,43,2,FMN 26 Stadspark
672,Rubenslei 36,2023-02-22,23:00:00,20,13,7,FMN 26 Stadspark
672,Rubenslei 36,2023-02-23,00:00:00,0,0,0,FMN 26 Stadspark
672,Rubenslei 36,2023-02-23,01:00:00,6,4,2,FMN 26 Stadspark
672,Rubenslei 36,2023-02-23,02:00:00,3,2,1,FMN 26 Stadspark
672,Rubenslei 36,2023-02-23,03:00:00,2,2,0,FMN 26 Stadspark
672,Rubenslei 36,2023-02-23,04:00:00,8,7,1,FMN 26 Stadspark
672,Rubenslei 36,2023-02-23,05:00:00,19,18,1,FMN 26 Stadspark
672,Rubenslei 36,2023-02-23,06:00:00,32,30,2,FMN 26 Stadspark
672,Rubenslei 36,2023-02-23,07:00:00,110,107,3,FMN 26 Stadspark
672,Rubenslei 36,2023-02-23,08:00:00,301,285,16,FMN 26 Stadspark
672,Rubenslei 36,2023-02-23,09:00:00,123,114,9,FMN 26 Stadspark
672,Rubenslei 36,2023-02-23,10:00:00,99,93,6,FMN 26 Stadspark
672,Rubenslei 36,2023-02-23,11:00:00,84,81,3,FMN 26 Stadspark
672,Rubenslei 36,2023-02-23,12:00:00,118,103,15,FMN 26 Stadspark
672,Rubenslei 36,2023-02-23,13:00:00,114,104,10,FMN 26 Stadspark
672,Rubenslei 36,2023-02-23,14:00:00,97,89,8,FMN 26 Stadspark
672,Rubenslei 36,2023-02-23,15:00:00,155,143,12,FMN 26 Stadspark
672,Rubenslei 36,2023-02-23,16:00:00,189,171,18,FMN 26 Stadspark
672,Rubenslei 36,2023-02-23,17:00:00,182,164,18,FMN 26 Stadspark
672,Rubenslei 36,2023-02-23,18:00:00,146,131,15,FMN 26 Stadspark
672,Rubenslei 36,2023-02-23,19:00:00,120,98,22,FMN 26 Stadspark
672,Rubenslei 36,2023-02-23,20:00:00,61,54,7,FMN 26 Stadspark
672,Rubenslei 36,2023-02-23,21:00:00,62,56,6,FMN 26 Stadspark
672,Rubenslei 36,2023-02-23,22:00:00,54,45,9,FMN 26 Stadspark
672,Rubenslei 36,2023-02-23,23:00:00,27,21,6,FMN 26 Stadspark
672,Rubenslei 36,2023-02-24,00:00:00,0,0,0,FMN 26 Stadspark
672,Rubenslei 36,2023-02-24,01:00:00,13,10,3,FMN 26 Stadspark
672,Rubenslei 36,2023-02-24,02:00:00,17,12,5,FMN 26 Stadspark
672,Rubenslei 36,2023-02-24,03:00:00,6,4,2,FMN 26 Stadspark
672,Rubenslei 36,2023-02-24,04:00:00,12,10,2,FMN 26 Stadspark
672,Rubenslei 36,2023-02-24,05:00:00,24,21,3,FMN 26 Stadspark
672,Rubenslei 36,2023-02-24,06:00:00,41,36,5,FMN 26 Stadspark
672,Rubenslei 36,2023-02-24,07:00:00,107,100,7,FMN 26 Stadspark
672,Rubenslei 36,2023-02-24,08:00:00,258,247,11,FMN 26 Stadspark
672,Rubenslei 36,2023-02-24,09:00:00,127,121,6,FMN 26 Stadspark
672,Rubenslei 36,2023-02-24,10:00:00,100,93,7,FMN 26 Stadspark
672,Rubenslei 36,2023-02-24,11:00:00,94,85,9,FMN 26 Stadspark
672,Rubenslei 36,2023-02-24,12:00:00,122,109,13,FMN 26 Stadspark
672,Rubenslei 36,2023-02-24,13:00:00,119,109,10,FMN 26 Stadspark
672,Rubenslei 36,2023-02-24,14:00:00,121,107,14,FMN 26 Stadspark
672,Rubenslei 36,2023-02-24,15:00:00,175,158,17,FMN 26 Stadspark
672,Rubenslei 36,2023-02-24,16:00:00,183,161,22,FMN 26 Stadspark
672,Rubenslei 36,2023-02-24,17:00:00,189,162,27,FMN 26 Stadspark
672,Rubenslei 36,2023-02-24,18:00:00,146,127,19,FMN 26 Stadspark
672,Rubenslei 36,2023-02-24,19:00:00,125,108,17,FMN 26 Stadspark
672,Rubenslei 36,2023-02-24,20:00:00,86,75,11,FMN 26 Stadspark
672,Rubenslei 36,2023-02-24,21:00:00,61,52,9,FMN 26 Stadspark
672,Rubenslei 36,2023-02-24,22:00:00,47,39,8,FMN 26 Stadspark
672,Rubenslei 36,2023-02-24,23:00:00,42,36,6,FMN 26 Stadspark
672,Rubenslei 36,2023-02-25,00:00:00,0,0,0,FMN 26 Stadspark
672,Rubenslei 36,2023-02-25,01:00:00,30,25,5,FMN 26 Stadspark
672,Rubenslei 36,2023-02-25,02:00:00,12,6,6,FMN 26 Stadspark
672,Rubenslei 36,2023-02-25,03:00:00,17,10,7,FMN 26 Stadspark
672,Rubenslei 36,2023-02-25,04:00:00,12,8,4,FMN 26 Stadspark
672,Rubenslei 36,2023-02-25,05:00:00,13,9,4,FMN 26 Stadspark
672,Rubenslei 36,2023-02-25,06:00:00,13,6,7,FMN 26 Stadspark
672,Rubenslei 36,2023-02-25,07:00:00,12,9,3,FMN 26 Stadspark
672,Rubenslei 36,2023-02-25,08:00:00,29,26,3,FMN 26 Stadspark
672,Rubenslei 36,2023-02-25,09:00:00,62,58,4,FMN 26 Stadspark
672,Rubenslei 36,2023-02-25,10:00:00,70,59,11,FMN 26 Stadspark
672,Rubenslei 36,2023-02-25,11:00:00,67,59,8,FMN 26 Stadspark
672,Rubenslei 36,2023-02-25,12:00:00,94,83,11,FMN 26 Stadspark
672,Rubenslei 36,2023-02-25,13:00:00,100,96,4,FMN 26 Stadspark
672,Rubenslei 36,2023-02-25,14:00:00,90,79,11,FMN 26 Stadspark
672,Rubenslei 36,2023-02-25,15:00:00,95,80,15,FMN 26 Stadspark
672,Rubenslei 36,2023-02-25,16:00:00,83,72,11,FMN 26 Stadspark
672,Rubenslei 36,2023-02-25,17:00:00,67,60,7,FMN 26 Stadspark
672,Rubenslei 36,2023-02-25,18:00:00,77,62,15,FMN 26 Stadspark
672,Rubenslei 36,2023-02-25,19:00:00,80,69,11,FMN 26 Stadspark
672,Rubenslei 36,2023-02-25,20:00:00,54,46,8,FMN 26 Stadspark
672,Rubenslei 36,2023-02-25,21:00:00,36,30,6,FMN 26 Stadspark
672,Rubenslei 36,2023-02-25,22:00:00,36,29,7,FMN 26 Stadspark
672,Rubenslei 36,2023-02-25,23:00:00,35,28,7,FMN 26 Stadspark
672,Rubenslei 36,2023-02-26,00:00:00,0,0,0,FMN 26 Stadspark
672,Rubenslei 36,2023-02-26,01:00:00,28,23,5,FMN 26 Stadspark
672,Rubenslei 36,2023-02-26,02:00:00,19,11,8,FMN 26 Stadspark
672,Rubenslei 36,2023-02-26,03:00:00,13,8,5,FMN 26 Stadspark
672,Rubenslei 36,2023-02-26,04:00:00,16,10,6,FMN 26 Stadspark
672,Rubenslei 36,2023-02-26,05:00:00,18,8,10,FMN 26 Stadspark
672,Rubenslei 36,2023-02-26,06:00:00,14,8,6,FMN 26 Stadspark
672,Rubenslei 36,2023-02-26,07:00:00,7,6,1,FMN 26 Stadspark
672,Rubenslei 36,2023-02-26,08:00:00,22,20,2,FMN 26 Stadspark
672,Rubenslei 36,2023-02-26,09:00:00,36,33,3,FMN 26 Stadspark
672,Rubenslei 36,2023-02-26,10:00:00,53,48,5,FMN 26 Stadspark
672,Rubenslei 36,2023-02-26,11:00:00,58,54,4,FMN 26 Stadspark
672,Rubenslei 36,2023-02-26,12:00:00,80,71,9,FMN 26 Stadspark
672,Rubenslei 36,2023-02-26,13:00:00,75,65,10,FMN 26 Stadspark
672,Rubenslei 36,2023-02-26,14:00:00,77,69,8,FMN 26 Stadspark
672,Rubenslei 36,2023-02-26,15:00:00,63,54,9,FMN 26 Stadspark
672,Rubenslei 36,2023-02-26,16:00:00,64,54,10,FMN 26 Stadspark
672,Rubenslei 36,2023-02-26,17:00:00,62,55,7,FMN 26 Stadspark
672,Rubenslei 36,2023-02-26,18:00:00,62,53,9,FMN 26 Stadspark
672,Rubenslei 36,2023-02-26,19:00:00,60,48,12,FMN 26 Stadspark
672,Rubenslei 36,2023-02-26,20:00:00,47,40,7,FMN 26 Stadspark
672,Rubenslei 36,2023-02-26,21:00:00,43,32,11,FMN 26 Stadspark
672,Rubenslei 36,2023-02-26,22:00:00,41,35,6,FMN 26 Stadspark
672,Rubenslei 36,2023-02-26,23:00:00,13,8,5,FMN 26 Stadspark
672,Rubenslei 36,2023-02-27,00:00:00,0,0,0,FMN 26 Stadspark
672,Rubenslei 36,2023-02-27,01:00:00,2,0,2,FMN 26 Stadspark
672,Rubenslei 36,2023-02-27,02:00:00,0,0,0,FMN 26 Stadspark
672,Rubenslei 36,2023-02-27,03:00:00,2,2,0,FMN 26 Stadspark
672,Rubenslei 36,2023-02-27,04:00:00,8,7,1,FMN 26 Stadspark
672,Rubenslei 36,2023-02-27,05:00:00,14,14,0,FMN 26 Stadspark
672,Rubenslei 36,2023-02-27,06:00:00,38,34,4,FMN 26 Stadspark
672,Rubenslei 36,2023-02-27,07:00:00,111,104,7,FMN 26 Stadspark
672,Rubenslei 36,2023-02-27,08:00:00,272,256,16,FMN 26 Stadspark
672,Rubenslei 36,2023-02-27,09:00:00,120,114,6,FMN 26 Stadspark
672,Rubenslei 36,2023-02-27,10:00:00,85,78,7,FMN 26 Stadspark
672,Rubenslei 36,2023-02-27,11:00:00,77,73,4,FMN 26 Stadspark
672,Rubenslei 36,2023-02-27,12:00:00,109,104,5,FMN 26 Stadspark
672,Rubenslei 36,2023-02-27,13:00:00,110,97,13,FMN 26 Stadspark
672,Rubenslei 36,2023-02-27,14:00:00,93,86,7,FMN 26 Stadspark
672,Rubenslei 36,2023-02-27,15:00:00,152,142,10,FMN 26 Stadspark
672,Rubenslei 36,2023-02-27,16:00:00,179,158,21,FMN 26 Stadspark
672,Rubenslei 36,2023-02-27,17:00:00,195,175,20,FMN 26 Stadspark
672,Rubenslei 36,2023-02-27,18:00:00,128,108,20,FMN 26 Stadspark
672,Rubenslei 36,2023-02-27,19:00:00,84,76,8,FMN 26 Stadspark
672,Rubenslei 36,2023-02-27,20:00:00,56,49,7,FMN 26 Stadspark
672,Rubenslei 36,2023-02-27,21:00:00,41,29,12,FMN 26 Stadspark
672,Rubenslei 36,2023-02-27,22:00:00,34,27,7,FMN 26 Stadspark
672,Rubenslei 36,2023-02-27,23:00:00,25,23,2,FMN 26 Stadspark
672,Rubenslei 36,2023-02-28,00:00:00,0,0,0,FMN 26 Stadspark
672,Rubenslei 36,2023-02-28,01:00:00,2,2,0,FMN 26 Stadspark
672,Rubenslei 36,2023-02-28,02:00:00,7,6,1,FMN 26 Stadspark
672,Rubenslei 36,2023-02-28,03:00:00,5,5,0,FMN 26 Stadspark
672,Rubenslei 36,2023-02-28,04:00:00,12,10,2,FMN 26 Stadspark
672,Rubenslei 36,2023-02-28,05:00:00,14,14,0,FMN 26 Stadspark
672,Rubenslei 36,2023-02-28,06:00:00,37,37,0,FMN 26 Stadspark
672,Rubenslei 36,2023-02-28,07:00:00,138,129,9,FMN 26 Stadspark
672,Rubenslei 36,2023-02-28,08:00:00,352,328,24,FMN 26 Stadspark
672,Rubenslei 36,2023-02-28,09:00:00,137,132,5,FMN 26 Stadspark
672,Rubenslei 36,2023-02-28,10:00:00,92,85,7,FMN 26 Stadspark
672,Rubenslei 36,2023-02-28,11:00:00,92,87,5,FMN 26 Stadspark
672,Rubenslei 36,2023-02-28,12:00:00,137,127,10,FMN 26 Stadspark
672,Rubenslei 36,2023-02-28,13:00:00,140,127,13,FMN 26 Stadspark
672,Rubenslei 36,2023-02-28,14:00:00,125,112,13,FMN 26 Stadspark
672,Rubenslei 36,2023-02-28,15:00:00,179,158,21,FMN 26 Stadspark
672,Rubenslei 36,2023-02-28,16:00:00,207,189,18,FMN 26 Stadspark
672,Rubenslei 36,2023-02-28,17:00:00,229,194,35,FMN 26 Stadspark
672,Rubenslei 36,2023-02-28,18:00:00,173,148,25,FMN 26 Stadspark
672,Rubenslei 36,2023-02-28,19:00:00,111,94,17,FMN 26 Stadspark
672,Rubenslei 36,2023-02-28,20:00:00,80,74,6,FMN 26 Stadspark
672,Rubenslei 36,2023-02-28,21:00:00,60,51,9,FMN 26 Stadspark
672,Rubenslei 36,2023-02-28,22:00:00,51,44,7,FMN 26 Stadspark
672,Rubenslei 36,2023-02-28,23:00:00,28,24,4,FMN 26 Stadspark
672,Rubenslei 36,2023-03-01,00:00:00,0,0,0,FMN 26 Stadspark
672,Rubenslei 36,2023-03-01,01:00:00,5,4,1,FMN 26 Stadspark
672,Rubenslei 36,2023-03-01,02:00:00,2,2,0,FMN 26 Stadspark
672,Rubenslei 36,2023-03-01,03:00:00,2,2,0,FMN 26 Stadspark
672,Rubenslei 36,2023-03-01,04:00:00,13,13,0,FMN 26 Stadspark
672,Rubenslei 36,2023-03-01,05:00:00,22,20,2,FMN 26 Stadspark
672,Rubenslei 36,2023-03-01,06:00:00,34,32,2,FMN 26 Stadspark
672,Rubenslei 36,2023-03-01,07:00:00,108,101,7,FMN 26 Stadspark
672,Rubenslei 36,2023-03-01,08:00:00,305,289,16,FMN 26 Stadspark
672,Rubenslei 36,2023-03-01,09:00:00,133,131,2,FMN 26 Stadspark
672,Rubenslei 36,2023-03-01,10:00:00,93,85,8,FMN 26 Stadspark
672,Rubenslei 36,2023-03-01,11:00:00,94,85,9,FMN 26 Stadspark
672,Rubenslei 36,2023-03-01,12:00:00,154,140,14,FMN 26 Stadspark
672,Rubenslei 36,2023-03-01,13:00:00,126,115,11,FMN 26 Stadspark
672,Rubenslei 36,2023-03-01,14:00:00,113,101,12,FMN 26 Stadspark
672,Rubenslei 36,2023-03-01,15:00:00,131,119,12,FMN 26 Stadspark
672,Rubenslei 36,2023-03-01,16:00:00,151,134,17,FMN 26 Stadspark
672,Rubenslei 36,2023-03-01,17:00:00,168,151,17,FMN 26 Stadspark
672,Rubenslei 36,2023-03-01,18:00:00,138,122,16,FMN 26 Stadspark
672,Rubenslei 36,2023-03-01,19:00:00,96,85,11,FMN 26 Stadspark
672,Rubenslei 36,2023-03-01,20:00:00,67,60,7,FMN 26 Stadspark
672,Rubenslei 36,2023-03-01,21:00:00,60,48,12,FMN 26 Stadspark
672,Rubenslei 36,2023-03-01,22:00:00,48,41,7,FMN 26 Stadspark
672,Rubenslei 36,2023-03-01,23:00:00,19,14,5,FMN 26 Stadspark
672,Rubenslei 36,2023-03-02,00:00:00,0,0,0,FMN 26 Stadspark
672,Rubenslei 36,2023-03-02,01:00:00,8,6,2,FMN 26 Stadspark
672,Rubenslei 36,2023-03-02,02:00:00,5,5,0,FMN 26 Stadspark
672,Rubenslei 36,2023-03-02,03:00:00,3,2,1,FMN 26 Stadspark
672,Rubenslei 36,2023-03-02,04:00:00,14,13,1,FMN 26 Stadspark
672,Rubenslei 36,2023-03-02,05:00:00,26,23,3,FMN 26 Stadspark
672,Rubenslei 36,2023-03-02,06:00:00,38,36,2,FMN 26 Stadspark
672,Rubenslei 36,2023-03-02,07:00:00,129,122,7,FMN 26 Stadspark
672,Rubenslei 36,2023-03-02,08:00:00,325,315,10,FMN 26 Stadspark
672,Rubenslei 36,2023-03-02,09:00:00,135,132,3,FMN 26 Stadspark
672,Rubenslei 36,2023-03-02,10:00:00,111,100,11,FMN 26 Stadspark
672,Rubenslei 36,2023-03-02,11:00:00,98,87,11,FMN 26 Stadspark
672,Rubenslei 36,2023-03-02,12:00:00,135,123,12,FMN 26 Stadspark
672,Rubenslei 36,2023-03-02,13:00:00,123,108,15,FMN 26 Stadspark
672,Rubenslei 36,2023-03-02,14:00:00,97,89,8,FMN 26 Stadspark
672,Rubenslei 36,2023-03-02,15:00:00,172,161,11,FMN 26 Stadspark
672,Rubenslei 36,2023-03-02,16:00:00,192,178,14,FMN 26 Stadspark
672,Rubenslei 36,2023-03-02,17:00:00,192,173,19,FMN 26 Stadspark
672,Rubenslei 36,2023-03-02,18:00:00,176,147,29,FMN 26 Stadspark
672,Rubenslei 36,2023-03-02,19:00:00,119,104,15,FMN 26 Stadspark
672,Rubenslei 36,2023-03-02,20:00:00,68,59,9,FMN 26 Stadspark
672,Rubenslei 36,2023-03-02,21:00:00,72,57,15,FMN 26 Stadspark
672,Rubenslei 36,2023-03-02,22:00:00,54,46,8,FMN 26 Stadspark
672,Rubenslei 36,2023-03-02,23:00:00,28,23,5,FMN 26 Stadspark
672,Rubenslei 36,2023-03-03,00:00:00,20,17,3,FMN 26 Stadspark
672,Rubenslei 36,2023-03-03,01:00:00,4,4,0,FMN 26 Stadspark
672,Rubenslei 36,2023-03-03,02:00:00,3,3,0,FMN 26 Stadspark
672,Rubenslei 36,2023-03-03,03:00:00,4,1,3,FMN 26 Stadspark
672,Rubenslei 36,2023-03-03,04:00:00,6,6,0,FMN 26 Stadspark
672,Rubenslei 36,2023-03-03,05:00:00,18,17,1,FMN 26 Stadspark
672,Rubenslei 36,2023-03-03,06:00:00,37,36,1,FMN 26 Stadspark
672,Rubenslei 36,2023-03-03,07:00:00,118,112,6,FMN 26 Stadspark
672,Rubenslei 36,2023-03-03,08:00:00,255,238,17,FMN 26 Stadspark
672,Rubenslei 36,2023-03-03,09:00:00,141,136,5,FMN 26 Stadspark
672,Rubenslei 36,2023-03-03,10:00:00,103,99,4,FMN 26 Stadspark
672,Rubenslei 36,2023-03-03,11:00:00,81,75,6,FMN 26 Stadspark
672,Rubenslei 36,2023-03-03,12:00:00,129,114,15,FMN 26 Stadspark
672,Rubenslei 36,2023-03-03,13:00:00,126,106,20,FMN 26 Stadspark
672,Rubenslei 36,2023-03-03,14:00:00,102,95,7,FMN 26 Stadspark
672,Rubenslei 36,2023-03-03,15:00:00,176,156,20,FMN 26 Stadspark
672,Rubenslei 36,2023-03-03,16:00:00,195,184,11,FMN 26 Stadspark
672,Rubenslei 36,2023-03-03,17:00:00,179,162,17,FMN 26 Stadspark
672,Rubenslei 36,2023-03-03,18:00:00,148,139,9,FMN 26 Stadspark
672,Rubenslei 36,2023-03-03,19:00:00,142,132,10,FMN 26 Stadspark
672,Rubenslei 36,2023-03-03,20:00:00,96,84,12,FMN 26 Stadspark
672,Rubenslei 36,2023-03-03,21:00:00,64,50,14,FMN 26 Stadspark
672,Rubenslei 36,2023-03-03,22:00:00,58,49,9,FMN 26 Stadspark
672,Rubenslei 36,2023-03-03,23:00:00,32,26,6,FMN 26 Stadspark
672,Rubenslei 36,2023-03-04,00:00:00,26,22,4,FMN 26 Stadspark
672,Rubenslei 36,2023-03-04,01:00:00,35,30,5,FMN 26 Stadspark
672,Rubenslei 36,2023-03-04,02:00:00,20,13,7,FMN 26 Stadspark
672,Rubenslei 36,2023-03-04,03:00:00,11,6,5,FMN 26 Stadspark
672,Rubenslei 36,2023-03-04,04:00:00,7,1,6,FMN 26 Stadspark
672,Rubenslei 36,2023-03-04,05:00:00,15,8,7,FMN 26 Stadspark
672,Rubenslei 36,2023-03-04,06:00:00,20,16,4,FMN 26 Stadspark
672,Rubenslei 36,2023-03-04,07:00:00,28,26,2,FMN 26 Stadspark
672,Rubenslei 36,2023-03-04,08:00:00,43,41,2,FMN 26 Stadspark
672,Rubenslei 36,2023-03-04,09:00:00,63,58,5,FMN 26 Stadspark
672,Rubenslei 36,2023-03-04,10:00:00,61,52,9,FMN 26 Stadspark
672,Rubenslei 36,2023-03-04,11:00:00,99,93,6,FMN 26 Stadspark
672,Rubenslei 36,2023-03-04,12:00:00,93,86,7,FMN 26 Stadspark
672,Rubenslei 36,2023-03-04,13:00:00,98,92,6,FMN 26 Stadspark
672,Rubenslei 36,2023-03-04,14:00:00,91,85,6,FMN 26 Stadspark
672,Rubenslei 36,2023-03-04,15:00:00,96,82,14,FMN 26 Stadspark
672,Rubenslei 36,2023-03-04,16:00:00,101,91,10,FMN 26 Stadspark
672,Rubenslei 36,2023-03-04,17:00:00,89,83,6,FMN 26 Stadspark
672,Rubenslei 36,2023-03-04,18:00:00,93,81,12,FMN 26 Stadspark
672,Rubenslei 36,2023-03-04,19:00:00,92,83,9,FMN 26 Stadspark
672,Rubenslei 36,2023-03-04,20:00:00,56,52,4,FMN 26 Stadspark
672,Rubenslei 36,2023-03-04,21:00:00,54,41,13,FMN 26 Stadspark
672,Rubenslei 36,2023-03-04,22:00:00,47,39,8,FMN 26 Stadspark
672,Rubenslei 36,2023-03-04,23:00:00,34,22,12,FMN 26 Stadspark
672,Rubenslei 36,2023-03-05,00:00:00,33,26,7,FMN 26 Stadspark
672,Rubenslei 36,2023-03-05,01:00:00,29,25,4,FMN 26 Stadspark
672,Rubenslei 36,2023-03-05,02:00:00,13,9,4,FMN 26 Stadspark
672,Rubenslei 36,2023-03-05,03:00:00,14,8,6,FMN 26 Stadspark
672,Rubenslei 36,2023-03-05,04:00:00,11,5,6,FMN 26 Stadspark
672,Rubenslei 36,2023-03-05,05:00:00,11,6,5,FMN 26 Stadspark
672,Rubenslei 36,2023-03-05,06:00:00,12,9,3,FMN 26 Stadspark
672,Rubenslei 36,2023-03-05,07:00:00,10,8,2,FMN 26 Stadspark
672,Rubenslei 36,2023-03-05,08:00:00,19,18,1,FMN 26 Stadspark
672,Rubenslei 36,2023-03-05,09:00:00,30,28,2,FMN 26 Stadspark
672,Rubenslei 36,2023-03-05,10:00:00,52,43,9,FMN 26 Stadspark
672,Rubenslei 36,2023-03-05,11:00:00,56,51,5,FMN 26 Stadspark
672,Rubenslei 36,2023-03-05,12:00:00,63,59,4,FMN 26 Stadspark
672,Rubenslei 36,2023-03-05,13:00:00,77,67,10,FMN 26 Stadspark
672,Rubenslei 36,2023-03-05,14:00:00,73,66,7,FMN 26 Stadspark
672,Rubenslei 36,2023-03-05,15:00:00,63,57,6,FMN 26 Stadspark
672,Rubenslei 36,2023-03-05,16:00:00,61,46,15,FMN 26 Stadspark
672,Rubenslei 36,2023-03-05,17:00:00,68,53,15,FMN 26 Stadspark
672,Rubenslei 36,2023-03-05,18:00:00,65,56,9,FMN 26 Stadspark
672,Rubenslei 36,2023-03-05,19:00:00,52,42,10,FMN 26 Stadspark
672,Rubenslei 36,2023-03-05,20:00:00,33,29,4,FMN 26 Stadspark
672,Rubenslei 36,2023-03-05,21:00:00,34,28,6,FMN 26 Stadspark
672,Rubenslei 36,2023-03-05,22:00:00,26,18,8,FMN 26 Stadspark
672,Rubenslei 36,2023-03-05,23:00:00,10,9,1,FMN 26 Stadspark
672,Rubenslei 36,2023-03-06,00:00:00,0,0,0,FMN 26 Stadspark
672,Rubenslei 36,2023-03-06,01:00:00,5,2,3,FMN 26 Stadspark
672,Rubenslei 36,2023-03-06,02:00:00,1,1,0,FMN 26 Stadspark
672,Rubenslei 36,2023-03-06,03:00:00,2,2,0,FMN 26 Stadspark
672,Rubenslei 36,2023-03-06,04:00:00,8,7,1,FMN 26 Stadspark
672,Rubenslei 36,2023-03-06,05:00:00,19,19,0,FMN 26 Stadspark
672,Rubenslei 36,2023-03-06,06:00:00,40,33,7,FMN 26 Stadspark
672,Rubenslei 36,2023-03-06,07:00:00,117,108,9,FMN 26 Stadspark
672,Rubenslei 36,2023-03-06,08:00:00,299,285,14,FMN 26 Stadspark
672,Rubenslei 36,2023-03-06,09:00:00,128,122,6,FMN 26 Stadspark
672,Rubenslei 36,2023-03-06,10:00:00,95,86,9,FMN 26 Stadspark
672,Rubenslei 36,2023-03-06,11:00:00,87,83,4,FMN 26 Stadspark
672,Rubenslei 36,2023-03-06,12:00:00,126,120,6,FMN 26 Stadspark
672,Rubenslei 36,2023-03-06,13:00:00,118,110,8,FMN 26 Stadspark
672,Rubenslei 36,2023-03-06,14:00:00,101,94,7,FMN 26 Stadspark
672,Rubenslei 36,2023-03-06,15:00:00,176,158,18,FMN 26 Stadspark
672,Rubenslei 36,2023-03-06,16:00:00,204,184,20,FMN 26 Stadspark
672,Rubenslei 36,2023-03-06,17:00:00,219,195,24,FMN 26 Stadspark
672,Rubenslei 36,2023-03-06,18:00:00,151,132,19,FMN 26 Stadspark
672,Rubenslei 36,2023-03-06,19:00:00,92,78,14,FMN 26 Stadspark
672,Rubenslei 36,2023-03-06,20:00:00,70,57,13,FMN 26 Stadspark
672,Rubenslei 36,2023-03-06,21:00:00,45,34,11,FMN 26 Stadspark
672,Rubenslei 36,2023-03-06,22:00:00,37,33,4,FMN 26 Stadspark
672,Rubenslei 36,2023-03-06,23:00:00,22,19,3,FMN 26 Stadspark
672,Rubenslei 36,2023-03-07,00:00:00,0,0,0,FMN 26 Stadspark
672,Rubenslei 36,2023-03-07,01:00:00,6,6,0,FMN 26 Stadspark
672,Rubenslei 36,2023-03-07,02:00:00,1,1,0,FMN 26 Stadspark
672,Rubenslei 36,2023-03-07,03:00:00,5,5,0,FMN 26 Stadspark
672,Rubenslei 36,2023-03-07,04:00:00,5,4,1,FMN 26 Stadspark
672,Rubenslei 36,2023-03-07,05:00:00,16,16,0,FMN 26 Stadspark
672,Rubenslei 36,2023-03-07,06:00:00,31,29,2,FMN 26 Stadspark
672,Rubenslei 36,2023-03-07,07:00:00,121,114,7,FMN 26 Stadspark
672,Rubenslei 36,2023-03-07,08:00:00,315,298,17,FMN 26 Stadspark
672,Rubenslei 36,2023-03-07,09:00:00,132,124,8,FMN 26 Stadspark
672,Rubenslei 36,2023-03-07,10:00:00,80,76,4,FMN 26 Stadspark
672,Rubenslei 36,2023-03-07,11:00:00,87,76,11,FMN 26 Stadspark
672,Rubenslei 36,2023-03-07,12:00:00,116,108,8,FMN 26 Stadspark
672,Rubenslei 36,2023-03-07,13:00:00,128,118,10,FMN 26 Stadspark
672,Rubenslei 36,2023-03-07,14:00:00,100,88,12,FMN 26 Stadspark
672,Rubenslei 36,2023-03-07,15:00:00,168,146,22,FMN 26 Stadspark
672,Rubenslei 36,2023-03-07,16:00:00,188,172,16,FMN 26 Stadspark
672,Rubenslei 36,2023-03-07,17:00:00,213,189,24,FMN 26 Stadspark
672,Rubenslei 36,2023-03-07,18:00:00,153,135,18,FMN 26 Stadspark
672,Rubenslei 36,2023-03-07,19:00:00,106,89,17,FMN 26 Stadspark
672,Rubenslei 36,2023-03-07,20:00:00,62,55,7,FMN 26 Stadspark
672,Rubenslei 36,2023-03-07,21:00:00,61,49,12,FMN 26 Stadspark
672,Rubenslei 36,2023-03-07,22:00:00,39,33,6,FMN 26 Stadspark
672,Rubenslei 36,2023-03-07,23:00:00,19,15,4,FMN 26 Stadspark
672,Rubenslei 36,2023-03-08,00:00:00,0,0,0,FMN 26 Stadspark
672,Rubenslei 36,2023-03-08,01:00:00,11,9,2,FMN 26 Stadspark
672,Rubenslei 36,2023-03-08,02:00:00,1,1,0,FMN 26 Stadspark
672,Rubenslei 36,2023-03-08,03:00:00,6,6,0,FMN 26 Stadspark
672,Rubenslei 36,2023-03-08,04:00:00,8,8,0,FMN 26 Stadspark
672,Rubenslei 36,2023-03-08,05:00:00,11,9,2,FMN 26 Stadspark
672,Rubenslei 36,2023-03-08,06:00:00,43,41,2,FMN 26 Stadspark
672,Rubenslei 36,2023-03-08,07:00:00,125,115,10,FMN 26 Stadspark
672,Rubenslei 36,2023-03-08,08:00:00,307,299,8,FMN 26 Stadspark
672,Rubenslei 36,2023-03-08,09:00:00,138,130,8,FMN 26 Stadspark
672,Rubenslei 36,2023-03-08,10:00:00,101,95,6,FMN 26 Stadspark
672,Rubenslei 36,2023-03-08,11:00:00,98,91,7,FMN 26 Stadspark
672,Rubenslei 36,2023-03-08,12:00:00,184,168,16,FMN 26 Stadspark
672,Rubenslei 36,2023-03-08,13:00:00,145,134,11,FMN 26 Stadspark
672,Rubenslei 36,2023-03-08,14:00:00,110,101,9,FMN 26 Stadspark
672,Rubenslei 36,2023-03-08,15:00:00,141,125,16,FMN 26 Stadspark
672,Rubenslei 36,2023-03-08,16:00:00,180,163,17,FMN 26 Stadspark
672,Rubenslei 36,2023-03-08,17:00:00,190,172,18,FMN 26 Stadspark
672,Rubenslei 36,2023-03-08,18:00:00,142,122,20,FMN 26 Stadspark
672,Rubenslei 36,2023-03-08,19:00:00,123,104,19,FMN 26 Stadspark
672,Rubenslei 36,2023-03-08,20:00:00,73,63,10,FMN 26 Stadspark
672,Rubenslei 36,2023-03-08,21:00:00,51,44,7,FMN 26 Stadspark
672,Rubenslei 36,2023-03-08,22:00:00,48,38,10,FMN 26 Stadspark
672,Rubenslei 36,2023-03-08,23:00:00,21,18,3,FMN 26 Stadspark
672,Rubenslei 36,2023-03-09,00:00:00,0,0,0,FMN 26 Stadspark
672,Rubenslei 36,2023-03-09,01:00:00,5,4,1,FMN 26 Stadspark
672,Rubenslei 36,2023-03-09,02:00:00,4,4,0,FMN 26 Stadspark
672,Rubenslei 36,2023-03-09,03:00:00,4,4,0,FMN 26 Stadspark
672,Rubenslei 36,2023-03-09,04:00:00,9,9,0,FMN 26 Stadspark
672,Rubenslei 36,2023-03-09,05:00:00,19,19,0,FMN 26 Stadspark
672,Rubenslei 36,2023-03-09,06:00:00,30,29,1,FMN 26 Stadspark
672,Rubenslei 36,2023-03-09,07:00:00,120,110,10,FMN 26 Stadspark
672,Rubenslei 36,2023-03-09,08:00:00,309,297,12,FMN 26 Stadspark
672,Rubenslei 36,2023-03-09,09:00:00,119,114,5,FMN 26 Stadspark
672,Rubenslei 36,2023-03-09,10:00:00,91,87,4,FMN 26 Stadspark
672,Rubenslei 36,2023-03-09,11:00:00,88,82,6,FMN 26 Stadspark
672,Rubenslei 36,2023-03-09,12:00:00,131,119,12,FMN 26 Stadspark
672,Rubenslei 36,2023-03-09,13:00:00,114,101,13,FMN 26 Stadspark
672,Rubenslei 36,2023-03-09,14:00:00,92,80,12,FMN 26 Stadspark
672,Rubenslei 36,2023-03-09,15:00:00,162,147,15,FMN 26 Stadspark
672,Rubenslei 36,2023-03-09,16:00:00,178,165,13,FMN 26 Stadspark
672,Rubenslei 36,2023-03-09,17:00:00,186,168,18,FMN 26 Stadspark
672,Rubenslei 36,2023-03-09,18:00:00,148,126,22,FMN 26 Stadspark
672,Rubenslei 36,2023-03-09,19:00:00,113,97,16,FMN 26 Stadspark
672,Rubenslei 36,2023-03-09,20:00:00,65,58,7,FMN 26 Stadspark
672,Rubenslei 36,2023-03-09,21:00:00,67,55,12,FMN 26 Stadspark
672,Rubenslei 36,2023-03-09,22:00:00,51,44,7,FMN 26 Stadspark
672,Rubenslei 36,2023-03-09,23:00:00,25,19,6,FMN 26 Stadspark
672,Rubenslei 36,2023-03-10,00:00:00,27,20,7,FMN 26 Stadspark
672,Rubenslei 36,2023-03-10,01:00:00,13,10,3,FMN 26 Stadspark
672,Rubenslei 36,2023-03-10,02:00:00,9,8,1,FMN 26 Stadspark
672,Rubenslei 36,2023-03-10,03:00:00,10,8,2,FMN 26 Stadspark
672,Rubenslei 36,2023-03-10,04:00:00,11,8,3,FMN 26 Stadspark
672,Rubenslei 36,2023-03-10,05:00:00,25,21,4,FMN 26 Stadspark
672,Rubenslei 36,2023-03-10,06:00:00,33,30,3,FMN 26 Stadspark
672,Rubenslei 36,2023-03-10,07:00:00,102,94,8,FMN 26 Stadspark
672,Rubenslei 36,2023-03-10,08:00:00,263,251,12,FMN 26 Stadspark
672,Rubenslei 36,2023-03-10,09:00:00,139,129,10,FMN 26 Stadspark
672,Rubenslei 36,2023-03-10,10:00:00,105,94,11,FMN 26 Stadspark
672,Rubenslei 36,2023-03-10,11:00:00,91,84,7,FMN 26 Stadspark
672,Rubenslei 36,2023-03-10,12:00:00,129,115,14,FMN 26 Stadspark
672,Rubenslei 36,2023-03-10,13:00:00,128,107,21,FMN 26 Stadspark
672,Rubenslei 36,2023-03-10,14:00:00,122,111,11,FMN 26 Stadspark
672,Rubenslei 36,2023-03-10,15:00:00,168,154,14,FMN 26 Stadspark
672,Rubenslei 36,2023-03-10,16:00:00,180,169,11,FMN 26 Stadspark
672,Rubenslei 36,2023-03-10,17:00:00,182,157,25,FMN 26 Stadspark
672,Rubenslei 36,2023-03-10,18:00:00,140,125,15,FMN 26 Stadspark
672,Rubenslei 36,2023-03-10,19:00:00,112,101,11,FMN 26 Stadspark
672,Rubenslei 36,2023-03-10,20:00:00,73,67,6,FMN 26 Stadspark
672,Rubenslei 36,2023-03-10,21:00:00,69,53,16,FMN 26 Stadspark
672,Rubenslei 36,2023-03-10,22:00:00,57,45,12,FMN 26 Stadspark
672,Rubenslei 36,2023-03-10,23:00:00,31,23,8,FMN 26 Stadspark
672,Rubenslei 36,2023-03-11,00:00:00,29,26,3,FMN 26 Stadspark
672,Rubenslei 36,2023-03-11,01:00:00,31,24,7,FMN 26 Stadspark
672,Rubenslei 36,2023-03-11,02:00:00,15,10,5,FMN 26 Stadspark
672,Rubenslei 36,2023-03-11,03:00:00,18,10,8,FMN 26 Stadspark
672,Rubenslei 36,2023-03-11,04:00:00,11,5,6,FMN 26 Stadspark
672,Rubenslei 36,2023-03-11,05:00:00,13,8,5,FMN 26 Stadspark
672,Rubenslei 36,2023-03-11,06:00:00,14,10,4,FMN 26 Stadspark
672,Rubenslei 36,2023-03-11,07:00:00,15,12,3,FMN 26 Stadspark
672,Rubenslei 36,2023-03-11,08:00:00,25,24,1,FMN 26 Stadspark
672,Rubenslei 36,2023-03-11,09:00:00,58,54,4,FMN 26 Stadspark
672,Rubenslei 36,2023-03-11,10:00:00,60,53,7,FMN 26 Stadspark
672,Rubenslei 36,2023-03-11,11:00:00,81,75,6,FMN 26 Stadspark
672,Rubenslei 36,2023-03-11,12:00:00,95,87,8,FMN 26 Stadspark
672,Rubenslei 36,2023-03-11,13:00:00,93,85,8,FMN 26 Stadspark
672,Rubenslei 36,2023-03-11,14:00:00,102,85,17,FMN 26 Stadspark
672,Rubenslei 36,2023-03-11,15:00:00,93,79,14,FMN 26 Stadspark
672,Rubenslei 36,2023-03-11,16:00:00,87,77,10,FMN 26 Stadspark
672,Rubenslei 36,2023-03-11,17:00:00,75,61,14,FMN 26 Stadspark
672,Rubenslei 36,2023-03-11,18:00:00,79,69,10,FMN 26 Stadspark
672,Rubenslei 36,2023-03-11,19:00:00,66,58,8,FMN 26 Stadspark
672,Rubenslei 36,2023-03-11,20:00:00,58,50,8,FMN 26 Stadspark
672,Rubenslei 36,2023-03-11,21:00:00,45,40,5,FMN 26 Stadspark
672,Rubenslei 36,2023-03-11,22:00:00,30,27,3,FMN 26 Stadspark
672,Rubenslei 36,2023-03-11,23:00:00,35,21,14,FMN 26 Stadspark
672,Rubenslei 36,2023-03-12,00:00:00,28,24,4,FMN 26 Stadspark
672,Rubenslei 36,2023-03-12,01:00:00,31,26,5,FMN 26 Stadspark
672,Rubenslei 36,2023-03-12,02:00:00,22,16,6,FMN 26 Stadspark
672,Rubenslei 36,2023-03-12,03:00:00,10,6,4,FMN 26 Stadspark
672,Rubenslei 36,2023-03-12,04:00:00,7,6,1,FMN 26 Stadspark
672,Rubenslei 36,2023-03-12,05:00:00,16,10,6,FMN 26 Stadspark
672,Rubenslei 36,2023-03-12,06:00:00,11,6,5,FMN 26 Stadspark
672,Rubenslei 36,2023-03-12,07:00:00,9,7,2,FMN 26 Stadspark
672,Rubenslei 36,2023-03-12,08:00:00,27,25,2,FMN 26 Stadspark
672,Rubenslei 36,2023-03-12,09:00:00,33,32,1,FMN 26 Stadspark
672,Rubenslei 36,2023-03-12,10:00:00,49,44,5,FMN 26 Stadspark
672,Rubenslei 36,2023-03-12,11:00:00,64,54,10,FMN 26 Stadspark
672,Rubenslei 36,2023-03-12,12:00:00,70,63,7,FMN 26 Stadspark
672,Rubenslei 36,2023-03-12,13:00:00,85,74,11,FMN 26 Stadspark
672,Rubenslei 36,2023-03-12,14:00:00,76,67,9,FMN 26 Stadspark
672,Rubenslei 36,2023-03-12,15:00:00,74,61,13,FMN 26 Stadspark
672,Rubenslei 36,2023-03-12,16:00:00,69,60,9,FMN 26 Stadspark
672,Rubenslei 36,2023-03-12,17:00:00,70,60,10,FMN 26 Stadspark
672,Rubenslei 36,2023-03-12,18:00:00,67,50,17,FMN 26 Stadspark
672,Rubenslei 36,2023-03-12,19:00:00,61,48,13,FMN 26 Stadspark
672,Rubenslei 36,2023-03-12,20:00:00,49,44,5,FMN 26 Stadspark
672,Rubenslei 36,2023-03-12,21:00:00,37,31,6,FMN 26 Stadspark
672,Rubenslei 36,2023-03-12,22:00:00,34,22,12,FMN 26 Stadspark
672,Rubenslei 36,2023-03-12,23:00:00,10,8,2,FMN 26 Stadspark
672,Rubenslei 36,2023-03-13,00:00:00,8,5,3,FMN 26 Stadspark
672,Rubenslei 36,2023-03-13,01:00:00,6,1,5,FMN 26 Stadspark
672,Rubenslei 36,2023-03-13,02:00:00,3,3,0,FMN 26 Stadspark
672,Rubenslei 36,2023-03-13,03:00:00,3,2,1,FMN 26 Stadspark
672,Rubenslei 36,2023-03-13,04:00:00,5,5,0,FMN 26 Stadspark
672,Rubenslei 36,2023-03-13,05:00:00,15,13,2,FMN 26 Stadspark
672,Rubenslei 36,2023-03-13,06:00:00,36,33,3,FMN 26 Stadspark
672,Rubenslei 36,2023-03-13,07:00:00,106,97,9,FMN 26 Stadspark
672,Rubenslei 36,2023-03-13,08:00:00,269,255,14,FMN 26 Stadspark
672,Rubenslei 36,2023-03-13,09:00:00,132,123,9,FMN 26 Stadspark
672,Rubenslei 36,2023-03-13,10:00:00,86,83,3,FMN 26 Stadspark
672,Rubenslei 36,2023-03-13,11:00:00,79,71,8,FMN 26 Stadspark
672,Rubenslei 36,2023-03-13,12:00:00,112,103,9,FMN 26 Stadspark
672,Rubenslei 36,2023-03-13,13:00:00,111,105,6,FMN 26 Stadspark
672,Rubenslei 36,2023-03-13,14:00:00,92,83,9,FMN 26 Stadspark
672,Rubenslei 36,2023-03-13,15:00:00,155,144,11,FMN 26 Stadspark
672,Rubenslei 36,2023-03-13,16:00:00,184,172,12,FMN 26 Stadspark
672,Rubenslei 36,2023-03-13,17:00:00,197,166,31,FMN 26 Stadspark
672,Rubenslei 36,2023-03-13,18:00:00,117,107,10,FMN 26 Stadspark
672,Rubenslei 36,2023-03-13,19:00:00,76,68,8,FMN 26 Stadspark
672,Rubenslei 36,2023-03-13,20:00:00,54,44,10,FMN 26 Stadspark
672,Rubenslei 36,2023-03-13,21:00:00,38,30,8,FMN 26 Stadspark
672,Rubenslei 36,2023-03-13,22:00:00,44,38,6,FMN 26 Stadspark
672,Rubenslei 36,2023-03-13,23:00:00,27,22,5,FMN 26 Stadspark
672,Rubenslei 36,2023-03-14,00:00:00,9,9,0,FMN 26 Stadspark
672,Rubenslei 36,2023-03-14,01:00:00,9,5,4,FMN 26 Stadspark
672,Rubenslei 36,2023-03-14,02:00:00,3,3,0,FMN 26 Stadspark
672,Rubenslei 36,2023-03-14,03:00:00,5,4,1,FMN 26 Stadspark
672,Rubenslei 36,2023-03-14,04:00:00,8,7,1,FMN 26 Stadspark
672,Rubenslei 36,2023-03-14,05:00:00,14,13,1,FMN 26 Stadspark
672,Rubenslei 36,2023-03-14,06:00:00,42,39,3,FMN 26 Stadspark
672,Rubenslei 36,2023-03-14,07:00:00,143,131,12,FMN 26 Stadspark
672,Rubenslei 36,2023-03-14,08:00:00,344,321,23,FMN 26 Stadspark
672,Rubenslei 36,2023-03-14,09:00:00,139,135,4,FMN 26 Stadspark
672,Rubenslei 36,2023-03-14,10:00:00,101,94,7,FMN 26 Stadspark
672,Rubenslei 36,2023-03-14,11:00:00,89,82,7,FMN 26 Stadspark
672,Rubenslei 36,2023-03-14,12:00:00,137,122,15,FMN 26 Stadspark
672,Rubenslei 36,2023-03-14,13:00:00,126,116,10,FMN 26 Stadspark
672,Rubenslei 36,2023-03-14,14:00:00,125,109,16,FMN 26 Stadspark
672,Rubenslei 36,2023-03-14,15:00:00,178,163,15,FMN 26 Stadspark
672,Rubenslei 36,2023-03-14,16:00:00,219,196,23,FMN 26 Stadspark
672,Rubenslei 36,2023-03-14,17:00:00,218,191,27,FMN 26 Stadspark
672,Rubenslei 36,2023-03-14,18:00:00,170,157,13,FMN 26 Stadspark
672,Rubenslei 36,2023-03-14,19:00:00,108,91,17,FMN 26 Stadspark
672,Rubenslei 36,2023-03-14,20:00:00,76,67,9,FMN 26 Stadspark
672,Rubenslei 36,2023-03-14,21:00:00,63,54,9,FMN 26 Stadspark
672,Rubenslei 36,2023-03-14,22:00:00,49,42,7,FMN 26 Stadspark
672,Rubenslei 36,2023-03-14,23:00:00,24,17,7,FMN 26 Stadspark
672,Rubenslei 36,2023-03-15,00:00:00,12,11,1,FMN 26 Stadspark
672,Rubenslei 36,2023-03-15,01:00:00,5,4,1,FMN 26 Stadspark
672,Rubenslei 36,2023-03-15,02:00:00,4,3,1,FMN 26 Stadspark
672,Rubenslei 36,2023-03-15,03:00:00,3,3,0,FMN 26 Stadspark
672,Rubenslei 36,2023-03-15,04:00:00,10,10,0,FMN 26 Stadspark
672,Rubenslei 36,2023-03-15,05:00:00,14,14,0,FMN 26 Stadspark
672,Rubenslei 36,2023-03-15,06:00:00,27,26,1,FMN 26 Stadspark
672,Rubenslei 36,2023-03-15,07:00:00,118,114,4,FMN 26 Stadspark
672,Rubenslei 36,2023-03-15,08:00:00,282,271,11,FMN 26 Stadspark
672,Rubenslei 36,2023-03-15,09:00:00,119,114,5,FMN 26 Stadspark
672,Rubenslei 36,2023-03-15,10:00:00,88,82,6,FMN 26 Stadspark
672,Rubenslei 36,2023-03-15,11:00:00,86,80,6,FMN 26 Stadspark
672,Rubenslei 36,2023-03-15,12:00:00,156,142,14,FMN 26 Stadspark
672,Rubenslei 36,2023-03-15,13:00:00,135,114,21,FMN 26 Stadspark
672,Rubenslei 36,2023-03-15,14:00:00,102,91,11,FMN 26 Stadspark
672,Rubenslei 36,2023-03-15,15:00:00,130,118,12,FMN 26 Stadspark
672,Rubenslei 36,2023-03-15,16:00:00,154,140,14,FMN 26 Stadspark
672,Rubenslei 36,2023-03-15,17:00:00,176,158,18,FMN 26 Stadspark
672,Rubenslei 36,2023-03-15,18:00:00,138,118,20,FMN 26 Stadspark
672,Rubenslei 36,2023-03-15,19:00:00,108,100,8,FMN 26 Stadspark
672,Rubenslei 36,2023-03-15,20:00:00,64,53,11,FMN 26 Stadspark
672,Rubenslei 36,2023-03-15,21:00:00,49,39,10,FMN 26 Stadspark
672,Rubenslei 36,2023-03-15,22:00:00,39,33,6,FMN 26 Stadspark
672,Rubenslei 36,2023-03-15,23:00:00,11,8,3,FMN 26 Stadspark
672,Rubenslei 36,2023-03-16,00:00:00,0,0,0,FMN 26 Stadspark
672,Rubenslei 36,2023-03-16,01:00:00,12,8,4,FMN 26 Stadspark
672,Rubenslei 36,2023-03-16,02:00:00,2,2,0,FMN 26 Stadspark
672,Rubenslei 36,2023-03-16,03:00:00,4,4,0,FMN 26 Stadspark
672,Rubenslei 36,2023-03-16,04:00:00,16,15,1,FMN 26 Stadspark
672,Rubenslei 36,2023-03-16,05:00:00,22,22,0,FMN 26 Stadspark
672,Rubenslei 36,2023-03-16,06:00:00,33,32,1,FMN 26 Stadspark
672,Rubenslei 36,2023-03-16,07:00:00,136,130,6,FMN 26 Stadspark
672,Rubenslei 36,2023-03-16,08:00:00,327,312,15,FMN 26 Stadspark
672,Rubenslei 36,2023-03-16,09:00:00,142,134,8,FMN 26 Stadspark
672,Rubenslei 36,2023-03-16,10:00:00,109,106,3,FMN 26 Stadspark
672,Rubenslei 36,2023-03-16,11:00:00,96,89,7,FMN 26 Stadspark
672,Rubenslei 36,2023-03-16,12:00:00,132,123,9,FMN 26 Stadspark
672,Rubenslei 36,2023-03-16,13:00:00,120,110,10,FMN 26 Stadspark
672,Rubenslei 36,2023-03-16,14:00:00,103,94,9,FMN 26 Stadspark
672,Rubenslei 36,2023-03-16,15:00:00,176,163,13,FMN 26 Stadspark
672,Rubenslei 36,2023-03-16,16:00:00,205,184,21,FMN 26 Stadspark
672,Rubenslei 36,2023-03-16,17:00:00,215,186,29,FMN 26 Stadspark
672,Rubenslei 36,2023-03-16,18:00:00,168,145,23,FMN 26 Stadspark
672,Rubenslei 36,2023-03-16,19:00:00,130,114,16,FMN 26 Stadspark
672,Rubenslei 36,2023-03-16,20:00:00,84,70,14,FMN 26 Stadspark
672,Rubenslei 36,2023-03-16,21:00:00,68,59,9,FMN 26 Stadspark
672,Rubenslei 36,2023-03-16,22:00:00,55,47,8,FMN 26 Stadspark
672,Rubenslei 36,2023-03-16,23:00:00,34,24,10,FMN 26 Stadspark
672,Rubenslei 36,2023-03-17,00:00:00,0,0,0,FMN 26 Stadspark
672,Rubenslei 36,2023-03-17,01:00:00,12,8,4,FMN 26 Stadspark
672,Rubenslei 36,2023-03-17,02:00:00,10,7,3,FMN 26 Stadspark
672,Rubenslei 36,2023-03-17,03:00:00,5,3,2,FMN 26 Stadspark
672,Rubenslei 36,2023-03-17,04:00:00,15,11,4,FMN 26 Stadspark
672,Rubenslei 36,2023-03-17,05:00:00,26,25,1,FMN 26 Stadspark
672,Rubenslei 36,2023-03-17,06:00:00,27,24,3,FMN 26 Stadspark
672,Rubenslei 36,2023-03-17,07:00:00,88,82,6,FMN 26 Stadspark
672,Rubenslei 36,2023-03-17,08:00:00,229,218,11,FMN 26 Stadspark
672,Rubenslei 36,2023-03-17,09:00:00,117,110,7,FMN 26 Stadspark
672,Rubenslei 36,2023-03-17,10:00:00,89,83,6,FMN 26 Stadspark
672,Rubenslei 36,2023-03-17,11:00:00,95,85,10,FMN 26 Stadspark
672,Rubenslei 36,2023-03-17,12:00:00,117,109,8,FMN 26 Stadspark
672,Rubenslei 36,2023-03-17,13:00:00,112,101,11,FMN 26 Stadspark
672,Rubenslei 36,2023-03-17,14:00:00,105,97,8,FMN 26 Stadspark
672,Rubenslei 36,2023-03-17,15:00:00,151,130,21,FMN 26 Stadspark
672,Rubenslei 36,2023-03-17,16:00:00,154,137,17,FMN 26 Stadspark
672,Rubenslei 36,2023-03-17,17:00:00,158,133,25,FMN 26 Stadspark
672,Rubenslei 36,2023-03-17,18:00:00,128,110,18,FMN 26 Stadspark
672,Rubenslei 36,2023-03-17,19:00:00,100,89,11,FMN 26 Stadspark
672,Rubenslei 36,2023-03-17,20:00:00,66,58,8,FMN 26 Stadspark
672,Rubenslei 36,2023-03-17,21:00:00,66,58,8,FMN 26 Stadspark
672,Rubenslei 36,2023-03-17,22:00:00,39,36,3,FMN 26 Stadspark
672,Rubenslei 36,2023-03-17,23:00:00,38,30,8,FMN 26 Stadspark
672,Rubenslei 36,2023-03-18,00:00:00,0,0,0,FMN 26 Stadspark
672,Rubenslei 36,2023-03-18,01:00:00,38,30,8,FMN 26 Stadspark
672,Rubenslei 36,2023-03-18,02:00:00,18,15,3,FMN 26 Stadspark
672,Rubenslei 36,2023-03-18,03:00:00,15,9,6,FMN 26 Stadspark
672,Rubenslei 36,2023-03-18,04:00:00,9,4,5,FMN 26 Stadspark
672,Rubenslei 36,2023-03-18,05:00:00,13,8,5,FMN 26 Stadspark
672,Rubenslei 36,2023-03-18,06:00:00,16,10,6,FMN 26 Stadspark
672,Rubenslei 36,2023-03-18,07:00:00,22,17,5,FMN 26 Stadspark
672,Rubenslei 36,2023-03-18,08:00:00,42,40,2,FMN 26 Stadspark
672,Rubenslei 36,2023-03-18,09:00:00,69,63,6,FMN 26 Stadspark
672,Rubenslei 36,2023-03-18,10:00:00,73,67,6,FMN 26 Stadspark
672,Rubenslei 36,2023-03-18,11:00:00,89,81,8,FMN 26 Stadspark
672,Rubenslei 36,2023-03-18,12:00:00,99,86,13,FMN 26 Stadspark
672,Rubenslei 36,2023-03-18,13:00:00,106,98,8,FMN 26 Stadspark
672,Rubenslei 36,2023-03-18,14:00:00,123,110,13,FMN 26 Stadspark
672,Rubenslei 36,2023-03-18,15:00:00,100,87,13,FMN 26 Stadspark
672,Rubenslei 36,2023-03-18,16:00:00,85,71,14,FMN 26 Stadspark
672,Rubenslei 36,2023-03-18,17:00:00,84,68,16,FMN 26 Stadspark
672,Rubenslei 36,2023-03-18,18:00:00,88,76,12,FMN 26 Stadspark
672,Rubenslei 36,2023-03-18,19:00:00,89,80,9,FMN 26 Stadspark
672,Rubenslei 36,2023-03-18,20:00:00,61,50,11,FMN 26 Stadspark
672,Rubenslei 36,2023-03-18,21:00:00,42,36,6,FMN 26 Stadspark
672,Rubenslei 36,2023-03-18,22:00:00,39,28,11,FMN 26 Stadspark
672,Rubenslei 36,2023-03-18,23:00:00,41,28,13,FMN 26 Stadspark
672,Rubenslei 36,2023-03-19,00:00:00,0,0,0,FMN 26 Stadspark
672,Rubenslei 36,2023-03-19,01:00:00,27,20,7,FMN 26 Stadspark
672,Rubenslei 36,2023-03-19,02:00:00,19,16,3,FMN 26 Stadspark
672,Rubenslei 36,2023-03-19,03:00:00,13,9,4,FMN 26 Stadspark
672,Rubenslei 36,2023-03-19,04:00:00,11,6,5,FMN 26 Stadspark
672,Rubenslei 36,2023-03-19,05:00:00,12,4,8,FMN 26 Stadspark
672,Rubenslei 36,2023-03-19,06:00:00,10,4,6,FMN 26 Stadspark
672,Rubenslei 36,2023-03-19,07:00:00,4,3,1,FMN 26 Stadspark
672,Rubenslei 36,2023-03-19,08:00:00,24,21,3,FMN 26 Stadspark
672,Rubenslei 36,2023-03-19,09:00:00,27,24,3,FMN 26 Stadspark
672,Rubenslei 36,2023-03-19,10:00:00,45,40,5,FMN 26 Stadspark
672,Rubenslei 36,2023-03-19,11:00:00,49,45,4,FMN 26 Stadspark
672,Rubenslei 36,2023-03-19,12:00:00,61,56,5,FMN 26 Stadspark
672,Rubenslei 36,2023-03-19,13:00:00,74,66,8,FMN 26 Stadspark
672,Rubenslei 36,2023-03-19,14:00:00,73,65,8,FMN 26 Stadspark
672,Rubenslei 36,2023-03-19,15:00:00,58,45,13,FMN 26 Stadspark
672,Rubenslei 36,2023-03-19,16:00:00,57,48,9,FMN 26 Stadspark
672,Rubenslei 36,2023-03-19,17:00:00,62,56,6,FMN 26 Stadspark
672,Rubenslei 36,2023-03-19,18:00:00,59,50,9,FMN 26 Stadspark
672,Rubenslei 36,2023-03-19,19:00:00,61,53,8,FMN 26 Stadspark
672,Rubenslei 36,2023-03-19,20:00:00,39,33,6,FMN 26 Stadspark
672,Rubenslei 36,2023-03-19,21:00:00,26,22,4,FMN 26 Stadspark
672,Rubenslei 36,2023-03-19,22:00:00,31,25,6,FMN 26 Stadspark
672,Rubenslei 36,2023-03-19,23:00:00,22,17,5,FMN 26 Stadspark
672,Rubenslei 36,2023-03-20,00:00:00,0,0,0,FMN 26 Stadspark
672,Rubenslei 36,2023-03-20,01:00:00,4,2,2,FMN 26 Stadspark
672,Rubenslei 36,2023-03-20,02:00:00,6,4,2,FMN 26 Stadspark
672,Rubenslei 36,2023-03-20,03:00:00,4,4,0,FMN 26 Stadspark
672,Rubenslei 36,2023-03-20,04:00:00,5,5,0,FMN 26 Stadspark
672,Rubenslei 36,2023-03-20,05:00:00,18,18,0,FMN 26 Stadspark
672,Rubenslei 36,2023-03-20,06:00:00,37,32,5,FMN 26 Stadspark
672,Rubenslei 36,2023-03-20,07:00:00,113,106,7,FMN 26 Stadspark
672,Rubenslei 36,2023-03-20,08:00:00,273,256,17,FMN 26 Stadspark
672,Rubenslei 36,2023-03-20,09:00:00,138,132,6,FMN 26 Stadspark
672,Rubenslei 36,2023-03-20,10:00:00,93,88,5,FMN 26 Stadspark
672,Rubenslei 36,2023-03-20,11:00:00,77,68,9,FMN 26 Stadspark
672,Rubenslei 36,2023-03-20,12:00:00,111,101,10,FMN 26 Stadspark
672,Rubenslei 36,2023-03-20,13:00:00,104,98,6,FMN 26 Stadspark
672,Rubenslei 36,2023-03-20,14:00:00,97,88,9,FMN 26 Stadspark
672,Rubenslei 36,2023-03-20,15:00:00,168,153,15,FMN 26 Stadspark
672,Rubenslei 36,2023-03-20,16:00:00,189,173,16,FMN 26 Stadspark
672,Rubenslei 36,2023-03-20,17:00:00,201,184,17,FMN 26 Stadspark
672,Rubenslei 36,2023-03-20,18:00:00,129,113,16,FMN 26 Stadspark
672,Rubenslei 36,2023-03-20,19:00:00,88,74,14,FMN 26 Stadspark
672,Rubenslei 36,2023-03-20,20:00:00,54,43,11,FMN 26 Stadspark
672,Rubenslei 36,2023-03-20,21:00:00,45,35,10,FMN 26 Stadspark
672,Rubenslei 36,2023-03-20,22:00:00,37,31,6,FMN 26 Stadspark
672,Rubenslei 36,2023-03-20,23:00:00,23,19,4,FMN 26 Stadspark
672,Rubenslei 36,2023-03-21,00:00:00,4,4,0,FMN 26 Stadspark
672,Rubenslei 36,2023-03-21,01:00:00,5,4,1,FMN 26 Stadspark
672,Rubenslei 36,2023-03-21,02:00:00,5,3,2,FMN 26 Stadspark
672,Rubenslei 36,2023-03-21,03:00:00,1,1,0,FMN 26 Stadspark
672,Rubenslei 36,2023-03-21,04:00:00,11,10,1,FMN 26 Stadspark
672,Rubenslei 36,2023-03-21,05:00:00,20,19,1,FMN 26 Stadspark
672,Rubenslei 36,2023-03-21,06:00:00,35,33,2,FMN 26 Stadspark
672,Rubenslei 36,2023-03-21,07:00:00,134,128,6,FMN 26 Stadspark
672,Rubenslei 36,2023-03-21,08:00:00,310,299,11,FMN 26 Stadspark
672,Rubenslei 36,2023-03-21,09:00:00,125,119,6,FMN 26 Stadspark
672,Rubenslei 36,2023-03-21,10:00:00,84,82,2,FMN 26 Stadspark
672,Rubenslei 36,2023-03-21,11:00:00,93,85,8,FMN 26 Stadspark
672,Rubenslei 36,2023-03-21,12:00:00,125,115,10,FMN 26 Stadspark
672,Rubenslei 36,2023-03-21,13:00:00,124,115,9,FMN 26 Stadspark
672,Rubenslei 36,2023-03-21,14:00:00,93,83,10,FMN 26 Stadspark
672,Rubenslei 36,2023-03-21,15:00:00,170,159,11,FMN 26 Stadspark
672,Rubenslei 36,2023-03-21,16:00:00,197,178,19,FMN 26 Stadspark
672,Rubenslei 36,2023-03-21,17:00:00,218,196,22,FMN 26 Stadspark
672,Rubenslei 36,2023-03-21,18:00:00,135,120,15,FMN 26 Stadspark
672,Rubenslei 36,2023-03-21,19:00:00,101,90,11,FMN 26 Stadspark
672,Rubenslei 36,2023-03-21,20:00:00,67,59,8,FMN 26 Stadspark
672,Rubenslei 36,2023-03-21,21:00:00,54,43,11,FMN 26 Stadspark
672,Rubenslei 36,2023-03-21,22:00:00,48,40,8,FMN 26 Stadspark
672,Rubenslei 36,2023-03-21,23:00:00,10,10,0,FMN 26 Stadspark
672,Rubenslei 36,2023-03-22,00:00:00,12,5,7,FMN 26 Stadspark
672,Rubenslei 36,2023-03-22,01:00:00,5,3,2,FMN 26 Stadspark
672,Rubenslei 36,2023-03-22,02:00:00,4,4,0,FMN 26 Stadspark
672,Rubenslei 36,2023-03-22,03:00:00,2,2,0,FMN 26 Stadspark
672,Rubenslei 36,2023-03-22,04:00:00,5,5,0,FMN 26 Stadspark
672,Rubenslei 36,2023-03-22,05:00:00,14,13,1,FMN 26 Stadspark
672,Rubenslei 36,2023-03-22,06:00:00,31,31,0,FMN 26 Stadspark
672,Rubenslei 36,2023-03-22,07:00:00,110,105,5,FMN 26 Stadspark
672,Rubenslei 36,2023-03-22,08:00:00,271,244,27,FMN 26 Stadspark
672,Rubenslei 36,2023-03-22,09:00:00,109,104,5,FMN 26 Stadspark
672,Rubenslei 36,2023-03-22,10:00:00,84,80,4,FMN 26 Stadspark
672,Rubenslei 36,2023-03-22,11:00:00,52,48,4,FMN 26 Stadspark
672,Rubenslei 36,2023-03-22,12:00:00,149,127,22,FMN 26 Stadspark
672,Rubenslei 36,2023-03-22,13:00:00,105,96,9,FMN 26 Stadspark
672,Rubenslei 36,2023-03-22,14:00:00,82,76,6,FMN 26 Stadspark
672,Rubenslei 36,2023-03-22,15:00:00,122,110,12,FMN 26 Stadspark
672,Rubenslei 36,2023-03-22,16:00:00,122,106,16,FMN 26 Stadspark
672,Rubenslei 36,2023-03-22,17:00:00,123,108,15,FMN 26 Stadspark
672,Rubenslei 36,2023-03-22,18:00:00,119,105,14,FMN 26 Stadspark
672,Rubenslei 36,2023-03-22,19:00:00,75,69,6,FMN 26 Stadspark
672,Rubenslei 36,2023-03-22,20:00:00,62,51,11,FMN 26 Stadspark
672,Rubenslei 36,2023-03-22,21:00:00,54,39,15,FMN 26 Stadspark
672,Rubenslei 36,2023-03-22,22:00:00,50,44,6,FMN 26 Stadspark
672,Rubenslei 36,2023-03-22,23:00:00,18,11,7,FMN 26 Stadspark
672,Rubenslei 36,2023-03-23,00:00:00,6,3,3,FMN 26 Stadspark
672,Rubenslei 36,2023-03-23,01:00:00,3,2,1,FMN 26 Stadspark
672,Rubenslei 36,2023-03-23,02:00:00,3,3,0,FMN 26 Stadspark
672,Rubenslei 36,2023-03-23,03:00:00,5,5,0,FMN 26 Stadspark
672,Rubenslei 36,2023-03-23,04:00:00,5,5,0,FMN 26 Stadspark
672,Rubenslei 36,2023-03-23,05:00:00,14,14,0,FMN 26 Stadspark
672,Rubenslei 36,2023-03-23,06:00:00,38,36,2,FMN 26 Stadspark
672,Rubenslei 36,2023-03-23,07:00:00,95,89,6,FMN 26 Stadspark
672,Rubenslei 36,2023-03-23,08:00:00,246,229,17,FMN 26 Stadspark
672,Rubenslei 36,2023-03-23,09:00:00,112,104,8,FMN 26 Stadspark
672,Rubenslei 36,2023-03-23,10:00:00,100,96,4,FMN 26 Stadspark
672,Rubenslei 36,2023-03-23,11:00:00,89,86,3,FMN 26 Stadspark
672,Rubenslei 36,2023-03-23,12:00:00,98,95,3,FMN 26 Stadspark
672,Rubenslei 36,2023-03-23,13:00:00,113,99,14,FMN 26 Stadspark
672,Rubenslei 36,2023-03-23,14:00:00,91,82,9,FMN 26 Stadspark
672,Rubenslei 36,2023-03-23,15:00:00,165,150,15,FMN 26 Stadspark
672,Rubenslei 36,2023-03-23,16:00:00,184,173,11,FMN 26 Stadspark
672,Rubenslei 36,2023-03-23,17:00:00,186,167,19,FMN 26 Stadspark
672,Rubenslei 36,2023-03-23,18:00:00,140,124,16,FMN 26 Stadspark
672,Rubenslei 36,2023-03-23,19:00:00,98,85,13,FMN 26 Stadspark
672,Rubenslei 36,2023-03-23,20:00:00,61,49,12,FMN 26 Stadspark
672,Rubenslei 36,2023-03-23,21:00:00,59,52,7,FMN 26 Stadspark
672,Rubenslei 36,2023-03-23,22:00:00,61,46,15,FMN 26 Stadspark
672,Rubenslei 36,2023-03-23,23:00:00,26,23,3,FMN 26 Stadspark
672,Rubenslei 36,2023-03-24,00:00:00,20,14,6,FMN 26 Stadspark
672,Rubenslei 36,2023-03-24,01:00:00,5,3,2,FMN 26 Stadspark
672,Rubenslei 36,2023-03-24,02:00:00,12,9,3,FMN 26 Stadspark
672,Rubenslei 36,2023-03-24,03:00:00,7,6,1,FMN 26 Stadspark
672,Rubenslei 36,2023-03-24,04:00:00,12,9,3,FMN 26 Stadspark
672,Rubenslei 36,2023-03-24,05:00:00,17,17,0,FMN 26 Stadspark
672,Rubenslei 36,2023-03-24,06:00:00,25,24,1,FMN 26 Stadspark
672,Rubenslei 36,2023-03-24,07:00:00,94,83,11,FMN 26 Stadspark
672,Rubenslei 36,2023-03-24,08:00:00,267,252,15,FMN 26 Stadspark
672,Rubenslei 36,2023-03-24,09:00:00,124,121,3,FMN 26 Stadspark
672,Rubenslei 36,2023-03-24,10:00:00,82,75,7,FMN 26 Stadspark
672,Rubenslei 36,2023-03-24,11:00:00,59,54,5,FMN 26 Stadspark
672,Rubenslei 36,2023-03-24,12:00:00,125,115,10,FMN 26 Stadspark
672,Rubenslei 36,2023-03-24,13:00:00,157,130,27,FMN 26 Stadspark
672,Rubenslei 36,2023-03-24,14:00:00,89,83,6,FMN 26 Stadspark
672,Rubenslei 36,2023-03-24,15:00:00,177,158,19,FMN 26 Stadspark
672,Rubenslei 36,2023-03-24,16:00:00,171,155,16,FMN 26 Stadspark
672,Rubenslei 36,2023-03-24,17:00:00,151,135,16,FMN 26 Stadspark
672,Rubenslei 36,2023-03-24,18:00:00,96,85,11,FMN 26 Stadspark
672,Rubenslei 36,2023-03-24,19:00:00,103,92,11,FMN 26 Stadspark
672,Rubenslei 36,2023-03-24,20:00:00,72,65,7,FMN 26 Stadspark
672,Rubenslei 36,2023-03-24,21:00:00,48,44,4,FMN 26 Stadspark
672,Rubenslei 36,2023-03-24,22:00:00,38,31,7,FMN 26 Stadspark
672,Rubenslei 36,2023-03-24,23:00:00,35,34,1,FMN 26 Stadspark
672,Rubenslei 36,2023-03-25,00:00:00,31,24,7,FMN 26 Stadspark
672,Rubenslei 36,2023-03-25,01:00:00,22,20,2,FMN 26 Stadspark
672,Rubenslei 36,2023-03-25,02:00:00,7,6,1,FMN 26 Stadspark
672,Rubenslei 36,2023-03-25,03:00:00,13,9,4,FMN 26 Stadspark
672,Rubenslei 36,2023-03-25,04:00:00,11,7,4,FMN 26 Stadspark
672,Rubenslei 36,2023-03-25,05:00:00,8,4,4,FMN 26 Stadspark
672,Rubenslei 36,2023-03-25,06:00:00,8,6,2,FMN 26 Stadspark
672,Rubenslei 36,2023-03-25,07:00:00,16,15,1,FMN 26 Stadspark
672,Rubenslei 36,2023-03-25,08:00:00,26,24,2,FMN 26 Stadspark
672,Rubenslei 36,2023-03-25,09:00:00,58,53,5,FMN 26 Stadspark
672,Rubenslei 36,2023-03-25,10:00:00,63,54,9,FMN 26 Stadspark
672,Rubenslei 36,2023-03-25,11:00:00,80,70,10,FMN 26 Stadspark
672,Rubenslei 36,2023-03-25,12:00:00,82,78,4,FMN 26 Stadspark
672,Rubenslei 36,2023-03-25,13:00:00,86,81,5,FMN 26 Stadspark
672,Rubenslei 36,2023-03-25,14:00:00,69,60,9,FMN 26 Stadspark
672,Rubenslei 36,2023-03-25,15:00:00,71,63,8,FMN 26 Stadspark
672,Rubenslei 36,2023-03-25,16:00:00,79,73,6,FMN 26 Stadspark
672,Rubenslei 36,2023-03-25,17:00:00,82,67,15,FMN 26 Stadspark
672,Rubenslei 36,2023-03-25,18:00:00,73,62,11,FMN 26 Stadspark
672,Rubenslei 36,2023-03-25,19:00:00,68,60,8,FMN 26 Stadspark
672,Rubenslei 36,2023-03-25,20:00:00,37,31,6,FMN 26 Stadspark
672,Rubenslei 36,2023-03-25,21:00:00,43,39,4,FMN 26 Stadspark
672,Rubenslei 36,2023-03-25,22:00:00,27,25,2,FMN 26 Stadspark
672,Rubenslei 36,2023-03-25,23:00:00,22,20,2,FMN 26 Stadspark
672,Rubenslei 36,2023-03-26,00:00:00,37,31,6,FMN 26 Stadspark
672,Rubenslei 36,2023-03-26,01:00:00,29,25,4,FMN 26 Stadspark
672,Rubenslei 36,2023-03-26,02:00:00,0,0,0,FMN 26 Stadspark
672,Rubenslei 36,2023-03-26,03:00:00,25,17,8,FMN 26 Stadspark
672,Rubenslei 36,2023-03-26,04:00:00,21,10,11,FMN 26 Stadspark
672,Rubenslei 36,2023-03-26,05:00:00,17,9,8,FMN 26 Stadspark
672,Rubenslei 36,2023-03-26,06:00:00,16,10,6,FMN 26 Stadspark
672,Rubenslei 36,2023-03-26,07:00:00,8,4,4,FMN 26 Stadspark
672,Rubenslei 36,2023-03-26,08:00:00,14,13,1,FMN 26 Stadspark
672,Rubenslei 36,2023-03-26,09:00:00,14,14,0,FMN 26 Stadspark
672,Rubenslei 36,2023-03-26,10:00:00,33,29,4,FMN 26 Stadspark
672,Rubenslei 36,2023-03-26,11:00:00,30,26,4,FMN 26 Stadspark
672,Rubenslei 36,2023-03-26,12:00:00,47,43,4,FMN 26 Stadspark
672,Rubenslei 36,2023-03-26,13:00:00,55,52,3,FMN 26 Stadspark
672,Rubenslei 36,2023-03-26,14:00:00,47,44,3,FMN 26 Stadspark
672,Rubenslei 36,2023-03-26,15:00:00,42,39,3,FMN 26 Stadspark
672,Rubenslei 36,2023-03-26,16:00:00,47,36,11,FMN 26 Stadspark
672,Rubenslei 36,2023-03-26,17:00:00,64,52,12,FMN 26 Stadspark
672,Rubenslei 36,2023-03-26,18:00:00,45,40,5,FMN 26 Stadspark
672,Rubenslei 36,2023-03-26,19:00:00,41,36,5,FMN 26 Stadspark
672,Rubenslei 36,2023-03-26,20:00:00,32,25,7,FMN 26 Stadspark
672,Rubenslei 36,2023-03-26,21:00:00,32,29,3,FMN 26 Stadspark
672,Rubenslei 36,2023-03-26,22:00:00,29,20,9,FMN 26 Stadspark
672,Rubenslei 36,2023-03-26,23:00:00,11,10,1,FMN 26 Stadspark
672,Rubenslei 36,2023-03-27,00:00:00,7,6,1,FMN 26 Stadspark
672,Rubenslei 36,2023-03-27,01:00:00,0,0,0,FMN 26 Stadspark
672,Rubenslei 36,2023-03-27,02:00:00,4,4,0,FMN 26 Stadspark
672,Rubenslei 36,2023-03-27,03:00:00,2,2,0,FMN 26 Stadspark
672,Rubenslei 36,2023-03-27,04:00:00,3,3,0,FMN 26 Stadspark
672,Rubenslei 36,2023-03-27,05:00:00,18,16,2,FMN 26 Stadspark
672,Rubenslei 36,2023-03-27,06:00:00,29,27,2,FMN 26 Stadspark
672,Rubenslei 36,2023-03-27,07:00:00,99,90,9,FMN 26 Stadspark
672,Rubenslei 36,2023-03-27,08:00:00,209,196,13,FMN 26 Stadspark
672,Rubenslei 36,2023-03-27,09:00:00,107,100,7,FMN 26 Stadspark
672,Rubenslei 36,2023-03-27,10:00:00,76,72,4,FMN 26 Stadspark
672,Rubenslei 36,2023-03-27,11:00:00,60,58,2,FMN 26 Stadspark
672,Rubenslei 36,2023-03-27,12:00:00,112,106,6,FMN 26 Stadspark
672,Rubenslei 36,2023-03-27,13:00:00,103,101,2,FMN 26 Stadspark
672,Rubenslei 36,2023-03-27,14:00:00,88,82,6,FMN 26 Stadspark
672,Rubenslei 36,2023-03-27,15:00:00,161,149,12,FMN 26 Stadspark
672,Rubenslei 36,2023-03-27,16:00:00,187,174,13,FMN 26 Stadspark
672,Rubenslei 36,2023-03-27,17:00:00,225,212,13,FMN 26 Stadspark
672,Rubenslei 36,2023-03-27,18:00:00,109,101,8,FMN 26 Stadspark
672,Rubenslei 36,2023-03-27,19:00:00,72,64,8,FMN 26 Stadspark
672,Rubenslei 36,2023-03-27,20:00:00,53,40,13,FMN 26 Stadspark
672,Rubenslei 36,2023-03-27,21:00:00,36,34,2,FMN 26 Stadspark
672,Rubenslei 36,2023-03-27,22:00:00,36,35,1,FMN 26 Stadspark
672,Rubenslei 36,2023-03-27,23:00:00,14,13,1,FMN 26 Stadspark
672,Rubenslei 36,2023-03-28,00:00:00,8,6,2,FMN 26 Stadspark
672,Rubenslei 36,2023-03-28,01:00:00,2,1,1,FMN 26 Stadspark
672,Rubenslei 36,2023-03-28,02:00:00,0,0,0,FMN 26 Stadspark
672,Rubenslei 36,2023-03-28,03:00:00,2,2,0,FMN 26 Stadspark
672,Rubenslei 36,2023-03-28,04:00:00,2,2,0,FMN 26 Stadspark
672,Rubenslei 36,2023-03-28,05:00:00,10,10,0,FMN 26 Stadspark
672,Rubenslei 36,2023-03-28,06:00:00,31,24,7,FMN 26 Stadspark
672,Rubenslei 36,2023-03-28,07:00:00,71,70,1,FMN 26 Stadspark
672,Rubenslei 36,2023-03-28,08:00:00,201,186,15,FMN 26 Stadspark
672,Rubenslei 36,2023-03-28,09:00:00,80,74,6,FMN 26 Stadspark
672,Rubenslei 36,2023-03-28,10:00:00,66,62,4,FMN 26 Stadspark
672,Rubenslei 36,2023-03-28,11:00:00,88,84,4,FMN 26 Stadspark
672,Rubenslei 36,2023-03-28,12:00:00,125,111,14,FMN 26 Stadspark
672,Rubenslei 36,2023-03-28,13:00:00,103,93,10,FMN 26 Stadspark
672,Rubenslei 36,2023-03-28,14:00:00,117,109,8,FMN 26 Stadspark
672,Rubenslei 36,2023-03-28,15:00:00,155,142,13,FMN 26 Stadspark
672,Rubenslei 36,2023-03-28,16:00:00,193,175,18,FMN 26 Stadspark
672,Rubenslei 36,2023-03-28,17:00:00,211,195,16,FMN 26 Stadspark
672,Rubenslei 36,2023-03-28,18:00:00,147,127,20,FMN 26 Stadspark
672,Rubenslei 36,2023-03-28,19:00:00,88,77,11,FMN 26 Stadspark
672,Rubenslei 36,2023-03-28,20:00:00,72,63,9,FMN 26 Stadspark
672,Rubenslei 36,2023-03-28,21:00:00,58,46,12,FMN 26 Stadspark
672,Rubenslei 36,2023-03-28,22:00:00,32,28,4,FMN 26 Stadspark
672,Rubenslei 36,2023-03-28,23:00:00,23,18,5,FMN 26 Stadspark
672,Rubenslei 36,2023-03-29,00:00:00,6,4,2,FMN 26 Stadspark
672,Rubenslei 36,2023-03-29,01:00:00,7,6,1,FMN 26 Stadspark
672,Rubenslei 36,2023-03-29,02:00:00,2,2,0,FMN 26 Stadspark
672,Rubenslei 36,2023-03-29,03:00:00,1,1,0,FMN 26 Stadspark
672,Rubenslei 36,2023-03-29,04:00:00,5,5,0,FMN 26 Stadspark
672,Rubenslei 36,2023-03-29,05:00:00,6,6,0,FMN 26 Stadspark
672,Rubenslei 36,2023-03-29,06:00:00,25,24,1,FMN 26 Stadspark
672,Rubenslei 36,2023-03-29,07:00:00,66,62,4,FMN 26 Stadspark
672,Rubenslei 36,2023-03-29,08:00:00,158,146,12,FMN 26 Stadspark
672,Rubenslei 36,2023-03-29,09:00:00,74,70,4,FMN 26 Stadspark
672,Rubenslei 36,2023-03-29,10:00:00,44,37,7,FMN 26 Stadspark
672,Rubenslei 36,2023-03-29,11:00:00,83,76,7,FMN 26 Stadspark
672,Rubenslei 36,2023-03-29,12:00:00,151,139,12,FMN 26 Stadspark
672,Rubenslei 36,2023-03-29,13:00:00,131,114,17,FMN 26 Stadspark
672,Rubenslei 36,2023-03-29,14:00:00,116,106,10,FMN 26 Stadspark
672,Rubenslei 36,2023-03-29,15:00:00,123,110,13,FMN 26 Stadspark
672,Rubenslei 36,2023-03-29,16:00:00,167,147,20,FMN 26 Stadspark
672,Rubenslei 36,2023-03-29,17:00:00,196,174,22,FMN 26 Stadspark
672,Rubenslei 36,2023-03-29,18:00:00,130,117,13,FMN 26 Stadspark
672,Rubenslei 36,2023-03-29,19:00:00,111,90,21,FMN 26 Stadspark
672,Rubenslei 36,2023-03-29,20:00:00,52,43,9,FMN 26 Stadspark
672,Rubenslei 36,2023-03-29,21:00:00,7,6,1,FMN 26 Stadspark
672,Rubenslei 36,2023-03-29,22:00:00,0,0,0,FMN 26 Stadspark
672,Rubenslei 36,2023-03-29,23:00:00,0,0,0,FMN 26 Stadspark
672,Rubenslei 36,2023-03-30,00:00:00,0,0,0,FMN 26 Stadspark
672,Rubenslei 36,2023-03-30,01:00:00,5,4,1,FMN 26 Stadspark
672,Rubenslei 36,2023-03-30,02:00:00,2,1,1,FMN 26 Stadspark
672,Rubenslei 36,2023-03-30,03:00:00,1,1,0,FMN 26 Stadspark
672,Rubenslei 36,2023-03-30,04:00:00,7,7,0,FMN 26 Stadspark
672,Rubenslei 36,2023-03-30,05:00:00,16,16,0,FMN 26 Stadspark
672,Rubenslei 36,2023-03-30,06:00:00,38,36,2,FMN 26 Stadspark
672,Rubenslei 36,2023-03-30,07:00:00,128,120,8,FMN 26 Stadspark
672,Rubenslei 36,2023-03-30,08:00:00,295,279,16,FMN 26 Stadspark
672,Rubenslei 36,2023-03-30,09:00:00,128,121,7,FMN 26 Stadspark
672,Rubenslei 36,2023-03-30,10:00:00,96,89,7,FMN 26 Stadspark
672,Rubenslei 36,2023-03-30,11:00:00,88,87,1,FMN 26 Stadspark
672,Rubenslei 36,2023-03-30,12:00:00,131,117,14,FMN 26 Stadspark
672,Rubenslei 36,2023-03-30,13:00:00,110,106,4,FMN 26 Stadspark
672,Rubenslei 36,2023-03-30,14:00:00,98,87,11,FMN 26 Stadspark
672,Rubenslei 36,2023-03-30,15:00:00,156,144,12,FMN 26 Stadspark
672,Rubenslei 36,2023-03-30,16:00:00,187,166,21,FMN 26 Stadspark
672,Rubenslei 36,2023-03-30,17:00:00,191,164,27,FMN 26 Stadspark
672,Rubenslei 36,2023-03-30,18:00:00,154,132,22,FMN 26 Stadspark
672,Rubenslei 36,2023-03-30,19:00:00,105,91,14,FMN 26 Stadspark
672,Rubenslei 36,2023-03-30,20:00:00,73,66,7,FMN 26 Stadspark
672,Rubenslei 36,2023-03-30,21:00:00,52,45,7,FMN 26 Stadspark
672,Rubenslei 36,2023-03-30,22:00:00,42,38,4,FMN 26 Stadspark
672,Rubenslei 36,2023-03-30,23:00:00,28,24,4,FMN 26 Stadspark
672,Rubenslei 36,2023-03-31,00:00:00,0,0,0,FMN 26 Stadspark
672,Rubenslei 36,2023-03-31,01:00:00,15,9,6,FMN 26 Stadspark
672,Rubenslei 36,2023-03-31,02:00:00,9,6,3,FMN 26 Stadspark
672,Rubenslei 36,2023-03-31,03:00:00,7,6,1,FMN 26 Stadspark
672,Rubenslei 36,2023-03-31,04:00:00,16,13,3,FMN 26 Stadspark
672,Rubenslei 36,2023-03-31,05:00:00,19,18,1,FMN 26 Stadspark
672,Rubenslei 36,2023-03-31,06:00:00,38,34,4,FMN 26 Stadspark
672,Rubenslei 36,2023-03-31,07:00:00,97,91,6,FMN 26 Stadspark
672,Rubenslei 36,2023-03-31,08:00:00,249,239,10,FMN 26 Stadspark
672,Rubenslei 36,2023-03-31,09:00:00,131,124,7,FMN 26 Stadspark
672,Rubenslei 36,2023-03-31,10:00:00,102,96,6,FMN 26 Stadspark
672,Rubenslei 36,2023-03-31,11:00:00,89,82,7,FMN 26 Stadspark
672,Rubenslei 36,2023-03-31,12:00:00,135,120,15,FMN 26 Stadspark
672,Rubenslei 36,2023-03-31,13:00:00,134,120,14,FMN 26 Stadspark
672,Rubenslei 36,2023-03-31,14:00:00,123,110,13,FMN 26 Stadspark
672,Rubenslei 36,2023-03-31,15:00:00,183,158,25,FMN 26 Stadspark
672,Rubenslei 36,2023-03-31,16:00:00,183,163,20,FMN 26 Stadspark
672,Rubenslei 36,2023-03-31,17:00:00,181,156,25,FMN 26 Stadspark
672,Rubenslei 36,2023-03-31,18:00:00,145,123,22,FMN 26 Stadspark
672,Rubenslei 36,2023-03-31,19:00:00,111,101,10,FMN 26 Stadspark
672,Rubenslei 36,2023-03-31,20:00:00,87,75,12,FMN 26 Stadspark
672,Rubenslei 36,2023-03-31,21:00:00,59,49,10,FMN 26 Stadspark
672,Rubenslei 36,2023-03-31,22:00:00,42,37,5,FMN 26 Stadspark
672,Rubenslei 36,2023-03-31,23:00:00,35,31,4,FMN 26 Stadspark
672,Rubenslei 36,2023-04-01,00:00:00,0,0,0,FMN 26 Stadspark
672,Rubenslei 36,2023-04-01,01:00:00,36,26,10,FMN 26 Stadspark
672,Rubenslei 36,2023-04-01,02:00:00,18,14,4,FMN 26 Stadspark
672,Rubenslei 36,2023-04-01,03:00:00,17,11,6,FMN 26 Stadspark
672,Rubenslei 36,2023-04-01,04:00:00,9,3,6,FMN 26 Stadspark
672,Rubenslei 36,2023-04-01,05:00:00,10,7,3,FMN 26 Stadspark
672,Rubenslei 36,2023-04-01,06:00:00,8,6,2,FMN 26 Stadspark
672,Rubenslei 36,2023-04-01,07:00:00,19,16,3,FMN 26 Stadspark
672,Rubenslei 36,2023-04-01,08:00:00,28,25,3,FMN 26 Stadspark
672,Rubenslei 36,2023-04-01,09:00:00,54,49,5,FMN 26 Stadspark
672,Rubenslei 36,2023-04-01,10:00:00,76,66,10,FMN 26 Stadspark
672,Rubenslei 36,2023-04-01,11:00:00,79,72,7,FMN 26 Stadspark
672,Rubenslei 36,2023-04-01,12:00:00,83,75,8,FMN 26 Stadspark
672,Rubenslei 36,2023-04-01,13:00:00,90,80,10,FMN 26 Stadspark
672,Rubenslei 36,2023-04-01,14:00:00,106,95,11,FMN 26 Stadspark
672,Rubenslei 36,2023-04-01,15:00:00,86,78,8,FMN 26 Stadspark
672,Rubenslei 36,2023-04-01,16:00:00,83,69,14,FMN 26 Stadspark
672,Rubenslei 36,2023-04-01,17:00:00,86,72,14,FMN 26 Stadspark
672,Rubenslei 36,2023-04-01,18:00:00,75,66,9,FMN 26 Stadspark
672,Rubenslei 36,2023-04-01,19:00:00,75,68,7,FMN 26 Stadspark
672,Rubenslei 36,2023-04-01,20:00:00,62,57,5,FMN 26 Stadspark
672,Rubenslei 36,2023-04-01,21:00:00,38,29,9,FMN 26 Stadspark
672,Rubenslei 36,2023-04-01,22:00:00,34,26,8,FMN 26 Stadspark
672,Rubenslei 36,2023-04-01,23:00:00,28,19,9,FMN 26 Stadspark
672,Rubenslei 36,2023-04-02,00:00:00,0,0,0,FMN 26 Stadspark
672,Rubenslei 36,2023-04-02,01:00:00,23,19,4,FMN 26 Stadspark
672,Rubenslei 36,2023-04-02,02:00:00,17,14,3,FMN 26 Stadspark
672,Rubenslei 36,2023-04-02,03:00:00,17,9,8,FMN 26 Stadspark
672,Rubenslei 36,2023-04-02,04:00:00,13,8,5,FMN 26 Stadspark
672,Rubenslei 36,2023-04-02,05:00:00,13,7,6,FMN 26 Stadspark
672,Rubenslei 36,2023-04-02,06:00:00,15,9,6,FMN 26 Stadspark
672,Rubenslei 36,2023-04-02,07:00:00,4,4,0,FMN 26 Stadspark
672,Rubenslei 36,2023-04-02,08:00:00,22,21,1,FMN 26 Stadspark
672,Rubenslei 36,2023-04-02,09:00:00,33,29,4,FMN 26 Stadspark
672,Rubenslei 36,2023-04-02,10:00:00,59,52,7,FMN 26 Stadspark
672,Rubenslei 36,2023-04-02,11:00:00,66,56,10,FMN 26 Stadspark
672,Rubenslei 36,2023-04-02,12:00:00,69,59,10,FMN 26 Stadspark
672,Rubenslei 36,2023-04-02,13:00:00,88,80,8,FMN 26 Stadspark
672,Rubenslei 36,2023-04-02,14:00:00,79,68,11,FMN 26 Stadspark
672,Rubenslei 36,2023-04-02,15:00:00,60,53,7,FMN 26 Stadspark
672,Rubenslei 36,2023-04-02,16:00:00,68,56,12,FMN 26 Stadspark
672,Rubenslei 36,2023-04-02,17:00:00,59,50,9,FMN 26 Stadspark
672,Rubenslei 36,2023-04-02,18:00:00,66,57,9,FMN 26 Stadspark
672,Rubenslei 36,2023-04-02,19:00:00,69,58,11,FMN 26 Stadspark
672,Rubenslei 36,2023-04-02,20:00:00,47,41,6,FMN 26 Stadspark
672,Rubenslei 36,2023-04-02,21:00:00,36,30,6,FMN 26 Stadspark
672,Rubenslei 36,2023-04-02,22:00:00,36,23,13,FMN 26 Stadspark
672,Rubenslei 36,2023-04-02,23:00:00,16,12,4,FMN 26 Stadspark
672,Rubenslei 36,2023-04-03,00:00:00,0,0,0,FMN 26 Stadspark
672,Rubenslei 36,2023-04-03,01:00:00,5,3,2,FMN 26 Stadspark
672,Rubenslei 36,2023-04-03,02:00:00,2,2,0,FMN 26 Stadspark
672,Rubenslei 36,2023-04-03,03:00:00,1,0,1,FMN 26 Stadspark
672,Rubenslei 36,2023-04-03,04:00:00,5,5,0,FMN 26 Stadspark
672,Rubenslei 36,2023-04-03,05:00:00,18,18,0,FMN 26 Stadspark
672,Rubenslei 36,2023-04-03,06:00:00,36,35,1,FMN 26 Stadspark
672,Rubenslei 36,2023-04-03,07:00:00,103,95,8,FMN 26 Stadspark
672,Rubenslei 36,2023-04-03,08:00:00,271,258,13,FMN 26 Stadspark
672,Rubenslei 36,2023-04-03,09:00:00,123,120,3,FMN 26 Stadspark
672,Rubenslei 36,2023-04-03,10:00:00,85,78,7,FMN 26 Stadspark
672,Rubenslei 36,2023-04-03,11:00:00,75,67,8,FMN 26 Stadspark
672,Rubenslei 36,2023-04-03,12:00:00,114,107,7,FMN 26 Stadspark
672,Rubenslei 36,2023-04-03,13:00:00,101,91,10,FMN 26 Stadspark
672,Rubenslei 36,2023-04-03,14:00:00,91,83,8,FMN 26 Stadspark
672,Rubenslei 36,2023-04-03,15:00:00,157,142,15,FMN 26 Stadspark
672,Rubenslei 36,2023-04-03,16:00:00,192,174,18,FMN 26 Stadspark
672,Rubenslei 36,2023-04-03,17:00:00,200,171,29,FMN 26 Stadspark
672,Rubenslei 36,2023-04-03,18:00:00,121,110,11,FMN 26 Stadspark
672,Rubenslei 36,2023-04-03,19:00:00,93,80,13,FMN 26 Stadspark
672,Rubenslei 36,2023-04-03,20:00:00,53,43,10,FMN 26 Stadspark
672,Rubenslei 36,2023-04-03,21:00:00,46,36,10,FMN 26 Stadspark
672,Rubenslei 36,2023-04-03,22:00:00,36,31,5,FMN 26 Stadspark
672,Rubenslei 36,2023-04-03,23:00:00,17,15,2,FMN 26 Stadspark
672,Rubenslei 36,2023-04-04,00:00:00,0,0,0,FMN 26 Stadspark
672,Rubenslei 36,2023-04-04,01:00:00,5,3,2,FMN 26 Stadspark
672,Rubenslei 36,2023-04-04,02:00:00,5,4,1,FMN 26 Stadspark
672,Rubenslei 36,2023-04-04,03:00:00,4,3,1,FMN 26 Stadspark
672,Rubenslei 36,2023-04-04,04:00:00,10,10,0,FMN 26 Stadspark
672,Rubenslei 36,2023-04-04,05:00:00,20,19,1,FMN 26 Stadspark
672,Rubenslei 36,2023-04-04,06:00:00,45,39,6,FMN 26 Stadspark
672,Rubenslei 36,2023-04-04,07:00:00,133,123,10,FMN 26 Stadspark
672,Rubenslei 36,2023-04-04,08:00:00,351,329,22,FMN 26 Stadspark
672,Rubenslei 36,2023-04-04,09:00:00,131,129,2,FMN 26 Stadspark
672,Rubenslei 36,2023-04-04,10:00:00,101,96,5,FMN 26 Stadspark
672,Rubenslei 36,2023-04-04,11:00:00,96,89,7,FMN 26 Stadspark
672,Rubenslei 36,2023-04-04,12:00:00,139,127,12,FMN 26 Stadspark
672,Rubenslei 36,2023-04-04,13:00:00,135,125,10,FMN 26 Stadspark
672,Rubenslei 36,2023-04-04,14:00:00,115,100,15,FMN 26 Stadspark
672,Rubenslei 36,2023-04-04,15:00:00,177,158,19,FMN 26 Stadspark
672,Rubenslei 36,2023-04-04,16:00:00,220,198,22,FMN 26 Stadspark
672,Rubenslei 36,2023-04-04,17:00:00,223,200,23,FMN 26 Stadspark
672,Rubenslei 36,2023-04-04,18:00:00,158,139,19,FMN 26 Stadspark
672,Rubenslei 36,2023-04-04,19:00:00,116,95,21,FMN 26 Stadspark
672,Rubenslei 36,2023-04-04,20:00:00,60,56,4,FMN 26 Stadspark
672,Rubenslei 36,2023-04-04,21:00:00,76,65,11,FMN 26 Stadspark
672,Rubenslei 36,2023-04-04,22:00:00,43,34,9,FMN 26 Stadspark
672,Rubenslei 36,2023-04-04,23:00:00,32,24,8,FMN 26 Stadspark
672,Rubenslei 36,2023-04-05,00:00:00,0,0,0,FMN 26 Stadspark
672,Rubenslei 36,2023-04-05,01:00:00,9,7,2,FMN 26 Stadspark
672,Rubenslei 36,2023-04-05,02:00:00,4,3,1,FMN 26 Stadspark
672,Rubenslei 36,2023-04-05,03:00:00,1,0,1,FMN 26 Stadspark
672,Rubenslei 36,2023-04-05,04:00:00,11,11,0,FMN 26 Stadspark
672,Rubenslei 36,2023-04-05,05:00:00,15,15,0,FMN 26 Stadspark
672,Rubenslei 36,2023-04-05,06:00:00,32,32,0,FMN 26 Stadspark
672,Rubenslei 36,2023-04-05,07:00:00,107,100,7,FMN 26 Stadspark
672,Rubenslei 36,2023-04-05,08:00:00,285,274,11,FMN 26 Stadspark
672,Rubenslei 36,2023-04-05,09:00:00,127,123,4,FMN 26 Stadspark
672,Rubenslei 36,2023-04-05,10:00:00,89,83,6,FMN 26 Stadspark
672,Rubenslei 36,2023-04-05,11:00:00,93,85,8,FMN 26 Stadspark
672,Rubenslei 36,2023-04-05,12:00:00,158,149,9,FMN 26 Stadspark
672,Rubenslei 36,2023-04-05,13:00:00,126,119,7,FMN 26 Stadspark
672,Rubenslei 36,2023-04-05,14:00:00,98,88,10,FMN 26 Stadspark
672,Rubenslei 36,2023-04-05,15:00:00,119,108,11,FMN 26 Stadspark
672,Rubenslei 36,2023-04-05,16:00:00,157,138,19,FMN 26 Stadspark
672,Rubenslei 36,2023-04-05,17:00:00,163,146,17,FMN 26 Stadspark
672,Rubenslei 36,2023-04-05,18:00:00,126,108,18,FMN 26 Stadspark
672,Rubenslei 36,2023-04-05,19:00:00,103,86,17,FMN 26 Stadspark
672,Rubenslei 36,2023-04-05,20:00:00,62,56,6,FMN 26 Stadspark
672,Rubenslei 36,2023-04-05,21:00:00,56,46,10,FMN 26 Stadspark
672,Rubenslei 36,2023-04-05,22:00:00,58,41,17,FMN 26 Stadspark
672,Rubenslei 36,2023-04-05,23:00:00,13,12,1,FMN 26 Stadspark
672,Rubenslei 36,2023-04-06,00:00:00,0,0,0,FMN 26 Stadspark
672,Rubenslei 36,2023-04-06,01:00:00,7,4,3,FMN 26 Stadspark
672,Rubenslei 36,2023-04-06,02:00:00,2,1,1,FMN 26 Stadspark
672,Rubenslei 36,2023-04-06,03:00:00,2,1,1,FMN 26 Stadspark
672,Rubenslei 36,2023-04-06,04:00:00,14,13,1,FMN 26 Stadspark
672,Rubenslei 36,2023-04-06,05:00:00,18,18,0,FMN 26 Stadspark
672,Rubenslei 36,2023-04-06,06:00:00,40,39,1,FMN 26 Stadspark
672,Rubenslei 36,2023-04-06,07:00:00,131,123,8,FMN 26 Stadspark
672,Rubenslei 36,2023-04-06,08:00:00,340,328,12,FMN 26 Stadspark
672,Rubenslei 36,2023-04-06,09:00:00,136,128,8,FMN 26 Stadspark
672,Rubenslei 36,2023-04-06,10:00:00,118,115,3,FMN 26 Stadspark
672,Rubenslei 36,2023-04-06,11:00:00,93,85,8,FMN 26 Stadspark
672,Rubenslei 36,2023-04-06,12:00:00,143,126,17,FMN 26 Stadspark
672,Rubenslei 36,2023-04-06,13:00:00,135,118,17,FMN 26 Stadspark
672,Rubenslei 36,2023-04-06,14:00:00,97,86,11,FMN 26 Stadspark
672,Rubenslei 36,2023-04-06,15:00:00,173,154,19,FMN 26 Stadspark
672,Rubenslei 36,2023-04-06,16:00:00,215,193,22,FMN 26 Stadspark
672,Rubenslei 36,2023-04-06,17:00:00,210,188,22,FMN 26 Stadspark
672,Rubenslei 36,2023-04-06,18:00:00,159,144,15,FMN 26 Stadspark
672,Rubenslei 36,2023-04-06,19:00:00,131,116,15,FMN 26 Stadspark
672,Rubenslei 36,2023-04-06,20:00:00,78,67,11,FMN 26 Stadspark
672,Rubenslei 36,2023-04-06,21:00:00,66,56,10,FMN 26 Stadspark
672,Rubenslei 36,2023-04-06,22:00:00,47,41,6,FMN 26 Stadspark
672,Rubenslei 36,2023-04-06,23:00:00,38,31,7,FMN 26 Stadspark
672,Rubenslei 36,2023-04-07,00:00:00,0,0,0,FMN 26 Stadspark
672,Rubenslei 36,2023-04-07,01:00:00,16,12,4,FMN 26 Stadspark
672,Rubenslei 36,2023-04-07,02:00:00,8,6,2,FMN 26 Stadspark
672,Rubenslei 36,2023-04-07,03:00:00,12,6,6,FMN 26 Stadspark
672,Rubenslei 36,2023-04-07,04:00:00,9,7,2,FMN 26 Stadspark
672,Rubenslei 36,2023-04-07,05:00:00,19,17,2,FMN 26 Stadspark
672,Rubenslei 36,2023-04-07,06:00:00,28,28,0,FMN 26 Stadspark
672,Rubenslei 36,2023-04-07,07:00:00,95,91,4,FMN 26 Stadspark
672,Rubenslei 36,2023-04-07,08:00:00,224,214,10,FMN 26 Stadspark
672,Rubenslei 36,2023-04-07,09:00:00,110,101,9,FMN 26 Stadspark
672,Rubenslei 36,2023-04-07,10:00:00,96,90,6,FMN 26 Stadspark
672,Rubenslei 36,2023-04-07,11:00:00,83,77,6,FMN 26 Stadspark
672,Rubenslei 36,2023-04-07,12:00:00,113,104,9,FMN 26 Stadspark
672,Rubenslei 36,2023-04-07,13:00:00,112,99,13,FMN 26 Stadspark
672,Rubenslei 36,2023-04-07,14:00:00,96,85,11,FMN 26 Stadspark
672,Rubenslei 36,2023-04-07,15:00:00,152,139,13,FMN 26 Stadspark
672,Rubenslei 36,2023-04-07,16:00:00,169,143,26,FMN 26 Stadspark
672,Rubenslei 36,2023-04-07,17:00:00,150,135,15,FMN 26 Stadspark
672,Rubenslei 36,2023-04-07,18:00:00,125,112,13,FMN 26 Stadspark
672,Rubenslei 36,2023-04-07,19:00:00,103,91,12,FMN 26 Stadspark
672,Rubenslei 36,2023-04-07,20:00:00,81,68,13,FMN 26 Stadspark
672,Rubenslei 36,2023-04-07,21:00:00,57,47,10,FMN 26 Stadspark
672,Rubenslei 36,2023-04-07,22:00:00,42,33,9,FMN 26 Stadspark
672,Rubenslei 36,2023-04-07,23:00:00,44,34,10,FMN 26 Stadspark
672,Rubenslei 36,2023-04-08,00:00:00,0,0,0,FMN 26 Stadspark
672,Rubenslei 36,2023-04-08,01:00:00,30,26,4,FMN 26 Stadspark
672,Rubenslei 36,2023-04-08,02:00:00,28,19,9,FMN 26 Stadspark
672,Rubenslei 36,2023-04-08,03:00:00,17,10,7,FMN 26 Stadspark
672,Rubenslei 36,2023-04-08,04:00:00,13,6,7,FMN 26 Stadspark
672,Rubenslei 36,2023-04-08,05:00:00,10,7,3,FMN 26 Stadspark
672,Rubenslei 36,2023-04-08,06:00:00,18,14,4,FMN 26 Stadspark
672,Rubenslei 36,2023-04-08,07:00:00,24,21,3,FMN 26 Stadspark
672,Rubenslei 36,2023-04-08,08:00:00,35,34,1,FMN 26 Stadspark
672,Rubenslei 36,2023-04-08,09:00:00,62,56,6,FMN 26 Stadspark
672,Rubenslei 36,2023-04-08,10:00:00,73,66,7,FMN 26 Stadspark
672,Rubenslei 36,2023-04-08,11:00:00,85,75,10,FMN 26 Stadspark
672,Rubenslei 36,2023-04-08,12:00:00,95,83,12,FMN 26 Stadspark
672,Rubenslei 36,2023-04-08,13:00:00,100,93,7,FMN 26 Stadspark
672,Rubenslei 36,2023-04-08,14:00:00,110,99,11,FMN 26 Stadspark
672,Rubenslei 36,2023-04-08,15:00:00,97,83,14,FMN 26 Stadspark
672,Rubenslei 36,2023-04-08,16:00:00,93,79,14,FMN 26 Stadspark
672,Rubenslei 36,2023-04-08,17:00:00,90,75,15,FMN 26 Stadspark
672,Rubenslei 36,2023-04-08,18:00:00,86,71,15,FMN 26 Stadspark
672,Rubenslei 36,2023-04-08,19:00:00,92,79,13,FMN 26 Stadspark
672,Rubenslei 36,2023-04-08,20:00:00,64,53,11,FMN 26 Stadspark
672,Rubenslei 36,2023-04-08,21:00:00,49,41,8,FMN 26 Stadspark
672,Rubenslei 36,2023-04-08,22:00:00,49,38,11,FMN 26 Stadspark
672,Rubenslei 36,2023-04-08,23:00:00,35,30,5,FMN 26 Stadspark
672,Rubenslei 36,2023-04-09,00:00:00,0,0,0,FMN 26 Stadspark
672,Rubenslei 36,2023-04-09,01:00:00,33,25,8,FMN 26 Stadspark
672,Rubenslei 36,2023-04-09,02:00:00,18,12,6,FMN 26 Stadspark
672,Rubenslei 36,2023-04-09,03:00:00,9,6,3,FMN 26 Stadspark
672,Rubenslei 36,2023-04-09,04:00:00,10,7,3,FMN 26 Stadspark
672,Rubenslei 36,2023-04-09,05:00:00,13,10,3,FMN 26 Stadspark
672,Rubenslei 36,2023-04-09,06:00:00,11,6,5,FMN 26 Stadspark
672,Rubenslei 36,2023-04-09,07:00:00,8,7,1,FMN 26 Stadspark
672,Rubenslei 36,2023-04-09,08:00:00,24,22,2,FMN 26 Stadspark
672,Rubenslei 36,2023-04-09,09:00:00,30,27,3,FMN 26 Stadspark
672,Rubenslei 36,2023-04-09,10:00:00,48,43,5,FMN 26 Stadspark
672,Rubenslei 36,2023-04-09,11:00:00,65,60,5,FMN 26 Stadspark
672,Rubenslei 36,2023-04-09,12:00:00,71,61,10,FMN 26 Stadspark
672,Rubenslei 36,2023-04-09,13:00:00,84,71,13,FMN 26 Stadspark
672,Rubenslei 36,2023-04-09,14:00:00,72,62,10,FMN 26 Stadspark
672,Rubenslei 36,2023-04-09,15:00:00,71,62,9,FMN 26 Stadspark
672,Rubenslei 36,2023-04-09,16:00:00,65,53,12,FMN 26 Stadspark
672,Rubenslei 36,2023-04-09,17:00:00,66,58,8,FMN 26 Stadspark
672,Rubenslei 36,2023-04-09,18:00:00,60,50,10,FMN 26 Stadspark
672,Rubenslei 36,2023-04-09,19:00:00,65,50,15,FMN 26 Stadspark
672,Rubenslei 36,2023-04-09,20:00:00,36,29,7,FMN 26 Stadspark
672,Rubenslei 36,2023-04-09,21:00:00,36,30,6,FMN 26 Stadspark
672,Rubenslei 36,2023-04-09,22:00:00,36,28,8,FMN 26 Stadspark
672,Rubenslei 36,2023-04-09,23:00:00,16,12,4,FMN 26 Stadspark
672,Rubenslei 36,2023-04-10,00:00:00,0,0,0,FMN 26 Stadspark
672,Rubenslei 36,2023-04-10,01:00:00,5,3,2,FMN 26 Stadspark
672,Rubenslei 36,2023-04-10,02:00:00,2,2,0,FMN 26 Stadspark
672,Rubenslei 36,2023-04-10,03:00:00,4,4,0,FMN 26 Stadspark
672,Rubenslei 36,2023-04-10,04:00:00,3,3,0,FMN 26 Stadspark
672,Rubenslei 36,2023-04-10,05:00:00,17,16,1,FMN 26 Stadspark
672,Rubenslei 36,2023-04-10,06:00:00,34,32,2,FMN 26 Stadspark
672,Rubenslei 36,2023-04-10,07:00:00,107,98,9,FMN 26 Stadspark
672,Rubenslei 36,2023-04-10,08:00:00,279,267,12,FMN 26 Stadspark
672,Rubenslei 36,2023-04-10,09:00:00,134,126,8,FMN 26 Stadspark
672,Rubenslei 36,2023-04-10,10:00:00,86,82,4,FMN 26 Stadspark
672,Rubenslei 36,2023-04-10,11:00:00,79,74,5,FMN 26 Stadspark
672,Rubenslei 36,2023-04-10,12:00:00,115,107,8,FMN 26 Stadspark
672,Rubenslei 36,2023-04-10,13:00:00,111,101,10,FMN 26 Stadspark
672,Rubenslei 36,2023-04-10,14:00:00,96,86,10,FMN 26 Stadspark
672,Rubenslei 36,2023-04-10,15:00:00,159,146,13,FMN 26 Stadspark
672,Rubenslei 36,2023-04-10,16:00:00,194,176,18,FMN 26 Stadspark
672,Rubenslei 36,2023-04-10,17:00:00,204,180,24,FMN 26 Stadspark
672,Rubenslei 36,2023-04-10,18:00:00,127,109,18,FMN 26 Stadspark
672,Rubenslei 36,2023-04-10,19:00:00,88,77,11,FMN 26 Stadspark
672,Rubenslei 36,2023-04-10,20:00:00,66,54,12,FMN 26 Stadspark
672,Rubenslei 36,2023-04-10,21:00:00,41,28,13,FMN 26 Stadspark
672,Rubenslei 36,2023-04-10,22:00:00,37,33,4,FMN 26 Stadspark
672,Rubenslei 36,2023-04-10,23:00:00,23,20,3,FMN 26 Stadspark
672,Rubenslei 36,2023-04-11,00:00:00,0,0,0,FMN 26 Stadspark
672,Rubenslei 36,2023-04-11,01:00:00,4,3,1,FMN 26 Stadspark
672,Rubenslei 36,2023-04-11,02:00:00,2,0,2,FMN 26 Stadspark
672,Rubenslei 36,2023-04-11,03:00:00,4,4,0,FMN 26 Stadspark
672,Rubenslei 36,2023-04-11,04:00:00,11,10,1,FMN 26 Stadspark
672,Rubenslei 36,2023-04-11,05:00:00,18,17,1,FMN 26 Stadspark
672,Rubenslei 36,2023-04-11,06:00:00,39,36,3,FMN 26 Stadspark
672,Rubenslei 36,2023-04-11,07:00:00,132,126,6,FMN 26 Stadspark
672,Rubenslei 36,2023-04-11,08:00:00,335,315,20,FMN 26 Stadspark
672,Rubenslei 36,2023-04-11,09:00:00,135,129,6,FMN 26 Stadspark
672,Rubenslei 36,2023-04-11,10:00:00,94,89,5,FMN 26 Stadspark
672,Rubenslei 36,2023-04-11,11:00:00,90,84,6,FMN 26 Stadspark
672,Rubenslei 36,2023-04-11,12:00:00,132,119,13,FMN 26 Stadspark
672,Rubenslei 36,2023-04-11,13:00:00,134,123,11,FMN 26 Stadspark
672,Rubenslei 36,2023-04-11,14:00:00,113,102,11,FMN 26 Stadspark
672,Rubenslei 36,2023-04-11,15:00:00,182,163,19,FMN 26 Stadspark
672,Rubenslei 36,2023-04-11,16:00:00,209,185,24,FMN 26 Stadspark
672,Rubenslei 36,2023-04-11,17:00:00,210,188,22,FMN 26 Stadspark
672,Rubenslei 36,2023-04-11,18:00:00,169,143,26,FMN 26 Stadspark
672,Rubenslei 36,2023-04-11,19:00:00,104,91,13,FMN 26 Stadspark
672,Rubenslei 36,2023-04-11,20:00:00,70,63,7,FMN 26 Stadspark
672,Rubenslei 36,2023-04-11,21:00:00,62,50,12,FMN 26 Stadspark
672,Rubenslei 36,2023-04-11,22:00:00,46,38,8,FMN 26 Stadspark
672,Rubenslei 36,2023-04-11,23:00:00,22,18,4,FMN 26 Stadspark
672,Rubenslei 36,2023-04-12,00:00:00,0,0,0,FMN 26 Stadspark
672,Rubenslei 36,2023-04-12,01:00:00,7,6,1,FMN 26 Stadspark
672,Rubenslei 36,2023-04-12,02:00:00,3,2,1,FMN 26 Stadspark
672,Rubenslei 36,2023-04-12,03:00:00,2,1,1,FMN 26 Stadspark
672,Rubenslei 36,2023-04-12,04:00:00,5,5,0,FMN 26 Stadspark
672,Rubenslei 36,2023-04-12,05:00:00,20,17,3,FMN 26 Stadspark
672,Rubenslei 36,2023-04-12,06:00:00,35,33,2,FMN 26 Stadspark
672,Rubenslei 36,2023-04-12,07:00:00,114,107,7,FMN 26 Stadspark
672,Rubenslei 36,2023-04-12,08:00:00,289,275,14,FMN 26 Stadspark
672,Rubenslei 36,2023-04-12,09:00:00,130,124,6,FMN 26 Stadspark
672,Rubenslei 36,2023-04-12,10:00:00,88,84,4,FMN 26 Stadspark
672,Rubenslei 36,2023-04-12,11:00:00,86,79,7,FMN 26 Stadspark
672,Rubenslei 36,2023-04-12,12:00:00,157,147,10,FMN 26 Stadspark
672,Rubenslei 36,2023-04-12,13:00:00,130,120,10,FMN 26 Stadspark
672,Rubenslei 36,2023-04-12,14:00:00,107,99,8,FMN 26 Stadspark
672,Rubenslei 36,2023-04-12,15:00:00,127,116,11,FMN 26 Stadspark
672,Rubenslei 36,2023-04-12,16:00:00,166,148,18,FMN 26 Stadspark
672,Rubenslei 36,2023-04-12,17:00:00,184,163,21,FMN 26 Stadspark
672,Rubenslei 36,2023-04-12,18:00:00,133,116,17,FMN 26 Stadspark
672,Rubenslei 36,2023-04-12,19:00:00,110,99,11,FMN 26 Stadspark
672,Rubenslei 36,2023-04-12,20:00:00,74,64,10,FMN 26 Stadspark
672,Rubenslei 36,2023-04-12,21:00:00,51,40,11,FMN 26 Stadspark
672,Rubenslei 36,2023-04-12,22:00:00,42,32,10,FMN 26 Stadspark
672,Rubenslei 36,2023-04-12,23:00:00,20,15,5,FMN 26 Stadspark
672,Rubenslei 36,2023-04-13,00:00:00,0,0,0,FMN 26 Stadspark
672,Rubenslei 36,2023-04-13,01:00:00,8,7,1,FMN 26 Stadspark
672,Rubenslei 36,2023-04-13,02:00:00,3,3,0,FMN 26 Stadspark
672,Rubenslei 36,2023-04-13,03:00:00,5,3,2,FMN 26 Stadspark
672,Rubenslei 36,2023-04-13,04:00:00,13,12,1,FMN 26 Stadspark
672,Rubenslei 36,2023-04-13,05:00:00,16,15,1,FMN 26 Stadspark
672,Rubenslei 36,2023-04-13,06:00:00,47,44,3,FMN 26 Stadspark
672,Rubenslei 36,2023-04-13,07:00:00,130,123,7,FMN 26 Stadspark
672,Rubenslei 36,2023-04-13,08:00:00,321,311,10,FMN 26 Stadspark
672,Rubenslei 36,2023-04-13,09:00:00,136,129,7,FMN 26 Stadspark
672,Rubenslei 36,2023-04-13,10:00:00,102,97,5,FMN 26 Stadspark
672,Rubenslei 36,2023-04-13,11:00:00,84,78,6,FMN 26 Stadspark
672,Rubenslei 36,2023-04-13,12:00:00,124,118,6,FMN 26 Stadspark
672,Rubenslei 36,2023-04-13,13:00:00,132,115,17,FMN 26 Stadspark
672,Rubenslei 36,2023-04-13,14:00:00,99,83,16,FMN 26 Stadspark
672,Rubenslei 36,2023-04-13,15:00:00,184,167,17,FMN 26 Stadspark
672,Rubenslei 36,2023-04-13,16:00:00,198,183,15,FMN 26 Stadspark
672,Rubenslei 36,2023-04-13,17:00:00,202,182,20,FMN 26 Stadspark
672,Rubenslei 36,2023-04-13,18:00:00,152,131,21,FMN 26 Stadspark
672,Rubenslei 36,2023-04-13,19:00:00,128,108,20,FMN 26 Stadspark
672,Rubenslei 36,2023-04-13,20:00:00,75,65,10,FMN 26 Stadspark
672,Rubenslei 36,2023-04-13,21:00:00,64,53,11,FMN 26 Stadspark
672,Rubenslei 36,2023-04-13,22:00:00,65,56,9,FMN 26 Stadspark
672,Rubenslei 36,2023-04-13,23:00:00,34,29,5,FMN 26 Stadspark
672,Rubenslei 36,2023-04-14,00:00:00,0,0,0,FMN 26 Stadspark
672,Rubenslei 36,2023-04-14,01:00:00,12,11,1,FMN 26 Stadspark
672,Rubenslei 36,2023-04-14,02:00:00,5,4,1,FMN 26 Stadspark
672,Rubenslei 36,2023-04-14,03:00:00,4,1,3,FMN 26 Stadspark
672,Rubenslei 36,2023-04-14,04:00:00,11,7,4,FMN 26 Stadspark
672,Rubenslei 36,2023-04-14,05:00:00,19,16,3,FMN 26 Stadspark
672,Rubenslei 36,2023-04-14,06:00:00,34,31,3,FMN 26 Stadspark
672,Rubenslei 36,2023-04-14,07:00:00,92,88,4,FMN 26 Stadspark
672,Rubenslei 36,2023-04-14,08:00:00,229,217,12,FMN 26 Stadspark
672,Rubenslei 36,2023-04-14,09:00:00,122,117,5,FMN 26 Stadspark
672,Rubenslei 36,2023-04-14,10:00:00,105,98,7,FMN 26 Stadspark
672,Rubenslei 36,2023-04-14,11:00:00,88,79,9,FMN 26 Stadspark
672,Rubenslei 36,2023-04-14,12:00:00,124,111,13,FMN 26 Stadspark
672,Rubenslei 36,2023-04-14,13:00:00,116,108,8,FMN 26 Stadspark
672,Rubenslei 36,2023-04-14,14:00:00,99,90,9,FMN 26 Stadspark
672,Rubenslei 36,2023-04-14,15:00:00,170,152,18,FMN 26 Stadspark
672,Rubenslei 36,2023-04-14,16:00:00,168,147,21,FMN 26 Stadspark
672,Rubenslei 36,2023-04-14,17:00:00,160,134,26,FMN 26 Stadspark
672,Rubenslei 36,2023-04-14,18:00:00,136,120,16,FMN 26 Stadspark
672,Rubenslei 36,2023-04-14,19:00:00,115,101,14,FMN 26 Stadspark
672,Rubenslei 36,2023-04-14,20:00:00,74,65,9,FMN 26 Stadspark
672,Rubenslei 36,2023-04-14,21:00:00,58,44,14,FMN 26 Stadspark
672,Rubenslei 36,2023-04-14,22:00:00,44,38,6,FMN 26 Stadspark
672,Rubenslei 36,2023-04-14,23:00:00,32,26,6,FMN 26 Stadspark
672,Rubenslei 36,2023-04-15,00:00:00,0,0,0,FMN 26 Stadspark
672,Rubenslei 36,2023-04-15,01:00:00,31,26,5,FMN 26 Stadspark
672,Rubenslei 36,2023-04-15,02:00:00,13,9,4,FMN 26 Stadspark
672,Rubenslei 36,2023-04-15,03:00:00,22,10,12,FMN 26 Stadspark
672,Rubenslei 36,2023-04-15,04:00:00,13,5,8,FMN 26 Stadspark
672,Rubenslei 36,2023-04-15,05:00:00,17,14,3,FMN 26 Stadspark
672,Rubenslei 36,2023-04-15,06:00:00,10,7,3,FMN 26 Stadspark
672,Rubenslei 36,2023-04-15,07:00:00,15,12,3,FMN 26 Stadspark
672,Rubenslei 36,2023-04-15,08:00:00,34,32,2,FMN 26 Stadspark
672,Rubenslei 36,2023-04-15,09:00:00,64,56,8,FMN 26 Stadspark
672,Rubenslei 36,2023-04-15,10:00:00,75,67,8,FMN 26 Stadspark
672,Rubenslei 36,2023-04-15,11:00:00,92,83,9,FMN 26 Stadspark
672,Rubenslei 36,2023-04-15,12:00:00,99,87,12,FMN 26 Stadspark
672,Rubenslei 36,2023-04-15,13:00:00,100,89,11,FMN 26 Stadspark
672,Rubenslei 36,2023-04-15,14:00:00,115,104,11,FMN 26 Stadspark
672,Rubenslei 36,2023-04-15,15:00:00,104,86,18,FMN 26 Stadspark
672,Rubenslei 36,2023-04-15,16:00:00,91,80,11,FMN 26 Stadspark
672,Rubenslei 36,2023-04-15,17:00:00,76,66,10,FMN 26 Stadspark
672,Rubenslei 36,2023-04-15,18:00:00,87,72,15,FMN 26 Stadspark
672,Rubenslei 36,2023-04-15,19:00:00,74,69,5,FMN 26 Stadspark
672,Rubenslei 36,2023-04-15,20:00:00,63,55,8,FMN 26 Stadspark
672,Rubenslei 36,2023-04-15,21:00:00,41,37,4,FMN 26 Stadspark
672,Rubenslei 36,2023-04-15,22:00:00,39,32,7,FMN 26 Stadspark
672,Rubenslei 36,2023-04-15,23:00:00,40,27,13,FMN 26 Stadspark
672,Rubenslei 36,2023-04-16,00:00:00,0,0,0,FMN 26 Stadspark
672,Rubenslei 36,2023-04-16,01:00:00,27,19,8,FMN 26 Stadspark
672,Rubenslei 36,2023-04-16,02:00:00,13,10,3,FMN 26 Stadspark
672,Rubenslei 36,2023-04-16,03:00:00,9,5,4,FMN 26 Stadspark
672,Rubenslei 36,2023-04-16,04:00:00,18,8,10,FMN 26 Stadspark
672,Rubenslei 36,2023-04-16,05:00:00,13,7,6,FMN 26 Stadspark
672,Rubenslei 36,2023-04-16,06:00:00,13,10,3,FMN 26 Stadspark
672,Rubenslei 36,2023-04-16,07:00:00,5,5,0,FMN 26 Stadspark
672,Rubenslei 36,2023-04-16,08:00:00,19,19,0,FMN 26 Stadspark
672,Rubenslei 36,2023-04-16,09:00:00,32,30,2,FMN 26 Stadspark
672,Rubenslei 36,2023-04-16,10:00:00,48,42,6,FMN 26 Stadspark
672,Rubenslei 36,2023-04-16,11:00:00,60,56,4,FMN 26 Stadspark
672,Rubenslei 36,2023-04-16,12:00:00,73,65,8,FMN 26 Stadspark
672,Rubenslei 36,2023-04-16,13:00:00,74,65,9,FMN 26 Stadspark
672,Rubenslei 36,2023-04-16,14:00:00,62,58,4,FMN 26 Stadspark
672,Rubenslei 36,2023-04-16,15:00:00,58,49,9,FMN 26 Stadspark
672,Rubenslei 36,2023-04-16,16:00:00,57,44,13,FMN 26 Stadspark
672,Rubenslei 36,2023-04-16,17:00:00,61,50,11,FMN 26 Stadspark
672,Rubenslei 36,2023-04-16,18:00:00,65,54,11,FMN 26 Stadspark
672,Rubenslei 36,2023-04-16,19:00:00,55,44,11,FMN 26 Stadspark
672,Rubenslei 36,2023-04-16,20:00:00,43,37,6,FMN 26 Stadspark
672,Rubenslei 36,2023-04-16,21:00:00,37,33,4,FMN 26 Stadspark
672,Rubenslei 36,2023-04-16,22:00:00,35,28,7,FMN 26 Stadspark
672,Rubenslei 36,2023-04-16,23:00:00,12,9,3,FMN 26 Stadspark
672,Rubenslei 36,2023-04-17,00:00:00,0,0,0,FMN 26 Stadspark
672,Rubenslei 36,2023-04-17,01:00:00,5,4,1,FMN 26 Stadspark
672,Rubenslei 36,2023-04-17,02:00:00,8,6,2,FMN 26 Stadspark
672,Rubenslei 36,2023-04-17,03:00:00,6,5,1,FMN 26 Stadspark
672,Rubenslei 36,2023-04-17,04:00:00,5,4,1,FMN 26 Stadspark
672,Rubenslei 36,2023-04-17,05:00:00,17,17,0,FMN 26 Stadspark
672,Rubenslei 36,2023-04-17,06:00:00,45,42,3,FMN 26 Stadspark
672,Rubenslei 36,2023-04-17,07:00:00,113,105,8,FMN 26 Stadspark
672,Rubenslei 36,2023-04-17,08:00:00,301,283,18,FMN 26 Stadspark
672,Rubenslei 36,2023-04-17,09:00:00,139,130,9,FMN 26 Stadspark
672,Rubenslei 36,2023-04-17,10:00:00,101,90,11,FMN 26 Stadspark
672,Rubenslei 36,2023-04-17,11:00:00,88,81,7,FMN 26 Stadspark
672,Rubenslei 36,2023-04-17,12:00:00,113,110,3,FMN 26 Stadspark
672,Rubenslei 36,2023-04-17,13:00:00,106,97,9,FMN 26 Stadspark
672,Rubenslei 36,2023-04-17,14:00:00,108,97,11,FMN 26 Stadspark
672,Rubenslei 36,2023-04-17,15:00:00,172,155,17,FMN 26 Stadspark
672,Rubenslei 36,2023-04-17,16:00:00,217,198,19,FMN 26 Stadspark
672,Rubenslei 36,2023-04-17,17:00:00,200,182,18,FMN 26 Stadspark
672,Rubenslei 36,2023-04-17,18:00:00,143,129,14,FMN 26 Stadspark
672,Rubenslei 36,2023-04-17,19:00:00,101,84,17,FMN 26 Stadspark
672,Rubenslei 36,2023-04-17,20:00:00,60,49,11,FMN 26 Stadspark
672,Rubenslei 36,2023-04-17,21:00:00,49,37,12,FMN 26 Stadspark
672,Rubenslei 36,2023-04-17,22:00:00,41,34,7,FMN 26 Stadspark
672,Rubenslei 36,2023-04-17,23:00:00,18,17,1,FMN 26 Stadspark
672,Rubenslei 36,2023-04-18,00:00:00,0,0,0,FMN 26 Stadspark
672,Rubenslei 36,2023-04-18,01:00:00,5,4,1,FMN 26 Stadspark
672,Rubenslei 36,2023-04-18,02:00:00,4,3,1,FMN 26 Stadspark
672,Rubenslei 36,2023-04-18,03:00:00,3,3,0,FMN 26 Stadspark
672,Rubenslei 36,2023-04-18,04:00:00,10,7,3,FMN 26 Stadspark
672,Rubenslei 36,2023-04-18,05:00:00,16,15,1,FMN 26 Stadspark
672,Rubenslei 36,2023-04-18,06:00:00,38,36,2,FMN 26 Stadspark
672,Rubenslei 36,2023-04-18,07:00:00,155,148,7,FMN 26 Stadspark
672,Rubenslei 36,2023-04-18,08:00:00,407,389,18,FMN 26 Stadspark
672,Rubenslei 36,2023-04-18,09:00:00,157,152,5,FMN 26 Stadspark
672,Rubenslei 36,2023-04-18,10:00:00,117,110,7,FMN 26 Stadspark
672,Rubenslei 36,2023-04-18,11:00:00,115,108,7,FMN 26 Stadspark
672,Rubenslei 36,2023-04-18,12:00:00,159,151,8,FMN 26 Stadspark
672,Rubenslei 36,2023-04-18,13:00:00,154,143,11,FMN 26 Stadspark
672,Rubenslei 36,2023-04-18,14:00:00,137,127,10,FMN 26 Stadspark
672,Rubenslei 36,2023-04-18,15:00:00,204,192,12,FMN 26 Stadspark
672,Rubenslei 36,2023-04-18,16:00:00,254,233,21,FMN 26 Stadspark
672,Rubenslei 36,2023-04-18,17:00:00,245,228,17,FMN 26 Stadspark
672,Rubenslei 36,2023-04-18,18:00:00,181,165,16,FMN 26 Stadspark
672,Rubenslei 36,2023-04-18,19:00:00,144,125,19,FMN 26 Stadspark
672,Rubenslei 36,2023-04-18,20:00:00,82,73,9,FMN 26 Stadspark
672,Rubenslei 36,2023-04-18,21:00:00,69,60,9,FMN 26 Stadspark
672,Rubenslei 36,2023-04-18,22:00:00,56,46,10,FMN 26 Stadspark
672,Rubenslei 36,2023-04-18,23:00:00,33,29,4,FMN 26 Stadspark
672,Rubenslei 36,2023-04-19,00:00:00,0,0,0,FMN 26 Stadspark
672,Rubenslei 36,2023-04-19,01:00:00,5,4,1,FMN 26 Stadspark
672,Rubenslei 36,2023-04-19,02:00:00,3,2,1,FMN 26 Stadspark
672,Rubenslei 36,2023-04-19,03:00:00,4,4,0,FMN 26 Stadspark
672,Rubenslei 36,2023-04-19,04:00:00,9,9,0,FMN 26 Stadspark
672,Rubenslei 36,2023-04-19,05:00:00,18,17,1,FMN 26 Stadspark
672,Rubenslei 36,2023-04-19,06:00:00,58,53,5,FMN 26 Stadspark
672,Rubenslei 36,2023-04-19,07:00:00,141,135,6,FMN 26 Stadspark
672,Rubenslei 36,2023-04-19,08:00:00,407,381,26,FMN 26 Stadspark
672,Rubenslei 36,2023-04-19,09:00:00,167,162,5,FMN 26 Stadspark
672,Rubenslei 36,2023-04-19,10:00:00,127,120,7,FMN 26 Stadspark
672,Rubenslei 36,2023-04-19,11:00:00,120,113,7,FMN 26 Stadspark
672,Rubenslei 36,2023-04-19,12:00:00,230,210,20,FMN 26 Stadspark
672,Rubenslei 36,2023-04-19,13:00:00,190,171,19,FMN 26 Stadspark
672,Rubenslei 36,2023-04-19,14:00:00,154,139,15,FMN 26 Stadspark
672,Rubenslei 36,2023-04-19,15:00:00,177,159,18,FMN 26 Stadspark
672,Rubenslei 36,2023-04-19,16:00:00,223,202,21,FMN 26 Stadspark
672,Rubenslei 36,2023-04-19,17:00:00,229,212,17,FMN 26 Stadspark
672,Rubenslei 36,2023-04-19,18:00:00,181,163,18,FMN 26 Stadspark
672,Rubenslei 36,2023-04-19,19:00:00,141,127,14,FMN 26 Stadspark
672,Rubenslei 36,2023-04-19,20:00:00,94,76,18,FMN 26 Stadspark
672,Rubenslei 36,2023-04-19,21:00:00,70,63,7,FMN 26 Stadspark
672,Rubenslei 36,2023-04-19,22:00:00,57,48,9,FMN 26 Stadspark
672,Rubenslei 36,2023-04-19,23:00:00,36,24,12,FMN 26 Stadspark
672,Rubenslei 36,2023-04-20,00:00:00,11,8,3,FMN 26 Stadspark
672,Rubenslei 36,2023-04-20,01:00:00,8,6,2,FMN 26 Stadspark
672,Rubenslei 36,2023-04-20,02:00:00,8,7,1,FMN 26 Stadspark
672,Rubenslei 36,2023-04-20,03:00:00,1,1,0,FMN 26 Stadspark
672,Rubenslei 36,2023-04-20,04:00:00,13,12,1,FMN 26 Stadspark
672,Rubenslei 36,2023-04-20,05:00:00,19,19,0,FMN 26 Stadspark
672,Rubenslei 36,2023-04-20,06:00:00,37,34,3,FMN 26 Stadspark
672,Rubenslei 36,2023-04-20,07:00:00,134,125,9,FMN 26 Stadspark
672,Rubenslei 36,2023-04-20,08:00:00,309,286,23,FMN 26 Stadspark
672,Rubenslei 36,2023-04-20,09:00:00,127,122,5,FMN 26 Stadspark
672,Rubenslei 36,2023-04-20,10:00:00,93,89,4,FMN 26 Stadspark
672,Rubenslei 36,2023-04-20,11:00:00,85,80,5,FMN 26 Stadspark
672,Rubenslei 36,2023-04-20,12:00:00,138,129,9,FMN 26 Stadspark
672,Rubenslei 36,2023-04-20,13:00:00,108,96,12,FMN 26 Stadspark
672,Rubenslei 36,2023-04-20,14:00:00,94,88,6,FMN 26 Stadspark
672,Rubenslei 36,2023-04-20,15:00:00,151,133,18,FMN 26 Stadspark
672,Rubenslei 36,2023-04-20,16:00:00,180,168,12,FMN 26 Stadspark
672,Rubenslei 36,2023-04-20,17:00:00,208,195,13,FMN 26 Stadspark
672,Rubenslei 36,2023-04-20,18:00:00,132,110,22,FMN 26 Stadspark
672,Rubenslei 36,2023-04-20,19:00:00,87,77,10,FMN 26 Stadspark
672,Rubenslei 36,2023-04-20,20:00:00,60,50,10,FMN 26 Stadspark
672,Rubenslei 36,2023-04-20,21:00:00,43,38,5,FMN 26 Stadspark
672,Rubenslei 36,2023-04-20,22:00:00,37,31,6,FMN 26 Stadspark
672,Rubenslei 36,2023-04-20,23:00:00,32,26,6,FMN 26 Stadspark
672,Rubenslei 36,2023-04-21,00:00:00,12,12,0,FMN 26 Stadspark
672,Rubenslei 36,2023-04-21,01:00:00,11,7,4,FMN 26 Stadspark
672,Rubenslei 36,2023-04-21,02:00:00,7,6,1,FMN 26 Stadspark
672,Rubenslei 36,2023-04-21,03:00:00,2,2,0,FMN 26 Stadspark
672,Rubenslei 36,2023-04-21,04:00:00,7,7,0,FMN 26 Stadspark
672,Rubenslei 36,2023-04-21,05:00:00,17,17,0,FMN 26 Stadspark
672,Rubenslei 36,2023-04-21,06:00:00,16,16,0,FMN 26 Stadspark
672,Rubenslei 36,2023-04-21,07:00:00,85,83,2,FMN 26 Stadspark
672,Rubenslei 36,2023-04-21,08:00:00,272,257,15,FMN 26 Stadspark
672,Rubenslei 36,2023-04-21,09:00:00,108,100,8,FMN 26 Stadspark
672,Rubenslei 36,2023-04-21,10:00:00,110,107,3,FMN 26 Stadspark
672,Rubenslei 36,2023-04-21,11:00:00,113,103,10,FMN 26 Stadspark
672,Rubenslei 36,2023-04-21,12:00:00,154,139,15,FMN 26 Stadspark
672,Rubenslei 36,2023-04-21,13:00:00,125,121,4,FMN 26 Stadspark
672,Rubenslei 36,2023-04-21,14:00:00,127,104,23,FMN 26 Stadspark
672,Rubenslei 36,2023-04-21,15:00:00,184,156,28,FMN 26 Stadspark
672,Rubenslei 36,2023-04-21,16:00:00,233,208,25,FMN 26 Stadspark
672,Rubenslei 36,2023-04-21,17:00:00,193,183,10,FMN 26 Stadspark
672,Rubenslei 36,2023-04-21,18:00:00,184,157,27,FMN 26 Stadspark
672,Rubenslei 36,2023-04-21,19:00:00,122,116,6,FMN 26 Stadspark
672,Rubenslei 36,2023-04-21,20:00:00,75,65,10,FMN 26 Stadspark
672,Rubenslei 36,2023-04-21,21:00:00,56,44,12,FMN 26 Stadspark
672,Rubenslei 36,2023-04-21,22:00:00,59,46,13,FMN 26 Stadspark
672,Rubenslei 36,2023-04-21,23:00:00,47,37,10,FMN 26 Stadspark
672,Rubenslei 36,2023-04-22,00:00:00,43,36,7,FMN 26 Stadspark
672,Rubenslei 36,2023-04-22,01:00:00,28,21,7,FMN 26 Stadspark
672,Rubenslei 36,2023-04-22,02:00:00,20,16,4,FMN 26 Stadspark
672,Rubenslei 36,2023-04-22,03:00:00,22,9,13,FMN 26 Stadspark
672,Rubenslei 36,2023-04-22,04:00:00,17,6,11,FMN 26 Stadspark
672,Rubenslei 36,2023-04-22,05:00:00,20,8,12,FMN 26 Stadspark
672,Rubenslei 36,2023-04-22,06:00:00,14,13,1,FMN 26 Stadspark
672,Rubenslei 36,2023-04-22,07:00:00,17,16,1,FMN 26 Stadspark
672,Rubenslei 36,2023-04-22,08:00:00,27,26,1,FMN 26 Stadspark
672,Rubenslei 36,2023-04-22,09:00:00,80,76,4,FMN 26 Stadspark
672,Rubenslei 36,2023-04-22,10:00:00,87,80,7,FMN 26 Stadspark
672,Rubenslei 36,2023-04-22,11:00:00,128,117,11,FMN 26 Stadspark
672,Rubenslei 36,2023-04-22,12:00:00,84,78,6,FMN 26 Stadspark
672,Rubenslei 36,2023-04-22,13:00:00,112,102,10,FMN 26 Stadspark
672,Rubenslei 36,2023-04-22,14:00:00,71,65,6,FMN 26 Stadspark
672,Rubenslei 36,2023-04-22,15:00:00,73,65,8,FMN 26 Stadspark
672,Rubenslei 36,2023-04-22,16:00:00,49,45,4,FMN 26 Stadspark
672,Rubenslei 36,2023-04-22,17:00:00,60,48,12,FMN 26 Stadspark
672,Rubenslei 36,2023-04-22,18:00:00,82,67,15,FMN 26 Stadspark
672,Rubenslei 36,2023-04-22,19:00:00,75,65,10,FMN 26 Stadspark
672,Rubenslei 36,2023-04-22,20:00:00,73,63,10,FMN 26 Stadspark
672,Rubenslei 36,2023-04-22,21:00:00,40,38,2,FMN 26 Stadspark
672,Rubenslei 36,2023-04-22,22:00:00,44,32,12,FMN 26 Stadspark
672,Rubenslei 36,2023-04-22,23:00:00,36,32,4,FMN 26 Stadspark
672,Rubenslei 36,2023-04-23,00:00:00,30,26,4,FMN 26 Stadspark
672,Rubenslei 36,2023-04-23,01:00:00,15,13,2,FMN 26 Stadspark
672,Rubenslei 36,2023-04-23,02:00:00,17,13,4,FMN 26 Stadspark
672,Rubenslei 36,2023-04-23,03:00:00,10,2,8,FMN 26 Stadspark
672,Rubenslei 36,2023-04-23,04:00:00,9,6,3,FMN 26 Stadspark
672,Rubenslei 36,2023-04-23,05:00:00,14,7,7,FMN 26 Stadspark
672,Rubenslei 36,2023-04-23,06:00:00,10,9,1,FMN 26 Stadspark
672,Rubenslei 36,2023-04-23,07:00:00,11,9,2,FMN 26 Stadspark
672,Rubenslei 36,2023-04-23,08:00:00,18,17,1,FMN 26 Stadspark
672,Rubenslei 36,2023-04-23,09:00:00,66,63,3,FMN 26 Stadspark
672,Rubenslei 36,2023-04-23,10:00:00,81,73,8,FMN 26 Stadspark
672,Rubenslei 36,2023-04-23,11:00:00,89,84,5,FMN 26 Stadspark
672,Rubenslei 36,2023-04-23,12:00:00,84,68,16,FMN 26 Stadspark
672,Rubenslei 36,2023-04-23,13:00:00,92,84,8,FMN 26 Stadspark
672,Rubenslei 36,2023-04-23,14:00:00,96,85,11,FMN 26 Stadspark
672,Rubenslei 36,2023-04-23,15:00:00,75,69,6,FMN 26 Stadspark
672,Rubenslei 36,2023-04-23,16:00:00,73,65,8,FMN 26 Stadspark
672,Rubenslei 36,2023-04-23,17:00:00,48,43,5,FMN 26 Stadspark
672,Rubenslei 36,2023-04-23,18:00:00,58,46,12,FMN 26 Stadspark
672,Rubenslei 36,2023-04-23,19:00:00,37,29,8,FMN 26 Stadspark
672,Rubenslei 36,2023-04-23,20:00:00,45,39,6,FMN 26 Stadspark
672,Rubenslei 36,2023-04-23,21:00:00,48,35,13,FMN 26 Stadspark
672,Rubenslei 36,2023-04-23,22:00:00,33,23,10,FMN 26 Stadspark
672,Rubenslei 36,2023-04-23,23:00:00,10,9,1,FMN 26 Stadspark
672,Rubenslei 36,2023-04-24,00:00:00,3,2,1,FMN 26 Stadspark
672,Rubenslei 36,2023-04-24,01:00:00,5,5,0,FMN 26 Stadspark
672,Rubenslei 36,2023-04-24,02:00:00,4,4,0,FMN 26 Stadspark
672,Rubenslei 36,2023-04-24,03:00:00,2,2,0,FMN 26 Stadspark
672,Rubenslei 36,2023-04-24,04:00:00,6,5,1,FMN 26 Stadspark
672,Rubenslei 36,2023-04-24,05:00:00,11,10,1,FMN 26 Stadspark
672,Rubenslei 36,2023-04-24,06:00:00,19,19,0,FMN 26 Stadspark
672,Rubenslei 36,2023-04-24,07:00:00,72,67,5,FMN 26 Stadspark
672,Rubenslei 36,2023-04-24,08:00:00,264,257,7,FMN 26 Stadspark
672,Rubenslei 36,2023-04-24,09:00:00,111,104,7,FMN 26 Stadspark
672,Rubenslei 36,2023-04-24,10:00:00,71,66,5,FMN 26 Stadspark
672,Rubenslei 36,2023-04-24,11:00:00,64,60,4,FMN 26 Stadspark
672,Rubenslei 36,2023-04-24,12:00:00,103,96,7,FMN 26 Stadspark
672,Rubenslei 36,2023-04-24,13:00:00,102,92,10,FMN 26 Stadspark
672,Rubenslei 36,2023-04-24,14:00:00,95,86,9,FMN 26 Stadspark
672,Rubenslei 36,2023-04-24,15:00:00,161,144,17,FMN 26 Stadspark
672,Rubenslei 36,2023-04-24,16:00:00,189,173,16,FMN 26 Stadspark
672,Rubenslei 36,2023-04-24,17:00:00,206,189,17,FMN 26 Stadspark
672,Rubenslei 36,2023-04-24,18:00:00,148,129,19,FMN 26 Stadspark
672,Rubenslei 36,2023-04-24,19:00:00,106,92,14,FMN 26 Stadspark
672,Rubenslei 36,2023-04-24,20:00:00,68,52,16,FMN 26 Stadspark
672,Rubenslei 36,2023-04-24,21:00:00,53,43,10,FMN 26 Stadspark
672,Rubenslei 36,2023-04-24,22:00:00,40,33,7,FMN 26 Stadspark
672,Rubenslei 36,2023-04-24,23:00:00,20,15,5,FMN 26 Stadspark
672,Rubenslei 36,2023-04-25,00:00:00,11,9,2,FMN 26 Stadspark
672,Rubenslei 36,2023-04-25,01:00:00,8,4,4,FMN 26 Stadspark
672,Rubenslei 36,2023-04-25,02:00:00,3,2,1,FMN 26 Stadspark
672,Rubenslei 36,2023-04-25,03:00:00,2,2,0,FMN 26 Stadspark
672,Rubenslei 36,2023-04-25,04:00:00,6,6,0,FMN 26 Stadspark
672,Rubenslei 36,2023-04-25,05:00:00,12,11,1,FMN 26 Stadspark
672,Rubenslei 36,2023-04-25,06:00:00,36,35,1,FMN 26 Stadspark
672,Rubenslei 36,2023-04-25,07:00:00,101,96,5,FMN 26 Stadspark
672,Rubenslei 36,2023-04-25,08:00:00,334,309,25,FMN 26 Stadspark
672,Rubenslei 36,2023-04-25,09:00:00,161,152,9,FMN 26 Stadspark
672,Rubenslei 36,2023-04-25,10:00:00,82,79,3,FMN 26 Stadspark
672,Rubenslei 36,2023-04-25,11:00:00,116,107,9,FMN 26 Stadspark
672,Rubenslei 36,2023-04-25,12:00:00,128,115,13,FMN 26 Stadspark
672,Rubenslei 36,2023-04-25,13:00:00,133,122,11,FMN 26 Stadspark
672,Rubenslei 36,2023-04-25,14:00:00,124,113,11,FMN 26 Stadspark
672,Rubenslei 36,2023-04-25,15:00:00,173,152,21,FMN 26 Stadspark
672,Rubenslei 36,2023-04-25,16:00:00,231,212,19,FMN 26 Stadspark
672,Rubenslei 36,2023-04-25,17:00:00,228,216,12,FMN 26 Stadspark
672,Rubenslei 36,2023-04-25,18:00:00,205,186,19,FMN 26 Stadspark
672,Rubenslei 36,2023-04-25,19:00:00,124,105,19,FMN 26 Stadspark
672,Rubenslei 36,2023-04-25,20:00:00,77,70,7,FMN 26 Stadspark
672,Rubenslei 36,2023-04-25,21:00:00,69,58,11,FMN 26 Stadspark
672,Rubenslei 36,2023-04-25,22:00:00,50,40,10,FMN 26 Stadspark
672,Rubenslei 36,2023-04-25,23:00:00,19,16,3,FMN 26 Stadspark
672,Rubenslei 36,2023-04-26,00:00:00,5,4,1,FMN 26 Stadspark
672,Rubenslei 36,2023-04-26,01:00:00,7,6,1,FMN 26 Stadspark
672,Rubenslei 36,2023-04-26,02:00:00,3,2,1,FMN 26 Stadspark
672,Rubenslei 36,2023-04-26,03:00:00,3,3,0,FMN 26 Stadspark
672,Rubenslei 36,2023-04-26,04:00:00,4,3,1,FMN 26 Stadspark
672,Rubenslei 36,2023-04-26,05:00:00,6,6,0,FMN 26 Stadspark
672,Rubenslei 36,2023-04-26,06:00:00,21,20,1,FMN 26 Stadspark
672,Rubenslei 36,2023-04-26,07:00:00,88,83,5,FMN 26 Stadspark
672,Rubenslei 36,2023-04-26,08:00:00,242,229,13,FMN 26 Stadspark
672,Rubenslei 36,2023-04-26,09:00:00,126,116,10,FMN 26 Stadspark
672,Rubenslei 36,2023-04-26,10:00:00,106,98,8,FMN 26 Stadspark
672,Rubenslei 36,2023-04-26,11:00:00,92,80,12,FMN 26 Stadspark
672,Rubenslei 36,2023-04-26,12:00:00,154,132,22,FMN 26 Stadspark
672,Rubenslei 36,2023-04-26,13:00:00,144,130,14,FMN 26 Stadspark
672,Rubenslei 36,2023-04-26,14:00:00,112,104,8,FMN 26 Stadspark
672,Rubenslei 36,2023-04-26,15:00:00,175,166,9,FMN 26 Stadspark
672,Rubenslei 36,2023-04-26,16:00:00,171,157,14,FMN 26 Stadspark
672,Rubenslei 36,2023-04-26,17:00:00,215,200,15,FMN 26 Stadspark
672,Rubenslei 36,2023-04-26,18:00:00,159,148,11,FMN 26 Stadspark
672,Rubenslei 36,2023-04-26,19:00:00,120,105,15,FMN 26 Stadspark
672,Rubenslei 36,2023-04-26,20:00:00,69,63,6,FMN 26 Stadspark
672,Rubenslei 36,2023-04-26,21:00:00,67,57,10,FMN 26 Stadspark
672,Rubenslei 36,2023-04-26,22:00:00,51,39,12,FMN 26 Stadspark
672,Rubenslei 36,2023-04-26,23:00:00,33,23,10,FMN 26 Stadspark
672,Rubenslei 36,2023-04-27,00:00:00,17,10,7,FMN 26 Stadspark
672,Rubenslei 36,2023-04-27,01:00:00,7,5,2,FMN 26 Stadspark
672,Rubenslei 36,2023-04-27,02:00:00,2,2,0,FMN 26 Stadspark
672,Rubenslei 36,2023-04-27,03:00:00,1,1,0,FMN 26 Stadspark
672,Rubenslei 36,2023-04-27,04:00:00,4,4,0,FMN 26 Stadspark
672,Rubenslei 36,2023-04-27,05:00:00,14,14,0,FMN 26 Stadspark
672,Rubenslei 36,2023-04-27,06:00:00,26,25,1,FMN 26 Stadspark
672,Rubenslei 36,2023-04-27,07:00:00,114,108,6,FMN 26 Stadspark
672,Rubenslei 36,2023-04-27,08:00:00,284,266,18,FMN 26 Stadspark
672,Rubenslei 36,2023-04-27,09:00:00,164,157,7,FMN 26 Stadspark
672,Rubenslei 36,2023-04-27,10:00:00,110,103,7,FMN 26 Stadspark
672,Rubenslei 36,2023-04-27,11:00:00,114,103,11,FMN 26 Stadspark
672,Rubenslei 36,2023-04-27,12:00:00,184,169,15,FMN 26 Stadspark
672,Rubenslei 36,2023-04-27,13:00:00,138,130,8,FMN 26 Stadspark
672,Rubenslei 36,2023-04-27,14:00:00,130,119,11,FMN 26 Stadspark
672,Rubenslei 36,2023-04-27,15:00:00,197,173,24,FMN 26 Stadspark
672,Rubenslei 36,2023-04-27,16:00:00,225,205,20,FMN 26 Stadspark
672,Rubenslei 36,2023-04-27,17:00:00,228,208,20,FMN 26 Stadspark
672,Rubenslei 36,2023-04-27,18:00:00,152,127,25,FMN 26 Stadspark
672,Rubenslei 36,2023-04-27,19:00:00,140,127,13,FMN 26 Stadspark
672,Rubenslei 36,2023-04-27,20:00:00,93,75,18,FMN 26 Stadspark
672,Rubenslei 36,2023-04-27,21:00:00,85,73,12,FMN 26 Stadspark
672,Rubenslei 36,2023-04-27,22:00:00,84,66,18,FMN 26 Stadspark
672,Rubenslei 36,2023-04-27,23:00:00,37,35,2,FMN 26 Stadspark
672,Rubenslei 36,2023-04-28,00:00:00,17,10,7,FMN 26 Stadspark
672,Rubenslei 36,2023-04-28,01:00:00,9,8,1,FMN 26 Stadspark
672,Rubenslei 36,2023-04-28,02:00:00,6,5,1,FMN 26 Stadspark
672,Rubenslei 36,2023-04-28,03:00:00,5,5,0,FMN 26 Stadspark
672,Rubenslei 36,2023-04-28,04:00:00,7,6,1,FMN 26 Stadspark
672,Rubenslei 36,2023-04-28,05:00:00,14,13,1,FMN 26 Stadspark
672,Rubenslei 36,2023-04-28,06:00:00,29,28,1,FMN 26 Stadspark
672,Rubenslei 36,2023-04-28,07:00:00,83,78,5,FMN 26 Stadspark
672,Rubenslei 36,2023-04-28,08:00:00,286,274,12,FMN 26 Stadspark
672,Rubenslei 36,2023-04-28,09:00:00,156,153,3,FMN 26 Stadspark
672,Rubenslei 36,2023-04-28,10:00:00,87,81,6,FMN 26 Stadspark
672,Rubenslei 36,2023-04-28,11:00:00,90,83,7,FMN 26 Stadspark
672,Rubenslei 36,2023-04-28,12:00:00,131,119,12,FMN 26 Stadspark
672,Rubenslei 36,2023-04-28,13:00:00,111,101,10,FMN 26 Stadspark
672,Rubenslei 36,2023-04-28,14:00:00,76,64,12,FMN 26 Stadspark
672,Rubenslei 36,2023-04-28,15:00:00,141,120,21,FMN 26 Stadspark
672,Rubenslei 36,2023-04-28,16:00:00,192,176,16,FMN 26 Stadspark
672,Rubenslei 36,2023-04-28,17:00:00,166,160,6,FMN 26 Stadspark
672,Rubenslei 36,2023-04-28,18:00:00,132,117,15,FMN 26 Stadspark
672,Rubenslei 36,2023-04-28,19:00:00,115,102,13,FMN 26 Stadspark
672,Rubenslei 36,2023-04-28,20:00:00,71,59,12,FMN 26 Stadspark
672,Rubenslei 36,2023-04-28,21:00:00,54,44,10,FMN 26 Stadspark
672,Rubenslei 36,2023-04-28,22:00:00,46,37,9,FMN 26 Stadspark
672,Rubenslei 36,2023-04-28,23:00:00,39,28,11,FMN 26 Stadspark
672,Rubenslei 36,2023-04-29,00:00:00,39,35,4,FMN 26 Stadspark
672,Rubenslei 36,2023-04-29,01:00:00,24,21,3,FMN 26 Stadspark
672,Rubenslei 36,2023-04-29,02:00:00,13,11,2,FMN 26 Stadspark
672,Rubenslei 36,2023-04-29,03:00:00,13,5,8,FMN 26 Stadspark
672,Rubenslei 36,2023-04-29,04:00:00,9,4,5,FMN 26 Stadspark
672,Rubenslei 36,2023-04-29,05:00:00,13,9,4,FMN 26 Stadspark
672,Rubenslei 36,2023-04-29,06:00:00,12,9,3,FMN 26 Stadspark
672,Rubenslei 36,2023-04-29,07:00:00,13,13,0,FMN 26 Stadspark
672,Rubenslei 36,2023-04-29,08:00:00,26,24,2,FMN 26 Stadspark
672,Rubenslei 36,2023-04-29,09:00:00,80,76,4,FMN 26 Stadspark
672,Rubenslei 36,2023-04-29,10:00:00,81,72,9,FMN 26 Stadspark
672,Rubenslei 36,2023-04-29,11:00:00,110,101,9,FMN 26 Stadspark
672,Rubenslei 36,2023-04-29,12:00:00,109,101,8,FMN 26 Stadspark
672,Rubenslei 36,2023-04-29,13:00:00,121,112,9,FMN 26 Stadspark
672,Rubenslei 36,2023-04-29,14:00:00,142,133,9,FMN 26 Stadspark
672,Rubenslei 36,2023-04-29,15:00:00,106,89,17,FMN 26 Stadspark
672,Rubenslei 36,2023-04-29,16:00:00,95,88,7,FMN 26 Stadspark
672,Rubenslei 36,2023-04-29,17:00:00,103,97,6,FMN 26 Stadspark
672,Rubenslei 36,2023-04-29,18:00:00,94,89,5,FMN 26 Stadspark
672,Rubenslei 36,2023-04-29,19:00:00,101,88,13,FMN 26 Stadspark
672,Rubenslei 36,2023-04-29,20:00:00,62,51,11,FMN 26 Stadspark
672,Rubenslei 36,2023-04-29,21:00:00,50,45,5,FMN 26 Stadspark
672,Rubenslei 36,2023-04-29,22:00:00,61,49,12,FMN 26 Stadspark
672,Rubenslei 36,2023-04-29,23:00:00,41,35,6,FMN 26 Stadspark
672,Rubenslei 36,2023-04-30,00:00:00,23,17,6,FMN 26 Stadspark
672,Rubenslei 36,2023-04-30,01:00:00,15,11,4,FMN 26 Stadspark
672,Rubenslei 36,2023-04-30,02:00:00,22,11,11,FMN 26 Stadspark
672,Rubenslei 36,2023-04-30,03:00:00,11,6,5,FMN 26 Stadspark
672,Rubenslei 36,2023-04-30,04:00:00,5,5,0,FMN 26 Stadspark
672,Rubenslei 36,2023-04-30,05:00:00,8,6,2,FMN 26 Stadspark
672,Rubenslei 36,2023-04-30,06:00:00,8,7,1,FMN 26 Stadspark
672,Rubenslei 36,2023-04-30,07:00:00,22,22,0,FMN 26 Stadspark
672,Rubenslei 36,2023-04-30,08:00:00,34,30,4,FMN 26 Stadspark
672,Rubenslei 36,2023-04-30,09:00:00,77,73,4,FMN 26 Stadspark
672,Rubenslei 36,2023-04-30,10:00:00,99,85,14,FMN 26 Stadspark
672,Rubenslei 36,2023-04-30,11:00:00,117,108,9,FMN 26 Stadspark
672,Rubenslei 36,2023-04-30,12:00:00,90,82,8,FMN 26 Stadspark
672,Rubenslei 36,2023-04-30,13:00:00,126,121,5,FMN 26 Stadspark
672,Rubenslei 36,2023-04-30,14:00:00,101,91,10,FMN 26 Stadspark
672,Rubenslei 36,2023-04-30,15:00:00,111,98,13,FMN 26 Stadspark
672,Rubenslei 36,2023-04-30,16:00:00,93,80,13,FMN 26 Stadspark
672,Rubenslei 36,2023-04-30,17:00:00,104,90,14,FMN 26 Stadspark
672,Rubenslei 36,2023-04-30,18:00:00,100,86,14,FMN 26 Stadspark
672,Rubenslei 36,2023-04-30,19:00:00,80,71,9,FMN 26 Stadspark
672,Rubenslei 36,2023-04-30,20:00:00,82,74,8,FMN 26 Stadspark
672,Rubenslei 36,2023-04-30,21:00:00,68,51,17,FMN 26 Stadspark
672,Rubenslei 36,2023-04-30,22:00:00,47,35,12,FMN 26 Stadspark
672,Rubenslei 36,2023-04-30,23:00:00,44,36,8,FMN 26 Stadspark
672,Rubenslei 36,2023-05-01,00:00:00,26,18,8,FMN 26 Stadspark
672,Rubenslei 36,2023-05-01,01:00:00,28,25,3,FMN 26 Stadspark
672,Rubenslei 36,2023-05-01,02:00:00,14,11,3,FMN 26 Stadspark
672,Rubenslei 36,2023-05-01,03:00:00,14,5,9,FMN 26 Stadspark
672,Rubenslei 36,2023-05-01,04:00:00,4,3,1,FMN 26 Stadspark
672,Rubenslei 36,2023-05-01,05:00:00,9,6,3,FMN 26 Stadspark
672,Rubenslei 36,2023-05-01,06:00:00,10,9,1,FMN 26 Stadspark
672,Rubenslei 36,2023-05-01,07:00:00,20,19,1,FMN 26 Stadspark
672,Rubenslei 36,2023-05-01,08:00:00,14,13,1,FMN 26 Stadspark
672,Rubenslei 36,2023-05-01,09:00:00,45,41,4,FMN 26 Stadspark
672,Rubenslei 36,2023-05-01,10:00:00,65,60,5,FMN 26 Stadspark
672,Rubenslei 36,2023-05-01,11:00:00,64,57,7,FMN 26 Stadspark
672,Rubenslei 36,2023-05-01,12:00:00,59,51,8,FMN 26 Stadspark
672,Rubenslei 36,2023-05-01,13:00:00,95,90,5,FMN 26 Stadspark
672,Rubenslei 36,2023-05-01,14:00:00,99,93,6,FMN 26 Stadspark
672,Rubenslei 36,2023-05-01,15:00:00,92,75,17,FMN 26 Stadspark
672,Rubenslei 36,2023-05-01,16:00:00,87,69,18,FMN 26 Stadspark
672,Rubenslei 36,2023-05-01,17:00:00,113,92,21,FMN 26 Stadspark
672,Rubenslei 36,2023-05-01,18:00:00,77,66,11,FMN 26 Stadspark
672,Rubenslei 36,2023-05-01,19:00:00,61,58,3,FMN 26 Stadspark
672,Rubenslei 36,2023-05-01,20:00:00,72,60,12,FMN 26 Stadspark
672,Rubenslei 36,2023-05-01,21:00:00,51,44,7,FMN 26 Stadspark
672,Rubenslei 36,2023-05-01,22:00:00,29,22,7,FMN 26 Stadspark
672,Rubenslei 36,2023-05-01,23:00:00,22,15,7,FMN 26 Stadspark
672,Rubenslei 36,2023-05-02,00:00:00,17,12,5,FMN 26 Stadspark
672,Rubenslei 36,2023-05-02,01:00:00,9,9,0,FMN 26 Stadspark
672,Rubenslei 36,2023-05-02,02:00:00,1,0,1,FMN 26 Stadspark
672,Rubenslei 36,2023-05-02,03:00:00,2,2,0,FMN 26 Stadspark
672,Rubenslei 36,2023-05-02,04:00:00,10,10,0,FMN 26 Stadspark
672,Rubenslei 36,2023-05-02,05:00:00,20,19,1,FMN 26 Stadspark
672,Rubenslei 36,2023-05-02,06:00:00,29,26,3,FMN 26 Stadspark
672,Rubenslei 36,2023-05-02,07:00:00,119,114,5,FMN 26 Stadspark
672,Rubenslei 36,2023-05-02,08:00:00,362,351,11,FMN 26 Stadspark
672,Rubenslei 36,2023-05-02,09:00:00,129,124,5,FMN 26 Stadspark
672,Rubenslei 36,2023-05-02,10:00:00,122,117,5,FMN 26 Stadspark
672,Rubenslei 36,2023-05-02,11:00:00,99,91,8,FMN 26 Stadspark
672,Rubenslei 36,2023-05-02,12:00:00,157,144,13,FMN 26 Stadspark
672,Rubenslei 36,2023-05-02,13:00:00,151,141,10,FMN 26 Stadspark
672,Rubenslei 36,2023-05-02,14:00:00,114,107,7,FMN 26 Stadspark
672,Rubenslei 36,2023-05-02,15:00:00,194,174,20,FMN 26 Stadspark
672,Rubenslei 36,2023-05-02,16:00:00,231,208,23,FMN 26 Stadspark
672,Rubenslei 36,2023-05-02,17:00:00,251,235,16,FMN 26 Stadspark
672,Rubenslei 36,2023-05-02,18:00:00,193,174,19,FMN 26 Stadspark
672,Rubenslei 36,2023-05-02,19:00:00,119,97,22,FMN 26 Stadspark
672,Rubenslei 36,2023-05-02,20:00:00,77,68,9,FMN 26 Stadspark
672,Rubenslei 36,2023-05-02,21:00:00,71,63,8,FMN 26 Stadspark
672,Rubenslei 36,2023-05-02,22:00:00,59,48,11,FMN 26 Stadspark
672,Rubenslei 36,2023-05-02,23:00:00,19,15,4,FMN 26 Stadspark
672,Rubenslei 36,2023-05-03,00:00:00,12,9,3,FMN 26 Stadspark
672,Rubenslei 36,2023-05-03,01:00:00,2,2,0,FMN 26 Stadspark
672,Rubenslei 36,2023-05-03,02:00:00,4,4,0,FMN 26 Stadspark
672,Rubenslei 36,2023-05-03,03:00:00,2,2,0,FMN 26 Stadspark
672,Rubenslei 36,2023-05-03,04:00:00,9,8,1,FMN 26 Stadspark
672,Rubenslei 36,2023-05-03,05:00:00,21,19,2,FMN 26 Stadspark
672,Rubenslei 36,2023-05-03,06:00:00,32,29,3,FMN 26 Stadspark
672,Rubenslei 36,2023-05-03,07:00:00,117,110,7,FMN 26 Stadspark
672,Rubenslei 36,2023-05-03,08:00:00,349,332,17,FMN 26 Stadspark
672,Rubenslei 36,2023-05-03,09:00:00,158,152,6,FMN 26 Stadspark
672,Rubenslei 36,2023-05-03,10:00:00,119,111,8,FMN 26 Stadspark
672,Rubenslei 36,2023-05-03,11:00:00,113,105,8,FMN 26 Stadspark
672,Rubenslei 36,2023-05-03,12:00:00,215,200,15,FMN 26 Stadspark
672,Rubenslei 36,2023-05-03,13:00:00,156,140,16,FMN 26 Stadspark
672,Rubenslei 36,2023-05-03,14:00:00,135,127,8,FMN 26 Stadspark
672,Rubenslei 36,2023-05-03,15:00:00,173,159,14,FMN 26 Stadspark
672,Rubenslei 36,2023-05-03,16:00:00,213,194,19,FMN 26 Stadspark
672,Rubenslei 36,2023-05-03,17:00:00,205,183,22,FMN 26 Stadspark
672,Rubenslei 36,2023-05-03,18:00:00,188,170,18,FMN 26 Stadspark
672,Rubenslei 36,2023-05-03,19:00:00,128,113,15,FMN 26 Stadspark
672,Rubenslei 36,2023-05-03,20:00:00,81,71,10,FMN 26 Stadspark
672,Rubenslei 36,2023-05-03,21:00:00,73,59,14,FMN 26 Stadspark
672,Rubenslei 36,2023-05-03,22:00:00,66,56,10,FMN 26 Stadspark
672,Rubenslei 36,2023-05-03,23:00:00,37,29,8,FMN 26 Stadspark
672,Rubenslei 36,2023-05-04,00:00:00,19,13,6,FMN 26 Stadspark
672,Rubenslei 36,2023-05-04,01:00:00,13,8,5,FMN 26 Stadspark
672,Rubenslei 36,2023-05-04,02:00:00,2,2,0,FMN 26 Stadspark
672,Rubenslei 36,2023-05-04,03:00:00,4,3,1,FMN 26 Stadspark
672,Rubenslei 36,2023-05-04,04:00:00,11,9,2,FMN 26 Stadspark
672,Rubenslei 36,2023-05-04,05:00:00,24,23,1,FMN 26 Stadspark
672,Rubenslei 36,2023-05-04,06:00:00,50,46,4,FMN 26 Stadspark
672,Rubenslei 36,2023-05-04,07:00:00,139,137,2,FMN 26 Stadspark
672,Rubenslei 36,2023-05-04,08:00:00,373,357,16,FMN 26 Stadspark
672,Rubenslei 36,2023-05-04,09:00:00,172,165,7,FMN 26 Stadspark
672,Rubenslei 36,2023-05-04,10:00:00,110,105,5,FMN 26 Stadspark
672,Rubenslei 36,2023-05-04,11:00:00,105,101,4,FMN 26 Stadspark
672,Rubenslei 36,2023-05-04,12:00:00,159,142,17,FMN 26 Stadspark
672,Rubenslei 36,2023-05-04,13:00:00,149,139,10,FMN 26 Stadspark
672,Rubenslei 36,2023-05-04,14:00:00,174,162,12,FMN 26 Stadspark
672,Rubenslei 36,2023-05-04,15:00:00,219,204,15,FMN 26 Stadspark
672,Rubenslei 36,2023-05-04,16:00:00,285,265,20,FMN 26 Stadspark
672,Rubenslei 36,2023-05-04,17:00:00,254,240,14,FMN 26 Stadspark
672,Rubenslei 36,2023-05-04,18:00:00,185,169,16,FMN 26 Stadspark
672,Rubenslei 36,2023-05-04,19:00:00,146,129,17,FMN 26 Stadspark
672,Rubenslei 36,2023-05-04,20:00:00,125,113,12,FMN 26 Stadspark
672,Rubenslei 36,2023-05-04,21:00:00,117,91,26,FMN 26 Stadspark
672,Rubenslei 36,2023-05-04,22:00:00,92,76,16,FMN 26 Stadspark
672,Rubenslei 36,2023-05-04,23:00:00,33,25,8,FMN 26 Stadspark
672,Rubenslei 36,2023-05-05,00:00:00,25,20,5,FMN 26 Stadspark
672,Rubenslei 36,2023-05-05,01:00:00,9,7,2,FMN 26 Stadspark
672,Rubenslei 36,2023-05-05,02:00:00,5,5,0,FMN 26 Stadspark
672,Rubenslei 36,2023-05-05,03:00:00,4,4,0,FMN 26 Stadspark
672,Rubenslei 36,2023-05-05,04:00:00,13,13,0,FMN 26 Stadspark
672,Rubenslei 36,2023-05-05,05:00:00,26,25,1,FMN 26 Stadspark
672,Rubenslei 36,2023-05-05,06:00:00,35,34,1,FMN 26 Stadspark
672,Rubenslei 36,2023-05-05,07:00:00,126,123,3,FMN 26 Stadspark
672,Rubenslei 36,2023-05-05,08:00:00,368,353,15,FMN 26 Stadspark
672,Rubenslei 36,2023-05-05,09:00:00,154,148,6,FMN 26 Stadspark
672,Rubenslei 36,2023-05-05,10:00:00,116,111,5,FMN 26 Stadspark
672,Rubenslei 36,2023-05-05,11:00:00,51,47,4,FMN 26 Stadspark
672,Rubenslei 36,2023-05-05,12:00:00,103,98,5,FMN 26 Stadspark
672,Rubenslei 36,2023-05-05,13:00:00,149,133,16,FMN 26 Stadspark
672,Rubenslei 36,2023-05-05,14:00:00,117,103,14,FMN 26 Stadspark
672,Rubenslei 36,2023-05-05,15:00:00,168,152,16,FMN 26 Stadspark
672,Rubenslei 36,2023-05-05,16:00:00,199,184,15,FMN 26 Stadspark
672,Rubenslei 36,2023-05-05,17:00:00,195,180,15,FMN 26 Stadspark
672,Rubenslei 36,2023-05-05,18:00:00,154,135,19,FMN 26 Stadspark
672,Rubenslei 36,2023-05-05,19:00:00,131,118,13,FMN 26 Stadspark
672,Rubenslei 36,2023-05-05,20:00:00,96,89,7,FMN 26 Stadspark
672,Rubenslei 36,2023-05-05,21:00:00,72,65,7,FMN 26 Stadspark
672,Rubenslei 36,2023-05-05,22:00:00,60,51,9,FMN 26 Stadspark
672,Rubenslei 36,2023-05-05,23:00:00,57,47,10,FMN 26 Stadspark
672,Rubenslei 36,2023-05-06,00:00:00,55,48,7,FMN 26 Stadspark
672,Rubenslei 36,2023-05-06,01:00:00,24,21,3,FMN 26 Stadspark
672,Rubenslei 36,2023-05-06,02:00:00,11,8,3,FMN 26 Stadspark
672,Rubenslei 36,2023-05-06,03:00:00,12,7,5,FMN 26 Stadspark
672,Rubenslei 36,2023-05-06,04:00:00,14,10,4,FMN 26 Stadspark
672,Rubenslei 36,2023-05-06,05:00:00,19,16,3,FMN 26 Stadspark
672,Rubenslei 36,2023-05-06,06:00:00,10,10,0,FMN 26 Stadspark
672,Rubenslei 36,2023-05-06,07:00:00,24,22,2,FMN 26 Stadspark
672,Rubenslei 36,2023-05-06,08:00:00,47,43,4,FMN 26 Stadspark
672,Rubenslei 36,2023-05-06,09:00:00,113,109,4,FMN 26 Stadspark
672,Rubenslei 36,2023-05-06,10:00:00,104,98,6,FMN 26 Stadspark
672,Rubenslei 36,2023-05-06,11:00:00,116,105,11,FMN 26 Stadspark
672,Rubenslei 36,2023-05-06,12:00:00,121,109,12,FMN 26 Stadspark
672,Rubenslei 36,2023-05-06,13:00:00,156,139,17,FMN 26 Stadspark
672,Rubenslei 36,2023-05-06,14:00:00,131,124,7,FMN 26 Stadspark
672,Rubenslei 36,2023-05-06,15:00:00,95,79,16,FMN 26 Stadspark
672,Rubenslei 36,2023-05-06,16:00:00,97,86,11,FMN 26 Stadspark
672,Rubenslei 36,2023-05-06,17:00:00,109,95,14,FMN 26 Stadspark
672,Rubenslei 36,2023-05-06,18:00:00,91,81,10,FMN 26 Stadspark
672,Rubenslei 36,2023-05-06,19:00:00,101,90,11,FMN 26 Stadspark
672,Rubenslei 36,2023-05-06,20:00:00,77,70,7,FMN 26 Stadspark
672,Rubenslei 36,2023-05-06,21:00:00,71,57,14,FMN 26 Stadspark
672,Rubenslei 36,2023-05-06,22:00:00,46,37,9,FMN 26 Stadspark
672,Rubenslei 36,2023-05-06,23:00:00,54,50,4,FMN 26 Stadspark
672,Rubenslei 36,2023-05-07,00:00:00,41,34,7,FMN 26 Stadspark
672,Rubenslei 36,2023-05-07,01:00:00,22,17,5,FMN 26 Stadspark
672,Rubenslei 36,2023-05-07,02:00:00,17,11,6,FMN 26 Stadspark
672,Rubenslei 36,2023-05-07,03:00:00,12,7,5,FMN 26 Stadspark
672,Rubenslei 36,2023-05-07,04:00:00,11,6,5,FMN 26 Stadspark
672,Rubenslei 36,2023-05-07,05:00:00,17,15,2,FMN 26 Stadspark
672,Rubenslei 36,2023-05-07,06:00:00,9,9,0,FMN 26 Stadspark
672,Rubenslei 36,2023-05-07,07:00:00,19,14,5,FMN 26 Stadspark
672,Rubenslei 36,2023-05-07,08:00:00,21,20,1,FMN 26 Stadspark
672,Rubenslei 36,2023-05-07,09:00:00,58,57,1,FMN 26 Stadspark
672,Rubenslei 36,2023-05-07,10:00:00,87,81,6,FMN 26 Stadspark
672,Rubenslei 36,2023-05-07,11:00:00,96,91,5,FMN 26 Stadspark
672,Rubenslei 36,2023-05-07,12:00:00,83,68,15,FMN 26 Stadspark
672,Rubenslei 36,2023-05-07,13:00:00,91,79,12,FMN 26 Stadspark
672,Rubenslei 36,2023-05-07,14:00:00,73,72,1,FMN 26 Stadspark
672,Rubenslei 36,2023-05-07,15:00:00,58,51,7,FMN 26 Stadspark
672,Rubenslei 36,2023-05-07,16:00:00,80,72,8,FMN 26 Stadspark
672,Rubenslei 36,2023-05-07,17:00:00,91,83,8,FMN 26 Stadspark
672,Rubenslei 36,2023-05-07,18:00:00,84,73,11,FMN 26 Stadspark
672,Rubenslei 36,2023-05-07,19:00:00,70,58,12,FMN 26 Stadspark
672,Rubenslei 36,2023-05-07,20:00:00,57,50,7,FMN 26 Stadspark
672,Rubenslei 36,2023-05-07,21:00:00,50,46,4,FMN 26 Stadspark
672,Rubenslei 36,2023-05-07,22:00:00,38,35,3,FMN 26 Stadspark
672,Rubenslei 36,2023-05-07,23:00:00,23,22,1,FMN 26 Stadspark
672,Rubenslei 36,2023-05-08,00:00:00,14,11,3,FMN 26 Stadspark
672,Rubenslei 36,2023-05-08,01:00:00,4,4,0,FMN 26 Stadspark
672,Rubenslei 36,2023-05-08,02:00:00,5,4,1,FMN 26 Stadspark
672,Rubenslei 36,2023-05-08,03:00:00,0,0,0,FMN 26 Stadspark
672,Rubenslei 36,2023-05-08,04:00:00,2,2,0,FMN 26 Stadspark
672,Rubenslei 36,2023-05-08,05:00:00,19,18,1,FMN 26 Stadspark
672,Rubenslei 36,2023-05-08,06:00:00,40,38,2,FMN 26 Stadspark
672,Rubenslei 36,2023-05-08,07:00:00,128,124,4,FMN 26 Stadspark
672,Rubenslei 36,2023-05-08,08:00:00,349,345,4,FMN 26 Stadspark
672,Rubenslei 36,2023-05-08,09:00:00,146,138,8,FMN 26 Stadspark
672,Rubenslei 36,2023-05-08,10:00:00,96,91,5,FMN 26 Stadspark
672,Rubenslei 36,2023-05-08,11:00:00,101,98,3,FMN 26 Stadspark
672,Rubenslei 36,2023-05-08,12:00:00,127,116,11,FMN 26 Stadspark
672,Rubenslei 36,2023-05-08,13:00:00,135,121,14,FMN 26 Stadspark
672,Rubenslei 36,2023-05-08,14:00:00,110,104,6,FMN 26 Stadspark
672,Rubenslei 36,2023-05-08,15:00:00,204,177,27,FMN 26 Stadspark
672,Rubenslei 36,2023-05-08,16:00:00,251,231,20,FMN 26 Stadspark
672,Rubenslei 36,2023-05-08,17:00:00,269,244,25,FMN 26 Stadspark
672,Rubenslei 36,2023-05-08,18:00:00,201,175,26,FMN 26 Stadspark
672,Rubenslei 36,2023-05-08,19:00:00,108,94,14,FMN 26 Stadspark
672,Rubenslei 36,2023-05-08,20:00:00,74,64,10,FMN 26 Stadspark
672,Rubenslei 36,2023-05-08,21:00:00,64,56,8,FMN 26 Stadspark
672,Rubenslei 36,2023-05-08,22:00:00,55,44,11,FMN 26 Stadspark
672,Rubenslei 36,2023-05-08,23:00:00,30,24,6,FMN 26 Stadspark
672,Rubenslei 36,2023-05-09,00:00:00,12,12,0,FMN 26 Stadspark
672,Rubenslei 36,2023-05-09,01:00:00,2,2,0,FMN 26 Stadspark
672,Rubenslei 36,2023-05-09,02:00:00,2,1,1,FMN 26 Stadspark
672,Rubenslei 36,2023-05-09,03:00:00,1,1,0,FMN 26 Stadspark
672,Rubenslei 36,2023-05-09,04:00:00,7,7,0,FMN 26 Stadspark
672,Rubenslei 36,2023-05-09,05:00:00,23,20,3,FMN 26 Stadspark
672,Rubenslei 36,2023-05-09,06:00:00,29,29,0,FMN 26 Stadspark
672,Rubenslei 36,2023-05-09,07:00:00,138,127,11,FMN 26 Stadspark
672,Rubenslei 36,2023-05-09,08:00:00,222,211,11,FMN 26 Stadspark
672,Rubenslei 36,2023-05-09,09:00:00,75,71,4,FMN 26 Stadspark
672,Rubenslei 36,2023-05-09,10:00:00,54,52,2,FMN 26 Stadspark
672,Rubenslei 36,2023-05-09,11:00:00,75,71,4,FMN 26 Stadspark
672,Rubenslei 36,2023-05-09,12:00:00,76,66,10,FMN 26 Stadspark
672,Rubenslei 36,2023-05-09,13:00:00,60,55,5,FMN 26 Stadspark
672,Rubenslei 36,2023-05-09,14:00:00,64,60,4,FMN 26 Stadspark
672,Rubenslei 36,2023-05-09,15:00:00,112,99,13,FMN 26 Stadspark
672,Rubenslei 36,2023-05-09,16:00:00,119,103,16,FMN 26 Stadspark
672,Rubenslei 36,2023-05-09,17:00:00,171,161,10,FMN 26 Stadspark
672,Rubenslei 36,2023-05-09,18:00:00,110,96,14,FMN 26 Stadspark
672,Rubenslei 36,2023-05-09,19:00:00,71,63,8,FMN 26 Stadspark
672,Rubenslei 36,2023-05-09,20:00:00,59,51,8,FMN 26 Stadspark
672,Rubenslei 36,2023-05-09,21:00:00,52,46,6,FMN 26 Stadspark
672,Rubenslei 36,2023-05-09,22:00:00,35,28,7,FMN 26 Stadspark
672,Rubenslei 36,2023-05-09,23:00:00,19,18,1,FMN 26 Stadspark
672,Rubenslei 36,2023-05-10,00:00:00,11,7,4,FMN 26 Stadspark
672,Rubenslei 36,2023-05-10,01:00:00,6,3,3,FMN 26 Stadspark
672,Rubenslei 36,2023-05-10,02:00:00,3,2,1,FMN 26 Stadspark
672,Rubenslei 36,2023-05-10,03:00:00,5,4,1,FMN 26 Stadspark
672,Rubenslei 36,2023-05-10,04:00:00,4,4,0,FMN 26 Stadspark
672,Rubenslei 36,2023-05-10,05:00:00,23,23,0,FMN 26 Stadspark
672,Rubenslei 36,2023-05-10,06:00:00,28,24,4,FMN 26 Stadspark
672,Rubenslei 36,2023-05-10,07:00:00,103,100,3,FMN 26 Stadspark
672,Rubenslei 36,2023-05-10,08:00:00,320,312,8,FMN 26 Stadspark
672,Rubenslei 36,2023-05-10,09:00:00,141,137,4,FMN 26 Stadspark
672,Rubenslei 36,2023-05-10,10:00:00,95,89,6,FMN 26 Stadspark
672,Rubenslei 36,2023-05-10,11:00:00,105,101,4,FMN 26 Stadspark
672,Rubenslei 36,2023-05-10,12:00:00,200,186,14,FMN 26 Stadspark
672,Rubenslei 36,2023-05-10,13:00:00,96,82,14,FMN 26 Stadspark
672,Rubenslei 36,2023-05-10,14:00:00,96,88,8,FMN 26 Stadspark
672,Rubenslei 36,2023-05-10,15:00:00,99,94,5,FMN 26 Stadspark
672,Rubenslei 36,2023-05-10,16:00:00,126,113,13,FMN 26 Stadspark
672,Rubenslei 36,2023-05-10,17:00:00,116,100,16,FMN 26 Stadspark
672,Rubenslei 36,2023-05-10,18:00:00,84,72,12,FMN 26 Stadspark
672,Rubenslei 36,2023-05-10,19:00:00,87,79,8,FMN 26 Stadspark
672,Rubenslei 36,2023-05-10,20:00:00,65,54,11,FMN 26 Stadspark
672,Rubenslei 36,2023-05-10,21:00:00,37,29,8,FMN 26 Stadspark
672,Rubenslei 36,2023-05-10,22:00:00,50,44,6,FMN 26 Stadspark
672,Rubenslei 36,2023-05-10,23:00:00,22,17,5,FMN 26 Stadspark
672,Rubenslei 36,2023-05-11,00:00:00,7,6,1,FMN 26 Stadspark
672,Rubenslei 36,2023-05-11,01:00:00,7,6,1,FMN 26 Stadspark
672,Rubenslei 36,2023-05-11,02:00:00,6,5,1,FMN 26 Stadspark
672,Rubenslei 36,2023-05-11,03:00:00,0,0,0,FMN 26 Stadspark
672,Rubenslei 36,2023-05-11,04:00:00,7,7,0,FMN 26 Stadspark
672,Rubenslei 36,2023-05-11,05:00:00,18,17,1,FMN 26 Stadspark
672,Rubenslei 36,2023-05-11,06:00:00,19,19,0,FMN 26 Stadspark
672,Rubenslei 36,2023-05-11,07:00:00,142,138,4,FMN 26 Stadspark
672,Rubenslei 36,2023-05-11,08:00:00,373,363,10,FMN 26 Stadspark
672,Rubenslei 36,2023-05-11,09:00:00,158,151,7,FMN 26 Stadspark
672,Rubenslei 36,2023-05-11,10:00:00,110,103,7,FMN 26 Stadspark
672,Rubenslei 36,2023-05-11,11:00:00,103,98,5,FMN 26 Stadspark
672,Rubenslei 36,2023-05-11,12:00:00,141,130,11,FMN 26 Stadspark
672,Rubenslei 36,2023-05-11,13:00:00,121,109,12,FMN 26 Stadspark
672,Rubenslei 36,2023-05-11,14:00:00,116,109,7,FMN 26 Stadspark
672,Rubenslei 36,2023-05-11,15:00:00,187,173,14,FMN 26 Stadspark
672,Rubenslei 36,2023-05-11,16:00:00,230,215,15,FMN 26 Stadspark
672,Rubenslei 36,2023-05-11,17:00:00,216,197,19,FMN 26 Stadspark
672,Rubenslei 36,2023-05-11,18:00:00,180,164,16,FMN 26 Stadspark
672,Rubenslei 36,2023-05-11,19:00:00,126,114,12,FMN 26 Stadspark
672,Rubenslei 36,2023-05-11,20:00:00,71,70,1,FMN 26 Stadspark
672,Rubenslei 36,2023-05-11,21:00:00,84,73,11,FMN 26 Stadspark
672,Rubenslei 36,2023-05-11,22:00:00,55,47,8,FMN 26 Stadspark
672,Rubenslei 36,2023-05-11,23:00:00,29,25,4,FMN 26 Stadspark
672,Rubenslei 36,2023-05-12,00:00:00,26,21,5,FMN 26 Stadspark
672,Rubenslei 36,2023-05-12,01:00:00,9,4,5,FMN 26 Stadspark
672,Rubenslei 36,2023-05-12,02:00:00,5,5,0,FMN 26 Stadspark
672,Rubenslei 36,2023-05-12,03:00:00,1,1,0,FMN 26 Stadspark
672,Rubenslei 36,2023-05-12,04:00:00,7,6,1,FMN 26 Stadspark
672,Rubenslei 36,2023-05-12,05:00:00,17,15,2,FMN 26 Stadspark
672,Rubenslei 36,2023-05-12,06:00:00,30,29,1,FMN 26 Stadspark
672,Rubenslei 36,2023-05-12,07:00:00,79,77,2,FMN 26 Stadspark
672,Rubenslei 36,2023-05-12,08:00:00,293,286,7,FMN 26 Stadspark
672,Rubenslei 36,2023-05-12,09:00:00,111,105,6,FMN 26 Stadspark
672,Rubenslei 36,2023-05-12,10:00:00,84,79,5,FMN 26 Stadspark
672,Rubenslei 36,2023-05-12,11:00:00,89,80,9,FMN 26 Stadspark
672,Rubenslei 36,2023-05-12,12:00:00,120,107,13,FMN 26 Stadspark
672,Rubenslei 36,2023-05-12,13:00:00,123,110,13,FMN 26 Stadspark
672,Rubenslei 36,2023-05-12,14:00:00,120,106,14,FMN 26 Stadspark
672,Rubenslei 36,2023-05-12,15:00:00,164,146,18,FMN 26 Stadspark
672,Rubenslei 36,2023-05-12,16:00:00,200,187,13,FMN 26 Stadspark
672,Rubenslei 36,2023-05-12,17:00:00,206,187,19,FMN 26 Stadspark
672,Rubenslei 36,2023-05-12,18:00:00,179,160,19,FMN 26 Stadspark
672,Rubenslei 36,2023-05-12,19:00:00,143,126,17,FMN 26 Stadspark
672,Rubenslei 36,2023-05-12,20:00:00,123,102,21,FMN 26 Stadspark
672,Rubenslei 36,2023-05-12,21:00:00,77,65,12,FMN 26 Stadspark
672,Rubenslei 36,2023-05-12,22:00:00,59,52,7,FMN 26 Stadspark
672,Rubenslei 36,2023-05-12,23:00:00,45,34,11,FMN 26 Stadspark
672,Rubenslei 36,2023-05-13,00:00:00,45,41,4,FMN 26 Stadspark
672,Rubenslei 36,2023-05-13,01:00:00,19,17,2,FMN 26 Stadspark
672,Rubenslei 36,2023-05-13,02:00:00,37,30,7,FMN 26 Stadspark
672,Rubenslei 36,2023-05-13,03:00:00,14,5,9,FMN 26 Stadspark
672,Rubenslei 36,2023-05-13,04:00:00,22,15,7,FMN 26 Stadspark
672,Rubenslei 36,2023-05-13,05:00:00,21,12,9,FMN 26 Stadspark
672,Rubenslei 36,2023-05-13,06:00:00,18,14,4,FMN 26 Stadspark
672,Rubenslei 36,2023-05-13,07:00:00,21,18,3,FMN 26 Stadspark
672,Rubenslei 36,2023-05-13,08:00:00,48,45,3,FMN 26 Stadspark
672,Rubenslei 36,2023-05-13,09:00:00,91,89,2,FMN 26 Stadspark
672,Rubenslei 36,2023-05-13,10:00:00,117,108,9,FMN 26 Stadspark
672,Rubenslei 36,2023-05-13,11:00:00,132,122,10,FMN 26 Stadspark
672,Rubenslei 36,2023-05-13,12:00:00,120,107,13,FMN 26 Stadspark
672,Rubenslei 36,2023-05-13,13:00:00,131,113,18,FMN 26 Stadspark
672,Rubenslei 36,2023-05-13,14:00:00,154,141,13,FMN 26 Stadspark
672,Rubenslei 36,2023-05-13,15:00:00,108,92,16,FMN 26 Stadspark
672,Rubenslei 36,2023-05-13,16:00:00,100,81,19,FMN 26 Stadspark
672,Rubenslei 36,2023-05-13,17:00:00,91,75,16,FMN 26 Stadspark
672,Rubenslei 36,2023-05-13,18:00:00,90,77,13,FMN 26 Stadspark
672,Rubenslei 36,2023-05-13,19:00:00,84,75,9,FMN 26 Stadspark
672,Rubenslei 36,2023-05-13,20:00:00,83,69,14,FMN 26 Stadspark
672,Rubenslei 36,2023-05-13,21:00:00,69,58,11,FMN 26 Stadspark
672,Rubenslei 36,2023-05-13,22:00:00,41,37,4,FMN 26 Stadspark
672,Rubenslei 36,2023-05-13,23:00:00,48,41,7,FMN 26 Stadspark
672,Rubenslei 36,2023-05-14,00:00:00,40,33,7,FMN 26 Stadspark
672,Rubenslei 36,2023-05-14,01:00:00,34,30,4,FMN 26 Stadspark
672,Rubenslei 36,2023-05-14,02:00:00,21,11,10,FMN 26 Stadspark
672,Rubenslei 36,2023-05-14,03:00:00,21,12,9,FMN 26 Stadspark
672,Rubenslei 36,2023-05-14,04:00:00,16,13,3,FMN 26 Stadspark
672,Rubenslei 36,2023-05-14,05:00:00,5,4,1,FMN 26 Stadspark
672,Rubenslei 36,2023-05-14,06:00:00,11,9,2,FMN 26 Stadspark
672,Rubenslei 36,2023-05-14,07:00:00,24,20,4,FMN 26 Stadspark
672,Rubenslei 36,2023-05-14,08:00:00,35,33,2,FMN 26 Stadspark
672,Rubenslei 36,2023-05-14,09:00:00,46,40,6,FMN 26 Stadspark
672,Rubenslei 36,2023-05-14,10:00:00,99,90,9,FMN 26 Stadspark
672,Rubenslei 36,2023-05-14,11:00:00,99,93,6,FMN 26 Stadspark
672,Rubenslei 36,2023-05-14,12:00:00,118,98,20,FMN 26 Stadspark
672,Rubenslei 36,2023-05-14,13:00:00,110,95,15,FMN 26 Stadspark
672,Rubenslei 36,2023-05-14,14:00:00,127,112,15,FMN 26 Stadspark
672,Rubenslei 36,2023-05-14,15:00:00,109,93,16,FMN 26 Stadspark
672,Rubenslei 36,2023-05-14,16:00:00,129,115,14,FMN 26 Stadspark
672,Rubenslei 36,2023-05-14,17:00:00,84,68,16,FMN 26 Stadspark
672,Rubenslei 36,2023-05-14,18:00:00,87,74,13,FMN 26 Stadspark
672,Rubenslei 36,2023-05-14,19:00:00,94,76,18,FMN 26 Stadspark
672,Rubenslei 36,2023-05-14,20:00:00,57,49,8,FMN 26 Stadspark
672,Rubenslei 36,2023-05-14,21:00:00,62,55,7,FMN 26 Stadspark
672,Rubenslei 36,2023-05-14,22:00:00,36,31,5,FMN 26 Stadspark
672,Rubenslei 36,2023-05-14,23:00:00,29,17,12,FMN 26 Stadspark
672,Rubenslei 36,2023-05-15,00:00:00,10,8,2,FMN 26 Stadspark
672,Rubenslei 36,2023-05-15,01:00:00,7,5,2,FMN 26 Stadspark
672,Rubenslei 36,2023-05-15,02:00:00,7,6,1,FMN 26 Stadspark
672,Rubenslei 36,2023-05-15,03:00:00,2,2,0,FMN 26 Stadspark
672,Rubenslei 36,2023-05-15,04:00:00,7,7,0,FMN 26 Stadspark
672,Rubenslei 36,2023-05-15,05:00:00,20,19,1,FMN 26 Stadspark
672,Rubenslei 36,2023-05-15,06:00:00,53,48,5,FMN 26 Stadspark
672,Rubenslei 36,2023-05-15,07:00:00,131,125,6,FMN 26 Stadspark
672,Rubenslei 36,2023-05-15,08:00:00,349,340,9,FMN 26 Stadspark
672,Rubenslei 36,2023-05-15,09:00:00,171,166,5,FMN 26 Stadspark
672,Rubenslei 36,2023-05-15,10:00:00,90,88,2,FMN 26 Stadspark
672,Rubenslei 36,2023-05-15,11:00:00,79,76,3,FMN 26 Stadspark
672,Rubenslei 36,2023-05-15,12:00:00,117,108,9,FMN 26 Stadspark
672,Rubenslei 36,2023-05-15,13:00:00,103,94,9,FMN 26 Stadspark
672,Rubenslei 36,2023-05-15,14:00:00,63,54,9,FMN 26 Stadspark
672,Rubenslei 36,2023-05-15,15:00:00,128,117,11,FMN 26 Stadspark
672,Rubenslei 36,2023-05-15,16:00:00,147,133,14,FMN 26 Stadspark
672,Rubenslei 36,2023-05-15,17:00:00,147,132,15,FMN 26 Stadspark
672,Rubenslei 36,2023-05-15,18:00:00,123,105,18,FMN 26 Stadspark
672,Rubenslei 36,2023-05-15,19:00:00,70,56,14,FMN 26 Stadspark
672,Rubenslei 36,2023-05-15,20:00:00,54,49,5,FMN 26 Stadspark
672,Rubenslei 36,2023-05-15,21:00:00,43,40,3,FMN 26 Stadspark
672,Rubenslei 36,2023-05-15,22:00:00,40,35,5,FMN 26 Stadspark
672,Rubenslei 36,2023-05-15,23:00:00,12,10,2,FMN 26 Stadspark
672,Rubenslei 36,2023-05-16,00:00:00,9,4,5,FMN 26 Stadspark
672,Rubenslei 36,2023-05-16,01:00:00,3,2,1,FMN 26 Stadspark
672,Rubenslei 36,2023-05-16,02:00:00,1,0,1,FMN 26 Stadspark
672,Rubenslei 36,2023-05-16,03:00:00,2,2,0,FMN 26 Stadspark
672,Rubenslei 36,2023-05-16,04:00:00,8,7,1,FMN 26 Stadspark
672,Rubenslei 36,2023-05-16,05:00:00,22,22,0,FMN 26 Stadspark
672,Rubenslei 36,2023-05-16,06:00:00,35,32,3,FMN 26 Stadspark
672,Rubenslei 36,2023-05-16,07:00:00,122,121,1,FMN 26 Stadspark
672,Rubenslei 36,2023-05-16,08:00:00,368,354,14,FMN 26 Stadspark
672,Rubenslei 36,2023-05-16,09:00:00,136,130,6,FMN 26 Stadspark
672,Rubenslei 36,2023-05-16,10:00:00,99,96,3,FMN 26 Stadspark
672,Rubenslei 36,2023-05-16,11:00:00,104,97,7,FMN 26 Stadspark
672,Rubenslei 36,2023-05-16,12:00:00,133,123,10,FMN 26 Stadspark
672,Rubenslei 36,2023-05-16,13:00:00,134,116,18,FMN 26 Stadspark
672,Rubenslei 36,2023-05-16,14:00:00,111,107,4,FMN 26 Stadspark
672,Rubenslei 36,2023-05-16,15:00:00,188,176,12,FMN 26 Stadspark
672,Rubenslei 36,2023-05-16,16:00:00,225,197,28,FMN 26 Stadspark
672,Rubenslei 36,2023-05-16,17:00:00,263,244,19,FMN 26 Stadspark
672,Rubenslei 36,2023-05-16,18:00:00,189,173,16,FMN 26 Stadspark
672,Rubenslei 36,2023-05-16,19:00:00,122,105,17,FMN 26 Stadspark
672,Rubenslei 36,2023-05-16,20:00:00,92,78,14,FMN 26 Stadspark
672,Rubenslei 36,2023-05-16,21:00:00,70,59,11,FMN 26 Stadspark
672,Rubenslei 36,2023-05-16,22:00:00,56,48,8,FMN 26 Stadspark
672,Rubenslei 36,2023-05-16,23:00:00,33,26,7,FMN 26 Stadspark
672,Rubenslei 36,2023-05-17,00:00:00,8,4,4,FMN 26 Stadspark
672,Rubenslei 36,2023-05-17,01:00:00,14,10,4,FMN 26 Stadspark
672,Rubenslei 36,2023-05-17,02:00:00,4,3,1,FMN 26 Stadspark
672,Rubenslei 36,2023-05-17,03:00:00,1,1,0,FMN 26 Stadspark
672,Rubenslei 36,2023-05-17,04:00:00,8,8,0,FMN 26 Stadspark
672,Rubenslei 36,2023-05-17,05:00:00,36,36,0,FMN 26 Stadspark
672,Rubenslei 36,2023-05-17,06:00:00,45,43,2,FMN 26 Stadspark
672,Rubenslei 36,2023-05-17,07:00:00,129,125,4,FMN 26 Stadspark
672,Rubenslei 36,2023-05-17,08:00:00,379,369,10,FMN 26 Stadspark
672,Rubenslei 36,2023-05-17,09:00:00,161,154,7,FMN 26 Stadspark
672,Rubenslei 36,2023-05-17,10:00:00,112,106,6,FMN 26 Stadspark
672,Rubenslei 36,2023-05-17,11:00:00,113,104,9,FMN 26 Stadspark
672,Rubenslei 36,2023-05-17,12:00:00,215,201,14,FMN 26 Stadspark
672,Rubenslei 36,2023-05-17,13:00:00,144,132,12,FMN 26 Stadspark
672,Rubenslei 36,2023-05-17,14:00:00,154,148,6,FMN 26 Stadspark
672,Rubenslei 36,2023-05-17,15:00:00,154,138,16,FMN 26 Stadspark
672,Rubenslei 36,2023-05-17,16:00:00,180,165,15,FMN 26 Stadspark
672,Rubenslei 36,2023-05-17,17:00:00,231,217,14,FMN 26 Stadspark
672,Rubenslei 36,2023-05-17,18:00:00,183,165,18,FMN 26 Stadspark
672,Rubenslei 36,2023-05-17,19:00:00,130,112,18,FMN 26 Stadspark
672,Rubenslei 36,2023-05-17,20:00:00,99,84,15,FMN 26 Stadspark
672,Rubenslei 36,2023-05-17,21:00:00,84,69,15,FMN 26 Stadspark
672,Rubenslei 36,2023-05-17,22:00:00,69,63,6,FMN 26 Stadspark
672,Rubenslei 36,2023-05-17,23:00:00,41,35,6,FMN 26 Stadspark
672,Rubenslei 36,2023-05-18,00:00:00,38,31,7,FMN 26 Stadspark
672,Rubenslei 36,2023-05-18,01:00:00,39,20,19,FMN 26 Stadspark
672,Rubenslei 36,2023-05-18,02:00:00,12,7,5,FMN 26 Stadspark
672,Rubenslei 36,2023-05-18,03:00:00,12,5,7,FMN 26 Stadspark
672,Rubenslei 36,2023-05-18,04:00:00,7,5,2,FMN 26 Stadspark
672,Rubenslei 36,2023-05-18,05:00:00,12,8,4,FMN 26 Stadspark
672,Rubenslei 36,2023-05-18,06:00:00,18,15,3,FMN 26 Stadspark
672,Rubenslei 36,2023-05-18,07:00:00,18,16,2,FMN 26 Stadspark
672,Rubenslei 36,2023-05-18,08:00:00,33,29,4,FMN 26 Stadspark
672,Rubenslei 36,2023-05-18,09:00:00,53,51,2,FMN 26 Stadspark
672,Rubenslei 36,2023-05-18,10:00:00,75,71,4,FMN 26 Stadspark
672,Rubenslei 36,2023-05-18,11:00:00,78,75,3,FMN 26 Stadspark
672,Rubenslei 36,2023-05-18,12:00:00,92,82,10,FMN 26 Stadspark
672,Rubenslei 36,2023-05-18,13:00:00,110,106,4,FMN 26 Stadspark
672,Rubenslei 36,2023-05-18,14:00:00,103,88,15,FMN 26 Stadspark
672,Rubenslei 36,2023-05-18,15:00:00,92,76,16,FMN 26 Stadspark
672,Rubenslei 36,2023-05-18,16:00:00,104,87,17,FMN 26 Stadspark
672,Rubenslei 36,2023-05-18,17:00:00,105,89,16,FMN 26 Stadspark
672,Rubenslei 36,2023-05-18,18:00:00,113,98,15,FMN 26 Stadspark
672,Rubenslei 36,2023-05-18,19:00:00,107,93,14,FMN 26 Stadspark
672,Rubenslei 36,2023-05-18,20:00:00,62,54,8,FMN 26 Stadspark
672,Rubenslei 36,2023-05-18,21:00:00,57,41,16,FMN 26 Stadspark
672,Rubenslei 36,2023-05-18,22:00:00,55,47,8,FMN 26 Stadspark
672,Rubenslei 36,2023-05-18,23:00:00,50,39,11,FMN 26 Stadspark
672,Rubenslei 36,2023-05-19,00:00:00,27,23,4,FMN 26 Stadspark
672,Rubenslei 36,2023-05-19,01:00:00,27,23,4,FMN 26 Stadspark
672,Rubenslei 36,2023-05-19,02:00:00,2,2,0,FMN 26 Stadspark
672,Rubenslei 36,2023-05-19,03:00:00,10,9,1,FMN 26 Stadspark
672,Rubenslei 36,2023-05-19,04:00:00,6,4,2,FMN 26 Stadspark
672,Rubenslei 36,2023-05-19,05:00:00,17,15,2,FMN 26 Stadspark
672,Rubenslei 36,2023-05-19,06:00:00,13,12,1,FMN 26 Stadspark
672,Rubenslei 36,2023-05-19,07:00:00,42,41,1,FMN 26 Stadspark
672,Rubenslei 36,2023-05-19,08:00:00,91,83,8,FMN 26 Stadspark
672,Rubenslei 36,2023-05-19,09:00:00,99,91,8,FMN 26 Stadspark
672,Rubenslei 36,2023-05-19,10:00:00,104,101,3,FMN 26 Stadspark
672,Rubenslei 36,2023-05-19,11:00:00,102,94,8,FMN 26 Stadspark
672,Rubenslei 36,2023-05-19,12:00:00,121,107,14,FMN 26 Stadspark
672,Rubenslei 36,2023-05-19,13:00:00,116,97,19,FMN 26 Stadspark
672,Rubenslei 36,2023-05-19,14:00:00,118,105,13,FMN 26 Stadspark
672,Rubenslei 36,2023-05-19,15:00:00,121,103,18,FMN 26 Stadspark
672,Rubenslei 36,2023-05-19,16:00:00,151,141,10,FMN 26 Stadspark
672,Rubenslei 36,2023-05-19,17:00:00,122,109,13,FMN 26 Stadspark
672,Rubenslei 36,2023-05-19,18:00:00,136,123,13,FMN 26 Stadspark
672,Rubenslei 36,2023-05-19,19:00:00,103,87,16,FMN 26 Stadspark
672,Rubenslei 36,2023-05-19,20:00:00,81,69,12,FMN 26 Stadspark
672,Rubenslei 36,2023-05-19,21:00:00,94,84,10,FMN 26 Stadspark
672,Rubenslei 36,2023-05-19,22:00:00,64,48,16,FMN 26 Stadspark
672,Rubenslei 36,2023-05-19,23:00:00,40,31,9,FMN 26 Stadspark
672,Rubenslei 36,2023-05-20,00:00:00,35,26,9,FMN 26 Stadspark
672,Rubenslei 36,2023-05-20,01:00:00,25,20,5,FMN 26 Stadspark
672,Rubenslei 36,2023-05-20,02:00:00,15,13,2,FMN 26 Stadspark
672,Rubenslei 36,2023-05-20,03:00:00,6,4,2,FMN 26 Stadspark
672,Rubenslei 36,2023-05-20,04:00:00,9,6,3,FMN 26 Stadspark
672,Rubenslei 36,2023-05-20,05:00:00,14,10,4,FMN 26 Stadspark
672,Rubenslei 36,2023-05-20,06:00:00,12,10,2,FMN 26 Stadspark
672,Rubenslei 36,2023-05-20,07:00:00,27,23,4,FMN 26 Stadspark
672,Rubenslei 36,2023-05-20,08:00:00,45,43,2,FMN 26 Stadspark
672,Rubenslei 36,2023-05-20,09:00:00,88,81,7,FMN 26 Stadspark
672,Rubenslei 36,2023-05-20,10:00:00,104,100,4,FMN 26 Stadspark
672,Rubenslei 36,2023-05-20,11:00:00,129,118,11,FMN 26 Stadspark
672,Rubenslei 36,2023-05-20,12:00:00,105,91,14,FMN 26 Stadspark
672,Rubenslei 36,2023-05-20,13:00:00,130,116,14,FMN 26 Stadspark
672,Rubenslei 36,2023-05-20,14:00:00,145,136,9,FMN 26 Stadspark
672,Rubenslei 36,2023-05-20,15:00:00,110,91,19,FMN 26 Stadspark
672,Rubenslei 36,2023-05-20,16:00:00,108,84,24,FMN 26 Stadspark
672,Rubenslei 36,2023-05-20,17:00:00,121,111,10,FMN 26 Stadspark
672,Rubenslei 36,2023-05-20,18:00:00,93,76,17,FMN 26 Stadspark
672,Rubenslei 36,2023-05-20,19:00:00,108,96,12,FMN 26 Stadspark
672,Rubenslei 36,2023-05-20,20:00:00,77,69,8,FMN 26 Stadspark
672,Rubenslei 36,2023-05-20,21:00:00,65,52,13,FMN 26 Stadspark
672,Rubenslei 36,2023-05-20,22:00:00,57,44,13,FMN 26 Stadspark
672,Rubenslei 36,2023-05-20,23:00:00,69,52,17,FMN 26 Stadspark
672,Rubenslei 36,2023-05-21,00:00:00,45,41,4,FMN 26 Stadspark
672,Rubenslei 36,2023-05-21,01:00:00,41,28,13,FMN 26 Stadspark
672,Rubenslei 36,2023-05-21,02:00:00,12,10,2,FMN 26 Stadspark
672,Rubenslei 36,2023-05-21,03:00:00,11,6,5,FMN 26 Stadspark
672,Rubenslei 36,2023-05-21,04:00:00,6,5,1,FMN 26 Stadspark
672,Rubenslei 36,2023-05-21,05:00:00,11,5,6,FMN 26 Stadspark
672,Rubenslei 36,2023-05-21,06:00:00,9,8,1,FMN 26 Stadspark
672,Rubenslei 36,2023-05-21,07:00:00,13,11,2,FMN 26 Stadspark
672,Rubenslei 36,2023-05-21,08:00:00,24,23,1,FMN 26 Stadspark
672,Rubenslei 36,2023-05-21,09:00:00,39,36,3,FMN 26 Stadspark
672,Rubenslei 36,2023-05-21,10:00:00,87,79,8,FMN 26 Stadspark
672,Rubenslei 36,2023-05-21,11:00:00,93,84,9,FMN 26 Stadspark
672,Rubenslei 36,2023-05-21,12:00:00,111,102,9,FMN 26 Stadspark
672,Rubenslei 36,2023-05-21,13:00:00,89,81,8,FMN 26 Stadspark
672,Rubenslei 36,2023-05-21,14:00:00,103,95,8,FMN 26 Stadspark
672,Rubenslei 36,2023-05-21,15:00:00,98,83,15,FMN 26 Stadspark
672,Rubenslei 36,2023-05-21,16:00:00,74,65,9,FMN 26 Stadspark
672,Rubenslei 36,2023-05-21,17:00:00,106,90,16,FMN 26 Stadspark
672,Rubenslei 36,2023-05-21,18:00:00,102,82,20,FMN 26 Stadspark
672,Rubenslei 36,2023-05-21,19:00:00,89,75,14,FMN 26 Stadspark
672,Rubenslei 36,2023-05-21,20:00:00,87,70,17,FMN 26 Stadspark
672,Rubenslei 36,2023-05-21,21:00:00,77,64,13,FMN 26 Stadspark
672,Rubenslei 36,2023-05-21,22:00:00,52,42,10,FMN 26 Stadspark
672,Rubenslei 36,2023-05-21,23:00:00,32,27,5,FMN 26 Stadspark
672,Rubenslei 36,2023-05-22,00:00:00,15,11,4,FMN 26 Stadspark
672,Rubenslei 36,2023-05-22,01:00:00,5,2,3,FMN 26 Stadspark
672,Rubenslei 36,2023-05-22,02:00:00,4,3,1,FMN 26 Stadspark
672,Rubenslei 36,2023-05-22,03:00:00,4,3,1,FMN 26 Stadspark
672,Rubenslei 36,2023-05-22,04:00:00,11,11,0,FMN 26 Stadspark
672,Rubenslei 36,2023-05-22,05:00:00,25,24,1,FMN 26 Stadspark
672,Rubenslei 36,2023-05-22,06:00:00,50,47,3,FMN 26 Stadspark
672,Rubenslei 36,2023-05-22,07:00:00,166,161,5,FMN 26 Stadspark
672,Rubenslei 36,2023-05-22,08:00:00,440,429,11,FMN 26 Stadspark
672,Rubenslei 36,2023-05-22,09:00:00,197,181,16,FMN 26 Stadspark
672,Rubenslei 36,2023-05-22,10:00:00,100,96,4,FMN 26 Stadspark
672,Rubenslei 36,2023-05-22,11:00:00,85,80,5,FMN 26 Stadspark
672,Rubenslei 36,2023-05-22,12:00:00,148,137,11,FMN 26 Stadspark
672,Rubenslei 36,2023-05-22,13:00:00,134,123,11,FMN 26 Stadspark
672,Rubenslei 36,2023-05-22,14:00:00,130,120,10,FMN 26 Stadspark
672,Rubenslei 36,2023-05-22,15:00:00,201,171,30,FMN 26 Stadspark
672,Rubenslei 36,2023-05-22,16:00:00,238,223,15,FMN 26 Stadspark
672,Rubenslei 36,2023-05-22,17:00:00,262,243,19,FMN 26 Stadspark
672,Rubenslei 36,2023-05-22,18:00:00,184,163,21,FMN 26 Stadspark
672,Rubenslei 36,2023-05-22,19:00:00,113,103,10,FMN 26 Stadspark
672,Rubenslei 36,2023-05-22,20:00:00,68,56,12,FMN 26 Stadspark
672,Rubenslei 36,2023-05-22,21:00:00,88,75,13,FMN 26 Stadspark
672,Rubenslei 36,2023-05-22,22:00:00,60,52,8,FMN 26 Stadspark
672,Rubenslei 36,2023-05-22,23:00:00,31,27,4,FMN 26 Stadspark
672,Rubenslei 36,2023-05-23,00:00:00,12,9,3,FMN 26 Stadspark
672,Rubenslei 36,2023-05-23,01:00:00,2,2,0,FMN 26 Stadspark
672,Rubenslei 36,2023-05-23,02:00:00,5,5,0,FMN 26 Stadspark
672,Rubenslei 36,2023-05-23,03:00:00,4,4,0,FMN 26 Stadspark
672,Rubenslei 36,2023-05-23,04:00:00,2,2,0,FMN 26 Stadspark
672,Rubenslei 36,2023-05-23,05:00:00,38,35,3,FMN 26 Stadspark
672,Rubenslei 36,2023-05-23,06:00:00,47,45,2,FMN 26 Stadspark
672,Rubenslei 36,2023-05-23,07:00:00,172,166,6,FMN 26 Stadspark
672,Rubenslei 36,2023-05-23,08:00:00,395,388,7,FMN 26 Stadspark
672,Rubenslei 36,2023-05-23,09:00:00,174,167,7,FMN 26 Stadspark
672,Rubenslei 36,2023-05-23,10:00:00,105,96,9,FMN 26 Stadspark
672,Rubenslei 36,2023-05-23,11:00:00,98,94,4,FMN 26 Stadspark
672,Rubenslei 36,2023-05-23,12:00:00,148,131,17,FMN 26 Stadspark
672,Rubenslei 36,2023-05-23,13:00:00,139,127,12,FMN 26 Stadspark
672,Rubenslei 36,2023-05-23,14:00:00,92,82,10,FMN 26 Stadspark
672,Rubenslei 36,2023-05-23,15:00:00,177,151,26,FMN 26 Stadspark
672,Rubenslei 36,2023-05-23,16:00:00,203,181,22,FMN 26 Stadspark
672,Rubenslei 36,2023-05-23,17:00:00,250,236,14,FMN 26 Stadspark
672,Rubenslei 36,2023-05-23,18:00:00,193,171,22,FMN 26 Stadspark
672,Rubenslei 36,2023-05-23,19:00:00,139,126,13,FMN 26 Stadspark
672,Rubenslei 36,2023-05-23,20:00:00,92,79,13,FMN 26 Stadspark
672,Rubenslei 36,2023-05-23,21:00:00,82,65,17,FMN 26 Stadspark
672,Rubenslei 36,2023-05-23,22:00:00,51,42,9,FMN 26 Stadspark
672,Rubenslei 36,2023-05-23,23:00:00,17,17,0,FMN 26 Stadspark
672,Rubenslei 36,2023-05-24,00:00:00,16,14,2,FMN 26 Stadspark
672,Rubenslei 36,2023-05-24,01:00:00,7,4,3,FMN 26 Stadspark
672,Rubenslei 36,2023-05-24,02:00:00,6,5,1,FMN 26 Stadspark
672,Rubenslei 36,2023-05-24,03:00:00,5,4,1,FMN 26 Stadspark
672,Rubenslei 36,2023-05-24,04:00:00,6,6,0,FMN 26 Stadspark
672,Rubenslei 36,2023-05-24,05:00:00,28,26,2,FMN 26 Stadspark
672,Rubenslei 36,2023-05-24,06:00:00,45,42,3,FMN 26 Stadspark
672,Rubenslei 36,2023-05-24,07:00:00,136,133,3,FMN 26 Stadspark
672,Rubenslei 36,2023-05-24,08:00:00,403,392,11,FMN 26 Stadspark
672,Rubenslei 36,2023-05-24,09:00:00,179,170,9,FMN 26 Stadspark
672,Rubenslei 36,2023-05-24,10:00:00,96,89,7,FMN 26 Stadspark
672,Rubenslei 36,2023-05-24,11:00:00,115,106,9,FMN 26 Stadspark
672,Rubenslei 36,2023-05-24,12:00:00,178,164,14,FMN 26 Stadspark
672,Rubenslei 36,2023-05-24,13:00:00,144,127,17,FMN 26 Stadspark
672,Rubenslei 36,2023-05-24,14:00:00,153,142,11,FMN 26 Stadspark
672,Rubenslei 36,2023-05-24,15:00:00,144,133,11,FMN 26 Stadspark
672,Rubenslei 36,2023-05-24,16:00:00,182,169,13,FMN 26 Stadspark
672,Rubenslei 36,2023-05-24,17:00:00,228,206,22,FMN 26 Stadspark
672,Rubenslei 36,2023-05-24,18:00:00,187,163,24,FMN 26 Stadspark
672,Rubenslei 36,2023-05-24,19:00:00,126,111,15,FMN 26 Stadspark
672,Rubenslei 36,2023-05-24,20:00:00,92,79,13,FMN 26 Stadspark
672,Rubenslei 36,2023-05-24,21:00:00,58,47,11,FMN 26 Stadspark
672,Rubenslei 36,2023-05-24,22:00:00,69,56,13,FMN 26 Stadspark
672,Rubenslei 36,2023-05-24,23:00:00,30,25,5,FMN 26 Stadspark
672,Rubenslei 36,2023-05-25,00:00:00,23,20,3,FMN 26 Stadspark
672,Rubenslei 36,2023-05-25,01:00:00,6,5,1,FMN 26 Stadspark
672,Rubenslei 36,2023-05-25,02:00:00,4,4,0,FMN 26 Stadspark
672,Rubenslei 36,2023-05-25,03:00:00,3,3,0,FMN 26 Stadspark
672,Rubenslei 36,2023-05-25,04:00:00,7,6,1,FMN 26 Stadspark
672,Rubenslei 36,2023-05-25,05:00:00,36,33,3,FMN 26 Stadspark
672,Rubenslei 36,2023-05-25,06:00:00,55,51,4,FMN 26 Stadspark
672,Rubenslei 36,2023-05-25,07:00:00,164,160,4,FMN 26 Stadspark
672,Rubenslei 36,2023-05-25,08:00:00,401,396,5,FMN 26 Stadspark
672,Rubenslei 36,2023-05-25,09:00:00,179,168,11,FMN 26 Stadspark
672,Rubenslei 36,2023-05-25,10:00:00,138,126,12,FMN 26 Stadspark
672,Rubenslei 36,2023-05-25,11:00:00,103,93,10,FMN 26 Stadspark
672,Rubenslei 36,2023-05-25,12:00:00,159,147,12,FMN 26 Stadspark
672,Rubenslei 36,2023-05-25,13:00:00,116,110,6,FMN 26 Stadspark
672,Rubenslei 36,2023-05-25,14:00:00,123,115,8,FMN 26 Stadspark
672,Rubenslei 36,2023-05-25,15:00:00,226,208,18,FMN 26 Stadspark
672,Rubenslei 36,2023-05-25,16:00:00,257,245,12,FMN 26 Stadspark
672,Rubenslei 36,2023-05-25,17:00:00,232,205,27,FMN 26 Stadspark
672,Rubenslei 36,2023-05-25,18:00:00,230,198,32,FMN 26 Stadspark
672,Rubenslei 36,2023-05-25,19:00:00,155,131,24,FMN 26 Stadspark
672,Rubenslei 36,2023-05-25,20:00:00,105,92,13,FMN 26 Stadspark
672,Rubenslei 36,2023-05-25,21:00:00,79,72,7,FMN 26 Stadspark
672,Rubenslei 36,2023-05-25,22:00:00,54,46,8,FMN 26 Stadspark
672,Rubenslei 36,2023-05-25,23:00:00,35,31,4,FMN 26 Stadspark
672,Rubenslei 36,2023-05-26,00:00:00,16,14,2,FMN 26 Stadspark
672,Rubenslei 36,2023-05-26,01:00:00,5,4,1,FMN 26 Stadspark
672,Rubenslei 36,2023-05-26,02:00:00,7,7,0,FMN 26 Stadspark
672,Rubenslei 36,2023-05-26,03:00:00,3,3,0,FMN 26 Stadspark
672,Rubenslei 36,2023-05-26,04:00:00,2,2,0,FMN 26 Stadspark
672,Rubenslei 36,2023-05-26,05:00:00,27,25,2,FMN 26 Stadspark
672,Rubenslei 36,2023-05-26,06:00:00,39,38,1,FMN 26 Stadspark
672,Rubenslei 36,2023-05-26,07:00:00,124,121,3,FMN 26 Stadspark
672,Rubenslei 36,2023-05-26,08:00:00,359,354,5,FMN 26 Stadspark
672,Rubenslei 36,2023-05-26,09:00:00,163,153,10,FMN 26 Stadspark
672,Rubenslei 36,2023-05-26,10:00:00,118,112,6,FMN 26 Stadspark
672,Rubenslei 36,2023-05-26,11:00:00,92,86,6,FMN 26 Stadspark
672,Rubenslei 36,2023-05-26,12:00:00,116,105,11,FMN 26 Stadspark
672,Rubenslei 36,2023-05-26,13:00:00,123,116,7,FMN 26 Stadspark
672,Rubenslei 36,2023-05-26,14:00:00,107,101,6,FMN 26 Stadspark
672,Rubenslei 36,2023-05-26,15:00:00,197,183,14,FMN 26 Stadspark
672,Rubenslei 36,2023-05-26,16:00:00,192,170,22,FMN 26 Stadspark
672,Rubenslei 36,2023-05-26,17:00:00,197,171,26,FMN 26 Stadspark
672,Rubenslei 36,2023-05-26,18:00:00,157,138,19,FMN 26 Stadspark
672,Rubenslei 36,2023-05-26,19:00:00,154,139,15,FMN 26 Stadspark
672,Rubenslei 36,2023-05-26,20:00:00,118,108,10,FMN 26 Stadspark
672,Rubenslei 36,2023-05-26,21:00:00,98,85,13,FMN 26 Stadspark
672,Rubenslei 36,2023-05-26,22:00:00,81,75,6,FMN 26 Stadspark
672,Rubenslei 36,2023-05-26,23:00:00,46,40,6,FMN 26 Stadspark
672,Rubenslei 36,2023-05-27,00:00:00,32,20,12,FMN 26 Stadspark
672,Rubenslei 36,2023-05-27,01:00:00,22,13,9,FMN 26 Stadspark
672,Rubenslei 36,2023-05-27,02:00:00,14,12,2,FMN 26 Stadspark
672,Rubenslei 36,2023-05-27,03:00:00,9,5,4,FMN 26 Stadspark
672,Rubenslei 36,2023-05-27,04:00:00,11,10,1,FMN 26 Stadspark
672,Rubenslei 36,2023-05-27,05:00:00,14,12,2,FMN 26 Stadspark
672,Rubenslei 36,2023-05-27,06:00:00,15,15,0,FMN 26 Stadspark
672,Rubenslei 36,2023-05-27,07:00:00,20,18,2,FMN 26 Stadspark
672,Rubenslei 36,2023-05-27,08:00:00,43,41,2,FMN 26 Stadspark
672,Rubenslei 36,2023-05-27,09:00:00,76,69,7,FMN 26 Stadspark
672,Rubenslei 36,2023-05-27,10:00:00,101,91,10,FMN 26 Stadspark
672,Rubenslei 36,2023-05-27,11:00:00,130,116,14,FMN 26 Stadspark
672,Rubenslei 36,2023-05-27,12:00:00,104,96,8,FMN 26 Stadspark
672,Rubenslei 36,2023-05-27,13:00:00,138,129,9,FMN 26 Stadspark
672,Rubenslei 36,2023-05-27,14:00:00,136,120,16,FMN 26 Stadspark
672,Rubenslei 36,2023-05-27,15:00:00,134,114,20,FMN 26 Stadspark
672,Rubenslei 36,2023-05-27,16:00:00,147,137,10,FMN 26 Stadspark
672,Rubenslei 36,2023-05-27,17:00:00,117,101,16,FMN 26 Stadspark
672,Rubenslei 36,2023-05-27,18:00:00,124,111,13,FMN 26 Stadspark
672,Rubenslei 36,2023-05-27,19:00:00,123,95,28,FMN 26 Stadspark
672,Rubenslei 36,2023-05-27,20:00:00,90,79,11,FMN 26 Stadspark
672,Rubenslei 36,2023-05-27,21:00:00,63,54,9,FMN 26 Stadspark
672,Rubenslei 36,2023-05-27,22:00:00,68,59,9,FMN 26 Stadspark
672,Rubenslei 36,2023-05-27,23:00:00,49,42,7,FMN 26 Stadspark
672,Rubenslei 36,2023-05-28,00:00:00,44,38,6,FMN 26 Stadspark
672,Rubenslei 36,2023-05-28,01:00:00,22,17,5,FMN 26 Stadspark
672,Rubenslei 36,2023-05-28,02:00:00,10,9,1,FMN 26 Stadspark
672,Rubenslei 36,2023-05-28,03:00:00,19,10,9,FMN 26 Stadspark
672,Rubenslei 36,2023-05-28,04:00:00,11,5,6,FMN 26 Stadspark
672,Rubenslei 36,2023-05-28,05:00:00,15,13,2,FMN 26 Stadspark
672,Rubenslei 36,2023-05-28,06:00:00,4,3,1,FMN 26 Stadspark
672,Rubenslei 36,2023-05-28,07:00:00,26,23,3,FMN 26 Stadspark
672,Rubenslei 36,2023-05-28,08:00:00,16,15,1,FMN 26 Stadspark
672,Rubenslei 36,2023-05-28,09:00:00,66,63,3,FMN 26 Stadspark
672,Rubenslei 36,2023-05-28,10:00:00,83,74,9,FMN 26 Stadspark
672,Rubenslei 36,2023-05-28,11:00:00,105,97,8,FMN 26 Stadspark
672,Rubenslei 36,2023-05-28,12:00:00,114,98,16,FMN 26 Stadspark
672,Rubenslei 36,2023-05-28,13:00:00,108,96,12,FMN 26 Stadspark
672,Rubenslei 36,2023-05-28,14:00:00,112,92,20,FMN 26 Stadspark
672,Rubenslei 36,2023-05-28,15:00:00,116,106,10,FMN 26 Stadspark
672,Rubenslei 36,2023-05-28,16:00:00,118,108,10,FMN 26 Stadspark
672,Rubenslei 36,2023-05-28,17:00:00,99,91,8,FMN 26 Stadspark
672,Rubenslei 36,2023-05-28,18:00:00,85,76,9,FMN 26 Stadspark
672,Rubenslei 36,2023-05-28,19:00:00,109,100,9,FMN 26 Stadspark
672,Rubenslei 36,2023-05-28,20:00:00,81,67,14,FMN 26 Stadspark
672,Rubenslei 36,2023-05-28,21:00:00,75,65,10,FMN 26 Stadspark
672,Rubenslei 36,2023-05-28,22:00:00,53,44,9,FMN 26 Stadspark
672,Rubenslei 36,2023-05-28,23:00:00,40,32,8,FMN 26 Stadspark
672,Rubenslei 36,2023-05-29,00:00:00,47,33,14,FMN 26 Stadspark
672,Rubenslei 36,2023-05-29,01:00:00,28,18,10,FMN 26 Stadspark
672,Rubenslei 36,2023-05-29,02:00:00,11,8,3,FMN 26 Stadspark
672,Rubenslei 36,2023-05-29,03:00:00,12,8,4,FMN 26 Stadspark
672,Rubenslei 36,2023-05-29,04:00:00,11,7,4,FMN 26 Stadspark
672,Rubenslei 36,2023-05-29,05:00:00,14,9,5,FMN 26 Stadspark
672,Rubenslei 36,2023-05-29,06:00:00,13,11,2,FMN 26 Stadspark
672,Rubenslei 36,2023-05-29,07:00:00,22,20,2,FMN 26 Stadspark
672,Rubenslei 36,2023-05-29,08:00:00,29,28,1,FMN 26 Stadspark
672,Rubenslei 36,2023-05-29,09:00:00,52,49,3,FMN 26 Stadspark
672,Rubenslei 36,2023-05-29,10:00:00,62,58,4,FMN 26 Stadspark
672,Rubenslei 36,2023-05-29,11:00:00,51,49,2,FMN 26 Stadspark
672,Rubenslei 36,2023-05-29,12:00:00,76,68,8,FMN 26 Stadspark
672,Rubenslei 36,2023-05-29,13:00:00,92,88,4,FMN 26 Stadspark
672,Rubenslei 36,2023-05-29,14:00:00,109,93,16,FMN 26 Stadspark
672,Rubenslei 36,2023-05-29,15:00:00,114,106,8,FMN 26 Stadspark
672,Rubenslei 36,2023-05-29,16:00:00,112,99,13,FMN 26 Stadspark
672,Rubenslei 36,2023-05-29,17:00:00,98,85,13,FMN 26 Stadspark
672,Rubenslei 36,2023-05-29,18:00:00,110,97,13,FMN 26 Stadspark
672,Rubenslei 36,2023-05-29,19:00:00,65,55,10,FMN 26 Stadspark
672,Rubenslei 36,2023-05-29,20:00:00,85,72,13,FMN 26 Stadspark
672,Rubenslei 36,2023-05-29,21:00:00,67,52,15,FMN 26 Stadspark
672,Rubenslei 36,2023-05-29,22:00:00,45,39,6,FMN 26 Stadspark
672,Rubenslei 36,2023-05-29,23:00:00,19,18,1,FMN 26 Stadspark
672,Rubenslei 36,2023-05-30,00:00:00,8,8,0,FMN 26 Stadspark
672,Rubenslei 36,2023-05-30,01:00:00,8,6,2,FMN 26 Stadspark
672,Rubenslei 36,2023-05-30,02:00:00,1,1,0,FMN 26 Stadspark
672,Rubenslei 36,2023-05-30,03:00:00,5,3,2,FMN 26 Stadspark
672,Rubenslei 36,2023-05-30,04:00:00,8,8,0,FMN 26 Stadspark
672,Rubenslei 36,2023-05-30,05:00:00,24,21,3,FMN 26 Stadspark
672,Rubenslei 36,2023-05-30,06:00:00,37,36,1,FMN 26 Stadspark
672,Rubenslei 36,2023-05-30,07:00:00,142,136,6,FMN 26 Stadspark
672,Rubenslei 36,2023-05-30,08:00:00,429,415,14,FMN 26 Stadspark
672,Rubenslei 36,2023-05-30,09:00:00,162,159,3,FMN 26 Stadspark
672,Rubenslei 36,2023-05-30,10:00:00,106,101,5,FMN 26 Stadspark
672,Rubenslei 36,2023-05-30,11:00:00,96,89,7,FMN 26 Stadspark
672,Rubenslei 36,2023-05-30,12:00:00,175,158,17,FMN 26 Stadspark
672,Rubenslei 36,2023-05-30,13:00:00,148,135,13,FMN 26 Stadspark
672,Rubenslei 36,2023-05-30,14:00:00,133,120,13,FMN 26 Stadspark
672,Rubenslei 36,2023-05-30,15:00:00,186,165,21,FMN 26 Stadspark
672,Rubenslei 36,2023-05-30,16:00:00,241,224,17,FMN 26 Stadspark
672,Rubenslei 36,2023-05-30,17:00:00,255,230,25,FMN 26 Stadspark
672,Rubenslei 36,2023-05-30,18:00:00,213,195,18,FMN 26 Stadspark
672,Rubenslei 36,2023-05-30,19:00:00,122,112,10,FMN 26 Stadspark
672,Rubenslei 36,2023-05-30,20:00:00,94,86,8,FMN 26 Stadspark
672,Rubenslei 36,2023-05-30,21:00:00,73,64,9,FMN 26 Stadspark
672,Rubenslei 36,2023-05-30,22:00:00,75,68,7,FMN 26 Stadspark
672,Rubenslei 36,2023-05-30,23:00:00,31,23,8,FMN 26 Stadspark
672,Rubenslei 36,2023-05-31,00:00:00,16,8,8,FMN 26 Stadspark
672,Rubenslei 36,2023-05-31,01:00:00,8,5,3,FMN 26 Stadspark
672,Rubenslei 36,2023-05-31,02:00:00,3,3,0,FMN 26 Stadspark
672,Rubenslei 36,2023-05-31,03:00:00,1,0,1,FMN 26 Stadspark
672,Rubenslei 36,2023-05-31,04:00:00,13,13,0,FMN 26 Stadspark
672,Rubenslei 36,2023-05-31,05:00:00,31,29,2,FMN 26 Stadspark
672,Rubenslei 36,2023-05-31,06:00:00,46,46,0,FMN 26 Stadspark
672,Rubenslei 36,2023-05-31,07:00:00,158,153,5,FMN 26 Stadspark
672,Rubenslei 36,2023-05-31,08:00:00,393,389,4,FMN 26 Stadspark
672,Rubenslei 36,2023-05-31,09:00:00,171,165,6,FMN 26 Stadspark
672,Rubenslei 36,2023-05-31,10:00:00,126,118,8,FMN 26 Stadspark
672,Rubenslei 36,2023-05-31,11:00:00,119,107,12,FMN 26 Stadspark
672,Rubenslei 36,2023-05-31,12:00:00,197,183,14,FMN 26 Stadspark
672,Rubenslei 36,2023-05-31,13:00:00,185,171,14,FMN 26 Stadspark
672,Rubenslei 36,2023-05-31,14:00:00,145,136,9,FMN 26 Stadspark
672,Rubenslei 36,2023-05-31,15:00:00,161,144,17,FMN 26 Stadspark
672,Rubenslei 36,2023-05-31,16:00:00,202,183,19,FMN 26 Stadspark
672,Rubenslei 36,2023-05-31,17:00:00,215,189,26,FMN 26 Stadspark
672,Rubenslei 36,2023-05-31,18:00:00,173,151,22,FMN 26 Stadspark
672,Rubenslei 36,2023-05-31,19:00:00,123,112,11,FMN 26 Stadspark
672,Rubenslei 36,2023-05-31,20:00:00,81,75,6,FMN 26 Stadspark
672,Rubenslei 36,2023-05-31,21:00:00,96,74,22,FMN 26 Stadspark
672,Rubenslei 36,2023-05-31,22:00:00,82,68,14,FMN 26 Stadspark
672,Rubenslei 36,2023-05-31,23:00:00,47,37,10,FMN 26 Stadspark
672,Rubenslei 36,2023-06-01,00:00:00,16,13,3,FMN 26 Stadspark
672,Rubenslei 36,2023-06-01,01:00:00,9,8,1,FMN 26 Stadspark
672,Rubenslei 36,2023-06-01,02:00:00,3,3,0,FMN 26 Stadspark
672,Rubenslei 36,2023-06-01,03:00:00,2,2,0,FMN 26 Stadspark
672,Rubenslei 36,2023-06-01,04:00:00,8,8,0,FMN 26 Stadspark
672,Rubenslei 36,2023-06-01,05:00:00,30,28,2,FMN 26 Stadspark
672,Rubenslei 36,2023-06-01,06:00:00,50,47,3,FMN 26 Stadspark
672,Rubenslei 36,2023-06-01,07:00:00,179,173,6,FMN 26 Stadspark
672,Rubenslei 36,2023-06-01,08:00:00,406,400,6,FMN 26 Stadspark
672,Rubenslei 36,2023-06-01,09:00:00,181,180,1,FMN 26 Stadspark
672,Rubenslei 36,2023-06-01,10:00:00,88,85,3,FMN 26 Stadspark
672,Rubenslei 36,2023-06-01,11:00:00,115,103,12,FMN 26 Stadspark
672,Rubenslei 36,2023-06-01,12:00:00,122,115,7,FMN 26 Stadspark
672,Rubenslei 36,2023-06-01,13:00:00,129,115,14,FMN 26 Stadspark
672,Rubenslei 36,2023-06-01,14:00:00,135,124,11,FMN 26 Stadspark
672,Rubenslei 36,2023-06-01,15:00:00,191,177,14,FMN 26 Stadspark
672,Rubenslei 36,2023-06-01,16:00:00,215,196,19,FMN 26 Stadspark
672,Rubenslei 36,2023-06-01,17:00:00,217,204,13,FMN 26 Stadspark
672,Rubenslei 36,2023-06-01,18:00:00,173,154,19,FMN 26 Stadspark
672,Rubenslei 36,2023-06-01,19:00:00,126,117,9,FMN 26 Stadspark
672,Rubenslei 36,2023-06-01,20:00:00,104,93,11,FMN 26 Stadspark
672,Rubenslei 36,2023-06-01,21:00:00,78,63,15,FMN 26 Stadspark
672,Rubenslei 36,2023-06-01,22:00:00,76,72,4,FMN 26 Stadspark
672,Rubenslei 36,2023-06-01,23:00:00,31,28,3,FMN 26 Stadspark
672,Rubenslei 36,2023-06-02,00:00:00,18,13,5,FMN 26 Stadspark
672,Rubenslei 36,2023-06-02,01:00:00,15,12,3,FMN 26 Stadspark
672,Rubenslei 36,2023-06-02,02:00:00,6,5,1,FMN 26 Stadspark
672,Rubenslei 36,2023-06-02,03:00:00,4,4,0,FMN 26 Stadspark
672,Rubenslei 36,2023-06-02,04:00:00,8,8,0,FMN 26 Stadspark
672,Rubenslei 36,2023-06-02,05:00:00,29,26,3,FMN 26 Stadspark
672,Rubenslei 36,2023-06-02,06:00:00,42,38,4,FMN 26 Stadspark
672,Rubenslei 36,2023-06-02,07:00:00,130,124,6,FMN 26 Stadspark
672,Rubenslei 36,2023-06-02,08:00:00,307,294,13,FMN 26 Stadspark
672,Rubenslei 36,2023-06-02,09:00:00,151,146,5,FMN 26 Stadspark
672,Rubenslei 36,2023-06-02,10:00:00,99,92,7,FMN 26 Stadspark
672,Rubenslei 36,2023-06-02,11:00:00,123,113,10,FMN 26 Stadspark
672,Rubenslei 36,2023-06-02,12:00:00,150,129,21,FMN 26 Stadspark
672,Rubenslei 36,2023-06-02,13:00:00,126,113,13,FMN 26 Stadspark
672,Rubenslei 36,2023-06-02,14:00:00,146,128,18,FMN 26 Stadspark
672,Rubenslei 36,2023-06-02,15:00:00,184,168,16,FMN 26 Stadspark
672,Rubenslei 36,2023-06-02,16:00:00,212,185,27,FMN 26 Stadspark
672,Rubenslei 36,2023-06-02,17:00:00,220,198,22,FMN 26 Stadspark
672,Rubenslei 36,2023-06-02,18:00:00,194,178,16,FMN 26 Stadspark
672,Rubenslei 36,2023-06-02,19:00:00,138,116,22,FMN 26 Stadspark
672,Rubenslei 36,2023-06-02,20:00:00,97,86,11,FMN 26 Stadspark
672,Rubenslei 36,2023-06-02,21:00:00,67,50,17,FMN 26 Stadspark
672,Rubenslei 36,2023-06-02,22:00:00,76,66,10,FMN 26 Stadspark
672,Rubenslei 36,2023-06-02,23:00:00,61,47,14,FMN 26 Stadspark
672,Rubenslei 36,2023-06-03,00:00:00,49,39,10,FMN 26 Stadspark
672,Rubenslei 36,2023-06-03,01:00:00,17,12,5,FMN 26 Stadspark
672,Rubenslei 36,2023-06-03,02:00:00,23,11,12,FMN 26 Stadspark
672,Rubenslei 36,2023-06-03,03:00:00,15,8,7,FMN 26 Stadspark
672,Rubenslei 36,2023-06-03,04:00:00,12,8,4,FMN 26 Stadspark
672,Rubenslei 36,2023-06-03,05:00:00,12,10,2,FMN 26 Stadspark
672,Rubenslei 36,2023-06-03,06:00:00,15,14,1,FMN 26 Stadspark
672,Rubenslei 36,2023-06-03,07:00:00,27,23,4,FMN 26 Stadspark
672,Rubenslei 36,2023-06-03,08:00:00,54,52,2,FMN 26 Stadspark
672,Rubenslei 36,2023-06-03,09:00:00,110,106,4,FMN 26 Stadspark
672,Rubenslei 36,2023-06-03,10:00:00,117,112,5,FMN 26 Stadspark
672,Rubenslei 36,2023-06-03,11:00:00,131,116,15,FMN 26 Stadspark
672,Rubenslei 36,2023-06-03,12:00:00,132,127,5,FMN 26 Stadspark
672,Rubenslei 36,2023-06-03,13:00:00,145,134,11,FMN 26 Stadspark
672,Rubenslei 36,2023-06-03,14:00:00,144,131,13,FMN 26 Stadspark
672,Rubenslei 36,2023-06-03,15:00:00,118,103,15,FMN 26 Stadspark
672,Rubenslei 36,2023-06-03,16:00:00,146,131,15,FMN 26 Stadspark
672,Rubenslei 36,2023-06-03,17:00:00,119,101,18,FMN 26 Stadspark
672,Rubenslei 36,2023-06-03,18:00:00,128,105,23,FMN 26 Stadspark
672,Rubenslei 36,2023-06-03,19:00:00,129,115,14,FMN 26 Stadspark
672,Rubenslei 36,2023-06-03,20:00:00,99,86,13,FMN 26 Stadspark
672,Rubenslei 36,2023-06-03,21:00:00,63,54,9,FMN 26 Stadspark
672,Rubenslei 36,2023-06-03,22:00:00,53,40,13,FMN 26 Stadspark
672,Rubenslei 36,2023-06-03,23:00:00,59,53,6,FMN 26 Stadspark
672,Rubenslei 36,2023-06-04,00:00:00,37,29,8,FMN 26 Stadspark
672,Rubenslei 36,2023-06-04,01:00:00,36,28,8,FMN 26 Stadspark
672,Rubenslei 36,2023-06-04,02:00:00,20,14,6,FMN 26 Stadspark
672,Rubenslei 36,2023-06-04,03:00:00,20,6,14,FMN 26 Stadspark
672,Rubenslei 36,2023-06-04,04:00:00,17,10,7,FMN 26 Stadspark
672,Rubenslei 36,2023-06-04,05:00:00,19,10,9,FMN 26 Stadspark
672,Rubenslei 36,2023-06-04,06:00:00,18,15,3,FMN 26 Stadspark
672,Rubenslei 36,2023-06-04,07:00:00,22,21,1,FMN 26 Stadspark
672,Rubenslei 36,2023-06-04,08:00:00,36,33,3,FMN 26 Stadspark
672,Rubenslei 36,2023-06-04,09:00:00,47,41,6,FMN 26 Stadspark
672,Rubenslei 36,2023-06-04,10:00:00,61,46,15,FMN 26 Stadspark
672,Rubenslei 36,2023-06-04,11:00:00,55,49,6,FMN 26 Stadspark
672,Rubenslei 36,2023-06-04,12:00:00,91,84,7,FMN 26 Stadspark
672,Rubenslei 36,2023-06-04,13:00:00,75,69,6,FMN 26 Stadspark
672,Rubenslei 36,2023-06-04,14:00:00,82,76,6,FMN 26 Stadspark
672,Rubenslei 36,2023-06-04,15:00:00,66,58,8,FMN 26 Stadspark
672,Rubenslei 36,2023-06-04,16:00:00,75,67,8,FMN 26 Stadspark
672,Rubenslei 36,2023-06-04,17:00:00,51,38,13,FMN 26 Stadspark
672,Rubenslei 36,2023-06-04,18:00:00,79,69,10,FMN 26 Stadspark
672,Rubenslei 36,2023-06-04,19:00:00,73,61,12,FMN 26 Stadspark
672,Rubenslei 36,2023-06-04,20:00:00,71,55,16,FMN 26 Stadspark
672,Rubenslei 36,2023-06-04,21:00:00,86,60,26,FMN 26 Stadspark
672,Rubenslei 36,2023-06-04,22:00:00,41,32,9,FMN 26 Stadspark
672,Rubenslei 36,2023-06-04,23:00:00,38,27,11,FMN 26 Stadspark
672,Rubenslei 36,2023-06-05,00:00:00,22,11,11,FMN 26 Stadspark
672,Rubenslei 36,2023-06-05,01:00:00,10,5,5,FMN 26 Stadspark
672,Rubenslei 36,2023-06-05,02:00:00,8,4,4,FMN 26 Stadspark
672,Rubenslei 36,2023-06-05,03:00:00,3,1,2,FMN 26 Stadspark
672,Rubenslei 36,2023-06-05,04:00:00,16,15,1,FMN 26 Stadspark
672,Rubenslei 36,2023-06-05,05:00:00,31,28,3,FMN 26 Stadspark
672,Rubenslei 36,2023-06-05,06:00:00,43,40,3,FMN 26 Stadspark
672,Rubenslei 36,2023-06-05,07:00:00,146,135,11,FMN 26 Stadspark
672,Rubenslei 36,2023-06-05,08:00:00,322,313,9,FMN 26 Stadspark
672,Rubenslei 36,2023-06-05,09:00:00,124,118,6,FMN 26 Stadspark
672,Rubenslei 36,2023-06-05,10:00:00,67,60,7,FMN 26 Stadspark
672,Rubenslei 36,2023-06-05,11:00:00,80,71,9,FMN 26 Stadspark
672,Rubenslei 36,2023-06-05,12:00:00,128,115,13,FMN 26 Stadspark
672,Rubenslei 36,2023-06-05,13:00:00,85,67,18,FMN 26 Stadspark
672,Rubenslei 36,2023-06-05,14:00:00,73,64,9,FMN 26 Stadspark
672,Rubenslei 36,2023-06-05,15:00:00,117,99,18,FMN 26 Stadspark
672,Rubenslei 36,2023-06-05,16:00:00,139,135,4,FMN 26 Stadspark
672,Rubenslei 36,2023-06-05,17:00:00,173,151,22,FMN 26 Stadspark
672,Rubenslei 36,2023-06-05,18:00:00,121,102,19,FMN 26 Stadspark
672,Rubenslei 36,2023-06-05,19:00:00,101,80,21,FMN 26 Stadspark
672,Rubenslei 36,2023-06-05,20:00:00,86,54,32,FMN 26 Stadspark
672,Rubenslei 36,2023-06-05,21:00:00,80,65,15,FMN 26 Stadspark
672,Rubenslei 36,2023-06-05,22:00:00,75,61,14,FMN 26 Stadspark
672,Rubenslei 36,2023-06-05,23:00:00,35,23,12,FMN 26 Stadspark
672,Rubenslei 36,2023-06-06,00:00:00,15,10,5,FMN 26 Stadspark
672,Rubenslei 36,2023-06-06,01:00:00,7,4,3,FMN 26 Stadspark
672,Rubenslei 36,2023-06-06,02:00:00,4,2,2,FMN 26 Stadspark
672,Rubenslei 36,2023-06-06,03:00:00,2,2,0,FMN 26 Stadspark
672,Rubenslei 36,2023-06-06,04:00:00,10,10,0,FMN 26 Stadspark
672,Rubenslei 36,2023-06-06,05:00:00,24,21,3,FMN 26 Stadspark
672,Rubenslei 36,2023-06-06,06:00:00,44,44,0,FMN 26 Stadspark
672,Rubenslei 36,2023-06-06,07:00:00,158,153,5,FMN 26 Stadspark
672,Rubenslei 36,2023-06-06,08:00:00,376,366,10,FMN 26 Stadspark
672,Rubenslei 36,2023-06-06,09:00:00,132,125,7,FMN 26 Stadspark
672,Rubenslei 36,2023-06-06,10:00:00,77,69,8,FMN 26 Stadspark
672,Rubenslei 36,2023-06-06,11:00:00,76,68,8,FMN 26 Stadspark
672,Rubenslei 36,2023-06-06,12:00:00,116,101,15,FMN 26 Stadspark
672,Rubenslei 36,2023-06-06,13:00:00,107,96,11,FMN 26 Stadspark
672,Rubenslei 36,2023-06-06,14:00:00,80,68,12,FMN 26 Stadspark
672,Rubenslei 36,2023-06-06,15:00:00,143,122,21,FMN 26 Stadspark
672,Rubenslei 36,2023-06-06,16:00:00,256,227,29,FMN 26 Stadspark
672,Rubenslei 36,2023-06-06,17:00:00,254,228,26,FMN 26 Stadspark
672,Rubenslei 36,2023-06-06,18:00:00,185,163,22,FMN 26 Stadspark
672,Rubenslei 36,2023-06-06,19:00:00,96,82,14,FMN 26 Stadspark
672,Rubenslei 36,2023-06-06,20:00:00,75,63,12,FMN 26 Stadspark
672,Rubenslei 36,2023-06-06,21:00:00,57,47,10,FMN 26 Stadspark
672,Rubenslei 36,2023-06-06,22:00:00,72,62,10,FMN 26 Stadspark
672,Rubenslei 36,2023-06-06,23:00:00,44,34,10,FMN 26 Stadspark
672,Rubenslei 36,2023-06-07,00:00:00,14,10,4,FMN 26 Stadspark
672,Rubenslei 36,2023-06-07,01:00:00,2,1,1,FMN 26 Stadspark
672,Rubenslei 36,2023-06-07,02:00:00,6,4,2,FMN 26 Stadspark
672,Rubenslei 36,2023-06-07,03:00:00,8,6,2,FMN 26 Stadspark
672,Rubenslei 36,2023-06-07,04:00:00,5,5,0,FMN 26 Stadspark
672,Rubenslei 36,2023-06-07,05:00:00,31,29,2,FMN 26 Stadspark
672,Rubenslei 36,2023-06-07,06:00:00,52,48,4,FMN 26 Stadspark
672,Rubenslei 36,2023-06-07,07:00:00,156,152,4,FMN 26 Stadspark
672,Rubenslei 36,2023-06-07,08:00:00,386,373,13,FMN 26 Stadspark
672,Rubenslei 36,2023-06-07,09:00:00,161,157,4,FMN 26 Stadspark
672,Rubenslei 36,2023-06-07,10:00:00,111,98,13,FMN 26 Stadspark
672,Rubenslei 36,2023-06-07,11:00:00,100,93,7,FMN 26 Stadspark
672,Rubenslei 36,2023-06-07,12:00:00,186,164,22,FMN 26 Stadspark
672,Rubenslei 36,2023-06-07,13:00:00,87,77,10,FMN 26 Stadspark
672,Rubenslei 36,2023-06-07,14:00:00,88,79,9,FMN 26 Stadspark
672,Rubenslei 36,2023-06-07,15:00:00,104,92,12,FMN 26 Stadspark
672,Rubenslei 36,2023-06-07,16:00:00,134,123,11,FMN 26 Stadspark
672,Rubenslei 36,2023-06-07,17:00:00,174,147,27,FMN 26 Stadspark
672,Rubenslei 36,2023-06-07,18:00:00,186,161,25,FMN 26 Stadspark
672,Rubenslei 36,2023-06-07,19:00:00,140,129,11,FMN 26 Stadspark
672,Rubenslei 36,2023-06-07,20:00:00,87,79,8,FMN 26 Stadspark
672,Rubenslei 36,2023-06-07,21:00:00,80,66,14,FMN 26 Stadspark
672,Rubenslei 36,2023-06-07,22:00:00,57,44,13,FMN 26 Stadspark
672,Rubenslei 36,2023-06-07,23:00:00,47,38,9,FMN 26 Stadspark
672,Rubenslei 36,2023-06-08,00:00:00,15,8,7,FMN 26 Stadspark
672,Rubenslei 36,2023-06-08,01:00:00,10,6,4,FMN 26 Stadspark
672,Rubenslei 36,2023-06-08,02:00:00,6,6,0,FMN 26 Stadspark
672,Rubenslei 36,2023-06-08,03:00:00,5,5,0,FMN 26 Stadspark
672,Rubenslei 36,2023-06-08,04:00:00,7,7,0,FMN 26 Stadspark
672,Rubenslei 36,2023-06-08,05:00:00,16,15,1,FMN 26 Stadspark
672,Rubenslei 36,2023-06-08,06:00:00,33,31,2,FMN 26 Stadspark
672,Rubenslei 36,2023-06-08,07:00:00,173,166,7,FMN 26 Stadspark
672,Rubenslei 36,2023-06-08,08:00:00,416,400,16,FMN 26 Stadspark
672,Rubenslei 36,2023-06-08,09:00:00,153,147,6,FMN 26 Stadspark
672,Rubenslei 36,2023-06-08,10:00:00,104,99,5,FMN 26 Stadspark
672,Rubenslei 36,2023-06-08,11:00:00,83,77,6,FMN 26 Stadspark
672,Rubenslei 36,2023-06-08,12:00:00,156,142,14,FMN 26 Stadspark
672,Rubenslei 36,2023-06-08,13:00:00,110,92,18,FMN 26 Stadspark
672,Rubenslei 36,2023-06-08,14:00:00,102,88,14,FMN 26 Stadspark
672,Rubenslei 36,2023-06-08,15:00:00,117,104,13,FMN 26 Stadspark
672,Rubenslei 36,2023-06-08,16:00:00,173,160,13,FMN 26 Stadspark
672,Rubenslei 36,2023-06-08,17:00:00,229,203,26,FMN 26 Stadspark
672,Rubenslei 36,2023-06-08,18:00:00,119,96,23,FMN 26 Stadspark
672,Rubenslei 36,2023-06-08,19:00:00,103,81,22,FMN 26 Stadspark
672,Rubenslei 36,2023-06-08,20:00:00,84,71,13,FMN 26 Stadspark
672,Rubenslei 36,2023-06-08,21:00:00,74,60,14,FMN 26 Stadspark
672,Rubenslei 36,2023-06-08,22:00:00,65,54,11,FMN 26 Stadspark
672,Rubenslei 36,2023-06-08,23:00:00,28,21,7,FMN 26 Stadspark
672,Rubenslei 36,2023-06-09,00:00:00,28,14,14,FMN 26 Stadspark
672,Rubenslei 36,2023-06-09,01:00:00,17,12,5,FMN 26 Stadspark
672,Rubenslei 36,2023-06-09,02:00:00,7,7,0,FMN 26 Stadspark
672,Rubenslei 36,2023-06-09,03:00:00,4,4,0,FMN 26 Stadspark
672,Rubenslei 36,2023-06-09,04:00:00,9,8,1,FMN 26 Stadspark
672,Rubenslei 36,2023-06-09,05:00:00,21,21,0,FMN 26 Stadspark
672,Rubenslei 36,2023-06-09,06:00:00,25,23,2,FMN 26 Stadspark
672,Rubenslei 36,2023-06-09,07:00:00,96,93,3,FMN 26 Stadspark
672,Rubenslei 36,2023-06-09,08:00:00,337,321,16,FMN 26 Stadspark
672,Rubenslei 36,2023-06-09,09:00:00,159,153,6,FMN 26 Stadspark
672,Rubenslei 36,2023-06-09,10:00:00,125,119,6,FMN 26 Stadspark
672,Rubenslei 36,2023-06-09,11:00:00,85,73,12,FMN 26 Stadspark
672,Rubenslei 36,2023-06-09,12:00:00,106,97,9,FMN 26 Stadspark
672,Rubenslei 36,2023-06-09,13:00:00,92,78,14,FMN 26 Stadspark
672,Rubenslei 36,2023-06-09,14:00:00,104,96,8,FMN 26 Stadspark
672,Rubenslei 36,2023-06-09,15:00:00,167,153,14,FMN 26 Stadspark
672,Rubenslei 36,2023-06-09,16:00:00,125,111,14,FMN 26 Stadspark
672,Rubenslei 36,2023-06-09,17:00:00,180,149,31,FMN 26 Stadspark
672,Rubenslei 36,2023-06-09,18:00:00,148,120,28,FMN 26 Stadspark
672,Rubenslei 36,2023-06-09,19:00:00,105,88,17,FMN 26 Stadspark
672,Rubenslei 36,2023-06-09,20:00:00,87,78,9,FMN 26 Stadspark
672,Rubenslei 36,2023-06-09,21:00:00,88,78,10,FMN 26 Stadspark
672,Rubenslei 36,2023-06-09,22:00:00,80,66,14,FMN 26 Stadspark
672,Rubenslei 36,2023-06-09,23:00:00,41,26,15,FMN 26 Stadspark
672,Rubenslei 36,2023-06-10,00:00:00,50,38,12,FMN 26 Stadspark
672,Rubenslei 36,2023-06-10,01:00:00,19,16,3,FMN 26 Stadspark
672,Rubenslei 36,2023-06-10,02:00:00,15,10,5,FMN 26 Stadspark
672,Rubenslei 36,2023-06-10,03:00:00,17,13,4,FMN 26 Stadspark
672,Rubenslei 36,2023-06-10,04:00:00,12,11,1,FMN 26 Stadspark
672,Rubenslei 36,2023-06-10,05:00:00,16,11,5,FMN 26 Stadspark
672,Rubenslei 36,2023-06-10,06:00:00,8,7,1,FMN 26 Stadspark
672,Rubenslei 36,2023-06-10,07:00:00,30,29,1,FMN 26 Stadspark
672,Rubenslei 36,2023-06-10,08:00:00,57,51,6,FMN 26 Stadspark
672,Rubenslei 36,2023-06-10,09:00:00,75,74,1,FMN 26 Stadspark
672,Rubenslei 36,2023-06-10,10:00:00,113,93,20,FMN 26 Stadspark
672,Rubenslei 36,2023-06-10,11:00:00,78,70,8,FMN 26 Stadspark
672,Rubenslei 36,2023-06-10,12:00:00,118,103,15,FMN 26 Stadspark
672,Rubenslei 36,2023-06-10,13:00:00,104,93,11,FMN 26 Stadspark
672,Rubenslei 36,2023-06-10,14:00:00,117,103,14,FMN 26 Stadspark
672,Rubenslei 36,2023-06-10,15:00:00,89,77,12,FMN 26 Stadspark
672,Rubenslei 36,2023-06-10,16:00:00,97,85,12,FMN 26 Stadspark
672,Rubenslei 36,2023-06-10,17:00:00,69,54,15,FMN 26 Stadspark
672,Rubenslei 36,2023-06-10,18:00:00,103,89,14,FMN 26 Stadspark
672,Rubenslei 36,2023-06-10,19:00:00,103,89,14,FMN 26 Stadspark
672,Rubenslei 36,2023-06-10,20:00:00,105,87,18,FMN 26 Stadspark
672,Rubenslei 36,2023-06-10,21:00:00,81,62,19,FMN 26 Stadspark
672,Rubenslei 36,2023-06-10,22:00:00,62,52,10,FMN 26 Stadspark
672,Rubenslei 36,2023-06-10,23:00:00,70,50,20,FMN 26 Stadspark
672,Rubenslei 36,2023-06-11,00:00:00,56,42,14,FMN 26 Stadspark
672,Rubenslei 36,2023-06-11,01:00:00,50,39,11,FMN 26 Stadspark
672,Rubenslei 36,2023-06-11,02:00:00,34,21,13,FMN 26 Stadspark
672,Rubenslei 36,2023-06-11,03:00:00,26,16,10,FMN 26 Stadspark
672,Rubenslei 36,2023-06-11,04:00:00,17,9,8,FMN 26 Stadspark
672,Rubenslei 36,2023-06-11,05:00:00,18,14,4,FMN 26 Stadspark
672,Rubenslei 36,2023-06-11,06:00:00,13,11,2,FMN 26 Stadspark
672,Rubenslei 36,2023-06-11,07:00:00,24,21,3,FMN 26 Stadspark
672,Rubenslei 36,2023-06-11,08:00:00,28,24,4,FMN 26 Stadspark
672,Rubenslei 36,2023-06-11,09:00:00,72,66,6,FMN 26 Stadspark
672,Rubenslei 36,2023-06-11,10:00:00,101,83,18,FMN 26 Stadspark
672,Rubenslei 36,2023-06-11,11:00:00,67,59,8,FMN 26 Stadspark
672,Rubenslei 36,2023-06-11,12:00:00,112,91,21,FMN 26 Stadspark
672,Rubenslei 36,2023-06-11,13:00:00,113,95,18,FMN 26 Stadspark
672,Rubenslei 36,2023-06-11,14:00:00,76,69,7,FMN 26 Stadspark
672,Rubenslei 36,2023-06-11,15:00:00,73,66,7,FMN 26 Stadspark
672,Rubenslei 36,2023-06-11,16:00:00,57,51,6,FMN 26 Stadspark
672,Rubenslei 36,2023-06-11,17:00:00,86,75,11,FMN 26 Stadspark
672,Rubenslei 36,2023-06-11,18:00:00,77,60,17,FMN 26 Stadspark
672,Rubenslei 36,2023-06-11,19:00:00,96,72,24,FMN 26 Stadspark
672,Rubenslei 36,2023-06-11,20:00:00,83,72,11,FMN 26 Stadspark
672,Rubenslei 36,2023-06-11,21:00:00,58,48,10,FMN 26 Stadspark
672,Rubenslei 36,2023-06-11,22:00:00,36,31,5,FMN 26 Stadspark
672,Rubenslei 36,2023-06-11,23:00:00,25,21,4,FMN 26 Stadspark
672,Rubenslei 36,2023-06-12,00:00:00,18,9,9,FMN 26 Stadspark
672,Rubenslei 36,2023-06-12,01:00:00,10,7,3,FMN 26 Stadspark
672,Rubenslei 36,2023-06-12,02:00:00,7,5,2,FMN 26 Stadspark
672,Rubenslei 36,2023-06-12,03:00:00,5,4,1,FMN 26 Stadspark
672,Rubenslei 36,2023-06-12,04:00:00,8,5,3,FMN 26 Stadspark
672,Rubenslei 36,2023-06-12,05:00:00,21,20,1,FMN 26 Stadspark
672,Rubenslei 36,2023-06-12,06:00:00,31,30,1,FMN 26 Stadspark
672,Rubenslei 36,2023-06-12,07:00:00,163,157,6,FMN 26 Stadspark
672,Rubenslei 36,2023-06-12,08:00:00,353,334,19,FMN 26 Stadspark
672,Rubenslei 36,2023-06-12,09:00:00,142,137,5,FMN 26 Stadspark
672,Rubenslei 36,2023-06-12,10:00:00,87,75,12,FMN 26 Stadspark
672,Rubenslei 36,2023-06-12,11:00:00,63,56,7,FMN 26 Stadspark
672,Rubenslei 36,2023-06-12,12:00:00,106,89,17,FMN 26 Stadspark
672,Rubenslei 36,2023-06-12,13:00:00,98,82,16,FMN 26 Stadspark
672,Rubenslei 36,2023-06-12,14:00:00,82,72,10,FMN 26 Stadspark
672,Rubenslei 36,2023-06-12,15:00:00,131,114,17,FMN 26 Stadspark
672,Rubenslei 36,2023-06-12,16:00:00,181,165,16,FMN 26 Stadspark
672,Rubenslei 36,2023-06-12,17:00:00,185,162,23,FMN 26 Stadspark
672,Rubenslei 36,2023-06-12,18:00:00,110,95,15,FMN 26 Stadspark
672,Rubenslei 36,2023-06-12,19:00:00,102,90,12,FMN 26 Stadspark
672,Rubenslei 36,2023-06-12,20:00:00,80,70,10,FMN 26 Stadspark
672,Rubenslei 36,2023-06-12,21:00:00,74,68,6,FMN 26 Stadspark
672,Rubenslei 36,2023-06-12,22:00:00,69,56,13,FMN 26 Stadspark
672,Rubenslei 36,2023-06-12,23:00:00,41,33,8,FMN 26 Stadspark
672,Rubenslei 36,2023-06-13,00:00:00,19,11,8,FMN 26 Stadspark
672,Rubenslei 36,2023-06-13,01:00:00,9,7,2,FMN 26 Stadspark
672,Rubenslei 36,2023-06-13,02:00:00,10,7,3,FMN 26 Stadspark
672,Rubenslei 36,2023-06-13,03:00:00,2,1,1,FMN 26 Stadspark
672,Rubenslei 36,2023-06-13,04:00:00,12,10,2,FMN 26 Stadspark
672,Rubenslei 36,2023-06-13,05:00:00,37,33,4,FMN 26 Stadspark
672,Rubenslei 36,2023-06-13,06:00:00,38,36,2,FMN 26 Stadspark
672,Rubenslei 36,2023-06-13,07:00:00,165,162,3,FMN 26 Stadspark
672,Rubenslei 36,2023-06-13,08:00:00,390,375,15,FMN 26 Stadspark
672,Rubenslei 36,2023-06-13,09:00:00,141,130,11,FMN 26 Stadspark
672,Rubenslei 36,2023-06-13,10:00:00,106,104,2,FMN 26 Stadspark
672,Rubenslei 36,2023-06-13,11:00:00,79,69,10,FMN 26 Stadspark
672,Rubenslei 36,2023-06-13,12:00:00,123,111,12,FMN 26 Stadspark
672,Rubenslei 36,2023-06-13,13:00:00,113,95,18,FMN 26 Stadspark
672,Rubenslei 36,2023-06-13,14:00:00,104,89,15,FMN 26 Stadspark
672,Rubenslei 36,2023-06-13,15:00:00,152,136,16,FMN 26 Stadspark
672,Rubenslei 36,2023-06-13,16:00:00,130,119,11,FMN 26 Stadspark
672,Rubenslei 36,2023-06-13,17:00:00,189,166,23,FMN 26 Stadspark
672,Rubenslei 36,2023-06-13,18:00:00,140,117,23,FMN 26 Stadspark
672,Rubenslei 36,2023-06-13,19:00:00,107,88,19,FMN 26 Stadspark
672,Rubenslei 36,2023-06-13,20:00:00,73,64,9,FMN 26 Stadspark
672,Rubenslei 36,2023-06-13,21:00:00,82,67,15,FMN 26 Stadspark
672,Rubenslei 36,2023-06-13,22:00:00,69,58,11,FMN 26 Stadspark
672,Rubenslei 36,2023-06-13,23:00:00,41,32,9,FMN 26 Stadspark
672,Rubenslei 36,2023-06-14,00:00:00,21,13,8,FMN 26 Stadspark
672,Rubenslei 36,2023-06-14,01:00:00,13,8,5,FMN 26 Stadspark
672,Rubenslei 36,2023-06-14,02:00:00,3,2,1,FMN 26 Stadspark
672,Rubenslei 36,2023-06-14,03:00:00,8,6,2,FMN 26 Stadspark
672,Rubenslei 36,2023-06-14,04:00:00,5,5,0,FMN 26 Stadspark
672,Rubenslei 36,2023-06-14,05:00:00,20,19,1,FMN 26 Stadspark
672,Rubenslei 36,2023-06-14,06:00:00,51,46,5,FMN 26 Stadspark
672,Rubenslei 36,2023-06-14,07:00:00,139,133,6,FMN 26 Stadspark
672,Rubenslei 36,2023-06-14,08:00:00,346,329,17,FMN 26 Stadspark
672,Rubenslei 36,2023-06-14,09:00:00,173,166,7,FMN 26 Stadspark
672,Rubenslei 36,2023-06-14,10:00:00,110,101,9,FMN 26 Stadspark
672,Rubenslei 36,2023-06-14,11:00:00,103,86,17,FMN 26 Stadspark
672,Rubenslei 36,2023-06-14,12:00:00,144,133,11,FMN 26 Stadspark
672,Rubenslei 36,2023-06-14,13:00:00,108,90,18,FMN 26 Stadspark
672,Rubenslei 36,2023-06-14,14:00:00,121,107,14,FMN 26 Stadspark
672,Rubenslei 36,2023-06-14,15:00:00,139,128,11,FMN 26 Stadspark
672,Rubenslei 36,2023-06-14,16:00:00,157,146,11,FMN 26 Stadspark
672,Rubenslei 36,2023-06-14,17:00:00,167,145,22,FMN 26 Stadspark
672,Rubenslei 36,2023-06-14,18:00:00,161,144,17,FMN 26 Stadspark
672,Rubenslei 36,2023-06-14,19:00:00,126,106,20,FMN 26 Stadspark
672,Rubenslei 36,2023-06-14,20:00:00,91,76,15,FMN 26 Stadspark
672,Rubenslei 36,2023-06-14,21:00:00,75,58,17,FMN 26 Stadspark
672,Rubenslei 36,2023-06-14,22:00:00,72,60,12,FMN 26 Stadspark
672,Rubenslei 36,2023-06-14,23:00:00,41,31,10,FMN 26 Stadspark
672,Rubenslei 36,2023-06-15,00:00:00,12,9,3,FMN 26 Stadspark
672,Rubenslei 36,2023-06-15,01:00:00,15,12,3,FMN 26 Stadspark
672,Rubenslei 36,2023-06-15,02:00:00,10,7,3,FMN 26 Stadspark
672,Rubenslei 36,2023-06-15,03:00:00,5,5,0,FMN 26 Stadspark
672,Rubenslei 36,2023-06-15,04:00:00,9,9,0,FMN 26 Stadspark
672,Rubenslei 36,2023-06-15,05:00:00,31,30,1,FMN 26 Stadspark
672,Rubenslei 36,2023-06-15,06:00:00,46,43,3,FMN 26 Stadspark
672,Rubenslei 36,2023-06-15,07:00:00,201,194,7,FMN 26 Stadspark
672,Rubenslei 36,2023-06-15,08:00:00,394,382,12,FMN 26 Stadspark
672,Rubenslei 36,2023-06-15,09:00:00,155,148,7,FMN 26 Stadspark
672,Rubenslei 36,2023-06-15,10:00:00,128,117,11,FMN 26 Stadspark
672,Rubenslei 36,2023-06-15,11:00:00,106,98,8,FMN 26 Stadspark
672,Rubenslei 36,2023-06-15,12:00:00,107,100,7,FMN 26 Stadspark
672,Rubenslei 36,2023-06-15,13:00:00,134,115,19,FMN 26 Stadspark
672,Rubenslei 36,2023-06-15,14:00:00,111,100,11,FMN 26 Stadspark
672,Rubenslei 36,2023-06-15,15:00:00,126,108,18,FMN 26 Stadspark
672,Rubenslei 36,2023-06-15,16:00:00,183,168,15,FMN 26 Stadspark
672,Rubenslei 36,2023-06-15,17:00:00,224,208,16,FMN 26 Stadspark
672,Rubenslei 36,2023-06-15,18:00:00,174,149,25,FMN 26 Stadspark
672,Rubenslei 36,2023-06-15,19:00:00,111,94,17,FMN 26 Stadspark
672,Rubenslei 36,2023-06-15,20:00:00,97,79,18,FMN 26 Stadspark
672,Rubenslei 36,2023-06-15,21:00:00,85,71,14,FMN 26 Stadspark
672,Rubenslei 36,2023-06-15,22:00:00,81,73,8,FMN 26 Stadspark
672,Rubenslei 36,2023-06-15,23:00:00,46,33,13,FMN 26 Stadspark
672,Rubenslei 36,2023-06-16,00:00:00,36,25,11,FMN 26 Stadspark
672,Rubenslei 36,2023-06-16,01:00:00,18,11,7,FMN 26 Stadspark
672,Rubenslei 36,2023-06-16,02:00:00,8,6,2,FMN 26 Stadspark
672,Rubenslei 36,2023-06-16,03:00:00,3,3,0,FMN 26 Stadspark
672,Rubenslei 36,2023-06-16,04:00:00,12,12,0,FMN 26 Stadspark
672,Rubenslei 36,2023-06-16,05:00:00,33,32,1,FMN 26 Stadspark
672,Rubenslei 36,2023-06-16,06:00:00,43,40,3,FMN 26 Stadspark
672,Rubenslei 36,2023-06-16,07:00:00,131,129,2,FMN 26 Stadspark
672,Rubenslei 36,2023-06-16,08:00:00,319,307,12,FMN 26 Stadspark
672,Rubenslei 36,2023-06-16,09:00:00,160,153,7,FMN 26 Stadspark
672,Rubenslei 36,2023-06-16,10:00:00,126,114,12,FMN 26 Stadspark
672,Rubenslei 36,2023-06-16,11:00:00,82,70,12,FMN 26 Stadspark
672,Rubenslei 36,2023-06-16,12:00:00,172,152,20,FMN 26 Stadspark
672,Rubenslei 36,2023-06-16,13:00:00,131,110,21,FMN 26 Stadspark
672,Rubenslei 36,2023-06-16,14:00:00,143,126,17,FMN 26 Stadspark
672,Rubenslei 36,2023-06-16,15:00:00,171,156,15,FMN 26 Stadspark
672,Rubenslei 36,2023-06-16,16:00:00,194,170,24,FMN 26 Stadspark
672,Rubenslei 36,2023-06-16,17:00:00,220,197,23,FMN 26 Stadspark
672,Rubenslei 36,2023-06-16,18:00:00,196,179,17,FMN 26 Stadspark
672,Rubenslei 36,2023-06-16,19:00:00,94,86,8,FMN 26 Stadspark
672,Rubenslei 36,2023-06-16,20:00:00,0,0,0,FMN 26 Stadspark
672,Rubenslei 36,2023-06-16,21:00:00,0,0,0,FMN 26 Stadspark
672,Rubenslei 36,2023-06-16,22:00:00,0,0,0,FMN 26 Stadspark
672,Rubenslei 36,2023-06-16,23:00:00,0,0,0,FMN 26 Stadspark
672,Rubenslei 36,2023-06-17,00:00:00,0,0,0,FMN 26 Stadspark
672,Rubenslei 36,2023-06-17,01:00:00,42,32,10,FMN 26 Stadspark
672,Rubenslei 36,2023-06-17,02:00:00,30,17,13,FMN 26 Stadspark
672,Rubenslei 36,2023-06-17,03:00:00,16,7,9,FMN 26 Stadspark
672,Rubenslei 36,2023-06-17,04:00:00,20,12,8,FMN 26 Stadspark
672,Rubenslei 36,2023-06-17,05:00:00,19,12,7,FMN 26 Stadspark
672,Rubenslei 36,2023-06-17,06:00:00,22,14,8,FMN 26 Stadspark
672,Rubenslei 36,2023-06-17,07:00:00,21,15,6,FMN 26 Stadspark
672,Rubenslei 36,2023-06-17,08:00:00,52,48,4,FMN 26 Stadspark
672,Rubenslei 36,2023-06-17,09:00:00,108,99,9,FMN 26 Stadspark
672,Rubenslei 36,2023-06-17,10:00:00,125,99,26,FMN 26 Stadspark
672,Rubenslei 36,2023-06-17,11:00:00,135,123,12,FMN 26 Stadspark
672,Rubenslei 36,2023-06-17,12:00:00,135,120,15,FMN 26 Stadspark
672,Rubenslei 36,2023-06-17,13:00:00,156,144,12,FMN 26 Stadspark
672,Rubenslei 36,2023-06-17,14:00:00,165,142,23,FMN 26 Stadspark
672,Rubenslei 36,2023-06-17,15:00:00,143,112,31,FMN 26 Stadspark
672,Rubenslei 36,2023-06-17,16:00:00,140,119,21,FMN 26 Stadspark
672,Rubenslei 36,2023-06-17,17:00:00,128,102,26,FMN 26 Stadspark
672,Rubenslei 36,2023-06-17,18:00:00,134,106,28,FMN 26 Stadspark
672,Rubenslei 36,2023-06-17,19:00:00,119,99,20,FMN 26 Stadspark
672,Rubenslei 36,2023-06-17,20:00:00,103,81,22,FMN 26 Stadspark
672,Rubenslei 36,2023-06-17,21:00:00,78,61,17,FMN 26 Stadspark
672,Rubenslei 36,2023-06-17,22:00:00,59,44,15,FMN 26 Stadspark
672,Rubenslei 36,2023-06-17,23:00:00,56,43,13,FMN 26 Stadspark
672,Rubenslei 36,2023-06-18,00:00:00,0,0,0,FMN 26 Stadspark
672,Rubenslei 36,2023-06-18,01:00:00,27,22,5,FMN 26 Stadspark
672,Rubenslei 36,2023-06-18,02:00:00,20,10,10,FMN 26 Stadspark
672,Rubenslei 36,2023-06-18,03:00:00,30,20,10,FMN 26 Stadspark
672,Rubenslei 36,2023-06-18,04:00:00,18,9,9,FMN 26 Stadspark
672,Rubenslei 36,2023-06-18,05:00:00,15,8,7,FMN 26 Stadspark
672,Rubenslei 36,2023-06-18,06:00:00,12,9,3,FMN 26 Stadspark
672,Rubenslei 36,2023-06-18,07:00:00,24,20,4,FMN 26 Stadspark
672,Rubenslei 36,2023-06-18,08:00:00,29,26,3,FMN 26 Stadspark
672,Rubenslei 36,2023-06-18,09:00:00,55,49,6,FMN 26 Stadspark
672,Rubenslei 36,2023-06-18,10:00:00,79,68,11,FMN 26 Stadspark
672,Rubenslei 36,2023-06-18,11:00:00,97,82,15,FMN 26 Stadspark
672,Rubenslei 36,2023-06-18,12:00:00,100,88,12,FMN 26 Stadspark
672,Rubenslei 36,2023-06-18,13:00:00,110,94,16,FMN 26 Stadspark
672,Rubenslei 36,2023-06-18,14:00:00,111,92,19,FMN 26 Stadspark
672,Rubenslei 36,2023-06-18,15:00:00,101,82,19,FMN 26 Stadspark
672,Rubenslei 36,2023-06-18,16:00:00,119,100,19,FMN 26 Stadspark
672,Rubenslei 36,2023-06-18,17:00:00,84,71,13,FMN 26 Stadspark
672,Rubenslei 36,2023-06-18,18:00:00,85,71,14,FMN 26 Stadspark
672,Rubenslei 36,2023-06-18,19:00:00,73,58,15,FMN 26 Stadspark
672,Rubenslei 36,2023-06-18,20:00:00,78,55,23,FMN 26 Stadspark
672,Rubenslei 36,2023-06-18,21:00:00,68,50,18,FMN 26 Stadspark
672,Rubenslei 36,2023-06-18,22:00:00,37,25,12,FMN 26 Stadspark
672,Rubenslei 36,2023-06-18,23:00:00,32,23,9,FMN 26 Stadspark
672,Rubenslei 36,2023-06-19,00:00:00,0,0,0,FMN 26 Stadspark
672,Rubenslei 36,2023-06-19,01:00:00,14,8,6,FMN 26 Stadspark
672,Rubenslei 36,2023-06-19,02:00:00,6,5,1,FMN 26 Stadspark
672,Rubenslei 36,2023-06-19,03:00:00,4,3,1,FMN 26 Stadspark
672,Rubenslei 36,2023-06-19,04:00:00,7,5,2,FMN 26 Stadspark
672,Rubenslei 36,2023-06-19,05:00:00,26,23,3,FMN 26 Stadspark
672,Rubenslei 36,2023-06-19,06:00:00,39,37,2,FMN 26 Stadspark
672,Rubenslei 36,2023-06-19,07:00:00,113,99,14,FMN 26 Stadspark
672,Rubenslei 36,2023-06-19,08:00:00,304,286,18,FMN 26 Stadspark
672,Rubenslei 36,2023-06-19,09:00:00,144,131,13,FMN 26 Stadspark
672,Rubenslei 36,2023-06-19,10:00:00,104,89,15,FMN 26 Stadspark
672,Rubenslei 36,2023-06-19,11:00:00,86,80,6,FMN 26 Stadspark
672,Rubenslei 36,2023-06-19,12:00:00,125,108,17,FMN 26 Stadspark
672,Rubenslei 36,2023-06-19,13:00:00,115,104,11,FMN 26 Stadspark
672,Rubenslei 36,2023-06-19,14:00:00,121,99,22,FMN 26 Stadspark
672,Rubenslei 36,2023-06-19,15:00:00,174,154,20,FMN 26 Stadspark
672,Rubenslei 36,2023-06-19,16:00:00,192,171,21,FMN 26 Stadspark
672,Rubenslei 36,2023-06-19,17:00:00,191,178,13,FMN 26 Stadspark
672,Rubenslei 36,2023-06-19,18:00:00,152,134,18,FMN 26 Stadspark
672,Rubenslei 36,2023-06-19,19:00:00,92,83,9,FMN 26 Stadspark
672,Rubenslei 36,2023-06-19,20:00:00,70,61,9,FMN 26 Stadspark
672,Rubenslei 36,2023-06-19,21:00:00,53,39,14,FMN 26 Stadspark
672,Rubenslei 36,2023-06-19,22:00:00,51,42,9,FMN 26 Stadspark
672,Rubenslei 36,2023-06-19,23:00:00,22,20,2,FMN 26 Stadspark
672,Rubenslei 36,2023-06-20,00:00:00,0,0,0,FMN 26 Stadspark
672,Rubenslei 36,2023-06-20,01:00:00,4,3,1,FMN 26 Stadspark
672,Rubenslei 36,2023-06-20,02:00:00,6,4,2,FMN 26 Stadspark
672,Rubenslei 36,2023-06-20,03:00:00,2,2,0,FMN 26 Stadspark
672,Rubenslei 36,2023-06-20,04:00:00,8,6,2,FMN 26 Stadspark
672,Rubenslei 36,2023-06-20,05:00:00,18,18,0,FMN 26 Stadspark
672,Rubenslei 36,2023-06-20,06:00:00,38,35,3,FMN 26 Stadspark
672,Rubenslei 36,2023-06-20,07:00:00,137,130,7,FMN 26 Stadspark
672,Rubenslei 36,2023-06-20,08:00:00,367,354,13,FMN 26 Stadspark
672,Rubenslei 36,2023-06-20,09:00:00,147,143,4,FMN 26 Stadspark
672,Rubenslei 36,2023-06-20,10:00:00,101,96,5,FMN 26 Stadspark
672,Rubenslei 36,2023-06-20,11:00:00,98,90,8,FMN 26 Stadspark
672,Rubenslei 36,2023-06-20,12:00:00,128,121,7,FMN 26 Stadspark
672,Rubenslei 36,2023-06-20,13:00:00,135,124,11,FMN 26 Stadspark
672,Rubenslei 36,2023-06-20,14:00:00,117,105,12,FMN 26 Stadspark
672,Rubenslei 36,2023-06-20,15:00:00,185,161,24,FMN 26 Stadspark
672,Rubenslei 36,2023-06-20,16:00:00,223,194,29,FMN 26 Stadspark
672,Rubenslei 36,2023-06-20,17:00:00,231,213,18,FMN 26 Stadspark
672,Rubenslei 36,2023-06-20,18:00:00,181,161,20,FMN 26 Stadspark
672,Rubenslei 36,2023-06-20,19:00:00,122,101,21,FMN 26 Stadspark
672,Rubenslei 36,2023-06-20,20:00:00,78,63,15,FMN 26 Stadspark
672,Rubenslei 36,2023-06-20,21:00:00,72,58,14,FMN 26 Stadspark
672,Rubenslei 36,2023-06-20,22:00:00,51,43,8,FMN 26 Stadspark
672,Rubenslei 36,2023-06-20,23:00:00,30,24,6,FMN 26 Stadspark
672,Rubenslei 36,2023-06-21,00:00:00,0,0,0,FMN 26 Stadspark
672,Rubenslei 36,2023-06-21,01:00:00,12,9,3,FMN 26 Stadspark
672,Rubenslei 36,2023-06-21,02:00:00,5,4,1,FMN 26 Stadspark
672,Rubenslei 36,2023-06-21,03:00:00,3,3,0,FMN 26 Stadspark
672,Rubenslei 36,2023-06-21,04:00:00,8,8,0,FMN 26 Stadspark
672,Rubenslei 36,2023-06-21,05:00:00,22,21,1,FMN 26 Stadspark
672,Rubenslei 36,2023-06-21,06:00:00,41,41,0,FMN 26 Stadspark
672,Rubenslei 36,2023-06-21,07:00:00,146,139,7,FMN 26 Stadspark
672,Rubenslei 36,2023-06-21,08:00:00,390,375,15,FMN 26 Stadspark
672,Rubenslei 36,2023-06-21,09:00:00,168,163,5,FMN 26 Stadspark
672,Rubenslei 36,2023-06-21,10:00:00,121,107,14,FMN 26 Stadspark
672,Rubenslei 36,2023-06-21,11:00:00,112,98,14,FMN 26 Stadspark
672,Rubenslei 36,2023-06-21,12:00:00,216,198,18,FMN 26 Stadspark
672,Rubenslei 36,2023-06-21,13:00:00,166,150,16,FMN 26 Stadspark
672,Rubenslei 36,2023-06-21,14:00:00,142,130,12,FMN 26 Stadspark
672,Rubenslei 36,2023-06-21,15:00:00,170,150,20,FMN 26 Stadspark
672,Rubenslei 36,2023-06-21,16:00:00,220,193,27,FMN 26 Stadspark
672,Rubenslei 36,2023-06-21,17:00:00,218,197,21,FMN 26 Stadspark
672,Rubenslei 36,2023-06-21,18:00:00,179,157,22,FMN 26 Stadspark
672,Rubenslei 36,2023-06-21,19:00:00,151,128,23,FMN 26 Stadspark
672,Rubenslei 36,2023-06-21,20:00:00,108,84,24,FMN 26 Stadspark
672,Rubenslei 36,2023-06-21,21:00:00,62,58,4,FMN 26 Stadspark
672,Rubenslei 36,2023-06-21,22:00:00,64,53,11,FMN 26 Stadspark
672,Rubenslei 36,2023-06-21,23:00:00,37,26,11,FMN 26 Stadspark
672,Rubenslei 36,2023-06-22,00:00:00,12,9,3,FMN 26 Stadspark
672,Rubenslei 36,2023-06-22,01:00:00,7,3,4,FMN 26 Stadspark
672,Rubenslei 36,2023-06-22,02:00:00,5,1,4,FMN 26 Stadspark
672,Rubenslei 36,2023-06-22,03:00:00,3,3,0,FMN 26 Stadspark
672,Rubenslei 36,2023-06-22,04:00:00,4,4,0,FMN 26 Stadspark
672,Rubenslei 36,2023-06-22,05:00:00,18,18,0,FMN 26 Stadspark
672,Rubenslei 36,2023-06-22,06:00:00,28,26,2,FMN 26 Stadspark
672,Rubenslei 36,2023-06-22,07:00:00,128,121,7,FMN 26 Stadspark
672,Rubenslei 36,2023-06-22,08:00:00,309,295,14,FMN 26 Stadspark
672,Rubenslei 36,2023-06-22,09:00:00,134,128,6,FMN 26 Stadspark
672,Rubenslei 36,2023-06-22,10:00:00,91,84,7,FMN 26 Stadspark
672,Rubenslei 36,2023-06-22,11:00:00,81,75,6,FMN 26 Stadspark
672,Rubenslei 36,2023-06-22,12:00:00,119,114,5,FMN 26 Stadspark
672,Rubenslei 36,2023-06-22,13:00:00,99,92,7,FMN 26 Stadspark
672,Rubenslei 36,2023-06-22,14:00:00,105,93,12,FMN 26 Stadspark
672,Rubenslei 36,2023-06-22,15:00:00,168,154,14,FMN 26 Stadspark
672,Rubenslei 36,2023-06-22,16:00:00,199,182,17,FMN 26 Stadspark
672,Rubenslei 36,2023-06-22,17:00:00,188,173,15,FMN 26 Stadspark
672,Rubenslei 36,2023-06-22,18:00:00,164,136,28,FMN 26 Stadspark
672,Rubenslei 36,2023-06-22,19:00:00,108,96,12,FMN 26 Stadspark
672,Rubenslei 36,2023-06-22,20:00:00,75,63,12,FMN 26 Stadspark
672,Rubenslei 36,2023-06-22,21:00:00,68,56,12,FMN 26 Stadspark
672,Rubenslei 36,2023-06-22,22:00:00,62,50,12,FMN 26 Stadspark
672,Rubenslei 36,2023-06-22,23:00:00,29,23,6,FMN 26 Stadspark
672,Rubenslei 36,2023-06-23,00:00:00,29,21,8,FMN 26 Stadspark
672,Rubenslei 36,2023-06-23,01:00:00,19,17,2,FMN 26 Stadspark
672,Rubenslei 36,2023-06-23,02:00:00,9,6,3,FMN 26 Stadspark
672,Rubenslei 36,2023-06-23,03:00:00,2,2,0,FMN 26 Stadspark
672,Rubenslei 36,2023-06-23,04:00:00,13,11,2,FMN 26 Stadspark
672,Rubenslei 36,2023-06-23,05:00:00,15,11,4,FMN 26 Stadspark
672,Rubenslei 36,2023-06-23,06:00:00,26,24,2,FMN 26 Stadspark
672,Rubenslei 36,2023-06-23,07:00:00,103,99,4,FMN 26 Stadspark
672,Rubenslei 36,2023-06-23,08:00:00,290,270,20,FMN 26 Stadspark
672,Rubenslei 36,2023-06-23,09:00:00,143,137,6,FMN 26 Stadspark
672,Rubenslei 36,2023-06-23,10:00:00,110,105,5,FMN 26 Stadspark
672,Rubenslei 36,2023-06-23,11:00:00,104,92,12,FMN 26 Stadspark
672,Rubenslei 36,2023-06-23,12:00:00,142,127,15,FMN 26 Stadspark
672,Rubenslei 36,2023-06-23,13:00:00,132,117,15,FMN 26 Stadspark
672,Rubenslei 36,2023-06-23,14:00:00,139,121,18,FMN 26 Stadspark
672,Rubenslei 36,2023-06-23,15:00:00,187,164,23,FMN 26 Stadspark
672,Rubenslei 36,2023-06-23,16:00:00,197,177,20,FMN 26 Stadspark
672,Rubenslei 36,2023-06-23,17:00:00,191,167,24,FMN 26 Stadspark
672,Rubenslei 36,2023-06-23,18:00:00,164,138,26,FMN 26 Stadspark
672,Rubenslei 36,2023-06-23,19:00:00,132,113,19,FMN 26 Stadspark
672,Rubenslei 36,2023-06-23,20:00:00,86,75,11,FMN 26 Stadspark
672,Rubenslei 36,2023-06-23,21:00:00,63,52,11,FMN 26 Stadspark
672,Rubenslei 36,2023-06-23,22:00:00,55,43,12,FMN 26 Stadspark
672,Rubenslei 36,2023-06-23,23:00:00,43,35,8,FMN 26 Stadspark
672,Rubenslei 36,2023-06-24,00:00:00,57,44,13,FMN 26 Stadspark
672,Rubenslei 36,2023-06-24,01:00:00,42,32,10,FMN 26 Stadspark
672,Rubenslei 36,2023-06-24,02:00:00,30,17,13,FMN 26 Stadspark
672,Rubenslei 36,2023-06-24,03:00:00,16,7,9,FMN 26 Stadspark
672,Rubenslei 36,2023-06-24,04:00:00,20,12,8,FMN 26 Stadspark
672,Rubenslei 36,2023-06-24,05:00:00,19,12,7,FMN 26 Stadspark
672,Rubenslei 36,2023-06-24,06:00:00,22,14,8,FMN 26 Stadspark
672,Rubenslei 36,2023-06-24,07:00:00,21,15,6,FMN 26 Stadspark
672,Rubenslei 36,2023-06-24,08:00:00,52,48,4,FMN 26 Stadspark
672,Rubenslei 36,2023-06-24,09:00:00,108,99,9,FMN 26 Stadspark
672,Rubenslei 36,2023-06-24,10:00:00,125,99,26,FMN 26 Stadspark
672,Rubenslei 36,2023-06-24,11:00:00,135,123,12,FMN 26 Stadspark
672,Rubenslei 36,2023-06-24,12:00:00,135,120,15,FMN 26 Stadspark
672,Rubenslei 36,2023-06-24,13:00:00,156,144,12,FMN 26 Stadspark
672,Rubenslei 36,2023-06-24,14:00:00,165,142,23,FMN 26 Stadspark
672,Rubenslei 36,2023-06-24,15:00:00,143,112,31,FMN 26 Stadspark
672,Rubenslei 36,2023-06-24,16:00:00,140,119,21,FMN 26 Stadspark
672,Rubenslei 36,2023-06-24,17:00:00,128,102,26,FMN 26 Stadspark
672,Rubenslei 36,2023-06-24,18:00:00,134,106,28,FMN 26 Stadspark
672,Rubenslei 36,2023-06-24,19:00:00,119,99,20,FMN 26 Stadspark
672,Rubenslei 36,2023-06-24,20:00:00,103,81,22,FMN 26 Stadspark
672,Rubenslei 36,2023-06-24,21:00:00,78,61,17,FMN 26 Stadspark
672,Rubenslei 36,2023-06-24,22:00:00,59,44,15,FMN 26 Stadspark
672,Rubenslei 36,2023-06-24,23:00:00,56,43,13,FMN 26 Stadspark
672,Rubenslei 36,2023-06-25,00:00:00,54,40,14,FMN 26 Stadspark
672,Rubenslei 36,2023-06-25,01:00:00,25,19,6,FMN 26 Stadspark
672,Rubenslei 36,2023-06-25,02:00:00,20,15,5,FMN 26 Stadspark
672,Rubenslei 36,2023-06-25,03:00:00,19,11,8,FMN 26 Stadspark
672,Rubenslei 36,2023-06-25,04:00:00,17,10,7,FMN 26 Stadspark
672,Rubenslei 36,2023-06-25,05:00:00,12,8,4,FMN 26 Stadspark
672,Rubenslei 36,2023-06-25,06:00:00,14,10,4,FMN 26 Stadspark
672,Rubenslei 36,2023-06-25,07:00:00,22,17,5,FMN 26 Stadspark
672,Rubenslei 36,2023-06-25,08:00:00,36,33,3,FMN 26 Stadspark
672,Rubenslei 36,2023-06-25,09:00:00,58,52,6,FMN 26 Stadspark
672,Rubenslei 36,2023-06-25,10:00:00,88,75,13,FMN 26 Stadspark
672,Rubenslei 36,2023-06-25,11:00:00,97,84,13,FMN 26 Stadspark
672,Rubenslei 36,2023-06-25,12:00:00,107,86,21,FMN 26 Stadspark
672,Rubenslei 36,2023-06-25,13:00:00,118,102,16,FMN 26 Stadspark
672,Rubenslei 36,2023-06-25,14:00:00,108,90,18,FMN 26 Stadspark
672,Rubenslei 36,2023-06-25,15:00:00,107,86,21,FMN 26 Stadspark
672,Rubenslei 36,2023-06-25,16:00:00,94,79,15,FMN 26 Stadspark
672,Rubenslei 36,2023-06-25,17:00:00,109,87,22,FMN 26 Stadspark
672,Rubenslei 36,2023-06-25,18:00:00,92,71,21,FMN 26 Stadspark
672,Rubenslei 36,2023-06-25,19:00:00,85,69,16,FMN 26 Stadspark
672,Rubenslei 36,2023-06-25,20:00:00,84,64,20,FMN 26 Stadspark
672,Rubenslei 36,2023-06-25,21:00:00,68,54,14,FMN 26 Stadspark
672,Rubenslei 36,2023-06-25,22:00:00,56,38,18,FMN 26 Stadspark
672,Rubenslei 36,2023-06-25,23:00:00,31,24,7,FMN 26 Stadspark
672,Rubenslei 36,2023-06-26,00:00:00,10,6,4,FMN 26 Stadspark
672,Rubenslei 36,2023-06-26,01:00:00,10,9,1,FMN 26 Stadspark
672,Rubenslei 36,2023-06-26,02:00:00,6,5,1,FMN 26 Stadspark
672,Rubenslei 36,2023-06-26,03:00:00,9,5,4,FMN 26 Stadspark
672,Rubenslei 36,2023-06-26,04:00:00,10,8,2,FMN 26 Stadspark
672,Rubenslei 36,2023-06-26,05:00:00,16,15,1,FMN 26 Stadspark
672,Rubenslei 36,2023-06-26,06:00:00,36,32,4,FMN 26 Stadspark
672,Rubenslei 36,2023-06-26,07:00:00,123,112,11,FMN 26 Stadspark
672,Rubenslei 36,2023-06-26,08:00:00,307,287,20,FMN 26 Stadspark
672,Rubenslei 36,2023-06-26,09:00:00,131,122,9,FMN 26 Stadspark
672,Rubenslei 36,2023-06-26,10:00:00,95,82,13,FMN 26 Stadspark
672,Rubenslei 36,2023-06-26,11:00:00,93,83,10,FMN 26 Stadspark
672,Rubenslei 36,2023-06-26,12:00:00,128,111,17,FMN 26 Stadspark
672,Rubenslei 36,2023-06-26,13:00:00,111,100,11,FMN 26 Stadspark
672,Rubenslei 36,2023-06-26,14:00:00,104,95,9,FMN 26 Stadspark
672,Rubenslei 36,2023-06-26,15:00:00,178,158,20,FMN 26 Stadspark
672,Rubenslei 36,2023-06-26,16:00:00,206,189,17,FMN 26 Stadspark
672,Rubenslei 36,2023-06-26,17:00:00,210,184,26,FMN 26 Stadspark
672,Rubenslei 36,2023-06-26,18:00:00,151,128,23,FMN 26 Stadspark
672,Rubenslei 36,2023-06-26,19:00:00,111,91,20,FMN 26 Stadspark
672,Rubenslei 36,2023-06-26,20:00:00,71,61,10,FMN 26 Stadspark
672,Rubenslei 36,2023-06-26,21:00:00,56,44,12,FMN 26 Stadspark
672,Rubenslei 36,2023-06-26,22:00:00,42,34,8,FMN 26 Stadspark
672,Rubenslei 36,2023-06-26,23:00:00,27,25,2,FMN 26 Stadspark
672,Rubenslei 36,2023-06-27,00:00:00,12,12,0,FMN 26 Stadspark
672,Rubenslei 36,2023-06-27,01:00:00,5,5,0,FMN 26 Stadspark
672,Rubenslei 36,2023-06-27,02:00:00,3,1,2,FMN 26 Stadspark
672,Rubenslei 36,2023-06-27,03:00:00,4,4,0,FMN 26 Stadspark
672,Rubenslei 36,2023-06-27,04:00:00,5,5,0,FMN 26 Stadspark
672,Rubenslei 36,2023-06-27,05:00:00,32,30,2,FMN 26 Stadspark
672,Rubenslei 36,2023-06-27,06:00:00,48,46,2,FMN 26 Stadspark
672,Rubenslei 36,2023-06-27,07:00:00,152,146,6,FMN 26 Stadspark
672,Rubenslei 36,2023-06-27,08:00:00,388,372,16,FMN 26 Stadspark
672,Rubenslei 36,2023-06-27,09:00:00,154,146,8,FMN 26 Stadspark
672,Rubenslei 36,2023-06-27,10:00:00,113,108,5,FMN 26 Stadspark
672,Rubenslei 36,2023-06-27,11:00:00,98,91,7,FMN 26 Stadspark
672,Rubenslei 36,2023-06-27,12:00:00,145,133,12,FMN 26 Stadspark
672,Rubenslei 36,2023-06-27,13:00:00,148,137,11,FMN 26 Stadspark
672,Rubenslei 36,2023-06-27,14:00:00,139,122,17,FMN 26 Stadspark
672,Rubenslei 36,2023-06-27,15:00:00,193,173,20,FMN 26 Stadspark
672,Rubenslei 36,2023-06-27,16:00:00,245,220,25,FMN 26 Stadspark
672,Rubenslei 36,2023-06-27,17:00:00,261,230,31,FMN 26 Stadspark
672,Rubenslei 36,2023-06-27,18:00:00,198,172,26,FMN 26 Stadspark
672,Rubenslei 36,2023-06-27,19:00:00,135,114,21,FMN 26 Stadspark
672,Rubenslei 36,2023-06-27,20:00:00,81,68,13,FMN 26 Stadspark
672,Rubenslei 36,2023-06-27,21:00:00,72,63,9,FMN 26 Stadspark
672,Rubenslei 36,2023-06-27,22:00:00,64,49,15,FMN 26 Stadspark
672,Rubenslei 36,2023-06-27,23:00:00,33,26,7,FMN 26 Stadspark
672,Rubenslei 36,2023-06-28,00:00:00,11,8,3,FMN 26 Stadspark
672,Rubenslei 36,2023-06-28,01:00:00,7,7,0,FMN 26 Stadspark
672,Rubenslei 36,2023-06-28,02:00:00,3,1,2,FMN 26 Stadspark
672,Rubenslei 36,2023-06-28,03:00:00,5,5,0,FMN 26 Stadspark
672,Rubenslei 36,2023-06-28,04:00:00,8,8,0,FMN 26 Stadspark
672,Rubenslei 36,2023-06-28,05:00:00,20,18,2,FMN 26 Stadspark
672,Rubenslei 36,2023-06-28,06:00:00,43,38,5,FMN 26 Stadspark
672,Rubenslei 36,2023-06-28,07:00:00,122,117,5,FMN 26 Stadspark
672,Rubenslei 36,2023-06-28,08:00:00,343,326,17,FMN 26 Stadspark
672,Rubenslei 36,2023-06-28,09:00:00,140,134,6,FMN 26 Stadspark
672,Rubenslei 36,2023-06-28,10:00:00,106,99,7,FMN 26 Stadspark
672,Rubenslei 36,2023-06-28,11:00:00,100,87,13,FMN 26 Stadspark
672,Rubenslei 36,2023-06-28,12:00:00,172,161,11,FMN 26 Stadspark
672,Rubenslei 36,2023-06-28,13:00:00,145,131,14,FMN 26 Stadspark
672,Rubenslei 36,2023-06-28,14:00:00,115,106,9,FMN 26 Stadspark
672,Rubenslei 36,2023-06-28,15:00:00,144,133,11,FMN 26 Stadspark
672,Rubenslei 36,2023-06-28,16:00:00,189,163,26,FMN 26 Stadspark
672,Rubenslei 36,2023-06-28,17:00:00,217,185,32,FMN 26 Stadspark
672,Rubenslei 36,2023-06-28,18:00:00,152,139,13,FMN 26 Stadspark
672,Rubenslei 36,2023-06-28,19:00:00,127,104,23,FMN 26 Stadspark
672,Rubenslei 36,2023-06-28,20:00:00,80,67,13,FMN 26 Stadspark
672,Rubenslei 36,2023-06-28,21:00:00,62,56,6,FMN 26 Stadspark
672,Rubenslei 36,2023-06-28,22:00:00,61,53,8,FMN 26 Stadspark
672,Rubenslei 36,2023-06-28,23:00:00,37,28,9,FMN 26 Stadspark
672,Rubenslei 36,2023-06-29,00:00:00,15,11,4,FMN 26 Stadspark
672,Rubenslei 36,2023-06-29,01:00:00,12,10,2,FMN 26 Stadspark
672,Rubenslei 36,2023-06-29,02:00:00,6,5,1,FMN 26 Stadspark
672,Rubenslei 36,2023-06-29,03:00:00,1,1,0,FMN 26 Stadspark
672,Rubenslei 36,2023-06-29,04:00:00,8,7,1,FMN 26 Stadspark
672,Rubenslei 36,2023-06-29,05:00:00,23,22,1,FMN 26 Stadspark
672,Rubenslei 36,2023-06-29,06:00:00,42,38,4,FMN 26 Stadspark
672,Rubenslei 36,2023-06-29,07:00:00,136,128,8,FMN 26 Stadspark
672,Rubenslei 36,2023-06-29,08:00:00,331,323,8,FMN 26 Stadspark
672,Rubenslei 36,2023-06-29,09:00:00,148,143,5,FMN 26 Stadspark
672,Rubenslei 36,2023-06-29,10:00:00,115,106,9,FMN 26 Stadspark
672,Rubenslei 36,2023-06-29,11:00:00,100,92,8,FMN 26 Stadspark
672,Rubenslei 36,2023-06-29,12:00:00,129,122,7,FMN 26 Stadspark
672,Rubenslei 36,2023-06-29,13:00:00,136,124,12,FMN 26 Stadspark
672,Rubenslei 36,2023-06-29,14:00:00,120,109,11,FMN 26 Stadspark
672,Rubenslei 36,2023-06-29,15:00:00,176,160,16,FMN 26 Stadspark
672,Rubenslei 36,2023-06-29,16:00:00,219,196,23,FMN 26 Stadspark
672,Rubenslei 36,2023-06-29,17:00:00,200,183,17,FMN 26 Stadspark
672,Rubenslei 36,2023-06-29,18:00:00,187,148,39,FMN 26 Stadspark
672,Rubenslei 36,2023-06-29,19:00:00,127,104,23,FMN 26 Stadspark
672,Rubenslei 36,2023-06-29,20:00:00,90,75,15,FMN 26 Stadspark
672,Rubenslei 36,2023-06-29,21:00:00,80,73,7,FMN 26 Stadspark
672,Rubenslei 36,2023-06-29,22:00:00,63,52,11,FMN 26 Stadspark
672,Rubenslei 36,2023-06-29,23:00:00,28,22,6,FMN 26 Stadspark
672,Rubenslei 36,2023-06-30,00:00:00,26,20,6,FMN 26 Stadspark
672,Rubenslei 36,2023-06-30,01:00:00,10,7,3,FMN 26 Stadspark
672,Rubenslei 36,2023-06-30,02:00:00,11,9,2,FMN 26 Stadspark
672,Rubenslei 36,2023-06-30,03:00:00,13,10,3,FMN 26 Stadspark
672,Rubenslei 36,2023-06-30,04:00:00,12,11,1,FMN 26 Stadspark
672,Rubenslei 36,2023-06-30,05:00:00,21,20,1,FMN 26 Stadspark
672,Rubenslei 36,2023-06-30,06:00:00,35,31,4,FMN 26 Stadspark
672,Rubenslei 36,2023-06-30,07:00:00,115,107,8,FMN 26 Stadspark
672,Rubenslei 36,2023-06-30,08:00:00,285,269,16,FMN 26 Stadspark
672,Rubenslei 36,2023-06-30,09:00:00,141,135,6,FMN 26 Stadspark
672,Rubenslei 36,2023-06-30,10:00:00,124,110,14,FMN 26 Stadspark
672,Rubenslei 36,2023-06-30,11:00:00,93,82,11,FMN 26 Stadspark
672,Rubenslei 36,2023-06-30,12:00:00,132,117,15,FMN 26 Stadspark
672,Rubenslei 36,2023-06-30,13:00:00,125,116,9,FMN 26 Stadspark
672,Rubenslei 36,2023-06-30,14:00:00,118,103,15,FMN 26 Stadspark
672,Rubenslei 36,2023-06-30,15:00:00,168,153,15,FMN 26 Stadspark
672,Rubenslei 36,2023-06-30,16:00:00,199,178,21,FMN 26 Stadspark
672,Rubenslei 36,2023-06-30,17:00:00,185,168,17,FMN 26 Stadspark
672,Rubenslei 36,2023-06-30,18:00:00,147,130,17,FMN 26 Stadspark
672,Rubenslei 36,2023-06-30,19:00:00,138,112,26,FMN 26 Stadspark
672,Rubenslei 36,2023-06-30,20:00:00,80,63,17,FMN 26 Stadspark
672,Rubenslei 36,2023-06-30,21:00:00,70,61,9,FMN 26 Stadspark
672,Rubenslei 36,2023-06-30,22:00:00,67,49,18,FMN 26 Stadspark
672,Rubenslei 36,2023-06-30,23:00:00,41,32,9,FMN 26 Stadspark
672,Rubenslei 36,2023-07-01,00:00:00,42,32,10,FMN 26 Stadspark
672,Rubenslei 36,2023-07-01,01:00:00,25,18,7,FMN 26 Stadspark
672,Rubenslei 36,2023-07-01,02:00:00,9,5,4,FMN 26 Stadspark
672,Rubenslei 36,2023-07-01,03:00:00,14,5,9,FMN 26 Stadspark
672,Rubenslei 36,2023-07-01,04:00:00,12,10,2,FMN 26 Stadspark
672,Rubenslei 36,2023-07-01,05:00:00,12,7,5,FMN 26 Stadspark
672,Rubenslei 36,2023-07-01,06:00:00,17,10,7,FMN 26 Stadspark
672,Rubenslei 36,2023-07-01,07:00:00,16,13,3,FMN 26 Stadspark
672,Rubenslei 36,2023-07-01,08:00:00,30,26,4,FMN 26 Stadspark
672,Rubenslei 36,2023-07-01,09:00:00,66,58,8,FMN 26 Stadspark
672,Rubenslei 36,2023-07-01,10:00:00,83,72,11,FMN 26 Stadspark
672,Rubenslei 36,2023-07-01,11:00:00,102,92,10,FMN 26 Stadspark
672,Rubenslei 36,2023-07-01,12:00:00,103,91,12,FMN 26 Stadspark
672,Rubenslei 36,2023-07-01,13:00:00,120,100,20,FMN 26 Stadspark
672,Rubenslei 36,2023-07-01,14:00:00,113,103,10,FMN 26 Stadspark
672,Rubenslei 36,2023-07-01,15:00:00,95,77,18,FMN 26 Stadspark
672,Rubenslei 36,2023-07-01,16:00:00,93,77,16,FMN 26 Stadspark
672,Rubenslei 36,2023-07-01,17:00:00,93,79,14,FMN 26 Stadspark
672,Rubenslei 36,2023-07-01,18:00:00,87,74,13,FMN 26 Stadspark
672,Rubenslei 36,2023-07-01,19:00:00,88,78,10,FMN 26 Stadspark
672,Rubenslei 36,2023-07-01,20:00:00,63,53,10,FMN 26 Stadspark
672,Rubenslei 36,2023-07-01,21:00:00,48,43,5,FMN 26 Stadspark
672,Rubenslei 36,2023-07-01,22:00:00,54,44,10,FMN 26 Stadspark
672,Rubenslei 36,2023-07-01,23:00:00,38,28,10,FMN 26 Stadspark
672,Rubenslei 36,2023-07-02,00:00:00,55,41,14,FMN 26 Stadspark
672,Rubenslei 36,2023-07-02,01:00:00,56,41,15,FMN 26 Stadspark
672,Rubenslei 36,2023-07-02,02:00:00,28,13,15,FMN 26 Stadspark
672,Rubenslei 36,2023-07-02,03:00:00,26,13,13,FMN 26 Stadspark
672,Rubenslei 36,2023-07-02,04:00:00,19,7,12,FMN 26 Stadspark
672,Rubenslei 36,2023-07-02,05:00:00,22,17,5,FMN 26 Stadspark
672,Rubenslei 36,2023-07-02,06:00:00,16,12,4,FMN 26 Stadspark
672,Rubenslei 36,2023-07-02,07:00:00,17,12,5,FMN 26 Stadspark
672,Rubenslei 36,2023-07-02,08:00:00,33,28,5,FMN 26 Stadspark
672,Rubenslei 36,2023-07-02,09:00:00,60,53,7,FMN 26 Stadspark
672,Rubenslei 36,2023-07-02,10:00:00,92,82,10,FMN 26 Stadspark
672,Rubenslei 36,2023-07-02,11:00:00,109,94,15,FMN 26 Stadspark
672,Rubenslei 36,2023-07-02,12:00:00,119,101,18,FMN 26 Stadspark
672,Rubenslei 36,2023-07-02,13:00:00,143,117,26,FMN 26 Stadspark
672,Rubenslei 36,2023-07-02,14:00:00,122,107,15,FMN 26 Stadspark
672,Rubenslei 36,2023-07-02,15:00:00,111,91,20,FMN 26 Stadspark
672,Rubenslei 36,2023-07-02,16:00:00,105,89,16,FMN 26 Stadspark
672,Rubenslei 36,2023-07-02,17:00:00,107,85,22,FMN 26 Stadspark
672,Rubenslei 36,2023-07-02,18:00:00,102,79,23,FMN 26 Stadspark
672,Rubenslei 36,2023-07-02,19:00:00,106,84,22,FMN 26 Stadspark
672,Rubenslei 36,2023-07-02,20:00:00,80,66,14,FMN 26 Stadspark
672,Rubenslei 36,2023-07-02,21:00:00,65,50,15,FMN 26 Stadspark
672,Rubenslei 36,2023-07-02,22:00:00,46,35,11,FMN 26 Stadspark
672,Rubenslei 36,2023-07-02,23:00:00,32,23,9,FMN 26 Stadspark
672,Rubenslei 36,2023-07-03,00:00:00,13,10,3,FMN 26 Stadspark
672,Rubenslei 36,2023-07-03,01:00:00,14,8,6,FMN 26 Stadspark
672,Rubenslei 36,2023-07-03,02:00:00,6,5,1,FMN 26 Stadspark
672,Rubenslei 36,2023-07-03,03:00:00,4,3,1,FMN 26 Stadspark
672,Rubenslei 36,2023-07-03,04:00:00,7,5,2,FMN 26 Stadspark
672,Rubenslei 36,2023-07-03,05:00:00,26,23,3,FMN 26 Stadspark
672,Rubenslei 36,2023-07-03,06:00:00,39,37,2,FMN 26 Stadspark
672,Rubenslei 36,2023-07-03,07:00:00,113,99,14,FMN 26 Stadspark
672,Rubenslei 36,2023-07-03,08:00:00,304,286,18,FMN 26 Stadspark
672,Rubenslei 36,2023-07-03,09:00:00,144,131,13,FMN 26 Stadspark
672,Rubenslei 36,2023-07-03,10:00:00,104,89,15,FMN 26 Stadspark
672,Rubenslei 36,2023-07-03,11:00:00,86,80,6,FMN 26 Stadspark
672,Rubenslei 36,2023-07-03,12:00:00,125,108,17,FMN 26 Stadspark
672,Rubenslei 36,2023-07-03,13:00:00,115,104,11,FMN 26 Stadspark
672,Rubenslei 36,2023-07-03,14:00:00,121,99,22,FMN 26 Stadspark
672,Rubenslei 36,2023-07-03,15:00:00,174,154,20,FMN 26 Stadspark
672,Rubenslei 36,2023-07-03,16:00:00,192,171,21,FMN 26 Stadspark
672,Rubenslei 36,2023-07-03,17:00:00,191,178,13,FMN 26 Stadspark
672,Rubenslei 36,2023-07-03,18:00:00,152,134,18,FMN 26 Stadspark
672,Rubenslei 36,2023-07-03,19:00:00,92,83,9,FMN 26 Stadspark
672,Rubenslei 36,2023-07-03,20:00:00,70,61,9,FMN 26 Stadspark
672,Rubenslei 36,2023-07-03,21:00:00,53,39,14,FMN 26 Stadspark
672,Rubenslei 36,2023-07-03,22:00:00,51,42,9,FMN 26 Stadspark
672,Rubenslei 36,2023-07-03,23:00:00,22,20,2,FMN 26 Stadspark
672,Rubenslei 36,2023-07-04,00:00:00,12,9,3,FMN 26 Stadspark
672,Rubenslei 36,2023-07-04,01:00:00,4,3,1,FMN 26 Stadspark
672,Rubenslei 36,2023-07-04,02:00:00,6,3,3,FMN 26 Stadspark
672,Rubenslei 36,2023-07-04,03:00:00,3,2,1,FMN 26 Stadspark
672,Rubenslei 36,2023-07-04,04:00:00,9,9,0,FMN 26 Stadspark
672,Rubenslei 36,2023-07-04,05:00:00,14,13,1,FMN 26 Stadspark
672,Rubenslei 36,2023-07-04,06:00:00,41,39,2,FMN 26 Stadspark
672,Rubenslei 36,2023-07-04,07:00:00,146,139,7,FMN 26 Stadspark
672,Rubenslei 36,2023-07-04,08:00:00,389,366,23,FMN 26 Stadspark
672,Rubenslei 36,2023-07-04,09:00:00,147,140,7,FMN 26 Stadspark
672,Rubenslei 36,2023-07-04,10:00:00,115,110,5,FMN 26 Stadspark
672,Rubenslei 36,2023-07-04,11:00:00,90,85,5,FMN 26 Stadspark
672,Rubenslei 36,2023-07-04,12:00:00,140,124,16,FMN 26 Stadspark
672,Rubenslei 36,2023-07-04,13:00:00,140,127,13,FMN 26 Stadspark
672,Rubenslei 36,2023-07-04,14:00:00,119,107,12,FMN 26 Stadspark
672,Rubenslei 36,2023-07-04,15:00:00,179,166,13,FMN 26 Stadspark
672,Rubenslei 36,2023-07-04,16:00:00,228,204,24,FMN 26 Stadspark
672,Rubenslei 36,2023-07-04,17:00:00,244,215,29,FMN 26 Stadspark
672,Rubenslei 36,2023-07-04,18:00:00,166,151,15,FMN 26 Stadspark
672,Rubenslei 36,2023-07-04,19:00:00,112,100,12,FMN 26 Stadspark
672,Rubenslei 36,2023-07-04,20:00:00,87,75,12,FMN 26 Stadspark
672,Rubenslei 36,2023-07-04,21:00:00,76,61,15,FMN 26 Stadspark
672,Rubenslei 36,2023-07-04,22:00:00,64,53,11,FMN 26 Stadspark
672,Rubenslei 36,2023-07-04,23:00:00,29,20,9,FMN 26 Stadspark
672,Rubenslei 36,2023-07-05,00:00:00,16,10,6,FMN 26 Stadspark
672,Rubenslei 36,2023-07-05,01:00:00,8,6,2,FMN 26 Stadspark
672,Rubenslei 36,2023-07-05,02:00:00,2,1,1,FMN 26 Stadspark
672,Rubenslei 36,2023-07-05,03:00:00,2,2,0,FMN 26 Stadspark
672,Rubenslei 36,2023-07-05,04:00:00,10,9,1,FMN 26 Stadspark
672,Rubenslei 36,2023-07-05,05:00:00,17,14,3,FMN 26 Stadspark
672,Rubenslei 36,2023-07-05,06:00:00,40,37,3,FMN 26 Stadspark
672,Rubenslei 36,2023-07-05,07:00:00,127,124,3,FMN 26 Stadspark
672,Rubenslei 36,2023-07-05,08:00:00,334,323,11,FMN 26 Stadspark
672,Rubenslei 36,2023-07-05,09:00:00,147,141,6,FMN 26 Stadspark
672,Rubenslei 36,2023-07-05,10:00:00,103,98,5,FMN 26 Stadspark
672,Rubenslei 36,2023-07-05,11:00:00,116,106,10,FMN 26 Stadspark
672,Rubenslei 36,2023-07-05,12:00:00,200,176,24,FMN 26 Stadspark
672,Rubenslei 36,2023-07-05,13:00:00,161,146,15,FMN 26 Stadspark
672,Rubenslei 36,2023-07-05,14:00:00,126,112,14,FMN 26 Stadspark
672,Rubenslei 36,2023-07-05,15:00:00,136,124,12,FMN 26 Stadspark
672,Rubenslei 36,2023-07-05,16:00:00,182,165,17,FMN 26 Stadspark
672,Rubenslei 36,2023-07-05,17:00:00,203,183,20,FMN 26 Stadspark
672,Rubenslei 36,2023-07-05,18:00:00,169,145,24,FMN 26 Stadspark
672,Rubenslei 36,2023-07-05,19:00:00,132,107,25,FMN 26 Stadspark
672,Rubenslei 36,2023-07-05,20:00:00,78,65,13,FMN 26 Stadspark
672,Rubenslei 36,2023-07-05,21:00:00,61,51,10,FMN 26 Stadspark
672,Rubenslei 36,2023-07-05,22:00:00,57,51,6,FMN 26 Stadspark
672,Rubenslei 36,2023-07-05,23:00:00,26,18,8,FMN 26 Stadspark
672,Rubenslei 36,2023-07-06,00:00:00,18,13,5,FMN 26 Stadspark
672,Rubenslei 36,2023-07-06,01:00:00,12,7,5,FMN 26 Stadspark
672,Rubenslei 36,2023-07-06,02:00:00,6,5,1,FMN 26 Stadspark
672,Rubenslei 36,2023-07-06,03:00:00,4,3,1,FMN 26 Stadspark
672,Rubenslei 36,2023-07-06,04:00:00,11,11,0,FMN 26 Stadspark
672,Rubenslei 36,2023-07-06,05:00:00,27,24,3,FMN 26 Stadspark
672,Rubenslei 36,2023-07-06,06:00:00,46,42,4,FMN 26 Stadspark
672,Rubenslei 36,2023-07-06,07:00:00,156,150,6,FMN 26 Stadspark
672,Rubenslei 36,2023-07-06,08:00:00,394,378,16,FMN 26 Stadspark
672,Rubenslei 36,2023-07-06,09:00:00,177,168,9,FMN 26 Stadspark
672,Rubenslei 36,2023-07-06,10:00:00,124,114,10,FMN 26 Stadspark
672,Rubenslei 36,2023-07-06,11:00:00,120,107,13,FMN 26 Stadspark
672,Rubenslei 36,2023-07-06,12:00:00,156,143,13,FMN 26 Stadspark
672,Rubenslei 36,2023-07-06,13:00:00,141,130,11,FMN 26 Stadspark
672,Rubenslei 36,2023-07-06,14:00:00,118,110,8,FMN 26 Stadspark
672,Rubenslei 36,2023-07-06,15:00:00,213,194,19,FMN 26 Stadspark
672,Rubenslei 36,2023-07-06,16:00:00,245,221,24,FMN 26 Stadspark
672,Rubenslei 36,2023-07-06,17:00:00,235,212,23,FMN 26 Stadspark
672,Rubenslei 36,2023-07-06,18:00:00,194,161,33,FMN 26 Stadspark
672,Rubenslei 36,2023-07-06,19:00:00,143,121,22,FMN 26 Stadspark
672,Rubenslei 36,2023-07-06,20:00:00,93,79,14,FMN 26 Stadspark
672,Rubenslei 36,2023-07-06,21:00:00,80,65,15,FMN 26 Stadspark
672,Rubenslei 36,2023-07-06,22:00:00,74,61,13,FMN 26 Stadspark
672,Rubenslei 36,2023-07-06,23:00:00,43,35,8,FMN 26 Stadspark
672,Rubenslei 36,2023-07-07,00:00:00,24,17,7,FMN 26 Stadspark
672,Rubenslei 36,2023-07-07,01:00:00,17,13,4,FMN 26 Stadspark
672,Rubenslei 36,2023-07-07,02:00:00,5,5,0,FMN 26 Stadspark
672,Rubenslei 36,2023-07-07,03:00:00,5,5,0,FMN 26 Stadspark
672,Rubenslei 36,2023-07-07,04:00:00,13,10,3,FMN 26 Stadspark
672,Rubenslei 36,2023-07-07,05:00:00,21,21,0,FMN 26 Stadspark
672,Rubenslei 36,2023-07-07,06:00:00,33,27,6,FMN 26 Stadspark
672,Rubenslei 36,2023-07-07,07:00:00,111,103,8,FMN 26 Stadspark
672,Rubenslei 36,2023-07-07,08:00:00,284,272,12,FMN 26 Stadspark
672,Rubenslei 36,2023-07-07,09:00:00,143,133,10,FMN 26 Stadspark
672,Rubenslei 36,2023-07-07,10:00:00,109,105,4,FMN 26 Stadspark
672,Rubenslei 36,2023-07-07,11:00:00,98,87,11,FMN 26 Stadspark
672,Rubenslei 36,2023-07-07,12:00:00,140,126,14,FMN 26 Stadspark
672,Rubenslei 36,2023-07-07,13:00:00,138,123,15,FMN 26 Stadspark
672,Rubenslei 36,2023-07-07,14:00:00,133,116,17,FMN 26 Stadspark
672,Rubenslei 36,2023-07-07,15:00:00,185,165,20,FMN 26 Stadspark
672,Rubenslei 36,2023-07-07,16:00:00,195,172,23,FMN 26 Stadspark
672,Rubenslei 36,2023-07-07,17:00:00,199,171,28,FMN 26 Stadspark
672,Rubenslei 36,2023-07-07,18:00:00,158,135,23,FMN 26 Stadspark
672,Rubenslei 36,2023-07-07,19:00:00,134,113,21,FMN 26 Stadspark
672,Rubenslei 36,2023-07-07,20:00:00,90,78,12,FMN 26 Stadspark
672,Rubenslei 36,2023-07-07,21:00:00,74,61,13,FMN 26 Stadspark
672,Rubenslei 36,2023-07-07,22:00:00,54,47,7,FMN 26 Stadspark
672,Rubenslei 36,2023-07-07,23:00:00,49,34,15,FMN 26 Stadspark
672,Rubenslei 36,2023-07-08,00:00:00,46,34,12,FMN 26 Stadspark
672,Rubenslei 36,2023-07-08,01:00:00,33,29,4,FMN 26 Stadspark
672,Rubenslei 36,2023-07-08,02:00:00,23,16,7,FMN 26 Stadspark
672,Rubenslei 36,2023-07-08,03:00:00,14,8,6,FMN 26 Stadspark
672,Rubenslei 36,2023-07-08,04:00:00,18,9,9,FMN 26 Stadspark
672,Rubenslei 36,2023-07-08,05:00:00,14,10,4,FMN 26 Stadspark
672,Rubenslei 36,2023-07-08,06:00:00,12,8,4,FMN 26 Stadspark
672,Rubenslei 36,2023-07-08,07:00:00,25,22,3,FMN 26 Stadspark
672,Rubenslei 36,2023-07-08,08:00:00,37,36,1,FMN 26 Stadspark
672,Rubenslei 36,2023-07-08,09:00:00,97,86,11,FMN 26 Stadspark
672,Rubenslei 36,2023-07-08,10:00:00,95,85,10,FMN 26 Stadspark
672,Rubenslei 36,2023-07-08,11:00:00,124,103,21,FMN 26 Stadspark
672,Rubenslei 36,2023-07-08,12:00:00,128,111,17,FMN 26 Stadspark
672,Rubenslei 36,2023-07-08,13:00:00,148,131,17,FMN 26 Stadspark
672,Rubenslei 36,2023-07-08,14:00:00,146,132,14,FMN 26 Stadspark
672,Rubenslei 36,2023-07-08,15:00:00,134,107,27,FMN 26 Stadspark
672,Rubenslei 36,2023-07-08,16:00:00,108,89,19,FMN 26 Stadspark
672,Rubenslei 36,2023-07-08,17:00:00,113,91,22,FMN 26 Stadspark
672,Rubenslei 36,2023-07-08,18:00:00,105,87,18,FMN 26 Stadspark
672,Rubenslei 36,2023-07-08,19:00:00,111,91,20,FMN 26 Stadspark
672,Rubenslei 36,2023-07-08,20:00:00,85,67,18,FMN 26 Stadspark
672,Rubenslei 36,2023-07-08,21:00:00,62,46,16,FMN 26 Stadspark
672,Rubenslei 36,2023-07-08,22:00:00,49,36,13,FMN 26 Stadspark
672,Rubenslei 36,2023-07-08,23:00:00,53,40,13,FMN 26 Stadspark
672,Rubenslei 36,2023-07-09,00:00:00,44,35,9,FMN 26 Stadspark
672,Rubenslei 36,2023-07-09,01:00:00,31,22,9,FMN 26 Stadspark
672,Rubenslei 36,2023-07-09,02:00:00,17,12,5,FMN 26 Stadspark
672,Rubenslei 36,2023-07-09,03:00:00,23,10,13,FMN 26 Stadspark
672,Rubenslei 36,2023-07-09,04:00:00,16,13,3,FMN 26 Stadspark
672,Rubenslei 36,2023-07-09,05:00:00,15,10,5,FMN 26 Stadspark
672,Rubenslei 36,2023-07-09,06:00:00,12,9,3,FMN 26 Stadspark
672,Rubenslei 36,2023-07-09,07:00:00,17,13,4,FMN 26 Stadspark
672,Rubenslei 36,2023-07-09,08:00:00,30,28,2,FMN 26 Stadspark
672,Rubenslei 36,2023-07-09,09:00:00,57,50,7,FMN 26 Stadspark
672,Rubenslei 36,2023-07-09,10:00:00,83,68,15,FMN 26 Stadspark
672,Rubenslei 36,2023-07-09,11:00:00,96,83,13,FMN 26 Stadspark
672,Rubenslei 36,2023-07-09,12:00:00,109,90,19,FMN 26 Stadspark
672,Rubenslei 36,2023-07-09,13:00:00,112,91,21,FMN 26 Stadspark
672,Rubenslei 36,2023-07-09,14:00:00,102,88,14,FMN 26 Stadspark
672,Rubenslei 36,2023-07-09,15:00:00,100,84,16,FMN 26 Stadspark
672,Rubenslei 36,2023-07-09,16:00:00,98,78,20,FMN 26 Stadspark
672,Rubenslei 36,2023-07-09,17:00:00,91,74,17,FMN 26 Stadspark
672,Rubenslei 36,2023-07-09,18:00:00,94,72,22,FMN 26 Stadspark
672,Rubenslei 36,2023-07-09,19:00:00,89,71,18,FMN 26 Stadspark
672,Rubenslei 36,2023-07-09,20:00:00,64,50,14,FMN 26 Stadspark
672,Rubenslei 36,2023-07-09,21:00:00,57,44,13,FMN 26 Stadspark
672,Rubenslei 36,2023-07-09,22:00:00,46,36,10,FMN 26 Stadspark
672,Rubenslei 36,2023-07-09,23:00:00,28,24,4,FMN 26 Stadspark
672,Rubenslei 36,2023-07-10,00:00:00,16,11,5,FMN 26 Stadspark
672,Rubenslei 36,2023-07-10,01:00:00,13,9,4,FMN 26 Stadspark
672,Rubenslei 36,2023-07-10,02:00:00,5,4,1,FMN 26 Stadspark
672,Rubenslei 36,2023-07-10,03:00:00,1,0,1,FMN 26 Stadspark
672,Rubenslei 36,2023-07-10,04:00:00,10,6,4,FMN 26 Stadspark
672,Rubenslei 36,2023-07-10,05:00:00,21,19,2,FMN 26 Stadspark
672,Rubenslei 36,2023-07-10,06:00:00,43,39,4,FMN 26 Stadspark
672,Rubenslei 36,2023-07-10,07:00:00,118,111,7,FMN 26 Stadspark
672,Rubenslei 36,2023-07-10,08:00:00,315,291,24,FMN 26 Stadspark
672,Rubenslei 36,2023-07-10,09:00:00,144,132,12,FMN 26 Stadspark
672,Rubenslei 36,2023-07-10,10:00:00,97,82,15,FMN 26 Stadspark
672,Rubenslei 36,2023-07-10,11:00:00,90,79,11,FMN 26 Stadspark
672,Rubenslei 36,2023-07-10,12:00:00,121,108,13,FMN 26 Stadspark
672,Rubenslei 36,2023-07-10,13:00:00,119,105,14,FMN 26 Stadspark
672,Rubenslei 36,2023-07-10,14:00:00,116,104,12,FMN 26 Stadspark
672,Rubenslei 36,2023-07-10,15:00:00,183,164,19,FMN 26 Stadspark
672,Rubenslei 36,2023-07-10,16:00:00,199,180,19,FMN 26 Stadspark
672,Rubenslei 36,2023-07-10,17:00:00,214,189,25,FMN 26 Stadspark
672,Rubenslei 36,2023-07-10,18:00:00,156,134,22,FMN 26 Stadspark
672,Rubenslei 36,2023-07-10,19:00:00,100,80,20,FMN 26 Stadspark
672,Rubenslei 36,2023-07-10,20:00:00,63,53,10,FMN 26 Stadspark
672,Rubenslei 36,2023-07-10,21:00:00,50,42,8,FMN 26 Stadspark
672,Rubenslei 36,2023-07-10,22:00:00,49,44,5,FMN 26 Stadspark
672,Rubenslei 36,2023-07-10,23:00:00,21,17,4,FMN 26 Stadspark
672,Rubenslei 36,2023-07-11,00:00:00,16,10,6,FMN 26 Stadspark
672,Rubenslei 36,2023-07-11,01:00:00,3,3,0,FMN 26 Stadspark
672,Rubenslei 36,2023-07-11,02:00:00,2,2,0,FMN 26 Stadspark
672,Rubenslei 36,2023-07-11,03:00:00,1,1,0,FMN 26 Stadspark
672,Rubenslei 36,2023-07-11,04:00:00,10,9,1,FMN 26 Stadspark
672,Rubenslei 36,2023-07-11,05:00:00,23,21,2,FMN 26 Stadspark
672,Rubenslei 36,2023-07-11,06:00:00,39,34,5,FMN 26 Stadspark
672,Rubenslei 36,2023-07-11,07:00:00,152,147,5,FMN 26 Stadspark
672,Rubenslei 36,2023-07-11,08:00:00,387,372,15,FMN 26 Stadspark
672,Rubenslei 36,2023-07-11,09:00:00,150,145,5,FMN 26 Stadspark
672,Rubenslei 36,2023-07-11,10:00:00,103,98,5,FMN 26 Stadspark
672,Rubenslei 36,2023-07-11,11:00:00,110,100,10,FMN 26 Stadspark
672,Rubenslei 36,2023-07-11,12:00:00,143,131,12,FMN 26 Stadspark
672,Rubenslei 36,2023-07-11,13:00:00,148,132,16,FMN 26 Stadspark
672,Rubenslei 36,2023-07-11,14:00:00,121,110,11,FMN 26 Stadspark
672,Rubenslei 36,2023-07-11,15:00:00,203,179,24,FMN 26 Stadspark
672,Rubenslei 36,2023-07-11,16:00:00,224,201,23,FMN 26 Stadspark
672,Rubenslei 36,2023-07-11,17:00:00,256,226,30,FMN 26 Stadspark
672,Rubenslei 36,2023-07-11,18:00:00,184,165,19,FMN 26 Stadspark
672,Rubenslei 36,2023-07-11,19:00:00,129,109,20,FMN 26 Stadspark
672,Rubenslei 36,2023-07-11,20:00:00,90,75,15,FMN 26 Stadspark
672,Rubenslei 36,2023-07-11,21:00:00,73,65,8,FMN 26 Stadspark
672,Rubenslei 36,2023-07-11,22:00:00,52,44,8,FMN 26 Stadspark
672,Rubenslei 36,2023-07-11,23:00:00,37,29,8,FMN 26 Stadspark
672,Rubenslei 36,2023-07-12,00:00:00,21,16,5,FMN 26 Stadspark
672,Rubenslei 36,2023-07-12,01:00:00,11,8,3,FMN 26 Stadspark
672,Rubenslei 36,2023-07-12,02:00:00,2,2,0,FMN 26 Stadspark
672,Rubenslei 36,2023-07-12,03:00:00,3,2,1,FMN 26 Stadspark
672,Rubenslei 36,2023-07-12,04:00:00,8,8,0,FMN 26 Stadspark
672,Rubenslei 36,2023-07-12,05:00:00,27,23,4,FMN 26 Stadspark
672,Rubenslei 36,2023-07-12,06:00:00,45,42,3,FMN 26 Stadspark
672,Rubenslei 36,2023-07-12,07:00:00,135,129,6,FMN 26 Stadspark
672,Rubenslei 36,2023-07-12,08:00:00,361,348,13,FMN 26 Stadspark
672,Rubenslei 36,2023-07-12,09:00:00,166,160,6,FMN 26 Stadspark
672,Rubenslei 36,2023-07-12,10:00:00,113,105,8,FMN 26 Stadspark
672,Rubenslei 36,2023-07-12,11:00:00,117,102,15,FMN 26 Stadspark
672,Rubenslei 36,2023-07-12,12:00:00,218,193,25,FMN 26 Stadspark
672,Rubenslei 36,2023-07-12,13:00:00,164,148,16,FMN 26 Stadspark
672,Rubenslei 36,2023-07-12,14:00:00,135,121,14,FMN 26 Stadspark
672,Rubenslei 36,2023-07-12,15:00:00,160,146,14,FMN 26 Stadspark
672,Rubenslei 36,2023-07-12,16:00:00,192,173,19,FMN 26 Stadspark
672,Rubenslei 36,2023-07-12,17:00:00,209,186,23,FMN 26 Stadspark
672,Rubenslei 36,2023-07-12,18:00:00,179,150,29,FMN 26 Stadspark
672,Rubenslei 36,2023-07-12,19:00:00,124,108,16,FMN 26 Stadspark
672,Rubenslei 36,2023-07-12,20:00:00,80,70,10,FMN 26 Stadspark
672,Rubenslei 36,2023-07-12,21:00:00,68,56,12,FMN 26 Stadspark
672,Rubenslei 36,2023-07-12,22:00:00,57,47,10,FMN 26 Stadspark
672,Rubenslei 36,2023-07-12,23:00:00,27,23,4,FMN 26 Stadspark
672,Rubenslei 36,2023-07-13,00:00:00,0,0,0,FMN 26 Stadspark
672,Rubenslei 36,2023-07-13,01:00:00,10,5,5,FMN 26 Stadspark
672,Rubenslei 36,2023-07-13,02:00:00,3,1,2,FMN 26 Stadspark
672,Rubenslei 36,2023-07-13,03:00:00,1,1,0,FMN 26 Stadspark
672,Rubenslei 36,2023-07-13,04:00:00,13,10,3,FMN 26 Stadspark
672,Rubenslei 36,2023-07-13,05:00:00,25,25,0,FMN 26 Stadspark
672,Rubenslei 36,2023-07-13,06:00:00,39,36,3,FMN 26 Stadspark
672,Rubenslei 36,2023-07-13,07:00:00,137,131,6,FMN 26 Stadspark
672,Rubenslei 36,2023-07-13,08:00:00,351,333,18,FMN 26 Stadspark
672,Rubenslei 36,2023-07-13,09:00:00,156,152,4,FMN 26 Stadspark
672,Rubenslei 36,2023-07-13,10:00:00,117,108,9,FMN 26 Stadspark
672,Rubenslei 36,2023-07-13,11:00:00,106,89,17,FMN 26 Stadspark
672,Rubenslei 36,2023-07-13,12:00:00,155,137,18,FMN 26 Stadspark
672,Rubenslei 36,2023-07-13,13:00:00,140,127,13,FMN 26 Stadspark
672,Rubenslei 36,2023-07-13,14:00:00,120,107,13,FMN 26 Stadspark
672,Rubenslei 36,2023-07-13,15:00:00,182,162,20,FMN 26 Stadspark
672,Rubenslei 36,2023-07-13,16:00:00,217,199,18,FMN 26 Stadspark
672,Rubenslei 36,2023-07-13,17:00:00,215,202,13,FMN 26 Stadspark
672,Rubenslei 36,2023-07-13,18:00:00,168,148,20,FMN 26 Stadspark
672,Rubenslei 36,2023-07-13,19:00:00,131,113,18,FMN 26 Stadspark
672,Rubenslei 36,2023-07-13,20:00:00,79,69,10,FMN 26 Stadspark
672,Rubenslei 36,2023-07-13,21:00:00,76,59,17,FMN 26 Stadspark
672,Rubenslei 36,2023-07-13,22:00:00,57,51,6,FMN 26 Stadspark
672,Rubenslei 36,2023-07-13,23:00:00,35,28,7,FMN 26 Stadspark
672,Rubenslei 36,2023-07-14,00:00:00,0,0,0,FMN 26 Stadspark
672,Rubenslei 36,2023-07-14,01:00:00,5,5,0,FMN 26 Stadspark
672,Rubenslei 36,2023-07-14,02:00:00,6,6,0,FMN 26 Stadspark
672,Rubenslei 36,2023-07-14,03:00:00,7,7,0,FMN 26 Stadspark
672,Rubenslei 36,2023-07-14,04:00:00,11,11,0,FMN 26 Stadspark
672,Rubenslei 36,2023-07-14,05:00:00,26,26,0,FMN 26 Stadspark
672,Rubenslei 36,2023-07-14,06:00:00,28,28,0,FMN 26 Stadspark
672,Rubenslei 36,2023-07-14,07:00:00,98,98,0,FMN 26 Stadspark
672,Rubenslei 36,2023-07-14,08:00:00,264,264,0,FMN 26 Stadspark
672,Rubenslei 36,2023-07-14,09:00:00,129,129,0,FMN 26 Stadspark
672,Rubenslei 36,2023-07-14,10:00:00,104,104,0,FMN 26 Stadspark
672,Rubenslei 36,2023-07-14,11:00:00,89,89,0,FMN 26 Stadspark
672,Rubenslei 36,2023-07-14,12:00:00,120,120,0,FMN 26 Stadspark
672,Rubenslei 36,2023-07-14,13:00:00,117,117,0,FMN 26 Stadspark
672,Rubenslei 36,2023-07-14,14:00:00,114,114,0,FMN 26 Stadspark
672,Rubenslei 36,2023-07-14,15:00:00,158,158,0,FMN 26 Stadspark
672,Rubenslei 36,2023-07-14,16:00:00,174,174,0,FMN 26 Stadspark
672,Rubenslei 36,2023-07-14,17:00:00,171,171,0,FMN 26 Stadspark
672,Rubenslei 36,2023-07-14,18:00:00,175,140,35,FMN 26 Stadspark
672,Rubenslei 36,2023-07-14,19:00:00,151,107,44,FMN 26 Stadspark
672,Rubenslei 36,2023-07-14,20:00:00,79,66,13,FMN 26 Stadspark
672,Rubenslei 36,2023-07-14,21:00:00,66,55,11,FMN 26 Stadspark
672,Rubenslei 36,2023-07-14,22:00:00,61,52,9,FMN 26 Stadspark
672,Rubenslei 36,2023-07-14,23:00:00,35,32,3,FMN 26 Stadspark
672,Rubenslei 36,2023-07-15,00:00:00,44,36,8,FMN 26 Stadspark
672,Rubenslei 36,2023-07-15,01:00:00,27,24,3,FMN 26 Stadspark
672,Rubenslei 36,2023-07-15,02:00:00,20,15,5,FMN 26 Stadspark
672,Rubenslei 36,2023-07-15,03:00:00,16,15,1,FMN 26 Stadspark
672,Rubenslei 36,2023-07-15,04:00:00,14,12,2,FMN 26 Stadspark
672,Rubenslei 36,2023-07-15,05:00:00,10,8,2,FMN 26 Stadspark
672,Rubenslei 36,2023-07-15,06:00:00,7,5,2,FMN 26 Stadspark
672,Rubenslei 36,2023-07-15,07:00:00,19,18,1,FMN 26 Stadspark
672,Rubenslei 36,2023-07-15,08:00:00,54,52,2,FMN 26 Stadspark
672,Rubenslei 36,2023-07-15,09:00:00,87,84,3,FMN 26 Stadspark
672,Rubenslei 36,2023-07-15,10:00:00,79,76,3,FMN 26 Stadspark
672,Rubenslei 36,2023-07-15,11:00:00,104,100,4,FMN 26 Stadspark
672,Rubenslei 36,2023-07-15,12:00:00,120,105,15,FMN 26 Stadspark
672,Rubenslei 36,2023-07-15,13:00:00,119,107,12,FMN 26 Stadspark
672,Rubenslei 36,2023-07-15,14:00:00,131,122,9,FMN 26 Stadspark
672,Rubenslei 36,2023-07-15,15:00:00,109,96,13,FMN 26 Stadspark
672,Rubenslei 36,2023-07-15,16:00:00,102,93,9,FMN 26 Stadspark
672,Rubenslei 36,2023-07-15,17:00:00,104,86,18,FMN 26 Stadspark
672,Rubenslei 36,2023-07-15,18:00:00,97,88,9,FMN 26 Stadspark
672,Rubenslei 36,2023-07-15,19:00:00,101,84,17,FMN 26 Stadspark
672,Rubenslei 36,2023-07-15,20:00:00,72,66,6,FMN 26 Stadspark
672,Rubenslei 36,2023-07-15,21:00:00,63,56,7,FMN 26 Stadspark
672,Rubenslei 36,2023-07-15,22:00:00,51,39,12,FMN 26 Stadspark
672,Rubenslei 36,2023-07-15,23:00:00,50,39,11,FMN 26 Stadspark
672,Rubenslei 36,2023-07-16,00:00:00,42,37,5,FMN 26 Stadspark
672,Rubenslei 36,2023-07-16,01:00:00,27,25,2,FMN 26 Stadspark
672,Rubenslei 36,2023-07-16,02:00:00,19,13,6,FMN 26 Stadspark
672,Rubenslei 36,2023-07-16,03:00:00,14,11,3,FMN 26 Stadspark
672,Rubenslei 36,2023-07-16,04:00:00,8,6,2,FMN 26 Stadspark
672,Rubenslei 36,2023-07-16,05:00:00,14,10,4,FMN 26 Stadspark
672,Rubenslei 36,2023-07-16,06:00:00,18,16,2,FMN 26 Stadspark
672,Rubenslei 36,2023-07-16,07:00:00,19,14,5,FMN 26 Stadspark
672,Rubenslei 36,2023-07-16,08:00:00,22,22,0,FMN 26 Stadspark
672,Rubenslei 36,2023-07-16,09:00:00,43,39,4,FMN 26 Stadspark
672,Rubenslei 36,2023-07-16,10:00:00,75,72,3,FMN 26 Stadspark
672,Rubenslei 36,2023-07-16,11:00:00,98,90,8,FMN 26 Stadspark
672,Rubenslei 36,2023-07-16,12:00:00,90,87,3,FMN 26 Stadspark
672,Rubenslei 36,2023-07-16,13:00:00,103,96,7,FMN 26 Stadspark
672,Rubenslei 36,2023-07-16,14:00:00,92,82,10,FMN 26 Stadspark
672,Rubenslei 36,2023-07-16,15:00:00,89,78,11,FMN 26 Stadspark
672,Rubenslei 36,2023-07-16,16:00:00,92,81,11,FMN 26 Stadspark
672,Rubenslei 36,2023-07-16,17:00:00,85,73,12,FMN 26 Stadspark
672,Rubenslei 36,2023-07-16,18:00:00,76,66,10,FMN 26 Stadspark
672,Rubenslei 36,2023-07-16,19:00:00,75,62,13,FMN 26 Stadspark
672,Rubenslei 36,2023-07-16,20:00:00,60,51,9,FMN 26 Stadspark
672,Rubenslei 36,2023-07-16,21:00:00,59,45,14,FMN 26 Stadspark
672,Rubenslei 36,2023-07-16,22:00:00,45,35,10,FMN 26 Stadspark
672,Rubenslei 36,2023-07-16,23:00:00,22,20,2,FMN 26 Stadspark
672,Rubenslei 36,2023-07-17,00:00:00,11,11,0,FMN 26 Stadspark
672,Rubenslei 36,2023-07-17,01:00:00,8,8,0,FMN 26 Stadspark
672,Rubenslei 36,2023-07-17,02:00:00,1,1,0,FMN 26 Stadspark
672,Rubenslei 36,2023-07-17,03:00:00,3,3,0,FMN 26 Stadspark
672,Rubenslei 36,2023-07-17,04:00:00,13,13,0,FMN 26 Stadspark
672,Rubenslei 36,2023-07-17,05:00:00,26,23,3,FMN 26 Stadspark
672,Rubenslei 36,2023-07-17,06:00:00,45,43,2,FMN 26 Stadspark
672,Rubenslei 36,2023-07-17,07:00:00,88,85,3,FMN 26 Stadspark
672,Rubenslei 36,2023-07-17,08:00:00,173,172,1,FMN 26 Stadspark
672,Rubenslei 36,2023-07-17,09:00:00,129,123,6,FMN 26 Stadspark
672,Rubenslei 36,2023-07-17,10:00:00,103,96,7,FMN 26 Stadspark
672,Rubenslei 36,2023-07-17,11:00:00,100,85,15,FMN 26 Stadspark
672,Rubenslei 36,2023-07-17,12:00:00,104,92,12,FMN 26 Stadspark
672,Rubenslei 36,2023-07-17,13:00:00,92,85,7,FMN 26 Stadspark
672,Rubenslei 36,2023-07-17,14:00:00,101,90,11,FMN 26 Stadspark
672,Rubenslei 36,2023-07-17,15:00:00,116,103,13,FMN 26 Stadspark
672,Rubenslei 36,2023-07-17,16:00:00,139,128,11,FMN 26 Stadspark
672,Rubenslei 36,2023-07-17,17:00:00,183,170,13,FMN 26 Stadspark
672,Rubenslei 36,2023-07-17,18:00:00,109,97,12,FMN 26 Stadspark
672,Rubenslei 36,2023-07-17,19:00:00,87,74,13,FMN 26 Stadspark
672,Rubenslei 36,2023-07-17,20:00:00,65,56,9,FMN 26 Stadspark
672,Rubenslei 36,2023-07-17,21:00:00,58,51,7,FMN 26 Stadspark
672,Rubenslei 36,2023-07-17,22:00:00,47,40,7,FMN 26 Stadspark
672,Rubenslei 36,2023-07-17,23:00:00,17,11,6,FMN 26 Stadspark
672,Rubenslei 36,2023-07-18,00:00:00,17,15,2,FMN 26 Stadspark
672,Rubenslei 36,2023-07-18,01:00:00,5,2,3,FMN 26 Stadspark
672,Rubenslei 36,2023-07-18,02:00:00,4,3,1,FMN 26 Stadspark
672,Rubenslei 36,2023-07-18,03:00:00,4,4,0,FMN 26 Stadspark
672,Rubenslei 36,2023-07-18,04:00:00,6,6,0,FMN 26 Stadspark
672,Rubenslei 36,2023-07-18,05:00:00,22,21,1,FMN 26 Stadspark
672,Rubenslei 36,2023-07-18,06:00:00,41,40,1,FMN 26 Stadspark
672,Rubenslei 36,2023-07-18,07:00:00,96,96,0,FMN 26 Stadspark
672,Rubenslei 36,2023-07-18,08:00:00,200,193,7,FMN 26 Stadspark
672,Rubenslei 36,2023-07-18,09:00:00,118,111,7,FMN 26 Stadspark
672,Rubenslei 36,2023-07-18,10:00:00,95,87,8,FMN 26 Stadspark
672,Rubenslei 36,2023-07-18,11:00:00,130,123,7,FMN 26 Stadspark
672,Rubenslei 36,2023-07-18,12:00:00,114,101,13,FMN 26 Stadspark
672,Rubenslei 36,2023-07-18,13:00:00,104,96,8,FMN 26 Stadspark
672,Rubenslei 36,2023-07-18,14:00:00,100,92,8,FMN 26 Stadspark
672,Rubenslei 36,2023-07-18,15:00:00,109,102,7,FMN 26 Stadspark
672,Rubenslei 36,2023-07-18,16:00:00,138,132,6,FMN 26 Stadspark
672,Rubenslei 36,2023-07-18,17:00:00,190,167,23,FMN 26 Stadspark
672,Rubenslei 36,2023-07-18,18:00:00,130,108,22,FMN 26 Stadspark
672,Rubenslei 36,2023-07-18,19:00:00,107,96,11,FMN 26 Stadspark
672,Rubenslei 36,2023-07-18,20:00:00,90,76,14,FMN 26 Stadspark
672,Rubenslei 36,2023-07-18,21:00:00,57,48,9,FMN 26 Stadspark
672,Rubenslei 36,2023-07-18,22:00:00,66,62,4,FMN 26 Stadspark
672,Rubenslei 36,2023-07-18,23:00:00,35,27,8,FMN 26 Stadspark
672,Rubenslei 36,2023-07-19,00:00:00,21,17,4,FMN 26 Stadspark
672,Rubenslei 36,2023-07-19,01:00:00,3,3,0,FMN 26 Stadspark
672,Rubenslei 36,2023-07-19,02:00:00,5,5,0,FMN 26 Stadspark
672,Rubenslei 36,2023-07-19,03:00:00,5,5,0,FMN 26 Stadspark
672,Rubenslei 36,2023-07-19,04:00:00,9,8,1,FMN 26 Stadspark
672,Rubenslei 36,2023-07-19,05:00:00,18,18,0,FMN 26 Stadspark
672,Rubenslei 36,2023-07-19,06:00:00,36,34,2,FMN 26 Stadspark
672,Rubenslei 36,2023-07-19,07:00:00,92,90,2,FMN 26 Stadspark
672,Rubenslei 36,2023-07-19,08:00:00,171,161,10,FMN 26 Stadspark
672,Rubenslei 36,2023-07-19,09:00:00,123,120,3,FMN 26 Stadspark
672,Rubenslei 36,2023-07-19,10:00:00,82,79,3,FMN 26 Stadspark
672,Rubenslei 36,2023-07-19,11:00:00,94,90,4,FMN 26 Stadspark
672,Rubenslei 36,2023-07-19,12:00:00,102,95,7,FMN 26 Stadspark
672,Rubenslei 36,2023-07-19,13:00:00,99,94,5,FMN 26 Stadspark
672,Rubenslei 36,2023-07-19,14:00:00,110,100,10,FMN 26 Stadspark
672,Rubenslei 36,2023-07-19,15:00:00,130,117,13,FMN 26 Stadspark
672,Rubenslei 36,2023-07-19,16:00:00,133,127,6,FMN 26 Stadspark
672,Rubenslei 36,2023-07-19,17:00:00,153,139,14,FMN 26 Stadspark
672,Rubenslei 36,2023-07-19,18:00:00,114,100,14,FMN 26 Stadspark
672,Rubenslei 36,2023-07-19,19:00:00,110,100,10,FMN 26 Stadspark
672,Rubenslei 36,2023-07-19,20:00:00,80,62,18,FMN 26 Stadspark
672,Rubenslei 36,2023-07-19,21:00:00,50,41,9,FMN 26 Stadspark
672,Rubenslei 36,2023-07-19,22:00:00,61,50,11,FMN 26 Stadspark
672,Rubenslei 36,2023-07-19,23:00:00,21,20,1,FMN 26 Stadspark
672,Rubenslei 36,2023-07-20,00:00:00,14,13,1,FMN 26 Stadspark
672,Rubenslei 36,2023-07-20,01:00:00,18,16,2,FMN 26 Stadspark
672,Rubenslei 36,2023-07-20,02:00:00,6,4,2,FMN 26 Stadspark
672,Rubenslei 36,2023-07-20,03:00:00,6,4,2,FMN 26 Stadspark
672,Rubenslei 36,2023-07-20,04:00:00,13,12,1,FMN 26 Stadspark
672,Rubenslei 36,2023-07-20,05:00:00,25,21,4,FMN 26 Stadspark
672,Rubenslei 36,2023-07-20,06:00:00,39,38,1,FMN 26 Stadspark
672,Rubenslei 36,2023-07-20,07:00:00,83,82,1,FMN 26 Stadspark
672,Rubenslei 36,2023-07-20,08:00:00,178,172,6,FMN 26 Stadspark
672,Rubenslei 36,2023-07-20,09:00:00,121,117,4,FMN 26 Stadspark
672,Rubenslei 36,2023-07-20,10:00:00,87,84,3,FMN 26 Stadspark
672,Rubenslei 36,2023-07-20,11:00:00,109,99,10,FMN 26 Stadspark
672,Rubenslei 36,2023-07-20,12:00:00,113,105,8,FMN 26 Stadspark
672,Rubenslei 36,2023-07-20,13:00:00,106,91,15,FMN 26 Stadspark
672,Rubenslei 36,2023-07-20,14:00:00,93,85,8,FMN 26 Stadspark
672,Rubenslei 36,2023-07-20,15:00:00,128,118,10,FMN 26 Stadspark
672,Rubenslei 36,2023-07-20,16:00:00,177,163,14,FMN 26 Stadspark
672,Rubenslei 36,2023-07-20,17:00:00,144,130,14,FMN 26 Stadspark
672,Rubenslei 36,2023-07-20,18:00:00,138,118,20,FMN 26 Stadspark
672,Rubenslei 36,2023-07-20,19:00:00,129,116,13,FMN 26 Stadspark
672,Rubenslei 36,2023-07-20,20:00:00,91,81,10,FMN 26 Stadspark
672,Rubenslei 36,2023-07-20,21:00:00,72,54,18,FMN 26 Stadspark
672,Rubenslei 36,2023-07-20,22:00:00,49,42,7,FMN 26 Stadspark
672,Rubenslei 36,2023-07-20,23:00:00,46,38,8,FMN 26 Stadspark
672,Rubenslei 36,2023-07-21,00:00:00,30,26,4,FMN 26 Stadspark
672,Rubenslei 36,2023-07-21,01:00:00,27,17,10,FMN 26 Stadspark
672,Rubenslei 36,2023-07-21,02:00:00,37,20,17,FMN 26 Stadspark
672,Rubenslei 36,2023-07-21,03:00:00,20,10,10,FMN 26 Stadspark
672,Rubenslei 36,2023-07-21,04:00:00,19,13,6,FMN 26 Stadspark
672,Rubenslei 36,2023-07-21,05:00:00,18,16,2,FMN 26 Stadspark
672,Rubenslei 36,2023-07-21,06:00:00,22,18,4,FMN 26 Stadspark
672,Rubenslei 36,2023-07-21,07:00:00,29,27,2,FMN 26 Stadspark
672,Rubenslei 36,2023-07-21,08:00:00,28,20,8,FMN 26 Stadspark
672,Rubenslei 36,2023-07-21,09:00:00,58,53,5,FMN 26 Stadspark
672,Rubenslei 36,2023-07-21,10:00:00,90,79,11,FMN 26 Stadspark
672,Rubenslei 36,2023-07-21,11:00:00,75,68,7,FMN 26 Stadspark
672,Rubenslei 36,2023-07-21,12:00:00,56,47,9,FMN 26 Stadspark
672,Rubenslei 36,2023-07-21,13:00:00,66,59,7,FMN 26 Stadspark
672,Rubenslei 36,2023-07-21,14:00:00,85,77,8,FMN 26 Stadspark
672,Rubenslei 36,2023-07-21,15:00:00,104,93,11,FMN 26 Stadspark
672,Rubenslei 36,2023-07-21,16:00:00,89,76,13,FMN 26 Stadspark
672,Rubenslei 36,2023-07-21,17:00:00,88,75,13,FMN 26 Stadspark
672,Rubenslei 36,2023-07-21,18:00:00,87,78,9,FMN 26 Stadspark
672,Rubenslei 36,2023-07-21,19:00:00,86,78,8,FMN 26 Stadspark
672,Rubenslei 36,2023-07-21,20:00:00,49,42,7,FMN 26 Stadspark
672,Rubenslei 36,2023-07-21,21:00:00,55,42,13,FMN 26 Stadspark
672,Rubenslei 36,2023-07-21,22:00:00,41,31,10,FMN 26 Stadspark
672,Rubenslei 36,2023-07-21,23:00:00,44,39,5,FMN 26 Stadspark
672,Rubenslei 36,2023-07-22,00:00:00,36,29,7,FMN 26 Stadspark
672,Rubenslei 36,2023-07-22,01:00:00,39,28,11,FMN 26 Stadspark
672,Rubenslei 36,2023-07-22,02:00:00,29,14,15,FMN 26 Stadspark
672,Rubenslei 36,2023-07-22,03:00:00,21,11,10,FMN 26 Stadspark
672,Rubenslei 36,2023-07-22,04:00:00,9,7,2,FMN 26 Stadspark
672,Rubenslei 36,2023-07-22,05:00:00,12,10,2,FMN 26 Stadspark
672,Rubenslei 36,2023-07-22,06:00:00,17,12,5,FMN 26 Stadspark
672,Rubenslei 36,2023-07-22,07:00:00,22,19,3,FMN 26 Stadspark
672,Rubenslei 36,2023-07-22,08:00:00,41,38,3,FMN 26 Stadspark
672,Rubenslei 36,2023-07-22,09:00:00,74,67,7,FMN 26 Stadspark
672,Rubenslei 36,2023-07-22,10:00:00,82,74,8,FMN 26 Stadspark
672,Rubenslei 36,2023-07-22,11:00:00,92,82,10,FMN 26 Stadspark
672,Rubenslei 36,2023-07-22,12:00:00,87,78,9,FMN 26 Stadspark
672,Rubenslei 36,2023-07-22,13:00:00,107,91,16,FMN 26 Stadspark
672,Rubenslei 36,2023-07-22,14:00:00,117,108,9,FMN 26 Stadspark
672,Rubenslei 36,2023-07-22,15:00:00,97,83,14,FMN 26 Stadspark
672,Rubenslei 36,2023-07-22,16:00:00,102,91,11,FMN 26 Stadspark
672,Rubenslei 36,2023-07-22,17:00:00,70,63,7,FMN 26 Stadspark
672,Rubenslei 36,2023-07-22,18:00:00,87,76,11,FMN 26 Stadspark
672,Rubenslei 36,2023-07-22,19:00:00,69,55,14,FMN 26 Stadspark
672,Rubenslei 36,2023-07-22,20:00:00,66,56,10,FMN 26 Stadspark
672,Rubenslei 36,2023-07-22,21:00:00,57,45,12,FMN 26 Stadspark
672,Rubenslei 36,2023-07-22,22:00:00,38,35,3,FMN 26 Stadspark
672,Rubenslei 36,2023-07-22,23:00:00,36,30,6,FMN 26 Stadspark
672,Rubenslei 36,2023-07-23,00:00:00,50,38,12,FMN 26 Stadspark
672,Rubenslei 36,2023-07-23,01:00:00,18,15,3,FMN 26 Stadspark
672,Rubenslei 36,2023-07-23,02:00:00,20,17,3,FMN 26 Stadspark
672,Rubenslei 36,2023-07-23,03:00:00,13,12,1,FMN 26 Stadspark
672,Rubenslei 36,2023-07-23,04:00:00,13,8,5,FMN 26 Stadspark
672,Rubenslei 36,2023-07-23,05:00:00,16,13,3,FMN 26 Stadspark
672,Rubenslei 36,2023-07-23,06:00:00,12,11,1,FMN 26 Stadspark
672,Rubenslei 36,2023-07-23,07:00:00,13,12,1,FMN 26 Stadspark
672,Rubenslei 36,2023-07-23,08:00:00,25,24,1,FMN 26 Stadspark
672,Rubenslei 36,2023-07-23,09:00:00,36,30,6,FMN 26 Stadspark
672,Rubenslei 36,2023-07-23,10:00:00,46,41,5,FMN 26 Stadspark
672,Rubenslei 36,2023-07-23,11:00:00,61,49,12,FMN 26 Stadspark
672,Rubenslei 36,2023-07-23,12:00:00,57,50,7,FMN 26 Stadspark
672,Rubenslei 36,2023-07-23,13:00:00,61,45,16,FMN 26 Stadspark
672,Rubenslei 36,2023-07-23,14:00:00,80,72,8,FMN 26 Stadspark
672,Rubenslei 36,2023-07-23,15:00:00,75,66,9,FMN 26 Stadspark
672,Rubenslei 36,2023-07-23,16:00:00,73,62,11,FMN 26 Stadspark
672,Rubenslei 36,2023-07-23,17:00:00,60,55,5,FMN 26 Stadspark
672,Rubenslei 36,2023-07-23,18:00:00,77,68,9,FMN 26 Stadspark
672,Rubenslei 36,2023-07-23,19:00:00,45,36,9,FMN 26 Stadspark
672,Rubenslei 36,2023-07-23,20:00:00,43,36,7,FMN 26 Stadspark
672,Rubenslei 36,2023-07-23,21:00:00,44,33,11,FMN 26 Stadspark
672,Rubenslei 36,2023-07-23,22:00:00,37,26,11,FMN 26 Stadspark
672,Rubenslei 36,2023-07-23,23:00:00,17,13,4,FMN 26 Stadspark
672,Rubenslei 36,2023-07-24,00:00:00,7,7,0,FMN 26 Stadspark
672,Rubenslei 36,2023-07-24,01:00:00,3,3,0,FMN 26 Stadspark
672,Rubenslei 36,2023-07-24,02:00:00,7,5,2,FMN 26 Stadspark
672,Rubenslei 36,2023-07-24,03:00:00,5,5,0,FMN 26 Stadspark
672,Rubenslei 36,2023-07-24,04:00:00,6,6,0,FMN 26 Stadspark
672,Rubenslei 36,2023-07-24,05:00:00,14,13,1,FMN 26 Stadspark
672,Rubenslei 36,2023-07-24,06:00:00,24,23,1,FMN 26 Stadspark
672,Rubenslei 36,2023-07-24,07:00:00,77,75,2,FMN 26 Stadspark
672,Rubenslei 36,2023-07-24,08:00:00,141,138,3,FMN 26 Stadspark
672,Rubenslei 36,2023-07-24,09:00:00,86,81,5,FMN 26 Stadspark
672,Rubenslei 36,2023-07-24,10:00:00,67,64,3,FMN 26 Stadspark
672,Rubenslei 36,2023-07-24,11:00:00,77,69,8,FMN 26 Stadspark
672,Rubenslei 36,2023-07-24,12:00:00,82,71,11,FMN 26 Stadspark
672,Rubenslei 36,2023-07-24,13:00:00,79,77,2,FMN 26 Stadspark
672,Rubenslei 36,2023-07-24,14:00:00,93,82,11,FMN 26 Stadspark
672,Rubenslei 36,2023-07-24,15:00:00,95,84,11,FMN 26 Stadspark
672,Rubenslei 36,2023-07-24,16:00:00,109,100,9,FMN 26 Stadspark
672,Rubenslei 36,2023-07-24,17:00:00,114,103,11,FMN 26 Stadspark
672,Rubenslei 36,2023-07-24,18:00:00,103,89,14,FMN 26 Stadspark
672,Rubenslei 36,2023-07-24,19:00:00,84,73,11,FMN 26 Stadspark
672,Rubenslei 36,2023-07-24,20:00:00,55,50,5,FMN 26 Stadspark
672,Rubenslei 36,2023-07-24,21:00:00,54,44,10,FMN 26 Stadspark
672,Rubenslei 36,2023-07-24,22:00:00,40,30,10,FMN 26 Stadspark
672,Rubenslei 36,2023-07-24,23:00:00,22,19,3,FMN 26 Stadspark
672,Rubenslei 36,2023-07-25,00:00:00,17,15,2,FMN 26 Stadspark
672,Rubenslei 36,2023-07-25,01:00:00,5,4,1,FMN 26 Stadspark
672,Rubenslei 36,2023-07-25,02:00:00,2,2,0,FMN 26 Stadspark
672,Rubenslei 36,2023-07-25,03:00:00,4,2,2,FMN 26 Stadspark
672,Rubenslei 36,2023-07-25,04:00:00,11,9,2,FMN 26 Stadspark
672,Rubenslei 36,2023-07-25,05:00:00,20,20,0,FMN 26 Stadspark
672,Rubenslei 36,2023-07-25,06:00:00,35,32,3,FMN 26 Stadspark
672,Rubenslei 36,2023-07-25,07:00:00,87,86,1,FMN 26 Stadspark
672,Rubenslei 36,2023-07-25,08:00:00,140,137,3,FMN 26 Stadspark
672,Rubenslei 36,2023-07-25,09:00:00,102,98,4,FMN 26 Stadspark
672,Rubenslei 36,2023-07-25,10:00:00,79,77,2,FMN 26 Stadspark
672,Rubenslei 36,2023-07-25,11:00:00,83,77,6,FMN 26 Stadspark
672,Rubenslei 36,2023-07-25,12:00:00,100,85,15,FMN 26 Stadspark
672,Rubenslei 36,2023-07-25,13:00:00,110,99,11,FMN 26 Stadspark
672,Rubenslei 36,2023-07-25,14:00:00,105,94,11,FMN 26 Stadspark
672,Rubenslei 36,2023-07-25,15:00:00,128,108,20,FMN 26 Stadspark
672,Rubenslei 36,2023-07-25,16:00:00,177,161,16,FMN 26 Stadspark
672,Rubenslei 36,2023-07-25,17:00:00,173,155,18,FMN 26 Stadspark
672,Rubenslei 36,2023-07-25,18:00:00,132,119,13,FMN 26 Stadspark
672,Rubenslei 36,2023-07-25,19:00:00,93,83,10,FMN 26 Stadspark
672,Rubenslei 36,2023-07-25,20:00:00,73,60,13,FMN 26 Stadspark
672,Rubenslei 36,2023-07-25,21:00:00,50,40,10,FMN 26 Stadspark
672,Rubenslei 36,2023-07-25,22:00:00,42,38,4,FMN 26 Stadspark
672,Rubenslei 36,2023-07-25,23:00:00,25,19,6,FMN 26 Stadspark
672,Rubenslei 36,2023-07-26,00:00:00,14,11,3,FMN 26 Stadspark
672,Rubenslei 36,2023-07-26,01:00:00,11,9,2,FMN 26 Stadspark
672,Rubenslei 36,2023-07-26,02:00:00,0,0,0,FMN 26 Stadspark
672,Rubenslei 36,2023-07-26,03:00:00,10,7,3,FMN 26 Stadspark
672,Rubenslei 36,2023-07-26,04:00:00,6,5,1,FMN 26 Stadspark
672,Rubenslei 36,2023-07-26,05:00:00,32,30,2,FMN 26 Stadspark
672,Rubenslei 36,2023-07-26,06:00:00,29,28,1,FMN 26 Stadspark
672,Rubenslei 36,2023-07-26,07:00:00,79,79,0,FMN 26 Stadspark
672,Rubenslei 36,2023-07-26,08:00:00,165,161,4,FMN 26 Stadspark
672,Rubenslei 36,2023-07-26,09:00:00,101,97,4,FMN 26 Stadspark
672,Rubenslei 36,2023-07-26,10:00:00,95,87,8,FMN 26 Stadspark
672,Rubenslei 36,2023-07-26,11:00:00,99,91,8,FMN 26 Stadspark
672,Rubenslei 36,2023-07-26,12:00:00,90,82,8,FMN 26 Stadspark
672,Rubenslei 36,2023-07-26,13:00:00,98,87,11,FMN 26 Stadspark
672,Rubenslei 36,2023-07-26,14:00:00,104,94,10,FMN 26 Stadspark
672,Rubenslei 36,2023-07-26,15:00:00,143,132,11,FMN 26 Stadspark
672,Rubenslei 36,2023-07-26,16:00:00,202,184,18,FMN 26 Stadspark
672,Rubenslei 36,2023-07-26,17:00:00,156,141,15,FMN 26 Stadspark
672,Rubenslei 36,2023-07-26,18:00:00,116,97,19,FMN 26 Stadspark
672,Rubenslei 36,2023-07-26,19:00:00,128,117,11,FMN 26 Stadspark
672,Rubenslei 36,2023-07-26,20:00:00,67,56,11,FMN 26 Stadspark
672,Rubenslei 36,2023-07-26,21:00:00,54,44,10,FMN 26 Stadspark
672,Rubenslei 36,2023-07-26,22:00:00,46,33,13,FMN 26 Stadspark
672,Rubenslei 36,2023-07-26,23:00:00,38,32,6,FMN 26 Stadspark
672,Rubenslei 36,2023-07-27,00:00:00,29,24,5,FMN 26 Stadspark
672,Rubenslei 36,2023-07-27,01:00:00,12,6,6,FMN 26 Stadspark
672,Rubenslei 36,2023-07-27,02:00:00,2,2,0,FMN 26 Stadspark
672,Rubenslei 36,2023-07-27,03:00:00,3,3,0,FMN 26 Stadspark
672,Rubenslei 36,2023-07-27,04:00:00,5,5,0,FMN 26 Stadspark
672,Rubenslei 36,2023-07-27,05:00:00,15,15,0,FMN 26 Stadspark
672,Rubenslei 36,2023-07-27,06:00:00,18,16,2,FMN 26 Stadspark
672,Rubenslei 36,2023-07-27,07:00:00,52,51,1,FMN 26 Stadspark
672,Rubenslei 36,2023-07-27,08:00:00,121,119,2,FMN 26 Stadspark
672,Rubenslei 36,2023-07-27,09:00:00,67,64,3,FMN 26 Stadspark
672,Rubenslei 36,2023-07-27,10:00:00,49,44,5,FMN 26 Stadspark
672,Rubenslei 36,2023-07-27,11:00:00,67,64,3,FMN 26 Stadspark
672,Rubenslei 36,2023-07-27,12:00:00,75,70,5,FMN 26 Stadspark
672,Rubenslei 36,2023-07-27,13:00:00,50,48,2,FMN 26 Stadspark
672,Rubenslei 36,2023-07-27,14:00:00,65,61,4,FMN 26 Stadspark
672,Rubenslei 36,2023-07-27,15:00:00,78,71,7,FMN 26 Stadspark
672,Rubenslei 36,2023-07-27,16:00:00,98,88,10,FMN 26 Stadspark
672,Rubenslei 36,2023-07-27,17:00:00,102,94,8,FMN 26 Stadspark
672,Rubenslei 36,2023-07-27,18:00:00,82,74,8,FMN 26 Stadspark
672,Rubenslei 36,2023-07-27,19:00:00,91,81,10,FMN 26 Stadspark
672,Rubenslei 36,2023-07-27,20:00:00,69,65,4,FMN 26 Stadspark
672,Rubenslei 36,2023-07-27,21:00:00,45,37,8,FMN 26 Stadspark
672,Rubenslei 36,2023-07-27,22:00:00,51,44,7,FMN 26 Stadspark
672,Rubenslei 36,2023-07-27,23:00:00,39,33,6,FMN 26 Stadspark
672,Rubenslei 36,2023-07-28,00:00:00,14,11,3,FMN 26 Stadspark
672,Rubenslei 36,2023-07-28,01:00:00,11,8,3,FMN 26 Stadspark
672,Rubenslei 36,2023-07-28,02:00:00,5,2,3,FMN 26 Stadspark
672,Rubenslei 36,2023-07-28,03:00:00,6,5,1,FMN 26 Stadspark
672,Rubenslei 36,2023-07-28,04:00:00,14,14,0,FMN 26 Stadspark
672,Rubenslei 36,2023-07-28,05:00:00,15,15,0,FMN 26 Stadspark
672,Rubenslei 36,2023-07-28,06:00:00,24,22,2,FMN 26 Stadspark
672,Rubenslei 36,2023-07-28,07:00:00,53,50,3,FMN 26 Stadspark
672,Rubenslei 36,2023-07-28,08:00:00,124,120,4,FMN 26 Stadspark
672,Rubenslei 36,2023-07-28,09:00:00,75,72,3,FMN 26 Stadspark
672,Rubenslei 36,2023-07-28,10:00:00,74,72,2,FMN 26 Stadspark
672,Rubenslei 36,2023-07-28,11:00:00,76,68,8,FMN 26 Stadspark
672,Rubenslei 36,2023-07-28,12:00:00,103,94,9,FMN 26 Stadspark
672,Rubenslei 36,2023-07-28,13:00:00,104,96,8,FMN 26 Stadspark
672,Rubenslei 36,2023-07-28,14:00:00,109,97,12,FMN 26 Stadspark
672,Rubenslei 36,2023-07-28,15:00:00,113,101,12,FMN 26 Stadspark
672,Rubenslei 36,2023-07-28,16:00:00,117,107,10,FMN 26 Stadspark
672,Rubenslei 36,2023-07-28,17:00:00,118,108,10,FMN 26 Stadspark
672,Rubenslei 36,2023-07-28,18:00:00,121,106,15,FMN 26 Stadspark
672,Rubenslei 36,2023-07-28,19:00:00,81,73,8,FMN 26 Stadspark
672,Rubenslei 36,2023-07-28,20:00:00,76,71,5,FMN 26 Stadspark
672,Rubenslei 36,2023-07-28,21:00:00,63,54,9,FMN 26 Stadspark
672,Rubenslei 36,2023-07-28,22:00:00,61,46,15,FMN 26 Stadspark
672,Rubenslei 36,2023-07-28,23:00:00,23,19,4,FMN 26 Stadspark
672,Rubenslei 36,2023-07-29,00:00:00,40,31,9,FMN 26 Stadspark
672,Rubenslei 36,2023-07-29,01:00:00,29,20,9,FMN 26 Stadspark
672,Rubenslei 36,2023-07-29,02:00:00,15,11,4,FMN 26 Stadspark
672,Rubenslei 36,2023-07-29,03:00:00,12,8,4,FMN 26 Stadspark
672,Rubenslei 36,2023-07-29,04:00:00,11,7,4,FMN 26 Stadspark
672,Rubenslei 36,2023-07-29,05:00:00,20,16,4,FMN 26 Stadspark
672,Rubenslei 36,2023-07-29,06:00:00,11,11,0,FMN 26 Stadspark
672,Rubenslei 36,2023-07-29,07:00:00,19,17,2,FMN 26 Stadspark
672,Rubenslei 36,2023-07-29,08:00:00,37,35,2,FMN 26 Stadspark
672,Rubenslei 36,2023-07-29,09:00:00,60,58,2,FMN 26 Stadspark
672,Rubenslei 36,2023-07-29,10:00:00,84,82,2,FMN 26 Stadspark
672,Rubenslei 36,2023-07-29,11:00:00,78,70,8,FMN 26 Stadspark
672,Rubenslei 36,2023-07-29,12:00:00,86,77,9,FMN 26 Stadspark
672,Rubenslei 36,2023-07-29,13:00:00,51,44,7,FMN 26 Stadspark
672,Rubenslei 36,2023-07-29,14:00:00,92,85,7,FMN 26 Stadspark
672,Rubenslei 36,2023-07-29,15:00:00,89,79,10,FMN 26 Stadspark
672,Rubenslei 36,2023-07-29,16:00:00,65,54,11,FMN 26 Stadspark
672,Rubenslei 36,2023-07-29,17:00:00,79,70,9,FMN 26 Stadspark
672,Rubenslei 36,2023-07-29,18:00:00,88,81,7,FMN 26 Stadspark
672,Rubenslei 36,2023-07-29,19:00:00,99,87,12,FMN 26 Stadspark
672,Rubenslei 36,2023-07-29,20:00:00,75,67,8,FMN 26 Stadspark
672,Rubenslei 36,2023-07-29,21:00:00,62,55,7,FMN 26 Stadspark
672,Rubenslei 36,2023-07-29,22:00:00,61,48,13,FMN 26 Stadspark
672,Rubenslei 36,2023-07-29,23:00:00,32,29,3,FMN 26 Stadspark
672,Rubenslei 36,2023-07-30,00:00:00,43,36,7,FMN 26 Stadspark
672,Rubenslei 36,2023-07-30,01:00:00,29,24,5,FMN 26 Stadspark
672,Rubenslei 36,2023-07-30,02:00:00,32,19,13,FMN 26 Stadspark
672,Rubenslei 36,2023-07-30,03:00:00,19,16,3,FMN 26 Stadspark
672,Rubenslei 36,2023-07-30,04:00:00,20,9,11,FMN 26 Stadspark
672,Rubenslei 36,2023-07-30,05:00:00,16,11,5,FMN 26 Stadspark
672,Rubenslei 36,2023-07-30,06:00:00,5,4,1,FMN 26 Stadspark
672,Rubenslei 36,2023-07-30,07:00:00,13,11,2,FMN 26 Stadspark
672,Rubenslei 36,2023-07-30,08:00:00,21,20,1,FMN 26 Stadspark
672,Rubenslei 36,2023-07-30,09:00:00,39,37,2,FMN 26 Stadspark
672,Rubenslei 36,2023-07-30,10:00:00,51,48,3,FMN 26 Stadspark
672,Rubenslei 36,2023-07-30,11:00:00,60,49,11,FMN 26 Stadspark
672,Rubenslei 36,2023-07-30,12:00:00,71,66,5,FMN 26 Stadspark
672,Rubenslei 36,2023-07-30,13:00:00,84,77,7,FMN 26 Stadspark
672,Rubenslei 36,2023-07-30,14:00:00,106,89,17,FMN 26 Stadspark
672,Rubenslei 36,2023-07-30,15:00:00,76,63,13,FMN 26 Stadspark
672,Rubenslei 36,2023-07-30,16:00:00,110,100,10,FMN 26 Stadspark
672,Rubenslei 36,2023-07-30,17:00:00,62,46,16,FMN 26 Stadspark
672,Rubenslei 36,2023-07-30,18:00:00,45,42,3,FMN 26 Stadspark
672,Rubenslei 36,2023-07-30,19:00:00,30,27,3,FMN 26 Stadspark
672,Rubenslei 36,2023-07-30,20:00:00,32,28,4,FMN 26 Stadspark
672,Rubenslei 36,2023-07-30,21:00:00,29,24,5,FMN 26 Stadspark
672,Rubenslei 36,2023-07-30,22:00:00,21,16,5,FMN 26 Stadspark
672,Rubenslei 36,2023-07-30,23:00:00,16,11,5,FMN 26 Stadspark
672,Rubenslei 36,2023-07-31,00:00:00,5,3,2,FMN 26 Stadspark
672,Rubenslei 36,2023-07-31,01:00:00,8,4,4,FMN 26 Stadspark
672,Rubenslei 36,2023-07-31,02:00:00,3,1,2,FMN 26 Stadspark
672,Rubenslei 36,2023-07-31,03:00:00,2,2,0,FMN 26 Stadspark
672,Rubenslei 36,2023-07-31,04:00:00,16,15,1,FMN 26 Stadspark
672,Rubenslei 36,2023-07-31,05:00:00,17,16,1,FMN 26 Stadspark
672,Rubenslei 36,2023-07-31,06:00:00,28,28,0,FMN 26 Stadspark
672,Rubenslei 36,2023-07-31,07:00:00,45,45,0,FMN 26 Stadspark
672,Rubenslei 36,2023-07-31,08:00:00,95,93,2,FMN 26 Stadspark
672,Rubenslei 36,2023-07-31,09:00:00,70,64,6,FMN 26 Stadspark
672,Rubenslei 36,2023-07-31,10:00:00,67,61,6,FMN 26 Stadspark
672,Rubenslei 36,2023-07-31,11:00:00,76,69,7,FMN 26 Stadspark
672,Rubenslei 36,2023-07-31,12:00:00,79,69,10,FMN 26 Stadspark
672,Rubenslei 36,2023-07-31,13:00:00,92,87,5,FMN 26 Stadspark
672,Rubenslei 36,2023-07-31,14:00:00,90,81,9,FMN 26 Stadspark
672,Rubenslei 36,2023-07-31,15:00:00,91,81,10,FMN 26 Stadspark
672,Rubenslei 36,2023-07-31,16:00:00,92,86,6,FMN 26 Stadspark
672,Rubenslei 36,2023-07-31,17:00:00,97,89,8,FMN 26 Stadspark
672,Rubenslei 36,2023-07-31,18:00:00,83,76,7,FMN 26 Stadspark
672,Rubenslei 36,2023-07-31,19:00:00,52,47,5,FMN 26 Stadspark
672,Rubenslei 36,2023-07-31,20:00:00,40,36,4,FMN 26 Stadspark
672,Rubenslei 36,2023-07-31,21:00:00,28,23,5,FMN 26 Stadspark
672,Rubenslei 36,2023-07-31,22:00:00,22,19,3,FMN 26 Stadspark
672,Rubenslei 36,2023-07-31,23:00:00,23,19,4,FMN 26 Stadspark
672,Rubenslei 36,2023-08-01,00:00:00,13,11,2,FMN 26 Stadspark
672,Rubenslei 36,2023-08-01,01:00:00,9,9,0,FMN 26 Stadspark
672,Rubenslei 36,2023-08-01,02:00:00,3,3,0,FMN 26 Stadspark
672,Rubenslei 36,2023-08-01,03:00:00,5,5,0,FMN 26 Stadspark
672,Rubenslei 36,2023-08-01,04:00:00,10,10,0,FMN 26 Stadspark
672,Rubenslei 36,2023-08-01,05:00:00,13,12,1,FMN 26 Stadspark
672,Rubenslei 36,2023-08-01,06:00:00,30,29,1,FMN 26 Stadspark
672,Rubenslei 36,2023-08-01,07:00:00,64,62,2,FMN 26 Stadspark
672,Rubenslei 36,2023-08-01,08:00:00,130,128,2,FMN 26 Stadspark
672,Rubenslei 36,2023-08-01,09:00:00,78,76,2,FMN 26 Stadspark
672,Rubenslei 36,2023-08-01,10:00:00,71,61,10,FMN 26 Stadspark
672,Rubenslei 36,2023-08-01,11:00:00,83,79,4,FMN 26 Stadspark
672,Rubenslei 36,2023-08-01,12:00:00,118,111,7,FMN 26 Stadspark
672,Rubenslei 36,2023-08-01,13:00:00,98,87,11,FMN 26 Stadspark
672,Rubenslei 36,2023-08-01,14:00:00,93,91,2,FMN 26 Stadspark
672,Rubenslei 36,2023-08-01,15:00:00,123,109,14,FMN 26 Stadspark
672,Rubenslei 36,2023-08-01,16:00:00,170,154,16,FMN 26 Stadspark
672,Rubenslei 36,2023-08-01,17:00:00,168,154,14,FMN 26 Stadspark
672,Rubenslei 36,2023-08-01,18:00:00,136,127,9,FMN 26 Stadspark
672,Rubenslei 36,2023-08-01,19:00:00,106,93,13,FMN 26 Stadspark
672,Rubenslei 36,2023-08-01,20:00:00,73,57,16,FMN 26 Stadspark
672,Rubenslei 36,2023-08-01,21:00:00,46,39,7,FMN 26 Stadspark
672,Rubenslei 36,2023-08-01,22:00:00,56,49,7,FMN 26 Stadspark
672,Rubenslei 36,2023-08-01,23:00:00,24,21,3,FMN 26 Stadspark
672,Rubenslei 36,2023-08-02,00:00:00,17,11,6,FMN 26 Stadspark
672,Rubenslei 36,2023-08-02,01:00:00,7,4,3,FMN 26 Stadspark
672,Rubenslei 36,2023-08-02,02:00:00,2,2,0,FMN 26 Stadspark
672,Rubenslei 36,2023-08-02,03:00:00,4,4,0,FMN 26 Stadspark
672,Rubenslei 36,2023-08-02,04:00:00,13,12,1,FMN 26 Stadspark
672,Rubenslei 36,2023-08-02,05:00:00,17,16,1,FMN 26 Stadspark
672,Rubenslei 36,2023-08-02,06:00:00,11,11,0,FMN 26 Stadspark
672,Rubenslei 36,2023-08-02,07:00:00,43,43,0,FMN 26 Stadspark
672,Rubenslei 36,2023-08-02,08:00:00,105,102,3,FMN 26 Stadspark
672,Rubenslei 36,2023-08-02,09:00:00,58,55,3,FMN 26 Stadspark
672,Rubenslei 36,2023-08-02,10:00:00,54,51,3,FMN 26 Stadspark
672,Rubenslei 36,2023-08-02,11:00:00,72,62,10,FMN 26 Stadspark
672,Rubenslei 36,2023-08-02,12:00:00,69,64,5,FMN 26 Stadspark
672,Rubenslei 36,2023-08-02,13:00:00,70,60,10,FMN 26 Stadspark
672,Rubenslei 36,2023-08-02,14:00:00,88,78,10,FMN 26 Stadspark
672,Rubenslei 36,2023-08-02,15:00:00,116,107,9,FMN 26 Stadspark
672,Rubenslei 36,2023-08-02,16:00:00,134,117,17,FMN 26 Stadspark
672,Rubenslei 36,2023-08-02,17:00:00,160,146,14,FMN 26 Stadspark
672,Rubenslei 36,2023-08-02,18:00:00,100,84,16,FMN 26 Stadspark
672,Rubenslei 36,2023-08-02,19:00:00,78,72,6,FMN 26 Stadspark
672,Rubenslei 36,2023-08-02,20:00:00,54,50,4,FMN 26 Stadspark
672,Rubenslei 36,2023-08-02,21:00:00,35,26,9,FMN 26 Stadspark
672,Rubenslei 36,2023-08-02,22:00:00,32,30,2,FMN 26 Stadspark
672,Rubenslei 36,2023-08-02,23:00:00,10,7,3,FMN 26 Stadspark
672,Rubenslei 36,2023-08-03,00:00:00,9,6,3,FMN 26 Stadspark
672,Rubenslei 36,2023-08-03,01:00:00,6,6,0,FMN 26 Stadspark
672,Rubenslei 36,2023-08-03,02:00:00,5,5,0,FMN 26 Stadspark
672,Rubenslei 36,2023-08-03,03:00:00,5,4,1,FMN 26 Stadspark
672,Rubenslei 36,2023-08-03,04:00:00,9,7,2,FMN 26 Stadspark
672,Rubenslei 36,2023-08-03,05:00:00,17,17,0,FMN 26 Stadspark
672,Rubenslei 36,2023-08-03,06:00:00,23,22,1,FMN 26 Stadspark
672,Rubenslei 36,2023-08-03,07:00:00,62,59,3,FMN 26 Stadspark
672,Rubenslei 36,2023-08-03,08:00:00,103,102,1,FMN 26 Stadspark
672,Rubenslei 36,2023-08-03,09:00:00,81,78,3,FMN 26 Stadspark
672,Rubenslei 36,2023-08-03,10:00:00,55,51,4,FMN 26 Stadspark
672,Rubenslei 36,2023-08-03,11:00:00,57,50,7,FMN 26 Stadspark
672,Rubenslei 36,2023-08-03,12:00:00,82,76,6,FMN 26 Stadspark
672,Rubenslei 36,2023-08-03,13:00:00,67,64,3,FMN 26 Stadspark
672,Rubenslei 36,2023-08-03,14:00:00,58,55,3,FMN 26 Stadspark
672,Rubenslei 36,2023-08-03,15:00:00,75,71,4,FMN 26 Stadspark
672,Rubenslei 36,2023-08-03,16:00:00,118,107,11,FMN 26 Stadspark
672,Rubenslei 36,2023-08-03,17:00:00,134,122,12,FMN 26 Stadspark
672,Rubenslei 36,2023-08-03,18:00:00,117,105,12,FMN 26 Stadspark
672,Rubenslei 36,2023-08-03,19:00:00,86,80,6,FMN 26 Stadspark
672,Rubenslei 36,2023-08-03,20:00:00,78,69,9,FMN 26 Stadspark
672,Rubenslei 36,2023-08-03,21:00:00,47,40,7,FMN 26 Stadspark
672,Rubenslei 36,2023-08-03,22:00:00,38,33,5,FMN 26 Stadspark
672,Rubenslei 36,2023-08-03,23:00:00,19,14,5,FMN 26 Stadspark
672,Rubenslei 36,2023-08-04,00:00:00,17,13,4,FMN 26 Stadspark
672,Rubenslei 36,2023-08-04,01:00:00,14,13,1,FMN 26 Stadspark
672,Rubenslei 36,2023-08-04,02:00:00,5,4,1,FMN 26 Stadspark
672,Rubenslei 36,2023-08-04,03:00:00,3,3,0,FMN 26 Stadspark
672,Rubenslei 36,2023-08-04,04:00:00,11,10,1,FMN 26 Stadspark
672,Rubenslei 36,2023-08-04,05:00:00,19,17,2,FMN 26 Stadspark
672,Rubenslei 36,2023-08-04,06:00:00,22,21,1,FMN 26 Stadspark
672,Rubenslei 36,2023-08-04,07:00:00,48,45,3,FMN 26 Stadspark
672,Rubenslei 36,2023-08-04,08:00:00,97,94,3,FMN 26 Stadspark
672,Rubenslei 36,2023-08-04,09:00:00,77,73,4,FMN 26 Stadspark
672,Rubenslei 36,2023-08-04,10:00:00,44,42,2,FMN 26 Stadspark
672,Rubenslei 36,2023-08-04,11:00:00,80,74,6,FMN 26 Stadspark
672,Rubenslei 36,2023-08-04,12:00:00,98,95,3,FMN 26 Stadspark
672,Rubenslei 36,2023-08-04,13:00:00,107,96,11,FMN 26 Stadspark
672,Rubenslei 36,2023-08-04,14:00:00,87,74,13,FMN 26 Stadspark
672,Rubenslei 36,2023-08-04,15:00:00,107,97,10,FMN 26 Stadspark
672,Rubenslei 36,2023-08-04,16:00:00,137,128,9,FMN 26 Stadspark
672,Rubenslei 36,2023-08-04,17:00:00,145,121,24,FMN 26 Stadspark
672,Rubenslei 36,2023-08-04,18:00:00,123,115,8,FMN 26 Stadspark
672,Rubenslei 36,2023-08-04,19:00:00,89,82,7,FMN 26 Stadspark
672,Rubenslei 36,2023-08-04,20:00:00,68,60,8,FMN 26 Stadspark
672,Rubenslei 36,2023-08-04,21:00:00,55,46,9,FMN 26 Stadspark
672,Rubenslei 36,2023-08-04,22:00:00,46,42,4,FMN 26 Stadspark
672,Rubenslei 36,2023-08-04,23:00:00,39,33,6,FMN 26 Stadspark
672,Rubenslei 36,2023-08-05,00:00:00,19,16,3,FMN 26 Stadspark
672,Rubenslei 36,2023-08-05,01:00:00,24,21,3,FMN 26 Stadspark
672,Rubenslei 36,2023-08-05,02:00:00,8,5,3,FMN 26 Stadspark
672,Rubenslei 36,2023-08-05,03:00:00,4,4,0,FMN 26 Stadspark
672,Rubenslei 36,2023-08-05,04:00:00,9,7,2,FMN 26 Stadspark
672,Rubenslei 36,2023-08-05,05:00:00,8,5,3,FMN 26 Stadspark
672,Rubenslei 36,2023-08-05,06:00:00,14,13,1,FMN 26 Stadspark
672,Rubenslei 36,2023-08-05,07:00:00,19,18,1,FMN 26 Stadspark
672,Rubenslei 36,2023-08-05,08:00:00,33,32,1,FMN 26 Stadspark
672,Rubenslei 36,2023-08-05,09:00:00,53,48,5,FMN 26 Stadspark
672,Rubenslei 36,2023-08-05,10:00:00,64,61,3,FMN 26 Stadspark
672,Rubenslei 36,2023-08-05,11:00:00,72,68,4,FMN 26 Stadspark
672,Rubenslei 36,2023-08-05,12:00:00,75,71,4,FMN 26 Stadspark
672,Rubenslei 36,2023-08-05,13:00:00,52,43,9,FMN 26 Stadspark
672,Rubenslei 36,2023-08-05,14:00:00,59,53,6,FMN 26 Stadspark
672,Rubenslei 36,2023-08-05,15:00:00,56,48,8,FMN 26 Stadspark
672,Rubenslei 36,2023-08-05,16:00:00,63,57,6,FMN 26 Stadspark
672,Rubenslei 36,2023-08-05,17:00:00,71,62,9,FMN 26 Stadspark
672,Rubenslei 36,2023-08-05,18:00:00,67,58,9,FMN 26 Stadspark
672,Rubenslei 36,2023-08-05,19:00:00,59,47,12,FMN 26 Stadspark
672,Rubenslei 36,2023-08-05,20:00:00,44,37,7,FMN 26 Stadspark
672,Rubenslei 36,2023-08-05,21:00:00,34,29,5,FMN 26 Stadspark
672,Rubenslei 36,2023-08-05,22:00:00,34,28,6,FMN 26 Stadspark
672,Rubenslei 36,2023-08-05,23:00:00,16,11,5,FMN 26 Stadspark
672,Rubenslei 36,2023-08-06,00:00:00,29,26,3,FMN 26 Stadspark
672,Rubenslei 36,2023-08-06,01:00:00,25,21,4,FMN 26 Stadspark
672,Rubenslei 36,2023-08-06,02:00:00,19,15,4,FMN 26 Stadspark
672,Rubenslei 36,2023-08-06,03:00:00,9,5,4,FMN 26 Stadspark
672,Rubenslei 36,2023-08-06,04:00:00,8,3,5,FMN 26 Stadspark
672,Rubenslei 36,2023-08-06,05:00:00,8,5,3,FMN 26 Stadspark
672,Rubenslei 36,2023-08-06,06:00:00,12,4,8,FMN 26 Stadspark
672,Rubenslei 36,2023-08-06,07:00:00,9,9,0,FMN 26 Stadspark
672,Rubenslei 36,2023-08-06,08:00:00,10,9,1,FMN 26 Stadspark
672,Rubenslei 36,2023-08-06,09:00:00,19,18,1,FMN 26 Stadspark
672,Rubenslei 36,2023-08-06,10:00:00,29,27,2,FMN 26 Stadspark
672,Rubenslei 36,2023-08-06,11:00:00,46,44,2,FMN 26 Stadspark
672,Rubenslei 36,2023-08-06,12:00:00,35,32,3,FMN 26 Stadspark
672,Rubenslei 36,2023-08-06,13:00:00,47,42,5,FMN 26 Stadspark
672,Rubenslei 36,2023-08-06,14:00:00,44,42,2,FMN 26 Stadspark
672,Rubenslei 36,2023-08-06,15:00:00,32,25,7,FMN 26 Stadspark
672,Rubenslei 36,2023-08-06,16:00:00,39,31,8,FMN 26 Stadspark
672,Rubenslei 36,2023-08-06,17:00:00,19,17,2,FMN 26 Stadspark
672,Rubenslei 36,2023-08-06,18:00:00,52,41,11,FMN 26 Stadspark
672,Rubenslei 36,2023-08-06,19:00:00,56,49,7,FMN 26 Stadspark
672,Rubenslei 36,2023-08-06,20:00:00,47,42,5,FMN 26 Stadspark
672,Rubenslei 36,2023-08-06,21:00:00,37,28,9,FMN 26 Stadspark
672,Rubenslei 36,2023-08-06,22:00:00,26,20,6,FMN 26 Stadspark
672,Rubenslei 36,2023-08-06,23:00:00,21,19,2,FMN 26 Stadspark
672,Rubenslei 36,2023-08-07,00:00:00,7,6,1,FMN 26 Stadspark
672,Rubenslei 36,2023-08-07,01:00:00,5,4,1,FMN 26 Stadspark
672,Rubenslei 36,2023-08-07,02:00:00,3,3,0,FMN 26 Stadspark
672,Rubenslei 36,2023-08-07,03:00:00,9,8,1,FMN 26 Stadspark
672,Rubenslei 36,2023-08-07,04:00:00,1,1,0,FMN 26 Stadspark
672,Rubenslei 36,2023-08-07,05:00:00,18,17,1,FMN 26 Stadspark
672,Rubenslei 36,2023-08-07,06:00:00,26,24,2,FMN 26 Stadspark
672,Rubenslei 36,2023-08-07,07:00:00,68,67,1,FMN 26 Stadspark
672,Rubenslei 36,2023-08-07,08:00:00,124,119,5,FMN 26 Stadspark
672,Rubenslei 36,2023-08-07,09:00:00,85,78,7,FMN 26 Stadspark
672,Rubenslei 36,2023-08-07,10:00:00,72,68,4,FMN 26 Stadspark
672,Rubenslei 36,2023-08-07,11:00:00,68,65,3,FMN 26 Stadspark
672,Rubenslei 36,2023-08-07,12:00:00,86,75,11,FMN 26 Stadspark
672,Rubenslei 36,2023-08-07,13:00:00,93,89,4,FMN 26 Stadspark
672,Rubenslei 36,2023-08-07,14:00:00,109,103,6,FMN 26 Stadspark
672,Rubenslei 36,2023-08-07,15:00:00,111,96,15,FMN 26 Stadspark
672,Rubenslei 36,2023-08-07,16:00:00,154,141,13,FMN 26 Stadspark
672,Rubenslei 36,2023-08-07,17:00:00,150,135,15,FMN 26 Stadspark
672,Rubenslei 36,2023-08-07,18:00:00,113,100,13,FMN 26 Stadspark
672,Rubenslei 36,2023-08-07,19:00:00,79,66,13,FMN 26 Stadspark
672,Rubenslei 36,2023-08-07,20:00:00,66,55,11,FMN 26 Stadspark
672,Rubenslei 36,2023-08-07,21:00:00,39,34,5,FMN 26 Stadspark
672,Rubenslei 36,2023-08-07,22:00:00,43,33,10,FMN 26 Stadspark
672,Rubenslei 36,2023-08-07,23:00:00,23,20,3,FMN 26 Stadspark
672,Rubenslei 36,2023-08-08,00:00:00,13,12,1,FMN 26 Stadspark
672,Rubenslei 36,2023-08-08,01:00:00,7,6,1,FMN 26 Stadspark
672,Rubenslei 36,2023-08-08,02:00:00,4,2,2,FMN 26 Stadspark
672,Rubenslei 36,2023-08-08,03:00:00,4,3,1,FMN 26 Stadspark
672,Rubenslei 36,2023-08-08,04:00:00,5,5,0,FMN 26 Stadspark
672,Rubenslei 36,2023-08-08,05:00:00,22,22,0,FMN 26 Stadspark
672,Rubenslei 36,2023-08-08,06:00:00,41,38,3,FMN 26 Stadspark
672,Rubenslei 36,2023-08-08,07:00:00,76,70,6,FMN 26 Stadspark
672,Rubenslei 36,2023-08-08,08:00:00,136,131,5,FMN 26 Stadspark
672,Rubenslei 36,2023-08-08,09:00:00,65,62,3,FMN 26 Stadspark
672,Rubenslei 36,2023-08-08,10:00:00,72,68,4,FMN 26 Stadspark
672,Rubenslei 36,2023-08-08,11:00:00,65,54,11,FMN 26 Stadspark
672,Rubenslei 36,2023-08-08,12:00:00,79,71,8,FMN 26 Stadspark
672,Rubenslei 36,2023-08-08,13:00:00,61,53,8,FMN 26 Stadspark
672,Rubenslei 36,2023-08-08,14:00:00,89,78,11,FMN 26 Stadspark
672,Rubenslei 36,2023-08-08,15:00:00,115,103,12,FMN 26 Stadspark
672,Rubenslei 36,2023-08-08,16:00:00,126,117,9,FMN 26 Stadspark
672,Rubenslei 36,2023-08-08,17:00:00,157,144,13,FMN 26 Stadspark
672,Rubenslei 36,2023-08-08,18:00:00,128,101,27,FMN 26 Stadspark
672,Rubenslei 36,2023-08-08,19:00:00,70,60,10,FMN 26 Stadspark
672,Rubenslei 36,2023-08-08,20:00:00,56,45,11,FMN 26 Stadspark
672,Rubenslei 36,2023-08-08,21:00:00,20,15,5,FMN 26 Stadspark
672,Rubenslei 36,2023-08-08,22:00:00,40,38,2,FMN 26 Stadspark
672,Rubenslei 36,2023-08-08,23:00:00,32,24,8,FMN 26 Stadspark
672,Rubenslei 36,2023-08-09,00:00:00,6,6,0,FMN 26 Stadspark
672,Rubenslei 36,2023-08-09,01:00:00,9,5,4,FMN 26 Stadspark
672,Rubenslei 36,2023-08-09,02:00:00,3,2,1,FMN 26 Stadspark
672,Rubenslei 36,2023-08-09,03:00:00,4,4,0,FMN 26 Stadspark
672,Rubenslei 36,2023-08-09,04:00:00,9,8,1,FMN 26 Stadspark
672,Rubenslei 36,2023-08-09,05:00:00,20,20,0,FMN 26 Stadspark
672,Rubenslei 36,2023-08-09,06:00:00,36,35,1,FMN 26 Stadspark
672,Rubenslei 36,2023-08-09,07:00:00,60,58,2,FMN 26 Stadspark
672,Rubenslei 36,2023-08-09,08:00:00,121,113,8,FMN 26 Stadspark
672,Rubenslei 36,2023-08-09,09:00:00,104,96,8,FMN 26 Stadspark
672,Rubenslei 36,2023-08-09,10:00:00,66,63,3,FMN 26 Stadspark
672,Rubenslei 36,2023-08-09,11:00:00,89,83,6,FMN 26 Stadspark
672,Rubenslei 36,2023-08-09,12:00:00,98,89,9,FMN 26 Stadspark
672,Rubenslei 36,2023-08-09,13:00:00,91,87,4,FMN 26 Stadspark
672,Rubenslei 36,2023-08-09,14:00:00,100,92,8,FMN 26 Stadspark
672,Rubenslei 36,2023-08-09,15:00:00,142,130,12,FMN 26 Stadspark
672,Rubenslei 36,2023-08-09,16:00:00,164,150,14,FMN 26 Stadspark
672,Rubenslei 36,2023-08-09,17:00:00,192,174,18,FMN 26 Stadspark
672,Rubenslei 36,2023-08-09,18:00:00,162,145,17,FMN 26 Stadspark
672,Rubenslei 36,2023-08-09,19:00:00,99,86,13,FMN 26 Stadspark
672,Rubenslei 36,2023-08-09,20:00:00,67,53,14,FMN 26 Stadspark
672,Rubenslei 36,2023-08-09,21:00:00,68,60,8,FMN 26 Stadspark
672,Rubenslei 36,2023-08-09,22:00:00,53,47,6,FMN 26 Stadspark
672,Rubenslei 36,2023-08-09,23:00:00,35,32,3,FMN 26 Stadspark
672,Rubenslei 36,2023-08-10,00:00:00,23,19,4,FMN 26 Stadspark
672,Rubenslei 36,2023-08-10,01:00:00,11,4,7,FMN 26 Stadspark
672,Rubenslei 36,2023-08-10,02:00:00,5,4,1,FMN 26 Stadspark
672,Rubenslei 36,2023-08-10,03:00:00,4,3,1,FMN 26 Stadspark
672,Rubenslei 36,2023-08-10,04:00:00,14,13,1,FMN 26 Stadspark
672,Rubenslei 36,2023-08-10,05:00:00,26,26,0,FMN 26 Stadspark
672,Rubenslei 36,2023-08-10,06:00:00,36,34,2,FMN 26 Stadspark
672,Rubenslei 36,2023-08-10,07:00:00,49,48,1,FMN 26 Stadspark
672,Rubenslei 36,2023-08-10,08:00:00,111,109,2,FMN 26 Stadspark
672,Rubenslei 36,2023-08-10,09:00:00,90,87,3,FMN 26 Stadspark
672,Rubenslei 36,2023-08-10,10:00:00,58,57,1,FMN 26 Stadspark
672,Rubenslei 36,2023-08-10,11:00:00,86,83,3,FMN 26 Stadspark
672,Rubenslei 36,2023-08-10,12:00:00,122,110,12,FMN 26 Stadspark
672,Rubenslei 36,2023-08-10,13:00:00,104,94,10,FMN 26 Stadspark
672,Rubenslei 36,2023-08-10,14:00:00,97,87,10,FMN 26 Stadspark
672,Rubenslei 36,2023-08-10,15:00:00,137,124,13,FMN 26 Stadspark
672,Rubenslei 36,2023-08-10,16:00:00,181,166,15,FMN 26 Stadspark
672,Rubenslei 36,2023-08-10,17:00:00,205,180,25,FMN 26 Stadspark
672,Rubenslei 36,2023-08-10,18:00:00,130,112,18,FMN 26 Stadspark
672,Rubenslei 36,2023-08-10,19:00:00,133,113,20,FMN 26 Stadspark
672,Rubenslei 36,2023-08-10,20:00:00,75,64,11,FMN 26 Stadspark
672,Rubenslei 36,2023-08-10,21:00:00,81,62,19,FMN 26 Stadspark
672,Rubenslei 36,2023-08-10,22:00:00,46,41,5,FMN 26 Stadspark
672,Rubenslei 36,2023-08-10,23:00:00,37,28,9,FMN 26 Stadspark
672,Rubenslei 36,2023-08-11,00:00:00,26,19,7,FMN 26 Stadspark
672,Rubenslei 36,2023-08-11,01:00:00,9,6,3,FMN 26 Stadspark
672,Rubenslei 36,2023-08-11,02:00:00,8,7,1,FMN 26 Stadspark
672,Rubenslei 36,2023-08-11,03:00:00,9,7,2,FMN 26 Stadspark
672,Rubenslei 36,2023-08-11,04:00:00,11,9,2,FMN 26 Stadspark
672,Rubenslei 36,2023-08-11,05:00:00,30,28,2,FMN 26 Stadspark
672,Rubenslei 36,2023-08-11,06:00:00,30,27,3,FMN 26 Stadspark
672,Rubenslei 36,2023-08-11,07:00:00,65,62,3,FMN 26 Stadspark
672,Rubenslei 36,2023-08-11,08:00:00,139,134,5,FMN 26 Stadspark
672,Rubenslei 36,2023-08-11,09:00:00,91,88,3,FMN 26 Stadspark
672,Rubenslei 36,2023-08-11,10:00:00,66,63,3,FMN 26 Stadspark
672,Rubenslei 36,2023-08-11,11:00:00,88,79,9,FMN 26 Stadspark
672,Rubenslei 36,2023-08-11,12:00:00,122,113,9,FMN 26 Stadspark
672,Rubenslei 36,2023-08-11,13:00:00,122,108,14,FMN 26 Stadspark
672,Rubenslei 36,2023-08-11,14:00:00,97,85,12,FMN 26 Stadspark
672,Rubenslei 36,2023-08-11,15:00:00,118,105,13,FMN 26 Stadspark
672,Rubenslei 36,2023-08-11,16:00:00,186,167,19,FMN 26 Stadspark
672,Rubenslei 36,2023-08-11,17:00:00,165,146,19,FMN 26 Stadspark
672,Rubenslei 36,2023-08-11,18:00:00,133,115,18,FMN 26 Stadspark
672,Rubenslei 36,2023-08-11,19:00:00,94,84,10,FMN 26 Stadspark
672,Rubenslei 36,2023-08-11,20:00:00,61,51,10,FMN 26 Stadspark
672,Rubenslei 36,2023-08-11,21:00:00,66,53,13,FMN 26 Stadspark
672,Rubenslei 36,2023-08-11,22:00:00,62,45,17,FMN 26 Stadspark
672,Rubenslei 36,2023-08-11,23:00:00,25,20,5,FMN 26 Stadspark
672,Rubenslei 36,2023-08-12,00:00:00,30,26,4,FMN 26 Stadspark
672,Rubenslei 36,2023-08-12,01:00:00,14,9,5,FMN 26 Stadspark
672,Rubenslei 36,2023-08-12,02:00:00,18,13,5,FMN 26 Stadspark
672,Rubenslei 36,2023-08-12,03:00:00,12,10,2,FMN 26 Stadspark
672,Rubenslei 36,2023-08-12,04:00:00,7,5,2,FMN 26 Stadspark
672,Rubenslei 36,2023-08-12,05:00:00,7,7,0,FMN 26 Stadspark
672,Rubenslei 36,2023-08-12,06:00:00,9,9,0,FMN 26 Stadspark
672,Rubenslei 36,2023-08-12,07:00:00,19,18,1,FMN 26 Stadspark
672,Rubenslei 36,2023-08-12,08:00:00,22,21,1,FMN 26 Stadspark
672,Rubenslei 36,2023-08-12,09:00:00,43,40,3,FMN 26 Stadspark
672,Rubenslei 36,2023-08-12,10:00:00,60,56,4,FMN 26 Stadspark
672,Rubenslei 36,2023-08-12,11:00:00,72,63,9,FMN 26 Stadspark
672,Rubenslei 36,2023-08-12,12:00:00,133,119,14,FMN 26 Stadspark
672,Rubenslei 36,2023-08-12,13:00:00,154,145,9,FMN 26 Stadspark
672,Rubenslei 36,2023-08-12,14:00:00,117,104,13,FMN 26 Stadspark
672,Rubenslei 36,2023-08-12,15:00:00,118,109,9,FMN 26 Stadspark
672,Rubenslei 36,2023-08-12,16:00:00,94,88,6,FMN 26 Stadspark
672,Rubenslei 36,2023-08-12,17:00:00,97,85,12,FMN 26 Stadspark
672,Rubenslei 36,2023-08-12,18:00:00,93,79,14,FMN 26 Stadspark
672,Rubenslei 36,2023-08-12,19:00:00,68,53,15,FMN 26 Stadspark
672,Rubenslei 36,2023-08-12,20:00:00,77,69,8,FMN 26 Stadspark
672,Rubenslei 36,2023-08-12,21:00:00,53,41,12,FMN 26 Stadspark
672,Rubenslei 36,2023-08-12,22:00:00,55,47,8,FMN 26 Stadspark
672,Rubenslei 36,2023-08-12,23:00:00,30,25,5,FMN 26 Stadspark
672,Rubenslei 36,2023-08-13,00:00:00,54,49,5,FMN 26 Stadspark
672,Rubenslei 36,2023-08-13,01:00:00,35,29,6,FMN 26 Stadspark
672,Rubenslei 36,2023-08-13,02:00:00,21,13,8,FMN 26 Stadspark
672,Rubenslei 36,2023-08-13,03:00:00,17,17,0,FMN 26 Stadspark
672,Rubenslei 36,2023-08-13,04:00:00,20,15,5,FMN 26 Stadspark
672,Rubenslei 36,2023-08-13,05:00:00,20,12,8,FMN 26 Stadspark
672,Rubenslei 36,2023-08-13,06:00:00,17,13,4,FMN 26 Stadspark
672,Rubenslei 36,2023-08-13,07:00:00,17,14,3,FMN 26 Stadspark
672,Rubenslei 36,2023-08-13,08:00:00,19,19,0,FMN 26 Stadspark
672,Rubenslei 36,2023-08-13,09:00:00,26,24,2,FMN 26 Stadspark
672,Rubenslei 36,2023-08-13,10:00:00,46,42,4,FMN 26 Stadspark
672,Rubenslei 36,2023-08-13,11:00:00,50,42,8,FMN 26 Stadspark
672,Rubenslei 36,2023-08-13,12:00:00,84,81,3,FMN 26 Stadspark
672,Rubenslei 36,2023-08-13,13:00:00,89,76,13,FMN 26 Stadspark
672,Rubenslei 36,2023-08-13,14:00:00,106,93,13,FMN 26 Stadspark
672,Rubenslei 36,2023-08-13,15:00:00,91,80,11,FMN 26 Stadspark
672,Rubenslei 36,2023-08-13,16:00:00,65,55,10,FMN 26 Stadspark
672,Rubenslei 36,2023-08-13,17:00:00,86,74,12,FMN 26 Stadspark
672,Rubenslei 36,2023-08-13,18:00:00,62,55,7,FMN 26 Stadspark
672,Rubenslei 36,2023-08-13,19:00:00,66,54,12,FMN 26 Stadspark
672,Rubenslei 36,2023-08-13,20:00:00,69,62,7,FMN 26 Stadspark
672,Rubenslei 36,2023-08-13,21:00:00,44,38,6,FMN 26 Stadspark
672,Rubenslei 36,2023-08-13,22:00:00,29,26,3,FMN 26 Stadspark
672,Rubenslei 36,2023-08-13,23:00:00,25,20,5,FMN 26 Stadspark
672,Rubenslei 36,2023-08-14,00:00:00,11,8,3,FMN 26 Stadspark
672,Rubenslei 36,2023-08-14,01:00:00,9,8,1,FMN 26 Stadspark
672,Rubenslei 36,2023-08-14,02:00:00,9,8,1,FMN 26 Stadspark
672,Rubenslei 36,2023-08-14,03:00:00,2,1,1,FMN 26 Stadspark
672,Rubenslei 36,2023-08-14,04:00:00,7,7,0,FMN 26 Stadspark
672,Rubenslei 36,2023-08-14,05:00:00,19,17,2,FMN 26 Stadspark
672,Rubenslei 36,2023-08-14,06:00:00,31,28,3,FMN 26 Stadspark
672,Rubenslei 36,2023-08-14,07:00:00,44,42,2,FMN 26 Stadspark
672,Rubenslei 36,2023-08-14,08:00:00,62,59,3,FMN 26 Stadspark
672,Rubenslei 36,2023-08-14,09:00:00,70,66,4,FMN 26 Stadspark
672,Rubenslei 36,2023-08-14,10:00:00,77,69,8,FMN 26 Stadspark
672,Rubenslei 36,2023-08-14,11:00:00,99,85,14,FMN 26 Stadspark
672,Rubenslei 36,2023-08-14,12:00:00,110,93,17,FMN 26 Stadspark
672,Rubenslei 36,2023-08-14,13:00:00,94,78,16,FMN 26 Stadspark
672,Rubenslei 36,2023-08-14,14:00:00,114,96,18,FMN 26 Stadspark
672,Rubenslei 36,2023-08-14,15:00:00,108,97,11,FMN 26 Stadspark
672,Rubenslei 36,2023-08-14,16:00:00,129,108,21,FMN 26 Stadspark
672,Rubenslei 36,2023-08-14,17:00:00,136,119,17,FMN 26 Stadspark
672,Rubenslei 36,2023-08-14,18:00:00,89,75,14,FMN 26 Stadspark
672,Rubenslei 36,2023-08-14,19:00:00,78,72,6,FMN 26 Stadspark
672,Rubenslei 36,2023-08-14,20:00:00,61,53,8,FMN 26 Stadspark
672,Rubenslei 36,2023-08-14,21:00:00,54,40,14,FMN 26 Stadspark
672,Rubenslei 36,2023-08-14,22:00:00,47,37,10,FMN 26 Stadspark
672,Rubenslei 36,2023-08-14,23:00:00,24,22,2,FMN 26 Stadspark
672,Rubenslei 36,2023-08-15,00:00:00,17,11,6,FMN 26 Stadspark
672,Rubenslei 36,2023-08-15,01:00:00,8,8,0,FMN 26 Stadspark
672,Rubenslei 36,2023-08-15,02:00:00,7,5,2,FMN 26 Stadspark
672,Rubenslei 36,2023-08-15,03:00:00,16,12,4,FMN 26 Stadspark
672,Rubenslei 36,2023-08-15,04:00:00,6,5,1,FMN 26 Stadspark
672,Rubenslei 36,2023-08-15,05:00:00,13,13,0,FMN 26 Stadspark
672,Rubenslei 36,2023-08-15,06:00:00,17,16,1,FMN 26 Stadspark
672,Rubenslei 36,2023-08-15,07:00:00,21,19,2,FMN 26 Stadspark
672,Rubenslei 36,2023-08-15,08:00:00,34,33,1,FMN 26 Stadspark
672,Rubenslei 36,2023-08-15,09:00:00,47,45,2,FMN 26 Stadspark
672,Rubenslei 36,2023-08-15,10:00:00,90,82,8,FMN 26 Stadspark
672,Rubenslei 36,2023-08-15,11:00:00,74,72,2,FMN 26 Stadspark
672,Rubenslei 36,2023-08-15,12:00:00,96,88,8,FMN 26 Stadspark
672,Rubenslei 36,2023-08-15,13:00:00,101,89,12,FMN 26 Stadspark
672,Rubenslei 36,2023-08-15,14:00:00,118,102,16,FMN 26 Stadspark
672,Rubenslei 36,2023-08-15,15:00:00,126,106,20,FMN 26 Stadspark
672,Rubenslei 36,2023-08-15,16:00:00,97,86,11,FMN 26 Stadspark
672,Rubenslei 36,2023-08-15,17:00:00,87,75,12,FMN 26 Stadspark
672,Rubenslei 36,2023-08-15,18:00:00,77,64,13,FMN 26 Stadspark
672,Rubenslei 36,2023-08-15,19:00:00,73,63,10,FMN 26 Stadspark
672,Rubenslei 36,2023-08-15,20:00:00,66,53,13,FMN 26 Stadspark
672,Rubenslei 36,2023-08-15,21:00:00,60,45,15,FMN 26 Stadspark
672,Rubenslei 36,2023-08-15,22:00:00,39,30,9,FMN 26 Stadspark
672,Rubenslei 36,2023-08-15,23:00:00,29,23,6,FMN 26 Stadspark
672,Rubenslei 36,2023-08-16,00:00:00,9,8,1,FMN 26 Stadspark
672,Rubenslei 36,2023-08-16,01:00:00,13,12,1,FMN 26 Stadspark
672,Rubenslei 36,2023-08-16,02:00:00,11,9,2,FMN 26 Stadspark
672,Rubenslei 36,2023-08-16,03:00:00,5,4,1,FMN 26 Stadspark
672,Rubenslei 36,2023-08-16,04:00:00,10,9,1,FMN 26 Stadspark
672,Rubenslei 36,2023-08-16,05:00:00,16,14,2,FMN 26 Stadspark
672,Rubenslei 36,2023-08-16,06:00:00,40,39,1,FMN 26 Stadspark
672,Rubenslei 36,2023-08-16,07:00:00,69,66,3,FMN 26 Stadspark
672,Rubenslei 36,2023-08-16,08:00:00,145,142,3,FMN 26 Stadspark
672,Rubenslei 36,2023-08-16,09:00:00,101,97,4,FMN 26 Stadspark
672,Rubenslei 36,2023-08-16,10:00:00,92,85,7,FMN 26 Stadspark
672,Rubenslei 36,2023-08-16,11:00:00,80,73,7,FMN 26 Stadspark
672,Rubenslei 36,2023-08-16,12:00:00,114,98,16,FMN 26 Stadspark
672,Rubenslei 36,2023-08-16,13:00:00,91,84,7,FMN 26 Stadspark
672,Rubenslei 36,2023-08-16,14:00:00,105,95,10,FMN 26 Stadspark
672,Rubenslei 36,2023-08-16,15:00:00,123,112,11,FMN 26 Stadspark
672,Rubenslei 36,2023-08-16,16:00:00,133,119,14,FMN 26 Stadspark
672,Rubenslei 36,2023-08-16,17:00:00,162,142,20,FMN 26 Stadspark
672,Rubenslei 36,2023-08-16,18:00:00,123,115,8,FMN 26 Stadspark
672,Rubenslei 36,2023-08-16,19:00:00,94,83,11,FMN 26 Stadspark
672,Rubenslei 36,2023-08-16,20:00:00,77,64,13,FMN 26 Stadspark
672,Rubenslei 36,2023-08-16,21:00:00,47,38,9,FMN 26 Stadspark
672,Rubenslei 36,2023-08-16,22:00:00,40,33,7,FMN 26 Stadspark
672,Rubenslei 36,2023-08-16,23:00:00,25,19,6,FMN 26 Stadspark
672,Rubenslei 36,2023-08-17,00:00:00,16,10,6,FMN 26 Stadspark
672,Rubenslei 36,2023-08-17,01:00:00,14,13,1,FMN 26 Stadspark
672,Rubenslei 36,2023-08-17,02:00:00,6,5,1,FMN 26 Stadspark
672,Rubenslei 36,2023-08-17,03:00:00,4,4,0,FMN 26 Stadspark
672,Rubenslei 36,2023-08-17,04:00:00,12,12,0,FMN 26 Stadspark
672,Rubenslei 36,2023-08-17,05:00:00,21,21,0,FMN 26 Stadspark
672,Rubenslei 36,2023-08-17,06:00:00,40,36,4,FMN 26 Stadspark
672,Rubenslei 36,2023-08-17,07:00:00,77,75,2,FMN 26 Stadspark
672,Rubenslei 36,2023-08-17,08:00:00,132,124,8,FMN 26 Stadspark
672,Rubenslei 36,2023-08-17,09:00:00,99,93,6,FMN 26 Stadspark
672,Rubenslei 36,2023-08-17,10:00:00,89,83,6,FMN 26 Stadspark
672,Rubenslei 36,2023-08-17,11:00:00,91,81,10,FMN 26 Stadspark
672,Rubenslei 36,2023-08-17,12:00:00,105,97,8,FMN 26 Stadspark
672,Rubenslei 36,2023-08-17,13:00:00,104,100,4,FMN 26 Stadspark
672,Rubenslei 36,2023-08-17,14:00:00,102,91,11,FMN 26 Stadspark
672,Rubenslei 36,2023-08-17,15:00:00,116,100,16,FMN 26 Stadspark
672,Rubenslei 36,2023-08-17,16:00:00,167,149,18,FMN 26 Stadspark
672,Rubenslei 36,2023-08-17,17:00:00,174,157,17,FMN 26 Stadspark
672,Rubenslei 36,2023-08-17,18:00:00,122,114,8,FMN 26 Stadspark
672,Rubenslei 36,2023-08-17,19:00:00,81,72,9,FMN 26 Stadspark
672,Rubenslei 36,2023-08-17,20:00:00,62,51,11,FMN 26 Stadspark
672,Rubenslei 36,2023-08-17,21:00:00,53,43,10,FMN 26 Stadspark
672,Rubenslei 36,2023-08-17,22:00:00,46,41,5,FMN 26 Stadspark
672,Rubenslei 36,2023-08-17,23:00:00,34,25,9,FMN 26 Stadspark
672,Rubenslei 36,2023-08-18,00:00:00,16,14,2,FMN 26 Stadspark
672,Rubenslei 36,2023-08-18,01:00:00,6,4,2,FMN 26 Stadspark
672,Rubenslei 36,2023-08-18,02:00:00,5,4,1,FMN 26 Stadspark
672,Rubenslei 36,2023-08-18,03:00:00,6,0,6,FMN 26 Stadspark
672,Rubenslei 36,2023-08-18,04:00:00,8,8,0,FMN 26 Stadspark
672,Rubenslei 36,2023-08-18,05:00:00,17,17,0,FMN 26 Stadspark
672,Rubenslei 36,2023-08-18,06:00:00,30,28,2,FMN 26 Stadspark
672,Rubenslei 36,2023-08-18,07:00:00,62,57,5,FMN 26 Stadspark
672,Rubenslei 36,2023-08-18,08:00:00,127,122,5,FMN 26 Stadspark
672,Rubenslei 36,2023-08-18,09:00:00,124,113,11,FMN 26 Stadspark
672,Rubenslei 36,2023-08-18,10:00:00,87,81,6,FMN 26 Stadspark
672,Rubenslei 36,2023-08-18,11:00:00,83,75,8,FMN 26 Stadspark
672,Rubenslei 36,2023-08-18,12:00:00,112,104,8,FMN 26 Stadspark
672,Rubenslei 36,2023-08-18,13:00:00,109,100,9,FMN 26 Stadspark
672,Rubenslei 36,2023-08-18,14:00:00,123,106,17,FMN 26 Stadspark
672,Rubenslei 36,2023-08-18,15:00:00,119,110,9,FMN 26 Stadspark
672,Rubenslei 36,2023-08-18,16:00:00,147,139,8,FMN 26 Stadspark
672,Rubenslei 36,2023-08-18,17:00:00,177,154,23,FMN 26 Stadspark
672,Rubenslei 36,2023-08-18,18:00:00,152,130,22,FMN 26 Stadspark
672,Rubenslei 36,2023-08-18,19:00:00,92,77,15,FMN 26 Stadspark
672,Rubenslei 36,2023-08-18,20:00:00,82,72,10,FMN 26 Stadspark
672,Rubenslei 36,2023-08-18,21:00:00,60,47,13,FMN 26 Stadspark
672,Rubenslei 36,2023-08-18,22:00:00,54,47,7,FMN 26 Stadspark
672,Rubenslei 36,2023-08-18,23:00:00,45,40,5,FMN 26 Stadspark
672,Rubenslei 36,2023-08-19,00:00:00,37,28,9,FMN 26 Stadspark
672,Rubenslei 36,2023-08-19,01:00:00,28,19,9,FMN 26 Stadspark
672,Rubenslei 36,2023-08-19,02:00:00,21,13,8,FMN 26 Stadspark
672,Rubenslei 36,2023-08-19,03:00:00,9,8,1,FMN 26 Stadspark
672,Rubenslei 36,2023-08-19,04:00:00,6,5,1,FMN 26 Stadspark
672,Rubenslei 36,2023-08-19,05:00:00,19,17,2,FMN 26 Stadspark
672,Rubenslei 36,2023-08-19,06:00:00,20,17,3,FMN 26 Stadspark
672,Rubenslei 36,2023-08-19,07:00:00,17,16,1,FMN 26 Stadspark
672,Rubenslei 36,2023-08-19,08:00:00,40,37,3,FMN 26 Stadspark
672,Rubenslei 36,2023-08-19,09:00:00,57,55,2,FMN 26 Stadspark
672,Rubenslei 36,2023-08-19,10:00:00,78,71,7,FMN 26 Stadspark
672,Rubenslei 36,2023-08-19,11:00:00,96,89,7,FMN 26 Stadspark
672,Rubenslei 36,2023-08-19,12:00:00,84,78,6,FMN 26 Stadspark
672,Rubenslei 36,2023-08-19,13:00:00,107,98,9,FMN 26 Stadspark
672,Rubenslei 36,2023-08-19,14:00:00,86,76,10,FMN 26 Stadspark
672,Rubenslei 36,2023-08-19,15:00:00,95,81,14,FMN 26 Stadspark
672,Rubenslei 36,2023-08-19,16:00:00,99,90,9,FMN 26 Stadspark
672,Rubenslei 36,2023-08-19,17:00:00,89,75,14,FMN 26 Stadspark
672,Rubenslei 36,2023-08-19,18:00:00,98,82,16,FMN 26 Stadspark
672,Rubenslei 36,2023-08-19,19:00:00,79,68,11,FMN 26 Stadspark
672,Rubenslei 36,2023-08-19,20:00:00,64,55,9,FMN 26 Stadspark
672,Rubenslei 36,2023-08-19,21:00:00,58,50,8,FMN 26 Stadspark
672,Rubenslei 36,2023-08-19,22:00:00,46,35,11,FMN 26 Stadspark
672,Rubenslei 36,2023-08-19,23:00:00,33,25,8,FMN 26 Stadspark
672,Rubenslei 36,2023-08-20,00:00:00,28,19,9,FMN 26 Stadspark
672,Rubenslei 36,2023-08-20,01:00:00,31,24,7,FMN 26 Stadspark
672,Rubenslei 36,2023-08-20,02:00:00,18,14,4,FMN 26 Stadspark
672,Rubenslei 36,2023-08-20,03:00:00,18,13,5,FMN 26 Stadspark
672,Rubenslei 36,2023-08-20,04:00:00,35,19,16,FMN 26 Stadspark
672,Rubenslei 36,2023-08-20,05:00:00,14,7,7,FMN 26 Stadspark
672,Rubenslei 36,2023-08-20,06:00:00,17,14,3,FMN 26 Stadspark
672,Rubenslei 36,2023-08-20,07:00:00,21,19,2,FMN 26 Stadspark
672,Rubenslei 36,2023-08-20,08:00:00,28,27,1,FMN 26 Stadspark
672,Rubenslei 36,2023-08-20,09:00:00,41,37,4,FMN 26 Stadspark
672,Rubenslei 36,2023-08-20,10:00:00,62,58,4,FMN 26 Stadspark
672,Rubenslei 36,2023-08-20,11:00:00,92,82,10,FMN 26 Stadspark
672,Rubenslei 36,2023-08-20,12:00:00,98,91,7,FMN 26 Stadspark
672,Rubenslei 36,2023-08-20,13:00:00,92,79,13,FMN 26 Stadspark
672,Rubenslei 36,2023-08-20,14:00:00,79,71,8,FMN 26 Stadspark
672,Rubenslei 36,2023-08-20,15:00:00,87,71,16,FMN 26 Stadspark
672,Rubenslei 36,2023-08-20,16:00:00,90,85,5,FMN 26 Stadspark
672,Rubenslei 36,2023-08-20,17:00:00,81,74,7,FMN 26 Stadspark
672,Rubenslei 36,2023-08-20,18:00:00,79,64,15,FMN 26 Stadspark
672,Rubenslei 36,2023-08-20,19:00:00,72,60,12,FMN 26 Stadspark
672,Rubenslei 36,2023-08-20,20:00:00,81,68,13,FMN 26 Stadspark
672,Rubenslei 36,2023-08-20,21:00:00,62,48,14,FMN 26 Stadspark
672,Rubenslei 36,2023-08-20,22:00:00,51,40,11,FMN 26 Stadspark
672,Rubenslei 36,2023-08-20,23:00:00,24,21,3,FMN 26 Stadspark
672,Rubenslei 36,2023-08-21,00:00:00,13,12,1,FMN 26 Stadspark
672,Rubenslei 36,2023-08-21,01:00:00,8,6,2,FMN 26 Stadspark
672,Rubenslei 36,2023-08-21,02:00:00,6,4,2,FMN 26 Stadspark
672,Rubenslei 36,2023-08-21,03:00:00,7,6,1,FMN 26 Stadspark
672,Rubenslei 36,2023-08-21,04:00:00,16,15,1,FMN 26 Stadspark
672,Rubenslei 36,2023-08-21,05:00:00,30,28,2,FMN 26 Stadspark
672,Rubenslei 36,2023-08-21,06:00:00,57,55,2,FMN 26 Stadspark
672,Rubenslei 36,2023-08-21,07:00:00,101,92,9,FMN 26 Stadspark
672,Rubenslei 36,2023-08-21,08:00:00,244,239,5,FMN 26 Stadspark
672,Rubenslei 36,2023-08-21,09:00:00,164,159,5,FMN 26 Stadspark
672,Rubenslei 36,2023-08-21,10:00:00,115,109,6,FMN 26 Stadspark
672,Rubenslei 36,2023-08-21,11:00:00,120,114,6,FMN 26 Stadspark
672,Rubenslei 36,2023-08-21,12:00:00,120,108,12,FMN 26 Stadspark
672,Rubenslei 36,2023-08-21,13:00:00,114,100,14,FMN 26 Stadspark
672,Rubenslei 36,2023-08-21,14:00:00,123,111,12,FMN 26 Stadspark
672,Rubenslei 36,2023-08-21,15:00:00,169,142,27,FMN 26 Stadspark
672,Rubenslei 36,2023-08-21,16:00:00,205,182,23,FMN 26 Stadspark
672,Rubenslei 36,2023-08-21,17:00:00,227,206,21,FMN 26 Stadspark
672,Rubenslei 36,2023-08-21,18:00:00,151,124,27,FMN 26 Stadspark
672,Rubenslei 36,2023-08-21,19:00:00,124,105,19,FMN 26 Stadspark
672,Rubenslei 36,2023-08-21,20:00:00,89,79,10,FMN 26 Stadspark
672,Rubenslei 36,2023-08-21,21:00:00,56,44,12,FMN 26 Stadspark
672,Rubenslei 36,2023-08-21,22:00:00,47,39,8,FMN 26 Stadspark
672,Rubenslei 36,2023-08-21,23:00:00,25,22,3,FMN 26 Stadspark
672,Rubenslei 36,2023-08-22,00:00:00,17,16,1,FMN 26 Stadspark
672,Rubenslei 36,2023-08-22,01:00:00,7,6,1,FMN 26 Stadspark
672,Rubenslei 36,2023-08-22,02:00:00,4,4,0,FMN 26 Stadspark
672,Rubenslei 36,2023-08-22,03:00:00,6,5,1,FMN 26 Stadspark
672,Rubenslei 36,2023-08-22,04:00:00,15,15,0,FMN 26 Stadspark
672,Rubenslei 36,2023-08-22,05:00:00,25,23,2,FMN 26 Stadspark
672,Rubenslei 36,2023-08-22,06:00:00,59,57,2,FMN 26 Stadspark
672,Rubenslei 36,2023-08-22,07:00:00,133,130,3,FMN 26 Stadspark
672,Rubenslei 36,2023-08-22,08:00:00,267,261,6,FMN 26 Stadspark
672,Rubenslei 36,2023-08-22,09:00:00,166,159,7,FMN 26 Stadspark
672,Rubenslei 36,2023-08-22,10:00:00,122,116,6,FMN 26 Stadspark
672,Rubenslei 36,2023-08-22,11:00:00,122,111,11,FMN 26 Stadspark
672,Rubenslei 36,2023-08-22,12:00:00,121,110,11,FMN 26 Stadspark
672,Rubenslei 36,2023-08-22,13:00:00,142,125,17,FMN 26 Stadspark
672,Rubenslei 36,2023-08-22,14:00:00,113,107,6,FMN 26 Stadspark
672,Rubenslei 36,2023-08-22,15:00:00,160,150,10,FMN 26 Stadspark
672,Rubenslei 36,2023-08-22,16:00:00,209,196,13,FMN 26 Stadspark
672,Rubenslei 36,2023-08-22,17:00:00,240,229,11,FMN 26 Stadspark
672,Rubenslei 36,2023-08-22,18:00:00,183,164,19,FMN 26 Stadspark
672,Rubenslei 36,2023-08-22,19:00:00,150,123,27,FMN 26 Stadspark
672,Rubenslei 36,2023-08-22,20:00:00,108,94,14,FMN 26 Stadspark
672,Rubenslei 36,2023-08-22,21:00:00,79,66,13,FMN 26 Stadspark
672,Rubenslei 36,2023-08-22,22:00:00,48,46,2,FMN 26 Stadspark
672,Rubenslei 36,2023-08-22,23:00:00,43,38,5,FMN 26 Stadspark
672,Rubenslei 36,2023-08-23,00:00:00,29,22,7,FMN 26 Stadspark
672,Rubenslei 36,2023-08-23,01:00:00,13,8,5,FMN 26 Stadspark
672,Rubenslei 36,2023-08-23,02:00:00,9,6,3,FMN 26 Stadspark
672,Rubenslei 36,2023-08-23,03:00:00,4,4,0,FMN 26 Stadspark
672,Rubenslei 36,2023-08-23,04:00:00,12,11,1,FMN 26 Stadspark
672,Rubenslei 36,2023-08-23,05:00:00,30,27,3,FMN 26 Stadspark
672,Rubenslei 36,2023-08-23,06:00:00,43,40,3,FMN 26 Stadspark
672,Rubenslei 36,2023-08-23,07:00:00,99,92,7,FMN 26 Stadspark
672,Rubenslei 36,2023-08-23,08:00:00,246,244,2,FMN 26 Stadspark
672,Rubenslei 36,2023-08-23,09:00:00,184,177,7,FMN 26 Stadspark
672,Rubenslei 36,2023-08-23,10:00:00,104,95,9,FMN 26 Stadspark
672,Rubenslei 36,2023-08-23,11:00:00,111,106,5,FMN 26 Stadspark
672,Rubenslei 36,2023-08-23,12:00:00,160,146,14,FMN 26 Stadspark
672,Rubenslei 36,2023-08-23,13:00:00,123,108,15,FMN 26 Stadspark
672,Rubenslei 36,2023-08-23,14:00:00,144,126,18,FMN 26 Stadspark
672,Rubenslei 36,2023-08-23,15:00:00,146,127,19,FMN 26 Stadspark
672,Rubenslei 36,2023-08-23,16:00:00,194,175,19,FMN 26 Stadspark
672,Rubenslei 36,2023-08-23,17:00:00,235,213,22,FMN 26 Stadspark
672,Rubenslei 36,2023-08-23,18:00:00,191,165,26,FMN 26 Stadspark
672,Rubenslei 36,2023-08-23,19:00:00,118,93,25,FMN 26 Stadspark
672,Rubenslei 36,2023-08-23,20:00:00,109,100,9,FMN 26 Stadspark
672,Rubenslei 36,2023-08-23,21:00:00,70,60,10,FMN 26 Stadspark
672,Rubenslei 36,2023-08-23,22:00:00,56,48,8,FMN 26 Stadspark
672,Rubenslei 36,2023-08-23,23:00:00,41,29,12,FMN 26 Stadspark
672,Rubenslei 36,2023-08-24,00:00:00,22,14,8,FMN 26 Stadspark
672,Rubenslei 36,2023-08-24,01:00:00,10,8,2,FMN 26 Stadspark
672,Rubenslei 36,2023-08-24,02:00:00,8,7,1,FMN 26 Stadspark
672,Rubenslei 36,2023-08-24,03:00:00,4,4,0,FMN 26 Stadspark
672,Rubenslei 36,2023-08-24,04:00:00,12,11,1,FMN 26 Stadspark
672,Rubenslei 36,2023-08-24,05:00:00,32,31,1,FMN 26 Stadspark
672,Rubenslei 36,2023-08-24,06:00:00,54,51,3,FMN 26 Stadspark
672,Rubenslei 36,2023-08-24,07:00:00,121,114,7,FMN 26 Stadspark
672,Rubenslei 36,2023-08-24,08:00:00,269,265,4,FMN 26 Stadspark
672,Rubenslei 36,2023-08-24,09:00:00,174,168,6,FMN 26 Stadspark
672,Rubenslei 36,2023-08-24,10:00:00,123,113,10,FMN 26 Stadspark
672,Rubenslei 36,2023-08-24,11:00:00,106,100,6,FMN 26 Stadspark
672,Rubenslei 36,2023-08-24,12:00:00,115,104,11,FMN 26 Stadspark
672,Rubenslei 36,2023-08-24,13:00:00,104,84,20,FMN 26 Stadspark
672,Rubenslei 36,2023-08-24,14:00:00,117,108,9,FMN 26 Stadspark
672,Rubenslei 36,2023-08-24,15:00:00,167,155,12,FMN 26 Stadspark
672,Rubenslei 36,2023-08-24,16:00:00,190,173,17,FMN 26 Stadspark
672,Rubenslei 36,2023-08-24,17:00:00,206,179,27,FMN 26 Stadspark
672,Rubenslei 36,2023-08-24,18:00:00,158,143,15,FMN 26 Stadspark
672,Rubenslei 36,2023-08-24,19:00:00,140,118,22,FMN 26 Stadspark
672,Rubenslei 36,2023-08-24,20:00:00,95,81,14,FMN 26 Stadspark
672,Rubenslei 36,2023-08-24,21:00:00,88,77,11,FMN 26 Stadspark
672,Rubenslei 36,2023-08-24,22:00:00,45,43,2,FMN 26 Stadspark
672,Rubenslei 36,2023-08-24,23:00:00,37,30,7,FMN 26 Stadspark
672,Rubenslei 36,2023-08-25,00:00:00,32,25,7,FMN 26 Stadspark
672,Rubenslei 36,2023-08-25,01:00:00,15,9,6,FMN 26 Stadspark
672,Rubenslei 36,2023-08-25,02:00:00,6,5,1,FMN 26 Stadspark
672,Rubenslei 36,2023-08-25,03:00:00,5,4,1,FMN 26 Stadspark
672,Rubenslei 36,2023-08-25,04:00:00,16,15,1,FMN 26 Stadspark
672,Rubenslei 36,2023-08-25,05:00:00,26,25,1,FMN 26 Stadspark
672,Rubenslei 36,2023-08-25,06:00:00,41,38,3,FMN 26 Stadspark
672,Rubenslei 36,2023-08-25,07:00:00,96,91,5,FMN 26 Stadspark
672,Rubenslei 36,2023-08-25,08:00:00,198,194,4,FMN 26 Stadspark
672,Rubenslei 36,2023-08-25,09:00:00,168,162,6,FMN 26 Stadspark
672,Rubenslei 36,2023-08-25,10:00:00,152,143,9,FMN 26 Stadspark
672,Rubenslei 36,2023-08-25,11:00:00,123,107,16,FMN 26 Stadspark
672,Rubenslei 36,2023-08-25,12:00:00,162,140,22,FMN 26 Stadspark
672,Rubenslei 36,2023-08-25,13:00:00,215,194,21,FMN 26 Stadspark
672,Rubenslei 36,2023-08-25,14:00:00,183,175,8,FMN 26 Stadspark
672,Rubenslei 36,2023-08-25,15:00:00,169,157,12,FMN 26 Stadspark
672,Rubenslei 36,2023-08-25,16:00:00,194,173,21,FMN 26 Stadspark
672,Rubenslei 36,2023-08-25,17:00:00,196,168,28,FMN 26 Stadspark
672,Rubenslei 36,2023-08-25,18:00:00,134,116,18,FMN 26 Stadspark
672,Rubenslei 36,2023-08-25,19:00:00,103,96,7,FMN 26 Stadspark
672,Rubenslei 36,2023-08-25,20:00:00,91,70,21,FMN 26 Stadspark
672,Rubenslei 36,2023-08-25,21:00:00,75,69,6,FMN 26 Stadspark
672,Rubenslei 36,2023-08-25,22:00:00,76,64,12,FMN 26 Stadspark
672,Rubenslei 36,2023-08-25,23:00:00,61,47,14,FMN 26 Stadspark
672,Rubenslei 36,2023-08-26,00:00:00,49,43,6,FMN 26 Stadspark
672,Rubenslei 36,2023-08-26,01:00:00,29,19,10,FMN 26 Stadspark
672,Rubenslei 36,2023-08-26,02:00:00,19,13,6,FMN 26 Stadspark
672,Rubenslei 36,2023-08-26,03:00:00,6,5,1,FMN 26 Stadspark
672,Rubenslei 36,2023-08-26,04:00:00,12,11,1,FMN 26 Stadspark
672,Rubenslei 36,2023-08-26,05:00:00,27,22,5,FMN 26 Stadspark
672,Rubenslei 36,2023-08-26,06:00:00,24,21,3,FMN 26 Stadspark
672,Rubenslei 36,2023-08-26,07:00:00,27,26,1,FMN 26 Stadspark
672,Rubenslei 36,2023-08-26,08:00:00,59,53,6,FMN 26 Stadspark
672,Rubenslei 36,2023-08-26,09:00:00,150,145,5,FMN 26 Stadspark
672,Rubenslei 36,2023-08-26,10:00:00,156,152,4,FMN 26 Stadspark
672,Rubenslei 36,2023-08-26,11:00:00,174,165,9,FMN 26 Stadspark
672,Rubenslei 36,2023-08-26,12:00:00,180,173,7,FMN 26 Stadspark
672,Rubenslei 36,2023-08-26,13:00:00,160,150,10,FMN 26 Stadspark
672,Rubenslei 36,2023-08-26,14:00:00,196,174,22,FMN 26 Stadspark
672,Rubenslei 36,2023-08-26,15:00:00,161,136,25,FMN 26 Stadspark
672,Rubenslei 36,2023-08-26,16:00:00,98,85,13,FMN 26 Stadspark
672,Rubenslei 36,2023-08-26,17:00:00,100,86,14,FMN 26 Stadspark
672,Rubenslei 36,2023-08-26,18:00:00,97,79,18,FMN 26 Stadspark
672,Rubenslei 36,2023-08-26,19:00:00,96,79,17,FMN 26 Stadspark
672,Rubenslei 36,2023-08-26,20:00:00,65,56,9,FMN 26 Stadspark
672,Rubenslei 36,2023-08-26,21:00:00,64,55,9,FMN 26 Stadspark
672,Rubenslei 36,2023-08-26,22:00:00,50,44,6,FMN 26 Stadspark
672,Rubenslei 36,2023-08-26,23:00:00,33,27,6,FMN 26 Stadspark
672,Rubenslei 36,2023-08-27,00:00:00,37,24,13,FMN 26 Stadspark
672,Rubenslei 36,2023-08-27,01:00:00,33,30,3,FMN 26 Stadspark
672,Rubenslei 36,2023-08-27,02:00:00,18,12,6,FMN 26 Stadspark
672,Rubenslei 36,2023-08-27,03:00:00,18,13,5,FMN 26 Stadspark
672,Rubenslei 36,2023-08-27,04:00:00,20,7,13,FMN 26 Stadspark
672,Rubenslei 36,2023-08-27,05:00:00,18,15,3,FMN 26 Stadspark
672,Rubenslei 36,2023-08-27,06:00:00,20,18,2,FMN 26 Stadspark
672,Rubenslei 36,2023-08-27,07:00:00,20,19,1,FMN 26 Stadspark
672,Rubenslei 36,2023-08-27,08:00:00,20,19,1,FMN 26 Stadspark
672,Rubenslei 36,2023-08-27,09:00:00,54,48,6,FMN 26 Stadspark
672,Rubenslei 36,2023-08-27,10:00:00,96,90,6,FMN 26 Stadspark
672,Rubenslei 36,2023-08-27,11:00:00,95,84,11,FMN 26 Stadspark
672,Rubenslei 36,2023-08-27,12:00:00,130,114,16,FMN 26 Stadspark
672,Rubenslei 36,2023-08-27,13:00:00,78,69,9,FMN 26 Stadspark
672,Rubenslei 36,2023-08-27,14:00:00,98,88,10,FMN 26 Stadspark
672,Rubenslei 36,2023-08-27,15:00:00,55,46,9,FMN 26 Stadspark
672,Rubenslei 36,2023-08-27,16:00:00,110,99,11,FMN 26 Stadspark
672,Rubenslei 36,2023-08-27,17:00:00,105,96,9,FMN 26 Stadspark
672,Rubenslei 36,2023-08-27,18:00:00,103,86,17,FMN 26 Stadspark
672,Rubenslei 36,2023-08-27,19:00:00,87,79,8,FMN 26 Stadspark
672,Rubenslei 36,2023-08-27,20:00:00,81,76,5,FMN 26 Stadspark
672,Rubenslei 36,2023-08-27,21:00:00,95,73,22,FMN 26 Stadspark
672,Rubenslei 36,2023-08-27,22:00:00,36,27,9,FMN 26 Stadspark
672,Rubenslei 36,2023-08-27,23:00:00,33,24,9,FMN 26 Stadspark
672,Rubenslei 36,2023-08-28,00:00:00,7,7,0,FMN 26 Stadspark
672,Rubenslei 36,2023-08-28,01:00:00,20,16,4,FMN 26 Stadspark
672,Rubenslei 36,2023-08-28,02:00:00,4,4,0,FMN 26 Stadspark
672,Rubenslei 36,2023-08-28,03:00:00,1,1,0,FMN 26 Stadspark
672,Rubenslei 36,2023-08-28,04:00:00,6,6,0,FMN 26 Stadspark
672,Rubenslei 36,2023-08-28,05:00:00,29,27,2,FMN 26 Stadspark
672,Rubenslei 36,2023-08-28,06:00:00,57,52,5,FMN 26 Stadspark
672,Rubenslei 36,2023-08-28,07:00:00,100,96,4,FMN 26 Stadspark
672,Rubenslei 36,2023-08-28,08:00:00,249,244,5,FMN 26 Stadspark
672,Rubenslei 36,2023-08-28,09:00:00,164,157,7,FMN 26 Stadspark
672,Rubenslei 36,2023-08-28,10:00:00,136,127,9,FMN 26 Stadspark
672,Rubenslei 36,2023-08-28,11:00:00,124,115,9,FMN 26 Stadspark
672,Rubenslei 36,2023-08-28,12:00:00,122,118,4,FMN 26 Stadspark
672,Rubenslei 36,2023-08-28,13:00:00,130,116,14,FMN 26 Stadspark
672,Rubenslei 36,2023-08-28,14:00:00,141,131,10,FMN 26 Stadspark
672,Rubenslei 36,2023-08-28,15:00:00,133,121,12,FMN 26 Stadspark
672,Rubenslei 36,2023-08-28,16:00:00,163,144,19,FMN 26 Stadspark
672,Rubenslei 36,2023-08-28,17:00:00,230,205,25,FMN 26 Stadspark
672,Rubenslei 36,2023-08-28,18:00:00,121,104,17,FMN 26 Stadspark
672,Rubenslei 36,2023-08-28,19:00:00,108,97,11,FMN 26 Stadspark
672,Rubenslei 36,2023-08-28,20:00:00,59,47,12,FMN 26 Stadspark
672,Rubenslei 36,2023-08-28,21:00:00,67,55,12,FMN 26 Stadspark
672,Rubenslei 36,2023-08-28,22:00:00,60,50,10,FMN 26 Stadspark
672,Rubenslei 36,2023-08-28,23:00:00,18,17,1,FMN 26 Stadspark
672,Rubenslei 36,2023-08-29,00:00:00,13,12,1,FMN 26 Stadspark
672,Rubenslei 36,2023-08-29,01:00:00,7,7,0,FMN 26 Stadspark
672,Rubenslei 36,2023-08-29,02:00:00,2,1,1,FMN 26 Stadspark
672,Rubenslei 36,2023-08-29,03:00:00,6,6,0,FMN 26 Stadspark
672,Rubenslei 36,2023-08-29,04:00:00,13,13,0,FMN 26 Stadspark
672,Rubenslei 36,2023-08-29,05:00:00,26,25,1,FMN 26 Stadspark
672,Rubenslei 36,2023-08-29,06:00:00,38,36,2,FMN 26 Stadspark
672,Rubenslei 36,2023-08-29,07:00:00,127,122,5,FMN 26 Stadspark
672,Rubenslei 36,2023-08-29,08:00:00,271,266,5,FMN 26 Stadspark
672,Rubenslei 36,2023-08-29,09:00:00,200,193,7,FMN 26 Stadspark
672,Rubenslei 36,2023-08-29,10:00:00,127,116,11,FMN 26 Stadspark
672,Rubenslei 36,2023-08-29,11:00:00,131,126,5,FMN 26 Stadspark
672,Rubenslei 36,2023-08-29,12:00:00,149,141,8,FMN 26 Stadspark
672,Rubenslei 36,2023-08-29,13:00:00,148,132,16,FMN 26 Stadspark
672,Rubenslei 36,2023-08-29,14:00:00,152,138,14,FMN 26 Stadspark
672,Rubenslei 36,2023-08-29,15:00:00,185,168,17,FMN 26 Stadspark
672,Rubenslei 36,2023-08-29,16:00:00,188,177,11,FMN 26 Stadspark
672,Rubenslei 36,2023-08-29,17:00:00,255,231,24,FMN 26 Stadspark
672,Rubenslei 36,2023-08-29,18:00:00,167,145,22,FMN 26 Stadspark
672,Rubenslei 36,2023-08-29,19:00:00,134,116,18,FMN 26 Stadspark
672,Rubenslei 36,2023-08-29,20:00:00,111,97,14,FMN 26 Stadspark
672,Rubenslei 36,2023-08-29,21:00:00,73,68,5,FMN 26 Stadspark
672,Rubenslei 36,2023-08-29,22:00:00,63,55,8,FMN 26 Stadspark
672,Rubenslei 36,2023-08-29,23:00:00,27,18,9,FMN 26 Stadspark
672,Rubenslei 36,2023-08-30,00:00:00,19,17,2,FMN 26 Stadspark
672,Rubenslei 36,2023-08-30,01:00:00,13,10,3,FMN 26 Stadspark
672,Rubenslei 36,2023-08-30,02:00:00,10,8,2,FMN 26 Stadspark
672,Rubenslei 36,2023-08-30,03:00:00,5,4,1,FMN 26 Stadspark
672,Rubenslei 36,2023-08-30,04:00:00,12,11,1,FMN 26 Stadspark
672,Rubenslei 36,2023-08-30,05:00:00,25,25,0,FMN 26 Stadspark
672,Rubenslei 36,2023-08-30,06:00:00,50,48,2,FMN 26 Stadspark
672,Rubenslei 36,2023-08-30,07:00:00,89,85,4,FMN 26 Stadspark
672,Rubenslei 36,2023-08-30,08:00:00,199,194,5,FMN 26 Stadspark
672,Rubenslei 36,2023-08-30,09:00:00,172,169,3,FMN 26 Stadspark
672,Rubenslei 36,2023-08-30,10:00:00,119,118,1,FMN 26 Stadspark
672,Rubenslei 36,2023-08-30,11:00:00,104,101,3,FMN 26 Stadspark
672,Rubenslei 36,2023-08-30,12:00:00,154,141,13,FMN 26 Stadspark
672,Rubenslei 36,2023-08-30,13:00:00,149,136,13,FMN 26 Stadspark
672,Rubenslei 36,2023-08-30,14:00:00,154,143,11,FMN 26 Stadspark
672,Rubenslei 36,2023-08-30,15:00:00,151,136,15,FMN 26 Stadspark
672,Rubenslei 36,2023-08-30,16:00:00,187,168,19,FMN 26 Stadspark
672,Rubenslei 36,2023-08-30,17:00:00,187,173,14,FMN 26 Stadspark
672,Rubenslei 36,2023-08-30,18:00:00,180,156,24,FMN 26 Stadspark
672,Rubenslei 36,2023-08-30,19:00:00,139,116,23,FMN 26 Stadspark
672,Rubenslei 36,2023-08-30,20:00:00,80,76,4,FMN 26 Stadspark
672,Rubenslei 36,2023-08-30,21:00:00,67,61,6,FMN 26 Stadspark
672,Rubenslei 36,2023-08-30,22:00:00,63,49,14,FMN 26 Stadspark
672,Rubenslei 36,2023-08-30,23:00:00,26,22,4,FMN 26 Stadspark
672,Rubenslei 36,2023-08-31,00:00:00,33,30,3,FMN 26 Stadspark
672,Rubenslei 36,2023-08-31,01:00:00,6,5,1,FMN 26 Stadspark
672,Rubenslei 36,2023-08-31,02:00:00,11,9,2,FMN 26 Stadspark
672,Rubenslei 36,2023-08-31,03:00:00,9,6,3,FMN 26 Stadspark
672,Rubenslei 36,2023-08-31,04:00:00,11,10,1,FMN 26 Stadspark
672,Rubenslei 36,2023-08-31,05:00:00,26,25,1,FMN 26 Stadspark
672,Rubenslei 36,2023-08-31,06:00:00,51,50,1,FMN 26 Stadspark
672,Rubenslei 36,2023-08-31,07:00:00,115,113,2,FMN 26 Stadspark
672,Rubenslei 36,2023-08-31,08:00:00,275,271,4,FMN 26 Stadspark
672,Rubenslei 36,2023-08-31,09:00:00,178,172,6,FMN 26 Stadspark
672,Rubenslei 36,2023-08-31,10:00:00,131,118,13,FMN 26 Stadspark
672,Rubenslei 36,2023-08-31,11:00:00,148,134,14,FMN 26 Stadspark
672,Rubenslei 36,2023-08-31,12:00:00,179,161,18,FMN 26 Stadspark
672,Rubenslei 36,2023-08-31,13:00:00,156,142,14,FMN 26 Stadspark
672,Rubenslei 36,2023-08-31,14:00:00,148,135,13,FMN 26 Stadspark
672,Rubenslei 36,2023-08-31,15:00:00,191,177,14,FMN 26 Stadspark
672,Rubenslei 36,2023-08-31,16:00:00,200,186,14,FMN 26 Stadspark
672,Rubenslei 36,2023-08-31,17:00:00,224,200,24,FMN 26 Stadspark
672,Rubenslei 36,2023-08-31,18:00:00,160,142,18,FMN 26 Stadspark
672,Rubenslei 36,2023-08-31,19:00:00,137,123,14,FMN 26 Stadspark
672,Rubenslei 36,2023-08-31,20:00:00,96,80,16,FMN 26 Stadspark
672,Rubenslei 36,2023-08-31,21:00:00,72,65,7,FMN 26 Stadspark
672,Rubenslei 36,2023-08-31,22:00:00,70,56,14,FMN 26 Stadspark
672,Rubenslei 36,2023-08-31,23:00:00,40,34,6,FMN 26 Stadspark
672,Rubenslei 36,2023-09-01,00:00:00,23,19,4,FMN 26 Stadspark
672,Rubenslei 36,2023-09-01,01:00:00,7,3,4,FMN 26 Stadspark
672,Rubenslei 36,2023-09-01,02:00:00,7,4,3,FMN 26 Stadspark
672,Rubenslei 36,2023-09-01,03:00:00,4,2,2,FMN 26 Stadspark
672,Rubenslei 36,2023-09-01,04:00:00,5,5,0,FMN 26 Stadspark
672,Rubenslei 36,2023-09-01,05:00:00,21,21,0,FMN 26 Stadspark
672,Rubenslei 36,2023-09-01,06:00:00,39,38,1,FMN 26 Stadspark
672,Rubenslei 36,2023-09-01,07:00:00,114,111,3,FMN 26 Stadspark
672,Rubenslei 36,2023-09-01,08:00:00,247,240,7,FMN 26 Stadspark
672,Rubenslei 36,2023-09-01,09:00:00,194,182,12,FMN 26 Stadspark
672,Rubenslei 36,2023-09-01,10:00:00,63,60,3,FMN 26 Stadspark
672,Rubenslei 36,2023-09-01,11:00:00,67,62,5,FMN 26 Stadspark
672,Rubenslei 36,2023-09-01,12:00:00,107,97,10,FMN 26 Stadspark
672,Rubenslei 36,2023-09-01,13:00:00,121,107,14,FMN 26 Stadspark
672,Rubenslei 36,2023-09-01,14:00:00,126,107,19,FMN 26 Stadspark
672,Rubenslei 36,2023-09-01,15:00:00,213,197,16,FMN 26 Stadspark
672,Rubenslei 36,2023-09-01,16:00:00,198,175,23,FMN 26 Stadspark
672,Rubenslei 36,2023-09-01,17:00:00,196,183,13,FMN 26 Stadspark
672,Rubenslei 36,2023-09-01,18:00:00,146,134,12,FMN 26 Stadspark
672,Rubenslei 36,2023-09-01,19:00:00,141,123,18,FMN 26 Stadspark
672,Rubenslei 36,2023-09-01,20:00:00,97,86,11,FMN 26 Stadspark
672,Rubenslei 36,2023-09-01,21:00:00,75,65,10,FMN 26 Stadspark
672,Rubenslei 36,2023-09-01,22:00:00,50,42,8,FMN 26 Stadspark
672,Rubenslei 36,2023-09-01,23:00:00,45,35,10,FMN 26 Stadspark
672,Rubenslei 36,2023-09-02,00:00:00,30,25,5,FMN 26 Stadspark
672,Rubenslei 36,2023-09-02,01:00:00,37,30,7,FMN 26 Stadspark
672,Rubenslei 36,2023-09-02,02:00:00,49,38,11,FMN 26 Stadspark
672,Rubenslei 36,2023-09-02,03:00:00,23,16,7,FMN 26 Stadspark
672,Rubenslei 36,2023-09-02,04:00:00,15,11,4,FMN 26 Stadspark
672,Rubenslei 36,2023-09-02,05:00:00,22,19,3,FMN 26 Stadspark
672,Rubenslei 36,2023-09-02,06:00:00,21,20,1,FMN 26 Stadspark
672,Rubenslei 36,2023-09-02,07:00:00,26,25,1,FMN 26 Stadspark
672,Rubenslei 36,2023-09-02,08:00:00,37,35,2,FMN 26 Stadspark
672,Rubenslei 36,2023-09-02,09:00:00,73,66,7,FMN 26 Stadspark
672,Rubenslei 36,2023-09-02,10:00:00,125,117,8,FMN 26 Stadspark
672,Rubenslei 36,2023-09-02,11:00:00,156,146,10,FMN 26 Stadspark
672,Rubenslei 36,2023-09-02,12:00:00,161,141,20,FMN 26 Stadspark
672,Rubenslei 36,2023-09-02,13:00:00,121,104,17,FMN 26 Stadspark
672,Rubenslei 36,2023-09-02,14:00:00,141,130,11,FMN 26 Stadspark
672,Rubenslei 36,2023-09-02,15:00:00,146,131,15,FMN 26 Stadspark
672,Rubenslei 36,2023-09-02,16:00:00,120,105,15,FMN 26 Stadspark
672,Rubenslei 36,2023-09-02,17:00:00,118,98,20,FMN 26 Stadspark
672,Rubenslei 36,2023-09-02,18:00:00,111,95,16,FMN 26 Stadspark
672,Rubenslei 36,2023-09-02,19:00:00,103,94,9,FMN 26 Stadspark
672,Rubenslei 36,2023-09-02,20:00:00,98,84,14,FMN 26 Stadspark
672,Rubenslei 36,2023-09-02,21:00:00,75,61,14,FMN 26 Stadspark
672,Rubenslei 36,2023-09-02,22:00:00,71,63,8,FMN 26 Stadspark
672,Rubenslei 36,2023-09-02,23:00:00,36,31,5,FMN 26 Stadspark
672,Rubenslei 36,2023-09-03,00:00:00,46,37,9,FMN 26 Stadspark
672,Rubenslei 36,2023-09-03,01:00:00,26,21,5,FMN 26 Stadspark
672,Rubenslei 36,2023-09-03,02:00:00,22,18,4,FMN 26 Stadspark
672,Rubenslei 36,2023-09-03,03:00:00,14,11,3,FMN 26 Stadspark
672,Rubenslei 36,2023-09-03,04:00:00,27,23,4,FMN 26 Stadspark
672,Rubenslei 36,2023-09-03,05:00:00,21,15,6,FMN 26 Stadspark
672,Rubenslei 36,2023-09-03,06:00:00,23,19,4,FMN 26 Stadspark
672,Rubenslei 36,2023-09-03,07:00:00,15,14,1,FMN 26 Stadspark
672,Rubenslei 36,2023-09-03,08:00:00,19,17,2,FMN 26 Stadspark
672,Rubenslei 36,2023-09-03,09:00:00,49,47,2,FMN 26 Stadspark
672,Rubenslei 36,2023-09-03,10:00:00,152,139,13,FMN 26 Stadspark
672,Rubenslei 36,2023-09-03,11:00:00,123,107,16,FMN 26 Stadspark
672,Rubenslei 36,2023-09-03,12:00:00,119,107,12,FMN 26 Stadspark
672,Rubenslei 36,2023-09-03,13:00:00,127,115,12,FMN 26 Stadspark
672,Rubenslei 36,2023-09-03,14:00:00,142,128,14,FMN 26 Stadspark
672,Rubenslei 36,2023-09-03,15:00:00,130,113,17,FMN 26 Stadspark
672,Rubenslei 36,2023-09-03,16:00:00,102,90,12,FMN 26 Stadspark
672,Rubenslei 36,2023-09-03,17:00:00,99,92,7,FMN 26 Stadspark
672,Rubenslei 36,2023-09-03,18:00:00,113,93,20,FMN 26 Stadspark
672,Rubenslei 36,2023-09-03,19:00:00,103,93,10,FMN 26 Stadspark
672,Rubenslei 36,2023-09-03,20:00:00,99,83,16,FMN 26 Stadspark
672,Rubenslei 36,2023-09-03,21:00:00,89,80,9,FMN 26 Stadspark
672,Rubenslei 36,2023-09-03,22:00:00,38,28,10,FMN 26 Stadspark
672,Rubenslei 36,2023-09-03,23:00:00,29,22,7,FMN 26 Stadspark
672,Rubenslei 36,2023-09-04,00:00:00,16,14,2,FMN 26 Stadspark
672,Rubenslei 36,2023-09-04,01:00:00,12,8,4,FMN 26 Stadspark
672,Rubenslei 36,2023-09-04,02:00:00,6,4,2,FMN 26 Stadspark
672,Rubenslei 36,2023-09-04,03:00:00,8,8,0,FMN 26 Stadspark
672,Rubenslei 36,2023-09-04,04:00:00,16,13,3,FMN 26 Stadspark
672,Rubenslei 36,2023-09-04,05:00:00,31,31,0,FMN 26 Stadspark
672,Rubenslei 36,2023-09-04,06:00:00,50,44,6,FMN 26 Stadspark
672,Rubenslei 36,2023-09-04,07:00:00,182,179,3,FMN 26 Stadspark
672,Rubenslei 36,2023-09-04,08:00:00,435,428,7,FMN 26 Stadspark
672,Rubenslei 36,2023-09-04,09:00:00,184,179,5,FMN 26 Stadspark
672,Rubenslei 36,2023-09-04,10:00:00,110,104,6,FMN 26 Stadspark
672,Rubenslei 36,2023-09-04,11:00:00,108,99,9,FMN 26 Stadspark
672,Rubenslei 36,2023-09-04,12:00:00,151,139,12,FMN 26 Stadspark
672,Rubenslei 36,2023-09-04,13:00:00,137,121,16,FMN 26 Stadspark
672,Rubenslei 36,2023-09-04,14:00:00,116,105,11,FMN 26 Stadspark
672,Rubenslei 36,2023-09-04,15:00:00,202,175,27,FMN 26 Stadspark
672,Rubenslei 36,2023-09-04,16:00:00,282,262,20,FMN 26 Stadspark
672,Rubenslei 36,2023-09-04,17:00:00,234,215,19,FMN 26 Stadspark
672,Rubenslei 36,2023-09-04,18:00:00,203,180,23,FMN 26 Stadspark
672,Rubenslei 36,2023-09-04,19:00:00,110,89,21,FMN 26 Stadspark
672,Rubenslei 36,2023-09-04,20:00:00,116,93,23,FMN 26 Stadspark
672,Rubenslei 36,2023-09-04,21:00:00,74,62,12,FMN 26 Stadspark
672,Rubenslei 36,2023-09-04,22:00:00,55,50,5,FMN 26 Stadspark
672,Rubenslei 36,2023-09-04,23:00:00,27,21,6,FMN 26 Stadspark
672,Rubenslei 36,2023-09-05,00:00:00,17,11,6,FMN 26 Stadspark
672,Rubenslei 36,2023-09-05,01:00:00,11,9,2,FMN 26 Stadspark
672,Rubenslei 36,2023-09-05,02:00:00,6,4,2,FMN 26 Stadspark
672,Rubenslei 36,2023-09-05,03:00:00,11,8,3,FMN 26 Stadspark
672,Rubenslei 36,2023-09-05,04:00:00,9,8,1,FMN 26 Stadspark
672,Rubenslei 36,2023-09-05,05:00:00,24,24,0,FMN 26 Stadspark
672,Rubenslei 36,2023-09-05,06:00:00,48,46,2,FMN 26 Stadspark
672,Rubenslei 36,2023-09-05,07:00:00,187,183,4,FMN 26 Stadspark
672,Rubenslei 36,2023-09-05,08:00:00,486,473,13,FMN 26 Stadspark
672,Rubenslei 36,2023-09-05,09:00:00,181,175,6,FMN 26 Stadspark
672,Rubenslei 36,2023-09-05,10:00:00,142,130,12,FMN 26 Stadspark
672,Rubenslei 36,2023-09-05,11:00:00,123,118,5,FMN 26 Stadspark
672,Rubenslei 36,2023-09-05,12:00:00,168,148,20,FMN 26 Stadspark
672,Rubenslei 36,2023-09-05,13:00:00,124,119,5,FMN 26 Stadspark
672,Rubenslei 36,2023-09-05,14:00:00,132,122,10,FMN 26 Stadspark
672,Rubenslei 36,2023-09-05,15:00:00,209,192,17,FMN 26 Stadspark
672,Rubenslei 36,2023-09-05,16:00:00,288,271,17,FMN 26 Stadspark
672,Rubenslei 36,2023-09-05,17:00:00,270,251,19,FMN 26 Stadspark
672,Rubenslei 36,2023-09-05,18:00:00,209,191,18,FMN 26 Stadspark
672,Rubenslei 36,2023-09-05,19:00:00,149,134,15,FMN 26 Stadspark
672,Rubenslei 36,2023-09-05,20:00:00,125,104,21,FMN 26 Stadspark
672,Rubenslei 36,2023-09-05,21:00:00,114,90,24,FMN 26 Stadspark
672,Rubenslei 36,2023-09-05,22:00:00,76,66,10,FMN 26 Stadspark
672,Rubenslei 36,2023-09-05,23:00:00,30,21,9,FMN 26 Stadspark
672,Rubenslei 36,2023-09-06,00:00:00,21,18,3,FMN 26 Stadspark
672,Rubenslei 36,2023-09-06,01:00:00,7,6,1,FMN 26 Stadspark
672,Rubenslei 36,2023-09-06,02:00:00,3,3,0,FMN 26 Stadspark
672,Rubenslei 36,2023-09-06,03:00:00,14,9,5,FMN 26 Stadspark
672,Rubenslei 36,2023-09-06,04:00:00,8,7,1,FMN 26 Stadspark
672,Rubenslei 36,2023-09-06,05:00:00,29,28,1,FMN 26 Stadspark
672,Rubenslei 36,2023-09-06,06:00:00,49,49,0,FMN 26 Stadspark
672,Rubenslei 36,2023-09-06,07:00:00,148,145,3,FMN 26 Stadspark
672,Rubenslei 36,2023-09-06,08:00:00,425,417,8,FMN 26 Stadspark
672,Rubenslei 36,2023-09-06,09:00:00,175,169,6,FMN 26 Stadspark
672,Rubenslei 36,2023-09-06,10:00:00,138,135,3,FMN 26 Stadspark
672,Rubenslei 36,2023-09-06,11:00:00,125,119,6,FMN 26 Stadspark
672,Rubenslei 36,2023-09-06,12:00:00,230,210,20,FMN 26 Stadspark
672,Rubenslei 36,2023-09-06,13:00:00,168,153,15,FMN 26 Stadspark
672,Rubenslei 36,2023-09-06,14:00:00,169,153,16,FMN 26 Stadspark
672,Rubenslei 36,2023-09-06,15:00:00,167,145,22,FMN 26 Stadspark
672,Rubenslei 36,2023-09-06,16:00:00,199,176,23,FMN 26 Stadspark
672,Rubenslei 36,2023-09-06,17:00:00,229,210,19,FMN 26 Stadspark
672,Rubenslei 36,2023-09-06,18:00:00,166,149,17,FMN 26 Stadspark
672,Rubenslei 36,2023-09-06,19:00:00,149,124,25,FMN 26 Stadspark
672,Rubenslei 36,2023-09-06,20:00:00,111,87,24,FMN 26 Stadspark
672,Rubenslei 36,2023-09-06,21:00:00,86,71,15,FMN 26 Stadspark
672,Rubenslei 36,2023-09-06,22:00:00,91,74,17,FMN 26 Stadspark
672,Rubenslei 36,2023-09-06,23:00:00,34,22,12,FMN 26 Stadspark
672,Rubenslei 36,2023-09-07,00:00:00,19,15,4,FMN 26 Stadspark
672,Rubenslei 36,2023-09-07,01:00:00,12,8,4,FMN 26 Stadspark
672,Rubenslei 36,2023-09-07,02:00:00,6,5,1,FMN 26 Stadspark
672,Rubenslei 36,2023-09-07,03:00:00,2,2,0,FMN 26 Stadspark
672,Rubenslei 36,2023-09-07,04:00:00,8,6,2,FMN 26 Stadspark
672,Rubenslei 36,2023-09-07,05:00:00,34,33,1,FMN 26 Stadspark
672,Rubenslei 36,2023-09-07,06:00:00,49,47,2,FMN 26 Stadspark
672,Rubenslei 36,2023-09-07,07:00:00,175,170,5,FMN 26 Stadspark
672,Rubenslei 36,2023-09-07,08:00:00,458,444,14,FMN 26 Stadspark
672,Rubenslei 36,2023-09-07,09:00:00,206,198,8,FMN 26 Stadspark
672,Rubenslei 36,2023-09-07,10:00:00,130,123,7,FMN 26 Stadspark
672,Rubenslei 36,2023-09-07,11:00:00,114,107,7,FMN 26 Stadspark
672,Rubenslei 36,2023-09-07,12:00:00,189,177,12,FMN 26 Stadspark
672,Rubenslei 36,2023-09-07,13:00:00,126,112,14,FMN 26 Stadspark
672,Rubenslei 36,2023-09-07,14:00:00,124,111,13,FMN 26 Stadspark
672,Rubenslei 36,2023-09-07,15:00:00,231,214,17,FMN 26 Stadspark
672,Rubenslei 36,2023-09-07,16:00:00,252,234,18,FMN 26 Stadspark
672,Rubenslei 36,2023-09-07,17:00:00,253,230,23,FMN 26 Stadspark
672,Rubenslei 36,2023-09-07,18:00:00,179,160,19,FMN 26 Stadspark
672,Rubenslei 36,2023-09-07,19:00:00,140,124,16,FMN 26 Stadspark
672,Rubenslei 36,2023-09-07,20:00:00,116,99,17,FMN 26 Stadspark
672,Rubenslei 36,2023-09-07,21:00:00,115,95,20,FMN 26 Stadspark
672,Rubenslei 36,2023-09-07,22:00:00,87,75,12,FMN 26 Stadspark
672,Rubenslei 36,2023-09-07,23:00:00,50,34,16,FMN 26 Stadspark
672,Rubenslei 36,2023-09-08,00:00:00,18,16,2,FMN 26 Stadspark
672,Rubenslei 36,2023-09-08,01:00:00,22,13,9,FMN 26 Stadspark
672,Rubenslei 36,2023-09-08,02:00:00,7,4,3,FMN 26 Stadspark
672,Rubenslei 36,2023-09-08,03:00:00,10,9,1,FMN 26 Stadspark
672,Rubenslei 36,2023-09-08,04:00:00,10,8,2,FMN 26 Stadspark
672,Rubenslei 36,2023-09-08,05:00:00,34,30,4,FMN 26 Stadspark
672,Rubenslei 36,2023-09-08,06:00:00,43,41,2,FMN 26 Stadspark
672,Rubenslei 36,2023-09-08,07:00:00,128,127,1,FMN 26 Stadspark
672,Rubenslei 36,2023-09-08,08:00:00,377,361,16,FMN 26 Stadspark
672,Rubenslei 36,2023-09-08,09:00:00,182,170,12,FMN 26 Stadspark
672,Rubenslei 36,2023-09-08,10:00:00,115,109,6,FMN 26 Stadspark
672,Rubenslei 36,2023-09-08,11:00:00,128,122,6,FMN 26 Stadspark
672,Rubenslei 36,2023-09-08,12:00:00,160,145,15,FMN 26 Stadspark
672,Rubenslei 36,2023-09-08,13:00:00,134,117,17,FMN 26 Stadspark
672,Rubenslei 36,2023-09-08,14:00:00,161,141,20,FMN 26 Stadspark
672,Rubenslei 36,2023-09-08,15:00:00,230,202,28,FMN 26 Stadspark
672,Rubenslei 36,2023-09-08,16:00:00,229,215,14,FMN 26 Stadspark
672,Rubenslei 36,2023-09-08,17:00:00,240,225,15,FMN 26 Stadspark
672,Rubenslei 36,2023-09-08,18:00:00,183,163,20,FMN 26 Stadspark
672,Rubenslei 36,2023-09-08,19:00:00,140,129,11,FMN 26 Stadspark
672,Rubenslei 36,2023-09-08,20:00:00,117,107,10,FMN 26 Stadspark
672,Rubenslei 36,2023-09-08,21:00:00,93,84,9,FMN 26 Stadspark
672,Rubenslei 36,2023-09-08,22:00:00,49,43,6,FMN 26 Stadspark
672,Rubenslei 36,2023-09-08,23:00:00,61,46,15,FMN 26 Stadspark
672,Rubenslei 36,2023-09-09,00:00:00,43,37,6,FMN 26 Stadspark
672,Rubenslei 36,2023-09-09,01:00:00,31,21,10,FMN 26 Stadspark
672,Rubenslei 36,2023-09-09,02:00:00,29,22,7,FMN 26 Stadspark
672,Rubenslei 36,2023-09-09,03:00:00,13,10,3,FMN 26 Stadspark
672,Rubenslei 36,2023-09-09,04:00:00,16,15,1,FMN 26 Stadspark
672,Rubenslei 36,2023-09-09,05:00:00,29,25,4,FMN 26 Stadspark
672,Rubenslei 36,2023-09-09,06:00:00,22,21,1,FMN 26 Stadspark
672,Rubenslei 36,2023-09-09,07:00:00,33,31,2,FMN 26 Stadspark
672,Rubenslei 36,2023-09-09,08:00:00,66,62,4,FMN 26 Stadspark
672,Rubenslei 36,2023-09-09,09:00:00,101,88,13,FMN 26 Stadspark
672,Rubenslei 36,2023-09-09,10:00:00,116,108,8,FMN 26 Stadspark
672,Rubenslei 36,2023-09-09,11:00:00,131,118,13,FMN 26 Stadspark
672,Rubenslei 36,2023-09-09,12:00:00,143,130,13,FMN 26 Stadspark
672,Rubenslei 36,2023-09-09,13:00:00,145,128,17,FMN 26 Stadspark
672,Rubenslei 36,2023-09-09,14:00:00,120,99,21,FMN 26 Stadspark
672,Rubenslei 36,2023-09-09,15:00:00,130,106,24,FMN 26 Stadspark
672,Rubenslei 36,2023-09-09,16:00:00,115,98,17,FMN 26 Stadspark
672,Rubenslei 36,2023-09-09,17:00:00,125,113,12,FMN 26 Stadspark
672,Rubenslei 36,2023-09-09,18:00:00,125,113,12,FMN 26 Stadspark
672,Rubenslei 36,2023-09-09,19:00:00,121,100,21,FMN 26 Stadspark
672,Rubenslei 36,2023-09-09,20:00:00,83,74,9,FMN 26 Stadspark
672,Rubenslei 36,2023-09-09,21:00:00,70,57,13,FMN 26 Stadspark
672,Rubenslei 36,2023-09-09,22:00:00,54,46,8,FMN 26 Stadspark
672,Rubenslei 36,2023-09-09,23:00:00,49,37,12,FMN 26 Stadspark
672,Rubenslei 36,2023-09-10,00:00:00,45,37,8,FMN 26 Stadspark
672,Rubenslei 36,2023-09-10,01:00:00,26,18,8,FMN 26 Stadspark
672,Rubenslei 36,2023-09-10,02:00:00,18,7,11,FMN 26 Stadspark
672,Rubenslei 36,2023-09-10,03:00:00,16,8,8,FMN 26 Stadspark
672,Rubenslei 36,2023-09-10,04:00:00,11,8,3,FMN 26 Stadspark
672,Rubenslei 36,2023-09-10,05:00:00,22,19,3,FMN 26 Stadspark
672,Rubenslei 36,2023-09-10,06:00:00,26,22,4,FMN 26 Stadspark
672,Rubenslei 36,2023-09-10,07:00:00,25,23,2,FMN 26 Stadspark
672,Rubenslei 36,2023-09-10,08:00:00,51,46,5,FMN 26 Stadspark
672,Rubenslei 36,2023-09-10,09:00:00,69,63,6,FMN 26 Stadspark
672,Rubenslei 36,2023-09-10,10:00:00,101,87,14,FMN 26 Stadspark
672,Rubenslei 36,2023-09-10,11:00:00,106,102,4,FMN 26 Stadspark
672,Rubenslei 36,2023-09-10,12:00:00,114,104,10,FMN 26 Stadspark
672,Rubenslei 36,2023-09-10,13:00:00,151,133,18,FMN 26 Stadspark
672,Rubenslei 36,2023-09-10,14:00:00,132,118,14,FMN 26 Stadspark
672,Rubenslei 36,2023-09-10,15:00:00,100,87,13,FMN 26 Stadspark
672,Rubenslei 36,2023-09-10,16:00:00,96,82,14,FMN 26 Stadspark
672,Rubenslei 36,2023-09-10,17:00:00,105,89,16,FMN 26 Stadspark
672,Rubenslei 36,2023-09-10,18:00:00,102,88,14,FMN 26 Stadspark
672,Rubenslei 36,2023-09-10,19:00:00,106,89,17,FMN 26 Stadspark
672,Rubenslei 36,2023-09-10,20:00:00,76,69,7,FMN 26 Stadspark
672,Rubenslei 36,2023-09-10,21:00:00,75,67,8,FMN 26 Stadspark
672,Rubenslei 36,2023-09-10,22:00:00,56,43,13,FMN 26 Stadspark
672,Rubenslei 36,2023-09-10,23:00:00,32,27,5,FMN 26 Stadspark
672,Rubenslei 36,2023-09-11,00:00:00,15,12,3,FMN 26 Stadspark
672,Rubenslei 36,2023-09-11,01:00:00,8,5,3,FMN 26 Stadspark
672,Rubenslei 36,2023-09-11,02:00:00,9,6,3,FMN 26 Stadspark
672,Rubenslei 36,2023-09-11,03:00:00,9,8,1,FMN 26 Stadspark
672,Rubenslei 36,2023-09-11,04:00:00,6,6,0,FMN 26 Stadspark
672,Rubenslei 36,2023-09-11,05:00:00,33,31,2,FMN 26 Stadspark
672,Rubenslei 36,2023-09-11,06:00:00,54,52,2,FMN 26 Stadspark
672,Rubenslei 36,2023-09-11,07:00:00,166,162,4,FMN 26 Stadspark
672,Rubenslei 36,2023-09-11,08:00:00,476,467,9,FMN 26 Stadspark
672,Rubenslei 36,2023-09-11,09:00:00,175,165,10,FMN 26 Stadspark
672,Rubenslei 36,2023-09-11,10:00:00,139,129,10,FMN 26 Stadspark
672,Rubenslei 36,2023-09-11,11:00:00,116,104,12,FMN 26 Stadspark
672,Rubenslei 36,2023-09-11,12:00:00,132,120,12,FMN 26 Stadspark
672,Rubenslei 36,2023-09-11,13:00:00,132,117,15,FMN 26 Stadspark
672,Rubenslei 36,2023-09-11,14:00:00,117,103,14,FMN 26 Stadspark
672,Rubenslei 36,2023-09-11,15:00:00,218,194,24,FMN 26 Stadspark
672,Rubenslei 36,2023-09-11,16:00:00,269,251,18,FMN 26 Stadspark
672,Rubenslei 36,2023-09-11,17:00:00,242,224,18,FMN 26 Stadspark
672,Rubenslei 36,2023-09-11,18:00:00,154,140,14,FMN 26 Stadspark
672,Rubenslei 36,2023-09-11,19:00:00,101,89,12,FMN 26 Stadspark
672,Rubenslei 36,2023-09-11,20:00:00,115,88,27,FMN 26 Stadspark
672,Rubenslei 36,2023-09-11,21:00:00,65,56,9,FMN 26 Stadspark
672,Rubenslei 36,2023-09-11,22:00:00,48,40,8,FMN 26 Stadspark
672,Rubenslei 36,2023-09-11,23:00:00,26,22,4,FMN 26 Stadspark
672,Rubenslei 36,2023-09-12,00:00:00,6,4,2,FMN 26 Stadspark
672,Rubenslei 36,2023-09-12,01:00:00,7,7,0,FMN 26 Stadspark
672,Rubenslei 36,2023-09-12,02:00:00,3,3,0,FMN 26 Stadspark
672,Rubenslei 36,2023-09-12,03:00:00,3,3,0,FMN 26 Stadspark
672,Rubenslei 36,2023-09-12,04:00:00,7,7,0,FMN 26 Stadspark
672,Rubenslei 36,2023-09-12,05:00:00,24,23,1,FMN 26 Stadspark
672,Rubenslei 36,2023-09-12,06:00:00,46,46,0,FMN 26 Stadspark
672,Rubenslei 36,2023-09-12,07:00:00,164,160,4,FMN 26 Stadspark
672,Rubenslei 36,2023-09-12,08:00:00,466,452,14,FMN 26 Stadspark
672,Rubenslei 36,2023-09-12,09:00:00,184,176,8,FMN 26 Stadspark
672,Rubenslei 36,2023-09-12,10:00:00,126,116,10,FMN 26 Stadspark
672,Rubenslei 36,2023-09-12,11:00:00,126,121,5,FMN 26 Stadspark
672,Rubenslei 36,2023-09-12,12:00:00,152,134,18,FMN 26 Stadspark
672,Rubenslei 36,2023-09-12,13:00:00,125,113,12,FMN 26 Stadspark
672,Rubenslei 36,2023-09-12,14:00:00,131,118,13,FMN 26 Stadspark
672,Rubenslei 36,2023-09-12,15:00:00,206,182,24,FMN 26 Stadspark
672,Rubenslei 36,2023-09-12,16:00:00,261,237,24,FMN 26 Stadspark
672,Rubenslei 36,2023-09-12,17:00:00,271,245,26,FMN 26 Stadspark
672,Rubenslei 36,2023-09-12,18:00:00,218,197,21,FMN 26 Stadspark
672,Rubenslei 36,2023-09-12,19:00:00,130,107,23,FMN 26 Stadspark
672,Rubenslei 36,2023-09-12,20:00:00,112,95,17,FMN 26 Stadspark
672,Rubenslei 36,2023-09-12,21:00:00,97,84,13,FMN 26 Stadspark
672,Rubenslei 36,2023-09-12,22:00:00,54,44,10,FMN 26 Stadspark
672,Rubenslei 36,2023-09-12,23:00:00,36,22,14,FMN 26 Stadspark
672,Rubenslei 36,2023-09-13,00:00:00,19,16,3,FMN 26 Stadspark
672,Rubenslei 36,2023-09-13,01:00:00,9,7,2,FMN 26 Stadspark
672,Rubenslei 36,2023-09-13,02:00:00,6,5,1,FMN 26 Stadspark
672,Rubenslei 36,2023-09-13,03:00:00,4,2,2,FMN 26 Stadspark
672,Rubenslei 36,2023-09-13,04:00:00,8,5,3,FMN 26 Stadspark
672,Rubenslei 36,2023-09-13,05:00:00,33,33,0,FMN 26 Stadspark
672,Rubenslei 36,2023-09-13,06:00:00,54,51,3,FMN 26 Stadspark
672,Rubenslei 36,2023-09-13,07:00:00,138,135,3,FMN 26 Stadspark
672,Rubenslei 36,2023-09-13,08:00:00,432,422,10,FMN 26 Stadspark
672,Rubenslei 36,2023-09-13,09:00:00,164,156,8,FMN 26 Stadspark
672,Rubenslei 36,2023-09-13,10:00:00,112,102,10,FMN 26 Stadspark
672,Rubenslei 36,2023-09-13,11:00:00,116,108,8,FMN 26 Stadspark
672,Rubenslei 36,2023-09-13,12:00:00,232,212,20,FMN 26 Stadspark
672,Rubenslei 36,2023-09-13,13:00:00,148,129,19,FMN 26 Stadspark
672,Rubenslei 36,2023-09-13,14:00:00,147,132,15,FMN 26 Stadspark
672,Rubenslei 36,2023-09-13,15:00:00,165,146,19,FMN 26 Stadspark
672,Rubenslei 36,2023-09-13,16:00:00,203,187,16,FMN 26 Stadspark
672,Rubenslei 36,2023-09-13,17:00:00,224,201,23,FMN 26 Stadspark
672,Rubenslei 36,2023-09-13,18:00:00,173,148,25,FMN 26 Stadspark
672,Rubenslei 36,2023-09-13,19:00:00,157,141,16,FMN 26 Stadspark
672,Rubenslei 36,2023-09-13,20:00:00,107,91,16,FMN 26 Stadspark
672,Rubenslei 36,2023-09-13,21:00:00,81,68,13,FMN 26 Stadspark
672,Rubenslei 36,2023-09-13,22:00:00,45,40,5,FMN 26 Stadspark
672,Rubenslei 36,2023-09-13,23:00:00,32,24,8,FMN 26 Stadspark
672,Rubenslei 36,2023-09-14,00:00:00,15,12,3,FMN 26 Stadspark
672,Rubenslei 36,2023-09-14,01:00:00,11,7,4,FMN 26 Stadspark
672,Rubenslei 36,2023-09-14,02:00:00,3,1,2,FMN 26 Stadspark
672,Rubenslei 36,2023-09-14,03:00:00,5,5,0,FMN 26 Stadspark
672,Rubenslei 36,2023-09-14,04:00:00,11,10,1,FMN 26 Stadspark
672,Rubenslei 36,2023-09-14,05:00:00,31,31,0,FMN 26 Stadspark
672,Rubenslei 36,2023-09-14,06:00:00,42,42,0,FMN 26 Stadspark
672,Rubenslei 36,2023-09-14,07:00:00,152,147,5,FMN 26 Stadspark
672,Rubenslei 36,2023-09-14,08:00:00,445,433,12,FMN 26 Stadspark
672,Rubenslei 36,2023-09-14,09:00:00,205,194,11,FMN 26 Stadspark
672,Rubenslei 36,2023-09-14,10:00:00,121,114,7,FMN 26 Stadspark
672,Rubenslei 36,2023-09-14,11:00:00,131,115,16,FMN 26 Stadspark
672,Rubenslei 36,2023-09-14,12:00:00,176,159,17,FMN 26 Stadspark
672,Rubenslei 36,2023-09-14,13:00:00,150,135,15,FMN 26 Stadspark
672,Rubenslei 36,2023-09-14,14:00:00,119,110,9,FMN 26 Stadspark
672,Rubenslei 36,2023-09-14,15:00:00,243,221,22,FMN 26 Stadspark
672,Rubenslei 36,2023-09-14,16:00:00,269,245,24,FMN 26 Stadspark
672,Rubenslei 36,2023-09-14,17:00:00,242,219,23,FMN 26 Stadspark
672,Rubenslei 36,2023-09-14,18:00:00,208,185,23,FMN 26 Stadspark
672,Rubenslei 36,2023-09-14,19:00:00,146,133,13,FMN 26 Stadspark
672,Rubenslei 36,2023-09-14,20:00:00,110,97,13,FMN 26 Stadspark
672,Rubenslei 36,2023-09-14,21:00:00,104,89,15,FMN 26 Stadspark
672,Rubenslei 36,2023-09-14,22:00:00,65,52,13,FMN 26 Stadspark
672,Rubenslei 36,2023-09-14,23:00:00,35,30,5,FMN 26 Stadspark
672,Rubenslei 36,2023-09-15,00:00:00,28,22,6,FMN 26 Stadspark
672,Rubenslei 36,2023-09-15,01:00:00,17,13,4,FMN 26 Stadspark
672,Rubenslei 36,2023-09-15,02:00:00,12,7,5,FMN 26 Stadspark
672,Rubenslei 36,2023-09-15,03:00:00,6,4,2,FMN 26 Stadspark
672,Rubenslei 36,2023-09-15,04:00:00,8,7,1,FMN 26 Stadspark
672,Rubenslei 36,2023-09-15,05:00:00,22,21,1,FMN 26 Stadspark
672,Rubenslei 36,2023-09-15,06:00:00,49,45,4,FMN 26 Stadspark
672,Rubenslei 36,2023-09-15,07:00:00,124,123,1,FMN 26 Stadspark
672,Rubenslei 36,2023-09-15,08:00:00,390,387,3,FMN 26 Stadspark
672,Rubenslei 36,2023-09-15,09:00:00,163,156,7,FMN 26 Stadspark
672,Rubenslei 36,2023-09-15,10:00:00,132,127,5,FMN 26 Stadspark
672,Rubenslei 36,2023-09-15,11:00:00,146,139,7,FMN 26 Stadspark
672,Rubenslei 36,2023-09-15,12:00:00,156,148,8,FMN 26 Stadspark
672,Rubenslei 36,2023-09-15,13:00:00,147,136,11,FMN 26 Stadspark
672,Rubenslei 36,2023-09-15,14:00:00,153,142,11,FMN 26 Stadspark
672,Rubenslei 36,2023-09-15,15:00:00,215,196,19,FMN 26 Stadspark
672,Rubenslei 36,2023-09-15,16:00:00,224,200,24,FMN 26 Stadspark
672,Rubenslei 36,2023-09-15,17:00:00,223,207,16,FMN 26 Stadspark
672,Rubenslei 36,2023-09-15,18:00:00,186,163,23,FMN 26 Stadspark
672,Rubenslei 36,2023-09-15,19:00:00,137,121,16,FMN 26 Stadspark
672,Rubenslei 36,2023-09-15,20:00:00,99,88,11,FMN 26 Stadspark
672,Rubenslei 36,2023-09-15,21:00:00,98,90,8,FMN 26 Stadspark
672,Rubenslei 36,2023-09-15,22:00:00,86,70,16,FMN 26 Stadspark
672,Rubenslei 36,2023-09-15,23:00:00,40,37,3,FMN 26 Stadspark
672,Rubenslei 36,2023-09-16,00:00:00,38,32,6,FMN 26 Stadspark
672,Rubenslei 36,2023-09-16,01:00:00,29,26,3,FMN 26 Stadspark
672,Rubenslei 36,2023-09-16,02:00:00,13,9,4,FMN 26 Stadspark
672,Rubenslei 36,2023-09-16,03:00:00,17,14,3,FMN 26 Stadspark
672,Rubenslei 36,2023-09-16,04:00:00,15,12,3,FMN 26 Stadspark
672,Rubenslei 36,2023-09-16,05:00:00,23,20,3,FMN 26 Stadspark
672,Rubenslei 36,2023-09-16,06:00:00,27,27,0,FMN 26 Stadspark
672,Rubenslei 36,2023-09-16,07:00:00,29,26,3,FMN 26 Stadspark
672,Rubenslei 36,2023-09-16,08:00:00,52,46,6,FMN 26 Stadspark
672,Rubenslei 36,2023-09-16,09:00:00,125,118,7,FMN 26 Stadspark
672,Rubenslei 36,2023-09-16,10:00:00,118,106,12,FMN 26 Stadspark
672,Rubenslei 36,2023-09-16,11:00:00,137,130,7,FMN 26 Stadspark
672,Rubenslei 36,2023-09-16,12:00:00,152,133,19,FMN 26 Stadspark
672,Rubenslei 36,2023-09-16,13:00:00,142,127,15,FMN 26 Stadspark
672,Rubenslei 36,2023-09-16,14:00:00,162,152,10,FMN 26 Stadspark
672,Rubenslei 36,2023-09-16,15:00:00,136,122,14,FMN 26 Stadspark
672,Rubenslei 36,2023-09-16,16:00:00,117,104,13,FMN 26 Stadspark
672,Rubenslei 36,2023-09-16,17:00:00,121,102,19,FMN 26 Stadspark
672,Rubenslei 36,2023-09-16,18:00:00,126,116,10,FMN 26 Stadspark
672,Rubenslei 36,2023-09-16,19:00:00,97,82,15,FMN 26 Stadspark
672,Rubenslei 36,2023-09-16,20:00:00,98,78,20,FMN 26 Stadspark
672,Rubenslei 36,2023-09-16,21:00:00,73,59,14,FMN 26 Stadspark
672,Rubenslei 36,2023-09-16,22:00:00,66,61,5,FMN 26 Stadspark
672,Rubenslei 36,2023-09-16,23:00:00,53,35,18,FMN 26 Stadspark
672,Rubenslei 36,2023-09-17,00:00:00,66,55,11,FMN 26 Stadspark
672,Rubenslei 36,2023-09-17,01:00:00,26,17,9,FMN 26 Stadspark
672,Rubenslei 36,2023-09-17,02:00:00,29,19,10,FMN 26 Stadspark
672,Rubenslei 36,2023-09-17,03:00:00,13,9,4,FMN 26 Stadspark
672,Rubenslei 36,2023-09-17,04:00:00,21,11,10,FMN 26 Stadspark
672,Rubenslei 36,2023-09-17,05:00:00,24,16,8,FMN 26 Stadspark
672,Rubenslei 36,2023-09-17,06:00:00,24,20,4,FMN 26 Stadspark
672,Rubenslei 36,2023-09-17,07:00:00,19,16,3,FMN 26 Stadspark
672,Rubenslei 36,2023-09-17,08:00:00,37,35,2,FMN 26 Stadspark
672,Rubenslei 36,2023-09-17,09:00:00,57,54,3,FMN 26 Stadspark
672,Rubenslei 36,2023-09-17,10:00:00,86,81,5,FMN 26 Stadspark
672,Rubenslei 36,2023-09-17,11:00:00,113,107,6,FMN 26 Stadspark
672,Rubenslei 36,2023-09-17,12:00:00,141,128,13,FMN 26 Stadspark
672,Rubenslei 36,2023-09-17,13:00:00,159,145,14,FMN 26 Stadspark
672,Rubenslei 36,2023-09-17,14:00:00,133,120,13,FMN 26 Stadspark
672,Rubenslei 36,2023-09-17,15:00:00,102,85,17,FMN 26 Stadspark
672,Rubenslei 36,2023-09-17,16:00:00,89,78,11,FMN 26 Stadspark
672,Rubenslei 36,2023-09-17,17:00:00,113,98,15,FMN 26 Stadspark
672,Rubenslei 36,2023-09-17,18:00:00,95,83,12,FMN 26 Stadspark
672,Rubenslei 36,2023-09-17,19:00:00,106,91,15,FMN 26 Stadspark
672,Rubenslei 36,2023-09-17,20:00:00,110,93,17,FMN 26 Stadspark
672,Rubenslei 36,2023-09-17,21:00:00,87,70,17,FMN 26 Stadspark
672,Rubenslei 36,2023-09-17,22:00:00,57,46,11,FMN 26 Stadspark
672,Rubenslei 36,2023-09-17,23:00:00,31,24,7,FMN 26 Stadspark
672,Rubenslei 36,2023-09-18,00:00:00,11,8,3,FMN 26 Stadspark
672,Rubenslei 36,2023-09-18,01:00:00,10,7,3,FMN 26 Stadspark
672,Rubenslei 36,2023-09-18,02:00:00,5,4,1,FMN 26 Stadspark
672,Rubenslei 36,2023-09-18,03:00:00,5,4,1,FMN 26 Stadspark
672,Rubenslei 36,2023-09-18,04:00:00,7,6,1,FMN 26 Stadspark
672,Rubenslei 36,2023-09-18,05:00:00,27,25,2,FMN 26 Stadspark
672,Rubenslei 36,2023-09-18,06:00:00,44,42,2,FMN 26 Stadspark
672,Rubenslei 36,2023-09-18,07:00:00,147,141,6,FMN 26 Stadspark
672,Rubenslei 36,2023-09-18,08:00:00,429,422,7,FMN 26 Stadspark
672,Rubenslei 36,2023-09-18,09:00:00,163,158,5,FMN 26 Stadspark
672,Rubenslei 36,2023-09-18,10:00:00,111,105,6,FMN 26 Stadspark
672,Rubenslei 36,2023-09-18,11:00:00,121,114,7,FMN 26 Stadspark
672,Rubenslei 36,2023-09-18,12:00:00,152,142,10,FMN 26 Stadspark
672,Rubenslei 36,2023-09-18,13:00:00,118,112,6,FMN 26 Stadspark
672,Rubenslei 36,2023-09-18,14:00:00,130,117,13,FMN 26 Stadspark
672,Rubenslei 36,2023-09-18,15:00:00,204,180,24,FMN 26 Stadspark
672,Rubenslei 36,2023-09-18,16:00:00,195,185,10,FMN 26 Stadspark
672,Rubenslei 36,2023-09-18,17:00:00,272,256,16,FMN 26 Stadspark
672,Rubenslei 36,2023-09-18,18:00:00,174,153,21,FMN 26 Stadspark
672,Rubenslei 36,2023-09-18,19:00:00,97,84,13,FMN 26 Stadspark
672,Rubenslei 36,2023-09-18,20:00:00,94,83,11,FMN 26 Stadspark
672,Rubenslei 36,2023-09-18,21:00:00,66,51,15,FMN 26 Stadspark
672,Rubenslei 36,2023-09-18,22:00:00,65,52,13,FMN 26 Stadspark
672,Rubenslei 36,2023-09-18,23:00:00,24,14,10,FMN 26 Stadspark
672,Rubenslei 36,2023-09-19,00:00:00,9,6,3,FMN 26 Stadspark
672,Rubenslei 36,2023-09-19,01:00:00,9,6,3,FMN 26 Stadspark
672,Rubenslei 36,2023-09-19,02:00:00,4,2,2,FMN 26 Stadspark
672,Rubenslei 36,2023-09-19,03:00:00,5,3,2,FMN 26 Stadspark
672,Rubenslei 36,2023-09-19,04:00:00,8,7,1,FMN 26 Stadspark
672,Rubenslei 36,2023-09-19,05:00:00,26,26,0,FMN 26 Stadspark
672,Rubenslei 36,2023-09-19,06:00:00,49,46,3,FMN 26 Stadspark
672,Rubenslei 36,2023-09-19,07:00:00,163,159,4,FMN 26 Stadspark
672,Rubenslei 36,2023-09-19,08:00:00,446,434,12,FMN 26 Stadspark
672,Rubenslei 36,2023-09-19,09:00:00,176,167,9,FMN 26 Stadspark
672,Rubenslei 36,2023-09-19,10:00:00,120,114,6,FMN 26 Stadspark
672,Rubenslei 36,2023-09-19,11:00:00,125,118,7,FMN 26 Stadspark
672,Rubenslei 36,2023-09-19,12:00:00,165,151,14,FMN 26 Stadspark
672,Rubenslei 36,2023-09-19,13:00:00,148,132,16,FMN 26 Stadspark
672,Rubenslei 36,2023-09-19,14:00:00,112,97,15,FMN 26 Stadspark
672,Rubenslei 36,2023-09-19,15:00:00,205,187,18,FMN 26 Stadspark
672,Rubenslei 36,2023-09-19,16:00:00,277,259,18,FMN 26 Stadspark
672,Rubenslei 36,2023-09-19,17:00:00,280,261,19,FMN 26 Stadspark
672,Rubenslei 36,2023-09-19,18:00:00,187,159,28,FMN 26 Stadspark
672,Rubenslei 36,2023-09-19,19:00:00,130,112,18,FMN 26 Stadspark
672,Rubenslei 36,2023-09-19,20:00:00,96,84,12,FMN 26 Stadspark
672,Rubenslei 36,2023-09-19,21:00:00,71,61,10,FMN 26 Stadspark
672,Rubenslei 36,2023-09-19,22:00:00,67,57,10,FMN 26 Stadspark
672,Rubenslei 36,2023-09-19,23:00:00,26,23,3,FMN 26 Stadspark
672,Rubenslei 36,2023-09-20,00:00:00,19,13,6,FMN 26 Stadspark
672,Rubenslei 36,2023-09-20,01:00:00,6,5,1,FMN 26 Stadspark
672,Rubenslei 36,2023-09-20,02:00:00,9,5,4,FMN 26 Stadspark
672,Rubenslei 36,2023-09-20,03:00:00,7,6,1,FMN 26 Stadspark
672,Rubenslei 36,2023-09-20,04:00:00,12,10,2,FMN 26 Stadspark
672,Rubenslei 36,2023-09-20,05:00:00,28,26,2,FMN 26 Stadspark
672,Rubenslei 36,2023-09-20,06:00:00,66,64,2,FMN 26 Stadspark
672,Rubenslei 36,2023-09-20,07:00:00,138,136,2,FMN 26 Stadspark
672,Rubenslei 36,2023-09-20,08:00:00,419,408,11,FMN 26 Stadspark
672,Rubenslei 36,2023-09-20,09:00:00,165,157,8,FMN 26 Stadspark
672,Rubenslei 36,2023-09-20,10:00:00,117,110,7,FMN 26 Stadspark
672,Rubenslei 36,2023-09-20,11:00:00,106,90,16,FMN 26 Stadspark
672,Rubenslei 36,2023-09-20,12:00:00,210,190,20,FMN 26 Stadspark
672,Rubenslei 36,2023-09-20,13:00:00,143,130,13,FMN 26 Stadspark
672,Rubenslei 36,2023-09-20,14:00:00,117,104,13,FMN 26 Stadspark
672,Rubenslei 36,2023-09-20,15:00:00,170,154,16,FMN 26 Stadspark
672,Rubenslei 36,2023-09-20,16:00:00,206,189,17,FMN 26 Stadspark
672,Rubenslei 36,2023-09-20,17:00:00,238,215,23,FMN 26 Stadspark
672,Rubenslei 36,2023-09-20,18:00:00,216,197,19,FMN 26 Stadspark
672,Rubenslei 36,2023-09-20,19:00:00,128,109,19,FMN 26 Stadspark
672,Rubenslei 36,2023-09-20,20:00:00,105,86,19,FMN 26 Stadspark
672,Rubenslei 36,2023-09-20,21:00:00,83,70,13,FMN 26 Stadspark
672,Rubenslei 36,2023-09-20,22:00:00,68,57,11,FMN 26 Stadspark
672,Rubenslei 36,2023-09-20,23:00:00,24,16,8,FMN 26 Stadspark
672,Rubenslei 36,2023-09-21,00:00:00,25,16,9,FMN 26 Stadspark
672,Rubenslei 36,2023-09-21,01:00:00,11,9,2,FMN 26 Stadspark
672,Rubenslei 36,2023-09-21,02:00:00,4,4,0,FMN 26 Stadspark
672,Rubenslei 36,2023-09-21,03:00:00,7,4,3,FMN 26 Stadspark
672,Rubenslei 36,2023-09-21,04:00:00,6,6,0,FMN 26 Stadspark
672,Rubenslei 36,2023-09-21,05:00:00,23,23,0,FMN 26 Stadspark
672,Rubenslei 36,2023-09-21,06:00:00,38,38,0,FMN 26 Stadspark
672,Rubenslei 36,2023-09-21,07:00:00,139,137,2,FMN 26 Stadspark
672,Rubenslei 36,2023-09-21,08:00:00,365,358,7,FMN 26 Stadspark
672,Rubenslei 36,2023-09-21,09:00:00,142,134,8,FMN 26 Stadspark
672,Rubenslei 36,2023-09-21,10:00:00,78,76,2,FMN 26 Stadspark
672,Rubenslei 36,2023-09-21,11:00:00,65,63,2,FMN 26 Stadspark
672,Rubenslei 36,2023-09-21,12:00:00,105,93,12,FMN 26 Stadspark
672,Rubenslei 36,2023-09-21,13:00:00,87,79,8,FMN 26 Stadspark
672,Rubenslei 36,2023-09-21,14:00:00,77,65,12,FMN 26 Stadspark
672,Rubenslei 36,2023-09-21,15:00:00,174,163,11,FMN 26 Stadspark
672,Rubenslei 36,2023-09-21,16:00:00,186,167,19,FMN 26 Stadspark
672,Rubenslei 36,2023-09-21,17:00:00,219,201,18,FMN 26 Stadspark
672,Rubenslei 36,2023-09-21,18:00:00,166,151,15,FMN 26 Stadspark
672,Rubenslei 36,2023-09-21,19:00:00,106,90,16,FMN 26 Stadspark
672,Rubenslei 36,2023-09-21,20:00:00,73,63,10,FMN 26 Stadspark
672,Rubenslei 36,2023-09-21,21:00:00,82,72,10,FMN 26 Stadspark
672,Rubenslei 36,2023-09-21,22:00:00,67,59,8,FMN 26 Stadspark
672,Rubenslei 36,2023-09-21,23:00:00,30,23,7,FMN 26 Stadspark
672,Rubenslei 36,2023-09-22,00:00:00,19,16,3,FMN 26 Stadspark
672,Rubenslei 36,2023-09-22,01:00:00,11,5,6,FMN 26 Stadspark
672,Rubenslei 36,2023-09-22,02:00:00,5,5,0,FMN 26 Stadspark
672,Rubenslei 36,2023-09-22,03:00:00,4,2,2,FMN 26 Stadspark
672,Rubenslei 36,2023-09-22,04:00:00,8,7,1,FMN 26 Stadspark
672,Rubenslei 36,2023-09-22,05:00:00,21,21,0,FMN 26 Stadspark
672,Rubenslei 36,2023-09-22,06:00:00,42,39,3,FMN 26 Stadspark
672,Rubenslei 36,2023-09-22,07:00:00,121,118,3,FMN 26 Stadspark
672,Rubenslei 36,2023-09-22,08:00:00,392,385,7,FMN 26 Stadspark
672,Rubenslei 36,2023-09-22,09:00:00,161,155,6,FMN 26 Stadspark
672,Rubenslei 36,2023-09-22,10:00:00,104,100,4,FMN 26 Stadspark
672,Rubenslei 36,2023-09-22,11:00:00,106,96,10,FMN 26 Stadspark
672,Rubenslei 36,2023-09-22,12:00:00,129,119,10,FMN 26 Stadspark
672,Rubenslei 36,2023-09-22,13:00:00,143,131,12,FMN 26 Stadspark
672,Rubenslei 36,2023-09-22,14:00:00,135,114,21,FMN 26 Stadspark
672,Rubenslei 36,2023-09-22,15:00:00,207,186,21,FMN 26 Stadspark
672,Rubenslei 36,2023-09-22,16:00:00,206,184,22,FMN 26 Stadspark
672,Rubenslei 36,2023-09-22,17:00:00,186,163,23,FMN 26 Stadspark
672,Rubenslei 36,2023-09-22,18:00:00,135,125,10,FMN 26 Stadspark
672,Rubenslei 36,2023-09-22,19:00:00,107,95,12,FMN 26 Stadspark
672,Rubenslei 36,2023-09-22,20:00:00,60,53,7,FMN 26 Stadspark
672,Rubenslei 36,2023-09-22,21:00:00,77,66,11,FMN 26 Stadspark
672,Rubenslei 36,2023-09-22,22:00:00,60,53,7,FMN 26 Stadspark
672,Rubenslei 36,2023-09-22,23:00:00,63,46,17,FMN 26 Stadspark
672,Rubenslei 36,2023-09-23,00:00:00,51,37,14,FMN 26 Stadspark
672,Rubenslei 36,2023-09-23,01:00:00,44,41,3,FMN 26 Stadspark
672,Rubenslei 36,2023-09-23,02:00:00,17,14,3,FMN 26 Stadspark
672,Rubenslei 36,2023-09-23,03:00:00,22,14,8,FMN 26 Stadspark
672,Rubenslei 36,2023-09-23,04:00:00,12,4,8,FMN 26 Stadspark
672,Rubenslei 36,2023-09-23,05:00:00,32,25,7,FMN 26 Stadspark
672,Rubenslei 36,2023-09-23,06:00:00,29,18,11,FMN 26 Stadspark
672,Rubenslei 36,2023-09-23,07:00:00,28,26,2,FMN 26 Stadspark
672,Rubenslei 36,2023-09-23,08:00:00,48,46,2,FMN 26 Stadspark
672,Rubenslei 36,2023-09-23,09:00:00,93,85,8,FMN 26 Stadspark
672,Rubenslei 36,2023-09-23,10:00:00,101,93,8,FMN 26 Stadspark
672,Rubenslei 36,2023-09-23,11:00:00,113,103,10,FMN 26 Stadspark
672,Rubenslei 36,2023-09-23,12:00:00,149,137,12,FMN 26 Stadspark
672,Rubenslei 36,2023-09-23,13:00:00,114,105,9,FMN 26 Stadspark
672,Rubenslei 36,2023-09-23,14:00:00,146,129,17,FMN 26 Stadspark
672,Rubenslei 36,2023-09-23,15:00:00,122,106,16,FMN 26 Stadspark
672,Rubenslei 36,2023-09-23,16:00:00,121,107,14,FMN 26 Stadspark
672,Rubenslei 36,2023-09-23,17:00:00,112,93,19,FMN 26 Stadspark
672,Rubenslei 36,2023-09-23,18:00:00,103,94,9,FMN 26 Stadspark
672,Rubenslei 36,2023-09-23,19:00:00,134,118,16,FMN 26 Stadspark
672,Rubenslei 36,2023-09-23,20:00:00,78,66,12,FMN 26 Stadspark
672,Rubenslei 36,2023-09-23,21:00:00,70,61,9,FMN 26 Stadspark
672,Rubenslei 36,2023-09-23,22:00:00,57,47,10,FMN 26 Stadspark
672,Rubenslei 36,2023-09-23,23:00:00,50,43,7,FMN 26 Stadspark
672,Rubenslei 36,2023-09-24,00:00:00,36,33,3,FMN 26 Stadspark
672,Rubenslei 36,2023-09-24,01:00:00,38,34,4,FMN 26 Stadspark
672,Rubenslei 36,2023-09-24,02:00:00,52,37,15,FMN 26 Stadspark
672,Rubenslei 36,2023-09-24,03:00:00,26,14,12,FMN 26 Stadspark
672,Rubenslei 36,2023-09-24,04:00:00,39,12,27,FMN 26 Stadspark
672,Rubenslei 36,2023-09-24,05:00:00,23,15,8,FMN 26 Stadspark
672,Rubenslei 36,2023-09-24,06:00:00,16,11,5,FMN 26 Stadspark
672,Rubenslei 36,2023-09-24,07:00:00,16,16,0,FMN 26 Stadspark
672,Rubenslei 36,2023-09-24,08:00:00,21,19,2,FMN 26 Stadspark
672,Rubenslei 36,2023-09-24,09:00:00,62,52,10,FMN 26 Stadspark
672,Rubenslei 36,2023-09-24,10:00:00,88,76,12,FMN 26 Stadspark
672,Rubenslei 36,2023-09-24,11:00:00,96,87,9,FMN 26 Stadspark
672,Rubenslei 36,2023-09-24,12:00:00,124,115,9,FMN 26 Stadspark
672,Rubenslei 36,2023-09-24,13:00:00,96,89,7,FMN 26 Stadspark
672,Rubenslei 36,2023-09-24,14:00:00,129,118,11,FMN 26 Stadspark
672,Rubenslei 36,2023-09-24,15:00:00,95,80,15,FMN 26 Stadspark
672,Rubenslei 36,2023-09-24,16:00:00,99,82,17,FMN 26 Stadspark
672,Rubenslei 36,2023-09-24,17:00:00,114,102,12,FMN 26 Stadspark
672,Rubenslei 36,2023-09-24,18:00:00,110,91,19,FMN 26 Stadspark
672,Rubenslei 36,2023-09-24,19:00:00,84,68,16,FMN 26 Stadspark
672,Rubenslei 36,2023-09-24,20:00:00,73,60,13,FMN 26 Stadspark
672,Rubenslei 36,2023-09-24,21:00:00,63,54,9,FMN 26 Stadspark
672,Rubenslei 36,2023-09-24,22:00:00,54,41,13,FMN 26 Stadspark
672,Rubenslei 36,2023-09-24,23:00:00,22,14,8,FMN 26 Stadspark
672,Rubenslei 36,2023-09-25,00:00:00,8,7,1,FMN 26 Stadspark
672,Rubenslei 36,2023-09-25,01:00:00,8,6,2,FMN 26 Stadspark
672,Rubenslei 36,2023-09-25,02:00:00,3,3,0,FMN 26 Stadspark
672,Rubenslei 36,2023-09-25,03:00:00,7,6,1,FMN 26 Stadspark
672,Rubenslei 36,2023-09-25,04:00:00,7,6,1,FMN 26 Stadspark
672,Rubenslei 36,2023-09-25,05:00:00,28,28,0,FMN 26 Stadspark
672,Rubenslei 36,2023-09-25,06:00:00,47,47,0,FMN 26 Stadspark
672,Rubenslei 36,2023-09-25,07:00:00,151,148,3,FMN 26 Stadspark
672,Rubenslei 36,2023-09-25,08:00:00,409,391,18,FMN 26 Stadspark
672,Rubenslei 36,2023-09-25,09:00:00,172,165,7,FMN 26 Stadspark
672,Rubenslei 36,2023-09-25,10:00:00,106,97,9,FMN 26 Stadspark
672,Rubenslei 36,2023-09-25,11:00:00,119,115,4,FMN 26 Stadspark
672,Rubenslei 36,2023-09-25,12:00:00,157,142,15,FMN 26 Stadspark
672,Rubenslei 36,2023-09-25,13:00:00,135,127,8,FMN 26 Stadspark
672,Rubenslei 36,2023-09-25,14:00:00,146,128,18,FMN 26 Stadspark
672,Rubenslei 36,2023-09-25,15:00:00,229,201,28,FMN 26 Stadspark
672,Rubenslei 36,2023-09-25,16:00:00,279,262,17,FMN 26 Stadspark
672,Rubenslei 36,2023-09-25,17:00:00,277,255,22,FMN 26 Stadspark
672,Rubenslei 36,2023-09-25,18:00:00,183,169,14,FMN 26 Stadspark
672,Rubenslei 36,2023-09-25,19:00:00,102,92,10,FMN 26 Stadspark
672,Rubenslei 36,2023-09-25,20:00:00,80,72,8,FMN 26 Stadspark
672,Rubenslei 36,2023-09-25,21:00:00,81,68,13,FMN 26 Stadspark
672,Rubenslei 36,2023-09-25,22:00:00,52,47,5,FMN 26 Stadspark
672,Rubenslei 36,2023-09-25,23:00:00,18,18,0,FMN 26 Stadspark
672,Rubenslei 36,2023-09-26,00:00:00,18,15,3,FMN 26 Stadspark
672,Rubenslei 36,2023-09-26,01:00:00,6,1,5,FMN 26 Stadspark
672,Rubenslei 36,2023-09-26,02:00:00,4,3,1,FMN 26 Stadspark
672,Rubenslei 36,2023-09-26,03:00:00,8,7,1,FMN 26 Stadspark
672,Rubenslei 36,2023-09-26,04:00:00,10,9,1,FMN 26 Stadspark
672,Rubenslei 36,2023-09-26,05:00:00,25,24,1,FMN 26 Stadspark
672,Rubenslei 36,2023-09-26,06:00:00,49,48,1,FMN 26 Stadspark
672,Rubenslei 36,2023-09-26,07:00:00,178,176,2,FMN 26 Stadspark
672,Rubenslei 36,2023-09-26,08:00:00,469,458,11,FMN 26 Stadspark
672,Rubenslei 36,2023-09-26,09:00:00,182,179,3,FMN 26 Stadspark
672,Rubenslei 36,2023-09-26,10:00:00,133,126,7,FMN 26 Stadspark
672,Rubenslei 36,2023-09-26,11:00:00,137,131,6,FMN 26 Stadspark
672,Rubenslei 36,2023-09-26,12:00:00,162,155,7,FMN 26 Stadspark
672,Rubenslei 36,2023-09-26,13:00:00,191,177,14,FMN 26 Stadspark
672,Rubenslei 36,2023-09-26,14:00:00,147,134,13,FMN 26 Stadspark
672,Rubenslei 36,2023-09-26,15:00:00,219,195,24,FMN 26 Stadspark
672,Rubenslei 36,2023-09-26,16:00:00,289,270,19,FMN 26 Stadspark
672,Rubenslei 36,2023-09-26,17:00:00,296,272,24,FMN 26 Stadspark
672,Rubenslei 36,2023-09-26,18:00:00,198,178,20,FMN 26 Stadspark
672,Rubenslei 36,2023-09-26,19:00:00,116,101,15,FMN 26 Stadspark
672,Rubenslei 36,2023-09-26,20:00:00,136,114,22,FMN 26 Stadspark
672,Rubenslei 36,2023-09-26,21:00:00,85,72,13,FMN 26 Stadspark
672,Rubenslei 36,2023-09-26,22:00:00,66,60,6,FMN 26 Stadspark
672,Rubenslei 36,2023-09-26,23:00:00,31,24,7,FMN 26 Stadspark
672,Rubenslei 36,2023-09-27,00:00:00,21,17,4,FMN 26 Stadspark
672,Rubenslei 36,2023-09-27,01:00:00,7,6,1,FMN 26 Stadspark
672,Rubenslei 36,2023-09-27,02:00:00,4,3,1,FMN 26 Stadspark
672,Rubenslei 36,2023-09-27,03:00:00,2,2,0,FMN 26 Stadspark
672,Rubenslei 36,2023-09-27,04:00:00,12,12,0,FMN 26 Stadspark
672,Rubenslei 36,2023-09-27,05:00:00,27,27,0,FMN 26 Stadspark
672,Rubenslei 36,2023-09-27,06:00:00,63,62,1,FMN 26 Stadspark
672,Rubenslei 36,2023-09-27,07:00:00,152,146,6,FMN 26 Stadspark
672,Rubenslei 36,2023-09-27,08:00:00,463,451,12,FMN 26 Stadspark
672,Rubenslei 36,2023-09-27,09:00:00,197,193,4,FMN 26 Stadspark
672,Rubenslei 36,2023-09-27,10:00:00,161,151,10,FMN 26 Stadspark
672,Rubenslei 36,2023-09-27,11:00:00,108,103,5,FMN 26 Stadspark
672,Rubenslei 36,2023-09-27,12:00:00,230,209,21,FMN 26 Stadspark
672,Rubenslei 36,2023-09-27,13:00:00,208,185,23,FMN 26 Stadspark
672,Rubenslei 36,2023-09-27,14:00:00,159,147,12,FMN 26 Stadspark
672,Rubenslei 36,2023-09-27,15:00:00,201,188,13,FMN 26 Stadspark
672,Rubenslei 36,2023-09-27,16:00:00,254,228,26,FMN 26 Stadspark
672,Rubenslei 36,2023-09-27,17:00:00,263,237,26,FMN 26 Stadspark
672,Rubenslei 36,2023-09-27,18:00:00,245,215,30,FMN 26 Stadspark
672,Rubenslei 36,2023-09-27,19:00:00,139,124,15,FMN 26 Stadspark
672,Rubenslei 36,2023-09-27,20:00:00,101,82,19,FMN 26 Stadspark
672,Rubenslei 36,2023-09-27,21:00:00,72,58,14,FMN 26 Stadspark
672,Rubenslei 36,2023-09-27,22:00:00,66,53,13,FMN 26 Stadspark
672,Rubenslei 36,2023-09-27,23:00:00,52,39,13,FMN 26 Stadspark
