Meetpunt surrogate key,Meetpunt locatie,Datum,Tijd,Aantal fietsers,Aantal fietsers van,Aantal fietsers naar,Meetpunt code
668,Desguinlei 100,2022-11-11,00:00:00,53,15,38,FMN 21 Desguinlei Zuidkant
668,Desguinlei 100,2022-11-11,01:00:00,31,8,23,FMN 21 Desguinlei Zuidkant
668,Desguinlei 100,2022-11-11,02:00:00,20,6,14,FMN 21 Desguinlei Zuidkant
668,Desguinlei 100,2022-11-11,03:00:00,24,5,19,FMN 21 Desguinlei Zuidkant
668,Desguinlei 100,2022-11-11,04:00:00,13,7,6,FMN 21 Desguinlei Zuidkant
668,Desguinlei 100,2022-11-11,05:00:00,11,8,3,FMN 21 Desguinlei Zuidkant
668,Desguinlei 100,2022-11-11,06:00:00,15,4,11,FMN 21 Desguinlei Zuidkant
668,Desguinlei 100,2022-11-11,07:00:00,15,2,13,FMN 21 Desguinlei Zuidkant
668,Desguinlei 100,2022-11-11,08:00:00,29,9,20,FMN 21 Desguinlei Zuidkant
668,Desguinlei 100,2022-11-11,09:00:00,60,15,45,FMN 21 Desguinlei Zuidkant
668,Desguinlei 100,2022-11-11,10:00:00,59,18,41,FMN 21 Desguinlei Zuidkant
668,Desguinlei 100,2022-11-11,11:00:00,52,13,39,FMN 21 Desguinlei Zuidkant
668,Desguinlei 100,2022-11-11,12:00:00,74,33,41,FMN 21 Desguinlei Zuidkant
668,Desguinlei 100,2022-11-11,13:00:00,78,25,53,FMN 21 Desguinlei Zuidkant
668,Desguinlei 100,2022-11-11,14:00:00,96,33,63,FMN 21 Desguinlei Zuidkant
668,Desguinlei 100,2022-11-11,15:00:00,85,25,60,FMN 21 Desguinlei Zuidkant
668,Desguinlei 100,2022-11-11,16:00:00,86,26,60,FMN 21 Desguinlei Zuidkant
668,Desguinlei 100,2022-11-11,17:00:00,99,30,69,FMN 21 Desguinlei Zuidkant
668,Desguinlei 100,2022-11-11,18:00:00,76,19,57,FMN 21 Desguinlei Zuidkant
668,Desguinlei 100,2022-11-11,19:00:00,89,59,30,FMN 21 Desguinlei Zuidkant
668,Desguinlei 100,2022-11-11,20:00:00,48,14,34,FMN 21 Desguinlei Zuidkant
668,Desguinlei 100,2022-11-11,21:00:00,56,12,44,FMN 21 Desguinlei Zuidkant
668,Desguinlei 100,2022-11-11,22:00:00,57,16,41,FMN 21 Desguinlei Zuidkant
668,Desguinlei 100,2022-11-11,23:00:00,40,8,32,FMN 21 Desguinlei Zuidkant
668,Desguinlei 100,2022-11-12,00:00:00,36,9,27,FMN 21 Desguinlei Zuidkant
668,Desguinlei 100,2022-11-12,01:00:00,10,4,6,FMN 21 Desguinlei Zuidkant
668,Desguinlei 100,2022-11-12,02:00:00,13,4,9,FMN 21 Desguinlei Zuidkant
668,Desguinlei 100,2022-11-12,03:00:00,18,4,14,FMN 21 Desguinlei Zuidkant
668,Desguinlei 100,2022-11-12,04:00:00,28,6,22,FMN 21 Desguinlei Zuidkant
668,Desguinlei 100,2022-11-12,05:00:00,17,4,13,FMN 21 Desguinlei Zuidkant
668,Desguinlei 100,2022-11-12,06:00:00,17,4,13,FMN 21 Desguinlei Zuidkant
668,Desguinlei 100,2022-11-12,07:00:00,15,4,11,FMN 21 Desguinlei Zuidkant
668,Desguinlei 100,2022-11-12,08:00:00,34,10,24,FMN 21 Desguinlei Zuidkant
668,Desguinlei 100,2022-11-12,09:00:00,60,22,38,FMN 21 Desguinlei Zuidkant
668,Desguinlei 100,2022-11-12,10:00:00,36,11,25,FMN 21 Desguinlei Zuidkant
668,Desguinlei 100,2022-11-12,11:00:00,87,32,55,FMN 21 Desguinlei Zuidkant
668,Desguinlei 100,2022-11-12,12:00:00,90,28,62,FMN 21 Desguinlei Zuidkant
668,Desguinlei 100,2022-11-12,13:00:00,109,37,72,FMN 21 Desguinlei Zuidkant
668,Desguinlei 100,2022-11-12,14:00:00,92,29,63,FMN 21 Desguinlei Zuidkant
668,Desguinlei 100,2022-11-12,15:00:00,116,44,72,FMN 21 Desguinlei Zuidkant
668,Desguinlei 100,2022-11-12,16:00:00,132,22,110,FMN 21 Desguinlei Zuidkant
668,Desguinlei 100,2022-11-12,17:00:00,131,26,105,FMN 21 Desguinlei Zuidkant
668,Desguinlei 100,2022-11-12,18:00:00,104,31,73,FMN 21 Desguinlei Zuidkant
668,Desguinlei 100,2022-11-12,19:00:00,89,37,52,FMN 21 Desguinlei Zuidkant
668,Desguinlei 100,2022-11-12,20:00:00,45,9,36,FMN 21 Desguinlei Zuidkant
668,Desguinlei 100,2022-11-12,21:00:00,47,4,43,FMN 21 Desguinlei Zuidkant
668,Desguinlei 100,2022-11-12,22:00:00,65,13,52,FMN 21 Desguinlei Zuidkant
668,Desguinlei 100,2022-11-12,23:00:00,55,20,35,FMN 21 Desguinlei Zuidkant
668,Desguinlei 100,2022-11-13,00:00:00,37,10,27,FMN 21 Desguinlei Zuidkant
668,Desguinlei 100,2022-11-13,01:00:00,14,3,11,FMN 21 Desguinlei Zuidkant
668,Desguinlei 100,2022-11-13,02:00:00,13,3,10,FMN 21 Desguinlei Zuidkant
668,Desguinlei 100,2022-11-13,03:00:00,17,5,12,FMN 21 Desguinlei Zuidkant
668,Desguinlei 100,2022-11-13,04:00:00,8,3,5,FMN 21 Desguinlei Zuidkant
668,Desguinlei 100,2022-11-13,05:00:00,9,4,5,FMN 21 Desguinlei Zuidkant
668,Desguinlei 100,2022-11-13,06:00:00,7,3,4,FMN 21 Desguinlei Zuidkant
668,Desguinlei 100,2022-11-13,07:00:00,8,1,7,FMN 21 Desguinlei Zuidkant
668,Desguinlei 100,2022-11-13,08:00:00,14,1,13,FMN 21 Desguinlei Zuidkant
668,Desguinlei 100,2022-11-13,09:00:00,66,20,46,FMN 21 Desguinlei Zuidkant
668,Desguinlei 100,2022-11-13,10:00:00,39,6,33,FMN 21 Desguinlei Zuidkant
668,Desguinlei 100,2022-11-13,11:00:00,83,35,48,FMN 21 Desguinlei Zuidkant
668,Desguinlei 100,2022-11-13,12:00:00,74,20,54,FMN 21 Desguinlei Zuidkant
668,Desguinlei 100,2022-11-13,13:00:00,114,37,77,FMN 21 Desguinlei Zuidkant
668,Desguinlei 100,2022-11-13,14:00:00,108,42,66,FMN 21 Desguinlei Zuidkant
668,Desguinlei 100,2022-11-13,15:00:00,119,43,76,FMN 21 Desguinlei Zuidkant
668,Desguinlei 100,2022-11-13,16:00:00,116,49,67,FMN 21 Desguinlei Zuidkant
668,Desguinlei 100,2022-11-13,17:00:00,130,34,96,FMN 21 Desguinlei Zuidkant
668,Desguinlei 100,2022-11-13,18:00:00,57,19,38,FMN 21 Desguinlei Zuidkant
668,Desguinlei 100,2022-11-13,19:00:00,47,10,37,FMN 21 Desguinlei Zuidkant
668,Desguinlei 100,2022-11-13,20:00:00,33,9,24,FMN 21 Desguinlei Zuidkant
668,Desguinlei 100,2022-11-13,21:00:00,25,8,17,FMN 21 Desguinlei Zuidkant
668,Desguinlei 100,2022-11-13,22:00:00,23,9,14,FMN 21 Desguinlei Zuidkant
668,Desguinlei 100,2022-11-13,23:00:00,19,1,18,FMN 21 Desguinlei Zuidkant
668,Desguinlei 100,2022-11-14,00:00:00,7,2,5,FMN 21 Desguinlei Zuidkant
668,Desguinlei 100,2022-11-14,01:00:00,4,0,4,FMN 21 Desguinlei Zuidkant
668,Desguinlei 100,2022-11-14,02:00:00,2,0,2,FMN 21 Desguinlei Zuidkant
668,Desguinlei 100,2022-11-14,03:00:00,1,0,1,FMN 21 Desguinlei Zuidkant
668,Desguinlei 100,2022-11-14,04:00:00,10,3,7,FMN 21 Desguinlei Zuidkant
668,Desguinlei 100,2022-11-14,05:00:00,21,6,15,FMN 21 Desguinlei Zuidkant
668,Desguinlei 100,2022-11-14,06:00:00,48,19,29,FMN 21 Desguinlei Zuidkant
668,Desguinlei 100,2022-11-14,07:00:00,119,35,84,FMN 21 Desguinlei Zuidkant
668,Desguinlei 100,2022-11-14,08:00:00,216,95,121,FMN 21 Desguinlei Zuidkant
668,Desguinlei 100,2022-11-14,09:00:00,116,53,63,FMN 21 Desguinlei Zuidkant
668,Desguinlei 100,2022-11-14,10:00:00,93,29,64,FMN 21 Desguinlei Zuidkant
668,Desguinlei 100,2022-11-14,11:00:00,68,19,49,FMN 21 Desguinlei Zuidkant
668,Desguinlei 100,2022-11-14,12:00:00,151,40,111,FMN 21 Desguinlei Zuidkant
668,Desguinlei 100,2022-11-14,13:00:00,124,30,94,FMN 21 Desguinlei Zuidkant
668,Desguinlei 100,2022-11-14,14:00:00,107,41,66,FMN 21 Desguinlei Zuidkant
668,Desguinlei 100,2022-11-14,15:00:00,168,45,123,FMN 21 Desguinlei Zuidkant
668,Desguinlei 100,2022-11-14,16:00:00,190,35,155,FMN 21 Desguinlei Zuidkant
668,Desguinlei 100,2022-11-14,17:00:00,244,53,191,FMN 21 Desguinlei Zuidkant
668,Desguinlei 100,2022-11-14,18:00:00,171,49,122,FMN 21 Desguinlei Zuidkant
668,Desguinlei 100,2022-11-14,19:00:00,109,36,73,FMN 21 Desguinlei Zuidkant
668,Desguinlei 100,2022-11-14,20:00:00,82,32,50,FMN 21 Desguinlei Zuidkant
668,Desguinlei 100,2022-11-14,21:00:00,59,34,25,FMN 21 Desguinlei Zuidkant
668,Desguinlei 100,2022-11-14,22:00:00,49,14,35,FMN 21 Desguinlei Zuidkant
668,Desguinlei 100,2022-11-14,23:00:00,25,12,13,FMN 21 Desguinlei Zuidkant
668,Desguinlei 100,2022-11-15,00:00:00,3,0,3,FMN 21 Desguinlei Zuidkant
668,Desguinlei 100,2022-11-15,01:00:00,3,0,3,FMN 21 Desguinlei Zuidkant
668,Desguinlei 100,2022-11-15,02:00:00,1,0,1,FMN 21 Desguinlei Zuidkant
668,Desguinlei 100,2022-11-15,03:00:00,1,0,1,FMN 21 Desguinlei Zuidkant
668,Desguinlei 100,2022-11-15,04:00:00,8,3,5,FMN 21 Desguinlei Zuidkant
668,Desguinlei 100,2022-11-15,05:00:00,20,3,17,FMN 21 Desguinlei Zuidkant
668,Desguinlei 100,2022-11-15,06:00:00,59,22,37,FMN 21 Desguinlei Zuidkant
668,Desguinlei 100,2022-11-15,07:00:00,151,38,113,FMN 21 Desguinlei Zuidkant
668,Desguinlei 100,2022-11-15,08:00:00,250,97,153,FMN 21 Desguinlei Zuidkant
668,Desguinlei 100,2022-11-15,09:00:00,100,46,54,FMN 21 Desguinlei Zuidkant
668,Desguinlei 100,2022-11-15,10:00:00,99,38,61,FMN 21 Desguinlei Zuidkant
668,Desguinlei 100,2022-11-15,11:00:00,137,43,94,FMN 21 Desguinlei Zuidkant
668,Desguinlei 100,2022-11-15,12:00:00,112,35,77,FMN 21 Desguinlei Zuidkant
668,Desguinlei 100,2022-11-15,13:00:00,158,79,79,FMN 21 Desguinlei Zuidkant
668,Desguinlei 100,2022-11-15,14:00:00,84,25,59,FMN 21 Desguinlei Zuidkant
668,Desguinlei 100,2022-11-15,15:00:00,148,34,114,FMN 21 Desguinlei Zuidkant
668,Desguinlei 100,2022-11-15,16:00:00,238,39,199,FMN 21 Desguinlei Zuidkant
668,Desguinlei 100,2022-11-15,17:00:00,217,49,168,FMN 21 Desguinlei Zuidkant
668,Desguinlei 100,2022-11-15,18:00:00,191,58,133,FMN 21 Desguinlei Zuidkant
668,Desguinlei 100,2022-11-15,19:00:00,96,38,58,FMN 21 Desguinlei Zuidkant
668,Desguinlei 100,2022-11-15,20:00:00,58,32,26,FMN 21 Desguinlei Zuidkant
668,Desguinlei 100,2022-11-15,21:00:00,55,18,37,FMN 21 Desguinlei Zuidkant
668,Desguinlei 100,2022-11-15,22:00:00,44,16,28,FMN 21 Desguinlei Zuidkant
668,Desguinlei 100,2022-11-15,23:00:00,22,8,14,FMN 21 Desguinlei Zuidkant
668,Desguinlei 100,2022-11-16,00:00:00,6,2,4,FMN 21 Desguinlei Zuidkant
668,Desguinlei 100,2022-11-16,01:00:00,4,1,3,FMN 21 Desguinlei Zuidkant
668,Desguinlei 100,2022-11-16,02:00:00,2,0,2,FMN 21 Desguinlei Zuidkant
668,Desguinlei 100,2022-11-16,03:00:00,3,0,3,FMN 21 Desguinlei Zuidkant
668,Desguinlei 100,2022-11-16,04:00:00,13,5,8,FMN 21 Desguinlei Zuidkant
668,Desguinlei 100,2022-11-16,05:00:00,19,6,13,FMN 21 Desguinlei Zuidkant
668,Desguinlei 100,2022-11-16,06:00:00,57,15,42,FMN 21 Desguinlei Zuidkant
668,Desguinlei 100,2022-11-16,07:00:00,120,34,86,FMN 21 Desguinlei Zuidkant
668,Desguinlei 100,2022-11-16,08:00:00,206,82,124,FMN 21 Desguinlei Zuidkant
668,Desguinlei 100,2022-11-16,09:00:00,99,43,56,FMN 21 Desguinlei Zuidkant
668,Desguinlei 100,2022-11-16,10:00:00,87,27,60,FMN 21 Desguinlei Zuidkant
668,Desguinlei 100,2022-11-16,11:00:00,83,28,55,FMN 21 Desguinlei Zuidkant
668,Desguinlei 100,2022-11-16,12:00:00,168,36,132,FMN 21 Desguinlei Zuidkant
668,Desguinlei 100,2022-11-16,13:00:00,130,44,86,FMN 21 Desguinlei Zuidkant
668,Desguinlei 100,2022-11-16,14:00:00,96,33,63,FMN 21 Desguinlei Zuidkant
668,Desguinlei 100,2022-11-16,15:00:00,143,46,97,FMN 21 Desguinlei Zuidkant
668,Desguinlei 100,2022-11-16,16:00:00,197,44,153,FMN 21 Desguinlei Zuidkant
668,Desguinlei 100,2022-11-16,17:00:00,224,58,166,FMN 21 Desguinlei Zuidkant
668,Desguinlei 100,2022-11-16,18:00:00,204,63,141,FMN 21 Desguinlei Zuidkant
668,Desguinlei 100,2022-11-16,19:00:00,162,75,87,FMN 21 Desguinlei Zuidkant
668,Desguinlei 100,2022-11-16,20:00:00,71,32,39,FMN 21 Desguinlei Zuidkant
668,Desguinlei 100,2022-11-16,21:00:00,63,28,35,FMN 21 Desguinlei Zuidkant
668,Desguinlei 100,2022-11-16,22:00:00,48,12,36,FMN 21 Desguinlei Zuidkant
668,Desguinlei 100,2022-11-16,23:00:00,23,9,14,FMN 21 Desguinlei Zuidkant
668,Desguinlei 100,2022-11-17,00:00:00,8,5,3,FMN 21 Desguinlei Zuidkant
668,Desguinlei 100,2022-11-17,01:00:00,5,0,5,FMN 21 Desguinlei Zuidkant
668,Desguinlei 100,2022-11-17,02:00:00,5,3,2,FMN 21 Desguinlei Zuidkant
668,Desguinlei 100,2022-11-17,03:00:00,2,0,2,FMN 21 Desguinlei Zuidkant
668,Desguinlei 100,2022-11-17,04:00:00,12,6,6,FMN 21 Desguinlei Zuidkant
668,Desguinlei 100,2022-11-17,05:00:00,19,6,13,FMN 21 Desguinlei Zuidkant
668,Desguinlei 100,2022-11-17,06:00:00,48,12,36,FMN 21 Desguinlei Zuidkant
668,Desguinlei 100,2022-11-17,07:00:00,126,41,85,FMN 21 Desguinlei Zuidkant
668,Desguinlei 100,2022-11-17,08:00:00,202,75,127,FMN 21 Desguinlei Zuidkant
668,Desguinlei 100,2022-11-17,09:00:00,101,49,52,FMN 21 Desguinlei Zuidkant
668,Desguinlei 100,2022-11-17,10:00:00,60,22,38,FMN 21 Desguinlei Zuidkant
668,Desguinlei 100,2022-11-17,11:00:00,76,20,56,FMN 21 Desguinlei Zuidkant
668,Desguinlei 100,2022-11-17,12:00:00,111,25,86,FMN 21 Desguinlei Zuidkant
668,Desguinlei 100,2022-11-17,13:00:00,92,30,62,FMN 21 Desguinlei Zuidkant
668,Desguinlei 100,2022-11-17,14:00:00,65,27,38,FMN 21 Desguinlei Zuidkant
668,Desguinlei 100,2022-11-17,15:00:00,109,23,86,FMN 21 Desguinlei Zuidkant
668,Desguinlei 100,2022-11-17,16:00:00,192,46,146,FMN 21 Desguinlei Zuidkant
668,Desguinlei 100,2022-11-17,17:00:00,237,63,174,FMN 21 Desguinlei Zuidkant
668,Desguinlei 100,2022-11-17,18:00:00,194,56,138,FMN 21 Desguinlei Zuidkant
668,Desguinlei 100,2022-11-17,19:00:00,119,60,59,FMN 21 Desguinlei Zuidkant
668,Desguinlei 100,2022-11-17,20:00:00,78,25,53,FMN 21 Desguinlei Zuidkant
668,Desguinlei 100,2022-11-17,21:00:00,55,19,36,FMN 21 Desguinlei Zuidkant
668,Desguinlei 100,2022-11-17,22:00:00,78,23,55,FMN 21 Desguinlei Zuidkant
668,Desguinlei 100,2022-11-17,23:00:00,33,9,24,FMN 21 Desguinlei Zuidkant
668,Desguinlei 100,2022-11-18,00:00:00,23,10,13,FMN 21 Desguinlei Zuidkant
668,Desguinlei 100,2022-11-18,01:00:00,15,4,11,FMN 21 Desguinlei Zuidkant
668,Desguinlei 100,2022-11-18,02:00:00,4,1,3,FMN 21 Desguinlei Zuidkant
668,Desguinlei 100,2022-11-18,03:00:00,6,1,5,FMN 21 Desguinlei Zuidkant
668,Desguinlei 100,2022-11-18,04:00:00,13,6,7,FMN 21 Desguinlei Zuidkant
668,Desguinlei 100,2022-11-18,05:00:00,18,3,15,FMN 21 Desguinlei Zuidkant
668,Desguinlei 100,2022-11-18,06:00:00,54,13,41,FMN 21 Desguinlei Zuidkant
668,Desguinlei 100,2022-11-18,07:00:00,116,41,75,FMN 21 Desguinlei Zuidkant
668,Desguinlei 100,2022-11-18,08:00:00,183,70,113,FMN 21 Desguinlei Zuidkant
668,Desguinlei 100,2022-11-18,09:00:00,120,47,73,FMN 21 Desguinlei Zuidkant
668,Desguinlei 100,2022-11-18,10:00:00,92,29,63,FMN 21 Desguinlei Zuidkant
668,Desguinlei 100,2022-11-18,11:00:00,102,31,71,FMN 21 Desguinlei Zuidkant
668,Desguinlei 100,2022-11-18,12:00:00,94,26,68,FMN 21 Desguinlei Zuidkant
668,Desguinlei 100,2022-11-18,13:00:00,111,31,80,FMN 21 Desguinlei Zuidkant
668,Desguinlei 100,2022-11-18,14:00:00,87,30,57,FMN 21 Desguinlei Zuidkant
668,Desguinlei 100,2022-11-18,15:00:00,145,17,128,FMN 21 Desguinlei Zuidkant
668,Desguinlei 100,2022-11-18,16:00:00,192,39,153,FMN 21 Desguinlei Zuidkant
668,Desguinlei 100,2022-11-18,17:00:00,171,37,134,FMN 21 Desguinlei Zuidkant
668,Desguinlei 100,2022-11-18,18:00:00,105,31,74,FMN 21 Desguinlei Zuidkant
668,Desguinlei 100,2022-11-18,19:00:00,66,27,39,FMN 21 Desguinlei Zuidkant
668,Desguinlei 100,2022-11-18,20:00:00,66,19,47,FMN 21 Desguinlei Zuidkant
668,Desguinlei 100,2022-11-18,21:00:00,31,11,20,FMN 21 Desguinlei Zuidkant
668,Desguinlei 100,2022-11-18,22:00:00,40,11,29,FMN 21 Desguinlei Zuidkant
668,Desguinlei 100,2022-11-18,23:00:00,25,5,20,FMN 21 Desguinlei Zuidkant
668,Desguinlei 100,2022-11-19,00:00:00,27,10,17,FMN 21 Desguinlei Zuidkant
668,Desguinlei 100,2022-11-19,01:00:00,12,3,9,FMN 21 Desguinlei Zuidkant
668,Desguinlei 100,2022-11-19,02:00:00,14,3,11,FMN 21 Desguinlei Zuidkant
668,Desguinlei 100,2022-11-19,03:00:00,14,3,11,FMN 21 Desguinlei Zuidkant
668,Desguinlei 100,2022-11-19,04:00:00,5,2,3,FMN 21 Desguinlei Zuidkant
668,Desguinlei 100,2022-11-19,05:00:00,8,1,7,FMN 21 Desguinlei Zuidkant
668,Desguinlei 100,2022-11-19,06:00:00,11,0,11,FMN 21 Desguinlei Zuidkant
668,Desguinlei 100,2022-11-19,07:00:00,10,3,7,FMN 21 Desguinlei Zuidkant
668,Desguinlei 100,2022-11-19,08:00:00,24,6,18,FMN 21 Desguinlei Zuidkant
668,Desguinlei 100,2022-11-19,09:00:00,50,12,38,FMN 21 Desguinlei Zuidkant
668,Desguinlei 100,2022-11-19,10:00:00,47,21,26,FMN 21 Desguinlei Zuidkant
668,Desguinlei 100,2022-11-19,11:00:00,45,18,27,FMN 21 Desguinlei Zuidkant
668,Desguinlei 100,2022-11-19,12:00:00,70,20,50,FMN 21 Desguinlei Zuidkant
668,Desguinlei 100,2022-11-19,13:00:00,46,20,26,FMN 21 Desguinlei Zuidkant
668,Desguinlei 100,2022-11-19,14:00:00,47,20,27,FMN 21 Desguinlei Zuidkant
668,Desguinlei 100,2022-11-19,15:00:00,59,16,43,FMN 21 Desguinlei Zuidkant
668,Desguinlei 100,2022-11-19,16:00:00,48,16,32,FMN 21 Desguinlei Zuidkant
668,Desguinlei 100,2022-11-19,17:00:00,72,18,54,FMN 21 Desguinlei Zuidkant
668,Desguinlei 100,2022-11-19,18:00:00,74,15,59,FMN 21 Desguinlei Zuidkant
668,Desguinlei 100,2022-11-19,19:00:00,54,24,30,FMN 21 Desguinlei Zuidkant
668,Desguinlei 100,2022-11-19,20:00:00,28,8,20,FMN 21 Desguinlei Zuidkant
668,Desguinlei 100,2022-11-19,21:00:00,34,7,27,FMN 21 Desguinlei Zuidkant
668,Desguinlei 100,2022-11-19,22:00:00,36,6,30,FMN 21 Desguinlei Zuidkant
668,Desguinlei 100,2022-11-19,23:00:00,33,6,27,FMN 21 Desguinlei Zuidkant
668,Desguinlei 100,2022-11-20,00:00:00,10,4,6,FMN 21 Desguinlei Zuidkant
668,Desguinlei 100,2022-11-20,01:00:00,16,4,12,FMN 21 Desguinlei Zuidkant
668,Desguinlei 100,2022-11-20,02:00:00,8,1,7,FMN 21 Desguinlei Zuidkant
668,Desguinlei 100,2022-11-20,03:00:00,7,5,2,FMN 21 Desguinlei Zuidkant
668,Desguinlei 100,2022-11-20,04:00:00,4,1,3,FMN 21 Desguinlei Zuidkant
668,Desguinlei 100,2022-11-20,05:00:00,4,1,3,FMN 21 Desguinlei Zuidkant
668,Desguinlei 100,2022-11-20,06:00:00,9,2,7,FMN 21 Desguinlei Zuidkant
668,Desguinlei 100,2022-11-20,07:00:00,10,0,10,FMN 21 Desguinlei Zuidkant
668,Desguinlei 100,2022-11-20,08:00:00,33,13,20,FMN 21 Desguinlei Zuidkant
668,Desguinlei 100,2022-11-20,09:00:00,66,23,43,FMN 21 Desguinlei Zuidkant
668,Desguinlei 100,2022-11-20,10:00:00,71,31,40,FMN 21 Desguinlei Zuidkant
668,Desguinlei 100,2022-11-20,11:00:00,113,45,68,FMN 21 Desguinlei Zuidkant
668,Desguinlei 100,2022-11-20,12:00:00,148,57,91,FMN 21 Desguinlei Zuidkant
668,Desguinlei 100,2022-11-20,13:00:00,100,27,73,FMN 21 Desguinlei Zuidkant
668,Desguinlei 100,2022-11-20,14:00:00,46,17,29,FMN 21 Desguinlei Zuidkant
668,Desguinlei 100,2022-11-20,15:00:00,40,12,28,FMN 21 Desguinlei Zuidkant
668,Desguinlei 100,2022-11-20,16:00:00,47,10,37,FMN 21 Desguinlei Zuidkant
668,Desguinlei 100,2022-11-20,17:00:00,59,13,46,FMN 21 Desguinlei Zuidkant
668,Desguinlei 100,2022-11-20,18:00:00,34,18,16,FMN 21 Desguinlei Zuidkant
668,Desguinlei 100,2022-11-20,19:00:00,41,23,18,FMN 21 Desguinlei Zuidkant
668,Desguinlei 100,2022-11-20,20:00:00,18,8,10,FMN 21 Desguinlei Zuidkant
668,Desguinlei 100,2022-11-20,21:00:00,16,8,8,FMN 21 Desguinlei Zuidkant
668,Desguinlei 100,2022-11-20,22:00:00,27,6,21,FMN 21 Desguinlei Zuidkant
668,Desguinlei 100,2022-11-20,23:00:00,10,1,9,FMN 21 Desguinlei Zuidkant
668,Desguinlei 100,2022-11-21,00:00:00,7,4,3,FMN 21 Desguinlei Zuidkant
668,Desguinlei 100,2022-11-21,01:00:00,7,3,4,FMN 21 Desguinlei Zuidkant
668,Desguinlei 100,2022-11-21,02:00:00,1,0,1,FMN 21 Desguinlei Zuidkant
668,Desguinlei 100,2022-11-21,03:00:00,0,0,0,FMN 21 Desguinlei Zuidkant
668,Desguinlei 100,2022-11-21,04:00:00,9,5,4,FMN 21 Desguinlei Zuidkant
668,Desguinlei 100,2022-11-21,05:00:00,15,4,11,FMN 21 Desguinlei Zuidkant
668,Desguinlei 100,2022-11-21,06:00:00,50,16,34,FMN 21 Desguinlei Zuidkant
668,Desguinlei 100,2022-11-21,07:00:00,101,31,70,FMN 21 Desguinlei Zuidkant
668,Desguinlei 100,2022-11-21,08:00:00,158,60,98,FMN 21 Desguinlei Zuidkant
668,Desguinlei 100,2022-11-21,09:00:00,71,29,42,FMN 21 Desguinlei Zuidkant
668,Desguinlei 100,2022-11-21,10:00:00,83,33,50,FMN 21 Desguinlei Zuidkant
668,Desguinlei 100,2022-11-21,11:00:00,61,16,45,FMN 21 Desguinlei Zuidkant
668,Desguinlei 100,2022-11-21,12:00:00,107,31,76,FMN 21 Desguinlei Zuidkant
668,Desguinlei 100,2022-11-21,13:00:00,131,70,61,FMN 21 Desguinlei Zuidkant
668,Desguinlei 100,2022-11-21,14:00:00,81,27,54,FMN 21 Desguinlei Zuidkant
668,Desguinlei 100,2022-11-21,15:00:00,165,28,137,FMN 21 Desguinlei Zuidkant
668,Desguinlei 100,2022-11-21,16:00:00,223,26,197,FMN 21 Desguinlei Zuidkant
668,Desguinlei 100,2022-11-21,17:00:00,202,38,164,FMN 21 Desguinlei Zuidkant
668,Desguinlei 100,2022-11-21,18:00:00,166,44,122,FMN 21 Desguinlei Zuidkant
668,Desguinlei 100,2022-11-21,19:00:00,68,21,47,FMN 21 Desguinlei Zuidkant
668,Desguinlei 100,2022-11-21,20:00:00,54,19,35,FMN 21 Desguinlei Zuidkant
668,Desguinlei 100,2022-11-21,21:00:00,37,20,17,FMN 21 Desguinlei Zuidkant
668,Desguinlei 100,2022-11-21,22:00:00,34,12,22,FMN 21 Desguinlei Zuidkant
668,Desguinlei 100,2022-11-21,23:00:00,10,6,4,FMN 21 Desguinlei Zuidkant
668,Desguinlei 100,2022-11-22,00:00:00,3,1,2,FMN 21 Desguinlei Zuidkant
668,Desguinlei 100,2022-11-22,01:00:00,1,0,1,FMN 21 Desguinlei Zuidkant
668,Desguinlei 100,2022-11-22,02:00:00,0,0,0,FMN 21 Desguinlei Zuidkant
668,Desguinlei 100,2022-11-22,03:00:00,3,1,2,FMN 21 Desguinlei Zuidkant
668,Desguinlei 100,2022-11-22,04:00:00,12,6,6,FMN 21 Desguinlei Zuidkant
668,Desguinlei 100,2022-11-22,05:00:00,13,8,5,FMN 21 Desguinlei Zuidkant
668,Desguinlei 100,2022-11-22,06:00:00,35,13,22,FMN 21 Desguinlei Zuidkant
668,Desguinlei 100,2022-11-22,07:00:00,117,28,89,FMN 21 Desguinlei Zuidkant
668,Desguinlei 100,2022-11-22,08:00:00,189,81,108,FMN 21 Desguinlei Zuidkant
668,Desguinlei 100,2022-11-22,09:00:00,73,35,38,FMN 21 Desguinlei Zuidkant
668,Desguinlei 100,2022-11-22,10:00:00,73,23,50,FMN 21 Desguinlei Zuidkant
668,Desguinlei 100,2022-11-22,11:00:00,57,15,42,FMN 21 Desguinlei Zuidkant
668,Desguinlei 100,2022-11-22,12:00:00,104,35,69,FMN 21 Desguinlei Zuidkant
668,Desguinlei 100,2022-11-22,13:00:00,75,17,58,FMN 21 Desguinlei Zuidkant
668,Desguinlei 100,2022-11-22,14:00:00,84,21,63,FMN 21 Desguinlei Zuidkant
668,Desguinlei 100,2022-11-22,15:00:00,151,28,123,FMN 21 Desguinlei Zuidkant
668,Desguinlei 100,2022-11-22,16:00:00,192,50,142,FMN 21 Desguinlei Zuidkant
668,Desguinlei 100,2022-11-22,17:00:00,198,42,156,FMN 21 Desguinlei Zuidkant
668,Desguinlei 100,2022-11-22,18:00:00,175,44,131,FMN 21 Desguinlei Zuidkant
668,Desguinlei 100,2022-11-22,19:00:00,94,34,60,FMN 21 Desguinlei Zuidkant
668,Desguinlei 100,2022-11-22,20:00:00,56,25,31,FMN 21 Desguinlei Zuidkant
668,Desguinlei 100,2022-11-22,21:00:00,55,22,33,FMN 21 Desguinlei Zuidkant
668,Desguinlei 100,2022-11-22,22:00:00,39,13,26,FMN 21 Desguinlei Zuidkant
668,Desguinlei 100,2022-11-22,23:00:00,21,8,13,FMN 21 Desguinlei Zuidkant
668,Desguinlei 100,2022-11-23,00:00:00,11,4,7,FMN 21 Desguinlei Zuidkant
668,Desguinlei 100,2022-11-23,01:00:00,3,0,3,FMN 21 Desguinlei Zuidkant
668,Desguinlei 100,2022-11-23,02:00:00,0,0,0,FMN 21 Desguinlei Zuidkant
668,Desguinlei 100,2022-11-23,03:00:00,4,3,1,FMN 21 Desguinlei Zuidkant
668,Desguinlei 100,2022-11-23,04:00:00,10,6,4,FMN 21 Desguinlei Zuidkant
668,Desguinlei 100,2022-11-23,05:00:00,21,10,11,FMN 21 Desguinlei Zuidkant
668,Desguinlei 100,2022-11-23,06:00:00,49,11,38,FMN 21 Desguinlei Zuidkant
668,Desguinlei 100,2022-11-23,07:00:00,116,43,73,FMN 21 Desguinlei Zuidkant
668,Desguinlei 100,2022-11-23,08:00:00,185,74,111,FMN 21 Desguinlei Zuidkant
668,Desguinlei 100,2022-11-23,09:00:00,103,46,57,FMN 21 Desguinlei Zuidkant
668,Desguinlei 100,2022-11-23,10:00:00,60,25,35,FMN 21 Desguinlei Zuidkant
668,Desguinlei 100,2022-11-23,11:00:00,82,23,59,FMN 21 Desguinlei Zuidkant
668,Desguinlei 100,2022-11-23,12:00:00,143,30,113,FMN 21 Desguinlei Zuidkant
668,Desguinlei 100,2022-11-23,13:00:00,107,29,78,FMN 21 Desguinlei Zuidkant
668,Desguinlei 100,2022-11-23,14:00:00,66,22,44,FMN 21 Desguinlei Zuidkant
668,Desguinlei 100,2022-11-23,15:00:00,117,26,91,FMN 21 Desguinlei Zuidkant
668,Desguinlei 100,2022-11-23,16:00:00,147,25,122,FMN 21 Desguinlei Zuidkant
668,Desguinlei 100,2022-11-23,17:00:00,185,40,145,FMN 21 Desguinlei Zuidkant
668,Desguinlei 100,2022-11-23,18:00:00,167,45,122,FMN 21 Desguinlei Zuidkant
668,Desguinlei 100,2022-11-23,19:00:00,103,25,78,FMN 21 Desguinlei Zuidkant
668,Desguinlei 100,2022-11-23,20:00:00,62,29,33,FMN 21 Desguinlei Zuidkant
668,Desguinlei 100,2022-11-23,21:00:00,44,22,22,FMN 21 Desguinlei Zuidkant
668,Desguinlei 100,2022-11-23,22:00:00,45,12,33,FMN 21 Desguinlei Zuidkant
668,Desguinlei 100,2022-11-23,23:00:00,26,4,22,FMN 21 Desguinlei Zuidkant
668,Desguinlei 100,2022-11-24,00:00:00,12,2,10,FMN 21 Desguinlei Zuidkant
668,Desguinlei 100,2022-11-24,01:00:00,5,0,5,FMN 21 Desguinlei Zuidkant
668,Desguinlei 100,2022-11-24,02:00:00,3,0,3,FMN 21 Desguinlei Zuidkant
668,Desguinlei 100,2022-11-24,03:00:00,2,1,1,FMN 21 Desguinlei Zuidkant
668,Desguinlei 100,2022-11-24,04:00:00,8,5,3,FMN 21 Desguinlei Zuidkant
668,Desguinlei 100,2022-11-24,05:00:00,24,10,14,FMN 21 Desguinlei Zuidkant
668,Desguinlei 100,2022-11-24,06:00:00,44,12,32,FMN 21 Desguinlei Zuidkant
668,Desguinlei 100,2022-11-24,07:00:00,131,41,90,FMN 21 Desguinlei Zuidkant
668,Desguinlei 100,2022-11-24,08:00:00,193,69,124,FMN 21 Desguinlei Zuidkant
668,Desguinlei 100,2022-11-24,09:00:00,89,40,49,FMN 21 Desguinlei Zuidkant
668,Desguinlei 100,2022-11-24,10:00:00,80,26,54,FMN 21 Desguinlei Zuidkant
668,Desguinlei 100,2022-11-24,11:00:00,56,19,37,FMN 21 Desguinlei Zuidkant
668,Desguinlei 100,2022-11-24,12:00:00,117,37,80,FMN 21 Desguinlei Zuidkant
668,Desguinlei 100,2022-11-24,13:00:00,97,31,66,FMN 21 Desguinlei Zuidkant
668,Desguinlei 100,2022-11-24,14:00:00,100,23,77,FMN 21 Desguinlei Zuidkant
668,Desguinlei 100,2022-11-24,15:00:00,146,32,114,FMN 21 Desguinlei Zuidkant
668,Desguinlei 100,2022-11-24,16:00:00,192,36,156,FMN 21 Desguinlei Zuidkant
668,Desguinlei 100,2022-11-24,17:00:00,256,48,208,FMN 21 Desguinlei Zuidkant
668,Desguinlei 100,2022-11-24,18:00:00,197,56,141,FMN 21 Desguinlei Zuidkant
668,Desguinlei 100,2022-11-24,19:00:00,115,40,75,FMN 21 Desguinlei Zuidkant
668,Desguinlei 100,2022-11-24,20:00:00,95,28,67,FMN 21 Desguinlei Zuidkant
668,Desguinlei 100,2022-11-24,21:00:00,70,22,48,FMN 21 Desguinlei Zuidkant
668,Desguinlei 100,2022-11-24,22:00:00,79,21,58,FMN 21 Desguinlei Zuidkant
668,Desguinlei 100,2022-11-24,23:00:00,28,14,14,FMN 21 Desguinlei Zuidkant
668,Desguinlei 100,2022-11-25,00:00:00,16,0,16,FMN 21 Desguinlei Zuidkant
668,Desguinlei 100,2022-11-25,01:00:00,12,0,12,FMN 21 Desguinlei Zuidkant
668,Desguinlei 100,2022-11-25,02:00:00,7,2,5,FMN 21 Desguinlei Zuidkant
668,Desguinlei 100,2022-11-25,03:00:00,9,1,8,FMN 21 Desguinlei Zuidkant
668,Desguinlei 100,2022-11-25,04:00:00,9,5,4,FMN 21 Desguinlei Zuidkant
668,Desguinlei 100,2022-11-25,05:00:00,17,5,12,FMN 21 Desguinlei Zuidkant
668,Desguinlei 100,2022-11-25,06:00:00,42,11,31,FMN 21 Desguinlei Zuidkant
668,Desguinlei 100,2022-11-25,07:00:00,101,30,71,FMN 21 Desguinlei Zuidkant
668,Desguinlei 100,2022-11-25,08:00:00,197,71,126,FMN 21 Desguinlei Zuidkant
668,Desguinlei 100,2022-11-25,09:00:00,79,30,49,FMN 21 Desguinlei Zuidkant
668,Desguinlei 100,2022-11-25,10:00:00,113,41,72,FMN 21 Desguinlei Zuidkant
668,Desguinlei 100,2022-11-25,11:00:00,74,27,47,FMN 21 Desguinlei Zuidkant
668,Desguinlei 100,2022-11-25,12:00:00,114,32,82,FMN 21 Desguinlei Zuidkant
668,Desguinlei 100,2022-11-25,13:00:00,110,36,74,FMN 21 Desguinlei Zuidkant
668,Desguinlei 100,2022-11-25,14:00:00,115,31,84,FMN 21 Desguinlei Zuidkant
668,Desguinlei 100,2022-11-25,15:00:00,149,35,114,FMN 21 Desguinlei Zuidkant
668,Desguinlei 100,2022-11-25,16:00:00,185,31,154,FMN 21 Desguinlei Zuidkant
668,Desguinlei 100,2022-11-25,17:00:00,210,57,153,FMN 21 Desguinlei Zuidkant
668,Desguinlei 100,2022-11-25,18:00:00,163,46,117,FMN 21 Desguinlei Zuidkant
668,Desguinlei 100,2022-11-25,19:00:00,116,55,61,FMN 21 Desguinlei Zuidkant
668,Desguinlei 100,2022-11-25,20:00:00,81,27,54,FMN 21 Desguinlei Zuidkant
668,Desguinlei 100,2022-11-25,21:00:00,42,15,27,FMN 21 Desguinlei Zuidkant
668,Desguinlei 100,2022-11-25,22:00:00,42,9,33,FMN 21 Desguinlei Zuidkant
668,Desguinlei 100,2022-11-25,23:00:00,38,12,26,FMN 21 Desguinlei Zuidkant
668,Desguinlei 100,2022-11-26,00:00:00,30,9,21,FMN 21 Desguinlei Zuidkant
668,Desguinlei 100,2022-11-26,01:00:00,17,5,12,FMN 21 Desguinlei Zuidkant
668,Desguinlei 100,2022-11-26,02:00:00,12,2,10,FMN 21 Desguinlei Zuidkant
668,Desguinlei 100,2022-11-26,03:00:00,22,8,14,FMN 21 Desguinlei Zuidkant
668,Desguinlei 100,2022-11-26,04:00:00,11,2,9,FMN 21 Desguinlei Zuidkant
668,Desguinlei 100,2022-11-26,05:00:00,10,2,8,FMN 21 Desguinlei Zuidkant
668,Desguinlei 100,2022-11-26,06:00:00,13,1,12,FMN 21 Desguinlei Zuidkant
668,Desguinlei 100,2022-11-26,07:00:00,14,0,14,FMN 21 Desguinlei Zuidkant
668,Desguinlei 100,2022-11-26,08:00:00,26,5,21,FMN 21 Desguinlei Zuidkant
668,Desguinlei 100,2022-11-26,09:00:00,73,15,58,FMN 21 Desguinlei Zuidkant
668,Desguinlei 100,2022-11-26,10:00:00,57,15,42,FMN 21 Desguinlei Zuidkant
668,Desguinlei 100,2022-11-26,11:00:00,70,34,36,FMN 21 Desguinlei Zuidkant
668,Desguinlei 100,2022-11-26,12:00:00,85,25,60,FMN 21 Desguinlei Zuidkant
668,Desguinlei 100,2022-11-26,13:00:00,111,34,77,FMN 21 Desguinlei Zuidkant
668,Desguinlei 100,2022-11-26,14:00:00,64,21,43,FMN 21 Desguinlei Zuidkant
668,Desguinlei 100,2022-11-26,15:00:00,73,26,47,FMN 21 Desguinlei Zuidkant
668,Desguinlei 100,2022-11-26,16:00:00,75,19,56,FMN 21 Desguinlei Zuidkant
668,Desguinlei 100,2022-11-26,17:00:00,100,27,73,FMN 21 Desguinlei Zuidkant
668,Desguinlei 100,2022-11-26,18:00:00,78,26,52,FMN 21 Desguinlei Zuidkant
668,Desguinlei 100,2022-11-26,19:00:00,76,41,35,FMN 21 Desguinlei Zuidkant
668,Desguinlei 100,2022-11-26,20:00:00,38,18,20,FMN 21 Desguinlei Zuidkant
668,Desguinlei 100,2022-11-26,21:00:00,46,9,37,FMN 21 Desguinlei Zuidkant
668,Desguinlei 100,2022-11-26,22:00:00,43,9,34,FMN 21 Desguinlei Zuidkant
668,Desguinlei 100,2022-11-26,23:00:00,27,7,20,FMN 21 Desguinlei Zuidkant
668,Desguinlei 100,2022-11-27,00:00:00,22,8,14,FMN 21 Desguinlei Zuidkant
668,Desguinlei 100,2022-11-27,01:00:00,14,2,12,FMN 21 Desguinlei Zuidkant
668,Desguinlei 100,2022-11-27,02:00:00,24,11,13,FMN 21 Desguinlei Zuidkant
668,Desguinlei 100,2022-11-27,03:00:00,17,5,12,FMN 21 Desguinlei Zuidkant
668,Desguinlei 100,2022-11-27,04:00:00,6,2,4,FMN 21 Desguinlei Zuidkant
668,Desguinlei 100,2022-11-27,05:00:00,13,2,11,FMN 21 Desguinlei Zuidkant
668,Desguinlei 100,2022-11-27,06:00:00,10,3,7,FMN 21 Desguinlei Zuidkant
668,Desguinlei 100,2022-11-27,07:00:00,8,0,8,FMN 21 Desguinlei Zuidkant
668,Desguinlei 100,2022-11-27,08:00:00,14,2,12,FMN 21 Desguinlei Zuidkant
668,Desguinlei 100,2022-11-27,09:00:00,35,11,24,FMN 21 Desguinlei Zuidkant
668,Desguinlei 100,2022-11-27,10:00:00,46,13,33,FMN 21 Desguinlei Zuidkant
668,Desguinlei 100,2022-11-27,11:00:00,58,25,33,FMN 21 Desguinlei Zuidkant
668,Desguinlei 100,2022-11-27,12:00:00,62,37,25,FMN 21 Desguinlei Zuidkant
668,Desguinlei 100,2022-11-27,13:00:00,51,17,34,FMN 21 Desguinlei Zuidkant
668,Desguinlei 100,2022-11-27,14:00:00,41,24,17,FMN 21 Desguinlei Zuidkant
668,Desguinlei 100,2022-11-27,15:00:00,21,2,19,FMN 21 Desguinlei Zuidkant
668,Desguinlei 100,2022-11-27,16:00:00,42,10,32,FMN 21 Desguinlei Zuidkant
668,Desguinlei 100,2022-11-27,17:00:00,37,8,29,FMN 21 Desguinlei Zuidkant
668,Desguinlei 100,2022-11-27,18:00:00,35,11,24,FMN 21 Desguinlei Zuidkant
668,Desguinlei 100,2022-11-27,19:00:00,16,1,15,FMN 21 Desguinlei Zuidkant
668,Desguinlei 100,2022-11-27,20:00:00,20,6,14,FMN 21 Desguinlei Zuidkant
668,Desguinlei 100,2022-11-27,21:00:00,17,6,11,FMN 21 Desguinlei Zuidkant
668,Desguinlei 100,2022-11-27,22:00:00,12,4,8,FMN 21 Desguinlei Zuidkant
668,Desguinlei 100,2022-11-27,23:00:00,11,5,6,FMN 21 Desguinlei Zuidkant
668,Desguinlei 100,2022-11-28,00:00:00,4,0,4,FMN 21 Desguinlei Zuidkant
668,Desguinlei 100,2022-11-28,01:00:00,3,1,2,FMN 21 Desguinlei Zuidkant
668,Desguinlei 100,2022-11-28,02:00:00,2,0,2,FMN 21 Desguinlei Zuidkant
668,Desguinlei 100,2022-11-28,03:00:00,1,0,1,FMN 21 Desguinlei Zuidkant
668,Desguinlei 100,2022-11-28,04:00:00,8,3,5,FMN 21 Desguinlei Zuidkant
668,Desguinlei 100,2022-11-28,05:00:00,14,4,10,FMN 21 Desguinlei Zuidkant
668,Desguinlei 100,2022-11-28,06:00:00,42,15,27,FMN 21 Desguinlei Zuidkant
668,Desguinlei 100,2022-11-28,07:00:00,125,36,89,FMN 21 Desguinlei Zuidkant
668,Desguinlei 100,2022-11-28,08:00:00,217,90,127,FMN 21 Desguinlei Zuidkant
668,Desguinlei 100,2022-11-28,09:00:00,82,35,47,FMN 21 Desguinlei Zuidkant
668,Desguinlei 100,2022-11-28,10:00:00,63,22,41,FMN 21 Desguinlei Zuidkant
668,Desguinlei 100,2022-11-28,11:00:00,79,28,51,FMN 21 Desguinlei Zuidkant
668,Desguinlei 100,2022-11-28,12:00:00,115,30,85,FMN 21 Desguinlei Zuidkant
668,Desguinlei 100,2022-11-28,13:00:00,113,37,76,FMN 21 Desguinlei Zuidkant
668,Desguinlei 100,2022-11-28,14:00:00,77,19,58,FMN 21 Desguinlei Zuidkant
668,Desguinlei 100,2022-11-28,15:00:00,160,38,122,FMN 21 Desguinlei Zuidkant
668,Desguinlei 100,2022-11-28,16:00:00,214,40,174,FMN 21 Desguinlei Zuidkant
668,Desguinlei 100,2022-11-28,17:00:00,211,41,170,FMN 21 Desguinlei Zuidkant
668,Desguinlei 100,2022-11-28,18:00:00,194,45,149,FMN 21 Desguinlei Zuidkant
668,Desguinlei 100,2022-11-28,19:00:00,89,28,61,FMN 21 Desguinlei Zuidkant
668,Desguinlei 100,2022-11-28,20:00:00,82,32,50,FMN 21 Desguinlei Zuidkant
668,Desguinlei 100,2022-11-28,21:00:00,43,26,17,FMN 21 Desguinlei Zuidkant
668,Desguinlei 100,2022-11-28,22:00:00,39,14,25,FMN 21 Desguinlei Zuidkant
668,Desguinlei 100,2022-11-28,23:00:00,16,8,8,FMN 21 Desguinlei Zuidkant
668,Desguinlei 100,2022-11-29,00:00:00,2,0,2,FMN 21 Desguinlei Zuidkant
668,Desguinlei 100,2022-11-29,01:00:00,2,0,2,FMN 21 Desguinlei Zuidkant
668,Desguinlei 100,2022-11-29,02:00:00,2,0,2,FMN 21 Desguinlei Zuidkant
668,Desguinlei 100,2022-11-29,03:00:00,1,0,1,FMN 21 Desguinlei Zuidkant
668,Desguinlei 100,2022-11-29,04:00:00,15,5,10,FMN 21 Desguinlei Zuidkant
668,Desguinlei 100,2022-11-29,05:00:00,21,11,10,FMN 21 Desguinlei Zuidkant
668,Desguinlei 100,2022-11-29,06:00:00,40,12,28,FMN 21 Desguinlei Zuidkant
668,Desguinlei 100,2022-11-29,07:00:00,108,23,85,FMN 21 Desguinlei Zuidkant
668,Desguinlei 100,2022-11-29,08:00:00,174,71,103,FMN 21 Desguinlei Zuidkant
668,Desguinlei 100,2022-11-29,09:00:00,80,32,48,FMN 21 Desguinlei Zuidkant
668,Desguinlei 100,2022-11-29,10:00:00,70,23,47,FMN 21 Desguinlei Zuidkant
668,Desguinlei 100,2022-11-29,11:00:00,114,32,82,FMN 21 Desguinlei Zuidkant
668,Desguinlei 100,2022-11-29,12:00:00,123,30,93,FMN 21 Desguinlei Zuidkant
668,Desguinlei 100,2022-11-29,13:00:00,176,80,96,FMN 21 Desguinlei Zuidkant
668,Desguinlei 100,2022-11-29,14:00:00,93,23,70,FMN 21 Desguinlei Zuidkant
668,Desguinlei 100,2022-11-29,15:00:00,183,41,142,FMN 21 Desguinlei Zuidkant
668,Desguinlei 100,2022-11-29,16:00:00,213,37,176,FMN 21 Desguinlei Zuidkant
668,Desguinlei 100,2022-11-29,17:00:00,220,55,165,FMN 21 Desguinlei Zuidkant
668,Desguinlei 100,2022-11-29,18:00:00,183,35,148,FMN 21 Desguinlei Zuidkant
668,Desguinlei 100,2022-11-29,19:00:00,120,47,73,FMN 21 Desguinlei Zuidkant
668,Desguinlei 100,2022-11-29,20:00:00,67,30,37,FMN 21 Desguinlei Zuidkant
668,Desguinlei 100,2022-11-29,21:00:00,63,23,40,FMN 21 Desguinlei Zuidkant
668,Desguinlei 100,2022-11-29,22:00:00,47,12,35,FMN 21 Desguinlei Zuidkant
668,Desguinlei 100,2022-11-29,23:00:00,36,8,28,FMN 21 Desguinlei Zuidkant
668,Desguinlei 100,2022-11-30,00:00:00,5,0,5,FMN 21 Desguinlei Zuidkant
668,Desguinlei 100,2022-11-30,01:00:00,2,1,1,FMN 21 Desguinlei Zuidkant
668,Desguinlei 100,2022-11-30,02:00:00,3,0,3,FMN 21 Desguinlei Zuidkant
668,Desguinlei 100,2022-11-30,03:00:00,1,0,1,FMN 21 Desguinlei Zuidkant
668,Desguinlei 100,2022-11-30,04:00:00,10,3,7,FMN 21 Desguinlei Zuidkant
668,Desguinlei 100,2022-11-30,05:00:00,24,6,18,FMN 21 Desguinlei Zuidkant
668,Desguinlei 100,2022-11-30,06:00:00,49,14,35,FMN 21 Desguinlei Zuidkant
668,Desguinlei 100,2022-11-30,07:00:00,106,37,69,FMN 21 Desguinlei Zuidkant
668,Desguinlei 100,2022-11-30,08:00:00,191,64,127,FMN 21 Desguinlei Zuidkant
668,Desguinlei 100,2022-11-30,09:00:00,87,34,53,FMN 21 Desguinlei Zuidkant
668,Desguinlei 100,2022-11-30,10:00:00,95,28,67,FMN 21 Desguinlei Zuidkant
668,Desguinlei 100,2022-11-30,11:00:00,70,16,54,FMN 21 Desguinlei Zuidkant
668,Desguinlei 100,2022-11-30,12:00:00,182,49,133,FMN 21 Desguinlei Zuidkant
668,Desguinlei 100,2022-11-30,13:00:00,118,28,90,FMN 21 Desguinlei Zuidkant
668,Desguinlei 100,2022-11-30,14:00:00,113,32,81,FMN 21 Desguinlei Zuidkant
668,Desguinlei 100,2022-11-30,15:00:00,142,50,92,FMN 21 Desguinlei Zuidkant
668,Desguinlei 100,2022-11-30,16:00:00,180,34,146,FMN 21 Desguinlei Zuidkant
668,Desguinlei 100,2022-11-30,17:00:00,194,47,147,FMN 21 Desguinlei Zuidkant
668,Desguinlei 100,2022-11-30,18:00:00,204,55,149,FMN 21 Desguinlei Zuidkant
668,Desguinlei 100,2022-11-30,19:00:00,85,28,57,FMN 21 Desguinlei Zuidkant
668,Desguinlei 100,2022-11-30,20:00:00,67,30,37,FMN 21 Desguinlei Zuidkant
668,Desguinlei 100,2022-11-30,21:00:00,53,23,30,FMN 21 Desguinlei Zuidkant
668,Desguinlei 100,2022-11-30,22:00:00,45,11,34,FMN 21 Desguinlei Zuidkant
668,Desguinlei 100,2022-11-30,23:00:00,35,9,26,FMN 21 Desguinlei Zuidkant
668,Desguinlei 100,2022-12-01,00:00:00,7,3,4,FMN 21 Desguinlei Zuidkant
668,Desguinlei 100,2022-12-01,01:00:00,7,2,5,FMN 21 Desguinlei Zuidkant
668,Desguinlei 100,2022-12-01,02:00:00,3,1,2,FMN 21 Desguinlei Zuidkant
668,Desguinlei 100,2022-12-01,03:00:00,3,0,3,FMN 21 Desguinlei Zuidkant
668,Desguinlei 100,2022-12-01,04:00:00,12,6,6,FMN 21 Desguinlei Zuidkant
668,Desguinlei 100,2022-12-01,05:00:00,17,6,11,FMN 21 Desguinlei Zuidkant
668,Desguinlei 100,2022-12-01,06:00:00,41,12,29,FMN 21 Desguinlei Zuidkant
668,Desguinlei 100,2022-12-01,07:00:00,111,35,76,FMN 21 Desguinlei Zuidkant
668,Desguinlei 100,2022-12-01,08:00:00,222,72,150,FMN 21 Desguinlei Zuidkant
668,Desguinlei 100,2022-12-01,09:00:00,90,40,50,FMN 21 Desguinlei Zuidkant
668,Desguinlei 100,2022-12-01,10:00:00,75,25,50,FMN 21 Desguinlei Zuidkant
668,Desguinlei 100,2022-12-01,11:00:00,72,18,54,FMN 21 Desguinlei Zuidkant
668,Desguinlei 100,2022-12-01,12:00:00,103,40,63,FMN 21 Desguinlei Zuidkant
668,Desguinlei 100,2022-12-01,13:00:00,103,30,73,FMN 21 Desguinlei Zuidkant
668,Desguinlei 100,2022-12-01,14:00:00,78,15,63,FMN 21 Desguinlei Zuidkant
668,Desguinlei 100,2022-12-01,15:00:00,163,33,130,FMN 21 Desguinlei Zuidkant
668,Desguinlei 100,2022-12-01,16:00:00,173,37,136,FMN 21 Desguinlei Zuidkant
668,Desguinlei 100,2022-12-01,17:00:00,172,42,130,FMN 21 Desguinlei Zuidkant
668,Desguinlei 100,2022-12-01,18:00:00,180,48,132,FMN 21 Desguinlei Zuidkant
668,Desguinlei 100,2022-12-01,19:00:00,97,41,56,FMN 21 Desguinlei Zuidkant
668,Desguinlei 100,2022-12-01,20:00:00,85,28,57,FMN 21 Desguinlei Zuidkant
668,Desguinlei 100,2022-12-01,21:00:00,75,23,52,FMN 21 Desguinlei Zuidkant
668,Desguinlei 100,2022-12-01,22:00:00,57,17,40,FMN 21 Desguinlei Zuidkant
668,Desguinlei 100,2022-12-01,23:00:00,37,12,25,FMN 21 Desguinlei Zuidkant
668,Desguinlei 100,2022-12-02,00:00:00,22,12,10,FMN 21 Desguinlei Zuidkant
668,Desguinlei 100,2022-12-02,01:00:00,4,1,3,FMN 21 Desguinlei Zuidkant
668,Desguinlei 100,2022-12-02,02:00:00,2,1,1,FMN 21 Desguinlei Zuidkant
668,Desguinlei 100,2022-12-02,03:00:00,2,0,2,FMN 21 Desguinlei Zuidkant
668,Desguinlei 100,2022-12-02,04:00:00,12,5,7,FMN 21 Desguinlei Zuidkant
668,Desguinlei 100,2022-12-02,05:00:00,19,6,13,FMN 21 Desguinlei Zuidkant
668,Desguinlei 100,2022-12-02,06:00:00,40,11,29,FMN 21 Desguinlei Zuidkant
668,Desguinlei 100,2022-12-02,07:00:00,115,40,75,FMN 21 Desguinlei Zuidkant
668,Desguinlei 100,2022-12-02,08:00:00,139,49,90,FMN 21 Desguinlei Zuidkant
668,Desguinlei 100,2022-12-02,09:00:00,82,27,55,FMN 21 Desguinlei Zuidkant
668,Desguinlei 100,2022-12-02,10:00:00,67,24,43,FMN 21 Desguinlei Zuidkant
668,Desguinlei 100,2022-12-02,11:00:00,67,17,50,FMN 21 Desguinlei Zuidkant
668,Desguinlei 100,2022-12-02,12:00:00,97,30,67,FMN 21 Desguinlei Zuidkant
668,Desguinlei 100,2022-12-02,13:00:00,106,33,73,FMN 21 Desguinlei Zuidkant
668,Desguinlei 100,2022-12-02,14:00:00,73,11,62,FMN 21 Desguinlei Zuidkant
668,Desguinlei 100,2022-12-02,15:00:00,125,22,103,FMN 21 Desguinlei Zuidkant
668,Desguinlei 100,2022-12-02,16:00:00,161,36,125,FMN 21 Desguinlei Zuidkant
668,Desguinlei 100,2022-12-02,17:00:00,142,33,109,FMN 21 Desguinlei Zuidkant
668,Desguinlei 100,2022-12-02,18:00:00,118,29,89,FMN 21 Desguinlei Zuidkant
668,Desguinlei 100,2022-12-02,19:00:00,75,34,41,FMN 21 Desguinlei Zuidkant
668,Desguinlei 100,2022-12-02,20:00:00,43,13,30,FMN 21 Desguinlei Zuidkant
668,Desguinlei 100,2022-12-02,21:00:00,66,19,47,FMN 21 Desguinlei Zuidkant
668,Desguinlei 100,2022-12-02,22:00:00,36,10,26,FMN 21 Desguinlei Zuidkant
668,Desguinlei 100,2022-12-02,23:00:00,38,13,25,FMN 21 Desguinlei Zuidkant
668,Desguinlei 100,2022-12-03,00:00:00,22,2,20,FMN 21 Desguinlei Zuidkant
668,Desguinlei 100,2022-12-03,01:00:00,20,8,12,FMN 21 Desguinlei Zuidkant
668,Desguinlei 100,2022-12-03,02:00:00,10,4,6,FMN 21 Desguinlei Zuidkant
668,Desguinlei 100,2022-12-03,03:00:00,11,3,8,FMN 21 Desguinlei Zuidkant
668,Desguinlei 100,2022-12-03,04:00:00,9,2,7,FMN 21 Desguinlei Zuidkant
668,Desguinlei 100,2022-12-03,05:00:00,6,1,5,FMN 21 Desguinlei Zuidkant
668,Desguinlei 100,2022-12-03,06:00:00,16,7,9,FMN 21 Desguinlei Zuidkant
668,Desguinlei 100,2022-12-03,07:00:00,8,0,8,FMN 21 Desguinlei Zuidkant
668,Desguinlei 100,2022-12-03,08:00:00,23,7,16,FMN 21 Desguinlei Zuidkant
668,Desguinlei 100,2022-12-03,09:00:00,50,9,41,FMN 21 Desguinlei Zuidkant
668,Desguinlei 100,2022-12-03,10:00:00,37,9,28,FMN 21 Desguinlei Zuidkant
668,Desguinlei 100,2022-12-03,11:00:00,64,27,37,FMN 21 Desguinlei Zuidkant
668,Desguinlei 100,2022-12-03,12:00:00,52,19,33,FMN 21 Desguinlei Zuidkant
668,Desguinlei 100,2022-12-03,13:00:00,52,16,36,FMN 21 Desguinlei Zuidkant
668,Desguinlei 100,2022-12-03,14:00:00,36,12,24,FMN 21 Desguinlei Zuidkant
668,Desguinlei 100,2022-12-03,15:00:00,37,5,32,FMN 21 Desguinlei Zuidkant
668,Desguinlei 100,2022-12-03,16:00:00,47,16,31,FMN 21 Desguinlei Zuidkant
668,Desguinlei 100,2022-12-03,17:00:00,52,19,33,FMN 21 Desguinlei Zuidkant
668,Desguinlei 100,2022-12-03,18:00:00,35,12,23,FMN 21 Desguinlei Zuidkant
668,Desguinlei 100,2022-12-03,19:00:00,59,31,28,FMN 21 Desguinlei Zuidkant
668,Desguinlei 100,2022-12-03,20:00:00,22,5,17,FMN 21 Desguinlei Zuidkant
668,Desguinlei 100,2022-12-03,21:00:00,43,14,29,FMN 21 Desguinlei Zuidkant
668,Desguinlei 100,2022-12-03,22:00:00,31,5,26,FMN 21 Desguinlei Zuidkant
668,Desguinlei 100,2022-12-03,23:00:00,22,5,17,FMN 21 Desguinlei Zuidkant
668,Desguinlei 100,2022-12-04,00:00:00,21,2,19,FMN 21 Desguinlei Zuidkant
668,Desguinlei 100,2022-12-04,01:00:00,19,6,13,FMN 21 Desguinlei Zuidkant
668,Desguinlei 100,2022-12-04,02:00:00,10,1,9,FMN 21 Desguinlei Zuidkant
668,Desguinlei 100,2022-12-04,03:00:00,6,1,5,FMN 21 Desguinlei Zuidkant
668,Desguinlei 100,2022-12-04,04:00:00,3,1,2,FMN 21 Desguinlei Zuidkant
668,Desguinlei 100,2022-12-04,05:00:00,6,2,4,FMN 21 Desguinlei Zuidkant
668,Desguinlei 100,2022-12-04,06:00:00,5,2,3,FMN 21 Desguinlei Zuidkant
668,Desguinlei 100,2022-12-04,07:00:00,5,1,4,FMN 21 Desguinlei Zuidkant
668,Desguinlei 100,2022-12-04,08:00:00,9,1,8,FMN 21 Desguinlei Zuidkant
668,Desguinlei 100,2022-12-04,09:00:00,31,6,25,FMN 21 Desguinlei Zuidkant
668,Desguinlei 100,2022-12-04,10:00:00,36,15,21,FMN 21 Desguinlei Zuidkant
668,Desguinlei 100,2022-12-04,11:00:00,30,14,16,FMN 21 Desguinlei Zuidkant
668,Desguinlei 100,2022-12-04,12:00:00,35,16,19,FMN 21 Desguinlei Zuidkant
668,Desguinlei 100,2022-12-04,13:00:00,50,19,31,FMN 21 Desguinlei Zuidkant
668,Desguinlei 100,2022-12-04,14:00:00,34,13,21,FMN 21 Desguinlei Zuidkant
668,Desguinlei 100,2022-12-04,15:00:00,43,7,36,FMN 21 Desguinlei Zuidkant
668,Desguinlei 100,2022-12-04,16:00:00,30,8,22,FMN 21 Desguinlei Zuidkant
668,Desguinlei 100,2022-12-04,17:00:00,43,6,37,FMN 21 Desguinlei Zuidkant
668,Desguinlei 100,2022-12-04,18:00:00,28,13,15,FMN 21 Desguinlei Zuidkant
668,Desguinlei 100,2022-12-04,19:00:00,24,8,16,FMN 21 Desguinlei Zuidkant
668,Desguinlei 100,2022-12-04,20:00:00,18,7,11,FMN 21 Desguinlei Zuidkant
668,Desguinlei 100,2022-12-04,21:00:00,12,5,7,FMN 21 Desguinlei Zuidkant
668,Desguinlei 100,2022-12-04,22:00:00,10,6,4,FMN 21 Desguinlei Zuidkant
668,Desguinlei 100,2022-12-04,23:00:00,10,3,7,FMN 21 Desguinlei Zuidkant
668,Desguinlei 100,2022-12-05,00:00:00,2,0,2,FMN 21 Desguinlei Zuidkant
668,Desguinlei 100,2022-12-05,01:00:00,1,0,1,FMN 21 Desguinlei Zuidkant
668,Desguinlei 100,2022-12-05,02:00:00,0,0,0,FMN 21 Desguinlei Zuidkant
668,Desguinlei 100,2022-12-05,03:00:00,2,0,2,FMN 21 Desguinlei Zuidkant
668,Desguinlei 100,2022-12-05,04:00:00,8,5,3,FMN 21 Desguinlei Zuidkant
668,Desguinlei 100,2022-12-05,05:00:00,13,3,10,FMN 21 Desguinlei Zuidkant
668,Desguinlei 100,2022-12-05,06:00:00,31,10,21,FMN 21 Desguinlei Zuidkant
668,Desguinlei 100,2022-12-05,07:00:00,86,23,63,FMN 21 Desguinlei Zuidkant
668,Desguinlei 100,2022-12-05,08:00:00,128,47,81,FMN 21 Desguinlei Zuidkant
668,Desguinlei 100,2022-12-05,09:00:00,50,25,25,FMN 21 Desguinlei Zuidkant
668,Desguinlei 100,2022-12-05,10:00:00,38,8,30,FMN 21 Desguinlei Zuidkant
668,Desguinlei 100,2022-12-05,11:00:00,41,10,31,FMN 21 Desguinlei Zuidkant
668,Desguinlei 100,2022-12-05,12:00:00,95,26,69,FMN 21 Desguinlei Zuidkant
668,Desguinlei 100,2022-12-05,13:00:00,61,9,52,FMN 21 Desguinlei Zuidkant
668,Desguinlei 100,2022-12-05,14:00:00,65,21,44,FMN 21 Desguinlei Zuidkant
668,Desguinlei 100,2022-12-05,15:00:00,113,16,97,FMN 21 Desguinlei Zuidkant
668,Desguinlei 100,2022-12-05,16:00:00,162,33,129,FMN 21 Desguinlei Zuidkant
668,Desguinlei 100,2022-12-05,17:00:00,162,34,128,FMN 21 Desguinlei Zuidkant
668,Desguinlei 100,2022-12-05,18:00:00,151,39,112,FMN 21 Desguinlei Zuidkant
668,Desguinlei 100,2022-12-05,19:00:00,64,12,52,FMN 21 Desguinlei Zuidkant
668,Desguinlei 100,2022-12-05,20:00:00,57,24,33,FMN 21 Desguinlei Zuidkant
668,Desguinlei 100,2022-12-05,21:00:00,47,21,26,FMN 21 Desguinlei Zuidkant
668,Desguinlei 100,2022-12-05,22:00:00,36,16,20,FMN 21 Desguinlei Zuidkant
668,Desguinlei 100,2022-12-05,23:00:00,12,4,8,FMN 21 Desguinlei Zuidkant
668,Desguinlei 100,2022-12-06,00:00:00,1,0,1,FMN 21 Desguinlei Zuidkant
668,Desguinlei 100,2022-12-06,01:00:00,4,0,4,FMN 21 Desguinlei Zuidkant
668,Desguinlei 100,2022-12-06,02:00:00,1,0,1,FMN 21 Desguinlei Zuidkant
668,Desguinlei 100,2022-12-06,03:00:00,3,0,3,FMN 21 Desguinlei Zuidkant
668,Desguinlei 100,2022-12-06,04:00:00,11,7,4,FMN 21 Desguinlei Zuidkant
668,Desguinlei 100,2022-12-06,05:00:00,7,2,5,FMN 21 Desguinlei Zuidkant
668,Desguinlei 100,2022-12-06,06:00:00,37,13,24,FMN 21 Desguinlei Zuidkant
668,Desguinlei 100,2022-12-06,07:00:00,95,25,70,FMN 21 Desguinlei Zuidkant
668,Desguinlei 100,2022-12-06,08:00:00,153,52,101,FMN 21 Desguinlei Zuidkant
668,Desguinlei 100,2022-12-06,09:00:00,67,31,36,FMN 21 Desguinlei Zuidkant
668,Desguinlei 100,2022-12-06,10:00:00,51,17,34,FMN 21 Desguinlei Zuidkant
668,Desguinlei 100,2022-12-06,11:00:00,112,29,83,FMN 21 Desguinlei Zuidkant
668,Desguinlei 100,2022-12-06,12:00:00,98,27,71,FMN 21 Desguinlei Zuidkant
668,Desguinlei 100,2022-12-06,13:00:00,170,77,93,FMN 21 Desguinlei Zuidkant
668,Desguinlei 100,2022-12-06,14:00:00,68,12,56,FMN 21 Desguinlei Zuidkant
668,Desguinlei 100,2022-12-06,15:00:00,135,23,112,FMN 21 Desguinlei Zuidkant
668,Desguinlei 100,2022-12-06,16:00:00,171,41,130,FMN 21 Desguinlei Zuidkant
668,Desguinlei 100,2022-12-06,17:00:00,185,48,137,FMN 21 Desguinlei Zuidkant
668,Desguinlei 100,2022-12-06,18:00:00,154,32,122,FMN 21 Desguinlei Zuidkant
668,Desguinlei 100,2022-12-06,19:00:00,101,39,62,FMN 21 Desguinlei Zuidkant
668,Desguinlei 100,2022-12-06,20:00:00,42,19,23,FMN 21 Desguinlei Zuidkant
668,Desguinlei 100,2022-12-06,21:00:00,58,25,33,FMN 21 Desguinlei Zuidkant
668,Desguinlei 100,2022-12-06,22:00:00,35,13,22,FMN 21 Desguinlei Zuidkant
668,Desguinlei 100,2022-12-06,23:00:00,17,4,13,FMN 21 Desguinlei Zuidkant
668,Desguinlei 100,2022-12-07,00:00:00,7,4,3,FMN 21 Desguinlei Zuidkant
668,Desguinlei 100,2022-12-07,01:00:00,3,1,2,FMN 21 Desguinlei Zuidkant
668,Desguinlei 100,2022-12-07,02:00:00,1,0,1,FMN 21 Desguinlei Zuidkant
668,Desguinlei 100,2022-12-07,03:00:00,4,1,3,FMN 21 Desguinlei Zuidkant
668,Desguinlei 100,2022-12-07,04:00:00,6,2,4,FMN 21 Desguinlei Zuidkant
668,Desguinlei 100,2022-12-07,05:00:00,8,3,5,FMN 21 Desguinlei Zuidkant
668,Desguinlei 100,2022-12-07,06:00:00,38,14,24,FMN 21 Desguinlei Zuidkant
668,Desguinlei 100,2022-12-07,07:00:00,63,18,45,FMN 21 Desguinlei Zuidkant
668,Desguinlei 100,2022-12-07,08:00:00,128,43,85,FMN 21 Desguinlei Zuidkant
668,Desguinlei 100,2022-12-07,09:00:00,55,29,26,FMN 21 Desguinlei Zuidkant
668,Desguinlei 100,2022-12-07,10:00:00,62,24,38,FMN 21 Desguinlei Zuidkant
668,Desguinlei 100,2022-12-07,11:00:00,66,14,52,FMN 21 Desguinlei Zuidkant
668,Desguinlei 100,2022-12-07,12:00:00,130,28,102,FMN 21 Desguinlei Zuidkant
668,Desguinlei 100,2022-12-07,13:00:00,93,31,62,FMN 21 Desguinlei Zuidkant
668,Desguinlei 100,2022-12-07,14:00:00,73,25,48,FMN 21 Desguinlei Zuidkant
668,Desguinlei 100,2022-12-07,15:00:00,92,24,68,FMN 21 Desguinlei Zuidkant
668,Desguinlei 100,2022-12-07,16:00:00,115,25,90,FMN 21 Desguinlei Zuidkant
668,Desguinlei 100,2022-12-07,17:00:00,134,29,105,FMN 21 Desguinlei Zuidkant
668,Desguinlei 100,2022-12-07,18:00:00,123,36,87,FMN 21 Desguinlei Zuidkant
668,Desguinlei 100,2022-12-07,19:00:00,74,21,53,FMN 21 Desguinlei Zuidkant
668,Desguinlei 100,2022-12-07,20:00:00,50,24,26,FMN 21 Desguinlei Zuidkant
668,Desguinlei 100,2022-12-07,21:00:00,42,24,18,FMN 21 Desguinlei Zuidkant
668,Desguinlei 100,2022-12-07,22:00:00,31,8,23,FMN 21 Desguinlei Zuidkant
668,Desguinlei 100,2022-12-07,23:00:00,18,2,16,FMN 21 Desguinlei Zuidkant
668,Desguinlei 100,2022-12-08,00:00:00,5,0,5,FMN 21 Desguinlei Zuidkant
668,Desguinlei 100,2022-12-08,01:00:00,3,0,3,FMN 21 Desguinlei Zuidkant
668,Desguinlei 100,2022-12-08,02:00:00,1,0,1,FMN 21 Desguinlei Zuidkant
668,Desguinlei 100,2022-12-08,03:00:00,3,1,2,FMN 21 Desguinlei Zuidkant
668,Desguinlei 100,2022-12-08,04:00:00,13,8,5,FMN 21 Desguinlei Zuidkant
668,Desguinlei 100,2022-12-08,05:00:00,15,6,9,FMN 21 Desguinlei Zuidkant
668,Desguinlei 100,2022-12-08,06:00:00,37,11,26,FMN 21 Desguinlei Zuidkant
668,Desguinlei 100,2022-12-08,07:00:00,88,31,57,FMN 21 Desguinlei Zuidkant
668,Desguinlei 100,2022-12-08,08:00:00,139,59,80,FMN 21 Desguinlei Zuidkant
668,Desguinlei 100,2022-12-08,09:00:00,73,38,35,FMN 21 Desguinlei Zuidkant
668,Desguinlei 100,2022-12-08,10:00:00,51,13,38,FMN 21 Desguinlei Zuidkant
668,Desguinlei 100,2022-12-08,11:00:00,60,17,43,FMN 21 Desguinlei Zuidkant
668,Desguinlei 100,2022-12-08,12:00:00,81,25,56,FMN 21 Desguinlei Zuidkant
668,Desguinlei 100,2022-12-08,13:00:00,92,33,59,FMN 21 Desguinlei Zuidkant
668,Desguinlei 100,2022-12-08,14:00:00,31,6,25,FMN 21 Desguinlei Zuidkant
668,Desguinlei 100,2022-12-08,15:00:00,76,16,60,FMN 21 Desguinlei Zuidkant
668,Desguinlei 100,2022-12-08,16:00:00,139,20,119,FMN 21 Desguinlei Zuidkant
668,Desguinlei 100,2022-12-08,17:00:00,153,30,123,FMN 21 Desguinlei Zuidkant
668,Desguinlei 100,2022-12-08,18:00:00,141,28,113,FMN 21 Desguinlei Zuidkant
668,Desguinlei 100,2022-12-08,19:00:00,66,25,41,FMN 21 Desguinlei Zuidkant
668,Desguinlei 100,2022-12-08,20:00:00,41,12,29,FMN 21 Desguinlei Zuidkant
668,Desguinlei 100,2022-12-08,21:00:00,32,10,22,FMN 21 Desguinlei Zuidkant
668,Desguinlei 100,2022-12-08,22:00:00,28,10,18,FMN 21 Desguinlei Zuidkant
668,Desguinlei 100,2022-12-08,23:00:00,20,7,13,FMN 21 Desguinlei Zuidkant
668,Desguinlei 100,2022-12-09,00:00:00,12,4,8,FMN 21 Desguinlei Zuidkant
668,Desguinlei 100,2022-12-09,01:00:00,4,1,3,FMN 21 Desguinlei Zuidkant
668,Desguinlei 100,2022-12-09,02:00:00,5,1,4,FMN 21 Desguinlei Zuidkant
668,Desguinlei 100,2022-12-09,03:00:00,2,0,2,FMN 21 Desguinlei Zuidkant
668,Desguinlei 100,2022-12-09,04:00:00,8,5,3,FMN 21 Desguinlei Zuidkant
668,Desguinlei 100,2022-12-09,05:00:00,9,3,6,FMN 21 Desguinlei Zuidkant
668,Desguinlei 100,2022-12-09,06:00:00,32,9,23,FMN 21 Desguinlei Zuidkant
668,Desguinlei 100,2022-12-09,07:00:00,64,15,49,FMN 21 Desguinlei Zuidkant
668,Desguinlei 100,2022-12-09,08:00:00,79,37,42,FMN 21 Desguinlei Zuidkant
668,Desguinlei 100,2022-12-09,09:00:00,51,22,29,FMN 21 Desguinlei Zuidkant
668,Desguinlei 100,2022-12-09,10:00:00,41,12,29,FMN 21 Desguinlei Zuidkant
668,Desguinlei 100,2022-12-09,11:00:00,50,13,37,FMN 21 Desguinlei Zuidkant
668,Desguinlei 100,2022-12-09,12:00:00,94,14,80,FMN 21 Desguinlei Zuidkant
668,Desguinlei 100,2022-12-09,13:00:00,55,15,40,FMN 21 Desguinlei Zuidkant
668,Desguinlei 100,2022-12-09,14:00:00,66,20,46,FMN 21 Desguinlei Zuidkant
668,Desguinlei 100,2022-12-09,15:00:00,93,19,74,FMN 21 Desguinlei Zuidkant
668,Desguinlei 100,2022-12-09,16:00:00,103,22,81,FMN 21 Desguinlei Zuidkant
668,Desguinlei 100,2022-12-09,17:00:00,88,22,66,FMN 21 Desguinlei Zuidkant
668,Desguinlei 100,2022-12-09,18:00:00,68,13,55,FMN 21 Desguinlei Zuidkant
668,Desguinlei 100,2022-12-09,19:00:00,40,9,31,FMN 21 Desguinlei Zuidkant
668,Desguinlei 100,2022-12-09,20:00:00,28,13,15,FMN 21 Desguinlei Zuidkant
668,Desguinlei 100,2022-12-09,21:00:00,15,1,14,FMN 21 Desguinlei Zuidkant
668,Desguinlei 100,2022-12-09,22:00:00,18,2,16,FMN 21 Desguinlei Zuidkant
668,Desguinlei 100,2022-12-09,23:00:00,11,2,9,FMN 21 Desguinlei Zuidkant
668,Desguinlei 100,2022-12-10,00:00:00,13,2,11,FMN 21 Desguinlei Zuidkant
668,Desguinlei 100,2022-12-10,01:00:00,9,2,7,FMN 21 Desguinlei Zuidkant
668,Desguinlei 100,2022-12-10,02:00:00,9,2,7,FMN 21 Desguinlei Zuidkant
668,Desguinlei 100,2022-12-10,03:00:00,8,3,5,FMN 21 Desguinlei Zuidkant
668,Desguinlei 100,2022-12-10,04:00:00,6,2,4,FMN 21 Desguinlei Zuidkant
668,Desguinlei 100,2022-12-10,05:00:00,3,1,2,FMN 21 Desguinlei Zuidkant
668,Desguinlei 100,2022-12-10,06:00:00,13,1,12,FMN 21 Desguinlei Zuidkant
668,Desguinlei 100,2022-12-10,07:00:00,7,0,7,FMN 21 Desguinlei Zuidkant
668,Desguinlei 100,2022-12-10,08:00:00,15,3,12,FMN 21 Desguinlei Zuidkant
668,Desguinlei 100,2022-12-10,09:00:00,42,8,34,FMN 21 Desguinlei Zuidkant
668,Desguinlei 100,2022-12-10,10:00:00,23,5,18,FMN 21 Desguinlei Zuidkant
668,Desguinlei 100,2022-12-10,11:00:00,39,19,20,FMN 21 Desguinlei Zuidkant
668,Desguinlei 100,2022-12-10,12:00:00,52,17,35,FMN 21 Desguinlei Zuidkant
668,Desguinlei 100,2022-12-10,13:00:00,29,9,20,FMN 21 Desguinlei Zuidkant
668,Desguinlei 100,2022-12-10,14:00:00,33,9,24,FMN 21 Desguinlei Zuidkant
668,Desguinlei 100,2022-12-10,15:00:00,48,9,39,FMN 21 Desguinlei Zuidkant
668,Desguinlei 100,2022-12-10,16:00:00,29,5,24,FMN 21 Desguinlei Zuidkant
668,Desguinlei 100,2022-12-10,17:00:00,31,10,21,FMN 21 Desguinlei Zuidkant
668,Desguinlei 100,2022-12-10,18:00:00,40,12,28,FMN 21 Desguinlei Zuidkant
668,Desguinlei 100,2022-12-10,19:00:00,27,6,21,FMN 21 Desguinlei Zuidkant
668,Desguinlei 100,2022-12-10,20:00:00,34,11,23,FMN 21 Desguinlei Zuidkant
668,Desguinlei 100,2022-12-10,21:00:00,17,3,14,FMN 21 Desguinlei Zuidkant
668,Desguinlei 100,2022-12-10,22:00:00,25,6,19,FMN 21 Desguinlei Zuidkant
668,Desguinlei 100,2022-12-10,23:00:00,17,8,9,FMN 21 Desguinlei Zuidkant
668,Desguinlei 100,2022-12-11,00:00:00,7,1,6,FMN 21 Desguinlei Zuidkant
668,Desguinlei 100,2022-12-11,01:00:00,20,5,15,FMN 21 Desguinlei Zuidkant
668,Desguinlei 100,2022-12-11,02:00:00,8,0,8,FMN 21 Desguinlei Zuidkant
668,Desguinlei 100,2022-12-11,03:00:00,4,1,3,FMN 21 Desguinlei Zuidkant
668,Desguinlei 100,2022-12-11,04:00:00,7,2,5,FMN 21 Desguinlei Zuidkant
668,Desguinlei 100,2022-12-11,05:00:00,5,0,5,FMN 21 Desguinlei Zuidkant
668,Desguinlei 100,2022-12-11,06:00:00,8,1,7,FMN 21 Desguinlei Zuidkant
668,Desguinlei 100,2022-12-11,07:00:00,4,0,4,FMN 21 Desguinlei Zuidkant
668,Desguinlei 100,2022-12-11,08:00:00,11,1,10,FMN 21 Desguinlei Zuidkant
668,Desguinlei 100,2022-12-11,09:00:00,22,4,18,FMN 21 Desguinlei Zuidkant
668,Desguinlei 100,2022-12-11,10:00:00,24,11,13,FMN 21 Desguinlei Zuidkant
668,Desguinlei 100,2022-12-11,11:00:00,28,5,23,FMN 21 Desguinlei Zuidkant
668,Desguinlei 100,2022-12-11,12:00:00,29,20,9,FMN 21 Desguinlei Zuidkant
668,Desguinlei 100,2022-12-11,13:00:00,34,12,22,FMN 21 Desguinlei Zuidkant
668,Desguinlei 100,2022-12-11,14:00:00,32,10,22,FMN 21 Desguinlei Zuidkant
668,Desguinlei 100,2022-12-11,15:00:00,23,5,18,FMN 21 Desguinlei Zuidkant
668,Desguinlei 100,2022-12-11,16:00:00,37,12,25,FMN 21 Desguinlei Zuidkant
668,Desguinlei 100,2022-12-11,17:00:00,29,7,22,FMN 21 Desguinlei Zuidkant
668,Desguinlei 100,2022-12-11,18:00:00,34,13,21,FMN 21 Desguinlei Zuidkant
668,Desguinlei 100,2022-12-11,19:00:00,21,6,15,FMN 21 Desguinlei Zuidkant
668,Desguinlei 100,2022-12-11,20:00:00,20,4,16,FMN 21 Desguinlei Zuidkant
668,Desguinlei 100,2022-12-11,21:00:00,11,4,7,FMN 21 Desguinlei Zuidkant
668,Desguinlei 100,2022-12-11,22:00:00,12,4,8,FMN 21 Desguinlei Zuidkant
668,Desguinlei 100,2022-12-11,23:00:00,12,3,9,FMN 21 Desguinlei Zuidkant
668,Desguinlei 100,2022-12-12,00:00:00,0,0,0,FMN 21 Desguinlei Zuidkant
668,Desguinlei 100,2022-12-12,01:00:00,5,1,4,FMN 21 Desguinlei Zuidkant
668,Desguinlei 100,2022-12-12,02:00:00,1,0,1,FMN 21 Desguinlei Zuidkant
668,Desguinlei 100,2022-12-12,03:00:00,2,0,2,FMN 21 Desguinlei Zuidkant
668,Desguinlei 100,2022-12-12,04:00:00,6,2,4,FMN 21 Desguinlei Zuidkant
668,Desguinlei 100,2022-12-12,05:00:00,3,2,1,FMN 21 Desguinlei Zuidkant
668,Desguinlei 100,2022-12-12,06:00:00,17,5,12,FMN 21 Desguinlei Zuidkant
668,Desguinlei 100,2022-12-12,07:00:00,40,9,31,FMN 21 Desguinlei Zuidkant
668,Desguinlei 100,2022-12-12,08:00:00,65,19,46,FMN 21 Desguinlei Zuidkant
668,Desguinlei 100,2022-12-12,09:00:00,24,12,12,FMN 21 Desguinlei Zuidkant
668,Desguinlei 100,2022-12-12,10:00:00,25,10,15,FMN 21 Desguinlei Zuidkant
668,Desguinlei 100,2022-12-12,11:00:00,46,12,34,FMN 21 Desguinlei Zuidkant
668,Desguinlei 100,2022-12-12,12:00:00,58,17,41,FMN 21 Desguinlei Zuidkant
668,Desguinlei 100,2022-12-12,13:00:00,82,32,50,FMN 21 Desguinlei Zuidkant
668,Desguinlei 100,2022-12-12,14:00:00,48,14,34,FMN 21 Desguinlei Zuidkant
668,Desguinlei 100,2022-12-12,15:00:00,70,9,61,FMN 21 Desguinlei Zuidkant
668,Desguinlei 100,2022-12-12,16:00:00,74,14,60,FMN 21 Desguinlei Zuidkant
668,Desguinlei 100,2022-12-12,17:00:00,94,19,75,FMN 21 Desguinlei Zuidkant
668,Desguinlei 100,2022-12-12,18:00:00,54,9,45,FMN 21 Desguinlei Zuidkant
668,Desguinlei 100,2022-12-12,19:00:00,25,7,18,FMN 21 Desguinlei Zuidkant
668,Desguinlei 100,2022-12-12,20:00:00,19,4,15,FMN 21 Desguinlei Zuidkant
668,Desguinlei 100,2022-12-12,21:00:00,12,2,10,FMN 21 Desguinlei Zuidkant
668,Desguinlei 100,2022-12-12,22:00:00,14,8,6,FMN 21 Desguinlei Zuidkant
668,Desguinlei 100,2022-12-12,23:00:00,7,1,6,FMN 21 Desguinlei Zuidkant
668,Desguinlei 100,2022-12-13,00:00:00,4,1,3,FMN 21 Desguinlei Zuidkant
668,Desguinlei 100,2022-12-13,01:00:00,2,1,1,FMN 21 Desguinlei Zuidkant
668,Desguinlei 100,2022-12-13,02:00:00,0,0,0,FMN 21 Desguinlei Zuidkant
668,Desguinlei 100,2022-12-13,03:00:00,0,0,0,FMN 21 Desguinlei Zuidkant
668,Desguinlei 100,2022-12-13,04:00:00,5,3,2,FMN 21 Desguinlei Zuidkant
668,Desguinlei 100,2022-12-13,05:00:00,5,2,3,FMN 21 Desguinlei Zuidkant
668,Desguinlei 100,2022-12-13,06:00:00,16,6,10,FMN 21 Desguinlei Zuidkant
668,Desguinlei 100,2022-12-13,07:00:00,25,5,20,FMN 21 Desguinlei Zuidkant
668,Desguinlei 100,2022-12-13,08:00:00,52,24,28,FMN 21 Desguinlei Zuidkant
668,Desguinlei 100,2022-12-13,09:00:00,25,7,18,FMN 21 Desguinlei Zuidkant
668,Desguinlei 100,2022-12-13,10:00:00,27,2,25,FMN 21 Desguinlei Zuidkant
668,Desguinlei 100,2022-12-13,11:00:00,41,9,32,FMN 21 Desguinlei Zuidkant
668,Desguinlei 100,2022-12-13,12:00:00,65,14,51,FMN 21 Desguinlei Zuidkant
668,Desguinlei 100,2022-12-13,13:00:00,61,18,43,FMN 21 Desguinlei Zuidkant
668,Desguinlei 100,2022-12-13,14:00:00,35,11,24,FMN 21 Desguinlei Zuidkant
668,Desguinlei 100,2022-12-13,15:00:00,66,8,58,FMN 21 Desguinlei Zuidkant
668,Desguinlei 100,2022-12-13,16:00:00,74,16,58,FMN 21 Desguinlei Zuidkant
668,Desguinlei 100,2022-12-13,17:00:00,83,23,60,FMN 21 Desguinlei Zuidkant
668,Desguinlei 100,2022-12-13,18:00:00,61,13,48,FMN 21 Desguinlei Zuidkant
668,Desguinlei 100,2022-12-13,19:00:00,45,20,25,FMN 21 Desguinlei Zuidkant
668,Desguinlei 100,2022-12-13,20:00:00,17,8,9,FMN 21 Desguinlei Zuidkant
668,Desguinlei 100,2022-12-13,21:00:00,24,4,20,FMN 21 Desguinlei Zuidkant
668,Desguinlei 100,2022-12-13,22:00:00,9,2,7,FMN 21 Desguinlei Zuidkant
668,Desguinlei 100,2022-12-13,23:00:00,7,1,6,FMN 21 Desguinlei Zuidkant
668,Desguinlei 100,2022-12-14,00:00:00,2,1,1,FMN 21 Desguinlei Zuidkant
668,Desguinlei 100,2022-12-14,01:00:00,1,0,1,FMN 21 Desguinlei Zuidkant
668,Desguinlei 100,2022-12-14,02:00:00,0,0,0,FMN 21 Desguinlei Zuidkant
668,Desguinlei 100,2022-12-14,03:00:00,1,0,1,FMN 21 Desguinlei Zuidkant
668,Desguinlei 100,2022-12-14,04:00:00,6,2,4,FMN 21 Desguinlei Zuidkant
668,Desguinlei 100,2022-12-14,05:00:00,10,4,6,FMN 21 Desguinlei Zuidkant
668,Desguinlei 100,2022-12-14,06:00:00,21,6,15,FMN 21 Desguinlei Zuidkant
668,Desguinlei 100,2022-12-14,07:00:00,41,9,32,FMN 21 Desguinlei Zuidkant
668,Desguinlei 100,2022-12-14,08:00:00,59,15,44,FMN 21 Desguinlei Zuidkant
668,Desguinlei 100,2022-12-14,09:00:00,18,4,14,FMN 21 Desguinlei Zuidkant
668,Desguinlei 100,2022-12-14,10:00:00,25,7,18,FMN 21 Desguinlei Zuidkant
668,Desguinlei 100,2022-12-14,11:00:00,31,6,25,FMN 21 Desguinlei Zuidkant
668,Desguinlei 100,2022-12-14,12:00:00,78,21,57,FMN 21 Desguinlei Zuidkant
668,Desguinlei 100,2022-12-14,13:00:00,59,11,48,FMN 21 Desguinlei Zuidkant
668,Desguinlei 100,2022-12-14,14:00:00,44,13,31,FMN 21 Desguinlei Zuidkant
668,Desguinlei 100,2022-12-14,15:00:00,55,14,41,FMN 21 Desguinlei Zuidkant
668,Desguinlei 100,2022-12-14,16:00:00,52,7,45,FMN 21 Desguinlei Zuidkant
668,Desguinlei 100,2022-12-14,17:00:00,48,6,42,FMN 21 Desguinlei Zuidkant
668,Desguinlei 100,2022-12-14,18:00:00,44,10,34,FMN 21 Desguinlei Zuidkant
668,Desguinlei 100,2022-12-14,19:00:00,24,7,17,FMN 21 Desguinlei Zuidkant
668,Desguinlei 100,2022-12-14,20:00:00,10,3,7,FMN 21 Desguinlei Zuidkant
668,Desguinlei 100,2022-12-14,21:00:00,15,3,12,FMN 21 Desguinlei Zuidkant
668,Desguinlei 100,2022-12-14,22:00:00,9,0,9,FMN 21 Desguinlei Zuidkant
668,Desguinlei 100,2022-12-14,23:00:00,2,1,1,FMN 21 Desguinlei Zuidkant
668,Desguinlei 100,2022-12-15,00:00:00,4,1,3,FMN 21 Desguinlei Zuidkant
668,Desguinlei 100,2022-12-15,01:00:00,1,0,1,FMN 21 Desguinlei Zuidkant
668,Desguinlei 100,2022-12-15,02:00:00,1,1,0,FMN 21 Desguinlei Zuidkant
668,Desguinlei 100,2022-12-15,03:00:00,0,0,0,FMN 21 Desguinlei Zuidkant
668,Desguinlei 100,2022-12-15,04:00:00,6,3,3,FMN 21 Desguinlei Zuidkant
668,Desguinlei 100,2022-12-15,05:00:00,6,3,3,FMN 21 Desguinlei Zuidkant
668,Desguinlei 100,2022-12-15,06:00:00,14,4,10,FMN 21 Desguinlei Zuidkant
668,Desguinlei 100,2022-12-15,07:00:00,24,8,16,FMN 21 Desguinlei Zuidkant
668,Desguinlei 100,2022-12-15,08:00:00,36,12,24,FMN 21 Desguinlei Zuidkant
668,Desguinlei 100,2022-12-15,09:00:00,22,8,14,FMN 21 Desguinlei Zuidkant
668,Desguinlei 100,2022-12-15,10:00:00,26,8,18,FMN 21 Desguinlei Zuidkant
668,Desguinlei 100,2022-12-15,11:00:00,16,1,15,FMN 21 Desguinlei Zuidkant
668,Desguinlei 100,2022-12-15,12:00:00,60,17,43,FMN 21 Desguinlei Zuidkant
668,Desguinlei 100,2022-12-15,13:00:00,48,13,35,FMN 21 Desguinlei Zuidkant
668,Desguinlei 100,2022-12-15,14:00:00,38,6,32,FMN 21 Desguinlei Zuidkant
668,Desguinlei 100,2022-12-15,15:00:00,62,11,51,FMN 21 Desguinlei Zuidkant
668,Desguinlei 100,2022-12-15,16:00:00,83,13,70,FMN 21 Desguinlei Zuidkant
668,Desguinlei 100,2022-12-15,17:00:00,105,18,87,FMN 21 Desguinlei Zuidkant
668,Desguinlei 100,2022-12-15,18:00:00,74,22,52,FMN 21 Desguinlei Zuidkant
668,Desguinlei 100,2022-12-15,19:00:00,38,17,21,FMN 21 Desguinlei Zuidkant
668,Desguinlei 100,2022-12-15,20:00:00,23,7,16,FMN 21 Desguinlei Zuidkant
668,Desguinlei 100,2022-12-15,21:00:00,13,2,11,FMN 21 Desguinlei Zuidkant
668,Desguinlei 100,2022-12-15,22:00:00,21,9,12,FMN 21 Desguinlei Zuidkant
668,Desguinlei 100,2022-12-15,23:00:00,15,3,12,FMN 21 Desguinlei Zuidkant
668,Desguinlei 100,2022-12-16,00:00:00,8,4,4,FMN 21 Desguinlei Zuidkant
668,Desguinlei 100,2022-12-16,01:00:00,4,1,3,FMN 21 Desguinlei Zuidkant
668,Desguinlei 100,2022-12-16,02:00:00,3,2,1,FMN 21 Desguinlei Zuidkant
668,Desguinlei 100,2022-12-16,03:00:00,2,2,0,FMN 21 Desguinlei Zuidkant
668,Desguinlei 100,2022-12-16,04:00:00,9,7,2,FMN 21 Desguinlei Zuidkant
668,Desguinlei 100,2022-12-16,05:00:00,5,3,2,FMN 21 Desguinlei Zuidkant
668,Desguinlei 100,2022-12-16,06:00:00,18,6,12,FMN 21 Desguinlei Zuidkant
668,Desguinlei 100,2022-12-16,07:00:00,37,7,30,FMN 21 Desguinlei Zuidkant
668,Desguinlei 100,2022-12-16,08:00:00,59,15,44,FMN 21 Desguinlei Zuidkant
668,Desguinlei 100,2022-12-16,09:00:00,34,6,28,FMN 21 Desguinlei Zuidkant
668,Desguinlei 100,2022-12-16,10:00:00,31,3,28,FMN 21 Desguinlei Zuidkant
668,Desguinlei 100,2022-12-16,11:00:00,41,11,30,FMN 21 Desguinlei Zuidkant
668,Desguinlei 100,2022-12-16,12:00:00,67,21,46,FMN 21 Desguinlei Zuidkant
668,Desguinlei 100,2022-12-16,13:00:00,61,12,49,FMN 21 Desguinlei Zuidkant
668,Desguinlei 100,2022-12-16,14:00:00,40,16,24,FMN 21 Desguinlei Zuidkant
668,Desguinlei 100,2022-12-16,15:00:00,92,19,73,FMN 21 Desguinlei Zuidkant
668,Desguinlei 100,2022-12-16,16:00:00,97,18,79,FMN 21 Desguinlei Zuidkant
668,Desguinlei 100,2022-12-16,17:00:00,65,10,55,FMN 21 Desguinlei Zuidkant
668,Desguinlei 100,2022-12-16,18:00:00,56,11,45,FMN 21 Desguinlei Zuidkant
668,Desguinlei 100,2022-12-16,19:00:00,39,11,28,FMN 21 Desguinlei Zuidkant
668,Desguinlei 100,2022-12-16,20:00:00,22,4,18,FMN 21 Desguinlei Zuidkant
668,Desguinlei 100,2022-12-16,21:00:00,19,3,16,FMN 21 Desguinlei Zuidkant
668,Desguinlei 100,2022-12-16,22:00:00,9,1,8,FMN 21 Desguinlei Zuidkant
668,Desguinlei 100,2022-12-16,23:00:00,15,5,10,FMN 21 Desguinlei Zuidkant
668,Desguinlei 100,2022-12-17,00:00:00,7,1,6,FMN 21 Desguinlei Zuidkant
668,Desguinlei 100,2022-12-17,01:00:00,5,1,4,FMN 21 Desguinlei Zuidkant
668,Desguinlei 100,2022-12-17,02:00:00,4,2,2,FMN 21 Desguinlei Zuidkant
668,Desguinlei 100,2022-12-17,03:00:00,4,1,3,FMN 21 Desguinlei Zuidkant
668,Desguinlei 100,2022-12-17,04:00:00,3,1,2,FMN 21 Desguinlei Zuidkant
668,Desguinlei 100,2022-12-17,05:00:00,2,0,2,FMN 21 Desguinlei Zuidkant
668,Desguinlei 100,2022-12-17,06:00:00,3,1,2,FMN 21 Desguinlei Zuidkant
668,Desguinlei 100,2022-12-17,07:00:00,4,1,3,FMN 21 Desguinlei Zuidkant
668,Desguinlei 100,2022-12-17,08:00:00,4,3,1,FMN 21 Desguinlei Zuidkant
668,Desguinlei 100,2022-12-17,09:00:00,19,1,18,FMN 21 Desguinlei Zuidkant
668,Desguinlei 100,2022-12-17,10:00:00,17,4,13,FMN 21 Desguinlei Zuidkant
668,Desguinlei 100,2022-12-17,11:00:00,20,7,13,FMN 21 Desguinlei Zuidkant
668,Desguinlei 100,2022-12-17,12:00:00,19,3,16,FMN 21 Desguinlei Zuidkant
668,Desguinlei 100,2022-12-17,13:00:00,27,5,22,FMN 21 Desguinlei Zuidkant
668,Desguinlei 100,2022-12-17,14:00:00,20,4,16,FMN 21 Desguinlei Zuidkant
668,Desguinlei 100,2022-12-17,15:00:00,20,3,17,FMN 21 Desguinlei Zuidkant
668,Desguinlei 100,2022-12-17,16:00:00,17,0,17,FMN 21 Desguinlei Zuidkant
668,Desguinlei 100,2022-12-17,17:00:00,23,6,17,FMN 21 Desguinlei Zuidkant
668,Desguinlei 100,2022-12-17,18:00:00,26,10,16,FMN 21 Desguinlei Zuidkant
668,Desguinlei 100,2022-12-17,19:00:00,29,16,13,FMN 21 Desguinlei Zuidkant
668,Desguinlei 100,2022-12-17,20:00:00,10,4,6,FMN 21 Desguinlei Zuidkant
668,Desguinlei 100,2022-12-17,21:00:00,9,2,7,FMN 21 Desguinlei Zuidkant
668,Desguinlei 100,2022-12-17,22:00:00,12,3,9,FMN 21 Desguinlei Zuidkant
668,Desguinlei 100,2022-12-17,23:00:00,6,1,5,FMN 21 Desguinlei Zuidkant
668,Desguinlei 100,2022-12-18,00:00:00,6,1,5,FMN 21 Desguinlei Zuidkant
668,Desguinlei 100,2022-12-18,01:00:00,6,1,5,FMN 21 Desguinlei Zuidkant
668,Desguinlei 100,2022-12-18,02:00:00,2,0,2,FMN 21 Desguinlei Zuidkant
668,Desguinlei 100,2022-12-18,03:00:00,0,0,0,FMN 21 Desguinlei Zuidkant
668,Desguinlei 100,2022-12-18,04:00:00,1,0,1,FMN 21 Desguinlei Zuidkant
668,Desguinlei 100,2022-12-18,05:00:00,3,1,2,FMN 21 Desguinlei Zuidkant
668,Desguinlei 100,2022-12-18,06:00:00,2,1,1,FMN 21 Desguinlei Zuidkant
668,Desguinlei 100,2022-12-18,07:00:00,3,0,3,FMN 21 Desguinlei Zuidkant
668,Desguinlei 100,2022-12-18,08:00:00,1,0,1,FMN 21 Desguinlei Zuidkant
668,Desguinlei 100,2022-12-18,09:00:00,9,4,5,FMN 21 Desguinlei Zuidkant
668,Desguinlei 100,2022-12-18,10:00:00,7,4,3,FMN 21 Desguinlei Zuidkant
668,Desguinlei 100,2022-12-18,11:00:00,18,9,9,FMN 21 Desguinlei Zuidkant
668,Desguinlei 100,2022-12-18,12:00:00,13,3,10,FMN 21 Desguinlei Zuidkant
668,Desguinlei 100,2022-12-18,13:00:00,21,10,11,FMN 21 Desguinlei Zuidkant
668,Desguinlei 100,2022-12-18,14:00:00,30,14,16,FMN 21 Desguinlei Zuidkant
668,Desguinlei 100,2022-12-18,15:00:00,28,7,21,FMN 21 Desguinlei Zuidkant
668,Desguinlei 100,2022-12-18,16:00:00,20,4,16,FMN 21 Desguinlei Zuidkant
668,Desguinlei 100,2022-12-18,17:00:00,15,3,12,FMN 21 Desguinlei Zuidkant
668,Desguinlei 100,2022-12-18,18:00:00,27,8,19,FMN 21 Desguinlei Zuidkant
668,Desguinlei 100,2022-12-18,19:00:00,16,2,14,FMN 21 Desguinlei Zuidkant
668,Desguinlei 100,2022-12-18,20:00:00,7,2,5,FMN 21 Desguinlei Zuidkant
668,Desguinlei 100,2022-12-18,21:00:00,4,2,2,FMN 21 Desguinlei Zuidkant
668,Desguinlei 100,2022-12-18,22:00:00,3,0,3,FMN 21 Desguinlei Zuidkant
668,Desguinlei 100,2022-12-18,23:00:00,6,1,5,FMN 21 Desguinlei Zuidkant
668,Desguinlei 100,2022-12-19,00:00:00,2,0,2,FMN 21 Desguinlei Zuidkant
668,Desguinlei 100,2022-12-19,01:00:00,1,0,1,FMN 21 Desguinlei Zuidkant
668,Desguinlei 100,2022-12-19,02:00:00,0,0,0,FMN 21 Desguinlei Zuidkant
668,Desguinlei 100,2022-12-19,03:00:00,1,0,1,FMN 21 Desguinlei Zuidkant
668,Desguinlei 100,2022-12-19,04:00:00,9,2,7,FMN 21 Desguinlei Zuidkant
668,Desguinlei 100,2022-12-19,05:00:00,14,4,10,FMN 21 Desguinlei Zuidkant
668,Desguinlei 100,2022-12-19,06:00:00,32,8,24,FMN 21 Desguinlei Zuidkant
668,Desguinlei 100,2022-12-19,07:00:00,74,21,53,FMN 21 Desguinlei Zuidkant
668,Desguinlei 100,2022-12-19,08:00:00,133,73,60,FMN 21 Desguinlei Zuidkant
668,Desguinlei 100,2022-12-19,09:00:00,67,22,45,FMN 21 Desguinlei Zuidkant
668,Desguinlei 100,2022-12-19,10:00:00,69,17,52,FMN 21 Desguinlei Zuidkant
668,Desguinlei 100,2022-12-19,11:00:00,53,16,37,FMN 21 Desguinlei Zuidkant
668,Desguinlei 100,2022-12-19,12:00:00,94,34,60,FMN 21 Desguinlei Zuidkant
668,Desguinlei 100,2022-12-19,13:00:00,81,19,62,FMN 21 Desguinlei Zuidkant
668,Desguinlei 100,2022-12-19,14:00:00,67,18,49,FMN 21 Desguinlei Zuidkant
668,Desguinlei 100,2022-12-19,15:00:00,98,18,80,FMN 21 Desguinlei Zuidkant
668,Desguinlei 100,2022-12-19,16:00:00,127,35,92,FMN 21 Desguinlei Zuidkant
668,Desguinlei 100,2022-12-19,17:00:00,177,35,142,FMN 21 Desguinlei Zuidkant
668,Desguinlei 100,2022-12-19,18:00:00,113,36,77,FMN 21 Desguinlei Zuidkant
668,Desguinlei 100,2022-12-19,19:00:00,76,28,48,FMN 21 Desguinlei Zuidkant
668,Desguinlei 100,2022-12-19,20:00:00,64,19,45,FMN 21 Desguinlei Zuidkant
668,Desguinlei 100,2022-12-19,21:00:00,50,24,26,FMN 21 Desguinlei Zuidkant
668,Desguinlei 100,2022-12-19,22:00:00,50,25,25,FMN 21 Desguinlei Zuidkant
668,Desguinlei 100,2022-12-19,23:00:00,14,5,9,FMN 21 Desguinlei Zuidkant
668,Desguinlei 100,2022-12-20,00:00:00,6,2,4,FMN 21 Desguinlei Zuidkant
668,Desguinlei 100,2022-12-20,01:00:00,7,0,7,FMN 21 Desguinlei Zuidkant
668,Desguinlei 100,2022-12-20,02:00:00,4,2,2,FMN 21 Desguinlei Zuidkant
668,Desguinlei 100,2022-12-20,03:00:00,2,0,2,FMN 21 Desguinlei Zuidkant
668,Desguinlei 100,2022-12-20,04:00:00,11,7,4,FMN 21 Desguinlei Zuidkant
668,Desguinlei 100,2022-12-20,05:00:00,13,1,12,FMN 21 Desguinlei Zuidkant
668,Desguinlei 100,2022-12-20,06:00:00,43,18,25,FMN 21 Desguinlei Zuidkant
668,Desguinlei 100,2022-12-20,07:00:00,96,22,74,FMN 21 Desguinlei Zuidkant
668,Desguinlei 100,2022-12-20,08:00:00,153,58,95,FMN 21 Desguinlei Zuidkant
668,Desguinlei 100,2022-12-20,09:00:00,91,43,48,FMN 21 Desguinlei Zuidkant
668,Desguinlei 100,2022-12-20,10:00:00,51,16,35,FMN 21 Desguinlei Zuidkant
668,Desguinlei 100,2022-12-20,11:00:00,54,19,35,FMN 21 Desguinlei Zuidkant
668,Desguinlei 100,2022-12-20,12:00:00,79,31,48,FMN 21 Desguinlei Zuidkant
668,Desguinlei 100,2022-12-20,13:00:00,77,25,52,FMN 21 Desguinlei Zuidkant
668,Desguinlei 100,2022-12-20,14:00:00,68,26,42,FMN 21 Desguinlei Zuidkant
668,Desguinlei 100,2022-12-20,15:00:00,97,14,83,FMN 21 Desguinlei Zuidkant
668,Desguinlei 100,2022-12-20,16:00:00,120,21,99,FMN 21 Desguinlei Zuidkant
668,Desguinlei 100,2022-12-20,17:00:00,140,36,104,FMN 21 Desguinlei Zuidkant
668,Desguinlei 100,2022-12-20,18:00:00,117,28,89,FMN 21 Desguinlei Zuidkant
668,Desguinlei 100,2022-12-20,19:00:00,60,20,40,FMN 21 Desguinlei Zuidkant
668,Desguinlei 100,2022-12-20,20:00:00,48,18,30,FMN 21 Desguinlei Zuidkant
668,Desguinlei 100,2022-12-20,21:00:00,43,18,25,FMN 21 Desguinlei Zuidkant
668,Desguinlei 100,2022-12-20,22:00:00,46,17,29,FMN 21 Desguinlei Zuidkant
668,Desguinlei 100,2022-12-20,23:00:00,22,7,15,FMN 21 Desguinlei Zuidkant
668,Desguinlei 100,2022-12-21,00:00:00,11,3,8,FMN 21 Desguinlei Zuidkant
668,Desguinlei 100,2022-12-21,01:00:00,5,1,4,FMN 21 Desguinlei Zuidkant
668,Desguinlei 100,2022-12-21,02:00:00,2,0,2,FMN 21 Desguinlei Zuidkant
668,Desguinlei 100,2022-12-21,03:00:00,4,1,3,FMN 21 Desguinlei Zuidkant
668,Desguinlei 100,2022-12-21,04:00:00,8,3,5,FMN 21 Desguinlei Zuidkant
668,Desguinlei 100,2022-12-21,05:00:00,10,3,7,FMN 21 Desguinlei Zuidkant
668,Desguinlei 100,2022-12-21,06:00:00,38,16,22,FMN 21 Desguinlei Zuidkant
668,Desguinlei 100,2022-12-21,07:00:00,72,23,49,FMN 21 Desguinlei Zuidkant
668,Desguinlei 100,2022-12-21,08:00:00,142,53,89,FMN 21 Desguinlei Zuidkant
668,Desguinlei 100,2022-12-21,09:00:00,65,22,43,FMN 21 Desguinlei Zuidkant
668,Desguinlei 100,2022-12-21,10:00:00,65,23,42,FMN 21 Desguinlei Zuidkant
668,Desguinlei 100,2022-12-21,11:00:00,59,13,46,FMN 21 Desguinlei Zuidkant
668,Desguinlei 100,2022-12-21,12:00:00,98,33,65,FMN 21 Desguinlei Zuidkant
668,Desguinlei 100,2022-12-21,13:00:00,87,21,66,FMN 21 Desguinlei Zuidkant
668,Desguinlei 100,2022-12-21,14:00:00,75,14,61,FMN 21 Desguinlei Zuidkant
668,Desguinlei 100,2022-12-21,15:00:00,97,19,78,FMN 21 Desguinlei Zuidkant
668,Desguinlei 100,2022-12-21,16:00:00,134,24,110,FMN 21 Desguinlei Zuidkant
668,Desguinlei 100,2022-12-21,17:00:00,138,28,110,FMN 21 Desguinlei Zuidkant
668,Desguinlei 100,2022-12-21,18:00:00,139,46,93,FMN 21 Desguinlei Zuidkant
668,Desguinlei 100,2022-12-21,19:00:00,65,25,40,FMN 21 Desguinlei Zuidkant
668,Desguinlei 100,2022-12-21,20:00:00,48,17,31,FMN 21 Desguinlei Zuidkant
668,Desguinlei 100,2022-12-21,21:00:00,54,25,29,FMN 21 Desguinlei Zuidkant
668,Desguinlei 100,2022-12-21,22:00:00,36,11,25,FMN 21 Desguinlei Zuidkant
668,Desguinlei 100,2022-12-21,23:00:00,18,10,8,FMN 21 Desguinlei Zuidkant
668,Desguinlei 100,2022-12-22,00:00:00,7,0,7,FMN 21 Desguinlei Zuidkant
668,Desguinlei 100,2022-12-22,01:00:00,10,3,7,FMN 21 Desguinlei Zuidkant
668,Desguinlei 100,2022-12-22,02:00:00,6,1,5,FMN 21 Desguinlei Zuidkant
668,Desguinlei 100,2022-12-22,03:00:00,2,0,2,FMN 21 Desguinlei Zuidkant
668,Desguinlei 100,2022-12-22,04:00:00,11,6,5,FMN 21 Desguinlei Zuidkant
668,Desguinlei 100,2022-12-22,05:00:00,11,6,5,FMN 21 Desguinlei Zuidkant
668,Desguinlei 100,2022-12-22,06:00:00,29,10,19,FMN 21 Desguinlei Zuidkant
668,Desguinlei 100,2022-12-22,07:00:00,78,27,51,FMN 21 Desguinlei Zuidkant
668,Desguinlei 100,2022-12-22,08:00:00,145,67,78,FMN 21 Desguinlei Zuidkant
668,Desguinlei 100,2022-12-22,09:00:00,88,36,52,FMN 21 Desguinlei Zuidkant
668,Desguinlei 100,2022-12-22,10:00:00,69,24,45,FMN 21 Desguinlei Zuidkant
668,Desguinlei 100,2022-12-22,11:00:00,70,14,56,FMN 21 Desguinlei Zuidkant
668,Desguinlei 100,2022-12-22,12:00:00,106,37,69,FMN 21 Desguinlei Zuidkant
668,Desguinlei 100,2022-12-22,13:00:00,74,26,48,FMN 21 Desguinlei Zuidkant
668,Desguinlei 100,2022-12-22,14:00:00,85,22,63,FMN 21 Desguinlei Zuidkant
668,Desguinlei 100,2022-12-22,15:00:00,87,13,74,FMN 21 Desguinlei Zuidkant
668,Desguinlei 100,2022-12-22,16:00:00,127,24,103,FMN 21 Desguinlei Zuidkant
668,Desguinlei 100,2022-12-22,17:00:00,165,35,130,FMN 21 Desguinlei Zuidkant
668,Desguinlei 100,2022-12-22,18:00:00,121,20,101,FMN 21 Desguinlei Zuidkant
668,Desguinlei 100,2022-12-22,19:00:00,78,36,42,FMN 21 Desguinlei Zuidkant
668,Desguinlei 100,2022-12-22,20:00:00,55,20,35,FMN 21 Desguinlei Zuidkant
668,Desguinlei 100,2022-12-22,21:00:00,45,13,32,FMN 21 Desguinlei Zuidkant
668,Desguinlei 100,2022-12-22,22:00:00,38,19,19,FMN 21 Desguinlei Zuidkant
668,Desguinlei 100,2022-12-22,23:00:00,25,8,17,FMN 21 Desguinlei Zuidkant
668,Desguinlei 100,2022-12-23,00:00:00,23,4,19,FMN 21 Desguinlei Zuidkant
668,Desguinlei 100,2022-12-23,01:00:00,37,4,33,FMN 21 Desguinlei Zuidkant
668,Desguinlei 100,2022-12-23,02:00:00,6,1,5,FMN 21 Desguinlei Zuidkant
668,Desguinlei 100,2022-12-23,03:00:00,8,2,6,FMN 21 Desguinlei Zuidkant
668,Desguinlei 100,2022-12-23,04:00:00,14,9,5,FMN 21 Desguinlei Zuidkant
668,Desguinlei 100,2022-12-23,05:00:00,17,4,13,FMN 21 Desguinlei Zuidkant
668,Desguinlei 100,2022-12-23,06:00:00,41,11,30,FMN 21 Desguinlei Zuidkant
668,Desguinlei 100,2022-12-23,07:00:00,64,27,37,FMN 21 Desguinlei Zuidkant
668,Desguinlei 100,2022-12-23,08:00:00,116,37,79,FMN 21 Desguinlei Zuidkant
668,Desguinlei 100,2022-12-23,09:00:00,64,19,45,FMN 21 Desguinlei Zuidkant
668,Desguinlei 100,2022-12-23,10:00:00,59,18,41,FMN 21 Desguinlei Zuidkant
668,Desguinlei 100,2022-12-23,11:00:00,45,14,31,FMN 21 Desguinlei Zuidkant
668,Desguinlei 100,2022-12-23,12:00:00,71,23,48,FMN 21 Desguinlei Zuidkant
668,Desguinlei 100,2022-12-23,13:00:00,39,17,22,FMN 21 Desguinlei Zuidkant
668,Desguinlei 100,2022-12-23,14:00:00,51,8,43,FMN 21 Desguinlei Zuidkant
668,Desguinlei 100,2022-12-23,15:00:00,100,22,78,FMN 21 Desguinlei Zuidkant
668,Desguinlei 100,2022-12-23,16:00:00,83,17,66,FMN 21 Desguinlei Zuidkant
668,Desguinlei 100,2022-12-23,17:00:00,109,37,72,FMN 21 Desguinlei Zuidkant
668,Desguinlei 100,2022-12-23,18:00:00,79,20,59,FMN 21 Desguinlei Zuidkant
668,Desguinlei 100,2022-12-23,19:00:00,71,25,46,FMN 21 Desguinlei Zuidkant
668,Desguinlei 100,2022-12-23,20:00:00,44,16,28,FMN 21 Desguinlei Zuidkant
668,Desguinlei 100,2022-12-23,21:00:00,38,17,21,FMN 21 Desguinlei Zuidkant
668,Desguinlei 100,2022-12-23,22:00:00,28,12,16,FMN 21 Desguinlei Zuidkant
668,Desguinlei 100,2022-12-23,23:00:00,21,7,14,FMN 21 Desguinlei Zuidkant
668,Desguinlei 100,2022-12-24,00:00:00,22,7,15,FMN 21 Desguinlei Zuidkant
668,Desguinlei 100,2022-12-24,01:00:00,7,2,5,FMN 21 Desguinlei Zuidkant
668,Desguinlei 100,2022-12-24,02:00:00,6,1,5,FMN 21 Desguinlei Zuidkant
668,Desguinlei 100,2022-12-24,03:00:00,11,3,8,FMN 21 Desguinlei Zuidkant
668,Desguinlei 100,2022-12-24,04:00:00,10,1,9,FMN 21 Desguinlei Zuidkant
668,Desguinlei 100,2022-12-24,05:00:00,7,2,5,FMN 21 Desguinlei Zuidkant
668,Desguinlei 100,2022-12-24,06:00:00,7,0,7,FMN 21 Desguinlei Zuidkant
668,Desguinlei 100,2022-12-24,07:00:00,12,5,7,FMN 21 Desguinlei Zuidkant
668,Desguinlei 100,2022-12-24,08:00:00,18,7,11,FMN 21 Desguinlei Zuidkant
668,Desguinlei 100,2022-12-24,09:00:00,56,12,44,FMN 21 Desguinlei Zuidkant
668,Desguinlei 100,2022-12-24,10:00:00,43,20,23,FMN 21 Desguinlei Zuidkant
668,Desguinlei 100,2022-12-24,11:00:00,74,28,46,FMN 21 Desguinlei Zuidkant
668,Desguinlei 100,2022-12-24,12:00:00,48,14,34,FMN 21 Desguinlei Zuidkant
668,Desguinlei 100,2022-12-24,13:00:00,31,9,22,FMN 21 Desguinlei Zuidkant
668,Desguinlei 100,2022-12-24,14:00:00,47,11,36,FMN 21 Desguinlei Zuidkant
668,Desguinlei 100,2022-12-24,15:00:00,56,16,40,FMN 21 Desguinlei Zuidkant
668,Desguinlei 100,2022-12-24,16:00:00,38,5,33,FMN 21 Desguinlei Zuidkant
668,Desguinlei 100,2022-12-24,17:00:00,47,7,40,FMN 21 Desguinlei Zuidkant
668,Desguinlei 100,2022-12-24,18:00:00,29,8,21,FMN 21 Desguinlei Zuidkant
668,Desguinlei 100,2022-12-24,19:00:00,15,3,12,FMN 21 Desguinlei Zuidkant
668,Desguinlei 100,2022-12-24,20:00:00,13,4,9,FMN 21 Desguinlei Zuidkant
668,Desguinlei 100,2022-12-24,21:00:00,16,3,13,FMN 21 Desguinlei Zuidkant
668,Desguinlei 100,2022-12-24,22:00:00,6,3,3,FMN 21 Desguinlei Zuidkant
668,Desguinlei 100,2022-12-24,23:00:00,15,3,12,FMN 21 Desguinlei Zuidkant
668,Desguinlei 100,2022-12-25,00:00:00,21,4,17,FMN 21 Desguinlei Zuidkant
668,Desguinlei 100,2022-12-25,01:00:00,14,3,11,FMN 21 Desguinlei Zuidkant
668,Desguinlei 100,2022-12-25,02:00:00,7,2,5,FMN 21 Desguinlei Zuidkant
668,Desguinlei 100,2022-12-25,03:00:00,3,3,0,FMN 21 Desguinlei Zuidkant
668,Desguinlei 100,2022-12-25,04:00:00,3,1,2,FMN 21 Desguinlei Zuidkant
668,Desguinlei 100,2022-12-25,05:00:00,5,2,3,FMN 21 Desguinlei Zuidkant
668,Desguinlei 100,2022-12-25,06:00:00,4,2,2,FMN 21 Desguinlei Zuidkant
668,Desguinlei 100,2022-12-25,07:00:00,2,0,2,FMN 21 Desguinlei Zuidkant
668,Desguinlei 100,2022-12-25,08:00:00,8,3,5,FMN 21 Desguinlei Zuidkant
668,Desguinlei 100,2022-12-25,09:00:00,14,10,4,FMN 21 Desguinlei Zuidkant
668,Desguinlei 100,2022-12-25,10:00:00,27,12,15,FMN 21 Desguinlei Zuidkant
668,Desguinlei 100,2022-12-25,11:00:00,26,20,6,FMN 21 Desguinlei Zuidkant
668,Desguinlei 100,2022-12-25,12:00:00,29,22,7,FMN 21 Desguinlei Zuidkant
668,Desguinlei 100,2022-12-25,13:00:00,35,19,16,FMN 21 Desguinlei Zuidkant
668,Desguinlei 100,2022-12-25,14:00:00,27,18,9,FMN 21 Desguinlei Zuidkant
668,Desguinlei 100,2022-12-25,15:00:00,20,11,9,FMN 21 Desguinlei Zuidkant
668,Desguinlei 100,2022-12-25,16:00:00,29,14,15,FMN 21 Desguinlei Zuidkant
668,Desguinlei 100,2022-12-25,17:00:00,17,11,6,FMN 21 Desguinlei Zuidkant
668,Desguinlei 100,2022-12-25,18:00:00,22,12,10,FMN 21 Desguinlei Zuidkant
668,Desguinlei 100,2022-12-25,19:00:00,13,7,6,FMN 21 Desguinlei Zuidkant
668,Desguinlei 100,2022-12-25,20:00:00,12,6,6,FMN 21 Desguinlei Zuidkant
668,Desguinlei 100,2022-12-25,21:00:00,10,5,5,FMN 21 Desguinlei Zuidkant
668,Desguinlei 100,2022-12-25,22:00:00,10,4,6,FMN 21 Desguinlei Zuidkant
668,Desguinlei 100,2022-12-25,23:00:00,11,2,9,FMN 21 Desguinlei Zuidkant
668,Desguinlei 100,2022-12-26,00:00:00,3,0,3,FMN 21 Desguinlei Zuidkant
668,Desguinlei 100,2022-12-26,01:00:00,3,0,3,FMN 21 Desguinlei Zuidkant
668,Desguinlei 100,2022-12-26,02:00:00,0,0,0,FMN 21 Desguinlei Zuidkant
668,Desguinlei 100,2022-12-26,03:00:00,3,0,3,FMN 21 Desguinlei Zuidkant
668,Desguinlei 100,2022-12-26,04:00:00,8,2,6,FMN 21 Desguinlei Zuidkant
668,Desguinlei 100,2022-12-26,05:00:00,14,2,12,FMN 21 Desguinlei Zuidkant
668,Desguinlei 100,2022-12-26,06:00:00,39,15,24,FMN 21 Desguinlei Zuidkant
668,Desguinlei 100,2022-12-26,07:00:00,79,23,56,FMN 21 Desguinlei Zuidkant
668,Desguinlei 100,2022-12-26,08:00:00,142,56,86,FMN 21 Desguinlei Zuidkant
668,Desguinlei 100,2022-12-26,09:00:00,53,25,28,FMN 21 Desguinlei Zuidkant
668,Desguinlei 100,2022-12-26,10:00:00,65,22,43,FMN 21 Desguinlei Zuidkant
668,Desguinlei 100,2022-12-26,11:00:00,53,19,34,FMN 21 Desguinlei Zuidkant
668,Desguinlei 100,2022-12-26,12:00:00,98,27,71,FMN 21 Desguinlei Zuidkant
668,Desguinlei 100,2022-12-26,13:00:00,99,32,67,FMN 21 Desguinlei Zuidkant
668,Desguinlei 100,2022-12-26,14:00:00,66,18,48,FMN 21 Desguinlei Zuidkant
668,Desguinlei 100,2022-12-26,15:00:00,124,27,97,FMN 21 Desguinlei Zuidkant
668,Desguinlei 100,2022-12-26,16:00:00,150,28,122,FMN 21 Desguinlei Zuidkant
668,Desguinlei 100,2022-12-26,17:00:00,179,36,143,FMN 21 Desguinlei Zuidkant
668,Desguinlei 100,2022-12-26,18:00:00,131,36,95,FMN 21 Desguinlei Zuidkant
668,Desguinlei 100,2022-12-26,19:00:00,70,19,51,FMN 21 Desguinlei Zuidkant
668,Desguinlei 100,2022-12-26,20:00:00,64,24,40,FMN 21 Desguinlei Zuidkant
668,Desguinlei 100,2022-12-26,21:00:00,35,16,19,FMN 21 Desguinlei Zuidkant
668,Desguinlei 100,2022-12-26,22:00:00,34,15,19,FMN 21 Desguinlei Zuidkant
668,Desguinlei 100,2022-12-26,23:00:00,13,3,10,FMN 21 Desguinlei Zuidkant
668,Desguinlei 100,2022-12-27,00:00:00,1,1,0,FMN 21 Desguinlei Zuidkant
668,Desguinlei 100,2022-12-27,01:00:00,0,0,0,FMN 21 Desguinlei Zuidkant
668,Desguinlei 100,2022-12-27,02:00:00,0,0,0,FMN 21 Desguinlei Zuidkant
668,Desguinlei 100,2022-12-27,03:00:00,0,0,0,FMN 21 Desguinlei Zuidkant
668,Desguinlei 100,2022-12-27,04:00:00,4,4,0,FMN 21 Desguinlei Zuidkant
668,Desguinlei 100,2022-12-27,05:00:00,4,4,0,FMN 21 Desguinlei Zuidkant
668,Desguinlei 100,2022-12-27,06:00:00,11,11,0,FMN 21 Desguinlei Zuidkant
668,Desguinlei 100,2022-12-27,07:00:00,19,19,0,FMN 21 Desguinlei Zuidkant
668,Desguinlei 100,2022-12-27,08:00:00,52,52,0,FMN 21 Desguinlei Zuidkant
668,Desguinlei 100,2022-12-27,09:00:00,26,26,0,FMN 21 Desguinlei Zuidkant
668,Desguinlei 100,2022-12-27,10:00:00,16,16,0,FMN 21 Desguinlei Zuidkant
668,Desguinlei 100,2022-12-27,11:00:00,37,20,17,FMN 21 Desguinlei Zuidkant
668,Desguinlei 100,2022-12-27,12:00:00,57,24,33,FMN 21 Desguinlei Zuidkant
668,Desguinlei 100,2022-12-27,13:00:00,82,42,40,FMN 21 Desguinlei Zuidkant
668,Desguinlei 100,2022-12-27,14:00:00,65,19,46,FMN 21 Desguinlei Zuidkant
668,Desguinlei 100,2022-12-27,15:00:00,66,22,44,FMN 21 Desguinlei Zuidkant
668,Desguinlei 100,2022-12-27,16:00:00,89,31,58,FMN 21 Desguinlei Zuidkant
668,Desguinlei 100,2022-12-27,17:00:00,111,37,74,FMN 21 Desguinlei Zuidkant
668,Desguinlei 100,2022-12-27,18:00:00,94,32,62,FMN 21 Desguinlei Zuidkant
668,Desguinlei 100,2022-12-27,19:00:00,56,30,26,FMN 21 Desguinlei Zuidkant
668,Desguinlei 100,2022-12-27,20:00:00,34,21,13,FMN 21 Desguinlei Zuidkant
668,Desguinlei 100,2022-12-27,21:00:00,33,17,16,FMN 21 Desguinlei Zuidkant
668,Desguinlei 100,2022-12-27,22:00:00,24,11,13,FMN 21 Desguinlei Zuidkant
668,Desguinlei 100,2022-12-27,23:00:00,21,6,15,FMN 21 Desguinlei Zuidkant
668,Desguinlei 100,2022-12-28,00:00:00,10,2,8,FMN 21 Desguinlei Zuidkant
668,Desguinlei 100,2022-12-28,01:00:00,4,0,4,FMN 21 Desguinlei Zuidkant
668,Desguinlei 100,2022-12-28,02:00:00,1,0,1,FMN 21 Desguinlei Zuidkant
668,Desguinlei 100,2022-12-28,03:00:00,1,1,0,FMN 21 Desguinlei Zuidkant
668,Desguinlei 100,2022-12-28,04:00:00,10,3,7,FMN 21 Desguinlei Zuidkant
668,Desguinlei 100,2022-12-28,05:00:00,6,3,3,FMN 21 Desguinlei Zuidkant
668,Desguinlei 100,2022-12-28,06:00:00,30,9,21,FMN 21 Desguinlei Zuidkant
668,Desguinlei 100,2022-12-28,07:00:00,55,19,36,FMN 21 Desguinlei Zuidkant
668,Desguinlei 100,2022-12-28,08:00:00,91,37,54,FMN 21 Desguinlei Zuidkant
668,Desguinlei 100,2022-12-28,09:00:00,67,20,47,FMN 21 Desguinlei Zuidkant
668,Desguinlei 100,2022-12-28,10:00:00,40,15,25,FMN 21 Desguinlei Zuidkant
668,Desguinlei 100,2022-12-28,11:00:00,40,12,28,FMN 21 Desguinlei Zuidkant
668,Desguinlei 100,2022-12-28,12:00:00,46,21,25,FMN 21 Desguinlei Zuidkant
668,Desguinlei 100,2022-12-28,13:00:00,50,17,33,FMN 21 Desguinlei Zuidkant
668,Desguinlei 100,2022-12-28,14:00:00,51,15,36,FMN 21 Desguinlei Zuidkant
668,Desguinlei 100,2022-12-28,15:00:00,64,20,44,FMN 21 Desguinlei Zuidkant
668,Desguinlei 100,2022-12-28,16:00:00,65,18,47,FMN 21 Desguinlei Zuidkant
668,Desguinlei 100,2022-12-28,17:00:00,81,24,57,FMN 21 Desguinlei Zuidkant
668,Desguinlei 100,2022-12-28,18:00:00,71,28,43,FMN 21 Desguinlei Zuidkant
668,Desguinlei 100,2022-12-28,19:00:00,59,21,38,FMN 21 Desguinlei Zuidkant
668,Desguinlei 100,2022-12-28,20:00:00,34,15,19,FMN 21 Desguinlei Zuidkant
668,Desguinlei 100,2022-12-28,21:00:00,29,15,14,FMN 21 Desguinlei Zuidkant
668,Desguinlei 100,2022-12-28,22:00:00,16,6,10,FMN 21 Desguinlei Zuidkant
668,Desguinlei 100,2022-12-28,23:00:00,12,4,8,FMN 21 Desguinlei Zuidkant
668,Desguinlei 100,2022-12-29,00:00:00,8,4,4,FMN 21 Desguinlei Zuidkant
668,Desguinlei 100,2022-12-29,01:00:00,3,0,3,FMN 21 Desguinlei Zuidkant
668,Desguinlei 100,2022-12-29,02:00:00,2,0,2,FMN 21 Desguinlei Zuidkant
668,Desguinlei 100,2022-12-29,03:00:00,0,0,0,FMN 21 Desguinlei Zuidkant
668,Desguinlei 100,2022-12-29,04:00:00,12,8,4,FMN 21 Desguinlei Zuidkant
668,Desguinlei 100,2022-12-29,05:00:00,15,5,10,FMN 21 Desguinlei Zuidkant
668,Desguinlei 100,2022-12-29,06:00:00,45,15,30,FMN 21 Desguinlei Zuidkant
668,Desguinlei 100,2022-12-29,07:00:00,97,41,56,FMN 21 Desguinlei Zuidkant
668,Desguinlei 100,2022-12-29,08:00:00,167,60,107,FMN 21 Desguinlei Zuidkant
668,Desguinlei 100,2022-12-29,09:00:00,87,36,51,FMN 21 Desguinlei Zuidkant
668,Desguinlei 100,2022-12-29,10:00:00,79,23,56,FMN 21 Desguinlei Zuidkant
668,Desguinlei 100,2022-12-29,11:00:00,71,22,49,FMN 21 Desguinlei Zuidkant
668,Desguinlei 100,2022-12-29,12:00:00,105,34,71,FMN 21 Desguinlei Zuidkant
668,Desguinlei 100,2022-12-29,13:00:00,95,32,63,FMN 21 Desguinlei Zuidkant
668,Desguinlei 100,2022-12-29,14:00:00,72,15,57,FMN 21 Desguinlei Zuidkant
668,Desguinlei 100,2022-12-29,15:00:00,120,26,94,FMN 21 Desguinlei Zuidkant
668,Desguinlei 100,2022-12-29,16:00:00,160,36,124,FMN 21 Desguinlei Zuidkant
668,Desguinlei 100,2022-12-29,17:00:00,203,47,156,FMN 21 Desguinlei Zuidkant
668,Desguinlei 100,2022-12-29,18:00:00,148,41,107,FMN 21 Desguinlei Zuidkant
668,Desguinlei 100,2022-12-29,19:00:00,96,36,60,FMN 21 Desguinlei Zuidkant
668,Desguinlei 100,2022-12-29,20:00:00,70,23,47,FMN 21 Desguinlei Zuidkant
668,Desguinlei 100,2022-12-29,21:00:00,55,17,38,FMN 21 Desguinlei Zuidkant
668,Desguinlei 100,2022-12-29,22:00:00,55,19,36,FMN 21 Desguinlei Zuidkant
668,Desguinlei 100,2022-12-29,23:00:00,22,7,15,FMN 21 Desguinlei Zuidkant
668,Desguinlei 100,2022-12-30,00:00:00,18,3,15,FMN 21 Desguinlei Zuidkant
668,Desguinlei 100,2022-12-30,01:00:00,16,4,12,FMN 21 Desguinlei Zuidkant
668,Desguinlei 100,2022-12-30,02:00:00,9,1,8,FMN 21 Desguinlei Zuidkant
668,Desguinlei 100,2022-12-30,03:00:00,12,4,8,FMN 21 Desguinlei Zuidkant
668,Desguinlei 100,2022-12-30,04:00:00,9,4,5,FMN 21 Desguinlei Zuidkant
668,Desguinlei 100,2022-12-30,05:00:00,17,5,12,FMN 21 Desguinlei Zuidkant
668,Desguinlei 100,2022-12-30,06:00:00,40,11,29,FMN 21 Desguinlei Zuidkant
668,Desguinlei 100,2022-12-30,07:00:00,84,29,55,FMN 21 Desguinlei Zuidkant
668,Desguinlei 100,2022-12-30,08:00:00,122,38,84,FMN 21 Desguinlei Zuidkant
668,Desguinlei 100,2022-12-30,09:00:00,82,30,52,FMN 21 Desguinlei Zuidkant
668,Desguinlei 100,2022-12-30,10:00:00,73,20,53,FMN 21 Desguinlei Zuidkant
668,Desguinlei 100,2022-12-30,11:00:00,76,24,52,FMN 21 Desguinlei Zuidkant
668,Desguinlei 100,2022-12-30,12:00:00,88,23,65,FMN 21 Desguinlei Zuidkant
668,Desguinlei 100,2022-12-30,13:00:00,76,23,53,FMN 21 Desguinlei Zuidkant
668,Desguinlei 100,2022-12-30,14:00:00,77,21,56,FMN 21 Desguinlei Zuidkant
668,Desguinlei 100,2022-12-30,15:00:00,110,27,83,FMN 21 Desguinlei Zuidkant
668,Desguinlei 100,2022-12-30,16:00:00,124,26,98,FMN 21 Desguinlei Zuidkant
668,Desguinlei 100,2022-12-30,17:00:00,122,34,88,FMN 21 Desguinlei Zuidkant
668,Desguinlei 100,2022-12-30,18:00:00,80,18,62,FMN 21 Desguinlei Zuidkant
668,Desguinlei 100,2022-12-30,19:00:00,66,27,39,FMN 21 Desguinlei Zuidkant
668,Desguinlei 100,2022-12-30,20:00:00,42,13,29,FMN 21 Desguinlei Zuidkant
668,Desguinlei 100,2022-12-30,21:00:00,46,13,33,FMN 21 Desguinlei Zuidkant
668,Desguinlei 100,2022-12-30,22:00:00,33,10,23,FMN 21 Desguinlei Zuidkant
668,Desguinlei 100,2022-12-30,23:00:00,27,3,24,FMN 21 Desguinlei Zuidkant
668,Desguinlei 100,2022-12-31,00:00:00,24,7,17,FMN 21 Desguinlei Zuidkant
668,Desguinlei 100,2022-12-31,01:00:00,10,3,7,FMN 21 Desguinlei Zuidkant
668,Desguinlei 100,2022-12-31,02:00:00,4,1,3,FMN 21 Desguinlei Zuidkant
668,Desguinlei 100,2022-12-31,03:00:00,9,2,7,FMN 21 Desguinlei Zuidkant
668,Desguinlei 100,2022-12-31,04:00:00,10,1,9,FMN 21 Desguinlei Zuidkant
668,Desguinlei 100,2022-12-31,05:00:00,10,2,8,FMN 21 Desguinlei Zuidkant
668,Desguinlei 100,2022-12-31,06:00:00,12,2,10,FMN 21 Desguinlei Zuidkant
668,Desguinlei 100,2022-12-31,07:00:00,9,1,8,FMN 21 Desguinlei Zuidkant
668,Desguinlei 100,2022-12-31,08:00:00,17,6,11,FMN 21 Desguinlei Zuidkant
668,Desguinlei 100,2022-12-31,09:00:00,41,7,34,FMN 21 Desguinlei Zuidkant
668,Desguinlei 100,2022-12-31,10:00:00,33,10,23,FMN 21 Desguinlei Zuidkant
668,Desguinlei 100,2022-12-31,11:00:00,50,20,30,FMN 21 Desguinlei Zuidkant
668,Desguinlei 100,2022-12-31,12:00:00,49,13,36,FMN 21 Desguinlei Zuidkant
668,Desguinlei 100,2022-12-31,13:00:00,55,18,37,FMN 21 Desguinlei Zuidkant
668,Desguinlei 100,2022-12-31,14:00:00,35,10,25,FMN 21 Desguinlei Zuidkant
668,Desguinlei 100,2022-12-31,15:00:00,61,20,41,FMN 21 Desguinlei Zuidkant
668,Desguinlei 100,2022-12-31,16:00:00,55,14,41,FMN 21 Desguinlei Zuidkant
668,Desguinlei 100,2022-12-31,17:00:00,56,15,41,FMN 21 Desguinlei Zuidkant
668,Desguinlei 100,2022-12-31,18:00:00,47,18,29,FMN 21 Desguinlei Zuidkant
668,Desguinlei 100,2022-12-31,19:00:00,40,20,20,FMN 21 Desguinlei Zuidkant
668,Desguinlei 100,2022-12-31,20:00:00,26,9,17,FMN 21 Desguinlei Zuidkant
668,Desguinlei 100,2022-12-31,21:00:00,27,5,22,FMN 21 Desguinlei Zuidkant
668,Desguinlei 100,2022-12-31,22:00:00,26,7,19,FMN 21 Desguinlei Zuidkant
668,Desguinlei 100,2022-12-31,23:00:00,28,7,21,FMN 21 Desguinlei Zuidkant
668,Desguinlei 100,2023-01-01,00:00:00,17,5,12,FMN 21 Desguinlei Zuidkant
668,Desguinlei 100,2023-01-01,01:00:00,14,3,11,FMN 21 Desguinlei Zuidkant
668,Desguinlei 100,2023-01-01,02:00:00,8,2,6,FMN 21 Desguinlei Zuidkant
668,Desguinlei 100,2023-01-01,03:00:00,7,3,4,FMN 21 Desguinlei Zuidkant
668,Desguinlei 100,2023-01-01,04:00:00,4,1,3,FMN 21 Desguinlei Zuidkant
668,Desguinlei 100,2023-01-01,05:00:00,6,2,4,FMN 21 Desguinlei Zuidkant
668,Desguinlei 100,2023-01-01,06:00:00,6,2,4,FMN 21 Desguinlei Zuidkant
668,Desguinlei 100,2023-01-01,07:00:00,7,1,6,FMN 21 Desguinlei Zuidkant
668,Desguinlei 100,2023-01-01,08:00:00,12,3,9,FMN 21 Desguinlei Zuidkant
668,Desguinlei 100,2023-01-01,09:00:00,29,9,20,FMN 21 Desguinlei Zuidkant
668,Desguinlei 100,2023-01-01,10:00:00,35,13,22,FMN 21 Desguinlei Zuidkant
668,Desguinlei 100,2023-01-01,11:00:00,47,20,27,FMN 21 Desguinlei Zuidkant
668,Desguinlei 100,2023-01-01,12:00:00,52,24,28,FMN 21 Desguinlei Zuidkant
668,Desguinlei 100,2023-01-01,13:00:00,51,17,34,FMN 21 Desguinlei Zuidkant
668,Desguinlei 100,2023-01-01,14:00:00,39,16,23,FMN 21 Desguinlei Zuidkant
668,Desguinlei 100,2023-01-01,15:00:00,37,11,26,FMN 21 Desguinlei Zuidkant
668,Desguinlei 100,2023-01-01,16:00:00,42,13,29,FMN 21 Desguinlei Zuidkant
668,Desguinlei 100,2023-01-01,17:00:00,44,11,33,FMN 21 Desguinlei Zuidkant
668,Desguinlei 100,2023-01-01,18:00:00,33,12,21,FMN 21 Desguinlei Zuidkant
668,Desguinlei 100,2023-01-01,19:00:00,24,8,16,FMN 21 Desguinlei Zuidkant
668,Desguinlei 100,2023-01-01,20:00:00,18,6,12,FMN 21 Desguinlei Zuidkant
668,Desguinlei 100,2023-01-01,21:00:00,11,4,7,FMN 21 Desguinlei Zuidkant
668,Desguinlei 100,2023-01-01,22:00:00,13,5,8,FMN 21 Desguinlei Zuidkant
668,Desguinlei 100,2023-01-01,23:00:00,10,2,8,FMN 21 Desguinlei Zuidkant
668,Desguinlei 100,2023-01-02,00:00:00,4,1,3,FMN 21 Desguinlei Zuidkant
668,Desguinlei 100,2023-01-02,01:00:00,3,1,2,FMN 21 Desguinlei Zuidkant
668,Desguinlei 100,2023-01-02,02:00:00,1,0,1,FMN 21 Desguinlei Zuidkant
668,Desguinlei 100,2023-01-02,03:00:00,1,0,1,FMN 21 Desguinlei Zuidkant
668,Desguinlei 100,2023-01-02,04:00:00,9,4,5,FMN 21 Desguinlei Zuidkant
668,Desguinlei 100,2023-01-02,05:00:00,13,3,10,FMN 21 Desguinlei Zuidkant
668,Desguinlei 100,2023-01-02,06:00:00,36,13,23,FMN 21 Desguinlei Zuidkant
668,Desguinlei 100,2023-01-02,07:00:00,90,27,63,FMN 21 Desguinlei Zuidkant
668,Desguinlei 100,2023-01-02,08:00:00,155,65,90,FMN 21 Desguinlei Zuidkant
668,Desguinlei 100,2023-01-02,09:00:00,73,31,42,FMN 21 Desguinlei Zuidkant
668,Desguinlei 100,2023-01-02,10:00:00,60,20,40,FMN 21 Desguinlei Zuidkant
668,Desguinlei 100,2023-01-02,11:00:00,57,16,41,FMN 21 Desguinlei Zuidkant
668,Desguinlei 100,2023-01-02,12:00:00,96,26,70,FMN 21 Desguinlei Zuidkant
668,Desguinlei 100,2023-01-02,13:00:00,91,30,61,FMN 21 Desguinlei Zuidkant
668,Desguinlei 100,2023-01-02,14:00:00,75,23,52,FMN 21 Desguinlei Zuidkant
668,Desguinlei 100,2023-01-02,15:00:00,128,25,103,FMN 21 Desguinlei Zuidkant
668,Desguinlei 100,2023-01-02,16:00:00,168,31,137,FMN 21 Desguinlei Zuidkant
668,Desguinlei 100,2023-01-02,17:00:00,177,38,139,FMN 21 Desguinlei Zuidkant
668,Desguinlei 100,2023-01-02,18:00:00,136,36,100,FMN 21 Desguinlei Zuidkant
668,Desguinlei 100,2023-01-02,19:00:00,73,24,49,FMN 21 Desguinlei Zuidkant
668,Desguinlei 100,2023-01-02,20:00:00,62,23,39,FMN 21 Desguinlei Zuidkant
668,Desguinlei 100,2023-01-02,21:00:00,41,23,18,FMN 21 Desguinlei Zuidkant
668,Desguinlei 100,2023-01-02,22:00:00,35,14,21,FMN 21 Desguinlei Zuidkant
668,Desguinlei 100,2023-01-02,23:00:00,14,6,8,FMN 21 Desguinlei Zuidkant
668,Desguinlei 100,2023-01-03,00:00:00,2,0,2,FMN 21 Desguinlei Zuidkant
668,Desguinlei 100,2023-01-03,01:00:00,3,1,2,FMN 21 Desguinlei Zuidkant
668,Desguinlei 100,2023-01-03,02:00:00,1,0,1,FMN 21 Desguinlei Zuidkant
668,Desguinlei 100,2023-01-03,03:00:00,1,0,1,FMN 21 Desguinlei Zuidkant
668,Desguinlei 100,2023-01-03,04:00:00,8,4,4,FMN 21 Desguinlei Zuidkant
668,Desguinlei 100,2023-01-03,05:00:00,11,4,7,FMN 21 Desguinlei Zuidkant
668,Desguinlei 100,2023-01-03,06:00:00,34,13,21,FMN 21 Desguinlei Zuidkant
668,Desguinlei 100,2023-01-03,07:00:00,83,22,61,FMN 21 Desguinlei Zuidkant
668,Desguinlei 100,2023-01-03,08:00:00,134,56,78,FMN 21 Desguinlei Zuidkant
668,Desguinlei 100,2023-01-03,09:00:00,61,28,33,FMN 21 Desguinlei Zuidkant
668,Desguinlei 100,2023-01-03,10:00:00,50,18,32,FMN 21 Desguinlei Zuidkant
668,Desguinlei 100,2023-01-03,11:00:00,67,21,46,FMN 21 Desguinlei Zuidkant
668,Desguinlei 100,2023-01-03,12:00:00,83,25,58,FMN 21 Desguinlei Zuidkant
668,Desguinlei 100,2023-01-03,13:00:00,100,41,59,FMN 21 Desguinlei Zuidkant
668,Desguinlei 100,2023-01-03,14:00:00,65,19,46,FMN 21 Desguinlei Zuidkant
668,Desguinlei 100,2023-01-03,15:00:00,109,22,87,FMN 21 Desguinlei Zuidkant
668,Desguinlei 100,2023-01-03,16:00:00,145,29,116,FMN 21 Desguinlei Zuidkant
668,Desguinlei 100,2023-01-03,17:00:00,155,38,117,FMN 21 Desguinlei Zuidkant
668,Desguinlei 100,2023-01-03,18:00:00,126,32,94,FMN 21 Desguinlei Zuidkant
668,Desguinlei 100,2023-01-03,19:00:00,77,29,48,FMN 21 Desguinlei Zuidkant
668,Desguinlei 100,2023-01-03,20:00:00,44,22,22,FMN 21 Desguinlei Zuidkant
668,Desguinlei 100,2023-01-03,21:00:00,42,17,25,FMN 21 Desguinlei Zuidkant
668,Desguinlei 100,2023-01-03,22:00:00,33,11,22,FMN 21 Desguinlei Zuidkant
668,Desguinlei 100,2023-01-03,23:00:00,20,6,14,FMN 21 Desguinlei Zuidkant
668,Desguinlei 100,2023-01-04,00:00:00,6,2,4,FMN 21 Desguinlei Zuidkant
668,Desguinlei 100,2023-01-04,01:00:00,3,1,2,FMN 21 Desguinlei Zuidkant
668,Desguinlei 100,2023-01-04,02:00:00,1,0,1,FMN 21 Desguinlei Zuidkant
668,Desguinlei 100,2023-01-04,03:00:00,3,2,1,FMN 21 Desguinlei Zuidkant
668,Desguinlei 100,2023-01-04,04:00:00,11,7,4,FMN 21 Desguinlei Zuidkant
668,Desguinlei 100,2023-01-04,05:00:00,11,4,7,FMN 21 Desguinlei Zuidkant
668,Desguinlei 100,2023-01-04,06:00:00,38,16,22,FMN 21 Desguinlei Zuidkant
668,Desguinlei 100,2023-01-04,07:00:00,74,28,46,FMN 21 Desguinlei Zuidkant
668,Desguinlei 100,2023-01-04,08:00:00,109,33,76,FMN 21 Desguinlei Zuidkant
668,Desguinlei 100,2023-01-04,09:00:00,64,29,35,FMN 21 Desguinlei Zuidkant
668,Desguinlei 100,2023-01-04,10:00:00,45,11,34,FMN 21 Desguinlei Zuidkant
668,Desguinlei 100,2023-01-04,11:00:00,55,18,37,FMN 21 Desguinlei Zuidkant
668,Desguinlei 100,2023-01-04,12:00:00,89,14,75,FMN 21 Desguinlei Zuidkant
668,Desguinlei 100,2023-01-04,13:00:00,66,13,53,FMN 21 Desguinlei Zuidkant
668,Desguinlei 100,2023-01-04,14:00:00,57,10,47,FMN 21 Desguinlei Zuidkant
668,Desguinlei 100,2023-01-04,15:00:00,77,18,59,FMN 21 Desguinlei Zuidkant
668,Desguinlei 100,2023-01-04,16:00:00,108,21,87,FMN 21 Desguinlei Zuidkant
668,Desguinlei 100,2023-01-04,17:00:00,127,30,97,FMN 21 Desguinlei Zuidkant
668,Desguinlei 100,2023-01-04,18:00:00,104,27,77,FMN 21 Desguinlei Zuidkant
668,Desguinlei 100,2023-01-04,19:00:00,75,30,45,FMN 21 Desguinlei Zuidkant
668,Desguinlei 100,2023-01-04,20:00:00,40,18,22,FMN 21 Desguinlei Zuidkant
668,Desguinlei 100,2023-01-04,21:00:00,45,26,19,FMN 21 Desguinlei Zuidkant
668,Desguinlei 100,2023-01-04,22:00:00,29,10,19,FMN 21 Desguinlei Zuidkant
668,Desguinlei 100,2023-01-04,23:00:00,12,1,11,FMN 21 Desguinlei Zuidkant
668,Desguinlei 100,2023-01-05,00:00:00,13,1,12,FMN 21 Desguinlei Zuidkant
668,Desguinlei 100,2023-01-05,01:00:00,7,3,4,FMN 21 Desguinlei Zuidkant
668,Desguinlei 100,2023-01-05,02:00:00,1,1,0,FMN 21 Desguinlei Zuidkant
668,Desguinlei 100,2023-01-05,03:00:00,4,1,3,FMN 21 Desguinlei Zuidkant
668,Desguinlei 100,2023-01-05,04:00:00,13,7,6,FMN 21 Desguinlei Zuidkant
668,Desguinlei 100,2023-01-05,05:00:00,12,5,7,FMN 21 Desguinlei Zuidkant
668,Desguinlei 100,2023-01-05,06:00:00,35,15,20,FMN 21 Desguinlei Zuidkant
668,Desguinlei 100,2023-01-05,07:00:00,93,26,67,FMN 21 Desguinlei Zuidkant
668,Desguinlei 100,2023-01-05,08:00:00,124,42,82,FMN 21 Desguinlei Zuidkant
668,Desguinlei 100,2023-01-05,09:00:00,89,34,55,FMN 21 Desguinlei Zuidkant
668,Desguinlei 100,2023-01-05,10:00:00,63,16,47,FMN 21 Desguinlei Zuidkant
668,Desguinlei 100,2023-01-05,11:00:00,41,13,28,FMN 21 Desguinlei Zuidkant
668,Desguinlei 100,2023-01-05,12:00:00,71,27,44,FMN 21 Desguinlei Zuidkant
668,Desguinlei 100,2023-01-05,13:00:00,67,22,45,FMN 21 Desguinlei Zuidkant
668,Desguinlei 100,2023-01-05,14:00:00,51,7,44,FMN 21 Desguinlei Zuidkant
668,Desguinlei 100,2023-01-05,15:00:00,88,32,56,FMN 21 Desguinlei Zuidkant
668,Desguinlei 100,2023-01-05,16:00:00,125,22,103,FMN 21 Desguinlei Zuidkant
668,Desguinlei 100,2023-01-05,17:00:00,166,29,137,FMN 21 Desguinlei Zuidkant
668,Desguinlei 100,2023-01-05,18:00:00,81,22,59,FMN 21 Desguinlei Zuidkant
668,Desguinlei 100,2023-01-05,19:00:00,80,24,56,FMN 21 Desguinlei Zuidkant
668,Desguinlei 100,2023-01-05,20:00:00,70,30,40,FMN 21 Desguinlei Zuidkant
668,Desguinlei 100,2023-01-05,21:00:00,33,20,13,FMN 21 Desguinlei Zuidkant
668,Desguinlei 100,2023-01-05,22:00:00,44,14,30,FMN 21 Desguinlei Zuidkant
668,Desguinlei 100,2023-01-05,23:00:00,21,8,13,FMN 21 Desguinlei Zuidkant
668,Desguinlei 100,2023-01-06,00:00:00,11,2,9,FMN 21 Desguinlei Zuidkant
668,Desguinlei 100,2023-01-06,01:00:00,4,0,4,FMN 21 Desguinlei Zuidkant
668,Desguinlei 100,2023-01-06,02:00:00,2,0,2,FMN 21 Desguinlei Zuidkant
668,Desguinlei 100,2023-01-06,03:00:00,1,0,1,FMN 21 Desguinlei Zuidkant
668,Desguinlei 100,2023-01-06,04:00:00,6,3,3,FMN 21 Desguinlei Zuidkant
668,Desguinlei 100,2023-01-06,05:00:00,13,7,6,FMN 21 Desguinlei Zuidkant
668,Desguinlei 100,2023-01-06,06:00:00,31,11,20,FMN 21 Desguinlei Zuidkant
668,Desguinlei 100,2023-01-06,07:00:00,75,19,56,FMN 21 Desguinlei Zuidkant
668,Desguinlei 100,2023-01-06,08:00:00,122,42,80,FMN 21 Desguinlei Zuidkant
668,Desguinlei 100,2023-01-06,09:00:00,71,28,43,FMN 21 Desguinlei Zuidkant
668,Desguinlei 100,2023-01-06,10:00:00,53,20,33,FMN 21 Desguinlei Zuidkant
668,Desguinlei 100,2023-01-06,11:00:00,67,22,45,FMN 21 Desguinlei Zuidkant
668,Desguinlei 100,2023-01-06,12:00:00,59,24,35,FMN 21 Desguinlei Zuidkant
668,Desguinlei 100,2023-01-06,13:00:00,64,17,47,FMN 21 Desguinlei Zuidkant
668,Desguinlei 100,2023-01-06,14:00:00,67,20,47,FMN 21 Desguinlei Zuidkant
668,Desguinlei 100,2023-01-06,15:00:00,75,14,61,FMN 21 Desguinlei Zuidkant
668,Desguinlei 100,2023-01-06,16:00:00,118,31,87,FMN 21 Desguinlei Zuidkant
668,Desguinlei 100,2023-01-06,17:00:00,134,28,106,FMN 21 Desguinlei Zuidkant
668,Desguinlei 100,2023-01-06,18:00:00,105,35,70,FMN 21 Desguinlei Zuidkant
668,Desguinlei 100,2023-01-06,19:00:00,68,24,44,FMN 21 Desguinlei Zuidkant
668,Desguinlei 100,2023-01-06,20:00:00,58,23,35,FMN 21 Desguinlei Zuidkant
668,Desguinlei 100,2023-01-06,21:00:00,37,9,28,FMN 21 Desguinlei Zuidkant
668,Desguinlei 100,2023-01-06,22:00:00,38,9,29,FMN 21 Desguinlei Zuidkant
668,Desguinlei 100,2023-01-06,23:00:00,37,11,26,FMN 21 Desguinlei Zuidkant
668,Desguinlei 100,2023-01-07,00:00:00,26,9,17,FMN 21 Desguinlei Zuidkant
668,Desguinlei 100,2023-01-07,01:00:00,11,1,10,FMN 21 Desguinlei Zuidkant
668,Desguinlei 100,2023-01-07,02:00:00,15,1,14,FMN 21 Desguinlei Zuidkant
668,Desguinlei 100,2023-01-07,03:00:00,16,3,13,FMN 21 Desguinlei Zuidkant
668,Desguinlei 100,2023-01-07,04:00:00,6,1,5,FMN 21 Desguinlei Zuidkant
668,Desguinlei 100,2023-01-07,05:00:00,11,3,8,FMN 21 Desguinlei Zuidkant
668,Desguinlei 100,2023-01-07,06:00:00,10,2,8,FMN 21 Desguinlei Zuidkant
668,Desguinlei 100,2023-01-07,07:00:00,6,0,6,FMN 21 Desguinlei Zuidkant
668,Desguinlei 100,2023-01-07,08:00:00,25,6,19,FMN 21 Desguinlei Zuidkant
668,Desguinlei 100,2023-01-07,09:00:00,50,12,38,FMN 21 Desguinlei Zuidkant
668,Desguinlei 100,2023-01-07,10:00:00,39,10,29,FMN 21 Desguinlei Zuidkant
668,Desguinlei 100,2023-01-07,11:00:00,42,17,25,FMN 21 Desguinlei Zuidkant
668,Desguinlei 100,2023-01-07,12:00:00,51,17,34,FMN 21 Desguinlei Zuidkant
668,Desguinlei 100,2023-01-07,13:00:00,79,27,52,FMN 21 Desguinlei Zuidkant
668,Desguinlei 100,2023-01-07,14:00:00,70,23,47,FMN 21 Desguinlei Zuidkant
668,Desguinlei 100,2023-01-07,15:00:00,60,11,49,FMN 21 Desguinlei Zuidkant
668,Desguinlei 100,2023-01-07,16:00:00,55,10,45,FMN 21 Desguinlei Zuidkant
668,Desguinlei 100,2023-01-07,17:00:00,56,14,42,FMN 21 Desguinlei Zuidkant
668,Desguinlei 100,2023-01-07,18:00:00,47,12,35,FMN 21 Desguinlei Zuidkant
668,Desguinlei 100,2023-01-07,19:00:00,45,6,39,FMN 21 Desguinlei Zuidkant
668,Desguinlei 100,2023-01-07,20:00:00,47,20,27,FMN 21 Desguinlei Zuidkant
668,Desguinlei 100,2023-01-07,21:00:00,17,4,13,FMN 21 Desguinlei Zuidkant
668,Desguinlei 100,2023-01-07,22:00:00,19,5,14,FMN 21 Desguinlei Zuidkant
668,Desguinlei 100,2023-01-07,23:00:00,25,11,14,FMN 21 Desguinlei Zuidkant
668,Desguinlei 100,2023-01-08,00:00:00,28,13,15,FMN 21 Desguinlei Zuidkant
668,Desguinlei 100,2023-01-08,01:00:00,20,4,16,FMN 21 Desguinlei Zuidkant
668,Desguinlei 100,2023-01-08,02:00:00,4,1,3,FMN 21 Desguinlei Zuidkant
668,Desguinlei 100,2023-01-08,03:00:00,7,2,5,FMN 21 Desguinlei Zuidkant
668,Desguinlei 100,2023-01-08,04:00:00,6,2,4,FMN 21 Desguinlei Zuidkant
668,Desguinlei 100,2023-01-08,05:00:00,5,3,2,FMN 21 Desguinlei Zuidkant
668,Desguinlei 100,2023-01-08,06:00:00,11,5,6,FMN 21 Desguinlei Zuidkant
668,Desguinlei 100,2023-01-08,07:00:00,17,6,11,FMN 21 Desguinlei Zuidkant
668,Desguinlei 100,2023-01-08,08:00:00,11,0,11,FMN 21 Desguinlei Zuidkant
668,Desguinlei 100,2023-01-08,09:00:00,29,6,23,FMN 21 Desguinlei Zuidkant
668,Desguinlei 100,2023-01-08,10:00:00,53,19,34,FMN 21 Desguinlei Zuidkant
668,Desguinlei 100,2023-01-08,11:00:00,67,23,44,FMN 21 Desguinlei Zuidkant
668,Desguinlei 100,2023-01-08,12:00:00,64,31,33,FMN 21 Desguinlei Zuidkant
668,Desguinlei 100,2023-01-08,13:00:00,50,8,42,FMN 21 Desguinlei Zuidkant
668,Desguinlei 100,2023-01-08,14:00:00,37,8,29,FMN 21 Desguinlei Zuidkant
668,Desguinlei 100,2023-01-08,15:00:00,38,8,30,FMN 21 Desguinlei Zuidkant
668,Desguinlei 100,2023-01-08,16:00:00,57,10,47,FMN 21 Desguinlei Zuidkant
668,Desguinlei 100,2023-01-08,17:00:00,59,11,48,FMN 21 Desguinlei Zuidkant
668,Desguinlei 100,2023-01-08,18:00:00,57,13,44,FMN 21 Desguinlei Zuidkant
668,Desguinlei 100,2023-01-08,19:00:00,31,9,22,FMN 21 Desguinlei Zuidkant
668,Desguinlei 100,2023-01-08,20:00:00,27,8,19,FMN 21 Desguinlei Zuidkant
668,Desguinlei 100,2023-01-08,21:00:00,17,5,12,FMN 21 Desguinlei Zuidkant
668,Desguinlei 100,2023-01-08,22:00:00,11,3,8,FMN 21 Desguinlei Zuidkant
668,Desguinlei 100,2023-01-08,23:00:00,10,5,5,FMN 21 Desguinlei Zuidkant
668,Desguinlei 100,2023-01-09,00:00:00,4,1,3,FMN 21 Desguinlei Zuidkant
668,Desguinlei 100,2023-01-09,01:00:00,1,0,1,FMN 21 Desguinlei Zuidkant
668,Desguinlei 100,2023-01-09,02:00:00,0,0,0,FMN 21 Desguinlei Zuidkant
668,Desguinlei 100,2023-01-09,03:00:00,2,1,1,FMN 21 Desguinlei Zuidkant
668,Desguinlei 100,2023-01-09,04:00:00,9,3,6,FMN 21 Desguinlei Zuidkant
668,Desguinlei 100,2023-01-09,05:00:00,11,2,9,FMN 21 Desguinlei Zuidkant
668,Desguinlei 100,2023-01-09,06:00:00,42,22,20,FMN 21 Desguinlei Zuidkant
668,Desguinlei 100,2023-01-09,07:00:00,104,29,75,FMN 21 Desguinlei Zuidkant
668,Desguinlei 100,2023-01-09,08:00:00,197,79,118,FMN 21 Desguinlei Zuidkant
668,Desguinlei 100,2023-01-09,09:00:00,108,50,58,FMN 21 Desguinlei Zuidkant
668,Desguinlei 100,2023-01-09,10:00:00,56,21,35,FMN 21 Desguinlei Zuidkant
668,Desguinlei 100,2023-01-09,11:00:00,67,18,49,FMN 21 Desguinlei Zuidkant
668,Desguinlei 100,2023-01-09,12:00:00,86,18,68,FMN 21 Desguinlei Zuidkant
668,Desguinlei 100,2023-01-09,13:00:00,70,18,52,FMN 21 Desguinlei Zuidkant
668,Desguinlei 100,2023-01-09,14:00:00,90,26,64,FMN 21 Desguinlei Zuidkant
668,Desguinlei 100,2023-01-09,15:00:00,131,22,109,FMN 21 Desguinlei Zuidkant
668,Desguinlei 100,2023-01-09,16:00:00,203,43,160,FMN 21 Desguinlei Zuidkant
668,Desguinlei 100,2023-01-09,17:00:00,189,43,146,FMN 21 Desguinlei Zuidkant
668,Desguinlei 100,2023-01-09,18:00:00,126,38,88,FMN 21 Desguinlei Zuidkant
668,Desguinlei 100,2023-01-09,19:00:00,82,33,49,FMN 21 Desguinlei Zuidkant
668,Desguinlei 100,2023-01-09,20:00:00,73,24,49,FMN 21 Desguinlei Zuidkant
668,Desguinlei 100,2023-01-09,21:00:00,44,31,13,FMN 21 Desguinlei Zuidkant
668,Desguinlei 100,2023-01-09,22:00:00,36,16,20,FMN 21 Desguinlei Zuidkant
668,Desguinlei 100,2023-01-09,23:00:00,18,7,11,FMN 21 Desguinlei Zuidkant
668,Desguinlei 100,2023-01-10,00:00:00,3,0,3,FMN 21 Desguinlei Zuidkant
668,Desguinlei 100,2023-01-10,01:00:00,3,0,3,FMN 21 Desguinlei Zuidkant
668,Desguinlei 100,2023-01-10,02:00:00,0,0,0,FMN 21 Desguinlei Zuidkant
668,Desguinlei 100,2023-01-10,03:00:00,3,1,2,FMN 21 Desguinlei Zuidkant
668,Desguinlei 100,2023-01-10,04:00:00,7,1,6,FMN 21 Desguinlei Zuidkant
668,Desguinlei 100,2023-01-10,05:00:00,15,3,12,FMN 21 Desguinlei Zuidkant
668,Desguinlei 100,2023-01-10,06:00:00,45,17,28,FMN 21 Desguinlei Zuidkant
668,Desguinlei 100,2023-01-10,07:00:00,103,24,79,FMN 21 Desguinlei Zuidkant
668,Desguinlei 100,2023-01-10,08:00:00,162,62,100,FMN 21 Desguinlei Zuidkant
668,Desguinlei 100,2023-01-10,09:00:00,69,33,36,FMN 21 Desguinlei Zuidkant
668,Desguinlei 100,2023-01-10,10:00:00,58,23,35,FMN 21 Desguinlei Zuidkant
668,Desguinlei 100,2023-01-10,11:00:00,60,25,35,FMN 21 Desguinlei Zuidkant
668,Desguinlei 100,2023-01-10,12:00:00,88,29,59,FMN 21 Desguinlei Zuidkant
668,Desguinlei 100,2023-01-10,13:00:00,101,31,70,FMN 21 Desguinlei Zuidkant
668,Desguinlei 100,2023-01-10,14:00:00,66,29,37,FMN 21 Desguinlei Zuidkant
668,Desguinlei 100,2023-01-10,15:00:00,92,19,73,FMN 21 Desguinlei Zuidkant
668,Desguinlei 100,2023-01-10,16:00:00,182,32,150,FMN 21 Desguinlei Zuidkant
668,Desguinlei 100,2023-01-10,17:00:00,190,48,142,FMN 21 Desguinlei Zuidkant
668,Desguinlei 100,2023-01-10,18:00:00,131,33,98,FMN 21 Desguinlei Zuidkant
668,Desguinlei 100,2023-01-10,19:00:00,93,21,72,FMN 21 Desguinlei Zuidkant
668,Desguinlei 100,2023-01-10,20:00:00,73,39,34,FMN 21 Desguinlei Zuidkant
668,Desguinlei 100,2023-01-10,21:00:00,44,21,23,FMN 21 Desguinlei Zuidkant
668,Desguinlei 100,2023-01-10,22:00:00,40,14,26,FMN 21 Desguinlei Zuidkant
668,Desguinlei 100,2023-01-10,23:00:00,21,12,9,FMN 21 Desguinlei Zuidkant
668,Desguinlei 100,2023-01-11,00:00:00,4,2,2,FMN 21 Desguinlei Zuidkant
668,Desguinlei 100,2023-01-11,01:00:00,3,0,3,FMN 21 Desguinlei Zuidkant
668,Desguinlei 100,2023-01-11,02:00:00,2,0,2,FMN 21 Desguinlei Zuidkant
668,Desguinlei 100,2023-01-11,03:00:00,1,0,1,FMN 21 Desguinlei Zuidkant
668,Desguinlei 100,2023-01-11,04:00:00,8,3,5,FMN 21 Desguinlei Zuidkant
668,Desguinlei 100,2023-01-11,05:00:00,13,3,10,FMN 21 Desguinlei Zuidkant
668,Desguinlei 100,2023-01-11,06:00:00,41,20,21,FMN 21 Desguinlei Zuidkant
668,Desguinlei 100,2023-01-11,07:00:00,105,36,69,FMN 21 Desguinlei Zuidkant
668,Desguinlei 100,2023-01-11,08:00:00,231,89,142,FMN 21 Desguinlei Zuidkant
668,Desguinlei 100,2023-01-11,09:00:00,84,29,55,FMN 21 Desguinlei Zuidkant
668,Desguinlei 100,2023-01-11,10:00:00,81,29,52,FMN 21 Desguinlei Zuidkant
668,Desguinlei 100,2023-01-11,11:00:00,76,23,53,FMN 21 Desguinlei Zuidkant
668,Desguinlei 100,2023-01-11,12:00:00,162,43,119,FMN 21 Desguinlei Zuidkant
668,Desguinlei 100,2023-01-11,13:00:00,87,23,64,FMN 21 Desguinlei Zuidkant
668,Desguinlei 100,2023-01-11,14:00:00,108,28,80,FMN 21 Desguinlei Zuidkant
668,Desguinlei 100,2023-01-11,15:00:00,125,37,88,FMN 21 Desguinlei Zuidkant
668,Desguinlei 100,2023-01-11,16:00:00,163,33,130,FMN 21 Desguinlei Zuidkant
668,Desguinlei 100,2023-01-11,17:00:00,216,56,160,FMN 21 Desguinlei Zuidkant
668,Desguinlei 100,2023-01-11,18:00:00,153,49,104,FMN 21 Desguinlei Zuidkant
668,Desguinlei 100,2023-01-11,19:00:00,102,32,70,FMN 21 Desguinlei Zuidkant
668,Desguinlei 100,2023-01-11,20:00:00,57,32,25,FMN 21 Desguinlei Zuidkant
668,Desguinlei 100,2023-01-11,21:00:00,76,41,35,FMN 21 Desguinlei Zuidkant
668,Desguinlei 100,2023-01-11,22:00:00,25,10,15,FMN 21 Desguinlei Zuidkant
668,Desguinlei 100,2023-01-11,23:00:00,11,2,9,FMN 21 Desguinlei Zuidkant
668,Desguinlei 100,2023-01-12,00:00:00,9,1,8,FMN 21 Desguinlei Zuidkant
668,Desguinlei 100,2023-01-12,01:00:00,5,0,5,FMN 21 Desguinlei Zuidkant
668,Desguinlei 100,2023-01-12,02:00:00,3,1,2,FMN 21 Desguinlei Zuidkant
668,Desguinlei 100,2023-01-12,03:00:00,3,0,3,FMN 21 Desguinlei Zuidkant
668,Desguinlei 100,2023-01-12,04:00:00,10,4,6,FMN 21 Desguinlei Zuidkant
668,Desguinlei 100,2023-01-12,05:00:00,12,1,11,FMN 21 Desguinlei Zuidkant
668,Desguinlei 100,2023-01-12,06:00:00,42,12,30,FMN 21 Desguinlei Zuidkant
668,Desguinlei 100,2023-01-12,07:00:00,112,33,79,FMN 21 Desguinlei Zuidkant
668,Desguinlei 100,2023-01-12,08:00:00,172,54,118,FMN 21 Desguinlei Zuidkant
668,Desguinlei 100,2023-01-12,09:00:00,85,31,54,FMN 21 Desguinlei Zuidkant
668,Desguinlei 100,2023-01-12,10:00:00,67,15,52,FMN 21 Desguinlei Zuidkant
668,Desguinlei 100,2023-01-12,11:00:00,62,11,51,FMN 21 Desguinlei Zuidkant
668,Desguinlei 100,2023-01-12,12:00:00,104,25,79,FMN 21 Desguinlei Zuidkant
668,Desguinlei 100,2023-01-12,13:00:00,82,13,69,FMN 21 Desguinlei Zuidkant
668,Desguinlei 100,2023-01-12,14:00:00,75,15,60,FMN 21 Desguinlei Zuidkant
668,Desguinlei 100,2023-01-12,15:00:00,121,19,102,FMN 21 Desguinlei Zuidkant
668,Desguinlei 100,2023-01-12,16:00:00,172,24,148,FMN 21 Desguinlei Zuidkant
668,Desguinlei 100,2023-01-12,17:00:00,211,36,175,FMN 21 Desguinlei Zuidkant
668,Desguinlei 100,2023-01-12,18:00:00,159,28,131,FMN 21 Desguinlei Zuidkant
668,Desguinlei 100,2023-01-12,19:00:00,90,28,62,FMN 21 Desguinlei Zuidkant
668,Desguinlei 100,2023-01-12,20:00:00,73,20,53,FMN 21 Desguinlei Zuidkant
668,Desguinlei 100,2023-01-12,21:00:00,53,15,38,FMN 21 Desguinlei Zuidkant
668,Desguinlei 100,2023-01-12,22:00:00,61,20,41,FMN 21 Desguinlei Zuidkant
668,Desguinlei 100,2023-01-12,23:00:00,25,4,21,FMN 21 Desguinlei Zuidkant
668,Desguinlei 100,2023-01-13,00:00:00,21,6,15,FMN 21 Desguinlei Zuidkant
668,Desguinlei 100,2023-01-13,01:00:00,14,3,11,FMN 21 Desguinlei Zuidkant
668,Desguinlei 100,2023-01-13,02:00:00,6,1,5,FMN 21 Desguinlei Zuidkant
668,Desguinlei 100,2023-01-13,03:00:00,7,2,5,FMN 21 Desguinlei Zuidkant
668,Desguinlei 100,2023-01-13,04:00:00,11,6,5,FMN 21 Desguinlei Zuidkant
668,Desguinlei 100,2023-01-13,05:00:00,14,5,9,FMN 21 Desguinlei Zuidkant
668,Desguinlei 100,2023-01-13,06:00:00,33,9,24,FMN 21 Desguinlei Zuidkant
668,Desguinlei 100,2023-01-13,07:00:00,74,23,51,FMN 21 Desguinlei Zuidkant
668,Desguinlei 100,2023-01-13,08:00:00,116,41,75,FMN 21 Desguinlei Zuidkant
668,Desguinlei 100,2023-01-13,09:00:00,70,24,46,FMN 21 Desguinlei Zuidkant
668,Desguinlei 100,2023-01-13,10:00:00,64,20,44,FMN 21 Desguinlei Zuidkant
668,Desguinlei 100,2023-01-13,11:00:00,63,19,44,FMN 21 Desguinlei Zuidkant
668,Desguinlei 100,2023-01-13,12:00:00,84,25,59,FMN 21 Desguinlei Zuidkant
668,Desguinlei 100,2023-01-13,13:00:00,78,23,55,FMN 21 Desguinlei Zuidkant
668,Desguinlei 100,2023-01-13,14:00:00,74,21,53,FMN 21 Desguinlei Zuidkant
668,Desguinlei 100,2023-01-13,15:00:00,109,22,87,FMN 21 Desguinlei Zuidkant
668,Desguinlei 100,2023-01-13,16:00:00,128,27,101,FMN 21 Desguinlei Zuidkant
668,Desguinlei 100,2023-01-13,17:00:00,128,32,96,FMN 21 Desguinlei Zuidkant
668,Desguinlei 100,2023-01-13,18:00:00,96,25,71,FMN 21 Desguinlei Zuidkant
668,Desguinlei 100,2023-01-13,19:00:00,72,31,41,FMN 21 Desguinlei Zuidkant
668,Desguinlei 100,2023-01-13,20:00:00,48,16,32,FMN 21 Desguinlei Zuidkant
668,Desguinlei 100,2023-01-13,21:00:00,38,10,28,FMN 21 Desguinlei Zuidkant
668,Desguinlei 100,2023-01-13,22:00:00,34,9,25,FMN 21 Desguinlei Zuidkant
668,Desguinlei 100,2023-01-13,23:00:00,28,8,20,FMN 21 Desguinlei Zuidkant
668,Desguinlei 100,2023-01-14,00:00:00,15,4,11,FMN 21 Desguinlei Zuidkant
668,Desguinlei 100,2023-01-14,01:00:00,9,3,6,FMN 21 Desguinlei Zuidkant
668,Desguinlei 100,2023-01-14,02:00:00,7,2,5,FMN 21 Desguinlei Zuidkant
668,Desguinlei 100,2023-01-14,03:00:00,8,2,6,FMN 21 Desguinlei Zuidkant
668,Desguinlei 100,2023-01-14,04:00:00,8,2,6,FMN 21 Desguinlei Zuidkant
668,Desguinlei 100,2023-01-14,05:00:00,5,1,4,FMN 21 Desguinlei Zuidkant
668,Desguinlei 100,2023-01-14,06:00:00,7,1,6,FMN 21 Desguinlei Zuidkant
668,Desguinlei 100,2023-01-14,07:00:00,7,2,5,FMN 21 Desguinlei Zuidkant
668,Desguinlei 100,2023-01-14,08:00:00,14,4,10,FMN 21 Desguinlei Zuidkant
668,Desguinlei 100,2023-01-14,09:00:00,34,8,26,FMN 21 Desguinlei Zuidkant
668,Desguinlei 100,2023-01-14,10:00:00,26,9,17,FMN 21 Desguinlei Zuidkant
668,Desguinlei 100,2023-01-14,11:00:00,38,16,22,FMN 21 Desguinlei Zuidkant
668,Desguinlei 100,2023-01-14,12:00:00,40,13,27,FMN 21 Desguinlei Zuidkant
668,Desguinlei 100,2023-01-14,13:00:00,43,15,28,FMN 21 Desguinlei Zuidkant
668,Desguinlei 100,2023-01-14,14:00:00,34,11,23,FMN 21 Desguinlei Zuidkant
668,Desguinlei 100,2023-01-14,15:00:00,41,12,29,FMN 21 Desguinlei Zuidkant
668,Desguinlei 100,2023-01-14,16:00:00,38,9,29,FMN 21 Desguinlei Zuidkant
668,Desguinlei 100,2023-01-14,17:00:00,43,11,32,FMN 21 Desguinlei Zuidkant
668,Desguinlei 100,2023-01-14,18:00:00,38,12,26,FMN 21 Desguinlei Zuidkant
668,Desguinlei 100,2023-01-14,19:00:00,34,15,19,FMN 21 Desguinlei Zuidkant
668,Desguinlei 100,2023-01-14,20:00:00,20,7,13,FMN 21 Desguinlei Zuidkant
668,Desguinlei 100,2023-01-14,21:00:00,20,4,16,FMN 21 Desguinlei Zuidkant
668,Desguinlei 100,2023-01-14,22:00:00,19,4,15,FMN 21 Desguinlei Zuidkant
668,Desguinlei 100,2023-01-14,23:00:00,18,6,12,FMN 21 Desguinlei Zuidkant
668,Desguinlei 100,2023-01-15,00:00:00,16,5,11,FMN 21 Desguinlei Zuidkant
668,Desguinlei 100,2023-01-15,01:00:00,12,3,9,FMN 21 Desguinlei Zuidkant
668,Desguinlei 100,2023-01-15,02:00:00,8,2,6,FMN 21 Desguinlei Zuidkant
668,Desguinlei 100,2023-01-15,03:00:00,6,2,4,FMN 21 Desguinlei Zuidkant
668,Desguinlei 100,2023-01-15,04:00:00,3,1,2,FMN 21 Desguinlei Zuidkant
668,Desguinlei 100,2023-01-15,05:00:00,6,2,4,FMN 21 Desguinlei Zuidkant
668,Desguinlei 100,2023-01-15,06:00:00,5,2,3,FMN 21 Desguinlei Zuidkant
668,Desguinlei 100,2023-01-15,07:00:00,6,1,5,FMN 21 Desguinlei Zuidkant
668,Desguinlei 100,2023-01-15,08:00:00,10,2,8,FMN 21 Desguinlei Zuidkant
668,Desguinlei 100,2023-01-15,09:00:00,26,8,18,FMN 21 Desguinlei Zuidkant
668,Desguinlei 100,2023-01-15,10:00:00,31,12,19,FMN 21 Desguinlei Zuidkant
668,Desguinlei 100,2023-01-15,11:00:00,43,18,25,FMN 21 Desguinlei Zuidkant
668,Desguinlei 100,2023-01-15,12:00:00,46,22,24,FMN 21 Desguinlei Zuidkant
668,Desguinlei 100,2023-01-15,13:00:00,45,15,30,FMN 21 Desguinlei Zuidkant
668,Desguinlei 100,2023-01-15,14:00:00,37,16,21,FMN 21 Desguinlei Zuidkant
668,Desguinlei 100,2023-01-15,15:00:00,32,9,23,FMN 21 Desguinlei Zuidkant
668,Desguinlei 100,2023-01-15,16:00:00,39,13,26,FMN 21 Desguinlei Zuidkant
668,Desguinlei 100,2023-01-15,17:00:00,38,9,29,FMN 21 Desguinlei Zuidkant
668,Desguinlei 100,2023-01-15,18:00:00,29,11,18,FMN 21 Desguinlei Zuidkant
668,Desguinlei 100,2023-01-15,19:00:00,21,7,14,FMN 21 Desguinlei Zuidkant
668,Desguinlei 100,2023-01-15,20:00:00,16,6,10,FMN 21 Desguinlei Zuidkant
668,Desguinlei 100,2023-01-15,21:00:00,11,4,7,FMN 21 Desguinlei Zuidkant
668,Desguinlei 100,2023-01-15,22:00:00,11,4,7,FMN 21 Desguinlei Zuidkant
668,Desguinlei 100,2023-01-15,23:00:00,9,2,7,FMN 21 Desguinlei Zuidkant
668,Desguinlei 100,2023-01-16,00:00:00,5,2,3,FMN 21 Desguinlei Zuidkant
668,Desguinlei 100,2023-01-16,01:00:00,1,0,1,FMN 21 Desguinlei Zuidkant
668,Desguinlei 100,2023-01-16,02:00:00,3,1,2,FMN 21 Desguinlei Zuidkant
668,Desguinlei 100,2023-01-16,03:00:00,2,0,2,FMN 21 Desguinlei Zuidkant
668,Desguinlei 100,2023-01-16,04:00:00,12,6,6,FMN 21 Desguinlei Zuidkant
668,Desguinlei 100,2023-01-16,05:00:00,10,2,8,FMN 21 Desguinlei Zuidkant
668,Desguinlei 100,2023-01-16,06:00:00,30,11,19,FMN 21 Desguinlei Zuidkant
668,Desguinlei 100,2023-01-16,07:00:00,70,28,42,FMN 21 Desguinlei Zuidkant
668,Desguinlei 100,2023-01-16,08:00:00,133,59,74,FMN 21 Desguinlei Zuidkant
668,Desguinlei 100,2023-01-16,09:00:00,66,27,39,FMN 21 Desguinlei Zuidkant
668,Desguinlei 100,2023-01-16,10:00:00,50,16,34,FMN 21 Desguinlei Zuidkant
668,Desguinlei 100,2023-01-16,11:00:00,42,8,34,FMN 21 Desguinlei Zuidkant
668,Desguinlei 100,2023-01-16,12:00:00,69,17,52,FMN 21 Desguinlei Zuidkant
668,Desguinlei 100,2023-01-16,13:00:00,69,27,42,FMN 21 Desguinlei Zuidkant
668,Desguinlei 100,2023-01-16,14:00:00,70,19,51,FMN 21 Desguinlei Zuidkant
668,Desguinlei 100,2023-01-16,15:00:00,123,23,100,FMN 21 Desguinlei Zuidkant
668,Desguinlei 100,2023-01-16,16:00:00,148,21,127,FMN 21 Desguinlei Zuidkant
668,Desguinlei 100,2023-01-16,17:00:00,143,42,101,FMN 21 Desguinlei Zuidkant
668,Desguinlei 100,2023-01-16,18:00:00,119,31,88,FMN 21 Desguinlei Zuidkant
668,Desguinlei 100,2023-01-16,19:00:00,65,22,43,FMN 21 Desguinlei Zuidkant
668,Desguinlei 100,2023-01-16,20:00:00,69,32,37,FMN 21 Desguinlei Zuidkant
668,Desguinlei 100,2023-01-16,21:00:00,34,24,10,FMN 21 Desguinlei Zuidkant
668,Desguinlei 100,2023-01-16,22:00:00,33,13,20,FMN 21 Desguinlei Zuidkant
668,Desguinlei 100,2023-01-16,23:00:00,7,3,4,FMN 21 Desguinlei Zuidkant
668,Desguinlei 100,2023-01-17,00:00:00,0,0,0,FMN 21 Desguinlei Zuidkant
668,Desguinlei 100,2023-01-17,01:00:00,1,0,1,FMN 21 Desguinlei Zuidkant
668,Desguinlei 100,2023-01-17,02:00:00,1,0,1,FMN 21 Desguinlei Zuidkant
668,Desguinlei 100,2023-01-17,03:00:00,1,0,1,FMN 21 Desguinlei Zuidkant
668,Desguinlei 100,2023-01-17,04:00:00,7,3,4,FMN 21 Desguinlei Zuidkant
668,Desguinlei 100,2023-01-17,05:00:00,10,4,6,FMN 21 Desguinlei Zuidkant
668,Desguinlei 100,2023-01-17,06:00:00,47,16,31,FMN 21 Desguinlei Zuidkant
668,Desguinlei 100,2023-01-17,07:00:00,88,21,67,FMN 21 Desguinlei Zuidkant
668,Desguinlei 100,2023-01-17,08:00:00,122,46,76,FMN 21 Desguinlei Zuidkant
668,Desguinlei 100,2023-01-17,09:00:00,57,15,42,FMN 21 Desguinlei Zuidkant
668,Desguinlei 100,2023-01-17,10:00:00,46,18,28,FMN 21 Desguinlei Zuidkant
668,Desguinlei 100,2023-01-17,11:00:00,50,15,35,FMN 21 Desguinlei Zuidkant
668,Desguinlei 100,2023-01-17,12:00:00,79,18,61,FMN 21 Desguinlei Zuidkant
668,Desguinlei 100,2023-01-17,13:00:00,76,27,49,FMN 21 Desguinlei Zuidkant
668,Desguinlei 100,2023-01-17,14:00:00,75,16,59,FMN 21 Desguinlei Zuidkant
668,Desguinlei 100,2023-01-17,15:00:00,130,29,101,FMN 21 Desguinlei Zuidkant
668,Desguinlei 100,2023-01-17,16:00:00,149,19,130,FMN 21 Desguinlei Zuidkant
668,Desguinlei 100,2023-01-17,17:00:00,166,30,136,FMN 21 Desguinlei Zuidkant
668,Desguinlei 100,2023-01-17,18:00:00,124,32,92,FMN 21 Desguinlei Zuidkant
668,Desguinlei 100,2023-01-17,19:00:00,93,39,54,FMN 21 Desguinlei Zuidkant
668,Desguinlei 100,2023-01-17,20:00:00,33,19,14,FMN 21 Desguinlei Zuidkant
668,Desguinlei 100,2023-01-17,21:00:00,35,14,21,FMN 21 Desguinlei Zuidkant
668,Desguinlei 100,2023-01-17,22:00:00,33,11,22,FMN 21 Desguinlei Zuidkant
668,Desguinlei 100,2023-01-17,23:00:00,34,6,28,FMN 21 Desguinlei Zuidkant
668,Desguinlei 100,2023-01-18,00:00:00,7,5,2,FMN 21 Desguinlei Zuidkant
668,Desguinlei 100,2023-01-18,01:00:00,0,0,0,FMN 21 Desguinlei Zuidkant
668,Desguinlei 100,2023-01-18,02:00:00,1,0,1,FMN 21 Desguinlei Zuidkant
668,Desguinlei 100,2023-01-18,03:00:00,1,0,1,FMN 21 Desguinlei Zuidkant
668,Desguinlei 100,2023-01-18,04:00:00,8,4,4,FMN 21 Desguinlei Zuidkant
668,Desguinlei 100,2023-01-18,05:00:00,8,3,5,FMN 21 Desguinlei Zuidkant
668,Desguinlei 100,2023-01-18,06:00:00,25,5,20,FMN 21 Desguinlei Zuidkant
668,Desguinlei 100,2023-01-18,07:00:00,66,15,51,FMN 21 Desguinlei Zuidkant
668,Desguinlei 100,2023-01-18,08:00:00,98,25,73,FMN 21 Desguinlei Zuidkant
668,Desguinlei 100,2023-01-18,09:00:00,54,19,35,FMN 21 Desguinlei Zuidkant
668,Desguinlei 100,2023-01-18,10:00:00,45,10,35,FMN 21 Desguinlei Zuidkant
668,Desguinlei 100,2023-01-18,11:00:00,55,11,44,FMN 21 Desguinlei Zuidkant
668,Desguinlei 100,2023-01-18,12:00:00,103,23,80,FMN 21 Desguinlei Zuidkant
668,Desguinlei 100,2023-01-18,13:00:00,92,27,65,FMN 21 Desguinlei Zuidkant
668,Desguinlei 100,2023-01-18,14:00:00,117,44,73,FMN 21 Desguinlei Zuidkant
668,Desguinlei 100,2023-01-18,15:00:00,87,28,59,FMN 21 Desguinlei Zuidkant
668,Desguinlei 100,2023-01-18,16:00:00,139,17,122,FMN 21 Desguinlei Zuidkant
668,Desguinlei 100,2023-01-18,17:00:00,173,38,135,FMN 21 Desguinlei Zuidkant
668,Desguinlei 100,2023-01-18,18:00:00,113,29,84,FMN 21 Desguinlei Zuidkant
668,Desguinlei 100,2023-01-18,19:00:00,83,24,59,FMN 21 Desguinlei Zuidkant
668,Desguinlei 100,2023-01-18,20:00:00,46,20,26,FMN 21 Desguinlei Zuidkant
668,Desguinlei 100,2023-01-18,21:00:00,37,20,17,FMN 21 Desguinlei Zuidkant
668,Desguinlei 100,2023-01-18,22:00:00,33,8,25,FMN 21 Desguinlei Zuidkant
668,Desguinlei 100,2023-01-18,23:00:00,20,4,16,FMN 21 Desguinlei Zuidkant
668,Desguinlei 100,2023-01-19,00:00:00,9,2,7,FMN 21 Desguinlei Zuidkant
668,Desguinlei 100,2023-01-19,01:00:00,6,1,5,FMN 21 Desguinlei Zuidkant
668,Desguinlei 100,2023-01-19,02:00:00,2,0,2,FMN 21 Desguinlei Zuidkant
668,Desguinlei 100,2023-01-19,03:00:00,2,0,2,FMN 21 Desguinlei Zuidkant
668,Desguinlei 100,2023-01-19,04:00:00,10,4,6,FMN 21 Desguinlei Zuidkant
668,Desguinlei 100,2023-01-19,05:00:00,15,5,10,FMN 21 Desguinlei Zuidkant
668,Desguinlei 100,2023-01-19,06:00:00,39,11,28,FMN 21 Desguinlei Zuidkant
668,Desguinlei 100,2023-01-19,07:00:00,90,17,73,FMN 21 Desguinlei Zuidkant
668,Desguinlei 100,2023-01-19,08:00:00,147,38,109,FMN 21 Desguinlei Zuidkant
668,Desguinlei 100,2023-01-19,09:00:00,74,24,50,FMN 21 Desguinlei Zuidkant
668,Desguinlei 100,2023-01-19,10:00:00,60,12,48,FMN 21 Desguinlei Zuidkant
668,Desguinlei 100,2023-01-19,11:00:00,60,13,47,FMN 21 Desguinlei Zuidkant
668,Desguinlei 100,2023-01-19,12:00:00,82,10,72,FMN 21 Desguinlei Zuidkant
668,Desguinlei 100,2023-01-19,13:00:00,84,20,64,FMN 21 Desguinlei Zuidkant
668,Desguinlei 100,2023-01-19,14:00:00,68,12,56,FMN 21 Desguinlei Zuidkant
668,Desguinlei 100,2023-01-19,15:00:00,103,10,93,FMN 21 Desguinlei Zuidkant
668,Desguinlei 100,2023-01-19,16:00:00,164,27,137,FMN 21 Desguinlei Zuidkant
668,Desguinlei 100,2023-01-19,17:00:00,183,21,162,FMN 21 Desguinlei Zuidkant
668,Desguinlei 100,2023-01-19,18:00:00,147,26,121,FMN 21 Desguinlei Zuidkant
668,Desguinlei 100,2023-01-19,19:00:00,81,24,57,FMN 21 Desguinlei Zuidkant
668,Desguinlei 100,2023-01-19,20:00:00,65,16,49,FMN 21 Desguinlei Zuidkant
668,Desguinlei 100,2023-01-19,21:00:00,42,7,35,FMN 21 Desguinlei Zuidkant
668,Desguinlei 100,2023-01-19,22:00:00,46,8,38,FMN 21 Desguinlei Zuidkant
668,Desguinlei 100,2023-01-19,23:00:00,25,6,19,FMN 21 Desguinlei Zuidkant
668,Desguinlei 100,2023-01-20,00:00:00,21,6,15,FMN 21 Desguinlei Zuidkant
668,Desguinlei 100,2023-01-20,01:00:00,14,3,11,FMN 21 Desguinlei Zuidkant
668,Desguinlei 100,2023-01-20,02:00:00,6,1,5,FMN 21 Desguinlei Zuidkant
668,Desguinlei 100,2023-01-20,03:00:00,7,2,5,FMN 21 Desguinlei Zuidkant
668,Desguinlei 100,2023-01-20,04:00:00,11,6,5,FMN 21 Desguinlei Zuidkant
668,Desguinlei 100,2023-01-20,05:00:00,13,5,8,FMN 21 Desguinlei Zuidkant
668,Desguinlei 100,2023-01-20,06:00:00,34,9,25,FMN 21 Desguinlei Zuidkant
668,Desguinlei 100,2023-01-20,07:00:00,74,23,51,FMN 21 Desguinlei Zuidkant
668,Desguinlei 100,2023-01-20,08:00:00,115,41,74,FMN 21 Desguinlei Zuidkant
668,Desguinlei 100,2023-01-20,09:00:00,70,24,46,FMN 21 Desguinlei Zuidkant
668,Desguinlei 100,2023-01-20,10:00:00,65,21,44,FMN 21 Desguinlei Zuidkant
668,Desguinlei 100,2023-01-20,11:00:00,62,18,44,FMN 21 Desguinlei Zuidkant
668,Desguinlei 100,2023-01-20,12:00:00,84,25,59,FMN 21 Desguinlei Zuidkant
668,Desguinlei 100,2023-01-20,13:00:00,78,24,54,FMN 21 Desguinlei Zuidkant
668,Desguinlei 100,2023-01-20,14:00:00,75,21,54,FMN 21 Desguinlei Zuidkant
668,Desguinlei 100,2023-01-20,15:00:00,107,21,86,FMN 21 Desguinlei Zuidkant
668,Desguinlei 100,2023-01-20,16:00:00,129,28,101,FMN 21 Desguinlei Zuidkant
668,Desguinlei 100,2023-01-20,17:00:00,128,32,96,FMN 21 Desguinlei Zuidkant
668,Desguinlei 100,2023-01-20,18:00:00,96,25,71,FMN 21 Desguinlei Zuidkant
668,Desguinlei 100,2023-01-20,19:00:00,70,30,40,FMN 21 Desguinlei Zuidkant
668,Desguinlei 100,2023-01-20,20:00:00,50,17,33,FMN 21 Desguinlei Zuidkant
668,Desguinlei 100,2023-01-20,21:00:00,37,10,27,FMN 21 Desguinlei Zuidkant
668,Desguinlei 100,2023-01-20,22:00:00,34,9,25,FMN 21 Desguinlei Zuidkant
668,Desguinlei 100,2023-01-20,23:00:00,28,8,20,FMN 21 Desguinlei Zuidkant
668,Desguinlei 100,2023-01-21,00:00:00,23,6,17,FMN 21 Desguinlei Zuidkant
668,Desguinlei 100,2023-01-21,01:00:00,11,3,8,FMN 21 Desguinlei Zuidkant
668,Desguinlei 100,2023-01-21,02:00:00,11,3,8,FMN 21 Desguinlei Zuidkant
668,Desguinlei 100,2023-01-21,03:00:00,12,3,9,FMN 21 Desguinlei Zuidkant
668,Desguinlei 100,2023-01-21,04:00:00,10,2,8,FMN 21 Desguinlei Zuidkant
668,Desguinlei 100,2023-01-21,05:00:00,8,2,6,FMN 21 Desguinlei Zuidkant
668,Desguinlei 100,2023-01-21,06:00:00,11,2,9,FMN 21 Desguinlei Zuidkant
668,Desguinlei 100,2023-01-21,07:00:00,10,2,8,FMN 21 Desguinlei Zuidkant
668,Desguinlei 100,2023-01-21,08:00:00,22,6,16,FMN 21 Desguinlei Zuidkant
668,Desguinlei 100,2023-01-21,09:00:00,49,11,38,FMN 21 Desguinlei Zuidkant
668,Desguinlei 100,2023-01-21,10:00:00,38,12,26,FMN 21 Desguinlei Zuidkant
668,Desguinlei 100,2023-01-21,11:00:00,55,23,32,FMN 21 Desguinlei Zuidkant
668,Desguinlei 100,2023-01-21,12:00:00,59,18,41,FMN 21 Desguinlei Zuidkant
668,Desguinlei 100,2023-01-21,13:00:00,59,19,40,FMN 21 Desguinlei Zuidkant
668,Desguinlei 100,2023-01-21,14:00:00,51,16,35,FMN 21 Desguinlei Zuidkant
668,Desguinlei 100,2023-01-21,15:00:00,60,17,43,FMN 21 Desguinlei Zuidkant
668,Desguinlei 100,2023-01-21,16:00:00,54,11,43,FMN 21 Desguinlei Zuidkant
668,Desguinlei 100,2023-01-21,17:00:00,64,16,48,FMN 21 Desguinlei Zuidkant
668,Desguinlei 100,2023-01-21,18:00:00,55,16,39,FMN 21 Desguinlei Zuidkant
668,Desguinlei 100,2023-01-21,19:00:00,49,20,29,FMN 21 Desguinlei Zuidkant
668,Desguinlei 100,2023-01-21,20:00:00,29,10,19,FMN 21 Desguinlei Zuidkant
668,Desguinlei 100,2023-01-21,21:00:00,29,6,23,FMN 21 Desguinlei Zuidkant
668,Desguinlei 100,2023-01-21,22:00:00,30,6,24,FMN 21 Desguinlei Zuidkant
668,Desguinlei 100,2023-01-21,23:00:00,25,8,17,FMN 21 Desguinlei Zuidkant
668,Desguinlei 100,2023-01-22,00:00:00,21,6,15,FMN 21 Desguinlei Zuidkant
668,Desguinlei 100,2023-01-22,01:00:00,17,4,13,FMN 21 Desguinlei Zuidkant
668,Desguinlei 100,2023-01-22,02:00:00,10,2,8,FMN 21 Desguinlei Zuidkant
668,Desguinlei 100,2023-01-22,03:00:00,8,3,5,FMN 21 Desguinlei Zuidkant
668,Desguinlei 100,2023-01-22,04:00:00,6,2,4,FMN 21 Desguinlei Zuidkant
668,Desguinlei 100,2023-01-22,05:00:00,6,2,4,FMN 21 Desguinlei Zuidkant
668,Desguinlei 100,2023-01-22,06:00:00,8,2,6,FMN 21 Desguinlei Zuidkant
668,Desguinlei 100,2023-01-22,07:00:00,7,1,6,FMN 21 Desguinlei Zuidkant
668,Desguinlei 100,2023-01-22,08:00:00,14,3,11,FMN 21 Desguinlei Zuidkant
668,Desguinlei 100,2023-01-22,09:00:00,37,11,26,FMN 21 Desguinlei Zuidkant
668,Desguinlei 100,2023-01-22,10:00:00,41,15,26,FMN 21 Desguinlei Zuidkant
668,Desguinlei 100,2023-01-22,11:00:00,58,24,34,FMN 21 Desguinlei Zuidkant
668,Desguinlei 100,2023-01-22,12:00:00,61,27,34,FMN 21 Desguinlei Zuidkant
668,Desguinlei 100,2023-01-22,13:00:00,62,20,42,FMN 21 Desguinlei Zuidkant
668,Desguinlei 100,2023-01-22,14:00:00,48,19,29,FMN 21 Desguinlei Zuidkant
668,Desguinlei 100,2023-01-22,15:00:00,45,13,32,FMN 21 Desguinlei Zuidkant
668,Desguinlei 100,2023-01-22,16:00:00,51,15,36,FMN 21 Desguinlei Zuidkant
668,Desguinlei 100,2023-01-22,17:00:00,54,13,41,FMN 21 Desguinlei Zuidkant
668,Desguinlei 100,2023-01-22,18:00:00,39,14,25,FMN 21 Desguinlei Zuidkant
668,Desguinlei 100,2023-01-22,19:00:00,29,9,20,FMN 21 Desguinlei Zuidkant
668,Desguinlei 100,2023-01-22,20:00:00,21,7,14,FMN 21 Desguinlei Zuidkant
668,Desguinlei 100,2023-01-22,21:00:00,15,5,10,FMN 21 Desguinlei Zuidkant
668,Desguinlei 100,2023-01-22,22:00:00,15,5,10,FMN 21 Desguinlei Zuidkant
668,Desguinlei 100,2023-01-22,23:00:00,12,3,9,FMN 21 Desguinlei Zuidkant
668,Desguinlei 100,2023-01-23,00:00:00,4,1,3,FMN 21 Desguinlei Zuidkant
668,Desguinlei 100,2023-01-23,01:00:00,3,1,2,FMN 21 Desguinlei Zuidkant
668,Desguinlei 100,2023-01-23,02:00:00,1,0,1,FMN 21 Desguinlei Zuidkant
668,Desguinlei 100,2023-01-23,03:00:00,1,0,1,FMN 21 Desguinlei Zuidkant
668,Desguinlei 100,2023-01-23,04:00:00,8,3,5,FMN 21 Desguinlei Zuidkant
668,Desguinlei 100,2023-01-23,05:00:00,11,3,8,FMN 21 Desguinlei Zuidkant
668,Desguinlei 100,2023-01-23,06:00:00,35,13,22,FMN 21 Desguinlei Zuidkant
668,Desguinlei 100,2023-01-23,07:00:00,84,25,59,FMN 21 Desguinlei Zuidkant
668,Desguinlei 100,2023-01-23,08:00:00,146,61,85,FMN 21 Desguinlei Zuidkant
668,Desguinlei 100,2023-01-23,09:00:00,68,29,39,FMN 21 Desguinlei Zuidkant
668,Desguinlei 100,2023-01-23,10:00:00,55,18,37,FMN 21 Desguinlei Zuidkant
668,Desguinlei 100,2023-01-23,11:00:00,54,15,39,FMN 21 Desguinlei Zuidkant
668,Desguinlei 100,2023-01-23,12:00:00,90,25,65,FMN 21 Desguinlei Zuidkant
668,Desguinlei 100,2023-01-23,13:00:00,85,28,57,FMN 21 Desguinlei Zuidkant
668,Desguinlei 100,2023-01-23,14:00:00,71,22,49,FMN 21 Desguinlei Zuidkant
668,Desguinlei 100,2023-01-23,15:00:00,120,23,97,FMN 21 Desguinlei Zuidkant
668,Desguinlei 100,2023-01-23,16:00:00,157,29,128,FMN 21 Desguinlei Zuidkant
668,Desguinlei 100,2023-01-23,17:00:00,166,36,130,FMN 21 Desguinlei Zuidkant
668,Desguinlei 100,2023-01-23,18:00:00,128,34,94,FMN 21 Desguinlei Zuidkant
668,Desguinlei 100,2023-01-23,19:00:00,68,22,46,FMN 21 Desguinlei Zuidkant
668,Desguinlei 100,2023-01-23,20:00:00,59,22,37,FMN 21 Desguinlei Zuidkant
668,Desguinlei 100,2023-01-23,21:00:00,37,21,16,FMN 21 Desguinlei Zuidkant
668,Desguinlei 100,2023-01-23,22:00:00,35,14,21,FMN 21 Desguinlei Zuidkant
668,Desguinlei 100,2023-01-23,23:00:00,12,5,7,FMN 21 Desguinlei Zuidkant
668,Desguinlei 100,2023-01-24,00:00:00,3,1,2,FMN 21 Desguinlei Zuidkant
668,Desguinlei 100,2023-01-24,01:00:00,4,0,4,FMN 21 Desguinlei Zuidkant
668,Desguinlei 100,2023-01-24,02:00:00,0,0,0,FMN 21 Desguinlei Zuidkant
668,Desguinlei 100,2023-01-24,03:00:00,2,0,2,FMN 21 Desguinlei Zuidkant
668,Desguinlei 100,2023-01-24,04:00:00,12,6,6,FMN 21 Desguinlei Zuidkant
668,Desguinlei 100,2023-01-24,05:00:00,14,5,9,FMN 21 Desguinlei Zuidkant
668,Desguinlei 100,2023-01-24,06:00:00,47,18,29,FMN 21 Desguinlei Zuidkant
668,Desguinlei 100,2023-01-24,07:00:00,111,29,82,FMN 21 Desguinlei Zuidkant
668,Desguinlei 100,2023-01-24,08:00:00,182,77,105,FMN 21 Desguinlei Zuidkant
668,Desguinlei 100,2023-01-24,09:00:00,81,37,44,FMN 21 Desguinlei Zuidkant
668,Desguinlei 100,2023-01-24,10:00:00,68,25,43,FMN 21 Desguinlei Zuidkant
668,Desguinlei 100,2023-01-24,11:00:00,92,29,63,FMN 21 Desguinlei Zuidkant
668,Desguinlei 100,2023-01-24,12:00:00,111,34,77,FMN 21 Desguinlei Zuidkant
668,Desguinlei 100,2023-01-24,13:00:00,135,55,80,FMN 21 Desguinlei Zuidkant
668,Desguinlei 100,2023-01-24,14:00:00,89,26,63,FMN 21 Desguinlei Zuidkant
668,Desguinlei 100,2023-01-24,15:00:00,147,30,117,FMN 21 Desguinlei Zuidkant
668,Desguinlei 100,2023-01-24,16:00:00,197,40,157,FMN 21 Desguinlei Zuidkant
668,Desguinlei 100,2023-01-24,17:00:00,208,51,157,FMN 21 Desguinlei Zuidkant
668,Desguinlei 100,2023-01-24,18:00:00,170,43,127,FMN 21 Desguinlei Zuidkant
668,Desguinlei 100,2023-01-24,19:00:00,105,40,65,FMN 21 Desguinlei Zuidkant
668,Desguinlei 100,2023-01-24,20:00:00,60,30,30,FMN 21 Desguinlei Zuidkant
668,Desguinlei 100,2023-01-24,21:00:00,56,22,34,FMN 21 Desguinlei Zuidkant
668,Desguinlei 100,2023-01-24,22:00:00,45,16,29,FMN 21 Desguinlei Zuidkant
668,Desguinlei 100,2023-01-24,23:00:00,27,8,19,FMN 21 Desguinlei Zuidkant
668,Desguinlei 100,2023-01-25,00:00:00,11,4,7,FMN 21 Desguinlei Zuidkant
668,Desguinlei 100,2023-01-25,01:00:00,4,1,3,FMN 21 Desguinlei Zuidkant
668,Desguinlei 100,2023-01-25,02:00:00,3,0,3,FMN 21 Desguinlei Zuidkant
668,Desguinlei 100,2023-01-25,03:00:00,3,1,2,FMN 21 Desguinlei Zuidkant
668,Desguinlei 100,2023-01-25,04:00:00,14,6,8,FMN 21 Desguinlei Zuidkant
668,Desguinlei 100,2023-01-25,05:00:00,22,8,14,FMN 21 Desguinlei Zuidkant
668,Desguinlei 100,2023-01-25,06:00:00,62,21,41,FMN 21 Desguinlei Zuidkant
668,Desguinlei 100,2023-01-25,07:00:00,130,43,87,FMN 21 Desguinlei Zuidkant
668,Desguinlei 100,2023-01-25,08:00:00,231,85,146,FMN 21 Desguinlei Zuidkant
668,Desguinlei 100,2023-01-25,09:00:00,112,46,66,FMN 21 Desguinlei Zuidkant
668,Desguinlei 100,2023-01-25,10:00:00,97,33,64,FMN 21 Desguinlei Zuidkant
668,Desguinlei 100,2023-01-25,11:00:00,99,27,72,FMN 21 Desguinlei Zuidkant
668,Desguinlei 100,2023-01-25,12:00:00,191,49,142,FMN 21 Desguinlei Zuidkant
668,Desguinlei 100,2023-01-25,13:00:00,143,41,102,FMN 21 Desguinlei Zuidkant
668,Desguinlei 100,2023-01-25,14:00:00,128,39,89,FMN 21 Desguinlei Zuidkant
668,Desguinlei 100,2023-01-25,15:00:00,160,47,113,FMN 21 Desguinlei Zuidkant
668,Desguinlei 100,2023-01-25,16:00:00,207,41,166,FMN 21 Desguinlei Zuidkant
668,Desguinlei 100,2023-01-25,17:00:00,242,59,183,FMN 21 Desguinlei Zuidkant
668,Desguinlei 100,2023-01-25,18:00:00,211,64,147,FMN 21 Desguinlei Zuidkant
668,Desguinlei 100,2023-01-25,19:00:00,134,48,86,FMN 21 Desguinlei Zuidkant
668,Desguinlei 100,2023-01-25,20:00:00,78,36,42,FMN 21 Desguinlei Zuidkant
668,Desguinlei 100,2023-01-25,21:00:00,74,38,36,FMN 21 Desguinlei Zuidkant
668,Desguinlei 100,2023-01-25,22:00:00,51,15,36,FMN 21 Desguinlei Zuidkant
668,Desguinlei 100,2023-01-25,23:00:00,28,7,21,FMN 21 Desguinlei Zuidkant
668,Desguinlei 100,2023-01-26,00:00:00,10,2,8,FMN 21 Desguinlei Zuidkant
668,Desguinlei 100,2023-01-26,01:00:00,6,1,5,FMN 21 Desguinlei Zuidkant
668,Desguinlei 100,2023-01-26,02:00:00,4,1,3,FMN 21 Desguinlei Zuidkant
668,Desguinlei 100,2023-01-26,03:00:00,2,0,2,FMN 21 Desguinlei Zuidkant
668,Desguinlei 100,2023-01-26,04:00:00,12,6,6,FMN 21 Desguinlei Zuidkant
668,Desguinlei 100,2023-01-26,05:00:00,17,6,11,FMN 21 Desguinlei Zuidkant
668,Desguinlei 100,2023-01-26,06:00:00,44,12,32,FMN 21 Desguinlei Zuidkant
668,Desguinlei 100,2023-01-26,07:00:00,111,32,79,FMN 21 Desguinlei Zuidkant
668,Desguinlei 100,2023-01-26,08:00:00,181,60,121,FMN 21 Desguinlei Zuidkant
668,Desguinlei 100,2023-01-26,09:00:00,92,37,55,FMN 21 Desguinlei Zuidkant
668,Desguinlei 100,2023-01-26,10:00:00,73,20,53,FMN 21 Desguinlei Zuidkant
668,Desguinlei 100,2023-01-26,11:00:00,67,15,52,FMN 21 Desguinlei Zuidkant
668,Desguinlei 100,2023-01-26,12:00:00,110,30,80,FMN 21 Desguinlei Zuidkant
668,Desguinlei 100,2023-01-26,13:00:00,97,27,70,FMN 21 Desguinlei Zuidkant
668,Desguinlei 100,2023-01-26,14:00:00,77,16,61,FMN 21 Desguinlei Zuidkant
668,Desguinlei 100,2023-01-26,15:00:00,127,23,104,FMN 21 Desguinlei Zuidkant
668,Desguinlei 100,2023-01-26,16:00:00,181,31,150,FMN 21 Desguinlei Zuidkant
668,Desguinlei 100,2023-01-26,17:00:00,218,39,179,FMN 21 Desguinlei Zuidkant
668,Desguinlei 100,2023-01-26,18:00:00,171,38,133,FMN 21 Desguinlei Zuidkant
668,Desguinlei 100,2023-01-26,19:00:00,99,36,63,FMN 21 Desguinlei Zuidkant
668,Desguinlei 100,2023-01-26,20:00:00,77,23,54,FMN 21 Desguinlei Zuidkant
668,Desguinlei 100,2023-01-26,21:00:00,55,16,39,FMN 21 Desguinlei Zuidkant
668,Desguinlei 100,2023-01-26,22:00:00,59,17,42,FMN 21 Desguinlei Zuidkant
668,Desguinlei 100,2023-01-26,23:00:00,30,9,21,FMN 21 Desguinlei Zuidkant
668,Desguinlei 100,2023-01-27,00:00:00,21,6,15,FMN 21 Desguinlei Zuidkant
668,Desguinlei 100,2023-01-27,01:00:00,14,3,11,FMN 21 Desguinlei Zuidkant
668,Desguinlei 100,2023-01-27,02:00:00,6,1,5,FMN 21 Desguinlei Zuidkant
668,Desguinlei 100,2023-01-27,03:00:00,7,2,5,FMN 21 Desguinlei Zuidkant
668,Desguinlei 100,2023-01-27,04:00:00,11,6,5,FMN 21 Desguinlei Zuidkant
668,Desguinlei 100,2023-01-27,05:00:00,14,5,9,FMN 21 Desguinlei Zuidkant
668,Desguinlei 100,2023-01-27,06:00:00,33,9,24,FMN 21 Desguinlei Zuidkant
668,Desguinlei 100,2023-01-27,07:00:00,74,23,51,FMN 21 Desguinlei Zuidkant
668,Desguinlei 100,2023-01-27,08:00:00,116,41,75,FMN 21 Desguinlei Zuidkant
668,Desguinlei 100,2023-01-27,09:00:00,70,24,46,FMN 21 Desguinlei Zuidkant
668,Desguinlei 100,2023-01-27,10:00:00,64,20,44,FMN 21 Desguinlei Zuidkant
668,Desguinlei 100,2023-01-27,11:00:00,63,19,44,FMN 21 Desguinlei Zuidkant
668,Desguinlei 100,2023-01-27,12:00:00,84,25,59,FMN 21 Desguinlei Zuidkant
668,Desguinlei 100,2023-01-27,13:00:00,78,23,55,FMN 21 Desguinlei Zuidkant
668,Desguinlei 100,2023-01-27,14:00:00,75,21,54,FMN 21 Desguinlei Zuidkant
668,Desguinlei 100,2023-01-27,15:00:00,109,22,87,FMN 21 Desguinlei Zuidkant
668,Desguinlei 100,2023-01-27,16:00:00,128,27,101,FMN 21 Desguinlei Zuidkant
668,Desguinlei 100,2023-01-27,17:00:00,128,32,96,FMN 21 Desguinlei Zuidkant
668,Desguinlei 100,2023-01-27,18:00:00,96,25,71,FMN 21 Desguinlei Zuidkant
668,Desguinlei 100,2023-01-27,19:00:00,72,31,41,FMN 21 Desguinlei Zuidkant
668,Desguinlei 100,2023-01-27,20:00:00,48,16,32,FMN 21 Desguinlei Zuidkant
668,Desguinlei 100,2023-01-27,21:00:00,38,10,28,FMN 21 Desguinlei Zuidkant
668,Desguinlei 100,2023-01-27,22:00:00,34,9,25,FMN 21 Desguinlei Zuidkant
668,Desguinlei 100,2023-01-27,23:00:00,28,8,20,FMN 21 Desguinlei Zuidkant
668,Desguinlei 100,2023-01-28,00:00:00,25,7,18,FMN 21 Desguinlei Zuidkant
668,Desguinlei 100,2023-01-28,01:00:00,12,3,9,FMN 21 Desguinlei Zuidkant
668,Desguinlei 100,2023-01-28,02:00:00,12,3,9,FMN 21 Desguinlei Zuidkant
668,Desguinlei 100,2023-01-28,03:00:00,15,4,11,FMN 21 Desguinlei Zuidkant
668,Desguinlei 100,2023-01-28,04:00:00,10,2,8,FMN 21 Desguinlei Zuidkant
668,Desguinlei 100,2023-01-28,05:00:00,9,2,7,FMN 21 Desguinlei Zuidkant
668,Desguinlei 100,2023-01-28,06:00:00,12,2,10,FMN 21 Desguinlei Zuidkant
668,Desguinlei 100,2023-01-28,07:00:00,11,2,9,FMN 21 Desguinlei Zuidkant
668,Desguinlei 100,2023-01-28,08:00:00,23,6,17,FMN 21 Desguinlei Zuidkant
668,Desguinlei 100,2023-01-28,09:00:00,54,12,42,FMN 21 Desguinlei Zuidkant
668,Desguinlei 100,2023-01-28,10:00:00,41,13,28,FMN 21 Desguinlei Zuidkant
668,Desguinlei 100,2023-01-28,11:00:00,61,25,36,FMN 21 Desguinlei Zuidkant
668,Desguinlei 100,2023-01-28,12:00:00,64,19,45,FMN 21 Desguinlei Zuidkant
668,Desguinlei 100,2023-01-28,13:00:00,67,22,45,FMN 21 Desguinlei Zuidkant
668,Desguinlei 100,2023-01-28,14:00:00,55,17,38,FMN 21 Desguinlei Zuidkant
668,Desguinlei 100,2023-01-28,15:00:00,65,18,47,FMN 21 Desguinlei Zuidkant
668,Desguinlei 100,2023-01-28,16:00:00,60,12,48,FMN 21 Desguinlei Zuidkant
668,Desguinlei 100,2023-01-28,17:00:00,71,18,53,FMN 21 Desguinlei Zuidkant
668,Desguinlei 100,2023-01-28,18:00:00,59,17,42,FMN 21 Desguinlei Zuidkant
668,Desguinlei 100,2023-01-28,19:00:00,54,22,32,FMN 21 Desguinlei Zuidkant
668,Desguinlei 100,2023-01-28,20:00:00,33,11,22,FMN 21 Desguinlei Zuidkant
668,Desguinlei 100,2023-01-28,21:00:00,31,6,25,FMN 21 Desguinlei Zuidkant
668,Desguinlei 100,2023-01-28,22:00:00,33,7,26,FMN 21 Desguinlei Zuidkant
668,Desguinlei 100,2023-01-28,23:00:00,27,8,19,FMN 21 Desguinlei Zuidkant
668,Desguinlei 100,2023-01-29,00:00:00,13,4,9,FMN 21 Desguinlei Zuidkant
668,Desguinlei 100,2023-01-29,01:00:00,10,3,7,FMN 21 Desguinlei Zuidkant
668,Desguinlei 100,2023-01-29,02:00:00,6,1,5,FMN 21 Desguinlei Zuidkant
668,Desguinlei 100,2023-01-29,03:00:00,5,2,3,FMN 21 Desguinlei Zuidkant
668,Desguinlei 100,2023-01-29,04:00:00,3,1,2,FMN 21 Desguinlei Zuidkant
668,Desguinlei 100,2023-01-29,05:00:00,5,2,3,FMN 21 Desguinlei Zuidkant
668,Desguinlei 100,2023-01-29,06:00:00,4,1,3,FMN 21 Desguinlei Zuidkant
668,Desguinlei 100,2023-01-29,07:00:00,5,1,4,FMN 21 Desguinlei Zuidkant
668,Desguinlei 100,2023-01-29,08:00:00,8,2,6,FMN 21 Desguinlei Zuidkant
668,Desguinlei 100,2023-01-29,09:00:00,23,8,15,FMN 21 Desguinlei Zuidkant
668,Desguinlei 100,2023-01-29,10:00:00,25,10,15,FMN 21 Desguinlei Zuidkant
668,Desguinlei 100,2023-01-29,11:00:00,36,16,20,FMN 21 Desguinlei Zuidkant
668,Desguinlei 100,2023-01-29,12:00:00,39,19,20,FMN 21 Desguinlei Zuidkant
668,Desguinlei 100,2023-01-29,13:00:00,37,13,24,FMN 21 Desguinlei Zuidkant
668,Desguinlei 100,2023-01-29,14:00:00,30,13,17,FMN 21 Desguinlei Zuidkant
668,Desguinlei 100,2023-01-29,15:00:00,27,9,18,FMN 21 Desguinlei Zuidkant
668,Desguinlei 100,2023-01-29,16:00:00,31,10,21,FMN 21 Desguinlei Zuidkant
668,Desguinlei 100,2023-01-29,17:00:00,33,9,24,FMN 21 Desguinlei Zuidkant
668,Desguinlei 100,2023-01-29,18:00:00,24,9,15,FMN 21 Desguinlei Zuidkant
668,Desguinlei 100,2023-01-29,19:00:00,17,6,11,FMN 21 Desguinlei Zuidkant
668,Desguinlei 100,2023-01-29,20:00:00,13,5,8,FMN 21 Desguinlei Zuidkant
668,Desguinlei 100,2023-01-29,21:00:00,10,4,6,FMN 21 Desguinlei Zuidkant
668,Desguinlei 100,2023-01-29,22:00:00,9,3,6,FMN 21 Desguinlei Zuidkant
668,Desguinlei 100,2023-01-29,23:00:00,7,2,5,FMN 21 Desguinlei Zuidkant
668,Desguinlei 100,2023-01-30,00:00:00,4,1,3,FMN 21 Desguinlei Zuidkant
668,Desguinlei 100,2023-01-30,01:00:00,3,1,2,FMN 21 Desguinlei Zuidkant
668,Desguinlei 100,2023-01-30,02:00:00,1,0,1,FMN 21 Desguinlei Zuidkant
668,Desguinlei 100,2023-01-30,03:00:00,1,0,1,FMN 21 Desguinlei Zuidkant
668,Desguinlei 100,2023-01-30,04:00:00,8,3,5,FMN 21 Desguinlei Zuidkant
668,Desguinlei 100,2023-01-30,05:00:00,13,4,9,FMN 21 Desguinlei Zuidkant
668,Desguinlei 100,2023-01-30,06:00:00,34,12,22,FMN 21 Desguinlei Zuidkant
668,Desguinlei 100,2023-01-30,07:00:00,87,26,61,FMN 21 Desguinlei Zuidkant
668,Desguinlei 100,2023-01-30,08:00:00,150,63,87,FMN 21 Desguinlei Zuidkant
668,Desguinlei 100,2023-01-30,09:00:00,70,30,40,FMN 21 Desguinlei Zuidkant
668,Desguinlei 100,2023-01-30,10:00:00,58,19,39,FMN 21 Desguinlei Zuidkant
668,Desguinlei 100,2023-01-30,11:00:00,55,15,40,FMN 21 Desguinlei Zuidkant
668,Desguinlei 100,2023-01-30,12:00:00,93,26,67,FMN 21 Desguinlei Zuidkant
668,Desguinlei 100,2023-01-30,13:00:00,88,29,59,FMN 21 Desguinlei Zuidkant
668,Desguinlei 100,2023-01-30,14:00:00,72,22,50,FMN 21 Desguinlei Zuidkant
668,Desguinlei 100,2023-01-30,15:00:00,124,24,100,FMN 21 Desguinlei Zuidkant
668,Desguinlei 100,2023-01-30,16:00:00,162,30,132,FMN 21 Desguinlei Zuidkant
668,Desguinlei 100,2023-01-30,17:00:00,171,37,134,FMN 21 Desguinlei Zuidkant
668,Desguinlei 100,2023-01-30,18:00:00,132,35,97,FMN 21 Desguinlei Zuidkant
668,Desguinlei 100,2023-01-30,19:00:00,69,22,47,FMN 21 Desguinlei Zuidkant
668,Desguinlei 100,2023-01-30,20:00:00,59,22,37,FMN 21 Desguinlei Zuidkant
668,Desguinlei 100,2023-01-30,21:00:00,40,22,18,FMN 21 Desguinlei Zuidkant
668,Desguinlei 100,2023-01-30,22:00:00,34,14,20,FMN 21 Desguinlei Zuidkant
668,Desguinlei 100,2023-01-30,23:00:00,14,6,8,FMN 21 Desguinlei Zuidkant
668,Desguinlei 100,2023-01-31,00:00:00,2,0,2,FMN 21 Desguinlei Zuidkant
668,Desguinlei 100,2023-01-31,01:00:00,3,1,2,FMN 21 Desguinlei Zuidkant
668,Desguinlei 100,2023-01-31,02:00:00,1,0,1,FMN 21 Desguinlei Zuidkant
668,Desguinlei 100,2023-01-31,03:00:00,1,0,1,FMN 21 Desguinlei Zuidkant
668,Desguinlei 100,2023-01-31,04:00:00,8,4,4,FMN 21 Desguinlei Zuidkant
668,Desguinlei 100,2023-01-31,05:00:00,11,4,7,FMN 21 Desguinlei Zuidkant
668,Desguinlei 100,2023-01-31,06:00:00,33,13,20,FMN 21 Desguinlei Zuidkant
668,Desguinlei 100,2023-01-31,07:00:00,81,21,60,FMN 21 Desguinlei Zuidkant
668,Desguinlei 100,2023-01-31,08:00:00,131,55,76,FMN 21 Desguinlei Zuidkant
668,Desguinlei 100,2023-01-31,09:00:00,59,27,32,FMN 21 Desguinlei Zuidkant
668,Desguinlei 100,2023-01-31,10:00:00,50,18,32,FMN 21 Desguinlei Zuidkant
668,Desguinlei 100,2023-01-31,11:00:00,66,21,45,FMN 21 Desguinlei Zuidkant
668,Desguinlei 100,2023-01-31,12:00:00,80,24,56,FMN 21 Desguinlei Zuidkant
668,Desguinlei 100,2023-01-31,13:00:00,98,40,58,FMN 21 Desguinlei Zuidkant
668,Desguinlei 100,2023-01-31,14:00:00,64,18,46,FMN 21 Desguinlei Zuidkant
668,Desguinlei 100,2023-01-31,15:00:00,107,22,85,FMN 21 Desguinlei Zuidkant
668,Desguinlei 100,2023-01-31,16:00:00,143,29,114,FMN 21 Desguinlei Zuidkant
668,Desguinlei 100,2023-01-31,17:00:00,151,37,114,FMN 21 Desguinlei Zuidkant
668,Desguinlei 100,2023-01-31,18:00:00,123,31,92,FMN 21 Desguinlei Zuidkant
668,Desguinlei 100,2023-01-31,19:00:00,75,28,47,FMN 21 Desguinlei Zuidkant
668,Desguinlei 100,2023-01-31,20:00:00,43,22,21,FMN 21 Desguinlei Zuidkant
668,Desguinlei 100,2023-01-31,21:00:00,41,16,25,FMN 21 Desguinlei Zuidkant
668,Desguinlei 100,2023-01-31,22:00:00,32,11,21,FMN 21 Desguinlei Zuidkant
668,Desguinlei 100,2023-01-31,23:00:00,20,6,14,FMN 21 Desguinlei Zuidkant
668,Desguinlei 100,2023-02-01,00:00:00,5,2,3,FMN 21 Desguinlei Zuidkant
668,Desguinlei 100,2023-02-01,01:00:00,1,0,1,FMN 21 Desguinlei Zuidkant
668,Desguinlei 100,2023-02-01,02:00:00,1,0,1,FMN 21 Desguinlei Zuidkant
668,Desguinlei 100,2023-02-01,03:00:00,1,0,1,FMN 21 Desguinlei Zuidkant
668,Desguinlei 100,2023-02-01,04:00:00,6,3,3,FMN 21 Desguinlei Zuidkant
668,Desguinlei 100,2023-02-01,05:00:00,8,2,6,FMN 21 Desguinlei Zuidkant
668,Desguinlei 100,2023-02-01,06:00:00,25,8,17,FMN 21 Desguinlei Zuidkant
668,Desguinlei 100,2023-02-01,07:00:00,51,16,35,FMN 21 Desguinlei Zuidkant
668,Desguinlei 100,2023-02-01,08:00:00,91,31,60,FMN 21 Desguinlei Zuidkant
668,Desguinlei 100,2023-02-01,09:00:00,44,17,27,FMN 21 Desguinlei Zuidkant
668,Desguinlei 100,2023-02-01,10:00:00,38,12,26,FMN 21 Desguinlei Zuidkant
668,Desguinlei 100,2023-02-01,11:00:00,39,10,29,FMN 21 Desguinlei Zuidkant
668,Desguinlei 100,2023-02-01,12:00:00,76,18,58,FMN 21 Desguinlei Zuidkant
668,Desguinlei 100,2023-02-01,13:00:00,57,15,42,FMN 21 Desguinlei Zuidkant
668,Desguinlei 100,2023-02-01,14:00:00,50,14,36,FMN 21 Desguinlei Zuidkant
668,Desguinlei 100,2023-02-01,15:00:00,64,18,46,FMN 21 Desguinlei Zuidkant
668,Desguinlei 100,2023-02-01,16:00:00,83,15,68,FMN 21 Desguinlei Zuidkant
668,Desguinlei 100,2023-02-01,17:00:00,96,21,75,FMN 21 Desguinlei Zuidkant
668,Desguinlei 100,2023-02-01,18:00:00,84,24,60,FMN 21 Desguinlei Zuidkant
668,Desguinlei 100,2023-02-01,19:00:00,53,18,35,FMN 21 Desguinlei Zuidkant
668,Desguinlei 100,2023-02-01,20:00:00,30,13,17,FMN 21 Desguinlei Zuidkant
668,Desguinlei 100,2023-02-01,21:00:00,29,14,15,FMN 21 Desguinlei Zuidkant
668,Desguinlei 100,2023-02-01,22:00:00,20,5,15,FMN 21 Desguinlei Zuidkant
668,Desguinlei 100,2023-02-01,23:00:00,11,3,8,FMN 21 Desguinlei Zuidkant
668,Desguinlei 100,2023-02-02,00:00:00,0,0,0,FMN 21 Desguinlei Zuidkant
668,Desguinlei 100,2023-02-02,01:00:00,4,1,3,FMN 21 Desguinlei Zuidkant
668,Desguinlei 100,2023-02-02,02:00:00,3,0,3,FMN 21 Desguinlei Zuidkant
668,Desguinlei 100,2023-02-02,03:00:00,1,0,1,FMN 21 Desguinlei Zuidkant
668,Desguinlei 100,2023-02-02,04:00:00,12,4,8,FMN 21 Desguinlei Zuidkant
668,Desguinlei 100,2023-02-02,05:00:00,11,2,9,FMN 21 Desguinlei Zuidkant
668,Desguinlei 100,2023-02-02,06:00:00,54,15,39,FMN 21 Desguinlei Zuidkant
668,Desguinlei 100,2023-02-02,07:00:00,106,36,70,FMN 21 Desguinlei Zuidkant
668,Desguinlei 100,2023-02-02,08:00:00,168,66,102,FMN 21 Desguinlei Zuidkant
668,Desguinlei 100,2023-02-02,09:00:00,89,39,50,FMN 21 Desguinlei Zuidkant
668,Desguinlei 100,2023-02-02,10:00:00,69,21,48,FMN 21 Desguinlei Zuidkant
668,Desguinlei 100,2023-02-02,11:00:00,65,20,45,FMN 21 Desguinlei Zuidkant
668,Desguinlei 100,2023-02-02,12:00:00,90,31,59,FMN 21 Desguinlei Zuidkant
668,Desguinlei 100,2023-02-02,13:00:00,83,25,58,FMN 21 Desguinlei Zuidkant
668,Desguinlei 100,2023-02-02,14:00:00,76,34,42,FMN 21 Desguinlei Zuidkant
668,Desguinlei 100,2023-02-02,15:00:00,116,29,87,FMN 21 Desguinlei Zuidkant
668,Desguinlei 100,2023-02-02,16:00:00,177,38,139,FMN 21 Desguinlei Zuidkant
668,Desguinlei 100,2023-02-02,17:00:00,208,51,157,FMN 21 Desguinlei Zuidkant
668,Desguinlei 100,2023-02-02,18:00:00,159,40,119,FMN 21 Desguinlei Zuidkant
668,Desguinlei 100,2023-02-02,19:00:00,115,46,69,FMN 21 Desguinlei Zuidkant
668,Desguinlei 100,2023-02-02,20:00:00,72,27,45,FMN 21 Desguinlei Zuidkant
668,Desguinlei 100,2023-02-02,21:00:00,48,17,31,FMN 21 Desguinlei Zuidkant
668,Desguinlei 100,2023-02-02,22:00:00,44,12,32,FMN 21 Desguinlei Zuidkant
668,Desguinlei 100,2023-02-02,23:00:00,32,9,23,FMN 21 Desguinlei Zuidkant
668,Desguinlei 100,2023-02-03,00:00:00,9,3,6,FMN 21 Desguinlei Zuidkant
668,Desguinlei 100,2023-02-03,01:00:00,11,1,10,FMN 21 Desguinlei Zuidkant
668,Desguinlei 100,2023-02-03,02:00:00,2,0,2,FMN 21 Desguinlei Zuidkant
668,Desguinlei 100,2023-02-03,03:00:00,3,0,3,FMN 21 Desguinlei Zuidkant
668,Desguinlei 100,2023-02-03,04:00:00,8,5,3,FMN 21 Desguinlei Zuidkant
668,Desguinlei 100,2023-02-03,05:00:00,13,3,10,FMN 21 Desguinlei Zuidkant
668,Desguinlei 100,2023-02-03,06:00:00,39,16,23,FMN 21 Desguinlei Zuidkant
668,Desguinlei 100,2023-02-03,07:00:00,109,35,74,FMN 21 Desguinlei Zuidkant
668,Desguinlei 100,2023-02-03,08:00:00,175,83,92,FMN 21 Desguinlei Zuidkant
668,Desguinlei 100,2023-02-03,09:00:00,95,38,57,FMN 21 Desguinlei Zuidkant
668,Desguinlei 100,2023-02-03,10:00:00,81,31,50,FMN 21 Desguinlei Zuidkant
668,Desguinlei 100,2023-02-03,11:00:00,88,28,60,FMN 21 Desguinlei Zuidkant
668,Desguinlei 100,2023-02-03,12:00:00,128,30,98,FMN 21 Desguinlei Zuidkant
668,Desguinlei 100,2023-02-03,13:00:00,115,52,63,FMN 21 Desguinlei Zuidkant
668,Desguinlei 100,2023-02-03,14:00:00,103,16,87,FMN 21 Desguinlei Zuidkant
668,Desguinlei 100,2023-02-03,15:00:00,196,21,175,FMN 21 Desguinlei Zuidkant
668,Desguinlei 100,2023-02-03,16:00:00,187,32,155,FMN 21 Desguinlei Zuidkant
668,Desguinlei 100,2023-02-03,17:00:00,184,40,144,FMN 21 Desguinlei Zuidkant
668,Desguinlei 100,2023-02-03,18:00:00,146,44,102,FMN 21 Desguinlei Zuidkant
668,Desguinlei 100,2023-02-03,19:00:00,98,56,42,FMN 21 Desguinlei Zuidkant
668,Desguinlei 100,2023-02-03,20:00:00,73,20,53,FMN 21 Desguinlei Zuidkant
668,Desguinlei 100,2023-02-03,21:00:00,35,10,25,FMN 21 Desguinlei Zuidkant
668,Desguinlei 100,2023-02-03,22:00:00,76,22,54,FMN 21 Desguinlei Zuidkant
668,Desguinlei 100,2023-02-03,23:00:00,34,6,28,FMN 21 Desguinlei Zuidkant
668,Desguinlei 100,2023-02-04,00:00:00,33,8,25,FMN 21 Desguinlei Zuidkant
668,Desguinlei 100,2023-02-04,01:00:00,25,3,22,FMN 21 Desguinlei Zuidkant
668,Desguinlei 100,2023-02-04,02:00:00,19,7,12,FMN 21 Desguinlei Zuidkant
668,Desguinlei 100,2023-02-04,03:00:00,24,2,22,FMN 21 Desguinlei Zuidkant
668,Desguinlei 100,2023-02-04,04:00:00,11,2,9,FMN 21 Desguinlei Zuidkant
668,Desguinlei 100,2023-02-04,05:00:00,13,3,10,FMN 21 Desguinlei Zuidkant
668,Desguinlei 100,2023-02-04,06:00:00,24,4,20,FMN 21 Desguinlei Zuidkant
668,Desguinlei 100,2023-02-04,07:00:00,11,3,8,FMN 21 Desguinlei Zuidkant
668,Desguinlei 100,2023-02-04,08:00:00,28,8,20,FMN 21 Desguinlei Zuidkant
668,Desguinlei 100,2023-02-04,09:00:00,42,12,30,FMN 21 Desguinlei Zuidkant
668,Desguinlei 100,2023-02-04,10:00:00,38,13,25,FMN 21 Desguinlei Zuidkant
668,Desguinlei 100,2023-02-04,11:00:00,61,22,39,FMN 21 Desguinlei Zuidkant
668,Desguinlei 100,2023-02-04,12:00:00,61,18,43,FMN 21 Desguinlei Zuidkant
668,Desguinlei 100,2023-02-04,13:00:00,64,22,42,FMN 21 Desguinlei Zuidkant
668,Desguinlei 100,2023-02-04,14:00:00,58,18,40,FMN 21 Desguinlei Zuidkant
668,Desguinlei 100,2023-02-04,15:00:00,56,17,39,FMN 21 Desguinlei Zuidkant
668,Desguinlei 100,2023-02-04,16:00:00,86,12,74,FMN 21 Desguinlei Zuidkant
668,Desguinlei 100,2023-02-04,17:00:00,49,11,38,FMN 21 Desguinlei Zuidkant
668,Desguinlei 100,2023-02-04,18:00:00,61,13,48,FMN 21 Desguinlei Zuidkant
668,Desguinlei 100,2023-02-04,19:00:00,88,44,44,FMN 21 Desguinlei Zuidkant
668,Desguinlei 100,2023-02-04,20:00:00,44,13,31,FMN 21 Desguinlei Zuidkant
668,Desguinlei 100,2023-02-04,21:00:00,25,7,18,FMN 21 Desguinlei Zuidkant
668,Desguinlei 100,2023-02-04,22:00:00,28,2,26,FMN 21 Desguinlei Zuidkant
668,Desguinlei 100,2023-02-04,23:00:00,23,6,17,FMN 21 Desguinlei Zuidkant
668,Desguinlei 100,2023-02-05,00:00:00,28,6,22,FMN 21 Desguinlei Zuidkant
668,Desguinlei 100,2023-02-05,01:00:00,9,2,7,FMN 21 Desguinlei Zuidkant
668,Desguinlei 100,2023-02-05,02:00:00,12,2,10,FMN 21 Desguinlei Zuidkant
668,Desguinlei 100,2023-02-05,03:00:00,4,1,3,FMN 21 Desguinlei Zuidkant
668,Desguinlei 100,2023-02-05,04:00:00,13,2,11,FMN 21 Desguinlei Zuidkant
668,Desguinlei 100,2023-02-05,05:00:00,7,2,5,FMN 21 Desguinlei Zuidkant
668,Desguinlei 100,2023-02-05,06:00:00,5,1,4,FMN 21 Desguinlei Zuidkant
668,Desguinlei 100,2023-02-05,07:00:00,7,1,6,FMN 21 Desguinlei Zuidkant
668,Desguinlei 100,2023-02-05,08:00:00,14,3,11,FMN 21 Desguinlei Zuidkant
668,Desguinlei 100,2023-02-05,09:00:00,30,2,28,FMN 21 Desguinlei Zuidkant
668,Desguinlei 100,2023-02-05,10:00:00,54,25,29,FMN 21 Desguinlei Zuidkant
668,Desguinlei 100,2023-02-05,11:00:00,37,13,24,FMN 21 Desguinlei Zuidkant
668,Desguinlei 100,2023-02-05,12:00:00,45,15,30,FMN 21 Desguinlei Zuidkant
668,Desguinlei 100,2023-02-05,13:00:00,44,7,37,FMN 21 Desguinlei Zuidkant
668,Desguinlei 100,2023-02-05,14:00:00,36,9,27,FMN 21 Desguinlei Zuidkant
668,Desguinlei 100,2023-02-05,15:00:00,27,3,24,FMN 21 Desguinlei Zuidkant
668,Desguinlei 100,2023-02-05,16:00:00,55,11,44,FMN 21 Desguinlei Zuidkant
668,Desguinlei 100,2023-02-05,17:00:00,76,15,61,FMN 21 Desguinlei Zuidkant
668,Desguinlei 100,2023-02-05,18:00:00,38,10,28,FMN 21 Desguinlei Zuidkant
668,Desguinlei 100,2023-02-05,19:00:00,27,9,18,FMN 21 Desguinlei Zuidkant
668,Desguinlei 100,2023-02-05,20:00:00,26,12,14,FMN 21 Desguinlei Zuidkant
668,Desguinlei 100,2023-02-05,21:00:00,13,5,8,FMN 21 Desguinlei Zuidkant
668,Desguinlei 100,2023-02-05,22:00:00,21,9,12,FMN 21 Desguinlei Zuidkant
668,Desguinlei 100,2023-02-05,23:00:00,6,1,5,FMN 21 Desguinlei Zuidkant
668,Desguinlei 100,2023-02-06,00:00:00,5,0,5,FMN 21 Desguinlei Zuidkant
668,Desguinlei 100,2023-02-06,01:00:00,2,0,2,FMN 21 Desguinlei Zuidkant
668,Desguinlei 100,2023-02-06,02:00:00,0,0,0,FMN 21 Desguinlei Zuidkant
668,Desguinlei 100,2023-02-06,03:00:00,2,0,2,FMN 21 Desguinlei Zuidkant
668,Desguinlei 100,2023-02-06,04:00:00,5,1,4,FMN 21 Desguinlei Zuidkant
668,Desguinlei 100,2023-02-06,05:00:00,18,6,12,FMN 21 Desguinlei Zuidkant
668,Desguinlei 100,2023-02-06,06:00:00,45,16,29,FMN 21 Desguinlei Zuidkant
668,Desguinlei 100,2023-02-06,07:00:00,110,29,81,FMN 21 Desguinlei Zuidkant
668,Desguinlei 100,2023-02-06,08:00:00,215,82,133,FMN 21 Desguinlei Zuidkant
668,Desguinlei 100,2023-02-06,09:00:00,93,45,48,FMN 21 Desguinlei Zuidkant
668,Desguinlei 100,2023-02-06,10:00:00,79,27,52,FMN 21 Desguinlei Zuidkant
668,Desguinlei 100,2023-02-06,11:00:00,69,17,52,FMN 21 Desguinlei Zuidkant
668,Desguinlei 100,2023-02-06,12:00:00,91,17,74,FMN 21 Desguinlei Zuidkant
668,Desguinlei 100,2023-02-06,13:00:00,83,24,59,FMN 21 Desguinlei Zuidkant
668,Desguinlei 100,2023-02-06,14:00:00,104,20,84,FMN 21 Desguinlei Zuidkant
668,Desguinlei 100,2023-02-06,15:00:00,131,19,112,FMN 21 Desguinlei Zuidkant
668,Desguinlei 100,2023-02-06,16:00:00,182,27,155,FMN 21 Desguinlei Zuidkant
668,Desguinlei 100,2023-02-06,17:00:00,209,41,168,FMN 21 Desguinlei Zuidkant
668,Desguinlei 100,2023-02-06,18:00:00,192,47,145,FMN 21 Desguinlei Zuidkant
668,Desguinlei 100,2023-02-06,19:00:00,105,36,69,FMN 21 Desguinlei Zuidkant
668,Desguinlei 100,2023-02-06,20:00:00,68,27,41,FMN 21 Desguinlei Zuidkant
668,Desguinlei 100,2023-02-06,21:00:00,60,38,22,FMN 21 Desguinlei Zuidkant
668,Desguinlei 100,2023-02-06,22:00:00,46,17,29,FMN 21 Desguinlei Zuidkant
668,Desguinlei 100,2023-02-06,23:00:00,14,2,12,FMN 21 Desguinlei Zuidkant
668,Desguinlei 100,2023-02-07,00:00:00,5,1,4,FMN 21 Desguinlei Zuidkant
668,Desguinlei 100,2023-02-07,01:00:00,5,2,3,FMN 21 Desguinlei Zuidkant
668,Desguinlei 100,2023-02-07,02:00:00,0,0,0,FMN 21 Desguinlei Zuidkant
668,Desguinlei 100,2023-02-07,03:00:00,4,0,4,FMN 21 Desguinlei Zuidkant
668,Desguinlei 100,2023-02-07,04:00:00,7,2,5,FMN 21 Desguinlei Zuidkant
668,Desguinlei 100,2023-02-07,05:00:00,17,6,11,FMN 21 Desguinlei Zuidkant
668,Desguinlei 100,2023-02-07,06:00:00,47,15,32,FMN 21 Desguinlei Zuidkant
668,Desguinlei 100,2023-02-07,07:00:00,101,32,69,FMN 21 Desguinlei Zuidkant
668,Desguinlei 100,2023-02-07,08:00:00,189,82,107,FMN 21 Desguinlei Zuidkant
668,Desguinlei 100,2023-02-07,09:00:00,92,41,51,FMN 21 Desguinlei Zuidkant
668,Desguinlei 100,2023-02-07,10:00:00,60,20,40,FMN 21 Desguinlei Zuidkant
668,Desguinlei 100,2023-02-07,11:00:00,63,25,38,FMN 21 Desguinlei Zuidkant
668,Desguinlei 100,2023-02-07,12:00:00,97,25,72,FMN 21 Desguinlei Zuidkant
668,Desguinlei 100,2023-02-07,13:00:00,82,25,57,FMN 21 Desguinlei Zuidkant
668,Desguinlei 100,2023-02-07,14:00:00,56,15,41,FMN 21 Desguinlei Zuidkant
668,Desguinlei 100,2023-02-07,15:00:00,134,18,116,FMN 21 Desguinlei Zuidkant
668,Desguinlei 100,2023-02-07,16:00:00,218,45,173,FMN 21 Desguinlei Zuidkant
668,Desguinlei 100,2023-02-07,17:00:00,223,39,184,FMN 21 Desguinlei Zuidkant
668,Desguinlei 100,2023-02-07,18:00:00,182,45,137,FMN 21 Desguinlei Zuidkant
668,Desguinlei 100,2023-02-07,19:00:00,92,28,64,FMN 21 Desguinlei Zuidkant
668,Desguinlei 100,2023-02-07,20:00:00,60,36,24,FMN 21 Desguinlei Zuidkant
668,Desguinlei 100,2023-02-07,21:00:00,58,32,26,FMN 21 Desguinlei Zuidkant
668,Desguinlei 100,2023-02-07,22:00:00,51,14,37,FMN 21 Desguinlei Zuidkant
668,Desguinlei 100,2023-02-07,23:00:00,29,7,22,FMN 21 Desguinlei Zuidkant
668,Desguinlei 100,2023-02-08,00:00:00,3,0,3,FMN 21 Desguinlei Zuidkant
668,Desguinlei 100,2023-02-08,01:00:00,4,1,3,FMN 21 Desguinlei Zuidkant
668,Desguinlei 100,2023-02-08,02:00:00,2,1,1,FMN 21 Desguinlei Zuidkant
668,Desguinlei 100,2023-02-08,03:00:00,0,0,0,FMN 21 Desguinlei Zuidkant
668,Desguinlei 100,2023-02-08,04:00:00,10,2,8,FMN 21 Desguinlei Zuidkant
668,Desguinlei 100,2023-02-08,05:00:00,13,3,10,FMN 21 Desguinlei Zuidkant
668,Desguinlei 100,2023-02-08,06:00:00,35,13,22,FMN 21 Desguinlei Zuidkant
668,Desguinlei 100,2023-02-08,07:00:00,91,31,60,FMN 21 Desguinlei Zuidkant
668,Desguinlei 100,2023-02-08,08:00:00,159,59,100,FMN 21 Desguinlei Zuidkant
668,Desguinlei 100,2023-02-08,09:00:00,79,30,49,FMN 21 Desguinlei Zuidkant
668,Desguinlei 100,2023-02-08,10:00:00,59,25,34,FMN 21 Desguinlei Zuidkant
668,Desguinlei 100,2023-02-08,11:00:00,50,17,33,FMN 21 Desguinlei Zuidkant
668,Desguinlei 100,2023-02-08,12:00:00,149,45,104,FMN 21 Desguinlei Zuidkant
668,Desguinlei 100,2023-02-08,13:00:00,118,34,84,FMN 21 Desguinlei Zuidkant
668,Desguinlei 100,2023-02-08,14:00:00,88,27,61,FMN 21 Desguinlei Zuidkant
668,Desguinlei 100,2023-02-08,15:00:00,123,31,92,FMN 21 Desguinlei Zuidkant
668,Desguinlei 100,2023-02-08,16:00:00,170,37,133,FMN 21 Desguinlei Zuidkant
668,Desguinlei 100,2023-02-08,17:00:00,205,42,163,FMN 21 Desguinlei Zuidkant
668,Desguinlei 100,2023-02-08,18:00:00,151,43,108,FMN 21 Desguinlei Zuidkant
668,Desguinlei 100,2023-02-08,19:00:00,84,24,60,FMN 21 Desguinlei Zuidkant
668,Desguinlei 100,2023-02-08,20:00:00,63,33,30,FMN 21 Desguinlei Zuidkant
668,Desguinlei 100,2023-02-08,21:00:00,61,34,27,FMN 21 Desguinlei Zuidkant
668,Desguinlei 100,2023-02-08,22:00:00,48,10,38,FMN 21 Desguinlei Zuidkant
668,Desguinlei 100,2023-02-08,23:00:00,19,6,13,FMN 21 Desguinlei Zuidkant
668,Desguinlei 100,2023-02-09,00:00:00,9,0,9,FMN 21 Desguinlei Zuidkant
668,Desguinlei 100,2023-02-09,01:00:00,3,1,2,FMN 21 Desguinlei Zuidkant
668,Desguinlei 100,2023-02-09,02:00:00,0,0,0,FMN 21 Desguinlei Zuidkant
668,Desguinlei 100,2023-02-09,03:00:00,0,0,0,FMN 21 Desguinlei Zuidkant
668,Desguinlei 100,2023-02-09,04:00:00,8,1,7,FMN 21 Desguinlei Zuidkant
668,Desguinlei 100,2023-02-09,05:00:00,13,4,9,FMN 21 Desguinlei Zuidkant
668,Desguinlei 100,2023-02-09,06:00:00,34,13,21,FMN 21 Desguinlei Zuidkant
668,Desguinlei 100,2023-02-09,07:00:00,103,33,70,FMN 21 Desguinlei Zuidkant
668,Desguinlei 100,2023-02-09,08:00:00,188,83,105,FMN 21 Desguinlei Zuidkant
668,Desguinlei 100,2023-02-09,09:00:00,88,44,44,FMN 21 Desguinlei Zuidkant
668,Desguinlei 100,2023-02-09,10:00:00,61,24,37,FMN 21 Desguinlei Zuidkant
668,Desguinlei 100,2023-02-09,11:00:00,55,19,36,FMN 21 Desguinlei Zuidkant
668,Desguinlei 100,2023-02-09,12:00:00,106,28,78,FMN 21 Desguinlei Zuidkant
668,Desguinlei 100,2023-02-09,13:00:00,80,22,58,FMN 21 Desguinlei Zuidkant
668,Desguinlei 100,2023-02-09,14:00:00,81,22,59,FMN 21 Desguinlei Zuidkant
668,Desguinlei 100,2023-02-09,15:00:00,129,18,111,FMN 21 Desguinlei Zuidkant
668,Desguinlei 100,2023-02-09,16:00:00,194,36,158,FMN 21 Desguinlei Zuidkant
668,Desguinlei 100,2023-02-09,17:00:00,226,46,180,FMN 21 Desguinlei Zuidkant
668,Desguinlei 100,2023-02-09,18:00:00,161,58,103,FMN 21 Desguinlei Zuidkant
668,Desguinlei 100,2023-02-09,19:00:00,106,43,63,FMN 21 Desguinlei Zuidkant
668,Desguinlei 100,2023-02-09,20:00:00,70,32,38,FMN 21 Desguinlei Zuidkant
668,Desguinlei 100,2023-02-09,21:00:00,63,32,31,FMN 21 Desguinlei Zuidkant
668,Desguinlei 100,2023-02-09,22:00:00,56,18,38,FMN 21 Desguinlei Zuidkant
668,Desguinlei 100,2023-02-09,23:00:00,28,12,16,FMN 21 Desguinlei Zuidkant
668,Desguinlei 100,2023-02-10,00:00:00,9,3,6,FMN 21 Desguinlei Zuidkant
668,Desguinlei 100,2023-02-10,01:00:00,9,1,8,FMN 21 Desguinlei Zuidkant
668,Desguinlei 100,2023-02-10,02:00:00,4,1,3,FMN 21 Desguinlei Zuidkant
668,Desguinlei 100,2023-02-10,03:00:00,2,0,2,FMN 21 Desguinlei Zuidkant
668,Desguinlei 100,2023-02-10,04:00:00,7,2,5,FMN 21 Desguinlei Zuidkant
668,Desguinlei 100,2023-02-10,05:00:00,14,5,9,FMN 21 Desguinlei Zuidkant
668,Desguinlei 100,2023-02-10,06:00:00,29,11,18,FMN 21 Desguinlei Zuidkant
668,Desguinlei 100,2023-02-10,07:00:00,94,26,68,FMN 21 Desguinlei Zuidkant
668,Desguinlei 100,2023-02-10,08:00:00,146,54,92,FMN 21 Desguinlei Zuidkant
668,Desguinlei 100,2023-02-10,09:00:00,100,38,62,FMN 21 Desguinlei Zuidkant
668,Desguinlei 100,2023-02-10,10:00:00,68,27,41,FMN 21 Desguinlei Zuidkant
668,Desguinlei 100,2023-02-10,11:00:00,65,28,37,FMN 21 Desguinlei Zuidkant
668,Desguinlei 100,2023-02-10,12:00:00,77,17,60,FMN 21 Desguinlei Zuidkant
668,Desguinlei 100,2023-02-10,13:00:00,81,23,58,FMN 21 Desguinlei Zuidkant
668,Desguinlei 100,2023-02-10,14:00:00,77,18,59,FMN 21 Desguinlei Zuidkant
668,Desguinlei 100,2023-02-10,15:00:00,99,21,78,FMN 21 Desguinlei Zuidkant
668,Desguinlei 100,2023-02-10,16:00:00,158,27,131,FMN 21 Desguinlei Zuidkant
668,Desguinlei 100,2023-02-10,17:00:00,126,30,96,FMN 21 Desguinlei Zuidkant
668,Desguinlei 100,2023-02-10,18:00:00,141,40,101,FMN 21 Desguinlei Zuidkant
668,Desguinlei 100,2023-02-10,19:00:00,85,41,44,FMN 21 Desguinlei Zuidkant
668,Desguinlei 100,2023-02-10,20:00:00,79,34,45,FMN 21 Desguinlei Zuidkant
668,Desguinlei 100,2023-02-10,21:00:00,50,9,41,FMN 21 Desguinlei Zuidkant
668,Desguinlei 100,2023-02-10,22:00:00,44,10,34,FMN 21 Desguinlei Zuidkant
668,Desguinlei 100,2023-02-10,23:00:00,33,2,31,FMN 21 Desguinlei Zuidkant
668,Desguinlei 100,2023-02-11,00:00:00,32,8,24,FMN 21 Desguinlei Zuidkant
668,Desguinlei 100,2023-02-11,01:00:00,23,7,16,FMN 21 Desguinlei Zuidkant
668,Desguinlei 100,2023-02-11,02:00:00,13,2,11,FMN 21 Desguinlei Zuidkant
668,Desguinlei 100,2023-02-11,03:00:00,10,3,7,FMN 21 Desguinlei Zuidkant
668,Desguinlei 100,2023-02-11,04:00:00,14,3,11,FMN 21 Desguinlei Zuidkant
668,Desguinlei 100,2023-02-11,05:00:00,14,3,11,FMN 21 Desguinlei Zuidkant
668,Desguinlei 100,2023-02-11,06:00:00,15,1,14,FMN 21 Desguinlei Zuidkant
668,Desguinlei 100,2023-02-11,07:00:00,19,6,13,FMN 21 Desguinlei Zuidkant
668,Desguinlei 100,2023-02-11,08:00:00,27,8,19,FMN 21 Desguinlei Zuidkant
668,Desguinlei 100,2023-02-11,09:00:00,45,8,37,FMN 21 Desguinlei Zuidkant
668,Desguinlei 100,2023-02-11,10:00:00,56,9,47,FMN 21 Desguinlei Zuidkant
668,Desguinlei 100,2023-02-11,11:00:00,53,22,31,FMN 21 Desguinlei Zuidkant
668,Desguinlei 100,2023-02-11,12:00:00,53,18,35,FMN 21 Desguinlei Zuidkant
668,Desguinlei 100,2023-02-11,13:00:00,44,9,35,FMN 21 Desguinlei Zuidkant
668,Desguinlei 100,2023-02-11,14:00:00,62,14,48,FMN 21 Desguinlei Zuidkant
668,Desguinlei 100,2023-02-11,15:00:00,52,16,36,FMN 21 Desguinlei Zuidkant
668,Desguinlei 100,2023-02-11,16:00:00,47,6,41,FMN 21 Desguinlei Zuidkant
668,Desguinlei 100,2023-02-11,17:00:00,63,13,50,FMN 21 Desguinlei Zuidkant
668,Desguinlei 100,2023-02-11,18:00:00,69,28,41,FMN 21 Desguinlei Zuidkant
668,Desguinlei 100,2023-02-11,19:00:00,68,29,39,FMN 21 Desguinlei Zuidkant
668,Desguinlei 100,2023-02-11,20:00:00,34,17,17,FMN 21 Desguinlei Zuidkant
668,Desguinlei 100,2023-02-11,21:00:00,41,15,26,FMN 21 Desguinlei Zuidkant
668,Desguinlei 100,2023-02-11,22:00:00,26,6,20,FMN 21 Desguinlei Zuidkant
668,Desguinlei 100,2023-02-11,23:00:00,32,8,24,FMN 21 Desguinlei Zuidkant
668,Desguinlei 100,2023-02-12,00:00:00,20,5,15,FMN 21 Desguinlei Zuidkant
668,Desguinlei 100,2023-02-12,01:00:00,25,7,18,FMN 21 Desguinlei Zuidkant
668,Desguinlei 100,2023-02-12,02:00:00,20,5,15,FMN 21 Desguinlei Zuidkant
668,Desguinlei 100,2023-02-12,03:00:00,13,0,13,FMN 21 Desguinlei Zuidkant
668,Desguinlei 100,2023-02-12,04:00:00,5,1,4,FMN 21 Desguinlei Zuidkant
668,Desguinlei 100,2023-02-12,05:00:00,13,1,12,FMN 21 Desguinlei Zuidkant
668,Desguinlei 100,2023-02-12,06:00:00,9,1,8,FMN 21 Desguinlei Zuidkant
668,Desguinlei 100,2023-02-12,07:00:00,18,2,16,FMN 21 Desguinlei Zuidkant
668,Desguinlei 100,2023-02-12,08:00:00,6,0,6,FMN 21 Desguinlei Zuidkant
668,Desguinlei 100,2023-02-12,09:00:00,43,14,29,FMN 21 Desguinlei Zuidkant
668,Desguinlei 100,2023-02-12,10:00:00,43,12,31,FMN 21 Desguinlei Zuidkant
668,Desguinlei 100,2023-02-12,11:00:00,56,21,35,FMN 21 Desguinlei Zuidkant
668,Desguinlei 100,2023-02-12,12:00:00,52,10,42,FMN 21 Desguinlei Zuidkant
668,Desguinlei 100,2023-02-12,13:00:00,57,19,38,FMN 21 Desguinlei Zuidkant
668,Desguinlei 100,2023-02-12,14:00:00,54,18,36,FMN 21 Desguinlei Zuidkant
668,Desguinlei 100,2023-02-12,15:00:00,65,16,49,FMN 21 Desguinlei Zuidkant
668,Desguinlei 100,2023-02-12,16:00:00,52,12,40,FMN 21 Desguinlei Zuidkant
668,Desguinlei 100,2023-02-12,17:00:00,56,10,46,FMN 21 Desguinlei Zuidkant
668,Desguinlei 100,2023-02-12,18:00:00,69,25,44,FMN 21 Desguinlei Zuidkant
668,Desguinlei 100,2023-02-12,19:00:00,28,10,18,FMN 21 Desguinlei Zuidkant
668,Desguinlei 100,2023-02-12,20:00:00,31,13,18,FMN 21 Desguinlei Zuidkant
668,Desguinlei 100,2023-02-12,21:00:00,39,7,32,FMN 21 Desguinlei Zuidkant
668,Desguinlei 100,2023-02-12,22:00:00,16,4,12,FMN 21 Desguinlei Zuidkant
668,Desguinlei 100,2023-02-12,23:00:00,14,6,8,FMN 21 Desguinlei Zuidkant
668,Desguinlei 100,2023-02-13,00:00:00,6,1,5,FMN 21 Desguinlei Zuidkant
668,Desguinlei 100,2023-02-13,01:00:00,4,1,3,FMN 21 Desguinlei Zuidkant
668,Desguinlei 100,2023-02-13,02:00:00,0,0,0,FMN 21 Desguinlei Zuidkant
668,Desguinlei 100,2023-02-13,03:00:00,3,2,1,FMN 21 Desguinlei Zuidkant
668,Desguinlei 100,2023-02-13,04:00:00,9,3,6,FMN 21 Desguinlei Zuidkant
668,Desguinlei 100,2023-02-13,05:00:00,17,3,14,FMN 21 Desguinlei Zuidkant
668,Desguinlei 100,2023-02-13,06:00:00,42,19,23,FMN 21 Desguinlei Zuidkant
668,Desguinlei 100,2023-02-13,07:00:00,109,36,73,FMN 21 Desguinlei Zuidkant
668,Desguinlei 100,2023-02-13,08:00:00,203,85,118,FMN 21 Desguinlei Zuidkant
668,Desguinlei 100,2023-02-13,09:00:00,94,47,47,FMN 21 Desguinlei Zuidkant
668,Desguinlei 100,2023-02-13,10:00:00,75,26,49,FMN 21 Desguinlei Zuidkant
668,Desguinlei 100,2023-02-13,11:00:00,49,17,32,FMN 21 Desguinlei Zuidkant
668,Desguinlei 100,2023-02-13,12:00:00,105,29,76,FMN 21 Desguinlei Zuidkant
668,Desguinlei 100,2023-02-13,13:00:00,150,55,95,FMN 21 Desguinlei Zuidkant
668,Desguinlei 100,2023-02-13,14:00:00,124,36,88,FMN 21 Desguinlei Zuidkant
668,Desguinlei 100,2023-02-13,15:00:00,176,40,136,FMN 21 Desguinlei Zuidkant
668,Desguinlei 100,2023-02-13,16:00:00,227,50,177,FMN 21 Desguinlei Zuidkant
668,Desguinlei 100,2023-02-13,17:00:00,253,56,197,FMN 21 Desguinlei Zuidkant
668,Desguinlei 100,2023-02-13,18:00:00,205,52,153,FMN 21 Desguinlei Zuidkant
668,Desguinlei 100,2023-02-13,19:00:00,117,35,82,FMN 21 Desguinlei Zuidkant
668,Desguinlei 100,2023-02-13,20:00:00,83,34,49,FMN 21 Desguinlei Zuidkant
668,Desguinlei 100,2023-02-13,21:00:00,63,38,25,FMN 21 Desguinlei Zuidkant
668,Desguinlei 100,2023-02-13,22:00:00,42,16,26,FMN 21 Desguinlei Zuidkant
668,Desguinlei 100,2023-02-13,23:00:00,14,6,8,FMN 21 Desguinlei Zuidkant
668,Desguinlei 100,2023-02-14,00:00:00,4,1,3,FMN 21 Desguinlei Zuidkant
668,Desguinlei 100,2023-02-14,01:00:00,6,1,5,FMN 21 Desguinlei Zuidkant
668,Desguinlei 100,2023-02-14,02:00:00,3,1,2,FMN 21 Desguinlei Zuidkant
668,Desguinlei 100,2023-02-14,03:00:00,4,2,2,FMN 21 Desguinlei Zuidkant
668,Desguinlei 100,2023-02-14,04:00:00,9,2,7,FMN 21 Desguinlei Zuidkant
668,Desguinlei 100,2023-02-14,05:00:00,10,2,8,FMN 21 Desguinlei Zuidkant
668,Desguinlei 100,2023-02-14,06:00:00,50,19,31,FMN 21 Desguinlei Zuidkant
668,Desguinlei 100,2023-02-14,07:00:00,139,37,102,FMN 21 Desguinlei Zuidkant
668,Desguinlei 100,2023-02-14,08:00:00,231,82,149,FMN 21 Desguinlei Zuidkant
668,Desguinlei 100,2023-02-14,09:00:00,121,53,68,FMN 21 Desguinlei Zuidkant
668,Desguinlei 100,2023-02-14,10:00:00,85,35,50,FMN 21 Desguinlei Zuidkant
668,Desguinlei 100,2023-02-14,11:00:00,79,27,52,FMN 21 Desguinlei Zuidkant
668,Desguinlei 100,2023-02-14,12:00:00,107,32,75,FMN 21 Desguinlei Zuidkant
668,Desguinlei 100,2023-02-14,13:00:00,129,45,84,FMN 21 Desguinlei Zuidkant
668,Desguinlei 100,2023-02-14,14:00:00,103,30,73,FMN 21 Desguinlei Zuidkant
668,Desguinlei 100,2023-02-14,15:00:00,190,39,151,FMN 21 Desguinlei Zuidkant
668,Desguinlei 100,2023-02-14,16:00:00,248,46,202,FMN 21 Desguinlei Zuidkant
668,Desguinlei 100,2023-02-14,17:00:00,279,66,213,FMN 21 Desguinlei Zuidkant
668,Desguinlei 100,2023-02-14,18:00:00,191,46,145,FMN 21 Desguinlei Zuidkant
668,Desguinlei 100,2023-02-14,19:00:00,94,24,70,FMN 21 Desguinlei Zuidkant
668,Desguinlei 100,2023-02-14,20:00:00,81,31,50,FMN 21 Desguinlei Zuidkant
668,Desguinlei 100,2023-02-14,21:00:00,56,18,38,FMN 21 Desguinlei Zuidkant
668,Desguinlei 100,2023-02-14,22:00:00,46,20,26,FMN 21 Desguinlei Zuidkant
668,Desguinlei 100,2023-02-14,23:00:00,30,15,15,FMN 21 Desguinlei Zuidkant
668,Desguinlei 100,2023-02-15,00:00:00,10,2,8,FMN 21 Desguinlei Zuidkant
668,Desguinlei 100,2023-02-15,01:00:00,8,3,5,FMN 21 Desguinlei Zuidkant
668,Desguinlei 100,2023-02-15,02:00:00,5,0,5,FMN 21 Desguinlei Zuidkant
668,Desguinlei 100,2023-02-15,03:00:00,1,1,0,FMN 21 Desguinlei Zuidkant
668,Desguinlei 100,2023-02-15,04:00:00,9,3,6,FMN 21 Desguinlei Zuidkant
668,Desguinlei 100,2023-02-15,05:00:00,13,1,12,FMN 21 Desguinlei Zuidkant
668,Desguinlei 100,2023-02-15,06:00:00,45,19,26,FMN 21 Desguinlei Zuidkant
668,Desguinlei 100,2023-02-15,07:00:00,114,32,82,FMN 21 Desguinlei Zuidkant
668,Desguinlei 100,2023-02-15,08:00:00,215,75,140,FMN 21 Desguinlei Zuidkant
668,Desguinlei 100,2023-02-15,09:00:00,92,34,58,FMN 21 Desguinlei Zuidkant
668,Desguinlei 100,2023-02-15,10:00:00,79,25,54,FMN 21 Desguinlei Zuidkant
668,Desguinlei 100,2023-02-15,11:00:00,64,18,46,FMN 21 Desguinlei Zuidkant
668,Desguinlei 100,2023-02-15,12:00:00,173,50,123,FMN 21 Desguinlei Zuidkant
668,Desguinlei 100,2023-02-15,13:00:00,117,43,74,FMN 21 Desguinlei Zuidkant
668,Desguinlei 100,2023-02-15,14:00:00,98,21,77,FMN 21 Desguinlei Zuidkant
668,Desguinlei 100,2023-02-15,15:00:00,159,57,102,FMN 21 Desguinlei Zuidkant
668,Desguinlei 100,2023-02-15,16:00:00,232,46,186,FMN 21 Desguinlei Zuidkant
668,Desguinlei 100,2023-02-15,17:00:00,250,65,185,FMN 21 Desguinlei Zuidkant
668,Desguinlei 100,2023-02-15,18:00:00,168,45,123,FMN 21 Desguinlei Zuidkant
668,Desguinlei 100,2023-02-15,19:00:00,116,48,68,FMN 21 Desguinlei Zuidkant
668,Desguinlei 100,2023-02-15,20:00:00,71,33,38,FMN 21 Desguinlei Zuidkant
668,Desguinlei 100,2023-02-15,21:00:00,62,31,31,FMN 21 Desguinlei Zuidkant
668,Desguinlei 100,2023-02-15,22:00:00,46,10,36,FMN 21 Desguinlei Zuidkant
668,Desguinlei 100,2023-02-15,23:00:00,24,10,14,FMN 21 Desguinlei Zuidkant
668,Desguinlei 100,2023-02-16,00:00:00,8,2,6,FMN 21 Desguinlei Zuidkant
668,Desguinlei 100,2023-02-16,01:00:00,4,1,3,FMN 21 Desguinlei Zuidkant
668,Desguinlei 100,2023-02-16,02:00:00,3,1,2,FMN 21 Desguinlei Zuidkant
668,Desguinlei 100,2023-02-16,03:00:00,4,0,4,FMN 21 Desguinlei Zuidkant
668,Desguinlei 100,2023-02-16,04:00:00,15,2,13,FMN 21 Desguinlei Zuidkant
668,Desguinlei 100,2023-02-16,05:00:00,24,6,18,FMN 21 Desguinlei Zuidkant
668,Desguinlei 100,2023-02-16,06:00:00,46,15,31,FMN 21 Desguinlei Zuidkant
668,Desguinlei 100,2023-02-16,07:00:00,127,39,88,FMN 21 Desguinlei Zuidkant
668,Desguinlei 100,2023-02-16,08:00:00,213,85,128,FMN 21 Desguinlei Zuidkant
668,Desguinlei 100,2023-02-16,09:00:00,113,46,67,FMN 21 Desguinlei Zuidkant
668,Desguinlei 100,2023-02-16,10:00:00,81,30,51,FMN 21 Desguinlei Zuidkant
668,Desguinlei 100,2023-02-16,11:00:00,58,20,38,FMN 21 Desguinlei Zuidkant
668,Desguinlei 100,2023-02-16,12:00:00,88,24,64,FMN 21 Desguinlei Zuidkant
668,Desguinlei 100,2023-02-16,13:00:00,82,22,60,FMN 21 Desguinlei Zuidkant
668,Desguinlei 100,2023-02-16,14:00:00,81,19,62,FMN 21 Desguinlei Zuidkant
668,Desguinlei 100,2023-02-16,15:00:00,123,23,100,FMN 21 Desguinlei Zuidkant
668,Desguinlei 100,2023-02-16,16:00:00,215,43,172,FMN 21 Desguinlei Zuidkant
668,Desguinlei 100,2023-02-16,17:00:00,223,49,174,FMN 21 Desguinlei Zuidkant
668,Desguinlei 100,2023-02-16,18:00:00,172,38,134,FMN 21 Desguinlei Zuidkant
668,Desguinlei 100,2023-02-16,19:00:00,103,44,59,FMN 21 Desguinlei Zuidkant
668,Desguinlei 100,2023-02-16,20:00:00,95,38,57,FMN 21 Desguinlei Zuidkant
668,Desguinlei 100,2023-02-16,21:00:00,74,32,42,FMN 21 Desguinlei Zuidkant
668,Desguinlei 100,2023-02-16,22:00:00,70,17,53,FMN 21 Desguinlei Zuidkant
668,Desguinlei 100,2023-02-16,23:00:00,27,6,21,FMN 21 Desguinlei Zuidkant
668,Desguinlei 100,2023-02-17,00:00:00,28,8,20,FMN 21 Desguinlei Zuidkant
668,Desguinlei 100,2023-02-17,01:00:00,6,1,5,FMN 21 Desguinlei Zuidkant
668,Desguinlei 100,2023-02-17,02:00:00,4,1,3,FMN 21 Desguinlei Zuidkant
668,Desguinlei 100,2023-02-17,03:00:00,11,2,9,FMN 21 Desguinlei Zuidkant
668,Desguinlei 100,2023-02-17,04:00:00,13,1,12,FMN 21 Desguinlei Zuidkant
668,Desguinlei 100,2023-02-17,05:00:00,25,2,23,FMN 21 Desguinlei Zuidkant
668,Desguinlei 100,2023-02-17,06:00:00,45,14,31,FMN 21 Desguinlei Zuidkant
668,Desguinlei 100,2023-02-17,07:00:00,105,37,68,FMN 21 Desguinlei Zuidkant
668,Desguinlei 100,2023-02-17,08:00:00,199,80,119,FMN 21 Desguinlei Zuidkant
668,Desguinlei 100,2023-02-17,09:00:00,74,33,41,FMN 21 Desguinlei Zuidkant
668,Desguinlei 100,2023-02-17,10:00:00,62,14,48,FMN 21 Desguinlei Zuidkant
668,Desguinlei 100,2023-02-17,11:00:00,66,20,46,FMN 21 Desguinlei Zuidkant
668,Desguinlei 100,2023-02-17,12:00:00,86,30,56,FMN 21 Desguinlei Zuidkant
668,Desguinlei 100,2023-02-17,13:00:00,82,25,57,FMN 21 Desguinlei Zuidkant
668,Desguinlei 100,2023-02-17,14:00:00,79,22,57,FMN 21 Desguinlei Zuidkant
668,Desguinlei 100,2023-02-17,15:00:00,129,20,109,FMN 21 Desguinlei Zuidkant
668,Desguinlei 100,2023-02-17,16:00:00,168,26,142,FMN 21 Desguinlei Zuidkant
668,Desguinlei 100,2023-02-17,17:00:00,172,38,134,FMN 21 Desguinlei Zuidkant
668,Desguinlei 100,2023-02-17,18:00:00,143,63,80,FMN 21 Desguinlei Zuidkant
668,Desguinlei 100,2023-02-17,19:00:00,78,29,49,FMN 21 Desguinlei Zuidkant
668,Desguinlei 100,2023-02-17,20:00:00,55,21,34,FMN 21 Desguinlei Zuidkant
668,Desguinlei 100,2023-02-17,21:00:00,39,14,25,FMN 21 Desguinlei Zuidkant
668,Desguinlei 100,2023-02-17,22:00:00,47,12,35,FMN 21 Desguinlei Zuidkant
668,Desguinlei 100,2023-02-17,23:00:00,35,6,29,FMN 21 Desguinlei Zuidkant
668,Desguinlei 100,2023-02-18,00:00:00,19,5,14,FMN 21 Desguinlei Zuidkant
668,Desguinlei 100,2023-02-18,01:00:00,18,4,14,FMN 21 Desguinlei Zuidkant
668,Desguinlei 100,2023-02-18,02:00:00,14,4,10,FMN 21 Desguinlei Zuidkant
668,Desguinlei 100,2023-02-18,03:00:00,12,2,10,FMN 21 Desguinlei Zuidkant
668,Desguinlei 100,2023-02-18,04:00:00,14,4,10,FMN 21 Desguinlei Zuidkant
668,Desguinlei 100,2023-02-18,05:00:00,5,0,5,FMN 21 Desguinlei Zuidkant
668,Desguinlei 100,2023-02-18,06:00:00,12,3,9,FMN 21 Desguinlei Zuidkant
668,Desguinlei 100,2023-02-18,07:00:00,18,3,15,FMN 21 Desguinlei Zuidkant
668,Desguinlei 100,2023-02-18,08:00:00,30,9,21,FMN 21 Desguinlei Zuidkant
668,Desguinlei 100,2023-02-18,09:00:00,41,12,29,FMN 21 Desguinlei Zuidkant
668,Desguinlei 100,2023-02-18,10:00:00,50,16,34,FMN 21 Desguinlei Zuidkant
668,Desguinlei 100,2023-02-18,11:00:00,58,20,38,FMN 21 Desguinlei Zuidkant
668,Desguinlei 100,2023-02-18,12:00:00,68,22,46,FMN 21 Desguinlei Zuidkant
668,Desguinlei 100,2023-02-18,13:00:00,63,33,30,FMN 21 Desguinlei Zuidkant
668,Desguinlei 100,2023-02-18,14:00:00,55,20,35,FMN 21 Desguinlei Zuidkant
668,Desguinlei 100,2023-02-18,15:00:00,62,14,48,FMN 21 Desguinlei Zuidkant
668,Desguinlei 100,2023-02-18,16:00:00,60,15,45,FMN 21 Desguinlei Zuidkant
668,Desguinlei 100,2023-02-18,17:00:00,81,18,63,FMN 21 Desguinlei Zuidkant
668,Desguinlei 100,2023-02-18,18:00:00,70,20,50,FMN 21 Desguinlei Zuidkant
668,Desguinlei 100,2023-02-18,19:00:00,68,34,34,FMN 21 Desguinlei Zuidkant
668,Desguinlei 100,2023-02-18,20:00:00,32,14,18,FMN 21 Desguinlei Zuidkant
668,Desguinlei 100,2023-02-18,21:00:00,39,5,34,FMN 21 Desguinlei Zuidkant
668,Desguinlei 100,2023-02-18,22:00:00,34,11,23,FMN 21 Desguinlei Zuidkant
668,Desguinlei 100,2023-02-18,23:00:00,32,8,24,FMN 21 Desguinlei Zuidkant
668,Desguinlei 100,2023-02-19,00:00:00,22,3,19,FMN 21 Desguinlei Zuidkant
668,Desguinlei 100,2023-02-19,01:00:00,11,2,9,FMN 21 Desguinlei Zuidkant
668,Desguinlei 100,2023-02-19,02:00:00,19,3,16,FMN 21 Desguinlei Zuidkant
668,Desguinlei 100,2023-02-19,03:00:00,11,2,9,FMN 21 Desguinlei Zuidkant
668,Desguinlei 100,2023-02-19,04:00:00,11,1,10,FMN 21 Desguinlei Zuidkant
668,Desguinlei 100,2023-02-19,05:00:00,8,2,6,FMN 21 Desguinlei Zuidkant
668,Desguinlei 100,2023-02-19,06:00:00,6,1,5,FMN 21 Desguinlei Zuidkant
668,Desguinlei 100,2023-02-19,07:00:00,9,4,5,FMN 21 Desguinlei Zuidkant
668,Desguinlei 100,2023-02-19,08:00:00,15,1,14,FMN 21 Desguinlei Zuidkant
668,Desguinlei 100,2023-02-19,09:00:00,48,17,31,FMN 21 Desguinlei Zuidkant
668,Desguinlei 100,2023-02-19,10:00:00,74,20,54,FMN 21 Desguinlei Zuidkant
668,Desguinlei 100,2023-02-19,11:00:00,61,21,40,FMN 21 Desguinlei Zuidkant
668,Desguinlei 100,2023-02-19,12:00:00,55,16,39,FMN 21 Desguinlei Zuidkant
668,Desguinlei 100,2023-02-19,13:00:00,44,9,35,FMN 21 Desguinlei Zuidkant
668,Desguinlei 100,2023-02-19,14:00:00,86,36,50,FMN 21 Desguinlei Zuidkant
668,Desguinlei 100,2023-02-19,15:00:00,55,11,44,FMN 21 Desguinlei Zuidkant
668,Desguinlei 100,2023-02-19,16:00:00,65,8,57,FMN 21 Desguinlei Zuidkant
668,Desguinlei 100,2023-02-19,17:00:00,62,13,49,FMN 21 Desguinlei Zuidkant
668,Desguinlei 100,2023-02-19,18:00:00,62,13,49,FMN 21 Desguinlei Zuidkant
668,Desguinlei 100,2023-02-19,19:00:00,23,8,15,FMN 21 Desguinlei Zuidkant
668,Desguinlei 100,2023-02-19,20:00:00,27,15,12,FMN 21 Desguinlei Zuidkant
668,Desguinlei 100,2023-02-19,21:00:00,20,7,13,FMN 21 Desguinlei Zuidkant
668,Desguinlei 100,2023-02-19,22:00:00,20,12,8,FMN 21 Desguinlei Zuidkant
668,Desguinlei 100,2023-02-19,23:00:00,12,5,7,FMN 21 Desguinlei Zuidkant
668,Desguinlei 100,2023-02-20,00:00:00,7,2,5,FMN 21 Desguinlei Zuidkant
668,Desguinlei 100,2023-02-20,01:00:00,2,1,1,FMN 21 Desguinlei Zuidkant
668,Desguinlei 100,2023-02-20,02:00:00,1,0,1,FMN 21 Desguinlei Zuidkant
668,Desguinlei 100,2023-02-20,03:00:00,2,1,1,FMN 21 Desguinlei Zuidkant
668,Desguinlei 100,2023-02-20,04:00:00,9,2,7,FMN 21 Desguinlei Zuidkant
668,Desguinlei 100,2023-02-20,05:00:00,15,4,11,FMN 21 Desguinlei Zuidkant
668,Desguinlei 100,2023-02-20,06:00:00,44,19,25,FMN 21 Desguinlei Zuidkant
668,Desguinlei 100,2023-02-20,07:00:00,94,25,69,FMN 21 Desguinlei Zuidkant
668,Desguinlei 100,2023-02-20,08:00:00,179,60,119,FMN 21 Desguinlei Zuidkant
668,Desguinlei 100,2023-02-20,09:00:00,86,37,49,FMN 21 Desguinlei Zuidkant
668,Desguinlei 100,2023-02-20,10:00:00,58,21,37,FMN 21 Desguinlei Zuidkant
668,Desguinlei 100,2023-02-20,11:00:00,58,19,39,FMN 21 Desguinlei Zuidkant
668,Desguinlei 100,2023-02-20,12:00:00,82,19,63,FMN 21 Desguinlei Zuidkant
668,Desguinlei 100,2023-02-20,13:00:00,69,18,51,FMN 21 Desguinlei Zuidkant
668,Desguinlei 100,2023-02-20,14:00:00,62,23,39,FMN 21 Desguinlei Zuidkant
668,Desguinlei 100,2023-02-20,15:00:00,82,12,70,FMN 21 Desguinlei Zuidkant
668,Desguinlei 100,2023-02-20,16:00:00,130,25,105,FMN 21 Desguinlei Zuidkant
668,Desguinlei 100,2023-02-20,17:00:00,151,38,113,FMN 21 Desguinlei Zuidkant
668,Desguinlei 100,2023-02-20,18:00:00,144,40,104,FMN 21 Desguinlei Zuidkant
668,Desguinlei 100,2023-02-20,19:00:00,76,28,48,FMN 21 Desguinlei Zuidkant
668,Desguinlei 100,2023-02-20,20:00:00,70,28,42,FMN 21 Desguinlei Zuidkant
668,Desguinlei 100,2023-02-20,21:00:00,46,30,16,FMN 21 Desguinlei Zuidkant
668,Desguinlei 100,2023-02-20,22:00:00,33,16,17,FMN 21 Desguinlei Zuidkant
668,Desguinlei 100,2023-02-20,23:00:00,21,4,17,FMN 21 Desguinlei Zuidkant
668,Desguinlei 100,2023-02-21,00:00:00,10,2,8,FMN 21 Desguinlei Zuidkant
668,Desguinlei 100,2023-02-21,01:00:00,5,1,4,FMN 21 Desguinlei Zuidkant
668,Desguinlei 100,2023-02-21,02:00:00,1,1,0,FMN 21 Desguinlei Zuidkant
668,Desguinlei 100,2023-02-21,03:00:00,3,1,2,FMN 21 Desguinlei Zuidkant
668,Desguinlei 100,2023-02-21,04:00:00,9,2,7,FMN 21 Desguinlei Zuidkant
668,Desguinlei 100,2023-02-21,05:00:00,14,3,11,FMN 21 Desguinlei Zuidkant
668,Desguinlei 100,2023-02-21,06:00:00,45,16,29,FMN 21 Desguinlei Zuidkant
668,Desguinlei 100,2023-02-21,07:00:00,96,32,64,FMN 21 Desguinlei Zuidkant
668,Desguinlei 100,2023-02-21,08:00:00,147,45,102,FMN 21 Desguinlei Zuidkant
668,Desguinlei 100,2023-02-21,09:00:00,71,23,48,FMN 21 Desguinlei Zuidkant
668,Desguinlei 100,2023-02-21,10:00:00,57,14,43,FMN 21 Desguinlei Zuidkant
668,Desguinlei 100,2023-02-21,11:00:00,55,14,41,FMN 21 Desguinlei Zuidkant
668,Desguinlei 100,2023-02-21,12:00:00,75,29,46,FMN 21 Desguinlei Zuidkant
668,Desguinlei 100,2023-02-21,13:00:00,62,15,47,FMN 21 Desguinlei Zuidkant
668,Desguinlei 100,2023-02-21,14:00:00,62,8,54,FMN 21 Desguinlei Zuidkant
668,Desguinlei 100,2023-02-21,15:00:00,77,17,60,FMN 21 Desguinlei Zuidkant
668,Desguinlei 100,2023-02-21,16:00:00,139,42,97,FMN 21 Desguinlei Zuidkant
668,Desguinlei 100,2023-02-21,17:00:00,167,31,136,FMN 21 Desguinlei Zuidkant
668,Desguinlei 100,2023-02-21,18:00:00,135,36,99,FMN 21 Desguinlei Zuidkant
668,Desguinlei 100,2023-02-21,19:00:00,91,21,70,FMN 21 Desguinlei Zuidkant
668,Desguinlei 100,2023-02-21,20:00:00,46,18,28,FMN 21 Desguinlei Zuidkant
668,Desguinlei 100,2023-02-21,21:00:00,40,19,21,FMN 21 Desguinlei Zuidkant
668,Desguinlei 100,2023-02-21,22:00:00,37,7,30,FMN 21 Desguinlei Zuidkant
668,Desguinlei 100,2023-02-21,23:00:00,20,9,11,FMN 21 Desguinlei Zuidkant
668,Desguinlei 100,2023-02-22,00:00:00,5,1,4,FMN 21 Desguinlei Zuidkant
668,Desguinlei 100,2023-02-22,01:00:00,5,0,5,FMN 21 Desguinlei Zuidkant
668,Desguinlei 100,2023-02-22,02:00:00,4,1,3,FMN 21 Desguinlei Zuidkant
668,Desguinlei 100,2023-02-22,03:00:00,1,1,0,FMN 21 Desguinlei Zuidkant
668,Desguinlei 100,2023-02-22,04:00:00,5,0,5,FMN 21 Desguinlei Zuidkant
668,Desguinlei 100,2023-02-22,05:00:00,15,4,11,FMN 21 Desguinlei Zuidkant
668,Desguinlei 100,2023-02-22,06:00:00,51,17,34,FMN 21 Desguinlei Zuidkant
668,Desguinlei 100,2023-02-22,07:00:00,83,24,59,FMN 21 Desguinlei Zuidkant
668,Desguinlei 100,2023-02-22,08:00:00,137,39,98,FMN 21 Desguinlei Zuidkant
668,Desguinlei 100,2023-02-22,09:00:00,69,25,44,FMN 21 Desguinlei Zuidkant
668,Desguinlei 100,2023-02-22,10:00:00,51,19,32,FMN 21 Desguinlei Zuidkant
668,Desguinlei 100,2023-02-22,11:00:00,52,20,32,FMN 21 Desguinlei Zuidkant
668,Desguinlei 100,2023-02-22,12:00:00,61,19,42,FMN 21 Desguinlei Zuidkant
668,Desguinlei 100,2023-02-22,13:00:00,63,16,47,FMN 21 Desguinlei Zuidkant
668,Desguinlei 100,2023-02-22,14:00:00,53,13,40,FMN 21 Desguinlei Zuidkant
668,Desguinlei 100,2023-02-22,15:00:00,85,16,69,FMN 21 Desguinlei Zuidkant
668,Desguinlei 100,2023-02-22,16:00:00,135,30,105,FMN 21 Desguinlei Zuidkant
668,Desguinlei 100,2023-02-22,17:00:00,161,30,131,FMN 21 Desguinlei Zuidkant
668,Desguinlei 100,2023-02-22,18:00:00,119,39,80,FMN 21 Desguinlei Zuidkant
668,Desguinlei 100,2023-02-22,19:00:00,89,38,51,FMN 21 Desguinlei Zuidkant
668,Desguinlei 100,2023-02-22,20:00:00,65,32,33,FMN 21 Desguinlei Zuidkant
668,Desguinlei 100,2023-02-22,21:00:00,48,20,28,FMN 21 Desguinlei Zuidkant
668,Desguinlei 100,2023-02-22,22:00:00,25,7,18,FMN 21 Desguinlei Zuidkant
668,Desguinlei 100,2023-02-22,23:00:00,24,9,15,FMN 21 Desguinlei Zuidkant
668,Desguinlei 100,2023-02-23,00:00:00,6,1,5,FMN 21 Desguinlei Zuidkant
668,Desguinlei 100,2023-02-23,01:00:00,11,1,10,FMN 21 Desguinlei Zuidkant
668,Desguinlei 100,2023-02-23,02:00:00,4,1,3,FMN 21 Desguinlei Zuidkant
668,Desguinlei 100,2023-02-23,03:00:00,2,1,1,FMN 21 Desguinlei Zuidkant
668,Desguinlei 100,2023-02-23,04:00:00,8,0,8,FMN 21 Desguinlei Zuidkant
668,Desguinlei 100,2023-02-23,05:00:00,14,4,10,FMN 21 Desguinlei Zuidkant
668,Desguinlei 100,2023-02-23,06:00:00,48,20,28,FMN 21 Desguinlei Zuidkant
668,Desguinlei 100,2023-02-23,07:00:00,78,16,62,FMN 21 Desguinlei Zuidkant
668,Desguinlei 100,2023-02-23,08:00:00,147,50,97,FMN 21 Desguinlei Zuidkant
668,Desguinlei 100,2023-02-23,09:00:00,89,24,65,FMN 21 Desguinlei Zuidkant
668,Desguinlei 100,2023-02-23,10:00:00,49,16,33,FMN 21 Desguinlei Zuidkant
668,Desguinlei 100,2023-02-23,11:00:00,51,16,35,FMN 21 Desguinlei Zuidkant
668,Desguinlei 100,2023-02-23,12:00:00,57,14,43,FMN 21 Desguinlei Zuidkant
668,Desguinlei 100,2023-02-23,13:00:00,59,22,37,FMN 21 Desguinlei Zuidkant
668,Desguinlei 100,2023-02-23,14:00:00,53,17,36,FMN 21 Desguinlei Zuidkant
668,Desguinlei 100,2023-02-23,15:00:00,75,20,55,FMN 21 Desguinlei Zuidkant
668,Desguinlei 100,2023-02-23,16:00:00,134,26,108,FMN 21 Desguinlei Zuidkant
668,Desguinlei 100,2023-02-23,17:00:00,156,28,128,FMN 21 Desguinlei Zuidkant
668,Desguinlei 100,2023-02-23,18:00:00,132,32,100,FMN 21 Desguinlei Zuidkant
668,Desguinlei 100,2023-02-23,19:00:00,129,49,80,FMN 21 Desguinlei Zuidkant
668,Desguinlei 100,2023-02-23,20:00:00,48,23,25,FMN 21 Desguinlei Zuidkant
668,Desguinlei 100,2023-02-23,21:00:00,49,24,25,FMN 21 Desguinlei Zuidkant
668,Desguinlei 100,2023-02-23,22:00:00,47,18,29,FMN 21 Desguinlei Zuidkant
668,Desguinlei 100,2023-02-23,23:00:00,31,10,21,FMN 21 Desguinlei Zuidkant
668,Desguinlei 100,2023-02-24,00:00:00,13,1,12,FMN 21 Desguinlei Zuidkant
668,Desguinlei 100,2023-02-24,01:00:00,6,0,6,FMN 21 Desguinlei Zuidkant
668,Desguinlei 100,2023-02-24,02:00:00,1,0,1,FMN 21 Desguinlei Zuidkant
668,Desguinlei 100,2023-02-24,03:00:00,2,1,1,FMN 21 Desguinlei Zuidkant
668,Desguinlei 100,2023-02-24,04:00:00,11,3,8,FMN 21 Desguinlei Zuidkant
668,Desguinlei 100,2023-02-24,05:00:00,15,2,13,FMN 21 Desguinlei Zuidkant
668,Desguinlei 100,2023-02-24,06:00:00,36,12,24,FMN 21 Desguinlei Zuidkant
668,Desguinlei 100,2023-02-24,07:00:00,68,19,49,FMN 21 Desguinlei Zuidkant
668,Desguinlei 100,2023-02-24,08:00:00,125,44,81,FMN 21 Desguinlei Zuidkant
668,Desguinlei 100,2023-02-24,09:00:00,67,19,48,FMN 21 Desguinlei Zuidkant
668,Desguinlei 100,2023-02-24,10:00:00,46,17,29,FMN 21 Desguinlei Zuidkant
668,Desguinlei 100,2023-02-24,11:00:00,48,11,37,FMN 21 Desguinlei Zuidkant
668,Desguinlei 100,2023-02-24,12:00:00,49,14,35,FMN 21 Desguinlei Zuidkant
668,Desguinlei 100,2023-02-24,13:00:00,85,25,60,FMN 21 Desguinlei Zuidkant
668,Desguinlei 100,2023-02-24,14:00:00,59,21,38,FMN 21 Desguinlei Zuidkant
668,Desguinlei 100,2023-02-24,15:00:00,73,18,55,FMN 21 Desguinlei Zuidkant
668,Desguinlei 100,2023-02-24,16:00:00,108,24,84,FMN 21 Desguinlei Zuidkant
668,Desguinlei 100,2023-02-24,17:00:00,139,33,106,FMN 21 Desguinlei Zuidkant
668,Desguinlei 100,2023-02-24,18:00:00,118,39,79,FMN 21 Desguinlei Zuidkant
668,Desguinlei 100,2023-02-24,19:00:00,71,23,48,FMN 21 Desguinlei Zuidkant
668,Desguinlei 100,2023-02-24,20:00:00,50,17,33,FMN 21 Desguinlei Zuidkant
668,Desguinlei 100,2023-02-24,21:00:00,32,7,25,FMN 21 Desguinlei Zuidkant
668,Desguinlei 100,2023-02-24,22:00:00,29,9,20,FMN 21 Desguinlei Zuidkant
668,Desguinlei 100,2023-02-24,23:00:00,31,14,17,FMN 21 Desguinlei Zuidkant
668,Desguinlei 100,2023-02-25,00:00:00,25,5,20,FMN 21 Desguinlei Zuidkant
668,Desguinlei 100,2023-02-25,01:00:00,16,3,13,FMN 21 Desguinlei Zuidkant
668,Desguinlei 100,2023-02-25,02:00:00,17,1,16,FMN 21 Desguinlei Zuidkant
668,Desguinlei 100,2023-02-25,03:00:00,20,3,17,FMN 21 Desguinlei Zuidkant
668,Desguinlei 100,2023-02-25,04:00:00,7,2,5,FMN 21 Desguinlei Zuidkant
668,Desguinlei 100,2023-02-25,05:00:00,9,1,8,FMN 21 Desguinlei Zuidkant
668,Desguinlei 100,2023-02-25,06:00:00,12,2,10,FMN 21 Desguinlei Zuidkant
668,Desguinlei 100,2023-02-25,07:00:00,23,5,18,FMN 21 Desguinlei Zuidkant
668,Desguinlei 100,2023-02-25,08:00:00,36,10,26,FMN 21 Desguinlei Zuidkant
668,Desguinlei 100,2023-02-25,09:00:00,61,13,48,FMN 21 Desguinlei Zuidkant
668,Desguinlei 100,2023-02-25,10:00:00,50,9,41,FMN 21 Desguinlei Zuidkant
668,Desguinlei 100,2023-02-25,11:00:00,57,25,32,FMN 21 Desguinlei Zuidkant
668,Desguinlei 100,2023-02-25,12:00:00,74,27,47,FMN 21 Desguinlei Zuidkant
668,Desguinlei 100,2023-02-25,13:00:00,60,16,44,FMN 21 Desguinlei Zuidkant
668,Desguinlei 100,2023-02-25,14:00:00,42,15,27,FMN 21 Desguinlei Zuidkant
668,Desguinlei 100,2023-02-25,15:00:00,45,9,36,FMN 21 Desguinlei Zuidkant
668,Desguinlei 100,2023-02-25,16:00:00,50,11,39,FMN 21 Desguinlei Zuidkant
668,Desguinlei 100,2023-02-25,17:00:00,60,16,44,FMN 21 Desguinlei Zuidkant
668,Desguinlei 100,2023-02-25,18:00:00,50,10,40,FMN 21 Desguinlei Zuidkant
668,Desguinlei 100,2023-02-25,19:00:00,38,12,26,FMN 21 Desguinlei Zuidkant
668,Desguinlei 100,2023-02-25,20:00:00,37,20,17,FMN 21 Desguinlei Zuidkant
668,Desguinlei 100,2023-02-25,21:00:00,27,13,14,FMN 21 Desguinlei Zuidkant
668,Desguinlei 100,2023-02-25,22:00:00,34,8,26,FMN 21 Desguinlei Zuidkant
668,Desguinlei 100,2023-02-25,23:00:00,26,5,21,FMN 21 Desguinlei Zuidkant
668,Desguinlei 100,2023-02-26,00:00:00,17,4,13,FMN 21 Desguinlei Zuidkant
668,Desguinlei 100,2023-02-26,01:00:00,12,3,9,FMN 21 Desguinlei Zuidkant
668,Desguinlei 100,2023-02-26,02:00:00,11,4,7,FMN 21 Desguinlei Zuidkant
668,Desguinlei 100,2023-02-26,03:00:00,10,3,7,FMN 21 Desguinlei Zuidkant
668,Desguinlei 100,2023-02-26,04:00:00,14,1,13,FMN 21 Desguinlei Zuidkant
668,Desguinlei 100,2023-02-26,05:00:00,17,3,14,FMN 21 Desguinlei Zuidkant
668,Desguinlei 100,2023-02-26,06:00:00,15,5,10,FMN 21 Desguinlei Zuidkant
668,Desguinlei 100,2023-02-26,07:00:00,9,2,7,FMN 21 Desguinlei Zuidkant
668,Desguinlei 100,2023-02-26,08:00:00,14,0,14,FMN 21 Desguinlei Zuidkant
668,Desguinlei 100,2023-02-26,09:00:00,56,15,41,FMN 21 Desguinlei Zuidkant
668,Desguinlei 100,2023-02-26,10:00:00,53,19,34,FMN 21 Desguinlei Zuidkant
668,Desguinlei 100,2023-02-26,11:00:00,34,19,15,FMN 21 Desguinlei Zuidkant
668,Desguinlei 100,2023-02-26,12:00:00,73,26,47,FMN 21 Desguinlei Zuidkant
668,Desguinlei 100,2023-02-26,13:00:00,56,22,34,FMN 21 Desguinlei Zuidkant
668,Desguinlei 100,2023-02-26,14:00:00,53,27,26,FMN 21 Desguinlei Zuidkant
668,Desguinlei 100,2023-02-26,15:00:00,45,14,31,FMN 21 Desguinlei Zuidkant
668,Desguinlei 100,2023-02-26,16:00:00,46,8,38,FMN 21 Desguinlei Zuidkant
668,Desguinlei 100,2023-02-26,17:00:00,68,12,56,FMN 21 Desguinlei Zuidkant
668,Desguinlei 100,2023-02-26,18:00:00,53,10,43,FMN 21 Desguinlei Zuidkant
668,Desguinlei 100,2023-02-26,19:00:00,19,10,9,FMN 21 Desguinlei Zuidkant
668,Desguinlei 100,2023-02-26,20:00:00,19,6,13,FMN 21 Desguinlei Zuidkant
668,Desguinlei 100,2023-02-26,21:00:00,19,1,18,FMN 21 Desguinlei Zuidkant
668,Desguinlei 100,2023-02-26,22:00:00,25,4,21,FMN 21 Desguinlei Zuidkant
668,Desguinlei 100,2023-02-26,23:00:00,12,1,11,FMN 21 Desguinlei Zuidkant
668,Desguinlei 100,2023-02-27,00:00:00,2,0,2,FMN 21 Desguinlei Zuidkant
668,Desguinlei 100,2023-02-27,01:00:00,2,1,1,FMN 21 Desguinlei Zuidkant
668,Desguinlei 100,2023-02-27,02:00:00,1,1,0,FMN 21 Desguinlei Zuidkant
668,Desguinlei 100,2023-02-27,03:00:00,1,0,1,FMN 21 Desguinlei Zuidkant
668,Desguinlei 100,2023-02-27,04:00:00,9,4,5,FMN 21 Desguinlei Zuidkant
668,Desguinlei 100,2023-02-27,05:00:00,7,0,7,FMN 21 Desguinlei Zuidkant
668,Desguinlei 100,2023-02-27,06:00:00,55,21,34,FMN 21 Desguinlei Zuidkant
668,Desguinlei 100,2023-02-27,07:00:00,108,37,71,FMN 21 Desguinlei Zuidkant
668,Desguinlei 100,2023-02-27,08:00:00,199,79,120,FMN 21 Desguinlei Zuidkant
668,Desguinlei 100,2023-02-27,09:00:00,91,48,43,FMN 21 Desguinlei Zuidkant
668,Desguinlei 100,2023-02-27,10:00:00,66,29,37,FMN 21 Desguinlei Zuidkant
668,Desguinlei 100,2023-02-27,11:00:00,62,18,44,FMN 21 Desguinlei Zuidkant
668,Desguinlei 100,2023-02-27,12:00:00,90,26,64,FMN 21 Desguinlei Zuidkant
668,Desguinlei 100,2023-02-27,13:00:00,131,42,89,FMN 21 Desguinlei Zuidkant
668,Desguinlei 100,2023-02-27,14:00:00,112,20,92,FMN 21 Desguinlei Zuidkant
668,Desguinlei 100,2023-02-27,15:00:00,168,33,135,FMN 21 Desguinlei Zuidkant
668,Desguinlei 100,2023-02-27,16:00:00,188,42,146,FMN 21 Desguinlei Zuidkant
668,Desguinlei 100,2023-02-27,17:00:00,225,41,184,FMN 21 Desguinlei Zuidkant
668,Desguinlei 100,2023-02-27,18:00:00,184,40,144,FMN 21 Desguinlei Zuidkant
668,Desguinlei 100,2023-02-27,19:00:00,91,30,61,FMN 21 Desguinlei Zuidkant
668,Desguinlei 100,2023-02-27,20:00:00,80,32,48,FMN 21 Desguinlei Zuidkant
668,Desguinlei 100,2023-02-27,21:00:00,66,33,33,FMN 21 Desguinlei Zuidkant
668,Desguinlei 100,2023-02-27,22:00:00,43,15,28,FMN 21 Desguinlei Zuidkant
668,Desguinlei 100,2023-02-27,23:00:00,5,2,3,FMN 21 Desguinlei Zuidkant
668,Desguinlei 100,2023-02-28,00:00:00,4,0,4,FMN 21 Desguinlei Zuidkant
668,Desguinlei 100,2023-02-28,01:00:00,4,1,3,FMN 21 Desguinlei Zuidkant
668,Desguinlei 100,2023-02-28,02:00:00,2,1,1,FMN 21 Desguinlei Zuidkant
668,Desguinlei 100,2023-02-28,03:00:00,0,0,0,FMN 21 Desguinlei Zuidkant
668,Desguinlei 100,2023-02-28,04:00:00,10,6,4,FMN 21 Desguinlei Zuidkant
668,Desguinlei 100,2023-02-28,05:00:00,7,3,4,FMN 21 Desguinlei Zuidkant
668,Desguinlei 100,2023-02-28,06:00:00,52,17,35,FMN 21 Desguinlei Zuidkant
668,Desguinlei 100,2023-02-28,07:00:00,114,34,80,FMN 21 Desguinlei Zuidkant
668,Desguinlei 100,2023-02-28,08:00:00,242,86,156,FMN 21 Desguinlei Zuidkant
668,Desguinlei 100,2023-02-28,09:00:00,105,48,57,FMN 21 Desguinlei Zuidkant
668,Desguinlei 100,2023-02-28,10:00:00,78,23,55,FMN 21 Desguinlei Zuidkant
668,Desguinlei 100,2023-02-28,11:00:00,64,23,41,FMN 21 Desguinlei Zuidkant
668,Desguinlei 100,2023-02-28,12:00:00,114,32,82,FMN 21 Desguinlei Zuidkant
668,Desguinlei 100,2023-02-28,13:00:00,93,34,59,FMN 21 Desguinlei Zuidkant
668,Desguinlei 100,2023-02-28,14:00:00,75,10,65,FMN 21 Desguinlei Zuidkant
668,Desguinlei 100,2023-02-28,15:00:00,136,31,105,FMN 21 Desguinlei Zuidkant
668,Desguinlei 100,2023-02-28,16:00:00,191,44,147,FMN 21 Desguinlei Zuidkant
668,Desguinlei 100,2023-02-28,17:00:00,201,40,161,FMN 21 Desguinlei Zuidkant
668,Desguinlei 100,2023-02-28,18:00:00,193,47,146,FMN 21 Desguinlei Zuidkant
668,Desguinlei 100,2023-02-28,19:00:00,124,41,83,FMN 21 Desguinlei Zuidkant
668,Desguinlei 100,2023-02-28,20:00:00,70,38,32,FMN 21 Desguinlei Zuidkant
668,Desguinlei 100,2023-02-28,21:00:00,49,32,17,FMN 21 Desguinlei Zuidkant
668,Desguinlei 100,2023-02-28,22:00:00,68,20,48,FMN 21 Desguinlei Zuidkant
668,Desguinlei 100,2023-02-28,23:00:00,24,8,16,FMN 21 Desguinlei Zuidkant
668,Desguinlei 100,2023-03-01,00:00:00,9,3,6,FMN 21 Desguinlei Zuidkant
668,Desguinlei 100,2023-03-01,01:00:00,7,0,7,FMN 21 Desguinlei Zuidkant
668,Desguinlei 100,2023-03-01,02:00:00,2,1,1,FMN 21 Desguinlei Zuidkant
668,Desguinlei 100,2023-03-01,03:00:00,2,1,1,FMN 21 Desguinlei Zuidkant
668,Desguinlei 100,2023-03-01,04:00:00,5,1,4,FMN 21 Desguinlei Zuidkant
668,Desguinlei 100,2023-03-01,05:00:00,19,5,14,FMN 21 Desguinlei Zuidkant
668,Desguinlei 100,2023-03-01,06:00:00,30,11,19,FMN 21 Desguinlei Zuidkant
668,Desguinlei 100,2023-03-01,07:00:00,95,38,57,FMN 21 Desguinlei Zuidkant
668,Desguinlei 100,2023-03-01,08:00:00,187,73,114,FMN 21 Desguinlei Zuidkant
668,Desguinlei 100,2023-03-01,09:00:00,93,35,58,FMN 21 Desguinlei Zuidkant
668,Desguinlei 100,2023-03-01,10:00:00,84,27,57,FMN 21 Desguinlei Zuidkant
668,Desguinlei 100,2023-03-01,11:00:00,83,28,55,FMN 21 Desguinlei Zuidkant
668,Desguinlei 100,2023-03-01,12:00:00,133,26,107,FMN 21 Desguinlei Zuidkant
668,Desguinlei 100,2023-03-01,13:00:00,116,31,85,FMN 21 Desguinlei Zuidkant
668,Desguinlei 100,2023-03-01,14:00:00,106,34,72,FMN 21 Desguinlei Zuidkant
668,Desguinlei 100,2023-03-01,15:00:00,123,35,88,FMN 21 Desguinlei Zuidkant
668,Desguinlei 100,2023-03-01,16:00:00,189,27,162,FMN 21 Desguinlei Zuidkant
668,Desguinlei 100,2023-03-01,17:00:00,228,48,180,FMN 21 Desguinlei Zuidkant
668,Desguinlei 100,2023-03-01,18:00:00,161,45,116,FMN 21 Desguinlei Zuidkant
668,Desguinlei 100,2023-03-01,19:00:00,109,37,72,FMN 21 Desguinlei Zuidkant
668,Desguinlei 100,2023-03-01,20:00:00,92,53,39,FMN 21 Desguinlei Zuidkant
668,Desguinlei 100,2023-03-01,21:00:00,74,38,36,FMN 21 Desguinlei Zuidkant
668,Desguinlei 100,2023-03-01,22:00:00,63,17,46,FMN 21 Desguinlei Zuidkant
668,Desguinlei 100,2023-03-01,23:00:00,21,7,14,FMN 21 Desguinlei Zuidkant
668,Desguinlei 100,2023-03-02,00:00:00,10,0,10,FMN 21 Desguinlei Zuidkant
668,Desguinlei 100,2023-03-02,01:00:00,5,1,4,FMN 21 Desguinlei Zuidkant
668,Desguinlei 100,2023-03-02,02:00:00,2,0,2,FMN 21 Desguinlei Zuidkant
668,Desguinlei 100,2023-03-02,03:00:00,4,1,3,FMN 21 Desguinlei Zuidkant
668,Desguinlei 100,2023-03-02,04:00:00,10,3,7,FMN 21 Desguinlei Zuidkant
668,Desguinlei 100,2023-03-02,05:00:00,9,3,6,FMN 21 Desguinlei Zuidkant
668,Desguinlei 100,2023-03-02,06:00:00,32,11,21,FMN 21 Desguinlei Zuidkant
668,Desguinlei 100,2023-03-02,07:00:00,110,35,75,FMN 21 Desguinlei Zuidkant
668,Desguinlei 100,2023-03-02,08:00:00,232,99,133,FMN 21 Desguinlei Zuidkant
668,Desguinlei 100,2023-03-02,09:00:00,95,38,57,FMN 21 Desguinlei Zuidkant
668,Desguinlei 100,2023-03-02,10:00:00,72,26,46,FMN 21 Desguinlei Zuidkant
668,Desguinlei 100,2023-03-02,11:00:00,79,27,52,FMN 21 Desguinlei Zuidkant
668,Desguinlei 100,2023-03-02,12:00:00,84,18,66,FMN 21 Desguinlei Zuidkant
668,Desguinlei 100,2023-03-02,13:00:00,110,28,82,FMN 21 Desguinlei Zuidkant
668,Desguinlei 100,2023-03-02,14:00:00,74,23,51,FMN 21 Desguinlei Zuidkant
668,Desguinlei 100,2023-03-02,15:00:00,156,44,112,FMN 21 Desguinlei Zuidkant
668,Desguinlei 100,2023-03-02,16:00:00,224,57,167,FMN 21 Desguinlei Zuidkant
668,Desguinlei 100,2023-03-02,17:00:00,245,49,196,FMN 21 Desguinlei Zuidkant
668,Desguinlei 100,2023-03-02,18:00:00,193,41,152,FMN 21 Desguinlei Zuidkant
668,Desguinlei 100,2023-03-02,19:00:00,127,43,84,FMN 21 Desguinlei Zuidkant
668,Desguinlei 100,2023-03-02,20:00:00,90,36,54,FMN 21 Desguinlei Zuidkant
668,Desguinlei 100,2023-03-02,21:00:00,75,24,51,FMN 21 Desguinlei Zuidkant
668,Desguinlei 100,2023-03-02,22:00:00,47,15,32,FMN 21 Desguinlei Zuidkant
668,Desguinlei 100,2023-03-02,23:00:00,35,8,27,FMN 21 Desguinlei Zuidkant
668,Desguinlei 100,2023-03-03,00:00:00,19,7,12,FMN 21 Desguinlei Zuidkant
668,Desguinlei 100,2023-03-03,01:00:00,2,0,2,FMN 21 Desguinlei Zuidkant
668,Desguinlei 100,2023-03-03,02:00:00,1,1,0,FMN 21 Desguinlei Zuidkant
668,Desguinlei 100,2023-03-03,03:00:00,2,0,2,FMN 21 Desguinlei Zuidkant
668,Desguinlei 100,2023-03-03,04:00:00,9,5,4,FMN 21 Desguinlei Zuidkant
668,Desguinlei 100,2023-03-03,05:00:00,15,3,12,FMN 21 Desguinlei Zuidkant
668,Desguinlei 100,2023-03-03,06:00:00,45,12,33,FMN 21 Desguinlei Zuidkant
668,Desguinlei 100,2023-03-03,07:00:00,88,31,57,FMN 21 Desguinlei Zuidkant
668,Desguinlei 100,2023-03-03,08:00:00,187,85,102,FMN 21 Desguinlei Zuidkant
668,Desguinlei 100,2023-03-03,09:00:00,106,48,58,FMN 21 Desguinlei Zuidkant
668,Desguinlei 100,2023-03-03,10:00:00,78,31,47,FMN 21 Desguinlei Zuidkant
668,Desguinlei 100,2023-03-03,11:00:00,64,19,45,FMN 21 Desguinlei Zuidkant
668,Desguinlei 100,2023-03-03,12:00:00,92,29,63,FMN 21 Desguinlei Zuidkant
668,Desguinlei 100,2023-03-03,13:00:00,92,28,64,FMN 21 Desguinlei Zuidkant
668,Desguinlei 100,2023-03-03,14:00:00,83,20,63,FMN 21 Desguinlei Zuidkant
668,Desguinlei 100,2023-03-03,15:00:00,139,31,108,FMN 21 Desguinlei Zuidkant
668,Desguinlei 100,2023-03-03,16:00:00,166,36,130,FMN 21 Desguinlei Zuidkant
668,Desguinlei 100,2023-03-03,17:00:00,193,56,137,FMN 21 Desguinlei Zuidkant
668,Desguinlei 100,2023-03-03,18:00:00,135,40,95,FMN 21 Desguinlei Zuidkant
668,Desguinlei 100,2023-03-03,19:00:00,104,55,49,FMN 21 Desguinlei Zuidkant
668,Desguinlei 100,2023-03-03,20:00:00,103,15,88,FMN 21 Desguinlei Zuidkant
668,Desguinlei 100,2023-03-03,21:00:00,36,10,26,FMN 21 Desguinlei Zuidkant
668,Desguinlei 100,2023-03-03,22:00:00,58,12,46,FMN 21 Desguinlei Zuidkant
668,Desguinlei 100,2023-03-03,23:00:00,34,7,27,FMN 21 Desguinlei Zuidkant
668,Desguinlei 100,2023-03-04,00:00:00,24,3,21,FMN 21 Desguinlei Zuidkant
668,Desguinlei 100,2023-03-04,01:00:00,28,2,26,FMN 21 Desguinlei Zuidkant
668,Desguinlei 100,2023-03-04,02:00:00,7,1,6,FMN 21 Desguinlei Zuidkant
668,Desguinlei 100,2023-03-04,03:00:00,4,1,3,FMN 21 Desguinlei Zuidkant
668,Desguinlei 100,2023-03-04,04:00:00,12,4,8,FMN 21 Desguinlei Zuidkant
668,Desguinlei 100,2023-03-04,05:00:00,8,2,6,FMN 21 Desguinlei Zuidkant
668,Desguinlei 100,2023-03-04,06:00:00,14,2,12,FMN 21 Desguinlei Zuidkant
668,Desguinlei 100,2023-03-04,07:00:00,20,6,14,FMN 21 Desguinlei Zuidkant
668,Desguinlei 100,2023-03-04,08:00:00,38,12,26,FMN 21 Desguinlei Zuidkant
668,Desguinlei 100,2023-03-04,09:00:00,70,14,56,FMN 21 Desguinlei Zuidkant
668,Desguinlei 100,2023-03-04,10:00:00,55,18,37,FMN 21 Desguinlei Zuidkant
668,Desguinlei 100,2023-03-04,11:00:00,88,32,56,FMN 21 Desguinlei Zuidkant
668,Desguinlei 100,2023-03-04,12:00:00,84,40,44,FMN 21 Desguinlei Zuidkant
668,Desguinlei 100,2023-03-04,13:00:00,59,21,38,FMN 21 Desguinlei Zuidkant
668,Desguinlei 100,2023-03-04,14:00:00,48,9,39,FMN 21 Desguinlei Zuidkant
668,Desguinlei 100,2023-03-04,15:00:00,76,19,57,FMN 21 Desguinlei Zuidkant
668,Desguinlei 100,2023-03-04,16:00:00,57,22,35,FMN 21 Desguinlei Zuidkant
668,Desguinlei 100,2023-03-04,17:00:00,80,23,57,FMN 21 Desguinlei Zuidkant
668,Desguinlei 100,2023-03-04,18:00:00,67,19,48,FMN 21 Desguinlei Zuidkant
668,Desguinlei 100,2023-03-04,19:00:00,48,10,38,FMN 21 Desguinlei Zuidkant
668,Desguinlei 100,2023-03-04,20:00:00,28,4,24,FMN 21 Desguinlei Zuidkant
668,Desguinlei 100,2023-03-04,21:00:00,22,7,15,FMN 21 Desguinlei Zuidkant
668,Desguinlei 100,2023-03-04,22:00:00,29,6,23,FMN 21 Desguinlei Zuidkant
668,Desguinlei 100,2023-03-04,23:00:00,32,11,21,FMN 21 Desguinlei Zuidkant
668,Desguinlei 100,2023-03-05,00:00:00,26,11,15,FMN 21 Desguinlei Zuidkant
668,Desguinlei 100,2023-03-05,01:00:00,16,4,12,FMN 21 Desguinlei Zuidkant
668,Desguinlei 100,2023-03-05,02:00:00,5,0,5,FMN 21 Desguinlei Zuidkant
668,Desguinlei 100,2023-03-05,03:00:00,3,2,1,FMN 21 Desguinlei Zuidkant
668,Desguinlei 100,2023-03-05,04:00:00,4,1,3,FMN 21 Desguinlei Zuidkant
668,Desguinlei 100,2023-03-05,05:00:00,9,3,6,FMN 21 Desguinlei Zuidkant
668,Desguinlei 100,2023-03-05,06:00:00,8,3,5,FMN 21 Desguinlei Zuidkant
668,Desguinlei 100,2023-03-05,07:00:00,12,0,12,FMN 21 Desguinlei Zuidkant
668,Desguinlei 100,2023-03-05,08:00:00,19,5,14,FMN 21 Desguinlei Zuidkant
668,Desguinlei 100,2023-03-05,09:00:00,53,12,41,FMN 21 Desguinlei Zuidkant
668,Desguinlei 100,2023-03-05,10:00:00,49,15,34,FMN 21 Desguinlei Zuidkant
668,Desguinlei 100,2023-03-05,11:00:00,56,25,31,FMN 21 Desguinlei Zuidkant
668,Desguinlei 100,2023-03-05,12:00:00,81,42,39,FMN 21 Desguinlei Zuidkant
668,Desguinlei 100,2023-03-05,13:00:00,37,15,22,FMN 21 Desguinlei Zuidkant
668,Desguinlei 100,2023-03-05,14:00:00,36,12,24,FMN 21 Desguinlei Zuidkant
668,Desguinlei 100,2023-03-05,15:00:00,29,3,26,FMN 21 Desguinlei Zuidkant
668,Desguinlei 100,2023-03-05,16:00:00,29,11,18,FMN 21 Desguinlei Zuidkant
668,Desguinlei 100,2023-03-05,17:00:00,32,8,24,FMN 21 Desguinlei Zuidkant
668,Desguinlei 100,2023-03-05,18:00:00,42,15,27,FMN 21 Desguinlei Zuidkant
668,Desguinlei 100,2023-03-05,19:00:00,31,8,23,FMN 21 Desguinlei Zuidkant
668,Desguinlei 100,2023-03-05,20:00:00,28,7,21,FMN 21 Desguinlei Zuidkant
668,Desguinlei 100,2023-03-05,21:00:00,12,2,10,FMN 21 Desguinlei Zuidkant
668,Desguinlei 100,2023-03-05,22:00:00,25,8,17,FMN 21 Desguinlei Zuidkant
668,Desguinlei 100,2023-03-05,23:00:00,8,1,7,FMN 21 Desguinlei Zuidkant
668,Desguinlei 100,2023-03-06,00:00:00,2,1,1,FMN 21 Desguinlei Zuidkant
668,Desguinlei 100,2023-03-06,01:00:00,2,0,2,FMN 21 Desguinlei Zuidkant
668,Desguinlei 100,2023-03-06,02:00:00,0,0,0,FMN 21 Desguinlei Zuidkant
668,Desguinlei 100,2023-03-06,03:00:00,3,1,2,FMN 21 Desguinlei Zuidkant
668,Desguinlei 100,2023-03-06,04:00:00,6,2,4,FMN 21 Desguinlei Zuidkant
668,Desguinlei 100,2023-03-06,05:00:00,15,6,9,FMN 21 Desguinlei Zuidkant
668,Desguinlei 100,2023-03-06,06:00:00,39,16,23,FMN 21 Desguinlei Zuidkant
668,Desguinlei 100,2023-03-06,07:00:00,134,44,90,FMN 21 Desguinlei Zuidkant
668,Desguinlei 100,2023-03-06,08:00:00,216,98,118,FMN 21 Desguinlei Zuidkant
668,Desguinlei 100,2023-03-06,09:00:00,87,40,47,FMN 21 Desguinlei Zuidkant
668,Desguinlei 100,2023-03-06,10:00:00,63,17,46,FMN 21 Desguinlei Zuidkant
668,Desguinlei 100,2023-03-06,11:00:00,53,11,42,FMN 21 Desguinlei Zuidkant
668,Desguinlei 100,2023-03-06,12:00:00,89,30,59,FMN 21 Desguinlei Zuidkant
668,Desguinlei 100,2023-03-06,13:00:00,104,38,66,FMN 21 Desguinlei Zuidkant
668,Desguinlei 100,2023-03-06,14:00:00,61,15,46,FMN 21 Desguinlei Zuidkant
668,Desguinlei 100,2023-03-06,15:00:00,139,39,100,FMN 21 Desguinlei Zuidkant
668,Desguinlei 100,2023-03-06,16:00:00,197,31,166,FMN 21 Desguinlei Zuidkant
668,Desguinlei 100,2023-03-06,17:00:00,238,37,201,FMN 21 Desguinlei Zuidkant
668,Desguinlei 100,2023-03-06,18:00:00,163,43,120,FMN 21 Desguinlei Zuidkant
668,Desguinlei 100,2023-03-06,19:00:00,80,29,51,FMN 21 Desguinlei Zuidkant
668,Desguinlei 100,2023-03-06,20:00:00,58,26,32,FMN 21 Desguinlei Zuidkant
668,Desguinlei 100,2023-03-06,21:00:00,39,17,22,FMN 21 Desguinlei Zuidkant
668,Desguinlei 100,2023-03-06,22:00:00,41,19,22,FMN 21 Desguinlei Zuidkant
668,Desguinlei 100,2023-03-06,23:00:00,12,3,9,FMN 21 Desguinlei Zuidkant
668,Desguinlei 100,2023-03-07,00:00:00,4,0,4,FMN 21 Desguinlei Zuidkant
668,Desguinlei 100,2023-03-07,01:00:00,4,2,2,FMN 21 Desguinlei Zuidkant
668,Desguinlei 100,2023-03-07,02:00:00,2,0,2,FMN 21 Desguinlei Zuidkant
668,Desguinlei 100,2023-03-07,03:00:00,0,0,0,FMN 21 Desguinlei Zuidkant
668,Desguinlei 100,2023-03-07,04:00:00,4,0,4,FMN 21 Desguinlei Zuidkant
668,Desguinlei 100,2023-03-07,05:00:00,13,3,10,FMN 21 Desguinlei Zuidkant
668,Desguinlei 100,2023-03-07,06:00:00,47,19,28,FMN 21 Desguinlei Zuidkant
668,Desguinlei 100,2023-03-07,07:00:00,117,33,84,FMN 21 Desguinlei Zuidkant
668,Desguinlei 100,2023-03-07,08:00:00,184,85,99,FMN 21 Desguinlei Zuidkant
668,Desguinlei 100,2023-03-07,09:00:00,77,30,47,FMN 21 Desguinlei Zuidkant
668,Desguinlei 100,2023-03-07,10:00:00,57,18,39,FMN 21 Desguinlei Zuidkant
668,Desguinlei 100,2023-03-07,11:00:00,47,16,31,FMN 21 Desguinlei Zuidkant
668,Desguinlei 100,2023-03-07,12:00:00,73,23,50,FMN 21 Desguinlei Zuidkant
668,Desguinlei 100,2023-03-07,13:00:00,73,15,58,FMN 21 Desguinlei Zuidkant
668,Desguinlei 100,2023-03-07,14:00:00,51,14,37,FMN 21 Desguinlei Zuidkant
668,Desguinlei 100,2023-03-07,15:00:00,64,9,55,FMN 21 Desguinlei Zuidkant
668,Desguinlei 100,2023-03-07,16:00:00,142,21,121,FMN 21 Desguinlei Zuidkant
668,Desguinlei 100,2023-03-07,17:00:00,175,31,144,FMN 21 Desguinlei Zuidkant
668,Desguinlei 100,2023-03-07,18:00:00,143,32,111,FMN 21 Desguinlei Zuidkant
668,Desguinlei 100,2023-03-07,19:00:00,84,33,51,FMN 21 Desguinlei Zuidkant
668,Desguinlei 100,2023-03-07,20:00:00,58,29,29,FMN 21 Desguinlei Zuidkant
668,Desguinlei 100,2023-03-07,21:00:00,66,36,30,FMN 21 Desguinlei Zuidkant
668,Desguinlei 100,2023-03-07,22:00:00,52,15,37,FMN 21 Desguinlei Zuidkant
668,Desguinlei 100,2023-03-07,23:00:00,15,5,10,FMN 21 Desguinlei Zuidkant
668,Desguinlei 100,2023-03-08,00:00:00,4,2,2,FMN 21 Desguinlei Zuidkant
668,Desguinlei 100,2023-03-08,01:00:00,3,0,3,FMN 21 Desguinlei Zuidkant
668,Desguinlei 100,2023-03-08,02:00:00,0,0,0,FMN 21 Desguinlei Zuidkant
668,Desguinlei 100,2023-03-08,03:00:00,2,0,2,FMN 21 Desguinlei Zuidkant
668,Desguinlei 100,2023-03-08,04:00:00,6,1,5,FMN 21 Desguinlei Zuidkant
668,Desguinlei 100,2023-03-08,05:00:00,12,5,7,FMN 21 Desguinlei Zuidkant
668,Desguinlei 100,2023-03-08,06:00:00,29,8,21,FMN 21 Desguinlei Zuidkant
668,Desguinlei 100,2023-03-08,07:00:00,70,18,52,FMN 21 Desguinlei Zuidkant
668,Desguinlei 100,2023-03-08,08:00:00,134,58,76,FMN 21 Desguinlei Zuidkant
668,Desguinlei 100,2023-03-08,09:00:00,52,20,32,FMN 21 Desguinlei Zuidkant
668,Desguinlei 100,2023-03-08,10:00:00,52,18,34,FMN 21 Desguinlei Zuidkant
668,Desguinlei 100,2023-03-08,11:00:00,49,18,31,FMN 21 Desguinlei Zuidkant
668,Desguinlei 100,2023-03-08,12:00:00,96,22,74,FMN 21 Desguinlei Zuidkant
668,Desguinlei 100,2023-03-08,13:00:00,77,23,54,FMN 21 Desguinlei Zuidkant
668,Desguinlei 100,2023-03-08,14:00:00,65,20,45,FMN 21 Desguinlei Zuidkant
668,Desguinlei 100,2023-03-08,15:00:00,73,27,46,FMN 21 Desguinlei Zuidkant
668,Desguinlei 100,2023-03-08,16:00:00,122,27,95,FMN 21 Desguinlei Zuidkant
668,Desguinlei 100,2023-03-08,17:00:00,138,25,113,FMN 21 Desguinlei Zuidkant
668,Desguinlei 100,2023-03-08,18:00:00,106,31,75,FMN 21 Desguinlei Zuidkant
668,Desguinlei 100,2023-03-08,19:00:00,73,31,42,FMN 21 Desguinlei Zuidkant
668,Desguinlei 100,2023-03-08,20:00:00,39,16,23,FMN 21 Desguinlei Zuidkant
668,Desguinlei 100,2023-03-08,21:00:00,45,21,24,FMN 21 Desguinlei Zuidkant
668,Desguinlei 100,2023-03-08,22:00:00,29,5,24,FMN 21 Desguinlei Zuidkant
668,Desguinlei 100,2023-03-08,23:00:00,14,2,12,FMN 21 Desguinlei Zuidkant
668,Desguinlei 100,2023-03-09,00:00:00,5,1,4,FMN 21 Desguinlei Zuidkant
668,Desguinlei 100,2023-03-09,01:00:00,4,0,4,FMN 21 Desguinlei Zuidkant
668,Desguinlei 100,2023-03-09,02:00:00,1,0,1,FMN 21 Desguinlei Zuidkant
668,Desguinlei 100,2023-03-09,03:00:00,1,0,1,FMN 21 Desguinlei Zuidkant
668,Desguinlei 100,2023-03-09,04:00:00,7,1,6,FMN 21 Desguinlei Zuidkant
668,Desguinlei 100,2023-03-09,05:00:00,6,1,5,FMN 21 Desguinlei Zuidkant
668,Desguinlei 100,2023-03-09,06:00:00,43,14,29,FMN 21 Desguinlei Zuidkant
668,Desguinlei 100,2023-03-09,07:00:00,97,37,60,FMN 21 Desguinlei Zuidkant
668,Desguinlei 100,2023-03-09,08:00:00,180,60,120,FMN 21 Desguinlei Zuidkant
668,Desguinlei 100,2023-03-09,09:00:00,105,41,64,FMN 21 Desguinlei Zuidkant
668,Desguinlei 100,2023-03-09,10:00:00,62,22,40,FMN 21 Desguinlei Zuidkant
668,Desguinlei 100,2023-03-09,11:00:00,44,20,24,FMN 21 Desguinlei Zuidkant
668,Desguinlei 100,2023-03-09,12:00:00,56,23,33,FMN 21 Desguinlei Zuidkant
668,Desguinlei 100,2023-03-09,13:00:00,74,27,47,FMN 21 Desguinlei Zuidkant
668,Desguinlei 100,2023-03-09,14:00:00,58,19,39,FMN 21 Desguinlei Zuidkant
668,Desguinlei 100,2023-03-09,15:00:00,115,30,85,FMN 21 Desguinlei Zuidkant
668,Desguinlei 100,2023-03-09,16:00:00,176,29,147,FMN 21 Desguinlei Zuidkant
668,Desguinlei 100,2023-03-09,17:00:00,175,33,142,FMN 21 Desguinlei Zuidkant
668,Desguinlei 100,2023-03-09,18:00:00,140,34,106,FMN 21 Desguinlei Zuidkant
668,Desguinlei 100,2023-03-09,19:00:00,101,40,61,FMN 21 Desguinlei Zuidkant
668,Desguinlei 100,2023-03-09,20:00:00,75,27,48,FMN 21 Desguinlei Zuidkant
668,Desguinlei 100,2023-03-09,21:00:00,42,17,25,FMN 21 Desguinlei Zuidkant
668,Desguinlei 100,2023-03-09,22:00:00,39,12,27,FMN 21 Desguinlei Zuidkant
668,Desguinlei 100,2023-03-09,23:00:00,20,8,12,FMN 21 Desguinlei Zuidkant
668,Desguinlei 100,2023-03-10,00:00:00,10,2,8,FMN 21 Desguinlei Zuidkant
668,Desguinlei 100,2023-03-10,01:00:00,6,2,4,FMN 21 Desguinlei Zuidkant
668,Desguinlei 100,2023-03-10,02:00:00,5,2,3,FMN 21 Desguinlei Zuidkant
668,Desguinlei 100,2023-03-10,03:00:00,1,0,1,FMN 21 Desguinlei Zuidkant
668,Desguinlei 100,2023-03-10,04:00:00,9,1,8,FMN 21 Desguinlei Zuidkant
668,Desguinlei 100,2023-03-10,05:00:00,13,3,10,FMN 21 Desguinlei Zuidkant
668,Desguinlei 100,2023-03-10,06:00:00,34,13,21,FMN 21 Desguinlei Zuidkant
668,Desguinlei 100,2023-03-10,07:00:00,90,31,59,FMN 21 Desguinlei Zuidkant
668,Desguinlei 100,2023-03-10,08:00:00,173,68,105,FMN 21 Desguinlei Zuidkant
668,Desguinlei 100,2023-03-10,09:00:00,55,27,28,FMN 21 Desguinlei Zuidkant
668,Desguinlei 100,2023-03-10,10:00:00,51,17,34,FMN 21 Desguinlei Zuidkant
668,Desguinlei 100,2023-03-10,11:00:00,40,12,28,FMN 21 Desguinlei Zuidkant
668,Desguinlei 100,2023-03-10,12:00:00,89,19,70,FMN 21 Desguinlei Zuidkant
668,Desguinlei 100,2023-03-10,13:00:00,72,21,51,FMN 21 Desguinlei Zuidkant
668,Desguinlei 100,2023-03-10,14:00:00,70,27,43,FMN 21 Desguinlei Zuidkant
668,Desguinlei 100,2023-03-10,15:00:00,102,18,84,FMN 21 Desguinlei Zuidkant
668,Desguinlei 100,2023-03-10,16:00:00,155,26,129,FMN 21 Desguinlei Zuidkant
668,Desguinlei 100,2023-03-10,17:00:00,124,23,101,FMN 21 Desguinlei Zuidkant
668,Desguinlei 100,2023-03-10,18:00:00,95,30,65,FMN 21 Desguinlei Zuidkant
668,Desguinlei 100,2023-03-10,19:00:00,93,42,51,FMN 21 Desguinlei Zuidkant
668,Desguinlei 100,2023-03-10,20:00:00,58,19,39,FMN 21 Desguinlei Zuidkant
668,Desguinlei 100,2023-03-10,21:00:00,47,12,35,FMN 21 Desguinlei Zuidkant
668,Desguinlei 100,2023-03-10,22:00:00,46,3,43,FMN 21 Desguinlei Zuidkant
668,Desguinlei 100,2023-03-10,23:00:00,50,12,38,FMN 21 Desguinlei Zuidkant
668,Desguinlei 100,2023-03-11,00:00:00,18,3,15,FMN 21 Desguinlei Zuidkant
668,Desguinlei 100,2023-03-11,01:00:00,11,0,11,FMN 21 Desguinlei Zuidkant
668,Desguinlei 100,2023-03-11,02:00:00,8,0,8,FMN 21 Desguinlei Zuidkant
668,Desguinlei 100,2023-03-11,03:00:00,15,4,11,FMN 21 Desguinlei Zuidkant
668,Desguinlei 100,2023-03-11,04:00:00,14,4,10,FMN 21 Desguinlei Zuidkant
668,Desguinlei 100,2023-03-11,05:00:00,14,2,12,FMN 21 Desguinlei Zuidkant
668,Desguinlei 100,2023-03-11,06:00:00,7,0,7,FMN 21 Desguinlei Zuidkant
668,Desguinlei 100,2023-03-11,07:00:00,22,2,20,FMN 21 Desguinlei Zuidkant
668,Desguinlei 100,2023-03-11,08:00:00,34,11,23,FMN 21 Desguinlei Zuidkant
668,Desguinlei 100,2023-03-11,09:00:00,69,21,48,FMN 21 Desguinlei Zuidkant
668,Desguinlei 100,2023-03-11,10:00:00,73,20,53,FMN 21 Desguinlei Zuidkant
668,Desguinlei 100,2023-03-11,11:00:00,82,39,43,FMN 21 Desguinlei Zuidkant
668,Desguinlei 100,2023-03-11,12:00:00,84,34,50,FMN 21 Desguinlei Zuidkant
668,Desguinlei 100,2023-03-11,13:00:00,84,25,59,FMN 21 Desguinlei Zuidkant
668,Desguinlei 100,2023-03-11,14:00:00,61,16,45,FMN 21 Desguinlei Zuidkant
668,Desguinlei 100,2023-03-11,15:00:00,61,12,49,FMN 21 Desguinlei Zuidkant
668,Desguinlei 100,2023-03-11,16:00:00,76,18,58,FMN 21 Desguinlei Zuidkant
668,Desguinlei 100,2023-03-11,17:00:00,70,21,49,FMN 21 Desguinlei Zuidkant
668,Desguinlei 100,2023-03-11,18:00:00,73,25,48,FMN 21 Desguinlei Zuidkant
668,Desguinlei 100,2023-03-11,19:00:00,76,31,45,FMN 21 Desguinlei Zuidkant
668,Desguinlei 100,2023-03-11,20:00:00,40,18,22,FMN 21 Desguinlei Zuidkant
668,Desguinlei 100,2023-03-11,21:00:00,39,7,32,FMN 21 Desguinlei Zuidkant
668,Desguinlei 100,2023-03-11,22:00:00,35,6,29,FMN 21 Desguinlei Zuidkant
668,Desguinlei 100,2023-03-11,23:00:00,25,3,22,FMN 21 Desguinlei Zuidkant
668,Desguinlei 100,2023-03-12,00:00:00,27,6,21,FMN 21 Desguinlei Zuidkant
668,Desguinlei 100,2023-03-12,01:00:00,20,3,17,FMN 21 Desguinlei Zuidkant
668,Desguinlei 100,2023-03-12,02:00:00,6,0,6,FMN 21 Desguinlei Zuidkant
668,Desguinlei 100,2023-03-12,03:00:00,6,2,4,FMN 21 Desguinlei Zuidkant
668,Desguinlei 100,2023-03-12,04:00:00,7,0,7,FMN 21 Desguinlei Zuidkant
668,Desguinlei 100,2023-03-12,05:00:00,12,2,10,FMN 21 Desguinlei Zuidkant
668,Desguinlei 100,2023-03-12,06:00:00,10,4,6,FMN 21 Desguinlei Zuidkant
668,Desguinlei 100,2023-03-12,07:00:00,9,1,8,FMN 21 Desguinlei Zuidkant
668,Desguinlei 100,2023-03-12,08:00:00,17,4,13,FMN 21 Desguinlei Zuidkant
668,Desguinlei 100,2023-03-12,09:00:00,41,12,29,FMN 21 Desguinlei Zuidkant
668,Desguinlei 100,2023-03-12,10:00:00,76,24,52,FMN 21 Desguinlei Zuidkant
668,Desguinlei 100,2023-03-12,11:00:00,47,24,23,FMN 21 Desguinlei Zuidkant
668,Desguinlei 100,2023-03-12,12:00:00,69,24,45,FMN 21 Desguinlei Zuidkant
668,Desguinlei 100,2023-03-12,13:00:00,72,32,40,FMN 21 Desguinlei Zuidkant
668,Desguinlei 100,2023-03-12,14:00:00,69,24,45,FMN 21 Desguinlei Zuidkant
668,Desguinlei 100,2023-03-12,15:00:00,43,7,36,FMN 21 Desguinlei Zuidkant
668,Desguinlei 100,2023-03-12,16:00:00,79,13,66,FMN 21 Desguinlei Zuidkant
668,Desguinlei 100,2023-03-12,17:00:00,55,13,42,FMN 21 Desguinlei Zuidkant
668,Desguinlei 100,2023-03-12,18:00:00,44,8,36,FMN 21 Desguinlei Zuidkant
668,Desguinlei 100,2023-03-12,19:00:00,42,4,38,FMN 21 Desguinlei Zuidkant
668,Desguinlei 100,2023-03-12,20:00:00,24,9,15,FMN 21 Desguinlei Zuidkant
668,Desguinlei 100,2023-03-12,21:00:00,24,9,15,FMN 21 Desguinlei Zuidkant
668,Desguinlei 100,2023-03-12,22:00:00,9,2,7,FMN 21 Desguinlei Zuidkant
668,Desguinlei 100,2023-03-12,23:00:00,15,6,9,FMN 21 Desguinlei Zuidkant
668,Desguinlei 100,2023-03-13,00:00:00,11,4,7,FMN 21 Desguinlei Zuidkant
668,Desguinlei 100,2023-03-13,01:00:00,5,1,4,FMN 21 Desguinlei Zuidkant
668,Desguinlei 100,2023-03-13,02:00:00,3,0,3,FMN 21 Desguinlei Zuidkant
668,Desguinlei 100,2023-03-13,03:00:00,3,2,1,FMN 21 Desguinlei Zuidkant
668,Desguinlei 100,2023-03-13,04:00:00,11,5,6,FMN 21 Desguinlei Zuidkant
668,Desguinlei 100,2023-03-13,05:00:00,16,4,12,FMN 21 Desguinlei Zuidkant
668,Desguinlei 100,2023-03-13,06:00:00,46,22,24,FMN 21 Desguinlei Zuidkant
668,Desguinlei 100,2023-03-13,07:00:00,118,42,76,FMN 21 Desguinlei Zuidkant
668,Desguinlei 100,2023-03-13,08:00:00,207,84,123,FMN 21 Desguinlei Zuidkant
668,Desguinlei 100,2023-03-13,09:00:00,104,43,61,FMN 21 Desguinlei Zuidkant
668,Desguinlei 100,2023-03-13,10:00:00,74,25,49,FMN 21 Desguinlei Zuidkant
668,Desguinlei 100,2023-03-13,11:00:00,59,16,43,FMN 21 Desguinlei Zuidkant
668,Desguinlei 100,2023-03-13,12:00:00,87,38,49,FMN 21 Desguinlei Zuidkant
668,Desguinlei 100,2023-03-13,13:00:00,104,36,68,FMN 21 Desguinlei Zuidkant
668,Desguinlei 100,2023-03-13,14:00:00,111,32,79,FMN 21 Desguinlei Zuidkant
668,Desguinlei 100,2023-03-13,15:00:00,149,37,112,FMN 21 Desguinlei Zuidkant
668,Desguinlei 100,2023-03-13,16:00:00,219,51,168,FMN 21 Desguinlei Zuidkant
668,Desguinlei 100,2023-03-13,17:00:00,221,46,175,FMN 21 Desguinlei Zuidkant
668,Desguinlei 100,2023-03-13,18:00:00,200,57,143,FMN 21 Desguinlei Zuidkant
668,Desguinlei 100,2023-03-13,19:00:00,111,43,68,FMN 21 Desguinlei Zuidkant
668,Desguinlei 100,2023-03-13,20:00:00,81,41,40,FMN 21 Desguinlei Zuidkant
668,Desguinlei 100,2023-03-13,21:00:00,83,43,40,FMN 21 Desguinlei Zuidkant
668,Desguinlei 100,2023-03-13,22:00:00,48,18,30,FMN 21 Desguinlei Zuidkant
668,Desguinlei 100,2023-03-13,23:00:00,18,6,12,FMN 21 Desguinlei Zuidkant
668,Desguinlei 100,2023-03-14,00:00:00,13,1,12,FMN 21 Desguinlei Zuidkant
668,Desguinlei 100,2023-03-14,01:00:00,5,0,5,FMN 21 Desguinlei Zuidkant
668,Desguinlei 100,2023-03-14,02:00:00,2,1,1,FMN 21 Desguinlei Zuidkant
668,Desguinlei 100,2023-03-14,03:00:00,2,2,0,FMN 21 Desguinlei Zuidkant
668,Desguinlei 100,2023-03-14,04:00:00,7,2,5,FMN 21 Desguinlei Zuidkant
668,Desguinlei 100,2023-03-14,05:00:00,16,4,12,FMN 21 Desguinlei Zuidkant
668,Desguinlei 100,2023-03-14,06:00:00,50,20,30,FMN 21 Desguinlei Zuidkant
668,Desguinlei 100,2023-03-14,07:00:00,108,37,71,FMN 21 Desguinlei Zuidkant
668,Desguinlei 100,2023-03-14,08:00:00,160,64,96,FMN 21 Desguinlei Zuidkant
668,Desguinlei 100,2023-03-14,09:00:00,73,40,33,FMN 21 Desguinlei Zuidkant
668,Desguinlei 100,2023-03-14,10:00:00,51,15,36,FMN 21 Desguinlei Zuidkant
668,Desguinlei 100,2023-03-14,11:00:00,54,16,38,FMN 21 Desguinlei Zuidkant
668,Desguinlei 100,2023-03-14,12:00:00,78,27,51,FMN 21 Desguinlei Zuidkant
668,Desguinlei 100,2023-03-14,13:00:00,85,24,61,FMN 21 Desguinlei Zuidkant
668,Desguinlei 100,2023-03-14,14:00:00,77,20,57,FMN 21 Desguinlei Zuidkant
668,Desguinlei 100,2023-03-14,15:00:00,118,31,87,FMN 21 Desguinlei Zuidkant
668,Desguinlei 100,2023-03-14,16:00:00,185,37,148,FMN 21 Desguinlei Zuidkant
668,Desguinlei 100,2023-03-14,17:00:00,193,48,145,FMN 21 Desguinlei Zuidkant
668,Desguinlei 100,2023-03-14,18:00:00,173,40,133,FMN 21 Desguinlei Zuidkant
668,Desguinlei 100,2023-03-14,19:00:00,148,38,110,FMN 21 Desguinlei Zuidkant
668,Desguinlei 100,2023-03-14,20:00:00,64,29,35,FMN 21 Desguinlei Zuidkant
668,Desguinlei 100,2023-03-14,21:00:00,49,29,20,FMN 21 Desguinlei Zuidkant
668,Desguinlei 100,2023-03-14,22:00:00,44,18,26,FMN 21 Desguinlei Zuidkant
668,Desguinlei 100,2023-03-14,23:00:00,25,6,19,FMN 21 Desguinlei Zuidkant
668,Desguinlei 100,2023-03-15,00:00:00,6,3,3,FMN 21 Desguinlei Zuidkant
668,Desguinlei 100,2023-03-15,01:00:00,1,0,1,FMN 21 Desguinlei Zuidkant
668,Desguinlei 100,2023-03-15,02:00:00,4,3,1,FMN 21 Desguinlei Zuidkant
668,Desguinlei 100,2023-03-15,03:00:00,2,1,1,FMN 21 Desguinlei Zuidkant
668,Desguinlei 100,2023-03-15,04:00:00,6,3,3,FMN 21 Desguinlei Zuidkant
668,Desguinlei 100,2023-03-15,05:00:00,11,2,9,FMN 21 Desguinlei Zuidkant
668,Desguinlei 100,2023-03-15,06:00:00,51,19,32,FMN 21 Desguinlei Zuidkant
668,Desguinlei 100,2023-03-15,07:00:00,109,34,75,FMN 21 Desguinlei Zuidkant
668,Desguinlei 100,2023-03-15,08:00:00,201,79,122,FMN 21 Desguinlei Zuidkant
668,Desguinlei 100,2023-03-15,09:00:00,90,41,49,FMN 21 Desguinlei Zuidkant
668,Desguinlei 100,2023-03-15,10:00:00,56,19,37,FMN 21 Desguinlei Zuidkant
668,Desguinlei 100,2023-03-15,11:00:00,72,18,54,FMN 21 Desguinlei Zuidkant
668,Desguinlei 100,2023-03-15,12:00:00,136,34,102,FMN 21 Desguinlei Zuidkant
668,Desguinlei 100,2023-03-15,13:00:00,137,50,87,FMN 21 Desguinlei Zuidkant
668,Desguinlei 100,2023-03-15,14:00:00,114,45,69,FMN 21 Desguinlei Zuidkant
668,Desguinlei 100,2023-03-15,15:00:00,134,33,101,FMN 21 Desguinlei Zuidkant
668,Desguinlei 100,2023-03-15,16:00:00,195,42,153,FMN 21 Desguinlei Zuidkant
668,Desguinlei 100,2023-03-15,17:00:00,184,37,147,FMN 21 Desguinlei Zuidkant
668,Desguinlei 100,2023-03-15,18:00:00,164,29,135,FMN 21 Desguinlei Zuidkant
668,Desguinlei 100,2023-03-15,19:00:00,98,34,64,FMN 21 Desguinlei Zuidkant
668,Desguinlei 100,2023-03-15,20:00:00,90,44,46,FMN 21 Desguinlei Zuidkant
668,Desguinlei 100,2023-03-15,21:00:00,63,19,44,FMN 21 Desguinlei Zuidkant
668,Desguinlei 100,2023-03-15,22:00:00,43,13,30,FMN 21 Desguinlei Zuidkant
668,Desguinlei 100,2023-03-15,23:00:00,13,6,7,FMN 21 Desguinlei Zuidkant
668,Desguinlei 100,2023-03-16,00:00:00,6,2,4,FMN 21 Desguinlei Zuidkant
668,Desguinlei 100,2023-03-16,01:00:00,7,2,5,FMN 21 Desguinlei Zuidkant
668,Desguinlei 100,2023-03-16,02:00:00,4,0,4,FMN 21 Desguinlei Zuidkant
668,Desguinlei 100,2023-03-16,03:00:00,6,3,3,FMN 21 Desguinlei Zuidkant
668,Desguinlei 100,2023-03-16,04:00:00,8,4,4,FMN 21 Desguinlei Zuidkant
668,Desguinlei 100,2023-03-16,05:00:00,17,4,13,FMN 21 Desguinlei Zuidkant
668,Desguinlei 100,2023-03-16,06:00:00,46,22,24,FMN 21 Desguinlei Zuidkant
668,Desguinlei 100,2023-03-16,07:00:00,117,36,81,FMN 21 Desguinlei Zuidkant
668,Desguinlei 100,2023-03-16,08:00:00,220,94,126,FMN 21 Desguinlei Zuidkant
668,Desguinlei 100,2023-03-16,09:00:00,102,36,66,FMN 21 Desguinlei Zuidkant
668,Desguinlei 100,2023-03-16,10:00:00,81,21,60,FMN 21 Desguinlei Zuidkant
668,Desguinlei 100,2023-03-16,11:00:00,65,24,41,FMN 21 Desguinlei Zuidkant
668,Desguinlei 100,2023-03-16,12:00:00,109,37,72,FMN 21 Desguinlei Zuidkant
668,Desguinlei 100,2023-03-16,13:00:00,113,31,82,FMN 21 Desguinlei Zuidkant
668,Desguinlei 100,2023-03-16,14:00:00,96,28,68,FMN 21 Desguinlei Zuidkant
668,Desguinlei 100,2023-03-16,15:00:00,150,52,98,FMN 21 Desguinlei Zuidkant
668,Desguinlei 100,2023-03-16,16:00:00,256,70,186,FMN 21 Desguinlei Zuidkant
668,Desguinlei 100,2023-03-16,17:00:00,287,85,202,FMN 21 Desguinlei Zuidkant
668,Desguinlei 100,2023-03-16,18:00:00,207,46,161,FMN 21 Desguinlei Zuidkant
668,Desguinlei 100,2023-03-16,19:00:00,126,41,85,FMN 21 Desguinlei Zuidkant
668,Desguinlei 100,2023-03-16,20:00:00,90,26,64,FMN 21 Desguinlei Zuidkant
668,Desguinlei 100,2023-03-16,21:00:00,52,15,37,FMN 21 Desguinlei Zuidkant
668,Desguinlei 100,2023-03-16,22:00:00,58,17,41,FMN 21 Desguinlei Zuidkant
668,Desguinlei 100,2023-03-16,23:00:00,38,10,28,FMN 21 Desguinlei Zuidkant
668,Desguinlei 100,2023-03-17,00:00:00,14,3,11,FMN 21 Desguinlei Zuidkant
668,Desguinlei 100,2023-03-17,01:00:00,6,2,4,FMN 21 Desguinlei Zuidkant
668,Desguinlei 100,2023-03-17,02:00:00,2,0,2,FMN 21 Desguinlei Zuidkant
668,Desguinlei 100,2023-03-17,03:00:00,1,1,0,FMN 21 Desguinlei Zuidkant
668,Desguinlei 100,2023-03-17,04:00:00,7,1,6,FMN 21 Desguinlei Zuidkant
668,Desguinlei 100,2023-03-17,05:00:00,16,5,11,FMN 21 Desguinlei Zuidkant
668,Desguinlei 100,2023-03-17,06:00:00,55,18,37,FMN 21 Desguinlei Zuidkant
668,Desguinlei 100,2023-03-17,07:00:00,105,32,73,FMN 21 Desguinlei Zuidkant
668,Desguinlei 100,2023-03-17,08:00:00,184,85,99,FMN 21 Desguinlei Zuidkant
668,Desguinlei 100,2023-03-17,09:00:00,108,41,67,FMN 21 Desguinlei Zuidkant
668,Desguinlei 100,2023-03-17,10:00:00,80,31,49,FMN 21 Desguinlei Zuidkant
668,Desguinlei 100,2023-03-17,11:00:00,76,29,47,FMN 21 Desguinlei Zuidkant
668,Desguinlei 100,2023-03-17,12:00:00,110,32,78,FMN 21 Desguinlei Zuidkant
668,Desguinlei 100,2023-03-17,13:00:00,118,48,70,FMN 21 Desguinlei Zuidkant
668,Desguinlei 100,2023-03-17,14:00:00,136,39,97,FMN 21 Desguinlei Zuidkant
668,Desguinlei 100,2023-03-17,15:00:00,218,88,130,FMN 21 Desguinlei Zuidkant
668,Desguinlei 100,2023-03-17,16:00:00,259,72,187,FMN 21 Desguinlei Zuidkant
668,Desguinlei 100,2023-03-17,17:00:00,201,51,150,FMN 21 Desguinlei Zuidkant
668,Desguinlei 100,2023-03-17,18:00:00,164,45,119,FMN 21 Desguinlei Zuidkant
668,Desguinlei 100,2023-03-17,19:00:00,135,78,57,FMN 21 Desguinlei Zuidkant
668,Desguinlei 100,2023-03-17,20:00:00,95,36,59,FMN 21 Desguinlei Zuidkant
668,Desguinlei 100,2023-03-17,21:00:00,71,15,56,FMN 21 Desguinlei Zuidkant
668,Desguinlei 100,2023-03-17,22:00:00,57,13,44,FMN 21 Desguinlei Zuidkant
668,Desguinlei 100,2023-03-17,23:00:00,35,8,27,FMN 21 Desguinlei Zuidkant
668,Desguinlei 100,2023-03-18,00:00:00,26,6,20,FMN 21 Desguinlei Zuidkant
668,Desguinlei 100,2023-03-18,01:00:00,36,9,27,FMN 21 Desguinlei Zuidkant
668,Desguinlei 100,2023-03-18,02:00:00,12,5,7,FMN 21 Desguinlei Zuidkant
668,Desguinlei 100,2023-03-18,03:00:00,18,6,12,FMN 21 Desguinlei Zuidkant
668,Desguinlei 100,2023-03-18,04:00:00,5,1,4,FMN 21 Desguinlei Zuidkant
668,Desguinlei 100,2023-03-18,05:00:00,11,5,6,FMN 21 Desguinlei Zuidkant
668,Desguinlei 100,2023-03-18,06:00:00,18,4,14,FMN 21 Desguinlei Zuidkant
668,Desguinlei 100,2023-03-18,07:00:00,23,6,17,FMN 21 Desguinlei Zuidkant
668,Desguinlei 100,2023-03-18,08:00:00,43,9,34,FMN 21 Desguinlei Zuidkant
668,Desguinlei 100,2023-03-18,09:00:00,77,19,58,FMN 21 Desguinlei Zuidkant
668,Desguinlei 100,2023-03-18,10:00:00,74,30,44,FMN 21 Desguinlei Zuidkant
668,Desguinlei 100,2023-03-18,11:00:00,73,24,49,FMN 21 Desguinlei Zuidkant
668,Desguinlei 100,2023-03-18,12:00:00,75,26,49,FMN 21 Desguinlei Zuidkant
668,Desguinlei 100,2023-03-18,13:00:00,67,29,38,FMN 21 Desguinlei Zuidkant
668,Desguinlei 100,2023-03-18,14:00:00,65,11,54,FMN 21 Desguinlei Zuidkant
668,Desguinlei 100,2023-03-18,15:00:00,101,36,65,FMN 21 Desguinlei Zuidkant
668,Desguinlei 100,2023-03-18,16:00:00,79,26,53,FMN 21 Desguinlei Zuidkant
668,Desguinlei 100,2023-03-18,17:00:00,75,23,52,FMN 21 Desguinlei Zuidkant
668,Desguinlei 100,2023-03-18,18:00:00,86,28,58,FMN 21 Desguinlei Zuidkant
668,Desguinlei 100,2023-03-18,19:00:00,57,28,29,FMN 21 Desguinlei Zuidkant
668,Desguinlei 100,2023-03-18,20:00:00,49,20,29,FMN 21 Desguinlei Zuidkant
668,Desguinlei 100,2023-03-18,21:00:00,27,3,24,FMN 21 Desguinlei Zuidkant
668,Desguinlei 100,2023-03-18,22:00:00,47,16,31,FMN 21 Desguinlei Zuidkant
668,Desguinlei 100,2023-03-18,23:00:00,23,2,21,FMN 21 Desguinlei Zuidkant
668,Desguinlei 100,2023-03-19,00:00:00,25,7,18,FMN 21 Desguinlei Zuidkant
668,Desguinlei 100,2023-03-19,01:00:00,16,4,12,FMN 21 Desguinlei Zuidkant
668,Desguinlei 100,2023-03-19,02:00:00,17,4,13,FMN 21 Desguinlei Zuidkant
668,Desguinlei 100,2023-03-19,03:00:00,5,0,5,FMN 21 Desguinlei Zuidkant
668,Desguinlei 100,2023-03-19,04:00:00,7,4,3,FMN 21 Desguinlei Zuidkant
668,Desguinlei 100,2023-03-19,05:00:00,11,1,10,FMN 21 Desguinlei Zuidkant
668,Desguinlei 100,2023-03-19,06:00:00,9,2,7,FMN 21 Desguinlei Zuidkant
668,Desguinlei 100,2023-03-19,07:00:00,9,1,8,FMN 21 Desguinlei Zuidkant
668,Desguinlei 100,2023-03-19,08:00:00,24,1,23,FMN 21 Desguinlei Zuidkant
668,Desguinlei 100,2023-03-19,09:00:00,74,25,49,FMN 21 Desguinlei Zuidkant
668,Desguinlei 100,2023-03-19,10:00:00,69,18,51,FMN 21 Desguinlei Zuidkant
668,Desguinlei 100,2023-03-19,11:00:00,65,30,35,FMN 21 Desguinlei Zuidkant
668,Desguinlei 100,2023-03-19,12:00:00,90,30,60,FMN 21 Desguinlei Zuidkant
668,Desguinlei 100,2023-03-19,13:00:00,61,18,43,FMN 21 Desguinlei Zuidkant
668,Desguinlei 100,2023-03-19,14:00:00,61,18,43,FMN 21 Desguinlei Zuidkant
668,Desguinlei 100,2023-03-19,15:00:00,60,18,42,FMN 21 Desguinlei Zuidkant
668,Desguinlei 100,2023-03-19,16:00:00,46,9,37,FMN 21 Desguinlei Zuidkant
668,Desguinlei 100,2023-03-19,17:00:00,48,20,28,FMN 21 Desguinlei Zuidkant
668,Desguinlei 100,2023-03-19,18:00:00,48,12,36,FMN 21 Desguinlei Zuidkant
668,Desguinlei 100,2023-03-19,19:00:00,46,15,31,FMN 21 Desguinlei Zuidkant
668,Desguinlei 100,2023-03-19,20:00:00,32,13,19,FMN 21 Desguinlei Zuidkant
668,Desguinlei 100,2023-03-19,21:00:00,19,5,14,FMN 21 Desguinlei Zuidkant
668,Desguinlei 100,2023-03-19,22:00:00,22,10,12,FMN 21 Desguinlei Zuidkant
668,Desguinlei 100,2023-03-19,23:00:00,15,5,10,FMN 21 Desguinlei Zuidkant
668,Desguinlei 100,2023-03-20,00:00:00,4,0,4,FMN 21 Desguinlei Zuidkant
668,Desguinlei 100,2023-03-20,01:00:00,4,1,3,FMN 21 Desguinlei Zuidkant
668,Desguinlei 100,2023-03-20,02:00:00,1,0,1,FMN 21 Desguinlei Zuidkant
668,Desguinlei 100,2023-03-20,03:00:00,2,1,1,FMN 21 Desguinlei Zuidkant
668,Desguinlei 100,2023-03-20,04:00:00,10,3,7,FMN 21 Desguinlei Zuidkant
668,Desguinlei 100,2023-03-20,05:00:00,15,3,12,FMN 21 Desguinlei Zuidkant
668,Desguinlei 100,2023-03-20,06:00:00,48,19,29,FMN 21 Desguinlei Zuidkant
668,Desguinlei 100,2023-03-20,07:00:00,111,38,73,FMN 21 Desguinlei Zuidkant
668,Desguinlei 100,2023-03-20,08:00:00,226,94,132,FMN 21 Desguinlei Zuidkant
668,Desguinlei 100,2023-03-20,09:00:00,92,34,58,FMN 21 Desguinlei Zuidkant
668,Desguinlei 100,2023-03-20,10:00:00,62,24,38,FMN 21 Desguinlei Zuidkant
668,Desguinlei 100,2023-03-20,11:00:00,69,17,52,FMN 21 Desguinlei Zuidkant
668,Desguinlei 100,2023-03-20,12:00:00,101,36,65,FMN 21 Desguinlei Zuidkant
668,Desguinlei 100,2023-03-20,13:00:00,99,33,66,FMN 21 Desguinlei Zuidkant
668,Desguinlei 100,2023-03-20,14:00:00,93,22,71,FMN 21 Desguinlei Zuidkant
668,Desguinlei 100,2023-03-20,15:00:00,148,27,121,FMN 21 Desguinlei Zuidkant
668,Desguinlei 100,2023-03-20,16:00:00,225,52,173,FMN 21 Desguinlei Zuidkant
668,Desguinlei 100,2023-03-20,17:00:00,212,37,175,FMN 21 Desguinlei Zuidkant
668,Desguinlei 100,2023-03-20,18:00:00,203,53,150,FMN 21 Desguinlei Zuidkant
668,Desguinlei 100,2023-03-20,19:00:00,105,42,63,FMN 21 Desguinlei Zuidkant
668,Desguinlei 100,2023-03-20,20:00:00,88,30,58,FMN 21 Desguinlei Zuidkant
668,Desguinlei 100,2023-03-20,21:00:00,73,35,38,FMN 21 Desguinlei Zuidkant
668,Desguinlei 100,2023-03-20,22:00:00,46,20,26,FMN 21 Desguinlei Zuidkant
668,Desguinlei 100,2023-03-20,23:00:00,19,4,15,FMN 21 Desguinlei Zuidkant
668,Desguinlei 100,2023-03-21,00:00:00,2,0,2,FMN 21 Desguinlei Zuidkant
668,Desguinlei 100,2023-03-21,01:00:00,6,4,2,FMN 21 Desguinlei Zuidkant
668,Desguinlei 100,2023-03-21,02:00:00,4,1,3,FMN 21 Desguinlei Zuidkant
668,Desguinlei 100,2023-03-21,03:00:00,0,0,0,FMN 21 Desguinlei Zuidkant
668,Desguinlei 100,2023-03-21,04:00:00,11,2,9,FMN 21 Desguinlei Zuidkant
668,Desguinlei 100,2023-03-21,05:00:00,14,2,12,FMN 21 Desguinlei Zuidkant
668,Desguinlei 100,2023-03-21,06:00:00,49,14,35,FMN 21 Desguinlei Zuidkant
668,Desguinlei 100,2023-03-21,07:00:00,126,39,87,FMN 21 Desguinlei Zuidkant
668,Desguinlei 100,2023-03-21,08:00:00,204,85,119,FMN 21 Desguinlei Zuidkant
668,Desguinlei 100,2023-03-21,09:00:00,76,37,39,FMN 21 Desguinlei Zuidkant
668,Desguinlei 100,2023-03-21,10:00:00,73,26,47,FMN 21 Desguinlei Zuidkant
668,Desguinlei 100,2023-03-21,11:00:00,60,16,44,FMN 21 Desguinlei Zuidkant
668,Desguinlei 100,2023-03-21,12:00:00,103,24,79,FMN 21 Desguinlei Zuidkant
668,Desguinlei 100,2023-03-21,13:00:00,91,32,59,FMN 21 Desguinlei Zuidkant
668,Desguinlei 100,2023-03-21,14:00:00,88,26,62,FMN 21 Desguinlei Zuidkant
668,Desguinlei 100,2023-03-21,15:00:00,135,18,117,FMN 21 Desguinlei Zuidkant
668,Desguinlei 100,2023-03-21,16:00:00,201,39,162,FMN 21 Desguinlei Zuidkant
668,Desguinlei 100,2023-03-21,17:00:00,199,33,166,FMN 21 Desguinlei Zuidkant
668,Desguinlei 100,2023-03-21,18:00:00,129,31,98,FMN 21 Desguinlei Zuidkant
668,Desguinlei 100,2023-03-21,19:00:00,82,30,52,FMN 21 Desguinlei Zuidkant
668,Desguinlei 100,2023-03-21,20:00:00,67,27,40,FMN 21 Desguinlei Zuidkant
668,Desguinlei 100,2023-03-21,21:00:00,59,24,35,FMN 21 Desguinlei Zuidkant
668,Desguinlei 100,2023-03-21,22:00:00,64,23,41,FMN 21 Desguinlei Zuidkant
668,Desguinlei 100,2023-03-21,23:00:00,18,7,11,FMN 21 Desguinlei Zuidkant
668,Desguinlei 100,2023-03-22,00:00:00,11,3,8,FMN 21 Desguinlei Zuidkant
668,Desguinlei 100,2023-03-22,01:00:00,3,1,2,FMN 21 Desguinlei Zuidkant
668,Desguinlei 100,2023-03-22,02:00:00,2,0,2,FMN 21 Desguinlei Zuidkant
668,Desguinlei 100,2023-03-22,03:00:00,1,0,1,FMN 21 Desguinlei Zuidkant
668,Desguinlei 100,2023-03-22,04:00:00,14,4,10,FMN 21 Desguinlei Zuidkant
668,Desguinlei 100,2023-03-22,05:00:00,15,7,8,FMN 21 Desguinlei Zuidkant
668,Desguinlei 100,2023-03-22,06:00:00,42,14,28,FMN 21 Desguinlei Zuidkant
668,Desguinlei 100,2023-03-22,07:00:00,109,34,75,FMN 21 Desguinlei Zuidkant
668,Desguinlei 100,2023-03-22,08:00:00,199,77,122,FMN 21 Desguinlei Zuidkant
668,Desguinlei 100,2023-03-22,09:00:00,88,42,46,FMN 21 Desguinlei Zuidkant
668,Desguinlei 100,2023-03-22,10:00:00,68,26,42,FMN 21 Desguinlei Zuidkant
668,Desguinlei 100,2023-03-22,11:00:00,65,21,44,FMN 21 Desguinlei Zuidkant
668,Desguinlei 100,2023-03-22,12:00:00,128,29,99,FMN 21 Desguinlei Zuidkant
668,Desguinlei 100,2023-03-22,13:00:00,80,26,54,FMN 21 Desguinlei Zuidkant
668,Desguinlei 100,2023-03-22,14:00:00,64,29,35,FMN 21 Desguinlei Zuidkant
668,Desguinlei 100,2023-03-22,15:00:00,99,39,60,FMN 21 Desguinlei Zuidkant
668,Desguinlei 100,2023-03-22,16:00:00,135,27,108,FMN 21 Desguinlei Zuidkant
668,Desguinlei 100,2023-03-22,17:00:00,192,49,143,FMN 21 Desguinlei Zuidkant
668,Desguinlei 100,2023-03-22,18:00:00,145,42,103,FMN 21 Desguinlei Zuidkant
668,Desguinlei 100,2023-03-22,19:00:00,101,40,61,FMN 21 Desguinlei Zuidkant
668,Desguinlei 100,2023-03-22,20:00:00,67,29,38,FMN 21 Desguinlei Zuidkant
668,Desguinlei 100,2023-03-22,21:00:00,82,36,46,FMN 21 Desguinlei Zuidkant
668,Desguinlei 100,2023-03-22,22:00:00,35,9,26,FMN 21 Desguinlei Zuidkant
668,Desguinlei 100,2023-03-22,23:00:00,30,12,18,FMN 21 Desguinlei Zuidkant
668,Desguinlei 100,2023-03-23,00:00:00,7,0,7,FMN 21 Desguinlei Zuidkant
668,Desguinlei 100,2023-03-23,01:00:00,3,1,2,FMN 21 Desguinlei Zuidkant
668,Desguinlei 100,2023-03-23,02:00:00,0,0,0,FMN 21 Desguinlei Zuidkant
668,Desguinlei 100,2023-03-23,03:00:00,1,0,1,FMN 21 Desguinlei Zuidkant
668,Desguinlei 100,2023-03-23,04:00:00,9,2,7,FMN 21 Desguinlei Zuidkant
668,Desguinlei 100,2023-03-23,05:00:00,14,5,9,FMN 21 Desguinlei Zuidkant
668,Desguinlei 100,2023-03-23,06:00:00,50,16,34,FMN 21 Desguinlei Zuidkant
668,Desguinlei 100,2023-03-23,07:00:00,104,34,70,FMN 21 Desguinlei Zuidkant
668,Desguinlei 100,2023-03-23,08:00:00,150,62,88,FMN 21 Desguinlei Zuidkant
668,Desguinlei 100,2023-03-23,09:00:00,90,38,52,FMN 21 Desguinlei Zuidkant
668,Desguinlei 100,2023-03-23,10:00:00,72,23,49,FMN 21 Desguinlei Zuidkant
668,Desguinlei 100,2023-03-23,11:00:00,61,22,39,FMN 21 Desguinlei Zuidkant
668,Desguinlei 100,2023-03-23,12:00:00,91,21,70,FMN 21 Desguinlei Zuidkant
668,Desguinlei 100,2023-03-23,13:00:00,73,22,51,FMN 21 Desguinlei Zuidkant
668,Desguinlei 100,2023-03-23,14:00:00,59,17,42,FMN 21 Desguinlei Zuidkant
668,Desguinlei 100,2023-03-23,15:00:00,129,27,102,FMN 21 Desguinlei Zuidkant
668,Desguinlei 100,2023-03-23,16:00:00,169,43,126,FMN 21 Desguinlei Zuidkant
668,Desguinlei 100,2023-03-23,17:00:00,175,48,127,FMN 21 Desguinlei Zuidkant
668,Desguinlei 100,2023-03-23,18:00:00,153,46,107,FMN 21 Desguinlei Zuidkant
668,Desguinlei 100,2023-03-23,19:00:00,86,30,56,FMN 21 Desguinlei Zuidkant
668,Desguinlei 100,2023-03-23,20:00:00,65,23,42,FMN 21 Desguinlei Zuidkant
668,Desguinlei 100,2023-03-23,21:00:00,49,21,28,FMN 21 Desguinlei Zuidkant
668,Desguinlei 100,2023-03-23,22:00:00,49,22,27,FMN 21 Desguinlei Zuidkant
668,Desguinlei 100,2023-03-23,23:00:00,28,11,17,FMN 21 Desguinlei Zuidkant
668,Desguinlei 100,2023-03-24,00:00:00,10,2,8,FMN 21 Desguinlei Zuidkant
668,Desguinlei 100,2023-03-24,01:00:00,6,3,3,FMN 21 Desguinlei Zuidkant
668,Desguinlei 100,2023-03-24,02:00:00,2,1,1,FMN 21 Desguinlei Zuidkant
668,Desguinlei 100,2023-03-24,03:00:00,1,0,1,FMN 21 Desguinlei Zuidkant
668,Desguinlei 100,2023-03-24,04:00:00,8,2,6,FMN 21 Desguinlei Zuidkant
668,Desguinlei 100,2023-03-24,05:00:00,9,2,7,FMN 21 Desguinlei Zuidkant
668,Desguinlei 100,2023-03-24,06:00:00,37,12,25,FMN 21 Desguinlei Zuidkant
668,Desguinlei 100,2023-03-24,07:00:00,91,31,60,FMN 21 Desguinlei Zuidkant
668,Desguinlei 100,2023-03-24,08:00:00,191,74,117,FMN 21 Desguinlei Zuidkant
668,Desguinlei 100,2023-03-24,09:00:00,92,36,56,FMN 21 Desguinlei Zuidkant
668,Desguinlei 100,2023-03-24,10:00:00,94,38,56,FMN 21 Desguinlei Zuidkant
668,Desguinlei 100,2023-03-24,11:00:00,64,24,40,FMN 21 Desguinlei Zuidkant
668,Desguinlei 100,2023-03-24,12:00:00,104,27,77,FMN 21 Desguinlei Zuidkant
668,Desguinlei 100,2023-03-24,13:00:00,79,20,59,FMN 21 Desguinlei Zuidkant
668,Desguinlei 100,2023-03-24,14:00:00,80,22,58,FMN 21 Desguinlei Zuidkant
668,Desguinlei 100,2023-03-24,15:00:00,107,28,79,FMN 21 Desguinlei Zuidkant
668,Desguinlei 100,2023-03-24,16:00:00,176,43,133,FMN 21 Desguinlei Zuidkant
668,Desguinlei 100,2023-03-24,17:00:00,163,39,124,FMN 21 Desguinlei Zuidkant
668,Desguinlei 100,2023-03-24,18:00:00,108,35,73,FMN 21 Desguinlei Zuidkant
668,Desguinlei 100,2023-03-24,19:00:00,118,63,55,FMN 21 Desguinlei Zuidkant
668,Desguinlei 100,2023-03-24,20:00:00,59,13,46,FMN 21 Desguinlei Zuidkant
668,Desguinlei 100,2023-03-24,21:00:00,76,16,60,FMN 21 Desguinlei Zuidkant
668,Desguinlei 100,2023-03-24,22:00:00,54,12,42,FMN 21 Desguinlei Zuidkant
668,Desguinlei 100,2023-03-24,23:00:00,33,6,27,FMN 21 Desguinlei Zuidkant
668,Desguinlei 100,2023-03-25,00:00:00,29,4,25,FMN 21 Desguinlei Zuidkant
668,Desguinlei 100,2023-03-25,01:00:00,23,7,16,FMN 21 Desguinlei Zuidkant
668,Desguinlei 100,2023-03-25,02:00:00,17,2,15,FMN 21 Desguinlei Zuidkant
668,Desguinlei 100,2023-03-25,03:00:00,8,2,6,FMN 21 Desguinlei Zuidkant
668,Desguinlei 100,2023-03-25,04:00:00,5,1,4,FMN 21 Desguinlei Zuidkant
668,Desguinlei 100,2023-03-25,05:00:00,8,1,7,FMN 21 Desguinlei Zuidkant
668,Desguinlei 100,2023-03-25,06:00:00,13,2,11,FMN 21 Desguinlei Zuidkant
668,Desguinlei 100,2023-03-25,07:00:00,9,2,7,FMN 21 Desguinlei Zuidkant
668,Desguinlei 100,2023-03-25,08:00:00,23,3,20,FMN 21 Desguinlei Zuidkant
668,Desguinlei 100,2023-03-25,09:00:00,39,7,32,FMN 21 Desguinlei Zuidkant
668,Desguinlei 100,2023-03-25,10:00:00,43,13,30,FMN 21 Desguinlei Zuidkant
668,Desguinlei 100,2023-03-25,11:00:00,36,8,28,FMN 21 Desguinlei Zuidkant
668,Desguinlei 100,2023-03-25,12:00:00,50,26,24,FMN 21 Desguinlei Zuidkant
668,Desguinlei 100,2023-03-25,13:00:00,44,12,32,FMN 21 Desguinlei Zuidkant
668,Desguinlei 100,2023-03-25,14:00:00,28,7,21,FMN 21 Desguinlei Zuidkant
668,Desguinlei 100,2023-03-25,15:00:00,31,10,21,FMN 21 Desguinlei Zuidkant
668,Desguinlei 100,2023-03-25,16:00:00,41,8,33,FMN 21 Desguinlei Zuidkant
668,Desguinlei 100,2023-03-25,17:00:00,46,8,38,FMN 21 Desguinlei Zuidkant
668,Desguinlei 100,2023-03-25,18:00:00,57,19,38,FMN 21 Desguinlei Zuidkant
668,Desguinlei 100,2023-03-25,19:00:00,40,22,18,FMN 21 Desguinlei Zuidkant
668,Desguinlei 100,2023-03-25,20:00:00,39,11,28,FMN 21 Desguinlei Zuidkant
668,Desguinlei 100,2023-03-25,21:00:00,44,7,37,FMN 21 Desguinlei Zuidkant
668,Desguinlei 100,2023-03-25,22:00:00,35,3,32,FMN 21 Desguinlei Zuidkant
668,Desguinlei 100,2023-03-25,23:00:00,21,5,16,FMN 21 Desguinlei Zuidkant
668,Desguinlei 100,2023-03-26,00:00:00,23,2,21,FMN 21 Desguinlei Zuidkant
668,Desguinlei 100,2023-03-26,01:00:00,24,6,18,FMN 21 Desguinlei Zuidkant
668,Desguinlei 100,2023-03-26,02:00:00,0,0,0,FMN 21 Desguinlei Zuidkant
668,Desguinlei 100,2023-03-26,03:00:00,22,5,17,FMN 21 Desguinlei Zuidkant
668,Desguinlei 100,2023-03-26,04:00:00,4,2,2,FMN 21 Desguinlei Zuidkant
668,Desguinlei 100,2023-03-26,05:00:00,6,0,6,FMN 21 Desguinlei Zuidkant
668,Desguinlei 100,2023-03-26,06:00:00,8,0,8,FMN 21 Desguinlei Zuidkant
668,Desguinlei 100,2023-03-26,07:00:00,11,2,9,FMN 21 Desguinlei Zuidkant
668,Desguinlei 100,2023-03-26,08:00:00,6,1,5,FMN 21 Desguinlei Zuidkant
668,Desguinlei 100,2023-03-26,09:00:00,29,4,25,FMN 21 Desguinlei Zuidkant
668,Desguinlei 100,2023-03-26,10:00:00,31,9,22,FMN 21 Desguinlei Zuidkant
668,Desguinlei 100,2023-03-26,11:00:00,23,8,15,FMN 21 Desguinlei Zuidkant
668,Desguinlei 100,2023-03-26,12:00:00,37,13,24,FMN 21 Desguinlei Zuidkant
668,Desguinlei 100,2023-03-26,13:00:00,31,14,17,FMN 21 Desguinlei Zuidkant
668,Desguinlei 100,2023-03-26,14:00:00,37,13,24,FMN 21 Desguinlei Zuidkant
668,Desguinlei 100,2023-03-26,15:00:00,32,11,21,FMN 21 Desguinlei Zuidkant
668,Desguinlei 100,2023-03-26,16:00:00,25,5,20,FMN 21 Desguinlei Zuidkant
668,Desguinlei 100,2023-03-26,17:00:00,44,12,32,FMN 21 Desguinlei Zuidkant
668,Desguinlei 100,2023-03-26,18:00:00,32,9,23,FMN 21 Desguinlei Zuidkant
668,Desguinlei 100,2023-03-26,19:00:00,24,4,20,FMN 21 Desguinlei Zuidkant
668,Desguinlei 100,2023-03-26,20:00:00,16,5,11,FMN 21 Desguinlei Zuidkant
668,Desguinlei 100,2023-03-26,21:00:00,15,3,12,FMN 21 Desguinlei Zuidkant
668,Desguinlei 100,2023-03-26,22:00:00,27,7,20,FMN 21 Desguinlei Zuidkant
668,Desguinlei 100,2023-03-26,23:00:00,11,4,7,FMN 21 Desguinlei Zuidkant
668,Desguinlei 100,2023-03-27,00:00:00,5,0,5,FMN 21 Desguinlei Zuidkant
668,Desguinlei 100,2023-03-27,01:00:00,4,1,3,FMN 21 Desguinlei Zuidkant
668,Desguinlei 100,2023-03-27,02:00:00,0,0,0,FMN 21 Desguinlei Zuidkant
668,Desguinlei 100,2023-03-27,03:00:00,0,0,0,FMN 21 Desguinlei Zuidkant
668,Desguinlei 100,2023-03-27,04:00:00,7,3,4,FMN 21 Desguinlei Zuidkant
668,Desguinlei 100,2023-03-27,05:00:00,19,3,16,FMN 21 Desguinlei Zuidkant
668,Desguinlei 100,2023-03-27,06:00:00,57,19,38,FMN 21 Desguinlei Zuidkant
668,Desguinlei 100,2023-03-27,07:00:00,87,25,62,FMN 21 Desguinlei Zuidkant
668,Desguinlei 100,2023-03-27,08:00:00,194,83,111,FMN 21 Desguinlei Zuidkant
668,Desguinlei 100,2023-03-27,09:00:00,103,40,63,FMN 21 Desguinlei Zuidkant
668,Desguinlei 100,2023-03-27,10:00:00,74,32,42,FMN 21 Desguinlei Zuidkant
668,Desguinlei 100,2023-03-27,11:00:00,48,18,30,FMN 21 Desguinlei Zuidkant
668,Desguinlei 100,2023-03-27,12:00:00,98,39,59,FMN 21 Desguinlei Zuidkant
668,Desguinlei 100,2023-03-27,13:00:00,86,40,46,FMN 21 Desguinlei Zuidkant
668,Desguinlei 100,2023-03-27,14:00:00,97,18,79,FMN 21 Desguinlei Zuidkant
668,Desguinlei 100,2023-03-27,15:00:00,136,24,112,FMN 21 Desguinlei Zuidkant
668,Desguinlei 100,2023-03-27,16:00:00,205,56,149,FMN 21 Desguinlei Zuidkant
668,Desguinlei 100,2023-03-27,17:00:00,207,42,165,FMN 21 Desguinlei Zuidkant
668,Desguinlei 100,2023-03-27,18:00:00,134,53,81,FMN 21 Desguinlei Zuidkant
668,Desguinlei 100,2023-03-27,19:00:00,113,40,73,FMN 21 Desguinlei Zuidkant
668,Desguinlei 100,2023-03-27,20:00:00,79,36,43,FMN 21 Desguinlei Zuidkant
668,Desguinlei 100,2023-03-27,21:00:00,61,28,33,FMN 21 Desguinlei Zuidkant
668,Desguinlei 100,2023-03-27,22:00:00,47,20,27,FMN 21 Desguinlei Zuidkant
668,Desguinlei 100,2023-03-27,23:00:00,12,2,10,FMN 21 Desguinlei Zuidkant
668,Desguinlei 100,2023-03-28,00:00:00,8,0,8,FMN 21 Desguinlei Zuidkant
668,Desguinlei 100,2023-03-28,01:00:00,11,6,5,FMN 21 Desguinlei Zuidkant
668,Desguinlei 100,2023-03-28,02:00:00,1,1,0,FMN 21 Desguinlei Zuidkant
668,Desguinlei 100,2023-03-28,03:00:00,2,1,1,FMN 21 Desguinlei Zuidkant
668,Desguinlei 100,2023-03-28,04:00:00,7,2,5,FMN 21 Desguinlei Zuidkant
668,Desguinlei 100,2023-03-28,05:00:00,16,5,11,FMN 21 Desguinlei Zuidkant
668,Desguinlei 100,2023-03-28,06:00:00,40,16,24,FMN 21 Desguinlei Zuidkant
668,Desguinlei 100,2023-03-28,07:00:00,103,38,65,FMN 21 Desguinlei Zuidkant
668,Desguinlei 100,2023-03-28,08:00:00,211,85,126,FMN 21 Desguinlei Zuidkant
668,Desguinlei 100,2023-03-28,09:00:00,75,43,32,FMN 21 Desguinlei Zuidkant
668,Desguinlei 100,2023-03-28,10:00:00,41,20,21,FMN 21 Desguinlei Zuidkant
668,Desguinlei 100,2023-03-28,11:00:00,37,19,18,FMN 21 Desguinlei Zuidkant
668,Desguinlei 100,2023-03-28,12:00:00,78,35,43,FMN 21 Desguinlei Zuidkant
668,Desguinlei 100,2023-03-28,13:00:00,66,26,40,FMN 21 Desguinlei Zuidkant
668,Desguinlei 100,2023-03-28,14:00:00,71,35,36,FMN 21 Desguinlei Zuidkant
668,Desguinlei 100,2023-03-28,15:00:00,89,35,54,FMN 21 Desguinlei Zuidkant
668,Desguinlei 100,2023-03-28,16:00:00,147,48,99,FMN 21 Desguinlei Zuidkant
668,Desguinlei 100,2023-03-28,17:00:00,157,71,86,FMN 21 Desguinlei Zuidkant
668,Desguinlei 100,2023-03-28,18:00:00,110,48,62,FMN 21 Desguinlei Zuidkant
668,Desguinlei 100,2023-03-28,19:00:00,86,41,45,FMN 21 Desguinlei Zuidkant
668,Desguinlei 100,2023-03-28,20:00:00,50,28,22,FMN 21 Desguinlei Zuidkant
668,Desguinlei 100,2023-03-28,21:00:00,38,28,10,FMN 21 Desguinlei Zuidkant
668,Desguinlei 100,2023-03-28,22:00:00,27,16,11,FMN 21 Desguinlei Zuidkant
668,Desguinlei 100,2023-03-28,23:00:00,14,9,5,FMN 21 Desguinlei Zuidkant
668,Desguinlei 100,2023-03-29,00:00:00,9,3,6,FMN 21 Desguinlei Zuidkant
668,Desguinlei 100,2023-03-29,01:00:00,4,2,2,FMN 21 Desguinlei Zuidkant
668,Desguinlei 100,2023-03-29,02:00:00,0,0,0,FMN 21 Desguinlei Zuidkant
668,Desguinlei 100,2023-03-29,03:00:00,1,1,0,FMN 21 Desguinlei Zuidkant
668,Desguinlei 100,2023-03-29,04:00:00,10,6,4,FMN 21 Desguinlei Zuidkant
668,Desguinlei 100,2023-03-29,05:00:00,11,7,4,FMN 21 Desguinlei Zuidkant
668,Desguinlei 100,2023-03-29,06:00:00,30,16,14,FMN 21 Desguinlei Zuidkant
668,Desguinlei 100,2023-03-29,07:00:00,78,44,34,FMN 21 Desguinlei Zuidkant
668,Desguinlei 100,2023-03-29,08:00:00,157,76,81,FMN 21 Desguinlei Zuidkant
668,Desguinlei 100,2023-03-29,09:00:00,86,39,47,FMN 21 Desguinlei Zuidkant
668,Desguinlei 100,2023-03-29,10:00:00,38,26,12,FMN 21 Desguinlei Zuidkant
668,Desguinlei 100,2023-03-29,11:00:00,30,17,13,FMN 21 Desguinlei Zuidkant
668,Desguinlei 100,2023-03-29,12:00:00,89,50,39,FMN 21 Desguinlei Zuidkant
668,Desguinlei 100,2023-03-29,13:00:00,75,41,34,FMN 21 Desguinlei Zuidkant
668,Desguinlei 100,2023-03-29,14:00:00,57,41,16,FMN 21 Desguinlei Zuidkant
668,Desguinlei 100,2023-03-29,15:00:00,84,48,36,FMN 21 Desguinlei Zuidkant
668,Desguinlei 100,2023-03-29,16:00:00,168,77,91,FMN 21 Desguinlei Zuidkant
668,Desguinlei 100,2023-03-29,17:00:00,121,82,39,FMN 21 Desguinlei Zuidkant
668,Desguinlei 100,2023-03-29,18:00:00,107,67,40,FMN 21 Desguinlei Zuidkant
668,Desguinlei 100,2023-03-29,19:00:00,89,61,28,FMN 21 Desguinlei Zuidkant
668,Desguinlei 100,2023-03-29,20:00:00,63,44,19,FMN 21 Desguinlei Zuidkant
668,Desguinlei 100,2023-03-29,21:00:00,58,32,26,FMN 21 Desguinlei Zuidkant
668,Desguinlei 100,2023-03-29,22:00:00,53,22,31,FMN 21 Desguinlei Zuidkant
668,Desguinlei 100,2023-03-29,23:00:00,23,9,14,FMN 21 Desguinlei Zuidkant
668,Desguinlei 100,2023-03-30,00:00:00,5,3,2,FMN 21 Desguinlei Zuidkant
668,Desguinlei 100,2023-03-30,01:00:00,6,3,3,FMN 21 Desguinlei Zuidkant
668,Desguinlei 100,2023-03-30,02:00:00,2,1,1,FMN 21 Desguinlei Zuidkant
668,Desguinlei 100,2023-03-30,03:00:00,2,2,0,FMN 21 Desguinlei Zuidkant
668,Desguinlei 100,2023-03-30,04:00:00,12,7,5,FMN 21 Desguinlei Zuidkant
668,Desguinlei 100,2023-03-30,05:00:00,8,4,4,FMN 21 Desguinlei Zuidkant
668,Desguinlei 100,2023-03-30,06:00:00,35,20,15,FMN 21 Desguinlei Zuidkant
668,Desguinlei 100,2023-03-30,07:00:00,79,31,48,FMN 21 Desguinlei Zuidkant
668,Desguinlei 100,2023-03-30,08:00:00,154,88,66,FMN 21 Desguinlei Zuidkant
668,Desguinlei 100,2023-03-30,09:00:00,73,45,28,FMN 21 Desguinlei Zuidkant
668,Desguinlei 100,2023-03-30,10:00:00,54,26,28,FMN 21 Desguinlei Zuidkant
668,Desguinlei 100,2023-03-30,11:00:00,59,31,28,FMN 21 Desguinlei Zuidkant
668,Desguinlei 100,2023-03-30,12:00:00,57,25,32,FMN 21 Desguinlei Zuidkant
668,Desguinlei 100,2023-03-30,13:00:00,71,35,36,FMN 21 Desguinlei Zuidkant
668,Desguinlei 100,2023-03-30,14:00:00,68,34,34,FMN 21 Desguinlei Zuidkant
668,Desguinlei 100,2023-03-30,15:00:00,112,56,56,FMN 21 Desguinlei Zuidkant
668,Desguinlei 100,2023-03-30,16:00:00,179,67,112,FMN 21 Desguinlei Zuidkant
668,Desguinlei 100,2023-03-30,17:00:00,177,82,95,FMN 21 Desguinlei Zuidkant
668,Desguinlei 100,2023-03-30,18:00:00,115,60,55,FMN 21 Desguinlei Zuidkant
668,Desguinlei 100,2023-03-30,19:00:00,96,47,49,FMN 21 Desguinlei Zuidkant
668,Desguinlei 100,2023-03-30,20:00:00,66,32,34,FMN 21 Desguinlei Zuidkant
668,Desguinlei 100,2023-03-30,21:00:00,43,21,22,FMN 21 Desguinlei Zuidkant
668,Desguinlei 100,2023-03-30,22:00:00,65,22,43,FMN 21 Desguinlei Zuidkant
668,Desguinlei 100,2023-03-30,23:00:00,35,13,22,FMN 21 Desguinlei Zuidkant
668,Desguinlei 100,2023-03-31,00:00:00,14,1,13,FMN 21 Desguinlei Zuidkant
668,Desguinlei 100,2023-03-31,01:00:00,14,5,9,FMN 21 Desguinlei Zuidkant
668,Desguinlei 100,2023-03-31,02:00:00,4,0,4,FMN 21 Desguinlei Zuidkant
668,Desguinlei 100,2023-03-31,03:00:00,4,1,3,FMN 21 Desguinlei Zuidkant
668,Desguinlei 100,2023-03-31,04:00:00,5,2,3,FMN 21 Desguinlei Zuidkant
668,Desguinlei 100,2023-03-31,05:00:00,4,1,3,FMN 21 Desguinlei Zuidkant
668,Desguinlei 100,2023-03-31,06:00:00,31,10,21,FMN 21 Desguinlei Zuidkant
668,Desguinlei 100,2023-03-31,07:00:00,59,19,40,FMN 21 Desguinlei Zuidkant
668,Desguinlei 100,2023-03-31,08:00:00,131,62,69,FMN 21 Desguinlei Zuidkant
668,Desguinlei 100,2023-03-31,09:00:00,55,19,36,FMN 21 Desguinlei Zuidkant
668,Desguinlei 100,2023-03-31,10:00:00,57,21,36,FMN 21 Desguinlei Zuidkant
668,Desguinlei 100,2023-03-31,11:00:00,51,16,35,FMN 21 Desguinlei Zuidkant
668,Desguinlei 100,2023-03-31,12:00:00,70,27,43,FMN 21 Desguinlei Zuidkant
668,Desguinlei 100,2023-03-31,13:00:00,62,23,39,FMN 21 Desguinlei Zuidkant
668,Desguinlei 100,2023-03-31,14:00:00,66,16,50,FMN 21 Desguinlei Zuidkant
668,Desguinlei 100,2023-03-31,15:00:00,81,10,71,FMN 21 Desguinlei Zuidkant
668,Desguinlei 100,2023-03-31,16:00:00,105,21,84,FMN 21 Desguinlei Zuidkant
668,Desguinlei 100,2023-03-31,17:00:00,114,33,81,FMN 21 Desguinlei Zuidkant
668,Desguinlei 100,2023-03-31,18:00:00,84,30,54,FMN 21 Desguinlei Zuidkant
668,Desguinlei 100,2023-03-31,19:00:00,73,28,45,FMN 21 Desguinlei Zuidkant
668,Desguinlei 100,2023-03-31,20:00:00,32,11,21,FMN 21 Desguinlei Zuidkant
668,Desguinlei 100,2023-03-31,21:00:00,42,16,26,FMN 21 Desguinlei Zuidkant
668,Desguinlei 100,2023-03-31,22:00:00,42,8,34,FMN 21 Desguinlei Zuidkant
668,Desguinlei 100,2023-03-31,23:00:00,28,12,16,FMN 21 Desguinlei Zuidkant
668,Desguinlei 100,2023-04-01,00:00:00,18,9,9,FMN 21 Desguinlei Zuidkant
668,Desguinlei 100,2023-04-01,01:00:00,14,7,7,FMN 21 Desguinlei Zuidkant
668,Desguinlei 100,2023-04-01,02:00:00,15,2,13,FMN 21 Desguinlei Zuidkant
668,Desguinlei 100,2023-04-01,03:00:00,11,3,8,FMN 21 Desguinlei Zuidkant
668,Desguinlei 100,2023-04-01,04:00:00,10,3,7,FMN 21 Desguinlei Zuidkant
668,Desguinlei 100,2023-04-01,05:00:00,9,2,7,FMN 21 Desguinlei Zuidkant
668,Desguinlei 100,2023-04-01,06:00:00,13,0,13,FMN 21 Desguinlei Zuidkant
668,Desguinlei 100,2023-04-01,07:00:00,17,3,14,FMN 21 Desguinlei Zuidkant
668,Desguinlei 100,2023-04-01,08:00:00,25,2,23,FMN 21 Desguinlei Zuidkant
668,Desguinlei 100,2023-04-01,09:00:00,43,12,31,FMN 21 Desguinlei Zuidkant
668,Desguinlei 100,2023-04-01,10:00:00,33,9,24,FMN 21 Desguinlei Zuidkant
668,Desguinlei 100,2023-04-01,11:00:00,55,23,32,FMN 21 Desguinlei Zuidkant
668,Desguinlei 100,2023-04-01,12:00:00,48,19,29,FMN 21 Desguinlei Zuidkant
668,Desguinlei 100,2023-04-01,13:00:00,47,17,30,FMN 21 Desguinlei Zuidkant
668,Desguinlei 100,2023-04-01,14:00:00,33,10,23,FMN 21 Desguinlei Zuidkant
668,Desguinlei 100,2023-04-01,15:00:00,25,8,17,FMN 21 Desguinlei Zuidkant
668,Desguinlei 100,2023-04-01,16:00:00,34,12,22,FMN 21 Desguinlei Zuidkant
668,Desguinlei 100,2023-04-01,17:00:00,43,7,36,FMN 21 Desguinlei Zuidkant
668,Desguinlei 100,2023-04-01,18:00:00,36,10,26,FMN 21 Desguinlei Zuidkant
668,Desguinlei 100,2023-04-01,19:00:00,29,15,14,FMN 21 Desguinlei Zuidkant
668,Desguinlei 100,2023-04-01,20:00:00,44,14,30,FMN 21 Desguinlei Zuidkant
668,Desguinlei 100,2023-04-01,21:00:00,22,3,19,FMN 21 Desguinlei Zuidkant
668,Desguinlei 100,2023-04-01,22:00:00,20,10,10,FMN 21 Desguinlei Zuidkant
668,Desguinlei 100,2023-04-01,23:00:00,24,9,15,FMN 21 Desguinlei Zuidkant
668,Desguinlei 100,2023-04-02,00:00:00,15,6,9,FMN 21 Desguinlei Zuidkant
668,Desguinlei 100,2023-04-02,01:00:00,16,2,14,FMN 21 Desguinlei Zuidkant
668,Desguinlei 100,2023-04-02,02:00:00,11,0,11,FMN 21 Desguinlei Zuidkant
668,Desguinlei 100,2023-04-02,03:00:00,9,0,9,FMN 21 Desguinlei Zuidkant
668,Desguinlei 100,2023-04-02,04:00:00,4,0,4,FMN 21 Desguinlei Zuidkant
668,Desguinlei 100,2023-04-02,05:00:00,14,1,13,FMN 21 Desguinlei Zuidkant
668,Desguinlei 100,2023-04-02,06:00:00,16,3,13,FMN 21 Desguinlei Zuidkant
668,Desguinlei 100,2023-04-02,07:00:00,9,0,9,FMN 21 Desguinlei Zuidkant
668,Desguinlei 100,2023-04-02,08:00:00,40,9,31,FMN 21 Desguinlei Zuidkant
668,Desguinlei 100,2023-04-02,09:00:00,48,14,34,FMN 21 Desguinlei Zuidkant
668,Desguinlei 100,2023-04-02,10:00:00,49,19,30,FMN 21 Desguinlei Zuidkant
668,Desguinlei 100,2023-04-02,11:00:00,81,29,52,FMN 21 Desguinlei Zuidkant
668,Desguinlei 100,2023-04-02,12:00:00,76,26,50,FMN 21 Desguinlei Zuidkant
668,Desguinlei 100,2023-04-02,13:00:00,60,26,34,FMN 21 Desguinlei Zuidkant
668,Desguinlei 100,2023-04-02,14:00:00,66,39,27,FMN 21 Desguinlei Zuidkant
668,Desguinlei 100,2023-04-02,15:00:00,26,7,19,FMN 21 Desguinlei Zuidkant
668,Desguinlei 100,2023-04-02,16:00:00,54,5,49,FMN 21 Desguinlei Zuidkant
668,Desguinlei 100,2023-04-02,17:00:00,52,10,42,FMN 21 Desguinlei Zuidkant
668,Desguinlei 100,2023-04-02,18:00:00,58,13,45,FMN 21 Desguinlei Zuidkant
668,Desguinlei 100,2023-04-02,19:00:00,51,20,31,FMN 21 Desguinlei Zuidkant
668,Desguinlei 100,2023-04-02,20:00:00,35,12,23,FMN 21 Desguinlei Zuidkant
668,Desguinlei 100,2023-04-02,21:00:00,37,11,26,FMN 21 Desguinlei Zuidkant
668,Desguinlei 100,2023-04-02,22:00:00,35,7,28,FMN 21 Desguinlei Zuidkant
668,Desguinlei 100,2023-04-02,23:00:00,25,3,22,FMN 21 Desguinlei Zuidkant
668,Desguinlei 100,2023-04-03,00:00:00,10,1,9,FMN 21 Desguinlei Zuidkant
668,Desguinlei 100,2023-04-03,01:00:00,6,0,6,FMN 21 Desguinlei Zuidkant
668,Desguinlei 100,2023-04-03,02:00:00,2,0,2,FMN 21 Desguinlei Zuidkant
668,Desguinlei 100,2023-04-03,03:00:00,0,0,0,FMN 21 Desguinlei Zuidkant
668,Desguinlei 100,2023-04-03,04:00:00,7,2,5,FMN 21 Desguinlei Zuidkant
668,Desguinlei 100,2023-04-03,05:00:00,16,6,10,FMN 21 Desguinlei Zuidkant
668,Desguinlei 100,2023-04-03,06:00:00,42,16,26,FMN 21 Desguinlei Zuidkant
668,Desguinlei 100,2023-04-03,07:00:00,97,23,74,FMN 21 Desguinlei Zuidkant
668,Desguinlei 100,2023-04-03,08:00:00,126,46,80,FMN 21 Desguinlei Zuidkant
668,Desguinlei 100,2023-04-03,09:00:00,73,37,36,FMN 21 Desguinlei Zuidkant
668,Desguinlei 100,2023-04-03,10:00:00,42,20,22,FMN 21 Desguinlei Zuidkant
668,Desguinlei 100,2023-04-03,11:00:00,36,21,15,FMN 21 Desguinlei Zuidkant
668,Desguinlei 100,2023-04-03,12:00:00,51,22,29,FMN 21 Desguinlei Zuidkant
668,Desguinlei 100,2023-04-03,13:00:00,49,19,30,FMN 21 Desguinlei Zuidkant
668,Desguinlei 100,2023-04-03,14:00:00,50,24,26,FMN 21 Desguinlei Zuidkant
668,Desguinlei 100,2023-04-03,15:00:00,70,29,41,FMN 21 Desguinlei Zuidkant
668,Desguinlei 100,2023-04-03,16:00:00,108,55,53,FMN 21 Desguinlei Zuidkant
668,Desguinlei 100,2023-04-03,17:00:00,146,66,80,FMN 21 Desguinlei Zuidkant
668,Desguinlei 100,2023-04-03,18:00:00,98,42,56,FMN 21 Desguinlei Zuidkant
668,Desguinlei 100,2023-04-03,19:00:00,84,41,43,FMN 21 Desguinlei Zuidkant
668,Desguinlei 100,2023-04-03,20:00:00,53,35,18,FMN 21 Desguinlei Zuidkant
668,Desguinlei 100,2023-04-03,21:00:00,56,37,19,FMN 21 Desguinlei Zuidkant
668,Desguinlei 100,2023-04-03,22:00:00,42,23,19,FMN 21 Desguinlei Zuidkant
668,Desguinlei 100,2023-04-03,23:00:00,14,6,8,FMN 21 Desguinlei Zuidkant
668,Desguinlei 100,2023-04-04,00:00:00,6,3,3,FMN 21 Desguinlei Zuidkant
668,Desguinlei 100,2023-04-04,01:00:00,3,2,1,FMN 21 Desguinlei Zuidkant
668,Desguinlei 100,2023-04-04,02:00:00,0,0,0,FMN 21 Desguinlei Zuidkant
668,Desguinlei 100,2023-04-04,03:00:00,0,0,0,FMN 21 Desguinlei Zuidkant
668,Desguinlei 100,2023-04-04,04:00:00,8,1,7,FMN 21 Desguinlei Zuidkant
668,Desguinlei 100,2023-04-04,05:00:00,13,7,6,FMN 21 Desguinlei Zuidkant
668,Desguinlei 100,2023-04-04,06:00:00,39,22,17,FMN 21 Desguinlei Zuidkant
668,Desguinlei 100,2023-04-04,07:00:00,81,29,52,FMN 21 Desguinlei Zuidkant
668,Desguinlei 100,2023-04-04,08:00:00,151,66,85,FMN 21 Desguinlei Zuidkant
668,Desguinlei 100,2023-04-04,09:00:00,69,35,34,FMN 21 Desguinlei Zuidkant
668,Desguinlei 100,2023-04-04,10:00:00,45,22,23,FMN 21 Desguinlei Zuidkant
668,Desguinlei 100,2023-04-04,11:00:00,31,17,14,FMN 21 Desguinlei Zuidkant
668,Desguinlei 100,2023-04-04,12:00:00,54,32,22,FMN 21 Desguinlei Zuidkant
668,Desguinlei 100,2023-04-04,13:00:00,58,32,26,FMN 21 Desguinlei Zuidkant
668,Desguinlei 100,2023-04-04,14:00:00,49,21,28,FMN 21 Desguinlei Zuidkant
668,Desguinlei 100,2023-04-04,15:00:00,71,38,33,FMN 21 Desguinlei Zuidkant
668,Desguinlei 100,2023-04-04,16:00:00,125,73,52,FMN 21 Desguinlei Zuidkant
668,Desguinlei 100,2023-04-04,17:00:00,178,88,90,FMN 21 Desguinlei Zuidkant
668,Desguinlei 100,2023-04-04,18:00:00,124,75,49,FMN 21 Desguinlei Zuidkant
668,Desguinlei 100,2023-04-04,19:00:00,91,43,48,FMN 21 Desguinlei Zuidkant
668,Desguinlei 100,2023-04-04,20:00:00,29,15,14,FMN 21 Desguinlei Zuidkant
668,Desguinlei 100,2023-04-04,21:00:00,42,27,15,FMN 21 Desguinlei Zuidkant
668,Desguinlei 100,2023-04-04,22:00:00,32,23,9,FMN 21 Desguinlei Zuidkant
668,Desguinlei 100,2023-04-04,23:00:00,13,8,5,FMN 21 Desguinlei Zuidkant
668,Desguinlei 100,2023-04-05,00:00:00,8,2,6,FMN 21 Desguinlei Zuidkant
668,Desguinlei 100,2023-04-05,01:00:00,6,5,1,FMN 21 Desguinlei Zuidkant
668,Desguinlei 100,2023-04-05,02:00:00,1,1,0,FMN 21 Desguinlei Zuidkant
668,Desguinlei 100,2023-04-05,03:00:00,0,0,0,FMN 21 Desguinlei Zuidkant
668,Desguinlei 100,2023-04-05,04:00:00,6,2,4,FMN 21 Desguinlei Zuidkant
668,Desguinlei 100,2023-04-05,05:00:00,8,4,4,FMN 21 Desguinlei Zuidkant
668,Desguinlei 100,2023-04-05,06:00:00,40,17,23,FMN 21 Desguinlei Zuidkant
668,Desguinlei 100,2023-04-05,07:00:00,75,35,40,FMN 21 Desguinlei Zuidkant
668,Desguinlei 100,2023-04-05,08:00:00,139,75,64,FMN 21 Desguinlei Zuidkant
668,Desguinlei 100,2023-04-05,09:00:00,86,41,45,FMN 21 Desguinlei Zuidkant
668,Desguinlei 100,2023-04-05,10:00:00,47,27,20,FMN 21 Desguinlei Zuidkant
668,Desguinlei 100,2023-04-05,11:00:00,37,21,16,FMN 21 Desguinlei Zuidkant
668,Desguinlei 100,2023-04-05,12:00:00,50,35,15,FMN 21 Desguinlei Zuidkant
668,Desguinlei 100,2023-04-05,13:00:00,54,27,27,FMN 21 Desguinlei Zuidkant
668,Desguinlei 100,2023-04-05,14:00:00,68,36,32,FMN 21 Desguinlei Zuidkant
668,Desguinlei 100,2023-04-05,15:00:00,79,46,33,FMN 21 Desguinlei Zuidkant
668,Desguinlei 100,2023-04-05,16:00:00,138,82,56,FMN 21 Desguinlei Zuidkant
668,Desguinlei 100,2023-04-05,17:00:00,142,74,68,FMN 21 Desguinlei Zuidkant
668,Desguinlei 100,2023-04-05,18:00:00,165,106,59,FMN 21 Desguinlei Zuidkant
668,Desguinlei 100,2023-04-05,19:00:00,81,48,33,FMN 21 Desguinlei Zuidkant
668,Desguinlei 100,2023-04-05,20:00:00,77,31,46,FMN 21 Desguinlei Zuidkant
668,Desguinlei 100,2023-04-05,21:00:00,40,24,16,FMN 21 Desguinlei Zuidkant
668,Desguinlei 100,2023-04-05,22:00:00,24,11,13,FMN 21 Desguinlei Zuidkant
668,Desguinlei 100,2023-04-05,23:00:00,10,5,5,FMN 21 Desguinlei Zuidkant
668,Desguinlei 100,2023-04-06,00:00:00,10,4,6,FMN 21 Desguinlei Zuidkant
668,Desguinlei 100,2023-04-06,01:00:00,7,2,5,FMN 21 Desguinlei Zuidkant
668,Desguinlei 100,2023-04-06,02:00:00,3,1,2,FMN 21 Desguinlei Zuidkant
668,Desguinlei 100,2023-04-06,03:00:00,0,0,0,FMN 21 Desguinlei Zuidkant
668,Desguinlei 100,2023-04-06,04:00:00,6,2,4,FMN 21 Desguinlei Zuidkant
668,Desguinlei 100,2023-04-06,05:00:00,8,4,4,FMN 21 Desguinlei Zuidkant
668,Desguinlei 100,2023-04-06,06:00:00,32,10,22,FMN 21 Desguinlei Zuidkant
668,Desguinlei 100,2023-04-06,07:00:00,68,35,33,FMN 21 Desguinlei Zuidkant
668,Desguinlei 100,2023-04-06,08:00:00,89,42,47,FMN 21 Desguinlei Zuidkant
668,Desguinlei 100,2023-04-06,09:00:00,52,32,20,FMN 21 Desguinlei Zuidkant
668,Desguinlei 100,2023-04-06,10:00:00,23,12,11,FMN 21 Desguinlei Zuidkant
668,Desguinlei 100,2023-04-06,11:00:00,26,12,14,FMN 21 Desguinlei Zuidkant
668,Desguinlei 100,2023-04-06,12:00:00,33,16,17,FMN 21 Desguinlei Zuidkant
668,Desguinlei 100,2023-04-06,13:00:00,37,18,19,FMN 21 Desguinlei Zuidkant
668,Desguinlei 100,2023-04-06,14:00:00,22,11,11,FMN 21 Desguinlei Zuidkant
668,Desguinlei 100,2023-04-06,15:00:00,36,21,15,FMN 21 Desguinlei Zuidkant
668,Desguinlei 100,2023-04-06,16:00:00,79,32,47,FMN 21 Desguinlei Zuidkant
668,Desguinlei 100,2023-04-06,17:00:00,77,45,32,FMN 21 Desguinlei Zuidkant
668,Desguinlei 100,2023-04-06,18:00:00,71,29,42,FMN 21 Desguinlei Zuidkant
668,Desguinlei 100,2023-04-06,19:00:00,48,26,22,FMN 21 Desguinlei Zuidkant
668,Desguinlei 100,2023-04-06,20:00:00,30,16,14,FMN 21 Desguinlei Zuidkant
668,Desguinlei 100,2023-04-06,21:00:00,25,12,13,FMN 21 Desguinlei Zuidkant
668,Desguinlei 100,2023-04-06,22:00:00,24,11,13,FMN 21 Desguinlei Zuidkant
668,Desguinlei 100,2023-04-06,23:00:00,12,5,7,FMN 21 Desguinlei Zuidkant
668,Desguinlei 100,2023-04-07,00:00:00,9,4,5,FMN 21 Desguinlei Zuidkant
668,Desguinlei 100,2023-04-07,01:00:00,9,4,5,FMN 21 Desguinlei Zuidkant
668,Desguinlei 100,2023-04-07,02:00:00,1,1,0,FMN 21 Desguinlei Zuidkant
668,Desguinlei 100,2023-04-07,03:00:00,2,0,2,FMN 21 Desguinlei Zuidkant
668,Desguinlei 100,2023-04-07,04:00:00,7,2,5,FMN 21 Desguinlei Zuidkant
668,Desguinlei 100,2023-04-07,05:00:00,13,5,8,FMN 21 Desguinlei Zuidkant
668,Desguinlei 100,2023-04-07,06:00:00,24,9,15,FMN 21 Desguinlei Zuidkant
668,Desguinlei 100,2023-04-07,07:00:00,69,23,46,FMN 21 Desguinlei Zuidkant
668,Desguinlei 100,2023-04-07,08:00:00,90,42,48,FMN 21 Desguinlei Zuidkant
668,Desguinlei 100,2023-04-07,09:00:00,66,32,34,FMN 21 Desguinlei Zuidkant
668,Desguinlei 100,2023-04-07,10:00:00,51,28,23,FMN 21 Desguinlei Zuidkant
668,Desguinlei 100,2023-04-07,11:00:00,48,25,23,FMN 21 Desguinlei Zuidkant
668,Desguinlei 100,2023-04-07,12:00:00,67,27,40,FMN 21 Desguinlei Zuidkant
668,Desguinlei 100,2023-04-07,13:00:00,46,24,22,FMN 21 Desguinlei Zuidkant
668,Desguinlei 100,2023-04-07,14:00:00,48,27,21,FMN 21 Desguinlei Zuidkant
668,Desguinlei 100,2023-04-07,15:00:00,78,27,51,FMN 21 Desguinlei Zuidkant
668,Desguinlei 100,2023-04-07,16:00:00,74,28,46,FMN 21 Desguinlei Zuidkant
668,Desguinlei 100,2023-04-07,17:00:00,93,47,46,FMN 21 Desguinlei Zuidkant
668,Desguinlei 100,2023-04-07,18:00:00,87,40,47,FMN 21 Desguinlei Zuidkant
668,Desguinlei 100,2023-04-07,19:00:00,58,28,30,FMN 21 Desguinlei Zuidkant
668,Desguinlei 100,2023-04-07,20:00:00,33,15,18,FMN 21 Desguinlei Zuidkant
668,Desguinlei 100,2023-04-07,21:00:00,35,13,22,FMN 21 Desguinlei Zuidkant
668,Desguinlei 100,2023-04-07,22:00:00,25,10,15,FMN 21 Desguinlei Zuidkant
668,Desguinlei 100,2023-04-07,23:00:00,20,6,14,FMN 21 Desguinlei Zuidkant
668,Desguinlei 100,2023-04-08,00:00:00,20,9,11,FMN 21 Desguinlei Zuidkant
668,Desguinlei 100,2023-04-08,01:00:00,21,7,14,FMN 21 Desguinlei Zuidkant
668,Desguinlei 100,2023-04-08,02:00:00,11,3,8,FMN 21 Desguinlei Zuidkant
668,Desguinlei 100,2023-04-08,03:00:00,6,3,3,FMN 21 Desguinlei Zuidkant
668,Desguinlei 100,2023-04-08,04:00:00,9,6,3,FMN 21 Desguinlei Zuidkant
668,Desguinlei 100,2023-04-08,05:00:00,6,2,4,FMN 21 Desguinlei Zuidkant
668,Desguinlei 100,2023-04-08,06:00:00,10,6,4,FMN 21 Desguinlei Zuidkant
668,Desguinlei 100,2023-04-08,07:00:00,11,4,7,FMN 21 Desguinlei Zuidkant
668,Desguinlei 100,2023-04-08,08:00:00,20,5,15,FMN 21 Desguinlei Zuidkant
668,Desguinlei 100,2023-04-08,09:00:00,35,12,23,FMN 21 Desguinlei Zuidkant
668,Desguinlei 100,2023-04-08,10:00:00,41,20,21,FMN 21 Desguinlei Zuidkant
668,Desguinlei 100,2023-04-08,11:00:00,51,20,31,FMN 21 Desguinlei Zuidkant
668,Desguinlei 100,2023-04-08,12:00:00,36,20,16,FMN 21 Desguinlei Zuidkant
668,Desguinlei 100,2023-04-08,13:00:00,42,30,12,FMN 21 Desguinlei Zuidkant
668,Desguinlei 100,2023-04-08,14:00:00,37,16,21,FMN 21 Desguinlei Zuidkant
668,Desguinlei 100,2023-04-08,15:00:00,70,34,36,FMN 21 Desguinlei Zuidkant
668,Desguinlei 100,2023-04-08,16:00:00,57,31,26,FMN 21 Desguinlei Zuidkant
668,Desguinlei 100,2023-04-08,17:00:00,60,33,27,FMN 21 Desguinlei Zuidkant
668,Desguinlei 100,2023-04-08,18:00:00,81,33,48,FMN 21 Desguinlei Zuidkant
668,Desguinlei 100,2023-04-08,19:00:00,56,22,34,FMN 21 Desguinlei Zuidkant
668,Desguinlei 100,2023-04-08,20:00:00,26,11,15,FMN 21 Desguinlei Zuidkant
668,Desguinlei 100,2023-04-08,21:00:00,18,10,8,FMN 21 Desguinlei Zuidkant
668,Desguinlei 100,2023-04-08,22:00:00,17,7,10,FMN 21 Desguinlei Zuidkant
668,Desguinlei 100,2023-04-08,23:00:00,14,7,7,FMN 21 Desguinlei Zuidkant
668,Desguinlei 100,2023-04-09,00:00:00,17,5,12,FMN 21 Desguinlei Zuidkant
668,Desguinlei 100,2023-04-09,01:00:00,9,5,4,FMN 21 Desguinlei Zuidkant
668,Desguinlei 100,2023-04-09,02:00:00,4,2,2,FMN 21 Desguinlei Zuidkant
668,Desguinlei 100,2023-04-09,03:00:00,6,2,4,FMN 21 Desguinlei Zuidkant
668,Desguinlei 100,2023-04-09,04:00:00,2,1,1,FMN 21 Desguinlei Zuidkant
668,Desguinlei 100,2023-04-09,05:00:00,5,0,5,FMN 21 Desguinlei Zuidkant
668,Desguinlei 100,2023-04-09,06:00:00,5,0,5,FMN 21 Desguinlei Zuidkant
668,Desguinlei 100,2023-04-09,07:00:00,8,2,6,FMN 21 Desguinlei Zuidkant
668,Desguinlei 100,2023-04-09,08:00:00,5,3,2,FMN 21 Desguinlei Zuidkant
668,Desguinlei 100,2023-04-09,09:00:00,21,8,13,FMN 21 Desguinlei Zuidkant
668,Desguinlei 100,2023-04-09,10:00:00,16,8,8,FMN 21 Desguinlei Zuidkant
668,Desguinlei 100,2023-04-09,11:00:00,49,28,21,FMN 21 Desguinlei Zuidkant
668,Desguinlei 100,2023-04-09,12:00:00,54,28,26,FMN 21 Desguinlei Zuidkant
668,Desguinlei 100,2023-04-09,13:00:00,57,30,27,FMN 21 Desguinlei Zuidkant
668,Desguinlei 100,2023-04-09,14:00:00,107,55,52,FMN 21 Desguinlei Zuidkant
668,Desguinlei 100,2023-04-09,15:00:00,204,108,96,FMN 21 Desguinlei Zuidkant
668,Desguinlei 100,2023-04-09,16:00:00,264,134,130,FMN 21 Desguinlei Zuidkant
668,Desguinlei 100,2023-04-09,17:00:00,108,67,41,FMN 21 Desguinlei Zuidkant
668,Desguinlei 100,2023-04-09,18:00:00,98,61,37,FMN 21 Desguinlei Zuidkant
668,Desguinlei 100,2023-04-09,19:00:00,77,35,42,FMN 21 Desguinlei Zuidkant
668,Desguinlei 100,2023-04-09,20:00:00,24,13,11,FMN 21 Desguinlei Zuidkant
668,Desguinlei 100,2023-04-09,21:00:00,28,13,15,FMN 21 Desguinlei Zuidkant
668,Desguinlei 100,2023-04-09,22:00:00,14,8,6,FMN 21 Desguinlei Zuidkant
668,Desguinlei 100,2023-04-09,23:00:00,12,6,6,FMN 21 Desguinlei Zuidkant
668,Desguinlei 100,2023-04-10,00:00:00,8,6,2,FMN 21 Desguinlei Zuidkant
668,Desguinlei 100,2023-04-10,01:00:00,6,4,2,FMN 21 Desguinlei Zuidkant
668,Desguinlei 100,2023-04-10,02:00:00,4,2,2,FMN 21 Desguinlei Zuidkant
668,Desguinlei 100,2023-04-10,03:00:00,4,2,2,FMN 21 Desguinlei Zuidkant
668,Desguinlei 100,2023-04-10,04:00:00,3,2,1,FMN 21 Desguinlei Zuidkant
668,Desguinlei 100,2023-04-10,05:00:00,2,0,2,FMN 21 Desguinlei Zuidkant
668,Desguinlei 100,2023-04-10,06:00:00,7,3,4,FMN 21 Desguinlei Zuidkant
668,Desguinlei 100,2023-04-10,07:00:00,11,4,7,FMN 21 Desguinlei Zuidkant
668,Desguinlei 100,2023-04-10,08:00:00,14,8,6,FMN 21 Desguinlei Zuidkant
668,Desguinlei 100,2023-04-10,09:00:00,34,9,25,FMN 21 Desguinlei Zuidkant
668,Desguinlei 100,2023-04-10,10:00:00,27,15,12,FMN 21 Desguinlei Zuidkant
668,Desguinlei 100,2023-04-10,11:00:00,41,24,17,FMN 21 Desguinlei Zuidkant
668,Desguinlei 100,2023-04-10,12:00:00,39,24,15,FMN 21 Desguinlei Zuidkant
668,Desguinlei 100,2023-04-10,13:00:00,44,18,26,FMN 21 Desguinlei Zuidkant
668,Desguinlei 100,2023-04-10,14:00:00,30,11,19,FMN 21 Desguinlei Zuidkant
668,Desguinlei 100,2023-04-10,15:00:00,23,9,14,FMN 21 Desguinlei Zuidkant
668,Desguinlei 100,2023-04-10,16:00:00,32,15,17,FMN 21 Desguinlei Zuidkant
668,Desguinlei 100,2023-04-10,17:00:00,27,10,17,FMN 21 Desguinlei Zuidkant
668,Desguinlei 100,2023-04-10,18:00:00,29,18,11,FMN 21 Desguinlei Zuidkant
668,Desguinlei 100,2023-04-10,19:00:00,25,11,14,FMN 21 Desguinlei Zuidkant
668,Desguinlei 100,2023-04-10,20:00:00,33,13,20,FMN 21 Desguinlei Zuidkant
668,Desguinlei 100,2023-04-10,21:00:00,24,7,17,FMN 21 Desguinlei Zuidkant
668,Desguinlei 100,2023-04-10,22:00:00,35,15,20,FMN 21 Desguinlei Zuidkant
668,Desguinlei 100,2023-04-10,23:00:00,6,3,3,FMN 21 Desguinlei Zuidkant
668,Desguinlei 100,2023-04-11,00:00:00,7,3,4,FMN 21 Desguinlei Zuidkant
668,Desguinlei 100,2023-04-11,01:00:00,2,1,1,FMN 21 Desguinlei Zuidkant
668,Desguinlei 100,2023-04-11,02:00:00,1,1,0,FMN 21 Desguinlei Zuidkant
668,Desguinlei 100,2023-04-11,03:00:00,1,0,1,FMN 21 Desguinlei Zuidkant
668,Desguinlei 100,2023-04-11,04:00:00,6,2,4,FMN 21 Desguinlei Zuidkant
668,Desguinlei 100,2023-04-11,05:00:00,15,2,13,FMN 21 Desguinlei Zuidkant
668,Desguinlei 100,2023-04-11,06:00:00,48,17,31,FMN 21 Desguinlei Zuidkant
668,Desguinlei 100,2023-04-11,07:00:00,89,30,59,FMN 21 Desguinlei Zuidkant
668,Desguinlei 100,2023-04-11,08:00:00,96,43,53,FMN 21 Desguinlei Zuidkant
668,Desguinlei 100,2023-04-11,09:00:00,72,36,36,FMN 21 Desguinlei Zuidkant
668,Desguinlei 100,2023-04-11,10:00:00,40,16,24,FMN 21 Desguinlei Zuidkant
668,Desguinlei 100,2023-04-11,11:00:00,49,24,25,FMN 21 Desguinlei Zuidkant
668,Desguinlei 100,2023-04-11,12:00:00,71,31,40,FMN 21 Desguinlei Zuidkant
668,Desguinlei 100,2023-04-11,13:00:00,58,23,35,FMN 21 Desguinlei Zuidkant
668,Desguinlei 100,2023-04-11,14:00:00,58,26,32,FMN 21 Desguinlei Zuidkant
668,Desguinlei 100,2023-04-11,15:00:00,96,40,56,FMN 21 Desguinlei Zuidkant
668,Desguinlei 100,2023-04-11,16:00:00,142,56,86,FMN 21 Desguinlei Zuidkant
668,Desguinlei 100,2023-04-11,17:00:00,156,66,90,FMN 21 Desguinlei Zuidkant
668,Desguinlei 100,2023-04-11,18:00:00,113,46,67,FMN 21 Desguinlei Zuidkant
668,Desguinlei 100,2023-04-11,19:00:00,77,28,49,FMN 21 Desguinlei Zuidkant
668,Desguinlei 100,2023-04-11,20:00:00,70,38,32,FMN 21 Desguinlei Zuidkant
668,Desguinlei 100,2023-04-11,21:00:00,37,18,19,FMN 21 Desguinlei Zuidkant
668,Desguinlei 100,2023-04-11,22:00:00,38,22,16,FMN 21 Desguinlei Zuidkant
668,Desguinlei 100,2023-04-11,23:00:00,6,2,4,FMN 21 Desguinlei Zuidkant
668,Desguinlei 100,2023-04-12,00:00:00,9,3,6,FMN 21 Desguinlei Zuidkant
668,Desguinlei 100,2023-04-12,01:00:00,8,4,4,FMN 21 Desguinlei Zuidkant
668,Desguinlei 100,2023-04-12,02:00:00,2,0,2,FMN 21 Desguinlei Zuidkant
668,Desguinlei 100,2023-04-12,03:00:00,1,0,1,FMN 21 Desguinlei Zuidkant
668,Desguinlei 100,2023-04-12,04:00:00,10,4,6,FMN 21 Desguinlei Zuidkant
668,Desguinlei 100,2023-04-12,05:00:00,8,1,7,FMN 21 Desguinlei Zuidkant
668,Desguinlei 100,2023-04-12,06:00:00,31,13,18,FMN 21 Desguinlei Zuidkant
668,Desguinlei 100,2023-04-12,07:00:00,60,33,27,FMN 21 Desguinlei Zuidkant
668,Desguinlei 100,2023-04-12,08:00:00,63,18,45,FMN 21 Desguinlei Zuidkant
668,Desguinlei 100,2023-04-12,09:00:00,56,23,33,FMN 21 Desguinlei Zuidkant
668,Desguinlei 100,2023-04-12,10:00:00,51,23,28,FMN 21 Desguinlei Zuidkant
668,Desguinlei 100,2023-04-12,11:00:00,35,14,21,FMN 21 Desguinlei Zuidkant
668,Desguinlei 100,2023-04-12,12:00:00,41,12,29,FMN 21 Desguinlei Zuidkant
668,Desguinlei 100,2023-04-12,13:00:00,44,17,27,FMN 21 Desguinlei Zuidkant
668,Desguinlei 100,2023-04-12,14:00:00,43,9,34,FMN 21 Desguinlei Zuidkant
668,Desguinlei 100,2023-04-12,15:00:00,48,14,34,FMN 21 Desguinlei Zuidkant
668,Desguinlei 100,2023-04-12,16:00:00,96,38,58,FMN 21 Desguinlei Zuidkant
668,Desguinlei 100,2023-04-12,17:00:00,102,39,63,FMN 21 Desguinlei Zuidkant
668,Desguinlei 100,2023-04-12,18:00:00,121,54,67,FMN 21 Desguinlei Zuidkant
668,Desguinlei 100,2023-04-12,19:00:00,71,40,31,FMN 21 Desguinlei Zuidkant
668,Desguinlei 100,2023-04-12,20:00:00,57,30,27,FMN 21 Desguinlei Zuidkant
668,Desguinlei 100,2023-04-12,21:00:00,44,30,14,FMN 21 Desguinlei Zuidkant
668,Desguinlei 100,2023-04-12,22:00:00,29,13,16,FMN 21 Desguinlei Zuidkant
668,Desguinlei 100,2023-04-12,23:00:00,6,4,2,FMN 21 Desguinlei Zuidkant
668,Desguinlei 100,2023-04-13,00:00:00,8,3,5,FMN 21 Desguinlei Zuidkant
668,Desguinlei 100,2023-04-13,01:00:00,6,4,2,FMN 21 Desguinlei Zuidkant
668,Desguinlei 100,2023-04-13,02:00:00,2,1,1,FMN 21 Desguinlei Zuidkant
668,Desguinlei 100,2023-04-13,03:00:00,2,2,0,FMN 21 Desguinlei Zuidkant
668,Desguinlei 100,2023-04-13,04:00:00,6,1,5,FMN 21 Desguinlei Zuidkant
668,Desguinlei 100,2023-04-13,05:00:00,5,1,4,FMN 21 Desguinlei Zuidkant
668,Desguinlei 100,2023-04-13,06:00:00,24,7,17,FMN 21 Desguinlei Zuidkant
668,Desguinlei 100,2023-04-13,07:00:00,58,23,35,FMN 21 Desguinlei Zuidkant
668,Desguinlei 100,2023-04-13,08:00:00,83,34,49,FMN 21 Desguinlei Zuidkant
668,Desguinlei 100,2023-04-13,09:00:00,50,27,23,FMN 21 Desguinlei Zuidkant
668,Desguinlei 100,2023-04-13,10:00:00,40,24,16,FMN 21 Desguinlei Zuidkant
668,Desguinlei 100,2023-04-13,11:00:00,35,22,13,FMN 21 Desguinlei Zuidkant
668,Desguinlei 100,2023-04-13,12:00:00,49,27,22,FMN 21 Desguinlei Zuidkant
668,Desguinlei 100,2023-04-13,13:00:00,48,21,27,FMN 21 Desguinlei Zuidkant
668,Desguinlei 100,2023-04-13,14:00:00,55,21,34,FMN 21 Desguinlei Zuidkant
668,Desguinlei 100,2023-04-13,15:00:00,58,25,33,FMN 21 Desguinlei Zuidkant
668,Desguinlei 100,2023-04-13,16:00:00,104,43,61,FMN 21 Desguinlei Zuidkant
668,Desguinlei 100,2023-04-13,17:00:00,138,69,69,FMN 21 Desguinlei Zuidkant
668,Desguinlei 100,2023-04-13,18:00:00,113,57,56,FMN 21 Desguinlei Zuidkant
668,Desguinlei 100,2023-04-13,19:00:00,70,41,29,FMN 21 Desguinlei Zuidkant
668,Desguinlei 100,2023-04-13,20:00:00,64,43,21,FMN 21 Desguinlei Zuidkant
668,Desguinlei 100,2023-04-13,21:00:00,39,24,15,FMN 21 Desguinlei Zuidkant
668,Desguinlei 100,2023-04-13,22:00:00,48,24,24,FMN 21 Desguinlei Zuidkant
668,Desguinlei 100,2023-04-13,23:00:00,21,14,7,FMN 21 Desguinlei Zuidkant
668,Desguinlei 100,2023-04-14,00:00:00,9,5,4,FMN 21 Desguinlei Zuidkant
668,Desguinlei 100,2023-04-14,01:00:00,9,2,7,FMN 21 Desguinlei Zuidkant
668,Desguinlei 100,2023-04-14,02:00:00,3,1,2,FMN 21 Desguinlei Zuidkant
668,Desguinlei 100,2023-04-14,03:00:00,5,1,4,FMN 21 Desguinlei Zuidkant
668,Desguinlei 100,2023-04-14,04:00:00,6,3,3,FMN 21 Desguinlei Zuidkant
668,Desguinlei 100,2023-04-14,05:00:00,13,6,7,FMN 21 Desguinlei Zuidkant
668,Desguinlei 100,2023-04-14,06:00:00,23,8,15,FMN 21 Desguinlei Zuidkant
668,Desguinlei 100,2023-04-14,07:00:00,69,33,36,FMN 21 Desguinlei Zuidkant
668,Desguinlei 100,2023-04-14,08:00:00,86,39,47,FMN 21 Desguinlei Zuidkant
668,Desguinlei 100,2023-04-14,09:00:00,55,31,24,FMN 21 Desguinlei Zuidkant
668,Desguinlei 100,2023-04-14,10:00:00,36,22,14,FMN 21 Desguinlei Zuidkant
668,Desguinlei 100,2023-04-14,11:00:00,36,18,18,FMN 21 Desguinlei Zuidkant
668,Desguinlei 100,2023-04-14,12:00:00,60,41,19,FMN 21 Desguinlei Zuidkant
668,Desguinlei 100,2023-04-14,13:00:00,71,43,28,FMN 21 Desguinlei Zuidkant
668,Desguinlei 100,2023-04-14,14:00:00,75,37,38,FMN 21 Desguinlei Zuidkant
668,Desguinlei 100,2023-04-14,15:00:00,75,41,34,FMN 21 Desguinlei Zuidkant
668,Desguinlei 100,2023-04-14,16:00:00,81,53,28,FMN 21 Desguinlei Zuidkant
668,Desguinlei 100,2023-04-14,17:00:00,105,49,56,FMN 21 Desguinlei Zuidkant
668,Desguinlei 100,2023-04-14,18:00:00,91,48,43,FMN 21 Desguinlei Zuidkant
668,Desguinlei 100,2023-04-14,19:00:00,62,38,24,FMN 21 Desguinlei Zuidkant
668,Desguinlei 100,2023-04-14,20:00:00,49,28,21,FMN 21 Desguinlei Zuidkant
668,Desguinlei 100,2023-04-14,21:00:00,18,9,9,FMN 21 Desguinlei Zuidkant
668,Desguinlei 100,2023-04-14,22:00:00,35,19,16,FMN 21 Desguinlei Zuidkant
668,Desguinlei 100,2023-04-14,23:00:00,19,8,11,FMN 21 Desguinlei Zuidkant
668,Desguinlei 100,2023-04-15,00:00:00,13,3,10,FMN 21 Desguinlei Zuidkant
668,Desguinlei 100,2023-04-15,01:00:00,19,13,6,FMN 21 Desguinlei Zuidkant
668,Desguinlei 100,2023-04-15,02:00:00,12,5,7,FMN 21 Desguinlei Zuidkant
668,Desguinlei 100,2023-04-15,03:00:00,9,6,3,FMN 21 Desguinlei Zuidkant
668,Desguinlei 100,2023-04-15,04:00:00,3,0,3,FMN 21 Desguinlei Zuidkant
668,Desguinlei 100,2023-04-15,05:00:00,5,1,4,FMN 21 Desguinlei Zuidkant
668,Desguinlei 100,2023-04-15,06:00:00,11,4,7,FMN 21 Desguinlei Zuidkant
668,Desguinlei 100,2023-04-15,07:00:00,25,6,19,FMN 21 Desguinlei Zuidkant
668,Desguinlei 100,2023-04-15,08:00:00,27,6,21,FMN 21 Desguinlei Zuidkant
668,Desguinlei 100,2023-04-15,09:00:00,44,16,28,FMN 21 Desguinlei Zuidkant
668,Desguinlei 100,2023-04-15,10:00:00,45,21,24,FMN 21 Desguinlei Zuidkant
668,Desguinlei 100,2023-04-15,11:00:00,53,27,26,FMN 21 Desguinlei Zuidkant
668,Desguinlei 100,2023-04-15,12:00:00,78,30,48,FMN 21 Desguinlei Zuidkant
668,Desguinlei 100,2023-04-15,13:00:00,126,57,69,FMN 21 Desguinlei Zuidkant
668,Desguinlei 100,2023-04-15,14:00:00,94,49,45,FMN 21 Desguinlei Zuidkant
668,Desguinlei 100,2023-04-15,15:00:00,123,54,69,FMN 21 Desguinlei Zuidkant
668,Desguinlei 100,2023-04-15,16:00:00,119,55,64,FMN 21 Desguinlei Zuidkant
668,Desguinlei 100,2023-04-15,17:00:00,107,40,67,FMN 21 Desguinlei Zuidkant
668,Desguinlei 100,2023-04-15,18:00:00,94,34,60,FMN 21 Desguinlei Zuidkant
668,Desguinlei 100,2023-04-15,19:00:00,69,32,37,FMN 21 Desguinlei Zuidkant
668,Desguinlei 100,2023-04-15,20:00:00,53,20,33,FMN 21 Desguinlei Zuidkant
668,Desguinlei 100,2023-04-15,21:00:00,35,9,26,FMN 21 Desguinlei Zuidkant
668,Desguinlei 100,2023-04-15,22:00:00,38,14,24,FMN 21 Desguinlei Zuidkant
668,Desguinlei 100,2023-04-15,23:00:00,18,6,12,FMN 21 Desguinlei Zuidkant
668,Desguinlei 100,2023-04-16,00:00:00,16,3,13,FMN 21 Desguinlei Zuidkant
668,Desguinlei 100,2023-04-16,01:00:00,13,0,13,FMN 21 Desguinlei Zuidkant
668,Desguinlei 100,2023-04-16,02:00:00,11,6,5,FMN 21 Desguinlei Zuidkant
668,Desguinlei 100,2023-04-16,03:00:00,8,4,4,FMN 21 Desguinlei Zuidkant
668,Desguinlei 100,2023-04-16,04:00:00,4,3,1,FMN 21 Desguinlei Zuidkant
668,Desguinlei 100,2023-04-16,05:00:00,10,4,6,FMN 21 Desguinlei Zuidkant
668,Desguinlei 100,2023-04-16,06:00:00,14,3,11,FMN 21 Desguinlei Zuidkant
668,Desguinlei 100,2023-04-16,07:00:00,11,2,9,FMN 21 Desguinlei Zuidkant
668,Desguinlei 100,2023-04-16,08:00:00,16,2,14,FMN 21 Desguinlei Zuidkant
668,Desguinlei 100,2023-04-16,09:00:00,34,3,31,FMN 21 Desguinlei Zuidkant
668,Desguinlei 100,2023-04-16,10:00:00,23,7,16,FMN 21 Desguinlei Zuidkant
668,Desguinlei 100,2023-04-16,11:00:00,47,16,31,FMN 21 Desguinlei Zuidkant
668,Desguinlei 100,2023-04-16,12:00:00,45,17,28,FMN 21 Desguinlei Zuidkant
668,Desguinlei 100,2023-04-16,13:00:00,38,16,22,FMN 21 Desguinlei Zuidkant
668,Desguinlei 100,2023-04-16,14:00:00,30,13,17,FMN 21 Desguinlei Zuidkant
668,Desguinlei 100,2023-04-16,15:00:00,45,19,26,FMN 21 Desguinlei Zuidkant
668,Desguinlei 100,2023-04-16,16:00:00,33,12,21,FMN 21 Desguinlei Zuidkant
668,Desguinlei 100,2023-04-16,17:00:00,49,22,27,FMN 21 Desguinlei Zuidkant
668,Desguinlei 100,2023-04-16,18:00:00,39,12,27,FMN 21 Desguinlei Zuidkant
668,Desguinlei 100,2023-04-16,19:00:00,25,15,10,FMN 21 Desguinlei Zuidkant
668,Desguinlei 100,2023-04-16,20:00:00,25,15,10,FMN 21 Desguinlei Zuidkant
668,Desguinlei 100,2023-04-16,21:00:00,21,12,9,FMN 21 Desguinlei Zuidkant
668,Desguinlei 100,2023-04-16,22:00:00,20,11,9,FMN 21 Desguinlei Zuidkant
668,Desguinlei 100,2023-04-16,23:00:00,9,5,4,FMN 21 Desguinlei Zuidkant
668,Desguinlei 100,2023-04-17,00:00:00,6,0,6,FMN 21 Desguinlei Zuidkant
668,Desguinlei 100,2023-04-17,01:00:00,4,2,2,FMN 21 Desguinlei Zuidkant
668,Desguinlei 100,2023-04-17,02:00:00,1,0,1,FMN 21 Desguinlei Zuidkant
668,Desguinlei 100,2023-04-17,03:00:00,3,1,2,FMN 21 Desguinlei Zuidkant
668,Desguinlei 100,2023-04-17,04:00:00,11,3,8,FMN 21 Desguinlei Zuidkant
668,Desguinlei 100,2023-04-17,05:00:00,13,3,10,FMN 21 Desguinlei Zuidkant
668,Desguinlei 100,2023-04-17,06:00:00,51,20,31,FMN 21 Desguinlei Zuidkant
668,Desguinlei 100,2023-04-17,07:00:00,113,69,44,FMN 21 Desguinlei Zuidkant
668,Desguinlei 100,2023-04-17,08:00:00,157,91,66,FMN 21 Desguinlei Zuidkant
668,Desguinlei 100,2023-04-17,09:00:00,89,46,43,FMN 21 Desguinlei Zuidkant
668,Desguinlei 100,2023-04-17,10:00:00,55,32,23,FMN 21 Desguinlei Zuidkant
668,Desguinlei 100,2023-04-17,11:00:00,42,21,21,FMN 21 Desguinlei Zuidkant
668,Desguinlei 100,2023-04-17,12:00:00,52,35,17,FMN 21 Desguinlei Zuidkant
668,Desguinlei 100,2023-04-17,13:00:00,69,34,35,FMN 21 Desguinlei Zuidkant
668,Desguinlei 100,2023-04-17,14:00:00,58,32,26,FMN 21 Desguinlei Zuidkant
668,Desguinlei 100,2023-04-17,15:00:00,119,65,54,FMN 21 Desguinlei Zuidkant
668,Desguinlei 100,2023-04-17,16:00:00,165,109,56,FMN 21 Desguinlei Zuidkant
668,Desguinlei 100,2023-04-17,17:00:00,160,95,65,FMN 21 Desguinlei Zuidkant
668,Desguinlei 100,2023-04-17,18:00:00,129,80,49,FMN 21 Desguinlei Zuidkant
668,Desguinlei 100,2023-04-17,19:00:00,94,56,38,FMN 21 Desguinlei Zuidkant
668,Desguinlei 100,2023-04-17,20:00:00,72,35,37,FMN 21 Desguinlei Zuidkant
668,Desguinlei 100,2023-04-17,21:00:00,64,44,20,FMN 21 Desguinlei Zuidkant
668,Desguinlei 100,2023-04-17,22:00:00,34,16,18,FMN 21 Desguinlei Zuidkant
668,Desguinlei 100,2023-04-17,23:00:00,15,9,6,FMN 21 Desguinlei Zuidkant
668,Desguinlei 100,2023-04-18,00:00:00,9,4,5,FMN 21 Desguinlei Zuidkant
668,Desguinlei 100,2023-04-18,01:00:00,3,1,2,FMN 21 Desguinlei Zuidkant
668,Desguinlei 100,2023-04-18,02:00:00,1,1,0,FMN 21 Desguinlei Zuidkant
668,Desguinlei 100,2023-04-18,03:00:00,1,0,1,FMN 21 Desguinlei Zuidkant
668,Desguinlei 100,2023-04-18,04:00:00,6,3,3,FMN 21 Desguinlei Zuidkant
668,Desguinlei 100,2023-04-18,05:00:00,11,3,8,FMN 21 Desguinlei Zuidkant
668,Desguinlei 100,2023-04-18,06:00:00,46,22,24,FMN 21 Desguinlei Zuidkant
668,Desguinlei 100,2023-04-18,07:00:00,122,56,66,FMN 21 Desguinlei Zuidkant
668,Desguinlei 100,2023-04-18,08:00:00,178,104,74,FMN 21 Desguinlei Zuidkant
668,Desguinlei 100,2023-04-18,09:00:00,71,49,22,FMN 21 Desguinlei Zuidkant
668,Desguinlei 100,2023-04-18,10:00:00,78,31,47,FMN 21 Desguinlei Zuidkant
668,Desguinlei 100,2023-04-18,11:00:00,73,24,49,FMN 21 Desguinlei Zuidkant
668,Desguinlei 100,2023-04-18,12:00:00,87,37,50,FMN 21 Desguinlei Zuidkant
668,Desguinlei 100,2023-04-18,13:00:00,66,29,37,FMN 21 Desguinlei Zuidkant
668,Desguinlei 100,2023-04-18,14:00:00,59,27,32,FMN 21 Desguinlei Zuidkant
668,Desguinlei 100,2023-04-18,15:00:00,122,60,62,FMN 21 Desguinlei Zuidkant
668,Desguinlei 100,2023-04-18,16:00:00,178,84,94,FMN 21 Desguinlei Zuidkant
668,Desguinlei 100,2023-04-18,17:00:00,208,98,110,FMN 21 Desguinlei Zuidkant
668,Desguinlei 100,2023-04-18,18:00:00,155,73,82,FMN 21 Desguinlei Zuidkant
668,Desguinlei 100,2023-04-18,19:00:00,94,56,38,FMN 21 Desguinlei Zuidkant
668,Desguinlei 100,2023-04-18,20:00:00,63,34,29,FMN 21 Desguinlei Zuidkant
668,Desguinlei 100,2023-04-18,21:00:00,61,36,25,FMN 21 Desguinlei Zuidkant
668,Desguinlei 100,2023-04-18,22:00:00,34,20,14,FMN 21 Desguinlei Zuidkant
668,Desguinlei 100,2023-04-18,23:00:00,18,10,8,FMN 21 Desguinlei Zuidkant
668,Desguinlei 100,2023-04-19,00:00:00,9,2,7,FMN 21 Desguinlei Zuidkant
668,Desguinlei 100,2023-04-19,01:00:00,3,0,3,FMN 21 Desguinlei Zuidkant
668,Desguinlei 100,2023-04-19,02:00:00,2,1,1,FMN 21 Desguinlei Zuidkant
668,Desguinlei 100,2023-04-19,03:00:00,2,2,0,FMN 21 Desguinlei Zuidkant
668,Desguinlei 100,2023-04-19,04:00:00,7,1,6,FMN 21 Desguinlei Zuidkant
668,Desguinlei 100,2023-04-19,05:00:00,13,5,8,FMN 21 Desguinlei Zuidkant
668,Desguinlei 100,2023-04-19,06:00:00,41,22,19,FMN 21 Desguinlei Zuidkant
668,Desguinlei 100,2023-04-19,07:00:00,104,54,50,FMN 21 Desguinlei Zuidkant
668,Desguinlei 100,2023-04-19,08:00:00,175,86,89,FMN 21 Desguinlei Zuidkant
668,Desguinlei 100,2023-04-19,09:00:00,62,34,28,FMN 21 Desguinlei Zuidkant
668,Desguinlei 100,2023-04-19,10:00:00,56,29,27,FMN 21 Desguinlei Zuidkant
668,Desguinlei 100,2023-04-19,11:00:00,75,39,36,FMN 21 Desguinlei Zuidkant
668,Desguinlei 100,2023-04-19,12:00:00,144,82,62,FMN 21 Desguinlei Zuidkant
668,Desguinlei 100,2023-04-19,13:00:00,125,69,56,FMN 21 Desguinlei Zuidkant
668,Desguinlei 100,2023-04-19,14:00:00,120,65,55,FMN 21 Desguinlei Zuidkant
668,Desguinlei 100,2023-04-19,15:00:00,157,89,68,FMN 21 Desguinlei Zuidkant
668,Desguinlei 100,2023-04-19,16:00:00,182,103,79,FMN 21 Desguinlei Zuidkant
668,Desguinlei 100,2023-04-19,17:00:00,221,133,88,FMN 21 Desguinlei Zuidkant
668,Desguinlei 100,2023-04-19,18:00:00,220,122,98,FMN 21 Desguinlei Zuidkant
668,Desguinlei 100,2023-04-19,19:00:00,129,78,51,FMN 21 Desguinlei Zuidkant
668,Desguinlei 100,2023-04-19,20:00:00,93,60,33,FMN 21 Desguinlei Zuidkant
668,Desguinlei 100,2023-04-19,21:00:00,60,33,27,FMN 21 Desguinlei Zuidkant
668,Desguinlei 100,2023-04-19,22:00:00,43,25,18,FMN 21 Desguinlei Zuidkant
668,Desguinlei 100,2023-04-19,23:00:00,19,9,10,FMN 21 Desguinlei Zuidkant
668,Desguinlei 100,2023-04-20,00:00:00,5,2,3,FMN 21 Desguinlei Zuidkant
668,Desguinlei 100,2023-04-20,01:00:00,3,2,1,FMN 21 Desguinlei Zuidkant
668,Desguinlei 100,2023-04-20,02:00:00,5,4,1,FMN 21 Desguinlei Zuidkant
668,Desguinlei 100,2023-04-20,03:00:00,3,2,1,FMN 21 Desguinlei Zuidkant
668,Desguinlei 100,2023-04-20,04:00:00,9,3,6,FMN 21 Desguinlei Zuidkant
668,Desguinlei 100,2023-04-20,05:00:00,10,4,6,FMN 21 Desguinlei Zuidkant
668,Desguinlei 100,2023-04-20,06:00:00,34,20,14,FMN 21 Desguinlei Zuidkant
668,Desguinlei 100,2023-04-20,07:00:00,91,47,44,FMN 21 Desguinlei Zuidkant
668,Desguinlei 100,2023-04-20,08:00:00,173,95,78,FMN 21 Desguinlei Zuidkant
668,Desguinlei 100,2023-04-20,09:00:00,82,52,30,FMN 21 Desguinlei Zuidkant
668,Desguinlei 100,2023-04-20,10:00:00,44,23,21,FMN 21 Desguinlei Zuidkant
668,Desguinlei 100,2023-04-20,11:00:00,35,19,16,FMN 21 Desguinlei Zuidkant
668,Desguinlei 100,2023-04-20,12:00:00,59,25,34,FMN 21 Desguinlei Zuidkant
668,Desguinlei 100,2023-04-20,13:00:00,71,30,41,FMN 21 Desguinlei Zuidkant
668,Desguinlei 100,2023-04-20,14:00:00,51,32,19,FMN 21 Desguinlei Zuidkant
668,Desguinlei 100,2023-04-20,15:00:00,83,40,43,FMN 21 Desguinlei Zuidkant
668,Desguinlei 100,2023-04-20,16:00:00,116,54,62,FMN 21 Desguinlei Zuidkant
668,Desguinlei 100,2023-04-20,17:00:00,104,36,68,FMN 21 Desguinlei Zuidkant
668,Desguinlei 100,2023-04-20,18:00:00,89,46,43,FMN 21 Desguinlei Zuidkant
668,Desguinlei 100,2023-04-20,19:00:00,85,45,40,FMN 21 Desguinlei Zuidkant
668,Desguinlei 100,2023-04-20,20:00:00,55,25,30,FMN 21 Desguinlei Zuidkant
668,Desguinlei 100,2023-04-20,21:00:00,56,31,25,FMN 21 Desguinlei Zuidkant
668,Desguinlei 100,2023-04-20,22:00:00,38,16,22,FMN 21 Desguinlei Zuidkant
668,Desguinlei 100,2023-04-20,23:00:00,26,13,13,FMN 21 Desguinlei Zuidkant
668,Desguinlei 100,2023-04-21,00:00:00,9,2,7,FMN 21 Desguinlei Zuidkant
668,Desguinlei 100,2023-04-21,01:00:00,9,2,7,FMN 21 Desguinlei Zuidkant
668,Desguinlei 100,2023-04-21,02:00:00,5,2,3,FMN 21 Desguinlei Zuidkant
668,Desguinlei 100,2023-04-21,03:00:00,2,1,1,FMN 21 Desguinlei Zuidkant
668,Desguinlei 100,2023-04-21,04:00:00,8,3,5,FMN 21 Desguinlei Zuidkant
668,Desguinlei 100,2023-04-21,05:00:00,6,3,3,FMN 21 Desguinlei Zuidkant
668,Desguinlei 100,2023-04-21,06:00:00,37,15,22,FMN 21 Desguinlei Zuidkant
668,Desguinlei 100,2023-04-21,07:00:00,74,27,47,FMN 21 Desguinlei Zuidkant
668,Desguinlei 100,2023-04-21,08:00:00,149,71,78,FMN 21 Desguinlei Zuidkant
668,Desguinlei 100,2023-04-21,09:00:00,76,39,37,FMN 21 Desguinlei Zuidkant
668,Desguinlei 100,2023-04-21,10:00:00,49,27,22,FMN 21 Desguinlei Zuidkant
668,Desguinlei 100,2023-04-21,11:00:00,50,33,17,FMN 21 Desguinlei Zuidkant
668,Desguinlei 100,2023-04-21,12:00:00,62,42,20,FMN 21 Desguinlei Zuidkant
668,Desguinlei 100,2023-04-21,13:00:00,111,63,48,FMN 21 Desguinlei Zuidkant
668,Desguinlei 100,2023-04-21,14:00:00,116,63,53,FMN 21 Desguinlei Zuidkant
668,Desguinlei 100,2023-04-21,15:00:00,138,76,62,FMN 21 Desguinlei Zuidkant
668,Desguinlei 100,2023-04-21,16:00:00,187,85,102,FMN 21 Desguinlei Zuidkant
668,Desguinlei 100,2023-04-21,17:00:00,160,87,73,FMN 21 Desguinlei Zuidkant
668,Desguinlei 100,2023-04-21,18:00:00,182,109,73,FMN 21 Desguinlei Zuidkant
668,Desguinlei 100,2023-04-21,19:00:00,77,50,27,FMN 21 Desguinlei Zuidkant
668,Desguinlei 100,2023-04-21,20:00:00,53,34,19,FMN 21 Desguinlei Zuidkant
668,Desguinlei 100,2023-04-21,21:00:00,40,16,24,FMN 21 Desguinlei Zuidkant
668,Desguinlei 100,2023-04-21,22:00:00,56,39,17,FMN 21 Desguinlei Zuidkant
668,Desguinlei 100,2023-04-21,23:00:00,33,14,19,FMN 21 Desguinlei Zuidkant
668,Desguinlei 100,2023-04-22,00:00:00,24,10,14,FMN 21 Desguinlei Zuidkant
668,Desguinlei 100,2023-04-22,01:00:00,33,17,16,FMN 21 Desguinlei Zuidkant
668,Desguinlei 100,2023-04-22,02:00:00,14,1,13,FMN 21 Desguinlei Zuidkant
668,Desguinlei 100,2023-04-22,03:00:00,18,1,17,FMN 21 Desguinlei Zuidkant
668,Desguinlei 100,2023-04-22,04:00:00,17,3,14,FMN 21 Desguinlei Zuidkant
668,Desguinlei 100,2023-04-22,05:00:00,7,3,4,FMN 21 Desguinlei Zuidkant
668,Desguinlei 100,2023-04-22,06:00:00,6,3,3,FMN 21 Desguinlei Zuidkant
668,Desguinlei 100,2023-04-22,07:00:00,17,5,12,FMN 21 Desguinlei Zuidkant
668,Desguinlei 100,2023-04-22,08:00:00,27,15,12,FMN 21 Desguinlei Zuidkant
668,Desguinlei 100,2023-04-22,09:00:00,35,18,17,FMN 21 Desguinlei Zuidkant
668,Desguinlei 100,2023-04-22,10:00:00,28,12,16,FMN 21 Desguinlei Zuidkant
668,Desguinlei 100,2023-04-22,11:00:00,61,34,27,FMN 21 Desguinlei Zuidkant
668,Desguinlei 100,2023-04-22,12:00:00,45,19,26,FMN 21 Desguinlei Zuidkant
668,Desguinlei 100,2023-04-22,13:00:00,36,13,23,FMN 21 Desguinlei Zuidkant
668,Desguinlei 100,2023-04-22,14:00:00,36,14,22,FMN 21 Desguinlei Zuidkant
668,Desguinlei 100,2023-04-22,15:00:00,39,11,28,FMN 21 Desguinlei Zuidkant
668,Desguinlei 100,2023-04-22,16:00:00,39,23,16,FMN 21 Desguinlei Zuidkant
668,Desguinlei 100,2023-04-22,17:00:00,31,12,19,FMN 21 Desguinlei Zuidkant
668,Desguinlei 100,2023-04-22,18:00:00,58,28,30,FMN 21 Desguinlei Zuidkant
668,Desguinlei 100,2023-04-22,19:00:00,64,49,15,FMN 21 Desguinlei Zuidkant
668,Desguinlei 100,2023-04-22,20:00:00,32,14,18,FMN 21 Desguinlei Zuidkant
668,Desguinlei 100,2023-04-22,21:00:00,24,7,17,FMN 21 Desguinlei Zuidkant
668,Desguinlei 100,2023-04-22,22:00:00,30,10,20,FMN 21 Desguinlei Zuidkant
668,Desguinlei 100,2023-04-22,23:00:00,16,7,9,FMN 21 Desguinlei Zuidkant
668,Desguinlei 100,2023-04-23,00:00:00,18,9,9,FMN 21 Desguinlei Zuidkant
668,Desguinlei 100,2023-04-23,01:00:00,12,6,6,FMN 21 Desguinlei Zuidkant
668,Desguinlei 100,2023-04-23,02:00:00,9,3,6,FMN 21 Desguinlei Zuidkant
668,Desguinlei 100,2023-04-23,03:00:00,7,1,6,FMN 21 Desguinlei Zuidkant
668,Desguinlei 100,2023-04-23,04:00:00,1,1,0,FMN 21 Desguinlei Zuidkant
668,Desguinlei 100,2023-04-23,05:00:00,7,3,4,FMN 21 Desguinlei Zuidkant
668,Desguinlei 100,2023-04-23,06:00:00,5,1,4,FMN 21 Desguinlei Zuidkant
668,Desguinlei 100,2023-04-23,07:00:00,12,2,10,FMN 21 Desguinlei Zuidkant
668,Desguinlei 100,2023-04-23,08:00:00,14,13,1,FMN 21 Desguinlei Zuidkant
668,Desguinlei 100,2023-04-23,09:00:00,60,18,42,FMN 21 Desguinlei Zuidkant
668,Desguinlei 100,2023-04-23,10:00:00,71,31,40,FMN 21 Desguinlei Zuidkant
668,Desguinlei 100,2023-04-23,11:00:00,74,35,39,FMN 21 Desguinlei Zuidkant
668,Desguinlei 100,2023-04-23,12:00:00,120,74,46,FMN 21 Desguinlei Zuidkant
668,Desguinlei 100,2023-04-23,13:00:00,83,45,38,FMN 21 Desguinlei Zuidkant
668,Desguinlei 100,2023-04-23,14:00:00,97,56,41,FMN 21 Desguinlei Zuidkant
668,Desguinlei 100,2023-04-23,15:00:00,76,31,45,FMN 21 Desguinlei Zuidkant
668,Desguinlei 100,2023-04-23,16:00:00,70,21,49,FMN 21 Desguinlei Zuidkant
668,Desguinlei 100,2023-04-23,17:00:00,73,37,36,FMN 21 Desguinlei Zuidkant
668,Desguinlei 100,2023-04-23,18:00:00,44,15,29,FMN 21 Desguinlei Zuidkant
668,Desguinlei 100,2023-04-23,19:00:00,32,14,18,FMN 21 Desguinlei Zuidkant
668,Desguinlei 100,2023-04-23,20:00:00,20,7,13,FMN 21 Desguinlei Zuidkant
668,Desguinlei 100,2023-04-23,21:00:00,21,12,9,FMN 21 Desguinlei Zuidkant
668,Desguinlei 100,2023-04-23,22:00:00,11,6,5,FMN 21 Desguinlei Zuidkant
668,Desguinlei 100,2023-04-23,23:00:00,8,2,6,FMN 21 Desguinlei Zuidkant
668,Desguinlei 100,2023-04-24,00:00:00,7,3,4,FMN 21 Desguinlei Zuidkant
668,Desguinlei 100,2023-04-24,01:00:00,3,2,1,FMN 21 Desguinlei Zuidkant
668,Desguinlei 100,2023-04-24,02:00:00,1,0,1,FMN 21 Desguinlei Zuidkant
668,Desguinlei 100,2023-04-24,03:00:00,0,0,0,FMN 21 Desguinlei Zuidkant
668,Desguinlei 100,2023-04-24,04:00:00,3,1,2,FMN 21 Desguinlei Zuidkant
668,Desguinlei 100,2023-04-24,05:00:00,7,2,5,FMN 21 Desguinlei Zuidkant
668,Desguinlei 100,2023-04-24,06:00:00,29,12,17,FMN 21 Desguinlei Zuidkant
668,Desguinlei 100,2023-04-24,07:00:00,88,29,59,FMN 21 Desguinlei Zuidkant
668,Desguinlei 100,2023-04-24,08:00:00,144,58,86,FMN 21 Desguinlei Zuidkant
668,Desguinlei 100,2023-04-24,09:00:00,68,33,35,FMN 21 Desguinlei Zuidkant
668,Desguinlei 100,2023-04-24,10:00:00,54,22,32,FMN 21 Desguinlei Zuidkant
668,Desguinlei 100,2023-04-24,11:00:00,62,17,45,FMN 21 Desguinlei Zuidkant
668,Desguinlei 100,2023-04-24,12:00:00,76,33,43,FMN 21 Desguinlei Zuidkant
668,Desguinlei 100,2023-04-24,13:00:00,72,26,46,FMN 21 Desguinlei Zuidkant
668,Desguinlei 100,2023-04-24,14:00:00,67,22,45,FMN 21 Desguinlei Zuidkant
668,Desguinlei 100,2023-04-24,15:00:00,106,37,69,FMN 21 Desguinlei Zuidkant
668,Desguinlei 100,2023-04-24,16:00:00,149,49,100,FMN 21 Desguinlei Zuidkant
668,Desguinlei 100,2023-04-24,17:00:00,141,56,85,FMN 21 Desguinlei Zuidkant
668,Desguinlei 100,2023-04-24,18:00:00,135,46,89,FMN 21 Desguinlei Zuidkant
668,Desguinlei 100,2023-04-24,19:00:00,74,38,36,FMN 21 Desguinlei Zuidkant
668,Desguinlei 100,2023-04-24,20:00:00,74,42,32,FMN 21 Desguinlei Zuidkant
668,Desguinlei 100,2023-04-24,21:00:00,59,38,21,FMN 21 Desguinlei Zuidkant
668,Desguinlei 100,2023-04-24,22:00:00,39,24,15,FMN 21 Desguinlei Zuidkant
668,Desguinlei 100,2023-04-24,23:00:00,18,7,11,FMN 21 Desguinlei Zuidkant
668,Desguinlei 100,2023-04-25,00:00:00,6,3,3,FMN 21 Desguinlei Zuidkant
668,Desguinlei 100,2023-04-25,01:00:00,3,1,2,FMN 21 Desguinlei Zuidkant
668,Desguinlei 100,2023-04-25,02:00:00,0,0,0,FMN 21 Desguinlei Zuidkant
668,Desguinlei 100,2023-04-25,03:00:00,2,0,2,FMN 21 Desguinlei Zuidkant
668,Desguinlei 100,2023-04-25,04:00:00,8,4,4,FMN 21 Desguinlei Zuidkant
668,Desguinlei 100,2023-04-25,05:00:00,14,6,8,FMN 21 Desguinlei Zuidkant
668,Desguinlei 100,2023-04-25,06:00:00,44,21,23,FMN 21 Desguinlei Zuidkant
668,Desguinlei 100,2023-04-25,07:00:00,118,53,65,FMN 21 Desguinlei Zuidkant
668,Desguinlei 100,2023-04-25,08:00:00,216,115,101,FMN 21 Desguinlei Zuidkant
668,Desguinlei 100,2023-04-25,09:00:00,64,39,25,FMN 21 Desguinlei Zuidkant
668,Desguinlei 100,2023-04-25,10:00:00,41,22,19,FMN 21 Desguinlei Zuidkant
668,Desguinlei 100,2023-04-25,11:00:00,54,27,27,FMN 21 Desguinlei Zuidkant
668,Desguinlei 100,2023-04-25,12:00:00,68,33,35,FMN 21 Desguinlei Zuidkant
668,Desguinlei 100,2023-04-25,13:00:00,57,25,32,FMN 21 Desguinlei Zuidkant
668,Desguinlei 100,2023-04-25,14:00:00,55,28,27,FMN 21 Desguinlei Zuidkant
668,Desguinlei 100,2023-04-25,15:00:00,127,48,79,FMN 21 Desguinlei Zuidkant
668,Desguinlei 100,2023-04-25,16:00:00,180,75,105,FMN 21 Desguinlei Zuidkant
668,Desguinlei 100,2023-04-25,17:00:00,217,94,123,FMN 21 Desguinlei Zuidkant
668,Desguinlei 100,2023-04-25,18:00:00,156,68,88,FMN 21 Desguinlei Zuidkant
668,Desguinlei 100,2023-04-25,19:00:00,124,68,56,FMN 21 Desguinlei Zuidkant
668,Desguinlei 100,2023-04-25,20:00:00,73,33,40,FMN 21 Desguinlei Zuidkant
668,Desguinlei 100,2023-04-25,21:00:00,72,30,42,FMN 21 Desguinlei Zuidkant
668,Desguinlei 100,2023-04-25,22:00:00,55,18,37,FMN 21 Desguinlei Zuidkant
668,Desguinlei 100,2023-04-25,23:00:00,19,4,15,FMN 21 Desguinlei Zuidkant
668,Desguinlei 100,2023-04-26,00:00:00,13,7,6,FMN 21 Desguinlei Zuidkant
668,Desguinlei 100,2023-04-26,01:00:00,3,0,3,FMN 21 Desguinlei Zuidkant
668,Desguinlei 100,2023-04-26,02:00:00,1,0,1,FMN 21 Desguinlei Zuidkant
668,Desguinlei 100,2023-04-26,03:00:00,2,0,2,FMN 21 Desguinlei Zuidkant
668,Desguinlei 100,2023-04-26,04:00:00,12,2,10,FMN 21 Desguinlei Zuidkant
668,Desguinlei 100,2023-04-26,05:00:00,19,5,14,FMN 21 Desguinlei Zuidkant
668,Desguinlei 100,2023-04-26,06:00:00,40,16,24,FMN 21 Desguinlei Zuidkant
668,Desguinlei 100,2023-04-26,07:00:00,108,55,53,FMN 21 Desguinlei Zuidkant
668,Desguinlei 100,2023-04-26,08:00:00,203,95,108,FMN 21 Desguinlei Zuidkant
668,Desguinlei 100,2023-04-26,09:00:00,74,46,28,FMN 21 Desguinlei Zuidkant
668,Desguinlei 100,2023-04-26,10:00:00,52,23,29,FMN 21 Desguinlei Zuidkant
668,Desguinlei 100,2023-04-26,11:00:00,46,28,18,FMN 21 Desguinlei Zuidkant
668,Desguinlei 100,2023-04-26,12:00:00,103,51,52,FMN 21 Desguinlei Zuidkant
668,Desguinlei 100,2023-04-26,13:00:00,80,40,40,FMN 21 Desguinlei Zuidkant
668,Desguinlei 100,2023-04-26,14:00:00,83,53,30,FMN 21 Desguinlei Zuidkant
668,Desguinlei 100,2023-04-26,15:00:00,94,59,35,FMN 21 Desguinlei Zuidkant
668,Desguinlei 100,2023-04-26,16:00:00,145,69,76,FMN 21 Desguinlei Zuidkant
668,Desguinlei 100,2023-04-26,17:00:00,207,82,125,FMN 21 Desguinlei Zuidkant
668,Desguinlei 100,2023-04-26,18:00:00,147,67,80,FMN 21 Desguinlei Zuidkant
668,Desguinlei 100,2023-04-26,19:00:00,95,57,38,FMN 21 Desguinlei Zuidkant
668,Desguinlei 100,2023-04-26,20:00:00,77,41,36,FMN 21 Desguinlei Zuidkant
668,Desguinlei 100,2023-04-26,21:00:00,56,26,30,FMN 21 Desguinlei Zuidkant
668,Desguinlei 100,2023-04-26,22:00:00,49,25,24,FMN 21 Desguinlei Zuidkant
668,Desguinlei 100,2023-04-26,23:00:00,18,9,9,FMN 21 Desguinlei Zuidkant
668,Desguinlei 100,2023-04-27,00:00:00,12,5,7,FMN 21 Desguinlei Zuidkant
668,Desguinlei 100,2023-04-27,01:00:00,6,0,6,FMN 21 Desguinlei Zuidkant
668,Desguinlei 100,2023-04-27,02:00:00,2,0,2,FMN 21 Desguinlei Zuidkant
668,Desguinlei 100,2023-04-27,03:00:00,0,0,0,FMN 21 Desguinlei Zuidkant
668,Desguinlei 100,2023-04-27,04:00:00,12,3,9,FMN 21 Desguinlei Zuidkant
668,Desguinlei 100,2023-04-27,05:00:00,19,8,11,FMN 21 Desguinlei Zuidkant
668,Desguinlei 100,2023-04-27,06:00:00,47,21,26,FMN 21 Desguinlei Zuidkant
668,Desguinlei 100,2023-04-27,07:00:00,120,54,66,FMN 21 Desguinlei Zuidkant
668,Desguinlei 100,2023-04-27,08:00:00,187,93,94,FMN 21 Desguinlei Zuidkant
668,Desguinlei 100,2023-04-27,09:00:00,79,49,30,FMN 21 Desguinlei Zuidkant
668,Desguinlei 100,2023-04-27,10:00:00,65,36,29,FMN 21 Desguinlei Zuidkant
668,Desguinlei 100,2023-04-27,11:00:00,48,27,21,FMN 21 Desguinlei Zuidkant
668,Desguinlei 100,2023-04-27,12:00:00,81,42,39,FMN 21 Desguinlei Zuidkant
668,Desguinlei 100,2023-04-27,13:00:00,94,45,49,FMN 21 Desguinlei Zuidkant
668,Desguinlei 100,2023-04-27,14:00:00,93,50,43,FMN 21 Desguinlei Zuidkant
668,Desguinlei 100,2023-04-27,15:00:00,190,107,83,FMN 21 Desguinlei Zuidkant
668,Desguinlei 100,2023-04-27,16:00:00,234,110,124,FMN 21 Desguinlei Zuidkant
668,Desguinlei 100,2023-04-27,17:00:00,211,114,97,FMN 21 Desguinlei Zuidkant
668,Desguinlei 100,2023-04-27,18:00:00,144,82,62,FMN 21 Desguinlei Zuidkant
668,Desguinlei 100,2023-04-27,19:00:00,86,54,32,FMN 21 Desguinlei Zuidkant
668,Desguinlei 100,2023-04-27,20:00:00,81,52,29,FMN 21 Desguinlei Zuidkant
668,Desguinlei 100,2023-04-27,21:00:00,49,33,16,FMN 21 Desguinlei Zuidkant
668,Desguinlei 100,2023-04-27,22:00:00,57,37,20,FMN 21 Desguinlei Zuidkant
668,Desguinlei 100,2023-04-27,23:00:00,12,3,9,FMN 21 Desguinlei Zuidkant
668,Desguinlei 100,2023-04-28,00:00:00,12,8,4,FMN 21 Desguinlei Zuidkant
668,Desguinlei 100,2023-04-28,01:00:00,8,2,6,FMN 21 Desguinlei Zuidkant
668,Desguinlei 100,2023-04-28,02:00:00,1,1,0,FMN 21 Desguinlei Zuidkant
668,Desguinlei 100,2023-04-28,03:00:00,0,0,0,FMN 21 Desguinlei Zuidkant
668,Desguinlei 100,2023-04-28,04:00:00,8,1,7,FMN 21 Desguinlei Zuidkant
668,Desguinlei 100,2023-04-28,05:00:00,15,1,14,FMN 21 Desguinlei Zuidkant
668,Desguinlei 100,2023-04-28,06:00:00,34,12,22,FMN 21 Desguinlei Zuidkant
668,Desguinlei 100,2023-04-28,07:00:00,60,29,31,FMN 21 Desguinlei Zuidkant
668,Desguinlei 100,2023-04-28,08:00:00,158,89,69,FMN 21 Desguinlei Zuidkant
668,Desguinlei 100,2023-04-28,09:00:00,78,44,34,FMN 21 Desguinlei Zuidkant
668,Desguinlei 100,2023-04-28,10:00:00,45,22,23,FMN 21 Desguinlei Zuidkant
668,Desguinlei 100,2023-04-28,11:00:00,50,33,17,FMN 21 Desguinlei Zuidkant
668,Desguinlei 100,2023-04-28,12:00:00,84,44,40,FMN 21 Desguinlei Zuidkant
668,Desguinlei 100,2023-04-28,13:00:00,58,27,31,FMN 21 Desguinlei Zuidkant
668,Desguinlei 100,2023-04-28,14:00:00,74,35,39,FMN 21 Desguinlei Zuidkant
668,Desguinlei 100,2023-04-28,15:00:00,140,61,79,FMN 21 Desguinlei Zuidkant
668,Desguinlei 100,2023-04-28,16:00:00,137,42,95,FMN 21 Desguinlei Zuidkant
668,Desguinlei 100,2023-04-28,17:00:00,129,60,69,FMN 21 Desguinlei Zuidkant
668,Desguinlei 100,2023-04-28,18:00:00,124,52,72,FMN 21 Desguinlei Zuidkant
668,Desguinlei 100,2023-04-28,19:00:00,99,49,50,FMN 21 Desguinlei Zuidkant
668,Desguinlei 100,2023-04-28,20:00:00,84,39,45,FMN 21 Desguinlei Zuidkant
668,Desguinlei 100,2023-04-28,21:00:00,46,21,25,FMN 21 Desguinlei Zuidkant
668,Desguinlei 100,2023-04-28,22:00:00,43,14,29,FMN 21 Desguinlei Zuidkant
668,Desguinlei 100,2023-04-28,23:00:00,41,25,16,FMN 21 Desguinlei Zuidkant
668,Desguinlei 100,2023-04-29,00:00:00,18,2,16,FMN 21 Desguinlei Zuidkant
668,Desguinlei 100,2023-04-29,01:00:00,26,5,21,FMN 21 Desguinlei Zuidkant
668,Desguinlei 100,2023-04-29,02:00:00,27,7,20,FMN 21 Desguinlei Zuidkant
668,Desguinlei 100,2023-04-29,03:00:00,11,3,8,FMN 21 Desguinlei Zuidkant
668,Desguinlei 100,2023-04-29,04:00:00,9,0,9,FMN 21 Desguinlei Zuidkant
668,Desguinlei 100,2023-04-29,05:00:00,13,4,9,FMN 21 Desguinlei Zuidkant
668,Desguinlei 100,2023-04-29,06:00:00,14,5,9,FMN 21 Desguinlei Zuidkant
668,Desguinlei 100,2023-04-29,07:00:00,17,4,13,FMN 21 Desguinlei Zuidkant
668,Desguinlei 100,2023-04-29,08:00:00,42,9,33,FMN 21 Desguinlei Zuidkant
668,Desguinlei 100,2023-04-29,09:00:00,65,16,49,FMN 21 Desguinlei Zuidkant
668,Desguinlei 100,2023-04-29,10:00:00,55,23,32,FMN 21 Desguinlei Zuidkant
668,Desguinlei 100,2023-04-29,11:00:00,67,47,20,FMN 21 Desguinlei Zuidkant
668,Desguinlei 100,2023-04-29,12:00:00,68,44,24,FMN 21 Desguinlei Zuidkant
668,Desguinlei 100,2023-04-29,13:00:00,63,37,26,FMN 21 Desguinlei Zuidkant
668,Desguinlei 100,2023-04-29,14:00:00,61,38,23,FMN 21 Desguinlei Zuidkant
668,Desguinlei 100,2023-04-29,15:00:00,89,46,43,FMN 21 Desguinlei Zuidkant
668,Desguinlei 100,2023-04-29,16:00:00,76,35,41,FMN 21 Desguinlei Zuidkant
668,Desguinlei 100,2023-04-29,17:00:00,62,27,35,FMN 21 Desguinlei Zuidkant
668,Desguinlei 100,2023-04-29,18:00:00,87,38,49,FMN 21 Desguinlei Zuidkant
668,Desguinlei 100,2023-04-29,19:00:00,72,31,41,FMN 21 Desguinlei Zuidkant
668,Desguinlei 100,2023-04-29,20:00:00,38,22,16,FMN 21 Desguinlei Zuidkant
668,Desguinlei 100,2023-04-29,21:00:00,48,16,32,FMN 21 Desguinlei Zuidkant
668,Desguinlei 100,2023-04-29,22:00:00,29,17,12,FMN 21 Desguinlei Zuidkant
668,Desguinlei 100,2023-04-29,23:00:00,30,16,14,FMN 21 Desguinlei Zuidkant
668,Desguinlei 100,2023-04-30,00:00:00,25,8,17,FMN 21 Desguinlei Zuidkant
668,Desguinlei 100,2023-04-30,01:00:00,15,7,8,FMN 21 Desguinlei Zuidkant
668,Desguinlei 100,2023-04-30,02:00:00,11,3,8,FMN 21 Desguinlei Zuidkant
668,Desguinlei 100,2023-04-30,03:00:00,9,4,5,FMN 21 Desguinlei Zuidkant
668,Desguinlei 100,2023-04-30,04:00:00,5,2,3,FMN 21 Desguinlei Zuidkant
668,Desguinlei 100,2023-04-30,05:00:00,5,1,4,FMN 21 Desguinlei Zuidkant
668,Desguinlei 100,2023-04-30,06:00:00,17,7,10,FMN 21 Desguinlei Zuidkant
668,Desguinlei 100,2023-04-30,07:00:00,9,4,5,FMN 21 Desguinlei Zuidkant
668,Desguinlei 100,2023-04-30,08:00:00,14,4,10,FMN 21 Desguinlei Zuidkant
668,Desguinlei 100,2023-04-30,09:00:00,44,17,27,FMN 21 Desguinlei Zuidkant
668,Desguinlei 100,2023-04-30,10:00:00,59,27,32,FMN 21 Desguinlei Zuidkant
668,Desguinlei 100,2023-04-30,11:00:00,104,53,51,FMN 21 Desguinlei Zuidkant
668,Desguinlei 100,2023-04-30,12:00:00,114,64,50,FMN 21 Desguinlei Zuidkant
668,Desguinlei 100,2023-04-30,13:00:00,184,99,85,FMN 21 Desguinlei Zuidkant
668,Desguinlei 100,2023-04-30,14:00:00,245,126,119,FMN 21 Desguinlei Zuidkant
668,Desguinlei 100,2023-04-30,15:00:00,333,175,158,FMN 21 Desguinlei Zuidkant
668,Desguinlei 100,2023-04-30,16:00:00,364,175,189,FMN 21 Desguinlei Zuidkant
668,Desguinlei 100,2023-04-30,17:00:00,294,151,143,FMN 21 Desguinlei Zuidkant
668,Desguinlei 100,2023-04-30,18:00:00,197,106,91,FMN 21 Desguinlei Zuidkant
668,Desguinlei 100,2023-04-30,19:00:00,126,71,55,FMN 21 Desguinlei Zuidkant
668,Desguinlei 100,2023-04-30,20:00:00,93,48,45,FMN 21 Desguinlei Zuidkant
668,Desguinlei 100,2023-04-30,21:00:00,50,25,25,FMN 21 Desguinlei Zuidkant
668,Desguinlei 100,2023-04-30,22:00:00,23,16,7,FMN 21 Desguinlei Zuidkant
668,Desguinlei 100,2023-04-30,23:00:00,23,17,6,FMN 21 Desguinlei Zuidkant
668,Desguinlei 100,2023-05-01,00:00:00,29,14,15,FMN 21 Desguinlei Zuidkant
668,Desguinlei 100,2023-05-01,01:00:00,17,11,6,FMN 21 Desguinlei Zuidkant
668,Desguinlei 100,2023-05-01,02:00:00,13,6,7,FMN 21 Desguinlei Zuidkant
668,Desguinlei 100,2023-05-01,03:00:00,5,2,3,FMN 21 Desguinlei Zuidkant
668,Desguinlei 100,2023-05-01,04:00:00,3,0,3,FMN 21 Desguinlei Zuidkant
668,Desguinlei 100,2023-05-01,05:00:00,5,3,2,FMN 21 Desguinlei Zuidkant
668,Desguinlei 100,2023-05-01,06:00:00,13,5,8,FMN 21 Desguinlei Zuidkant
668,Desguinlei 100,2023-05-01,07:00:00,11,2,9,FMN 21 Desguinlei Zuidkant
668,Desguinlei 100,2023-05-01,08:00:00,21,12,9,FMN 21 Desguinlei Zuidkant
668,Desguinlei 100,2023-05-01,09:00:00,38,17,21,FMN 21 Desguinlei Zuidkant
668,Desguinlei 100,2023-05-01,10:00:00,49,25,24,FMN 21 Desguinlei Zuidkant
668,Desguinlei 100,2023-05-01,11:00:00,44,23,21,FMN 21 Desguinlei Zuidkant
668,Desguinlei 100,2023-05-01,12:00:00,47,22,25,FMN 21 Desguinlei Zuidkant
668,Desguinlei 100,2023-05-01,13:00:00,85,47,38,FMN 21 Desguinlei Zuidkant
668,Desguinlei 100,2023-05-01,14:00:00,97,60,37,FMN 21 Desguinlei Zuidkant
668,Desguinlei 100,2023-05-01,15:00:00,84,46,38,FMN 21 Desguinlei Zuidkant
668,Desguinlei 100,2023-05-01,16:00:00,105,53,52,FMN 21 Desguinlei Zuidkant
668,Desguinlei 100,2023-05-01,17:00:00,119,69,50,FMN 21 Desguinlei Zuidkant
668,Desguinlei 100,2023-05-01,18:00:00,110,57,53,FMN 21 Desguinlei Zuidkant
668,Desguinlei 100,2023-05-01,19:00:00,127,41,86,FMN 21 Desguinlei Zuidkant
668,Desguinlei 100,2023-05-01,20:00:00,59,30,29,FMN 21 Desguinlei Zuidkant
668,Desguinlei 100,2023-05-01,21:00:00,28,13,15,FMN 21 Desguinlei Zuidkant
668,Desguinlei 100,2023-05-01,22:00:00,34,13,21,FMN 21 Desguinlei Zuidkant
668,Desguinlei 100,2023-05-01,23:00:00,12,4,8,FMN 21 Desguinlei Zuidkant
668,Desguinlei 100,2023-05-02,00:00:00,11,2,9,FMN 21 Desguinlei Zuidkant
668,Desguinlei 100,2023-05-02,01:00:00,6,1,5,FMN 21 Desguinlei Zuidkant
668,Desguinlei 100,2023-05-02,02:00:00,2,0,2,FMN 21 Desguinlei Zuidkant
668,Desguinlei 100,2023-05-02,03:00:00,4,0,4,FMN 21 Desguinlei Zuidkant
668,Desguinlei 100,2023-05-02,04:00:00,8,2,6,FMN 21 Desguinlei Zuidkant
668,Desguinlei 100,2023-05-02,05:00:00,24,7,17,FMN 21 Desguinlei Zuidkant
668,Desguinlei 100,2023-05-02,06:00:00,46,16,30,FMN 21 Desguinlei Zuidkant
668,Desguinlei 100,2023-05-02,07:00:00,123,46,77,FMN 21 Desguinlei Zuidkant
668,Desguinlei 100,2023-05-02,08:00:00,213,89,124,FMN 21 Desguinlei Zuidkant
668,Desguinlei 100,2023-05-02,09:00:00,117,53,64,FMN 21 Desguinlei Zuidkant
668,Desguinlei 100,2023-05-02,10:00:00,69,28,41,FMN 21 Desguinlei Zuidkant
668,Desguinlei 100,2023-05-02,11:00:00,86,27,59,FMN 21 Desguinlei Zuidkant
668,Desguinlei 100,2023-05-02,12:00:00,159,54,105,FMN 21 Desguinlei Zuidkant
668,Desguinlei 100,2023-05-02,13:00:00,149,69,80,FMN 21 Desguinlei Zuidkant
668,Desguinlei 100,2023-05-02,14:00:00,149,65,84,FMN 21 Desguinlei Zuidkant
668,Desguinlei 100,2023-05-02,15:00:00,217,61,156,FMN 21 Desguinlei Zuidkant
668,Desguinlei 100,2023-05-02,16:00:00,374,146,228,FMN 21 Desguinlei Zuidkant
668,Desguinlei 100,2023-05-02,17:00:00,430,162,268,FMN 21 Desguinlei Zuidkant
668,Desguinlei 100,2023-05-02,18:00:00,341,143,198,FMN 21 Desguinlei Zuidkant
668,Desguinlei 100,2023-05-02,19:00:00,198,103,95,FMN 21 Desguinlei Zuidkant
668,Desguinlei 100,2023-05-02,20:00:00,124,72,52,FMN 21 Desguinlei Zuidkant
668,Desguinlei 100,2023-05-02,21:00:00,86,43,43,FMN 21 Desguinlei Zuidkant
668,Desguinlei 100,2023-05-02,22:00:00,66,29,37,FMN 21 Desguinlei Zuidkant
668,Desguinlei 100,2023-05-02,23:00:00,17,9,8,FMN 21 Desguinlei Zuidkant
668,Desguinlei 100,2023-05-03,00:00:00,8,5,3,FMN 21 Desguinlei Zuidkant
668,Desguinlei 100,2023-05-03,01:00:00,7,1,6,FMN 21 Desguinlei Zuidkant
668,Desguinlei 100,2023-05-03,02:00:00,1,1,0,FMN 21 Desguinlei Zuidkant
668,Desguinlei 100,2023-05-03,03:00:00,1,0,1,FMN 21 Desguinlei Zuidkant
668,Desguinlei 100,2023-05-03,04:00:00,10,2,8,FMN 21 Desguinlei Zuidkant
668,Desguinlei 100,2023-05-03,05:00:00,19,4,15,FMN 21 Desguinlei Zuidkant
668,Desguinlei 100,2023-05-03,06:00:00,48,21,27,FMN 21 Desguinlei Zuidkant
668,Desguinlei 100,2023-05-03,07:00:00,96,43,53,FMN 21 Desguinlei Zuidkant
668,Desguinlei 100,2023-05-03,08:00:00,164,89,75,FMN 21 Desguinlei Zuidkant
668,Desguinlei 100,2023-05-03,09:00:00,79,41,38,FMN 21 Desguinlei Zuidkant
668,Desguinlei 100,2023-05-03,10:00:00,63,32,31,FMN 21 Desguinlei Zuidkant
668,Desguinlei 100,2023-05-03,11:00:00,69,35,34,FMN 21 Desguinlei Zuidkant
668,Desguinlei 100,2023-05-03,12:00:00,131,60,71,FMN 21 Desguinlei Zuidkant
668,Desguinlei 100,2023-05-03,13:00:00,144,77,67,FMN 21 Desguinlei Zuidkant
668,Desguinlei 100,2023-05-03,14:00:00,176,93,83,FMN 21 Desguinlei Zuidkant
668,Desguinlei 100,2023-05-03,15:00:00,266,146,120,FMN 21 Desguinlei Zuidkant
668,Desguinlei 100,2023-05-03,16:00:00,340,184,156,FMN 21 Desguinlei Zuidkant
668,Desguinlei 100,2023-05-03,17:00:00,435,231,204,FMN 21 Desguinlei Zuidkant
668,Desguinlei 100,2023-05-03,18:00:00,452,243,209,FMN 21 Desguinlei Zuidkant
668,Desguinlei 100,2023-05-03,19:00:00,248,137,111,FMN 21 Desguinlei Zuidkant
668,Desguinlei 100,2023-05-03,20:00:00,126,76,50,FMN 21 Desguinlei Zuidkant
668,Desguinlei 100,2023-05-03,21:00:00,81,53,28,FMN 21 Desguinlei Zuidkant
668,Desguinlei 100,2023-05-03,22:00:00,51,32,19,FMN 21 Desguinlei Zuidkant
668,Desguinlei 100,2023-05-03,23:00:00,15,11,4,FMN 21 Desguinlei Zuidkant
668,Desguinlei 100,2023-05-04,00:00:00,3,1,2,FMN 21 Desguinlei Zuidkant
668,Desguinlei 100,2023-05-04,01:00:00,7,3,4,FMN 21 Desguinlei Zuidkant
668,Desguinlei 100,2023-05-04,02:00:00,1,1,0,FMN 21 Desguinlei Zuidkant
668,Desguinlei 100,2023-05-04,03:00:00,0,0,0,FMN 21 Desguinlei Zuidkant
668,Desguinlei 100,2023-05-04,04:00:00,6,2,4,FMN 21 Desguinlei Zuidkant
668,Desguinlei 100,2023-05-04,05:00:00,15,6,9,FMN 21 Desguinlei Zuidkant
668,Desguinlei 100,2023-05-04,06:00:00,45,23,22,FMN 21 Desguinlei Zuidkant
668,Desguinlei 100,2023-05-04,07:00:00,102,44,58,FMN 21 Desguinlei Zuidkant
668,Desguinlei 100,2023-05-04,08:00:00,185,105,80,FMN 21 Desguinlei Zuidkant
668,Desguinlei 100,2023-05-04,09:00:00,93,53,40,FMN 21 Desguinlei Zuidkant
668,Desguinlei 100,2023-05-04,10:00:00,73,45,28,FMN 21 Desguinlei Zuidkant
668,Desguinlei 100,2023-05-04,11:00:00,117,60,57,FMN 21 Desguinlei Zuidkant
668,Desguinlei 100,2023-05-04,12:00:00,238,130,108,FMN 21 Desguinlei Zuidkant
668,Desguinlei 100,2023-05-04,13:00:00,331,172,159,FMN 21 Desguinlei Zuidkant
668,Desguinlei 100,2023-05-04,14:00:00,474,230,244,FMN 21 Desguinlei Zuidkant
668,Desguinlei 100,2023-05-04,15:00:00,721,368,353,FMN 21 Desguinlei Zuidkant
668,Desguinlei 100,2023-05-04,16:00:00,879,443,436,FMN 21 Desguinlei Zuidkant
668,Desguinlei 100,2023-05-04,17:00:00,1068,533,535,FMN 21 Desguinlei Zuidkant
668,Desguinlei 100,2023-05-04,18:00:00,756,372,384,FMN 21 Desguinlei Zuidkant
668,Desguinlei 100,2023-05-04,19:00:00,420,230,190,FMN 21 Desguinlei Zuidkant
668,Desguinlei 100,2023-05-04,20:00:00,284,170,114,FMN 21 Desguinlei Zuidkant
668,Desguinlei 100,2023-05-04,21:00:00,177,103,74,FMN 21 Desguinlei Zuidkant
668,Desguinlei 100,2023-05-04,22:00:00,130,78,52,FMN 21 Desguinlei Zuidkant
668,Desguinlei 100,2023-05-04,23:00:00,76,48,28,FMN 21 Desguinlei Zuidkant
668,Desguinlei 100,2023-05-05,00:00:00,32,18,14,FMN 21 Desguinlei Zuidkant
668,Desguinlei 100,2023-05-05,01:00:00,23,10,13,FMN 21 Desguinlei Zuidkant
668,Desguinlei 100,2023-05-05,02:00:00,9,5,4,FMN 21 Desguinlei Zuidkant
668,Desguinlei 100,2023-05-05,03:00:00,3,0,3,FMN 21 Desguinlei Zuidkant
668,Desguinlei 100,2023-05-05,04:00:00,9,5,4,FMN 21 Desguinlei Zuidkant
668,Desguinlei 100,2023-05-05,05:00:00,10,2,8,FMN 21 Desguinlei Zuidkant
668,Desguinlei 100,2023-05-05,06:00:00,47,27,20,FMN 21 Desguinlei Zuidkant
668,Desguinlei 100,2023-05-05,07:00:00,102,48,54,FMN 21 Desguinlei Zuidkant
668,Desguinlei 100,2023-05-05,08:00:00,170,101,69,FMN 21 Desguinlei Zuidkant
668,Desguinlei 100,2023-05-05,09:00:00,120,74,46,FMN 21 Desguinlei Zuidkant
668,Desguinlei 100,2023-05-05,10:00:00,83,53,30,FMN 21 Desguinlei Zuidkant
668,Desguinlei 100,2023-05-05,11:00:00,65,27,38,FMN 21 Desguinlei Zuidkant
668,Desguinlei 100,2023-05-05,12:00:00,130,39,91,FMN 21 Desguinlei Zuidkant
668,Desguinlei 100,2023-05-05,13:00:00,124,57,67,FMN 21 Desguinlei Zuidkant
668,Desguinlei 100,2023-05-05,14:00:00,120,48,72,FMN 21 Desguinlei Zuidkant
668,Desguinlei 100,2023-05-05,15:00:00,157,52,105,FMN 21 Desguinlei Zuidkant
668,Desguinlei 100,2023-05-05,16:00:00,242,87,155,FMN 21 Desguinlei Zuidkant
668,Desguinlei 100,2023-05-05,17:00:00,263,134,129,FMN 21 Desguinlei Zuidkant
668,Desguinlei 100,2023-05-05,18:00:00,203,86,117,FMN 21 Desguinlei Zuidkant
668,Desguinlei 100,2023-05-05,19:00:00,135,81,54,FMN 21 Desguinlei Zuidkant
668,Desguinlei 100,2023-05-05,20:00:00,87,45,42,FMN 21 Desguinlei Zuidkant
668,Desguinlei 100,2023-05-05,21:00:00,98,32,66,FMN 21 Desguinlei Zuidkant
668,Desguinlei 100,2023-05-05,22:00:00,59,16,43,FMN 21 Desguinlei Zuidkant
668,Desguinlei 100,2023-05-05,23:00:00,71,23,48,FMN 21 Desguinlei Zuidkant
668,Desguinlei 100,2023-05-06,00:00:00,87,22,65,FMN 21 Desguinlei Zuidkant
668,Desguinlei 100,2023-05-06,01:00:00,44,9,35,FMN 21 Desguinlei Zuidkant
668,Desguinlei 100,2023-05-06,02:00:00,18,5,13,FMN 21 Desguinlei Zuidkant
668,Desguinlei 100,2023-05-06,03:00:00,16,4,12,FMN 21 Desguinlei Zuidkant
668,Desguinlei 100,2023-05-06,04:00:00,16,5,11,FMN 21 Desguinlei Zuidkant
668,Desguinlei 100,2023-05-06,05:00:00,14,5,9,FMN 21 Desguinlei Zuidkant
668,Desguinlei 100,2023-05-06,06:00:00,6,1,5,FMN 21 Desguinlei Zuidkant
668,Desguinlei 100,2023-05-06,07:00:00,15,7,8,FMN 21 Desguinlei Zuidkant
668,Desguinlei 100,2023-05-06,08:00:00,33,19,14,FMN 21 Desguinlei Zuidkant
668,Desguinlei 100,2023-05-06,09:00:00,119,75,44,FMN 21 Desguinlei Zuidkant
668,Desguinlei 100,2023-05-06,10:00:00,123,65,58,FMN 21 Desguinlei Zuidkant
668,Desguinlei 100,2023-05-06,11:00:00,137,70,67,FMN 21 Desguinlei Zuidkant
668,Desguinlei 100,2023-05-06,12:00:00,252,143,109,FMN 21 Desguinlei Zuidkant
668,Desguinlei 100,2023-05-06,13:00:00,288,174,114,FMN 21 Desguinlei Zuidkant
668,Desguinlei 100,2023-05-06,14:00:00,337,164,173,FMN 21 Desguinlei Zuidkant
668,Desguinlei 100,2023-05-06,15:00:00,319,152,167,FMN 21 Desguinlei Zuidkant
668,Desguinlei 100,2023-05-06,16:00:00,228,111,117,FMN 21 Desguinlei Zuidkant
668,Desguinlei 100,2023-05-06,17:00:00,126,61,65,FMN 21 Desguinlei Zuidkant
668,Desguinlei 100,2023-05-06,18:00:00,123,55,68,FMN 21 Desguinlei Zuidkant
668,Desguinlei 100,2023-05-06,19:00:00,120,41,79,FMN 21 Desguinlei Zuidkant
668,Desguinlei 100,2023-05-06,20:00:00,80,32,48,FMN 21 Desguinlei Zuidkant
668,Desguinlei 100,2023-05-06,21:00:00,65,26,39,FMN 21 Desguinlei Zuidkant
668,Desguinlei 100,2023-05-06,22:00:00,60,12,48,FMN 21 Desguinlei Zuidkant
668,Desguinlei 100,2023-05-06,23:00:00,53,21,32,FMN 21 Desguinlei Zuidkant
668,Desguinlei 100,2023-05-07,00:00:00,43,16,27,FMN 21 Desguinlei Zuidkant
668,Desguinlei 100,2023-05-07,01:00:00,25,3,22,FMN 21 Desguinlei Zuidkant
668,Desguinlei 100,2023-05-07,02:00:00,16,5,11,FMN 21 Desguinlei Zuidkant
668,Desguinlei 100,2023-05-07,03:00:00,9,4,5,FMN 21 Desguinlei Zuidkant
668,Desguinlei 100,2023-05-07,04:00:00,12,4,8,FMN 21 Desguinlei Zuidkant
668,Desguinlei 100,2023-05-07,05:00:00,7,2,5,FMN 21 Desguinlei Zuidkant
668,Desguinlei 100,2023-05-07,06:00:00,9,2,7,FMN 21 Desguinlei Zuidkant
668,Desguinlei 100,2023-05-07,07:00:00,13,4,9,FMN 21 Desguinlei Zuidkant
668,Desguinlei 100,2023-05-07,08:00:00,30,9,21,FMN 21 Desguinlei Zuidkant
668,Desguinlei 100,2023-05-07,09:00:00,64,27,37,FMN 21 Desguinlei Zuidkant
668,Desguinlei 100,2023-05-07,10:00:00,90,41,49,FMN 21 Desguinlei Zuidkant
668,Desguinlei 100,2023-05-07,11:00:00,94,49,45,FMN 21 Desguinlei Zuidkant
668,Desguinlei 100,2023-05-07,12:00:00,73,45,28,FMN 21 Desguinlei Zuidkant
668,Desguinlei 100,2023-05-07,13:00:00,54,26,28,FMN 21 Desguinlei Zuidkant
668,Desguinlei 100,2023-05-07,14:00:00,66,34,32,FMN 21 Desguinlei Zuidkant
668,Desguinlei 100,2023-05-07,15:00:00,91,45,46,FMN 21 Desguinlei Zuidkant
668,Desguinlei 100,2023-05-07,16:00:00,120,59,61,FMN 21 Desguinlei Zuidkant
668,Desguinlei 100,2023-05-07,17:00:00,152,62,90,FMN 21 Desguinlei Zuidkant
668,Desguinlei 100,2023-05-07,18:00:00,127,66,61,FMN 21 Desguinlei Zuidkant
668,Desguinlei 100,2023-05-07,19:00:00,67,36,31,FMN 21 Desguinlei Zuidkant
668,Desguinlei 100,2023-05-07,20:00:00,25,12,13,FMN 21 Desguinlei Zuidkant
668,Desguinlei 100,2023-05-07,21:00:00,34,9,25,FMN 21 Desguinlei Zuidkant
668,Desguinlei 100,2023-05-07,22:00:00,15,4,11,FMN 21 Desguinlei Zuidkant
668,Desguinlei 100,2023-05-07,23:00:00,16,9,7,FMN 21 Desguinlei Zuidkant
668,Desguinlei 100,2023-05-08,00:00:00,13,6,7,FMN 21 Desguinlei Zuidkant
668,Desguinlei 100,2023-05-08,01:00:00,8,5,3,FMN 21 Desguinlei Zuidkant
668,Desguinlei 100,2023-05-08,02:00:00,8,2,6,FMN 21 Desguinlei Zuidkant
668,Desguinlei 100,2023-05-08,03:00:00,4,2,2,FMN 21 Desguinlei Zuidkant
668,Desguinlei 100,2023-05-08,04:00:00,18,6,12,FMN 21 Desguinlei Zuidkant
668,Desguinlei 100,2023-05-08,05:00:00,20,6,14,FMN 21 Desguinlei Zuidkant
668,Desguinlei 100,2023-05-08,06:00:00,58,25,33,FMN 21 Desguinlei Zuidkant
668,Desguinlei 100,2023-05-08,07:00:00,126,49,77,FMN 21 Desguinlei Zuidkant
668,Desguinlei 100,2023-05-08,08:00:00,205,100,105,FMN 21 Desguinlei Zuidkant
668,Desguinlei 100,2023-05-08,09:00:00,76,39,37,FMN 21 Desguinlei Zuidkant
668,Desguinlei 100,2023-05-08,10:00:00,63,34,29,FMN 21 Desguinlei Zuidkant
668,Desguinlei 100,2023-05-08,11:00:00,68,33,35,FMN 21 Desguinlei Zuidkant
668,Desguinlei 100,2023-05-08,12:00:00,122,58,64,FMN 21 Desguinlei Zuidkant
668,Desguinlei 100,2023-05-08,13:00:00,155,61,94,FMN 21 Desguinlei Zuidkant
668,Desguinlei 100,2023-05-08,14:00:00,134,67,67,FMN 21 Desguinlei Zuidkant
668,Desguinlei 100,2023-05-08,15:00:00,210,96,114,FMN 21 Desguinlei Zuidkant
668,Desguinlei 100,2023-05-08,16:00:00,239,110,129,FMN 21 Desguinlei Zuidkant
668,Desguinlei 100,2023-05-08,17:00:00,210,91,119,FMN 21 Desguinlei Zuidkant
668,Desguinlei 100,2023-05-08,18:00:00,190,90,100,FMN 21 Desguinlei Zuidkant
668,Desguinlei 100,2023-05-08,19:00:00,104,60,44,FMN 21 Desguinlei Zuidkant
668,Desguinlei 100,2023-05-08,20:00:00,81,50,31,FMN 21 Desguinlei Zuidkant
668,Desguinlei 100,2023-05-08,21:00:00,67,40,27,FMN 21 Desguinlei Zuidkant
668,Desguinlei 100,2023-05-08,22:00:00,39,19,20,FMN 21 Desguinlei Zuidkant
668,Desguinlei 100,2023-05-08,23:00:00,14,4,10,FMN 21 Desguinlei Zuidkant
668,Desguinlei 100,2023-05-09,00:00:00,12,8,4,FMN 21 Desguinlei Zuidkant
668,Desguinlei 100,2023-05-09,01:00:00,9,6,3,FMN 21 Desguinlei Zuidkant
668,Desguinlei 100,2023-05-09,02:00:00,2,2,0,FMN 21 Desguinlei Zuidkant
668,Desguinlei 100,2023-05-09,03:00:00,4,1,3,FMN 21 Desguinlei Zuidkant
668,Desguinlei 100,2023-05-09,04:00:00,12,4,8,FMN 21 Desguinlei Zuidkant
668,Desguinlei 100,2023-05-09,05:00:00,15,6,9,FMN 21 Desguinlei Zuidkant
668,Desguinlei 100,2023-05-09,06:00:00,36,13,23,FMN 21 Desguinlei Zuidkant
668,Desguinlei 100,2023-05-09,07:00:00,105,41,64,FMN 21 Desguinlei Zuidkant
668,Desguinlei 100,2023-05-09,08:00:00,152,68,84,FMN 21 Desguinlei Zuidkant
668,Desguinlei 100,2023-05-09,09:00:00,77,22,55,FMN 21 Desguinlei Zuidkant
668,Desguinlei 100,2023-05-09,10:00:00,53,16,37,FMN 21 Desguinlei Zuidkant
668,Desguinlei 100,2023-05-09,11:00:00,65,20,45,FMN 21 Desguinlei Zuidkant
668,Desguinlei 100,2023-05-09,12:00:00,87,29,58,FMN 21 Desguinlei Zuidkant
668,Desguinlei 100,2023-05-09,13:00:00,48,11,37,FMN 21 Desguinlei Zuidkant
668,Desguinlei 100,2023-05-09,14:00:00,59,14,45,FMN 21 Desguinlei Zuidkant
668,Desguinlei 100,2023-05-09,15:00:00,123,23,100,FMN 21 Desguinlei Zuidkant
668,Desguinlei 100,2023-05-09,16:00:00,139,26,113,FMN 21 Desguinlei Zuidkant
668,Desguinlei 100,2023-05-09,17:00:00,155,33,122,FMN 21 Desguinlei Zuidkant
668,Desguinlei 100,2023-05-09,18:00:00,150,47,103,FMN 21 Desguinlei Zuidkant
668,Desguinlei 100,2023-05-09,19:00:00,92,44,48,FMN 21 Desguinlei Zuidkant
668,Desguinlei 100,2023-05-09,20:00:00,60,22,38,FMN 21 Desguinlei Zuidkant
668,Desguinlei 100,2023-05-09,21:00:00,52,19,33,FMN 21 Desguinlei Zuidkant
668,Desguinlei 100,2023-05-09,22:00:00,43,15,28,FMN 21 Desguinlei Zuidkant
668,Desguinlei 100,2023-05-09,23:00:00,18,5,13,FMN 21 Desguinlei Zuidkant
668,Desguinlei 100,2023-05-10,00:00:00,10,0,10,FMN 21 Desguinlei Zuidkant
668,Desguinlei 100,2023-05-10,01:00:00,4,1,3,FMN 21 Desguinlei Zuidkant
668,Desguinlei 100,2023-05-10,02:00:00,2,0,2,FMN 21 Desguinlei Zuidkant
668,Desguinlei 100,2023-05-10,03:00:00,4,0,4,FMN 21 Desguinlei Zuidkant
668,Desguinlei 100,2023-05-10,04:00:00,13,5,8,FMN 21 Desguinlei Zuidkant
668,Desguinlei 100,2023-05-10,05:00:00,16,7,9,FMN 21 Desguinlei Zuidkant
668,Desguinlei 100,2023-05-10,06:00:00,42,6,36,FMN 21 Desguinlei Zuidkant
668,Desguinlei 100,2023-05-10,07:00:00,101,35,66,FMN 21 Desguinlei Zuidkant
668,Desguinlei 100,2023-05-10,08:00:00,181,62,119,FMN 21 Desguinlei Zuidkant
668,Desguinlei 100,2023-05-10,09:00:00,110,46,64,FMN 21 Desguinlei Zuidkant
668,Desguinlei 100,2023-05-10,10:00:00,90,33,57,FMN 21 Desguinlei Zuidkant
668,Desguinlei 100,2023-05-10,11:00:00,69,20,49,FMN 21 Desguinlei Zuidkant
668,Desguinlei 100,2023-05-10,12:00:00,138,46,92,FMN 21 Desguinlei Zuidkant
668,Desguinlei 100,2023-05-10,13:00:00,100,36,64,FMN 21 Desguinlei Zuidkant
668,Desguinlei 100,2023-05-10,14:00:00,73,22,51,FMN 21 Desguinlei Zuidkant
668,Desguinlei 100,2023-05-10,15:00:00,92,36,56,FMN 21 Desguinlei Zuidkant
668,Desguinlei 100,2023-05-10,16:00:00,127,42,85,FMN 21 Desguinlei Zuidkant
668,Desguinlei 100,2023-05-10,17:00:00,168,45,123,FMN 21 Desguinlei Zuidkant
668,Desguinlei 100,2023-05-10,18:00:00,129,41,88,FMN 21 Desguinlei Zuidkant
668,Desguinlei 100,2023-05-10,19:00:00,112,52,60,FMN 21 Desguinlei Zuidkant
668,Desguinlei 100,2023-05-10,20:00:00,73,31,42,FMN 21 Desguinlei Zuidkant
668,Desguinlei 100,2023-05-10,21:00:00,82,37,45,FMN 21 Desguinlei Zuidkant
668,Desguinlei 100,2023-05-10,22:00:00,43,18,25,FMN 21 Desguinlei Zuidkant
668,Desguinlei 100,2023-05-10,23:00:00,19,9,10,FMN 21 Desguinlei Zuidkant
668,Desguinlei 100,2023-05-11,00:00:00,5,0,5,FMN 21 Desguinlei Zuidkant
668,Desguinlei 100,2023-05-11,01:00:00,3,1,2,FMN 21 Desguinlei Zuidkant
668,Desguinlei 100,2023-05-11,02:00:00,1,0,1,FMN 21 Desguinlei Zuidkant
668,Desguinlei 100,2023-05-11,03:00:00,1,0,1,FMN 21 Desguinlei Zuidkant
668,Desguinlei 100,2023-05-11,04:00:00,13,3,10,FMN 21 Desguinlei Zuidkant
668,Desguinlei 100,2023-05-11,05:00:00,19,5,14,FMN 21 Desguinlei Zuidkant
668,Desguinlei 100,2023-05-11,06:00:00,47,15,32,FMN 21 Desguinlei Zuidkant
668,Desguinlei 100,2023-05-11,07:00:00,124,40,84,FMN 21 Desguinlei Zuidkant
668,Desguinlei 100,2023-05-11,08:00:00,202,90,112,FMN 21 Desguinlei Zuidkant
668,Desguinlei 100,2023-05-11,09:00:00,111,49,62,FMN 21 Desguinlei Zuidkant
668,Desguinlei 100,2023-05-11,10:00:00,83,36,47,FMN 21 Desguinlei Zuidkant
668,Desguinlei 100,2023-05-11,11:00:00,64,33,31,FMN 21 Desguinlei Zuidkant
668,Desguinlei 100,2023-05-11,12:00:00,137,48,89,FMN 21 Desguinlei Zuidkant
668,Desguinlei 100,2023-05-11,13:00:00,157,64,93,FMN 21 Desguinlei Zuidkant
668,Desguinlei 100,2023-05-11,14:00:00,215,100,115,FMN 21 Desguinlei Zuidkant
668,Desguinlei 100,2023-05-11,15:00:00,212,77,135,FMN 21 Desguinlei Zuidkant
668,Desguinlei 100,2023-05-11,16:00:00,285,120,165,FMN 21 Desguinlei Zuidkant
668,Desguinlei 100,2023-05-11,17:00:00,204,61,143,FMN 21 Desguinlei Zuidkant
668,Desguinlei 100,2023-05-11,18:00:00,192,57,135,FMN 21 Desguinlei Zuidkant
668,Desguinlei 100,2023-05-11,19:00:00,137,61,76,FMN 21 Desguinlei Zuidkant
668,Desguinlei 100,2023-05-11,20:00:00,77,42,35,FMN 21 Desguinlei Zuidkant
668,Desguinlei 100,2023-05-11,21:00:00,60,25,35,FMN 21 Desguinlei Zuidkant
668,Desguinlei 100,2023-05-11,22:00:00,60,24,36,FMN 21 Desguinlei Zuidkant
668,Desguinlei 100,2023-05-11,23:00:00,28,8,20,FMN 21 Desguinlei Zuidkant
668,Desguinlei 100,2023-05-12,00:00:00,22,2,20,FMN 21 Desguinlei Zuidkant
668,Desguinlei 100,2023-05-12,01:00:00,10,5,5,FMN 21 Desguinlei Zuidkant
668,Desguinlei 100,2023-05-12,02:00:00,3,0,3,FMN 21 Desguinlei Zuidkant
668,Desguinlei 100,2023-05-12,03:00:00,2,1,1,FMN 21 Desguinlei Zuidkant
668,Desguinlei 100,2023-05-12,04:00:00,9,1,8,FMN 21 Desguinlei Zuidkant
668,Desguinlei 100,2023-05-12,05:00:00,11,1,10,FMN 21 Desguinlei Zuidkant
668,Desguinlei 100,2023-05-12,06:00:00,30,4,26,FMN 21 Desguinlei Zuidkant
668,Desguinlei 100,2023-05-12,07:00:00,84,27,57,FMN 21 Desguinlei Zuidkant
668,Desguinlei 100,2023-05-12,08:00:00,176,79,97,FMN 21 Desguinlei Zuidkant
668,Desguinlei 100,2023-05-12,09:00:00,80,30,50,FMN 21 Desguinlei Zuidkant
668,Desguinlei 100,2023-05-12,10:00:00,83,39,44,FMN 21 Desguinlei Zuidkant
668,Desguinlei 100,2023-05-12,11:00:00,73,25,48,FMN 21 Desguinlei Zuidkant
668,Desguinlei 100,2023-05-12,12:00:00,101,39,62,FMN 21 Desguinlei Zuidkant
668,Desguinlei 100,2023-05-12,13:00:00,96,36,60,FMN 21 Desguinlei Zuidkant
668,Desguinlei 100,2023-05-12,14:00:00,126,54,72,FMN 21 Desguinlei Zuidkant
668,Desguinlei 100,2023-05-12,15:00:00,208,82,126,FMN 21 Desguinlei Zuidkant
668,Desguinlei 100,2023-05-12,16:00:00,238,85,153,FMN 21 Desguinlei Zuidkant
668,Desguinlei 100,2023-05-12,17:00:00,317,129,188,FMN 21 Desguinlei Zuidkant
668,Desguinlei 100,2023-05-12,18:00:00,219,88,131,FMN 21 Desguinlei Zuidkant
668,Desguinlei 100,2023-05-12,19:00:00,132,60,72,FMN 21 Desguinlei Zuidkant
668,Desguinlei 100,2023-05-12,20:00:00,106,50,56,FMN 21 Desguinlei Zuidkant
668,Desguinlei 100,2023-05-12,21:00:00,68,29,39,FMN 21 Desguinlei Zuidkant
668,Desguinlei 100,2023-05-12,22:00:00,46,8,38,FMN 21 Desguinlei Zuidkant
668,Desguinlei 100,2023-05-12,23:00:00,40,18,22,FMN 21 Desguinlei Zuidkant
668,Desguinlei 100,2023-05-13,00:00:00,33,8,25,FMN 21 Desguinlei Zuidkant
668,Desguinlei 100,2023-05-13,01:00:00,34,7,27,FMN 21 Desguinlei Zuidkant
668,Desguinlei 100,2023-05-13,02:00:00,18,6,12,FMN 21 Desguinlei Zuidkant
668,Desguinlei 100,2023-05-13,03:00:00,10,0,10,FMN 21 Desguinlei Zuidkant
668,Desguinlei 100,2023-05-13,04:00:00,10,1,9,FMN 21 Desguinlei Zuidkant
668,Desguinlei 100,2023-05-13,05:00:00,9,4,5,FMN 21 Desguinlei Zuidkant
668,Desguinlei 100,2023-05-13,06:00:00,14,4,10,FMN 21 Desguinlei Zuidkant
668,Desguinlei 100,2023-05-13,07:00:00,26,15,11,FMN 21 Desguinlei Zuidkant
668,Desguinlei 100,2023-05-13,08:00:00,55,23,32,FMN 21 Desguinlei Zuidkant
668,Desguinlei 100,2023-05-13,09:00:00,101,37,64,FMN 21 Desguinlei Zuidkant
668,Desguinlei 100,2023-05-13,10:00:00,153,58,95,FMN 21 Desguinlei Zuidkant
668,Desguinlei 100,2023-05-13,11:00:00,196,106,90,FMN 21 Desguinlei Zuidkant
668,Desguinlei 100,2023-05-13,12:00:00,299,147,152,FMN 21 Desguinlei Zuidkant
668,Desguinlei 100,2023-05-13,13:00:00,373,177,196,FMN 21 Desguinlei Zuidkant
668,Desguinlei 100,2023-05-13,14:00:00,380,188,192,FMN 21 Desguinlei Zuidkant
668,Desguinlei 100,2023-05-13,15:00:00,390,213,177,FMN 21 Desguinlei Zuidkant
668,Desguinlei 100,2023-05-13,16:00:00,286,138,148,FMN 21 Desguinlei Zuidkant
668,Desguinlei 100,2023-05-13,17:00:00,192,79,113,FMN 21 Desguinlei Zuidkant
668,Desguinlei 100,2023-05-13,18:00:00,271,119,152,FMN 21 Desguinlei Zuidkant
668,Desguinlei 100,2023-05-13,19:00:00,176,81,95,FMN 21 Desguinlei Zuidkant
668,Desguinlei 100,2023-05-13,20:00:00,121,52,69,FMN 21 Desguinlei Zuidkant
668,Desguinlei 100,2023-05-13,21:00:00,52,21,31,FMN 21 Desguinlei Zuidkant
668,Desguinlei 100,2023-05-13,22:00:00,42,14,28,FMN 21 Desguinlei Zuidkant
668,Desguinlei 100,2023-05-13,23:00:00,33,12,21,FMN 21 Desguinlei Zuidkant
668,Desguinlei 100,2023-05-14,00:00:00,31,16,15,FMN 21 Desguinlei Zuidkant
668,Desguinlei 100,2023-05-14,01:00:00,32,13,19,FMN 21 Desguinlei Zuidkant
668,Desguinlei 100,2023-05-14,02:00:00,15,6,9,FMN 21 Desguinlei Zuidkant
668,Desguinlei 100,2023-05-14,03:00:00,17,2,15,FMN 21 Desguinlei Zuidkant
668,Desguinlei 100,2023-05-14,04:00:00,10,1,9,FMN 21 Desguinlei Zuidkant
668,Desguinlei 100,2023-05-14,05:00:00,6,3,3,FMN 21 Desguinlei Zuidkant
668,Desguinlei 100,2023-05-14,06:00:00,15,5,10,FMN 21 Desguinlei Zuidkant
668,Desguinlei 100,2023-05-14,07:00:00,18,5,13,FMN 21 Desguinlei Zuidkant
668,Desguinlei 100,2023-05-14,08:00:00,21,6,15,FMN 21 Desguinlei Zuidkant
668,Desguinlei 100,2023-05-14,09:00:00,68,22,46,FMN 21 Desguinlei Zuidkant
668,Desguinlei 100,2023-05-14,10:00:00,54,22,32,FMN 21 Desguinlei Zuidkant
668,Desguinlei 100,2023-05-14,11:00:00,87,45,42,FMN 21 Desguinlei Zuidkant
668,Desguinlei 100,2023-05-14,12:00:00,105,45,60,FMN 21 Desguinlei Zuidkant
668,Desguinlei 100,2023-05-14,13:00:00,167,88,79,FMN 21 Desguinlei Zuidkant
668,Desguinlei 100,2023-05-14,14:00:00,194,104,90,FMN 21 Desguinlei Zuidkant
668,Desguinlei 100,2023-05-14,15:00:00,333,171,162,FMN 21 Desguinlei Zuidkant
668,Desguinlei 100,2023-05-14,16:00:00,250,107,143,FMN 21 Desguinlei Zuidkant
668,Desguinlei 100,2023-05-14,17:00:00,197,88,109,FMN 21 Desguinlei Zuidkant
668,Desguinlei 100,2023-05-14,18:00:00,140,66,74,FMN 21 Desguinlei Zuidkant
668,Desguinlei 100,2023-05-14,19:00:00,105,40,65,FMN 21 Desguinlei Zuidkant
668,Desguinlei 100,2023-05-14,20:00:00,64,23,41,FMN 21 Desguinlei Zuidkant
668,Desguinlei 100,2023-05-14,21:00:00,26,10,16,FMN 21 Desguinlei Zuidkant
668,Desguinlei 100,2023-05-14,22:00:00,28,10,18,FMN 21 Desguinlei Zuidkant
668,Desguinlei 100,2023-05-14,23:00:00,17,8,9,FMN 21 Desguinlei Zuidkant
668,Desguinlei 100,2023-05-15,00:00:00,7,2,5,FMN 21 Desguinlei Zuidkant
668,Desguinlei 100,2023-05-15,01:00:00,3,0,3,FMN 21 Desguinlei Zuidkant
668,Desguinlei 100,2023-05-15,02:00:00,2,0,2,FMN 21 Desguinlei Zuidkant
668,Desguinlei 100,2023-05-15,03:00:00,2,0,2,FMN 21 Desguinlei Zuidkant
668,Desguinlei 100,2023-05-15,04:00:00,9,0,9,FMN 21 Desguinlei Zuidkant
668,Desguinlei 100,2023-05-15,05:00:00,23,9,14,FMN 21 Desguinlei Zuidkant
668,Desguinlei 100,2023-05-15,06:00:00,50,16,34,FMN 21 Desguinlei Zuidkant
668,Desguinlei 100,2023-05-15,07:00:00,120,46,74,FMN 21 Desguinlei Zuidkant
668,Desguinlei 100,2023-05-15,08:00:00,206,96,110,FMN 21 Desguinlei Zuidkant
668,Desguinlei 100,2023-05-15,09:00:00,107,65,42,FMN 21 Desguinlei Zuidkant
668,Desguinlei 100,2023-05-15,10:00:00,75,24,51,FMN 21 Desguinlei Zuidkant
668,Desguinlei 100,2023-05-15,11:00:00,56,13,43,FMN 21 Desguinlei Zuidkant
668,Desguinlei 100,2023-05-15,12:00:00,99,38,61,FMN 21 Desguinlei Zuidkant
668,Desguinlei 100,2023-05-15,13:00:00,50,16,34,FMN 21 Desguinlei Zuidkant
668,Desguinlei 100,2023-05-15,14:00:00,63,20,43,FMN 21 Desguinlei Zuidkant
668,Desguinlei 100,2023-05-15,15:00:00,122,22,100,FMN 21 Desguinlei Zuidkant
668,Desguinlei 100,2023-05-15,16:00:00,166,35,131,FMN 21 Desguinlei Zuidkant
668,Desguinlei 100,2023-05-15,17:00:00,192,52,140,FMN 21 Desguinlei Zuidkant
668,Desguinlei 100,2023-05-15,18:00:00,168,42,126,FMN 21 Desguinlei Zuidkant
668,Desguinlei 100,2023-05-15,19:00:00,79,29,50,FMN 21 Desguinlei Zuidkant
668,Desguinlei 100,2023-05-15,20:00:00,61,18,43,FMN 21 Desguinlei Zuidkant
668,Desguinlei 100,2023-05-15,21:00:00,65,36,29,FMN 21 Desguinlei Zuidkant
668,Desguinlei 100,2023-05-15,22:00:00,30,17,13,FMN 21 Desguinlei Zuidkant
668,Desguinlei 100,2023-05-15,23:00:00,20,8,12,FMN 21 Desguinlei Zuidkant
668,Desguinlei 100,2023-05-16,00:00:00,5,1,4,FMN 21 Desguinlei Zuidkant
668,Desguinlei 100,2023-05-16,01:00:00,2,0,2,FMN 21 Desguinlei Zuidkant
668,Desguinlei 100,2023-05-16,02:00:00,1,0,1,FMN 21 Desguinlei Zuidkant
668,Desguinlei 100,2023-05-16,03:00:00,3,2,1,FMN 21 Desguinlei Zuidkant
668,Desguinlei 100,2023-05-16,04:00:00,10,2,8,FMN 21 Desguinlei Zuidkant
668,Desguinlei 100,2023-05-16,05:00:00,18,6,12,FMN 21 Desguinlei Zuidkant
668,Desguinlei 100,2023-05-16,06:00:00,50,17,33,FMN 21 Desguinlei Zuidkant
668,Desguinlei 100,2023-05-16,07:00:00,129,48,81,FMN 21 Desguinlei Zuidkant
668,Desguinlei 100,2023-05-16,08:00:00,227,97,130,FMN 21 Desguinlei Zuidkant
668,Desguinlei 100,2023-05-16,09:00:00,103,43,60,FMN 21 Desguinlei Zuidkant
668,Desguinlei 100,2023-05-16,10:00:00,62,21,41,FMN 21 Desguinlei Zuidkant
668,Desguinlei 100,2023-05-16,11:00:00,93,36,57,FMN 21 Desguinlei Zuidkant
668,Desguinlei 100,2023-05-16,12:00:00,123,46,77,FMN 21 Desguinlei Zuidkant
668,Desguinlei 100,2023-05-16,13:00:00,104,42,62,FMN 21 Desguinlei Zuidkant
668,Desguinlei 100,2023-05-16,14:00:00,132,48,84,FMN 21 Desguinlei Zuidkant
668,Desguinlei 100,2023-05-16,15:00:00,161,46,115,FMN 21 Desguinlei Zuidkant
668,Desguinlei 100,2023-05-16,16:00:00,260,93,167,FMN 21 Desguinlei Zuidkant
668,Desguinlei 100,2023-05-16,17:00:00,335,121,214,FMN 21 Desguinlei Zuidkant
668,Desguinlei 100,2023-05-16,18:00:00,279,132,147,FMN 21 Desguinlei Zuidkant
668,Desguinlei 100,2023-05-16,19:00:00,161,70,91,FMN 21 Desguinlei Zuidkant
668,Desguinlei 100,2023-05-16,20:00:00,79,36,43,FMN 21 Desguinlei Zuidkant
668,Desguinlei 100,2023-05-16,21:00:00,69,27,42,FMN 21 Desguinlei Zuidkant
668,Desguinlei 100,2023-05-16,22:00:00,66,30,36,FMN 21 Desguinlei Zuidkant
668,Desguinlei 100,2023-05-16,23:00:00,26,8,18,FMN 21 Desguinlei Zuidkant
668,Desguinlei 100,2023-05-17,00:00:00,12,0,12,FMN 21 Desguinlei Zuidkant
668,Desguinlei 100,2023-05-17,01:00:00,3,3,0,FMN 21 Desguinlei Zuidkant
668,Desguinlei 100,2023-05-17,02:00:00,3,1,2,FMN 21 Desguinlei Zuidkant
668,Desguinlei 100,2023-05-17,03:00:00,1,0,1,FMN 21 Desguinlei Zuidkant
668,Desguinlei 100,2023-05-17,04:00:00,13,3,10,FMN 21 Desguinlei Zuidkant
668,Desguinlei 100,2023-05-17,05:00:00,14,4,10,FMN 21 Desguinlei Zuidkant
668,Desguinlei 100,2023-05-17,06:00:00,43,21,22,FMN 21 Desguinlei Zuidkant
668,Desguinlei 100,2023-05-17,07:00:00,117,46,71,FMN 21 Desguinlei Zuidkant
668,Desguinlei 100,2023-05-17,08:00:00,204,82,122,FMN 21 Desguinlei Zuidkant
668,Desguinlei 100,2023-05-17,09:00:00,99,45,54,FMN 21 Desguinlei Zuidkant
668,Desguinlei 100,2023-05-17,10:00:00,113,60,53,FMN 21 Desguinlei Zuidkant
668,Desguinlei 100,2023-05-17,11:00:00,97,38,59,FMN 21 Desguinlei Zuidkant
668,Desguinlei 100,2023-05-17,12:00:00,191,66,125,FMN 21 Desguinlei Zuidkant
668,Desguinlei 100,2023-05-17,13:00:00,156,61,95,FMN 21 Desguinlei Zuidkant
668,Desguinlei 100,2023-05-17,14:00:00,170,73,97,FMN 21 Desguinlei Zuidkant
668,Desguinlei 100,2023-05-17,15:00:00,222,100,122,FMN 21 Desguinlei Zuidkant
668,Desguinlei 100,2023-05-17,16:00:00,287,123,164,FMN 21 Desguinlei Zuidkant
668,Desguinlei 100,2023-05-17,17:00:00,277,102,175,FMN 21 Desguinlei Zuidkant
668,Desguinlei 100,2023-05-17,18:00:00,205,85,120,FMN 21 Desguinlei Zuidkant
668,Desguinlei 100,2023-05-17,19:00:00,216,91,125,FMN 21 Desguinlei Zuidkant
668,Desguinlei 100,2023-05-17,20:00:00,143,69,74,FMN 21 Desguinlei Zuidkant
668,Desguinlei 100,2023-05-17,21:00:00,85,41,44,FMN 21 Desguinlei Zuidkant
668,Desguinlei 100,2023-05-17,22:00:00,58,18,40,FMN 21 Desguinlei Zuidkant
668,Desguinlei 100,2023-05-17,23:00:00,38,9,29,FMN 21 Desguinlei Zuidkant
668,Desguinlei 100,2023-05-18,00:00:00,61,9,52,FMN 21 Desguinlei Zuidkant
668,Desguinlei 100,2023-05-18,01:00:00,29,2,27,FMN 21 Desguinlei Zuidkant
668,Desguinlei 100,2023-05-18,02:00:00,19,2,17,FMN 21 Desguinlei Zuidkant
668,Desguinlei 100,2023-05-18,03:00:00,6,1,5,FMN 21 Desguinlei Zuidkant
668,Desguinlei 100,2023-05-18,04:00:00,11,3,8,FMN 21 Desguinlei Zuidkant
668,Desguinlei 100,2023-05-18,05:00:00,7,0,7,FMN 21 Desguinlei Zuidkant
668,Desguinlei 100,2023-05-18,06:00:00,10,2,8,FMN 21 Desguinlei Zuidkant
668,Desguinlei 100,2023-05-18,07:00:00,20,8,12,FMN 21 Desguinlei Zuidkant
668,Desguinlei 100,2023-05-18,08:00:00,24,9,15,FMN 21 Desguinlei Zuidkant
668,Desguinlei 100,2023-05-18,09:00:00,42,7,35,FMN 21 Desguinlei Zuidkant
668,Desguinlei 100,2023-05-18,10:00:00,57,20,37,FMN 21 Desguinlei Zuidkant
668,Desguinlei 100,2023-05-18,11:00:00,63,31,32,FMN 21 Desguinlei Zuidkant
668,Desguinlei 100,2023-05-18,12:00:00,96,41,55,FMN 21 Desguinlei Zuidkant
668,Desguinlei 100,2023-05-18,13:00:00,139,58,81,FMN 21 Desguinlei Zuidkant
668,Desguinlei 100,2023-05-18,14:00:00,183,70,113,FMN 21 Desguinlei Zuidkant
668,Desguinlei 100,2023-05-18,15:00:00,238,117,121,FMN 21 Desguinlei Zuidkant
668,Desguinlei 100,2023-05-18,16:00:00,333,154,179,FMN 21 Desguinlei Zuidkant
668,Desguinlei 100,2023-05-18,17:00:00,319,149,170,FMN 21 Desguinlei Zuidkant
668,Desguinlei 100,2023-05-18,18:00:00,307,144,163,FMN 21 Desguinlei Zuidkant
668,Desguinlei 100,2023-05-18,19:00:00,300,137,163,FMN 21 Desguinlei Zuidkant
668,Desguinlei 100,2023-05-18,20:00:00,115,47,68,FMN 21 Desguinlei Zuidkant
668,Desguinlei 100,2023-05-18,21:00:00,66,22,44,FMN 21 Desguinlei Zuidkant
668,Desguinlei 100,2023-05-18,22:00:00,33,12,21,FMN 21 Desguinlei Zuidkant
668,Desguinlei 100,2023-05-18,23:00:00,40,15,25,FMN 21 Desguinlei Zuidkant
668,Desguinlei 100,2023-05-19,00:00:00,28,8,20,FMN 21 Desguinlei Zuidkant
668,Desguinlei 100,2023-05-19,01:00:00,13,7,6,FMN 21 Desguinlei Zuidkant
668,Desguinlei 100,2023-05-19,02:00:00,4,1,3,FMN 21 Desguinlei Zuidkant
668,Desguinlei 100,2023-05-19,03:00:00,4,1,3,FMN 21 Desguinlei Zuidkant
668,Desguinlei 100,2023-05-19,04:00:00,12,3,9,FMN 21 Desguinlei Zuidkant
668,Desguinlei 100,2023-05-19,05:00:00,7,0,7,FMN 21 Desguinlei Zuidkant
668,Desguinlei 100,2023-05-19,06:00:00,18,7,11,FMN 21 Desguinlei Zuidkant
668,Desguinlei 100,2023-05-19,07:00:00,59,22,37,FMN 21 Desguinlei Zuidkant
668,Desguinlei 100,2023-05-19,08:00:00,62,31,31,FMN 21 Desguinlei Zuidkant
668,Desguinlei 100,2023-05-19,09:00:00,68,39,29,FMN 21 Desguinlei Zuidkant
668,Desguinlei 100,2023-05-19,10:00:00,72,42,30,FMN 21 Desguinlei Zuidkant
668,Desguinlei 100,2023-05-19,11:00:00,136,65,71,FMN 21 Desguinlei Zuidkant
668,Desguinlei 100,2023-05-19,12:00:00,213,113,100,FMN 21 Desguinlei Zuidkant
668,Desguinlei 100,2023-05-19,13:00:00,343,156,187,FMN 21 Desguinlei Zuidkant
668,Desguinlei 100,2023-05-19,14:00:00,381,193,188,FMN 21 Desguinlei Zuidkant
668,Desguinlei 100,2023-05-19,15:00:00,447,221,226,FMN 21 Desguinlei Zuidkant
668,Desguinlei 100,2023-05-19,16:00:00,501,235,266,FMN 21 Desguinlei Zuidkant
668,Desguinlei 100,2023-05-19,17:00:00,546,255,291,FMN 21 Desguinlei Zuidkant
668,Desguinlei 100,2023-05-19,18:00:00,561,277,284,FMN 21 Desguinlei Zuidkant
668,Desguinlei 100,2023-05-19,19:00:00,458,227,231,FMN 21 Desguinlei Zuidkant
668,Desguinlei 100,2023-05-19,20:00:00,221,110,111,FMN 21 Desguinlei Zuidkant
668,Desguinlei 100,2023-05-19,21:00:00,97,42,55,FMN 21 Desguinlei Zuidkant
668,Desguinlei 100,2023-05-19,22:00:00,80,26,54,FMN 21 Desguinlei Zuidkant
668,Desguinlei 100,2023-05-19,23:00:00,70,21,49,FMN 21 Desguinlei Zuidkant
668,Desguinlei 100,2023-05-20,00:00:00,33,10,23,FMN 21 Desguinlei Zuidkant
668,Desguinlei 100,2023-05-20,01:00:00,19,4,15,FMN 21 Desguinlei Zuidkant
668,Desguinlei 100,2023-05-20,02:00:00,11,3,8,FMN 21 Desguinlei Zuidkant
668,Desguinlei 100,2023-05-20,03:00:00,7,1,6,FMN 21 Desguinlei Zuidkant
668,Desguinlei 100,2023-05-20,04:00:00,8,3,5,FMN 21 Desguinlei Zuidkant
668,Desguinlei 100,2023-05-20,05:00:00,13,3,10,FMN 21 Desguinlei Zuidkant
668,Desguinlei 100,2023-05-20,06:00:00,12,1,11,FMN 21 Desguinlei Zuidkant
668,Desguinlei 100,2023-05-20,07:00:00,19,8,11,FMN 21 Desguinlei Zuidkant
668,Desguinlei 100,2023-05-20,08:00:00,31,12,19,FMN 21 Desguinlei Zuidkant
668,Desguinlei 100,2023-05-20,09:00:00,88,39,49,FMN 21 Desguinlei Zuidkant
668,Desguinlei 100,2023-05-20,10:00:00,167,86,81,FMN 21 Desguinlei Zuidkant
668,Desguinlei 100,2023-05-20,11:00:00,218,120,98,FMN 21 Desguinlei Zuidkant
668,Desguinlei 100,2023-05-20,12:00:00,280,142,138,FMN 21 Desguinlei Zuidkant
668,Desguinlei 100,2023-05-20,13:00:00,332,164,168,FMN 21 Desguinlei Zuidkant
668,Desguinlei 100,2023-05-20,14:00:00,394,194,200,FMN 21 Desguinlei Zuidkant
668,Desguinlei 100,2023-05-20,15:00:00,458,221,237,FMN 21 Desguinlei Zuidkant
668,Desguinlei 100,2023-05-20,16:00:00,437,221,216,FMN 21 Desguinlei Zuidkant
668,Desguinlei 100,2023-05-20,17:00:00,316,146,170,FMN 21 Desguinlei Zuidkant
668,Desguinlei 100,2023-05-20,18:00:00,406,201,205,FMN 21 Desguinlei Zuidkant
668,Desguinlei 100,2023-05-20,19:00:00,394,204,190,FMN 21 Desguinlei Zuidkant
668,Desguinlei 100,2023-05-20,20:00:00,131,49,82,FMN 21 Desguinlei Zuidkant
668,Desguinlei 100,2023-05-20,21:00:00,86,37,49,FMN 21 Desguinlei Zuidkant
668,Desguinlei 100,2023-05-20,22:00:00,63,15,48,FMN 21 Desguinlei Zuidkant
668,Desguinlei 100,2023-05-20,23:00:00,75,37,38,FMN 21 Desguinlei Zuidkant
668,Desguinlei 100,2023-05-21,00:00:00,41,15,26,FMN 21 Desguinlei Zuidkant
668,Desguinlei 100,2023-05-21,01:00:00,16,4,12,FMN 21 Desguinlei Zuidkant
668,Desguinlei 100,2023-05-21,02:00:00,16,5,11,FMN 21 Desguinlei Zuidkant
668,Desguinlei 100,2023-05-21,03:00:00,11,6,5,FMN 21 Desguinlei Zuidkant
668,Desguinlei 100,2023-05-21,04:00:00,4,1,3,FMN 21 Desguinlei Zuidkant
668,Desguinlei 100,2023-05-21,05:00:00,8,2,6,FMN 21 Desguinlei Zuidkant
668,Desguinlei 100,2023-05-21,06:00:00,12,6,6,FMN 21 Desguinlei Zuidkant
668,Desguinlei 100,2023-05-21,07:00:00,22,11,11,FMN 21 Desguinlei Zuidkant
668,Desguinlei 100,2023-05-21,08:00:00,35,14,21,FMN 21 Desguinlei Zuidkant
668,Desguinlei 100,2023-05-21,09:00:00,87,22,65,FMN 21 Desguinlei Zuidkant
668,Desguinlei 100,2023-05-21,10:00:00,138,61,77,FMN 21 Desguinlei Zuidkant
668,Desguinlei 100,2023-05-21,11:00:00,215,118,97,FMN 21 Desguinlei Zuidkant
668,Desguinlei 100,2023-05-21,12:00:00,278,146,132,FMN 21 Desguinlei Zuidkant
668,Desguinlei 100,2023-05-21,13:00:00,345,160,185,FMN 21 Desguinlei Zuidkant
668,Desguinlei 100,2023-05-21,14:00:00,313,162,151,FMN 21 Desguinlei Zuidkant
668,Desguinlei 100,2023-05-21,15:00:00,367,177,190,FMN 21 Desguinlei Zuidkant
668,Desguinlei 100,2023-05-21,16:00:00,462,229,233,FMN 21 Desguinlei Zuidkant
668,Desguinlei 100,2023-05-21,17:00:00,519,247,272,FMN 21 Desguinlei Zuidkant
668,Desguinlei 100,2023-05-21,18:00:00,572,281,291,FMN 21 Desguinlei Zuidkant
668,Desguinlei 100,2023-05-21,19:00:00,522,280,242,FMN 21 Desguinlei Zuidkant
668,Desguinlei 100,2023-05-21,20:00:00,242,113,129,FMN 21 Desguinlei Zuidkant
668,Desguinlei 100,2023-05-21,21:00:00,75,40,35,FMN 21 Desguinlei Zuidkant
668,Desguinlei 100,2023-05-21,22:00:00,44,17,27,FMN 21 Desguinlei Zuidkant
668,Desguinlei 100,2023-05-21,23:00:00,27,11,16,FMN 21 Desguinlei Zuidkant
668,Desguinlei 100,2023-05-22,00:00:00,18,6,12,FMN 21 Desguinlei Zuidkant
668,Desguinlei 100,2023-05-22,01:00:00,4,2,2,FMN 21 Desguinlei Zuidkant
668,Desguinlei 100,2023-05-22,02:00:00,1,1,0,FMN 21 Desguinlei Zuidkant
668,Desguinlei 100,2023-05-22,03:00:00,4,2,2,FMN 21 Desguinlei Zuidkant
668,Desguinlei 100,2023-05-22,04:00:00,13,6,7,FMN 21 Desguinlei Zuidkant
668,Desguinlei 100,2023-05-22,05:00:00,27,9,18,FMN 21 Desguinlei Zuidkant
668,Desguinlei 100,2023-05-22,06:00:00,49,22,27,FMN 21 Desguinlei Zuidkant
668,Desguinlei 100,2023-05-22,07:00:00,133,56,77,FMN 21 Desguinlei Zuidkant
668,Desguinlei 100,2023-05-22,08:00:00,207,97,110,FMN 21 Desguinlei Zuidkant
668,Desguinlei 100,2023-05-22,09:00:00,112,50,62,FMN 21 Desguinlei Zuidkant
668,Desguinlei 100,2023-05-22,10:00:00,59,25,34,FMN 21 Desguinlei Zuidkant
668,Desguinlei 100,2023-05-22,11:00:00,71,30,41,FMN 21 Desguinlei Zuidkant
668,Desguinlei 100,2023-05-22,12:00:00,110,53,57,FMN 21 Desguinlei Zuidkant
668,Desguinlei 100,2023-05-22,13:00:00,117,59,58,FMN 21 Desguinlei Zuidkant
668,Desguinlei 100,2023-05-22,14:00:00,180,94,86,FMN 21 Desguinlei Zuidkant
668,Desguinlei 100,2023-05-22,15:00:00,215,83,132,FMN 21 Desguinlei Zuidkant
668,Desguinlei 100,2023-05-22,16:00:00,258,92,166,FMN 21 Desguinlei Zuidkant
668,Desguinlei 100,2023-05-22,17:00:00,259,83,176,FMN 21 Desguinlei Zuidkant
668,Desguinlei 100,2023-05-22,18:00:00,276,128,148,FMN 21 Desguinlei Zuidkant
668,Desguinlei 100,2023-05-22,19:00:00,210,95,115,FMN 21 Desguinlei Zuidkant
668,Desguinlei 100,2023-05-22,20:00:00,195,96,99,FMN 21 Desguinlei Zuidkant
668,Desguinlei 100,2023-05-22,21:00:00,92,38,54,FMN 21 Desguinlei Zuidkant
668,Desguinlei 100,2023-05-22,22:00:00,52,19,33,FMN 21 Desguinlei Zuidkant
668,Desguinlei 100,2023-05-22,23:00:00,16,6,10,FMN 21 Desguinlei Zuidkant
668,Desguinlei 100,2023-05-23,00:00:00,7,4,3,FMN 21 Desguinlei Zuidkant
668,Desguinlei 100,2023-05-23,01:00:00,7,2,5,FMN 21 Desguinlei Zuidkant
668,Desguinlei 100,2023-05-23,02:00:00,3,0,3,FMN 21 Desguinlei Zuidkant
668,Desguinlei 100,2023-05-23,03:00:00,2,1,1,FMN 21 Desguinlei Zuidkant
668,Desguinlei 100,2023-05-23,04:00:00,14,3,11,FMN 21 Desguinlei Zuidkant
668,Desguinlei 100,2023-05-23,05:00:00,16,1,15,FMN 21 Desguinlei Zuidkant
668,Desguinlei 100,2023-05-23,06:00:00,49,12,37,FMN 21 Desguinlei Zuidkant
668,Desguinlei 100,2023-05-23,07:00:00,130,55,75,FMN 21 Desguinlei Zuidkant
668,Desguinlei 100,2023-05-23,08:00:00,192,104,88,FMN 21 Desguinlei Zuidkant
668,Desguinlei 100,2023-05-23,09:00:00,101,59,42,FMN 21 Desguinlei Zuidkant
668,Desguinlei 100,2023-05-23,10:00:00,80,34,46,FMN 21 Desguinlei Zuidkant
668,Desguinlei 100,2023-05-23,11:00:00,72,35,37,FMN 21 Desguinlei Zuidkant
668,Desguinlei 100,2023-05-23,12:00:00,113,56,57,FMN 21 Desguinlei Zuidkant
668,Desguinlei 100,2023-05-23,13:00:00,121,72,49,FMN 21 Desguinlei Zuidkant
668,Desguinlei 100,2023-05-23,14:00:00,188,91,97,FMN 21 Desguinlei Zuidkant
668,Desguinlei 100,2023-05-23,15:00:00,312,129,183,FMN 21 Desguinlei Zuidkant
668,Desguinlei 100,2023-05-23,16:00:00,396,171,225,FMN 21 Desguinlei Zuidkant
668,Desguinlei 100,2023-05-23,17:00:00,438,169,269,FMN 21 Desguinlei Zuidkant
668,Desguinlei 100,2023-05-23,18:00:00,386,159,227,FMN 21 Desguinlei Zuidkant
668,Desguinlei 100,2023-05-23,19:00:00,223,105,118,FMN 21 Desguinlei Zuidkant
668,Desguinlei 100,2023-05-23,20:00:00,116,57,59,FMN 21 Desguinlei Zuidkant
668,Desguinlei 100,2023-05-23,21:00:00,84,39,45,FMN 21 Desguinlei Zuidkant
668,Desguinlei 100,2023-05-23,22:00:00,53,15,38,FMN 21 Desguinlei Zuidkant
668,Desguinlei 100,2023-05-23,23:00:00,16,6,10,FMN 21 Desguinlei Zuidkant
668,Desguinlei 100,2023-05-24,00:00:00,9,5,4,FMN 21 Desguinlei Zuidkant
668,Desguinlei 100,2023-05-24,01:00:00,4,0,4,FMN 21 Desguinlei Zuidkant
668,Desguinlei 100,2023-05-24,02:00:00,1,0,1,FMN 21 Desguinlei Zuidkant
668,Desguinlei 100,2023-05-24,03:00:00,3,2,1,FMN 21 Desguinlei Zuidkant
668,Desguinlei 100,2023-05-24,04:00:00,11,4,7,FMN 21 Desguinlei Zuidkant
668,Desguinlei 100,2023-05-24,05:00:00,23,8,15,FMN 21 Desguinlei Zuidkant
668,Desguinlei 100,2023-05-24,06:00:00,59,24,35,FMN 21 Desguinlei Zuidkant
668,Desguinlei 100,2023-05-24,07:00:00,121,50,71,FMN 21 Desguinlei Zuidkant
668,Desguinlei 100,2023-05-24,08:00:00,214,110,104,FMN 21 Desguinlei Zuidkant
668,Desguinlei 100,2023-05-24,09:00:00,107,59,48,FMN 21 Desguinlei Zuidkant
668,Desguinlei 100,2023-05-24,10:00:00,78,35,43,FMN 21 Desguinlei Zuidkant
668,Desguinlei 100,2023-05-24,11:00:00,109,49,60,FMN 21 Desguinlei Zuidkant
668,Desguinlei 100,2023-05-24,12:00:00,184,88,96,FMN 21 Desguinlei Zuidkant
668,Desguinlei 100,2023-05-24,13:00:00,204,99,105,FMN 21 Desguinlei Zuidkant
668,Desguinlei 100,2023-05-24,14:00:00,197,102,95,FMN 21 Desguinlei Zuidkant
668,Desguinlei 100,2023-05-24,15:00:00,191,101,90,FMN 21 Desguinlei Zuidkant
668,Desguinlei 100,2023-05-24,16:00:00,257,89,168,FMN 21 Desguinlei Zuidkant
668,Desguinlei 100,2023-05-24,17:00:00,266,115,151,FMN 21 Desguinlei Zuidkant
668,Desguinlei 100,2023-05-24,18:00:00,226,96,130,FMN 21 Desguinlei Zuidkant
668,Desguinlei 100,2023-05-24,19:00:00,150,84,66,FMN 21 Desguinlei Zuidkant
668,Desguinlei 100,2023-05-24,20:00:00,89,58,31,FMN 21 Desguinlei Zuidkant
668,Desguinlei 100,2023-05-24,21:00:00,67,37,30,FMN 21 Desguinlei Zuidkant
668,Desguinlei 100,2023-05-24,22:00:00,50,18,32,FMN 21 Desguinlei Zuidkant
668,Desguinlei 100,2023-05-24,23:00:00,21,7,14,FMN 21 Desguinlei Zuidkant
668,Desguinlei 100,2023-05-25,00:00:00,9,5,4,FMN 21 Desguinlei Zuidkant
668,Desguinlei 100,2023-05-25,01:00:00,9,6,3,FMN 21 Desguinlei Zuidkant
668,Desguinlei 100,2023-05-25,02:00:00,0,0,0,FMN 21 Desguinlei Zuidkant
668,Desguinlei 100,2023-05-25,03:00:00,2,1,1,FMN 21 Desguinlei Zuidkant
668,Desguinlei 100,2023-05-25,04:00:00,7,2,5,FMN 21 Desguinlei Zuidkant
668,Desguinlei 100,2023-05-25,05:00:00,12,5,7,FMN 21 Desguinlei Zuidkant
668,Desguinlei 100,2023-05-25,06:00:00,52,20,32,FMN 21 Desguinlei Zuidkant
668,Desguinlei 100,2023-05-25,07:00:00,117,52,65,FMN 21 Desguinlei Zuidkant
668,Desguinlei 100,2023-05-25,08:00:00,247,140,107,FMN 21 Desguinlei Zuidkant
668,Desguinlei 100,2023-05-25,09:00:00,102,60,42,FMN 21 Desguinlei Zuidkant
668,Desguinlei 100,2023-05-25,10:00:00,117,75,42,FMN 21 Desguinlei Zuidkant
668,Desguinlei 100,2023-05-25,11:00:00,113,58,55,FMN 21 Desguinlei Zuidkant
668,Desguinlei 100,2023-05-25,12:00:00,151,89,62,FMN 21 Desguinlei Zuidkant
668,Desguinlei 100,2023-05-25,13:00:00,154,75,79,FMN 21 Desguinlei Zuidkant
668,Desguinlei 100,2023-05-25,14:00:00,159,96,63,FMN 21 Desguinlei Zuidkant
668,Desguinlei 100,2023-05-25,15:00:00,317,164,153,FMN 21 Desguinlei Zuidkant
668,Desguinlei 100,2023-05-25,16:00:00,437,220,217,FMN 21 Desguinlei Zuidkant
668,Desguinlei 100,2023-05-25,17:00:00,392,173,219,FMN 21 Desguinlei Zuidkant
668,Desguinlei 100,2023-05-25,18:00:00,368,144,224,FMN 21 Desguinlei Zuidkant
668,Desguinlei 100,2023-05-25,19:00:00,216,110,106,FMN 21 Desguinlei Zuidkant
668,Desguinlei 100,2023-05-25,20:00:00,125,41,84,FMN 21 Desguinlei Zuidkant
668,Desguinlei 100,2023-05-25,21:00:00,81,31,50,FMN 21 Desguinlei Zuidkant
668,Desguinlei 100,2023-05-25,22:00:00,90,24,66,FMN 21 Desguinlei Zuidkant
668,Desguinlei 100,2023-05-25,23:00:00,34,10,24,FMN 21 Desguinlei Zuidkant
668,Desguinlei 100,2023-05-26,00:00:00,15,2,13,FMN 21 Desguinlei Zuidkant
668,Desguinlei 100,2023-05-26,01:00:00,12,2,10,FMN 21 Desguinlei Zuidkant
668,Desguinlei 100,2023-05-26,02:00:00,3,2,1,FMN 21 Desguinlei Zuidkant
668,Desguinlei 100,2023-05-26,03:00:00,5,1,4,FMN 21 Desguinlei Zuidkant
668,Desguinlei 100,2023-05-26,04:00:00,12,2,10,FMN 21 Desguinlei Zuidkant
668,Desguinlei 100,2023-05-26,05:00:00,21,6,15,FMN 21 Desguinlei Zuidkant
668,Desguinlei 100,2023-05-26,06:00:00,41,15,26,FMN 21 Desguinlei Zuidkant
668,Desguinlei 100,2023-05-26,07:00:00,104,41,63,FMN 21 Desguinlei Zuidkant
668,Desguinlei 100,2023-05-26,08:00:00,172,101,71,FMN 21 Desguinlei Zuidkant
668,Desguinlei 100,2023-05-26,09:00:00,93,55,38,FMN 21 Desguinlei Zuidkant
668,Desguinlei 100,2023-05-26,10:00:00,80,48,32,FMN 21 Desguinlei Zuidkant
668,Desguinlei 100,2023-05-26,11:00:00,83,47,36,FMN 21 Desguinlei Zuidkant
668,Desguinlei 100,2023-05-26,12:00:00,155,81,74,FMN 21 Desguinlei Zuidkant
668,Desguinlei 100,2023-05-26,13:00:00,224,127,97,FMN 21 Desguinlei Zuidkant
668,Desguinlei 100,2023-05-26,14:00:00,289,165,124,FMN 21 Desguinlei Zuidkant
668,Desguinlei 100,2023-05-26,15:00:00,480,258,222,FMN 21 Desguinlei Zuidkant
668,Desguinlei 100,2023-05-26,16:00:00,592,277,315,FMN 21 Desguinlei Zuidkant
668,Desguinlei 100,2023-05-26,17:00:00,601,279,322,FMN 21 Desguinlei Zuidkant
668,Desguinlei 100,2023-05-26,18:00:00,640,302,338,FMN 21 Desguinlei Zuidkant
668,Desguinlei 100,2023-05-26,19:00:00,535,287,248,FMN 21 Desguinlei Zuidkant
668,Desguinlei 100,2023-05-26,20:00:00,293,165,128,FMN 21 Desguinlei Zuidkant
668,Desguinlei 100,2023-05-26,21:00:00,98,53,45,FMN 21 Desguinlei Zuidkant
668,Desguinlei 100,2023-05-26,22:00:00,55,23,32,FMN 21 Desguinlei Zuidkant
668,Desguinlei 100,2023-05-26,23:00:00,60,18,42,FMN 21 Desguinlei Zuidkant
668,Desguinlei 100,2023-05-27,00:00:00,30,17,13,FMN 21 Desguinlei Zuidkant
668,Desguinlei 100,2023-05-27,01:00:00,31,7,24,FMN 21 Desguinlei Zuidkant
668,Desguinlei 100,2023-05-27,02:00:00,25,9,16,FMN 21 Desguinlei Zuidkant
668,Desguinlei 100,2023-05-27,03:00:00,6,1,5,FMN 21 Desguinlei Zuidkant
668,Desguinlei 100,2023-05-27,04:00:00,11,5,6,FMN 21 Desguinlei Zuidkant
668,Desguinlei 100,2023-05-27,05:00:00,9,4,5,FMN 21 Desguinlei Zuidkant
668,Desguinlei 100,2023-05-27,06:00:00,15,5,10,FMN 21 Desguinlei Zuidkant
668,Desguinlei 100,2023-05-27,07:00:00,19,6,13,FMN 21 Desguinlei Zuidkant
668,Desguinlei 100,2023-05-27,08:00:00,38,20,18,FMN 21 Desguinlei Zuidkant
668,Desguinlei 100,2023-05-27,09:00:00,81,39,42,FMN 21 Desguinlei Zuidkant
668,Desguinlei 100,2023-05-27,10:00:00,120,62,58,FMN 21 Desguinlei Zuidkant
668,Desguinlei 100,2023-05-27,11:00:00,171,83,88,FMN 21 Desguinlei Zuidkant
668,Desguinlei 100,2023-05-27,12:00:00,304,172,132,FMN 21 Desguinlei Zuidkant
668,Desguinlei 100,2023-05-27,13:00:00,477,218,259,FMN 21 Desguinlei Zuidkant
668,Desguinlei 100,2023-05-27,14:00:00,627,326,301,FMN 21 Desguinlei Zuidkant
668,Desguinlei 100,2023-05-27,15:00:00,795,374,421,FMN 21 Desguinlei Zuidkant
668,Desguinlei 100,2023-05-27,16:00:00,1146,568,578,FMN 21 Desguinlei Zuidkant
668,Desguinlei 100,2023-05-27,17:00:00,1321,640,681,FMN 21 Desguinlei Zuidkant
668,Desguinlei 100,2023-05-27,18:00:00,1416,694,722,FMN 21 Desguinlei Zuidkant
668,Desguinlei 100,2023-05-27,19:00:00,1343,705,638,FMN 21 Desguinlei Zuidkant
668,Desguinlei 100,2023-05-27,20:00:00,701,338,363,FMN 21 Desguinlei Zuidkant
668,Desguinlei 100,2023-05-27,21:00:00,277,132,145,FMN 21 Desguinlei Zuidkant
668,Desguinlei 100,2023-05-27,22:00:00,122,60,62,FMN 21 Desguinlei Zuidkant
668,Desguinlei 100,2023-05-27,23:00:00,92,44,48,FMN 21 Desguinlei Zuidkant
668,Desguinlei 100,2023-05-28,00:00:00,57,36,21,FMN 21 Desguinlei Zuidkant
668,Desguinlei 100,2023-05-28,01:00:00,36,15,21,FMN 21 Desguinlei Zuidkant
668,Desguinlei 100,2023-05-28,02:00:00,13,5,8,FMN 21 Desguinlei Zuidkant
668,Desguinlei 100,2023-05-28,03:00:00,8,1,7,FMN 21 Desguinlei Zuidkant
668,Desguinlei 100,2023-05-28,04:00:00,6,1,5,FMN 21 Desguinlei Zuidkant
668,Desguinlei 100,2023-05-28,05:00:00,6,1,5,FMN 21 Desguinlei Zuidkant
668,Desguinlei 100,2023-05-28,06:00:00,9,3,6,FMN 21 Desguinlei Zuidkant
668,Desguinlei 100,2023-05-28,07:00:00,10,2,8,FMN 21 Desguinlei Zuidkant
668,Desguinlei 100,2023-05-28,08:00:00,51,27,24,FMN 21 Desguinlei Zuidkant
668,Desguinlei 100,2023-05-28,09:00:00,176,78,98,FMN 21 Desguinlei Zuidkant
668,Desguinlei 100,2023-05-28,10:00:00,293,140,153,FMN 21 Desguinlei Zuidkant
668,Desguinlei 100,2023-05-28,11:00:00,453,234,219,FMN 21 Desguinlei Zuidkant
668,Desguinlei 100,2023-05-28,12:00:00,587,301,286,FMN 21 Desguinlei Zuidkant
668,Desguinlei 100,2023-05-28,13:00:00,824,416,408,FMN 21 Desguinlei Zuidkant
668,Desguinlei 100,2023-05-28,14:00:00,988,518,470,FMN 21 Desguinlei Zuidkant
668,Desguinlei 100,2023-05-28,15:00:00,1008,486,522,FMN 21 Desguinlei Zuidkant
668,Desguinlei 100,2023-05-28,16:00:00,1261,634,627,FMN 21 Desguinlei Zuidkant
668,Desguinlei 100,2023-05-28,17:00:00,1318,651,667,FMN 21 Desguinlei Zuidkant
668,Desguinlei 100,2023-05-28,18:00:00,1115,534,581,FMN 21 Desguinlei Zuidkant
668,Desguinlei 100,2023-05-28,19:00:00,780,387,393,FMN 21 Desguinlei Zuidkant
668,Desguinlei 100,2023-05-28,20:00:00,363,173,190,FMN 21 Desguinlei Zuidkant
668,Desguinlei 100,2023-05-28,21:00:00,104,40,64,FMN 21 Desguinlei Zuidkant
668,Desguinlei 100,2023-05-28,22:00:00,76,37,39,FMN 21 Desguinlei Zuidkant
668,Desguinlei 100,2023-05-28,23:00:00,49,28,21,FMN 21 Desguinlei Zuidkant
668,Desguinlei 100,2023-05-29,00:00:00,46,25,21,FMN 21 Desguinlei Zuidkant
668,Desguinlei 100,2023-05-29,01:00:00,27,6,21,FMN 21 Desguinlei Zuidkant
668,Desguinlei 100,2023-05-29,02:00:00,9,3,6,FMN 21 Desguinlei Zuidkant
668,Desguinlei 100,2023-05-29,03:00:00,5,1,4,FMN 21 Desguinlei Zuidkant
668,Desguinlei 100,2023-05-29,04:00:00,16,0,16,FMN 21 Desguinlei Zuidkant
668,Desguinlei 100,2023-05-29,05:00:00,13,2,11,FMN 21 Desguinlei Zuidkant
668,Desguinlei 100,2023-05-29,06:00:00,13,4,9,FMN 21 Desguinlei Zuidkant
668,Desguinlei 100,2023-05-29,07:00:00,21,3,18,FMN 21 Desguinlei Zuidkant
668,Desguinlei 100,2023-05-29,08:00:00,31,11,20,FMN 21 Desguinlei Zuidkant
668,Desguinlei 100,2023-05-29,09:00:00,77,23,54,FMN 21 Desguinlei Zuidkant
668,Desguinlei 100,2023-05-29,10:00:00,80,47,33,FMN 21 Desguinlei Zuidkant
668,Desguinlei 100,2023-05-29,11:00:00,105,58,47,FMN 21 Desguinlei Zuidkant
668,Desguinlei 100,2023-05-29,12:00:00,191,88,103,FMN 21 Desguinlei Zuidkant
668,Desguinlei 100,2023-05-29,13:00:00,257,113,144,FMN 21 Desguinlei Zuidkant
668,Desguinlei 100,2023-05-29,14:00:00,305,144,161,FMN 21 Desguinlei Zuidkant
668,Desguinlei 100,2023-05-29,15:00:00,389,193,196,FMN 21 Desguinlei Zuidkant
668,Desguinlei 100,2023-05-29,16:00:00,402,205,197,FMN 21 Desguinlei Zuidkant
668,Desguinlei 100,2023-05-29,17:00:00,398,206,192,FMN 21 Desguinlei Zuidkant
668,Desguinlei 100,2023-05-29,18:00:00,360,187,173,FMN 21 Desguinlei Zuidkant
668,Desguinlei 100,2023-05-29,19:00:00,399,216,183,FMN 21 Desguinlei Zuidkant
668,Desguinlei 100,2023-05-29,20:00:00,241,128,113,FMN 21 Desguinlei Zuidkant
668,Desguinlei 100,2023-05-29,21:00:00,71,36,35,FMN 21 Desguinlei Zuidkant
668,Desguinlei 100,2023-05-29,22:00:00,39,20,19,FMN 21 Desguinlei Zuidkant
668,Desguinlei 100,2023-05-29,23:00:00,17,6,11,FMN 21 Desguinlei Zuidkant
668,Desguinlei 100,2023-05-30,00:00:00,17,7,10,FMN 21 Desguinlei Zuidkant
668,Desguinlei 100,2023-05-30,01:00:00,4,1,3,FMN 21 Desguinlei Zuidkant
668,Desguinlei 100,2023-05-30,02:00:00,2,0,2,FMN 21 Desguinlei Zuidkant
668,Desguinlei 100,2023-05-30,03:00:00,3,1,2,FMN 21 Desguinlei Zuidkant
668,Desguinlei 100,2023-05-30,04:00:00,8,2,6,FMN 21 Desguinlei Zuidkant
668,Desguinlei 100,2023-05-30,05:00:00,21,8,13,FMN 21 Desguinlei Zuidkant
668,Desguinlei 100,2023-05-30,06:00:00,47,19,28,FMN 21 Desguinlei Zuidkant
668,Desguinlei 100,2023-05-30,07:00:00,130,44,86,FMN 21 Desguinlei Zuidkant
668,Desguinlei 100,2023-05-30,08:00:00,189,88,101,FMN 21 Desguinlei Zuidkant
668,Desguinlei 100,2023-05-30,09:00:00,114,69,45,FMN 21 Desguinlei Zuidkant
668,Desguinlei 100,2023-05-30,10:00:00,84,40,44,FMN 21 Desguinlei Zuidkant
668,Desguinlei 100,2023-05-30,11:00:00,106,56,50,FMN 21 Desguinlei Zuidkant
668,Desguinlei 100,2023-05-30,12:00:00,177,82,95,FMN 21 Desguinlei Zuidkant
668,Desguinlei 100,2023-05-30,13:00:00,252,134,118,FMN 21 Desguinlei Zuidkant
668,Desguinlei 100,2023-05-30,14:00:00,322,177,145,FMN 21 Desguinlei Zuidkant
668,Desguinlei 100,2023-05-30,15:00:00,500,230,270,FMN 21 Desguinlei Zuidkant
668,Desguinlei 100,2023-05-30,16:00:00,733,363,370,FMN 21 Desguinlei Zuidkant
668,Desguinlei 100,2023-05-30,17:00:00,701,334,367,FMN 21 Desguinlei Zuidkant
668,Desguinlei 100,2023-05-30,18:00:00,672,314,358,FMN 21 Desguinlei Zuidkant
668,Desguinlei 100,2023-05-30,19:00:00,477,254,223,FMN 21 Desguinlei Zuidkant
668,Desguinlei 100,2023-05-30,20:00:00,250,120,130,FMN 21 Desguinlei Zuidkant
668,Desguinlei 100,2023-05-30,21:00:00,114,45,69,FMN 21 Desguinlei Zuidkant
668,Desguinlei 100,2023-05-30,22:00:00,62,18,44,FMN 21 Desguinlei Zuidkant
668,Desguinlei 100,2023-05-30,23:00:00,24,10,14,FMN 21 Desguinlei Zuidkant
668,Desguinlei 100,2023-05-31,00:00:00,16,3,13,FMN 21 Desguinlei Zuidkant
668,Desguinlei 100,2023-05-31,01:00:00,7,1,6,FMN 21 Desguinlei Zuidkant
668,Desguinlei 100,2023-05-31,02:00:00,2,0,2,FMN 21 Desguinlei Zuidkant
668,Desguinlei 100,2023-05-31,03:00:00,2,0,2,FMN 21 Desguinlei Zuidkant
668,Desguinlei 100,2023-05-31,04:00:00,11,6,5,FMN 21 Desguinlei Zuidkant
668,Desguinlei 100,2023-05-31,05:00:00,20,8,12,FMN 21 Desguinlei Zuidkant
668,Desguinlei 100,2023-05-31,06:00:00,55,21,34,FMN 21 Desguinlei Zuidkant
668,Desguinlei 100,2023-05-31,07:00:00,99,33,66,FMN 21 Desguinlei Zuidkant
668,Desguinlei 100,2023-05-31,08:00:00,216,116,100,FMN 21 Desguinlei Zuidkant
668,Desguinlei 100,2023-05-31,09:00:00,176,96,80,FMN 21 Desguinlei Zuidkant
668,Desguinlei 100,2023-05-31,10:00:00,246,125,121,FMN 21 Desguinlei Zuidkant
668,Desguinlei 100,2023-05-31,11:00:00,364,185,179,FMN 21 Desguinlei Zuidkant
668,Desguinlei 100,2023-05-31,12:00:00,668,343,325,FMN 21 Desguinlei Zuidkant
668,Desguinlei 100,2023-05-31,13:00:00,787,395,392,FMN 21 Desguinlei Zuidkant
668,Desguinlei 100,2023-05-31,14:00:00,923,463,460,FMN 21 Desguinlei Zuidkant
668,Desguinlei 100,2023-05-31,15:00:00,1215,605,610,FMN 21 Desguinlei Zuidkant
668,Desguinlei 100,2023-05-31,16:00:00,1558,747,811,FMN 21 Desguinlei Zuidkant
668,Desguinlei 100,2023-05-31,17:00:00,1565,782,783,FMN 21 Desguinlei Zuidkant
668,Desguinlei 100,2023-05-31,18:00:00,1621,809,812,FMN 21 Desguinlei Zuidkant
668,Desguinlei 100,2023-05-31,19:00:00,1107,552,555,FMN 21 Desguinlei Zuidkant
668,Desguinlei 100,2023-05-31,20:00:00,648,333,315,FMN 21 Desguinlei Zuidkant
668,Desguinlei 100,2023-05-31,21:00:00,320,160,160,FMN 21 Desguinlei Zuidkant
668,Desguinlei 100,2023-05-31,22:00:00,129,57,72,FMN 21 Desguinlei Zuidkant
668,Desguinlei 100,2023-05-31,23:00:00,54,20,34,FMN 21 Desguinlei Zuidkant
668,Desguinlei 100,2023-06-01,00:00:00,24,8,16,FMN 21 Desguinlei Zuidkant
668,Desguinlei 100,2023-06-01,01:00:00,12,7,5,FMN 21 Desguinlei Zuidkant
668,Desguinlei 100,2023-06-01,02:00:00,4,0,4,FMN 21 Desguinlei Zuidkant
668,Desguinlei 100,2023-06-01,03:00:00,5,2,3,FMN 21 Desguinlei Zuidkant
668,Desguinlei 100,2023-06-01,04:00:00,11,2,9,FMN 21 Desguinlei Zuidkant
668,Desguinlei 100,2023-06-01,05:00:00,22,8,14,FMN 21 Desguinlei Zuidkant
668,Desguinlei 100,2023-06-01,06:00:00,59,22,37,FMN 21 Desguinlei Zuidkant
668,Desguinlei 100,2023-06-01,07:00:00,140,47,93,FMN 21 Desguinlei Zuidkant
668,Desguinlei 100,2023-06-01,08:00:00,204,92,112,FMN 21 Desguinlei Zuidkant
668,Desguinlei 100,2023-06-01,09:00:00,116,56,60,FMN 21 Desguinlei Zuidkant
668,Desguinlei 100,2023-06-01,10:00:00,123,68,55,FMN 21 Desguinlei Zuidkant
668,Desguinlei 100,2023-06-01,11:00:00,182,91,91,FMN 21 Desguinlei Zuidkant
668,Desguinlei 100,2023-06-01,12:00:00,318,160,158,FMN 21 Desguinlei Zuidkant
668,Desguinlei 100,2023-06-01,13:00:00,365,168,197,FMN 21 Desguinlei Zuidkant
668,Desguinlei 100,2023-06-01,14:00:00,484,237,247,FMN 21 Desguinlei Zuidkant
668,Desguinlei 100,2023-06-01,15:00:00,652,311,341,FMN 21 Desguinlei Zuidkant
668,Desguinlei 100,2023-06-01,16:00:00,863,345,518,FMN 21 Desguinlei Zuidkant
668,Desguinlei 100,2023-06-01,17:00:00,985,456,529,FMN 21 Desguinlei Zuidkant
668,Desguinlei 100,2023-06-01,18:00:00,948,472,476,FMN 21 Desguinlei Zuidkant
668,Desguinlei 100,2023-06-01,19:00:00,595,303,292,FMN 21 Desguinlei Zuidkant
668,Desguinlei 100,2023-06-01,20:00:00,253,120,133,FMN 21 Desguinlei Zuidkant
668,Desguinlei 100,2023-06-01,21:00:00,95,47,48,FMN 21 Desguinlei Zuidkant
668,Desguinlei 100,2023-06-01,22:00:00,87,26,61,FMN 21 Desguinlei Zuidkant
668,Desguinlei 100,2023-06-01,23:00:00,33,12,21,FMN 21 Desguinlei Zuidkant
668,Desguinlei 100,2023-06-02,00:00:00,24,3,21,FMN 21 Desguinlei Zuidkant
668,Desguinlei 100,2023-06-02,01:00:00,6,2,4,FMN 21 Desguinlei Zuidkant
668,Desguinlei 100,2023-06-02,02:00:00,2,0,2,FMN 21 Desguinlei Zuidkant
668,Desguinlei 100,2023-06-02,03:00:00,4,1,3,FMN 21 Desguinlei Zuidkant
668,Desguinlei 100,2023-06-02,04:00:00,15,8,7,FMN 21 Desguinlei Zuidkant
668,Desguinlei 100,2023-06-02,05:00:00,27,7,20,FMN 21 Desguinlei Zuidkant
668,Desguinlei 100,2023-06-02,06:00:00,46,19,27,FMN 21 Desguinlei Zuidkant
668,Desguinlei 100,2023-06-02,07:00:00,141,50,91,FMN 21 Desguinlei Zuidkant
668,Desguinlei 100,2023-06-02,08:00:00,168,89,79,FMN 21 Desguinlei Zuidkant
668,Desguinlei 100,2023-06-02,09:00:00,87,50,37,FMN 21 Desguinlei Zuidkant
668,Desguinlei 100,2023-06-02,10:00:00,60,28,32,FMN 21 Desguinlei Zuidkant
668,Desguinlei 100,2023-06-02,11:00:00,76,42,34,FMN 21 Desguinlei Zuidkant
668,Desguinlei 100,2023-06-02,12:00:00,161,91,70,FMN 21 Desguinlei Zuidkant
668,Desguinlei 100,2023-06-02,13:00:00,209,97,112,FMN 21 Desguinlei Zuidkant
668,Desguinlei 100,2023-06-02,14:00:00,259,125,134,FMN 21 Desguinlei Zuidkant
668,Desguinlei 100,2023-06-02,15:00:00,480,235,245,FMN 21 Desguinlei Zuidkant
668,Desguinlei 100,2023-06-02,16:00:00,572,264,308,FMN 21 Desguinlei Zuidkant
668,Desguinlei 100,2023-06-02,17:00:00,624,298,326,FMN 21 Desguinlei Zuidkant
668,Desguinlei 100,2023-06-02,18:00:00,554,264,290,FMN 21 Desguinlei Zuidkant
668,Desguinlei 100,2023-06-02,19:00:00,489,243,246,FMN 21 Desguinlei Zuidkant
668,Desguinlei 100,2023-06-02,20:00:00,354,191,163,FMN 21 Desguinlei Zuidkant
668,Desguinlei 100,2023-06-02,21:00:00,131,67,64,FMN 21 Desguinlei Zuidkant
668,Desguinlei 100,2023-06-02,22:00:00,130,55,75,FMN 21 Desguinlei Zuidkant
668,Desguinlei 100,2023-06-02,23:00:00,103,32,71,FMN 21 Desguinlei Zuidkant
668,Desguinlei 100,2023-06-03,00:00:00,90,20,70,FMN 21 Desguinlei Zuidkant
668,Desguinlei 100,2023-06-03,01:00:00,46,10,36,FMN 21 Desguinlei Zuidkant
668,Desguinlei 100,2023-06-03,02:00:00,36,4,32,FMN 21 Desguinlei Zuidkant
668,Desguinlei 100,2023-06-03,03:00:00,21,5,16,FMN 21 Desguinlei Zuidkant
668,Desguinlei 100,2023-06-03,04:00:00,22,5,17,FMN 21 Desguinlei Zuidkant
668,Desguinlei 100,2023-06-03,05:00:00,13,4,9,FMN 21 Desguinlei Zuidkant
668,Desguinlei 100,2023-06-03,06:00:00,10,2,8,FMN 21 Desguinlei Zuidkant
668,Desguinlei 100,2023-06-03,07:00:00,16,1,15,FMN 21 Desguinlei Zuidkant
668,Desguinlei 100,2023-06-03,08:00:00,82,32,50,FMN 21 Desguinlei Zuidkant
668,Desguinlei 100,2023-06-03,09:00:00,190,92,98,FMN 21 Desguinlei Zuidkant
668,Desguinlei 100,2023-06-03,10:00:00,296,130,166,FMN 21 Desguinlei Zuidkant
668,Desguinlei 100,2023-06-03,11:00:00,351,154,197,FMN 21 Desguinlei Zuidkant
668,Desguinlei 100,2023-06-03,12:00:00,446,205,241,FMN 21 Desguinlei Zuidkant
668,Desguinlei 100,2023-06-03,13:00:00,575,277,298,FMN 21 Desguinlei Zuidkant
668,Desguinlei 100,2023-06-03,14:00:00,745,369,376,FMN 21 Desguinlei Zuidkant
668,Desguinlei 100,2023-06-03,15:00:00,930,445,485,FMN 21 Desguinlei Zuidkant
668,Desguinlei 100,2023-06-03,16:00:00,1132,565,567,FMN 21 Desguinlei Zuidkant
668,Desguinlei 100,2023-06-03,17:00:00,1290,668,622,FMN 21 Desguinlei Zuidkant
668,Desguinlei 100,2023-06-03,18:00:00,1371,700,671,FMN 21 Desguinlei Zuidkant
668,Desguinlei 100,2023-06-03,19:00:00,1191,603,588,FMN 21 Desguinlei Zuidkant
668,Desguinlei 100,2023-06-03,20:00:00,769,385,384,FMN 21 Desguinlei Zuidkant
668,Desguinlei 100,2023-06-03,21:00:00,298,139,159,FMN 21 Desguinlei Zuidkant
668,Desguinlei 100,2023-06-03,22:00:00,120,52,68,FMN 21 Desguinlei Zuidkant
668,Desguinlei 100,2023-06-03,23:00:00,85,32,53,FMN 21 Desguinlei Zuidkant
668,Desguinlei 100,2023-06-04,00:00:00,67,27,40,FMN 21 Desguinlei Zuidkant
668,Desguinlei 100,2023-06-04,01:00:00,28,10,18,FMN 21 Desguinlei Zuidkant
668,Desguinlei 100,2023-06-04,02:00:00,23,10,13,FMN 21 Desguinlei Zuidkant
668,Desguinlei 100,2023-06-04,03:00:00,19,9,10,FMN 21 Desguinlei Zuidkant
668,Desguinlei 100,2023-06-04,04:00:00,6,2,4,FMN 21 Desguinlei Zuidkant
668,Desguinlei 100,2023-06-04,05:00:00,4,1,3,FMN 21 Desguinlei Zuidkant
668,Desguinlei 100,2023-06-04,06:00:00,11,5,6,FMN 21 Desguinlei Zuidkant
668,Desguinlei 100,2023-06-04,07:00:00,23,6,17,FMN 21 Desguinlei Zuidkant
668,Desguinlei 100,2023-06-04,08:00:00,72,23,49,FMN 21 Desguinlei Zuidkant
668,Desguinlei 100,2023-06-04,09:00:00,201,80,121,FMN 21 Desguinlei Zuidkant
668,Desguinlei 100,2023-06-04,10:00:00,352,170,182,FMN 21 Desguinlei Zuidkant
668,Desguinlei 100,2023-06-04,11:00:00,541,267,274,FMN 21 Desguinlei Zuidkant
668,Desguinlei 100,2023-06-04,12:00:00,642,327,315,FMN 21 Desguinlei Zuidkant
668,Desguinlei 100,2023-06-04,13:00:00,755,376,379,FMN 21 Desguinlei Zuidkant
668,Desguinlei 100,2023-06-04,14:00:00,980,461,519,FMN 21 Desguinlei Zuidkant
668,Desguinlei 100,2023-06-04,15:00:00,1225,589,636,FMN 21 Desguinlei Zuidkant
668,Desguinlei 100,2023-06-04,16:00:00,1424,675,749,FMN 21 Desguinlei Zuidkant
668,Desguinlei 100,2023-06-04,17:00:00,1527,758,769,FMN 21 Desguinlei Zuidkant
668,Desguinlei 100,2023-06-04,18:00:00,1607,829,778,FMN 21 Desguinlei Zuidkant
668,Desguinlei 100,2023-06-04,19:00:00,1380,699,681,FMN 21 Desguinlei Zuidkant
668,Desguinlei 100,2023-06-04,20:00:00,585,292,293,FMN 21 Desguinlei Zuidkant
668,Desguinlei 100,2023-06-04,21:00:00,240,114,126,FMN 21 Desguinlei Zuidkant
668,Desguinlei 100,2023-06-04,22:00:00,92,32,60,FMN 21 Desguinlei Zuidkant
668,Desguinlei 100,2023-06-04,23:00:00,50,22,28,FMN 21 Desguinlei Zuidkant
668,Desguinlei 100,2023-06-05,00:00:00,16,8,8,FMN 21 Desguinlei Zuidkant
668,Desguinlei 100,2023-06-05,01:00:00,8,6,2,FMN 21 Desguinlei Zuidkant
668,Desguinlei 100,2023-06-05,02:00:00,12,4,8,FMN 21 Desguinlei Zuidkant
668,Desguinlei 100,2023-06-05,03:00:00,5,1,4,FMN 21 Desguinlei Zuidkant
668,Desguinlei 100,2023-06-05,04:00:00,15,6,9,FMN 21 Desguinlei Zuidkant
668,Desguinlei 100,2023-06-05,05:00:00,22,4,18,FMN 21 Desguinlei Zuidkant
668,Desguinlei 100,2023-06-05,06:00:00,42,13,29,FMN 21 Desguinlei Zuidkant
668,Desguinlei 100,2023-06-05,07:00:00,149,64,85,FMN 21 Desguinlei Zuidkant
668,Desguinlei 100,2023-06-05,08:00:00,219,108,111,FMN 21 Desguinlei Zuidkant
668,Desguinlei 100,2023-06-05,09:00:00,175,85,90,FMN 21 Desguinlei Zuidkant
668,Desguinlei 100,2023-06-05,10:00:00,218,113,105,FMN 21 Desguinlei Zuidkant
668,Desguinlei 100,2023-06-05,11:00:00,288,132,156,FMN 21 Desguinlei Zuidkant
668,Desguinlei 100,2023-06-05,12:00:00,444,205,239,FMN 21 Desguinlei Zuidkant
668,Desguinlei 100,2023-06-05,13:00:00,561,285,276,FMN 21 Desguinlei Zuidkant
668,Desguinlei 100,2023-06-05,14:00:00,727,349,378,FMN 21 Desguinlei Zuidkant
668,Desguinlei 100,2023-06-05,15:00:00,978,461,517,FMN 21 Desguinlei Zuidkant
668,Desguinlei 100,2023-06-05,16:00:00,1204,569,635,FMN 21 Desguinlei Zuidkant
668,Desguinlei 100,2023-06-05,17:00:00,1198,560,638,FMN 21 Desguinlei Zuidkant
668,Desguinlei 100,2023-06-05,18:00:00,1244,613,631,FMN 21 Desguinlei Zuidkant
668,Desguinlei 100,2023-06-05,19:00:00,916,444,472,FMN 21 Desguinlei Zuidkant
668,Desguinlei 100,2023-06-05,20:00:00,559,270,289,FMN 21 Desguinlei Zuidkant
668,Desguinlei 100,2023-06-05,21:00:00,224,106,118,FMN 21 Desguinlei Zuidkant
668,Desguinlei 100,2023-06-05,22:00:00,103,43,60,FMN 21 Desguinlei Zuidkant
668,Desguinlei 100,2023-06-05,23:00:00,48,26,22,FMN 21 Desguinlei Zuidkant
668,Desguinlei 100,2023-06-06,00:00:00,21,12,9,FMN 21 Desguinlei Zuidkant
668,Desguinlei 100,2023-06-06,01:00:00,8,2,6,FMN 21 Desguinlei Zuidkant
668,Desguinlei 100,2023-06-06,02:00:00,4,0,4,FMN 21 Desguinlei Zuidkant
668,Desguinlei 100,2023-06-06,03:00:00,4,2,2,FMN 21 Desguinlei Zuidkant
668,Desguinlei 100,2023-06-06,04:00:00,12,3,9,FMN 21 Desguinlei Zuidkant
668,Desguinlei 100,2023-06-06,05:00:00,28,9,19,FMN 21 Desguinlei Zuidkant
668,Desguinlei 100,2023-06-06,06:00:00,56,20,36,FMN 21 Desguinlei Zuidkant
668,Desguinlei 100,2023-06-06,07:00:00,151,52,99,FMN 21 Desguinlei Zuidkant
668,Desguinlei 100,2023-06-06,08:00:00,242,111,131,FMN 21 Desguinlei Zuidkant
668,Desguinlei 100,2023-06-06,09:00:00,162,94,68,FMN 21 Desguinlei Zuidkant
668,Desguinlei 100,2023-06-06,10:00:00,188,94,94,FMN 21 Desguinlei Zuidkant
668,Desguinlei 100,2023-06-06,11:00:00,369,163,206,FMN 21 Desguinlei Zuidkant
668,Desguinlei 100,2023-06-06,12:00:00,475,227,248,FMN 21 Desguinlei Zuidkant
668,Desguinlei 100,2023-06-06,13:00:00,697,359,338,FMN 21 Desguinlei Zuidkant
668,Desguinlei 100,2023-06-06,14:00:00,878,420,458,FMN 21 Desguinlei Zuidkant
668,Desguinlei 100,2023-06-06,15:00:00,1264,577,687,FMN 21 Desguinlei Zuidkant
668,Desguinlei 100,2023-06-06,16:00:00,1120,530,590,FMN 21 Desguinlei Zuidkant
668,Desguinlei 100,2023-06-06,17:00:00,1269,594,675,FMN 21 Desguinlei Zuidkant
668,Desguinlei 100,2023-06-06,18:00:00,1502,711,791,FMN 21 Desguinlei Zuidkant
668,Desguinlei 100,2023-06-06,19:00:00,1338,666,672,FMN 21 Desguinlei Zuidkant
668,Desguinlei 100,2023-06-06,20:00:00,749,372,377,FMN 21 Desguinlei Zuidkant
668,Desguinlei 100,2023-06-06,21:00:00,306,158,148,FMN 21 Desguinlei Zuidkant
668,Desguinlei 100,2023-06-06,22:00:00,133,66,67,FMN 21 Desguinlei Zuidkant
668,Desguinlei 100,2023-06-06,23:00:00,60,29,31,FMN 21 Desguinlei Zuidkant
668,Desguinlei 100,2023-06-07,00:00:00,47,18,29,FMN 21 Desguinlei Zuidkant
668,Desguinlei 100,2023-06-07,01:00:00,26,14,12,FMN 21 Desguinlei Zuidkant
668,Desguinlei 100,2023-06-07,02:00:00,8,4,4,FMN 21 Desguinlei Zuidkant
668,Desguinlei 100,2023-06-07,03:00:00,6,1,5,FMN 21 Desguinlei Zuidkant
668,Desguinlei 100,2023-06-07,04:00:00,14,4,10,FMN 21 Desguinlei Zuidkant
668,Desguinlei 100,2023-06-07,05:00:00,15,3,12,FMN 21 Desguinlei Zuidkant
668,Desguinlei 100,2023-06-07,06:00:00,49,13,36,FMN 21 Desguinlei Zuidkant
668,Desguinlei 100,2023-06-07,07:00:00,139,54,85,FMN 21 Desguinlei Zuidkant
668,Desguinlei 100,2023-06-07,08:00:00,218,111,107,FMN 21 Desguinlei Zuidkant
668,Desguinlei 100,2023-06-07,09:00:00,194,104,90,FMN 21 Desguinlei Zuidkant
668,Desguinlei 100,2023-06-07,10:00:00,347,172,175,FMN 21 Desguinlei Zuidkant
668,Desguinlei 100,2023-06-07,11:00:00,534,268,266,FMN 21 Desguinlei Zuidkant
668,Desguinlei 100,2023-06-07,12:00:00,808,366,442,FMN 21 Desguinlei Zuidkant
668,Desguinlei 100,2023-06-07,13:00:00,1025,523,502,FMN 21 Desguinlei Zuidkant
668,Desguinlei 100,2023-06-07,14:00:00,1115,574,541,FMN 21 Desguinlei Zuidkant
668,Desguinlei 100,2023-06-07,15:00:00,841,375,466,FMN 21 Desguinlei Zuidkant
668,Desguinlei 100,2023-06-07,16:00:00,718,347,371,FMN 21 Desguinlei Zuidkant
668,Desguinlei 100,2023-06-07,17:00:00,951,431,520,FMN 21 Desguinlei Zuidkant
668,Desguinlei 100,2023-06-07,18:00:00,1559,738,821,FMN 21 Desguinlei Zuidkant
668,Desguinlei 100,2023-06-07,19:00:00,855,438,417,FMN 21 Desguinlei Zuidkant
668,Desguinlei 100,2023-06-07,20:00:00,481,253,228,FMN 21 Desguinlei Zuidkant
668,Desguinlei 100,2023-06-07,21:00:00,267,146,121,FMN 21 Desguinlei Zuidkant
668,Desguinlei 100,2023-06-07,22:00:00,191,78,113,FMN 21 Desguinlei Zuidkant
668,Desguinlei 100,2023-06-07,23:00:00,90,41,49,FMN 21 Desguinlei Zuidkant
668,Desguinlei 100,2023-06-08,00:00:00,60,28,32,FMN 21 Desguinlei Zuidkant
668,Desguinlei 100,2023-06-08,01:00:00,23,9,14,FMN 21 Desguinlei Zuidkant
668,Desguinlei 100,2023-06-08,02:00:00,19,7,12,FMN 21 Desguinlei Zuidkant
668,Desguinlei 100,2023-06-08,03:00:00,10,5,5,FMN 21 Desguinlei Zuidkant
668,Desguinlei 100,2023-06-08,04:00:00,16,3,13,FMN 21 Desguinlei Zuidkant
668,Desguinlei 100,2023-06-08,05:00:00,25,7,18,FMN 21 Desguinlei Zuidkant
668,Desguinlei 100,2023-06-08,06:00:00,47,12,35,FMN 21 Desguinlei Zuidkant
668,Desguinlei 100,2023-06-08,07:00:00,156,50,106,FMN 21 Desguinlei Zuidkant
668,Desguinlei 100,2023-06-08,08:00:00,265,143,122,FMN 21 Desguinlei Zuidkant
668,Desguinlei 100,2023-06-08,09:00:00,276,145,131,FMN 21 Desguinlei Zuidkant
668,Desguinlei 100,2023-06-08,10:00:00,375,190,185,FMN 21 Desguinlei Zuidkant
668,Desguinlei 100,2023-06-08,11:00:00,494,236,258,FMN 21 Desguinlei Zuidkant
668,Desguinlei 100,2023-06-08,12:00:00,666,336,330,FMN 21 Desguinlei Zuidkant
668,Desguinlei 100,2023-06-08,13:00:00,1005,507,498,FMN 21 Desguinlei Zuidkant
668,Desguinlei 100,2023-06-08,14:00:00,1254,623,631,FMN 21 Desguinlei Zuidkant
668,Desguinlei 100,2023-06-08,15:00:00,1736,849,887,FMN 21 Desguinlei Zuidkant
668,Desguinlei 100,2023-06-08,16:00:00,2081,1041,1040,FMN 21 Desguinlei Zuidkant
668,Desguinlei 100,2023-06-08,17:00:00,2396,1127,1269,FMN 21 Desguinlei Zuidkant
668,Desguinlei 100,2023-06-08,18:00:00,2014,936,1078,FMN 21 Desguinlei Zuidkant
668,Desguinlei 100,2023-06-08,19:00:00,1908,991,917,FMN 21 Desguinlei Zuidkant
668,Desguinlei 100,2023-06-08,20:00:00,1325,655,670,FMN 21 Desguinlei Zuidkant
668,Desguinlei 100,2023-06-08,21:00:00,625,295,330,FMN 21 Desguinlei Zuidkant
668,Desguinlei 100,2023-06-08,22:00:00,292,143,149,FMN 21 Desguinlei Zuidkant
668,Desguinlei 100,2023-06-08,23:00:00,164,82,82,FMN 21 Desguinlei Zuidkant
668,Desguinlei 100,2023-06-09,00:00:00,124,58,66,FMN 21 Desguinlei Zuidkant
668,Desguinlei 100,2023-06-09,01:00:00,63,29,34,FMN 21 Desguinlei Zuidkant
668,Desguinlei 100,2023-06-09,02:00:00,64,31,33,FMN 21 Desguinlei Zuidkant
668,Desguinlei 100,2023-06-09,03:00:00,35,15,20,FMN 21 Desguinlei Zuidkant
668,Desguinlei 100,2023-06-09,04:00:00,37,13,24,FMN 21 Desguinlei Zuidkant
668,Desguinlei 100,2023-06-09,05:00:00,34,14,20,FMN 21 Desguinlei Zuidkant
668,Desguinlei 100,2023-06-09,06:00:00,62,25,37,FMN 21 Desguinlei Zuidkant
668,Desguinlei 100,2023-06-09,07:00:00,162,66,96,FMN 21 Desguinlei Zuidkant
668,Desguinlei 100,2023-06-09,08:00:00,344,175,169,FMN 21 Desguinlei Zuidkant
668,Desguinlei 100,2023-06-09,09:00:00,431,225,206,FMN 21 Desguinlei Zuidkant
668,Desguinlei 100,2023-06-09,10:00:00,692,362,330,FMN 21 Desguinlei Zuidkant
668,Desguinlei 100,2023-06-09,11:00:00,1112,550,562,FMN 21 Desguinlei Zuidkant
668,Desguinlei 100,2023-06-09,12:00:00,1455,721,734,FMN 21 Desguinlei Zuidkant
668,Desguinlei 100,2023-06-09,13:00:00,1863,908,955,FMN 21 Desguinlei Zuidkant
668,Desguinlei 100,2023-06-09,14:00:00,2445,1248,1197,FMN 21 Desguinlei Zuidkant
668,Desguinlei 100,2023-06-09,15:00:00,3056,1494,1562,FMN 21 Desguinlei Zuidkant
668,Desguinlei 100,2023-06-09,16:00:00,3590,1810,1780,FMN 21 Desguinlei Zuidkant
668,Desguinlei 100,2023-06-09,17:00:00,4154,1993,2161,FMN 21 Desguinlei Zuidkant
668,Desguinlei 100,2023-06-09,18:00:00,4167,2077,2090,FMN 21 Desguinlei Zuidkant
668,Desguinlei 100,2023-06-09,19:00:00,3676,1821,1855,FMN 21 Desguinlei Zuidkant
668,Desguinlei 100,2023-06-09,20:00:00,2881,1450,1431,FMN 21 Desguinlei Zuidkant
668,Desguinlei 100,2023-06-09,21:00:00,1433,725,708,FMN 21 Desguinlei Zuidkant
668,Desguinlei 100,2023-06-09,22:00:00,796,384,412,FMN 21 Desguinlei Zuidkant
668,Desguinlei 100,2023-06-09,23:00:00,550,257,293,FMN 21 Desguinlei Zuidkant
668,Desguinlei 100,2023-06-10,00:00:00,391,191,200,FMN 21 Desguinlei Zuidkant
668,Desguinlei 100,2023-06-10,01:00:00,289,141,148,FMN 21 Desguinlei Zuidkant
668,Desguinlei 100,2023-06-10,02:00:00,244,130,114,FMN 21 Desguinlei Zuidkant
668,Desguinlei 100,2023-06-10,03:00:00,177,91,86,FMN 21 Desguinlei Zuidkant
668,Desguinlei 100,2023-06-10,04:00:00,126,62,64,FMN 21 Desguinlei Zuidkant
668,Desguinlei 100,2023-06-10,05:00:00,128,62,66,FMN 21 Desguinlei Zuidkant
668,Desguinlei 100,2023-06-10,06:00:00,123,69,54,FMN 21 Desguinlei Zuidkant
668,Desguinlei 100,2023-06-10,07:00:00,150,73,77,FMN 21 Desguinlei Zuidkant
668,Desguinlei 100,2023-06-10,08:00:00,353,170,183,FMN 21 Desguinlei Zuidkant
668,Desguinlei 100,2023-06-10,09:00:00,795,382,413,FMN 21 Desguinlei Zuidkant
668,Desguinlei 100,2023-06-10,10:00:00,1252,600,652,FMN 21 Desguinlei Zuidkant
668,Desguinlei 100,2023-06-10,11:00:00,1825,917,908,FMN 21 Desguinlei Zuidkant
668,Desguinlei 100,2023-06-10,12:00:00,2379,1168,1211,FMN 21 Desguinlei Zuidkant
668,Desguinlei 100,2023-06-10,13:00:00,2794,1379,1415,FMN 21 Desguinlei Zuidkant
668,Desguinlei 100,2023-06-10,14:00:00,3308,1590,1718,FMN 21 Desguinlei Zuidkant
668,Desguinlei 100,2023-06-10,15:00:00,4071,1990,2081,FMN 21 Desguinlei Zuidkant
668,Desguinlei 100,2023-06-10,16:00:00,4297,2043,2254,FMN 21 Desguinlei Zuidkant
668,Desguinlei 100,2023-06-10,17:00:00,4865,2373,2492,FMN 21 Desguinlei Zuidkant
668,Desguinlei 100,2023-06-10,18:00:00,5001,2437,2564,FMN 21 Desguinlei Zuidkant
668,Desguinlei 100,2023-06-10,19:00:00,4951,2423,2528,FMN 21 Desguinlei Zuidkant
668,Desguinlei 100,2023-06-10,20:00:00,2934,1455,1479,FMN 21 Desguinlei Zuidkant
668,Desguinlei 100,2023-06-10,21:00:00,1574,793,781,FMN 21 Desguinlei Zuidkant
668,Desguinlei 100,2023-06-10,22:00:00,892,480,412,FMN 21 Desguinlei Zuidkant
668,Desguinlei 100,2023-06-10,23:00:00,686,339,347,FMN 21 Desguinlei Zuidkant
668,Desguinlei 100,2023-06-11,00:00:00,483,228,255,FMN 21 Desguinlei Zuidkant
668,Desguinlei 100,2023-06-11,01:00:00,357,191,166,FMN 21 Desguinlei Zuidkant
668,Desguinlei 100,2023-06-11,02:00:00,306,158,148,FMN 21 Desguinlei Zuidkant
668,Desguinlei 100,2023-06-11,03:00:00,223,111,112,FMN 21 Desguinlei Zuidkant
668,Desguinlei 100,2023-06-11,04:00:00,147,80,67,FMN 21 Desguinlei Zuidkant
668,Desguinlei 100,2023-06-11,05:00:00,103,50,53,FMN 21 Desguinlei Zuidkant
668,Desguinlei 100,2023-06-11,06:00:00,142,75,67,FMN 21 Desguinlei Zuidkant
668,Desguinlei 100,2023-06-11,07:00:00,152,82,70,FMN 21 Desguinlei Zuidkant
668,Desguinlei 100,2023-06-11,08:00:00,459,225,234,FMN 21 Desguinlei Zuidkant
668,Desguinlei 100,2023-06-11,09:00:00,973,471,502,FMN 21 Desguinlei Zuidkant
668,Desguinlei 100,2023-06-11,10:00:00,1597,784,813,FMN 21 Desguinlei Zuidkant
668,Desguinlei 100,2023-06-11,11:00:00,2029,998,1031,FMN 21 Desguinlei Zuidkant
668,Desguinlei 100,2023-06-11,12:00:00,2671,1362,1309,FMN 21 Desguinlei Zuidkant
668,Desguinlei 100,2023-06-11,13:00:00,3087,1548,1539,FMN 21 Desguinlei Zuidkant
668,Desguinlei 100,2023-06-11,14:00:00,4234,2066,2168,FMN 21 Desguinlei Zuidkant
668,Desguinlei 100,2023-06-11,15:00:00,4391,2145,2246,FMN 21 Desguinlei Zuidkant
668,Desguinlei 100,2023-06-11,16:00:00,4555,2319,2236,FMN 21 Desguinlei Zuidkant
668,Desguinlei 100,2023-06-11,17:00:00,5603,2708,2895,FMN 21 Desguinlei Zuidkant
668,Desguinlei 100,2023-06-11,18:00:00,3312,1590,1722,FMN 21 Desguinlei Zuidkant
668,Desguinlei 100,2023-06-11,19:00:00,2372,1204,1168,FMN 21 Desguinlei Zuidkant
668,Desguinlei 100,2023-06-11,20:00:00,2510,1230,1280,FMN 21 Desguinlei Zuidkant
668,Desguinlei 100,2023-06-11,21:00:00,1504,788,716,FMN 21 Desguinlei Zuidkant
668,Desguinlei 100,2023-06-11,22:00:00,876,427,449,FMN 21 Desguinlei Zuidkant
668,Desguinlei 100,2023-06-11,23:00:00,601,307,294,FMN 21 Desguinlei Zuidkant
668,Desguinlei 100,2023-06-12,00:00:00,447,216,231,FMN 21 Desguinlei Zuidkant
668,Desguinlei 100,2023-06-12,01:00:00,337,176,161,FMN 21 Desguinlei Zuidkant
668,Desguinlei 100,2023-06-12,02:00:00,244,131,113,FMN 21 Desguinlei Zuidkant
668,Desguinlei 100,2023-06-12,03:00:00,207,108,99,FMN 21 Desguinlei Zuidkant
668,Desguinlei 100,2023-06-12,04:00:00,165,68,97,FMN 21 Desguinlei Zuidkant
668,Desguinlei 100,2023-06-12,05:00:00,133,57,76,FMN 21 Desguinlei Zuidkant
668,Desguinlei 100,2023-06-12,06:00:00,213,102,111,FMN 21 Desguinlei Zuidkant
668,Desguinlei 100,2023-06-12,07:00:00,314,142,172,FMN 21 Desguinlei Zuidkant
668,Desguinlei 100,2023-06-12,08:00:00,784,400,384,FMN 21 Desguinlei Zuidkant
668,Desguinlei 100,2023-06-12,09:00:00,1163,551,612,FMN 21 Desguinlei Zuidkant
668,Desguinlei 100,2023-06-12,10:00:00,1620,798,822,FMN 21 Desguinlei Zuidkant
668,Desguinlei 100,2023-06-12,11:00:00,2011,948,1063,FMN 21 Desguinlei Zuidkant
668,Desguinlei 100,2023-06-12,12:00:00,2554,1269,1285,FMN 21 Desguinlei Zuidkant
668,Desguinlei 100,2023-06-12,13:00:00,3200,1596,1604,FMN 21 Desguinlei Zuidkant
668,Desguinlei 100,2023-06-12,14:00:00,4087,2045,2042,FMN 21 Desguinlei Zuidkant
668,Desguinlei 100,2023-06-12,15:00:00,4059,1961,2098,FMN 21 Desguinlei Zuidkant
668,Desguinlei 100,2023-06-12,16:00:00,4869,2295,2574,FMN 21 Desguinlei Zuidkant
668,Desguinlei 100,2023-06-12,17:00:00,5294,2543,2751,FMN 21 Desguinlei Zuidkant
668,Desguinlei 100,2023-06-12,18:00:00,4659,2186,2473,FMN 21 Desguinlei Zuidkant
668,Desguinlei 100,2023-06-12,19:00:00,4744,2341,2403,FMN 21 Desguinlei Zuidkant
668,Desguinlei 100,2023-06-12,20:00:00,3055,1466,1589,FMN 21 Desguinlei Zuidkant
668,Desguinlei 100,2023-06-12,21:00:00,1362,677,685,FMN 21 Desguinlei Zuidkant
668,Desguinlei 100,2023-06-12,22:00:00,851,439,412,FMN 21 Desguinlei Zuidkant
668,Desguinlei 100,2023-06-12,23:00:00,578,286,292,FMN 21 Desguinlei Zuidkant
668,Desguinlei 100,2023-06-13,00:00:00,424,222,202,FMN 21 Desguinlei Zuidkant
668,Desguinlei 100,2023-06-13,01:00:00,324,171,153,FMN 21 Desguinlei Zuidkant
668,Desguinlei 100,2023-06-13,02:00:00,217,118,99,FMN 21 Desguinlei Zuidkant
668,Desguinlei 100,2023-06-13,03:00:00,179,84,95,FMN 21 Desguinlei Zuidkant
668,Desguinlei 100,2023-06-13,04:00:00,161,79,82,FMN 21 Desguinlei Zuidkant
668,Desguinlei 100,2023-06-13,05:00:00,124,54,70,FMN 21 Desguinlei Zuidkant
668,Desguinlei 100,2023-06-13,06:00:00,161,75,86,FMN 21 Desguinlei Zuidkant
668,Desguinlei 100,2023-06-13,07:00:00,269,135,134,FMN 21 Desguinlei Zuidkant
668,Desguinlei 100,2023-06-13,08:00:00,684,357,327,FMN 21 Desguinlei Zuidkant
668,Desguinlei 100,2023-06-13,09:00:00,825,408,417,FMN 21 Desguinlei Zuidkant
668,Desguinlei 100,2023-06-13,10:00:00,1276,638,638,FMN 21 Desguinlei Zuidkant
668,Desguinlei 100,2023-06-13,11:00:00,1791,890,901,FMN 21 Desguinlei Zuidkant
668,Desguinlei 100,2023-06-13,12:00:00,2182,1069,1113,FMN 21 Desguinlei Zuidkant
668,Desguinlei 100,2023-06-13,13:00:00,2552,1233,1319,FMN 21 Desguinlei Zuidkant
668,Desguinlei 100,2023-06-13,14:00:00,3210,1557,1653,FMN 21 Desguinlei Zuidkant
668,Desguinlei 100,2023-06-13,15:00:00,4037,1938,2099,FMN 21 Desguinlei Zuidkant
668,Desguinlei 100,2023-06-13,16:00:00,4616,2271,2345,FMN 21 Desguinlei Zuidkant
668,Desguinlei 100,2023-06-13,17:00:00,5069,2460,2609,FMN 21 Desguinlei Zuidkant
668,Desguinlei 100,2023-06-13,18:00:00,4764,2329,2435,FMN 21 Desguinlei Zuidkant
668,Desguinlei 100,2023-06-13,19:00:00,4335,2100,2235,FMN 21 Desguinlei Zuidkant
668,Desguinlei 100,2023-06-13,20:00:00,2898,1476,1422,FMN 21 Desguinlei Zuidkant
668,Desguinlei 100,2023-06-13,21:00:00,1368,680,688,FMN 21 Desguinlei Zuidkant
668,Desguinlei 100,2023-06-13,22:00:00,696,370,326,FMN 21 Desguinlei Zuidkant
668,Desguinlei 100,2023-06-13,23:00:00,442,223,219,FMN 21 Desguinlei Zuidkant
668,Desguinlei 100,2023-06-14,00:00:00,300,149,151,FMN 21 Desguinlei Zuidkant
668,Desguinlei 100,2023-06-14,01:00:00,229,130,99,FMN 21 Desguinlei Zuidkant
668,Desguinlei 100,2023-06-14,02:00:00,188,103,85,FMN 21 Desguinlei Zuidkant
668,Desguinlei 100,2023-06-14,03:00:00,149,73,76,FMN 21 Desguinlei Zuidkant
668,Desguinlei 100,2023-06-14,04:00:00,93,39,54,FMN 21 Desguinlei Zuidkant
668,Desguinlei 100,2023-06-14,05:00:00,99,50,49,FMN 21 Desguinlei Zuidkant
668,Desguinlei 100,2023-06-14,06:00:00,112,58,54,FMN 21 Desguinlei Zuidkant
668,Desguinlei 100,2023-06-14,07:00:00,217,94,123,FMN 21 Desguinlei Zuidkant
668,Desguinlei 100,2023-06-14,08:00:00,623,315,308,FMN 21 Desguinlei Zuidkant
668,Desguinlei 100,2023-06-14,09:00:00,969,500,469,FMN 21 Desguinlei Zuidkant
668,Desguinlei 100,2023-06-14,10:00:00,1242,613,629,FMN 21 Desguinlei Zuidkant
668,Desguinlei 100,2023-06-14,11:00:00,1541,749,792,FMN 21 Desguinlei Zuidkant
668,Desguinlei 100,2023-06-14,12:00:00,1701,856,845,FMN 21 Desguinlei Zuidkant
668,Desguinlei 100,2023-06-14,13:00:00,2072,1032,1040,FMN 21 Desguinlei Zuidkant
668,Desguinlei 100,2023-06-14,14:00:00,2468,1189,1279,FMN 21 Desguinlei Zuidkant
668,Desguinlei 100,2023-06-14,15:00:00,2892,1443,1449,FMN 21 Desguinlei Zuidkant
668,Desguinlei 100,2023-06-14,16:00:00,3252,1621,1631,FMN 21 Desguinlei Zuidkant
668,Desguinlei 100,2023-06-14,17:00:00,3659,1782,1877,FMN 21 Desguinlei Zuidkant
668,Desguinlei 100,2023-06-14,18:00:00,3910,1929,1981,FMN 21 Desguinlei Zuidkant
668,Desguinlei 100,2023-06-14,19:00:00,3483,1791,1692,FMN 21 Desguinlei Zuidkant
668,Desguinlei 100,2023-06-14,20:00:00,2411,1222,1189,FMN 21 Desguinlei Zuidkant
668,Desguinlei 100,2023-06-14,21:00:00,1146,581,565,FMN 21 Desguinlei Zuidkant
668,Desguinlei 100,2023-06-14,22:00:00,491,253,238,FMN 21 Desguinlei Zuidkant
668,Desguinlei 100,2023-06-14,23:00:00,347,152,195,FMN 21 Desguinlei Zuidkant
668,Desguinlei 100,2023-06-15,00:00:00,243,119,124,FMN 21 Desguinlei Zuidkant
668,Desguinlei 100,2023-06-15,01:00:00,141,68,73,FMN 21 Desguinlei Zuidkant
668,Desguinlei 100,2023-06-15,02:00:00,105,53,52,FMN 21 Desguinlei Zuidkant
668,Desguinlei 100,2023-06-15,03:00:00,91,53,38,FMN 21 Desguinlei Zuidkant
668,Desguinlei 100,2023-06-15,04:00:00,76,37,39,FMN 21 Desguinlei Zuidkant
668,Desguinlei 100,2023-06-15,05:00:00,72,37,35,FMN 21 Desguinlei Zuidkant
668,Desguinlei 100,2023-06-15,06:00:00,99,44,55,FMN 21 Desguinlei Zuidkant
668,Desguinlei 100,2023-06-15,07:00:00,205,98,107,FMN 21 Desguinlei Zuidkant
668,Desguinlei 100,2023-06-15,08:00:00,570,279,291,FMN 21 Desguinlei Zuidkant
668,Desguinlei 100,2023-06-15,09:00:00,981,518,463,FMN 21 Desguinlei Zuidkant
668,Desguinlei 100,2023-06-15,10:00:00,1299,678,621,FMN 21 Desguinlei Zuidkant
668,Desguinlei 100,2023-06-15,11:00:00,1378,690,688,FMN 21 Desguinlei Zuidkant
668,Desguinlei 100,2023-06-15,12:00:00,1729,872,857,FMN 21 Desguinlei Zuidkant
668,Desguinlei 100,2023-06-15,13:00:00,2131,1044,1087,FMN 21 Desguinlei Zuidkant
668,Desguinlei 100,2023-06-15,14:00:00,2306,1124,1182,FMN 21 Desguinlei Zuidkant
668,Desguinlei 100,2023-06-15,15:00:00,3068,1515,1553,FMN 21 Desguinlei Zuidkant
668,Desguinlei 100,2023-06-15,16:00:00,3478,1687,1791,FMN 21 Desguinlei Zuidkant
668,Desguinlei 100,2023-06-15,17:00:00,3928,1887,2041,FMN 21 Desguinlei Zuidkant
668,Desguinlei 100,2023-06-15,18:00:00,3152,1515,1637,FMN 21 Desguinlei Zuidkant
668,Desguinlei 100,2023-06-15,19:00:00,2805,1379,1426,FMN 21 Desguinlei Zuidkant
668,Desguinlei 100,2023-06-15,20:00:00,1746,920,826,FMN 21 Desguinlei Zuidkant
668,Desguinlei 100,2023-06-15,21:00:00,866,440,426,FMN 21 Desguinlei Zuidkant
668,Desguinlei 100,2023-06-15,22:00:00,513,248,265,FMN 21 Desguinlei Zuidkant
668,Desguinlei 100,2023-06-15,23:00:00,342,156,186,FMN 21 Desguinlei Zuidkant
668,Desguinlei 100,2023-06-16,00:00:00,233,118,115,FMN 21 Desguinlei Zuidkant
668,Desguinlei 100,2023-06-16,01:00:00,180,96,84,FMN 21 Desguinlei Zuidkant
668,Desguinlei 100,2023-06-16,02:00:00,109,49,60,FMN 21 Desguinlei Zuidkant
668,Desguinlei 100,2023-06-16,03:00:00,91,50,41,FMN 21 Desguinlei Zuidkant
668,Desguinlei 100,2023-06-16,04:00:00,75,35,40,FMN 21 Desguinlei Zuidkant
668,Desguinlei 100,2023-06-16,05:00:00,82,30,52,FMN 21 Desguinlei Zuidkant
668,Desguinlei 100,2023-06-16,06:00:00,85,37,48,FMN 21 Desguinlei Zuidkant
668,Desguinlei 100,2023-06-16,07:00:00,216,111,105,FMN 21 Desguinlei Zuidkant
668,Desguinlei 100,2023-06-16,08:00:00,527,266,261,FMN 21 Desguinlei Zuidkant
668,Desguinlei 100,2023-06-16,09:00:00,662,330,332,FMN 21 Desguinlei Zuidkant
668,Desguinlei 100,2023-06-16,10:00:00,937,473,464,FMN 21 Desguinlei Zuidkant
668,Desguinlei 100,2023-06-16,11:00:00,1579,783,796,FMN 21 Desguinlei Zuidkant
668,Desguinlei 100,2023-06-16,12:00:00,2334,1192,1142,FMN 21 Desguinlei Zuidkant
668,Desguinlei 100,2023-06-16,13:00:00,2402,1241,1161,FMN 21 Desguinlei Zuidkant
668,Desguinlei 100,2023-06-16,14:00:00,2732,1389,1343,FMN 21 Desguinlei Zuidkant
668,Desguinlei 100,2023-06-16,15:00:00,3365,1631,1734,FMN 21 Desguinlei Zuidkant
668,Desguinlei 100,2023-06-16,16:00:00,3896,1965,1931,FMN 21 Desguinlei Zuidkant
668,Desguinlei 100,2023-06-16,17:00:00,4147,2046,2101,FMN 21 Desguinlei Zuidkant
668,Desguinlei 100,2023-06-16,18:00:00,3904,1947,1957,FMN 21 Desguinlei Zuidkant
668,Desguinlei 100,2023-06-16,19:00:00,3064,1465,1599,FMN 21 Desguinlei Zuidkant
668,Desguinlei 100,2023-06-16,20:00:00,2018,1040,978,FMN 21 Desguinlei Zuidkant
668,Desguinlei 100,2023-06-16,21:00:00,990,497,493,FMN 21 Desguinlei Zuidkant
668,Desguinlei 100,2023-06-16,22:00:00,523,247,276,FMN 21 Desguinlei Zuidkant
668,Desguinlei 100,2023-06-16,23:00:00,398,190,208,FMN 21 Desguinlei Zuidkant
668,Desguinlei 100,2023-06-17,00:00:00,327,128,199,FMN 21 Desguinlei Zuidkant
668,Desguinlei 100,2023-06-17,01:00:00,214,94,120,FMN 21 Desguinlei Zuidkant
668,Desguinlei 100,2023-06-17,02:00:00,132,64,68,FMN 21 Desguinlei Zuidkant
668,Desguinlei 100,2023-06-17,03:00:00,103,53,50,FMN 21 Desguinlei Zuidkant
668,Desguinlei 100,2023-06-17,04:00:00,89,39,50,FMN 21 Desguinlei Zuidkant
668,Desguinlei 100,2023-06-17,05:00:00,70,32,38,FMN 21 Desguinlei Zuidkant
668,Desguinlei 100,2023-06-17,06:00:00,67,32,35,FMN 21 Desguinlei Zuidkant
668,Desguinlei 100,2023-06-17,07:00:00,107,52,55,FMN 21 Desguinlei Zuidkant
668,Desguinlei 100,2023-06-17,08:00:00,343,180,163,FMN 21 Desguinlei Zuidkant
668,Desguinlei 100,2023-06-17,09:00:00,683,360,323,FMN 21 Desguinlei Zuidkant
668,Desguinlei 100,2023-06-17,10:00:00,1094,538,556,FMN 21 Desguinlei Zuidkant
668,Desguinlei 100,2023-06-17,11:00:00,1687,863,824,FMN 21 Desguinlei Zuidkant
668,Desguinlei 100,2023-06-17,12:00:00,2533,1297,1236,FMN 21 Desguinlei Zuidkant
668,Desguinlei 100,2023-06-17,13:00:00,3092,1541,1551,FMN 21 Desguinlei Zuidkant
668,Desguinlei 100,2023-06-17,14:00:00,3439,1705,1734,FMN 21 Desguinlei Zuidkant
668,Desguinlei 100,2023-06-17,15:00:00,3869,1939,1930,FMN 21 Desguinlei Zuidkant
668,Desguinlei 100,2023-06-17,16:00:00,3485,1734,1751,FMN 21 Desguinlei Zuidkant
668,Desguinlei 100,2023-06-17,17:00:00,3303,1666,1637,FMN 21 Desguinlei Zuidkant
668,Desguinlei 100,2023-06-17,18:00:00,2611,1314,1297,FMN 21 Desguinlei Zuidkant
668,Desguinlei 100,2023-06-17,19:00:00,1597,812,785,FMN 21 Desguinlei Zuidkant
668,Desguinlei 100,2023-06-17,20:00:00,1208,585,623,FMN 21 Desguinlei Zuidkant
668,Desguinlei 100,2023-06-17,21:00:00,801,408,393,FMN 21 Desguinlei Zuidkant
668,Desguinlei 100,2023-06-17,22:00:00,619,292,327,FMN 21 Desguinlei Zuidkant
668,Desguinlei 100,2023-06-17,23:00:00,461,217,244,FMN 21 Desguinlei Zuidkant
668,Desguinlei 100,2023-06-18,00:00:00,356,173,183,FMN 21 Desguinlei Zuidkant
668,Desguinlei 100,2023-06-18,01:00:00,320,168,152,FMN 21 Desguinlei Zuidkant
668,Desguinlei 100,2023-06-18,02:00:00,213,117,96,FMN 21 Desguinlei Zuidkant
668,Desguinlei 100,2023-06-18,03:00:00,162,72,90,FMN 21 Desguinlei Zuidkant
668,Desguinlei 100,2023-06-18,04:00:00,178,96,82,FMN 21 Desguinlei Zuidkant
668,Desguinlei 100,2023-06-18,05:00:00,137,69,68,FMN 21 Desguinlei Zuidkant
668,Desguinlei 100,2023-06-18,06:00:00,135,66,69,FMN 21 Desguinlei Zuidkant
668,Desguinlei 100,2023-06-18,07:00:00,152,69,83,FMN 21 Desguinlei Zuidkant
668,Desguinlei 100,2023-06-18,08:00:00,207,111,96,FMN 21 Desguinlei Zuidkant
668,Desguinlei 100,2023-06-18,09:00:00,294,137,157,FMN 21 Desguinlei Zuidkant
668,Desguinlei 100,2023-06-18,10:00:00,296,159,137,FMN 21 Desguinlei Zuidkant
668,Desguinlei 100,2023-06-18,11:00:00,310,164,146,FMN 21 Desguinlei Zuidkant
668,Desguinlei 100,2023-06-18,12:00:00,370,189,181,FMN 21 Desguinlei Zuidkant
668,Desguinlei 100,2023-06-18,13:00:00,506,253,253,FMN 21 Desguinlei Zuidkant
668,Desguinlei 100,2023-06-18,14:00:00,571,307,264,FMN 21 Desguinlei Zuidkant
668,Desguinlei 100,2023-06-18,15:00:00,619,328,291,FMN 21 Desguinlei Zuidkant
668,Desguinlei 100,2023-06-18,16:00:00,870,440,430,FMN 21 Desguinlei Zuidkant
668,Desguinlei 100,2023-06-18,17:00:00,1350,650,700,FMN 21 Desguinlei Zuidkant
668,Desguinlei 100,2023-06-18,18:00:00,869,406,463,FMN 21 Desguinlei Zuidkant
668,Desguinlei 100,2023-06-18,19:00:00,676,332,344,FMN 21 Desguinlei Zuidkant
668,Desguinlei 100,2023-06-18,20:00:00,573,279,294,FMN 21 Desguinlei Zuidkant
668,Desguinlei 100,2023-06-18,21:00:00,434,225,209,FMN 21 Desguinlei Zuidkant
668,Desguinlei 100,2023-06-18,22:00:00,323,178,145,FMN 21 Desguinlei Zuidkant
668,Desguinlei 100,2023-06-18,23:00:00,238,120,118,FMN 21 Desguinlei Zuidkant
668,Desguinlei 100,2023-06-19,00:00:00,195,106,89,FMN 21 Desguinlei Zuidkant
668,Desguinlei 100,2023-06-19,01:00:00,118,62,56,FMN 21 Desguinlei Zuidkant
668,Desguinlei 100,2023-06-19,02:00:00,81,37,44,FMN 21 Desguinlei Zuidkant
668,Desguinlei 100,2023-06-19,03:00:00,86,47,39,FMN 21 Desguinlei Zuidkant
668,Desguinlei 100,2023-06-19,04:00:00,109,52,57,FMN 21 Desguinlei Zuidkant
668,Desguinlei 100,2023-06-19,05:00:00,89,49,40,FMN 21 Desguinlei Zuidkant
668,Desguinlei 100,2023-06-19,06:00:00,116,50,66,FMN 21 Desguinlei Zuidkant
668,Desguinlei 100,2023-06-19,07:00:00,180,87,93,FMN 21 Desguinlei Zuidkant
668,Desguinlei 100,2023-06-19,08:00:00,389,189,200,FMN 21 Desguinlei Zuidkant
668,Desguinlei 100,2023-06-19,09:00:00,372,196,176,FMN 21 Desguinlei Zuidkant
668,Desguinlei 100,2023-06-19,10:00:00,417,216,201,FMN 21 Desguinlei Zuidkant
668,Desguinlei 100,2023-06-19,11:00:00,712,362,350,FMN 21 Desguinlei Zuidkant
668,Desguinlei 100,2023-06-19,12:00:00,888,463,425,FMN 21 Desguinlei Zuidkant
668,Desguinlei 100,2023-06-19,13:00:00,1315,700,615,FMN 21 Desguinlei Zuidkant
668,Desguinlei 100,2023-06-19,14:00:00,1628,817,811,FMN 21 Desguinlei Zuidkant
668,Desguinlei 100,2023-06-19,15:00:00,2138,1057,1081,FMN 21 Desguinlei Zuidkant
668,Desguinlei 100,2023-06-19,16:00:00,2673,1297,1376,FMN 21 Desguinlei Zuidkant
668,Desguinlei 100,2023-06-19,17:00:00,3897,1899,1998,FMN 21 Desguinlei Zuidkant
668,Desguinlei 100,2023-06-19,18:00:00,4621,2167,2454,FMN 21 Desguinlei Zuidkant
668,Desguinlei 100,2023-06-19,19:00:00,1896,932,964,FMN 21 Desguinlei Zuidkant
668,Desguinlei 100,2023-06-19,20:00:00,1139,588,551,FMN 21 Desguinlei Zuidkant
668,Desguinlei 100,2023-06-19,21:00:00,835,420,415,FMN 21 Desguinlei Zuidkant
668,Desguinlei 100,2023-06-19,22:00:00,640,324,316,FMN 21 Desguinlei Zuidkant
668,Desguinlei 100,2023-06-19,23:00:00,480,229,251,FMN 21 Desguinlei Zuidkant
668,Desguinlei 100,2023-06-20,00:00:00,389,201,188,FMN 21 Desguinlei Zuidkant
668,Desguinlei 100,2023-06-20,01:00:00,302,149,153,FMN 21 Desguinlei Zuidkant
668,Desguinlei 100,2023-06-20,02:00:00,282,150,132,FMN 21 Desguinlei Zuidkant
668,Desguinlei 100,2023-06-20,03:00:00,230,117,113,FMN 21 Desguinlei Zuidkant
668,Desguinlei 100,2023-06-20,04:00:00,203,103,100,FMN 21 Desguinlei Zuidkant
668,Desguinlei 100,2023-06-20,05:00:00,172,74,98,FMN 21 Desguinlei Zuidkant
668,Desguinlei 100,2023-06-20,06:00:00,230,118,112,FMN 21 Desguinlei Zuidkant
668,Desguinlei 100,2023-06-20,07:00:00,322,173,149,FMN 21 Desguinlei Zuidkant
668,Desguinlei 100,2023-06-20,08:00:00,758,393,365,FMN 21 Desguinlei Zuidkant
668,Desguinlei 100,2023-06-20,09:00:00,1208,617,591,FMN 21 Desguinlei Zuidkant
668,Desguinlei 100,2023-06-20,10:00:00,1406,715,691,FMN 21 Desguinlei Zuidkant
668,Desguinlei 100,2023-06-20,11:00:00,1832,901,931,FMN 21 Desguinlei Zuidkant
668,Desguinlei 100,2023-06-20,12:00:00,2215,1087,1128,FMN 21 Desguinlei Zuidkant
668,Desguinlei 100,2023-06-20,13:00:00,2755,1356,1399,FMN 21 Desguinlei Zuidkant
668,Desguinlei 100,2023-06-20,14:00:00,2688,1315,1373,FMN 21 Desguinlei Zuidkant
668,Desguinlei 100,2023-06-20,15:00:00,2703,1346,1357,FMN 21 Desguinlei Zuidkant
668,Desguinlei 100,2023-06-20,16:00:00,1615,751,864,FMN 21 Desguinlei Zuidkant
668,Desguinlei 100,2023-06-20,17:00:00,688,319,369,FMN 21 Desguinlei Zuidkant
668,Desguinlei 100,2023-06-20,18:00:00,488,237,251,FMN 21 Desguinlei Zuidkant
668,Desguinlei 100,2023-06-20,19:00:00,279,143,136,FMN 21 Desguinlei Zuidkant
668,Desguinlei 100,2023-06-20,20:00:00,184,74,110,FMN 21 Desguinlei Zuidkant
668,Desguinlei 100,2023-06-20,21:00:00,146,77,69,FMN 21 Desguinlei Zuidkant
668,Desguinlei 100,2023-06-20,22:00:00,110,60,50,FMN 21 Desguinlei Zuidkant
668,Desguinlei 100,2023-06-20,23:00:00,74,38,36,FMN 21 Desguinlei Zuidkant
668,Desguinlei 100,2023-06-21,00:00:00,59,34,25,FMN 21 Desguinlei Zuidkant
668,Desguinlei 100,2023-06-21,01:00:00,51,31,20,FMN 21 Desguinlei Zuidkant
668,Desguinlei 100,2023-06-21,02:00:00,50,20,30,FMN 21 Desguinlei Zuidkant
668,Desguinlei 100,2023-06-21,03:00:00,51,26,25,FMN 21 Desguinlei Zuidkant
668,Desguinlei 100,2023-06-21,04:00:00,53,17,36,FMN 21 Desguinlei Zuidkant
668,Desguinlei 100,2023-06-21,05:00:00,68,39,29,FMN 21 Desguinlei Zuidkant
668,Desguinlei 100,2023-06-21,06:00:00,113,41,72,FMN 21 Desguinlei Zuidkant
668,Desguinlei 100,2023-06-21,07:00:00,165,73,92,FMN 21 Desguinlei Zuidkant
668,Desguinlei 100,2023-06-21,08:00:00,398,197,201,FMN 21 Desguinlei Zuidkant
668,Desguinlei 100,2023-06-21,09:00:00,507,275,232,FMN 21 Desguinlei Zuidkant
668,Desguinlei 100,2023-06-21,10:00:00,589,297,292,FMN 21 Desguinlei Zuidkant
668,Desguinlei 100,2023-06-21,11:00:00,758,407,351,FMN 21 Desguinlei Zuidkant
668,Desguinlei 100,2023-06-21,12:00:00,931,453,478,FMN 21 Desguinlei Zuidkant
668,Desguinlei 100,2023-06-21,13:00:00,1203,597,606,FMN 21 Desguinlei Zuidkant
668,Desguinlei 100,2023-06-21,14:00:00,1654,839,815,FMN 21 Desguinlei Zuidkant
668,Desguinlei 100,2023-06-21,15:00:00,1724,821,903,FMN 21 Desguinlei Zuidkant
668,Desguinlei 100,2023-06-21,16:00:00,2749,1355,1394,FMN 21 Desguinlei Zuidkant
668,Desguinlei 100,2023-06-21,17:00:00,3270,1614,1656,FMN 21 Desguinlei Zuidkant
668,Desguinlei 100,2023-06-21,18:00:00,2980,1501,1479,FMN 21 Desguinlei Zuidkant
668,Desguinlei 100,2023-06-21,19:00:00,1759,856,903,FMN 21 Desguinlei Zuidkant
668,Desguinlei 100,2023-06-21,20:00:00,904,470,434,FMN 21 Desguinlei Zuidkant
668,Desguinlei 100,2023-06-21,21:00:00,515,236,279,FMN 21 Desguinlei Zuidkant
668,Desguinlei 100,2023-06-21,22:00:00,354,147,207,FMN 21 Desguinlei Zuidkant
668,Desguinlei 100,2023-06-21,23:00:00,269,129,140,FMN 21 Desguinlei Zuidkant
668,Desguinlei 100,2023-06-22,00:00:00,191,91,100,FMN 21 Desguinlei Zuidkant
668,Desguinlei 100,2023-06-22,01:00:00,160,71,89,FMN 21 Desguinlei Zuidkant
668,Desguinlei 100,2023-06-22,02:00:00,115,58,57,FMN 21 Desguinlei Zuidkant
668,Desguinlei 100,2023-06-22,03:00:00,95,47,48,FMN 21 Desguinlei Zuidkant
668,Desguinlei 100,2023-06-22,04:00:00,96,53,43,FMN 21 Desguinlei Zuidkant
668,Desguinlei 100,2023-06-22,05:00:00,92,55,37,FMN 21 Desguinlei Zuidkant
668,Desguinlei 100,2023-06-22,06:00:00,115,54,61,FMN 21 Desguinlei Zuidkant
668,Desguinlei 100,2023-06-22,07:00:00,217,111,106,FMN 21 Desguinlei Zuidkant
668,Desguinlei 100,2023-06-22,08:00:00,342,165,177,FMN 21 Desguinlei Zuidkant
668,Desguinlei 100,2023-06-22,09:00:00,297,164,133,FMN 21 Desguinlei Zuidkant
668,Desguinlei 100,2023-06-22,10:00:00,312,144,168,FMN 21 Desguinlei Zuidkant
668,Desguinlei 100,2023-06-22,11:00:00,337,179,158,FMN 21 Desguinlei Zuidkant
668,Desguinlei 100,2023-06-22,12:00:00,230,110,120,FMN 21 Desguinlei Zuidkant
668,Desguinlei 100,2023-06-22,13:00:00,142,59,83,FMN 21 Desguinlei Zuidkant
668,Desguinlei 100,2023-06-22,14:00:00,120,55,65,FMN 21 Desguinlei Zuidkant
668,Desguinlei 100,2023-06-22,15:00:00,120,43,77,FMN 21 Desguinlei Zuidkant
668,Desguinlei 100,2023-06-22,16:00:00,158,52,106,FMN 21 Desguinlei Zuidkant
668,Desguinlei 100,2023-06-22,17:00:00,175,53,122,FMN 21 Desguinlei Zuidkant
668,Desguinlei 100,2023-06-22,18:00:00,146,47,99,FMN 21 Desguinlei Zuidkant
668,Desguinlei 100,2023-06-22,19:00:00,119,53,66,FMN 21 Desguinlei Zuidkant
668,Desguinlei 100,2023-06-22,20:00:00,141,69,72,FMN 21 Desguinlei Zuidkant
668,Desguinlei 100,2023-06-22,21:00:00,104,38,66,FMN 21 Desguinlei Zuidkant
668,Desguinlei 100,2023-06-22,22:00:00,109,53,56,FMN 21 Desguinlei Zuidkant
668,Desguinlei 100,2023-06-22,23:00:00,55,24,31,FMN 21 Desguinlei Zuidkant
668,Desguinlei 100,2023-06-23,00:00:00,32,13,19,FMN 21 Desguinlei Zuidkant
668,Desguinlei 100,2023-06-23,01:00:00,28,11,17,FMN 21 Desguinlei Zuidkant
668,Desguinlei 100,2023-06-23,02:00:00,20,10,10,FMN 21 Desguinlei Zuidkant
668,Desguinlei 100,2023-06-23,03:00:00,15,3,12,FMN 21 Desguinlei Zuidkant
668,Desguinlei 100,2023-06-23,04:00:00,19,6,13,FMN 21 Desguinlei Zuidkant
668,Desguinlei 100,2023-06-23,05:00:00,24,8,16,FMN 21 Desguinlei Zuidkant
668,Desguinlei 100,2023-06-23,06:00:00,56,22,34,FMN 21 Desguinlei Zuidkant
668,Desguinlei 100,2023-06-23,07:00:00,116,44,72,FMN 21 Desguinlei Zuidkant
668,Desguinlei 100,2023-06-23,08:00:00,284,144,140,FMN 21 Desguinlei Zuidkant
668,Desguinlei 100,2023-06-23,09:00:00,310,157,153,FMN 21 Desguinlei Zuidkant
668,Desguinlei 100,2023-06-23,10:00:00,525,264,261,FMN 21 Desguinlei Zuidkant
668,Desguinlei 100,2023-06-23,11:00:00,713,365,348,FMN 21 Desguinlei Zuidkant
668,Desguinlei 100,2023-06-23,12:00:00,876,439,437,FMN 21 Desguinlei Zuidkant
668,Desguinlei 100,2023-06-23,13:00:00,1207,598,609,FMN 21 Desguinlei Zuidkant
668,Desguinlei 100,2023-06-23,14:00:00,1659,834,825,FMN 21 Desguinlei Zuidkant
668,Desguinlei 100,2023-06-23,15:00:00,2050,1015,1035,FMN 21 Desguinlei Zuidkant
668,Desguinlei 100,2023-06-23,16:00:00,2294,1048,1246,FMN 21 Desguinlei Zuidkant
668,Desguinlei 100,2023-06-23,17:00:00,2100,1024,1076,FMN 21 Desguinlei Zuidkant
668,Desguinlei 100,2023-06-23,18:00:00,2417,1205,1212,FMN 21 Desguinlei Zuidkant
668,Desguinlei 100,2023-06-23,19:00:00,2470,1239,1231,FMN 21 Desguinlei Zuidkant
668,Desguinlei 100,2023-06-23,20:00:00,1266,613,653,FMN 21 Desguinlei Zuidkant
668,Desguinlei 100,2023-06-23,21:00:00,516,229,287,FMN 21 Desguinlei Zuidkant
668,Desguinlei 100,2023-06-23,22:00:00,360,163,197,FMN 21 Desguinlei Zuidkant
668,Desguinlei 100,2023-06-23,23:00:00,249,117,132,FMN 21 Desguinlei Zuidkant
668,Desguinlei 100,2023-06-24,00:00:00,197,73,124,FMN 21 Desguinlei Zuidkant
668,Desguinlei 100,2023-06-24,01:00:00,102,44,58,FMN 21 Desguinlei Zuidkant
668,Desguinlei 100,2023-06-24,02:00:00,70,29,41,FMN 21 Desguinlei Zuidkant
668,Desguinlei 100,2023-06-24,03:00:00,47,28,19,FMN 21 Desguinlei Zuidkant
668,Desguinlei 100,2023-06-24,04:00:00,36,15,21,FMN 21 Desguinlei Zuidkant
668,Desguinlei 100,2023-06-24,05:00:00,26,11,15,FMN 21 Desguinlei Zuidkant
668,Desguinlei 100,2023-06-24,06:00:00,14,3,11,FMN 21 Desguinlei Zuidkant
668,Desguinlei 100,2023-06-24,07:00:00,43,17,26,FMN 21 Desguinlei Zuidkant
668,Desguinlei 100,2023-06-24,08:00:00,198,79,119,FMN 21 Desguinlei Zuidkant
668,Desguinlei 100,2023-06-24,09:00:00,531,248,283,FMN 21 Desguinlei Zuidkant
668,Desguinlei 100,2023-06-24,10:00:00,823,424,399,FMN 21 Desguinlei Zuidkant
668,Desguinlei 100,2023-06-24,11:00:00,1080,553,527,FMN 21 Desguinlei Zuidkant
668,Desguinlei 100,2023-06-24,12:00:00,1320,662,658,FMN 21 Desguinlei Zuidkant
668,Desguinlei 100,2023-06-24,13:00:00,1535,782,753,FMN 21 Desguinlei Zuidkant
668,Desguinlei 100,2023-06-24,14:00:00,2012,1021,991,FMN 21 Desguinlei Zuidkant
668,Desguinlei 100,2023-06-24,15:00:00,2756,1397,1359,FMN 21 Desguinlei Zuidkant
668,Desguinlei 100,2023-06-24,16:00:00,3935,1933,2002,FMN 21 Desguinlei Zuidkant
668,Desguinlei 100,2023-06-24,17:00:00,4897,2423,2474,FMN 21 Desguinlei Zuidkant
668,Desguinlei 100,2023-06-24,18:00:00,5950,2850,3100,FMN 21 Desguinlei Zuidkant
668,Desguinlei 100,2023-06-24,19:00:00,5537,2695,2842,FMN 21 Desguinlei Zuidkant
668,Desguinlei 100,2023-06-24,20:00:00,3292,1612,1680,FMN 21 Desguinlei Zuidkant
668,Desguinlei 100,2023-06-24,21:00:00,1511,739,772,FMN 21 Desguinlei Zuidkant
668,Desguinlei 100,2023-06-24,22:00:00,672,349,323,FMN 21 Desguinlei Zuidkant
668,Desguinlei 100,2023-06-24,23:00:00,493,258,235,FMN 21 Desguinlei Zuidkant
668,Desguinlei 100,2023-06-25,00:00:00,390,217,173,FMN 21 Desguinlei Zuidkant
668,Desguinlei 100,2023-06-25,01:00:00,317,179,138,FMN 21 Desguinlei Zuidkant
668,Desguinlei 100,2023-06-25,02:00:00,263,131,132,FMN 21 Desguinlei Zuidkant
668,Desguinlei 100,2023-06-25,03:00:00,194,109,85,FMN 21 Desguinlei Zuidkant
668,Desguinlei 100,2023-06-25,04:00:00,146,67,79,FMN 21 Desguinlei Zuidkant
668,Desguinlei 100,2023-06-25,05:00:00,121,59,62,FMN 21 Desguinlei Zuidkant
668,Desguinlei 100,2023-06-25,06:00:00,113,62,51,FMN 21 Desguinlei Zuidkant
668,Desguinlei 100,2023-06-25,07:00:00,174,86,88,FMN 21 Desguinlei Zuidkant
668,Desguinlei 100,2023-06-25,08:00:00,1025,529,496,FMN 21 Desguinlei Zuidkant
668,Desguinlei 100,2023-06-25,09:00:00,2190,1108,1082,FMN 21 Desguinlei Zuidkant
668,Desguinlei 100,2023-06-25,10:00:00,2662,1309,1353,FMN 21 Desguinlei Zuidkant
668,Desguinlei 100,2023-06-25,11:00:00,2946,1449,1497,FMN 21 Desguinlei Zuidkant
668,Desguinlei 100,2023-06-25,12:00:00,3263,1570,1693,FMN 21 Desguinlei Zuidkant
668,Desguinlei 100,2023-06-25,13:00:00,3614,1786,1828,FMN 21 Desguinlei Zuidkant
668,Desguinlei 100,2023-06-25,14:00:00,4328,2141,2187,FMN 21 Desguinlei Zuidkant
668,Desguinlei 100,2023-06-25,15:00:00,5496,2657,2839,FMN 21 Desguinlei Zuidkant
668,Desguinlei 100,2023-06-25,16:00:00,5909,2914,2995,FMN 21 Desguinlei Zuidkant
668,Desguinlei 100,2023-06-25,17:00:00,6144,2934,3210,FMN 21 Desguinlei Zuidkant
668,Desguinlei 100,2023-06-25,18:00:00,6616,3151,3465,FMN 21 Desguinlei Zuidkant
668,Desguinlei 100,2023-06-25,19:00:00,6602,3159,3443,FMN 21 Desguinlei Zuidkant
668,Desguinlei 100,2023-06-25,20:00:00,6254,3030,3224,FMN 21 Desguinlei Zuidkant
668,Desguinlei 100,2023-06-25,21:00:00,3505,1700,1805,FMN 21 Desguinlei Zuidkant
668,Desguinlei 100,2023-06-25,22:00:00,1622,829,793,FMN 21 Desguinlei Zuidkant
668,Desguinlei 100,2023-06-25,23:00:00,1242,663,579,FMN 21 Desguinlei Zuidkant
668,Desguinlei 100,2023-06-26,00:00:00,995,522,473,FMN 21 Desguinlei Zuidkant
668,Desguinlei 100,2023-06-26,01:00:00,585,306,279,FMN 21 Desguinlei Zuidkant
668,Desguinlei 100,2023-06-26,02:00:00,445,213,232,FMN 21 Desguinlei Zuidkant
668,Desguinlei 100,2023-06-26,03:00:00,320,162,158,FMN 21 Desguinlei Zuidkant
668,Desguinlei 100,2023-06-26,04:00:00,282,149,133,FMN 21 Desguinlei Zuidkant
668,Desguinlei 100,2023-06-26,05:00:00,173,78,95,FMN 21 Desguinlei Zuidkant
668,Desguinlei 100,2023-06-26,06:00:00,141,75,66,FMN 21 Desguinlei Zuidkant
668,Desguinlei 100,2023-06-26,07:00:00,130,71,59,FMN 21 Desguinlei Zuidkant
668,Desguinlei 100,2023-06-26,08:00:00,338,169,169,FMN 21 Desguinlei Zuidkant
668,Desguinlei 100,2023-06-26,09:00:00,448,246,202,FMN 21 Desguinlei Zuidkant
668,Desguinlei 100,2023-06-26,10:00:00,547,287,260,FMN 21 Desguinlei Zuidkant
668,Desguinlei 100,2023-06-26,11:00:00,612,327,285,FMN 21 Desguinlei Zuidkant
668,Desguinlei 100,2023-06-26,12:00:00,661,344,317,FMN 21 Desguinlei Zuidkant
668,Desguinlei 100,2023-06-26,13:00:00,804,397,407,FMN 21 Desguinlei Zuidkant
668,Desguinlei 100,2023-06-26,14:00:00,806,416,390,FMN 21 Desguinlei Zuidkant
668,Desguinlei 100,2023-06-26,15:00:00,998,495,503,FMN 21 Desguinlei Zuidkant
668,Desguinlei 100,2023-06-26,16:00:00,1105,557,548,FMN 21 Desguinlei Zuidkant
668,Desguinlei 100,2023-06-26,17:00:00,884,476,408,FMN 21 Desguinlei Zuidkant
668,Desguinlei 100,2023-06-26,18:00:00,544,268,276,FMN 21 Desguinlei Zuidkant
668,Desguinlei 100,2023-06-26,19:00:00,611,299,312,FMN 21 Desguinlei Zuidkant
668,Desguinlei 100,2023-06-26,20:00:00,459,240,219,FMN 21 Desguinlei Zuidkant
668,Desguinlei 100,2023-06-26,21:00:00,310,177,133,FMN 21 Desguinlei Zuidkant
668,Desguinlei 100,2023-06-26,22:00:00,193,105,88,FMN 21 Desguinlei Zuidkant
668,Desguinlei 100,2023-06-26,23:00:00,153,84,69,FMN 21 Desguinlei Zuidkant
668,Desguinlei 100,2023-06-27,00:00:00,126,49,77,FMN 21 Desguinlei Zuidkant
668,Desguinlei 100,2023-06-27,01:00:00,107,55,52,FMN 21 Desguinlei Zuidkant
668,Desguinlei 100,2023-06-27,02:00:00,106,54,52,FMN 21 Desguinlei Zuidkant
668,Desguinlei 100,2023-06-27,03:00:00,75,36,39,FMN 21 Desguinlei Zuidkant
668,Desguinlei 100,2023-06-27,04:00:00,52,22,30,FMN 21 Desguinlei Zuidkant
668,Desguinlei 100,2023-06-27,05:00:00,67,34,33,FMN 21 Desguinlei Zuidkant
668,Desguinlei 100,2023-06-27,06:00:00,35,17,18,FMN 21 Desguinlei Zuidkant
668,Desguinlei 100,2023-06-27,07:00:00,68,30,38,FMN 21 Desguinlei Zuidkant
668,Desguinlei 100,2023-06-27,08:00:00,175,91,84,FMN 21 Desguinlei Zuidkant
668,Desguinlei 100,2023-06-27,09:00:00,413,217,196,FMN 21 Desguinlei Zuidkant
668,Desguinlei 100,2023-06-27,10:00:00,595,303,292,FMN 21 Desguinlei Zuidkant
668,Desguinlei 100,2023-06-27,11:00:00,804,384,420,FMN 21 Desguinlei Zuidkant
668,Desguinlei 100,2023-06-27,12:00:00,800,444,356,FMN 21 Desguinlei Zuidkant
668,Desguinlei 100,2023-06-27,13:00:00,652,331,321,FMN 21 Desguinlei Zuidkant
668,Desguinlei 100,2023-06-27,14:00:00,781,401,380,FMN 21 Desguinlei Zuidkant
668,Desguinlei 100,2023-06-27,15:00:00,716,368,348,FMN 21 Desguinlei Zuidkant
668,Desguinlei 100,2023-06-27,16:00:00,882,449,433,FMN 21 Desguinlei Zuidkant
668,Desguinlei 100,2023-06-27,17:00:00,956,498,458,FMN 21 Desguinlei Zuidkant
668,Desguinlei 100,2023-06-27,18:00:00,681,356,325,FMN 21 Desguinlei Zuidkant
668,Desguinlei 100,2023-06-27,19:00:00,404,220,184,FMN 21 Desguinlei Zuidkant
668,Desguinlei 100,2023-06-27,20:00:00,386,202,184,FMN 21 Desguinlei Zuidkant
668,Desguinlei 100,2023-06-27,21:00:00,264,128,136,FMN 21 Desguinlei Zuidkant
668,Desguinlei 100,2023-06-27,22:00:00,200,97,103,FMN 21 Desguinlei Zuidkant
668,Desguinlei 100,2023-06-27,23:00:00,159,79,80,FMN 21 Desguinlei Zuidkant
668,Desguinlei 100,2023-06-28,00:00:00,82,38,44,FMN 21 Desguinlei Zuidkant
668,Desguinlei 100,2023-06-28,01:00:00,94,42,52,FMN 21 Desguinlei Zuidkant
668,Desguinlei 100,2023-06-28,02:00:00,70,32,38,FMN 21 Desguinlei Zuidkant
668,Desguinlei 100,2023-06-28,03:00:00,45,28,17,FMN 21 Desguinlei Zuidkant
668,Desguinlei 100,2023-06-28,04:00:00,61,32,29,FMN 21 Desguinlei Zuidkant
668,Desguinlei 100,2023-06-28,05:00:00,59,25,34,FMN 21 Desguinlei Zuidkant
668,Desguinlei 100,2023-06-28,06:00:00,58,30,28,FMN 21 Desguinlei Zuidkant
668,Desguinlei 100,2023-06-28,07:00:00,59,26,33,FMN 21 Desguinlei Zuidkant
668,Desguinlei 100,2023-06-28,08:00:00,108,53,55,FMN 21 Desguinlei Zuidkant
668,Desguinlei 100,2023-06-28,09:00:00,186,99,87,FMN 21 Desguinlei Zuidkant
668,Desguinlei 100,2023-06-28,10:00:00,597,317,280,FMN 21 Desguinlei Zuidkant
668,Desguinlei 100,2023-06-28,11:00:00,922,486,436,FMN 21 Desguinlei Zuidkant
668,Desguinlei 100,2023-06-28,12:00:00,1035,563,472,FMN 21 Desguinlei Zuidkant
668,Desguinlei 100,2023-06-28,13:00:00,1234,632,602,FMN 21 Desguinlei Zuidkant
668,Desguinlei 100,2023-06-28,14:00:00,1147,570,577,FMN 21 Desguinlei Zuidkant
668,Desguinlei 100,2023-06-28,15:00:00,1130,608,522,FMN 21 Desguinlei Zuidkant
668,Desguinlei 100,2023-06-28,16:00:00,856,441,415,FMN 21 Desguinlei Zuidkant
668,Desguinlei 100,2023-06-28,17:00:00,545,290,255,FMN 21 Desguinlei Zuidkant
668,Desguinlei 100,2023-06-28,18:00:00,586,283,303,FMN 21 Desguinlei Zuidkant
668,Desguinlei 100,2023-06-28,19:00:00,538,280,258,FMN 21 Desguinlei Zuidkant
668,Desguinlei 100,2023-06-28,20:00:00,377,178,199,FMN 21 Desguinlei Zuidkant
668,Desguinlei 100,2023-06-28,21:00:00,284,155,129,FMN 21 Desguinlei Zuidkant
668,Desguinlei 100,2023-06-28,22:00:00,262,140,122,FMN 21 Desguinlei Zuidkant
668,Desguinlei 100,2023-06-28,23:00:00,259,137,122,FMN 21 Desguinlei Zuidkant
668,Desguinlei 100,2023-06-29,00:00:00,236,126,110,FMN 21 Desguinlei Zuidkant
668,Desguinlei 100,2023-06-29,01:00:00,175,84,91,FMN 21 Desguinlei Zuidkant
668,Desguinlei 100,2023-06-29,02:00:00,196,103,93,FMN 21 Desguinlei Zuidkant
668,Desguinlei 100,2023-06-29,03:00:00,166,96,70,FMN 21 Desguinlei Zuidkant
668,Desguinlei 100,2023-06-29,04:00:00,137,77,60,FMN 21 Desguinlei Zuidkant
668,Desguinlei 100,2023-06-29,05:00:00,154,80,74,FMN 21 Desguinlei Zuidkant
668,Desguinlei 100,2023-06-29,06:00:00,168,77,91,FMN 21 Desguinlei Zuidkant
668,Desguinlei 100,2023-06-29,07:00:00,201,95,106,FMN 21 Desguinlei Zuidkant
668,Desguinlei 100,2023-06-29,08:00:00,260,137,123,FMN 21 Desguinlei Zuidkant
668,Desguinlei 100,2023-06-29,09:00:00,348,185,163,FMN 21 Desguinlei Zuidkant
668,Desguinlei 100,2023-06-29,10:00:00,428,223,205,FMN 21 Desguinlei Zuidkant
668,Desguinlei 100,2023-06-29,11:00:00,724,379,345,FMN 21 Desguinlei Zuidkant
668,Desguinlei 100,2023-06-29,12:00:00,1154,573,581,FMN 21 Desguinlei Zuidkant
668,Desguinlei 100,2023-06-29,13:00:00,1149,566,583,FMN 21 Desguinlei Zuidkant
668,Desguinlei 100,2023-06-29,14:00:00,535,271,264,FMN 21 Desguinlei Zuidkant
668,Desguinlei 100,2023-06-29,15:00:00,732,360,372,FMN 21 Desguinlei Zuidkant
668,Desguinlei 100,2023-06-29,16:00:00,629,319,310,FMN 21 Desguinlei Zuidkant
668,Desguinlei 100,2023-06-29,17:00:00,405,205,200,FMN 21 Desguinlei Zuidkant
668,Desguinlei 100,2023-06-29,18:00:00,284,148,136,FMN 21 Desguinlei Zuidkant
668,Desguinlei 100,2023-06-29,19:00:00,159,94,65,FMN 21 Desguinlei Zuidkant
668,Desguinlei 100,2023-06-29,20:00:00,82,37,45,FMN 21 Desguinlei Zuidkant
668,Desguinlei 100,2023-06-29,21:00:00,65,36,29,FMN 21 Desguinlei Zuidkant
668,Desguinlei 100,2023-06-29,22:00:00,80,39,41,FMN 21 Desguinlei Zuidkant
668,Desguinlei 100,2023-06-29,23:00:00,71,43,28,FMN 21 Desguinlei Zuidkant
668,Desguinlei 100,2023-06-30,00:00:00,84,45,39,FMN 21 Desguinlei Zuidkant
668,Desguinlei 100,2023-06-30,01:00:00,74,41,33,FMN 21 Desguinlei Zuidkant
668,Desguinlei 100,2023-06-30,02:00:00,40,16,24,FMN 21 Desguinlei Zuidkant
668,Desguinlei 100,2023-06-30,03:00:00,22,8,14,FMN 21 Desguinlei Zuidkant
668,Desguinlei 100,2023-06-30,04:00:00,11,7,4,FMN 21 Desguinlei Zuidkant
668,Desguinlei 100,2023-06-30,05:00:00,10,6,4,FMN 21 Desguinlei Zuidkant
668,Desguinlei 100,2023-06-30,06:00:00,14,8,6,FMN 21 Desguinlei Zuidkant
668,Desguinlei 100,2023-06-30,07:00:00,30,14,16,FMN 21 Desguinlei Zuidkant
668,Desguinlei 100,2023-06-30,08:00:00,181,88,93,FMN 21 Desguinlei Zuidkant
668,Desguinlei 100,2023-06-30,09:00:00,409,199,210,FMN 21 Desguinlei Zuidkant
668,Desguinlei 100,2023-06-30,10:00:00,740,373,367,FMN 21 Desguinlei Zuidkant
668,Desguinlei 100,2023-06-30,11:00:00,852,413,439,FMN 21 Desguinlei Zuidkant
668,Desguinlei 100,2023-06-30,12:00:00,834,418,416,FMN 21 Desguinlei Zuidkant
668,Desguinlei 100,2023-06-30,13:00:00,921,480,441,FMN 21 Desguinlei Zuidkant
668,Desguinlei 100,2023-06-30,14:00:00,1099,553,546,FMN 21 Desguinlei Zuidkant
668,Desguinlei 100,2023-06-30,15:00:00,1335,681,654,FMN 21 Desguinlei Zuidkant
668,Desguinlei 100,2023-06-30,16:00:00,766,410,356,FMN 21 Desguinlei Zuidkant
668,Desguinlei 100,2023-06-30,17:00:00,837,414,423,FMN 21 Desguinlei Zuidkant
668,Desguinlei 100,2023-06-30,18:00:00,1166,566,600,FMN 21 Desguinlei Zuidkant
668,Desguinlei 100,2023-06-30,19:00:00,646,326,320,FMN 21 Desguinlei Zuidkant
668,Desguinlei 100,2023-06-30,20:00:00,464,247,217,FMN 21 Desguinlei Zuidkant
668,Desguinlei 100,2023-06-30,21:00:00,300,150,150,FMN 21 Desguinlei Zuidkant
668,Desguinlei 100,2023-06-30,22:00:00,231,120,111,FMN 21 Desguinlei Zuidkant
668,Desguinlei 100,2023-06-30,23:00:00,193,100,93,FMN 21 Desguinlei Zuidkant
668,Desguinlei 100,2023-07-01,00:00:00,178,86,92,FMN 21 Desguinlei Zuidkant
668,Desguinlei 100,2023-07-01,01:00:00,153,77,76,FMN 21 Desguinlei Zuidkant
668,Desguinlei 100,2023-07-01,02:00:00,114,63,51,FMN 21 Desguinlei Zuidkant
668,Desguinlei 100,2023-07-01,03:00:00,116,58,58,FMN 21 Desguinlei Zuidkant
668,Desguinlei 100,2023-07-01,04:00:00,58,31,27,FMN 21 Desguinlei Zuidkant
668,Desguinlei 100,2023-07-01,05:00:00,50,26,24,FMN 21 Desguinlei Zuidkant
668,Desguinlei 100,2023-07-01,06:00:00,49,27,22,FMN 21 Desguinlei Zuidkant
668,Desguinlei 100,2023-07-01,07:00:00,52,25,27,FMN 21 Desguinlei Zuidkant
668,Desguinlei 100,2023-07-01,08:00:00,64,42,22,FMN 21 Desguinlei Zuidkant
668,Desguinlei 100,2023-07-01,09:00:00,67,30,37,FMN 21 Desguinlei Zuidkant
668,Desguinlei 100,2023-07-01,10:00:00,87,43,44,FMN 21 Desguinlei Zuidkant
668,Desguinlei 100,2023-07-01,11:00:00,80,37,43,FMN 21 Desguinlei Zuidkant
668,Desguinlei 100,2023-07-01,12:00:00,105,46,59,FMN 21 Desguinlei Zuidkant
668,Desguinlei 100,2023-07-01,13:00:00,213,106,107,FMN 21 Desguinlei Zuidkant
668,Desguinlei 100,2023-07-01,14:00:00,145,78,67,FMN 21 Desguinlei Zuidkant
668,Desguinlei 100,2023-07-01,15:00:00,229,120,109,FMN 21 Desguinlei Zuidkant
668,Desguinlei 100,2023-07-01,16:00:00,262,132,130,FMN 21 Desguinlei Zuidkant
668,Desguinlei 100,2023-07-01,17:00:00,141,76,65,FMN 21 Desguinlei Zuidkant
668,Desguinlei 100,2023-07-01,18:00:00,180,96,84,FMN 21 Desguinlei Zuidkant
668,Desguinlei 100,2023-07-01,19:00:00,198,85,113,FMN 21 Desguinlei Zuidkant
668,Desguinlei 100,2023-07-01,20:00:00,202,111,91,FMN 21 Desguinlei Zuidkant
668,Desguinlei 100,2023-07-01,21:00:00,142,78,64,FMN 21 Desguinlei Zuidkant
668,Desguinlei 100,2023-07-01,22:00:00,133,67,66,FMN 21 Desguinlei Zuidkant
668,Desguinlei 100,2023-07-01,23:00:00,103,52,51,FMN 21 Desguinlei Zuidkant
668,Desguinlei 100,2023-07-02,00:00:00,103,53,50,FMN 21 Desguinlei Zuidkant
668,Desguinlei 100,2023-07-02,01:00:00,68,35,33,FMN 21 Desguinlei Zuidkant
668,Desguinlei 100,2023-07-02,02:00:00,68,31,37,FMN 21 Desguinlei Zuidkant
668,Desguinlei 100,2023-07-02,03:00:00,71,32,39,FMN 21 Desguinlei Zuidkant
668,Desguinlei 100,2023-07-02,04:00:00,52,25,27,FMN 21 Desguinlei Zuidkant
668,Desguinlei 100,2023-07-02,05:00:00,51,27,24,FMN 21 Desguinlei Zuidkant
668,Desguinlei 100,2023-07-02,06:00:00,44,25,19,FMN 21 Desguinlei Zuidkant
668,Desguinlei 100,2023-07-02,07:00:00,74,46,28,FMN 21 Desguinlei Zuidkant
668,Desguinlei 100,2023-07-02,08:00:00,88,44,44,FMN 21 Desguinlei Zuidkant
668,Desguinlei 100,2023-07-02,09:00:00,119,57,62,FMN 21 Desguinlei Zuidkant
668,Desguinlei 100,2023-07-02,10:00:00,244,113,131,FMN 21 Desguinlei Zuidkant
668,Desguinlei 100,2023-07-02,11:00:00,252,122,130,FMN 21 Desguinlei Zuidkant
668,Desguinlei 100,2023-07-02,12:00:00,272,132,140,FMN 21 Desguinlei Zuidkant
668,Desguinlei 100,2023-07-02,13:00:00,422,217,205,FMN 21 Desguinlei Zuidkant
668,Desguinlei 100,2023-07-02,14:00:00,554,283,271,FMN 21 Desguinlei Zuidkant
668,Desguinlei 100,2023-07-02,15:00:00,640,339,301,FMN 21 Desguinlei Zuidkant
668,Desguinlei 100,2023-07-02,16:00:00,796,391,405,FMN 21 Desguinlei Zuidkant
668,Desguinlei 100,2023-07-02,17:00:00,713,367,346,FMN 21 Desguinlei Zuidkant
668,Desguinlei 100,2023-07-02,18:00:00,572,278,294,FMN 21 Desguinlei Zuidkant
668,Desguinlei 100,2023-07-02,19:00:00,545,299,246,FMN 21 Desguinlei Zuidkant
668,Desguinlei 100,2023-07-02,20:00:00,352,172,180,FMN 21 Desguinlei Zuidkant
668,Desguinlei 100,2023-07-02,21:00:00,174,91,83,FMN 21 Desguinlei Zuidkant
668,Desguinlei 100,2023-07-02,22:00:00,115,60,55,FMN 21 Desguinlei Zuidkant
668,Desguinlei 100,2023-07-02,23:00:00,97,53,44,FMN 21 Desguinlei Zuidkant
668,Desguinlei 100,2023-07-03,00:00:00,74,46,28,FMN 21 Desguinlei Zuidkant
668,Desguinlei 100,2023-07-03,01:00:00,41,21,20,FMN 21 Desguinlei Zuidkant
668,Desguinlei 100,2023-07-03,02:00:00,37,19,18,FMN 21 Desguinlei Zuidkant
668,Desguinlei 100,2023-07-03,03:00:00,25,15,10,FMN 21 Desguinlei Zuidkant
668,Desguinlei 100,2023-07-03,04:00:00,32,16,16,FMN 21 Desguinlei Zuidkant
668,Desguinlei 100,2023-07-03,05:00:00,33,14,19,FMN 21 Desguinlei Zuidkant
668,Desguinlei 100,2023-07-03,06:00:00,23,10,13,FMN 21 Desguinlei Zuidkant
668,Desguinlei 100,2023-07-03,07:00:00,43,24,19,FMN 21 Desguinlei Zuidkant
668,Desguinlei 100,2023-07-03,08:00:00,85,43,42,FMN 21 Desguinlei Zuidkant
668,Desguinlei 100,2023-07-03,09:00:00,115,53,62,FMN 21 Desguinlei Zuidkant
668,Desguinlei 100,2023-07-03,10:00:00,184,102,82,FMN 21 Desguinlei Zuidkant
668,Desguinlei 100,2023-07-03,11:00:00,276,153,123,FMN 21 Desguinlei Zuidkant
668,Desguinlei 100,2023-07-03,12:00:00,329,166,163,FMN 21 Desguinlei Zuidkant
668,Desguinlei 100,2023-07-03,13:00:00,393,217,176,FMN 21 Desguinlei Zuidkant
668,Desguinlei 100,2023-07-03,14:00:00,392,230,162,FMN 21 Desguinlei Zuidkant
668,Desguinlei 100,2023-07-03,15:00:00,532,259,273,FMN 21 Desguinlei Zuidkant
668,Desguinlei 100,2023-07-03,16:00:00,753,391,362,FMN 21 Desguinlei Zuidkant
668,Desguinlei 100,2023-07-03,17:00:00,910,484,426,FMN 21 Desguinlei Zuidkant
668,Desguinlei 100,2023-07-03,18:00:00,863,436,427,FMN 21 Desguinlei Zuidkant
668,Desguinlei 100,2023-07-03,19:00:00,580,326,254,FMN 21 Desguinlei Zuidkant
668,Desguinlei 100,2023-07-03,20:00:00,461,225,236,FMN 21 Desguinlei Zuidkant
668,Desguinlei 100,2023-07-03,21:00:00,190,98,92,FMN 21 Desguinlei Zuidkant
668,Desguinlei 100,2023-07-03,22:00:00,143,82,61,FMN 21 Desguinlei Zuidkant
668,Desguinlei 100,2023-07-03,23:00:00,128,73,55,FMN 21 Desguinlei Zuidkant
668,Desguinlei 100,2023-07-04,00:00:00,119,64,55,FMN 21 Desguinlei Zuidkant
668,Desguinlei 100,2023-07-04,01:00:00,87,43,44,FMN 21 Desguinlei Zuidkant
668,Desguinlei 100,2023-07-04,02:00:00,65,29,36,FMN 21 Desguinlei Zuidkant
668,Desguinlei 100,2023-07-04,03:00:00,71,29,42,FMN 21 Desguinlei Zuidkant
668,Desguinlei 100,2023-07-04,04:00:00,48,24,24,FMN 21 Desguinlei Zuidkant
668,Desguinlei 100,2023-07-04,05:00:00,33,17,16,FMN 21 Desguinlei Zuidkant
668,Desguinlei 100,2023-07-04,06:00:00,57,29,28,FMN 21 Desguinlei Zuidkant
668,Desguinlei 100,2023-07-04,07:00:00,44,26,18,FMN 21 Desguinlei Zuidkant
668,Desguinlei 100,2023-07-04,08:00:00,186,106,80,FMN 21 Desguinlei Zuidkant
668,Desguinlei 100,2023-07-04,09:00:00,260,138,122,FMN 21 Desguinlei Zuidkant
668,Desguinlei 100,2023-07-04,10:00:00,352,175,177,FMN 21 Desguinlei Zuidkant
668,Desguinlei 100,2023-07-04,11:00:00,418,202,216,FMN 21 Desguinlei Zuidkant
668,Desguinlei 100,2023-07-04,12:00:00,567,291,276,FMN 21 Desguinlei Zuidkant
668,Desguinlei 100,2023-07-04,13:00:00,805,404,401,FMN 21 Desguinlei Zuidkant
668,Desguinlei 100,2023-07-04,14:00:00,789,395,394,FMN 21 Desguinlei Zuidkant
668,Desguinlei 100,2023-07-04,15:00:00,0,0,0,FMN 21 Desguinlei Zuidkant
668,Desguinlei 100,2023-07-04,16:00:00,53,10,43,FMN 21 Desguinlei Zuidkant
668,Desguinlei 100,2023-07-04,17:00:00,181,46,135,FMN 21 Desguinlei Zuidkant
668,Desguinlei 100,2023-07-04,18:00:00,126,38,88,FMN 21 Desguinlei Zuidkant
668,Desguinlei 100,2023-07-04,19:00:00,61,17,44,FMN 21 Desguinlei Zuidkant
668,Desguinlei 100,2023-07-04,20:00:00,58,25,33,FMN 21 Desguinlei Zuidkant
668,Desguinlei 100,2023-07-04,21:00:00,43,18,25,FMN 21 Desguinlei Zuidkant
668,Desguinlei 100,2023-07-04,22:00:00,31,9,22,FMN 21 Desguinlei Zuidkant
668,Desguinlei 100,2023-07-04,23:00:00,26,7,19,FMN 21 Desguinlei Zuidkant
668,Desguinlei 100,2023-07-05,00:00:00,6,0,6,FMN 21 Desguinlei Zuidkant
668,Desguinlei 100,2023-07-05,01:00:00,5,2,3,FMN 21 Desguinlei Zuidkant
668,Desguinlei 100,2023-07-05,02:00:00,3,0,3,FMN 21 Desguinlei Zuidkant
668,Desguinlei 100,2023-07-05,03:00:00,1,0,1,FMN 21 Desguinlei Zuidkant
668,Desguinlei 100,2023-07-05,04:00:00,10,1,9,FMN 21 Desguinlei Zuidkant
668,Desguinlei 100,2023-07-05,05:00:00,13,1,12,FMN 21 Desguinlei Zuidkant
668,Desguinlei 100,2023-07-05,06:00:00,28,10,18,FMN 21 Desguinlei Zuidkant
668,Desguinlei 100,2023-07-05,07:00:00,77,19,58,FMN 21 Desguinlei Zuidkant
668,Desguinlei 100,2023-07-05,08:00:00,139,57,82,FMN 21 Desguinlei Zuidkant
668,Desguinlei 100,2023-07-05,09:00:00,68,28,40,FMN 21 Desguinlei Zuidkant
668,Desguinlei 100,2023-07-05,10:00:00,52,17,35,FMN 21 Desguinlei Zuidkant
668,Desguinlei 100,2023-07-05,11:00:00,49,20,29,FMN 21 Desguinlei Zuidkant
668,Desguinlei 100,2023-07-05,12:00:00,58,18,40,FMN 21 Desguinlei Zuidkant
668,Desguinlei 100,2023-07-05,13:00:00,52,10,42,FMN 21 Desguinlei Zuidkant
668,Desguinlei 100,2023-07-05,14:00:00,69,26,43,FMN 21 Desguinlei Zuidkant
668,Desguinlei 100,2023-07-05,15:00:00,61,14,47,FMN 21 Desguinlei Zuidkant
668,Desguinlei 100,2023-07-05,16:00:00,140,31,109,FMN 21 Desguinlei Zuidkant
668,Desguinlei 100,2023-07-05,17:00:00,140,29,111,FMN 21 Desguinlei Zuidkant
668,Desguinlei 100,2023-07-05,18:00:00,102,20,82,FMN 21 Desguinlei Zuidkant
668,Desguinlei 100,2023-07-05,19:00:00,55,15,40,FMN 21 Desguinlei Zuidkant
668,Desguinlei 100,2023-07-05,20:00:00,51,22,29,FMN 21 Desguinlei Zuidkant
668,Desguinlei 100,2023-07-05,21:00:00,38,23,15,FMN 21 Desguinlei Zuidkant
668,Desguinlei 100,2023-07-05,22:00:00,21,8,13,FMN 21 Desguinlei Zuidkant
668,Desguinlei 100,2023-07-05,23:00:00,20,3,17,FMN 21 Desguinlei Zuidkant
668,Desguinlei 100,2023-07-06,00:00:00,18,0,18,FMN 21 Desguinlei Zuidkant
668,Desguinlei 100,2023-07-06,01:00:00,8,2,6,FMN 21 Desguinlei Zuidkant
668,Desguinlei 100,2023-07-06,02:00:00,5,2,3,FMN 21 Desguinlei Zuidkant
668,Desguinlei 100,2023-07-06,03:00:00,7,1,6,FMN 21 Desguinlei Zuidkant
668,Desguinlei 100,2023-07-06,04:00:00,5,0,5,FMN 21 Desguinlei Zuidkant
668,Desguinlei 100,2023-07-06,05:00:00,15,6,9,FMN 21 Desguinlei Zuidkant
668,Desguinlei 100,2023-07-06,06:00:00,36,9,27,FMN 21 Desguinlei Zuidkant
668,Desguinlei 100,2023-07-06,07:00:00,93,21,72,FMN 21 Desguinlei Zuidkant
668,Desguinlei 100,2023-07-06,08:00:00,160,68,92,FMN 21 Desguinlei Zuidkant
668,Desguinlei 100,2023-07-06,09:00:00,88,37,51,FMN 21 Desguinlei Zuidkant
668,Desguinlei 100,2023-07-06,10:00:00,55,16,39,FMN 21 Desguinlei Zuidkant
668,Desguinlei 100,2023-07-06,11:00:00,65,21,44,FMN 21 Desguinlei Zuidkant
668,Desguinlei 100,2023-07-06,12:00:00,56,11,45,FMN 21 Desguinlei Zuidkant
668,Desguinlei 100,2023-07-06,13:00:00,84,26,58,FMN 21 Desguinlei Zuidkant
668,Desguinlei 100,2023-07-06,14:00:00,70,16,54,FMN 21 Desguinlei Zuidkant
668,Desguinlei 100,2023-07-06,15:00:00,85,12,73,FMN 21 Desguinlei Zuidkant
668,Desguinlei 100,2023-07-06,16:00:00,195,46,149,FMN 21 Desguinlei Zuidkant
668,Desguinlei 100,2023-07-06,17:00:00,191,33,158,FMN 21 Desguinlei Zuidkant
668,Desguinlei 100,2023-07-06,18:00:00,127,26,101,FMN 21 Desguinlei Zuidkant
668,Desguinlei 100,2023-07-06,19:00:00,100,29,71,FMN 21 Desguinlei Zuidkant
668,Desguinlei 100,2023-07-06,20:00:00,71,23,48,FMN 21 Desguinlei Zuidkant
668,Desguinlei 100,2023-07-06,21:00:00,67,29,38,FMN 21 Desguinlei Zuidkant
668,Desguinlei 100,2023-07-06,22:00:00,52,13,39,FMN 21 Desguinlei Zuidkant
668,Desguinlei 100,2023-07-06,23:00:00,34,11,23,FMN 21 Desguinlei Zuidkant
668,Desguinlei 100,2023-07-07,00:00:00,14,2,12,FMN 21 Desguinlei Zuidkant
668,Desguinlei 100,2023-07-07,01:00:00,7,0,7,FMN 21 Desguinlei Zuidkant
668,Desguinlei 100,2023-07-07,02:00:00,7,1,6,FMN 21 Desguinlei Zuidkant
668,Desguinlei 100,2023-07-07,03:00:00,6,4,2,FMN 21 Desguinlei Zuidkant
668,Desguinlei 100,2023-07-07,04:00:00,11,3,8,FMN 21 Desguinlei Zuidkant
668,Desguinlei 100,2023-07-07,05:00:00,10,2,8,FMN 21 Desguinlei Zuidkant
668,Desguinlei 100,2023-07-07,06:00:00,30,10,20,FMN 21 Desguinlei Zuidkant
668,Desguinlei 100,2023-07-07,07:00:00,79,22,57,FMN 21 Desguinlei Zuidkant
668,Desguinlei 100,2023-07-07,08:00:00,162,77,85,FMN 21 Desguinlei Zuidkant
668,Desguinlei 100,2023-07-07,09:00:00,84,27,57,FMN 21 Desguinlei Zuidkant
668,Desguinlei 100,2023-07-07,10:00:00,63,21,42,FMN 21 Desguinlei Zuidkant
668,Desguinlei 100,2023-07-07,11:00:00,64,18,46,FMN 21 Desguinlei Zuidkant
668,Desguinlei 100,2023-07-07,12:00:00,100,33,67,FMN 21 Desguinlei Zuidkant
668,Desguinlei 100,2023-07-07,13:00:00,78,14,64,FMN 21 Desguinlei Zuidkant
668,Desguinlei 100,2023-07-07,14:00:00,64,15,49,FMN 21 Desguinlei Zuidkant
668,Desguinlei 100,2023-07-07,15:00:00,122,37,85,FMN 21 Desguinlei Zuidkant
668,Desguinlei 100,2023-07-07,16:00:00,165,36,129,FMN 21 Desguinlei Zuidkant
668,Desguinlei 100,2023-07-07,17:00:00,174,29,145,FMN 21 Desguinlei Zuidkant
668,Desguinlei 100,2023-07-07,18:00:00,112,21,91,FMN 21 Desguinlei Zuidkant
668,Desguinlei 100,2023-07-07,19:00:00,90,31,59,FMN 21 Desguinlei Zuidkant
668,Desguinlei 100,2023-07-07,20:00:00,66,18,48,FMN 21 Desguinlei Zuidkant
668,Desguinlei 100,2023-07-07,21:00:00,34,9,25,FMN 21 Desguinlei Zuidkant
668,Desguinlei 100,2023-07-07,22:00:00,49,11,38,FMN 21 Desguinlei Zuidkant
668,Desguinlei 100,2023-07-07,23:00:00,49,13,36,FMN 21 Desguinlei Zuidkant
668,Desguinlei 100,2023-07-08,00:00:00,45,5,40,FMN 21 Desguinlei Zuidkant
668,Desguinlei 100,2023-07-08,01:00:00,32,5,27,FMN 21 Desguinlei Zuidkant
668,Desguinlei 100,2023-07-08,02:00:00,22,1,21,FMN 21 Desguinlei Zuidkant
668,Desguinlei 100,2023-07-08,03:00:00,15,2,13,FMN 21 Desguinlei Zuidkant
668,Desguinlei 100,2023-07-08,04:00:00,12,0,12,FMN 21 Desguinlei Zuidkant
668,Desguinlei 100,2023-07-08,05:00:00,10,1,9,FMN 21 Desguinlei Zuidkant
668,Desguinlei 100,2023-07-08,06:00:00,14,2,12,FMN 21 Desguinlei Zuidkant
668,Desguinlei 100,2023-07-08,07:00:00,20,6,14,FMN 21 Desguinlei Zuidkant
668,Desguinlei 100,2023-07-08,08:00:00,36,11,25,FMN 21 Desguinlei Zuidkant
668,Desguinlei 100,2023-07-08,09:00:00,64,17,47,FMN 21 Desguinlei Zuidkant
668,Desguinlei 100,2023-07-08,10:00:00,71,22,49,FMN 21 Desguinlei Zuidkant
668,Desguinlei 100,2023-07-08,11:00:00,69,18,51,FMN 21 Desguinlei Zuidkant
668,Desguinlei 100,2023-07-08,12:00:00,95,22,73,FMN 21 Desguinlei Zuidkant
668,Desguinlei 100,2023-07-08,13:00:00,67,17,50,FMN 21 Desguinlei Zuidkant
668,Desguinlei 100,2023-07-08,14:00:00,55,11,44,FMN 21 Desguinlei Zuidkant
668,Desguinlei 100,2023-07-08,15:00:00,67,19,48,FMN 21 Desguinlei Zuidkant
668,Desguinlei 100,2023-07-08,16:00:00,48,8,40,FMN 21 Desguinlei Zuidkant
668,Desguinlei 100,2023-07-08,17:00:00,42,10,32,FMN 21 Desguinlei Zuidkant
668,Desguinlei 100,2023-07-08,18:00:00,51,12,39,FMN 21 Desguinlei Zuidkant
668,Desguinlei 100,2023-07-08,19:00:00,45,8,37,FMN 21 Desguinlei Zuidkant
668,Desguinlei 100,2023-07-08,20:00:00,49,12,37,FMN 21 Desguinlei Zuidkant
668,Desguinlei 100,2023-07-08,21:00:00,41,10,31,FMN 21 Desguinlei Zuidkant
668,Desguinlei 100,2023-07-08,22:00:00,38,5,33,FMN 21 Desguinlei Zuidkant
668,Desguinlei 100,2023-07-08,23:00:00,46,7,39,FMN 21 Desguinlei Zuidkant
668,Desguinlei 100,2023-07-09,00:00:00,30,12,18,FMN 21 Desguinlei Zuidkant
668,Desguinlei 100,2023-07-09,01:00:00,16,3,13,FMN 21 Desguinlei Zuidkant
668,Desguinlei 100,2023-07-09,02:00:00,11,1,10,FMN 21 Desguinlei Zuidkant
668,Desguinlei 100,2023-07-09,03:00:00,9,0,9,FMN 21 Desguinlei Zuidkant
668,Desguinlei 100,2023-07-09,04:00:00,11,0,11,FMN 21 Desguinlei Zuidkant
668,Desguinlei 100,2023-07-09,05:00:00,3,0,3,FMN 21 Desguinlei Zuidkant
668,Desguinlei 100,2023-07-09,06:00:00,9,1,8,FMN 21 Desguinlei Zuidkant
668,Desguinlei 100,2023-07-09,07:00:00,10,2,8,FMN 21 Desguinlei Zuidkant
668,Desguinlei 100,2023-07-09,08:00:00,29,2,27,FMN 21 Desguinlei Zuidkant
668,Desguinlei 100,2023-07-09,09:00:00,63,15,48,FMN 21 Desguinlei Zuidkant
668,Desguinlei 100,2023-07-09,10:00:00,70,16,54,FMN 21 Desguinlei Zuidkant
668,Desguinlei 100,2023-07-09,11:00:00,66,32,34,FMN 21 Desguinlei Zuidkant
668,Desguinlei 100,2023-07-09,12:00:00,57,25,32,FMN 21 Desguinlei Zuidkant
668,Desguinlei 100,2023-07-09,13:00:00,52,18,34,FMN 21 Desguinlei Zuidkant
668,Desguinlei 100,2023-07-09,14:00:00,31,8,23,FMN 21 Desguinlei Zuidkant
668,Desguinlei 100,2023-07-09,15:00:00,12,3,9,FMN 21 Desguinlei Zuidkant
668,Desguinlei 100,2023-07-09,16:00:00,29,6,23,FMN 21 Desguinlei Zuidkant
668,Desguinlei 100,2023-07-09,17:00:00,18,4,14,FMN 21 Desguinlei Zuidkant
668,Desguinlei 100,2023-07-09,18:00:00,31,7,24,FMN 21 Desguinlei Zuidkant
668,Desguinlei 100,2023-07-09,19:00:00,36,7,29,FMN 21 Desguinlei Zuidkant
668,Desguinlei 100,2023-07-09,20:00:00,32,13,19,FMN 21 Desguinlei Zuidkant
668,Desguinlei 100,2023-07-09,21:00:00,26,7,19,FMN 21 Desguinlei Zuidkant
668,Desguinlei 100,2023-07-09,22:00:00,22,2,20,FMN 21 Desguinlei Zuidkant
668,Desguinlei 100,2023-07-09,23:00:00,11,2,9,FMN 21 Desguinlei Zuidkant
668,Desguinlei 100,2023-07-10,00:00:00,7,2,5,FMN 21 Desguinlei Zuidkant
668,Desguinlei 100,2023-07-10,01:00:00,4,1,3,FMN 21 Desguinlei Zuidkant
668,Desguinlei 100,2023-07-10,02:00:00,3,0,3,FMN 21 Desguinlei Zuidkant
668,Desguinlei 100,2023-07-10,03:00:00,3,0,3,FMN 21 Desguinlei Zuidkant
668,Desguinlei 100,2023-07-10,04:00:00,14,1,13,FMN 21 Desguinlei Zuidkant
668,Desguinlei 100,2023-07-10,05:00:00,13,3,10,FMN 21 Desguinlei Zuidkant
668,Desguinlei 100,2023-07-10,06:00:00,35,7,28,FMN 21 Desguinlei Zuidkant
668,Desguinlei 100,2023-07-10,07:00:00,103,33,70,FMN 21 Desguinlei Zuidkant
668,Desguinlei 100,2023-07-10,08:00:00,142,63,79,FMN 21 Desguinlei Zuidkant
668,Desguinlei 100,2023-07-10,09:00:00,82,33,49,FMN 21 Desguinlei Zuidkant
668,Desguinlei 100,2023-07-10,10:00:00,53,8,45,FMN 21 Desguinlei Zuidkant
668,Desguinlei 100,2023-07-10,11:00:00,60,19,41,FMN 21 Desguinlei Zuidkant
668,Desguinlei 100,2023-07-10,12:00:00,82,17,65,FMN 21 Desguinlei Zuidkant
668,Desguinlei 100,2023-07-10,13:00:00,64,17,47,FMN 21 Desguinlei Zuidkant
668,Desguinlei 100,2023-07-10,14:00:00,64,24,40,FMN 21 Desguinlei Zuidkant
668,Desguinlei 100,2023-07-10,15:00:00,77,12,65,FMN 21 Desguinlei Zuidkant
668,Desguinlei 100,2023-07-10,16:00:00,165,41,124,FMN 21 Desguinlei Zuidkant
668,Desguinlei 100,2023-07-10,17:00:00,167,36,131,FMN 21 Desguinlei Zuidkant
668,Desguinlei 100,2023-07-10,18:00:00,114,25,89,FMN 21 Desguinlei Zuidkant
668,Desguinlei 100,2023-07-10,19:00:00,87,31,56,FMN 21 Desguinlei Zuidkant
668,Desguinlei 100,2023-07-10,20:00:00,71,19,52,FMN 21 Desguinlei Zuidkant
668,Desguinlei 100,2023-07-10,21:00:00,44,15,29,FMN 21 Desguinlei Zuidkant
668,Desguinlei 100,2023-07-10,22:00:00,45,10,35,FMN 21 Desguinlei Zuidkant
668,Desguinlei 100,2023-07-10,23:00:00,32,11,21,FMN 21 Desguinlei Zuidkant
668,Desguinlei 100,2023-07-11,00:00:00,16,1,15,FMN 21 Desguinlei Zuidkant
668,Desguinlei 100,2023-07-11,01:00:00,6,1,5,FMN 21 Desguinlei Zuidkant
668,Desguinlei 100,2023-07-11,02:00:00,6,0,6,FMN 21 Desguinlei Zuidkant
668,Desguinlei 100,2023-07-11,03:00:00,2,0,2,FMN 21 Desguinlei Zuidkant
668,Desguinlei 100,2023-07-11,04:00:00,13,1,12,FMN 21 Desguinlei Zuidkant
668,Desguinlei 100,2023-07-11,05:00:00,15,5,10,FMN 21 Desguinlei Zuidkant
668,Desguinlei 100,2023-07-11,06:00:00,29,4,25,FMN 21 Desguinlei Zuidkant
668,Desguinlei 100,2023-07-11,07:00:00,79,18,61,FMN 21 Desguinlei Zuidkant
668,Desguinlei 100,2023-07-11,08:00:00,179,70,109,FMN 21 Desguinlei Zuidkant
668,Desguinlei 100,2023-07-11,09:00:00,77,23,54,FMN 21 Desguinlei Zuidkant
668,Desguinlei 100,2023-07-11,10:00:00,60,18,42,FMN 21 Desguinlei Zuidkant
668,Desguinlei 100,2023-07-11,11:00:00,56,17,39,FMN 21 Desguinlei Zuidkant
668,Desguinlei 100,2023-07-11,12:00:00,73,22,51,FMN 21 Desguinlei Zuidkant
668,Desguinlei 100,2023-07-11,13:00:00,67,18,49,FMN 21 Desguinlei Zuidkant
668,Desguinlei 100,2023-07-11,14:00:00,73,24,49,FMN 21 Desguinlei Zuidkant
668,Desguinlei 100,2023-07-11,15:00:00,110,13,97,FMN 21 Desguinlei Zuidkant
668,Desguinlei 100,2023-07-11,16:00:00,172,44,128,FMN 21 Desguinlei Zuidkant
668,Desguinlei 100,2023-07-11,17:00:00,154,40,114,FMN 21 Desguinlei Zuidkant
668,Desguinlei 100,2023-07-11,18:00:00,114,24,90,FMN 21 Desguinlei Zuidkant
668,Desguinlei 100,2023-07-11,19:00:00,86,30,56,FMN 21 Desguinlei Zuidkant
668,Desguinlei 100,2023-07-11,20:00:00,55,22,33,FMN 21 Desguinlei Zuidkant
668,Desguinlei 100,2023-07-11,21:00:00,57,14,43,FMN 21 Desguinlei Zuidkant
668,Desguinlei 100,2023-07-11,22:00:00,48,10,38,FMN 21 Desguinlei Zuidkant
668,Desguinlei 100,2023-07-11,23:00:00,41,5,36,FMN 21 Desguinlei Zuidkant
668,Desguinlei 100,2023-07-12,00:00:00,13,4,9,FMN 21 Desguinlei Zuidkant
668,Desguinlei 100,2023-07-12,01:00:00,7,3,4,FMN 21 Desguinlei Zuidkant
668,Desguinlei 100,2023-07-12,02:00:00,3,1,2,FMN 21 Desguinlei Zuidkant
668,Desguinlei 100,2023-07-12,03:00:00,2,0,2,FMN 21 Desguinlei Zuidkant
668,Desguinlei 100,2023-07-12,04:00:00,13,2,11,FMN 21 Desguinlei Zuidkant
668,Desguinlei 100,2023-07-12,05:00:00,16,2,14,FMN 21 Desguinlei Zuidkant
668,Desguinlei 100,2023-07-12,06:00:00,38,10,28,FMN 21 Desguinlei Zuidkant
668,Desguinlei 100,2023-07-12,07:00:00,87,29,58,FMN 21 Desguinlei Zuidkant
668,Desguinlei 100,2023-07-12,08:00:00,148,56,92,FMN 21 Desguinlei Zuidkant
668,Desguinlei 100,2023-07-12,09:00:00,85,33,52,FMN 21 Desguinlei Zuidkant
668,Desguinlei 100,2023-07-12,10:00:00,57,15,42,FMN 21 Desguinlei Zuidkant
668,Desguinlei 100,2023-07-12,11:00:00,55,12,43,FMN 21 Desguinlei Zuidkant
668,Desguinlei 100,2023-07-12,12:00:00,67,22,45,FMN 21 Desguinlei Zuidkant
668,Desguinlei 100,2023-07-12,13:00:00,56,13,43,FMN 21 Desguinlei Zuidkant
668,Desguinlei 100,2023-07-12,14:00:00,79,30,49,FMN 21 Desguinlei Zuidkant
668,Desguinlei 100,2023-07-12,15:00:00,0,0,0,FMN 21 Desguinlei Zuidkant
668,Desguinlei 100,2023-07-12,16:00:00,0,0,0,FMN 21 Desguinlei Zuidkant
668,Desguinlei 100,2023-07-12,17:00:00,0,0,0,FMN 21 Desguinlei Zuidkant
668,Desguinlei 100,2023-07-12,18:00:00,0,0,0,FMN 21 Desguinlei Zuidkant
668,Desguinlei 100,2023-07-12,19:00:00,0,0,0,FMN 21 Desguinlei Zuidkant
668,Desguinlei 100,2023-07-12,20:00:00,0,0,0,FMN 21 Desguinlei Zuidkant
668,Desguinlei 100,2023-07-12,21:00:00,0,0,0,FMN 21 Desguinlei Zuidkant
668,Desguinlei 100,2023-07-12,22:00:00,0,0,0,FMN 21 Desguinlei Zuidkant
668,Desguinlei 100,2023-07-12,23:00:00,0,0,0,FMN 21 Desguinlei Zuidkant
668,Desguinlei 100,2023-07-18,00:00:00,0,0,0,FMN 21 Desguinlei Zuidkant
668,Desguinlei 100,2023-07-18,01:00:00,0,0,0,FMN 21 Desguinlei Zuidkant
668,Desguinlei 100,2023-07-18,02:00:00,0,0,0,FMN 21 Desguinlei Zuidkant
668,Desguinlei 100,2023-07-18,03:00:00,0,0,0,FMN 21 Desguinlei Zuidkant
668,Desguinlei 100,2023-07-18,04:00:00,0,0,0,FMN 21 Desguinlei Zuidkant
668,Desguinlei 100,2023-07-18,05:00:00,0,0,0,FMN 21 Desguinlei Zuidkant
668,Desguinlei 100,2023-07-18,06:00:00,0,0,0,FMN 21 Desguinlei Zuidkant
668,Desguinlei 100,2023-07-18,07:00:00,0,0,0,FMN 21 Desguinlei Zuidkant
668,Desguinlei 100,2023-07-18,08:00:00,0,0,0,FMN 21 Desguinlei Zuidkant
668,Desguinlei 100,2023-07-18,09:00:00,0,0,0,FMN 21 Desguinlei Zuidkant
668,Desguinlei 100,2023-07-18,10:00:00,0,0,0,FMN 21 Desguinlei Zuidkant
668,Desguinlei 100,2023-07-18,11:00:00,0,0,0,FMN 21 Desguinlei Zuidkant
668,Desguinlei 100,2023-07-18,12:00:00,0,0,0,FMN 21 Desguinlei Zuidkant
668,Desguinlei 100,2023-07-18,13:00:00,0,0,0,FMN 21 Desguinlei Zuidkant
668,Desguinlei 100,2023-07-18,14:00:00,0,0,0,FMN 21 Desguinlei Zuidkant
668,Desguinlei 100,2023-07-18,15:00:00,0,0,0,FMN 21 Desguinlei Zuidkant
668,Desguinlei 100,2023-07-18,16:00:00,0,0,0,FMN 21 Desguinlei Zuidkant
668,Desguinlei 100,2023-07-18,17:00:00,0,0,0,FMN 21 Desguinlei Zuidkant
668,Desguinlei 100,2023-07-18,18:00:00,35,9,26,FMN 21 Desguinlei Zuidkant
668,Desguinlei 100,2023-07-18,19:00:00,77,23,54,FMN 21 Desguinlei Zuidkant
668,Desguinlei 100,2023-07-18,20:00:00,66,15,51,FMN 21 Desguinlei Zuidkant
668,Desguinlei 100,2023-07-18,21:00:00,62,20,42,FMN 21 Desguinlei Zuidkant
668,Desguinlei 100,2023-07-18,22:00:00,66,26,40,FMN 21 Desguinlei Zuidkant
668,Desguinlei 100,2023-07-18,23:00:00,30,9,21,FMN 21 Desguinlei Zuidkant
668,Desguinlei 100,2023-07-19,00:00:00,20,6,14,FMN 21 Desguinlei Zuidkant
668,Desguinlei 100,2023-07-19,01:00:00,4,2,2,FMN 21 Desguinlei Zuidkant
668,Desguinlei 100,2023-07-19,02:00:00,4,0,4,FMN 21 Desguinlei Zuidkant
668,Desguinlei 100,2023-07-19,03:00:00,0,0,0,FMN 21 Desguinlei Zuidkant
668,Desguinlei 100,2023-07-19,04:00:00,13,1,12,FMN 21 Desguinlei Zuidkant
668,Desguinlei 100,2023-07-19,05:00:00,13,4,9,FMN 21 Desguinlei Zuidkant
668,Desguinlei 100,2023-07-19,06:00:00,29,9,20,FMN 21 Desguinlei Zuidkant
668,Desguinlei 100,2023-07-19,07:00:00,66,23,43,FMN 21 Desguinlei Zuidkant
668,Desguinlei 100,2023-07-19,08:00:00,116,35,81,FMN 21 Desguinlei Zuidkant
668,Desguinlei 100,2023-07-19,09:00:00,76,22,54,FMN 21 Desguinlei Zuidkant
668,Desguinlei 100,2023-07-19,10:00:00,43,15,28,FMN 21 Desguinlei Zuidkant
668,Desguinlei 100,2023-07-19,11:00:00,49,12,37,FMN 21 Desguinlei Zuidkant
668,Desguinlei 100,2023-07-19,12:00:00,62,18,44,FMN 21 Desguinlei Zuidkant
668,Desguinlei 100,2023-07-19,13:00:00,51,12,39,FMN 21 Desguinlei Zuidkant
668,Desguinlei 100,2023-07-19,14:00:00,64,17,47,FMN 21 Desguinlei Zuidkant
668,Desguinlei 100,2023-07-19,15:00:00,84,17,67,FMN 21 Desguinlei Zuidkant
668,Desguinlei 100,2023-07-19,16:00:00,114,21,93,FMN 21 Desguinlei Zuidkant
668,Desguinlei 100,2023-07-19,17:00:00,133,19,114,FMN 21 Desguinlei Zuidkant
668,Desguinlei 100,2023-07-19,18:00:00,85,27,58,FMN 21 Desguinlei Zuidkant
668,Desguinlei 100,2023-07-19,19:00:00,74,10,64,FMN 21 Desguinlei Zuidkant
668,Desguinlei 100,2023-07-19,20:00:00,77,27,50,FMN 21 Desguinlei Zuidkant
668,Desguinlei 100,2023-07-19,21:00:00,53,15,38,FMN 21 Desguinlei Zuidkant
668,Desguinlei 100,2023-07-19,22:00:00,43,15,28,FMN 21 Desguinlei Zuidkant
668,Desguinlei 100,2023-07-19,23:00:00,22,2,20,FMN 21 Desguinlei Zuidkant
668,Desguinlei 100,2023-07-20,00:00:00,12,2,10,FMN 21 Desguinlei Zuidkant
668,Desguinlei 100,2023-07-20,01:00:00,5,2,3,FMN 21 Desguinlei Zuidkant
668,Desguinlei 100,2023-07-20,02:00:00,1,0,1,FMN 21 Desguinlei Zuidkant
668,Desguinlei 100,2023-07-20,03:00:00,1,0,1,FMN 21 Desguinlei Zuidkant
668,Desguinlei 100,2023-07-20,04:00:00,11,1,10,FMN 21 Desguinlei Zuidkant
668,Desguinlei 100,2023-07-20,05:00:00,13,4,9,FMN 21 Desguinlei Zuidkant
668,Desguinlei 100,2023-07-20,06:00:00,24,9,15,FMN 21 Desguinlei Zuidkant
668,Desguinlei 100,2023-07-20,07:00:00,68,21,47,FMN 21 Desguinlei Zuidkant
668,Desguinlei 100,2023-07-20,08:00:00,100,31,69,FMN 21 Desguinlei Zuidkant
668,Desguinlei 100,2023-07-20,09:00:00,80,21,59,FMN 21 Desguinlei Zuidkant
668,Desguinlei 100,2023-07-20,10:00:00,38,10,28,FMN 21 Desguinlei Zuidkant
668,Desguinlei 100,2023-07-20,11:00:00,49,12,37,FMN 21 Desguinlei Zuidkant
668,Desguinlei 100,2023-07-20,12:00:00,48,9,39,FMN 21 Desguinlei Zuidkant
668,Desguinlei 100,2023-07-20,13:00:00,60,11,49,FMN 21 Desguinlei Zuidkant
668,Desguinlei 100,2023-07-20,14:00:00,72,15,57,FMN 21 Desguinlei Zuidkant
668,Desguinlei 100,2023-07-20,15:00:00,81,15,66,FMN 21 Desguinlei Zuidkant
668,Desguinlei 100,2023-07-20,16:00:00,101,16,85,FMN 21 Desguinlei Zuidkant
668,Desguinlei 100,2023-07-20,17:00:00,123,17,106,FMN 21 Desguinlei Zuidkant
668,Desguinlei 100,2023-07-20,18:00:00,97,22,75,FMN 21 Desguinlei Zuidkant
668,Desguinlei 100,2023-07-20,19:00:00,78,23,55,FMN 21 Desguinlei Zuidkant
668,Desguinlei 100,2023-07-20,20:00:00,57,15,42,FMN 21 Desguinlei Zuidkant
668,Desguinlei 100,2023-07-20,21:00:00,30,11,19,FMN 21 Desguinlei Zuidkant
668,Desguinlei 100,2023-07-20,22:00:00,44,16,28,FMN 21 Desguinlei Zuidkant
668,Desguinlei 100,2023-07-20,23:00:00,25,6,19,FMN 21 Desguinlei Zuidkant
668,Desguinlei 100,2023-07-21,00:00:00,17,1,16,FMN 21 Desguinlei Zuidkant
668,Desguinlei 100,2023-07-21,01:00:00,10,1,9,FMN 21 Desguinlei Zuidkant
668,Desguinlei 100,2023-07-21,02:00:00,12,1,11,FMN 21 Desguinlei Zuidkant
668,Desguinlei 100,2023-07-21,03:00:00,0,0,0,FMN 21 Desguinlei Zuidkant
668,Desguinlei 100,2023-07-21,04:00:00,4,1,3,FMN 21 Desguinlei Zuidkant
668,Desguinlei 100,2023-07-21,05:00:00,12,5,7,FMN 21 Desguinlei Zuidkant
668,Desguinlei 100,2023-07-21,06:00:00,10,0,10,FMN 21 Desguinlei Zuidkant
668,Desguinlei 100,2023-07-21,07:00:00,17,6,11,FMN 21 Desguinlei Zuidkant
668,Desguinlei 100,2023-07-21,08:00:00,23,1,22,FMN 21 Desguinlei Zuidkant
668,Desguinlei 100,2023-07-21,09:00:00,34,4,30,FMN 21 Desguinlei Zuidkant
668,Desguinlei 100,2023-07-21,10:00:00,45,10,35,FMN 21 Desguinlei Zuidkant
668,Desguinlei 100,2023-07-21,11:00:00,46,10,36,FMN 21 Desguinlei Zuidkant
668,Desguinlei 100,2023-07-21,12:00:00,33,11,22,FMN 21 Desguinlei Zuidkant
668,Desguinlei 100,2023-07-21,13:00:00,37,15,22,FMN 21 Desguinlei Zuidkant
668,Desguinlei 100,2023-07-21,14:00:00,40,4,36,FMN 21 Desguinlei Zuidkant
668,Desguinlei 100,2023-07-21,15:00:00,42,5,37,FMN 21 Desguinlei Zuidkant
668,Desguinlei 100,2023-07-21,16:00:00,59,12,47,FMN 21 Desguinlei Zuidkant
668,Desguinlei 100,2023-07-21,17:00:00,43,7,36,FMN 21 Desguinlei Zuidkant
668,Desguinlei 100,2023-07-21,18:00:00,49,15,34,FMN 21 Desguinlei Zuidkant
668,Desguinlei 100,2023-07-21,19:00:00,49,11,38,FMN 21 Desguinlei Zuidkant
668,Desguinlei 100,2023-07-21,20:00:00,54,9,45,FMN 21 Desguinlei Zuidkant
668,Desguinlei 100,2023-07-21,21:00:00,42,6,36,FMN 21 Desguinlei Zuidkant
668,Desguinlei 100,2023-07-21,22:00:00,32,6,26,FMN 21 Desguinlei Zuidkant
668,Desguinlei 100,2023-07-21,23:00:00,27,3,24,FMN 21 Desguinlei Zuidkant
668,Desguinlei 100,2023-07-22,00:00:00,19,0,19,FMN 21 Desguinlei Zuidkant
668,Desguinlei 100,2023-07-22,01:00:00,11,3,8,FMN 21 Desguinlei Zuidkant
668,Desguinlei 100,2023-07-22,02:00:00,6,3,3,FMN 21 Desguinlei Zuidkant
668,Desguinlei 100,2023-07-22,03:00:00,7,0,7,FMN 21 Desguinlei Zuidkant
668,Desguinlei 100,2023-07-22,04:00:00,11,2,9,FMN 21 Desguinlei Zuidkant
668,Desguinlei 100,2023-07-22,05:00:00,9,1,8,FMN 21 Desguinlei Zuidkant
668,Desguinlei 100,2023-07-22,06:00:00,10,1,9,FMN 21 Desguinlei Zuidkant
668,Desguinlei 100,2023-07-22,07:00:00,13,4,9,FMN 21 Desguinlei Zuidkant
668,Desguinlei 100,2023-07-22,08:00:00,32,11,21,FMN 21 Desguinlei Zuidkant
668,Desguinlei 100,2023-07-22,09:00:00,45,8,37,FMN 21 Desguinlei Zuidkant
668,Desguinlei 100,2023-07-22,10:00:00,44,10,34,FMN 21 Desguinlei Zuidkant
668,Desguinlei 100,2023-07-22,11:00:00,48,20,28,FMN 21 Desguinlei Zuidkant
668,Desguinlei 100,2023-07-22,12:00:00,47,13,34,FMN 21 Desguinlei Zuidkant
668,Desguinlei 100,2023-07-22,13:00:00,48,13,35,FMN 21 Desguinlei Zuidkant
668,Desguinlei 100,2023-07-22,14:00:00,47,8,39,FMN 21 Desguinlei Zuidkant
668,Desguinlei 100,2023-07-22,15:00:00,65,15,50,FMN 21 Desguinlei Zuidkant
668,Desguinlei 100,2023-07-22,16:00:00,65,11,54,FMN 21 Desguinlei Zuidkant
668,Desguinlei 100,2023-07-22,17:00:00,58,6,52,FMN 21 Desguinlei Zuidkant
668,Desguinlei 100,2023-07-22,18:00:00,35,12,23,FMN 21 Desguinlei Zuidkant
668,Desguinlei 100,2023-07-22,19:00:00,48,13,35,FMN 21 Desguinlei Zuidkant
668,Desguinlei 100,2023-07-22,20:00:00,22,2,20,FMN 21 Desguinlei Zuidkant
668,Desguinlei 100,2023-07-22,21:00:00,21,5,16,FMN 21 Desguinlei Zuidkant
668,Desguinlei 100,2023-07-22,22:00:00,21,6,15,FMN 21 Desguinlei Zuidkant
668,Desguinlei 100,2023-07-22,23:00:00,16,2,14,FMN 21 Desguinlei Zuidkant
668,Desguinlei 100,2023-07-23,00:00:00,19,4,15,FMN 21 Desguinlei Zuidkant
668,Desguinlei 100,2023-07-23,01:00:00,14,3,11,FMN 21 Desguinlei Zuidkant
668,Desguinlei 100,2023-07-23,02:00:00,7,2,5,FMN 21 Desguinlei Zuidkant
668,Desguinlei 100,2023-07-23,03:00:00,8,2,6,FMN 21 Desguinlei Zuidkant
668,Desguinlei 100,2023-07-23,04:00:00,2,0,2,FMN 21 Desguinlei Zuidkant
668,Desguinlei 100,2023-07-23,05:00:00,8,0,8,FMN 21 Desguinlei Zuidkant
668,Desguinlei 100,2023-07-23,06:00:00,9,2,7,FMN 21 Desguinlei Zuidkant
668,Desguinlei 100,2023-07-23,07:00:00,7,0,7,FMN 21 Desguinlei Zuidkant
668,Desguinlei 100,2023-07-23,08:00:00,11,0,11,FMN 21 Desguinlei Zuidkant
668,Desguinlei 100,2023-07-23,09:00:00,16,2,14,FMN 21 Desguinlei Zuidkant
668,Desguinlei 100,2023-07-23,10:00:00,23,3,20,FMN 21 Desguinlei Zuidkant
668,Desguinlei 100,2023-07-23,11:00:00,27,4,23,FMN 21 Desguinlei Zuidkant
668,Desguinlei 100,2023-07-23,12:00:00,31,12,19,FMN 21 Desguinlei Zuidkant
668,Desguinlei 100,2023-07-23,13:00:00,27,8,19,FMN 21 Desguinlei Zuidkant
668,Desguinlei 100,2023-07-23,14:00:00,40,7,33,FMN 21 Desguinlei Zuidkant
668,Desguinlei 100,2023-07-23,15:00:00,30,8,22,FMN 21 Desguinlei Zuidkant
668,Desguinlei 100,2023-07-23,16:00:00,26,3,23,FMN 21 Desguinlei Zuidkant
668,Desguinlei 100,2023-07-23,17:00:00,35,5,30,FMN 21 Desguinlei Zuidkant
668,Desguinlei 100,2023-07-23,18:00:00,30,5,25,FMN 21 Desguinlei Zuidkant
668,Desguinlei 100,2023-07-23,19:00:00,20,4,16,FMN 21 Desguinlei Zuidkant
668,Desguinlei 100,2023-07-23,20:00:00,16,5,11,FMN 21 Desguinlei Zuidkant
668,Desguinlei 100,2023-07-23,21:00:00,17,2,15,FMN 21 Desguinlei Zuidkant
668,Desguinlei 100,2023-07-23,22:00:00,14,3,11,FMN 21 Desguinlei Zuidkant
668,Desguinlei 100,2023-07-23,23:00:00,16,4,12,FMN 21 Desguinlei Zuidkant
668,Desguinlei 100,2023-07-24,00:00:00,0,0,0,FMN 21 Desguinlei Zuidkant
668,Desguinlei 100,2023-07-24,01:00:00,2,0,2,FMN 21 Desguinlei Zuidkant
668,Desguinlei 100,2023-07-24,02:00:00,3,0,3,FMN 21 Desguinlei Zuidkant
668,Desguinlei 100,2023-07-24,03:00:00,0,0,0,FMN 21 Desguinlei Zuidkant
668,Desguinlei 100,2023-07-24,04:00:00,12,1,11,FMN 21 Desguinlei Zuidkant
668,Desguinlei 100,2023-07-24,05:00:00,8,1,7,FMN 21 Desguinlei Zuidkant
668,Desguinlei 100,2023-07-24,06:00:00,25,8,17,FMN 21 Desguinlei Zuidkant
668,Desguinlei 100,2023-07-24,07:00:00,68,15,53,FMN 21 Desguinlei Zuidkant
668,Desguinlei 100,2023-07-24,08:00:00,88,31,57,FMN 21 Desguinlei Zuidkant
668,Desguinlei 100,2023-07-24,09:00:00,48,14,34,FMN 21 Desguinlei Zuidkant
668,Desguinlei 100,2023-07-24,10:00:00,34,13,21,FMN 21 Desguinlei Zuidkant
668,Desguinlei 100,2023-07-24,11:00:00,49,16,33,FMN 21 Desguinlei Zuidkant
668,Desguinlei 100,2023-07-24,12:00:00,49,7,42,FMN 21 Desguinlei Zuidkant
668,Desguinlei 100,2023-07-24,13:00:00,51,10,41,FMN 21 Desguinlei Zuidkant
668,Desguinlei 100,2023-07-24,14:00:00,44,17,27,FMN 21 Desguinlei Zuidkant
668,Desguinlei 100,2023-07-24,15:00:00,45,8,37,FMN 21 Desguinlei Zuidkant
668,Desguinlei 100,2023-07-24,16:00:00,76,14,62,FMN 21 Desguinlei Zuidkant
668,Desguinlei 100,2023-07-24,17:00:00,87,14,73,FMN 21 Desguinlei Zuidkant
668,Desguinlei 100,2023-07-24,18:00:00,85,19,66,FMN 21 Desguinlei Zuidkant
668,Desguinlei 100,2023-07-24,19:00:00,51,14,37,FMN 21 Desguinlei Zuidkant
668,Desguinlei 100,2023-07-24,20:00:00,40,13,27,FMN 21 Desguinlei Zuidkant
668,Desguinlei 100,2023-07-24,21:00:00,41,22,19,FMN 21 Desguinlei Zuidkant
668,Desguinlei 100,2023-07-24,22:00:00,43,13,30,FMN 21 Desguinlei Zuidkant
668,Desguinlei 100,2023-07-24,23:00:00,24,5,19,FMN 21 Desguinlei Zuidkant
668,Desguinlei 100,2023-07-25,00:00:00,13,2,11,FMN 21 Desguinlei Zuidkant
668,Desguinlei 100,2023-07-25,01:00:00,2,1,1,FMN 21 Desguinlei Zuidkant
668,Desguinlei 100,2023-07-25,02:00:00,2,0,2,FMN 21 Desguinlei Zuidkant
668,Desguinlei 100,2023-07-25,03:00:00,6,1,5,FMN 21 Desguinlei Zuidkant
668,Desguinlei 100,2023-07-25,04:00:00,18,4,14,FMN 21 Desguinlei Zuidkant
668,Desguinlei 100,2023-07-25,05:00:00,13,0,13,FMN 21 Desguinlei Zuidkant
668,Desguinlei 100,2023-07-25,06:00:00,25,6,19,FMN 21 Desguinlei Zuidkant
668,Desguinlei 100,2023-07-25,07:00:00,67,23,44,FMN 21 Desguinlei Zuidkant
668,Desguinlei 100,2023-07-25,08:00:00,78,24,54,FMN 21 Desguinlei Zuidkant
668,Desguinlei 100,2023-07-25,09:00:00,74,28,46,FMN 21 Desguinlei Zuidkant
668,Desguinlei 100,2023-07-25,10:00:00,33,5,28,FMN 21 Desguinlei Zuidkant
668,Desguinlei 100,2023-07-25,11:00:00,55,13,42,FMN 21 Desguinlei Zuidkant
668,Desguinlei 100,2023-07-25,12:00:00,70,22,48,FMN 21 Desguinlei Zuidkant
668,Desguinlei 100,2023-07-25,13:00:00,57,17,40,FMN 21 Desguinlei Zuidkant
668,Desguinlei 100,2023-07-25,14:00:00,57,14,43,FMN 21 Desguinlei Zuidkant
668,Desguinlei 100,2023-07-25,15:00:00,86,21,65,FMN 21 Desguinlei Zuidkant
668,Desguinlei 100,2023-07-25,16:00:00,101,13,88,FMN 21 Desguinlei Zuidkant
668,Desguinlei 100,2023-07-25,17:00:00,129,17,112,FMN 21 Desguinlei Zuidkant
668,Desguinlei 100,2023-07-25,18:00:00,126,27,99,FMN 21 Desguinlei Zuidkant
668,Desguinlei 100,2023-07-25,19:00:00,88,32,56,FMN 21 Desguinlei Zuidkant
668,Desguinlei 100,2023-07-25,20:00:00,64,19,45,FMN 21 Desguinlei Zuidkant
668,Desguinlei 100,2023-07-25,21:00:00,41,16,25,FMN 21 Desguinlei Zuidkant
668,Desguinlei 100,2023-07-25,22:00:00,40,13,27,FMN 21 Desguinlei Zuidkant
668,Desguinlei 100,2023-07-25,23:00:00,21,4,17,FMN 21 Desguinlei Zuidkant
668,Desguinlei 100,2023-07-26,00:00:00,16,8,8,FMN 21 Desguinlei Zuidkant
668,Desguinlei 100,2023-07-26,01:00:00,12,2,10,FMN 21 Desguinlei Zuidkant
668,Desguinlei 100,2023-07-26,02:00:00,1,0,1,FMN 21 Desguinlei Zuidkant
668,Desguinlei 100,2023-07-26,03:00:00,3,1,2,FMN 21 Desguinlei Zuidkant
668,Desguinlei 100,2023-07-26,04:00:00,12,2,10,FMN 21 Desguinlei Zuidkant
668,Desguinlei 100,2023-07-26,05:00:00,10,5,5,FMN 21 Desguinlei Zuidkant
668,Desguinlei 100,2023-07-26,06:00:00,27,7,20,FMN 21 Desguinlei Zuidkant
668,Desguinlei 100,2023-07-26,07:00:00,83,25,58,FMN 21 Desguinlei Zuidkant
668,Desguinlei 100,2023-07-26,08:00:00,90,25,65,FMN 21 Desguinlei Zuidkant
668,Desguinlei 100,2023-07-26,09:00:00,57,11,46,FMN 21 Desguinlei Zuidkant
668,Desguinlei 100,2023-07-26,10:00:00,57,15,42,FMN 21 Desguinlei Zuidkant
668,Desguinlei 100,2023-07-26,11:00:00,47,13,34,FMN 21 Desguinlei Zuidkant
668,Desguinlei 100,2023-07-26,12:00:00,57,11,46,FMN 21 Desguinlei Zuidkant
668,Desguinlei 100,2023-07-26,13:00:00,73,8,65,FMN 21 Desguinlei Zuidkant
668,Desguinlei 100,2023-07-26,14:00:00,44,13,31,FMN 21 Desguinlei Zuidkant
668,Desguinlei 100,2023-07-26,15:00:00,75,12,63,FMN 21 Desguinlei Zuidkant
668,Desguinlei 100,2023-07-26,16:00:00,112,17,95,FMN 21 Desguinlei Zuidkant
668,Desguinlei 100,2023-07-26,17:00:00,138,24,114,FMN 21 Desguinlei Zuidkant
668,Desguinlei 100,2023-07-26,18:00:00,126,29,97,FMN 21 Desguinlei Zuidkant
668,Desguinlei 100,2023-07-26,19:00:00,85,19,66,FMN 21 Desguinlei Zuidkant
668,Desguinlei 100,2023-07-26,20:00:00,64,29,35,FMN 21 Desguinlei Zuidkant
668,Desguinlei 100,2023-07-26,21:00:00,61,22,39,FMN 21 Desguinlei Zuidkant
668,Desguinlei 100,2023-07-26,22:00:00,58,18,40,FMN 21 Desguinlei Zuidkant
668,Desguinlei 100,2023-07-26,23:00:00,27,5,22,FMN 21 Desguinlei Zuidkant
668,Desguinlei 100,2023-07-27,00:00:00,11,1,10,FMN 21 Desguinlei Zuidkant
668,Desguinlei 100,2023-07-27,01:00:00,3,0,3,FMN 21 Desguinlei Zuidkant
668,Desguinlei 100,2023-07-27,02:00:00,2,2,0,FMN 21 Desguinlei Zuidkant
668,Desguinlei 100,2023-07-27,03:00:00,1,1,0,FMN 21 Desguinlei Zuidkant
668,Desguinlei 100,2023-07-27,04:00:00,15,2,13,FMN 21 Desguinlei Zuidkant
668,Desguinlei 100,2023-07-27,05:00:00,9,2,7,FMN 21 Desguinlei Zuidkant
668,Desguinlei 100,2023-07-27,06:00:00,17,4,13,FMN 21 Desguinlei Zuidkant
668,Desguinlei 100,2023-07-27,07:00:00,52,13,39,FMN 21 Desguinlei Zuidkant
668,Desguinlei 100,2023-07-27,08:00:00,67,16,51,FMN 21 Desguinlei Zuidkant
668,Desguinlei 100,2023-07-27,09:00:00,33,5,28,FMN 21 Desguinlei Zuidkant
668,Desguinlei 100,2023-07-27,10:00:00,20,5,15,FMN 21 Desguinlei Zuidkant
668,Desguinlei 100,2023-07-27,11:00:00,51,13,38,FMN 21 Desguinlei Zuidkant
668,Desguinlei 100,2023-07-27,12:00:00,36,11,25,FMN 21 Desguinlei Zuidkant
668,Desguinlei 100,2023-07-27,13:00:00,32,5,27,FMN 21 Desguinlei Zuidkant
668,Desguinlei 100,2023-07-27,14:00:00,43,11,32,FMN 21 Desguinlei Zuidkant
668,Desguinlei 100,2023-07-27,15:00:00,39,6,33,FMN 21 Desguinlei Zuidkant
668,Desguinlei 100,2023-07-27,16:00:00,76,13,63,FMN 21 Desguinlei Zuidkant
668,Desguinlei 100,2023-07-27,17:00:00,83,14,69,FMN 21 Desguinlei Zuidkant
668,Desguinlei 100,2023-07-27,18:00:00,56,10,46,FMN 21 Desguinlei Zuidkant
668,Desguinlei 100,2023-07-27,19:00:00,47,11,36,FMN 21 Desguinlei Zuidkant
668,Desguinlei 100,2023-07-27,20:00:00,35,15,20,FMN 21 Desguinlei Zuidkant
668,Desguinlei 100,2023-07-27,21:00:00,20,5,15,FMN 21 Desguinlei Zuidkant
668,Desguinlei 100,2023-07-27,22:00:00,34,13,21,FMN 21 Desguinlei Zuidkant
668,Desguinlei 100,2023-07-27,23:00:00,22,3,19,FMN 21 Desguinlei Zuidkant
668,Desguinlei 100,2023-07-28,00:00:00,11,0,11,FMN 21 Desguinlei Zuidkant
668,Desguinlei 100,2023-07-28,01:00:00,1,1,0,FMN 21 Desguinlei Zuidkant
668,Desguinlei 100,2023-07-28,02:00:00,0,0,0,FMN 21 Desguinlei Zuidkant
668,Desguinlei 100,2023-07-28,03:00:00,4,1,3,FMN 21 Desguinlei Zuidkant
668,Desguinlei 100,2023-07-28,04:00:00,9,1,8,FMN 21 Desguinlei Zuidkant
668,Desguinlei 100,2023-07-28,05:00:00,10,1,9,FMN 21 Desguinlei Zuidkant
668,Desguinlei 100,2023-07-28,06:00:00,21,5,16,FMN 21 Desguinlei Zuidkant
668,Desguinlei 100,2023-07-28,07:00:00,55,14,41,FMN 21 Desguinlei Zuidkant
668,Desguinlei 100,2023-07-28,08:00:00,70,13,57,FMN 21 Desguinlei Zuidkant
668,Desguinlei 100,2023-07-28,09:00:00,61,13,48,FMN 21 Desguinlei Zuidkant
668,Desguinlei 100,2023-07-28,10:00:00,45,17,28,FMN 21 Desguinlei Zuidkant
668,Desguinlei 100,2023-07-28,11:00:00,48,14,34,FMN 21 Desguinlei Zuidkant
668,Desguinlei 100,2023-07-28,12:00:00,64,17,47,FMN 21 Desguinlei Zuidkant
668,Desguinlei 100,2023-07-28,13:00:00,52,14,38,FMN 21 Desguinlei Zuidkant
668,Desguinlei 100,2023-07-28,14:00:00,53,14,39,FMN 21 Desguinlei Zuidkant
668,Desguinlei 100,2023-07-28,15:00:00,64,12,52,FMN 21 Desguinlei Zuidkant
668,Desguinlei 100,2023-07-28,16:00:00,130,17,113,FMN 21 Desguinlei Zuidkant
668,Desguinlei 100,2023-07-28,17:00:00,112,23,89,FMN 21 Desguinlei Zuidkant
668,Desguinlei 100,2023-07-28,18:00:00,88,20,68,FMN 21 Desguinlei Zuidkant
668,Desguinlei 100,2023-07-28,19:00:00,78,21,57,FMN 21 Desguinlei Zuidkant
668,Desguinlei 100,2023-07-28,20:00:00,57,12,45,FMN 21 Desguinlei Zuidkant
668,Desguinlei 100,2023-07-28,21:00:00,45,6,39,FMN 21 Desguinlei Zuidkant
668,Desguinlei 100,2023-07-28,22:00:00,48,16,32,FMN 21 Desguinlei Zuidkant
668,Desguinlei 100,2023-07-28,23:00:00,51,13,38,FMN 21 Desguinlei Zuidkant
668,Desguinlei 100,2023-07-29,00:00:00,42,10,32,FMN 21 Desguinlei Zuidkant
668,Desguinlei 100,2023-07-29,01:00:00,27,6,21,FMN 21 Desguinlei Zuidkant
668,Desguinlei 100,2023-07-29,02:00:00,12,2,10,FMN 21 Desguinlei Zuidkant
668,Desguinlei 100,2023-07-29,03:00:00,6,2,4,FMN 21 Desguinlei Zuidkant
668,Desguinlei 100,2023-07-29,04:00:00,15,1,14,FMN 21 Desguinlei Zuidkant
668,Desguinlei 100,2023-07-29,05:00:00,9,4,5,FMN 21 Desguinlei Zuidkant
668,Desguinlei 100,2023-07-29,06:00:00,11,1,10,FMN 21 Desguinlei Zuidkant
668,Desguinlei 100,2023-07-29,07:00:00,23,5,18,FMN 21 Desguinlei Zuidkant
668,Desguinlei 100,2023-07-29,08:00:00,25,2,23,FMN 21 Desguinlei Zuidkant
668,Desguinlei 100,2023-07-29,09:00:00,47,14,33,FMN 21 Desguinlei Zuidkant
668,Desguinlei 100,2023-07-29,10:00:00,36,10,26,FMN 21 Desguinlei Zuidkant
668,Desguinlei 100,2023-07-29,11:00:00,46,14,32,FMN 21 Desguinlei Zuidkant
668,Desguinlei 100,2023-07-29,12:00:00,42,9,33,FMN 21 Desguinlei Zuidkant
668,Desguinlei 100,2023-07-29,13:00:00,24,6,18,FMN 21 Desguinlei Zuidkant
668,Desguinlei 100,2023-07-29,14:00:00,64,14,50,FMN 21 Desguinlei Zuidkant
668,Desguinlei 100,2023-07-29,15:00:00,46,8,38,FMN 21 Desguinlei Zuidkant
668,Desguinlei 100,2023-07-29,16:00:00,47,11,36,FMN 21 Desguinlei Zuidkant
668,Desguinlei 100,2023-07-29,17:00:00,64,9,55,FMN 21 Desguinlei Zuidkant
668,Desguinlei 100,2023-07-29,18:00:00,51,10,41,FMN 21 Desguinlei Zuidkant
668,Desguinlei 100,2023-07-29,19:00:00,43,10,33,FMN 21 Desguinlei Zuidkant
668,Desguinlei 100,2023-07-29,20:00:00,34,7,27,FMN 21 Desguinlei Zuidkant
668,Desguinlei 100,2023-07-29,21:00:00,39,12,27,FMN 21 Desguinlei Zuidkant
668,Desguinlei 100,2023-07-29,22:00:00,27,5,22,FMN 21 Desguinlei Zuidkant
668,Desguinlei 100,2023-07-29,23:00:00,38,4,34,FMN 21 Desguinlei Zuidkant
668,Desguinlei 100,2023-07-30,00:00:00,26,5,21,FMN 21 Desguinlei Zuidkant
668,Desguinlei 100,2023-07-30,01:00:00,19,11,8,FMN 21 Desguinlei Zuidkant
668,Desguinlei 100,2023-07-30,02:00:00,13,1,12,FMN 21 Desguinlei Zuidkant
668,Desguinlei 100,2023-07-30,03:00:00,9,2,7,FMN 21 Desguinlei Zuidkant
668,Desguinlei 100,2023-07-30,04:00:00,5,0,5,FMN 21 Desguinlei Zuidkant
668,Desguinlei 100,2023-07-30,05:00:00,10,4,6,FMN 21 Desguinlei Zuidkant
668,Desguinlei 100,2023-07-30,06:00:00,7,0,7,FMN 21 Desguinlei Zuidkant
668,Desguinlei 100,2023-07-30,07:00:00,10,2,8,FMN 21 Desguinlei Zuidkant
668,Desguinlei 100,2023-07-30,08:00:00,17,4,13,FMN 21 Desguinlei Zuidkant
668,Desguinlei 100,2023-07-30,09:00:00,36,2,34,FMN 21 Desguinlei Zuidkant
668,Desguinlei 100,2023-07-30,10:00:00,42,4,38,FMN 21 Desguinlei Zuidkant
668,Desguinlei 100,2023-07-30,11:00:00,59,14,45,FMN 21 Desguinlei Zuidkant
668,Desguinlei 100,2023-07-30,12:00:00,42,12,30,FMN 21 Desguinlei Zuidkant
668,Desguinlei 100,2023-07-30,13:00:00,48,10,38,FMN 21 Desguinlei Zuidkant
668,Desguinlei 100,2023-07-30,14:00:00,45,7,38,FMN 21 Desguinlei Zuidkant
668,Desguinlei 100,2023-07-30,15:00:00,44,13,31,FMN 21 Desguinlei Zuidkant
668,Desguinlei 100,2023-07-30,16:00:00,48,3,45,FMN 21 Desguinlei Zuidkant
668,Desguinlei 100,2023-07-30,17:00:00,57,6,51,FMN 21 Desguinlei Zuidkant
668,Desguinlei 100,2023-07-30,18:00:00,42,15,27,FMN 21 Desguinlei Zuidkant
668,Desguinlei 100,2023-07-30,19:00:00,32,10,22,FMN 21 Desguinlei Zuidkant
668,Desguinlei 100,2023-07-30,20:00:00,16,4,12,FMN 21 Desguinlei Zuidkant
668,Desguinlei 100,2023-07-30,21:00:00,19,6,13,FMN 21 Desguinlei Zuidkant
668,Desguinlei 100,2023-07-30,22:00:00,18,6,12,FMN 21 Desguinlei Zuidkant
668,Desguinlei 100,2023-07-30,23:00:00,10,2,8,FMN 21 Desguinlei Zuidkant
668,Desguinlei 100,2023-07-31,00:00:00,7,0,7,FMN 21 Desguinlei Zuidkant
668,Desguinlei 100,2023-07-31,01:00:00,7,3,4,FMN 21 Desguinlei Zuidkant
668,Desguinlei 100,2023-07-31,02:00:00,3,1,2,FMN 21 Desguinlei Zuidkant
668,Desguinlei 100,2023-07-31,03:00:00,5,0,5,FMN 21 Desguinlei Zuidkant
668,Desguinlei 100,2023-07-31,04:00:00,8,2,6,FMN 21 Desguinlei Zuidkant
668,Desguinlei 100,2023-07-31,05:00:00,12,3,9,FMN 21 Desguinlei Zuidkant
668,Desguinlei 100,2023-07-31,06:00:00,20,7,13,FMN 21 Desguinlei Zuidkant
668,Desguinlei 100,2023-07-31,07:00:00,57,14,43,FMN 21 Desguinlei Zuidkant
668,Desguinlei 100,2023-07-31,08:00:00,57,23,34,FMN 21 Desguinlei Zuidkant
668,Desguinlei 100,2023-07-31,09:00:00,44,12,32,FMN 21 Desguinlei Zuidkant
668,Desguinlei 100,2023-07-31,10:00:00,31,6,25,FMN 21 Desguinlei Zuidkant
668,Desguinlei 100,2023-07-31,11:00:00,40,9,31,FMN 21 Desguinlei Zuidkant
668,Desguinlei 100,2023-07-31,12:00:00,55,11,44,FMN 21 Desguinlei Zuidkant
668,Desguinlei 100,2023-07-31,13:00:00,34,8,26,FMN 21 Desguinlei Zuidkant
668,Desguinlei 100,2023-07-31,14:00:00,47,12,35,FMN 21 Desguinlei Zuidkant
668,Desguinlei 100,2023-07-31,15:00:00,83,9,74,FMN 21 Desguinlei Zuidkant
668,Desguinlei 100,2023-07-31,16:00:00,57,15,42,FMN 21 Desguinlei Zuidkant
668,Desguinlei 100,2023-07-31,17:00:00,78,17,61,FMN 21 Desguinlei Zuidkant
668,Desguinlei 100,2023-07-31,18:00:00,58,16,42,FMN 21 Desguinlei Zuidkant
668,Desguinlei 100,2023-07-31,19:00:00,25,13,12,FMN 21 Desguinlei Zuidkant
668,Desguinlei 100,2023-07-31,20:00:00,24,10,14,FMN 21 Desguinlei Zuidkant
668,Desguinlei 100,2023-07-31,21:00:00,16,6,10,FMN 21 Desguinlei Zuidkant
668,Desguinlei 100,2023-07-31,22:00:00,24,9,15,FMN 21 Desguinlei Zuidkant
668,Desguinlei 100,2023-07-31,23:00:00,14,4,10,FMN 21 Desguinlei Zuidkant
668,Desguinlei 100,2023-08-01,00:00:00,7,2,5,FMN 21 Desguinlei Zuidkant
668,Desguinlei 100,2023-08-01,01:00:00,0,0,0,FMN 21 Desguinlei Zuidkant
668,Desguinlei 100,2023-08-01,02:00:00,1,0,1,FMN 21 Desguinlei Zuidkant
668,Desguinlei 100,2023-08-01,03:00:00,0,0,0,FMN 21 Desguinlei Zuidkant
668,Desguinlei 100,2023-08-01,04:00:00,11,2,9,FMN 21 Desguinlei Zuidkant
668,Desguinlei 100,2023-08-01,05:00:00,11,2,9,FMN 21 Desguinlei Zuidkant
668,Desguinlei 100,2023-08-01,06:00:00,25,11,14,FMN 21 Desguinlei Zuidkant
668,Desguinlei 100,2023-08-01,07:00:00,66,10,56,FMN 21 Desguinlei Zuidkant
668,Desguinlei 100,2023-08-01,08:00:00,95,39,56,FMN 21 Desguinlei Zuidkant
668,Desguinlei 100,2023-08-01,09:00:00,51,18,33,FMN 21 Desguinlei Zuidkant
668,Desguinlei 100,2023-08-01,10:00:00,32,9,23,FMN 21 Desguinlei Zuidkant
668,Desguinlei 100,2023-08-01,11:00:00,46,8,38,FMN 21 Desguinlei Zuidkant
668,Desguinlei 100,2023-08-01,12:00:00,52,9,43,FMN 21 Desguinlei Zuidkant
668,Desguinlei 100,2023-08-01,13:00:00,40,3,37,FMN 21 Desguinlei Zuidkant
668,Desguinlei 100,2023-08-01,14:00:00,55,26,29,FMN 21 Desguinlei Zuidkant
668,Desguinlei 100,2023-08-01,15:00:00,69,14,55,FMN 21 Desguinlei Zuidkant
668,Desguinlei 100,2023-08-01,16:00:00,108,15,93,FMN 21 Desguinlei Zuidkant
668,Desguinlei 100,2023-08-01,17:00:00,159,29,130,FMN 21 Desguinlei Zuidkant
668,Desguinlei 100,2023-08-01,18:00:00,95,20,75,FMN 21 Desguinlei Zuidkant
668,Desguinlei 100,2023-08-01,19:00:00,71,24,47,FMN 21 Desguinlei Zuidkant
668,Desguinlei 100,2023-08-01,20:00:00,37,17,20,FMN 21 Desguinlei Zuidkant
668,Desguinlei 100,2023-08-01,21:00:00,41,19,22,FMN 21 Desguinlei Zuidkant
668,Desguinlei 100,2023-08-01,22:00:00,49,22,27,FMN 21 Desguinlei Zuidkant
668,Desguinlei 100,2023-08-01,23:00:00,20,5,15,FMN 21 Desguinlei Zuidkant
668,Desguinlei 100,2023-08-02,00:00:00,10,1,9,FMN 21 Desguinlei Zuidkant
668,Desguinlei 100,2023-08-02,01:00:00,4,0,4,FMN 21 Desguinlei Zuidkant
668,Desguinlei 100,2023-08-02,02:00:00,3,1,2,FMN 21 Desguinlei Zuidkant
668,Desguinlei 100,2023-08-02,03:00:00,1,0,1,FMN 21 Desguinlei Zuidkant
668,Desguinlei 100,2023-08-02,04:00:00,11,1,10,FMN 21 Desguinlei Zuidkant
668,Desguinlei 100,2023-08-02,05:00:00,12,4,8,FMN 21 Desguinlei Zuidkant
668,Desguinlei 100,2023-08-02,06:00:00,24,9,15,FMN 21 Desguinlei Zuidkant
668,Desguinlei 100,2023-08-02,07:00:00,41,6,35,FMN 21 Desguinlei Zuidkant
668,Desguinlei 100,2023-08-02,08:00:00,54,20,34,FMN 21 Desguinlei Zuidkant
668,Desguinlei 100,2023-08-02,09:00:00,38,12,26,FMN 21 Desguinlei Zuidkant
668,Desguinlei 100,2023-08-02,10:00:00,33,3,30,FMN 21 Desguinlei Zuidkant
668,Desguinlei 100,2023-08-02,11:00:00,34,8,26,FMN 21 Desguinlei Zuidkant
668,Desguinlei 100,2023-08-02,12:00:00,36,5,31,FMN 21 Desguinlei Zuidkant
668,Desguinlei 100,2023-08-02,13:00:00,28,9,19,FMN 21 Desguinlei Zuidkant
668,Desguinlei 100,2023-08-02,14:00:00,45,10,35,FMN 21 Desguinlei Zuidkant
668,Desguinlei 100,2023-08-02,15:00:00,45,13,32,FMN 21 Desguinlei Zuidkant
668,Desguinlei 100,2023-08-02,16:00:00,80,10,70,FMN 21 Desguinlei Zuidkant
668,Desguinlei 100,2023-08-02,17:00:00,98,18,80,FMN 21 Desguinlei Zuidkant
668,Desguinlei 100,2023-08-02,18:00:00,75,9,66,FMN 21 Desguinlei Zuidkant
668,Desguinlei 100,2023-08-02,19:00:00,62,20,42,FMN 21 Desguinlei Zuidkant
668,Desguinlei 100,2023-08-02,20:00:00,31,11,20,FMN 21 Desguinlei Zuidkant
668,Desguinlei 100,2023-08-02,21:00:00,20,11,9,FMN 21 Desguinlei Zuidkant
668,Desguinlei 100,2023-08-02,22:00:00,24,11,13,FMN 21 Desguinlei Zuidkant
668,Desguinlei 100,2023-08-02,23:00:00,14,2,12,FMN 21 Desguinlei Zuidkant
668,Desguinlei 100,2023-08-03,00:00:00,5,1,4,FMN 21 Desguinlei Zuidkant
668,Desguinlei 100,2023-08-03,01:00:00,3,0,3,FMN 21 Desguinlei Zuidkant
668,Desguinlei 100,2023-08-03,02:00:00,1,0,1,FMN 21 Desguinlei Zuidkant
668,Desguinlei 100,2023-08-03,03:00:00,0,0,0,FMN 21 Desguinlei Zuidkant
668,Desguinlei 100,2023-08-03,04:00:00,11,0,11,FMN 21 Desguinlei Zuidkant
668,Desguinlei 100,2023-08-03,05:00:00,9,2,7,FMN 21 Desguinlei Zuidkant
668,Desguinlei 100,2023-08-03,06:00:00,26,7,19,FMN 21 Desguinlei Zuidkant
668,Desguinlei 100,2023-08-03,07:00:00,48,9,39,FMN 21 Desguinlei Zuidkant
668,Desguinlei 100,2023-08-03,08:00:00,71,32,39,FMN 21 Desguinlei Zuidkant
668,Desguinlei 100,2023-08-03,09:00:00,38,12,26,FMN 21 Desguinlei Zuidkant
668,Desguinlei 100,2023-08-03,10:00:00,28,8,20,FMN 21 Desguinlei Zuidkant
668,Desguinlei 100,2023-08-03,11:00:00,30,4,26,FMN 21 Desguinlei Zuidkant
668,Desguinlei 100,2023-08-03,12:00:00,31,7,24,FMN 21 Desguinlei Zuidkant
668,Desguinlei 100,2023-08-03,13:00:00,26,11,15,FMN 21 Desguinlei Zuidkant
668,Desguinlei 100,2023-08-03,14:00:00,53,19,34,FMN 21 Desguinlei Zuidkant
668,Desguinlei 100,2023-08-03,15:00:00,59,11,48,FMN 21 Desguinlei Zuidkant
668,Desguinlei 100,2023-08-03,16:00:00,86,21,65,FMN 21 Desguinlei Zuidkant
668,Desguinlei 100,2023-08-03,17:00:00,103,26,77,FMN 21 Desguinlei Zuidkant
668,Desguinlei 100,2023-08-03,18:00:00,73,8,65,FMN 21 Desguinlei Zuidkant
668,Desguinlei 100,2023-08-03,19:00:00,66,19,47,FMN 21 Desguinlei Zuidkant
668,Desguinlei 100,2023-08-03,20:00:00,54,22,32,FMN 21 Desguinlei Zuidkant
668,Desguinlei 100,2023-08-03,21:00:00,40,15,25,FMN 21 Desguinlei Zuidkant
668,Desguinlei 100,2023-08-03,22:00:00,40,18,22,FMN 21 Desguinlei Zuidkant
668,Desguinlei 100,2023-08-03,23:00:00,35,8,27,FMN 21 Desguinlei Zuidkant
668,Desguinlei 100,2023-08-04,00:00:00,17,2,15,FMN 21 Desguinlei Zuidkant
668,Desguinlei 100,2023-08-04,01:00:00,7,0,7,FMN 21 Desguinlei Zuidkant
668,Desguinlei 100,2023-08-04,02:00:00,5,1,4,FMN 21 Desguinlei Zuidkant
668,Desguinlei 100,2023-08-04,03:00:00,6,0,6,FMN 21 Desguinlei Zuidkant
668,Desguinlei 100,2023-08-04,04:00:00,11,1,10,FMN 21 Desguinlei Zuidkant
668,Desguinlei 100,2023-08-04,05:00:00,13,3,10,FMN 21 Desguinlei Zuidkant
668,Desguinlei 100,2023-08-04,06:00:00,28,8,20,FMN 21 Desguinlei Zuidkant
668,Desguinlei 100,2023-08-04,07:00:00,51,13,38,FMN 21 Desguinlei Zuidkant
668,Desguinlei 100,2023-08-04,08:00:00,62,17,45,FMN 21 Desguinlei Zuidkant
668,Desguinlei 100,2023-08-04,09:00:00,45,14,31,FMN 21 Desguinlei Zuidkant
668,Desguinlei 100,2023-08-04,10:00:00,40,15,25,FMN 21 Desguinlei Zuidkant
668,Desguinlei 100,2023-08-04,11:00:00,39,8,31,FMN 21 Desguinlei Zuidkant
668,Desguinlei 100,2023-08-04,12:00:00,52,10,42,FMN 21 Desguinlei Zuidkant
668,Desguinlei 100,2023-08-04,13:00:00,47,11,36,FMN 21 Desguinlei Zuidkant
668,Desguinlei 100,2023-08-04,14:00:00,52,15,37,FMN 21 Desguinlei Zuidkant
668,Desguinlei 100,2023-08-04,15:00:00,62,10,52,FMN 21 Desguinlei Zuidkant
668,Desguinlei 100,2023-08-04,16:00:00,72,12,60,FMN 21 Desguinlei Zuidkant
668,Desguinlei 100,2023-08-04,17:00:00,99,21,78,FMN 21 Desguinlei Zuidkant
668,Desguinlei 100,2023-08-04,18:00:00,88,18,70,FMN 21 Desguinlei Zuidkant
668,Desguinlei 100,2023-08-04,19:00:00,64,17,47,FMN 21 Desguinlei Zuidkant
668,Desguinlei 100,2023-08-04,20:00:00,42,12,30,FMN 21 Desguinlei Zuidkant
668,Desguinlei 100,2023-08-04,21:00:00,52,7,45,FMN 21 Desguinlei Zuidkant
668,Desguinlei 100,2023-08-04,22:00:00,48,19,29,FMN 21 Desguinlei Zuidkant
668,Desguinlei 100,2023-08-04,23:00:00,24,4,20,FMN 21 Desguinlei Zuidkant
668,Desguinlei 100,2023-08-05,00:00:00,18,4,14,FMN 21 Desguinlei Zuidkant
668,Desguinlei 100,2023-08-05,01:00:00,15,3,12,FMN 21 Desguinlei Zuidkant
668,Desguinlei 100,2023-08-05,02:00:00,10,2,8,FMN 21 Desguinlei Zuidkant
668,Desguinlei 100,2023-08-05,03:00:00,7,1,6,FMN 21 Desguinlei Zuidkant
668,Desguinlei 100,2023-08-05,04:00:00,8,2,6,FMN 21 Desguinlei Zuidkant
668,Desguinlei 100,2023-08-05,05:00:00,9,1,8,FMN 21 Desguinlei Zuidkant
668,Desguinlei 100,2023-08-05,06:00:00,10,4,6,FMN 21 Desguinlei Zuidkant
668,Desguinlei 100,2023-08-05,07:00:00,6,1,5,FMN 21 Desguinlei Zuidkant
668,Desguinlei 100,2023-08-05,08:00:00,16,3,13,FMN 21 Desguinlei Zuidkant
668,Desguinlei 100,2023-08-05,09:00:00,35,3,32,FMN 21 Desguinlei Zuidkant
668,Desguinlei 100,2023-08-05,10:00:00,36,7,29,FMN 21 Desguinlei Zuidkant
668,Desguinlei 100,2023-08-05,11:00:00,38,11,27,FMN 21 Desguinlei Zuidkant
668,Desguinlei 100,2023-08-05,12:00:00,46,8,38,FMN 21 Desguinlei Zuidkant
668,Desguinlei 100,2023-08-05,13:00:00,39,6,33,FMN 21 Desguinlei Zuidkant
668,Desguinlei 100,2023-08-05,14:00:00,37,9,28,FMN 21 Desguinlei Zuidkant
668,Desguinlei 100,2023-08-05,15:00:00,25,6,19,FMN 21 Desguinlei Zuidkant
668,Desguinlei 100,2023-08-05,16:00:00,26,5,21,FMN 21 Desguinlei Zuidkant
668,Desguinlei 100,2023-08-05,17:00:00,17,3,14,FMN 21 Desguinlei Zuidkant
668,Desguinlei 100,2023-08-05,18:00:00,32,13,19,FMN 21 Desguinlei Zuidkant
668,Desguinlei 100,2023-08-05,19:00:00,37,9,28,FMN 21 Desguinlei Zuidkant
668,Desguinlei 100,2023-08-05,20:00:00,32,10,22,FMN 21 Desguinlei Zuidkant
668,Desguinlei 100,2023-08-05,21:00:00,16,5,11,FMN 21 Desguinlei Zuidkant
668,Desguinlei 100,2023-08-05,22:00:00,19,6,13,FMN 21 Desguinlei Zuidkant
668,Desguinlei 100,2023-08-05,23:00:00,27,7,20,FMN 21 Desguinlei Zuidkant
668,Desguinlei 100,2023-08-06,00:00:00,15,2,13,FMN 21 Desguinlei Zuidkant
668,Desguinlei 100,2023-08-06,01:00:00,14,1,13,FMN 21 Desguinlei Zuidkant
668,Desguinlei 100,2023-08-06,02:00:00,8,1,7,FMN 21 Desguinlei Zuidkant
668,Desguinlei 100,2023-08-06,03:00:00,12,1,11,FMN 21 Desguinlei Zuidkant
668,Desguinlei 100,2023-08-06,04:00:00,2,1,1,FMN 21 Desguinlei Zuidkant
668,Desguinlei 100,2023-08-06,05:00:00,2,0,2,FMN 21 Desguinlei Zuidkant
668,Desguinlei 100,2023-08-06,06:00:00,1,0,1,FMN 21 Desguinlei Zuidkant
668,Desguinlei 100,2023-08-06,07:00:00,5,2,3,FMN 21 Desguinlei Zuidkant
668,Desguinlei 100,2023-08-06,08:00:00,3,0,3,FMN 21 Desguinlei Zuidkant
668,Desguinlei 100,2023-08-06,09:00:00,28,1,27,FMN 21 Desguinlei Zuidkant
668,Desguinlei 100,2023-08-06,10:00:00,19,5,14,FMN 21 Desguinlei Zuidkant
668,Desguinlei 100,2023-08-06,11:00:00,26,10,16,FMN 21 Desguinlei Zuidkant
668,Desguinlei 100,2023-08-06,12:00:00,15,5,10,FMN 21 Desguinlei Zuidkant
668,Desguinlei 100,2023-08-06,13:00:00,20,1,19,FMN 21 Desguinlei Zuidkant
668,Desguinlei 100,2023-08-06,14:00:00,24,5,19,FMN 21 Desguinlei Zuidkant
668,Desguinlei 100,2023-08-06,15:00:00,12,1,11,FMN 21 Desguinlei Zuidkant
668,Desguinlei 100,2023-08-06,16:00:00,13,1,12,FMN 21 Desguinlei Zuidkant
668,Desguinlei 100,2023-08-06,17:00:00,10,1,9,FMN 21 Desguinlei Zuidkant
668,Desguinlei 100,2023-08-06,18:00:00,33,11,22,FMN 21 Desguinlei Zuidkant
668,Desguinlei 100,2023-08-06,19:00:00,17,10,7,FMN 21 Desguinlei Zuidkant
668,Desguinlei 100,2023-08-06,20:00:00,17,3,14,FMN 21 Desguinlei Zuidkant
668,Desguinlei 100,2023-08-06,21:00:00,24,7,17,FMN 21 Desguinlei Zuidkant
668,Desguinlei 100,2023-08-06,22:00:00,15,3,12,FMN 21 Desguinlei Zuidkant
668,Desguinlei 100,2023-08-06,23:00:00,7,3,4,FMN 21 Desguinlei Zuidkant
668,Desguinlei 100,2023-08-07,00:00:00,5,1,4,FMN 21 Desguinlei Zuidkant
668,Desguinlei 100,2023-08-07,01:00:00,2,0,2,FMN 21 Desguinlei Zuidkant
668,Desguinlei 100,2023-08-07,02:00:00,2,0,2,FMN 21 Desguinlei Zuidkant
668,Desguinlei 100,2023-08-07,03:00:00,1,0,1,FMN 21 Desguinlei Zuidkant
668,Desguinlei 100,2023-08-07,04:00:00,7,1,6,FMN 21 Desguinlei Zuidkant
668,Desguinlei 100,2023-08-07,05:00:00,12,3,9,FMN 21 Desguinlei Zuidkant
668,Desguinlei 100,2023-08-07,06:00:00,24,8,16,FMN 21 Desguinlei Zuidkant
668,Desguinlei 100,2023-08-07,07:00:00,63,18,45,FMN 21 Desguinlei Zuidkant
668,Desguinlei 100,2023-08-07,08:00:00,82,32,50,FMN 21 Desguinlei Zuidkant
668,Desguinlei 100,2023-08-07,09:00:00,55,22,33,FMN 21 Desguinlei Zuidkant
668,Desguinlei 100,2023-08-07,10:00:00,32,12,20,FMN 21 Desguinlei Zuidkant
668,Desguinlei 100,2023-08-07,11:00:00,43,12,31,FMN 21 Desguinlei Zuidkant
668,Desguinlei 100,2023-08-07,12:00:00,41,8,33,FMN 21 Desguinlei Zuidkant
668,Desguinlei 100,2023-08-07,13:00:00,65,16,49,FMN 21 Desguinlei Zuidkant
668,Desguinlei 100,2023-08-07,14:00:00,48,12,36,FMN 21 Desguinlei Zuidkant
668,Desguinlei 100,2023-08-07,15:00:00,55,6,49,FMN 21 Desguinlei Zuidkant
668,Desguinlei 100,2023-08-07,16:00:00,97,15,82,FMN 21 Desguinlei Zuidkant
668,Desguinlei 100,2023-08-07,17:00:00,112,19,93,FMN 21 Desguinlei Zuidkant
668,Desguinlei 100,2023-08-07,18:00:00,107,8,99,FMN 21 Desguinlei Zuidkant
668,Desguinlei 100,2023-08-07,19:00:00,64,15,49,FMN 21 Desguinlei Zuidkant
668,Desguinlei 100,2023-08-07,20:00:00,45,18,27,FMN 21 Desguinlei Zuidkant
668,Desguinlei 100,2023-08-07,21:00:00,43,18,25,FMN 21 Desguinlei Zuidkant
668,Desguinlei 100,2023-08-07,22:00:00,34,8,26,FMN 21 Desguinlei Zuidkant
668,Desguinlei 100,2023-08-07,23:00:00,18,5,13,FMN 21 Desguinlei Zuidkant
668,Desguinlei 100,2023-08-08,00:00:00,22,5,17,FMN 21 Desguinlei Zuidkant
668,Desguinlei 100,2023-08-08,01:00:00,6,3,3,FMN 21 Desguinlei Zuidkant
668,Desguinlei 100,2023-08-08,02:00:00,3,0,3,FMN 21 Desguinlei Zuidkant
668,Desguinlei 100,2023-08-08,03:00:00,2,0,2,FMN 21 Desguinlei Zuidkant
668,Desguinlei 100,2023-08-08,04:00:00,9,0,9,FMN 21 Desguinlei Zuidkant
668,Desguinlei 100,2023-08-08,05:00:00,19,6,13,FMN 21 Desguinlei Zuidkant
668,Desguinlei 100,2023-08-08,06:00:00,36,11,25,FMN 21 Desguinlei Zuidkant
668,Desguinlei 100,2023-08-08,07:00:00,60,13,47,FMN 21 Desguinlei Zuidkant
668,Desguinlei 100,2023-08-08,08:00:00,104,36,68,FMN 21 Desguinlei Zuidkant
668,Desguinlei 100,2023-08-08,09:00:00,46,18,28,FMN 21 Desguinlei Zuidkant
668,Desguinlei 100,2023-08-08,10:00:00,53,13,40,FMN 21 Desguinlei Zuidkant
668,Desguinlei 100,2023-08-08,11:00:00,34,5,29,FMN 21 Desguinlei Zuidkant
668,Desguinlei 100,2023-08-08,12:00:00,48,13,35,FMN 21 Desguinlei Zuidkant
668,Desguinlei 100,2023-08-08,13:00:00,54,11,43,FMN 21 Desguinlei Zuidkant
668,Desguinlei 100,2023-08-08,14:00:00,47,14,33,FMN 21 Desguinlei Zuidkant
668,Desguinlei 100,2023-08-08,15:00:00,61,6,55,FMN 21 Desguinlei Zuidkant
668,Desguinlei 100,2023-08-08,16:00:00,111,16,95,FMN 21 Desguinlei Zuidkant
668,Desguinlei 100,2023-08-08,17:00:00,149,22,127,FMN 21 Desguinlei Zuidkant
668,Desguinlei 100,2023-08-08,18:00:00,111,21,90,FMN 21 Desguinlei Zuidkant
668,Desguinlei 100,2023-08-08,19:00:00,58,19,39,FMN 21 Desguinlei Zuidkant
668,Desguinlei 100,2023-08-08,20:00:00,34,10,24,FMN 21 Desguinlei Zuidkant
668,Desguinlei 100,2023-08-08,21:00:00,25,10,15,FMN 21 Desguinlei Zuidkant
668,Desguinlei 100,2023-08-08,22:00:00,38,11,27,FMN 21 Desguinlei Zuidkant
668,Desguinlei 100,2023-08-08,23:00:00,9,3,6,FMN 21 Desguinlei Zuidkant
668,Desguinlei 100,2023-08-09,00:00:00,9,2,7,FMN 21 Desguinlei Zuidkant
668,Desguinlei 100,2023-08-09,01:00:00,3,0,3,FMN 21 Desguinlei Zuidkant
668,Desguinlei 100,2023-08-09,02:00:00,4,1,3,FMN 21 Desguinlei Zuidkant
668,Desguinlei 100,2023-08-09,03:00:00,1,0,1,FMN 21 Desguinlei Zuidkant
668,Desguinlei 100,2023-08-09,04:00:00,11,0,11,FMN 21 Desguinlei Zuidkant
668,Desguinlei 100,2023-08-09,05:00:00,14,5,9,FMN 21 Desguinlei Zuidkant
668,Desguinlei 100,2023-08-09,06:00:00,31,10,21,FMN 21 Desguinlei Zuidkant
668,Desguinlei 100,2023-08-09,07:00:00,61,18,43,FMN 21 Desguinlei Zuidkant
668,Desguinlei 100,2023-08-09,08:00:00,89,27,62,FMN 21 Desguinlei Zuidkant
668,Desguinlei 100,2023-08-09,09:00:00,60,14,46,FMN 21 Desguinlei Zuidkant
668,Desguinlei 100,2023-08-09,10:00:00,57,13,44,FMN 21 Desguinlei Zuidkant
668,Desguinlei 100,2023-08-09,11:00:00,58,13,45,FMN 21 Desguinlei Zuidkant
668,Desguinlei 100,2023-08-09,12:00:00,63,13,50,FMN 21 Desguinlei Zuidkant
668,Desguinlei 100,2023-08-09,13:00:00,66,9,57,FMN 21 Desguinlei Zuidkant
668,Desguinlei 100,2023-08-09,14:00:00,84,17,67,FMN 21 Desguinlei Zuidkant
668,Desguinlei 100,2023-08-09,15:00:00,83,14,69,FMN 21 Desguinlei Zuidkant
668,Desguinlei 100,2023-08-09,16:00:00,118,13,105,FMN 21 Desguinlei Zuidkant
668,Desguinlei 100,2023-08-09,17:00:00,155,24,131,FMN 21 Desguinlei Zuidkant
668,Desguinlei 100,2023-08-09,18:00:00,144,16,128,FMN 21 Desguinlei Zuidkant
668,Desguinlei 100,2023-08-09,19:00:00,80,19,61,FMN 21 Desguinlei Zuidkant
668,Desguinlei 100,2023-08-09,20:00:00,66,13,53,FMN 21 Desguinlei Zuidkant
668,Desguinlei 100,2023-08-09,21:00:00,64,17,47,FMN 21 Desguinlei Zuidkant
668,Desguinlei 100,2023-08-09,22:00:00,48,16,32,FMN 21 Desguinlei Zuidkant
668,Desguinlei 100,2023-08-09,23:00:00,26,7,19,FMN 21 Desguinlei Zuidkant
668,Desguinlei 100,2023-08-10,00:00:00,11,3,8,FMN 21 Desguinlei Zuidkant
668,Desguinlei 100,2023-08-10,01:00:00,9,2,7,FMN 21 Desguinlei Zuidkant
668,Desguinlei 100,2023-08-10,02:00:00,7,0,7,FMN 21 Desguinlei Zuidkant
668,Desguinlei 100,2023-08-10,03:00:00,5,1,4,FMN 21 Desguinlei Zuidkant
668,Desguinlei 100,2023-08-10,04:00:00,10,1,9,FMN 21 Desguinlei Zuidkant
668,Desguinlei 100,2023-08-10,05:00:00,15,4,11,FMN 21 Desguinlei Zuidkant
668,Desguinlei 100,2023-08-10,06:00:00,38,13,25,FMN 21 Desguinlei Zuidkant
668,Desguinlei 100,2023-08-10,07:00:00,73,19,54,FMN 21 Desguinlei Zuidkant
668,Desguinlei 100,2023-08-10,08:00:00,120,47,73,FMN 21 Desguinlei Zuidkant
668,Desguinlei 100,2023-08-10,09:00:00,62,16,46,FMN 21 Desguinlei Zuidkant
668,Desguinlei 100,2023-08-10,10:00:00,58,15,43,FMN 21 Desguinlei Zuidkant
668,Desguinlei 100,2023-08-10,11:00:00,44,9,35,FMN 21 Desguinlei Zuidkant
668,Desguinlei 100,2023-08-10,12:00:00,60,13,47,FMN 21 Desguinlei Zuidkant
668,Desguinlei 100,2023-08-10,13:00:00,83,16,67,FMN 21 Desguinlei Zuidkant
668,Desguinlei 100,2023-08-10,14:00:00,59,15,44,FMN 21 Desguinlei Zuidkant
668,Desguinlei 100,2023-08-10,15:00:00,79,11,68,FMN 21 Desguinlei Zuidkant
668,Desguinlei 100,2023-08-10,16:00:00,100,10,90,FMN 21 Desguinlei Zuidkant
668,Desguinlei 100,2023-08-10,17:00:00,147,24,123,FMN 21 Desguinlei Zuidkant
668,Desguinlei 100,2023-08-10,18:00:00,124,20,104,FMN 21 Desguinlei Zuidkant
668,Desguinlei 100,2023-08-10,19:00:00,105,31,74,FMN 21 Desguinlei Zuidkant
668,Desguinlei 100,2023-08-10,20:00:00,79,29,50,FMN 21 Desguinlei Zuidkant
668,Desguinlei 100,2023-08-10,21:00:00,56,12,44,FMN 21 Desguinlei Zuidkant
668,Desguinlei 100,2023-08-10,22:00:00,62,20,42,FMN 21 Desguinlei Zuidkant
668,Desguinlei 100,2023-08-10,23:00:00,22,3,19,FMN 21 Desguinlei Zuidkant
668,Desguinlei 100,2023-08-11,00:00:00,23,6,17,FMN 21 Desguinlei Zuidkant
668,Desguinlei 100,2023-08-11,01:00:00,16,4,12,FMN 21 Desguinlei Zuidkant
668,Desguinlei 100,2023-08-11,02:00:00,15,9,6,FMN 21 Desguinlei Zuidkant
668,Desguinlei 100,2023-08-11,03:00:00,3,1,2,FMN 21 Desguinlei Zuidkant
668,Desguinlei 100,2023-08-11,04:00:00,11,2,9,FMN 21 Desguinlei Zuidkant
668,Desguinlei 100,2023-08-11,05:00:00,20,9,11,FMN 21 Desguinlei Zuidkant
668,Desguinlei 100,2023-08-11,06:00:00,37,9,28,FMN 21 Desguinlei Zuidkant
668,Desguinlei 100,2023-08-11,07:00:00,64,20,44,FMN 21 Desguinlei Zuidkant
668,Desguinlei 100,2023-08-11,08:00:00,89,29,60,FMN 21 Desguinlei Zuidkant
668,Desguinlei 100,2023-08-11,09:00:00,65,14,51,FMN 21 Desguinlei Zuidkant
668,Desguinlei 100,2023-08-11,10:00:00,54,14,40,FMN 21 Desguinlei Zuidkant
668,Desguinlei 100,2023-08-11,11:00:00,56,12,44,FMN 21 Desguinlei Zuidkant
668,Desguinlei 100,2023-08-11,12:00:00,49,6,43,FMN 21 Desguinlei Zuidkant
668,Desguinlei 100,2023-08-11,13:00:00,89,18,71,FMN 21 Desguinlei Zuidkant
668,Desguinlei 100,2023-08-11,14:00:00,82,24,58,FMN 21 Desguinlei Zuidkant
668,Desguinlei 100,2023-08-11,15:00:00,70,8,62,FMN 21 Desguinlei Zuidkant
668,Desguinlei 100,2023-08-11,16:00:00,131,23,108,FMN 21 Desguinlei Zuidkant
668,Desguinlei 100,2023-08-11,17:00:00,127,27,100,FMN 21 Desguinlei Zuidkant
668,Desguinlei 100,2023-08-11,18:00:00,110,22,88,FMN 21 Desguinlei Zuidkant
668,Desguinlei 100,2023-08-11,19:00:00,72,14,58,FMN 21 Desguinlei Zuidkant
668,Desguinlei 100,2023-08-11,20:00:00,59,19,40,FMN 21 Desguinlei Zuidkant
668,Desguinlei 100,2023-08-11,21:00:00,42,12,30,FMN 21 Desguinlei Zuidkant
668,Desguinlei 100,2023-08-11,22:00:00,44,22,22,FMN 21 Desguinlei Zuidkant
668,Desguinlei 100,2023-08-11,23:00:00,37,4,33,FMN 21 Desguinlei Zuidkant
668,Desguinlei 100,2023-08-12,00:00:00,20,5,15,FMN 21 Desguinlei Zuidkant
668,Desguinlei 100,2023-08-12,01:00:00,17,5,12,FMN 21 Desguinlei Zuidkant
668,Desguinlei 100,2023-08-12,02:00:00,8,1,7,FMN 21 Desguinlei Zuidkant
668,Desguinlei 100,2023-08-12,03:00:00,6,2,4,FMN 21 Desguinlei Zuidkant
668,Desguinlei 100,2023-08-12,04:00:00,17,1,16,FMN 21 Desguinlei Zuidkant
668,Desguinlei 100,2023-08-12,05:00:00,5,1,4,FMN 21 Desguinlei Zuidkant
668,Desguinlei 100,2023-08-12,06:00:00,7,3,4,FMN 21 Desguinlei Zuidkant
668,Desguinlei 100,2023-08-12,07:00:00,8,1,7,FMN 21 Desguinlei Zuidkant
668,Desguinlei 100,2023-08-12,08:00:00,21,3,18,FMN 21 Desguinlei Zuidkant
668,Desguinlei 100,2023-08-12,09:00:00,30,8,22,FMN 21 Desguinlei Zuidkant
668,Desguinlei 100,2023-08-12,10:00:00,23,5,18,FMN 21 Desguinlei Zuidkant
668,Desguinlei 100,2023-08-12,11:00:00,29,9,20,FMN 21 Desguinlei Zuidkant
668,Desguinlei 100,2023-08-12,12:00:00,50,17,33,FMN 21 Desguinlei Zuidkant
668,Desguinlei 100,2023-08-12,13:00:00,52,13,39,FMN 21 Desguinlei Zuidkant
668,Desguinlei 100,2023-08-12,14:00:00,47,20,27,FMN 21 Desguinlei Zuidkant
668,Desguinlei 100,2023-08-12,15:00:00,60,10,50,FMN 21 Desguinlei Zuidkant
668,Desguinlei 100,2023-08-12,16:00:00,99,24,75,FMN 21 Desguinlei Zuidkant
668,Desguinlei 100,2023-08-12,17:00:00,97,13,84,FMN 21 Desguinlei Zuidkant
668,Desguinlei 100,2023-08-12,18:00:00,83,17,66,FMN 21 Desguinlei Zuidkant
668,Desguinlei 100,2023-08-12,19:00:00,65,5,60,FMN 21 Desguinlei Zuidkant
668,Desguinlei 100,2023-08-12,20:00:00,64,7,57,FMN 21 Desguinlei Zuidkant
668,Desguinlei 100,2023-08-12,21:00:00,50,14,36,FMN 21 Desguinlei Zuidkant
668,Desguinlei 100,2023-08-12,22:00:00,39,3,36,FMN 21 Desguinlei Zuidkant
668,Desguinlei 100,2023-08-12,23:00:00,37,3,34,FMN 21 Desguinlei Zuidkant
668,Desguinlei 100,2023-08-13,00:00:00,49,9,40,FMN 21 Desguinlei Zuidkant
668,Desguinlei 100,2023-08-13,01:00:00,18,6,12,FMN 21 Desguinlei Zuidkant
668,Desguinlei 100,2023-08-13,02:00:00,13,3,10,FMN 21 Desguinlei Zuidkant
668,Desguinlei 100,2023-08-13,03:00:00,15,2,13,FMN 21 Desguinlei Zuidkant
668,Desguinlei 100,2023-08-13,04:00:00,15,3,12,FMN 21 Desguinlei Zuidkant
668,Desguinlei 100,2023-08-13,05:00:00,3,1,2,FMN 21 Desguinlei Zuidkant
668,Desguinlei 100,2023-08-13,06:00:00,7,2,5,FMN 21 Desguinlei Zuidkant
668,Desguinlei 100,2023-08-13,07:00:00,9,1,8,FMN 21 Desguinlei Zuidkant
668,Desguinlei 100,2023-08-13,08:00:00,11,2,9,FMN 21 Desguinlei Zuidkant
668,Desguinlei 100,2023-08-13,09:00:00,37,4,33,FMN 21 Desguinlei Zuidkant
668,Desguinlei 100,2023-08-13,10:00:00,29,3,26,FMN 21 Desguinlei Zuidkant
668,Desguinlei 100,2023-08-13,11:00:00,49,15,34,FMN 21 Desguinlei Zuidkant
668,Desguinlei 100,2023-08-13,12:00:00,52,12,40,FMN 21 Desguinlei Zuidkant
668,Desguinlei 100,2023-08-13,13:00:00,51,9,42,FMN 21 Desguinlei Zuidkant
668,Desguinlei 100,2023-08-13,14:00:00,66,10,56,FMN 21 Desguinlei Zuidkant
668,Desguinlei 100,2023-08-13,15:00:00,53,7,46,FMN 21 Desguinlei Zuidkant
668,Desguinlei 100,2023-08-13,16:00:00,55,9,46,FMN 21 Desguinlei Zuidkant
668,Desguinlei 100,2023-08-13,17:00:00,57,11,46,FMN 21 Desguinlei Zuidkant
668,Desguinlei 100,2023-08-13,18:00:00,92,27,65,FMN 21 Desguinlei Zuidkant
668,Desguinlei 100,2023-08-13,19:00:00,52,8,44,FMN 21 Desguinlei Zuidkant
668,Desguinlei 100,2023-08-13,20:00:00,49,4,45,FMN 21 Desguinlei Zuidkant
668,Desguinlei 100,2023-08-13,21:00:00,32,11,21,FMN 21 Desguinlei Zuidkant
668,Desguinlei 100,2023-08-13,22:00:00,34,6,28,FMN 21 Desguinlei Zuidkant
668,Desguinlei 100,2023-08-13,23:00:00,27,4,23,FMN 21 Desguinlei Zuidkant
668,Desguinlei 100,2023-08-14,00:00:00,13,2,11,FMN 21 Desguinlei Zuidkant
668,Desguinlei 100,2023-08-14,01:00:00,16,3,13,FMN 21 Desguinlei Zuidkant
668,Desguinlei 100,2023-08-14,02:00:00,9,5,4,FMN 21 Desguinlei Zuidkant
668,Desguinlei 100,2023-08-14,03:00:00,4,3,1,FMN 21 Desguinlei Zuidkant
668,Desguinlei 100,2023-08-14,04:00:00,8,2,6,FMN 21 Desguinlei Zuidkant
668,Desguinlei 100,2023-08-14,05:00:00,13,7,6,FMN 21 Desguinlei Zuidkant
668,Desguinlei 100,2023-08-14,06:00:00,19,8,11,FMN 21 Desguinlei Zuidkant
668,Desguinlei 100,2023-08-14,07:00:00,42,9,33,FMN 21 Desguinlei Zuidkant
668,Desguinlei 100,2023-08-14,08:00:00,59,11,48,FMN 21 Desguinlei Zuidkant
668,Desguinlei 100,2023-08-14,09:00:00,55,20,35,FMN 21 Desguinlei Zuidkant
668,Desguinlei 100,2023-08-14,10:00:00,39,20,19,FMN 21 Desguinlei Zuidkant
668,Desguinlei 100,2023-08-14,11:00:00,48,14,34,FMN 21 Desguinlei Zuidkant
668,Desguinlei 100,2023-08-14,12:00:00,59,8,51,FMN 21 Desguinlei Zuidkant
668,Desguinlei 100,2023-08-14,13:00:00,65,17,48,FMN 21 Desguinlei Zuidkant
668,Desguinlei 100,2023-08-14,14:00:00,54,6,48,FMN 21 Desguinlei Zuidkant
668,Desguinlei 100,2023-08-14,15:00:00,79,16,63,FMN 21 Desguinlei Zuidkant
668,Desguinlei 100,2023-08-14,16:00:00,83,13,70,FMN 21 Desguinlei Zuidkant
668,Desguinlei 100,2023-08-14,17:00:00,102,20,82,FMN 21 Desguinlei Zuidkant
668,Desguinlei 100,2023-08-14,18:00:00,99,15,84,FMN 21 Desguinlei Zuidkant
668,Desguinlei 100,2023-08-14,19:00:00,55,13,42,FMN 21 Desguinlei Zuidkant
668,Desguinlei 100,2023-08-14,20:00:00,67,20,47,FMN 21 Desguinlei Zuidkant
668,Desguinlei 100,2023-08-14,21:00:00,50,13,37,FMN 21 Desguinlei Zuidkant
668,Desguinlei 100,2023-08-14,22:00:00,52,17,35,FMN 21 Desguinlei Zuidkant
668,Desguinlei 100,2023-08-14,23:00:00,21,3,18,FMN 21 Desguinlei Zuidkant
668,Desguinlei 100,2023-08-15,00:00:00,0,0,0,FMN 21 Desguinlei Zuidkant
668,Desguinlei 100,2023-08-15,01:00:00,16,4,12,FMN 21 Desguinlei Zuidkant
668,Desguinlei 100,2023-08-15,02:00:00,5,2,3,FMN 21 Desguinlei Zuidkant
668,Desguinlei 100,2023-08-15,03:00:00,2,1,1,FMN 21 Desguinlei Zuidkant
668,Desguinlei 100,2023-08-15,04:00:00,5,0,5,FMN 21 Desguinlei Zuidkant
668,Desguinlei 100,2023-08-15,05:00:00,2,2,0,FMN 21 Desguinlei Zuidkant
668,Desguinlei 100,2023-08-15,06:00:00,7,2,5,FMN 21 Desguinlei Zuidkant
668,Desguinlei 100,2023-08-15,07:00:00,11,3,8,FMN 21 Desguinlei Zuidkant
668,Desguinlei 100,2023-08-15,08:00:00,15,2,13,FMN 21 Desguinlei Zuidkant
668,Desguinlei 100,2023-08-15,09:00:00,36,9,27,FMN 21 Desguinlei Zuidkant
668,Desguinlei 100,2023-08-15,10:00:00,54,6,48,FMN 21 Desguinlei Zuidkant
668,Desguinlei 100,2023-08-15,11:00:00,58,16,42,FMN 21 Desguinlei Zuidkant
668,Desguinlei 100,2023-08-15,12:00:00,73,13,60,FMN 21 Desguinlei Zuidkant
668,Desguinlei 100,2023-08-15,13:00:00,77,12,65,FMN 21 Desguinlei Zuidkant
668,Desguinlei 100,2023-08-15,14:00:00,83,25,58,FMN 21 Desguinlei Zuidkant
668,Desguinlei 100,2023-08-15,15:00:00,87,16,71,FMN 21 Desguinlei Zuidkant
668,Desguinlei 100,2023-08-15,16:00:00,85,15,70,FMN 21 Desguinlei Zuidkant
668,Desguinlei 100,2023-08-15,17:00:00,77,12,65,FMN 21 Desguinlei Zuidkant
668,Desguinlei 100,2023-08-15,18:00:00,82,15,67,FMN 21 Desguinlei Zuidkant
668,Desguinlei 100,2023-08-15,19:00:00,71,11,60,FMN 21 Desguinlei Zuidkant
668,Desguinlei 100,2023-08-15,20:00:00,52,13,39,FMN 21 Desguinlei Zuidkant
668,Desguinlei 100,2023-08-15,21:00:00,49,14,35,FMN 21 Desguinlei Zuidkant
668,Desguinlei 100,2023-08-15,22:00:00,34,6,28,FMN 21 Desguinlei Zuidkant
668,Desguinlei 100,2023-08-15,23:00:00,18,4,14,FMN 21 Desguinlei Zuidkant
668,Desguinlei 100,2023-08-16,00:00:00,12,0,12,FMN 21 Desguinlei Zuidkant
668,Desguinlei 100,2023-08-16,01:00:00,5,2,3,FMN 21 Desguinlei Zuidkant
668,Desguinlei 100,2023-08-16,02:00:00,6,0,6,FMN 21 Desguinlei Zuidkant
668,Desguinlei 100,2023-08-16,03:00:00,3,2,1,FMN 21 Desguinlei Zuidkant
668,Desguinlei 100,2023-08-16,04:00:00,9,3,6,FMN 21 Desguinlei Zuidkant
668,Desguinlei 100,2023-08-16,05:00:00,15,4,11,FMN 21 Desguinlei Zuidkant
668,Desguinlei 100,2023-08-16,06:00:00,37,13,24,FMN 21 Desguinlei Zuidkant
668,Desguinlei 100,2023-08-16,07:00:00,77,25,52,FMN 21 Desguinlei Zuidkant
668,Desguinlei 100,2023-08-16,08:00:00,114,34,80,FMN 21 Desguinlei Zuidkant
668,Desguinlei 100,2023-08-16,09:00:00,72,28,44,FMN 21 Desguinlei Zuidkant
668,Desguinlei 100,2023-08-16,10:00:00,50,13,37,FMN 21 Desguinlei Zuidkant
668,Desguinlei 100,2023-08-16,11:00:00,71,16,55,FMN 21 Desguinlei Zuidkant
668,Desguinlei 100,2023-08-16,12:00:00,67,15,52,FMN 21 Desguinlei Zuidkant
668,Desguinlei 100,2023-08-16,13:00:00,60,14,46,FMN 21 Desguinlei Zuidkant
668,Desguinlei 100,2023-08-16,14:00:00,77,13,64,FMN 21 Desguinlei Zuidkant
668,Desguinlei 100,2023-08-16,15:00:00,82,9,73,FMN 21 Desguinlei Zuidkant
668,Desguinlei 100,2023-08-16,16:00:00,137,20,117,FMN 21 Desguinlei Zuidkant
668,Desguinlei 100,2023-08-16,17:00:00,159,17,142,FMN 21 Desguinlei Zuidkant
668,Desguinlei 100,2023-08-16,18:00:00,119,20,99,FMN 21 Desguinlei Zuidkant
668,Desguinlei 100,2023-08-16,19:00:00,76,20,56,FMN 21 Desguinlei Zuidkant
668,Desguinlei 100,2023-08-16,20:00:00,50,19,31,FMN 21 Desguinlei Zuidkant
668,Desguinlei 100,2023-08-16,21:00:00,43,15,28,FMN 21 Desguinlei Zuidkant
668,Desguinlei 100,2023-08-16,22:00:00,49,14,35,FMN 21 Desguinlei Zuidkant
668,Desguinlei 100,2023-08-16,23:00:00,18,2,16,FMN 21 Desguinlei Zuidkant
668,Desguinlei 100,2023-08-17,00:00:00,15,5,10,FMN 21 Desguinlei Zuidkant
668,Desguinlei 100,2023-08-17,01:00:00,9,0,9,FMN 21 Desguinlei Zuidkant
668,Desguinlei 100,2023-08-17,02:00:00,3,1,2,FMN 21 Desguinlei Zuidkant
668,Desguinlei 100,2023-08-17,03:00:00,3,0,3,FMN 21 Desguinlei Zuidkant
668,Desguinlei 100,2023-08-17,04:00:00,7,1,6,FMN 21 Desguinlei Zuidkant
668,Desguinlei 100,2023-08-17,05:00:00,17,8,9,FMN 21 Desguinlei Zuidkant
668,Desguinlei 100,2023-08-17,06:00:00,35,16,19,FMN 21 Desguinlei Zuidkant
668,Desguinlei 100,2023-08-17,07:00:00,87,24,63,FMN 21 Desguinlei Zuidkant
668,Desguinlei 100,2023-08-17,08:00:00,108,31,77,FMN 21 Desguinlei Zuidkant
668,Desguinlei 100,2023-08-17,09:00:00,76,32,44,FMN 21 Desguinlei Zuidkant
668,Desguinlei 100,2023-08-17,10:00:00,52,8,44,FMN 21 Desguinlei Zuidkant
668,Desguinlei 100,2023-08-17,11:00:00,44,9,35,FMN 21 Desguinlei Zuidkant
668,Desguinlei 100,2023-08-17,12:00:00,85,26,59,FMN 21 Desguinlei Zuidkant
668,Desguinlei 100,2023-08-17,13:00:00,77,16,61,FMN 21 Desguinlei Zuidkant
668,Desguinlei 100,2023-08-17,14:00:00,72,11,61,FMN 21 Desguinlei Zuidkant
668,Desguinlei 100,2023-08-17,15:00:00,80,12,68,FMN 21 Desguinlei Zuidkant
668,Desguinlei 100,2023-08-17,16:00:00,151,31,120,FMN 21 Desguinlei Zuidkant
668,Desguinlei 100,2023-08-17,17:00:00,180,32,148,FMN 21 Desguinlei Zuidkant
668,Desguinlei 100,2023-08-17,18:00:00,107,21,86,FMN 21 Desguinlei Zuidkant
668,Desguinlei 100,2023-08-17,19:00:00,104,19,85,FMN 21 Desguinlei Zuidkant
668,Desguinlei 100,2023-08-17,20:00:00,71,25,46,FMN 21 Desguinlei Zuidkant
668,Desguinlei 100,2023-08-17,21:00:00,64,26,38,FMN 21 Desguinlei Zuidkant
668,Desguinlei 100,2023-08-17,22:00:00,46,15,31,FMN 21 Desguinlei Zuidkant
668,Desguinlei 100,2023-08-17,23:00:00,35,9,26,FMN 21 Desguinlei Zuidkant
668,Desguinlei 100,2023-08-18,00:00:00,17,6,11,FMN 21 Desguinlei Zuidkant
668,Desguinlei 100,2023-08-18,01:00:00,6,1,5,FMN 21 Desguinlei Zuidkant
668,Desguinlei 100,2023-08-18,02:00:00,5,2,3,FMN 21 Desguinlei Zuidkant
668,Desguinlei 100,2023-08-18,03:00:00,5,1,4,FMN 21 Desguinlei Zuidkant
668,Desguinlei 100,2023-08-18,04:00:00,6,0,6,FMN 21 Desguinlei Zuidkant
668,Desguinlei 100,2023-08-18,05:00:00,17,6,11,FMN 21 Desguinlei Zuidkant
668,Desguinlei 100,2023-08-18,06:00:00,43,11,32,FMN 21 Desguinlei Zuidkant
668,Desguinlei 100,2023-08-18,07:00:00,75,20,55,FMN 21 Desguinlei Zuidkant
668,Desguinlei 100,2023-08-18,08:00:00,96,30,66,FMN 21 Desguinlei Zuidkant
668,Desguinlei 100,2023-08-18,09:00:00,74,31,43,FMN 21 Desguinlei Zuidkant
668,Desguinlei 100,2023-08-18,10:00:00,61,12,49,FMN 21 Desguinlei Zuidkant
668,Desguinlei 100,2023-08-18,11:00:00,54,10,44,FMN 21 Desguinlei Zuidkant
668,Desguinlei 100,2023-08-18,12:00:00,87,20,67,FMN 21 Desguinlei Zuidkant
668,Desguinlei 100,2023-08-18,13:00:00,63,9,54,FMN 21 Desguinlei Zuidkant
668,Desguinlei 100,2023-08-18,14:00:00,83,7,76,FMN 21 Desguinlei Zuidkant
668,Desguinlei 100,2023-08-18,15:00:00,88,18,70,FMN 21 Desguinlei Zuidkant
668,Desguinlei 100,2023-08-18,16:00:00,106,22,84,FMN 21 Desguinlei Zuidkant
668,Desguinlei 100,2023-08-18,17:00:00,133,17,116,FMN 21 Desguinlei Zuidkant
668,Desguinlei 100,2023-08-18,18:00:00,120,14,106,FMN 21 Desguinlei Zuidkant
668,Desguinlei 100,2023-08-18,19:00:00,83,16,67,FMN 21 Desguinlei Zuidkant
668,Desguinlei 100,2023-08-18,20:00:00,64,19,45,FMN 21 Desguinlei Zuidkant
668,Desguinlei 100,2023-08-18,21:00:00,55,7,48,FMN 21 Desguinlei Zuidkant
668,Desguinlei 100,2023-08-18,22:00:00,40,16,24,FMN 21 Desguinlei Zuidkant
668,Desguinlei 100,2023-08-18,23:00:00,44,13,31,FMN 21 Desguinlei Zuidkant
668,Desguinlei 100,2023-08-19,00:00:00,34,4,30,FMN 21 Desguinlei Zuidkant
668,Desguinlei 100,2023-08-19,01:00:00,34,10,24,FMN 21 Desguinlei Zuidkant
668,Desguinlei 100,2023-08-19,02:00:00,18,4,14,FMN 21 Desguinlei Zuidkant
668,Desguinlei 100,2023-08-19,03:00:00,16,2,14,FMN 21 Desguinlei Zuidkant
668,Desguinlei 100,2023-08-19,04:00:00,9,3,6,FMN 21 Desguinlei Zuidkant
668,Desguinlei 100,2023-08-19,05:00:00,4,0,4,FMN 21 Desguinlei Zuidkant
668,Desguinlei 100,2023-08-19,06:00:00,12,3,9,FMN 21 Desguinlei Zuidkant
668,Desguinlei 100,2023-08-19,07:00:00,12,4,8,FMN 21 Desguinlei Zuidkant
668,Desguinlei 100,2023-08-19,08:00:00,19,4,15,FMN 21 Desguinlei Zuidkant
668,Desguinlei 100,2023-08-19,09:00:00,39,9,30,FMN 21 Desguinlei Zuidkant
668,Desguinlei 100,2023-08-19,10:00:00,32,8,24,FMN 21 Desguinlei Zuidkant
668,Desguinlei 100,2023-08-19,11:00:00,46,13,33,FMN 21 Desguinlei Zuidkant
668,Desguinlei 100,2023-08-19,12:00:00,67,14,53,FMN 21 Desguinlei Zuidkant
668,Desguinlei 100,2023-08-19,13:00:00,62,9,53,FMN 21 Desguinlei Zuidkant
668,Desguinlei 100,2023-08-19,14:00:00,52,5,47,FMN 21 Desguinlei Zuidkant
668,Desguinlei 100,2023-08-19,15:00:00,67,13,54,FMN 21 Desguinlei Zuidkant
668,Desguinlei 100,2023-08-19,16:00:00,66,12,54,FMN 21 Desguinlei Zuidkant
668,Desguinlei 100,2023-08-19,17:00:00,79,11,68,FMN 21 Desguinlei Zuidkant
668,Desguinlei 100,2023-08-19,18:00:00,79,16,63,FMN 21 Desguinlei Zuidkant
668,Desguinlei 100,2023-08-19,19:00:00,82,12,70,FMN 21 Desguinlei Zuidkant
668,Desguinlei 100,2023-08-19,20:00:00,50,11,39,FMN 21 Desguinlei Zuidkant
668,Desguinlei 100,2023-08-19,21:00:00,44,7,37,FMN 21 Desguinlei Zuidkant
668,Desguinlei 100,2023-08-19,22:00:00,38,3,35,FMN 21 Desguinlei Zuidkant
668,Desguinlei 100,2023-08-19,23:00:00,32,7,25,FMN 21 Desguinlei Zuidkant
668,Desguinlei 100,2023-08-20,00:00:00,33,7,26,FMN 21 Desguinlei Zuidkant
668,Desguinlei 100,2023-08-20,01:00:00,13,2,11,FMN 21 Desguinlei Zuidkant
668,Desguinlei 100,2023-08-20,02:00:00,12,4,8,FMN 21 Desguinlei Zuidkant
668,Desguinlei 100,2023-08-20,03:00:00,7,2,5,FMN 21 Desguinlei Zuidkant
668,Desguinlei 100,2023-08-20,04:00:00,6,1,5,FMN 21 Desguinlei Zuidkant
668,Desguinlei 100,2023-08-20,05:00:00,8,1,7,FMN 21 Desguinlei Zuidkant
668,Desguinlei 100,2023-08-20,06:00:00,15,5,10,FMN 21 Desguinlei Zuidkant
668,Desguinlei 100,2023-08-20,07:00:00,9,2,7,FMN 21 Desguinlei Zuidkant
668,Desguinlei 100,2023-08-20,08:00:00,14,4,10,FMN 21 Desguinlei Zuidkant
668,Desguinlei 100,2023-08-20,09:00:00,43,4,39,FMN 21 Desguinlei Zuidkant
668,Desguinlei 100,2023-08-20,10:00:00,53,17,36,FMN 21 Desguinlei Zuidkant
668,Desguinlei 100,2023-08-20,11:00:00,82,21,61,FMN 21 Desguinlei Zuidkant
668,Desguinlei 100,2023-08-20,12:00:00,70,10,60,FMN 21 Desguinlei Zuidkant
668,Desguinlei 100,2023-08-20,13:00:00,66,15,51,FMN 21 Desguinlei Zuidkant
668,Desguinlei 100,2023-08-20,14:00:00,81,24,57,FMN 21 Desguinlei Zuidkant
668,Desguinlei 100,2023-08-20,15:00:00,71,13,58,FMN 21 Desguinlei Zuidkant
668,Desguinlei 100,2023-08-20,16:00:00,87,20,67,FMN 21 Desguinlei Zuidkant
668,Desguinlei 100,2023-08-20,17:00:00,59,7,52,FMN 21 Desguinlei Zuidkant
668,Desguinlei 100,2023-08-20,18:00:00,83,7,76,FMN 21 Desguinlei Zuidkant
668,Desguinlei 100,2023-08-20,19:00:00,61,10,51,FMN 21 Desguinlei Zuidkant
668,Desguinlei 100,2023-08-20,20:00:00,60,7,53,FMN 21 Desguinlei Zuidkant
668,Desguinlei 100,2023-08-20,21:00:00,53,13,40,FMN 21 Desguinlei Zuidkant
668,Desguinlei 100,2023-08-20,22:00:00,34,4,30,FMN 21 Desguinlei Zuidkant
668,Desguinlei 100,2023-08-20,23:00:00,21,5,16,FMN 21 Desguinlei Zuidkant
668,Desguinlei 100,2023-08-21,00:00:00,12,3,9,FMN 21 Desguinlei Zuidkant
668,Desguinlei 100,2023-08-21,01:00:00,8,1,7,FMN 21 Desguinlei Zuidkant
668,Desguinlei 100,2023-08-21,02:00:00,2,0,2,FMN 21 Desguinlei Zuidkant
668,Desguinlei 100,2023-08-21,03:00:00,7,3,4,FMN 21 Desguinlei Zuidkant
668,Desguinlei 100,2023-08-21,04:00:00,14,0,14,FMN 21 Desguinlei Zuidkant
668,Desguinlei 100,2023-08-21,05:00:00,13,5,8,FMN 21 Desguinlei Zuidkant
668,Desguinlei 100,2023-08-21,06:00:00,33,7,26,FMN 21 Desguinlei Zuidkant
668,Desguinlei 100,2023-08-21,07:00:00,88,22,66,FMN 21 Desguinlei Zuidkant
668,Desguinlei 100,2023-08-21,08:00:00,140,44,96,FMN 21 Desguinlei Zuidkant
668,Desguinlei 100,2023-08-21,09:00:00,69,20,49,FMN 21 Desguinlei Zuidkant
668,Desguinlei 100,2023-08-21,10:00:00,49,11,38,FMN 21 Desguinlei Zuidkant
668,Desguinlei 100,2023-08-21,11:00:00,56,12,44,FMN 21 Desguinlei Zuidkant
668,Desguinlei 100,2023-08-21,12:00:00,83,23,60,FMN 21 Desguinlei Zuidkant
668,Desguinlei 100,2023-08-21,13:00:00,69,18,51,FMN 21 Desguinlei Zuidkant
668,Desguinlei 100,2023-08-21,14:00:00,69,19,50,FMN 21 Desguinlei Zuidkant
668,Desguinlei 100,2023-08-21,15:00:00,80,12,68,FMN 21 Desguinlei Zuidkant
668,Desguinlei 100,2023-08-21,16:00:00,143,27,116,FMN 21 Desguinlei Zuidkant
668,Desguinlei 100,2023-08-21,17:00:00,192,41,151,FMN 21 Desguinlei Zuidkant
668,Desguinlei 100,2023-08-21,18:00:00,158,37,121,FMN 21 Desguinlei Zuidkant
668,Desguinlei 100,2023-08-21,19:00:00,80,18,62,FMN 21 Desguinlei Zuidkant
668,Desguinlei 100,2023-08-21,20:00:00,88,34,54,FMN 21 Desguinlei Zuidkant
668,Desguinlei 100,2023-08-21,21:00:00,62,18,44,FMN 21 Desguinlei Zuidkant
668,Desguinlei 100,2023-08-21,22:00:00,53,15,38,FMN 21 Desguinlei Zuidkant
668,Desguinlei 100,2023-08-21,23:00:00,37,12,25,FMN 21 Desguinlei Zuidkant
668,Desguinlei 100,2023-08-22,00:00:00,10,4,6,FMN 21 Desguinlei Zuidkant
668,Desguinlei 100,2023-08-22,01:00:00,5,2,3,FMN 21 Desguinlei Zuidkant
668,Desguinlei 100,2023-08-22,02:00:00,2,1,1,FMN 21 Desguinlei Zuidkant
668,Desguinlei 100,2023-08-22,03:00:00,3,0,3,FMN 21 Desguinlei Zuidkant
668,Desguinlei 100,2023-08-22,04:00:00,13,2,11,FMN 21 Desguinlei Zuidkant
668,Desguinlei 100,2023-08-22,05:00:00,14,4,10,FMN 21 Desguinlei Zuidkant
668,Desguinlei 100,2023-08-22,06:00:00,47,11,36,FMN 21 Desguinlei Zuidkant
668,Desguinlei 100,2023-08-22,07:00:00,86,19,67,FMN 21 Desguinlei Zuidkant
668,Desguinlei 100,2023-08-22,08:00:00,148,42,106,FMN 21 Desguinlei Zuidkant
668,Desguinlei 100,2023-08-22,09:00:00,95,35,60,FMN 21 Desguinlei Zuidkant
668,Desguinlei 100,2023-08-22,10:00:00,44,10,34,FMN 21 Desguinlei Zuidkant
668,Desguinlei 100,2023-08-22,11:00:00,66,15,51,FMN 21 Desguinlei Zuidkant
668,Desguinlei 100,2023-08-22,12:00:00,75,19,56,FMN 21 Desguinlei Zuidkant
668,Desguinlei 100,2023-08-22,13:00:00,71,13,58,FMN 21 Desguinlei Zuidkant
668,Desguinlei 100,2023-08-22,14:00:00,68,18,50,FMN 21 Desguinlei Zuidkant
668,Desguinlei 100,2023-08-22,15:00:00,92,16,76,FMN 21 Desguinlei Zuidkant
668,Desguinlei 100,2023-08-22,16:00:00,150,24,126,FMN 21 Desguinlei Zuidkant
668,Desguinlei 100,2023-08-22,17:00:00,185,20,165,FMN 21 Desguinlei Zuidkant
668,Desguinlei 100,2023-08-22,18:00:00,169,28,141,FMN 21 Desguinlei Zuidkant
668,Desguinlei 100,2023-08-22,19:00:00,124,39,85,FMN 21 Desguinlei Zuidkant
668,Desguinlei 100,2023-08-22,20:00:00,83,18,65,FMN 21 Desguinlei Zuidkant
668,Desguinlei 100,2023-08-22,21:00:00,49,23,26,FMN 21 Desguinlei Zuidkant
668,Desguinlei 100,2023-08-22,22:00:00,55,15,40,FMN 21 Desguinlei Zuidkant
668,Desguinlei 100,2023-08-22,23:00:00,31,10,21,FMN 21 Desguinlei Zuidkant
668,Desguinlei 100,2023-08-23,00:00:00,11,2,9,FMN 21 Desguinlei Zuidkant
668,Desguinlei 100,2023-08-23,01:00:00,8,1,7,FMN 21 Desguinlei Zuidkant
668,Desguinlei 100,2023-08-23,02:00:00,2,0,2,FMN 21 Desguinlei Zuidkant
668,Desguinlei 100,2023-08-23,03:00:00,2,0,2,FMN 21 Desguinlei Zuidkant
668,Desguinlei 100,2023-08-23,04:00:00,8,0,8,FMN 21 Desguinlei Zuidkant
668,Desguinlei 100,2023-08-23,05:00:00,19,9,10,FMN 21 Desguinlei Zuidkant
668,Desguinlei 100,2023-08-23,06:00:00,36,9,27,FMN 21 Desguinlei Zuidkant
668,Desguinlei 100,2023-08-23,07:00:00,88,23,65,FMN 21 Desguinlei Zuidkant
668,Desguinlei 100,2023-08-23,08:00:00,135,41,94,FMN 21 Desguinlei Zuidkant
668,Desguinlei 100,2023-08-23,09:00:00,88,33,55,FMN 21 Desguinlei Zuidkant
668,Desguinlei 100,2023-08-23,10:00:00,53,10,43,FMN 21 Desguinlei Zuidkant
668,Desguinlei 100,2023-08-23,11:00:00,52,9,43,FMN 21 Desguinlei Zuidkant
668,Desguinlei 100,2023-08-23,12:00:00,83,17,66,FMN 21 Desguinlei Zuidkant
668,Desguinlei 100,2023-08-23,13:00:00,91,28,63,FMN 21 Desguinlei Zuidkant
668,Desguinlei 100,2023-08-23,14:00:00,88,19,69,FMN 21 Desguinlei Zuidkant
668,Desguinlei 100,2023-08-23,15:00:00,106,19,87,FMN 21 Desguinlei Zuidkant
668,Desguinlei 100,2023-08-23,16:00:00,167,34,133,FMN 21 Desguinlei Zuidkant
668,Desguinlei 100,2023-08-23,17:00:00,214,39,175,FMN 21 Desguinlei Zuidkant
668,Desguinlei 100,2023-08-23,18:00:00,152,35,117,FMN 21 Desguinlei Zuidkant
668,Desguinlei 100,2023-08-23,19:00:00,113,28,85,FMN 21 Desguinlei Zuidkant
668,Desguinlei 100,2023-08-23,20:00:00,100,24,76,FMN 21 Desguinlei Zuidkant
668,Desguinlei 100,2023-08-23,21:00:00,76,22,54,FMN 21 Desguinlei Zuidkant
668,Desguinlei 100,2023-08-23,22:00:00,56,16,40,FMN 21 Desguinlei Zuidkant
668,Desguinlei 100,2023-08-23,23:00:00,33,9,24,FMN 21 Desguinlei Zuidkant
668,Desguinlei 100,2023-08-24,00:00:00,23,4,19,FMN 21 Desguinlei Zuidkant
668,Desguinlei 100,2023-08-24,01:00:00,10,0,10,FMN 21 Desguinlei Zuidkant
668,Desguinlei 100,2023-08-24,02:00:00,8,1,7,FMN 21 Desguinlei Zuidkant
668,Desguinlei 100,2023-08-24,03:00:00,4,0,4,FMN 21 Desguinlei Zuidkant
668,Desguinlei 100,2023-08-24,04:00:00,15,3,12,FMN 21 Desguinlei Zuidkant
668,Desguinlei 100,2023-08-24,05:00:00,14,5,9,FMN 21 Desguinlei Zuidkant
668,Desguinlei 100,2023-08-24,06:00:00,29,14,15,FMN 21 Desguinlei Zuidkant
668,Desguinlei 100,2023-08-24,07:00:00,79,24,55,FMN 21 Desguinlei Zuidkant
668,Desguinlei 100,2023-08-24,08:00:00,137,41,96,FMN 21 Desguinlei Zuidkant
668,Desguinlei 100,2023-08-24,09:00:00,105,39,66,FMN 21 Desguinlei Zuidkant
668,Desguinlei 100,2023-08-24,10:00:00,46,13,33,FMN 21 Desguinlei Zuidkant
668,Desguinlei 100,2023-08-24,11:00:00,57,6,51,FMN 21 Desguinlei Zuidkant
668,Desguinlei 100,2023-08-24,12:00:00,39,7,32,FMN 21 Desguinlei Zuidkant
668,Desguinlei 100,2023-08-24,13:00:00,43,14,29,FMN 21 Desguinlei Zuidkant
668,Desguinlei 100,2023-08-24,14:00:00,63,17,46,FMN 21 Desguinlei Zuidkant
668,Desguinlei 100,2023-08-24,15:00:00,64,17,47,FMN 21 Desguinlei Zuidkant
668,Desguinlei 100,2023-08-24,16:00:00,151,26,125,FMN 21 Desguinlei Zuidkant
668,Desguinlei 100,2023-08-24,17:00:00,159,28,131,FMN 21 Desguinlei Zuidkant
668,Desguinlei 100,2023-08-24,18:00:00,146,24,122,FMN 21 Desguinlei Zuidkant
668,Desguinlei 100,2023-08-24,19:00:00,92,26,66,FMN 21 Desguinlei Zuidkant
668,Desguinlei 100,2023-08-24,20:00:00,69,21,48,FMN 21 Desguinlei Zuidkant
668,Desguinlei 100,2023-08-24,21:00:00,50,14,36,FMN 21 Desguinlei Zuidkant
668,Desguinlei 100,2023-08-24,22:00:00,54,13,41,FMN 21 Desguinlei Zuidkant
668,Desguinlei 100,2023-08-24,23:00:00,29,9,20,FMN 21 Desguinlei Zuidkant
668,Desguinlei 100,2023-08-25,00:00:00,13,3,10,FMN 21 Desguinlei Zuidkant
668,Desguinlei 100,2023-08-25,01:00:00,3,3,0,FMN 21 Desguinlei Zuidkant
668,Desguinlei 100,2023-08-25,02:00:00,5,2,3,FMN 21 Desguinlei Zuidkant
668,Desguinlei 100,2023-08-25,03:00:00,8,2,6,FMN 21 Desguinlei Zuidkant
668,Desguinlei 100,2023-08-25,04:00:00,12,1,11,FMN 21 Desguinlei Zuidkant
668,Desguinlei 100,2023-08-25,05:00:00,13,3,10,FMN 21 Desguinlei Zuidkant
668,Desguinlei 100,2023-08-25,06:00:00,32,8,24,FMN 21 Desguinlei Zuidkant
668,Desguinlei 100,2023-08-25,07:00:00,65,21,44,FMN 21 Desguinlei Zuidkant
668,Desguinlei 100,2023-08-25,08:00:00,94,27,67,FMN 21 Desguinlei Zuidkant
668,Desguinlei 100,2023-08-25,09:00:00,51,14,37,FMN 21 Desguinlei Zuidkant
668,Desguinlei 100,2023-08-25,10:00:00,51,11,40,FMN 21 Desguinlei Zuidkant
668,Desguinlei 100,2023-08-25,11:00:00,40,14,26,FMN 21 Desguinlei Zuidkant
668,Desguinlei 100,2023-08-25,12:00:00,73,18,55,FMN 21 Desguinlei Zuidkant
668,Desguinlei 100,2023-08-25,13:00:00,72,13,59,FMN 21 Desguinlei Zuidkant
668,Desguinlei 100,2023-08-25,14:00:00,69,17,52,FMN 21 Desguinlei Zuidkant
668,Desguinlei 100,2023-08-25,15:00:00,88,16,72,FMN 21 Desguinlei Zuidkant
668,Desguinlei 100,2023-08-25,16:00:00,110,16,94,FMN 21 Desguinlei Zuidkant
668,Desguinlei 100,2023-08-25,17:00:00,134,22,112,FMN 21 Desguinlei Zuidkant
668,Desguinlei 100,2023-08-25,18:00:00,121,26,95,FMN 21 Desguinlei Zuidkant
668,Desguinlei 100,2023-08-25,19:00:00,55,14,41,FMN 21 Desguinlei Zuidkant
668,Desguinlei 100,2023-08-25,20:00:00,48,18,30,FMN 21 Desguinlei Zuidkant
668,Desguinlei 100,2023-08-25,21:00:00,50,10,40,FMN 21 Desguinlei Zuidkant
668,Desguinlei 100,2023-08-25,22:00:00,31,9,22,FMN 21 Desguinlei Zuidkant
668,Desguinlei 100,2023-08-25,23:00:00,28,4,24,FMN 21 Desguinlei Zuidkant
668,Desguinlei 100,2023-08-26,00:00:00,27,7,20,FMN 21 Desguinlei Zuidkant
668,Desguinlei 100,2023-08-26,01:00:00,22,7,15,FMN 21 Desguinlei Zuidkant
668,Desguinlei 100,2023-08-26,02:00:00,20,2,18,FMN 21 Desguinlei Zuidkant
668,Desguinlei 100,2023-08-26,03:00:00,25,7,18,FMN 21 Desguinlei Zuidkant
668,Desguinlei 100,2023-08-26,04:00:00,15,2,13,FMN 21 Desguinlei Zuidkant
668,Desguinlei 100,2023-08-26,05:00:00,6,2,4,FMN 21 Desguinlei Zuidkant
668,Desguinlei 100,2023-08-26,06:00:00,19,6,13,FMN 21 Desguinlei Zuidkant
668,Desguinlei 100,2023-08-26,07:00:00,19,7,12,FMN 21 Desguinlei Zuidkant
668,Desguinlei 100,2023-08-26,08:00:00,21,4,17,FMN 21 Desguinlei Zuidkant
668,Desguinlei 100,2023-08-26,09:00:00,35,13,22,FMN 21 Desguinlei Zuidkant
668,Desguinlei 100,2023-08-26,10:00:00,49,7,42,FMN 21 Desguinlei Zuidkant
668,Desguinlei 100,2023-08-26,11:00:00,66,17,49,FMN 21 Desguinlei Zuidkant
668,Desguinlei 100,2023-08-26,12:00:00,69,12,57,FMN 21 Desguinlei Zuidkant
668,Desguinlei 100,2023-08-26,13:00:00,72,10,62,FMN 21 Desguinlei Zuidkant
668,Desguinlei 100,2023-08-26,14:00:00,58,17,41,FMN 21 Desguinlei Zuidkant
668,Desguinlei 100,2023-08-26,15:00:00,66,12,54,FMN 21 Desguinlei Zuidkant
668,Desguinlei 100,2023-08-26,16:00:00,64,12,52,FMN 21 Desguinlei Zuidkant
668,Desguinlei 100,2023-08-26,17:00:00,95,9,86,FMN 21 Desguinlei Zuidkant
668,Desguinlei 100,2023-08-26,18:00:00,121,20,101,FMN 21 Desguinlei Zuidkant
668,Desguinlei 100,2023-08-26,19:00:00,65,6,59,FMN 21 Desguinlei Zuidkant
668,Desguinlei 100,2023-08-26,20:00:00,76,13,63,FMN 21 Desguinlei Zuidkant
668,Desguinlei 100,2023-08-26,21:00:00,39,6,33,FMN 21 Desguinlei Zuidkant
668,Desguinlei 100,2023-08-26,22:00:00,39,9,30,FMN 21 Desguinlei Zuidkant
668,Desguinlei 100,2023-08-26,23:00:00,35,3,32,FMN 21 Desguinlei Zuidkant
668,Desguinlei 100,2023-08-27,00:00:00,36,13,23,FMN 21 Desguinlei Zuidkant
668,Desguinlei 100,2023-08-27,01:00:00,21,7,14,FMN 21 Desguinlei Zuidkant
668,Desguinlei 100,2023-08-27,02:00:00,17,5,12,FMN 21 Desguinlei Zuidkant
668,Desguinlei 100,2023-08-27,03:00:00,9,1,8,FMN 21 Desguinlei Zuidkant
668,Desguinlei 100,2023-08-27,04:00:00,8,1,7,FMN 21 Desguinlei Zuidkant
668,Desguinlei 100,2023-08-27,05:00:00,5,1,4,FMN 21 Desguinlei Zuidkant
668,Desguinlei 100,2023-08-27,06:00:00,5,0,5,FMN 21 Desguinlei Zuidkant
668,Desguinlei 100,2023-08-27,07:00:00,9,1,8,FMN 21 Desguinlei Zuidkant
668,Desguinlei 100,2023-08-27,08:00:00,13,1,12,FMN 21 Desguinlei Zuidkant
668,Desguinlei 100,2023-08-27,09:00:00,56,15,41,FMN 21 Desguinlei Zuidkant
668,Desguinlei 100,2023-08-27,10:00:00,51,15,36,FMN 21 Desguinlei Zuidkant
668,Desguinlei 100,2023-08-27,11:00:00,119,25,94,FMN 21 Desguinlei Zuidkant
668,Desguinlei 100,2023-08-27,12:00:00,132,27,105,FMN 21 Desguinlei Zuidkant
668,Desguinlei 100,2023-08-27,13:00:00,88,11,77,FMN 21 Desguinlei Zuidkant
668,Desguinlei 100,2023-08-27,14:00:00,69,12,57,FMN 21 Desguinlei Zuidkant
668,Desguinlei 100,2023-08-27,15:00:00,60,32,28,FMN 21 Desguinlei Zuidkant
668,Desguinlei 100,2023-08-27,16:00:00,173,18,155,FMN 21 Desguinlei Zuidkant
668,Desguinlei 100,2023-08-27,17:00:00,189,16,173,FMN 21 Desguinlei Zuidkant
668,Desguinlei 100,2023-08-27,18:00:00,180,17,163,FMN 21 Desguinlei Zuidkant
668,Desguinlei 100,2023-08-27,19:00:00,121,13,108,FMN 21 Desguinlei Zuidkant
668,Desguinlei 100,2023-08-27,20:00:00,59,13,46,FMN 21 Desguinlei Zuidkant
668,Desguinlei 100,2023-08-27,21:00:00,38,3,35,FMN 21 Desguinlei Zuidkant
668,Desguinlei 100,2023-08-27,22:00:00,37,4,33,FMN 21 Desguinlei Zuidkant
668,Desguinlei 100,2023-08-27,23:00:00,21,5,16,FMN 21 Desguinlei Zuidkant
668,Desguinlei 100,2023-08-28,00:00:00,26,6,20,FMN 21 Desguinlei Zuidkant
668,Desguinlei 100,2023-08-28,01:00:00,5,2,3,FMN 21 Desguinlei Zuidkant
668,Desguinlei 100,2023-08-28,02:00:00,6,1,5,FMN 21 Desguinlei Zuidkant
668,Desguinlei 100,2023-08-28,03:00:00,2,1,1,FMN 21 Desguinlei Zuidkant
668,Desguinlei 100,2023-08-28,04:00:00,8,2,6,FMN 21 Desguinlei Zuidkant
668,Desguinlei 100,2023-08-28,05:00:00,20,5,15,FMN 21 Desguinlei Zuidkant
668,Desguinlei 100,2023-08-28,06:00:00,36,9,27,FMN 21 Desguinlei Zuidkant
668,Desguinlei 100,2023-08-28,07:00:00,72,20,52,FMN 21 Desguinlei Zuidkant
668,Desguinlei 100,2023-08-28,08:00:00,127,52,75,FMN 21 Desguinlei Zuidkant
668,Desguinlei 100,2023-08-28,09:00:00,84,28,56,FMN 21 Desguinlei Zuidkant
668,Desguinlei 100,2023-08-28,10:00:00,62,15,47,FMN 21 Desguinlei Zuidkant
668,Desguinlei 100,2023-08-28,11:00:00,70,19,51,FMN 21 Desguinlei Zuidkant
668,Desguinlei 100,2023-08-28,12:00:00,104,21,83,FMN 21 Desguinlei Zuidkant
668,Desguinlei 100,2023-08-28,13:00:00,75,13,62,FMN 21 Desguinlei Zuidkant
668,Desguinlei 100,2023-08-28,14:00:00,77,17,60,FMN 21 Desguinlei Zuidkant
668,Desguinlei 100,2023-08-28,15:00:00,92,22,70,FMN 21 Desguinlei Zuidkant
668,Desguinlei 100,2023-08-28,16:00:00,109,23,86,FMN 21 Desguinlei Zuidkant
668,Desguinlei 100,2023-08-28,17:00:00,164,26,138,FMN 21 Desguinlei Zuidkant
668,Desguinlei 100,2023-08-28,18:00:00,92,18,74,FMN 21 Desguinlei Zuidkant
668,Desguinlei 100,2023-08-28,19:00:00,79,19,60,FMN 21 Desguinlei Zuidkant
668,Desguinlei 100,2023-08-28,20:00:00,53,13,40,FMN 21 Desguinlei Zuidkant
668,Desguinlei 100,2023-08-28,21:00:00,34,15,19,FMN 21 Desguinlei Zuidkant
668,Desguinlei 100,2023-08-28,22:00:00,47,22,25,FMN 21 Desguinlei Zuidkant
668,Desguinlei 100,2023-08-28,23:00:00,25,10,15,FMN 21 Desguinlei Zuidkant
668,Desguinlei 100,2023-08-29,00:00:00,9,3,6,FMN 21 Desguinlei Zuidkant
668,Desguinlei 100,2023-08-29,01:00:00,6,0,6,FMN 21 Desguinlei Zuidkant
668,Desguinlei 100,2023-08-29,02:00:00,1,0,1,FMN 21 Desguinlei Zuidkant
668,Desguinlei 100,2023-08-29,03:00:00,4,0,4,FMN 21 Desguinlei Zuidkant
668,Desguinlei 100,2023-08-29,04:00:00,11,4,7,FMN 21 Desguinlei Zuidkant
668,Desguinlei 100,2023-08-29,05:00:00,20,7,13,FMN 21 Desguinlei Zuidkant
668,Desguinlei 100,2023-08-29,06:00:00,34,10,24,FMN 21 Desguinlei Zuidkant
668,Desguinlei 100,2023-08-29,07:00:00,87,26,61,FMN 21 Desguinlei Zuidkant
668,Desguinlei 100,2023-08-29,08:00:00,164,53,111,FMN 21 Desguinlei Zuidkant
668,Desguinlei 100,2023-08-29,09:00:00,87,28,59,FMN 21 Desguinlei Zuidkant
668,Desguinlei 100,2023-08-29,10:00:00,69,12,57,FMN 21 Desguinlei Zuidkant
668,Desguinlei 100,2023-08-29,11:00:00,67,15,52,FMN 21 Desguinlei Zuidkant
668,Desguinlei 100,2023-08-29,12:00:00,101,24,77,FMN 21 Desguinlei Zuidkant
668,Desguinlei 100,2023-08-29,13:00:00,81,20,61,FMN 21 Desguinlei Zuidkant
668,Desguinlei 100,2023-08-29,14:00:00,86,20,66,FMN 21 Desguinlei Zuidkant
668,Desguinlei 100,2023-08-29,15:00:00,100,22,78,FMN 21 Desguinlei Zuidkant
668,Desguinlei 100,2023-08-29,16:00:00,157,20,137,FMN 21 Desguinlei Zuidkant
668,Desguinlei 100,2023-08-29,17:00:00,202,32,170,FMN 21 Desguinlei Zuidkant
668,Desguinlei 100,2023-08-29,18:00:00,128,25,103,FMN 21 Desguinlei Zuidkant
668,Desguinlei 100,2023-08-29,19:00:00,88,21,67,FMN 21 Desguinlei Zuidkant
668,Desguinlei 100,2023-08-29,20:00:00,66,20,46,FMN 21 Desguinlei Zuidkant
668,Desguinlei 100,2023-08-29,21:00:00,35,18,17,FMN 21 Desguinlei Zuidkant
668,Desguinlei 100,2023-08-29,22:00:00,48,20,28,FMN 21 Desguinlei Zuidkant
668,Desguinlei 100,2023-08-29,23:00:00,22,7,15,FMN 21 Desguinlei Zuidkant
668,Desguinlei 100,2023-08-30,00:00:00,12,4,8,FMN 21 Desguinlei Zuidkant
668,Desguinlei 100,2023-08-30,01:00:00,10,4,6,FMN 21 Desguinlei Zuidkant
668,Desguinlei 100,2023-08-30,02:00:00,4,2,2,FMN 21 Desguinlei Zuidkant
668,Desguinlei 100,2023-08-30,03:00:00,5,0,5,FMN 21 Desguinlei Zuidkant
668,Desguinlei 100,2023-08-30,04:00:00,11,4,7,FMN 21 Desguinlei Zuidkant
668,Desguinlei 100,2023-08-30,05:00:00,18,4,14,FMN 21 Desguinlei Zuidkant
668,Desguinlei 100,2023-08-30,06:00:00,41,9,32,FMN 21 Desguinlei Zuidkant
668,Desguinlei 100,2023-08-30,07:00:00,61,18,43,FMN 21 Desguinlei Zuidkant
668,Desguinlei 100,2023-08-30,08:00:00,106,35,71,FMN 21 Desguinlei Zuidkant
668,Desguinlei 100,2023-08-30,09:00:00,62,19,43,FMN 21 Desguinlei Zuidkant
668,Desguinlei 100,2023-08-30,10:00:00,46,12,34,FMN 21 Desguinlei Zuidkant
668,Desguinlei 100,2023-08-30,11:00:00,54,13,41,FMN 21 Desguinlei Zuidkant
668,Desguinlei 100,2023-08-30,12:00:00,66,12,54,FMN 21 Desguinlei Zuidkant
668,Desguinlei 100,2023-08-30,13:00:00,65,16,49,FMN 21 Desguinlei Zuidkant
668,Desguinlei 100,2023-08-30,14:00:00,79,15,64,FMN 21 Desguinlei Zuidkant
668,Desguinlei 100,2023-08-30,15:00:00,76,16,60,FMN 21 Desguinlei Zuidkant
668,Desguinlei 100,2023-08-30,16:00:00,130,20,110,FMN 21 Desguinlei Zuidkant
668,Desguinlei 100,2023-08-30,17:00:00,169,31,138,FMN 21 Desguinlei Zuidkant
668,Desguinlei 100,2023-08-30,18:00:00,131,25,106,FMN 21 Desguinlei Zuidkant
668,Desguinlei 100,2023-08-30,19:00:00,82,21,61,FMN 21 Desguinlei Zuidkant
668,Desguinlei 100,2023-08-30,20:00:00,92,34,58,FMN 21 Desguinlei Zuidkant
668,Desguinlei 100,2023-08-30,21:00:00,38,21,17,FMN 21 Desguinlei Zuidkant
668,Desguinlei 100,2023-08-30,22:00:00,32,8,24,FMN 21 Desguinlei Zuidkant
668,Desguinlei 100,2023-08-30,23:00:00,21,6,15,FMN 21 Desguinlei Zuidkant
668,Desguinlei 100,2023-08-31,00:00:00,10,3,7,FMN 21 Desguinlei Zuidkant
668,Desguinlei 100,2023-08-31,01:00:00,4,0,4,FMN 21 Desguinlei Zuidkant
668,Desguinlei 100,2023-08-31,02:00:00,5,0,5,FMN 21 Desguinlei Zuidkant
668,Desguinlei 100,2023-08-31,03:00:00,2,0,2,FMN 21 Desguinlei Zuidkant
668,Desguinlei 100,2023-08-31,04:00:00,8,2,6,FMN 21 Desguinlei Zuidkant
668,Desguinlei 100,2023-08-31,05:00:00,17,3,14,FMN 21 Desguinlei Zuidkant
668,Desguinlei 100,2023-08-31,06:00:00,39,16,23,FMN 21 Desguinlei Zuidkant
668,Desguinlei 100,2023-08-31,07:00:00,93,22,71,FMN 21 Desguinlei Zuidkant
668,Desguinlei 100,2023-08-31,08:00:00,135,48,87,FMN 21 Desguinlei Zuidkant
668,Desguinlei 100,2023-08-31,09:00:00,107,39,68,FMN 21 Desguinlei Zuidkant
668,Desguinlei 100,2023-08-31,10:00:00,72,15,57,FMN 21 Desguinlei Zuidkant
668,Desguinlei 100,2023-08-31,11:00:00,81,17,64,FMN 21 Desguinlei Zuidkant
668,Desguinlei 100,2023-08-31,12:00:00,99,27,72,FMN 21 Desguinlei Zuidkant
668,Desguinlei 100,2023-08-31,13:00:00,82,19,63,FMN 21 Desguinlei Zuidkant
668,Desguinlei 100,2023-08-31,14:00:00,96,30,66,FMN 21 Desguinlei Zuidkant
668,Desguinlei 100,2023-08-31,15:00:00,104,23,81,FMN 21 Desguinlei Zuidkant
668,Desguinlei 100,2023-08-31,16:00:00,125,17,108,FMN 21 Desguinlei Zuidkant
668,Desguinlei 100,2023-08-31,17:00:00,188,25,163,FMN 21 Desguinlei Zuidkant
668,Desguinlei 100,2023-08-31,18:00:00,145,24,121,FMN 21 Desguinlei Zuidkant
668,Desguinlei 100,2023-08-31,19:00:00,94,24,70,FMN 21 Desguinlei Zuidkant
668,Desguinlei 100,2023-08-31,20:00:00,68,29,39,FMN 21 Desguinlei Zuidkant
668,Desguinlei 100,2023-08-31,21:00:00,56,25,31,FMN 21 Desguinlei Zuidkant
668,Desguinlei 100,2023-08-31,22:00:00,43,20,23,FMN 21 Desguinlei Zuidkant
668,Desguinlei 100,2023-08-31,23:00:00,22,3,19,FMN 21 Desguinlei Zuidkant
668,Desguinlei 100,2023-09-01,00:00:00,8,0,8,FMN 21 Desguinlei Zuidkant
668,Desguinlei 100,2023-09-01,01:00:00,2,0,2,FMN 21 Desguinlei Zuidkant
668,Desguinlei 100,2023-09-01,02:00:00,4,1,3,FMN 21 Desguinlei Zuidkant
668,Desguinlei 100,2023-09-01,03:00:00,0,0,0,FMN 21 Desguinlei Zuidkant
668,Desguinlei 100,2023-09-01,04:00:00,10,2,8,FMN 21 Desguinlei Zuidkant
668,Desguinlei 100,2023-09-01,05:00:00,11,3,8,FMN 21 Desguinlei Zuidkant
668,Desguinlei 100,2023-09-01,06:00:00,26,7,19,FMN 21 Desguinlei Zuidkant
668,Desguinlei 100,2023-09-01,07:00:00,76,26,50,FMN 21 Desguinlei Zuidkant
668,Desguinlei 100,2023-09-01,08:00:00,100,42,58,FMN 21 Desguinlei Zuidkant
668,Desguinlei 100,2023-09-01,09:00:00,65,28,37,FMN 21 Desguinlei Zuidkant
668,Desguinlei 100,2023-09-01,10:00:00,29,9,20,FMN 21 Desguinlei Zuidkant
668,Desguinlei 100,2023-09-01,11:00:00,36,10,26,FMN 21 Desguinlei Zuidkant
668,Desguinlei 100,2023-09-01,12:00:00,63,14,49,FMN 21 Desguinlei Zuidkant
668,Desguinlei 100,2023-09-01,13:00:00,56,10,46,FMN 21 Desguinlei Zuidkant
668,Desguinlei 100,2023-09-01,14:00:00,64,15,49,FMN 21 Desguinlei Zuidkant
668,Desguinlei 100,2023-09-01,15:00:00,139,22,117,FMN 21 Desguinlei Zuidkant
668,Desguinlei 100,2023-09-01,16:00:00,131,23,108,FMN 21 Desguinlei Zuidkant
668,Desguinlei 100,2023-09-01,17:00:00,129,31,98,FMN 21 Desguinlei Zuidkant
668,Desguinlei 100,2023-09-01,18:00:00,108,24,84,FMN 21 Desguinlei Zuidkant
668,Desguinlei 100,2023-09-01,19:00:00,80,22,58,FMN 21 Desguinlei Zuidkant
668,Desguinlei 100,2023-09-01,20:00:00,60,18,42,FMN 21 Desguinlei Zuidkant
668,Desguinlei 100,2023-09-01,21:00:00,47,12,35,FMN 21 Desguinlei Zuidkant
668,Desguinlei 100,2023-09-01,22:00:00,48,18,30,FMN 21 Desguinlei Zuidkant
668,Desguinlei 100,2023-09-01,23:00:00,31,7,24,FMN 21 Desguinlei Zuidkant
668,Desguinlei 100,2023-09-02,00:00:00,34,5,29,FMN 21 Desguinlei Zuidkant
668,Desguinlei 100,2023-09-02,01:00:00,35,6,29,FMN 21 Desguinlei Zuidkant
668,Desguinlei 100,2023-09-02,02:00:00,9,1,8,FMN 21 Desguinlei Zuidkant
668,Desguinlei 100,2023-09-02,03:00:00,14,0,14,FMN 21 Desguinlei Zuidkant
668,Desguinlei 100,2023-09-02,04:00:00,15,4,11,FMN 21 Desguinlei Zuidkant
668,Desguinlei 100,2023-09-02,05:00:00,7,1,6,FMN 21 Desguinlei Zuidkant
668,Desguinlei 100,2023-09-02,06:00:00,15,2,13,FMN 21 Desguinlei Zuidkant
668,Desguinlei 100,2023-09-02,07:00:00,20,3,17,FMN 21 Desguinlei Zuidkant
668,Desguinlei 100,2023-09-02,08:00:00,43,5,38,FMN 21 Desguinlei Zuidkant
668,Desguinlei 100,2023-09-02,09:00:00,45,10,35,FMN 21 Desguinlei Zuidkant
668,Desguinlei 100,2023-09-02,10:00:00,77,17,60,FMN 21 Desguinlei Zuidkant
668,Desguinlei 100,2023-09-02,11:00:00,60,18,42,FMN 21 Desguinlei Zuidkant
668,Desguinlei 100,2023-09-02,12:00:00,74,28,46,FMN 21 Desguinlei Zuidkant
668,Desguinlei 100,2023-09-02,13:00:00,64,18,46,FMN 21 Desguinlei Zuidkant
668,Desguinlei 100,2023-09-02,14:00:00,93,25,68,FMN 21 Desguinlei Zuidkant
668,Desguinlei 100,2023-09-02,15:00:00,64,13,51,FMN 21 Desguinlei Zuidkant
668,Desguinlei 100,2023-09-02,16:00:00,77,20,57,FMN 21 Desguinlei Zuidkant
668,Desguinlei 100,2023-09-02,17:00:00,89,20,69,FMN 21 Desguinlei Zuidkant
668,Desguinlei 100,2023-09-02,18:00:00,90,18,72,FMN 21 Desguinlei Zuidkant
668,Desguinlei 100,2023-09-02,19:00:00,71,13,58,FMN 21 Desguinlei Zuidkant
668,Desguinlei 100,2023-09-02,20:00:00,68,18,50,FMN 21 Desguinlei Zuidkant
668,Desguinlei 100,2023-09-02,21:00:00,51,7,44,FMN 21 Desguinlei Zuidkant
668,Desguinlei 100,2023-09-02,22:00:00,81,15,66,FMN 21 Desguinlei Zuidkant
668,Desguinlei 100,2023-09-02,23:00:00,71,8,63,FMN 21 Desguinlei Zuidkant
668,Desguinlei 100,2023-09-03,00:00:00,69,6,63,FMN 21 Desguinlei Zuidkant
668,Desguinlei 100,2023-09-03,01:00:00,28,2,26,FMN 21 Desguinlei Zuidkant
668,Desguinlei 100,2023-09-03,02:00:00,10,3,7,FMN 21 Desguinlei Zuidkant
668,Desguinlei 100,2023-09-03,03:00:00,3,1,2,FMN 21 Desguinlei Zuidkant
668,Desguinlei 100,2023-09-03,04:00:00,6,1,5,FMN 21 Desguinlei Zuidkant
668,Desguinlei 100,2023-09-03,05:00:00,3,0,3,FMN 21 Desguinlei Zuidkant
668,Desguinlei 100,2023-09-03,06:00:00,6,0,6,FMN 21 Desguinlei Zuidkant
668,Desguinlei 100,2023-09-03,07:00:00,10,3,7,FMN 21 Desguinlei Zuidkant
668,Desguinlei 100,2023-09-03,08:00:00,25,3,22,FMN 21 Desguinlei Zuidkant
668,Desguinlei 100,2023-09-03,09:00:00,55,11,44,FMN 21 Desguinlei Zuidkant
668,Desguinlei 100,2023-09-03,10:00:00,60,12,48,FMN 21 Desguinlei Zuidkant
668,Desguinlei 100,2023-09-03,11:00:00,91,28,63,FMN 21 Desguinlei Zuidkant
668,Desguinlei 100,2023-09-03,12:00:00,88,25,63,FMN 21 Desguinlei Zuidkant
668,Desguinlei 100,2023-09-03,13:00:00,75,16,59,FMN 21 Desguinlei Zuidkant
668,Desguinlei 100,2023-09-03,14:00:00,99,19,80,FMN 21 Desguinlei Zuidkant
668,Desguinlei 100,2023-09-03,15:00:00,68,16,52,FMN 21 Desguinlei Zuidkant
668,Desguinlei 100,2023-09-03,16:00:00,71,8,63,FMN 21 Desguinlei Zuidkant
668,Desguinlei 100,2023-09-03,17:00:00,92,19,73,FMN 21 Desguinlei Zuidkant
668,Desguinlei 100,2023-09-03,18:00:00,77,13,64,FMN 21 Desguinlei Zuidkant
668,Desguinlei 100,2023-09-03,19:00:00,58,9,49,FMN 21 Desguinlei Zuidkant
668,Desguinlei 100,2023-09-03,20:00:00,72,8,64,FMN 21 Desguinlei Zuidkant
668,Desguinlei 100,2023-09-03,21:00:00,51,10,41,FMN 21 Desguinlei Zuidkant
668,Desguinlei 100,2023-09-03,22:00:00,29,8,21,FMN 21 Desguinlei Zuidkant
668,Desguinlei 100,2023-09-03,23:00:00,14,2,12,FMN 21 Desguinlei Zuidkant
668,Desguinlei 100,2023-09-04,00:00:00,14,1,13,FMN 21 Desguinlei Zuidkant
668,Desguinlei 100,2023-09-04,01:00:00,10,1,9,FMN 21 Desguinlei Zuidkant
668,Desguinlei 100,2023-09-04,02:00:00,4,0,4,FMN 21 Desguinlei Zuidkant
668,Desguinlei 100,2023-09-04,03:00:00,7,1,6,FMN 21 Desguinlei Zuidkant
668,Desguinlei 100,2023-09-04,04:00:00,9,2,7,FMN 21 Desguinlei Zuidkant
668,Desguinlei 100,2023-09-04,05:00:00,16,6,10,FMN 21 Desguinlei Zuidkant
668,Desguinlei 100,2023-09-04,06:00:00,42,12,30,FMN 21 Desguinlei Zuidkant
668,Desguinlei 100,2023-09-04,07:00:00,119,35,84,FMN 21 Desguinlei Zuidkant
668,Desguinlei 100,2023-09-04,08:00:00,234,85,149,FMN 21 Desguinlei Zuidkant
668,Desguinlei 100,2023-09-04,09:00:00,127,55,72,FMN 21 Desguinlei Zuidkant
668,Desguinlei 100,2023-09-04,10:00:00,71,24,47,FMN 21 Desguinlei Zuidkant
668,Desguinlei 100,2023-09-04,11:00:00,72,17,55,FMN 21 Desguinlei Zuidkant
668,Desguinlei 100,2023-09-04,12:00:00,94,26,68,FMN 21 Desguinlei Zuidkant
668,Desguinlei 100,2023-09-04,13:00:00,98,26,72,FMN 21 Desguinlei Zuidkant
668,Desguinlei 100,2023-09-04,14:00:00,81,20,61,FMN 21 Desguinlei Zuidkant
668,Desguinlei 100,2023-09-04,15:00:00,139,22,117,FMN 21 Desguinlei Zuidkant
668,Desguinlei 100,2023-09-04,16:00:00,262,34,228,FMN 21 Desguinlei Zuidkant
668,Desguinlei 100,2023-09-04,17:00:00,248,43,205,FMN 21 Desguinlei Zuidkant
668,Desguinlei 100,2023-09-04,18:00:00,178,39,139,FMN 21 Desguinlei Zuidkant
668,Desguinlei 100,2023-09-04,19:00:00,106,37,69,FMN 21 Desguinlei Zuidkant
668,Desguinlei 100,2023-09-04,20:00:00,90,33,57,FMN 21 Desguinlei Zuidkant
668,Desguinlei 100,2023-09-04,21:00:00,68,37,31,FMN 21 Desguinlei Zuidkant
668,Desguinlei 100,2023-09-04,22:00:00,56,11,45,FMN 21 Desguinlei Zuidkant
668,Desguinlei 100,2023-09-04,23:00:00,18,6,12,FMN 21 Desguinlei Zuidkant
668,Desguinlei 100,2023-09-05,00:00:00,8,3,5,FMN 21 Desguinlei Zuidkant
668,Desguinlei 100,2023-09-05,01:00:00,5,1,4,FMN 21 Desguinlei Zuidkant
668,Desguinlei 100,2023-09-05,02:00:00,0,0,0,FMN 21 Desguinlei Zuidkant
668,Desguinlei 100,2023-09-05,03:00:00,4,0,4,FMN 21 Desguinlei Zuidkant
668,Desguinlei 100,2023-09-05,04:00:00,13,2,11,FMN 21 Desguinlei Zuidkant
668,Desguinlei 100,2023-09-05,05:00:00,25,9,16,FMN 21 Desguinlei Zuidkant
668,Desguinlei 100,2023-09-05,06:00:00,56,21,35,FMN 21 Desguinlei Zuidkant
668,Desguinlei 100,2023-09-05,07:00:00,135,35,100,FMN 21 Desguinlei Zuidkant
668,Desguinlei 100,2023-09-05,08:00:00,238,74,164,FMN 21 Desguinlei Zuidkant
668,Desguinlei 100,2023-09-05,09:00:00,112,44,68,FMN 21 Desguinlei Zuidkant
668,Desguinlei 100,2023-09-05,10:00:00,95,23,72,FMN 21 Desguinlei Zuidkant
668,Desguinlei 100,2023-09-05,11:00:00,84,18,66,FMN 21 Desguinlei Zuidkant
668,Desguinlei 100,2023-09-05,12:00:00,131,35,96,FMN 21 Desguinlei Zuidkant
668,Desguinlei 100,2023-09-05,13:00:00,89,28,61,FMN 21 Desguinlei Zuidkant
668,Desguinlei 100,2023-09-05,14:00:00,85,23,62,FMN 21 Desguinlei Zuidkant
668,Desguinlei 100,2023-09-05,15:00:00,152,19,133,FMN 21 Desguinlei Zuidkant
668,Desguinlei 100,2023-09-05,16:00:00,268,48,220,FMN 21 Desguinlei Zuidkant
668,Desguinlei 100,2023-09-05,17:00:00,286,66,220,FMN 21 Desguinlei Zuidkant
668,Desguinlei 100,2023-09-05,18:00:00,256,53,203,FMN 21 Desguinlei Zuidkant
668,Desguinlei 100,2023-09-05,19:00:00,147,61,86,FMN 21 Desguinlei Zuidkant
668,Desguinlei 100,2023-09-05,20:00:00,103,29,74,FMN 21 Desguinlei Zuidkant
668,Desguinlei 100,2023-09-05,21:00:00,86,30,56,FMN 21 Desguinlei Zuidkant
668,Desguinlei 100,2023-09-05,22:00:00,130,23,107,FMN 21 Desguinlei Zuidkant
668,Desguinlei 100,2023-09-05,23:00:00,49,11,38,FMN 21 Desguinlei Zuidkant
668,Desguinlei 100,2023-09-06,00:00:00,18,3,15,FMN 21 Desguinlei Zuidkant
668,Desguinlei 100,2023-09-06,01:00:00,6,1,5,FMN 21 Desguinlei Zuidkant
668,Desguinlei 100,2023-09-06,02:00:00,1,0,1,FMN 21 Desguinlei Zuidkant
668,Desguinlei 100,2023-09-06,03:00:00,5,0,5,FMN 21 Desguinlei Zuidkant
668,Desguinlei 100,2023-09-06,04:00:00,13,1,12,FMN 21 Desguinlei Zuidkant
668,Desguinlei 100,2023-09-06,05:00:00,21,7,14,FMN 21 Desguinlei Zuidkant
668,Desguinlei 100,2023-09-06,06:00:00,56,18,38,FMN 21 Desguinlei Zuidkant
668,Desguinlei 100,2023-09-06,07:00:00,138,52,86,FMN 21 Desguinlei Zuidkant
668,Desguinlei 100,2023-09-06,08:00:00,219,73,146,FMN 21 Desguinlei Zuidkant
668,Desguinlei 100,2023-09-06,09:00:00,126,60,66,FMN 21 Desguinlei Zuidkant
668,Desguinlei 100,2023-09-06,10:00:00,78,30,48,FMN 21 Desguinlei Zuidkant
668,Desguinlei 100,2023-09-06,11:00:00,106,25,81,FMN 21 Desguinlei Zuidkant
668,Desguinlei 100,2023-09-06,12:00:00,186,28,158,FMN 21 Desguinlei Zuidkant
668,Desguinlei 100,2023-09-06,13:00:00,98,27,71,FMN 21 Desguinlei Zuidkant
668,Desguinlei 100,2023-09-06,14:00:00,100,33,67,FMN 21 Desguinlei Zuidkant
668,Desguinlei 100,2023-09-06,15:00:00,104,26,78,FMN 21 Desguinlei Zuidkant
668,Desguinlei 100,2023-09-06,16:00:00,168,30,138,FMN 21 Desguinlei Zuidkant
668,Desguinlei 100,2023-09-06,17:00:00,240,49,191,FMN 21 Desguinlei Zuidkant
668,Desguinlei 100,2023-09-06,18:00:00,170,28,142,FMN 21 Desguinlei Zuidkant
668,Desguinlei 100,2023-09-06,19:00:00,135,36,99,FMN 21 Desguinlei Zuidkant
668,Desguinlei 100,2023-09-06,20:00:00,117,47,70,FMN 21 Desguinlei Zuidkant
668,Desguinlei 100,2023-09-06,21:00:00,78,29,49,FMN 21 Desguinlei Zuidkant
668,Desguinlei 100,2023-09-06,22:00:00,71,21,50,FMN 21 Desguinlei Zuidkant
668,Desguinlei 100,2023-09-06,23:00:00,38,10,28,FMN 21 Desguinlei Zuidkant
668,Desguinlei 100,2023-09-07,00:00:00,19,3,16,FMN 21 Desguinlei Zuidkant
668,Desguinlei 100,2023-09-07,01:00:00,7,0,7,FMN 21 Desguinlei Zuidkant
668,Desguinlei 100,2023-09-07,02:00:00,7,1,6,FMN 21 Desguinlei Zuidkant
668,Desguinlei 100,2023-09-07,03:00:00,13,0,13,FMN 21 Desguinlei Zuidkant
668,Desguinlei 100,2023-09-07,04:00:00,20,3,17,FMN 21 Desguinlei Zuidkant
668,Desguinlei 100,2023-09-07,05:00:00,31,13,18,FMN 21 Desguinlei Zuidkant
668,Desguinlei 100,2023-09-07,06:00:00,60,19,41,FMN 21 Desguinlei Zuidkant
668,Desguinlei 100,2023-09-07,07:00:00,146,45,101,FMN 21 Desguinlei Zuidkant
668,Desguinlei 100,2023-09-07,08:00:00,224,72,152,FMN 21 Desguinlei Zuidkant
668,Desguinlei 100,2023-09-07,09:00:00,113,54,59,FMN 21 Desguinlei Zuidkant
668,Desguinlei 100,2023-09-07,10:00:00,75,24,51,FMN 21 Desguinlei Zuidkant
668,Desguinlei 100,2023-09-07,11:00:00,64,14,50,FMN 21 Desguinlei Zuidkant
668,Desguinlei 100,2023-09-07,12:00:00,118,22,96,FMN 21 Desguinlei Zuidkant
668,Desguinlei 100,2023-09-07,13:00:00,105,30,75,FMN 21 Desguinlei Zuidkant
668,Desguinlei 100,2023-09-07,14:00:00,95,26,69,FMN 21 Desguinlei Zuidkant
668,Desguinlei 100,2023-09-07,15:00:00,182,37,145,FMN 21 Desguinlei Zuidkant
668,Desguinlei 100,2023-09-07,16:00:00,214,38,176,FMN 21 Desguinlei Zuidkant
668,Desguinlei 100,2023-09-07,17:00:00,240,48,192,FMN 21 Desguinlei Zuidkant
668,Desguinlei 100,2023-09-07,18:00:00,184,46,138,FMN 21 Desguinlei Zuidkant
668,Desguinlei 100,2023-09-07,19:00:00,134,31,103,FMN 21 Desguinlei Zuidkant
668,Desguinlei 100,2023-09-07,20:00:00,109,34,75,FMN 21 Desguinlei Zuidkant
668,Desguinlei 100,2023-09-07,21:00:00,103,26,77,FMN 21 Desguinlei Zuidkant
668,Desguinlei 100,2023-09-07,22:00:00,79,15,64,FMN 21 Desguinlei Zuidkant
668,Desguinlei 100,2023-09-07,23:00:00,56,13,43,FMN 21 Desguinlei Zuidkant
668,Desguinlei 100,2023-09-08,00:00:00,23,5,18,FMN 21 Desguinlei Zuidkant
668,Desguinlei 100,2023-09-08,01:00:00,9,1,8,FMN 21 Desguinlei Zuidkant
668,Desguinlei 100,2023-09-08,02:00:00,2,0,2,FMN 21 Desguinlei Zuidkant
668,Desguinlei 100,2023-09-08,03:00:00,7,2,5,FMN 21 Desguinlei Zuidkant
668,Desguinlei 100,2023-09-08,04:00:00,16,2,14,FMN 21 Desguinlei Zuidkant
668,Desguinlei 100,2023-09-08,05:00:00,23,9,14,FMN 21 Desguinlei Zuidkant
668,Desguinlei 100,2023-09-08,06:00:00,54,19,35,FMN 21 Desguinlei Zuidkant
668,Desguinlei 100,2023-09-08,07:00:00,111,34,77,FMN 21 Desguinlei Zuidkant
668,Desguinlei 100,2023-09-08,08:00:00,198,69,129,FMN 21 Desguinlei Zuidkant
668,Desguinlei 100,2023-09-08,09:00:00,110,39,71,FMN 21 Desguinlei Zuidkant
668,Desguinlei 100,2023-09-08,10:00:00,68,17,51,FMN 21 Desguinlei Zuidkant
668,Desguinlei 100,2023-09-08,11:00:00,95,29,66,FMN 21 Desguinlei Zuidkant
668,Desguinlei 100,2023-09-08,12:00:00,106,36,70,FMN 21 Desguinlei Zuidkant
668,Desguinlei 100,2023-09-08,13:00:00,93,30,63,FMN 21 Desguinlei Zuidkant
668,Desguinlei 100,2023-09-08,14:00:00,103,23,80,FMN 21 Desguinlei Zuidkant
668,Desguinlei 100,2023-09-08,15:00:00,147,20,127,FMN 21 Desguinlei Zuidkant
668,Desguinlei 100,2023-09-08,16:00:00,228,42,186,FMN 21 Desguinlei Zuidkant
668,Desguinlei 100,2023-09-08,17:00:00,184,39,145,FMN 21 Desguinlei Zuidkant
668,Desguinlei 100,2023-09-08,18:00:00,166,37,129,FMN 21 Desguinlei Zuidkant
668,Desguinlei 100,2023-09-08,19:00:00,140,40,100,FMN 21 Desguinlei Zuidkant
668,Desguinlei 100,2023-09-08,20:00:00,112,40,72,FMN 21 Desguinlei Zuidkant
668,Desguinlei 100,2023-09-08,21:00:00,102,19,83,FMN 21 Desguinlei Zuidkant
668,Desguinlei 100,2023-09-08,22:00:00,101,18,83,FMN 21 Desguinlei Zuidkant
668,Desguinlei 100,2023-09-08,23:00:00,75,12,63,FMN 21 Desguinlei Zuidkant
668,Desguinlei 100,2023-09-09,00:00:00,64,19,45,FMN 21 Desguinlei Zuidkant
668,Desguinlei 100,2023-09-09,01:00:00,30,6,24,FMN 21 Desguinlei Zuidkant
668,Desguinlei 100,2023-09-09,02:00:00,20,1,19,FMN 21 Desguinlei Zuidkant
668,Desguinlei 100,2023-09-09,03:00:00,12,3,9,FMN 21 Desguinlei Zuidkant
668,Desguinlei 100,2023-09-09,04:00:00,9,2,7,FMN 21 Desguinlei Zuidkant
668,Desguinlei 100,2023-09-09,05:00:00,10,2,8,FMN 21 Desguinlei Zuidkant
668,Desguinlei 100,2023-09-09,06:00:00,24,6,18,FMN 21 Desguinlei Zuidkant
668,Desguinlei 100,2023-09-09,07:00:00,26,10,16,FMN 21 Desguinlei Zuidkant
668,Desguinlei 100,2023-09-09,08:00:00,41,8,33,FMN 21 Desguinlei Zuidkant
668,Desguinlei 100,2023-09-09,09:00:00,58,10,48,FMN 21 Desguinlei Zuidkant
668,Desguinlei 100,2023-09-09,10:00:00,80,21,59,FMN 21 Desguinlei Zuidkant
668,Desguinlei 100,2023-09-09,11:00:00,77,27,50,FMN 21 Desguinlei Zuidkant
668,Desguinlei 100,2023-09-09,12:00:00,90,25,65,FMN 21 Desguinlei Zuidkant
668,Desguinlei 100,2023-09-09,13:00:00,87,31,56,FMN 21 Desguinlei Zuidkant
668,Desguinlei 100,2023-09-09,14:00:00,84,23,61,FMN 21 Desguinlei Zuidkant
668,Desguinlei 100,2023-09-09,15:00:00,88,19,69,FMN 21 Desguinlei Zuidkant
668,Desguinlei 100,2023-09-09,16:00:00,79,13,66,FMN 21 Desguinlei Zuidkant
668,Desguinlei 100,2023-09-09,17:00:00,91,18,73,FMN 21 Desguinlei Zuidkant
668,Desguinlei 100,2023-09-09,18:00:00,78,12,66,FMN 21 Desguinlei Zuidkant
668,Desguinlei 100,2023-09-09,19:00:00,67,14,53,FMN 21 Desguinlei Zuidkant
668,Desguinlei 100,2023-09-09,20:00:00,66,9,57,FMN 21 Desguinlei Zuidkant
668,Desguinlei 100,2023-09-09,21:00:00,49,7,42,FMN 21 Desguinlei Zuidkant
668,Desguinlei 100,2023-09-09,22:00:00,53,10,43,FMN 21 Desguinlei Zuidkant
668,Desguinlei 100,2023-09-09,23:00:00,45,11,34,FMN 21 Desguinlei Zuidkant
668,Desguinlei 100,2023-09-10,00:00:00,33,7,26,FMN 21 Desguinlei Zuidkant
668,Desguinlei 100,2023-09-10,01:00:00,17,7,10,FMN 21 Desguinlei Zuidkant
668,Desguinlei 100,2023-09-10,02:00:00,21,8,13,FMN 21 Desguinlei Zuidkant
668,Desguinlei 100,2023-09-10,03:00:00,20,6,14,FMN 21 Desguinlei Zuidkant
668,Desguinlei 100,2023-09-10,04:00:00,3,0,3,FMN 21 Desguinlei Zuidkant
668,Desguinlei 100,2023-09-10,05:00:00,11,3,8,FMN 21 Desguinlei Zuidkant
668,Desguinlei 100,2023-09-10,06:00:00,6,1,5,FMN 21 Desguinlei Zuidkant
668,Desguinlei 100,2023-09-10,07:00:00,14,1,13,FMN 21 Desguinlei Zuidkant
668,Desguinlei 100,2023-09-10,08:00:00,30,1,29,FMN 21 Desguinlei Zuidkant
668,Desguinlei 100,2023-09-10,09:00:00,63,17,46,FMN 21 Desguinlei Zuidkant
668,Desguinlei 100,2023-09-10,10:00:00,85,28,57,FMN 21 Desguinlei Zuidkant
668,Desguinlei 100,2023-09-10,11:00:00,91,26,65,FMN 21 Desguinlei Zuidkant
668,Desguinlei 100,2023-09-10,12:00:00,104,36,68,FMN 21 Desguinlei Zuidkant
668,Desguinlei 100,2023-09-10,13:00:00,107,39,68,FMN 21 Desguinlei Zuidkant
668,Desguinlei 100,2023-09-10,14:00:00,82,17,65,FMN 21 Desguinlei Zuidkant
668,Desguinlei 100,2023-09-10,15:00:00,70,16,54,FMN 21 Desguinlei Zuidkant
668,Desguinlei 100,2023-09-10,16:00:00,78,13,65,FMN 21 Desguinlei Zuidkant
668,Desguinlei 100,2023-09-10,17:00:00,78,14,64,FMN 21 Desguinlei Zuidkant
668,Desguinlei 100,2023-09-10,18:00:00,80,17,63,FMN 21 Desguinlei Zuidkant
668,Desguinlei 100,2023-09-10,19:00:00,57,18,39,FMN 21 Desguinlei Zuidkant
668,Desguinlei 100,2023-09-10,20:00:00,68,24,44,FMN 21 Desguinlei Zuidkant
668,Desguinlei 100,2023-09-10,21:00:00,46,11,35,FMN 21 Desguinlei Zuidkant
668,Desguinlei 100,2023-09-10,22:00:00,39,9,30,FMN 21 Desguinlei Zuidkant
668,Desguinlei 100,2023-09-10,23:00:00,14,5,9,FMN 21 Desguinlei Zuidkant
668,Desguinlei 100,2023-09-11,00:00:00,7,0,7,FMN 21 Desguinlei Zuidkant
668,Desguinlei 100,2023-09-11,01:00:00,9,2,7,FMN 21 Desguinlei Zuidkant
668,Desguinlei 100,2023-09-11,02:00:00,3,2,1,FMN 21 Desguinlei Zuidkant
668,Desguinlei 100,2023-09-11,03:00:00,1,0,1,FMN 21 Desguinlei Zuidkant
668,Desguinlei 100,2023-09-11,04:00:00,11,3,8,FMN 21 Desguinlei Zuidkant
668,Desguinlei 100,2023-09-11,05:00:00,25,9,16,FMN 21 Desguinlei Zuidkant
668,Desguinlei 100,2023-09-11,06:00:00,45,13,32,FMN 21 Desguinlei Zuidkant
668,Desguinlei 100,2023-09-11,07:00:00,138,37,101,FMN 21 Desguinlei Zuidkant
668,Desguinlei 100,2023-09-11,08:00:00,237,93,144,FMN 21 Desguinlei Zuidkant
668,Desguinlei 100,2023-09-11,09:00:00,98,42,56,FMN 21 Desguinlei Zuidkant
668,Desguinlei 100,2023-09-11,10:00:00,76,23,53,FMN 21 Desguinlei Zuidkant
668,Desguinlei 100,2023-09-11,11:00:00,129,17,112,FMN 21 Desguinlei Zuidkant
668,Desguinlei 100,2023-09-11,12:00:00,114,22,92,FMN 21 Desguinlei Zuidkant
668,Desguinlei 100,2023-09-11,13:00:00,156,85,71,FMN 21 Desguinlei Zuidkant
668,Desguinlei 100,2023-09-11,14:00:00,105,24,81,FMN 21 Desguinlei Zuidkant
668,Desguinlei 100,2023-09-11,15:00:00,186,33,153,FMN 21 Desguinlei Zuidkant
668,Desguinlei 100,2023-09-11,16:00:00,229,38,191,FMN 21 Desguinlei Zuidkant
668,Desguinlei 100,2023-09-11,17:00:00,228,43,185,FMN 21 Desguinlei Zuidkant
668,Desguinlei 100,2023-09-11,18:00:00,172,48,124,FMN 21 Desguinlei Zuidkant
668,Desguinlei 100,2023-09-11,19:00:00,106,21,85,FMN 21 Desguinlei Zuidkant
668,Desguinlei 100,2023-09-11,20:00:00,95,33,62,FMN 21 Desguinlei Zuidkant
668,Desguinlei 100,2023-09-11,21:00:00,79,36,43,FMN 21 Desguinlei Zuidkant
668,Desguinlei 100,2023-09-11,22:00:00,67,18,49,FMN 21 Desguinlei Zuidkant
668,Desguinlei 100,2023-09-11,23:00:00,16,5,11,FMN 21 Desguinlei Zuidkant
668,Desguinlei 100,2023-09-12,00:00:00,7,1,6,FMN 21 Desguinlei Zuidkant
668,Desguinlei 100,2023-09-12,01:00:00,2,1,1,FMN 21 Desguinlei Zuidkant
668,Desguinlei 100,2023-09-12,02:00:00,6,0,6,FMN 21 Desguinlei Zuidkant
668,Desguinlei 100,2023-09-12,03:00:00,1,1,0,FMN 21 Desguinlei Zuidkant
668,Desguinlei 100,2023-09-12,04:00:00,12,4,8,FMN 21 Desguinlei Zuidkant
668,Desguinlei 100,2023-09-12,05:00:00,23,6,17,FMN 21 Desguinlei Zuidkant
668,Desguinlei 100,2023-09-12,06:00:00,51,13,38,FMN 21 Desguinlei Zuidkant
668,Desguinlei 100,2023-09-12,07:00:00,120,40,80,FMN 21 Desguinlei Zuidkant
668,Desguinlei 100,2023-09-12,08:00:00,216,79,137,FMN 21 Desguinlei Zuidkant
668,Desguinlei 100,2023-09-12,09:00:00,123,57,66,FMN 21 Desguinlei Zuidkant
668,Desguinlei 100,2023-09-12,10:00:00,83,25,58,FMN 21 Desguinlei Zuidkant
668,Desguinlei 100,2023-09-12,11:00:00,81,18,63,FMN 21 Desguinlei Zuidkant
668,Desguinlei 100,2023-09-12,12:00:00,106,32,74,FMN 21 Desguinlei Zuidkant
668,Desguinlei 100,2023-09-12,13:00:00,90,21,69,FMN 21 Desguinlei Zuidkant
668,Desguinlei 100,2023-09-12,14:00:00,108,21,87,FMN 21 Desguinlei Zuidkant
668,Desguinlei 100,2023-09-12,15:00:00,145,16,129,FMN 21 Desguinlei Zuidkant
668,Desguinlei 100,2023-09-12,16:00:00,246,37,209,FMN 21 Desguinlei Zuidkant
668,Desguinlei 100,2023-09-12,17:00:00,227,49,178,FMN 21 Desguinlei Zuidkant
668,Desguinlei 100,2023-09-12,18:00:00,185,47,138,FMN 21 Desguinlei Zuidkant
668,Desguinlei 100,2023-09-12,19:00:00,117,35,82,FMN 21 Desguinlei Zuidkant
668,Desguinlei 100,2023-09-12,20:00:00,74,39,35,FMN 21 Desguinlei Zuidkant
668,Desguinlei 100,2023-09-12,21:00:00,80,22,58,FMN 21 Desguinlei Zuidkant
668,Desguinlei 100,2023-09-12,22:00:00,59,18,41,FMN 21 Desguinlei Zuidkant
668,Desguinlei 100,2023-09-12,23:00:00,28,5,23,FMN 21 Desguinlei Zuidkant
668,Desguinlei 100,2023-09-13,00:00:00,7,0,7,FMN 21 Desguinlei Zuidkant
668,Desguinlei 100,2023-09-13,01:00:00,2,0,2,FMN 21 Desguinlei Zuidkant
668,Desguinlei 100,2023-09-13,02:00:00,1,1,0,FMN 21 Desguinlei Zuidkant
668,Desguinlei 100,2023-09-13,03:00:00,5,2,3,FMN 21 Desguinlei Zuidkant
668,Desguinlei 100,2023-09-13,04:00:00,15,3,12,FMN 21 Desguinlei Zuidkant
668,Desguinlei 100,2023-09-13,05:00:00,20,7,13,FMN 21 Desguinlei Zuidkant
668,Desguinlei 100,2023-09-13,06:00:00,50,18,32,FMN 21 Desguinlei Zuidkant
668,Desguinlei 100,2023-09-13,07:00:00,121,44,77,FMN 21 Desguinlei Zuidkant
668,Desguinlei 100,2023-09-13,08:00:00,180,53,127,FMN 21 Desguinlei Zuidkant
668,Desguinlei 100,2023-09-13,09:00:00,97,37,60,FMN 21 Desguinlei Zuidkant
668,Desguinlei 100,2023-09-13,10:00:00,70,20,50,FMN 21 Desguinlei Zuidkant
668,Desguinlei 100,2023-09-13,11:00:00,72,14,58,FMN 21 Desguinlei Zuidkant
668,Desguinlei 100,2023-09-13,12:00:00,186,32,154,FMN 21 Desguinlei Zuidkant
668,Desguinlei 100,2023-09-13,13:00:00,108,35,73,FMN 21 Desguinlei Zuidkant
668,Desguinlei 100,2023-09-13,14:00:00,112,24,88,FMN 21 Desguinlei Zuidkant
668,Desguinlei 100,2023-09-13,15:00:00,150,39,111,FMN 21 Desguinlei Zuidkant
668,Desguinlei 100,2023-09-13,16:00:00,165,29,136,FMN 21 Desguinlei Zuidkant
668,Desguinlei 100,2023-09-13,17:00:00,206,42,164,FMN 21 Desguinlei Zuidkant
668,Desguinlei 100,2023-09-13,18:00:00,170,37,133,FMN 21 Desguinlei Zuidkant
668,Desguinlei 100,2023-09-13,19:00:00,126,44,82,FMN 21 Desguinlei Zuidkant
668,Desguinlei 100,2023-09-13,20:00:00,87,35,52,FMN 21 Desguinlei Zuidkant
668,Desguinlei 100,2023-09-13,21:00:00,79,32,47,FMN 21 Desguinlei Zuidkant
668,Desguinlei 100,2023-09-13,22:00:00,64,17,47,FMN 21 Desguinlei Zuidkant
668,Desguinlei 100,2023-09-13,23:00:00,40,9,31,FMN 21 Desguinlei Zuidkant
668,Desguinlei 100,2023-09-14,00:00:00,13,2,11,FMN 21 Desguinlei Zuidkant
668,Desguinlei 100,2023-09-14,01:00:00,6,2,4,FMN 21 Desguinlei Zuidkant
668,Desguinlei 100,2023-09-14,02:00:00,0,0,0,FMN 21 Desguinlei Zuidkant
668,Desguinlei 100,2023-09-14,03:00:00,0,0,0,FMN 21 Desguinlei Zuidkant
668,Desguinlei 100,2023-09-14,04:00:00,13,2,11,FMN 21 Desguinlei Zuidkant
668,Desguinlei 100,2023-09-14,05:00:00,27,7,20,FMN 21 Desguinlei Zuidkant
668,Desguinlei 100,2023-09-14,06:00:00,45,13,32,FMN 21 Desguinlei Zuidkant
668,Desguinlei 100,2023-09-14,07:00:00,138,55,83,FMN 21 Desguinlei Zuidkant
668,Desguinlei 100,2023-09-14,08:00:00,214,77,137,FMN 21 Desguinlei Zuidkant
668,Desguinlei 100,2023-09-14,09:00:00,99,44,55,FMN 21 Desguinlei Zuidkant
668,Desguinlei 100,2023-09-14,10:00:00,84,20,64,FMN 21 Desguinlei Zuidkant
668,Desguinlei 100,2023-09-14,11:00:00,65,10,55,FMN 21 Desguinlei Zuidkant
668,Desguinlei 100,2023-09-14,12:00:00,138,29,109,FMN 21 Desguinlei Zuidkant
668,Desguinlei 100,2023-09-14,13:00:00,100,23,77,FMN 21 Desguinlei Zuidkant
668,Desguinlei 100,2023-09-14,14:00:00,115,32,83,FMN 21 Desguinlei Zuidkant
668,Desguinlei 100,2023-09-14,15:00:00,192,22,170,FMN 21 Desguinlei Zuidkant
668,Desguinlei 100,2023-09-14,16:00:00,236,35,201,FMN 21 Desguinlei Zuidkant
668,Desguinlei 100,2023-09-14,17:00:00,227,48,179,FMN 21 Desguinlei Zuidkant
668,Desguinlei 100,2023-09-14,18:00:00,193,43,150,FMN 21 Desguinlei Zuidkant
668,Desguinlei 100,2023-09-14,19:00:00,145,58,87,FMN 21 Desguinlei Zuidkant
668,Desguinlei 100,2023-09-14,20:00:00,106,42,64,FMN 21 Desguinlei Zuidkant
668,Desguinlei 100,2023-09-14,21:00:00,69,25,44,FMN 21 Desguinlei Zuidkant
668,Desguinlei 100,2023-09-14,22:00:00,93,15,78,FMN 21 Desguinlei Zuidkant
668,Desguinlei 100,2023-09-14,23:00:00,48,9,39,FMN 21 Desguinlei Zuidkant
668,Desguinlei 100,2023-09-15,00:00:00,29,6,23,FMN 21 Desguinlei Zuidkant
668,Desguinlei 100,2023-09-15,01:00:00,10,3,7,FMN 21 Desguinlei Zuidkant
668,Desguinlei 100,2023-09-15,02:00:00,4,1,3,FMN 21 Desguinlei Zuidkant
668,Desguinlei 100,2023-09-15,03:00:00,0,0,0,FMN 21 Desguinlei Zuidkant
668,Desguinlei 100,2023-09-15,04:00:00,15,2,13,FMN 21 Desguinlei Zuidkant
668,Desguinlei 100,2023-09-15,05:00:00,14,5,9,FMN 21 Desguinlei Zuidkant
668,Desguinlei 100,2023-09-15,06:00:00,54,21,33,FMN 21 Desguinlei Zuidkant
668,Desguinlei 100,2023-09-15,07:00:00,114,29,85,FMN 21 Desguinlei Zuidkant
668,Desguinlei 100,2023-09-15,08:00:00,173,55,118,FMN 21 Desguinlei Zuidkant
668,Desguinlei 100,2023-09-15,09:00:00,119,52,67,FMN 21 Desguinlei Zuidkant
668,Desguinlei 100,2023-09-15,10:00:00,70,21,49,FMN 21 Desguinlei Zuidkant
668,Desguinlei 100,2023-09-15,11:00:00,76,19,57,FMN 21 Desguinlei Zuidkant
668,Desguinlei 100,2023-09-15,12:00:00,130,29,101,FMN 21 Desguinlei Zuidkant
668,Desguinlei 100,2023-09-15,13:00:00,96,21,75,FMN 21 Desguinlei Zuidkant
668,Desguinlei 100,2023-09-15,14:00:00,130,29,101,FMN 21 Desguinlei Zuidkant
668,Desguinlei 100,2023-09-15,15:00:00,208,34,174,FMN 21 Desguinlei Zuidkant
668,Desguinlei 100,2023-09-15,16:00:00,220,35,185,FMN 21 Desguinlei Zuidkant
668,Desguinlei 100,2023-09-15,17:00:00,217,54,163,FMN 21 Desguinlei Zuidkant
668,Desguinlei 100,2023-09-15,18:00:00,178,47,131,FMN 21 Desguinlei Zuidkant
668,Desguinlei 100,2023-09-15,19:00:00,151,69,82,FMN 21 Desguinlei Zuidkant
668,Desguinlei 100,2023-09-15,20:00:00,100,35,65,FMN 21 Desguinlei Zuidkant
668,Desguinlei 100,2023-09-15,21:00:00,77,24,53,FMN 21 Desguinlei Zuidkant
668,Desguinlei 100,2023-09-15,22:00:00,94,18,76,FMN 21 Desguinlei Zuidkant
668,Desguinlei 100,2023-09-15,23:00:00,64,9,55,FMN 21 Desguinlei Zuidkant
668,Desguinlei 100,2023-09-16,00:00:00,60,5,55,FMN 21 Desguinlei Zuidkant
668,Desguinlei 100,2023-09-16,01:00:00,40,9,31,FMN 21 Desguinlei Zuidkant
668,Desguinlei 100,2023-09-16,02:00:00,19,5,14,FMN 21 Desguinlei Zuidkant
668,Desguinlei 100,2023-09-16,03:00:00,13,2,11,FMN 21 Desguinlei Zuidkant
668,Desguinlei 100,2023-09-16,04:00:00,17,1,16,FMN 21 Desguinlei Zuidkant
668,Desguinlei 100,2023-09-16,05:00:00,22,5,17,FMN 21 Desguinlei Zuidkant
668,Desguinlei 100,2023-09-16,06:00:00,24,2,22,FMN 21 Desguinlei Zuidkant
668,Desguinlei 100,2023-09-16,07:00:00,29,3,26,FMN 21 Desguinlei Zuidkant
668,Desguinlei 100,2023-09-16,08:00:00,54,5,49,FMN 21 Desguinlei Zuidkant
668,Desguinlei 100,2023-09-16,09:00:00,81,20,61,FMN 21 Desguinlei Zuidkant
668,Desguinlei 100,2023-09-16,10:00:00,77,16,61,FMN 21 Desguinlei Zuidkant
668,Desguinlei 100,2023-09-16,11:00:00,113,47,66,FMN 21 Desguinlei Zuidkant
668,Desguinlei 100,2023-09-16,12:00:00,117,40,77,FMN 21 Desguinlei Zuidkant
668,Desguinlei 100,2023-09-16,13:00:00,123,39,84,FMN 21 Desguinlei Zuidkant
668,Desguinlei 100,2023-09-16,14:00:00,111,33,78,FMN 21 Desguinlei Zuidkant
668,Desguinlei 100,2023-09-16,15:00:00,109,26,83,FMN 21 Desguinlei Zuidkant
668,Desguinlei 100,2023-09-16,16:00:00,123,25,98,FMN 21 Desguinlei Zuidkant
668,Desguinlei 100,2023-09-16,17:00:00,109,21,88,FMN 21 Desguinlei Zuidkant
668,Desguinlei 100,2023-09-16,18:00:00,102,24,78,FMN 21 Desguinlei Zuidkant
668,Desguinlei 100,2023-09-16,19:00:00,135,73,62,FMN 21 Desguinlei Zuidkant
668,Desguinlei 100,2023-09-16,20:00:00,60,18,42,FMN 21 Desguinlei Zuidkant
668,Desguinlei 100,2023-09-16,21:00:00,49,12,37,FMN 21 Desguinlei Zuidkant
668,Desguinlei 100,2023-09-16,22:00:00,108,10,98,FMN 21 Desguinlei Zuidkant
668,Desguinlei 100,2023-09-16,23:00:00,51,6,45,FMN 21 Desguinlei Zuidkant
668,Desguinlei 100,2023-09-17,00:00:00,53,7,46,FMN 21 Desguinlei Zuidkant
668,Desguinlei 100,2023-09-17,01:00:00,34,3,31,FMN 21 Desguinlei Zuidkant
668,Desguinlei 100,2023-09-17,02:00:00,20,1,19,FMN 21 Desguinlei Zuidkant
668,Desguinlei 100,2023-09-17,03:00:00,14,3,11,FMN 21 Desguinlei Zuidkant
668,Desguinlei 100,2023-09-17,04:00:00,11,0,11,FMN 21 Desguinlei Zuidkant
668,Desguinlei 100,2023-09-17,05:00:00,14,3,11,FMN 21 Desguinlei Zuidkant
668,Desguinlei 100,2023-09-17,06:00:00,7,0,7,FMN 21 Desguinlei Zuidkant
668,Desguinlei 100,2023-09-17,07:00:00,16,3,13,FMN 21 Desguinlei Zuidkant
668,Desguinlei 100,2023-09-17,08:00:00,31,6,25,FMN 21 Desguinlei Zuidkant
668,Desguinlei 100,2023-09-17,09:00:00,88,26,62,FMN 21 Desguinlei Zuidkant
668,Desguinlei 100,2023-09-17,10:00:00,95,13,82,FMN 21 Desguinlei Zuidkant
668,Desguinlei 100,2023-09-17,11:00:00,86,29,57,FMN 21 Desguinlei Zuidkant
668,Desguinlei 100,2023-09-17,12:00:00,88,33,55,FMN 21 Desguinlei Zuidkant
668,Desguinlei 100,2023-09-17,13:00:00,101,36,65,FMN 21 Desguinlei Zuidkant
668,Desguinlei 100,2023-09-17,14:00:00,86,30,56,FMN 21 Desguinlei Zuidkant
668,Desguinlei 100,2023-09-17,15:00:00,94,20,74,FMN 21 Desguinlei Zuidkant
668,Desguinlei 100,2023-09-17,16:00:00,132,39,93,FMN 21 Desguinlei Zuidkant
668,Desguinlei 100,2023-09-17,17:00:00,150,27,123,FMN 21 Desguinlei Zuidkant
668,Desguinlei 100,2023-09-17,18:00:00,114,22,92,FMN 21 Desguinlei Zuidkant
668,Desguinlei 100,2023-09-17,19:00:00,56,11,45,FMN 21 Desguinlei Zuidkant
668,Desguinlei 100,2023-09-17,20:00:00,56,15,41,FMN 21 Desguinlei Zuidkant
668,Desguinlei 100,2023-09-17,21:00:00,43,8,35,FMN 21 Desguinlei Zuidkant
668,Desguinlei 100,2023-09-17,22:00:00,32,9,23,FMN 21 Desguinlei Zuidkant
668,Desguinlei 100,2023-09-17,23:00:00,35,7,28,FMN 21 Desguinlei Zuidkant
668,Desguinlei 100,2023-09-18,00:00:00,9,3,6,FMN 21 Desguinlei Zuidkant
668,Desguinlei 100,2023-09-18,01:00:00,5,2,3,FMN 21 Desguinlei Zuidkant
668,Desguinlei 100,2023-09-18,02:00:00,0,0,0,FMN 21 Desguinlei Zuidkant
668,Desguinlei 100,2023-09-18,03:00:00,4,1,3,FMN 21 Desguinlei Zuidkant
668,Desguinlei 100,2023-09-18,04:00:00,13,1,12,FMN 21 Desguinlei Zuidkant
668,Desguinlei 100,2023-09-18,05:00:00,15,7,8,FMN 21 Desguinlei Zuidkant
668,Desguinlei 100,2023-09-18,06:00:00,43,13,30,FMN 21 Desguinlei Zuidkant
668,Desguinlei 100,2023-09-18,07:00:00,122,36,86,FMN 21 Desguinlei Zuidkant
668,Desguinlei 100,2023-09-18,08:00:00,257,101,156,FMN 21 Desguinlei Zuidkant
668,Desguinlei 100,2023-09-18,09:00:00,112,46,66,FMN 21 Desguinlei Zuidkant
668,Desguinlei 100,2023-09-18,10:00:00,100,27,73,FMN 21 Desguinlei Zuidkant
668,Desguinlei 100,2023-09-18,11:00:00,117,17,100,FMN 21 Desguinlei Zuidkant
668,Desguinlei 100,2023-09-18,12:00:00,129,29,100,FMN 21 Desguinlei Zuidkant
668,Desguinlei 100,2023-09-18,13:00:00,139,71,68,FMN 21 Desguinlei Zuidkant
668,Desguinlei 100,2023-09-18,14:00:00,94,23,71,FMN 21 Desguinlei Zuidkant
668,Desguinlei 100,2023-09-18,15:00:00,176,28,148,FMN 21 Desguinlei Zuidkant
668,Desguinlei 100,2023-09-18,16:00:00,195,37,158,FMN 21 Desguinlei Zuidkant
668,Desguinlei 100,2023-09-18,17:00:00,269,38,231,FMN 21 Desguinlei Zuidkant
668,Desguinlei 100,2023-09-18,18:00:00,195,43,152,FMN 21 Desguinlei Zuidkant
668,Desguinlei 100,2023-09-18,19:00:00,91,29,62,FMN 21 Desguinlei Zuidkant
668,Desguinlei 100,2023-09-18,20:00:00,78,31,47,FMN 21 Desguinlei Zuidkant
668,Desguinlei 100,2023-09-18,21:00:00,96,42,54,FMN 21 Desguinlei Zuidkant
668,Desguinlei 100,2023-09-18,22:00:00,53,21,32,FMN 21 Desguinlei Zuidkant
668,Desguinlei 100,2023-09-18,23:00:00,15,4,11,FMN 21 Desguinlei Zuidkant
668,Desguinlei 100,2023-09-19,00:00:00,6,2,4,FMN 21 Desguinlei Zuidkant
668,Desguinlei 100,2023-09-19,01:00:00,4,2,2,FMN 21 Desguinlei Zuidkant
668,Desguinlei 100,2023-09-19,02:00:00,4,0,4,FMN 21 Desguinlei Zuidkant
668,Desguinlei 100,2023-09-19,03:00:00,2,0,2,FMN 21 Desguinlei Zuidkant
668,Desguinlei 100,2023-09-19,04:00:00,12,0,12,FMN 21 Desguinlei Zuidkant
668,Desguinlei 100,2023-09-19,05:00:00,21,7,14,FMN 21 Desguinlei Zuidkant
668,Desguinlei 100,2023-09-19,06:00:00,54,21,33,FMN 21 Desguinlei Zuidkant
668,Desguinlei 100,2023-09-19,07:00:00,141,36,105,FMN 21 Desguinlei Zuidkant
668,Desguinlei 100,2023-09-19,08:00:00,244,87,157,FMN 21 Desguinlei Zuidkant
668,Desguinlei 100,2023-09-19,09:00:00,113,54,59,FMN 21 Desguinlei Zuidkant
668,Desguinlei 100,2023-09-19,10:00:00,73,20,53,FMN 21 Desguinlei Zuidkant
668,Desguinlei 100,2023-09-19,11:00:00,66,13,53,FMN 21 Desguinlei Zuidkant
668,Desguinlei 100,2023-09-19,12:00:00,116,29,87,FMN 21 Desguinlei Zuidkant
668,Desguinlei 100,2023-09-19,13:00:00,83,28,55,FMN 21 Desguinlei Zuidkant
668,Desguinlei 100,2023-09-19,14:00:00,102,19,83,FMN 21 Desguinlei Zuidkant
668,Desguinlei 100,2023-09-19,15:00:00,164,19,145,FMN 21 Desguinlei Zuidkant
668,Desguinlei 100,2023-09-19,16:00:00,272,44,228,FMN 21 Desguinlei Zuidkant
668,Desguinlei 100,2023-09-19,17:00:00,237,33,204,FMN 21 Desguinlei Zuidkant
668,Desguinlei 100,2023-09-19,18:00:00,172,40,132,FMN 21 Desguinlei Zuidkant
668,Desguinlei 100,2023-09-19,19:00:00,127,50,77,FMN 21 Desguinlei Zuidkant
668,Desguinlei 100,2023-09-19,20:00:00,86,29,57,FMN 21 Desguinlei Zuidkant
668,Desguinlei 100,2023-09-19,21:00:00,77,29,48,FMN 21 Desguinlei Zuidkant
668,Desguinlei 100,2023-09-19,22:00:00,61,16,45,FMN 21 Desguinlei Zuidkant
668,Desguinlei 100,2023-09-19,23:00:00,55,12,43,FMN 21 Desguinlei Zuidkant
668,Desguinlei 100,2023-09-20,00:00:00,7,1,6,FMN 21 Desguinlei Zuidkant
668,Desguinlei 100,2023-09-20,01:00:00,4,0,4,FMN 21 Desguinlei Zuidkant
668,Desguinlei 100,2023-09-20,02:00:00,2,0,2,FMN 21 Desguinlei Zuidkant
668,Desguinlei 100,2023-09-20,03:00:00,3,0,3,FMN 21 Desguinlei Zuidkant
668,Desguinlei 100,2023-09-20,04:00:00,13,0,13,FMN 21 Desguinlei Zuidkant
668,Desguinlei 100,2023-09-20,05:00:00,17,6,11,FMN 21 Desguinlei Zuidkant
668,Desguinlei 100,2023-09-20,06:00:00,51,16,35,FMN 21 Desguinlei Zuidkant
668,Desguinlei 100,2023-09-20,07:00:00,128,38,90,FMN 21 Desguinlei Zuidkant
668,Desguinlei 100,2023-09-20,08:00:00,205,73,132,FMN 21 Desguinlei Zuidkant
668,Desguinlei 100,2023-09-20,09:00:00,90,30,60,FMN 21 Desguinlei Zuidkant
668,Desguinlei 100,2023-09-20,10:00:00,99,26,73,FMN 21 Desguinlei Zuidkant
668,Desguinlei 100,2023-09-20,11:00:00,94,24,70,FMN 21 Desguinlei Zuidkant
668,Desguinlei 100,2023-09-20,12:00:00,190,33,157,FMN 21 Desguinlei Zuidkant
668,Desguinlei 100,2023-09-20,13:00:00,135,35,100,FMN 21 Desguinlei Zuidkant
668,Desguinlei 100,2023-09-20,14:00:00,114,45,69,FMN 21 Desguinlei Zuidkant
668,Desguinlei 100,2023-09-20,15:00:00,188,38,150,FMN 21 Desguinlei Zuidkant
668,Desguinlei 100,2023-09-20,16:00:00,208,43,165,FMN 21 Desguinlei Zuidkant
668,Desguinlei 100,2023-09-20,17:00:00,263,66,197,FMN 21 Desguinlei Zuidkant
668,Desguinlei 100,2023-09-20,18:00:00,190,40,150,FMN 21 Desguinlei Zuidkant
668,Desguinlei 100,2023-09-20,19:00:00,126,52,74,FMN 21 Desguinlei Zuidkant
668,Desguinlei 100,2023-09-20,20:00:00,90,38,52,FMN 21 Desguinlei Zuidkant
668,Desguinlei 100,2023-09-20,21:00:00,76,32,44,FMN 21 Desguinlei Zuidkant
668,Desguinlei 100,2023-09-20,22:00:00,60,8,52,FMN 21 Desguinlei Zuidkant
668,Desguinlei 100,2023-09-20,23:00:00,31,8,23,FMN 21 Desguinlei Zuidkant
668,Desguinlei 100,2023-09-21,00:00:00,12,3,9,FMN 21 Desguinlei Zuidkant
668,Desguinlei 100,2023-09-21,01:00:00,6,2,4,FMN 21 Desguinlei Zuidkant
668,Desguinlei 100,2023-09-21,02:00:00,3,0,3,FMN 21 Desguinlei Zuidkant
668,Desguinlei 100,2023-09-21,03:00:00,5,0,5,FMN 21 Desguinlei Zuidkant
668,Desguinlei 100,2023-09-21,04:00:00,13,0,13,FMN 21 Desguinlei Zuidkant
668,Desguinlei 100,2023-09-21,05:00:00,14,4,10,FMN 21 Desguinlei Zuidkant
668,Desguinlei 100,2023-09-21,06:00:00,44,6,38,FMN 21 Desguinlei Zuidkant
668,Desguinlei 100,2023-09-21,07:00:00,107,37,70,FMN 21 Desguinlei Zuidkant
668,Desguinlei 100,2023-09-21,08:00:00,192,62,130,FMN 21 Desguinlei Zuidkant
668,Desguinlei 100,2023-09-21,09:00:00,93,35,58,FMN 21 Desguinlei Zuidkant
668,Desguinlei 100,2023-09-21,10:00:00,68,27,41,FMN 21 Desguinlei Zuidkant
668,Desguinlei 100,2023-09-21,11:00:00,59,19,40,FMN 21 Desguinlei Zuidkant
668,Desguinlei 100,2023-09-21,12:00:00,79,16,63,FMN 21 Desguinlei Zuidkant
668,Desguinlei 100,2023-09-21,13:00:00,69,20,49,FMN 21 Desguinlei Zuidkant
668,Desguinlei 100,2023-09-21,14:00:00,67,14,53,FMN 21 Desguinlei Zuidkant
668,Desguinlei 100,2023-09-21,15:00:00,93,15,78,FMN 21 Desguinlei Zuidkant
668,Desguinlei 100,2023-09-21,16:00:00,149,24,125,FMN 21 Desguinlei Zuidkant
668,Desguinlei 100,2023-09-21,17:00:00,210,40,170,FMN 21 Desguinlei Zuidkant
668,Desguinlei 100,2023-09-21,18:00:00,154,43,111,FMN 21 Desguinlei Zuidkant
668,Desguinlei 100,2023-09-21,19:00:00,77,27,50,FMN 21 Desguinlei Zuidkant
668,Desguinlei 100,2023-09-21,20:00:00,61,21,40,FMN 21 Desguinlei Zuidkant
668,Desguinlei 100,2023-09-21,21:00:00,60,18,42,FMN 21 Desguinlei Zuidkant
668,Desguinlei 100,2023-09-21,22:00:00,65,22,43,FMN 21 Desguinlei Zuidkant
668,Desguinlei 100,2023-09-21,23:00:00,27,7,20,FMN 21 Desguinlei Zuidkant
668,Desguinlei 100,2023-09-22,00:00:00,16,5,11,FMN 21 Desguinlei Zuidkant
668,Desguinlei 100,2023-09-22,01:00:00,10,2,8,FMN 21 Desguinlei Zuidkant
668,Desguinlei 100,2023-09-22,02:00:00,1,0,1,FMN 21 Desguinlei Zuidkant
668,Desguinlei 100,2023-09-22,03:00:00,5,0,5,FMN 21 Desguinlei Zuidkant
668,Desguinlei 100,2023-09-22,04:00:00,9,1,8,FMN 21 Desguinlei Zuidkant
668,Desguinlei 100,2023-09-22,05:00:00,13,1,12,FMN 21 Desguinlei Zuidkant
668,Desguinlei 100,2023-09-22,06:00:00,44,11,33,FMN 21 Desguinlei Zuidkant
668,Desguinlei 100,2023-09-22,07:00:00,113,43,70,FMN 21 Desguinlei Zuidkant
668,Desguinlei 100,2023-09-22,08:00:00,194,60,134,FMN 21 Desguinlei Zuidkant
668,Desguinlei 100,2023-09-22,09:00:00,112,34,78,FMN 21 Desguinlei Zuidkant
668,Desguinlei 100,2023-09-22,10:00:00,72,23,49,FMN 21 Desguinlei Zuidkant
668,Desguinlei 100,2023-09-22,11:00:00,75,32,43,FMN 21 Desguinlei Zuidkant
668,Desguinlei 100,2023-09-22,12:00:00,119,41,78,FMN 21 Desguinlei Zuidkant
668,Desguinlei 100,2023-09-22,13:00:00,100,25,75,FMN 21 Desguinlei Zuidkant
668,Desguinlei 100,2023-09-22,14:00:00,111,32,79,FMN 21 Desguinlei Zuidkant
668,Desguinlei 100,2023-09-22,15:00:00,154,19,135,FMN 21 Desguinlei Zuidkant
668,Desguinlei 100,2023-09-22,16:00:00,185,36,149,FMN 21 Desguinlei Zuidkant
668,Desguinlei 100,2023-09-22,17:00:00,159,31,128,FMN 21 Desguinlei Zuidkant
668,Desguinlei 100,2023-09-22,18:00:00,132,37,95,FMN 21 Desguinlei Zuidkant
668,Desguinlei 100,2023-09-22,19:00:00,111,60,51,FMN 21 Desguinlei Zuidkant
668,Desguinlei 100,2023-09-22,20:00:00,47,29,18,FMN 21 Desguinlei Zuidkant
668,Desguinlei 100,2023-09-22,21:00:00,91,18,73,FMN 21 Desguinlei Zuidkant
668,Desguinlei 100,2023-09-22,22:00:00,49,12,37,FMN 21 Desguinlei Zuidkant
668,Desguinlei 100,2023-09-22,23:00:00,35,7,28,FMN 21 Desguinlei Zuidkant
668,Desguinlei 100,2023-09-23,00:00:00,36,5,31,FMN 21 Desguinlei Zuidkant
668,Desguinlei 100,2023-09-23,01:00:00,17,3,14,FMN 21 Desguinlei Zuidkant
668,Desguinlei 100,2023-09-23,02:00:00,13,1,12,FMN 21 Desguinlei Zuidkant
668,Desguinlei 100,2023-09-23,03:00:00,11,0,11,FMN 21 Desguinlei Zuidkant
668,Desguinlei 100,2023-09-23,04:00:00,6,0,6,FMN 21 Desguinlei Zuidkant
668,Desguinlei 100,2023-09-23,05:00:00,8,1,7,FMN 21 Desguinlei Zuidkant
668,Desguinlei 100,2023-09-23,06:00:00,12,5,7,FMN 21 Desguinlei Zuidkant
668,Desguinlei 100,2023-09-23,07:00:00,14,2,12,FMN 21 Desguinlei Zuidkant
668,Desguinlei 100,2023-09-23,08:00:00,40,7,33,FMN 21 Desguinlei Zuidkant
668,Desguinlei 100,2023-09-23,09:00:00,52,9,43,FMN 21 Desguinlei Zuidkant
668,Desguinlei 100,2023-09-23,10:00:00,79,15,64,FMN 21 Desguinlei Zuidkant
668,Desguinlei 100,2023-09-23,11:00:00,95,31,64,FMN 21 Desguinlei Zuidkant
668,Desguinlei 100,2023-09-23,12:00:00,91,46,45,FMN 21 Desguinlei Zuidkant
668,Desguinlei 100,2023-09-23,13:00:00,92,39,53,FMN 21 Desguinlei Zuidkant
668,Desguinlei 100,2023-09-23,14:00:00,80,18,62,FMN 21 Desguinlei Zuidkant
668,Desguinlei 100,2023-09-23,15:00:00,73,25,48,FMN 21 Desguinlei Zuidkant
668,Desguinlei 100,2023-09-23,16:00:00,63,18,45,FMN 21 Desguinlei Zuidkant
668,Desguinlei 100,2023-09-23,17:00:00,89,13,76,FMN 21 Desguinlei Zuidkant
668,Desguinlei 100,2023-09-23,18:00:00,91,15,76,FMN 21 Desguinlei Zuidkant
668,Desguinlei 100,2023-09-23,19:00:00,114,42,72,FMN 21 Desguinlei Zuidkant
668,Desguinlei 100,2023-09-23,20:00:00,51,19,32,FMN 21 Desguinlei Zuidkant
668,Desguinlei 100,2023-09-23,21:00:00,56,10,46,FMN 21 Desguinlei Zuidkant
668,Desguinlei 100,2023-09-23,22:00:00,42,10,32,FMN 21 Desguinlei Zuidkant
668,Desguinlei 100,2023-09-23,23:00:00,40,10,30,FMN 21 Desguinlei Zuidkant
668,Desguinlei 100,2023-09-24,00:00:00,30,9,21,FMN 21 Desguinlei Zuidkant
668,Desguinlei 100,2023-09-24,01:00:00,17,1,16,FMN 21 Desguinlei Zuidkant
668,Desguinlei 100,2023-09-24,02:00:00,17,2,15,FMN 21 Desguinlei Zuidkant
668,Desguinlei 100,2023-09-24,03:00:00,17,3,14,FMN 21 Desguinlei Zuidkant
668,Desguinlei 100,2023-09-24,04:00:00,8,1,7,FMN 21 Desguinlei Zuidkant
668,Desguinlei 100,2023-09-24,05:00:00,9,4,5,FMN 21 Desguinlei Zuidkant
668,Desguinlei 100,2023-09-24,06:00:00,12,2,10,FMN 21 Desguinlei Zuidkant
668,Desguinlei 100,2023-09-24,07:00:00,11,2,9,FMN 21 Desguinlei Zuidkant
668,Desguinlei 100,2023-09-24,08:00:00,20,1,19,FMN 21 Desguinlei Zuidkant
668,Desguinlei 100,2023-09-24,09:00:00,64,18,46,FMN 21 Desguinlei Zuidkant
668,Desguinlei 100,2023-09-24,10:00:00,65,19,46,FMN 21 Desguinlei Zuidkant
668,Desguinlei 100,2023-09-24,11:00:00,83,30,53,FMN 21 Desguinlei Zuidkant
668,Desguinlei 100,2023-09-24,12:00:00,83,29,54,FMN 21 Desguinlei Zuidkant
668,Desguinlei 100,2023-09-24,13:00:00,100,35,65,FMN 21 Desguinlei Zuidkant
668,Desguinlei 100,2023-09-24,14:00:00,91,23,68,FMN 21 Desguinlei Zuidkant
668,Desguinlei 100,2023-09-24,15:00:00,95,15,80,FMN 21 Desguinlei Zuidkant
668,Desguinlei 100,2023-09-24,16:00:00,109,16,93,FMN 21 Desguinlei Zuidkant
668,Desguinlei 100,2023-09-24,17:00:00,126,18,108,FMN 21 Desguinlei Zuidkant
668,Desguinlei 100,2023-09-24,18:00:00,100,23,77,FMN 21 Desguinlei Zuidkant
668,Desguinlei 100,2023-09-24,19:00:00,50,12,38,FMN 21 Desguinlei Zuidkant
668,Desguinlei 100,2023-09-24,20:00:00,35,7,28,FMN 21 Desguinlei Zuidkant
668,Desguinlei 100,2023-09-24,21:00:00,21,11,10,FMN 21 Desguinlei Zuidkant
668,Desguinlei 100,2023-09-24,22:00:00,31,5,26,FMN 21 Desguinlei Zuidkant
668,Desguinlei 100,2023-09-24,23:00:00,20,2,18,FMN 21 Desguinlei Zuidkant
668,Desguinlei 100,2023-09-25,00:00:00,10,2,8,FMN 21 Desguinlei Zuidkant
668,Desguinlei 100,2023-09-25,01:00:00,9,1,8,FMN 21 Desguinlei Zuidkant
668,Desguinlei 100,2023-09-25,02:00:00,5,2,3,FMN 21 Desguinlei Zuidkant
668,Desguinlei 100,2023-09-25,03:00:00,2,0,2,FMN 21 Desguinlei Zuidkant
668,Desguinlei 100,2023-09-25,04:00:00,8,3,5,FMN 21 Desguinlei Zuidkant
668,Desguinlei 100,2023-09-25,05:00:00,20,3,17,FMN 21 Desguinlei Zuidkant
668,Desguinlei 100,2023-09-25,06:00:00,56,22,34,FMN 21 Desguinlei Zuidkant
668,Desguinlei 100,2023-09-25,07:00:00,141,44,97,FMN 21 Desguinlei Zuidkant
668,Desguinlei 100,2023-09-25,08:00:00,236,74,162,FMN 21 Desguinlei Zuidkant
668,Desguinlei 100,2023-09-25,09:00:00,144,57,87,FMN 21 Desguinlei Zuidkant
668,Desguinlei 100,2023-09-25,10:00:00,111,38,73,FMN 21 Desguinlei Zuidkant
668,Desguinlei 100,2023-09-25,11:00:00,114,21,93,FMN 21 Desguinlei Zuidkant
668,Desguinlei 100,2023-09-25,12:00:00,162,40,122,FMN 21 Desguinlei Zuidkant
668,Desguinlei 100,2023-09-25,13:00:00,155,72,83,FMN 21 Desguinlei Zuidkant
668,Desguinlei 100,2023-09-25,14:00:00,116,27,89,FMN 21 Desguinlei Zuidkant
668,Desguinlei 100,2023-09-25,15:00:00,209,44,165,FMN 21 Desguinlei Zuidkant
668,Desguinlei 100,2023-09-25,16:00:00,269,46,223,FMN 21 Desguinlei Zuidkant
668,Desguinlei 100,2023-09-25,17:00:00,262,48,214,FMN 21 Desguinlei Zuidkant
668,Desguinlei 100,2023-09-25,18:00:00,215,49,166,FMN 21 Desguinlei Zuidkant
668,Desguinlei 100,2023-09-25,19:00:00,125,33,92,FMN 21 Desguinlei Zuidkant
668,Desguinlei 100,2023-09-25,20:00:00,99,36,63,FMN 21 Desguinlei Zuidkant
668,Desguinlei 100,2023-09-25,21:00:00,80,38,42,FMN 21 Desguinlei Zuidkant
668,Desguinlei 100,2023-09-25,22:00:00,64,21,43,FMN 21 Desguinlei Zuidkant
668,Desguinlei 100,2023-09-25,23:00:00,24,5,19,FMN 21 Desguinlei Zuidkant
668,Desguinlei 100,2023-09-26,00:00:00,13,5,8,FMN 21 Desguinlei Zuidkant
668,Desguinlei 100,2023-09-26,01:00:00,4,0,4,FMN 21 Desguinlei Zuidkant
668,Desguinlei 100,2023-09-26,02:00:00,6,5,1,FMN 21 Desguinlei Zuidkant
668,Desguinlei 100,2023-09-26,03:00:00,3,2,1,FMN 21 Desguinlei Zuidkant
668,Desguinlei 100,2023-09-26,04:00:00,11,2,9,FMN 21 Desguinlei Zuidkant
668,Desguinlei 100,2023-09-26,05:00:00,21,3,18,FMN 21 Desguinlei Zuidkant
668,Desguinlei 100,2023-09-26,06:00:00,53,14,39,FMN 21 Desguinlei Zuidkant
668,Desguinlei 100,2023-09-26,07:00:00,157,51,106,FMN 21 Desguinlei Zuidkant
668,Desguinlei 100,2023-09-26,08:00:00,307,104,203,FMN 21 Desguinlei Zuidkant
668,Desguinlei 100,2023-09-26,09:00:00,116,48,68,FMN 21 Desguinlei Zuidkant
668,Desguinlei 100,2023-09-26,10:00:00,82,21,61,FMN 21 Desguinlei Zuidkant
668,Desguinlei 100,2023-09-26,11:00:00,91,28,63,FMN 21 Desguinlei Zuidkant
668,Desguinlei 100,2023-09-26,12:00:00,146,40,106,FMN 21 Desguinlei Zuidkant
668,Desguinlei 100,2023-09-26,13:00:00,102,30,72,FMN 21 Desguinlei Zuidkant
668,Desguinlei 100,2023-09-26,14:00:00,134,20,114,FMN 21 Desguinlei Zuidkant
668,Desguinlei 100,2023-09-26,15:00:00,234,32,202,FMN 21 Desguinlei Zuidkant
668,Desguinlei 100,2023-09-26,16:00:00,255,36,219,FMN 21 Desguinlei Zuidkant
668,Desguinlei 100,2023-09-26,17:00:00,267,54,213,FMN 21 Desguinlei Zuidkant
668,Desguinlei 100,2023-09-26,18:00:00,218,43,175,FMN 21 Desguinlei Zuidkant
668,Desguinlei 100,2023-09-26,19:00:00,135,40,95,FMN 21 Desguinlei Zuidkant
668,Desguinlei 100,2023-09-26,20:00:00,84,40,44,FMN 21 Desguinlei Zuidkant
668,Desguinlei 100,2023-09-26,21:00:00,87,30,57,FMN 21 Desguinlei Zuidkant
668,Desguinlei 100,2023-09-26,22:00:00,92,22,70,FMN 21 Desguinlei Zuidkant
668,Desguinlei 100,2023-09-26,23:00:00,38,8,30,FMN 21 Desguinlei Zuidkant
668,Desguinlei 100,2023-09-27,00:00:00,11,2,9,FMN 21 Desguinlei Zuidkant
668,Desguinlei 100,2023-09-27,01:00:00,3,1,2,FMN 21 Desguinlei Zuidkant
668,Desguinlei 100,2023-09-27,02:00:00,1,0,1,FMN 21 Desguinlei Zuidkant
668,Desguinlei 100,2023-09-27,03:00:00,2,0,2,FMN 21 Desguinlei Zuidkant
668,Desguinlei 100,2023-09-27,04:00:00,11,5,6,FMN 21 Desguinlei Zuidkant
668,Desguinlei 100,2023-09-27,05:00:00,30,12,18,FMN 21 Desguinlei Zuidkant
668,Desguinlei 100,2023-09-27,06:00:00,45,12,33,FMN 21 Desguinlei Zuidkant
668,Desguinlei 100,2023-09-27,07:00:00,144,54,90,FMN 21 Desguinlei Zuidkant
668,Desguinlei 100,2023-09-27,08:00:00,261,84,177,FMN 21 Desguinlei Zuidkant
668,Desguinlei 100,2023-09-27,09:00:00,110,35,75,FMN 21 Desguinlei Zuidkant
668,Desguinlei 100,2023-09-27,10:00:00,115,28,87,FMN 21 Desguinlei Zuidkant
668,Desguinlei 100,2023-09-27,11:00:00,104,27,77,FMN 21 Desguinlei Zuidkant
668,Desguinlei 100,2023-09-27,12:00:00,209,33,176,FMN 21 Desguinlei Zuidkant
668,Desguinlei 100,2023-09-27,13:00:00,163,51,112,FMN 21 Desguinlei Zuidkant
668,Desguinlei 100,2023-09-27,14:00:00,124,38,86,FMN 21 Desguinlei Zuidkant
668,Desguinlei 100,2023-09-27,15:00:00,176,31,145,FMN 21 Desguinlei Zuidkant
668,Desguinlei 100,2023-09-27,16:00:00,231,45,186,FMN 21 Desguinlei Zuidkant
668,Desguinlei 100,2023-09-27,17:00:00,253,49,204,FMN 21 Desguinlei Zuidkant
668,Desguinlei 100,2023-09-27,18:00:00,235,47,188,FMN 21 Desguinlei Zuidkant
668,Desguinlei 100,2023-09-27,19:00:00,143,45,98,FMN 21 Desguinlei Zuidkant
668,Desguinlei 100,2023-09-27,20:00:00,118,58,60,FMN 21 Desguinlei Zuidkant
668,Desguinlei 100,2023-09-27,21:00:00,83,28,55,FMN 21 Desguinlei Zuidkant
668,Desguinlei 100,2023-09-27,22:00:00,78,15,63,FMN 21 Desguinlei Zuidkant
668,Desguinlei 100,2023-09-27,23:00:00,52,9,43,FMN 21 Desguinlei Zuidkant
