Meetpunt surrogate key,Meetpunt locatie,Datum,Tijd,Aantal fietsers,Aantal fietsers van,Aantal fietsers naar,Meetpunt code
84,Oudemolsedijk,2018-07-15,00:00:00,0,0,0,FMN GV 18 Kasterlee
84,Oudemolsedijk,2018-07-15,01:00:00,0,0,0,FMN GV 18 Kasterlee
84,Oudemolsedijk,2018-07-15,02:00:00,0,0,0,FMN GV 18 Kasterlee
84,Oudemolsedijk,2018-07-15,03:00:00,0,0,0,FMN GV 18 Kasterlee
84,Oudemolsedijk,2018-07-15,04:00:00,0,0,0,FMN GV 18 Kasterlee
84,Oudemolsedijk,2018-07-15,05:00:00,0,0,0,FMN GV 18 Kasterlee
84,Oudemolsedijk,2018-07-15,06:00:00,0,0,0,FMN GV 18 Kasterlee
84,Oudemolsedijk,2018-07-15,07:00:00,4,2,2,FMN GV 18 Kasterlee
84,Oudemolsedijk,2018-07-15,08:00:00,32,13,19,FMN GV 18 Kasterlee
84,Oudemolsedijk,2018-07-15,09:00:00,89,50,39,FMN GV 18 Kasterlee
84,Oudemolsedijk,2018-07-15,10:00:00,146,76,70,FMN GV 18 Kasterlee
84,Oudemolsedijk,2018-07-15,11:00:00,170,104,66,FMN GV 18 Kasterlee
84,Oudemolsedijk,2018-07-15,12:00:00,66,35,31,FMN GV 18 Kasterlee
84,Oudemolsedijk,2018-07-15,13:00:00,85,41,44,FMN GV 18 Kasterlee
84,Oudemolsedijk,2018-07-15,14:00:00,118,44,74,FMN GV 18 Kasterlee
84,Oudemolsedijk,2018-07-15,15:00:00,87,62,25,FMN GV 18 Kasterlee
84,Oudemolsedijk,2018-07-15,16:00:00,82,45,37,FMN GV 18 Kasterlee
84,Oudemolsedijk,2018-07-15,17:00:00,41,21,20,FMN GV 18 Kasterlee
84,Oudemolsedijk,2018-07-15,18:00:00,30,9,21,FMN GV 18 Kasterlee
84,Oudemolsedijk,2018-07-15,19:00:00,30,16,14,FMN GV 18 Kasterlee
84,Oudemolsedijk,2018-07-15,20:00:00,14,8,6,FMN GV 18 Kasterlee
84,Oudemolsedijk,2018-07-15,21:00:00,22,12,10,FMN GV 18 Kasterlee
84,Oudemolsedijk,2018-07-15,22:00:00,4,0,4,FMN GV 18 Kasterlee
84,Oudemolsedijk,2018-07-15,23:00:00,4,4,0,FMN GV 18 Kasterlee
84,Oudemolsedijk,2018-07-16,00:00:00,0,0,0,FMN GV 18 Kasterlee
84,Oudemolsedijk,2018-07-16,01:00:00,0,0,0,FMN GV 18 Kasterlee
84,Oudemolsedijk,2018-07-16,02:00:00,0,0,0,FMN GV 18 Kasterlee
84,Oudemolsedijk,2018-07-16,03:00:00,0,0,0,FMN GV 18 Kasterlee
84,Oudemolsedijk,2018-07-16,04:00:00,0,0,0,FMN GV 18 Kasterlee
84,Oudemolsedijk,2018-07-16,05:00:00,2,1,1,FMN GV 18 Kasterlee
84,Oudemolsedijk,2018-07-16,06:00:00,8,5,3,FMN GV 18 Kasterlee
84,Oudemolsedijk,2018-07-16,07:00:00,11,4,7,FMN GV 18 Kasterlee
84,Oudemolsedijk,2018-07-16,08:00:00,13,8,5,FMN GV 18 Kasterlee
84,Oudemolsedijk,2018-07-16,09:00:00,22,9,13,FMN GV 18 Kasterlee
84,Oudemolsedijk,2018-07-16,10:00:00,31,15,16,FMN GV 18 Kasterlee
84,Oudemolsedijk,2018-07-16,11:00:00,26,12,14,FMN GV 18 Kasterlee
84,Oudemolsedijk,2018-07-16,12:00:00,38,13,25,FMN GV 18 Kasterlee
84,Oudemolsedijk,2018-07-16,13:00:00,67,21,46,FMN GV 18 Kasterlee
84,Oudemolsedijk,2018-07-16,14:00:00,68,34,34,FMN GV 18 Kasterlee
84,Oudemolsedijk,2018-07-16,15:00:00,71,49,22,FMN GV 18 Kasterlee
84,Oudemolsedijk,2018-07-16,16:00:00,50,30,20,FMN GV 18 Kasterlee
84,Oudemolsedijk,2018-07-16,17:00:00,26,17,9,FMN GV 18 Kasterlee
84,Oudemolsedijk,2018-07-16,18:00:00,38,14,24,FMN GV 18 Kasterlee
84,Oudemolsedijk,2018-07-16,19:00:00,24,14,10,FMN GV 18 Kasterlee
84,Oudemolsedijk,2018-07-16,20:00:00,32,19,13,FMN GV 18 Kasterlee
84,Oudemolsedijk,2018-07-16,21:00:00,15,10,5,FMN GV 18 Kasterlee
84,Oudemolsedijk,2018-07-16,22:00:00,1,0,1,FMN GV 18 Kasterlee
84,Oudemolsedijk,2018-07-16,23:00:00,1,0,1,FMN GV 18 Kasterlee
84,Oudemolsedijk,2018-07-17,00:00:00,0,0,0,FMN GV 18 Kasterlee
84,Oudemolsedijk,2018-07-17,01:00:00,0,0,0,FMN GV 18 Kasterlee
84,Oudemolsedijk,2018-07-17,02:00:00,0,0,0,FMN GV 18 Kasterlee
84,Oudemolsedijk,2018-07-17,03:00:00,0,0,0,FMN GV 18 Kasterlee
84,Oudemolsedijk,2018-07-17,04:00:00,0,0,0,FMN GV 18 Kasterlee
84,Oudemolsedijk,2018-07-17,05:00:00,2,1,1,FMN GV 18 Kasterlee
84,Oudemolsedijk,2018-07-17,06:00:00,9,4,5,FMN GV 18 Kasterlee
84,Oudemolsedijk,2018-07-17,07:00:00,12,7,5,FMN GV 18 Kasterlee
84,Oudemolsedijk,2018-07-17,08:00:00,12,4,8,FMN GV 18 Kasterlee
84,Oudemolsedijk,2018-07-17,09:00:00,17,6,11,FMN GV 18 Kasterlee
84,Oudemolsedijk,2018-07-17,10:00:00,47,30,17,FMN GV 18 Kasterlee
84,Oudemolsedijk,2018-07-17,11:00:00,28,19,9,FMN GV 18 Kasterlee
84,Oudemolsedijk,2018-07-17,12:00:00,24,13,11,FMN GV 18 Kasterlee
84,Oudemolsedijk,2018-07-17,13:00:00,39,22,17,FMN GV 18 Kasterlee
84,Oudemolsedijk,2018-07-17,14:00:00,81,50,31,FMN GV 18 Kasterlee
84,Oudemolsedijk,2018-07-17,15:00:00,65,35,30,FMN GV 18 Kasterlee
84,Oudemolsedijk,2018-07-17,16:00:00,73,33,40,FMN GV 18 Kasterlee
84,Oudemolsedijk,2018-07-17,17:00:00,29,17,12,FMN GV 18 Kasterlee
84,Oudemolsedijk,2018-07-17,18:00:00,44,17,27,FMN GV 18 Kasterlee
84,Oudemolsedijk,2018-07-17,19:00:00,50,13,37,FMN GV 18 Kasterlee
84,Oudemolsedijk,2018-07-17,20:00:00,23,11,12,FMN GV 18 Kasterlee
84,Oudemolsedijk,2018-07-17,21:00:00,16,13,3,FMN GV 18 Kasterlee
84,Oudemolsedijk,2018-07-17,22:00:00,4,2,2,FMN GV 18 Kasterlee
84,Oudemolsedijk,2018-07-17,23:00:00,1,0,1,FMN GV 18 Kasterlee
84,Oudemolsedijk,2018-07-18,00:00:00,0,0,0,FMN GV 18 Kasterlee
84,Oudemolsedijk,2018-07-18,01:00:00,0,0,0,FMN GV 18 Kasterlee
84,Oudemolsedijk,2018-07-18,02:00:00,0,0,0,FMN GV 18 Kasterlee
84,Oudemolsedijk,2018-07-18,03:00:00,0,0,0,FMN GV 18 Kasterlee
84,Oudemolsedijk,2018-07-18,04:00:00,1,0,1,FMN GV 18 Kasterlee
84,Oudemolsedijk,2018-07-18,05:00:00,0,0,0,FMN GV 18 Kasterlee
84,Oudemolsedijk,2018-07-18,06:00:00,9,3,6,FMN GV 18 Kasterlee
84,Oudemolsedijk,2018-07-18,07:00:00,62,52,10,FMN GV 18 Kasterlee
84,Oudemolsedijk,2018-07-18,08:00:00,22,19,3,FMN GV 18 Kasterlee
84,Oudemolsedijk,2018-07-18,09:00:00,26,11,15,FMN GV 18 Kasterlee
84,Oudemolsedijk,2018-07-18,10:00:00,35,18,17,FMN GV 18 Kasterlee
84,Oudemolsedijk,2018-07-18,11:00:00,37,17,20,FMN GV 18 Kasterlee
84,Oudemolsedijk,2018-07-18,12:00:00,39,24,15,FMN GV 18 Kasterlee
84,Oudemolsedijk,2018-07-18,13:00:00,118,44,74,FMN GV 18 Kasterlee
84,Oudemolsedijk,2018-07-18,14:00:00,107,61,46,FMN GV 18 Kasterlee
84,Oudemolsedijk,2018-07-18,15:00:00,97,61,36,FMN GV 18 Kasterlee
84,Oudemolsedijk,2018-07-18,16:00:00,75,34,41,FMN GV 18 Kasterlee
84,Oudemolsedijk,2018-07-18,17:00:00,44,23,21,FMN GV 18 Kasterlee
84,Oudemolsedijk,2018-07-18,18:00:00,50,31,19,FMN GV 18 Kasterlee
84,Oudemolsedijk,2018-07-18,19:00:00,39,18,21,FMN GV 18 Kasterlee
84,Oudemolsedijk,2018-07-18,20:00:00,78,39,39,FMN GV 18 Kasterlee
84,Oudemolsedijk,2018-07-18,21:00:00,29,20,9,FMN GV 18 Kasterlee
84,Oudemolsedijk,2018-07-18,22:00:00,3,1,2,FMN GV 18 Kasterlee
84,Oudemolsedijk,2018-07-18,23:00:00,0,0,0,FMN GV 18 Kasterlee
84,Oudemolsedijk,2018-07-19,00:00:00,0,0,0,FMN GV 18 Kasterlee
84,Oudemolsedijk,2018-07-19,01:00:00,0,0,0,FMN GV 18 Kasterlee
84,Oudemolsedijk,2018-07-19,02:00:00,0,0,0,FMN GV 18 Kasterlee
84,Oudemolsedijk,2018-07-19,03:00:00,0,0,0,FMN GV 18 Kasterlee
84,Oudemolsedijk,2018-07-19,04:00:00,1,0,1,FMN GV 18 Kasterlee
84,Oudemolsedijk,2018-07-19,05:00:00,0,0,0,FMN GV 18 Kasterlee
84,Oudemolsedijk,2018-07-19,06:00:00,9,3,6,FMN GV 18 Kasterlee
84,Oudemolsedijk,2018-07-19,07:00:00,12,8,4,FMN GV 18 Kasterlee
84,Oudemolsedijk,2018-07-19,08:00:00,18,9,9,FMN GV 18 Kasterlee
84,Oudemolsedijk,2018-07-19,09:00:00,16,11,5,FMN GV 18 Kasterlee
84,Oudemolsedijk,2018-07-19,10:00:00,58,34,24,FMN GV 18 Kasterlee
84,Oudemolsedijk,2018-07-19,11:00:00,43,24,19,FMN GV 18 Kasterlee
84,Oudemolsedijk,2018-07-19,12:00:00,35,23,12,FMN GV 18 Kasterlee
84,Oudemolsedijk,2018-07-19,13:00:00,64,31,33,FMN GV 18 Kasterlee
84,Oudemolsedijk,2018-07-19,14:00:00,64,34,30,FMN GV 18 Kasterlee
84,Oudemolsedijk,2018-07-19,15:00:00,80,48,32,FMN GV 18 Kasterlee
84,Oudemolsedijk,2018-07-19,16:00:00,82,26,56,FMN GV 18 Kasterlee
84,Oudemolsedijk,2018-07-19,17:00:00,35,19,16,FMN GV 18 Kasterlee
84,Oudemolsedijk,2018-07-19,18:00:00,56,21,35,FMN GV 18 Kasterlee
84,Oudemolsedijk,2018-07-19,19:00:00,36,18,18,FMN GV 18 Kasterlee
84,Oudemolsedijk,2018-07-19,20:00:00,70,42,28,FMN GV 18 Kasterlee
84,Oudemolsedijk,2018-07-19,21:00:00,16,13,3,FMN GV 18 Kasterlee
84,Oudemolsedijk,2018-07-19,22:00:00,0,0,0,FMN GV 18 Kasterlee
84,Oudemolsedijk,2018-07-19,23:00:00,0,0,0,FMN GV 18 Kasterlee
84,Oudemolsedijk,2018-07-20,00:00:00,0,0,0,FMN GV 18 Kasterlee
84,Oudemolsedijk,2018-07-20,01:00:00,0,0,0,FMN GV 18 Kasterlee
84,Oudemolsedijk,2018-07-20,02:00:00,0,0,0,FMN GV 18 Kasterlee
84,Oudemolsedijk,2018-07-20,03:00:00,0,0,0,FMN GV 18 Kasterlee
84,Oudemolsedijk,2018-07-20,04:00:00,0,0,0,FMN GV 18 Kasterlee
84,Oudemolsedijk,2018-07-20,05:00:00,2,2,0,FMN GV 18 Kasterlee
84,Oudemolsedijk,2018-07-20,06:00:00,3,1,2,FMN GV 18 Kasterlee
84,Oudemolsedijk,2018-07-20,07:00:00,12,7,5,FMN GV 18 Kasterlee
84,Oudemolsedijk,2018-07-20,08:00:00,8,5,3,FMN GV 18 Kasterlee
84,Oudemolsedijk,2018-07-20,09:00:00,24,9,15,FMN GV 18 Kasterlee
84,Oudemolsedijk,2018-07-20,10:00:00,45,9,36,FMN GV 18 Kasterlee
84,Oudemolsedijk,2018-07-20,11:00:00,34,18,16,FMN GV 18 Kasterlee
84,Oudemolsedijk,2018-07-20,12:00:00,31,22,9,FMN GV 18 Kasterlee
84,Oudemolsedijk,2018-07-20,13:00:00,43,18,25,FMN GV 18 Kasterlee
84,Oudemolsedijk,2018-07-20,14:00:00,75,24,51,FMN GV 18 Kasterlee
84,Oudemolsedijk,2018-07-20,15:00:00,47,18,29,FMN GV 18 Kasterlee
84,Oudemolsedijk,2018-07-20,16:00:00,48,20,28,FMN GV 18 Kasterlee
84,Oudemolsedijk,2018-07-20,17:00:00,24,12,12,FMN GV 18 Kasterlee
84,Oudemolsedijk,2018-07-20,18:00:00,28,15,13,FMN GV 18 Kasterlee
84,Oudemolsedijk,2018-07-20,19:00:00,12,6,6,FMN GV 18 Kasterlee
84,Oudemolsedijk,2018-07-20,20:00:00,13,6,7,FMN GV 18 Kasterlee
84,Oudemolsedijk,2018-07-20,21:00:00,6,3,3,FMN GV 18 Kasterlee
84,Oudemolsedijk,2018-07-20,22:00:00,32,0,32,FMN GV 18 Kasterlee
84,Oudemolsedijk,2018-07-20,23:00:00,33,2,31,FMN GV 18 Kasterlee
84,Oudemolsedijk,2018-07-21,00:00:00,10,1,9,FMN GV 18 Kasterlee
84,Oudemolsedijk,2018-07-21,01:00:00,0,0,0,FMN GV 18 Kasterlee
84,Oudemolsedijk,2018-07-21,02:00:00,19,18,1,FMN GV 18 Kasterlee
84,Oudemolsedijk,2018-07-21,03:00:00,15,15,0,FMN GV 18 Kasterlee
84,Oudemolsedijk,2018-07-21,04:00:00,34,34,0,FMN GV 18 Kasterlee
84,Oudemolsedijk,2018-07-21,05:00:00,2,1,1,FMN GV 18 Kasterlee
84,Oudemolsedijk,2018-07-21,06:00:00,1,1,0,FMN GV 18 Kasterlee
84,Oudemolsedijk,2018-07-21,07:00:00,6,3,3,FMN GV 18 Kasterlee
84,Oudemolsedijk,2018-07-21,08:00:00,28,7,21,FMN GV 18 Kasterlee
84,Oudemolsedijk,2018-07-21,09:00:00,42,27,15,FMN GV 18 Kasterlee
84,Oudemolsedijk,2018-07-21,10:00:00,69,26,43,FMN GV 18 Kasterlee
84,Oudemolsedijk,2018-07-21,11:00:00,67,23,44,FMN GV 18 Kasterlee
84,Oudemolsedijk,2018-07-21,12:00:00,97,70,27,FMN GV 18 Kasterlee
84,Oudemolsedijk,2018-07-21,13:00:00,65,14,51,FMN GV 18 Kasterlee
84,Oudemolsedijk,2018-07-21,14:00:00,136,79,57,FMN GV 18 Kasterlee
84,Oudemolsedijk,2018-07-21,15:00:00,110,52,58,FMN GV 18 Kasterlee
84,Oudemolsedijk,2018-07-21,16:00:00,71,29,42,FMN GV 18 Kasterlee
84,Oudemolsedijk,2018-07-21,17:00:00,37,14,23,FMN GV 18 Kasterlee
84,Oudemolsedijk,2018-07-21,18:00:00,39,14,25,FMN GV 18 Kasterlee
84,Oudemolsedijk,2018-07-21,19:00:00,33,22,11,FMN GV 18 Kasterlee
84,Oudemolsedijk,2018-07-21,20:00:00,25,8,17,FMN GV 18 Kasterlee
84,Oudemolsedijk,2018-07-21,21:00:00,18,8,10,FMN GV 18 Kasterlee
84,Oudemolsedijk,2018-07-21,22:00:00,30,1,29,FMN GV 18 Kasterlee
84,Oudemolsedijk,2018-07-21,23:00:00,30,0,30,FMN GV 18 Kasterlee
84,Oudemolsedijk,2018-07-22,00:00:00,25,1,24,FMN GV 18 Kasterlee
84,Oudemolsedijk,2018-07-22,01:00:00,13,5,8,FMN GV 18 Kasterlee
84,Oudemolsedijk,2018-07-22,02:00:00,12,10,2,FMN GV 18 Kasterlee
84,Oudemolsedijk,2018-07-22,03:00:00,8,8,0,FMN GV 18 Kasterlee
84,Oudemolsedijk,2018-07-22,04:00:00,38,38,0,FMN GV 18 Kasterlee
84,Oudemolsedijk,2018-07-22,05:00:00,26,26,0,FMN GV 18 Kasterlee
84,Oudemolsedijk,2018-07-22,06:00:00,1,1,0,FMN GV 18 Kasterlee
84,Oudemolsedijk,2018-07-22,07:00:00,10,5,5,FMN GV 18 Kasterlee
84,Oudemolsedijk,2018-07-22,08:00:00,46,17,29,FMN GV 18 Kasterlee
84,Oudemolsedijk,2018-07-22,09:00:00,93,54,39,FMN GV 18 Kasterlee
84,Oudemolsedijk,2018-07-22,10:00:00,137,77,60,FMN GV 18 Kasterlee
84,Oudemolsedijk,2018-07-22,11:00:00,112,57,55,FMN GV 18 Kasterlee
84,Oudemolsedijk,2018-07-22,12:00:00,49,29,20,FMN GV 18 Kasterlee
84,Oudemolsedijk,2018-07-22,13:00:00,71,34,37,FMN GV 18 Kasterlee
84,Oudemolsedijk,2018-07-22,14:00:00,123,55,68,FMN GV 18 Kasterlee
84,Oudemolsedijk,2018-07-22,15:00:00,84,27,57,FMN GV 18 Kasterlee
84,Oudemolsedijk,2018-07-22,16:00:00,133,88,45,FMN GV 18 Kasterlee
84,Oudemolsedijk,2018-07-22,17:00:00,67,38,29,FMN GV 18 Kasterlee
84,Oudemolsedijk,2018-07-22,18:00:00,74,44,30,FMN GV 18 Kasterlee
84,Oudemolsedijk,2018-07-22,19:00:00,44,22,22,FMN GV 18 Kasterlee
84,Oudemolsedijk,2018-07-22,20:00:00,43,14,29,FMN GV 18 Kasterlee
84,Oudemolsedijk,2018-07-22,21:00:00,26,12,14,FMN GV 18 Kasterlee
84,Oudemolsedijk,2018-07-22,22:00:00,10,0,10,FMN GV 18 Kasterlee
84,Oudemolsedijk,2018-07-22,23:00:00,13,0,13,FMN GV 18 Kasterlee
84,Oudemolsedijk,2018-07-23,00:00:00,9,0,9,FMN GV 18 Kasterlee
84,Oudemolsedijk,2018-07-23,01:00:00,6,4,2,FMN GV 18 Kasterlee
84,Oudemolsedijk,2018-07-23,02:00:00,12,12,0,FMN GV 18 Kasterlee
84,Oudemolsedijk,2018-07-23,03:00:00,7,7,0,FMN GV 18 Kasterlee
84,Oudemolsedijk,2018-07-23,04:00:00,12,12,0,FMN GV 18 Kasterlee
84,Oudemolsedijk,2018-07-23,05:00:00,12,12,0,FMN GV 18 Kasterlee
84,Oudemolsedijk,2018-07-23,06:00:00,6,4,2,FMN GV 18 Kasterlee
84,Oudemolsedijk,2018-07-23,07:00:00,17,13,4,FMN GV 18 Kasterlee
84,Oudemolsedijk,2018-07-23,08:00:00,25,10,15,FMN GV 18 Kasterlee
84,Oudemolsedijk,2018-07-23,09:00:00,36,15,21,FMN GV 18 Kasterlee
84,Oudemolsedijk,2018-07-23,10:00:00,22,10,12,FMN GV 18 Kasterlee
84,Oudemolsedijk,2018-07-23,11:00:00,36,25,11,FMN GV 18 Kasterlee
84,Oudemolsedijk,2018-07-23,12:00:00,18,11,7,FMN GV 18 Kasterlee
84,Oudemolsedijk,2018-07-23,13:00:00,57,26,31,FMN GV 18 Kasterlee
84,Oudemolsedijk,2018-07-23,14:00:00,58,21,37,FMN GV 18 Kasterlee
84,Oudemolsedijk,2018-07-23,15:00:00,63,37,26,FMN GV 18 Kasterlee
84,Oudemolsedijk,2018-07-23,16:00:00,74,22,52,FMN GV 18 Kasterlee
84,Oudemolsedijk,2018-07-23,17:00:00,31,11,20,FMN GV 18 Kasterlee
84,Oudemolsedijk,2018-07-23,18:00:00,51,30,21,FMN GV 18 Kasterlee
84,Oudemolsedijk,2018-07-23,19:00:00,53,21,32,FMN GV 18 Kasterlee
84,Oudemolsedijk,2018-07-23,20:00:00,30,22,8,FMN GV 18 Kasterlee
84,Oudemolsedijk,2018-07-23,21:00:00,39,32,7,FMN GV 18 Kasterlee
84,Oudemolsedijk,2018-07-23,22:00:00,3,1,2,FMN GV 18 Kasterlee
84,Oudemolsedijk,2018-07-23,23:00:00,1,0,1,FMN GV 18 Kasterlee
84,Oudemolsedijk,2018-07-24,00:00:00,0,0,0,FMN GV 18 Kasterlee
84,Oudemolsedijk,2018-07-24,01:00:00,0,0,0,FMN GV 18 Kasterlee
84,Oudemolsedijk,2018-07-24,02:00:00,0,0,0,FMN GV 18 Kasterlee
84,Oudemolsedijk,2018-07-24,03:00:00,0,0,0,FMN GV 18 Kasterlee
84,Oudemolsedijk,2018-07-24,04:00:00,2,2,0,FMN GV 18 Kasterlee
84,Oudemolsedijk,2018-07-24,05:00:00,1,1,0,FMN GV 18 Kasterlee
84,Oudemolsedijk,2018-07-24,06:00:00,6,4,2,FMN GV 18 Kasterlee
84,Oudemolsedijk,2018-07-24,07:00:00,16,11,5,FMN GV 18 Kasterlee
84,Oudemolsedijk,2018-07-24,08:00:00,31,16,15,FMN GV 18 Kasterlee
84,Oudemolsedijk,2018-07-24,09:00:00,47,24,23,FMN GV 18 Kasterlee
84,Oudemolsedijk,2018-07-24,10:00:00,60,31,29,FMN GV 18 Kasterlee
84,Oudemolsedijk,2018-07-24,11:00:00,81,64,17,FMN GV 18 Kasterlee
84,Oudemolsedijk,2018-07-24,12:00:00,35,18,17,FMN GV 18 Kasterlee
84,Oudemolsedijk,2018-07-24,13:00:00,58,17,41,FMN GV 18 Kasterlee
84,Oudemolsedijk,2018-07-24,14:00:00,50,25,25,FMN GV 18 Kasterlee
84,Oudemolsedijk,2018-07-24,15:00:00,34,25,9,FMN GV 18 Kasterlee
84,Oudemolsedijk,2018-07-24,16:00:00,51,22,29,FMN GV 18 Kasterlee
84,Oudemolsedijk,2018-07-24,17:00:00,11,4,7,FMN GV 18 Kasterlee
84,Oudemolsedijk,2018-07-24,18:00:00,52,22,30,FMN GV 18 Kasterlee
84,Oudemolsedijk,2018-07-24,19:00:00,69,37,32,FMN GV 18 Kasterlee
84,Oudemolsedijk,2018-07-24,20:00:00,43,26,17,FMN GV 18 Kasterlee
84,Oudemolsedijk,2018-07-24,21:00:00,11,9,2,FMN GV 18 Kasterlee
84,Oudemolsedijk,2018-07-24,22:00:00,4,1,3,FMN GV 18 Kasterlee
84,Oudemolsedijk,2018-07-24,23:00:00,0,0,0,FMN GV 18 Kasterlee
84,Oudemolsedijk,2018-07-25,00:00:00,2,2,0,FMN GV 18 Kasterlee
84,Oudemolsedijk,2018-07-25,01:00:00,0,0,0,FMN GV 18 Kasterlee
84,Oudemolsedijk,2018-07-25,02:00:00,0,0,0,FMN GV 18 Kasterlee
84,Oudemolsedijk,2018-07-25,03:00:00,0,0,0,FMN GV 18 Kasterlee
84,Oudemolsedijk,2018-07-25,04:00:00,3,3,0,FMN GV 18 Kasterlee
84,Oudemolsedijk,2018-07-25,05:00:00,1,1,0,FMN GV 18 Kasterlee
84,Oudemolsedijk,2018-07-25,06:00:00,3,1,2,FMN GV 18 Kasterlee
84,Oudemolsedijk,2018-07-25,07:00:00,11,6,5,FMN GV 18 Kasterlee
84,Oudemolsedijk,2018-07-25,08:00:00,13,8,5,FMN GV 18 Kasterlee
84,Oudemolsedijk,2018-07-25,09:00:00,47,32,15,FMN GV 18 Kasterlee
84,Oudemolsedijk,2018-07-25,10:00:00,55,19,36,FMN GV 18 Kasterlee
84,Oudemolsedijk,2018-07-25,11:00:00,68,22,46,FMN GV 18 Kasterlee
84,Oudemolsedijk,2018-07-25,12:00:00,41,12,29,FMN GV 18 Kasterlee
84,Oudemolsedijk,2018-07-25,13:00:00,40,22,18,FMN GV 18 Kasterlee
84,Oudemolsedijk,2018-07-25,14:00:00,40,15,25,FMN GV 18 Kasterlee
84,Oudemolsedijk,2018-07-25,15:00:00,47,32,15,FMN GV 18 Kasterlee
84,Oudemolsedijk,2018-07-25,16:00:00,29,12,17,FMN GV 18 Kasterlee
84,Oudemolsedijk,2018-07-25,17:00:00,50,36,14,FMN GV 18 Kasterlee
84,Oudemolsedijk,2018-07-25,18:00:00,27,10,17,FMN GV 18 Kasterlee
84,Oudemolsedijk,2018-07-25,19:00:00,39,15,24,FMN GV 18 Kasterlee
84,Oudemolsedijk,2018-07-25,20:00:00,43,30,13,FMN GV 18 Kasterlee
84,Oudemolsedijk,2018-07-25,21:00:00,27,17,10,FMN GV 18 Kasterlee
84,Oudemolsedijk,2018-07-25,22:00:00,7,0,7,FMN GV 18 Kasterlee
84,Oudemolsedijk,2018-07-25,23:00:00,0,0,0,FMN GV 18 Kasterlee
84,Oudemolsedijk,2018-07-26,00:00:00,0,0,0,FMN GV 18 Kasterlee
84,Oudemolsedijk,2018-07-26,01:00:00,0,0,0,FMN GV 18 Kasterlee
84,Oudemolsedijk,2018-07-26,02:00:00,0,0,0,FMN GV 18 Kasterlee
84,Oudemolsedijk,2018-07-26,03:00:00,0,0,0,FMN GV 18 Kasterlee
84,Oudemolsedijk,2018-07-26,04:00:00,2,2,0,FMN GV 18 Kasterlee
84,Oudemolsedijk,2018-07-26,05:00:00,2,2,0,FMN GV 18 Kasterlee
84,Oudemolsedijk,2018-07-26,06:00:00,6,4,2,FMN GV 18 Kasterlee
84,Oudemolsedijk,2018-07-26,07:00:00,17,5,12,FMN GV 18 Kasterlee
84,Oudemolsedijk,2018-07-26,08:00:00,33,15,18,FMN GV 18 Kasterlee
84,Oudemolsedijk,2018-07-26,09:00:00,48,22,26,FMN GV 18 Kasterlee
84,Oudemolsedijk,2018-07-26,10:00:00,52,22,30,FMN GV 18 Kasterlee
84,Oudemolsedijk,2018-07-26,11:00:00,73,22,51,FMN GV 18 Kasterlee
84,Oudemolsedijk,2018-07-26,12:00:00,31,19,12,FMN GV 18 Kasterlee
84,Oudemolsedijk,2018-07-26,13:00:00,31,24,7,FMN GV 18 Kasterlee
84,Oudemolsedijk,2018-07-26,14:00:00,19,14,5,FMN GV 18 Kasterlee
84,Oudemolsedijk,2018-07-26,15:00:00,22,9,13,FMN GV 18 Kasterlee
84,Oudemolsedijk,2018-07-26,16:00:00,22,14,8,FMN GV 18 Kasterlee
84,Oudemolsedijk,2018-07-26,17:00:00,26,16,10,FMN GV 18 Kasterlee
84,Oudemolsedijk,2018-07-26,18:00:00,38,30,8,FMN GV 18 Kasterlee
84,Oudemolsedijk,2018-07-26,19:00:00,56,42,14,FMN GV 18 Kasterlee
84,Oudemolsedijk,2018-07-26,20:00:00,44,31,13,FMN GV 18 Kasterlee
84,Oudemolsedijk,2018-07-26,21:00:00,10,4,6,FMN GV 18 Kasterlee
84,Oudemolsedijk,2018-07-26,22:00:00,7,2,5,FMN GV 18 Kasterlee
84,Oudemolsedijk,2018-07-26,23:00:00,3,2,1,FMN GV 18 Kasterlee
84,Oudemolsedijk,2018-07-27,00:00:00,0,0,0,FMN GV 18 Kasterlee
84,Oudemolsedijk,2018-07-27,01:00:00,0,0,0,FMN GV 18 Kasterlee
84,Oudemolsedijk,2018-07-27,02:00:00,0,0,0,FMN GV 18 Kasterlee
84,Oudemolsedijk,2018-07-27,03:00:00,0,0,0,FMN GV 18 Kasterlee
84,Oudemolsedijk,2018-07-27,04:00:00,3,3,0,FMN GV 18 Kasterlee
84,Oudemolsedijk,2018-07-27,05:00:00,1,0,1,FMN GV 18 Kasterlee
84,Oudemolsedijk,2018-07-27,06:00:00,7,5,2,FMN GV 18 Kasterlee
84,Oudemolsedijk,2018-07-27,07:00:00,9,5,4,FMN GV 18 Kasterlee
84,Oudemolsedijk,2018-07-27,08:00:00,37,31,6,FMN GV 18 Kasterlee
84,Oudemolsedijk,2018-07-27,09:00:00,32,14,18,FMN GV 18 Kasterlee
84,Oudemolsedijk,2018-07-27,10:00:00,30,22,8,FMN GV 18 Kasterlee
84,Oudemolsedijk,2018-07-27,11:00:00,25,16,9,FMN GV 18 Kasterlee
84,Oudemolsedijk,2018-07-27,12:00:00,28,17,11,FMN GV 18 Kasterlee
84,Oudemolsedijk,2018-07-27,13:00:00,19,13,6,FMN GV 18 Kasterlee
84,Oudemolsedijk,2018-07-27,14:00:00,18,7,11,FMN GV 18 Kasterlee
84,Oudemolsedijk,2018-07-27,15:00:00,15,10,5,FMN GV 18 Kasterlee
84,Oudemolsedijk,2018-07-27,16:00:00,17,13,4,FMN GV 18 Kasterlee
84,Oudemolsedijk,2018-07-27,17:00:00,14,6,8,FMN GV 18 Kasterlee
84,Oudemolsedijk,2018-07-27,18:00:00,19,4,15,FMN GV 18 Kasterlee
84,Oudemolsedijk,2018-07-27,19:00:00,24,11,13,FMN GV 18 Kasterlee
84,Oudemolsedijk,2018-07-27,20:00:00,25,12,13,FMN GV 18 Kasterlee
84,Oudemolsedijk,2018-07-27,21:00:00,11,5,6,FMN GV 18 Kasterlee
84,Oudemolsedijk,2018-07-27,22:00:00,6,3,3,FMN GV 18 Kasterlee
84,Oudemolsedijk,2018-07-27,23:00:00,0,0,0,FMN GV 18 Kasterlee
84,Oudemolsedijk,2018-07-28,00:00:00,5,4,1,FMN GV 18 Kasterlee
84,Oudemolsedijk,2018-07-28,01:00:00,0,0,0,FMN GV 18 Kasterlee
84,Oudemolsedijk,2018-07-28,02:00:00,0,0,0,FMN GV 18 Kasterlee
84,Oudemolsedijk,2018-07-28,03:00:00,0,0,0,FMN GV 18 Kasterlee
84,Oudemolsedijk,2018-07-28,04:00:00,0,0,0,FMN GV 18 Kasterlee
84,Oudemolsedijk,2018-07-28,05:00:00,0,0,0,FMN GV 18 Kasterlee
84,Oudemolsedijk,2018-07-28,06:00:00,0,0,0,FMN GV 18 Kasterlee
84,Oudemolsedijk,2018-07-28,07:00:00,6,1,5,FMN GV 18 Kasterlee
84,Oudemolsedijk,2018-07-28,08:00:00,16,1,15,FMN GV 18 Kasterlee
84,Oudemolsedijk,2018-07-28,09:00:00,30,15,15,FMN GV 18 Kasterlee
84,Oudemolsedijk,2018-07-28,10:00:00,18,7,11,FMN GV 18 Kasterlee
84,Oudemolsedijk,2018-07-28,11:00:00,47,37,10,FMN GV 18 Kasterlee
84,Oudemolsedijk,2018-07-28,12:00:00,33,12,21,FMN GV 18 Kasterlee
84,Oudemolsedijk,2018-07-28,13:00:00,61,34,27,FMN GV 18 Kasterlee
84,Oudemolsedijk,2018-07-28,14:00:00,103,50,53,FMN GV 18 Kasterlee
84,Oudemolsedijk,2018-07-28,15:00:00,70,34,36,FMN GV 18 Kasterlee
84,Oudemolsedijk,2018-07-28,16:00:00,80,51,29,FMN GV 18 Kasterlee
84,Oudemolsedijk,2018-07-28,17:00:00,33,17,16,FMN GV 18 Kasterlee
84,Oudemolsedijk,2018-07-28,18:00:00,43,14,29,FMN GV 18 Kasterlee
84,Oudemolsedijk,2018-07-28,19:00:00,13,7,6,FMN GV 18 Kasterlee
84,Oudemolsedijk,2018-07-28,20:00:00,21,20,1,FMN GV 18 Kasterlee
84,Oudemolsedijk,2018-07-28,21:00:00,9,3,6,FMN GV 18 Kasterlee
84,Oudemolsedijk,2018-07-28,22:00:00,8,6,2,FMN GV 18 Kasterlee
84,Oudemolsedijk,2018-07-28,23:00:00,0,0,0,FMN GV 18 Kasterlee
84,Oudemolsedijk,2018-07-29,00:00:00,0,0,0,FMN GV 18 Kasterlee
84,Oudemolsedijk,2018-07-29,01:00:00,2,0,2,FMN GV 18 Kasterlee
84,Oudemolsedijk,2018-07-29,02:00:00,0,0,0,FMN GV 18 Kasterlee
84,Oudemolsedijk,2018-07-29,03:00:00,0,0,0,FMN GV 18 Kasterlee
84,Oudemolsedijk,2018-07-29,04:00:00,0,0,0,FMN GV 18 Kasterlee
84,Oudemolsedijk,2018-07-29,05:00:00,0,0,0,FMN GV 18 Kasterlee
84,Oudemolsedijk,2018-07-29,06:00:00,0,0,0,FMN GV 18 Kasterlee
84,Oudemolsedijk,2018-07-29,07:00:00,30,20,10,FMN GV 18 Kasterlee
84,Oudemolsedijk,2018-07-29,08:00:00,219,170,49,FMN GV 18 Kasterlee
84,Oudemolsedijk,2018-07-29,09:00:00,169,127,42,FMN GV 18 Kasterlee
84,Oudemolsedijk,2018-07-29,10:00:00,231,186,45,FMN GV 18 Kasterlee
84,Oudemolsedijk,2018-07-29,11:00:00,218,127,91,FMN GV 18 Kasterlee
84,Oudemolsedijk,2018-07-29,12:00:00,88,52,36,FMN GV 18 Kasterlee
84,Oudemolsedijk,2018-07-29,13:00:00,137,59,78,FMN GV 18 Kasterlee
84,Oudemolsedijk,2018-07-29,14:00:00,170,115,55,FMN GV 18 Kasterlee
84,Oudemolsedijk,2018-07-29,15:00:00,136,71,65,FMN GV 18 Kasterlee
84,Oudemolsedijk,2018-07-29,16:00:00,90,42,48,FMN GV 18 Kasterlee
84,Oudemolsedijk,2018-07-29,17:00:00,80,54,26,FMN GV 18 Kasterlee
84,Oudemolsedijk,2018-07-29,18:00:00,50,26,24,FMN GV 18 Kasterlee
84,Oudemolsedijk,2018-07-29,19:00:00,20,16,4,FMN GV 18 Kasterlee
84,Oudemolsedijk,2018-07-29,20:00:00,22,15,7,FMN GV 18 Kasterlee
84,Oudemolsedijk,2018-07-29,21:00:00,8,5,3,FMN GV 18 Kasterlee
84,Oudemolsedijk,2018-07-29,22:00:00,3,1,2,FMN GV 18 Kasterlee
84,Oudemolsedijk,2018-07-29,23:00:00,2,2,0,FMN GV 18 Kasterlee
84,Oudemolsedijk,2018-07-30,00:00:00,1,0,1,FMN GV 18 Kasterlee
84,Oudemolsedijk,2018-07-30,01:00:00,0,0,0,FMN GV 18 Kasterlee
84,Oudemolsedijk,2018-07-30,02:00:00,0,0,0,FMN GV 18 Kasterlee
84,Oudemolsedijk,2018-07-30,03:00:00,0,0,0,FMN GV 18 Kasterlee
84,Oudemolsedijk,2018-07-30,04:00:00,1,0,1,FMN GV 18 Kasterlee
84,Oudemolsedijk,2018-07-30,05:00:00,1,1,0,FMN GV 18 Kasterlee
84,Oudemolsedijk,2018-07-30,06:00:00,3,2,1,FMN GV 18 Kasterlee
84,Oudemolsedijk,2018-07-30,07:00:00,11,6,5,FMN GV 18 Kasterlee
84,Oudemolsedijk,2018-07-30,08:00:00,16,11,5,FMN GV 18 Kasterlee
84,Oudemolsedijk,2018-07-30,09:00:00,19,8,11,FMN GV 18 Kasterlee
84,Oudemolsedijk,2018-07-30,10:00:00,21,12,9,FMN GV 18 Kasterlee
84,Oudemolsedijk,2018-07-30,11:00:00,26,16,10,FMN GV 18 Kasterlee
84,Oudemolsedijk,2018-07-30,12:00:00,28,10,18,FMN GV 18 Kasterlee
84,Oudemolsedijk,2018-07-30,13:00:00,56,43,13,FMN GV 18 Kasterlee
84,Oudemolsedijk,2018-07-30,14:00:00,45,23,22,FMN GV 18 Kasterlee
84,Oudemolsedijk,2018-07-30,15:00:00,56,35,21,FMN GV 18 Kasterlee
84,Oudemolsedijk,2018-07-30,16:00:00,37,19,18,FMN GV 18 Kasterlee
84,Oudemolsedijk,2018-07-30,17:00:00,38,20,18,FMN GV 18 Kasterlee
84,Oudemolsedijk,2018-07-30,18:00:00,27,11,16,FMN GV 18 Kasterlee
84,Oudemolsedijk,2018-07-30,19:00:00,38,17,21,FMN GV 18 Kasterlee
84,Oudemolsedijk,2018-07-30,20:00:00,31,20,11,FMN GV 18 Kasterlee
84,Oudemolsedijk,2018-07-30,21:00:00,19,10,9,FMN GV 18 Kasterlee
84,Oudemolsedijk,2018-07-30,22:00:00,8,3,5,FMN GV 18 Kasterlee
84,Oudemolsedijk,2018-07-30,23:00:00,0,0,0,FMN GV 18 Kasterlee
84,Oudemolsedijk,2018-07-31,00:00:00,0,0,0,FMN GV 18 Kasterlee
84,Oudemolsedijk,2018-07-31,01:00:00,0,0,0,FMN GV 18 Kasterlee
84,Oudemolsedijk,2018-07-31,02:00:00,0,0,0,FMN GV 18 Kasterlee
84,Oudemolsedijk,2018-07-31,03:00:00,0,0,0,FMN GV 18 Kasterlee
84,Oudemolsedijk,2018-07-31,04:00:00,1,0,1,FMN GV 18 Kasterlee
84,Oudemolsedijk,2018-07-31,05:00:00,3,2,1,FMN GV 18 Kasterlee
84,Oudemolsedijk,2018-07-31,06:00:00,6,1,5,FMN GV 18 Kasterlee
84,Oudemolsedijk,2018-07-31,07:00:00,21,8,13,FMN GV 18 Kasterlee
84,Oudemolsedijk,2018-07-31,08:00:00,27,13,14,FMN GV 18 Kasterlee
84,Oudemolsedijk,2018-07-31,09:00:00,31,11,20,FMN GV 18 Kasterlee
84,Oudemolsedijk,2018-07-31,10:00:00,19,10,9,FMN GV 18 Kasterlee
84,Oudemolsedijk,2018-07-31,11:00:00,31,22,9,FMN GV 18 Kasterlee
84,Oudemolsedijk,2018-07-31,12:00:00,31,20,11,FMN GV 18 Kasterlee
84,Oudemolsedijk,2018-07-31,13:00:00,39,24,15,FMN GV 18 Kasterlee
84,Oudemolsedijk,2018-07-31,14:00:00,78,30,48,FMN GV 18 Kasterlee
84,Oudemolsedijk,2018-07-31,15:00:00,65,42,23,FMN GV 18 Kasterlee
84,Oudemolsedijk,2018-07-31,16:00:00,69,39,30,FMN GV 18 Kasterlee
84,Oudemolsedijk,2018-07-31,17:00:00,41,26,15,FMN GV 18 Kasterlee
84,Oudemolsedijk,2018-07-31,18:00:00,52,29,23,FMN GV 18 Kasterlee
84,Oudemolsedijk,2018-07-31,19:00:00,56,21,35,FMN GV 18 Kasterlee
84,Oudemolsedijk,2018-07-31,20:00:00,53,19,34,FMN GV 18 Kasterlee
84,Oudemolsedijk,2018-07-31,21:00:00,24,13,11,FMN GV 18 Kasterlee
84,Oudemolsedijk,2018-07-31,22:00:00,5,2,3,FMN GV 18 Kasterlee
84,Oudemolsedijk,2018-07-31,23:00:00,0,0,0,FMN GV 18 Kasterlee
84,Oudemolsedijk,2018-08-01,00:00:00,0,0,0,FMN GV 18 Kasterlee
84,Oudemolsedijk,2018-08-01,01:00:00,2,2,0,FMN GV 18 Kasterlee
84,Oudemolsedijk,2018-08-01,02:00:00,0,0,0,FMN GV 18 Kasterlee
84,Oudemolsedijk,2018-08-01,03:00:00,0,0,0,FMN GV 18 Kasterlee
84,Oudemolsedijk,2018-08-01,04:00:00,1,0,1,FMN GV 18 Kasterlee
84,Oudemolsedijk,2018-08-01,05:00:00,2,2,0,FMN GV 18 Kasterlee
84,Oudemolsedijk,2018-08-01,06:00:00,11,6,5,FMN GV 18 Kasterlee
84,Oudemolsedijk,2018-08-01,07:00:00,17,9,8,FMN GV 18 Kasterlee
84,Oudemolsedijk,2018-08-01,08:00:00,38,31,7,FMN GV 18 Kasterlee
84,Oudemolsedijk,2018-08-01,09:00:00,24,12,12,FMN GV 18 Kasterlee
84,Oudemolsedijk,2018-08-01,10:00:00,43,22,21,FMN GV 18 Kasterlee
84,Oudemolsedijk,2018-08-01,11:00:00,40,21,19,FMN GV 18 Kasterlee
84,Oudemolsedijk,2018-08-01,12:00:00,23,9,14,FMN GV 18 Kasterlee
84,Oudemolsedijk,2018-08-01,13:00:00,32,15,17,FMN GV 18 Kasterlee
84,Oudemolsedijk,2018-08-01,14:00:00,68,25,43,FMN GV 18 Kasterlee
84,Oudemolsedijk,2018-08-01,15:00:00,73,36,37,FMN GV 18 Kasterlee
84,Oudemolsedijk,2018-08-01,16:00:00,79,45,34,FMN GV 18 Kasterlee
84,Oudemolsedijk,2018-08-01,17:00:00,45,31,14,FMN GV 18 Kasterlee
84,Oudemolsedijk,2018-08-01,18:00:00,61,29,32,FMN GV 18 Kasterlee
84,Oudemolsedijk,2018-08-01,19:00:00,53,28,25,FMN GV 18 Kasterlee
84,Oudemolsedijk,2018-08-01,20:00:00,89,66,23,FMN GV 18 Kasterlee
84,Oudemolsedijk,2018-08-01,21:00:00,61,49,12,FMN GV 18 Kasterlee
84,Oudemolsedijk,2018-08-01,22:00:00,7,5,2,FMN GV 18 Kasterlee
84,Oudemolsedijk,2018-08-01,23:00:00,0,0,0,FMN GV 18 Kasterlee
84,Oudemolsedijk,2018-08-02,00:00:00,0,0,0,FMN GV 18 Kasterlee
84,Oudemolsedijk,2018-08-02,01:00:00,0,0,0,FMN GV 18 Kasterlee
84,Oudemolsedijk,2018-08-02,02:00:00,0,0,0,FMN GV 18 Kasterlee
84,Oudemolsedijk,2018-08-02,03:00:00,0,0,0,FMN GV 18 Kasterlee
84,Oudemolsedijk,2018-08-02,04:00:00,1,0,1,FMN GV 18 Kasterlee
84,Oudemolsedijk,2018-08-02,05:00:00,1,0,1,FMN GV 18 Kasterlee
84,Oudemolsedijk,2018-08-02,06:00:00,9,4,5,FMN GV 18 Kasterlee
84,Oudemolsedijk,2018-08-02,07:00:00,18,10,8,FMN GV 18 Kasterlee
84,Oudemolsedijk,2018-08-02,08:00:00,23,16,7,FMN GV 18 Kasterlee
84,Oudemolsedijk,2018-08-02,09:00:00,41,12,29,FMN GV 18 Kasterlee
84,Oudemolsedijk,2018-08-02,10:00:00,48,24,24,FMN GV 18 Kasterlee
84,Oudemolsedijk,2018-08-02,11:00:00,50,35,15,FMN GV 18 Kasterlee
84,Oudemolsedijk,2018-08-02,12:00:00,25,13,12,FMN GV 18 Kasterlee
84,Oudemolsedijk,2018-08-02,13:00:00,42,17,25,FMN GV 18 Kasterlee
84,Oudemolsedijk,2018-08-02,14:00:00,44,19,25,FMN GV 18 Kasterlee
84,Oudemolsedijk,2018-08-02,15:00:00,32,23,9,FMN GV 18 Kasterlee
84,Oudemolsedijk,2018-08-02,16:00:00,44,24,20,FMN GV 18 Kasterlee
84,Oudemolsedijk,2018-08-02,17:00:00,41,23,18,FMN GV 18 Kasterlee
84,Oudemolsedijk,2018-08-02,18:00:00,46,29,17,FMN GV 18 Kasterlee
84,Oudemolsedijk,2018-08-02,19:00:00,66,25,41,FMN GV 18 Kasterlee
84,Oudemolsedijk,2018-08-02,20:00:00,69,37,32,FMN GV 18 Kasterlee
84,Oudemolsedijk,2018-08-02,21:00:00,36,27,9,FMN GV 18 Kasterlee
84,Oudemolsedijk,2018-08-02,22:00:00,4,0,4,FMN GV 18 Kasterlee
84,Oudemolsedijk,2018-08-02,23:00:00,5,2,3,FMN GV 18 Kasterlee
84,Oudemolsedijk,2018-08-03,00:00:00,0,0,0,FMN GV 18 Kasterlee
84,Oudemolsedijk,2018-08-03,01:00:00,0,0,0,FMN GV 18 Kasterlee
84,Oudemolsedijk,2018-08-03,02:00:00,0,0,0,FMN GV 18 Kasterlee
84,Oudemolsedijk,2018-08-03,03:00:00,0,0,0,FMN GV 18 Kasterlee
84,Oudemolsedijk,2018-08-03,04:00:00,1,1,0,FMN GV 18 Kasterlee
84,Oudemolsedijk,2018-08-03,05:00:00,0,0,0,FMN GV 18 Kasterlee
84,Oudemolsedijk,2018-08-03,06:00:00,5,3,2,FMN GV 18 Kasterlee
84,Oudemolsedijk,2018-08-03,07:00:00,7,3,4,FMN GV 18 Kasterlee
84,Oudemolsedijk,2018-08-03,08:00:00,18,10,8,FMN GV 18 Kasterlee
84,Oudemolsedijk,2018-08-03,09:00:00,35,14,21,FMN GV 18 Kasterlee
84,Oudemolsedijk,2018-08-03,10:00:00,40,22,18,FMN GV 18 Kasterlee
84,Oudemolsedijk,2018-08-03,11:00:00,48,24,24,FMN GV 18 Kasterlee
84,Oudemolsedijk,2018-08-03,12:00:00,63,47,16,FMN GV 18 Kasterlee
84,Oudemolsedijk,2018-08-03,13:00:00,25,8,17,FMN GV 18 Kasterlee
84,Oudemolsedijk,2018-08-03,14:00:00,24,15,9,FMN GV 18 Kasterlee
84,Oudemolsedijk,2018-08-03,15:00:00,22,14,8,FMN GV 18 Kasterlee
84,Oudemolsedijk,2018-08-03,16:00:00,38,15,23,FMN GV 18 Kasterlee
84,Oudemolsedijk,2018-08-03,17:00:00,33,23,10,FMN GV 18 Kasterlee
84,Oudemolsedijk,2018-08-03,18:00:00,29,13,16,FMN GV 18 Kasterlee
84,Oudemolsedijk,2018-08-03,19:00:00,28,10,18,FMN GV 18 Kasterlee
84,Oudemolsedijk,2018-08-03,20:00:00,35,11,24,FMN GV 18 Kasterlee
84,Oudemolsedijk,2018-08-03,21:00:00,12,5,7,FMN GV 18 Kasterlee
84,Oudemolsedijk,2018-08-03,22:00:00,12,4,8,FMN GV 18 Kasterlee
84,Oudemolsedijk,2018-08-03,23:00:00,5,0,5,FMN GV 18 Kasterlee
84,Oudemolsedijk,2018-08-04,00:00:00,0,0,0,FMN GV 18 Kasterlee
84,Oudemolsedijk,2018-08-04,01:00:00,0,0,0,FMN GV 18 Kasterlee
84,Oudemolsedijk,2018-08-04,02:00:00,0,0,0,FMN GV 18 Kasterlee
84,Oudemolsedijk,2018-08-04,03:00:00,0,0,0,FMN GV 18 Kasterlee
84,Oudemolsedijk,2018-08-04,04:00:00,0,0,0,FMN GV 18 Kasterlee
84,Oudemolsedijk,2018-08-04,05:00:00,0,0,0,FMN GV 18 Kasterlee
84,Oudemolsedijk,2018-08-04,06:00:00,0,0,0,FMN GV 18 Kasterlee
84,Oudemolsedijk,2018-08-04,07:00:00,8,2,6,FMN GV 18 Kasterlee
84,Oudemolsedijk,2018-08-04,08:00:00,20,16,4,FMN GV 18 Kasterlee
84,Oudemolsedijk,2018-08-04,09:00:00,55,30,25,FMN GV 18 Kasterlee
84,Oudemolsedijk,2018-08-04,10:00:00,59,19,40,FMN GV 18 Kasterlee
84,Oudemolsedijk,2018-08-04,11:00:00,70,37,33,FMN GV 18 Kasterlee
84,Oudemolsedijk,2018-08-04,12:00:00,76,37,39,FMN GV 18 Kasterlee
84,Oudemolsedijk,2018-08-04,13:00:00,45,31,14,FMN GV 18 Kasterlee
84,Oudemolsedijk,2018-08-04,14:00:00,50,32,18,FMN GV 18 Kasterlee
84,Oudemolsedijk,2018-08-04,15:00:00,87,46,41,FMN GV 18 Kasterlee
84,Oudemolsedijk,2018-08-04,16:00:00,44,20,24,FMN GV 18 Kasterlee
84,Oudemolsedijk,2018-08-04,17:00:00,38,18,20,FMN GV 18 Kasterlee
84,Oudemolsedijk,2018-08-04,18:00:00,28,10,18,FMN GV 18 Kasterlee
84,Oudemolsedijk,2018-08-04,19:00:00,31,17,14,FMN GV 18 Kasterlee
84,Oudemolsedijk,2018-08-04,20:00:00,18,2,16,FMN GV 18 Kasterlee
84,Oudemolsedijk,2018-08-04,21:00:00,21,19,2,FMN GV 18 Kasterlee
84,Oudemolsedijk,2018-08-04,22:00:00,11,11,0,FMN GV 18 Kasterlee
84,Oudemolsedijk,2018-08-04,23:00:00,0,0,0,FMN GV 18 Kasterlee
84,Oudemolsedijk,2018-08-05,00:00:00,0,0,0,FMN GV 18 Kasterlee
84,Oudemolsedijk,2018-08-05,01:00:00,2,2,0,FMN GV 18 Kasterlee
84,Oudemolsedijk,2018-08-05,02:00:00,0,0,0,FMN GV 18 Kasterlee
84,Oudemolsedijk,2018-08-05,03:00:00,1,0,1,FMN GV 18 Kasterlee
84,Oudemolsedijk,2018-08-05,04:00:00,0,0,0,FMN GV 18 Kasterlee
84,Oudemolsedijk,2018-08-05,05:00:00,1,0,1,FMN GV 18 Kasterlee
84,Oudemolsedijk,2018-08-05,06:00:00,2,1,1,FMN GV 18 Kasterlee
84,Oudemolsedijk,2018-08-05,07:00:00,7,1,6,FMN GV 18 Kasterlee
84,Oudemolsedijk,2018-08-05,08:00:00,43,17,26,FMN GV 18 Kasterlee
84,Oudemolsedijk,2018-08-05,09:00:00,79,34,45,FMN GV 18 Kasterlee
84,Oudemolsedijk,2018-08-05,10:00:00,145,84,61,FMN GV 18 Kasterlee
84,Oudemolsedijk,2018-08-05,11:00:00,138,85,53,FMN GV 18 Kasterlee
84,Oudemolsedijk,2018-08-05,12:00:00,70,42,28,FMN GV 18 Kasterlee
84,Oudemolsedijk,2018-08-05,13:00:00,70,29,41,FMN GV 18 Kasterlee
84,Oudemolsedijk,2018-08-05,14:00:00,90,57,33,FMN GV 18 Kasterlee
84,Oudemolsedijk,2018-08-05,15:00:00,92,47,45,FMN GV 18 Kasterlee
84,Oudemolsedijk,2018-08-05,16:00:00,115,66,49,FMN GV 18 Kasterlee
84,Oudemolsedijk,2018-08-05,17:00:00,66,41,25,FMN GV 18 Kasterlee
84,Oudemolsedijk,2018-08-05,18:00:00,60,36,24,FMN GV 18 Kasterlee
84,Oudemolsedijk,2018-08-05,19:00:00,62,31,31,FMN GV 18 Kasterlee
84,Oudemolsedijk,2018-08-05,20:00:00,29,6,23,FMN GV 18 Kasterlee
84,Oudemolsedijk,2018-08-05,21:00:00,18,14,4,FMN GV 18 Kasterlee
84,Oudemolsedijk,2018-08-05,22:00:00,14,4,10,FMN GV 18 Kasterlee
84,Oudemolsedijk,2018-08-05,23:00:00,1,1,0,FMN GV 18 Kasterlee
84,Oudemolsedijk,2018-08-06,00:00:00,0,0,0,FMN GV 18 Kasterlee
84,Oudemolsedijk,2018-08-06,01:00:00,0,0,0,FMN GV 18 Kasterlee
84,Oudemolsedijk,2018-08-06,02:00:00,0,0,0,FMN GV 18 Kasterlee
84,Oudemolsedijk,2018-08-06,03:00:00,0,0,0,FMN GV 18 Kasterlee
84,Oudemolsedijk,2018-08-06,04:00:00,1,1,0,FMN GV 18 Kasterlee
84,Oudemolsedijk,2018-08-06,05:00:00,0,0,0,FMN GV 18 Kasterlee
84,Oudemolsedijk,2018-08-06,06:00:00,14,6,8,FMN GV 18 Kasterlee
84,Oudemolsedijk,2018-08-06,07:00:00,20,12,8,FMN GV 18 Kasterlee
84,Oudemolsedijk,2018-08-06,08:00:00,17,7,10,FMN GV 18 Kasterlee
84,Oudemolsedijk,2018-08-06,09:00:00,27,7,20,FMN GV 18 Kasterlee
84,Oudemolsedijk,2018-08-06,10:00:00,38,12,26,FMN GV 18 Kasterlee
84,Oudemolsedijk,2018-08-06,11:00:00,35,11,24,FMN GV 18 Kasterlee
84,Oudemolsedijk,2018-08-06,12:00:00,19,9,10,FMN GV 18 Kasterlee
84,Oudemolsedijk,2018-08-06,13:00:00,30,22,8,FMN GV 18 Kasterlee
84,Oudemolsedijk,2018-08-06,14:00:00,36,20,16,FMN GV 18 Kasterlee
84,Oudemolsedijk,2018-08-06,15:00:00,28,17,11,FMN GV 18 Kasterlee
84,Oudemolsedijk,2018-08-06,16:00:00,34,16,18,FMN GV 18 Kasterlee
84,Oudemolsedijk,2018-08-06,17:00:00,38,14,24,FMN GV 18 Kasterlee
84,Oudemolsedijk,2018-08-06,18:00:00,21,10,11,FMN GV 18 Kasterlee
84,Oudemolsedijk,2018-08-06,19:00:00,48,33,15,FMN GV 18 Kasterlee
84,Oudemolsedijk,2018-08-06,20:00:00,20,13,7,FMN GV 18 Kasterlee
84,Oudemolsedijk,2018-08-06,21:00:00,19,12,7,FMN GV 18 Kasterlee
84,Oudemolsedijk,2018-08-06,22:00:00,3,3,0,FMN GV 18 Kasterlee
84,Oudemolsedijk,2018-08-06,23:00:00,1,0,1,FMN GV 18 Kasterlee
84,Oudemolsedijk,2018-08-07,00:00:00,0,0,0,FMN GV 18 Kasterlee
84,Oudemolsedijk,2018-08-07,01:00:00,0,0,0,FMN GV 18 Kasterlee
84,Oudemolsedijk,2018-08-07,02:00:00,0,0,0,FMN GV 18 Kasterlee
84,Oudemolsedijk,2018-08-07,03:00:00,0,0,0,FMN GV 18 Kasterlee
84,Oudemolsedijk,2018-08-07,04:00:00,2,1,1,FMN GV 18 Kasterlee
84,Oudemolsedijk,2018-08-07,05:00:00,2,1,1,FMN GV 18 Kasterlee
84,Oudemolsedijk,2018-08-07,06:00:00,8,3,5,FMN GV 18 Kasterlee
84,Oudemolsedijk,2018-08-07,07:00:00,21,12,9,FMN GV 18 Kasterlee
84,Oudemolsedijk,2018-08-07,08:00:00,35,21,14,FMN GV 18 Kasterlee
84,Oudemolsedijk,2018-08-07,09:00:00,36,23,13,FMN GV 18 Kasterlee
84,Oudemolsedijk,2018-08-07,10:00:00,27,17,10,FMN GV 18 Kasterlee
84,Oudemolsedijk,2018-08-07,11:00:00,36,15,21,FMN GV 18 Kasterlee
84,Oudemolsedijk,2018-08-07,12:00:00,23,13,10,FMN GV 18 Kasterlee
84,Oudemolsedijk,2018-08-07,13:00:00,41,20,21,FMN GV 18 Kasterlee
84,Oudemolsedijk,2018-08-07,14:00:00,15,5,10,FMN GV 18 Kasterlee
84,Oudemolsedijk,2018-08-07,15:00:00,19,8,11,FMN GV 18 Kasterlee
84,Oudemolsedijk,2018-08-07,16:00:00,27,16,11,FMN GV 18 Kasterlee
84,Oudemolsedijk,2018-08-07,17:00:00,33,19,14,FMN GV 18 Kasterlee
84,Oudemolsedijk,2018-08-07,18:00:00,22,10,12,FMN GV 18 Kasterlee
84,Oudemolsedijk,2018-08-07,19:00:00,53,36,17,FMN GV 18 Kasterlee
84,Oudemolsedijk,2018-08-07,20:00:00,50,34,16,FMN GV 18 Kasterlee
84,Oudemolsedijk,2018-08-07,21:00:00,23,10,13,FMN GV 18 Kasterlee
84,Oudemolsedijk,2018-08-07,22:00:00,5,4,1,FMN GV 18 Kasterlee
84,Oudemolsedijk,2018-08-07,23:00:00,1,1,0,FMN GV 18 Kasterlee
84,Oudemolsedijk,2018-08-08,00:00:00,0,0,0,FMN GV 18 Kasterlee
84,Oudemolsedijk,2018-08-08,01:00:00,0,0,0,FMN GV 18 Kasterlee
84,Oudemolsedijk,2018-08-08,02:00:00,0,0,0,FMN GV 18 Kasterlee
84,Oudemolsedijk,2018-08-08,03:00:00,0,0,0,FMN GV 18 Kasterlee
84,Oudemolsedijk,2018-08-08,04:00:00,16,8,8,FMN GV 18 Kasterlee
84,Oudemolsedijk,2018-08-08,05:00:00,1,1,0,FMN GV 18 Kasterlee
84,Oudemolsedijk,2018-08-08,06:00:00,3,2,1,FMN GV 18 Kasterlee
84,Oudemolsedijk,2018-08-08,07:00:00,17,11,6,FMN GV 18 Kasterlee
84,Oudemolsedijk,2018-08-08,08:00:00,11,2,9,FMN GV 18 Kasterlee
84,Oudemolsedijk,2018-08-08,09:00:00,23,17,6,FMN GV 18 Kasterlee
84,Oudemolsedijk,2018-08-08,10:00:00,24,3,21,FMN GV 18 Kasterlee
84,Oudemolsedijk,2018-08-08,11:00:00,29,21,8,FMN GV 18 Kasterlee
84,Oudemolsedijk,2018-08-08,12:00:00,11,6,5,FMN GV 18 Kasterlee
84,Oudemolsedijk,2018-08-08,13:00:00,38,21,17,FMN GV 18 Kasterlee
84,Oudemolsedijk,2018-08-08,14:00:00,56,30,26,FMN GV 18 Kasterlee
84,Oudemolsedijk,2018-08-08,15:00:00,35,17,18,FMN GV 18 Kasterlee
84,Oudemolsedijk,2018-08-08,16:00:00,50,34,16,FMN GV 18 Kasterlee
84,Oudemolsedijk,2018-08-08,17:00:00,61,32,29,FMN GV 18 Kasterlee
84,Oudemolsedijk,2018-08-08,18:00:00,37,23,14,FMN GV 18 Kasterlee
84,Oudemolsedijk,2018-08-08,19:00:00,38,8,30,FMN GV 18 Kasterlee
84,Oudemolsedijk,2018-08-08,20:00:00,30,18,12,FMN GV 18 Kasterlee
84,Oudemolsedijk,2018-08-08,21:00:00,13,9,4,FMN GV 18 Kasterlee
84,Oudemolsedijk,2018-08-08,22:00:00,1,1,0,FMN GV 18 Kasterlee
84,Oudemolsedijk,2018-08-08,23:00:00,0,0,0,FMN GV 18 Kasterlee
84,Oudemolsedijk,2018-08-09,00:00:00,0,0,0,FMN GV 18 Kasterlee
84,Oudemolsedijk,2018-08-09,01:00:00,0,0,0,FMN GV 18 Kasterlee
84,Oudemolsedijk,2018-08-09,02:00:00,0,0,0,FMN GV 18 Kasterlee
84,Oudemolsedijk,2018-08-09,03:00:00,0,0,0,FMN GV 18 Kasterlee
84,Oudemolsedijk,2018-08-09,04:00:00,2,1,1,FMN GV 18 Kasterlee
84,Oudemolsedijk,2018-08-09,05:00:00,3,3,0,FMN GV 18 Kasterlee
84,Oudemolsedijk,2018-08-09,06:00:00,8,4,4,FMN GV 18 Kasterlee
84,Oudemolsedijk,2018-08-09,07:00:00,11,6,5,FMN GV 18 Kasterlee
84,Oudemolsedijk,2018-08-09,08:00:00,12,7,5,FMN GV 18 Kasterlee
84,Oudemolsedijk,2018-08-09,09:00:00,12,6,6,FMN GV 18 Kasterlee
84,Oudemolsedijk,2018-08-09,10:00:00,20,11,9,FMN GV 18 Kasterlee
84,Oudemolsedijk,2018-08-09,11:00:00,12,5,7,FMN GV 18 Kasterlee
84,Oudemolsedijk,2018-08-09,12:00:00,6,1,5,FMN GV 18 Kasterlee
84,Oudemolsedijk,2018-08-09,13:00:00,3,1,2,FMN GV 18 Kasterlee
84,Oudemolsedijk,2018-08-09,14:00:00,5,1,4,FMN GV 18 Kasterlee
84,Oudemolsedijk,2018-08-09,15:00:00,9,4,5,FMN GV 18 Kasterlee
84,Oudemolsedijk,2018-08-09,16:00:00,12,5,7,FMN GV 18 Kasterlee
84,Oudemolsedijk,2018-08-09,17:00:00,13,10,3,FMN GV 18 Kasterlee
84,Oudemolsedijk,2018-08-09,18:00:00,19,3,16,FMN GV 18 Kasterlee
84,Oudemolsedijk,2018-08-09,19:00:00,12,5,7,FMN GV 18 Kasterlee
84,Oudemolsedijk,2018-08-09,20:00:00,11,9,2,FMN GV 18 Kasterlee
84,Oudemolsedijk,2018-08-09,21:00:00,1,0,1,FMN GV 18 Kasterlee
84,Oudemolsedijk,2018-08-09,22:00:00,1,0,1,FMN GV 18 Kasterlee
84,Oudemolsedijk,2018-08-09,23:00:00,0,0,0,FMN GV 18 Kasterlee
84,Oudemolsedijk,2018-08-10,00:00:00,0,0,0,FMN GV 18 Kasterlee
84,Oudemolsedijk,2018-08-10,01:00:00,0,0,0,FMN GV 18 Kasterlee
84,Oudemolsedijk,2018-08-10,02:00:00,0,0,0,FMN GV 18 Kasterlee
84,Oudemolsedijk,2018-08-10,03:00:00,0,0,0,FMN GV 18 Kasterlee
84,Oudemolsedijk,2018-08-10,04:00:00,1,0,1,FMN GV 18 Kasterlee
84,Oudemolsedijk,2018-08-10,05:00:00,2,2,0,FMN GV 18 Kasterlee
84,Oudemolsedijk,2018-08-10,06:00:00,7,1,6,FMN GV 18 Kasterlee
84,Oudemolsedijk,2018-08-10,07:00:00,10,7,3,FMN GV 18 Kasterlee
84,Oudemolsedijk,2018-08-10,08:00:00,6,2,4,FMN GV 18 Kasterlee
84,Oudemolsedijk,2018-08-10,09:00:00,10,7,3,FMN GV 18 Kasterlee
84,Oudemolsedijk,2018-08-10,10:00:00,31,12,19,FMN GV 18 Kasterlee
84,Oudemolsedijk,2018-08-10,11:00:00,25,13,12,FMN GV 18 Kasterlee
84,Oudemolsedijk,2018-08-10,12:00:00,21,15,6,FMN GV 18 Kasterlee
84,Oudemolsedijk,2018-08-10,13:00:00,20,11,9,FMN GV 18 Kasterlee
84,Oudemolsedijk,2018-08-10,14:00:00,23,12,11,FMN GV 18 Kasterlee
84,Oudemolsedijk,2018-08-10,15:00:00,41,27,14,FMN GV 18 Kasterlee
84,Oudemolsedijk,2018-08-10,16:00:00,39,25,14,FMN GV 18 Kasterlee
84,Oudemolsedijk,2018-08-10,17:00:00,14,5,9,FMN GV 18 Kasterlee
84,Oudemolsedijk,2018-08-10,18:00:00,14,7,7,FMN GV 18 Kasterlee
84,Oudemolsedijk,2018-08-10,19:00:00,14,7,7,FMN GV 18 Kasterlee
84,Oudemolsedijk,2018-08-10,20:00:00,17,5,12,FMN GV 18 Kasterlee
84,Oudemolsedijk,2018-08-10,21:00:00,2,1,1,FMN GV 18 Kasterlee
84,Oudemolsedijk,2018-08-10,22:00:00,0,0,0,FMN GV 18 Kasterlee
84,Oudemolsedijk,2018-08-10,23:00:00,5,3,2,FMN GV 18 Kasterlee
84,Oudemolsedijk,2018-08-11,00:00:00,0,0,0,FMN GV 18 Kasterlee
84,Oudemolsedijk,2018-08-11,01:00:00,0,0,0,FMN GV 18 Kasterlee
84,Oudemolsedijk,2018-08-11,02:00:00,0,0,0,FMN GV 18 Kasterlee
84,Oudemolsedijk,2018-08-11,03:00:00,0,0,0,FMN GV 18 Kasterlee
84,Oudemolsedijk,2018-08-11,04:00:00,0,0,0,FMN GV 18 Kasterlee
84,Oudemolsedijk,2018-08-11,05:00:00,0,0,0,FMN GV 18 Kasterlee
84,Oudemolsedijk,2018-08-11,06:00:00,3,2,1,FMN GV 18 Kasterlee
84,Oudemolsedijk,2018-08-11,07:00:00,1,1,0,FMN GV 18 Kasterlee
84,Oudemolsedijk,2018-08-11,08:00:00,7,3,4,FMN GV 18 Kasterlee
84,Oudemolsedijk,2018-08-11,09:00:00,32,10,22,FMN GV 18 Kasterlee
84,Oudemolsedijk,2018-08-11,10:00:00,55,36,19,FMN GV 18 Kasterlee
84,Oudemolsedijk,2018-08-11,11:00:00,45,19,26,FMN GV 18 Kasterlee
84,Oudemolsedijk,2018-08-11,12:00:00,25,14,11,FMN GV 18 Kasterlee
84,Oudemolsedijk,2018-08-11,13:00:00,76,29,47,FMN GV 18 Kasterlee
84,Oudemolsedijk,2018-08-11,14:00:00,66,35,31,FMN GV 18 Kasterlee
84,Oudemolsedijk,2018-08-11,15:00:00,81,49,32,FMN GV 18 Kasterlee
84,Oudemolsedijk,2018-08-11,16:00:00,87,36,51,FMN GV 18 Kasterlee
84,Oudemolsedijk,2018-08-11,17:00:00,45,31,14,FMN GV 18 Kasterlee
84,Oudemolsedijk,2018-08-11,18:00:00,32,13,19,FMN GV 18 Kasterlee
84,Oudemolsedijk,2018-08-11,19:00:00,24,17,7,FMN GV 18 Kasterlee
84,Oudemolsedijk,2018-08-11,20:00:00,7,5,2,FMN GV 18 Kasterlee
84,Oudemolsedijk,2018-08-11,21:00:00,10,5,5,FMN GV 18 Kasterlee
84,Oudemolsedijk,2018-08-11,22:00:00,1,1,0,FMN GV 18 Kasterlee
84,Oudemolsedijk,2018-08-11,23:00:00,0,0,0,FMN GV 18 Kasterlee
84,Oudemolsedijk,2018-08-12,00:00:00,1,1,0,FMN GV 18 Kasterlee
84,Oudemolsedijk,2018-08-12,01:00:00,1,1,0,FMN GV 18 Kasterlee
84,Oudemolsedijk,2018-08-12,02:00:00,0,0,0,FMN GV 18 Kasterlee
84,Oudemolsedijk,2018-08-12,03:00:00,0,0,0,FMN GV 18 Kasterlee
84,Oudemolsedijk,2018-08-12,04:00:00,4,0,4,FMN GV 18 Kasterlee
84,Oudemolsedijk,2018-08-12,05:00:00,0,0,0,FMN GV 18 Kasterlee
84,Oudemolsedijk,2018-08-12,06:00:00,1,1,0,FMN GV 18 Kasterlee
84,Oudemolsedijk,2018-08-12,07:00:00,55,9,46,FMN GV 18 Kasterlee
84,Oudemolsedijk,2018-08-12,08:00:00,380,44,336,FMN GV 18 Kasterlee
84,Oudemolsedijk,2018-08-12,09:00:00,346,20,326,FMN GV 18 Kasterlee
84,Oudemolsedijk,2018-08-12,10:00:00,186,36,150,FMN GV 18 Kasterlee
84,Oudemolsedijk,2018-08-12,11:00:00,122,59,63,FMN GV 18 Kasterlee
84,Oudemolsedijk,2018-08-12,12:00:00,72,31,41,FMN GV 18 Kasterlee
84,Oudemolsedijk,2018-08-12,13:00:00,132,67,65,FMN GV 18 Kasterlee
84,Oudemolsedijk,2018-08-12,14:00:00,157,79,78,FMN GV 18 Kasterlee
84,Oudemolsedijk,2018-08-12,15:00:00,152,74,78,FMN GV 18 Kasterlee
84,Oudemolsedijk,2018-08-12,16:00:00,158,75,83,FMN GV 18 Kasterlee
84,Oudemolsedijk,2018-08-12,17:00:00,88,35,53,FMN GV 18 Kasterlee
84,Oudemolsedijk,2018-08-12,18:00:00,61,30,31,FMN GV 18 Kasterlee
84,Oudemolsedijk,2018-08-12,19:00:00,38,26,12,FMN GV 18 Kasterlee
84,Oudemolsedijk,2018-08-12,20:00:00,26,3,23,FMN GV 18 Kasterlee
84,Oudemolsedijk,2018-08-12,21:00:00,7,3,4,FMN GV 18 Kasterlee
84,Oudemolsedijk,2018-08-12,22:00:00,2,1,1,FMN GV 18 Kasterlee
84,Oudemolsedijk,2018-08-12,23:00:00,0,0,0,FMN GV 18 Kasterlee
84,Oudemolsedijk,2018-08-13,00:00:00,0,0,0,FMN GV 18 Kasterlee
84,Oudemolsedijk,2018-08-13,01:00:00,0,0,0,FMN GV 18 Kasterlee
84,Oudemolsedijk,2018-08-13,02:00:00,0,0,0,FMN GV 18 Kasterlee
84,Oudemolsedijk,2018-08-13,03:00:00,0,0,0,FMN GV 18 Kasterlee
84,Oudemolsedijk,2018-08-13,04:00:00,1,0,1,FMN GV 18 Kasterlee
84,Oudemolsedijk,2018-08-13,05:00:00,2,2,0,FMN GV 18 Kasterlee
84,Oudemolsedijk,2018-08-13,06:00:00,8,1,7,FMN GV 18 Kasterlee
84,Oudemolsedijk,2018-08-13,07:00:00,4,2,2,FMN GV 18 Kasterlee
84,Oudemolsedijk,2018-08-13,08:00:00,1,1,0,FMN GV 18 Kasterlee
84,Oudemolsedijk,2018-08-13,09:00:00,5,2,3,FMN GV 18 Kasterlee
84,Oudemolsedijk,2018-08-13,10:00:00,6,3,3,FMN GV 18 Kasterlee
84,Oudemolsedijk,2018-08-13,11:00:00,5,5,0,FMN GV 18 Kasterlee
84,Oudemolsedijk,2018-08-13,12:00:00,5,1,4,FMN GV 18 Kasterlee
84,Oudemolsedijk,2018-08-13,13:00:00,8,4,4,FMN GV 18 Kasterlee
84,Oudemolsedijk,2018-08-13,14:00:00,9,4,5,FMN GV 18 Kasterlee
84,Oudemolsedijk,2018-08-13,15:00:00,15,2,13,FMN GV 18 Kasterlee
84,Oudemolsedijk,2018-08-13,16:00:00,12,6,6,FMN GV 18 Kasterlee
84,Oudemolsedijk,2018-08-13,17:00:00,13,10,3,FMN GV 18 Kasterlee
84,Oudemolsedijk,2018-08-13,18:00:00,5,1,4,FMN GV 18 Kasterlee
84,Oudemolsedijk,2018-08-13,19:00:00,14,9,5,FMN GV 18 Kasterlee
84,Oudemolsedijk,2018-08-13,20:00:00,5,3,2,FMN GV 18 Kasterlee
84,Oudemolsedijk,2018-08-13,21:00:00,2,2,0,FMN GV 18 Kasterlee
84,Oudemolsedijk,2018-08-13,22:00:00,1,0,1,FMN GV 18 Kasterlee
84,Oudemolsedijk,2018-08-13,23:00:00,0,0,0,FMN GV 18 Kasterlee
84,Oudemolsedijk,2018-08-14,00:00:00,0,0,0,FMN GV 18 Kasterlee
84,Oudemolsedijk,2018-08-14,01:00:00,0,0,0,FMN GV 18 Kasterlee
84,Oudemolsedijk,2018-08-14,02:00:00,0,0,0,FMN GV 18 Kasterlee
84,Oudemolsedijk,2018-08-14,03:00:00,0,0,0,FMN GV 18 Kasterlee
84,Oudemolsedijk,2018-08-14,04:00:00,1,0,1,FMN GV 18 Kasterlee
84,Oudemolsedijk,2018-08-14,05:00:00,4,3,1,FMN GV 18 Kasterlee
84,Oudemolsedijk,2018-08-14,06:00:00,5,3,2,FMN GV 18 Kasterlee
84,Oudemolsedijk,2018-08-14,07:00:00,11,3,8,FMN GV 18 Kasterlee
84,Oudemolsedijk,2018-08-14,08:00:00,6,2,4,FMN GV 18 Kasterlee
84,Oudemolsedijk,2018-08-14,09:00:00,27,22,5,FMN GV 18 Kasterlee
84,Oudemolsedijk,2018-08-14,10:00:00,17,9,8,FMN GV 18 Kasterlee
84,Oudemolsedijk,2018-08-14,11:00:00,33,19,14,FMN GV 18 Kasterlee
84,Oudemolsedijk,2018-08-14,12:00:00,16,9,7,FMN GV 18 Kasterlee
84,Oudemolsedijk,2018-08-14,13:00:00,89,32,57,FMN GV 18 Kasterlee
84,Oudemolsedijk,2018-08-14,14:00:00,58,35,23,FMN GV 18 Kasterlee
84,Oudemolsedijk,2018-08-14,15:00:00,43,27,16,FMN GV 18 Kasterlee
84,Oudemolsedijk,2018-08-14,16:00:00,50,25,25,FMN GV 18 Kasterlee
84,Oudemolsedijk,2018-08-14,17:00:00,16,7,9,FMN GV 18 Kasterlee
84,Oudemolsedijk,2018-08-14,18:00:00,32,19,13,FMN GV 18 Kasterlee
84,Oudemolsedijk,2018-08-14,19:00:00,37,15,22,FMN GV 18 Kasterlee
84,Oudemolsedijk,2018-08-14,20:00:00,33,8,25,FMN GV 18 Kasterlee
84,Oudemolsedijk,2018-08-14,21:00:00,7,1,6,FMN GV 18 Kasterlee
84,Oudemolsedijk,2018-08-14,22:00:00,3,2,1,FMN GV 18 Kasterlee
84,Oudemolsedijk,2018-08-14,23:00:00,1,1,0,FMN GV 18 Kasterlee
84,Oudemolsedijk,2018-08-15,00:00:00,1,1,0,FMN GV 18 Kasterlee
84,Oudemolsedijk,2018-08-15,01:00:00,1,0,1,FMN GV 18 Kasterlee
84,Oudemolsedijk,2018-08-15,02:00:00,0,0,0,FMN GV 18 Kasterlee
84,Oudemolsedijk,2018-08-15,03:00:00,0,0,0,FMN GV 18 Kasterlee
84,Oudemolsedijk,2018-08-15,04:00:00,0,0,0,FMN GV 18 Kasterlee
84,Oudemolsedijk,2018-08-15,05:00:00,0,0,0,FMN GV 18 Kasterlee
84,Oudemolsedijk,2018-08-15,06:00:00,0,0,0,FMN GV 18 Kasterlee
84,Oudemolsedijk,2018-08-15,07:00:00,3,1,2,FMN GV 18 Kasterlee
84,Oudemolsedijk,2018-08-15,08:00:00,13,6,7,FMN GV 18 Kasterlee
84,Oudemolsedijk,2018-08-15,09:00:00,46,19,27,FMN GV 18 Kasterlee
84,Oudemolsedijk,2018-08-15,10:00:00,108,54,54,FMN GV 18 Kasterlee
84,Oudemolsedijk,2018-08-15,11:00:00,55,28,27,FMN GV 18 Kasterlee
84,Oudemolsedijk,2018-08-15,12:00:00,77,43,34,FMN GV 18 Kasterlee
84,Oudemolsedijk,2018-08-15,13:00:00,61,29,32,FMN GV 18 Kasterlee
84,Oudemolsedijk,2018-08-15,14:00:00,88,51,37,FMN GV 18 Kasterlee
84,Oudemolsedijk,2018-08-15,15:00:00,115,70,45,FMN GV 18 Kasterlee
84,Oudemolsedijk,2018-08-15,16:00:00,87,31,56,FMN GV 18 Kasterlee
84,Oudemolsedijk,2018-08-15,17:00:00,58,26,32,FMN GV 18 Kasterlee
84,Oudemolsedijk,2018-08-15,18:00:00,33,17,16,FMN GV 18 Kasterlee
84,Oudemolsedijk,2018-08-15,19:00:00,12,7,5,FMN GV 18 Kasterlee
84,Oudemolsedijk,2018-08-15,20:00:00,23,10,13,FMN GV 18 Kasterlee
84,Oudemolsedijk,2018-08-15,21:00:00,6,4,2,FMN GV 18 Kasterlee
84,Oudemolsedijk,2018-08-15,22:00:00,7,2,5,FMN GV 18 Kasterlee
84,Oudemolsedijk,2018-08-15,23:00:00,0,0,0,FMN GV 18 Kasterlee
84,Oudemolsedijk,2018-08-16,00:00:00,1,0,1,FMN GV 18 Kasterlee
84,Oudemolsedijk,2018-08-16,01:00:00,0,0,0,FMN GV 18 Kasterlee
84,Oudemolsedijk,2018-08-16,02:00:00,0,0,0,FMN GV 18 Kasterlee
84,Oudemolsedijk,2018-08-16,03:00:00,0,0,0,FMN GV 18 Kasterlee
84,Oudemolsedijk,2018-08-16,04:00:00,1,0,1,FMN GV 18 Kasterlee
84,Oudemolsedijk,2018-08-16,05:00:00,2,2,0,FMN GV 18 Kasterlee
84,Oudemolsedijk,2018-08-16,06:00:00,7,3,4,FMN GV 18 Kasterlee
84,Oudemolsedijk,2018-08-16,07:00:00,15,8,7,FMN GV 18 Kasterlee
84,Oudemolsedijk,2018-08-16,08:00:00,8,4,4,FMN GV 18 Kasterlee
84,Oudemolsedijk,2018-08-16,09:00:00,26,2,24,FMN GV 18 Kasterlee
84,Oudemolsedijk,2018-08-16,10:00:00,18,10,8,FMN GV 18 Kasterlee
84,Oudemolsedijk,2018-08-16,11:00:00,30,16,14,FMN GV 18 Kasterlee
84,Oudemolsedijk,2018-08-16,12:00:00,28,13,15,FMN GV 18 Kasterlee
84,Oudemolsedijk,2018-08-16,13:00:00,34,15,19,FMN GV 18 Kasterlee
84,Oudemolsedijk,2018-08-16,14:00:00,99,55,44,FMN GV 18 Kasterlee
84,Oudemolsedijk,2018-08-16,15:00:00,73,50,23,FMN GV 18 Kasterlee
84,Oudemolsedijk,2018-08-16,16:00:00,69,50,19,FMN GV 18 Kasterlee
84,Oudemolsedijk,2018-08-16,17:00:00,60,38,22,FMN GV 18 Kasterlee
84,Oudemolsedijk,2018-08-16,18:00:00,40,30,10,FMN GV 18 Kasterlee
84,Oudemolsedijk,2018-08-16,19:00:00,31,12,19,FMN GV 18 Kasterlee
84,Oudemolsedijk,2018-08-16,20:00:00,24,14,10,FMN GV 18 Kasterlee
84,Oudemolsedijk,2018-08-16,21:00:00,7,3,4,FMN GV 18 Kasterlee
84,Oudemolsedijk,2018-08-16,22:00:00,4,2,2,FMN GV 18 Kasterlee
84,Oudemolsedijk,2018-08-16,23:00:00,0,0,0,FMN GV 18 Kasterlee
84,Oudemolsedijk,2018-08-17,00:00:00,0,0,0,FMN GV 18 Kasterlee
84,Oudemolsedijk,2018-08-17,01:00:00,7,5,2,FMN GV 18 Kasterlee
84,Oudemolsedijk,2018-08-17,02:00:00,0,0,0,FMN GV 18 Kasterlee
84,Oudemolsedijk,2018-08-17,03:00:00,0,0,0,FMN GV 18 Kasterlee
84,Oudemolsedijk,2018-08-17,04:00:00,1,1,0,FMN GV 18 Kasterlee
84,Oudemolsedijk,2018-08-17,05:00:00,1,1,0,FMN GV 18 Kasterlee
84,Oudemolsedijk,2018-08-17,06:00:00,4,0,4,FMN GV 18 Kasterlee
84,Oudemolsedijk,2018-08-17,07:00:00,7,2,5,FMN GV 18 Kasterlee
84,Oudemolsedijk,2018-08-17,08:00:00,2,1,1,FMN GV 18 Kasterlee
84,Oudemolsedijk,2018-08-17,09:00:00,24,6,18,FMN GV 18 Kasterlee
84,Oudemolsedijk,2018-08-17,10:00:00,16,9,7,FMN GV 18 Kasterlee
84,Oudemolsedijk,2018-08-17,11:00:00,30,23,7,FMN GV 18 Kasterlee
84,Oudemolsedijk,2018-08-17,12:00:00,35,25,10,FMN GV 18 Kasterlee
84,Oudemolsedijk,2018-08-17,13:00:00,36,23,13,FMN GV 18 Kasterlee
84,Oudemolsedijk,2018-08-17,14:00:00,61,22,39,FMN GV 18 Kasterlee
84,Oudemolsedijk,2018-08-17,15:00:00,59,31,28,FMN GV 18 Kasterlee
84,Oudemolsedijk,2018-08-17,16:00:00,30,14,16,FMN GV 18 Kasterlee
84,Oudemolsedijk,2018-08-17,17:00:00,32,24,8,FMN GV 18 Kasterlee
84,Oudemolsedijk,2018-08-17,18:00:00,23,11,12,FMN GV 18 Kasterlee
84,Oudemolsedijk,2018-08-17,19:00:00,20,13,7,FMN GV 18 Kasterlee
84,Oudemolsedijk,2018-08-17,20:00:00,15,6,9,FMN GV 18 Kasterlee
84,Oudemolsedijk,2018-08-17,21:00:00,2,0,2,FMN GV 18 Kasterlee
84,Oudemolsedijk,2018-08-17,22:00:00,10,5,5,FMN GV 18 Kasterlee
84,Oudemolsedijk,2018-08-17,23:00:00,2,2,0,FMN GV 18 Kasterlee
84,Oudemolsedijk,2018-08-18,00:00:00,0,0,0,FMN GV 18 Kasterlee
84,Oudemolsedijk,2018-08-18,01:00:00,0,0,0,FMN GV 18 Kasterlee
84,Oudemolsedijk,2018-08-18,02:00:00,0,0,0,FMN GV 18 Kasterlee
84,Oudemolsedijk,2018-08-18,03:00:00,0,0,0,FMN GV 18 Kasterlee
84,Oudemolsedijk,2018-08-18,04:00:00,0,0,0,FMN GV 18 Kasterlee
84,Oudemolsedijk,2018-08-18,05:00:00,0,0,0,FMN GV 18 Kasterlee
84,Oudemolsedijk,2018-08-18,06:00:00,0,0,0,FMN GV 18 Kasterlee
84,Oudemolsedijk,2018-08-18,07:00:00,3,1,2,FMN GV 18 Kasterlee
84,Oudemolsedijk,2018-08-18,08:00:00,7,2,5,FMN GV 18 Kasterlee
84,Oudemolsedijk,2018-08-18,09:00:00,29,8,21,FMN GV 18 Kasterlee
84,Oudemolsedijk,2018-08-18,10:00:00,44,28,16,FMN GV 18 Kasterlee
84,Oudemolsedijk,2018-08-18,11:00:00,63,40,23,FMN GV 18 Kasterlee
84,Oudemolsedijk,2018-08-18,12:00:00,39,16,23,FMN GV 18 Kasterlee
84,Oudemolsedijk,2018-08-18,13:00:00,92,22,70,FMN GV 18 Kasterlee
84,Oudemolsedijk,2018-08-18,14:00:00,191,38,153,FMN GV 18 Kasterlee
84,Oudemolsedijk,2018-08-18,15:00:00,119,77,42,FMN GV 18 Kasterlee
84,Oudemolsedijk,2018-08-18,16:00:00,78,43,35,FMN GV 18 Kasterlee
84,Oudemolsedijk,2018-08-18,17:00:00,16,10,6,FMN GV 18 Kasterlee
84,Oudemolsedijk,2018-08-18,18:00:00,22,10,12,FMN GV 18 Kasterlee
84,Oudemolsedijk,2018-08-18,19:00:00,18,15,3,FMN GV 18 Kasterlee
84,Oudemolsedijk,2018-08-18,20:00:00,13,7,6,FMN GV 18 Kasterlee
84,Oudemolsedijk,2018-08-18,21:00:00,7,3,4,FMN GV 18 Kasterlee
84,Oudemolsedijk,2018-08-18,22:00:00,4,2,2,FMN GV 18 Kasterlee
84,Oudemolsedijk,2018-08-18,23:00:00,1,1,0,FMN GV 18 Kasterlee
84,Oudemolsedijk,2018-08-19,00:00:00,1,1,0,FMN GV 18 Kasterlee
84,Oudemolsedijk,2018-08-19,01:00:00,1,1,0,FMN GV 18 Kasterlee
84,Oudemolsedijk,2018-08-19,02:00:00,0,0,0,FMN GV 18 Kasterlee
84,Oudemolsedijk,2018-08-19,03:00:00,0,0,0,FMN GV 18 Kasterlee
84,Oudemolsedijk,2018-08-19,04:00:00,4,1,3,FMN GV 18 Kasterlee
84,Oudemolsedijk,2018-08-19,05:00:00,0,0,0,FMN GV 18 Kasterlee
84,Oudemolsedijk,2018-08-19,06:00:00,0,0,0,FMN GV 18 Kasterlee
84,Oudemolsedijk,2018-08-19,07:00:00,8,5,3,FMN GV 18 Kasterlee
84,Oudemolsedijk,2018-08-19,08:00:00,35,16,19,FMN GV 18 Kasterlee
84,Oudemolsedijk,2018-08-19,09:00:00,80,44,36,FMN GV 18 Kasterlee
84,Oudemolsedijk,2018-08-19,10:00:00,143,70,73,FMN GV 18 Kasterlee
84,Oudemolsedijk,2018-08-19,11:00:00,128,85,43,FMN GV 18 Kasterlee
84,Oudemolsedijk,2018-08-19,12:00:00,47,26,21,FMN GV 18 Kasterlee
84,Oudemolsedijk,2018-08-19,13:00:00,76,42,34,FMN GV 18 Kasterlee
84,Oudemolsedijk,2018-08-19,14:00:00,166,74,92,FMN GV 18 Kasterlee
84,Oudemolsedijk,2018-08-19,15:00:00,99,59,40,FMN GV 18 Kasterlee
84,Oudemolsedijk,2018-08-19,16:00:00,85,42,43,FMN GV 18 Kasterlee
84,Oudemolsedijk,2018-08-19,17:00:00,77,36,41,FMN GV 18 Kasterlee
84,Oudemolsedijk,2018-08-19,18:00:00,18,8,10,FMN GV 18 Kasterlee
84,Oudemolsedijk,2018-08-19,19:00:00,19,10,9,FMN GV 18 Kasterlee
84,Oudemolsedijk,2018-08-19,20:00:00,10,2,8,FMN GV 18 Kasterlee
84,Oudemolsedijk,2018-08-19,21:00:00,9,7,2,FMN GV 18 Kasterlee
84,Oudemolsedijk,2018-08-19,22:00:00,3,2,1,FMN GV 18 Kasterlee
84,Oudemolsedijk,2018-08-19,23:00:00,2,0,2,FMN GV 18 Kasterlee
84,Oudemolsedijk,2018-08-20,00:00:00,0,0,0,FMN GV 18 Kasterlee
84,Oudemolsedijk,2018-08-20,01:00:00,0,0,0,FMN GV 18 Kasterlee
84,Oudemolsedijk,2018-08-20,02:00:00,0,0,0,FMN GV 18 Kasterlee
84,Oudemolsedijk,2018-08-20,03:00:00,0,0,0,FMN GV 18 Kasterlee
84,Oudemolsedijk,2018-08-20,04:00:00,1,1,0,FMN GV 18 Kasterlee
84,Oudemolsedijk,2018-08-20,05:00:00,3,3,0,FMN GV 18 Kasterlee
84,Oudemolsedijk,2018-08-20,06:00:00,8,4,4,FMN GV 18 Kasterlee
84,Oudemolsedijk,2018-08-20,07:00:00,21,10,11,FMN GV 18 Kasterlee
84,Oudemolsedijk,2018-08-20,08:00:00,12,5,7,FMN GV 18 Kasterlee
84,Oudemolsedijk,2018-08-20,09:00:00,4,2,2,FMN GV 18 Kasterlee
84,Oudemolsedijk,2018-08-20,10:00:00,17,14,3,FMN GV 18 Kasterlee
84,Oudemolsedijk,2018-08-20,11:00:00,12,7,5,FMN GV 18 Kasterlee
84,Oudemolsedijk,2018-08-20,12:00:00,20,11,9,FMN GV 18 Kasterlee
84,Oudemolsedijk,2018-08-20,13:00:00,46,11,35,FMN GV 18 Kasterlee
84,Oudemolsedijk,2018-08-20,14:00:00,72,52,20,FMN GV 18 Kasterlee
84,Oudemolsedijk,2018-08-20,15:00:00,36,22,14,FMN GV 18 Kasterlee
84,Oudemolsedijk,2018-08-20,16:00:00,44,15,29,FMN GV 18 Kasterlee
84,Oudemolsedijk,2018-08-20,17:00:00,34,22,12,FMN GV 18 Kasterlee
84,Oudemolsedijk,2018-08-20,18:00:00,15,7,8,FMN GV 18 Kasterlee
84,Oudemolsedijk,2018-08-20,19:00:00,28,18,10,FMN GV 18 Kasterlee
84,Oudemolsedijk,2018-08-20,20:00:00,15,10,5,FMN GV 18 Kasterlee
84,Oudemolsedijk,2018-08-20,21:00:00,4,2,2,FMN GV 18 Kasterlee
84,Oudemolsedijk,2018-08-20,22:00:00,5,3,2,FMN GV 18 Kasterlee
84,Oudemolsedijk,2018-08-20,23:00:00,1,0,1,FMN GV 18 Kasterlee
84,Oudemolsedijk,2018-08-21,00:00:00,0,0,0,FMN GV 18 Kasterlee
84,Oudemolsedijk,2018-08-21,01:00:00,0,0,0,FMN GV 18 Kasterlee
84,Oudemolsedijk,2018-08-21,02:00:00,0,0,0,FMN GV 18 Kasterlee
84,Oudemolsedijk,2018-08-21,03:00:00,0,0,0,FMN GV 18 Kasterlee
84,Oudemolsedijk,2018-08-21,04:00:00,2,1,1,FMN GV 18 Kasterlee
84,Oudemolsedijk,2018-08-21,05:00:00,7,5,2,FMN GV 18 Kasterlee
84,Oudemolsedijk,2018-08-21,06:00:00,12,3,9,FMN GV 18 Kasterlee
84,Oudemolsedijk,2018-08-21,07:00:00,15,9,6,FMN GV 18 Kasterlee
84,Oudemolsedijk,2018-08-21,08:00:00,15,9,6,FMN GV 18 Kasterlee
84,Oudemolsedijk,2018-08-21,09:00:00,8,5,3,FMN GV 18 Kasterlee
84,Oudemolsedijk,2018-08-21,10:00:00,36,18,18,FMN GV 18 Kasterlee
84,Oudemolsedijk,2018-08-21,11:00:00,34,17,17,FMN GV 18 Kasterlee
84,Oudemolsedijk,2018-08-21,12:00:00,61,31,30,FMN GV 18 Kasterlee
84,Oudemolsedijk,2018-08-21,13:00:00,64,28,36,FMN GV 18 Kasterlee
84,Oudemolsedijk,2018-08-21,14:00:00,79,45,34,FMN GV 18 Kasterlee
84,Oudemolsedijk,2018-08-21,15:00:00,109,48,61,FMN GV 18 Kasterlee
84,Oudemolsedijk,2018-08-21,16:00:00,101,56,45,FMN GV 18 Kasterlee
84,Oudemolsedijk,2018-08-21,17:00:00,55,37,18,FMN GV 18 Kasterlee
84,Oudemolsedijk,2018-08-21,18:00:00,34,24,10,FMN GV 18 Kasterlee
84,Oudemolsedijk,2018-08-21,19:00:00,50,23,27,FMN GV 18 Kasterlee
84,Oudemolsedijk,2018-08-21,20:00:00,42,15,27,FMN GV 18 Kasterlee
84,Oudemolsedijk,2018-08-21,21:00:00,22,16,6,FMN GV 18 Kasterlee
84,Oudemolsedijk,2018-08-21,22:00:00,9,8,1,FMN GV 18 Kasterlee
84,Oudemolsedijk,2018-08-21,23:00:00,4,3,1,FMN GV 18 Kasterlee
84,Oudemolsedijk,2018-08-22,00:00:00,2,0,2,FMN GV 18 Kasterlee
84,Oudemolsedijk,2018-08-22,01:00:00,0,0,0,FMN GV 18 Kasterlee
84,Oudemolsedijk,2018-08-22,02:00:00,0,0,0,FMN GV 18 Kasterlee
84,Oudemolsedijk,2018-08-22,03:00:00,0,0,0,FMN GV 18 Kasterlee
84,Oudemolsedijk,2018-08-22,04:00:00,2,2,0,FMN GV 18 Kasterlee
84,Oudemolsedijk,2018-08-22,05:00:00,2,0,2,FMN GV 18 Kasterlee
84,Oudemolsedijk,2018-08-22,06:00:00,5,4,1,FMN GV 18 Kasterlee
84,Oudemolsedijk,2018-08-22,07:00:00,14,10,4,FMN GV 18 Kasterlee
84,Oudemolsedijk,2018-08-22,08:00:00,20,7,13,FMN GV 18 Kasterlee
84,Oudemolsedijk,2018-08-22,09:00:00,14,8,6,FMN GV 18 Kasterlee
84,Oudemolsedijk,2018-08-22,10:00:00,47,38,9,FMN GV 18 Kasterlee
84,Oudemolsedijk,2018-08-22,11:00:00,26,18,8,FMN GV 18 Kasterlee
84,Oudemolsedijk,2018-08-22,12:00:00,35,23,12,FMN GV 18 Kasterlee
84,Oudemolsedijk,2018-08-22,13:00:00,62,35,27,FMN GV 18 Kasterlee
84,Oudemolsedijk,2018-08-22,14:00:00,110,53,57,FMN GV 18 Kasterlee
84,Oudemolsedijk,2018-08-22,15:00:00,102,44,58,FMN GV 18 Kasterlee
84,Oudemolsedijk,2018-08-22,16:00:00,129,76,53,FMN GV 18 Kasterlee
84,Oudemolsedijk,2018-08-22,17:00:00,68,42,26,FMN GV 18 Kasterlee
84,Oudemolsedijk,2018-08-22,18:00:00,39,20,19,FMN GV 18 Kasterlee
84,Oudemolsedijk,2018-08-22,19:00:00,85,67,18,FMN GV 18 Kasterlee
84,Oudemolsedijk,2018-08-22,20:00:00,56,33,23,FMN GV 18 Kasterlee
84,Oudemolsedijk,2018-08-22,21:00:00,10,7,3,FMN GV 18 Kasterlee
84,Oudemolsedijk,2018-08-22,22:00:00,3,0,3,FMN GV 18 Kasterlee
84,Oudemolsedijk,2018-08-22,23:00:00,1,1,0,FMN GV 18 Kasterlee
84,Oudemolsedijk,2018-08-23,00:00:00,0,0,0,FMN GV 18 Kasterlee
84,Oudemolsedijk,2018-08-23,01:00:00,0,0,0,FMN GV 18 Kasterlee
84,Oudemolsedijk,2018-08-23,02:00:00,0,0,0,FMN GV 18 Kasterlee
84,Oudemolsedijk,2018-08-23,03:00:00,0,0,0,FMN GV 18 Kasterlee
84,Oudemolsedijk,2018-08-23,04:00:00,1,1,0,FMN GV 18 Kasterlee
84,Oudemolsedijk,2018-08-23,05:00:00,1,0,1,FMN GV 18 Kasterlee
84,Oudemolsedijk,2018-08-23,06:00:00,9,2,7,FMN GV 18 Kasterlee
84,Oudemolsedijk,2018-08-23,07:00:00,17,10,7,FMN GV 18 Kasterlee
84,Oudemolsedijk,2018-08-23,08:00:00,10,6,4,FMN GV 18 Kasterlee
84,Oudemolsedijk,2018-08-23,09:00:00,24,4,20,FMN GV 18 Kasterlee
84,Oudemolsedijk,2018-08-23,10:00:00,35,8,27,FMN GV 18 Kasterlee
84,Oudemolsedijk,2018-08-23,11:00:00,28,16,12,FMN GV 18 Kasterlee
84,Oudemolsedijk,2018-08-23,12:00:00,16,6,10,FMN GV 18 Kasterlee
84,Oudemolsedijk,2018-08-23,13:00:00,39,20,19,FMN GV 18 Kasterlee
84,Oudemolsedijk,2018-08-23,14:00:00,82,34,48,FMN GV 18 Kasterlee
84,Oudemolsedijk,2018-08-23,15:00:00,60,48,12,FMN GV 18 Kasterlee
84,Oudemolsedijk,2018-08-23,16:00:00,58,39,19,FMN GV 18 Kasterlee
84,Oudemolsedijk,2018-08-23,17:00:00,34,17,17,FMN GV 18 Kasterlee
84,Oudemolsedijk,2018-08-23,18:00:00,18,8,10,FMN GV 18 Kasterlee
84,Oudemolsedijk,2018-08-23,19:00:00,26,9,17,FMN GV 18 Kasterlee
84,Oudemolsedijk,2018-08-23,20:00:00,36,33,3,FMN GV 18 Kasterlee
84,Oudemolsedijk,2018-08-23,21:00:00,4,4,0,FMN GV 18 Kasterlee
84,Oudemolsedijk,2018-08-23,22:00:00,3,1,2,FMN GV 18 Kasterlee
84,Oudemolsedijk,2018-08-23,23:00:00,0,0,0,FMN GV 18 Kasterlee
84,Oudemolsedijk,2018-08-24,00:00:00,0,0,0,FMN GV 18 Kasterlee
84,Oudemolsedijk,2018-08-24,01:00:00,0,0,0,FMN GV 18 Kasterlee
84,Oudemolsedijk,2018-08-24,02:00:00,0,0,0,FMN GV 18 Kasterlee
84,Oudemolsedijk,2018-08-24,03:00:00,0,0,0,FMN GV 18 Kasterlee
84,Oudemolsedijk,2018-08-24,04:00:00,1,1,0,FMN GV 18 Kasterlee
84,Oudemolsedijk,2018-08-24,05:00:00,2,2,0,FMN GV 18 Kasterlee
84,Oudemolsedijk,2018-08-24,06:00:00,7,2,5,FMN GV 18 Kasterlee
84,Oudemolsedijk,2018-08-24,07:00:00,6,2,4,FMN GV 18 Kasterlee
84,Oudemolsedijk,2018-08-24,08:00:00,11,5,6,FMN GV 18 Kasterlee
84,Oudemolsedijk,2018-08-24,09:00:00,16,9,7,FMN GV 18 Kasterlee
84,Oudemolsedijk,2018-08-24,10:00:00,11,6,5,FMN GV 18 Kasterlee
84,Oudemolsedijk,2018-08-24,11:00:00,8,7,1,FMN GV 18 Kasterlee
84,Oudemolsedijk,2018-08-24,12:00:00,31,12,19,FMN GV 18 Kasterlee
84,Oudemolsedijk,2018-08-24,13:00:00,25,4,21,FMN GV 18 Kasterlee
84,Oudemolsedijk,2018-08-24,14:00:00,17,9,8,FMN GV 18 Kasterlee
84,Oudemolsedijk,2018-08-24,15:00:00,42,34,8,FMN GV 18 Kasterlee
84,Oudemolsedijk,2018-08-24,16:00:00,41,21,20,FMN GV 18 Kasterlee
84,Oudemolsedijk,2018-08-24,17:00:00,26,16,10,FMN GV 18 Kasterlee
84,Oudemolsedijk,2018-08-24,18:00:00,8,5,3,FMN GV 18 Kasterlee
84,Oudemolsedijk,2018-08-24,19:00:00,11,4,7,FMN GV 18 Kasterlee
84,Oudemolsedijk,2018-08-24,20:00:00,25,15,10,FMN GV 18 Kasterlee
84,Oudemolsedijk,2018-08-24,21:00:00,2,2,0,FMN GV 18 Kasterlee
84,Oudemolsedijk,2018-08-24,22:00:00,4,4,0,FMN GV 18 Kasterlee
84,Oudemolsedijk,2018-08-24,23:00:00,3,2,1,FMN GV 18 Kasterlee
84,Oudemolsedijk,2018-08-25,00:00:00,1,0,1,FMN GV 18 Kasterlee
84,Oudemolsedijk,2018-08-25,01:00:00,0,0,0,FMN GV 18 Kasterlee
84,Oudemolsedijk,2018-08-25,02:00:00,0,0,0,FMN GV 18 Kasterlee
84,Oudemolsedijk,2018-08-25,03:00:00,0,0,0,FMN GV 18 Kasterlee
84,Oudemolsedijk,2018-08-25,04:00:00,0,0,0,FMN GV 18 Kasterlee
84,Oudemolsedijk,2018-08-25,05:00:00,0,0,0,FMN GV 18 Kasterlee
84,Oudemolsedijk,2018-08-25,06:00:00,0,0,0,FMN GV 18 Kasterlee
84,Oudemolsedijk,2018-08-25,07:00:00,2,1,1,FMN GV 18 Kasterlee
84,Oudemolsedijk,2018-08-25,08:00:00,20,1,19,FMN GV 18 Kasterlee
84,Oudemolsedijk,2018-08-25,09:00:00,7,0,7,FMN GV 18 Kasterlee
84,Oudemolsedijk,2018-08-25,10:00:00,5,2,3,FMN GV 18 Kasterlee
84,Oudemolsedijk,2018-08-25,11:00:00,32,29,3,FMN GV 18 Kasterlee
84,Oudemolsedijk,2018-08-25,12:00:00,9,4,5,FMN GV 18 Kasterlee
84,Oudemolsedijk,2018-08-25,13:00:00,20,12,8,FMN GV 18 Kasterlee
84,Oudemolsedijk,2018-08-25,14:00:00,12,4,8,FMN GV 18 Kasterlee
84,Oudemolsedijk,2018-08-25,15:00:00,38,25,13,FMN GV 18 Kasterlee
84,Oudemolsedijk,2018-08-25,16:00:00,24,20,4,FMN GV 18 Kasterlee
84,Oudemolsedijk,2018-08-25,17:00:00,8,7,1,FMN GV 18 Kasterlee
84,Oudemolsedijk,2018-08-25,18:00:00,4,4,0,FMN GV 18 Kasterlee
84,Oudemolsedijk,2018-08-25,19:00:00,15,3,12,FMN GV 18 Kasterlee
84,Oudemolsedijk,2018-08-25,20:00:00,2,0,2,FMN GV 18 Kasterlee
84,Oudemolsedijk,2018-08-25,21:00:00,0,0,0,FMN GV 18 Kasterlee
84,Oudemolsedijk,2018-08-25,22:00:00,2,0,2,FMN GV 18 Kasterlee
84,Oudemolsedijk,2018-08-25,23:00:00,1,1,0,FMN GV 18 Kasterlee
84,Oudemolsedijk,2018-08-26,00:00:00,0,0,0,FMN GV 18 Kasterlee
84,Oudemolsedijk,2018-08-26,01:00:00,0,0,0,FMN GV 18 Kasterlee
84,Oudemolsedijk,2018-08-26,02:00:00,3,3,0,FMN GV 18 Kasterlee
84,Oudemolsedijk,2018-08-26,03:00:00,7,7,0,FMN GV 18 Kasterlee
84,Oudemolsedijk,2018-08-26,04:00:00,0,0,0,FMN GV 18 Kasterlee
84,Oudemolsedijk,2018-08-26,05:00:00,0,0,0,FMN GV 18 Kasterlee
84,Oudemolsedijk,2018-08-26,06:00:00,2,0,2,FMN GV 18 Kasterlee
84,Oudemolsedijk,2018-08-26,07:00:00,10,0,10,FMN GV 18 Kasterlee
84,Oudemolsedijk,2018-08-26,08:00:00,37,4,33,FMN GV 18 Kasterlee
84,Oudemolsedijk,2018-08-26,09:00:00,93,33,60,FMN GV 18 Kasterlee
84,Oudemolsedijk,2018-08-26,10:00:00,202,106,96,FMN GV 18 Kasterlee
84,Oudemolsedijk,2018-08-26,11:00:00,196,82,114,FMN GV 18 Kasterlee
84,Oudemolsedijk,2018-08-26,12:00:00,143,81,62,FMN GV 18 Kasterlee
84,Oudemolsedijk,2018-08-26,13:00:00,169,75,94,FMN GV 18 Kasterlee
84,Oudemolsedijk,2018-08-26,14:00:00,208,101,107,FMN GV 18 Kasterlee
84,Oudemolsedijk,2018-08-26,15:00:00,222,152,70,FMN GV 18 Kasterlee
84,Oudemolsedijk,2018-08-26,16:00:00,164,114,50,FMN GV 18 Kasterlee
84,Oudemolsedijk,2018-08-26,17:00:00,59,40,19,FMN GV 18 Kasterlee
84,Oudemolsedijk,2018-08-26,18:00:00,8,6,2,FMN GV 18 Kasterlee
84,Oudemolsedijk,2018-08-26,19:00:00,7,5,2,FMN GV 18 Kasterlee
84,Oudemolsedijk,2018-08-26,20:00:00,1,1,0,FMN GV 18 Kasterlee
84,Oudemolsedijk,2018-08-26,21:00:00,0,0,0,FMN GV 18 Kasterlee
84,Oudemolsedijk,2018-08-26,22:00:00,3,2,1,FMN GV 18 Kasterlee
84,Oudemolsedijk,2018-08-26,23:00:00,0,0,0,FMN GV 18 Kasterlee
84,Oudemolsedijk,2018-08-27,00:00:00,0,0,0,FMN GV 18 Kasterlee
84,Oudemolsedijk,2018-08-27,01:00:00,0,0,0,FMN GV 18 Kasterlee
84,Oudemolsedijk,2018-08-27,02:00:00,0,0,0,FMN GV 18 Kasterlee
84,Oudemolsedijk,2018-08-27,03:00:00,0,0,0,FMN GV 18 Kasterlee
84,Oudemolsedijk,2018-08-27,04:00:00,0,0,0,FMN GV 18 Kasterlee
84,Oudemolsedijk,2018-08-27,05:00:00,2,2,0,FMN GV 18 Kasterlee
84,Oudemolsedijk,2018-08-27,06:00:00,4,3,1,FMN GV 18 Kasterlee
84,Oudemolsedijk,2018-08-27,07:00:00,12,8,4,FMN GV 18 Kasterlee
84,Oudemolsedijk,2018-08-27,08:00:00,5,2,3,FMN GV 18 Kasterlee
84,Oudemolsedijk,2018-08-27,09:00:00,8,3,5,FMN GV 18 Kasterlee
84,Oudemolsedijk,2018-08-27,10:00:00,4,2,2,FMN GV 18 Kasterlee
84,Oudemolsedijk,2018-08-27,11:00:00,12,7,5,FMN GV 18 Kasterlee
84,Oudemolsedijk,2018-08-27,12:00:00,13,9,4,FMN GV 18 Kasterlee
84,Oudemolsedijk,2018-08-27,13:00:00,26,13,13,FMN GV 18 Kasterlee
84,Oudemolsedijk,2018-08-27,14:00:00,42,33,9,FMN GV 18 Kasterlee
84,Oudemolsedijk,2018-08-27,15:00:00,35,19,16,FMN GV 18 Kasterlee
84,Oudemolsedijk,2018-08-27,16:00:00,31,9,22,FMN GV 18 Kasterlee
84,Oudemolsedijk,2018-08-27,17:00:00,18,9,9,FMN GV 18 Kasterlee
84,Oudemolsedijk,2018-08-27,18:00:00,21,16,5,FMN GV 18 Kasterlee
84,Oudemolsedijk,2018-08-27,19:00:00,13,3,10,FMN GV 18 Kasterlee
84,Oudemolsedijk,2018-08-27,20:00:00,2,2,0,FMN GV 18 Kasterlee
84,Oudemolsedijk,2018-08-27,21:00:00,3,0,3,FMN GV 18 Kasterlee
84,Oudemolsedijk,2018-08-27,22:00:00,1,0,1,FMN GV 18 Kasterlee
84,Oudemolsedijk,2018-08-27,23:00:00,0,0,0,FMN GV 18 Kasterlee
84,Oudemolsedijk,2018-08-28,00:00:00,0,0,0,FMN GV 18 Kasterlee
84,Oudemolsedijk,2018-08-28,01:00:00,0,0,0,FMN GV 18 Kasterlee
84,Oudemolsedijk,2018-08-28,02:00:00,0,0,0,FMN GV 18 Kasterlee
84,Oudemolsedijk,2018-08-28,03:00:00,0,0,0,FMN GV 18 Kasterlee
84,Oudemolsedijk,2018-08-28,04:00:00,0,0,0,FMN GV 18 Kasterlee
84,Oudemolsedijk,2018-08-28,05:00:00,0,0,0,FMN GV 18 Kasterlee
84,Oudemolsedijk,2018-08-28,06:00:00,16,11,5,FMN GV 18 Kasterlee
84,Oudemolsedijk,2018-08-28,07:00:00,20,8,12,FMN GV 18 Kasterlee
84,Oudemolsedijk,2018-08-28,08:00:00,15,9,6,FMN GV 18 Kasterlee
84,Oudemolsedijk,2018-08-28,09:00:00,16,4,12,FMN GV 18 Kasterlee
84,Oudemolsedijk,2018-08-28,10:00:00,24,10,14,FMN GV 18 Kasterlee
84,Oudemolsedijk,2018-08-28,11:00:00,48,20,28,FMN GV 18 Kasterlee
84,Oudemolsedijk,2018-08-28,12:00:00,40,27,13,FMN GV 18 Kasterlee
84,Oudemolsedijk,2018-08-28,13:00:00,83,32,51,FMN GV 18 Kasterlee
84,Oudemolsedijk,2018-08-28,14:00:00,77,48,29,FMN GV 18 Kasterlee
84,Oudemolsedijk,2018-08-28,15:00:00,86,38,48,FMN GV 18 Kasterlee
84,Oudemolsedijk,2018-08-28,16:00:00,57,34,23,FMN GV 18 Kasterlee
84,Oudemolsedijk,2018-08-28,17:00:00,48,32,16,FMN GV 18 Kasterlee
84,Oudemolsedijk,2018-08-28,18:00:00,38,18,20,FMN GV 18 Kasterlee
84,Oudemolsedijk,2018-08-28,19:00:00,35,13,22,FMN GV 18 Kasterlee
84,Oudemolsedijk,2018-08-28,20:00:00,19,13,6,FMN GV 18 Kasterlee
84,Oudemolsedijk,2018-08-28,21:00:00,4,2,2,FMN GV 18 Kasterlee
84,Oudemolsedijk,2018-08-28,22:00:00,5,1,4,FMN GV 18 Kasterlee
84,Oudemolsedijk,2018-08-28,23:00:00,0,0,0,FMN GV 18 Kasterlee
84,Oudemolsedijk,2018-08-29,00:00:00,0,0,0,FMN GV 18 Kasterlee
84,Oudemolsedijk,2018-08-29,01:00:00,0,0,0,FMN GV 18 Kasterlee
84,Oudemolsedijk,2018-08-29,02:00:00,0,0,0,FMN GV 18 Kasterlee
84,Oudemolsedijk,2018-08-29,03:00:00,0,0,0,FMN GV 18 Kasterlee
84,Oudemolsedijk,2018-08-29,04:00:00,0,0,0,FMN GV 18 Kasterlee
84,Oudemolsedijk,2018-08-29,05:00:00,0,0,0,FMN GV 18 Kasterlee
84,Oudemolsedijk,2018-08-29,06:00:00,4,3,1,FMN GV 18 Kasterlee
84,Oudemolsedijk,2018-08-29,07:00:00,7,3,4,FMN GV 18 Kasterlee
84,Oudemolsedijk,2018-08-29,08:00:00,12,5,7,FMN GV 18 Kasterlee
84,Oudemolsedijk,2018-08-29,09:00:00,12,4,8,FMN GV 18 Kasterlee
84,Oudemolsedijk,2018-08-29,10:00:00,17,16,1,FMN GV 18 Kasterlee
84,Oudemolsedijk,2018-08-29,11:00:00,11,8,3,FMN GV 18 Kasterlee
84,Oudemolsedijk,2018-08-29,12:00:00,15,11,4,FMN GV 18 Kasterlee
84,Oudemolsedijk,2018-08-29,13:00:00,3,0,3,FMN GV 18 Kasterlee
84,Oudemolsedijk,2018-08-29,14:00:00,15,10,5,FMN GV 18 Kasterlee
84,Oudemolsedijk,2018-08-29,15:00:00,10,3,7,FMN GV 18 Kasterlee
84,Oudemolsedijk,2018-08-29,16:00:00,12,7,5,FMN GV 18 Kasterlee
84,Oudemolsedijk,2018-08-29,17:00:00,9,5,4,FMN GV 18 Kasterlee
84,Oudemolsedijk,2018-08-29,18:00:00,8,5,3,FMN GV 18 Kasterlee
84,Oudemolsedijk,2018-08-29,19:00:00,20,4,16,FMN GV 18 Kasterlee
84,Oudemolsedijk,2018-08-29,20:00:00,1,1,0,FMN GV 18 Kasterlee
84,Oudemolsedijk,2018-08-29,21:00:00,1,0,1,FMN GV 18 Kasterlee
84,Oudemolsedijk,2018-08-29,22:00:00,0,0,0,FMN GV 18 Kasterlee
84,Oudemolsedijk,2018-08-29,23:00:00,0,0,0,FMN GV 18 Kasterlee
84,Oudemolsedijk,2018-08-30,00:00:00,0,0,0,FMN GV 18 Kasterlee
84,Oudemolsedijk,2018-08-30,01:00:00,0,0,0,FMN GV 18 Kasterlee
84,Oudemolsedijk,2018-08-30,02:00:00,0,0,0,FMN GV 18 Kasterlee
84,Oudemolsedijk,2018-08-30,03:00:00,0,0,0,FMN GV 18 Kasterlee
84,Oudemolsedijk,2018-08-30,04:00:00,1,1,0,FMN GV 18 Kasterlee
84,Oudemolsedijk,2018-08-30,05:00:00,1,1,0,FMN GV 18 Kasterlee
84,Oudemolsedijk,2018-08-30,06:00:00,6,3,3,FMN GV 18 Kasterlee
84,Oudemolsedijk,2018-08-30,07:00:00,15,9,6,FMN GV 18 Kasterlee
84,Oudemolsedijk,2018-08-30,08:00:00,18,13,5,FMN GV 18 Kasterlee
84,Oudemolsedijk,2018-08-30,09:00:00,8,1,7,FMN GV 18 Kasterlee
84,Oudemolsedijk,2018-08-30,10:00:00,7,5,2,FMN GV 18 Kasterlee
84,Oudemolsedijk,2018-08-30,11:00:00,32,28,4,FMN GV 18 Kasterlee
84,Oudemolsedijk,2018-08-30,12:00:00,49,19,30,FMN GV 18 Kasterlee
84,Oudemolsedijk,2018-08-30,13:00:00,57,21,36,FMN GV 18 Kasterlee
84,Oudemolsedijk,2018-08-30,14:00:00,92,69,23,FMN GV 18 Kasterlee
84,Oudemolsedijk,2018-08-30,15:00:00,76,40,36,FMN GV 18 Kasterlee
84,Oudemolsedijk,2018-08-30,16:00:00,70,22,48,FMN GV 18 Kasterlee
84,Oudemolsedijk,2018-08-30,17:00:00,38,13,25,FMN GV 18 Kasterlee
84,Oudemolsedijk,2018-08-30,18:00:00,25,10,15,FMN GV 18 Kasterlee
84,Oudemolsedijk,2018-08-30,19:00:00,40,19,21,FMN GV 18 Kasterlee
84,Oudemolsedijk,2018-08-30,20:00:00,33,29,4,FMN GV 18 Kasterlee
84,Oudemolsedijk,2018-08-30,21:00:00,3,0,3,FMN GV 18 Kasterlee
84,Oudemolsedijk,2018-08-30,22:00:00,2,1,1,FMN GV 18 Kasterlee
84,Oudemolsedijk,2018-08-30,23:00:00,1,0,1,FMN GV 18 Kasterlee
84,Oudemolsedijk,2018-08-31,00:00:00,0,0,0,FMN GV 18 Kasterlee
84,Oudemolsedijk,2018-08-31,01:00:00,0,0,0,FMN GV 18 Kasterlee
84,Oudemolsedijk,2018-08-31,02:00:00,0,0,0,FMN GV 18 Kasterlee
84,Oudemolsedijk,2018-08-31,03:00:00,0,0,0,FMN GV 18 Kasterlee
84,Oudemolsedijk,2018-08-31,04:00:00,0,0,0,FMN GV 18 Kasterlee
84,Oudemolsedijk,2018-08-31,05:00:00,3,3,0,FMN GV 18 Kasterlee
84,Oudemolsedijk,2018-08-31,06:00:00,9,4,5,FMN GV 18 Kasterlee
84,Oudemolsedijk,2018-08-31,07:00:00,14,9,5,FMN GV 18 Kasterlee
84,Oudemolsedijk,2018-08-31,08:00:00,13,10,3,FMN GV 18 Kasterlee
84,Oudemolsedijk,2018-08-31,09:00:00,7,3,4,FMN GV 18 Kasterlee
84,Oudemolsedijk,2018-08-31,10:00:00,15,8,7,FMN GV 18 Kasterlee
84,Oudemolsedijk,2018-08-31,11:00:00,14,6,8,FMN GV 18 Kasterlee
84,Oudemolsedijk,2018-08-31,12:00:00,45,38,7,FMN GV 18 Kasterlee
84,Oudemolsedijk,2018-08-31,13:00:00,22,14,8,FMN GV 18 Kasterlee
84,Oudemolsedijk,2018-08-31,14:00:00,69,44,25,FMN GV 18 Kasterlee
84,Oudemolsedijk,2018-08-31,15:00:00,70,33,37,FMN GV 18 Kasterlee
84,Oudemolsedijk,2018-08-31,16:00:00,45,21,24,FMN GV 18 Kasterlee
84,Oudemolsedijk,2018-08-31,17:00:00,33,19,14,FMN GV 18 Kasterlee
84,Oudemolsedijk,2018-08-31,18:00:00,26,12,14,FMN GV 18 Kasterlee
84,Oudemolsedijk,2018-08-31,19:00:00,13,8,5,FMN GV 18 Kasterlee
84,Oudemolsedijk,2018-08-31,20:00:00,11,2,9,FMN GV 18 Kasterlee
84,Oudemolsedijk,2018-08-31,21:00:00,0,0,0,FMN GV 18 Kasterlee
84,Oudemolsedijk,2018-08-31,22:00:00,2,0,2,FMN GV 18 Kasterlee
84,Oudemolsedijk,2018-08-31,23:00:00,0,0,0,FMN GV 18 Kasterlee
84,Oudemolsedijk,2018-09-01,00:00:00,0,0,0,FMN GV 18 Kasterlee
84,Oudemolsedijk,2018-09-01,01:00:00,0,0,0,FMN GV 18 Kasterlee
84,Oudemolsedijk,2018-09-01,02:00:00,0,0,0,FMN GV 18 Kasterlee
84,Oudemolsedijk,2018-09-01,03:00:00,0,0,0,FMN GV 18 Kasterlee
84,Oudemolsedijk,2018-09-01,04:00:00,0,0,0,FMN GV 18 Kasterlee
84,Oudemolsedijk,2018-09-01,05:00:00,0,0,0,FMN GV 18 Kasterlee
84,Oudemolsedijk,2018-09-01,06:00:00,0,0,0,FMN GV 18 Kasterlee
84,Oudemolsedijk,2018-09-01,07:00:00,3,2,1,FMN GV 18 Kasterlee
84,Oudemolsedijk,2018-09-01,08:00:00,10,2,8,FMN GV 18 Kasterlee
84,Oudemolsedijk,2018-09-01,09:00:00,42,31,11,FMN GV 18 Kasterlee
84,Oudemolsedijk,2018-09-01,10:00:00,17,6,11,FMN GV 18 Kasterlee
84,Oudemolsedijk,2018-09-01,11:00:00,34,22,12,FMN GV 18 Kasterlee
84,Oudemolsedijk,2018-09-01,12:00:00,34,14,20,FMN GV 18 Kasterlee
84,Oudemolsedijk,2018-09-01,13:00:00,80,60,20,FMN GV 18 Kasterlee
84,Oudemolsedijk,2018-09-01,14:00:00,104,72,32,FMN GV 18 Kasterlee
84,Oudemolsedijk,2018-09-01,15:00:00,76,61,15,FMN GV 18 Kasterlee
84,Oudemolsedijk,2018-09-01,16:00:00,100,43,57,FMN GV 18 Kasterlee
84,Oudemolsedijk,2018-09-01,17:00:00,42,23,19,FMN GV 18 Kasterlee
84,Oudemolsedijk,2018-09-01,18:00:00,23,12,11,FMN GV 18 Kasterlee
84,Oudemolsedijk,2018-09-01,19:00:00,12,1,11,FMN GV 18 Kasterlee
84,Oudemolsedijk,2018-09-01,20:00:00,2,0,2,FMN GV 18 Kasterlee
84,Oudemolsedijk,2018-09-01,21:00:00,6,5,1,FMN GV 18 Kasterlee
84,Oudemolsedijk,2018-09-01,22:00:00,4,3,1,FMN GV 18 Kasterlee
84,Oudemolsedijk,2018-09-01,23:00:00,0,0,0,FMN GV 18 Kasterlee
84,Oudemolsedijk,2018-09-02,00:00:00,0,0,0,FMN GV 18 Kasterlee
84,Oudemolsedijk,2018-09-02,01:00:00,0,0,0,FMN GV 18 Kasterlee
84,Oudemolsedijk,2018-09-02,02:00:00,0,0,0,FMN GV 18 Kasterlee
84,Oudemolsedijk,2018-09-02,03:00:00,0,0,0,FMN GV 18 Kasterlee
84,Oudemolsedijk,2018-09-02,04:00:00,0,0,0,FMN GV 18 Kasterlee
84,Oudemolsedijk,2018-09-02,05:00:00,0,0,0,FMN GV 18 Kasterlee
84,Oudemolsedijk,2018-09-02,06:00:00,0,0,0,FMN GV 18 Kasterlee
84,Oudemolsedijk,2018-09-02,07:00:00,6,1,5,FMN GV 18 Kasterlee
84,Oudemolsedijk,2018-09-02,08:00:00,36,20,16,FMN GV 18 Kasterlee
84,Oudemolsedijk,2018-09-02,09:00:00,65,19,46,FMN GV 18 Kasterlee
84,Oudemolsedijk,2018-09-02,10:00:00,116,56,60,FMN GV 18 Kasterlee
84,Oudemolsedijk,2018-09-02,11:00:00,82,43,39,FMN GV 18 Kasterlee
84,Oudemolsedijk,2018-09-02,12:00:00,69,44,25,FMN GV 18 Kasterlee
84,Oudemolsedijk,2018-09-02,13:00:00,77,30,47,FMN GV 18 Kasterlee
84,Oudemolsedijk,2018-09-02,14:00:00,185,104,81,FMN GV 18 Kasterlee
84,Oudemolsedijk,2018-09-02,15:00:00,149,57,92,FMN GV 18 Kasterlee
84,Oudemolsedijk,2018-09-02,16:00:00,101,45,56,FMN GV 18 Kasterlee
84,Oudemolsedijk,2018-09-02,17:00:00,71,44,27,FMN GV 18 Kasterlee
84,Oudemolsedijk,2018-09-02,18:00:00,37,12,25,FMN GV 18 Kasterlee
84,Oudemolsedijk,2018-09-02,19:00:00,13,6,7,FMN GV 18 Kasterlee
84,Oudemolsedijk,2018-09-02,20:00:00,13,5,8,FMN GV 18 Kasterlee
84,Oudemolsedijk,2018-09-02,21:00:00,0,0,0,FMN GV 18 Kasterlee
84,Oudemolsedijk,2018-09-02,22:00:00,2,0,2,FMN GV 18 Kasterlee
84,Oudemolsedijk,2018-09-02,23:00:00,0,0,0,FMN GV 18 Kasterlee
84,Oudemolsedijk,2018-09-03,00:00:00,0,0,0,FMN GV 18 Kasterlee
84,Oudemolsedijk,2018-09-03,01:00:00,0,0,0,FMN GV 18 Kasterlee
84,Oudemolsedijk,2018-09-03,02:00:00,0,0,0,FMN GV 18 Kasterlee
84,Oudemolsedijk,2018-09-03,03:00:00,0,0,0,FMN GV 18 Kasterlee
84,Oudemolsedijk,2018-09-03,04:00:00,1,1,0,FMN GV 18 Kasterlee
84,Oudemolsedijk,2018-09-03,05:00:00,1,1,0,FMN GV 18 Kasterlee
84,Oudemolsedijk,2018-09-03,06:00:00,7,4,3,FMN GV 18 Kasterlee
84,Oudemolsedijk,2018-09-03,07:00:00,23,13,10,FMN GV 18 Kasterlee
84,Oudemolsedijk,2018-09-03,08:00:00,29,19,10,FMN GV 18 Kasterlee
84,Oudemolsedijk,2018-09-03,09:00:00,11,7,4,FMN GV 18 Kasterlee
84,Oudemolsedijk,2018-09-03,10:00:00,21,7,14,FMN GV 18 Kasterlee
84,Oudemolsedijk,2018-09-03,11:00:00,18,8,10,FMN GV 18 Kasterlee
84,Oudemolsedijk,2018-09-03,12:00:00,15,7,8,FMN GV 18 Kasterlee
84,Oudemolsedijk,2018-09-03,13:00:00,34,10,24,FMN GV 18 Kasterlee
84,Oudemolsedijk,2018-09-03,14:00:00,12,7,5,FMN GV 18 Kasterlee
84,Oudemolsedijk,2018-09-03,15:00:00,57,41,16,FMN GV 18 Kasterlee
84,Oudemolsedijk,2018-09-03,16:00:00,82,42,40,FMN GV 18 Kasterlee
84,Oudemolsedijk,2018-09-03,17:00:00,22,11,11,FMN GV 18 Kasterlee
84,Oudemolsedijk,2018-09-03,18:00:00,10,7,3,FMN GV 18 Kasterlee
84,Oudemolsedijk,2018-09-03,19:00:00,16,6,10,FMN GV 18 Kasterlee
84,Oudemolsedijk,2018-09-03,20:00:00,3,2,1,FMN GV 18 Kasterlee
84,Oudemolsedijk,2018-09-03,21:00:00,1,1,0,FMN GV 18 Kasterlee
84,Oudemolsedijk,2018-09-03,22:00:00,2,2,0,FMN GV 18 Kasterlee
84,Oudemolsedijk,2018-09-03,23:00:00,1,0,1,FMN GV 18 Kasterlee
84,Oudemolsedijk,2018-09-04,00:00:00,0,0,0,FMN GV 18 Kasterlee
84,Oudemolsedijk,2018-09-04,01:00:00,0,0,0,FMN GV 18 Kasterlee
84,Oudemolsedijk,2018-09-04,02:00:00,0,0,0,FMN GV 18 Kasterlee
84,Oudemolsedijk,2018-09-04,03:00:00,0,0,0,FMN GV 18 Kasterlee
84,Oudemolsedijk,2018-09-04,04:00:00,3,3,0,FMN GV 18 Kasterlee
84,Oudemolsedijk,2018-09-04,05:00:00,2,2,0,FMN GV 18 Kasterlee
84,Oudemolsedijk,2018-09-04,06:00:00,8,4,4,FMN GV 18 Kasterlee
84,Oudemolsedijk,2018-09-04,07:00:00,17,9,8,FMN GV 18 Kasterlee
84,Oudemolsedijk,2018-09-04,08:00:00,22,13,9,FMN GV 18 Kasterlee
84,Oudemolsedijk,2018-09-04,09:00:00,7,4,3,FMN GV 18 Kasterlee
84,Oudemolsedijk,2018-09-04,10:00:00,32,19,13,FMN GV 18 Kasterlee
84,Oudemolsedijk,2018-09-04,11:00:00,38,30,8,FMN GV 18 Kasterlee
84,Oudemolsedijk,2018-09-04,12:00:00,40,34,6,FMN GV 18 Kasterlee
84,Oudemolsedijk,2018-09-04,13:00:00,47,13,34,FMN GV 18 Kasterlee
84,Oudemolsedijk,2018-09-04,14:00:00,59,23,36,FMN GV 18 Kasterlee
84,Oudemolsedijk,2018-09-04,15:00:00,73,51,22,FMN GV 18 Kasterlee
84,Oudemolsedijk,2018-09-04,16:00:00,92,60,32,FMN GV 18 Kasterlee
84,Oudemolsedijk,2018-09-04,17:00:00,33,17,16,FMN GV 18 Kasterlee
84,Oudemolsedijk,2018-09-04,18:00:00,26,13,13,FMN GV 18 Kasterlee
84,Oudemolsedijk,2018-09-04,19:00:00,34,23,11,FMN GV 18 Kasterlee
84,Oudemolsedijk,2018-09-04,20:00:00,13,4,9,FMN GV 18 Kasterlee
84,Oudemolsedijk,2018-09-04,21:00:00,8,6,2,FMN GV 18 Kasterlee
84,Oudemolsedijk,2018-09-04,22:00:00,3,3,0,FMN GV 18 Kasterlee
84,Oudemolsedijk,2018-09-04,23:00:00,3,2,1,FMN GV 18 Kasterlee
84,Oudemolsedijk,2018-09-05,00:00:00,0,0,0,FMN GV 18 Kasterlee
84,Oudemolsedijk,2018-09-05,01:00:00,0,0,0,FMN GV 18 Kasterlee
84,Oudemolsedijk,2018-09-05,02:00:00,0,0,0,FMN GV 18 Kasterlee
84,Oudemolsedijk,2018-09-05,03:00:00,0,0,0,FMN GV 18 Kasterlee
84,Oudemolsedijk,2018-09-05,04:00:00,2,2,0,FMN GV 18 Kasterlee
84,Oudemolsedijk,2018-09-05,05:00:00,1,1,0,FMN GV 18 Kasterlee
84,Oudemolsedijk,2018-09-05,06:00:00,10,5,5,FMN GV 18 Kasterlee
84,Oudemolsedijk,2018-09-05,07:00:00,22,11,11,FMN GV 18 Kasterlee
84,Oudemolsedijk,2018-09-05,08:00:00,18,11,7,FMN GV 18 Kasterlee
84,Oudemolsedijk,2018-09-05,09:00:00,12,7,5,FMN GV 18 Kasterlee
84,Oudemolsedijk,2018-09-05,10:00:00,12,7,5,FMN GV 18 Kasterlee
84,Oudemolsedijk,2018-09-05,11:00:00,29,21,8,FMN GV 18 Kasterlee
84,Oudemolsedijk,2018-09-05,12:00:00,22,9,13,FMN GV 18 Kasterlee
84,Oudemolsedijk,2018-09-05,13:00:00,44,22,22,FMN GV 18 Kasterlee
84,Oudemolsedijk,2018-09-05,14:00:00,54,24,30,FMN GV 18 Kasterlee
84,Oudemolsedijk,2018-09-05,15:00:00,39,16,23,FMN GV 18 Kasterlee
84,Oudemolsedijk,2018-09-05,16:00:00,50,33,17,FMN GV 18 Kasterlee
84,Oudemolsedijk,2018-09-05,17:00:00,46,19,27,FMN GV 18 Kasterlee
84,Oudemolsedijk,2018-09-05,18:00:00,26,18,8,FMN GV 18 Kasterlee
84,Oudemolsedijk,2018-09-05,19:00:00,60,47,13,FMN GV 18 Kasterlee
84,Oudemolsedijk,2018-09-05,20:00:00,32,19,13,FMN GV 18 Kasterlee
84,Oudemolsedijk,2018-09-05,21:00:00,1,0,1,FMN GV 18 Kasterlee
84,Oudemolsedijk,2018-09-05,22:00:00,1,0,1,FMN GV 18 Kasterlee
84,Oudemolsedijk,2018-09-05,23:00:00,0,0,0,FMN GV 18 Kasterlee
84,Oudemolsedijk,2018-09-06,00:00:00,0,0,0,FMN GV 18 Kasterlee
84,Oudemolsedijk,2018-09-06,01:00:00,0,0,0,FMN GV 18 Kasterlee
84,Oudemolsedijk,2018-09-06,02:00:00,0,0,0,FMN GV 18 Kasterlee
84,Oudemolsedijk,2018-09-06,03:00:00,0,0,0,FMN GV 18 Kasterlee
84,Oudemolsedijk,2018-09-06,04:00:00,3,3,0,FMN GV 18 Kasterlee
84,Oudemolsedijk,2018-09-06,05:00:00,2,2,0,FMN GV 18 Kasterlee
84,Oudemolsedijk,2018-09-06,06:00:00,6,3,3,FMN GV 18 Kasterlee
84,Oudemolsedijk,2018-09-06,07:00:00,13,8,5,FMN GV 18 Kasterlee
84,Oudemolsedijk,2018-09-06,08:00:00,17,9,8,FMN GV 18 Kasterlee
84,Oudemolsedijk,2018-09-06,09:00:00,7,1,6,FMN GV 18 Kasterlee
84,Oudemolsedijk,2018-09-06,10:00:00,14,7,7,FMN GV 18 Kasterlee
84,Oudemolsedijk,2018-09-06,11:00:00,10,4,6,FMN GV 18 Kasterlee
84,Oudemolsedijk,2018-09-06,12:00:00,15,7,8,FMN GV 18 Kasterlee
84,Oudemolsedijk,2018-09-06,13:00:00,13,3,10,FMN GV 18 Kasterlee
84,Oudemolsedijk,2018-09-06,14:00:00,32,16,16,FMN GV 18 Kasterlee
84,Oudemolsedijk,2018-09-06,15:00:00,19,17,2,FMN GV 18 Kasterlee
84,Oudemolsedijk,2018-09-06,16:00:00,56,20,36,FMN GV 18 Kasterlee
84,Oudemolsedijk,2018-09-06,17:00:00,37,12,25,FMN GV 18 Kasterlee
84,Oudemolsedijk,2018-09-06,18:00:00,22,6,16,FMN GV 18 Kasterlee
84,Oudemolsedijk,2018-09-06,19:00:00,18,7,11,FMN GV 18 Kasterlee
84,Oudemolsedijk,2018-09-06,20:00:00,20,14,6,FMN GV 18 Kasterlee
84,Oudemolsedijk,2018-09-06,21:00:00,0,0,0,FMN GV 18 Kasterlee
84,Oudemolsedijk,2018-09-06,22:00:00,2,1,1,FMN GV 18 Kasterlee
84,Oudemolsedijk,2018-09-06,23:00:00,0,0,0,FMN GV 18 Kasterlee
84,Oudemolsedijk,2018-09-07,00:00:00,0,0,0,FMN GV 18 Kasterlee
84,Oudemolsedijk,2018-09-07,01:00:00,1,0,1,FMN GV 18 Kasterlee
84,Oudemolsedijk,2018-09-07,02:00:00,0,0,0,FMN GV 18 Kasterlee
84,Oudemolsedijk,2018-09-07,03:00:00,1,1,0,FMN GV 18 Kasterlee
84,Oudemolsedijk,2018-09-07,04:00:00,2,2,0,FMN GV 18 Kasterlee
84,Oudemolsedijk,2018-09-07,05:00:00,1,1,0,FMN GV 18 Kasterlee
84,Oudemolsedijk,2018-09-07,06:00:00,6,3,3,FMN GV 18 Kasterlee
84,Oudemolsedijk,2018-09-07,07:00:00,7,3,4,FMN GV 18 Kasterlee
84,Oudemolsedijk,2018-09-07,08:00:00,12,5,7,FMN GV 18 Kasterlee
84,Oudemolsedijk,2018-09-07,09:00:00,4,2,2,FMN GV 18 Kasterlee
84,Oudemolsedijk,2018-09-07,10:00:00,4,3,1,FMN GV 18 Kasterlee
84,Oudemolsedijk,2018-09-07,11:00:00,14,10,4,FMN GV 18 Kasterlee
84,Oudemolsedijk,2018-09-07,12:00:00,12,8,4,FMN GV 18 Kasterlee
84,Oudemolsedijk,2018-09-07,13:00:00,14,7,7,FMN GV 18 Kasterlee
84,Oudemolsedijk,2018-09-07,14:00:00,32,13,19,FMN GV 18 Kasterlee
84,Oudemolsedijk,2018-09-07,15:00:00,24,14,10,FMN GV 18 Kasterlee
84,Oudemolsedijk,2018-09-07,16:00:00,41,27,14,FMN GV 18 Kasterlee
84,Oudemolsedijk,2018-09-07,17:00:00,17,10,7,FMN GV 18 Kasterlee
84,Oudemolsedijk,2018-09-07,18:00:00,13,6,7,FMN GV 18 Kasterlee
84,Oudemolsedijk,2018-09-07,19:00:00,13,7,6,FMN GV 18 Kasterlee
84,Oudemolsedijk,2018-09-07,20:00:00,1,1,0,FMN GV 18 Kasterlee
84,Oudemolsedijk,2018-09-07,21:00:00,4,0,4,FMN GV 18 Kasterlee
84,Oudemolsedijk,2018-09-07,22:00:00,3,3,0,FMN GV 18 Kasterlee
84,Oudemolsedijk,2018-09-07,23:00:00,0,0,0,FMN GV 18 Kasterlee
84,Oudemolsedijk,2018-09-08,00:00:00,0,0,0,FMN GV 18 Kasterlee
84,Oudemolsedijk,2018-09-08,01:00:00,2,0,2,FMN GV 18 Kasterlee
84,Oudemolsedijk,2018-09-08,02:00:00,0,0,0,FMN GV 18 Kasterlee
84,Oudemolsedijk,2018-09-08,03:00:00,0,0,0,FMN GV 18 Kasterlee
84,Oudemolsedijk,2018-09-08,04:00:00,0,0,0,FMN GV 18 Kasterlee
84,Oudemolsedijk,2018-09-08,05:00:00,0,0,0,FMN GV 18 Kasterlee
84,Oudemolsedijk,2018-09-08,06:00:00,0,0,0,FMN GV 18 Kasterlee
84,Oudemolsedijk,2018-09-08,07:00:00,0,0,0,FMN GV 18 Kasterlee
84,Oudemolsedijk,2018-09-08,08:00:00,28,5,23,FMN GV 18 Kasterlee
84,Oudemolsedijk,2018-09-08,09:00:00,65,18,47,FMN GV 18 Kasterlee
84,Oudemolsedijk,2018-09-08,10:00:00,28,16,12,FMN GV 18 Kasterlee
84,Oudemolsedijk,2018-09-08,11:00:00,34,23,11,FMN GV 18 Kasterlee
84,Oudemolsedijk,2018-09-08,12:00:00,29,15,14,FMN GV 18 Kasterlee
84,Oudemolsedijk,2018-09-08,13:00:00,78,39,39,FMN GV 18 Kasterlee
84,Oudemolsedijk,2018-09-08,14:00:00,69,29,40,FMN GV 18 Kasterlee
84,Oudemolsedijk,2018-09-08,15:00:00,58,35,23,FMN GV 18 Kasterlee
84,Oudemolsedijk,2018-09-08,16:00:00,64,27,37,FMN GV 18 Kasterlee
84,Oudemolsedijk,2018-09-08,17:00:00,22,16,6,FMN GV 18 Kasterlee
84,Oudemolsedijk,2018-09-08,18:00:00,19,6,13,FMN GV 18 Kasterlee
84,Oudemolsedijk,2018-09-08,19:00:00,3,2,1,FMN GV 18 Kasterlee
84,Oudemolsedijk,2018-09-08,20:00:00,8,3,5,FMN GV 18 Kasterlee
84,Oudemolsedijk,2018-09-08,21:00:00,0,0,0,FMN GV 18 Kasterlee
84,Oudemolsedijk,2018-09-08,22:00:00,2,2,0,FMN GV 18 Kasterlee
84,Oudemolsedijk,2018-09-08,23:00:00,0,0,0,FMN GV 18 Kasterlee
84,Oudemolsedijk,2018-09-09,00:00:00,1,0,1,FMN GV 18 Kasterlee
84,Oudemolsedijk,2018-09-09,01:00:00,1,0,1,FMN GV 18 Kasterlee
84,Oudemolsedijk,2018-09-09,02:00:00,0,0,0,FMN GV 18 Kasterlee
84,Oudemolsedijk,2018-09-09,03:00:00,0,0,0,FMN GV 18 Kasterlee
84,Oudemolsedijk,2018-09-09,04:00:00,0,0,0,FMN GV 18 Kasterlee
84,Oudemolsedijk,2018-09-09,05:00:00,0,0,0,FMN GV 18 Kasterlee
84,Oudemolsedijk,2018-09-09,06:00:00,0,0,0,FMN GV 18 Kasterlee
84,Oudemolsedijk,2018-09-09,07:00:00,6,2,4,FMN GV 18 Kasterlee
84,Oudemolsedijk,2018-09-09,08:00:00,24,17,7,FMN GV 18 Kasterlee
84,Oudemolsedijk,2018-09-09,09:00:00,66,31,35,FMN GV 18 Kasterlee
84,Oudemolsedijk,2018-09-09,10:00:00,103,52,51,FMN GV 18 Kasterlee
84,Oudemolsedijk,2018-09-09,11:00:00,58,27,31,FMN GV 18 Kasterlee
84,Oudemolsedijk,2018-09-09,12:00:00,86,54,32,FMN GV 18 Kasterlee
84,Oudemolsedijk,2018-09-09,13:00:00,90,24,66,FMN GV 18 Kasterlee
84,Oudemolsedijk,2018-09-09,14:00:00,125,70,55,FMN GV 18 Kasterlee
84,Oudemolsedijk,2018-09-09,15:00:00,117,65,52,FMN GV 18 Kasterlee
84,Oudemolsedijk,2018-09-09,16:00:00,102,39,63,FMN GV 18 Kasterlee
84,Oudemolsedijk,2018-09-09,17:00:00,67,39,28,FMN GV 18 Kasterlee
84,Oudemolsedijk,2018-09-09,18:00:00,43,28,15,FMN GV 18 Kasterlee
84,Oudemolsedijk,2018-09-09,19:00:00,18,12,6,FMN GV 18 Kasterlee
84,Oudemolsedijk,2018-09-09,20:00:00,7,3,4,FMN GV 18 Kasterlee
84,Oudemolsedijk,2018-09-09,21:00:00,0,0,0,FMN GV 18 Kasterlee
84,Oudemolsedijk,2018-09-09,22:00:00,0,0,0,FMN GV 18 Kasterlee
84,Oudemolsedijk,2018-09-09,23:00:00,0,0,0,FMN GV 18 Kasterlee
84,Oudemolsedijk,2018-09-10,00:00:00,0,0,0,FMN GV 18 Kasterlee
84,Oudemolsedijk,2018-09-10,01:00:00,0,0,0,FMN GV 18 Kasterlee
84,Oudemolsedijk,2018-09-10,02:00:00,0,0,0,FMN GV 18 Kasterlee
84,Oudemolsedijk,2018-09-10,03:00:00,0,0,0,FMN GV 18 Kasterlee
84,Oudemolsedijk,2018-09-10,04:00:00,1,1,0,FMN GV 18 Kasterlee
84,Oudemolsedijk,2018-09-10,05:00:00,5,3,2,FMN GV 18 Kasterlee
84,Oudemolsedijk,2018-09-10,06:00:00,11,7,4,FMN GV 18 Kasterlee
84,Oudemolsedijk,2018-09-10,07:00:00,25,12,13,FMN GV 18 Kasterlee
84,Oudemolsedijk,2018-09-10,08:00:00,26,15,11,FMN GV 18 Kasterlee
84,Oudemolsedijk,2018-09-10,09:00:00,8,3,5,FMN GV 18 Kasterlee
84,Oudemolsedijk,2018-09-10,10:00:00,25,11,14,FMN GV 18 Kasterlee
84,Oudemolsedijk,2018-09-10,11:00:00,9,4,5,FMN GV 18 Kasterlee
84,Oudemolsedijk,2018-09-10,12:00:00,23,8,15,FMN GV 18 Kasterlee
84,Oudemolsedijk,2018-09-10,13:00:00,48,23,25,FMN GV 18 Kasterlee
84,Oudemolsedijk,2018-09-10,14:00:00,37,22,15,FMN GV 18 Kasterlee
84,Oudemolsedijk,2018-09-10,15:00:00,49,25,24,FMN GV 18 Kasterlee
84,Oudemolsedijk,2018-09-10,16:00:00,73,35,38,FMN GV 18 Kasterlee
84,Oudemolsedijk,2018-09-10,17:00:00,46,29,17,FMN GV 18 Kasterlee
84,Oudemolsedijk,2018-09-10,18:00:00,10,5,5,FMN GV 18 Kasterlee
84,Oudemolsedijk,2018-09-10,19:00:00,15,9,6,FMN GV 18 Kasterlee
84,Oudemolsedijk,2018-09-10,20:00:00,5,3,2,FMN GV 18 Kasterlee
84,Oudemolsedijk,2018-09-10,21:00:00,1,0,1,FMN GV 18 Kasterlee
84,Oudemolsedijk,2018-09-10,22:00:00,3,0,3,FMN GV 18 Kasterlee
84,Oudemolsedijk,2018-09-10,23:00:00,0,0,0,FMN GV 18 Kasterlee
84,Oudemolsedijk,2018-09-11,00:00:00,0,0,0,FMN GV 18 Kasterlee
84,Oudemolsedijk,2018-09-11,01:00:00,0,0,0,FMN GV 18 Kasterlee
84,Oudemolsedijk,2018-09-11,02:00:00,0,0,0,FMN GV 18 Kasterlee
84,Oudemolsedijk,2018-09-11,03:00:00,0,0,0,FMN GV 18 Kasterlee
84,Oudemolsedijk,2018-09-11,04:00:00,1,1,0,FMN GV 18 Kasterlee
84,Oudemolsedijk,2018-09-11,05:00:00,2,2,0,FMN GV 18 Kasterlee
84,Oudemolsedijk,2018-09-11,06:00:00,11,7,4,FMN GV 18 Kasterlee
84,Oudemolsedijk,2018-09-11,07:00:00,37,15,22,FMN GV 18 Kasterlee
84,Oudemolsedijk,2018-09-11,08:00:00,26,14,12,FMN GV 18 Kasterlee
84,Oudemolsedijk,2018-09-11,09:00:00,9,5,4,FMN GV 18 Kasterlee
84,Oudemolsedijk,2018-09-11,10:00:00,19,11,8,FMN GV 18 Kasterlee
84,Oudemolsedijk,2018-09-11,11:00:00,17,10,7,FMN GV 18 Kasterlee
84,Oudemolsedijk,2018-09-11,12:00:00,30,13,17,FMN GV 18 Kasterlee
84,Oudemolsedijk,2018-09-11,13:00:00,55,25,30,FMN GV 18 Kasterlee
84,Oudemolsedijk,2018-09-11,14:00:00,96,70,26,FMN GV 18 Kasterlee
84,Oudemolsedijk,2018-09-11,15:00:00,99,69,30,FMN GV 18 Kasterlee
84,Oudemolsedijk,2018-09-11,16:00:00,121,73,48,FMN GV 18 Kasterlee
84,Oudemolsedijk,2018-09-11,17:00:00,43,27,16,FMN GV 18 Kasterlee
84,Oudemolsedijk,2018-09-11,18:00:00,42,22,20,FMN GV 18 Kasterlee
84,Oudemolsedijk,2018-09-11,19:00:00,48,16,32,FMN GV 18 Kasterlee
84,Oudemolsedijk,2018-09-11,20:00:00,9,2,7,FMN GV 18 Kasterlee
84,Oudemolsedijk,2018-09-11,21:00:00,3,1,2,FMN GV 18 Kasterlee
84,Oudemolsedijk,2018-09-11,22:00:00,5,2,3,FMN GV 18 Kasterlee
84,Oudemolsedijk,2018-09-11,23:00:00,1,0,1,FMN GV 18 Kasterlee
84,Oudemolsedijk,2018-09-12,00:00:00,0,0,0,FMN GV 18 Kasterlee
84,Oudemolsedijk,2018-09-12,01:00:00,0,0,0,FMN GV 18 Kasterlee
84,Oudemolsedijk,2018-09-12,02:00:00,0,0,0,FMN GV 18 Kasterlee
84,Oudemolsedijk,2018-09-12,03:00:00,0,0,0,FMN GV 18 Kasterlee
84,Oudemolsedijk,2018-09-12,04:00:00,1,1,0,FMN GV 18 Kasterlee
84,Oudemolsedijk,2018-09-12,05:00:00,2,1,1,FMN GV 18 Kasterlee
84,Oudemolsedijk,2018-09-12,06:00:00,10,7,3,FMN GV 18 Kasterlee
84,Oudemolsedijk,2018-09-12,07:00:00,23,14,9,FMN GV 18 Kasterlee
84,Oudemolsedijk,2018-09-12,08:00:00,23,16,7,FMN GV 18 Kasterlee
84,Oudemolsedijk,2018-09-12,09:00:00,13,8,5,FMN GV 18 Kasterlee
84,Oudemolsedijk,2018-09-12,10:00:00,10,6,4,FMN GV 18 Kasterlee
84,Oudemolsedijk,2018-09-12,11:00:00,17,7,10,FMN GV 18 Kasterlee
84,Oudemolsedijk,2018-09-12,12:00:00,34,20,14,FMN GV 18 Kasterlee
84,Oudemolsedijk,2018-09-12,13:00:00,9,4,5,FMN GV 18 Kasterlee
84,Oudemolsedijk,2018-09-12,14:00:00,42,26,16,FMN GV 18 Kasterlee
84,Oudemolsedijk,2018-09-12,15:00:00,11,8,3,FMN GV 18 Kasterlee
84,Oudemolsedijk,2018-09-12,16:00:00,16,9,7,FMN GV 18 Kasterlee
84,Oudemolsedijk,2018-09-12,17:00:00,19,13,6,FMN GV 18 Kasterlee
84,Oudemolsedijk,2018-09-12,18:00:00,25,15,10,FMN GV 18 Kasterlee
84,Oudemolsedijk,2018-09-12,19:00:00,32,27,5,FMN GV 18 Kasterlee
84,Oudemolsedijk,2018-09-12,20:00:00,21,17,4,FMN GV 18 Kasterlee
84,Oudemolsedijk,2018-09-12,21:00:00,1,0,1,FMN GV 18 Kasterlee
84,Oudemolsedijk,2018-09-12,22:00:00,0,0,0,FMN GV 18 Kasterlee
84,Oudemolsedijk,2018-09-12,23:00:00,3,3,0,FMN GV 18 Kasterlee
84,Oudemolsedijk,2018-09-13,00:00:00,0,0,0,FMN GV 18 Kasterlee
84,Oudemolsedijk,2018-09-13,01:00:00,0,0,0,FMN GV 18 Kasterlee
84,Oudemolsedijk,2018-09-13,02:00:00,0,0,0,FMN GV 18 Kasterlee
84,Oudemolsedijk,2018-09-13,03:00:00,0,0,0,FMN GV 18 Kasterlee
84,Oudemolsedijk,2018-09-13,04:00:00,1,1,0,FMN GV 18 Kasterlee
84,Oudemolsedijk,2018-09-13,05:00:00,1,1,0,FMN GV 18 Kasterlee
84,Oudemolsedijk,2018-09-13,06:00:00,12,7,5,FMN GV 18 Kasterlee
84,Oudemolsedijk,2018-09-13,07:00:00,27,14,13,FMN GV 18 Kasterlee
84,Oudemolsedijk,2018-09-13,08:00:00,16,12,4,FMN GV 18 Kasterlee
84,Oudemolsedijk,2018-09-13,09:00:00,19,5,14,FMN GV 18 Kasterlee
84,Oudemolsedijk,2018-09-13,10:00:00,17,11,6,FMN GV 18 Kasterlee
84,Oudemolsedijk,2018-09-13,11:00:00,30,19,11,FMN GV 18 Kasterlee
84,Oudemolsedijk,2018-09-13,12:00:00,19,10,9,FMN GV 18 Kasterlee
84,Oudemolsedijk,2018-09-13,13:00:00,59,25,34,FMN GV 18 Kasterlee
84,Oudemolsedijk,2018-09-13,14:00:00,40,15,25,FMN GV 18 Kasterlee
84,Oudemolsedijk,2018-09-13,15:00:00,54,31,23,FMN GV 18 Kasterlee
84,Oudemolsedijk,2018-09-13,16:00:00,74,31,43,FMN GV 18 Kasterlee
84,Oudemolsedijk,2018-09-13,17:00:00,36,15,21,FMN GV 18 Kasterlee
84,Oudemolsedijk,2018-09-13,18:00:00,37,9,28,FMN GV 18 Kasterlee
84,Oudemolsedijk,2018-09-13,19:00:00,35,28,7,FMN GV 18 Kasterlee
84,Oudemolsedijk,2018-09-13,20:00:00,4,3,1,FMN GV 18 Kasterlee
84,Oudemolsedijk,2018-09-13,21:00:00,6,1,5,FMN GV 18 Kasterlee
84,Oudemolsedijk,2018-09-13,22:00:00,2,1,1,FMN GV 18 Kasterlee
84,Oudemolsedijk,2018-09-13,23:00:00,0,0,0,FMN GV 18 Kasterlee
84,Oudemolsedijk,2018-09-14,00:00:00,0,0,0,FMN GV 18 Kasterlee
84,Oudemolsedijk,2018-09-14,01:00:00,0,0,0,FMN GV 18 Kasterlee
84,Oudemolsedijk,2018-09-14,02:00:00,0,0,0,FMN GV 18 Kasterlee
84,Oudemolsedijk,2018-09-14,03:00:00,0,0,0,FMN GV 18 Kasterlee
84,Oudemolsedijk,2018-09-14,04:00:00,2,2,0,FMN GV 18 Kasterlee
84,Oudemolsedijk,2018-09-14,05:00:00,3,2,1,FMN GV 18 Kasterlee
84,Oudemolsedijk,2018-09-14,06:00:00,6,3,3,FMN GV 18 Kasterlee
84,Oudemolsedijk,2018-09-14,07:00:00,19,13,6,FMN GV 18 Kasterlee
84,Oudemolsedijk,2018-09-14,08:00:00,23,16,7,FMN GV 18 Kasterlee
84,Oudemolsedijk,2018-09-14,09:00:00,12,4,8,FMN GV 18 Kasterlee
84,Oudemolsedijk,2018-09-14,10:00:00,10,7,3,FMN GV 18 Kasterlee
84,Oudemolsedijk,2018-09-14,11:00:00,6,4,2,FMN GV 18 Kasterlee
84,Oudemolsedijk,2018-09-14,12:00:00,27,15,12,FMN GV 18 Kasterlee
84,Oudemolsedijk,2018-09-14,13:00:00,29,19,10,FMN GV 18 Kasterlee
84,Oudemolsedijk,2018-09-14,14:00:00,73,48,25,FMN GV 18 Kasterlee
84,Oudemolsedijk,2018-09-14,15:00:00,31,15,16,FMN GV 18 Kasterlee
84,Oudemolsedijk,2018-09-14,16:00:00,62,29,33,FMN GV 18 Kasterlee
84,Oudemolsedijk,2018-09-14,17:00:00,24,11,13,FMN GV 18 Kasterlee
84,Oudemolsedijk,2018-09-14,18:00:00,18,7,11,FMN GV 18 Kasterlee
84,Oudemolsedijk,2018-09-14,19:00:00,16,10,6,FMN GV 18 Kasterlee
84,Oudemolsedijk,2018-09-14,20:00:00,2,1,1,FMN GV 18 Kasterlee
84,Oudemolsedijk,2018-09-14,21:00:00,0,0,0,FMN GV 18 Kasterlee
84,Oudemolsedijk,2018-09-14,22:00:00,0,0,0,FMN GV 18 Kasterlee
84,Oudemolsedijk,2018-09-14,23:00:00,3,1,2,FMN GV 18 Kasterlee
84,Oudemolsedijk,2018-09-15,00:00:00,2,2,0,FMN GV 18 Kasterlee
84,Oudemolsedijk,2018-09-15,01:00:00,0,0,0,FMN GV 18 Kasterlee
84,Oudemolsedijk,2018-09-15,02:00:00,0,0,0,FMN GV 18 Kasterlee
84,Oudemolsedijk,2018-09-15,03:00:00,0,0,0,FMN GV 18 Kasterlee
84,Oudemolsedijk,2018-09-15,04:00:00,0,0,0,FMN GV 18 Kasterlee
84,Oudemolsedijk,2018-09-15,05:00:00,0,0,0,FMN GV 18 Kasterlee
84,Oudemolsedijk,2018-09-15,06:00:00,0,0,0,FMN GV 18 Kasterlee
84,Oudemolsedijk,2018-09-15,07:00:00,1,1,0,FMN GV 18 Kasterlee
84,Oudemolsedijk,2018-09-15,08:00:00,2,1,1,FMN GV 18 Kasterlee
84,Oudemolsedijk,2018-09-15,09:00:00,22,4,18,FMN GV 18 Kasterlee
84,Oudemolsedijk,2018-09-15,10:00:00,19,13,6,FMN GV 18 Kasterlee
84,Oudemolsedijk,2018-09-15,11:00:00,23,12,11,FMN GV 18 Kasterlee
84,Oudemolsedijk,2018-09-15,12:00:00,29,13,16,FMN GV 18 Kasterlee
84,Oudemolsedijk,2018-09-15,13:00:00,49,23,26,FMN GV 18 Kasterlee
84,Oudemolsedijk,2018-09-15,14:00:00,56,27,29,FMN GV 18 Kasterlee
84,Oudemolsedijk,2018-09-15,15:00:00,96,37,59,FMN GV 18 Kasterlee
84,Oudemolsedijk,2018-09-15,16:00:00,35,17,18,FMN GV 18 Kasterlee
84,Oudemolsedijk,2018-09-15,17:00:00,32,18,14,FMN GV 18 Kasterlee
84,Oudemolsedijk,2018-09-15,18:00:00,10,7,3,FMN GV 18 Kasterlee
84,Oudemolsedijk,2018-09-15,19:00:00,8,4,4,FMN GV 18 Kasterlee
84,Oudemolsedijk,2018-09-15,20:00:00,3,1,2,FMN GV 18 Kasterlee
84,Oudemolsedijk,2018-09-15,21:00:00,6,0,6,FMN GV 18 Kasterlee
84,Oudemolsedijk,2018-09-15,22:00:00,4,1,3,FMN GV 18 Kasterlee
84,Oudemolsedijk,2018-09-15,23:00:00,2,0,2,FMN GV 18 Kasterlee
84,Oudemolsedijk,2018-09-16,00:00:00,0,0,0,FMN GV 18 Kasterlee
84,Oudemolsedijk,2018-09-16,01:00:00,3,2,1,FMN GV 18 Kasterlee
84,Oudemolsedijk,2018-09-16,02:00:00,0,0,0,FMN GV 18 Kasterlee
84,Oudemolsedijk,2018-09-16,03:00:00,0,0,0,FMN GV 18 Kasterlee
84,Oudemolsedijk,2018-09-16,04:00:00,0,0,0,FMN GV 18 Kasterlee
84,Oudemolsedijk,2018-09-16,05:00:00,0,0,0,FMN GV 18 Kasterlee
84,Oudemolsedijk,2018-09-16,06:00:00,0,0,0,FMN GV 18 Kasterlee
84,Oudemolsedijk,2018-09-16,07:00:00,22,14,8,FMN GV 18 Kasterlee
84,Oudemolsedijk,2018-09-16,08:00:00,29,24,5,FMN GV 18 Kasterlee
84,Oudemolsedijk,2018-09-16,09:00:00,35,11,24,FMN GV 18 Kasterlee
84,Oudemolsedijk,2018-09-16,10:00:00,119,26,93,FMN GV 18 Kasterlee
84,Oudemolsedijk,2018-09-16,11:00:00,80,44,36,FMN GV 18 Kasterlee
84,Oudemolsedijk,2018-09-16,12:00:00,51,26,25,FMN GV 18 Kasterlee
84,Oudemolsedijk,2018-09-16,13:00:00,97,38,59,FMN GV 18 Kasterlee
84,Oudemolsedijk,2018-09-16,14:00:00,170,66,104,FMN GV 18 Kasterlee
84,Oudemolsedijk,2018-09-16,15:00:00,151,82,69,FMN GV 18 Kasterlee
84,Oudemolsedijk,2018-09-16,16:00:00,122,77,45,FMN GV 18 Kasterlee
84,Oudemolsedijk,2018-09-16,17:00:00,80,55,25,FMN GV 18 Kasterlee
84,Oudemolsedijk,2018-09-16,18:00:00,27,18,9,FMN GV 18 Kasterlee
84,Oudemolsedijk,2018-09-16,19:00:00,16,11,5,FMN GV 18 Kasterlee
84,Oudemolsedijk,2018-09-16,20:00:00,6,3,3,FMN GV 18 Kasterlee
84,Oudemolsedijk,2018-09-16,21:00:00,0,0,0,FMN GV 18 Kasterlee
84,Oudemolsedijk,2018-09-16,22:00:00,1,0,1,FMN GV 18 Kasterlee
84,Oudemolsedijk,2018-09-16,23:00:00,0,0,0,FMN GV 18 Kasterlee
84,Oudemolsedijk,2018-09-17,00:00:00,0,0,0,FMN GV 18 Kasterlee
84,Oudemolsedijk,2018-09-17,01:00:00,0,0,0,FMN GV 18 Kasterlee
84,Oudemolsedijk,2018-09-17,02:00:00,0,0,0,FMN GV 18 Kasterlee
84,Oudemolsedijk,2018-09-17,03:00:00,0,0,0,FMN GV 18 Kasterlee
84,Oudemolsedijk,2018-09-17,04:00:00,2,2,0,FMN GV 18 Kasterlee
84,Oudemolsedijk,2018-09-17,05:00:00,2,1,1,FMN GV 18 Kasterlee
84,Oudemolsedijk,2018-09-17,06:00:00,9,6,3,FMN GV 18 Kasterlee
84,Oudemolsedijk,2018-09-17,07:00:00,28,16,12,FMN GV 18 Kasterlee
84,Oudemolsedijk,2018-09-17,08:00:00,20,13,7,FMN GV 18 Kasterlee
84,Oudemolsedijk,2018-09-17,09:00:00,10,3,7,FMN GV 18 Kasterlee
84,Oudemolsedijk,2018-09-17,10:00:00,26,21,5,FMN GV 18 Kasterlee
84,Oudemolsedijk,2018-09-17,11:00:00,17,5,12,FMN GV 18 Kasterlee
84,Oudemolsedijk,2018-09-17,12:00:00,23,8,15,FMN GV 18 Kasterlee
84,Oudemolsedijk,2018-09-17,13:00:00,53,25,28,FMN GV 18 Kasterlee
84,Oudemolsedijk,2018-09-17,14:00:00,67,45,22,FMN GV 18 Kasterlee
84,Oudemolsedijk,2018-09-17,15:00:00,82,40,42,FMN GV 18 Kasterlee
84,Oudemolsedijk,2018-09-17,16:00:00,90,27,63,FMN GV 18 Kasterlee
84,Oudemolsedijk,2018-09-17,17:00:00,43,26,17,FMN GV 18 Kasterlee
84,Oudemolsedijk,2018-09-17,18:00:00,31,22,9,FMN GV 18 Kasterlee
84,Oudemolsedijk,2018-09-17,19:00:00,20,11,9,FMN GV 18 Kasterlee
84,Oudemolsedijk,2018-09-17,20:00:00,20,5,15,FMN GV 18 Kasterlee
84,Oudemolsedijk,2018-09-17,21:00:00,0,0,0,FMN GV 18 Kasterlee
84,Oudemolsedijk,2018-09-17,22:00:00,3,2,1,FMN GV 18 Kasterlee
84,Oudemolsedijk,2018-09-17,23:00:00,0,0,0,FMN GV 18 Kasterlee
84,Oudemolsedijk,2018-09-18,00:00:00,0,0,0,FMN GV 18 Kasterlee
84,Oudemolsedijk,2018-09-18,01:00:00,0,0,0,FMN GV 18 Kasterlee
84,Oudemolsedijk,2018-09-18,02:00:00,0,0,0,FMN GV 18 Kasterlee
84,Oudemolsedijk,2018-09-18,03:00:00,0,0,0,FMN GV 18 Kasterlee
84,Oudemolsedijk,2018-09-18,04:00:00,3,3,0,FMN GV 18 Kasterlee
84,Oudemolsedijk,2018-09-18,05:00:00,3,1,2,FMN GV 18 Kasterlee
84,Oudemolsedijk,2018-09-18,06:00:00,14,10,4,FMN GV 18 Kasterlee
84,Oudemolsedijk,2018-09-18,07:00:00,29,16,13,FMN GV 18 Kasterlee
84,Oudemolsedijk,2018-09-18,08:00:00,41,17,24,FMN GV 18 Kasterlee
84,Oudemolsedijk,2018-09-18,09:00:00,22,12,10,FMN GV 18 Kasterlee
84,Oudemolsedijk,2018-09-18,10:00:00,60,21,39,FMN GV 18 Kasterlee
84,Oudemolsedijk,2018-09-18,11:00:00,21,15,6,FMN GV 18 Kasterlee
84,Oudemolsedijk,2018-09-18,12:00:00,29,18,11,FMN GV 18 Kasterlee
84,Oudemolsedijk,2018-09-18,13:00:00,60,37,23,FMN GV 18 Kasterlee
84,Oudemolsedijk,2018-09-18,14:00:00,116,60,56,FMN GV 18 Kasterlee
84,Oudemolsedijk,2018-09-18,15:00:00,68,29,39,FMN GV 18 Kasterlee
84,Oudemolsedijk,2018-09-18,16:00:00,81,43,38,FMN GV 18 Kasterlee
84,Oudemolsedijk,2018-09-18,17:00:00,64,39,25,FMN GV 18 Kasterlee
84,Oudemolsedijk,2018-09-18,18:00:00,26,19,7,FMN GV 18 Kasterlee
84,Oudemolsedijk,2018-09-18,19:00:00,25,8,17,FMN GV 18 Kasterlee
84,Oudemolsedijk,2018-09-18,20:00:00,17,5,12,FMN GV 18 Kasterlee
84,Oudemolsedijk,2018-09-18,21:00:00,1,1,0,FMN GV 18 Kasterlee
84,Oudemolsedijk,2018-09-18,22:00:00,5,2,3,FMN GV 18 Kasterlee
84,Oudemolsedijk,2018-09-18,23:00:00,0,0,0,FMN GV 18 Kasterlee
84,Oudemolsedijk,2018-09-19,00:00:00,0,0,0,FMN GV 18 Kasterlee
84,Oudemolsedijk,2018-09-19,01:00:00,0,0,0,FMN GV 18 Kasterlee
84,Oudemolsedijk,2018-09-19,02:00:00,0,0,0,FMN GV 18 Kasterlee
84,Oudemolsedijk,2018-09-19,03:00:00,0,0,0,FMN GV 18 Kasterlee
84,Oudemolsedijk,2018-09-19,04:00:00,2,2,0,FMN GV 18 Kasterlee
84,Oudemolsedijk,2018-09-19,05:00:00,1,0,1,FMN GV 18 Kasterlee
84,Oudemolsedijk,2018-09-19,06:00:00,14,5,9,FMN GV 18 Kasterlee
84,Oudemolsedijk,2018-09-19,07:00:00,30,14,16,FMN GV 18 Kasterlee
84,Oudemolsedijk,2018-09-19,08:00:00,24,15,9,FMN GV 18 Kasterlee
84,Oudemolsedijk,2018-09-19,09:00:00,11,8,3,FMN GV 18 Kasterlee
84,Oudemolsedijk,2018-09-19,10:00:00,24,14,10,FMN GV 18 Kasterlee
84,Oudemolsedijk,2018-09-19,11:00:00,18,12,6,FMN GV 18 Kasterlee
84,Oudemolsedijk,2018-09-19,12:00:00,51,34,17,FMN GV 18 Kasterlee
84,Oudemolsedijk,2018-09-19,13:00:00,55,46,9,FMN GV 18 Kasterlee
84,Oudemolsedijk,2018-09-19,14:00:00,79,40,39,FMN GV 18 Kasterlee
84,Oudemolsedijk,2018-09-19,15:00:00,73,40,33,FMN GV 18 Kasterlee
84,Oudemolsedijk,2018-09-19,16:00:00,49,33,16,FMN GV 18 Kasterlee
84,Oudemolsedijk,2018-09-19,17:00:00,38,18,20,FMN GV 18 Kasterlee
84,Oudemolsedijk,2018-09-19,18:00:00,28,11,17,FMN GV 18 Kasterlee
84,Oudemolsedijk,2018-09-19,19:00:00,54,33,21,FMN GV 18 Kasterlee
84,Oudemolsedijk,2018-09-19,20:00:00,34,13,21,FMN GV 18 Kasterlee
84,Oudemolsedijk,2018-09-19,21:00:00,3,3,0,FMN GV 18 Kasterlee
84,Oudemolsedijk,2018-09-19,22:00:00,2,1,1,FMN GV 18 Kasterlee
84,Oudemolsedijk,2018-09-19,23:00:00,0,0,0,FMN GV 18 Kasterlee
84,Oudemolsedijk,2018-09-20,00:00:00,0,0,0,FMN GV 18 Kasterlee
84,Oudemolsedijk,2018-09-20,01:00:00,0,0,0,FMN GV 18 Kasterlee
84,Oudemolsedijk,2018-09-20,02:00:00,0,0,0,FMN GV 18 Kasterlee
84,Oudemolsedijk,2018-09-20,03:00:00,0,0,0,FMN GV 18 Kasterlee
84,Oudemolsedijk,2018-09-20,04:00:00,2,2,0,FMN GV 18 Kasterlee
84,Oudemolsedijk,2018-09-20,05:00:00,3,2,1,FMN GV 18 Kasterlee
84,Oudemolsedijk,2018-09-20,06:00:00,14,7,7,FMN GV 18 Kasterlee
84,Oudemolsedijk,2018-09-20,07:00:00,30,20,10,FMN GV 18 Kasterlee
84,Oudemolsedijk,2018-09-20,08:00:00,23,16,7,FMN GV 18 Kasterlee
84,Oudemolsedijk,2018-09-20,09:00:00,16,9,7,FMN GV 18 Kasterlee
84,Oudemolsedijk,2018-09-20,10:00:00,27,8,19,FMN GV 18 Kasterlee
84,Oudemolsedijk,2018-09-20,11:00:00,30,11,19,FMN GV 18 Kasterlee
84,Oudemolsedijk,2018-09-20,12:00:00,24,12,12,FMN GV 18 Kasterlee
84,Oudemolsedijk,2018-09-20,13:00:00,54,24,30,FMN GV 18 Kasterlee
84,Oudemolsedijk,2018-09-20,14:00:00,71,26,45,FMN GV 18 Kasterlee
84,Oudemolsedijk,2018-09-20,15:00:00,84,50,34,FMN GV 18 Kasterlee
84,Oudemolsedijk,2018-09-20,16:00:00,96,63,33,FMN GV 18 Kasterlee
84,Oudemolsedijk,2018-09-20,17:00:00,70,34,36,FMN GV 18 Kasterlee
84,Oudemolsedijk,2018-09-20,18:00:00,38,17,21,FMN GV 18 Kasterlee
84,Oudemolsedijk,2018-09-20,19:00:00,28,22,6,FMN GV 18 Kasterlee
84,Oudemolsedijk,2018-09-20,20:00:00,5,2,3,FMN GV 18 Kasterlee
84,Oudemolsedijk,2018-09-20,21:00:00,0,0,0,FMN GV 18 Kasterlee
84,Oudemolsedijk,2018-09-20,22:00:00,3,3,0,FMN GV 18 Kasterlee
84,Oudemolsedijk,2018-09-20,23:00:00,0,0,0,FMN GV 18 Kasterlee
84,Oudemolsedijk,2018-09-21,00:00:00,1,0,1,FMN GV 18 Kasterlee
84,Oudemolsedijk,2018-09-21,01:00:00,0,0,0,FMN GV 18 Kasterlee
84,Oudemolsedijk,2018-09-21,02:00:00,0,0,0,FMN GV 18 Kasterlee
84,Oudemolsedijk,2018-09-21,03:00:00,0,0,0,FMN GV 18 Kasterlee
84,Oudemolsedijk,2018-09-21,04:00:00,2,2,0,FMN GV 18 Kasterlee
84,Oudemolsedijk,2018-09-21,05:00:00,1,1,0,FMN GV 18 Kasterlee
84,Oudemolsedijk,2018-09-21,06:00:00,4,1,3,FMN GV 18 Kasterlee
84,Oudemolsedijk,2018-09-21,07:00:00,8,5,3,FMN GV 18 Kasterlee
84,Oudemolsedijk,2018-09-21,08:00:00,12,9,3,FMN GV 18 Kasterlee
84,Oudemolsedijk,2018-09-21,09:00:00,4,2,2,FMN GV 18 Kasterlee
84,Oudemolsedijk,2018-09-21,10:00:00,0,0,0,FMN GV 18 Kasterlee
84,Oudemolsedijk,2018-09-21,11:00:00,2,0,2,FMN GV 18 Kasterlee
84,Oudemolsedijk,2018-09-21,12:00:00,12,7,5,FMN GV 18 Kasterlee
84,Oudemolsedijk,2018-09-21,13:00:00,9,7,2,FMN GV 18 Kasterlee
84,Oudemolsedijk,2018-09-21,14:00:00,14,9,5,FMN GV 18 Kasterlee
84,Oudemolsedijk,2018-09-21,15:00:00,15,6,9,FMN GV 18 Kasterlee
84,Oudemolsedijk,2018-09-21,16:00:00,14,8,6,FMN GV 18 Kasterlee
84,Oudemolsedijk,2018-09-21,17:00:00,13,8,5,FMN GV 18 Kasterlee
84,Oudemolsedijk,2018-09-21,18:00:00,9,1,8,FMN GV 18 Kasterlee
84,Oudemolsedijk,2018-09-21,19:00:00,10,7,3,FMN GV 18 Kasterlee
84,Oudemolsedijk,2018-09-21,20:00:00,1,1,0,FMN GV 18 Kasterlee
84,Oudemolsedijk,2018-09-21,21:00:00,2,0,2,FMN GV 18 Kasterlee
84,Oudemolsedijk,2018-09-21,22:00:00,0,0,0,FMN GV 18 Kasterlee
84,Oudemolsedijk,2018-09-21,23:00:00,2,2,0,FMN GV 18 Kasterlee
84,Oudemolsedijk,2018-09-22,00:00:00,2,2,0,FMN GV 18 Kasterlee
84,Oudemolsedijk,2018-09-22,01:00:00,2,2,0,FMN GV 18 Kasterlee
84,Oudemolsedijk,2018-09-22,02:00:00,0,0,0,FMN GV 18 Kasterlee
84,Oudemolsedijk,2018-09-22,03:00:00,2,0,2,FMN GV 18 Kasterlee
84,Oudemolsedijk,2018-09-22,04:00:00,1,1,0,FMN GV 18 Kasterlee
84,Oudemolsedijk,2018-09-22,05:00:00,0,0,0,FMN GV 18 Kasterlee
84,Oudemolsedijk,2018-09-22,06:00:00,0,0,0,FMN GV 18 Kasterlee
84,Oudemolsedijk,2018-09-22,07:00:00,3,0,3,FMN GV 18 Kasterlee
84,Oudemolsedijk,2018-09-22,08:00:00,37,4,33,FMN GV 18 Kasterlee
84,Oudemolsedijk,2018-09-22,09:00:00,31,5,26,FMN GV 18 Kasterlee
84,Oudemolsedijk,2018-09-22,10:00:00,26,11,15,FMN GV 18 Kasterlee
84,Oudemolsedijk,2018-09-22,11:00:00,24,11,13,FMN GV 18 Kasterlee
84,Oudemolsedijk,2018-09-22,12:00:00,28,11,17,FMN GV 18 Kasterlee
84,Oudemolsedijk,2018-09-22,13:00:00,51,38,13,FMN GV 18 Kasterlee
84,Oudemolsedijk,2018-09-22,14:00:00,66,48,18,FMN GV 18 Kasterlee
84,Oudemolsedijk,2018-09-22,15:00:00,29,18,11,FMN GV 18 Kasterlee
84,Oudemolsedijk,2018-09-22,16:00:00,19,14,5,FMN GV 18 Kasterlee
84,Oudemolsedijk,2018-09-22,17:00:00,12,11,1,FMN GV 18 Kasterlee
84,Oudemolsedijk,2018-09-22,18:00:00,3,2,1,FMN GV 18 Kasterlee
84,Oudemolsedijk,2018-09-22,19:00:00,0,0,0,FMN GV 18 Kasterlee
84,Oudemolsedijk,2018-09-22,20:00:00,2,0,2,FMN GV 18 Kasterlee
84,Oudemolsedijk,2018-09-22,21:00:00,0,0,0,FMN GV 18 Kasterlee
84,Oudemolsedijk,2018-09-22,22:00:00,0,0,0,FMN GV 18 Kasterlee
84,Oudemolsedijk,2018-09-22,23:00:00,0,0,0,FMN GV 18 Kasterlee
84,Oudemolsedijk,2018-09-23,00:00:00,1,0,1,FMN GV 18 Kasterlee
84,Oudemolsedijk,2018-09-23,01:00:00,0,0,0,FMN GV 18 Kasterlee
84,Oudemolsedijk,2018-09-23,02:00:00,0,0,0,FMN GV 18 Kasterlee
84,Oudemolsedijk,2018-09-23,03:00:00,0,0,0,FMN GV 18 Kasterlee
84,Oudemolsedijk,2018-09-23,04:00:00,0,0,0,FMN GV 18 Kasterlee
84,Oudemolsedijk,2018-09-23,05:00:00,0,0,0,FMN GV 18 Kasterlee
84,Oudemolsedijk,2018-09-23,06:00:00,0,0,0,FMN GV 18 Kasterlee
84,Oudemolsedijk,2018-09-23,07:00:00,6,0,6,FMN GV 18 Kasterlee
84,Oudemolsedijk,2018-09-23,08:00:00,4,1,3,FMN GV 18 Kasterlee
84,Oudemolsedijk,2018-09-23,09:00:00,15,9,6,FMN GV 18 Kasterlee
84,Oudemolsedijk,2018-09-23,10:00:00,25,9,16,FMN GV 18 Kasterlee
84,Oudemolsedijk,2018-09-23,11:00:00,9,4,5,FMN GV 18 Kasterlee
84,Oudemolsedijk,2018-09-23,12:00:00,9,4,5,FMN GV 18 Kasterlee
84,Oudemolsedijk,2018-09-23,13:00:00,2,1,1,FMN GV 18 Kasterlee
84,Oudemolsedijk,2018-09-23,14:00:00,1,1,0,FMN GV 18 Kasterlee
84,Oudemolsedijk,2018-09-23,15:00:00,0,0,0,FMN GV 18 Kasterlee
84,Oudemolsedijk,2018-09-23,16:00:00,1,0,1,FMN GV 18 Kasterlee
84,Oudemolsedijk,2018-09-23,17:00:00,0,0,0,FMN GV 18 Kasterlee
84,Oudemolsedijk,2018-09-23,18:00:00,1,0,1,FMN GV 18 Kasterlee
84,Oudemolsedijk,2018-09-23,19:00:00,1,0,1,FMN GV 18 Kasterlee
84,Oudemolsedijk,2018-09-23,20:00:00,0,0,0,FMN GV 18 Kasterlee
84,Oudemolsedijk,2018-09-23,21:00:00,1,0,1,FMN GV 18 Kasterlee
84,Oudemolsedijk,2018-09-23,22:00:00,0,0,0,FMN GV 18 Kasterlee
84,Oudemolsedijk,2018-09-23,23:00:00,0,0,0,FMN GV 18 Kasterlee
84,Oudemolsedijk,2018-09-24,00:00:00,0,0,0,FMN GV 18 Kasterlee
84,Oudemolsedijk,2018-09-24,01:00:00,0,0,0,FMN GV 18 Kasterlee
84,Oudemolsedijk,2018-09-24,02:00:00,0,0,0,FMN GV 18 Kasterlee
84,Oudemolsedijk,2018-09-24,03:00:00,0,0,0,FMN GV 18 Kasterlee
84,Oudemolsedijk,2018-09-24,04:00:00,0,0,0,FMN GV 18 Kasterlee
84,Oudemolsedijk,2018-09-24,05:00:00,3,3,0,FMN GV 18 Kasterlee
84,Oudemolsedijk,2018-09-24,06:00:00,3,0,3,FMN GV 18 Kasterlee
84,Oudemolsedijk,2018-09-24,07:00:00,20,11,9,FMN GV 18 Kasterlee
84,Oudemolsedijk,2018-09-24,08:00:00,19,15,4,FMN GV 18 Kasterlee
84,Oudemolsedijk,2018-09-24,09:00:00,6,3,3,FMN GV 18 Kasterlee
84,Oudemolsedijk,2018-09-24,10:00:00,6,4,2,FMN GV 18 Kasterlee
84,Oudemolsedijk,2018-09-24,11:00:00,9,6,3,FMN GV 18 Kasterlee
84,Oudemolsedijk,2018-09-24,12:00:00,12,10,2,FMN GV 18 Kasterlee
84,Oudemolsedijk,2018-09-24,13:00:00,18,9,9,FMN GV 18 Kasterlee
84,Oudemolsedijk,2018-09-24,14:00:00,28,14,14,FMN GV 18 Kasterlee
84,Oudemolsedijk,2018-09-24,15:00:00,34,15,19,FMN GV 18 Kasterlee
84,Oudemolsedijk,2018-09-24,16:00:00,38,19,19,FMN GV 18 Kasterlee
84,Oudemolsedijk,2018-09-24,17:00:00,21,10,11,FMN GV 18 Kasterlee
84,Oudemolsedijk,2018-09-24,18:00:00,16,9,7,FMN GV 18 Kasterlee
84,Oudemolsedijk,2018-09-24,19:00:00,12,5,7,FMN GV 18 Kasterlee
84,Oudemolsedijk,2018-09-24,20:00:00,3,1,2,FMN GV 18 Kasterlee
84,Oudemolsedijk,2018-09-24,21:00:00,6,3,3,FMN GV 18 Kasterlee
84,Oudemolsedijk,2018-09-24,22:00:00,3,0,3,FMN GV 18 Kasterlee
84,Oudemolsedijk,2018-09-24,23:00:00,0,0,0,FMN GV 18 Kasterlee
84,Oudemolsedijk,2018-09-25,00:00:00,0,0,0,FMN GV 18 Kasterlee
84,Oudemolsedijk,2018-09-25,01:00:00,0,0,0,FMN GV 18 Kasterlee
84,Oudemolsedijk,2018-09-25,02:00:00,0,0,0,FMN GV 18 Kasterlee
84,Oudemolsedijk,2018-09-25,03:00:00,0,0,0,FMN GV 18 Kasterlee
84,Oudemolsedijk,2018-09-25,04:00:00,1,0,1,FMN GV 18 Kasterlee
84,Oudemolsedijk,2018-09-25,05:00:00,2,2,0,FMN GV 18 Kasterlee
84,Oudemolsedijk,2018-09-25,06:00:00,11,4,7,FMN GV 18 Kasterlee
84,Oudemolsedijk,2018-09-25,07:00:00,28,19,9,FMN GV 18 Kasterlee
84,Oudemolsedijk,2018-09-25,08:00:00,20,12,8,FMN GV 18 Kasterlee
84,Oudemolsedijk,2018-09-25,09:00:00,9,2,7,FMN GV 18 Kasterlee
84,Oudemolsedijk,2018-09-25,10:00:00,10,8,2,FMN GV 18 Kasterlee
84,Oudemolsedijk,2018-09-25,11:00:00,18,10,8,FMN GV 18 Kasterlee
84,Oudemolsedijk,2018-09-25,12:00:00,29,11,18,FMN GV 18 Kasterlee
84,Oudemolsedijk,2018-09-25,13:00:00,50,16,34,FMN GV 18 Kasterlee
84,Oudemolsedijk,2018-09-25,14:00:00,94,62,32,FMN GV 18 Kasterlee
84,Oudemolsedijk,2018-09-25,15:00:00,89,38,51,FMN GV 18 Kasterlee
84,Oudemolsedijk,2018-09-25,16:00:00,82,46,36,FMN GV 18 Kasterlee
84,Oudemolsedijk,2018-09-25,17:00:00,41,30,11,FMN GV 18 Kasterlee
84,Oudemolsedijk,2018-09-25,18:00:00,25,14,11,FMN GV 18 Kasterlee
84,Oudemolsedijk,2018-09-25,19:00:00,29,10,19,FMN GV 18 Kasterlee
84,Oudemolsedijk,2018-09-25,20:00:00,8,3,5,FMN GV 18 Kasterlee
84,Oudemolsedijk,2018-09-25,21:00:00,1,0,1,FMN GV 18 Kasterlee
84,Oudemolsedijk,2018-09-25,22:00:00,1,1,0,FMN GV 18 Kasterlee
84,Oudemolsedijk,2018-09-25,23:00:00,0,0,0,FMN GV 18 Kasterlee
84,Oudemolsedijk,2018-09-26,00:00:00,0,0,0,FMN GV 18 Kasterlee
84,Oudemolsedijk,2018-09-26,01:00:00,0,0,0,FMN GV 18 Kasterlee
84,Oudemolsedijk,2018-09-26,02:00:00,0,0,0,FMN GV 18 Kasterlee
84,Oudemolsedijk,2018-09-26,03:00:00,0,0,0,FMN GV 18 Kasterlee
84,Oudemolsedijk,2018-09-26,04:00:00,0,0,0,FMN GV 18 Kasterlee
84,Oudemolsedijk,2018-09-26,05:00:00,2,2,0,FMN GV 18 Kasterlee
84,Oudemolsedijk,2018-09-26,06:00:00,10,8,2,FMN GV 18 Kasterlee
84,Oudemolsedijk,2018-09-26,07:00:00,16,10,6,FMN GV 18 Kasterlee
84,Oudemolsedijk,2018-09-26,08:00:00,23,17,6,FMN GV 18 Kasterlee
84,Oudemolsedijk,2018-09-26,09:00:00,10,7,3,FMN GV 18 Kasterlee
84,Oudemolsedijk,2018-09-26,10:00:00,9,7,2,FMN GV 18 Kasterlee
84,Oudemolsedijk,2018-09-26,11:00:00,12,5,7,FMN GV 18 Kasterlee
84,Oudemolsedijk,2018-09-26,12:00:00,20,10,10,FMN GV 18 Kasterlee
84,Oudemolsedijk,2018-09-26,13:00:00,50,26,24,FMN GV 18 Kasterlee
84,Oudemolsedijk,2018-09-26,14:00:00,102,69,33,FMN GV 18 Kasterlee
84,Oudemolsedijk,2018-09-26,15:00:00,86,40,46,FMN GV 18 Kasterlee
84,Oudemolsedijk,2018-09-26,16:00:00,77,33,44,FMN GV 18 Kasterlee
84,Oudemolsedijk,2018-09-26,17:00:00,43,20,23,FMN GV 18 Kasterlee
84,Oudemolsedijk,2018-09-26,18:00:00,39,24,15,FMN GV 18 Kasterlee
84,Oudemolsedijk,2018-09-26,19:00:00,32,24,8,FMN GV 18 Kasterlee
84,Oudemolsedijk,2018-09-26,20:00:00,3,1,2,FMN GV 18 Kasterlee
84,Oudemolsedijk,2018-09-26,21:00:00,4,3,1,FMN GV 18 Kasterlee
84,Oudemolsedijk,2018-09-26,22:00:00,1,0,1,FMN GV 18 Kasterlee
84,Oudemolsedijk,2018-09-26,23:00:00,0,0,0,FMN GV 18 Kasterlee
84,Oudemolsedijk,2018-09-27,00:00:00,0,0,0,FMN GV 18 Kasterlee
84,Oudemolsedijk,2018-09-27,01:00:00,0,0,0,FMN GV 18 Kasterlee
84,Oudemolsedijk,2018-09-27,02:00:00,0,0,0,FMN GV 18 Kasterlee
84,Oudemolsedijk,2018-09-27,03:00:00,0,0,0,FMN GV 18 Kasterlee
84,Oudemolsedijk,2018-09-27,04:00:00,0,0,0,FMN GV 18 Kasterlee
84,Oudemolsedijk,2018-09-27,05:00:00,1,1,0,FMN GV 18 Kasterlee
84,Oudemolsedijk,2018-09-27,06:00:00,7,3,4,FMN GV 18 Kasterlee
84,Oudemolsedijk,2018-09-27,07:00:00,26,17,9,FMN GV 18 Kasterlee
84,Oudemolsedijk,2018-09-27,08:00:00,22,15,7,FMN GV 18 Kasterlee
84,Oudemolsedijk,2018-09-27,09:00:00,6,4,2,FMN GV 18 Kasterlee
84,Oudemolsedijk,2018-09-27,10:00:00,34,22,12,FMN GV 18 Kasterlee
84,Oudemolsedijk,2018-09-27,11:00:00,32,23,9,FMN GV 18 Kasterlee
84,Oudemolsedijk,2018-09-27,12:00:00,64,49,15,FMN GV 18 Kasterlee
84,Oudemolsedijk,2018-09-27,13:00:00,85,37,48,FMN GV 18 Kasterlee
84,Oudemolsedijk,2018-09-27,14:00:00,106,56,50,FMN GV 18 Kasterlee
84,Oudemolsedijk,2018-09-27,15:00:00,77,44,33,FMN GV 18 Kasterlee
84,Oudemolsedijk,2018-09-27,16:00:00,107,64,43,FMN GV 18 Kasterlee
84,Oudemolsedijk,2018-09-27,17:00:00,55,28,27,FMN GV 18 Kasterlee
84,Oudemolsedijk,2018-09-27,18:00:00,32,10,22,FMN GV 18 Kasterlee
84,Oudemolsedijk,2018-09-27,19:00:00,34,16,18,FMN GV 18 Kasterlee
84,Oudemolsedijk,2018-09-27,20:00:00,7,2,5,FMN GV 18 Kasterlee
84,Oudemolsedijk,2018-09-27,21:00:00,2,1,1,FMN GV 18 Kasterlee
84,Oudemolsedijk,2018-09-27,22:00:00,3,0,3,FMN GV 18 Kasterlee
84,Oudemolsedijk,2018-09-27,23:00:00,1,1,0,FMN GV 18 Kasterlee
84,Oudemolsedijk,2018-09-28,00:00:00,0,0,0,FMN GV 18 Kasterlee
84,Oudemolsedijk,2018-09-28,01:00:00,0,0,0,FMN GV 18 Kasterlee
84,Oudemolsedijk,2018-09-28,02:00:00,0,0,0,FMN GV 18 Kasterlee
84,Oudemolsedijk,2018-09-28,03:00:00,0,0,0,FMN GV 18 Kasterlee
84,Oudemolsedijk,2018-09-28,04:00:00,0,0,0,FMN GV 18 Kasterlee
84,Oudemolsedijk,2018-09-28,05:00:00,1,1,0,FMN GV 18 Kasterlee
84,Oudemolsedijk,2018-09-28,06:00:00,10,7,3,FMN GV 18 Kasterlee
84,Oudemolsedijk,2018-09-28,07:00:00,16,5,11,FMN GV 18 Kasterlee
84,Oudemolsedijk,2018-09-28,08:00:00,26,18,8,FMN GV 18 Kasterlee
84,Oudemolsedijk,2018-09-28,09:00:00,6,2,4,FMN GV 18 Kasterlee
84,Oudemolsedijk,2018-09-28,10:00:00,9,5,4,FMN GV 18 Kasterlee
84,Oudemolsedijk,2018-09-28,11:00:00,20,9,11,FMN GV 18 Kasterlee
84,Oudemolsedijk,2018-09-28,12:00:00,8,6,2,FMN GV 18 Kasterlee
84,Oudemolsedijk,2018-09-28,13:00:00,12,10,2,FMN GV 18 Kasterlee
84,Oudemolsedijk,2018-09-28,14:00:00,22,9,13,FMN GV 18 Kasterlee
84,Oudemolsedijk,2018-09-28,15:00:00,22,11,11,FMN GV 18 Kasterlee
84,Oudemolsedijk,2018-09-28,16:00:00,42,26,16,FMN GV 18 Kasterlee
84,Oudemolsedijk,2018-09-28,17:00:00,21,8,13,FMN GV 18 Kasterlee
84,Oudemolsedijk,2018-09-28,18:00:00,12,5,7,FMN GV 18 Kasterlee
84,Oudemolsedijk,2018-09-28,19:00:00,25,17,8,FMN GV 18 Kasterlee
84,Oudemolsedijk,2018-09-28,20:00:00,3,2,1,FMN GV 18 Kasterlee
84,Oudemolsedijk,2018-09-28,21:00:00,22,0,22,FMN GV 18 Kasterlee
84,Oudemolsedijk,2018-09-28,22:00:00,3,1,2,FMN GV 18 Kasterlee
84,Oudemolsedijk,2018-09-28,23:00:00,0,0,0,FMN GV 18 Kasterlee
84,Oudemolsedijk,2018-09-29,00:00:00,1,0,1,FMN GV 18 Kasterlee
84,Oudemolsedijk,2018-09-29,01:00:00,0,0,0,FMN GV 18 Kasterlee
84,Oudemolsedijk,2018-09-29,02:00:00,0,0,0,FMN GV 18 Kasterlee
84,Oudemolsedijk,2018-09-29,03:00:00,0,0,0,FMN GV 18 Kasterlee
84,Oudemolsedijk,2018-09-29,04:00:00,0,0,0,FMN GV 18 Kasterlee
84,Oudemolsedijk,2018-09-29,05:00:00,0,0,0,FMN GV 18 Kasterlee
84,Oudemolsedijk,2018-09-29,06:00:00,2,2,0,FMN GV 18 Kasterlee
84,Oudemolsedijk,2018-09-29,07:00:00,1,0,1,FMN GV 18 Kasterlee
84,Oudemolsedijk,2018-09-29,08:00:00,22,2,20,FMN GV 18 Kasterlee
84,Oudemolsedijk,2018-09-29,09:00:00,31,7,24,FMN GV 18 Kasterlee
84,Oudemolsedijk,2018-09-29,10:00:00,37,5,32,FMN GV 18 Kasterlee
84,Oudemolsedijk,2018-09-29,11:00:00,31,23,8,FMN GV 18 Kasterlee
84,Oudemolsedijk,2018-09-29,12:00:00,42,23,19,FMN GV 18 Kasterlee
84,Oudemolsedijk,2018-09-29,13:00:00,47,30,17,FMN GV 18 Kasterlee
84,Oudemolsedijk,2018-09-29,14:00:00,70,42,28,FMN GV 18 Kasterlee
84,Oudemolsedijk,2018-09-29,15:00:00,65,38,27,FMN GV 18 Kasterlee
84,Oudemolsedijk,2018-09-29,16:00:00,61,36,25,FMN GV 18 Kasterlee
84,Oudemolsedijk,2018-09-29,17:00:00,35,22,13,FMN GV 18 Kasterlee
84,Oudemolsedijk,2018-09-29,18:00:00,17,10,7,FMN GV 18 Kasterlee
84,Oudemolsedijk,2018-09-29,19:00:00,8,3,5,FMN GV 18 Kasterlee
84,Oudemolsedijk,2018-09-29,20:00:00,3,1,2,FMN GV 18 Kasterlee
84,Oudemolsedijk,2018-09-29,21:00:00,2,0,2,FMN GV 18 Kasterlee
84,Oudemolsedijk,2018-09-29,22:00:00,2,0,2,FMN GV 18 Kasterlee
84,Oudemolsedijk,2018-09-29,23:00:00,3,0,3,FMN GV 18 Kasterlee
84,Oudemolsedijk,2018-09-30,00:00:00,0,0,0,FMN GV 18 Kasterlee
84,Oudemolsedijk,2018-09-30,01:00:00,0,0,0,FMN GV 18 Kasterlee
84,Oudemolsedijk,2018-09-30,02:00:00,2,0,2,FMN GV 18 Kasterlee
84,Oudemolsedijk,2018-09-30,03:00:00,0,0,0,FMN GV 18 Kasterlee
84,Oudemolsedijk,2018-09-30,04:00:00,0,0,0,FMN GV 18 Kasterlee
84,Oudemolsedijk,2018-09-30,05:00:00,0,0,0,FMN GV 18 Kasterlee
84,Oudemolsedijk,2018-09-30,06:00:00,0,0,0,FMN GV 18 Kasterlee
84,Oudemolsedijk,2018-09-30,07:00:00,4,1,3,FMN GV 18 Kasterlee
84,Oudemolsedijk,2018-09-30,08:00:00,38,9,29,FMN GV 18 Kasterlee
84,Oudemolsedijk,2018-09-30,09:00:00,27,19,8,FMN GV 18 Kasterlee
84,Oudemolsedijk,2018-09-30,10:00:00,117,54,63,FMN GV 18 Kasterlee
84,Oudemolsedijk,2018-09-30,11:00:00,67,26,41,FMN GV 18 Kasterlee
84,Oudemolsedijk,2018-09-30,12:00:00,38,17,21,FMN GV 18 Kasterlee
84,Oudemolsedijk,2018-09-30,13:00:00,57,29,28,FMN GV 18 Kasterlee
84,Oudemolsedijk,2018-09-30,14:00:00,104,56,48,FMN GV 18 Kasterlee
84,Oudemolsedijk,2018-09-30,15:00:00,81,48,33,FMN GV 18 Kasterlee
84,Oudemolsedijk,2018-09-30,16:00:00,71,35,36,FMN GV 18 Kasterlee
84,Oudemolsedijk,2018-09-30,17:00:00,32,15,17,FMN GV 18 Kasterlee
84,Oudemolsedijk,2018-09-30,18:00:00,19,13,6,FMN GV 18 Kasterlee
84,Oudemolsedijk,2018-09-30,19:00:00,7,3,4,FMN GV 18 Kasterlee
84,Oudemolsedijk,2018-09-30,20:00:00,4,3,1,FMN GV 18 Kasterlee
84,Oudemolsedijk,2018-09-30,21:00:00,1,1,0,FMN GV 18 Kasterlee
84,Oudemolsedijk,2018-09-30,22:00:00,0,0,0,FMN GV 18 Kasterlee
84,Oudemolsedijk,2018-09-30,23:00:00,1,0,1,FMN GV 18 Kasterlee
84,Oudemolsedijk,2018-10-01,00:00:00,0,0,0,FMN GV 18 Kasterlee
84,Oudemolsedijk,2018-10-01,01:00:00,0,0,0,FMN GV 18 Kasterlee
84,Oudemolsedijk,2018-10-01,02:00:00,0,0,0,FMN GV 18 Kasterlee
84,Oudemolsedijk,2018-10-01,03:00:00,0,0,0,FMN GV 18 Kasterlee
84,Oudemolsedijk,2018-10-01,04:00:00,1,1,0,FMN GV 18 Kasterlee
84,Oudemolsedijk,2018-10-01,05:00:00,0,0,0,FMN GV 18 Kasterlee
84,Oudemolsedijk,2018-10-01,06:00:00,4,3,1,FMN GV 18 Kasterlee
84,Oudemolsedijk,2018-10-01,07:00:00,15,7,8,FMN GV 18 Kasterlee
84,Oudemolsedijk,2018-10-01,08:00:00,14,10,4,FMN GV 18 Kasterlee
84,Oudemolsedijk,2018-10-01,09:00:00,2,0,2,FMN GV 18 Kasterlee
84,Oudemolsedijk,2018-10-01,10:00:00,2,2,0,FMN GV 18 Kasterlee
84,Oudemolsedijk,2018-10-01,11:00:00,2,2,0,FMN GV 18 Kasterlee
84,Oudemolsedijk,2018-10-01,12:00:00,8,3,5,FMN GV 18 Kasterlee
84,Oudemolsedijk,2018-10-01,13:00:00,17,5,12,FMN GV 18 Kasterlee
84,Oudemolsedijk,2018-10-01,14:00:00,14,10,4,FMN GV 18 Kasterlee
84,Oudemolsedijk,2018-10-01,15:00:00,12,6,6,FMN GV 18 Kasterlee
84,Oudemolsedijk,2018-10-01,16:00:00,16,9,7,FMN GV 18 Kasterlee
84,Oudemolsedijk,2018-10-01,17:00:00,17,7,10,FMN GV 18 Kasterlee
84,Oudemolsedijk,2018-10-01,18:00:00,8,3,5,FMN GV 18 Kasterlee
84,Oudemolsedijk,2018-10-01,19:00:00,5,2,3,FMN GV 18 Kasterlee
84,Oudemolsedijk,2018-10-01,20:00:00,1,0,1,FMN GV 18 Kasterlee
84,Oudemolsedijk,2018-10-01,21:00:00,0,0,0,FMN GV 18 Kasterlee
84,Oudemolsedijk,2018-10-01,22:00:00,2,1,1,FMN GV 18 Kasterlee
84,Oudemolsedijk,2018-10-01,23:00:00,0,0,0,FMN GV 18 Kasterlee
84,Oudemolsedijk,2018-10-02,00:00:00,0,0,0,FMN GV 18 Kasterlee
84,Oudemolsedijk,2018-10-02,01:00:00,0,0,0,FMN GV 18 Kasterlee
84,Oudemolsedijk,2018-10-02,02:00:00,0,0,0,FMN GV 18 Kasterlee
84,Oudemolsedijk,2018-10-02,03:00:00,0,0,0,FMN GV 18 Kasterlee
84,Oudemolsedijk,2018-10-02,04:00:00,2,2,0,FMN GV 18 Kasterlee
84,Oudemolsedijk,2018-10-02,05:00:00,0,0,0,FMN GV 18 Kasterlee
84,Oudemolsedijk,2018-10-02,06:00:00,4,2,2,FMN GV 18 Kasterlee
84,Oudemolsedijk,2018-10-02,07:00:00,14,9,5,FMN GV 18 Kasterlee
84,Oudemolsedijk,2018-10-02,08:00:00,11,7,4,FMN GV 18 Kasterlee
84,Oudemolsedijk,2018-10-02,09:00:00,9,0,9,FMN GV 18 Kasterlee
84,Oudemolsedijk,2018-10-02,10:00:00,4,4,0,FMN GV 18 Kasterlee
84,Oudemolsedijk,2018-10-02,11:00:00,1,1,0,FMN GV 18 Kasterlee
84,Oudemolsedijk,2018-10-02,12:00:00,3,3,0,FMN GV 18 Kasterlee
84,Oudemolsedijk,2018-10-02,13:00:00,4,1,3,FMN GV 18 Kasterlee
84,Oudemolsedijk,2018-10-02,14:00:00,22,18,4,FMN GV 18 Kasterlee
84,Oudemolsedijk,2018-10-02,15:00:00,17,8,9,FMN GV 18 Kasterlee
84,Oudemolsedijk,2018-10-02,16:00:00,12,6,6,FMN GV 18 Kasterlee
84,Oudemolsedijk,2018-10-02,17:00:00,21,7,14,FMN GV 18 Kasterlee
84,Oudemolsedijk,2018-10-02,18:00:00,13,3,10,FMN GV 18 Kasterlee
84,Oudemolsedijk,2018-10-02,19:00:00,7,2,5,FMN GV 18 Kasterlee
84,Oudemolsedijk,2018-10-02,20:00:00,4,1,3,FMN GV 18 Kasterlee
84,Oudemolsedijk,2018-10-02,21:00:00,1,1,0,FMN GV 18 Kasterlee
84,Oudemolsedijk,2018-10-02,22:00:00,0,0,0,FMN GV 18 Kasterlee
84,Oudemolsedijk,2018-10-02,23:00:00,0,0,0,FMN GV 18 Kasterlee
84,Oudemolsedijk,2018-10-03,00:00:00,0,0,0,FMN GV 18 Kasterlee
84,Oudemolsedijk,2018-10-03,01:00:00,0,0,0,FMN GV 18 Kasterlee
84,Oudemolsedijk,2018-10-03,02:00:00,0,0,0,FMN GV 18 Kasterlee
84,Oudemolsedijk,2018-10-03,03:00:00,0,0,0,FMN GV 18 Kasterlee
84,Oudemolsedijk,2018-10-03,04:00:00,2,2,0,FMN GV 18 Kasterlee
84,Oudemolsedijk,2018-10-03,05:00:00,1,1,0,FMN GV 18 Kasterlee
84,Oudemolsedijk,2018-10-03,06:00:00,9,6,3,FMN GV 18 Kasterlee
84,Oudemolsedijk,2018-10-03,07:00:00,19,12,7,FMN GV 18 Kasterlee
84,Oudemolsedijk,2018-10-03,08:00:00,20,12,8,FMN GV 18 Kasterlee
84,Oudemolsedijk,2018-10-03,09:00:00,22,15,7,FMN GV 18 Kasterlee
84,Oudemolsedijk,2018-10-03,10:00:00,14,8,6,FMN GV 18 Kasterlee
84,Oudemolsedijk,2018-10-03,11:00:00,9,5,4,FMN GV 18 Kasterlee
84,Oudemolsedijk,2018-10-03,12:00:00,28,14,14,FMN GV 18 Kasterlee
84,Oudemolsedijk,2018-10-03,13:00:00,33,13,20,FMN GV 18 Kasterlee
84,Oudemolsedijk,2018-10-03,14:00:00,65,31,34,FMN GV 18 Kasterlee
84,Oudemolsedijk,2018-10-03,15:00:00,44,23,21,FMN GV 18 Kasterlee
84,Oudemolsedijk,2018-10-03,16:00:00,61,19,42,FMN GV 18 Kasterlee
84,Oudemolsedijk,2018-10-03,17:00:00,49,34,15,FMN GV 18 Kasterlee
84,Oudemolsedijk,2018-10-03,18:00:00,12,10,2,FMN GV 18 Kasterlee
84,Oudemolsedijk,2018-10-03,19:00:00,13,10,3,FMN GV 18 Kasterlee
84,Oudemolsedijk,2018-10-03,20:00:00,23,6,17,FMN GV 18 Kasterlee
84,Oudemolsedijk,2018-10-03,21:00:00,0,0,0,FMN GV 18 Kasterlee
84,Oudemolsedijk,2018-10-03,22:00:00,3,3,0,FMN GV 18 Kasterlee
84,Oudemolsedijk,2018-10-03,23:00:00,0,0,0,FMN GV 18 Kasterlee
84,Oudemolsedijk,2018-10-04,00:00:00,0,0,0,FMN GV 18 Kasterlee
84,Oudemolsedijk,2018-10-04,01:00:00,0,0,0,FMN GV 18 Kasterlee
84,Oudemolsedijk,2018-10-04,02:00:00,0,0,0,FMN GV 18 Kasterlee
84,Oudemolsedijk,2018-10-04,03:00:00,0,0,0,FMN GV 18 Kasterlee
84,Oudemolsedijk,2018-10-04,04:00:00,3,3,0,FMN GV 18 Kasterlee
84,Oudemolsedijk,2018-10-04,05:00:00,3,3,0,FMN GV 18 Kasterlee
84,Oudemolsedijk,2018-10-04,06:00:00,8,5,3,FMN GV 18 Kasterlee
84,Oudemolsedijk,2018-10-04,07:00:00,33,19,14,FMN GV 18 Kasterlee
84,Oudemolsedijk,2018-10-04,08:00:00,20,10,10,FMN GV 18 Kasterlee
84,Oudemolsedijk,2018-10-04,09:00:00,33,12,21,FMN GV 18 Kasterlee
84,Oudemolsedijk,2018-10-04,10:00:00,19,9,10,FMN GV 18 Kasterlee
84,Oudemolsedijk,2018-10-04,11:00:00,17,13,4,FMN GV 18 Kasterlee
84,Oudemolsedijk,2018-10-04,12:00:00,14,6,8,FMN GV 18 Kasterlee
84,Oudemolsedijk,2018-10-04,13:00:00,70,40,30,FMN GV 18 Kasterlee
84,Oudemolsedijk,2018-10-04,14:00:00,63,23,40,FMN GV 18 Kasterlee
84,Oudemolsedijk,2018-10-04,15:00:00,72,44,28,FMN GV 18 Kasterlee
84,Oudemolsedijk,2018-10-04,16:00:00,56,31,25,FMN GV 18 Kasterlee
84,Oudemolsedijk,2018-10-04,17:00:00,38,17,21,FMN GV 18 Kasterlee
84,Oudemolsedijk,2018-10-04,18:00:00,27,12,15,FMN GV 18 Kasterlee
84,Oudemolsedijk,2018-10-04,19:00:00,7,5,2,FMN GV 18 Kasterlee
84,Oudemolsedijk,2018-10-04,20:00:00,0,0,0,FMN GV 18 Kasterlee
84,Oudemolsedijk,2018-10-04,21:00:00,0,0,0,FMN GV 18 Kasterlee
84,Oudemolsedijk,2018-10-04,22:00:00,1,0,1,FMN GV 18 Kasterlee
84,Oudemolsedijk,2018-10-04,23:00:00,0,0,0,FMN GV 18 Kasterlee
84,Oudemolsedijk,2018-10-05,00:00:00,0,0,0,FMN GV 18 Kasterlee
84,Oudemolsedijk,2018-10-05,01:00:00,0,0,0,FMN GV 18 Kasterlee
84,Oudemolsedijk,2018-10-05,02:00:00,0,0,0,FMN GV 18 Kasterlee
84,Oudemolsedijk,2018-10-05,03:00:00,0,0,0,FMN GV 18 Kasterlee
84,Oudemolsedijk,2018-10-05,04:00:00,2,2,0,FMN GV 18 Kasterlee
84,Oudemolsedijk,2018-10-05,05:00:00,1,1,0,FMN GV 18 Kasterlee
84,Oudemolsedijk,2018-10-05,06:00:00,9,7,2,FMN GV 18 Kasterlee
84,Oudemolsedijk,2018-10-05,07:00:00,15,8,7,FMN GV 18 Kasterlee
84,Oudemolsedijk,2018-10-05,08:00:00,27,17,10,FMN GV 18 Kasterlee
84,Oudemolsedijk,2018-10-05,09:00:00,13,3,10,FMN GV 18 Kasterlee
84,Oudemolsedijk,2018-10-05,10:00:00,19,11,8,FMN GV 18 Kasterlee
84,Oudemolsedijk,2018-10-05,11:00:00,45,8,37,FMN GV 18 Kasterlee
84,Oudemolsedijk,2018-10-05,12:00:00,37,17,20,FMN GV 18 Kasterlee
84,Oudemolsedijk,2018-10-05,13:00:00,76,43,33,FMN GV 18 Kasterlee
84,Oudemolsedijk,2018-10-05,14:00:00,93,49,44,FMN GV 18 Kasterlee
84,Oudemolsedijk,2018-10-05,15:00:00,92,60,32,FMN GV 18 Kasterlee
84,Oudemolsedijk,2018-10-05,16:00:00,83,49,34,FMN GV 18 Kasterlee
84,Oudemolsedijk,2018-10-05,17:00:00,32,19,13,FMN GV 18 Kasterlee
84,Oudemolsedijk,2018-10-05,18:00:00,24,6,18,FMN GV 18 Kasterlee
84,Oudemolsedijk,2018-10-05,19:00:00,3,2,1,FMN GV 18 Kasterlee
84,Oudemolsedijk,2018-10-05,20:00:00,1,1,0,FMN GV 18 Kasterlee
84,Oudemolsedijk,2018-10-05,21:00:00,1,0,1,FMN GV 18 Kasterlee
84,Oudemolsedijk,2018-10-05,22:00:00,4,3,1,FMN GV 18 Kasterlee
84,Oudemolsedijk,2018-10-05,23:00:00,2,0,2,FMN GV 18 Kasterlee
84,Oudemolsedijk,2018-10-06,00:00:00,2,1,1,FMN GV 18 Kasterlee
84,Oudemolsedijk,2018-10-06,01:00:00,0,0,0,FMN GV 18 Kasterlee
84,Oudemolsedijk,2018-10-06,02:00:00,0,0,0,FMN GV 18 Kasterlee
84,Oudemolsedijk,2018-10-06,03:00:00,0,0,0,FMN GV 18 Kasterlee
84,Oudemolsedijk,2018-10-06,04:00:00,0,0,0,FMN GV 18 Kasterlee
84,Oudemolsedijk,2018-10-06,05:00:00,0,0,0,FMN GV 18 Kasterlee
84,Oudemolsedijk,2018-10-06,06:00:00,0,0,0,FMN GV 18 Kasterlee
84,Oudemolsedijk,2018-10-06,07:00:00,2,1,1,FMN GV 18 Kasterlee
84,Oudemolsedijk,2018-10-06,08:00:00,10,9,1,FMN GV 18 Kasterlee
84,Oudemolsedijk,2018-10-06,09:00:00,34,31,3,FMN GV 18 Kasterlee
84,Oudemolsedijk,2018-10-06,10:00:00,36,20,16,FMN GV 18 Kasterlee
84,Oudemolsedijk,2018-10-06,11:00:00,40,23,17,FMN GV 18 Kasterlee
84,Oudemolsedijk,2018-10-06,12:00:00,87,54,33,FMN GV 18 Kasterlee
84,Oudemolsedijk,2018-10-06,13:00:00,76,44,32,FMN GV 18 Kasterlee
84,Oudemolsedijk,2018-10-06,14:00:00,174,95,79,FMN GV 18 Kasterlee
84,Oudemolsedijk,2018-10-06,15:00:00,139,67,72,FMN GV 18 Kasterlee
84,Oudemolsedijk,2018-10-06,16:00:00,73,28,45,FMN GV 18 Kasterlee
84,Oudemolsedijk,2018-10-06,17:00:00,49,34,15,FMN GV 18 Kasterlee
84,Oudemolsedijk,2018-10-06,18:00:00,20,11,9,FMN GV 18 Kasterlee
84,Oudemolsedijk,2018-10-06,19:00:00,2,1,1,FMN GV 18 Kasterlee
84,Oudemolsedijk,2018-10-06,20:00:00,2,2,0,FMN GV 18 Kasterlee
84,Oudemolsedijk,2018-10-06,21:00:00,0,0,0,FMN GV 18 Kasterlee
84,Oudemolsedijk,2018-10-06,22:00:00,8,5,3,FMN GV 18 Kasterlee
84,Oudemolsedijk,2018-10-06,23:00:00,5,4,1,FMN GV 18 Kasterlee
84,Oudemolsedijk,2018-10-07,00:00:00,0,0,0,FMN GV 18 Kasterlee
84,Oudemolsedijk,2018-10-07,01:00:00,2,0,2,FMN GV 18 Kasterlee
84,Oudemolsedijk,2018-10-07,02:00:00,2,0,2,FMN GV 18 Kasterlee
84,Oudemolsedijk,2018-10-07,03:00:00,5,0,5,FMN GV 18 Kasterlee
84,Oudemolsedijk,2018-10-07,04:00:00,1,0,1,FMN GV 18 Kasterlee
84,Oudemolsedijk,2018-10-07,05:00:00,0,0,0,FMN GV 18 Kasterlee
84,Oudemolsedijk,2018-10-07,06:00:00,0,0,0,FMN GV 18 Kasterlee
84,Oudemolsedijk,2018-10-07,07:00:00,7,2,5,FMN GV 18 Kasterlee
84,Oudemolsedijk,2018-10-07,08:00:00,8,3,5,FMN GV 18 Kasterlee
84,Oudemolsedijk,2018-10-07,09:00:00,18,11,7,FMN GV 18 Kasterlee
84,Oudemolsedijk,2018-10-07,10:00:00,74,35,39,FMN GV 18 Kasterlee
84,Oudemolsedijk,2018-10-07,11:00:00,42,23,19,FMN GV 18 Kasterlee
84,Oudemolsedijk,2018-10-07,12:00:00,26,18,8,FMN GV 18 Kasterlee
84,Oudemolsedijk,2018-10-07,13:00:00,18,3,15,FMN GV 18 Kasterlee
84,Oudemolsedijk,2018-10-07,14:00:00,49,29,20,FMN GV 18 Kasterlee
84,Oudemolsedijk,2018-10-07,15:00:00,33,18,15,FMN GV 18 Kasterlee
84,Oudemolsedijk,2018-10-07,16:00:00,39,27,12,FMN GV 18 Kasterlee
84,Oudemolsedijk,2018-10-07,17:00:00,7,6,1,FMN GV 18 Kasterlee
84,Oudemolsedijk,2018-10-07,18:00:00,9,1,8,FMN GV 18 Kasterlee
84,Oudemolsedijk,2018-10-07,19:00:00,1,0,1,FMN GV 18 Kasterlee
84,Oudemolsedijk,2018-10-07,20:00:00,2,1,1,FMN GV 18 Kasterlee
84,Oudemolsedijk,2018-10-07,21:00:00,4,2,2,FMN GV 18 Kasterlee
84,Oudemolsedijk,2018-10-07,22:00:00,1,0,1,FMN GV 18 Kasterlee
84,Oudemolsedijk,2018-10-07,23:00:00,0,0,0,FMN GV 18 Kasterlee
84,Oudemolsedijk,2018-10-08,00:00:00,0,0,0,FMN GV 18 Kasterlee
84,Oudemolsedijk,2018-10-08,01:00:00,0,0,0,FMN GV 18 Kasterlee
84,Oudemolsedijk,2018-10-08,02:00:00,0,0,0,FMN GV 18 Kasterlee
84,Oudemolsedijk,2018-10-08,03:00:00,0,0,0,FMN GV 18 Kasterlee
84,Oudemolsedijk,2018-10-08,04:00:00,0,0,0,FMN GV 18 Kasterlee
84,Oudemolsedijk,2018-10-08,05:00:00,2,2,0,FMN GV 18 Kasterlee
84,Oudemolsedijk,2018-10-08,06:00:00,8,5,3,FMN GV 18 Kasterlee
84,Oudemolsedijk,2018-10-08,07:00:00,15,8,7,FMN GV 18 Kasterlee
84,Oudemolsedijk,2018-10-08,08:00:00,13,11,2,FMN GV 18 Kasterlee
84,Oudemolsedijk,2018-10-08,09:00:00,3,3,0,FMN GV 18 Kasterlee
84,Oudemolsedijk,2018-10-08,10:00:00,11,1,10,FMN GV 18 Kasterlee
84,Oudemolsedijk,2018-10-08,11:00:00,21,14,7,FMN GV 18 Kasterlee
84,Oudemolsedijk,2018-10-08,12:00:00,20,10,10,FMN GV 18 Kasterlee
84,Oudemolsedijk,2018-10-08,13:00:00,72,14,58,FMN GV 18 Kasterlee
84,Oudemolsedijk,2018-10-08,14:00:00,37,16,21,FMN GV 18 Kasterlee
84,Oudemolsedijk,2018-10-08,15:00:00,52,23,29,FMN GV 18 Kasterlee
84,Oudemolsedijk,2018-10-08,16:00:00,46,22,24,FMN GV 18 Kasterlee
84,Oudemolsedijk,2018-10-08,17:00:00,26,17,9,FMN GV 18 Kasterlee
84,Oudemolsedijk,2018-10-08,18:00:00,13,5,8,FMN GV 18 Kasterlee
84,Oudemolsedijk,2018-10-08,19:00:00,5,2,3,FMN GV 18 Kasterlee
84,Oudemolsedijk,2018-10-08,20:00:00,4,3,1,FMN GV 18 Kasterlee
84,Oudemolsedijk,2018-10-08,21:00:00,2,0,2,FMN GV 18 Kasterlee
84,Oudemolsedijk,2018-10-08,22:00:00,2,0,2,FMN GV 18 Kasterlee
84,Oudemolsedijk,2018-10-08,23:00:00,0,0,0,FMN GV 18 Kasterlee
84,Oudemolsedijk,2018-10-09,00:00:00,0,0,0,FMN GV 18 Kasterlee
84,Oudemolsedijk,2018-10-09,01:00:00,1,0,1,FMN GV 18 Kasterlee
84,Oudemolsedijk,2018-10-09,02:00:00,0,0,0,FMN GV 18 Kasterlee
84,Oudemolsedijk,2018-10-09,03:00:00,0,0,0,FMN GV 18 Kasterlee
84,Oudemolsedijk,2018-10-09,04:00:00,0,0,0,FMN GV 18 Kasterlee
84,Oudemolsedijk,2018-10-09,05:00:00,1,1,0,FMN GV 18 Kasterlee
84,Oudemolsedijk,2018-10-09,06:00:00,15,9,6,FMN GV 18 Kasterlee
84,Oudemolsedijk,2018-10-09,07:00:00,26,17,9,FMN GV 18 Kasterlee
84,Oudemolsedijk,2018-10-09,08:00:00,21,17,4,FMN GV 18 Kasterlee
84,Oudemolsedijk,2018-10-09,09:00:00,7,6,1,FMN GV 18 Kasterlee
84,Oudemolsedijk,2018-10-09,10:00:00,18,10,8,FMN GV 18 Kasterlee
84,Oudemolsedijk,2018-10-09,11:00:00,6,5,1,FMN GV 18 Kasterlee
84,Oudemolsedijk,2018-10-09,12:00:00,23,11,12,FMN GV 18 Kasterlee
84,Oudemolsedijk,2018-10-09,13:00:00,57,25,32,FMN GV 18 Kasterlee
84,Oudemolsedijk,2018-10-09,14:00:00,122,67,55,FMN GV 18 Kasterlee
84,Oudemolsedijk,2018-10-09,15:00:00,89,54,35,FMN GV 18 Kasterlee
84,Oudemolsedijk,2018-10-09,16:00:00,77,59,18,FMN GV 18 Kasterlee
84,Oudemolsedijk,2018-10-09,17:00:00,47,24,23,FMN GV 18 Kasterlee
84,Oudemolsedijk,2018-10-09,18:00:00,28,18,10,FMN GV 18 Kasterlee
84,Oudemolsedijk,2018-10-09,19:00:00,12,4,8,FMN GV 18 Kasterlee
84,Oudemolsedijk,2018-10-09,20:00:00,3,1,2,FMN GV 18 Kasterlee
84,Oudemolsedijk,2018-10-09,21:00:00,1,0,1,FMN GV 18 Kasterlee
84,Oudemolsedijk,2018-10-09,22:00:00,1,1,0,FMN GV 18 Kasterlee
84,Oudemolsedijk,2018-10-09,23:00:00,1,1,0,FMN GV 18 Kasterlee
84,Oudemolsedijk,2018-10-10,00:00:00,0,0,0,FMN GV 18 Kasterlee
84,Oudemolsedijk,2018-10-10,01:00:00,0,0,0,FMN GV 18 Kasterlee
84,Oudemolsedijk,2018-10-10,02:00:00,0,0,0,FMN GV 18 Kasterlee
84,Oudemolsedijk,2018-10-10,03:00:00,0,0,0,FMN GV 18 Kasterlee
84,Oudemolsedijk,2018-10-10,04:00:00,0,0,0,FMN GV 18 Kasterlee
84,Oudemolsedijk,2018-10-10,05:00:00,2,2,0,FMN GV 18 Kasterlee
84,Oudemolsedijk,2018-10-10,06:00:00,8,4,4,FMN GV 18 Kasterlee
84,Oudemolsedijk,2018-10-10,07:00:00,26,12,14,FMN GV 18 Kasterlee
84,Oudemolsedijk,2018-10-10,08:00:00,15,10,5,FMN GV 18 Kasterlee
84,Oudemolsedijk,2018-10-10,09:00:00,12,6,6,FMN GV 18 Kasterlee
84,Oudemolsedijk,2018-10-10,10:00:00,15,6,9,FMN GV 18 Kasterlee
84,Oudemolsedijk,2018-10-10,11:00:00,13,5,8,FMN GV 18 Kasterlee
84,Oudemolsedijk,2018-10-10,12:00:00,44,17,27,FMN GV 18 Kasterlee
84,Oudemolsedijk,2018-10-10,13:00:00,72,39,33,FMN GV 18 Kasterlee
84,Oudemolsedijk,2018-10-10,14:00:00,89,40,49,FMN GV 18 Kasterlee
84,Oudemolsedijk,2018-10-10,15:00:00,89,54,35,FMN GV 18 Kasterlee
84,Oudemolsedijk,2018-10-10,16:00:00,76,42,34,FMN GV 18 Kasterlee
84,Oudemolsedijk,2018-10-10,17:00:00,32,18,14,FMN GV 18 Kasterlee
84,Oudemolsedijk,2018-10-10,18:00:00,31,17,14,FMN GV 18 Kasterlee
84,Oudemolsedijk,2018-10-10,19:00:00,24,19,5,FMN GV 18 Kasterlee
84,Oudemolsedijk,2018-10-10,20:00:00,19,16,3,FMN GV 18 Kasterlee
84,Oudemolsedijk,2018-10-10,21:00:00,0,0,0,FMN GV 18 Kasterlee
84,Oudemolsedijk,2018-10-10,22:00:00,2,1,1,FMN GV 18 Kasterlee
84,Oudemolsedijk,2018-10-10,23:00:00,2,2,0,FMN GV 18 Kasterlee
84,Oudemolsedijk,2018-10-11,00:00:00,0,0,0,FMN GV 18 Kasterlee
84,Oudemolsedijk,2018-10-11,01:00:00,0,0,0,FMN GV 18 Kasterlee
84,Oudemolsedijk,2018-10-11,02:00:00,0,0,0,FMN GV 18 Kasterlee
84,Oudemolsedijk,2018-10-11,03:00:00,0,0,0,FMN GV 18 Kasterlee
84,Oudemolsedijk,2018-10-11,04:00:00,0,0,0,FMN GV 18 Kasterlee
84,Oudemolsedijk,2018-10-11,05:00:00,0,0,0,FMN GV 18 Kasterlee
84,Oudemolsedijk,2018-10-11,06:00:00,7,1,6,FMN GV 18 Kasterlee
84,Oudemolsedijk,2018-10-11,07:00:00,19,12,7,FMN GV 18 Kasterlee
84,Oudemolsedijk,2018-10-11,08:00:00,20,13,7,FMN GV 18 Kasterlee
84,Oudemolsedijk,2018-10-11,09:00:00,9,5,4,FMN GV 18 Kasterlee
84,Oudemolsedijk,2018-10-11,10:00:00,19,11,8,FMN GV 18 Kasterlee
84,Oudemolsedijk,2018-10-11,11:00:00,12,8,4,FMN GV 18 Kasterlee
84,Oudemolsedijk,2018-10-11,12:00:00,15,4,11,FMN GV 18 Kasterlee
84,Oudemolsedijk,2018-10-11,13:00:00,48,22,26,FMN GV 18 Kasterlee
84,Oudemolsedijk,2018-10-11,14:00:00,60,34,26,FMN GV 18 Kasterlee
84,Oudemolsedijk,2018-10-11,15:00:00,82,41,41,FMN GV 18 Kasterlee
84,Oudemolsedijk,2018-10-11,16:00:00,85,49,36,FMN GV 18 Kasterlee
84,Oudemolsedijk,2018-10-11,17:00:00,34,18,16,FMN GV 18 Kasterlee
84,Oudemolsedijk,2018-10-11,18:00:00,22,17,5,FMN GV 18 Kasterlee
84,Oudemolsedijk,2018-10-11,19:00:00,16,6,10,FMN GV 18 Kasterlee
84,Oudemolsedijk,2018-10-11,20:00:00,3,3,0,FMN GV 18 Kasterlee
84,Oudemolsedijk,2018-10-11,21:00:00,1,0,1,FMN GV 18 Kasterlee
84,Oudemolsedijk,2018-10-11,22:00:00,0,0,0,FMN GV 18 Kasterlee
84,Oudemolsedijk,2018-10-11,23:00:00,0,0,0,FMN GV 18 Kasterlee
84,Oudemolsedijk,2018-10-12,00:00:00,0,0,0,FMN GV 18 Kasterlee
84,Oudemolsedijk,2018-10-12,01:00:00,0,0,0,FMN GV 18 Kasterlee
84,Oudemolsedijk,2018-10-12,02:00:00,0,0,0,FMN GV 18 Kasterlee
84,Oudemolsedijk,2018-10-12,03:00:00,0,0,0,FMN GV 18 Kasterlee
84,Oudemolsedijk,2018-10-12,04:00:00,0,0,0,FMN GV 18 Kasterlee
84,Oudemolsedijk,2018-10-12,05:00:00,0,0,0,FMN GV 18 Kasterlee
84,Oudemolsedijk,2018-10-12,06:00:00,7,4,3,FMN GV 18 Kasterlee
84,Oudemolsedijk,2018-10-12,07:00:00,20,7,13,FMN GV 18 Kasterlee
84,Oudemolsedijk,2018-10-12,08:00:00,24,17,7,FMN GV 18 Kasterlee
84,Oudemolsedijk,2018-10-12,09:00:00,11,5,6,FMN GV 18 Kasterlee
84,Oudemolsedijk,2018-10-12,10:00:00,16,10,6,FMN GV 18 Kasterlee
84,Oudemolsedijk,2018-10-12,11:00:00,19,12,7,FMN GV 18 Kasterlee
84,Oudemolsedijk,2018-10-12,12:00:00,19,10,9,FMN GV 18 Kasterlee
84,Oudemolsedijk,2018-10-12,13:00:00,54,11,43,FMN GV 18 Kasterlee
84,Oudemolsedijk,2018-10-12,14:00:00,69,39,30,FMN GV 18 Kasterlee
84,Oudemolsedijk,2018-10-12,15:00:00,57,30,27,FMN GV 18 Kasterlee
84,Oudemolsedijk,2018-10-12,16:00:00,60,30,30,FMN GV 18 Kasterlee
84,Oudemolsedijk,2018-10-12,17:00:00,28,18,10,FMN GV 18 Kasterlee
84,Oudemolsedijk,2018-10-12,18:00:00,26,13,13,FMN GV 18 Kasterlee
84,Oudemolsedijk,2018-10-12,19:00:00,7,5,2,FMN GV 18 Kasterlee
84,Oudemolsedijk,2018-10-12,20:00:00,2,2,0,FMN GV 18 Kasterlee
84,Oudemolsedijk,2018-10-12,21:00:00,0,0,0,FMN GV 18 Kasterlee
84,Oudemolsedijk,2018-10-12,22:00:00,1,1,0,FMN GV 18 Kasterlee
84,Oudemolsedijk,2018-10-12,23:00:00,0,0,0,FMN GV 18 Kasterlee
84,Oudemolsedijk,2018-10-13,00:00:00,0,0,0,FMN GV 18 Kasterlee
84,Oudemolsedijk,2018-10-13,01:00:00,0,0,0,FMN GV 18 Kasterlee
84,Oudemolsedijk,2018-10-13,02:00:00,0,0,0,FMN GV 18 Kasterlee
84,Oudemolsedijk,2018-10-13,03:00:00,0,0,0,FMN GV 18 Kasterlee
84,Oudemolsedijk,2018-10-13,04:00:00,0,0,0,FMN GV 18 Kasterlee
84,Oudemolsedijk,2018-10-13,05:00:00,0,0,0,FMN GV 18 Kasterlee
84,Oudemolsedijk,2018-10-13,06:00:00,0,0,0,FMN GV 18 Kasterlee
84,Oudemolsedijk,2018-10-13,07:00:00,1,1,0,FMN GV 18 Kasterlee
84,Oudemolsedijk,2018-10-13,08:00:00,6,3,3,FMN GV 18 Kasterlee
84,Oudemolsedijk,2018-10-13,09:00:00,37,22,15,FMN GV 18 Kasterlee
84,Oudemolsedijk,2018-10-13,10:00:00,53,38,15,FMN GV 18 Kasterlee
84,Oudemolsedijk,2018-10-13,11:00:00,80,57,23,FMN GV 18 Kasterlee
84,Oudemolsedijk,2018-10-13,12:00:00,72,57,15,FMN GV 18 Kasterlee
84,Oudemolsedijk,2018-10-13,13:00:00,156,69,87,FMN GV 18 Kasterlee
84,Oudemolsedijk,2018-10-13,14:00:00,210,137,73,FMN GV 18 Kasterlee
84,Oudemolsedijk,2018-10-13,15:00:00,161,90,71,FMN GV 18 Kasterlee
84,Oudemolsedijk,2018-10-13,16:00:00,107,61,46,FMN GV 18 Kasterlee
84,Oudemolsedijk,2018-10-13,17:00:00,89,55,34,FMN GV 18 Kasterlee
84,Oudemolsedijk,2018-10-13,18:00:00,23,14,9,FMN GV 18 Kasterlee
84,Oudemolsedijk,2018-10-13,19:00:00,17,6,11,FMN GV 18 Kasterlee
84,Oudemolsedijk,2018-10-13,20:00:00,0,0,0,FMN GV 18 Kasterlee
84,Oudemolsedijk,2018-10-13,21:00:00,7,7,0,FMN GV 18 Kasterlee
84,Oudemolsedijk,2018-10-13,22:00:00,0,0,0,FMN GV 18 Kasterlee
84,Oudemolsedijk,2018-10-13,23:00:00,1,0,1,FMN GV 18 Kasterlee
84,Oudemolsedijk,2018-10-14,00:00:00,3,1,2,FMN GV 18 Kasterlee
84,Oudemolsedijk,2018-10-14,01:00:00,1,0,1,FMN GV 18 Kasterlee
84,Oudemolsedijk,2018-10-14,02:00:00,0,0,0,FMN GV 18 Kasterlee
84,Oudemolsedijk,2018-10-14,03:00:00,0,0,0,FMN GV 18 Kasterlee
84,Oudemolsedijk,2018-10-14,04:00:00,0,0,0,FMN GV 18 Kasterlee
84,Oudemolsedijk,2018-10-14,05:00:00,0,0,0,FMN GV 18 Kasterlee
84,Oudemolsedijk,2018-10-14,06:00:00,0,0,0,FMN GV 18 Kasterlee
84,Oudemolsedijk,2018-10-14,07:00:00,0,0,0,FMN GV 18 Kasterlee
84,Oudemolsedijk,2018-10-14,08:00:00,11,1,10,FMN GV 18 Kasterlee
84,Oudemolsedijk,2018-10-14,09:00:00,42,11,31,FMN GV 18 Kasterlee
84,Oudemolsedijk,2018-10-14,10:00:00,80,57,23,FMN GV 18 Kasterlee
84,Oudemolsedijk,2018-10-14,11:00:00,54,29,25,FMN GV 18 Kasterlee
84,Oudemolsedijk,2018-10-14,12:00:00,49,32,17,FMN GV 18 Kasterlee
84,Oudemolsedijk,2018-10-14,13:00:00,75,35,40,FMN GV 18 Kasterlee
84,Oudemolsedijk,2018-10-14,14:00:00,118,51,67,FMN GV 18 Kasterlee
84,Oudemolsedijk,2018-10-14,15:00:00,118,48,70,FMN GV 18 Kasterlee
84,Oudemolsedijk,2018-10-14,16:00:00,73,33,40,FMN GV 18 Kasterlee
84,Oudemolsedijk,2018-10-14,17:00:00,56,16,40,FMN GV 18 Kasterlee
84,Oudemolsedijk,2018-10-14,18:00:00,18,5,13,FMN GV 18 Kasterlee
84,Oudemolsedijk,2018-10-14,19:00:00,6,4,2,FMN GV 18 Kasterlee
84,Oudemolsedijk,2018-10-14,20:00:00,1,1,0,FMN GV 18 Kasterlee
84,Oudemolsedijk,2018-10-14,21:00:00,0,0,0,FMN GV 18 Kasterlee
84,Oudemolsedijk,2018-10-14,22:00:00,1,0,1,FMN GV 18 Kasterlee
84,Oudemolsedijk,2018-10-14,23:00:00,0,0,0,FMN GV 18 Kasterlee
84,Oudemolsedijk,2018-10-15,00:00:00,0,0,0,FMN GV 18 Kasterlee
84,Oudemolsedijk,2018-10-15,01:00:00,0,0,0,FMN GV 18 Kasterlee
84,Oudemolsedijk,2018-10-15,02:00:00,0,0,0,FMN GV 18 Kasterlee
84,Oudemolsedijk,2018-10-15,03:00:00,0,0,0,FMN GV 18 Kasterlee
84,Oudemolsedijk,2018-10-15,04:00:00,1,1,0,FMN GV 18 Kasterlee
84,Oudemolsedijk,2018-10-15,05:00:00,4,2,2,FMN GV 18 Kasterlee
84,Oudemolsedijk,2018-10-15,06:00:00,5,4,1,FMN GV 18 Kasterlee
84,Oudemolsedijk,2018-10-15,07:00:00,24,11,13,FMN GV 18 Kasterlee
84,Oudemolsedijk,2018-10-15,08:00:00,18,14,4,FMN GV 18 Kasterlee
84,Oudemolsedijk,2018-10-15,09:00:00,12,4,8,FMN GV 18 Kasterlee
84,Oudemolsedijk,2018-10-15,10:00:00,13,7,6,FMN GV 18 Kasterlee
84,Oudemolsedijk,2018-10-15,11:00:00,6,3,3,FMN GV 18 Kasterlee
84,Oudemolsedijk,2018-10-15,12:00:00,12,7,5,FMN GV 18 Kasterlee
84,Oudemolsedijk,2018-10-15,13:00:00,23,9,14,FMN GV 18 Kasterlee
84,Oudemolsedijk,2018-10-15,14:00:00,54,36,18,FMN GV 18 Kasterlee
84,Oudemolsedijk,2018-10-15,15:00:00,42,18,24,FMN GV 18 Kasterlee
84,Oudemolsedijk,2018-10-15,16:00:00,99,44,55,FMN GV 18 Kasterlee
84,Oudemolsedijk,2018-10-15,17:00:00,24,14,10,FMN GV 18 Kasterlee
84,Oudemolsedijk,2018-10-15,18:00:00,8,2,6,FMN GV 18 Kasterlee
84,Oudemolsedijk,2018-10-15,19:00:00,14,4,10,FMN GV 18 Kasterlee
84,Oudemolsedijk,2018-10-15,20:00:00,2,1,1,FMN GV 18 Kasterlee
84,Oudemolsedijk,2018-10-15,21:00:00,3,0,3,FMN GV 18 Kasterlee
84,Oudemolsedijk,2018-10-15,22:00:00,1,0,1,FMN GV 18 Kasterlee
84,Oudemolsedijk,2018-10-15,23:00:00,0,0,0,FMN GV 18 Kasterlee
84,Oudemolsedijk,2018-10-16,00:00:00,0,0,0,FMN GV 18 Kasterlee
84,Oudemolsedijk,2018-10-16,01:00:00,1,1,0,FMN GV 18 Kasterlee
84,Oudemolsedijk,2018-10-16,02:00:00,0,0,0,FMN GV 18 Kasterlee
84,Oudemolsedijk,2018-10-16,03:00:00,0,0,0,FMN GV 18 Kasterlee
84,Oudemolsedijk,2018-10-16,04:00:00,2,2,0,FMN GV 18 Kasterlee
84,Oudemolsedijk,2018-10-16,05:00:00,3,1,2,FMN GV 18 Kasterlee
84,Oudemolsedijk,2018-10-16,06:00:00,11,7,4,FMN GV 18 Kasterlee
84,Oudemolsedijk,2018-10-16,07:00:00,32,19,13,FMN GV 18 Kasterlee
84,Oudemolsedijk,2018-10-16,08:00:00,22,12,10,FMN GV 18 Kasterlee
84,Oudemolsedijk,2018-10-16,09:00:00,18,4,14,FMN GV 18 Kasterlee
84,Oudemolsedijk,2018-10-16,10:00:00,17,8,9,FMN GV 18 Kasterlee
84,Oudemolsedijk,2018-10-16,11:00:00,21,10,11,FMN GV 18 Kasterlee
84,Oudemolsedijk,2018-10-16,12:00:00,30,21,9,FMN GV 18 Kasterlee
84,Oudemolsedijk,2018-10-16,13:00:00,85,40,45,FMN GV 18 Kasterlee
84,Oudemolsedijk,2018-10-16,14:00:00,91,47,44,FMN GV 18 Kasterlee
84,Oudemolsedijk,2018-10-16,15:00:00,123,76,47,FMN GV 18 Kasterlee
84,Oudemolsedijk,2018-10-16,16:00:00,65,34,31,FMN GV 18 Kasterlee
84,Oudemolsedijk,2018-10-16,17:00:00,55,21,34,FMN GV 18 Kasterlee
84,Oudemolsedijk,2018-10-16,18:00:00,28,12,16,FMN GV 18 Kasterlee
84,Oudemolsedijk,2018-10-16,19:00:00,13,5,8,FMN GV 18 Kasterlee
84,Oudemolsedijk,2018-10-16,20:00:00,8,5,3,FMN GV 18 Kasterlee
84,Oudemolsedijk,2018-10-16,21:00:00,0,0,0,FMN GV 18 Kasterlee
84,Oudemolsedijk,2018-10-16,22:00:00,5,2,3,FMN GV 18 Kasterlee
84,Oudemolsedijk,2018-10-16,23:00:00,0,0,0,FMN GV 18 Kasterlee
84,Oudemolsedijk,2018-10-17,00:00:00,0,0,0,FMN GV 18 Kasterlee
84,Oudemolsedijk,2018-10-17,01:00:00,0,0,0,FMN GV 18 Kasterlee
84,Oudemolsedijk,2018-10-17,02:00:00,0,0,0,FMN GV 18 Kasterlee
84,Oudemolsedijk,2018-10-17,03:00:00,0,0,0,FMN GV 18 Kasterlee
84,Oudemolsedijk,2018-10-17,04:00:00,2,2,0,FMN GV 18 Kasterlee
84,Oudemolsedijk,2018-10-17,05:00:00,0,0,0,FMN GV 18 Kasterlee
84,Oudemolsedijk,2018-10-17,06:00:00,7,4,3,FMN GV 18 Kasterlee
84,Oudemolsedijk,2018-10-17,07:00:00,24,11,13,FMN GV 18 Kasterlee
84,Oudemolsedijk,2018-10-17,08:00:00,25,16,9,FMN GV 18 Kasterlee
84,Oudemolsedijk,2018-10-17,09:00:00,7,3,4,FMN GV 18 Kasterlee
84,Oudemolsedijk,2018-10-17,10:00:00,13,6,7,FMN GV 18 Kasterlee
84,Oudemolsedijk,2018-10-17,11:00:00,22,14,8,FMN GV 18 Kasterlee
84,Oudemolsedijk,2018-10-17,12:00:00,27,14,13,FMN GV 18 Kasterlee
84,Oudemolsedijk,2018-10-17,13:00:00,49,33,16,FMN GV 18 Kasterlee
84,Oudemolsedijk,2018-10-17,14:00:00,94,63,31,FMN GV 18 Kasterlee
84,Oudemolsedijk,2018-10-17,15:00:00,75,39,36,FMN GV 18 Kasterlee
84,Oudemolsedijk,2018-10-17,16:00:00,92,37,55,FMN GV 18 Kasterlee
84,Oudemolsedijk,2018-10-17,17:00:00,46,23,23,FMN GV 18 Kasterlee
84,Oudemolsedijk,2018-10-17,18:00:00,42,20,22,FMN GV 18 Kasterlee
84,Oudemolsedijk,2018-10-17,19:00:00,10,9,1,FMN GV 18 Kasterlee
84,Oudemolsedijk,2018-10-17,20:00:00,32,10,22,FMN GV 18 Kasterlee
84,Oudemolsedijk,2018-10-17,21:00:00,3,3,0,FMN GV 18 Kasterlee
84,Oudemolsedijk,2018-10-17,22:00:00,2,0,2,FMN GV 18 Kasterlee
84,Oudemolsedijk,2018-10-17,23:00:00,1,1,0,FMN GV 18 Kasterlee
84,Oudemolsedijk,2018-10-18,00:00:00,0,0,0,FMN GV 18 Kasterlee
84,Oudemolsedijk,2018-10-18,01:00:00,1,0,1,FMN GV 18 Kasterlee
84,Oudemolsedijk,2018-10-18,02:00:00,0,0,0,FMN GV 18 Kasterlee
84,Oudemolsedijk,2018-10-18,03:00:00,0,0,0,FMN GV 18 Kasterlee
84,Oudemolsedijk,2018-10-18,04:00:00,0,0,0,FMN GV 18 Kasterlee
84,Oudemolsedijk,2018-10-18,05:00:00,1,1,0,FMN GV 18 Kasterlee
84,Oudemolsedijk,2018-10-18,06:00:00,10,5,5,FMN GV 18 Kasterlee
84,Oudemolsedijk,2018-10-18,07:00:00,19,8,11,FMN GV 18 Kasterlee
84,Oudemolsedijk,2018-10-18,08:00:00,24,14,10,FMN GV 18 Kasterlee
84,Oudemolsedijk,2018-10-18,09:00:00,10,4,6,FMN GV 18 Kasterlee
84,Oudemolsedijk,2018-10-18,10:00:00,12,10,2,FMN GV 18 Kasterlee
84,Oudemolsedijk,2018-10-18,11:00:00,8,2,6,FMN GV 18 Kasterlee
84,Oudemolsedijk,2018-10-18,12:00:00,12,8,4,FMN GV 18 Kasterlee
84,Oudemolsedijk,2018-10-18,13:00:00,26,11,15,FMN GV 18 Kasterlee
84,Oudemolsedijk,2018-10-18,14:00:00,54,34,20,FMN GV 18 Kasterlee
84,Oudemolsedijk,2018-10-18,15:00:00,54,38,16,FMN GV 18 Kasterlee
84,Oudemolsedijk,2018-10-18,16:00:00,54,34,20,FMN GV 18 Kasterlee
84,Oudemolsedijk,2018-10-18,17:00:00,25,14,11,FMN GV 18 Kasterlee
84,Oudemolsedijk,2018-10-18,18:00:00,10,5,5,FMN GV 18 Kasterlee
84,Oudemolsedijk,2018-10-18,19:00:00,7,6,1,FMN GV 18 Kasterlee
84,Oudemolsedijk,2018-10-18,20:00:00,1,0,1,FMN GV 18 Kasterlee
84,Oudemolsedijk,2018-10-18,21:00:00,0,0,0,FMN GV 18 Kasterlee
84,Oudemolsedijk,2018-10-18,22:00:00,1,0,1,FMN GV 18 Kasterlee
84,Oudemolsedijk,2018-10-18,23:00:00,1,0,1,FMN GV 18 Kasterlee
84,Oudemolsedijk,2018-10-19,00:00:00,0,0,0,FMN GV 18 Kasterlee
84,Oudemolsedijk,2018-10-19,01:00:00,0,0,0,FMN GV 18 Kasterlee
84,Oudemolsedijk,2018-10-19,02:00:00,0,0,0,FMN GV 18 Kasterlee
84,Oudemolsedijk,2018-10-19,03:00:00,0,0,0,FMN GV 18 Kasterlee
84,Oudemolsedijk,2018-10-19,04:00:00,1,1,0,FMN GV 18 Kasterlee
84,Oudemolsedijk,2018-10-19,05:00:00,1,1,0,FMN GV 18 Kasterlee
84,Oudemolsedijk,2018-10-19,06:00:00,6,2,4,FMN GV 18 Kasterlee
84,Oudemolsedijk,2018-10-19,07:00:00,8,4,4,FMN GV 18 Kasterlee
84,Oudemolsedijk,2018-10-19,08:00:00,22,17,5,FMN GV 18 Kasterlee
84,Oudemolsedijk,2018-10-19,09:00:00,10,6,4,FMN GV 18 Kasterlee
84,Oudemolsedijk,2018-10-19,10:00:00,9,5,4,FMN GV 18 Kasterlee
84,Oudemolsedijk,2018-10-19,11:00:00,14,6,8,FMN GV 18 Kasterlee
84,Oudemolsedijk,2018-10-19,12:00:00,12,6,6,FMN GV 18 Kasterlee
84,Oudemolsedijk,2018-10-19,13:00:00,40,13,27,FMN GV 18 Kasterlee
84,Oudemolsedijk,2018-10-19,14:00:00,55,23,32,FMN GV 18 Kasterlee
84,Oudemolsedijk,2018-10-19,15:00:00,32,15,17,FMN GV 18 Kasterlee
84,Oudemolsedijk,2018-10-19,16:00:00,45,26,19,FMN GV 18 Kasterlee
84,Oudemolsedijk,2018-10-19,17:00:00,21,15,6,FMN GV 18 Kasterlee
84,Oudemolsedijk,2018-10-19,18:00:00,13,7,6,FMN GV 18 Kasterlee
84,Oudemolsedijk,2018-10-19,19:00:00,2,1,1,FMN GV 18 Kasterlee
84,Oudemolsedijk,2018-10-19,20:00:00,1,0,1,FMN GV 18 Kasterlee
84,Oudemolsedijk,2018-10-19,21:00:00,1,0,1,FMN GV 18 Kasterlee
84,Oudemolsedijk,2018-10-19,22:00:00,2,0,2,FMN GV 18 Kasterlee
84,Oudemolsedijk,2018-10-19,23:00:00,1,1,0,FMN GV 18 Kasterlee
84,Oudemolsedijk,2018-10-20,00:00:00,0,0,0,FMN GV 18 Kasterlee
84,Oudemolsedijk,2018-10-20,01:00:00,0,0,0,FMN GV 18 Kasterlee
84,Oudemolsedijk,2018-10-20,02:00:00,0,0,0,FMN GV 18 Kasterlee
84,Oudemolsedijk,2018-10-20,03:00:00,1,1,0,FMN GV 18 Kasterlee
84,Oudemolsedijk,2018-10-20,04:00:00,0,0,0,FMN GV 18 Kasterlee
84,Oudemolsedijk,2018-10-20,05:00:00,0,0,0,FMN GV 18 Kasterlee
84,Oudemolsedijk,2018-10-20,06:00:00,1,0,1,FMN GV 18 Kasterlee
84,Oudemolsedijk,2018-10-20,07:00:00,1,1,0,FMN GV 18 Kasterlee
84,Oudemolsedijk,2018-10-20,08:00:00,1,1,0,FMN GV 18 Kasterlee
84,Oudemolsedijk,2018-10-20,09:00:00,18,7,11,FMN GV 18 Kasterlee
84,Oudemolsedijk,2018-10-20,10:00:00,23,13,10,FMN GV 18 Kasterlee
84,Oudemolsedijk,2018-10-20,11:00:00,16,5,11,FMN GV 18 Kasterlee
84,Oudemolsedijk,2018-10-20,12:00:00,37,12,25,FMN GV 18 Kasterlee
84,Oudemolsedijk,2018-10-20,13:00:00,68,23,45,FMN GV 18 Kasterlee
84,Oudemolsedijk,2018-10-20,14:00:00,67,38,29,FMN GV 18 Kasterlee
84,Oudemolsedijk,2018-10-20,15:00:00,78,49,29,FMN GV 18 Kasterlee
84,Oudemolsedijk,2018-10-20,16:00:00,37,25,12,FMN GV 18 Kasterlee
84,Oudemolsedijk,2018-10-20,17:00:00,20,14,6,FMN GV 18 Kasterlee
84,Oudemolsedijk,2018-10-20,18:00:00,12,4,8,FMN GV 18 Kasterlee
84,Oudemolsedijk,2018-10-20,19:00:00,5,5,0,FMN GV 18 Kasterlee
84,Oudemolsedijk,2018-10-20,20:00:00,0,0,0,FMN GV 18 Kasterlee
84,Oudemolsedijk,2018-10-20,21:00:00,1,1,0,FMN GV 18 Kasterlee
84,Oudemolsedijk,2018-10-20,22:00:00,0,0,0,FMN GV 18 Kasterlee
84,Oudemolsedijk,2018-10-20,23:00:00,1,0,1,FMN GV 18 Kasterlee
84,Oudemolsedijk,2018-10-21,00:00:00,0,0,0,FMN GV 18 Kasterlee
84,Oudemolsedijk,2018-10-21,01:00:00,2,0,2,FMN GV 18 Kasterlee
84,Oudemolsedijk,2018-10-21,02:00:00,1,0,1,FMN GV 18 Kasterlee
84,Oudemolsedijk,2018-10-21,03:00:00,0,0,0,FMN GV 18 Kasterlee
84,Oudemolsedijk,2018-10-21,04:00:00,0,0,0,FMN GV 18 Kasterlee
84,Oudemolsedijk,2018-10-21,05:00:00,0,0,0,FMN GV 18 Kasterlee
84,Oudemolsedijk,2018-10-21,06:00:00,0,0,0,FMN GV 18 Kasterlee
84,Oudemolsedijk,2018-10-21,07:00:00,9,0,9,FMN GV 18 Kasterlee
84,Oudemolsedijk,2018-10-21,08:00:00,23,4,19,FMN GV 18 Kasterlee
84,Oudemolsedijk,2018-10-21,09:00:00,15,4,11,FMN GV 18 Kasterlee
84,Oudemolsedijk,2018-10-21,10:00:00,49,33,16,FMN GV 18 Kasterlee
84,Oudemolsedijk,2018-10-21,11:00:00,103,63,40,FMN GV 18 Kasterlee
84,Oudemolsedijk,2018-10-21,12:00:00,46,31,15,FMN GV 18 Kasterlee
84,Oudemolsedijk,2018-10-21,13:00:00,91,53,38,FMN GV 18 Kasterlee
84,Oudemolsedijk,2018-10-21,14:00:00,120,87,33,FMN GV 18 Kasterlee
84,Oudemolsedijk,2018-10-21,15:00:00,107,49,58,FMN GV 18 Kasterlee
84,Oudemolsedijk,2018-10-21,16:00:00,98,51,47,FMN GV 18 Kasterlee
84,Oudemolsedijk,2018-10-21,17:00:00,58,25,33,FMN GV 18 Kasterlee
84,Oudemolsedijk,2018-10-21,18:00:00,9,3,6,FMN GV 18 Kasterlee
84,Oudemolsedijk,2018-10-21,19:00:00,2,0,2,FMN GV 18 Kasterlee
84,Oudemolsedijk,2018-10-21,20:00:00,0,0,0,FMN GV 18 Kasterlee
84,Oudemolsedijk,2018-10-21,21:00:00,0,0,0,FMN GV 18 Kasterlee
84,Oudemolsedijk,2018-10-21,22:00:00,2,1,1,FMN GV 18 Kasterlee
84,Oudemolsedijk,2018-10-21,23:00:00,0,0,0,FMN GV 18 Kasterlee
84,Oudemolsedijk,2018-10-22,00:00:00,0,0,0,FMN GV 18 Kasterlee
84,Oudemolsedijk,2018-10-22,01:00:00,0,0,0,FMN GV 18 Kasterlee
84,Oudemolsedijk,2018-10-22,02:00:00,0,0,0,FMN GV 18 Kasterlee
84,Oudemolsedijk,2018-10-22,03:00:00,0,0,0,FMN GV 18 Kasterlee
84,Oudemolsedijk,2018-10-22,04:00:00,0,0,0,FMN GV 18 Kasterlee
84,Oudemolsedijk,2018-10-22,05:00:00,1,1,0,FMN GV 18 Kasterlee
84,Oudemolsedijk,2018-10-22,06:00:00,7,3,4,FMN GV 18 Kasterlee
84,Oudemolsedijk,2018-10-22,07:00:00,14,8,6,FMN GV 18 Kasterlee
84,Oudemolsedijk,2018-10-22,08:00:00,15,8,7,FMN GV 18 Kasterlee
84,Oudemolsedijk,2018-10-22,09:00:00,9,6,3,FMN GV 18 Kasterlee
84,Oudemolsedijk,2018-10-22,10:00:00,7,5,2,FMN GV 18 Kasterlee
84,Oudemolsedijk,2018-10-22,11:00:00,10,7,3,FMN GV 18 Kasterlee
84,Oudemolsedijk,2018-10-22,12:00:00,13,7,6,FMN GV 18 Kasterlee
84,Oudemolsedijk,2018-10-22,13:00:00,22,13,9,FMN GV 18 Kasterlee
84,Oudemolsedijk,2018-10-22,14:00:00,23,10,13,FMN GV 18 Kasterlee
84,Oudemolsedijk,2018-10-22,15:00:00,31,15,16,FMN GV 18 Kasterlee
84,Oudemolsedijk,2018-10-22,16:00:00,37,25,12,FMN GV 18 Kasterlee
84,Oudemolsedijk,2018-10-22,17:00:00,13,8,5,FMN GV 18 Kasterlee
84,Oudemolsedijk,2018-10-22,18:00:00,14,8,6,FMN GV 18 Kasterlee
84,Oudemolsedijk,2018-10-22,19:00:00,3,2,1,FMN GV 18 Kasterlee
84,Oudemolsedijk,2018-10-22,20:00:00,0,0,0,FMN GV 18 Kasterlee
84,Oudemolsedijk,2018-10-22,21:00:00,2,0,2,FMN GV 18 Kasterlee
84,Oudemolsedijk,2018-10-22,22:00:00,0,0,0,FMN GV 18 Kasterlee
84,Oudemolsedijk,2018-10-22,23:00:00,1,1,0,FMN GV 18 Kasterlee
84,Oudemolsedijk,2018-10-23,00:00:00,0,0,0,FMN GV 18 Kasterlee
84,Oudemolsedijk,2018-10-23,01:00:00,0,0,0,FMN GV 18 Kasterlee
84,Oudemolsedijk,2018-10-23,02:00:00,0,0,0,FMN GV 18 Kasterlee
84,Oudemolsedijk,2018-10-23,03:00:00,0,0,0,FMN GV 18 Kasterlee
84,Oudemolsedijk,2018-10-23,04:00:00,1,1,0,FMN GV 18 Kasterlee
84,Oudemolsedijk,2018-10-23,05:00:00,2,2,0,FMN GV 18 Kasterlee
84,Oudemolsedijk,2018-10-23,06:00:00,13,5,8,FMN GV 18 Kasterlee
84,Oudemolsedijk,2018-10-23,07:00:00,20,8,12,FMN GV 18 Kasterlee
84,Oudemolsedijk,2018-10-23,08:00:00,18,13,5,FMN GV 18 Kasterlee
84,Oudemolsedijk,2018-10-23,09:00:00,8,4,4,FMN GV 18 Kasterlee
84,Oudemolsedijk,2018-10-23,10:00:00,14,11,3,FMN GV 18 Kasterlee
84,Oudemolsedijk,2018-10-23,11:00:00,16,14,2,FMN GV 18 Kasterlee
84,Oudemolsedijk,2018-10-23,12:00:00,10,9,1,FMN GV 18 Kasterlee
84,Oudemolsedijk,2018-10-23,13:00:00,62,38,24,FMN GV 18 Kasterlee
84,Oudemolsedijk,2018-10-23,14:00:00,72,54,18,FMN GV 18 Kasterlee
84,Oudemolsedijk,2018-10-23,15:00:00,80,47,33,FMN GV 18 Kasterlee
84,Oudemolsedijk,2018-10-23,16:00:00,52,39,13,FMN GV 18 Kasterlee
84,Oudemolsedijk,2018-10-23,17:00:00,18,10,8,FMN GV 18 Kasterlee
84,Oudemolsedijk,2018-10-23,18:00:00,19,4,15,FMN GV 18 Kasterlee
84,Oudemolsedijk,2018-10-23,19:00:00,5,1,4,FMN GV 18 Kasterlee
84,Oudemolsedijk,2018-10-23,20:00:00,4,2,2,FMN GV 18 Kasterlee
84,Oudemolsedijk,2018-10-23,21:00:00,1,0,1,FMN GV 18 Kasterlee
84,Oudemolsedijk,2018-10-23,22:00:00,3,3,0,FMN GV 18 Kasterlee
84,Oudemolsedijk,2018-10-23,23:00:00,1,0,1,FMN GV 18 Kasterlee
84,Oudemolsedijk,2018-10-24,00:00:00,1,1,0,FMN GV 18 Kasterlee
84,Oudemolsedijk,2018-10-24,01:00:00,0,0,0,FMN GV 18 Kasterlee
84,Oudemolsedijk,2018-10-24,02:00:00,0,0,0,FMN GV 18 Kasterlee
84,Oudemolsedijk,2018-10-24,03:00:00,0,0,0,FMN GV 18 Kasterlee
84,Oudemolsedijk,2018-10-24,04:00:00,1,1,0,FMN GV 18 Kasterlee
84,Oudemolsedijk,2018-10-24,05:00:00,3,2,1,FMN GV 18 Kasterlee
84,Oudemolsedijk,2018-10-24,06:00:00,5,1,4,FMN GV 18 Kasterlee
84,Oudemolsedijk,2018-10-24,07:00:00,13,4,9,FMN GV 18 Kasterlee
84,Oudemolsedijk,2018-10-24,08:00:00,18,10,8,FMN GV 18 Kasterlee
84,Oudemolsedijk,2018-10-24,09:00:00,8,6,2,FMN GV 18 Kasterlee
84,Oudemolsedijk,2018-10-24,10:00:00,46,28,18,FMN GV 18 Kasterlee
84,Oudemolsedijk,2018-10-24,11:00:00,17,14,3,FMN GV 18 Kasterlee
84,Oudemolsedijk,2018-10-24,12:00:00,19,8,11,FMN GV 18 Kasterlee
84,Oudemolsedijk,2018-10-24,13:00:00,9,6,3,FMN GV 18 Kasterlee
84,Oudemolsedijk,2018-10-24,14:00:00,34,23,11,FMN GV 18 Kasterlee
84,Oudemolsedijk,2018-10-24,15:00:00,7,5,2,FMN GV 18 Kasterlee
84,Oudemolsedijk,2018-10-24,16:00:00,32,16,16,FMN GV 18 Kasterlee
84,Oudemolsedijk,2018-10-24,17:00:00,16,11,5,FMN GV 18 Kasterlee
84,Oudemolsedijk,2018-10-24,18:00:00,7,5,2,FMN GV 18 Kasterlee
84,Oudemolsedijk,2018-10-24,19:00:00,6,5,1,FMN GV 18 Kasterlee
84,Oudemolsedijk,2018-10-24,20:00:00,7,7,0,FMN GV 18 Kasterlee
84,Oudemolsedijk,2018-10-24,21:00:00,1,0,1,FMN GV 18 Kasterlee
84,Oudemolsedijk,2018-10-24,22:00:00,0,0,0,FMN GV 18 Kasterlee
84,Oudemolsedijk,2018-10-24,23:00:00,2,1,1,FMN GV 18 Kasterlee
84,Oudemolsedijk,2018-10-25,00:00:00,0,0,0,FMN GV 18 Kasterlee
84,Oudemolsedijk,2018-10-25,01:00:00,0,0,0,FMN GV 18 Kasterlee
84,Oudemolsedijk,2018-10-25,02:00:00,0,0,0,FMN GV 18 Kasterlee
84,Oudemolsedijk,2018-10-25,03:00:00,0,0,0,FMN GV 18 Kasterlee
84,Oudemolsedijk,2018-10-25,04:00:00,0,0,0,FMN GV 18 Kasterlee
84,Oudemolsedijk,2018-10-25,05:00:00,3,3,0,FMN GV 18 Kasterlee
84,Oudemolsedijk,2018-10-25,06:00:00,11,5,6,FMN GV 18 Kasterlee
84,Oudemolsedijk,2018-10-25,07:00:00,12,6,6,FMN GV 18 Kasterlee
84,Oudemolsedijk,2018-10-25,08:00:00,16,11,5,FMN GV 18 Kasterlee
84,Oudemolsedijk,2018-10-25,09:00:00,23,3,20,FMN GV 18 Kasterlee
84,Oudemolsedijk,2018-10-25,10:00:00,15,8,7,FMN GV 18 Kasterlee
84,Oudemolsedijk,2018-10-25,11:00:00,12,7,5,FMN GV 18 Kasterlee
84,Oudemolsedijk,2018-10-25,12:00:00,21,10,11,FMN GV 18 Kasterlee
84,Oudemolsedijk,2018-10-25,13:00:00,26,18,8,FMN GV 18 Kasterlee
84,Oudemolsedijk,2018-10-25,14:00:00,67,35,32,FMN GV 18 Kasterlee
84,Oudemolsedijk,2018-10-25,15:00:00,46,35,11,FMN GV 18 Kasterlee
84,Oudemolsedijk,2018-10-25,16:00:00,28,19,9,FMN GV 18 Kasterlee
84,Oudemolsedijk,2018-10-25,17:00:00,25,12,13,FMN GV 18 Kasterlee
84,Oudemolsedijk,2018-10-25,18:00:00,11,5,6,FMN GV 18 Kasterlee
84,Oudemolsedijk,2018-10-25,19:00:00,1,1,0,FMN GV 18 Kasterlee
84,Oudemolsedijk,2018-10-25,20:00:00,5,1,4,FMN GV 18 Kasterlee
84,Oudemolsedijk,2018-10-25,21:00:00,2,1,1,FMN GV 18 Kasterlee
84,Oudemolsedijk,2018-10-25,22:00:00,1,1,0,FMN GV 18 Kasterlee
84,Oudemolsedijk,2018-10-25,23:00:00,0,0,0,FMN GV 18 Kasterlee
84,Oudemolsedijk,2018-10-26,00:00:00,0,0,0,FMN GV 18 Kasterlee
84,Oudemolsedijk,2018-10-26,01:00:00,2,2,0,FMN GV 18 Kasterlee
84,Oudemolsedijk,2018-10-26,02:00:00,0,0,0,FMN GV 18 Kasterlee
84,Oudemolsedijk,2018-10-26,03:00:00,0,0,0,FMN GV 18 Kasterlee
84,Oudemolsedijk,2018-10-26,04:00:00,0,0,0,FMN GV 18 Kasterlee
84,Oudemolsedijk,2018-10-26,05:00:00,2,2,0,FMN GV 18 Kasterlee
84,Oudemolsedijk,2018-10-26,06:00:00,5,1,4,FMN GV 18 Kasterlee
84,Oudemolsedijk,2018-10-26,07:00:00,7,6,1,FMN GV 18 Kasterlee
84,Oudemolsedijk,2018-10-26,08:00:00,18,12,6,FMN GV 18 Kasterlee
84,Oudemolsedijk,2018-10-26,09:00:00,7,3,4,FMN GV 18 Kasterlee
84,Oudemolsedijk,2018-10-26,10:00:00,12,5,7,FMN GV 18 Kasterlee
84,Oudemolsedijk,2018-10-26,11:00:00,6,5,1,FMN GV 18 Kasterlee
84,Oudemolsedijk,2018-10-26,12:00:00,14,9,5,FMN GV 18 Kasterlee
84,Oudemolsedijk,2018-10-26,13:00:00,7,2,5,FMN GV 18 Kasterlee
84,Oudemolsedijk,2018-10-26,14:00:00,19,6,13,FMN GV 18 Kasterlee
84,Oudemolsedijk,2018-10-26,15:00:00,9,6,3,FMN GV 18 Kasterlee
84,Oudemolsedijk,2018-10-26,16:00:00,17,7,10,FMN GV 18 Kasterlee
84,Oudemolsedijk,2018-10-26,17:00:00,7,3,4,FMN GV 18 Kasterlee
84,Oudemolsedijk,2018-10-26,18:00:00,5,2,3,FMN GV 18 Kasterlee
84,Oudemolsedijk,2018-10-26,19:00:00,5,4,1,FMN GV 18 Kasterlee
84,Oudemolsedijk,2018-10-26,20:00:00,0,0,0,FMN GV 18 Kasterlee
84,Oudemolsedijk,2018-10-26,21:00:00,1,0,1,FMN GV 18 Kasterlee
84,Oudemolsedijk,2018-10-26,22:00:00,5,2,3,FMN GV 18 Kasterlee
84,Oudemolsedijk,2018-10-26,23:00:00,1,0,1,FMN GV 18 Kasterlee
84,Oudemolsedijk,2018-10-27,00:00:00,4,2,2,FMN GV 18 Kasterlee
84,Oudemolsedijk,2018-10-27,01:00:00,0,0,0,FMN GV 18 Kasterlee
84,Oudemolsedijk,2018-10-27,02:00:00,0,0,0,FMN GV 18 Kasterlee
84,Oudemolsedijk,2018-10-27,03:00:00,0,0,0,FMN GV 18 Kasterlee
84,Oudemolsedijk,2018-10-27,04:00:00,0,0,0,FMN GV 18 Kasterlee
84,Oudemolsedijk,2018-10-27,05:00:00,1,1,0,FMN GV 18 Kasterlee
84,Oudemolsedijk,2018-10-27,06:00:00,0,0,0,FMN GV 18 Kasterlee
84,Oudemolsedijk,2018-10-27,07:00:00,0,0,0,FMN GV 18 Kasterlee
84,Oudemolsedijk,2018-10-27,08:00:00,5,2,3,FMN GV 18 Kasterlee
84,Oudemolsedijk,2018-10-27,09:00:00,11,5,6,FMN GV 18 Kasterlee
84,Oudemolsedijk,2018-10-27,10:00:00,12,3,9,FMN GV 18 Kasterlee
84,Oudemolsedijk,2018-10-27,11:00:00,5,3,2,FMN GV 18 Kasterlee
84,Oudemolsedijk,2018-10-27,12:00:00,23,7,16,FMN GV 18 Kasterlee
84,Oudemolsedijk,2018-10-27,13:00:00,30,16,14,FMN GV 18 Kasterlee
84,Oudemolsedijk,2018-10-27,14:00:00,45,22,23,FMN GV 18 Kasterlee
84,Oudemolsedijk,2018-10-27,15:00:00,43,26,17,FMN GV 18 Kasterlee
84,Oudemolsedijk,2018-10-27,16:00:00,47,32,15,FMN GV 18 Kasterlee
84,Oudemolsedijk,2018-10-27,17:00:00,27,20,7,FMN GV 18 Kasterlee
84,Oudemolsedijk,2018-10-27,18:00:00,3,3,0,FMN GV 18 Kasterlee
84,Oudemolsedijk,2018-10-27,19:00:00,0,0,0,FMN GV 18 Kasterlee
84,Oudemolsedijk,2018-10-27,20:00:00,0,0,0,FMN GV 18 Kasterlee
84,Oudemolsedijk,2018-10-27,21:00:00,0,0,0,FMN GV 18 Kasterlee
84,Oudemolsedijk,2018-10-27,22:00:00,0,0,0,FMN GV 18 Kasterlee
84,Oudemolsedijk,2018-10-27,23:00:00,1,0,1,FMN GV 18 Kasterlee
84,Oudemolsedijk,2018-10-28,00:00:00,0,0,0,FMN GV 18 Kasterlee
84,Oudemolsedijk,2018-10-28,01:00:00,0,0,0,FMN GV 18 Kasterlee
84,Oudemolsedijk,2018-10-28,02:00:00,0,0,0,FMN GV 18 Kasterlee
84,Oudemolsedijk,2018-10-28,03:00:00,0,0,0,FMN GV 18 Kasterlee
84,Oudemolsedijk,2018-10-28,04:00:00,0,0,0,FMN GV 18 Kasterlee
84,Oudemolsedijk,2018-10-28,05:00:00,0,0,0,FMN GV 18 Kasterlee
84,Oudemolsedijk,2018-10-28,06:00:00,0,0,0,FMN GV 18 Kasterlee
84,Oudemolsedijk,2018-10-28,07:00:00,6,0,6,FMN GV 18 Kasterlee
84,Oudemolsedijk,2018-10-28,08:00:00,11,4,7,FMN GV 18 Kasterlee
84,Oudemolsedijk,2018-10-28,09:00:00,71,48,23,FMN GV 18 Kasterlee
84,Oudemolsedijk,2018-10-28,10:00:00,86,46,40,FMN GV 18 Kasterlee
84,Oudemolsedijk,2018-10-28,11:00:00,38,22,16,FMN GV 18 Kasterlee
84,Oudemolsedijk,2018-10-28,12:00:00,10,7,3,FMN GV 18 Kasterlee
84,Oudemolsedijk,2018-10-28,13:00:00,22,11,11,FMN GV 18 Kasterlee
84,Oudemolsedijk,2018-10-28,14:00:00,25,13,12,FMN GV 18 Kasterlee
84,Oudemolsedijk,2018-10-28,15:00:00,6,2,4,FMN GV 18 Kasterlee
84,Oudemolsedijk,2018-10-28,16:00:00,4,3,1,FMN GV 18 Kasterlee
84,Oudemolsedijk,2018-10-28,17:00:00,6,3,3,FMN GV 18 Kasterlee
84,Oudemolsedijk,2018-10-28,18:00:00,0,0,0,FMN GV 18 Kasterlee
84,Oudemolsedijk,2018-10-28,19:00:00,1,1,0,FMN GV 18 Kasterlee
84,Oudemolsedijk,2018-10-28,20:00:00,1,1,0,FMN GV 18 Kasterlee
84,Oudemolsedijk,2018-10-28,21:00:00,0,0,0,FMN GV 18 Kasterlee
84,Oudemolsedijk,2018-10-28,22:00:00,0,0,0,FMN GV 18 Kasterlee
84,Oudemolsedijk,2018-10-28,23:00:00,1,0,1,FMN GV 18 Kasterlee
84,Oudemolsedijk,2018-10-29,00:00:00,2,0,2,FMN GV 18 Kasterlee
84,Oudemolsedijk,2018-10-29,01:00:00,0,0,0,FMN GV 18 Kasterlee
84,Oudemolsedijk,2018-10-29,02:00:00,0,0,0,FMN GV 18 Kasterlee
84,Oudemolsedijk,2018-10-29,03:00:00,0,0,0,FMN GV 18 Kasterlee
84,Oudemolsedijk,2018-10-29,04:00:00,0,0,0,FMN GV 18 Kasterlee
84,Oudemolsedijk,2018-10-29,05:00:00,4,4,0,FMN GV 18 Kasterlee
84,Oudemolsedijk,2018-10-29,06:00:00,1,0,1,FMN GV 18 Kasterlee
84,Oudemolsedijk,2018-10-29,07:00:00,11,6,5,FMN GV 18 Kasterlee
84,Oudemolsedijk,2018-10-29,08:00:00,6,4,2,FMN GV 18 Kasterlee
84,Oudemolsedijk,2018-10-29,09:00:00,3,2,1,FMN GV 18 Kasterlee
84,Oudemolsedijk,2018-10-29,10:00:00,3,1,2,FMN GV 18 Kasterlee
84,Oudemolsedijk,2018-10-29,11:00:00,4,2,2,FMN GV 18 Kasterlee
84,Oudemolsedijk,2018-10-29,12:00:00,4,4,0,FMN GV 18 Kasterlee
84,Oudemolsedijk,2018-10-29,13:00:00,6,5,1,FMN GV 18 Kasterlee
84,Oudemolsedijk,2018-10-29,14:00:00,9,3,6,FMN GV 18 Kasterlee
84,Oudemolsedijk,2018-10-29,15:00:00,11,8,3,FMN GV 18 Kasterlee
84,Oudemolsedijk,2018-10-29,16:00:00,21,14,7,FMN GV 18 Kasterlee
84,Oudemolsedijk,2018-10-29,17:00:00,6,2,4,FMN GV 18 Kasterlee
84,Oudemolsedijk,2018-10-29,18:00:00,3,1,2,FMN GV 18 Kasterlee
84,Oudemolsedijk,2018-10-29,19:00:00,2,1,1,FMN GV 18 Kasterlee
84,Oudemolsedijk,2018-10-29,20:00:00,0,0,0,FMN GV 18 Kasterlee
84,Oudemolsedijk,2018-10-29,21:00:00,2,2,0,FMN GV 18 Kasterlee
84,Oudemolsedijk,2018-10-29,22:00:00,0,0,0,FMN GV 18 Kasterlee
84,Oudemolsedijk,2018-10-29,23:00:00,1,0,1,FMN GV 18 Kasterlee
84,Oudemolsedijk,2018-10-30,00:00:00,0,0,0,FMN GV 18 Kasterlee
84,Oudemolsedijk,2018-10-30,01:00:00,1,0,1,FMN GV 18 Kasterlee
84,Oudemolsedijk,2018-10-30,02:00:00,0,0,0,FMN GV 18 Kasterlee
84,Oudemolsedijk,2018-10-30,03:00:00,0,0,0,FMN GV 18 Kasterlee
84,Oudemolsedijk,2018-10-30,04:00:00,1,1,0,FMN GV 18 Kasterlee
84,Oudemolsedijk,2018-10-30,05:00:00,2,2,0,FMN GV 18 Kasterlee
84,Oudemolsedijk,2018-10-30,06:00:00,1,1,0,FMN GV 18 Kasterlee
84,Oudemolsedijk,2018-10-30,07:00:00,6,1,5,FMN GV 18 Kasterlee
84,Oudemolsedijk,2018-10-30,08:00:00,2,1,1,FMN GV 18 Kasterlee
84,Oudemolsedijk,2018-10-30,09:00:00,2,0,2,FMN GV 18 Kasterlee
84,Oudemolsedijk,2018-10-30,10:00:00,1,1,0,FMN GV 18 Kasterlee
84,Oudemolsedijk,2018-10-30,11:00:00,2,1,1,FMN GV 18 Kasterlee
84,Oudemolsedijk,2018-10-30,12:00:00,6,5,1,FMN GV 18 Kasterlee
84,Oudemolsedijk,2018-10-30,13:00:00,9,3,6,FMN GV 18 Kasterlee
84,Oudemolsedijk,2018-10-30,14:00:00,2,0,2,FMN GV 18 Kasterlee
84,Oudemolsedijk,2018-10-30,15:00:00,0,0,0,FMN GV 18 Kasterlee
84,Oudemolsedijk,2018-10-30,16:00:00,5,3,2,FMN GV 18 Kasterlee
84,Oudemolsedijk,2018-10-30,17:00:00,4,1,3,FMN GV 18 Kasterlee
84,Oudemolsedijk,2018-10-30,18:00:00,3,2,1,FMN GV 18 Kasterlee
84,Oudemolsedijk,2018-10-30,19:00:00,0,0,0,FMN GV 18 Kasterlee
84,Oudemolsedijk,2018-10-30,20:00:00,3,3,0,FMN GV 18 Kasterlee
84,Oudemolsedijk,2018-10-30,21:00:00,1,1,0,FMN GV 18 Kasterlee
84,Oudemolsedijk,2018-10-30,22:00:00,0,0,0,FMN GV 18 Kasterlee
84,Oudemolsedijk,2018-10-30,23:00:00,0,0,0,FMN GV 18 Kasterlee
84,Oudemolsedijk,2018-10-31,00:00:00,0,0,0,FMN GV 18 Kasterlee
84,Oudemolsedijk,2018-10-31,01:00:00,0,0,0,FMN GV 18 Kasterlee
84,Oudemolsedijk,2018-10-31,02:00:00,0,0,0,FMN GV 18 Kasterlee
84,Oudemolsedijk,2018-10-31,03:00:00,0,0,0,FMN GV 18 Kasterlee
84,Oudemolsedijk,2018-10-31,04:00:00,1,1,0,FMN GV 18 Kasterlee
84,Oudemolsedijk,2018-10-31,05:00:00,0,0,0,FMN GV 18 Kasterlee
84,Oudemolsedijk,2018-10-31,06:00:00,6,5,1,FMN GV 18 Kasterlee
84,Oudemolsedijk,2018-10-31,07:00:00,10,4,6,FMN GV 18 Kasterlee
84,Oudemolsedijk,2018-10-31,08:00:00,4,2,2,FMN GV 18 Kasterlee
84,Oudemolsedijk,2018-10-31,09:00:00,9,2,7,FMN GV 18 Kasterlee
84,Oudemolsedijk,2018-10-31,10:00:00,12,5,7,FMN GV 18 Kasterlee
84,Oudemolsedijk,2018-10-31,11:00:00,8,7,1,FMN GV 18 Kasterlee
84,Oudemolsedijk,2018-10-31,12:00:00,10,8,2,FMN GV 18 Kasterlee
84,Oudemolsedijk,2018-10-31,13:00:00,29,9,20,FMN GV 18 Kasterlee
84,Oudemolsedijk,2018-10-31,14:00:00,35,16,19,FMN GV 18 Kasterlee
84,Oudemolsedijk,2018-10-31,15:00:00,19,12,7,FMN GV 18 Kasterlee
84,Oudemolsedijk,2018-10-31,16:00:00,19,14,5,FMN GV 18 Kasterlee
84,Oudemolsedijk,2018-10-31,17:00:00,12,7,5,FMN GV 18 Kasterlee
84,Oudemolsedijk,2018-10-31,18:00:00,1,1,0,FMN GV 18 Kasterlee
84,Oudemolsedijk,2018-10-31,19:00:00,4,3,1,FMN GV 18 Kasterlee
84,Oudemolsedijk,2018-10-31,20:00:00,5,2,3,FMN GV 18 Kasterlee
84,Oudemolsedijk,2018-10-31,21:00:00,0,0,0,FMN GV 18 Kasterlee
84,Oudemolsedijk,2018-10-31,22:00:00,0,0,0,FMN GV 18 Kasterlee
84,Oudemolsedijk,2018-10-31,23:00:00,0,0,0,FMN GV 18 Kasterlee
84,Oudemolsedijk,2018-11-01,00:00:00,0,0,0,FMN GV 18 Kasterlee
84,Oudemolsedijk,2018-11-01,01:00:00,1,1,0,FMN GV 18 Kasterlee
84,Oudemolsedijk,2018-11-01,02:00:00,0,0,0,FMN GV 18 Kasterlee
84,Oudemolsedijk,2018-11-01,03:00:00,0,0,0,FMN GV 18 Kasterlee
84,Oudemolsedijk,2018-11-01,04:00:00,0,0,0,FMN GV 18 Kasterlee
84,Oudemolsedijk,2018-11-01,05:00:00,0,0,0,FMN GV 18 Kasterlee
84,Oudemolsedijk,2018-11-01,06:00:00,0,0,0,FMN GV 18 Kasterlee
84,Oudemolsedijk,2018-11-01,07:00:00,0,0,0,FMN GV 18 Kasterlee
84,Oudemolsedijk,2018-11-01,08:00:00,0,0,0,FMN GV 18 Kasterlee
84,Oudemolsedijk,2018-11-01,09:00:00,0,0,0,FMN GV 18 Kasterlee
84,Oudemolsedijk,2018-11-01,10:00:00,0,0,0,FMN GV 18 Kasterlee
84,Oudemolsedijk,2018-11-01,11:00:00,0,0,0,FMN GV 18 Kasterlee
84,Oudemolsedijk,2018-11-01,12:00:00,0,0,0,FMN GV 18 Kasterlee
84,Oudemolsedijk,2018-11-01,13:00:00,0,0,0,FMN GV 18 Kasterlee
84,Oudemolsedijk,2018-11-01,14:00:00,0,0,0,FMN GV 18 Kasterlee
84,Oudemolsedijk,2018-11-01,15:00:00,0,0,0,FMN GV 18 Kasterlee
84,Oudemolsedijk,2018-11-01,16:00:00,0,0,0,FMN GV 18 Kasterlee
84,Oudemolsedijk,2018-11-01,17:00:00,0,0,0,FMN GV 18 Kasterlee
84,Oudemolsedijk,2018-11-01,18:00:00,0,0,0,FMN GV 18 Kasterlee
84,Oudemolsedijk,2018-11-01,19:00:00,0,0,0,FMN GV 18 Kasterlee
84,Oudemolsedijk,2018-11-01,20:00:00,0,0,0,FMN GV 18 Kasterlee
84,Oudemolsedijk,2018-11-01,21:00:00,0,0,0,FMN GV 18 Kasterlee
84,Oudemolsedijk,2018-11-01,22:00:00,0,0,0,FMN GV 18 Kasterlee
84,Oudemolsedijk,2018-11-01,23:00:00,0,0,0,FMN GV 18 Kasterlee
84,Oudemolsedijk,2018-11-08,00:00:00,0,0,0,FMN GV 18 Kasterlee
84,Oudemolsedijk,2018-11-08,01:00:00,0,0,0,FMN GV 18 Kasterlee
84,Oudemolsedijk,2018-11-08,02:00:00,0,0,0,FMN GV 18 Kasterlee
84,Oudemolsedijk,2018-11-08,03:00:00,0,0,0,FMN GV 18 Kasterlee
84,Oudemolsedijk,2018-11-08,04:00:00,0,0,0,FMN GV 18 Kasterlee
84,Oudemolsedijk,2018-11-08,05:00:00,0,0,0,FMN GV 18 Kasterlee
84,Oudemolsedijk,2018-11-08,06:00:00,0,0,0,FMN GV 18 Kasterlee
84,Oudemolsedijk,2018-11-08,07:00:00,0,0,0,FMN GV 18 Kasterlee
84,Oudemolsedijk,2018-11-08,08:00:00,14,8,6,FMN GV 18 Kasterlee
84,Oudemolsedijk,2018-11-08,09:00:00,6,2,4,FMN GV 18 Kasterlee
84,Oudemolsedijk,2018-11-08,10:00:00,16,10,6,FMN GV 18 Kasterlee
84,Oudemolsedijk,2018-11-08,11:00:00,11,6,5,FMN GV 18 Kasterlee
84,Oudemolsedijk,2018-11-08,12:00:00,20,10,10,FMN GV 18 Kasterlee
84,Oudemolsedijk,2018-11-08,13:00:00,68,32,36,FMN GV 18 Kasterlee
84,Oudemolsedijk,2018-11-08,14:00:00,79,55,24,FMN GV 18 Kasterlee
84,Oudemolsedijk,2018-11-08,15:00:00,63,39,24,FMN GV 18 Kasterlee
84,Oudemolsedijk,2018-11-08,16:00:00,36,24,12,FMN GV 18 Kasterlee
84,Oudemolsedijk,2018-11-08,17:00:00,25,14,11,FMN GV 18 Kasterlee
84,Oudemolsedijk,2018-11-08,18:00:00,9,4,5,FMN GV 18 Kasterlee
84,Oudemolsedijk,2018-11-08,19:00:00,5,3,2,FMN GV 18 Kasterlee
84,Oudemolsedijk,2018-11-08,20:00:00,3,2,1,FMN GV 18 Kasterlee
84,Oudemolsedijk,2018-11-08,21:00:00,1,1,0,FMN GV 18 Kasterlee
84,Oudemolsedijk,2018-11-08,22:00:00,1,1,0,FMN GV 18 Kasterlee
84,Oudemolsedijk,2018-11-08,23:00:00,0,0,0,FMN GV 18 Kasterlee
84,Oudemolsedijk,2018-11-09,00:00:00,0,0,0,FMN GV 18 Kasterlee
84,Oudemolsedijk,2018-11-09,01:00:00,0,0,0,FMN GV 18 Kasterlee
84,Oudemolsedijk,2018-11-09,02:00:00,0,0,0,FMN GV 18 Kasterlee
84,Oudemolsedijk,2018-11-09,03:00:00,0,0,0,FMN GV 18 Kasterlee
84,Oudemolsedijk,2018-11-09,04:00:00,1,1,0,FMN GV 18 Kasterlee
84,Oudemolsedijk,2018-11-09,05:00:00,2,2,0,FMN GV 18 Kasterlee
84,Oudemolsedijk,2018-11-09,06:00:00,12,6,6,FMN GV 18 Kasterlee
84,Oudemolsedijk,2018-11-09,07:00:00,12,8,4,FMN GV 18 Kasterlee
84,Oudemolsedijk,2018-11-09,08:00:00,18,11,7,FMN GV 18 Kasterlee
84,Oudemolsedijk,2018-11-09,09:00:00,11,6,5,FMN GV 18 Kasterlee
84,Oudemolsedijk,2018-11-09,10:00:00,14,6,8,FMN GV 18 Kasterlee
84,Oudemolsedijk,2018-11-09,11:00:00,9,5,4,FMN GV 18 Kasterlee
84,Oudemolsedijk,2018-11-09,12:00:00,21,12,9,FMN GV 18 Kasterlee
84,Oudemolsedijk,2018-11-09,13:00:00,30,14,16,FMN GV 18 Kasterlee
84,Oudemolsedijk,2018-11-09,14:00:00,54,27,27,FMN GV 18 Kasterlee
84,Oudemolsedijk,2018-11-09,15:00:00,31,18,13,FMN GV 18 Kasterlee
84,Oudemolsedijk,2018-11-09,16:00:00,47,28,19,FMN GV 18 Kasterlee
84,Oudemolsedijk,2018-11-09,17:00:00,10,4,6,FMN GV 18 Kasterlee
84,Oudemolsedijk,2018-11-09,18:00:00,7,3,4,FMN GV 18 Kasterlee
84,Oudemolsedijk,2018-11-09,19:00:00,3,2,1,FMN GV 18 Kasterlee
84,Oudemolsedijk,2018-11-09,20:00:00,0,0,0,FMN GV 18 Kasterlee
84,Oudemolsedijk,2018-11-09,21:00:00,0,0,0,FMN GV 18 Kasterlee
84,Oudemolsedijk,2018-11-09,22:00:00,0,0,0,FMN GV 18 Kasterlee
84,Oudemolsedijk,2018-11-09,23:00:00,1,0,1,FMN GV 18 Kasterlee
84,Oudemolsedijk,2018-11-10,00:00:00,2,2,0,FMN GV 18 Kasterlee
84,Oudemolsedijk,2018-11-10,01:00:00,0,0,0,FMN GV 18 Kasterlee
84,Oudemolsedijk,2018-11-10,02:00:00,0,0,0,FMN GV 18 Kasterlee
84,Oudemolsedijk,2018-11-10,03:00:00,0,0,0,FMN GV 18 Kasterlee
84,Oudemolsedijk,2018-11-10,04:00:00,0,0,0,FMN GV 18 Kasterlee
84,Oudemolsedijk,2018-11-10,05:00:00,1,1,0,FMN GV 18 Kasterlee
84,Oudemolsedijk,2018-11-10,06:00:00,1,0,1,FMN GV 18 Kasterlee
84,Oudemolsedijk,2018-11-10,07:00:00,0,0,0,FMN GV 18 Kasterlee
84,Oudemolsedijk,2018-11-10,08:00:00,2,0,2,FMN GV 18 Kasterlee
84,Oudemolsedijk,2018-11-10,09:00:00,8,5,3,FMN GV 18 Kasterlee
84,Oudemolsedijk,2018-11-10,10:00:00,11,7,4,FMN GV 18 Kasterlee
84,Oudemolsedijk,2018-11-10,11:00:00,4,3,1,FMN GV 18 Kasterlee
84,Oudemolsedijk,2018-11-10,12:00:00,3,1,2,FMN GV 18 Kasterlee
84,Oudemolsedijk,2018-11-10,13:00:00,1,1,0,FMN GV 18 Kasterlee
84,Oudemolsedijk,2018-11-10,14:00:00,33,16,17,FMN GV 18 Kasterlee
84,Oudemolsedijk,2018-11-10,15:00:00,3,2,1,FMN GV 18 Kasterlee
84,Oudemolsedijk,2018-11-10,16:00:00,2,1,1,FMN GV 18 Kasterlee
84,Oudemolsedijk,2018-11-10,17:00:00,0,0,0,FMN GV 18 Kasterlee
84,Oudemolsedijk,2018-11-10,18:00:00,3,2,1,FMN GV 18 Kasterlee
84,Oudemolsedijk,2018-11-10,19:00:00,2,2,0,FMN GV 18 Kasterlee
84,Oudemolsedijk,2018-11-10,20:00:00,0,0,0,FMN GV 18 Kasterlee
84,Oudemolsedijk,2018-11-10,21:00:00,0,0,0,FMN GV 18 Kasterlee
84,Oudemolsedijk,2018-11-10,22:00:00,0,0,0,FMN GV 18 Kasterlee
84,Oudemolsedijk,2018-11-10,23:00:00,0,0,0,FMN GV 18 Kasterlee
84,Oudemolsedijk,2018-11-11,00:00:00,0,0,0,FMN GV 18 Kasterlee
84,Oudemolsedijk,2018-11-11,01:00:00,0,0,0,FMN GV 18 Kasterlee
84,Oudemolsedijk,2018-11-11,02:00:00,0,0,0,FMN GV 18 Kasterlee
84,Oudemolsedijk,2018-11-11,03:00:00,1,1,0,FMN GV 18 Kasterlee
84,Oudemolsedijk,2018-11-11,04:00:00,0,0,0,FMN GV 18 Kasterlee
84,Oudemolsedijk,2018-11-11,05:00:00,0,0,0,FMN GV 18 Kasterlee
84,Oudemolsedijk,2018-11-11,06:00:00,1,0,1,FMN GV 18 Kasterlee
84,Oudemolsedijk,2018-11-11,07:00:00,0,0,0,FMN GV 18 Kasterlee
84,Oudemolsedijk,2018-11-11,08:00:00,4,0,4,FMN GV 18 Kasterlee
84,Oudemolsedijk,2018-11-11,09:00:00,19,6,13,FMN GV 18 Kasterlee
84,Oudemolsedijk,2018-11-11,10:00:00,31,17,14,FMN GV 18 Kasterlee
84,Oudemolsedijk,2018-11-11,11:00:00,22,10,12,FMN GV 18 Kasterlee
84,Oudemolsedijk,2018-11-11,12:00:00,2,2,0,FMN GV 18 Kasterlee
84,Oudemolsedijk,2018-11-11,13:00:00,4,3,1,FMN GV 18 Kasterlee
84,Oudemolsedijk,2018-11-11,14:00:00,13,5,8,FMN GV 18 Kasterlee
84,Oudemolsedijk,2018-11-11,15:00:00,4,2,2,FMN GV 18 Kasterlee
84,Oudemolsedijk,2018-11-11,16:00:00,1,1,0,FMN GV 18 Kasterlee
84,Oudemolsedijk,2018-11-11,17:00:00,0,0,0,FMN GV 18 Kasterlee
84,Oudemolsedijk,2018-11-11,18:00:00,0,0,0,FMN GV 18 Kasterlee
84,Oudemolsedijk,2018-11-11,19:00:00,0,0,0,FMN GV 18 Kasterlee
84,Oudemolsedijk,2018-11-11,20:00:00,1,0,1,FMN GV 18 Kasterlee
84,Oudemolsedijk,2018-11-11,21:00:00,0,0,0,FMN GV 18 Kasterlee
84,Oudemolsedijk,2018-11-11,22:00:00,0,0,0,FMN GV 18 Kasterlee
84,Oudemolsedijk,2018-11-11,23:00:00,1,0,1,FMN GV 18 Kasterlee
84,Oudemolsedijk,2018-11-12,00:00:00,0,0,0,FMN GV 18 Kasterlee
84,Oudemolsedijk,2018-11-12,01:00:00,0,0,0,FMN GV 18 Kasterlee
84,Oudemolsedijk,2018-11-12,02:00:00,0,0,0,FMN GV 18 Kasterlee
84,Oudemolsedijk,2018-11-12,03:00:00,0,0,0,FMN GV 18 Kasterlee
84,Oudemolsedijk,2018-11-12,04:00:00,2,2,0,FMN GV 18 Kasterlee
84,Oudemolsedijk,2018-11-12,05:00:00,1,1,0,FMN GV 18 Kasterlee
84,Oudemolsedijk,2018-11-12,06:00:00,6,2,4,FMN GV 18 Kasterlee
84,Oudemolsedijk,2018-11-12,07:00:00,7,3,4,FMN GV 18 Kasterlee
84,Oudemolsedijk,2018-11-12,08:00:00,5,4,1,FMN GV 18 Kasterlee
84,Oudemolsedijk,2018-11-12,09:00:00,3,1,2,FMN GV 18 Kasterlee
84,Oudemolsedijk,2018-11-12,10:00:00,2,1,1,FMN GV 18 Kasterlee
84,Oudemolsedijk,2018-11-12,11:00:00,0,0,0,FMN GV 18 Kasterlee
84,Oudemolsedijk,2018-11-12,12:00:00,4,3,1,FMN GV 18 Kasterlee
84,Oudemolsedijk,2018-11-12,13:00:00,1,1,0,FMN GV 18 Kasterlee
84,Oudemolsedijk,2018-11-12,14:00:00,5,2,3,FMN GV 18 Kasterlee
84,Oudemolsedijk,2018-11-12,15:00:00,13,3,10,FMN GV 18 Kasterlee
84,Oudemolsedijk,2018-11-12,16:00:00,9,6,3,FMN GV 18 Kasterlee
84,Oudemolsedijk,2018-11-12,17:00:00,6,3,3,FMN GV 18 Kasterlee
84,Oudemolsedijk,2018-11-12,18:00:00,5,4,1,FMN GV 18 Kasterlee
84,Oudemolsedijk,2018-11-12,19:00:00,3,2,1,FMN GV 18 Kasterlee
84,Oudemolsedijk,2018-11-12,20:00:00,2,0,2,FMN GV 18 Kasterlee
84,Oudemolsedijk,2018-11-12,21:00:00,0,0,0,FMN GV 18 Kasterlee
84,Oudemolsedijk,2018-11-12,22:00:00,0,0,0,FMN GV 18 Kasterlee
84,Oudemolsedijk,2018-11-12,23:00:00,0,0,0,FMN GV 18 Kasterlee
84,Oudemolsedijk,2018-11-13,00:00:00,0,0,0,FMN GV 18 Kasterlee
84,Oudemolsedijk,2018-11-13,01:00:00,0,0,0,FMN GV 18 Kasterlee
84,Oudemolsedijk,2018-11-13,02:00:00,0,0,0,FMN GV 18 Kasterlee
84,Oudemolsedijk,2018-11-13,03:00:00,0,0,0,FMN GV 18 Kasterlee
84,Oudemolsedijk,2018-11-13,04:00:00,2,2,0,FMN GV 18 Kasterlee
84,Oudemolsedijk,2018-11-13,05:00:00,1,1,0,FMN GV 18 Kasterlee
84,Oudemolsedijk,2018-11-13,06:00:00,12,7,5,FMN GV 18 Kasterlee
84,Oudemolsedijk,2018-11-13,07:00:00,16,10,6,FMN GV 18 Kasterlee
84,Oudemolsedijk,2018-11-13,08:00:00,19,12,7,FMN GV 18 Kasterlee
84,Oudemolsedijk,2018-11-13,09:00:00,7,3,4,FMN GV 18 Kasterlee
84,Oudemolsedijk,2018-11-13,10:00:00,23,19,4,FMN GV 18 Kasterlee
84,Oudemolsedijk,2018-11-13,11:00:00,5,4,1,FMN GV 18 Kasterlee
84,Oudemolsedijk,2018-11-13,12:00:00,16,8,8,FMN GV 18 Kasterlee
84,Oudemolsedijk,2018-11-13,13:00:00,54,16,38,FMN GV 18 Kasterlee
84,Oudemolsedijk,2018-11-13,14:00:00,27,12,15,FMN GV 18 Kasterlee
84,Oudemolsedijk,2018-11-13,15:00:00,51,39,12,FMN GV 18 Kasterlee
84,Oudemolsedijk,2018-11-13,16:00:00,28,7,21,FMN GV 18 Kasterlee
84,Oudemolsedijk,2018-11-13,17:00:00,21,8,13,FMN GV 18 Kasterlee
84,Oudemolsedijk,2018-11-13,18:00:00,9,6,3,FMN GV 18 Kasterlee
84,Oudemolsedijk,2018-11-13,19:00:00,2,0,2,FMN GV 18 Kasterlee
84,Oudemolsedijk,2018-11-13,20:00:00,2,0,2,FMN GV 18 Kasterlee
84,Oudemolsedijk,2018-11-13,21:00:00,2,2,0,FMN GV 18 Kasterlee
84,Oudemolsedijk,2018-11-13,22:00:00,3,2,1,FMN GV 18 Kasterlee
84,Oudemolsedijk,2018-11-13,23:00:00,1,0,1,FMN GV 18 Kasterlee
84,Oudemolsedijk,2018-11-14,00:00:00,0,0,0,FMN GV 18 Kasterlee
84,Oudemolsedijk,2018-11-14,01:00:00,0,0,0,FMN GV 18 Kasterlee
84,Oudemolsedijk,2018-11-14,02:00:00,0,0,0,FMN GV 18 Kasterlee
84,Oudemolsedijk,2018-11-14,03:00:00,0,0,0,FMN GV 18 Kasterlee
84,Oudemolsedijk,2018-11-14,04:00:00,3,3,0,FMN GV 18 Kasterlee
84,Oudemolsedijk,2018-11-14,05:00:00,0,0,0,FMN GV 18 Kasterlee
84,Oudemolsedijk,2018-11-14,06:00:00,13,7,6,FMN GV 18 Kasterlee
84,Oudemolsedijk,2018-11-14,07:00:00,23,9,14,FMN GV 18 Kasterlee
84,Oudemolsedijk,2018-11-14,08:00:00,15,8,7,FMN GV 18 Kasterlee
84,Oudemolsedijk,2018-11-14,09:00:00,12,3,9,FMN GV 18 Kasterlee
84,Oudemolsedijk,2018-11-14,10:00:00,14,3,11,FMN GV 18 Kasterlee
84,Oudemolsedijk,2018-11-14,11:00:00,17,5,12,FMN GV 18 Kasterlee
84,Oudemolsedijk,2018-11-14,12:00:00,19,9,10,FMN GV 18 Kasterlee
84,Oudemolsedijk,2018-11-14,13:00:00,63,29,34,FMN GV 18 Kasterlee
84,Oudemolsedijk,2018-11-14,14:00:00,70,40,30,FMN GV 18 Kasterlee
84,Oudemolsedijk,2018-11-14,15:00:00,49,26,23,FMN GV 18 Kasterlee
84,Oudemolsedijk,2018-11-14,16:00:00,32,22,10,FMN GV 18 Kasterlee
84,Oudemolsedijk,2018-11-14,17:00:00,13,7,6,FMN GV 18 Kasterlee
84,Oudemolsedijk,2018-11-14,18:00:00,15,13,2,FMN GV 18 Kasterlee
84,Oudemolsedijk,2018-11-14,19:00:00,10,6,4,FMN GV 18 Kasterlee
84,Oudemolsedijk,2018-11-14,20:00:00,37,17,20,FMN GV 18 Kasterlee
84,Oudemolsedijk,2018-11-14,21:00:00,0,0,0,FMN GV 18 Kasterlee
84,Oudemolsedijk,2018-11-14,22:00:00,2,1,1,FMN GV 18 Kasterlee
84,Oudemolsedijk,2018-11-14,23:00:00,0,0,0,FMN GV 18 Kasterlee
84,Oudemolsedijk,2018-11-15,00:00:00,1,1,0,FMN GV 18 Kasterlee
84,Oudemolsedijk,2018-11-15,01:00:00,0,0,0,FMN GV 18 Kasterlee
84,Oudemolsedijk,2018-11-15,02:00:00,0,0,0,FMN GV 18 Kasterlee
84,Oudemolsedijk,2018-11-15,03:00:00,0,0,0,FMN GV 18 Kasterlee
84,Oudemolsedijk,2018-11-15,04:00:00,1,1,0,FMN GV 18 Kasterlee
84,Oudemolsedijk,2018-11-15,05:00:00,2,2,0,FMN GV 18 Kasterlee
84,Oudemolsedijk,2018-11-15,06:00:00,10,6,4,FMN GV 18 Kasterlee
84,Oudemolsedijk,2018-11-15,07:00:00,18,9,9,FMN GV 18 Kasterlee
84,Oudemolsedijk,2018-11-15,08:00:00,18,10,8,FMN GV 18 Kasterlee
84,Oudemolsedijk,2018-11-15,09:00:00,28,5,23,FMN GV 18 Kasterlee
84,Oudemolsedijk,2018-11-15,10:00:00,4,3,1,FMN GV 18 Kasterlee
84,Oudemolsedijk,2018-11-15,11:00:00,16,6,10,FMN GV 18 Kasterlee
84,Oudemolsedijk,2018-11-15,12:00:00,33,9,24,FMN GV 18 Kasterlee
84,Oudemolsedijk,2018-11-15,13:00:00,48,14,34,FMN GV 18 Kasterlee
84,Oudemolsedijk,2018-11-15,14:00:00,69,25,44,FMN GV 18 Kasterlee
84,Oudemolsedijk,2018-11-15,15:00:00,97,73,24,FMN GV 18 Kasterlee
84,Oudemolsedijk,2018-11-15,16:00:00,66,30,36,FMN GV 18 Kasterlee
84,Oudemolsedijk,2018-11-15,17:00:00,29,11,18,FMN GV 18 Kasterlee
84,Oudemolsedijk,2018-11-15,18:00:00,6,5,1,FMN GV 18 Kasterlee
84,Oudemolsedijk,2018-11-15,19:00:00,6,4,2,FMN GV 18 Kasterlee
84,Oudemolsedijk,2018-11-15,20:00:00,2,1,1,FMN GV 18 Kasterlee
84,Oudemolsedijk,2018-11-15,21:00:00,1,0,1,FMN GV 18 Kasterlee
84,Oudemolsedijk,2018-11-15,22:00:00,0,0,0,FMN GV 18 Kasterlee
84,Oudemolsedijk,2018-11-15,23:00:00,1,1,0,FMN GV 18 Kasterlee
84,Oudemolsedijk,2018-11-16,00:00:00,0,0,0,FMN GV 18 Kasterlee
84,Oudemolsedijk,2018-11-16,01:00:00,0,0,0,FMN GV 18 Kasterlee
84,Oudemolsedijk,2018-11-16,02:00:00,0,0,0,FMN GV 18 Kasterlee
84,Oudemolsedijk,2018-11-16,03:00:00,0,0,0,FMN GV 18 Kasterlee
84,Oudemolsedijk,2018-11-16,04:00:00,2,2,0,FMN GV 18 Kasterlee
84,Oudemolsedijk,2018-11-16,05:00:00,1,1,0,FMN GV 18 Kasterlee
84,Oudemolsedijk,2018-11-16,06:00:00,13,7,6,FMN GV 18 Kasterlee
84,Oudemolsedijk,2018-11-16,07:00:00,7,2,5,FMN GV 18 Kasterlee
84,Oudemolsedijk,2018-11-16,08:00:00,17,12,5,FMN GV 18 Kasterlee
84,Oudemolsedijk,2018-11-16,09:00:00,4,2,2,FMN GV 18 Kasterlee
84,Oudemolsedijk,2018-11-16,10:00:00,7,5,2,FMN GV 18 Kasterlee
84,Oudemolsedijk,2018-11-16,11:00:00,7,3,4,FMN GV 18 Kasterlee
84,Oudemolsedijk,2018-11-16,12:00:00,6,2,4,FMN GV 18 Kasterlee
84,Oudemolsedijk,2018-11-16,13:00:00,19,2,17,FMN GV 18 Kasterlee
84,Oudemolsedijk,2018-11-16,14:00:00,14,6,8,FMN GV 18 Kasterlee
84,Oudemolsedijk,2018-11-16,15:00:00,14,8,6,FMN GV 18 Kasterlee
84,Oudemolsedijk,2018-11-16,16:00:00,25,17,8,FMN GV 18 Kasterlee
84,Oudemolsedijk,2018-11-16,17:00:00,6,2,4,FMN GV 18 Kasterlee
84,Oudemolsedijk,2018-11-16,18:00:00,3,1,2,FMN GV 18 Kasterlee
84,Oudemolsedijk,2018-11-16,19:00:00,1,1,0,FMN GV 18 Kasterlee
84,Oudemolsedijk,2018-11-16,20:00:00,0,0,0,FMN GV 18 Kasterlee
84,Oudemolsedijk,2018-11-16,21:00:00,2,0,2,FMN GV 18 Kasterlee
84,Oudemolsedijk,2018-11-16,22:00:00,1,1,0,FMN GV 18 Kasterlee
84,Oudemolsedijk,2018-11-16,23:00:00,0,0,0,FMN GV 18 Kasterlee
84,Oudemolsedijk,2018-11-17,00:00:00,1,0,1,FMN GV 18 Kasterlee
84,Oudemolsedijk,2018-11-17,01:00:00,0,0,0,FMN GV 18 Kasterlee
84,Oudemolsedijk,2018-11-17,02:00:00,4,4,0,FMN GV 18 Kasterlee
84,Oudemolsedijk,2018-11-17,03:00:00,0,0,0,FMN GV 18 Kasterlee
84,Oudemolsedijk,2018-11-17,04:00:00,0,0,0,FMN GV 18 Kasterlee
84,Oudemolsedijk,2018-11-17,05:00:00,0,0,0,FMN GV 18 Kasterlee
84,Oudemolsedijk,2018-11-17,06:00:00,1,1,0,FMN GV 18 Kasterlee
84,Oudemolsedijk,2018-11-17,07:00:00,0,0,0,FMN GV 18 Kasterlee
84,Oudemolsedijk,2018-11-17,08:00:00,3,3,0,FMN GV 18 Kasterlee
84,Oudemolsedijk,2018-11-17,09:00:00,8,2,6,FMN GV 18 Kasterlee
84,Oudemolsedijk,2018-11-17,10:00:00,13,2,11,FMN GV 18 Kasterlee
84,Oudemolsedijk,2018-11-17,11:00:00,11,5,6,FMN GV 18 Kasterlee
84,Oudemolsedijk,2018-11-17,12:00:00,21,3,18,FMN GV 18 Kasterlee
84,Oudemolsedijk,2018-11-17,13:00:00,40,29,11,FMN GV 18 Kasterlee
84,Oudemolsedijk,2018-11-17,14:00:00,36,19,17,FMN GV 18 Kasterlee
84,Oudemolsedijk,2018-11-17,15:00:00,59,50,9,FMN GV 18 Kasterlee
84,Oudemolsedijk,2018-11-17,16:00:00,24,14,10,FMN GV 18 Kasterlee
84,Oudemolsedijk,2018-11-17,17:00:00,3,2,1,FMN GV 18 Kasterlee
84,Oudemolsedijk,2018-11-17,18:00:00,1,0,1,FMN GV 18 Kasterlee
84,Oudemolsedijk,2018-11-17,19:00:00,2,2,0,FMN GV 18 Kasterlee
84,Oudemolsedijk,2018-11-17,20:00:00,0,0,0,FMN GV 18 Kasterlee
84,Oudemolsedijk,2018-11-17,21:00:00,0,0,0,FMN GV 18 Kasterlee
84,Oudemolsedijk,2018-11-17,22:00:00,0,0,0,FMN GV 18 Kasterlee
84,Oudemolsedijk,2018-11-17,23:00:00,2,0,2,FMN GV 18 Kasterlee
84,Oudemolsedijk,2018-11-18,00:00:00,1,0,1,FMN GV 18 Kasterlee
84,Oudemolsedijk,2018-11-18,01:00:00,1,1,0,FMN GV 18 Kasterlee
84,Oudemolsedijk,2018-11-18,02:00:00,0,0,0,FMN GV 18 Kasterlee
84,Oudemolsedijk,2018-11-18,03:00:00,0,0,0,FMN GV 18 Kasterlee
84,Oudemolsedijk,2018-11-18,04:00:00,0,0,0,FMN GV 18 Kasterlee
84,Oudemolsedijk,2018-11-18,05:00:00,1,1,0,FMN GV 18 Kasterlee
84,Oudemolsedijk,2018-11-18,06:00:00,1,1,0,FMN GV 18 Kasterlee
84,Oudemolsedijk,2018-11-18,07:00:00,1,0,1,FMN GV 18 Kasterlee
84,Oudemolsedijk,2018-11-18,08:00:00,20,2,18,FMN GV 18 Kasterlee
84,Oudemolsedijk,2018-11-18,09:00:00,34,17,17,FMN GV 18 Kasterlee
84,Oudemolsedijk,2018-11-18,10:00:00,47,26,21,FMN GV 18 Kasterlee
84,Oudemolsedijk,2018-11-18,11:00:00,43,17,26,FMN GV 18 Kasterlee
84,Oudemolsedijk,2018-11-18,12:00:00,34,17,17,FMN GV 18 Kasterlee
84,Oudemolsedijk,2018-11-18,13:00:00,29,17,12,FMN GV 18 Kasterlee
84,Oudemolsedijk,2018-11-18,14:00:00,42,22,20,FMN GV 18 Kasterlee
84,Oudemolsedijk,2018-11-18,15:00:00,32,16,16,FMN GV 18 Kasterlee
84,Oudemolsedijk,2018-11-18,16:00:00,11,5,6,FMN GV 18 Kasterlee
84,Oudemolsedijk,2018-11-18,17:00:00,2,1,1,FMN GV 18 Kasterlee
84,Oudemolsedijk,2018-11-18,18:00:00,3,1,2,FMN GV 18 Kasterlee
84,Oudemolsedijk,2018-11-18,19:00:00,0,0,0,FMN GV 18 Kasterlee
84,Oudemolsedijk,2018-11-18,20:00:00,1,1,0,FMN GV 18 Kasterlee
84,Oudemolsedijk,2018-11-18,21:00:00,0,0,0,FMN GV 18 Kasterlee
84,Oudemolsedijk,2018-11-18,22:00:00,0,0,0,FMN GV 18 Kasterlee
84,Oudemolsedijk,2018-11-18,23:00:00,0,0,0,FMN GV 18 Kasterlee
84,Oudemolsedijk,2018-11-19,00:00:00,0,0,0,FMN GV 18 Kasterlee
84,Oudemolsedijk,2018-11-19,01:00:00,0,0,0,FMN GV 18 Kasterlee
84,Oudemolsedijk,2018-11-19,02:00:00,0,0,0,FMN GV 18 Kasterlee
84,Oudemolsedijk,2018-11-19,03:00:00,0,0,0,FMN GV 18 Kasterlee
84,Oudemolsedijk,2018-11-19,04:00:00,0,0,0,FMN GV 18 Kasterlee
84,Oudemolsedijk,2018-11-19,05:00:00,3,3,0,FMN GV 18 Kasterlee
84,Oudemolsedijk,2018-11-19,06:00:00,8,3,5,FMN GV 18 Kasterlee
84,Oudemolsedijk,2018-11-19,07:00:00,14,8,6,FMN GV 18 Kasterlee
84,Oudemolsedijk,2018-11-19,08:00:00,12,9,3,FMN GV 18 Kasterlee
84,Oudemolsedijk,2018-11-19,09:00:00,5,3,2,FMN GV 18 Kasterlee
84,Oudemolsedijk,2018-11-19,10:00:00,3,2,1,FMN GV 18 Kasterlee
84,Oudemolsedijk,2018-11-19,11:00:00,4,1,3,FMN GV 18 Kasterlee
84,Oudemolsedijk,2018-11-19,12:00:00,8,6,2,FMN GV 18 Kasterlee
84,Oudemolsedijk,2018-11-19,13:00:00,10,2,8,FMN GV 18 Kasterlee
84,Oudemolsedijk,2018-11-19,14:00:00,7,2,5,FMN GV 18 Kasterlee
84,Oudemolsedijk,2018-11-19,15:00:00,16,11,5,FMN GV 18 Kasterlee
84,Oudemolsedijk,2018-11-19,16:00:00,20,11,9,FMN GV 18 Kasterlee
84,Oudemolsedijk,2018-11-19,17:00:00,8,2,6,FMN GV 18 Kasterlee
84,Oudemolsedijk,2018-11-19,18:00:00,8,4,4,FMN GV 18 Kasterlee
84,Oudemolsedijk,2018-11-19,19:00:00,1,1,0,FMN GV 18 Kasterlee
84,Oudemolsedijk,2018-11-19,20:00:00,2,1,1,FMN GV 18 Kasterlee
84,Oudemolsedijk,2018-11-19,21:00:00,2,0,2,FMN GV 18 Kasterlee
84,Oudemolsedijk,2018-11-19,22:00:00,1,0,1,FMN GV 18 Kasterlee
84,Oudemolsedijk,2018-11-19,23:00:00,0,0,0,FMN GV 18 Kasterlee
84,Oudemolsedijk,2018-11-20,00:00:00,0,0,0,FMN GV 18 Kasterlee
84,Oudemolsedijk,2018-11-20,01:00:00,0,0,0,FMN GV 18 Kasterlee
84,Oudemolsedijk,2018-11-20,02:00:00,0,0,0,FMN GV 18 Kasterlee
84,Oudemolsedijk,2018-11-20,03:00:00,0,0,0,FMN GV 18 Kasterlee
84,Oudemolsedijk,2018-11-20,04:00:00,0,0,0,FMN GV 18 Kasterlee
84,Oudemolsedijk,2018-11-20,05:00:00,2,2,0,FMN GV 18 Kasterlee
84,Oudemolsedijk,2018-11-20,06:00:00,10,5,5,FMN GV 18 Kasterlee
84,Oudemolsedijk,2018-11-20,07:00:00,12,3,9,FMN GV 18 Kasterlee
84,Oudemolsedijk,2018-11-20,08:00:00,16,11,5,FMN GV 18 Kasterlee
84,Oudemolsedijk,2018-11-20,09:00:00,2,1,1,FMN GV 18 Kasterlee
84,Oudemolsedijk,2018-11-20,10:00:00,18,11,7,FMN GV 18 Kasterlee
84,Oudemolsedijk,2018-11-20,11:00:00,5,3,2,FMN GV 18 Kasterlee
84,Oudemolsedijk,2018-11-20,12:00:00,9,7,2,FMN GV 18 Kasterlee
84,Oudemolsedijk,2018-11-20,13:00:00,28,16,12,FMN GV 18 Kasterlee
84,Oudemolsedijk,2018-11-20,14:00:00,15,8,7,FMN GV 18 Kasterlee
84,Oudemolsedijk,2018-11-20,15:00:00,9,4,5,FMN GV 18 Kasterlee
84,Oudemolsedijk,2018-11-20,16:00:00,21,12,9,FMN GV 18 Kasterlee
84,Oudemolsedijk,2018-11-20,17:00:00,15,5,10,FMN GV 18 Kasterlee
84,Oudemolsedijk,2018-11-20,18:00:00,9,5,4,FMN GV 18 Kasterlee
84,Oudemolsedijk,2018-11-20,19:00:00,4,0,4,FMN GV 18 Kasterlee
84,Oudemolsedijk,2018-11-20,20:00:00,5,3,2,FMN GV 18 Kasterlee
84,Oudemolsedijk,2018-11-20,21:00:00,3,0,3,FMN GV 18 Kasterlee
84,Oudemolsedijk,2018-11-20,22:00:00,2,2,0,FMN GV 18 Kasterlee
84,Oudemolsedijk,2018-11-20,23:00:00,1,0,1,FMN GV 18 Kasterlee
84,Oudemolsedijk,2018-11-21,00:00:00,0,0,0,FMN GV 18 Kasterlee
84,Oudemolsedijk,2018-11-21,01:00:00,0,0,0,FMN GV 18 Kasterlee
84,Oudemolsedijk,2018-11-21,02:00:00,0,0,0,FMN GV 18 Kasterlee
84,Oudemolsedijk,2018-11-21,03:00:00,0,0,0,FMN GV 18 Kasterlee
84,Oudemolsedijk,2018-11-21,04:00:00,0,0,0,FMN GV 18 Kasterlee
84,Oudemolsedijk,2018-11-21,05:00:00,2,2,0,FMN GV 18 Kasterlee
84,Oudemolsedijk,2018-11-21,06:00:00,9,4,5,FMN GV 18 Kasterlee
84,Oudemolsedijk,2018-11-21,07:00:00,13,7,6,FMN GV 18 Kasterlee
84,Oudemolsedijk,2018-11-21,08:00:00,17,12,5,FMN GV 18 Kasterlee
84,Oudemolsedijk,2018-11-21,09:00:00,26,3,23,FMN GV 18 Kasterlee
84,Oudemolsedijk,2018-11-21,10:00:00,8,4,4,FMN GV 18 Kasterlee
84,Oudemolsedijk,2018-11-21,11:00:00,9,7,2,FMN GV 18 Kasterlee
84,Oudemolsedijk,2018-11-21,12:00:00,15,6,9,FMN GV 18 Kasterlee
84,Oudemolsedijk,2018-11-21,13:00:00,23,9,14,FMN GV 18 Kasterlee
84,Oudemolsedijk,2018-11-21,14:00:00,21,9,12,FMN GV 18 Kasterlee
84,Oudemolsedijk,2018-11-21,15:00:00,14,6,8,FMN GV 18 Kasterlee
84,Oudemolsedijk,2018-11-21,16:00:00,18,11,7,FMN GV 18 Kasterlee
84,Oudemolsedijk,2018-11-21,17:00:00,8,4,4,FMN GV 18 Kasterlee
84,Oudemolsedijk,2018-11-21,18:00:00,15,4,11,FMN GV 18 Kasterlee
84,Oudemolsedijk,2018-11-21,19:00:00,2,0,2,FMN GV 18 Kasterlee
84,Oudemolsedijk,2018-11-21,20:00:00,19,19,0,FMN GV 18 Kasterlee
84,Oudemolsedijk,2018-11-21,21:00:00,1,0,1,FMN GV 18 Kasterlee
84,Oudemolsedijk,2018-11-21,22:00:00,1,1,0,FMN GV 18 Kasterlee
84,Oudemolsedijk,2018-11-21,23:00:00,0,0,0,FMN GV 18 Kasterlee
84,Oudemolsedijk,2018-11-22,00:00:00,0,0,0,FMN GV 18 Kasterlee
84,Oudemolsedijk,2018-11-22,01:00:00,0,0,0,FMN GV 18 Kasterlee
84,Oudemolsedijk,2018-11-22,02:00:00,0,0,0,FMN GV 18 Kasterlee
84,Oudemolsedijk,2018-11-22,03:00:00,0,0,0,FMN GV 18 Kasterlee
84,Oudemolsedijk,2018-11-22,04:00:00,0,0,0,FMN GV 18 Kasterlee
84,Oudemolsedijk,2018-11-22,05:00:00,1,1,0,FMN GV 18 Kasterlee
84,Oudemolsedijk,2018-11-22,06:00:00,8,5,3,FMN GV 18 Kasterlee
84,Oudemolsedijk,2018-11-22,07:00:00,18,9,9,FMN GV 18 Kasterlee
84,Oudemolsedijk,2018-11-22,08:00:00,21,14,7,FMN GV 18 Kasterlee
84,Oudemolsedijk,2018-11-22,09:00:00,13,0,13,FMN GV 18 Kasterlee
84,Oudemolsedijk,2018-11-22,10:00:00,9,6,3,FMN GV 18 Kasterlee
84,Oudemolsedijk,2018-11-22,11:00:00,11,7,4,FMN GV 18 Kasterlee
84,Oudemolsedijk,2018-11-22,12:00:00,11,2,9,FMN GV 18 Kasterlee
84,Oudemolsedijk,2018-11-22,13:00:00,48,14,34,FMN GV 18 Kasterlee
84,Oudemolsedijk,2018-11-22,14:00:00,37,14,23,FMN GV 18 Kasterlee
84,Oudemolsedijk,2018-11-22,15:00:00,37,20,17,FMN GV 18 Kasterlee
84,Oudemolsedijk,2018-11-22,16:00:00,23,12,11,FMN GV 18 Kasterlee
84,Oudemolsedijk,2018-11-22,17:00:00,20,7,13,FMN GV 18 Kasterlee
84,Oudemolsedijk,2018-11-22,18:00:00,11,4,7,FMN GV 18 Kasterlee
84,Oudemolsedijk,2018-11-22,19:00:00,3,0,3,FMN GV 18 Kasterlee
84,Oudemolsedijk,2018-11-22,20:00:00,4,2,2,FMN GV 18 Kasterlee
84,Oudemolsedijk,2018-11-22,21:00:00,1,0,1,FMN GV 18 Kasterlee
84,Oudemolsedijk,2018-11-22,22:00:00,1,1,0,FMN GV 18 Kasterlee
84,Oudemolsedijk,2018-11-22,23:00:00,1,1,0,FMN GV 18 Kasterlee
84,Oudemolsedijk,2018-11-23,00:00:00,0,0,0,FMN GV 18 Kasterlee
84,Oudemolsedijk,2018-11-23,01:00:00,0,0,0,FMN GV 18 Kasterlee
84,Oudemolsedijk,2018-11-23,02:00:00,0,0,0,FMN GV 18 Kasterlee
84,Oudemolsedijk,2018-11-23,03:00:00,0,0,0,FMN GV 18 Kasterlee
84,Oudemolsedijk,2018-11-23,04:00:00,0,0,0,FMN GV 18 Kasterlee
84,Oudemolsedijk,2018-11-23,05:00:00,2,2,0,FMN GV 18 Kasterlee
84,Oudemolsedijk,2018-11-23,06:00:00,9,4,5,FMN GV 18 Kasterlee
84,Oudemolsedijk,2018-11-23,07:00:00,8,6,2,FMN GV 18 Kasterlee
84,Oudemolsedijk,2018-11-23,08:00:00,14,10,4,FMN GV 18 Kasterlee
84,Oudemolsedijk,2018-11-23,09:00:00,6,3,3,FMN GV 18 Kasterlee
84,Oudemolsedijk,2018-11-23,10:00:00,12,5,7,FMN GV 18 Kasterlee
84,Oudemolsedijk,2018-11-23,11:00:00,7,6,1,FMN GV 18 Kasterlee
84,Oudemolsedijk,2018-11-23,12:00:00,12,5,7,FMN GV 18 Kasterlee
84,Oudemolsedijk,2018-11-23,13:00:00,26,7,19,FMN GV 18 Kasterlee
84,Oudemolsedijk,2018-11-23,14:00:00,40,23,17,FMN GV 18 Kasterlee
84,Oudemolsedijk,2018-11-23,15:00:00,30,17,13,FMN GV 18 Kasterlee
84,Oudemolsedijk,2018-11-23,16:00:00,22,8,14,FMN GV 18 Kasterlee
84,Oudemolsedijk,2018-11-23,17:00:00,9,4,5,FMN GV 18 Kasterlee
84,Oudemolsedijk,2018-11-23,18:00:00,9,6,3,FMN GV 18 Kasterlee
84,Oudemolsedijk,2018-11-23,19:00:00,5,1,4,FMN GV 18 Kasterlee
84,Oudemolsedijk,2018-11-23,20:00:00,1,1,0,FMN GV 18 Kasterlee
84,Oudemolsedijk,2018-11-23,21:00:00,2,1,1,FMN GV 18 Kasterlee
84,Oudemolsedijk,2018-11-23,22:00:00,0,0,0,FMN GV 18 Kasterlee
84,Oudemolsedijk,2018-11-23,23:00:00,0,0,0,FMN GV 18 Kasterlee
84,Oudemolsedijk,2018-11-24,00:00:00,0,0,0,FMN GV 18 Kasterlee
84,Oudemolsedijk,2018-11-24,01:00:00,0,0,0,FMN GV 18 Kasterlee
84,Oudemolsedijk,2018-11-24,02:00:00,0,0,0,FMN GV 18 Kasterlee
84,Oudemolsedijk,2018-11-24,03:00:00,0,0,0,FMN GV 18 Kasterlee
84,Oudemolsedijk,2018-11-24,04:00:00,0,0,0,FMN GV 18 Kasterlee
84,Oudemolsedijk,2018-11-24,05:00:00,0,0,0,FMN GV 18 Kasterlee
84,Oudemolsedijk,2018-11-24,06:00:00,1,1,0,FMN GV 18 Kasterlee
84,Oudemolsedijk,2018-11-24,07:00:00,0,0,0,FMN GV 18 Kasterlee
84,Oudemolsedijk,2018-11-24,08:00:00,4,0,4,FMN GV 18 Kasterlee
84,Oudemolsedijk,2018-11-24,09:00:00,5,2,3,FMN GV 18 Kasterlee
84,Oudemolsedijk,2018-11-24,10:00:00,6,0,6,FMN GV 18 Kasterlee
84,Oudemolsedijk,2018-11-24,11:00:00,3,3,0,FMN GV 18 Kasterlee
84,Oudemolsedijk,2018-11-24,12:00:00,11,9,2,FMN GV 18 Kasterlee
84,Oudemolsedijk,2018-11-24,13:00:00,6,3,3,FMN GV 18 Kasterlee
84,Oudemolsedijk,2018-11-24,14:00:00,15,9,6,FMN GV 18 Kasterlee
84,Oudemolsedijk,2018-11-24,15:00:00,2,0,2,FMN GV 18 Kasterlee
84,Oudemolsedijk,2018-11-24,16:00:00,2,2,0,FMN GV 18 Kasterlee
84,Oudemolsedijk,2018-11-24,17:00:00,2,1,1,FMN GV 18 Kasterlee
84,Oudemolsedijk,2018-11-24,18:00:00,0,0,0,FMN GV 18 Kasterlee
84,Oudemolsedijk,2018-11-24,19:00:00,0,0,0,FMN GV 18 Kasterlee
84,Oudemolsedijk,2018-11-24,20:00:00,0,0,0,FMN GV 18 Kasterlee
84,Oudemolsedijk,2018-11-24,21:00:00,0,0,0,FMN GV 18 Kasterlee
84,Oudemolsedijk,2018-11-24,22:00:00,0,0,0,FMN GV 18 Kasterlee
84,Oudemolsedijk,2018-11-24,23:00:00,0,0,0,FMN GV 18 Kasterlee
84,Oudemolsedijk,2018-11-25,00:00:00,0,0,0,FMN GV 18 Kasterlee
84,Oudemolsedijk,2018-11-25,01:00:00,0,0,0,FMN GV 18 Kasterlee
84,Oudemolsedijk,2018-11-25,02:00:00,0,0,0,FMN GV 18 Kasterlee
84,Oudemolsedijk,2018-11-25,03:00:00,0,0,0,FMN GV 18 Kasterlee
84,Oudemolsedijk,2018-11-25,04:00:00,0,0,0,FMN GV 18 Kasterlee
84,Oudemolsedijk,2018-11-25,05:00:00,0,0,0,FMN GV 18 Kasterlee
84,Oudemolsedijk,2018-11-25,06:00:00,0,0,0,FMN GV 18 Kasterlee
84,Oudemolsedijk,2018-11-25,07:00:00,0,0,0,FMN GV 18 Kasterlee
84,Oudemolsedijk,2018-11-25,08:00:00,2,1,1,FMN GV 18 Kasterlee
84,Oudemolsedijk,2018-11-25,09:00:00,32,23,9,FMN GV 18 Kasterlee
84,Oudemolsedijk,2018-11-25,10:00:00,66,44,22,FMN GV 18 Kasterlee
84,Oudemolsedijk,2018-11-25,11:00:00,50,33,17,FMN GV 18 Kasterlee
84,Oudemolsedijk,2018-11-25,12:00:00,8,1,7,FMN GV 18 Kasterlee
84,Oudemolsedijk,2018-11-25,13:00:00,5,4,1,FMN GV 18 Kasterlee
84,Oudemolsedijk,2018-11-25,14:00:00,12,1,11,FMN GV 18 Kasterlee
84,Oudemolsedijk,2018-11-25,15:00:00,9,4,5,FMN GV 18 Kasterlee
84,Oudemolsedijk,2018-11-25,16:00:00,7,7,0,FMN GV 18 Kasterlee
84,Oudemolsedijk,2018-11-25,17:00:00,2,2,0,FMN GV 18 Kasterlee
84,Oudemolsedijk,2018-11-25,18:00:00,3,1,2,FMN GV 18 Kasterlee
84,Oudemolsedijk,2018-11-25,19:00:00,1,1,0,FMN GV 18 Kasterlee
84,Oudemolsedijk,2018-11-25,20:00:00,0,0,0,FMN GV 18 Kasterlee
84,Oudemolsedijk,2018-11-25,21:00:00,0,0,0,FMN GV 18 Kasterlee
84,Oudemolsedijk,2018-11-25,22:00:00,1,0,1,FMN GV 18 Kasterlee
84,Oudemolsedijk,2018-11-25,23:00:00,0,0,0,FMN GV 18 Kasterlee
84,Oudemolsedijk,2018-11-26,00:00:00,0,0,0,FMN GV 18 Kasterlee
84,Oudemolsedijk,2018-11-26,01:00:00,0,0,0,FMN GV 18 Kasterlee
84,Oudemolsedijk,2018-11-26,02:00:00,0,0,0,FMN GV 18 Kasterlee
84,Oudemolsedijk,2018-11-26,03:00:00,0,0,0,FMN GV 18 Kasterlee
84,Oudemolsedijk,2018-11-26,04:00:00,0,0,0,FMN GV 18 Kasterlee
84,Oudemolsedijk,2018-11-26,05:00:00,2,2,0,FMN GV 18 Kasterlee
84,Oudemolsedijk,2018-11-26,06:00:00,4,1,3,FMN GV 18 Kasterlee
84,Oudemolsedijk,2018-11-26,07:00:00,11,5,6,FMN GV 18 Kasterlee
84,Oudemolsedijk,2018-11-26,08:00:00,8,7,1,FMN GV 18 Kasterlee
84,Oudemolsedijk,2018-11-26,09:00:00,3,1,2,FMN GV 18 Kasterlee
84,Oudemolsedijk,2018-11-26,10:00:00,2,2,0,FMN GV 18 Kasterlee
84,Oudemolsedijk,2018-11-26,11:00:00,1,1,0,FMN GV 18 Kasterlee
84,Oudemolsedijk,2018-11-26,12:00:00,2,1,1,FMN GV 18 Kasterlee
84,Oudemolsedijk,2018-11-26,13:00:00,3,1,2,FMN GV 18 Kasterlee
84,Oudemolsedijk,2018-11-26,14:00:00,4,1,3,FMN GV 18 Kasterlee
84,Oudemolsedijk,2018-11-26,15:00:00,5,1,4,FMN GV 18 Kasterlee
84,Oudemolsedijk,2018-11-26,16:00:00,9,5,4,FMN GV 18 Kasterlee
84,Oudemolsedijk,2018-11-26,17:00:00,8,3,5,FMN GV 18 Kasterlee
84,Oudemolsedijk,2018-11-26,18:00:00,6,2,4,FMN GV 18 Kasterlee
84,Oudemolsedijk,2018-11-26,19:00:00,4,2,2,FMN GV 18 Kasterlee
84,Oudemolsedijk,2018-11-26,20:00:00,2,0,2,FMN GV 18 Kasterlee
84,Oudemolsedijk,2018-11-26,21:00:00,0,0,0,FMN GV 18 Kasterlee
84,Oudemolsedijk,2018-11-26,22:00:00,2,0,2,FMN GV 18 Kasterlee
84,Oudemolsedijk,2018-11-26,23:00:00,0,0,0,FMN GV 18 Kasterlee
84,Oudemolsedijk,2018-11-27,00:00:00,0,0,0,FMN GV 18 Kasterlee
84,Oudemolsedijk,2018-11-27,01:00:00,0,0,0,FMN GV 18 Kasterlee
84,Oudemolsedijk,2018-11-27,02:00:00,0,0,0,FMN GV 18 Kasterlee
84,Oudemolsedijk,2018-11-27,03:00:00,0,0,0,FMN GV 18 Kasterlee
84,Oudemolsedijk,2018-11-27,04:00:00,0,0,0,FMN GV 18 Kasterlee
84,Oudemolsedijk,2018-11-27,05:00:00,1,1,0,FMN GV 18 Kasterlee
84,Oudemolsedijk,2018-11-27,06:00:00,11,4,7,FMN GV 18 Kasterlee
84,Oudemolsedijk,2018-11-27,07:00:00,16,11,5,FMN GV 18 Kasterlee
84,Oudemolsedijk,2018-11-27,08:00:00,10,6,4,FMN GV 18 Kasterlee
84,Oudemolsedijk,2018-11-27,09:00:00,9,5,4,FMN GV 18 Kasterlee
84,Oudemolsedijk,2018-11-27,10:00:00,6,0,6,FMN GV 18 Kasterlee
84,Oudemolsedijk,2018-11-27,11:00:00,12,11,1,FMN GV 18 Kasterlee
84,Oudemolsedijk,2018-11-27,12:00:00,16,8,8,FMN GV 18 Kasterlee
84,Oudemolsedijk,2018-11-27,13:00:00,45,17,28,FMN GV 18 Kasterlee
84,Oudemolsedijk,2018-11-27,14:00:00,14,10,4,FMN GV 18 Kasterlee
84,Oudemolsedijk,2018-11-27,15:00:00,12,8,4,FMN GV 18 Kasterlee
84,Oudemolsedijk,2018-11-27,16:00:00,19,9,10,FMN GV 18 Kasterlee
84,Oudemolsedijk,2018-11-27,17:00:00,16,6,10,FMN GV 18 Kasterlee
84,Oudemolsedijk,2018-11-27,18:00:00,8,4,4,FMN GV 18 Kasterlee
84,Oudemolsedijk,2018-11-27,19:00:00,5,1,4,FMN GV 18 Kasterlee
84,Oudemolsedijk,2018-11-27,20:00:00,5,2,3,FMN GV 18 Kasterlee
84,Oudemolsedijk,2018-11-27,21:00:00,0,0,0,FMN GV 18 Kasterlee
84,Oudemolsedijk,2018-11-27,22:00:00,1,1,0,FMN GV 18 Kasterlee
84,Oudemolsedijk,2018-11-27,23:00:00,1,1,0,FMN GV 18 Kasterlee
84,Oudemolsedijk,2018-11-28,00:00:00,0,0,0,FMN GV 18 Kasterlee
84,Oudemolsedijk,2018-11-28,01:00:00,0,0,0,FMN GV 18 Kasterlee
84,Oudemolsedijk,2018-11-28,02:00:00,0,0,0,FMN GV 18 Kasterlee
84,Oudemolsedijk,2018-11-28,03:00:00,0,0,0,FMN GV 18 Kasterlee
84,Oudemolsedijk,2018-11-28,04:00:00,2,2,0,FMN GV 18 Kasterlee
84,Oudemolsedijk,2018-11-28,05:00:00,0,0,0,FMN GV 18 Kasterlee
84,Oudemolsedijk,2018-11-28,06:00:00,5,1,4,FMN GV 18 Kasterlee
84,Oudemolsedijk,2018-11-28,07:00:00,8,2,6,FMN GV 18 Kasterlee
84,Oudemolsedijk,2018-11-28,08:00:00,12,7,5,FMN GV 18 Kasterlee
84,Oudemolsedijk,2018-11-28,09:00:00,11,9,2,FMN GV 18 Kasterlee
84,Oudemolsedijk,2018-11-28,10:00:00,5,2,3,FMN GV 18 Kasterlee
84,Oudemolsedijk,2018-11-28,11:00:00,3,2,1,FMN GV 18 Kasterlee
84,Oudemolsedijk,2018-11-28,12:00:00,6,2,4,FMN GV 18 Kasterlee
84,Oudemolsedijk,2018-11-28,13:00:00,5,1,4,FMN GV 18 Kasterlee
84,Oudemolsedijk,2018-11-28,14:00:00,5,1,4,FMN GV 18 Kasterlee
84,Oudemolsedijk,2018-11-28,15:00:00,4,1,3,FMN GV 18 Kasterlee
84,Oudemolsedijk,2018-11-28,16:00:00,7,5,2,FMN GV 18 Kasterlee
84,Oudemolsedijk,2018-11-28,17:00:00,11,3,8,FMN GV 18 Kasterlee
84,Oudemolsedijk,2018-11-28,18:00:00,6,3,3,FMN GV 18 Kasterlee
84,Oudemolsedijk,2018-11-28,19:00:00,2,0,2,FMN GV 18 Kasterlee
84,Oudemolsedijk,2018-11-28,20:00:00,8,0,8,FMN GV 18 Kasterlee
84,Oudemolsedijk,2018-11-28,21:00:00,0,0,0,FMN GV 18 Kasterlee
84,Oudemolsedijk,2018-11-28,22:00:00,1,1,0,FMN GV 18 Kasterlee
84,Oudemolsedijk,2018-11-28,23:00:00,0,0,0,FMN GV 18 Kasterlee
84,Oudemolsedijk,2018-11-29,00:00:00,1,0,1,FMN GV 18 Kasterlee
84,Oudemolsedijk,2018-11-29,01:00:00,0,0,0,FMN GV 18 Kasterlee
84,Oudemolsedijk,2018-11-29,02:00:00,0,0,0,FMN GV 18 Kasterlee
84,Oudemolsedijk,2018-11-29,03:00:00,0,0,0,FMN GV 18 Kasterlee
84,Oudemolsedijk,2018-11-29,04:00:00,2,2,0,FMN GV 18 Kasterlee
84,Oudemolsedijk,2018-11-29,05:00:00,1,1,0,FMN GV 18 Kasterlee
84,Oudemolsedijk,2018-11-29,06:00:00,8,3,5,FMN GV 18 Kasterlee
84,Oudemolsedijk,2018-11-29,07:00:00,7,4,3,FMN GV 18 Kasterlee
84,Oudemolsedijk,2018-11-29,08:00:00,10,5,5,FMN GV 18 Kasterlee
84,Oudemolsedijk,2018-11-29,09:00:00,1,1,0,FMN GV 18 Kasterlee
84,Oudemolsedijk,2018-11-29,10:00:00,4,3,1,FMN GV 18 Kasterlee
84,Oudemolsedijk,2018-11-29,11:00:00,3,2,1,FMN GV 18 Kasterlee
84,Oudemolsedijk,2018-11-29,12:00:00,4,2,2,FMN GV 18 Kasterlee
84,Oudemolsedijk,2018-11-29,13:00:00,11,2,9,FMN GV 18 Kasterlee
84,Oudemolsedijk,2018-11-29,14:00:00,9,2,7,FMN GV 18 Kasterlee
84,Oudemolsedijk,2018-11-29,15:00:00,19,12,7,FMN GV 18 Kasterlee
84,Oudemolsedijk,2018-11-29,16:00:00,13,8,5,FMN GV 18 Kasterlee
84,Oudemolsedijk,2018-11-29,17:00:00,10,6,4,FMN GV 18 Kasterlee
84,Oudemolsedijk,2018-11-29,18:00:00,4,3,1,FMN GV 18 Kasterlee
84,Oudemolsedijk,2018-11-29,19:00:00,5,1,4,FMN GV 18 Kasterlee
84,Oudemolsedijk,2018-11-29,20:00:00,4,1,3,FMN GV 18 Kasterlee
84,Oudemolsedijk,2018-11-29,21:00:00,1,0,1,FMN GV 18 Kasterlee
84,Oudemolsedijk,2018-11-29,22:00:00,1,0,1,FMN GV 18 Kasterlee
84,Oudemolsedijk,2018-11-29,23:00:00,1,1,0,FMN GV 18 Kasterlee
84,Oudemolsedijk,2018-11-30,00:00:00,0,0,0,FMN GV 18 Kasterlee
84,Oudemolsedijk,2018-11-30,01:00:00,0,0,0,FMN GV 18 Kasterlee
84,Oudemolsedijk,2018-11-30,02:00:00,0,0,0,FMN GV 18 Kasterlee
84,Oudemolsedijk,2018-11-30,03:00:00,0,0,0,FMN GV 18 Kasterlee
84,Oudemolsedijk,2018-11-30,04:00:00,1,1,0,FMN GV 18 Kasterlee
84,Oudemolsedijk,2018-11-30,05:00:00,2,0,2,FMN GV 18 Kasterlee
84,Oudemolsedijk,2018-11-30,06:00:00,6,4,2,FMN GV 18 Kasterlee
84,Oudemolsedijk,2018-11-30,07:00:00,8,4,4,FMN GV 18 Kasterlee
84,Oudemolsedijk,2018-11-30,08:00:00,21,15,6,FMN GV 18 Kasterlee
84,Oudemolsedijk,2018-11-30,09:00:00,7,3,4,FMN GV 18 Kasterlee
84,Oudemolsedijk,2018-11-30,10:00:00,13,7,6,FMN GV 18 Kasterlee
84,Oudemolsedijk,2018-11-30,11:00:00,16,10,6,FMN GV 18 Kasterlee
84,Oudemolsedijk,2018-11-30,12:00:00,14,10,4,FMN GV 18 Kasterlee
84,Oudemolsedijk,2018-11-30,13:00:00,27,8,19,FMN GV 18 Kasterlee
84,Oudemolsedijk,2018-11-30,14:00:00,24,15,9,FMN GV 18 Kasterlee
84,Oudemolsedijk,2018-11-30,15:00:00,33,25,8,FMN GV 18 Kasterlee
84,Oudemolsedijk,2018-11-30,16:00:00,31,19,12,FMN GV 18 Kasterlee
84,Oudemolsedijk,2018-11-30,17:00:00,14,6,8,FMN GV 18 Kasterlee
84,Oudemolsedijk,2018-11-30,18:00:00,11,4,7,FMN GV 18 Kasterlee
84,Oudemolsedijk,2018-11-30,19:00:00,5,1,4,FMN GV 18 Kasterlee
84,Oudemolsedijk,2018-11-30,20:00:00,0,0,0,FMN GV 18 Kasterlee
84,Oudemolsedijk,2018-11-30,21:00:00,1,0,1,FMN GV 18 Kasterlee
84,Oudemolsedijk,2018-11-30,22:00:00,0,0,0,FMN GV 18 Kasterlee
84,Oudemolsedijk,2018-11-30,23:00:00,0,0,0,FMN GV 18 Kasterlee
84,Oudemolsedijk,2018-12-01,00:00:00,1,1,0,FMN GV 18 Kasterlee
84,Oudemolsedijk,2018-12-01,01:00:00,0,0,0,FMN GV 18 Kasterlee
84,Oudemolsedijk,2018-12-01,02:00:00,1,0,1,FMN GV 18 Kasterlee
84,Oudemolsedijk,2018-12-01,03:00:00,1,0,1,FMN GV 18 Kasterlee
84,Oudemolsedijk,2018-12-01,04:00:00,0,0,0,FMN GV 18 Kasterlee
84,Oudemolsedijk,2018-12-01,05:00:00,0,0,0,FMN GV 18 Kasterlee
84,Oudemolsedijk,2018-12-01,06:00:00,1,0,1,FMN GV 18 Kasterlee
84,Oudemolsedijk,2018-12-01,07:00:00,0,0,0,FMN GV 18 Kasterlee
84,Oudemolsedijk,2018-12-01,08:00:00,4,1,3,FMN GV 18 Kasterlee
84,Oudemolsedijk,2018-12-01,09:00:00,14,4,10,FMN GV 18 Kasterlee
84,Oudemolsedijk,2018-12-01,10:00:00,15,6,9,FMN GV 18 Kasterlee
84,Oudemolsedijk,2018-12-01,11:00:00,10,6,4,FMN GV 18 Kasterlee
84,Oudemolsedijk,2018-12-01,12:00:00,18,10,8,FMN GV 18 Kasterlee
84,Oudemolsedijk,2018-12-01,13:00:00,10,7,3,FMN GV 18 Kasterlee
84,Oudemolsedijk,2018-12-01,14:00:00,6,5,1,FMN GV 18 Kasterlee
84,Oudemolsedijk,2018-12-01,15:00:00,5,2,3,FMN GV 18 Kasterlee
84,Oudemolsedijk,2018-12-01,16:00:00,11,9,2,FMN GV 18 Kasterlee
84,Oudemolsedijk,2018-12-01,17:00:00,2,1,1,FMN GV 18 Kasterlee
84,Oudemolsedijk,2018-12-01,18:00:00,1,1,0,FMN GV 18 Kasterlee
84,Oudemolsedijk,2018-12-01,19:00:00,2,2,0,FMN GV 18 Kasterlee
84,Oudemolsedijk,2018-12-01,20:00:00,1,0,1,FMN GV 18 Kasterlee
84,Oudemolsedijk,2018-12-01,21:00:00,1,0,1,FMN GV 18 Kasterlee
84,Oudemolsedijk,2018-12-01,22:00:00,1,0,1,FMN GV 18 Kasterlee
84,Oudemolsedijk,2018-12-01,23:00:00,0,0,0,FMN GV 18 Kasterlee
84,Oudemolsedijk,2018-12-02,00:00:00,0,0,0,FMN GV 18 Kasterlee
84,Oudemolsedijk,2018-12-02,01:00:00,1,0,1,FMN GV 18 Kasterlee
84,Oudemolsedijk,2018-12-02,02:00:00,0,0,0,FMN GV 18 Kasterlee
84,Oudemolsedijk,2018-12-02,03:00:00,1,1,0,FMN GV 18 Kasterlee
84,Oudemolsedijk,2018-12-02,04:00:00,0,0,0,FMN GV 18 Kasterlee
84,Oudemolsedijk,2018-12-02,05:00:00,0,0,0,FMN GV 18 Kasterlee
84,Oudemolsedijk,2018-12-02,06:00:00,0,0,0,FMN GV 18 Kasterlee
84,Oudemolsedijk,2018-12-02,07:00:00,0,0,0,FMN GV 18 Kasterlee
84,Oudemolsedijk,2018-12-02,08:00:00,2,0,2,FMN GV 18 Kasterlee
84,Oudemolsedijk,2018-12-02,09:00:00,21,15,6,FMN GV 18 Kasterlee
84,Oudemolsedijk,2018-12-02,10:00:00,16,9,7,FMN GV 18 Kasterlee
84,Oudemolsedijk,2018-12-02,11:00:00,6,5,1,FMN GV 18 Kasterlee
84,Oudemolsedijk,2018-12-02,12:00:00,9,8,1,FMN GV 18 Kasterlee
84,Oudemolsedijk,2018-12-02,13:00:00,2,1,1,FMN GV 18 Kasterlee
84,Oudemolsedijk,2018-12-02,14:00:00,19,12,7,FMN GV 18 Kasterlee
84,Oudemolsedijk,2018-12-02,15:00:00,6,2,4,FMN GV 18 Kasterlee
84,Oudemolsedijk,2018-12-02,16:00:00,0,0,0,FMN GV 18 Kasterlee
84,Oudemolsedijk,2018-12-02,17:00:00,3,3,0,FMN GV 18 Kasterlee
84,Oudemolsedijk,2018-12-02,18:00:00,1,0,1,FMN GV 18 Kasterlee
84,Oudemolsedijk,2018-12-02,19:00:00,0,0,0,FMN GV 18 Kasterlee
84,Oudemolsedijk,2018-12-02,20:00:00,1,1,0,FMN GV 18 Kasterlee
84,Oudemolsedijk,2018-12-02,21:00:00,0,0,0,FMN GV 18 Kasterlee
84,Oudemolsedijk,2018-12-02,22:00:00,0,0,0,FMN GV 18 Kasterlee
84,Oudemolsedijk,2018-12-02,23:00:00,0,0,0,FMN GV 18 Kasterlee
84,Oudemolsedijk,2018-12-03,00:00:00,1,0,1,FMN GV 18 Kasterlee
84,Oudemolsedijk,2018-12-03,01:00:00,0,0,0,FMN GV 18 Kasterlee
84,Oudemolsedijk,2018-12-03,02:00:00,0,0,0,FMN GV 18 Kasterlee
84,Oudemolsedijk,2018-12-03,03:00:00,0,0,0,FMN GV 18 Kasterlee
84,Oudemolsedijk,2018-12-03,04:00:00,0,0,0,FMN GV 18 Kasterlee
84,Oudemolsedijk,2018-12-03,05:00:00,1,1,0,FMN GV 18 Kasterlee
84,Oudemolsedijk,2018-12-03,06:00:00,7,3,4,FMN GV 18 Kasterlee
84,Oudemolsedijk,2018-12-03,07:00:00,7,2,5,FMN GV 18 Kasterlee
84,Oudemolsedijk,2018-12-03,08:00:00,11,9,2,FMN GV 18 Kasterlee
84,Oudemolsedijk,2018-12-03,09:00:00,0,0,0,FMN GV 18 Kasterlee
84,Oudemolsedijk,2018-12-03,10:00:00,5,1,4,FMN GV 18 Kasterlee
84,Oudemolsedijk,2018-12-03,11:00:00,5,4,1,FMN GV 18 Kasterlee
84,Oudemolsedijk,2018-12-03,12:00:00,4,2,2,FMN GV 18 Kasterlee
84,Oudemolsedijk,2018-12-03,13:00:00,5,2,3,FMN GV 18 Kasterlee
84,Oudemolsedijk,2018-12-03,14:00:00,0,0,0,FMN GV 18 Kasterlee
84,Oudemolsedijk,2018-12-03,15:00:00,11,3,8,FMN GV 18 Kasterlee
84,Oudemolsedijk,2018-12-03,16:00:00,11,5,6,FMN GV 18 Kasterlee
84,Oudemolsedijk,2018-12-03,17:00:00,10,6,4,FMN GV 18 Kasterlee
84,Oudemolsedijk,2018-12-03,18:00:00,4,2,2,FMN GV 18 Kasterlee
84,Oudemolsedijk,2018-12-03,19:00:00,3,1,2,FMN GV 18 Kasterlee
84,Oudemolsedijk,2018-12-03,20:00:00,1,0,1,FMN GV 18 Kasterlee
84,Oudemolsedijk,2018-12-03,21:00:00,1,0,1,FMN GV 18 Kasterlee
84,Oudemolsedijk,2018-12-03,22:00:00,3,1,2,FMN GV 18 Kasterlee
84,Oudemolsedijk,2018-12-03,23:00:00,0,0,0,FMN GV 18 Kasterlee
84,Oudemolsedijk,2018-12-04,00:00:00,0,0,0,FMN GV 18 Kasterlee
84,Oudemolsedijk,2018-12-04,01:00:00,0,0,0,FMN GV 18 Kasterlee
84,Oudemolsedijk,2018-12-04,02:00:00,0,0,0,FMN GV 18 Kasterlee
84,Oudemolsedijk,2018-12-04,03:00:00,0,0,0,FMN GV 18 Kasterlee
84,Oudemolsedijk,2018-12-04,04:00:00,0,0,0,FMN GV 18 Kasterlee
84,Oudemolsedijk,2018-12-04,05:00:00,1,0,1,FMN GV 18 Kasterlee
84,Oudemolsedijk,2018-12-04,06:00:00,8,4,4,FMN GV 18 Kasterlee
84,Oudemolsedijk,2018-12-04,07:00:00,16,9,7,FMN GV 18 Kasterlee
84,Oudemolsedijk,2018-12-04,08:00:00,12,8,4,FMN GV 18 Kasterlee
84,Oudemolsedijk,2018-12-04,09:00:00,6,1,5,FMN GV 18 Kasterlee
84,Oudemolsedijk,2018-12-04,10:00:00,16,7,9,FMN GV 18 Kasterlee
84,Oudemolsedijk,2018-12-04,11:00:00,15,12,3,FMN GV 18 Kasterlee
84,Oudemolsedijk,2018-12-04,12:00:00,16,11,5,FMN GV 18 Kasterlee
84,Oudemolsedijk,2018-12-04,13:00:00,15,6,9,FMN GV 18 Kasterlee
84,Oudemolsedijk,2018-12-04,14:00:00,13,11,2,FMN GV 18 Kasterlee
84,Oudemolsedijk,2018-12-04,15:00:00,9,7,2,FMN GV 18 Kasterlee
84,Oudemolsedijk,2018-12-04,16:00:00,0,0,0,FMN GV 18 Kasterlee
84,Oudemolsedijk,2018-12-04,17:00:00,0,0,0,FMN GV 18 Kasterlee
84,Oudemolsedijk,2018-12-04,18:00:00,0,0,0,FMN GV 18 Kasterlee
84,Oudemolsedijk,2018-12-04,19:00:00,0,0,0,FMN GV 18 Kasterlee
84,Oudemolsedijk,2018-12-04,20:00:00,0,0,0,FMN GV 18 Kasterlee
84,Oudemolsedijk,2018-12-04,21:00:00,0,0,0,FMN GV 18 Kasterlee
84,Oudemolsedijk,2018-12-04,22:00:00,0,0,0,FMN GV 18 Kasterlee
84,Oudemolsedijk,2018-12-04,23:00:00,0,0,0,FMN GV 18 Kasterlee
84,Oudemolsedijk,2018-12-05,00:00:00,0,0,0,FMN GV 18 Kasterlee
84,Oudemolsedijk,2018-12-05,01:00:00,0,0,0,FMN GV 18 Kasterlee
84,Oudemolsedijk,2018-12-05,02:00:00,0,0,0,FMN GV 18 Kasterlee
84,Oudemolsedijk,2018-12-05,03:00:00,0,0,0,FMN GV 18 Kasterlee
84,Oudemolsedijk,2018-12-05,04:00:00,0,0,0,FMN GV 18 Kasterlee
84,Oudemolsedijk,2018-12-05,05:00:00,0,0,0,FMN GV 18 Kasterlee
84,Oudemolsedijk,2018-12-05,06:00:00,0,0,0,FMN GV 18 Kasterlee
84,Oudemolsedijk,2018-12-05,07:00:00,0,0,0,FMN GV 18 Kasterlee
84,Oudemolsedijk,2018-12-05,08:00:00,3,2,1,FMN GV 18 Kasterlee
84,Oudemolsedijk,2018-12-05,09:00:00,6,5,1,FMN GV 18 Kasterlee
84,Oudemolsedijk,2018-12-05,10:00:00,10,5,5,FMN GV 18 Kasterlee
84,Oudemolsedijk,2018-12-05,11:00:00,10,5,5,FMN GV 18 Kasterlee
84,Oudemolsedijk,2018-12-05,12:00:00,15,7,8,FMN GV 18 Kasterlee
84,Oudemolsedijk,2018-12-05,13:00:00,13,2,11,FMN GV 18 Kasterlee
84,Oudemolsedijk,2018-12-05,14:00:00,14,6,8,FMN GV 18 Kasterlee
84,Oudemolsedijk,2018-12-05,15:00:00,7,3,4,FMN GV 18 Kasterlee
84,Oudemolsedijk,2018-12-05,16:00:00,9,6,3,FMN GV 18 Kasterlee
84,Oudemolsedijk,2018-12-05,17:00:00,7,5,2,FMN GV 18 Kasterlee
84,Oudemolsedijk,2018-12-05,18:00:00,4,2,2,FMN GV 18 Kasterlee
84,Oudemolsedijk,2018-12-05,19:00:00,4,4,0,FMN GV 18 Kasterlee
84,Oudemolsedijk,2018-12-05,20:00:00,21,7,14,FMN GV 18 Kasterlee
84,Oudemolsedijk,2018-12-05,21:00:00,2,1,1,FMN GV 18 Kasterlee
84,Oudemolsedijk,2018-12-05,22:00:00,0,0,0,FMN GV 18 Kasterlee
84,Oudemolsedijk,2018-12-05,23:00:00,1,1,0,FMN GV 18 Kasterlee
84,Oudemolsedijk,2018-12-06,00:00:00,0,0,0,FMN GV 18 Kasterlee
84,Oudemolsedijk,2018-12-06,01:00:00,0,0,0,FMN GV 18 Kasterlee
84,Oudemolsedijk,2018-12-06,02:00:00,0,0,0,FMN GV 18 Kasterlee
84,Oudemolsedijk,2018-12-06,03:00:00,0,0,0,FMN GV 18 Kasterlee
84,Oudemolsedijk,2018-12-06,04:00:00,1,1,0,FMN GV 18 Kasterlee
84,Oudemolsedijk,2018-12-06,05:00:00,1,1,0,FMN GV 18 Kasterlee
84,Oudemolsedijk,2018-12-06,06:00:00,5,1,4,FMN GV 18 Kasterlee
84,Oudemolsedijk,2018-12-06,07:00:00,6,2,4,FMN GV 18 Kasterlee
84,Oudemolsedijk,2018-12-06,08:00:00,14,9,5,FMN GV 18 Kasterlee
84,Oudemolsedijk,2018-12-06,09:00:00,6,5,1,FMN GV 18 Kasterlee
84,Oudemolsedijk,2018-12-06,10:00:00,5,5,0,FMN GV 18 Kasterlee
84,Oudemolsedijk,2018-12-06,11:00:00,11,3,8,FMN GV 18 Kasterlee
84,Oudemolsedijk,2018-12-06,12:00:00,14,5,9,FMN GV 18 Kasterlee
84,Oudemolsedijk,2018-12-06,13:00:00,15,13,2,FMN GV 18 Kasterlee
84,Oudemolsedijk,2018-12-06,14:00:00,11,6,5,FMN GV 18 Kasterlee
84,Oudemolsedijk,2018-12-06,15:00:00,16,7,9,FMN GV 18 Kasterlee
84,Oudemolsedijk,2018-12-06,16:00:00,19,14,5,FMN GV 18 Kasterlee
84,Oudemolsedijk,2018-12-06,17:00:00,7,5,2,FMN GV 18 Kasterlee
84,Oudemolsedijk,2018-12-06,18:00:00,11,6,5,FMN GV 18 Kasterlee
84,Oudemolsedijk,2018-12-06,19:00:00,4,2,2,FMN GV 18 Kasterlee
84,Oudemolsedijk,2018-12-06,20:00:00,2,0,2,FMN GV 18 Kasterlee
84,Oudemolsedijk,2018-12-06,21:00:00,2,1,1,FMN GV 18 Kasterlee
84,Oudemolsedijk,2018-12-06,22:00:00,0,0,0,FMN GV 18 Kasterlee
84,Oudemolsedijk,2018-12-06,23:00:00,1,0,1,FMN GV 18 Kasterlee
84,Oudemolsedijk,2018-12-07,00:00:00,0,0,0,FMN GV 18 Kasterlee
84,Oudemolsedijk,2018-12-07,01:00:00,1,0,1,FMN GV 18 Kasterlee
84,Oudemolsedijk,2018-12-07,02:00:00,0,0,0,FMN GV 18 Kasterlee
84,Oudemolsedijk,2018-12-07,03:00:00,0,0,0,FMN GV 18 Kasterlee
84,Oudemolsedijk,2018-12-07,04:00:00,0,0,0,FMN GV 18 Kasterlee
84,Oudemolsedijk,2018-12-07,05:00:00,0,0,0,FMN GV 18 Kasterlee
84,Oudemolsedijk,2018-12-07,06:00:00,3,2,1,FMN GV 18 Kasterlee
84,Oudemolsedijk,2018-12-07,07:00:00,9,5,4,FMN GV 18 Kasterlee
84,Oudemolsedijk,2018-12-07,08:00:00,8,5,3,FMN GV 18 Kasterlee
84,Oudemolsedijk,2018-12-07,09:00:00,2,1,1,FMN GV 18 Kasterlee
84,Oudemolsedijk,2018-12-07,10:00:00,3,3,0,FMN GV 18 Kasterlee
84,Oudemolsedijk,2018-12-07,11:00:00,6,5,1,FMN GV 18 Kasterlee
84,Oudemolsedijk,2018-12-07,12:00:00,3,2,1,FMN GV 18 Kasterlee
84,Oudemolsedijk,2018-12-07,13:00:00,4,2,2,FMN GV 18 Kasterlee
84,Oudemolsedijk,2018-12-07,14:00:00,3,2,1,FMN GV 18 Kasterlee
84,Oudemolsedijk,2018-12-07,15:00:00,4,0,4,FMN GV 18 Kasterlee
84,Oudemolsedijk,2018-12-07,16:00:00,5,0,5,FMN GV 18 Kasterlee
84,Oudemolsedijk,2018-12-07,17:00:00,3,2,1,FMN GV 18 Kasterlee
84,Oudemolsedijk,2018-12-07,18:00:00,6,1,5,FMN GV 18 Kasterlee
84,Oudemolsedijk,2018-12-07,19:00:00,2,1,1,FMN GV 18 Kasterlee
84,Oudemolsedijk,2018-12-07,20:00:00,0,0,0,FMN GV 18 Kasterlee
84,Oudemolsedijk,2018-12-07,21:00:00,0,0,0,FMN GV 18 Kasterlee
84,Oudemolsedijk,2018-12-07,22:00:00,1,0,1,FMN GV 18 Kasterlee
84,Oudemolsedijk,2018-12-07,23:00:00,0,0,0,FMN GV 18 Kasterlee
84,Oudemolsedijk,2018-12-08,00:00:00,0,0,0,FMN GV 18 Kasterlee
84,Oudemolsedijk,2018-12-08,01:00:00,0,0,0,FMN GV 18 Kasterlee
84,Oudemolsedijk,2018-12-08,02:00:00,0,0,0,FMN GV 18 Kasterlee
84,Oudemolsedijk,2018-12-08,03:00:00,0,0,0,FMN GV 18 Kasterlee
84,Oudemolsedijk,2018-12-08,04:00:00,0,0,0,FMN GV 18 Kasterlee
84,Oudemolsedijk,2018-12-08,05:00:00,0,0,0,FMN GV 18 Kasterlee
84,Oudemolsedijk,2018-12-08,06:00:00,0,0,0,FMN GV 18 Kasterlee
84,Oudemolsedijk,2018-12-08,07:00:00,1,0,1,FMN GV 18 Kasterlee
84,Oudemolsedijk,2018-12-08,08:00:00,5,3,2,FMN GV 18 Kasterlee
84,Oudemolsedijk,2018-12-08,09:00:00,3,2,1,FMN GV 18 Kasterlee
84,Oudemolsedijk,2018-12-08,10:00:00,10,9,1,FMN GV 18 Kasterlee
84,Oudemolsedijk,2018-12-08,11:00:00,11,6,5,FMN GV 18 Kasterlee
84,Oudemolsedijk,2018-12-08,12:00:00,13,4,9,FMN GV 18 Kasterlee
84,Oudemolsedijk,2018-12-08,13:00:00,13,11,2,FMN GV 18 Kasterlee
84,Oudemolsedijk,2018-12-08,14:00:00,31,22,9,FMN GV 18 Kasterlee
84,Oudemolsedijk,2018-12-08,15:00:00,21,15,6,FMN GV 18 Kasterlee
84,Oudemolsedijk,2018-12-08,16:00:00,5,3,2,FMN GV 18 Kasterlee
84,Oudemolsedijk,2018-12-08,17:00:00,4,3,1,FMN GV 18 Kasterlee
84,Oudemolsedijk,2018-12-08,18:00:00,3,3,0,FMN GV 18 Kasterlee
84,Oudemolsedijk,2018-12-08,19:00:00,2,2,0,FMN GV 18 Kasterlee
84,Oudemolsedijk,2018-12-08,20:00:00,0,0,0,FMN GV 18 Kasterlee
84,Oudemolsedijk,2018-12-08,21:00:00,0,0,0,FMN GV 18 Kasterlee
84,Oudemolsedijk,2018-12-08,22:00:00,2,0,2,FMN GV 18 Kasterlee
84,Oudemolsedijk,2018-12-08,23:00:00,0,0,0,FMN GV 18 Kasterlee
84,Oudemolsedijk,2018-12-09,00:00:00,1,0,1,FMN GV 18 Kasterlee
84,Oudemolsedijk,2018-12-09,01:00:00,0,0,0,FMN GV 18 Kasterlee
84,Oudemolsedijk,2018-12-09,02:00:00,0,0,0,FMN GV 18 Kasterlee
84,Oudemolsedijk,2018-12-09,03:00:00,0,0,0,FMN GV 18 Kasterlee
84,Oudemolsedijk,2018-12-09,04:00:00,0,0,0,FMN GV 18 Kasterlee
84,Oudemolsedijk,2018-12-09,05:00:00,0,0,0,FMN GV 18 Kasterlee
84,Oudemolsedijk,2018-12-09,06:00:00,0,0,0,FMN GV 18 Kasterlee
84,Oudemolsedijk,2018-12-09,07:00:00,1,0,1,FMN GV 18 Kasterlee
84,Oudemolsedijk,2018-12-09,08:00:00,29,1,28,FMN GV 18 Kasterlee
84,Oudemolsedijk,2018-12-09,09:00:00,9,4,5,FMN GV 18 Kasterlee
84,Oudemolsedijk,2018-12-09,10:00:00,24,15,9,FMN GV 18 Kasterlee
84,Oudemolsedijk,2018-12-09,11:00:00,18,16,2,FMN GV 18 Kasterlee
84,Oudemolsedijk,2018-12-09,12:00:00,15,11,4,FMN GV 18 Kasterlee
84,Oudemolsedijk,2018-12-09,13:00:00,8,5,3,FMN GV 18 Kasterlee
84,Oudemolsedijk,2018-12-09,14:00:00,8,6,2,FMN GV 18 Kasterlee
84,Oudemolsedijk,2018-12-09,15:00:00,8,3,5,FMN GV 18 Kasterlee
84,Oudemolsedijk,2018-12-09,16:00:00,5,1,4,FMN GV 18 Kasterlee
84,Oudemolsedijk,2018-12-09,17:00:00,1,0,1,FMN GV 18 Kasterlee
84,Oudemolsedijk,2018-12-09,18:00:00,4,2,2,FMN GV 18 Kasterlee
84,Oudemolsedijk,2018-12-09,19:00:00,0,0,0,FMN GV 18 Kasterlee
84,Oudemolsedijk,2018-12-09,20:00:00,0,0,0,FMN GV 18 Kasterlee
84,Oudemolsedijk,2018-12-09,21:00:00,0,0,0,FMN GV 18 Kasterlee
84,Oudemolsedijk,2018-12-09,22:00:00,1,1,0,FMN GV 18 Kasterlee
84,Oudemolsedijk,2018-12-09,23:00:00,0,0,0,FMN GV 18 Kasterlee
84,Oudemolsedijk,2018-12-10,00:00:00,0,0,0,FMN GV 18 Kasterlee
84,Oudemolsedijk,2018-12-10,01:00:00,0,0,0,FMN GV 18 Kasterlee
84,Oudemolsedijk,2018-12-10,02:00:00,0,0,0,FMN GV 18 Kasterlee
84,Oudemolsedijk,2018-12-10,03:00:00,0,0,0,FMN GV 18 Kasterlee
84,Oudemolsedijk,2018-12-10,04:00:00,1,1,0,FMN GV 18 Kasterlee
84,Oudemolsedijk,2018-12-10,05:00:00,0,0,0,FMN GV 18 Kasterlee
84,Oudemolsedijk,2018-12-10,06:00:00,5,2,3,FMN GV 18 Kasterlee
84,Oudemolsedijk,2018-12-10,07:00:00,11,7,4,FMN GV 18 Kasterlee
84,Oudemolsedijk,2018-12-10,08:00:00,12,8,4,FMN GV 18 Kasterlee
84,Oudemolsedijk,2018-12-10,09:00:00,9,6,3,FMN GV 18 Kasterlee
84,Oudemolsedijk,2018-12-10,10:00:00,9,4,5,FMN GV 18 Kasterlee
84,Oudemolsedijk,2018-12-10,11:00:00,7,1,6,FMN GV 18 Kasterlee
84,Oudemolsedijk,2018-12-10,12:00:00,10,5,5,FMN GV 18 Kasterlee
84,Oudemolsedijk,2018-12-10,13:00:00,15,7,8,FMN GV 18 Kasterlee
84,Oudemolsedijk,2018-12-10,14:00:00,23,13,10,FMN GV 18 Kasterlee
84,Oudemolsedijk,2018-12-10,15:00:00,9,5,4,FMN GV 18 Kasterlee
84,Oudemolsedijk,2018-12-10,16:00:00,13,6,7,FMN GV 18 Kasterlee
84,Oudemolsedijk,2018-12-10,17:00:00,9,5,4,FMN GV 18 Kasterlee
84,Oudemolsedijk,2018-12-10,18:00:00,5,4,1,FMN GV 18 Kasterlee
84,Oudemolsedijk,2018-12-10,19:00:00,2,1,1,FMN GV 18 Kasterlee
84,Oudemolsedijk,2018-12-10,20:00:00,2,1,1,FMN GV 18 Kasterlee
84,Oudemolsedijk,2018-12-10,21:00:00,1,0,1,FMN GV 18 Kasterlee
84,Oudemolsedijk,2018-12-10,22:00:00,1,0,1,FMN GV 18 Kasterlee
84,Oudemolsedijk,2018-12-10,23:00:00,0,0,0,FMN GV 18 Kasterlee
84,Oudemolsedijk,2018-12-11,00:00:00,0,0,0,FMN GV 18 Kasterlee
84,Oudemolsedijk,2018-12-11,01:00:00,0,0,0,FMN GV 18 Kasterlee
84,Oudemolsedijk,2018-12-11,02:00:00,0,0,0,FMN GV 18 Kasterlee
84,Oudemolsedijk,2018-12-11,03:00:00,0,0,0,FMN GV 18 Kasterlee
84,Oudemolsedijk,2018-12-11,04:00:00,1,1,0,FMN GV 18 Kasterlee
84,Oudemolsedijk,2018-12-11,05:00:00,1,1,0,FMN GV 18 Kasterlee
84,Oudemolsedijk,2018-12-11,06:00:00,4,0,4,FMN GV 18 Kasterlee
84,Oudemolsedijk,2018-12-11,07:00:00,15,8,7,FMN GV 18 Kasterlee
84,Oudemolsedijk,2018-12-11,08:00:00,11,7,4,FMN GV 18 Kasterlee
84,Oudemolsedijk,2018-12-11,09:00:00,6,4,2,FMN GV 18 Kasterlee
84,Oudemolsedijk,2018-12-11,10:00:00,14,8,6,FMN GV 18 Kasterlee
84,Oudemolsedijk,2018-12-11,11:00:00,10,7,3,FMN GV 18 Kasterlee
84,Oudemolsedijk,2018-12-11,12:00:00,14,10,4,FMN GV 18 Kasterlee
84,Oudemolsedijk,2018-12-11,13:00:00,64,23,41,FMN GV 18 Kasterlee
84,Oudemolsedijk,2018-12-11,14:00:00,58,43,15,FMN GV 18 Kasterlee
84,Oudemolsedijk,2018-12-11,15:00:00,26,14,12,FMN GV 18 Kasterlee
84,Oudemolsedijk,2018-12-11,16:00:00,47,34,13,FMN GV 18 Kasterlee
84,Oudemolsedijk,2018-12-11,17:00:00,15,7,8,FMN GV 18 Kasterlee
84,Oudemolsedijk,2018-12-11,18:00:00,5,1,4,FMN GV 18 Kasterlee
84,Oudemolsedijk,2018-12-11,19:00:00,5,1,4,FMN GV 18 Kasterlee
84,Oudemolsedijk,2018-12-11,20:00:00,2,1,1,FMN GV 18 Kasterlee
84,Oudemolsedijk,2018-12-11,21:00:00,1,0,1,FMN GV 18 Kasterlee
84,Oudemolsedijk,2018-12-11,22:00:00,3,2,1,FMN GV 18 Kasterlee
84,Oudemolsedijk,2018-12-11,23:00:00,1,1,0,FMN GV 18 Kasterlee
84,Oudemolsedijk,2018-12-12,00:00:00,0,0,0,FMN GV 18 Kasterlee
84,Oudemolsedijk,2018-12-12,01:00:00,0,0,0,FMN GV 18 Kasterlee
84,Oudemolsedijk,2018-12-12,02:00:00,0,0,0,FMN GV 18 Kasterlee
84,Oudemolsedijk,2018-12-12,03:00:00,0,0,0,FMN GV 18 Kasterlee
84,Oudemolsedijk,2018-12-12,04:00:00,4,2,2,FMN GV 18 Kasterlee
84,Oudemolsedijk,2018-12-12,05:00:00,0,0,0,FMN GV 18 Kasterlee
84,Oudemolsedijk,2018-12-12,06:00:00,6,1,5,FMN GV 18 Kasterlee
84,Oudemolsedijk,2018-12-12,07:00:00,22,13,9,FMN GV 18 Kasterlee
84,Oudemolsedijk,2018-12-12,08:00:00,11,9,2,FMN GV 18 Kasterlee
84,Oudemolsedijk,2018-12-12,09:00:00,6,2,4,FMN GV 18 Kasterlee
84,Oudemolsedijk,2018-12-12,10:00:00,3,3,0,FMN GV 18 Kasterlee
84,Oudemolsedijk,2018-12-12,11:00:00,1,1,0,FMN GV 18 Kasterlee
84,Oudemolsedijk,2018-12-12,12:00:00,19,10,9,FMN GV 18 Kasterlee
84,Oudemolsedijk,2018-12-12,13:00:00,14,6,8,FMN GV 18 Kasterlee
84,Oudemolsedijk,2018-12-12,14:00:00,25,10,15,FMN GV 18 Kasterlee
84,Oudemolsedijk,2018-12-12,15:00:00,20,14,6,FMN GV 18 Kasterlee
84,Oudemolsedijk,2018-12-12,16:00:00,10,8,2,FMN GV 18 Kasterlee
84,Oudemolsedijk,2018-12-12,17:00:00,13,3,10,FMN GV 18 Kasterlee
84,Oudemolsedijk,2018-12-12,18:00:00,5,5,0,FMN GV 18 Kasterlee
84,Oudemolsedijk,2018-12-12,19:00:00,4,2,2,FMN GV 18 Kasterlee
84,Oudemolsedijk,2018-12-12,20:00:00,16,12,4,FMN GV 18 Kasterlee
84,Oudemolsedijk,2018-12-12,21:00:00,0,0,0,FMN GV 18 Kasterlee
84,Oudemolsedijk,2018-12-12,22:00:00,1,0,1,FMN GV 18 Kasterlee
84,Oudemolsedijk,2018-12-12,23:00:00,1,1,0,FMN GV 18 Kasterlee
84,Oudemolsedijk,2018-12-13,00:00:00,0,0,0,FMN GV 18 Kasterlee
84,Oudemolsedijk,2018-12-13,01:00:00,0,0,0,FMN GV 18 Kasterlee
84,Oudemolsedijk,2018-12-13,02:00:00,0,0,0,FMN GV 18 Kasterlee
84,Oudemolsedijk,2018-12-13,03:00:00,0,0,0,FMN GV 18 Kasterlee
84,Oudemolsedijk,2018-12-13,04:00:00,8,4,4,FMN GV 18 Kasterlee
84,Oudemolsedijk,2018-12-13,05:00:00,1,1,0,FMN GV 18 Kasterlee
84,Oudemolsedijk,2018-12-13,06:00:00,2,1,1,FMN GV 18 Kasterlee
84,Oudemolsedijk,2018-12-13,07:00:00,13,7,6,FMN GV 18 Kasterlee
84,Oudemolsedijk,2018-12-13,08:00:00,10,6,4,FMN GV 18 Kasterlee
84,Oudemolsedijk,2018-12-13,09:00:00,16,3,13,FMN GV 18 Kasterlee
84,Oudemolsedijk,2018-12-13,10:00:00,6,5,1,FMN GV 18 Kasterlee
84,Oudemolsedijk,2018-12-13,11:00:00,5,4,1,FMN GV 18 Kasterlee
84,Oudemolsedijk,2018-12-13,12:00:00,203,35,168,FMN GV 18 Kasterlee
84,Oudemolsedijk,2018-12-13,13:00:00,201,46,155,FMN GV 18 Kasterlee
84,Oudemolsedijk,2018-12-13,14:00:00,72,21,51,FMN GV 18 Kasterlee
84,Oudemolsedijk,2018-12-13,15:00:00,31,22,9,FMN GV 18 Kasterlee
84,Oudemolsedijk,2018-12-13,16:00:00,16,11,5,FMN GV 18 Kasterlee
84,Oudemolsedijk,2018-12-13,17:00:00,8,4,4,FMN GV 18 Kasterlee
84,Oudemolsedijk,2018-12-13,18:00:00,13,5,8,FMN GV 18 Kasterlee
84,Oudemolsedijk,2018-12-13,19:00:00,3,1,2,FMN GV 18 Kasterlee
84,Oudemolsedijk,2018-12-13,20:00:00,1,0,1,FMN GV 18 Kasterlee
84,Oudemolsedijk,2018-12-13,21:00:00,2,1,1,FMN GV 18 Kasterlee
84,Oudemolsedijk,2018-12-13,22:00:00,0,0,0,FMN GV 18 Kasterlee
84,Oudemolsedijk,2018-12-13,23:00:00,0,0,0,FMN GV 18 Kasterlee
84,Oudemolsedijk,2018-12-14,00:00:00,0,0,0,FMN GV 18 Kasterlee
84,Oudemolsedijk,2018-12-14,01:00:00,0,0,0,FMN GV 18 Kasterlee
84,Oudemolsedijk,2018-12-14,02:00:00,0,0,0,FMN GV 18 Kasterlee
84,Oudemolsedijk,2018-12-14,03:00:00,0,0,0,FMN GV 18 Kasterlee
84,Oudemolsedijk,2018-12-14,04:00:00,5,4,1,FMN GV 18 Kasterlee
84,Oudemolsedijk,2018-12-14,05:00:00,0,0,0,FMN GV 18 Kasterlee
84,Oudemolsedijk,2018-12-14,06:00:00,4,2,2,FMN GV 18 Kasterlee
84,Oudemolsedijk,2018-12-14,07:00:00,9,7,2,FMN GV 18 Kasterlee
84,Oudemolsedijk,2018-12-14,08:00:00,8,4,4,FMN GV 18 Kasterlee
84,Oudemolsedijk,2018-12-14,09:00:00,6,4,2,FMN GV 18 Kasterlee
84,Oudemolsedijk,2018-12-14,10:00:00,6,3,3,FMN GV 18 Kasterlee
84,Oudemolsedijk,2018-12-14,11:00:00,4,3,1,FMN GV 18 Kasterlee
84,Oudemolsedijk,2018-12-14,12:00:00,4,2,2,FMN GV 18 Kasterlee
84,Oudemolsedijk,2018-12-14,13:00:00,10,9,1,FMN GV 18 Kasterlee
84,Oudemolsedijk,2018-12-14,14:00:00,13,4,9,FMN GV 18 Kasterlee
84,Oudemolsedijk,2018-12-14,15:00:00,7,2,5,FMN GV 18 Kasterlee
84,Oudemolsedijk,2018-12-14,16:00:00,11,8,3,FMN GV 18 Kasterlee
84,Oudemolsedijk,2018-12-14,17:00:00,8,2,6,FMN GV 18 Kasterlee
84,Oudemolsedijk,2018-12-14,18:00:00,6,2,4,FMN GV 18 Kasterlee
84,Oudemolsedijk,2018-12-14,19:00:00,1,1,0,FMN GV 18 Kasterlee
84,Oudemolsedijk,2018-12-14,20:00:00,0,0,0,FMN GV 18 Kasterlee
84,Oudemolsedijk,2018-12-14,21:00:00,2,0,2,FMN GV 18 Kasterlee
84,Oudemolsedijk,2018-12-14,22:00:00,0,0,0,FMN GV 18 Kasterlee
84,Oudemolsedijk,2018-12-14,23:00:00,0,0,0,FMN GV 18 Kasterlee
84,Oudemolsedijk,2018-12-15,00:00:00,0,0,0,FMN GV 18 Kasterlee
84,Oudemolsedijk,2018-12-15,01:00:00,0,0,0,FMN GV 18 Kasterlee
84,Oudemolsedijk,2018-12-15,02:00:00,1,0,1,FMN GV 18 Kasterlee
84,Oudemolsedijk,2018-12-15,03:00:00,0,0,0,FMN GV 18 Kasterlee
84,Oudemolsedijk,2018-12-15,04:00:00,0,0,0,FMN GV 18 Kasterlee
84,Oudemolsedijk,2018-12-15,05:00:00,0,0,0,FMN GV 18 Kasterlee
84,Oudemolsedijk,2018-12-15,06:00:00,5,2,3,FMN GV 18 Kasterlee
84,Oudemolsedijk,2018-12-15,07:00:00,1,1,0,FMN GV 18 Kasterlee
84,Oudemolsedijk,2018-12-15,08:00:00,2,0,2,FMN GV 18 Kasterlee
84,Oudemolsedijk,2018-12-15,09:00:00,9,3,6,FMN GV 18 Kasterlee
84,Oudemolsedijk,2018-12-15,10:00:00,7,1,6,FMN GV 18 Kasterlee
84,Oudemolsedijk,2018-12-15,11:00:00,19,6,13,FMN GV 18 Kasterlee
84,Oudemolsedijk,2018-12-15,12:00:00,16,8,8,FMN GV 18 Kasterlee
84,Oudemolsedijk,2018-12-15,13:00:00,18,16,2,FMN GV 18 Kasterlee
84,Oudemolsedijk,2018-12-15,14:00:00,26,18,8,FMN GV 18 Kasterlee
84,Oudemolsedijk,2018-12-15,15:00:00,8,5,3,FMN GV 18 Kasterlee
84,Oudemolsedijk,2018-12-15,16:00:00,6,5,1,FMN GV 18 Kasterlee
84,Oudemolsedijk,2018-12-15,17:00:00,1,1,0,FMN GV 18 Kasterlee
84,Oudemolsedijk,2018-12-15,18:00:00,0,0,0,FMN GV 18 Kasterlee
84,Oudemolsedijk,2018-12-15,19:00:00,0,0,0,FMN GV 18 Kasterlee
84,Oudemolsedijk,2018-12-15,20:00:00,0,0,0,FMN GV 18 Kasterlee
84,Oudemolsedijk,2018-12-15,21:00:00,0,0,0,FMN GV 18 Kasterlee
84,Oudemolsedijk,2018-12-15,22:00:00,0,0,0,FMN GV 18 Kasterlee
84,Oudemolsedijk,2018-12-15,23:00:00,0,0,0,FMN GV 18 Kasterlee
84,Oudemolsedijk,2018-12-16,00:00:00,1,0,1,FMN GV 18 Kasterlee
84,Oudemolsedijk,2018-12-16,01:00:00,4,1,3,FMN GV 18 Kasterlee
84,Oudemolsedijk,2018-12-16,02:00:00,0,0,0,FMN GV 18 Kasterlee
84,Oudemolsedijk,2018-12-16,03:00:00,0,0,0,FMN GV 18 Kasterlee
84,Oudemolsedijk,2018-12-16,04:00:00,1,0,1,FMN GV 18 Kasterlee
84,Oudemolsedijk,2018-12-16,05:00:00,0,0,0,FMN GV 18 Kasterlee
84,Oudemolsedijk,2018-12-16,06:00:00,0,0,0,FMN GV 18 Kasterlee
84,Oudemolsedijk,2018-12-16,07:00:00,2,2,0,FMN GV 18 Kasterlee
84,Oudemolsedijk,2018-12-16,08:00:00,68,36,32,FMN GV 18 Kasterlee
84,Oudemolsedijk,2018-12-16,09:00:00,30,28,2,FMN GV 18 Kasterlee
84,Oudemolsedijk,2018-12-16,10:00:00,12,1,11,FMN GV 18 Kasterlee
84,Oudemolsedijk,2018-12-16,11:00:00,3,1,2,FMN GV 18 Kasterlee
84,Oudemolsedijk,2018-12-16,12:00:00,7,4,3,FMN GV 18 Kasterlee
84,Oudemolsedijk,2018-12-16,13:00:00,7,6,1,FMN GV 18 Kasterlee
84,Oudemolsedijk,2018-12-16,14:00:00,13,12,1,FMN GV 18 Kasterlee
84,Oudemolsedijk,2018-12-16,15:00:00,77,67,10,FMN GV 18 Kasterlee
84,Oudemolsedijk,2018-12-16,16:00:00,179,154,25,FMN GV 18 Kasterlee
84,Oudemolsedijk,2018-12-16,17:00:00,221,206,15,FMN GV 18 Kasterlee
84,Oudemolsedijk,2018-12-16,18:00:00,135,123,12,FMN GV 18 Kasterlee
84,Oudemolsedijk,2018-12-16,19:00:00,59,50,9,FMN GV 18 Kasterlee
84,Oudemolsedijk,2018-12-16,20:00:00,6,4,2,FMN GV 18 Kasterlee
84,Oudemolsedijk,2018-12-16,21:00:00,1,0,1,FMN GV 18 Kasterlee
84,Oudemolsedijk,2018-12-16,22:00:00,0,0,0,FMN GV 18 Kasterlee
84,Oudemolsedijk,2018-12-16,23:00:00,1,1,0,FMN GV 18 Kasterlee
84,Oudemolsedijk,2018-12-17,00:00:00,1,0,1,FMN GV 18 Kasterlee
84,Oudemolsedijk,2018-12-17,01:00:00,0,0,0,FMN GV 18 Kasterlee
84,Oudemolsedijk,2018-12-17,02:00:00,0,0,0,FMN GV 18 Kasterlee
84,Oudemolsedijk,2018-12-17,03:00:00,0,0,0,FMN GV 18 Kasterlee
84,Oudemolsedijk,2018-12-17,04:00:00,0,0,0,FMN GV 18 Kasterlee
84,Oudemolsedijk,2018-12-17,05:00:00,0,0,0,FMN GV 18 Kasterlee
84,Oudemolsedijk,2018-12-17,06:00:00,3,3,0,FMN GV 18 Kasterlee
84,Oudemolsedijk,2018-12-17,07:00:00,7,5,2,FMN GV 18 Kasterlee
84,Oudemolsedijk,2018-12-17,08:00:00,8,6,2,FMN GV 18 Kasterlee
84,Oudemolsedijk,2018-12-17,09:00:00,6,3,3,FMN GV 18 Kasterlee
84,Oudemolsedijk,2018-12-17,10:00:00,4,3,1,FMN GV 18 Kasterlee
84,Oudemolsedijk,2018-12-17,11:00:00,2,0,2,FMN GV 18 Kasterlee
84,Oudemolsedijk,2018-12-17,12:00:00,8,4,4,FMN GV 18 Kasterlee
84,Oudemolsedijk,2018-12-17,13:00:00,10,9,1,FMN GV 18 Kasterlee
84,Oudemolsedijk,2018-12-17,14:00:00,17,6,11,FMN GV 18 Kasterlee
84,Oudemolsedijk,2018-12-17,15:00:00,11,7,4,FMN GV 18 Kasterlee
84,Oudemolsedijk,2018-12-17,16:00:00,22,13,9,FMN GV 18 Kasterlee
84,Oudemolsedijk,2018-12-17,17:00:00,4,4,0,FMN GV 18 Kasterlee
84,Oudemolsedijk,2018-12-17,18:00:00,3,1,2,FMN GV 18 Kasterlee
84,Oudemolsedijk,2018-12-17,19:00:00,1,1,0,FMN GV 18 Kasterlee
84,Oudemolsedijk,2018-12-17,20:00:00,1,0,1,FMN GV 18 Kasterlee
84,Oudemolsedijk,2018-12-17,21:00:00,1,0,1,FMN GV 18 Kasterlee
84,Oudemolsedijk,2018-12-17,22:00:00,0,0,0,FMN GV 18 Kasterlee
84,Oudemolsedijk,2018-12-17,23:00:00,0,0,0,FMN GV 18 Kasterlee
84,Oudemolsedijk,2018-12-18,00:00:00,0,0,0,FMN GV 18 Kasterlee
84,Oudemolsedijk,2018-12-18,01:00:00,0,0,0,FMN GV 18 Kasterlee
84,Oudemolsedijk,2018-12-18,02:00:00,0,0,0,FMN GV 18 Kasterlee
84,Oudemolsedijk,2018-12-18,03:00:00,0,0,0,FMN GV 18 Kasterlee
84,Oudemolsedijk,2018-12-18,04:00:00,0,0,0,FMN GV 18 Kasterlee
84,Oudemolsedijk,2018-12-18,05:00:00,0,0,0,FMN GV 18 Kasterlee
84,Oudemolsedijk,2018-12-18,06:00:00,3,1,2,FMN GV 18 Kasterlee
84,Oudemolsedijk,2018-12-18,07:00:00,9,5,4,FMN GV 18 Kasterlee
84,Oudemolsedijk,2018-12-18,08:00:00,14,11,3,FMN GV 18 Kasterlee
84,Oudemolsedijk,2018-12-18,09:00:00,6,1,5,FMN GV 18 Kasterlee
84,Oudemolsedijk,2018-12-18,10:00:00,15,8,7,FMN GV 18 Kasterlee
84,Oudemolsedijk,2018-12-18,11:00:00,9,4,5,FMN GV 18 Kasterlee
84,Oudemolsedijk,2018-12-18,12:00:00,28,10,18,FMN GV 18 Kasterlee
84,Oudemolsedijk,2018-12-18,13:00:00,39,10,29,FMN GV 18 Kasterlee
84,Oudemolsedijk,2018-12-18,14:00:00,34,26,8,FMN GV 18 Kasterlee
84,Oudemolsedijk,2018-12-18,15:00:00,25,14,11,FMN GV 18 Kasterlee
84,Oudemolsedijk,2018-12-18,16:00:00,16,9,7,FMN GV 18 Kasterlee
84,Oudemolsedijk,2018-12-18,17:00:00,6,2,4,FMN GV 18 Kasterlee
84,Oudemolsedijk,2018-12-18,18:00:00,7,1,6,FMN GV 18 Kasterlee
84,Oudemolsedijk,2018-12-18,19:00:00,4,3,1,FMN GV 18 Kasterlee
84,Oudemolsedijk,2018-12-18,20:00:00,2,0,2,FMN GV 18 Kasterlee
84,Oudemolsedijk,2018-12-18,21:00:00,2,1,1,FMN GV 18 Kasterlee
84,Oudemolsedijk,2018-12-18,22:00:00,1,1,0,FMN GV 18 Kasterlee
84,Oudemolsedijk,2018-12-18,23:00:00,2,0,2,FMN GV 18 Kasterlee
84,Oudemolsedijk,2018-12-19,00:00:00,1,0,1,FMN GV 18 Kasterlee
84,Oudemolsedijk,2018-12-19,01:00:00,0,0,0,FMN GV 18 Kasterlee
84,Oudemolsedijk,2018-12-19,02:00:00,0,0,0,FMN GV 18 Kasterlee
84,Oudemolsedijk,2018-12-19,03:00:00,0,0,0,FMN GV 18 Kasterlee
84,Oudemolsedijk,2018-12-19,04:00:00,0,0,0,FMN GV 18 Kasterlee
84,Oudemolsedijk,2018-12-19,05:00:00,1,1,0,FMN GV 18 Kasterlee
84,Oudemolsedijk,2018-12-19,06:00:00,1,1,0,FMN GV 18 Kasterlee
84,Oudemolsedijk,2018-12-19,07:00:00,11,6,5,FMN GV 18 Kasterlee
84,Oudemolsedijk,2018-12-19,08:00:00,13,6,7,FMN GV 18 Kasterlee
84,Oudemolsedijk,2018-12-19,09:00:00,11,6,5,FMN GV 18 Kasterlee
84,Oudemolsedijk,2018-12-19,10:00:00,10,8,2,FMN GV 18 Kasterlee
84,Oudemolsedijk,2018-12-19,11:00:00,6,5,1,FMN GV 18 Kasterlee
84,Oudemolsedijk,2018-12-19,12:00:00,16,7,9,FMN GV 18 Kasterlee
84,Oudemolsedijk,2018-12-19,13:00:00,8,5,3,FMN GV 18 Kasterlee
84,Oudemolsedijk,2018-12-19,14:00:00,24,11,13,FMN GV 18 Kasterlee
84,Oudemolsedijk,2018-12-19,15:00:00,20,10,10,FMN GV 18 Kasterlee
84,Oudemolsedijk,2018-12-19,16:00:00,11,10,1,FMN GV 18 Kasterlee
84,Oudemolsedijk,2018-12-19,17:00:00,10,7,3,FMN GV 18 Kasterlee
84,Oudemolsedijk,2018-12-19,18:00:00,9,4,5,FMN GV 18 Kasterlee
84,Oudemolsedijk,2018-12-19,19:00:00,8,7,1,FMN GV 18 Kasterlee
84,Oudemolsedijk,2018-12-19,20:00:00,28,15,13,FMN GV 18 Kasterlee
84,Oudemolsedijk,2018-12-19,21:00:00,2,1,1,FMN GV 18 Kasterlee
84,Oudemolsedijk,2018-12-19,22:00:00,1,0,1,FMN GV 18 Kasterlee
84,Oudemolsedijk,2018-12-19,23:00:00,0,0,0,FMN GV 18 Kasterlee
84,Oudemolsedijk,2018-12-20,00:00:00,1,1,0,FMN GV 18 Kasterlee
84,Oudemolsedijk,2018-12-20,01:00:00,0,0,0,FMN GV 18 Kasterlee
84,Oudemolsedijk,2018-12-20,02:00:00,0,0,0,FMN GV 18 Kasterlee
84,Oudemolsedijk,2018-12-20,03:00:00,0,0,0,FMN GV 18 Kasterlee
84,Oudemolsedijk,2018-12-20,04:00:00,0,0,0,FMN GV 18 Kasterlee
84,Oudemolsedijk,2018-12-20,05:00:00,1,1,0,FMN GV 18 Kasterlee
84,Oudemolsedijk,2018-12-20,06:00:00,2,1,1,FMN GV 18 Kasterlee
84,Oudemolsedijk,2018-12-20,07:00:00,11,10,1,FMN GV 18 Kasterlee
84,Oudemolsedijk,2018-12-20,08:00:00,14,5,9,FMN GV 18 Kasterlee
84,Oudemolsedijk,2018-12-20,09:00:00,2,0,2,FMN GV 18 Kasterlee
84,Oudemolsedijk,2018-12-20,10:00:00,9,4,5,FMN GV 18 Kasterlee
84,Oudemolsedijk,2018-12-20,11:00:00,6,4,2,FMN GV 18 Kasterlee
84,Oudemolsedijk,2018-12-20,12:00:00,6,2,4,FMN GV 18 Kasterlee
84,Oudemolsedijk,2018-12-20,13:00:00,9,5,4,FMN GV 18 Kasterlee
84,Oudemolsedijk,2018-12-20,14:00:00,8,6,2,FMN GV 18 Kasterlee
84,Oudemolsedijk,2018-12-20,15:00:00,9,6,3,FMN GV 18 Kasterlee
84,Oudemolsedijk,2018-12-20,16:00:00,10,6,4,FMN GV 18 Kasterlee
84,Oudemolsedijk,2018-12-20,17:00:00,8,3,5,FMN GV 18 Kasterlee
84,Oudemolsedijk,2018-12-20,18:00:00,8,6,2,FMN GV 18 Kasterlee
84,Oudemolsedijk,2018-12-20,19:00:00,5,2,3,FMN GV 18 Kasterlee
84,Oudemolsedijk,2018-12-20,20:00:00,1,0,1,FMN GV 18 Kasterlee
84,Oudemolsedijk,2018-12-20,21:00:00,4,3,1,FMN GV 18 Kasterlee
84,Oudemolsedijk,2018-12-20,22:00:00,2,0,2,FMN GV 18 Kasterlee
84,Oudemolsedijk,2018-12-20,23:00:00,0,0,0,FMN GV 18 Kasterlee
84,Oudemolsedijk,2018-12-21,00:00:00,1,0,1,FMN GV 18 Kasterlee
84,Oudemolsedijk,2018-12-21,01:00:00,0,0,0,FMN GV 18 Kasterlee
84,Oudemolsedijk,2018-12-21,02:00:00,0,0,0,FMN GV 18 Kasterlee
84,Oudemolsedijk,2018-12-21,03:00:00,0,0,0,FMN GV 18 Kasterlee
84,Oudemolsedijk,2018-12-21,04:00:00,0,0,0,FMN GV 18 Kasterlee
84,Oudemolsedijk,2018-12-21,05:00:00,1,1,0,FMN GV 18 Kasterlee
84,Oudemolsedijk,2018-12-21,06:00:00,1,0,1,FMN GV 18 Kasterlee
84,Oudemolsedijk,2018-12-21,07:00:00,4,2,2,FMN GV 18 Kasterlee
84,Oudemolsedijk,2018-12-21,08:00:00,3,3,0,FMN GV 18 Kasterlee
84,Oudemolsedijk,2018-12-21,09:00:00,0,0,0,FMN GV 18 Kasterlee
84,Oudemolsedijk,2018-12-21,10:00:00,1,1,0,FMN GV 18 Kasterlee
84,Oudemolsedijk,2018-12-21,11:00:00,3,1,2,FMN GV 18 Kasterlee
84,Oudemolsedijk,2018-12-21,12:00:00,2,0,2,FMN GV 18 Kasterlee
84,Oudemolsedijk,2018-12-21,13:00:00,2,2,0,FMN GV 18 Kasterlee
84,Oudemolsedijk,2018-12-21,14:00:00,4,1,3,FMN GV 18 Kasterlee
84,Oudemolsedijk,2018-12-21,15:00:00,5,2,3,FMN GV 18 Kasterlee
84,Oudemolsedijk,2018-12-21,16:00:00,5,3,2,FMN GV 18 Kasterlee
84,Oudemolsedijk,2018-12-21,17:00:00,6,5,1,FMN GV 18 Kasterlee
84,Oudemolsedijk,2018-12-21,18:00:00,1,0,1,FMN GV 18 Kasterlee
84,Oudemolsedijk,2018-12-21,19:00:00,3,1,2,FMN GV 18 Kasterlee
84,Oudemolsedijk,2018-12-21,20:00:00,0,0,0,FMN GV 18 Kasterlee
84,Oudemolsedijk,2018-12-21,21:00:00,0,0,0,FMN GV 18 Kasterlee
84,Oudemolsedijk,2018-12-21,22:00:00,0,0,0,FMN GV 18 Kasterlee
84,Oudemolsedijk,2018-12-21,23:00:00,2,2,0,FMN GV 18 Kasterlee
84,Oudemolsedijk,2018-12-22,00:00:00,0,0,0,FMN GV 18 Kasterlee
84,Oudemolsedijk,2018-12-22,01:00:00,0,0,0,FMN GV 18 Kasterlee
84,Oudemolsedijk,2018-12-22,02:00:00,2,0,2,FMN GV 18 Kasterlee
84,Oudemolsedijk,2018-12-22,03:00:00,0,0,0,FMN GV 18 Kasterlee
84,Oudemolsedijk,2018-12-22,04:00:00,0,0,0,FMN GV 18 Kasterlee
84,Oudemolsedijk,2018-12-22,05:00:00,0,0,0,FMN GV 18 Kasterlee
84,Oudemolsedijk,2018-12-22,06:00:00,0,0,0,FMN GV 18 Kasterlee
84,Oudemolsedijk,2018-12-22,07:00:00,0,0,0,FMN GV 18 Kasterlee
84,Oudemolsedijk,2018-12-22,08:00:00,2,1,1,FMN GV 18 Kasterlee
84,Oudemolsedijk,2018-12-22,09:00:00,4,4,0,FMN GV 18 Kasterlee
84,Oudemolsedijk,2018-12-22,10:00:00,7,2,5,FMN GV 18 Kasterlee
84,Oudemolsedijk,2018-12-22,11:00:00,14,12,2,FMN GV 18 Kasterlee
84,Oudemolsedijk,2018-12-22,12:00:00,14,7,7,FMN GV 18 Kasterlee
84,Oudemolsedijk,2018-12-22,13:00:00,32,17,15,FMN GV 18 Kasterlee
84,Oudemolsedijk,2018-12-22,14:00:00,40,25,15,FMN GV 18 Kasterlee
84,Oudemolsedijk,2018-12-22,15:00:00,37,18,19,FMN GV 18 Kasterlee
84,Oudemolsedijk,2018-12-22,16:00:00,13,6,7,FMN GV 18 Kasterlee
84,Oudemolsedijk,2018-12-22,17:00:00,3,1,2,FMN GV 18 Kasterlee
84,Oudemolsedijk,2018-12-22,18:00:00,2,2,0,FMN GV 18 Kasterlee
84,Oudemolsedijk,2018-12-22,19:00:00,4,1,3,FMN GV 18 Kasterlee
84,Oudemolsedijk,2018-12-22,20:00:00,3,3,0,FMN GV 18 Kasterlee
84,Oudemolsedijk,2018-12-22,21:00:00,1,0,1,FMN GV 18 Kasterlee
84,Oudemolsedijk,2018-12-22,22:00:00,0,0,0,FMN GV 18 Kasterlee
84,Oudemolsedijk,2018-12-22,23:00:00,1,0,1,FMN GV 18 Kasterlee
84,Oudemolsedijk,2018-12-23,00:00:00,0,0,0,FMN GV 18 Kasterlee
84,Oudemolsedijk,2018-12-23,01:00:00,0,0,0,FMN GV 18 Kasterlee
84,Oudemolsedijk,2018-12-23,02:00:00,0,0,0,FMN GV 18 Kasterlee
84,Oudemolsedijk,2018-12-23,03:00:00,0,0,0,FMN GV 18 Kasterlee
84,Oudemolsedijk,2018-12-23,04:00:00,0,0,0,FMN GV 18 Kasterlee
84,Oudemolsedijk,2018-12-23,05:00:00,0,0,0,FMN GV 18 Kasterlee
84,Oudemolsedijk,2018-12-23,06:00:00,0,0,0,FMN GV 18 Kasterlee
84,Oudemolsedijk,2018-12-23,07:00:00,0,0,0,FMN GV 18 Kasterlee
84,Oudemolsedijk,2018-12-23,08:00:00,8,4,4,FMN GV 18 Kasterlee
84,Oudemolsedijk,2018-12-23,09:00:00,31,21,10,FMN GV 18 Kasterlee
84,Oudemolsedijk,2018-12-23,10:00:00,75,49,26,FMN GV 18 Kasterlee
84,Oudemolsedijk,2018-12-23,11:00:00,14,4,10,FMN GV 18 Kasterlee
84,Oudemolsedijk,2018-12-23,12:00:00,6,3,3,FMN GV 18 Kasterlee
84,Oudemolsedijk,2018-12-23,13:00:00,18,12,6,FMN GV 18 Kasterlee
84,Oudemolsedijk,2018-12-23,14:00:00,2,2,0,FMN GV 18 Kasterlee
84,Oudemolsedijk,2018-12-23,15:00:00,3,0,3,FMN GV 18 Kasterlee
84,Oudemolsedijk,2018-12-23,16:00:00,0,0,0,FMN GV 18 Kasterlee
84,Oudemolsedijk,2018-12-23,17:00:00,0,0,0,FMN GV 18 Kasterlee
84,Oudemolsedijk,2018-12-23,18:00:00,0,0,0,FMN GV 18 Kasterlee
84,Oudemolsedijk,2018-12-23,19:00:00,1,1,0,FMN GV 18 Kasterlee
84,Oudemolsedijk,2018-12-23,20:00:00,0,0,0,FMN GV 18 Kasterlee
84,Oudemolsedijk,2018-12-23,21:00:00,0,0,0,FMN GV 18 Kasterlee
84,Oudemolsedijk,2018-12-23,22:00:00,0,0,0,FMN GV 18 Kasterlee
84,Oudemolsedijk,2018-12-23,23:00:00,0,0,0,FMN GV 18 Kasterlee
84,Oudemolsedijk,2018-12-24,00:00:00,0,0,0,FMN GV 18 Kasterlee
84,Oudemolsedijk,2018-12-24,01:00:00,0,0,0,FMN GV 18 Kasterlee
84,Oudemolsedijk,2018-12-24,02:00:00,0,0,0,FMN GV 18 Kasterlee
84,Oudemolsedijk,2018-12-24,03:00:00,0,0,0,FMN GV 18 Kasterlee
84,Oudemolsedijk,2018-12-24,04:00:00,0,0,0,FMN GV 18 Kasterlee
84,Oudemolsedijk,2018-12-24,05:00:00,0,0,0,FMN GV 18 Kasterlee
84,Oudemolsedijk,2018-12-24,06:00:00,1,1,0,FMN GV 18 Kasterlee
84,Oudemolsedijk,2018-12-24,07:00:00,4,3,1,FMN GV 18 Kasterlee
84,Oudemolsedijk,2018-12-24,08:00:00,4,0,4,FMN GV 18 Kasterlee
84,Oudemolsedijk,2018-12-24,09:00:00,8,4,4,FMN GV 18 Kasterlee
84,Oudemolsedijk,2018-12-24,10:00:00,16,8,8,FMN GV 18 Kasterlee
84,Oudemolsedijk,2018-12-24,11:00:00,16,11,5,FMN GV 18 Kasterlee
84,Oudemolsedijk,2018-12-24,12:00:00,12,5,7,FMN GV 18 Kasterlee
84,Oudemolsedijk,2018-12-24,13:00:00,22,10,12,FMN GV 18 Kasterlee
84,Oudemolsedijk,2018-12-24,14:00:00,38,16,22,FMN GV 18 Kasterlee
84,Oudemolsedijk,2018-12-24,15:00:00,22,18,4,FMN GV 18 Kasterlee
84,Oudemolsedijk,2018-12-24,16:00:00,8,3,5,FMN GV 18 Kasterlee
84,Oudemolsedijk,2018-12-24,17:00:00,1,0,1,FMN GV 18 Kasterlee
84,Oudemolsedijk,2018-12-24,18:00:00,1,1,0,FMN GV 18 Kasterlee
84,Oudemolsedijk,2018-12-24,19:00:00,0,0,0,FMN GV 18 Kasterlee
84,Oudemolsedijk,2018-12-24,20:00:00,1,0,1,FMN GV 18 Kasterlee
84,Oudemolsedijk,2018-12-24,21:00:00,0,0,0,FMN GV 18 Kasterlee
84,Oudemolsedijk,2018-12-24,22:00:00,1,0,1,FMN GV 18 Kasterlee
84,Oudemolsedijk,2018-12-24,23:00:00,0,0,0,FMN GV 18 Kasterlee
84,Oudemolsedijk,2018-12-25,00:00:00,1,0,1,FMN GV 18 Kasterlee
84,Oudemolsedijk,2018-12-25,01:00:00,0,0,0,FMN GV 18 Kasterlee
84,Oudemolsedijk,2018-12-25,02:00:00,1,0,1,FMN GV 18 Kasterlee
84,Oudemolsedijk,2018-12-25,03:00:00,0,0,0,FMN GV 18 Kasterlee
84,Oudemolsedijk,2018-12-25,04:00:00,0,0,0,FMN GV 18 Kasterlee
84,Oudemolsedijk,2018-12-25,05:00:00,0,0,0,FMN GV 18 Kasterlee
84,Oudemolsedijk,2018-12-25,06:00:00,0,0,0,FMN GV 18 Kasterlee
84,Oudemolsedijk,2018-12-25,07:00:00,0,0,0,FMN GV 18 Kasterlee
84,Oudemolsedijk,2018-12-25,08:00:00,0,0,0,FMN GV 18 Kasterlee
84,Oudemolsedijk,2018-12-25,09:00:00,8,1,7,FMN GV 18 Kasterlee
84,Oudemolsedijk,2018-12-25,10:00:00,33,19,14,FMN GV 18 Kasterlee
84,Oudemolsedijk,2018-12-25,11:00:00,19,11,8,FMN GV 18 Kasterlee
84,Oudemolsedijk,2018-12-25,12:00:00,11,7,4,FMN GV 18 Kasterlee
84,Oudemolsedijk,2018-12-25,13:00:00,19,14,5,FMN GV 18 Kasterlee
84,Oudemolsedijk,2018-12-25,14:00:00,30,21,9,FMN GV 18 Kasterlee
84,Oudemolsedijk,2018-12-25,15:00:00,8,4,4,FMN GV 18 Kasterlee
84,Oudemolsedijk,2018-12-25,16:00:00,2,1,1,FMN GV 18 Kasterlee
84,Oudemolsedijk,2018-12-25,17:00:00,2,1,1,FMN GV 18 Kasterlee
84,Oudemolsedijk,2018-12-25,18:00:00,1,1,0,FMN GV 18 Kasterlee
84,Oudemolsedijk,2018-12-25,19:00:00,1,1,0,FMN GV 18 Kasterlee
84,Oudemolsedijk,2018-12-25,20:00:00,0,0,0,FMN GV 18 Kasterlee
84,Oudemolsedijk,2018-12-25,21:00:00,0,0,0,FMN GV 18 Kasterlee
84,Oudemolsedijk,2018-12-25,22:00:00,1,0,1,FMN GV 18 Kasterlee
84,Oudemolsedijk,2018-12-25,23:00:00,0,0,0,FMN GV 18 Kasterlee
84,Oudemolsedijk,2018-12-26,00:00:00,1,0,1,FMN GV 18 Kasterlee
84,Oudemolsedijk,2018-12-26,01:00:00,0,0,0,FMN GV 18 Kasterlee
84,Oudemolsedijk,2018-12-26,02:00:00,0,0,0,FMN GV 18 Kasterlee
84,Oudemolsedijk,2018-12-26,03:00:00,0,0,0,FMN GV 18 Kasterlee
84,Oudemolsedijk,2018-12-26,04:00:00,1,1,0,FMN GV 18 Kasterlee
84,Oudemolsedijk,2018-12-26,05:00:00,0,0,0,FMN GV 18 Kasterlee
84,Oudemolsedijk,2018-12-26,06:00:00,1,1,0,FMN GV 18 Kasterlee
84,Oudemolsedijk,2018-12-26,07:00:00,4,3,1,FMN GV 18 Kasterlee
84,Oudemolsedijk,2018-12-26,08:00:00,3,1,2,FMN GV 18 Kasterlee
84,Oudemolsedijk,2018-12-26,09:00:00,10,6,4,FMN GV 18 Kasterlee
84,Oudemolsedijk,2018-12-26,10:00:00,6,2,4,FMN GV 18 Kasterlee
84,Oudemolsedijk,2018-12-26,11:00:00,20,17,3,FMN GV 18 Kasterlee
84,Oudemolsedijk,2018-12-26,12:00:00,12,7,5,FMN GV 18 Kasterlee
84,Oudemolsedijk,2018-12-26,13:00:00,21,9,12,FMN GV 18 Kasterlee
84,Oudemolsedijk,2018-12-26,14:00:00,21,16,5,FMN GV 18 Kasterlee
84,Oudemolsedijk,2018-12-26,15:00:00,14,10,4,FMN GV 18 Kasterlee
84,Oudemolsedijk,2018-12-26,16:00:00,11,6,5,FMN GV 18 Kasterlee
84,Oudemolsedijk,2018-12-26,17:00:00,5,2,3,FMN GV 18 Kasterlee
84,Oudemolsedijk,2018-12-26,18:00:00,4,1,3,FMN GV 18 Kasterlee
84,Oudemolsedijk,2018-12-26,19:00:00,4,3,1,FMN GV 18 Kasterlee
84,Oudemolsedijk,2018-12-26,20:00:00,0,0,0,FMN GV 18 Kasterlee
84,Oudemolsedijk,2018-12-26,21:00:00,1,0,1,FMN GV 18 Kasterlee
84,Oudemolsedijk,2018-12-26,22:00:00,0,0,0,FMN GV 18 Kasterlee
84,Oudemolsedijk,2018-12-26,23:00:00,1,1,0,FMN GV 18 Kasterlee
84,Oudemolsedijk,2018-12-27,00:00:00,0,0,0,FMN GV 18 Kasterlee
84,Oudemolsedijk,2018-12-27,01:00:00,0,0,0,FMN GV 18 Kasterlee
84,Oudemolsedijk,2018-12-27,02:00:00,0,0,0,FMN GV 18 Kasterlee
84,Oudemolsedijk,2018-12-27,03:00:00,0,0,0,FMN GV 18 Kasterlee
84,Oudemolsedijk,2018-12-27,04:00:00,1,1,0,FMN GV 18 Kasterlee
84,Oudemolsedijk,2018-12-27,05:00:00,0,0,0,FMN GV 18 Kasterlee
84,Oudemolsedijk,2018-12-27,06:00:00,2,1,1,FMN GV 18 Kasterlee
84,Oudemolsedijk,2018-12-27,07:00:00,2,1,1,FMN GV 18 Kasterlee
84,Oudemolsedijk,2018-12-27,08:00:00,3,1,2,FMN GV 18 Kasterlee
84,Oudemolsedijk,2018-12-27,09:00:00,2,1,1,FMN GV 18 Kasterlee
84,Oudemolsedijk,2018-12-27,10:00:00,2,2,0,FMN GV 18 Kasterlee
84,Oudemolsedijk,2018-12-27,11:00:00,8,3,5,FMN GV 18 Kasterlee
84,Oudemolsedijk,2018-12-27,12:00:00,18,6,12,FMN GV 18 Kasterlee
84,Oudemolsedijk,2018-12-27,13:00:00,44,31,13,FMN GV 18 Kasterlee
84,Oudemolsedijk,2018-12-27,14:00:00,40,19,21,FMN GV 18 Kasterlee
84,Oudemolsedijk,2018-12-27,15:00:00,43,13,30,FMN GV 18 Kasterlee
84,Oudemolsedijk,2018-12-27,16:00:00,12,2,10,FMN GV 18 Kasterlee
84,Oudemolsedijk,2018-12-27,17:00:00,1,0,1,FMN GV 18 Kasterlee
84,Oudemolsedijk,2018-12-27,18:00:00,3,3,0,FMN GV 18 Kasterlee
84,Oudemolsedijk,2018-12-27,19:00:00,2,1,1,FMN GV 18 Kasterlee
84,Oudemolsedijk,2018-12-27,20:00:00,8,7,1,FMN GV 18 Kasterlee
84,Oudemolsedijk,2018-12-27,21:00:00,1,1,0,FMN GV 18 Kasterlee
84,Oudemolsedijk,2018-12-27,22:00:00,1,1,0,FMN GV 18 Kasterlee
84,Oudemolsedijk,2018-12-27,23:00:00,1,1,0,FMN GV 18 Kasterlee
84,Oudemolsedijk,2018-12-28,00:00:00,0,0,0,FMN GV 18 Kasterlee
84,Oudemolsedijk,2018-12-28,01:00:00,0,0,0,FMN GV 18 Kasterlee
84,Oudemolsedijk,2018-12-28,02:00:00,0,0,0,FMN GV 18 Kasterlee
84,Oudemolsedijk,2018-12-28,03:00:00,0,0,0,FMN GV 18 Kasterlee
84,Oudemolsedijk,2018-12-28,04:00:00,1,1,0,FMN GV 18 Kasterlee
84,Oudemolsedijk,2018-12-28,05:00:00,0,0,0,FMN GV 18 Kasterlee
84,Oudemolsedijk,2018-12-28,06:00:00,1,0,1,FMN GV 18 Kasterlee
84,Oudemolsedijk,2018-12-28,07:00:00,3,2,1,FMN GV 18 Kasterlee
84,Oudemolsedijk,2018-12-28,08:00:00,4,1,3,FMN GV 18 Kasterlee
84,Oudemolsedijk,2018-12-28,09:00:00,4,2,2,FMN GV 18 Kasterlee
84,Oudemolsedijk,2018-12-28,10:00:00,4,3,1,FMN GV 18 Kasterlee
84,Oudemolsedijk,2018-12-28,11:00:00,10,7,3,FMN GV 18 Kasterlee
84,Oudemolsedijk,2018-12-28,12:00:00,7,1,6,FMN GV 18 Kasterlee
84,Oudemolsedijk,2018-12-28,13:00:00,5,1,4,FMN GV 18 Kasterlee
84,Oudemolsedijk,2018-12-28,14:00:00,7,6,1,FMN GV 18 Kasterlee
84,Oudemolsedijk,2018-12-28,15:00:00,6,2,4,FMN GV 18 Kasterlee
84,Oudemolsedijk,2018-12-28,16:00:00,6,4,2,FMN GV 18 Kasterlee
84,Oudemolsedijk,2018-12-28,17:00:00,5,4,1,FMN GV 18 Kasterlee
84,Oudemolsedijk,2018-12-28,18:00:00,2,0,2,FMN GV 18 Kasterlee
84,Oudemolsedijk,2018-12-28,19:00:00,1,1,0,FMN GV 18 Kasterlee
84,Oudemolsedijk,2018-12-28,20:00:00,0,0,0,FMN GV 18 Kasterlee
84,Oudemolsedijk,2018-12-28,21:00:00,1,1,0,FMN GV 18 Kasterlee
84,Oudemolsedijk,2018-12-28,22:00:00,0,0,0,FMN GV 18 Kasterlee
84,Oudemolsedijk,2018-12-28,23:00:00,0,0,0,FMN GV 18 Kasterlee
84,Oudemolsedijk,2018-12-29,00:00:00,1,0,1,FMN GV 18 Kasterlee
84,Oudemolsedijk,2018-12-29,01:00:00,0,0,0,FMN GV 18 Kasterlee
84,Oudemolsedijk,2018-12-29,02:00:00,0,0,0,FMN GV 18 Kasterlee
84,Oudemolsedijk,2018-12-29,03:00:00,0,0,0,FMN GV 18 Kasterlee
84,Oudemolsedijk,2018-12-29,04:00:00,0,0,0,FMN GV 18 Kasterlee
84,Oudemolsedijk,2018-12-29,05:00:00,0,0,0,FMN GV 18 Kasterlee
84,Oudemolsedijk,2018-12-29,06:00:00,1,1,0,FMN GV 18 Kasterlee
84,Oudemolsedijk,2018-12-29,07:00:00,0,0,0,FMN GV 18 Kasterlee
84,Oudemolsedijk,2018-12-29,08:00:00,3,3,0,FMN GV 18 Kasterlee
84,Oudemolsedijk,2018-12-29,09:00:00,2,0,2,FMN GV 18 Kasterlee
84,Oudemolsedijk,2018-12-29,10:00:00,22,11,11,FMN GV 18 Kasterlee
84,Oudemolsedijk,2018-12-29,11:00:00,12,7,5,FMN GV 18 Kasterlee
84,Oudemolsedijk,2018-12-29,12:00:00,23,12,11,FMN GV 18 Kasterlee
84,Oudemolsedijk,2018-12-29,13:00:00,17,14,3,FMN GV 18 Kasterlee
84,Oudemolsedijk,2018-12-29,14:00:00,23,16,7,FMN GV 18 Kasterlee
84,Oudemolsedijk,2018-12-29,15:00:00,25,3,22,FMN GV 18 Kasterlee
84,Oudemolsedijk,2018-12-29,16:00:00,9,5,4,FMN GV 18 Kasterlee
84,Oudemolsedijk,2018-12-29,17:00:00,1,0,1,FMN GV 18 Kasterlee
84,Oudemolsedijk,2018-12-29,18:00:00,1,1,0,FMN GV 18 Kasterlee
84,Oudemolsedijk,2018-12-29,19:00:00,0,0,0,FMN GV 18 Kasterlee
84,Oudemolsedijk,2018-12-29,20:00:00,0,0,0,FMN GV 18 Kasterlee
84,Oudemolsedijk,2018-12-29,21:00:00,0,0,0,FMN GV 18 Kasterlee
84,Oudemolsedijk,2018-12-29,22:00:00,2,1,1,FMN GV 18 Kasterlee
84,Oudemolsedijk,2018-12-29,23:00:00,1,0,1,FMN GV 18 Kasterlee
84,Oudemolsedijk,2018-12-30,00:00:00,0,0,0,FMN GV 18 Kasterlee
84,Oudemolsedijk,2018-12-30,01:00:00,0,0,0,FMN GV 18 Kasterlee
84,Oudemolsedijk,2018-12-30,02:00:00,0,0,0,FMN GV 18 Kasterlee
84,Oudemolsedijk,2018-12-30,03:00:00,0,0,0,FMN GV 18 Kasterlee
84,Oudemolsedijk,2018-12-30,04:00:00,0,0,0,FMN GV 18 Kasterlee
84,Oudemolsedijk,2018-12-30,05:00:00,0,0,0,FMN GV 18 Kasterlee
84,Oudemolsedijk,2018-12-30,06:00:00,1,1,0,FMN GV 18 Kasterlee
84,Oudemolsedijk,2018-12-30,07:00:00,1,1,0,FMN GV 18 Kasterlee
84,Oudemolsedijk,2018-12-30,08:00:00,6,1,5,FMN GV 18 Kasterlee
84,Oudemolsedijk,2018-12-30,09:00:00,26,14,12,FMN GV 18 Kasterlee
84,Oudemolsedijk,2018-12-30,10:00:00,59,32,27,FMN GV 18 Kasterlee
84,Oudemolsedijk,2018-12-30,11:00:00,63,27,36,FMN GV 18 Kasterlee
84,Oudemolsedijk,2018-12-30,12:00:00,10,5,5,FMN GV 18 Kasterlee
84,Oudemolsedijk,2018-12-30,13:00:00,30,13,17,FMN GV 18 Kasterlee
84,Oudemolsedijk,2018-12-30,14:00:00,8,3,5,FMN GV 18 Kasterlee
84,Oudemolsedijk,2018-12-30,15:00:00,22,16,6,FMN GV 18 Kasterlee
84,Oudemolsedijk,2018-12-30,16:00:00,23,6,17,FMN GV 18 Kasterlee
84,Oudemolsedijk,2018-12-30,17:00:00,4,3,1,FMN GV 18 Kasterlee
84,Oudemolsedijk,2018-12-30,18:00:00,2,1,1,FMN GV 18 Kasterlee
84,Oudemolsedijk,2018-12-30,19:00:00,0,0,0,FMN GV 18 Kasterlee
84,Oudemolsedijk,2018-12-30,20:00:00,1,0,1,FMN GV 18 Kasterlee
84,Oudemolsedijk,2018-12-30,21:00:00,0,0,0,FMN GV 18 Kasterlee
84,Oudemolsedijk,2018-12-30,22:00:00,0,0,0,FMN GV 18 Kasterlee
84,Oudemolsedijk,2018-12-30,23:00:00,0,0,0,FMN GV 18 Kasterlee
84,Oudemolsedijk,2018-12-31,00:00:00,0,0,0,FMN GV 18 Kasterlee
84,Oudemolsedijk,2018-12-31,01:00:00,0,0,0,FMN GV 18 Kasterlee
84,Oudemolsedijk,2018-12-31,02:00:00,0,0,0,FMN GV 18 Kasterlee
84,Oudemolsedijk,2018-12-31,03:00:00,0,0,0,FMN GV 18 Kasterlee
84,Oudemolsedijk,2018-12-31,04:00:00,0,0,0,FMN GV 18 Kasterlee
84,Oudemolsedijk,2018-12-31,05:00:00,1,1,0,FMN GV 18 Kasterlee
84,Oudemolsedijk,2018-12-31,06:00:00,0,0,0,FMN GV 18 Kasterlee
84,Oudemolsedijk,2018-12-31,07:00:00,2,1,1,FMN GV 18 Kasterlee
84,Oudemolsedijk,2018-12-31,08:00:00,10,3,7,FMN GV 18 Kasterlee
84,Oudemolsedijk,2018-12-31,09:00:00,4,0,4,FMN GV 18 Kasterlee
84,Oudemolsedijk,2018-12-31,10:00:00,14,7,7,FMN GV 18 Kasterlee
84,Oudemolsedijk,2018-12-31,11:00:00,12,10,2,FMN GV 18 Kasterlee
84,Oudemolsedijk,2018-12-31,12:00:00,8,4,4,FMN GV 18 Kasterlee
84,Oudemolsedijk,2018-12-31,13:00:00,18,8,10,FMN GV 18 Kasterlee
84,Oudemolsedijk,2018-12-31,14:00:00,31,11,20,FMN GV 18 Kasterlee
84,Oudemolsedijk,2018-12-31,15:00:00,14,10,4,FMN GV 18 Kasterlee
84,Oudemolsedijk,2018-12-31,16:00:00,7,2,5,FMN GV 18 Kasterlee
84,Oudemolsedijk,2018-12-31,17:00:00,5,3,2,FMN GV 18 Kasterlee
84,Oudemolsedijk,2018-12-31,18:00:00,4,4,0,FMN GV 18 Kasterlee
84,Oudemolsedijk,2018-12-31,19:00:00,0,0,0,FMN GV 18 Kasterlee
84,Oudemolsedijk,2018-12-31,20:00:00,1,1,0,FMN GV 18 Kasterlee
84,Oudemolsedijk,2018-12-31,21:00:00,0,0,0,FMN GV 18 Kasterlee
84,Oudemolsedijk,2018-12-31,22:00:00,0,0,0,FMN GV 18 Kasterlee
84,Oudemolsedijk,2018-12-31,23:00:00,0,0,0,FMN GV 18 Kasterlee
84,Oudemolsedijk,2019-01-01,00:00:00,0,0,0,FMN GV 18 Kasterlee
84,Oudemolsedijk,2019-01-01,01:00:00,2,1,1,FMN GV 18 Kasterlee
84,Oudemolsedijk,2019-01-01,02:00:00,0,0,0,FMN GV 18 Kasterlee
84,Oudemolsedijk,2019-01-01,03:00:00,2,0,2,FMN GV 18 Kasterlee
84,Oudemolsedijk,2019-01-01,04:00:00,2,0,2,FMN GV 18 Kasterlee
84,Oudemolsedijk,2019-01-01,05:00:00,1,0,1,FMN GV 18 Kasterlee
84,Oudemolsedijk,2019-01-01,06:00:00,0,0,0,FMN GV 18 Kasterlee
84,Oudemolsedijk,2019-01-01,07:00:00,0,0,0,FMN GV 18 Kasterlee
84,Oudemolsedijk,2019-01-01,08:00:00,1,1,0,FMN GV 18 Kasterlee
84,Oudemolsedijk,2019-01-01,09:00:00,6,4,2,FMN GV 18 Kasterlee
84,Oudemolsedijk,2019-01-01,10:00:00,16,8,8,FMN GV 18 Kasterlee
84,Oudemolsedijk,2019-01-01,11:00:00,2,2,0,FMN GV 18 Kasterlee
84,Oudemolsedijk,2019-01-01,12:00:00,5,4,1,FMN GV 18 Kasterlee
84,Oudemolsedijk,2019-01-01,13:00:00,6,4,2,FMN GV 18 Kasterlee
84,Oudemolsedijk,2019-01-01,14:00:00,0,0,0,FMN GV 18 Kasterlee
84,Oudemolsedijk,2019-01-01,15:00:00,4,1,3,FMN GV 18 Kasterlee
84,Oudemolsedijk,2019-01-01,16:00:00,0,0,0,FMN GV 18 Kasterlee
84,Oudemolsedijk,2019-01-01,17:00:00,0,0,0,FMN GV 18 Kasterlee
84,Oudemolsedijk,2019-01-01,18:00:00,1,0,1,FMN GV 18 Kasterlee
84,Oudemolsedijk,2019-01-01,19:00:00,0,0,0,FMN GV 18 Kasterlee
84,Oudemolsedijk,2019-01-01,20:00:00,0,0,0,FMN GV 18 Kasterlee
84,Oudemolsedijk,2019-01-01,21:00:00,0,0,0,FMN GV 18 Kasterlee
84,Oudemolsedijk,2019-01-01,22:00:00,2,1,1,FMN GV 18 Kasterlee
84,Oudemolsedijk,2019-01-01,23:00:00,1,0,1,FMN GV 18 Kasterlee
84,Oudemolsedijk,2019-01-02,00:00:00,0,0,0,FMN GV 18 Kasterlee
84,Oudemolsedijk,2019-01-02,01:00:00,0,0,0,FMN GV 18 Kasterlee
84,Oudemolsedijk,2019-01-02,02:00:00,0,0,0,FMN GV 18 Kasterlee
84,Oudemolsedijk,2019-01-02,03:00:00,0,0,0,FMN GV 18 Kasterlee
84,Oudemolsedijk,2019-01-02,04:00:00,0,0,0,FMN GV 18 Kasterlee
84,Oudemolsedijk,2019-01-02,05:00:00,1,1,0,FMN GV 18 Kasterlee
84,Oudemolsedijk,2019-01-02,06:00:00,7,4,3,FMN GV 18 Kasterlee
84,Oudemolsedijk,2019-01-02,07:00:00,3,1,2,FMN GV 18 Kasterlee
84,Oudemolsedijk,2019-01-02,08:00:00,9,4,5,FMN GV 18 Kasterlee
84,Oudemolsedijk,2019-01-02,09:00:00,5,1,4,FMN GV 18 Kasterlee
84,Oudemolsedijk,2019-01-02,10:00:00,22,14,8,FMN GV 18 Kasterlee
84,Oudemolsedijk,2019-01-02,11:00:00,13,12,1,FMN GV 18 Kasterlee
84,Oudemolsedijk,2019-01-02,12:00:00,10,4,6,FMN GV 18 Kasterlee
84,Oudemolsedijk,2019-01-02,13:00:00,13,6,7,FMN GV 18 Kasterlee
84,Oudemolsedijk,2019-01-02,14:00:00,18,10,8,FMN GV 18 Kasterlee
84,Oudemolsedijk,2019-01-02,15:00:00,12,8,4,FMN GV 18 Kasterlee
84,Oudemolsedijk,2019-01-02,16:00:00,13,7,6,FMN GV 18 Kasterlee
84,Oudemolsedijk,2019-01-02,17:00:00,8,4,4,FMN GV 18 Kasterlee
84,Oudemolsedijk,2019-01-02,18:00:00,5,3,2,FMN GV 18 Kasterlee
84,Oudemolsedijk,2019-01-02,19:00:00,8,5,3,FMN GV 18 Kasterlee
84,Oudemolsedijk,2019-01-02,20:00:00,15,9,6,FMN GV 18 Kasterlee
84,Oudemolsedijk,2019-01-02,21:00:00,3,2,1,FMN GV 18 Kasterlee
84,Oudemolsedijk,2019-01-02,22:00:00,1,1,0,FMN GV 18 Kasterlee
84,Oudemolsedijk,2019-01-02,23:00:00,0,0,0,FMN GV 18 Kasterlee
84,Oudemolsedijk,2019-01-03,00:00:00,1,1,0,FMN GV 18 Kasterlee
84,Oudemolsedijk,2019-01-03,01:00:00,0,0,0,FMN GV 18 Kasterlee
84,Oudemolsedijk,2019-01-03,02:00:00,0,0,0,FMN GV 18 Kasterlee
84,Oudemolsedijk,2019-01-03,03:00:00,0,0,0,FMN GV 18 Kasterlee
84,Oudemolsedijk,2019-01-03,04:00:00,0,0,0,FMN GV 18 Kasterlee
84,Oudemolsedijk,2019-01-03,05:00:00,0,0,0,FMN GV 18 Kasterlee
84,Oudemolsedijk,2019-01-03,06:00:00,5,3,2,FMN GV 18 Kasterlee
84,Oudemolsedijk,2019-01-03,07:00:00,12,7,5,FMN GV 18 Kasterlee
84,Oudemolsedijk,2019-01-03,08:00:00,9,4,5,FMN GV 18 Kasterlee
84,Oudemolsedijk,2019-01-03,09:00:00,14,4,10,FMN GV 18 Kasterlee
84,Oudemolsedijk,2019-01-03,10:00:00,7,5,2,FMN GV 18 Kasterlee
84,Oudemolsedijk,2019-01-03,11:00:00,7,5,2,FMN GV 18 Kasterlee
84,Oudemolsedijk,2019-01-03,12:00:00,22,7,15,FMN GV 18 Kasterlee
84,Oudemolsedijk,2019-01-03,13:00:00,40,12,28,FMN GV 18 Kasterlee
84,Oudemolsedijk,2019-01-03,14:00:00,47,29,18,FMN GV 18 Kasterlee
84,Oudemolsedijk,2019-01-03,15:00:00,38,30,8,FMN GV 18 Kasterlee
84,Oudemolsedijk,2019-01-03,16:00:00,14,10,4,FMN GV 18 Kasterlee
84,Oudemolsedijk,2019-01-03,17:00:00,10,5,5,FMN GV 18 Kasterlee
84,Oudemolsedijk,2019-01-03,18:00:00,6,4,2,FMN GV 18 Kasterlee
84,Oudemolsedijk,2019-01-03,19:00:00,6,2,4,FMN GV 18 Kasterlee
84,Oudemolsedijk,2019-01-03,20:00:00,11,6,5,FMN GV 18 Kasterlee
84,Oudemolsedijk,2019-01-03,21:00:00,2,2,0,FMN GV 18 Kasterlee
84,Oudemolsedijk,2019-01-03,22:00:00,1,1,0,FMN GV 18 Kasterlee
84,Oudemolsedijk,2019-01-03,23:00:00,0,0,0,FMN GV 18 Kasterlee
84,Oudemolsedijk,2019-01-04,00:00:00,1,1,0,FMN GV 18 Kasterlee
84,Oudemolsedijk,2019-01-04,01:00:00,0,0,0,FMN GV 18 Kasterlee
84,Oudemolsedijk,2019-01-04,02:00:00,0,0,0,FMN GV 18 Kasterlee
84,Oudemolsedijk,2019-01-04,03:00:00,0,0,0,FMN GV 18 Kasterlee
84,Oudemolsedijk,2019-01-04,04:00:00,0,0,0,FMN GV 18 Kasterlee
84,Oudemolsedijk,2019-01-04,05:00:00,1,1,0,FMN GV 18 Kasterlee
84,Oudemolsedijk,2019-01-04,06:00:00,6,4,2,FMN GV 18 Kasterlee
84,Oudemolsedijk,2019-01-04,07:00:00,4,2,2,FMN GV 18 Kasterlee
84,Oudemolsedijk,2019-01-04,08:00:00,8,5,3,FMN GV 18 Kasterlee
84,Oudemolsedijk,2019-01-04,09:00:00,6,1,5,FMN GV 18 Kasterlee
84,Oudemolsedijk,2019-01-04,10:00:00,5,4,1,FMN GV 18 Kasterlee
84,Oudemolsedijk,2019-01-04,11:00:00,8,8,0,FMN GV 18 Kasterlee
84,Oudemolsedijk,2019-01-04,12:00:00,8,4,4,FMN GV 18 Kasterlee
84,Oudemolsedijk,2019-01-04,13:00:00,8,6,2,FMN GV 18 Kasterlee
84,Oudemolsedijk,2019-01-04,14:00:00,15,6,9,FMN GV 18 Kasterlee
84,Oudemolsedijk,2019-01-04,15:00:00,14,9,5,FMN GV 18 Kasterlee
84,Oudemolsedijk,2019-01-04,16:00:00,11,6,5,FMN GV 18 Kasterlee
84,Oudemolsedijk,2019-01-04,17:00:00,10,5,5,FMN GV 18 Kasterlee
84,Oudemolsedijk,2019-01-04,18:00:00,10,2,8,FMN GV 18 Kasterlee
84,Oudemolsedijk,2019-01-04,19:00:00,0,0,0,FMN GV 18 Kasterlee
84,Oudemolsedijk,2019-01-04,20:00:00,1,0,1,FMN GV 18 Kasterlee
84,Oudemolsedijk,2019-01-04,21:00:00,1,0,1,FMN GV 18 Kasterlee
84,Oudemolsedijk,2019-01-04,22:00:00,0,0,0,FMN GV 18 Kasterlee
84,Oudemolsedijk,2019-01-04,23:00:00,0,0,0,FMN GV 18 Kasterlee
84,Oudemolsedijk,2019-01-05,00:00:00,3,2,1,FMN GV 18 Kasterlee
84,Oudemolsedijk,2019-01-05,01:00:00,0,0,0,FMN GV 18 Kasterlee
84,Oudemolsedijk,2019-01-05,02:00:00,0,0,0,FMN GV 18 Kasterlee
84,Oudemolsedijk,2019-01-05,03:00:00,0,0,0,FMN GV 18 Kasterlee
84,Oudemolsedijk,2019-01-05,04:00:00,0,0,0,FMN GV 18 Kasterlee
84,Oudemolsedijk,2019-01-05,05:00:00,0,0,0,FMN GV 18 Kasterlee
84,Oudemolsedijk,2019-01-05,06:00:00,1,0,1,FMN GV 18 Kasterlee
84,Oudemolsedijk,2019-01-05,07:00:00,0,0,0,FMN GV 18 Kasterlee
84,Oudemolsedijk,2019-01-05,08:00:00,5,2,3,FMN GV 18 Kasterlee
84,Oudemolsedijk,2019-01-05,09:00:00,9,3,6,FMN GV 18 Kasterlee
84,Oudemolsedijk,2019-01-05,10:00:00,12,4,8,FMN GV 18 Kasterlee
84,Oudemolsedijk,2019-01-05,11:00:00,11,5,6,FMN GV 18 Kasterlee
84,Oudemolsedijk,2019-01-05,12:00:00,20,11,9,FMN GV 18 Kasterlee
84,Oudemolsedijk,2019-01-05,13:00:00,18,12,6,FMN GV 18 Kasterlee
84,Oudemolsedijk,2019-01-05,14:00:00,18,7,11,FMN GV 18 Kasterlee
84,Oudemolsedijk,2019-01-05,15:00:00,17,12,5,FMN GV 18 Kasterlee
84,Oudemolsedijk,2019-01-05,16:00:00,10,5,5,FMN GV 18 Kasterlee
84,Oudemolsedijk,2019-01-05,17:00:00,5,3,2,FMN GV 18 Kasterlee
84,Oudemolsedijk,2019-01-05,18:00:00,0,0,0,FMN GV 18 Kasterlee
84,Oudemolsedijk,2019-01-05,19:00:00,2,1,1,FMN GV 18 Kasterlee
84,Oudemolsedijk,2019-01-05,20:00:00,1,1,0,FMN GV 18 Kasterlee
84,Oudemolsedijk,2019-01-05,21:00:00,0,0,0,FMN GV 18 Kasterlee
84,Oudemolsedijk,2019-01-05,22:00:00,1,1,0,FMN GV 18 Kasterlee
84,Oudemolsedijk,2019-01-05,23:00:00,2,1,1,FMN GV 18 Kasterlee
84,Oudemolsedijk,2019-01-06,00:00:00,0,0,0,FMN GV 18 Kasterlee
84,Oudemolsedijk,2019-01-06,01:00:00,1,0,1,FMN GV 18 Kasterlee
84,Oudemolsedijk,2019-01-06,02:00:00,1,0,1,FMN GV 18 Kasterlee
84,Oudemolsedijk,2019-01-06,03:00:00,0,0,0,FMN GV 18 Kasterlee
84,Oudemolsedijk,2019-01-06,04:00:00,0,0,0,FMN GV 18 Kasterlee
84,Oudemolsedijk,2019-01-06,05:00:00,0,0,0,FMN GV 18 Kasterlee
84,Oudemolsedijk,2019-01-06,06:00:00,2,1,1,FMN GV 18 Kasterlee
84,Oudemolsedijk,2019-01-06,07:00:00,0,0,0,FMN GV 18 Kasterlee
84,Oudemolsedijk,2019-01-06,08:00:00,6,2,4,FMN GV 18 Kasterlee
84,Oudemolsedijk,2019-01-06,09:00:00,26,20,6,FMN GV 18 Kasterlee
84,Oudemolsedijk,2019-01-06,10:00:00,41,25,16,FMN GV 18 Kasterlee
84,Oudemolsedijk,2019-01-06,11:00:00,28,10,18,FMN GV 18 Kasterlee
84,Oudemolsedijk,2019-01-06,12:00:00,10,6,4,FMN GV 18 Kasterlee
84,Oudemolsedijk,2019-01-06,13:00:00,5,2,3,FMN GV 18 Kasterlee
84,Oudemolsedijk,2019-01-06,14:00:00,10,4,6,FMN GV 18 Kasterlee
84,Oudemolsedijk,2019-01-06,15:00:00,2,1,1,FMN GV 18 Kasterlee
84,Oudemolsedijk,2019-01-06,16:00:00,8,4,4,FMN GV 18 Kasterlee
84,Oudemolsedijk,2019-01-06,17:00:00,1,1,0,FMN GV 18 Kasterlee
84,Oudemolsedijk,2019-01-06,18:00:00,2,2,0,FMN GV 18 Kasterlee
84,Oudemolsedijk,2019-01-06,19:00:00,2,2,0,FMN GV 18 Kasterlee
84,Oudemolsedijk,2019-01-06,20:00:00,2,2,0,FMN GV 18 Kasterlee
84,Oudemolsedijk,2019-01-06,21:00:00,1,0,1,FMN GV 18 Kasterlee
84,Oudemolsedijk,2019-01-06,22:00:00,0,0,0,FMN GV 18 Kasterlee
84,Oudemolsedijk,2019-01-06,23:00:00,0,0,0,FMN GV 18 Kasterlee
84,Oudemolsedijk,2019-01-07,00:00:00,0,0,0,FMN GV 18 Kasterlee
84,Oudemolsedijk,2019-01-07,01:00:00,0,0,0,FMN GV 18 Kasterlee
84,Oudemolsedijk,2019-01-07,02:00:00,0,0,0,FMN GV 18 Kasterlee
84,Oudemolsedijk,2019-01-07,03:00:00,0,0,0,FMN GV 18 Kasterlee
84,Oudemolsedijk,2019-01-07,04:00:00,1,1,0,FMN GV 18 Kasterlee
84,Oudemolsedijk,2019-01-07,05:00:00,2,2,0,FMN GV 18 Kasterlee
84,Oudemolsedijk,2019-01-07,06:00:00,11,4,7,FMN GV 18 Kasterlee
84,Oudemolsedijk,2019-01-07,07:00:00,16,8,8,FMN GV 18 Kasterlee
84,Oudemolsedijk,2019-01-07,08:00:00,13,9,4,FMN GV 18 Kasterlee
84,Oudemolsedijk,2019-01-07,09:00:00,6,2,4,FMN GV 18 Kasterlee
84,Oudemolsedijk,2019-01-07,10:00:00,0,0,0,FMN GV 18 Kasterlee
84,Oudemolsedijk,2019-01-07,11:00:00,6,4,2,FMN GV 18 Kasterlee
84,Oudemolsedijk,2019-01-07,12:00:00,7,4,3,FMN GV 18 Kasterlee
84,Oudemolsedijk,2019-01-07,13:00:00,13,3,10,FMN GV 18 Kasterlee
84,Oudemolsedijk,2019-01-07,14:00:00,12,4,8,FMN GV 18 Kasterlee
84,Oudemolsedijk,2019-01-07,15:00:00,14,10,4,FMN GV 18 Kasterlee
84,Oudemolsedijk,2019-01-07,16:00:00,23,11,12,FMN GV 18 Kasterlee
84,Oudemolsedijk,2019-01-07,17:00:00,14,8,6,FMN GV 18 Kasterlee
84,Oudemolsedijk,2019-01-07,18:00:00,5,4,1,FMN GV 18 Kasterlee
84,Oudemolsedijk,2019-01-07,19:00:00,2,0,2,FMN GV 18 Kasterlee
84,Oudemolsedijk,2019-01-07,20:00:00,1,0,1,FMN GV 18 Kasterlee
84,Oudemolsedijk,2019-01-07,21:00:00,3,1,2,FMN GV 18 Kasterlee
84,Oudemolsedijk,2019-01-07,22:00:00,0,0,0,FMN GV 18 Kasterlee
84,Oudemolsedijk,2019-01-07,23:00:00,0,0,0,FMN GV 18 Kasterlee
84,Oudemolsedijk,2019-01-08,00:00:00,0,0,0,FMN GV 18 Kasterlee
84,Oudemolsedijk,2019-01-08,01:00:00,0,0,0,FMN GV 18 Kasterlee
84,Oudemolsedijk,2019-01-08,02:00:00,0,0,0,FMN GV 18 Kasterlee
84,Oudemolsedijk,2019-01-08,03:00:00,0,0,0,FMN GV 18 Kasterlee
84,Oudemolsedijk,2019-01-08,04:00:00,1,1,0,FMN GV 18 Kasterlee
84,Oudemolsedijk,2019-01-08,05:00:00,1,1,0,FMN GV 18 Kasterlee
84,Oudemolsedijk,2019-01-08,06:00:00,6,3,3,FMN GV 18 Kasterlee
84,Oudemolsedijk,2019-01-08,07:00:00,9,5,4,FMN GV 18 Kasterlee
84,Oudemolsedijk,2019-01-08,08:00:00,7,6,1,FMN GV 18 Kasterlee
84,Oudemolsedijk,2019-01-08,09:00:00,8,4,4,FMN GV 18 Kasterlee
84,Oudemolsedijk,2019-01-08,10:00:00,3,1,2,FMN GV 18 Kasterlee
84,Oudemolsedijk,2019-01-08,11:00:00,0,0,0,FMN GV 18 Kasterlee
84,Oudemolsedijk,2019-01-08,12:00:00,2,2,0,FMN GV 18 Kasterlee
84,Oudemolsedijk,2019-01-08,13:00:00,10,5,5,FMN GV 18 Kasterlee
84,Oudemolsedijk,2019-01-08,14:00:00,7,4,3,FMN GV 18 Kasterlee
84,Oudemolsedijk,2019-01-08,15:00:00,14,7,7,FMN GV 18 Kasterlee
84,Oudemolsedijk,2019-01-08,16:00:00,11,7,4,FMN GV 18 Kasterlee
84,Oudemolsedijk,2019-01-08,17:00:00,10,5,5,FMN GV 18 Kasterlee
84,Oudemolsedijk,2019-01-08,18:00:00,11,2,9,FMN GV 18 Kasterlee
84,Oudemolsedijk,2019-01-08,19:00:00,1,1,0,FMN GV 18 Kasterlee
84,Oudemolsedijk,2019-01-08,20:00:00,8,4,4,FMN GV 18 Kasterlee
84,Oudemolsedijk,2019-01-08,21:00:00,1,1,0,FMN GV 18 Kasterlee
84,Oudemolsedijk,2019-01-08,22:00:00,1,1,0,FMN GV 18 Kasterlee
84,Oudemolsedijk,2019-01-08,23:00:00,1,1,0,FMN GV 18 Kasterlee
84,Oudemolsedijk,2019-01-09,00:00:00,0,0,0,FMN GV 18 Kasterlee
84,Oudemolsedijk,2019-01-09,01:00:00,0,0,0,FMN GV 18 Kasterlee
84,Oudemolsedijk,2019-01-09,02:00:00,0,0,0,FMN GV 18 Kasterlee
84,Oudemolsedijk,2019-01-09,03:00:00,0,0,0,FMN GV 18 Kasterlee
84,Oudemolsedijk,2019-01-09,04:00:00,1,1,0,FMN GV 18 Kasterlee
84,Oudemolsedijk,2019-01-09,05:00:00,0,0,0,FMN GV 18 Kasterlee
84,Oudemolsedijk,2019-01-09,06:00:00,7,2,5,FMN GV 18 Kasterlee
84,Oudemolsedijk,2019-01-09,07:00:00,18,9,9,FMN GV 18 Kasterlee
84,Oudemolsedijk,2019-01-09,08:00:00,10,6,4,FMN GV 18 Kasterlee
84,Oudemolsedijk,2019-01-09,09:00:00,3,1,2,FMN GV 18 Kasterlee
84,Oudemolsedijk,2019-01-09,10:00:00,14,13,1,FMN GV 18 Kasterlee
84,Oudemolsedijk,2019-01-09,11:00:00,3,2,1,FMN GV 18 Kasterlee
84,Oudemolsedijk,2019-01-09,12:00:00,15,6,9,FMN GV 18 Kasterlee
84,Oudemolsedijk,2019-01-09,13:00:00,28,17,11,FMN GV 18 Kasterlee
84,Oudemolsedijk,2019-01-09,14:00:00,29,16,13,FMN GV 18 Kasterlee
84,Oudemolsedijk,2019-01-09,15:00:00,25,19,6,FMN GV 18 Kasterlee
84,Oudemolsedijk,2019-01-09,16:00:00,17,10,7,FMN GV 18 Kasterlee
84,Oudemolsedijk,2019-01-09,17:00:00,12,9,3,FMN GV 18 Kasterlee
84,Oudemolsedijk,2019-01-09,18:00:00,3,3,0,FMN GV 18 Kasterlee
84,Oudemolsedijk,2019-01-09,19:00:00,16,7,9,FMN GV 18 Kasterlee
84,Oudemolsedijk,2019-01-09,20:00:00,33,19,14,FMN GV 18 Kasterlee
84,Oudemolsedijk,2019-01-09,21:00:00,0,0,0,FMN GV 18 Kasterlee
84,Oudemolsedijk,2019-01-09,22:00:00,2,1,1,FMN GV 18 Kasterlee
84,Oudemolsedijk,2019-01-09,23:00:00,0,0,0,FMN GV 18 Kasterlee
84,Oudemolsedijk,2019-01-10,00:00:00,0,0,0,FMN GV 18 Kasterlee
84,Oudemolsedijk,2019-01-10,01:00:00,0,0,0,FMN GV 18 Kasterlee
84,Oudemolsedijk,2019-01-10,02:00:00,0,0,0,FMN GV 18 Kasterlee
84,Oudemolsedijk,2019-01-10,03:00:00,0,0,0,FMN GV 18 Kasterlee
84,Oudemolsedijk,2019-01-10,04:00:00,0,0,0,FMN GV 18 Kasterlee
84,Oudemolsedijk,2019-01-10,05:00:00,1,1,0,FMN GV 18 Kasterlee
84,Oudemolsedijk,2019-01-10,06:00:00,9,5,4,FMN GV 18 Kasterlee
84,Oudemolsedijk,2019-01-10,07:00:00,17,12,5,FMN GV 18 Kasterlee
84,Oudemolsedijk,2019-01-10,08:00:00,13,10,3,FMN GV 18 Kasterlee
84,Oudemolsedijk,2019-01-10,09:00:00,13,5,8,FMN GV 18 Kasterlee
84,Oudemolsedijk,2019-01-10,10:00:00,10,6,4,FMN GV 18 Kasterlee
84,Oudemolsedijk,2019-01-10,11:00:00,8,4,4,FMN GV 18 Kasterlee
84,Oudemolsedijk,2019-01-10,12:00:00,10,4,6,FMN GV 18 Kasterlee
84,Oudemolsedijk,2019-01-10,13:00:00,25,13,12,FMN GV 18 Kasterlee
84,Oudemolsedijk,2019-01-10,14:00:00,14,9,5,FMN GV 18 Kasterlee
84,Oudemolsedijk,2019-01-10,15:00:00,46,31,15,FMN GV 18 Kasterlee
84,Oudemolsedijk,2019-01-10,16:00:00,19,11,8,FMN GV 18 Kasterlee
84,Oudemolsedijk,2019-01-10,17:00:00,12,4,8,FMN GV 18 Kasterlee
84,Oudemolsedijk,2019-01-10,18:00:00,12,7,5,FMN GV 18 Kasterlee
84,Oudemolsedijk,2019-01-10,19:00:00,2,0,2,FMN GV 18 Kasterlee
84,Oudemolsedijk,2019-01-10,20:00:00,1,0,1,FMN GV 18 Kasterlee
84,Oudemolsedijk,2019-01-10,21:00:00,0,0,0,FMN GV 18 Kasterlee
84,Oudemolsedijk,2019-01-10,22:00:00,1,0,1,FMN GV 18 Kasterlee
84,Oudemolsedijk,2019-01-10,23:00:00,0,0,0,FMN GV 18 Kasterlee
84,Oudemolsedijk,2019-01-11,00:00:00,0,0,0,FMN GV 18 Kasterlee
84,Oudemolsedijk,2019-01-11,01:00:00,0,0,0,FMN GV 18 Kasterlee
84,Oudemolsedijk,2019-01-11,02:00:00,0,0,0,FMN GV 18 Kasterlee
84,Oudemolsedijk,2019-01-11,03:00:00,0,0,0,FMN GV 18 Kasterlee
84,Oudemolsedijk,2019-01-11,04:00:00,0,0,0,FMN GV 18 Kasterlee
84,Oudemolsedijk,2019-01-11,05:00:00,1,1,0,FMN GV 18 Kasterlee
84,Oudemolsedijk,2019-01-11,06:00:00,5,2,3,FMN GV 18 Kasterlee
84,Oudemolsedijk,2019-01-11,07:00:00,6,3,3,FMN GV 18 Kasterlee
84,Oudemolsedijk,2019-01-11,08:00:00,8,5,3,FMN GV 18 Kasterlee
84,Oudemolsedijk,2019-01-11,09:00:00,4,1,3,FMN GV 18 Kasterlee
84,Oudemolsedijk,2019-01-11,10:00:00,4,2,2,FMN GV 18 Kasterlee
84,Oudemolsedijk,2019-01-11,11:00:00,4,4,0,FMN GV 18 Kasterlee
84,Oudemolsedijk,2019-01-11,12:00:00,7,5,2,FMN GV 18 Kasterlee
84,Oudemolsedijk,2019-01-11,13:00:00,5,4,1,FMN GV 18 Kasterlee
84,Oudemolsedijk,2019-01-11,14:00:00,4,1,3,FMN GV 18 Kasterlee
84,Oudemolsedijk,2019-01-11,15:00:00,12,9,3,FMN GV 18 Kasterlee
84,Oudemolsedijk,2019-01-11,16:00:00,15,10,5,FMN GV 18 Kasterlee
84,Oudemolsedijk,2019-01-11,17:00:00,8,6,2,FMN GV 18 Kasterlee
84,Oudemolsedijk,2019-01-11,18:00:00,3,2,1,FMN GV 18 Kasterlee
84,Oudemolsedijk,2019-01-11,19:00:00,1,0,1,FMN GV 18 Kasterlee
84,Oudemolsedijk,2019-01-11,20:00:00,1,1,0,FMN GV 18 Kasterlee
84,Oudemolsedijk,2019-01-11,21:00:00,1,1,0,FMN GV 18 Kasterlee
84,Oudemolsedijk,2019-01-11,22:00:00,6,2,4,FMN GV 18 Kasterlee
84,Oudemolsedijk,2019-01-11,23:00:00,0,0,0,FMN GV 18 Kasterlee
84,Oudemolsedijk,2019-01-12,00:00:00,0,0,0,FMN GV 18 Kasterlee
84,Oudemolsedijk,2019-01-12,01:00:00,0,0,0,FMN GV 18 Kasterlee
84,Oudemolsedijk,2019-01-12,02:00:00,0,0,0,FMN GV 18 Kasterlee
84,Oudemolsedijk,2019-01-12,03:00:00,0,0,0,FMN GV 18 Kasterlee
84,Oudemolsedijk,2019-01-12,04:00:00,0,0,0,FMN GV 18 Kasterlee
84,Oudemolsedijk,2019-01-12,05:00:00,0,0,0,FMN GV 18 Kasterlee
84,Oudemolsedijk,2019-01-12,06:00:00,0,0,0,FMN GV 18 Kasterlee
84,Oudemolsedijk,2019-01-12,07:00:00,0,0,0,FMN GV 18 Kasterlee
84,Oudemolsedijk,2019-01-12,08:00:00,2,2,0,FMN GV 18 Kasterlee
84,Oudemolsedijk,2019-01-12,09:00:00,7,2,5,FMN GV 18 Kasterlee
84,Oudemolsedijk,2019-01-12,10:00:00,13,6,7,FMN GV 18 Kasterlee
84,Oudemolsedijk,2019-01-12,11:00:00,12,10,2,FMN GV 18 Kasterlee
84,Oudemolsedijk,2019-01-12,12:00:00,14,7,7,FMN GV 18 Kasterlee
84,Oudemolsedijk,2019-01-12,13:00:00,3,1,2,FMN GV 18 Kasterlee
84,Oudemolsedijk,2019-01-12,14:00:00,3,1,2,FMN GV 18 Kasterlee
84,Oudemolsedijk,2019-01-12,15:00:00,3,1,2,FMN GV 18 Kasterlee
84,Oudemolsedijk,2019-01-12,16:00:00,5,1,4,FMN GV 18 Kasterlee
84,Oudemolsedijk,2019-01-12,17:00:00,2,2,0,FMN GV 18 Kasterlee
84,Oudemolsedijk,2019-01-12,18:00:00,1,0,1,FMN GV 18 Kasterlee
84,Oudemolsedijk,2019-01-12,19:00:00,0,0,0,FMN GV 18 Kasterlee
84,Oudemolsedijk,2019-01-12,20:00:00,1,0,1,FMN GV 18 Kasterlee
84,Oudemolsedijk,2019-01-12,21:00:00,2,0,2,FMN GV 18 Kasterlee
84,Oudemolsedijk,2019-01-12,22:00:00,1,0,1,FMN GV 18 Kasterlee
84,Oudemolsedijk,2019-01-12,23:00:00,0,0,0,FMN GV 18 Kasterlee
84,Oudemolsedijk,2019-01-13,00:00:00,0,0,0,FMN GV 18 Kasterlee
84,Oudemolsedijk,2019-01-13,01:00:00,0,0,0,FMN GV 18 Kasterlee
84,Oudemolsedijk,2019-01-13,02:00:00,0,0,0,FMN GV 18 Kasterlee
84,Oudemolsedijk,2019-01-13,03:00:00,0,0,0,FMN GV 18 Kasterlee
84,Oudemolsedijk,2019-01-13,04:00:00,0,0,0,FMN GV 18 Kasterlee
84,Oudemolsedijk,2019-01-13,05:00:00,0,0,0,FMN GV 18 Kasterlee
84,Oudemolsedijk,2019-01-13,06:00:00,0,0,0,FMN GV 18 Kasterlee
84,Oudemolsedijk,2019-01-13,07:00:00,0,0,0,FMN GV 18 Kasterlee
84,Oudemolsedijk,2019-01-13,08:00:00,5,1,4,FMN GV 18 Kasterlee
84,Oudemolsedijk,2019-01-13,09:00:00,7,4,3,FMN GV 18 Kasterlee
84,Oudemolsedijk,2019-01-13,10:00:00,9,6,3,FMN GV 18 Kasterlee
84,Oudemolsedijk,2019-01-13,11:00:00,23,15,8,FMN GV 18 Kasterlee
84,Oudemolsedijk,2019-01-13,12:00:00,14,9,5,FMN GV 18 Kasterlee
84,Oudemolsedijk,2019-01-13,13:00:00,3,3,0,FMN GV 18 Kasterlee
84,Oudemolsedijk,2019-01-13,14:00:00,5,1,4,FMN GV 18 Kasterlee
84,Oudemolsedijk,2019-01-13,15:00:00,6,3,3,FMN GV 18 Kasterlee
84,Oudemolsedijk,2019-01-13,16:00:00,0,0,0,FMN GV 18 Kasterlee
84,Oudemolsedijk,2019-01-13,17:00:00,1,1,0,FMN GV 18 Kasterlee
84,Oudemolsedijk,2019-01-13,18:00:00,1,0,1,FMN GV 18 Kasterlee
84,Oudemolsedijk,2019-01-13,19:00:00,0,0,0,FMN GV 18 Kasterlee
84,Oudemolsedijk,2019-01-13,20:00:00,2,1,1,FMN GV 18 Kasterlee
84,Oudemolsedijk,2019-01-13,21:00:00,1,1,0,FMN GV 18 Kasterlee
84,Oudemolsedijk,2019-01-13,22:00:00,0,0,0,FMN GV 18 Kasterlee
84,Oudemolsedijk,2019-01-13,23:00:00,0,0,0,FMN GV 18 Kasterlee
84,Oudemolsedijk,2019-01-14,00:00:00,0,0,0,FMN GV 18 Kasterlee
84,Oudemolsedijk,2019-01-14,01:00:00,0,0,0,FMN GV 18 Kasterlee
84,Oudemolsedijk,2019-01-14,02:00:00,0,0,0,FMN GV 18 Kasterlee
84,Oudemolsedijk,2019-01-14,03:00:00,0,0,0,FMN GV 18 Kasterlee
84,Oudemolsedijk,2019-01-14,04:00:00,0,0,0,FMN GV 18 Kasterlee
84,Oudemolsedijk,2019-01-14,05:00:00,4,4,0,FMN GV 18 Kasterlee
84,Oudemolsedijk,2019-01-14,06:00:00,9,4,5,FMN GV 18 Kasterlee
84,Oudemolsedijk,2019-01-14,07:00:00,8,5,3,FMN GV 18 Kasterlee
84,Oudemolsedijk,2019-01-14,08:00:00,14,11,3,FMN GV 18 Kasterlee
84,Oudemolsedijk,2019-01-14,09:00:00,5,1,4,FMN GV 18 Kasterlee
84,Oudemolsedijk,2019-01-14,10:00:00,8,5,3,FMN GV 18 Kasterlee
84,Oudemolsedijk,2019-01-14,11:00:00,7,4,3,FMN GV 18 Kasterlee
84,Oudemolsedijk,2019-01-14,12:00:00,11,6,5,FMN GV 18 Kasterlee
84,Oudemolsedijk,2019-01-14,13:00:00,26,9,17,FMN GV 18 Kasterlee
84,Oudemolsedijk,2019-01-14,14:00:00,8,4,4,FMN GV 18 Kasterlee
84,Oudemolsedijk,2019-01-14,15:00:00,13,10,3,FMN GV 18 Kasterlee
84,Oudemolsedijk,2019-01-14,16:00:00,21,7,14,FMN GV 18 Kasterlee
84,Oudemolsedijk,2019-01-14,17:00:00,10,5,5,FMN GV 18 Kasterlee
84,Oudemolsedijk,2019-01-14,18:00:00,13,9,4,FMN GV 18 Kasterlee
84,Oudemolsedijk,2019-01-14,19:00:00,0,0,0,FMN GV 18 Kasterlee
84,Oudemolsedijk,2019-01-14,20:00:00,0,0,0,FMN GV 18 Kasterlee
84,Oudemolsedijk,2019-01-14,21:00:00,2,1,1,FMN GV 18 Kasterlee
84,Oudemolsedijk,2019-01-14,22:00:00,0,0,0,FMN GV 18 Kasterlee
84,Oudemolsedijk,2019-01-14,23:00:00,0,0,0,FMN GV 18 Kasterlee
84,Oudemolsedijk,2019-01-15,00:00:00,0,0,0,FMN GV 18 Kasterlee
84,Oudemolsedijk,2019-01-15,01:00:00,0,0,0,FMN GV 18 Kasterlee
84,Oudemolsedijk,2019-01-15,02:00:00,0,0,0,FMN GV 18 Kasterlee
84,Oudemolsedijk,2019-01-15,03:00:00,0,0,0,FMN GV 18 Kasterlee
84,Oudemolsedijk,2019-01-15,04:00:00,0,0,0,FMN GV 18 Kasterlee
84,Oudemolsedijk,2019-01-15,05:00:00,4,4,0,FMN GV 18 Kasterlee
84,Oudemolsedijk,2019-01-15,06:00:00,8,4,4,FMN GV 18 Kasterlee
84,Oudemolsedijk,2019-01-15,07:00:00,15,11,4,FMN GV 18 Kasterlee
84,Oudemolsedijk,2019-01-15,08:00:00,11,7,4,FMN GV 18 Kasterlee
84,Oudemolsedijk,2019-01-15,09:00:00,13,7,6,FMN GV 18 Kasterlee
84,Oudemolsedijk,2019-01-15,10:00:00,7,5,2,FMN GV 18 Kasterlee
84,Oudemolsedijk,2019-01-15,11:00:00,11,6,5,FMN GV 18 Kasterlee
84,Oudemolsedijk,2019-01-15,12:00:00,7,2,5,FMN GV 18 Kasterlee
84,Oudemolsedijk,2019-01-15,13:00:00,26,13,13,FMN GV 18 Kasterlee
84,Oudemolsedijk,2019-01-15,14:00:00,51,44,7,FMN GV 18 Kasterlee
84,Oudemolsedijk,2019-01-15,15:00:00,32,18,14,FMN GV 18 Kasterlee
84,Oudemolsedijk,2019-01-15,16:00:00,36,30,6,FMN GV 18 Kasterlee
84,Oudemolsedijk,2019-01-15,17:00:00,16,6,10,FMN GV 18 Kasterlee
84,Oudemolsedijk,2019-01-15,18:00:00,9,6,3,FMN GV 18 Kasterlee
84,Oudemolsedijk,2019-01-15,19:00:00,4,0,4,FMN GV 18 Kasterlee
84,Oudemolsedijk,2019-01-15,20:00:00,17,15,2,FMN GV 18 Kasterlee
84,Oudemolsedijk,2019-01-15,21:00:00,1,0,1,FMN GV 18 Kasterlee
84,Oudemolsedijk,2019-01-15,22:00:00,4,3,1,FMN GV 18 Kasterlee
84,Oudemolsedijk,2019-01-15,23:00:00,0,0,0,FMN GV 18 Kasterlee
84,Oudemolsedijk,2019-01-16,00:00:00,0,0,0,FMN GV 18 Kasterlee
84,Oudemolsedijk,2019-01-16,01:00:00,0,0,0,FMN GV 18 Kasterlee
84,Oudemolsedijk,2019-01-16,02:00:00,0,0,0,FMN GV 18 Kasterlee
84,Oudemolsedijk,2019-01-16,03:00:00,0,0,0,FMN GV 18 Kasterlee
84,Oudemolsedijk,2019-01-16,04:00:00,0,0,0,FMN GV 18 Kasterlee
84,Oudemolsedijk,2019-01-16,05:00:00,5,5,0,FMN GV 18 Kasterlee
84,Oudemolsedijk,2019-01-16,06:00:00,7,2,5,FMN GV 18 Kasterlee
84,Oudemolsedijk,2019-01-16,07:00:00,18,9,9,FMN GV 18 Kasterlee
84,Oudemolsedijk,2019-01-16,08:00:00,10,4,6,FMN GV 18 Kasterlee
84,Oudemolsedijk,2019-01-16,09:00:00,5,4,1,FMN GV 18 Kasterlee
84,Oudemolsedijk,2019-01-16,10:00:00,16,12,4,FMN GV 18 Kasterlee
84,Oudemolsedijk,2019-01-16,11:00:00,9,6,3,FMN GV 18 Kasterlee
84,Oudemolsedijk,2019-01-16,12:00:00,18,9,9,FMN GV 18 Kasterlee
84,Oudemolsedijk,2019-01-16,13:00:00,9,8,1,FMN GV 18 Kasterlee
84,Oudemolsedijk,2019-01-16,14:00:00,19,13,6,FMN GV 18 Kasterlee
84,Oudemolsedijk,2019-01-16,15:00:00,32,17,15,FMN GV 18 Kasterlee
84,Oudemolsedijk,2019-01-16,16:00:00,23,18,5,FMN GV 18 Kasterlee
84,Oudemolsedijk,2019-01-16,17:00:00,15,6,9,FMN GV 18 Kasterlee
84,Oudemolsedijk,2019-01-16,18:00:00,6,3,3,FMN GV 18 Kasterlee
84,Oudemolsedijk,2019-01-16,19:00:00,4,4,0,FMN GV 18 Kasterlee
84,Oudemolsedijk,2019-01-16,20:00:00,21,8,13,FMN GV 18 Kasterlee
84,Oudemolsedijk,2019-01-16,21:00:00,2,0,2,FMN GV 18 Kasterlee
84,Oudemolsedijk,2019-01-16,22:00:00,2,1,1,FMN GV 18 Kasterlee
84,Oudemolsedijk,2019-01-16,23:00:00,0,0,0,FMN GV 18 Kasterlee
84,Oudemolsedijk,2019-01-17,00:00:00,0,0,0,FMN GV 18 Kasterlee
84,Oudemolsedijk,2019-01-17,01:00:00,0,0,0,FMN GV 18 Kasterlee
84,Oudemolsedijk,2019-01-17,02:00:00,0,0,0,FMN GV 18 Kasterlee
84,Oudemolsedijk,2019-01-17,03:00:00,0,0,0,FMN GV 18 Kasterlee
84,Oudemolsedijk,2019-01-17,04:00:00,0,0,0,FMN GV 18 Kasterlee
84,Oudemolsedijk,2019-01-17,05:00:00,3,3,0,FMN GV 18 Kasterlee
84,Oudemolsedijk,2019-01-17,06:00:00,4,2,2,FMN GV 18 Kasterlee
84,Oudemolsedijk,2019-01-17,07:00:00,11,8,3,FMN GV 18 Kasterlee
84,Oudemolsedijk,2019-01-17,08:00:00,11,7,4,FMN GV 18 Kasterlee
84,Oudemolsedijk,2019-01-17,09:00:00,5,1,4,FMN GV 18 Kasterlee
84,Oudemolsedijk,2019-01-17,10:00:00,1,1,0,FMN GV 18 Kasterlee
84,Oudemolsedijk,2019-01-17,11:00:00,1,0,1,FMN GV 18 Kasterlee
84,Oudemolsedijk,2019-01-17,12:00:00,2,1,1,FMN GV 18 Kasterlee
84,Oudemolsedijk,2019-01-17,13:00:00,3,2,1,FMN GV 18 Kasterlee
84,Oudemolsedijk,2019-01-17,14:00:00,2,0,2,FMN GV 18 Kasterlee
84,Oudemolsedijk,2019-01-17,15:00:00,16,14,2,FMN GV 18 Kasterlee
84,Oudemolsedijk,2019-01-17,16:00:00,12,5,7,FMN GV 18 Kasterlee
84,Oudemolsedijk,2019-01-17,17:00:00,10,5,5,FMN GV 18 Kasterlee
84,Oudemolsedijk,2019-01-17,18:00:00,5,2,3,FMN GV 18 Kasterlee
84,Oudemolsedijk,2019-01-17,19:00:00,1,1,0,FMN GV 18 Kasterlee
84,Oudemolsedijk,2019-01-17,20:00:00,1,0,1,FMN GV 18 Kasterlee
84,Oudemolsedijk,2019-01-17,21:00:00,1,0,1,FMN GV 18 Kasterlee
84,Oudemolsedijk,2019-01-17,22:00:00,0,0,0,FMN GV 18 Kasterlee
84,Oudemolsedijk,2019-01-17,23:00:00,0,0,0,FMN GV 18 Kasterlee
84,Oudemolsedijk,2019-01-18,00:00:00,0,0,0,FMN GV 18 Kasterlee
84,Oudemolsedijk,2019-01-18,01:00:00,0,0,0,FMN GV 18 Kasterlee
84,Oudemolsedijk,2019-01-18,02:00:00,0,0,0,FMN GV 18 Kasterlee
84,Oudemolsedijk,2019-01-18,03:00:00,0,0,0,FMN GV 18 Kasterlee
84,Oudemolsedijk,2019-01-18,04:00:00,1,1,0,FMN GV 18 Kasterlee
84,Oudemolsedijk,2019-01-18,05:00:00,5,4,1,FMN GV 18 Kasterlee
84,Oudemolsedijk,2019-01-18,06:00:00,5,2,3,FMN GV 18 Kasterlee
84,Oudemolsedijk,2019-01-18,07:00:00,9,4,5,FMN GV 18 Kasterlee
84,Oudemolsedijk,2019-01-18,08:00:00,9,5,4,FMN GV 18 Kasterlee
84,Oudemolsedijk,2019-01-18,09:00:00,4,2,2,FMN GV 18 Kasterlee
84,Oudemolsedijk,2019-01-18,10:00:00,2,2,0,FMN GV 18 Kasterlee
84,Oudemolsedijk,2019-01-18,11:00:00,3,1,2,FMN GV 18 Kasterlee
84,Oudemolsedijk,2019-01-18,12:00:00,2,1,1,FMN GV 18 Kasterlee
84,Oudemolsedijk,2019-01-18,13:00:00,4,2,2,FMN GV 18 Kasterlee
84,Oudemolsedijk,2019-01-18,14:00:00,17,11,6,FMN GV 18 Kasterlee
84,Oudemolsedijk,2019-01-18,15:00:00,15,11,4,FMN GV 18 Kasterlee
84,Oudemolsedijk,2019-01-18,16:00:00,12,2,10,FMN GV 18 Kasterlee
84,Oudemolsedijk,2019-01-18,17:00:00,8,5,3,FMN GV 18 Kasterlee
84,Oudemolsedijk,2019-01-18,18:00:00,3,2,1,FMN GV 18 Kasterlee
84,Oudemolsedijk,2019-01-18,19:00:00,3,1,2,FMN GV 18 Kasterlee
84,Oudemolsedijk,2019-01-18,20:00:00,0,0,0,FMN GV 18 Kasterlee
84,Oudemolsedijk,2019-01-18,21:00:00,0,0,0,FMN GV 18 Kasterlee
84,Oudemolsedijk,2019-01-18,22:00:00,3,3,0,FMN GV 18 Kasterlee
84,Oudemolsedijk,2019-01-18,23:00:00,0,0,0,FMN GV 18 Kasterlee
84,Oudemolsedijk,2019-01-19,00:00:00,0,0,0,FMN GV 18 Kasterlee
84,Oudemolsedijk,2019-01-19,01:00:00,0,0,0,FMN GV 18 Kasterlee
84,Oudemolsedijk,2019-01-19,02:00:00,0,0,0,FMN GV 18 Kasterlee
84,Oudemolsedijk,2019-01-19,03:00:00,0,0,0,FMN GV 18 Kasterlee
84,Oudemolsedijk,2019-01-19,04:00:00,0,0,0,FMN GV 18 Kasterlee
84,Oudemolsedijk,2019-01-19,05:00:00,0,0,0,FMN GV 18 Kasterlee
84,Oudemolsedijk,2019-01-19,06:00:00,1,0,1,FMN GV 18 Kasterlee
84,Oudemolsedijk,2019-01-19,07:00:00,1,1,0,FMN GV 18 Kasterlee
84,Oudemolsedijk,2019-01-19,08:00:00,1,1,0,FMN GV 18 Kasterlee
84,Oudemolsedijk,2019-01-19,09:00:00,3,2,1,FMN GV 18 Kasterlee
84,Oudemolsedijk,2019-01-19,10:00:00,4,1,3,FMN GV 18 Kasterlee
84,Oudemolsedijk,2019-01-19,11:00:00,7,4,3,FMN GV 18 Kasterlee
84,Oudemolsedijk,2019-01-19,12:00:00,12,7,5,FMN GV 18 Kasterlee
84,Oudemolsedijk,2019-01-19,13:00:00,41,15,26,FMN GV 18 Kasterlee
84,Oudemolsedijk,2019-01-19,14:00:00,45,31,14,FMN GV 18 Kasterlee
84,Oudemolsedijk,2019-01-19,15:00:00,45,38,7,FMN GV 18 Kasterlee
84,Oudemolsedijk,2019-01-19,16:00:00,18,11,7,FMN GV 18 Kasterlee
84,Oudemolsedijk,2019-01-19,17:00:00,5,4,1,FMN GV 18 Kasterlee
84,Oudemolsedijk,2019-01-19,18:00:00,1,1,0,FMN GV 18 Kasterlee
84,Oudemolsedijk,2019-01-19,19:00:00,1,1,0,FMN GV 18 Kasterlee
84,Oudemolsedijk,2019-01-19,20:00:00,0,0,0,FMN GV 18 Kasterlee
84,Oudemolsedijk,2019-01-19,21:00:00,0,0,0,FMN GV 18 Kasterlee
84,Oudemolsedijk,2019-01-19,22:00:00,0,0,0,FMN GV 18 Kasterlee
84,Oudemolsedijk,2019-01-19,23:00:00,0,0,0,FMN GV 18 Kasterlee
84,Oudemolsedijk,2019-01-20,00:00:00,1,1,0,FMN GV 18 Kasterlee
84,Oudemolsedijk,2019-01-20,01:00:00,0,0,0,FMN GV 18 Kasterlee
84,Oudemolsedijk,2019-01-20,02:00:00,0,0,0,FMN GV 18 Kasterlee
84,Oudemolsedijk,2019-01-20,03:00:00,0,0,0,FMN GV 18 Kasterlee
84,Oudemolsedijk,2019-01-20,04:00:00,0,0,0,FMN GV 18 Kasterlee
84,Oudemolsedijk,2019-01-20,05:00:00,0,0,0,FMN GV 18 Kasterlee
84,Oudemolsedijk,2019-01-20,06:00:00,0,0,0,FMN GV 18 Kasterlee
84,Oudemolsedijk,2019-01-20,07:00:00,1,1,0,FMN GV 18 Kasterlee
84,Oudemolsedijk,2019-01-20,08:00:00,6,3,3,FMN GV 18 Kasterlee
84,Oudemolsedijk,2019-01-20,09:00:00,9,3,6,FMN GV 18 Kasterlee
84,Oudemolsedijk,2019-01-20,10:00:00,12,2,10,FMN GV 18 Kasterlee
84,Oudemolsedijk,2019-01-20,11:00:00,48,10,38,FMN GV 18 Kasterlee
84,Oudemolsedijk,2019-01-20,12:00:00,8,5,3,FMN GV 18 Kasterlee
84,Oudemolsedijk,2019-01-20,13:00:00,14,8,6,FMN GV 18 Kasterlee
84,Oudemolsedijk,2019-01-20,14:00:00,31,18,13,FMN GV 18 Kasterlee
84,Oudemolsedijk,2019-01-20,15:00:00,14,10,4,FMN GV 18 Kasterlee
84,Oudemolsedijk,2019-01-20,16:00:00,20,11,9,FMN GV 18 Kasterlee
84,Oudemolsedijk,2019-01-20,17:00:00,1,1,0,FMN GV 18 Kasterlee
84,Oudemolsedijk,2019-01-20,18:00:00,2,1,1,FMN GV 18 Kasterlee
84,Oudemolsedijk,2019-01-20,19:00:00,0,0,0,FMN GV 18 Kasterlee
84,Oudemolsedijk,2019-01-20,20:00:00,1,1,0,FMN GV 18 Kasterlee
84,Oudemolsedijk,2019-01-20,21:00:00,0,0,0,FMN GV 18 Kasterlee
84,Oudemolsedijk,2019-01-20,22:00:00,0,0,0,FMN GV 18 Kasterlee
84,Oudemolsedijk,2019-01-20,23:00:00,0,0,0,FMN GV 18 Kasterlee
84,Oudemolsedijk,2019-01-21,00:00:00,0,0,0,FMN GV 18 Kasterlee
84,Oudemolsedijk,2019-01-21,01:00:00,0,0,0,FMN GV 18 Kasterlee
84,Oudemolsedijk,2019-01-21,02:00:00,0,0,0,FMN GV 18 Kasterlee
84,Oudemolsedijk,2019-01-21,03:00:00,0,0,0,FMN GV 18 Kasterlee
84,Oudemolsedijk,2019-01-21,04:00:00,1,1,0,FMN GV 18 Kasterlee
84,Oudemolsedijk,2019-01-21,05:00:00,1,1,0,FMN GV 18 Kasterlee
84,Oudemolsedijk,2019-01-21,06:00:00,8,3,5,FMN GV 18 Kasterlee
84,Oudemolsedijk,2019-01-21,07:00:00,11,5,6,FMN GV 18 Kasterlee
84,Oudemolsedijk,2019-01-21,08:00:00,9,8,1,FMN GV 18 Kasterlee
84,Oudemolsedijk,2019-01-21,09:00:00,5,4,1,FMN GV 18 Kasterlee
84,Oudemolsedijk,2019-01-21,10:00:00,2,1,1,FMN GV 18 Kasterlee
84,Oudemolsedijk,2019-01-21,11:00:00,4,2,2,FMN GV 18 Kasterlee
84,Oudemolsedijk,2019-01-21,12:00:00,4,3,1,FMN GV 18 Kasterlee
84,Oudemolsedijk,2019-01-21,13:00:00,8,6,2,FMN GV 18 Kasterlee
84,Oudemolsedijk,2019-01-21,14:00:00,18,12,6,FMN GV 18 Kasterlee
84,Oudemolsedijk,2019-01-21,15:00:00,44,39,5,FMN GV 18 Kasterlee
84,Oudemolsedijk,2019-01-21,16:00:00,20,10,10,FMN GV 18 Kasterlee
84,Oudemolsedijk,2019-01-21,17:00:00,9,4,5,FMN GV 18 Kasterlee
84,Oudemolsedijk,2019-01-21,18:00:00,2,1,1,FMN GV 18 Kasterlee
84,Oudemolsedijk,2019-01-21,19:00:00,4,1,3,FMN GV 18 Kasterlee
84,Oudemolsedijk,2019-01-21,20:00:00,1,1,0,FMN GV 18 Kasterlee
84,Oudemolsedijk,2019-01-21,21:00:00,1,0,1,FMN GV 18 Kasterlee
84,Oudemolsedijk,2019-01-21,22:00:00,0,0,0,FMN GV 18 Kasterlee
84,Oudemolsedijk,2019-01-21,23:00:00,1,0,1,FMN GV 18 Kasterlee
84,Oudemolsedijk,2019-01-22,00:00:00,0,0,0,FMN GV 18 Kasterlee
84,Oudemolsedijk,2019-01-22,01:00:00,0,0,0,FMN GV 18 Kasterlee
84,Oudemolsedijk,2019-01-22,02:00:00,0,0,0,FMN GV 18 Kasterlee
84,Oudemolsedijk,2019-01-22,03:00:00,0,0,0,FMN GV 18 Kasterlee
84,Oudemolsedijk,2019-01-22,04:00:00,1,1,0,FMN GV 18 Kasterlee
84,Oudemolsedijk,2019-01-22,05:00:00,3,2,1,FMN GV 18 Kasterlee
84,Oudemolsedijk,2019-01-22,06:00:00,3,2,1,FMN GV 18 Kasterlee
84,Oudemolsedijk,2019-01-22,07:00:00,10,6,4,FMN GV 18 Kasterlee
84,Oudemolsedijk,2019-01-22,08:00:00,7,4,3,FMN GV 18 Kasterlee
84,Oudemolsedijk,2019-01-22,09:00:00,4,0,4,FMN GV 18 Kasterlee
84,Oudemolsedijk,2019-01-22,10:00:00,3,2,1,FMN GV 18 Kasterlee
84,Oudemolsedijk,2019-01-22,11:00:00,2,2,0,FMN GV 18 Kasterlee
84,Oudemolsedijk,2019-01-22,12:00:00,1,1,0,FMN GV 18 Kasterlee
84,Oudemolsedijk,2019-01-22,13:00:00,0,0,0,FMN GV 18 Kasterlee
84,Oudemolsedijk,2019-01-22,14:00:00,6,3,3,FMN GV 18 Kasterlee
84,Oudemolsedijk,2019-01-22,15:00:00,4,1,3,FMN GV 18 Kasterlee
84,Oudemolsedijk,2019-01-22,16:00:00,6,3,3,FMN GV 18 Kasterlee
84,Oudemolsedijk,2019-01-22,17:00:00,8,2,6,FMN GV 18 Kasterlee
84,Oudemolsedijk,2019-01-22,18:00:00,5,3,2,FMN GV 18 Kasterlee
84,Oudemolsedijk,2019-01-22,19:00:00,1,0,1,FMN GV 18 Kasterlee
84,Oudemolsedijk,2019-01-22,20:00:00,4,1,3,FMN GV 18 Kasterlee
84,Oudemolsedijk,2019-01-22,21:00:00,0,0,0,FMN GV 18 Kasterlee
84,Oudemolsedijk,2019-01-22,22:00:00,4,2,2,FMN GV 18 Kasterlee
84,Oudemolsedijk,2019-01-22,23:00:00,0,0,0,FMN GV 18 Kasterlee
84,Oudemolsedijk,2019-01-23,00:00:00,0,0,0,FMN GV 18 Kasterlee
84,Oudemolsedijk,2019-01-23,01:00:00,1,1,0,FMN GV 18 Kasterlee
84,Oudemolsedijk,2019-01-23,02:00:00,5,2,3,FMN GV 18 Kasterlee
84,Oudemolsedijk,2019-01-23,03:00:00,0,0,0,FMN GV 18 Kasterlee
84,Oudemolsedijk,2019-01-23,04:00:00,1,1,0,FMN GV 18 Kasterlee
84,Oudemolsedijk,2019-01-23,05:00:00,0,0,0,FMN GV 18 Kasterlee
84,Oudemolsedijk,2019-01-23,06:00:00,2,2,0,FMN GV 18 Kasterlee
84,Oudemolsedijk,2019-01-23,07:00:00,4,2,2,FMN GV 18 Kasterlee
84,Oudemolsedijk,2019-01-23,08:00:00,5,2,3,FMN GV 18 Kasterlee
84,Oudemolsedijk,2019-01-23,09:00:00,1,1,0,FMN GV 18 Kasterlee
84,Oudemolsedijk,2019-01-23,10:00:00,0,0,0,FMN GV 18 Kasterlee
84,Oudemolsedijk,2019-01-23,11:00:00,2,1,1,FMN GV 18 Kasterlee
84,Oudemolsedijk,2019-01-23,12:00:00,2,0,2,FMN GV 18 Kasterlee
84,Oudemolsedijk,2019-01-23,13:00:00,2,1,1,FMN GV 18 Kasterlee
84,Oudemolsedijk,2019-01-23,14:00:00,3,0,3,FMN GV 18 Kasterlee
84,Oudemolsedijk,2019-01-23,15:00:00,4,1,3,FMN GV 18 Kasterlee
84,Oudemolsedijk,2019-01-23,16:00:00,2,1,1,FMN GV 18 Kasterlee
84,Oudemolsedijk,2019-01-23,17:00:00,6,3,3,FMN GV 18 Kasterlee
84,Oudemolsedijk,2019-01-23,18:00:00,2,1,1,FMN GV 18 Kasterlee
84,Oudemolsedijk,2019-01-23,19:00:00,0,0,0,FMN GV 18 Kasterlee
84,Oudemolsedijk,2019-01-23,20:00:00,0,0,0,FMN GV 18 Kasterlee
84,Oudemolsedijk,2019-01-23,21:00:00,0,0,0,FMN GV 18 Kasterlee
84,Oudemolsedijk,2019-01-23,22:00:00,1,1,0,FMN GV 18 Kasterlee
84,Oudemolsedijk,2019-01-23,23:00:00,0,0,0,FMN GV 18 Kasterlee
84,Oudemolsedijk,2019-01-24,00:00:00,0,0,0,FMN GV 18 Kasterlee
84,Oudemolsedijk,2019-01-24,01:00:00,0,0,0,FMN GV 18 Kasterlee
84,Oudemolsedijk,2019-01-24,02:00:00,0,0,0,FMN GV 18 Kasterlee
84,Oudemolsedijk,2019-01-24,03:00:00,0,0,0,FMN GV 18 Kasterlee
84,Oudemolsedijk,2019-01-24,04:00:00,1,1,0,FMN GV 18 Kasterlee
84,Oudemolsedijk,2019-01-24,05:00:00,0,0,0,FMN GV 18 Kasterlee
84,Oudemolsedijk,2019-01-24,06:00:00,8,5,3,FMN GV 18 Kasterlee
84,Oudemolsedijk,2019-01-24,07:00:00,6,3,3,FMN GV 18 Kasterlee
84,Oudemolsedijk,2019-01-24,08:00:00,5,3,2,FMN GV 18 Kasterlee
84,Oudemolsedijk,2019-01-24,09:00:00,2,2,0,FMN GV 18 Kasterlee
84,Oudemolsedijk,2019-01-24,10:00:00,3,2,1,FMN GV 18 Kasterlee
84,Oudemolsedijk,2019-01-24,11:00:00,4,2,2,FMN GV 18 Kasterlee
84,Oudemolsedijk,2019-01-24,12:00:00,0,0,0,FMN GV 18 Kasterlee
84,Oudemolsedijk,2019-01-24,13:00:00,7,2,5,FMN GV 18 Kasterlee
84,Oudemolsedijk,2019-01-24,14:00:00,3,1,2,FMN GV 18 Kasterlee
84,Oudemolsedijk,2019-01-24,15:00:00,5,2,3,FMN GV 18 Kasterlee
84,Oudemolsedijk,2019-01-24,16:00:00,8,2,6,FMN GV 18 Kasterlee
84,Oudemolsedijk,2019-01-24,17:00:00,14,8,6,FMN GV 18 Kasterlee
84,Oudemolsedijk,2019-01-24,18:00:00,2,1,1,FMN GV 18 Kasterlee
84,Oudemolsedijk,2019-01-24,19:00:00,1,1,0,FMN GV 18 Kasterlee
84,Oudemolsedijk,2019-01-24,20:00:00,0,0,0,FMN GV 18 Kasterlee
84,Oudemolsedijk,2019-01-24,21:00:00,0,0,0,FMN GV 18 Kasterlee
84,Oudemolsedijk,2019-01-24,22:00:00,0,0,0,FMN GV 18 Kasterlee
84,Oudemolsedijk,2019-01-24,23:00:00,0,0,0,FMN GV 18 Kasterlee
84,Oudemolsedijk,2019-01-25,00:00:00,0,0,0,FMN GV 18 Kasterlee
84,Oudemolsedijk,2019-01-25,01:00:00,0,0,0,FMN GV 18 Kasterlee
84,Oudemolsedijk,2019-01-25,02:00:00,0,0,0,FMN GV 18 Kasterlee
84,Oudemolsedijk,2019-01-25,03:00:00,0,0,0,FMN GV 18 Kasterlee
84,Oudemolsedijk,2019-01-25,04:00:00,1,1,0,FMN GV 18 Kasterlee
84,Oudemolsedijk,2019-01-25,05:00:00,0,0,0,FMN GV 18 Kasterlee
84,Oudemolsedijk,2019-01-25,06:00:00,8,3,5,FMN GV 18 Kasterlee
84,Oudemolsedijk,2019-01-25,07:00:00,3,1,2,FMN GV 18 Kasterlee
84,Oudemolsedijk,2019-01-25,08:00:00,6,4,2,FMN GV 18 Kasterlee
84,Oudemolsedijk,2019-01-25,09:00:00,1,0,1,FMN GV 18 Kasterlee
84,Oudemolsedijk,2019-01-25,10:00:00,1,0,1,FMN GV 18 Kasterlee
84,Oudemolsedijk,2019-01-25,11:00:00,1,1,0,FMN GV 18 Kasterlee
84,Oudemolsedijk,2019-01-25,12:00:00,4,2,2,FMN GV 18 Kasterlee
84,Oudemolsedijk,2019-01-25,13:00:00,1,1,0,FMN GV 18 Kasterlee
84,Oudemolsedijk,2019-01-25,14:00:00,0,0,0,FMN GV 18 Kasterlee
84,Oudemolsedijk,2019-01-25,15:00:00,4,1,3,FMN GV 18 Kasterlee
84,Oudemolsedijk,2019-01-25,16:00:00,7,3,4,FMN GV 18 Kasterlee
84,Oudemolsedijk,2019-01-25,17:00:00,3,1,2,FMN GV 18 Kasterlee
84,Oudemolsedijk,2019-01-25,18:00:00,3,2,1,FMN GV 18 Kasterlee
84,Oudemolsedijk,2019-01-25,19:00:00,0,0,0,FMN GV 18 Kasterlee
84,Oudemolsedijk,2019-01-25,20:00:00,3,1,2,FMN GV 18 Kasterlee
84,Oudemolsedijk,2019-01-25,21:00:00,1,0,1,FMN GV 18 Kasterlee
84,Oudemolsedijk,2019-01-25,22:00:00,0,0,0,FMN GV 18 Kasterlee
84,Oudemolsedijk,2019-01-25,23:00:00,0,0,0,FMN GV 18 Kasterlee
84,Oudemolsedijk,2019-01-26,00:00:00,1,0,1,FMN GV 18 Kasterlee
84,Oudemolsedijk,2019-01-26,01:00:00,0,0,0,FMN GV 18 Kasterlee
84,Oudemolsedijk,2019-01-26,02:00:00,0,0,0,FMN GV 18 Kasterlee
84,Oudemolsedijk,2019-01-26,03:00:00,0,0,0,FMN GV 18 Kasterlee
84,Oudemolsedijk,2019-01-26,04:00:00,0,0,0,FMN GV 18 Kasterlee
84,Oudemolsedijk,2019-01-26,05:00:00,0,0,0,FMN GV 18 Kasterlee
84,Oudemolsedijk,2019-01-26,06:00:00,0,0,0,FMN GV 18 Kasterlee
84,Oudemolsedijk,2019-01-26,07:00:00,0,0,0,FMN GV 18 Kasterlee
84,Oudemolsedijk,2019-01-26,08:00:00,1,0,1,FMN GV 18 Kasterlee
84,Oudemolsedijk,2019-01-26,09:00:00,4,3,1,FMN GV 18 Kasterlee
84,Oudemolsedijk,2019-01-26,10:00:00,4,2,2,FMN GV 18 Kasterlee
84,Oudemolsedijk,2019-01-26,11:00:00,6,4,2,FMN GV 18 Kasterlee
84,Oudemolsedijk,2019-01-26,12:00:00,22,14,8,FMN GV 18 Kasterlee
84,Oudemolsedijk,2019-01-26,13:00:00,15,11,4,FMN GV 18 Kasterlee
84,Oudemolsedijk,2019-01-26,14:00:00,26,16,10,FMN GV 18 Kasterlee
84,Oudemolsedijk,2019-01-26,15:00:00,19,13,6,FMN GV 18 Kasterlee
84,Oudemolsedijk,2019-01-26,16:00:00,8,4,4,FMN GV 18 Kasterlee
84,Oudemolsedijk,2019-01-26,17:00:00,0,0,0,FMN GV 18 Kasterlee
84,Oudemolsedijk,2019-01-26,18:00:00,1,0,1,FMN GV 18 Kasterlee
84,Oudemolsedijk,2019-01-26,19:00:00,2,0,2,FMN GV 18 Kasterlee
84,Oudemolsedijk,2019-01-26,20:00:00,0,0,0,FMN GV 18 Kasterlee
84,Oudemolsedijk,2019-01-26,21:00:00,0,0,0,FMN GV 18 Kasterlee
84,Oudemolsedijk,2019-01-26,22:00:00,0,0,0,FMN GV 18 Kasterlee
84,Oudemolsedijk,2019-01-26,23:00:00,0,0,0,FMN GV 18 Kasterlee
84,Oudemolsedijk,2019-01-27,00:00:00,1,0,1,FMN GV 18 Kasterlee
84,Oudemolsedijk,2019-01-27,01:00:00,0,0,0,FMN GV 18 Kasterlee
84,Oudemolsedijk,2019-01-27,02:00:00,0,0,0,FMN GV 18 Kasterlee
84,Oudemolsedijk,2019-01-27,03:00:00,0,0,0,FMN GV 18 Kasterlee
84,Oudemolsedijk,2019-01-27,04:00:00,0,0,0,FMN GV 18 Kasterlee
84,Oudemolsedijk,2019-01-27,05:00:00,0,0,0,FMN GV 18 Kasterlee
84,Oudemolsedijk,2019-01-27,06:00:00,0,0,0,FMN GV 18 Kasterlee
84,Oudemolsedijk,2019-01-27,07:00:00,1,1,0,FMN GV 18 Kasterlee
84,Oudemolsedijk,2019-01-27,08:00:00,1,0,1,FMN GV 18 Kasterlee
84,Oudemolsedijk,2019-01-27,09:00:00,5,3,2,FMN GV 18 Kasterlee
84,Oudemolsedijk,2019-01-27,10:00:00,16,14,2,FMN GV 18 Kasterlee
84,Oudemolsedijk,2019-01-27,11:00:00,9,4,5,FMN GV 18 Kasterlee
84,Oudemolsedijk,2019-01-27,12:00:00,3,0,3,FMN GV 18 Kasterlee
84,Oudemolsedijk,2019-01-27,13:00:00,2,2,0,FMN GV 18 Kasterlee
84,Oudemolsedijk,2019-01-27,14:00:00,5,2,3,FMN GV 18 Kasterlee
84,Oudemolsedijk,2019-01-27,15:00:00,2,1,1,FMN GV 18 Kasterlee
84,Oudemolsedijk,2019-01-27,16:00:00,1,1,0,FMN GV 18 Kasterlee
84,Oudemolsedijk,2019-01-27,17:00:00,3,2,1,FMN GV 18 Kasterlee
84,Oudemolsedijk,2019-01-27,18:00:00,4,4,0,FMN GV 18 Kasterlee
84,Oudemolsedijk,2019-01-27,19:00:00,4,0,4,FMN GV 18 Kasterlee
84,Oudemolsedijk,2019-01-27,20:00:00,0,0,0,FMN GV 18 Kasterlee
84,Oudemolsedijk,2019-01-27,21:00:00,0,0,0,FMN GV 18 Kasterlee
84,Oudemolsedijk,2019-01-27,22:00:00,0,0,0,FMN GV 18 Kasterlee
84,Oudemolsedijk,2019-01-27,23:00:00,0,0,0,FMN GV 18 Kasterlee
84,Oudemolsedijk,2019-01-28,00:00:00,0,0,0,FMN GV 18 Kasterlee
84,Oudemolsedijk,2019-01-28,01:00:00,0,0,0,FMN GV 18 Kasterlee
84,Oudemolsedijk,2019-01-28,02:00:00,0,0,0,FMN GV 18 Kasterlee
84,Oudemolsedijk,2019-01-28,03:00:00,0,0,0,FMN GV 18 Kasterlee
84,Oudemolsedijk,2019-01-28,04:00:00,0,0,0,FMN GV 18 Kasterlee
84,Oudemolsedijk,2019-01-28,05:00:00,0,0,0,FMN GV 18 Kasterlee
84,Oudemolsedijk,2019-01-28,06:00:00,3,3,0,FMN GV 18 Kasterlee
84,Oudemolsedijk,2019-01-28,07:00:00,6,5,1,FMN GV 18 Kasterlee
84,Oudemolsedijk,2019-01-28,08:00:00,5,3,2,FMN GV 18 Kasterlee
84,Oudemolsedijk,2019-01-28,09:00:00,2,0,2,FMN GV 18 Kasterlee
84,Oudemolsedijk,2019-01-28,10:00:00,2,0,2,FMN GV 18 Kasterlee
84,Oudemolsedijk,2019-01-28,11:00:00,0,0,0,FMN GV 18 Kasterlee
84,Oudemolsedijk,2019-01-28,12:00:00,5,2,3,FMN GV 18 Kasterlee
84,Oudemolsedijk,2019-01-28,13:00:00,10,0,10,FMN GV 18 Kasterlee
84,Oudemolsedijk,2019-01-28,14:00:00,16,9,7,FMN GV 18 Kasterlee
84,Oudemolsedijk,2019-01-28,15:00:00,13,10,3,FMN GV 18 Kasterlee
84,Oudemolsedijk,2019-01-28,16:00:00,14,9,5,FMN GV 18 Kasterlee
84,Oudemolsedijk,2019-01-28,17:00:00,5,2,3,FMN GV 18 Kasterlee
84,Oudemolsedijk,2019-01-28,18:00:00,3,3,0,FMN GV 18 Kasterlee
84,Oudemolsedijk,2019-01-28,19:00:00,1,1,0,FMN GV 18 Kasterlee
84,Oudemolsedijk,2019-01-28,20:00:00,0,0,0,FMN GV 18 Kasterlee
84,Oudemolsedijk,2019-01-28,21:00:00,1,0,1,FMN GV 18 Kasterlee
84,Oudemolsedijk,2019-01-28,22:00:00,1,1,0,FMN GV 18 Kasterlee
84,Oudemolsedijk,2019-01-28,23:00:00,0,0,0,FMN GV 18 Kasterlee
84,Oudemolsedijk,2019-01-29,00:00:00,0,0,0,FMN GV 18 Kasterlee
84,Oudemolsedijk,2019-01-29,01:00:00,0,0,0,FMN GV 18 Kasterlee
84,Oudemolsedijk,2019-01-29,02:00:00,0,0,0,FMN GV 18 Kasterlee
84,Oudemolsedijk,2019-01-29,03:00:00,0,0,0,FMN GV 18 Kasterlee
84,Oudemolsedijk,2019-01-29,04:00:00,1,1,0,FMN GV 18 Kasterlee
84,Oudemolsedijk,2019-01-29,05:00:00,5,4,1,FMN GV 18 Kasterlee
84,Oudemolsedijk,2019-01-29,06:00:00,5,5,0,FMN GV 18 Kasterlee
84,Oudemolsedijk,2019-01-29,07:00:00,9,6,3,FMN GV 18 Kasterlee
84,Oudemolsedijk,2019-01-29,08:00:00,9,7,2,FMN GV 18 Kasterlee
84,Oudemolsedijk,2019-01-29,09:00:00,3,2,1,FMN GV 18 Kasterlee
84,Oudemolsedijk,2019-01-29,10:00:00,4,0,4,FMN GV 18 Kasterlee
84,Oudemolsedijk,2019-01-29,11:00:00,20,16,4,FMN GV 18 Kasterlee
84,Oudemolsedijk,2019-01-29,12:00:00,8,5,3,FMN GV 18 Kasterlee
84,Oudemolsedijk,2019-01-29,13:00:00,31,12,19,FMN GV 18 Kasterlee
84,Oudemolsedijk,2019-01-29,14:00:00,32,13,19,FMN GV 18 Kasterlee
84,Oudemolsedijk,2019-01-29,15:00:00,21,15,6,FMN GV 18 Kasterlee
84,Oudemolsedijk,2019-01-29,16:00:00,23,15,8,FMN GV 18 Kasterlee
84,Oudemolsedijk,2019-01-29,17:00:00,11,7,4,FMN GV 18 Kasterlee
84,Oudemolsedijk,2019-01-29,18:00:00,13,6,7,FMN GV 18 Kasterlee
84,Oudemolsedijk,2019-01-29,19:00:00,4,2,2,FMN GV 18 Kasterlee
84,Oudemolsedijk,2019-01-29,20:00:00,3,0,3,FMN GV 18 Kasterlee
84,Oudemolsedijk,2019-01-29,21:00:00,1,0,1,FMN GV 18 Kasterlee
84,Oudemolsedijk,2019-01-29,22:00:00,1,1,0,FMN GV 18 Kasterlee
84,Oudemolsedijk,2019-01-29,23:00:00,1,1,0,FMN GV 18 Kasterlee
84,Oudemolsedijk,2019-01-30,00:00:00,0,0,0,FMN GV 18 Kasterlee
84,Oudemolsedijk,2019-01-30,01:00:00,0,0,0,FMN GV 18 Kasterlee
84,Oudemolsedijk,2019-01-30,02:00:00,2,2,0,FMN GV 18 Kasterlee
84,Oudemolsedijk,2019-01-30,03:00:00,0,0,0,FMN GV 18 Kasterlee
84,Oudemolsedijk,2019-01-30,04:00:00,0,0,0,FMN GV 18 Kasterlee
84,Oudemolsedijk,2019-01-30,05:00:00,1,1,0,FMN GV 18 Kasterlee
84,Oudemolsedijk,2019-01-30,06:00:00,0,0,0,FMN GV 18 Kasterlee
84,Oudemolsedijk,2019-01-30,07:00:00,12,7,5,FMN GV 18 Kasterlee
84,Oudemolsedijk,2019-01-30,08:00:00,4,2,2,FMN GV 18 Kasterlee
84,Oudemolsedijk,2019-01-30,09:00:00,2,2,0,FMN GV 18 Kasterlee
84,Oudemolsedijk,2019-01-30,10:00:00,4,2,2,FMN GV 18 Kasterlee
84,Oudemolsedijk,2019-01-30,11:00:00,3,2,1,FMN GV 18 Kasterlee
84,Oudemolsedijk,2019-01-30,12:00:00,7,5,2,FMN GV 18 Kasterlee
84,Oudemolsedijk,2019-01-30,13:00:00,2,0,2,FMN GV 18 Kasterlee
84,Oudemolsedijk,2019-01-30,14:00:00,2,1,1,FMN GV 18 Kasterlee
84,Oudemolsedijk,2019-01-30,15:00:00,2,0,2,FMN GV 18 Kasterlee
84,Oudemolsedijk,2019-01-30,16:00:00,3,1,2,FMN GV 18 Kasterlee
84,Oudemolsedijk,2019-01-30,17:00:00,4,1,3,FMN GV 18 Kasterlee
84,Oudemolsedijk,2019-01-30,18:00:00,3,2,1,FMN GV 18 Kasterlee
84,Oudemolsedijk,2019-01-30,19:00:00,2,1,1,FMN GV 18 Kasterlee
84,Oudemolsedijk,2019-01-30,20:00:00,0,0,0,FMN GV 18 Kasterlee
84,Oudemolsedijk,2019-01-30,21:00:00,1,0,1,FMN GV 18 Kasterlee
84,Oudemolsedijk,2019-01-30,22:00:00,0,0,0,FMN GV 18 Kasterlee
84,Oudemolsedijk,2019-01-30,23:00:00,2,2,0,FMN GV 18 Kasterlee
84,Oudemolsedijk,2019-01-31,00:00:00,2,2,0,FMN GV 18 Kasterlee
84,Oudemolsedijk,2019-01-31,01:00:00,0,0,0,FMN GV 18 Kasterlee
84,Oudemolsedijk,2019-01-31,02:00:00,0,0,0,FMN GV 18 Kasterlee
84,Oudemolsedijk,2019-01-31,03:00:00,0,0,0,FMN GV 18 Kasterlee
84,Oudemolsedijk,2019-01-31,04:00:00,0,0,0,FMN GV 18 Kasterlee
84,Oudemolsedijk,2019-01-31,05:00:00,0,0,0,FMN GV 18 Kasterlee
84,Oudemolsedijk,2019-01-31,06:00:00,0,0,0,FMN GV 18 Kasterlee
84,Oudemolsedijk,2019-01-31,07:00:00,6,3,3,FMN GV 18 Kasterlee
84,Oudemolsedijk,2019-01-31,08:00:00,7,2,5,FMN GV 18 Kasterlee
84,Oudemolsedijk,2019-01-31,09:00:00,2,1,1,FMN GV 18 Kasterlee
84,Oudemolsedijk,2019-01-31,10:00:00,2,1,1,FMN GV 18 Kasterlee
84,Oudemolsedijk,2019-01-31,11:00:00,4,1,3,FMN GV 18 Kasterlee
84,Oudemolsedijk,2019-01-31,12:00:00,4,3,1,FMN GV 18 Kasterlee
84,Oudemolsedijk,2019-01-31,13:00:00,3,2,1,FMN GV 18 Kasterlee
84,Oudemolsedijk,2019-01-31,14:00:00,0,0,0,FMN GV 18 Kasterlee
84,Oudemolsedijk,2019-01-31,15:00:00,2,2,0,FMN GV 18 Kasterlee
84,Oudemolsedijk,2019-01-31,16:00:00,5,2,3,FMN GV 18 Kasterlee
84,Oudemolsedijk,2019-01-31,17:00:00,6,3,3,FMN GV 18 Kasterlee
84,Oudemolsedijk,2019-01-31,18:00:00,1,1,0,FMN GV 18 Kasterlee
84,Oudemolsedijk,2019-01-31,19:00:00,2,1,1,FMN GV 18 Kasterlee
84,Oudemolsedijk,2019-01-31,20:00:00,0,0,0,FMN GV 18 Kasterlee
84,Oudemolsedijk,2019-01-31,21:00:00,1,0,1,FMN GV 18 Kasterlee
84,Oudemolsedijk,2019-01-31,22:00:00,1,0,1,FMN GV 18 Kasterlee
84,Oudemolsedijk,2019-01-31,23:00:00,0,0,0,FMN GV 18 Kasterlee
84,Oudemolsedijk,2019-02-01,00:00:00,0,0,0,FMN GV 18 Kasterlee
84,Oudemolsedijk,2019-02-01,01:00:00,0,0,0,FMN GV 18 Kasterlee
84,Oudemolsedijk,2019-02-01,02:00:00,0,0,0,FMN GV 18 Kasterlee
84,Oudemolsedijk,2019-02-01,03:00:00,3,2,1,FMN GV 18 Kasterlee
84,Oudemolsedijk,2019-02-01,04:00:00,0,0,0,FMN GV 18 Kasterlee
84,Oudemolsedijk,2019-02-01,05:00:00,0,0,0,FMN GV 18 Kasterlee
84,Oudemolsedijk,2019-02-01,06:00:00,0,0,0,FMN GV 18 Kasterlee
84,Oudemolsedijk,2019-02-01,07:00:00,6,3,3,FMN GV 18 Kasterlee
84,Oudemolsedijk,2019-02-01,08:00:00,6,3,3,FMN GV 18 Kasterlee
84,Oudemolsedijk,2019-02-01,09:00:00,2,2,0,FMN GV 18 Kasterlee
84,Oudemolsedijk,2019-02-01,10:00:00,2,2,0,FMN GV 18 Kasterlee
84,Oudemolsedijk,2019-02-01,11:00:00,1,1,0,FMN GV 18 Kasterlee
84,Oudemolsedijk,2019-02-01,12:00:00,3,2,1,FMN GV 18 Kasterlee
84,Oudemolsedijk,2019-02-01,13:00:00,1,1,0,FMN GV 18 Kasterlee
84,Oudemolsedijk,2019-02-01,14:00:00,5,2,3,FMN GV 18 Kasterlee
84,Oudemolsedijk,2019-02-01,15:00:00,3,1,2,FMN GV 18 Kasterlee
84,Oudemolsedijk,2019-02-01,16:00:00,9,5,4,FMN GV 18 Kasterlee
84,Oudemolsedijk,2019-02-01,17:00:00,6,3,3,FMN GV 18 Kasterlee
84,Oudemolsedijk,2019-02-01,18:00:00,3,2,1,FMN GV 18 Kasterlee
84,Oudemolsedijk,2019-02-01,19:00:00,0,0,0,FMN GV 18 Kasterlee
84,Oudemolsedijk,2019-02-01,20:00:00,0,0,0,FMN GV 18 Kasterlee
84,Oudemolsedijk,2019-02-01,21:00:00,0,0,0,FMN GV 18 Kasterlee
84,Oudemolsedijk,2019-02-01,22:00:00,0,0,0,FMN GV 18 Kasterlee
84,Oudemolsedijk,2019-02-01,23:00:00,0,0,0,FMN GV 18 Kasterlee
84,Oudemolsedijk,2019-02-03,00:00:00,0,0,0,FMN GV 18 Kasterlee
84,Oudemolsedijk,2019-02-03,01:00:00,0,0,0,FMN GV 18 Kasterlee
84,Oudemolsedijk,2019-02-03,02:00:00,0,0,0,FMN GV 18 Kasterlee
84,Oudemolsedijk,2019-02-03,03:00:00,1,0,1,FMN GV 18 Kasterlee
84,Oudemolsedijk,2019-02-03,04:00:00,0,0,0,FMN GV 18 Kasterlee
84,Oudemolsedijk,2019-02-03,05:00:00,0,0,0,FMN GV 18 Kasterlee
84,Oudemolsedijk,2019-02-03,06:00:00,0,0,0,FMN GV 18 Kasterlee
84,Oudemolsedijk,2019-02-03,07:00:00,2,2,0,FMN GV 18 Kasterlee
84,Oudemolsedijk,2019-02-03,08:00:00,9,3,6,FMN GV 18 Kasterlee
84,Oudemolsedijk,2019-02-03,09:00:00,15,11,4,FMN GV 18 Kasterlee
84,Oudemolsedijk,2019-02-03,10:00:00,50,22,28,FMN GV 18 Kasterlee
84,Oudemolsedijk,2019-02-03,11:00:00,36,28,8,FMN GV 18 Kasterlee
84,Oudemolsedijk,2019-02-03,12:00:00,29,22,7,FMN GV 18 Kasterlee
84,Oudemolsedijk,2019-02-03,13:00:00,24,14,10,FMN GV 18 Kasterlee
84,Oudemolsedijk,2019-02-03,14:00:00,32,23,9,FMN GV 18 Kasterlee
84,Oudemolsedijk,2019-02-03,15:00:00,28,24,4,FMN GV 18 Kasterlee
84,Oudemolsedijk,2019-02-03,16:00:00,12,5,7,FMN GV 18 Kasterlee
84,Oudemolsedijk,2019-02-03,17:00:00,3,3,0,FMN GV 18 Kasterlee
84,Oudemolsedijk,2019-02-03,18:00:00,2,1,1,FMN GV 18 Kasterlee
84,Oudemolsedijk,2019-02-03,19:00:00,1,1,0,FMN GV 18 Kasterlee
84,Oudemolsedijk,2019-02-03,20:00:00,1,0,1,FMN GV 18 Kasterlee
84,Oudemolsedijk,2019-02-03,21:00:00,2,1,1,FMN GV 18 Kasterlee
84,Oudemolsedijk,2019-02-03,22:00:00,0,0,0,FMN GV 18 Kasterlee
84,Oudemolsedijk,2019-02-03,23:00:00,0,0,0,FMN GV 18 Kasterlee
84,Oudemolsedijk,2019-02-04,00:00:00,0,0,0,FMN GV 18 Kasterlee
84,Oudemolsedijk,2019-02-04,01:00:00,0,0,0,FMN GV 18 Kasterlee
84,Oudemolsedijk,2019-02-04,02:00:00,0,0,0,FMN GV 18 Kasterlee
84,Oudemolsedijk,2019-02-04,03:00:00,0,0,0,FMN GV 18 Kasterlee
84,Oudemolsedijk,2019-02-04,04:00:00,1,1,0,FMN GV 18 Kasterlee
84,Oudemolsedijk,2019-02-04,05:00:00,1,1,0,FMN GV 18 Kasterlee
84,Oudemolsedijk,2019-02-04,06:00:00,4,3,1,FMN GV 18 Kasterlee
84,Oudemolsedijk,2019-02-04,07:00:00,9,5,4,FMN GV 18 Kasterlee
84,Oudemolsedijk,2019-02-04,08:00:00,5,3,2,FMN GV 18 Kasterlee
84,Oudemolsedijk,2019-02-04,09:00:00,2,1,1,FMN GV 18 Kasterlee
84,Oudemolsedijk,2019-02-04,10:00:00,9,4,5,FMN GV 18 Kasterlee
84,Oudemolsedijk,2019-02-04,11:00:00,5,1,4,FMN GV 18 Kasterlee
84,Oudemolsedijk,2019-02-04,12:00:00,4,1,3,FMN GV 18 Kasterlee
84,Oudemolsedijk,2019-02-04,13:00:00,10,7,3,FMN GV 18 Kasterlee
84,Oudemolsedijk,2019-02-04,14:00:00,6,5,1,FMN GV 18 Kasterlee
84,Oudemolsedijk,2019-02-04,15:00:00,14,11,3,FMN GV 18 Kasterlee
84,Oudemolsedijk,2019-02-04,16:00:00,8,6,2,FMN GV 18 Kasterlee
84,Oudemolsedijk,2019-02-04,17:00:00,10,4,6,FMN GV 18 Kasterlee
84,Oudemolsedijk,2019-02-04,18:00:00,3,2,1,FMN GV 18 Kasterlee
84,Oudemolsedijk,2019-02-04,19:00:00,1,0,1,FMN GV 18 Kasterlee
84,Oudemolsedijk,2019-02-04,20:00:00,0,0,0,FMN GV 18 Kasterlee
84,Oudemolsedijk,2019-02-04,21:00:00,1,1,0,FMN GV 18 Kasterlee
84,Oudemolsedijk,2019-02-04,22:00:00,1,0,1,FMN GV 18 Kasterlee
84,Oudemolsedijk,2019-02-04,23:00:00,1,0,1,FMN GV 18 Kasterlee
84,Oudemolsedijk,2019-02-05,00:00:00,0,0,0,FMN GV 18 Kasterlee
84,Oudemolsedijk,2019-02-05,01:00:00,0,0,0,FMN GV 18 Kasterlee
84,Oudemolsedijk,2019-02-05,02:00:00,0,0,0,FMN GV 18 Kasterlee
84,Oudemolsedijk,2019-02-05,03:00:00,0,0,0,FMN GV 18 Kasterlee
84,Oudemolsedijk,2019-02-05,04:00:00,0,0,0,FMN GV 18 Kasterlee
84,Oudemolsedijk,2019-02-05,05:00:00,3,3,0,FMN GV 18 Kasterlee
84,Oudemolsedijk,2019-02-05,06:00:00,9,6,3,FMN GV 18 Kasterlee
84,Oudemolsedijk,2019-02-05,07:00:00,14,7,7,FMN GV 18 Kasterlee
84,Oudemolsedijk,2019-02-05,08:00:00,12,8,4,FMN GV 18 Kasterlee
84,Oudemolsedijk,2019-02-05,09:00:00,7,4,3,FMN GV 18 Kasterlee
84,Oudemolsedijk,2019-02-05,10:00:00,10,9,1,FMN GV 18 Kasterlee
84,Oudemolsedijk,2019-02-05,11:00:00,20,13,7,FMN GV 18 Kasterlee
84,Oudemolsedijk,2019-02-05,12:00:00,6,5,1,FMN GV 18 Kasterlee
84,Oudemolsedijk,2019-02-05,13:00:00,65,21,44,FMN GV 18 Kasterlee
84,Oudemolsedijk,2019-02-05,14:00:00,52,34,18,FMN GV 18 Kasterlee
84,Oudemolsedijk,2019-02-05,15:00:00,53,30,23,FMN GV 18 Kasterlee
84,Oudemolsedijk,2019-02-05,16:00:00,43,33,10,FMN GV 18 Kasterlee
84,Oudemolsedijk,2019-02-05,17:00:00,24,14,10,FMN GV 18 Kasterlee
84,Oudemolsedijk,2019-02-05,18:00:00,7,3,4,FMN GV 18 Kasterlee
84,Oudemolsedijk,2019-02-05,19:00:00,6,2,4,FMN GV 18 Kasterlee
84,Oudemolsedijk,2019-02-05,20:00:00,5,0,5,FMN GV 18 Kasterlee
84,Oudemolsedijk,2019-02-05,21:00:00,3,0,3,FMN GV 18 Kasterlee
84,Oudemolsedijk,2019-02-05,22:00:00,1,0,1,FMN GV 18 Kasterlee
84,Oudemolsedijk,2019-02-05,23:00:00,1,1,0,FMN GV 18 Kasterlee
84,Oudemolsedijk,2019-02-06,00:00:00,0,0,0,FMN GV 18 Kasterlee
84,Oudemolsedijk,2019-02-06,01:00:00,0,0,0,FMN GV 18 Kasterlee
84,Oudemolsedijk,2019-02-06,02:00:00,0,0,0,FMN GV 18 Kasterlee
84,Oudemolsedijk,2019-02-06,03:00:00,0,0,0,FMN GV 18 Kasterlee
84,Oudemolsedijk,2019-02-06,04:00:00,1,1,0,FMN GV 18 Kasterlee
84,Oudemolsedijk,2019-02-06,05:00:00,4,4,0,FMN GV 18 Kasterlee
84,Oudemolsedijk,2019-02-06,06:00:00,6,6,0,FMN GV 18 Kasterlee
84,Oudemolsedijk,2019-02-06,07:00:00,8,4,4,FMN GV 18 Kasterlee
84,Oudemolsedijk,2019-02-06,08:00:00,13,9,4,FMN GV 18 Kasterlee
84,Oudemolsedijk,2019-02-06,09:00:00,6,3,3,FMN GV 18 Kasterlee
84,Oudemolsedijk,2019-02-06,10:00:00,3,1,2,FMN GV 18 Kasterlee
84,Oudemolsedijk,2019-02-06,11:00:00,5,3,2,FMN GV 18 Kasterlee
84,Oudemolsedijk,2019-02-06,12:00:00,8,4,4,FMN GV 18 Kasterlee
84,Oudemolsedijk,2019-02-06,13:00:00,16,7,9,FMN GV 18 Kasterlee
84,Oudemolsedijk,2019-02-06,14:00:00,20,12,8,FMN GV 18 Kasterlee
84,Oudemolsedijk,2019-02-06,15:00:00,14,6,8,FMN GV 18 Kasterlee
84,Oudemolsedijk,2019-02-06,16:00:00,5,3,2,FMN GV 18 Kasterlee
84,Oudemolsedijk,2019-02-06,17:00:00,16,7,9,FMN GV 18 Kasterlee
84,Oudemolsedijk,2019-02-06,18:00:00,6,1,5,FMN GV 18 Kasterlee
84,Oudemolsedijk,2019-02-06,19:00:00,5,3,2,FMN GV 18 Kasterlee
84,Oudemolsedijk,2019-02-06,20:00:00,3,3,0,FMN GV 18 Kasterlee
84,Oudemolsedijk,2019-02-06,21:00:00,0,0,0,FMN GV 18 Kasterlee
84,Oudemolsedijk,2019-02-06,22:00:00,1,0,1,FMN GV 18 Kasterlee
84,Oudemolsedijk,2019-02-06,23:00:00,1,1,0,FMN GV 18 Kasterlee
84,Oudemolsedijk,2019-02-07,00:00:00,0,0,0,FMN GV 18 Kasterlee
84,Oudemolsedijk,2019-02-07,01:00:00,0,0,0,FMN GV 18 Kasterlee
84,Oudemolsedijk,2019-02-07,02:00:00,0,0,0,FMN GV 18 Kasterlee
84,Oudemolsedijk,2019-02-07,03:00:00,0,0,0,FMN GV 18 Kasterlee
84,Oudemolsedijk,2019-02-07,04:00:00,2,2,0,FMN GV 18 Kasterlee
84,Oudemolsedijk,2019-02-07,05:00:00,2,2,0,FMN GV 18 Kasterlee
84,Oudemolsedijk,2019-02-07,06:00:00,2,1,1,FMN GV 18 Kasterlee
84,Oudemolsedijk,2019-02-07,07:00:00,9,6,3,FMN GV 18 Kasterlee
84,Oudemolsedijk,2019-02-07,08:00:00,10,8,2,FMN GV 18 Kasterlee
84,Oudemolsedijk,2019-02-07,09:00:00,5,2,3,FMN GV 18 Kasterlee
84,Oudemolsedijk,2019-02-07,10:00:00,5,4,1,FMN GV 18 Kasterlee
84,Oudemolsedijk,2019-02-07,11:00:00,7,5,2,FMN GV 18 Kasterlee
84,Oudemolsedijk,2019-02-07,12:00:00,12,1,11,FMN GV 18 Kasterlee
84,Oudemolsedijk,2019-02-07,13:00:00,12,7,5,FMN GV 18 Kasterlee
84,Oudemolsedijk,2019-02-07,14:00:00,20,14,6,FMN GV 18 Kasterlee
84,Oudemolsedijk,2019-02-07,15:00:00,31,14,17,FMN GV 18 Kasterlee
84,Oudemolsedijk,2019-02-07,16:00:00,14,8,6,FMN GV 18 Kasterlee
84,Oudemolsedijk,2019-02-07,17:00:00,18,8,10,FMN GV 18 Kasterlee
84,Oudemolsedijk,2019-02-07,18:00:00,9,4,5,FMN GV 18 Kasterlee
84,Oudemolsedijk,2019-02-07,19:00:00,7,3,4,FMN GV 18 Kasterlee
84,Oudemolsedijk,2019-02-07,20:00:00,4,2,2,FMN GV 18 Kasterlee
84,Oudemolsedijk,2019-02-07,21:00:00,0,0,0,FMN GV 18 Kasterlee
84,Oudemolsedijk,2019-02-07,22:00:00,1,1,0,FMN GV 18 Kasterlee
84,Oudemolsedijk,2019-02-07,23:00:00,1,1,0,FMN GV 18 Kasterlee
84,Oudemolsedijk,2019-02-08,00:00:00,0,0,0,FMN GV 18 Kasterlee
84,Oudemolsedijk,2019-02-08,01:00:00,0,0,0,FMN GV 18 Kasterlee
84,Oudemolsedijk,2019-02-08,02:00:00,0,0,0,FMN GV 18 Kasterlee
84,Oudemolsedijk,2019-02-08,03:00:00,0,0,0,FMN GV 18 Kasterlee
84,Oudemolsedijk,2019-02-08,04:00:00,1,1,0,FMN GV 18 Kasterlee
84,Oudemolsedijk,2019-02-08,05:00:00,2,2,0,FMN GV 18 Kasterlee
84,Oudemolsedijk,2019-02-08,06:00:00,9,4,5,FMN GV 18 Kasterlee
84,Oudemolsedijk,2019-02-08,07:00:00,8,5,3,FMN GV 18 Kasterlee
84,Oudemolsedijk,2019-02-08,08:00:00,8,6,2,FMN GV 18 Kasterlee
84,Oudemolsedijk,2019-02-08,09:00:00,7,5,2,FMN GV 18 Kasterlee
84,Oudemolsedijk,2019-02-08,10:00:00,3,3,0,FMN GV 18 Kasterlee
84,Oudemolsedijk,2019-02-08,11:00:00,7,4,3,FMN GV 18 Kasterlee
84,Oudemolsedijk,2019-02-08,12:00:00,6,4,2,FMN GV 18 Kasterlee
84,Oudemolsedijk,2019-02-08,13:00:00,6,2,4,FMN GV 18 Kasterlee
84,Oudemolsedijk,2019-02-08,14:00:00,8,4,4,FMN GV 18 Kasterlee
84,Oudemolsedijk,2019-02-08,15:00:00,10,4,6,FMN GV 18 Kasterlee
84,Oudemolsedijk,2019-02-08,16:00:00,19,9,10,FMN GV 18 Kasterlee
84,Oudemolsedijk,2019-02-08,17:00:00,11,3,8,FMN GV 18 Kasterlee
84,Oudemolsedijk,2019-02-08,18:00:00,4,2,2,FMN GV 18 Kasterlee
84,Oudemolsedijk,2019-02-08,19:00:00,0,0,0,FMN GV 18 Kasterlee
84,Oudemolsedijk,2019-02-08,20:00:00,1,1,0,FMN GV 18 Kasterlee
84,Oudemolsedijk,2019-02-08,21:00:00,0,0,0,FMN GV 18 Kasterlee
84,Oudemolsedijk,2019-02-08,22:00:00,0,0,0,FMN GV 18 Kasterlee
84,Oudemolsedijk,2019-02-08,23:00:00,0,0,0,FMN GV 18 Kasterlee
84,Oudemolsedijk,2019-02-09,00:00:00,1,0,1,FMN GV 18 Kasterlee
84,Oudemolsedijk,2019-02-09,01:00:00,0,0,0,FMN GV 18 Kasterlee
84,Oudemolsedijk,2019-02-09,02:00:00,0,0,0,FMN GV 18 Kasterlee
84,Oudemolsedijk,2019-02-09,03:00:00,0,0,0,FMN GV 18 Kasterlee
84,Oudemolsedijk,2019-02-09,04:00:00,0,0,0,FMN GV 18 Kasterlee
84,Oudemolsedijk,2019-02-09,05:00:00,1,1,0,FMN GV 18 Kasterlee
84,Oudemolsedijk,2019-02-09,06:00:00,1,1,0,FMN GV 18 Kasterlee
84,Oudemolsedijk,2019-02-09,07:00:00,0,0,0,FMN GV 18 Kasterlee
84,Oudemolsedijk,2019-02-09,08:00:00,2,0,2,FMN GV 18 Kasterlee
84,Oudemolsedijk,2019-02-09,09:00:00,1,0,1,FMN GV 18 Kasterlee
84,Oudemolsedijk,2019-02-09,10:00:00,10,6,4,FMN GV 18 Kasterlee
84,Oudemolsedijk,2019-02-09,11:00:00,11,7,4,FMN GV 18 Kasterlee
84,Oudemolsedijk,2019-02-09,12:00:00,14,9,5,FMN GV 18 Kasterlee
84,Oudemolsedijk,2019-02-09,13:00:00,9,9,0,FMN GV 18 Kasterlee
84,Oudemolsedijk,2019-02-09,14:00:00,19,10,9,FMN GV 18 Kasterlee
84,Oudemolsedijk,2019-02-09,15:00:00,18,9,9,FMN GV 18 Kasterlee
84,Oudemolsedijk,2019-02-09,16:00:00,7,5,2,FMN GV 18 Kasterlee
84,Oudemolsedijk,2019-02-09,17:00:00,11,5,6,FMN GV 18 Kasterlee
84,Oudemolsedijk,2019-02-09,18:00:00,6,4,2,FMN GV 18 Kasterlee
84,Oudemolsedijk,2019-02-09,19:00:00,0,0,0,FMN GV 18 Kasterlee
84,Oudemolsedijk,2019-02-09,20:00:00,1,1,0,FMN GV 18 Kasterlee
84,Oudemolsedijk,2019-02-09,21:00:00,2,0,2,FMN GV 18 Kasterlee
84,Oudemolsedijk,2019-02-09,22:00:00,2,1,1,FMN GV 18 Kasterlee
84,Oudemolsedijk,2019-02-09,23:00:00,3,2,1,FMN GV 18 Kasterlee
84,Oudemolsedijk,2019-02-10,00:00:00,0,0,0,FMN GV 18 Kasterlee
84,Oudemolsedijk,2019-02-10,01:00:00,0,0,0,FMN GV 18 Kasterlee
84,Oudemolsedijk,2019-02-10,02:00:00,0,0,0,FMN GV 18 Kasterlee
84,Oudemolsedijk,2019-02-10,03:00:00,0,0,0,FMN GV 18 Kasterlee
84,Oudemolsedijk,2019-02-10,04:00:00,0,0,0,FMN GV 18 Kasterlee
84,Oudemolsedijk,2019-02-10,05:00:00,0,0,0,FMN GV 18 Kasterlee
84,Oudemolsedijk,2019-02-10,06:00:00,0,0,0,FMN GV 18 Kasterlee
84,Oudemolsedijk,2019-02-10,07:00:00,0,0,0,FMN GV 18 Kasterlee
84,Oudemolsedijk,2019-02-10,08:00:00,0,0,0,FMN GV 18 Kasterlee
84,Oudemolsedijk,2019-02-10,09:00:00,8,3,5,FMN GV 18 Kasterlee
84,Oudemolsedijk,2019-02-10,10:00:00,8,8,0,FMN GV 18 Kasterlee
84,Oudemolsedijk,2019-02-10,11:00:00,8,6,2,FMN GV 18 Kasterlee
84,Oudemolsedijk,2019-02-10,12:00:00,4,3,1,FMN GV 18 Kasterlee
84,Oudemolsedijk,2019-02-10,13:00:00,1,1,0,FMN GV 18 Kasterlee
84,Oudemolsedijk,2019-02-10,14:00:00,4,2,2,FMN GV 18 Kasterlee
84,Oudemolsedijk,2019-02-10,15:00:00,3,3,0,FMN GV 18 Kasterlee
84,Oudemolsedijk,2019-02-10,16:00:00,4,2,2,FMN GV 18 Kasterlee
84,Oudemolsedijk,2019-02-10,17:00:00,0,0,0,FMN GV 18 Kasterlee
84,Oudemolsedijk,2019-02-10,18:00:00,0,0,0,FMN GV 18 Kasterlee
84,Oudemolsedijk,2019-02-10,19:00:00,0,0,0,FMN GV 18 Kasterlee
84,Oudemolsedijk,2019-02-10,20:00:00,0,0,0,FMN GV 18 Kasterlee
84,Oudemolsedijk,2019-02-10,21:00:00,1,0,1,FMN GV 18 Kasterlee
84,Oudemolsedijk,2019-02-10,22:00:00,0,0,0,FMN GV 18 Kasterlee
84,Oudemolsedijk,2019-02-10,23:00:00,0,0,0,FMN GV 18 Kasterlee
84,Oudemolsedijk,2019-02-11,00:00:00,0,0,0,FMN GV 18 Kasterlee
84,Oudemolsedijk,2019-02-11,01:00:00,0,0,0,FMN GV 18 Kasterlee
84,Oudemolsedijk,2019-02-11,02:00:00,0,0,0,FMN GV 18 Kasterlee
84,Oudemolsedijk,2019-02-11,03:00:00,0,0,0,FMN GV 18 Kasterlee
84,Oudemolsedijk,2019-02-11,04:00:00,0,0,0,FMN GV 18 Kasterlee
84,Oudemolsedijk,2019-02-11,05:00:00,6,6,0,FMN GV 18 Kasterlee
84,Oudemolsedijk,2019-02-11,06:00:00,6,3,3,FMN GV 18 Kasterlee
84,Oudemolsedijk,2019-02-11,07:00:00,11,4,7,FMN GV 18 Kasterlee
84,Oudemolsedijk,2019-02-11,08:00:00,15,11,4,FMN GV 18 Kasterlee
84,Oudemolsedijk,2019-02-11,09:00:00,7,3,4,FMN GV 18 Kasterlee
84,Oudemolsedijk,2019-02-11,10:00:00,12,8,4,FMN GV 18 Kasterlee
84,Oudemolsedijk,2019-02-11,11:00:00,8,5,3,FMN GV 18 Kasterlee
84,Oudemolsedijk,2019-02-11,12:00:00,22,11,11,FMN GV 18 Kasterlee
84,Oudemolsedijk,2019-02-11,13:00:00,21,12,9,FMN GV 18 Kasterlee
84,Oudemolsedijk,2019-02-11,14:00:00,14,8,6,FMN GV 18 Kasterlee
84,Oudemolsedijk,2019-02-11,15:00:00,34,28,6,FMN GV 18 Kasterlee
84,Oudemolsedijk,2019-02-11,16:00:00,20,14,6,FMN GV 18 Kasterlee
84,Oudemolsedijk,2019-02-11,17:00:00,12,5,7,FMN GV 18 Kasterlee
84,Oudemolsedijk,2019-02-11,18:00:00,13,8,5,FMN GV 18 Kasterlee
84,Oudemolsedijk,2019-02-11,19:00:00,3,1,2,FMN GV 18 Kasterlee
84,Oudemolsedijk,2019-02-11,20:00:00,1,1,0,FMN GV 18 Kasterlee
84,Oudemolsedijk,2019-02-11,21:00:00,1,0,1,FMN GV 18 Kasterlee
84,Oudemolsedijk,2019-02-11,22:00:00,2,1,1,FMN GV 18 Kasterlee
84,Oudemolsedijk,2019-02-11,23:00:00,0,0,0,FMN GV 18 Kasterlee
84,Oudemolsedijk,2019-02-12,00:00:00,0,0,0,FMN GV 18 Kasterlee
84,Oudemolsedijk,2019-02-12,01:00:00,0,0,0,FMN GV 18 Kasterlee
84,Oudemolsedijk,2019-02-12,02:00:00,0,0,0,FMN GV 18 Kasterlee
84,Oudemolsedijk,2019-02-12,03:00:00,0,0,0,FMN GV 18 Kasterlee
84,Oudemolsedijk,2019-02-12,04:00:00,0,0,0,FMN GV 18 Kasterlee
84,Oudemolsedijk,2019-02-12,05:00:00,2,2,0,FMN GV 18 Kasterlee
84,Oudemolsedijk,2019-02-12,06:00:00,9,4,5,FMN GV 18 Kasterlee
84,Oudemolsedijk,2019-02-12,07:00:00,17,8,9,FMN GV 18 Kasterlee
84,Oudemolsedijk,2019-02-12,08:00:00,15,11,4,FMN GV 18 Kasterlee
84,Oudemolsedijk,2019-02-12,09:00:00,7,5,2,FMN GV 18 Kasterlee
84,Oudemolsedijk,2019-02-12,10:00:00,13,5,8,FMN GV 18 Kasterlee
84,Oudemolsedijk,2019-02-12,11:00:00,18,14,4,FMN GV 18 Kasterlee
84,Oudemolsedijk,2019-02-12,12:00:00,13,3,10,FMN GV 18 Kasterlee
84,Oudemolsedijk,2019-02-12,13:00:00,48,21,27,FMN GV 18 Kasterlee
84,Oudemolsedijk,2019-02-12,14:00:00,56,31,25,FMN GV 18 Kasterlee
84,Oudemolsedijk,2019-02-12,15:00:00,35,23,12,FMN GV 18 Kasterlee
84,Oudemolsedijk,2019-02-12,16:00:00,42,26,16,FMN GV 18 Kasterlee
84,Oudemolsedijk,2019-02-12,17:00:00,22,16,6,FMN GV 18 Kasterlee
84,Oudemolsedijk,2019-02-12,18:00:00,9,1,8,FMN GV 18 Kasterlee
84,Oudemolsedijk,2019-02-12,19:00:00,6,1,5,FMN GV 18 Kasterlee
84,Oudemolsedijk,2019-02-12,20:00:00,3,1,2,FMN GV 18 Kasterlee
84,Oudemolsedijk,2019-02-12,21:00:00,3,2,1,FMN GV 18 Kasterlee
84,Oudemolsedijk,2019-02-12,22:00:00,1,1,0,FMN GV 18 Kasterlee
84,Oudemolsedijk,2019-02-12,23:00:00,1,1,0,FMN GV 18 Kasterlee
84,Oudemolsedijk,2019-02-13,00:00:00,0,0,0,FMN GV 18 Kasterlee
84,Oudemolsedijk,2019-02-13,01:00:00,0,0,0,FMN GV 18 Kasterlee
84,Oudemolsedijk,2019-02-13,02:00:00,0,0,0,FMN GV 18 Kasterlee
84,Oudemolsedijk,2019-02-13,03:00:00,0,0,0,FMN GV 18 Kasterlee
84,Oudemolsedijk,2019-02-13,04:00:00,0,0,0,FMN GV 18 Kasterlee
84,Oudemolsedijk,2019-02-13,05:00:00,1,1,0,FMN GV 18 Kasterlee
84,Oudemolsedijk,2019-02-13,06:00:00,6,1,5,FMN GV 18 Kasterlee
84,Oudemolsedijk,2019-02-13,07:00:00,12,5,7,FMN GV 18 Kasterlee
84,Oudemolsedijk,2019-02-13,08:00:00,18,13,5,FMN GV 18 Kasterlee
84,Oudemolsedijk,2019-02-13,09:00:00,10,6,4,FMN GV 18 Kasterlee
84,Oudemolsedijk,2019-02-13,10:00:00,8,6,2,FMN GV 18 Kasterlee
84,Oudemolsedijk,2019-02-13,11:00:00,18,9,9,FMN GV 18 Kasterlee
84,Oudemolsedijk,2019-02-13,12:00:00,34,15,19,FMN GV 18 Kasterlee
84,Oudemolsedijk,2019-02-13,13:00:00,36,11,25,FMN GV 18 Kasterlee
84,Oudemolsedijk,2019-02-13,14:00:00,62,36,26,FMN GV 18 Kasterlee
84,Oudemolsedijk,2019-02-13,15:00:00,46,24,22,FMN GV 18 Kasterlee
84,Oudemolsedijk,2019-02-13,16:00:00,29,23,6,FMN GV 18 Kasterlee
84,Oudemolsedijk,2019-02-13,17:00:00,23,17,6,FMN GV 18 Kasterlee
84,Oudemolsedijk,2019-02-13,18:00:00,9,4,5,FMN GV 18 Kasterlee
84,Oudemolsedijk,2019-02-13,19:00:00,9,7,2,FMN GV 18 Kasterlee
84,Oudemolsedijk,2019-02-13,20:00:00,31,16,15,FMN GV 18 Kasterlee
84,Oudemolsedijk,2019-02-13,21:00:00,1,1,0,FMN GV 18 Kasterlee
84,Oudemolsedijk,2019-02-13,22:00:00,0,0,0,FMN GV 18 Kasterlee
84,Oudemolsedijk,2019-02-13,23:00:00,1,1,0,FMN GV 18 Kasterlee
84,Oudemolsedijk,2019-02-14,00:00:00,0,0,0,FMN GV 18 Kasterlee
84,Oudemolsedijk,2019-02-14,01:00:00,0,0,0,FMN GV 18 Kasterlee
84,Oudemolsedijk,2019-02-14,02:00:00,0,0,0,FMN GV 18 Kasterlee
84,Oudemolsedijk,2019-02-14,03:00:00,0,0,0,FMN GV 18 Kasterlee
84,Oudemolsedijk,2019-02-14,04:00:00,0,0,0,FMN GV 18 Kasterlee
84,Oudemolsedijk,2019-02-14,05:00:00,4,4,0,FMN GV 18 Kasterlee
84,Oudemolsedijk,2019-02-14,06:00:00,12,6,6,FMN GV 18 Kasterlee
84,Oudemolsedijk,2019-02-14,07:00:00,16,10,6,FMN GV 18 Kasterlee
84,Oudemolsedijk,2019-02-14,08:00:00,22,15,7,FMN GV 18 Kasterlee
84,Oudemolsedijk,2019-02-14,09:00:00,7,3,4,FMN GV 18 Kasterlee
84,Oudemolsedijk,2019-02-14,10:00:00,17,10,7,FMN GV 18 Kasterlee
84,Oudemolsedijk,2019-02-14,11:00:00,11,4,7,FMN GV 18 Kasterlee
84,Oudemolsedijk,2019-02-14,12:00:00,20,9,11,FMN GV 18 Kasterlee
84,Oudemolsedijk,2019-02-14,13:00:00,37,10,27,FMN GV 18 Kasterlee
84,Oudemolsedijk,2019-02-14,14:00:00,96,54,42,FMN GV 18 Kasterlee
84,Oudemolsedijk,2019-02-14,15:00:00,66,50,16,FMN GV 18 Kasterlee
84,Oudemolsedijk,2019-02-14,16:00:00,50,33,17,FMN GV 18 Kasterlee
84,Oudemolsedijk,2019-02-14,17:00:00,29,16,13,FMN GV 18 Kasterlee
84,Oudemolsedijk,2019-02-14,18:00:00,14,4,10,FMN GV 18 Kasterlee
84,Oudemolsedijk,2019-02-14,19:00:00,6,3,3,FMN GV 18 Kasterlee
84,Oudemolsedijk,2019-02-14,20:00:00,3,2,1,FMN GV 18 Kasterlee
84,Oudemolsedijk,2019-02-14,21:00:00,1,0,1,FMN GV 18 Kasterlee
84,Oudemolsedijk,2019-02-14,22:00:00,1,0,1,FMN GV 18 Kasterlee
84,Oudemolsedijk,2019-02-14,23:00:00,0,0,0,FMN GV 18 Kasterlee
84,Oudemolsedijk,2019-02-15,00:00:00,0,0,0,FMN GV 18 Kasterlee
84,Oudemolsedijk,2019-02-15,01:00:00,0,0,0,FMN GV 18 Kasterlee
84,Oudemolsedijk,2019-02-15,02:00:00,0,0,0,FMN GV 18 Kasterlee
84,Oudemolsedijk,2019-02-15,03:00:00,0,0,0,FMN GV 18 Kasterlee
84,Oudemolsedijk,2019-02-15,04:00:00,0,0,0,FMN GV 18 Kasterlee
84,Oudemolsedijk,2019-02-15,05:00:00,3,3,0,FMN GV 18 Kasterlee
84,Oudemolsedijk,2019-02-15,06:00:00,12,8,4,FMN GV 18 Kasterlee
84,Oudemolsedijk,2019-02-15,07:00:00,16,10,6,FMN GV 18 Kasterlee
84,Oudemolsedijk,2019-02-15,08:00:00,16,10,6,FMN GV 18 Kasterlee
84,Oudemolsedijk,2019-02-15,09:00:00,7,4,3,FMN GV 18 Kasterlee
84,Oudemolsedijk,2019-02-15,10:00:00,8,5,3,FMN GV 18 Kasterlee
84,Oudemolsedijk,2019-02-15,11:00:00,12,8,4,FMN GV 18 Kasterlee
84,Oudemolsedijk,2019-02-15,12:00:00,15,9,6,FMN GV 18 Kasterlee
84,Oudemolsedijk,2019-02-15,13:00:00,56,26,30,FMN GV 18 Kasterlee
84,Oudemolsedijk,2019-02-15,14:00:00,89,52,37,FMN GV 18 Kasterlee
84,Oudemolsedijk,2019-02-15,15:00:00,102,58,44,FMN GV 18 Kasterlee
84,Oudemolsedijk,2019-02-15,16:00:00,60,40,20,FMN GV 18 Kasterlee
84,Oudemolsedijk,2019-02-15,17:00:00,31,22,9,FMN GV 18 Kasterlee
84,Oudemolsedijk,2019-02-15,18:00:00,10,6,4,FMN GV 18 Kasterlee
84,Oudemolsedijk,2019-02-15,19:00:00,4,2,2,FMN GV 18 Kasterlee
84,Oudemolsedijk,2019-02-15,20:00:00,1,0,1,FMN GV 18 Kasterlee
84,Oudemolsedijk,2019-02-15,21:00:00,0,0,0,FMN GV 18 Kasterlee
84,Oudemolsedijk,2019-02-15,22:00:00,3,1,2,FMN GV 18 Kasterlee
84,Oudemolsedijk,2019-02-15,23:00:00,1,0,1,FMN GV 18 Kasterlee
84,Oudemolsedijk,2019-02-16,00:00:00,2,2,0,FMN GV 18 Kasterlee
84,Oudemolsedijk,2019-02-16,01:00:00,0,0,0,FMN GV 18 Kasterlee
84,Oudemolsedijk,2019-02-16,02:00:00,0,0,0,FMN GV 18 Kasterlee
84,Oudemolsedijk,2019-02-16,03:00:00,0,0,0,FMN GV 18 Kasterlee
84,Oudemolsedijk,2019-02-16,04:00:00,0,0,0,FMN GV 18 Kasterlee
84,Oudemolsedijk,2019-02-16,05:00:00,1,0,1,FMN GV 18 Kasterlee
84,Oudemolsedijk,2019-02-16,06:00:00,1,0,1,FMN GV 18 Kasterlee
84,Oudemolsedijk,2019-02-16,07:00:00,1,1,0,FMN GV 18 Kasterlee
84,Oudemolsedijk,2019-02-16,08:00:00,4,1,3,FMN GV 18 Kasterlee
84,Oudemolsedijk,2019-02-16,09:00:00,7,3,4,FMN GV 18 Kasterlee
84,Oudemolsedijk,2019-02-16,10:00:00,38,10,28,FMN GV 18 Kasterlee
84,Oudemolsedijk,2019-02-16,11:00:00,46,29,17,FMN GV 18 Kasterlee
84,Oudemolsedijk,2019-02-16,12:00:00,33,11,22,FMN GV 18 Kasterlee
84,Oudemolsedijk,2019-02-16,13:00:00,79,31,48,FMN GV 18 Kasterlee
84,Oudemolsedijk,2019-02-16,14:00:00,131,73,58,FMN GV 18 Kasterlee
84,Oudemolsedijk,2019-02-16,15:00:00,107,74,33,FMN GV 18 Kasterlee
84,Oudemolsedijk,2019-02-16,16:00:00,66,43,23,FMN GV 18 Kasterlee
84,Oudemolsedijk,2019-02-16,17:00:00,17,17,0,FMN GV 18 Kasterlee
84,Oudemolsedijk,2019-02-16,18:00:00,5,3,2,FMN GV 18 Kasterlee
84,Oudemolsedijk,2019-02-16,19:00:00,1,0,1,FMN GV 18 Kasterlee
84,Oudemolsedijk,2019-02-16,20:00:00,0,0,0,FMN GV 18 Kasterlee
84,Oudemolsedijk,2019-02-16,21:00:00,0,0,0,FMN GV 18 Kasterlee
84,Oudemolsedijk,2019-02-16,22:00:00,0,0,0,FMN GV 18 Kasterlee
84,Oudemolsedijk,2019-02-16,23:00:00,0,0,0,FMN GV 18 Kasterlee
84,Oudemolsedijk,2019-02-17,00:00:00,0,0,0,FMN GV 18 Kasterlee
84,Oudemolsedijk,2019-02-17,01:00:00,0,0,0,FMN GV 18 Kasterlee
84,Oudemolsedijk,2019-02-17,02:00:00,0,0,0,FMN GV 18 Kasterlee
84,Oudemolsedijk,2019-02-17,03:00:00,1,0,1,FMN GV 18 Kasterlee
84,Oudemolsedijk,2019-02-17,04:00:00,0,0,0,FMN GV 18 Kasterlee
84,Oudemolsedijk,2019-02-17,05:00:00,0,0,0,FMN GV 18 Kasterlee
84,Oudemolsedijk,2019-02-17,06:00:00,2,1,1,FMN GV 18 Kasterlee
84,Oudemolsedijk,2019-02-17,07:00:00,3,2,1,FMN GV 18 Kasterlee
84,Oudemolsedijk,2019-02-17,08:00:00,32,15,17,FMN GV 18 Kasterlee
84,Oudemolsedijk,2019-02-17,09:00:00,42,23,19,FMN GV 18 Kasterlee
84,Oudemolsedijk,2019-02-17,10:00:00,61,42,19,FMN GV 18 Kasterlee
84,Oudemolsedijk,2019-02-17,11:00:00,87,54,33,FMN GV 18 Kasterlee
84,Oudemolsedijk,2019-02-17,12:00:00,49,32,17,FMN GV 18 Kasterlee
84,Oudemolsedijk,2019-02-17,13:00:00,74,42,32,FMN GV 18 Kasterlee
84,Oudemolsedijk,2019-02-17,14:00:00,157,88,69,FMN GV 18 Kasterlee
84,Oudemolsedijk,2019-02-17,15:00:00,138,73,65,FMN GV 18 Kasterlee
84,Oudemolsedijk,2019-02-17,16:00:00,73,44,29,FMN GV 18 Kasterlee
84,Oudemolsedijk,2019-02-17,17:00:00,28,13,15,FMN GV 18 Kasterlee
84,Oudemolsedijk,2019-02-17,18:00:00,9,5,4,FMN GV 18 Kasterlee
84,Oudemolsedijk,2019-02-17,19:00:00,2,1,1,FMN GV 18 Kasterlee
84,Oudemolsedijk,2019-02-17,20:00:00,5,2,3,FMN GV 18 Kasterlee
84,Oudemolsedijk,2019-02-17,21:00:00,4,3,1,FMN GV 18 Kasterlee
84,Oudemolsedijk,2019-02-17,22:00:00,1,1,0,FMN GV 18 Kasterlee
84,Oudemolsedijk,2019-02-17,23:00:00,0,0,0,FMN GV 18 Kasterlee
84,Oudemolsedijk,2019-02-18,00:00:00,0,0,0,FMN GV 18 Kasterlee
84,Oudemolsedijk,2019-02-18,01:00:00,0,0,0,FMN GV 18 Kasterlee
84,Oudemolsedijk,2019-02-18,02:00:00,0,0,0,FMN GV 18 Kasterlee
84,Oudemolsedijk,2019-02-18,03:00:00,0,0,0,FMN GV 18 Kasterlee
84,Oudemolsedijk,2019-02-18,04:00:00,1,1,0,FMN GV 18 Kasterlee
84,Oudemolsedijk,2019-02-18,05:00:00,4,4,0,FMN GV 18 Kasterlee
84,Oudemolsedijk,2019-02-18,06:00:00,11,6,5,FMN GV 18 Kasterlee
84,Oudemolsedijk,2019-02-18,07:00:00,27,12,15,FMN GV 18 Kasterlee
84,Oudemolsedijk,2019-02-18,08:00:00,19,11,8,FMN GV 18 Kasterlee
84,Oudemolsedijk,2019-02-18,09:00:00,8,4,4,FMN GV 18 Kasterlee
84,Oudemolsedijk,2019-02-18,10:00:00,10,7,3,FMN GV 18 Kasterlee
84,Oudemolsedijk,2019-02-18,11:00:00,17,9,8,FMN GV 18 Kasterlee
84,Oudemolsedijk,2019-02-18,12:00:00,20,12,8,FMN GV 18 Kasterlee
84,Oudemolsedijk,2019-02-18,13:00:00,51,11,40,FMN GV 18 Kasterlee
84,Oudemolsedijk,2019-02-18,14:00:00,71,38,33,FMN GV 18 Kasterlee
84,Oudemolsedijk,2019-02-18,15:00:00,60,35,25,FMN GV 18 Kasterlee
84,Oudemolsedijk,2019-02-18,16:00:00,54,29,25,FMN GV 18 Kasterlee
84,Oudemolsedijk,2019-02-18,17:00:00,32,16,16,FMN GV 18 Kasterlee
84,Oudemolsedijk,2019-02-18,18:00:00,8,4,4,FMN GV 18 Kasterlee
84,Oudemolsedijk,2019-02-18,19:00:00,2,0,2,FMN GV 18 Kasterlee
84,Oudemolsedijk,2019-02-18,20:00:00,0,0,0,FMN GV 18 Kasterlee
84,Oudemolsedijk,2019-02-18,21:00:00,3,2,1,FMN GV 18 Kasterlee
84,Oudemolsedijk,2019-02-18,22:00:00,0,0,0,FMN GV 18 Kasterlee
84,Oudemolsedijk,2019-02-18,23:00:00,0,0,0,FMN GV 18 Kasterlee
84,Oudemolsedijk,2019-02-19,00:00:00,0,0,0,FMN GV 18 Kasterlee
84,Oudemolsedijk,2019-02-19,01:00:00,0,0,0,FMN GV 18 Kasterlee
84,Oudemolsedijk,2019-02-19,02:00:00,0,0,0,FMN GV 18 Kasterlee
84,Oudemolsedijk,2019-02-19,03:00:00,0,0,0,FMN GV 18 Kasterlee
84,Oudemolsedijk,2019-02-19,04:00:00,2,1,1,FMN GV 18 Kasterlee
84,Oudemolsedijk,2019-02-19,05:00:00,3,3,0,FMN GV 18 Kasterlee
84,Oudemolsedijk,2019-02-19,06:00:00,10,6,4,FMN GV 18 Kasterlee
84,Oudemolsedijk,2019-02-19,07:00:00,18,11,7,FMN GV 18 Kasterlee
84,Oudemolsedijk,2019-02-19,08:00:00,15,6,9,FMN GV 18 Kasterlee
84,Oudemolsedijk,2019-02-19,09:00:00,15,10,5,FMN GV 18 Kasterlee
84,Oudemolsedijk,2019-02-19,10:00:00,11,4,7,FMN GV 18 Kasterlee
84,Oudemolsedijk,2019-02-19,11:00:00,13,9,4,FMN GV 18 Kasterlee
84,Oudemolsedijk,2019-02-19,12:00:00,16,11,5,FMN GV 18 Kasterlee
84,Oudemolsedijk,2019-02-19,13:00:00,47,19,28,FMN GV 18 Kasterlee
84,Oudemolsedijk,2019-02-19,14:00:00,43,28,15,FMN GV 18 Kasterlee
84,Oudemolsedijk,2019-02-19,15:00:00,36,24,12,FMN GV 18 Kasterlee
84,Oudemolsedijk,2019-02-19,16:00:00,46,32,14,FMN GV 18 Kasterlee
84,Oudemolsedijk,2019-02-19,17:00:00,34,19,15,FMN GV 18 Kasterlee
84,Oudemolsedijk,2019-02-19,18:00:00,8,6,2,FMN GV 18 Kasterlee
84,Oudemolsedijk,2019-02-19,19:00:00,10,1,9,FMN GV 18 Kasterlee
84,Oudemolsedijk,2019-02-19,20:00:00,2,0,2,FMN GV 18 Kasterlee
84,Oudemolsedijk,2019-02-19,21:00:00,1,1,0,FMN GV 18 Kasterlee
84,Oudemolsedijk,2019-02-19,22:00:00,0,0,0,FMN GV 18 Kasterlee
84,Oudemolsedijk,2019-02-19,23:00:00,1,0,1,FMN GV 18 Kasterlee
84,Oudemolsedijk,2019-02-20,00:00:00,0,0,0,FMN GV 18 Kasterlee
84,Oudemolsedijk,2019-02-20,01:00:00,0,0,0,FMN GV 18 Kasterlee
84,Oudemolsedijk,2019-02-20,02:00:00,0,0,0,FMN GV 18 Kasterlee
84,Oudemolsedijk,2019-02-20,03:00:00,0,0,0,FMN GV 18 Kasterlee
84,Oudemolsedijk,2019-02-20,04:00:00,0,0,0,FMN GV 18 Kasterlee
84,Oudemolsedijk,2019-02-20,05:00:00,3,3,0,FMN GV 18 Kasterlee
84,Oudemolsedijk,2019-02-20,06:00:00,11,6,5,FMN GV 18 Kasterlee
84,Oudemolsedijk,2019-02-20,07:00:00,20,10,10,FMN GV 18 Kasterlee
84,Oudemolsedijk,2019-02-20,08:00:00,18,8,10,FMN GV 18 Kasterlee
84,Oudemolsedijk,2019-02-20,09:00:00,7,4,3,FMN GV 18 Kasterlee
84,Oudemolsedijk,2019-02-20,10:00:00,12,9,3,FMN GV 18 Kasterlee
84,Oudemolsedijk,2019-02-20,11:00:00,13,10,3,FMN GV 18 Kasterlee
84,Oudemolsedijk,2019-02-20,12:00:00,20,9,11,FMN GV 18 Kasterlee
84,Oudemolsedijk,2019-02-20,13:00:00,47,28,19,FMN GV 18 Kasterlee
84,Oudemolsedijk,2019-02-20,14:00:00,48,23,25,FMN GV 18 Kasterlee
84,Oudemolsedijk,2019-02-20,15:00:00,43,20,23,FMN GV 18 Kasterlee
84,Oudemolsedijk,2019-02-20,16:00:00,35,21,14,FMN GV 18 Kasterlee
84,Oudemolsedijk,2019-02-20,17:00:00,30,19,11,FMN GV 18 Kasterlee
84,Oudemolsedijk,2019-02-20,18:00:00,13,9,4,FMN GV 18 Kasterlee
84,Oudemolsedijk,2019-02-20,19:00:00,12,7,5,FMN GV 18 Kasterlee
84,Oudemolsedijk,2019-02-20,20:00:00,18,16,2,FMN GV 18 Kasterlee
84,Oudemolsedijk,2019-02-20,21:00:00,4,3,1,FMN GV 18 Kasterlee
84,Oudemolsedijk,2019-02-20,22:00:00,2,1,1,FMN GV 18 Kasterlee
84,Oudemolsedijk,2019-02-20,23:00:00,1,0,1,FMN GV 18 Kasterlee
84,Oudemolsedijk,2019-02-21,00:00:00,0,0,0,FMN GV 18 Kasterlee
84,Oudemolsedijk,2019-02-21,01:00:00,0,0,0,FMN GV 18 Kasterlee
84,Oudemolsedijk,2019-02-21,02:00:00,0,0,0,FMN GV 18 Kasterlee
84,Oudemolsedijk,2019-02-21,03:00:00,0,0,0,FMN GV 18 Kasterlee
84,Oudemolsedijk,2019-02-21,04:00:00,2,2,0,FMN GV 18 Kasterlee
84,Oudemolsedijk,2019-02-21,05:00:00,7,6,1,FMN GV 18 Kasterlee
84,Oudemolsedijk,2019-02-21,06:00:00,14,10,4,FMN GV 18 Kasterlee
84,Oudemolsedijk,2019-02-21,07:00:00,20,13,7,FMN GV 18 Kasterlee
84,Oudemolsedijk,2019-02-21,08:00:00,21,13,8,FMN GV 18 Kasterlee
84,Oudemolsedijk,2019-02-21,09:00:00,7,6,1,FMN GV 18 Kasterlee
84,Oudemolsedijk,2019-02-21,10:00:00,30,11,19,FMN GV 18 Kasterlee
84,Oudemolsedijk,2019-02-21,11:00:00,7,2,5,FMN GV 18 Kasterlee
84,Oudemolsedijk,2019-02-21,12:00:00,25,7,18,FMN GV 18 Kasterlee
84,Oudemolsedijk,2019-02-21,13:00:00,49,24,25,FMN GV 18 Kasterlee
84,Oudemolsedijk,2019-02-21,14:00:00,58,33,25,FMN GV 18 Kasterlee
84,Oudemolsedijk,2019-02-21,15:00:00,42,23,19,FMN GV 18 Kasterlee
84,Oudemolsedijk,2019-02-21,16:00:00,45,17,28,FMN GV 18 Kasterlee
84,Oudemolsedijk,2019-02-21,17:00:00,39,23,16,FMN GV 18 Kasterlee
84,Oudemolsedijk,2019-02-21,18:00:00,14,5,9,FMN GV 18 Kasterlee
84,Oudemolsedijk,2019-02-21,19:00:00,3,0,3,FMN GV 18 Kasterlee
84,Oudemolsedijk,2019-02-21,20:00:00,1,0,1,FMN GV 18 Kasterlee
84,Oudemolsedijk,2019-02-21,21:00:00,5,4,1,FMN GV 18 Kasterlee
84,Oudemolsedijk,2019-02-21,22:00:00,1,0,1,FMN GV 18 Kasterlee
84,Oudemolsedijk,2019-02-21,23:00:00,1,0,1,FMN GV 18 Kasterlee
84,Oudemolsedijk,2019-02-22,00:00:00,0,0,0,FMN GV 18 Kasterlee
84,Oudemolsedijk,2019-02-22,01:00:00,0,0,0,FMN GV 18 Kasterlee
84,Oudemolsedijk,2019-02-22,02:00:00,0,0,0,FMN GV 18 Kasterlee
84,Oudemolsedijk,2019-02-22,03:00:00,0,0,0,FMN GV 18 Kasterlee
84,Oudemolsedijk,2019-02-22,04:00:00,2,2,0,FMN GV 18 Kasterlee
84,Oudemolsedijk,2019-02-22,05:00:00,4,3,1,FMN GV 18 Kasterlee
84,Oudemolsedijk,2019-02-22,06:00:00,9,6,3,FMN GV 18 Kasterlee
84,Oudemolsedijk,2019-02-22,07:00:00,17,8,9,FMN GV 18 Kasterlee
84,Oudemolsedijk,2019-02-22,08:00:00,26,13,13,FMN GV 18 Kasterlee
84,Oudemolsedijk,2019-02-22,09:00:00,3,2,1,FMN GV 18 Kasterlee
84,Oudemolsedijk,2019-02-22,10:00:00,16,4,12,FMN GV 18 Kasterlee
84,Oudemolsedijk,2019-02-22,11:00:00,12,3,9,FMN GV 18 Kasterlee
84,Oudemolsedijk,2019-02-22,12:00:00,19,11,8,FMN GV 18 Kasterlee
84,Oudemolsedijk,2019-02-22,13:00:00,39,14,25,FMN GV 18 Kasterlee
84,Oudemolsedijk,2019-02-22,14:00:00,32,20,12,FMN GV 18 Kasterlee
84,Oudemolsedijk,2019-02-22,15:00:00,45,28,17,FMN GV 18 Kasterlee
84,Oudemolsedijk,2019-02-22,16:00:00,43,23,20,FMN GV 18 Kasterlee
84,Oudemolsedijk,2019-02-22,17:00:00,28,21,7,FMN GV 18 Kasterlee
84,Oudemolsedijk,2019-02-22,18:00:00,11,8,3,FMN GV 18 Kasterlee
84,Oudemolsedijk,2019-02-22,19:00:00,1,0,1,FMN GV 18 Kasterlee
84,Oudemolsedijk,2019-02-22,20:00:00,5,4,1,FMN GV 18 Kasterlee
84,Oudemolsedijk,2019-02-22,21:00:00,0,0,0,FMN GV 18 Kasterlee
84,Oudemolsedijk,2019-02-22,22:00:00,3,2,1,FMN GV 18 Kasterlee
84,Oudemolsedijk,2019-02-22,23:00:00,1,0,1,FMN GV 18 Kasterlee
84,Oudemolsedijk,2019-02-23,00:00:00,0,0,0,FMN GV 18 Kasterlee
84,Oudemolsedijk,2019-02-23,01:00:00,0,0,0,FMN GV 18 Kasterlee
84,Oudemolsedijk,2019-02-23,02:00:00,0,0,0,FMN GV 18 Kasterlee
84,Oudemolsedijk,2019-02-23,03:00:00,0,0,0,FMN GV 18 Kasterlee
84,Oudemolsedijk,2019-02-23,04:00:00,0,0,0,FMN GV 18 Kasterlee
84,Oudemolsedijk,2019-02-23,05:00:00,0,0,0,FMN GV 18 Kasterlee
84,Oudemolsedijk,2019-02-23,06:00:00,0,0,0,FMN GV 18 Kasterlee
84,Oudemolsedijk,2019-02-23,07:00:00,1,0,1,FMN GV 18 Kasterlee
84,Oudemolsedijk,2019-02-23,08:00:00,8,0,8,FMN GV 18 Kasterlee
84,Oudemolsedijk,2019-02-23,09:00:00,17,6,11,FMN GV 18 Kasterlee
84,Oudemolsedijk,2019-02-23,10:00:00,27,14,13,FMN GV 18 Kasterlee
84,Oudemolsedijk,2019-02-23,11:00:00,32,17,15,FMN GV 18 Kasterlee
84,Oudemolsedijk,2019-02-23,12:00:00,48,13,35,FMN GV 18 Kasterlee
84,Oudemolsedijk,2019-02-23,13:00:00,90,43,47,FMN GV 18 Kasterlee
84,Oudemolsedijk,2019-02-23,14:00:00,97,52,45,FMN GV 18 Kasterlee
84,Oudemolsedijk,2019-02-23,15:00:00,132,83,49,FMN GV 18 Kasterlee
84,Oudemolsedijk,2019-02-23,16:00:00,50,36,14,FMN GV 18 Kasterlee
84,Oudemolsedijk,2019-02-23,17:00:00,20,12,8,FMN GV 18 Kasterlee
84,Oudemolsedijk,2019-02-23,18:00:00,8,4,4,FMN GV 18 Kasterlee
84,Oudemolsedijk,2019-02-23,19:00:00,5,1,4,FMN GV 18 Kasterlee
84,Oudemolsedijk,2019-02-23,20:00:00,1,0,1,FMN GV 18 Kasterlee
84,Oudemolsedijk,2019-02-23,21:00:00,2,2,0,FMN GV 18 Kasterlee
84,Oudemolsedijk,2019-02-23,22:00:00,0,0,0,FMN GV 18 Kasterlee
84,Oudemolsedijk,2019-02-23,23:00:00,2,2,0,FMN GV 18 Kasterlee
84,Oudemolsedijk,2019-02-24,00:00:00,0,0,0,FMN GV 18 Kasterlee
84,Oudemolsedijk,2019-02-24,01:00:00,2,0,2,FMN GV 18 Kasterlee
84,Oudemolsedijk,2019-02-24,02:00:00,2,0,2,FMN GV 18 Kasterlee
84,Oudemolsedijk,2019-02-24,03:00:00,0,0,0,FMN GV 18 Kasterlee
84,Oudemolsedijk,2019-02-24,04:00:00,1,0,1,FMN GV 18 Kasterlee
84,Oudemolsedijk,2019-02-24,05:00:00,0,0,0,FMN GV 18 Kasterlee
84,Oudemolsedijk,2019-02-24,06:00:00,0,0,0,FMN GV 18 Kasterlee
84,Oudemolsedijk,2019-02-24,07:00:00,0,0,0,FMN GV 18 Kasterlee
84,Oudemolsedijk,2019-02-24,08:00:00,12,5,7,FMN GV 18 Kasterlee
84,Oudemolsedijk,2019-02-24,09:00:00,35,9,26,FMN GV 18 Kasterlee
84,Oudemolsedijk,2019-02-24,10:00:00,60,41,19,FMN GV 18 Kasterlee
84,Oudemolsedijk,2019-02-24,11:00:00,93,68,25,FMN GV 18 Kasterlee
84,Oudemolsedijk,2019-02-24,12:00:00,61,38,23,FMN GV 18 Kasterlee
84,Oudemolsedijk,2019-02-24,13:00:00,101,46,55,FMN GV 18 Kasterlee
84,Oudemolsedijk,2019-02-24,14:00:00,156,89,67,FMN GV 18 Kasterlee
84,Oudemolsedijk,2019-02-24,15:00:00,170,82,88,FMN GV 18 Kasterlee
84,Oudemolsedijk,2019-02-24,16:00:00,79,42,37,FMN GV 18 Kasterlee
84,Oudemolsedijk,2019-02-24,17:00:00,36,29,7,FMN GV 18 Kasterlee
84,Oudemolsedijk,2019-02-24,18:00:00,20,16,4,FMN GV 18 Kasterlee
84,Oudemolsedijk,2019-02-24,19:00:00,4,3,1,FMN GV 18 Kasterlee
84,Oudemolsedijk,2019-02-24,20:00:00,3,0,3,FMN GV 18 Kasterlee
84,Oudemolsedijk,2019-02-24,21:00:00,0,0,0,FMN GV 18 Kasterlee
84,Oudemolsedijk,2019-02-24,22:00:00,3,0,3,FMN GV 18 Kasterlee
84,Oudemolsedijk,2019-02-24,23:00:00,0,0,0,FMN GV 18 Kasterlee
84,Oudemolsedijk,2019-02-25,00:00:00,0,0,0,FMN GV 18 Kasterlee
84,Oudemolsedijk,2019-02-25,01:00:00,0,0,0,FMN GV 18 Kasterlee
84,Oudemolsedijk,2019-02-25,02:00:00,0,0,0,FMN GV 18 Kasterlee
84,Oudemolsedijk,2019-02-25,03:00:00,0,0,0,FMN GV 18 Kasterlee
84,Oudemolsedijk,2019-02-25,04:00:00,0,0,0,FMN GV 18 Kasterlee
84,Oudemolsedijk,2019-02-25,05:00:00,2,2,0,FMN GV 18 Kasterlee
84,Oudemolsedijk,2019-02-25,06:00:00,14,5,9,FMN GV 18 Kasterlee
84,Oudemolsedijk,2019-02-25,07:00:00,27,14,13,FMN GV 18 Kasterlee
84,Oudemolsedijk,2019-02-25,08:00:00,19,11,8,FMN GV 18 Kasterlee
84,Oudemolsedijk,2019-02-25,09:00:00,9,4,5,FMN GV 18 Kasterlee
84,Oudemolsedijk,2019-02-25,10:00:00,8,3,5,FMN GV 18 Kasterlee
84,Oudemolsedijk,2019-02-25,11:00:00,15,9,6,FMN GV 18 Kasterlee
84,Oudemolsedijk,2019-02-25,12:00:00,23,11,12,FMN GV 18 Kasterlee
84,Oudemolsedijk,2019-02-25,13:00:00,55,26,29,FMN GV 18 Kasterlee
84,Oudemolsedijk,2019-02-25,14:00:00,55,33,22,FMN GV 18 Kasterlee
84,Oudemolsedijk,2019-02-25,15:00:00,79,52,27,FMN GV 18 Kasterlee
84,Oudemolsedijk,2019-02-25,16:00:00,52,28,24,FMN GV 18 Kasterlee
84,Oudemolsedijk,2019-02-25,17:00:00,32,18,14,FMN GV 18 Kasterlee
84,Oudemolsedijk,2019-02-25,18:00:00,9,4,5,FMN GV 18 Kasterlee
84,Oudemolsedijk,2019-02-25,19:00:00,1,0,1,FMN GV 18 Kasterlee
84,Oudemolsedijk,2019-02-25,20:00:00,2,1,1,FMN GV 18 Kasterlee
84,Oudemolsedijk,2019-02-25,21:00:00,1,0,1,FMN GV 18 Kasterlee
84,Oudemolsedijk,2019-02-25,22:00:00,3,2,1,FMN GV 18 Kasterlee
84,Oudemolsedijk,2019-02-25,23:00:00,0,0,0,FMN GV 18 Kasterlee
84,Oudemolsedijk,2019-02-26,00:00:00,0,0,0,FMN GV 18 Kasterlee
84,Oudemolsedijk,2019-02-26,01:00:00,0,0,0,FMN GV 18 Kasterlee
84,Oudemolsedijk,2019-02-26,02:00:00,0,0,0,FMN GV 18 Kasterlee
84,Oudemolsedijk,2019-02-26,03:00:00,0,0,0,FMN GV 18 Kasterlee
84,Oudemolsedijk,2019-02-26,04:00:00,0,0,0,FMN GV 18 Kasterlee
84,Oudemolsedijk,2019-02-26,05:00:00,4,3,1,FMN GV 18 Kasterlee
84,Oudemolsedijk,2019-02-26,06:00:00,15,10,5,FMN GV 18 Kasterlee
84,Oudemolsedijk,2019-02-26,07:00:00,24,14,10,FMN GV 18 Kasterlee
84,Oudemolsedijk,2019-02-26,08:00:00,49,16,33,FMN GV 18 Kasterlee
84,Oudemolsedijk,2019-02-26,09:00:00,8,4,4,FMN GV 18 Kasterlee
84,Oudemolsedijk,2019-02-26,10:00:00,20,14,6,FMN GV 18 Kasterlee
84,Oudemolsedijk,2019-02-26,11:00:00,22,11,11,FMN GV 18 Kasterlee
84,Oudemolsedijk,2019-02-26,12:00:00,22,12,10,FMN GV 18 Kasterlee
84,Oudemolsedijk,2019-02-26,13:00:00,83,16,67,FMN GV 18 Kasterlee
84,Oudemolsedijk,2019-02-26,14:00:00,142,106,36,FMN GV 18 Kasterlee
84,Oudemolsedijk,2019-02-26,15:00:00,93,65,28,FMN GV 18 Kasterlee
84,Oudemolsedijk,2019-02-26,16:00:00,86,42,44,FMN GV 18 Kasterlee
84,Oudemolsedijk,2019-02-26,17:00:00,61,37,24,FMN GV 18 Kasterlee
84,Oudemolsedijk,2019-02-26,18:00:00,24,11,13,FMN GV 18 Kasterlee
84,Oudemolsedijk,2019-02-26,19:00:00,11,4,7,FMN GV 18 Kasterlee
84,Oudemolsedijk,2019-02-26,20:00:00,4,2,2,FMN GV 18 Kasterlee
84,Oudemolsedijk,2019-02-26,21:00:00,1,0,1,FMN GV 18 Kasterlee
84,Oudemolsedijk,2019-02-26,22:00:00,4,1,3,FMN GV 18 Kasterlee
84,Oudemolsedijk,2019-02-26,23:00:00,0,0,0,FMN GV 18 Kasterlee
84,Oudemolsedijk,2019-02-27,00:00:00,0,0,0,FMN GV 18 Kasterlee
84,Oudemolsedijk,2019-02-27,01:00:00,0,0,0,FMN GV 18 Kasterlee
84,Oudemolsedijk,2019-02-27,02:00:00,0,0,0,FMN GV 18 Kasterlee
84,Oudemolsedijk,2019-02-27,03:00:00,0,0,0,FMN GV 18 Kasterlee
84,Oudemolsedijk,2019-02-27,04:00:00,0,0,0,FMN GV 18 Kasterlee
84,Oudemolsedijk,2019-02-27,05:00:00,3,3,0,FMN GV 18 Kasterlee
84,Oudemolsedijk,2019-02-27,06:00:00,8,6,2,FMN GV 18 Kasterlee
84,Oudemolsedijk,2019-02-27,07:00:00,26,16,10,FMN GV 18 Kasterlee
84,Oudemolsedijk,2019-02-27,08:00:00,20,10,10,FMN GV 18 Kasterlee
84,Oudemolsedijk,2019-02-27,09:00:00,8,1,7,FMN GV 18 Kasterlee
84,Oudemolsedijk,2019-02-27,10:00:00,22,17,5,FMN GV 18 Kasterlee
84,Oudemolsedijk,2019-02-27,11:00:00,35,16,19,FMN GV 18 Kasterlee
84,Oudemolsedijk,2019-02-27,12:00:00,29,13,16,FMN GV 18 Kasterlee
84,Oudemolsedijk,2019-02-27,13:00:00,105,54,51,FMN GV 18 Kasterlee
84,Oudemolsedijk,2019-02-27,14:00:00,129,74,55,FMN GV 18 Kasterlee
84,Oudemolsedijk,2019-02-27,15:00:00,110,60,50,FMN GV 18 Kasterlee
84,Oudemolsedijk,2019-02-27,16:00:00,99,62,37,FMN GV 18 Kasterlee
84,Oudemolsedijk,2019-02-27,17:00:00,64,45,19,FMN GV 18 Kasterlee
84,Oudemolsedijk,2019-02-27,18:00:00,24,14,10,FMN GV 18 Kasterlee
84,Oudemolsedijk,2019-02-27,19:00:00,17,15,2,FMN GV 18 Kasterlee
84,Oudemolsedijk,2019-02-27,20:00:00,32,14,18,FMN GV 18 Kasterlee
84,Oudemolsedijk,2019-02-27,21:00:00,3,0,3,FMN GV 18 Kasterlee
84,Oudemolsedijk,2019-02-27,22:00:00,1,0,1,FMN GV 18 Kasterlee
84,Oudemolsedijk,2019-02-27,23:00:00,1,1,0,FMN GV 18 Kasterlee
84,Oudemolsedijk,2019-02-28,00:00:00,0,0,0,FMN GV 18 Kasterlee
84,Oudemolsedijk,2019-02-28,01:00:00,0,0,0,FMN GV 18 Kasterlee
84,Oudemolsedijk,2019-02-28,02:00:00,0,0,0,FMN GV 18 Kasterlee
84,Oudemolsedijk,2019-02-28,03:00:00,0,0,0,FMN GV 18 Kasterlee
84,Oudemolsedijk,2019-02-28,04:00:00,0,0,0,FMN GV 18 Kasterlee
84,Oudemolsedijk,2019-02-28,05:00:00,3,3,0,FMN GV 18 Kasterlee
84,Oudemolsedijk,2019-02-28,06:00:00,9,5,4,FMN GV 18 Kasterlee
84,Oudemolsedijk,2019-02-28,07:00:00,19,9,10,FMN GV 18 Kasterlee
84,Oudemolsedijk,2019-02-28,08:00:00,17,7,10,FMN GV 18 Kasterlee
84,Oudemolsedijk,2019-02-28,09:00:00,13,9,4,FMN GV 18 Kasterlee
84,Oudemolsedijk,2019-02-28,10:00:00,19,10,9,FMN GV 18 Kasterlee
84,Oudemolsedijk,2019-02-28,11:00:00,14,9,5,FMN GV 18 Kasterlee
84,Oudemolsedijk,2019-02-28,12:00:00,19,7,12,FMN GV 18 Kasterlee
84,Oudemolsedijk,2019-02-28,13:00:00,24,12,12,FMN GV 18 Kasterlee
84,Oudemolsedijk,2019-02-28,14:00:00,29,12,17,FMN GV 18 Kasterlee
84,Oudemolsedijk,2019-02-28,15:00:00,13,8,5,FMN GV 18 Kasterlee
84,Oudemolsedijk,2019-02-28,16:00:00,22,15,7,FMN GV 18 Kasterlee
84,Oudemolsedijk,2019-02-28,17:00:00,18,13,5,FMN GV 18 Kasterlee
84,Oudemolsedijk,2019-02-28,18:00:00,13,8,5,FMN GV 18 Kasterlee
84,Oudemolsedijk,2019-02-28,19:00:00,3,2,1,FMN GV 18 Kasterlee
84,Oudemolsedijk,2019-02-28,20:00:00,2,0,2,FMN GV 18 Kasterlee
84,Oudemolsedijk,2019-02-28,21:00:00,2,0,2,FMN GV 18 Kasterlee
84,Oudemolsedijk,2019-02-28,22:00:00,1,0,1,FMN GV 18 Kasterlee
84,Oudemolsedijk,2019-02-28,23:00:00,0,0,0,FMN GV 18 Kasterlee
84,Oudemolsedijk,2019-03-01,00:00:00,0,0,0,FMN GV 18 Kasterlee
84,Oudemolsedijk,2019-03-01,01:00:00,0,0,0,FMN GV 18 Kasterlee
84,Oudemolsedijk,2019-03-01,02:00:00,0,0,0,FMN GV 18 Kasterlee
84,Oudemolsedijk,2019-03-01,03:00:00,0,0,0,FMN GV 18 Kasterlee
84,Oudemolsedijk,2019-03-01,04:00:00,0,0,0,FMN GV 18 Kasterlee
84,Oudemolsedijk,2019-03-01,05:00:00,2,2,0,FMN GV 18 Kasterlee
84,Oudemolsedijk,2019-03-01,06:00:00,6,3,3,FMN GV 18 Kasterlee
84,Oudemolsedijk,2019-03-01,07:00:00,14,10,4,FMN GV 18 Kasterlee
84,Oudemolsedijk,2019-03-01,08:00:00,12,7,5,FMN GV 18 Kasterlee
84,Oudemolsedijk,2019-03-01,09:00:00,9,5,4,FMN GV 18 Kasterlee
84,Oudemolsedijk,2019-03-01,10:00:00,14,11,3,FMN GV 18 Kasterlee
84,Oudemolsedijk,2019-03-01,11:00:00,5,1,4,FMN GV 18 Kasterlee
84,Oudemolsedijk,2019-03-01,12:00:00,10,5,5,FMN GV 18 Kasterlee
84,Oudemolsedijk,2019-03-01,13:00:00,8,5,3,FMN GV 18 Kasterlee
84,Oudemolsedijk,2019-03-01,14:00:00,9,6,3,FMN GV 18 Kasterlee
84,Oudemolsedijk,2019-03-01,15:00:00,19,14,5,FMN GV 18 Kasterlee
84,Oudemolsedijk,2019-03-01,16:00:00,23,13,10,FMN GV 18 Kasterlee
84,Oudemolsedijk,2019-03-01,17:00:00,10,7,3,FMN GV 18 Kasterlee
84,Oudemolsedijk,2019-03-01,18:00:00,12,7,5,FMN GV 18 Kasterlee
84,Oudemolsedijk,2019-03-01,19:00:00,1,1,0,FMN GV 18 Kasterlee
84,Oudemolsedijk,2019-03-01,20:00:00,1,1,0,FMN GV 18 Kasterlee
84,Oudemolsedijk,2019-03-01,21:00:00,0,0,0,FMN GV 18 Kasterlee
84,Oudemolsedijk,2019-03-01,22:00:00,1,0,1,FMN GV 18 Kasterlee
84,Oudemolsedijk,2019-03-01,23:00:00,0,0,0,FMN GV 18 Kasterlee
84,Oudemolsedijk,2019-03-02,00:00:00,1,0,1,FMN GV 18 Kasterlee
84,Oudemolsedijk,2019-03-02,01:00:00,0,0,0,FMN GV 18 Kasterlee
84,Oudemolsedijk,2019-03-02,02:00:00,1,0,1,FMN GV 18 Kasterlee
84,Oudemolsedijk,2019-03-02,03:00:00,0,0,0,FMN GV 18 Kasterlee
84,Oudemolsedijk,2019-03-02,04:00:00,0,0,0,FMN GV 18 Kasterlee
84,Oudemolsedijk,2019-03-02,05:00:00,0,0,0,FMN GV 18 Kasterlee
84,Oudemolsedijk,2019-03-02,06:00:00,1,0,1,FMN GV 18 Kasterlee
84,Oudemolsedijk,2019-03-02,07:00:00,0,0,0,FMN GV 18 Kasterlee
84,Oudemolsedijk,2019-03-02,08:00:00,6,2,4,FMN GV 18 Kasterlee
84,Oudemolsedijk,2019-03-02,09:00:00,7,0,7,FMN GV 18 Kasterlee
84,Oudemolsedijk,2019-03-02,10:00:00,24,12,12,FMN GV 18 Kasterlee
84,Oudemolsedijk,2019-03-02,11:00:00,19,11,8,FMN GV 18 Kasterlee
84,Oudemolsedijk,2019-03-02,12:00:00,40,20,20,FMN GV 18 Kasterlee
84,Oudemolsedijk,2019-03-02,13:00:00,67,21,46,FMN GV 18 Kasterlee
84,Oudemolsedijk,2019-03-02,14:00:00,48,45,3,FMN GV 18 Kasterlee
84,Oudemolsedijk,2019-03-02,15:00:00,16,12,4,FMN GV 18 Kasterlee
84,Oudemolsedijk,2019-03-02,16:00:00,9,7,2,FMN GV 18 Kasterlee
84,Oudemolsedijk,2019-03-02,17:00:00,9,8,1,FMN GV 18 Kasterlee
84,Oudemolsedijk,2019-03-02,18:00:00,2,2,0,FMN GV 18 Kasterlee
84,Oudemolsedijk,2019-03-02,19:00:00,0,0,0,FMN GV 18 Kasterlee
84,Oudemolsedijk,2019-03-02,20:00:00,0,0,0,FMN GV 18 Kasterlee
84,Oudemolsedijk,2019-03-02,21:00:00,0,0,0,FMN GV 18 Kasterlee
84,Oudemolsedijk,2019-03-02,22:00:00,0,0,0,FMN GV 18 Kasterlee
84,Oudemolsedijk,2019-03-02,23:00:00,1,1,0,FMN GV 18 Kasterlee
84,Oudemolsedijk,2019-03-03,00:00:00,0,0,0,FMN GV 18 Kasterlee
84,Oudemolsedijk,2019-03-03,01:00:00,0,0,0,FMN GV 18 Kasterlee
84,Oudemolsedijk,2019-03-03,02:00:00,0,0,0,FMN GV 18 Kasterlee
84,Oudemolsedijk,2019-03-03,03:00:00,1,0,1,FMN GV 18 Kasterlee
84,Oudemolsedijk,2019-03-03,04:00:00,0,0,0,FMN GV 18 Kasterlee
84,Oudemolsedijk,2019-03-03,05:00:00,0,0,0,FMN GV 18 Kasterlee
84,Oudemolsedijk,2019-03-03,06:00:00,0,0,0,FMN GV 18 Kasterlee
84,Oudemolsedijk,2019-03-03,07:00:00,1,1,0,FMN GV 18 Kasterlee
84,Oudemolsedijk,2019-03-03,08:00:00,16,10,6,FMN GV 18 Kasterlee
84,Oudemolsedijk,2019-03-03,09:00:00,58,47,11,FMN GV 18 Kasterlee
84,Oudemolsedijk,2019-03-03,10:00:00,36,35,1,FMN GV 18 Kasterlee
84,Oudemolsedijk,2019-03-03,11:00:00,20,14,6,FMN GV 18 Kasterlee
84,Oudemolsedijk,2019-03-03,12:00:00,8,6,2,FMN GV 18 Kasterlee
84,Oudemolsedijk,2019-03-03,13:00:00,1,1,0,FMN GV 18 Kasterlee
84,Oudemolsedijk,2019-03-03,14:00:00,5,4,1,FMN GV 18 Kasterlee
84,Oudemolsedijk,2019-03-03,15:00:00,1,0,1,FMN GV 18 Kasterlee
84,Oudemolsedijk,2019-03-03,16:00:00,4,4,0,FMN GV 18 Kasterlee
84,Oudemolsedijk,2019-03-03,17:00:00,1,1,0,FMN GV 18 Kasterlee
84,Oudemolsedijk,2019-03-03,18:00:00,2,0,2,FMN GV 18 Kasterlee
84,Oudemolsedijk,2019-03-03,19:00:00,0,0,0,FMN GV 18 Kasterlee
84,Oudemolsedijk,2019-03-03,20:00:00,1,0,1,FMN GV 18 Kasterlee
84,Oudemolsedijk,2019-03-03,21:00:00,0,0,0,FMN GV 18 Kasterlee
84,Oudemolsedijk,2019-03-03,22:00:00,0,0,0,FMN GV 18 Kasterlee
84,Oudemolsedijk,2019-03-03,23:00:00,1,1,0,FMN GV 18 Kasterlee
84,Oudemolsedijk,2019-03-04,00:00:00,0,0,0,FMN GV 18 Kasterlee
84,Oudemolsedijk,2019-03-04,01:00:00,0,0,0,FMN GV 18 Kasterlee
84,Oudemolsedijk,2019-03-04,02:00:00,0,0,0,FMN GV 18 Kasterlee
84,Oudemolsedijk,2019-03-04,03:00:00,0,0,0,FMN GV 18 Kasterlee
84,Oudemolsedijk,2019-03-04,04:00:00,0,0,0,FMN GV 18 Kasterlee
84,Oudemolsedijk,2019-03-04,05:00:00,3,2,1,FMN GV 18 Kasterlee
84,Oudemolsedijk,2019-03-04,06:00:00,4,0,4,FMN GV 18 Kasterlee
84,Oudemolsedijk,2019-03-04,07:00:00,6,4,2,FMN GV 18 Kasterlee
84,Oudemolsedijk,2019-03-04,08:00:00,4,3,1,FMN GV 18 Kasterlee
84,Oudemolsedijk,2019-03-04,09:00:00,4,2,2,FMN GV 18 Kasterlee
84,Oudemolsedijk,2019-03-04,10:00:00,1,0,1,FMN GV 18 Kasterlee
84,Oudemolsedijk,2019-03-04,11:00:00,0,0,0,FMN GV 18 Kasterlee
84,Oudemolsedijk,2019-03-04,12:00:00,2,1,1,FMN GV 18 Kasterlee
84,Oudemolsedijk,2019-03-04,13:00:00,3,2,1,FMN GV 18 Kasterlee
84,Oudemolsedijk,2019-03-04,14:00:00,6,2,4,FMN GV 18 Kasterlee
84,Oudemolsedijk,2019-03-04,15:00:00,26,22,4,FMN GV 18 Kasterlee
84,Oudemolsedijk,2019-03-04,16:00:00,18,14,4,FMN GV 18 Kasterlee
84,Oudemolsedijk,2019-03-04,17:00:00,15,14,1,FMN GV 18 Kasterlee
84,Oudemolsedijk,2019-03-04,18:00:00,10,8,2,FMN GV 18 Kasterlee
84,Oudemolsedijk,2019-03-04,19:00:00,1,1,0,FMN GV 18 Kasterlee
84,Oudemolsedijk,2019-03-04,20:00:00,0,0,0,FMN GV 18 Kasterlee
84,Oudemolsedijk,2019-03-04,21:00:00,1,1,0,FMN GV 18 Kasterlee
84,Oudemolsedijk,2019-03-04,22:00:00,2,1,1,FMN GV 18 Kasterlee
84,Oudemolsedijk,2019-03-04,23:00:00,0,0,0,FMN GV 18 Kasterlee
84,Oudemolsedijk,2019-03-05,00:00:00,0,0,0,FMN GV 18 Kasterlee
84,Oudemolsedijk,2019-03-05,01:00:00,0,0,0,FMN GV 18 Kasterlee
84,Oudemolsedijk,2019-03-05,02:00:00,0,0,0,FMN GV 18 Kasterlee
84,Oudemolsedijk,2019-03-05,03:00:00,0,0,0,FMN GV 18 Kasterlee
84,Oudemolsedijk,2019-03-05,04:00:00,1,1,0,FMN GV 18 Kasterlee
84,Oudemolsedijk,2019-03-05,05:00:00,3,3,0,FMN GV 18 Kasterlee
84,Oudemolsedijk,2019-03-05,06:00:00,9,2,7,FMN GV 18 Kasterlee
84,Oudemolsedijk,2019-03-05,07:00:00,8,4,4,FMN GV 18 Kasterlee
84,Oudemolsedijk,2019-03-05,08:00:00,8,4,4,FMN GV 18 Kasterlee
84,Oudemolsedijk,2019-03-05,09:00:00,5,1,4,FMN GV 18 Kasterlee
84,Oudemolsedijk,2019-03-05,10:00:00,14,11,3,FMN GV 18 Kasterlee
84,Oudemolsedijk,2019-03-05,11:00:00,5,3,2,FMN GV 18 Kasterlee
84,Oudemolsedijk,2019-03-05,12:00:00,8,4,4,FMN GV 18 Kasterlee
84,Oudemolsedijk,2019-03-05,13:00:00,34,11,23,FMN GV 18 Kasterlee
84,Oudemolsedijk,2019-03-05,14:00:00,32,24,8,FMN GV 18 Kasterlee
84,Oudemolsedijk,2019-03-05,15:00:00,46,32,14,FMN GV 18 Kasterlee
84,Oudemolsedijk,2019-03-05,16:00:00,30,16,14,FMN GV 18 Kasterlee
84,Oudemolsedijk,2019-03-05,17:00:00,15,11,4,FMN GV 18 Kasterlee
84,Oudemolsedijk,2019-03-05,18:00:00,11,5,6,FMN GV 18 Kasterlee
84,Oudemolsedijk,2019-03-05,19:00:00,6,0,6,FMN GV 18 Kasterlee
84,Oudemolsedijk,2019-03-05,20:00:00,2,2,0,FMN GV 18 Kasterlee
84,Oudemolsedijk,2019-03-05,21:00:00,1,1,0,FMN GV 18 Kasterlee
84,Oudemolsedijk,2019-03-05,22:00:00,2,1,1,FMN GV 18 Kasterlee
84,Oudemolsedijk,2019-03-05,23:00:00,0,0,0,FMN GV 18 Kasterlee
84,Oudemolsedijk,2019-03-06,00:00:00,5,0,5,FMN GV 18 Kasterlee
84,Oudemolsedijk,2019-03-06,01:00:00,0,0,0,FMN GV 18 Kasterlee
84,Oudemolsedijk,2019-03-06,02:00:00,0,0,0,FMN GV 18 Kasterlee
84,Oudemolsedijk,2019-03-06,03:00:00,0,0,0,FMN GV 18 Kasterlee
84,Oudemolsedijk,2019-03-06,04:00:00,1,1,0,FMN GV 18 Kasterlee
84,Oudemolsedijk,2019-03-06,05:00:00,3,3,0,FMN GV 18 Kasterlee
84,Oudemolsedijk,2019-03-06,06:00:00,5,2,3,FMN GV 18 Kasterlee
84,Oudemolsedijk,2019-03-06,07:00:00,11,5,6,FMN GV 18 Kasterlee
84,Oudemolsedijk,2019-03-06,08:00:00,7,4,3,FMN GV 18 Kasterlee
84,Oudemolsedijk,2019-03-06,09:00:00,6,5,1,FMN GV 18 Kasterlee
84,Oudemolsedijk,2019-03-06,10:00:00,3,2,1,FMN GV 18 Kasterlee
84,Oudemolsedijk,2019-03-06,11:00:00,3,1,2,FMN GV 18 Kasterlee
84,Oudemolsedijk,2019-03-06,12:00:00,6,3,3,FMN GV 18 Kasterlee
84,Oudemolsedijk,2019-03-06,13:00:00,9,4,5,FMN GV 18 Kasterlee
84,Oudemolsedijk,2019-03-06,14:00:00,18,10,8,FMN GV 18 Kasterlee
84,Oudemolsedijk,2019-03-06,15:00:00,23,12,11,FMN GV 18 Kasterlee
84,Oudemolsedijk,2019-03-06,16:00:00,13,9,4,FMN GV 18 Kasterlee
84,Oudemolsedijk,2019-03-06,17:00:00,6,4,2,FMN GV 18 Kasterlee
84,Oudemolsedijk,2019-03-06,18:00:00,7,3,4,FMN GV 18 Kasterlee
84,Oudemolsedijk,2019-03-06,19:00:00,6,6,0,FMN GV 18 Kasterlee
84,Oudemolsedijk,2019-03-06,20:00:00,5,0,5,FMN GV 18 Kasterlee
84,Oudemolsedijk,2019-03-06,21:00:00,0,0,0,FMN GV 18 Kasterlee
84,Oudemolsedijk,2019-03-06,22:00:00,1,0,1,FMN GV 18 Kasterlee
84,Oudemolsedijk,2019-03-06,23:00:00,1,0,1,FMN GV 18 Kasterlee
84,Oudemolsedijk,2019-03-07,00:00:00,0,0,0,FMN GV 18 Kasterlee
84,Oudemolsedijk,2019-03-07,01:00:00,0,0,0,FMN GV 18 Kasterlee
84,Oudemolsedijk,2019-03-07,02:00:00,0,0,0,FMN GV 18 Kasterlee
84,Oudemolsedijk,2019-03-07,03:00:00,0,0,0,FMN GV 18 Kasterlee
84,Oudemolsedijk,2019-03-07,04:00:00,1,1,0,FMN GV 18 Kasterlee
84,Oudemolsedijk,2019-03-07,05:00:00,2,2,0,FMN GV 18 Kasterlee
84,Oudemolsedijk,2019-03-07,06:00:00,3,1,2,FMN GV 18 Kasterlee
84,Oudemolsedijk,2019-03-07,07:00:00,4,3,1,FMN GV 18 Kasterlee
84,Oudemolsedijk,2019-03-07,08:00:00,5,4,1,FMN GV 18 Kasterlee
84,Oudemolsedijk,2019-03-07,09:00:00,5,2,3,FMN GV 18 Kasterlee
84,Oudemolsedijk,2019-03-07,10:00:00,6,3,3,FMN GV 18 Kasterlee
84,Oudemolsedijk,2019-03-07,11:00:00,4,2,2,FMN GV 18 Kasterlee
84,Oudemolsedijk,2019-03-07,12:00:00,8,2,6,FMN GV 18 Kasterlee
84,Oudemolsedijk,2019-03-07,13:00:00,8,2,6,FMN GV 18 Kasterlee
84,Oudemolsedijk,2019-03-07,14:00:00,12,10,2,FMN GV 18 Kasterlee
84,Oudemolsedijk,2019-03-07,15:00:00,9,9,0,FMN GV 18 Kasterlee
84,Oudemolsedijk,2019-03-07,16:00:00,6,2,4,FMN GV 18 Kasterlee
84,Oudemolsedijk,2019-03-07,17:00:00,13,10,3,FMN GV 18 Kasterlee
84,Oudemolsedijk,2019-03-07,18:00:00,4,4,0,FMN GV 18 Kasterlee
84,Oudemolsedijk,2019-03-07,19:00:00,1,0,1,FMN GV 18 Kasterlee
84,Oudemolsedijk,2019-03-07,20:00:00,1,1,0,FMN GV 18 Kasterlee
84,Oudemolsedijk,2019-03-07,21:00:00,1,0,1,FMN GV 18 Kasterlee
84,Oudemolsedijk,2019-03-07,22:00:00,0,0,0,FMN GV 18 Kasterlee
84,Oudemolsedijk,2019-03-07,23:00:00,0,0,0,FMN GV 18 Kasterlee
84,Oudemolsedijk,2019-03-08,00:00:00,0,0,0,FMN GV 18 Kasterlee
84,Oudemolsedijk,2019-03-08,01:00:00,0,0,0,FMN GV 18 Kasterlee
84,Oudemolsedijk,2019-03-08,02:00:00,0,0,0,FMN GV 18 Kasterlee
84,Oudemolsedijk,2019-03-08,03:00:00,0,0,0,FMN GV 18 Kasterlee
84,Oudemolsedijk,2019-03-08,04:00:00,1,1,0,FMN GV 18 Kasterlee
84,Oudemolsedijk,2019-03-08,05:00:00,5,3,2,FMN GV 18 Kasterlee
84,Oudemolsedijk,2019-03-08,06:00:00,6,1,5,FMN GV 18 Kasterlee
84,Oudemolsedijk,2019-03-08,07:00:00,9,5,4,FMN GV 18 Kasterlee
84,Oudemolsedijk,2019-03-08,08:00:00,5,3,2,FMN GV 18 Kasterlee
84,Oudemolsedijk,2019-03-08,09:00:00,9,0,9,FMN GV 18 Kasterlee
84,Oudemolsedijk,2019-03-08,10:00:00,11,5,6,FMN GV 18 Kasterlee
84,Oudemolsedijk,2019-03-08,11:00:00,15,13,2,FMN GV 18 Kasterlee
84,Oudemolsedijk,2019-03-08,12:00:00,15,7,8,FMN GV 18 Kasterlee
84,Oudemolsedijk,2019-03-08,13:00:00,22,8,14,FMN GV 18 Kasterlee
84,Oudemolsedijk,2019-03-08,14:00:00,36,19,17,FMN GV 18 Kasterlee
84,Oudemolsedijk,2019-03-08,15:00:00,22,16,6,FMN GV 18 Kasterlee
84,Oudemolsedijk,2019-03-08,16:00:00,27,14,13,FMN GV 18 Kasterlee
84,Oudemolsedijk,2019-03-08,17:00:00,23,20,3,FMN GV 18 Kasterlee
84,Oudemolsedijk,2019-03-08,18:00:00,14,5,9,FMN GV 18 Kasterlee
84,Oudemolsedijk,2019-03-08,19:00:00,4,0,4,FMN GV 18 Kasterlee
84,Oudemolsedijk,2019-03-08,20:00:00,0,0,0,FMN GV 18 Kasterlee
84,Oudemolsedijk,2019-03-08,21:00:00,0,0,0,FMN GV 18 Kasterlee
84,Oudemolsedijk,2019-03-08,22:00:00,0,0,0,FMN GV 18 Kasterlee
84,Oudemolsedijk,2019-03-08,23:00:00,0,0,0,FMN GV 18 Kasterlee
84,Oudemolsedijk,2019-03-09,00:00:00,0,0,0,FMN GV 18 Kasterlee
84,Oudemolsedijk,2019-03-09,01:00:00,1,1,0,FMN GV 18 Kasterlee
84,Oudemolsedijk,2019-03-09,02:00:00,0,0,0,FMN GV 18 Kasterlee
84,Oudemolsedijk,2019-03-09,03:00:00,1,0,1,FMN GV 18 Kasterlee
84,Oudemolsedijk,2019-03-09,04:00:00,2,2,0,FMN GV 18 Kasterlee
84,Oudemolsedijk,2019-03-09,05:00:00,0,0,0,FMN GV 18 Kasterlee
84,Oudemolsedijk,2019-03-09,06:00:00,0,0,0,FMN GV 18 Kasterlee
84,Oudemolsedijk,2019-03-09,07:00:00,4,3,1,FMN GV 18 Kasterlee
84,Oudemolsedijk,2019-03-09,08:00:00,7,0,7,FMN GV 18 Kasterlee
84,Oudemolsedijk,2019-03-09,09:00:00,6,5,1,FMN GV 18 Kasterlee
84,Oudemolsedijk,2019-03-09,10:00:00,13,6,7,FMN GV 18 Kasterlee
84,Oudemolsedijk,2019-03-09,11:00:00,15,6,9,FMN GV 18 Kasterlee
84,Oudemolsedijk,2019-03-09,12:00:00,40,14,26,FMN GV 18 Kasterlee
84,Oudemolsedijk,2019-03-09,13:00:00,21,13,8,FMN GV 18 Kasterlee
84,Oudemolsedijk,2019-03-09,14:00:00,18,9,9,FMN GV 18 Kasterlee
84,Oudemolsedijk,2019-03-09,15:00:00,39,20,19,FMN GV 18 Kasterlee
84,Oudemolsedijk,2019-03-09,16:00:00,31,26,5,FMN GV 18 Kasterlee
84,Oudemolsedijk,2019-03-09,17:00:00,10,8,2,FMN GV 18 Kasterlee
84,Oudemolsedijk,2019-03-09,18:00:00,1,1,0,FMN GV 18 Kasterlee
84,Oudemolsedijk,2019-03-09,19:00:00,2,2,0,FMN GV 18 Kasterlee
84,Oudemolsedijk,2019-03-09,20:00:00,2,2,0,FMN GV 18 Kasterlee
84,Oudemolsedijk,2019-03-09,21:00:00,0,0,0,FMN GV 18 Kasterlee
84,Oudemolsedijk,2019-03-09,22:00:00,1,1,0,FMN GV 18 Kasterlee
84,Oudemolsedijk,2019-03-09,23:00:00,0,0,0,FMN GV 18 Kasterlee
84,Oudemolsedijk,2019-03-10,00:00:00,0,0,0,FMN GV 18 Kasterlee
84,Oudemolsedijk,2019-03-10,01:00:00,0,0,0,FMN GV 18 Kasterlee
84,Oudemolsedijk,2019-03-10,02:00:00,0,0,0,FMN GV 18 Kasterlee
84,Oudemolsedijk,2019-03-10,03:00:00,0,0,0,FMN GV 18 Kasterlee
84,Oudemolsedijk,2019-03-10,04:00:00,1,1,0,FMN GV 18 Kasterlee
84,Oudemolsedijk,2019-03-10,05:00:00,0,0,0,FMN GV 18 Kasterlee
84,Oudemolsedijk,2019-03-10,06:00:00,0,0,0,FMN GV 18 Kasterlee
84,Oudemolsedijk,2019-03-10,07:00:00,0,0,0,FMN GV 18 Kasterlee
84,Oudemolsedijk,2019-03-10,08:00:00,4,3,1,FMN GV 18 Kasterlee
84,Oudemolsedijk,2019-03-10,09:00:00,9,3,6,FMN GV 18 Kasterlee
84,Oudemolsedijk,2019-03-10,10:00:00,21,5,16,FMN GV 18 Kasterlee
84,Oudemolsedijk,2019-03-10,11:00:00,24,11,13,FMN GV 18 Kasterlee
84,Oudemolsedijk,2019-03-10,12:00:00,12,11,1,FMN GV 18 Kasterlee
84,Oudemolsedijk,2019-03-10,13:00:00,2,2,0,FMN GV 18 Kasterlee
84,Oudemolsedijk,2019-03-10,14:00:00,0,0,0,FMN GV 18 Kasterlee
84,Oudemolsedijk,2019-03-10,15:00:00,1,0,1,FMN GV 18 Kasterlee
84,Oudemolsedijk,2019-03-10,16:00:00,0,0,0,FMN GV 18 Kasterlee
84,Oudemolsedijk,2019-03-10,17:00:00,0,0,0,FMN GV 18 Kasterlee
84,Oudemolsedijk,2019-03-10,18:00:00,1,1,0,FMN GV 18 Kasterlee
84,Oudemolsedijk,2019-03-10,19:00:00,0,0,0,FMN GV 18 Kasterlee
84,Oudemolsedijk,2019-03-10,20:00:00,1,0,1,FMN GV 18 Kasterlee
84,Oudemolsedijk,2019-03-10,21:00:00,0,0,0,FMN GV 18 Kasterlee
84,Oudemolsedijk,2019-03-10,22:00:00,0,0,0,FMN GV 18 Kasterlee
84,Oudemolsedijk,2019-03-10,23:00:00,0,0,0,FMN GV 18 Kasterlee
84,Oudemolsedijk,2019-03-11,00:00:00,0,0,0,FMN GV 18 Kasterlee
84,Oudemolsedijk,2019-03-11,01:00:00,0,0,0,FMN GV 18 Kasterlee
84,Oudemolsedijk,2019-03-11,02:00:00,0,0,0,FMN GV 18 Kasterlee
84,Oudemolsedijk,2019-03-11,03:00:00,0,0,0,FMN GV 18 Kasterlee
84,Oudemolsedijk,2019-03-11,04:00:00,0,0,0,FMN GV 18 Kasterlee
84,Oudemolsedijk,2019-03-11,05:00:00,2,2,0,FMN GV 18 Kasterlee
84,Oudemolsedijk,2019-03-11,06:00:00,6,2,4,FMN GV 18 Kasterlee
84,Oudemolsedijk,2019-03-11,07:00:00,7,4,3,FMN GV 18 Kasterlee
84,Oudemolsedijk,2019-03-11,08:00:00,4,2,2,FMN GV 18 Kasterlee
84,Oudemolsedijk,2019-03-11,09:00:00,3,1,2,FMN GV 18 Kasterlee
84,Oudemolsedijk,2019-03-11,10:00:00,2,1,1,FMN GV 18 Kasterlee
84,Oudemolsedijk,2019-03-11,11:00:00,2,1,1,FMN GV 18 Kasterlee
84,Oudemolsedijk,2019-03-11,12:00:00,6,5,1,FMN GV 18 Kasterlee
84,Oudemolsedijk,2019-03-11,13:00:00,18,8,10,FMN GV 18 Kasterlee
84,Oudemolsedijk,2019-03-11,14:00:00,20,16,4,FMN GV 18 Kasterlee
84,Oudemolsedijk,2019-03-11,15:00:00,8,3,5,FMN GV 18 Kasterlee
84,Oudemolsedijk,2019-03-11,16:00:00,8,5,3,FMN GV 18 Kasterlee
84,Oudemolsedijk,2019-03-11,17:00:00,9,5,4,FMN GV 18 Kasterlee
84,Oudemolsedijk,2019-03-11,18:00:00,9,4,5,FMN GV 18 Kasterlee
84,Oudemolsedijk,2019-03-11,19:00:00,0,0,0,FMN GV 18 Kasterlee
84,Oudemolsedijk,2019-03-11,20:00:00,0,0,0,FMN GV 18 Kasterlee
84,Oudemolsedijk,2019-03-11,21:00:00,1,0,1,FMN GV 18 Kasterlee
84,Oudemolsedijk,2019-03-11,22:00:00,0,0,0,FMN GV 18 Kasterlee
84,Oudemolsedijk,2019-03-11,23:00:00,0,0,0,FMN GV 18 Kasterlee
84,Oudemolsedijk,2019-03-12,00:00:00,0,0,0,FMN GV 18 Kasterlee
84,Oudemolsedijk,2019-03-12,01:00:00,0,0,0,FMN GV 18 Kasterlee
84,Oudemolsedijk,2019-03-12,02:00:00,0,0,0,FMN GV 18 Kasterlee
84,Oudemolsedijk,2019-03-12,03:00:00,0,0,0,FMN GV 18 Kasterlee
84,Oudemolsedijk,2019-03-12,04:00:00,0,0,0,FMN GV 18 Kasterlee
84,Oudemolsedijk,2019-03-12,05:00:00,2,2,0,FMN GV 18 Kasterlee
84,Oudemolsedijk,2019-03-12,06:00:00,8,6,2,FMN GV 18 Kasterlee
84,Oudemolsedijk,2019-03-12,07:00:00,10,4,6,FMN GV 18 Kasterlee
84,Oudemolsedijk,2019-03-12,08:00:00,17,6,11,FMN GV 18 Kasterlee
84,Oudemolsedijk,2019-03-12,09:00:00,8,3,5,FMN GV 18 Kasterlee
84,Oudemolsedijk,2019-03-12,10:00:00,10,5,5,FMN GV 18 Kasterlee
84,Oudemolsedijk,2019-03-12,11:00:00,7,4,3,FMN GV 18 Kasterlee
84,Oudemolsedijk,2019-03-12,12:00:00,12,7,5,FMN GV 18 Kasterlee
84,Oudemolsedijk,2019-03-12,13:00:00,9,5,4,FMN GV 18 Kasterlee
84,Oudemolsedijk,2019-03-12,14:00:00,26,8,18,FMN GV 18 Kasterlee
84,Oudemolsedijk,2019-03-12,15:00:00,11,8,3,FMN GV 18 Kasterlee
84,Oudemolsedijk,2019-03-12,16:00:00,21,12,9,FMN GV 18 Kasterlee
84,Oudemolsedijk,2019-03-12,17:00:00,11,7,4,FMN GV 18 Kasterlee
84,Oudemolsedijk,2019-03-12,18:00:00,7,4,3,FMN GV 18 Kasterlee
84,Oudemolsedijk,2019-03-12,19:00:00,1,0,1,FMN GV 18 Kasterlee
84,Oudemolsedijk,2019-03-12,20:00:00,2,0,2,FMN GV 18 Kasterlee
84,Oudemolsedijk,2019-03-12,21:00:00,1,0,1,FMN GV 18 Kasterlee
84,Oudemolsedijk,2019-03-12,22:00:00,2,1,1,FMN GV 18 Kasterlee
84,Oudemolsedijk,2019-03-12,23:00:00,1,1,0,FMN GV 18 Kasterlee
84,Oudemolsedijk,2019-03-13,00:00:00,0,0,0,FMN GV 18 Kasterlee
84,Oudemolsedijk,2019-03-13,01:00:00,0,0,0,FMN GV 18 Kasterlee
84,Oudemolsedijk,2019-03-13,02:00:00,0,0,0,FMN GV 18 Kasterlee
84,Oudemolsedijk,2019-03-13,03:00:00,0,0,0,FMN GV 18 Kasterlee
84,Oudemolsedijk,2019-03-13,04:00:00,0,0,0,FMN GV 18 Kasterlee
84,Oudemolsedijk,2019-03-13,05:00:00,3,2,1,FMN GV 18 Kasterlee
84,Oudemolsedijk,2019-03-13,06:00:00,5,2,3,FMN GV 18 Kasterlee
84,Oudemolsedijk,2019-03-13,07:00:00,5,2,3,FMN GV 18 Kasterlee
84,Oudemolsedijk,2019-03-13,08:00:00,8,5,3,FMN GV 18 Kasterlee
84,Oudemolsedijk,2019-03-13,09:00:00,4,3,1,FMN GV 18 Kasterlee
84,Oudemolsedijk,2019-03-13,10:00:00,0,0,0,FMN GV 18 Kasterlee
84,Oudemolsedijk,2019-03-13,11:00:00,3,1,2,FMN GV 18 Kasterlee
84,Oudemolsedijk,2019-03-13,12:00:00,5,4,1,FMN GV 18 Kasterlee
84,Oudemolsedijk,2019-03-13,13:00:00,1,0,1,FMN GV 18 Kasterlee
84,Oudemolsedijk,2019-03-13,14:00:00,2,1,1,FMN GV 18 Kasterlee
84,Oudemolsedijk,2019-03-13,15:00:00,2,1,1,FMN GV 18 Kasterlee
84,Oudemolsedijk,2019-03-13,16:00:00,36,14,22,FMN GV 18 Kasterlee
84,Oudemolsedijk,2019-03-13,17:00:00,8,6,2,FMN GV 18 Kasterlee
84,Oudemolsedijk,2019-03-13,18:00:00,2,2,0,FMN GV 18 Kasterlee
84,Oudemolsedijk,2019-03-13,19:00:00,3,2,1,FMN GV 18 Kasterlee
84,Oudemolsedijk,2019-03-13,20:00:00,4,0,4,FMN GV 18 Kasterlee
84,Oudemolsedijk,2019-03-13,21:00:00,1,0,1,FMN GV 18 Kasterlee
84,Oudemolsedijk,2019-03-13,22:00:00,0,0,0,FMN GV 18 Kasterlee
84,Oudemolsedijk,2019-03-13,23:00:00,1,1,0,FMN GV 18 Kasterlee
84,Oudemolsedijk,2019-03-14,00:00:00,0,0,0,FMN GV 18 Kasterlee
84,Oudemolsedijk,2019-03-14,01:00:00,0,0,0,FMN GV 18 Kasterlee
84,Oudemolsedijk,2019-03-14,02:00:00,0,0,0,FMN GV 18 Kasterlee
84,Oudemolsedijk,2019-03-14,03:00:00,0,0,0,FMN GV 18 Kasterlee
84,Oudemolsedijk,2019-03-14,04:00:00,0,0,0,FMN GV 18 Kasterlee
84,Oudemolsedijk,2019-03-14,05:00:00,2,2,0,FMN GV 18 Kasterlee
84,Oudemolsedijk,2019-03-14,06:00:00,5,2,3,FMN GV 18 Kasterlee
84,Oudemolsedijk,2019-03-14,07:00:00,5,4,1,FMN GV 18 Kasterlee
84,Oudemolsedijk,2019-03-14,08:00:00,7,3,4,FMN GV 18 Kasterlee
84,Oudemolsedijk,2019-03-14,09:00:00,1,1,0,FMN GV 18 Kasterlee
84,Oudemolsedijk,2019-03-14,10:00:00,0,0,0,FMN GV 18 Kasterlee
84,Oudemolsedijk,2019-03-14,11:00:00,0,0,0,FMN GV 18 Kasterlee
84,Oudemolsedijk,2019-03-14,12:00:00,4,2,2,FMN GV 18 Kasterlee
84,Oudemolsedijk,2019-03-14,13:00:00,3,2,1,FMN GV 18 Kasterlee
84,Oudemolsedijk,2019-03-14,14:00:00,3,1,2,FMN GV 18 Kasterlee
84,Oudemolsedijk,2019-03-14,15:00:00,2,1,1,FMN GV 18 Kasterlee
84,Oudemolsedijk,2019-03-14,16:00:00,7,7,0,FMN GV 18 Kasterlee
84,Oudemolsedijk,2019-03-14,17:00:00,8,4,4,FMN GV 18 Kasterlee
84,Oudemolsedijk,2019-03-14,18:00:00,7,5,2,FMN GV 18 Kasterlee
84,Oudemolsedijk,2019-03-14,19:00:00,3,0,3,FMN GV 18 Kasterlee
84,Oudemolsedijk,2019-03-14,20:00:00,1,1,0,FMN GV 18 Kasterlee
84,Oudemolsedijk,2019-03-14,21:00:00,1,0,1,FMN GV 18 Kasterlee
84,Oudemolsedijk,2019-03-14,22:00:00,0,0,0,FMN GV 18 Kasterlee
84,Oudemolsedijk,2019-03-14,23:00:00,0,0,0,FMN GV 18 Kasterlee
84,Oudemolsedijk,2019-03-15,00:00:00,0,0,0,FMN GV 18 Kasterlee
84,Oudemolsedijk,2019-03-15,01:00:00,0,0,0,FMN GV 18 Kasterlee
84,Oudemolsedijk,2019-03-15,02:00:00,0,0,0,FMN GV 18 Kasterlee
84,Oudemolsedijk,2019-03-15,03:00:00,1,1,0,FMN GV 18 Kasterlee
84,Oudemolsedijk,2019-03-15,04:00:00,0,0,0,FMN GV 18 Kasterlee
84,Oudemolsedijk,2019-03-15,05:00:00,0,0,0,FMN GV 18 Kasterlee
84,Oudemolsedijk,2019-03-15,06:00:00,1,1,0,FMN GV 18 Kasterlee
84,Oudemolsedijk,2019-03-15,07:00:00,3,3,0,FMN GV 18 Kasterlee
84,Oudemolsedijk,2019-03-15,08:00:00,4,1,3,FMN GV 18 Kasterlee
84,Oudemolsedijk,2019-03-15,09:00:00,2,2,0,FMN GV 18 Kasterlee
84,Oudemolsedijk,2019-03-15,10:00:00,3,3,0,FMN GV 18 Kasterlee
84,Oudemolsedijk,2019-03-15,11:00:00,2,2,0,FMN GV 18 Kasterlee
84,Oudemolsedijk,2019-03-15,12:00:00,4,2,2,FMN GV 18 Kasterlee
84,Oudemolsedijk,2019-03-15,13:00:00,2,0,2,FMN GV 18 Kasterlee
84,Oudemolsedijk,2019-03-15,14:00:00,8,2,6,FMN GV 18 Kasterlee
84,Oudemolsedijk,2019-03-15,15:00:00,8,5,3,FMN GV 18 Kasterlee
84,Oudemolsedijk,2019-03-15,16:00:00,13,8,5,FMN GV 18 Kasterlee
84,Oudemolsedijk,2019-03-15,17:00:00,5,4,1,FMN GV 18 Kasterlee
84,Oudemolsedijk,2019-03-15,18:00:00,2,1,1,FMN GV 18 Kasterlee
84,Oudemolsedijk,2019-03-15,19:00:00,0,0,0,FMN GV 18 Kasterlee
84,Oudemolsedijk,2019-03-15,20:00:00,1,0,1,FMN GV 18 Kasterlee
84,Oudemolsedijk,2019-03-15,21:00:00,1,0,1,FMN GV 18 Kasterlee
84,Oudemolsedijk,2019-03-15,22:00:00,0,0,0,FMN GV 18 Kasterlee
84,Oudemolsedijk,2019-03-15,23:00:00,1,1,0,FMN GV 18 Kasterlee
84,Oudemolsedijk,2019-03-16,00:00:00,0,0,0,FMN GV 18 Kasterlee
84,Oudemolsedijk,2019-03-16,01:00:00,0,0,0,FMN GV 18 Kasterlee
84,Oudemolsedijk,2019-03-16,02:00:00,0,0,0,FMN GV 18 Kasterlee
84,Oudemolsedijk,2019-03-16,03:00:00,0,0,0,FMN GV 18 Kasterlee
84,Oudemolsedijk,2019-03-16,04:00:00,0,0,0,FMN GV 18 Kasterlee
84,Oudemolsedijk,2019-03-16,05:00:00,0,0,0,FMN GV 18 Kasterlee
84,Oudemolsedijk,2019-03-16,06:00:00,1,1,0,FMN GV 18 Kasterlee
84,Oudemolsedijk,2019-03-16,07:00:00,0,0,0,FMN GV 18 Kasterlee
84,Oudemolsedijk,2019-03-16,08:00:00,0,0,0,FMN GV 18 Kasterlee
84,Oudemolsedijk,2019-03-16,09:00:00,2,1,1,FMN GV 18 Kasterlee
84,Oudemolsedijk,2019-03-16,10:00:00,3,0,3,FMN GV 18 Kasterlee
84,Oudemolsedijk,2019-03-16,11:00:00,13,5,8,FMN GV 18 Kasterlee
84,Oudemolsedijk,2019-03-16,12:00:00,17,6,11,FMN GV 18 Kasterlee
84,Oudemolsedijk,2019-03-16,13:00:00,37,18,19,FMN GV 18 Kasterlee
84,Oudemolsedijk,2019-03-16,14:00:00,55,41,14,FMN GV 18 Kasterlee
84,Oudemolsedijk,2019-03-16,15:00:00,50,36,14,FMN GV 18 Kasterlee
84,Oudemolsedijk,2019-03-16,16:00:00,18,14,4,FMN GV 18 Kasterlee
84,Oudemolsedijk,2019-03-16,17:00:00,10,10,0,FMN GV 18 Kasterlee
84,Oudemolsedijk,2019-03-16,18:00:00,5,5,0,FMN GV 18 Kasterlee
84,Oudemolsedijk,2019-03-16,19:00:00,1,1,0,FMN GV 18 Kasterlee
84,Oudemolsedijk,2019-03-16,20:00:00,7,7,0,FMN GV 18 Kasterlee
84,Oudemolsedijk,2019-03-16,21:00:00,0,0,0,FMN GV 18 Kasterlee
84,Oudemolsedijk,2019-03-16,22:00:00,2,0,2,FMN GV 18 Kasterlee
84,Oudemolsedijk,2019-03-16,23:00:00,2,0,2,FMN GV 18 Kasterlee
84,Oudemolsedijk,2019-03-17,00:00:00,0,0,0,FMN GV 18 Kasterlee
84,Oudemolsedijk,2019-03-17,01:00:00,1,0,1,FMN GV 18 Kasterlee
84,Oudemolsedijk,2019-03-17,02:00:00,0,0,0,FMN GV 18 Kasterlee
84,Oudemolsedijk,2019-03-17,03:00:00,0,0,0,FMN GV 18 Kasterlee
84,Oudemolsedijk,2019-03-17,04:00:00,0,0,0,FMN GV 18 Kasterlee
84,Oudemolsedijk,2019-03-17,05:00:00,0,0,0,FMN GV 18 Kasterlee
84,Oudemolsedijk,2019-03-17,06:00:00,2,0,2,FMN GV 18 Kasterlee
84,Oudemolsedijk,2019-03-17,07:00:00,4,2,2,FMN GV 18 Kasterlee
84,Oudemolsedijk,2019-03-17,08:00:00,5,4,1,FMN GV 18 Kasterlee
84,Oudemolsedijk,2019-03-17,09:00:00,29,15,14,FMN GV 18 Kasterlee
84,Oudemolsedijk,2019-03-17,10:00:00,52,26,26,FMN GV 18 Kasterlee
84,Oudemolsedijk,2019-03-17,11:00:00,61,40,21,FMN GV 18 Kasterlee
84,Oudemolsedijk,2019-03-17,12:00:00,9,5,4,FMN GV 18 Kasterlee
84,Oudemolsedijk,2019-03-17,13:00:00,10,7,3,FMN GV 18 Kasterlee
84,Oudemolsedijk,2019-03-17,14:00:00,8,4,4,FMN GV 18 Kasterlee
84,Oudemolsedijk,2019-03-17,15:00:00,8,6,2,FMN GV 18 Kasterlee
84,Oudemolsedijk,2019-03-17,16:00:00,12,10,2,FMN GV 18 Kasterlee
84,Oudemolsedijk,2019-03-17,17:00:00,3,2,1,FMN GV 18 Kasterlee
84,Oudemolsedijk,2019-03-17,18:00:00,3,3,0,FMN GV 18 Kasterlee
84,Oudemolsedijk,2019-03-17,19:00:00,3,0,3,FMN GV 18 Kasterlee
84,Oudemolsedijk,2019-03-17,20:00:00,0,0,0,FMN GV 18 Kasterlee
84,Oudemolsedijk,2019-03-17,21:00:00,1,0,1,FMN GV 18 Kasterlee
84,Oudemolsedijk,2019-03-17,22:00:00,0,0,0,FMN GV 18 Kasterlee
84,Oudemolsedijk,2019-03-17,23:00:00,0,0,0,FMN GV 18 Kasterlee
84,Oudemolsedijk,2019-03-18,00:00:00,0,0,0,FMN GV 18 Kasterlee
84,Oudemolsedijk,2019-03-18,01:00:00,0,0,0,FMN GV 18 Kasterlee
84,Oudemolsedijk,2019-03-18,02:00:00,0,0,0,FMN GV 18 Kasterlee
84,Oudemolsedijk,2019-03-18,03:00:00,0,0,0,FMN GV 18 Kasterlee
84,Oudemolsedijk,2019-03-18,04:00:00,1,1,0,FMN GV 18 Kasterlee
84,Oudemolsedijk,2019-03-18,05:00:00,3,3,0,FMN GV 18 Kasterlee
84,Oudemolsedijk,2019-03-18,06:00:00,9,3,6,FMN GV 18 Kasterlee
84,Oudemolsedijk,2019-03-18,07:00:00,8,4,4,FMN GV 18 Kasterlee
84,Oudemolsedijk,2019-03-18,08:00:00,12,6,6,FMN GV 18 Kasterlee
84,Oudemolsedijk,2019-03-18,09:00:00,4,3,1,FMN GV 18 Kasterlee
84,Oudemolsedijk,2019-03-18,10:00:00,5,2,3,FMN GV 18 Kasterlee
84,Oudemolsedijk,2019-03-18,11:00:00,11,10,1,FMN GV 18 Kasterlee
84,Oudemolsedijk,2019-03-18,12:00:00,10,9,1,FMN GV 18 Kasterlee
84,Oudemolsedijk,2019-03-18,13:00:00,19,11,8,FMN GV 18 Kasterlee
84,Oudemolsedijk,2019-03-18,14:00:00,12,8,4,FMN GV 18 Kasterlee
84,Oudemolsedijk,2019-03-18,15:00:00,13,8,5,FMN GV 18 Kasterlee
84,Oudemolsedijk,2019-03-18,16:00:00,38,24,14,FMN GV 18 Kasterlee
84,Oudemolsedijk,2019-03-18,17:00:00,17,9,8,FMN GV 18 Kasterlee
84,Oudemolsedijk,2019-03-18,18:00:00,15,11,4,FMN GV 18 Kasterlee
84,Oudemolsedijk,2019-03-18,19:00:00,5,2,3,FMN GV 18 Kasterlee
84,Oudemolsedijk,2019-03-18,20:00:00,2,0,2,FMN GV 18 Kasterlee
84,Oudemolsedijk,2019-03-18,21:00:00,3,2,1,FMN GV 18 Kasterlee
84,Oudemolsedijk,2019-03-18,22:00:00,0,0,0,FMN GV 18 Kasterlee
84,Oudemolsedijk,2019-03-18,23:00:00,0,0,0,FMN GV 18 Kasterlee
84,Oudemolsedijk,2019-03-19,00:00:00,0,0,0,FMN GV 18 Kasterlee
84,Oudemolsedijk,2019-03-19,01:00:00,0,0,0,FMN GV 18 Kasterlee
84,Oudemolsedijk,2019-03-19,02:00:00,0,0,0,FMN GV 18 Kasterlee
84,Oudemolsedijk,2019-03-19,03:00:00,0,0,0,FMN GV 18 Kasterlee
84,Oudemolsedijk,2019-03-19,04:00:00,1,1,0,FMN GV 18 Kasterlee
84,Oudemolsedijk,2019-03-19,05:00:00,4,4,0,FMN GV 18 Kasterlee
84,Oudemolsedijk,2019-03-19,06:00:00,13,9,4,FMN GV 18 Kasterlee
84,Oudemolsedijk,2019-03-19,07:00:00,18,9,9,FMN GV 18 Kasterlee
84,Oudemolsedijk,2019-03-19,08:00:00,18,10,8,FMN GV 18 Kasterlee
84,Oudemolsedijk,2019-03-19,09:00:00,12,4,8,FMN GV 18 Kasterlee
84,Oudemolsedijk,2019-03-19,10:00:00,20,15,5,FMN GV 18 Kasterlee
84,Oudemolsedijk,2019-03-19,11:00:00,16,13,3,FMN GV 18 Kasterlee
84,Oudemolsedijk,2019-03-19,12:00:00,14,9,5,FMN GV 18 Kasterlee
84,Oudemolsedijk,2019-03-19,13:00:00,71,13,58,FMN GV 18 Kasterlee
84,Oudemolsedijk,2019-03-19,14:00:00,101,74,27,FMN GV 18 Kasterlee
84,Oudemolsedijk,2019-03-19,15:00:00,56,45,11,FMN GV 18 Kasterlee
84,Oudemolsedijk,2019-03-19,16:00:00,46,28,18,FMN GV 18 Kasterlee
84,Oudemolsedijk,2019-03-19,17:00:00,25,15,10,FMN GV 18 Kasterlee
84,Oudemolsedijk,2019-03-19,18:00:00,9,6,3,FMN GV 18 Kasterlee
84,Oudemolsedijk,2019-03-19,19:00:00,14,3,11,FMN GV 18 Kasterlee
84,Oudemolsedijk,2019-03-19,20:00:00,3,1,2,FMN GV 18 Kasterlee
84,Oudemolsedijk,2019-03-19,21:00:00,1,1,0,FMN GV 18 Kasterlee
84,Oudemolsedijk,2019-03-19,22:00:00,3,2,1,FMN GV 18 Kasterlee
84,Oudemolsedijk,2019-03-19,23:00:00,1,1,0,FMN GV 18 Kasterlee
84,Oudemolsedijk,2019-03-20,00:00:00,0,0,0,FMN GV 18 Kasterlee
84,Oudemolsedijk,2019-03-20,01:00:00,0,0,0,FMN GV 18 Kasterlee
84,Oudemolsedijk,2019-03-20,02:00:00,0,0,0,FMN GV 18 Kasterlee
84,Oudemolsedijk,2019-03-20,03:00:00,0,0,0,FMN GV 18 Kasterlee
84,Oudemolsedijk,2019-03-20,04:00:00,1,1,0,FMN GV 18 Kasterlee
84,Oudemolsedijk,2019-03-20,05:00:00,3,3,0,FMN GV 18 Kasterlee
84,Oudemolsedijk,2019-03-20,06:00:00,9,5,4,FMN GV 18 Kasterlee
84,Oudemolsedijk,2019-03-20,07:00:00,15,8,7,FMN GV 18 Kasterlee
84,Oudemolsedijk,2019-03-20,08:00:00,14,9,5,FMN GV 18 Kasterlee
84,Oudemolsedijk,2019-03-20,09:00:00,9,3,6,FMN GV 18 Kasterlee
84,Oudemolsedijk,2019-03-20,10:00:00,7,3,4,FMN GV 18 Kasterlee
84,Oudemolsedijk,2019-03-20,11:00:00,24,13,11,FMN GV 18 Kasterlee
84,Oudemolsedijk,2019-03-20,12:00:00,16,10,6,FMN GV 18 Kasterlee
84,Oudemolsedijk,2019-03-20,13:00:00,39,19,20,FMN GV 18 Kasterlee
84,Oudemolsedijk,2019-03-20,14:00:00,77,42,35,FMN GV 18 Kasterlee
84,Oudemolsedijk,2019-03-20,15:00:00,40,20,20,FMN GV 18 Kasterlee
84,Oudemolsedijk,2019-03-20,16:00:00,35,19,16,FMN GV 18 Kasterlee
84,Oudemolsedijk,2019-03-20,17:00:00,22,9,13,FMN GV 18 Kasterlee
84,Oudemolsedijk,2019-03-20,18:00:00,10,6,4,FMN GV 18 Kasterlee
84,Oudemolsedijk,2019-03-20,19:00:00,12,10,2,FMN GV 18 Kasterlee
84,Oudemolsedijk,2019-03-20,20:00:00,14,12,2,FMN GV 18 Kasterlee
84,Oudemolsedijk,2019-03-20,21:00:00,0,0,0,FMN GV 18 Kasterlee
84,Oudemolsedijk,2019-03-20,22:00:00,0,0,0,FMN GV 18 Kasterlee
84,Oudemolsedijk,2019-03-20,23:00:00,2,2,0,FMN GV 18 Kasterlee
84,Oudemolsedijk,2019-03-21,00:00:00,0,0,0,FMN GV 18 Kasterlee
84,Oudemolsedijk,2019-03-21,01:00:00,0,0,0,FMN GV 18 Kasterlee
84,Oudemolsedijk,2019-03-21,02:00:00,0,0,0,FMN GV 18 Kasterlee
84,Oudemolsedijk,2019-03-21,03:00:00,0,0,0,FMN GV 18 Kasterlee
84,Oudemolsedijk,2019-03-21,04:00:00,1,1,0,FMN GV 18 Kasterlee
84,Oudemolsedijk,2019-03-21,05:00:00,4,4,0,FMN GV 18 Kasterlee
84,Oudemolsedijk,2019-03-21,06:00:00,12,5,7,FMN GV 18 Kasterlee
84,Oudemolsedijk,2019-03-21,07:00:00,20,13,7,FMN GV 18 Kasterlee
84,Oudemolsedijk,2019-03-21,08:00:00,24,17,7,FMN GV 18 Kasterlee
84,Oudemolsedijk,2019-03-21,09:00:00,19,8,11,FMN GV 18 Kasterlee
84,Oudemolsedijk,2019-03-21,10:00:00,13,5,8,FMN GV 18 Kasterlee
84,Oudemolsedijk,2019-03-21,11:00:00,14,10,4,FMN GV 18 Kasterlee
84,Oudemolsedijk,2019-03-21,12:00:00,19,6,13,FMN GV 18 Kasterlee
84,Oudemolsedijk,2019-03-21,13:00:00,47,23,24,FMN GV 18 Kasterlee
84,Oudemolsedijk,2019-03-21,14:00:00,121,76,45,FMN GV 18 Kasterlee
84,Oudemolsedijk,2019-03-21,15:00:00,58,28,30,FMN GV 18 Kasterlee
84,Oudemolsedijk,2019-03-21,16:00:00,55,32,23,FMN GV 18 Kasterlee
84,Oudemolsedijk,2019-03-21,17:00:00,40,24,16,FMN GV 18 Kasterlee
84,Oudemolsedijk,2019-03-21,18:00:00,15,9,6,FMN GV 18 Kasterlee
84,Oudemolsedijk,2019-03-21,19:00:00,4,3,1,FMN GV 18 Kasterlee
84,Oudemolsedijk,2019-03-21,20:00:00,1,0,1,FMN GV 18 Kasterlee
84,Oudemolsedijk,2019-03-21,21:00:00,1,0,1,FMN GV 18 Kasterlee
84,Oudemolsedijk,2019-03-21,22:00:00,2,1,1,FMN GV 18 Kasterlee
84,Oudemolsedijk,2019-03-21,23:00:00,0,0,0,FMN GV 18 Kasterlee
84,Oudemolsedijk,2019-03-22,00:00:00,2,2,0,FMN GV 18 Kasterlee
84,Oudemolsedijk,2019-03-22,01:00:00,0,0,0,FMN GV 18 Kasterlee
84,Oudemolsedijk,2019-03-22,02:00:00,0,0,0,FMN GV 18 Kasterlee
84,Oudemolsedijk,2019-03-22,03:00:00,0,0,0,FMN GV 18 Kasterlee
84,Oudemolsedijk,2019-03-22,04:00:00,2,2,0,FMN GV 18 Kasterlee
84,Oudemolsedijk,2019-03-22,05:00:00,3,3,0,FMN GV 18 Kasterlee
84,Oudemolsedijk,2019-03-22,06:00:00,16,8,8,FMN GV 18 Kasterlee
84,Oudemolsedijk,2019-03-22,07:00:00,16,9,7,FMN GV 18 Kasterlee
84,Oudemolsedijk,2019-03-22,08:00:00,17,11,6,FMN GV 18 Kasterlee
84,Oudemolsedijk,2019-03-22,09:00:00,26,2,24,FMN GV 18 Kasterlee
84,Oudemolsedijk,2019-03-22,10:00:00,11,6,5,FMN GV 18 Kasterlee
84,Oudemolsedijk,2019-03-22,11:00:00,13,11,2,FMN GV 18 Kasterlee
84,Oudemolsedijk,2019-03-22,12:00:00,27,14,13,FMN GV 18 Kasterlee
84,Oudemolsedijk,2019-03-22,13:00:00,96,40,56,FMN GV 18 Kasterlee
84,Oudemolsedijk,2019-03-22,14:00:00,97,53,44,FMN GV 18 Kasterlee
84,Oudemolsedijk,2019-03-22,15:00:00,124,95,29,FMN GV 18 Kasterlee
84,Oudemolsedijk,2019-03-22,16:00:00,105,62,43,FMN GV 18 Kasterlee
84,Oudemolsedijk,2019-03-22,17:00:00,40,26,14,FMN GV 18 Kasterlee
84,Oudemolsedijk,2019-03-22,18:00:00,17,12,5,FMN GV 18 Kasterlee
84,Oudemolsedijk,2019-03-22,19:00:00,6,5,1,FMN GV 18 Kasterlee
84,Oudemolsedijk,2019-03-22,20:00:00,2,2,0,FMN GV 18 Kasterlee
84,Oudemolsedijk,2019-03-22,21:00:00,2,2,0,FMN GV 18 Kasterlee
84,Oudemolsedijk,2019-03-22,22:00:00,0,0,0,FMN GV 18 Kasterlee
84,Oudemolsedijk,2019-03-22,23:00:00,0,0,0,FMN GV 18 Kasterlee
84,Oudemolsedijk,2019-03-23,00:00:00,0,0,0,FMN GV 18 Kasterlee
84,Oudemolsedijk,2019-03-23,01:00:00,1,1,0,FMN GV 18 Kasterlee
84,Oudemolsedijk,2019-03-23,02:00:00,0,0,0,FMN GV 18 Kasterlee
84,Oudemolsedijk,2019-03-23,03:00:00,0,0,0,FMN GV 18 Kasterlee
84,Oudemolsedijk,2019-03-23,04:00:00,0,0,0,FMN GV 18 Kasterlee
84,Oudemolsedijk,2019-03-23,05:00:00,0,0,0,FMN GV 18 Kasterlee
84,Oudemolsedijk,2019-03-23,06:00:00,2,1,1,FMN GV 18 Kasterlee
84,Oudemolsedijk,2019-03-23,07:00:00,2,0,2,FMN GV 18 Kasterlee
84,Oudemolsedijk,2019-03-23,08:00:00,7,7,0,FMN GV 18 Kasterlee
84,Oudemolsedijk,2019-03-23,09:00:00,43,16,27,FMN GV 18 Kasterlee
84,Oudemolsedijk,2019-03-23,10:00:00,22,11,11,FMN GV 18 Kasterlee
84,Oudemolsedijk,2019-03-23,11:00:00,30,22,8,FMN GV 18 Kasterlee
84,Oudemolsedijk,2019-03-23,12:00:00,23,13,10,FMN GV 18 Kasterlee
84,Oudemolsedijk,2019-03-23,13:00:00,60,28,32,FMN GV 18 Kasterlee
84,Oudemolsedijk,2019-03-23,14:00:00,65,33,32,FMN GV 18 Kasterlee
84,Oudemolsedijk,2019-03-23,15:00:00,41,15,26,FMN GV 18 Kasterlee
84,Oudemolsedijk,2019-03-23,16:00:00,15,7,8,FMN GV 18 Kasterlee
84,Oudemolsedijk,2019-03-23,17:00:00,5,5,0,FMN GV 18 Kasterlee
84,Oudemolsedijk,2019-03-23,18:00:00,4,3,1,FMN GV 18 Kasterlee
84,Oudemolsedijk,2019-03-23,19:00:00,1,1,0,FMN GV 18 Kasterlee
84,Oudemolsedijk,2019-03-23,20:00:00,0,0,0,FMN GV 18 Kasterlee
84,Oudemolsedijk,2019-03-23,21:00:00,0,0,0,FMN GV 18 Kasterlee
84,Oudemolsedijk,2019-03-23,22:00:00,0,0,0,FMN GV 18 Kasterlee
84,Oudemolsedijk,2019-03-23,23:00:00,0,0,0,FMN GV 18 Kasterlee
84,Oudemolsedijk,2019-03-24,00:00:00,0,0,0,FMN GV 18 Kasterlee
84,Oudemolsedijk,2019-03-24,01:00:00,0,0,0,FMN GV 18 Kasterlee
84,Oudemolsedijk,2019-03-24,02:00:00,0,0,0,FMN GV 18 Kasterlee
84,Oudemolsedijk,2019-03-24,03:00:00,0,0,0,FMN GV 18 Kasterlee
84,Oudemolsedijk,2019-03-24,04:00:00,1,0,1,FMN GV 18 Kasterlee
84,Oudemolsedijk,2019-03-24,05:00:00,0,0,0,FMN GV 18 Kasterlee
84,Oudemolsedijk,2019-03-24,06:00:00,1,0,1,FMN GV 18 Kasterlee
84,Oudemolsedijk,2019-03-24,07:00:00,8,3,5,FMN GV 18 Kasterlee
84,Oudemolsedijk,2019-03-24,08:00:00,23,8,15,FMN GV 18 Kasterlee
84,Oudemolsedijk,2019-03-24,09:00:00,70,56,14,FMN GV 18 Kasterlee
84,Oudemolsedijk,2019-03-24,10:00:00,92,49,43,FMN GV 18 Kasterlee
84,Oudemolsedijk,2019-03-24,11:00:00,113,53,60,FMN GV 18 Kasterlee
84,Oudemolsedijk,2019-03-24,12:00:00,54,37,17,FMN GV 18 Kasterlee
84,Oudemolsedijk,2019-03-24,13:00:00,86,45,41,FMN GV 18 Kasterlee
84,Oudemolsedijk,2019-03-24,14:00:00,101,51,50,FMN GV 18 Kasterlee
84,Oudemolsedijk,2019-03-24,15:00:00,93,53,40,FMN GV 18 Kasterlee
84,Oudemolsedijk,2019-03-24,16:00:00,43,17,26,FMN GV 18 Kasterlee
84,Oudemolsedijk,2019-03-24,17:00:00,49,37,12,FMN GV 18 Kasterlee
84,Oudemolsedijk,2019-03-24,18:00:00,12,6,6,FMN GV 18 Kasterlee
84,Oudemolsedijk,2019-03-24,19:00:00,4,2,2,FMN GV 18 Kasterlee
84,Oudemolsedijk,2019-03-24,20:00:00,0,0,0,FMN GV 18 Kasterlee
84,Oudemolsedijk,2019-03-24,21:00:00,2,2,0,FMN GV 18 Kasterlee
84,Oudemolsedijk,2019-03-24,22:00:00,0,0,0,FMN GV 18 Kasterlee
84,Oudemolsedijk,2019-03-24,23:00:00,0,0,0,FMN GV 18 Kasterlee
84,Oudemolsedijk,2019-03-25,00:00:00,1,1,0,FMN GV 18 Kasterlee
84,Oudemolsedijk,2019-03-25,01:00:00,0,0,0,FMN GV 18 Kasterlee
84,Oudemolsedijk,2019-03-25,02:00:00,0,0,0,FMN GV 18 Kasterlee
84,Oudemolsedijk,2019-03-25,03:00:00,0,0,0,FMN GV 18 Kasterlee
84,Oudemolsedijk,2019-03-25,04:00:00,0,0,0,FMN GV 18 Kasterlee
84,Oudemolsedijk,2019-03-25,05:00:00,1,1,0,FMN GV 18 Kasterlee
84,Oudemolsedijk,2019-03-25,06:00:00,9,4,5,FMN GV 18 Kasterlee
84,Oudemolsedijk,2019-03-25,07:00:00,13,7,6,FMN GV 18 Kasterlee
84,Oudemolsedijk,2019-03-25,08:00:00,15,8,7,FMN GV 18 Kasterlee
84,Oudemolsedijk,2019-03-25,09:00:00,53,8,45,FMN GV 18 Kasterlee
84,Oudemolsedijk,2019-03-25,10:00:00,7,6,1,FMN GV 18 Kasterlee
84,Oudemolsedijk,2019-03-25,11:00:00,5,3,2,FMN GV 18 Kasterlee
84,Oudemolsedijk,2019-03-25,12:00:00,7,4,3,FMN GV 18 Kasterlee
84,Oudemolsedijk,2019-03-25,13:00:00,0,0,0,FMN GV 18 Kasterlee
84,Oudemolsedijk,2019-03-25,14:00:00,10,6,4,FMN GV 18 Kasterlee
84,Oudemolsedijk,2019-03-25,15:00:00,53,50,3,FMN GV 18 Kasterlee
84,Oudemolsedijk,2019-03-25,16:00:00,15,9,6,FMN GV 18 Kasterlee
84,Oudemolsedijk,2019-03-25,17:00:00,23,13,10,FMN GV 18 Kasterlee
84,Oudemolsedijk,2019-03-25,18:00:00,4,1,3,FMN GV 18 Kasterlee
84,Oudemolsedijk,2019-03-25,19:00:00,3,1,2,FMN GV 18 Kasterlee
84,Oudemolsedijk,2019-03-25,20:00:00,0,0,0,FMN GV 18 Kasterlee
84,Oudemolsedijk,2019-03-25,21:00:00,3,2,1,FMN GV 18 Kasterlee
84,Oudemolsedijk,2019-03-25,22:00:00,0,0,0,FMN GV 18 Kasterlee
84,Oudemolsedijk,2019-03-25,23:00:00,0,0,0,FMN GV 18 Kasterlee
84,Oudemolsedijk,2019-03-26,00:00:00,0,0,0,FMN GV 18 Kasterlee
84,Oudemolsedijk,2019-03-26,01:00:00,0,0,0,FMN GV 18 Kasterlee
84,Oudemolsedijk,2019-03-26,02:00:00,0,0,0,FMN GV 18 Kasterlee
84,Oudemolsedijk,2019-03-26,03:00:00,0,0,0,FMN GV 18 Kasterlee
84,Oudemolsedijk,2019-03-26,04:00:00,0,0,0,FMN GV 18 Kasterlee
84,Oudemolsedijk,2019-03-26,05:00:00,1,1,0,FMN GV 18 Kasterlee
84,Oudemolsedijk,2019-03-26,06:00:00,14,5,9,FMN GV 18 Kasterlee
84,Oudemolsedijk,2019-03-26,07:00:00,17,8,9,FMN GV 18 Kasterlee
84,Oudemolsedijk,2019-03-26,08:00:00,18,12,6,FMN GV 18 Kasterlee
84,Oudemolsedijk,2019-03-26,09:00:00,13,7,6,FMN GV 18 Kasterlee
84,Oudemolsedijk,2019-03-26,10:00:00,31,13,18,FMN GV 18 Kasterlee
84,Oudemolsedijk,2019-03-26,11:00:00,7,3,4,FMN GV 18 Kasterlee
84,Oudemolsedijk,2019-03-26,12:00:00,25,6,19,FMN GV 18 Kasterlee
84,Oudemolsedijk,2019-03-26,13:00:00,32,24,8,FMN GV 18 Kasterlee
84,Oudemolsedijk,2019-03-26,14:00:00,63,49,14,FMN GV 18 Kasterlee
84,Oudemolsedijk,2019-03-26,15:00:00,40,17,23,FMN GV 18 Kasterlee
84,Oudemolsedijk,2019-03-26,16:00:00,28,15,13,FMN GV 18 Kasterlee
84,Oudemolsedijk,2019-03-26,17:00:00,33,20,13,FMN GV 18 Kasterlee
84,Oudemolsedijk,2019-03-26,18:00:00,13,8,5,FMN GV 18 Kasterlee
84,Oudemolsedijk,2019-03-26,19:00:00,15,3,12,FMN GV 18 Kasterlee
84,Oudemolsedijk,2019-03-26,20:00:00,2,0,2,FMN GV 18 Kasterlee
84,Oudemolsedijk,2019-03-26,21:00:00,3,2,1,FMN GV 18 Kasterlee
84,Oudemolsedijk,2019-03-26,22:00:00,3,1,2,FMN GV 18 Kasterlee
84,Oudemolsedijk,2019-03-26,23:00:00,2,2,0,FMN GV 18 Kasterlee
84,Oudemolsedijk,2019-03-27,00:00:00,0,0,0,FMN GV 18 Kasterlee
84,Oudemolsedijk,2019-03-27,01:00:00,0,0,0,FMN GV 18 Kasterlee
84,Oudemolsedijk,2019-03-27,02:00:00,0,0,0,FMN GV 18 Kasterlee
84,Oudemolsedijk,2019-03-27,03:00:00,0,0,0,FMN GV 18 Kasterlee
84,Oudemolsedijk,2019-03-27,04:00:00,0,0,0,FMN GV 18 Kasterlee
84,Oudemolsedijk,2019-03-27,05:00:00,1,1,0,FMN GV 18 Kasterlee
84,Oudemolsedijk,2019-03-27,06:00:00,15,6,9,FMN GV 18 Kasterlee
84,Oudemolsedijk,2019-03-27,07:00:00,14,10,4,FMN GV 18 Kasterlee
84,Oudemolsedijk,2019-03-27,08:00:00,18,11,7,FMN GV 18 Kasterlee
84,Oudemolsedijk,2019-03-27,09:00:00,57,31,26,FMN GV 18 Kasterlee
84,Oudemolsedijk,2019-03-27,10:00:00,19,14,5,FMN GV 18 Kasterlee
84,Oudemolsedijk,2019-03-27,11:00:00,11,6,5,FMN GV 18 Kasterlee
84,Oudemolsedijk,2019-03-27,12:00:00,26,9,17,FMN GV 18 Kasterlee
84,Oudemolsedijk,2019-03-27,13:00:00,24,17,7,FMN GV 18 Kasterlee
84,Oudemolsedijk,2019-03-27,14:00:00,49,23,26,FMN GV 18 Kasterlee
84,Oudemolsedijk,2019-03-27,15:00:00,37,23,14,FMN GV 18 Kasterlee
84,Oudemolsedijk,2019-03-27,16:00:00,29,17,12,FMN GV 18 Kasterlee
84,Oudemolsedijk,2019-03-27,17:00:00,23,16,7,FMN GV 18 Kasterlee
84,Oudemolsedijk,2019-03-27,18:00:00,18,6,12,FMN GV 18 Kasterlee
84,Oudemolsedijk,2019-03-27,19:00:00,13,9,4,FMN GV 18 Kasterlee
84,Oudemolsedijk,2019-03-27,20:00:00,37,22,15,FMN GV 18 Kasterlee
84,Oudemolsedijk,2019-03-27,21:00:00,1,0,1,FMN GV 18 Kasterlee
84,Oudemolsedijk,2019-03-27,22:00:00,3,2,1,FMN GV 18 Kasterlee
84,Oudemolsedijk,2019-03-27,23:00:00,1,1,0,FMN GV 18 Kasterlee
84,Oudemolsedijk,2019-03-28,00:00:00,0,0,0,FMN GV 18 Kasterlee
84,Oudemolsedijk,2019-03-28,01:00:00,0,0,0,FMN GV 18 Kasterlee
84,Oudemolsedijk,2019-03-28,02:00:00,0,0,0,FMN GV 18 Kasterlee
84,Oudemolsedijk,2019-03-28,03:00:00,0,0,0,FMN GV 18 Kasterlee
84,Oudemolsedijk,2019-03-28,04:00:00,1,1,0,FMN GV 18 Kasterlee
84,Oudemolsedijk,2019-03-28,05:00:00,2,2,0,FMN GV 18 Kasterlee
84,Oudemolsedijk,2019-03-28,06:00:00,17,13,4,FMN GV 18 Kasterlee
84,Oudemolsedijk,2019-03-28,07:00:00,20,13,7,FMN GV 18 Kasterlee
84,Oudemolsedijk,2019-03-28,08:00:00,22,14,8,FMN GV 18 Kasterlee
84,Oudemolsedijk,2019-03-28,09:00:00,22,3,19,FMN GV 18 Kasterlee
84,Oudemolsedijk,2019-03-28,10:00:00,14,8,6,FMN GV 18 Kasterlee
84,Oudemolsedijk,2019-03-28,11:00:00,14,3,11,FMN GV 18 Kasterlee
84,Oudemolsedijk,2019-03-28,12:00:00,14,6,8,FMN GV 18 Kasterlee
84,Oudemolsedijk,2019-03-28,13:00:00,44,19,25,FMN GV 18 Kasterlee
84,Oudemolsedijk,2019-03-28,14:00:00,64,44,20,FMN GV 18 Kasterlee
84,Oudemolsedijk,2019-03-28,15:00:00,49,24,25,FMN GV 18 Kasterlee
84,Oudemolsedijk,2019-03-28,16:00:00,65,45,20,FMN GV 18 Kasterlee
84,Oudemolsedijk,2019-03-28,17:00:00,22,13,9,FMN GV 18 Kasterlee
84,Oudemolsedijk,2019-03-28,18:00:00,20,12,8,FMN GV 18 Kasterlee
84,Oudemolsedijk,2019-03-28,19:00:00,5,0,5,FMN GV 18 Kasterlee
84,Oudemolsedijk,2019-03-28,20:00:00,3,1,2,FMN GV 18 Kasterlee
84,Oudemolsedijk,2019-03-28,21:00:00,3,1,2,FMN GV 18 Kasterlee
84,Oudemolsedijk,2019-03-28,22:00:00,0,0,0,FMN GV 18 Kasterlee
84,Oudemolsedijk,2019-03-28,23:00:00,0,0,0,FMN GV 18 Kasterlee
84,Oudemolsedijk,2019-03-29,00:00:00,0,0,0,FMN GV 18 Kasterlee
84,Oudemolsedijk,2019-03-29,01:00:00,0,0,0,FMN GV 18 Kasterlee
84,Oudemolsedijk,2019-03-29,02:00:00,0,0,0,FMN GV 18 Kasterlee
84,Oudemolsedijk,2019-03-29,03:00:00,0,0,0,FMN GV 18 Kasterlee
84,Oudemolsedijk,2019-03-29,04:00:00,1,1,0,FMN GV 18 Kasterlee
84,Oudemolsedijk,2019-03-29,05:00:00,3,3,0,FMN GV 18 Kasterlee
84,Oudemolsedijk,2019-03-29,06:00:00,15,7,8,FMN GV 18 Kasterlee
84,Oudemolsedijk,2019-03-29,07:00:00,19,9,10,FMN GV 18 Kasterlee
84,Oudemolsedijk,2019-03-29,08:00:00,21,9,12,FMN GV 18 Kasterlee
84,Oudemolsedijk,2019-03-29,09:00:00,16,7,9,FMN GV 18 Kasterlee
84,Oudemolsedijk,2019-03-29,10:00:00,17,8,9,FMN GV 18 Kasterlee
84,Oudemolsedijk,2019-03-29,11:00:00,15,6,9,FMN GV 18 Kasterlee
84,Oudemolsedijk,2019-03-29,12:00:00,29,14,15,FMN GV 18 Kasterlee
84,Oudemolsedijk,2019-03-29,13:00:00,47,35,12,FMN GV 18 Kasterlee
84,Oudemolsedijk,2019-03-29,14:00:00,92,46,46,FMN GV 18 Kasterlee
84,Oudemolsedijk,2019-03-29,15:00:00,72,41,31,FMN GV 18 Kasterlee
84,Oudemolsedijk,2019-03-29,16:00:00,66,38,28,FMN GV 18 Kasterlee
84,Oudemolsedijk,2019-03-29,17:00:00,39,29,10,FMN GV 18 Kasterlee
84,Oudemolsedijk,2019-03-29,18:00:00,26,17,9,FMN GV 18 Kasterlee
84,Oudemolsedijk,2019-03-29,19:00:00,6,5,1,FMN GV 18 Kasterlee
84,Oudemolsedijk,2019-03-29,20:00:00,3,0,3,FMN GV 18 Kasterlee
84,Oudemolsedijk,2019-03-29,21:00:00,2,1,1,FMN GV 18 Kasterlee
84,Oudemolsedijk,2019-03-29,22:00:00,3,1,2,FMN GV 18 Kasterlee
84,Oudemolsedijk,2019-03-29,23:00:00,4,4,0,FMN GV 18 Kasterlee
84,Oudemolsedijk,2019-03-30,00:00:00,0,0,0,FMN GV 18 Kasterlee
84,Oudemolsedijk,2019-03-30,01:00:00,0,0,0,FMN GV 18 Kasterlee
84,Oudemolsedijk,2019-03-30,02:00:00,0,0,0,FMN GV 18 Kasterlee
84,Oudemolsedijk,2019-03-30,03:00:00,2,0,2,FMN GV 18 Kasterlee
84,Oudemolsedijk,2019-03-30,04:00:00,0,0,0,FMN GV 18 Kasterlee
84,Oudemolsedijk,2019-03-30,05:00:00,1,1,0,FMN GV 18 Kasterlee
84,Oudemolsedijk,2019-03-30,06:00:00,1,1,0,FMN GV 18 Kasterlee
84,Oudemolsedijk,2019-03-30,07:00:00,2,0,2,FMN GV 18 Kasterlee
84,Oudemolsedijk,2019-03-30,08:00:00,12,5,7,FMN GV 18 Kasterlee
84,Oudemolsedijk,2019-03-30,09:00:00,118,23,95,FMN GV 18 Kasterlee
84,Oudemolsedijk,2019-03-30,10:00:00,216,24,192,FMN GV 18 Kasterlee
84,Oudemolsedijk,2019-03-30,11:00:00,66,24,42,FMN GV 18 Kasterlee
84,Oudemolsedijk,2019-03-30,12:00:00,44,12,32,FMN GV 18 Kasterlee
84,Oudemolsedijk,2019-03-30,13:00:00,119,67,52,FMN GV 18 Kasterlee
84,Oudemolsedijk,2019-03-30,14:00:00,152,79,73,FMN GV 18 Kasterlee
84,Oudemolsedijk,2019-03-30,15:00:00,170,119,51,FMN GV 18 Kasterlee
84,Oudemolsedijk,2019-03-30,16:00:00,82,42,40,FMN GV 18 Kasterlee
84,Oudemolsedijk,2019-03-30,17:00:00,45,26,19,FMN GV 18 Kasterlee
84,Oudemolsedijk,2019-03-30,18:00:00,24,11,13,FMN GV 18 Kasterlee
84,Oudemolsedijk,2019-03-30,19:00:00,4,3,1,FMN GV 18 Kasterlee
84,Oudemolsedijk,2019-03-30,20:00:00,2,1,1,FMN GV 18 Kasterlee
84,Oudemolsedijk,2019-03-30,21:00:00,2,1,1,FMN GV 18 Kasterlee
84,Oudemolsedijk,2019-03-30,22:00:00,0,0,0,FMN GV 18 Kasterlee
84,Oudemolsedijk,2019-03-30,23:00:00,1,0,1,FMN GV 18 Kasterlee
84,Oudemolsedijk,2019-03-31,00:00:00,0,0,0,FMN GV 18 Kasterlee
84,Oudemolsedijk,2019-03-31,01:00:00,0,0,0,FMN GV 18 Kasterlee
84,Oudemolsedijk,2019-03-31,02:00:00,0,0,0,FMN GV 18 Kasterlee
84,Oudemolsedijk,2019-03-31,03:00:00,1,0,1,FMN GV 18 Kasterlee
84,Oudemolsedijk,2019-03-31,04:00:00,0,0,0,FMN GV 18 Kasterlee
84,Oudemolsedijk,2019-03-31,05:00:00,1,0,1,FMN GV 18 Kasterlee
84,Oudemolsedijk,2019-03-31,06:00:00,0,0,0,FMN GV 18 Kasterlee
84,Oudemolsedijk,2019-03-31,07:00:00,7,3,4,FMN GV 18 Kasterlee
84,Oudemolsedijk,2019-03-31,08:00:00,37,14,23,FMN GV 18 Kasterlee
84,Oudemolsedijk,2019-03-31,09:00:00,46,16,30,FMN GV 18 Kasterlee
84,Oudemolsedijk,2019-03-31,10:00:00,54,32,22,FMN GV 18 Kasterlee
84,Oudemolsedijk,2019-03-31,11:00:00,66,34,32,FMN GV 18 Kasterlee
84,Oudemolsedijk,2019-03-31,12:00:00,29,20,9,FMN GV 18 Kasterlee
84,Oudemolsedijk,2019-03-31,13:00:00,35,10,25,FMN GV 18 Kasterlee
84,Oudemolsedijk,2019-03-31,14:00:00,49,28,21,FMN GV 18 Kasterlee
84,Oudemolsedijk,2019-03-31,15:00:00,33,14,19,FMN GV 18 Kasterlee
84,Oudemolsedijk,2019-03-31,16:00:00,28,11,17,FMN GV 18 Kasterlee
84,Oudemolsedijk,2019-03-31,17:00:00,20,7,13,FMN GV 18 Kasterlee
84,Oudemolsedijk,2019-03-31,18:00:00,10,7,3,FMN GV 18 Kasterlee
84,Oudemolsedijk,2019-03-31,19:00:00,10,5,5,FMN GV 18 Kasterlee
84,Oudemolsedijk,2019-03-31,20:00:00,4,4,0,FMN GV 18 Kasterlee
84,Oudemolsedijk,2019-03-31,21:00:00,0,0,0,FMN GV 18 Kasterlee
84,Oudemolsedijk,2019-03-31,22:00:00,1,0,1,FMN GV 18 Kasterlee
84,Oudemolsedijk,2019-03-31,23:00:00,0,0,0,FMN GV 18 Kasterlee
84,Oudemolsedijk,2019-04-01,00:00:00,0,0,0,FMN GV 18 Kasterlee
84,Oudemolsedijk,2019-04-01,01:00:00,0,0,0,FMN GV 18 Kasterlee
84,Oudemolsedijk,2019-04-01,02:00:00,0,0,0,FMN GV 18 Kasterlee
84,Oudemolsedijk,2019-04-01,03:00:00,0,0,0,FMN GV 18 Kasterlee
84,Oudemolsedijk,2019-04-01,04:00:00,2,2,0,FMN GV 18 Kasterlee
84,Oudemolsedijk,2019-04-01,05:00:00,3,3,0,FMN GV 18 Kasterlee
84,Oudemolsedijk,2019-04-01,06:00:00,6,1,5,FMN GV 18 Kasterlee
84,Oudemolsedijk,2019-04-01,07:00:00,24,14,10,FMN GV 18 Kasterlee
84,Oudemolsedijk,2019-04-01,08:00:00,14,9,5,FMN GV 18 Kasterlee
84,Oudemolsedijk,2019-04-01,09:00:00,12,3,9,FMN GV 18 Kasterlee
84,Oudemolsedijk,2019-04-01,10:00:00,21,5,16,FMN GV 18 Kasterlee
84,Oudemolsedijk,2019-04-01,11:00:00,4,3,1,FMN GV 18 Kasterlee
84,Oudemolsedijk,2019-04-01,12:00:00,17,6,11,FMN GV 18 Kasterlee
84,Oudemolsedijk,2019-04-01,13:00:00,96,59,37,FMN GV 18 Kasterlee
84,Oudemolsedijk,2019-04-01,14:00:00,64,29,35,FMN GV 18 Kasterlee
84,Oudemolsedijk,2019-04-01,15:00:00,42,32,10,FMN GV 18 Kasterlee
84,Oudemolsedijk,2019-04-01,16:00:00,100,62,38,FMN GV 18 Kasterlee
84,Oudemolsedijk,2019-04-01,17:00:00,41,22,19,FMN GV 18 Kasterlee
84,Oudemolsedijk,2019-04-01,18:00:00,24,10,14,FMN GV 18 Kasterlee
84,Oudemolsedijk,2019-04-01,19:00:00,21,14,7,FMN GV 18 Kasterlee
84,Oudemolsedijk,2019-04-01,20:00:00,3,3,0,FMN GV 18 Kasterlee
84,Oudemolsedijk,2019-04-01,21:00:00,0,0,0,FMN GV 18 Kasterlee
84,Oudemolsedijk,2019-04-01,22:00:00,0,0,0,FMN GV 18 Kasterlee
84,Oudemolsedijk,2019-04-01,23:00:00,0,0,0,FMN GV 18 Kasterlee
84,Oudemolsedijk,2019-04-02,00:00:00,0,0,0,FMN GV 18 Kasterlee
84,Oudemolsedijk,2019-04-02,01:00:00,0,0,0,FMN GV 18 Kasterlee
84,Oudemolsedijk,2019-04-02,02:00:00,0,0,0,FMN GV 18 Kasterlee
84,Oudemolsedijk,2019-04-02,03:00:00,0,0,0,FMN GV 18 Kasterlee
84,Oudemolsedijk,2019-04-02,04:00:00,1,1,0,FMN GV 18 Kasterlee
84,Oudemolsedijk,2019-04-02,05:00:00,3,3,0,FMN GV 18 Kasterlee
84,Oudemolsedijk,2019-04-02,06:00:00,9,5,4,FMN GV 18 Kasterlee
84,Oudemolsedijk,2019-04-02,07:00:00,14,8,6,FMN GV 18 Kasterlee
84,Oudemolsedijk,2019-04-02,08:00:00,23,6,17,FMN GV 18 Kasterlee
84,Oudemolsedijk,2019-04-02,09:00:00,20,9,11,FMN GV 18 Kasterlee
84,Oudemolsedijk,2019-04-02,10:00:00,18,12,6,FMN GV 18 Kasterlee
84,Oudemolsedijk,2019-04-02,11:00:00,13,11,2,FMN GV 18 Kasterlee
84,Oudemolsedijk,2019-04-02,12:00:00,47,3,44,FMN GV 18 Kasterlee
84,Oudemolsedijk,2019-04-02,13:00:00,14,2,12,FMN GV 18 Kasterlee
84,Oudemolsedijk,2019-04-02,14:00:00,20,13,7,FMN GV 18 Kasterlee
84,Oudemolsedijk,2019-04-02,15:00:00,23,13,10,FMN GV 18 Kasterlee
84,Oudemolsedijk,2019-04-02,16:00:00,24,14,10,FMN GV 18 Kasterlee
84,Oudemolsedijk,2019-04-02,17:00:00,13,10,3,FMN GV 18 Kasterlee
84,Oudemolsedijk,2019-04-02,18:00:00,9,4,5,FMN GV 18 Kasterlee
84,Oudemolsedijk,2019-04-02,19:00:00,4,1,3,FMN GV 18 Kasterlee
84,Oudemolsedijk,2019-04-02,20:00:00,5,3,2,FMN GV 18 Kasterlee
84,Oudemolsedijk,2019-04-02,21:00:00,0,0,0,FMN GV 18 Kasterlee
84,Oudemolsedijk,2019-04-02,22:00:00,2,1,1,FMN GV 18 Kasterlee
84,Oudemolsedijk,2019-04-02,23:00:00,2,1,1,FMN GV 18 Kasterlee
84,Oudemolsedijk,2019-04-03,00:00:00,0,0,0,FMN GV 18 Kasterlee
84,Oudemolsedijk,2019-04-03,01:00:00,0,0,0,FMN GV 18 Kasterlee
84,Oudemolsedijk,2019-04-03,02:00:00,0,0,0,FMN GV 18 Kasterlee
84,Oudemolsedijk,2019-04-03,03:00:00,0,0,0,FMN GV 18 Kasterlee
84,Oudemolsedijk,2019-04-03,04:00:00,0,0,0,FMN GV 18 Kasterlee
84,Oudemolsedijk,2019-04-03,05:00:00,3,3,0,FMN GV 18 Kasterlee
84,Oudemolsedijk,2019-04-03,06:00:00,6,4,2,FMN GV 18 Kasterlee
84,Oudemolsedijk,2019-04-03,07:00:00,14,5,9,FMN GV 18 Kasterlee
84,Oudemolsedijk,2019-04-03,08:00:00,14,6,8,FMN GV 18 Kasterlee
84,Oudemolsedijk,2019-04-03,09:00:00,10,7,3,FMN GV 18 Kasterlee
84,Oudemolsedijk,2019-04-03,10:00:00,12,7,5,FMN GV 18 Kasterlee
84,Oudemolsedijk,2019-04-03,11:00:00,5,3,2,FMN GV 18 Kasterlee
84,Oudemolsedijk,2019-04-03,12:00:00,10,4,6,FMN GV 18 Kasterlee
84,Oudemolsedijk,2019-04-03,13:00:00,21,10,11,FMN GV 18 Kasterlee
84,Oudemolsedijk,2019-04-03,14:00:00,25,10,15,FMN GV 18 Kasterlee
84,Oudemolsedijk,2019-04-03,15:00:00,7,7,0,FMN GV 18 Kasterlee
84,Oudemolsedijk,2019-04-03,16:00:00,15,6,9,FMN GV 18 Kasterlee
84,Oudemolsedijk,2019-04-03,17:00:00,7,3,4,FMN GV 18 Kasterlee
84,Oudemolsedijk,2019-04-03,18:00:00,10,6,4,FMN GV 18 Kasterlee
84,Oudemolsedijk,2019-04-03,19:00:00,59,44,15,FMN GV 18 Kasterlee
84,Oudemolsedijk,2019-04-03,20:00:00,17,10,7,FMN GV 18 Kasterlee
84,Oudemolsedijk,2019-04-03,21:00:00,0,0,0,FMN GV 18 Kasterlee
84,Oudemolsedijk,2019-04-03,22:00:00,2,0,2,FMN GV 18 Kasterlee
84,Oudemolsedijk,2019-04-03,23:00:00,1,1,0,FMN GV 18 Kasterlee
84,Oudemolsedijk,2019-04-04,00:00:00,1,0,1,FMN GV 18 Kasterlee
84,Oudemolsedijk,2019-04-04,01:00:00,0,0,0,FMN GV 18 Kasterlee
84,Oudemolsedijk,2019-04-04,02:00:00,0,0,0,FMN GV 18 Kasterlee
84,Oudemolsedijk,2019-04-04,03:00:00,0,0,0,FMN GV 18 Kasterlee
84,Oudemolsedijk,2019-04-04,04:00:00,1,1,0,FMN GV 18 Kasterlee
84,Oudemolsedijk,2019-04-04,05:00:00,3,3,0,FMN GV 18 Kasterlee
84,Oudemolsedijk,2019-04-04,06:00:00,2,2,0,FMN GV 18 Kasterlee
84,Oudemolsedijk,2019-04-04,07:00:00,12,8,4,FMN GV 18 Kasterlee
84,Oudemolsedijk,2019-04-04,08:00:00,26,11,15,FMN GV 18 Kasterlee
84,Oudemolsedijk,2019-04-04,09:00:00,7,4,3,FMN GV 18 Kasterlee
84,Oudemolsedijk,2019-04-04,10:00:00,9,4,5,FMN GV 18 Kasterlee
84,Oudemolsedijk,2019-04-04,11:00:00,13,8,5,FMN GV 18 Kasterlee
84,Oudemolsedijk,2019-04-04,12:00:00,16,6,10,FMN GV 18 Kasterlee
84,Oudemolsedijk,2019-04-04,13:00:00,16,11,5,FMN GV 18 Kasterlee
84,Oudemolsedijk,2019-04-04,14:00:00,51,37,14,FMN GV 18 Kasterlee
84,Oudemolsedijk,2019-04-04,15:00:00,42,30,12,FMN GV 18 Kasterlee
84,Oudemolsedijk,2019-04-04,16:00:00,46,35,11,FMN GV 18 Kasterlee
84,Oudemolsedijk,2019-04-04,17:00:00,31,14,17,FMN GV 18 Kasterlee
84,Oudemolsedijk,2019-04-04,18:00:00,19,11,8,FMN GV 18 Kasterlee
84,Oudemolsedijk,2019-04-04,19:00:00,17,5,12,FMN GV 18 Kasterlee
84,Oudemolsedijk,2019-04-04,20:00:00,3,2,1,FMN GV 18 Kasterlee
84,Oudemolsedijk,2019-04-04,21:00:00,2,0,2,FMN GV 18 Kasterlee
84,Oudemolsedijk,2019-04-04,22:00:00,3,1,2,FMN GV 18 Kasterlee
84,Oudemolsedijk,2019-04-04,23:00:00,0,0,0,FMN GV 18 Kasterlee
84,Oudemolsedijk,2019-04-05,00:00:00,0,0,0,FMN GV 18 Kasterlee
84,Oudemolsedijk,2019-04-05,01:00:00,0,0,0,FMN GV 18 Kasterlee
84,Oudemolsedijk,2019-04-05,02:00:00,0,0,0,FMN GV 18 Kasterlee
84,Oudemolsedijk,2019-04-05,03:00:00,0,0,0,FMN GV 18 Kasterlee
84,Oudemolsedijk,2019-04-05,04:00:00,1,1,0,FMN GV 18 Kasterlee
84,Oudemolsedijk,2019-04-05,05:00:00,1,1,0,FMN GV 18 Kasterlee
84,Oudemolsedijk,2019-04-05,06:00:00,5,3,2,FMN GV 18 Kasterlee
84,Oudemolsedijk,2019-04-05,07:00:00,15,7,8,FMN GV 18 Kasterlee
84,Oudemolsedijk,2019-04-05,08:00:00,56,20,36,FMN GV 18 Kasterlee
84,Oudemolsedijk,2019-04-05,09:00:00,15,11,4,FMN GV 18 Kasterlee
84,Oudemolsedijk,2019-04-05,10:00:00,39,5,34,FMN GV 18 Kasterlee
84,Oudemolsedijk,2019-04-05,11:00:00,14,8,6,FMN GV 18 Kasterlee
84,Oudemolsedijk,2019-04-05,12:00:00,20,15,5,FMN GV 18 Kasterlee
84,Oudemolsedijk,2019-04-05,13:00:00,58,36,22,FMN GV 18 Kasterlee
84,Oudemolsedijk,2019-04-05,14:00:00,110,77,33,FMN GV 18 Kasterlee
84,Oudemolsedijk,2019-04-05,15:00:00,56,30,26,FMN GV 18 Kasterlee
84,Oudemolsedijk,2019-04-05,16:00:00,55,32,23,FMN GV 18 Kasterlee
84,Oudemolsedijk,2019-04-05,17:00:00,35,24,11,FMN GV 18 Kasterlee
84,Oudemolsedijk,2019-04-05,18:00:00,16,10,6,FMN GV 18 Kasterlee
84,Oudemolsedijk,2019-04-05,19:00:00,8,5,3,FMN GV 18 Kasterlee
84,Oudemolsedijk,2019-04-05,20:00:00,8,6,2,FMN GV 18 Kasterlee
84,Oudemolsedijk,2019-04-05,21:00:00,2,0,2,FMN GV 18 Kasterlee
84,Oudemolsedijk,2019-04-05,22:00:00,1,1,0,FMN GV 18 Kasterlee
84,Oudemolsedijk,2019-04-05,23:00:00,0,0,0,FMN GV 18 Kasterlee
84,Oudemolsedijk,2019-04-06,00:00:00,1,0,1,FMN GV 18 Kasterlee
84,Oudemolsedijk,2019-04-06,01:00:00,1,0,1,FMN GV 18 Kasterlee
84,Oudemolsedijk,2019-04-06,02:00:00,0,0,0,FMN GV 18 Kasterlee
84,Oudemolsedijk,2019-04-06,03:00:00,0,0,0,FMN GV 18 Kasterlee
84,Oudemolsedijk,2019-04-06,04:00:00,1,0,1,FMN GV 18 Kasterlee
84,Oudemolsedijk,2019-04-06,05:00:00,0,0,0,FMN GV 18 Kasterlee
84,Oudemolsedijk,2019-04-06,06:00:00,0,0,0,FMN GV 18 Kasterlee
84,Oudemolsedijk,2019-04-06,07:00:00,2,2,0,FMN GV 18 Kasterlee
84,Oudemolsedijk,2019-04-06,08:00:00,21,4,17,FMN GV 18 Kasterlee
84,Oudemolsedijk,2019-04-06,09:00:00,31,18,13,FMN GV 18 Kasterlee
84,Oudemolsedijk,2019-04-06,10:00:00,26,8,18,FMN GV 18 Kasterlee
84,Oudemolsedijk,2019-04-06,11:00:00,24,8,16,FMN GV 18 Kasterlee
84,Oudemolsedijk,2019-04-06,12:00:00,31,17,14,FMN GV 18 Kasterlee
84,Oudemolsedijk,2019-04-06,13:00:00,81,27,54,FMN GV 18 Kasterlee
84,Oudemolsedijk,2019-04-06,14:00:00,89,39,50,FMN GV 18 Kasterlee
84,Oudemolsedijk,2019-04-06,15:00:00,109,58,51,FMN GV 18 Kasterlee
84,Oudemolsedijk,2019-04-06,16:00:00,50,30,20,FMN GV 18 Kasterlee
84,Oudemolsedijk,2019-04-06,17:00:00,30,16,14,FMN GV 18 Kasterlee
84,Oudemolsedijk,2019-04-06,18:00:00,15,5,10,FMN GV 18 Kasterlee
84,Oudemolsedijk,2019-04-06,19:00:00,3,2,1,FMN GV 18 Kasterlee
84,Oudemolsedijk,2019-04-06,20:00:00,1,0,1,FMN GV 18 Kasterlee
84,Oudemolsedijk,2019-04-06,21:00:00,0,0,0,FMN GV 18 Kasterlee
84,Oudemolsedijk,2019-04-06,22:00:00,0,0,0,FMN GV 18 Kasterlee
84,Oudemolsedijk,2019-04-06,23:00:00,1,0,1,FMN GV 18 Kasterlee
84,Oudemolsedijk,2019-04-07,00:00:00,0,0,0,FMN GV 18 Kasterlee
84,Oudemolsedijk,2019-04-07,01:00:00,3,3,0,FMN GV 18 Kasterlee
84,Oudemolsedijk,2019-04-07,02:00:00,1,1,0,FMN GV 18 Kasterlee
84,Oudemolsedijk,2019-04-07,03:00:00,0,0,0,FMN GV 18 Kasterlee
84,Oudemolsedijk,2019-04-07,04:00:00,0,0,0,FMN GV 18 Kasterlee
84,Oudemolsedijk,2019-04-07,05:00:00,0,0,0,FMN GV 18 Kasterlee
84,Oudemolsedijk,2019-04-07,06:00:00,2,2,0,FMN GV 18 Kasterlee
84,Oudemolsedijk,2019-04-07,07:00:00,11,2,9,FMN GV 18 Kasterlee
84,Oudemolsedijk,2019-04-07,08:00:00,27,11,16,FMN GV 18 Kasterlee
84,Oudemolsedijk,2019-04-07,09:00:00,135,47,88,FMN GV 18 Kasterlee
84,Oudemolsedijk,2019-04-07,10:00:00,126,60,66,FMN GV 18 Kasterlee
84,Oudemolsedijk,2019-04-07,11:00:00,95,57,38,FMN GV 18 Kasterlee
84,Oudemolsedijk,2019-04-07,12:00:00,89,54,35,FMN GV 18 Kasterlee
84,Oudemolsedijk,2019-04-07,13:00:00,119,47,72,FMN GV 18 Kasterlee
84,Oudemolsedijk,2019-04-07,14:00:00,151,83,68,FMN GV 18 Kasterlee
84,Oudemolsedijk,2019-04-07,15:00:00,107,45,62,FMN GV 18 Kasterlee
84,Oudemolsedijk,2019-04-07,16:00:00,72,35,37,FMN GV 18 Kasterlee
84,Oudemolsedijk,2019-04-07,17:00:00,41,14,27,FMN GV 18 Kasterlee
84,Oudemolsedijk,2019-04-07,18:00:00,16,13,3,FMN GV 18 Kasterlee
84,Oudemolsedijk,2019-04-07,19:00:00,16,5,11,FMN GV 18 Kasterlee
84,Oudemolsedijk,2019-04-07,20:00:00,6,3,3,FMN GV 18 Kasterlee
84,Oudemolsedijk,2019-04-07,21:00:00,2,1,1,FMN GV 18 Kasterlee
84,Oudemolsedijk,2019-04-07,22:00:00,0,0,0,FMN GV 18 Kasterlee
84,Oudemolsedijk,2019-04-07,23:00:00,0,0,0,FMN GV 18 Kasterlee
84,Oudemolsedijk,2019-04-08,00:00:00,0,0,0,FMN GV 18 Kasterlee
84,Oudemolsedijk,2019-04-08,01:00:00,1,1,0,FMN GV 18 Kasterlee
84,Oudemolsedijk,2019-04-08,02:00:00,0,0,0,FMN GV 18 Kasterlee
84,Oudemolsedijk,2019-04-08,03:00:00,0,0,0,FMN GV 18 Kasterlee
84,Oudemolsedijk,2019-04-08,04:00:00,0,0,0,FMN GV 18 Kasterlee
84,Oudemolsedijk,2019-04-08,05:00:00,6,5,1,FMN GV 18 Kasterlee
84,Oudemolsedijk,2019-04-08,06:00:00,7,5,2,FMN GV 18 Kasterlee
84,Oudemolsedijk,2019-04-08,07:00:00,13,4,9,FMN GV 18 Kasterlee
84,Oudemolsedijk,2019-04-08,08:00:00,9,4,5,FMN GV 18 Kasterlee
84,Oudemolsedijk,2019-04-08,09:00:00,12,3,9,FMN GV 18 Kasterlee
84,Oudemolsedijk,2019-04-08,10:00:00,12,11,1,FMN GV 18 Kasterlee
84,Oudemolsedijk,2019-04-08,11:00:00,11,3,8,FMN GV 18 Kasterlee
84,Oudemolsedijk,2019-04-08,12:00:00,8,3,5,FMN GV 18 Kasterlee
84,Oudemolsedijk,2019-04-08,13:00:00,42,14,28,FMN GV 18 Kasterlee
84,Oudemolsedijk,2019-04-08,14:00:00,37,21,16,FMN GV 18 Kasterlee
84,Oudemolsedijk,2019-04-08,15:00:00,28,21,7,FMN GV 18 Kasterlee
84,Oudemolsedijk,2019-04-08,16:00:00,33,21,12,FMN GV 18 Kasterlee
84,Oudemolsedijk,2019-04-08,17:00:00,26,15,11,FMN GV 18 Kasterlee
84,Oudemolsedijk,2019-04-08,18:00:00,17,8,9,FMN GV 18 Kasterlee
84,Oudemolsedijk,2019-04-08,19:00:00,13,7,6,FMN GV 18 Kasterlee
84,Oudemolsedijk,2019-04-08,20:00:00,1,0,1,FMN GV 18 Kasterlee
84,Oudemolsedijk,2019-04-08,21:00:00,1,0,1,FMN GV 18 Kasterlee
84,Oudemolsedijk,2019-04-08,22:00:00,0,0,0,FMN GV 18 Kasterlee
84,Oudemolsedijk,2019-04-08,23:00:00,0,0,0,FMN GV 18 Kasterlee
84,Oudemolsedijk,2019-04-09,00:00:00,0,0,0,FMN GV 18 Kasterlee
84,Oudemolsedijk,2019-04-09,01:00:00,0,0,0,FMN GV 18 Kasterlee
84,Oudemolsedijk,2019-04-09,02:00:00,0,0,0,FMN GV 18 Kasterlee
84,Oudemolsedijk,2019-04-09,03:00:00,0,0,0,FMN GV 18 Kasterlee
84,Oudemolsedijk,2019-04-09,04:00:00,0,0,0,FMN GV 18 Kasterlee
84,Oudemolsedijk,2019-04-09,05:00:00,2,2,0,FMN GV 18 Kasterlee
84,Oudemolsedijk,2019-04-09,06:00:00,8,3,5,FMN GV 18 Kasterlee
84,Oudemolsedijk,2019-04-09,07:00:00,9,2,7,FMN GV 18 Kasterlee
84,Oudemolsedijk,2019-04-09,08:00:00,13,5,8,FMN GV 18 Kasterlee
84,Oudemolsedijk,2019-04-09,09:00:00,17,1,16,FMN GV 18 Kasterlee
84,Oudemolsedijk,2019-04-09,10:00:00,11,7,4,FMN GV 18 Kasterlee
84,Oudemolsedijk,2019-04-09,11:00:00,36,7,29,FMN GV 18 Kasterlee
84,Oudemolsedijk,2019-04-09,12:00:00,12,8,4,FMN GV 18 Kasterlee
84,Oudemolsedijk,2019-04-09,13:00:00,32,10,22,FMN GV 18 Kasterlee
84,Oudemolsedijk,2019-04-09,14:00:00,77,44,33,FMN GV 18 Kasterlee
84,Oudemolsedijk,2019-04-09,15:00:00,60,24,36,FMN GV 18 Kasterlee
84,Oudemolsedijk,2019-04-09,16:00:00,65,34,31,FMN GV 18 Kasterlee
84,Oudemolsedijk,2019-04-09,17:00:00,28,17,11,FMN GV 18 Kasterlee
84,Oudemolsedijk,2019-04-09,18:00:00,14,10,4,FMN GV 18 Kasterlee
84,Oudemolsedijk,2019-04-09,19:00:00,20,4,16,FMN GV 18 Kasterlee
84,Oudemolsedijk,2019-04-09,20:00:00,3,2,1,FMN GV 18 Kasterlee
84,Oudemolsedijk,2019-04-09,21:00:00,5,3,2,FMN GV 18 Kasterlee
84,Oudemolsedijk,2019-04-09,22:00:00,3,2,1,FMN GV 18 Kasterlee
84,Oudemolsedijk,2019-04-09,23:00:00,0,0,0,FMN GV 18 Kasterlee
84,Oudemolsedijk,2019-04-10,00:00:00,0,0,0,FMN GV 18 Kasterlee
84,Oudemolsedijk,2019-04-10,01:00:00,0,0,0,FMN GV 18 Kasterlee
84,Oudemolsedijk,2019-04-10,02:00:00,0,0,0,FMN GV 18 Kasterlee
84,Oudemolsedijk,2019-04-10,03:00:00,0,0,0,FMN GV 18 Kasterlee
84,Oudemolsedijk,2019-04-10,04:00:00,0,0,0,FMN GV 18 Kasterlee
84,Oudemolsedijk,2019-04-10,05:00:00,4,4,0,FMN GV 18 Kasterlee
84,Oudemolsedijk,2019-04-10,06:00:00,6,1,5,FMN GV 18 Kasterlee
84,Oudemolsedijk,2019-04-10,07:00:00,13,5,8,FMN GV 18 Kasterlee
84,Oudemolsedijk,2019-04-10,08:00:00,18,8,10,FMN GV 18 Kasterlee
84,Oudemolsedijk,2019-04-10,09:00:00,6,2,4,FMN GV 18 Kasterlee
84,Oudemolsedijk,2019-04-10,10:00:00,13,5,8,FMN GV 18 Kasterlee
84,Oudemolsedijk,2019-04-10,11:00:00,7,3,4,FMN GV 18 Kasterlee
84,Oudemolsedijk,2019-04-10,12:00:00,20,9,11,FMN GV 18 Kasterlee
84,Oudemolsedijk,2019-04-10,13:00:00,29,16,13,FMN GV 18 Kasterlee
84,Oudemolsedijk,2019-04-10,14:00:00,36,17,19,FMN GV 18 Kasterlee
84,Oudemolsedijk,2019-04-10,15:00:00,51,33,18,FMN GV 18 Kasterlee
84,Oudemolsedijk,2019-04-10,16:00:00,41,23,18,FMN GV 18 Kasterlee
84,Oudemolsedijk,2019-04-10,17:00:00,24,16,8,FMN GV 18 Kasterlee
84,Oudemolsedijk,2019-04-10,18:00:00,28,11,17,FMN GV 18 Kasterlee
84,Oudemolsedijk,2019-04-10,19:00:00,55,34,21,FMN GV 18 Kasterlee
84,Oudemolsedijk,2019-04-10,20:00:00,34,21,13,FMN GV 18 Kasterlee
84,Oudemolsedijk,2019-04-10,21:00:00,2,1,1,FMN GV 18 Kasterlee
84,Oudemolsedijk,2019-04-10,22:00:00,1,0,1,FMN GV 18 Kasterlee
84,Oudemolsedijk,2019-04-10,23:00:00,0,0,0,FMN GV 18 Kasterlee
84,Oudemolsedijk,2019-04-11,00:00:00,0,0,0,FMN GV 18 Kasterlee
84,Oudemolsedijk,2019-04-11,01:00:00,0,0,0,FMN GV 18 Kasterlee
84,Oudemolsedijk,2019-04-11,02:00:00,0,0,0,FMN GV 18 Kasterlee
84,Oudemolsedijk,2019-04-11,03:00:00,0,0,0,FMN GV 18 Kasterlee
84,Oudemolsedijk,2019-04-11,04:00:00,0,0,0,FMN GV 18 Kasterlee
84,Oudemolsedijk,2019-04-11,05:00:00,4,4,0,FMN GV 18 Kasterlee
84,Oudemolsedijk,2019-04-11,06:00:00,8,3,5,FMN GV 18 Kasterlee
84,Oudemolsedijk,2019-04-11,07:00:00,7,2,5,FMN GV 18 Kasterlee
84,Oudemolsedijk,2019-04-11,08:00:00,12,6,6,FMN GV 18 Kasterlee
84,Oudemolsedijk,2019-04-11,09:00:00,19,5,14,FMN GV 18 Kasterlee
84,Oudemolsedijk,2019-04-11,10:00:00,17,7,10,FMN GV 18 Kasterlee
84,Oudemolsedijk,2019-04-11,11:00:00,15,7,8,FMN GV 18 Kasterlee
84,Oudemolsedijk,2019-04-11,12:00:00,27,16,11,FMN GV 18 Kasterlee
84,Oudemolsedijk,2019-04-11,13:00:00,54,34,20,FMN GV 18 Kasterlee
84,Oudemolsedijk,2019-04-11,14:00:00,64,41,23,FMN GV 18 Kasterlee
84,Oudemolsedijk,2019-04-11,15:00:00,60,34,26,FMN GV 18 Kasterlee
84,Oudemolsedijk,2019-04-11,16:00:00,39,20,19,FMN GV 18 Kasterlee
84,Oudemolsedijk,2019-04-11,17:00:00,24,20,4,FMN GV 18 Kasterlee
84,Oudemolsedijk,2019-04-11,18:00:00,17,9,8,FMN GV 18 Kasterlee
84,Oudemolsedijk,2019-04-11,19:00:00,16,15,1,FMN GV 18 Kasterlee
84,Oudemolsedijk,2019-04-11,20:00:00,15,3,12,FMN GV 18 Kasterlee
84,Oudemolsedijk,2019-04-11,21:00:00,3,1,2,FMN GV 18 Kasterlee
84,Oudemolsedijk,2019-04-11,22:00:00,1,1,0,FMN GV 18 Kasterlee
84,Oudemolsedijk,2019-04-11,23:00:00,0,0,0,FMN GV 18 Kasterlee
84,Oudemolsedijk,2019-04-12,00:00:00,0,0,0,FMN GV 18 Kasterlee
84,Oudemolsedijk,2019-04-12,01:00:00,0,0,0,FMN GV 18 Kasterlee
84,Oudemolsedijk,2019-04-12,02:00:00,0,0,0,FMN GV 18 Kasterlee
84,Oudemolsedijk,2019-04-12,03:00:00,0,0,0,FMN GV 18 Kasterlee
84,Oudemolsedijk,2019-04-12,04:00:00,0,0,0,FMN GV 18 Kasterlee
84,Oudemolsedijk,2019-04-12,05:00:00,3,3,0,FMN GV 18 Kasterlee
84,Oudemolsedijk,2019-04-12,06:00:00,6,2,4,FMN GV 18 Kasterlee
84,Oudemolsedijk,2019-04-12,07:00:00,11,4,7,FMN GV 18 Kasterlee
84,Oudemolsedijk,2019-04-12,08:00:00,10,5,5,FMN GV 18 Kasterlee
84,Oudemolsedijk,2019-04-12,09:00:00,12,1,11,FMN GV 18 Kasterlee
84,Oudemolsedijk,2019-04-12,10:00:00,10,6,4,FMN GV 18 Kasterlee
84,Oudemolsedijk,2019-04-12,11:00:00,12,10,2,FMN GV 18 Kasterlee
84,Oudemolsedijk,2019-04-12,12:00:00,9,4,5,FMN GV 18 Kasterlee
84,Oudemolsedijk,2019-04-12,13:00:00,18,13,5,FMN GV 18 Kasterlee
84,Oudemolsedijk,2019-04-12,14:00:00,17,5,12,FMN GV 18 Kasterlee
84,Oudemolsedijk,2019-04-12,15:00:00,20,9,11,FMN GV 18 Kasterlee
84,Oudemolsedijk,2019-04-12,16:00:00,19,14,5,FMN GV 18 Kasterlee
84,Oudemolsedijk,2019-04-12,17:00:00,24,17,7,FMN GV 18 Kasterlee
84,Oudemolsedijk,2019-04-12,18:00:00,8,2,6,FMN GV 18 Kasterlee
84,Oudemolsedijk,2019-04-12,19:00:00,3,1,2,FMN GV 18 Kasterlee
84,Oudemolsedijk,2019-04-12,20:00:00,3,1,2,FMN GV 18 Kasterlee
84,Oudemolsedijk,2019-04-12,21:00:00,0,0,0,FMN GV 18 Kasterlee
84,Oudemolsedijk,2019-04-12,22:00:00,1,0,1,FMN GV 18 Kasterlee
84,Oudemolsedijk,2019-04-12,23:00:00,0,0,0,FMN GV 18 Kasterlee
84,Oudemolsedijk,2019-04-13,00:00:00,0,0,0,FMN GV 18 Kasterlee
84,Oudemolsedijk,2019-04-13,01:00:00,0,0,0,FMN GV 18 Kasterlee
84,Oudemolsedijk,2019-04-13,02:00:00,0,0,0,FMN GV 18 Kasterlee
84,Oudemolsedijk,2019-04-13,03:00:00,0,0,0,FMN GV 18 Kasterlee
84,Oudemolsedijk,2019-04-13,04:00:00,0,0,0,FMN GV 18 Kasterlee
84,Oudemolsedijk,2019-04-13,05:00:00,2,2,0,FMN GV 18 Kasterlee
84,Oudemolsedijk,2019-04-13,06:00:00,0,0,0,FMN GV 18 Kasterlee
84,Oudemolsedijk,2019-04-13,07:00:00,3,1,2,FMN GV 18 Kasterlee
84,Oudemolsedijk,2019-04-13,08:00:00,4,0,4,FMN GV 18 Kasterlee
84,Oudemolsedijk,2019-04-13,09:00:00,7,4,3,FMN GV 18 Kasterlee
84,Oudemolsedijk,2019-04-13,10:00:00,23,12,11,FMN GV 18 Kasterlee
84,Oudemolsedijk,2019-04-13,11:00:00,10,7,3,FMN GV 18 Kasterlee
84,Oudemolsedijk,2019-04-13,12:00:00,31,12,19,FMN GV 18 Kasterlee
84,Oudemolsedijk,2019-04-13,13:00:00,35,10,25,FMN GV 18 Kasterlee
84,Oudemolsedijk,2019-04-13,14:00:00,33,15,18,FMN GV 18 Kasterlee
84,Oudemolsedijk,2019-04-13,15:00:00,45,27,18,FMN GV 18 Kasterlee
84,Oudemolsedijk,2019-04-13,16:00:00,29,21,8,FMN GV 18 Kasterlee
84,Oudemolsedijk,2019-04-13,17:00:00,9,6,3,FMN GV 18 Kasterlee
84,Oudemolsedijk,2019-04-13,18:00:00,1,0,1,FMN GV 18 Kasterlee
84,Oudemolsedijk,2019-04-13,19:00:00,1,1,0,FMN GV 18 Kasterlee
84,Oudemolsedijk,2019-04-13,20:00:00,1,1,0,FMN GV 18 Kasterlee
84,Oudemolsedijk,2019-04-13,21:00:00,0,0,0,FMN GV 18 Kasterlee
84,Oudemolsedijk,2019-04-13,22:00:00,0,0,0,FMN GV 18 Kasterlee
84,Oudemolsedijk,2019-04-13,23:00:00,0,0,0,FMN GV 18 Kasterlee
84,Oudemolsedijk,2019-04-14,00:00:00,0,0,0,FMN GV 18 Kasterlee
84,Oudemolsedijk,2019-04-14,01:00:00,0,0,0,FMN GV 18 Kasterlee
84,Oudemolsedijk,2019-04-14,02:00:00,0,0,0,FMN GV 18 Kasterlee
84,Oudemolsedijk,2019-04-14,03:00:00,0,0,0,FMN GV 18 Kasterlee
84,Oudemolsedijk,2019-04-14,04:00:00,0,0,0,FMN GV 18 Kasterlee
84,Oudemolsedijk,2019-04-14,05:00:00,0,0,0,FMN GV 18 Kasterlee
84,Oudemolsedijk,2019-04-14,06:00:00,0,0,0,FMN GV 18 Kasterlee
84,Oudemolsedijk,2019-04-14,07:00:00,3,0,3,FMN GV 18 Kasterlee
84,Oudemolsedijk,2019-04-14,08:00:00,18,18,0,FMN GV 18 Kasterlee
84,Oudemolsedijk,2019-04-14,09:00:00,65,45,20,FMN GV 18 Kasterlee
84,Oudemolsedijk,2019-04-14,10:00:00,58,34,24,FMN GV 18 Kasterlee
84,Oudemolsedijk,2019-04-14,11:00:00,46,26,20,FMN GV 18 Kasterlee
84,Oudemolsedijk,2019-04-14,12:00:00,27,22,5,FMN GV 18 Kasterlee
84,Oudemolsedijk,2019-04-14,13:00:00,13,7,6,FMN GV 18 Kasterlee
84,Oudemolsedijk,2019-04-14,14:00:00,34,14,20,FMN GV 18 Kasterlee
84,Oudemolsedijk,2019-04-14,15:00:00,37,14,23,FMN GV 18 Kasterlee
84,Oudemolsedijk,2019-04-14,16:00:00,10,5,5,FMN GV 18 Kasterlee
84,Oudemolsedijk,2019-04-14,17:00:00,16,11,5,FMN GV 18 Kasterlee
84,Oudemolsedijk,2019-04-14,18:00:00,11,10,1,FMN GV 18 Kasterlee
84,Oudemolsedijk,2019-04-14,19:00:00,9,7,2,FMN GV 18 Kasterlee
84,Oudemolsedijk,2019-04-14,20:00:00,1,1,0,FMN GV 18 Kasterlee
84,Oudemolsedijk,2019-04-14,21:00:00,0,0,0,FMN GV 18 Kasterlee
84,Oudemolsedijk,2019-04-14,22:00:00,0,0,0,FMN GV 18 Kasterlee
84,Oudemolsedijk,2019-04-14,23:00:00,0,0,0,FMN GV 18 Kasterlee
84,Oudemolsedijk,2019-04-15,00:00:00,0,0,0,FMN GV 18 Kasterlee
84,Oudemolsedijk,2019-04-15,01:00:00,0,0,0,FMN GV 18 Kasterlee
84,Oudemolsedijk,2019-04-15,02:00:00,2,1,1,FMN GV 18 Kasterlee
84,Oudemolsedijk,2019-04-15,03:00:00,0,0,0,FMN GV 18 Kasterlee
84,Oudemolsedijk,2019-04-15,04:00:00,0,0,0,FMN GV 18 Kasterlee
84,Oudemolsedijk,2019-04-15,05:00:00,2,2,0,FMN GV 18 Kasterlee
84,Oudemolsedijk,2019-04-15,06:00:00,6,3,3,FMN GV 18 Kasterlee
84,Oudemolsedijk,2019-04-15,07:00:00,10,6,4,FMN GV 18 Kasterlee
84,Oudemolsedijk,2019-04-15,08:00:00,13,6,7,FMN GV 18 Kasterlee
84,Oudemolsedijk,2019-04-15,09:00:00,10,5,5,FMN GV 18 Kasterlee
84,Oudemolsedijk,2019-04-15,10:00:00,15,7,8,FMN GV 18 Kasterlee
84,Oudemolsedijk,2019-04-15,11:00:00,9,5,4,FMN GV 18 Kasterlee
84,Oudemolsedijk,2019-04-15,12:00:00,7,4,3,FMN GV 18 Kasterlee
84,Oudemolsedijk,2019-04-15,13:00:00,32,10,22,FMN GV 18 Kasterlee
84,Oudemolsedijk,2019-04-15,14:00:00,68,31,37,FMN GV 18 Kasterlee
84,Oudemolsedijk,2019-04-15,15:00:00,37,19,18,FMN GV 18 Kasterlee
84,Oudemolsedijk,2019-04-15,16:00:00,57,28,29,FMN GV 18 Kasterlee
84,Oudemolsedijk,2019-04-15,17:00:00,38,25,13,FMN GV 18 Kasterlee
84,Oudemolsedijk,2019-04-15,18:00:00,20,11,9,FMN GV 18 Kasterlee
84,Oudemolsedijk,2019-04-15,19:00:00,12,4,8,FMN GV 18 Kasterlee
84,Oudemolsedijk,2019-04-15,20:00:00,8,6,2,FMN GV 18 Kasterlee
84,Oudemolsedijk,2019-04-15,21:00:00,1,0,1,FMN GV 18 Kasterlee
84,Oudemolsedijk,2019-04-15,22:00:00,3,1,2,FMN GV 18 Kasterlee
84,Oudemolsedijk,2019-04-15,23:00:00,0,0,0,FMN GV 18 Kasterlee
84,Oudemolsedijk,2019-04-16,00:00:00,0,0,0,FMN GV 18 Kasterlee
84,Oudemolsedijk,2019-04-16,01:00:00,0,0,0,FMN GV 18 Kasterlee
84,Oudemolsedijk,2019-04-16,02:00:00,0,0,0,FMN GV 18 Kasterlee
84,Oudemolsedijk,2019-04-16,03:00:00,0,0,0,FMN GV 18 Kasterlee
84,Oudemolsedijk,2019-04-16,04:00:00,0,0,0,FMN GV 18 Kasterlee
84,Oudemolsedijk,2019-04-16,05:00:00,2,2,0,FMN GV 18 Kasterlee
84,Oudemolsedijk,2019-04-16,06:00:00,13,7,6,FMN GV 18 Kasterlee
84,Oudemolsedijk,2019-04-16,07:00:00,12,7,5,FMN GV 18 Kasterlee
84,Oudemolsedijk,2019-04-16,08:00:00,18,8,10,FMN GV 18 Kasterlee
84,Oudemolsedijk,2019-04-16,09:00:00,11,4,7,FMN GV 18 Kasterlee
84,Oudemolsedijk,2019-04-16,10:00:00,13,7,6,FMN GV 18 Kasterlee
84,Oudemolsedijk,2019-04-16,11:00:00,27,21,6,FMN GV 18 Kasterlee
84,Oudemolsedijk,2019-04-16,12:00:00,17,12,5,FMN GV 18 Kasterlee
84,Oudemolsedijk,2019-04-16,13:00:00,52,21,31,FMN GV 18 Kasterlee
84,Oudemolsedijk,2019-04-16,14:00:00,93,56,37,FMN GV 18 Kasterlee
84,Oudemolsedijk,2019-04-16,15:00:00,99,57,42,FMN GV 18 Kasterlee
84,Oudemolsedijk,2019-04-16,16:00:00,72,57,15,FMN GV 18 Kasterlee
84,Oudemolsedijk,2019-04-16,17:00:00,35,18,17,FMN GV 18 Kasterlee
84,Oudemolsedijk,2019-04-16,18:00:00,25,17,8,FMN GV 18 Kasterlee
84,Oudemolsedijk,2019-04-16,19:00:00,36,18,18,FMN GV 18 Kasterlee
84,Oudemolsedijk,2019-04-16,20:00:00,7,6,1,FMN GV 18 Kasterlee
84,Oudemolsedijk,2019-04-16,21:00:00,2,2,0,FMN GV 18 Kasterlee
84,Oudemolsedijk,2019-04-16,22:00:00,2,2,0,FMN GV 18 Kasterlee
84,Oudemolsedijk,2019-04-16,23:00:00,0,0,0,FMN GV 18 Kasterlee
84,Oudemolsedijk,2019-04-17,00:00:00,0,0,0,FMN GV 18 Kasterlee
84,Oudemolsedijk,2019-04-17,01:00:00,0,0,0,FMN GV 18 Kasterlee
84,Oudemolsedijk,2019-04-17,02:00:00,0,0,0,FMN GV 18 Kasterlee
84,Oudemolsedijk,2019-04-17,03:00:00,0,0,0,FMN GV 18 Kasterlee
84,Oudemolsedijk,2019-04-17,04:00:00,1,1,0,FMN GV 18 Kasterlee
84,Oudemolsedijk,2019-04-17,05:00:00,2,2,0,FMN GV 18 Kasterlee
84,Oudemolsedijk,2019-04-17,06:00:00,8,3,5,FMN GV 18 Kasterlee
84,Oudemolsedijk,2019-04-17,07:00:00,7,3,4,FMN GV 18 Kasterlee
84,Oudemolsedijk,2019-04-17,08:00:00,10,5,5,FMN GV 18 Kasterlee
84,Oudemolsedijk,2019-04-17,09:00:00,12,5,7,FMN GV 18 Kasterlee
84,Oudemolsedijk,2019-04-17,10:00:00,10,3,7,FMN GV 18 Kasterlee
84,Oudemolsedijk,2019-04-17,11:00:00,5,2,3,FMN GV 18 Kasterlee
84,Oudemolsedijk,2019-04-17,12:00:00,14,4,10,FMN GV 18 Kasterlee
84,Oudemolsedijk,2019-04-17,13:00:00,33,15,18,FMN GV 18 Kasterlee
84,Oudemolsedijk,2019-04-17,14:00:00,55,23,32,FMN GV 18 Kasterlee
84,Oudemolsedijk,2019-04-17,15:00:00,34,14,20,FMN GV 18 Kasterlee
84,Oudemolsedijk,2019-04-17,16:00:00,62,34,28,FMN GV 18 Kasterlee
84,Oudemolsedijk,2019-04-17,17:00:00,21,16,5,FMN GV 18 Kasterlee
84,Oudemolsedijk,2019-04-17,18:00:00,24,8,16,FMN GV 18 Kasterlee
84,Oudemolsedijk,2019-04-17,19:00:00,41,18,23,FMN GV 18 Kasterlee
84,Oudemolsedijk,2019-04-17,20:00:00,23,16,7,FMN GV 18 Kasterlee
84,Oudemolsedijk,2019-04-17,21:00:00,1,1,0,FMN GV 18 Kasterlee
84,Oudemolsedijk,2019-04-17,22:00:00,0,0,0,FMN GV 18 Kasterlee
84,Oudemolsedijk,2019-04-17,23:00:00,0,0,0,FMN GV 18 Kasterlee
84,Oudemolsedijk,2019-04-18,00:00:00,0,0,0,FMN GV 18 Kasterlee
84,Oudemolsedijk,2019-04-18,01:00:00,1,1,0,FMN GV 18 Kasterlee
84,Oudemolsedijk,2019-04-18,02:00:00,0,0,0,FMN GV 18 Kasterlee
84,Oudemolsedijk,2019-04-18,03:00:00,0,0,0,FMN GV 18 Kasterlee
84,Oudemolsedijk,2019-04-18,04:00:00,1,1,0,FMN GV 18 Kasterlee
84,Oudemolsedijk,2019-04-18,05:00:00,2,2,0,FMN GV 18 Kasterlee
84,Oudemolsedijk,2019-04-18,06:00:00,10,5,5,FMN GV 18 Kasterlee
84,Oudemolsedijk,2019-04-18,07:00:00,14,7,7,FMN GV 18 Kasterlee
84,Oudemolsedijk,2019-04-18,08:00:00,17,5,12,FMN GV 18 Kasterlee
84,Oudemolsedijk,2019-04-18,09:00:00,12,7,5,FMN GV 18 Kasterlee
84,Oudemolsedijk,2019-04-18,10:00:00,24,12,12,FMN GV 18 Kasterlee
84,Oudemolsedijk,2019-04-18,11:00:00,35,25,10,FMN GV 18 Kasterlee
84,Oudemolsedijk,2019-04-18,12:00:00,49,31,18,FMN GV 18 Kasterlee
84,Oudemolsedijk,2019-04-18,13:00:00,79,32,47,FMN GV 18 Kasterlee
84,Oudemolsedijk,2019-04-18,14:00:00,101,54,47,FMN GV 18 Kasterlee
84,Oudemolsedijk,2019-04-18,15:00:00,99,43,56,FMN GV 18 Kasterlee
84,Oudemolsedijk,2019-04-18,16:00:00,107,49,58,FMN GV 18 Kasterlee
84,Oudemolsedijk,2019-04-18,17:00:00,68,36,32,FMN GV 18 Kasterlee
84,Oudemolsedijk,2019-04-18,18:00:00,37,15,22,FMN GV 18 Kasterlee
84,Oudemolsedijk,2019-04-18,19:00:00,33,14,19,FMN GV 18 Kasterlee
84,Oudemolsedijk,2019-04-18,20:00:00,31,27,4,FMN GV 18 Kasterlee
84,Oudemolsedijk,2019-04-18,21:00:00,0,0,0,FMN GV 18 Kasterlee
84,Oudemolsedijk,2019-04-18,22:00:00,1,0,1,FMN GV 18 Kasterlee
84,Oudemolsedijk,2019-04-18,23:00:00,0,0,0,FMN GV 18 Kasterlee
84,Oudemolsedijk,2019-04-19,00:00:00,0,0,0,FMN GV 18 Kasterlee
84,Oudemolsedijk,2019-04-19,01:00:00,0,0,0,FMN GV 18 Kasterlee
84,Oudemolsedijk,2019-04-19,02:00:00,0,0,0,FMN GV 18 Kasterlee
84,Oudemolsedijk,2019-04-19,03:00:00,0,0,0,FMN GV 18 Kasterlee
84,Oudemolsedijk,2019-04-19,04:00:00,2,2,0,FMN GV 18 Kasterlee
84,Oudemolsedijk,2019-04-19,05:00:00,1,1,0,FMN GV 18 Kasterlee
84,Oudemolsedijk,2019-04-19,06:00:00,8,2,6,FMN GV 18 Kasterlee
84,Oudemolsedijk,2019-04-19,07:00:00,7,5,2,FMN GV 18 Kasterlee
84,Oudemolsedijk,2019-04-19,08:00:00,16,9,7,FMN GV 18 Kasterlee
84,Oudemolsedijk,2019-04-19,09:00:00,13,5,8,FMN GV 18 Kasterlee
84,Oudemolsedijk,2019-04-19,10:00:00,25,19,6,FMN GV 18 Kasterlee
84,Oudemolsedijk,2019-04-19,11:00:00,18,10,8,FMN GV 18 Kasterlee
84,Oudemolsedijk,2019-04-19,12:00:00,29,10,19,FMN GV 18 Kasterlee
84,Oudemolsedijk,2019-04-19,13:00:00,57,26,31,FMN GV 18 Kasterlee
84,Oudemolsedijk,2019-04-19,14:00:00,85,49,36,FMN GV 18 Kasterlee
84,Oudemolsedijk,2019-04-19,15:00:00,101,42,59,FMN GV 18 Kasterlee
84,Oudemolsedijk,2019-04-19,16:00:00,68,32,36,FMN GV 18 Kasterlee
84,Oudemolsedijk,2019-04-19,17:00:00,48,34,14,FMN GV 18 Kasterlee
84,Oudemolsedijk,2019-04-19,18:00:00,22,11,11,FMN GV 18 Kasterlee
84,Oudemolsedijk,2019-04-19,19:00:00,12,6,6,FMN GV 18 Kasterlee
84,Oudemolsedijk,2019-04-19,20:00:00,17,8,9,FMN GV 18 Kasterlee
84,Oudemolsedijk,2019-04-19,21:00:00,2,0,2,FMN GV 18 Kasterlee
84,Oudemolsedijk,2019-04-19,22:00:00,4,4,0,FMN GV 18 Kasterlee
84,Oudemolsedijk,2019-04-19,23:00:00,1,1,0,FMN GV 18 Kasterlee
84,Oudemolsedijk,2019-04-20,00:00:00,1,0,1,FMN GV 18 Kasterlee
84,Oudemolsedijk,2019-04-20,01:00:00,2,0,2,FMN GV 18 Kasterlee
84,Oudemolsedijk,2019-04-20,02:00:00,1,0,1,FMN GV 18 Kasterlee
84,Oudemolsedijk,2019-04-20,03:00:00,0,0,0,FMN GV 18 Kasterlee
84,Oudemolsedijk,2019-04-20,04:00:00,4,2,2,FMN GV 18 Kasterlee
84,Oudemolsedijk,2019-04-20,05:00:00,1,1,0,FMN GV 18 Kasterlee
84,Oudemolsedijk,2019-04-20,06:00:00,0,0,0,FMN GV 18 Kasterlee
84,Oudemolsedijk,2019-04-20,07:00:00,7,1,6,FMN GV 18 Kasterlee
84,Oudemolsedijk,2019-04-20,08:00:00,9,4,5,FMN GV 18 Kasterlee
84,Oudemolsedijk,2019-04-20,09:00:00,13,7,6,FMN GV 18 Kasterlee
84,Oudemolsedijk,2019-04-20,10:00:00,45,20,25,FMN GV 18 Kasterlee
84,Oudemolsedijk,2019-04-20,11:00:00,44,21,23,FMN GV 18 Kasterlee
84,Oudemolsedijk,2019-04-20,12:00:00,52,27,25,FMN GV 18 Kasterlee
84,Oudemolsedijk,2019-04-20,13:00:00,131,48,83,FMN GV 18 Kasterlee
84,Oudemolsedijk,2019-04-20,14:00:00,154,91,63,FMN GV 18 Kasterlee
84,Oudemolsedijk,2019-04-20,15:00:00,148,78,70,FMN GV 18 Kasterlee
84,Oudemolsedijk,2019-04-20,16:00:00,98,56,42,FMN GV 18 Kasterlee
84,Oudemolsedijk,2019-04-20,17:00:00,74,44,30,FMN GV 18 Kasterlee
84,Oudemolsedijk,2019-04-20,18:00:00,31,12,19,FMN GV 18 Kasterlee
84,Oudemolsedijk,2019-04-20,19:00:00,20,14,6,FMN GV 18 Kasterlee
84,Oudemolsedijk,2019-04-20,20:00:00,19,12,7,FMN GV 18 Kasterlee
84,Oudemolsedijk,2019-04-20,21:00:00,9,2,7,FMN GV 18 Kasterlee
84,Oudemolsedijk,2019-04-20,22:00:00,1,0,1,FMN GV 18 Kasterlee
84,Oudemolsedijk,2019-04-20,23:00:00,3,0,3,FMN GV 18 Kasterlee
84,Oudemolsedijk,2019-04-21,00:00:00,6,2,4,FMN GV 18 Kasterlee
84,Oudemolsedijk,2019-04-21,01:00:00,0,0,0,FMN GV 18 Kasterlee
84,Oudemolsedijk,2019-04-21,02:00:00,0,0,0,FMN GV 18 Kasterlee
84,Oudemolsedijk,2019-04-21,03:00:00,0,0,0,FMN GV 18 Kasterlee
84,Oudemolsedijk,2019-04-21,04:00:00,0,0,0,FMN GV 18 Kasterlee
84,Oudemolsedijk,2019-04-21,05:00:00,0,0,0,FMN GV 18 Kasterlee
84,Oudemolsedijk,2019-04-21,06:00:00,1,1,0,FMN GV 18 Kasterlee
84,Oudemolsedijk,2019-04-21,07:00:00,8,2,6,FMN GV 18 Kasterlee
84,Oudemolsedijk,2019-04-21,08:00:00,22,10,12,FMN GV 18 Kasterlee
84,Oudemolsedijk,2019-04-21,09:00:00,78,50,28,FMN GV 18 Kasterlee
84,Oudemolsedijk,2019-04-21,10:00:00,149,80,69,FMN GV 18 Kasterlee
84,Oudemolsedijk,2019-04-21,11:00:00,86,43,43,FMN GV 18 Kasterlee
84,Oudemolsedijk,2019-04-21,12:00:00,91,56,35,FMN GV 18 Kasterlee
84,Oudemolsedijk,2019-04-21,13:00:00,81,37,44,FMN GV 18 Kasterlee
84,Oudemolsedijk,2019-04-21,14:00:00,135,83,52,FMN GV 18 Kasterlee
84,Oudemolsedijk,2019-04-21,15:00:00,183,100,83,FMN GV 18 Kasterlee
84,Oudemolsedijk,2019-04-21,16:00:00,104,53,51,FMN GV 18 Kasterlee
84,Oudemolsedijk,2019-04-21,17:00:00,55,34,21,FMN GV 18 Kasterlee
84,Oudemolsedijk,2019-04-21,18:00:00,44,19,25,FMN GV 18 Kasterlee
84,Oudemolsedijk,2019-04-21,19:00:00,39,20,19,FMN GV 18 Kasterlee
84,Oudemolsedijk,2019-04-21,20:00:00,15,4,11,FMN GV 18 Kasterlee
84,Oudemolsedijk,2019-04-21,21:00:00,7,5,2,FMN GV 18 Kasterlee
84,Oudemolsedijk,2019-04-21,22:00:00,1,0,1,FMN GV 18 Kasterlee
84,Oudemolsedijk,2019-04-21,23:00:00,0,0,0,FMN GV 18 Kasterlee
84,Oudemolsedijk,2019-04-22,00:00:00,1,0,1,FMN GV 18 Kasterlee
84,Oudemolsedijk,2019-04-22,01:00:00,0,0,0,FMN GV 18 Kasterlee
84,Oudemolsedijk,2019-04-22,02:00:00,0,0,0,FMN GV 18 Kasterlee
84,Oudemolsedijk,2019-04-22,03:00:00,0,0,0,FMN GV 18 Kasterlee
84,Oudemolsedijk,2019-04-22,04:00:00,0,0,0,FMN GV 18 Kasterlee
84,Oudemolsedijk,2019-04-22,05:00:00,0,0,0,FMN GV 18 Kasterlee
84,Oudemolsedijk,2019-04-22,06:00:00,1,0,1,FMN GV 18 Kasterlee
84,Oudemolsedijk,2019-04-22,07:00:00,7,0,7,FMN GV 18 Kasterlee
84,Oudemolsedijk,2019-04-22,08:00:00,9,4,5,FMN GV 18 Kasterlee
84,Oudemolsedijk,2019-04-22,09:00:00,50,20,30,FMN GV 18 Kasterlee
84,Oudemolsedijk,2019-04-22,10:00:00,69,27,42,FMN GV 18 Kasterlee
84,Oudemolsedijk,2019-04-22,11:00:00,84,46,38,FMN GV 18 Kasterlee
84,Oudemolsedijk,2019-04-22,12:00:00,108,63,45,FMN GV 18 Kasterlee
84,Oudemolsedijk,2019-04-22,13:00:00,135,69,66,FMN GV 18 Kasterlee
84,Oudemolsedijk,2019-04-22,14:00:00,201,115,86,FMN GV 18 Kasterlee
84,Oudemolsedijk,2019-04-22,15:00:00,158,88,70,FMN GV 18 Kasterlee
84,Oudemolsedijk,2019-04-22,16:00:00,144,74,70,FMN GV 18 Kasterlee
84,Oudemolsedijk,2019-04-22,17:00:00,71,37,34,FMN GV 18 Kasterlee
84,Oudemolsedijk,2019-04-22,18:00:00,37,17,20,FMN GV 18 Kasterlee
84,Oudemolsedijk,2019-04-22,19:00:00,29,11,18,FMN GV 18 Kasterlee
84,Oudemolsedijk,2019-04-22,20:00:00,10,5,5,FMN GV 18 Kasterlee
84,Oudemolsedijk,2019-04-22,21:00:00,8,1,7,FMN GV 18 Kasterlee
84,Oudemolsedijk,2019-04-22,22:00:00,0,0,0,FMN GV 18 Kasterlee
84,Oudemolsedijk,2019-04-22,23:00:00,0,0,0,FMN GV 18 Kasterlee
84,Oudemolsedijk,2019-04-23,00:00:00,0,0,0,FMN GV 18 Kasterlee
84,Oudemolsedijk,2019-04-23,01:00:00,0,0,0,FMN GV 18 Kasterlee
84,Oudemolsedijk,2019-04-23,02:00:00,0,0,0,FMN GV 18 Kasterlee
84,Oudemolsedijk,2019-04-23,03:00:00,0,0,0,FMN GV 18 Kasterlee
84,Oudemolsedijk,2019-04-23,04:00:00,0,0,0,FMN GV 18 Kasterlee
84,Oudemolsedijk,2019-04-23,05:00:00,2,2,0,FMN GV 18 Kasterlee
84,Oudemolsedijk,2019-04-23,06:00:00,15,9,6,FMN GV 18 Kasterlee
84,Oudemolsedijk,2019-04-23,07:00:00,34,18,16,FMN GV 18 Kasterlee
84,Oudemolsedijk,2019-04-23,08:00:00,21,11,10,FMN GV 18 Kasterlee
84,Oudemolsedijk,2019-04-23,09:00:00,21,8,13,FMN GV 18 Kasterlee
84,Oudemolsedijk,2019-04-23,10:00:00,23,10,13,FMN GV 18 Kasterlee
84,Oudemolsedijk,2019-04-23,11:00:00,22,14,8,FMN GV 18 Kasterlee
84,Oudemolsedijk,2019-04-23,12:00:00,33,16,17,FMN GV 18 Kasterlee
84,Oudemolsedijk,2019-04-23,13:00:00,68,32,36,FMN GV 18 Kasterlee
84,Oudemolsedijk,2019-04-23,14:00:00,95,41,54,FMN GV 18 Kasterlee
84,Oudemolsedijk,2019-04-23,15:00:00,71,38,33,FMN GV 18 Kasterlee
84,Oudemolsedijk,2019-04-23,16:00:00,81,62,19,FMN GV 18 Kasterlee
84,Oudemolsedijk,2019-04-23,17:00:00,45,28,17,FMN GV 18 Kasterlee
84,Oudemolsedijk,2019-04-23,18:00:00,45,19,26,FMN GV 18 Kasterlee
84,Oudemolsedijk,2019-04-23,19:00:00,39,20,19,FMN GV 18 Kasterlee
84,Oudemolsedijk,2019-04-23,20:00:00,16,11,5,FMN GV 18 Kasterlee
84,Oudemolsedijk,2019-04-23,21:00:00,8,2,6,FMN GV 18 Kasterlee
84,Oudemolsedijk,2019-04-23,22:00:00,1,1,0,FMN GV 18 Kasterlee
84,Oudemolsedijk,2019-04-23,23:00:00,1,1,0,FMN GV 18 Kasterlee
84,Oudemolsedijk,2019-04-24,00:00:00,0,0,0,FMN GV 18 Kasterlee
84,Oudemolsedijk,2019-04-24,01:00:00,0,0,0,FMN GV 18 Kasterlee
84,Oudemolsedijk,2019-04-24,02:00:00,0,0,0,FMN GV 18 Kasterlee
84,Oudemolsedijk,2019-04-24,03:00:00,0,0,0,FMN GV 18 Kasterlee
84,Oudemolsedijk,2019-04-24,04:00:00,0,0,0,FMN GV 18 Kasterlee
84,Oudemolsedijk,2019-04-24,05:00:00,1,1,0,FMN GV 18 Kasterlee
84,Oudemolsedijk,2019-04-24,06:00:00,17,5,12,FMN GV 18 Kasterlee
84,Oudemolsedijk,2019-04-24,07:00:00,24,13,11,FMN GV 18 Kasterlee
84,Oudemolsedijk,2019-04-24,08:00:00,25,12,13,FMN GV 18 Kasterlee
84,Oudemolsedijk,2019-04-24,09:00:00,16,6,10,FMN GV 18 Kasterlee
84,Oudemolsedijk,2019-04-24,10:00:00,13,7,6,FMN GV 18 Kasterlee
84,Oudemolsedijk,2019-04-24,11:00:00,22,13,9,FMN GV 18 Kasterlee
84,Oudemolsedijk,2019-04-24,12:00:00,27,12,15,FMN GV 18 Kasterlee
84,Oudemolsedijk,2019-04-24,13:00:00,44,14,30,FMN GV 18 Kasterlee
84,Oudemolsedijk,2019-04-24,14:00:00,42,28,14,FMN GV 18 Kasterlee
84,Oudemolsedijk,2019-04-24,15:00:00,49,25,24,FMN GV 18 Kasterlee
84,Oudemolsedijk,2019-04-24,16:00:00,32,23,9,FMN GV 18 Kasterlee
84,Oudemolsedijk,2019-04-24,17:00:00,22,14,8,FMN GV 18 Kasterlee
84,Oudemolsedijk,2019-04-24,18:00:00,23,17,6,FMN GV 18 Kasterlee
84,Oudemolsedijk,2019-04-24,19:00:00,7,5,2,FMN GV 18 Kasterlee
84,Oudemolsedijk,2019-04-24,20:00:00,0,0,0,FMN GV 18 Kasterlee
84,Oudemolsedijk,2019-04-24,21:00:00,2,0,2,FMN GV 18 Kasterlee
84,Oudemolsedijk,2019-04-24,22:00:00,2,1,1,FMN GV 18 Kasterlee
84,Oudemolsedijk,2019-04-24,23:00:00,0,0,0,FMN GV 18 Kasterlee
84,Oudemolsedijk,2019-04-25,00:00:00,0,0,0,FMN GV 18 Kasterlee
84,Oudemolsedijk,2019-04-25,01:00:00,0,0,0,FMN GV 18 Kasterlee
84,Oudemolsedijk,2019-04-25,02:00:00,0,0,0,FMN GV 18 Kasterlee
84,Oudemolsedijk,2019-04-25,03:00:00,0,0,0,FMN GV 18 Kasterlee
84,Oudemolsedijk,2019-04-25,04:00:00,0,0,0,FMN GV 18 Kasterlee
84,Oudemolsedijk,2019-04-25,05:00:00,2,2,0,FMN GV 18 Kasterlee
84,Oudemolsedijk,2019-04-25,06:00:00,7,2,5,FMN GV 18 Kasterlee
84,Oudemolsedijk,2019-04-25,07:00:00,16,10,6,FMN GV 18 Kasterlee
84,Oudemolsedijk,2019-04-25,08:00:00,19,12,7,FMN GV 18 Kasterlee
84,Oudemolsedijk,2019-04-25,09:00:00,9,3,6,FMN GV 18 Kasterlee
84,Oudemolsedijk,2019-04-25,10:00:00,14,7,7,FMN GV 18 Kasterlee
84,Oudemolsedijk,2019-04-25,11:00:00,20,12,8,FMN GV 18 Kasterlee
84,Oudemolsedijk,2019-04-25,12:00:00,14,10,4,FMN GV 18 Kasterlee
84,Oudemolsedijk,2019-04-25,13:00:00,19,15,4,FMN GV 18 Kasterlee
84,Oudemolsedijk,2019-04-25,14:00:00,31,25,6,FMN GV 18 Kasterlee
84,Oudemolsedijk,2019-04-25,15:00:00,12,5,7,FMN GV 18 Kasterlee
84,Oudemolsedijk,2019-04-25,16:00:00,18,12,6,FMN GV 18 Kasterlee
84,Oudemolsedijk,2019-04-25,17:00:00,22,12,10,FMN GV 18 Kasterlee
84,Oudemolsedijk,2019-04-25,18:00:00,13,4,9,FMN GV 18 Kasterlee
84,Oudemolsedijk,2019-04-25,19:00:00,15,3,12,FMN GV 18 Kasterlee
84,Oudemolsedijk,2019-04-25,20:00:00,12,6,6,FMN GV 18 Kasterlee
84,Oudemolsedijk,2019-04-25,21:00:00,4,1,3,FMN GV 18 Kasterlee
84,Oudemolsedijk,2019-04-25,22:00:00,2,1,1,FMN GV 18 Kasterlee
84,Oudemolsedijk,2019-04-25,23:00:00,0,0,0,FMN GV 18 Kasterlee
84,Oudemolsedijk,2019-04-26,00:00:00,0,0,0,FMN GV 18 Kasterlee
84,Oudemolsedijk,2019-04-26,01:00:00,0,0,0,FMN GV 18 Kasterlee
84,Oudemolsedijk,2019-04-26,02:00:00,0,0,0,FMN GV 18 Kasterlee
84,Oudemolsedijk,2019-04-26,03:00:00,0,0,0,FMN GV 18 Kasterlee
84,Oudemolsedijk,2019-04-26,04:00:00,0,0,0,FMN GV 18 Kasterlee
84,Oudemolsedijk,2019-04-26,05:00:00,2,2,0,FMN GV 18 Kasterlee
84,Oudemolsedijk,2019-04-26,06:00:00,9,6,3,FMN GV 18 Kasterlee
84,Oudemolsedijk,2019-04-26,07:00:00,15,11,4,FMN GV 18 Kasterlee
84,Oudemolsedijk,2019-04-26,08:00:00,20,7,13,FMN GV 18 Kasterlee
84,Oudemolsedijk,2019-04-26,09:00:00,12,9,3,FMN GV 18 Kasterlee
84,Oudemolsedijk,2019-04-26,10:00:00,11,9,2,FMN GV 18 Kasterlee
84,Oudemolsedijk,2019-04-26,11:00:00,14,7,7,FMN GV 18 Kasterlee
84,Oudemolsedijk,2019-04-26,12:00:00,14,5,9,FMN GV 18 Kasterlee
84,Oudemolsedijk,2019-04-26,13:00:00,17,12,5,FMN GV 18 Kasterlee
84,Oudemolsedijk,2019-04-26,14:00:00,37,20,17,FMN GV 18 Kasterlee
84,Oudemolsedijk,2019-04-26,15:00:00,25,13,12,FMN GV 18 Kasterlee
84,Oudemolsedijk,2019-04-26,16:00:00,44,28,16,FMN GV 18 Kasterlee
84,Oudemolsedijk,2019-04-26,17:00:00,32,19,13,FMN GV 18 Kasterlee
84,Oudemolsedijk,2019-04-26,18:00:00,21,16,5,FMN GV 18 Kasterlee
84,Oudemolsedijk,2019-04-26,19:00:00,17,14,3,FMN GV 18 Kasterlee
84,Oudemolsedijk,2019-04-26,20:00:00,5,1,4,FMN GV 18 Kasterlee
84,Oudemolsedijk,2019-04-26,21:00:00,3,1,2,FMN GV 18 Kasterlee
84,Oudemolsedijk,2019-04-26,22:00:00,3,3,0,FMN GV 18 Kasterlee
84,Oudemolsedijk,2019-04-26,23:00:00,1,1,0,FMN GV 18 Kasterlee
84,Oudemolsedijk,2019-04-27,00:00:00,3,2,1,FMN GV 18 Kasterlee
84,Oudemolsedijk,2019-04-27,01:00:00,0,0,0,FMN GV 18 Kasterlee
84,Oudemolsedijk,2019-04-27,02:00:00,1,0,1,FMN GV 18 Kasterlee
84,Oudemolsedijk,2019-04-27,03:00:00,1,0,1,FMN GV 18 Kasterlee
84,Oudemolsedijk,2019-04-27,04:00:00,0,0,0,FMN GV 18 Kasterlee
84,Oudemolsedijk,2019-04-27,05:00:00,0,0,0,FMN GV 18 Kasterlee
84,Oudemolsedijk,2019-04-27,06:00:00,3,2,1,FMN GV 18 Kasterlee
84,Oudemolsedijk,2019-04-27,07:00:00,3,2,1,FMN GV 18 Kasterlee
84,Oudemolsedijk,2019-04-27,08:00:00,5,0,5,FMN GV 18 Kasterlee
84,Oudemolsedijk,2019-04-27,09:00:00,7,7,0,FMN GV 18 Kasterlee
84,Oudemolsedijk,2019-04-27,10:00:00,2,1,1,FMN GV 18 Kasterlee
84,Oudemolsedijk,2019-04-27,11:00:00,8,6,2,FMN GV 18 Kasterlee
84,Oudemolsedijk,2019-04-27,12:00:00,12,1,11,FMN GV 18 Kasterlee
84,Oudemolsedijk,2019-04-27,13:00:00,41,9,32,FMN GV 18 Kasterlee
84,Oudemolsedijk,2019-04-27,14:00:00,28,19,9,FMN GV 18 Kasterlee
84,Oudemolsedijk,2019-04-27,15:00:00,22,17,5,FMN GV 18 Kasterlee
84,Oudemolsedijk,2019-04-27,16:00:00,14,6,8,FMN GV 18 Kasterlee
84,Oudemolsedijk,2019-04-27,17:00:00,11,9,2,FMN GV 18 Kasterlee
84,Oudemolsedijk,2019-04-27,18:00:00,4,3,1,FMN GV 18 Kasterlee
84,Oudemolsedijk,2019-04-27,19:00:00,2,1,1,FMN GV 18 Kasterlee
84,Oudemolsedijk,2019-04-27,20:00:00,1,0,1,FMN GV 18 Kasterlee
84,Oudemolsedijk,2019-04-27,21:00:00,0,0,0,FMN GV 18 Kasterlee
84,Oudemolsedijk,2019-04-27,22:00:00,6,0,6,FMN GV 18 Kasterlee
84,Oudemolsedijk,2019-04-27,23:00:00,13,0,13,FMN GV 18 Kasterlee
84,Oudemolsedijk,2019-04-28,00:00:00,0,0,0,FMN GV 18 Kasterlee
84,Oudemolsedijk,2019-04-28,01:00:00,15,10,5,FMN GV 18 Kasterlee
84,Oudemolsedijk,2019-04-28,02:00:00,5,5,0,FMN GV 18 Kasterlee
84,Oudemolsedijk,2019-04-28,03:00:00,2,2,0,FMN GV 18 Kasterlee
84,Oudemolsedijk,2019-04-28,04:00:00,1,1,0,FMN GV 18 Kasterlee
84,Oudemolsedijk,2019-04-28,05:00:00,0,0,0,FMN GV 18 Kasterlee
84,Oudemolsedijk,2019-04-28,06:00:00,0,0,0,FMN GV 18 Kasterlee
84,Oudemolsedijk,2019-04-28,07:00:00,5,1,4,FMN GV 18 Kasterlee
84,Oudemolsedijk,2019-04-28,08:00:00,5,2,3,FMN GV 18 Kasterlee
84,Oudemolsedijk,2019-04-28,09:00:00,30,21,9,FMN GV 18 Kasterlee
84,Oudemolsedijk,2019-04-28,10:00:00,53,30,23,FMN GV 18 Kasterlee
84,Oudemolsedijk,2019-04-28,11:00:00,29,18,11,FMN GV 18 Kasterlee
84,Oudemolsedijk,2019-04-28,12:00:00,10,9,1,FMN GV 18 Kasterlee
84,Oudemolsedijk,2019-04-28,13:00:00,7,3,4,FMN GV 18 Kasterlee
84,Oudemolsedijk,2019-04-28,14:00:00,20,13,7,FMN GV 18 Kasterlee
84,Oudemolsedijk,2019-04-28,15:00:00,21,14,7,FMN GV 18 Kasterlee
84,Oudemolsedijk,2019-04-28,16:00:00,5,5,0,FMN GV 18 Kasterlee
84,Oudemolsedijk,2019-04-28,17:00:00,8,4,4,FMN GV 18 Kasterlee
84,Oudemolsedijk,2019-04-28,18:00:00,2,0,2,FMN GV 18 Kasterlee
84,Oudemolsedijk,2019-04-28,19:00:00,4,3,1,FMN GV 18 Kasterlee
84,Oudemolsedijk,2019-04-28,20:00:00,7,4,3,FMN GV 18 Kasterlee
84,Oudemolsedijk,2019-04-28,21:00:00,1,1,0,FMN GV 18 Kasterlee
84,Oudemolsedijk,2019-04-28,22:00:00,0,0,0,FMN GV 18 Kasterlee
84,Oudemolsedijk,2019-04-28,23:00:00,0,0,0,FMN GV 18 Kasterlee
84,Oudemolsedijk,2019-04-29,00:00:00,0,0,0,FMN GV 18 Kasterlee
84,Oudemolsedijk,2019-04-29,01:00:00,0,0,0,FMN GV 18 Kasterlee
84,Oudemolsedijk,2019-04-29,02:00:00,0,0,0,FMN GV 18 Kasterlee
84,Oudemolsedijk,2019-04-29,03:00:00,0,0,0,FMN GV 18 Kasterlee
84,Oudemolsedijk,2019-04-29,04:00:00,1,1,0,FMN GV 18 Kasterlee
84,Oudemolsedijk,2019-04-29,05:00:00,2,2,0,FMN GV 18 Kasterlee
84,Oudemolsedijk,2019-04-29,06:00:00,13,5,8,FMN GV 18 Kasterlee
84,Oudemolsedijk,2019-04-29,07:00:00,26,10,16,FMN GV 18 Kasterlee
84,Oudemolsedijk,2019-04-29,08:00:00,21,12,9,FMN GV 18 Kasterlee
84,Oudemolsedijk,2019-04-29,09:00:00,8,3,5,FMN GV 18 Kasterlee
84,Oudemolsedijk,2019-04-29,10:00:00,15,12,3,FMN GV 18 Kasterlee
84,Oudemolsedijk,2019-04-29,11:00:00,11,6,5,FMN GV 18 Kasterlee
84,Oudemolsedijk,2019-04-29,12:00:00,23,17,6,FMN GV 18 Kasterlee
84,Oudemolsedijk,2019-04-29,13:00:00,42,22,20,FMN GV 18 Kasterlee
84,Oudemolsedijk,2019-04-29,14:00:00,76,50,26,FMN GV 18 Kasterlee
84,Oudemolsedijk,2019-04-29,15:00:00,73,35,38,FMN GV 18 Kasterlee
84,Oudemolsedijk,2019-04-29,16:00:00,73,33,40,FMN GV 18 Kasterlee
84,Oudemolsedijk,2019-04-29,17:00:00,37,24,13,FMN GV 18 Kasterlee
84,Oudemolsedijk,2019-04-29,18:00:00,22,17,5,FMN GV 18 Kasterlee
84,Oudemolsedijk,2019-04-29,19:00:00,28,13,15,FMN GV 18 Kasterlee
84,Oudemolsedijk,2019-04-29,20:00:00,6,2,4,FMN GV 18 Kasterlee
84,Oudemolsedijk,2019-04-29,21:00:00,4,3,1,FMN GV 18 Kasterlee
84,Oudemolsedijk,2019-04-29,22:00:00,2,0,2,FMN GV 18 Kasterlee
84,Oudemolsedijk,2019-04-29,23:00:00,1,1,0,FMN GV 18 Kasterlee
84,Oudemolsedijk,2019-04-30,00:00:00,0,0,0,FMN GV 18 Kasterlee
84,Oudemolsedijk,2019-04-30,01:00:00,0,0,0,FMN GV 18 Kasterlee
84,Oudemolsedijk,2019-04-30,02:00:00,0,0,0,FMN GV 18 Kasterlee
84,Oudemolsedijk,2019-04-30,03:00:00,0,0,0,FMN GV 18 Kasterlee
84,Oudemolsedijk,2019-04-30,04:00:00,2,2,0,FMN GV 18 Kasterlee
84,Oudemolsedijk,2019-04-30,05:00:00,5,3,2,FMN GV 18 Kasterlee
84,Oudemolsedijk,2019-04-30,06:00:00,8,5,3,FMN GV 18 Kasterlee
84,Oudemolsedijk,2019-04-30,07:00:00,25,13,12,FMN GV 18 Kasterlee
84,Oudemolsedijk,2019-04-30,08:00:00,25,14,11,FMN GV 18 Kasterlee
84,Oudemolsedijk,2019-04-30,09:00:00,13,4,9,FMN GV 18 Kasterlee
84,Oudemolsedijk,2019-04-30,10:00:00,23,5,18,FMN GV 18 Kasterlee
84,Oudemolsedijk,2019-04-30,11:00:00,20,16,4,FMN GV 18 Kasterlee
84,Oudemolsedijk,2019-04-30,12:00:00,13,9,4,FMN GV 18 Kasterlee
84,Oudemolsedijk,2019-04-30,13:00:00,50,27,23,FMN GV 18 Kasterlee
84,Oudemolsedijk,2019-04-30,14:00:00,93,43,50,FMN GV 18 Kasterlee
84,Oudemolsedijk,2019-04-30,15:00:00,59,26,33,FMN GV 18 Kasterlee
84,Oudemolsedijk,2019-04-30,16:00:00,62,49,13,FMN GV 18 Kasterlee
84,Oudemolsedijk,2019-04-30,17:00:00,41,19,22,FMN GV 18 Kasterlee
84,Oudemolsedijk,2019-04-30,18:00:00,21,11,10,FMN GV 18 Kasterlee
84,Oudemolsedijk,2019-04-30,19:00:00,29,8,21,FMN GV 18 Kasterlee
84,Oudemolsedijk,2019-04-30,20:00:00,4,0,4,FMN GV 18 Kasterlee
84,Oudemolsedijk,2019-04-30,21:00:00,1,0,1,FMN GV 18 Kasterlee
84,Oudemolsedijk,2019-04-30,22:00:00,4,2,2,FMN GV 18 Kasterlee
84,Oudemolsedijk,2019-04-30,23:00:00,3,2,1,FMN GV 18 Kasterlee
84,Oudemolsedijk,2019-05-01,00:00:00,0,0,0,FMN GV 18 Kasterlee
84,Oudemolsedijk,2019-05-01,01:00:00,0,0,0,FMN GV 18 Kasterlee
84,Oudemolsedijk,2019-05-01,02:00:00,0,0,0,FMN GV 18 Kasterlee
84,Oudemolsedijk,2019-05-01,03:00:00,1,0,1,FMN GV 18 Kasterlee
84,Oudemolsedijk,2019-05-01,04:00:00,1,0,1,FMN GV 18 Kasterlee
84,Oudemolsedijk,2019-05-01,05:00:00,0,0,0,FMN GV 18 Kasterlee
84,Oudemolsedijk,2019-05-01,06:00:00,1,1,0,FMN GV 18 Kasterlee
84,Oudemolsedijk,2019-05-01,07:00:00,4,2,2,FMN GV 18 Kasterlee
84,Oudemolsedijk,2019-05-01,08:00:00,42,13,29,FMN GV 18 Kasterlee
84,Oudemolsedijk,2019-05-01,09:00:00,46,38,8,FMN GV 18 Kasterlee
84,Oudemolsedijk,2019-05-01,10:00:00,41,13,28,FMN GV 18 Kasterlee
84,Oudemolsedijk,2019-05-01,11:00:00,65,19,46,FMN GV 18 Kasterlee
84,Oudemolsedijk,2019-05-01,12:00:00,44,22,22,FMN GV 18 Kasterlee
84,Oudemolsedijk,2019-05-01,13:00:00,80,40,40,FMN GV 18 Kasterlee
84,Oudemolsedijk,2019-05-01,14:00:00,139,94,45,FMN GV 18 Kasterlee
84,Oudemolsedijk,2019-05-01,15:00:00,150,70,80,FMN GV 18 Kasterlee
84,Oudemolsedijk,2019-05-01,16:00:00,92,43,49,FMN GV 18 Kasterlee
84,Oudemolsedijk,2019-05-01,17:00:00,70,43,27,FMN GV 18 Kasterlee
84,Oudemolsedijk,2019-05-01,18:00:00,51,27,24,FMN GV 18 Kasterlee
84,Oudemolsedijk,2019-05-01,19:00:00,28,14,14,FMN GV 18 Kasterlee
84,Oudemolsedijk,2019-05-01,20:00:00,23,12,11,FMN GV 18 Kasterlee
84,Oudemolsedijk,2019-05-01,21:00:00,5,4,1,FMN GV 18 Kasterlee
84,Oudemolsedijk,2019-05-01,22:00:00,2,1,1,FMN GV 18 Kasterlee
84,Oudemolsedijk,2019-05-01,23:00:00,0,0,0,FMN GV 18 Kasterlee
84,Oudemolsedijk,2019-05-02,00:00:00,0,0,0,FMN GV 18 Kasterlee
84,Oudemolsedijk,2019-05-02,01:00:00,0,0,0,FMN GV 18 Kasterlee
84,Oudemolsedijk,2019-05-02,02:00:00,0,0,0,FMN GV 18 Kasterlee
84,Oudemolsedijk,2019-05-02,03:00:00,0,0,0,FMN GV 18 Kasterlee
84,Oudemolsedijk,2019-05-02,04:00:00,1,1,0,FMN GV 18 Kasterlee
84,Oudemolsedijk,2019-05-02,05:00:00,5,5,0,FMN GV 18 Kasterlee
84,Oudemolsedijk,2019-05-02,06:00:00,5,2,3,FMN GV 18 Kasterlee
84,Oudemolsedijk,2019-05-02,07:00:00,19,10,9,FMN GV 18 Kasterlee
84,Oudemolsedijk,2019-05-02,08:00:00,17,10,7,FMN GV 18 Kasterlee
84,Oudemolsedijk,2019-05-02,09:00:00,10,3,7,FMN GV 18 Kasterlee
84,Oudemolsedijk,2019-05-02,10:00:00,20,7,13,FMN GV 18 Kasterlee
84,Oudemolsedijk,2019-05-02,11:00:00,24,13,11,FMN GV 18 Kasterlee
84,Oudemolsedijk,2019-05-02,12:00:00,49,17,32,FMN GV 18 Kasterlee
84,Oudemolsedijk,2019-05-02,13:00:00,12,6,6,FMN GV 18 Kasterlee
84,Oudemolsedijk,2019-05-02,14:00:00,44,24,20,FMN GV 18 Kasterlee
84,Oudemolsedijk,2019-05-02,15:00:00,11,8,3,FMN GV 18 Kasterlee
84,Oudemolsedijk,2019-05-02,16:00:00,20,13,7,FMN GV 18 Kasterlee
84,Oudemolsedijk,2019-05-02,17:00:00,9,6,3,FMN GV 18 Kasterlee
84,Oudemolsedijk,2019-05-02,18:00:00,9,4,5,FMN GV 18 Kasterlee
84,Oudemolsedijk,2019-05-02,19:00:00,10,8,2,FMN GV 18 Kasterlee
84,Oudemolsedijk,2019-05-02,20:00:00,19,9,10,FMN GV 18 Kasterlee
84,Oudemolsedijk,2019-05-02,21:00:00,0,0,0,FMN GV 18 Kasterlee
84,Oudemolsedijk,2019-05-02,22:00:00,0,0,0,FMN GV 18 Kasterlee
84,Oudemolsedijk,2019-05-02,23:00:00,0,0,0,FMN GV 18 Kasterlee
84,Oudemolsedijk,2019-05-03,00:00:00,0,0,0,FMN GV 18 Kasterlee
84,Oudemolsedijk,2019-05-03,01:00:00,0,0,0,FMN GV 18 Kasterlee
84,Oudemolsedijk,2019-05-03,02:00:00,0,0,0,FMN GV 18 Kasterlee
84,Oudemolsedijk,2019-05-03,03:00:00,0,0,0,FMN GV 18 Kasterlee
84,Oudemolsedijk,2019-05-03,04:00:00,1,1,0,FMN GV 18 Kasterlee
84,Oudemolsedijk,2019-05-03,05:00:00,2,2,0,FMN GV 18 Kasterlee
84,Oudemolsedijk,2019-05-03,06:00:00,7,4,3,FMN GV 18 Kasterlee
84,Oudemolsedijk,2019-05-03,07:00:00,18,10,8,FMN GV 18 Kasterlee
84,Oudemolsedijk,2019-05-03,08:00:00,16,10,6,FMN GV 18 Kasterlee
84,Oudemolsedijk,2019-05-03,09:00:00,9,4,5,FMN GV 18 Kasterlee
84,Oudemolsedijk,2019-05-03,10:00:00,12,8,4,FMN GV 18 Kasterlee
84,Oudemolsedijk,2019-05-03,11:00:00,9,4,5,FMN GV 18 Kasterlee
84,Oudemolsedijk,2019-05-03,12:00:00,14,4,10,FMN GV 18 Kasterlee
84,Oudemolsedijk,2019-05-03,13:00:00,21,12,9,FMN GV 18 Kasterlee
84,Oudemolsedijk,2019-05-03,14:00:00,37,16,21,FMN GV 18 Kasterlee
84,Oudemolsedijk,2019-05-03,15:00:00,31,16,15,FMN GV 18 Kasterlee
84,Oudemolsedijk,2019-05-03,16:00:00,27,18,9,FMN GV 18 Kasterlee
84,Oudemolsedijk,2019-05-03,17:00:00,21,9,12,FMN GV 18 Kasterlee
84,Oudemolsedijk,2019-05-03,18:00:00,13,8,5,FMN GV 18 Kasterlee
84,Oudemolsedijk,2019-05-03,19:00:00,6,4,2,FMN GV 18 Kasterlee
84,Oudemolsedijk,2019-05-03,20:00:00,7,3,4,FMN GV 18 Kasterlee
84,Oudemolsedijk,2019-05-03,21:00:00,2,0,2,FMN GV 18 Kasterlee
84,Oudemolsedijk,2019-05-03,22:00:00,0,0,0,FMN GV 18 Kasterlee
84,Oudemolsedijk,2019-05-03,23:00:00,0,0,0,FMN GV 18 Kasterlee
84,Oudemolsedijk,2019-05-04,00:00:00,0,0,0,FMN GV 18 Kasterlee
84,Oudemolsedijk,2019-05-04,01:00:00,0,0,0,FMN GV 18 Kasterlee
84,Oudemolsedijk,2019-05-04,02:00:00,0,0,0,FMN GV 18 Kasterlee
84,Oudemolsedijk,2019-05-04,03:00:00,1,0,1,FMN GV 18 Kasterlee
84,Oudemolsedijk,2019-05-04,04:00:00,0,0,0,FMN GV 18 Kasterlee
84,Oudemolsedijk,2019-05-04,05:00:00,0,0,0,FMN GV 18 Kasterlee
84,Oudemolsedijk,2019-05-04,06:00:00,0,0,0,FMN GV 18 Kasterlee
84,Oudemolsedijk,2019-05-04,07:00:00,20,5,15,FMN GV 18 Kasterlee
84,Oudemolsedijk,2019-05-04,08:00:00,1,0,1,FMN GV 18 Kasterlee
84,Oudemolsedijk,2019-05-04,09:00:00,10,7,3,FMN GV 18 Kasterlee
84,Oudemolsedijk,2019-05-04,10:00:00,23,15,8,FMN GV 18 Kasterlee
84,Oudemolsedijk,2019-05-04,11:00:00,14,12,2,FMN GV 18 Kasterlee
84,Oudemolsedijk,2019-05-04,12:00:00,11,6,5,FMN GV 18 Kasterlee
84,Oudemolsedijk,2019-05-04,13:00:00,11,9,2,FMN GV 18 Kasterlee
84,Oudemolsedijk,2019-05-04,14:00:00,12,5,7,FMN GV 18 Kasterlee
84,Oudemolsedijk,2019-05-04,15:00:00,23,8,15,FMN GV 18 Kasterlee
84,Oudemolsedijk,2019-05-04,16:00:00,3,1,2,FMN GV 18 Kasterlee
84,Oudemolsedijk,2019-05-04,17:00:00,6,4,2,FMN GV 18 Kasterlee
84,Oudemolsedijk,2019-05-04,18:00:00,8,4,4,FMN GV 18 Kasterlee
84,Oudemolsedijk,2019-05-04,19:00:00,3,0,3,FMN GV 18 Kasterlee
84,Oudemolsedijk,2019-05-04,20:00:00,0,0,0,FMN GV 18 Kasterlee
84,Oudemolsedijk,2019-05-04,21:00:00,1,1,0,FMN GV 18 Kasterlee
84,Oudemolsedijk,2019-05-04,22:00:00,1,0,1,FMN GV 18 Kasterlee
84,Oudemolsedijk,2019-05-04,23:00:00,0,0,0,FMN GV 18 Kasterlee
84,Oudemolsedijk,2019-05-05,00:00:00,0,0,0,FMN GV 18 Kasterlee
84,Oudemolsedijk,2019-05-05,01:00:00,3,0,3,FMN GV 18 Kasterlee
84,Oudemolsedijk,2019-05-05,02:00:00,0,0,0,FMN GV 18 Kasterlee
84,Oudemolsedijk,2019-05-05,03:00:00,0,0,0,FMN GV 18 Kasterlee
84,Oudemolsedijk,2019-05-05,04:00:00,0,0,0,FMN GV 18 Kasterlee
84,Oudemolsedijk,2019-05-05,05:00:00,0,0,0,FMN GV 18 Kasterlee
84,Oudemolsedijk,2019-05-05,06:00:00,0,0,0,FMN GV 18 Kasterlee
84,Oudemolsedijk,2019-05-05,07:00:00,5,4,1,FMN GV 18 Kasterlee
84,Oudemolsedijk,2019-05-05,08:00:00,24,5,19,FMN GV 18 Kasterlee
84,Oudemolsedijk,2019-05-05,09:00:00,67,41,26,FMN GV 18 Kasterlee
84,Oudemolsedijk,2019-05-05,10:00:00,98,59,39,FMN GV 18 Kasterlee
84,Oudemolsedijk,2019-05-05,11:00:00,68,47,21,FMN GV 18 Kasterlee
84,Oudemolsedijk,2019-05-05,12:00:00,16,11,5,FMN GV 18 Kasterlee
84,Oudemolsedijk,2019-05-05,13:00:00,18,13,5,FMN GV 18 Kasterlee
84,Oudemolsedijk,2019-05-05,14:00:00,16,9,7,FMN GV 18 Kasterlee
84,Oudemolsedijk,2019-05-05,15:00:00,14,12,2,FMN GV 18 Kasterlee
84,Oudemolsedijk,2019-05-05,16:00:00,31,18,13,FMN GV 18 Kasterlee
84,Oudemolsedijk,2019-05-05,17:00:00,7,5,2,FMN GV 18 Kasterlee
84,Oudemolsedijk,2019-05-05,18:00:00,5,1,4,FMN GV 18 Kasterlee
84,Oudemolsedijk,2019-05-05,19:00:00,4,0,4,FMN GV 18 Kasterlee
84,Oudemolsedijk,2019-05-05,20:00:00,2,2,0,FMN GV 18 Kasterlee
84,Oudemolsedijk,2019-05-05,21:00:00,0,0,0,FMN GV 18 Kasterlee
84,Oudemolsedijk,2019-05-05,22:00:00,0,0,0,FMN GV 18 Kasterlee
84,Oudemolsedijk,2019-05-05,23:00:00,0,0,0,FMN GV 18 Kasterlee
84,Oudemolsedijk,2019-05-06,00:00:00,0,0,0,FMN GV 18 Kasterlee
84,Oudemolsedijk,2019-05-06,01:00:00,0,0,0,FMN GV 18 Kasterlee
84,Oudemolsedijk,2019-05-06,02:00:00,0,0,0,FMN GV 18 Kasterlee
84,Oudemolsedijk,2019-05-06,03:00:00,0,0,0,FMN GV 18 Kasterlee
84,Oudemolsedijk,2019-05-06,04:00:00,0,0,0,FMN GV 18 Kasterlee
84,Oudemolsedijk,2019-05-06,05:00:00,4,2,2,FMN GV 18 Kasterlee
84,Oudemolsedijk,2019-05-06,06:00:00,4,1,3,FMN GV 18 Kasterlee
84,Oudemolsedijk,2019-05-06,07:00:00,18,8,10,FMN GV 18 Kasterlee
84,Oudemolsedijk,2019-05-06,08:00:00,17,7,10,FMN GV 18 Kasterlee
84,Oudemolsedijk,2019-05-06,09:00:00,2,2,0,FMN GV 18 Kasterlee
84,Oudemolsedijk,2019-05-06,10:00:00,2,0,2,FMN GV 18 Kasterlee
84,Oudemolsedijk,2019-05-06,11:00:00,10,8,2,FMN GV 18 Kasterlee
84,Oudemolsedijk,2019-05-06,12:00:00,5,5,0,FMN GV 18 Kasterlee
84,Oudemolsedijk,2019-05-06,13:00:00,24,19,5,FMN GV 18 Kasterlee
84,Oudemolsedijk,2019-05-06,14:00:00,12,8,4,FMN GV 18 Kasterlee
84,Oudemolsedijk,2019-05-06,15:00:00,17,8,9,FMN GV 18 Kasterlee
84,Oudemolsedijk,2019-05-06,16:00:00,22,11,11,FMN GV 18 Kasterlee
84,Oudemolsedijk,2019-05-06,17:00:00,15,10,5,FMN GV 18 Kasterlee
84,Oudemolsedijk,2019-05-06,18:00:00,17,13,4,FMN GV 18 Kasterlee
84,Oudemolsedijk,2019-05-06,19:00:00,13,5,8,FMN GV 18 Kasterlee
84,Oudemolsedijk,2019-05-06,20:00:00,2,1,1,FMN GV 18 Kasterlee
84,Oudemolsedijk,2019-05-06,21:00:00,1,0,1,FMN GV 18 Kasterlee
84,Oudemolsedijk,2019-05-06,22:00:00,1,1,0,FMN GV 18 Kasterlee
84,Oudemolsedijk,2019-05-06,23:00:00,0,0,0,FMN GV 18 Kasterlee
84,Oudemolsedijk,2019-05-07,00:00:00,0,0,0,FMN GV 18 Kasterlee
84,Oudemolsedijk,2019-05-07,01:00:00,0,0,0,FMN GV 18 Kasterlee
84,Oudemolsedijk,2019-05-07,02:00:00,0,0,0,FMN GV 18 Kasterlee
84,Oudemolsedijk,2019-05-07,03:00:00,0,0,0,FMN GV 18 Kasterlee
84,Oudemolsedijk,2019-05-07,04:00:00,0,0,0,FMN GV 18 Kasterlee
84,Oudemolsedijk,2019-05-07,05:00:00,3,2,1,FMN GV 18 Kasterlee
84,Oudemolsedijk,2019-05-07,06:00:00,12,6,6,FMN GV 18 Kasterlee
84,Oudemolsedijk,2019-05-07,07:00:00,18,10,8,FMN GV 18 Kasterlee
84,Oudemolsedijk,2019-05-07,08:00:00,15,7,8,FMN GV 18 Kasterlee
84,Oudemolsedijk,2019-05-07,09:00:00,21,15,6,FMN GV 18 Kasterlee
84,Oudemolsedijk,2019-05-07,10:00:00,21,8,13,FMN GV 18 Kasterlee
84,Oudemolsedijk,2019-05-07,11:00:00,19,12,7,FMN GV 18 Kasterlee
84,Oudemolsedijk,2019-05-07,12:00:00,47,32,15,FMN GV 18 Kasterlee
84,Oudemolsedijk,2019-05-07,13:00:00,53,27,26,FMN GV 18 Kasterlee
84,Oudemolsedijk,2019-05-07,14:00:00,52,36,16,FMN GV 18 Kasterlee
84,Oudemolsedijk,2019-05-07,15:00:00,49,19,30,FMN GV 18 Kasterlee
84,Oudemolsedijk,2019-05-07,16:00:00,35,21,14,FMN GV 18 Kasterlee
84,Oudemolsedijk,2019-05-07,17:00:00,33,21,12,FMN GV 18 Kasterlee
84,Oudemolsedijk,2019-05-07,18:00:00,25,8,17,FMN GV 18 Kasterlee
84,Oudemolsedijk,2019-05-07,19:00:00,28,23,5,FMN GV 18 Kasterlee
84,Oudemolsedijk,2019-05-07,20:00:00,28,19,9,FMN GV 18 Kasterlee
84,Oudemolsedijk,2019-05-07,21:00:00,10,7,3,FMN GV 18 Kasterlee
84,Oudemolsedijk,2019-05-07,22:00:00,2,1,1,FMN GV 18 Kasterlee
84,Oudemolsedijk,2019-05-07,23:00:00,1,1,0,FMN GV 18 Kasterlee
84,Oudemolsedijk,2019-05-08,00:00:00,0,0,0,FMN GV 18 Kasterlee
84,Oudemolsedijk,2019-05-08,01:00:00,0,0,0,FMN GV 18 Kasterlee
84,Oudemolsedijk,2019-05-08,02:00:00,0,0,0,FMN GV 18 Kasterlee
84,Oudemolsedijk,2019-05-08,03:00:00,0,0,0,FMN GV 18 Kasterlee
84,Oudemolsedijk,2019-05-08,04:00:00,0,0,0,FMN GV 18 Kasterlee
84,Oudemolsedijk,2019-05-08,05:00:00,2,1,1,FMN GV 18 Kasterlee
84,Oudemolsedijk,2019-05-08,06:00:00,6,1,5,FMN GV 18 Kasterlee
84,Oudemolsedijk,2019-05-08,07:00:00,8,4,4,FMN GV 18 Kasterlee
84,Oudemolsedijk,2019-05-08,08:00:00,15,7,8,FMN GV 18 Kasterlee
84,Oudemolsedijk,2019-05-08,09:00:00,6,3,3,FMN GV 18 Kasterlee
84,Oudemolsedijk,2019-05-08,10:00:00,3,2,1,FMN GV 18 Kasterlee
84,Oudemolsedijk,2019-05-08,11:00:00,4,4,0,FMN GV 18 Kasterlee
84,Oudemolsedijk,2019-05-08,12:00:00,9,3,6,FMN GV 18 Kasterlee
84,Oudemolsedijk,2019-05-08,13:00:00,3,1,2,FMN GV 18 Kasterlee
84,Oudemolsedijk,2019-05-08,14:00:00,3,0,3,FMN GV 18 Kasterlee
84,Oudemolsedijk,2019-05-08,15:00:00,3,1,2,FMN GV 18 Kasterlee
84,Oudemolsedijk,2019-05-08,16:00:00,8,4,4,FMN GV 18 Kasterlee
84,Oudemolsedijk,2019-05-08,17:00:00,9,4,5,FMN GV 18 Kasterlee
84,Oudemolsedijk,2019-05-08,18:00:00,4,2,2,FMN GV 18 Kasterlee
84,Oudemolsedijk,2019-05-08,19:00:00,13,10,3,FMN GV 18 Kasterlee
84,Oudemolsedijk,2019-05-08,20:00:00,18,13,5,FMN GV 18 Kasterlee
84,Oudemolsedijk,2019-05-08,21:00:00,2,1,1,FMN GV 18 Kasterlee
84,Oudemolsedijk,2019-05-08,22:00:00,0,0,0,FMN GV 18 Kasterlee
84,Oudemolsedijk,2019-05-08,23:00:00,1,1,0,FMN GV 18 Kasterlee
84,Oudemolsedijk,2019-05-09,00:00:00,0,0,0,FMN GV 18 Kasterlee
84,Oudemolsedijk,2019-05-09,01:00:00,0,0,0,FMN GV 18 Kasterlee
84,Oudemolsedijk,2019-05-09,02:00:00,0,0,0,FMN GV 18 Kasterlee
84,Oudemolsedijk,2019-05-09,03:00:00,0,0,0,FMN GV 18 Kasterlee
84,Oudemolsedijk,2019-05-09,04:00:00,0,0,0,FMN GV 18 Kasterlee
84,Oudemolsedijk,2019-05-09,05:00:00,2,2,0,FMN GV 18 Kasterlee
84,Oudemolsedijk,2019-05-09,06:00:00,6,3,3,FMN GV 18 Kasterlee
84,Oudemolsedijk,2019-05-09,07:00:00,18,10,8,FMN GV 18 Kasterlee
84,Oudemolsedijk,2019-05-09,08:00:00,21,9,12,FMN GV 18 Kasterlee
84,Oudemolsedijk,2019-05-09,09:00:00,9,6,3,FMN GV 18 Kasterlee
84,Oudemolsedijk,2019-05-09,10:00:00,21,5,16,FMN GV 18 Kasterlee
84,Oudemolsedijk,2019-05-09,11:00:00,11,5,6,FMN GV 18 Kasterlee
84,Oudemolsedijk,2019-05-09,12:00:00,22,7,15,FMN GV 18 Kasterlee
84,Oudemolsedijk,2019-05-09,13:00:00,64,14,50,FMN GV 18 Kasterlee
84,Oudemolsedijk,2019-05-09,14:00:00,56,37,19,FMN GV 18 Kasterlee
84,Oudemolsedijk,2019-05-09,15:00:00,32,21,11,FMN GV 18 Kasterlee
84,Oudemolsedijk,2019-05-09,16:00:00,34,15,19,FMN GV 18 Kasterlee
84,Oudemolsedijk,2019-05-09,17:00:00,19,8,11,FMN GV 18 Kasterlee
84,Oudemolsedijk,2019-05-09,18:00:00,13,6,7,FMN GV 18 Kasterlee
84,Oudemolsedijk,2019-05-09,19:00:00,12,2,10,FMN GV 18 Kasterlee
84,Oudemolsedijk,2019-05-09,20:00:00,15,11,4,FMN GV 18 Kasterlee
84,Oudemolsedijk,2019-05-09,21:00:00,2,1,1,FMN GV 18 Kasterlee
84,Oudemolsedijk,2019-05-09,22:00:00,0,0,0,FMN GV 18 Kasterlee
84,Oudemolsedijk,2019-05-09,23:00:00,1,1,0,FMN GV 18 Kasterlee
84,Oudemolsedijk,2019-05-10,00:00:00,0,0,0,FMN GV 18 Kasterlee
84,Oudemolsedijk,2019-05-10,01:00:00,0,0,0,FMN GV 18 Kasterlee
84,Oudemolsedijk,2019-05-10,02:00:00,0,0,0,FMN GV 18 Kasterlee
84,Oudemolsedijk,2019-05-10,03:00:00,0,0,0,FMN GV 18 Kasterlee
84,Oudemolsedijk,2019-05-10,04:00:00,0,0,0,FMN GV 18 Kasterlee
84,Oudemolsedijk,2019-05-10,05:00:00,4,3,1,FMN GV 18 Kasterlee
84,Oudemolsedijk,2019-05-10,06:00:00,6,1,5,FMN GV 18 Kasterlee
84,Oudemolsedijk,2019-05-10,07:00:00,16,9,7,FMN GV 18 Kasterlee
84,Oudemolsedijk,2019-05-10,08:00:00,18,8,10,FMN GV 18 Kasterlee
84,Oudemolsedijk,2019-05-10,09:00:00,4,0,4,FMN GV 18 Kasterlee
84,Oudemolsedijk,2019-05-10,10:00:00,6,6,0,FMN GV 18 Kasterlee
84,Oudemolsedijk,2019-05-10,11:00:00,6,4,2,FMN GV 18 Kasterlee
84,Oudemolsedijk,2019-05-10,12:00:00,6,3,3,FMN GV 18 Kasterlee
84,Oudemolsedijk,2019-05-10,13:00:00,27,18,9,FMN GV 18 Kasterlee
84,Oudemolsedijk,2019-05-10,14:00:00,14,7,7,FMN GV 18 Kasterlee
84,Oudemolsedijk,2019-05-10,15:00:00,20,11,9,FMN GV 18 Kasterlee
84,Oudemolsedijk,2019-05-10,16:00:00,35,19,16,FMN GV 18 Kasterlee
84,Oudemolsedijk,2019-05-10,17:00:00,17,7,10,FMN GV 18 Kasterlee
84,Oudemolsedijk,2019-05-10,18:00:00,27,24,3,FMN GV 18 Kasterlee
84,Oudemolsedijk,2019-05-10,19:00:00,5,2,3,FMN GV 18 Kasterlee
84,Oudemolsedijk,2019-05-10,20:00:00,8,2,6,FMN GV 18 Kasterlee
84,Oudemolsedijk,2019-05-10,21:00:00,2,2,0,FMN GV 18 Kasterlee
84,Oudemolsedijk,2019-05-10,22:00:00,1,1,0,FMN GV 18 Kasterlee
84,Oudemolsedijk,2019-05-10,23:00:00,2,2,0,FMN GV 18 Kasterlee
84,Oudemolsedijk,2019-05-11,00:00:00,0,0,0,FMN GV 18 Kasterlee
84,Oudemolsedijk,2019-05-11,01:00:00,0,0,0,FMN GV 18 Kasterlee
84,Oudemolsedijk,2019-05-11,02:00:00,0,0,0,FMN GV 18 Kasterlee
84,Oudemolsedijk,2019-05-11,03:00:00,1,0,1,FMN GV 18 Kasterlee
84,Oudemolsedijk,2019-05-11,04:00:00,1,0,1,FMN GV 18 Kasterlee
84,Oudemolsedijk,2019-05-11,05:00:00,0,0,0,FMN GV 18 Kasterlee
84,Oudemolsedijk,2019-05-11,06:00:00,2,1,1,FMN GV 18 Kasterlee
84,Oudemolsedijk,2019-05-11,07:00:00,1,0,1,FMN GV 18 Kasterlee
84,Oudemolsedijk,2019-05-11,08:00:00,7,2,5,FMN GV 18 Kasterlee
84,Oudemolsedijk,2019-05-11,09:00:00,10,8,2,FMN GV 18 Kasterlee
84,Oudemolsedijk,2019-05-11,10:00:00,24,15,9,FMN GV 18 Kasterlee
84,Oudemolsedijk,2019-05-11,11:00:00,23,8,15,FMN GV 18 Kasterlee
84,Oudemolsedijk,2019-05-11,12:00:00,25,10,15,FMN GV 18 Kasterlee
84,Oudemolsedijk,2019-05-11,13:00:00,35,22,13,FMN GV 18 Kasterlee
84,Oudemolsedijk,2019-05-11,14:00:00,79,32,47,FMN GV 18 Kasterlee
84,Oudemolsedijk,2019-05-11,15:00:00,44,22,22,FMN GV 18 Kasterlee
84,Oudemolsedijk,2019-05-11,16:00:00,20,13,7,FMN GV 18 Kasterlee
84,Oudemolsedijk,2019-05-11,17:00:00,16,10,6,FMN GV 18 Kasterlee
84,Oudemolsedijk,2019-05-11,18:00:00,9,9,0,FMN GV 18 Kasterlee
84,Oudemolsedijk,2019-05-11,19:00:00,9,6,3,FMN GV 18 Kasterlee
84,Oudemolsedijk,2019-05-11,20:00:00,2,0,2,FMN GV 18 Kasterlee
84,Oudemolsedijk,2019-05-11,21:00:00,4,3,1,FMN GV 18 Kasterlee
84,Oudemolsedijk,2019-05-11,22:00:00,1,1,0,FMN GV 18 Kasterlee
84,Oudemolsedijk,2019-05-11,23:00:00,0,0,0,FMN GV 18 Kasterlee
84,Oudemolsedijk,2019-05-12,00:00:00,0,0,0,FMN GV 18 Kasterlee
84,Oudemolsedijk,2019-05-12,01:00:00,8,2,6,FMN GV 18 Kasterlee
84,Oudemolsedijk,2019-05-12,02:00:00,0,0,0,FMN GV 18 Kasterlee
84,Oudemolsedijk,2019-05-12,03:00:00,0,0,0,FMN GV 18 Kasterlee
84,Oudemolsedijk,2019-05-12,04:00:00,1,0,1,FMN GV 18 Kasterlee
84,Oudemolsedijk,2019-05-12,05:00:00,0,0,0,FMN GV 18 Kasterlee
84,Oudemolsedijk,2019-05-12,06:00:00,1,1,0,FMN GV 18 Kasterlee
84,Oudemolsedijk,2019-05-12,07:00:00,8,2,6,FMN GV 18 Kasterlee
84,Oudemolsedijk,2019-05-12,08:00:00,36,21,15,FMN GV 18 Kasterlee
84,Oudemolsedijk,2019-05-12,09:00:00,73,53,20,FMN GV 18 Kasterlee
84,Oudemolsedijk,2019-05-12,10:00:00,106,28,78,FMN GV 18 Kasterlee
84,Oudemolsedijk,2019-05-12,11:00:00,95,48,47,FMN GV 18 Kasterlee
84,Oudemolsedijk,2019-05-12,12:00:00,46,34,12,FMN GV 18 Kasterlee
84,Oudemolsedijk,2019-05-12,13:00:00,49,23,26,FMN GV 18 Kasterlee
84,Oudemolsedijk,2019-05-12,14:00:00,109,51,58,FMN GV 18 Kasterlee
84,Oudemolsedijk,2019-05-12,15:00:00,55,32,23,FMN GV 18 Kasterlee
84,Oudemolsedijk,2019-05-12,16:00:00,82,37,45,FMN GV 18 Kasterlee
84,Oudemolsedijk,2019-05-12,17:00:00,44,16,28,FMN GV 18 Kasterlee
84,Oudemolsedijk,2019-05-12,18:00:00,12,7,5,FMN GV 18 Kasterlee
84,Oudemolsedijk,2019-05-12,19:00:00,14,10,4,FMN GV 18 Kasterlee
84,Oudemolsedijk,2019-05-12,20:00:00,1,1,0,FMN GV 18 Kasterlee
84,Oudemolsedijk,2019-05-12,21:00:00,0,0,0,FMN GV 18 Kasterlee
84,Oudemolsedijk,2019-05-12,22:00:00,0,0,0,FMN GV 18 Kasterlee
84,Oudemolsedijk,2019-05-12,23:00:00,0,0,0,FMN GV 18 Kasterlee
84,Oudemolsedijk,2019-05-13,00:00:00,0,0,0,FMN GV 18 Kasterlee
84,Oudemolsedijk,2019-05-13,01:00:00,0,0,0,FMN GV 18 Kasterlee
84,Oudemolsedijk,2019-05-13,02:00:00,0,0,0,FMN GV 18 Kasterlee
84,Oudemolsedijk,2019-05-13,03:00:00,0,0,0,FMN GV 18 Kasterlee
84,Oudemolsedijk,2019-05-13,04:00:00,2,2,0,FMN GV 18 Kasterlee
84,Oudemolsedijk,2019-05-13,05:00:00,4,4,0,FMN GV 18 Kasterlee
84,Oudemolsedijk,2019-05-13,06:00:00,11,6,5,FMN GV 18 Kasterlee
84,Oudemolsedijk,2019-05-13,07:00:00,21,9,12,FMN GV 18 Kasterlee
84,Oudemolsedijk,2019-05-13,08:00:00,23,10,13,FMN GV 18 Kasterlee
84,Oudemolsedijk,2019-05-13,09:00:00,7,3,4,FMN GV 18 Kasterlee
84,Oudemolsedijk,2019-05-13,10:00:00,14,6,8,FMN GV 18 Kasterlee
84,Oudemolsedijk,2019-05-13,11:00:00,12,6,6,FMN GV 18 Kasterlee
84,Oudemolsedijk,2019-05-13,12:00:00,21,10,11,FMN GV 18 Kasterlee
84,Oudemolsedijk,2019-05-13,13:00:00,67,12,55,FMN GV 18 Kasterlee
84,Oudemolsedijk,2019-05-13,14:00:00,54,25,29,FMN GV 18 Kasterlee
84,Oudemolsedijk,2019-05-13,15:00:00,45,24,21,FMN GV 18 Kasterlee
84,Oudemolsedijk,2019-05-13,16:00:00,76,46,30,FMN GV 18 Kasterlee
84,Oudemolsedijk,2019-05-13,17:00:00,33,20,13,FMN GV 18 Kasterlee
84,Oudemolsedijk,2019-05-13,18:00:00,40,29,11,FMN GV 18 Kasterlee
84,Oudemolsedijk,2019-05-13,19:00:00,21,7,14,FMN GV 18 Kasterlee
84,Oudemolsedijk,2019-05-13,20:00:00,32,13,19,FMN GV 18 Kasterlee
84,Oudemolsedijk,2019-05-13,21:00:00,6,4,2,FMN GV 18 Kasterlee
84,Oudemolsedijk,2019-05-13,22:00:00,1,1,0,FMN GV 18 Kasterlee
84,Oudemolsedijk,2019-05-13,23:00:00,1,0,1,FMN GV 18 Kasterlee
84,Oudemolsedijk,2019-05-14,00:00:00,0,0,0,FMN GV 18 Kasterlee
84,Oudemolsedijk,2019-05-14,01:00:00,0,0,0,FMN GV 18 Kasterlee
84,Oudemolsedijk,2019-05-14,02:00:00,0,0,0,FMN GV 18 Kasterlee
84,Oudemolsedijk,2019-05-14,03:00:00,0,0,0,FMN GV 18 Kasterlee
84,Oudemolsedijk,2019-05-14,04:00:00,3,3,0,FMN GV 18 Kasterlee
84,Oudemolsedijk,2019-05-14,05:00:00,5,5,0,FMN GV 18 Kasterlee
84,Oudemolsedijk,2019-05-14,06:00:00,10,6,4,FMN GV 18 Kasterlee
84,Oudemolsedijk,2019-05-14,07:00:00,27,10,17,FMN GV 18 Kasterlee
84,Oudemolsedijk,2019-05-14,08:00:00,20,4,16,FMN GV 18 Kasterlee
84,Oudemolsedijk,2019-05-14,09:00:00,22,14,8,FMN GV 18 Kasterlee
84,Oudemolsedijk,2019-05-14,10:00:00,20,13,7,FMN GV 18 Kasterlee
84,Oudemolsedijk,2019-05-14,11:00:00,47,11,36,FMN GV 18 Kasterlee
84,Oudemolsedijk,2019-05-14,12:00:00,28,11,17,FMN GV 18 Kasterlee
84,Oudemolsedijk,2019-05-14,13:00:00,63,25,38,FMN GV 18 Kasterlee
84,Oudemolsedijk,2019-05-14,14:00:00,70,32,38,FMN GV 18 Kasterlee
84,Oudemolsedijk,2019-05-14,15:00:00,67,36,31,FMN GV 18 Kasterlee
84,Oudemolsedijk,2019-05-14,16:00:00,83,46,37,FMN GV 18 Kasterlee
84,Oudemolsedijk,2019-05-14,17:00:00,55,43,12,FMN GV 18 Kasterlee
84,Oudemolsedijk,2019-05-14,18:00:00,39,17,22,FMN GV 18 Kasterlee
84,Oudemolsedijk,2019-05-14,19:00:00,29,8,21,FMN GV 18 Kasterlee
84,Oudemolsedijk,2019-05-14,20:00:00,29,10,19,FMN GV 18 Kasterlee
84,Oudemolsedijk,2019-05-14,21:00:00,22,16,6,FMN GV 18 Kasterlee
84,Oudemolsedijk,2019-05-14,22:00:00,2,2,0,FMN GV 18 Kasterlee
84,Oudemolsedijk,2019-05-14,23:00:00,3,2,1,FMN GV 18 Kasterlee
84,Oudemolsedijk,2019-05-15,00:00:00,0,0,0,FMN GV 18 Kasterlee
84,Oudemolsedijk,2019-05-15,01:00:00,0,0,0,FMN GV 18 Kasterlee
84,Oudemolsedijk,2019-05-15,02:00:00,0,0,0,FMN GV 18 Kasterlee
84,Oudemolsedijk,2019-05-15,03:00:00,0,0,0,FMN GV 18 Kasterlee
84,Oudemolsedijk,2019-05-15,04:00:00,2,2,0,FMN GV 18 Kasterlee
84,Oudemolsedijk,2019-05-15,05:00:00,3,3,0,FMN GV 18 Kasterlee
84,Oudemolsedijk,2019-05-15,06:00:00,14,4,10,FMN GV 18 Kasterlee
84,Oudemolsedijk,2019-05-15,07:00:00,33,16,17,FMN GV 18 Kasterlee
84,Oudemolsedijk,2019-05-15,08:00:00,27,11,16,FMN GV 18 Kasterlee
84,Oudemolsedijk,2019-05-15,09:00:00,6,2,4,FMN GV 18 Kasterlee
84,Oudemolsedijk,2019-05-15,10:00:00,12,1,11,FMN GV 18 Kasterlee
84,Oudemolsedijk,2019-05-15,11:00:00,33,16,17,FMN GV 18 Kasterlee
84,Oudemolsedijk,2019-05-15,12:00:00,23,12,11,FMN GV 18 Kasterlee
84,Oudemolsedijk,2019-05-15,13:00:00,57,23,34,FMN GV 18 Kasterlee
84,Oudemolsedijk,2019-05-15,14:00:00,91,33,58,FMN GV 18 Kasterlee
84,Oudemolsedijk,2019-05-15,15:00:00,80,40,40,FMN GV 18 Kasterlee
84,Oudemolsedijk,2019-05-15,16:00:00,72,45,27,FMN GV 18 Kasterlee
84,Oudemolsedijk,2019-05-15,17:00:00,48,26,22,FMN GV 18 Kasterlee
84,Oudemolsedijk,2019-05-15,18:00:00,35,13,22,FMN GV 18 Kasterlee
84,Oudemolsedijk,2019-05-15,19:00:00,69,29,40,FMN GV 18 Kasterlee
84,Oudemolsedijk,2019-05-15,20:00:00,39,26,13,FMN GV 18 Kasterlee
84,Oudemolsedijk,2019-05-15,21:00:00,7,5,2,FMN GV 18 Kasterlee
84,Oudemolsedijk,2019-05-15,22:00:00,3,1,2,FMN GV 18 Kasterlee
84,Oudemolsedijk,2019-05-15,23:00:00,1,1,0,FMN GV 18 Kasterlee
84,Oudemolsedijk,2019-05-16,00:00:00,1,1,0,FMN GV 18 Kasterlee
84,Oudemolsedijk,2019-05-16,01:00:00,0,0,0,FMN GV 18 Kasterlee
84,Oudemolsedijk,2019-05-16,02:00:00,0,0,0,FMN GV 18 Kasterlee
84,Oudemolsedijk,2019-05-16,03:00:00,0,0,0,FMN GV 18 Kasterlee
84,Oudemolsedijk,2019-05-16,04:00:00,1,1,0,FMN GV 18 Kasterlee
84,Oudemolsedijk,2019-05-16,05:00:00,4,3,1,FMN GV 18 Kasterlee
84,Oudemolsedijk,2019-05-16,06:00:00,8,5,3,FMN GV 18 Kasterlee
84,Oudemolsedijk,2019-05-16,07:00:00,24,17,7,FMN GV 18 Kasterlee
84,Oudemolsedijk,2019-05-16,08:00:00,26,9,17,FMN GV 18 Kasterlee
84,Oudemolsedijk,2019-05-16,09:00:00,26,7,19,FMN GV 18 Kasterlee
84,Oudemolsedijk,2019-05-16,10:00:00,32,17,15,FMN GV 18 Kasterlee
84,Oudemolsedijk,2019-05-16,11:00:00,24,8,16,FMN GV 18 Kasterlee
84,Oudemolsedijk,2019-05-16,12:00:00,21,6,15,FMN GV 18 Kasterlee
84,Oudemolsedijk,2019-05-16,13:00:00,41,28,13,FMN GV 18 Kasterlee
84,Oudemolsedijk,2019-05-16,14:00:00,88,48,40,FMN GV 18 Kasterlee
84,Oudemolsedijk,2019-05-16,15:00:00,57,29,28,FMN GV 18 Kasterlee
84,Oudemolsedijk,2019-05-16,16:00:00,65,35,30,FMN GV 18 Kasterlee
84,Oudemolsedijk,2019-05-16,17:00:00,43,30,13,FMN GV 18 Kasterlee
84,Oudemolsedijk,2019-05-16,18:00:00,37,15,22,FMN GV 18 Kasterlee
84,Oudemolsedijk,2019-05-16,19:00:00,32,9,23,FMN GV 18 Kasterlee
84,Oudemolsedijk,2019-05-16,20:00:00,30,28,2,FMN GV 18 Kasterlee
84,Oudemolsedijk,2019-05-16,21:00:00,17,14,3,FMN GV 18 Kasterlee
84,Oudemolsedijk,2019-05-16,22:00:00,1,0,1,FMN GV 18 Kasterlee
84,Oudemolsedijk,2019-05-16,23:00:00,1,0,1,FMN GV 18 Kasterlee
84,Oudemolsedijk,2019-05-17,00:00:00,0,0,0,FMN GV 18 Kasterlee
84,Oudemolsedijk,2019-05-17,01:00:00,0,0,0,FMN GV 18 Kasterlee
84,Oudemolsedijk,2019-05-17,02:00:00,0,0,0,FMN GV 18 Kasterlee
84,Oudemolsedijk,2019-05-17,03:00:00,0,0,0,FMN GV 18 Kasterlee
84,Oudemolsedijk,2019-05-17,04:00:00,1,1,0,FMN GV 18 Kasterlee
84,Oudemolsedijk,2019-05-17,05:00:00,7,4,3,FMN GV 18 Kasterlee
84,Oudemolsedijk,2019-05-17,06:00:00,7,6,1,FMN GV 18 Kasterlee
84,Oudemolsedijk,2019-05-17,07:00:00,23,7,16,FMN GV 18 Kasterlee
84,Oudemolsedijk,2019-05-17,08:00:00,19,12,7,FMN GV 18 Kasterlee
84,Oudemolsedijk,2019-05-17,09:00:00,9,6,3,FMN GV 18 Kasterlee
84,Oudemolsedijk,2019-05-17,10:00:00,8,4,4,FMN GV 18 Kasterlee
84,Oudemolsedijk,2019-05-17,11:00:00,8,5,3,FMN GV 18 Kasterlee
84,Oudemolsedijk,2019-05-17,12:00:00,8,3,5,FMN GV 18 Kasterlee
84,Oudemolsedijk,2019-05-17,13:00:00,42,20,22,FMN GV 18 Kasterlee
84,Oudemolsedijk,2019-05-17,14:00:00,70,57,13,FMN GV 18 Kasterlee
84,Oudemolsedijk,2019-05-17,15:00:00,120,63,57,FMN GV 18 Kasterlee
84,Oudemolsedijk,2019-05-17,16:00:00,34,19,15,FMN GV 18 Kasterlee
84,Oudemolsedijk,2019-05-17,17:00:00,25,15,10,FMN GV 18 Kasterlee
84,Oudemolsedijk,2019-05-17,18:00:00,5,4,1,FMN GV 18 Kasterlee
84,Oudemolsedijk,2019-05-17,19:00:00,12,6,6,FMN GV 18 Kasterlee
84,Oudemolsedijk,2019-05-17,20:00:00,3,2,1,FMN GV 18 Kasterlee
84,Oudemolsedijk,2019-05-17,21:00:00,1,1,0,FMN GV 18 Kasterlee
84,Oudemolsedijk,2019-05-17,22:00:00,4,3,1,FMN GV 18 Kasterlee
84,Oudemolsedijk,2019-05-17,23:00:00,0,0,0,FMN GV 18 Kasterlee
84,Oudemolsedijk,2019-05-18,00:00:00,0,0,0,FMN GV 18 Kasterlee
84,Oudemolsedijk,2019-05-18,01:00:00,0,0,0,FMN GV 18 Kasterlee
84,Oudemolsedijk,2019-05-18,02:00:00,0,0,0,FMN GV 18 Kasterlee
84,Oudemolsedijk,2019-05-18,03:00:00,0,0,0,FMN GV 18 Kasterlee
84,Oudemolsedijk,2019-05-18,04:00:00,0,0,0,FMN GV 18 Kasterlee
84,Oudemolsedijk,2019-05-18,05:00:00,2,1,1,FMN GV 18 Kasterlee
84,Oudemolsedijk,2019-05-18,06:00:00,1,0,1,FMN GV 18 Kasterlee
84,Oudemolsedijk,2019-05-18,07:00:00,6,2,4,FMN GV 18 Kasterlee
84,Oudemolsedijk,2019-05-18,08:00:00,18,15,3,FMN GV 18 Kasterlee
84,Oudemolsedijk,2019-05-18,09:00:00,14,10,4,FMN GV 18 Kasterlee
84,Oudemolsedijk,2019-05-18,10:00:00,37,10,27,FMN GV 18 Kasterlee
84,Oudemolsedijk,2019-05-18,11:00:00,27,16,11,FMN GV 18 Kasterlee
84,Oudemolsedijk,2019-05-18,12:00:00,41,20,21,FMN GV 18 Kasterlee
84,Oudemolsedijk,2019-05-18,13:00:00,67,33,34,FMN GV 18 Kasterlee
84,Oudemolsedijk,2019-05-18,14:00:00,99,45,54,FMN GV 18 Kasterlee
84,Oudemolsedijk,2019-05-18,15:00:00,76,40,36,FMN GV 18 Kasterlee
84,Oudemolsedijk,2019-05-18,16:00:00,57,33,24,FMN GV 18 Kasterlee
84,Oudemolsedijk,2019-05-18,17:00:00,39,23,16,FMN GV 18 Kasterlee
84,Oudemolsedijk,2019-05-18,18:00:00,22,10,12,FMN GV 18 Kasterlee
84,Oudemolsedijk,2019-05-18,19:00:00,17,6,11,FMN GV 18 Kasterlee
84,Oudemolsedijk,2019-05-18,20:00:00,7,3,4,FMN GV 18 Kasterlee
84,Oudemolsedijk,2019-05-18,21:00:00,4,3,1,FMN GV 18 Kasterlee
84,Oudemolsedijk,2019-05-18,22:00:00,3,1,2,FMN GV 18 Kasterlee
84,Oudemolsedijk,2019-05-18,23:00:00,1,1,0,FMN GV 18 Kasterlee
84,Oudemolsedijk,2019-05-19,00:00:00,0,0,0,FMN GV 18 Kasterlee
84,Oudemolsedijk,2019-05-19,01:00:00,0,0,0,FMN GV 18 Kasterlee
84,Oudemolsedijk,2019-05-19,02:00:00,1,0,1,FMN GV 18 Kasterlee
84,Oudemolsedijk,2019-05-19,03:00:00,0,0,0,FMN GV 18 Kasterlee
84,Oudemolsedijk,2019-05-19,04:00:00,0,0,0,FMN GV 18 Kasterlee
84,Oudemolsedijk,2019-05-19,05:00:00,3,2,1,FMN GV 18 Kasterlee
84,Oudemolsedijk,2019-05-19,06:00:00,1,0,1,FMN GV 18 Kasterlee
84,Oudemolsedijk,2019-05-19,07:00:00,4,0,4,FMN GV 18 Kasterlee
84,Oudemolsedijk,2019-05-19,08:00:00,16,2,14,FMN GV 18 Kasterlee
84,Oudemolsedijk,2019-05-19,09:00:00,50,23,27,FMN GV 18 Kasterlee
84,Oudemolsedijk,2019-05-19,10:00:00,90,51,39,FMN GV 18 Kasterlee
84,Oudemolsedijk,2019-05-19,11:00:00,83,50,33,FMN GV 18 Kasterlee
84,Oudemolsedijk,2019-05-19,12:00:00,35,15,20,FMN GV 18 Kasterlee
84,Oudemolsedijk,2019-05-19,13:00:00,27,13,14,FMN GV 18 Kasterlee
84,Oudemolsedijk,2019-05-19,14:00:00,100,55,45,FMN GV 18 Kasterlee
84,Oudemolsedijk,2019-05-19,15:00:00,86,35,51,FMN GV 18 Kasterlee
84,Oudemolsedijk,2019-05-19,16:00:00,54,31,23,FMN GV 18 Kasterlee
84,Oudemolsedijk,2019-05-19,17:00:00,11,10,1,FMN GV 18 Kasterlee
84,Oudemolsedijk,2019-05-19,18:00:00,3,3,0,FMN GV 18 Kasterlee
84,Oudemolsedijk,2019-05-19,19:00:00,7,4,3,FMN GV 18 Kasterlee
84,Oudemolsedijk,2019-05-19,20:00:00,1,1,0,FMN GV 18 Kasterlee
84,Oudemolsedijk,2019-05-19,21:00:00,0,0,0,FMN GV 18 Kasterlee
84,Oudemolsedijk,2019-05-19,22:00:00,0,0,0,FMN GV 18 Kasterlee
84,Oudemolsedijk,2019-05-19,23:00:00,0,0,0,FMN GV 18 Kasterlee
84,Oudemolsedijk,2019-05-20,00:00:00,0,0,0,FMN GV 18 Kasterlee
84,Oudemolsedijk,2019-05-20,01:00:00,0,0,0,FMN GV 18 Kasterlee
84,Oudemolsedijk,2019-05-20,02:00:00,0,0,0,FMN GV 18 Kasterlee
84,Oudemolsedijk,2019-05-20,03:00:00,0,0,0,FMN GV 18 Kasterlee
84,Oudemolsedijk,2019-05-20,04:00:00,0,0,0,FMN GV 18 Kasterlee
84,Oudemolsedijk,2019-05-20,05:00:00,3,2,1,FMN GV 18 Kasterlee
84,Oudemolsedijk,2019-05-20,06:00:00,8,2,6,FMN GV 18 Kasterlee
84,Oudemolsedijk,2019-05-20,07:00:00,23,10,13,FMN GV 18 Kasterlee
84,Oudemolsedijk,2019-05-20,08:00:00,21,15,6,FMN GV 18 Kasterlee
84,Oudemolsedijk,2019-05-20,09:00:00,14,5,9,FMN GV 18 Kasterlee
84,Oudemolsedijk,2019-05-20,10:00:00,15,9,6,FMN GV 18 Kasterlee
84,Oudemolsedijk,2019-05-20,11:00:00,2,0,2,FMN GV 18 Kasterlee
84,Oudemolsedijk,2019-05-20,12:00:00,14,8,6,FMN GV 18 Kasterlee
84,Oudemolsedijk,2019-05-20,13:00:00,29,16,13,FMN GV 18 Kasterlee
84,Oudemolsedijk,2019-05-20,14:00:00,18,10,8,FMN GV 18 Kasterlee
84,Oudemolsedijk,2019-05-20,15:00:00,28,14,14,FMN GV 18 Kasterlee
84,Oudemolsedijk,2019-05-20,16:00:00,28,12,16,FMN GV 18 Kasterlee
84,Oudemolsedijk,2019-05-20,17:00:00,24,12,12,FMN GV 18 Kasterlee
84,Oudemolsedijk,2019-05-20,18:00:00,11,8,3,FMN GV 18 Kasterlee
84,Oudemolsedijk,2019-05-20,19:00:00,12,9,3,FMN GV 18 Kasterlee
84,Oudemolsedijk,2019-05-20,20:00:00,3,2,1,FMN GV 18 Kasterlee
84,Oudemolsedijk,2019-05-20,21:00:00,3,1,2,FMN GV 18 Kasterlee
84,Oudemolsedijk,2019-05-20,22:00:00,3,1,2,FMN GV 18 Kasterlee
84,Oudemolsedijk,2019-05-20,23:00:00,0,0,0,FMN GV 18 Kasterlee
84,Oudemolsedijk,2019-05-21,00:00:00,0,0,0,FMN GV 18 Kasterlee
84,Oudemolsedijk,2019-05-21,01:00:00,0,0,0,FMN GV 18 Kasterlee
84,Oudemolsedijk,2019-05-21,02:00:00,0,0,0,FMN GV 18 Kasterlee
84,Oudemolsedijk,2019-05-21,03:00:00,0,0,0,FMN GV 18 Kasterlee
84,Oudemolsedijk,2019-05-21,04:00:00,1,1,0,FMN GV 18 Kasterlee
84,Oudemolsedijk,2019-05-21,05:00:00,2,2,0,FMN GV 18 Kasterlee
84,Oudemolsedijk,2019-05-21,06:00:00,9,3,6,FMN GV 18 Kasterlee
84,Oudemolsedijk,2019-05-21,07:00:00,21,9,12,FMN GV 18 Kasterlee
84,Oudemolsedijk,2019-05-21,08:00:00,23,12,11,FMN GV 18 Kasterlee
84,Oudemolsedijk,2019-05-21,09:00:00,11,1,10,FMN GV 18 Kasterlee
84,Oudemolsedijk,2019-05-21,10:00:00,11,8,3,FMN GV 18 Kasterlee
84,Oudemolsedijk,2019-05-21,11:00:00,21,17,4,FMN GV 18 Kasterlee
84,Oudemolsedijk,2019-05-21,12:00:00,8,4,4,FMN GV 18 Kasterlee
84,Oudemolsedijk,2019-05-21,13:00:00,33,16,17,FMN GV 18 Kasterlee
84,Oudemolsedijk,2019-05-21,14:00:00,63,27,36,FMN GV 18 Kasterlee
84,Oudemolsedijk,2019-05-21,15:00:00,56,30,26,FMN GV 18 Kasterlee
84,Oudemolsedijk,2019-05-21,16:00:00,51,24,27,FMN GV 18 Kasterlee
84,Oudemolsedijk,2019-05-21,17:00:00,33,20,13,FMN GV 18 Kasterlee
84,Oudemolsedijk,2019-05-21,18:00:00,18,13,5,FMN GV 18 Kasterlee
84,Oudemolsedijk,2019-05-21,19:00:00,27,10,17,FMN GV 18 Kasterlee
84,Oudemolsedijk,2019-05-21,20:00:00,14,7,7,FMN GV 18 Kasterlee
84,Oudemolsedijk,2019-05-21,21:00:00,4,2,2,FMN GV 18 Kasterlee
84,Oudemolsedijk,2019-05-21,22:00:00,3,2,1,FMN GV 18 Kasterlee
84,Oudemolsedijk,2019-05-21,23:00:00,0,0,0,FMN GV 18 Kasterlee
84,Oudemolsedijk,2019-05-22,00:00:00,0,0,0,FMN GV 18 Kasterlee
84,Oudemolsedijk,2019-05-22,01:00:00,0,0,0,FMN GV 18 Kasterlee
84,Oudemolsedijk,2019-05-22,02:00:00,0,0,0,FMN GV 18 Kasterlee
84,Oudemolsedijk,2019-05-22,03:00:00,0,0,0,FMN GV 18 Kasterlee
84,Oudemolsedijk,2019-05-22,04:00:00,1,1,0,FMN GV 18 Kasterlee
84,Oudemolsedijk,2019-05-22,05:00:00,1,0,1,FMN GV 18 Kasterlee
84,Oudemolsedijk,2019-05-22,06:00:00,12,5,7,FMN GV 18 Kasterlee
84,Oudemolsedijk,2019-05-22,07:00:00,25,9,16,FMN GV 18 Kasterlee
84,Oudemolsedijk,2019-05-22,08:00:00,17,8,9,FMN GV 18 Kasterlee
84,Oudemolsedijk,2019-05-22,09:00:00,11,5,6,FMN GV 18 Kasterlee
84,Oudemolsedijk,2019-05-22,10:00:00,35,6,29,FMN GV 18 Kasterlee
84,Oudemolsedijk,2019-05-22,11:00:00,20,10,10,FMN GV 18 Kasterlee
84,Oudemolsedijk,2019-05-22,12:00:00,23,10,13,FMN GV 18 Kasterlee
84,Oudemolsedijk,2019-05-22,13:00:00,39,17,22,FMN GV 18 Kasterlee
84,Oudemolsedijk,2019-05-22,14:00:00,84,48,36,FMN GV 18 Kasterlee
84,Oudemolsedijk,2019-05-22,15:00:00,65,43,22,FMN GV 18 Kasterlee
84,Oudemolsedijk,2019-05-22,16:00:00,62,33,29,FMN GV 18 Kasterlee
84,Oudemolsedijk,2019-05-22,17:00:00,54,31,23,FMN GV 18 Kasterlee
84,Oudemolsedijk,2019-05-22,18:00:00,47,24,23,FMN GV 18 Kasterlee
84,Oudemolsedijk,2019-05-22,19:00:00,49,22,27,FMN GV 18 Kasterlee
84,Oudemolsedijk,2019-05-22,20:00:00,44,37,7,FMN GV 18 Kasterlee
84,Oudemolsedijk,2019-05-22,21:00:00,15,12,3,FMN GV 18 Kasterlee
84,Oudemolsedijk,2019-05-22,22:00:00,2,2,0,FMN GV 18 Kasterlee
84,Oudemolsedijk,2019-05-22,23:00:00,0,0,0,FMN GV 18 Kasterlee
84,Oudemolsedijk,2019-05-23,00:00:00,0,0,0,FMN GV 18 Kasterlee
84,Oudemolsedijk,2019-05-23,01:00:00,0,0,0,FMN GV 18 Kasterlee
84,Oudemolsedijk,2019-05-23,02:00:00,0,0,0,FMN GV 18 Kasterlee
84,Oudemolsedijk,2019-05-23,03:00:00,0,0,0,FMN GV 18 Kasterlee
84,Oudemolsedijk,2019-05-23,04:00:00,2,2,0,FMN GV 18 Kasterlee
84,Oudemolsedijk,2019-05-23,05:00:00,4,2,2,FMN GV 18 Kasterlee
84,Oudemolsedijk,2019-05-23,06:00:00,18,8,10,FMN GV 18 Kasterlee
84,Oudemolsedijk,2019-05-23,07:00:00,25,18,7,FMN GV 18 Kasterlee
84,Oudemolsedijk,2019-05-23,08:00:00,36,12,24,FMN GV 18 Kasterlee
84,Oudemolsedijk,2019-05-23,09:00:00,11,5,6,FMN GV 18 Kasterlee
84,Oudemolsedijk,2019-05-23,10:00:00,34,17,17,FMN GV 18 Kasterlee
84,Oudemolsedijk,2019-05-23,11:00:00,33,16,17,FMN GV 18 Kasterlee
84,Oudemolsedijk,2019-05-23,12:00:00,42,12,30,FMN GV 18 Kasterlee
84,Oudemolsedijk,2019-05-23,13:00:00,47,26,21,FMN GV 18 Kasterlee
84,Oudemolsedijk,2019-05-23,14:00:00,95,63,32,FMN GV 18 Kasterlee
84,Oudemolsedijk,2019-05-23,15:00:00,76,40,36,FMN GV 18 Kasterlee
84,Oudemolsedijk,2019-05-23,16:00:00,107,38,69,FMN GV 18 Kasterlee
84,Oudemolsedijk,2019-05-23,17:00:00,52,27,25,FMN GV 18 Kasterlee
84,Oudemolsedijk,2019-05-23,18:00:00,49,25,24,FMN GV 18 Kasterlee
84,Oudemolsedijk,2019-05-23,19:00:00,53,36,17,FMN GV 18 Kasterlee
84,Oudemolsedijk,2019-05-23,20:00:00,43,27,16,FMN GV 18 Kasterlee
84,Oudemolsedijk,2019-05-23,21:00:00,9,3,6,FMN GV 18 Kasterlee
84,Oudemolsedijk,2019-05-23,22:00:00,1,1,0,FMN GV 18 Kasterlee
84,Oudemolsedijk,2019-05-23,23:00:00,2,2,0,FMN GV 18 Kasterlee
84,Oudemolsedijk,2019-05-24,00:00:00,0,0,0,FMN GV 18 Kasterlee
84,Oudemolsedijk,2019-05-24,01:00:00,0,0,0,FMN GV 18 Kasterlee
84,Oudemolsedijk,2019-05-24,02:00:00,0,0,0,FMN GV 18 Kasterlee
84,Oudemolsedijk,2019-05-24,03:00:00,0,0,0,FMN GV 18 Kasterlee
84,Oudemolsedijk,2019-05-24,04:00:00,1,1,0,FMN GV 18 Kasterlee
84,Oudemolsedijk,2019-05-24,05:00:00,3,3,0,FMN GV 18 Kasterlee
84,Oudemolsedijk,2019-05-24,06:00:00,13,7,6,FMN GV 18 Kasterlee
84,Oudemolsedijk,2019-05-24,07:00:00,19,11,8,FMN GV 18 Kasterlee
84,Oudemolsedijk,2019-05-24,08:00:00,19,9,10,FMN GV 18 Kasterlee
84,Oudemolsedijk,2019-05-24,09:00:00,10,3,7,FMN GV 18 Kasterlee
84,Oudemolsedijk,2019-05-24,10:00:00,17,9,8,FMN GV 18 Kasterlee
84,Oudemolsedijk,2019-05-24,11:00:00,23,14,9,FMN GV 18 Kasterlee
84,Oudemolsedijk,2019-05-24,12:00:00,17,9,8,FMN GV 18 Kasterlee
84,Oudemolsedijk,2019-05-24,13:00:00,65,13,52,FMN GV 18 Kasterlee
84,Oudemolsedijk,2019-05-24,14:00:00,77,40,37,FMN GV 18 Kasterlee
84,Oudemolsedijk,2019-05-24,15:00:00,69,34,35,FMN GV 18 Kasterlee
84,Oudemolsedijk,2019-05-24,16:00:00,53,26,27,FMN GV 18 Kasterlee
84,Oudemolsedijk,2019-05-24,17:00:00,43,29,14,FMN GV 18 Kasterlee
84,Oudemolsedijk,2019-05-24,18:00:00,20,5,15,FMN GV 18 Kasterlee
84,Oudemolsedijk,2019-05-24,19:00:00,9,5,4,FMN GV 18 Kasterlee
84,Oudemolsedijk,2019-05-24,20:00:00,8,4,4,FMN GV 18 Kasterlee
84,Oudemolsedijk,2019-05-24,21:00:00,4,3,1,FMN GV 18 Kasterlee
84,Oudemolsedijk,2019-05-24,22:00:00,2,1,1,FMN GV 18 Kasterlee
84,Oudemolsedijk,2019-05-24,23:00:00,0,0,0,FMN GV 18 Kasterlee
84,Oudemolsedijk,2019-05-25,00:00:00,2,1,1,FMN GV 18 Kasterlee
84,Oudemolsedijk,2019-05-25,01:00:00,0,0,0,FMN GV 18 Kasterlee
84,Oudemolsedijk,2019-05-25,02:00:00,4,1,3,FMN GV 18 Kasterlee
84,Oudemolsedijk,2019-05-25,03:00:00,1,1,0,FMN GV 18 Kasterlee
84,Oudemolsedijk,2019-05-25,04:00:00,1,1,0,FMN GV 18 Kasterlee
84,Oudemolsedijk,2019-05-25,05:00:00,1,0,1,FMN GV 18 Kasterlee
84,Oudemolsedijk,2019-05-25,06:00:00,1,1,0,FMN GV 18 Kasterlee
84,Oudemolsedijk,2019-05-25,07:00:00,3,0,3,FMN GV 18 Kasterlee
84,Oudemolsedijk,2019-05-25,08:00:00,19,3,16,FMN GV 18 Kasterlee
84,Oudemolsedijk,2019-05-25,09:00:00,17,9,8,FMN GV 18 Kasterlee
84,Oudemolsedijk,2019-05-25,10:00:00,31,17,14,FMN GV 18 Kasterlee
84,Oudemolsedijk,2019-05-25,11:00:00,26,5,21,FMN GV 18 Kasterlee
84,Oudemolsedijk,2019-05-25,12:00:00,35,22,13,FMN GV 18 Kasterlee
84,Oudemolsedijk,2019-05-25,13:00:00,49,10,39,FMN GV 18 Kasterlee
84,Oudemolsedijk,2019-05-25,14:00:00,65,37,28,FMN GV 18 Kasterlee
84,Oudemolsedijk,2019-05-25,15:00:00,38,19,19,FMN GV 18 Kasterlee
84,Oudemolsedijk,2019-05-25,16:00:00,47,35,12,FMN GV 18 Kasterlee
84,Oudemolsedijk,2019-05-25,17:00:00,16,10,6,FMN GV 18 Kasterlee
84,Oudemolsedijk,2019-05-25,18:00:00,12,7,5,FMN GV 18 Kasterlee
84,Oudemolsedijk,2019-05-25,19:00:00,8,4,4,FMN GV 18 Kasterlee
84,Oudemolsedijk,2019-05-25,20:00:00,3,2,1,FMN GV 18 Kasterlee
84,Oudemolsedijk,2019-05-25,21:00:00,0,0,0,FMN GV 18 Kasterlee
84,Oudemolsedijk,2019-05-25,22:00:00,0,0,0,FMN GV 18 Kasterlee
84,Oudemolsedijk,2019-05-25,23:00:00,0,0,0,FMN GV 18 Kasterlee
84,Oudemolsedijk,2019-05-26,00:00:00,0,0,0,FMN GV 18 Kasterlee
84,Oudemolsedijk,2019-05-26,01:00:00,0,0,0,FMN GV 18 Kasterlee
84,Oudemolsedijk,2019-05-26,02:00:00,1,0,1,FMN GV 18 Kasterlee
84,Oudemolsedijk,2019-05-26,03:00:00,0,0,0,FMN GV 18 Kasterlee
84,Oudemolsedijk,2019-05-26,04:00:00,1,1,0,FMN GV 18 Kasterlee
84,Oudemolsedijk,2019-05-26,05:00:00,1,1,0,FMN GV 18 Kasterlee
84,Oudemolsedijk,2019-05-26,06:00:00,1,0,1,FMN GV 18 Kasterlee
84,Oudemolsedijk,2019-05-26,07:00:00,2,0,2,FMN GV 18 Kasterlee
84,Oudemolsedijk,2019-05-26,08:00:00,24,11,13,FMN GV 18 Kasterlee
84,Oudemolsedijk,2019-05-26,09:00:00,48,21,27,FMN GV 18 Kasterlee
84,Oudemolsedijk,2019-05-26,10:00:00,90,56,34,FMN GV 18 Kasterlee
84,Oudemolsedijk,2019-05-26,11:00:00,87,49,38,FMN GV 18 Kasterlee
84,Oudemolsedijk,2019-05-26,12:00:00,47,25,22,FMN GV 18 Kasterlee
84,Oudemolsedijk,2019-05-26,13:00:00,49,22,27,FMN GV 18 Kasterlee
84,Oudemolsedijk,2019-05-26,14:00:00,81,35,46,FMN GV 18 Kasterlee
84,Oudemolsedijk,2019-05-26,15:00:00,75,44,31,FMN GV 18 Kasterlee
84,Oudemolsedijk,2019-05-26,16:00:00,71,29,42,FMN GV 18 Kasterlee
84,Oudemolsedijk,2019-05-26,17:00:00,26,22,4,FMN GV 18 Kasterlee
84,Oudemolsedijk,2019-05-26,18:00:00,11,6,5,FMN GV 18 Kasterlee
84,Oudemolsedijk,2019-05-26,19:00:00,11,4,7,FMN GV 18 Kasterlee
84,Oudemolsedijk,2019-05-26,20:00:00,4,3,1,FMN GV 18 Kasterlee
84,Oudemolsedijk,2019-05-26,21:00:00,3,2,1,FMN GV 18 Kasterlee
84,Oudemolsedijk,2019-05-26,22:00:00,2,2,0,FMN GV 18 Kasterlee
84,Oudemolsedijk,2019-05-26,23:00:00,0,0,0,FMN GV 18 Kasterlee
84,Oudemolsedijk,2019-05-27,00:00:00,0,0,0,FMN GV 18 Kasterlee
84,Oudemolsedijk,2019-05-27,01:00:00,1,0,1,FMN GV 18 Kasterlee
84,Oudemolsedijk,2019-05-27,02:00:00,1,0,1,FMN GV 18 Kasterlee
84,Oudemolsedijk,2019-05-27,03:00:00,0,0,0,FMN GV 18 Kasterlee
84,Oudemolsedijk,2019-05-27,04:00:00,1,1,0,FMN GV 18 Kasterlee
84,Oudemolsedijk,2019-05-27,05:00:00,4,4,0,FMN GV 18 Kasterlee
84,Oudemolsedijk,2019-05-27,06:00:00,9,3,6,FMN GV 18 Kasterlee
84,Oudemolsedijk,2019-05-27,07:00:00,22,11,11,FMN GV 18 Kasterlee
84,Oudemolsedijk,2019-05-27,08:00:00,20,9,11,FMN GV 18 Kasterlee
84,Oudemolsedijk,2019-05-27,09:00:00,10,8,2,FMN GV 18 Kasterlee
84,Oudemolsedijk,2019-05-27,10:00:00,15,7,8,FMN GV 18 Kasterlee
84,Oudemolsedijk,2019-05-27,11:00:00,9,4,5,FMN GV 18 Kasterlee
84,Oudemolsedijk,2019-05-27,12:00:00,16,5,11,FMN GV 18 Kasterlee
84,Oudemolsedijk,2019-05-27,13:00:00,37,17,20,FMN GV 18 Kasterlee
84,Oudemolsedijk,2019-05-27,14:00:00,66,39,27,FMN GV 18 Kasterlee
84,Oudemolsedijk,2019-05-27,15:00:00,49,25,24,FMN GV 18 Kasterlee
84,Oudemolsedijk,2019-05-27,16:00:00,80,32,48,FMN GV 18 Kasterlee
84,Oudemolsedijk,2019-05-27,17:00:00,34,22,12,FMN GV 18 Kasterlee
84,Oudemolsedijk,2019-05-27,18:00:00,26,20,6,FMN GV 18 Kasterlee
84,Oudemolsedijk,2019-05-27,19:00:00,21,15,6,FMN GV 18 Kasterlee
84,Oudemolsedijk,2019-05-27,20:00:00,20,20,0,FMN GV 18 Kasterlee
84,Oudemolsedijk,2019-05-27,21:00:00,1,0,1,FMN GV 18 Kasterlee
84,Oudemolsedijk,2019-05-27,22:00:00,3,0,3,FMN GV 18 Kasterlee
84,Oudemolsedijk,2019-05-27,23:00:00,0,0,0,FMN GV 18 Kasterlee
84,Oudemolsedijk,2019-05-28,00:00:00,0,0,0,FMN GV 18 Kasterlee
84,Oudemolsedijk,2019-05-28,01:00:00,0,0,0,FMN GV 18 Kasterlee
84,Oudemolsedijk,2019-05-28,02:00:00,0,0,0,FMN GV 18 Kasterlee
84,Oudemolsedijk,2019-05-28,03:00:00,0,0,0,FMN GV 18 Kasterlee
84,Oudemolsedijk,2019-05-28,04:00:00,3,2,1,FMN GV 18 Kasterlee
84,Oudemolsedijk,2019-05-28,05:00:00,2,2,0,FMN GV 18 Kasterlee
84,Oudemolsedijk,2019-05-28,06:00:00,6,1,5,FMN GV 18 Kasterlee
84,Oudemolsedijk,2019-05-28,07:00:00,14,3,11,FMN GV 18 Kasterlee
84,Oudemolsedijk,2019-05-28,08:00:00,9,3,6,FMN GV 18 Kasterlee
84,Oudemolsedijk,2019-05-28,09:00:00,6,1,5,FMN GV 18 Kasterlee
84,Oudemolsedijk,2019-05-28,10:00:00,8,3,5,FMN GV 18 Kasterlee
84,Oudemolsedijk,2019-05-28,11:00:00,1,1,0,FMN GV 18 Kasterlee
84,Oudemolsedijk,2019-05-28,12:00:00,3,2,1,FMN GV 18 Kasterlee
84,Oudemolsedijk,2019-05-28,13:00:00,14,13,1,FMN GV 18 Kasterlee
84,Oudemolsedijk,2019-05-28,14:00:00,7,2,5,FMN GV 18 Kasterlee
84,Oudemolsedijk,2019-05-28,15:00:00,3,1,2,FMN GV 18 Kasterlee
84,Oudemolsedijk,2019-05-28,16:00:00,14,11,3,FMN GV 18 Kasterlee
84,Oudemolsedijk,2019-05-28,17:00:00,22,19,3,FMN GV 18 Kasterlee
84,Oudemolsedijk,2019-05-28,18:00:00,19,7,12,FMN GV 18 Kasterlee
84,Oudemolsedijk,2019-05-28,19:00:00,28,10,18,FMN GV 18 Kasterlee
84,Oudemolsedijk,2019-05-28,20:00:00,19,15,4,FMN GV 18 Kasterlee
84,Oudemolsedijk,2019-05-28,21:00:00,2,1,1,FMN GV 18 Kasterlee
84,Oudemolsedijk,2019-05-28,22:00:00,0,0,0,FMN GV 18 Kasterlee
84,Oudemolsedijk,2019-05-28,23:00:00,2,2,0,FMN GV 18 Kasterlee
84,Oudemolsedijk,2019-05-29,00:00:00,0,0,0,FMN GV 18 Kasterlee
84,Oudemolsedijk,2019-05-29,01:00:00,0,0,0,FMN GV 18 Kasterlee
84,Oudemolsedijk,2019-05-29,02:00:00,0,0,0,FMN GV 18 Kasterlee
84,Oudemolsedijk,2019-05-29,03:00:00,0,0,0,FMN GV 18 Kasterlee
84,Oudemolsedijk,2019-05-29,04:00:00,3,2,1,FMN GV 18 Kasterlee
84,Oudemolsedijk,2019-05-29,05:00:00,1,1,0,FMN GV 18 Kasterlee
84,Oudemolsedijk,2019-05-29,06:00:00,13,7,6,FMN GV 18 Kasterlee
84,Oudemolsedijk,2019-05-29,07:00:00,24,12,12,FMN GV 18 Kasterlee
84,Oudemolsedijk,2019-05-29,08:00:00,9,2,7,FMN GV 18 Kasterlee
84,Oudemolsedijk,2019-05-29,09:00:00,16,4,12,FMN GV 18 Kasterlee
84,Oudemolsedijk,2019-05-29,10:00:00,19,10,9,FMN GV 18 Kasterlee
84,Oudemolsedijk,2019-05-29,11:00:00,25,14,11,FMN GV 18 Kasterlee
84,Oudemolsedijk,2019-05-29,12:00:00,23,11,12,FMN GV 18 Kasterlee
84,Oudemolsedijk,2019-05-29,13:00:00,48,20,28,FMN GV 18 Kasterlee
84,Oudemolsedijk,2019-05-29,14:00:00,51,21,30,FMN GV 18 Kasterlee
84,Oudemolsedijk,2019-05-29,15:00:00,76,53,23,FMN GV 18 Kasterlee
84,Oudemolsedijk,2019-05-29,16:00:00,50,24,26,FMN GV 18 Kasterlee
84,Oudemolsedijk,2019-05-29,17:00:00,36,24,12,FMN GV 18 Kasterlee
84,Oudemolsedijk,2019-05-29,18:00:00,25,8,17,FMN GV 18 Kasterlee
84,Oudemolsedijk,2019-05-29,19:00:00,33,10,23,FMN GV 18 Kasterlee
84,Oudemolsedijk,2019-05-29,20:00:00,34,22,12,FMN GV 18 Kasterlee
84,Oudemolsedijk,2019-05-29,21:00:00,6,4,2,FMN GV 18 Kasterlee
84,Oudemolsedijk,2019-05-29,22:00:00,3,3,0,FMN GV 18 Kasterlee
84,Oudemolsedijk,2019-05-29,23:00:00,0,0,0,FMN GV 18 Kasterlee
84,Oudemolsedijk,2019-05-30,00:00:00,0,0,0,FMN GV 18 Kasterlee
84,Oudemolsedijk,2019-05-30,01:00:00,0,0,0,FMN GV 18 Kasterlee
84,Oudemolsedijk,2019-05-30,02:00:00,0,0,0,FMN GV 18 Kasterlee
84,Oudemolsedijk,2019-05-30,03:00:00,0,0,0,FMN GV 18 Kasterlee
84,Oudemolsedijk,2019-05-30,04:00:00,0,0,0,FMN GV 18 Kasterlee
84,Oudemolsedijk,2019-05-30,05:00:00,1,1,0,FMN GV 18 Kasterlee
84,Oudemolsedijk,2019-05-30,06:00:00,1,1,0,FMN GV 18 Kasterlee
84,Oudemolsedijk,2019-05-30,07:00:00,4,1,3,FMN GV 18 Kasterlee
84,Oudemolsedijk,2019-05-30,08:00:00,21,5,16,FMN GV 18 Kasterlee
84,Oudemolsedijk,2019-05-30,09:00:00,21,8,13,FMN GV 18 Kasterlee
84,Oudemolsedijk,2019-05-30,10:00:00,34,19,15,FMN GV 18 Kasterlee
84,Oudemolsedijk,2019-05-30,11:00:00,48,32,16,FMN GV 18 Kasterlee
84,Oudemolsedijk,2019-05-30,12:00:00,42,23,19,FMN GV 18 Kasterlee
84,Oudemolsedijk,2019-05-30,13:00:00,31,15,16,FMN GV 18 Kasterlee
84,Oudemolsedijk,2019-05-30,14:00:00,95,46,49,FMN GV 18 Kasterlee
84,Oudemolsedijk,2019-05-30,15:00:00,79,35,44,FMN GV 18 Kasterlee
84,Oudemolsedijk,2019-05-30,16:00:00,74,42,32,FMN GV 18 Kasterlee
84,Oudemolsedijk,2019-05-30,17:00:00,49,19,30,FMN GV 18 Kasterlee
84,Oudemolsedijk,2019-05-30,18:00:00,25,12,13,FMN GV 18 Kasterlee
84,Oudemolsedijk,2019-05-30,19:00:00,12,5,7,FMN GV 18 Kasterlee
84,Oudemolsedijk,2019-05-30,20:00:00,16,11,5,FMN GV 18 Kasterlee
84,Oudemolsedijk,2019-05-30,21:00:00,6,6,0,FMN GV 18 Kasterlee
84,Oudemolsedijk,2019-05-30,22:00:00,3,2,1,FMN GV 18 Kasterlee
84,Oudemolsedijk,2019-05-30,23:00:00,0,0,0,FMN GV 18 Kasterlee
84,Oudemolsedijk,2019-05-31,00:00:00,0,0,0,FMN GV 18 Kasterlee
84,Oudemolsedijk,2019-05-31,01:00:00,0,0,0,FMN GV 18 Kasterlee
84,Oudemolsedijk,2019-05-31,02:00:00,0,0,0,FMN GV 18 Kasterlee
84,Oudemolsedijk,2019-05-31,03:00:00,0,0,0,FMN GV 18 Kasterlee
84,Oudemolsedijk,2019-05-31,04:00:00,1,1,0,FMN GV 18 Kasterlee
84,Oudemolsedijk,2019-05-31,05:00:00,0,0,0,FMN GV 18 Kasterlee
84,Oudemolsedijk,2019-05-31,06:00:00,3,1,2,FMN GV 18 Kasterlee
84,Oudemolsedijk,2019-05-31,07:00:00,9,4,5,FMN GV 18 Kasterlee
84,Oudemolsedijk,2019-05-31,08:00:00,5,2,3,FMN GV 18 Kasterlee
84,Oudemolsedijk,2019-05-31,09:00:00,11,4,7,FMN GV 18 Kasterlee
84,Oudemolsedijk,2019-05-31,10:00:00,40,18,22,FMN GV 18 Kasterlee
84,Oudemolsedijk,2019-05-31,11:00:00,34,21,13,FMN GV 18 Kasterlee
84,Oudemolsedijk,2019-05-31,12:00:00,34,21,13,FMN GV 18 Kasterlee
84,Oudemolsedijk,2019-05-31,13:00:00,43,29,14,FMN GV 18 Kasterlee
84,Oudemolsedijk,2019-05-31,14:00:00,45,21,24,FMN GV 18 Kasterlee
84,Oudemolsedijk,2019-05-31,15:00:00,70,33,37,FMN GV 18 Kasterlee
84,Oudemolsedijk,2019-05-31,16:00:00,47,27,20,FMN GV 18 Kasterlee
84,Oudemolsedijk,2019-05-31,17:00:00,33,17,16,FMN GV 18 Kasterlee
84,Oudemolsedijk,2019-05-31,18:00:00,27,9,18,FMN GV 18 Kasterlee
84,Oudemolsedijk,2019-05-31,19:00:00,8,1,7,FMN GV 18 Kasterlee
84,Oudemolsedijk,2019-05-31,20:00:00,4,4,0,FMN GV 18 Kasterlee
84,Oudemolsedijk,2019-05-31,21:00:00,3,2,1,FMN GV 18 Kasterlee
84,Oudemolsedijk,2019-05-31,22:00:00,2,2,0,FMN GV 18 Kasterlee
84,Oudemolsedijk,2019-05-31,23:00:00,2,2,0,FMN GV 18 Kasterlee
84,Oudemolsedijk,2019-06-01,00:00:00,0,0,0,FMN GV 18 Kasterlee
84,Oudemolsedijk,2019-06-01,01:00:00,0,0,0,FMN GV 18 Kasterlee
84,Oudemolsedijk,2019-06-01,02:00:00,0,0,0,FMN GV 18 Kasterlee
84,Oudemolsedijk,2019-06-01,03:00:00,0,0,0,FMN GV 18 Kasterlee
84,Oudemolsedijk,2019-06-01,04:00:00,1,1,0,FMN GV 18 Kasterlee
84,Oudemolsedijk,2019-06-01,05:00:00,0,0,0,FMN GV 18 Kasterlee
84,Oudemolsedijk,2019-06-01,06:00:00,5,2,3,FMN GV 18 Kasterlee
84,Oudemolsedijk,2019-06-01,07:00:00,1,1,0,FMN GV 18 Kasterlee
84,Oudemolsedijk,2019-06-01,08:00:00,13,10,3,FMN GV 18 Kasterlee
84,Oudemolsedijk,2019-06-01,09:00:00,11,3,8,FMN GV 18 Kasterlee
84,Oudemolsedijk,2019-06-01,10:00:00,42,19,23,FMN GV 18 Kasterlee
84,Oudemolsedijk,2019-06-01,11:00:00,44,23,21,FMN GV 18 Kasterlee
84,Oudemolsedijk,2019-06-01,12:00:00,73,34,39,FMN GV 18 Kasterlee
84,Oudemolsedijk,2019-06-01,13:00:00,105,69,36,FMN GV 18 Kasterlee
84,Oudemolsedijk,2019-06-01,14:00:00,123,69,54,FMN GV 18 Kasterlee
84,Oudemolsedijk,2019-06-01,15:00:00,131,89,42,FMN GV 18 Kasterlee
84,Oudemolsedijk,2019-06-01,16:00:00,117,50,67,FMN GV 18 Kasterlee
84,Oudemolsedijk,2019-06-01,17:00:00,65,44,21,FMN GV 18 Kasterlee
84,Oudemolsedijk,2019-06-01,18:00:00,24,12,12,FMN GV 18 Kasterlee
84,Oudemolsedijk,2019-06-01,19:00:00,31,19,12,FMN GV 18 Kasterlee
84,Oudemolsedijk,2019-06-01,20:00:00,12,6,6,FMN GV 18 Kasterlee
84,Oudemolsedijk,2019-06-01,21:00:00,6,5,1,FMN GV 18 Kasterlee
84,Oudemolsedijk,2019-06-01,22:00:00,5,1,4,FMN GV 18 Kasterlee
84,Oudemolsedijk,2019-06-01,23:00:00,1,1,0,FMN GV 18 Kasterlee
84,Oudemolsedijk,2019-06-02,00:00:00,0,0,0,FMN GV 18 Kasterlee
84,Oudemolsedijk,2019-06-02,01:00:00,1,1,0,FMN GV 18 Kasterlee
84,Oudemolsedijk,2019-06-02,02:00:00,0,0,0,FMN GV 18 Kasterlee
84,Oudemolsedijk,2019-06-02,03:00:00,0,0,0,FMN GV 18 Kasterlee
84,Oudemolsedijk,2019-06-02,04:00:00,0,0,0,FMN GV 18 Kasterlee
84,Oudemolsedijk,2019-06-02,05:00:00,0,0,0,FMN GV 18 Kasterlee
84,Oudemolsedijk,2019-06-02,06:00:00,1,0,1,FMN GV 18 Kasterlee
84,Oudemolsedijk,2019-06-02,07:00:00,43,5,38,FMN GV 18 Kasterlee
84,Oudemolsedijk,2019-06-02,08:00:00,105,12,93,FMN GV 18 Kasterlee
84,Oudemolsedijk,2019-06-02,09:00:00,93,36,57,FMN GV 18 Kasterlee
84,Oudemolsedijk,2019-06-02,10:00:00,178,122,56,FMN GV 18 Kasterlee
84,Oudemolsedijk,2019-06-02,11:00:00,134,83,51,FMN GV 18 Kasterlee
84,Oudemolsedijk,2019-06-02,12:00:00,81,46,35,FMN GV 18 Kasterlee
84,Oudemolsedijk,2019-06-02,13:00:00,117,41,76,FMN GV 18 Kasterlee
84,Oudemolsedijk,2019-06-02,14:00:00,111,49,62,FMN GV 18 Kasterlee
84,Oudemolsedijk,2019-06-02,15:00:00,150,79,71,FMN GV 18 Kasterlee
84,Oudemolsedijk,2019-06-02,16:00:00,98,57,41,FMN GV 18 Kasterlee
84,Oudemolsedijk,2019-06-02,17:00:00,57,33,24,FMN GV 18 Kasterlee
84,Oudemolsedijk,2019-06-02,18:00:00,50,19,31,FMN GV 18 Kasterlee
84,Oudemolsedijk,2019-06-02,19:00:00,30,15,15,FMN GV 18 Kasterlee
84,Oudemolsedijk,2019-06-02,20:00:00,11,7,4,FMN GV 18 Kasterlee
84,Oudemolsedijk,2019-06-02,21:00:00,9,8,1,FMN GV 18 Kasterlee
84,Oudemolsedijk,2019-06-02,22:00:00,2,2,0,FMN GV 18 Kasterlee
84,Oudemolsedijk,2019-06-02,23:00:00,1,1,0,FMN GV 18 Kasterlee
84,Oudemolsedijk,2019-06-03,00:00:00,0,0,0,FMN GV 18 Kasterlee
84,Oudemolsedijk,2019-06-03,01:00:00,0,0,0,FMN GV 18 Kasterlee
84,Oudemolsedijk,2019-06-03,02:00:00,0,0,0,FMN GV 18 Kasterlee
84,Oudemolsedijk,2019-06-03,03:00:00,0,0,0,FMN GV 18 Kasterlee
84,Oudemolsedijk,2019-06-03,04:00:00,0,0,0,FMN GV 18 Kasterlee
84,Oudemolsedijk,2019-06-03,05:00:00,5,4,1,FMN GV 18 Kasterlee
84,Oudemolsedijk,2019-06-03,06:00:00,9,2,7,FMN GV 18 Kasterlee
84,Oudemolsedijk,2019-06-03,07:00:00,28,10,18,FMN GV 18 Kasterlee
84,Oudemolsedijk,2019-06-03,08:00:00,23,12,11,FMN GV 18 Kasterlee
84,Oudemolsedijk,2019-06-03,09:00:00,16,9,7,FMN GV 18 Kasterlee
84,Oudemolsedijk,2019-06-03,10:00:00,20,14,6,FMN GV 18 Kasterlee
84,Oudemolsedijk,2019-06-03,11:00:00,8,5,3,FMN GV 18 Kasterlee
84,Oudemolsedijk,2019-06-03,12:00:00,12,6,6,FMN GV 18 Kasterlee
84,Oudemolsedijk,2019-06-03,13:00:00,35,13,22,FMN GV 18 Kasterlee
84,Oudemolsedijk,2019-06-03,14:00:00,30,22,8,FMN GV 18 Kasterlee
84,Oudemolsedijk,2019-06-03,15:00:00,27,17,10,FMN GV 18 Kasterlee
84,Oudemolsedijk,2019-06-03,16:00:00,50,34,16,FMN GV 18 Kasterlee
84,Oudemolsedijk,2019-06-03,17:00:00,26,12,14,FMN GV 18 Kasterlee
84,Oudemolsedijk,2019-06-03,18:00:00,25,9,16,FMN GV 18 Kasterlee
84,Oudemolsedijk,2019-06-03,19:00:00,14,12,2,FMN GV 18 Kasterlee
84,Oudemolsedijk,2019-06-03,20:00:00,13,12,1,FMN GV 18 Kasterlee
84,Oudemolsedijk,2019-06-03,21:00:00,8,4,4,FMN GV 18 Kasterlee
84,Oudemolsedijk,2019-06-03,22:00:00,3,1,2,FMN GV 18 Kasterlee
84,Oudemolsedijk,2019-06-03,23:00:00,1,0,1,FMN GV 18 Kasterlee
84,Oudemolsedijk,2019-06-04,00:00:00,0,0,0,FMN GV 18 Kasterlee
84,Oudemolsedijk,2019-06-04,01:00:00,0,0,0,FMN GV 18 Kasterlee
84,Oudemolsedijk,2019-06-04,02:00:00,0,0,0,FMN GV 18 Kasterlee
84,Oudemolsedijk,2019-06-04,03:00:00,0,0,0,FMN GV 18 Kasterlee
84,Oudemolsedijk,2019-06-04,04:00:00,0,0,0,FMN GV 18 Kasterlee
84,Oudemolsedijk,2019-06-04,05:00:00,4,4,0,FMN GV 18 Kasterlee
84,Oudemolsedijk,2019-06-04,06:00:00,13,4,9,FMN GV 18 Kasterlee
84,Oudemolsedijk,2019-06-04,07:00:00,33,12,21,FMN GV 18 Kasterlee
84,Oudemolsedijk,2019-06-04,08:00:00,17,7,10,FMN GV 18 Kasterlee
84,Oudemolsedijk,2019-06-04,09:00:00,15,8,7,FMN GV 18 Kasterlee
84,Oudemolsedijk,2019-06-04,10:00:00,47,22,25,FMN GV 18 Kasterlee
84,Oudemolsedijk,2019-06-04,11:00:00,29,23,6,FMN GV 18 Kasterlee
84,Oudemolsedijk,2019-06-04,12:00:00,21,15,6,FMN GV 18 Kasterlee
84,Oudemolsedijk,2019-06-04,13:00:00,32,4,28,FMN GV 18 Kasterlee
84,Oudemolsedijk,2019-06-04,14:00:00,29,19,10,FMN GV 18 Kasterlee
84,Oudemolsedijk,2019-06-04,15:00:00,37,17,20,FMN GV 18 Kasterlee
84,Oudemolsedijk,2019-06-04,16:00:00,41,24,17,FMN GV 18 Kasterlee
84,Oudemolsedijk,2019-06-04,17:00:00,35,20,15,FMN GV 18 Kasterlee
84,Oudemolsedijk,2019-06-04,18:00:00,19,9,10,FMN GV 18 Kasterlee
84,Oudemolsedijk,2019-06-04,19:00:00,25,21,4,FMN GV 18 Kasterlee
84,Oudemolsedijk,2019-06-04,20:00:00,10,3,7,FMN GV 18 Kasterlee
84,Oudemolsedijk,2019-06-04,21:00:00,5,3,2,FMN GV 18 Kasterlee
84,Oudemolsedijk,2019-06-04,22:00:00,0,0,0,FMN GV 18 Kasterlee
84,Oudemolsedijk,2019-06-04,23:00:00,1,1,0,FMN GV 18 Kasterlee
84,Oudemolsedijk,2019-06-05,00:00:00,0,0,0,FMN GV 18 Kasterlee
84,Oudemolsedijk,2019-06-05,01:00:00,0,0,0,FMN GV 18 Kasterlee
84,Oudemolsedijk,2019-06-05,02:00:00,0,0,0,FMN GV 18 Kasterlee
84,Oudemolsedijk,2019-06-05,03:00:00,0,0,0,FMN GV 18 Kasterlee
84,Oudemolsedijk,2019-06-05,04:00:00,0,0,0,FMN GV 18 Kasterlee
84,Oudemolsedijk,2019-06-05,05:00:00,2,2,0,FMN GV 18 Kasterlee
84,Oudemolsedijk,2019-06-05,06:00:00,9,3,6,FMN GV 18 Kasterlee
84,Oudemolsedijk,2019-06-05,07:00:00,11,4,7,FMN GV 18 Kasterlee
84,Oudemolsedijk,2019-06-05,08:00:00,16,6,10,FMN GV 18 Kasterlee
84,Oudemolsedijk,2019-06-05,09:00:00,8,4,4,FMN GV 18 Kasterlee
84,Oudemolsedijk,2019-06-05,10:00:00,8,1,7,FMN GV 18 Kasterlee
84,Oudemolsedijk,2019-06-05,11:00:00,3,1,2,FMN GV 18 Kasterlee
84,Oudemolsedijk,2019-06-05,12:00:00,9,3,6,FMN GV 18 Kasterlee
84,Oudemolsedijk,2019-06-05,13:00:00,10,8,2,FMN GV 18 Kasterlee
84,Oudemolsedijk,2019-06-05,14:00:00,10,7,3,FMN GV 18 Kasterlee
84,Oudemolsedijk,2019-06-05,15:00:00,37,13,24,FMN GV 18 Kasterlee
84,Oudemolsedijk,2019-06-05,16:00:00,21,15,6,FMN GV 18 Kasterlee
84,Oudemolsedijk,2019-06-05,17:00:00,21,9,12,FMN GV 18 Kasterlee
84,Oudemolsedijk,2019-06-05,18:00:00,36,7,29,FMN GV 18 Kasterlee
84,Oudemolsedijk,2019-06-05,19:00:00,24,9,15,FMN GV 18 Kasterlee
84,Oudemolsedijk,2019-06-05,20:00:00,19,10,9,FMN GV 18 Kasterlee
84,Oudemolsedijk,2019-06-05,21:00:00,24,22,2,FMN GV 18 Kasterlee
84,Oudemolsedijk,2019-06-05,22:00:00,1,1,0,FMN GV 18 Kasterlee
84,Oudemolsedijk,2019-06-05,23:00:00,0,0,0,FMN GV 18 Kasterlee
84,Oudemolsedijk,2019-06-06,00:00:00,0,0,0,FMN GV 18 Kasterlee
84,Oudemolsedijk,2019-06-06,01:00:00,0,0,0,FMN GV 18 Kasterlee
84,Oudemolsedijk,2019-06-06,02:00:00,0,0,0,FMN GV 18 Kasterlee
84,Oudemolsedijk,2019-06-06,03:00:00,0,0,0,FMN GV 18 Kasterlee
84,Oudemolsedijk,2019-06-06,04:00:00,1,0,1,FMN GV 18 Kasterlee
84,Oudemolsedijk,2019-06-06,05:00:00,3,2,1,FMN GV 18 Kasterlee
84,Oudemolsedijk,2019-06-06,06:00:00,14,5,9,FMN GV 18 Kasterlee
84,Oudemolsedijk,2019-06-06,07:00:00,19,10,9,FMN GV 18 Kasterlee
84,Oudemolsedijk,2019-06-06,08:00:00,24,10,14,FMN GV 18 Kasterlee
84,Oudemolsedijk,2019-06-06,09:00:00,22,6,16,FMN GV 18 Kasterlee
84,Oudemolsedijk,2019-06-06,10:00:00,24,8,16,FMN GV 18 Kasterlee
84,Oudemolsedijk,2019-06-06,11:00:00,14,9,5,FMN GV 18 Kasterlee
84,Oudemolsedijk,2019-06-06,12:00:00,22,11,11,FMN GV 18 Kasterlee
84,Oudemolsedijk,2019-06-06,13:00:00,50,29,21,FMN GV 18 Kasterlee
84,Oudemolsedijk,2019-06-06,14:00:00,61,43,18,FMN GV 18 Kasterlee
84,Oudemolsedijk,2019-06-06,15:00:00,78,32,46,FMN GV 18 Kasterlee
84,Oudemolsedijk,2019-06-06,16:00:00,31,21,10,FMN GV 18 Kasterlee
84,Oudemolsedijk,2019-06-06,17:00:00,37,11,26,FMN GV 18 Kasterlee
84,Oudemolsedijk,2019-06-06,18:00:00,19,9,10,FMN GV 18 Kasterlee
84,Oudemolsedijk,2019-06-06,19:00:00,12,5,7,FMN GV 18 Kasterlee
84,Oudemolsedijk,2019-06-06,20:00:00,28,27,1,FMN GV 18 Kasterlee
84,Oudemolsedijk,2019-06-06,21:00:00,2,1,1,FMN GV 18 Kasterlee
84,Oudemolsedijk,2019-06-06,22:00:00,2,0,2,FMN GV 18 Kasterlee
84,Oudemolsedijk,2019-06-06,23:00:00,0,0,0,FMN GV 18 Kasterlee
84,Oudemolsedijk,2019-06-07,00:00:00,0,0,0,FMN GV 18 Kasterlee
84,Oudemolsedijk,2019-06-07,01:00:00,0,0,0,FMN GV 18 Kasterlee
84,Oudemolsedijk,2019-06-07,02:00:00,0,0,0,FMN GV 18 Kasterlee
84,Oudemolsedijk,2019-06-07,03:00:00,0,0,0,FMN GV 18 Kasterlee
84,Oudemolsedijk,2019-06-07,04:00:00,0,0,0,FMN GV 18 Kasterlee
84,Oudemolsedijk,2019-06-07,05:00:00,3,1,2,FMN GV 18 Kasterlee
84,Oudemolsedijk,2019-06-07,06:00:00,12,4,8,FMN GV 18 Kasterlee
84,Oudemolsedijk,2019-06-07,07:00:00,16,11,5,FMN GV 18 Kasterlee
84,Oudemolsedijk,2019-06-07,08:00:00,26,15,11,FMN GV 18 Kasterlee
84,Oudemolsedijk,2019-06-07,09:00:00,28,17,11,FMN GV 18 Kasterlee
84,Oudemolsedijk,2019-06-07,10:00:00,11,4,7,FMN GV 18 Kasterlee
84,Oudemolsedijk,2019-06-07,11:00:00,16,7,9,FMN GV 18 Kasterlee
84,Oudemolsedijk,2019-06-07,12:00:00,15,6,9,FMN GV 18 Kasterlee
84,Oudemolsedijk,2019-06-07,13:00:00,19,5,14,FMN GV 18 Kasterlee
84,Oudemolsedijk,2019-06-07,14:00:00,31,16,15,FMN GV 18 Kasterlee
84,Oudemolsedijk,2019-06-07,15:00:00,22,17,5,FMN GV 18 Kasterlee
84,Oudemolsedijk,2019-06-07,16:00:00,36,19,17,FMN GV 18 Kasterlee
84,Oudemolsedijk,2019-06-07,17:00:00,18,11,7,FMN GV 18 Kasterlee
84,Oudemolsedijk,2019-06-07,18:00:00,6,2,4,FMN GV 18 Kasterlee
84,Oudemolsedijk,2019-06-07,19:00:00,3,0,3,FMN GV 18 Kasterlee
84,Oudemolsedijk,2019-06-07,20:00:00,3,1,2,FMN GV 18 Kasterlee
84,Oudemolsedijk,2019-06-07,21:00:00,4,3,1,FMN GV 18 Kasterlee
84,Oudemolsedijk,2019-06-07,22:00:00,4,2,2,FMN GV 18 Kasterlee
84,Oudemolsedijk,2019-06-07,23:00:00,1,0,1,FMN GV 18 Kasterlee
84,Oudemolsedijk,2019-06-08,00:00:00,0,0,0,FMN GV 18 Kasterlee
84,Oudemolsedijk,2019-06-08,01:00:00,1,0,1,FMN GV 18 Kasterlee
84,Oudemolsedijk,2019-06-08,02:00:00,0,0,0,FMN GV 18 Kasterlee
84,Oudemolsedijk,2019-06-08,03:00:00,0,0,0,FMN GV 18 Kasterlee
84,Oudemolsedijk,2019-06-08,04:00:00,0,0,0,FMN GV 18 Kasterlee
84,Oudemolsedijk,2019-06-08,05:00:00,1,0,1,FMN GV 18 Kasterlee
84,Oudemolsedijk,2019-06-08,06:00:00,0,0,0,FMN GV 18 Kasterlee
84,Oudemolsedijk,2019-06-08,07:00:00,0,0,0,FMN GV 18 Kasterlee
84,Oudemolsedijk,2019-06-08,08:00:00,1,0,1,FMN GV 18 Kasterlee
84,Oudemolsedijk,2019-06-08,09:00:00,6,1,5,FMN GV 18 Kasterlee
84,Oudemolsedijk,2019-06-08,10:00:00,4,0,4,FMN GV 18 Kasterlee
84,Oudemolsedijk,2019-06-08,11:00:00,3,2,1,FMN GV 18 Kasterlee
84,Oudemolsedijk,2019-06-08,12:00:00,9,4,5,FMN GV 18 Kasterlee
84,Oudemolsedijk,2019-06-08,13:00:00,11,3,8,FMN GV 18 Kasterlee
84,Oudemolsedijk,2019-06-08,14:00:00,9,3,6,FMN GV 18 Kasterlee
84,Oudemolsedijk,2019-06-08,15:00:00,24,18,6,FMN GV 18 Kasterlee
84,Oudemolsedijk,2019-06-08,16:00:00,8,7,1,FMN GV 18 Kasterlee
84,Oudemolsedijk,2019-06-08,17:00:00,4,3,1,FMN GV 18 Kasterlee
84,Oudemolsedijk,2019-06-08,18:00:00,8,7,1,FMN GV 18 Kasterlee
84,Oudemolsedijk,2019-06-08,19:00:00,3,1,2,FMN GV 18 Kasterlee
84,Oudemolsedijk,2019-06-08,20:00:00,2,1,1,FMN GV 18 Kasterlee
84,Oudemolsedijk,2019-06-08,21:00:00,2,2,0,FMN GV 18 Kasterlee
84,Oudemolsedijk,2019-06-08,22:00:00,0,0,0,FMN GV 18 Kasterlee
84,Oudemolsedijk,2019-06-08,23:00:00,0,0,0,FMN GV 18 Kasterlee
84,Oudemolsedijk,2019-06-09,00:00:00,0,0,0,FMN GV 18 Kasterlee
84,Oudemolsedijk,2019-06-09,01:00:00,0,0,0,FMN GV 18 Kasterlee
84,Oudemolsedijk,2019-06-09,02:00:00,0,0,0,FMN GV 18 Kasterlee
84,Oudemolsedijk,2019-06-09,03:00:00,0,0,0,FMN GV 18 Kasterlee
84,Oudemolsedijk,2019-06-09,04:00:00,0,0,0,FMN GV 18 Kasterlee
84,Oudemolsedijk,2019-06-09,05:00:00,2,0,2,FMN GV 18 Kasterlee
84,Oudemolsedijk,2019-06-09,06:00:00,0,0,0,FMN GV 18 Kasterlee
84,Oudemolsedijk,2019-06-09,07:00:00,9,2,7,FMN GV 18 Kasterlee
84,Oudemolsedijk,2019-06-09,08:00:00,74,13,61,FMN GV 18 Kasterlee
84,Oudemolsedijk,2019-06-09,09:00:00,62,21,41,FMN GV 18 Kasterlee
84,Oudemolsedijk,2019-06-09,10:00:00,126,66,60,FMN GV 18 Kasterlee
84,Oudemolsedijk,2019-06-09,11:00:00,84,47,37,FMN GV 18 Kasterlee
84,Oudemolsedijk,2019-06-09,12:00:00,74,52,22,FMN GV 18 Kasterlee
84,Oudemolsedijk,2019-06-09,13:00:00,86,39,47,FMN GV 18 Kasterlee
84,Oudemolsedijk,2019-06-09,14:00:00,112,63,49,FMN GV 18 Kasterlee
84,Oudemolsedijk,2019-06-09,15:00:00,126,88,38,FMN GV 18 Kasterlee
84,Oudemolsedijk,2019-06-09,16:00:00,127,62,65,FMN GV 18 Kasterlee
84,Oudemolsedijk,2019-06-09,17:00:00,37,22,15,FMN GV 18 Kasterlee
84,Oudemolsedijk,2019-06-09,18:00:00,33,22,11,FMN GV 18 Kasterlee
84,Oudemolsedijk,2019-06-09,19:00:00,11,4,7,FMN GV 18 Kasterlee
84,Oudemolsedijk,2019-06-09,20:00:00,2,1,1,FMN GV 18 Kasterlee
84,Oudemolsedijk,2019-06-09,21:00:00,1,1,0,FMN GV 18 Kasterlee
84,Oudemolsedijk,2019-06-09,22:00:00,0,0,0,FMN GV 18 Kasterlee
84,Oudemolsedijk,2019-06-09,23:00:00,1,1,0,FMN GV 18 Kasterlee
84,Oudemolsedijk,2019-06-10,00:00:00,0,0,0,FMN GV 18 Kasterlee
84,Oudemolsedijk,2019-06-10,01:00:00,0,0,0,FMN GV 18 Kasterlee
84,Oudemolsedijk,2019-06-10,02:00:00,0,0,0,FMN GV 18 Kasterlee
84,Oudemolsedijk,2019-06-10,03:00:00,1,0,1,FMN GV 18 Kasterlee
84,Oudemolsedijk,2019-06-10,04:00:00,0,0,0,FMN GV 18 Kasterlee
84,Oudemolsedijk,2019-06-10,05:00:00,0,0,0,FMN GV 18 Kasterlee
84,Oudemolsedijk,2019-06-10,06:00:00,1,1,0,FMN GV 18 Kasterlee
84,Oudemolsedijk,2019-06-10,07:00:00,1,0,1,FMN GV 18 Kasterlee
84,Oudemolsedijk,2019-06-10,08:00:00,15,6,9,FMN GV 18 Kasterlee
84,Oudemolsedijk,2019-06-10,09:00:00,23,8,15,FMN GV 18 Kasterlee
84,Oudemolsedijk,2019-06-10,10:00:00,121,65,56,FMN GV 18 Kasterlee
84,Oudemolsedijk,2019-06-10,11:00:00,88,65,23,FMN GV 18 Kasterlee
84,Oudemolsedijk,2019-06-10,12:00:00,69,39,30,FMN GV 18 Kasterlee
84,Oudemolsedijk,2019-06-10,13:00:00,58,37,21,FMN GV 18 Kasterlee
84,Oudemolsedijk,2019-06-10,14:00:00,124,88,36,FMN GV 18 Kasterlee
84,Oudemolsedijk,2019-06-10,15:00:00,100,55,45,FMN GV 18 Kasterlee
84,Oudemolsedijk,2019-06-10,16:00:00,38,18,20,FMN GV 18 Kasterlee
84,Oudemolsedijk,2019-06-10,17:00:00,43,26,17,FMN GV 18 Kasterlee
84,Oudemolsedijk,2019-06-10,18:00:00,20,10,10,FMN GV 18 Kasterlee
84,Oudemolsedijk,2019-06-10,19:00:00,11,7,4,FMN GV 18 Kasterlee
84,Oudemolsedijk,2019-06-10,20:00:00,6,0,6,FMN GV 18 Kasterlee
84,Oudemolsedijk,2019-06-10,21:00:00,3,1,2,FMN GV 18 Kasterlee
84,Oudemolsedijk,2019-06-10,22:00:00,0,0,0,FMN GV 18 Kasterlee
84,Oudemolsedijk,2019-06-10,23:00:00,0,0,0,FMN GV 18 Kasterlee
84,Oudemolsedijk,2019-06-11,00:00:00,0,0,0,FMN GV 18 Kasterlee
84,Oudemolsedijk,2019-06-11,01:00:00,0,0,0,FMN GV 18 Kasterlee
84,Oudemolsedijk,2019-06-11,02:00:00,0,0,0,FMN GV 18 Kasterlee
84,Oudemolsedijk,2019-06-11,03:00:00,0,0,0,FMN GV 18 Kasterlee
84,Oudemolsedijk,2019-06-11,04:00:00,1,1,0,FMN GV 18 Kasterlee
84,Oudemolsedijk,2019-06-11,05:00:00,4,4,0,FMN GV 18 Kasterlee
84,Oudemolsedijk,2019-06-11,06:00:00,9,4,5,FMN GV 18 Kasterlee
84,Oudemolsedijk,2019-06-11,07:00:00,31,8,23,FMN GV 18 Kasterlee
84,Oudemolsedijk,2019-06-11,08:00:00,23,6,17,FMN GV 18 Kasterlee
84,Oudemolsedijk,2019-06-11,09:00:00,14,5,9,FMN GV 18 Kasterlee
84,Oudemolsedijk,2019-06-11,10:00:00,26,13,13,FMN GV 18 Kasterlee
84,Oudemolsedijk,2019-06-11,11:00:00,27,21,6,FMN GV 18 Kasterlee
84,Oudemolsedijk,2019-06-11,12:00:00,7,6,1,FMN GV 18 Kasterlee
84,Oudemolsedijk,2019-06-11,13:00:00,52,12,40,FMN GV 18 Kasterlee
84,Oudemolsedijk,2019-06-11,14:00:00,95,67,28,FMN GV 18 Kasterlee
84,Oudemolsedijk,2019-06-11,15:00:00,42,34,8,FMN GV 18 Kasterlee
84,Oudemolsedijk,2019-06-11,16:00:00,54,36,18,FMN GV 18 Kasterlee
84,Oudemolsedijk,2019-06-11,17:00:00,37,21,16,FMN GV 18 Kasterlee
84,Oudemolsedijk,2019-06-11,18:00:00,23,17,6,FMN GV 18 Kasterlee
84,Oudemolsedijk,2019-06-11,19:00:00,10,7,3,FMN GV 18 Kasterlee
84,Oudemolsedijk,2019-06-11,20:00:00,20,16,4,FMN GV 18 Kasterlee
84,Oudemolsedijk,2019-06-11,21:00:00,3,0,3,FMN GV 18 Kasterlee
84,Oudemolsedijk,2019-06-11,22:00:00,2,2,0,FMN GV 18 Kasterlee
84,Oudemolsedijk,2019-06-11,23:00:00,1,1,0,FMN GV 18 Kasterlee
84,Oudemolsedijk,2019-06-12,00:00:00,1,1,0,FMN GV 18 Kasterlee
84,Oudemolsedijk,2019-06-12,01:00:00,0,0,0,FMN GV 18 Kasterlee
84,Oudemolsedijk,2019-06-12,02:00:00,0,0,0,FMN GV 18 Kasterlee
84,Oudemolsedijk,2019-06-12,03:00:00,0,0,0,FMN GV 18 Kasterlee
84,Oudemolsedijk,2019-06-12,04:00:00,1,1,0,FMN GV 18 Kasterlee
84,Oudemolsedijk,2019-06-12,05:00:00,2,1,1,FMN GV 18 Kasterlee
84,Oudemolsedijk,2019-06-12,06:00:00,6,1,5,FMN GV 18 Kasterlee
84,Oudemolsedijk,2019-06-12,07:00:00,9,5,4,FMN GV 18 Kasterlee
84,Oudemolsedijk,2019-06-12,08:00:00,8,4,4,FMN GV 18 Kasterlee
84,Oudemolsedijk,2019-06-12,09:00:00,4,2,2,FMN GV 18 Kasterlee
84,Oudemolsedijk,2019-06-12,10:00:00,0,0,0,FMN GV 18 Kasterlee
84,Oudemolsedijk,2019-06-12,11:00:00,0,0,0,FMN GV 18 Kasterlee
84,Oudemolsedijk,2019-06-12,12:00:00,4,3,1,FMN GV 18 Kasterlee
84,Oudemolsedijk,2019-06-12,13:00:00,5,3,2,FMN GV 18 Kasterlee
84,Oudemolsedijk,2019-06-12,14:00:00,23,13,10,FMN GV 18 Kasterlee
84,Oudemolsedijk,2019-06-12,15:00:00,7,4,3,FMN GV 18 Kasterlee
84,Oudemolsedijk,2019-06-12,16:00:00,33,8,25,FMN GV 18 Kasterlee
84,Oudemolsedijk,2019-06-12,17:00:00,14,7,7,FMN GV 18 Kasterlee
84,Oudemolsedijk,2019-06-12,18:00:00,24,13,11,FMN GV 18 Kasterlee
84,Oudemolsedijk,2019-06-12,19:00:00,34,25,9,FMN GV 18 Kasterlee
84,Oudemolsedijk,2019-06-12,20:00:00,12,9,3,FMN GV 18 Kasterlee
84,Oudemolsedijk,2019-06-12,21:00:00,4,4,0,FMN GV 18 Kasterlee
84,Oudemolsedijk,2019-06-12,22:00:00,2,0,2,FMN GV 18 Kasterlee
84,Oudemolsedijk,2019-06-12,23:00:00,1,1,0,FMN GV 18 Kasterlee
84,Oudemolsedijk,2019-06-13,00:00:00,0,0,0,FMN GV 18 Kasterlee
84,Oudemolsedijk,2019-06-13,01:00:00,0,0,0,FMN GV 18 Kasterlee
84,Oudemolsedijk,2019-06-13,02:00:00,0,0,0,FMN GV 18 Kasterlee
84,Oudemolsedijk,2019-06-13,03:00:00,0,0,0,FMN GV 18 Kasterlee
84,Oudemolsedijk,2019-06-13,04:00:00,2,2,0,FMN GV 18 Kasterlee
84,Oudemolsedijk,2019-06-13,05:00:00,3,2,1,FMN GV 18 Kasterlee
84,Oudemolsedijk,2019-06-13,06:00:00,18,9,9,FMN GV 18 Kasterlee
84,Oudemolsedijk,2019-06-13,07:00:00,22,13,9,FMN GV 18 Kasterlee
84,Oudemolsedijk,2019-06-13,08:00:00,32,13,19,FMN GV 18 Kasterlee
84,Oudemolsedijk,2019-06-13,09:00:00,17,9,8,FMN GV 18 Kasterlee
84,Oudemolsedijk,2019-06-13,10:00:00,18,12,6,FMN GV 18 Kasterlee
84,Oudemolsedijk,2019-06-13,11:00:00,16,7,9,FMN GV 18 Kasterlee
84,Oudemolsedijk,2019-06-13,12:00:00,15,5,10,FMN GV 18 Kasterlee
84,Oudemolsedijk,2019-06-13,13:00:00,31,12,19,FMN GV 18 Kasterlee
84,Oudemolsedijk,2019-06-13,14:00:00,35,22,13,FMN GV 18 Kasterlee
84,Oudemolsedijk,2019-06-13,15:00:00,36,25,11,FMN GV 18 Kasterlee
84,Oudemolsedijk,2019-06-13,16:00:00,48,41,7,FMN GV 18 Kasterlee
84,Oudemolsedijk,2019-06-13,17:00:00,28,16,12,FMN GV 18 Kasterlee
84,Oudemolsedijk,2019-06-13,18:00:00,13,4,9,FMN GV 18 Kasterlee
84,Oudemolsedijk,2019-06-13,19:00:00,13,4,9,FMN GV 18 Kasterlee
84,Oudemolsedijk,2019-06-13,20:00:00,6,4,2,FMN GV 18 Kasterlee
84,Oudemolsedijk,2019-06-13,21:00:00,6,3,3,FMN GV 18 Kasterlee
84,Oudemolsedijk,2019-06-13,22:00:00,0,0,0,FMN GV 18 Kasterlee
84,Oudemolsedijk,2019-06-13,23:00:00,1,0,1,FMN GV 18 Kasterlee
84,Oudemolsedijk,2019-06-14,00:00:00,0,0,0,FMN GV 18 Kasterlee
84,Oudemolsedijk,2019-06-14,01:00:00,0,0,0,FMN GV 18 Kasterlee
84,Oudemolsedijk,2019-06-14,02:00:00,0,0,0,FMN GV 18 Kasterlee
84,Oudemolsedijk,2019-06-14,03:00:00,0,0,0,FMN GV 18 Kasterlee
84,Oudemolsedijk,2019-06-14,04:00:00,2,2,0,FMN GV 18 Kasterlee
84,Oudemolsedijk,2019-06-14,05:00:00,4,2,2,FMN GV 18 Kasterlee
84,Oudemolsedijk,2019-06-14,06:00:00,13,4,9,FMN GV 18 Kasterlee
84,Oudemolsedijk,2019-06-14,07:00:00,15,7,8,FMN GV 18 Kasterlee
84,Oudemolsedijk,2019-06-14,08:00:00,15,8,7,FMN GV 18 Kasterlee
84,Oudemolsedijk,2019-06-14,09:00:00,4,2,2,FMN GV 18 Kasterlee
84,Oudemolsedijk,2019-06-14,10:00:00,3,1,2,FMN GV 18 Kasterlee
84,Oudemolsedijk,2019-06-14,11:00:00,14,7,7,FMN GV 18 Kasterlee
84,Oudemolsedijk,2019-06-14,12:00:00,31,12,19,FMN GV 18 Kasterlee
84,Oudemolsedijk,2019-06-14,13:00:00,28,13,15,FMN GV 18 Kasterlee
84,Oudemolsedijk,2019-06-14,14:00:00,62,28,34,FMN GV 18 Kasterlee
84,Oudemolsedijk,2019-06-14,15:00:00,38,19,19,FMN GV 18 Kasterlee
84,Oudemolsedijk,2019-06-14,16:00:00,56,39,17,FMN GV 18 Kasterlee
84,Oudemolsedijk,2019-06-14,17:00:00,31,16,15,FMN GV 18 Kasterlee
84,Oudemolsedijk,2019-06-14,18:00:00,23,12,11,FMN GV 18 Kasterlee
84,Oudemolsedijk,2019-06-14,19:00:00,29,9,20,FMN GV 18 Kasterlee
84,Oudemolsedijk,2019-06-14,20:00:00,17,13,4,FMN GV 18 Kasterlee
84,Oudemolsedijk,2019-06-14,21:00:00,1,0,1,FMN GV 18 Kasterlee
84,Oudemolsedijk,2019-06-14,22:00:00,8,5,3,FMN GV 18 Kasterlee
84,Oudemolsedijk,2019-06-14,23:00:00,3,2,1,FMN GV 18 Kasterlee
84,Oudemolsedijk,2019-06-15,00:00:00,2,2,0,FMN GV 18 Kasterlee
84,Oudemolsedijk,2019-06-15,01:00:00,0,0,0,FMN GV 18 Kasterlee
84,Oudemolsedijk,2019-06-15,02:00:00,1,0,1,FMN GV 18 Kasterlee
84,Oudemolsedijk,2019-06-15,03:00:00,1,0,1,FMN GV 18 Kasterlee
84,Oudemolsedijk,2019-06-15,04:00:00,0,0,0,FMN GV 18 Kasterlee
84,Oudemolsedijk,2019-06-15,05:00:00,0,0,0,FMN GV 18 Kasterlee
84,Oudemolsedijk,2019-06-15,06:00:00,0,0,0,FMN GV 18 Kasterlee
84,Oudemolsedijk,2019-06-15,07:00:00,3,0,3,FMN GV 18 Kasterlee
84,Oudemolsedijk,2019-06-15,08:00:00,7,0,7,FMN GV 18 Kasterlee
84,Oudemolsedijk,2019-06-15,09:00:00,70,2,68,FMN GV 18 Kasterlee
84,Oudemolsedijk,2019-06-15,10:00:00,60,2,58,FMN GV 18 Kasterlee
84,Oudemolsedijk,2019-06-15,11:00:00,80,17,63,FMN GV 18 Kasterlee
84,Oudemolsedijk,2019-06-15,12:00:00,28,9,19,FMN GV 18 Kasterlee
84,Oudemolsedijk,2019-06-15,13:00:00,45,22,23,FMN GV 18 Kasterlee
84,Oudemolsedijk,2019-06-15,14:00:00,90,28,62,FMN GV 18 Kasterlee
84,Oudemolsedijk,2019-06-15,15:00:00,64,29,35,FMN GV 18 Kasterlee
84,Oudemolsedijk,2019-06-15,16:00:00,41,25,16,FMN GV 18 Kasterlee
84,Oudemolsedijk,2019-06-15,17:00:00,19,14,5,FMN GV 18 Kasterlee
84,Oudemolsedijk,2019-06-15,18:00:00,21,10,11,FMN GV 18 Kasterlee
84,Oudemolsedijk,2019-06-15,19:00:00,3,2,1,FMN GV 18 Kasterlee
84,Oudemolsedijk,2019-06-15,20:00:00,6,6,0,FMN GV 18 Kasterlee
84,Oudemolsedijk,2019-06-15,21:00:00,5,5,0,FMN GV 18 Kasterlee
84,Oudemolsedijk,2019-06-15,22:00:00,3,1,2,FMN GV 18 Kasterlee
84,Oudemolsedijk,2019-06-15,23:00:00,1,1,0,FMN GV 18 Kasterlee
84,Oudemolsedijk,2019-06-16,00:00:00,8,7,1,FMN GV 18 Kasterlee
84,Oudemolsedijk,2019-06-16,01:00:00,1,0,1,FMN GV 18 Kasterlee
84,Oudemolsedijk,2019-06-16,02:00:00,2,0,2,FMN GV 18 Kasterlee
84,Oudemolsedijk,2019-06-16,03:00:00,1,0,1,FMN GV 18 Kasterlee
84,Oudemolsedijk,2019-06-16,04:00:00,0,0,0,FMN GV 18 Kasterlee
84,Oudemolsedijk,2019-06-16,05:00:00,0,0,0,FMN GV 18 Kasterlee
84,Oudemolsedijk,2019-06-16,06:00:00,2,0,2,FMN GV 18 Kasterlee
84,Oudemolsedijk,2019-06-16,07:00:00,3,1,2,FMN GV 18 Kasterlee
84,Oudemolsedijk,2019-06-16,08:00:00,53,4,49,FMN GV 18 Kasterlee
84,Oudemolsedijk,2019-06-16,09:00:00,78,42,36,FMN GV 18 Kasterlee
84,Oudemolsedijk,2019-06-16,10:00:00,89,56,33,FMN GV 18 Kasterlee
84,Oudemolsedijk,2019-06-16,11:00:00,110,61,49,FMN GV 18 Kasterlee
84,Oudemolsedijk,2019-06-16,12:00:00,52,33,19,FMN GV 18 Kasterlee
84,Oudemolsedijk,2019-06-16,13:00:00,96,40,56,FMN GV 18 Kasterlee
84,Oudemolsedijk,2019-06-16,14:00:00,101,51,50,FMN GV 18 Kasterlee
84,Oudemolsedijk,2019-06-16,15:00:00,77,43,34,FMN GV 18 Kasterlee
84,Oudemolsedijk,2019-06-16,16:00:00,88,34,54,FMN GV 18 Kasterlee
84,Oudemolsedijk,2019-06-16,17:00:00,62,32,30,FMN GV 18 Kasterlee
84,Oudemolsedijk,2019-06-16,18:00:00,20,17,3,FMN GV 18 Kasterlee
84,Oudemolsedijk,2019-06-16,19:00:00,19,11,8,FMN GV 18 Kasterlee
84,Oudemolsedijk,2019-06-16,20:00:00,9,3,6,FMN GV 18 Kasterlee
84,Oudemolsedijk,2019-06-16,21:00:00,5,5,0,FMN GV 18 Kasterlee
84,Oudemolsedijk,2019-06-16,22:00:00,2,1,1,FMN GV 18 Kasterlee
84,Oudemolsedijk,2019-06-16,23:00:00,0,0,0,FMN GV 18 Kasterlee
84,Oudemolsedijk,2019-06-17,00:00:00,0,0,0,FMN GV 18 Kasterlee
84,Oudemolsedijk,2019-06-17,01:00:00,0,0,0,FMN GV 18 Kasterlee
84,Oudemolsedijk,2019-06-17,02:00:00,1,0,1,FMN GV 18 Kasterlee
84,Oudemolsedijk,2019-06-17,03:00:00,0,0,0,FMN GV 18 Kasterlee
84,Oudemolsedijk,2019-06-17,04:00:00,1,1,0,FMN GV 18 Kasterlee
84,Oudemolsedijk,2019-06-17,05:00:00,3,2,1,FMN GV 18 Kasterlee
84,Oudemolsedijk,2019-06-17,06:00:00,16,9,7,FMN GV 18 Kasterlee
84,Oudemolsedijk,2019-06-17,07:00:00,39,18,21,FMN GV 18 Kasterlee
84,Oudemolsedijk,2019-06-17,08:00:00,30,17,13,FMN GV 18 Kasterlee
84,Oudemolsedijk,2019-06-17,09:00:00,52,48,4,FMN GV 18 Kasterlee
84,Oudemolsedijk,2019-06-17,10:00:00,49,17,32,FMN GV 18 Kasterlee
84,Oudemolsedijk,2019-06-17,11:00:00,28,13,15,FMN GV 18 Kasterlee
84,Oudemolsedijk,2019-06-17,12:00:00,40,25,15,FMN GV 18 Kasterlee
84,Oudemolsedijk,2019-06-17,13:00:00,61,25,36,FMN GV 18 Kasterlee
84,Oudemolsedijk,2019-06-17,14:00:00,75,47,28,FMN GV 18 Kasterlee
84,Oudemolsedijk,2019-06-17,15:00:00,77,47,30,FMN GV 18 Kasterlee
84,Oudemolsedijk,2019-06-17,16:00:00,72,30,42,FMN GV 18 Kasterlee
84,Oudemolsedijk,2019-06-17,17:00:00,54,20,34,FMN GV 18 Kasterlee
84,Oudemolsedijk,2019-06-17,18:00:00,53,19,34,FMN GV 18 Kasterlee
84,Oudemolsedijk,2019-06-17,19:00:00,28,14,14,FMN GV 18 Kasterlee
84,Oudemolsedijk,2019-06-17,20:00:00,32,16,16,FMN GV 18 Kasterlee
84,Oudemolsedijk,2019-06-17,21:00:00,11,5,6,FMN GV 18 Kasterlee
84,Oudemolsedijk,2019-06-17,22:00:00,11,0,11,FMN GV 18 Kasterlee
84,Oudemolsedijk,2019-06-17,23:00:00,2,2,0,FMN GV 18 Kasterlee
84,Oudemolsedijk,2019-06-18,00:00:00,0,0,0,FMN GV 18 Kasterlee
84,Oudemolsedijk,2019-06-18,01:00:00,0,0,0,FMN GV 18 Kasterlee
84,Oudemolsedijk,2019-06-18,02:00:00,0,0,0,FMN GV 18 Kasterlee
84,Oudemolsedijk,2019-06-18,03:00:00,0,0,0,FMN GV 18 Kasterlee
84,Oudemolsedijk,2019-06-18,04:00:00,1,1,0,FMN GV 18 Kasterlee
84,Oudemolsedijk,2019-06-18,05:00:00,6,5,1,FMN GV 18 Kasterlee
84,Oudemolsedijk,2019-06-18,06:00:00,16,7,9,FMN GV 18 Kasterlee
84,Oudemolsedijk,2019-06-18,07:00:00,38,22,16,FMN GV 18 Kasterlee
84,Oudemolsedijk,2019-06-18,08:00:00,27,13,14,FMN GV 18 Kasterlee
84,Oudemolsedijk,2019-06-18,09:00:00,67,30,37,FMN GV 18 Kasterlee
84,Oudemolsedijk,2019-06-18,10:00:00,45,19,26,FMN GV 18 Kasterlee
84,Oudemolsedijk,2019-06-18,11:00:00,32,17,15,FMN GV 18 Kasterlee
84,Oudemolsedijk,2019-06-18,12:00:00,24,9,15,FMN GV 18 Kasterlee
84,Oudemolsedijk,2019-06-18,13:00:00,63,36,27,FMN GV 18 Kasterlee
84,Oudemolsedijk,2019-06-18,14:00:00,79,38,41,FMN GV 18 Kasterlee
84,Oudemolsedijk,2019-06-18,15:00:00,88,32,56,FMN GV 18 Kasterlee
84,Oudemolsedijk,2019-06-18,16:00:00,103,70,33,FMN GV 18 Kasterlee
84,Oudemolsedijk,2019-06-18,17:00:00,84,47,37,FMN GV 18 Kasterlee
84,Oudemolsedijk,2019-06-18,18:00:00,37,16,21,FMN GV 18 Kasterlee
84,Oudemolsedijk,2019-06-18,19:00:00,61,20,41,FMN GV 18 Kasterlee
84,Oudemolsedijk,2019-06-18,20:00:00,44,23,21,FMN GV 18 Kasterlee
84,Oudemolsedijk,2019-06-18,21:00:00,22,19,3,FMN GV 18 Kasterlee
84,Oudemolsedijk,2019-06-18,22:00:00,3,2,1,FMN GV 18 Kasterlee
84,Oudemolsedijk,2019-06-18,23:00:00,6,4,2,FMN GV 18 Kasterlee
84,Oudemolsedijk,2019-06-19,00:00:00,0,0,0,FMN GV 18 Kasterlee
84,Oudemolsedijk,2019-06-19,01:00:00,0,0,0,FMN GV 18 Kasterlee
84,Oudemolsedijk,2019-06-19,02:00:00,0,0,0,FMN GV 18 Kasterlee
84,Oudemolsedijk,2019-06-19,03:00:00,0,0,0,FMN GV 18 Kasterlee
84,Oudemolsedijk,2019-06-19,04:00:00,0,0,0,FMN GV 18 Kasterlee
84,Oudemolsedijk,2019-06-19,05:00:00,4,2,2,FMN GV 18 Kasterlee
84,Oudemolsedijk,2019-06-19,06:00:00,8,4,4,FMN GV 18 Kasterlee
84,Oudemolsedijk,2019-06-19,07:00:00,25,13,12,FMN GV 18 Kasterlee
84,Oudemolsedijk,2019-06-19,08:00:00,28,16,12,FMN GV 18 Kasterlee
84,Oudemolsedijk,2019-06-19,09:00:00,16,11,5,FMN GV 18 Kasterlee
84,Oudemolsedijk,2019-06-19,10:00:00,10,4,6,FMN GV 18 Kasterlee
84,Oudemolsedijk,2019-06-19,11:00:00,15,7,8,FMN GV 18 Kasterlee
84,Oudemolsedijk,2019-06-19,12:00:00,29,13,16,FMN GV 18 Kasterlee
84,Oudemolsedijk,2019-06-19,13:00:00,19,12,7,FMN GV 18 Kasterlee
84,Oudemolsedijk,2019-06-19,14:00:00,22,15,7,FMN GV 18 Kasterlee
84,Oudemolsedijk,2019-06-19,15:00:00,43,22,21,FMN GV 18 Kasterlee
84,Oudemolsedijk,2019-06-19,16:00:00,37,21,16,FMN GV 18 Kasterlee
84,Oudemolsedijk,2019-06-19,17:00:00,10,5,5,FMN GV 18 Kasterlee
84,Oudemolsedijk,2019-06-19,18:00:00,9,5,4,FMN GV 18 Kasterlee
84,Oudemolsedijk,2019-06-19,19:00:00,5,1,4,FMN GV 18 Kasterlee
84,Oudemolsedijk,2019-06-19,20:00:00,3,3,0,FMN GV 18 Kasterlee
84,Oudemolsedijk,2019-06-19,21:00:00,3,1,2,FMN GV 18 Kasterlee
84,Oudemolsedijk,2019-06-19,22:00:00,3,2,1,FMN GV 18 Kasterlee
84,Oudemolsedijk,2019-06-19,23:00:00,3,0,3,FMN GV 18 Kasterlee
84,Oudemolsedijk,2019-06-20,00:00:00,0,0,0,FMN GV 18 Kasterlee
84,Oudemolsedijk,2019-06-20,01:00:00,0,0,0,FMN GV 18 Kasterlee
84,Oudemolsedijk,2019-06-20,02:00:00,0,0,0,FMN GV 18 Kasterlee
84,Oudemolsedijk,2019-06-20,03:00:00,0,0,0,FMN GV 18 Kasterlee
84,Oudemolsedijk,2019-06-20,04:00:00,0,0,0,FMN GV 18 Kasterlee
84,Oudemolsedijk,2019-06-20,05:00:00,2,2,0,FMN GV 18 Kasterlee
84,Oudemolsedijk,2019-06-20,06:00:00,10,5,5,FMN GV 18 Kasterlee
84,Oudemolsedijk,2019-06-20,07:00:00,25,15,10,FMN GV 18 Kasterlee
84,Oudemolsedijk,2019-06-20,08:00:00,21,12,9,FMN GV 18 Kasterlee
84,Oudemolsedijk,2019-06-20,09:00:00,3,2,1,FMN GV 18 Kasterlee
84,Oudemolsedijk,2019-06-20,10:00:00,17,8,9,FMN GV 18 Kasterlee
84,Oudemolsedijk,2019-06-20,11:00:00,5,0,5,FMN GV 18 Kasterlee
84,Oudemolsedijk,2019-06-20,12:00:00,25,11,14,FMN GV 18 Kasterlee
84,Oudemolsedijk,2019-06-20,13:00:00,25,16,9,FMN GV 18 Kasterlee
84,Oudemolsedijk,2019-06-20,14:00:00,86,27,59,FMN GV 18 Kasterlee
84,Oudemolsedijk,2019-06-20,15:00:00,43,25,18,FMN GV 18 Kasterlee
84,Oudemolsedijk,2019-06-20,16:00:00,53,34,19,FMN GV 18 Kasterlee
84,Oudemolsedijk,2019-06-20,17:00:00,33,22,11,FMN GV 18 Kasterlee
84,Oudemolsedijk,2019-06-20,18:00:00,21,9,12,FMN GV 18 Kasterlee
84,Oudemolsedijk,2019-06-20,19:00:00,35,18,17,FMN GV 18 Kasterlee
84,Oudemolsedijk,2019-06-20,20:00:00,47,27,20,FMN GV 18 Kasterlee
84,Oudemolsedijk,2019-06-20,21:00:00,11,3,8,FMN GV 18 Kasterlee
84,Oudemolsedijk,2019-06-20,22:00:00,2,0,2,FMN GV 18 Kasterlee
84,Oudemolsedijk,2019-06-20,23:00:00,0,0,0,FMN GV 18 Kasterlee
84,Oudemolsedijk,2019-06-21,00:00:00,0,0,0,FMN GV 18 Kasterlee
84,Oudemolsedijk,2019-06-21,01:00:00,1,0,1,FMN GV 18 Kasterlee
84,Oudemolsedijk,2019-06-21,02:00:00,0,0,0,FMN GV 18 Kasterlee
84,Oudemolsedijk,2019-06-21,03:00:00,0,0,0,FMN GV 18 Kasterlee
84,Oudemolsedijk,2019-06-21,04:00:00,0,0,0,FMN GV 18 Kasterlee
84,Oudemolsedijk,2019-06-21,05:00:00,4,3,1,FMN GV 18 Kasterlee
84,Oudemolsedijk,2019-06-21,06:00:00,24,12,12,FMN GV 18 Kasterlee
84,Oudemolsedijk,2019-06-21,07:00:00,26,13,13,FMN GV 18 Kasterlee
84,Oudemolsedijk,2019-06-21,08:00:00,24,17,7,FMN GV 18 Kasterlee
84,Oudemolsedijk,2019-06-21,09:00:00,39,7,32,FMN GV 18 Kasterlee
84,Oudemolsedijk,2019-06-21,10:00:00,24,10,14,FMN GV 18 Kasterlee
84,Oudemolsedijk,2019-06-21,11:00:00,20,13,7,FMN GV 18 Kasterlee
84,Oudemolsedijk,2019-06-21,12:00:00,26,16,10,FMN GV 18 Kasterlee
84,Oudemolsedijk,2019-06-21,13:00:00,41,13,28,FMN GV 18 Kasterlee
84,Oudemolsedijk,2019-06-21,14:00:00,85,35,50,FMN GV 18 Kasterlee
84,Oudemolsedijk,2019-06-21,15:00:00,49,31,18,FMN GV 18 Kasterlee
84,Oudemolsedijk,2019-06-21,16:00:00,48,22,26,FMN GV 18 Kasterlee
84,Oudemolsedijk,2019-06-21,17:00:00,39,18,21,FMN GV 18 Kasterlee
84,Oudemolsedijk,2019-06-21,18:00:00,21,4,17,FMN GV 18 Kasterlee
84,Oudemolsedijk,2019-06-21,19:00:00,12,8,4,FMN GV 18 Kasterlee
84,Oudemolsedijk,2019-06-21,20:00:00,15,9,6,FMN GV 18 Kasterlee
84,Oudemolsedijk,2019-06-21,21:00:00,10,7,3,FMN GV 18 Kasterlee
84,Oudemolsedijk,2019-06-21,22:00:00,2,1,1,FMN GV 18 Kasterlee
84,Oudemolsedijk,2019-06-21,23:00:00,1,1,0,FMN GV 18 Kasterlee
84,Oudemolsedijk,2019-06-22,00:00:00,6,6,0,FMN GV 18 Kasterlee
84,Oudemolsedijk,2019-06-22,01:00:00,0,0,0,FMN GV 18 Kasterlee
84,Oudemolsedijk,2019-06-22,02:00:00,0,0,0,FMN GV 18 Kasterlee
84,Oudemolsedijk,2019-06-22,03:00:00,0,0,0,FMN GV 18 Kasterlee
84,Oudemolsedijk,2019-06-22,04:00:00,1,1,0,FMN GV 18 Kasterlee
84,Oudemolsedijk,2019-06-22,05:00:00,0,0,0,FMN GV 18 Kasterlee
84,Oudemolsedijk,2019-06-22,06:00:00,3,2,1,FMN GV 18 Kasterlee
84,Oudemolsedijk,2019-06-22,07:00:00,2,0,2,FMN GV 18 Kasterlee
84,Oudemolsedijk,2019-06-22,08:00:00,31,21,10,FMN GV 18 Kasterlee
84,Oudemolsedijk,2019-06-22,09:00:00,20,9,11,FMN GV 18 Kasterlee
84,Oudemolsedijk,2019-06-22,10:00:00,56,16,40,FMN GV 18 Kasterlee
84,Oudemolsedijk,2019-06-22,11:00:00,46,20,26,FMN GV 18 Kasterlee
84,Oudemolsedijk,2019-06-22,12:00:00,68,33,35,FMN GV 18 Kasterlee
84,Oudemolsedijk,2019-06-22,13:00:00,57,34,23,FMN GV 18 Kasterlee
84,Oudemolsedijk,2019-06-22,14:00:00,101,44,57,FMN GV 18 Kasterlee
84,Oudemolsedijk,2019-06-22,15:00:00,106,59,47,FMN GV 18 Kasterlee
84,Oudemolsedijk,2019-06-22,16:00:00,79,31,48,FMN GV 18 Kasterlee
84,Oudemolsedijk,2019-06-22,17:00:00,50,33,17,FMN GV 18 Kasterlee
84,Oudemolsedijk,2019-06-22,18:00:00,37,31,6,FMN GV 18 Kasterlee
84,Oudemolsedijk,2019-06-22,19:00:00,24,15,9,FMN GV 18 Kasterlee
84,Oudemolsedijk,2019-06-22,20:00:00,15,7,8,FMN GV 18 Kasterlee
84,Oudemolsedijk,2019-06-22,21:00:00,2,1,1,FMN GV 18 Kasterlee
84,Oudemolsedijk,2019-06-22,22:00:00,1,0,1,FMN GV 18 Kasterlee
84,Oudemolsedijk,2019-06-22,23:00:00,3,1,2,FMN GV 18 Kasterlee
84,Oudemolsedijk,2019-06-23,00:00:00,0,0,0,FMN GV 18 Kasterlee
84,Oudemolsedijk,2019-06-23,01:00:00,1,0,1,FMN GV 18 Kasterlee
84,Oudemolsedijk,2019-06-23,02:00:00,2,2,0,FMN GV 18 Kasterlee
84,Oudemolsedijk,2019-06-23,03:00:00,0,0,0,FMN GV 18 Kasterlee
84,Oudemolsedijk,2019-06-23,04:00:00,0,0,0,FMN GV 18 Kasterlee
84,Oudemolsedijk,2019-06-23,05:00:00,1,0,1,FMN GV 18 Kasterlee
84,Oudemolsedijk,2019-06-23,06:00:00,1,0,1,FMN GV 18 Kasterlee
84,Oudemolsedijk,2019-06-23,07:00:00,11,3,8,FMN GV 18 Kasterlee
84,Oudemolsedijk,2019-06-23,08:00:00,69,22,47,FMN GV 18 Kasterlee
84,Oudemolsedijk,2019-06-23,09:00:00,68,32,36,FMN GV 18 Kasterlee
84,Oudemolsedijk,2019-06-23,10:00:00,123,60,63,FMN GV 18 Kasterlee
84,Oudemolsedijk,2019-06-23,11:00:00,116,73,43,FMN GV 18 Kasterlee
84,Oudemolsedijk,2019-06-23,12:00:00,90,50,40,FMN GV 18 Kasterlee
84,Oudemolsedijk,2019-06-23,13:00:00,74,32,42,FMN GV 18 Kasterlee
84,Oudemolsedijk,2019-06-23,14:00:00,142,74,68,FMN GV 18 Kasterlee
84,Oudemolsedijk,2019-06-23,15:00:00,159,90,69,FMN GV 18 Kasterlee
84,Oudemolsedijk,2019-06-23,16:00:00,86,43,43,FMN GV 18 Kasterlee
84,Oudemolsedijk,2019-06-23,17:00:00,72,36,36,FMN GV 18 Kasterlee
84,Oudemolsedijk,2019-06-23,18:00:00,36,20,16,FMN GV 18 Kasterlee
84,Oudemolsedijk,2019-06-23,19:00:00,41,17,24,FMN GV 18 Kasterlee
84,Oudemolsedijk,2019-06-23,20:00:00,28,20,8,FMN GV 18 Kasterlee
84,Oudemolsedijk,2019-06-23,21:00:00,11,10,1,FMN GV 18 Kasterlee
84,Oudemolsedijk,2019-06-23,22:00:00,1,1,0,FMN GV 18 Kasterlee
84,Oudemolsedijk,2019-06-23,23:00:00,0,0,0,FMN GV 18 Kasterlee
84,Oudemolsedijk,2019-06-24,00:00:00,0,0,0,FMN GV 18 Kasterlee
84,Oudemolsedijk,2019-06-24,01:00:00,0,0,0,FMN GV 18 Kasterlee
84,Oudemolsedijk,2019-06-24,02:00:00,1,0,1,FMN GV 18 Kasterlee
84,Oudemolsedijk,2019-06-24,03:00:00,0,0,0,FMN GV 18 Kasterlee
84,Oudemolsedijk,2019-06-24,04:00:00,1,1,0,FMN GV 18 Kasterlee
84,Oudemolsedijk,2019-06-24,05:00:00,5,5,0,FMN GV 18 Kasterlee
84,Oudemolsedijk,2019-06-24,06:00:00,14,5,9,FMN GV 18 Kasterlee
84,Oudemolsedijk,2019-06-24,07:00:00,38,22,16,FMN GV 18 Kasterlee
84,Oudemolsedijk,2019-06-24,08:00:00,38,17,21,FMN GV 18 Kasterlee
84,Oudemolsedijk,2019-06-24,09:00:00,21,8,13,FMN GV 18 Kasterlee
84,Oudemolsedijk,2019-06-24,10:00:00,21,10,11,FMN GV 18 Kasterlee
84,Oudemolsedijk,2019-06-24,11:00:00,39,12,27,FMN GV 18 Kasterlee
84,Oudemolsedijk,2019-06-24,12:00:00,26,14,12,FMN GV 18 Kasterlee
84,Oudemolsedijk,2019-06-24,13:00:00,32,12,20,FMN GV 18 Kasterlee
84,Oudemolsedijk,2019-06-24,14:00:00,43,16,27,FMN GV 18 Kasterlee
84,Oudemolsedijk,2019-06-24,15:00:00,56,31,25,FMN GV 18 Kasterlee
84,Oudemolsedijk,2019-06-24,16:00:00,57,24,33,FMN GV 18 Kasterlee
84,Oudemolsedijk,2019-06-24,17:00:00,49,18,31,FMN GV 18 Kasterlee
84,Oudemolsedijk,2019-06-24,18:00:00,35,24,11,FMN GV 18 Kasterlee
84,Oudemolsedijk,2019-06-24,19:00:00,27,20,7,FMN GV 18 Kasterlee
84,Oudemolsedijk,2019-06-24,20:00:00,35,20,15,FMN GV 18 Kasterlee
84,Oudemolsedijk,2019-06-24,21:00:00,9,3,6,FMN GV 18 Kasterlee
84,Oudemolsedijk,2019-06-24,22:00:00,10,2,8,FMN GV 18 Kasterlee
84,Oudemolsedijk,2019-06-24,23:00:00,1,0,1,FMN GV 18 Kasterlee
84,Oudemolsedijk,2019-06-25,00:00:00,1,1,0,FMN GV 18 Kasterlee
84,Oudemolsedijk,2019-06-25,01:00:00,0,0,0,FMN GV 18 Kasterlee
84,Oudemolsedijk,2019-06-25,02:00:00,0,0,0,FMN GV 18 Kasterlee
84,Oudemolsedijk,2019-06-25,03:00:00,0,0,0,FMN GV 18 Kasterlee
84,Oudemolsedijk,2019-06-25,04:00:00,2,1,1,FMN GV 18 Kasterlee
84,Oudemolsedijk,2019-06-25,05:00:00,7,6,1,FMN GV 18 Kasterlee
84,Oudemolsedijk,2019-06-25,06:00:00,13,6,7,FMN GV 18 Kasterlee
84,Oudemolsedijk,2019-06-25,07:00:00,30,18,12,FMN GV 18 Kasterlee
84,Oudemolsedijk,2019-06-25,08:00:00,29,16,13,FMN GV 18 Kasterlee
84,Oudemolsedijk,2019-06-25,09:00:00,32,17,15,FMN GV 18 Kasterlee
84,Oudemolsedijk,2019-06-25,10:00:00,68,52,16,FMN GV 18 Kasterlee
84,Oudemolsedijk,2019-06-25,11:00:00,29,16,13,FMN GV 18 Kasterlee
84,Oudemolsedijk,2019-06-25,12:00:00,13,5,8,FMN GV 18 Kasterlee
84,Oudemolsedijk,2019-06-25,13:00:00,32,14,18,FMN GV 18 Kasterlee
84,Oudemolsedijk,2019-06-25,14:00:00,21,12,9,FMN GV 18 Kasterlee
84,Oudemolsedijk,2019-06-25,15:00:00,42,24,18,FMN GV 18 Kasterlee
84,Oudemolsedijk,2019-06-25,16:00:00,50,22,28,FMN GV 18 Kasterlee
84,Oudemolsedijk,2019-06-25,17:00:00,27,14,13,FMN GV 18 Kasterlee
84,Oudemolsedijk,2019-06-25,18:00:00,35,24,11,FMN GV 18 Kasterlee
84,Oudemolsedijk,2019-06-25,19:00:00,29,13,16,FMN GV 18 Kasterlee
84,Oudemolsedijk,2019-06-25,20:00:00,35,16,19,FMN GV 18 Kasterlee
84,Oudemolsedijk,2019-06-25,21:00:00,22,7,15,FMN GV 18 Kasterlee
84,Oudemolsedijk,2019-06-25,22:00:00,15,9,6,FMN GV 18 Kasterlee
84,Oudemolsedijk,2019-06-25,23:00:00,2,1,1,FMN GV 18 Kasterlee
84,Oudemolsedijk,2019-06-26,00:00:00,0,0,0,FMN GV 18 Kasterlee
84,Oudemolsedijk,2019-06-26,01:00:00,1,0,1,FMN GV 18 Kasterlee
84,Oudemolsedijk,2019-06-26,02:00:00,0,0,0,FMN GV 18 Kasterlee
84,Oudemolsedijk,2019-06-26,03:00:00,0,0,0,FMN GV 18 Kasterlee
84,Oudemolsedijk,2019-06-26,04:00:00,1,1,0,FMN GV 18 Kasterlee
84,Oudemolsedijk,2019-06-26,05:00:00,4,3,1,FMN GV 18 Kasterlee
84,Oudemolsedijk,2019-06-26,06:00:00,17,9,8,FMN GV 18 Kasterlee
84,Oudemolsedijk,2019-06-26,07:00:00,25,14,11,FMN GV 18 Kasterlee
84,Oudemolsedijk,2019-06-26,08:00:00,37,21,16,FMN GV 18 Kasterlee
84,Oudemolsedijk,2019-06-26,09:00:00,28,12,16,FMN GV 18 Kasterlee
84,Oudemolsedijk,2019-06-26,10:00:00,23,11,12,FMN GV 18 Kasterlee
84,Oudemolsedijk,2019-06-26,11:00:00,23,11,12,FMN GV 18 Kasterlee
84,Oudemolsedijk,2019-06-26,12:00:00,31,8,23,FMN GV 18 Kasterlee
84,Oudemolsedijk,2019-06-26,13:00:00,35,14,21,FMN GV 18 Kasterlee
84,Oudemolsedijk,2019-06-26,14:00:00,55,32,23,FMN GV 18 Kasterlee
84,Oudemolsedijk,2019-06-26,15:00:00,38,26,12,FMN GV 18 Kasterlee
84,Oudemolsedijk,2019-06-26,16:00:00,66,30,36,FMN GV 18 Kasterlee
84,Oudemolsedijk,2019-06-26,17:00:00,37,17,20,FMN GV 18 Kasterlee
84,Oudemolsedijk,2019-06-26,18:00:00,38,12,26,FMN GV 18 Kasterlee
84,Oudemolsedijk,2019-06-26,19:00:00,31,16,15,FMN GV 18 Kasterlee
84,Oudemolsedijk,2019-06-26,20:00:00,32,22,10,FMN GV 18 Kasterlee
84,Oudemolsedijk,2019-06-26,21:00:00,29,24,5,FMN GV 18 Kasterlee
84,Oudemolsedijk,2019-06-26,22:00:00,8,6,2,FMN GV 18 Kasterlee
84,Oudemolsedijk,2019-06-26,23:00:00,0,0,0,FMN GV 18 Kasterlee
84,Oudemolsedijk,2019-06-27,00:00:00,1,0,1,FMN GV 18 Kasterlee
84,Oudemolsedijk,2019-06-27,01:00:00,0,0,0,FMN GV 18 Kasterlee
84,Oudemolsedijk,2019-06-27,02:00:00,0,0,0,FMN GV 18 Kasterlee
84,Oudemolsedijk,2019-06-27,03:00:00,0,0,0,FMN GV 18 Kasterlee
84,Oudemolsedijk,2019-06-27,04:00:00,1,1,0,FMN GV 18 Kasterlee
84,Oudemolsedijk,2019-06-27,05:00:00,4,3,1,FMN GV 18 Kasterlee
84,Oudemolsedijk,2019-06-27,06:00:00,17,8,9,FMN GV 18 Kasterlee
84,Oudemolsedijk,2019-06-27,07:00:00,24,14,10,FMN GV 18 Kasterlee
84,Oudemolsedijk,2019-06-27,08:00:00,74,20,54,FMN GV 18 Kasterlee
84,Oudemolsedijk,2019-06-27,09:00:00,16,8,8,FMN GV 18 Kasterlee
84,Oudemolsedijk,2019-06-27,10:00:00,40,17,23,FMN GV 18 Kasterlee
84,Oudemolsedijk,2019-06-27,11:00:00,29,14,15,FMN GV 18 Kasterlee
84,Oudemolsedijk,2019-06-27,12:00:00,43,25,18,FMN GV 18 Kasterlee
84,Oudemolsedijk,2019-06-27,13:00:00,36,14,22,FMN GV 18 Kasterlee
84,Oudemolsedijk,2019-06-27,14:00:00,86,33,53,FMN GV 18 Kasterlee
84,Oudemolsedijk,2019-06-27,15:00:00,70,28,42,FMN GV 18 Kasterlee
84,Oudemolsedijk,2019-06-27,16:00:00,209,156,53,FMN GV 18 Kasterlee
84,Oudemolsedijk,2019-06-27,17:00:00,55,37,18,FMN GV 18 Kasterlee
84,Oudemolsedijk,2019-06-27,18:00:00,47,23,24,FMN GV 18 Kasterlee
84,Oudemolsedijk,2019-06-27,19:00:00,25,13,12,FMN GV 18 Kasterlee
84,Oudemolsedijk,2019-06-27,20:00:00,33,15,18,FMN GV 18 Kasterlee
84,Oudemolsedijk,2019-06-27,21:00:00,28,24,4,FMN GV 18 Kasterlee
84,Oudemolsedijk,2019-06-27,22:00:00,3,1,2,FMN GV 18 Kasterlee
84,Oudemolsedijk,2019-06-27,23:00:00,1,1,0,FMN GV 18 Kasterlee
84,Oudemolsedijk,2019-06-28,00:00:00,0,0,0,FMN GV 18 Kasterlee
84,Oudemolsedijk,2019-06-28,01:00:00,2,1,1,FMN GV 18 Kasterlee
84,Oudemolsedijk,2019-06-28,02:00:00,1,1,0,FMN GV 18 Kasterlee
84,Oudemolsedijk,2019-06-28,03:00:00,0,0,0,FMN GV 18 Kasterlee
84,Oudemolsedijk,2019-06-28,04:00:00,1,1,0,FMN GV 18 Kasterlee
84,Oudemolsedijk,2019-06-28,05:00:00,2,1,1,FMN GV 18 Kasterlee
84,Oudemolsedijk,2019-06-28,06:00:00,10,4,6,FMN GV 18 Kasterlee
84,Oudemolsedijk,2019-06-28,07:00:00,22,9,13,FMN GV 18 Kasterlee
84,Oudemolsedijk,2019-06-28,08:00:00,28,15,13,FMN GV 18 Kasterlee
84,Oudemolsedijk,2019-06-28,09:00:00,19,9,10,FMN GV 18 Kasterlee
84,Oudemolsedijk,2019-06-28,10:00:00,29,8,21,FMN GV 18 Kasterlee
84,Oudemolsedijk,2019-06-28,11:00:00,16,10,6,FMN GV 18 Kasterlee
84,Oudemolsedijk,2019-06-28,12:00:00,27,13,14,FMN GV 18 Kasterlee
84,Oudemolsedijk,2019-06-28,13:00:00,37,20,17,FMN GV 18 Kasterlee
84,Oudemolsedijk,2019-06-28,14:00:00,47,15,32,FMN GV 18 Kasterlee
84,Oudemolsedijk,2019-06-28,15:00:00,43,12,31,FMN GV 18 Kasterlee
84,Oudemolsedijk,2019-06-28,16:00:00,45,22,23,FMN GV 18 Kasterlee
84,Oudemolsedijk,2019-06-28,17:00:00,61,39,22,FMN GV 18 Kasterlee
84,Oudemolsedijk,2019-06-28,18:00:00,35,14,21,FMN GV 18 Kasterlee
84,Oudemolsedijk,2019-06-28,19:00:00,28,6,22,FMN GV 18 Kasterlee
84,Oudemolsedijk,2019-06-28,20:00:00,32,11,21,FMN GV 18 Kasterlee
84,Oudemolsedijk,2019-06-28,21:00:00,8,4,4,FMN GV 18 Kasterlee
84,Oudemolsedijk,2019-06-28,22:00:00,2,1,1,FMN GV 18 Kasterlee
84,Oudemolsedijk,2019-06-28,23:00:00,10,10,0,FMN GV 18 Kasterlee
84,Oudemolsedijk,2019-06-29,00:00:00,2,0,2,FMN GV 18 Kasterlee
84,Oudemolsedijk,2019-06-29,01:00:00,3,3,0,FMN GV 18 Kasterlee
84,Oudemolsedijk,2019-06-29,02:00:00,0,0,0,FMN GV 18 Kasterlee
84,Oudemolsedijk,2019-06-29,03:00:00,2,0,2,FMN GV 18 Kasterlee
84,Oudemolsedijk,2019-06-29,04:00:00,1,1,0,FMN GV 18 Kasterlee
84,Oudemolsedijk,2019-06-29,05:00:00,3,1,2,FMN GV 18 Kasterlee
84,Oudemolsedijk,2019-06-29,06:00:00,2,0,2,FMN GV 18 Kasterlee
84,Oudemolsedijk,2019-06-29,07:00:00,7,1,6,FMN GV 18 Kasterlee
84,Oudemolsedijk,2019-06-29,08:00:00,13,6,7,FMN GV 18 Kasterlee
84,Oudemolsedijk,2019-06-29,09:00:00,31,18,13,FMN GV 18 Kasterlee
84,Oudemolsedijk,2019-06-29,10:00:00,74,37,37,FMN GV 18 Kasterlee
84,Oudemolsedijk,2019-06-29,11:00:00,49,24,25,FMN GV 18 Kasterlee
84,Oudemolsedijk,2019-06-29,12:00:00,41,18,23,FMN GV 18 Kasterlee
84,Oudemolsedijk,2019-06-29,13:00:00,43,13,30,FMN GV 18 Kasterlee
84,Oudemolsedijk,2019-06-29,14:00:00,32,18,14,FMN GV 18 Kasterlee
84,Oudemolsedijk,2019-06-29,15:00:00,56,30,26,FMN GV 18 Kasterlee
84,Oudemolsedijk,2019-06-29,16:00:00,41,20,21,FMN GV 18 Kasterlee
84,Oudemolsedijk,2019-06-29,17:00:00,40,27,13,FMN GV 18 Kasterlee
84,Oudemolsedijk,2019-06-29,18:00:00,18,11,7,FMN GV 18 Kasterlee
84,Oudemolsedijk,2019-06-29,19:00:00,17,14,3,FMN GV 18 Kasterlee
84,Oudemolsedijk,2019-06-29,20:00:00,26,14,12,FMN GV 18 Kasterlee
84,Oudemolsedijk,2019-06-29,21:00:00,12,4,8,FMN GV 18 Kasterlee
84,Oudemolsedijk,2019-06-29,22:00:00,7,5,2,FMN GV 18 Kasterlee
84,Oudemolsedijk,2019-06-29,23:00:00,7,1,6,FMN GV 18 Kasterlee
84,Oudemolsedijk,2019-06-30,00:00:00,1,0,1,FMN GV 18 Kasterlee
84,Oudemolsedijk,2019-06-30,01:00:00,0,0,0,FMN GV 18 Kasterlee
84,Oudemolsedijk,2019-06-30,02:00:00,1,1,0,FMN GV 18 Kasterlee
84,Oudemolsedijk,2019-06-30,03:00:00,10,8,2,FMN GV 18 Kasterlee
84,Oudemolsedijk,2019-06-30,04:00:00,1,1,0,FMN GV 18 Kasterlee
84,Oudemolsedijk,2019-06-30,05:00:00,2,0,2,FMN GV 18 Kasterlee
84,Oudemolsedijk,2019-06-30,06:00:00,1,0,1,FMN GV 18 Kasterlee
84,Oudemolsedijk,2019-06-30,07:00:00,10,3,7,FMN GV 18 Kasterlee
84,Oudemolsedijk,2019-06-30,08:00:00,53,18,35,FMN GV 18 Kasterlee
84,Oudemolsedijk,2019-06-30,09:00:00,88,50,38,FMN GV 18 Kasterlee
84,Oudemolsedijk,2019-06-30,10:00:00,166,92,74,FMN GV 18 Kasterlee
84,Oudemolsedijk,2019-06-30,11:00:00,140,47,93,FMN GV 18 Kasterlee
84,Oudemolsedijk,2019-06-30,12:00:00,80,39,41,FMN GV 18 Kasterlee
84,Oudemolsedijk,2019-06-30,13:00:00,77,31,46,FMN GV 18 Kasterlee
84,Oudemolsedijk,2019-06-30,14:00:00,119,57,62,FMN GV 18 Kasterlee
84,Oudemolsedijk,2019-06-30,15:00:00,95,46,49,FMN GV 18 Kasterlee
84,Oudemolsedijk,2019-06-30,16:00:00,127,46,81,FMN GV 18 Kasterlee
84,Oudemolsedijk,2019-06-30,17:00:00,36,26,10,FMN GV 18 Kasterlee
84,Oudemolsedijk,2019-06-30,18:00:00,50,38,12,FMN GV 18 Kasterlee
84,Oudemolsedijk,2019-06-30,19:00:00,30,12,18,FMN GV 18 Kasterlee
84,Oudemolsedijk,2019-06-30,20:00:00,21,14,7,FMN GV 18 Kasterlee
84,Oudemolsedijk,2019-06-30,21:00:00,12,12,0,FMN GV 18 Kasterlee
84,Oudemolsedijk,2019-06-30,22:00:00,6,6,0,FMN GV 18 Kasterlee
84,Oudemolsedijk,2019-06-30,23:00:00,0,0,0,FMN GV 18 Kasterlee
84,Oudemolsedijk,2019-07-01,00:00:00,0,0,0,FMN GV 18 Kasterlee
84,Oudemolsedijk,2019-07-01,01:00:00,0,0,0,FMN GV 18 Kasterlee
84,Oudemolsedijk,2019-07-01,02:00:00,0,0,0,FMN GV 18 Kasterlee
84,Oudemolsedijk,2019-07-01,03:00:00,1,0,1,FMN GV 18 Kasterlee
84,Oudemolsedijk,2019-07-01,04:00:00,0,0,0,FMN GV 18 Kasterlee
84,Oudemolsedijk,2019-07-01,05:00:00,3,2,1,FMN GV 18 Kasterlee
84,Oudemolsedijk,2019-07-01,06:00:00,14,7,7,FMN GV 18 Kasterlee
84,Oudemolsedijk,2019-07-01,07:00:00,26,11,15,FMN GV 18 Kasterlee
84,Oudemolsedijk,2019-07-01,08:00:00,19,9,10,FMN GV 18 Kasterlee
84,Oudemolsedijk,2019-07-01,09:00:00,10,4,6,FMN GV 18 Kasterlee
84,Oudemolsedijk,2019-07-01,10:00:00,41,15,26,FMN GV 18 Kasterlee
84,Oudemolsedijk,2019-07-01,11:00:00,14,9,5,FMN GV 18 Kasterlee
84,Oudemolsedijk,2019-07-01,12:00:00,14,11,3,FMN GV 18 Kasterlee
84,Oudemolsedijk,2019-07-01,13:00:00,49,23,26,FMN GV 18 Kasterlee
84,Oudemolsedijk,2019-07-01,14:00:00,78,36,42,FMN GV 18 Kasterlee
84,Oudemolsedijk,2019-07-01,15:00:00,68,48,20,FMN GV 18 Kasterlee
84,Oudemolsedijk,2019-07-01,16:00:00,74,34,40,FMN GV 18 Kasterlee
84,Oudemolsedijk,2019-07-01,17:00:00,34,19,15,FMN GV 18 Kasterlee
84,Oudemolsedijk,2019-07-01,18:00:00,41,19,22,FMN GV 18 Kasterlee
84,Oudemolsedijk,2019-07-01,19:00:00,32,13,19,FMN GV 18 Kasterlee
84,Oudemolsedijk,2019-07-01,20:00:00,17,11,6,FMN GV 18 Kasterlee
84,Oudemolsedijk,2019-07-01,21:00:00,12,6,6,FMN GV 18 Kasterlee
84,Oudemolsedijk,2019-07-01,22:00:00,6,2,4,FMN GV 18 Kasterlee
84,Oudemolsedijk,2019-07-01,23:00:00,1,1,0,FMN GV 18 Kasterlee
84,Oudemolsedijk,2019-07-02,00:00:00,1,0,1,FMN GV 18 Kasterlee
84,Oudemolsedijk,2019-07-02,01:00:00,0,0,0,FMN GV 18 Kasterlee
84,Oudemolsedijk,2019-07-02,02:00:00,0,0,0,FMN GV 18 Kasterlee
84,Oudemolsedijk,2019-07-02,03:00:00,1,0,1,FMN GV 18 Kasterlee
84,Oudemolsedijk,2019-07-02,04:00:00,1,1,0,FMN GV 18 Kasterlee
84,Oudemolsedijk,2019-07-02,05:00:00,1,1,0,FMN GV 18 Kasterlee
84,Oudemolsedijk,2019-07-02,06:00:00,18,7,11,FMN GV 18 Kasterlee
84,Oudemolsedijk,2019-07-02,07:00:00,23,10,13,FMN GV 18 Kasterlee
84,Oudemolsedijk,2019-07-02,08:00:00,18,7,11,FMN GV 18 Kasterlee
84,Oudemolsedijk,2019-07-02,09:00:00,24,7,17,FMN GV 18 Kasterlee
84,Oudemolsedijk,2019-07-02,10:00:00,28,12,16,FMN GV 18 Kasterlee
84,Oudemolsedijk,2019-07-02,11:00:00,18,6,12,FMN GV 18 Kasterlee
84,Oudemolsedijk,2019-07-02,12:00:00,16,12,4,FMN GV 18 Kasterlee
84,Oudemolsedijk,2019-07-02,13:00:00,41,13,28,FMN GV 18 Kasterlee
84,Oudemolsedijk,2019-07-02,14:00:00,116,75,41,FMN GV 18 Kasterlee
84,Oudemolsedijk,2019-07-02,15:00:00,82,40,42,FMN GV 18 Kasterlee
84,Oudemolsedijk,2019-07-02,16:00:00,90,44,46,FMN GV 18 Kasterlee
84,Oudemolsedijk,2019-07-02,17:00:00,62,38,24,FMN GV 18 Kasterlee
84,Oudemolsedijk,2019-07-02,18:00:00,35,16,19,FMN GV 18 Kasterlee
84,Oudemolsedijk,2019-07-02,19:00:00,32,20,12,FMN GV 18 Kasterlee
84,Oudemolsedijk,2019-07-02,20:00:00,35,19,16,FMN GV 18 Kasterlee
84,Oudemolsedijk,2019-07-02,21:00:00,12,4,8,FMN GV 18 Kasterlee
84,Oudemolsedijk,2019-07-02,22:00:00,9,7,2,FMN GV 18 Kasterlee
84,Oudemolsedijk,2019-07-02,23:00:00,0,0,0,FMN GV 18 Kasterlee
84,Oudemolsedijk,2019-07-03,00:00:00,2,0,2,FMN GV 18 Kasterlee
84,Oudemolsedijk,2019-07-03,01:00:00,0,0,0,FMN GV 18 Kasterlee
84,Oudemolsedijk,2019-07-03,02:00:00,1,0,1,FMN GV 18 Kasterlee
84,Oudemolsedijk,2019-07-03,03:00:00,0,0,0,FMN GV 18 Kasterlee
84,Oudemolsedijk,2019-07-03,04:00:00,0,0,0,FMN GV 18 Kasterlee
84,Oudemolsedijk,2019-07-03,05:00:00,3,3,0,FMN GV 18 Kasterlee
84,Oudemolsedijk,2019-07-03,06:00:00,17,7,10,FMN GV 18 Kasterlee
84,Oudemolsedijk,2019-07-03,07:00:00,25,14,11,FMN GV 18 Kasterlee
84,Oudemolsedijk,2019-07-03,08:00:00,11,4,7,FMN GV 18 Kasterlee
84,Oudemolsedijk,2019-07-03,09:00:00,26,12,14,FMN GV 18 Kasterlee
84,Oudemolsedijk,2019-07-03,10:00:00,23,11,12,FMN GV 18 Kasterlee
84,Oudemolsedijk,2019-07-03,11:00:00,23,14,9,FMN GV 18 Kasterlee
84,Oudemolsedijk,2019-07-03,12:00:00,38,22,16,FMN GV 18 Kasterlee
84,Oudemolsedijk,2019-07-03,13:00:00,48,28,20,FMN GV 18 Kasterlee
84,Oudemolsedijk,2019-07-03,14:00:00,107,76,31,FMN GV 18 Kasterlee
84,Oudemolsedijk,2019-07-03,15:00:00,54,22,32,FMN GV 18 Kasterlee
84,Oudemolsedijk,2019-07-03,16:00:00,62,30,32,FMN GV 18 Kasterlee
84,Oudemolsedijk,2019-07-03,17:00:00,94,32,62,FMN GV 18 Kasterlee
84,Oudemolsedijk,2019-07-03,18:00:00,15,7,8,FMN GV 18 Kasterlee
84,Oudemolsedijk,2019-07-03,19:00:00,47,28,19,FMN GV 18 Kasterlee
84,Oudemolsedijk,2019-07-03,20:00:00,38,19,19,FMN GV 18 Kasterlee
84,Oudemolsedijk,2019-07-03,21:00:00,12,7,5,FMN GV 18 Kasterlee
84,Oudemolsedijk,2019-07-03,22:00:00,2,2,0,FMN GV 18 Kasterlee
84,Oudemolsedijk,2019-07-03,23:00:00,1,0,1,FMN GV 18 Kasterlee
84,Oudemolsedijk,2019-07-04,00:00:00,0,0,0,FMN GV 18 Kasterlee
84,Oudemolsedijk,2019-07-04,01:00:00,0,0,0,FMN GV 18 Kasterlee
84,Oudemolsedijk,2019-07-04,02:00:00,0,0,0,FMN GV 18 Kasterlee
84,Oudemolsedijk,2019-07-04,03:00:00,1,0,1,FMN GV 18 Kasterlee
84,Oudemolsedijk,2019-07-04,04:00:00,0,0,0,FMN GV 18 Kasterlee
84,Oudemolsedijk,2019-07-04,05:00:00,4,2,2,FMN GV 18 Kasterlee
84,Oudemolsedijk,2019-07-04,06:00:00,17,7,10,FMN GV 18 Kasterlee
84,Oudemolsedijk,2019-07-04,07:00:00,23,15,8,FMN GV 18 Kasterlee
84,Oudemolsedijk,2019-07-04,08:00:00,29,13,16,FMN GV 18 Kasterlee
84,Oudemolsedijk,2019-07-04,09:00:00,12,7,5,FMN GV 18 Kasterlee
84,Oudemolsedijk,2019-07-04,10:00:00,34,18,16,FMN GV 18 Kasterlee
84,Oudemolsedijk,2019-07-04,11:00:00,26,22,4,FMN GV 18 Kasterlee
84,Oudemolsedijk,2019-07-04,12:00:00,49,26,23,FMN GV 18 Kasterlee
84,Oudemolsedijk,2019-07-04,13:00:00,75,41,34,FMN GV 18 Kasterlee
84,Oudemolsedijk,2019-07-04,14:00:00,91,51,40,FMN GV 18 Kasterlee
84,Oudemolsedijk,2019-07-04,15:00:00,83,56,27,FMN GV 18 Kasterlee
84,Oudemolsedijk,2019-07-04,16:00:00,80,52,28,FMN GV 18 Kasterlee
84,Oudemolsedijk,2019-07-04,17:00:00,68,29,39,FMN GV 18 Kasterlee
84,Oudemolsedijk,2019-07-04,18:00:00,44,19,25,FMN GV 18 Kasterlee
84,Oudemolsedijk,2019-07-04,19:00:00,41,17,24,FMN GV 18 Kasterlee
84,Oudemolsedijk,2019-07-04,20:00:00,33,19,14,FMN GV 18 Kasterlee
84,Oudemolsedijk,2019-07-04,21:00:00,17,11,6,FMN GV 18 Kasterlee
84,Oudemolsedijk,2019-07-04,22:00:00,6,3,3,FMN GV 18 Kasterlee
84,Oudemolsedijk,2019-07-04,23:00:00,0,0,0,FMN GV 18 Kasterlee
84,Oudemolsedijk,2019-07-05,00:00:00,0,0,0,FMN GV 18 Kasterlee
84,Oudemolsedijk,2019-07-05,01:00:00,0,0,0,FMN GV 18 Kasterlee
84,Oudemolsedijk,2019-07-05,02:00:00,1,0,1,FMN GV 18 Kasterlee
84,Oudemolsedijk,2019-07-05,03:00:00,0,0,0,FMN GV 18 Kasterlee
84,Oudemolsedijk,2019-07-05,04:00:00,0,0,0,FMN GV 18 Kasterlee
84,Oudemolsedijk,2019-07-05,05:00:00,3,2,1,FMN GV 18 Kasterlee
84,Oudemolsedijk,2019-07-05,06:00:00,12,5,7,FMN GV 18 Kasterlee
84,Oudemolsedijk,2019-07-05,07:00:00,22,10,12,FMN GV 18 Kasterlee
84,Oudemolsedijk,2019-07-05,08:00:00,15,6,9,FMN GV 18 Kasterlee
84,Oudemolsedijk,2019-07-05,09:00:00,13,3,10,FMN GV 18 Kasterlee
84,Oudemolsedijk,2019-07-05,10:00:00,24,12,12,FMN GV 18 Kasterlee
84,Oudemolsedijk,2019-07-05,11:00:00,19,14,5,FMN GV 18 Kasterlee
84,Oudemolsedijk,2019-07-05,12:00:00,23,7,16,FMN GV 18 Kasterlee
84,Oudemolsedijk,2019-07-05,13:00:00,51,28,23,FMN GV 18 Kasterlee
84,Oudemolsedijk,2019-07-05,14:00:00,40,13,27,FMN GV 18 Kasterlee
84,Oudemolsedijk,2019-07-05,15:00:00,74,43,31,FMN GV 18 Kasterlee
84,Oudemolsedijk,2019-07-05,16:00:00,64,36,28,FMN GV 18 Kasterlee
84,Oudemolsedijk,2019-07-05,17:00:00,41,22,19,FMN GV 18 Kasterlee
84,Oudemolsedijk,2019-07-05,18:00:00,23,8,15,FMN GV 18 Kasterlee
84,Oudemolsedijk,2019-07-05,19:00:00,26,14,12,FMN GV 18 Kasterlee
84,Oudemolsedijk,2019-07-05,20:00:00,16,10,6,FMN GV 18 Kasterlee
84,Oudemolsedijk,2019-07-05,21:00:00,13,10,3,FMN GV 18 Kasterlee
84,Oudemolsedijk,2019-07-05,22:00:00,1,0,1,FMN GV 18 Kasterlee
84,Oudemolsedijk,2019-07-05,23:00:00,0,0,0,FMN GV 18 Kasterlee
84,Oudemolsedijk,2019-07-06,00:00:00,2,1,1,FMN GV 18 Kasterlee
84,Oudemolsedijk,2019-07-06,01:00:00,5,0,5,FMN GV 18 Kasterlee
84,Oudemolsedijk,2019-07-06,02:00:00,3,2,1,FMN GV 18 Kasterlee
84,Oudemolsedijk,2019-07-06,03:00:00,1,1,0,FMN GV 18 Kasterlee
84,Oudemolsedijk,2019-07-06,04:00:00,0,0,0,FMN GV 18 Kasterlee
84,Oudemolsedijk,2019-07-06,05:00:00,1,0,1,FMN GV 18 Kasterlee
84,Oudemolsedijk,2019-07-06,06:00:00,2,1,1,FMN GV 18 Kasterlee
84,Oudemolsedijk,2019-07-06,07:00:00,0,0,0,FMN GV 18 Kasterlee
84,Oudemolsedijk,2019-07-06,08:00:00,10,3,7,FMN GV 18 Kasterlee
84,Oudemolsedijk,2019-07-06,09:00:00,19,9,10,FMN GV 18 Kasterlee
84,Oudemolsedijk,2019-07-06,10:00:00,51,17,34,FMN GV 18 Kasterlee
84,Oudemolsedijk,2019-07-06,11:00:00,54,16,38,FMN GV 18 Kasterlee
84,Oudemolsedijk,2019-07-06,12:00:00,52,29,23,FMN GV 18 Kasterlee
84,Oudemolsedijk,2019-07-06,13:00:00,51,18,33,FMN GV 18 Kasterlee
84,Oudemolsedijk,2019-07-06,14:00:00,89,45,44,FMN GV 18 Kasterlee
84,Oudemolsedijk,2019-07-06,15:00:00,85,36,49,FMN GV 18 Kasterlee
84,Oudemolsedijk,2019-07-06,16:00:00,72,38,34,FMN GV 18 Kasterlee
84,Oudemolsedijk,2019-07-06,17:00:00,35,13,22,FMN GV 18 Kasterlee
84,Oudemolsedijk,2019-07-06,18:00:00,25,17,8,FMN GV 18 Kasterlee
84,Oudemolsedijk,2019-07-06,19:00:00,11,3,8,FMN GV 18 Kasterlee
84,Oudemolsedijk,2019-07-06,20:00:00,6,4,2,FMN GV 18 Kasterlee
84,Oudemolsedijk,2019-07-06,21:00:00,5,3,2,FMN GV 18 Kasterlee
84,Oudemolsedijk,2019-07-06,22:00:00,4,4,0,FMN GV 18 Kasterlee
84,Oudemolsedijk,2019-07-06,23:00:00,0,0,0,FMN GV 18 Kasterlee
84,Oudemolsedijk,2019-07-07,00:00:00,0,0,0,FMN GV 18 Kasterlee
84,Oudemolsedijk,2019-07-07,01:00:00,1,0,1,FMN GV 18 Kasterlee
84,Oudemolsedijk,2019-07-07,02:00:00,0,0,0,FMN GV 18 Kasterlee
84,Oudemolsedijk,2019-07-07,03:00:00,0,0,0,FMN GV 18 Kasterlee
84,Oudemolsedijk,2019-07-07,04:00:00,0,0,0,FMN GV 18 Kasterlee
84,Oudemolsedijk,2019-07-07,05:00:00,0,0,0,FMN GV 18 Kasterlee
84,Oudemolsedijk,2019-07-07,06:00:00,2,1,1,FMN GV 18 Kasterlee
84,Oudemolsedijk,2019-07-07,07:00:00,12,1,11,FMN GV 18 Kasterlee
84,Oudemolsedijk,2019-07-07,08:00:00,48,26,22,FMN GV 18 Kasterlee
84,Oudemolsedijk,2019-07-07,09:00:00,107,68,39,FMN GV 18 Kasterlee
84,Oudemolsedijk,2019-07-07,10:00:00,104,53,51,FMN GV 18 Kasterlee
84,Oudemolsedijk,2019-07-07,11:00:00,122,67,55,FMN GV 18 Kasterlee
84,Oudemolsedijk,2019-07-07,12:00:00,56,36,20,FMN GV 18 Kasterlee
84,Oudemolsedijk,2019-07-07,13:00:00,82,27,55,FMN GV 18 Kasterlee
84,Oudemolsedijk,2019-07-07,14:00:00,121,54,67,FMN GV 18 Kasterlee
84,Oudemolsedijk,2019-07-07,15:00:00,133,60,73,FMN GV 18 Kasterlee
84,Oudemolsedijk,2019-07-07,16:00:00,126,63,63,FMN GV 18 Kasterlee
84,Oudemolsedijk,2019-07-07,17:00:00,59,32,27,FMN GV 18 Kasterlee
84,Oudemolsedijk,2019-07-07,18:00:00,22,18,4,FMN GV 18 Kasterlee
84,Oudemolsedijk,2019-07-07,19:00:00,19,6,13,FMN GV 18 Kasterlee
84,Oudemolsedijk,2019-07-07,20:00:00,14,3,11,FMN GV 18 Kasterlee
84,Oudemolsedijk,2019-07-07,21:00:00,4,1,3,FMN GV 18 Kasterlee
84,Oudemolsedijk,2019-07-07,22:00:00,2,2,0,FMN GV 18 Kasterlee
84,Oudemolsedijk,2019-07-07,23:00:00,1,0,1,FMN GV 18 Kasterlee
84,Oudemolsedijk,2019-07-08,00:00:00,0,0,0,FMN GV 18 Kasterlee
84,Oudemolsedijk,2019-07-08,01:00:00,0,0,0,FMN GV 18 Kasterlee
84,Oudemolsedijk,2019-07-08,02:00:00,0,0,0,FMN GV 18 Kasterlee
84,Oudemolsedijk,2019-07-08,03:00:00,1,0,1,FMN GV 18 Kasterlee
84,Oudemolsedijk,2019-07-08,04:00:00,2,2,0,FMN GV 18 Kasterlee
84,Oudemolsedijk,2019-07-08,05:00:00,3,3,0,FMN GV 18 Kasterlee
84,Oudemolsedijk,2019-07-08,06:00:00,15,10,5,FMN GV 18 Kasterlee
84,Oudemolsedijk,2019-07-08,07:00:00,22,11,11,FMN GV 18 Kasterlee
84,Oudemolsedijk,2019-07-08,08:00:00,13,5,8,FMN GV 18 Kasterlee
84,Oudemolsedijk,2019-07-08,09:00:00,24,12,12,FMN GV 18 Kasterlee
84,Oudemolsedijk,2019-07-08,10:00:00,17,11,6,FMN GV 18 Kasterlee
84,Oudemolsedijk,2019-07-08,11:00:00,13,8,5,FMN GV 18 Kasterlee
84,Oudemolsedijk,2019-07-08,12:00:00,28,13,15,FMN GV 18 Kasterlee
84,Oudemolsedijk,2019-07-08,13:00:00,17,8,9,FMN GV 18 Kasterlee
84,Oudemolsedijk,2019-07-08,14:00:00,49,24,25,FMN GV 18 Kasterlee
84,Oudemolsedijk,2019-07-08,15:00:00,29,16,13,FMN GV 18 Kasterlee
84,Oudemolsedijk,2019-07-08,16:00:00,44,35,9,FMN GV 18 Kasterlee
84,Oudemolsedijk,2019-07-08,17:00:00,33,15,18,FMN GV 18 Kasterlee
84,Oudemolsedijk,2019-07-08,18:00:00,18,12,6,FMN GV 18 Kasterlee
84,Oudemolsedijk,2019-07-08,19:00:00,24,9,15,FMN GV 18 Kasterlee
84,Oudemolsedijk,2019-07-08,20:00:00,23,14,9,FMN GV 18 Kasterlee
84,Oudemolsedijk,2019-07-08,21:00:00,6,5,1,FMN GV 18 Kasterlee
84,Oudemolsedijk,2019-07-08,22:00:00,0,0,0,FMN GV 18 Kasterlee
84,Oudemolsedijk,2019-07-08,23:00:00,1,1,0,FMN GV 18 Kasterlee
84,Oudemolsedijk,2019-07-09,00:00:00,0,0,0,FMN GV 18 Kasterlee
84,Oudemolsedijk,2019-07-09,01:00:00,0,0,0,FMN GV 18 Kasterlee
84,Oudemolsedijk,2019-07-09,02:00:00,0,0,0,FMN GV 18 Kasterlee
84,Oudemolsedijk,2019-07-09,03:00:00,0,0,0,FMN GV 18 Kasterlee
84,Oudemolsedijk,2019-07-09,04:00:00,2,2,0,FMN GV 18 Kasterlee
84,Oudemolsedijk,2019-07-09,05:00:00,3,2,1,FMN GV 18 Kasterlee
84,Oudemolsedijk,2019-07-09,06:00:00,20,10,10,FMN GV 18 Kasterlee
84,Oudemolsedijk,2019-07-09,07:00:00,18,8,10,FMN GV 18 Kasterlee
84,Oudemolsedijk,2019-07-09,08:00:00,24,8,16,FMN GV 18 Kasterlee
84,Oudemolsedijk,2019-07-09,09:00:00,22,6,16,FMN GV 18 Kasterlee
84,Oudemolsedijk,2019-07-09,10:00:00,24,13,11,FMN GV 18 Kasterlee
84,Oudemolsedijk,2019-07-09,11:00:00,32,14,18,FMN GV 18 Kasterlee
84,Oudemolsedijk,2019-07-09,12:00:00,33,9,24,FMN GV 18 Kasterlee
84,Oudemolsedijk,2019-07-09,13:00:00,53,19,34,FMN GV 18 Kasterlee
84,Oudemolsedijk,2019-07-09,14:00:00,56,33,23,FMN GV 18 Kasterlee
84,Oudemolsedijk,2019-07-09,15:00:00,70,35,35,FMN GV 18 Kasterlee
84,Oudemolsedijk,2019-07-09,16:00:00,122,64,58,FMN GV 18 Kasterlee
84,Oudemolsedijk,2019-07-09,17:00:00,32,19,13,FMN GV 18 Kasterlee
84,Oudemolsedijk,2019-07-09,18:00:00,50,35,15,FMN GV 18 Kasterlee
84,Oudemolsedijk,2019-07-09,19:00:00,30,17,13,FMN GV 18 Kasterlee
84,Oudemolsedijk,2019-07-09,20:00:00,27,12,15,FMN GV 18 Kasterlee
84,Oudemolsedijk,2019-07-09,21:00:00,12,9,3,FMN GV 18 Kasterlee
84,Oudemolsedijk,2019-07-09,22:00:00,16,15,1,FMN GV 18 Kasterlee
84,Oudemolsedijk,2019-07-09,23:00:00,1,0,1,FMN GV 18 Kasterlee
84,Oudemolsedijk,2019-07-10,00:00:00,2,1,1,FMN GV 18 Kasterlee
84,Oudemolsedijk,2019-07-10,01:00:00,0,0,0,FMN GV 18 Kasterlee
84,Oudemolsedijk,2019-07-10,02:00:00,1,0,1,FMN GV 18 Kasterlee
84,Oudemolsedijk,2019-07-10,03:00:00,0,0,0,FMN GV 18 Kasterlee
84,Oudemolsedijk,2019-07-10,04:00:00,2,2,0,FMN GV 18 Kasterlee
84,Oudemolsedijk,2019-07-10,05:00:00,2,2,0,FMN GV 18 Kasterlee
84,Oudemolsedijk,2019-07-10,06:00:00,13,7,6,FMN GV 18 Kasterlee
84,Oudemolsedijk,2019-07-10,07:00:00,19,9,10,FMN GV 18 Kasterlee
84,Oudemolsedijk,2019-07-10,08:00:00,18,7,11,FMN GV 18 Kasterlee
84,Oudemolsedijk,2019-07-10,09:00:00,8,5,3,FMN GV 18 Kasterlee
84,Oudemolsedijk,2019-07-10,10:00:00,26,14,12,FMN GV 18 Kasterlee
84,Oudemolsedijk,2019-07-10,11:00:00,38,21,17,FMN GV 18 Kasterlee
84,Oudemolsedijk,2019-07-10,12:00:00,34,13,21,FMN GV 18 Kasterlee
84,Oudemolsedijk,2019-07-10,13:00:00,48,16,32,FMN GV 18 Kasterlee
84,Oudemolsedijk,2019-07-10,14:00:00,55,42,13,FMN GV 18 Kasterlee
84,Oudemolsedijk,2019-07-10,15:00:00,34,18,16,FMN GV 18 Kasterlee
84,Oudemolsedijk,2019-07-10,16:00:00,78,56,22,FMN GV 18 Kasterlee
84,Oudemolsedijk,2019-07-10,17:00:00,26,9,17,FMN GV 18 Kasterlee
84,Oudemolsedijk,2019-07-10,18:00:00,34,18,16,FMN GV 18 Kasterlee
84,Oudemolsedijk,2019-07-10,19:00:00,39,18,21,FMN GV 18 Kasterlee
84,Oudemolsedijk,2019-07-10,20:00:00,33,22,11,FMN GV 18 Kasterlee
84,Oudemolsedijk,2019-07-10,21:00:00,8,7,1,FMN GV 18 Kasterlee
84,Oudemolsedijk,2019-07-10,22:00:00,1,0,1,FMN GV 18 Kasterlee
84,Oudemolsedijk,2019-07-10,23:00:00,1,0,1,FMN GV 18 Kasterlee
84,Oudemolsedijk,2019-07-11,00:00:00,1,0,1,FMN GV 18 Kasterlee
84,Oudemolsedijk,2019-07-11,01:00:00,0,0,0,FMN GV 18 Kasterlee
84,Oudemolsedijk,2019-07-11,02:00:00,0,0,0,FMN GV 18 Kasterlee
84,Oudemolsedijk,2019-07-11,03:00:00,0,0,0,FMN GV 18 Kasterlee
84,Oudemolsedijk,2019-07-11,04:00:00,3,3,0,FMN GV 18 Kasterlee
84,Oudemolsedijk,2019-07-11,05:00:00,2,2,0,FMN GV 18 Kasterlee
84,Oudemolsedijk,2019-07-11,06:00:00,13,5,8,FMN GV 18 Kasterlee
84,Oudemolsedijk,2019-07-11,07:00:00,10,4,6,FMN GV 18 Kasterlee
84,Oudemolsedijk,2019-07-11,08:00:00,9,3,6,FMN GV 18 Kasterlee
84,Oudemolsedijk,2019-07-11,09:00:00,18,6,12,FMN GV 18 Kasterlee
84,Oudemolsedijk,2019-07-11,10:00:00,53,5,48,FMN GV 18 Kasterlee
84,Oudemolsedijk,2019-07-11,11:00:00,34,15,19,FMN GV 18 Kasterlee
84,Oudemolsedijk,2019-07-11,12:00:00,26,8,18,FMN GV 18 Kasterlee
84,Oudemolsedijk,2019-07-11,13:00:00,65,27,38,FMN GV 18 Kasterlee
84,Oudemolsedijk,2019-07-11,14:00:00,56,24,32,FMN GV 18 Kasterlee
84,Oudemolsedijk,2019-07-11,15:00:00,62,34,28,FMN GV 18 Kasterlee
84,Oudemolsedijk,2019-07-11,16:00:00,55,32,23,FMN GV 18 Kasterlee
84,Oudemolsedijk,2019-07-11,17:00:00,52,31,21,FMN GV 18 Kasterlee
84,Oudemolsedijk,2019-07-11,18:00:00,24,11,13,FMN GV 18 Kasterlee
84,Oudemolsedijk,2019-07-11,19:00:00,22,13,9,FMN GV 18 Kasterlee
84,Oudemolsedijk,2019-07-11,20:00:00,33,22,11,FMN GV 18 Kasterlee
84,Oudemolsedijk,2019-07-11,21:00:00,10,3,7,FMN GV 18 Kasterlee
84,Oudemolsedijk,2019-07-11,22:00:00,2,1,1,FMN GV 18 Kasterlee
84,Oudemolsedijk,2019-07-11,23:00:00,0,0,0,FMN GV 18 Kasterlee
84,Oudemolsedijk,2019-07-12,00:00:00,3,3,0,FMN GV 18 Kasterlee
84,Oudemolsedijk,2019-07-12,01:00:00,0,0,0,FMN GV 18 Kasterlee
84,Oudemolsedijk,2019-07-12,02:00:00,1,0,1,FMN GV 18 Kasterlee
84,Oudemolsedijk,2019-07-12,03:00:00,0,0,0,FMN GV 18 Kasterlee
84,Oudemolsedijk,2019-07-12,04:00:00,0,0,0,FMN GV 18 Kasterlee
84,Oudemolsedijk,2019-07-12,05:00:00,1,1,0,FMN GV 18 Kasterlee
84,Oudemolsedijk,2019-07-12,06:00:00,9,3,6,FMN GV 18 Kasterlee
84,Oudemolsedijk,2019-07-12,07:00:00,10,6,4,FMN GV 18 Kasterlee
84,Oudemolsedijk,2019-07-12,08:00:00,11,5,6,FMN GV 18 Kasterlee
84,Oudemolsedijk,2019-07-12,09:00:00,13,8,5,FMN GV 18 Kasterlee
84,Oudemolsedijk,2019-07-12,10:00:00,29,12,17,FMN GV 18 Kasterlee
84,Oudemolsedijk,2019-07-12,11:00:00,22,12,10,FMN GV 18 Kasterlee
84,Oudemolsedijk,2019-07-12,12:00:00,6,4,2,FMN GV 18 Kasterlee
84,Oudemolsedijk,2019-07-12,13:00:00,7,3,4,FMN GV 18 Kasterlee
84,Oudemolsedijk,2019-07-12,14:00:00,17,4,13,FMN GV 18 Kasterlee
84,Oudemolsedijk,2019-07-12,15:00:00,14,4,10,FMN GV 18 Kasterlee
84,Oudemolsedijk,2019-07-12,16:00:00,22,11,11,FMN GV 18 Kasterlee
84,Oudemolsedijk,2019-07-12,17:00:00,11,8,3,FMN GV 18 Kasterlee
84,Oudemolsedijk,2019-07-12,18:00:00,6,4,2,FMN GV 18 Kasterlee
84,Oudemolsedijk,2019-07-12,19:00:00,16,9,7,FMN GV 18 Kasterlee
84,Oudemolsedijk,2019-07-12,20:00:00,5,4,1,FMN GV 18 Kasterlee
84,Oudemolsedijk,2019-07-12,21:00:00,2,0,2,FMN GV 18 Kasterlee
84,Oudemolsedijk,2019-07-12,22:00:00,3,0,3,FMN GV 18 Kasterlee
84,Oudemolsedijk,2019-07-12,23:00:00,2,2,0,FMN GV 18 Kasterlee
84,Oudemolsedijk,2019-07-13,00:00:00,0,0,0,FMN GV 18 Kasterlee
84,Oudemolsedijk,2019-07-13,01:00:00,0,0,0,FMN GV 18 Kasterlee
84,Oudemolsedijk,2019-07-13,02:00:00,0,0,0,FMN GV 18 Kasterlee
84,Oudemolsedijk,2019-07-13,03:00:00,1,0,1,FMN GV 18 Kasterlee
84,Oudemolsedijk,2019-07-13,04:00:00,0,0,0,FMN GV 18 Kasterlee
84,Oudemolsedijk,2019-07-13,05:00:00,2,0,2,FMN GV 18 Kasterlee
84,Oudemolsedijk,2019-07-13,06:00:00,0,0,0,FMN GV 18 Kasterlee
84,Oudemolsedijk,2019-07-13,07:00:00,2,1,1,FMN GV 18 Kasterlee
84,Oudemolsedijk,2019-07-13,08:00:00,5,2,3,FMN GV 18 Kasterlee
84,Oudemolsedijk,2019-07-13,09:00:00,24,7,17,FMN GV 18 Kasterlee
84,Oudemolsedijk,2019-07-13,10:00:00,26,9,17,FMN GV 18 Kasterlee
84,Oudemolsedijk,2019-07-13,11:00:00,17,13,4,FMN GV 18 Kasterlee
84,Oudemolsedijk,2019-07-13,12:00:00,36,17,19,FMN GV 18 Kasterlee
84,Oudemolsedijk,2019-07-13,13:00:00,30,15,15,FMN GV 18 Kasterlee
84,Oudemolsedijk,2019-07-13,14:00:00,62,37,25,FMN GV 18 Kasterlee
84,Oudemolsedijk,2019-07-13,15:00:00,41,19,22,FMN GV 18 Kasterlee
84,Oudemolsedijk,2019-07-13,16:00:00,36,20,16,FMN GV 18 Kasterlee
84,Oudemolsedijk,2019-07-13,17:00:00,26,22,4,FMN GV 18 Kasterlee
84,Oudemolsedijk,2019-07-13,18:00:00,12,5,7,FMN GV 18 Kasterlee
84,Oudemolsedijk,2019-07-13,19:00:00,15,7,8,FMN GV 18 Kasterlee
84,Oudemolsedijk,2019-07-13,20:00:00,2,1,1,FMN GV 18 Kasterlee
84,Oudemolsedijk,2019-07-13,21:00:00,5,1,4,FMN GV 18 Kasterlee
84,Oudemolsedijk,2019-07-13,22:00:00,2,2,0,FMN GV 18 Kasterlee
84,Oudemolsedijk,2019-07-13,23:00:00,1,0,1,FMN GV 18 Kasterlee
84,Oudemolsedijk,2019-07-14,00:00:00,1,1,0,FMN GV 18 Kasterlee
84,Oudemolsedijk,2019-07-14,01:00:00,0,0,0,FMN GV 18 Kasterlee
84,Oudemolsedijk,2019-07-14,02:00:00,0,0,0,FMN GV 18 Kasterlee
84,Oudemolsedijk,2019-07-14,03:00:00,1,1,0,FMN GV 18 Kasterlee
84,Oudemolsedijk,2019-07-14,04:00:00,0,0,0,FMN GV 18 Kasterlee
84,Oudemolsedijk,2019-07-14,05:00:00,0,0,0,FMN GV 18 Kasterlee
84,Oudemolsedijk,2019-07-14,06:00:00,1,1,0,FMN GV 18 Kasterlee
84,Oudemolsedijk,2019-07-14,07:00:00,9,2,7,FMN GV 18 Kasterlee
84,Oudemolsedijk,2019-07-14,08:00:00,26,14,12,FMN GV 18 Kasterlee
84,Oudemolsedijk,2019-07-14,09:00:00,95,38,57,FMN GV 18 Kasterlee
84,Oudemolsedijk,2019-07-14,10:00:00,83,31,52,FMN GV 18 Kasterlee
84,Oudemolsedijk,2019-07-14,11:00:00,82,27,55,FMN GV 18 Kasterlee
84,Oudemolsedijk,2019-07-14,12:00:00,43,22,21,FMN GV 18 Kasterlee
84,Oudemolsedijk,2019-07-14,13:00:00,72,34,38,FMN GV 18 Kasterlee
84,Oudemolsedijk,2019-07-14,14:00:00,74,35,39,FMN GV 18 Kasterlee
84,Oudemolsedijk,2019-07-14,15:00:00,78,38,40,FMN GV 18 Kasterlee
84,Oudemolsedijk,2019-07-14,16:00:00,63,15,48,FMN GV 18 Kasterlee
84,Oudemolsedijk,2019-07-14,17:00:00,24,15,9,FMN GV 18 Kasterlee
84,Oudemolsedijk,2019-07-14,18:00:00,33,22,11,FMN GV 18 Kasterlee
84,Oudemolsedijk,2019-07-14,19:00:00,10,5,5,FMN GV 18 Kasterlee
84,Oudemolsedijk,2019-07-14,20:00:00,2,2,0,FMN GV 18 Kasterlee
84,Oudemolsedijk,2019-07-14,21:00:00,0,0,0,FMN GV 18 Kasterlee
84,Oudemolsedijk,2019-07-14,22:00:00,2,2,0,FMN GV 18 Kasterlee
84,Oudemolsedijk,2019-07-14,23:00:00,1,0,1,FMN GV 18 Kasterlee
84,Oudemolsedijk,2019-07-15,00:00:00,0,0,0,FMN GV 18 Kasterlee
84,Oudemolsedijk,2019-07-15,01:00:00,0,0,0,FMN GV 18 Kasterlee
84,Oudemolsedijk,2019-07-15,02:00:00,0,0,0,FMN GV 18 Kasterlee
84,Oudemolsedijk,2019-07-15,03:00:00,1,0,1,FMN GV 18 Kasterlee
84,Oudemolsedijk,2019-07-15,04:00:00,0,0,0,FMN GV 18 Kasterlee
84,Oudemolsedijk,2019-07-15,05:00:00,2,2,0,FMN GV 18 Kasterlee
84,Oudemolsedijk,2019-07-15,06:00:00,12,5,7,FMN GV 18 Kasterlee
84,Oudemolsedijk,2019-07-15,07:00:00,18,11,7,FMN GV 18 Kasterlee
84,Oudemolsedijk,2019-07-15,08:00:00,12,3,9,FMN GV 18 Kasterlee
84,Oudemolsedijk,2019-07-15,09:00:00,14,8,6,FMN GV 18 Kasterlee
84,Oudemolsedijk,2019-07-15,10:00:00,22,5,17,FMN GV 18 Kasterlee
84,Oudemolsedijk,2019-07-15,11:00:00,21,8,13,FMN GV 18 Kasterlee
84,Oudemolsedijk,2019-07-15,12:00:00,15,4,11,FMN GV 18 Kasterlee
84,Oudemolsedijk,2019-07-15,13:00:00,42,15,27,FMN GV 18 Kasterlee
84,Oudemolsedijk,2019-07-15,14:00:00,57,30,27,FMN GV 18 Kasterlee
84,Oudemolsedijk,2019-07-15,15:00:00,20,9,11,FMN GV 18 Kasterlee
84,Oudemolsedijk,2019-07-15,16:00:00,90,25,65,FMN GV 18 Kasterlee
84,Oudemolsedijk,2019-07-15,17:00:00,33,16,17,FMN GV 18 Kasterlee
84,Oudemolsedijk,2019-07-15,18:00:00,20,9,11,FMN GV 18 Kasterlee
84,Oudemolsedijk,2019-07-15,19:00:00,33,11,22,FMN GV 18 Kasterlee
84,Oudemolsedijk,2019-07-15,20:00:00,18,3,15,FMN GV 18 Kasterlee
84,Oudemolsedijk,2019-07-15,21:00:00,5,2,3,FMN GV 18 Kasterlee
84,Oudemolsedijk,2019-07-15,22:00:00,2,0,2,FMN GV 18 Kasterlee
84,Oudemolsedijk,2019-07-15,23:00:00,0,0,0,FMN GV 18 Kasterlee
84,Oudemolsedijk,2019-07-16,00:00:00,0,0,0,FMN GV 18 Kasterlee
84,Oudemolsedijk,2019-07-16,01:00:00,0,0,0,FMN GV 18 Kasterlee
84,Oudemolsedijk,2019-07-16,02:00:00,0,0,0,FMN GV 18 Kasterlee
84,Oudemolsedijk,2019-07-16,03:00:00,0,0,0,FMN GV 18 Kasterlee
84,Oudemolsedijk,2019-07-16,04:00:00,0,0,0,FMN GV 18 Kasterlee
84,Oudemolsedijk,2019-07-16,05:00:00,4,3,1,FMN GV 18 Kasterlee
84,Oudemolsedijk,2019-07-16,06:00:00,13,5,8,FMN GV 18 Kasterlee
84,Oudemolsedijk,2019-07-16,07:00:00,12,6,6,FMN GV 18 Kasterlee
84,Oudemolsedijk,2019-07-16,08:00:00,17,8,9,FMN GV 18 Kasterlee
84,Oudemolsedijk,2019-07-16,09:00:00,12,4,8,FMN GV 18 Kasterlee
84,Oudemolsedijk,2019-07-16,10:00:00,35,27,8,FMN GV 18 Kasterlee
84,Oudemolsedijk,2019-07-16,11:00:00,21,15,6,FMN GV 18 Kasterlee
84,Oudemolsedijk,2019-07-16,12:00:00,49,30,19,FMN GV 18 Kasterlee
84,Oudemolsedijk,2019-07-16,13:00:00,62,12,50,FMN GV 18 Kasterlee
84,Oudemolsedijk,2019-07-16,14:00:00,57,22,35,FMN GV 18 Kasterlee
84,Oudemolsedijk,2019-07-16,15:00:00,89,38,51,FMN GV 18 Kasterlee
84,Oudemolsedijk,2019-07-16,16:00:00,76,45,31,FMN GV 18 Kasterlee
84,Oudemolsedijk,2019-07-16,17:00:00,34,16,18,FMN GV 18 Kasterlee
84,Oudemolsedijk,2019-07-16,18:00:00,36,23,13,FMN GV 18 Kasterlee
84,Oudemolsedijk,2019-07-16,19:00:00,46,20,26,FMN GV 18 Kasterlee
84,Oudemolsedijk,2019-07-16,20:00:00,37,26,11,FMN GV 18 Kasterlee
84,Oudemolsedijk,2019-07-16,21:00:00,19,6,13,FMN GV 18 Kasterlee
84,Oudemolsedijk,2019-07-16,22:00:00,6,5,1,FMN GV 18 Kasterlee
84,Oudemolsedijk,2019-07-16,23:00:00,0,0,0,FMN GV 18 Kasterlee
84,Oudemolsedijk,2019-07-17,00:00:00,0,0,0,FMN GV 18 Kasterlee
84,Oudemolsedijk,2019-07-17,01:00:00,0,0,0,FMN GV 18 Kasterlee
84,Oudemolsedijk,2019-07-17,02:00:00,0,0,0,FMN GV 18 Kasterlee
84,Oudemolsedijk,2019-07-17,03:00:00,0,0,0,FMN GV 18 Kasterlee
84,Oudemolsedijk,2019-07-17,04:00:00,0,0,0,FMN GV 18 Kasterlee
84,Oudemolsedijk,2019-07-17,05:00:00,3,2,1,FMN GV 18 Kasterlee
84,Oudemolsedijk,2019-07-17,06:00:00,12,4,8,FMN GV 18 Kasterlee
84,Oudemolsedijk,2019-07-17,07:00:00,17,11,6,FMN GV 18 Kasterlee
84,Oudemolsedijk,2019-07-17,08:00:00,14,4,10,FMN GV 18 Kasterlee
84,Oudemolsedijk,2019-07-17,09:00:00,13,2,11,FMN GV 18 Kasterlee
84,Oudemolsedijk,2019-07-17,10:00:00,35,19,16,FMN GV 18 Kasterlee
84,Oudemolsedijk,2019-07-17,11:00:00,49,18,31,FMN GV 18 Kasterlee
84,Oudemolsedijk,2019-07-17,12:00:00,39,26,13,FMN GV 18 Kasterlee
84,Oudemolsedijk,2019-07-17,13:00:00,77,27,50,FMN GV 18 Kasterlee
84,Oudemolsedijk,2019-07-17,14:00:00,100,51,49,FMN GV 18 Kasterlee
84,Oudemolsedijk,2019-07-17,15:00:00,110,69,41,FMN GV 18 Kasterlee
84,Oudemolsedijk,2019-07-17,16:00:00,102,64,38,FMN GV 18 Kasterlee
84,Oudemolsedijk,2019-07-17,17:00:00,96,42,54,FMN GV 18 Kasterlee
84,Oudemolsedijk,2019-07-17,18:00:00,49,21,28,FMN GV 18 Kasterlee
84,Oudemolsedijk,2019-07-17,19:00:00,79,27,52,FMN GV 18 Kasterlee
84,Oudemolsedijk,2019-07-17,20:00:00,117,56,61,FMN GV 18 Kasterlee
84,Oudemolsedijk,2019-07-17,21:00:00,29,21,8,FMN GV 18 Kasterlee
84,Oudemolsedijk,2019-07-17,22:00:00,5,2,3,FMN GV 18 Kasterlee
84,Oudemolsedijk,2019-07-17,23:00:00,1,0,1,FMN GV 18 Kasterlee
84,Oudemolsedijk,2019-07-18,00:00:00,0,0,0,FMN GV 18 Kasterlee
84,Oudemolsedijk,2019-07-18,01:00:00,0,0,0,FMN GV 18 Kasterlee
84,Oudemolsedijk,2019-07-18,02:00:00,0,0,0,FMN GV 18 Kasterlee
84,Oudemolsedijk,2019-07-18,03:00:00,0,0,0,FMN GV 18 Kasterlee
84,Oudemolsedijk,2019-07-18,04:00:00,0,0,0,FMN GV 18 Kasterlee
84,Oudemolsedijk,2019-07-18,05:00:00,3,3,0,FMN GV 18 Kasterlee
84,Oudemolsedijk,2019-07-18,06:00:00,12,6,6,FMN GV 18 Kasterlee
84,Oudemolsedijk,2019-07-18,07:00:00,15,5,10,FMN GV 18 Kasterlee
84,Oudemolsedijk,2019-07-18,08:00:00,18,6,12,FMN GV 18 Kasterlee
84,Oudemolsedijk,2019-07-18,09:00:00,22,4,18,FMN GV 18 Kasterlee
84,Oudemolsedijk,2019-07-18,10:00:00,21,12,9,FMN GV 18 Kasterlee
84,Oudemolsedijk,2019-07-18,11:00:00,35,13,22,FMN GV 18 Kasterlee
84,Oudemolsedijk,2019-07-18,12:00:00,42,18,24,FMN GV 18 Kasterlee
84,Oudemolsedijk,2019-07-18,13:00:00,62,25,37,FMN GV 18 Kasterlee
84,Oudemolsedijk,2019-07-18,14:00:00,64,31,33,FMN GV 18 Kasterlee
84,Oudemolsedijk,2019-07-18,15:00:00,55,34,21,FMN GV 18 Kasterlee
84,Oudemolsedijk,2019-07-18,16:00:00,60,34,26,FMN GV 18 Kasterlee
84,Oudemolsedijk,2019-07-18,17:00:00,35,25,10,FMN GV 18 Kasterlee
84,Oudemolsedijk,2019-07-18,18:00:00,34,10,24,FMN GV 18 Kasterlee
84,Oudemolsedijk,2019-07-18,19:00:00,28,20,8,FMN GV 18 Kasterlee
84,Oudemolsedijk,2019-07-18,20:00:00,27,16,11,FMN GV 18 Kasterlee
84,Oudemolsedijk,2019-07-18,21:00:00,2,1,1,FMN GV 18 Kasterlee
84,Oudemolsedijk,2019-07-18,22:00:00,5,3,2,FMN GV 18 Kasterlee
84,Oudemolsedijk,2019-07-18,23:00:00,1,1,0,FMN GV 18 Kasterlee
84,Oudemolsedijk,2019-07-19,00:00:00,0,0,0,FMN GV 18 Kasterlee
84,Oudemolsedijk,2019-07-19,01:00:00,0,0,0,FMN GV 18 Kasterlee
84,Oudemolsedijk,2019-07-19,02:00:00,0,0,0,FMN GV 18 Kasterlee
84,Oudemolsedijk,2019-07-19,03:00:00,1,0,1,FMN GV 18 Kasterlee
84,Oudemolsedijk,2019-07-19,04:00:00,0,0,0,FMN GV 18 Kasterlee
84,Oudemolsedijk,2019-07-19,05:00:00,3,2,1,FMN GV 18 Kasterlee
84,Oudemolsedijk,2019-07-19,06:00:00,11,4,7,FMN GV 18 Kasterlee
84,Oudemolsedijk,2019-07-19,07:00:00,13,10,3,FMN GV 18 Kasterlee
84,Oudemolsedijk,2019-07-19,08:00:00,14,8,6,FMN GV 18 Kasterlee
84,Oudemolsedijk,2019-07-19,09:00:00,26,6,20,FMN GV 18 Kasterlee
84,Oudemolsedijk,2019-07-19,10:00:00,30,14,16,FMN GV 18 Kasterlee
84,Oudemolsedijk,2019-07-19,11:00:00,29,19,10,FMN GV 18 Kasterlee
84,Oudemolsedijk,2019-07-19,12:00:00,48,32,16,FMN GV 18 Kasterlee
84,Oudemolsedijk,2019-07-19,13:00:00,57,27,30,FMN GV 18 Kasterlee
84,Oudemolsedijk,2019-07-19,14:00:00,93,53,40,FMN GV 18 Kasterlee
84,Oudemolsedijk,2019-07-19,15:00:00,89,56,33,FMN GV 18 Kasterlee
84,Oudemolsedijk,2019-07-19,16:00:00,85,42,43,FMN GV 18 Kasterlee
84,Oudemolsedijk,2019-07-19,17:00:00,34,23,11,FMN GV 18 Kasterlee
84,Oudemolsedijk,2019-07-19,18:00:00,25,10,15,FMN GV 18 Kasterlee
84,Oudemolsedijk,2019-07-19,19:00:00,23,14,9,FMN GV 18 Kasterlee
84,Oudemolsedijk,2019-07-19,20:00:00,13,9,4,FMN GV 18 Kasterlee
84,Oudemolsedijk,2019-07-19,21:00:00,15,3,12,FMN GV 18 Kasterlee
84,Oudemolsedijk,2019-07-19,22:00:00,14,3,11,FMN GV 18 Kasterlee
84,Oudemolsedijk,2019-07-19,23:00:00,66,1,65,FMN GV 18 Kasterlee
84,Oudemolsedijk,2019-07-20,00:00:00,4,3,1,FMN GV 18 Kasterlee
84,Oudemolsedijk,2019-07-20,01:00:00,0,0,0,FMN GV 18 Kasterlee
84,Oudemolsedijk,2019-07-20,02:00:00,15,15,0,FMN GV 18 Kasterlee
84,Oudemolsedijk,2019-07-20,03:00:00,26,23,3,FMN GV 18 Kasterlee
84,Oudemolsedijk,2019-07-20,04:00:00,21,21,0,FMN GV 18 Kasterlee
84,Oudemolsedijk,2019-07-20,05:00:00,6,6,0,FMN GV 18 Kasterlee
84,Oudemolsedijk,2019-07-20,06:00:00,2,1,1,FMN GV 18 Kasterlee
84,Oudemolsedijk,2019-07-20,07:00:00,3,2,1,FMN GV 18 Kasterlee
84,Oudemolsedijk,2019-07-20,08:00:00,9,2,7,FMN GV 18 Kasterlee
84,Oudemolsedijk,2019-07-20,09:00:00,16,9,7,FMN GV 18 Kasterlee
84,Oudemolsedijk,2019-07-20,10:00:00,70,14,56,FMN GV 18 Kasterlee
84,Oudemolsedijk,2019-07-20,11:00:00,12,5,7,FMN GV 18 Kasterlee
84,Oudemolsedijk,2019-07-20,12:00:00,25,13,12,FMN GV 18 Kasterlee
84,Oudemolsedijk,2019-07-20,13:00:00,40,24,16,FMN GV 18 Kasterlee
84,Oudemolsedijk,2019-07-20,14:00:00,64,18,46,FMN GV 18 Kasterlee
84,Oudemolsedijk,2019-07-20,15:00:00,41,19,22,FMN GV 18 Kasterlee
84,Oudemolsedijk,2019-07-20,16:00:00,30,18,12,FMN GV 18 Kasterlee
84,Oudemolsedijk,2019-07-20,17:00:00,17,6,11,FMN GV 18 Kasterlee
84,Oudemolsedijk,2019-07-20,18:00:00,13,9,4,FMN GV 18 Kasterlee
84,Oudemolsedijk,2019-07-20,19:00:00,11,4,7,FMN GV 18 Kasterlee
84,Oudemolsedijk,2019-07-20,20:00:00,22,7,15,FMN GV 18 Kasterlee
84,Oudemolsedijk,2019-07-20,21:00:00,9,4,5,FMN GV 18 Kasterlee
84,Oudemolsedijk,2019-07-20,22:00:00,9,4,5,FMN GV 18 Kasterlee
84,Oudemolsedijk,2019-07-20,23:00:00,49,3,46,FMN GV 18 Kasterlee
84,Oudemolsedijk,2019-07-21,00:00:00,13,2,11,FMN GV 18 Kasterlee
84,Oudemolsedijk,2019-07-21,01:00:00,8,3,5,FMN GV 18 Kasterlee
84,Oudemolsedijk,2019-07-21,02:00:00,9,8,1,FMN GV 18 Kasterlee
84,Oudemolsedijk,2019-07-21,03:00:00,20,20,0,FMN GV 18 Kasterlee
84,Oudemolsedijk,2019-07-21,04:00:00,17,17,0,FMN GV 18 Kasterlee
84,Oudemolsedijk,2019-07-21,05:00:00,17,15,2,FMN GV 18 Kasterlee
84,Oudemolsedijk,2019-07-21,06:00:00,1,0,1,FMN GV 18 Kasterlee
84,Oudemolsedijk,2019-07-21,07:00:00,11,1,10,FMN GV 18 Kasterlee
84,Oudemolsedijk,2019-07-21,08:00:00,36,25,11,FMN GV 18 Kasterlee
84,Oudemolsedijk,2019-07-21,09:00:00,91,55,36,FMN GV 18 Kasterlee
84,Oudemolsedijk,2019-07-21,10:00:00,90,36,54,FMN GV 18 Kasterlee
84,Oudemolsedijk,2019-07-21,11:00:00,127,82,45,FMN GV 18 Kasterlee
84,Oudemolsedijk,2019-07-21,12:00:00,99,62,37,FMN GV 18 Kasterlee
84,Oudemolsedijk,2019-07-21,13:00:00,88,36,52,FMN GV 18 Kasterlee
84,Oudemolsedijk,2019-07-21,14:00:00,160,80,80,FMN GV 18 Kasterlee
84,Oudemolsedijk,2019-07-21,15:00:00,130,71,59,FMN GV 18 Kasterlee
84,Oudemolsedijk,2019-07-21,16:00:00,91,49,42,FMN GV 18 Kasterlee
84,Oudemolsedijk,2019-07-21,17:00:00,74,39,35,FMN GV 18 Kasterlee
84,Oudemolsedijk,2019-07-21,18:00:00,48,29,19,FMN GV 18 Kasterlee
84,Oudemolsedijk,2019-07-21,19:00:00,50,19,31,FMN GV 18 Kasterlee
84,Oudemolsedijk,2019-07-21,20:00:00,18,9,9,FMN GV 18 Kasterlee
84,Oudemolsedijk,2019-07-21,21:00:00,14,7,7,FMN GV 18 Kasterlee
84,Oudemolsedijk,2019-07-21,22:00:00,25,2,23,FMN GV 18 Kasterlee
84,Oudemolsedijk,2019-07-21,23:00:00,15,0,15,FMN GV 18 Kasterlee
84,Oudemolsedijk,2019-07-22,00:00:00,4,3,1,FMN GV 18 Kasterlee
84,Oudemolsedijk,2019-07-22,01:00:00,11,6,5,FMN GV 18 Kasterlee
84,Oudemolsedijk,2019-07-22,02:00:00,3,3,0,FMN GV 18 Kasterlee
84,Oudemolsedijk,2019-07-22,03:00:00,8,7,1,FMN GV 18 Kasterlee
84,Oudemolsedijk,2019-07-22,04:00:00,12,12,0,FMN GV 18 Kasterlee
84,Oudemolsedijk,2019-07-22,05:00:00,13,11,2,FMN GV 18 Kasterlee
84,Oudemolsedijk,2019-07-22,06:00:00,10,7,3,FMN GV 18 Kasterlee
84,Oudemolsedijk,2019-07-22,07:00:00,17,13,4,FMN GV 18 Kasterlee
84,Oudemolsedijk,2019-07-22,08:00:00,18,7,11,FMN GV 18 Kasterlee
84,Oudemolsedijk,2019-07-22,09:00:00,20,9,11,FMN GV 18 Kasterlee
84,Oudemolsedijk,2019-07-22,10:00:00,46,15,31,FMN GV 18 Kasterlee
84,Oudemolsedijk,2019-07-22,11:00:00,39,27,12,FMN GV 18 Kasterlee
84,Oudemolsedijk,2019-07-22,12:00:00,49,18,31,FMN GV 18 Kasterlee
84,Oudemolsedijk,2019-07-22,13:00:00,54,22,32,FMN GV 18 Kasterlee
84,Oudemolsedijk,2019-07-22,14:00:00,100,58,42,FMN GV 18 Kasterlee
84,Oudemolsedijk,2019-07-22,15:00:00,99,51,48,FMN GV 18 Kasterlee
84,Oudemolsedijk,2019-07-22,16:00:00,84,31,53,FMN GV 18 Kasterlee
84,Oudemolsedijk,2019-07-22,17:00:00,66,21,45,FMN GV 18 Kasterlee
84,Oudemolsedijk,2019-07-22,18:00:00,31,14,17,FMN GV 18 Kasterlee
84,Oudemolsedijk,2019-07-22,19:00:00,60,28,32,FMN GV 18 Kasterlee
84,Oudemolsedijk,2019-07-22,20:00:00,43,28,15,FMN GV 18 Kasterlee
84,Oudemolsedijk,2019-07-22,21:00:00,19,19,0,FMN GV 18 Kasterlee
84,Oudemolsedijk,2019-07-22,22:00:00,2,0,2,FMN GV 18 Kasterlee
84,Oudemolsedijk,2019-07-22,23:00:00,2,2,0,FMN GV 18 Kasterlee
84,Oudemolsedijk,2019-07-23,00:00:00,0,0,0,FMN GV 18 Kasterlee
84,Oudemolsedijk,2019-07-23,01:00:00,0,0,0,FMN GV 18 Kasterlee
84,Oudemolsedijk,2019-07-23,02:00:00,0,0,0,FMN GV 18 Kasterlee
84,Oudemolsedijk,2019-07-23,03:00:00,0,0,0,FMN GV 18 Kasterlee
84,Oudemolsedijk,2019-07-23,04:00:00,2,2,0,FMN GV 18 Kasterlee
84,Oudemolsedijk,2019-07-23,05:00:00,6,5,1,FMN GV 18 Kasterlee
84,Oudemolsedijk,2019-07-23,06:00:00,6,2,4,FMN GV 18 Kasterlee
84,Oudemolsedijk,2019-07-23,07:00:00,17,8,9,FMN GV 18 Kasterlee
84,Oudemolsedijk,2019-07-23,08:00:00,27,11,16,FMN GV 18 Kasterlee
84,Oudemolsedijk,2019-07-23,09:00:00,45,14,31,FMN GV 18 Kasterlee
84,Oudemolsedijk,2019-07-23,10:00:00,44,29,15,FMN GV 18 Kasterlee
84,Oudemolsedijk,2019-07-23,11:00:00,52,35,17,FMN GV 18 Kasterlee
84,Oudemolsedijk,2019-07-23,12:00:00,32,16,16,FMN GV 18 Kasterlee
84,Oudemolsedijk,2019-07-23,13:00:00,38,20,18,FMN GV 18 Kasterlee
84,Oudemolsedijk,2019-07-23,14:00:00,43,21,22,FMN GV 18 Kasterlee
84,Oudemolsedijk,2019-07-23,15:00:00,24,11,13,FMN GV 18 Kasterlee
84,Oudemolsedijk,2019-07-23,16:00:00,34,16,18,FMN GV 18 Kasterlee
84,Oudemolsedijk,2019-07-23,17:00:00,36,18,18,FMN GV 18 Kasterlee
84,Oudemolsedijk,2019-07-23,18:00:00,26,18,8,FMN GV 18 Kasterlee
84,Oudemolsedijk,2019-07-23,19:00:00,22,6,16,FMN GV 18 Kasterlee
84,Oudemolsedijk,2019-07-23,20:00:00,61,26,35,FMN GV 18 Kasterlee
84,Oudemolsedijk,2019-07-23,21:00:00,21,17,4,FMN GV 18 Kasterlee
84,Oudemolsedijk,2019-07-23,22:00:00,7,6,1,FMN GV 18 Kasterlee
84,Oudemolsedijk,2019-07-23,23:00:00,3,1,2,FMN GV 18 Kasterlee
84,Oudemolsedijk,2019-07-24,00:00:00,0,0,0,FMN GV 18 Kasterlee
84,Oudemolsedijk,2019-07-24,01:00:00,0,0,0,FMN GV 18 Kasterlee
84,Oudemolsedijk,2019-07-24,02:00:00,0,0,0,FMN GV 18 Kasterlee
84,Oudemolsedijk,2019-07-24,03:00:00,1,0,1,FMN GV 18 Kasterlee
84,Oudemolsedijk,2019-07-24,04:00:00,1,1,0,FMN GV 18 Kasterlee
84,Oudemolsedijk,2019-07-24,05:00:00,5,2,3,FMN GV 18 Kasterlee
84,Oudemolsedijk,2019-07-24,06:00:00,11,5,6,FMN GV 18 Kasterlee
84,Oudemolsedijk,2019-07-24,07:00:00,23,14,9,FMN GV 18 Kasterlee
84,Oudemolsedijk,2019-07-24,08:00:00,30,18,12,FMN GV 18 Kasterlee
84,Oudemolsedijk,2019-07-24,09:00:00,57,30,27,FMN GV 18 Kasterlee
84,Oudemolsedijk,2019-07-24,10:00:00,46,20,26,FMN GV 18 Kasterlee
84,Oudemolsedijk,2019-07-24,11:00:00,85,52,33,FMN GV 18 Kasterlee
84,Oudemolsedijk,2019-07-24,12:00:00,12,7,5,FMN GV 18 Kasterlee
84,Oudemolsedijk,2019-07-24,13:00:00,12,2,10,FMN GV 18 Kasterlee
84,Oudemolsedijk,2019-07-24,14:00:00,11,7,4,FMN GV 18 Kasterlee
84,Oudemolsedijk,2019-07-24,15:00:00,20,8,12,FMN GV 18 Kasterlee
84,Oudemolsedijk,2019-07-24,16:00:00,10,4,6,FMN GV 18 Kasterlee
84,Oudemolsedijk,2019-07-24,17:00:00,16,8,8,FMN GV 18 Kasterlee
84,Oudemolsedijk,2019-07-24,18:00:00,26,13,13,FMN GV 18 Kasterlee
84,Oudemolsedijk,2019-07-24,19:00:00,25,14,11,FMN GV 18 Kasterlee
84,Oudemolsedijk,2019-07-24,20:00:00,30,23,7,FMN GV 18 Kasterlee
84,Oudemolsedijk,2019-07-24,21:00:00,14,8,6,FMN GV 18 Kasterlee
84,Oudemolsedijk,2019-07-24,22:00:00,4,1,3,FMN GV 18 Kasterlee
84,Oudemolsedijk,2019-07-24,23:00:00,0,0,0,FMN GV 18 Kasterlee
84,Oudemolsedijk,2019-07-25,00:00:00,0,0,0,FMN GV 18 Kasterlee
84,Oudemolsedijk,2019-07-25,01:00:00,0,0,0,FMN GV 18 Kasterlee
84,Oudemolsedijk,2019-07-25,02:00:00,0,0,0,FMN GV 18 Kasterlee
84,Oudemolsedijk,2019-07-25,03:00:00,0,0,0,FMN GV 18 Kasterlee
84,Oudemolsedijk,2019-07-25,04:00:00,0,0,0,FMN GV 18 Kasterlee
84,Oudemolsedijk,2019-07-25,05:00:00,8,5,3,FMN GV 18 Kasterlee
84,Oudemolsedijk,2019-07-25,06:00:00,10,3,7,FMN GV 18 Kasterlee
84,Oudemolsedijk,2019-07-25,07:00:00,27,19,8,FMN GV 18 Kasterlee
84,Oudemolsedijk,2019-07-25,08:00:00,42,24,18,FMN GV 18 Kasterlee
84,Oudemolsedijk,2019-07-25,09:00:00,48,30,18,FMN GV 18 Kasterlee
84,Oudemolsedijk,2019-07-25,10:00:00,23,16,7,FMN GV 18 Kasterlee
84,Oudemolsedijk,2019-07-25,11:00:00,16,13,3,FMN GV 18 Kasterlee
84,Oudemolsedijk,2019-07-25,12:00:00,15,7,8,FMN GV 18 Kasterlee
84,Oudemolsedijk,2019-07-25,13:00:00,8,2,6,FMN GV 18 Kasterlee
84,Oudemolsedijk,2019-07-25,14:00:00,31,17,14,FMN GV 18 Kasterlee
84,Oudemolsedijk,2019-07-25,15:00:00,21,10,11,FMN GV 18 Kasterlee
84,Oudemolsedijk,2019-07-25,16:00:00,8,3,5,FMN GV 18 Kasterlee
84,Oudemolsedijk,2019-07-25,17:00:00,12,4,8,FMN GV 18 Kasterlee
84,Oudemolsedijk,2019-07-25,18:00:00,62,21,41,FMN GV 18 Kasterlee
84,Oudemolsedijk,2019-07-25,19:00:00,28,2,26,FMN GV 18 Kasterlee
84,Oudemolsedijk,2019-07-25,20:00:00,16,10,6,FMN GV 18 Kasterlee
84,Oudemolsedijk,2019-07-25,21:00:00,9,9,0,FMN GV 18 Kasterlee
84,Oudemolsedijk,2019-07-25,22:00:00,1,0,1,FMN GV 18 Kasterlee
84,Oudemolsedijk,2019-07-25,23:00:00,0,0,0,FMN GV 18 Kasterlee
84,Oudemolsedijk,2019-07-26,00:00:00,1,1,0,FMN GV 18 Kasterlee
84,Oudemolsedijk,2019-07-26,01:00:00,4,2,2,FMN GV 18 Kasterlee
84,Oudemolsedijk,2019-07-26,02:00:00,0,0,0,FMN GV 18 Kasterlee
84,Oudemolsedijk,2019-07-26,03:00:00,0,0,0,FMN GV 18 Kasterlee
84,Oudemolsedijk,2019-07-26,04:00:00,1,1,0,FMN GV 18 Kasterlee
84,Oudemolsedijk,2019-07-26,05:00:00,2,1,1,FMN GV 18 Kasterlee
84,Oudemolsedijk,2019-07-26,06:00:00,7,3,4,FMN GV 18 Kasterlee
84,Oudemolsedijk,2019-07-26,07:00:00,21,11,10,FMN GV 18 Kasterlee
84,Oudemolsedijk,2019-07-26,08:00:00,32,18,14,FMN GV 18 Kasterlee
84,Oudemolsedijk,2019-07-26,09:00:00,36,13,23,FMN GV 18 Kasterlee
84,Oudemolsedijk,2019-07-26,10:00:00,43,14,29,FMN GV 18 Kasterlee
84,Oudemolsedijk,2019-07-26,11:00:00,16,10,6,FMN GV 18 Kasterlee
84,Oudemolsedijk,2019-07-26,12:00:00,16,7,9,FMN GV 18 Kasterlee
84,Oudemolsedijk,2019-07-26,13:00:00,12,9,3,FMN GV 18 Kasterlee
84,Oudemolsedijk,2019-07-26,14:00:00,17,6,11,FMN GV 18 Kasterlee
84,Oudemolsedijk,2019-07-26,15:00:00,13,3,10,FMN GV 18 Kasterlee
84,Oudemolsedijk,2019-07-26,16:00:00,15,6,9,FMN GV 18 Kasterlee
84,Oudemolsedijk,2019-07-26,17:00:00,10,6,4,FMN GV 18 Kasterlee
84,Oudemolsedijk,2019-07-26,18:00:00,6,1,5,FMN GV 18 Kasterlee
84,Oudemolsedijk,2019-07-26,19:00:00,7,7,0,FMN GV 18 Kasterlee
84,Oudemolsedijk,2019-07-26,20:00:00,0,0,0,FMN GV 18 Kasterlee
84,Oudemolsedijk,2019-07-26,21:00:00,3,2,1,FMN GV 18 Kasterlee
84,Oudemolsedijk,2019-07-26,22:00:00,2,2,0,FMN GV 18 Kasterlee
84,Oudemolsedijk,2019-07-26,23:00:00,0,0,0,FMN GV 18 Kasterlee
84,Oudemolsedijk,2019-07-27,00:00:00,1,1,0,FMN GV 18 Kasterlee
84,Oudemolsedijk,2019-07-27,01:00:00,0,0,0,FMN GV 18 Kasterlee
84,Oudemolsedijk,2019-07-27,02:00:00,0,0,0,FMN GV 18 Kasterlee
84,Oudemolsedijk,2019-07-27,03:00:00,0,0,0,FMN GV 18 Kasterlee
84,Oudemolsedijk,2019-07-27,04:00:00,1,0,1,FMN GV 18 Kasterlee
84,Oudemolsedijk,2019-07-27,05:00:00,0,0,0,FMN GV 18 Kasterlee
84,Oudemolsedijk,2019-07-27,06:00:00,2,1,1,FMN GV 18 Kasterlee
84,Oudemolsedijk,2019-07-27,07:00:00,5,1,4,FMN GV 18 Kasterlee
84,Oudemolsedijk,2019-07-27,08:00:00,5,0,5,FMN GV 18 Kasterlee
84,Oudemolsedijk,2019-07-27,09:00:00,6,1,5,FMN GV 18 Kasterlee
84,Oudemolsedijk,2019-07-27,10:00:00,7,5,2,FMN GV 18 Kasterlee
84,Oudemolsedijk,2019-07-27,11:00:00,3,3,0,FMN GV 18 Kasterlee
84,Oudemolsedijk,2019-07-27,12:00:00,16,3,13,FMN GV 18 Kasterlee
84,Oudemolsedijk,2019-07-27,13:00:00,20,11,9,FMN GV 18 Kasterlee
84,Oudemolsedijk,2019-07-27,14:00:00,23,5,18,FMN GV 18 Kasterlee
84,Oudemolsedijk,2019-07-27,15:00:00,19,15,4,FMN GV 18 Kasterlee
84,Oudemolsedijk,2019-07-27,16:00:00,18,9,9,FMN GV 18 Kasterlee
84,Oudemolsedijk,2019-07-27,17:00:00,12,6,6,FMN GV 18 Kasterlee
84,Oudemolsedijk,2019-07-27,18:00:00,8,4,4,FMN GV 18 Kasterlee
84,Oudemolsedijk,2019-07-27,19:00:00,3,0,3,FMN GV 18 Kasterlee
84,Oudemolsedijk,2019-07-27,20:00:00,2,2,0,FMN GV 18 Kasterlee
84,Oudemolsedijk,2019-07-27,21:00:00,0,0,0,FMN GV 18 Kasterlee
84,Oudemolsedijk,2019-07-27,22:00:00,1,1,0,FMN GV 18 Kasterlee
84,Oudemolsedijk,2019-07-27,23:00:00,0,0,0,FMN GV 18 Kasterlee
84,Oudemolsedijk,2019-07-28,00:00:00,2,2,0,FMN GV 18 Kasterlee
84,Oudemolsedijk,2019-07-28,01:00:00,0,0,0,FMN GV 18 Kasterlee
84,Oudemolsedijk,2019-07-28,02:00:00,0,0,0,FMN GV 18 Kasterlee
84,Oudemolsedijk,2019-07-28,03:00:00,1,0,1,FMN GV 18 Kasterlee
84,Oudemolsedijk,2019-07-28,04:00:00,0,0,0,FMN GV 18 Kasterlee
84,Oudemolsedijk,2019-07-28,05:00:00,0,0,0,FMN GV 18 Kasterlee
84,Oudemolsedijk,2019-07-28,06:00:00,0,0,0,FMN GV 18 Kasterlee
84,Oudemolsedijk,2019-07-28,07:00:00,11,6,5,FMN GV 18 Kasterlee
84,Oudemolsedijk,2019-07-28,08:00:00,79,65,14,FMN GV 18 Kasterlee
84,Oudemolsedijk,2019-07-28,09:00:00,95,57,38,FMN GV 18 Kasterlee
84,Oudemolsedijk,2019-07-28,10:00:00,72,39,33,FMN GV 18 Kasterlee
84,Oudemolsedijk,2019-07-28,11:00:00,94,65,29,FMN GV 18 Kasterlee
84,Oudemolsedijk,2019-07-28,12:00:00,30,14,16,FMN GV 18 Kasterlee
84,Oudemolsedijk,2019-07-28,13:00:00,21,14,7,FMN GV 18 Kasterlee
84,Oudemolsedijk,2019-07-28,14:00:00,13,9,4,FMN GV 18 Kasterlee
84,Oudemolsedijk,2019-07-28,15:00:00,26,16,10,FMN GV 18 Kasterlee
84,Oudemolsedijk,2019-07-28,16:00:00,6,4,2,FMN GV 18 Kasterlee
84,Oudemolsedijk,2019-07-28,17:00:00,17,8,9,FMN GV 18 Kasterlee
84,Oudemolsedijk,2019-07-28,18:00:00,13,8,5,FMN GV 18 Kasterlee
84,Oudemolsedijk,2019-07-28,19:00:00,12,9,3,FMN GV 18 Kasterlee
84,Oudemolsedijk,2019-07-28,20:00:00,2,0,2,FMN GV 18 Kasterlee
84,Oudemolsedijk,2019-07-28,21:00:00,7,6,1,FMN GV 18 Kasterlee
84,Oudemolsedijk,2019-07-28,22:00:00,1,1,0,FMN GV 18 Kasterlee
84,Oudemolsedijk,2019-07-28,23:00:00,0,0,0,FMN GV 18 Kasterlee
84,Oudemolsedijk,2019-07-29,00:00:00,0,0,0,FMN GV 18 Kasterlee
84,Oudemolsedijk,2019-07-29,01:00:00,1,1,0,FMN GV 18 Kasterlee
84,Oudemolsedijk,2019-07-29,02:00:00,0,0,0,FMN GV 18 Kasterlee
84,Oudemolsedijk,2019-07-29,03:00:00,0,0,0,FMN GV 18 Kasterlee
84,Oudemolsedijk,2019-07-29,04:00:00,0,0,0,FMN GV 18 Kasterlee
84,Oudemolsedijk,2019-07-29,05:00:00,3,3,0,FMN GV 18 Kasterlee
84,Oudemolsedijk,2019-07-29,06:00:00,10,3,7,FMN GV 18 Kasterlee
84,Oudemolsedijk,2019-07-29,07:00:00,20,13,7,FMN GV 18 Kasterlee
84,Oudemolsedijk,2019-07-29,08:00:00,16,7,9,FMN GV 18 Kasterlee
84,Oudemolsedijk,2019-07-29,09:00:00,17,11,6,FMN GV 18 Kasterlee
84,Oudemolsedijk,2019-07-29,10:00:00,37,22,15,FMN GV 18 Kasterlee
84,Oudemolsedijk,2019-07-29,11:00:00,29,17,12,FMN GV 18 Kasterlee
84,Oudemolsedijk,2019-07-29,12:00:00,46,22,24,FMN GV 18 Kasterlee
84,Oudemolsedijk,2019-07-29,13:00:00,89,34,55,FMN GV 18 Kasterlee
84,Oudemolsedijk,2019-07-29,14:00:00,124,74,50,FMN GV 18 Kasterlee
84,Oudemolsedijk,2019-07-29,15:00:00,118,67,51,FMN GV 18 Kasterlee
84,Oudemolsedijk,2019-07-29,16:00:00,128,47,81,FMN GV 18 Kasterlee
84,Oudemolsedijk,2019-07-29,17:00:00,71,39,32,FMN GV 18 Kasterlee
84,Oudemolsedijk,2019-07-29,18:00:00,66,47,19,FMN GV 18 Kasterlee
84,Oudemolsedijk,2019-07-29,19:00:00,46,22,24,FMN GV 18 Kasterlee
84,Oudemolsedijk,2019-07-29,20:00:00,39,31,8,FMN GV 18 Kasterlee
84,Oudemolsedijk,2019-07-29,21:00:00,17,15,2,FMN GV 18 Kasterlee
84,Oudemolsedijk,2019-07-29,22:00:00,7,2,5,FMN GV 18 Kasterlee
84,Oudemolsedijk,2019-07-29,23:00:00,0,0,0,FMN GV 18 Kasterlee
84,Oudemolsedijk,2019-07-30,00:00:00,0,0,0,FMN GV 18 Kasterlee
84,Oudemolsedijk,2019-07-30,01:00:00,0,0,0,FMN GV 18 Kasterlee
84,Oudemolsedijk,2019-07-30,02:00:00,0,0,0,FMN GV 18 Kasterlee
84,Oudemolsedijk,2019-07-30,03:00:00,0,0,0,FMN GV 18 Kasterlee
84,Oudemolsedijk,2019-07-30,04:00:00,0,0,0,FMN GV 18 Kasterlee
84,Oudemolsedijk,2019-07-30,05:00:00,4,2,2,FMN GV 18 Kasterlee
84,Oudemolsedijk,2019-07-30,06:00:00,16,6,10,FMN GV 18 Kasterlee
84,Oudemolsedijk,2019-07-30,07:00:00,18,13,5,FMN GV 18 Kasterlee
84,Oudemolsedijk,2019-07-30,08:00:00,24,8,16,FMN GV 18 Kasterlee
84,Oudemolsedijk,2019-07-30,09:00:00,30,14,16,FMN GV 18 Kasterlee
84,Oudemolsedijk,2019-07-30,10:00:00,31,17,14,FMN GV 18 Kasterlee
84,Oudemolsedijk,2019-07-30,11:00:00,55,20,35,FMN GV 18 Kasterlee
84,Oudemolsedijk,2019-07-30,12:00:00,28,13,15,FMN GV 18 Kasterlee
84,Oudemolsedijk,2019-07-30,13:00:00,102,51,51,FMN GV 18 Kasterlee
84,Oudemolsedijk,2019-07-30,14:00:00,86,46,40,FMN GV 18 Kasterlee
84,Oudemolsedijk,2019-07-30,15:00:00,111,64,47,FMN GV 18 Kasterlee
84,Oudemolsedijk,2019-07-30,16:00:00,69,38,31,FMN GV 18 Kasterlee
84,Oudemolsedijk,2019-07-30,17:00:00,72,43,29,FMN GV 18 Kasterlee
84,Oudemolsedijk,2019-07-30,18:00:00,64,46,18,FMN GV 18 Kasterlee
84,Oudemolsedijk,2019-07-30,19:00:00,42,24,18,FMN GV 18 Kasterlee
84,Oudemolsedijk,2019-07-30,20:00:00,44,33,11,FMN GV 18 Kasterlee
84,Oudemolsedijk,2019-07-30,21:00:00,32,19,13,FMN GV 18 Kasterlee
84,Oudemolsedijk,2019-07-30,22:00:00,14,11,3,FMN GV 18 Kasterlee
84,Oudemolsedijk,2019-07-30,23:00:00,0,0,0,FMN GV 18 Kasterlee
84,Oudemolsedijk,2019-07-31,00:00:00,0,0,0,FMN GV 18 Kasterlee
84,Oudemolsedijk,2019-07-31,01:00:00,0,0,0,FMN GV 18 Kasterlee
84,Oudemolsedijk,2019-07-31,02:00:00,0,0,0,FMN GV 18 Kasterlee
84,Oudemolsedijk,2019-07-31,03:00:00,2,0,2,FMN GV 18 Kasterlee
84,Oudemolsedijk,2019-07-31,04:00:00,0,0,0,FMN GV 18 Kasterlee
84,Oudemolsedijk,2019-07-31,05:00:00,1,1,0,FMN GV 18 Kasterlee
84,Oudemolsedijk,2019-07-31,06:00:00,12,6,6,FMN GV 18 Kasterlee
84,Oudemolsedijk,2019-07-31,07:00:00,17,8,9,FMN GV 18 Kasterlee
84,Oudemolsedijk,2019-07-31,08:00:00,22,6,16,FMN GV 18 Kasterlee
84,Oudemolsedijk,2019-07-31,09:00:00,8,4,4,FMN GV 18 Kasterlee
84,Oudemolsedijk,2019-07-31,10:00:00,22,13,9,FMN GV 18 Kasterlee
84,Oudemolsedijk,2019-07-31,11:00:00,37,21,16,FMN GV 18 Kasterlee
84,Oudemolsedijk,2019-07-31,12:00:00,25,13,12,FMN GV 18 Kasterlee
84,Oudemolsedijk,2019-07-31,13:00:00,44,29,15,FMN GV 18 Kasterlee
84,Oudemolsedijk,2019-07-31,14:00:00,39,17,22,FMN GV 18 Kasterlee
84,Oudemolsedijk,2019-07-31,15:00:00,51,30,21,FMN GV 18 Kasterlee
84,Oudemolsedijk,2019-07-31,16:00:00,51,13,38,FMN GV 18 Kasterlee
84,Oudemolsedijk,2019-07-31,17:00:00,40,25,15,FMN GV 18 Kasterlee
84,Oudemolsedijk,2019-07-31,18:00:00,23,12,11,FMN GV 18 Kasterlee
84,Oudemolsedijk,2019-07-31,19:00:00,37,15,22,FMN GV 18 Kasterlee
84,Oudemolsedijk,2019-07-31,20:00:00,39,30,9,FMN GV 18 Kasterlee
84,Oudemolsedijk,2019-07-31,21:00:00,20,15,5,FMN GV 18 Kasterlee
84,Oudemolsedijk,2019-07-31,22:00:00,1,0,1,FMN GV 18 Kasterlee
84,Oudemolsedijk,2019-07-31,23:00:00,0,0,0,FMN GV 18 Kasterlee
84,Oudemolsedijk,2019-08-01,00:00:00,0,0,0,FMN GV 18 Kasterlee
84,Oudemolsedijk,2019-08-01,01:00:00,0,0,0,FMN GV 18 Kasterlee
84,Oudemolsedijk,2019-08-01,02:00:00,0,0,0,FMN GV 18 Kasterlee
84,Oudemolsedijk,2019-08-01,03:00:00,0,0,0,FMN GV 18 Kasterlee
84,Oudemolsedijk,2019-08-01,04:00:00,0,0,0,FMN GV 18 Kasterlee
84,Oudemolsedijk,2019-08-01,05:00:00,4,1,3,FMN GV 18 Kasterlee
84,Oudemolsedijk,2019-08-01,06:00:00,14,5,9,FMN GV 18 Kasterlee
84,Oudemolsedijk,2019-08-01,07:00:00,19,10,9,FMN GV 18 Kasterlee
84,Oudemolsedijk,2019-08-01,08:00:00,12,7,5,FMN GV 18 Kasterlee
84,Oudemolsedijk,2019-08-01,09:00:00,33,7,26,FMN GV 18 Kasterlee
84,Oudemolsedijk,2019-08-01,10:00:00,69,28,41,FMN GV 18 Kasterlee
84,Oudemolsedijk,2019-08-01,11:00:00,41,22,19,FMN GV 18 Kasterlee
84,Oudemolsedijk,2019-08-01,12:00:00,55,26,29,FMN GV 18 Kasterlee
84,Oudemolsedijk,2019-08-01,13:00:00,93,21,72,FMN GV 18 Kasterlee
84,Oudemolsedijk,2019-08-01,14:00:00,86,36,50,FMN GV 18 Kasterlee
84,Oudemolsedijk,2019-08-01,15:00:00,83,47,36,FMN GV 18 Kasterlee
84,Oudemolsedijk,2019-08-01,16:00:00,62,36,26,FMN GV 18 Kasterlee
84,Oudemolsedijk,2019-08-01,17:00:00,69,35,34,FMN GV 18 Kasterlee
84,Oudemolsedijk,2019-08-01,18:00:00,31,11,20,FMN GV 18 Kasterlee
84,Oudemolsedijk,2019-08-01,19:00:00,19,14,5,FMN GV 18 Kasterlee
84,Oudemolsedijk,2019-08-01,20:00:00,30,9,21,FMN GV 18 Kasterlee
84,Oudemolsedijk,2019-08-01,21:00:00,14,5,9,FMN GV 18 Kasterlee
84,Oudemolsedijk,2019-08-01,22:00:00,1,1,0,FMN GV 18 Kasterlee
84,Oudemolsedijk,2019-08-01,23:00:00,0,0,0,FMN GV 18 Kasterlee
84,Oudemolsedijk,2019-08-02,00:00:00,1,0,1,FMN GV 18 Kasterlee
84,Oudemolsedijk,2019-08-02,01:00:00,0,0,0,FMN GV 18 Kasterlee
84,Oudemolsedijk,2019-08-02,02:00:00,0,0,0,FMN GV 18 Kasterlee
84,Oudemolsedijk,2019-08-02,03:00:00,0,0,0,FMN GV 18 Kasterlee
84,Oudemolsedijk,2019-08-02,04:00:00,0,0,0,FMN GV 18 Kasterlee
84,Oudemolsedijk,2019-08-02,05:00:00,2,1,1,FMN GV 18 Kasterlee
84,Oudemolsedijk,2019-08-02,06:00:00,10,3,7,FMN GV 18 Kasterlee
84,Oudemolsedijk,2019-08-02,07:00:00,5,5,0,FMN GV 18 Kasterlee
84,Oudemolsedijk,2019-08-02,08:00:00,13,7,6,FMN GV 18 Kasterlee
84,Oudemolsedijk,2019-08-02,09:00:00,18,4,14,FMN GV 18 Kasterlee
84,Oudemolsedijk,2019-08-02,10:00:00,33,11,22,FMN GV 18 Kasterlee
84,Oudemolsedijk,2019-08-02,11:00:00,23,11,12,FMN GV 18 Kasterlee
84,Oudemolsedijk,2019-08-02,12:00:00,11,2,9,FMN GV 18 Kasterlee
84,Oudemolsedijk,2019-08-02,13:00:00,19,8,11,FMN GV 18 Kasterlee
84,Oudemolsedijk,2019-08-02,14:00:00,20,7,13,FMN GV 18 Kasterlee
84,Oudemolsedijk,2019-08-02,15:00:00,28,11,17,FMN GV 18 Kasterlee
84,Oudemolsedijk,2019-08-02,16:00:00,30,16,14,FMN GV 18 Kasterlee
84,Oudemolsedijk,2019-08-02,17:00:00,16,12,4,FMN GV 18 Kasterlee
84,Oudemolsedijk,2019-08-02,18:00:00,16,11,5,FMN GV 18 Kasterlee
84,Oudemolsedijk,2019-08-02,19:00:00,2,0,2,FMN GV 18 Kasterlee
84,Oudemolsedijk,2019-08-02,20:00:00,6,2,4,FMN GV 18 Kasterlee
84,Oudemolsedijk,2019-08-02,21:00:00,1,1,0,FMN GV 18 Kasterlee
84,Oudemolsedijk,2019-08-02,22:00:00,0,0,0,FMN GV 18 Kasterlee
84,Oudemolsedijk,2019-08-02,23:00:00,3,3,0,FMN GV 18 Kasterlee
84,Oudemolsedijk,2019-08-03,00:00:00,0,0,0,FMN GV 18 Kasterlee
84,Oudemolsedijk,2019-08-03,01:00:00,0,0,0,FMN GV 18 Kasterlee
84,Oudemolsedijk,2019-08-03,02:00:00,0,0,0,FMN GV 18 Kasterlee
84,Oudemolsedijk,2019-08-03,03:00:00,2,0,2,FMN GV 18 Kasterlee
84,Oudemolsedijk,2019-08-03,04:00:00,0,0,0,FMN GV 18 Kasterlee
84,Oudemolsedijk,2019-08-03,05:00:00,1,0,1,FMN GV 18 Kasterlee
84,Oudemolsedijk,2019-08-03,06:00:00,2,1,1,FMN GV 18 Kasterlee
84,Oudemolsedijk,2019-08-03,07:00:00,0,0,0,FMN GV 18 Kasterlee
84,Oudemolsedijk,2019-08-03,08:00:00,18,4,14,FMN GV 18 Kasterlee
84,Oudemolsedijk,2019-08-03,09:00:00,22,9,13,FMN GV 18 Kasterlee
84,Oudemolsedijk,2019-08-03,10:00:00,60,12,48,FMN GV 18 Kasterlee
84,Oudemolsedijk,2019-08-03,11:00:00,46,13,33,FMN GV 18 Kasterlee
84,Oudemolsedijk,2019-08-03,12:00:00,24,8,16,FMN GV 18 Kasterlee
84,Oudemolsedijk,2019-08-03,13:00:00,75,42,33,FMN GV 18 Kasterlee
84,Oudemolsedijk,2019-08-03,14:00:00,97,54,43,FMN GV 18 Kasterlee
84,Oudemolsedijk,2019-08-03,15:00:00,106,48,58,FMN GV 18 Kasterlee
84,Oudemolsedijk,2019-08-03,16:00:00,85,39,46,FMN GV 18 Kasterlee
84,Oudemolsedijk,2019-08-03,17:00:00,33,20,13,FMN GV 18 Kasterlee
84,Oudemolsedijk,2019-08-03,18:00:00,48,35,13,FMN GV 18 Kasterlee
84,Oudemolsedijk,2019-08-03,19:00:00,18,7,11,FMN GV 18 Kasterlee
84,Oudemolsedijk,2019-08-03,20:00:00,14,6,8,FMN GV 18 Kasterlee
84,Oudemolsedijk,2019-08-03,21:00:00,10,6,4,FMN GV 18 Kasterlee
84,Oudemolsedijk,2019-08-03,22:00:00,3,1,2,FMN GV 18 Kasterlee
84,Oudemolsedijk,2019-08-03,23:00:00,0,0,0,FMN GV 18 Kasterlee
84,Oudemolsedijk,2019-08-04,00:00:00,0,0,0,FMN GV 18 Kasterlee
84,Oudemolsedijk,2019-08-04,01:00:00,3,1,2,FMN GV 18 Kasterlee
84,Oudemolsedijk,2019-08-04,02:00:00,1,0,1,FMN GV 18 Kasterlee
84,Oudemolsedijk,2019-08-04,03:00:00,0,0,0,FMN GV 18 Kasterlee
84,Oudemolsedijk,2019-08-04,04:00:00,1,1,0,FMN GV 18 Kasterlee
84,Oudemolsedijk,2019-08-04,05:00:00,2,2,0,FMN GV 18 Kasterlee
84,Oudemolsedijk,2019-08-04,06:00:00,0,0,0,FMN GV 18 Kasterlee
84,Oudemolsedijk,2019-08-04,07:00:00,12,3,9,FMN GV 18 Kasterlee
84,Oudemolsedijk,2019-08-04,08:00:00,24,2,22,FMN GV 18 Kasterlee
84,Oudemolsedijk,2019-08-04,09:00:00,83,27,56,FMN GV 18 Kasterlee
84,Oudemolsedijk,2019-08-04,10:00:00,91,52,39,FMN GV 18 Kasterlee
84,Oudemolsedijk,2019-08-04,11:00:00,124,78,46,FMN GV 18 Kasterlee
84,Oudemolsedijk,2019-08-04,12:00:00,82,50,32,FMN GV 18 Kasterlee
84,Oudemolsedijk,2019-08-04,13:00:00,122,44,78,FMN GV 18 Kasterlee
84,Oudemolsedijk,2019-08-04,14:00:00,227,111,116,FMN GV 18 Kasterlee
84,Oudemolsedijk,2019-08-04,15:00:00,185,98,87,FMN GV 18 Kasterlee
84,Oudemolsedijk,2019-08-04,16:00:00,144,86,58,FMN GV 18 Kasterlee
84,Oudemolsedijk,2019-08-04,17:00:00,115,63,52,FMN GV 18 Kasterlee
84,Oudemolsedijk,2019-08-04,18:00:00,57,19,38,FMN GV 18 Kasterlee
84,Oudemolsedijk,2019-08-04,19:00:00,23,18,5,FMN GV 18 Kasterlee
84,Oudemolsedijk,2019-08-04,20:00:00,14,7,7,FMN GV 18 Kasterlee
84,Oudemolsedijk,2019-08-04,21:00:00,17,8,9,FMN GV 18 Kasterlee
84,Oudemolsedijk,2019-08-04,22:00:00,1,1,0,FMN GV 18 Kasterlee
84,Oudemolsedijk,2019-08-04,23:00:00,1,1,0,FMN GV 18 Kasterlee
84,Oudemolsedijk,2019-08-05,00:00:00,0,0,0,FMN GV 18 Kasterlee
84,Oudemolsedijk,2019-08-05,01:00:00,0,0,0,FMN GV 18 Kasterlee
84,Oudemolsedijk,2019-08-05,02:00:00,0,0,0,FMN GV 18 Kasterlee
84,Oudemolsedijk,2019-08-05,03:00:00,0,0,0,FMN GV 18 Kasterlee
84,Oudemolsedijk,2019-08-05,04:00:00,1,1,0,FMN GV 18 Kasterlee
84,Oudemolsedijk,2019-08-05,05:00:00,3,3,0,FMN GV 18 Kasterlee
84,Oudemolsedijk,2019-08-05,06:00:00,11,3,8,FMN GV 18 Kasterlee
84,Oudemolsedijk,2019-08-05,07:00:00,9,5,4,FMN GV 18 Kasterlee
84,Oudemolsedijk,2019-08-05,08:00:00,10,5,5,FMN GV 18 Kasterlee
84,Oudemolsedijk,2019-08-05,09:00:00,10,2,8,FMN GV 18 Kasterlee
84,Oudemolsedijk,2019-08-05,10:00:00,28,12,16,FMN GV 18 Kasterlee
84,Oudemolsedijk,2019-08-05,11:00:00,24,12,12,FMN GV 18 Kasterlee
84,Oudemolsedijk,2019-08-05,12:00:00,20,8,12,FMN GV 18 Kasterlee
84,Oudemolsedijk,2019-08-05,13:00:00,88,57,31,FMN GV 18 Kasterlee
84,Oudemolsedijk,2019-08-05,14:00:00,74,37,37,FMN GV 18 Kasterlee
84,Oudemolsedijk,2019-08-05,15:00:00,66,29,37,FMN GV 18 Kasterlee
84,Oudemolsedijk,2019-08-05,16:00:00,67,48,19,FMN GV 18 Kasterlee
84,Oudemolsedijk,2019-08-05,17:00:00,60,35,25,FMN GV 18 Kasterlee
84,Oudemolsedijk,2019-08-05,18:00:00,46,31,15,FMN GV 18 Kasterlee
84,Oudemolsedijk,2019-08-05,19:00:00,45,11,34,FMN GV 18 Kasterlee
84,Oudemolsedijk,2019-08-05,20:00:00,25,18,7,FMN GV 18 Kasterlee
84,Oudemolsedijk,2019-08-05,21:00:00,22,7,15,FMN GV 18 Kasterlee
84,Oudemolsedijk,2019-08-05,22:00:00,1,0,1,FMN GV 18 Kasterlee
84,Oudemolsedijk,2019-08-05,23:00:00,0,0,0,FMN GV 18 Kasterlee
84,Oudemolsedijk,2019-08-06,00:00:00,0,0,0,FMN GV 18 Kasterlee
84,Oudemolsedijk,2019-08-06,01:00:00,0,0,0,FMN GV 18 Kasterlee
84,Oudemolsedijk,2019-08-06,02:00:00,0,0,0,FMN GV 18 Kasterlee
84,Oudemolsedijk,2019-08-06,03:00:00,0,0,0,FMN GV 18 Kasterlee
84,Oudemolsedijk,2019-08-06,04:00:00,1,1,0,FMN GV 18 Kasterlee
84,Oudemolsedijk,2019-08-06,05:00:00,4,3,1,FMN GV 18 Kasterlee
84,Oudemolsedijk,2019-08-06,06:00:00,18,7,11,FMN GV 18 Kasterlee
84,Oudemolsedijk,2019-08-06,07:00:00,15,9,6,FMN GV 18 Kasterlee
84,Oudemolsedijk,2019-08-06,08:00:00,18,7,11,FMN GV 18 Kasterlee
84,Oudemolsedijk,2019-08-06,09:00:00,45,7,38,FMN GV 18 Kasterlee
84,Oudemolsedijk,2019-08-06,10:00:00,30,12,18,FMN GV 18 Kasterlee
84,Oudemolsedijk,2019-08-06,11:00:00,18,8,10,FMN GV 18 Kasterlee
84,Oudemolsedijk,2019-08-06,12:00:00,33,12,21,FMN GV 18 Kasterlee
84,Oudemolsedijk,2019-08-06,13:00:00,74,39,35,FMN GV 18 Kasterlee
84,Oudemolsedijk,2019-08-06,14:00:00,123,78,45,FMN GV 18 Kasterlee
84,Oudemolsedijk,2019-08-06,15:00:00,74,49,25,FMN GV 18 Kasterlee
84,Oudemolsedijk,2019-08-06,16:00:00,109,52,57,FMN GV 18 Kasterlee
84,Oudemolsedijk,2019-08-06,17:00:00,81,40,41,FMN GV 18 Kasterlee
84,Oudemolsedijk,2019-08-06,18:00:00,58,21,37,FMN GV 18 Kasterlee
84,Oudemolsedijk,2019-08-06,19:00:00,57,30,27,FMN GV 18 Kasterlee
84,Oudemolsedijk,2019-08-06,20:00:00,22,16,6,FMN GV 18 Kasterlee
84,Oudemolsedijk,2019-08-06,21:00:00,11,6,5,FMN GV 18 Kasterlee
84,Oudemolsedijk,2019-08-06,22:00:00,7,5,2,FMN GV 18 Kasterlee
84,Oudemolsedijk,2019-08-06,23:00:00,2,2,0,FMN GV 18 Kasterlee
84,Oudemolsedijk,2019-08-07,00:00:00,0,0,0,FMN GV 18 Kasterlee
84,Oudemolsedijk,2019-08-07,01:00:00,0,0,0,FMN GV 18 Kasterlee
84,Oudemolsedijk,2019-08-07,02:00:00,0,0,0,FMN GV 18 Kasterlee
84,Oudemolsedijk,2019-08-07,03:00:00,0,0,0,FMN GV 18 Kasterlee
84,Oudemolsedijk,2019-08-07,04:00:00,1,1,0,FMN GV 18 Kasterlee
84,Oudemolsedijk,2019-08-07,05:00:00,4,2,2,FMN GV 18 Kasterlee
84,Oudemolsedijk,2019-08-07,06:00:00,12,4,8,FMN GV 18 Kasterlee
84,Oudemolsedijk,2019-08-07,07:00:00,15,9,6,FMN GV 18 Kasterlee
84,Oudemolsedijk,2019-08-07,08:00:00,8,4,4,FMN GV 18 Kasterlee
84,Oudemolsedijk,2019-08-07,09:00:00,10,4,6,FMN GV 18 Kasterlee
84,Oudemolsedijk,2019-08-07,10:00:00,19,7,12,FMN GV 18 Kasterlee
84,Oudemolsedijk,2019-08-07,11:00:00,50,11,39,FMN GV 18 Kasterlee
84,Oudemolsedijk,2019-08-07,12:00:00,26,17,9,FMN GV 18 Kasterlee
84,Oudemolsedijk,2019-08-07,13:00:00,40,21,19,FMN GV 18 Kasterlee
84,Oudemolsedijk,2019-08-07,14:00:00,70,32,38,FMN GV 18 Kasterlee
84,Oudemolsedijk,2019-08-07,15:00:00,84,60,24,FMN GV 18 Kasterlee
84,Oudemolsedijk,2019-08-07,16:00:00,38,24,14,FMN GV 18 Kasterlee
84,Oudemolsedijk,2019-08-07,17:00:00,39,21,18,FMN GV 18 Kasterlee
84,Oudemolsedijk,2019-08-07,18:00:00,45,26,19,FMN GV 18 Kasterlee
84,Oudemolsedijk,2019-08-07,19:00:00,38,18,20,FMN GV 18 Kasterlee
84,Oudemolsedijk,2019-08-07,20:00:00,55,39,16,FMN GV 18 Kasterlee
84,Oudemolsedijk,2019-08-07,21:00:00,11,9,2,FMN GV 18 Kasterlee
84,Oudemolsedijk,2019-08-07,22:00:00,1,0,1,FMN GV 18 Kasterlee
84,Oudemolsedijk,2019-08-07,23:00:00,0,0,0,FMN GV 18 Kasterlee
84,Oudemolsedijk,2019-08-08,00:00:00,0,0,0,FMN GV 18 Kasterlee
84,Oudemolsedijk,2019-08-08,01:00:00,0,0,0,FMN GV 18 Kasterlee
84,Oudemolsedijk,2019-08-08,02:00:00,0,0,0,FMN GV 18 Kasterlee
84,Oudemolsedijk,2019-08-08,03:00:00,0,0,0,FMN GV 18 Kasterlee
84,Oudemolsedijk,2019-08-08,04:00:00,1,1,0,FMN GV 18 Kasterlee
84,Oudemolsedijk,2019-08-08,05:00:00,3,2,1,FMN GV 18 Kasterlee
84,Oudemolsedijk,2019-08-08,06:00:00,16,5,11,FMN GV 18 Kasterlee
84,Oudemolsedijk,2019-08-08,07:00:00,21,11,10,FMN GV 18 Kasterlee
84,Oudemolsedijk,2019-08-08,08:00:00,11,3,8,FMN GV 18 Kasterlee
84,Oudemolsedijk,2019-08-08,09:00:00,18,9,9,FMN GV 18 Kasterlee
84,Oudemolsedijk,2019-08-08,10:00:00,28,15,13,FMN GV 18 Kasterlee
84,Oudemolsedijk,2019-08-08,11:00:00,41,18,23,FMN GV 18 Kasterlee
84,Oudemolsedijk,2019-08-08,12:00:00,59,12,47,FMN GV 18 Kasterlee
84,Oudemolsedijk,2019-08-08,13:00:00,67,41,26,FMN GV 18 Kasterlee
84,Oudemolsedijk,2019-08-08,14:00:00,138,59,79,FMN GV 18 Kasterlee
84,Oudemolsedijk,2019-08-08,15:00:00,88,47,41,FMN GV 18 Kasterlee
84,Oudemolsedijk,2019-08-08,16:00:00,83,42,41,FMN GV 18 Kasterlee
84,Oudemolsedijk,2019-08-08,17:00:00,53,36,17,FMN GV 18 Kasterlee
84,Oudemolsedijk,2019-08-08,18:00:00,33,16,17,FMN GV 18 Kasterlee
84,Oudemolsedijk,2019-08-08,19:00:00,48,25,23,FMN GV 18 Kasterlee
84,Oudemolsedijk,2019-08-08,20:00:00,56,31,25,FMN GV 18 Kasterlee
84,Oudemolsedijk,2019-08-08,21:00:00,7,5,2,FMN GV 18 Kasterlee
84,Oudemolsedijk,2019-08-08,22:00:00,0,0,0,FMN GV 18 Kasterlee
84,Oudemolsedijk,2019-08-08,23:00:00,0,0,0,FMN GV 18 Kasterlee
84,Oudemolsedijk,2019-08-09,00:00:00,0,0,0,FMN GV 18 Kasterlee
84,Oudemolsedijk,2019-08-09,01:00:00,0,0,0,FMN GV 18 Kasterlee
84,Oudemolsedijk,2019-08-09,02:00:00,0,0,0,FMN GV 18 Kasterlee
84,Oudemolsedijk,2019-08-09,03:00:00,0,0,0,FMN GV 18 Kasterlee
84,Oudemolsedijk,2019-08-09,04:00:00,3,1,2,FMN GV 18 Kasterlee
84,Oudemolsedijk,2019-08-09,05:00:00,1,1,0,FMN GV 18 Kasterlee
84,Oudemolsedijk,2019-08-09,06:00:00,7,4,3,FMN GV 18 Kasterlee
84,Oudemolsedijk,2019-08-09,07:00:00,8,3,5,FMN GV 18 Kasterlee
84,Oudemolsedijk,2019-08-09,08:00:00,6,2,4,FMN GV 18 Kasterlee
84,Oudemolsedijk,2019-08-09,09:00:00,5,2,3,FMN GV 18 Kasterlee
84,Oudemolsedijk,2019-08-09,10:00:00,6,1,5,FMN GV 18 Kasterlee
84,Oudemolsedijk,2019-08-09,11:00:00,7,5,2,FMN GV 18 Kasterlee
84,Oudemolsedijk,2019-08-09,12:00:00,13,6,7,FMN GV 18 Kasterlee
84,Oudemolsedijk,2019-08-09,13:00:00,5,1,4,FMN GV 18 Kasterlee
84,Oudemolsedijk,2019-08-09,14:00:00,7,2,5,FMN GV 18 Kasterlee
84,Oudemolsedijk,2019-08-09,15:00:00,19,7,12,FMN GV 18 Kasterlee
84,Oudemolsedijk,2019-08-09,16:00:00,25,16,9,FMN GV 18 Kasterlee
84,Oudemolsedijk,2019-08-09,17:00:00,20,16,4,FMN GV 18 Kasterlee
84,Oudemolsedijk,2019-08-09,18:00:00,6,3,3,FMN GV 18 Kasterlee
84,Oudemolsedijk,2019-08-09,19:00:00,5,1,4,FMN GV 18 Kasterlee
84,Oudemolsedijk,2019-08-09,20:00:00,1,1,0,FMN GV 18 Kasterlee
84,Oudemolsedijk,2019-08-09,21:00:00,1,1,0,FMN GV 18 Kasterlee
84,Oudemolsedijk,2019-08-09,22:00:00,2,2,0,FMN GV 18 Kasterlee
84,Oudemolsedijk,2019-08-09,23:00:00,0,0,0,FMN GV 18 Kasterlee
84,Oudemolsedijk,2019-08-10,00:00:00,1,1,0,FMN GV 18 Kasterlee
84,Oudemolsedijk,2019-08-10,01:00:00,1,1,0,FMN GV 18 Kasterlee
84,Oudemolsedijk,2019-08-10,02:00:00,0,0,0,FMN GV 18 Kasterlee
84,Oudemolsedijk,2019-08-10,03:00:00,2,0,2,FMN GV 18 Kasterlee
84,Oudemolsedijk,2019-08-10,04:00:00,1,0,1,FMN GV 18 Kasterlee
84,Oudemolsedijk,2019-08-10,05:00:00,0,0,0,FMN GV 18 Kasterlee
84,Oudemolsedijk,2019-08-10,06:00:00,0,0,0,FMN GV 18 Kasterlee
84,Oudemolsedijk,2019-08-10,07:00:00,2,0,2,FMN GV 18 Kasterlee
84,Oudemolsedijk,2019-08-10,08:00:00,5,2,3,FMN GV 18 Kasterlee
84,Oudemolsedijk,2019-08-10,09:00:00,11,7,4,FMN GV 18 Kasterlee
84,Oudemolsedijk,2019-08-10,10:00:00,23,6,17,FMN GV 18 Kasterlee
84,Oudemolsedijk,2019-08-10,11:00:00,15,5,10,FMN GV 18 Kasterlee
84,Oudemolsedijk,2019-08-10,12:00:00,22,8,14,FMN GV 18 Kasterlee
84,Oudemolsedijk,2019-08-10,13:00:00,16,10,6,FMN GV 18 Kasterlee
84,Oudemolsedijk,2019-08-10,14:00:00,43,36,7,FMN GV 18 Kasterlee
84,Oudemolsedijk,2019-08-10,15:00:00,21,9,12,FMN GV 18 Kasterlee
84,Oudemolsedijk,2019-08-10,16:00:00,24,19,5,FMN GV 18 Kasterlee
84,Oudemolsedijk,2019-08-10,17:00:00,23,16,7,FMN GV 18 Kasterlee
84,Oudemolsedijk,2019-08-10,18:00:00,5,2,3,FMN GV 18 Kasterlee
84,Oudemolsedijk,2019-08-10,19:00:00,9,6,3,FMN GV 18 Kasterlee
84,Oudemolsedijk,2019-08-10,20:00:00,3,1,2,FMN GV 18 Kasterlee
84,Oudemolsedijk,2019-08-10,21:00:00,3,2,1,FMN GV 18 Kasterlee
84,Oudemolsedijk,2019-08-10,22:00:00,2,2,0,FMN GV 18 Kasterlee
84,Oudemolsedijk,2019-08-10,23:00:00,2,2,0,FMN GV 18 Kasterlee
84,Oudemolsedijk,2019-08-11,00:00:00,4,3,1,FMN GV 18 Kasterlee
84,Oudemolsedijk,2019-08-11,01:00:00,0,0,0,FMN GV 18 Kasterlee
84,Oudemolsedijk,2019-08-11,02:00:00,1,0,1,FMN GV 18 Kasterlee
84,Oudemolsedijk,2019-08-11,03:00:00,0,0,0,FMN GV 18 Kasterlee
84,Oudemolsedijk,2019-08-11,04:00:00,0,0,0,FMN GV 18 Kasterlee
84,Oudemolsedijk,2019-08-11,05:00:00,1,0,1,FMN GV 18 Kasterlee
84,Oudemolsedijk,2019-08-11,06:00:00,3,1,2,FMN GV 18 Kasterlee
84,Oudemolsedijk,2019-08-11,07:00:00,99,20,79,FMN GV 18 Kasterlee
84,Oudemolsedijk,2019-08-11,08:00:00,471,34,437,FMN GV 18 Kasterlee
84,Oudemolsedijk,2019-08-11,09:00:00,430,39,391,FMN GV 18 Kasterlee
84,Oudemolsedijk,2019-08-11,10:00:00,329,84,245,FMN GV 18 Kasterlee
84,Oudemolsedijk,2019-08-11,11:00:00,136,58,78,FMN GV 18 Kasterlee
84,Oudemolsedijk,2019-08-11,12:00:00,81,33,48,FMN GV 18 Kasterlee
84,Oudemolsedijk,2019-08-11,13:00:00,96,56,40,FMN GV 18 Kasterlee
84,Oudemolsedijk,2019-08-11,14:00:00,151,61,90,FMN GV 18 Kasterlee
84,Oudemolsedijk,2019-08-11,15:00:00,118,59,59,FMN GV 18 Kasterlee
84,Oudemolsedijk,2019-08-11,16:00:00,74,30,44,FMN GV 18 Kasterlee
84,Oudemolsedijk,2019-08-11,17:00:00,47,21,26,FMN GV 18 Kasterlee
84,Oudemolsedijk,2019-08-11,18:00:00,54,33,21,FMN GV 18 Kasterlee
84,Oudemolsedijk,2019-08-11,19:00:00,16,12,4,FMN GV 18 Kasterlee
84,Oudemolsedijk,2019-08-11,20:00:00,18,10,8,FMN GV 18 Kasterlee
84,Oudemolsedijk,2019-08-11,21:00:00,12,8,4,FMN GV 18 Kasterlee
84,Oudemolsedijk,2019-08-11,22:00:00,3,3,0,FMN GV 18 Kasterlee
84,Oudemolsedijk,2019-08-11,23:00:00,0,0,0,FMN GV 18 Kasterlee
84,Oudemolsedijk,2019-08-12,00:00:00,0,0,0,FMN GV 18 Kasterlee
84,Oudemolsedijk,2019-08-12,01:00:00,0,0,0,FMN GV 18 Kasterlee
84,Oudemolsedijk,2019-08-12,02:00:00,0,0,0,FMN GV 18 Kasterlee
84,Oudemolsedijk,2019-08-12,03:00:00,0,0,0,FMN GV 18 Kasterlee
84,Oudemolsedijk,2019-08-12,04:00:00,1,1,0,FMN GV 18 Kasterlee
84,Oudemolsedijk,2019-08-12,05:00:00,3,3,0,FMN GV 18 Kasterlee
84,Oudemolsedijk,2019-08-12,06:00:00,5,2,3,FMN GV 18 Kasterlee
84,Oudemolsedijk,2019-08-12,07:00:00,12,6,6,FMN GV 18 Kasterlee
84,Oudemolsedijk,2019-08-12,08:00:00,12,3,9,FMN GV 18 Kasterlee
84,Oudemolsedijk,2019-08-12,09:00:00,11,6,5,FMN GV 18 Kasterlee
84,Oudemolsedijk,2019-08-12,10:00:00,20,11,9,FMN GV 18 Kasterlee
84,Oudemolsedijk,2019-08-12,11:00:00,38,22,16,FMN GV 18 Kasterlee
84,Oudemolsedijk,2019-08-12,12:00:00,32,14,18,FMN GV 18 Kasterlee
84,Oudemolsedijk,2019-08-12,13:00:00,43,25,18,FMN GV 18 Kasterlee
84,Oudemolsedijk,2019-08-12,14:00:00,49,31,18,FMN GV 18 Kasterlee
84,Oudemolsedijk,2019-08-12,15:00:00,53,30,23,FMN GV 18 Kasterlee
84,Oudemolsedijk,2019-08-12,16:00:00,22,13,9,FMN GV 18 Kasterlee
84,Oudemolsedijk,2019-08-12,17:00:00,14,7,7,FMN GV 18 Kasterlee
84,Oudemolsedijk,2019-08-12,18:00:00,25,14,11,FMN GV 18 Kasterlee
84,Oudemolsedijk,2019-08-12,19:00:00,3,1,2,FMN GV 18 Kasterlee
84,Oudemolsedijk,2019-08-12,20:00:00,8,5,3,FMN GV 18 Kasterlee
84,Oudemolsedijk,2019-08-12,21:00:00,3,1,2,FMN GV 18 Kasterlee
84,Oudemolsedijk,2019-08-12,22:00:00,1,0,1,FMN GV 18 Kasterlee
84,Oudemolsedijk,2019-08-12,23:00:00,0,0,0,FMN GV 18 Kasterlee
84,Oudemolsedijk,2019-08-13,00:00:00,0,0,0,FMN GV 18 Kasterlee
84,Oudemolsedijk,2019-08-13,01:00:00,0,0,0,FMN GV 18 Kasterlee
84,Oudemolsedijk,2019-08-13,02:00:00,0,0,0,FMN GV 18 Kasterlee
84,Oudemolsedijk,2019-08-13,03:00:00,1,1,0,FMN GV 18 Kasterlee
84,Oudemolsedijk,2019-08-13,04:00:00,0,0,0,FMN GV 18 Kasterlee
84,Oudemolsedijk,2019-08-13,05:00:00,1,1,0,FMN GV 18 Kasterlee
84,Oudemolsedijk,2019-08-13,06:00:00,11,3,8,FMN GV 18 Kasterlee
84,Oudemolsedijk,2019-08-13,07:00:00,12,7,5,FMN GV 18 Kasterlee
84,Oudemolsedijk,2019-08-13,08:00:00,23,12,11,FMN GV 18 Kasterlee
84,Oudemolsedijk,2019-08-13,09:00:00,12,3,9,FMN GV 18 Kasterlee
84,Oudemolsedijk,2019-08-13,10:00:00,28,20,8,FMN GV 18 Kasterlee
84,Oudemolsedijk,2019-08-13,11:00:00,20,11,9,FMN GV 18 Kasterlee
84,Oudemolsedijk,2019-08-13,12:00:00,11,5,6,FMN GV 18 Kasterlee
84,Oudemolsedijk,2019-08-13,13:00:00,35,11,24,FMN GV 18 Kasterlee
84,Oudemolsedijk,2019-08-13,14:00:00,35,9,26,FMN GV 18 Kasterlee
84,Oudemolsedijk,2019-08-13,15:00:00,6,3,3,FMN GV 18 Kasterlee
84,Oudemolsedijk,2019-08-13,16:00:00,9,6,3,FMN GV 18 Kasterlee
84,Oudemolsedijk,2019-08-13,17:00:00,17,9,8,FMN GV 18 Kasterlee
84,Oudemolsedijk,2019-08-13,18:00:00,16,12,4,FMN GV 18 Kasterlee
84,Oudemolsedijk,2019-08-13,19:00:00,10,3,7,FMN GV 18 Kasterlee
84,Oudemolsedijk,2019-08-13,20:00:00,9,3,6,FMN GV 18 Kasterlee
84,Oudemolsedijk,2019-08-13,21:00:00,3,3,0,FMN GV 18 Kasterlee
84,Oudemolsedijk,2019-08-13,22:00:00,0,0,0,FMN GV 18 Kasterlee
84,Oudemolsedijk,2019-08-13,23:00:00,4,4,0,FMN GV 18 Kasterlee
84,Oudemolsedijk,2019-08-14,00:00:00,0,0,0,FMN GV 18 Kasterlee
84,Oudemolsedijk,2019-08-14,01:00:00,0,0,0,FMN GV 18 Kasterlee
84,Oudemolsedijk,2019-08-14,02:00:00,0,0,0,FMN GV 18 Kasterlee
84,Oudemolsedijk,2019-08-14,03:00:00,0,0,0,FMN GV 18 Kasterlee
84,Oudemolsedijk,2019-08-14,04:00:00,0,0,0,FMN GV 18 Kasterlee
84,Oudemolsedijk,2019-08-14,05:00:00,3,2,1,FMN GV 18 Kasterlee
84,Oudemolsedijk,2019-08-14,06:00:00,5,1,4,FMN GV 18 Kasterlee
84,Oudemolsedijk,2019-08-14,07:00:00,11,8,3,FMN GV 18 Kasterlee
84,Oudemolsedijk,2019-08-14,08:00:00,14,2,12,FMN GV 18 Kasterlee
84,Oudemolsedijk,2019-08-14,09:00:00,15,8,7,FMN GV 18 Kasterlee
84,Oudemolsedijk,2019-08-14,10:00:00,23,11,12,FMN GV 18 Kasterlee
84,Oudemolsedijk,2019-08-14,11:00:00,51,19,32,FMN GV 18 Kasterlee
84,Oudemolsedijk,2019-08-14,12:00:00,17,13,4,FMN GV 18 Kasterlee
84,Oudemolsedijk,2019-08-14,13:00:00,37,17,20,FMN GV 18 Kasterlee
84,Oudemolsedijk,2019-08-14,14:00:00,46,25,21,FMN GV 18 Kasterlee
84,Oudemolsedijk,2019-08-14,15:00:00,46,30,16,FMN GV 18 Kasterlee
84,Oudemolsedijk,2019-08-14,16:00:00,27,13,14,FMN GV 18 Kasterlee
84,Oudemolsedijk,2019-08-14,17:00:00,46,34,12,FMN GV 18 Kasterlee
84,Oudemolsedijk,2019-08-14,18:00:00,8,3,5,FMN GV 18 Kasterlee
84,Oudemolsedijk,2019-08-14,19:00:00,11,7,4,FMN GV 18 Kasterlee
84,Oudemolsedijk,2019-08-14,20:00:00,41,35,6,FMN GV 18 Kasterlee
84,Oudemolsedijk,2019-08-14,21:00:00,3,1,2,FMN GV 18 Kasterlee
84,Oudemolsedijk,2019-08-14,22:00:00,2,0,2,FMN GV 18 Kasterlee
84,Oudemolsedijk,2019-08-14,23:00:00,0,0,0,FMN GV 18 Kasterlee
84,Oudemolsedijk,2019-08-15,00:00:00,0,0,0,FMN GV 18 Kasterlee
84,Oudemolsedijk,2019-08-15,01:00:00,0,0,0,FMN GV 18 Kasterlee
84,Oudemolsedijk,2019-08-15,02:00:00,0,0,0,FMN GV 18 Kasterlee
84,Oudemolsedijk,2019-08-15,03:00:00,0,0,0,FMN GV 18 Kasterlee
84,Oudemolsedijk,2019-08-15,04:00:00,0,0,0,FMN GV 18 Kasterlee
84,Oudemolsedijk,2019-08-15,05:00:00,2,2,0,FMN GV 18 Kasterlee
84,Oudemolsedijk,2019-08-15,06:00:00,2,2,0,FMN GV 18 Kasterlee
84,Oudemolsedijk,2019-08-15,07:00:00,0,0,0,FMN GV 18 Kasterlee
84,Oudemolsedijk,2019-08-15,08:00:00,9,1,8,FMN GV 18 Kasterlee
84,Oudemolsedijk,2019-08-15,09:00:00,13,2,11,FMN GV 18 Kasterlee
84,Oudemolsedijk,2019-08-15,10:00:00,35,30,5,FMN GV 18 Kasterlee
84,Oudemolsedijk,2019-08-15,11:00:00,17,6,11,FMN GV 18 Kasterlee
84,Oudemolsedijk,2019-08-15,12:00:00,11,9,2,FMN GV 18 Kasterlee
84,Oudemolsedijk,2019-08-15,13:00:00,22,17,5,FMN GV 18 Kasterlee
84,Oudemolsedijk,2019-08-15,14:00:00,46,12,34,FMN GV 18 Kasterlee
84,Oudemolsedijk,2019-08-15,15:00:00,37,10,27,FMN GV 18 Kasterlee
84,Oudemolsedijk,2019-08-15,16:00:00,14,12,2,FMN GV 18 Kasterlee
84,Oudemolsedijk,2019-08-15,17:00:00,11,7,4,FMN GV 18 Kasterlee
84,Oudemolsedijk,2019-08-15,18:00:00,14,9,5,FMN GV 18 Kasterlee
84,Oudemolsedijk,2019-08-15,19:00:00,11,6,5,FMN GV 18 Kasterlee
84,Oudemolsedijk,2019-08-15,20:00:00,8,2,6,FMN GV 18 Kasterlee
84,Oudemolsedijk,2019-08-15,21:00:00,0,0,0,FMN GV 18 Kasterlee
84,Oudemolsedijk,2019-08-15,22:00:00,0,0,0,FMN GV 18 Kasterlee
84,Oudemolsedijk,2019-08-15,23:00:00,0,0,0,FMN GV 18 Kasterlee
84,Oudemolsedijk,2019-08-16,00:00:00,0,0,0,FMN GV 18 Kasterlee
84,Oudemolsedijk,2019-08-16,01:00:00,0,0,0,FMN GV 18 Kasterlee
84,Oudemolsedijk,2019-08-16,02:00:00,0,0,0,FMN GV 18 Kasterlee
84,Oudemolsedijk,2019-08-16,03:00:00,0,0,0,FMN GV 18 Kasterlee
84,Oudemolsedijk,2019-08-16,04:00:00,1,1,0,FMN GV 18 Kasterlee
84,Oudemolsedijk,2019-08-16,05:00:00,2,2,0,FMN GV 18 Kasterlee
84,Oudemolsedijk,2019-08-16,06:00:00,4,2,2,FMN GV 18 Kasterlee
84,Oudemolsedijk,2019-08-16,07:00:00,6,5,1,FMN GV 18 Kasterlee
84,Oudemolsedijk,2019-08-16,08:00:00,24,8,16,FMN GV 18 Kasterlee
84,Oudemolsedijk,2019-08-16,09:00:00,16,7,9,FMN GV 18 Kasterlee
84,Oudemolsedijk,2019-08-16,10:00:00,25,13,12,FMN GV 18 Kasterlee
84,Oudemolsedijk,2019-08-16,11:00:00,38,24,14,FMN GV 18 Kasterlee
84,Oudemolsedijk,2019-08-16,12:00:00,37,23,14,FMN GV 18 Kasterlee
84,Oudemolsedijk,2019-08-16,13:00:00,69,32,37,FMN GV 18 Kasterlee
84,Oudemolsedijk,2019-08-16,14:00:00,70,33,37,FMN GV 18 Kasterlee
84,Oudemolsedijk,2019-08-16,15:00:00,101,67,34,FMN GV 18 Kasterlee
84,Oudemolsedijk,2019-08-16,16:00:00,73,46,27,FMN GV 18 Kasterlee
84,Oudemolsedijk,2019-08-16,17:00:00,46,35,11,FMN GV 18 Kasterlee
84,Oudemolsedijk,2019-08-16,18:00:00,25,11,14,FMN GV 18 Kasterlee
84,Oudemolsedijk,2019-08-16,19:00:00,24,15,9,FMN GV 18 Kasterlee
84,Oudemolsedijk,2019-08-16,20:00:00,19,15,4,FMN GV 18 Kasterlee
84,Oudemolsedijk,2019-08-16,21:00:00,5,4,1,FMN GV 18 Kasterlee
84,Oudemolsedijk,2019-08-16,22:00:00,0,0,0,FMN GV 18 Kasterlee
84,Oudemolsedijk,2019-08-16,23:00:00,1,0,1,FMN GV 18 Kasterlee
84,Oudemolsedijk,2019-08-17,00:00:00,0,0,0,FMN GV 18 Kasterlee
84,Oudemolsedijk,2019-08-17,01:00:00,0,0,0,FMN GV 18 Kasterlee
84,Oudemolsedijk,2019-08-17,02:00:00,0,0,0,FMN GV 18 Kasterlee
84,Oudemolsedijk,2019-08-17,03:00:00,0,0,0,FMN GV 18 Kasterlee
84,Oudemolsedijk,2019-08-17,04:00:00,0,0,0,FMN GV 18 Kasterlee
84,Oudemolsedijk,2019-08-17,05:00:00,0,0,0,FMN GV 18 Kasterlee
84,Oudemolsedijk,2019-08-17,06:00:00,0,0,0,FMN GV 18 Kasterlee
84,Oudemolsedijk,2019-08-17,07:00:00,0,0,0,FMN GV 18 Kasterlee
84,Oudemolsedijk,2019-08-17,08:00:00,5,3,2,FMN GV 18 Kasterlee
84,Oudemolsedijk,2019-08-17,09:00:00,11,2,9,FMN GV 18 Kasterlee
84,Oudemolsedijk,2019-08-17,10:00:00,17,15,2,FMN GV 18 Kasterlee
84,Oudemolsedijk,2019-08-17,11:00:00,12,8,4,FMN GV 18 Kasterlee
84,Oudemolsedijk,2019-08-17,12:00:00,13,4,9,FMN GV 18 Kasterlee
84,Oudemolsedijk,2019-08-17,13:00:00,53,22,31,FMN GV 18 Kasterlee
84,Oudemolsedijk,2019-08-17,14:00:00,49,13,36,FMN GV 18 Kasterlee
84,Oudemolsedijk,2019-08-17,15:00:00,38,13,25,FMN GV 18 Kasterlee
84,Oudemolsedijk,2019-08-17,16:00:00,14,10,4,FMN GV 18 Kasterlee
84,Oudemolsedijk,2019-08-17,17:00:00,16,11,5,FMN GV 18 Kasterlee
84,Oudemolsedijk,2019-08-17,18:00:00,7,6,1,FMN GV 18 Kasterlee
84,Oudemolsedijk,2019-08-17,19:00:00,3,2,1,FMN GV 18 Kasterlee
84,Oudemolsedijk,2019-08-17,20:00:00,2,2,0,FMN GV 18 Kasterlee
84,Oudemolsedijk,2019-08-17,21:00:00,2,1,1,FMN GV 18 Kasterlee
84,Oudemolsedijk,2019-08-17,22:00:00,0,0,0,FMN GV 18 Kasterlee
84,Oudemolsedijk,2019-08-17,23:00:00,0,0,0,FMN GV 18 Kasterlee
84,Oudemolsedijk,2019-08-18,00:00:00,0,0,0,FMN GV 18 Kasterlee
84,Oudemolsedijk,2019-08-18,01:00:00,0,0,0,FMN GV 18 Kasterlee
84,Oudemolsedijk,2019-08-18,02:00:00,1,0,1,FMN GV 18 Kasterlee
84,Oudemolsedijk,2019-08-18,03:00:00,0,0,0,FMN GV 18 Kasterlee
84,Oudemolsedijk,2019-08-18,04:00:00,1,1,0,FMN GV 18 Kasterlee
84,Oudemolsedijk,2019-08-18,05:00:00,0,0,0,FMN GV 18 Kasterlee
84,Oudemolsedijk,2019-08-18,06:00:00,0,0,0,FMN GV 18 Kasterlee
84,Oudemolsedijk,2019-08-18,07:00:00,4,1,3,FMN GV 18 Kasterlee
84,Oudemolsedijk,2019-08-18,08:00:00,1,0,1,FMN GV 18 Kasterlee
84,Oudemolsedijk,2019-08-18,09:00:00,3,1,2,FMN GV 18 Kasterlee
84,Oudemolsedijk,2019-08-18,10:00:00,0,0,0,FMN GV 18 Kasterlee
84,Oudemolsedijk,2019-08-18,11:00:00,4,3,1,FMN GV 18 Kasterlee
84,Oudemolsedijk,2019-08-18,12:00:00,62,54,8,FMN GV 18 Kasterlee
84,Oudemolsedijk,2019-08-18,13:00:00,12,9,3,FMN GV 18 Kasterlee
84,Oudemolsedijk,2019-08-18,14:00:00,13,3,10,FMN GV 18 Kasterlee
84,Oudemolsedijk,2019-08-18,15:00:00,40,22,18,FMN GV 18 Kasterlee
84,Oudemolsedijk,2019-08-18,16:00:00,41,20,21,FMN GV 18 Kasterlee
84,Oudemolsedijk,2019-08-18,17:00:00,18,16,2,FMN GV 18 Kasterlee
84,Oudemolsedijk,2019-08-18,18:00:00,24,9,15,FMN GV 18 Kasterlee
84,Oudemolsedijk,2019-08-18,19:00:00,15,4,11,FMN GV 18 Kasterlee
84,Oudemolsedijk,2019-08-18,20:00:00,17,7,10,FMN GV 18 Kasterlee
84,Oudemolsedijk,2019-08-18,21:00:00,4,3,1,FMN GV 18 Kasterlee
84,Oudemolsedijk,2019-08-18,22:00:00,0,0,0,FMN GV 18 Kasterlee
84,Oudemolsedijk,2019-08-18,23:00:00,0,0,0,FMN GV 18 Kasterlee
84,Oudemolsedijk,2019-08-19,00:00:00,0,0,0,FMN GV 18 Kasterlee
84,Oudemolsedijk,2019-08-19,01:00:00,0,0,0,FMN GV 18 Kasterlee
84,Oudemolsedijk,2019-08-19,02:00:00,0,0,0,FMN GV 18 Kasterlee
84,Oudemolsedijk,2019-08-19,03:00:00,1,0,1,FMN GV 18 Kasterlee
84,Oudemolsedijk,2019-08-19,04:00:00,0,0,0,FMN GV 18 Kasterlee
84,Oudemolsedijk,2019-08-19,05:00:00,0,0,0,FMN GV 18 Kasterlee
84,Oudemolsedijk,2019-08-19,06:00:00,7,1,6,FMN GV 18 Kasterlee
84,Oudemolsedijk,2019-08-19,07:00:00,21,13,8,FMN GV 18 Kasterlee
84,Oudemolsedijk,2019-08-19,08:00:00,14,5,9,FMN GV 18 Kasterlee
84,Oudemolsedijk,2019-08-19,09:00:00,19,10,9,FMN GV 18 Kasterlee
84,Oudemolsedijk,2019-08-19,10:00:00,21,8,13,FMN GV 18 Kasterlee
84,Oudemolsedijk,2019-08-19,11:00:00,21,8,13,FMN GV 18 Kasterlee
84,Oudemolsedijk,2019-08-19,12:00:00,21,3,18,FMN GV 18 Kasterlee
84,Oudemolsedijk,2019-08-19,13:00:00,66,44,22,FMN GV 18 Kasterlee
84,Oudemolsedijk,2019-08-19,14:00:00,59,28,31,FMN GV 18 Kasterlee
84,Oudemolsedijk,2019-08-19,15:00:00,47,41,6,FMN GV 18 Kasterlee
84,Oudemolsedijk,2019-08-19,16:00:00,59,41,18,FMN GV 18 Kasterlee
84,Oudemolsedijk,2019-08-19,17:00:00,43,26,17,FMN GV 18 Kasterlee
84,Oudemolsedijk,2019-08-19,18:00:00,20,8,12,FMN GV 18 Kasterlee
84,Oudemolsedijk,2019-08-19,19:00:00,30,15,15,FMN GV 18 Kasterlee
84,Oudemolsedijk,2019-08-19,20:00:00,12,10,2,FMN GV 18 Kasterlee
84,Oudemolsedijk,2019-08-19,21:00:00,3,1,2,FMN GV 18 Kasterlee
84,Oudemolsedijk,2019-08-19,22:00:00,1,0,1,FMN GV 18 Kasterlee
84,Oudemolsedijk,2019-08-19,23:00:00,1,1,0,FMN GV 18 Kasterlee
84,Oudemolsedijk,2019-08-20,00:00:00,0,0,0,FMN GV 18 Kasterlee
84,Oudemolsedijk,2019-08-20,01:00:00,0,0,0,FMN GV 18 Kasterlee
84,Oudemolsedijk,2019-08-20,02:00:00,0,0,0,FMN GV 18 Kasterlee
84,Oudemolsedijk,2019-08-20,03:00:00,0,0,0,FMN GV 18 Kasterlee
84,Oudemolsedijk,2019-08-20,04:00:00,0,0,0,FMN GV 18 Kasterlee
84,Oudemolsedijk,2019-08-20,05:00:00,1,1,0,FMN GV 18 Kasterlee
84,Oudemolsedijk,2019-08-20,06:00:00,18,9,9,FMN GV 18 Kasterlee
84,Oudemolsedijk,2019-08-20,07:00:00,18,9,9,FMN GV 18 Kasterlee
84,Oudemolsedijk,2019-08-20,08:00:00,11,5,6,FMN GV 18 Kasterlee
84,Oudemolsedijk,2019-08-20,09:00:00,23,9,14,FMN GV 18 Kasterlee
84,Oudemolsedijk,2019-08-20,10:00:00,31,16,15,FMN GV 18 Kasterlee
84,Oudemolsedijk,2019-08-20,11:00:00,27,11,16,FMN GV 18 Kasterlee
84,Oudemolsedijk,2019-08-20,12:00:00,18,8,10,FMN GV 18 Kasterlee
84,Oudemolsedijk,2019-08-20,13:00:00,44,24,20,FMN GV 18 Kasterlee
84,Oudemolsedijk,2019-08-20,14:00:00,72,40,32,FMN GV 18 Kasterlee
84,Oudemolsedijk,2019-08-20,15:00:00,64,33,31,FMN GV 18 Kasterlee
84,Oudemolsedijk,2019-08-20,16:00:00,63,45,18,FMN GV 18 Kasterlee
84,Oudemolsedijk,2019-08-20,17:00:00,41,22,19,FMN GV 18 Kasterlee
84,Oudemolsedijk,2019-08-20,18:00:00,43,32,11,FMN GV 18 Kasterlee
84,Oudemolsedijk,2019-08-20,19:00:00,50,33,17,FMN GV 18 Kasterlee
84,Oudemolsedijk,2019-08-20,20:00:00,22,13,9,FMN GV 18 Kasterlee
84,Oudemolsedijk,2019-08-20,21:00:00,6,1,5,FMN GV 18 Kasterlee
84,Oudemolsedijk,2019-08-20,22:00:00,2,1,1,FMN GV 18 Kasterlee
84,Oudemolsedijk,2019-08-20,23:00:00,0,0,0,FMN GV 18 Kasterlee
84,Oudemolsedijk,2019-08-21,00:00:00,0,0,0,FMN GV 18 Kasterlee
84,Oudemolsedijk,2019-08-21,01:00:00,0,0,0,FMN GV 18 Kasterlee
84,Oudemolsedijk,2019-08-21,02:00:00,0,0,0,FMN GV 18 Kasterlee
84,Oudemolsedijk,2019-08-21,03:00:00,0,0,0,FMN GV 18 Kasterlee
84,Oudemolsedijk,2019-08-21,04:00:00,0,0,0,FMN GV 18 Kasterlee
84,Oudemolsedijk,2019-08-21,05:00:00,2,1,1,FMN GV 18 Kasterlee
84,Oudemolsedijk,2019-08-21,06:00:00,12,4,8,FMN GV 18 Kasterlee
84,Oudemolsedijk,2019-08-21,07:00:00,22,8,14,FMN GV 18 Kasterlee
84,Oudemolsedijk,2019-08-21,08:00:00,17,9,8,FMN GV 18 Kasterlee
84,Oudemolsedijk,2019-08-21,09:00:00,18,8,10,FMN GV 18 Kasterlee
84,Oudemolsedijk,2019-08-21,10:00:00,64,15,49,FMN GV 18 Kasterlee
84,Oudemolsedijk,2019-08-21,11:00:00,36,19,17,FMN GV 18 Kasterlee
84,Oudemolsedijk,2019-08-21,12:00:00,34,22,12,FMN GV 18 Kasterlee
84,Oudemolsedijk,2019-08-21,13:00:00,65,29,36,FMN GV 18 Kasterlee
84,Oudemolsedijk,2019-08-21,14:00:00,122,63,59,FMN GV 18 Kasterlee
84,Oudemolsedijk,2019-08-21,15:00:00,131,51,80,FMN GV 18 Kasterlee
84,Oudemolsedijk,2019-08-21,16:00:00,78,51,27,FMN GV 18 Kasterlee
84,Oudemolsedijk,2019-08-21,17:00:00,61,28,33,FMN GV 18 Kasterlee
84,Oudemolsedijk,2019-08-21,18:00:00,62,31,31,FMN GV 18 Kasterlee
84,Oudemolsedijk,2019-08-21,19:00:00,70,48,22,FMN GV 18 Kasterlee
84,Oudemolsedijk,2019-08-21,20:00:00,37,24,13,FMN GV 18 Kasterlee
84,Oudemolsedijk,2019-08-21,21:00:00,8,7,1,FMN GV 18 Kasterlee
84,Oudemolsedijk,2019-08-21,22:00:00,2,0,2,FMN GV 18 Kasterlee
84,Oudemolsedijk,2019-08-21,23:00:00,0,0,0,FMN GV 18 Kasterlee
84,Oudemolsedijk,2019-08-22,00:00:00,0,0,0,FMN GV 18 Kasterlee
84,Oudemolsedijk,2019-08-22,01:00:00,0,0,0,FMN GV 18 Kasterlee
84,Oudemolsedijk,2019-08-22,02:00:00,0,0,0,FMN GV 18 Kasterlee
84,Oudemolsedijk,2019-08-22,03:00:00,0,0,0,FMN GV 18 Kasterlee
84,Oudemolsedijk,2019-08-22,04:00:00,0,0,0,FMN GV 18 Kasterlee
84,Oudemolsedijk,2019-08-22,05:00:00,2,2,0,FMN GV 18 Kasterlee
84,Oudemolsedijk,2019-08-22,06:00:00,14,5,9,FMN GV 18 Kasterlee
84,Oudemolsedijk,2019-08-22,07:00:00,26,15,11,FMN GV 18 Kasterlee
84,Oudemolsedijk,2019-08-22,08:00:00,16,8,8,FMN GV 18 Kasterlee
84,Oudemolsedijk,2019-08-22,09:00:00,24,12,12,FMN GV 18 Kasterlee
84,Oudemolsedijk,2019-08-22,10:00:00,32,12,20,FMN GV 18 Kasterlee
84,Oudemolsedijk,2019-08-22,11:00:00,34,10,24,FMN GV 18 Kasterlee
84,Oudemolsedijk,2019-08-22,12:00:00,61,30,31,FMN GV 18 Kasterlee
84,Oudemolsedijk,2019-08-22,13:00:00,72,34,38,FMN GV 18 Kasterlee
84,Oudemolsedijk,2019-08-22,14:00:00,112,47,65,FMN GV 18 Kasterlee
84,Oudemolsedijk,2019-08-22,15:00:00,96,58,38,FMN GV 18 Kasterlee
84,Oudemolsedijk,2019-08-22,16:00:00,132,70,62,FMN GV 18 Kasterlee
84,Oudemolsedijk,2019-08-22,17:00:00,86,45,41,FMN GV 18 Kasterlee
84,Oudemolsedijk,2019-08-22,18:00:00,37,20,17,FMN GV 18 Kasterlee
84,Oudemolsedijk,2019-08-22,19:00:00,27,16,11,FMN GV 18 Kasterlee
84,Oudemolsedijk,2019-08-22,20:00:00,39,31,8,FMN GV 18 Kasterlee
84,Oudemolsedijk,2019-08-22,21:00:00,5,4,1,FMN GV 18 Kasterlee
84,Oudemolsedijk,2019-08-22,22:00:00,0,0,0,FMN GV 18 Kasterlee
84,Oudemolsedijk,2019-08-22,23:00:00,0,0,0,FMN GV 18 Kasterlee
84,Oudemolsedijk,2019-08-23,00:00:00,0,0,0,FMN GV 18 Kasterlee
84,Oudemolsedijk,2019-08-23,01:00:00,0,0,0,FMN GV 18 Kasterlee
84,Oudemolsedijk,2019-08-23,02:00:00,0,0,0,FMN GV 18 Kasterlee
84,Oudemolsedijk,2019-08-23,03:00:00,0,0,0,FMN GV 18 Kasterlee
84,Oudemolsedijk,2019-08-23,04:00:00,0,0,0,FMN GV 18 Kasterlee
84,Oudemolsedijk,2019-08-23,05:00:00,2,2,0,FMN GV 18 Kasterlee
84,Oudemolsedijk,2019-08-23,06:00:00,13,3,10,FMN GV 18 Kasterlee
84,Oudemolsedijk,2019-08-23,07:00:00,14,10,4,FMN GV 18 Kasterlee
84,Oudemolsedijk,2019-08-23,08:00:00,9,2,7,FMN GV 18 Kasterlee
84,Oudemolsedijk,2019-08-23,09:00:00,22,9,13,FMN GV 18 Kasterlee
84,Oudemolsedijk,2019-08-23,10:00:00,41,24,17,FMN GV 18 Kasterlee
84,Oudemolsedijk,2019-08-23,11:00:00,35,25,10,FMN GV 18 Kasterlee
84,Oudemolsedijk,2019-08-23,12:00:00,41,23,18,FMN GV 18 Kasterlee
84,Oudemolsedijk,2019-08-23,13:00:00,66,16,50,FMN GV 18 Kasterlee
84,Oudemolsedijk,2019-08-23,14:00:00,89,46,43,FMN GV 18 Kasterlee
84,Oudemolsedijk,2019-08-23,15:00:00,77,46,31,FMN GV 18 Kasterlee
84,Oudemolsedijk,2019-08-23,16:00:00,69,42,27,FMN GV 18 Kasterlee
84,Oudemolsedijk,2019-08-23,17:00:00,75,43,32,FMN GV 18 Kasterlee
84,Oudemolsedijk,2019-08-23,18:00:00,48,26,22,FMN GV 18 Kasterlee
84,Oudemolsedijk,2019-08-23,19:00:00,21,11,10,FMN GV 18 Kasterlee
84,Oudemolsedijk,2019-08-23,20:00:00,27,22,5,FMN GV 18 Kasterlee
84,Oudemolsedijk,2019-08-23,21:00:00,7,1,6,FMN GV 18 Kasterlee
84,Oudemolsedijk,2019-08-23,22:00:00,2,2,0,FMN GV 18 Kasterlee
84,Oudemolsedijk,2019-08-23,23:00:00,2,0,2,FMN GV 18 Kasterlee
84,Oudemolsedijk,2019-08-24,00:00:00,0,0,0,FMN GV 18 Kasterlee
84,Oudemolsedijk,2019-08-24,01:00:00,0,0,0,FMN GV 18 Kasterlee
84,Oudemolsedijk,2019-08-24,02:00:00,0,0,0,FMN GV 18 Kasterlee
84,Oudemolsedijk,2019-08-24,03:00:00,1,0,1,FMN GV 18 Kasterlee
84,Oudemolsedijk,2019-08-24,04:00:00,0,0,0,FMN GV 18 Kasterlee
84,Oudemolsedijk,2019-08-24,05:00:00,1,1,0,FMN GV 18 Kasterlee
84,Oudemolsedijk,2019-08-24,06:00:00,0,0,0,FMN GV 18 Kasterlee
84,Oudemolsedijk,2019-08-24,07:00:00,6,4,2,FMN GV 18 Kasterlee
84,Oudemolsedijk,2019-08-24,08:00:00,6,1,5,FMN GV 18 Kasterlee
84,Oudemolsedijk,2019-08-24,09:00:00,40,12,28,FMN GV 18 Kasterlee
84,Oudemolsedijk,2019-08-24,10:00:00,52,24,28,FMN GV 18 Kasterlee
84,Oudemolsedijk,2019-08-24,11:00:00,62,31,31,FMN GV 18 Kasterlee
84,Oudemolsedijk,2019-08-24,12:00:00,42,23,19,FMN GV 18 Kasterlee
84,Oudemolsedijk,2019-08-24,13:00:00,78,43,35,FMN GV 18 Kasterlee
84,Oudemolsedijk,2019-08-24,14:00:00,114,71,43,FMN GV 18 Kasterlee
84,Oudemolsedijk,2019-08-24,15:00:00,111,72,39,FMN GV 18 Kasterlee
84,Oudemolsedijk,2019-08-24,16:00:00,90,33,57,FMN GV 18 Kasterlee
84,Oudemolsedijk,2019-08-24,17:00:00,71,43,28,FMN GV 18 Kasterlee
84,Oudemolsedijk,2019-08-24,18:00:00,36,20,16,FMN GV 18 Kasterlee
84,Oudemolsedijk,2019-08-24,19:00:00,38,17,21,FMN GV 18 Kasterlee
84,Oudemolsedijk,2019-08-24,20:00:00,20,10,10,FMN GV 18 Kasterlee
84,Oudemolsedijk,2019-08-24,21:00:00,9,6,3,FMN GV 18 Kasterlee
84,Oudemolsedijk,2019-08-24,22:00:00,10,7,3,FMN GV 18 Kasterlee
84,Oudemolsedijk,2019-08-24,23:00:00,0,0,0,FMN GV 18 Kasterlee
84,Oudemolsedijk,2019-08-25,00:00:00,0,0,0,FMN GV 18 Kasterlee
84,Oudemolsedijk,2019-08-25,01:00:00,1,0,1,FMN GV 18 Kasterlee
84,Oudemolsedijk,2019-08-25,02:00:00,0,0,0,FMN GV 18 Kasterlee
84,Oudemolsedijk,2019-08-25,03:00:00,0,0,0,FMN GV 18 Kasterlee
84,Oudemolsedijk,2019-08-25,04:00:00,0,0,0,FMN GV 18 Kasterlee
84,Oudemolsedijk,2019-08-25,05:00:00,0,0,0,FMN GV 18 Kasterlee
84,Oudemolsedijk,2019-08-25,06:00:00,1,1,0,FMN GV 18 Kasterlee
84,Oudemolsedijk,2019-08-25,07:00:00,14,7,7,FMN GV 18 Kasterlee
84,Oudemolsedijk,2019-08-25,08:00:00,36,13,23,FMN GV 18 Kasterlee
84,Oudemolsedijk,2019-08-25,09:00:00,246,109,137,FMN GV 18 Kasterlee
84,Oudemolsedijk,2019-08-25,10:00:00,266,136,130,FMN GV 18 Kasterlee
84,Oudemolsedijk,2019-08-25,11:00:00,218,98,120,FMN GV 18 Kasterlee
84,Oudemolsedijk,2019-08-25,12:00:00,146,63,83,FMN GV 18 Kasterlee
84,Oudemolsedijk,2019-08-25,13:00:00,241,141,100,FMN GV 18 Kasterlee
84,Oudemolsedijk,2019-08-25,14:00:00,273,134,139,FMN GV 18 Kasterlee
84,Oudemolsedijk,2019-08-25,15:00:00,287,144,143,FMN GV 18 Kasterlee
84,Oudemolsedijk,2019-08-25,16:00:00,177,96,81,FMN GV 18 Kasterlee
84,Oudemolsedijk,2019-08-25,17:00:00,125,85,40,FMN GV 18 Kasterlee
84,Oudemolsedijk,2019-08-25,18:00:00,58,35,23,FMN GV 18 Kasterlee
84,Oudemolsedijk,2019-08-25,19:00:00,53,36,17,FMN GV 18 Kasterlee
84,Oudemolsedijk,2019-08-25,20:00:00,29,12,17,FMN GV 18 Kasterlee
84,Oudemolsedijk,2019-08-25,21:00:00,9,4,5,FMN GV 18 Kasterlee
84,Oudemolsedijk,2019-08-25,22:00:00,0,0,0,FMN GV 18 Kasterlee
84,Oudemolsedijk,2019-08-25,23:00:00,0,0,0,FMN GV 18 Kasterlee
84,Oudemolsedijk,2019-08-26,00:00:00,0,0,0,FMN GV 18 Kasterlee
84,Oudemolsedijk,2019-08-26,01:00:00,0,0,0,FMN GV 18 Kasterlee
84,Oudemolsedijk,2019-08-26,02:00:00,0,0,0,FMN GV 18 Kasterlee
84,Oudemolsedijk,2019-08-26,03:00:00,1,0,1,FMN GV 18 Kasterlee
84,Oudemolsedijk,2019-08-26,04:00:00,1,1,0,FMN GV 18 Kasterlee
84,Oudemolsedijk,2019-08-26,05:00:00,3,2,1,FMN GV 18 Kasterlee
84,Oudemolsedijk,2019-08-26,06:00:00,15,9,6,FMN GV 18 Kasterlee
84,Oudemolsedijk,2019-08-26,07:00:00,22,12,10,FMN GV 18 Kasterlee
84,Oudemolsedijk,2019-08-26,08:00:00,20,14,6,FMN GV 18 Kasterlee
84,Oudemolsedijk,2019-08-26,09:00:00,21,6,15,FMN GV 18 Kasterlee
84,Oudemolsedijk,2019-08-26,10:00:00,31,13,18,FMN GV 18 Kasterlee
84,Oudemolsedijk,2019-08-26,11:00:00,48,36,12,FMN GV 18 Kasterlee
84,Oudemolsedijk,2019-08-26,12:00:00,34,15,19,FMN GV 18 Kasterlee
84,Oudemolsedijk,2019-08-26,13:00:00,39,13,26,FMN GV 18 Kasterlee
84,Oudemolsedijk,2019-08-26,14:00:00,48,11,37,FMN GV 18 Kasterlee
84,Oudemolsedijk,2019-08-26,15:00:00,63,36,27,FMN GV 18 Kasterlee
84,Oudemolsedijk,2019-08-26,16:00:00,67,43,24,FMN GV 18 Kasterlee
84,Oudemolsedijk,2019-08-26,17:00:00,41,21,20,FMN GV 18 Kasterlee
84,Oudemolsedijk,2019-08-26,18:00:00,34,18,16,FMN GV 18 Kasterlee
84,Oudemolsedijk,2019-08-26,19:00:00,53,23,30,FMN GV 18 Kasterlee
84,Oudemolsedijk,2019-08-26,20:00:00,35,22,13,FMN GV 18 Kasterlee
84,Oudemolsedijk,2019-08-26,21:00:00,5,3,2,FMN GV 18 Kasterlee
84,Oudemolsedijk,2019-08-26,22:00:00,10,8,2,FMN GV 18 Kasterlee
84,Oudemolsedijk,2019-08-26,23:00:00,2,0,2,FMN GV 18 Kasterlee
84,Oudemolsedijk,2019-08-27,00:00:00,0,0,0,FMN GV 18 Kasterlee
84,Oudemolsedijk,2019-08-27,01:00:00,0,0,0,FMN GV 18 Kasterlee
84,Oudemolsedijk,2019-08-27,02:00:00,0,0,0,FMN GV 18 Kasterlee
84,Oudemolsedijk,2019-08-27,03:00:00,0,0,0,FMN GV 18 Kasterlee
84,Oudemolsedijk,2019-08-27,04:00:00,1,1,0,FMN GV 18 Kasterlee
84,Oudemolsedijk,2019-08-27,05:00:00,4,3,1,FMN GV 18 Kasterlee
84,Oudemolsedijk,2019-08-27,06:00:00,20,8,12,FMN GV 18 Kasterlee
84,Oudemolsedijk,2019-08-27,07:00:00,25,12,13,FMN GV 18 Kasterlee
84,Oudemolsedijk,2019-08-27,08:00:00,31,15,16,FMN GV 18 Kasterlee
84,Oudemolsedijk,2019-08-27,09:00:00,48,15,33,FMN GV 18 Kasterlee
84,Oudemolsedijk,2019-08-27,10:00:00,43,27,16,FMN GV 18 Kasterlee
84,Oudemolsedijk,2019-08-27,11:00:00,62,43,19,FMN GV 18 Kasterlee
84,Oudemolsedijk,2019-08-27,12:00:00,72,33,39,FMN GV 18 Kasterlee
84,Oudemolsedijk,2019-08-27,13:00:00,26,18,8,FMN GV 18 Kasterlee
84,Oudemolsedijk,2019-08-27,14:00:00,45,29,16,FMN GV 18 Kasterlee
84,Oudemolsedijk,2019-08-27,15:00:00,47,35,12,FMN GV 18 Kasterlee
84,Oudemolsedijk,2019-08-27,16:00:00,52,22,30,FMN GV 18 Kasterlee
84,Oudemolsedijk,2019-08-27,17:00:00,34,18,16,FMN GV 18 Kasterlee
84,Oudemolsedijk,2019-08-27,18:00:00,40,20,20,FMN GV 18 Kasterlee
84,Oudemolsedijk,2019-08-27,19:00:00,39,21,18,FMN GV 18 Kasterlee
84,Oudemolsedijk,2019-08-27,20:00:00,43,16,27,FMN GV 18 Kasterlee
84,Oudemolsedijk,2019-08-27,21:00:00,15,10,5,FMN GV 18 Kasterlee
84,Oudemolsedijk,2019-08-27,22:00:00,3,1,2,FMN GV 18 Kasterlee
84,Oudemolsedijk,2019-08-27,23:00:00,0,0,0,FMN GV 18 Kasterlee
84,Oudemolsedijk,2019-08-28,00:00:00,0,0,0,FMN GV 18 Kasterlee
84,Oudemolsedijk,2019-08-28,01:00:00,0,0,0,FMN GV 18 Kasterlee
84,Oudemolsedijk,2019-08-28,02:00:00,0,0,0,FMN GV 18 Kasterlee
84,Oudemolsedijk,2019-08-28,03:00:00,0,0,0,FMN GV 18 Kasterlee
84,Oudemolsedijk,2019-08-28,04:00:00,0,0,0,FMN GV 18 Kasterlee
84,Oudemolsedijk,2019-08-28,05:00:00,4,2,2,FMN GV 18 Kasterlee
84,Oudemolsedijk,2019-08-28,06:00:00,14,5,9,FMN GV 18 Kasterlee
84,Oudemolsedijk,2019-08-28,07:00:00,18,12,6,FMN GV 18 Kasterlee
84,Oudemolsedijk,2019-08-28,08:00:00,21,10,11,FMN GV 18 Kasterlee
84,Oudemolsedijk,2019-08-28,09:00:00,27,8,19,FMN GV 18 Kasterlee
84,Oudemolsedijk,2019-08-28,10:00:00,37,19,18,FMN GV 18 Kasterlee
84,Oudemolsedijk,2019-08-28,11:00:00,23,14,9,FMN GV 18 Kasterlee
84,Oudemolsedijk,2019-08-28,12:00:00,32,15,17,FMN GV 18 Kasterlee
84,Oudemolsedijk,2019-08-28,13:00:00,52,14,38,FMN GV 18 Kasterlee
84,Oudemolsedijk,2019-08-28,14:00:00,73,41,32,FMN GV 18 Kasterlee
84,Oudemolsedijk,2019-08-28,15:00:00,67,39,28,FMN GV 18 Kasterlee
84,Oudemolsedijk,2019-08-28,16:00:00,52,29,23,FMN GV 18 Kasterlee
84,Oudemolsedijk,2019-08-28,17:00:00,52,24,28,FMN GV 18 Kasterlee
84,Oudemolsedijk,2019-08-28,18:00:00,34,29,5,FMN GV 18 Kasterlee
84,Oudemolsedijk,2019-08-28,19:00:00,8,4,4,FMN GV 18 Kasterlee
84,Oudemolsedijk,2019-08-28,20:00:00,30,27,3,FMN GV 18 Kasterlee
84,Oudemolsedijk,2019-08-28,21:00:00,7,5,2,FMN GV 18 Kasterlee
84,Oudemolsedijk,2019-08-28,22:00:00,2,1,1,FMN GV 18 Kasterlee
84,Oudemolsedijk,2019-08-28,23:00:00,0,0,0,FMN GV 18 Kasterlee
84,Oudemolsedijk,2019-08-29,00:00:00,0,0,0,FMN GV 18 Kasterlee
84,Oudemolsedijk,2019-08-29,01:00:00,20,11,9,FMN GV 18 Kasterlee
84,Oudemolsedijk,2019-08-29,02:00:00,0,0,0,FMN GV 18 Kasterlee
84,Oudemolsedijk,2019-08-29,03:00:00,0,0,0,FMN GV 18 Kasterlee
84,Oudemolsedijk,2019-08-29,04:00:00,37,17,20,FMN GV 18 Kasterlee
84,Oudemolsedijk,2019-08-29,05:00:00,1,0,1,FMN GV 18 Kasterlee
84,Oudemolsedijk,2019-08-29,06:00:00,13,4,9,FMN GV 18 Kasterlee
84,Oudemolsedijk,2019-08-29,07:00:00,19,13,6,FMN GV 18 Kasterlee
84,Oudemolsedijk,2019-08-29,08:00:00,29,19,10,FMN GV 18 Kasterlee
84,Oudemolsedijk,2019-08-29,09:00:00,7,1,6,FMN GV 18 Kasterlee
84,Oudemolsedijk,2019-08-29,10:00:00,33,4,29,FMN GV 18 Kasterlee
84,Oudemolsedijk,2019-08-29,11:00:00,22,11,11,FMN GV 18 Kasterlee
84,Oudemolsedijk,2019-08-29,12:00:00,34,14,20,FMN GV 18 Kasterlee
84,Oudemolsedijk,2019-08-29,13:00:00,25,14,11,FMN GV 18 Kasterlee
84,Oudemolsedijk,2019-08-29,14:00:00,70,38,32,FMN GV 18 Kasterlee
84,Oudemolsedijk,2019-08-29,15:00:00,84,60,24,FMN GV 18 Kasterlee
84,Oudemolsedijk,2019-08-29,16:00:00,74,39,35,FMN GV 18 Kasterlee
84,Oudemolsedijk,2019-08-29,17:00:00,44,16,28,FMN GV 18 Kasterlee
84,Oudemolsedijk,2019-08-29,18:00:00,37,16,21,FMN GV 18 Kasterlee
84,Oudemolsedijk,2019-08-29,19:00:00,25,15,10,FMN GV 18 Kasterlee
84,Oudemolsedijk,2019-08-29,20:00:00,38,24,14,FMN GV 18 Kasterlee
84,Oudemolsedijk,2019-08-29,21:00:00,2,0,2,FMN GV 18 Kasterlee
84,Oudemolsedijk,2019-08-29,22:00:00,2,0,2,FMN GV 18 Kasterlee
84,Oudemolsedijk,2019-08-29,23:00:00,0,0,0,FMN GV 18 Kasterlee
84,Oudemolsedijk,2019-08-30,00:00:00,0,0,0,FMN GV 18 Kasterlee
84,Oudemolsedijk,2019-08-30,01:00:00,1,0,1,FMN GV 18 Kasterlee
84,Oudemolsedijk,2019-08-30,02:00:00,0,0,0,FMN GV 18 Kasterlee
84,Oudemolsedijk,2019-08-30,03:00:00,0,0,0,FMN GV 18 Kasterlee
84,Oudemolsedijk,2019-08-30,04:00:00,0,0,0,FMN GV 18 Kasterlee
84,Oudemolsedijk,2019-08-30,05:00:00,4,2,2,FMN GV 18 Kasterlee
84,Oudemolsedijk,2019-08-30,06:00:00,12,8,4,FMN GV 18 Kasterlee
84,Oudemolsedijk,2019-08-30,07:00:00,16,12,4,FMN GV 18 Kasterlee
84,Oudemolsedijk,2019-08-30,08:00:00,15,7,8,FMN GV 18 Kasterlee
84,Oudemolsedijk,2019-08-30,09:00:00,11,4,7,FMN GV 18 Kasterlee
84,Oudemolsedijk,2019-08-30,10:00:00,21,15,6,FMN GV 18 Kasterlee
84,Oudemolsedijk,2019-08-30,11:00:00,30,15,15,FMN GV 18 Kasterlee
84,Oudemolsedijk,2019-08-30,12:00:00,38,13,25,FMN GV 18 Kasterlee
84,Oudemolsedijk,2019-08-30,13:00:00,49,17,32,FMN GV 18 Kasterlee
84,Oudemolsedijk,2019-08-30,14:00:00,65,31,34,FMN GV 18 Kasterlee
84,Oudemolsedijk,2019-08-30,15:00:00,63,44,19,FMN GV 18 Kasterlee
84,Oudemolsedijk,2019-08-30,16:00:00,60,27,33,FMN GV 18 Kasterlee
84,Oudemolsedijk,2019-08-30,17:00:00,54,29,25,FMN GV 18 Kasterlee
84,Oudemolsedijk,2019-08-30,18:00:00,34,21,13,FMN GV 18 Kasterlee
84,Oudemolsedijk,2019-08-30,19:00:00,26,12,14,FMN GV 18 Kasterlee
84,Oudemolsedijk,2019-08-30,20:00:00,21,11,10,FMN GV 18 Kasterlee
84,Oudemolsedijk,2019-08-30,21:00:00,5,4,1,FMN GV 18 Kasterlee
84,Oudemolsedijk,2019-08-30,22:00:00,2,1,1,FMN GV 18 Kasterlee
84,Oudemolsedijk,2019-08-30,23:00:00,3,3,0,FMN GV 18 Kasterlee
84,Oudemolsedijk,2019-08-31,00:00:00,0,0,0,FMN GV 18 Kasterlee
84,Oudemolsedijk,2019-08-31,01:00:00,0,0,0,FMN GV 18 Kasterlee
84,Oudemolsedijk,2019-08-31,02:00:00,0,0,0,FMN GV 18 Kasterlee
84,Oudemolsedijk,2019-08-31,03:00:00,1,1,0,FMN GV 18 Kasterlee
84,Oudemolsedijk,2019-08-31,04:00:00,0,0,0,FMN GV 18 Kasterlee
84,Oudemolsedijk,2019-08-31,05:00:00,1,0,1,FMN GV 18 Kasterlee
84,Oudemolsedijk,2019-08-31,06:00:00,1,0,1,FMN GV 18 Kasterlee
84,Oudemolsedijk,2019-08-31,07:00:00,1,0,1,FMN GV 18 Kasterlee
84,Oudemolsedijk,2019-08-31,08:00:00,7,2,5,FMN GV 18 Kasterlee
84,Oudemolsedijk,2019-08-31,09:00:00,33,13,20,FMN GV 18 Kasterlee
84,Oudemolsedijk,2019-08-31,10:00:00,60,39,21,FMN GV 18 Kasterlee
84,Oudemolsedijk,2019-08-31,11:00:00,66,34,32,FMN GV 18 Kasterlee
84,Oudemolsedijk,2019-08-31,12:00:00,56,33,23,FMN GV 18 Kasterlee
84,Oudemolsedijk,2019-08-31,13:00:00,81,42,39,FMN GV 18 Kasterlee
84,Oudemolsedijk,2019-08-31,14:00:00,115,64,51,FMN GV 18 Kasterlee
84,Oudemolsedijk,2019-08-31,15:00:00,117,64,53,FMN GV 18 Kasterlee
84,Oudemolsedijk,2019-08-31,16:00:00,92,29,63,FMN GV 18 Kasterlee
84,Oudemolsedijk,2019-08-31,17:00:00,62,38,24,FMN GV 18 Kasterlee
84,Oudemolsedijk,2019-08-31,18:00:00,29,22,7,FMN GV 18 Kasterlee
84,Oudemolsedijk,2019-08-31,19:00:00,19,10,9,FMN GV 18 Kasterlee
84,Oudemolsedijk,2019-08-31,20:00:00,6,5,1,FMN GV 18 Kasterlee
84,Oudemolsedijk,2019-08-31,21:00:00,2,2,0,FMN GV 18 Kasterlee
84,Oudemolsedijk,2019-08-31,22:00:00,1,1,0,FMN GV 18 Kasterlee
84,Oudemolsedijk,2019-08-31,23:00:00,2,1,1,FMN GV 18 Kasterlee
84,Oudemolsedijk,2019-09-01,00:00:00,0,0,0,FMN GV 18 Kasterlee
84,Oudemolsedijk,2019-09-01,01:00:00,1,0,1,FMN GV 18 Kasterlee
84,Oudemolsedijk,2019-09-01,02:00:00,0,0,0,FMN GV 18 Kasterlee
84,Oudemolsedijk,2019-09-01,03:00:00,0,0,0,FMN GV 18 Kasterlee
84,Oudemolsedijk,2019-09-01,04:00:00,1,0,1,FMN GV 18 Kasterlee
84,Oudemolsedijk,2019-09-01,05:00:00,0,0,0,FMN GV 18 Kasterlee
84,Oudemolsedijk,2019-09-01,06:00:00,1,1,0,FMN GV 18 Kasterlee
84,Oudemolsedijk,2019-09-01,07:00:00,7,0,7,FMN GV 18 Kasterlee
84,Oudemolsedijk,2019-09-01,08:00:00,33,14,19,FMN GV 18 Kasterlee
84,Oudemolsedijk,2019-09-01,09:00:00,47,23,24,FMN GV 18 Kasterlee
84,Oudemolsedijk,2019-09-01,10:00:00,69,30,39,FMN GV 18 Kasterlee
84,Oudemolsedijk,2019-09-01,11:00:00,55,32,23,FMN GV 18 Kasterlee
84,Oudemolsedijk,2019-09-01,12:00:00,40,21,19,FMN GV 18 Kasterlee
84,Oudemolsedijk,2019-09-01,13:00:00,61,26,35,FMN GV 18 Kasterlee
84,Oudemolsedijk,2019-09-01,14:00:00,121,67,54,FMN GV 18 Kasterlee
84,Oudemolsedijk,2019-09-01,15:00:00,121,75,46,FMN GV 18 Kasterlee
84,Oudemolsedijk,2019-09-01,16:00:00,85,31,54,FMN GV 18 Kasterlee
84,Oudemolsedijk,2019-09-01,17:00:00,50,24,26,FMN GV 18 Kasterlee
84,Oudemolsedijk,2019-09-01,18:00:00,34,14,20,FMN GV 18 Kasterlee
84,Oudemolsedijk,2019-09-01,19:00:00,21,16,5,FMN GV 18 Kasterlee
84,Oudemolsedijk,2019-09-01,20:00:00,3,3,0,FMN GV 18 Kasterlee
84,Oudemolsedijk,2019-09-01,21:00:00,0,0,0,FMN GV 18 Kasterlee
84,Oudemolsedijk,2019-09-01,22:00:00,1,1,0,FMN GV 18 Kasterlee
84,Oudemolsedijk,2019-09-01,23:00:00,1,0,1,FMN GV 18 Kasterlee
84,Oudemolsedijk,2019-09-02,00:00:00,0,0,0,FMN GV 18 Kasterlee
84,Oudemolsedijk,2019-09-02,01:00:00,0,0,0,FMN GV 18 Kasterlee
84,Oudemolsedijk,2019-09-02,02:00:00,0,0,0,FMN GV 18 Kasterlee
84,Oudemolsedijk,2019-09-02,03:00:00,1,0,1,FMN GV 18 Kasterlee
84,Oudemolsedijk,2019-09-02,04:00:00,1,1,0,FMN GV 18 Kasterlee
84,Oudemolsedijk,2019-09-02,05:00:00,3,3,0,FMN GV 18 Kasterlee
84,Oudemolsedijk,2019-09-02,06:00:00,8,1,7,FMN GV 18 Kasterlee
84,Oudemolsedijk,2019-09-02,07:00:00,35,21,14,FMN GV 18 Kasterlee
84,Oudemolsedijk,2019-09-02,08:00:00,26,16,10,FMN GV 18 Kasterlee
84,Oudemolsedijk,2019-09-02,09:00:00,17,8,9,FMN GV 18 Kasterlee
84,Oudemolsedijk,2019-09-02,10:00:00,18,9,9,FMN GV 18 Kasterlee
84,Oudemolsedijk,2019-09-02,11:00:00,19,9,10,FMN GV 18 Kasterlee
84,Oudemolsedijk,2019-09-02,12:00:00,28,16,12,FMN GV 18 Kasterlee
84,Oudemolsedijk,2019-09-02,13:00:00,31,13,18,FMN GV 18 Kasterlee
84,Oudemolsedijk,2019-09-02,14:00:00,56,27,29,FMN GV 18 Kasterlee
84,Oudemolsedijk,2019-09-02,15:00:00,81,44,37,FMN GV 18 Kasterlee
84,Oudemolsedijk,2019-09-02,16:00:00,75,36,39,FMN GV 18 Kasterlee
84,Oudemolsedijk,2019-09-02,17:00:00,56,24,32,FMN GV 18 Kasterlee
84,Oudemolsedijk,2019-09-02,18:00:00,24,14,10,FMN GV 18 Kasterlee
84,Oudemolsedijk,2019-09-02,19:00:00,15,5,10,FMN GV 18 Kasterlee
84,Oudemolsedijk,2019-09-02,20:00:00,14,11,3,FMN GV 18 Kasterlee
84,Oudemolsedijk,2019-09-02,21:00:00,1,0,1,FMN GV 18 Kasterlee
84,Oudemolsedijk,2019-09-02,22:00:00,0,0,0,FMN GV 18 Kasterlee
84,Oudemolsedijk,2019-09-02,23:00:00,0,0,0,FMN GV 18 Kasterlee
84,Oudemolsedijk,2019-09-03,00:00:00,0,0,0,FMN GV 18 Kasterlee
84,Oudemolsedijk,2019-09-03,01:00:00,0,0,0,FMN GV 18 Kasterlee
84,Oudemolsedijk,2019-09-03,02:00:00,0,0,0,FMN GV 18 Kasterlee
84,Oudemolsedijk,2019-09-03,03:00:00,0,0,0,FMN GV 18 Kasterlee
84,Oudemolsedijk,2019-09-03,04:00:00,2,2,0,FMN GV 18 Kasterlee
84,Oudemolsedijk,2019-09-03,05:00:00,3,3,0,FMN GV 18 Kasterlee
84,Oudemolsedijk,2019-09-03,06:00:00,16,4,12,FMN GV 18 Kasterlee
84,Oudemolsedijk,2019-09-03,07:00:00,39,22,17,FMN GV 18 Kasterlee
84,Oudemolsedijk,2019-09-03,08:00:00,28,19,9,FMN GV 18 Kasterlee
84,Oudemolsedijk,2019-09-03,09:00:00,15,5,10,FMN GV 18 Kasterlee
84,Oudemolsedijk,2019-09-03,10:00:00,20,6,14,FMN GV 18 Kasterlee
84,Oudemolsedijk,2019-09-03,11:00:00,29,26,3,FMN GV 18 Kasterlee
84,Oudemolsedijk,2019-09-03,12:00:00,19,7,12,FMN GV 18 Kasterlee
84,Oudemolsedijk,2019-09-03,13:00:00,49,27,22,FMN GV 18 Kasterlee
84,Oudemolsedijk,2019-09-03,14:00:00,52,36,16,FMN GV 18 Kasterlee
84,Oudemolsedijk,2019-09-03,15:00:00,62,37,25,FMN GV 18 Kasterlee
84,Oudemolsedijk,2019-09-03,16:00:00,49,32,17,FMN GV 18 Kasterlee
84,Oudemolsedijk,2019-09-03,17:00:00,56,28,28,FMN GV 18 Kasterlee
84,Oudemolsedijk,2019-09-03,18:00:00,26,17,9,FMN GV 18 Kasterlee
84,Oudemolsedijk,2019-09-03,19:00:00,35,13,22,FMN GV 18 Kasterlee
84,Oudemolsedijk,2019-09-03,20:00:00,11,7,4,FMN GV 18 Kasterlee
84,Oudemolsedijk,2019-09-03,21:00:00,5,2,3,FMN GV 18 Kasterlee
84,Oudemolsedijk,2019-09-03,22:00:00,1,1,0,FMN GV 18 Kasterlee
84,Oudemolsedijk,2019-09-03,23:00:00,0,0,0,FMN GV 18 Kasterlee
84,Oudemolsedijk,2019-09-04,00:00:00,0,0,0,FMN GV 18 Kasterlee
84,Oudemolsedijk,2019-09-04,01:00:00,0,0,0,FMN GV 18 Kasterlee
84,Oudemolsedijk,2019-09-04,02:00:00,0,0,0,FMN GV 18 Kasterlee
84,Oudemolsedijk,2019-09-04,03:00:00,0,0,0,FMN GV 18 Kasterlee
84,Oudemolsedijk,2019-09-04,04:00:00,2,2,0,FMN GV 18 Kasterlee
84,Oudemolsedijk,2019-09-04,05:00:00,3,3,0,FMN GV 18 Kasterlee
84,Oudemolsedijk,2019-09-04,06:00:00,14,5,9,FMN GV 18 Kasterlee
84,Oudemolsedijk,2019-09-04,07:00:00,23,8,15,FMN GV 18 Kasterlee
84,Oudemolsedijk,2019-09-04,08:00:00,22,11,11,FMN GV 18 Kasterlee
84,Oudemolsedijk,2019-09-04,09:00:00,15,9,6,FMN GV 18 Kasterlee
84,Oudemolsedijk,2019-09-04,10:00:00,22,10,12,FMN GV 18 Kasterlee
84,Oudemolsedijk,2019-09-04,11:00:00,12,9,3,FMN GV 18 Kasterlee
84,Oudemolsedijk,2019-09-04,12:00:00,21,11,10,FMN GV 18 Kasterlee
84,Oudemolsedijk,2019-09-04,13:00:00,27,13,14,FMN GV 18 Kasterlee
84,Oudemolsedijk,2019-09-04,14:00:00,32,18,14,FMN GV 18 Kasterlee
84,Oudemolsedijk,2019-09-04,15:00:00,27,12,15,FMN GV 18 Kasterlee
84,Oudemolsedijk,2019-09-04,16:00:00,23,10,13,FMN GV 18 Kasterlee
84,Oudemolsedijk,2019-09-04,17:00:00,12,6,6,FMN GV 18 Kasterlee
84,Oudemolsedijk,2019-09-04,18:00:00,10,7,3,FMN GV 18 Kasterlee
84,Oudemolsedijk,2019-09-04,19:00:00,13,5,8,FMN GV 18 Kasterlee
84,Oudemolsedijk,2019-09-04,20:00:00,33,22,11,FMN GV 18 Kasterlee
84,Oudemolsedijk,2019-09-04,21:00:00,3,2,1,FMN GV 18 Kasterlee
84,Oudemolsedijk,2019-09-04,22:00:00,1,1,0,FMN GV 18 Kasterlee
84,Oudemolsedijk,2019-09-04,23:00:00,0,0,0,FMN GV 18 Kasterlee
84,Oudemolsedijk,2019-09-05,00:00:00,0,0,0,FMN GV 18 Kasterlee
84,Oudemolsedijk,2019-09-05,01:00:00,0,0,0,FMN GV 18 Kasterlee
84,Oudemolsedijk,2019-09-05,02:00:00,0,0,0,FMN GV 18 Kasterlee
84,Oudemolsedijk,2019-09-05,03:00:00,0,0,0,FMN GV 18 Kasterlee
84,Oudemolsedijk,2019-09-05,04:00:00,2,2,0,FMN GV 18 Kasterlee
84,Oudemolsedijk,2019-09-05,05:00:00,2,2,0,FMN GV 18 Kasterlee
84,Oudemolsedijk,2019-09-05,06:00:00,7,4,3,FMN GV 18 Kasterlee
84,Oudemolsedijk,2019-09-05,07:00:00,27,11,16,FMN GV 18 Kasterlee
84,Oudemolsedijk,2019-09-05,08:00:00,16,9,7,FMN GV 18 Kasterlee
84,Oudemolsedijk,2019-09-05,09:00:00,15,7,8,FMN GV 18 Kasterlee
84,Oudemolsedijk,2019-09-05,10:00:00,14,8,6,FMN GV 18 Kasterlee
84,Oudemolsedijk,2019-09-05,11:00:00,13,5,8,FMN GV 18 Kasterlee
84,Oudemolsedijk,2019-09-05,12:00:00,14,5,9,FMN GV 18 Kasterlee
84,Oudemolsedijk,2019-09-05,13:00:00,19,13,6,FMN GV 18 Kasterlee
84,Oudemolsedijk,2019-09-05,14:00:00,42,35,7,FMN GV 18 Kasterlee
84,Oudemolsedijk,2019-09-05,15:00:00,16,11,5,FMN GV 18 Kasterlee
84,Oudemolsedijk,2019-09-05,16:00:00,47,32,15,FMN GV 18 Kasterlee
84,Oudemolsedijk,2019-09-05,17:00:00,43,13,30,FMN GV 18 Kasterlee
84,Oudemolsedijk,2019-09-05,18:00:00,16,9,7,FMN GV 18 Kasterlee
84,Oudemolsedijk,2019-09-05,19:00:00,20,4,16,FMN GV 18 Kasterlee
84,Oudemolsedijk,2019-09-05,20:00:00,16,13,3,FMN GV 18 Kasterlee
84,Oudemolsedijk,2019-09-05,21:00:00,3,2,1,FMN GV 18 Kasterlee
84,Oudemolsedijk,2019-09-05,22:00:00,0,0,0,FMN GV 18 Kasterlee
84,Oudemolsedijk,2019-09-05,23:00:00,0,0,0,FMN GV 18 Kasterlee
84,Oudemolsedijk,2019-09-06,00:00:00,0,0,0,FMN GV 18 Kasterlee
84,Oudemolsedijk,2019-09-06,01:00:00,0,0,0,FMN GV 18 Kasterlee
84,Oudemolsedijk,2019-09-06,02:00:00,0,0,0,FMN GV 18 Kasterlee
84,Oudemolsedijk,2019-09-06,03:00:00,0,0,0,FMN GV 18 Kasterlee
84,Oudemolsedijk,2019-09-06,04:00:00,0,0,0,FMN GV 18 Kasterlee
84,Oudemolsedijk,2019-09-06,05:00:00,3,2,1,FMN GV 18 Kasterlee
84,Oudemolsedijk,2019-09-06,06:00:00,14,5,9,FMN GV 18 Kasterlee
84,Oudemolsedijk,2019-09-06,07:00:00,28,16,12,FMN GV 18 Kasterlee
84,Oudemolsedijk,2019-09-06,08:00:00,27,16,11,FMN GV 18 Kasterlee
84,Oudemolsedijk,2019-09-06,09:00:00,9,5,4,FMN GV 18 Kasterlee
84,Oudemolsedijk,2019-09-06,10:00:00,14,5,9,FMN GV 18 Kasterlee
84,Oudemolsedijk,2019-09-06,11:00:00,28,14,14,FMN GV 18 Kasterlee
84,Oudemolsedijk,2019-09-06,12:00:00,21,14,7,FMN GV 18 Kasterlee
84,Oudemolsedijk,2019-09-06,13:00:00,32,12,20,FMN GV 18 Kasterlee
84,Oudemolsedijk,2019-09-06,14:00:00,53,23,30,FMN GV 18 Kasterlee
84,Oudemolsedijk,2019-09-06,15:00:00,58,32,26,FMN GV 18 Kasterlee
84,Oudemolsedijk,2019-09-06,16:00:00,66,37,29,FMN GV 18 Kasterlee
84,Oudemolsedijk,2019-09-06,17:00:00,36,19,17,FMN GV 18 Kasterlee
84,Oudemolsedijk,2019-09-06,18:00:00,17,11,6,FMN GV 18 Kasterlee
84,Oudemolsedijk,2019-09-06,19:00:00,14,7,7,FMN GV 18 Kasterlee
84,Oudemolsedijk,2019-09-06,20:00:00,0,0,0,FMN GV 18 Kasterlee
84,Oudemolsedijk,2019-09-06,21:00:00,2,2,0,FMN GV 18 Kasterlee
84,Oudemolsedijk,2019-09-06,22:00:00,0,0,0,FMN GV 18 Kasterlee
84,Oudemolsedijk,2019-09-06,23:00:00,0,0,0,FMN GV 18 Kasterlee
84,Oudemolsedijk,2019-09-07,00:00:00,0,0,0,FMN GV 18 Kasterlee
84,Oudemolsedijk,2019-09-07,01:00:00,0,0,0,FMN GV 18 Kasterlee
84,Oudemolsedijk,2019-09-07,02:00:00,0,0,0,FMN GV 18 Kasterlee
84,Oudemolsedijk,2019-09-07,03:00:00,0,0,0,FMN GV 18 Kasterlee
84,Oudemolsedijk,2019-09-07,04:00:00,0,0,0,FMN GV 18 Kasterlee
84,Oudemolsedijk,2019-09-07,05:00:00,0,0,0,FMN GV 18 Kasterlee
84,Oudemolsedijk,2019-09-07,06:00:00,0,0,0,FMN GV 18 Kasterlee
84,Oudemolsedijk,2019-09-07,07:00:00,1,0,1,FMN GV 18 Kasterlee
84,Oudemolsedijk,2019-09-07,08:00:00,5,3,2,FMN GV 18 Kasterlee
84,Oudemolsedijk,2019-09-07,09:00:00,9,5,4,FMN GV 18 Kasterlee
84,Oudemolsedijk,2019-09-07,10:00:00,35,17,18,FMN GV 18 Kasterlee
84,Oudemolsedijk,2019-09-07,11:00:00,14,4,10,FMN GV 18 Kasterlee
84,Oudemolsedijk,2019-09-07,12:00:00,20,7,13,FMN GV 18 Kasterlee
84,Oudemolsedijk,2019-09-07,13:00:00,25,11,14,FMN GV 18 Kasterlee
84,Oudemolsedijk,2019-09-07,14:00:00,27,23,4,FMN GV 18 Kasterlee
84,Oudemolsedijk,2019-09-07,15:00:00,43,15,28,FMN GV 18 Kasterlee
84,Oudemolsedijk,2019-09-07,16:00:00,21,9,12,FMN GV 18 Kasterlee
84,Oudemolsedijk,2019-09-07,17:00:00,12,9,3,FMN GV 18 Kasterlee
84,Oudemolsedijk,2019-09-07,18:00:00,16,7,9,FMN GV 18 Kasterlee
84,Oudemolsedijk,2019-09-07,19:00:00,3,3,0,FMN GV 18 Kasterlee
84,Oudemolsedijk,2019-09-07,20:00:00,0,0,0,FMN GV 18 Kasterlee
84,Oudemolsedijk,2019-09-07,21:00:00,1,1,0,FMN GV 18 Kasterlee
84,Oudemolsedijk,2019-09-07,22:00:00,0,0,0,FMN GV 18 Kasterlee
84,Oudemolsedijk,2019-09-07,23:00:00,0,0,0,FMN GV 18 Kasterlee
84,Oudemolsedijk,2019-09-08,00:00:00,0,0,0,FMN GV 18 Kasterlee
84,Oudemolsedijk,2019-09-08,01:00:00,0,0,0,FMN GV 18 Kasterlee
84,Oudemolsedijk,2019-09-08,02:00:00,1,0,1,FMN GV 18 Kasterlee
84,Oudemolsedijk,2019-09-08,03:00:00,0,0,0,FMN GV 18 Kasterlee
84,Oudemolsedijk,2019-09-08,04:00:00,0,0,0,FMN GV 18 Kasterlee
84,Oudemolsedijk,2019-09-08,05:00:00,0,0,0,FMN GV 18 Kasterlee
84,Oudemolsedijk,2019-09-08,06:00:00,1,1,0,FMN GV 18 Kasterlee
84,Oudemolsedijk,2019-09-08,07:00:00,6,0,6,FMN GV 18 Kasterlee
84,Oudemolsedijk,2019-09-08,08:00:00,22,19,3,FMN GV 18 Kasterlee
84,Oudemolsedijk,2019-09-08,09:00:00,58,39,19,FMN GV 18 Kasterlee
84,Oudemolsedijk,2019-09-08,10:00:00,93,50,43,FMN GV 18 Kasterlee
84,Oudemolsedijk,2019-09-08,11:00:00,96,44,52,FMN GV 18 Kasterlee
84,Oudemolsedijk,2019-09-08,12:00:00,36,21,15,FMN GV 18 Kasterlee
84,Oudemolsedijk,2019-09-08,13:00:00,55,20,35,FMN GV 18 Kasterlee
84,Oudemolsedijk,2019-09-08,14:00:00,84,49,35,FMN GV 18 Kasterlee
84,Oudemolsedijk,2019-09-08,15:00:00,85,45,40,FMN GV 18 Kasterlee
84,Oudemolsedijk,2019-09-08,16:00:00,48,30,18,FMN GV 18 Kasterlee
84,Oudemolsedijk,2019-09-08,17:00:00,26,14,12,FMN GV 18 Kasterlee
84,Oudemolsedijk,2019-09-08,18:00:00,19,10,9,FMN GV 18 Kasterlee
84,Oudemolsedijk,2019-09-08,19:00:00,26,5,21,FMN GV 18 Kasterlee
84,Oudemolsedijk,2019-09-08,20:00:00,8,6,2,FMN GV 18 Kasterlee
84,Oudemolsedijk,2019-09-08,21:00:00,1,1,0,FMN GV 18 Kasterlee
84,Oudemolsedijk,2019-09-08,22:00:00,1,0,1,FMN GV 18 Kasterlee
84,Oudemolsedijk,2019-09-08,23:00:00,0,0,0,FMN GV 18 Kasterlee
84,Oudemolsedijk,2019-09-09,00:00:00,0,0,0,FMN GV 18 Kasterlee
84,Oudemolsedijk,2019-09-09,01:00:00,0,0,0,FMN GV 18 Kasterlee
84,Oudemolsedijk,2019-09-09,02:00:00,0,0,0,FMN GV 18 Kasterlee
84,Oudemolsedijk,2019-09-09,03:00:00,1,0,1,FMN GV 18 Kasterlee
84,Oudemolsedijk,2019-09-09,04:00:00,0,0,0,FMN GV 18 Kasterlee
84,Oudemolsedijk,2019-09-09,05:00:00,4,3,1,FMN GV 18 Kasterlee
84,Oudemolsedijk,2019-09-09,06:00:00,13,3,10,FMN GV 18 Kasterlee
84,Oudemolsedijk,2019-09-09,07:00:00,29,15,14,FMN GV 18 Kasterlee
84,Oudemolsedijk,2019-09-09,08:00:00,21,13,8,FMN GV 18 Kasterlee
84,Oudemolsedijk,2019-09-09,09:00:00,16,6,10,FMN GV 18 Kasterlee
84,Oudemolsedijk,2019-09-09,10:00:00,18,12,6,FMN GV 18 Kasterlee
84,Oudemolsedijk,2019-09-09,11:00:00,12,8,4,FMN GV 18 Kasterlee
84,Oudemolsedijk,2019-09-09,12:00:00,18,7,11,FMN GV 18 Kasterlee
84,Oudemolsedijk,2019-09-09,13:00:00,30,8,22,FMN GV 18 Kasterlee
84,Oudemolsedijk,2019-09-09,14:00:00,61,44,17,FMN GV 18 Kasterlee
84,Oudemolsedijk,2019-09-09,15:00:00,54,33,21,FMN GV 18 Kasterlee
84,Oudemolsedijk,2019-09-09,16:00:00,70,30,40,FMN GV 18 Kasterlee
84,Oudemolsedijk,2019-09-09,17:00:00,36,16,20,FMN GV 18 Kasterlee
84,Oudemolsedijk,2019-09-09,18:00:00,23,18,5,FMN GV 18 Kasterlee
84,Oudemolsedijk,2019-09-09,19:00:00,14,6,8,FMN GV 18 Kasterlee
84,Oudemolsedijk,2019-09-09,20:00:00,4,3,1,FMN GV 18 Kasterlee
84,Oudemolsedijk,2019-09-09,21:00:00,2,1,1,FMN GV 18 Kasterlee
84,Oudemolsedijk,2019-09-09,22:00:00,1,0,1,FMN GV 18 Kasterlee
84,Oudemolsedijk,2019-09-09,23:00:00,0,0,0,FMN GV 18 Kasterlee
84,Oudemolsedijk,2019-09-10,00:00:00,1,1,0,FMN GV 18 Kasterlee
84,Oudemolsedijk,2019-09-10,01:00:00,0,0,0,FMN GV 18 Kasterlee
84,Oudemolsedijk,2019-09-10,02:00:00,0,0,0,FMN GV 18 Kasterlee
84,Oudemolsedijk,2019-09-10,03:00:00,0,0,0,FMN GV 18 Kasterlee
84,Oudemolsedijk,2019-09-10,04:00:00,0,0,0,FMN GV 18 Kasterlee
84,Oudemolsedijk,2019-09-10,05:00:00,3,3,0,FMN GV 18 Kasterlee
84,Oudemolsedijk,2019-09-10,06:00:00,13,4,9,FMN GV 18 Kasterlee
84,Oudemolsedijk,2019-09-10,07:00:00,34,17,17,FMN GV 18 Kasterlee
84,Oudemolsedijk,2019-09-10,08:00:00,21,13,8,FMN GV 18 Kasterlee
84,Oudemolsedijk,2019-09-10,09:00:00,32,8,24,FMN GV 18 Kasterlee
84,Oudemolsedijk,2019-09-10,10:00:00,26,17,9,FMN GV 18 Kasterlee
84,Oudemolsedijk,2019-09-10,11:00:00,13,6,7,FMN GV 18 Kasterlee
84,Oudemolsedijk,2019-09-10,12:00:00,45,18,27,FMN GV 18 Kasterlee
84,Oudemolsedijk,2019-09-10,13:00:00,96,24,72,FMN GV 18 Kasterlee
84,Oudemolsedijk,2019-09-10,14:00:00,88,50,38,FMN GV 18 Kasterlee
84,Oudemolsedijk,2019-09-10,15:00:00,127,77,50,FMN GV 18 Kasterlee
84,Oudemolsedijk,2019-09-10,16:00:00,97,60,37,FMN GV 18 Kasterlee
84,Oudemolsedijk,2019-09-10,17:00:00,41,21,20,FMN GV 18 Kasterlee
84,Oudemolsedijk,2019-09-10,18:00:00,47,33,14,FMN GV 18 Kasterlee
84,Oudemolsedijk,2019-09-10,19:00:00,41,17,24,FMN GV 18 Kasterlee
84,Oudemolsedijk,2019-09-10,20:00:00,11,5,6,FMN GV 18 Kasterlee
84,Oudemolsedijk,2019-09-10,21:00:00,7,3,4,FMN GV 18 Kasterlee
84,Oudemolsedijk,2019-09-10,22:00:00,0,0,0,FMN GV 18 Kasterlee
84,Oudemolsedijk,2019-09-10,23:00:00,0,0,0,FMN GV 18 Kasterlee
84,Oudemolsedijk,2019-09-11,00:00:00,0,0,0,FMN GV 18 Kasterlee
84,Oudemolsedijk,2019-09-11,01:00:00,0,0,0,FMN GV 18 Kasterlee
84,Oudemolsedijk,2019-09-11,02:00:00,0,0,0,FMN GV 18 Kasterlee
84,Oudemolsedijk,2019-09-11,03:00:00,0,0,0,FMN GV 18 Kasterlee
84,Oudemolsedijk,2019-09-11,04:00:00,0,0,0,FMN GV 18 Kasterlee
84,Oudemolsedijk,2019-09-11,05:00:00,2,2,0,FMN GV 18 Kasterlee
84,Oudemolsedijk,2019-09-11,06:00:00,10,3,7,FMN GV 18 Kasterlee
84,Oudemolsedijk,2019-09-11,07:00:00,29,16,13,FMN GV 18 Kasterlee
84,Oudemolsedijk,2019-09-11,08:00:00,18,6,12,FMN GV 18 Kasterlee
84,Oudemolsedijk,2019-09-11,09:00:00,6,5,1,FMN GV 18 Kasterlee
84,Oudemolsedijk,2019-09-11,10:00:00,13,10,3,FMN GV 18 Kasterlee
84,Oudemolsedijk,2019-09-11,11:00:00,1,0,1,FMN GV 18 Kasterlee
84,Oudemolsedijk,2019-09-11,12:00:00,13,4,9,FMN GV 18 Kasterlee
84,Oudemolsedijk,2019-09-11,13:00:00,13,10,3,FMN GV 18 Kasterlee
84,Oudemolsedijk,2019-09-11,14:00:00,10,8,2,FMN GV 18 Kasterlee
84,Oudemolsedijk,2019-09-11,15:00:00,9,5,4,FMN GV 18 Kasterlee
84,Oudemolsedijk,2019-09-11,16:00:00,18,15,3,FMN GV 18 Kasterlee
84,Oudemolsedijk,2019-09-11,17:00:00,27,13,14,FMN GV 18 Kasterlee
84,Oudemolsedijk,2019-09-11,18:00:00,9,7,2,FMN GV 18 Kasterlee
84,Oudemolsedijk,2019-09-11,19:00:00,6,5,1,FMN GV 18 Kasterlee
84,Oudemolsedijk,2019-09-11,20:00:00,10,9,1,FMN GV 18 Kasterlee
84,Oudemolsedijk,2019-09-11,21:00:00,4,3,1,FMN GV 18 Kasterlee
84,Oudemolsedijk,2019-09-11,22:00:00,0,0,0,FMN GV 18 Kasterlee
84,Oudemolsedijk,2019-09-11,23:00:00,0,0,0,FMN GV 18 Kasterlee
84,Oudemolsedijk,2019-09-12,00:00:00,0,0,0,FMN GV 18 Kasterlee
84,Oudemolsedijk,2019-09-12,01:00:00,0,0,0,FMN GV 18 Kasterlee
84,Oudemolsedijk,2019-09-12,02:00:00,0,0,0,FMN GV 18 Kasterlee
84,Oudemolsedijk,2019-09-12,03:00:00,0,0,0,FMN GV 18 Kasterlee
84,Oudemolsedijk,2019-09-12,04:00:00,0,0,0,FMN GV 18 Kasterlee
84,Oudemolsedijk,2019-09-12,05:00:00,2,2,0,FMN GV 18 Kasterlee
84,Oudemolsedijk,2019-09-12,06:00:00,13,0,13,FMN GV 18 Kasterlee
84,Oudemolsedijk,2019-09-12,07:00:00,34,21,13,FMN GV 18 Kasterlee
84,Oudemolsedijk,2019-09-12,08:00:00,25,13,12,FMN GV 18 Kasterlee
84,Oudemolsedijk,2019-09-12,09:00:00,26,9,17,FMN GV 18 Kasterlee
84,Oudemolsedijk,2019-09-12,10:00:00,41,24,17,FMN GV 18 Kasterlee
84,Oudemolsedijk,2019-09-12,11:00:00,14,8,6,FMN GV 18 Kasterlee
84,Oudemolsedijk,2019-09-12,12:00:00,33,15,18,FMN GV 18 Kasterlee
84,Oudemolsedijk,2019-09-12,13:00:00,44,19,25,FMN GV 18 Kasterlee
84,Oudemolsedijk,2019-09-12,14:00:00,85,50,35,FMN GV 18 Kasterlee
84,Oudemolsedijk,2019-09-12,15:00:00,62,34,28,FMN GV 18 Kasterlee
84,Oudemolsedijk,2019-09-12,16:00:00,80,57,23,FMN GV 18 Kasterlee
84,Oudemolsedijk,2019-09-12,17:00:00,57,26,31,FMN GV 18 Kasterlee
84,Oudemolsedijk,2019-09-12,18:00:00,48,28,20,FMN GV 18 Kasterlee
84,Oudemolsedijk,2019-09-12,19:00:00,22,8,14,FMN GV 18 Kasterlee
84,Oudemolsedijk,2019-09-12,20:00:00,12,10,2,FMN GV 18 Kasterlee
84,Oudemolsedijk,2019-09-12,21:00:00,3,0,3,FMN GV 18 Kasterlee
84,Oudemolsedijk,2019-09-12,22:00:00,1,1,0,FMN GV 18 Kasterlee
84,Oudemolsedijk,2019-09-12,23:00:00,1,1,0,FMN GV 18 Kasterlee
84,Oudemolsedijk,2019-09-13,00:00:00,0,0,0,FMN GV 18 Kasterlee
84,Oudemolsedijk,2019-09-13,01:00:00,0,0,0,FMN GV 18 Kasterlee
84,Oudemolsedijk,2019-09-13,02:00:00,1,0,1,FMN GV 18 Kasterlee
84,Oudemolsedijk,2019-09-13,03:00:00,0,0,0,FMN GV 18 Kasterlee
84,Oudemolsedijk,2019-09-13,04:00:00,0,0,0,FMN GV 18 Kasterlee
84,Oudemolsedijk,2019-09-13,05:00:00,2,1,1,FMN GV 18 Kasterlee
84,Oudemolsedijk,2019-09-13,06:00:00,9,3,6,FMN GV 18 Kasterlee
84,Oudemolsedijk,2019-09-13,07:00:00,17,13,4,FMN GV 18 Kasterlee
84,Oudemolsedijk,2019-09-13,08:00:00,21,13,8,FMN GV 18 Kasterlee
84,Oudemolsedijk,2019-09-13,09:00:00,4,0,4,FMN GV 18 Kasterlee
84,Oudemolsedijk,2019-09-13,10:00:00,16,12,4,FMN GV 18 Kasterlee
84,Oudemolsedijk,2019-09-13,11:00:00,6,1,5,FMN GV 18 Kasterlee
84,Oudemolsedijk,2019-09-13,12:00:00,20,12,8,FMN GV 18 Kasterlee
84,Oudemolsedijk,2019-09-13,13:00:00,21,7,14,FMN GV 18 Kasterlee
84,Oudemolsedijk,2019-09-13,14:00:00,53,34,19,FMN GV 18 Kasterlee
84,Oudemolsedijk,2019-09-13,15:00:00,51,20,31,FMN GV 18 Kasterlee
84,Oudemolsedijk,2019-09-13,16:00:00,48,25,23,FMN GV 18 Kasterlee
84,Oudemolsedijk,2019-09-13,17:00:00,23,9,14,FMN GV 18 Kasterlee
84,Oudemolsedijk,2019-09-13,18:00:00,29,19,10,FMN GV 18 Kasterlee
84,Oudemolsedijk,2019-09-13,19:00:00,13,9,4,FMN GV 18 Kasterlee
84,Oudemolsedijk,2019-09-13,20:00:00,5,3,2,FMN GV 18 Kasterlee
84,Oudemolsedijk,2019-09-13,21:00:00,0,0,0,FMN GV 18 Kasterlee
84,Oudemolsedijk,2019-09-13,22:00:00,2,0,2,FMN GV 18 Kasterlee
84,Oudemolsedijk,2019-09-13,23:00:00,0,0,0,FMN GV 18 Kasterlee
84,Oudemolsedijk,2019-09-14,00:00:00,2,2,0,FMN GV 18 Kasterlee
84,Oudemolsedijk,2019-09-14,01:00:00,0,0,0,FMN GV 18 Kasterlee
84,Oudemolsedijk,2019-09-14,02:00:00,1,0,1,FMN GV 18 Kasterlee
84,Oudemolsedijk,2019-09-14,03:00:00,0,0,0,FMN GV 18 Kasterlee
84,Oudemolsedijk,2019-09-14,04:00:00,0,0,0,FMN GV 18 Kasterlee
84,Oudemolsedijk,2019-09-14,05:00:00,0,0,0,FMN GV 18 Kasterlee
84,Oudemolsedijk,2019-09-14,06:00:00,2,1,1,FMN GV 18 Kasterlee
84,Oudemolsedijk,2019-09-14,07:00:00,0,0,0,FMN GV 18 Kasterlee
84,Oudemolsedijk,2019-09-14,08:00:00,14,5,9,FMN GV 18 Kasterlee
84,Oudemolsedijk,2019-09-14,09:00:00,25,12,13,FMN GV 18 Kasterlee
84,Oudemolsedijk,2019-09-14,10:00:00,56,15,41,FMN GV 18 Kasterlee
84,Oudemolsedijk,2019-09-14,11:00:00,41,17,24,FMN GV 18 Kasterlee
84,Oudemolsedijk,2019-09-14,12:00:00,54,27,27,FMN GV 18 Kasterlee
84,Oudemolsedijk,2019-09-14,13:00:00,72,36,36,FMN GV 18 Kasterlee
84,Oudemolsedijk,2019-09-14,14:00:00,185,79,106,FMN GV 18 Kasterlee
84,Oudemolsedijk,2019-09-14,15:00:00,161,99,62,FMN GV 18 Kasterlee
84,Oudemolsedijk,2019-09-14,16:00:00,79,44,35,FMN GV 18 Kasterlee
84,Oudemolsedijk,2019-09-14,17:00:00,58,33,25,FMN GV 18 Kasterlee
84,Oudemolsedijk,2019-09-14,18:00:00,15,10,5,FMN GV 18 Kasterlee
84,Oudemolsedijk,2019-09-14,19:00:00,12,2,10,FMN GV 18 Kasterlee
84,Oudemolsedijk,2019-09-14,20:00:00,3,0,3,FMN GV 18 Kasterlee
84,Oudemolsedijk,2019-09-14,21:00:00,3,0,3,FMN GV 18 Kasterlee
84,Oudemolsedijk,2019-09-14,22:00:00,2,1,1,FMN GV 18 Kasterlee
84,Oudemolsedijk,2019-09-14,23:00:00,2,2,0,FMN GV 18 Kasterlee
84,Oudemolsedijk,2019-09-15,00:00:00,1,1,0,FMN GV 18 Kasterlee
84,Oudemolsedijk,2019-09-15,01:00:00,1,0,1,FMN GV 18 Kasterlee
84,Oudemolsedijk,2019-09-15,02:00:00,0,0,0,FMN GV 18 Kasterlee
84,Oudemolsedijk,2019-09-15,03:00:00,1,0,1,FMN GV 18 Kasterlee
84,Oudemolsedijk,2019-09-15,04:00:00,0,0,0,FMN GV 18 Kasterlee
84,Oudemolsedijk,2019-09-15,05:00:00,0,0,0,FMN GV 18 Kasterlee
84,Oudemolsedijk,2019-09-15,06:00:00,2,1,1,FMN GV 18 Kasterlee
84,Oudemolsedijk,2019-09-15,07:00:00,16,9,7,FMN GV 18 Kasterlee
84,Oudemolsedijk,2019-09-15,08:00:00,13,9,4,FMN GV 18 Kasterlee
84,Oudemolsedijk,2019-09-15,09:00:00,55,26,29,FMN GV 18 Kasterlee
84,Oudemolsedijk,2019-09-15,10:00:00,194,71,123,FMN GV 18 Kasterlee
84,Oudemolsedijk,2019-09-15,11:00:00,127,53,74,FMN GV 18 Kasterlee
84,Oudemolsedijk,2019-09-15,12:00:00,54,25,29,FMN GV 18 Kasterlee
84,Oudemolsedijk,2019-09-15,13:00:00,101,47,54,FMN GV 18 Kasterlee
84,Oudemolsedijk,2019-09-15,14:00:00,157,76,81,FMN GV 18 Kasterlee
84,Oudemolsedijk,2019-09-15,15:00:00,177,97,80,FMN GV 18 Kasterlee
84,Oudemolsedijk,2019-09-15,16:00:00,127,59,68,FMN GV 18 Kasterlee
84,Oudemolsedijk,2019-09-15,17:00:00,90,44,46,FMN GV 18 Kasterlee
84,Oudemolsedijk,2019-09-15,18:00:00,64,28,36,FMN GV 18 Kasterlee
84,Oudemolsedijk,2019-09-15,19:00:00,31,21,10,FMN GV 18 Kasterlee
84,Oudemolsedijk,2019-09-15,20:00:00,8,6,2,FMN GV 18 Kasterlee
84,Oudemolsedijk,2019-09-15,21:00:00,1,1,0,FMN GV 18 Kasterlee
84,Oudemolsedijk,2019-09-15,22:00:00,1,1,0,FMN GV 18 Kasterlee
84,Oudemolsedijk,2019-09-15,23:00:00,0,0,0,FMN GV 18 Kasterlee
84,Oudemolsedijk,2019-09-16,00:00:00,0,0,0,FMN GV 18 Kasterlee
84,Oudemolsedijk,2019-09-16,01:00:00,0,0,0,FMN GV 18 Kasterlee
84,Oudemolsedijk,2019-09-16,02:00:00,0,0,0,FMN GV 18 Kasterlee
84,Oudemolsedijk,2019-09-16,03:00:00,1,0,1,FMN GV 18 Kasterlee
84,Oudemolsedijk,2019-09-16,04:00:00,1,1,0,FMN GV 18 Kasterlee
84,Oudemolsedijk,2019-09-16,05:00:00,4,4,0,FMN GV 18 Kasterlee
84,Oudemolsedijk,2019-09-16,06:00:00,11,4,7,FMN GV 18 Kasterlee
84,Oudemolsedijk,2019-09-16,07:00:00,28,16,12,FMN GV 18 Kasterlee
84,Oudemolsedijk,2019-09-16,08:00:00,19,12,7,FMN GV 18 Kasterlee
84,Oudemolsedijk,2019-09-16,09:00:00,12,3,9,FMN GV 18 Kasterlee
84,Oudemolsedijk,2019-09-16,10:00:00,12,5,7,FMN GV 18 Kasterlee
84,Oudemolsedijk,2019-09-16,11:00:00,5,2,3,FMN GV 18 Kasterlee
84,Oudemolsedijk,2019-09-16,12:00:00,19,2,17,FMN GV 18 Kasterlee
84,Oudemolsedijk,2019-09-16,13:00:00,44,13,31,FMN GV 18 Kasterlee
84,Oudemolsedijk,2019-09-16,14:00:00,33,16,17,FMN GV 18 Kasterlee
84,Oudemolsedijk,2019-09-16,15:00:00,20,11,9,FMN GV 18 Kasterlee
84,Oudemolsedijk,2019-09-16,16:00:00,74,17,57,FMN GV 18 Kasterlee
84,Oudemolsedijk,2019-09-16,17:00:00,18,12,6,FMN GV 18 Kasterlee
84,Oudemolsedijk,2019-09-16,18:00:00,10,3,7,FMN GV 18 Kasterlee
84,Oudemolsedijk,2019-09-16,19:00:00,14,2,12,FMN GV 18 Kasterlee
84,Oudemolsedijk,2019-09-16,20:00:00,7,6,1,FMN GV 18 Kasterlee
84,Oudemolsedijk,2019-09-16,21:00:00,2,1,1,FMN GV 18 Kasterlee
84,Oudemolsedijk,2019-09-16,22:00:00,2,1,1,FMN GV 18 Kasterlee
84,Oudemolsedijk,2019-09-16,23:00:00,0,0,0,FMN GV 18 Kasterlee
84,Oudemolsedijk,2019-09-17,00:00:00,0,0,0,FMN GV 18 Kasterlee
84,Oudemolsedijk,2019-09-17,01:00:00,0,0,0,FMN GV 18 Kasterlee
84,Oudemolsedijk,2019-09-17,02:00:00,0,0,0,FMN GV 18 Kasterlee
84,Oudemolsedijk,2019-09-17,03:00:00,0,0,0,FMN GV 18 Kasterlee
84,Oudemolsedijk,2019-09-17,04:00:00,1,1,0,FMN GV 18 Kasterlee
84,Oudemolsedijk,2019-09-17,05:00:00,5,5,0,FMN GV 18 Kasterlee
84,Oudemolsedijk,2019-09-17,06:00:00,12,4,8,FMN GV 18 Kasterlee
84,Oudemolsedijk,2019-09-17,07:00:00,30,15,15,FMN GV 18 Kasterlee
84,Oudemolsedijk,2019-09-17,08:00:00,22,13,9,FMN GV 18 Kasterlee
84,Oudemolsedijk,2019-09-17,09:00:00,20,4,16,FMN GV 18 Kasterlee
84,Oudemolsedijk,2019-09-17,10:00:00,16,10,6,FMN GV 18 Kasterlee
84,Oudemolsedijk,2019-09-17,11:00:00,24,17,7,FMN GV 18 Kasterlee
84,Oudemolsedijk,2019-09-17,12:00:00,21,7,14,FMN GV 18 Kasterlee
84,Oudemolsedijk,2019-09-17,13:00:00,60,22,38,FMN GV 18 Kasterlee
84,Oudemolsedijk,2019-09-17,14:00:00,90,54,36,FMN GV 18 Kasterlee
84,Oudemolsedijk,2019-09-17,15:00:00,45,26,19,FMN GV 18 Kasterlee
84,Oudemolsedijk,2019-09-17,16:00:00,69,50,19,FMN GV 18 Kasterlee
84,Oudemolsedijk,2019-09-17,17:00:00,37,16,21,FMN GV 18 Kasterlee
84,Oudemolsedijk,2019-09-17,18:00:00,18,11,7,FMN GV 18 Kasterlee
84,Oudemolsedijk,2019-09-17,19:00:00,14,10,4,FMN GV 18 Kasterlee
84,Oudemolsedijk,2019-09-17,20:00:00,6,5,1,FMN GV 18 Kasterlee
84,Oudemolsedijk,2019-09-17,21:00:00,0,0,0,FMN GV 18 Kasterlee
84,Oudemolsedijk,2019-09-17,22:00:00,2,0,2,FMN GV 18 Kasterlee
84,Oudemolsedijk,2019-09-17,23:00:00,1,1,0,FMN GV 18 Kasterlee
84,Oudemolsedijk,2019-09-18,00:00:00,0,0,0,FMN GV 18 Kasterlee
84,Oudemolsedijk,2019-09-18,01:00:00,0,0,0,FMN GV 18 Kasterlee
84,Oudemolsedijk,2019-09-18,02:00:00,0,0,0,FMN GV 18 Kasterlee
84,Oudemolsedijk,2019-09-18,03:00:00,0,0,0,FMN GV 18 Kasterlee
84,Oudemolsedijk,2019-09-18,04:00:00,1,1,0,FMN GV 18 Kasterlee
84,Oudemolsedijk,2019-09-18,05:00:00,3,3,0,FMN GV 18 Kasterlee
84,Oudemolsedijk,2019-09-18,06:00:00,11,5,6,FMN GV 18 Kasterlee
84,Oudemolsedijk,2019-09-18,07:00:00,19,7,12,FMN GV 18 Kasterlee
84,Oudemolsedijk,2019-09-18,08:00:00,20,10,10,FMN GV 18 Kasterlee
84,Oudemolsedijk,2019-09-18,09:00:00,10,7,3,FMN GV 18 Kasterlee
84,Oudemolsedijk,2019-09-18,10:00:00,22,12,10,FMN GV 18 Kasterlee
84,Oudemolsedijk,2019-09-18,11:00:00,20,9,11,FMN GV 18 Kasterlee
84,Oudemolsedijk,2019-09-18,12:00:00,40,25,15,FMN GV 18 Kasterlee
84,Oudemolsedijk,2019-09-18,13:00:00,34,16,18,FMN GV 18 Kasterlee
84,Oudemolsedijk,2019-09-18,14:00:00,38,23,15,FMN GV 18 Kasterlee
84,Oudemolsedijk,2019-09-18,15:00:00,38,22,16,FMN GV 18 Kasterlee
84,Oudemolsedijk,2019-09-18,16:00:00,46,34,12,FMN GV 18 Kasterlee
84,Oudemolsedijk,2019-09-18,17:00:00,56,15,41,FMN GV 18 Kasterlee
84,Oudemolsedijk,2019-09-18,18:00:00,17,10,7,FMN GV 18 Kasterlee
84,Oudemolsedijk,2019-09-18,19:00:00,50,20,30,FMN GV 18 Kasterlee
84,Oudemolsedijk,2019-09-18,20:00:00,9,4,5,FMN GV 18 Kasterlee
84,Oudemolsedijk,2019-09-18,21:00:00,3,2,1,FMN GV 18 Kasterlee
84,Oudemolsedijk,2019-09-18,22:00:00,2,0,2,FMN GV 18 Kasterlee
84,Oudemolsedijk,2019-09-18,23:00:00,0,0,0,FMN GV 18 Kasterlee
84,Oudemolsedijk,2019-09-19,00:00:00,0,0,0,FMN GV 18 Kasterlee
84,Oudemolsedijk,2019-09-19,01:00:00,0,0,0,FMN GV 18 Kasterlee
84,Oudemolsedijk,2019-09-19,02:00:00,0,0,0,FMN GV 18 Kasterlee
84,Oudemolsedijk,2019-09-19,03:00:00,0,0,0,FMN GV 18 Kasterlee
84,Oudemolsedijk,2019-09-19,04:00:00,1,1,0,FMN GV 18 Kasterlee
84,Oudemolsedijk,2019-09-19,05:00:00,4,4,0,FMN GV 18 Kasterlee
84,Oudemolsedijk,2019-09-19,06:00:00,16,6,10,FMN GV 18 Kasterlee
84,Oudemolsedijk,2019-09-19,07:00:00,37,18,19,FMN GV 18 Kasterlee
84,Oudemolsedijk,2019-09-19,08:00:00,24,14,10,FMN GV 18 Kasterlee
84,Oudemolsedijk,2019-09-19,09:00:00,12,9,3,FMN GV 18 Kasterlee
84,Oudemolsedijk,2019-09-19,10:00:00,26,9,17,FMN GV 18 Kasterlee
84,Oudemolsedijk,2019-09-19,11:00:00,32,18,14,FMN GV 18 Kasterlee
84,Oudemolsedijk,2019-09-19,12:00:00,23,6,17,FMN GV 18 Kasterlee
84,Oudemolsedijk,2019-09-19,13:00:00,49,19,30,FMN GV 18 Kasterlee
84,Oudemolsedijk,2019-09-19,14:00:00,91,47,44,FMN GV 18 Kasterlee
84,Oudemolsedijk,2019-09-19,15:00:00,79,46,33,FMN GV 18 Kasterlee
84,Oudemolsedijk,2019-09-19,16:00:00,72,51,21,FMN GV 18 Kasterlee
84,Oudemolsedijk,2019-09-19,17:00:00,45,17,28,FMN GV 18 Kasterlee
84,Oudemolsedijk,2019-09-19,18:00:00,20,10,10,FMN GV 18 Kasterlee
84,Oudemolsedijk,2019-09-19,19:00:00,17,12,5,FMN GV 18 Kasterlee
84,Oudemolsedijk,2019-09-19,20:00:00,13,12,1,FMN GV 18 Kasterlee
84,Oudemolsedijk,2019-09-19,21:00:00,1,1,0,FMN GV 18 Kasterlee
84,Oudemolsedijk,2019-09-19,22:00:00,1,0,1,FMN GV 18 Kasterlee
84,Oudemolsedijk,2019-09-19,23:00:00,3,2,1,FMN GV 18 Kasterlee
84,Oudemolsedijk,2019-09-20,00:00:00,0,0,0,FMN GV 18 Kasterlee
84,Oudemolsedijk,2019-09-20,01:00:00,0,0,0,FMN GV 18 Kasterlee
84,Oudemolsedijk,2019-09-20,02:00:00,0,0,0,FMN GV 18 Kasterlee
84,Oudemolsedijk,2019-09-20,03:00:00,0,0,0,FMN GV 18 Kasterlee
84,Oudemolsedijk,2019-09-20,04:00:00,1,1,0,FMN GV 18 Kasterlee
84,Oudemolsedijk,2019-09-20,05:00:00,2,2,0,FMN GV 18 Kasterlee
84,Oudemolsedijk,2019-09-20,06:00:00,11,3,8,FMN GV 18 Kasterlee
84,Oudemolsedijk,2019-09-20,07:00:00,31,16,15,FMN GV 18 Kasterlee
84,Oudemolsedijk,2019-09-20,08:00:00,20,13,7,FMN GV 18 Kasterlee
84,Oudemolsedijk,2019-09-20,09:00:00,13,4,9,FMN GV 18 Kasterlee
84,Oudemolsedijk,2019-09-20,10:00:00,14,8,6,FMN GV 18 Kasterlee
84,Oudemolsedijk,2019-09-20,11:00:00,10,10,0,FMN GV 18 Kasterlee
84,Oudemolsedijk,2019-09-20,12:00:00,12,2,10,FMN GV 18 Kasterlee
84,Oudemolsedijk,2019-09-20,13:00:00,59,25,34,FMN GV 18 Kasterlee
84,Oudemolsedijk,2019-09-20,14:00:00,84,51,33,FMN GV 18 Kasterlee
84,Oudemolsedijk,2019-09-20,15:00:00,65,32,33,FMN GV 18 Kasterlee
84,Oudemolsedijk,2019-09-20,16:00:00,64,30,34,FMN GV 18 Kasterlee
84,Oudemolsedijk,2019-09-20,17:00:00,28,12,16,FMN GV 18 Kasterlee
84,Oudemolsedijk,2019-09-20,18:00:00,22,15,7,FMN GV 18 Kasterlee
84,Oudemolsedijk,2019-09-20,19:00:00,10,5,5,FMN GV 18 Kasterlee
84,Oudemolsedijk,2019-09-20,20:00:00,4,2,2,FMN GV 18 Kasterlee
84,Oudemolsedijk,2019-09-20,21:00:00,0,0,0,FMN GV 18 Kasterlee
84,Oudemolsedijk,2019-09-20,22:00:00,3,2,1,FMN GV 18 Kasterlee
84,Oudemolsedijk,2019-09-20,23:00:00,6,6,0,FMN GV 18 Kasterlee
84,Oudemolsedijk,2019-09-21,00:00:00,0,0,0,FMN GV 18 Kasterlee
84,Oudemolsedijk,2019-09-21,01:00:00,0,0,0,FMN GV 18 Kasterlee
84,Oudemolsedijk,2019-09-21,02:00:00,0,0,0,FMN GV 18 Kasterlee
84,Oudemolsedijk,2019-09-21,03:00:00,1,0,1,FMN GV 18 Kasterlee
84,Oudemolsedijk,2019-09-21,04:00:00,1,0,1,FMN GV 18 Kasterlee
84,Oudemolsedijk,2019-09-21,05:00:00,1,1,0,FMN GV 18 Kasterlee
84,Oudemolsedijk,2019-09-21,06:00:00,4,2,2,FMN GV 18 Kasterlee
84,Oudemolsedijk,2019-09-21,07:00:00,2,2,0,FMN GV 18 Kasterlee
84,Oudemolsedijk,2019-09-21,08:00:00,15,2,13,FMN GV 18 Kasterlee
84,Oudemolsedijk,2019-09-21,09:00:00,20,13,7,FMN GV 18 Kasterlee
84,Oudemolsedijk,2019-09-21,10:00:00,47,22,25,FMN GV 18 Kasterlee
84,Oudemolsedijk,2019-09-21,11:00:00,41,16,25,FMN GV 18 Kasterlee
84,Oudemolsedijk,2019-09-21,12:00:00,58,34,24,FMN GV 18 Kasterlee
84,Oudemolsedijk,2019-09-21,13:00:00,98,50,48,FMN GV 18 Kasterlee
84,Oudemolsedijk,2019-09-21,14:00:00,147,73,74,FMN GV 18 Kasterlee
84,Oudemolsedijk,2019-09-21,15:00:00,112,68,44,FMN GV 18 Kasterlee
84,Oudemolsedijk,2019-09-21,16:00:00,93,43,50,FMN GV 18 Kasterlee
84,Oudemolsedijk,2019-09-21,17:00:00,44,21,23,FMN GV 18 Kasterlee
84,Oudemolsedijk,2019-09-21,18:00:00,58,45,13,FMN GV 18 Kasterlee
84,Oudemolsedijk,2019-09-21,19:00:00,17,8,9,FMN GV 18 Kasterlee
84,Oudemolsedijk,2019-09-21,20:00:00,6,3,3,FMN GV 18 Kasterlee
84,Oudemolsedijk,2019-09-21,21:00:00,0,0,0,FMN GV 18 Kasterlee
84,Oudemolsedijk,2019-09-21,22:00:00,4,3,1,FMN GV 18 Kasterlee
84,Oudemolsedijk,2019-09-21,23:00:00,0,0,0,FMN GV 18 Kasterlee
84,Oudemolsedijk,2019-09-22,00:00:00,4,0,4,FMN GV 18 Kasterlee
84,Oudemolsedijk,2019-09-22,01:00:00,0,0,0,FMN GV 18 Kasterlee
84,Oudemolsedijk,2019-09-22,02:00:00,0,0,0,FMN GV 18 Kasterlee
84,Oudemolsedijk,2019-09-22,03:00:00,1,1,0,FMN GV 18 Kasterlee
84,Oudemolsedijk,2019-09-22,04:00:00,0,0,0,FMN GV 18 Kasterlee
84,Oudemolsedijk,2019-09-22,05:00:00,1,0,1,FMN GV 18 Kasterlee
84,Oudemolsedijk,2019-09-22,06:00:00,1,0,1,FMN GV 18 Kasterlee
84,Oudemolsedijk,2019-09-22,07:00:00,17,1,16,FMN GV 18 Kasterlee
84,Oudemolsedijk,2019-09-22,08:00:00,37,11,26,FMN GV 18 Kasterlee
84,Oudemolsedijk,2019-09-22,09:00:00,59,24,35,FMN GV 18 Kasterlee
84,Oudemolsedijk,2019-09-22,10:00:00,170,102,68,FMN GV 18 Kasterlee
84,Oudemolsedijk,2019-09-22,11:00:00,154,99,55,FMN GV 18 Kasterlee
84,Oudemolsedijk,2019-09-22,12:00:00,88,33,55,FMN GV 18 Kasterlee
84,Oudemolsedijk,2019-09-22,13:00:00,99,47,52,FMN GV 18 Kasterlee
84,Oudemolsedijk,2019-09-22,14:00:00,170,93,77,FMN GV 18 Kasterlee
84,Oudemolsedijk,2019-09-22,15:00:00,130,53,77,FMN GV 18 Kasterlee
84,Oudemolsedijk,2019-09-22,16:00:00,100,55,45,FMN GV 18 Kasterlee
84,Oudemolsedijk,2019-09-22,17:00:00,70,39,31,FMN GV 18 Kasterlee
84,Oudemolsedijk,2019-09-22,18:00:00,22,11,11,FMN GV 18 Kasterlee
84,Oudemolsedijk,2019-09-22,19:00:00,10,7,3,FMN GV 18 Kasterlee
84,Oudemolsedijk,2019-09-22,20:00:00,0,0,0,FMN GV 18 Kasterlee
84,Oudemolsedijk,2019-09-22,21:00:00,3,0,3,FMN GV 18 Kasterlee
84,Oudemolsedijk,2019-09-22,22:00:00,2,0,2,FMN GV 18 Kasterlee
84,Oudemolsedijk,2019-09-22,23:00:00,0,0,0,FMN GV 18 Kasterlee
84,Oudemolsedijk,2019-09-23,00:00:00,0,0,0,FMN GV 18 Kasterlee
84,Oudemolsedijk,2019-09-23,01:00:00,0,0,0,FMN GV 18 Kasterlee
84,Oudemolsedijk,2019-09-23,02:00:00,0,0,0,FMN GV 18 Kasterlee
84,Oudemolsedijk,2019-09-23,03:00:00,0,0,0,FMN GV 18 Kasterlee
84,Oudemolsedijk,2019-09-23,04:00:00,0,0,0,FMN GV 18 Kasterlee
84,Oudemolsedijk,2019-09-23,05:00:00,2,2,0,FMN GV 18 Kasterlee
84,Oudemolsedijk,2019-09-23,06:00:00,13,4,9,FMN GV 18 Kasterlee
84,Oudemolsedijk,2019-09-23,07:00:00,24,15,9,FMN GV 18 Kasterlee
84,Oudemolsedijk,2019-09-23,08:00:00,17,14,3,FMN GV 18 Kasterlee
84,Oudemolsedijk,2019-09-23,09:00:00,18,6,12,FMN GV 18 Kasterlee
84,Oudemolsedijk,2019-09-23,10:00:00,14,6,8,FMN GV 18 Kasterlee
84,Oudemolsedijk,2019-09-23,11:00:00,21,9,12,FMN GV 18 Kasterlee
84,Oudemolsedijk,2019-09-23,12:00:00,17,14,3,FMN GV 18 Kasterlee
84,Oudemolsedijk,2019-09-23,13:00:00,18,7,11,FMN GV 18 Kasterlee
84,Oudemolsedijk,2019-09-23,14:00:00,26,14,12,FMN GV 18 Kasterlee
84,Oudemolsedijk,2019-09-23,15:00:00,28,15,13,FMN GV 18 Kasterlee
84,Oudemolsedijk,2019-09-23,16:00:00,50,29,21,FMN GV 18 Kasterlee
84,Oudemolsedijk,2019-09-23,17:00:00,23,7,16,FMN GV 18 Kasterlee
84,Oudemolsedijk,2019-09-23,18:00:00,12,6,6,FMN GV 18 Kasterlee
84,Oudemolsedijk,2019-09-23,19:00:00,10,5,5,FMN GV 18 Kasterlee
84,Oudemolsedijk,2019-09-23,20:00:00,1,1,0,FMN GV 18 Kasterlee
84,Oudemolsedijk,2019-09-23,21:00:00,2,0,2,FMN GV 18 Kasterlee
84,Oudemolsedijk,2019-09-23,22:00:00,1,1,0,FMN GV 18 Kasterlee
84,Oudemolsedijk,2019-09-23,23:00:00,0,0,0,FMN GV 18 Kasterlee
84,Oudemolsedijk,2019-09-24,00:00:00,0,0,0,FMN GV 18 Kasterlee
84,Oudemolsedijk,2019-09-24,01:00:00,0,0,0,FMN GV 18 Kasterlee
84,Oudemolsedijk,2019-09-24,02:00:00,0,0,0,FMN GV 18 Kasterlee
84,Oudemolsedijk,2019-09-24,03:00:00,0,0,0,FMN GV 18 Kasterlee
84,Oudemolsedijk,2019-09-24,04:00:00,0,0,0,FMN GV 18 Kasterlee
84,Oudemolsedijk,2019-09-24,05:00:00,5,3,2,FMN GV 18 Kasterlee
84,Oudemolsedijk,2019-09-24,06:00:00,15,6,9,FMN GV 18 Kasterlee
84,Oudemolsedijk,2019-09-24,07:00:00,20,10,10,FMN GV 18 Kasterlee
84,Oudemolsedijk,2019-09-24,08:00:00,24,11,13,FMN GV 18 Kasterlee
84,Oudemolsedijk,2019-09-24,09:00:00,8,3,5,FMN GV 18 Kasterlee
84,Oudemolsedijk,2019-09-24,10:00:00,14,5,9,FMN GV 18 Kasterlee
84,Oudemolsedijk,2019-09-24,11:00:00,16,12,4,FMN GV 18 Kasterlee
84,Oudemolsedijk,2019-09-24,12:00:00,8,5,3,FMN GV 18 Kasterlee
84,Oudemolsedijk,2019-09-24,13:00:00,42,20,22,FMN GV 18 Kasterlee
84,Oudemolsedijk,2019-09-24,14:00:00,8,7,1,FMN GV 18 Kasterlee
84,Oudemolsedijk,2019-09-24,15:00:00,22,15,7,FMN GV 18 Kasterlee
84,Oudemolsedijk,2019-09-24,16:00:00,21,14,7,FMN GV 18 Kasterlee
84,Oudemolsedijk,2019-09-24,17:00:00,24,11,13,FMN GV 18 Kasterlee
84,Oudemolsedijk,2019-09-24,18:00:00,7,5,2,FMN GV 18 Kasterlee
84,Oudemolsedijk,2019-09-24,19:00:00,2,0,2,FMN GV 18 Kasterlee
84,Oudemolsedijk,2019-09-24,20:00:00,2,0,2,FMN GV 18 Kasterlee
84,Oudemolsedijk,2019-09-24,21:00:00,2,0,2,FMN GV 18 Kasterlee
84,Oudemolsedijk,2019-09-24,22:00:00,0,0,0,FMN GV 18 Kasterlee
84,Oudemolsedijk,2019-09-24,23:00:00,2,2,0,FMN GV 18 Kasterlee
84,Oudemolsedijk,2019-09-25,00:00:00,0,0,0,FMN GV 18 Kasterlee
84,Oudemolsedijk,2019-09-25,01:00:00,0,0,0,FMN GV 18 Kasterlee
84,Oudemolsedijk,2019-09-25,02:00:00,0,0,0,FMN GV 18 Kasterlee
84,Oudemolsedijk,2019-09-25,03:00:00,0,0,0,FMN GV 18 Kasterlee
84,Oudemolsedijk,2019-09-25,04:00:00,0,0,0,FMN GV 18 Kasterlee
84,Oudemolsedijk,2019-09-25,05:00:00,3,2,1,FMN GV 18 Kasterlee
84,Oudemolsedijk,2019-09-25,06:00:00,8,1,7,FMN GV 18 Kasterlee
84,Oudemolsedijk,2019-09-25,07:00:00,10,5,5,FMN GV 18 Kasterlee
84,Oudemolsedijk,2019-09-25,08:00:00,10,7,3,FMN GV 18 Kasterlee
84,Oudemolsedijk,2019-09-25,09:00:00,4,2,2,FMN GV 18 Kasterlee
84,Oudemolsedijk,2019-09-25,10:00:00,26,7,19,FMN GV 18 Kasterlee
84,Oudemolsedijk,2019-09-25,11:00:00,6,4,2,FMN GV 18 Kasterlee
84,Oudemolsedijk,2019-09-25,12:00:00,10,5,5,FMN GV 18 Kasterlee
84,Oudemolsedijk,2019-09-25,13:00:00,13,5,8,FMN GV 18 Kasterlee
84,Oudemolsedijk,2019-09-25,14:00:00,15,8,7,FMN GV 18 Kasterlee
84,Oudemolsedijk,2019-09-25,15:00:00,12,5,7,FMN GV 18 Kasterlee
84,Oudemolsedijk,2019-09-25,16:00:00,16,12,4,FMN GV 18 Kasterlee
84,Oudemolsedijk,2019-09-25,17:00:00,13,7,6,FMN GV 18 Kasterlee
84,Oudemolsedijk,2019-09-25,18:00:00,7,6,1,FMN GV 18 Kasterlee
84,Oudemolsedijk,2019-09-25,19:00:00,1,1,0,FMN GV 18 Kasterlee
84,Oudemolsedijk,2019-09-25,20:00:00,3,3,0,FMN GV 18 Kasterlee
84,Oudemolsedijk,2019-09-25,21:00:00,3,1,2,FMN GV 18 Kasterlee
84,Oudemolsedijk,2019-09-25,22:00:00,3,2,1,FMN GV 18 Kasterlee
84,Oudemolsedijk,2019-09-25,23:00:00,0,0,0,FMN GV 18 Kasterlee
84,Oudemolsedijk,2019-09-26,00:00:00,0,0,0,FMN GV 18 Kasterlee
84,Oudemolsedijk,2019-09-26,01:00:00,0,0,0,FMN GV 18 Kasterlee
84,Oudemolsedijk,2019-09-26,02:00:00,0,0,0,FMN GV 18 Kasterlee
84,Oudemolsedijk,2019-09-26,03:00:00,0,0,0,FMN GV 18 Kasterlee
84,Oudemolsedijk,2019-09-26,04:00:00,0,0,0,FMN GV 18 Kasterlee
84,Oudemolsedijk,2019-09-26,05:00:00,4,3,1,FMN GV 18 Kasterlee
84,Oudemolsedijk,2019-09-26,06:00:00,8,3,5,FMN GV 18 Kasterlee
84,Oudemolsedijk,2019-09-26,07:00:00,15,7,8,FMN GV 18 Kasterlee
84,Oudemolsedijk,2019-09-26,08:00:00,13,5,8,FMN GV 18 Kasterlee
84,Oudemolsedijk,2019-09-26,09:00:00,15,6,9,FMN GV 18 Kasterlee
84,Oudemolsedijk,2019-09-26,10:00:00,6,2,4,FMN GV 18 Kasterlee
84,Oudemolsedijk,2019-09-26,11:00:00,7,4,3,FMN GV 18 Kasterlee
84,Oudemolsedijk,2019-09-26,12:00:00,3,2,1,FMN GV 18 Kasterlee
84,Oudemolsedijk,2019-09-26,13:00:00,7,1,6,FMN GV 18 Kasterlee
84,Oudemolsedijk,2019-09-26,14:00:00,7,4,3,FMN GV 18 Kasterlee
84,Oudemolsedijk,2019-09-26,15:00:00,15,12,3,FMN GV 18 Kasterlee
84,Oudemolsedijk,2019-09-26,16:00:00,20,12,8,FMN GV 18 Kasterlee
84,Oudemolsedijk,2019-09-26,17:00:00,20,11,9,FMN GV 18 Kasterlee
84,Oudemolsedijk,2019-09-26,18:00:00,20,16,4,FMN GV 18 Kasterlee
84,Oudemolsedijk,2019-09-26,19:00:00,2,1,1,FMN GV 18 Kasterlee
84,Oudemolsedijk,2019-09-26,20:00:00,1,0,1,FMN GV 18 Kasterlee
84,Oudemolsedijk,2019-09-26,21:00:00,2,2,0,FMN GV 18 Kasterlee
84,Oudemolsedijk,2019-09-26,22:00:00,0,0,0,FMN GV 18 Kasterlee
84,Oudemolsedijk,2019-09-26,23:00:00,0,0,0,FMN GV 18 Kasterlee
84,Oudemolsedijk,2019-09-27,00:00:00,0,0,0,FMN GV 18 Kasterlee
84,Oudemolsedijk,2019-09-27,01:00:00,0,0,0,FMN GV 18 Kasterlee
84,Oudemolsedijk,2019-09-27,02:00:00,0,0,0,FMN GV 18 Kasterlee
84,Oudemolsedijk,2019-09-27,03:00:00,0,0,0,FMN GV 18 Kasterlee
84,Oudemolsedijk,2019-09-27,04:00:00,0,0,0,FMN GV 18 Kasterlee
84,Oudemolsedijk,2019-09-27,05:00:00,3,1,2,FMN GV 18 Kasterlee
84,Oudemolsedijk,2019-09-27,06:00:00,10,3,7,FMN GV 18 Kasterlee
84,Oudemolsedijk,2019-09-27,07:00:00,21,12,9,FMN GV 18 Kasterlee
84,Oudemolsedijk,2019-09-27,08:00:00,18,11,7,FMN GV 18 Kasterlee
84,Oudemolsedijk,2019-09-27,09:00:00,11,5,6,FMN GV 18 Kasterlee
84,Oudemolsedijk,2019-09-27,10:00:00,18,10,8,FMN GV 18 Kasterlee
84,Oudemolsedijk,2019-09-27,11:00:00,16,8,8,FMN GV 18 Kasterlee
84,Oudemolsedijk,2019-09-27,12:00:00,12,7,5,FMN GV 18 Kasterlee
84,Oudemolsedijk,2019-09-27,13:00:00,22,11,11,FMN GV 18 Kasterlee
84,Oudemolsedijk,2019-09-27,14:00:00,65,36,29,FMN GV 18 Kasterlee
84,Oudemolsedijk,2019-09-27,15:00:00,36,17,19,FMN GV 18 Kasterlee
84,Oudemolsedijk,2019-09-27,16:00:00,40,23,17,FMN GV 18 Kasterlee
84,Oudemolsedijk,2019-09-27,17:00:00,21,9,12,FMN GV 18 Kasterlee
84,Oudemolsedijk,2019-09-27,18:00:00,11,7,4,FMN GV 18 Kasterlee
84,Oudemolsedijk,2019-09-27,19:00:00,5,5,0,FMN GV 18 Kasterlee
84,Oudemolsedijk,2019-09-27,20:00:00,3,2,1,FMN GV 18 Kasterlee
84,Oudemolsedijk,2019-09-27,21:00:00,0,0,0,FMN GV 18 Kasterlee
84,Oudemolsedijk,2019-09-27,22:00:00,2,1,1,FMN GV 18 Kasterlee
84,Oudemolsedijk,2019-09-27,23:00:00,2,2,0,FMN GV 18 Kasterlee
84,Oudemolsedijk,2019-09-28,00:00:00,2,2,0,FMN GV 18 Kasterlee
84,Oudemolsedijk,2019-09-28,01:00:00,0,0,0,FMN GV 18 Kasterlee
84,Oudemolsedijk,2019-09-28,02:00:00,1,0,1,FMN GV 18 Kasterlee
84,Oudemolsedijk,2019-09-28,03:00:00,2,0,2,FMN GV 18 Kasterlee
84,Oudemolsedijk,2019-09-28,04:00:00,0,0,0,FMN GV 18 Kasterlee
84,Oudemolsedijk,2019-09-28,05:00:00,1,0,1,FMN GV 18 Kasterlee
84,Oudemolsedijk,2019-09-28,06:00:00,0,0,0,FMN GV 18 Kasterlee
84,Oudemolsedijk,2019-09-28,07:00:00,0,0,0,FMN GV 18 Kasterlee
84,Oudemolsedijk,2019-09-28,08:00:00,15,7,8,FMN GV 18 Kasterlee
84,Oudemolsedijk,2019-09-28,09:00:00,7,2,5,FMN GV 18 Kasterlee
84,Oudemolsedijk,2019-09-28,10:00:00,27,14,13,FMN GV 18 Kasterlee
84,Oudemolsedijk,2019-09-28,11:00:00,22,15,7,FMN GV 18 Kasterlee
84,Oudemolsedijk,2019-09-28,12:00:00,45,7,38,FMN GV 18 Kasterlee
84,Oudemolsedijk,2019-09-28,13:00:00,7,4,3,FMN GV 18 Kasterlee
84,Oudemolsedijk,2019-09-28,14:00:00,15,5,10,FMN GV 18 Kasterlee
84,Oudemolsedijk,2019-09-28,15:00:00,21,8,13,FMN GV 18 Kasterlee
84,Oudemolsedijk,2019-09-28,16:00:00,19,16,3,FMN GV 18 Kasterlee
84,Oudemolsedijk,2019-09-28,17:00:00,4,2,2,FMN GV 18 Kasterlee
84,Oudemolsedijk,2019-09-28,18:00:00,18,3,15,FMN GV 18 Kasterlee
84,Oudemolsedijk,2019-09-28,19:00:00,2,1,1,FMN GV 18 Kasterlee
84,Oudemolsedijk,2019-09-28,20:00:00,0,0,0,FMN GV 18 Kasterlee
84,Oudemolsedijk,2019-09-28,21:00:00,0,0,0,FMN GV 18 Kasterlee
84,Oudemolsedijk,2019-09-28,22:00:00,0,0,0,FMN GV 18 Kasterlee
84,Oudemolsedijk,2019-09-28,23:00:00,0,0,0,FMN GV 18 Kasterlee
84,Oudemolsedijk,2019-09-29,00:00:00,0,0,0,FMN GV 18 Kasterlee
84,Oudemolsedijk,2019-09-29,01:00:00,0,0,0,FMN GV 18 Kasterlee
84,Oudemolsedijk,2019-09-29,02:00:00,2,1,1,FMN GV 18 Kasterlee
84,Oudemolsedijk,2019-09-29,03:00:00,0,0,0,FMN GV 18 Kasterlee
84,Oudemolsedijk,2019-09-29,04:00:00,0,0,0,FMN GV 18 Kasterlee
84,Oudemolsedijk,2019-09-29,05:00:00,1,0,1,FMN GV 18 Kasterlee
84,Oudemolsedijk,2019-09-29,06:00:00,1,1,0,FMN GV 18 Kasterlee
84,Oudemolsedijk,2019-09-29,07:00:00,2,0,2,FMN GV 18 Kasterlee
84,Oudemolsedijk,2019-09-29,08:00:00,20,6,14,FMN GV 18 Kasterlee
84,Oudemolsedijk,2019-09-29,09:00:00,22,6,16,FMN GV 18 Kasterlee
84,Oudemolsedijk,2019-09-29,10:00:00,44,34,10,FMN GV 18 Kasterlee
84,Oudemolsedijk,2019-09-29,11:00:00,20,9,11,FMN GV 18 Kasterlee
84,Oudemolsedijk,2019-09-29,12:00:00,9,6,3,FMN GV 18 Kasterlee
84,Oudemolsedijk,2019-09-29,13:00:00,11,11,0,FMN GV 18 Kasterlee
84,Oudemolsedijk,2019-09-29,14:00:00,4,0,4,FMN GV 18 Kasterlee
84,Oudemolsedijk,2019-09-29,15:00:00,1,0,1,FMN GV 18 Kasterlee
84,Oudemolsedijk,2019-09-29,16:00:00,0,0,0,FMN GV 18 Kasterlee
84,Oudemolsedijk,2019-09-29,17:00:00,3,3,0,FMN GV 18 Kasterlee
84,Oudemolsedijk,2019-09-29,18:00:00,0,0,0,FMN GV 18 Kasterlee
84,Oudemolsedijk,2019-09-29,19:00:00,2,1,1,FMN GV 18 Kasterlee
84,Oudemolsedijk,2019-09-29,20:00:00,1,1,0,FMN GV 18 Kasterlee
84,Oudemolsedijk,2019-09-29,21:00:00,0,0,0,FMN GV 18 Kasterlee
84,Oudemolsedijk,2019-09-29,22:00:00,0,0,0,FMN GV 18 Kasterlee
84,Oudemolsedijk,2019-09-29,23:00:00,0,0,0,FMN GV 18 Kasterlee
84,Oudemolsedijk,2019-09-30,00:00:00,0,0,0,FMN GV 18 Kasterlee
84,Oudemolsedijk,2019-09-30,01:00:00,0,0,0,FMN GV 18 Kasterlee
84,Oudemolsedijk,2019-09-30,02:00:00,0,0,0,FMN GV 18 Kasterlee
84,Oudemolsedijk,2019-09-30,03:00:00,1,0,1,FMN GV 18 Kasterlee
84,Oudemolsedijk,2019-09-30,04:00:00,1,1,0,FMN GV 18 Kasterlee
84,Oudemolsedijk,2019-09-30,05:00:00,2,2,0,FMN GV 18 Kasterlee
84,Oudemolsedijk,2019-09-30,06:00:00,10,3,7,FMN GV 18 Kasterlee
84,Oudemolsedijk,2019-09-30,07:00:00,22,10,12,FMN GV 18 Kasterlee
84,Oudemolsedijk,2019-09-30,08:00:00,17,12,5,FMN GV 18 Kasterlee
84,Oudemolsedijk,2019-09-30,09:00:00,14,5,9,FMN GV 18 Kasterlee
84,Oudemolsedijk,2019-09-30,10:00:00,19,9,10,FMN GV 18 Kasterlee
84,Oudemolsedijk,2019-09-30,11:00:00,14,11,3,FMN GV 18 Kasterlee
84,Oudemolsedijk,2019-09-30,12:00:00,15,7,8,FMN GV 18 Kasterlee
84,Oudemolsedijk,2019-09-30,13:00:00,34,7,27,FMN GV 18 Kasterlee
84,Oudemolsedijk,2019-09-30,14:00:00,65,21,44,FMN GV 18 Kasterlee
84,Oudemolsedijk,2019-09-30,15:00:00,54,41,13,FMN GV 18 Kasterlee
84,Oudemolsedijk,2019-09-30,16:00:00,47,24,23,FMN GV 18 Kasterlee
84,Oudemolsedijk,2019-09-30,17:00:00,26,15,11,FMN GV 18 Kasterlee
84,Oudemolsedijk,2019-09-30,18:00:00,20,12,8,FMN GV 18 Kasterlee
84,Oudemolsedijk,2019-09-30,19:00:00,9,9,0,FMN GV 18 Kasterlee
84,Oudemolsedijk,2019-09-30,20:00:00,0,0,0,FMN GV 18 Kasterlee
84,Oudemolsedijk,2019-09-30,21:00:00,1,1,0,FMN GV 18 Kasterlee
84,Oudemolsedijk,2019-09-30,22:00:00,0,0,0,FMN GV 18 Kasterlee
84,Oudemolsedijk,2019-09-30,23:00:00,0,0,0,FMN GV 18 Kasterlee
84,Oudemolsedijk,2019-10-01,00:00:00,0,0,0,FMN GV 18 Kasterlee
84,Oudemolsedijk,2019-10-01,01:00:00,0,0,0,FMN GV 18 Kasterlee
84,Oudemolsedijk,2019-10-01,02:00:00,0,0,0,FMN GV 18 Kasterlee
84,Oudemolsedijk,2019-10-01,03:00:00,0,0,0,FMN GV 18 Kasterlee
84,Oudemolsedijk,2019-10-01,04:00:00,1,1,0,FMN GV 18 Kasterlee
84,Oudemolsedijk,2019-10-01,05:00:00,5,2,3,FMN GV 18 Kasterlee
84,Oudemolsedijk,2019-10-01,06:00:00,5,0,5,FMN GV 18 Kasterlee
84,Oudemolsedijk,2019-10-01,07:00:00,9,7,2,FMN GV 18 Kasterlee
84,Oudemolsedijk,2019-10-01,08:00:00,40,17,23,FMN GV 18 Kasterlee
84,Oudemolsedijk,2019-10-01,09:00:00,4,1,3,FMN GV 18 Kasterlee
84,Oudemolsedijk,2019-10-01,10:00:00,4,1,3,FMN GV 18 Kasterlee
84,Oudemolsedijk,2019-10-01,11:00:00,3,2,1,FMN GV 18 Kasterlee
84,Oudemolsedijk,2019-10-01,12:00:00,2,2,0,FMN GV 18 Kasterlee
84,Oudemolsedijk,2019-10-01,13:00:00,5,4,1,FMN GV 18 Kasterlee
84,Oudemolsedijk,2019-10-01,14:00:00,12,6,6,FMN GV 18 Kasterlee
84,Oudemolsedijk,2019-10-01,15:00:00,11,7,4,FMN GV 18 Kasterlee
84,Oudemolsedijk,2019-10-01,16:00:00,14,8,6,FMN GV 18 Kasterlee
84,Oudemolsedijk,2019-10-01,17:00:00,16,10,6,FMN GV 18 Kasterlee
84,Oudemolsedijk,2019-10-01,18:00:00,21,9,12,FMN GV 18 Kasterlee
84,Oudemolsedijk,2019-10-01,19:00:00,6,2,4,FMN GV 18 Kasterlee
84,Oudemolsedijk,2019-10-01,20:00:00,3,2,1,FMN GV 18 Kasterlee
84,Oudemolsedijk,2019-10-01,21:00:00,1,1,0,FMN GV 18 Kasterlee
84,Oudemolsedijk,2019-10-01,22:00:00,0,0,0,FMN GV 18 Kasterlee
84,Oudemolsedijk,2019-10-01,23:00:00,1,1,0,FMN GV 18 Kasterlee
84,Oudemolsedijk,2019-10-02,00:00:00,0,0,0,FMN GV 18 Kasterlee
84,Oudemolsedijk,2019-10-02,01:00:00,0,0,0,FMN GV 18 Kasterlee
84,Oudemolsedijk,2019-10-02,02:00:00,1,0,1,FMN GV 18 Kasterlee
84,Oudemolsedijk,2019-10-02,03:00:00,0,0,0,FMN GV 18 Kasterlee
84,Oudemolsedijk,2019-10-02,04:00:00,1,1,0,FMN GV 18 Kasterlee
84,Oudemolsedijk,2019-10-02,05:00:00,3,2,1,FMN GV 18 Kasterlee
84,Oudemolsedijk,2019-10-02,06:00:00,14,5,9,FMN GV 18 Kasterlee
84,Oudemolsedijk,2019-10-02,07:00:00,15,6,9,FMN GV 18 Kasterlee
84,Oudemolsedijk,2019-10-02,08:00:00,25,14,11,FMN GV 18 Kasterlee
84,Oudemolsedijk,2019-10-02,09:00:00,12,7,5,FMN GV 18 Kasterlee
84,Oudemolsedijk,2019-10-02,10:00:00,37,30,7,FMN GV 18 Kasterlee
84,Oudemolsedijk,2019-10-02,11:00:00,8,6,2,FMN GV 18 Kasterlee
84,Oudemolsedijk,2019-10-02,12:00:00,28,13,15,FMN GV 18 Kasterlee
84,Oudemolsedijk,2019-10-02,13:00:00,19,15,4,FMN GV 18 Kasterlee
84,Oudemolsedijk,2019-10-02,14:00:00,25,14,11,FMN GV 18 Kasterlee
84,Oudemolsedijk,2019-10-02,15:00:00,14,10,4,FMN GV 18 Kasterlee
84,Oudemolsedijk,2019-10-02,16:00:00,20,16,4,FMN GV 18 Kasterlee
84,Oudemolsedijk,2019-10-02,17:00:00,24,12,12,FMN GV 18 Kasterlee
84,Oudemolsedijk,2019-10-02,18:00:00,13,7,6,FMN GV 18 Kasterlee
84,Oudemolsedijk,2019-10-02,19:00:00,12,12,0,FMN GV 18 Kasterlee
84,Oudemolsedijk,2019-10-02,20:00:00,13,6,7,FMN GV 18 Kasterlee
84,Oudemolsedijk,2019-10-02,21:00:00,1,1,0,FMN GV 18 Kasterlee
84,Oudemolsedijk,2019-10-02,22:00:00,0,0,0,FMN GV 18 Kasterlee
84,Oudemolsedijk,2019-10-02,23:00:00,0,0,0,FMN GV 18 Kasterlee
84,Oudemolsedijk,2019-10-03,00:00:00,0,0,0,FMN GV 18 Kasterlee
84,Oudemolsedijk,2019-10-03,01:00:00,0,0,0,FMN GV 18 Kasterlee
84,Oudemolsedijk,2019-10-03,02:00:00,0,0,0,FMN GV 18 Kasterlee
84,Oudemolsedijk,2019-10-03,03:00:00,0,0,0,FMN GV 18 Kasterlee
84,Oudemolsedijk,2019-10-03,04:00:00,1,1,0,FMN GV 18 Kasterlee
84,Oudemolsedijk,2019-10-03,05:00:00,3,2,1,FMN GV 18 Kasterlee
84,Oudemolsedijk,2019-10-03,06:00:00,7,3,4,FMN GV 18 Kasterlee
84,Oudemolsedijk,2019-10-03,07:00:00,9,4,5,FMN GV 18 Kasterlee
84,Oudemolsedijk,2019-10-03,08:00:00,14,8,6,FMN GV 18 Kasterlee
84,Oudemolsedijk,2019-10-03,09:00:00,10,2,8,FMN GV 18 Kasterlee
84,Oudemolsedijk,2019-10-03,10:00:00,34,29,5,FMN GV 18 Kasterlee
84,Oudemolsedijk,2019-10-03,11:00:00,9,6,3,FMN GV 18 Kasterlee
84,Oudemolsedijk,2019-10-03,12:00:00,12,4,8,FMN GV 18 Kasterlee
84,Oudemolsedijk,2019-10-03,13:00:00,7,5,2,FMN GV 18 Kasterlee
84,Oudemolsedijk,2019-10-03,14:00:00,30,20,10,FMN GV 18 Kasterlee
84,Oudemolsedijk,2019-10-03,15:00:00,21,12,9,FMN GV 18 Kasterlee
84,Oudemolsedijk,2019-10-03,16:00:00,26,19,7,FMN GV 18 Kasterlee
84,Oudemolsedijk,2019-10-03,17:00:00,17,11,6,FMN GV 18 Kasterlee
84,Oudemolsedijk,2019-10-03,18:00:00,9,8,1,FMN GV 18 Kasterlee
84,Oudemolsedijk,2019-10-03,19:00:00,3,3,0,FMN GV 18 Kasterlee
84,Oudemolsedijk,2019-10-03,20:00:00,2,1,1,FMN GV 18 Kasterlee
84,Oudemolsedijk,2019-10-03,21:00:00,1,1,0,FMN GV 18 Kasterlee
84,Oudemolsedijk,2019-10-03,22:00:00,2,2,0,FMN GV 18 Kasterlee
84,Oudemolsedijk,2019-10-03,23:00:00,6,6,0,FMN GV 18 Kasterlee
84,Oudemolsedijk,2019-10-04,00:00:00,0,0,0,FMN GV 18 Kasterlee
84,Oudemolsedijk,2019-10-04,01:00:00,4,0,4,FMN GV 18 Kasterlee
84,Oudemolsedijk,2019-10-04,02:00:00,0,0,0,FMN GV 18 Kasterlee
84,Oudemolsedijk,2019-10-04,03:00:00,0,0,0,FMN GV 18 Kasterlee
84,Oudemolsedijk,2019-10-04,04:00:00,1,1,0,FMN GV 18 Kasterlee
84,Oudemolsedijk,2019-10-04,05:00:00,2,1,1,FMN GV 18 Kasterlee
84,Oudemolsedijk,2019-10-04,06:00:00,5,2,3,FMN GV 18 Kasterlee
84,Oudemolsedijk,2019-10-04,07:00:00,9,5,4,FMN GV 18 Kasterlee
84,Oudemolsedijk,2019-10-04,08:00:00,15,10,5,FMN GV 18 Kasterlee
84,Oudemolsedijk,2019-10-04,09:00:00,8,7,1,FMN GV 18 Kasterlee
84,Oudemolsedijk,2019-10-04,10:00:00,2,1,1,FMN GV 18 Kasterlee
84,Oudemolsedijk,2019-10-04,11:00:00,12,3,9,FMN GV 18 Kasterlee
84,Oudemolsedijk,2019-10-04,12:00:00,3,2,1,FMN GV 18 Kasterlee
84,Oudemolsedijk,2019-10-04,13:00:00,2,0,2,FMN GV 18 Kasterlee
84,Oudemolsedijk,2019-10-04,14:00:00,9,6,3,FMN GV 18 Kasterlee
84,Oudemolsedijk,2019-10-04,15:00:00,7,4,3,FMN GV 18 Kasterlee
84,Oudemolsedijk,2019-10-04,16:00:00,8,4,4,FMN GV 18 Kasterlee
84,Oudemolsedijk,2019-10-04,17:00:00,16,6,10,FMN GV 18 Kasterlee
84,Oudemolsedijk,2019-10-04,18:00:00,9,6,3,FMN GV 18 Kasterlee
84,Oudemolsedijk,2019-10-04,19:00:00,1,0,1,FMN GV 18 Kasterlee
84,Oudemolsedijk,2019-10-04,20:00:00,1,1,0,FMN GV 18 Kasterlee
84,Oudemolsedijk,2019-10-04,21:00:00,3,3,0,FMN GV 18 Kasterlee
84,Oudemolsedijk,2019-10-04,22:00:00,1,0,1,FMN GV 18 Kasterlee
84,Oudemolsedijk,2019-10-04,23:00:00,0,0,0,FMN GV 18 Kasterlee
84,Oudemolsedijk,2019-10-05,00:00:00,0,0,0,FMN GV 18 Kasterlee
84,Oudemolsedijk,2019-10-05,01:00:00,0,0,0,FMN GV 18 Kasterlee
84,Oudemolsedijk,2019-10-05,02:00:00,0,0,0,FMN GV 18 Kasterlee
84,Oudemolsedijk,2019-10-05,03:00:00,0,0,0,FMN GV 18 Kasterlee
84,Oudemolsedijk,2019-10-05,04:00:00,0,0,0,FMN GV 18 Kasterlee
84,Oudemolsedijk,2019-10-05,05:00:00,1,0,1,FMN GV 18 Kasterlee
84,Oudemolsedijk,2019-10-05,06:00:00,3,3,0,FMN GV 18 Kasterlee
84,Oudemolsedijk,2019-10-05,07:00:00,1,1,0,FMN GV 18 Kasterlee
84,Oudemolsedijk,2019-10-05,08:00:00,35,26,9,FMN GV 18 Kasterlee
84,Oudemolsedijk,2019-10-05,09:00:00,267,263,4,FMN GV 18 Kasterlee
84,Oudemolsedijk,2019-10-05,10:00:00,376,358,18,FMN GV 18 Kasterlee
84,Oudemolsedijk,2019-10-05,11:00:00,253,223,30,FMN GV 18 Kasterlee
84,Oudemolsedijk,2019-10-05,12:00:00,153,114,39,FMN GV 18 Kasterlee
84,Oudemolsedijk,2019-10-05,13:00:00,202,174,28,FMN GV 18 Kasterlee
84,Oudemolsedijk,2019-10-05,14:00:00,201,160,41,FMN GV 18 Kasterlee
84,Oudemolsedijk,2019-10-05,15:00:00,82,42,40,FMN GV 18 Kasterlee
84,Oudemolsedijk,2019-10-05,16:00:00,36,17,19,FMN GV 18 Kasterlee
84,Oudemolsedijk,2019-10-05,17:00:00,17,13,4,FMN GV 18 Kasterlee
84,Oudemolsedijk,2019-10-05,18:00:00,10,9,1,FMN GV 18 Kasterlee
84,Oudemolsedijk,2019-10-05,19:00:00,7,3,4,FMN GV 18 Kasterlee
84,Oudemolsedijk,2019-10-05,20:00:00,2,2,0,FMN GV 18 Kasterlee
84,Oudemolsedijk,2019-10-05,21:00:00,1,1,0,FMN GV 18 Kasterlee
84,Oudemolsedijk,2019-10-05,22:00:00,8,8,0,FMN GV 18 Kasterlee
84,Oudemolsedijk,2019-10-05,23:00:00,0,0,0,FMN GV 18 Kasterlee
84,Oudemolsedijk,2019-10-06,00:00:00,2,2,0,FMN GV 18 Kasterlee
84,Oudemolsedijk,2019-10-06,01:00:00,0,0,0,FMN GV 18 Kasterlee
84,Oudemolsedijk,2019-10-06,02:00:00,1,1,0,FMN GV 18 Kasterlee
84,Oudemolsedijk,2019-10-06,03:00:00,10,0,10,FMN GV 18 Kasterlee
84,Oudemolsedijk,2019-10-06,04:00:00,1,0,1,FMN GV 18 Kasterlee
84,Oudemolsedijk,2019-10-06,05:00:00,1,0,1,FMN GV 18 Kasterlee
84,Oudemolsedijk,2019-10-06,06:00:00,4,0,4,FMN GV 18 Kasterlee
84,Oudemolsedijk,2019-10-06,07:00:00,0,0,0,FMN GV 18 Kasterlee
84,Oudemolsedijk,2019-10-06,08:00:00,0,0,0,FMN GV 18 Kasterlee
84,Oudemolsedijk,2019-10-06,09:00:00,0,0,0,FMN GV 18 Kasterlee
84,Oudemolsedijk,2019-10-06,10:00:00,4,2,2,FMN GV 18 Kasterlee
84,Oudemolsedijk,2019-10-06,11:00:00,11,10,1,FMN GV 18 Kasterlee
84,Oudemolsedijk,2019-10-06,12:00:00,8,6,2,FMN GV 18 Kasterlee
84,Oudemolsedijk,2019-10-06,13:00:00,0,0,0,FMN GV 18 Kasterlee
84,Oudemolsedijk,2019-10-06,14:00:00,7,6,1,FMN GV 18 Kasterlee
84,Oudemolsedijk,2019-10-06,15:00:00,0,0,0,FMN GV 18 Kasterlee
84,Oudemolsedijk,2019-10-06,16:00:00,1,0,1,FMN GV 18 Kasterlee
84,Oudemolsedijk,2019-10-06,17:00:00,4,0,4,FMN GV 18 Kasterlee
84,Oudemolsedijk,2019-10-06,18:00:00,4,4,0,FMN GV 18 Kasterlee
84,Oudemolsedijk,2019-10-06,19:00:00,1,0,1,FMN GV 18 Kasterlee
84,Oudemolsedijk,2019-10-06,20:00:00,0,0,0,FMN GV 18 Kasterlee
84,Oudemolsedijk,2019-10-06,21:00:00,0,0,0,FMN GV 18 Kasterlee
84,Oudemolsedijk,2019-10-06,22:00:00,0,0,0,FMN GV 18 Kasterlee
84,Oudemolsedijk,2019-10-06,23:00:00,0,0,0,FMN GV 18 Kasterlee
84,Oudemolsedijk,2019-10-07,00:00:00,0,0,0,FMN GV 18 Kasterlee
84,Oudemolsedijk,2019-10-07,01:00:00,0,0,0,FMN GV 18 Kasterlee
84,Oudemolsedijk,2019-10-07,02:00:00,1,0,1,FMN GV 18 Kasterlee
84,Oudemolsedijk,2019-10-07,03:00:00,0,0,0,FMN GV 18 Kasterlee
84,Oudemolsedijk,2019-10-07,04:00:00,0,0,0,FMN GV 18 Kasterlee
84,Oudemolsedijk,2019-10-07,05:00:00,2,1,1,FMN GV 18 Kasterlee
84,Oudemolsedijk,2019-10-07,06:00:00,16,6,10,FMN GV 18 Kasterlee
84,Oudemolsedijk,2019-10-07,07:00:00,24,12,12,FMN GV 18 Kasterlee
84,Oudemolsedijk,2019-10-07,08:00:00,31,15,16,FMN GV 18 Kasterlee
84,Oudemolsedijk,2019-10-07,09:00:00,14,3,11,FMN GV 18 Kasterlee
84,Oudemolsedijk,2019-10-07,10:00:00,15,10,5,FMN GV 18 Kasterlee
84,Oudemolsedijk,2019-10-07,11:00:00,15,7,8,FMN GV 18 Kasterlee
84,Oudemolsedijk,2019-10-07,12:00:00,23,18,5,FMN GV 18 Kasterlee
84,Oudemolsedijk,2019-10-07,13:00:00,25,17,8,FMN GV 18 Kasterlee
84,Oudemolsedijk,2019-10-07,14:00:00,52,22,30,FMN GV 18 Kasterlee
84,Oudemolsedijk,2019-10-07,15:00:00,34,20,14,FMN GV 18 Kasterlee
84,Oudemolsedijk,2019-10-07,16:00:00,50,26,24,FMN GV 18 Kasterlee
84,Oudemolsedijk,2019-10-07,17:00:00,35,13,22,FMN GV 18 Kasterlee
84,Oudemolsedijk,2019-10-07,18:00:00,15,10,5,FMN GV 18 Kasterlee
84,Oudemolsedijk,2019-10-07,19:00:00,8,4,4,FMN GV 18 Kasterlee
84,Oudemolsedijk,2019-10-07,20:00:00,0,0,0,FMN GV 18 Kasterlee
84,Oudemolsedijk,2019-10-07,21:00:00,1,1,0,FMN GV 18 Kasterlee
84,Oudemolsedijk,2019-10-07,22:00:00,1,0,1,FMN GV 18 Kasterlee
84,Oudemolsedijk,2019-10-07,23:00:00,0,0,0,FMN GV 18 Kasterlee
84,Oudemolsedijk,2019-10-08,00:00:00,0,0,0,FMN GV 18 Kasterlee
84,Oudemolsedijk,2019-10-08,01:00:00,1,0,1,FMN GV 18 Kasterlee
84,Oudemolsedijk,2019-10-08,02:00:00,0,0,0,FMN GV 18 Kasterlee
84,Oudemolsedijk,2019-10-08,03:00:00,0,0,0,FMN GV 18 Kasterlee
84,Oudemolsedijk,2019-10-08,04:00:00,0,0,0,FMN GV 18 Kasterlee
84,Oudemolsedijk,2019-10-08,05:00:00,2,1,1,FMN GV 18 Kasterlee
84,Oudemolsedijk,2019-10-08,06:00:00,11,2,9,FMN GV 18 Kasterlee
84,Oudemolsedijk,2019-10-08,07:00:00,13,6,7,FMN GV 18 Kasterlee
84,Oudemolsedijk,2019-10-08,08:00:00,14,7,7,FMN GV 18 Kasterlee
84,Oudemolsedijk,2019-10-08,09:00:00,21,14,7,FMN GV 18 Kasterlee
84,Oudemolsedijk,2019-10-08,10:00:00,29,25,4,FMN GV 18 Kasterlee
84,Oudemolsedijk,2019-10-08,11:00:00,10,9,1,FMN GV 18 Kasterlee
84,Oudemolsedijk,2019-10-08,12:00:00,9,6,3,FMN GV 18 Kasterlee
84,Oudemolsedijk,2019-10-08,13:00:00,32,16,16,FMN GV 18 Kasterlee
84,Oudemolsedijk,2019-10-08,14:00:00,37,19,18,FMN GV 18 Kasterlee
84,Oudemolsedijk,2019-10-08,15:00:00,37,20,17,FMN GV 18 Kasterlee
84,Oudemolsedijk,2019-10-08,16:00:00,34,19,15,FMN GV 18 Kasterlee
84,Oudemolsedijk,2019-10-08,17:00:00,26,14,12,FMN GV 18 Kasterlee
84,Oudemolsedijk,2019-10-08,18:00:00,19,12,7,FMN GV 18 Kasterlee
84,Oudemolsedijk,2019-10-08,19:00:00,6,2,4,FMN GV 18 Kasterlee
84,Oudemolsedijk,2019-10-08,20:00:00,1,0,1,FMN GV 18 Kasterlee
84,Oudemolsedijk,2019-10-08,21:00:00,2,0,2,FMN GV 18 Kasterlee
84,Oudemolsedijk,2019-10-08,22:00:00,1,1,0,FMN GV 18 Kasterlee
84,Oudemolsedijk,2019-10-08,23:00:00,1,1,0,FMN GV 18 Kasterlee
84,Oudemolsedijk,2019-10-09,00:00:00,0,0,0,FMN GV 18 Kasterlee
84,Oudemolsedijk,2019-10-09,01:00:00,0,0,0,FMN GV 18 Kasterlee
84,Oudemolsedijk,2019-10-09,02:00:00,0,0,0,FMN GV 18 Kasterlee
84,Oudemolsedijk,2019-10-09,03:00:00,0,0,0,FMN GV 18 Kasterlee
84,Oudemolsedijk,2019-10-09,04:00:00,0,0,0,FMN GV 18 Kasterlee
84,Oudemolsedijk,2019-10-09,05:00:00,1,0,1,FMN GV 18 Kasterlee
84,Oudemolsedijk,2019-10-09,06:00:00,10,2,8,FMN GV 18 Kasterlee
84,Oudemolsedijk,2019-10-09,07:00:00,14,7,7,FMN GV 18 Kasterlee
84,Oudemolsedijk,2019-10-09,08:00:00,15,10,5,FMN GV 18 Kasterlee
84,Oudemolsedijk,2019-10-09,09:00:00,10,3,7,FMN GV 18 Kasterlee
84,Oudemolsedijk,2019-10-09,10:00:00,8,6,2,FMN GV 18 Kasterlee
84,Oudemolsedijk,2019-10-09,11:00:00,5,4,1,FMN GV 18 Kasterlee
84,Oudemolsedijk,2019-10-09,12:00:00,11,4,7,FMN GV 18 Kasterlee
84,Oudemolsedijk,2019-10-09,13:00:00,12,3,9,FMN GV 18 Kasterlee
84,Oudemolsedijk,2019-10-09,14:00:00,15,11,4,FMN GV 18 Kasterlee
84,Oudemolsedijk,2019-10-09,15:00:00,17,6,11,FMN GV 18 Kasterlee
84,Oudemolsedijk,2019-10-09,16:00:00,25,19,6,FMN GV 18 Kasterlee
84,Oudemolsedijk,2019-10-09,17:00:00,19,9,10,FMN GV 18 Kasterlee
84,Oudemolsedijk,2019-10-09,18:00:00,9,7,2,FMN GV 18 Kasterlee
84,Oudemolsedijk,2019-10-09,19:00:00,5,5,0,FMN GV 18 Kasterlee
84,Oudemolsedijk,2019-10-09,20:00:00,6,6,0,FMN GV 18 Kasterlee
84,Oudemolsedijk,2019-10-09,21:00:00,1,1,0,FMN GV 18 Kasterlee
84,Oudemolsedijk,2019-10-09,22:00:00,0,0,0,FMN GV 18 Kasterlee
84,Oudemolsedijk,2019-10-09,23:00:00,0,0,0,FMN GV 18 Kasterlee
84,Oudemolsedijk,2019-10-10,00:00:00,0,0,0,FMN GV 18 Kasterlee
84,Oudemolsedijk,2019-10-10,01:00:00,2,2,0,FMN GV 18 Kasterlee
84,Oudemolsedijk,2019-10-10,02:00:00,0,0,0,FMN GV 18 Kasterlee
84,Oudemolsedijk,2019-10-10,03:00:00,0,0,0,FMN GV 18 Kasterlee
84,Oudemolsedijk,2019-10-10,04:00:00,0,0,0,FMN GV 18 Kasterlee
84,Oudemolsedijk,2019-10-10,05:00:00,3,2,1,FMN GV 18 Kasterlee
84,Oudemolsedijk,2019-10-10,06:00:00,12,1,11,FMN GV 18 Kasterlee
84,Oudemolsedijk,2019-10-10,07:00:00,25,14,11,FMN GV 18 Kasterlee
84,Oudemolsedijk,2019-10-10,08:00:00,21,8,13,FMN GV 18 Kasterlee
84,Oudemolsedijk,2019-10-10,09:00:00,26,6,20,FMN GV 18 Kasterlee
84,Oudemolsedijk,2019-10-10,10:00:00,26,18,8,FMN GV 18 Kasterlee
84,Oudemolsedijk,2019-10-10,11:00:00,7,7,0,FMN GV 18 Kasterlee
84,Oudemolsedijk,2019-10-10,12:00:00,19,11,8,FMN GV 18 Kasterlee
84,Oudemolsedijk,2019-10-10,13:00:00,40,19,21,FMN GV 18 Kasterlee
84,Oudemolsedijk,2019-10-10,14:00:00,60,39,21,FMN GV 18 Kasterlee
84,Oudemolsedijk,2019-10-10,15:00:00,37,22,15,FMN GV 18 Kasterlee
84,Oudemolsedijk,2019-10-10,16:00:00,76,29,47,FMN GV 18 Kasterlee
84,Oudemolsedijk,2019-10-10,17:00:00,33,17,16,FMN GV 18 Kasterlee
84,Oudemolsedijk,2019-10-10,18:00:00,18,15,3,FMN GV 18 Kasterlee
84,Oudemolsedijk,2019-10-10,19:00:00,6,3,3,FMN GV 18 Kasterlee
84,Oudemolsedijk,2019-10-10,20:00:00,3,3,0,FMN GV 18 Kasterlee
84,Oudemolsedijk,2019-10-10,21:00:00,2,1,1,FMN GV 18 Kasterlee
84,Oudemolsedijk,2019-10-10,22:00:00,0,0,0,FMN GV 18 Kasterlee
84,Oudemolsedijk,2019-10-10,23:00:00,0,0,0,FMN GV 18 Kasterlee
84,Oudemolsedijk,2019-10-11,00:00:00,0,0,0,FMN GV 18 Kasterlee
84,Oudemolsedijk,2019-10-11,01:00:00,0,0,0,FMN GV 18 Kasterlee
84,Oudemolsedijk,2019-10-11,02:00:00,0,0,0,FMN GV 18 Kasterlee
84,Oudemolsedijk,2019-10-11,03:00:00,0,0,0,FMN GV 18 Kasterlee
84,Oudemolsedijk,2019-10-11,04:00:00,0,0,0,FMN GV 18 Kasterlee
84,Oudemolsedijk,2019-10-11,05:00:00,5,4,1,FMN GV 18 Kasterlee
84,Oudemolsedijk,2019-10-11,06:00:00,8,3,5,FMN GV 18 Kasterlee
84,Oudemolsedijk,2019-10-11,07:00:00,11,3,8,FMN GV 18 Kasterlee
84,Oudemolsedijk,2019-10-11,08:00:00,23,16,7,FMN GV 18 Kasterlee
84,Oudemolsedijk,2019-10-11,09:00:00,5,2,3,FMN GV 18 Kasterlee
84,Oudemolsedijk,2019-10-11,10:00:00,10,5,5,FMN GV 18 Kasterlee
84,Oudemolsedijk,2019-10-11,11:00:00,8,4,4,FMN GV 18 Kasterlee
84,Oudemolsedijk,2019-10-11,12:00:00,13,9,4,FMN GV 18 Kasterlee
84,Oudemolsedijk,2019-10-11,13:00:00,6,4,2,FMN GV 18 Kasterlee
84,Oudemolsedijk,2019-10-11,14:00:00,17,7,10,FMN GV 18 Kasterlee
84,Oudemolsedijk,2019-10-11,15:00:00,18,10,8,FMN GV 18 Kasterlee
84,Oudemolsedijk,2019-10-11,16:00:00,26,16,10,FMN GV 18 Kasterlee
84,Oudemolsedijk,2019-10-11,17:00:00,9,4,5,FMN GV 18 Kasterlee
84,Oudemolsedijk,2019-10-11,18:00:00,9,6,3,FMN GV 18 Kasterlee
84,Oudemolsedijk,2019-10-11,19:00:00,2,1,1,FMN GV 18 Kasterlee
84,Oudemolsedijk,2019-10-11,20:00:00,2,1,1,FMN GV 18 Kasterlee
84,Oudemolsedijk,2019-10-11,21:00:00,1,0,1,FMN GV 18 Kasterlee
84,Oudemolsedijk,2019-10-11,22:00:00,0,0,0,FMN GV 18 Kasterlee
84,Oudemolsedijk,2019-10-11,23:00:00,0,0,0,FMN GV 18 Kasterlee
84,Oudemolsedijk,2019-10-12,00:00:00,0,0,0,FMN GV 18 Kasterlee
84,Oudemolsedijk,2019-10-12,01:00:00,1,1,0,FMN GV 18 Kasterlee
84,Oudemolsedijk,2019-10-12,02:00:00,0,0,0,FMN GV 18 Kasterlee
84,Oudemolsedijk,2019-10-12,03:00:00,0,0,0,FMN GV 18 Kasterlee
84,Oudemolsedijk,2019-10-12,04:00:00,0,0,0,FMN GV 18 Kasterlee
84,Oudemolsedijk,2019-10-12,05:00:00,1,0,1,FMN GV 18 Kasterlee
84,Oudemolsedijk,2019-10-12,06:00:00,2,2,0,FMN GV 18 Kasterlee
84,Oudemolsedijk,2019-10-12,07:00:00,2,2,0,FMN GV 18 Kasterlee
84,Oudemolsedijk,2019-10-12,08:00:00,2,0,2,FMN GV 18 Kasterlee
84,Oudemolsedijk,2019-10-12,09:00:00,26,15,11,FMN GV 18 Kasterlee
84,Oudemolsedijk,2019-10-12,10:00:00,35,26,9,FMN GV 18 Kasterlee
84,Oudemolsedijk,2019-10-12,11:00:00,52,43,9,FMN GV 18 Kasterlee
84,Oudemolsedijk,2019-10-12,12:00:00,51,32,19,FMN GV 18 Kasterlee
84,Oudemolsedijk,2019-10-12,13:00:00,75,56,19,FMN GV 18 Kasterlee
84,Oudemolsedijk,2019-10-12,14:00:00,96,59,37,FMN GV 18 Kasterlee
84,Oudemolsedijk,2019-10-12,15:00:00,99,60,39,FMN GV 18 Kasterlee
84,Oudemolsedijk,2019-10-12,16:00:00,33,16,17,FMN GV 18 Kasterlee
84,Oudemolsedijk,2019-10-12,17:00:00,28,17,11,FMN GV 18 Kasterlee
84,Oudemolsedijk,2019-10-12,18:00:00,5,2,3,FMN GV 18 Kasterlee
84,Oudemolsedijk,2019-10-12,19:00:00,4,4,0,FMN GV 18 Kasterlee
84,Oudemolsedijk,2019-10-12,20:00:00,1,1,0,FMN GV 18 Kasterlee
84,Oudemolsedijk,2019-10-12,21:00:00,0,0,0,FMN GV 18 Kasterlee
84,Oudemolsedijk,2019-10-12,22:00:00,0,0,0,FMN GV 18 Kasterlee
84,Oudemolsedijk,2019-10-12,23:00:00,2,1,1,FMN GV 18 Kasterlee
84,Oudemolsedijk,2019-10-13,00:00:00,1,0,1,FMN GV 18 Kasterlee
84,Oudemolsedijk,2019-10-13,01:00:00,1,0,1,FMN GV 18 Kasterlee
84,Oudemolsedijk,2019-10-13,02:00:00,0,0,0,FMN GV 18 Kasterlee
84,Oudemolsedijk,2019-10-13,03:00:00,0,0,0,FMN GV 18 Kasterlee
84,Oudemolsedijk,2019-10-13,04:00:00,3,1,2,FMN GV 18 Kasterlee
84,Oudemolsedijk,2019-10-13,05:00:00,0,0,0,FMN GV 18 Kasterlee
84,Oudemolsedijk,2019-10-13,06:00:00,1,1,0,FMN GV 18 Kasterlee
84,Oudemolsedijk,2019-10-13,07:00:00,5,1,4,FMN GV 18 Kasterlee
84,Oudemolsedijk,2019-10-13,08:00:00,13,4,9,FMN GV 18 Kasterlee
84,Oudemolsedijk,2019-10-13,09:00:00,59,33,26,FMN GV 18 Kasterlee
84,Oudemolsedijk,2019-10-13,10:00:00,50,32,18,FMN GV 18 Kasterlee
84,Oudemolsedijk,2019-10-13,11:00:00,53,26,27,FMN GV 18 Kasterlee
84,Oudemolsedijk,2019-10-13,12:00:00,60,33,27,FMN GV 18 Kasterlee
84,Oudemolsedijk,2019-10-13,13:00:00,101,43,58,FMN GV 18 Kasterlee
84,Oudemolsedijk,2019-10-13,14:00:00,147,70,77,FMN GV 18 Kasterlee
84,Oudemolsedijk,2019-10-13,15:00:00,142,82,60,FMN GV 18 Kasterlee
84,Oudemolsedijk,2019-10-13,16:00:00,81,39,42,FMN GV 18 Kasterlee
84,Oudemolsedijk,2019-10-13,17:00:00,26,13,13,FMN GV 18 Kasterlee
84,Oudemolsedijk,2019-10-13,18:00:00,11,7,4,FMN GV 18 Kasterlee
84,Oudemolsedijk,2019-10-13,19:00:00,6,2,4,FMN GV 18 Kasterlee
84,Oudemolsedijk,2019-10-13,20:00:00,6,3,3,FMN GV 18 Kasterlee
84,Oudemolsedijk,2019-10-13,21:00:00,1,1,0,FMN GV 18 Kasterlee
84,Oudemolsedijk,2019-10-13,22:00:00,0,0,0,FMN GV 18 Kasterlee
84,Oudemolsedijk,2019-10-13,23:00:00,0,0,0,FMN GV 18 Kasterlee
84,Oudemolsedijk,2019-10-14,00:00:00,0,0,0,FMN GV 18 Kasterlee
84,Oudemolsedijk,2019-10-14,01:00:00,0,0,0,FMN GV 18 Kasterlee
84,Oudemolsedijk,2019-10-14,02:00:00,0,0,0,FMN GV 18 Kasterlee
84,Oudemolsedijk,2019-10-14,03:00:00,1,0,1,FMN GV 18 Kasterlee
84,Oudemolsedijk,2019-10-14,04:00:00,2,2,0,FMN GV 18 Kasterlee
84,Oudemolsedijk,2019-10-14,05:00:00,2,2,0,FMN GV 18 Kasterlee
84,Oudemolsedijk,2019-10-14,06:00:00,12,2,10,FMN GV 18 Kasterlee
84,Oudemolsedijk,2019-10-14,07:00:00,26,14,12,FMN GV 18 Kasterlee
84,Oudemolsedijk,2019-10-14,08:00:00,20,8,12,FMN GV 18 Kasterlee
84,Oudemolsedijk,2019-10-14,09:00:00,11,5,6,FMN GV 18 Kasterlee
84,Oudemolsedijk,2019-10-14,10:00:00,8,4,4,FMN GV 18 Kasterlee
84,Oudemolsedijk,2019-10-14,11:00:00,10,5,5,FMN GV 18 Kasterlee
84,Oudemolsedijk,2019-10-14,12:00:00,16,10,6,FMN GV 18 Kasterlee
84,Oudemolsedijk,2019-10-14,13:00:00,45,15,30,FMN GV 18 Kasterlee
84,Oudemolsedijk,2019-10-14,14:00:00,71,46,25,FMN GV 18 Kasterlee
84,Oudemolsedijk,2019-10-14,15:00:00,88,42,46,FMN GV 18 Kasterlee
84,Oudemolsedijk,2019-10-14,16:00:00,69,35,34,FMN GV 18 Kasterlee
84,Oudemolsedijk,2019-10-14,17:00:00,41,21,20,FMN GV 18 Kasterlee
84,Oudemolsedijk,2019-10-14,18:00:00,13,7,6,FMN GV 18 Kasterlee
84,Oudemolsedijk,2019-10-14,19:00:00,5,2,3,FMN GV 18 Kasterlee
84,Oudemolsedijk,2019-10-14,20:00:00,0,0,0,FMN GV 18 Kasterlee
84,Oudemolsedijk,2019-10-14,21:00:00,0,0,0,FMN GV 18 Kasterlee
84,Oudemolsedijk,2019-10-14,22:00:00,1,0,1,FMN GV 18 Kasterlee
84,Oudemolsedijk,2019-10-14,23:00:00,1,1,0,FMN GV 18 Kasterlee
84,Oudemolsedijk,2019-10-15,00:00:00,0,0,0,FMN GV 18 Kasterlee
84,Oudemolsedijk,2019-10-15,01:00:00,0,0,0,FMN GV 18 Kasterlee
84,Oudemolsedijk,2019-10-15,02:00:00,0,0,0,FMN GV 18 Kasterlee
84,Oudemolsedijk,2019-10-15,03:00:00,0,0,0,FMN GV 18 Kasterlee
84,Oudemolsedijk,2019-10-15,04:00:00,2,2,0,FMN GV 18 Kasterlee
84,Oudemolsedijk,2019-10-15,05:00:00,3,3,0,FMN GV 18 Kasterlee
84,Oudemolsedijk,2019-10-15,06:00:00,13,5,8,FMN GV 18 Kasterlee
84,Oudemolsedijk,2019-10-15,07:00:00,13,7,6,FMN GV 18 Kasterlee
84,Oudemolsedijk,2019-10-15,08:00:00,17,5,12,FMN GV 18 Kasterlee
84,Oudemolsedijk,2019-10-15,09:00:00,14,0,14,FMN GV 18 Kasterlee
84,Oudemolsedijk,2019-10-15,10:00:00,1,0,1,FMN GV 18 Kasterlee
84,Oudemolsedijk,2019-10-15,11:00:00,21,8,13,FMN GV 18 Kasterlee
84,Oudemolsedijk,2019-10-15,12:00:00,6,5,1,FMN GV 18 Kasterlee
84,Oudemolsedijk,2019-10-15,13:00:00,56,12,44,FMN GV 18 Kasterlee
84,Oudemolsedijk,2019-10-15,14:00:00,32,18,14,FMN GV 18 Kasterlee
84,Oudemolsedijk,2019-10-15,15:00:00,22,11,11,FMN GV 18 Kasterlee
84,Oudemolsedijk,2019-10-15,16:00:00,20,12,8,FMN GV 18 Kasterlee
84,Oudemolsedijk,2019-10-15,17:00:00,19,10,9,FMN GV 18 Kasterlee
84,Oudemolsedijk,2019-10-15,18:00:00,11,3,8,FMN GV 18 Kasterlee
84,Oudemolsedijk,2019-10-15,19:00:00,3,2,1,FMN GV 18 Kasterlee
84,Oudemolsedijk,2019-10-15,20:00:00,2,0,2,FMN GV 18 Kasterlee
84,Oudemolsedijk,2019-10-15,21:00:00,1,0,1,FMN GV 18 Kasterlee
84,Oudemolsedijk,2019-10-15,22:00:00,1,0,1,FMN GV 18 Kasterlee
84,Oudemolsedijk,2019-10-15,23:00:00,1,1,0,FMN GV 18 Kasterlee
84,Oudemolsedijk,2019-10-16,00:00:00,0,0,0,FMN GV 18 Kasterlee
84,Oudemolsedijk,2019-10-16,01:00:00,0,0,0,FMN GV 18 Kasterlee
84,Oudemolsedijk,2019-10-16,02:00:00,1,0,1,FMN GV 18 Kasterlee
84,Oudemolsedijk,2019-10-16,03:00:00,0,0,0,FMN GV 18 Kasterlee
84,Oudemolsedijk,2019-10-16,04:00:00,2,2,0,FMN GV 18 Kasterlee
84,Oudemolsedijk,2019-10-16,05:00:00,2,1,1,FMN GV 18 Kasterlee
84,Oudemolsedijk,2019-10-16,06:00:00,10,5,5,FMN GV 18 Kasterlee
84,Oudemolsedijk,2019-10-16,07:00:00,15,6,9,FMN GV 18 Kasterlee
84,Oudemolsedijk,2019-10-16,08:00:00,24,11,13,FMN GV 18 Kasterlee
84,Oudemolsedijk,2019-10-16,09:00:00,10,6,4,FMN GV 18 Kasterlee
84,Oudemolsedijk,2019-10-16,10:00:00,15,8,7,FMN GV 18 Kasterlee
84,Oudemolsedijk,2019-10-16,11:00:00,11,6,5,FMN GV 18 Kasterlee
84,Oudemolsedijk,2019-10-16,12:00:00,12,5,7,FMN GV 18 Kasterlee
84,Oudemolsedijk,2019-10-16,13:00:00,6,5,1,FMN GV 18 Kasterlee
84,Oudemolsedijk,2019-10-16,14:00:00,6,1,5,FMN GV 18 Kasterlee
84,Oudemolsedijk,2019-10-16,15:00:00,7,4,3,FMN GV 18 Kasterlee
84,Oudemolsedijk,2019-10-16,16:00:00,11,4,7,FMN GV 18 Kasterlee
84,Oudemolsedijk,2019-10-16,17:00:00,14,8,6,FMN GV 18 Kasterlee
84,Oudemolsedijk,2019-10-16,18:00:00,5,4,1,FMN GV 18 Kasterlee
84,Oudemolsedijk,2019-10-16,19:00:00,0,0,0,FMN GV 18 Kasterlee
84,Oudemolsedijk,2019-10-16,20:00:00,2,2,0,FMN GV 18 Kasterlee
84,Oudemolsedijk,2019-10-16,21:00:00,0,0,0,FMN GV 18 Kasterlee
84,Oudemolsedijk,2019-10-16,22:00:00,1,0,1,FMN GV 18 Kasterlee
84,Oudemolsedijk,2019-10-16,23:00:00,0,0,0,FMN GV 18 Kasterlee
84,Oudemolsedijk,2019-10-17,00:00:00,0,0,0,FMN GV 18 Kasterlee
84,Oudemolsedijk,2019-10-17,01:00:00,0,0,0,FMN GV 18 Kasterlee
84,Oudemolsedijk,2019-10-17,02:00:00,0,0,0,FMN GV 18 Kasterlee
84,Oudemolsedijk,2019-10-17,03:00:00,0,0,0,FMN GV 18 Kasterlee
84,Oudemolsedijk,2019-10-17,04:00:00,1,1,0,FMN GV 18 Kasterlee
84,Oudemolsedijk,2019-10-17,05:00:00,2,2,0,FMN GV 18 Kasterlee
84,Oudemolsedijk,2019-10-17,06:00:00,9,1,8,FMN GV 18 Kasterlee
84,Oudemolsedijk,2019-10-17,07:00:00,27,14,13,FMN GV 18 Kasterlee
84,Oudemolsedijk,2019-10-17,08:00:00,18,10,8,FMN GV 18 Kasterlee
84,Oudemolsedijk,2019-10-17,09:00:00,9,2,7,FMN GV 18 Kasterlee
84,Oudemolsedijk,2019-10-17,10:00:00,39,8,31,FMN GV 18 Kasterlee
84,Oudemolsedijk,2019-10-17,11:00:00,25,16,9,FMN GV 18 Kasterlee
84,Oudemolsedijk,2019-10-17,12:00:00,19,4,15,FMN GV 18 Kasterlee
84,Oudemolsedijk,2019-10-17,13:00:00,31,12,19,FMN GV 18 Kasterlee
84,Oudemolsedijk,2019-10-17,14:00:00,55,37,18,FMN GV 18 Kasterlee
84,Oudemolsedijk,2019-10-17,15:00:00,40,26,14,FMN GV 18 Kasterlee
84,Oudemolsedijk,2019-10-17,16:00:00,47,33,14,FMN GV 18 Kasterlee
84,Oudemolsedijk,2019-10-17,17:00:00,25,16,9,FMN GV 18 Kasterlee
84,Oudemolsedijk,2019-10-17,18:00:00,15,12,3,FMN GV 18 Kasterlee
84,Oudemolsedijk,2019-10-17,19:00:00,4,2,2,FMN GV 18 Kasterlee
84,Oudemolsedijk,2019-10-17,20:00:00,3,2,1,FMN GV 18 Kasterlee
84,Oudemolsedijk,2019-10-17,21:00:00,1,1,0,FMN GV 18 Kasterlee
84,Oudemolsedijk,2019-10-17,22:00:00,1,1,0,FMN GV 18 Kasterlee
84,Oudemolsedijk,2019-10-17,23:00:00,0,0,0,FMN GV 18 Kasterlee
84,Oudemolsedijk,2019-10-18,00:00:00,0,0,0,FMN GV 18 Kasterlee
84,Oudemolsedijk,2019-10-18,01:00:00,0,0,0,FMN GV 18 Kasterlee
84,Oudemolsedijk,2019-10-18,02:00:00,0,0,0,FMN GV 18 Kasterlee
84,Oudemolsedijk,2019-10-18,03:00:00,0,0,0,FMN GV 18 Kasterlee
84,Oudemolsedijk,2019-10-18,04:00:00,1,1,0,FMN GV 18 Kasterlee
84,Oudemolsedijk,2019-10-18,05:00:00,3,3,0,FMN GV 18 Kasterlee
84,Oudemolsedijk,2019-10-18,06:00:00,8,3,5,FMN GV 18 Kasterlee
84,Oudemolsedijk,2019-10-18,07:00:00,22,11,11,FMN GV 18 Kasterlee
84,Oudemolsedijk,2019-10-18,08:00:00,16,8,8,FMN GV 18 Kasterlee
84,Oudemolsedijk,2019-10-18,09:00:00,7,4,3,FMN GV 18 Kasterlee
84,Oudemolsedijk,2019-10-18,10:00:00,5,4,1,FMN GV 18 Kasterlee
84,Oudemolsedijk,2019-10-18,11:00:00,40,0,40,FMN GV 18 Kasterlee
84,Oudemolsedijk,2019-10-18,12:00:00,31,21,10,FMN GV 18 Kasterlee
84,Oudemolsedijk,2019-10-18,13:00:00,14,8,6,FMN GV 18 Kasterlee
84,Oudemolsedijk,2019-10-18,14:00:00,12,7,5,FMN GV 18 Kasterlee
84,Oudemolsedijk,2019-10-18,15:00:00,21,10,11,FMN GV 18 Kasterlee
84,Oudemolsedijk,2019-10-18,16:00:00,31,18,13,FMN GV 18 Kasterlee
84,Oudemolsedijk,2019-10-18,17:00:00,12,6,6,FMN GV 18 Kasterlee
84,Oudemolsedijk,2019-10-18,18:00:00,15,9,6,FMN GV 18 Kasterlee
84,Oudemolsedijk,2019-10-18,19:00:00,0,0,0,FMN GV 18 Kasterlee
84,Oudemolsedijk,2019-10-18,20:00:00,0,0,0,FMN GV 18 Kasterlee
84,Oudemolsedijk,2019-10-18,21:00:00,0,0,0,FMN GV 18 Kasterlee
84,Oudemolsedijk,2019-10-18,22:00:00,0,0,0,FMN GV 18 Kasterlee
84,Oudemolsedijk,2019-10-18,23:00:00,3,3,0,FMN GV 18 Kasterlee
84,Oudemolsedijk,2019-10-19,00:00:00,0,0,0,FMN GV 18 Kasterlee
84,Oudemolsedijk,2019-10-19,01:00:00,1,1,0,FMN GV 18 Kasterlee
84,Oudemolsedijk,2019-10-19,02:00:00,0,0,0,FMN GV 18 Kasterlee
84,Oudemolsedijk,2019-10-19,03:00:00,0,0,0,FMN GV 18 Kasterlee
84,Oudemolsedijk,2019-10-19,04:00:00,0,0,0,FMN GV 18 Kasterlee
84,Oudemolsedijk,2019-10-19,05:00:00,0,0,0,FMN GV 18 Kasterlee
84,Oudemolsedijk,2019-10-19,06:00:00,0,0,0,FMN GV 18 Kasterlee
84,Oudemolsedijk,2019-10-19,07:00:00,0,0,0,FMN GV 18 Kasterlee
84,Oudemolsedijk,2019-10-19,08:00:00,2,0,2,FMN GV 18 Kasterlee
84,Oudemolsedijk,2019-10-19,09:00:00,15,0,15,FMN GV 18 Kasterlee
84,Oudemolsedijk,2019-10-19,10:00:00,4,0,4,FMN GV 18 Kasterlee
84,Oudemolsedijk,2019-10-19,11:00:00,5,3,2,FMN GV 18 Kasterlee
84,Oudemolsedijk,2019-10-19,12:00:00,13,4,9,FMN GV 18 Kasterlee
84,Oudemolsedijk,2019-10-19,13:00:00,27,9,18,FMN GV 18 Kasterlee
84,Oudemolsedijk,2019-10-19,14:00:00,42,18,24,FMN GV 18 Kasterlee
84,Oudemolsedijk,2019-10-19,15:00:00,41,32,9,FMN GV 18 Kasterlee
84,Oudemolsedijk,2019-10-19,16:00:00,23,16,7,FMN GV 18 Kasterlee
84,Oudemolsedijk,2019-10-19,17:00:00,22,16,6,FMN GV 18 Kasterlee
84,Oudemolsedijk,2019-10-19,18:00:00,2,0,2,FMN GV 18 Kasterlee
84,Oudemolsedijk,2019-10-19,19:00:00,4,1,3,FMN GV 18 Kasterlee
84,Oudemolsedijk,2019-10-19,20:00:00,1,0,1,FMN GV 18 Kasterlee
84,Oudemolsedijk,2019-10-19,21:00:00,0,0,0,FMN GV 18 Kasterlee
84,Oudemolsedijk,2019-10-19,22:00:00,2,2,0,FMN GV 18 Kasterlee
84,Oudemolsedijk,2019-10-19,23:00:00,0,0,0,FMN GV 18 Kasterlee
84,Oudemolsedijk,2019-10-20,00:00:00,0,0,0,FMN GV 18 Kasterlee
84,Oudemolsedijk,2019-10-20,01:00:00,1,1,0,FMN GV 18 Kasterlee
84,Oudemolsedijk,2019-10-20,02:00:00,0,0,0,FMN GV 18 Kasterlee
84,Oudemolsedijk,2019-10-20,03:00:00,0,0,0,FMN GV 18 Kasterlee
84,Oudemolsedijk,2019-10-20,04:00:00,0,0,0,FMN GV 18 Kasterlee
84,Oudemolsedijk,2019-10-20,05:00:00,0,0,0,FMN GV 18 Kasterlee
84,Oudemolsedijk,2019-10-20,06:00:00,1,0,1,FMN GV 18 Kasterlee
84,Oudemolsedijk,2019-10-20,07:00:00,1,1,0,FMN GV 18 Kasterlee
84,Oudemolsedijk,2019-10-20,08:00:00,14,4,10,FMN GV 18 Kasterlee
84,Oudemolsedijk,2019-10-20,09:00:00,69,41,28,FMN GV 18 Kasterlee
84,Oudemolsedijk,2019-10-20,10:00:00,100,70,30,FMN GV 18 Kasterlee
84,Oudemolsedijk,2019-10-20,11:00:00,43,10,33,FMN GV 18 Kasterlee
84,Oudemolsedijk,2019-10-20,12:00:00,11,6,5,FMN GV 18 Kasterlee
84,Oudemolsedijk,2019-10-20,13:00:00,8,7,1,FMN GV 18 Kasterlee
84,Oudemolsedijk,2019-10-20,14:00:00,5,2,3,FMN GV 18 Kasterlee
84,Oudemolsedijk,2019-10-20,15:00:00,5,1,4,FMN GV 18 Kasterlee
84,Oudemolsedijk,2019-10-20,16:00:00,6,2,4,FMN GV 18 Kasterlee
84,Oudemolsedijk,2019-10-20,17:00:00,4,3,1,FMN GV 18 Kasterlee
84,Oudemolsedijk,2019-10-20,18:00:00,1,1,0,FMN GV 18 Kasterlee
84,Oudemolsedijk,2019-10-20,19:00:00,3,2,1,FMN GV 18 Kasterlee
84,Oudemolsedijk,2019-10-20,20:00:00,0,0,0,FMN GV 18 Kasterlee
84,Oudemolsedijk,2019-10-20,21:00:00,3,0,3,FMN GV 18 Kasterlee
84,Oudemolsedijk,2019-10-20,22:00:00,1,1,0,FMN GV 18 Kasterlee
84,Oudemolsedijk,2019-10-20,23:00:00,0,0,0,FMN GV 18 Kasterlee
84,Oudemolsedijk,2019-10-21,00:00:00,0,0,0,FMN GV 18 Kasterlee
84,Oudemolsedijk,2019-10-21,01:00:00,0,0,0,FMN GV 18 Kasterlee
84,Oudemolsedijk,2019-10-21,02:00:00,0,0,0,FMN GV 18 Kasterlee
84,Oudemolsedijk,2019-10-21,03:00:00,0,0,0,FMN GV 18 Kasterlee
84,Oudemolsedijk,2019-10-21,04:00:00,0,0,0,FMN GV 18 Kasterlee
84,Oudemolsedijk,2019-10-21,05:00:00,3,3,0,FMN GV 18 Kasterlee
84,Oudemolsedijk,2019-10-21,06:00:00,6,1,5,FMN GV 18 Kasterlee
84,Oudemolsedijk,2019-10-21,07:00:00,11,8,3,FMN GV 18 Kasterlee
84,Oudemolsedijk,2019-10-21,08:00:00,17,9,8,FMN GV 18 Kasterlee
84,Oudemolsedijk,2019-10-21,09:00:00,9,5,4,FMN GV 18 Kasterlee
84,Oudemolsedijk,2019-10-21,10:00:00,13,5,8,FMN GV 18 Kasterlee
84,Oudemolsedijk,2019-10-21,11:00:00,6,1,5,FMN GV 18 Kasterlee
84,Oudemolsedijk,2019-10-21,12:00:00,16,7,9,FMN GV 18 Kasterlee
84,Oudemolsedijk,2019-10-21,13:00:00,26,3,23,FMN GV 18 Kasterlee
84,Oudemolsedijk,2019-10-21,14:00:00,26,17,9,FMN GV 18 Kasterlee
84,Oudemolsedijk,2019-10-21,15:00:00,25,8,17,FMN GV 18 Kasterlee
84,Oudemolsedijk,2019-10-21,16:00:00,42,18,24,FMN GV 18 Kasterlee
84,Oudemolsedijk,2019-10-21,17:00:00,15,6,9,FMN GV 18 Kasterlee
84,Oudemolsedijk,2019-10-21,18:00:00,5,2,3,FMN GV 18 Kasterlee
84,Oudemolsedijk,2019-10-21,19:00:00,2,2,0,FMN GV 18 Kasterlee
84,Oudemolsedijk,2019-10-21,20:00:00,2,2,0,FMN GV 18 Kasterlee
84,Oudemolsedijk,2019-10-21,21:00:00,1,0,1,FMN GV 18 Kasterlee
84,Oudemolsedijk,2019-10-21,22:00:00,2,2,0,FMN GV 18 Kasterlee
84,Oudemolsedijk,2019-10-21,23:00:00,0,0,0,FMN GV 18 Kasterlee
84,Oudemolsedijk,2019-10-22,00:00:00,0,0,0,FMN GV 18 Kasterlee
84,Oudemolsedijk,2019-10-22,01:00:00,0,0,0,FMN GV 18 Kasterlee
84,Oudemolsedijk,2019-10-22,02:00:00,0,0,0,FMN GV 18 Kasterlee
84,Oudemolsedijk,2019-10-22,03:00:00,0,0,0,FMN GV 18 Kasterlee
84,Oudemolsedijk,2019-10-22,04:00:00,0,0,0,FMN GV 18 Kasterlee
84,Oudemolsedijk,2019-10-22,05:00:00,2,2,0,FMN GV 18 Kasterlee
84,Oudemolsedijk,2019-10-22,06:00:00,12,5,7,FMN GV 18 Kasterlee
84,Oudemolsedijk,2019-10-22,07:00:00,31,14,17,FMN GV 18 Kasterlee
84,Oudemolsedijk,2019-10-22,08:00:00,29,13,16,FMN GV 18 Kasterlee
84,Oudemolsedijk,2019-10-22,09:00:00,5,0,5,FMN GV 18 Kasterlee
84,Oudemolsedijk,2019-10-22,10:00:00,15,5,10,FMN GV 18 Kasterlee
84,Oudemolsedijk,2019-10-22,11:00:00,11,8,3,FMN GV 18 Kasterlee
84,Oudemolsedijk,2019-10-22,12:00:00,13,8,5,FMN GV 18 Kasterlee
84,Oudemolsedijk,2019-10-22,13:00:00,25,8,17,FMN GV 18 Kasterlee
84,Oudemolsedijk,2019-10-22,14:00:00,69,51,18,FMN GV 18 Kasterlee
84,Oudemolsedijk,2019-10-22,15:00:00,50,36,14,FMN GV 18 Kasterlee
84,Oudemolsedijk,2019-10-22,16:00:00,68,38,30,FMN GV 18 Kasterlee
84,Oudemolsedijk,2019-10-22,17:00:00,37,18,19,FMN GV 18 Kasterlee
84,Oudemolsedijk,2019-10-22,18:00:00,19,9,10,FMN GV 18 Kasterlee
84,Oudemolsedijk,2019-10-22,19:00:00,5,1,4,FMN GV 18 Kasterlee
84,Oudemolsedijk,2019-10-22,20:00:00,5,2,3,FMN GV 18 Kasterlee
84,Oudemolsedijk,2019-10-22,21:00:00,2,0,2,FMN GV 18 Kasterlee
84,Oudemolsedijk,2019-10-22,22:00:00,4,1,3,FMN GV 18 Kasterlee
84,Oudemolsedijk,2019-10-22,23:00:00,1,1,0,FMN GV 18 Kasterlee
84,Oudemolsedijk,2019-10-23,00:00:00,0,0,0,FMN GV 18 Kasterlee
84,Oudemolsedijk,2019-10-23,01:00:00,0,0,0,FMN GV 18 Kasterlee
84,Oudemolsedijk,2019-10-23,02:00:00,0,0,0,FMN GV 18 Kasterlee
84,Oudemolsedijk,2019-10-23,03:00:00,1,0,1,FMN GV 18 Kasterlee
84,Oudemolsedijk,2019-10-23,04:00:00,0,0,0,FMN GV 18 Kasterlee
84,Oudemolsedijk,2019-10-23,05:00:00,2,1,1,FMN GV 18 Kasterlee
84,Oudemolsedijk,2019-10-23,06:00:00,14,7,7,FMN GV 18 Kasterlee
84,Oudemolsedijk,2019-10-23,07:00:00,27,14,13,FMN GV 18 Kasterlee
84,Oudemolsedijk,2019-10-23,08:00:00,16,9,7,FMN GV 18 Kasterlee
84,Oudemolsedijk,2019-10-23,09:00:00,19,7,12,FMN GV 18 Kasterlee
84,Oudemolsedijk,2019-10-23,10:00:00,18,15,3,FMN GV 18 Kasterlee
84,Oudemolsedijk,2019-10-23,11:00:00,15,7,8,FMN GV 18 Kasterlee
84,Oudemolsedijk,2019-10-23,12:00:00,31,13,18,FMN GV 18 Kasterlee
84,Oudemolsedijk,2019-10-23,13:00:00,53,27,26,FMN GV 18 Kasterlee
84,Oudemolsedijk,2019-10-23,14:00:00,85,50,35,FMN GV 18 Kasterlee
84,Oudemolsedijk,2019-10-23,15:00:00,59,31,28,FMN GV 18 Kasterlee
84,Oudemolsedijk,2019-10-23,16:00:00,52,25,27,FMN GV 18 Kasterlee
84,Oudemolsedijk,2019-10-23,17:00:00,39,21,18,FMN GV 18 Kasterlee
84,Oudemolsedijk,2019-10-23,18:00:00,12,9,3,FMN GV 18 Kasterlee
84,Oudemolsedijk,2019-10-23,19:00:00,11,7,4,FMN GV 18 Kasterlee
84,Oudemolsedijk,2019-10-23,20:00:00,41,26,15,FMN GV 18 Kasterlee
84,Oudemolsedijk,2019-10-23,21:00:00,7,5,2,FMN GV 18 Kasterlee
84,Oudemolsedijk,2019-10-23,22:00:00,3,1,2,FMN GV 18 Kasterlee
84,Oudemolsedijk,2019-10-23,23:00:00,0,0,0,FMN GV 18 Kasterlee
84,Oudemolsedijk,2019-10-24,00:00:00,0,0,0,FMN GV 18 Kasterlee
84,Oudemolsedijk,2019-10-24,01:00:00,0,0,0,FMN GV 18 Kasterlee
84,Oudemolsedijk,2019-10-24,02:00:00,0,0,0,FMN GV 18 Kasterlee
84,Oudemolsedijk,2019-10-24,03:00:00,1,0,1,FMN GV 18 Kasterlee
84,Oudemolsedijk,2019-10-24,04:00:00,1,1,0,FMN GV 18 Kasterlee
84,Oudemolsedijk,2019-10-24,05:00:00,1,1,0,FMN GV 18 Kasterlee
84,Oudemolsedijk,2019-10-24,06:00:00,14,7,7,FMN GV 18 Kasterlee
84,Oudemolsedijk,2019-10-24,07:00:00,26,14,12,FMN GV 18 Kasterlee
84,Oudemolsedijk,2019-10-24,08:00:00,19,10,9,FMN GV 18 Kasterlee
84,Oudemolsedijk,2019-10-24,09:00:00,8,4,4,FMN GV 18 Kasterlee
84,Oudemolsedijk,2019-10-24,10:00:00,19,11,8,FMN GV 18 Kasterlee
84,Oudemolsedijk,2019-10-24,11:00:00,14,6,8,FMN GV 18 Kasterlee
84,Oudemolsedijk,2019-10-24,12:00:00,27,8,19,FMN GV 18 Kasterlee
84,Oudemolsedijk,2019-10-24,13:00:00,41,19,22,FMN GV 18 Kasterlee
84,Oudemolsedijk,2019-10-24,14:00:00,70,32,38,FMN GV 18 Kasterlee
84,Oudemolsedijk,2019-10-24,15:00:00,101,67,34,FMN GV 18 Kasterlee
84,Oudemolsedijk,2019-10-24,16:00:00,59,33,26,FMN GV 18 Kasterlee
84,Oudemolsedijk,2019-10-24,17:00:00,43,26,17,FMN GV 18 Kasterlee
84,Oudemolsedijk,2019-10-24,18:00:00,15,7,8,FMN GV 18 Kasterlee
84,Oudemolsedijk,2019-10-24,19:00:00,11,9,2,FMN GV 18 Kasterlee
84,Oudemolsedijk,2019-10-24,20:00:00,2,1,1,FMN GV 18 Kasterlee
84,Oudemolsedijk,2019-10-24,21:00:00,2,1,1,FMN GV 18 Kasterlee
84,Oudemolsedijk,2019-10-24,22:00:00,1,1,0,FMN GV 18 Kasterlee
84,Oudemolsedijk,2019-10-24,23:00:00,0,0,0,FMN GV 18 Kasterlee
84,Oudemolsedijk,2019-10-25,00:00:00,0,0,0,FMN GV 18 Kasterlee
84,Oudemolsedijk,2019-10-25,01:00:00,0,0,0,FMN GV 18 Kasterlee
84,Oudemolsedijk,2019-10-25,02:00:00,1,0,1,FMN GV 18 Kasterlee
84,Oudemolsedijk,2019-10-25,03:00:00,0,0,0,FMN GV 18 Kasterlee
84,Oudemolsedijk,2019-10-25,04:00:00,1,1,0,FMN GV 18 Kasterlee
84,Oudemolsedijk,2019-10-25,05:00:00,3,3,0,FMN GV 18 Kasterlee
84,Oudemolsedijk,2019-10-25,06:00:00,14,5,9,FMN GV 18 Kasterlee
84,Oudemolsedijk,2019-10-25,07:00:00,20,11,9,FMN GV 18 Kasterlee
84,Oudemolsedijk,2019-10-25,08:00:00,25,16,9,FMN GV 18 Kasterlee
84,Oudemolsedijk,2019-10-25,09:00:00,14,2,12,FMN GV 18 Kasterlee
84,Oudemolsedijk,2019-10-25,10:00:00,15,9,6,FMN GV 18 Kasterlee
84,Oudemolsedijk,2019-10-25,11:00:00,8,5,3,FMN GV 18 Kasterlee
84,Oudemolsedijk,2019-10-25,12:00:00,16,7,9,FMN GV 18 Kasterlee
84,Oudemolsedijk,2019-10-25,13:00:00,44,21,23,FMN GV 18 Kasterlee
84,Oudemolsedijk,2019-10-25,14:00:00,51,27,24,FMN GV 18 Kasterlee
84,Oudemolsedijk,2019-10-25,15:00:00,38,15,23,FMN GV 18 Kasterlee
84,Oudemolsedijk,2019-10-25,16:00:00,60,32,28,FMN GV 18 Kasterlee
84,Oudemolsedijk,2019-10-25,17:00:00,25,17,8,FMN GV 18 Kasterlee
84,Oudemolsedijk,2019-10-25,18:00:00,13,1,12,FMN GV 18 Kasterlee
84,Oudemolsedijk,2019-10-25,19:00:00,4,3,1,FMN GV 18 Kasterlee
84,Oudemolsedijk,2019-10-25,20:00:00,9,8,1,FMN GV 18 Kasterlee
84,Oudemolsedijk,2019-10-25,21:00:00,0,0,0,FMN GV 18 Kasterlee
84,Oudemolsedijk,2019-10-25,22:00:00,0,0,0,FMN GV 18 Kasterlee
84,Oudemolsedijk,2019-10-25,23:00:00,0,0,0,FMN GV 18 Kasterlee
84,Oudemolsedijk,2019-10-26,00:00:00,0,0,0,FMN GV 18 Kasterlee
84,Oudemolsedijk,2019-10-26,01:00:00,0,0,0,FMN GV 18 Kasterlee
84,Oudemolsedijk,2019-10-26,02:00:00,0,0,0,FMN GV 18 Kasterlee
84,Oudemolsedijk,2019-10-26,03:00:00,0,0,0,FMN GV 18 Kasterlee
84,Oudemolsedijk,2019-10-26,04:00:00,0,0,0,FMN GV 18 Kasterlee
84,Oudemolsedijk,2019-10-26,05:00:00,0,0,0,FMN GV 18 Kasterlee
84,Oudemolsedijk,2019-10-26,06:00:00,0,0,0,FMN GV 18 Kasterlee
84,Oudemolsedijk,2019-10-26,07:00:00,2,1,1,FMN GV 18 Kasterlee
84,Oudemolsedijk,2019-10-26,08:00:00,2,1,1,FMN GV 18 Kasterlee
84,Oudemolsedijk,2019-10-26,09:00:00,7,6,1,FMN GV 18 Kasterlee
84,Oudemolsedijk,2019-10-26,10:00:00,31,17,14,FMN GV 18 Kasterlee
84,Oudemolsedijk,2019-10-26,11:00:00,40,27,13,FMN GV 18 Kasterlee
84,Oudemolsedijk,2019-10-26,12:00:00,38,14,24,FMN GV 18 Kasterlee
84,Oudemolsedijk,2019-10-26,13:00:00,78,34,44,FMN GV 18 Kasterlee
84,Oudemolsedijk,2019-10-26,14:00:00,107,33,74,FMN GV 18 Kasterlee
84,Oudemolsedijk,2019-10-26,15:00:00,95,62,33,FMN GV 18 Kasterlee
84,Oudemolsedijk,2019-10-26,16:00:00,42,33,9,FMN GV 18 Kasterlee
84,Oudemolsedijk,2019-10-26,17:00:00,19,10,9,FMN GV 18 Kasterlee
84,Oudemolsedijk,2019-10-26,18:00:00,1,0,1,FMN GV 18 Kasterlee
84,Oudemolsedijk,2019-10-26,19:00:00,0,0,0,FMN GV 18 Kasterlee
84,Oudemolsedijk,2019-10-26,20:00:00,3,3,0,FMN GV 18 Kasterlee
84,Oudemolsedijk,2019-10-26,21:00:00,0,0,0,FMN GV 18 Kasterlee
84,Oudemolsedijk,2019-10-26,22:00:00,1,1,0,FMN GV 18 Kasterlee
84,Oudemolsedijk,2019-10-26,23:00:00,0,0,0,FMN GV 18 Kasterlee
84,Oudemolsedijk,2019-10-27,00:00:00,4,0,4,FMN GV 18 Kasterlee
84,Oudemolsedijk,2019-10-27,01:00:00,1,1,0,FMN GV 18 Kasterlee
84,Oudemolsedijk,2019-10-27,02:00:00,2,1,1,FMN GV 18 Kasterlee
84,Oudemolsedijk,2019-10-27,03:00:00,0,0,0,FMN GV 18 Kasterlee
84,Oudemolsedijk,2019-10-27,04:00:00,0,0,0,FMN GV 18 Kasterlee
84,Oudemolsedijk,2019-10-27,05:00:00,0,0,0,FMN GV 18 Kasterlee
84,Oudemolsedijk,2019-10-27,06:00:00,3,1,2,FMN GV 18 Kasterlee
84,Oudemolsedijk,2019-10-27,07:00:00,0,0,0,FMN GV 18 Kasterlee
84,Oudemolsedijk,2019-10-27,08:00:00,15,5,10,FMN GV 18 Kasterlee
84,Oudemolsedijk,2019-10-27,09:00:00,29,20,9,FMN GV 18 Kasterlee
84,Oudemolsedijk,2019-10-27,10:00:00,67,30,37,FMN GV 18 Kasterlee
84,Oudemolsedijk,2019-10-27,11:00:00,57,26,31,FMN GV 18 Kasterlee
84,Oudemolsedijk,2019-10-27,12:00:00,26,14,12,FMN GV 18 Kasterlee
84,Oudemolsedijk,2019-10-27,13:00:00,24,12,12,FMN GV 18 Kasterlee
84,Oudemolsedijk,2019-10-27,14:00:00,45,16,29,FMN GV 18 Kasterlee
84,Oudemolsedijk,2019-10-27,15:00:00,38,26,12,FMN GV 18 Kasterlee
84,Oudemolsedijk,2019-10-27,16:00:00,38,27,11,FMN GV 18 Kasterlee
84,Oudemolsedijk,2019-10-27,17:00:00,16,8,8,FMN GV 18 Kasterlee
84,Oudemolsedijk,2019-10-27,18:00:00,3,3,0,FMN GV 18 Kasterlee
84,Oudemolsedijk,2019-10-27,19:00:00,1,0,1,FMN GV 18 Kasterlee
84,Oudemolsedijk,2019-10-27,20:00:00,1,1,0,FMN GV 18 Kasterlee
84,Oudemolsedijk,2019-10-27,21:00:00,0,0,0,FMN GV 18 Kasterlee
84,Oudemolsedijk,2019-10-27,22:00:00,0,0,0,FMN GV 18 Kasterlee
84,Oudemolsedijk,2019-10-27,23:00:00,0,0,0,FMN GV 18 Kasterlee
84,Oudemolsedijk,2019-10-28,00:00:00,0,0,0,FMN GV 18 Kasterlee
84,Oudemolsedijk,2019-10-28,01:00:00,0,0,0,FMN GV 18 Kasterlee
84,Oudemolsedijk,2019-10-28,02:00:00,0,0,0,FMN GV 18 Kasterlee
84,Oudemolsedijk,2019-10-28,03:00:00,0,0,0,FMN GV 18 Kasterlee
84,Oudemolsedijk,2019-10-28,04:00:00,1,1,0,FMN GV 18 Kasterlee
84,Oudemolsedijk,2019-10-28,05:00:00,4,4,0,FMN GV 18 Kasterlee
84,Oudemolsedijk,2019-10-28,06:00:00,8,2,6,FMN GV 18 Kasterlee
84,Oudemolsedijk,2019-10-28,07:00:00,14,8,6,FMN GV 18 Kasterlee
84,Oudemolsedijk,2019-10-28,08:00:00,12,6,6,FMN GV 18 Kasterlee
84,Oudemolsedijk,2019-10-28,09:00:00,9,4,5,FMN GV 18 Kasterlee
84,Oudemolsedijk,2019-10-28,10:00:00,10,4,6,FMN GV 18 Kasterlee
84,Oudemolsedijk,2019-10-28,11:00:00,12,6,6,FMN GV 18 Kasterlee
84,Oudemolsedijk,2019-10-28,12:00:00,17,8,9,FMN GV 18 Kasterlee
84,Oudemolsedijk,2019-10-28,13:00:00,49,18,31,FMN GV 18 Kasterlee
84,Oudemolsedijk,2019-10-28,14:00:00,58,39,19,FMN GV 18 Kasterlee
84,Oudemolsedijk,2019-10-28,15:00:00,32,17,15,FMN GV 18 Kasterlee
84,Oudemolsedijk,2019-10-28,16:00:00,35,22,13,FMN GV 18 Kasterlee
84,Oudemolsedijk,2019-10-28,17:00:00,20,10,10,FMN GV 18 Kasterlee
84,Oudemolsedijk,2019-10-28,18:00:00,6,4,2,FMN GV 18 Kasterlee
84,Oudemolsedijk,2019-10-28,19:00:00,5,2,3,FMN GV 18 Kasterlee
84,Oudemolsedijk,2019-10-28,20:00:00,0,0,0,FMN GV 18 Kasterlee
84,Oudemolsedijk,2019-10-28,21:00:00,2,2,0,FMN GV 18 Kasterlee
84,Oudemolsedijk,2019-10-28,22:00:00,2,0,2,FMN GV 18 Kasterlee
84,Oudemolsedijk,2019-10-28,23:00:00,0,0,0,FMN GV 18 Kasterlee
84,Oudemolsedijk,2019-10-29,00:00:00,0,0,0,FMN GV 18 Kasterlee
84,Oudemolsedijk,2019-10-29,01:00:00,2,2,0,FMN GV 18 Kasterlee
84,Oudemolsedijk,2019-10-29,02:00:00,0,0,0,FMN GV 18 Kasterlee
84,Oudemolsedijk,2019-10-29,03:00:00,0,0,0,FMN GV 18 Kasterlee
84,Oudemolsedijk,2019-10-29,04:00:00,1,1,0,FMN GV 18 Kasterlee
84,Oudemolsedijk,2019-10-29,05:00:00,3,3,0,FMN GV 18 Kasterlee
84,Oudemolsedijk,2019-10-29,06:00:00,10,5,5,FMN GV 18 Kasterlee
84,Oudemolsedijk,2019-10-29,07:00:00,13,6,7,FMN GV 18 Kasterlee
84,Oudemolsedijk,2019-10-29,08:00:00,11,6,5,FMN GV 18 Kasterlee
84,Oudemolsedijk,2019-10-29,09:00:00,13,2,11,FMN GV 18 Kasterlee
84,Oudemolsedijk,2019-10-29,10:00:00,14,3,11,FMN GV 18 Kasterlee
84,Oudemolsedijk,2019-10-29,11:00:00,11,5,6,FMN GV 18 Kasterlee
84,Oudemolsedijk,2019-10-29,12:00:00,18,7,11,FMN GV 18 Kasterlee
84,Oudemolsedijk,2019-10-29,13:00:00,69,22,47,FMN GV 18 Kasterlee
84,Oudemolsedijk,2019-10-29,14:00:00,78,43,35,FMN GV 18 Kasterlee
84,Oudemolsedijk,2019-10-29,15:00:00,79,31,48,FMN GV 18 Kasterlee
84,Oudemolsedijk,2019-10-29,16:00:00,61,47,14,FMN GV 18 Kasterlee
84,Oudemolsedijk,2019-10-29,17:00:00,16,9,7,FMN GV 18 Kasterlee
84,Oudemolsedijk,2019-10-29,18:00:00,9,3,6,FMN GV 18 Kasterlee
84,Oudemolsedijk,2019-10-29,19:00:00,5,4,1,FMN GV 18 Kasterlee
84,Oudemolsedijk,2019-10-29,20:00:00,0,0,0,FMN GV 18 Kasterlee
84,Oudemolsedijk,2019-10-29,21:00:00,1,1,0,FMN GV 18 Kasterlee
84,Oudemolsedijk,2019-10-29,22:00:00,2,1,1,FMN GV 18 Kasterlee
84,Oudemolsedijk,2019-10-29,23:00:00,1,1,0,FMN GV 18 Kasterlee
84,Oudemolsedijk,2019-10-30,00:00:00,0,0,0,FMN GV 18 Kasterlee
84,Oudemolsedijk,2019-10-30,01:00:00,0,0,0,FMN GV 18 Kasterlee
84,Oudemolsedijk,2019-10-30,02:00:00,1,0,1,FMN GV 18 Kasterlee
84,Oudemolsedijk,2019-10-30,03:00:00,0,0,0,FMN GV 18 Kasterlee
84,Oudemolsedijk,2019-10-30,04:00:00,1,1,0,FMN GV 18 Kasterlee
84,Oudemolsedijk,2019-10-30,05:00:00,3,3,0,FMN GV 18 Kasterlee
84,Oudemolsedijk,2019-10-30,06:00:00,7,3,4,FMN GV 18 Kasterlee
84,Oudemolsedijk,2019-10-30,07:00:00,16,5,11,FMN GV 18 Kasterlee
84,Oudemolsedijk,2019-10-30,08:00:00,10,4,6,FMN GV 18 Kasterlee
84,Oudemolsedijk,2019-10-30,09:00:00,5,5,0,FMN GV 18 Kasterlee
84,Oudemolsedijk,2019-10-30,10:00:00,9,3,6,FMN GV 18 Kasterlee
84,Oudemolsedijk,2019-10-30,11:00:00,10,2,8,FMN GV 18 Kasterlee
84,Oudemolsedijk,2019-10-30,12:00:00,12,6,6,FMN GV 18 Kasterlee
84,Oudemolsedijk,2019-10-30,13:00:00,28,12,16,FMN GV 18 Kasterlee
84,Oudemolsedijk,2019-10-30,14:00:00,68,19,49,FMN GV 18 Kasterlee
84,Oudemolsedijk,2019-10-30,15:00:00,33,18,15,FMN GV 18 Kasterlee
84,Oudemolsedijk,2019-10-30,16:00:00,22,16,6,FMN GV 18 Kasterlee
84,Oudemolsedijk,2019-10-30,17:00:00,20,7,13,FMN GV 18 Kasterlee
84,Oudemolsedijk,2019-10-30,18:00:00,5,1,4,FMN GV 18 Kasterlee
84,Oudemolsedijk,2019-10-30,19:00:00,16,14,2,FMN GV 18 Kasterlee
84,Oudemolsedijk,2019-10-30,20:00:00,19,18,1,FMN GV 18 Kasterlee
84,Oudemolsedijk,2019-10-30,21:00:00,0,0,0,FMN GV 18 Kasterlee
84,Oudemolsedijk,2019-10-30,22:00:00,1,0,1,FMN GV 18 Kasterlee
84,Oudemolsedijk,2019-10-30,23:00:00,0,0,0,FMN GV 18 Kasterlee
84,Oudemolsedijk,2019-10-31,00:00:00,0,0,0,FMN GV 18 Kasterlee
84,Oudemolsedijk,2019-10-31,01:00:00,0,0,0,FMN GV 18 Kasterlee
84,Oudemolsedijk,2019-10-31,02:00:00,0,0,0,FMN GV 18 Kasterlee
84,Oudemolsedijk,2019-10-31,03:00:00,0,0,0,FMN GV 18 Kasterlee
84,Oudemolsedijk,2019-10-31,04:00:00,1,1,0,FMN GV 18 Kasterlee
84,Oudemolsedijk,2019-10-31,05:00:00,1,1,0,FMN GV 18 Kasterlee
84,Oudemolsedijk,2019-10-31,06:00:00,9,4,5,FMN GV 18 Kasterlee
84,Oudemolsedijk,2019-10-31,07:00:00,14,4,10,FMN GV 18 Kasterlee
84,Oudemolsedijk,2019-10-31,08:00:00,6,2,4,FMN GV 18 Kasterlee
84,Oudemolsedijk,2019-10-31,09:00:00,9,2,7,FMN GV 18 Kasterlee
84,Oudemolsedijk,2019-10-31,10:00:00,15,3,12,FMN GV 18 Kasterlee
84,Oudemolsedijk,2019-10-31,11:00:00,11,8,3,FMN GV 18 Kasterlee
84,Oudemolsedijk,2019-10-31,12:00:00,18,8,10,FMN GV 18 Kasterlee
84,Oudemolsedijk,2019-10-31,13:00:00,41,21,20,FMN GV 18 Kasterlee
84,Oudemolsedijk,2019-10-31,14:00:00,82,35,47,FMN GV 18 Kasterlee
84,Oudemolsedijk,2019-10-31,15:00:00,53,37,16,FMN GV 18 Kasterlee
84,Oudemolsedijk,2019-10-31,16:00:00,23,14,9,FMN GV 18 Kasterlee
84,Oudemolsedijk,2019-10-31,17:00:00,13,10,3,FMN GV 18 Kasterlee
84,Oudemolsedijk,2019-10-31,18:00:00,3,2,1,FMN GV 18 Kasterlee
84,Oudemolsedijk,2019-10-31,19:00:00,9,4,5,FMN GV 18 Kasterlee
84,Oudemolsedijk,2019-10-31,20:00:00,4,4,0,FMN GV 18 Kasterlee
84,Oudemolsedijk,2019-10-31,21:00:00,4,3,1,FMN GV 18 Kasterlee
84,Oudemolsedijk,2019-10-31,22:00:00,4,3,1,FMN GV 18 Kasterlee
84,Oudemolsedijk,2019-10-31,23:00:00,0,0,0,FMN GV 18 Kasterlee
84,Oudemolsedijk,2019-11-01,00:00:00,0,0,0,FMN GV 18 Kasterlee
84,Oudemolsedijk,2019-11-01,01:00:00,0,0,0,FMN GV 18 Kasterlee
84,Oudemolsedijk,2019-11-01,02:00:00,0,0,0,FMN GV 18 Kasterlee
84,Oudemolsedijk,2019-11-01,03:00:00,0,0,0,FMN GV 18 Kasterlee
84,Oudemolsedijk,2019-11-01,04:00:00,0,0,0,FMN GV 18 Kasterlee
84,Oudemolsedijk,2019-11-01,05:00:00,1,1,0,FMN GV 18 Kasterlee
84,Oudemolsedijk,2019-11-01,06:00:00,2,0,2,FMN GV 18 Kasterlee
84,Oudemolsedijk,2019-11-01,07:00:00,0,0,0,FMN GV 18 Kasterlee
84,Oudemolsedijk,2019-11-01,08:00:00,10,4,6,FMN GV 18 Kasterlee
84,Oudemolsedijk,2019-11-01,09:00:00,5,3,2,FMN GV 18 Kasterlee
84,Oudemolsedijk,2019-11-01,10:00:00,19,13,6,FMN GV 18 Kasterlee
84,Oudemolsedijk,2019-11-01,11:00:00,16,5,11,FMN GV 18 Kasterlee
84,Oudemolsedijk,2019-11-01,12:00:00,8,6,2,FMN GV 18 Kasterlee
84,Oudemolsedijk,2019-11-01,13:00:00,0,0,0,FMN GV 18 Kasterlee
84,Oudemolsedijk,2019-11-01,14:00:00,2,1,1,FMN GV 18 Kasterlee
84,Oudemolsedijk,2019-11-01,15:00:00,2,1,1,FMN GV 18 Kasterlee
84,Oudemolsedijk,2019-11-01,16:00:00,0,0,0,FMN GV 18 Kasterlee
84,Oudemolsedijk,2019-11-01,17:00:00,4,2,2,FMN GV 18 Kasterlee
84,Oudemolsedijk,2019-11-01,18:00:00,2,2,0,FMN GV 18 Kasterlee
84,Oudemolsedijk,2019-11-01,19:00:00,0,0,0,FMN GV 18 Kasterlee
84,Oudemolsedijk,2019-11-01,20:00:00,1,1,0,FMN GV 18 Kasterlee
84,Oudemolsedijk,2019-11-01,21:00:00,1,1,0,FMN GV 18 Kasterlee
84,Oudemolsedijk,2019-11-01,22:00:00,0,0,0,FMN GV 18 Kasterlee
84,Oudemolsedijk,2019-11-01,23:00:00,1,1,0,FMN GV 18 Kasterlee
84,Oudemolsedijk,2019-11-02,00:00:00,0,0,0,FMN GV 18 Kasterlee
84,Oudemolsedijk,2019-11-02,01:00:00,0,0,0,FMN GV 18 Kasterlee
84,Oudemolsedijk,2019-11-02,02:00:00,1,0,1,FMN GV 18 Kasterlee
84,Oudemolsedijk,2019-11-02,03:00:00,2,0,2,FMN GV 18 Kasterlee
84,Oudemolsedijk,2019-11-02,04:00:00,0,0,0,FMN GV 18 Kasterlee
84,Oudemolsedijk,2019-11-02,05:00:00,0,0,0,FMN GV 18 Kasterlee
84,Oudemolsedijk,2019-11-02,06:00:00,3,3,0,FMN GV 18 Kasterlee
84,Oudemolsedijk,2019-11-02,07:00:00,1,0,1,FMN GV 18 Kasterlee
84,Oudemolsedijk,2019-11-02,08:00:00,4,1,3,FMN GV 18 Kasterlee
84,Oudemolsedijk,2019-11-02,09:00:00,22,12,10,FMN GV 18 Kasterlee
84,Oudemolsedijk,2019-11-02,10:00:00,0,0,0,FMN GV 18 Kasterlee
84,Oudemolsedijk,2019-11-02,11:00:00,3,2,1,FMN GV 18 Kasterlee
84,Oudemolsedijk,2019-11-02,12:00:00,13,7,6,FMN GV 18 Kasterlee
84,Oudemolsedijk,2019-11-02,13:00:00,31,15,16,FMN GV 18 Kasterlee
84,Oudemolsedijk,2019-11-02,14:00:00,39,14,25,FMN GV 18 Kasterlee
84,Oudemolsedijk,2019-11-02,15:00:00,59,40,19,FMN GV 18 Kasterlee
84,Oudemolsedijk,2019-11-02,16:00:00,20,12,8,FMN GV 18 Kasterlee
84,Oudemolsedijk,2019-11-02,17:00:00,12,9,3,FMN GV 18 Kasterlee
84,Oudemolsedijk,2019-11-02,18:00:00,1,1,0,FMN GV 18 Kasterlee
84,Oudemolsedijk,2019-11-02,19:00:00,1,1,0,FMN GV 18 Kasterlee
84,Oudemolsedijk,2019-11-02,20:00:00,0,0,0,FMN GV 18 Kasterlee
84,Oudemolsedijk,2019-11-02,21:00:00,0,0,0,FMN GV 18 Kasterlee
84,Oudemolsedijk,2019-11-02,22:00:00,0,0,0,FMN GV 18 Kasterlee
84,Oudemolsedijk,2019-11-02,23:00:00,1,0,1,FMN GV 18 Kasterlee
84,Oudemolsedijk,2019-11-03,00:00:00,0,0,0,FMN GV 18 Kasterlee
84,Oudemolsedijk,2019-11-03,01:00:00,0,0,0,FMN GV 18 Kasterlee
84,Oudemolsedijk,2019-11-03,02:00:00,0,0,0,FMN GV 18 Kasterlee
84,Oudemolsedijk,2019-11-03,03:00:00,1,0,1,FMN GV 18 Kasterlee
84,Oudemolsedijk,2019-11-03,04:00:00,0,0,0,FMN GV 18 Kasterlee
84,Oudemolsedijk,2019-11-03,05:00:00,0,0,0,FMN GV 18 Kasterlee
84,Oudemolsedijk,2019-11-03,06:00:00,2,0,2,FMN GV 18 Kasterlee
84,Oudemolsedijk,2019-11-03,07:00:00,2,1,1,FMN GV 18 Kasterlee
84,Oudemolsedijk,2019-11-03,08:00:00,10,3,7,FMN GV 18 Kasterlee
84,Oudemolsedijk,2019-11-03,09:00:00,35,14,21,FMN GV 18 Kasterlee
84,Oudemolsedijk,2019-11-03,10:00:00,36,24,12,FMN GV 18 Kasterlee
84,Oudemolsedijk,2019-11-03,11:00:00,39,27,12,FMN GV 18 Kasterlee
84,Oudemolsedijk,2019-11-03,12:00:00,11,8,3,FMN GV 18 Kasterlee
84,Oudemolsedijk,2019-11-03,13:00:00,8,3,5,FMN GV 18 Kasterlee
84,Oudemolsedijk,2019-11-03,14:00:00,5,3,2,FMN GV 18 Kasterlee
84,Oudemolsedijk,2019-11-03,15:00:00,5,3,2,FMN GV 18 Kasterlee
84,Oudemolsedijk,2019-11-03,16:00:00,2,1,1,FMN GV 18 Kasterlee
84,Oudemolsedijk,2019-11-03,17:00:00,3,2,1,FMN GV 18 Kasterlee
84,Oudemolsedijk,2019-11-03,18:00:00,5,4,1,FMN GV 18 Kasterlee
84,Oudemolsedijk,2019-11-03,19:00:00,0,0,0,FMN GV 18 Kasterlee
84,Oudemolsedijk,2019-11-03,20:00:00,0,0,0,FMN GV 18 Kasterlee
84,Oudemolsedijk,2019-11-03,21:00:00,1,1,0,FMN GV 18 Kasterlee
84,Oudemolsedijk,2019-11-03,22:00:00,1,1,0,FMN GV 18 Kasterlee
84,Oudemolsedijk,2019-11-03,23:00:00,0,0,0,FMN GV 18 Kasterlee
84,Oudemolsedijk,2019-11-04,00:00:00,0,0,0,FMN GV 18 Kasterlee
84,Oudemolsedijk,2019-11-04,01:00:00,0,0,0,FMN GV 18 Kasterlee
84,Oudemolsedijk,2019-11-04,02:00:00,0,0,0,FMN GV 18 Kasterlee
84,Oudemolsedijk,2019-11-04,03:00:00,0,0,0,FMN GV 18 Kasterlee
84,Oudemolsedijk,2019-11-04,04:00:00,0,0,0,FMN GV 18 Kasterlee
84,Oudemolsedijk,2019-11-04,05:00:00,1,1,0,FMN GV 18 Kasterlee
84,Oudemolsedijk,2019-11-04,06:00:00,9,4,5,FMN GV 18 Kasterlee
84,Oudemolsedijk,2019-11-04,07:00:00,25,11,14,FMN GV 18 Kasterlee
84,Oudemolsedijk,2019-11-04,08:00:00,12,5,7,FMN GV 18 Kasterlee
84,Oudemolsedijk,2019-11-04,09:00:00,13,6,7,FMN GV 18 Kasterlee
84,Oudemolsedijk,2019-11-04,10:00:00,9,2,7,FMN GV 18 Kasterlee
84,Oudemolsedijk,2019-11-04,11:00:00,1,0,1,FMN GV 18 Kasterlee
84,Oudemolsedijk,2019-11-04,12:00:00,10,7,3,FMN GV 18 Kasterlee
84,Oudemolsedijk,2019-11-04,13:00:00,12,4,8,FMN GV 18 Kasterlee
84,Oudemolsedijk,2019-11-04,14:00:00,22,12,10,FMN GV 18 Kasterlee
84,Oudemolsedijk,2019-11-04,15:00:00,18,10,8,FMN GV 18 Kasterlee
84,Oudemolsedijk,2019-11-04,16:00:00,28,16,12,FMN GV 18 Kasterlee
84,Oudemolsedijk,2019-11-04,17:00:00,24,11,13,FMN GV 18 Kasterlee
84,Oudemolsedijk,2019-11-04,18:00:00,10,5,5,FMN GV 18 Kasterlee
84,Oudemolsedijk,2019-11-04,19:00:00,3,3,0,FMN GV 18 Kasterlee
84,Oudemolsedijk,2019-11-04,20:00:00,0,0,0,FMN GV 18 Kasterlee
84,Oudemolsedijk,2019-11-04,21:00:00,1,0,1,FMN GV 18 Kasterlee
84,Oudemolsedijk,2019-11-04,22:00:00,2,1,1,FMN GV 18 Kasterlee
84,Oudemolsedijk,2019-11-04,23:00:00,0,0,0,FMN GV 18 Kasterlee
84,Oudemolsedijk,2019-11-05,00:00:00,0,0,0,FMN GV 18 Kasterlee
84,Oudemolsedijk,2019-11-05,01:00:00,0,0,0,FMN GV 18 Kasterlee
84,Oudemolsedijk,2019-11-05,02:00:00,0,0,0,FMN GV 18 Kasterlee
84,Oudemolsedijk,2019-11-05,03:00:00,0,0,0,FMN GV 18 Kasterlee
84,Oudemolsedijk,2019-11-05,04:00:00,0,0,0,FMN GV 18 Kasterlee
84,Oudemolsedijk,2019-11-05,05:00:00,1,1,0,FMN GV 18 Kasterlee
84,Oudemolsedijk,2019-11-05,06:00:00,9,5,4,FMN GV 18 Kasterlee
84,Oudemolsedijk,2019-11-05,07:00:00,21,9,12,FMN GV 18 Kasterlee
84,Oudemolsedijk,2019-11-05,08:00:00,16,4,12,FMN GV 18 Kasterlee
84,Oudemolsedijk,2019-11-05,09:00:00,13,8,5,FMN GV 18 Kasterlee
84,Oudemolsedijk,2019-11-05,10:00:00,6,4,2,FMN GV 18 Kasterlee
84,Oudemolsedijk,2019-11-05,11:00:00,11,6,5,FMN GV 18 Kasterlee
84,Oudemolsedijk,2019-11-05,12:00:00,10,6,4,FMN GV 18 Kasterlee
84,Oudemolsedijk,2019-11-05,13:00:00,49,5,44,FMN GV 18 Kasterlee
84,Oudemolsedijk,2019-11-05,14:00:00,37,11,26,FMN GV 18 Kasterlee
84,Oudemolsedijk,2019-11-05,15:00:00,35,15,20,FMN GV 18 Kasterlee
84,Oudemolsedijk,2019-11-05,16:00:00,34,23,11,FMN GV 18 Kasterlee
84,Oudemolsedijk,2019-11-05,17:00:00,22,9,13,FMN GV 18 Kasterlee
84,Oudemolsedijk,2019-11-05,18:00:00,9,5,4,FMN GV 18 Kasterlee
84,Oudemolsedijk,2019-11-05,19:00:00,4,3,1,FMN GV 18 Kasterlee
84,Oudemolsedijk,2019-11-05,20:00:00,3,0,3,FMN GV 18 Kasterlee
84,Oudemolsedijk,2019-11-05,21:00:00,3,2,1,FMN GV 18 Kasterlee
84,Oudemolsedijk,2019-11-05,22:00:00,0,0,0,FMN GV 18 Kasterlee
84,Oudemolsedijk,2019-11-05,23:00:00,1,1,0,FMN GV 18 Kasterlee
84,Oudemolsedijk,2019-11-06,00:00:00,0,0,0,FMN GV 18 Kasterlee
84,Oudemolsedijk,2019-11-06,01:00:00,0,0,0,FMN GV 18 Kasterlee
84,Oudemolsedijk,2019-11-06,02:00:00,0,0,0,FMN GV 18 Kasterlee
84,Oudemolsedijk,2019-11-06,03:00:00,0,0,0,FMN GV 18 Kasterlee
84,Oudemolsedijk,2019-11-06,04:00:00,0,0,0,FMN GV 18 Kasterlee
84,Oudemolsedijk,2019-11-06,05:00:00,2,1,1,FMN GV 18 Kasterlee
84,Oudemolsedijk,2019-11-06,06:00:00,6,2,4,FMN GV 18 Kasterlee
84,Oudemolsedijk,2019-11-06,07:00:00,20,7,13,FMN GV 18 Kasterlee
84,Oudemolsedijk,2019-11-06,08:00:00,9,4,5,FMN GV 18 Kasterlee
84,Oudemolsedijk,2019-11-06,09:00:00,10,5,5,FMN GV 18 Kasterlee
84,Oudemolsedijk,2019-11-06,10:00:00,11,5,6,FMN GV 18 Kasterlee
84,Oudemolsedijk,2019-11-06,11:00:00,6,5,1,FMN GV 18 Kasterlee
84,Oudemolsedijk,2019-11-06,12:00:00,22,11,11,FMN GV 18 Kasterlee
84,Oudemolsedijk,2019-11-06,13:00:00,36,22,14,FMN GV 18 Kasterlee
84,Oudemolsedijk,2019-11-06,14:00:00,34,17,17,FMN GV 18 Kasterlee
84,Oudemolsedijk,2019-11-06,15:00:00,37,20,17,FMN GV 18 Kasterlee
84,Oudemolsedijk,2019-11-06,16:00:00,25,14,11,FMN GV 18 Kasterlee
84,Oudemolsedijk,2019-11-06,17:00:00,14,8,6,FMN GV 18 Kasterlee
84,Oudemolsedijk,2019-11-06,18:00:00,10,6,4,FMN GV 18 Kasterlee
84,Oudemolsedijk,2019-11-06,19:00:00,15,14,1,FMN GV 18 Kasterlee
84,Oudemolsedijk,2019-11-06,20:00:00,17,16,1,FMN GV 18 Kasterlee
84,Oudemolsedijk,2019-11-06,21:00:00,2,1,1,FMN GV 18 Kasterlee
84,Oudemolsedijk,2019-11-06,22:00:00,3,3,0,FMN GV 18 Kasterlee
84,Oudemolsedijk,2019-11-06,23:00:00,0,0,0,FMN GV 18 Kasterlee
84,Oudemolsedijk,2019-11-07,00:00:00,0,0,0,FMN GV 18 Kasterlee
84,Oudemolsedijk,2019-11-07,01:00:00,0,0,0,FMN GV 18 Kasterlee
84,Oudemolsedijk,2019-11-07,02:00:00,0,0,0,FMN GV 18 Kasterlee
84,Oudemolsedijk,2019-11-07,03:00:00,0,0,0,FMN GV 18 Kasterlee
84,Oudemolsedijk,2019-11-07,04:00:00,1,1,0,FMN GV 18 Kasterlee
84,Oudemolsedijk,2019-11-07,05:00:00,6,5,1,FMN GV 18 Kasterlee
84,Oudemolsedijk,2019-11-07,06:00:00,8,2,6,FMN GV 18 Kasterlee
84,Oudemolsedijk,2019-11-07,07:00:00,19,9,10,FMN GV 18 Kasterlee
84,Oudemolsedijk,2019-11-07,08:00:00,12,6,6,FMN GV 18 Kasterlee
84,Oudemolsedijk,2019-11-07,09:00:00,8,3,5,FMN GV 18 Kasterlee
84,Oudemolsedijk,2019-11-07,10:00:00,1,1,0,FMN GV 18 Kasterlee
84,Oudemolsedijk,2019-11-07,11:00:00,1,1,0,FMN GV 18 Kasterlee
84,Oudemolsedijk,2019-11-07,12:00:00,5,2,3,FMN GV 18 Kasterlee
84,Oudemolsedijk,2019-11-07,13:00:00,1,1,0,FMN GV 18 Kasterlee
84,Oudemolsedijk,2019-11-07,14:00:00,5,0,5,FMN GV 18 Kasterlee
84,Oudemolsedijk,2019-11-07,15:00:00,14,7,7,FMN GV 18 Kasterlee
84,Oudemolsedijk,2019-11-07,16:00:00,26,19,7,FMN GV 18 Kasterlee
84,Oudemolsedijk,2019-11-07,17:00:00,14,5,9,FMN GV 18 Kasterlee
84,Oudemolsedijk,2019-11-07,18:00:00,8,6,2,FMN GV 18 Kasterlee
84,Oudemolsedijk,2019-11-07,19:00:00,1,1,0,FMN GV 18 Kasterlee
84,Oudemolsedijk,2019-11-07,20:00:00,1,0,1,FMN GV 18 Kasterlee
84,Oudemolsedijk,2019-11-07,21:00:00,0,0,0,FMN GV 18 Kasterlee
84,Oudemolsedijk,2019-11-07,22:00:00,0,0,0,FMN GV 18 Kasterlee
84,Oudemolsedijk,2019-11-07,23:00:00,1,0,1,FMN GV 18 Kasterlee
84,Oudemolsedijk,2019-11-08,00:00:00,0,0,0,FMN GV 18 Kasterlee
84,Oudemolsedijk,2019-11-08,01:00:00,0,0,0,FMN GV 18 Kasterlee
84,Oudemolsedijk,2019-11-08,02:00:00,0,0,0,FMN GV 18 Kasterlee
84,Oudemolsedijk,2019-11-08,03:00:00,0,0,0,FMN GV 18 Kasterlee
84,Oudemolsedijk,2019-11-08,04:00:00,0,0,0,FMN GV 18 Kasterlee
84,Oudemolsedijk,2019-11-08,05:00:00,2,2,0,FMN GV 18 Kasterlee
84,Oudemolsedijk,2019-11-08,06:00:00,10,5,5,FMN GV 18 Kasterlee
84,Oudemolsedijk,2019-11-08,07:00:00,18,11,7,FMN GV 18 Kasterlee
84,Oudemolsedijk,2019-11-08,08:00:00,22,11,11,FMN GV 18 Kasterlee
84,Oudemolsedijk,2019-11-08,09:00:00,10,3,7,FMN GV 18 Kasterlee
84,Oudemolsedijk,2019-11-08,10:00:00,11,6,5,FMN GV 18 Kasterlee
84,Oudemolsedijk,2019-11-08,11:00:00,10,5,5,FMN GV 18 Kasterlee
84,Oudemolsedijk,2019-11-08,12:00:00,17,11,6,FMN GV 18 Kasterlee
84,Oudemolsedijk,2019-11-08,13:00:00,23,15,8,FMN GV 18 Kasterlee
84,Oudemolsedijk,2019-11-08,14:00:00,56,35,21,FMN GV 18 Kasterlee
84,Oudemolsedijk,2019-11-08,15:00:00,33,22,11,FMN GV 18 Kasterlee
84,Oudemolsedijk,2019-11-08,16:00:00,40,25,15,FMN GV 18 Kasterlee
84,Oudemolsedijk,2019-11-08,17:00:00,17,9,8,FMN GV 18 Kasterlee
84,Oudemolsedijk,2019-11-08,18:00:00,9,3,6,FMN GV 18 Kasterlee
84,Oudemolsedijk,2019-11-08,19:00:00,2,1,1,FMN GV 18 Kasterlee
84,Oudemolsedijk,2019-11-08,20:00:00,0,0,0,FMN GV 18 Kasterlee
84,Oudemolsedijk,2019-11-08,21:00:00,0,0,0,FMN GV 18 Kasterlee
84,Oudemolsedijk,2019-11-08,22:00:00,0,0,0,FMN GV 18 Kasterlee
84,Oudemolsedijk,2019-11-08,23:00:00,1,1,0,FMN GV 18 Kasterlee
84,Oudemolsedijk,2019-11-09,00:00:00,2,2,0,FMN GV 18 Kasterlee
84,Oudemolsedijk,2019-11-09,01:00:00,2,0,2,FMN GV 18 Kasterlee
84,Oudemolsedijk,2019-11-09,02:00:00,0,0,0,FMN GV 18 Kasterlee
84,Oudemolsedijk,2019-11-09,03:00:00,2,0,2,FMN GV 18 Kasterlee
84,Oudemolsedijk,2019-11-09,04:00:00,0,0,0,FMN GV 18 Kasterlee
84,Oudemolsedijk,2019-11-09,05:00:00,1,0,1,FMN GV 18 Kasterlee
84,Oudemolsedijk,2019-11-09,06:00:00,2,1,1,FMN GV 18 Kasterlee
84,Oudemolsedijk,2019-11-09,07:00:00,2,0,2,FMN GV 18 Kasterlee
84,Oudemolsedijk,2019-11-09,08:00:00,6,1,5,FMN GV 18 Kasterlee
84,Oudemolsedijk,2019-11-09,09:00:00,10,3,7,FMN GV 18 Kasterlee
84,Oudemolsedijk,2019-11-09,10:00:00,33,20,13,FMN GV 18 Kasterlee
84,Oudemolsedijk,2019-11-09,11:00:00,20,15,5,FMN GV 18 Kasterlee
84,Oudemolsedijk,2019-11-09,12:00:00,28,13,15,FMN GV 18 Kasterlee
84,Oudemolsedijk,2019-11-09,13:00:00,40,25,15,FMN GV 18 Kasterlee
84,Oudemolsedijk,2019-11-09,14:00:00,53,29,24,FMN GV 18 Kasterlee
84,Oudemolsedijk,2019-11-09,15:00:00,47,17,30,FMN GV 18 Kasterlee
84,Oudemolsedijk,2019-11-09,16:00:00,26,20,6,FMN GV 18 Kasterlee
84,Oudemolsedijk,2019-11-09,17:00:00,6,4,2,FMN GV 18 Kasterlee
84,Oudemolsedijk,2019-11-09,18:00:00,2,0,2,FMN GV 18 Kasterlee
84,Oudemolsedijk,2019-11-09,19:00:00,3,0,3,FMN GV 18 Kasterlee
84,Oudemolsedijk,2019-11-09,20:00:00,2,2,0,FMN GV 18 Kasterlee
84,Oudemolsedijk,2019-11-09,21:00:00,3,3,0,FMN GV 18 Kasterlee
84,Oudemolsedijk,2019-11-09,22:00:00,0,0,0,FMN GV 18 Kasterlee
84,Oudemolsedijk,2019-11-09,23:00:00,1,1,0,FMN GV 18 Kasterlee
84,Oudemolsedijk,2019-11-10,00:00:00,0,0,0,FMN GV 18 Kasterlee
84,Oudemolsedijk,2019-11-10,01:00:00,1,1,0,FMN GV 18 Kasterlee
84,Oudemolsedijk,2019-11-10,02:00:00,0,0,0,FMN GV 18 Kasterlee
84,Oudemolsedijk,2019-11-10,03:00:00,0,0,0,FMN GV 18 Kasterlee
84,Oudemolsedijk,2019-11-10,04:00:00,0,0,0,FMN GV 18 Kasterlee
84,Oudemolsedijk,2019-11-10,05:00:00,0,0,0,FMN GV 18 Kasterlee
84,Oudemolsedijk,2019-11-10,06:00:00,0,0,0,FMN GV 18 Kasterlee
84,Oudemolsedijk,2019-11-10,07:00:00,3,1,2,FMN GV 18 Kasterlee
84,Oudemolsedijk,2019-11-10,08:00:00,9,0,9,FMN GV 18 Kasterlee
84,Oudemolsedijk,2019-11-10,09:00:00,21,8,13,FMN GV 18 Kasterlee
84,Oudemolsedijk,2019-11-10,10:00:00,43,23,20,FMN GV 18 Kasterlee
84,Oudemolsedijk,2019-11-10,11:00:00,65,37,28,FMN GV 18 Kasterlee
84,Oudemolsedijk,2019-11-10,12:00:00,28,24,4,FMN GV 18 Kasterlee
84,Oudemolsedijk,2019-11-10,13:00:00,42,19,23,FMN GV 18 Kasterlee
84,Oudemolsedijk,2019-11-10,14:00:00,50,24,26,FMN GV 18 Kasterlee
84,Oudemolsedijk,2019-11-10,15:00:00,34,19,15,FMN GV 18 Kasterlee
84,Oudemolsedijk,2019-11-10,16:00:00,27,16,11,FMN GV 18 Kasterlee
84,Oudemolsedijk,2019-11-10,17:00:00,8,6,2,FMN GV 18 Kasterlee
84,Oudemolsedijk,2019-11-10,18:00:00,4,3,1,FMN GV 18 Kasterlee
84,Oudemolsedijk,2019-11-10,19:00:00,0,0,0,FMN GV 18 Kasterlee
84,Oudemolsedijk,2019-11-10,20:00:00,0,0,0,FMN GV 18 Kasterlee
84,Oudemolsedijk,2019-11-10,21:00:00,1,1,0,FMN GV 18 Kasterlee
84,Oudemolsedijk,2019-11-10,22:00:00,0,0,0,FMN GV 18 Kasterlee
84,Oudemolsedijk,2019-11-10,23:00:00,0,0,0,FMN GV 18 Kasterlee
84,Oudemolsedijk,2019-11-11,00:00:00,2,0,2,FMN GV 18 Kasterlee
84,Oudemolsedijk,2019-11-11,01:00:00,0,0,0,FMN GV 18 Kasterlee
84,Oudemolsedijk,2019-11-11,02:00:00,0,0,0,FMN GV 18 Kasterlee
84,Oudemolsedijk,2019-11-11,03:00:00,0,0,0,FMN GV 18 Kasterlee
84,Oudemolsedijk,2019-11-11,04:00:00,0,0,0,FMN GV 18 Kasterlee
84,Oudemolsedijk,2019-11-11,05:00:00,0,0,0,FMN GV 18 Kasterlee
84,Oudemolsedijk,2019-11-11,06:00:00,0,0,0,FMN GV 18 Kasterlee
84,Oudemolsedijk,2019-11-11,07:00:00,7,0,7,FMN GV 18 Kasterlee
84,Oudemolsedijk,2019-11-11,08:00:00,60,4,56,FMN GV 18 Kasterlee
84,Oudemolsedijk,2019-11-11,09:00:00,37,6,31,FMN GV 18 Kasterlee
84,Oudemolsedijk,2019-11-11,10:00:00,25,15,10,FMN GV 18 Kasterlee
84,Oudemolsedijk,2019-11-11,11:00:00,50,43,7,FMN GV 18 Kasterlee
84,Oudemolsedijk,2019-11-11,12:00:00,50,46,4,FMN GV 18 Kasterlee
84,Oudemolsedijk,2019-11-11,13:00:00,12,11,1,FMN GV 18 Kasterlee
84,Oudemolsedijk,2019-11-11,14:00:00,0,0,0,FMN GV 18 Kasterlee
84,Oudemolsedijk,2019-11-11,15:00:00,4,3,1,FMN GV 18 Kasterlee
84,Oudemolsedijk,2019-11-11,16:00:00,5,0,5,FMN GV 18 Kasterlee
84,Oudemolsedijk,2019-11-11,17:00:00,13,12,1,FMN GV 18 Kasterlee
84,Oudemolsedijk,2019-11-11,18:00:00,0,0,0,FMN GV 18 Kasterlee
84,Oudemolsedijk,2019-11-11,19:00:00,1,0,1,FMN GV 18 Kasterlee
84,Oudemolsedijk,2019-11-11,20:00:00,0,0,0,FMN GV 18 Kasterlee
84,Oudemolsedijk,2019-11-11,21:00:00,0,0,0,FMN GV 18 Kasterlee
84,Oudemolsedijk,2019-11-11,22:00:00,0,0,0,FMN GV 18 Kasterlee
84,Oudemolsedijk,2019-11-11,23:00:00,0,0,0,FMN GV 18 Kasterlee
84,Oudemolsedijk,2019-11-12,00:00:00,0,0,0,FMN GV 18 Kasterlee
84,Oudemolsedijk,2019-11-12,01:00:00,0,0,0,FMN GV 18 Kasterlee
84,Oudemolsedijk,2019-11-12,02:00:00,0,0,0,FMN GV 18 Kasterlee
84,Oudemolsedijk,2019-11-12,03:00:00,0,0,0,FMN GV 18 Kasterlee
84,Oudemolsedijk,2019-11-12,04:00:00,1,1,0,FMN GV 18 Kasterlee
84,Oudemolsedijk,2019-11-12,05:00:00,3,3,0,FMN GV 18 Kasterlee
84,Oudemolsedijk,2019-11-12,06:00:00,10,4,6,FMN GV 18 Kasterlee
84,Oudemolsedijk,2019-11-12,07:00:00,9,4,5,FMN GV 18 Kasterlee
84,Oudemolsedijk,2019-11-12,08:00:00,21,5,16,FMN GV 18 Kasterlee
84,Oudemolsedijk,2019-11-12,09:00:00,5,1,4,FMN GV 18 Kasterlee
84,Oudemolsedijk,2019-11-12,10:00:00,5,2,3,FMN GV 18 Kasterlee
84,Oudemolsedijk,2019-11-12,11:00:00,15,6,9,FMN GV 18 Kasterlee
84,Oudemolsedijk,2019-11-12,12:00:00,12,3,9,FMN GV 18 Kasterlee
84,Oudemolsedijk,2019-11-12,13:00:00,29,8,21,FMN GV 18 Kasterlee
84,Oudemolsedijk,2019-11-12,14:00:00,39,14,25,FMN GV 18 Kasterlee
84,Oudemolsedijk,2019-11-12,15:00:00,34,23,11,FMN GV 18 Kasterlee
84,Oudemolsedijk,2019-11-12,16:00:00,30,19,11,FMN GV 18 Kasterlee
84,Oudemolsedijk,2019-11-12,17:00:00,16,13,3,FMN GV 18 Kasterlee
84,Oudemolsedijk,2019-11-12,18:00:00,8,4,4,FMN GV 18 Kasterlee
84,Oudemolsedijk,2019-11-12,19:00:00,3,0,3,FMN GV 18 Kasterlee
84,Oudemolsedijk,2019-11-12,20:00:00,2,1,1,FMN GV 18 Kasterlee
84,Oudemolsedijk,2019-11-12,21:00:00,0,0,0,FMN GV 18 Kasterlee
84,Oudemolsedijk,2019-11-12,22:00:00,4,3,1,FMN GV 18 Kasterlee
84,Oudemolsedijk,2019-11-12,23:00:00,0,0,0,FMN GV 18 Kasterlee
84,Oudemolsedijk,2019-11-13,00:00:00,0,0,0,FMN GV 18 Kasterlee
84,Oudemolsedijk,2019-11-13,01:00:00,0,0,0,FMN GV 18 Kasterlee
84,Oudemolsedijk,2019-11-13,02:00:00,0,0,0,FMN GV 18 Kasterlee
84,Oudemolsedijk,2019-11-13,03:00:00,0,0,0,FMN GV 18 Kasterlee
84,Oudemolsedijk,2019-11-13,04:00:00,1,1,0,FMN GV 18 Kasterlee
84,Oudemolsedijk,2019-11-13,05:00:00,3,3,0,FMN GV 18 Kasterlee
84,Oudemolsedijk,2019-11-13,06:00:00,9,2,7,FMN GV 18 Kasterlee
84,Oudemolsedijk,2019-11-13,07:00:00,11,6,5,FMN GV 18 Kasterlee
84,Oudemolsedijk,2019-11-13,08:00:00,14,6,8,FMN GV 18 Kasterlee
84,Oudemolsedijk,2019-11-13,09:00:00,7,3,4,FMN GV 18 Kasterlee
84,Oudemolsedijk,2019-11-13,10:00:00,10,5,5,FMN GV 18 Kasterlee
84,Oudemolsedijk,2019-11-13,11:00:00,8,4,4,FMN GV 18 Kasterlee
84,Oudemolsedijk,2019-11-13,12:00:00,13,9,4,FMN GV 18 Kasterlee
84,Oudemolsedijk,2019-11-13,13:00:00,16,4,12,FMN GV 18 Kasterlee
84,Oudemolsedijk,2019-11-13,14:00:00,14,5,9,FMN GV 18 Kasterlee
84,Oudemolsedijk,2019-11-13,15:00:00,5,1,4,FMN GV 18 Kasterlee
84,Oudemolsedijk,2019-11-13,16:00:00,15,11,4,FMN GV 18 Kasterlee
84,Oudemolsedijk,2019-11-13,17:00:00,10,5,5,FMN GV 18 Kasterlee
84,Oudemolsedijk,2019-11-13,18:00:00,6,5,1,FMN GV 18 Kasterlee
84,Oudemolsedijk,2019-11-13,19:00:00,5,0,5,FMN GV 18 Kasterlee
84,Oudemolsedijk,2019-11-13,20:00:00,6,5,1,FMN GV 18 Kasterlee
84,Oudemolsedijk,2019-11-13,21:00:00,3,2,1,FMN GV 18 Kasterlee
84,Oudemolsedijk,2019-11-13,22:00:00,2,0,2,FMN GV 18 Kasterlee
84,Oudemolsedijk,2019-11-13,23:00:00,0,0,0,FMN GV 18 Kasterlee
84,Oudemolsedijk,2019-11-14,00:00:00,0,0,0,FMN GV 18 Kasterlee
84,Oudemolsedijk,2019-11-14,01:00:00,0,0,0,FMN GV 18 Kasterlee
84,Oudemolsedijk,2019-11-14,02:00:00,0,0,0,FMN GV 18 Kasterlee
84,Oudemolsedijk,2019-11-14,03:00:00,0,0,0,FMN GV 18 Kasterlee
84,Oudemolsedijk,2019-11-14,04:00:00,1,1,0,FMN GV 18 Kasterlee
84,Oudemolsedijk,2019-11-14,05:00:00,4,4,0,FMN GV 18 Kasterlee
84,Oudemolsedijk,2019-11-14,06:00:00,17,8,9,FMN GV 18 Kasterlee
84,Oudemolsedijk,2019-11-14,07:00:00,20,9,11,FMN GV 18 Kasterlee
84,Oudemolsedijk,2019-11-14,08:00:00,8,4,4,FMN GV 18 Kasterlee
84,Oudemolsedijk,2019-11-14,09:00:00,6,2,4,FMN GV 18 Kasterlee
84,Oudemolsedijk,2019-11-14,10:00:00,2,1,1,FMN GV 18 Kasterlee
84,Oudemolsedijk,2019-11-14,11:00:00,5,3,2,FMN GV 18 Kasterlee
84,Oudemolsedijk,2019-11-14,12:00:00,11,4,7,FMN GV 18 Kasterlee
84,Oudemolsedijk,2019-11-14,13:00:00,12,6,6,FMN GV 18 Kasterlee
84,Oudemolsedijk,2019-11-14,14:00:00,22,11,11,FMN GV 18 Kasterlee
84,Oudemolsedijk,2019-11-14,15:00:00,24,13,11,FMN GV 18 Kasterlee
84,Oudemolsedijk,2019-11-14,16:00:00,19,11,8,FMN GV 18 Kasterlee
84,Oudemolsedijk,2019-11-14,17:00:00,20,11,9,FMN GV 18 Kasterlee
84,Oudemolsedijk,2019-11-14,18:00:00,7,4,3,FMN GV 18 Kasterlee
84,Oudemolsedijk,2019-11-14,19:00:00,6,5,1,FMN GV 18 Kasterlee
84,Oudemolsedijk,2019-11-14,20:00:00,1,0,1,FMN GV 18 Kasterlee
84,Oudemolsedijk,2019-11-14,21:00:00,0,0,0,FMN GV 18 Kasterlee
84,Oudemolsedijk,2019-11-14,22:00:00,0,0,0,FMN GV 18 Kasterlee
84,Oudemolsedijk,2019-11-14,23:00:00,0,0,0,FMN GV 18 Kasterlee
84,Oudemolsedijk,2019-11-15,00:00:00,0,0,0,FMN GV 18 Kasterlee
84,Oudemolsedijk,2019-11-15,01:00:00,0,0,0,FMN GV 18 Kasterlee
84,Oudemolsedijk,2019-11-15,02:00:00,4,2,2,FMN GV 18 Kasterlee
84,Oudemolsedijk,2019-11-15,03:00:00,0,0,0,FMN GV 18 Kasterlee
84,Oudemolsedijk,2019-11-15,04:00:00,1,1,0,FMN GV 18 Kasterlee
84,Oudemolsedijk,2019-11-15,05:00:00,3,3,0,FMN GV 18 Kasterlee
84,Oudemolsedijk,2019-11-15,06:00:00,8,4,4,FMN GV 18 Kasterlee
84,Oudemolsedijk,2019-11-15,07:00:00,16,9,7,FMN GV 18 Kasterlee
84,Oudemolsedijk,2019-11-15,08:00:00,10,3,7,FMN GV 18 Kasterlee
84,Oudemolsedijk,2019-11-15,09:00:00,2,1,1,FMN GV 18 Kasterlee
84,Oudemolsedijk,2019-11-15,10:00:00,15,11,4,FMN GV 18 Kasterlee
84,Oudemolsedijk,2019-11-15,11:00:00,14,7,7,FMN GV 18 Kasterlee
84,Oudemolsedijk,2019-11-15,12:00:00,12,6,6,FMN GV 18 Kasterlee
84,Oudemolsedijk,2019-11-15,13:00:00,11,4,7,FMN GV 18 Kasterlee
84,Oudemolsedijk,2019-11-15,14:00:00,20,6,14,FMN GV 18 Kasterlee
84,Oudemolsedijk,2019-11-15,15:00:00,23,14,9,FMN GV 18 Kasterlee
84,Oudemolsedijk,2019-11-15,16:00:00,26,13,13,FMN GV 18 Kasterlee
84,Oudemolsedijk,2019-11-15,17:00:00,13,6,7,FMN GV 18 Kasterlee
84,Oudemolsedijk,2019-11-15,18:00:00,8,1,7,FMN GV 18 Kasterlee
84,Oudemolsedijk,2019-11-15,19:00:00,1,1,0,FMN GV 18 Kasterlee
84,Oudemolsedijk,2019-11-15,20:00:00,0,0,0,FMN GV 18 Kasterlee
84,Oudemolsedijk,2019-11-15,21:00:00,1,0,1,FMN GV 18 Kasterlee
84,Oudemolsedijk,2019-11-15,22:00:00,0,0,0,FMN GV 18 Kasterlee
84,Oudemolsedijk,2019-11-15,23:00:00,0,0,0,FMN GV 18 Kasterlee
84,Oudemolsedijk,2019-11-16,00:00:00,0,0,0,FMN GV 18 Kasterlee
84,Oudemolsedijk,2019-11-16,01:00:00,1,1,0,FMN GV 18 Kasterlee
84,Oudemolsedijk,2019-11-16,02:00:00,0,0,0,FMN GV 18 Kasterlee
84,Oudemolsedijk,2019-11-16,03:00:00,0,0,0,FMN GV 18 Kasterlee
84,Oudemolsedijk,2019-11-16,04:00:00,1,1,0,FMN GV 18 Kasterlee
84,Oudemolsedijk,2019-11-16,05:00:00,0,0,0,FMN GV 18 Kasterlee
84,Oudemolsedijk,2019-11-16,06:00:00,0,0,0,FMN GV 18 Kasterlee
84,Oudemolsedijk,2019-11-16,07:00:00,0,0,0,FMN GV 18 Kasterlee
84,Oudemolsedijk,2019-11-16,08:00:00,2,0,2,FMN GV 18 Kasterlee
84,Oudemolsedijk,2019-11-16,09:00:00,6,2,4,FMN GV 18 Kasterlee
84,Oudemolsedijk,2019-11-16,10:00:00,21,8,13,FMN GV 18 Kasterlee
84,Oudemolsedijk,2019-11-16,11:00:00,28,18,10,FMN GV 18 Kasterlee
84,Oudemolsedijk,2019-11-16,12:00:00,24,8,16,FMN GV 18 Kasterlee
84,Oudemolsedijk,2019-11-16,13:00:00,45,28,17,FMN GV 18 Kasterlee
84,Oudemolsedijk,2019-11-16,14:00:00,49,35,14,FMN GV 18 Kasterlee
84,Oudemolsedijk,2019-11-16,15:00:00,71,37,34,FMN GV 18 Kasterlee
84,Oudemolsedijk,2019-11-16,16:00:00,12,9,3,FMN GV 18 Kasterlee
84,Oudemolsedijk,2019-11-16,17:00:00,6,3,3,FMN GV 18 Kasterlee
84,Oudemolsedijk,2019-11-16,18:00:00,3,1,2,FMN GV 18 Kasterlee
84,Oudemolsedijk,2019-11-16,19:00:00,0,0,0,FMN GV 18 Kasterlee
84,Oudemolsedijk,2019-11-16,20:00:00,0,0,0,FMN GV 18 Kasterlee
84,Oudemolsedijk,2019-11-16,21:00:00,0,0,0,FMN GV 18 Kasterlee
84,Oudemolsedijk,2019-11-16,22:00:00,0,0,0,FMN GV 18 Kasterlee
84,Oudemolsedijk,2019-11-16,23:00:00,1,0,1,FMN GV 18 Kasterlee
84,Oudemolsedijk,2019-11-17,00:00:00,0,0,0,FMN GV 18 Kasterlee
84,Oudemolsedijk,2019-11-17,01:00:00,0,0,0,FMN GV 18 Kasterlee
84,Oudemolsedijk,2019-11-17,02:00:00,0,0,0,FMN GV 18 Kasterlee
84,Oudemolsedijk,2019-11-17,03:00:00,0,0,0,FMN GV 18 Kasterlee
84,Oudemolsedijk,2019-11-17,04:00:00,1,1,0,FMN GV 18 Kasterlee
84,Oudemolsedijk,2019-11-17,05:00:00,1,1,0,FMN GV 18 Kasterlee
84,Oudemolsedijk,2019-11-17,06:00:00,2,2,0,FMN GV 18 Kasterlee
84,Oudemolsedijk,2019-11-17,07:00:00,0,0,0,FMN GV 18 Kasterlee
84,Oudemolsedijk,2019-11-17,08:00:00,11,5,6,FMN GV 18 Kasterlee
84,Oudemolsedijk,2019-11-17,09:00:00,27,12,15,FMN GV 18 Kasterlee
84,Oudemolsedijk,2019-11-17,10:00:00,30,16,14,FMN GV 18 Kasterlee
84,Oudemolsedijk,2019-11-17,11:00:00,48,32,16,FMN GV 18 Kasterlee
84,Oudemolsedijk,2019-11-17,12:00:00,37,14,23,FMN GV 18 Kasterlee
84,Oudemolsedijk,2019-11-17,13:00:00,31,16,15,FMN GV 18 Kasterlee
84,Oudemolsedijk,2019-11-17,14:00:00,44,15,29,FMN GV 18 Kasterlee
84,Oudemolsedijk,2019-11-17,15:00:00,28,20,8,FMN GV 18 Kasterlee
84,Oudemolsedijk,2019-11-17,16:00:00,4,4,0,FMN GV 18 Kasterlee
84,Oudemolsedijk,2019-11-17,17:00:00,2,2,0,FMN GV 18 Kasterlee
84,Oudemolsedijk,2019-11-17,18:00:00,3,0,3,FMN GV 18 Kasterlee
84,Oudemolsedijk,2019-11-17,19:00:00,3,2,1,FMN GV 18 Kasterlee
84,Oudemolsedijk,2019-11-17,20:00:00,0,0,0,FMN GV 18 Kasterlee
84,Oudemolsedijk,2019-11-17,21:00:00,0,0,0,FMN GV 18 Kasterlee
84,Oudemolsedijk,2019-11-17,22:00:00,0,0,0,FMN GV 18 Kasterlee
84,Oudemolsedijk,2019-11-17,23:00:00,0,0,0,FMN GV 18 Kasterlee
84,Oudemolsedijk,2019-11-18,00:00:00,0,0,0,FMN GV 18 Kasterlee
84,Oudemolsedijk,2019-11-18,01:00:00,0,0,0,FMN GV 18 Kasterlee
84,Oudemolsedijk,2019-11-18,02:00:00,0,0,0,FMN GV 18 Kasterlee
84,Oudemolsedijk,2019-11-18,03:00:00,0,0,0,FMN GV 18 Kasterlee
84,Oudemolsedijk,2019-11-18,04:00:00,0,0,0,FMN GV 18 Kasterlee
84,Oudemolsedijk,2019-11-18,05:00:00,2,1,1,FMN GV 18 Kasterlee
84,Oudemolsedijk,2019-11-18,06:00:00,5,0,5,FMN GV 18 Kasterlee
84,Oudemolsedijk,2019-11-18,07:00:00,10,7,3,FMN GV 18 Kasterlee
84,Oudemolsedijk,2019-11-18,08:00:00,11,7,4,FMN GV 18 Kasterlee
84,Oudemolsedijk,2019-11-18,09:00:00,3,1,2,FMN GV 18 Kasterlee
84,Oudemolsedijk,2019-11-18,10:00:00,0,0,0,FMN GV 18 Kasterlee
84,Oudemolsedijk,2019-11-18,11:00:00,3,2,1,FMN GV 18 Kasterlee
84,Oudemolsedijk,2019-11-18,12:00:00,3,3,0,FMN GV 18 Kasterlee
84,Oudemolsedijk,2019-11-18,13:00:00,4,3,1,FMN GV 18 Kasterlee
84,Oudemolsedijk,2019-11-18,14:00:00,3,1,2,FMN GV 18 Kasterlee
84,Oudemolsedijk,2019-11-18,15:00:00,8,6,2,FMN GV 18 Kasterlee
84,Oudemolsedijk,2019-11-18,16:00:00,17,10,7,FMN GV 18 Kasterlee
84,Oudemolsedijk,2019-11-18,17:00:00,9,2,7,FMN GV 18 Kasterlee
84,Oudemolsedijk,2019-11-18,18:00:00,5,2,3,FMN GV 18 Kasterlee
84,Oudemolsedijk,2019-11-18,19:00:00,0,0,0,FMN GV 18 Kasterlee
84,Oudemolsedijk,2019-11-18,20:00:00,2,1,1,FMN GV 18 Kasterlee
84,Oudemolsedijk,2019-11-18,21:00:00,1,0,1,FMN GV 18 Kasterlee
84,Oudemolsedijk,2019-11-18,22:00:00,1,0,1,FMN GV 18 Kasterlee
84,Oudemolsedijk,2019-11-18,23:00:00,0,0,0,FMN GV 18 Kasterlee
84,Oudemolsedijk,2019-11-19,00:00:00,0,0,0,FMN GV 18 Kasterlee
84,Oudemolsedijk,2019-11-19,01:00:00,0,0,0,FMN GV 18 Kasterlee
84,Oudemolsedijk,2019-11-19,02:00:00,0,0,0,FMN GV 18 Kasterlee
84,Oudemolsedijk,2019-11-19,03:00:00,0,0,0,FMN GV 18 Kasterlee
84,Oudemolsedijk,2019-11-19,04:00:00,0,0,0,FMN GV 18 Kasterlee
84,Oudemolsedijk,2019-11-19,05:00:00,3,3,0,FMN GV 18 Kasterlee
84,Oudemolsedijk,2019-11-19,06:00:00,9,2,7,FMN GV 18 Kasterlee
84,Oudemolsedijk,2019-11-19,07:00:00,10,5,5,FMN GV 18 Kasterlee
84,Oudemolsedijk,2019-11-19,08:00:00,20,10,10,FMN GV 18 Kasterlee
84,Oudemolsedijk,2019-11-19,09:00:00,6,0,6,FMN GV 18 Kasterlee
84,Oudemolsedijk,2019-11-19,10:00:00,15,10,5,FMN GV 18 Kasterlee
84,Oudemolsedijk,2019-11-19,11:00:00,10,6,4,FMN GV 18 Kasterlee
84,Oudemolsedijk,2019-11-19,12:00:00,9,4,5,FMN GV 18 Kasterlee
84,Oudemolsedijk,2019-11-19,13:00:00,29,12,17,FMN GV 18 Kasterlee
84,Oudemolsedijk,2019-11-19,14:00:00,25,17,8,FMN GV 18 Kasterlee
84,Oudemolsedijk,2019-11-19,15:00:00,26,19,7,FMN GV 18 Kasterlee
84,Oudemolsedijk,2019-11-19,16:00:00,20,10,10,FMN GV 18 Kasterlee
84,Oudemolsedijk,2019-11-19,17:00:00,15,10,5,FMN GV 18 Kasterlee
84,Oudemolsedijk,2019-11-19,18:00:00,12,2,10,FMN GV 18 Kasterlee
84,Oudemolsedijk,2019-11-19,19:00:00,6,4,2,FMN GV 18 Kasterlee
84,Oudemolsedijk,2019-11-19,20:00:00,0,0,0,FMN GV 18 Kasterlee
84,Oudemolsedijk,2019-11-19,21:00:00,2,2,0,FMN GV 18 Kasterlee
84,Oudemolsedijk,2019-11-19,22:00:00,2,1,1,FMN GV 18 Kasterlee
84,Oudemolsedijk,2019-11-19,23:00:00,0,0,0,FMN GV 18 Kasterlee
84,Oudemolsedijk,2019-11-20,00:00:00,0,0,0,FMN GV 18 Kasterlee
84,Oudemolsedijk,2019-11-20,01:00:00,0,0,0,FMN GV 18 Kasterlee
84,Oudemolsedijk,2019-11-20,02:00:00,0,0,0,FMN GV 18 Kasterlee
84,Oudemolsedijk,2019-11-20,03:00:00,0,0,0,FMN GV 18 Kasterlee
84,Oudemolsedijk,2019-11-20,04:00:00,0,0,0,FMN GV 18 Kasterlee
84,Oudemolsedijk,2019-11-20,05:00:00,7,5,2,FMN GV 18 Kasterlee
84,Oudemolsedijk,2019-11-20,06:00:00,9,3,6,FMN GV 18 Kasterlee
84,Oudemolsedijk,2019-11-20,07:00:00,19,10,9,FMN GV 18 Kasterlee
84,Oudemolsedijk,2019-11-20,08:00:00,20,7,13,FMN GV 18 Kasterlee
84,Oudemolsedijk,2019-11-20,09:00:00,19,8,11,FMN GV 18 Kasterlee
84,Oudemolsedijk,2019-11-20,10:00:00,9,7,2,FMN GV 18 Kasterlee
84,Oudemolsedijk,2019-11-20,11:00:00,2,2,0,FMN GV 18 Kasterlee
84,Oudemolsedijk,2019-11-20,12:00:00,19,10,9,FMN GV 18 Kasterlee
84,Oudemolsedijk,2019-11-20,13:00:00,38,12,26,FMN GV 18 Kasterlee
84,Oudemolsedijk,2019-11-20,14:00:00,40,12,28,FMN GV 18 Kasterlee
84,Oudemolsedijk,2019-11-20,15:00:00,48,29,19,FMN GV 18 Kasterlee
84,Oudemolsedijk,2019-11-20,16:00:00,28,18,10,FMN GV 18 Kasterlee
84,Oudemolsedijk,2019-11-20,17:00:00,18,11,7,FMN GV 18 Kasterlee
84,Oudemolsedijk,2019-11-20,18:00:00,8,3,5,FMN GV 18 Kasterlee
84,Oudemolsedijk,2019-11-20,19:00:00,9,9,0,FMN GV 18 Kasterlee
84,Oudemolsedijk,2019-11-20,20:00:00,28,14,14,FMN GV 18 Kasterlee
84,Oudemolsedijk,2019-11-20,21:00:00,2,0,2,FMN GV 18 Kasterlee
84,Oudemolsedijk,2019-11-20,22:00:00,1,0,1,FMN GV 18 Kasterlee
84,Oudemolsedijk,2019-11-20,23:00:00,0,0,0,FMN GV 18 Kasterlee
84,Oudemolsedijk,2019-11-21,00:00:00,0,0,0,FMN GV 18 Kasterlee
84,Oudemolsedijk,2019-11-21,01:00:00,0,0,0,FMN GV 18 Kasterlee
84,Oudemolsedijk,2019-11-21,02:00:00,0,0,0,FMN GV 18 Kasterlee
84,Oudemolsedijk,2019-11-21,03:00:00,0,0,0,FMN GV 18 Kasterlee
84,Oudemolsedijk,2019-11-21,04:00:00,0,0,0,FMN GV 18 Kasterlee
84,Oudemolsedijk,2019-11-21,05:00:00,4,3,1,FMN GV 18 Kasterlee
84,Oudemolsedijk,2019-11-21,06:00:00,11,5,6,FMN GV 18 Kasterlee
84,Oudemolsedijk,2019-11-21,07:00:00,18,10,8,FMN GV 18 Kasterlee
84,Oudemolsedijk,2019-11-21,08:00:00,20,14,6,FMN GV 18 Kasterlee
84,Oudemolsedijk,2019-11-21,09:00:00,10,2,8,FMN GV 18 Kasterlee
84,Oudemolsedijk,2019-11-21,10:00:00,9,8,1,FMN GV 18 Kasterlee
84,Oudemolsedijk,2019-11-21,11:00:00,8,3,5,FMN GV 18 Kasterlee
84,Oudemolsedijk,2019-11-21,12:00:00,19,10,9,FMN GV 18 Kasterlee
84,Oudemolsedijk,2019-11-21,13:00:00,27,9,18,FMN GV 18 Kasterlee
84,Oudemolsedijk,2019-11-21,14:00:00,19,12,7,FMN GV 18 Kasterlee
84,Oudemolsedijk,2019-11-21,15:00:00,40,31,9,FMN GV 18 Kasterlee
84,Oudemolsedijk,2019-11-21,16:00:00,24,13,11,FMN GV 18 Kasterlee
84,Oudemolsedijk,2019-11-21,17:00:00,20,10,10,FMN GV 18 Kasterlee
84,Oudemolsedijk,2019-11-21,18:00:00,6,6,0,FMN GV 18 Kasterlee
84,Oudemolsedijk,2019-11-21,19:00:00,3,1,2,FMN GV 18 Kasterlee
84,Oudemolsedijk,2019-11-21,20:00:00,1,0,1,FMN GV 18 Kasterlee
84,Oudemolsedijk,2019-11-21,21:00:00,0,0,0,FMN GV 18 Kasterlee
84,Oudemolsedijk,2019-11-21,22:00:00,2,1,1,FMN GV 18 Kasterlee
84,Oudemolsedijk,2019-11-21,23:00:00,0,0,0,FMN GV 18 Kasterlee
84,Oudemolsedijk,2019-11-22,00:00:00,0,0,0,FMN GV 18 Kasterlee
84,Oudemolsedijk,2019-11-22,01:00:00,0,0,0,FMN GV 18 Kasterlee
84,Oudemolsedijk,2019-11-22,02:00:00,0,0,0,FMN GV 18 Kasterlee
84,Oudemolsedijk,2019-11-22,03:00:00,0,0,0,FMN GV 18 Kasterlee
84,Oudemolsedijk,2019-11-22,04:00:00,0,0,0,FMN GV 18 Kasterlee
84,Oudemolsedijk,2019-11-22,05:00:00,1,1,0,FMN GV 18 Kasterlee
84,Oudemolsedijk,2019-11-22,06:00:00,8,5,3,FMN GV 18 Kasterlee
84,Oudemolsedijk,2019-11-22,07:00:00,12,8,4,FMN GV 18 Kasterlee
84,Oudemolsedijk,2019-11-22,08:00:00,20,11,9,FMN GV 18 Kasterlee
84,Oudemolsedijk,2019-11-22,09:00:00,7,1,6,FMN GV 18 Kasterlee
84,Oudemolsedijk,2019-11-22,10:00:00,21,6,15,FMN GV 18 Kasterlee
84,Oudemolsedijk,2019-11-22,11:00:00,8,3,5,FMN GV 18 Kasterlee
84,Oudemolsedijk,2019-11-22,12:00:00,15,7,8,FMN GV 18 Kasterlee
84,Oudemolsedijk,2019-11-22,13:00:00,20,11,9,FMN GV 18 Kasterlee
84,Oudemolsedijk,2019-11-22,14:00:00,32,16,16,FMN GV 18 Kasterlee
84,Oudemolsedijk,2019-11-22,15:00:00,31,24,7,FMN GV 18 Kasterlee
84,Oudemolsedijk,2019-11-22,16:00:00,22,9,13,FMN GV 18 Kasterlee
84,Oudemolsedijk,2019-11-22,17:00:00,18,12,6,FMN GV 18 Kasterlee
84,Oudemolsedijk,2019-11-22,18:00:00,2,1,1,FMN GV 18 Kasterlee
84,Oudemolsedijk,2019-11-22,19:00:00,6,1,5,FMN GV 18 Kasterlee
84,Oudemolsedijk,2019-11-22,20:00:00,0,0,0,FMN GV 18 Kasterlee
84,Oudemolsedijk,2019-11-22,21:00:00,2,2,0,FMN GV 18 Kasterlee
84,Oudemolsedijk,2019-11-22,22:00:00,1,0,1,FMN GV 18 Kasterlee
84,Oudemolsedijk,2019-11-22,23:00:00,0,0,0,FMN GV 18 Kasterlee
84,Oudemolsedijk,2019-11-23,00:00:00,0,0,0,FMN GV 18 Kasterlee
84,Oudemolsedijk,2019-11-23,01:00:00,1,1,0,FMN GV 18 Kasterlee
84,Oudemolsedijk,2019-11-23,02:00:00,0,0,0,FMN GV 18 Kasterlee
84,Oudemolsedijk,2019-11-23,03:00:00,0,0,0,FMN GV 18 Kasterlee
84,Oudemolsedijk,2019-11-23,04:00:00,0,0,0,FMN GV 18 Kasterlee
84,Oudemolsedijk,2019-11-23,05:00:00,0,0,0,FMN GV 18 Kasterlee
84,Oudemolsedijk,2019-11-23,06:00:00,1,0,1,FMN GV 18 Kasterlee
84,Oudemolsedijk,2019-11-23,07:00:00,0,0,0,FMN GV 18 Kasterlee
84,Oudemolsedijk,2019-11-23,08:00:00,18,0,18,FMN GV 18 Kasterlee
84,Oudemolsedijk,2019-11-23,09:00:00,14,1,13,FMN GV 18 Kasterlee
84,Oudemolsedijk,2019-11-23,10:00:00,31,15,16,FMN GV 18 Kasterlee
84,Oudemolsedijk,2019-11-23,11:00:00,31,15,16,FMN GV 18 Kasterlee
84,Oudemolsedijk,2019-11-23,12:00:00,26,16,10,FMN GV 18 Kasterlee
84,Oudemolsedijk,2019-11-23,13:00:00,49,22,27,FMN GV 18 Kasterlee
84,Oudemolsedijk,2019-11-23,14:00:00,26,13,13,FMN GV 18 Kasterlee
84,Oudemolsedijk,2019-11-23,15:00:00,47,31,16,FMN GV 18 Kasterlee
84,Oudemolsedijk,2019-11-23,16:00:00,23,21,2,FMN GV 18 Kasterlee
84,Oudemolsedijk,2019-11-23,17:00:00,10,7,3,FMN GV 18 Kasterlee
84,Oudemolsedijk,2019-11-23,18:00:00,1,0,1,FMN GV 18 Kasterlee
84,Oudemolsedijk,2019-11-23,19:00:00,3,3,0,FMN GV 18 Kasterlee
84,Oudemolsedijk,2019-11-23,20:00:00,2,2,0,FMN GV 18 Kasterlee
84,Oudemolsedijk,2019-11-23,21:00:00,2,1,1,FMN GV 18 Kasterlee
84,Oudemolsedijk,2019-11-23,22:00:00,2,2,0,FMN GV 18 Kasterlee
84,Oudemolsedijk,2019-11-23,23:00:00,0,0,0,FMN GV 18 Kasterlee
84,Oudemolsedijk,2019-11-24,00:00:00,5,2,3,FMN GV 18 Kasterlee
84,Oudemolsedijk,2019-11-24,01:00:00,1,0,1,FMN GV 18 Kasterlee
84,Oudemolsedijk,2019-11-24,02:00:00,0,0,0,FMN GV 18 Kasterlee
84,Oudemolsedijk,2019-11-24,03:00:00,0,0,0,FMN GV 18 Kasterlee
84,Oudemolsedijk,2019-11-24,04:00:00,0,0,0,FMN GV 18 Kasterlee
84,Oudemolsedijk,2019-11-24,05:00:00,0,0,0,FMN GV 18 Kasterlee
84,Oudemolsedijk,2019-11-24,06:00:00,2,0,2,FMN GV 18 Kasterlee
84,Oudemolsedijk,2019-11-24,07:00:00,1,0,1,FMN GV 18 Kasterlee
84,Oudemolsedijk,2019-11-24,08:00:00,16,5,11,FMN GV 18 Kasterlee
84,Oudemolsedijk,2019-11-24,09:00:00,32,20,12,FMN GV 18 Kasterlee
84,Oudemolsedijk,2019-11-24,10:00:00,62,30,32,FMN GV 18 Kasterlee
84,Oudemolsedijk,2019-11-24,11:00:00,38,19,19,FMN GV 18 Kasterlee
84,Oudemolsedijk,2019-11-24,12:00:00,29,14,15,FMN GV 18 Kasterlee
84,Oudemolsedijk,2019-11-24,13:00:00,27,11,16,FMN GV 18 Kasterlee
84,Oudemolsedijk,2019-11-24,14:00:00,50,30,20,FMN GV 18 Kasterlee
84,Oudemolsedijk,2019-11-24,15:00:00,27,15,12,FMN GV 18 Kasterlee
84,Oudemolsedijk,2019-11-24,16:00:00,29,25,4,FMN GV 18 Kasterlee
84,Oudemolsedijk,2019-11-24,17:00:00,5,3,2,FMN GV 18 Kasterlee
84,Oudemolsedijk,2019-11-24,18:00:00,2,2,0,FMN GV 18 Kasterlee
84,Oudemolsedijk,2019-11-24,19:00:00,1,0,1,FMN GV 18 Kasterlee
84,Oudemolsedijk,2019-11-24,20:00:00,1,0,1,FMN GV 18 Kasterlee
84,Oudemolsedijk,2019-11-24,21:00:00,0,0,0,FMN GV 18 Kasterlee
84,Oudemolsedijk,2019-11-24,22:00:00,1,0,1,FMN GV 18 Kasterlee
84,Oudemolsedijk,2019-11-24,23:00:00,0,0,0,FMN GV 18 Kasterlee
84,Oudemolsedijk,2019-11-25,00:00:00,0,0,0,FMN GV 18 Kasterlee
84,Oudemolsedijk,2019-11-25,01:00:00,0,0,0,FMN GV 18 Kasterlee
84,Oudemolsedijk,2019-11-25,02:00:00,0,0,0,FMN GV 18 Kasterlee
84,Oudemolsedijk,2019-11-25,03:00:00,0,0,0,FMN GV 18 Kasterlee
84,Oudemolsedijk,2019-11-25,04:00:00,0,0,0,FMN GV 18 Kasterlee
84,Oudemolsedijk,2019-11-25,05:00:00,3,3,0,FMN GV 18 Kasterlee
84,Oudemolsedijk,2019-11-25,06:00:00,9,2,7,FMN GV 18 Kasterlee
84,Oudemolsedijk,2019-11-25,07:00:00,25,14,11,FMN GV 18 Kasterlee
84,Oudemolsedijk,2019-11-25,08:00:00,11,5,6,FMN GV 18 Kasterlee
84,Oudemolsedijk,2019-11-25,09:00:00,9,2,7,FMN GV 18 Kasterlee
84,Oudemolsedijk,2019-11-25,10:00:00,6,3,3,FMN GV 18 Kasterlee
84,Oudemolsedijk,2019-11-25,11:00:00,8,4,4,FMN GV 18 Kasterlee
84,Oudemolsedijk,2019-11-25,12:00:00,14,10,4,FMN GV 18 Kasterlee
84,Oudemolsedijk,2019-11-25,13:00:00,15,3,12,FMN GV 18 Kasterlee
84,Oudemolsedijk,2019-11-25,14:00:00,39,21,18,FMN GV 18 Kasterlee
84,Oudemolsedijk,2019-11-25,15:00:00,23,15,8,FMN GV 18 Kasterlee
84,Oudemolsedijk,2019-11-25,16:00:00,26,15,11,FMN GV 18 Kasterlee
84,Oudemolsedijk,2019-11-25,17:00:00,22,13,9,FMN GV 18 Kasterlee
84,Oudemolsedijk,2019-11-25,18:00:00,8,4,4,FMN GV 18 Kasterlee
84,Oudemolsedijk,2019-11-25,19:00:00,7,3,4,FMN GV 18 Kasterlee
84,Oudemolsedijk,2019-11-25,20:00:00,0,0,0,FMN GV 18 Kasterlee
84,Oudemolsedijk,2019-11-25,21:00:00,1,1,0,FMN GV 18 Kasterlee
84,Oudemolsedijk,2019-11-25,22:00:00,1,0,1,FMN GV 18 Kasterlee
84,Oudemolsedijk,2019-11-25,23:00:00,1,1,0,FMN GV 18 Kasterlee
84,Oudemolsedijk,2019-11-26,00:00:00,0,0,0,FMN GV 18 Kasterlee
84,Oudemolsedijk,2019-11-26,01:00:00,0,0,0,FMN GV 18 Kasterlee
84,Oudemolsedijk,2019-11-26,02:00:00,0,0,0,FMN GV 18 Kasterlee
84,Oudemolsedijk,2019-11-26,03:00:00,0,0,0,FMN GV 18 Kasterlee
84,Oudemolsedijk,2019-11-26,04:00:00,0,0,0,FMN GV 18 Kasterlee
84,Oudemolsedijk,2019-11-26,05:00:00,3,3,0,FMN GV 18 Kasterlee
84,Oudemolsedijk,2019-11-26,06:00:00,12,4,8,FMN GV 18 Kasterlee
84,Oudemolsedijk,2019-11-26,07:00:00,19,13,6,FMN GV 18 Kasterlee
84,Oudemolsedijk,2019-11-26,08:00:00,15,4,11,FMN GV 18 Kasterlee
84,Oudemolsedijk,2019-11-26,09:00:00,8,1,7,FMN GV 18 Kasterlee
84,Oudemolsedijk,2019-11-26,10:00:00,17,7,10,FMN GV 18 Kasterlee
84,Oudemolsedijk,2019-11-26,11:00:00,4,3,1,FMN GV 18 Kasterlee
84,Oudemolsedijk,2019-11-26,12:00:00,14,6,8,FMN GV 18 Kasterlee
84,Oudemolsedijk,2019-11-26,13:00:00,16,5,11,FMN GV 18 Kasterlee
84,Oudemolsedijk,2019-11-26,14:00:00,17,13,4,FMN GV 18 Kasterlee
84,Oudemolsedijk,2019-11-26,15:00:00,10,6,4,FMN GV 18 Kasterlee
84,Oudemolsedijk,2019-11-26,16:00:00,23,13,10,FMN GV 18 Kasterlee
84,Oudemolsedijk,2019-11-26,17:00:00,14,6,8,FMN GV 18 Kasterlee
84,Oudemolsedijk,2019-11-26,18:00:00,8,2,6,FMN GV 18 Kasterlee
84,Oudemolsedijk,2019-11-26,19:00:00,2,1,1,FMN GV 18 Kasterlee
84,Oudemolsedijk,2019-11-26,20:00:00,3,2,1,FMN GV 18 Kasterlee
84,Oudemolsedijk,2019-11-26,21:00:00,1,1,0,FMN GV 18 Kasterlee
84,Oudemolsedijk,2019-11-26,22:00:00,4,2,2,FMN GV 18 Kasterlee
84,Oudemolsedijk,2019-11-26,23:00:00,0,0,0,FMN GV 18 Kasterlee
84,Oudemolsedijk,2019-11-27,00:00:00,0,0,0,FMN GV 18 Kasterlee
84,Oudemolsedijk,2019-11-27,01:00:00,0,0,0,FMN GV 18 Kasterlee
84,Oudemolsedijk,2019-11-27,02:00:00,0,0,0,FMN GV 18 Kasterlee
84,Oudemolsedijk,2019-11-27,03:00:00,0,0,0,FMN GV 18 Kasterlee
84,Oudemolsedijk,2019-11-27,04:00:00,1,1,0,FMN GV 18 Kasterlee
84,Oudemolsedijk,2019-11-27,05:00:00,1,1,0,FMN GV 18 Kasterlee
84,Oudemolsedijk,2019-11-27,06:00:00,5,0,5,FMN GV 18 Kasterlee
84,Oudemolsedijk,2019-11-27,07:00:00,11,6,5,FMN GV 18 Kasterlee
84,Oudemolsedijk,2019-11-27,08:00:00,10,4,6,FMN GV 18 Kasterlee
84,Oudemolsedijk,2019-11-27,09:00:00,10,3,7,FMN GV 18 Kasterlee
84,Oudemolsedijk,2019-11-27,10:00:00,4,2,2,FMN GV 18 Kasterlee
84,Oudemolsedijk,2019-11-27,11:00:00,7,4,3,FMN GV 18 Kasterlee
84,Oudemolsedijk,2019-11-27,12:00:00,11,7,4,FMN GV 18 Kasterlee
84,Oudemolsedijk,2019-11-27,13:00:00,6,5,1,FMN GV 18 Kasterlee
84,Oudemolsedijk,2019-11-27,14:00:00,4,0,4,FMN GV 18 Kasterlee
84,Oudemolsedijk,2019-11-27,15:00:00,5,2,3,FMN GV 18 Kasterlee
84,Oudemolsedijk,2019-11-27,16:00:00,5,2,3,FMN GV 18 Kasterlee
84,Oudemolsedijk,2019-11-27,17:00:00,9,7,2,FMN GV 18 Kasterlee
84,Oudemolsedijk,2019-11-27,18:00:00,5,4,1,FMN GV 18 Kasterlee
84,Oudemolsedijk,2019-11-27,19:00:00,0,0,0,FMN GV 18 Kasterlee
84,Oudemolsedijk,2019-11-27,20:00:00,1,1,0,FMN GV 18 Kasterlee
84,Oudemolsedijk,2019-11-27,21:00:00,1,0,1,FMN GV 18 Kasterlee
84,Oudemolsedijk,2019-11-27,22:00:00,0,0,0,FMN GV 18 Kasterlee
84,Oudemolsedijk,2019-11-27,23:00:00,0,0,0,FMN GV 18 Kasterlee
84,Oudemolsedijk,2019-11-28,00:00:00,0,0,0,FMN GV 18 Kasterlee
84,Oudemolsedijk,2019-11-28,01:00:00,0,0,0,FMN GV 18 Kasterlee
84,Oudemolsedijk,2019-11-28,02:00:00,0,0,0,FMN GV 18 Kasterlee
84,Oudemolsedijk,2019-11-28,03:00:00,0,0,0,FMN GV 18 Kasterlee
84,Oudemolsedijk,2019-11-28,04:00:00,1,1,0,FMN GV 18 Kasterlee
84,Oudemolsedijk,2019-11-28,05:00:00,1,1,0,FMN GV 18 Kasterlee
84,Oudemolsedijk,2019-11-28,06:00:00,6,1,5,FMN GV 18 Kasterlee
84,Oudemolsedijk,2019-11-28,07:00:00,5,3,2,FMN GV 18 Kasterlee
84,Oudemolsedijk,2019-11-28,08:00:00,9,5,4,FMN GV 18 Kasterlee
84,Oudemolsedijk,2019-11-28,09:00:00,3,1,2,FMN GV 18 Kasterlee
84,Oudemolsedijk,2019-11-28,10:00:00,5,0,5,FMN GV 18 Kasterlee
84,Oudemolsedijk,2019-11-28,11:00:00,5,4,1,FMN GV 18 Kasterlee
84,Oudemolsedijk,2019-11-28,12:00:00,6,2,4,FMN GV 18 Kasterlee
84,Oudemolsedijk,2019-11-28,13:00:00,8,7,1,FMN GV 18 Kasterlee
84,Oudemolsedijk,2019-11-28,14:00:00,4,1,3,FMN GV 18 Kasterlee
84,Oudemolsedijk,2019-11-28,15:00:00,7,2,5,FMN GV 18 Kasterlee
84,Oudemolsedijk,2019-11-28,16:00:00,8,6,2,FMN GV 18 Kasterlee
84,Oudemolsedijk,2019-11-28,17:00:00,12,8,4,FMN GV 18 Kasterlee
84,Oudemolsedijk,2019-11-28,18:00:00,5,4,1,FMN GV 18 Kasterlee
84,Oudemolsedijk,2019-11-28,19:00:00,0,0,0,FMN GV 18 Kasterlee
84,Oudemolsedijk,2019-11-28,20:00:00,1,0,1,FMN GV 18 Kasterlee
84,Oudemolsedijk,2019-11-28,21:00:00,1,1,0,FMN GV 18 Kasterlee
84,Oudemolsedijk,2019-11-28,22:00:00,0,0,0,FMN GV 18 Kasterlee
84,Oudemolsedijk,2019-11-28,23:00:00,0,0,0,FMN GV 18 Kasterlee
84,Oudemolsedijk,2019-11-29,00:00:00,0,0,0,FMN GV 18 Kasterlee
84,Oudemolsedijk,2019-11-29,01:00:00,0,0,0,FMN GV 18 Kasterlee
84,Oudemolsedijk,2019-11-29,02:00:00,0,0,0,FMN GV 18 Kasterlee
84,Oudemolsedijk,2019-11-29,03:00:00,0,0,0,FMN GV 18 Kasterlee
84,Oudemolsedijk,2019-11-29,04:00:00,2,2,0,FMN GV 18 Kasterlee
84,Oudemolsedijk,2019-11-29,05:00:00,2,2,0,FMN GV 18 Kasterlee
84,Oudemolsedijk,2019-11-29,06:00:00,10,1,9,FMN GV 18 Kasterlee
84,Oudemolsedijk,2019-11-29,07:00:00,17,9,8,FMN GV 18 Kasterlee
84,Oudemolsedijk,2019-11-29,08:00:00,16,8,8,FMN GV 18 Kasterlee
84,Oudemolsedijk,2019-11-29,09:00:00,10,6,4,FMN GV 18 Kasterlee
84,Oudemolsedijk,2019-11-29,10:00:00,9,7,2,FMN GV 18 Kasterlee
84,Oudemolsedijk,2019-11-29,11:00:00,10,5,5,FMN GV 18 Kasterlee
84,Oudemolsedijk,2019-11-29,12:00:00,12,4,8,FMN GV 18 Kasterlee
84,Oudemolsedijk,2019-11-29,13:00:00,25,12,13,FMN GV 18 Kasterlee
84,Oudemolsedijk,2019-11-29,14:00:00,35,12,23,FMN GV 18 Kasterlee
84,Oudemolsedijk,2019-11-29,15:00:00,31,19,12,FMN GV 18 Kasterlee
84,Oudemolsedijk,2019-11-29,16:00:00,26,17,9,FMN GV 18 Kasterlee
84,Oudemolsedijk,2019-11-29,17:00:00,14,9,5,FMN GV 18 Kasterlee
84,Oudemolsedijk,2019-11-29,18:00:00,15,1,14,FMN GV 18 Kasterlee
84,Oudemolsedijk,2019-11-29,19:00:00,1,1,0,FMN GV 18 Kasterlee
84,Oudemolsedijk,2019-11-29,20:00:00,1,0,1,FMN GV 18 Kasterlee
84,Oudemolsedijk,2019-11-29,21:00:00,0,0,0,FMN GV 18 Kasterlee
84,Oudemolsedijk,2019-11-29,22:00:00,0,0,0,FMN GV 18 Kasterlee
84,Oudemolsedijk,2019-11-29,23:00:00,0,0,0,FMN GV 18 Kasterlee
84,Oudemolsedijk,2019-11-30,00:00:00,0,0,0,FMN GV 18 Kasterlee
84,Oudemolsedijk,2019-11-30,01:00:00,0,0,0,FMN GV 18 Kasterlee
84,Oudemolsedijk,2019-11-30,02:00:00,0,0,0,FMN GV 18 Kasterlee
84,Oudemolsedijk,2019-11-30,03:00:00,0,0,0,FMN GV 18 Kasterlee
84,Oudemolsedijk,2019-11-30,04:00:00,0,0,0,FMN GV 18 Kasterlee
84,Oudemolsedijk,2019-11-30,05:00:00,0,0,0,FMN GV 18 Kasterlee
84,Oudemolsedijk,2019-11-30,06:00:00,0,0,0,FMN GV 18 Kasterlee
84,Oudemolsedijk,2019-11-30,07:00:00,0,0,0,FMN GV 18 Kasterlee
84,Oudemolsedijk,2019-11-30,08:00:00,4,0,4,FMN GV 18 Kasterlee
84,Oudemolsedijk,2019-11-30,09:00:00,11,6,5,FMN GV 18 Kasterlee
84,Oudemolsedijk,2019-11-30,10:00:00,15,6,9,FMN GV 18 Kasterlee
84,Oudemolsedijk,2019-11-30,11:00:00,14,10,4,FMN GV 18 Kasterlee
84,Oudemolsedijk,2019-11-30,12:00:00,20,4,16,FMN GV 18 Kasterlee
84,Oudemolsedijk,2019-11-30,13:00:00,52,35,17,FMN GV 18 Kasterlee
84,Oudemolsedijk,2019-11-30,14:00:00,55,28,27,FMN GV 18 Kasterlee
84,Oudemolsedijk,2019-11-30,15:00:00,28,15,13,FMN GV 18 Kasterlee
84,Oudemolsedijk,2019-11-30,16:00:00,37,27,10,FMN GV 18 Kasterlee
84,Oudemolsedijk,2019-11-30,17:00:00,2,2,0,FMN GV 18 Kasterlee
84,Oudemolsedijk,2019-11-30,18:00:00,4,1,3,FMN GV 18 Kasterlee
84,Oudemolsedijk,2019-11-30,19:00:00,7,5,2,FMN GV 18 Kasterlee
84,Oudemolsedijk,2019-11-30,20:00:00,0,0,0,FMN GV 18 Kasterlee
84,Oudemolsedijk,2019-11-30,21:00:00,0,0,0,FMN GV 18 Kasterlee
84,Oudemolsedijk,2019-11-30,22:00:00,0,0,0,FMN GV 18 Kasterlee
84,Oudemolsedijk,2019-11-30,23:00:00,1,0,1,FMN GV 18 Kasterlee
84,Oudemolsedijk,2019-12-01,00:00:00,2,0,2,FMN GV 18 Kasterlee
84,Oudemolsedijk,2019-12-01,01:00:00,2,0,2,FMN GV 18 Kasterlee
84,Oudemolsedijk,2019-12-01,02:00:00,0,0,0,FMN GV 18 Kasterlee
84,Oudemolsedijk,2019-12-01,03:00:00,0,0,0,FMN GV 18 Kasterlee
84,Oudemolsedijk,2019-12-01,04:00:00,0,0,0,FMN GV 18 Kasterlee
84,Oudemolsedijk,2019-12-01,05:00:00,0,0,0,FMN GV 18 Kasterlee
84,Oudemolsedijk,2019-12-01,06:00:00,0,0,0,FMN GV 18 Kasterlee
84,Oudemolsedijk,2019-12-01,07:00:00,2,1,1,FMN GV 18 Kasterlee
84,Oudemolsedijk,2019-12-01,08:00:00,4,3,1,FMN GV 18 Kasterlee
84,Oudemolsedijk,2019-12-01,09:00:00,33,22,11,FMN GV 18 Kasterlee
84,Oudemolsedijk,2019-12-01,10:00:00,51,30,21,FMN GV 18 Kasterlee
84,Oudemolsedijk,2019-12-01,11:00:00,23,8,15,FMN GV 18 Kasterlee
84,Oudemolsedijk,2019-12-01,12:00:00,8,2,6,FMN GV 18 Kasterlee
84,Oudemolsedijk,2019-12-01,13:00:00,21,10,11,FMN GV 18 Kasterlee
84,Oudemolsedijk,2019-12-01,14:00:00,27,7,20,FMN GV 18 Kasterlee
84,Oudemolsedijk,2019-12-01,15:00:00,11,7,4,FMN GV 18 Kasterlee
84,Oudemolsedijk,2019-12-01,16:00:00,7,4,3,FMN GV 18 Kasterlee
84,Oudemolsedijk,2019-12-01,17:00:00,4,3,1,FMN GV 18 Kasterlee
84,Oudemolsedijk,2019-12-01,18:00:00,3,0,3,FMN GV 18 Kasterlee
84,Oudemolsedijk,2019-12-01,19:00:00,1,1,0,FMN GV 18 Kasterlee
84,Oudemolsedijk,2019-12-01,20:00:00,1,1,0,FMN GV 18 Kasterlee
84,Oudemolsedijk,2019-12-01,21:00:00,2,0,2,FMN GV 18 Kasterlee
84,Oudemolsedijk,2019-12-01,22:00:00,0,0,0,FMN GV 18 Kasterlee
84,Oudemolsedijk,2019-12-01,23:00:00,0,0,0,FMN GV 18 Kasterlee
84,Oudemolsedijk,2019-12-02,00:00:00,0,0,0,FMN GV 18 Kasterlee
84,Oudemolsedijk,2019-12-02,01:00:00,0,0,0,FMN GV 18 Kasterlee
84,Oudemolsedijk,2019-12-02,02:00:00,0,0,0,FMN GV 18 Kasterlee
84,Oudemolsedijk,2019-12-02,03:00:00,0,0,0,FMN GV 18 Kasterlee
84,Oudemolsedijk,2019-12-02,04:00:00,0,0,0,FMN GV 18 Kasterlee
84,Oudemolsedijk,2019-12-02,05:00:00,4,4,0,FMN GV 18 Kasterlee
84,Oudemolsedijk,2019-12-02,06:00:00,8,1,7,FMN GV 18 Kasterlee
84,Oudemolsedijk,2019-12-02,07:00:00,21,11,10,FMN GV 18 Kasterlee
84,Oudemolsedijk,2019-12-02,08:00:00,11,7,4,FMN GV 18 Kasterlee
84,Oudemolsedijk,2019-12-02,09:00:00,9,6,3,FMN GV 18 Kasterlee
84,Oudemolsedijk,2019-12-02,10:00:00,3,1,2,FMN GV 18 Kasterlee
84,Oudemolsedijk,2019-12-02,11:00:00,6,1,5,FMN GV 18 Kasterlee
84,Oudemolsedijk,2019-12-02,12:00:00,12,5,7,FMN GV 18 Kasterlee
84,Oudemolsedijk,2019-12-02,13:00:00,30,12,18,FMN GV 18 Kasterlee
84,Oudemolsedijk,2019-12-02,14:00:00,15,8,7,FMN GV 18 Kasterlee
84,Oudemolsedijk,2019-12-02,15:00:00,10,7,3,FMN GV 18 Kasterlee
84,Oudemolsedijk,2019-12-02,16:00:00,39,30,9,FMN GV 18 Kasterlee
84,Oudemolsedijk,2019-12-02,17:00:00,17,7,10,FMN GV 18 Kasterlee
84,Oudemolsedijk,2019-12-02,18:00:00,7,3,4,FMN GV 18 Kasterlee
84,Oudemolsedijk,2019-12-02,19:00:00,3,2,1,FMN GV 18 Kasterlee
84,Oudemolsedijk,2019-12-02,20:00:00,2,1,1,FMN GV 18 Kasterlee
84,Oudemolsedijk,2019-12-02,21:00:00,1,1,0,FMN GV 18 Kasterlee
84,Oudemolsedijk,2019-12-02,22:00:00,2,0,2,FMN GV 18 Kasterlee
84,Oudemolsedijk,2019-12-02,23:00:00,0,0,0,FMN GV 18 Kasterlee
84,Oudemolsedijk,2019-12-03,00:00:00,1,1,0,FMN GV 18 Kasterlee
84,Oudemolsedijk,2019-12-03,01:00:00,0,0,0,FMN GV 18 Kasterlee
84,Oudemolsedijk,2019-12-03,02:00:00,0,0,0,FMN GV 18 Kasterlee
84,Oudemolsedijk,2019-12-03,03:00:00,1,0,1,FMN GV 18 Kasterlee
84,Oudemolsedijk,2019-12-03,04:00:00,0,0,0,FMN GV 18 Kasterlee
84,Oudemolsedijk,2019-12-03,05:00:00,2,2,0,FMN GV 18 Kasterlee
84,Oudemolsedijk,2019-12-03,06:00:00,13,4,9,FMN GV 18 Kasterlee
84,Oudemolsedijk,2019-12-03,07:00:00,19,12,7,FMN GV 18 Kasterlee
84,Oudemolsedijk,2019-12-03,08:00:00,44,7,37,FMN GV 18 Kasterlee
84,Oudemolsedijk,2019-12-03,09:00:00,8,1,7,FMN GV 18 Kasterlee
84,Oudemolsedijk,2019-12-03,10:00:00,11,10,1,FMN GV 18 Kasterlee
84,Oudemolsedijk,2019-12-03,11:00:00,10,9,1,FMN GV 18 Kasterlee
84,Oudemolsedijk,2019-12-03,12:00:00,10,5,5,FMN GV 18 Kasterlee
84,Oudemolsedijk,2019-12-03,13:00:00,38,17,21,FMN GV 18 Kasterlee
84,Oudemolsedijk,2019-12-03,14:00:00,30,20,10,FMN GV 18 Kasterlee
84,Oudemolsedijk,2019-12-03,15:00:00,27,16,11,FMN GV 18 Kasterlee
84,Oudemolsedijk,2019-12-03,16:00:00,30,15,15,FMN GV 18 Kasterlee
84,Oudemolsedijk,2019-12-03,17:00:00,16,10,6,FMN GV 18 Kasterlee
84,Oudemolsedijk,2019-12-03,18:00:00,16,7,9,FMN GV 18 Kasterlee
84,Oudemolsedijk,2019-12-03,19:00:00,4,2,2,FMN GV 18 Kasterlee
84,Oudemolsedijk,2019-12-03,20:00:00,2,1,1,FMN GV 18 Kasterlee
84,Oudemolsedijk,2019-12-03,21:00:00,2,2,0,FMN GV 18 Kasterlee
84,Oudemolsedijk,2019-12-03,22:00:00,2,1,1,FMN GV 18 Kasterlee
84,Oudemolsedijk,2019-12-03,23:00:00,1,1,0,FMN GV 18 Kasterlee
84,Oudemolsedijk,2019-12-04,00:00:00,0,0,0,FMN GV 18 Kasterlee
84,Oudemolsedijk,2019-12-04,01:00:00,0,0,0,FMN GV 18 Kasterlee
84,Oudemolsedijk,2019-12-04,02:00:00,0,0,0,FMN GV 18 Kasterlee
84,Oudemolsedijk,2019-12-04,03:00:00,0,0,0,FMN GV 18 Kasterlee
84,Oudemolsedijk,2019-12-04,04:00:00,0,0,0,FMN GV 18 Kasterlee
84,Oudemolsedijk,2019-12-04,05:00:00,2,2,0,FMN GV 18 Kasterlee
84,Oudemolsedijk,2019-12-04,06:00:00,11,3,8,FMN GV 18 Kasterlee
84,Oudemolsedijk,2019-12-04,07:00:00,12,9,3,FMN GV 18 Kasterlee
84,Oudemolsedijk,2019-12-04,08:00:00,11,3,8,FMN GV 18 Kasterlee
84,Oudemolsedijk,2019-12-04,09:00:00,5,4,1,FMN GV 18 Kasterlee
84,Oudemolsedijk,2019-12-04,10:00:00,8,6,2,FMN GV 18 Kasterlee
84,Oudemolsedijk,2019-12-04,11:00:00,5,4,1,FMN GV 18 Kasterlee
84,Oudemolsedijk,2019-12-04,12:00:00,31,15,16,FMN GV 18 Kasterlee
84,Oudemolsedijk,2019-12-04,13:00:00,17,13,4,FMN GV 18 Kasterlee
84,Oudemolsedijk,2019-12-04,14:00:00,27,20,7,FMN GV 18 Kasterlee
84,Oudemolsedijk,2019-12-04,15:00:00,33,25,8,FMN GV 18 Kasterlee
84,Oudemolsedijk,2019-12-04,16:00:00,12,8,4,FMN GV 18 Kasterlee
84,Oudemolsedijk,2019-12-04,17:00:00,15,8,7,FMN GV 18 Kasterlee
84,Oudemolsedijk,2019-12-04,18:00:00,9,6,3,FMN GV 18 Kasterlee
84,Oudemolsedijk,2019-12-04,19:00:00,1,0,1,FMN GV 18 Kasterlee
84,Oudemolsedijk,2019-12-04,20:00:00,17,3,14,FMN GV 18 Kasterlee
84,Oudemolsedijk,2019-12-04,21:00:00,5,5,0,FMN GV 18 Kasterlee
84,Oudemolsedijk,2019-12-04,22:00:00,1,0,1,FMN GV 18 Kasterlee
84,Oudemolsedijk,2019-12-04,23:00:00,0,0,0,FMN GV 18 Kasterlee
84,Oudemolsedijk,2019-12-05,00:00:00,0,0,0,FMN GV 18 Kasterlee
84,Oudemolsedijk,2019-12-05,01:00:00,0,0,0,FMN GV 18 Kasterlee
84,Oudemolsedijk,2019-12-05,02:00:00,0,0,0,FMN GV 18 Kasterlee
84,Oudemolsedijk,2019-12-05,03:00:00,0,0,0,FMN GV 18 Kasterlee
84,Oudemolsedijk,2019-12-05,04:00:00,4,3,1,FMN GV 18 Kasterlee
84,Oudemolsedijk,2019-12-05,05:00:00,2,2,0,FMN GV 18 Kasterlee
84,Oudemolsedijk,2019-12-05,06:00:00,13,4,9,FMN GV 18 Kasterlee
84,Oudemolsedijk,2019-12-05,07:00:00,15,9,6,FMN GV 18 Kasterlee
84,Oudemolsedijk,2019-12-05,08:00:00,13,8,5,FMN GV 18 Kasterlee
84,Oudemolsedijk,2019-12-05,09:00:00,4,1,3,FMN GV 18 Kasterlee
84,Oudemolsedijk,2019-12-05,10:00:00,4,4,0,FMN GV 18 Kasterlee
84,Oudemolsedijk,2019-12-05,11:00:00,12,5,7,FMN GV 18 Kasterlee
84,Oudemolsedijk,2019-12-05,12:00:00,17,5,12,FMN GV 18 Kasterlee
84,Oudemolsedijk,2019-12-05,13:00:00,23,10,13,FMN GV 18 Kasterlee
84,Oudemolsedijk,2019-12-05,14:00:00,14,8,6,FMN GV 18 Kasterlee
84,Oudemolsedijk,2019-12-05,15:00:00,29,20,9,FMN GV 18 Kasterlee
84,Oudemolsedijk,2019-12-05,16:00:00,19,11,8,FMN GV 18 Kasterlee
84,Oudemolsedijk,2019-12-05,17:00:00,12,7,5,FMN GV 18 Kasterlee
84,Oudemolsedijk,2019-12-05,18:00:00,5,3,2,FMN GV 18 Kasterlee
84,Oudemolsedijk,2019-12-05,19:00:00,6,1,5,FMN GV 18 Kasterlee
84,Oudemolsedijk,2019-12-05,20:00:00,4,1,3,FMN GV 18 Kasterlee
84,Oudemolsedijk,2019-12-05,21:00:00,2,2,0,FMN GV 18 Kasterlee
84,Oudemolsedijk,2019-12-05,22:00:00,1,1,0,FMN GV 18 Kasterlee
84,Oudemolsedijk,2019-12-05,23:00:00,0,0,0,FMN GV 18 Kasterlee
84,Oudemolsedijk,2019-12-06,00:00:00,0,0,0,FMN GV 18 Kasterlee
84,Oudemolsedijk,2019-12-06,01:00:00,0,0,0,FMN GV 18 Kasterlee
84,Oudemolsedijk,2019-12-06,02:00:00,0,0,0,FMN GV 18 Kasterlee
84,Oudemolsedijk,2019-12-06,03:00:00,0,0,0,FMN GV 18 Kasterlee
84,Oudemolsedijk,2019-12-06,04:00:00,0,0,0,FMN GV 18 Kasterlee
84,Oudemolsedijk,2019-12-06,05:00:00,1,1,0,FMN GV 18 Kasterlee
84,Oudemolsedijk,2019-12-06,06:00:00,4,0,4,FMN GV 18 Kasterlee
84,Oudemolsedijk,2019-12-06,07:00:00,6,4,2,FMN GV 18 Kasterlee
84,Oudemolsedijk,2019-12-06,08:00:00,3,2,1,FMN GV 18 Kasterlee
84,Oudemolsedijk,2019-12-06,09:00:00,4,2,2,FMN GV 18 Kasterlee
84,Oudemolsedijk,2019-12-06,10:00:00,4,3,1,FMN GV 18 Kasterlee
84,Oudemolsedijk,2019-12-06,11:00:00,2,1,1,FMN GV 18 Kasterlee
84,Oudemolsedijk,2019-12-06,12:00:00,1,1,0,FMN GV 18 Kasterlee
84,Oudemolsedijk,2019-12-06,13:00:00,2,1,1,FMN GV 18 Kasterlee
84,Oudemolsedijk,2019-12-06,14:00:00,3,2,1,FMN GV 18 Kasterlee
84,Oudemolsedijk,2019-12-06,15:00:00,3,2,1,FMN GV 18 Kasterlee
84,Oudemolsedijk,2019-12-06,16:00:00,12,6,6,FMN GV 18 Kasterlee
84,Oudemolsedijk,2019-12-06,17:00:00,1,1,0,FMN GV 18 Kasterlee
84,Oudemolsedijk,2019-12-06,18:00:00,2,2,0,FMN GV 18 Kasterlee
84,Oudemolsedijk,2019-12-06,19:00:00,1,0,1,FMN GV 18 Kasterlee
84,Oudemolsedijk,2019-12-06,20:00:00,2,0,2,FMN GV 18 Kasterlee
84,Oudemolsedijk,2019-12-06,21:00:00,0,0,0,FMN GV 18 Kasterlee
84,Oudemolsedijk,2019-12-06,22:00:00,1,0,1,FMN GV 18 Kasterlee
84,Oudemolsedijk,2019-12-06,23:00:00,0,0,0,FMN GV 18 Kasterlee
84,Oudemolsedijk,2019-12-07,00:00:00,0,0,0,FMN GV 18 Kasterlee
84,Oudemolsedijk,2019-12-07,01:00:00,0,0,0,FMN GV 18 Kasterlee
84,Oudemolsedijk,2019-12-07,02:00:00,1,0,1,FMN GV 18 Kasterlee
84,Oudemolsedijk,2019-12-07,03:00:00,0,0,0,FMN GV 18 Kasterlee
84,Oudemolsedijk,2019-12-07,04:00:00,0,0,0,FMN GV 18 Kasterlee
84,Oudemolsedijk,2019-12-07,05:00:00,0,0,0,FMN GV 18 Kasterlee
84,Oudemolsedijk,2019-12-07,06:00:00,1,1,0,FMN GV 18 Kasterlee
84,Oudemolsedijk,2019-12-07,07:00:00,2,1,1,FMN GV 18 Kasterlee
84,Oudemolsedijk,2019-12-07,08:00:00,5,4,1,FMN GV 18 Kasterlee
84,Oudemolsedijk,2019-12-07,09:00:00,12,6,6,FMN GV 18 Kasterlee
84,Oudemolsedijk,2019-12-07,10:00:00,11,5,6,FMN GV 18 Kasterlee
84,Oudemolsedijk,2019-12-07,11:00:00,23,12,11,FMN GV 18 Kasterlee
84,Oudemolsedijk,2019-12-07,12:00:00,25,10,15,FMN GV 18 Kasterlee
84,Oudemolsedijk,2019-12-07,13:00:00,47,25,22,FMN GV 18 Kasterlee
84,Oudemolsedijk,2019-12-07,14:00:00,49,26,23,FMN GV 18 Kasterlee
84,Oudemolsedijk,2019-12-07,15:00:00,45,25,20,FMN GV 18 Kasterlee
84,Oudemolsedijk,2019-12-07,16:00:00,10,8,2,FMN GV 18 Kasterlee
84,Oudemolsedijk,2019-12-07,17:00:00,5,5,0,FMN GV 18 Kasterlee
84,Oudemolsedijk,2019-12-07,18:00:00,1,0,1,FMN GV 18 Kasterlee
84,Oudemolsedijk,2019-12-07,19:00:00,1,1,0,FMN GV 18 Kasterlee
84,Oudemolsedijk,2019-12-07,20:00:00,2,2,0,FMN GV 18 Kasterlee
84,Oudemolsedijk,2019-12-07,21:00:00,5,5,0,FMN GV 18 Kasterlee
84,Oudemolsedijk,2019-12-07,22:00:00,1,0,1,FMN GV 18 Kasterlee
84,Oudemolsedijk,2019-12-07,23:00:00,5,0,5,FMN GV 18 Kasterlee
84,Oudemolsedijk,2019-12-08,00:00:00,0,0,0,FMN GV 18 Kasterlee
84,Oudemolsedijk,2019-12-08,01:00:00,0,0,0,FMN GV 18 Kasterlee
84,Oudemolsedijk,2019-12-08,02:00:00,1,0,1,FMN GV 18 Kasterlee
84,Oudemolsedijk,2019-12-08,03:00:00,0,0,0,FMN GV 18 Kasterlee
84,Oudemolsedijk,2019-12-08,04:00:00,0,0,0,FMN GV 18 Kasterlee
84,Oudemolsedijk,2019-12-08,05:00:00,0,0,0,FMN GV 18 Kasterlee
84,Oudemolsedijk,2019-12-08,06:00:00,0,0,0,FMN GV 18 Kasterlee
84,Oudemolsedijk,2019-12-08,07:00:00,0,0,0,FMN GV 18 Kasterlee
84,Oudemolsedijk,2019-12-08,08:00:00,5,0,5,FMN GV 18 Kasterlee
84,Oudemolsedijk,2019-12-08,09:00:00,4,0,4,FMN GV 18 Kasterlee
84,Oudemolsedijk,2019-12-08,10:00:00,5,5,0,FMN GV 18 Kasterlee
84,Oudemolsedijk,2019-12-08,11:00:00,2,0,2,FMN GV 18 Kasterlee
84,Oudemolsedijk,2019-12-08,12:00:00,9,5,4,FMN GV 18 Kasterlee
84,Oudemolsedijk,2019-12-08,13:00:00,13,9,4,FMN GV 18 Kasterlee
84,Oudemolsedijk,2019-12-08,14:00:00,9,5,4,FMN GV 18 Kasterlee
84,Oudemolsedijk,2019-12-08,15:00:00,8,6,2,FMN GV 18 Kasterlee
84,Oudemolsedijk,2019-12-08,16:00:00,5,3,2,FMN GV 18 Kasterlee
84,Oudemolsedijk,2019-12-08,17:00:00,3,0,3,FMN GV 18 Kasterlee
84,Oudemolsedijk,2019-12-08,18:00:00,0,0,0,FMN GV 18 Kasterlee
84,Oudemolsedijk,2019-12-08,19:00:00,3,1,2,FMN GV 18 Kasterlee
84,Oudemolsedijk,2019-12-08,20:00:00,0,0,0,FMN GV 18 Kasterlee
84,Oudemolsedijk,2019-12-08,21:00:00,0,0,0,FMN GV 18 Kasterlee
84,Oudemolsedijk,2019-12-08,22:00:00,0,0,0,FMN GV 18 Kasterlee
84,Oudemolsedijk,2019-12-08,23:00:00,0,0,0,FMN GV 18 Kasterlee
84,Oudemolsedijk,2019-12-09,00:00:00,0,0,0,FMN GV 18 Kasterlee
84,Oudemolsedijk,2019-12-09,01:00:00,0,0,0,FMN GV 18 Kasterlee
84,Oudemolsedijk,2019-12-09,02:00:00,0,0,0,FMN GV 18 Kasterlee
84,Oudemolsedijk,2019-12-09,03:00:00,0,0,0,FMN GV 18 Kasterlee
84,Oudemolsedijk,2019-12-09,04:00:00,1,1,0,FMN GV 18 Kasterlee
84,Oudemolsedijk,2019-12-09,05:00:00,0,0,0,FMN GV 18 Kasterlee
84,Oudemolsedijk,2019-12-09,06:00:00,5,2,3,FMN GV 18 Kasterlee
84,Oudemolsedijk,2019-12-09,07:00:00,5,3,2,FMN GV 18 Kasterlee
84,Oudemolsedijk,2019-12-09,08:00:00,1,1,0,FMN GV 18 Kasterlee
84,Oudemolsedijk,2019-12-09,09:00:00,2,2,0,FMN GV 18 Kasterlee
84,Oudemolsedijk,2019-12-09,10:00:00,3,1,2,FMN GV 18 Kasterlee
84,Oudemolsedijk,2019-12-09,11:00:00,1,1,0,FMN GV 18 Kasterlee
84,Oudemolsedijk,2019-12-09,12:00:00,1,1,0,FMN GV 18 Kasterlee
84,Oudemolsedijk,2019-12-09,13:00:00,5,3,2,FMN GV 18 Kasterlee
84,Oudemolsedijk,2019-12-09,14:00:00,7,4,3,FMN GV 18 Kasterlee
84,Oudemolsedijk,2019-12-09,15:00:00,4,1,3,FMN GV 18 Kasterlee
84,Oudemolsedijk,2019-12-09,16:00:00,7,4,3,FMN GV 18 Kasterlee
84,Oudemolsedijk,2019-12-09,17:00:00,1,0,1,FMN GV 18 Kasterlee
84,Oudemolsedijk,2019-12-09,18:00:00,4,1,3,FMN GV 18 Kasterlee
84,Oudemolsedijk,2019-12-09,19:00:00,1,1,0,FMN GV 18 Kasterlee
84,Oudemolsedijk,2019-12-09,20:00:00,0,0,0,FMN GV 18 Kasterlee
84,Oudemolsedijk,2019-12-09,21:00:00,0,0,0,FMN GV 18 Kasterlee
84,Oudemolsedijk,2019-12-09,22:00:00,1,0,1,FMN GV 18 Kasterlee
84,Oudemolsedijk,2019-12-09,23:00:00,1,0,1,FMN GV 18 Kasterlee
84,Oudemolsedijk,2019-12-10,00:00:00,0,0,0,FMN GV 18 Kasterlee
84,Oudemolsedijk,2019-12-10,01:00:00,0,0,0,FMN GV 18 Kasterlee
84,Oudemolsedijk,2019-12-10,02:00:00,0,0,0,FMN GV 18 Kasterlee
84,Oudemolsedijk,2019-12-10,03:00:00,0,0,0,FMN GV 18 Kasterlee
84,Oudemolsedijk,2019-12-10,04:00:00,2,2,0,FMN GV 18 Kasterlee
84,Oudemolsedijk,2019-12-10,05:00:00,1,1,0,FMN GV 18 Kasterlee
84,Oudemolsedijk,2019-12-10,06:00:00,11,7,4,FMN GV 18 Kasterlee
84,Oudemolsedijk,2019-12-10,07:00:00,7,1,6,FMN GV 18 Kasterlee
84,Oudemolsedijk,2019-12-10,08:00:00,19,7,12,FMN GV 18 Kasterlee
84,Oudemolsedijk,2019-12-10,09:00:00,7,2,5,FMN GV 18 Kasterlee
84,Oudemolsedijk,2019-12-10,10:00:00,4,2,2,FMN GV 18 Kasterlee
84,Oudemolsedijk,2019-12-10,11:00:00,11,1,10,FMN GV 18 Kasterlee
84,Oudemolsedijk,2019-12-10,12:00:00,9,6,3,FMN GV 18 Kasterlee
84,Oudemolsedijk,2019-12-10,13:00:00,36,21,15,FMN GV 18 Kasterlee
84,Oudemolsedijk,2019-12-10,14:00:00,49,36,13,FMN GV 18 Kasterlee
84,Oudemolsedijk,2019-12-10,15:00:00,46,37,9,FMN GV 18 Kasterlee
84,Oudemolsedijk,2019-12-10,16:00:00,29,16,13,FMN GV 18 Kasterlee
84,Oudemolsedijk,2019-12-10,17:00:00,14,12,2,FMN GV 18 Kasterlee
84,Oudemolsedijk,2019-12-10,18:00:00,5,2,3,FMN GV 18 Kasterlee
84,Oudemolsedijk,2019-12-10,19:00:00,2,0,2,FMN GV 18 Kasterlee
84,Oudemolsedijk,2019-12-10,20:00:00,1,0,1,FMN GV 18 Kasterlee
84,Oudemolsedijk,2019-12-10,21:00:00,0,0,0,FMN GV 18 Kasterlee
84,Oudemolsedijk,2019-12-10,22:00:00,3,1,2,FMN GV 18 Kasterlee
84,Oudemolsedijk,2019-12-10,23:00:00,1,1,0,FMN GV 18 Kasterlee
84,Oudemolsedijk,2019-12-11,00:00:00,0,0,0,FMN GV 18 Kasterlee
84,Oudemolsedijk,2019-12-11,01:00:00,0,0,0,FMN GV 18 Kasterlee
84,Oudemolsedijk,2019-12-11,02:00:00,0,0,0,FMN GV 18 Kasterlee
84,Oudemolsedijk,2019-12-11,03:00:00,0,0,0,FMN GV 18 Kasterlee
84,Oudemolsedijk,2019-12-11,04:00:00,1,1,0,FMN GV 18 Kasterlee
84,Oudemolsedijk,2019-12-11,05:00:00,1,1,0,FMN GV 18 Kasterlee
84,Oudemolsedijk,2019-12-11,06:00:00,3,0,3,FMN GV 18 Kasterlee
84,Oudemolsedijk,2019-12-11,07:00:00,5,2,3,FMN GV 18 Kasterlee
84,Oudemolsedijk,2019-12-11,08:00:00,5,4,1,FMN GV 18 Kasterlee
84,Oudemolsedijk,2019-12-11,09:00:00,1,0,1,FMN GV 18 Kasterlee
84,Oudemolsedijk,2019-12-11,10:00:00,2,0,2,FMN GV 18 Kasterlee
84,Oudemolsedijk,2019-12-11,11:00:00,3,3,0,FMN GV 18 Kasterlee
84,Oudemolsedijk,2019-12-11,12:00:00,7,6,1,FMN GV 18 Kasterlee
84,Oudemolsedijk,2019-12-11,13:00:00,16,5,11,FMN GV 18 Kasterlee
84,Oudemolsedijk,2019-12-11,14:00:00,8,3,5,FMN GV 18 Kasterlee
84,Oudemolsedijk,2019-12-11,15:00:00,11,7,4,FMN GV 18 Kasterlee
84,Oudemolsedijk,2019-12-11,16:00:00,5,4,1,FMN GV 18 Kasterlee
84,Oudemolsedijk,2019-12-11,17:00:00,10,4,6,FMN GV 18 Kasterlee
84,Oudemolsedijk,2019-12-11,18:00:00,2,2,0,FMN GV 18 Kasterlee
84,Oudemolsedijk,2019-12-11,19:00:00,3,2,1,FMN GV 18 Kasterlee
84,Oudemolsedijk,2019-12-11,20:00:00,25,23,2,FMN GV 18 Kasterlee
84,Oudemolsedijk,2019-12-11,21:00:00,2,2,0,FMN GV 18 Kasterlee
84,Oudemolsedijk,2019-12-11,22:00:00,2,0,2,FMN GV 18 Kasterlee
84,Oudemolsedijk,2019-12-11,23:00:00,0,0,0,FMN GV 18 Kasterlee
84,Oudemolsedijk,2019-12-12,00:00:00,0,0,0,FMN GV 18 Kasterlee
84,Oudemolsedijk,2019-12-12,01:00:00,0,0,0,FMN GV 18 Kasterlee
84,Oudemolsedijk,2019-12-12,02:00:00,0,0,0,FMN GV 18 Kasterlee
84,Oudemolsedijk,2019-12-12,03:00:00,0,0,0,FMN GV 18 Kasterlee
84,Oudemolsedijk,2019-12-12,04:00:00,1,1,0,FMN GV 18 Kasterlee
84,Oudemolsedijk,2019-12-12,05:00:00,2,2,0,FMN GV 18 Kasterlee
84,Oudemolsedijk,2019-12-12,06:00:00,10,3,7,FMN GV 18 Kasterlee
84,Oudemolsedijk,2019-12-12,07:00:00,13,5,8,FMN GV 18 Kasterlee
84,Oudemolsedijk,2019-12-12,08:00:00,17,8,9,FMN GV 18 Kasterlee
84,Oudemolsedijk,2019-12-12,09:00:00,13,4,9,FMN GV 18 Kasterlee
84,Oudemolsedijk,2019-12-12,10:00:00,14,5,9,FMN GV 18 Kasterlee
84,Oudemolsedijk,2019-12-12,11:00:00,13,9,4,FMN GV 18 Kasterlee
84,Oudemolsedijk,2019-12-12,12:00:00,17,6,11,FMN GV 18 Kasterlee
84,Oudemolsedijk,2019-12-12,13:00:00,13,8,5,FMN GV 18 Kasterlee
84,Oudemolsedijk,2019-12-12,14:00:00,15,5,10,FMN GV 18 Kasterlee
84,Oudemolsedijk,2019-12-12,15:00:00,30,26,4,FMN GV 18 Kasterlee
84,Oudemolsedijk,2019-12-12,16:00:00,26,19,7,FMN GV 18 Kasterlee
84,Oudemolsedijk,2019-12-12,17:00:00,15,8,7,FMN GV 18 Kasterlee
84,Oudemolsedijk,2019-12-12,18:00:00,11,4,7,FMN GV 18 Kasterlee
84,Oudemolsedijk,2019-12-12,19:00:00,3,3,0,FMN GV 18 Kasterlee
84,Oudemolsedijk,2019-12-12,20:00:00,3,0,3,FMN GV 18 Kasterlee
84,Oudemolsedijk,2019-12-12,21:00:00,0,0,0,FMN GV 18 Kasterlee
84,Oudemolsedijk,2019-12-12,22:00:00,2,0,2,FMN GV 18 Kasterlee
84,Oudemolsedijk,2019-12-12,23:00:00,0,0,0,FMN GV 18 Kasterlee
84,Oudemolsedijk,2019-12-13,00:00:00,0,0,0,FMN GV 18 Kasterlee
84,Oudemolsedijk,2019-12-13,01:00:00,0,0,0,FMN GV 18 Kasterlee
84,Oudemolsedijk,2019-12-13,02:00:00,0,0,0,FMN GV 18 Kasterlee
84,Oudemolsedijk,2019-12-13,03:00:00,0,0,0,FMN GV 18 Kasterlee
84,Oudemolsedijk,2019-12-13,04:00:00,1,1,0,FMN GV 18 Kasterlee
84,Oudemolsedijk,2019-12-13,05:00:00,1,1,0,FMN GV 18 Kasterlee
84,Oudemolsedijk,2019-12-13,06:00:00,2,0,2,FMN GV 18 Kasterlee
84,Oudemolsedijk,2019-12-13,07:00:00,9,5,4,FMN GV 18 Kasterlee
84,Oudemolsedijk,2019-12-13,08:00:00,5,3,2,FMN GV 18 Kasterlee
84,Oudemolsedijk,2019-12-13,09:00:00,1,0,1,FMN GV 18 Kasterlee
84,Oudemolsedijk,2019-12-13,10:00:00,3,2,1,FMN GV 18 Kasterlee
84,Oudemolsedijk,2019-12-13,11:00:00,3,3,0,FMN GV 18 Kasterlee
84,Oudemolsedijk,2019-12-13,12:00:00,3,2,1,FMN GV 18 Kasterlee
84,Oudemolsedijk,2019-12-13,13:00:00,3,0,3,FMN GV 18 Kasterlee
84,Oudemolsedijk,2019-12-13,14:00:00,1,1,0,FMN GV 18 Kasterlee
84,Oudemolsedijk,2019-12-13,15:00:00,2,2,0,FMN GV 18 Kasterlee
84,Oudemolsedijk,2019-12-13,16:00:00,5,2,3,FMN GV 18 Kasterlee
84,Oudemolsedijk,2019-12-13,17:00:00,7,3,4,FMN GV 18 Kasterlee
84,Oudemolsedijk,2019-12-13,18:00:00,3,2,1,FMN GV 18 Kasterlee
84,Oudemolsedijk,2019-12-13,19:00:00,1,0,1,FMN GV 18 Kasterlee
84,Oudemolsedijk,2019-12-13,20:00:00,1,0,1,FMN GV 18 Kasterlee
84,Oudemolsedijk,2019-12-13,21:00:00,0,0,0,FMN GV 18 Kasterlee
84,Oudemolsedijk,2019-12-13,22:00:00,0,0,0,FMN GV 18 Kasterlee
84,Oudemolsedijk,2019-12-13,23:00:00,3,3,0,FMN GV 18 Kasterlee
84,Oudemolsedijk,2019-12-14,00:00:00,0,0,0,FMN GV 18 Kasterlee
84,Oudemolsedijk,2019-12-14,01:00:00,0,0,0,FMN GV 18 Kasterlee
84,Oudemolsedijk,2019-12-14,02:00:00,0,0,0,FMN GV 18 Kasterlee
84,Oudemolsedijk,2019-12-14,03:00:00,1,0,1,FMN GV 18 Kasterlee
84,Oudemolsedijk,2019-12-14,04:00:00,1,0,1,FMN GV 18 Kasterlee
84,Oudemolsedijk,2019-12-14,05:00:00,1,0,1,FMN GV 18 Kasterlee
84,Oudemolsedijk,2019-12-14,06:00:00,0,0,0,FMN GV 18 Kasterlee
84,Oudemolsedijk,2019-12-14,07:00:00,0,0,0,FMN GV 18 Kasterlee
84,Oudemolsedijk,2019-12-14,08:00:00,1,1,0,FMN GV 18 Kasterlee
84,Oudemolsedijk,2019-12-14,09:00:00,8,1,7,FMN GV 18 Kasterlee
84,Oudemolsedijk,2019-12-14,10:00:00,3,0,3,FMN GV 18 Kasterlee
84,Oudemolsedijk,2019-12-14,11:00:00,18,12,6,FMN GV 18 Kasterlee
84,Oudemolsedijk,2019-12-14,12:00:00,20,14,6,FMN GV 18 Kasterlee
84,Oudemolsedijk,2019-12-14,13:00:00,15,11,4,FMN GV 18 Kasterlee
84,Oudemolsedijk,2019-12-14,14:00:00,8,4,4,FMN GV 18 Kasterlee
84,Oudemolsedijk,2019-12-14,15:00:00,0,0,0,FMN GV 18 Kasterlee
84,Oudemolsedijk,2019-12-14,16:00:00,6,6,0,FMN GV 18 Kasterlee
84,Oudemolsedijk,2019-12-14,17:00:00,1,0,1,FMN GV 18 Kasterlee
84,Oudemolsedijk,2019-12-14,18:00:00,1,0,1,FMN GV 18 Kasterlee
84,Oudemolsedijk,2019-12-14,19:00:00,0,0,0,FMN GV 18 Kasterlee
84,Oudemolsedijk,2019-12-14,20:00:00,2,2,0,FMN GV 18 Kasterlee
84,Oudemolsedijk,2019-12-14,21:00:00,0,0,0,FMN GV 18 Kasterlee
84,Oudemolsedijk,2019-12-14,22:00:00,3,1,2,FMN GV 18 Kasterlee
84,Oudemolsedijk,2019-12-14,23:00:00,2,2,0,FMN GV 18 Kasterlee
84,Oudemolsedijk,2019-12-15,00:00:00,2,0,2,FMN GV 18 Kasterlee
84,Oudemolsedijk,2019-12-15,01:00:00,1,1,0,FMN GV 18 Kasterlee
84,Oudemolsedijk,2019-12-15,02:00:00,0,0,0,FMN GV 18 Kasterlee
84,Oudemolsedijk,2019-12-15,03:00:00,0,0,0,FMN GV 18 Kasterlee
84,Oudemolsedijk,2019-12-15,04:00:00,0,0,0,FMN GV 18 Kasterlee
84,Oudemolsedijk,2019-12-15,05:00:00,0,0,0,FMN GV 18 Kasterlee
84,Oudemolsedijk,2019-12-15,06:00:00,2,2,0,FMN GV 18 Kasterlee
84,Oudemolsedijk,2019-12-15,07:00:00,3,2,1,FMN GV 18 Kasterlee
84,Oudemolsedijk,2019-12-15,08:00:00,5,0,5,FMN GV 18 Kasterlee
84,Oudemolsedijk,2019-12-15,09:00:00,43,37,6,FMN GV 18 Kasterlee
84,Oudemolsedijk,2019-12-15,10:00:00,46,22,24,FMN GV 18 Kasterlee
84,Oudemolsedijk,2019-12-15,11:00:00,72,28,44,FMN GV 18 Kasterlee
84,Oudemolsedijk,2019-12-15,12:00:00,37,27,10,FMN GV 18 Kasterlee
84,Oudemolsedijk,2019-12-15,13:00:00,25,11,14,FMN GV 18 Kasterlee
84,Oudemolsedijk,2019-12-15,14:00:00,17,5,12,FMN GV 18 Kasterlee
84,Oudemolsedijk,2019-12-15,15:00:00,16,9,7,FMN GV 18 Kasterlee
84,Oudemolsedijk,2019-12-15,16:00:00,7,6,1,FMN GV 18 Kasterlee
84,Oudemolsedijk,2019-12-15,17:00:00,0,0,0,FMN GV 18 Kasterlee
84,Oudemolsedijk,2019-12-15,18:00:00,0,0,0,FMN GV 18 Kasterlee
84,Oudemolsedijk,2019-12-15,19:00:00,0,0,0,FMN GV 18 Kasterlee
84,Oudemolsedijk,2019-12-15,20:00:00,1,0,1,FMN GV 18 Kasterlee
84,Oudemolsedijk,2019-12-15,21:00:00,0,0,0,FMN GV 18 Kasterlee
84,Oudemolsedijk,2019-12-15,22:00:00,1,1,0,FMN GV 18 Kasterlee
84,Oudemolsedijk,2019-12-15,23:00:00,0,0,0,FMN GV 18 Kasterlee
84,Oudemolsedijk,2019-12-16,00:00:00,0,0,0,FMN GV 18 Kasterlee
84,Oudemolsedijk,2019-12-16,01:00:00,0,0,0,FMN GV 18 Kasterlee
84,Oudemolsedijk,2019-12-16,02:00:00,0,0,0,FMN GV 18 Kasterlee
84,Oudemolsedijk,2019-12-16,03:00:00,0,0,0,FMN GV 18 Kasterlee
84,Oudemolsedijk,2019-12-16,04:00:00,0,0,0,FMN GV 18 Kasterlee
84,Oudemolsedijk,2019-12-16,05:00:00,1,1,0,FMN GV 18 Kasterlee
84,Oudemolsedijk,2019-12-16,06:00:00,7,2,5,FMN GV 18 Kasterlee
84,Oudemolsedijk,2019-12-16,07:00:00,17,7,10,FMN GV 18 Kasterlee
84,Oudemolsedijk,2019-12-16,08:00:00,9,4,5,FMN GV 18 Kasterlee
84,Oudemolsedijk,2019-12-16,09:00:00,2,0,2,FMN GV 18 Kasterlee
84,Oudemolsedijk,2019-12-16,10:00:00,3,2,1,FMN GV 18 Kasterlee
84,Oudemolsedijk,2019-12-16,11:00:00,3,3,0,FMN GV 18 Kasterlee
84,Oudemolsedijk,2019-12-16,12:00:00,6,2,4,FMN GV 18 Kasterlee
84,Oudemolsedijk,2019-12-16,13:00:00,10,5,5,FMN GV 18 Kasterlee
84,Oudemolsedijk,2019-12-16,14:00:00,4,2,2,FMN GV 18 Kasterlee
84,Oudemolsedijk,2019-12-16,15:00:00,8,4,4,FMN GV 18 Kasterlee
84,Oudemolsedijk,2019-12-16,16:00:00,16,8,8,FMN GV 18 Kasterlee
84,Oudemolsedijk,2019-12-16,17:00:00,13,7,6,FMN GV 18 Kasterlee
84,Oudemolsedijk,2019-12-16,18:00:00,6,5,1,FMN GV 18 Kasterlee
84,Oudemolsedijk,2019-12-16,19:00:00,0,0,0,FMN GV 18 Kasterlee
84,Oudemolsedijk,2019-12-16,20:00:00,0,0,0,FMN GV 18 Kasterlee
84,Oudemolsedijk,2019-12-16,21:00:00,1,0,1,FMN GV 18 Kasterlee
84,Oudemolsedijk,2019-12-16,22:00:00,1,1,0,FMN GV 18 Kasterlee
84,Oudemolsedijk,2019-12-16,23:00:00,0,0,0,FMN GV 18 Kasterlee
84,Oudemolsedijk,2019-12-17,00:00:00,0,0,0,FMN GV 18 Kasterlee
84,Oudemolsedijk,2019-12-17,01:00:00,2,2,0,FMN GV 18 Kasterlee
84,Oudemolsedijk,2019-12-17,02:00:00,0,0,0,FMN GV 18 Kasterlee
84,Oudemolsedijk,2019-12-17,03:00:00,0,0,0,FMN GV 18 Kasterlee
84,Oudemolsedijk,2019-12-17,04:00:00,0,0,0,FMN GV 18 Kasterlee
84,Oudemolsedijk,2019-12-17,05:00:00,2,2,0,FMN GV 18 Kasterlee
84,Oudemolsedijk,2019-12-17,06:00:00,9,3,6,FMN GV 18 Kasterlee
84,Oudemolsedijk,2019-12-17,07:00:00,21,13,8,FMN GV 18 Kasterlee
84,Oudemolsedijk,2019-12-17,08:00:00,13,9,4,FMN GV 18 Kasterlee
84,Oudemolsedijk,2019-12-17,09:00:00,15,6,9,FMN GV 18 Kasterlee
84,Oudemolsedijk,2019-12-17,10:00:00,42,16,26,FMN GV 18 Kasterlee
84,Oudemolsedijk,2019-12-17,11:00:00,22,16,6,FMN GV 18 Kasterlee
84,Oudemolsedijk,2019-12-17,12:00:00,11,7,4,FMN GV 18 Kasterlee
84,Oudemolsedijk,2019-12-17,13:00:00,44,24,20,FMN GV 18 Kasterlee
84,Oudemolsedijk,2019-12-17,14:00:00,49,39,10,FMN GV 18 Kasterlee
84,Oudemolsedijk,2019-12-17,15:00:00,55,35,20,FMN GV 18 Kasterlee
84,Oudemolsedijk,2019-12-17,16:00:00,18,9,9,FMN GV 18 Kasterlee
84,Oudemolsedijk,2019-12-17,17:00:00,14,7,7,FMN GV 18 Kasterlee
84,Oudemolsedijk,2019-12-17,18:00:00,8,6,2,FMN GV 18 Kasterlee
84,Oudemolsedijk,2019-12-17,19:00:00,0,0,0,FMN GV 18 Kasterlee
84,Oudemolsedijk,2019-12-17,20:00:00,1,0,1,FMN GV 18 Kasterlee
84,Oudemolsedijk,2019-12-17,21:00:00,1,0,1,FMN GV 18 Kasterlee
84,Oudemolsedijk,2019-12-17,22:00:00,1,0,1,FMN GV 18 Kasterlee
84,Oudemolsedijk,2019-12-17,23:00:00,1,1,0,FMN GV 18 Kasterlee
84,Oudemolsedijk,2019-12-18,00:00:00,0,0,0,FMN GV 18 Kasterlee
84,Oudemolsedijk,2019-12-18,01:00:00,0,0,0,FMN GV 18 Kasterlee
84,Oudemolsedijk,2019-12-18,02:00:00,0,0,0,FMN GV 18 Kasterlee
84,Oudemolsedijk,2019-12-18,03:00:00,0,0,0,FMN GV 18 Kasterlee
84,Oudemolsedijk,2019-12-18,04:00:00,1,1,0,FMN GV 18 Kasterlee
84,Oudemolsedijk,2019-12-18,05:00:00,2,2,0,FMN GV 18 Kasterlee
84,Oudemolsedijk,2019-12-18,06:00:00,10,4,6,FMN GV 18 Kasterlee
84,Oudemolsedijk,2019-12-18,07:00:00,12,6,6,FMN GV 18 Kasterlee
84,Oudemolsedijk,2019-12-18,08:00:00,16,7,9,FMN GV 18 Kasterlee
84,Oudemolsedijk,2019-12-18,09:00:00,3,2,1,FMN GV 18 Kasterlee
84,Oudemolsedijk,2019-12-18,10:00:00,7,3,4,FMN GV 18 Kasterlee
84,Oudemolsedijk,2019-12-18,11:00:00,10,4,6,FMN GV 18 Kasterlee
84,Oudemolsedijk,2019-12-18,12:00:00,24,14,10,FMN GV 18 Kasterlee
84,Oudemolsedijk,2019-12-18,13:00:00,51,18,33,FMN GV 18 Kasterlee
84,Oudemolsedijk,2019-12-18,14:00:00,40,19,21,FMN GV 18 Kasterlee
84,Oudemolsedijk,2019-12-18,15:00:00,23,9,14,FMN GV 18 Kasterlee
84,Oudemolsedijk,2019-12-18,16:00:00,12,7,5,FMN GV 18 Kasterlee
84,Oudemolsedijk,2019-12-18,17:00:00,15,9,6,FMN GV 18 Kasterlee
84,Oudemolsedijk,2019-12-18,18:00:00,10,6,4,FMN GV 18 Kasterlee
84,Oudemolsedijk,2019-12-18,19:00:00,18,16,2,FMN GV 18 Kasterlee
84,Oudemolsedijk,2019-12-18,20:00:00,13,0,13,FMN GV 18 Kasterlee
84,Oudemolsedijk,2019-12-18,21:00:00,5,4,1,FMN GV 18 Kasterlee
84,Oudemolsedijk,2019-12-18,22:00:00,2,1,1,FMN GV 18 Kasterlee
84,Oudemolsedijk,2019-12-18,23:00:00,2,0,2,FMN GV 18 Kasterlee
84,Oudemolsedijk,2019-12-19,00:00:00,0,0,0,FMN GV 18 Kasterlee
84,Oudemolsedijk,2019-12-19,01:00:00,0,0,0,FMN GV 18 Kasterlee
84,Oudemolsedijk,2019-12-19,02:00:00,0,0,0,FMN GV 18 Kasterlee
84,Oudemolsedijk,2019-12-19,03:00:00,0,0,0,FMN GV 18 Kasterlee
84,Oudemolsedijk,2019-12-19,04:00:00,0,0,0,FMN GV 18 Kasterlee
84,Oudemolsedijk,2019-12-19,05:00:00,4,4,0,FMN GV 18 Kasterlee
84,Oudemolsedijk,2019-12-19,06:00:00,11,6,5,FMN GV 18 Kasterlee
84,Oudemolsedijk,2019-12-19,07:00:00,19,9,10,FMN GV 18 Kasterlee
84,Oudemolsedijk,2019-12-19,08:00:00,15,8,7,FMN GV 18 Kasterlee
84,Oudemolsedijk,2019-12-19,09:00:00,15,2,13,FMN GV 18 Kasterlee
84,Oudemolsedijk,2019-12-19,10:00:00,10,7,3,FMN GV 18 Kasterlee
84,Oudemolsedijk,2019-12-19,11:00:00,26,10,16,FMN GV 18 Kasterlee
84,Oudemolsedijk,2019-12-19,12:00:00,27,8,19,FMN GV 18 Kasterlee
84,Oudemolsedijk,2019-12-19,13:00:00,44,23,21,FMN GV 18 Kasterlee
84,Oudemolsedijk,2019-12-19,14:00:00,49,33,16,FMN GV 18 Kasterlee
84,Oudemolsedijk,2019-12-19,15:00:00,49,33,16,FMN GV 18 Kasterlee
84,Oudemolsedijk,2019-12-19,16:00:00,27,13,14,FMN GV 18 Kasterlee
84,Oudemolsedijk,2019-12-19,17:00:00,14,2,12,FMN GV 18 Kasterlee
84,Oudemolsedijk,2019-12-19,18:00:00,9,6,3,FMN GV 18 Kasterlee
84,Oudemolsedijk,2019-12-19,19:00:00,0,0,0,FMN GV 18 Kasterlee
84,Oudemolsedijk,2019-12-19,20:00:00,2,0,2,FMN GV 18 Kasterlee
84,Oudemolsedijk,2019-12-19,21:00:00,1,0,1,FMN GV 18 Kasterlee
84,Oudemolsedijk,2019-12-19,22:00:00,1,1,0,FMN GV 18 Kasterlee
84,Oudemolsedijk,2019-12-19,23:00:00,1,1,0,FMN GV 18 Kasterlee
84,Oudemolsedijk,2019-12-20,00:00:00,0,0,0,FMN GV 18 Kasterlee
84,Oudemolsedijk,2019-12-20,01:00:00,0,0,0,FMN GV 18 Kasterlee
84,Oudemolsedijk,2019-12-20,02:00:00,0,0,0,FMN GV 18 Kasterlee
84,Oudemolsedijk,2019-12-20,03:00:00,0,0,0,FMN GV 18 Kasterlee
84,Oudemolsedijk,2019-12-20,04:00:00,0,0,0,FMN GV 18 Kasterlee
84,Oudemolsedijk,2019-12-20,05:00:00,0,0,0,FMN GV 18 Kasterlee
84,Oudemolsedijk,2019-12-20,06:00:00,4,0,4,FMN GV 18 Kasterlee
84,Oudemolsedijk,2019-12-20,07:00:00,8,4,4,FMN GV 18 Kasterlee
84,Oudemolsedijk,2019-12-20,08:00:00,12,7,5,FMN GV 18 Kasterlee
84,Oudemolsedijk,2019-12-20,09:00:00,1,1,0,FMN GV 18 Kasterlee
84,Oudemolsedijk,2019-12-20,10:00:00,3,3,0,FMN GV 18 Kasterlee
84,Oudemolsedijk,2019-12-20,11:00:00,5,3,2,FMN GV 18 Kasterlee
84,Oudemolsedijk,2019-12-20,12:00:00,6,3,3,FMN GV 18 Kasterlee
84,Oudemolsedijk,2019-12-20,13:00:00,7,2,5,FMN GV 18 Kasterlee
84,Oudemolsedijk,2019-12-20,14:00:00,5,4,1,FMN GV 18 Kasterlee
84,Oudemolsedijk,2019-12-20,15:00:00,10,8,2,FMN GV 18 Kasterlee
84,Oudemolsedijk,2019-12-20,16:00:00,6,2,4,FMN GV 18 Kasterlee
84,Oudemolsedijk,2019-12-20,17:00:00,6,1,5,FMN GV 18 Kasterlee
84,Oudemolsedijk,2019-12-20,18:00:00,3,2,1,FMN GV 18 Kasterlee
84,Oudemolsedijk,2019-12-20,19:00:00,1,1,0,FMN GV 18 Kasterlee
84,Oudemolsedijk,2019-12-20,20:00:00,1,0,1,FMN GV 18 Kasterlee
84,Oudemolsedijk,2019-12-20,21:00:00,0,0,0,FMN GV 18 Kasterlee
84,Oudemolsedijk,2019-12-20,22:00:00,0,0,0,FMN GV 18 Kasterlee
84,Oudemolsedijk,2019-12-20,23:00:00,1,1,0,FMN GV 18 Kasterlee
84,Oudemolsedijk,2019-12-21,00:00:00,2,2,0,FMN GV 18 Kasterlee
84,Oudemolsedijk,2019-12-21,01:00:00,0,0,0,FMN GV 18 Kasterlee
84,Oudemolsedijk,2019-12-21,02:00:00,1,0,1,FMN GV 18 Kasterlee
84,Oudemolsedijk,2019-12-21,03:00:00,1,0,1,FMN GV 18 Kasterlee
84,Oudemolsedijk,2019-12-21,04:00:00,1,1,0,FMN GV 18 Kasterlee
84,Oudemolsedijk,2019-12-21,05:00:00,0,0,0,FMN GV 18 Kasterlee
84,Oudemolsedijk,2019-12-21,06:00:00,0,0,0,FMN GV 18 Kasterlee
84,Oudemolsedijk,2019-12-21,07:00:00,0,0,0,FMN GV 18 Kasterlee
84,Oudemolsedijk,2019-12-21,08:00:00,1,0,1,FMN GV 18 Kasterlee
84,Oudemolsedijk,2019-12-21,09:00:00,9,3,6,FMN GV 18 Kasterlee
84,Oudemolsedijk,2019-12-21,10:00:00,20,12,8,FMN GV 18 Kasterlee
84,Oudemolsedijk,2019-12-21,11:00:00,19,5,14,FMN GV 18 Kasterlee
84,Oudemolsedijk,2019-12-21,12:00:00,21,12,9,FMN GV 18 Kasterlee
84,Oudemolsedijk,2019-12-21,13:00:00,34,20,14,FMN GV 18 Kasterlee
84,Oudemolsedijk,2019-12-21,14:00:00,46,26,20,FMN GV 18 Kasterlee
84,Oudemolsedijk,2019-12-21,15:00:00,20,12,8,FMN GV 18 Kasterlee
84,Oudemolsedijk,2019-12-21,16:00:00,13,12,1,FMN GV 18 Kasterlee
84,Oudemolsedijk,2019-12-21,17:00:00,6,5,1,FMN GV 18 Kasterlee
84,Oudemolsedijk,2019-12-21,18:00:00,2,0,2,FMN GV 18 Kasterlee
84,Oudemolsedijk,2019-12-21,19:00:00,2,2,0,FMN GV 18 Kasterlee
84,Oudemolsedijk,2019-12-21,20:00:00,0,0,0,FMN GV 18 Kasterlee
84,Oudemolsedijk,2019-12-21,21:00:00,0,0,0,FMN GV 18 Kasterlee
84,Oudemolsedijk,2019-12-21,22:00:00,0,0,0,FMN GV 18 Kasterlee
84,Oudemolsedijk,2019-12-21,23:00:00,0,0,0,FMN GV 18 Kasterlee
84,Oudemolsedijk,2019-12-22,00:00:00,0,0,0,FMN GV 18 Kasterlee
84,Oudemolsedijk,2019-12-22,01:00:00,0,0,0,FMN GV 18 Kasterlee
84,Oudemolsedijk,2019-12-22,02:00:00,1,1,0,FMN GV 18 Kasterlee
84,Oudemolsedijk,2019-12-22,03:00:00,0,0,0,FMN GV 18 Kasterlee
84,Oudemolsedijk,2019-12-22,04:00:00,1,0,1,FMN GV 18 Kasterlee
84,Oudemolsedijk,2019-12-22,05:00:00,0,0,0,FMN GV 18 Kasterlee
84,Oudemolsedijk,2019-12-22,06:00:00,0,0,0,FMN GV 18 Kasterlee
84,Oudemolsedijk,2019-12-22,07:00:00,0,0,0,FMN GV 18 Kasterlee
84,Oudemolsedijk,2019-12-22,08:00:00,80,34,46,FMN GV 18 Kasterlee
84,Oudemolsedijk,2019-12-22,09:00:00,45,42,3,FMN GV 18 Kasterlee
84,Oudemolsedijk,2019-12-22,10:00:00,5,4,1,FMN GV 18 Kasterlee
84,Oudemolsedijk,2019-12-22,11:00:00,17,5,12,FMN GV 18 Kasterlee
84,Oudemolsedijk,2019-12-22,12:00:00,11,7,4,FMN GV 18 Kasterlee
84,Oudemolsedijk,2019-12-22,13:00:00,15,9,6,FMN GV 18 Kasterlee
84,Oudemolsedijk,2019-12-22,14:00:00,18,11,7,FMN GV 18 Kasterlee
84,Oudemolsedijk,2019-12-22,15:00:00,100,89,11,FMN GV 18 Kasterlee
84,Oudemolsedijk,2019-12-22,16:00:00,187,179,8,FMN GV 18 Kasterlee
84,Oudemolsedijk,2019-12-22,17:00:00,214,206,8,FMN GV 18 Kasterlee
84,Oudemolsedijk,2019-12-22,18:00:00,171,164,7,FMN GV 18 Kasterlee
84,Oudemolsedijk,2019-12-22,19:00:00,82,79,3,FMN GV 18 Kasterlee
84,Oudemolsedijk,2019-12-22,20:00:00,26,22,4,FMN GV 18 Kasterlee
84,Oudemolsedijk,2019-12-22,21:00:00,1,1,0,FMN GV 18 Kasterlee
84,Oudemolsedijk,2019-12-22,22:00:00,0,0,0,FMN GV 18 Kasterlee
84,Oudemolsedijk,2019-12-22,23:00:00,0,0,0,FMN GV 18 Kasterlee
84,Oudemolsedijk,2019-12-23,00:00:00,0,0,0,FMN GV 18 Kasterlee
84,Oudemolsedijk,2019-12-23,01:00:00,0,0,0,FMN GV 18 Kasterlee
84,Oudemolsedijk,2019-12-23,02:00:00,0,0,0,FMN GV 18 Kasterlee
84,Oudemolsedijk,2019-12-23,03:00:00,0,0,0,FMN GV 18 Kasterlee
84,Oudemolsedijk,2019-12-23,04:00:00,1,1,0,FMN GV 18 Kasterlee
84,Oudemolsedijk,2019-12-23,05:00:00,1,1,0,FMN GV 18 Kasterlee
84,Oudemolsedijk,2019-12-23,06:00:00,5,2,3,FMN GV 18 Kasterlee
84,Oudemolsedijk,2019-12-23,07:00:00,9,3,6,FMN GV 18 Kasterlee
84,Oudemolsedijk,2019-12-23,08:00:00,5,1,4,FMN GV 18 Kasterlee
84,Oudemolsedijk,2019-12-23,09:00:00,3,2,1,FMN GV 18 Kasterlee
84,Oudemolsedijk,2019-12-23,10:00:00,11,8,3,FMN GV 18 Kasterlee
84,Oudemolsedijk,2019-12-23,11:00:00,6,4,2,FMN GV 18 Kasterlee
84,Oudemolsedijk,2019-12-23,12:00:00,7,5,2,FMN GV 18 Kasterlee
84,Oudemolsedijk,2019-12-23,13:00:00,6,3,3,FMN GV 18 Kasterlee
84,Oudemolsedijk,2019-12-23,14:00:00,14,5,9,FMN GV 18 Kasterlee
84,Oudemolsedijk,2019-12-23,15:00:00,6,2,4,FMN GV 18 Kasterlee
84,Oudemolsedijk,2019-12-23,16:00:00,12,12,0,FMN GV 18 Kasterlee
84,Oudemolsedijk,2019-12-23,17:00:00,4,1,3,FMN GV 18 Kasterlee
84,Oudemolsedijk,2019-12-23,18:00:00,5,2,3,FMN GV 18 Kasterlee
84,Oudemolsedijk,2019-12-23,19:00:00,1,1,0,FMN GV 18 Kasterlee
84,Oudemolsedijk,2019-12-23,20:00:00,0,0,0,FMN GV 18 Kasterlee
84,Oudemolsedijk,2019-12-23,21:00:00,0,0,0,FMN GV 18 Kasterlee
84,Oudemolsedijk,2019-12-23,22:00:00,0,0,0,FMN GV 18 Kasterlee
84,Oudemolsedijk,2019-12-23,23:00:00,0,0,0,FMN GV 18 Kasterlee
84,Oudemolsedijk,2019-12-24,00:00:00,0,0,0,FMN GV 18 Kasterlee
84,Oudemolsedijk,2019-12-24,01:00:00,0,0,0,FMN GV 18 Kasterlee
84,Oudemolsedijk,2019-12-24,02:00:00,0,0,0,FMN GV 18 Kasterlee
84,Oudemolsedijk,2019-12-24,03:00:00,0,0,0,FMN GV 18 Kasterlee
84,Oudemolsedijk,2019-12-24,04:00:00,1,1,0,FMN GV 18 Kasterlee
84,Oudemolsedijk,2019-12-24,05:00:00,1,1,0,FMN GV 18 Kasterlee
84,Oudemolsedijk,2019-12-24,06:00:00,1,0,1,FMN GV 18 Kasterlee
84,Oudemolsedijk,2019-12-24,07:00:00,4,2,2,FMN GV 18 Kasterlee
84,Oudemolsedijk,2019-12-24,08:00:00,1,0,1,FMN GV 18 Kasterlee
84,Oudemolsedijk,2019-12-24,09:00:00,2,1,1,FMN GV 18 Kasterlee
84,Oudemolsedijk,2019-12-24,10:00:00,6,2,4,FMN GV 18 Kasterlee
84,Oudemolsedijk,2019-12-24,11:00:00,4,3,1,FMN GV 18 Kasterlee
84,Oudemolsedijk,2019-12-24,12:00:00,6,1,5,FMN GV 18 Kasterlee
84,Oudemolsedijk,2019-12-24,13:00:00,9,7,2,FMN GV 18 Kasterlee
84,Oudemolsedijk,2019-12-24,14:00:00,7,1,6,FMN GV 18 Kasterlee
84,Oudemolsedijk,2019-12-24,15:00:00,10,7,3,FMN GV 18 Kasterlee
84,Oudemolsedijk,2019-12-24,16:00:00,2,0,2,FMN GV 18 Kasterlee
84,Oudemolsedijk,2019-12-24,17:00:00,1,1,0,FMN GV 18 Kasterlee
84,Oudemolsedijk,2019-12-24,18:00:00,0,0,0,FMN GV 18 Kasterlee
84,Oudemolsedijk,2019-12-24,19:00:00,0,0,0,FMN GV 18 Kasterlee
84,Oudemolsedijk,2019-12-24,20:00:00,0,0,0,FMN GV 18 Kasterlee
84,Oudemolsedijk,2019-12-24,21:00:00,1,1,0,FMN GV 18 Kasterlee
84,Oudemolsedijk,2019-12-24,22:00:00,1,1,0,FMN GV 18 Kasterlee
84,Oudemolsedijk,2019-12-24,23:00:00,0,0,0,FMN GV 18 Kasterlee
84,Oudemolsedijk,2019-12-25,00:00:00,0,0,0,FMN GV 18 Kasterlee
84,Oudemolsedijk,2019-12-25,01:00:00,0,0,0,FMN GV 18 Kasterlee
84,Oudemolsedijk,2019-12-25,02:00:00,0,0,0,FMN GV 18 Kasterlee
84,Oudemolsedijk,2019-12-25,03:00:00,0,0,0,FMN GV 18 Kasterlee
84,Oudemolsedijk,2019-12-25,04:00:00,0,0,0,FMN GV 18 Kasterlee
84,Oudemolsedijk,2019-12-25,05:00:00,0,0,0,FMN GV 18 Kasterlee
84,Oudemolsedijk,2019-12-25,06:00:00,0,0,0,FMN GV 18 Kasterlee
84,Oudemolsedijk,2019-12-25,07:00:00,1,1,0,FMN GV 18 Kasterlee
84,Oudemolsedijk,2019-12-25,08:00:00,0,0,0,FMN GV 18 Kasterlee
84,Oudemolsedijk,2019-12-25,09:00:00,5,4,1,FMN GV 18 Kasterlee
84,Oudemolsedijk,2019-12-25,10:00:00,11,5,6,FMN GV 18 Kasterlee
84,Oudemolsedijk,2019-12-25,11:00:00,20,11,9,FMN GV 18 Kasterlee
84,Oudemolsedijk,2019-12-25,12:00:00,9,6,3,FMN GV 18 Kasterlee
84,Oudemolsedijk,2019-12-25,13:00:00,17,12,5,FMN GV 18 Kasterlee
84,Oudemolsedijk,2019-12-25,14:00:00,9,1,8,FMN GV 18 Kasterlee
84,Oudemolsedijk,2019-12-25,15:00:00,5,2,3,FMN GV 18 Kasterlee
84,Oudemolsedijk,2019-12-25,16:00:00,3,2,1,FMN GV 18 Kasterlee
84,Oudemolsedijk,2019-12-25,17:00:00,1,1,0,FMN GV 18 Kasterlee
84,Oudemolsedijk,2019-12-25,18:00:00,0,0,0,FMN GV 18 Kasterlee
84,Oudemolsedijk,2019-12-25,19:00:00,0,0,0,FMN GV 18 Kasterlee
84,Oudemolsedijk,2019-12-25,20:00:00,1,1,0,FMN GV 18 Kasterlee
84,Oudemolsedijk,2019-12-25,21:00:00,0,0,0,FMN GV 18 Kasterlee
84,Oudemolsedijk,2019-12-25,22:00:00,0,0,0,FMN GV 18 Kasterlee
84,Oudemolsedijk,2019-12-25,23:00:00,0,0,0,FMN GV 18 Kasterlee
84,Oudemolsedijk,2019-12-26,00:00:00,0,0,0,FMN GV 18 Kasterlee
84,Oudemolsedijk,2019-12-26,01:00:00,0,0,0,FMN GV 18 Kasterlee
84,Oudemolsedijk,2019-12-26,02:00:00,0,0,0,FMN GV 18 Kasterlee
84,Oudemolsedijk,2019-12-26,03:00:00,0,0,0,FMN GV 18 Kasterlee
84,Oudemolsedijk,2019-12-26,04:00:00,1,1,0,FMN GV 18 Kasterlee
84,Oudemolsedijk,2019-12-26,05:00:00,1,1,0,FMN GV 18 Kasterlee
84,Oudemolsedijk,2019-12-26,06:00:00,2,1,1,FMN GV 18 Kasterlee
84,Oudemolsedijk,2019-12-26,07:00:00,3,2,1,FMN GV 18 Kasterlee
84,Oudemolsedijk,2019-12-26,08:00:00,8,1,7,FMN GV 18 Kasterlee
84,Oudemolsedijk,2019-12-26,09:00:00,7,4,3,FMN GV 18 Kasterlee
84,Oudemolsedijk,2019-12-26,10:00:00,16,10,6,FMN GV 18 Kasterlee
84,Oudemolsedijk,2019-12-26,11:00:00,23,12,11,FMN GV 18 Kasterlee
84,Oudemolsedijk,2019-12-26,12:00:00,21,15,6,FMN GV 18 Kasterlee
84,Oudemolsedijk,2019-12-26,13:00:00,22,17,5,FMN GV 18 Kasterlee
84,Oudemolsedijk,2019-12-26,14:00:00,36,22,14,FMN GV 18 Kasterlee
84,Oudemolsedijk,2019-12-26,15:00:00,23,6,17,FMN GV 18 Kasterlee
84,Oudemolsedijk,2019-12-26,16:00:00,8,6,2,FMN GV 18 Kasterlee
84,Oudemolsedijk,2019-12-26,17:00:00,3,2,1,FMN GV 18 Kasterlee
84,Oudemolsedijk,2019-12-26,18:00:00,1,1,0,FMN GV 18 Kasterlee
84,Oudemolsedijk,2019-12-26,19:00:00,0,0,0,FMN GV 18 Kasterlee
84,Oudemolsedijk,2019-12-26,20:00:00,0,0,0,FMN GV 18 Kasterlee
84,Oudemolsedijk,2019-12-26,21:00:00,0,0,0,FMN GV 18 Kasterlee
84,Oudemolsedijk,2019-12-26,22:00:00,0,0,0,FMN GV 18 Kasterlee
84,Oudemolsedijk,2019-12-26,23:00:00,0,0,0,FMN GV 18 Kasterlee
84,Oudemolsedijk,2019-12-27,00:00:00,1,1,0,FMN GV 18 Kasterlee
84,Oudemolsedijk,2019-12-27,01:00:00,0,0,0,FMN GV 18 Kasterlee
84,Oudemolsedijk,2019-12-27,02:00:00,0,0,0,FMN GV 18 Kasterlee
84,Oudemolsedijk,2019-12-27,03:00:00,0,0,0,FMN GV 18 Kasterlee
84,Oudemolsedijk,2019-12-27,04:00:00,2,2,0,FMN GV 18 Kasterlee
84,Oudemolsedijk,2019-12-27,05:00:00,1,1,0,FMN GV 18 Kasterlee
84,Oudemolsedijk,2019-12-27,06:00:00,4,1,3,FMN GV 18 Kasterlee
84,Oudemolsedijk,2019-12-27,07:00:00,2,1,1,FMN GV 18 Kasterlee
84,Oudemolsedijk,2019-12-27,08:00:00,4,2,2,FMN GV 18 Kasterlee
84,Oudemolsedijk,2019-12-27,09:00:00,3,2,1,FMN GV 18 Kasterlee
84,Oudemolsedijk,2019-12-27,10:00:00,2,0,2,FMN GV 18 Kasterlee
84,Oudemolsedijk,2019-12-27,11:00:00,16,10,6,FMN GV 18 Kasterlee
84,Oudemolsedijk,2019-12-27,12:00:00,11,8,3,FMN GV 18 Kasterlee
84,Oudemolsedijk,2019-12-27,13:00:00,24,11,13,FMN GV 18 Kasterlee
84,Oudemolsedijk,2019-12-27,14:00:00,12,6,6,FMN GV 18 Kasterlee
84,Oudemolsedijk,2019-12-27,15:00:00,13,9,4,FMN GV 18 Kasterlee
84,Oudemolsedijk,2019-12-27,16:00:00,10,7,3,FMN GV 18 Kasterlee
84,Oudemolsedijk,2019-12-27,17:00:00,3,2,1,FMN GV 18 Kasterlee
84,Oudemolsedijk,2019-12-27,18:00:00,1,1,0,FMN GV 18 Kasterlee
84,Oudemolsedijk,2019-12-27,19:00:00,0,0,0,FMN GV 18 Kasterlee
84,Oudemolsedijk,2019-12-27,20:00:00,4,3,1,FMN GV 18 Kasterlee
84,Oudemolsedijk,2019-12-27,21:00:00,1,0,1,FMN GV 18 Kasterlee
84,Oudemolsedijk,2019-12-27,22:00:00,0,0,0,FMN GV 18 Kasterlee
84,Oudemolsedijk,2019-12-27,23:00:00,0,0,0,FMN GV 18 Kasterlee
84,Oudemolsedijk,2019-12-28,00:00:00,0,0,0,FMN GV 18 Kasterlee
84,Oudemolsedijk,2019-12-28,01:00:00,3,2,1,FMN GV 18 Kasterlee
84,Oudemolsedijk,2019-12-28,02:00:00,1,1,0,FMN GV 18 Kasterlee
84,Oudemolsedijk,2019-12-28,03:00:00,0,0,0,FMN GV 18 Kasterlee
84,Oudemolsedijk,2019-12-28,04:00:00,0,0,0,FMN GV 18 Kasterlee
84,Oudemolsedijk,2019-12-28,05:00:00,0,0,0,FMN GV 18 Kasterlee
84,Oudemolsedijk,2019-12-28,06:00:00,0,0,0,FMN GV 18 Kasterlee
84,Oudemolsedijk,2019-12-28,07:00:00,1,0,1,FMN GV 18 Kasterlee
84,Oudemolsedijk,2019-12-28,08:00:00,1,0,1,FMN GV 18 Kasterlee
84,Oudemolsedijk,2019-12-28,09:00:00,9,3,6,FMN GV 18 Kasterlee
84,Oudemolsedijk,2019-12-28,10:00:00,18,8,10,FMN GV 18 Kasterlee
84,Oudemolsedijk,2019-12-28,11:00:00,15,7,8,FMN GV 18 Kasterlee
84,Oudemolsedijk,2019-12-28,12:00:00,27,9,18,FMN GV 18 Kasterlee
84,Oudemolsedijk,2019-12-28,13:00:00,53,29,24,FMN GV 18 Kasterlee
84,Oudemolsedijk,2019-12-28,14:00:00,56,13,43,FMN GV 18 Kasterlee
84,Oudemolsedijk,2019-12-28,15:00:00,33,17,16,FMN GV 18 Kasterlee
84,Oudemolsedijk,2019-12-28,16:00:00,10,6,4,FMN GV 18 Kasterlee
84,Oudemolsedijk,2019-12-28,17:00:00,1,1,0,FMN GV 18 Kasterlee
84,Oudemolsedijk,2019-12-28,18:00:00,0,0,0,FMN GV 18 Kasterlee
84,Oudemolsedijk,2019-12-28,19:00:00,2,2,0,FMN GV 18 Kasterlee
84,Oudemolsedijk,2019-12-28,20:00:00,0,0,0,FMN GV 18 Kasterlee
84,Oudemolsedijk,2019-12-28,21:00:00,1,1,0,FMN GV 18 Kasterlee
84,Oudemolsedijk,2019-12-28,22:00:00,0,0,0,FMN GV 18 Kasterlee
84,Oudemolsedijk,2019-12-28,23:00:00,0,0,0,FMN GV 18 Kasterlee
84,Oudemolsedijk,2019-12-29,00:00:00,0,0,0,FMN GV 18 Kasterlee
84,Oudemolsedijk,2019-12-29,01:00:00,2,0,2,FMN GV 18 Kasterlee
84,Oudemolsedijk,2019-12-29,02:00:00,0,0,0,FMN GV 18 Kasterlee
84,Oudemolsedijk,2019-12-29,03:00:00,0,0,0,FMN GV 18 Kasterlee
84,Oudemolsedijk,2019-12-29,04:00:00,0,0,0,FMN GV 18 Kasterlee
84,Oudemolsedijk,2019-12-29,05:00:00,0,0,0,FMN GV 18 Kasterlee
84,Oudemolsedijk,2019-12-29,06:00:00,0,0,0,FMN GV 18 Kasterlee
84,Oudemolsedijk,2019-12-29,07:00:00,2,1,1,FMN GV 18 Kasterlee
84,Oudemolsedijk,2019-12-29,08:00:00,9,1,8,FMN GV 18 Kasterlee
84,Oudemolsedijk,2019-12-29,09:00:00,28,9,19,FMN GV 18 Kasterlee
84,Oudemolsedijk,2019-12-29,10:00:00,45,32,13,FMN GV 18 Kasterlee
84,Oudemolsedijk,2019-12-29,11:00:00,32,12,20,FMN GV 18 Kasterlee
84,Oudemolsedijk,2019-12-29,12:00:00,7,4,3,FMN GV 18 Kasterlee
84,Oudemolsedijk,2019-12-29,13:00:00,28,19,9,FMN GV 18 Kasterlee
84,Oudemolsedijk,2019-12-29,14:00:00,31,16,15,FMN GV 18 Kasterlee
84,Oudemolsedijk,2019-12-29,15:00:00,17,8,9,FMN GV 18 Kasterlee
84,Oudemolsedijk,2019-12-29,16:00:00,9,3,6,FMN GV 18 Kasterlee
84,Oudemolsedijk,2019-12-29,17:00:00,2,2,0,FMN GV 18 Kasterlee
84,Oudemolsedijk,2019-12-29,18:00:00,0,0,0,FMN GV 18 Kasterlee
84,Oudemolsedijk,2019-12-29,19:00:00,1,0,1,FMN GV 18 Kasterlee
84,Oudemolsedijk,2019-12-29,20:00:00,0,0,0,FMN GV 18 Kasterlee
84,Oudemolsedijk,2019-12-29,21:00:00,0,0,0,FMN GV 18 Kasterlee
84,Oudemolsedijk,2019-12-29,22:00:00,0,0,0,FMN GV 18 Kasterlee
84,Oudemolsedijk,2019-12-29,23:00:00,0,0,0,FMN GV 18 Kasterlee
84,Oudemolsedijk,2019-12-30,00:00:00,0,0,0,FMN GV 18 Kasterlee
84,Oudemolsedijk,2019-12-30,01:00:00,0,0,0,FMN GV 18 Kasterlee
84,Oudemolsedijk,2019-12-30,02:00:00,0,0,0,FMN GV 18 Kasterlee
84,Oudemolsedijk,2019-12-30,03:00:00,2,2,0,FMN GV 18 Kasterlee
84,Oudemolsedijk,2019-12-30,04:00:00,1,1,0,FMN GV 18 Kasterlee
84,Oudemolsedijk,2019-12-30,05:00:00,0,0,0,FMN GV 18 Kasterlee
84,Oudemolsedijk,2019-12-30,06:00:00,1,0,1,FMN GV 18 Kasterlee
84,Oudemolsedijk,2019-12-30,07:00:00,4,0,4,FMN GV 18 Kasterlee
84,Oudemolsedijk,2019-12-30,08:00:00,4,3,1,FMN GV 18 Kasterlee
84,Oudemolsedijk,2019-12-30,09:00:00,6,6,0,FMN GV 18 Kasterlee
84,Oudemolsedijk,2019-12-30,10:00:00,14,5,9,FMN GV 18 Kasterlee
84,Oudemolsedijk,2019-12-30,11:00:00,8,2,6,FMN GV 18 Kasterlee
84,Oudemolsedijk,2019-12-30,12:00:00,23,10,13,FMN GV 18 Kasterlee
84,Oudemolsedijk,2019-12-30,13:00:00,32,19,13,FMN GV 18 Kasterlee
84,Oudemolsedijk,2019-12-30,14:00:00,62,42,20,FMN GV 18 Kasterlee
84,Oudemolsedijk,2019-12-30,15:00:00,41,28,13,FMN GV 18 Kasterlee
84,Oudemolsedijk,2019-12-30,16:00:00,14,4,10,FMN GV 18 Kasterlee
84,Oudemolsedijk,2019-12-30,17:00:00,13,10,3,FMN GV 18 Kasterlee
84,Oudemolsedijk,2019-12-30,18:00:00,1,1,0,FMN GV 18 Kasterlee
84,Oudemolsedijk,2019-12-30,19:00:00,0,0,0,FMN GV 18 Kasterlee
84,Oudemolsedijk,2019-12-30,20:00:00,0,0,0,FMN GV 18 Kasterlee
84,Oudemolsedijk,2019-12-30,21:00:00,1,1,0,FMN GV 18 Kasterlee
84,Oudemolsedijk,2019-12-30,22:00:00,0,0,0,FMN GV 18 Kasterlee
84,Oudemolsedijk,2019-12-30,23:00:00,0,0,0,FMN GV 18 Kasterlee
84,Oudemolsedijk,2019-12-31,00:00:00,0,0,0,FMN GV 18 Kasterlee
84,Oudemolsedijk,2019-12-31,01:00:00,0,0,0,FMN GV 18 Kasterlee
84,Oudemolsedijk,2019-12-31,02:00:00,0,0,0,FMN GV 18 Kasterlee
84,Oudemolsedijk,2019-12-31,03:00:00,0,0,0,FMN GV 18 Kasterlee
84,Oudemolsedijk,2019-12-31,04:00:00,1,1,0,FMN GV 18 Kasterlee
84,Oudemolsedijk,2019-12-31,05:00:00,0,0,0,FMN GV 18 Kasterlee
84,Oudemolsedijk,2019-12-31,06:00:00,1,1,0,FMN GV 18 Kasterlee
84,Oudemolsedijk,2019-12-31,07:00:00,4,1,3,FMN GV 18 Kasterlee
84,Oudemolsedijk,2019-12-31,08:00:00,8,3,5,FMN GV 18 Kasterlee
84,Oudemolsedijk,2019-12-31,09:00:00,6,0,6,FMN GV 18 Kasterlee
84,Oudemolsedijk,2019-12-31,10:00:00,6,4,2,FMN GV 18 Kasterlee
84,Oudemolsedijk,2019-12-31,11:00:00,14,8,6,FMN GV 18 Kasterlee
84,Oudemolsedijk,2019-12-31,12:00:00,9,5,4,FMN GV 18 Kasterlee
84,Oudemolsedijk,2019-12-31,13:00:00,38,16,22,FMN GV 18 Kasterlee
84,Oudemolsedijk,2019-12-31,14:00:00,19,15,4,FMN GV 18 Kasterlee
84,Oudemolsedijk,2019-12-31,15:00:00,13,1,12,FMN GV 18 Kasterlee
84,Oudemolsedijk,2019-12-31,16:00:00,1,1,0,FMN GV 18 Kasterlee
84,Oudemolsedijk,2019-12-31,17:00:00,6,5,1,FMN GV 18 Kasterlee
84,Oudemolsedijk,2019-12-31,18:00:00,3,0,3,FMN GV 18 Kasterlee
84,Oudemolsedijk,2019-12-31,19:00:00,0,0,0,FMN GV 18 Kasterlee
84,Oudemolsedijk,2019-12-31,20:00:00,0,0,0,FMN GV 18 Kasterlee
84,Oudemolsedijk,2019-12-31,21:00:00,0,0,0,FMN GV 18 Kasterlee
84,Oudemolsedijk,2019-12-31,22:00:00,4,4,0,FMN GV 18 Kasterlee
84,Oudemolsedijk,2019-12-31,23:00:00,0,0,0,FMN GV 18 Kasterlee
84,Oudemolsedijk,2020-01-01,00:00:00,2,0,2,FMN GV 18 Kasterlee
84,Oudemolsedijk,2020-01-01,01:00:00,2,0,2,FMN GV 18 Kasterlee
84,Oudemolsedijk,2020-01-01,02:00:00,0,0,0,FMN GV 18 Kasterlee
84,Oudemolsedijk,2020-01-01,03:00:00,2,2,0,FMN GV 18 Kasterlee
84,Oudemolsedijk,2020-01-01,04:00:00,2,0,2,FMN GV 18 Kasterlee
84,Oudemolsedijk,2020-01-01,05:00:00,0,0,0,FMN GV 18 Kasterlee
84,Oudemolsedijk,2020-01-01,06:00:00,1,0,1,FMN GV 18 Kasterlee
84,Oudemolsedijk,2020-01-01,07:00:00,2,0,2,FMN GV 18 Kasterlee
84,Oudemolsedijk,2020-01-01,08:00:00,1,0,1,FMN GV 18 Kasterlee
84,Oudemolsedijk,2020-01-01,09:00:00,3,2,1,FMN GV 18 Kasterlee
84,Oudemolsedijk,2020-01-01,10:00:00,9,7,2,FMN GV 18 Kasterlee
84,Oudemolsedijk,2020-01-01,11:00:00,20,16,4,FMN GV 18 Kasterlee
84,Oudemolsedijk,2020-01-01,12:00:00,7,5,2,FMN GV 18 Kasterlee
84,Oudemolsedijk,2020-01-01,13:00:00,11,6,5,FMN GV 18 Kasterlee
84,Oudemolsedijk,2020-01-01,14:00:00,9,8,1,FMN GV 18 Kasterlee
84,Oudemolsedijk,2020-01-01,15:00:00,1,1,0,FMN GV 18 Kasterlee
84,Oudemolsedijk,2020-01-01,16:00:00,1,1,0,FMN GV 18 Kasterlee
84,Oudemolsedijk,2020-01-01,17:00:00,2,0,2,FMN GV 18 Kasterlee
84,Oudemolsedijk,2020-01-01,18:00:00,1,0,1,FMN GV 18 Kasterlee
84,Oudemolsedijk,2020-01-01,19:00:00,0,0,0,FMN GV 18 Kasterlee
84,Oudemolsedijk,2020-01-01,20:00:00,0,0,0,FMN GV 18 Kasterlee
84,Oudemolsedijk,2020-01-01,21:00:00,1,0,1,FMN GV 18 Kasterlee
84,Oudemolsedijk,2020-01-01,22:00:00,0,0,0,FMN GV 18 Kasterlee
84,Oudemolsedijk,2020-01-01,23:00:00,0,0,0,FMN GV 18 Kasterlee
84,Oudemolsedijk,2020-01-02,00:00:00,0,0,0,FMN GV 18 Kasterlee
84,Oudemolsedijk,2020-01-02,01:00:00,0,0,0,FMN GV 18 Kasterlee
84,Oudemolsedijk,2020-01-02,02:00:00,0,0,0,FMN GV 18 Kasterlee
84,Oudemolsedijk,2020-01-02,03:00:00,0,0,0,FMN GV 18 Kasterlee
84,Oudemolsedijk,2020-01-02,04:00:00,0,0,0,FMN GV 18 Kasterlee
84,Oudemolsedijk,2020-01-02,05:00:00,0,0,0,FMN GV 18 Kasterlee
84,Oudemolsedijk,2020-01-02,06:00:00,2,1,1,FMN GV 18 Kasterlee
84,Oudemolsedijk,2020-01-02,07:00:00,4,3,1,FMN GV 18 Kasterlee
84,Oudemolsedijk,2020-01-02,08:00:00,8,2,6,FMN GV 18 Kasterlee
84,Oudemolsedijk,2020-01-02,09:00:00,4,2,2,FMN GV 18 Kasterlee
84,Oudemolsedijk,2020-01-02,10:00:00,4,1,3,FMN GV 18 Kasterlee
84,Oudemolsedijk,2020-01-02,11:00:00,13,10,3,FMN GV 18 Kasterlee
84,Oudemolsedijk,2020-01-02,12:00:00,18,8,10,FMN GV 18 Kasterlee
84,Oudemolsedijk,2020-01-02,13:00:00,21,13,8,FMN GV 18 Kasterlee
84,Oudemolsedijk,2020-01-02,14:00:00,14,8,6,FMN GV 18 Kasterlee
84,Oudemolsedijk,2020-01-02,15:00:00,20,10,10,FMN GV 18 Kasterlee
84,Oudemolsedijk,2020-01-02,16:00:00,4,2,2,FMN GV 18 Kasterlee
84,Oudemolsedijk,2020-01-02,17:00:00,7,2,5,FMN GV 18 Kasterlee
84,Oudemolsedijk,2020-01-02,18:00:00,4,2,2,FMN GV 18 Kasterlee
84,Oudemolsedijk,2020-01-02,19:00:00,5,4,1,FMN GV 18 Kasterlee
84,Oudemolsedijk,2020-01-02,20:00:00,0,0,0,FMN GV 18 Kasterlee
84,Oudemolsedijk,2020-01-02,21:00:00,1,0,1,FMN GV 18 Kasterlee
84,Oudemolsedijk,2020-01-02,22:00:00,1,0,1,FMN GV 18 Kasterlee
84,Oudemolsedijk,2020-01-02,23:00:00,0,0,0,FMN GV 18 Kasterlee
84,Oudemolsedijk,2020-01-03,00:00:00,0,0,0,FMN GV 18 Kasterlee
84,Oudemolsedijk,2020-01-03,01:00:00,0,0,0,FMN GV 18 Kasterlee
84,Oudemolsedijk,2020-01-03,02:00:00,0,0,0,FMN GV 18 Kasterlee
84,Oudemolsedijk,2020-01-03,03:00:00,0,0,0,FMN GV 18 Kasterlee
84,Oudemolsedijk,2020-01-03,04:00:00,0,0,0,FMN GV 18 Kasterlee
84,Oudemolsedijk,2020-01-03,05:00:00,1,1,0,FMN GV 18 Kasterlee
84,Oudemolsedijk,2020-01-03,06:00:00,4,2,2,FMN GV 18 Kasterlee
84,Oudemolsedijk,2020-01-03,07:00:00,4,3,1,FMN GV 18 Kasterlee
84,Oudemolsedijk,2020-01-03,08:00:00,6,1,5,FMN GV 18 Kasterlee
84,Oudemolsedijk,2020-01-03,09:00:00,3,2,1,FMN GV 18 Kasterlee
84,Oudemolsedijk,2020-01-03,10:00:00,2,1,1,FMN GV 18 Kasterlee
84,Oudemolsedijk,2020-01-03,11:00:00,1,1,0,FMN GV 18 Kasterlee
84,Oudemolsedijk,2020-01-03,12:00:00,0,0,0,FMN GV 18 Kasterlee
84,Oudemolsedijk,2020-01-03,13:00:00,3,2,1,FMN GV 18 Kasterlee
84,Oudemolsedijk,2020-01-03,14:00:00,8,4,4,FMN GV 18 Kasterlee
84,Oudemolsedijk,2020-01-03,15:00:00,1,1,0,FMN GV 18 Kasterlee
84,Oudemolsedijk,2020-01-03,16:00:00,6,4,2,FMN GV 18 Kasterlee
84,Oudemolsedijk,2020-01-03,17:00:00,4,2,2,FMN GV 18 Kasterlee
84,Oudemolsedijk,2020-01-03,18:00:00,4,2,2,FMN GV 18 Kasterlee
84,Oudemolsedijk,2020-01-03,19:00:00,0,0,0,FMN GV 18 Kasterlee
84,Oudemolsedijk,2020-01-03,20:00:00,3,1,2,FMN GV 18 Kasterlee
84,Oudemolsedijk,2020-01-03,21:00:00,0,0,0,FMN GV 18 Kasterlee
84,Oudemolsedijk,2020-01-03,22:00:00,1,0,1,FMN GV 18 Kasterlee
84,Oudemolsedijk,2020-01-03,23:00:00,0,0,0,FMN GV 18 Kasterlee
84,Oudemolsedijk,2020-01-04,00:00:00,3,2,1,FMN GV 18 Kasterlee
84,Oudemolsedijk,2020-01-04,01:00:00,0,0,0,FMN GV 18 Kasterlee
84,Oudemolsedijk,2020-01-04,02:00:00,0,0,0,FMN GV 18 Kasterlee
84,Oudemolsedijk,2020-01-04,03:00:00,0,0,0,FMN GV 18 Kasterlee
84,Oudemolsedijk,2020-01-04,04:00:00,1,1,0,FMN GV 18 Kasterlee
84,Oudemolsedijk,2020-01-04,05:00:00,1,1,0,FMN GV 18 Kasterlee
84,Oudemolsedijk,2020-01-04,06:00:00,1,1,0,FMN GV 18 Kasterlee
84,Oudemolsedijk,2020-01-04,07:00:00,1,1,0,FMN GV 18 Kasterlee
84,Oudemolsedijk,2020-01-04,08:00:00,0,0,0,FMN GV 18 Kasterlee
84,Oudemolsedijk,2020-01-04,09:00:00,4,1,3,FMN GV 18 Kasterlee
84,Oudemolsedijk,2020-01-04,10:00:00,13,9,4,FMN GV 18 Kasterlee
84,Oudemolsedijk,2020-01-04,11:00:00,27,16,11,FMN GV 18 Kasterlee
84,Oudemolsedijk,2020-01-04,12:00:00,33,16,17,FMN GV 18 Kasterlee
84,Oudemolsedijk,2020-01-04,13:00:00,28,13,15,FMN GV 18 Kasterlee
84,Oudemolsedijk,2020-01-04,14:00:00,54,39,15,FMN GV 18 Kasterlee
84,Oudemolsedijk,2020-01-04,15:00:00,27,12,15,FMN GV 18 Kasterlee
84,Oudemolsedijk,2020-01-04,16:00:00,14,13,1,FMN GV 18 Kasterlee
84,Oudemolsedijk,2020-01-04,17:00:00,3,2,1,FMN GV 18 Kasterlee
84,Oudemolsedijk,2020-01-04,18:00:00,3,1,2,FMN GV 18 Kasterlee
84,Oudemolsedijk,2020-01-04,19:00:00,3,2,1,FMN GV 18 Kasterlee
84,Oudemolsedijk,2020-01-04,20:00:00,0,0,0,FMN GV 18 Kasterlee
84,Oudemolsedijk,2020-01-04,21:00:00,0,0,0,FMN GV 18 Kasterlee
84,Oudemolsedijk,2020-01-04,22:00:00,1,1,0,FMN GV 18 Kasterlee
84,Oudemolsedijk,2020-01-04,23:00:00,0,0,0,FMN GV 18 Kasterlee
84,Oudemolsedijk,2020-01-05,00:00:00,0,0,0,FMN GV 18 Kasterlee
84,Oudemolsedijk,2020-01-05,01:00:00,1,0,1,FMN GV 18 Kasterlee
84,Oudemolsedijk,2020-01-05,02:00:00,0,0,0,FMN GV 18 Kasterlee
84,Oudemolsedijk,2020-01-05,03:00:00,0,0,0,FMN GV 18 Kasterlee
84,Oudemolsedijk,2020-01-05,04:00:00,1,1,0,FMN GV 18 Kasterlee
84,Oudemolsedijk,2020-01-05,05:00:00,0,0,0,FMN GV 18 Kasterlee
84,Oudemolsedijk,2020-01-05,06:00:00,0,0,0,FMN GV 18 Kasterlee
84,Oudemolsedijk,2020-01-05,07:00:00,1,1,0,FMN GV 18 Kasterlee
84,Oudemolsedijk,2020-01-05,08:00:00,12,2,10,FMN GV 18 Kasterlee
84,Oudemolsedijk,2020-01-05,09:00:00,46,34,12,FMN GV 18 Kasterlee
84,Oudemolsedijk,2020-01-05,10:00:00,57,42,15,FMN GV 18 Kasterlee
84,Oudemolsedijk,2020-01-05,11:00:00,51,31,20,FMN GV 18 Kasterlee
84,Oudemolsedijk,2020-01-05,12:00:00,13,10,3,FMN GV 18 Kasterlee
84,Oudemolsedijk,2020-01-05,13:00:00,13,9,4,FMN GV 18 Kasterlee
84,Oudemolsedijk,2020-01-05,14:00:00,25,18,7,FMN GV 18 Kasterlee
84,Oudemolsedijk,2020-01-05,15:00:00,15,7,8,FMN GV 18 Kasterlee
84,Oudemolsedijk,2020-01-05,16:00:00,2,2,0,FMN GV 18 Kasterlee
84,Oudemolsedijk,2020-01-05,17:00:00,3,1,2,FMN GV 18 Kasterlee
84,Oudemolsedijk,2020-01-05,18:00:00,3,1,2,FMN GV 18 Kasterlee
84,Oudemolsedijk,2020-01-05,19:00:00,1,0,1,FMN GV 18 Kasterlee
84,Oudemolsedijk,2020-01-05,20:00:00,0,0,0,FMN GV 18 Kasterlee
84,Oudemolsedijk,2020-01-05,21:00:00,0,0,0,FMN GV 18 Kasterlee
84,Oudemolsedijk,2020-01-05,22:00:00,0,0,0,FMN GV 18 Kasterlee
84,Oudemolsedijk,2020-01-05,23:00:00,0,0,0,FMN GV 18 Kasterlee
84,Oudemolsedijk,2020-01-06,00:00:00,0,0,0,FMN GV 18 Kasterlee
84,Oudemolsedijk,2020-01-06,01:00:00,0,0,0,FMN GV 18 Kasterlee
84,Oudemolsedijk,2020-01-06,02:00:00,0,0,0,FMN GV 18 Kasterlee
84,Oudemolsedijk,2020-01-06,03:00:00,1,0,1,FMN GV 18 Kasterlee
84,Oudemolsedijk,2020-01-06,04:00:00,1,1,0,FMN GV 18 Kasterlee
84,Oudemolsedijk,2020-01-06,05:00:00,6,5,1,FMN GV 18 Kasterlee
84,Oudemolsedijk,2020-01-06,06:00:00,10,3,7,FMN GV 18 Kasterlee
84,Oudemolsedijk,2020-01-06,07:00:00,21,12,9,FMN GV 18 Kasterlee
84,Oudemolsedijk,2020-01-06,08:00:00,10,5,5,FMN GV 18 Kasterlee
84,Oudemolsedijk,2020-01-06,09:00:00,7,2,5,FMN GV 18 Kasterlee
84,Oudemolsedijk,2020-01-06,10:00:00,7,5,2,FMN GV 18 Kasterlee
84,Oudemolsedijk,2020-01-06,11:00:00,8,3,5,FMN GV 18 Kasterlee
84,Oudemolsedijk,2020-01-06,12:00:00,9,4,5,FMN GV 18 Kasterlee
84,Oudemolsedijk,2020-01-06,13:00:00,23,9,14,FMN GV 18 Kasterlee
84,Oudemolsedijk,2020-01-06,14:00:00,31,14,17,FMN GV 18 Kasterlee
84,Oudemolsedijk,2020-01-06,15:00:00,29,20,9,FMN GV 18 Kasterlee
84,Oudemolsedijk,2020-01-06,16:00:00,32,16,16,FMN GV 18 Kasterlee
84,Oudemolsedijk,2020-01-06,17:00:00,17,7,10,FMN GV 18 Kasterlee
84,Oudemolsedijk,2020-01-06,18:00:00,4,2,2,FMN GV 18 Kasterlee
84,Oudemolsedijk,2020-01-06,19:00:00,3,2,1,FMN GV 18 Kasterlee
84,Oudemolsedijk,2020-01-06,20:00:00,0,0,0,FMN GV 18 Kasterlee
84,Oudemolsedijk,2020-01-06,21:00:00,0,0,0,FMN GV 18 Kasterlee
84,Oudemolsedijk,2020-01-06,22:00:00,1,0,1,FMN GV 18 Kasterlee
84,Oudemolsedijk,2020-01-06,23:00:00,0,0,0,FMN GV 18 Kasterlee
84,Oudemolsedijk,2020-01-07,00:00:00,0,0,0,FMN GV 18 Kasterlee
84,Oudemolsedijk,2020-01-07,01:00:00,0,0,0,FMN GV 18 Kasterlee
84,Oudemolsedijk,2020-01-07,02:00:00,0,0,0,FMN GV 18 Kasterlee
84,Oudemolsedijk,2020-01-07,03:00:00,0,0,0,FMN GV 18 Kasterlee
84,Oudemolsedijk,2020-01-07,04:00:00,1,1,0,FMN GV 18 Kasterlee
84,Oudemolsedijk,2020-01-07,05:00:00,6,6,0,FMN GV 18 Kasterlee
84,Oudemolsedijk,2020-01-07,06:00:00,10,4,6,FMN GV 18 Kasterlee
84,Oudemolsedijk,2020-01-07,07:00:00,18,8,10,FMN GV 18 Kasterlee
84,Oudemolsedijk,2020-01-07,08:00:00,19,10,9,FMN GV 18 Kasterlee
84,Oudemolsedijk,2020-01-07,09:00:00,8,1,7,FMN GV 18 Kasterlee
84,Oudemolsedijk,2020-01-07,10:00:00,7,4,3,FMN GV 18 Kasterlee
84,Oudemolsedijk,2020-01-07,11:00:00,6,4,2,FMN GV 18 Kasterlee
84,Oudemolsedijk,2020-01-07,12:00:00,17,7,10,FMN GV 18 Kasterlee
84,Oudemolsedijk,2020-01-07,13:00:00,33,7,26,FMN GV 18 Kasterlee
84,Oudemolsedijk,2020-01-07,14:00:00,41,28,13,FMN GV 18 Kasterlee
84,Oudemolsedijk,2020-01-07,15:00:00,21,13,8,FMN GV 18 Kasterlee
84,Oudemolsedijk,2020-01-07,16:00:00,25,16,9,FMN GV 18 Kasterlee
84,Oudemolsedijk,2020-01-07,17:00:00,21,12,9,FMN GV 18 Kasterlee
84,Oudemolsedijk,2020-01-07,18:00:00,11,5,6,FMN GV 18 Kasterlee
84,Oudemolsedijk,2020-01-07,19:00:00,4,1,3,FMN GV 18 Kasterlee
84,Oudemolsedijk,2020-01-07,20:00:00,3,2,1,FMN GV 18 Kasterlee
84,Oudemolsedijk,2020-01-07,21:00:00,2,0,2,FMN GV 18 Kasterlee
84,Oudemolsedijk,2020-01-07,22:00:00,3,1,2,FMN GV 18 Kasterlee
84,Oudemolsedijk,2020-01-07,23:00:00,0,0,0,FMN GV 18 Kasterlee
84,Oudemolsedijk,2020-01-08,00:00:00,0,0,0,FMN GV 18 Kasterlee
84,Oudemolsedijk,2020-01-08,01:00:00,0,0,0,FMN GV 18 Kasterlee
84,Oudemolsedijk,2020-01-08,02:00:00,0,0,0,FMN GV 18 Kasterlee
84,Oudemolsedijk,2020-01-08,03:00:00,0,0,0,FMN GV 18 Kasterlee
84,Oudemolsedijk,2020-01-08,04:00:00,1,1,0,FMN GV 18 Kasterlee
84,Oudemolsedijk,2020-01-08,05:00:00,2,2,0,FMN GV 18 Kasterlee
84,Oudemolsedijk,2020-01-08,06:00:00,12,5,7,FMN GV 18 Kasterlee
84,Oudemolsedijk,2020-01-08,07:00:00,12,6,6,FMN GV 18 Kasterlee
84,Oudemolsedijk,2020-01-08,08:00:00,11,5,6,FMN GV 18 Kasterlee
84,Oudemolsedijk,2020-01-08,09:00:00,4,3,1,FMN GV 18 Kasterlee
84,Oudemolsedijk,2020-01-08,10:00:00,4,1,3,FMN GV 18 Kasterlee
84,Oudemolsedijk,2020-01-08,11:00:00,2,2,0,FMN GV 18 Kasterlee
84,Oudemolsedijk,2020-01-08,12:00:00,7,4,3,FMN GV 18 Kasterlee
84,Oudemolsedijk,2020-01-08,13:00:00,9,4,5,FMN GV 18 Kasterlee
84,Oudemolsedijk,2020-01-08,14:00:00,8,3,5,FMN GV 18 Kasterlee
84,Oudemolsedijk,2020-01-08,15:00:00,7,3,4,FMN GV 18 Kasterlee
84,Oudemolsedijk,2020-01-08,16:00:00,12,5,7,FMN GV 18 Kasterlee
84,Oudemolsedijk,2020-01-08,17:00:00,8,3,5,FMN GV 18 Kasterlee
84,Oudemolsedijk,2020-01-08,18:00:00,7,5,2,FMN GV 18 Kasterlee
84,Oudemolsedijk,2020-01-08,19:00:00,2,2,0,FMN GV 18 Kasterlee
84,Oudemolsedijk,2020-01-08,20:00:00,1,0,1,FMN GV 18 Kasterlee
84,Oudemolsedijk,2020-01-08,21:00:00,0,0,0,FMN GV 18 Kasterlee
84,Oudemolsedijk,2020-01-08,22:00:00,1,0,1,FMN GV 18 Kasterlee
84,Oudemolsedijk,2020-01-08,23:00:00,0,0,0,FMN GV 18 Kasterlee
84,Oudemolsedijk,2020-01-09,00:00:00,0,0,0,FMN GV 18 Kasterlee
84,Oudemolsedijk,2020-01-09,01:00:00,0,0,0,FMN GV 18 Kasterlee
84,Oudemolsedijk,2020-01-09,02:00:00,0,0,0,FMN GV 18 Kasterlee
84,Oudemolsedijk,2020-01-09,03:00:00,0,0,0,FMN GV 18 Kasterlee
84,Oudemolsedijk,2020-01-09,04:00:00,1,1,0,FMN GV 18 Kasterlee
84,Oudemolsedijk,2020-01-09,05:00:00,3,3,0,FMN GV 18 Kasterlee
84,Oudemolsedijk,2020-01-09,06:00:00,9,2,7,FMN GV 18 Kasterlee
84,Oudemolsedijk,2020-01-09,07:00:00,10,5,5,FMN GV 18 Kasterlee
84,Oudemolsedijk,2020-01-09,08:00:00,17,9,8,FMN GV 18 Kasterlee
84,Oudemolsedijk,2020-01-09,09:00:00,6,1,5,FMN GV 18 Kasterlee
84,Oudemolsedijk,2020-01-09,10:00:00,2,1,1,FMN GV 18 Kasterlee
84,Oudemolsedijk,2020-01-09,11:00:00,5,3,2,FMN GV 18 Kasterlee
84,Oudemolsedijk,2020-01-09,12:00:00,8,4,4,FMN GV 18 Kasterlee
84,Oudemolsedijk,2020-01-09,13:00:00,8,7,1,FMN GV 18 Kasterlee
84,Oudemolsedijk,2020-01-09,14:00:00,5,0,5,FMN GV 18 Kasterlee
84,Oudemolsedijk,2020-01-09,15:00:00,14,10,4,FMN GV 18 Kasterlee
84,Oudemolsedijk,2020-01-09,16:00:00,20,12,8,FMN GV 18 Kasterlee
84,Oudemolsedijk,2020-01-09,17:00:00,11,8,3,FMN GV 18 Kasterlee
84,Oudemolsedijk,2020-01-09,18:00:00,7,6,1,FMN GV 18 Kasterlee
84,Oudemolsedijk,2020-01-09,19:00:00,1,0,1,FMN GV 18 Kasterlee
84,Oudemolsedijk,2020-01-09,20:00:00,1,0,1,FMN GV 18 Kasterlee
84,Oudemolsedijk,2020-01-09,21:00:00,0,0,0,FMN GV 18 Kasterlee
84,Oudemolsedijk,2020-01-09,22:00:00,1,0,1,FMN GV 18 Kasterlee
84,Oudemolsedijk,2020-01-09,23:00:00,0,0,0,FMN GV 18 Kasterlee
84,Oudemolsedijk,2020-01-10,00:00:00,0,0,0,FMN GV 18 Kasterlee
84,Oudemolsedijk,2020-01-10,01:00:00,0,0,0,FMN GV 18 Kasterlee
84,Oudemolsedijk,2020-01-10,02:00:00,0,0,0,FMN GV 18 Kasterlee
84,Oudemolsedijk,2020-01-10,03:00:00,0,0,0,FMN GV 18 Kasterlee
84,Oudemolsedijk,2020-01-10,04:00:00,1,1,0,FMN GV 18 Kasterlee
84,Oudemolsedijk,2020-01-10,05:00:00,1,1,0,FMN GV 18 Kasterlee
84,Oudemolsedijk,2020-01-10,06:00:00,6,2,4,FMN GV 18 Kasterlee
84,Oudemolsedijk,2020-01-10,07:00:00,8,5,3,FMN GV 18 Kasterlee
84,Oudemolsedijk,2020-01-10,08:00:00,14,7,7,FMN GV 18 Kasterlee
84,Oudemolsedijk,2020-01-10,09:00:00,3,2,1,FMN GV 18 Kasterlee
84,Oudemolsedijk,2020-01-10,10:00:00,11,7,4,FMN GV 18 Kasterlee
84,Oudemolsedijk,2020-01-10,11:00:00,5,3,2,FMN GV 18 Kasterlee
84,Oudemolsedijk,2020-01-10,12:00:00,12,5,7,FMN GV 18 Kasterlee
84,Oudemolsedijk,2020-01-10,13:00:00,10,4,6,FMN GV 18 Kasterlee
84,Oudemolsedijk,2020-01-10,14:00:00,22,6,16,FMN GV 18 Kasterlee
84,Oudemolsedijk,2020-01-10,15:00:00,11,5,6,FMN GV 18 Kasterlee
84,Oudemolsedijk,2020-01-10,16:00:00,13,10,3,FMN GV 18 Kasterlee
84,Oudemolsedijk,2020-01-10,17:00:00,17,13,4,FMN GV 18 Kasterlee
84,Oudemolsedijk,2020-01-10,18:00:00,8,7,1,FMN GV 18 Kasterlee
84,Oudemolsedijk,2020-01-10,19:00:00,5,4,1,FMN GV 18 Kasterlee
84,Oudemolsedijk,2020-01-10,20:00:00,3,0,3,FMN GV 18 Kasterlee
84,Oudemolsedijk,2020-01-10,21:00:00,0,0,0,FMN GV 18 Kasterlee
84,Oudemolsedijk,2020-01-10,22:00:00,2,1,1,FMN GV 18 Kasterlee
84,Oudemolsedijk,2020-01-10,23:00:00,3,2,1,FMN GV 18 Kasterlee
84,Oudemolsedijk,2020-01-11,00:00:00,2,1,1,FMN GV 18 Kasterlee
84,Oudemolsedijk,2020-01-11,01:00:00,8,3,5,FMN GV 18 Kasterlee
84,Oudemolsedijk,2020-01-11,02:00:00,0,0,0,FMN GV 18 Kasterlee
84,Oudemolsedijk,2020-01-11,03:00:00,1,0,1,FMN GV 18 Kasterlee
84,Oudemolsedijk,2020-01-11,04:00:00,0,0,0,FMN GV 18 Kasterlee
84,Oudemolsedijk,2020-01-11,05:00:00,0,0,0,FMN GV 18 Kasterlee
84,Oudemolsedijk,2020-01-11,06:00:00,2,1,1,FMN GV 18 Kasterlee
84,Oudemolsedijk,2020-01-11,07:00:00,0,0,0,FMN GV 18 Kasterlee
84,Oudemolsedijk,2020-01-11,08:00:00,5,1,4,FMN GV 18 Kasterlee
84,Oudemolsedijk,2020-01-11,09:00:00,14,5,9,FMN GV 18 Kasterlee
84,Oudemolsedijk,2020-01-11,10:00:00,24,11,13,FMN GV 18 Kasterlee
84,Oudemolsedijk,2020-01-11,11:00:00,32,20,12,FMN GV 18 Kasterlee
84,Oudemolsedijk,2020-01-11,12:00:00,51,12,39,FMN GV 18 Kasterlee
84,Oudemolsedijk,2020-01-11,13:00:00,49,29,20,FMN GV 18 Kasterlee
84,Oudemolsedijk,2020-01-11,14:00:00,97,60,37,FMN GV 18 Kasterlee
84,Oudemolsedijk,2020-01-11,15:00:00,31,15,16,FMN GV 18 Kasterlee
84,Oudemolsedijk,2020-01-11,16:00:00,23,16,7,FMN GV 18 Kasterlee
84,Oudemolsedijk,2020-01-11,17:00:00,3,1,2,FMN GV 18 Kasterlee
84,Oudemolsedijk,2020-01-11,18:00:00,1,1,0,FMN GV 18 Kasterlee
84,Oudemolsedijk,2020-01-11,19:00:00,3,3,0,FMN GV 18 Kasterlee
84,Oudemolsedijk,2020-01-11,20:00:00,0,0,0,FMN GV 18 Kasterlee
84,Oudemolsedijk,2020-01-11,21:00:00,0,0,0,FMN GV 18 Kasterlee
84,Oudemolsedijk,2020-01-11,22:00:00,1,0,1,FMN GV 18 Kasterlee
84,Oudemolsedijk,2020-01-11,23:00:00,0,0,0,FMN GV 18 Kasterlee
84,Oudemolsedijk,2020-01-12,00:00:00,0,0,0,FMN GV 18 Kasterlee
84,Oudemolsedijk,2020-01-12,01:00:00,0,0,0,FMN GV 18 Kasterlee
84,Oudemolsedijk,2020-01-12,02:00:00,0,0,0,FMN GV 18 Kasterlee
84,Oudemolsedijk,2020-01-12,03:00:00,1,0,1,FMN GV 18 Kasterlee
84,Oudemolsedijk,2020-01-12,04:00:00,0,0,0,FMN GV 18 Kasterlee
84,Oudemolsedijk,2020-01-12,05:00:00,1,0,1,FMN GV 18 Kasterlee
84,Oudemolsedijk,2020-01-12,06:00:00,2,1,1,FMN GV 18 Kasterlee
84,Oudemolsedijk,2020-01-12,07:00:00,3,2,1,FMN GV 18 Kasterlee
84,Oudemolsedijk,2020-01-12,08:00:00,11,3,8,FMN GV 18 Kasterlee
84,Oudemolsedijk,2020-01-12,09:00:00,42,25,17,FMN GV 18 Kasterlee
84,Oudemolsedijk,2020-01-12,10:00:00,40,14,26,FMN GV 18 Kasterlee
84,Oudemolsedijk,2020-01-12,11:00:00,47,14,33,FMN GV 18 Kasterlee
84,Oudemolsedijk,2020-01-12,12:00:00,10,7,3,FMN GV 18 Kasterlee
84,Oudemolsedijk,2020-01-12,13:00:00,16,7,9,FMN GV 18 Kasterlee
84,Oudemolsedijk,2020-01-12,14:00:00,3,2,1,FMN GV 18 Kasterlee
84,Oudemolsedijk,2020-01-12,15:00:00,4,0,4,FMN GV 18 Kasterlee
84,Oudemolsedijk,2020-01-12,16:00:00,2,2,0,FMN GV 18 Kasterlee
84,Oudemolsedijk,2020-01-12,17:00:00,1,1,0,FMN GV 18 Kasterlee
84,Oudemolsedijk,2020-01-12,18:00:00,1,1,0,FMN GV 18 Kasterlee
84,Oudemolsedijk,2020-01-12,19:00:00,1,1,0,FMN GV 18 Kasterlee
84,Oudemolsedijk,2020-01-12,20:00:00,1,1,0,FMN GV 18 Kasterlee
84,Oudemolsedijk,2020-01-12,21:00:00,1,1,0,FMN GV 18 Kasterlee
84,Oudemolsedijk,2020-01-12,22:00:00,1,1,0,FMN GV 18 Kasterlee
84,Oudemolsedijk,2020-01-12,23:00:00,0,0,0,FMN GV 18 Kasterlee
84,Oudemolsedijk,2020-01-13,00:00:00,0,0,0,FMN GV 18 Kasterlee
84,Oudemolsedijk,2020-01-13,01:00:00,0,0,0,FMN GV 18 Kasterlee
84,Oudemolsedijk,2020-01-13,02:00:00,0,0,0,FMN GV 18 Kasterlee
84,Oudemolsedijk,2020-01-13,03:00:00,0,0,0,FMN GV 18 Kasterlee
84,Oudemolsedijk,2020-01-13,04:00:00,0,0,0,FMN GV 18 Kasterlee
84,Oudemolsedijk,2020-01-13,05:00:00,4,4,0,FMN GV 18 Kasterlee
84,Oudemolsedijk,2020-01-13,06:00:00,11,2,9,FMN GV 18 Kasterlee
84,Oudemolsedijk,2020-01-13,07:00:00,17,8,9,FMN GV 18 Kasterlee
84,Oudemolsedijk,2020-01-13,08:00:00,16,6,10,FMN GV 18 Kasterlee
84,Oudemolsedijk,2020-01-13,09:00:00,5,3,2,FMN GV 18 Kasterlee
84,Oudemolsedijk,2020-01-13,10:00:00,11,8,3,FMN GV 18 Kasterlee
84,Oudemolsedijk,2020-01-13,11:00:00,8,2,6,FMN GV 18 Kasterlee
84,Oudemolsedijk,2020-01-13,12:00:00,15,9,6,FMN GV 18 Kasterlee
84,Oudemolsedijk,2020-01-13,13:00:00,50,26,24,FMN GV 18 Kasterlee
84,Oudemolsedijk,2020-01-13,14:00:00,26,15,11,FMN GV 18 Kasterlee
84,Oudemolsedijk,2020-01-13,15:00:00,31,16,15,FMN GV 18 Kasterlee
84,Oudemolsedijk,2020-01-13,16:00:00,30,14,16,FMN GV 18 Kasterlee
84,Oudemolsedijk,2020-01-13,17:00:00,21,11,10,FMN GV 18 Kasterlee
84,Oudemolsedijk,2020-01-13,18:00:00,2,2,0,FMN GV 18 Kasterlee
84,Oudemolsedijk,2020-01-13,19:00:00,3,0,3,FMN GV 18 Kasterlee
84,Oudemolsedijk,2020-01-13,20:00:00,1,1,0,FMN GV 18 Kasterlee
84,Oudemolsedijk,2020-01-13,21:00:00,1,0,1,FMN GV 18 Kasterlee
84,Oudemolsedijk,2020-01-13,22:00:00,0,0,0,FMN GV 18 Kasterlee
84,Oudemolsedijk,2020-01-13,23:00:00,0,0,0,FMN GV 18 Kasterlee
84,Oudemolsedijk,2020-01-14,00:00:00,0,0,0,FMN GV 18 Kasterlee
84,Oudemolsedijk,2020-01-14,01:00:00,0,0,0,FMN GV 18 Kasterlee
84,Oudemolsedijk,2020-01-14,02:00:00,0,0,0,FMN GV 18 Kasterlee
84,Oudemolsedijk,2020-01-14,03:00:00,0,0,0,FMN GV 18 Kasterlee
84,Oudemolsedijk,2020-01-14,04:00:00,0,0,0,FMN GV 18 Kasterlee
84,Oudemolsedijk,2020-01-14,05:00:00,0,0,0,FMN GV 18 Kasterlee
84,Oudemolsedijk,2020-01-14,06:00:00,9,1,8,FMN GV 18 Kasterlee
84,Oudemolsedijk,2020-01-14,07:00:00,7,4,3,FMN GV 18 Kasterlee
84,Oudemolsedijk,2020-01-14,08:00:00,13,5,8,FMN GV 18 Kasterlee
84,Oudemolsedijk,2020-01-14,09:00:00,1,1,0,FMN GV 18 Kasterlee
84,Oudemolsedijk,2020-01-14,10:00:00,6,5,1,FMN GV 18 Kasterlee
84,Oudemolsedijk,2020-01-14,11:00:00,3,3,0,FMN GV 18 Kasterlee
84,Oudemolsedijk,2020-01-14,12:00:00,2,1,1,FMN GV 18 Kasterlee
84,Oudemolsedijk,2020-01-14,13:00:00,21,3,18,FMN GV 18 Kasterlee
84,Oudemolsedijk,2020-01-14,14:00:00,10,7,3,FMN GV 18 Kasterlee
84,Oudemolsedijk,2020-01-14,15:00:00,13,10,3,FMN GV 18 Kasterlee
84,Oudemolsedijk,2020-01-14,16:00:00,18,14,4,FMN GV 18 Kasterlee
84,Oudemolsedijk,2020-01-14,17:00:00,14,7,7,FMN GV 18 Kasterlee
84,Oudemolsedijk,2020-01-14,18:00:00,9,5,4,FMN GV 18 Kasterlee
84,Oudemolsedijk,2020-01-14,19:00:00,3,0,3,FMN GV 18 Kasterlee
84,Oudemolsedijk,2020-01-14,20:00:00,2,1,1,FMN GV 18 Kasterlee
84,Oudemolsedijk,2020-01-14,21:00:00,1,0,1,FMN GV 18 Kasterlee
84,Oudemolsedijk,2020-01-14,22:00:00,0,0,0,FMN GV 18 Kasterlee
84,Oudemolsedijk,2020-01-14,23:00:00,2,2,0,FMN GV 18 Kasterlee
84,Oudemolsedijk,2020-01-15,00:00:00,0,0,0,FMN GV 18 Kasterlee
84,Oudemolsedijk,2020-01-15,01:00:00,0,0,0,FMN GV 18 Kasterlee
84,Oudemolsedijk,2020-01-15,02:00:00,1,0,1,FMN GV 18 Kasterlee
84,Oudemolsedijk,2020-01-15,03:00:00,0,0,0,FMN GV 18 Kasterlee
84,Oudemolsedijk,2020-01-15,04:00:00,0,0,0,FMN GV 18 Kasterlee
84,Oudemolsedijk,2020-01-15,05:00:00,4,4,0,FMN GV 18 Kasterlee
84,Oudemolsedijk,2020-01-15,06:00:00,12,2,10,FMN GV 18 Kasterlee
84,Oudemolsedijk,2020-01-15,07:00:00,11,6,5,FMN GV 18 Kasterlee
84,Oudemolsedijk,2020-01-15,08:00:00,16,9,7,FMN GV 18 Kasterlee
84,Oudemolsedijk,2020-01-15,09:00:00,5,2,3,FMN GV 18 Kasterlee
84,Oudemolsedijk,2020-01-15,10:00:00,9,4,5,FMN GV 18 Kasterlee
84,Oudemolsedijk,2020-01-15,11:00:00,12,10,2,FMN GV 18 Kasterlee
84,Oudemolsedijk,2020-01-15,12:00:00,16,9,7,FMN GV 18 Kasterlee
84,Oudemolsedijk,2020-01-15,13:00:00,16,7,9,FMN GV 18 Kasterlee
84,Oudemolsedijk,2020-01-15,14:00:00,13,5,8,FMN GV 18 Kasterlee
84,Oudemolsedijk,2020-01-15,15:00:00,7,2,5,FMN GV 18 Kasterlee
84,Oudemolsedijk,2020-01-15,16:00:00,17,14,3,FMN GV 18 Kasterlee
84,Oudemolsedijk,2020-01-15,17:00:00,9,4,5,FMN GV 18 Kasterlee
84,Oudemolsedijk,2020-01-15,18:00:00,4,4,0,FMN GV 18 Kasterlee
84,Oudemolsedijk,2020-01-15,19:00:00,2,2,0,FMN GV 18 Kasterlee
84,Oudemolsedijk,2020-01-15,20:00:00,11,4,7,FMN GV 18 Kasterlee
84,Oudemolsedijk,2020-01-15,21:00:00,1,0,1,FMN GV 18 Kasterlee
84,Oudemolsedijk,2020-01-15,22:00:00,0,0,0,FMN GV 18 Kasterlee
84,Oudemolsedijk,2020-01-15,23:00:00,0,0,0,FMN GV 18 Kasterlee
84,Oudemolsedijk,2020-01-16,00:00:00,0,0,0,FMN GV 18 Kasterlee
84,Oudemolsedijk,2020-01-16,01:00:00,0,0,0,FMN GV 18 Kasterlee
84,Oudemolsedijk,2020-01-16,02:00:00,0,0,0,FMN GV 18 Kasterlee
84,Oudemolsedijk,2020-01-16,03:00:00,0,0,0,FMN GV 18 Kasterlee
84,Oudemolsedijk,2020-01-16,04:00:00,1,1,0,FMN GV 18 Kasterlee
84,Oudemolsedijk,2020-01-16,05:00:00,2,2,0,FMN GV 18 Kasterlee
84,Oudemolsedijk,2020-01-16,06:00:00,11,3,8,FMN GV 18 Kasterlee
84,Oudemolsedijk,2020-01-16,07:00:00,18,11,7,FMN GV 18 Kasterlee
84,Oudemolsedijk,2020-01-16,08:00:00,11,6,5,FMN GV 18 Kasterlee
84,Oudemolsedijk,2020-01-16,09:00:00,8,1,7,FMN GV 18 Kasterlee
84,Oudemolsedijk,2020-01-16,10:00:00,13,9,4,FMN GV 18 Kasterlee
84,Oudemolsedijk,2020-01-16,11:00:00,15,9,6,FMN GV 18 Kasterlee
84,Oudemolsedijk,2020-01-16,12:00:00,31,9,22,FMN GV 18 Kasterlee
84,Oudemolsedijk,2020-01-16,13:00:00,37,20,17,FMN GV 18 Kasterlee
84,Oudemolsedijk,2020-01-16,14:00:00,55,36,19,FMN GV 18 Kasterlee
84,Oudemolsedijk,2020-01-16,15:00:00,46,31,15,FMN GV 18 Kasterlee
84,Oudemolsedijk,2020-01-16,16:00:00,43,22,21,FMN GV 18 Kasterlee
84,Oudemolsedijk,2020-01-16,17:00:00,20,13,7,FMN GV 18 Kasterlee
84,Oudemolsedijk,2020-01-16,18:00:00,9,4,5,FMN GV 18 Kasterlee
84,Oudemolsedijk,2020-01-16,19:00:00,2,1,1,FMN GV 18 Kasterlee
84,Oudemolsedijk,2020-01-16,20:00:00,3,1,2,FMN GV 18 Kasterlee
84,Oudemolsedijk,2020-01-16,21:00:00,1,0,1,FMN GV 18 Kasterlee
84,Oudemolsedijk,2020-01-16,22:00:00,0,0,0,FMN GV 18 Kasterlee
84,Oudemolsedijk,2020-01-16,23:00:00,1,1,0,FMN GV 18 Kasterlee
84,Oudemolsedijk,2020-01-17,00:00:00,0,0,0,FMN GV 18 Kasterlee
84,Oudemolsedijk,2020-01-17,01:00:00,0,0,0,FMN GV 18 Kasterlee
84,Oudemolsedijk,2020-01-17,02:00:00,0,0,0,FMN GV 18 Kasterlee
84,Oudemolsedijk,2020-01-17,03:00:00,0,0,0,FMN GV 18 Kasterlee
84,Oudemolsedijk,2020-01-17,04:00:00,0,0,0,FMN GV 18 Kasterlee
84,Oudemolsedijk,2020-01-17,05:00:00,2,2,0,FMN GV 18 Kasterlee
84,Oudemolsedijk,2020-01-17,06:00:00,7,3,4,FMN GV 18 Kasterlee
84,Oudemolsedijk,2020-01-17,07:00:00,15,7,8,FMN GV 18 Kasterlee
84,Oudemolsedijk,2020-01-17,08:00:00,11,9,2,FMN GV 18 Kasterlee
84,Oudemolsedijk,2020-01-17,09:00:00,9,4,5,FMN GV 18 Kasterlee
84,Oudemolsedijk,2020-01-17,10:00:00,4,1,3,FMN GV 18 Kasterlee
84,Oudemolsedijk,2020-01-17,11:00:00,3,2,1,FMN GV 18 Kasterlee
84,Oudemolsedijk,2020-01-17,12:00:00,6,0,6,FMN GV 18 Kasterlee
84,Oudemolsedijk,2020-01-17,13:00:00,5,0,5,FMN GV 18 Kasterlee
84,Oudemolsedijk,2020-01-17,14:00:00,15,8,7,FMN GV 18 Kasterlee
84,Oudemolsedijk,2020-01-17,15:00:00,17,11,6,FMN GV 18 Kasterlee
84,Oudemolsedijk,2020-01-17,16:00:00,29,16,13,FMN GV 18 Kasterlee
84,Oudemolsedijk,2020-01-17,17:00:00,15,9,6,FMN GV 18 Kasterlee
84,Oudemolsedijk,2020-01-17,18:00:00,5,3,2,FMN GV 18 Kasterlee
84,Oudemolsedijk,2020-01-17,19:00:00,3,1,2,FMN GV 18 Kasterlee
84,Oudemolsedijk,2020-01-17,20:00:00,2,1,1,FMN GV 18 Kasterlee
84,Oudemolsedijk,2020-01-17,21:00:00,1,0,1,FMN GV 18 Kasterlee
84,Oudemolsedijk,2020-01-17,22:00:00,1,1,0,FMN GV 18 Kasterlee
84,Oudemolsedijk,2020-01-17,23:00:00,1,0,1,FMN GV 18 Kasterlee
84,Oudemolsedijk,2020-01-18,00:00:00,0,0,0,FMN GV 18 Kasterlee
84,Oudemolsedijk,2020-01-18,01:00:00,0,0,0,FMN GV 18 Kasterlee
84,Oudemolsedijk,2020-01-18,02:00:00,0,0,0,FMN GV 18 Kasterlee
84,Oudemolsedijk,2020-01-18,03:00:00,0,0,0,FMN GV 18 Kasterlee
84,Oudemolsedijk,2020-01-18,04:00:00,0,0,0,FMN GV 18 Kasterlee
84,Oudemolsedijk,2020-01-18,05:00:00,1,0,1,FMN GV 18 Kasterlee
84,Oudemolsedijk,2020-01-18,06:00:00,0,0,0,FMN GV 18 Kasterlee
84,Oudemolsedijk,2020-01-18,07:00:00,0,0,0,FMN GV 18 Kasterlee
84,Oudemolsedijk,2020-01-18,08:00:00,5,2,3,FMN GV 18 Kasterlee
84,Oudemolsedijk,2020-01-18,09:00:00,15,2,13,FMN GV 18 Kasterlee
84,Oudemolsedijk,2020-01-18,10:00:00,13,5,8,FMN GV 18 Kasterlee
84,Oudemolsedijk,2020-01-18,11:00:00,38,18,20,FMN GV 18 Kasterlee
84,Oudemolsedijk,2020-01-18,12:00:00,38,16,22,FMN GV 18 Kasterlee
84,Oudemolsedijk,2020-01-18,13:00:00,37,29,8,FMN GV 18 Kasterlee
84,Oudemolsedijk,2020-01-18,14:00:00,66,36,30,FMN GV 18 Kasterlee
84,Oudemolsedijk,2020-01-18,15:00:00,36,21,15,FMN GV 18 Kasterlee
84,Oudemolsedijk,2020-01-18,16:00:00,18,14,4,FMN GV 18 Kasterlee
84,Oudemolsedijk,2020-01-18,17:00:00,9,5,4,FMN GV 18 Kasterlee
84,Oudemolsedijk,2020-01-18,18:00:00,0,0,0,FMN GV 18 Kasterlee
84,Oudemolsedijk,2020-01-18,19:00:00,0,0,0,FMN GV 18 Kasterlee
84,Oudemolsedijk,2020-01-18,20:00:00,2,2,0,FMN GV 18 Kasterlee
84,Oudemolsedijk,2020-01-18,21:00:00,0,0,0,FMN GV 18 Kasterlee
84,Oudemolsedijk,2020-01-18,22:00:00,0,0,0,FMN GV 18 Kasterlee
84,Oudemolsedijk,2020-01-18,23:00:00,0,0,0,FMN GV 18 Kasterlee
84,Oudemolsedijk,2020-01-19,00:00:00,0,0,0,FMN GV 18 Kasterlee
84,Oudemolsedijk,2020-01-19,01:00:00,0,0,0,FMN GV 18 Kasterlee
84,Oudemolsedijk,2020-01-19,02:00:00,0,0,0,FMN GV 18 Kasterlee
84,Oudemolsedijk,2020-01-19,03:00:00,0,0,0,FMN GV 18 Kasterlee
84,Oudemolsedijk,2020-01-19,04:00:00,0,0,0,FMN GV 18 Kasterlee
84,Oudemolsedijk,2020-01-19,05:00:00,0,0,0,FMN GV 18 Kasterlee
84,Oudemolsedijk,2020-01-19,06:00:00,1,1,0,FMN GV 18 Kasterlee
84,Oudemolsedijk,2020-01-19,07:00:00,1,0,1,FMN GV 18 Kasterlee
84,Oudemolsedijk,2020-01-19,08:00:00,17,0,17,FMN GV 18 Kasterlee
84,Oudemolsedijk,2020-01-19,09:00:00,26,11,15,FMN GV 18 Kasterlee
84,Oudemolsedijk,2020-01-19,10:00:00,36,18,18,FMN GV 18 Kasterlee
84,Oudemolsedijk,2020-01-19,11:00:00,56,32,24,FMN GV 18 Kasterlee
84,Oudemolsedijk,2020-01-19,12:00:00,31,19,12,FMN GV 18 Kasterlee
84,Oudemolsedijk,2020-01-19,13:00:00,30,24,6,FMN GV 18 Kasterlee
84,Oudemolsedijk,2020-01-19,14:00:00,42,22,20,FMN GV 18 Kasterlee
84,Oudemolsedijk,2020-01-19,15:00:00,38,24,14,FMN GV 18 Kasterlee
84,Oudemolsedijk,2020-01-19,16:00:00,13,10,3,FMN GV 18 Kasterlee
84,Oudemolsedijk,2020-01-19,17:00:00,4,0,4,FMN GV 18 Kasterlee
84,Oudemolsedijk,2020-01-19,18:00:00,0,0,0,FMN GV 18 Kasterlee
84,Oudemolsedijk,2020-01-19,19:00:00,3,1,2,FMN GV 18 Kasterlee
84,Oudemolsedijk,2020-01-19,20:00:00,1,0,1,FMN GV 18 Kasterlee
84,Oudemolsedijk,2020-01-19,21:00:00,0,0,0,FMN GV 18 Kasterlee
84,Oudemolsedijk,2020-01-19,22:00:00,1,1,0,FMN GV 18 Kasterlee
84,Oudemolsedijk,2020-01-19,23:00:00,0,0,0,FMN GV 18 Kasterlee
84,Oudemolsedijk,2020-01-20,00:00:00,0,0,0,FMN GV 18 Kasterlee
84,Oudemolsedijk,2020-01-20,01:00:00,0,0,0,FMN GV 18 Kasterlee
84,Oudemolsedijk,2020-01-20,02:00:00,0,0,0,FMN GV 18 Kasterlee
84,Oudemolsedijk,2020-01-20,03:00:00,0,0,0,FMN GV 18 Kasterlee
84,Oudemolsedijk,2020-01-20,04:00:00,1,1,0,FMN GV 18 Kasterlee
84,Oudemolsedijk,2020-01-20,05:00:00,4,4,0,FMN GV 18 Kasterlee
84,Oudemolsedijk,2020-01-20,06:00:00,8,3,5,FMN GV 18 Kasterlee
84,Oudemolsedijk,2020-01-20,07:00:00,19,5,14,FMN GV 18 Kasterlee
84,Oudemolsedijk,2020-01-20,08:00:00,11,6,5,FMN GV 18 Kasterlee
84,Oudemolsedijk,2020-01-20,09:00:00,5,1,4,FMN GV 18 Kasterlee
84,Oudemolsedijk,2020-01-20,10:00:00,5,2,3,FMN GV 18 Kasterlee
84,Oudemolsedijk,2020-01-20,11:00:00,13,2,11,FMN GV 18 Kasterlee
84,Oudemolsedijk,2020-01-20,12:00:00,6,1,5,FMN GV 18 Kasterlee
84,Oudemolsedijk,2020-01-20,13:00:00,12,4,8,FMN GV 18 Kasterlee
84,Oudemolsedijk,2020-01-20,14:00:00,27,9,18,FMN GV 18 Kasterlee
84,Oudemolsedijk,2020-01-20,15:00:00,12,10,2,FMN GV 18 Kasterlee
84,Oudemolsedijk,2020-01-20,16:00:00,21,13,8,FMN GV 18 Kasterlee
84,Oudemolsedijk,2020-01-20,17:00:00,16,10,6,FMN GV 18 Kasterlee
84,Oudemolsedijk,2020-01-20,18:00:00,5,2,3,FMN GV 18 Kasterlee
84,Oudemolsedijk,2020-01-20,19:00:00,1,1,0,FMN GV 18 Kasterlee
84,Oudemolsedijk,2020-01-20,20:00:00,3,0,3,FMN GV 18 Kasterlee
84,Oudemolsedijk,2020-01-20,21:00:00,0,0,0,FMN GV 18 Kasterlee
84,Oudemolsedijk,2020-01-20,22:00:00,0,0,0,FMN GV 18 Kasterlee
84,Oudemolsedijk,2020-01-20,23:00:00,1,1,0,FMN GV 18 Kasterlee
84,Oudemolsedijk,2020-01-21,00:00:00,0,0,0,FMN GV 18 Kasterlee
84,Oudemolsedijk,2020-01-21,01:00:00,0,0,0,FMN GV 18 Kasterlee
84,Oudemolsedijk,2020-01-21,02:00:00,0,0,0,FMN GV 18 Kasterlee
84,Oudemolsedijk,2020-01-21,03:00:00,0,0,0,FMN GV 18 Kasterlee
84,Oudemolsedijk,2020-01-21,04:00:00,1,1,0,FMN GV 18 Kasterlee
84,Oudemolsedijk,2020-01-21,05:00:00,6,4,2,FMN GV 18 Kasterlee
84,Oudemolsedijk,2020-01-21,06:00:00,8,2,6,FMN GV 18 Kasterlee
84,Oudemolsedijk,2020-01-21,07:00:00,10,4,6,FMN GV 18 Kasterlee
84,Oudemolsedijk,2020-01-21,08:00:00,20,12,8,FMN GV 18 Kasterlee
84,Oudemolsedijk,2020-01-21,09:00:00,5,1,4,FMN GV 18 Kasterlee
84,Oudemolsedijk,2020-01-21,10:00:00,0,0,0,FMN GV 18 Kasterlee
84,Oudemolsedijk,2020-01-21,11:00:00,9,7,2,FMN GV 18 Kasterlee
84,Oudemolsedijk,2020-01-21,12:00:00,10,5,5,FMN GV 18 Kasterlee
84,Oudemolsedijk,2020-01-21,13:00:00,32,11,21,FMN GV 18 Kasterlee
84,Oudemolsedijk,2020-01-21,14:00:00,23,18,5,FMN GV 18 Kasterlee
84,Oudemolsedijk,2020-01-21,15:00:00,12,10,2,FMN GV 18 Kasterlee
84,Oudemolsedijk,2020-01-21,16:00:00,19,12,7,FMN GV 18 Kasterlee
84,Oudemolsedijk,2020-01-21,17:00:00,23,9,14,FMN GV 18 Kasterlee
84,Oudemolsedijk,2020-01-21,18:00:00,7,5,2,FMN GV 18 Kasterlee
84,Oudemolsedijk,2020-01-21,19:00:00,4,4,0,FMN GV 18 Kasterlee
84,Oudemolsedijk,2020-01-21,20:00:00,5,2,3,FMN GV 18 Kasterlee
84,Oudemolsedijk,2020-01-21,21:00:00,1,0,1,FMN GV 18 Kasterlee
84,Oudemolsedijk,2020-01-21,22:00:00,0,0,0,FMN GV 18 Kasterlee
84,Oudemolsedijk,2020-01-21,23:00:00,2,2,0,FMN GV 18 Kasterlee
84,Oudemolsedijk,2020-01-22,00:00:00,0,0,0,FMN GV 18 Kasterlee
84,Oudemolsedijk,2020-01-22,01:00:00,0,0,0,FMN GV 18 Kasterlee
84,Oudemolsedijk,2020-01-22,02:00:00,0,0,0,FMN GV 18 Kasterlee
84,Oudemolsedijk,2020-01-22,03:00:00,0,0,0,FMN GV 18 Kasterlee
84,Oudemolsedijk,2020-01-22,04:00:00,1,1,0,FMN GV 18 Kasterlee
84,Oudemolsedijk,2020-01-22,05:00:00,6,5,1,FMN GV 18 Kasterlee
84,Oudemolsedijk,2020-01-22,06:00:00,10,3,7,FMN GV 18 Kasterlee
84,Oudemolsedijk,2020-01-22,07:00:00,12,6,6,FMN GV 18 Kasterlee
84,Oudemolsedijk,2020-01-22,08:00:00,13,5,8,FMN GV 18 Kasterlee
84,Oudemolsedijk,2020-01-22,09:00:00,3,1,2,FMN GV 18 Kasterlee
84,Oudemolsedijk,2020-01-22,10:00:00,4,2,2,FMN GV 18 Kasterlee
84,Oudemolsedijk,2020-01-22,11:00:00,3,2,1,FMN GV 18 Kasterlee
84,Oudemolsedijk,2020-01-22,12:00:00,23,9,14,FMN GV 18 Kasterlee
84,Oudemolsedijk,2020-01-22,13:00:00,11,7,4,FMN GV 18 Kasterlee
84,Oudemolsedijk,2020-01-22,14:00:00,20,8,12,FMN GV 18 Kasterlee
84,Oudemolsedijk,2020-01-22,15:00:00,14,7,7,FMN GV 18 Kasterlee
84,Oudemolsedijk,2020-01-22,16:00:00,20,13,7,FMN GV 18 Kasterlee
84,Oudemolsedijk,2020-01-22,17:00:00,16,13,3,FMN GV 18 Kasterlee
84,Oudemolsedijk,2020-01-22,18:00:00,4,2,2,FMN GV 18 Kasterlee
84,Oudemolsedijk,2020-01-22,19:00:00,5,0,5,FMN GV 18 Kasterlee
84,Oudemolsedijk,2020-01-22,20:00:00,3,3,0,FMN GV 18 Kasterlee
84,Oudemolsedijk,2020-01-22,21:00:00,2,0,2,FMN GV 18 Kasterlee
84,Oudemolsedijk,2020-01-22,22:00:00,2,0,2,FMN GV 18 Kasterlee
84,Oudemolsedijk,2020-01-22,23:00:00,0,0,0,FMN GV 18 Kasterlee
84,Oudemolsedijk,2020-01-23,00:00:00,0,0,0,FMN GV 18 Kasterlee
84,Oudemolsedijk,2020-01-23,01:00:00,0,0,0,FMN GV 18 Kasterlee
84,Oudemolsedijk,2020-01-23,02:00:00,0,0,0,FMN GV 18 Kasterlee
84,Oudemolsedijk,2020-01-23,03:00:00,0,0,0,FMN GV 18 Kasterlee
84,Oudemolsedijk,2020-01-23,04:00:00,1,1,0,FMN GV 18 Kasterlee
84,Oudemolsedijk,2020-01-23,05:00:00,3,3,0,FMN GV 18 Kasterlee
84,Oudemolsedijk,2020-01-23,06:00:00,13,5,8,FMN GV 18 Kasterlee
84,Oudemolsedijk,2020-01-23,07:00:00,16,7,9,FMN GV 18 Kasterlee
84,Oudemolsedijk,2020-01-23,08:00:00,13,9,4,FMN GV 18 Kasterlee
84,Oudemolsedijk,2020-01-23,09:00:00,15,1,14,FMN GV 18 Kasterlee
84,Oudemolsedijk,2020-01-23,10:00:00,8,6,2,FMN GV 18 Kasterlee
84,Oudemolsedijk,2020-01-23,11:00:00,9,5,4,FMN GV 18 Kasterlee
84,Oudemolsedijk,2020-01-23,12:00:00,25,7,18,FMN GV 18 Kasterlee
84,Oudemolsedijk,2020-01-23,13:00:00,26,16,10,FMN GV 18 Kasterlee
84,Oudemolsedijk,2020-01-23,14:00:00,36,25,11,FMN GV 18 Kasterlee
84,Oudemolsedijk,2020-01-23,15:00:00,39,16,23,FMN GV 18 Kasterlee
84,Oudemolsedijk,2020-01-23,16:00:00,47,22,25,FMN GV 18 Kasterlee
84,Oudemolsedijk,2020-01-23,17:00:00,12,6,6,FMN GV 18 Kasterlee
84,Oudemolsedijk,2020-01-23,18:00:00,6,6,0,FMN GV 18 Kasterlee
84,Oudemolsedijk,2020-01-23,19:00:00,1,0,1,FMN GV 18 Kasterlee
84,Oudemolsedijk,2020-01-23,20:00:00,1,0,1,FMN GV 18 Kasterlee
84,Oudemolsedijk,2020-01-23,21:00:00,1,0,1,FMN GV 18 Kasterlee
84,Oudemolsedijk,2020-01-23,22:00:00,1,0,1,FMN GV 18 Kasterlee
84,Oudemolsedijk,2020-01-23,23:00:00,0,0,0,FMN GV 18 Kasterlee
84,Oudemolsedijk,2020-01-24,00:00:00,0,0,0,FMN GV 18 Kasterlee
84,Oudemolsedijk,2020-01-24,01:00:00,0,0,0,FMN GV 18 Kasterlee
84,Oudemolsedijk,2020-01-24,02:00:00,0,0,0,FMN GV 18 Kasterlee
84,Oudemolsedijk,2020-01-24,03:00:00,0,0,0,FMN GV 18 Kasterlee
84,Oudemolsedijk,2020-01-24,04:00:00,1,1,0,FMN GV 18 Kasterlee
84,Oudemolsedijk,2020-01-24,05:00:00,2,2,0,FMN GV 18 Kasterlee
84,Oudemolsedijk,2020-01-24,06:00:00,11,3,8,FMN GV 18 Kasterlee
84,Oudemolsedijk,2020-01-24,07:00:00,12,4,8,FMN GV 18 Kasterlee
84,Oudemolsedijk,2020-01-24,08:00:00,20,13,7,FMN GV 18 Kasterlee
84,Oudemolsedijk,2020-01-24,09:00:00,7,2,5,FMN GV 18 Kasterlee
84,Oudemolsedijk,2020-01-24,10:00:00,6,3,3,FMN GV 18 Kasterlee
84,Oudemolsedijk,2020-01-24,11:00:00,7,2,5,FMN GV 18 Kasterlee
84,Oudemolsedijk,2020-01-24,12:00:00,6,2,4,FMN GV 18 Kasterlee
84,Oudemolsedijk,2020-01-24,13:00:00,11,3,8,FMN GV 18 Kasterlee
84,Oudemolsedijk,2020-01-24,14:00:00,14,3,11,FMN GV 18 Kasterlee
84,Oudemolsedijk,2020-01-24,15:00:00,13,7,6,FMN GV 18 Kasterlee
84,Oudemolsedijk,2020-01-24,16:00:00,22,14,8,FMN GV 18 Kasterlee
84,Oudemolsedijk,2020-01-24,17:00:00,11,8,3,FMN GV 18 Kasterlee
84,Oudemolsedijk,2020-01-24,18:00:00,6,3,3,FMN GV 18 Kasterlee
84,Oudemolsedijk,2020-01-24,19:00:00,1,1,0,FMN GV 18 Kasterlee
84,Oudemolsedijk,2020-01-24,20:00:00,3,1,2,FMN GV 18 Kasterlee
84,Oudemolsedijk,2020-01-24,21:00:00,1,1,0,FMN GV 18 Kasterlee
84,Oudemolsedijk,2020-01-24,22:00:00,1,1,0,FMN GV 18 Kasterlee
84,Oudemolsedijk,2020-01-24,23:00:00,1,1,0,FMN GV 18 Kasterlee
84,Oudemolsedijk,2020-01-25,00:00:00,0,0,0,FMN GV 18 Kasterlee
84,Oudemolsedijk,2020-01-25,01:00:00,1,0,1,FMN GV 18 Kasterlee
84,Oudemolsedijk,2020-01-25,02:00:00,0,0,0,FMN GV 18 Kasterlee
84,Oudemolsedijk,2020-01-25,03:00:00,0,0,0,FMN GV 18 Kasterlee
84,Oudemolsedijk,2020-01-25,04:00:00,1,0,1,FMN GV 18 Kasterlee
84,Oudemolsedijk,2020-01-25,05:00:00,1,1,0,FMN GV 18 Kasterlee
84,Oudemolsedijk,2020-01-25,06:00:00,0,0,0,FMN GV 18 Kasterlee
84,Oudemolsedijk,2020-01-25,07:00:00,2,0,2,FMN GV 18 Kasterlee
84,Oudemolsedijk,2020-01-25,08:00:00,2,0,2,FMN GV 18 Kasterlee
84,Oudemolsedijk,2020-01-25,09:00:00,13,5,8,FMN GV 18 Kasterlee
84,Oudemolsedijk,2020-01-25,10:00:00,11,4,7,FMN GV 18 Kasterlee
84,Oudemolsedijk,2020-01-25,11:00:00,9,6,3,FMN GV 18 Kasterlee
84,Oudemolsedijk,2020-01-25,12:00:00,23,9,14,FMN GV 18 Kasterlee
84,Oudemolsedijk,2020-01-25,13:00:00,17,11,6,FMN GV 18 Kasterlee
84,Oudemolsedijk,2020-01-25,14:00:00,22,7,15,FMN GV 18 Kasterlee
84,Oudemolsedijk,2020-01-25,15:00:00,35,14,21,FMN GV 18 Kasterlee
84,Oudemolsedijk,2020-01-25,16:00:00,9,8,1,FMN GV 18 Kasterlee
84,Oudemolsedijk,2020-01-25,17:00:00,2,1,1,FMN GV 18 Kasterlee
84,Oudemolsedijk,2020-01-25,18:00:00,0,0,0,FMN GV 18 Kasterlee
84,Oudemolsedijk,2020-01-25,19:00:00,1,0,1,FMN GV 18 Kasterlee
84,Oudemolsedijk,2020-01-25,20:00:00,0,0,0,FMN GV 18 Kasterlee
84,Oudemolsedijk,2020-01-25,21:00:00,1,0,1,FMN GV 18 Kasterlee
84,Oudemolsedijk,2020-01-25,22:00:00,1,1,0,FMN GV 18 Kasterlee
84,Oudemolsedijk,2020-01-25,23:00:00,0,0,0,FMN GV 18 Kasterlee
84,Oudemolsedijk,2020-01-26,00:00:00,0,0,0,FMN GV 18 Kasterlee
84,Oudemolsedijk,2020-01-26,01:00:00,0,0,0,FMN GV 18 Kasterlee
84,Oudemolsedijk,2020-01-26,02:00:00,0,0,0,FMN GV 18 Kasterlee
84,Oudemolsedijk,2020-01-26,03:00:00,0,0,0,FMN GV 18 Kasterlee
84,Oudemolsedijk,2020-01-26,04:00:00,0,0,0,FMN GV 18 Kasterlee
84,Oudemolsedijk,2020-01-26,05:00:00,0,0,0,FMN GV 18 Kasterlee
84,Oudemolsedijk,2020-01-26,06:00:00,1,0,1,FMN GV 18 Kasterlee
84,Oudemolsedijk,2020-01-26,07:00:00,2,1,1,FMN GV 18 Kasterlee
84,Oudemolsedijk,2020-01-26,08:00:00,13,3,10,FMN GV 18 Kasterlee
84,Oudemolsedijk,2020-01-26,09:00:00,54,27,27,FMN GV 18 Kasterlee
84,Oudemolsedijk,2020-01-26,10:00:00,40,21,19,FMN GV 18 Kasterlee
84,Oudemolsedijk,2020-01-26,11:00:00,32,9,23,FMN GV 18 Kasterlee
84,Oudemolsedijk,2020-01-26,12:00:00,17,9,8,FMN GV 18 Kasterlee
84,Oudemolsedijk,2020-01-26,13:00:00,47,22,25,FMN GV 18 Kasterlee
84,Oudemolsedijk,2020-01-26,14:00:00,66,43,23,FMN GV 18 Kasterlee
84,Oudemolsedijk,2020-01-26,15:00:00,44,24,20,FMN GV 18 Kasterlee
84,Oudemolsedijk,2020-01-26,16:00:00,25,17,8,FMN GV 18 Kasterlee
84,Oudemolsedijk,2020-01-26,17:00:00,16,11,5,FMN GV 18 Kasterlee
84,Oudemolsedijk,2020-01-26,18:00:00,5,5,0,FMN GV 18 Kasterlee
84,Oudemolsedijk,2020-01-26,19:00:00,0,0,0,FMN GV 18 Kasterlee
84,Oudemolsedijk,2020-01-26,20:00:00,1,1,0,FMN GV 18 Kasterlee
84,Oudemolsedijk,2020-01-26,21:00:00,0,0,0,FMN GV 18 Kasterlee
84,Oudemolsedijk,2020-01-26,22:00:00,1,0,1,FMN GV 18 Kasterlee
84,Oudemolsedijk,2020-01-26,23:00:00,0,0,0,FMN GV 18 Kasterlee
84,Oudemolsedijk,2020-01-27,00:00:00,0,0,0,FMN GV 18 Kasterlee
84,Oudemolsedijk,2020-01-27,01:00:00,0,0,0,FMN GV 18 Kasterlee
84,Oudemolsedijk,2020-01-27,02:00:00,0,0,0,FMN GV 18 Kasterlee
84,Oudemolsedijk,2020-01-27,03:00:00,0,0,0,FMN GV 18 Kasterlee
84,Oudemolsedijk,2020-01-27,04:00:00,0,0,0,FMN GV 18 Kasterlee
84,Oudemolsedijk,2020-01-27,05:00:00,4,4,0,FMN GV 18 Kasterlee
84,Oudemolsedijk,2020-01-27,06:00:00,11,3,8,FMN GV 18 Kasterlee
84,Oudemolsedijk,2020-01-27,07:00:00,12,5,7,FMN GV 18 Kasterlee
84,Oudemolsedijk,2020-01-27,08:00:00,12,5,7,FMN GV 18 Kasterlee
84,Oudemolsedijk,2020-01-27,09:00:00,4,1,3,FMN GV 18 Kasterlee
84,Oudemolsedijk,2020-01-27,10:00:00,3,2,1,FMN GV 18 Kasterlee
84,Oudemolsedijk,2020-01-27,11:00:00,4,3,1,FMN GV 18 Kasterlee
84,Oudemolsedijk,2020-01-27,12:00:00,9,3,6,FMN GV 18 Kasterlee
84,Oudemolsedijk,2020-01-27,13:00:00,13,8,5,FMN GV 18 Kasterlee
84,Oudemolsedijk,2020-01-27,14:00:00,11,4,7,FMN GV 18 Kasterlee
84,Oudemolsedijk,2020-01-27,15:00:00,20,10,10,FMN GV 18 Kasterlee
84,Oudemolsedijk,2020-01-27,16:00:00,22,13,9,FMN GV 18 Kasterlee
84,Oudemolsedijk,2020-01-27,17:00:00,17,11,6,FMN GV 18 Kasterlee
84,Oudemolsedijk,2020-01-27,18:00:00,6,2,4,FMN GV 18 Kasterlee
84,Oudemolsedijk,2020-01-27,19:00:00,0,0,0,FMN GV 18 Kasterlee
84,Oudemolsedijk,2020-01-27,20:00:00,0,0,0,FMN GV 18 Kasterlee
84,Oudemolsedijk,2020-01-27,21:00:00,1,0,1,FMN GV 18 Kasterlee
84,Oudemolsedijk,2020-01-27,22:00:00,0,0,0,FMN GV 18 Kasterlee
84,Oudemolsedijk,2020-01-27,23:00:00,0,0,0,FMN GV 18 Kasterlee
84,Oudemolsedijk,2020-01-28,00:00:00,0,0,0,FMN GV 18 Kasterlee
84,Oudemolsedijk,2020-01-28,01:00:00,0,0,0,FMN GV 18 Kasterlee
84,Oudemolsedijk,2020-01-28,02:00:00,0,0,0,FMN GV 18 Kasterlee
84,Oudemolsedijk,2020-01-28,03:00:00,0,0,0,FMN GV 18 Kasterlee
84,Oudemolsedijk,2020-01-28,04:00:00,0,0,0,FMN GV 18 Kasterlee
84,Oudemolsedijk,2020-01-28,05:00:00,2,1,1,FMN GV 18 Kasterlee
84,Oudemolsedijk,2020-01-28,06:00:00,7,1,6,FMN GV 18 Kasterlee
84,Oudemolsedijk,2020-01-28,07:00:00,4,1,3,FMN GV 18 Kasterlee
84,Oudemolsedijk,2020-01-28,08:00:00,10,7,3,FMN GV 18 Kasterlee
84,Oudemolsedijk,2020-01-28,09:00:00,4,0,4,FMN GV 18 Kasterlee
84,Oudemolsedijk,2020-01-28,10:00:00,6,4,2,FMN GV 18 Kasterlee
84,Oudemolsedijk,2020-01-28,11:00:00,2,0,2,FMN GV 18 Kasterlee
84,Oudemolsedijk,2020-01-28,12:00:00,6,5,1,FMN GV 18 Kasterlee
84,Oudemolsedijk,2020-01-28,13:00:00,4,2,2,FMN GV 18 Kasterlee
84,Oudemolsedijk,2020-01-28,14:00:00,8,2,6,FMN GV 18 Kasterlee
84,Oudemolsedijk,2020-01-28,15:00:00,9,9,0,FMN GV 18 Kasterlee
84,Oudemolsedijk,2020-01-28,16:00:00,13,8,5,FMN GV 18 Kasterlee
84,Oudemolsedijk,2020-01-28,17:00:00,11,7,4,FMN GV 18 Kasterlee
84,Oudemolsedijk,2020-01-28,18:00:00,5,1,4,FMN GV 18 Kasterlee
84,Oudemolsedijk,2020-01-28,19:00:00,0,0,0,FMN GV 18 Kasterlee
84,Oudemolsedijk,2020-01-28,20:00:00,1,0,1,FMN GV 18 Kasterlee
84,Oudemolsedijk,2020-01-28,21:00:00,1,0,1,FMN GV 18 Kasterlee
84,Oudemolsedijk,2020-01-28,22:00:00,2,0,2,FMN GV 18 Kasterlee
84,Oudemolsedijk,2020-01-28,23:00:00,1,1,0,FMN GV 18 Kasterlee
84,Oudemolsedijk,2020-01-29,00:00:00,0,0,0,FMN GV 18 Kasterlee
84,Oudemolsedijk,2020-01-29,01:00:00,0,0,0,FMN GV 18 Kasterlee
84,Oudemolsedijk,2020-01-29,02:00:00,0,0,0,FMN GV 18 Kasterlee
84,Oudemolsedijk,2020-01-29,03:00:00,0,0,0,FMN GV 18 Kasterlee
84,Oudemolsedijk,2020-01-29,04:00:00,1,1,0,FMN GV 18 Kasterlee
84,Oudemolsedijk,2020-01-29,05:00:00,4,3,1,FMN GV 18 Kasterlee
84,Oudemolsedijk,2020-01-29,06:00:00,13,6,7,FMN GV 18 Kasterlee
84,Oudemolsedijk,2020-01-29,07:00:00,15,8,7,FMN GV 18 Kasterlee
84,Oudemolsedijk,2020-01-29,08:00:00,20,11,9,FMN GV 18 Kasterlee
84,Oudemolsedijk,2020-01-29,09:00:00,8,4,4,FMN GV 18 Kasterlee
84,Oudemolsedijk,2020-01-29,10:00:00,11,6,5,FMN GV 18 Kasterlee
84,Oudemolsedijk,2020-01-29,11:00:00,8,6,2,FMN GV 18 Kasterlee
84,Oudemolsedijk,2020-01-29,12:00:00,14,7,7,FMN GV 18 Kasterlee
84,Oudemolsedijk,2020-01-29,13:00:00,11,6,5,FMN GV 18 Kasterlee
84,Oudemolsedijk,2020-01-29,14:00:00,25,9,16,FMN GV 18 Kasterlee
84,Oudemolsedijk,2020-01-29,15:00:00,12,8,4,FMN GV 18 Kasterlee
84,Oudemolsedijk,2020-01-29,16:00:00,27,16,11,FMN GV 18 Kasterlee
84,Oudemolsedijk,2020-01-29,17:00:00,15,8,7,FMN GV 18 Kasterlee
84,Oudemolsedijk,2020-01-29,18:00:00,4,4,0,FMN GV 18 Kasterlee
84,Oudemolsedijk,2020-01-29,19:00:00,16,13,3,FMN GV 18 Kasterlee
84,Oudemolsedijk,2020-01-29,20:00:00,16,9,7,FMN GV 18 Kasterlee
84,Oudemolsedijk,2020-01-29,21:00:00,2,1,1,FMN GV 18 Kasterlee
84,Oudemolsedijk,2020-01-29,22:00:00,1,1,0,FMN GV 18 Kasterlee
84,Oudemolsedijk,2020-01-29,23:00:00,0,0,0,FMN GV 18 Kasterlee
84,Oudemolsedijk,2020-01-30,00:00:00,0,0,0,FMN GV 18 Kasterlee
84,Oudemolsedijk,2020-01-30,01:00:00,0,0,0,FMN GV 18 Kasterlee
84,Oudemolsedijk,2020-01-30,02:00:00,0,0,0,FMN GV 18 Kasterlee
84,Oudemolsedijk,2020-01-30,03:00:00,0,0,0,FMN GV 18 Kasterlee
84,Oudemolsedijk,2020-01-30,04:00:00,1,1,0,FMN GV 18 Kasterlee
84,Oudemolsedijk,2020-01-30,05:00:00,4,4,0,FMN GV 18 Kasterlee
84,Oudemolsedijk,2020-01-30,06:00:00,12,5,7,FMN GV 18 Kasterlee
84,Oudemolsedijk,2020-01-30,07:00:00,16,6,10,FMN GV 18 Kasterlee
84,Oudemolsedijk,2020-01-30,08:00:00,12,8,4,FMN GV 18 Kasterlee
84,Oudemolsedijk,2020-01-30,09:00:00,8,2,6,FMN GV 18 Kasterlee
84,Oudemolsedijk,2020-01-30,10:00:00,7,5,2,FMN GV 18 Kasterlee
84,Oudemolsedijk,2020-01-30,11:00:00,9,4,5,FMN GV 18 Kasterlee
84,Oudemolsedijk,2020-01-30,12:00:00,16,7,9,FMN GV 18 Kasterlee
84,Oudemolsedijk,2020-01-30,13:00:00,18,13,5,FMN GV 18 Kasterlee
84,Oudemolsedijk,2020-01-30,14:00:00,11,3,8,FMN GV 18 Kasterlee
84,Oudemolsedijk,2020-01-30,15:00:00,19,14,5,FMN GV 18 Kasterlee
84,Oudemolsedijk,2020-01-30,16:00:00,25,18,7,FMN GV 18 Kasterlee
84,Oudemolsedijk,2020-01-30,17:00:00,18,8,10,FMN GV 18 Kasterlee
84,Oudemolsedijk,2020-01-30,18:00:00,5,2,3,FMN GV 18 Kasterlee
84,Oudemolsedijk,2020-01-30,19:00:00,0,0,0,FMN GV 18 Kasterlee
84,Oudemolsedijk,2020-01-30,20:00:00,1,0,1,FMN GV 18 Kasterlee
84,Oudemolsedijk,2020-01-30,21:00:00,2,1,1,FMN GV 18 Kasterlee
84,Oudemolsedijk,2020-01-30,22:00:00,0,0,0,FMN GV 18 Kasterlee
84,Oudemolsedijk,2020-01-30,23:00:00,0,0,0,FMN GV 18 Kasterlee
84,Oudemolsedijk,2020-01-31,00:00:00,1,1,0,FMN GV 18 Kasterlee
84,Oudemolsedijk,2020-01-31,01:00:00,0,0,0,FMN GV 18 Kasterlee
84,Oudemolsedijk,2020-01-31,02:00:00,0,0,0,FMN GV 18 Kasterlee
84,Oudemolsedijk,2020-01-31,03:00:00,0,0,0,FMN GV 18 Kasterlee
84,Oudemolsedijk,2020-01-31,04:00:00,1,1,0,FMN GV 18 Kasterlee
84,Oudemolsedijk,2020-01-31,05:00:00,3,3,0,FMN GV 18 Kasterlee
84,Oudemolsedijk,2020-01-31,06:00:00,6,2,4,FMN GV 18 Kasterlee
84,Oudemolsedijk,2020-01-31,07:00:00,14,7,7,FMN GV 18 Kasterlee
84,Oudemolsedijk,2020-01-31,08:00:00,15,7,8,FMN GV 18 Kasterlee
84,Oudemolsedijk,2020-01-31,09:00:00,8,3,5,FMN GV 18 Kasterlee
84,Oudemolsedijk,2020-01-31,10:00:00,11,6,5,FMN GV 18 Kasterlee
84,Oudemolsedijk,2020-01-31,11:00:00,9,4,5,FMN GV 18 Kasterlee
84,Oudemolsedijk,2020-01-31,12:00:00,8,5,3,FMN GV 18 Kasterlee
84,Oudemolsedijk,2020-01-31,13:00:00,17,7,10,FMN GV 18 Kasterlee
84,Oudemolsedijk,2020-01-31,14:00:00,17,9,8,FMN GV 18 Kasterlee
84,Oudemolsedijk,2020-01-31,15:00:00,30,17,13,FMN GV 18 Kasterlee
84,Oudemolsedijk,2020-01-31,16:00:00,25,11,14,FMN GV 18 Kasterlee
84,Oudemolsedijk,2020-01-31,17:00:00,11,8,3,FMN GV 18 Kasterlee
84,Oudemolsedijk,2020-01-31,18:00:00,2,1,1,FMN GV 18 Kasterlee
84,Oudemolsedijk,2020-01-31,19:00:00,1,0,1,FMN GV 18 Kasterlee
84,Oudemolsedijk,2020-01-31,20:00:00,2,1,1,FMN GV 18 Kasterlee
84,Oudemolsedijk,2020-01-31,21:00:00,0,0,0,FMN GV 18 Kasterlee
84,Oudemolsedijk,2020-01-31,22:00:00,0,0,0,FMN GV 18 Kasterlee
84,Oudemolsedijk,2020-01-31,23:00:00,1,1,0,FMN GV 18 Kasterlee
84,Oudemolsedijk,2020-02-01,00:00:00,1,1,0,FMN GV 18 Kasterlee
84,Oudemolsedijk,2020-02-01,01:00:00,1,0,1,FMN GV 18 Kasterlee
84,Oudemolsedijk,2020-02-01,02:00:00,0,0,0,FMN GV 18 Kasterlee
84,Oudemolsedijk,2020-02-01,03:00:00,0,0,0,FMN GV 18 Kasterlee
84,Oudemolsedijk,2020-02-01,04:00:00,0,0,0,FMN GV 18 Kasterlee
84,Oudemolsedijk,2020-02-01,05:00:00,0,0,0,FMN GV 18 Kasterlee
84,Oudemolsedijk,2020-02-01,06:00:00,1,1,0,FMN GV 18 Kasterlee
84,Oudemolsedijk,2020-02-01,07:00:00,0,0,0,FMN GV 18 Kasterlee
84,Oudemolsedijk,2020-02-01,08:00:00,1,0,1,FMN GV 18 Kasterlee
84,Oudemolsedijk,2020-02-01,09:00:00,2,1,1,FMN GV 18 Kasterlee
84,Oudemolsedijk,2020-02-01,10:00:00,5,2,3,FMN GV 18 Kasterlee
84,Oudemolsedijk,2020-02-01,11:00:00,2,0,2,FMN GV 18 Kasterlee
84,Oudemolsedijk,2020-02-01,12:00:00,20,7,13,FMN GV 18 Kasterlee
84,Oudemolsedijk,2020-02-01,13:00:00,34,9,25,FMN GV 18 Kasterlee
84,Oudemolsedijk,2020-02-01,14:00:00,29,20,9,FMN GV 18 Kasterlee
84,Oudemolsedijk,2020-02-01,15:00:00,22,4,18,FMN GV 18 Kasterlee
84,Oudemolsedijk,2020-02-01,16:00:00,13,9,4,FMN GV 18 Kasterlee
84,Oudemolsedijk,2020-02-01,17:00:00,9,6,3,FMN GV 18 Kasterlee
84,Oudemolsedijk,2020-02-01,18:00:00,2,1,1,FMN GV 18 Kasterlee
84,Oudemolsedijk,2020-02-01,19:00:00,1,0,1,FMN GV 18 Kasterlee
84,Oudemolsedijk,2020-02-01,20:00:00,1,0,1,FMN GV 18 Kasterlee
84,Oudemolsedijk,2020-02-01,21:00:00,0,0,0,FMN GV 18 Kasterlee
84,Oudemolsedijk,2020-02-01,22:00:00,1,1,0,FMN GV 18 Kasterlee
84,Oudemolsedijk,2020-02-01,23:00:00,0,0,0,FMN GV 18 Kasterlee
84,Oudemolsedijk,2020-02-02,00:00:00,2,0,2,FMN GV 18 Kasterlee
84,Oudemolsedijk,2020-02-02,01:00:00,0,0,0,FMN GV 18 Kasterlee
84,Oudemolsedijk,2020-02-02,02:00:00,0,0,0,FMN GV 18 Kasterlee
84,Oudemolsedijk,2020-02-02,03:00:00,0,0,0,FMN GV 18 Kasterlee
84,Oudemolsedijk,2020-02-02,04:00:00,0,0,0,FMN GV 18 Kasterlee
84,Oudemolsedijk,2020-02-02,05:00:00,0,0,0,FMN GV 18 Kasterlee
84,Oudemolsedijk,2020-02-02,06:00:00,0,0,0,FMN GV 18 Kasterlee
84,Oudemolsedijk,2020-02-02,07:00:00,2,1,1,FMN GV 18 Kasterlee
84,Oudemolsedijk,2020-02-02,08:00:00,6,2,4,FMN GV 18 Kasterlee
84,Oudemolsedijk,2020-02-02,09:00:00,9,3,6,FMN GV 18 Kasterlee
84,Oudemolsedijk,2020-02-02,10:00:00,4,3,1,FMN GV 18 Kasterlee
84,Oudemolsedijk,2020-02-02,11:00:00,3,2,1,FMN GV 18 Kasterlee
84,Oudemolsedijk,2020-02-02,12:00:00,4,2,2,FMN GV 18 Kasterlee
84,Oudemolsedijk,2020-02-02,13:00:00,24,14,10,FMN GV 18 Kasterlee
84,Oudemolsedijk,2020-02-02,14:00:00,9,5,4,FMN GV 18 Kasterlee
84,Oudemolsedijk,2020-02-02,15:00:00,6,3,3,FMN GV 18 Kasterlee
84,Oudemolsedijk,2020-02-02,16:00:00,6,2,4,FMN GV 18 Kasterlee
84,Oudemolsedijk,2020-02-02,17:00:00,4,2,2,FMN GV 18 Kasterlee
84,Oudemolsedijk,2020-02-02,18:00:00,2,2,0,FMN GV 18 Kasterlee
84,Oudemolsedijk,2020-02-02,19:00:00,0,0,0,FMN GV 18 Kasterlee
84,Oudemolsedijk,2020-02-02,20:00:00,1,0,1,FMN GV 18 Kasterlee
84,Oudemolsedijk,2020-02-02,21:00:00,0,0,0,FMN GV 18 Kasterlee
84,Oudemolsedijk,2020-02-02,22:00:00,0,0,0,FMN GV 18 Kasterlee
84,Oudemolsedijk,2020-02-02,23:00:00,0,0,0,FMN GV 18 Kasterlee
84,Oudemolsedijk,2020-02-03,00:00:00,0,0,0,FMN GV 18 Kasterlee
84,Oudemolsedijk,2020-02-03,01:00:00,0,0,0,FMN GV 18 Kasterlee
84,Oudemolsedijk,2020-02-03,02:00:00,0,0,0,FMN GV 18 Kasterlee
84,Oudemolsedijk,2020-02-03,03:00:00,0,0,0,FMN GV 18 Kasterlee
84,Oudemolsedijk,2020-02-03,04:00:00,1,1,0,FMN GV 18 Kasterlee
84,Oudemolsedijk,2020-02-03,05:00:00,3,2,1,FMN GV 18 Kasterlee
84,Oudemolsedijk,2020-02-03,06:00:00,10,3,7,FMN GV 18 Kasterlee
84,Oudemolsedijk,2020-02-03,07:00:00,11,4,7,FMN GV 18 Kasterlee
84,Oudemolsedijk,2020-02-03,08:00:00,10,7,3,FMN GV 18 Kasterlee
84,Oudemolsedijk,2020-02-03,09:00:00,6,2,4,FMN GV 18 Kasterlee
84,Oudemolsedijk,2020-02-03,10:00:00,12,8,4,FMN GV 18 Kasterlee
84,Oudemolsedijk,2020-02-03,11:00:00,7,7,0,FMN GV 18 Kasterlee
84,Oudemolsedijk,2020-02-03,12:00:00,4,4,0,FMN GV 18 Kasterlee
84,Oudemolsedijk,2020-02-03,13:00:00,14,8,6,FMN GV 18 Kasterlee
84,Oudemolsedijk,2020-02-03,14:00:00,19,10,9,FMN GV 18 Kasterlee
84,Oudemolsedijk,2020-02-03,15:00:00,17,11,6,FMN GV 18 Kasterlee
84,Oudemolsedijk,2020-02-03,16:00:00,25,13,12,FMN GV 18 Kasterlee
84,Oudemolsedijk,2020-02-03,17:00:00,15,8,7,FMN GV 18 Kasterlee
84,Oudemolsedijk,2020-02-03,18:00:00,7,3,4,FMN GV 18 Kasterlee
84,Oudemolsedijk,2020-02-03,19:00:00,3,0,3,FMN GV 18 Kasterlee
84,Oudemolsedijk,2020-02-03,20:00:00,2,0,2,FMN GV 18 Kasterlee
84,Oudemolsedijk,2020-02-03,21:00:00,0,0,0,FMN GV 18 Kasterlee
84,Oudemolsedijk,2020-02-03,22:00:00,0,0,0,FMN GV 18 Kasterlee
84,Oudemolsedijk,2020-02-03,23:00:00,0,0,0,FMN GV 18 Kasterlee
84,Oudemolsedijk,2020-02-04,00:00:00,0,0,0,FMN GV 18 Kasterlee
84,Oudemolsedijk,2020-02-04,01:00:00,0,0,0,FMN GV 18 Kasterlee
84,Oudemolsedijk,2020-02-04,02:00:00,0,0,0,FMN GV 18 Kasterlee
84,Oudemolsedijk,2020-02-04,03:00:00,0,0,0,FMN GV 18 Kasterlee
84,Oudemolsedijk,2020-02-04,04:00:00,1,1,0,FMN GV 18 Kasterlee
84,Oudemolsedijk,2020-02-04,05:00:00,4,4,0,FMN GV 18 Kasterlee
84,Oudemolsedijk,2020-02-04,06:00:00,9,2,7,FMN GV 18 Kasterlee
84,Oudemolsedijk,2020-02-04,07:00:00,10,3,7,FMN GV 18 Kasterlee
84,Oudemolsedijk,2020-02-04,08:00:00,12,7,5,FMN GV 18 Kasterlee
84,Oudemolsedijk,2020-02-04,09:00:00,0,0,0,FMN GV 18 Kasterlee
84,Oudemolsedijk,2020-02-04,10:00:00,4,1,3,FMN GV 18 Kasterlee
84,Oudemolsedijk,2020-02-04,11:00:00,3,1,2,FMN GV 18 Kasterlee
84,Oudemolsedijk,2020-02-04,12:00:00,4,2,2,FMN GV 18 Kasterlee
84,Oudemolsedijk,2020-02-04,13:00:00,9,8,1,FMN GV 18 Kasterlee
84,Oudemolsedijk,2020-02-04,14:00:00,7,0,7,FMN GV 18 Kasterlee
84,Oudemolsedijk,2020-02-04,15:00:00,7,6,1,FMN GV 18 Kasterlee
84,Oudemolsedijk,2020-02-04,16:00:00,14,10,4,FMN GV 18 Kasterlee
84,Oudemolsedijk,2020-02-04,17:00:00,11,5,6,FMN GV 18 Kasterlee
84,Oudemolsedijk,2020-02-04,18:00:00,6,4,2,FMN GV 18 Kasterlee
84,Oudemolsedijk,2020-02-04,19:00:00,1,1,0,FMN GV 18 Kasterlee
84,Oudemolsedijk,2020-02-04,20:00:00,2,1,1,FMN GV 18 Kasterlee
84,Oudemolsedijk,2020-02-04,21:00:00,0,0,0,FMN GV 18 Kasterlee
84,Oudemolsedijk,2020-02-04,22:00:00,1,0,1,FMN GV 18 Kasterlee
84,Oudemolsedijk,2020-02-04,23:00:00,1,1,0,FMN GV 18 Kasterlee
84,Oudemolsedijk,2020-02-05,00:00:00,0,0,0,FMN GV 18 Kasterlee
84,Oudemolsedijk,2020-02-05,01:00:00,0,0,0,FMN GV 18 Kasterlee
84,Oudemolsedijk,2020-02-05,02:00:00,1,0,1,FMN GV 18 Kasterlee
84,Oudemolsedijk,2020-02-05,03:00:00,0,0,0,FMN GV 18 Kasterlee
84,Oudemolsedijk,2020-02-05,04:00:00,1,1,0,FMN GV 18 Kasterlee
84,Oudemolsedijk,2020-02-05,05:00:00,4,4,0,FMN GV 18 Kasterlee
84,Oudemolsedijk,2020-02-05,06:00:00,12,6,6,FMN GV 18 Kasterlee
84,Oudemolsedijk,2020-02-05,07:00:00,19,7,12,FMN GV 18 Kasterlee
84,Oudemolsedijk,2020-02-05,08:00:00,18,8,10,FMN GV 18 Kasterlee
84,Oudemolsedijk,2020-02-05,09:00:00,17,4,13,FMN GV 18 Kasterlee
84,Oudemolsedijk,2020-02-05,10:00:00,9,6,3,FMN GV 18 Kasterlee
84,Oudemolsedijk,2020-02-05,11:00:00,10,8,2,FMN GV 18 Kasterlee
84,Oudemolsedijk,2020-02-05,12:00:00,18,7,11,FMN GV 18 Kasterlee
84,Oudemolsedijk,2020-02-05,13:00:00,60,34,26,FMN GV 18 Kasterlee
84,Oudemolsedijk,2020-02-05,14:00:00,41,20,21,FMN GV 18 Kasterlee
84,Oudemolsedijk,2020-02-05,15:00:00,50,22,28,FMN GV 18 Kasterlee
84,Oudemolsedijk,2020-02-05,16:00:00,34,21,13,FMN GV 18 Kasterlee
84,Oudemolsedijk,2020-02-05,17:00:00,18,9,9,FMN GV 18 Kasterlee
84,Oudemolsedijk,2020-02-05,18:00:00,10,6,4,FMN GV 18 Kasterlee
84,Oudemolsedijk,2020-02-05,19:00:00,18,14,4,FMN GV 18 Kasterlee
84,Oudemolsedijk,2020-02-05,20:00:00,10,1,9,FMN GV 18 Kasterlee
84,Oudemolsedijk,2020-02-05,21:00:00,2,2,0,FMN GV 18 Kasterlee
84,Oudemolsedijk,2020-02-05,22:00:00,2,0,2,FMN GV 18 Kasterlee
84,Oudemolsedijk,2020-02-05,23:00:00,0,0,0,FMN GV 18 Kasterlee
84,Oudemolsedijk,2020-02-06,00:00:00,0,0,0,FMN GV 18 Kasterlee
84,Oudemolsedijk,2020-02-06,01:00:00,0,0,0,FMN GV 18 Kasterlee
84,Oudemolsedijk,2020-02-06,02:00:00,0,0,0,FMN GV 18 Kasterlee
84,Oudemolsedijk,2020-02-06,03:00:00,0,0,0,FMN GV 18 Kasterlee
84,Oudemolsedijk,2020-02-06,04:00:00,1,1,0,FMN GV 18 Kasterlee
84,Oudemolsedijk,2020-02-06,05:00:00,3,3,0,FMN GV 18 Kasterlee
84,Oudemolsedijk,2020-02-06,06:00:00,11,3,8,FMN GV 18 Kasterlee
84,Oudemolsedijk,2020-02-06,07:00:00,20,8,12,FMN GV 18 Kasterlee
84,Oudemolsedijk,2020-02-06,08:00:00,18,10,8,FMN GV 18 Kasterlee
84,Oudemolsedijk,2020-02-06,09:00:00,12,6,6,FMN GV 18 Kasterlee
84,Oudemolsedijk,2020-02-06,10:00:00,10,3,7,FMN GV 18 Kasterlee
84,Oudemolsedijk,2020-02-06,11:00:00,16,8,8,FMN GV 18 Kasterlee
84,Oudemolsedijk,2020-02-06,12:00:00,38,22,16,FMN GV 18 Kasterlee
84,Oudemolsedijk,2020-02-06,13:00:00,24,11,13,FMN GV 18 Kasterlee
84,Oudemolsedijk,2020-02-06,14:00:00,37,13,24,FMN GV 18 Kasterlee
84,Oudemolsedijk,2020-02-06,15:00:00,29,14,15,FMN GV 18 Kasterlee
84,Oudemolsedijk,2020-02-06,16:00:00,45,27,18,FMN GV 18 Kasterlee
84,Oudemolsedijk,2020-02-06,17:00:00,27,16,11,FMN GV 18 Kasterlee
84,Oudemolsedijk,2020-02-06,18:00:00,7,5,2,FMN GV 18 Kasterlee
84,Oudemolsedijk,2020-02-06,19:00:00,5,2,3,FMN GV 18 Kasterlee
84,Oudemolsedijk,2020-02-06,20:00:00,3,2,1,FMN GV 18 Kasterlee
84,Oudemolsedijk,2020-02-06,21:00:00,0,0,0,FMN GV 18 Kasterlee
84,Oudemolsedijk,2020-02-06,22:00:00,1,1,0,FMN GV 18 Kasterlee
84,Oudemolsedijk,2020-02-06,23:00:00,0,0,0,FMN GV 18 Kasterlee
84,Oudemolsedijk,2020-02-07,00:00:00,0,0,0,FMN GV 18 Kasterlee
84,Oudemolsedijk,2020-02-07,01:00:00,0,0,0,FMN GV 18 Kasterlee
84,Oudemolsedijk,2020-02-07,02:00:00,0,0,0,FMN GV 18 Kasterlee
84,Oudemolsedijk,2020-02-07,03:00:00,0,0,0,FMN GV 18 Kasterlee
84,Oudemolsedijk,2020-02-07,04:00:00,1,1,0,FMN GV 18 Kasterlee
84,Oudemolsedijk,2020-02-07,05:00:00,4,4,0,FMN GV 18 Kasterlee
84,Oudemolsedijk,2020-02-07,06:00:00,14,4,10,FMN GV 18 Kasterlee
84,Oudemolsedijk,2020-02-07,07:00:00,15,7,8,FMN GV 18 Kasterlee
84,Oudemolsedijk,2020-02-07,08:00:00,17,12,5,FMN GV 18 Kasterlee
84,Oudemolsedijk,2020-02-07,09:00:00,5,3,2,FMN GV 18 Kasterlee
84,Oudemolsedijk,2020-02-07,10:00:00,9,5,4,FMN GV 18 Kasterlee
84,Oudemolsedijk,2020-02-07,11:00:00,11,5,6,FMN GV 18 Kasterlee
84,Oudemolsedijk,2020-02-07,12:00:00,19,6,13,FMN GV 18 Kasterlee
84,Oudemolsedijk,2020-02-07,13:00:00,41,22,19,FMN GV 18 Kasterlee
84,Oudemolsedijk,2020-02-07,14:00:00,70,44,26,FMN GV 18 Kasterlee
84,Oudemolsedijk,2020-02-07,15:00:00,71,44,27,FMN GV 18 Kasterlee
84,Oudemolsedijk,2020-02-07,16:00:00,32,15,17,FMN GV 18 Kasterlee
84,Oudemolsedijk,2020-02-07,17:00:00,28,15,13,FMN GV 18 Kasterlee
84,Oudemolsedijk,2020-02-07,18:00:00,8,1,7,FMN GV 18 Kasterlee
84,Oudemolsedijk,2020-02-07,19:00:00,2,2,0,FMN GV 18 Kasterlee
84,Oudemolsedijk,2020-02-07,20:00:00,1,1,0,FMN GV 18 Kasterlee
84,Oudemolsedijk,2020-02-07,21:00:00,4,1,3,FMN GV 18 Kasterlee
84,Oudemolsedijk,2020-02-07,22:00:00,3,2,1,FMN GV 18 Kasterlee
84,Oudemolsedijk,2020-02-07,23:00:00,9,9,0,FMN GV 18 Kasterlee
84,Oudemolsedijk,2020-02-08,00:00:00,2,1,1,FMN GV 18 Kasterlee
84,Oudemolsedijk,2020-02-08,01:00:00,0,0,0,FMN GV 18 Kasterlee
84,Oudemolsedijk,2020-02-08,02:00:00,1,1,0,FMN GV 18 Kasterlee
84,Oudemolsedijk,2020-02-08,03:00:00,2,0,2,FMN GV 18 Kasterlee
84,Oudemolsedijk,2020-02-08,04:00:00,2,1,1,FMN GV 18 Kasterlee
84,Oudemolsedijk,2020-02-08,05:00:00,1,1,0,FMN GV 18 Kasterlee
84,Oudemolsedijk,2020-02-08,06:00:00,0,0,0,FMN GV 18 Kasterlee
84,Oudemolsedijk,2020-02-08,07:00:00,2,1,1,FMN GV 18 Kasterlee
84,Oudemolsedijk,2020-02-08,08:00:00,12,1,11,FMN GV 18 Kasterlee
84,Oudemolsedijk,2020-02-08,09:00:00,26,10,16,FMN GV 18 Kasterlee
84,Oudemolsedijk,2020-02-08,10:00:00,24,17,7,FMN GV 18 Kasterlee
84,Oudemolsedijk,2020-02-08,11:00:00,35,25,10,FMN GV 18 Kasterlee
84,Oudemolsedijk,2020-02-08,12:00:00,42,21,21,FMN GV 18 Kasterlee
84,Oudemolsedijk,2020-02-08,13:00:00,35,23,12,FMN GV 18 Kasterlee
84,Oudemolsedijk,2020-02-08,14:00:00,33,24,9,FMN GV 18 Kasterlee
84,Oudemolsedijk,2020-02-08,15:00:00,39,29,10,FMN GV 18 Kasterlee
84,Oudemolsedijk,2020-02-08,16:00:00,14,13,1,FMN GV 18 Kasterlee
84,Oudemolsedijk,2020-02-08,17:00:00,8,2,6,FMN GV 18 Kasterlee
84,Oudemolsedijk,2020-02-08,18:00:00,2,1,1,FMN GV 18 Kasterlee
84,Oudemolsedijk,2020-02-08,19:00:00,0,0,0,FMN GV 18 Kasterlee
84,Oudemolsedijk,2020-02-08,20:00:00,0,0,0,FMN GV 18 Kasterlee
84,Oudemolsedijk,2020-02-08,21:00:00,0,0,0,FMN GV 18 Kasterlee
84,Oudemolsedijk,2020-02-08,22:00:00,3,1,2,FMN GV 18 Kasterlee
84,Oudemolsedijk,2020-02-08,23:00:00,2,2,0,FMN GV 18 Kasterlee
84,Oudemolsedijk,2020-02-09,00:00:00,0,0,0,FMN GV 18 Kasterlee
84,Oudemolsedijk,2020-02-09,01:00:00,0,0,0,FMN GV 18 Kasterlee
84,Oudemolsedijk,2020-02-09,02:00:00,1,1,0,FMN GV 18 Kasterlee
84,Oudemolsedijk,2020-02-09,03:00:00,0,0,0,FMN GV 18 Kasterlee
84,Oudemolsedijk,2020-02-09,04:00:00,1,0,1,FMN GV 18 Kasterlee
84,Oudemolsedijk,2020-02-09,05:00:00,0,0,0,FMN GV 18 Kasterlee
84,Oudemolsedijk,2020-02-09,06:00:00,0,0,0,FMN GV 18 Kasterlee
84,Oudemolsedijk,2020-02-09,07:00:00,2,1,1,FMN GV 18 Kasterlee
84,Oudemolsedijk,2020-02-09,08:00:00,7,3,4,FMN GV 18 Kasterlee
84,Oudemolsedijk,2020-02-09,09:00:00,4,2,2,FMN GV 18 Kasterlee
84,Oudemolsedijk,2020-02-09,10:00:00,12,8,4,FMN GV 18 Kasterlee
84,Oudemolsedijk,2020-02-09,11:00:00,4,3,1,FMN GV 18 Kasterlee
84,Oudemolsedijk,2020-02-09,12:00:00,3,1,2,FMN GV 18 Kasterlee
84,Oudemolsedijk,2020-02-09,13:00:00,5,5,0,FMN GV 18 Kasterlee
84,Oudemolsedijk,2020-02-09,14:00:00,0,0,0,FMN GV 18 Kasterlee
84,Oudemolsedijk,2020-02-09,15:00:00,0,0,0,FMN GV 18 Kasterlee
84,Oudemolsedijk,2020-02-09,16:00:00,0,0,0,FMN GV 18 Kasterlee
84,Oudemolsedijk,2020-02-09,17:00:00,0,0,0,FMN GV 18 Kasterlee
84,Oudemolsedijk,2020-02-09,18:00:00,0,0,0,FMN GV 18 Kasterlee
84,Oudemolsedijk,2020-02-09,19:00:00,0,0,0,FMN GV 18 Kasterlee
84,Oudemolsedijk,2020-02-09,20:00:00,0,0,0,FMN GV 18 Kasterlee
84,Oudemolsedijk,2020-02-09,21:00:00,0,0,0,FMN GV 18 Kasterlee
84,Oudemolsedijk,2020-02-09,22:00:00,0,0,0,FMN GV 18 Kasterlee
84,Oudemolsedijk,2020-02-09,23:00:00,0,0,0,FMN GV 18 Kasterlee
84,Oudemolsedijk,2020-02-10,00:00:00,0,0,0,FMN GV 18 Kasterlee
84,Oudemolsedijk,2020-02-10,01:00:00,0,0,0,FMN GV 18 Kasterlee
84,Oudemolsedijk,2020-02-10,02:00:00,0,0,0,FMN GV 18 Kasterlee
84,Oudemolsedijk,2020-02-10,03:00:00,0,0,0,FMN GV 18 Kasterlee
84,Oudemolsedijk,2020-02-10,04:00:00,0,0,0,FMN GV 18 Kasterlee
84,Oudemolsedijk,2020-02-10,05:00:00,1,1,0,FMN GV 18 Kasterlee
84,Oudemolsedijk,2020-02-10,06:00:00,2,0,2,FMN GV 18 Kasterlee
84,Oudemolsedijk,2020-02-10,07:00:00,0,0,0,FMN GV 18 Kasterlee
84,Oudemolsedijk,2020-02-10,08:00:00,7,3,4,FMN GV 18 Kasterlee
84,Oudemolsedijk,2020-02-10,09:00:00,2,0,2,FMN GV 18 Kasterlee
84,Oudemolsedijk,2020-02-10,10:00:00,1,0,1,FMN GV 18 Kasterlee
84,Oudemolsedijk,2020-02-10,11:00:00,1,1,0,FMN GV 18 Kasterlee
84,Oudemolsedijk,2020-02-10,12:00:00,1,1,0,FMN GV 18 Kasterlee
84,Oudemolsedijk,2020-02-10,13:00:00,4,3,1,FMN GV 18 Kasterlee
84,Oudemolsedijk,2020-02-10,14:00:00,9,4,5,FMN GV 18 Kasterlee
84,Oudemolsedijk,2020-02-10,15:00:00,2,1,1,FMN GV 18 Kasterlee
84,Oudemolsedijk,2020-02-10,16:00:00,3,3,0,FMN GV 18 Kasterlee
84,Oudemolsedijk,2020-02-10,17:00:00,4,1,3,FMN GV 18 Kasterlee
84,Oudemolsedijk,2020-02-10,18:00:00,1,0,1,FMN GV 18 Kasterlee
84,Oudemolsedijk,2020-02-10,19:00:00,3,3,0,FMN GV 18 Kasterlee
84,Oudemolsedijk,2020-02-10,20:00:00,0,0,0,FMN GV 18 Kasterlee
84,Oudemolsedijk,2020-02-10,21:00:00,1,0,1,FMN GV 18 Kasterlee
84,Oudemolsedijk,2020-02-10,22:00:00,11,5,6,FMN GV 18 Kasterlee
84,Oudemolsedijk,2020-02-10,23:00:00,0,0,0,FMN GV 18 Kasterlee
84,Oudemolsedijk,2020-02-11,00:00:00,0,0,0,FMN GV 18 Kasterlee
84,Oudemolsedijk,2020-02-11,01:00:00,0,0,0,FMN GV 18 Kasterlee
84,Oudemolsedijk,2020-02-11,02:00:00,0,0,0,FMN GV 18 Kasterlee
84,Oudemolsedijk,2020-02-11,03:00:00,0,0,0,FMN GV 18 Kasterlee
84,Oudemolsedijk,2020-02-11,04:00:00,0,0,0,FMN GV 18 Kasterlee
84,Oudemolsedijk,2020-02-11,05:00:00,2,2,0,FMN GV 18 Kasterlee
84,Oudemolsedijk,2020-02-11,06:00:00,11,2,9,FMN GV 18 Kasterlee
84,Oudemolsedijk,2020-02-11,07:00:00,10,2,8,FMN GV 18 Kasterlee
84,Oudemolsedijk,2020-02-11,08:00:00,14,5,9,FMN GV 18 Kasterlee
84,Oudemolsedijk,2020-02-11,09:00:00,6,3,3,FMN GV 18 Kasterlee
84,Oudemolsedijk,2020-02-11,10:00:00,6,3,3,FMN GV 18 Kasterlee
84,Oudemolsedijk,2020-02-11,11:00:00,3,3,0,FMN GV 18 Kasterlee
84,Oudemolsedijk,2020-02-11,12:00:00,9,6,3,FMN GV 18 Kasterlee
84,Oudemolsedijk,2020-02-11,13:00:00,17,15,2,FMN GV 18 Kasterlee
84,Oudemolsedijk,2020-02-11,14:00:00,20,17,3,FMN GV 18 Kasterlee
84,Oudemolsedijk,2020-02-11,15:00:00,14,11,3,FMN GV 18 Kasterlee
84,Oudemolsedijk,2020-02-11,16:00:00,17,12,5,FMN GV 18 Kasterlee
84,Oudemolsedijk,2020-02-11,17:00:00,20,14,6,FMN GV 18 Kasterlee
84,Oudemolsedijk,2020-02-11,18:00:00,3,3,0,FMN GV 18 Kasterlee
84,Oudemolsedijk,2020-02-11,19:00:00,5,2,3,FMN GV 18 Kasterlee
84,Oudemolsedijk,2020-02-11,20:00:00,0,0,0,FMN GV 18 Kasterlee
84,Oudemolsedijk,2020-02-11,21:00:00,3,1,2,FMN GV 18 Kasterlee
84,Oudemolsedijk,2020-02-11,22:00:00,1,1,0,FMN GV 18 Kasterlee
84,Oudemolsedijk,2020-02-11,23:00:00,1,1,0,FMN GV 18 Kasterlee
84,Oudemolsedijk,2020-02-12,00:00:00,0,0,0,FMN GV 18 Kasterlee
84,Oudemolsedijk,2020-02-12,01:00:00,0,0,0,FMN GV 18 Kasterlee
84,Oudemolsedijk,2020-02-12,02:00:00,0,0,0,FMN GV 18 Kasterlee
84,Oudemolsedijk,2020-02-12,03:00:00,0,0,0,FMN GV 18 Kasterlee
84,Oudemolsedijk,2020-02-12,04:00:00,0,0,0,FMN GV 18 Kasterlee
84,Oudemolsedijk,2020-02-12,05:00:00,2,2,0,FMN GV 18 Kasterlee
84,Oudemolsedijk,2020-02-12,06:00:00,14,4,10,FMN GV 18 Kasterlee
84,Oudemolsedijk,2020-02-12,07:00:00,18,7,11,FMN GV 18 Kasterlee
84,Oudemolsedijk,2020-02-12,08:00:00,15,7,8,FMN GV 18 Kasterlee
84,Oudemolsedijk,2020-02-12,09:00:00,5,2,3,FMN GV 18 Kasterlee
84,Oudemolsedijk,2020-02-12,10:00:00,28,25,3,FMN GV 18 Kasterlee
84,Oudemolsedijk,2020-02-12,11:00:00,8,5,3,FMN GV 18 Kasterlee
84,Oudemolsedijk,2020-02-12,12:00:00,18,11,7,FMN GV 18 Kasterlee
84,Oudemolsedijk,2020-02-12,13:00:00,22,17,5,FMN GV 18 Kasterlee
84,Oudemolsedijk,2020-02-12,14:00:00,26,18,8,FMN GV 18 Kasterlee
84,Oudemolsedijk,2020-02-12,15:00:00,20,9,11,FMN GV 18 Kasterlee
84,Oudemolsedijk,2020-02-12,16:00:00,21,10,11,FMN GV 18 Kasterlee
84,Oudemolsedijk,2020-02-12,17:00:00,19,13,6,FMN GV 18 Kasterlee
84,Oudemolsedijk,2020-02-12,18:00:00,9,8,1,FMN GV 18 Kasterlee
84,Oudemolsedijk,2020-02-12,19:00:00,7,5,2,FMN GV 18 Kasterlee
84,Oudemolsedijk,2020-02-12,20:00:00,11,9,2,FMN GV 18 Kasterlee
84,Oudemolsedijk,2020-02-12,21:00:00,2,0,2,FMN GV 18 Kasterlee
84,Oudemolsedijk,2020-02-12,22:00:00,2,1,1,FMN GV 18 Kasterlee
84,Oudemolsedijk,2020-02-12,23:00:00,0,0,0,FMN GV 18 Kasterlee
84,Oudemolsedijk,2020-02-13,00:00:00,0,0,0,FMN GV 18 Kasterlee
84,Oudemolsedijk,2020-02-13,01:00:00,0,0,0,FMN GV 18 Kasterlee
84,Oudemolsedijk,2020-02-13,02:00:00,0,0,0,FMN GV 18 Kasterlee
84,Oudemolsedijk,2020-02-13,03:00:00,0,0,0,FMN GV 18 Kasterlee
84,Oudemolsedijk,2020-02-13,04:00:00,0,0,0,FMN GV 18 Kasterlee
84,Oudemolsedijk,2020-02-13,05:00:00,1,1,0,FMN GV 18 Kasterlee
84,Oudemolsedijk,2020-02-13,06:00:00,10,2,8,FMN GV 18 Kasterlee
84,Oudemolsedijk,2020-02-13,07:00:00,7,4,3,FMN GV 18 Kasterlee
84,Oudemolsedijk,2020-02-13,08:00:00,5,1,4,FMN GV 18 Kasterlee
84,Oudemolsedijk,2020-02-13,09:00:00,4,3,1,FMN GV 18 Kasterlee
84,Oudemolsedijk,2020-02-13,10:00:00,1,0,1,FMN GV 18 Kasterlee
84,Oudemolsedijk,2020-02-13,11:00:00,1,1,0,FMN GV 18 Kasterlee
84,Oudemolsedijk,2020-02-13,12:00:00,4,2,2,FMN GV 18 Kasterlee
84,Oudemolsedijk,2020-02-13,13:00:00,5,3,2,FMN GV 18 Kasterlee
84,Oudemolsedijk,2020-02-13,14:00:00,6,1,5,FMN GV 18 Kasterlee
84,Oudemolsedijk,2020-02-13,15:00:00,4,4,0,FMN GV 18 Kasterlee
84,Oudemolsedijk,2020-02-13,16:00:00,16,10,6,FMN GV 18 Kasterlee
84,Oudemolsedijk,2020-02-13,17:00:00,13,9,4,FMN GV 18 Kasterlee
84,Oudemolsedijk,2020-02-13,18:00:00,6,4,2,FMN GV 18 Kasterlee
84,Oudemolsedijk,2020-02-13,19:00:00,1,0,1,FMN GV 18 Kasterlee
84,Oudemolsedijk,2020-02-13,20:00:00,0,0,0,FMN GV 18 Kasterlee
84,Oudemolsedijk,2020-02-13,21:00:00,1,0,1,FMN GV 18 Kasterlee
84,Oudemolsedijk,2020-02-13,22:00:00,0,0,0,FMN GV 18 Kasterlee
84,Oudemolsedijk,2020-02-13,23:00:00,0,0,0,FMN GV 18 Kasterlee
84,Oudemolsedijk,2020-02-14,00:00:00,0,0,0,FMN GV 18 Kasterlee
84,Oudemolsedijk,2020-02-14,01:00:00,0,0,0,FMN GV 18 Kasterlee
84,Oudemolsedijk,2020-02-14,02:00:00,0,0,0,FMN GV 18 Kasterlee
84,Oudemolsedijk,2020-02-14,03:00:00,0,0,0,FMN GV 18 Kasterlee
84,Oudemolsedijk,2020-02-14,04:00:00,0,0,0,FMN GV 18 Kasterlee
84,Oudemolsedijk,2020-02-14,05:00:00,1,1,0,FMN GV 18 Kasterlee
84,Oudemolsedijk,2020-02-14,06:00:00,11,4,7,FMN GV 18 Kasterlee
84,Oudemolsedijk,2020-02-14,07:00:00,13,7,6,FMN GV 18 Kasterlee
84,Oudemolsedijk,2020-02-14,08:00:00,18,10,8,FMN GV 18 Kasterlee
84,Oudemolsedijk,2020-02-14,09:00:00,4,0,4,FMN GV 18 Kasterlee
84,Oudemolsedijk,2020-02-14,10:00:00,9,4,5,FMN GV 18 Kasterlee
84,Oudemolsedijk,2020-02-14,11:00:00,17,6,11,FMN GV 18 Kasterlee
84,Oudemolsedijk,2020-02-14,12:00:00,20,9,11,FMN GV 18 Kasterlee
84,Oudemolsedijk,2020-02-14,13:00:00,36,13,23,FMN GV 18 Kasterlee
84,Oudemolsedijk,2020-02-14,14:00:00,33,15,18,FMN GV 18 Kasterlee
84,Oudemolsedijk,2020-02-14,15:00:00,40,29,11,FMN GV 18 Kasterlee
84,Oudemolsedijk,2020-02-14,16:00:00,50,28,22,FMN GV 18 Kasterlee
84,Oudemolsedijk,2020-02-14,17:00:00,17,9,8,FMN GV 18 Kasterlee
84,Oudemolsedijk,2020-02-14,18:00:00,3,1,2,FMN GV 18 Kasterlee
84,Oudemolsedijk,2020-02-14,19:00:00,0,0,0,FMN GV 18 Kasterlee
84,Oudemolsedijk,2020-02-14,20:00:00,2,1,1,FMN GV 18 Kasterlee
84,Oudemolsedijk,2020-02-14,21:00:00,1,0,1,FMN GV 18 Kasterlee
84,Oudemolsedijk,2020-02-14,22:00:00,1,0,1,FMN GV 18 Kasterlee
84,Oudemolsedijk,2020-02-14,23:00:00,1,0,1,FMN GV 18 Kasterlee
84,Oudemolsedijk,2020-02-15,00:00:00,0,0,0,FMN GV 18 Kasterlee
84,Oudemolsedijk,2020-02-15,01:00:00,0,0,0,FMN GV 18 Kasterlee
84,Oudemolsedijk,2020-02-15,02:00:00,0,0,0,FMN GV 18 Kasterlee
84,Oudemolsedijk,2020-02-15,03:00:00,1,1,0,FMN GV 18 Kasterlee
84,Oudemolsedijk,2020-02-15,04:00:00,0,0,0,FMN GV 18 Kasterlee
84,Oudemolsedijk,2020-02-15,05:00:00,0,0,0,FMN GV 18 Kasterlee
84,Oudemolsedijk,2020-02-15,06:00:00,1,0,1,FMN GV 18 Kasterlee
84,Oudemolsedijk,2020-02-15,07:00:00,2,1,1,FMN GV 18 Kasterlee
84,Oudemolsedijk,2020-02-15,08:00:00,8,1,7,FMN GV 18 Kasterlee
84,Oudemolsedijk,2020-02-15,09:00:00,9,1,8,FMN GV 18 Kasterlee
84,Oudemolsedijk,2020-02-15,10:00:00,21,9,12,FMN GV 18 Kasterlee
84,Oudemolsedijk,2020-02-15,11:00:00,38,25,13,FMN GV 18 Kasterlee
84,Oudemolsedijk,2020-02-15,12:00:00,51,23,28,FMN GV 18 Kasterlee
84,Oudemolsedijk,2020-02-15,13:00:00,46,25,21,FMN GV 18 Kasterlee
84,Oudemolsedijk,2020-02-15,14:00:00,47,22,25,FMN GV 18 Kasterlee
84,Oudemolsedijk,2020-02-15,15:00:00,67,48,19,FMN GV 18 Kasterlee
84,Oudemolsedijk,2020-02-15,16:00:00,21,14,7,FMN GV 18 Kasterlee
84,Oudemolsedijk,2020-02-15,17:00:00,11,9,2,FMN GV 18 Kasterlee
84,Oudemolsedijk,2020-02-15,18:00:00,1,1,0,FMN GV 18 Kasterlee
84,Oudemolsedijk,2020-02-15,19:00:00,0,0,0,FMN GV 18 Kasterlee
84,Oudemolsedijk,2020-02-15,20:00:00,5,3,2,FMN GV 18 Kasterlee
84,Oudemolsedijk,2020-02-15,21:00:00,1,1,0,FMN GV 18 Kasterlee
84,Oudemolsedijk,2020-02-15,22:00:00,0,0,0,FMN GV 18 Kasterlee
84,Oudemolsedijk,2020-02-15,23:00:00,1,0,1,FMN GV 18 Kasterlee
84,Oudemolsedijk,2020-02-16,00:00:00,1,0,1,FMN GV 18 Kasterlee
84,Oudemolsedijk,2020-02-16,01:00:00,0,0,0,FMN GV 18 Kasterlee
84,Oudemolsedijk,2020-02-16,02:00:00,0,0,0,FMN GV 18 Kasterlee
84,Oudemolsedijk,2020-02-16,03:00:00,2,0,2,FMN GV 18 Kasterlee
84,Oudemolsedijk,2020-02-16,04:00:00,0,0,0,FMN GV 18 Kasterlee
84,Oudemolsedijk,2020-02-16,05:00:00,0,0,0,FMN GV 18 Kasterlee
84,Oudemolsedijk,2020-02-16,06:00:00,0,0,0,FMN GV 18 Kasterlee
84,Oudemolsedijk,2020-02-16,07:00:00,2,2,0,FMN GV 18 Kasterlee
84,Oudemolsedijk,2020-02-16,08:00:00,10,2,8,FMN GV 18 Kasterlee
84,Oudemolsedijk,2020-02-16,09:00:00,22,11,11,FMN GV 18 Kasterlee
84,Oudemolsedijk,2020-02-16,10:00:00,5,4,1,FMN GV 18 Kasterlee
84,Oudemolsedijk,2020-02-16,11:00:00,4,1,3,FMN GV 18 Kasterlee
84,Oudemolsedijk,2020-02-16,12:00:00,9,6,3,FMN GV 18 Kasterlee
84,Oudemolsedijk,2020-02-16,13:00:00,5,4,1,FMN GV 18 Kasterlee
84,Oudemolsedijk,2020-02-16,14:00:00,3,2,1,FMN GV 18 Kasterlee
84,Oudemolsedijk,2020-02-16,15:00:00,5,5,0,FMN GV 18 Kasterlee
84,Oudemolsedijk,2020-02-16,16:00:00,4,3,1,FMN GV 18 Kasterlee
84,Oudemolsedijk,2020-02-16,17:00:00,2,1,1,FMN GV 18 Kasterlee
84,Oudemolsedijk,2020-02-16,18:00:00,2,0,2,FMN GV 18 Kasterlee
84,Oudemolsedijk,2020-02-16,19:00:00,0,0,0,FMN GV 18 Kasterlee
84,Oudemolsedijk,2020-02-16,20:00:00,0,0,0,FMN GV 18 Kasterlee
84,Oudemolsedijk,2020-02-16,21:00:00,0,0,0,FMN GV 18 Kasterlee
84,Oudemolsedijk,2020-02-16,22:00:00,0,0,0,FMN GV 18 Kasterlee
84,Oudemolsedijk,2020-02-16,23:00:00,0,0,0,FMN GV 18 Kasterlee
84,Oudemolsedijk,2020-02-17,00:00:00,0,0,0,FMN GV 18 Kasterlee
84,Oudemolsedijk,2020-02-17,01:00:00,0,0,0,FMN GV 18 Kasterlee
84,Oudemolsedijk,2020-02-17,02:00:00,0,0,0,FMN GV 18 Kasterlee
84,Oudemolsedijk,2020-02-17,03:00:00,0,0,0,FMN GV 18 Kasterlee
84,Oudemolsedijk,2020-02-17,04:00:00,1,1,0,FMN GV 18 Kasterlee
84,Oudemolsedijk,2020-02-17,05:00:00,2,2,0,FMN GV 18 Kasterlee
84,Oudemolsedijk,2020-02-17,06:00:00,9,3,6,FMN GV 18 Kasterlee
84,Oudemolsedijk,2020-02-17,07:00:00,11,3,8,FMN GV 18 Kasterlee
84,Oudemolsedijk,2020-02-17,08:00:00,10,6,4,FMN GV 18 Kasterlee
84,Oudemolsedijk,2020-02-17,09:00:00,8,3,5,FMN GV 18 Kasterlee
84,Oudemolsedijk,2020-02-17,10:00:00,8,6,2,FMN GV 18 Kasterlee
84,Oudemolsedijk,2020-02-17,11:00:00,16,6,10,FMN GV 18 Kasterlee
84,Oudemolsedijk,2020-02-17,12:00:00,10,4,6,FMN GV 18 Kasterlee
84,Oudemolsedijk,2020-02-17,13:00:00,17,9,8,FMN GV 18 Kasterlee
84,Oudemolsedijk,2020-02-17,14:00:00,7,4,3,FMN GV 18 Kasterlee
84,Oudemolsedijk,2020-02-17,15:00:00,10,4,6,FMN GV 18 Kasterlee
84,Oudemolsedijk,2020-02-17,16:00:00,22,13,9,FMN GV 18 Kasterlee
84,Oudemolsedijk,2020-02-17,17:00:00,11,7,4,FMN GV 18 Kasterlee
84,Oudemolsedijk,2020-02-17,18:00:00,3,3,0,FMN GV 18 Kasterlee
84,Oudemolsedijk,2020-02-17,19:00:00,2,0,2,FMN GV 18 Kasterlee
84,Oudemolsedijk,2020-02-17,20:00:00,0,0,0,FMN GV 18 Kasterlee
84,Oudemolsedijk,2020-02-17,21:00:00,0,0,0,FMN GV 18 Kasterlee
84,Oudemolsedijk,2020-02-17,22:00:00,2,1,1,FMN GV 18 Kasterlee
84,Oudemolsedijk,2020-02-17,23:00:00,0,0,0,FMN GV 18 Kasterlee
84,Oudemolsedijk,2020-02-18,00:00:00,0,0,0,FMN GV 18 Kasterlee
84,Oudemolsedijk,2020-02-18,01:00:00,0,0,0,FMN GV 18 Kasterlee
84,Oudemolsedijk,2020-02-18,02:00:00,0,0,0,FMN GV 18 Kasterlee
84,Oudemolsedijk,2020-02-18,03:00:00,0,0,0,FMN GV 18 Kasterlee
84,Oudemolsedijk,2020-02-18,04:00:00,2,2,0,FMN GV 18 Kasterlee
84,Oudemolsedijk,2020-02-18,05:00:00,2,2,0,FMN GV 18 Kasterlee
84,Oudemolsedijk,2020-02-18,06:00:00,9,5,4,FMN GV 18 Kasterlee
84,Oudemolsedijk,2020-02-18,07:00:00,19,6,13,FMN GV 18 Kasterlee
84,Oudemolsedijk,2020-02-18,08:00:00,19,9,10,FMN GV 18 Kasterlee
84,Oudemolsedijk,2020-02-18,09:00:00,6,3,3,FMN GV 18 Kasterlee
84,Oudemolsedijk,2020-02-18,10:00:00,6,1,5,FMN GV 18 Kasterlee
84,Oudemolsedijk,2020-02-18,11:00:00,8,4,4,FMN GV 18 Kasterlee
84,Oudemolsedijk,2020-02-18,12:00:00,14,8,6,FMN GV 18 Kasterlee
84,Oudemolsedijk,2020-02-18,13:00:00,29,6,23,FMN GV 18 Kasterlee
84,Oudemolsedijk,2020-02-18,14:00:00,21,14,7,FMN GV 18 Kasterlee
84,Oudemolsedijk,2020-02-18,15:00:00,15,10,5,FMN GV 18 Kasterlee
84,Oudemolsedijk,2020-02-18,16:00:00,28,16,12,FMN GV 18 Kasterlee
84,Oudemolsedijk,2020-02-18,17:00:00,29,19,10,FMN GV 18 Kasterlee
84,Oudemolsedijk,2020-02-18,18:00:00,4,0,4,FMN GV 18 Kasterlee
84,Oudemolsedijk,2020-02-18,19:00:00,7,4,3,FMN GV 18 Kasterlee
84,Oudemolsedijk,2020-02-18,20:00:00,4,2,2,FMN GV 18 Kasterlee
84,Oudemolsedijk,2020-02-18,21:00:00,1,1,0,FMN GV 18 Kasterlee
84,Oudemolsedijk,2020-02-18,22:00:00,3,1,2,FMN GV 18 Kasterlee
84,Oudemolsedijk,2020-02-18,23:00:00,1,1,0,FMN GV 18 Kasterlee
84,Oudemolsedijk,2020-02-19,00:00:00,0,0,0,FMN GV 18 Kasterlee
84,Oudemolsedijk,2020-02-19,01:00:00,0,0,0,FMN GV 18 Kasterlee
84,Oudemolsedijk,2020-02-19,02:00:00,0,0,0,FMN GV 18 Kasterlee
84,Oudemolsedijk,2020-02-19,03:00:00,0,0,0,FMN GV 18 Kasterlee
84,Oudemolsedijk,2020-02-19,04:00:00,1,1,0,FMN GV 18 Kasterlee
84,Oudemolsedijk,2020-02-19,05:00:00,3,3,0,FMN GV 18 Kasterlee
84,Oudemolsedijk,2020-02-19,06:00:00,11,3,8,FMN GV 18 Kasterlee
84,Oudemolsedijk,2020-02-19,07:00:00,18,10,8,FMN GV 18 Kasterlee
84,Oudemolsedijk,2020-02-19,08:00:00,10,5,5,FMN GV 18 Kasterlee
84,Oudemolsedijk,2020-02-19,09:00:00,18,5,13,FMN GV 18 Kasterlee
84,Oudemolsedijk,2020-02-19,10:00:00,9,7,2,FMN GV 18 Kasterlee
84,Oudemolsedijk,2020-02-19,11:00:00,11,4,7,FMN GV 18 Kasterlee
84,Oudemolsedijk,2020-02-19,12:00:00,20,11,9,FMN GV 18 Kasterlee
84,Oudemolsedijk,2020-02-19,13:00:00,31,13,18,FMN GV 18 Kasterlee
84,Oudemolsedijk,2020-02-19,14:00:00,30,14,16,FMN GV 18 Kasterlee
84,Oudemolsedijk,2020-02-19,15:00:00,16,10,6,FMN GV 18 Kasterlee
84,Oudemolsedijk,2020-02-19,16:00:00,23,16,7,FMN GV 18 Kasterlee
84,Oudemolsedijk,2020-02-19,17:00:00,28,14,14,FMN GV 18 Kasterlee
84,Oudemolsedijk,2020-02-19,18:00:00,11,6,5,FMN GV 18 Kasterlee
84,Oudemolsedijk,2020-02-19,19:00:00,20,19,1,FMN GV 18 Kasterlee
84,Oudemolsedijk,2020-02-19,20:00:00,11,9,2,FMN GV 18 Kasterlee
84,Oudemolsedijk,2020-02-19,21:00:00,1,1,0,FMN GV 18 Kasterlee
84,Oudemolsedijk,2020-02-19,22:00:00,0,0,0,FMN GV 18 Kasterlee
84,Oudemolsedijk,2020-02-19,23:00:00,0,0,0,FMN GV 18 Kasterlee
84,Oudemolsedijk,2020-02-20,00:00:00,0,0,0,FMN GV 18 Kasterlee
84,Oudemolsedijk,2020-02-20,01:00:00,0,0,0,FMN GV 18 Kasterlee
84,Oudemolsedijk,2020-02-20,02:00:00,0,0,0,FMN GV 18 Kasterlee
84,Oudemolsedijk,2020-02-20,03:00:00,0,0,0,FMN GV 18 Kasterlee
84,Oudemolsedijk,2020-02-20,04:00:00,2,2,0,FMN GV 18 Kasterlee
84,Oudemolsedijk,2020-02-20,05:00:00,2,2,0,FMN GV 18 Kasterlee
84,Oudemolsedijk,2020-02-20,06:00:00,11,6,5,FMN GV 18 Kasterlee
84,Oudemolsedijk,2020-02-20,07:00:00,15,6,9,FMN GV 18 Kasterlee
84,Oudemolsedijk,2020-02-20,08:00:00,13,6,7,FMN GV 18 Kasterlee
84,Oudemolsedijk,2020-02-20,09:00:00,8,2,6,FMN GV 18 Kasterlee
84,Oudemolsedijk,2020-02-20,10:00:00,14,10,4,FMN GV 18 Kasterlee
84,Oudemolsedijk,2020-02-20,11:00:00,8,5,3,FMN GV 18 Kasterlee
84,Oudemolsedijk,2020-02-20,12:00:00,18,7,11,FMN GV 18 Kasterlee
84,Oudemolsedijk,2020-02-20,13:00:00,19,17,2,FMN GV 18 Kasterlee
84,Oudemolsedijk,2020-02-20,14:00:00,14,10,4,FMN GV 18 Kasterlee
84,Oudemolsedijk,2020-02-20,15:00:00,16,11,5,FMN GV 18 Kasterlee
84,Oudemolsedijk,2020-02-20,16:00:00,31,20,11,FMN GV 18 Kasterlee
84,Oudemolsedijk,2020-02-20,17:00:00,16,6,10,FMN GV 18 Kasterlee
84,Oudemolsedijk,2020-02-20,18:00:00,7,2,5,FMN GV 18 Kasterlee
84,Oudemolsedijk,2020-02-20,19:00:00,11,4,7,FMN GV 18 Kasterlee
84,Oudemolsedijk,2020-02-20,20:00:00,1,0,1,FMN GV 18 Kasterlee
84,Oudemolsedijk,2020-02-20,21:00:00,0,0,0,FMN GV 18 Kasterlee
84,Oudemolsedijk,2020-02-20,22:00:00,1,1,0,FMN GV 18 Kasterlee
84,Oudemolsedijk,2020-02-20,23:00:00,0,0,0,FMN GV 18 Kasterlee
84,Oudemolsedijk,2020-02-21,00:00:00,0,0,0,FMN GV 18 Kasterlee
84,Oudemolsedijk,2020-02-21,01:00:00,0,0,0,FMN GV 18 Kasterlee
84,Oudemolsedijk,2020-02-21,02:00:00,0,0,0,FMN GV 18 Kasterlee
84,Oudemolsedijk,2020-02-21,03:00:00,0,0,0,FMN GV 18 Kasterlee
84,Oudemolsedijk,2020-02-21,04:00:00,2,2,0,FMN GV 18 Kasterlee
84,Oudemolsedijk,2020-02-21,05:00:00,2,2,0,FMN GV 18 Kasterlee
84,Oudemolsedijk,2020-02-21,06:00:00,15,5,10,FMN GV 18 Kasterlee
84,Oudemolsedijk,2020-02-21,07:00:00,17,12,5,FMN GV 18 Kasterlee
84,Oudemolsedijk,2020-02-21,08:00:00,14,8,6,FMN GV 18 Kasterlee
84,Oudemolsedijk,2020-02-21,09:00:00,8,4,4,FMN GV 18 Kasterlee
84,Oudemolsedijk,2020-02-21,10:00:00,8,3,5,FMN GV 18 Kasterlee
84,Oudemolsedijk,2020-02-21,11:00:00,11,4,7,FMN GV 18 Kasterlee
84,Oudemolsedijk,2020-02-21,12:00:00,26,16,10,FMN GV 18 Kasterlee
84,Oudemolsedijk,2020-02-21,13:00:00,24,13,11,FMN GV 18 Kasterlee
84,Oudemolsedijk,2020-02-21,14:00:00,47,28,19,FMN GV 18 Kasterlee
84,Oudemolsedijk,2020-02-21,15:00:00,19,9,10,FMN GV 18 Kasterlee
84,Oudemolsedijk,2020-02-21,16:00:00,26,18,8,FMN GV 18 Kasterlee
84,Oudemolsedijk,2020-02-21,17:00:00,19,5,14,FMN GV 18 Kasterlee
84,Oudemolsedijk,2020-02-21,18:00:00,9,6,3,FMN GV 18 Kasterlee
84,Oudemolsedijk,2020-02-21,19:00:00,2,1,1,FMN GV 18 Kasterlee
84,Oudemolsedijk,2020-02-21,20:00:00,2,2,0,FMN GV 18 Kasterlee
84,Oudemolsedijk,2020-02-21,21:00:00,0,0,0,FMN GV 18 Kasterlee
84,Oudemolsedijk,2020-02-21,22:00:00,0,0,0,FMN GV 18 Kasterlee
84,Oudemolsedijk,2020-02-21,23:00:00,2,2,0,FMN GV 18 Kasterlee
84,Oudemolsedijk,2020-02-22,00:00:00,0,0,0,FMN GV 18 Kasterlee
84,Oudemolsedijk,2020-02-22,01:00:00,0,0,0,FMN GV 18 Kasterlee
84,Oudemolsedijk,2020-02-22,02:00:00,0,0,0,FMN GV 18 Kasterlee
84,Oudemolsedijk,2020-02-22,03:00:00,0,0,0,FMN GV 18 Kasterlee
84,Oudemolsedijk,2020-02-22,04:00:00,0,0,0,FMN GV 18 Kasterlee
84,Oudemolsedijk,2020-02-22,05:00:00,0,0,0,FMN GV 18 Kasterlee
84,Oudemolsedijk,2020-02-22,06:00:00,1,1,0,FMN GV 18 Kasterlee
84,Oudemolsedijk,2020-02-22,07:00:00,0,0,0,FMN GV 18 Kasterlee
84,Oudemolsedijk,2020-02-22,08:00:00,4,1,3,FMN GV 18 Kasterlee
84,Oudemolsedijk,2020-02-22,09:00:00,10,4,6,FMN GV 18 Kasterlee
84,Oudemolsedijk,2020-02-22,10:00:00,21,14,7,FMN GV 18 Kasterlee
84,Oudemolsedijk,2020-02-22,11:00:00,21,8,13,FMN GV 18 Kasterlee
84,Oudemolsedijk,2020-02-22,12:00:00,23,10,13,FMN GV 18 Kasterlee
84,Oudemolsedijk,2020-02-22,13:00:00,24,17,7,FMN GV 18 Kasterlee
84,Oudemolsedijk,2020-02-22,14:00:00,36,18,18,FMN GV 18 Kasterlee
84,Oudemolsedijk,2020-02-22,15:00:00,25,16,9,FMN GV 18 Kasterlee
84,Oudemolsedijk,2020-02-22,16:00:00,10,7,3,FMN GV 18 Kasterlee
84,Oudemolsedijk,2020-02-22,17:00:00,16,14,2,FMN GV 18 Kasterlee
84,Oudemolsedijk,2020-02-22,18:00:00,3,2,1,FMN GV 18 Kasterlee
84,Oudemolsedijk,2020-02-22,19:00:00,0,0,0,FMN GV 18 Kasterlee
84,Oudemolsedijk,2020-02-22,20:00:00,0,0,0,FMN GV 18 Kasterlee
84,Oudemolsedijk,2020-02-22,21:00:00,0,0,0,FMN GV 18 Kasterlee
84,Oudemolsedijk,2020-02-22,22:00:00,1,1,0,FMN GV 18 Kasterlee
84,Oudemolsedijk,2020-02-22,23:00:00,0,0,0,FMN GV 18 Kasterlee
84,Oudemolsedijk,2020-02-23,00:00:00,0,0,0,FMN GV 18 Kasterlee
84,Oudemolsedijk,2020-02-23,01:00:00,0,0,0,FMN GV 18 Kasterlee
84,Oudemolsedijk,2020-02-23,02:00:00,0,0,0,FMN GV 18 Kasterlee
84,Oudemolsedijk,2020-02-23,03:00:00,0,0,0,FMN GV 18 Kasterlee
84,Oudemolsedijk,2020-02-23,04:00:00,0,0,0,FMN GV 18 Kasterlee
84,Oudemolsedijk,2020-02-23,05:00:00,0,0,0,FMN GV 18 Kasterlee
84,Oudemolsedijk,2020-02-23,06:00:00,0,0,0,FMN GV 18 Kasterlee
84,Oudemolsedijk,2020-02-23,07:00:00,0,0,0,FMN GV 18 Kasterlee
84,Oudemolsedijk,2020-02-23,08:00:00,6,0,6,FMN GV 18 Kasterlee
84,Oudemolsedijk,2020-02-23,09:00:00,4,3,1,FMN GV 18 Kasterlee
84,Oudemolsedijk,2020-02-23,10:00:00,7,7,0,FMN GV 18 Kasterlee
84,Oudemolsedijk,2020-02-23,11:00:00,5,1,4,FMN GV 18 Kasterlee
84,Oudemolsedijk,2020-02-23,12:00:00,3,2,1,FMN GV 18 Kasterlee
84,Oudemolsedijk,2020-02-23,13:00:00,1,1,0,FMN GV 18 Kasterlee
84,Oudemolsedijk,2020-02-23,14:00:00,2,0,2,FMN GV 18 Kasterlee
84,Oudemolsedijk,2020-02-23,15:00:00,1,1,0,FMN GV 18 Kasterlee
84,Oudemolsedijk,2020-02-23,16:00:00,1,0,1,FMN GV 18 Kasterlee
84,Oudemolsedijk,2020-02-23,17:00:00,0,0,0,FMN GV 18 Kasterlee
84,Oudemolsedijk,2020-02-23,18:00:00,0,0,0,FMN GV 18 Kasterlee
84,Oudemolsedijk,2020-02-23,19:00:00,0,0,0,FMN GV 18 Kasterlee
84,Oudemolsedijk,2020-02-23,20:00:00,0,0,0,FMN GV 18 Kasterlee
84,Oudemolsedijk,2020-02-23,21:00:00,0,0,0,FMN GV 18 Kasterlee
84,Oudemolsedijk,2020-02-23,22:00:00,0,0,0,FMN GV 18 Kasterlee
84,Oudemolsedijk,2020-02-23,23:00:00,0,0,0,FMN GV 18 Kasterlee
84,Oudemolsedijk,2020-02-24,00:00:00,0,0,0,FMN GV 18 Kasterlee
84,Oudemolsedijk,2020-02-24,01:00:00,0,0,0,FMN GV 18 Kasterlee
84,Oudemolsedijk,2020-02-24,02:00:00,0,0,0,FMN GV 18 Kasterlee
84,Oudemolsedijk,2020-02-24,03:00:00,0,0,0,FMN GV 18 Kasterlee
84,Oudemolsedijk,2020-02-24,04:00:00,0,0,0,FMN GV 18 Kasterlee
84,Oudemolsedijk,2020-02-24,05:00:00,2,2,0,FMN GV 18 Kasterlee
84,Oudemolsedijk,2020-02-24,06:00:00,12,3,9,FMN GV 18 Kasterlee
84,Oudemolsedijk,2020-02-24,07:00:00,8,4,4,FMN GV 18 Kasterlee
84,Oudemolsedijk,2020-02-24,08:00:00,3,2,1,FMN GV 18 Kasterlee
84,Oudemolsedijk,2020-02-24,09:00:00,0,0,0,FMN GV 18 Kasterlee
84,Oudemolsedijk,2020-02-24,10:00:00,2,2,0,FMN GV 18 Kasterlee
84,Oudemolsedijk,2020-02-24,11:00:00,0,0,0,FMN GV 18 Kasterlee
84,Oudemolsedijk,2020-02-24,12:00:00,5,3,2,FMN GV 18 Kasterlee
84,Oudemolsedijk,2020-02-24,13:00:00,5,2,3,FMN GV 18 Kasterlee
84,Oudemolsedijk,2020-02-24,14:00:00,2,2,0,FMN GV 18 Kasterlee
84,Oudemolsedijk,2020-02-24,15:00:00,4,3,1,FMN GV 18 Kasterlee
84,Oudemolsedijk,2020-02-24,16:00:00,10,5,5,FMN GV 18 Kasterlee
84,Oudemolsedijk,2020-02-24,17:00:00,13,8,5,FMN GV 18 Kasterlee
84,Oudemolsedijk,2020-02-24,18:00:00,5,2,3,FMN GV 18 Kasterlee
84,Oudemolsedijk,2020-02-24,19:00:00,1,0,1,FMN GV 18 Kasterlee
84,Oudemolsedijk,2020-02-24,20:00:00,3,3,0,FMN GV 18 Kasterlee
84,Oudemolsedijk,2020-02-24,21:00:00,1,0,1,FMN GV 18 Kasterlee
84,Oudemolsedijk,2020-02-24,22:00:00,0,0,0,FMN GV 18 Kasterlee
84,Oudemolsedijk,2020-02-24,23:00:00,0,0,0,FMN GV 18 Kasterlee
84,Oudemolsedijk,2020-02-25,00:00:00,0,0,0,FMN GV 18 Kasterlee
84,Oudemolsedijk,2020-02-25,01:00:00,0,0,0,FMN GV 18 Kasterlee
84,Oudemolsedijk,2020-02-25,02:00:00,0,0,0,FMN GV 18 Kasterlee
84,Oudemolsedijk,2020-02-25,03:00:00,0,0,0,FMN GV 18 Kasterlee
84,Oudemolsedijk,2020-02-25,04:00:00,0,0,0,FMN GV 18 Kasterlee
84,Oudemolsedijk,2020-02-25,05:00:00,3,3,0,FMN GV 18 Kasterlee
84,Oudemolsedijk,2020-02-25,06:00:00,11,3,8,FMN GV 18 Kasterlee
84,Oudemolsedijk,2020-02-25,07:00:00,13,7,6,FMN GV 18 Kasterlee
84,Oudemolsedijk,2020-02-25,08:00:00,12,4,8,FMN GV 18 Kasterlee
84,Oudemolsedijk,2020-02-25,09:00:00,12,4,8,FMN GV 18 Kasterlee
84,Oudemolsedijk,2020-02-25,10:00:00,17,8,9,FMN GV 18 Kasterlee
84,Oudemolsedijk,2020-02-25,11:00:00,6,5,1,FMN GV 18 Kasterlee
84,Oudemolsedijk,2020-02-25,12:00:00,12,9,3,FMN GV 18 Kasterlee
84,Oudemolsedijk,2020-02-25,13:00:00,16,9,7,FMN GV 18 Kasterlee
84,Oudemolsedijk,2020-02-25,14:00:00,18,12,6,FMN GV 18 Kasterlee
84,Oudemolsedijk,2020-02-25,15:00:00,29,19,10,FMN GV 18 Kasterlee
84,Oudemolsedijk,2020-02-25,16:00:00,11,10,1,FMN GV 18 Kasterlee
84,Oudemolsedijk,2020-02-25,17:00:00,17,9,8,FMN GV 18 Kasterlee
84,Oudemolsedijk,2020-02-25,18:00:00,7,4,3,FMN GV 18 Kasterlee
84,Oudemolsedijk,2020-02-25,19:00:00,0,0,0,FMN GV 18 Kasterlee
84,Oudemolsedijk,2020-02-25,20:00:00,0,0,0,FMN GV 18 Kasterlee
84,Oudemolsedijk,2020-02-25,21:00:00,1,0,1,FMN GV 18 Kasterlee
84,Oudemolsedijk,2020-02-25,22:00:00,0,0,0,FMN GV 18 Kasterlee
84,Oudemolsedijk,2020-02-25,23:00:00,0,0,0,FMN GV 18 Kasterlee
84,Oudemolsedijk,2020-02-26,00:00:00,0,0,0,FMN GV 18 Kasterlee
84,Oudemolsedijk,2020-02-26,01:00:00,0,0,0,FMN GV 18 Kasterlee
84,Oudemolsedijk,2020-02-26,02:00:00,0,0,0,FMN GV 18 Kasterlee
84,Oudemolsedijk,2020-02-26,03:00:00,0,0,0,FMN GV 18 Kasterlee
84,Oudemolsedijk,2020-02-26,04:00:00,1,0,1,FMN GV 18 Kasterlee
84,Oudemolsedijk,2020-02-26,05:00:00,0,0,0,FMN GV 18 Kasterlee
84,Oudemolsedijk,2020-02-26,06:00:00,5,2,3,FMN GV 18 Kasterlee
84,Oudemolsedijk,2020-02-26,07:00:00,6,4,2,FMN GV 18 Kasterlee
84,Oudemolsedijk,2020-02-26,08:00:00,5,1,4,FMN GV 18 Kasterlee
84,Oudemolsedijk,2020-02-26,09:00:00,2,1,1,FMN GV 18 Kasterlee
84,Oudemolsedijk,2020-02-26,10:00:00,1,1,0,FMN GV 18 Kasterlee
84,Oudemolsedijk,2020-02-26,11:00:00,2,1,1,FMN GV 18 Kasterlee
84,Oudemolsedijk,2020-02-26,12:00:00,7,6,1,FMN GV 18 Kasterlee
84,Oudemolsedijk,2020-02-26,13:00:00,1,1,0,FMN GV 18 Kasterlee
84,Oudemolsedijk,2020-02-26,14:00:00,6,2,4,FMN GV 18 Kasterlee
84,Oudemolsedijk,2020-02-26,15:00:00,6,4,2,FMN GV 18 Kasterlee
84,Oudemolsedijk,2020-02-26,16:00:00,5,4,1,FMN GV 18 Kasterlee
84,Oudemolsedijk,2020-02-26,17:00:00,5,2,3,FMN GV 18 Kasterlee
84,Oudemolsedijk,2020-02-26,18:00:00,3,1,2,FMN GV 18 Kasterlee
84,Oudemolsedijk,2020-02-26,19:00:00,2,0,2,FMN GV 18 Kasterlee
84,Oudemolsedijk,2020-02-26,20:00:00,2,2,0,FMN GV 18 Kasterlee
84,Oudemolsedijk,2020-02-26,21:00:00,1,0,1,FMN GV 18 Kasterlee
84,Oudemolsedijk,2020-02-26,22:00:00,1,0,1,FMN GV 18 Kasterlee
84,Oudemolsedijk,2020-02-26,23:00:00,0,0,0,FMN GV 18 Kasterlee
84,Oudemolsedijk,2020-02-27,00:00:00,0,0,0,FMN GV 18 Kasterlee
84,Oudemolsedijk,2020-02-27,01:00:00,0,0,0,FMN GV 18 Kasterlee
84,Oudemolsedijk,2020-02-27,02:00:00,0,0,0,FMN GV 18 Kasterlee
84,Oudemolsedijk,2020-02-27,03:00:00,0,0,0,FMN GV 18 Kasterlee
84,Oudemolsedijk,2020-02-27,04:00:00,0,0,0,FMN GV 18 Kasterlee
84,Oudemolsedijk,2020-02-27,05:00:00,2,2,0,FMN GV 18 Kasterlee
84,Oudemolsedijk,2020-02-27,06:00:00,8,2,6,FMN GV 18 Kasterlee
84,Oudemolsedijk,2020-02-27,07:00:00,4,3,1,FMN GV 18 Kasterlee
84,Oudemolsedijk,2020-02-27,08:00:00,4,1,3,FMN GV 18 Kasterlee
84,Oudemolsedijk,2020-02-27,09:00:00,4,1,3,FMN GV 18 Kasterlee
84,Oudemolsedijk,2020-02-27,10:00:00,1,1,0,FMN GV 18 Kasterlee
84,Oudemolsedijk,2020-02-27,11:00:00,0,0,0,FMN GV 18 Kasterlee
84,Oudemolsedijk,2020-02-27,12:00:00,2,2,0,FMN GV 18 Kasterlee
84,Oudemolsedijk,2020-02-27,13:00:00,1,1,0,FMN GV 18 Kasterlee
84,Oudemolsedijk,2020-02-27,14:00:00,0,0,0,FMN GV 18 Kasterlee
84,Oudemolsedijk,2020-02-27,15:00:00,3,1,2,FMN GV 18 Kasterlee
84,Oudemolsedijk,2020-02-27,16:00:00,2,2,0,FMN GV 18 Kasterlee
84,Oudemolsedijk,2020-02-27,17:00:00,5,2,3,FMN GV 18 Kasterlee
84,Oudemolsedijk,2020-02-27,18:00:00,4,2,2,FMN GV 18 Kasterlee
84,Oudemolsedijk,2020-02-27,19:00:00,0,0,0,FMN GV 18 Kasterlee
84,Oudemolsedijk,2020-02-27,20:00:00,0,0,0,FMN GV 18 Kasterlee
84,Oudemolsedijk,2020-02-27,21:00:00,1,0,1,FMN GV 18 Kasterlee
84,Oudemolsedijk,2020-02-27,22:00:00,2,0,2,FMN GV 18 Kasterlee
84,Oudemolsedijk,2020-02-27,23:00:00,0,0,0,FMN GV 18 Kasterlee
84,Oudemolsedijk,2020-02-28,00:00:00,0,0,0,FMN GV 18 Kasterlee
84,Oudemolsedijk,2020-02-28,01:00:00,0,0,0,FMN GV 18 Kasterlee
84,Oudemolsedijk,2020-02-28,02:00:00,0,0,0,FMN GV 18 Kasterlee
84,Oudemolsedijk,2020-02-28,03:00:00,0,0,0,FMN GV 18 Kasterlee
84,Oudemolsedijk,2020-02-28,04:00:00,0,0,0,FMN GV 18 Kasterlee
84,Oudemolsedijk,2020-02-28,05:00:00,0,0,0,FMN GV 18 Kasterlee
84,Oudemolsedijk,2020-02-28,06:00:00,4,2,2,FMN GV 18 Kasterlee
84,Oudemolsedijk,2020-02-28,07:00:00,3,2,1,FMN GV 18 Kasterlee
84,Oudemolsedijk,2020-02-28,08:00:00,3,0,3,FMN GV 18 Kasterlee
84,Oudemolsedijk,2020-02-28,09:00:00,7,1,6,FMN GV 18 Kasterlee
84,Oudemolsedijk,2020-02-28,10:00:00,12,5,7,FMN GV 18 Kasterlee
84,Oudemolsedijk,2020-02-28,11:00:00,5,4,1,FMN GV 18 Kasterlee
84,Oudemolsedijk,2020-02-28,12:00:00,7,3,4,FMN GV 18 Kasterlee
84,Oudemolsedijk,2020-02-28,13:00:00,13,8,5,FMN GV 18 Kasterlee
84,Oudemolsedijk,2020-02-28,14:00:00,15,9,6,FMN GV 18 Kasterlee
84,Oudemolsedijk,2020-02-28,15:00:00,19,15,4,FMN GV 18 Kasterlee
84,Oudemolsedijk,2020-02-28,16:00:00,10,9,1,FMN GV 18 Kasterlee
84,Oudemolsedijk,2020-02-28,17:00:00,6,3,3,FMN GV 18 Kasterlee
84,Oudemolsedijk,2020-02-28,18:00:00,3,1,2,FMN GV 18 Kasterlee
84,Oudemolsedijk,2020-02-28,19:00:00,0,0,0,FMN GV 18 Kasterlee
84,Oudemolsedijk,2020-02-28,20:00:00,0,0,0,FMN GV 18 Kasterlee
84,Oudemolsedijk,2020-02-28,21:00:00,0,0,0,FMN GV 18 Kasterlee
84,Oudemolsedijk,2020-02-28,22:00:00,0,0,0,FMN GV 18 Kasterlee
84,Oudemolsedijk,2020-02-28,23:00:00,0,0,0,FMN GV 18 Kasterlee
84,Oudemolsedijk,2020-02-29,00:00:00,0,0,0,FMN GV 18 Kasterlee
84,Oudemolsedijk,2020-02-29,01:00:00,1,1,0,FMN GV 18 Kasterlee
84,Oudemolsedijk,2020-02-29,02:00:00,0,0,0,FMN GV 18 Kasterlee
84,Oudemolsedijk,2020-02-29,03:00:00,0,0,0,FMN GV 18 Kasterlee
84,Oudemolsedijk,2020-02-29,04:00:00,0,0,0,FMN GV 18 Kasterlee
84,Oudemolsedijk,2020-02-29,05:00:00,0,0,0,FMN GV 18 Kasterlee
84,Oudemolsedijk,2020-02-29,06:00:00,2,1,1,FMN GV 18 Kasterlee
84,Oudemolsedijk,2020-02-29,07:00:00,1,0,1,FMN GV 18 Kasterlee
84,Oudemolsedijk,2020-02-29,08:00:00,6,0,6,FMN GV 18 Kasterlee
84,Oudemolsedijk,2020-02-29,09:00:00,15,6,9,FMN GV 18 Kasterlee
84,Oudemolsedijk,2020-02-29,10:00:00,40,25,15,FMN GV 18 Kasterlee
84,Oudemolsedijk,2020-02-29,11:00:00,45,26,19,FMN GV 18 Kasterlee
84,Oudemolsedijk,2020-02-29,12:00:00,23,9,14,FMN GV 18 Kasterlee
84,Oudemolsedijk,2020-02-29,13:00:00,14,8,6,FMN GV 18 Kasterlee
84,Oudemolsedijk,2020-02-29,14:00:00,6,6,0,FMN GV 18 Kasterlee
84,Oudemolsedijk,2020-02-29,15:00:00,1,1,0,FMN GV 18 Kasterlee
84,Oudemolsedijk,2020-02-29,16:00:00,1,1,0,FMN GV 18 Kasterlee
84,Oudemolsedijk,2020-02-29,17:00:00,10,10,0,FMN GV 18 Kasterlee
84,Oudemolsedijk,2020-02-29,18:00:00,1,1,0,FMN GV 18 Kasterlee
84,Oudemolsedijk,2020-02-29,19:00:00,0,0,0,FMN GV 18 Kasterlee
84,Oudemolsedijk,2020-02-29,20:00:00,0,0,0,FMN GV 18 Kasterlee
84,Oudemolsedijk,2020-02-29,21:00:00,0,0,0,FMN GV 18 Kasterlee
84,Oudemolsedijk,2020-02-29,22:00:00,1,0,1,FMN GV 18 Kasterlee
84,Oudemolsedijk,2020-02-29,23:00:00,0,0,0,FMN GV 18 Kasterlee
84,Oudemolsedijk,2020-03-01,00:00:00,0,0,0,FMN GV 18 Kasterlee
84,Oudemolsedijk,2020-03-01,01:00:00,0,0,0,FMN GV 18 Kasterlee
84,Oudemolsedijk,2020-03-01,02:00:00,2,1,1,FMN GV 18 Kasterlee
84,Oudemolsedijk,2020-03-01,03:00:00,0,0,0,FMN GV 18 Kasterlee
84,Oudemolsedijk,2020-03-01,04:00:00,0,0,0,FMN GV 18 Kasterlee
84,Oudemolsedijk,2020-03-01,05:00:00,0,0,0,FMN GV 18 Kasterlee
84,Oudemolsedijk,2020-03-01,06:00:00,1,1,0,FMN GV 18 Kasterlee
84,Oudemolsedijk,2020-03-01,07:00:00,2,1,1,FMN GV 18 Kasterlee
84,Oudemolsedijk,2020-03-01,08:00:00,52,26,26,FMN GV 18 Kasterlee
84,Oudemolsedijk,2020-03-01,09:00:00,56,45,11,FMN GV 18 Kasterlee
84,Oudemolsedijk,2020-03-01,10:00:00,53,43,10,FMN GV 18 Kasterlee
84,Oudemolsedijk,2020-03-01,11:00:00,82,60,22,FMN GV 18 Kasterlee
84,Oudemolsedijk,2020-03-01,12:00:00,33,18,15,FMN GV 18 Kasterlee
84,Oudemolsedijk,2020-03-01,13:00:00,35,9,26,FMN GV 18 Kasterlee
84,Oudemolsedijk,2020-03-01,14:00:00,44,4,40,FMN GV 18 Kasterlee
84,Oudemolsedijk,2020-03-01,15:00:00,19,14,5,FMN GV 18 Kasterlee
84,Oudemolsedijk,2020-03-01,16:00:00,1,1,0,FMN GV 18 Kasterlee
84,Oudemolsedijk,2020-03-01,17:00:00,35,31,4,FMN GV 18 Kasterlee
84,Oudemolsedijk,2020-03-01,18:00:00,7,7,0,FMN GV 18 Kasterlee
84,Oudemolsedijk,2020-03-01,19:00:00,6,6,0,FMN GV 18 Kasterlee
84,Oudemolsedijk,2020-03-01,20:00:00,1,1,0,FMN GV 18 Kasterlee
84,Oudemolsedijk,2020-03-01,21:00:00,0,0,0,FMN GV 18 Kasterlee
84,Oudemolsedijk,2020-03-01,22:00:00,1,1,0,FMN GV 18 Kasterlee
84,Oudemolsedijk,2020-03-01,23:00:00,0,0,0,FMN GV 18 Kasterlee
84,Oudemolsedijk,2020-03-02,00:00:00,0,0,0,FMN GV 18 Kasterlee
84,Oudemolsedijk,2020-03-02,01:00:00,0,0,0,FMN GV 18 Kasterlee
84,Oudemolsedijk,2020-03-02,02:00:00,0,0,0,FMN GV 18 Kasterlee
84,Oudemolsedijk,2020-03-02,03:00:00,0,0,0,FMN GV 18 Kasterlee
84,Oudemolsedijk,2020-03-02,04:00:00,1,1,0,FMN GV 18 Kasterlee
84,Oudemolsedijk,2020-03-02,05:00:00,3,3,0,FMN GV 18 Kasterlee
84,Oudemolsedijk,2020-03-02,06:00:00,7,3,4,FMN GV 18 Kasterlee
84,Oudemolsedijk,2020-03-02,07:00:00,12,3,9,FMN GV 18 Kasterlee
84,Oudemolsedijk,2020-03-02,08:00:00,12,7,5,FMN GV 18 Kasterlee
84,Oudemolsedijk,2020-03-02,09:00:00,7,2,5,FMN GV 18 Kasterlee
84,Oudemolsedijk,2020-03-02,10:00:00,3,1,2,FMN GV 18 Kasterlee
84,Oudemolsedijk,2020-03-02,11:00:00,14,8,6,FMN GV 18 Kasterlee
84,Oudemolsedijk,2020-03-02,12:00:00,3,2,1,FMN GV 18 Kasterlee
84,Oudemolsedijk,2020-03-02,13:00:00,31,14,17,FMN GV 18 Kasterlee
84,Oudemolsedijk,2020-03-02,14:00:00,16,8,8,FMN GV 18 Kasterlee
84,Oudemolsedijk,2020-03-02,15:00:00,6,3,3,FMN GV 18 Kasterlee
84,Oudemolsedijk,2020-03-02,16:00:00,16,8,8,FMN GV 18 Kasterlee
84,Oudemolsedijk,2020-03-02,17:00:00,11,6,5,FMN GV 18 Kasterlee
84,Oudemolsedijk,2020-03-02,18:00:00,6,2,4,FMN GV 18 Kasterlee
84,Oudemolsedijk,2020-03-02,19:00:00,1,0,1,FMN GV 18 Kasterlee
84,Oudemolsedijk,2020-03-02,20:00:00,0,0,0,FMN GV 18 Kasterlee
84,Oudemolsedijk,2020-03-02,21:00:00,1,1,0,FMN GV 18 Kasterlee
84,Oudemolsedijk,2020-03-02,22:00:00,1,0,1,FMN GV 18 Kasterlee
84,Oudemolsedijk,2020-03-02,23:00:00,0,0,0,FMN GV 18 Kasterlee
84,Oudemolsedijk,2020-03-03,00:00:00,0,0,0,FMN GV 18 Kasterlee
84,Oudemolsedijk,2020-03-03,01:00:00,0,0,0,FMN GV 18 Kasterlee
84,Oudemolsedijk,2020-03-03,02:00:00,0,0,0,FMN GV 18 Kasterlee
84,Oudemolsedijk,2020-03-03,03:00:00,0,0,0,FMN GV 18 Kasterlee
84,Oudemolsedijk,2020-03-03,04:00:00,2,1,1,FMN GV 18 Kasterlee
84,Oudemolsedijk,2020-03-03,05:00:00,4,4,0,FMN GV 18 Kasterlee
84,Oudemolsedijk,2020-03-03,06:00:00,9,3,6,FMN GV 18 Kasterlee
84,Oudemolsedijk,2020-03-03,07:00:00,16,7,9,FMN GV 18 Kasterlee
84,Oudemolsedijk,2020-03-03,08:00:00,30,15,15,FMN GV 18 Kasterlee
84,Oudemolsedijk,2020-03-03,09:00:00,7,3,4,FMN GV 18 Kasterlee
84,Oudemolsedijk,2020-03-03,10:00:00,18,13,5,FMN GV 18 Kasterlee
84,Oudemolsedijk,2020-03-03,11:00:00,15,9,6,FMN GV 18 Kasterlee
84,Oudemolsedijk,2020-03-03,12:00:00,12,9,3,FMN GV 18 Kasterlee
84,Oudemolsedijk,2020-03-03,13:00:00,28,15,13,FMN GV 18 Kasterlee
84,Oudemolsedijk,2020-03-03,14:00:00,51,39,12,FMN GV 18 Kasterlee
84,Oudemolsedijk,2020-03-03,15:00:00,23,17,6,FMN GV 18 Kasterlee
84,Oudemolsedijk,2020-03-03,16:00:00,24,14,10,FMN GV 18 Kasterlee
84,Oudemolsedijk,2020-03-03,17:00:00,63,35,28,FMN GV 18 Kasterlee
84,Oudemolsedijk,2020-03-03,18:00:00,9,6,3,FMN GV 18 Kasterlee
84,Oudemolsedijk,2020-03-03,19:00:00,2,1,1,FMN GV 18 Kasterlee
84,Oudemolsedijk,2020-03-03,20:00:00,0,0,0,FMN GV 18 Kasterlee
84,Oudemolsedijk,2020-03-03,21:00:00,0,0,0,FMN GV 18 Kasterlee
84,Oudemolsedijk,2020-03-03,22:00:00,6,4,2,FMN GV 18 Kasterlee
84,Oudemolsedijk,2020-03-03,23:00:00,0,0,0,FMN GV 18 Kasterlee
84,Oudemolsedijk,2020-03-04,00:00:00,0,0,0,FMN GV 18 Kasterlee
84,Oudemolsedijk,2020-03-04,01:00:00,0,0,0,FMN GV 18 Kasterlee
84,Oudemolsedijk,2020-03-04,02:00:00,0,0,0,FMN GV 18 Kasterlee
84,Oudemolsedijk,2020-03-04,03:00:00,0,0,0,FMN GV 18 Kasterlee
84,Oudemolsedijk,2020-03-04,04:00:00,1,1,0,FMN GV 18 Kasterlee
84,Oudemolsedijk,2020-03-04,05:00:00,3,3,0,FMN GV 18 Kasterlee
84,Oudemolsedijk,2020-03-04,06:00:00,12,4,8,FMN GV 18 Kasterlee
84,Oudemolsedijk,2020-03-04,07:00:00,14,5,9,FMN GV 18 Kasterlee
84,Oudemolsedijk,2020-03-04,08:00:00,19,6,13,FMN GV 18 Kasterlee
84,Oudemolsedijk,2020-03-04,09:00:00,12,8,4,FMN GV 18 Kasterlee
84,Oudemolsedijk,2020-03-04,10:00:00,15,5,10,FMN GV 18 Kasterlee
84,Oudemolsedijk,2020-03-04,11:00:00,13,7,6,FMN GV 18 Kasterlee
84,Oudemolsedijk,2020-03-04,12:00:00,26,14,12,FMN GV 18 Kasterlee
84,Oudemolsedijk,2020-03-04,13:00:00,31,12,19,FMN GV 18 Kasterlee
84,Oudemolsedijk,2020-03-04,14:00:00,38,21,17,FMN GV 18 Kasterlee
84,Oudemolsedijk,2020-03-04,15:00:00,38,26,12,FMN GV 18 Kasterlee
84,Oudemolsedijk,2020-03-04,16:00:00,28,14,14,FMN GV 18 Kasterlee
84,Oudemolsedijk,2020-03-04,17:00:00,22,14,8,FMN GV 18 Kasterlee
84,Oudemolsedijk,2020-03-04,18:00:00,7,3,4,FMN GV 18 Kasterlee
84,Oudemolsedijk,2020-03-04,19:00:00,12,12,0,FMN GV 18 Kasterlee
84,Oudemolsedijk,2020-03-04,20:00:00,23,13,10,FMN GV 18 Kasterlee
84,Oudemolsedijk,2020-03-04,21:00:00,4,4,0,FMN GV 18 Kasterlee
84,Oudemolsedijk,2020-03-04,22:00:00,3,0,3,FMN GV 18 Kasterlee
84,Oudemolsedijk,2020-03-04,23:00:00,0,0,0,FMN GV 18 Kasterlee
84,Oudemolsedijk,2020-03-05,00:00:00,0,0,0,FMN GV 18 Kasterlee
84,Oudemolsedijk,2020-03-05,01:00:00,0,0,0,FMN GV 18 Kasterlee
84,Oudemolsedijk,2020-03-05,02:00:00,0,0,0,FMN GV 18 Kasterlee
84,Oudemolsedijk,2020-03-05,03:00:00,0,0,0,FMN GV 18 Kasterlee
84,Oudemolsedijk,2020-03-05,04:00:00,1,1,0,FMN GV 18 Kasterlee
84,Oudemolsedijk,2020-03-05,05:00:00,2,2,0,FMN GV 18 Kasterlee
84,Oudemolsedijk,2020-03-05,06:00:00,1,0,1,FMN GV 18 Kasterlee
84,Oudemolsedijk,2020-03-05,07:00:00,6,1,5,FMN GV 18 Kasterlee
84,Oudemolsedijk,2020-03-05,08:00:00,6,1,5,FMN GV 18 Kasterlee
84,Oudemolsedijk,2020-03-05,09:00:00,2,1,1,FMN GV 18 Kasterlee
84,Oudemolsedijk,2020-03-05,10:00:00,3,2,1,FMN GV 18 Kasterlee
84,Oudemolsedijk,2020-03-05,11:00:00,1,1,0,FMN GV 18 Kasterlee
84,Oudemolsedijk,2020-03-05,12:00:00,5,1,4,FMN GV 18 Kasterlee
84,Oudemolsedijk,2020-03-05,13:00:00,2,1,1,FMN GV 18 Kasterlee
84,Oudemolsedijk,2020-03-05,14:00:00,3,0,3,FMN GV 18 Kasterlee
84,Oudemolsedijk,2020-03-05,15:00:00,2,1,1,FMN GV 18 Kasterlee
84,Oudemolsedijk,2020-03-05,16:00:00,3,2,1,FMN GV 18 Kasterlee
84,Oudemolsedijk,2020-03-05,17:00:00,9,8,1,FMN GV 18 Kasterlee
84,Oudemolsedijk,2020-03-05,18:00:00,5,4,1,FMN GV 18 Kasterlee
84,Oudemolsedijk,2020-03-05,19:00:00,2,1,1,FMN GV 18 Kasterlee
84,Oudemolsedijk,2020-03-05,20:00:00,1,0,1,FMN GV 18 Kasterlee
84,Oudemolsedijk,2020-03-05,21:00:00,0,0,0,FMN GV 18 Kasterlee
84,Oudemolsedijk,2020-03-05,22:00:00,0,0,0,FMN GV 18 Kasterlee
84,Oudemolsedijk,2020-03-05,23:00:00,0,0,0,FMN GV 18 Kasterlee
84,Oudemolsedijk,2020-03-06,00:00:00,0,0,0,FMN GV 18 Kasterlee
84,Oudemolsedijk,2020-03-06,01:00:00,0,0,0,FMN GV 18 Kasterlee
84,Oudemolsedijk,2020-03-06,02:00:00,0,0,0,FMN GV 18 Kasterlee
84,Oudemolsedijk,2020-03-06,03:00:00,0,0,0,FMN GV 18 Kasterlee
84,Oudemolsedijk,2020-03-06,04:00:00,0,0,0,FMN GV 18 Kasterlee
84,Oudemolsedijk,2020-03-06,05:00:00,0,0,0,FMN GV 18 Kasterlee
84,Oudemolsedijk,2020-03-06,06:00:00,2,0,2,FMN GV 18 Kasterlee
84,Oudemolsedijk,2020-03-06,07:00:00,11,6,5,FMN GV 18 Kasterlee
84,Oudemolsedijk,2020-03-06,08:00:00,11,5,6,FMN GV 18 Kasterlee
84,Oudemolsedijk,2020-03-06,09:00:00,5,1,4,FMN GV 18 Kasterlee
84,Oudemolsedijk,2020-03-06,10:00:00,6,2,4,FMN GV 18 Kasterlee
84,Oudemolsedijk,2020-03-06,11:00:00,8,6,2,FMN GV 18 Kasterlee
84,Oudemolsedijk,2020-03-06,12:00:00,13,6,7,FMN GV 18 Kasterlee
84,Oudemolsedijk,2020-03-06,13:00:00,37,14,23,FMN GV 18 Kasterlee
84,Oudemolsedijk,2020-03-06,14:00:00,16,8,8,FMN GV 18 Kasterlee
84,Oudemolsedijk,2020-03-06,15:00:00,18,10,8,FMN GV 18 Kasterlee
84,Oudemolsedijk,2020-03-06,16:00:00,9,4,5,FMN GV 18 Kasterlee
84,Oudemolsedijk,2020-03-06,17:00:00,15,7,8,FMN GV 18 Kasterlee
84,Oudemolsedijk,2020-03-06,18:00:00,6,6,0,FMN GV 18 Kasterlee
84,Oudemolsedijk,2020-03-06,19:00:00,1,1,0,FMN GV 18 Kasterlee
84,Oudemolsedijk,2020-03-06,20:00:00,0,0,0,FMN GV 18 Kasterlee
84,Oudemolsedijk,2020-03-06,21:00:00,1,0,1,FMN GV 18 Kasterlee
84,Oudemolsedijk,2020-03-06,22:00:00,2,1,1,FMN GV 18 Kasterlee
84,Oudemolsedijk,2020-03-06,23:00:00,1,1,0,FMN GV 18 Kasterlee
84,Oudemolsedijk,2020-03-07,00:00:00,0,0,0,FMN GV 18 Kasterlee
84,Oudemolsedijk,2020-03-07,01:00:00,1,0,1,FMN GV 18 Kasterlee
84,Oudemolsedijk,2020-03-07,02:00:00,0,0,0,FMN GV 18 Kasterlee
84,Oudemolsedijk,2020-03-07,03:00:00,0,0,0,FMN GV 18 Kasterlee
84,Oudemolsedijk,2020-03-07,04:00:00,0,0,0,FMN GV 18 Kasterlee
84,Oudemolsedijk,2020-03-07,05:00:00,0,0,0,FMN GV 18 Kasterlee
84,Oudemolsedijk,2020-03-07,06:00:00,0,0,0,FMN GV 18 Kasterlee
84,Oudemolsedijk,2020-03-07,07:00:00,2,1,1,FMN GV 18 Kasterlee
84,Oudemolsedijk,2020-03-07,08:00:00,10,3,7,FMN GV 18 Kasterlee
84,Oudemolsedijk,2020-03-07,09:00:00,24,8,16,FMN GV 18 Kasterlee
84,Oudemolsedijk,2020-03-07,10:00:00,22,12,10,FMN GV 18 Kasterlee
84,Oudemolsedijk,2020-03-07,11:00:00,45,18,27,FMN GV 18 Kasterlee
84,Oudemolsedijk,2020-03-07,12:00:00,64,37,27,FMN GV 18 Kasterlee
84,Oudemolsedijk,2020-03-07,13:00:00,71,48,23,FMN GV 18 Kasterlee
84,Oudemolsedijk,2020-03-07,14:00:00,96,47,49,FMN GV 18 Kasterlee
84,Oudemolsedijk,2020-03-07,15:00:00,80,52,28,FMN GV 18 Kasterlee
84,Oudemolsedijk,2020-03-07,16:00:00,27,13,14,FMN GV 18 Kasterlee
84,Oudemolsedijk,2020-03-07,17:00:00,20,14,6,FMN GV 18 Kasterlee
84,Oudemolsedijk,2020-03-07,18:00:00,2,2,0,FMN GV 18 Kasterlee
84,Oudemolsedijk,2020-03-07,19:00:00,3,1,2,FMN GV 18 Kasterlee
84,Oudemolsedijk,2020-03-07,20:00:00,4,2,2,FMN GV 18 Kasterlee
84,Oudemolsedijk,2020-03-07,21:00:00,0,0,0,FMN GV 18 Kasterlee
84,Oudemolsedijk,2020-03-07,22:00:00,1,0,1,FMN GV 18 Kasterlee
84,Oudemolsedijk,2020-03-07,23:00:00,0,0,0,FMN GV 18 Kasterlee
84,Oudemolsedijk,2020-03-08,00:00:00,1,1,0,FMN GV 18 Kasterlee
84,Oudemolsedijk,2020-03-08,01:00:00,0,0,0,FMN GV 18 Kasterlee
84,Oudemolsedijk,2020-03-08,02:00:00,4,1,3,FMN GV 18 Kasterlee
84,Oudemolsedijk,2020-03-08,03:00:00,0,0,0,FMN GV 18 Kasterlee
84,Oudemolsedijk,2020-03-08,04:00:00,1,0,1,FMN GV 18 Kasterlee
84,Oudemolsedijk,2020-03-08,05:00:00,0,0,0,FMN GV 18 Kasterlee
84,Oudemolsedijk,2020-03-08,06:00:00,1,1,0,FMN GV 18 Kasterlee
84,Oudemolsedijk,2020-03-08,07:00:00,8,2,6,FMN GV 18 Kasterlee
84,Oudemolsedijk,2020-03-08,08:00:00,25,9,16,FMN GV 18 Kasterlee
84,Oudemolsedijk,2020-03-08,09:00:00,110,36,74,FMN GV 18 Kasterlee
84,Oudemolsedijk,2020-03-08,10:00:00,95,31,64,FMN GV 18 Kasterlee
84,Oudemolsedijk,2020-03-08,11:00:00,31,21,10,FMN GV 18 Kasterlee
84,Oudemolsedijk,2020-03-08,12:00:00,11,10,1,FMN GV 18 Kasterlee
84,Oudemolsedijk,2020-03-08,13:00:00,4,4,0,FMN GV 18 Kasterlee
84,Oudemolsedijk,2020-03-08,14:00:00,3,1,2,FMN GV 18 Kasterlee
84,Oudemolsedijk,2020-03-08,15:00:00,6,6,0,FMN GV 18 Kasterlee
84,Oudemolsedijk,2020-03-08,16:00:00,0,0,0,FMN GV 18 Kasterlee
84,Oudemolsedijk,2020-03-08,17:00:00,3,1,2,FMN GV 18 Kasterlee
84,Oudemolsedijk,2020-03-08,18:00:00,2,1,1,FMN GV 18 Kasterlee
84,Oudemolsedijk,2020-03-08,19:00:00,0,0,0,FMN GV 18 Kasterlee
84,Oudemolsedijk,2020-03-08,20:00:00,1,0,1,FMN GV 18 Kasterlee
84,Oudemolsedijk,2020-03-08,21:00:00,0,0,0,FMN GV 18 Kasterlee
84,Oudemolsedijk,2020-03-08,22:00:00,0,0,0,FMN GV 18 Kasterlee
84,Oudemolsedijk,2020-03-08,23:00:00,0,0,0,FMN GV 18 Kasterlee
84,Oudemolsedijk,2020-03-09,00:00:00,0,0,0,FMN GV 18 Kasterlee
84,Oudemolsedijk,2020-03-09,01:00:00,0,0,0,FMN GV 18 Kasterlee
84,Oudemolsedijk,2020-03-09,02:00:00,0,0,0,FMN GV 18 Kasterlee
84,Oudemolsedijk,2020-03-09,03:00:00,1,0,1,FMN GV 18 Kasterlee
84,Oudemolsedijk,2020-03-09,04:00:00,0,0,0,FMN GV 18 Kasterlee
84,Oudemolsedijk,2020-03-09,05:00:00,2,2,0,FMN GV 18 Kasterlee
84,Oudemolsedijk,2020-03-09,06:00:00,11,3,8,FMN GV 18 Kasterlee
84,Oudemolsedijk,2020-03-09,07:00:00,17,4,13,FMN GV 18 Kasterlee
84,Oudemolsedijk,2020-03-09,08:00:00,17,11,6,FMN GV 18 Kasterlee
84,Oudemolsedijk,2020-03-09,09:00:00,12,3,9,FMN GV 18 Kasterlee
84,Oudemolsedijk,2020-03-09,10:00:00,9,1,8,FMN GV 18 Kasterlee
84,Oudemolsedijk,2020-03-09,11:00:00,9,4,5,FMN GV 18 Kasterlee
84,Oudemolsedijk,2020-03-09,12:00:00,25,13,12,FMN GV 18 Kasterlee
84,Oudemolsedijk,2020-03-09,13:00:00,13,8,5,FMN GV 18 Kasterlee
84,Oudemolsedijk,2020-03-09,14:00:00,16,7,9,FMN GV 18 Kasterlee
84,Oudemolsedijk,2020-03-09,15:00:00,8,6,2,FMN GV 18 Kasterlee
84,Oudemolsedijk,2020-03-09,16:00:00,26,20,6,FMN GV 18 Kasterlee
84,Oudemolsedijk,2020-03-09,17:00:00,24,15,9,FMN GV 18 Kasterlee
84,Oudemolsedijk,2020-03-09,18:00:00,7,5,2,FMN GV 18 Kasterlee
84,Oudemolsedijk,2020-03-09,19:00:00,4,2,2,FMN GV 18 Kasterlee
84,Oudemolsedijk,2020-03-09,20:00:00,6,3,3,FMN GV 18 Kasterlee
84,Oudemolsedijk,2020-03-09,21:00:00,1,0,1,FMN GV 18 Kasterlee
84,Oudemolsedijk,2020-03-09,22:00:00,4,3,1,FMN GV 18 Kasterlee
84,Oudemolsedijk,2020-03-09,23:00:00,0,0,0,FMN GV 18 Kasterlee
84,Oudemolsedijk,2020-03-10,00:00:00,0,0,0,FMN GV 18 Kasterlee
84,Oudemolsedijk,2020-03-10,01:00:00,0,0,0,FMN GV 18 Kasterlee
84,Oudemolsedijk,2020-03-10,02:00:00,0,0,0,FMN GV 18 Kasterlee
84,Oudemolsedijk,2020-03-10,03:00:00,0,0,0,FMN GV 18 Kasterlee
84,Oudemolsedijk,2020-03-10,04:00:00,0,0,0,FMN GV 18 Kasterlee
84,Oudemolsedijk,2020-03-10,05:00:00,0,0,0,FMN GV 18 Kasterlee
84,Oudemolsedijk,2020-03-10,06:00:00,6,2,4,FMN GV 18 Kasterlee
84,Oudemolsedijk,2020-03-10,07:00:00,4,2,2,FMN GV 18 Kasterlee
84,Oudemolsedijk,2020-03-10,08:00:00,9,4,5,FMN GV 18 Kasterlee
84,Oudemolsedijk,2020-03-10,09:00:00,2,1,1,FMN GV 18 Kasterlee
84,Oudemolsedijk,2020-03-10,10:00:00,0,0,0,FMN GV 18 Kasterlee
84,Oudemolsedijk,2020-03-10,11:00:00,2,2,0,FMN GV 18 Kasterlee
84,Oudemolsedijk,2020-03-10,12:00:00,5,4,1,FMN GV 18 Kasterlee
84,Oudemolsedijk,2020-03-10,13:00:00,4,1,3,FMN GV 18 Kasterlee
84,Oudemolsedijk,2020-03-10,14:00:00,6,4,2,FMN GV 18 Kasterlee
84,Oudemolsedijk,2020-03-10,15:00:00,4,2,2,FMN GV 18 Kasterlee
84,Oudemolsedijk,2020-03-10,16:00:00,10,7,3,FMN GV 18 Kasterlee
84,Oudemolsedijk,2020-03-10,17:00:00,8,4,4,FMN GV 18 Kasterlee
84,Oudemolsedijk,2020-03-10,18:00:00,8,5,3,FMN GV 18 Kasterlee
84,Oudemolsedijk,2020-03-10,19:00:00,1,1,0,FMN GV 18 Kasterlee
84,Oudemolsedijk,2020-03-10,20:00:00,1,0,1,FMN GV 18 Kasterlee
84,Oudemolsedijk,2020-03-10,21:00:00,1,0,1,FMN GV 18 Kasterlee
84,Oudemolsedijk,2020-03-10,22:00:00,3,2,1,FMN GV 18 Kasterlee
84,Oudemolsedijk,2020-03-10,23:00:00,0,0,0,FMN GV 18 Kasterlee
84,Oudemolsedijk,2020-03-11,00:00:00,0,0,0,FMN GV 18 Kasterlee
84,Oudemolsedijk,2020-03-11,01:00:00,0,0,0,FMN GV 18 Kasterlee
84,Oudemolsedijk,2020-03-11,02:00:00,0,0,0,FMN GV 18 Kasterlee
84,Oudemolsedijk,2020-03-11,03:00:00,0,0,0,FMN GV 18 Kasterlee
84,Oudemolsedijk,2020-03-11,04:00:00,0,0,0,FMN GV 18 Kasterlee
84,Oudemolsedijk,2020-03-11,05:00:00,0,0,0,FMN GV 18 Kasterlee
84,Oudemolsedijk,2020-03-11,06:00:00,7,3,4,FMN GV 18 Kasterlee
84,Oudemolsedijk,2020-03-11,07:00:00,9,5,4,FMN GV 18 Kasterlee
84,Oudemolsedijk,2020-03-11,08:00:00,9,2,7,FMN GV 18 Kasterlee
84,Oudemolsedijk,2020-03-11,09:00:00,3,3,0,FMN GV 18 Kasterlee
84,Oudemolsedijk,2020-03-11,10:00:00,0,0,0,FMN GV 18 Kasterlee
84,Oudemolsedijk,2020-03-11,11:00:00,2,2,0,FMN GV 18 Kasterlee
84,Oudemolsedijk,2020-03-11,12:00:00,7,4,3,FMN GV 18 Kasterlee
84,Oudemolsedijk,2020-03-11,13:00:00,2,0,2,FMN GV 18 Kasterlee
84,Oudemolsedijk,2020-03-11,14:00:00,5,2,3,FMN GV 18 Kasterlee
84,Oudemolsedijk,2020-03-11,15:00:00,15,8,7,FMN GV 18 Kasterlee
84,Oudemolsedijk,2020-03-11,16:00:00,13,6,7,FMN GV 18 Kasterlee
84,Oudemolsedijk,2020-03-11,17:00:00,22,13,9,FMN GV 18 Kasterlee
84,Oudemolsedijk,2020-03-11,18:00:00,6,4,2,FMN GV 18 Kasterlee
84,Oudemolsedijk,2020-03-11,19:00:00,3,0,3,FMN GV 18 Kasterlee
84,Oudemolsedijk,2020-03-11,20:00:00,6,3,3,FMN GV 18 Kasterlee
84,Oudemolsedijk,2020-03-11,21:00:00,1,0,1,FMN GV 18 Kasterlee
84,Oudemolsedijk,2020-03-11,22:00:00,0,0,0,FMN GV 18 Kasterlee
84,Oudemolsedijk,2020-03-11,23:00:00,0,0,0,FMN GV 18 Kasterlee
84,Oudemolsedijk,2020-03-12,00:00:00,2,0,2,FMN GV 18 Kasterlee
84,Oudemolsedijk,2020-03-12,01:00:00,0,0,0,FMN GV 18 Kasterlee
84,Oudemolsedijk,2020-03-12,02:00:00,0,0,0,FMN GV 18 Kasterlee
84,Oudemolsedijk,2020-03-12,03:00:00,0,0,0,FMN GV 18 Kasterlee
84,Oudemolsedijk,2020-03-12,04:00:00,0,0,0,FMN GV 18 Kasterlee
84,Oudemolsedijk,2020-03-12,05:00:00,2,2,0,FMN GV 18 Kasterlee
84,Oudemolsedijk,2020-03-12,06:00:00,6,2,4,FMN GV 18 Kasterlee
84,Oudemolsedijk,2020-03-12,07:00:00,14,5,9,FMN GV 18 Kasterlee
84,Oudemolsedijk,2020-03-12,08:00:00,11,4,7,FMN GV 18 Kasterlee
84,Oudemolsedijk,2020-03-12,09:00:00,9,6,3,FMN GV 18 Kasterlee
84,Oudemolsedijk,2020-03-12,10:00:00,11,6,5,FMN GV 18 Kasterlee
84,Oudemolsedijk,2020-03-12,11:00:00,13,9,4,FMN GV 18 Kasterlee
84,Oudemolsedijk,2020-03-12,12:00:00,25,15,10,FMN GV 18 Kasterlee
84,Oudemolsedijk,2020-03-12,13:00:00,26,17,9,FMN GV 18 Kasterlee
84,Oudemolsedijk,2020-03-12,14:00:00,65,39,26,FMN GV 18 Kasterlee
84,Oudemolsedijk,2020-03-12,15:00:00,36,12,24,FMN GV 18 Kasterlee
84,Oudemolsedijk,2020-03-12,16:00:00,27,18,9,FMN GV 18 Kasterlee
84,Oudemolsedijk,2020-03-12,17:00:00,20,14,6,FMN GV 18 Kasterlee
84,Oudemolsedijk,2020-03-12,18:00:00,12,6,6,FMN GV 18 Kasterlee
84,Oudemolsedijk,2020-03-12,19:00:00,4,1,3,FMN GV 18 Kasterlee
84,Oudemolsedijk,2020-03-12,20:00:00,2,0,2,FMN GV 18 Kasterlee
84,Oudemolsedijk,2020-03-12,21:00:00,2,0,2,FMN GV 18 Kasterlee
84,Oudemolsedijk,2020-03-12,22:00:00,0,0,0,FMN GV 18 Kasterlee
84,Oudemolsedijk,2020-03-12,23:00:00,0,0,0,FMN GV 18 Kasterlee
84,Oudemolsedijk,2020-03-13,00:00:00,0,0,0,FMN GV 18 Kasterlee
84,Oudemolsedijk,2020-03-13,01:00:00,0,0,0,FMN GV 18 Kasterlee
84,Oudemolsedijk,2020-03-13,02:00:00,0,0,0,FMN GV 18 Kasterlee
84,Oudemolsedijk,2020-03-13,03:00:00,0,0,0,FMN GV 18 Kasterlee
84,Oudemolsedijk,2020-03-13,04:00:00,0,0,0,FMN GV 18 Kasterlee
84,Oudemolsedijk,2020-03-13,05:00:00,2,2,0,FMN GV 18 Kasterlee
84,Oudemolsedijk,2020-03-13,06:00:00,8,3,5,FMN GV 18 Kasterlee
84,Oudemolsedijk,2020-03-13,07:00:00,9,2,7,FMN GV 18 Kasterlee
84,Oudemolsedijk,2020-03-13,08:00:00,18,10,8,FMN GV 18 Kasterlee
84,Oudemolsedijk,2020-03-13,09:00:00,8,4,4,FMN GV 18 Kasterlee
84,Oudemolsedijk,2020-03-13,10:00:00,8,6,2,FMN GV 18 Kasterlee
84,Oudemolsedijk,2020-03-13,11:00:00,12,8,4,FMN GV 18 Kasterlee
84,Oudemolsedijk,2020-03-13,12:00:00,8,4,4,FMN GV 18 Kasterlee
84,Oudemolsedijk,2020-03-13,13:00:00,13,5,8,FMN GV 18 Kasterlee
84,Oudemolsedijk,2020-03-13,14:00:00,16,9,7,FMN GV 18 Kasterlee
84,Oudemolsedijk,2020-03-13,15:00:00,14,9,5,FMN GV 18 Kasterlee
84,Oudemolsedijk,2020-03-13,16:00:00,31,17,14,FMN GV 18 Kasterlee
84,Oudemolsedijk,2020-03-13,17:00:00,9,5,4,FMN GV 18 Kasterlee
84,Oudemolsedijk,2020-03-13,18:00:00,12,5,7,FMN GV 18 Kasterlee
84,Oudemolsedijk,2020-03-13,19:00:00,0,0,0,FMN GV 18 Kasterlee
84,Oudemolsedijk,2020-03-13,20:00:00,1,0,1,FMN GV 18 Kasterlee
84,Oudemolsedijk,2020-03-13,21:00:00,1,1,0,FMN GV 18 Kasterlee
84,Oudemolsedijk,2020-03-13,22:00:00,0,0,0,FMN GV 18 Kasterlee
84,Oudemolsedijk,2020-03-13,23:00:00,2,2,0,FMN GV 18 Kasterlee
84,Oudemolsedijk,2020-03-14,00:00:00,0,0,0,FMN GV 18 Kasterlee
84,Oudemolsedijk,2020-03-14,01:00:00,0,0,0,FMN GV 18 Kasterlee
84,Oudemolsedijk,2020-03-14,02:00:00,0,0,0,FMN GV 18 Kasterlee
84,Oudemolsedijk,2020-03-14,03:00:00,0,0,0,FMN GV 18 Kasterlee
84,Oudemolsedijk,2020-03-14,04:00:00,3,3,0,FMN GV 18 Kasterlee
84,Oudemolsedijk,2020-03-14,05:00:00,1,0,1,FMN GV 18 Kasterlee
84,Oudemolsedijk,2020-03-14,06:00:00,1,0,1,FMN GV 18 Kasterlee
84,Oudemolsedijk,2020-03-14,07:00:00,3,0,3,FMN GV 18 Kasterlee
84,Oudemolsedijk,2020-03-14,08:00:00,5,0,5,FMN GV 18 Kasterlee
84,Oudemolsedijk,2020-03-14,09:00:00,13,3,10,FMN GV 18 Kasterlee
84,Oudemolsedijk,2020-03-14,10:00:00,41,31,10,FMN GV 18 Kasterlee
84,Oudemolsedijk,2020-03-14,11:00:00,55,35,20,FMN GV 18 Kasterlee
84,Oudemolsedijk,2020-03-14,12:00:00,34,17,17,FMN GV 18 Kasterlee
84,Oudemolsedijk,2020-03-14,13:00:00,53,31,22,FMN GV 18 Kasterlee
84,Oudemolsedijk,2020-03-14,14:00:00,126,52,74,FMN GV 18 Kasterlee
84,Oudemolsedijk,2020-03-14,15:00:00,53,30,23,FMN GV 18 Kasterlee
84,Oudemolsedijk,2020-03-14,16:00:00,42,31,11,FMN GV 18 Kasterlee
84,Oudemolsedijk,2020-03-14,17:00:00,10,4,6,FMN GV 18 Kasterlee
84,Oudemolsedijk,2020-03-14,18:00:00,5,2,3,FMN GV 18 Kasterlee
84,Oudemolsedijk,2020-03-14,19:00:00,0,0,0,FMN GV 18 Kasterlee
84,Oudemolsedijk,2020-03-14,20:00:00,0,0,0,FMN GV 18 Kasterlee
84,Oudemolsedijk,2020-03-14,21:00:00,0,0,0,FMN GV 18 Kasterlee
84,Oudemolsedijk,2020-03-14,22:00:00,1,1,0,FMN GV 18 Kasterlee
84,Oudemolsedijk,2020-03-14,23:00:00,0,0,0,FMN GV 18 Kasterlee
84,Oudemolsedijk,2020-03-15,00:00:00,0,0,0,FMN GV 18 Kasterlee
84,Oudemolsedijk,2020-03-15,01:00:00,0,0,0,FMN GV 18 Kasterlee
84,Oudemolsedijk,2020-03-15,02:00:00,0,0,0,FMN GV 18 Kasterlee
84,Oudemolsedijk,2020-03-15,03:00:00,0,0,0,FMN GV 18 Kasterlee
84,Oudemolsedijk,2020-03-15,04:00:00,0,0,0,FMN GV 18 Kasterlee
84,Oudemolsedijk,2020-03-15,05:00:00,0,0,0,FMN GV 18 Kasterlee
84,Oudemolsedijk,2020-03-15,06:00:00,0,0,0,FMN GV 18 Kasterlee
84,Oudemolsedijk,2020-03-15,07:00:00,10,2,8,FMN GV 18 Kasterlee
84,Oudemolsedijk,2020-03-15,08:00:00,27,6,21,FMN GV 18 Kasterlee
84,Oudemolsedijk,2020-03-15,09:00:00,103,44,59,FMN GV 18 Kasterlee
84,Oudemolsedijk,2020-03-15,10:00:00,151,81,70,FMN GV 18 Kasterlee
84,Oudemolsedijk,2020-03-15,11:00:00,121,90,31,FMN GV 18 Kasterlee
84,Oudemolsedijk,2020-03-15,12:00:00,40,23,17,FMN GV 18 Kasterlee
84,Oudemolsedijk,2020-03-15,13:00:00,38,14,24,FMN GV 18 Kasterlee
84,Oudemolsedijk,2020-03-15,14:00:00,97,55,42,FMN GV 18 Kasterlee
84,Oudemolsedijk,2020-03-15,15:00:00,85,31,54,FMN GV 18 Kasterlee
84,Oudemolsedijk,2020-03-15,16:00:00,40,22,18,FMN GV 18 Kasterlee
84,Oudemolsedijk,2020-03-15,17:00:00,12,8,4,FMN GV 18 Kasterlee
84,Oudemolsedijk,2020-03-15,18:00:00,11,4,7,FMN GV 18 Kasterlee
84,Oudemolsedijk,2020-03-15,19:00:00,0,0,0,FMN GV 18 Kasterlee
84,Oudemolsedijk,2020-03-15,20:00:00,1,1,0,FMN GV 18 Kasterlee
84,Oudemolsedijk,2020-03-15,21:00:00,0,0,0,FMN GV 18 Kasterlee
84,Oudemolsedijk,2020-03-15,22:00:00,0,0,0,FMN GV 18 Kasterlee
84,Oudemolsedijk,2020-03-15,23:00:00,0,0,0,FMN GV 18 Kasterlee
84,Oudemolsedijk,2020-03-16,00:00:00,0,0,0,FMN GV 18 Kasterlee
84,Oudemolsedijk,2020-03-16,01:00:00,0,0,0,FMN GV 18 Kasterlee
84,Oudemolsedijk,2020-03-16,02:00:00,0,0,0,FMN GV 18 Kasterlee
84,Oudemolsedijk,2020-03-16,03:00:00,1,0,1,FMN GV 18 Kasterlee
84,Oudemolsedijk,2020-03-16,04:00:00,1,1,0,FMN GV 18 Kasterlee
84,Oudemolsedijk,2020-03-16,05:00:00,1,1,0,FMN GV 18 Kasterlee
84,Oudemolsedijk,2020-03-16,06:00:00,15,8,7,FMN GV 18 Kasterlee
84,Oudemolsedijk,2020-03-16,07:00:00,10,3,7,FMN GV 18 Kasterlee
84,Oudemolsedijk,2020-03-16,08:00:00,14,12,2,FMN GV 18 Kasterlee
84,Oudemolsedijk,2020-03-16,09:00:00,3,2,1,FMN GV 18 Kasterlee
84,Oudemolsedijk,2020-03-16,10:00:00,18,10,8,FMN GV 18 Kasterlee
84,Oudemolsedijk,2020-03-16,11:00:00,14,6,8,FMN GV 18 Kasterlee
84,Oudemolsedijk,2020-03-16,12:00:00,20,12,8,FMN GV 18 Kasterlee
84,Oudemolsedijk,2020-03-16,13:00:00,33,17,16,FMN GV 18 Kasterlee
84,Oudemolsedijk,2020-03-16,14:00:00,69,30,39,FMN GV 18 Kasterlee
84,Oudemolsedijk,2020-03-16,15:00:00,75,40,35,FMN GV 18 Kasterlee
84,Oudemolsedijk,2020-03-16,16:00:00,44,24,20,FMN GV 18 Kasterlee
84,Oudemolsedijk,2020-03-16,17:00:00,20,14,6,FMN GV 18 Kasterlee
84,Oudemolsedijk,2020-03-16,18:00:00,13,8,5,FMN GV 18 Kasterlee
84,Oudemolsedijk,2020-03-16,19:00:00,4,4,0,FMN GV 18 Kasterlee
84,Oudemolsedijk,2020-03-16,20:00:00,1,1,0,FMN GV 18 Kasterlee
84,Oudemolsedijk,2020-03-16,21:00:00,3,2,1,FMN GV 18 Kasterlee
84,Oudemolsedijk,2020-03-16,22:00:00,0,0,0,FMN GV 18 Kasterlee
84,Oudemolsedijk,2020-03-16,23:00:00,0,0,0,FMN GV 18 Kasterlee
84,Oudemolsedijk,2020-03-17,00:00:00,0,0,0,FMN GV 18 Kasterlee
84,Oudemolsedijk,2020-03-17,01:00:00,0,0,0,FMN GV 18 Kasterlee
84,Oudemolsedijk,2020-03-17,02:00:00,0,0,0,FMN GV 18 Kasterlee
84,Oudemolsedijk,2020-03-17,03:00:00,0,0,0,FMN GV 18 Kasterlee
84,Oudemolsedijk,2020-03-17,04:00:00,0,0,0,FMN GV 18 Kasterlee
84,Oudemolsedijk,2020-03-17,05:00:00,3,2,1,FMN GV 18 Kasterlee
84,Oudemolsedijk,2020-03-17,06:00:00,11,5,6,FMN GV 18 Kasterlee
84,Oudemolsedijk,2020-03-17,07:00:00,9,4,5,FMN GV 18 Kasterlee
84,Oudemolsedijk,2020-03-17,08:00:00,10,5,5,FMN GV 18 Kasterlee
84,Oudemolsedijk,2020-03-17,09:00:00,10,8,2,FMN GV 18 Kasterlee
84,Oudemolsedijk,2020-03-17,10:00:00,23,9,14,FMN GV 18 Kasterlee
84,Oudemolsedijk,2020-03-17,11:00:00,7,5,2,FMN GV 18 Kasterlee
84,Oudemolsedijk,2020-03-17,12:00:00,25,14,11,FMN GV 18 Kasterlee
84,Oudemolsedijk,2020-03-17,13:00:00,48,24,24,FMN GV 18 Kasterlee
84,Oudemolsedijk,2020-03-17,14:00:00,107,55,52,FMN GV 18 Kasterlee
84,Oudemolsedijk,2020-03-17,15:00:00,120,70,50,FMN GV 18 Kasterlee
84,Oudemolsedijk,2020-03-17,16:00:00,75,47,28,FMN GV 18 Kasterlee
84,Oudemolsedijk,2020-03-17,17:00:00,27,13,14,FMN GV 18 Kasterlee
84,Oudemolsedijk,2020-03-17,18:00:00,21,11,10,FMN GV 18 Kasterlee
84,Oudemolsedijk,2020-03-17,19:00:00,10,1,9,FMN GV 18 Kasterlee
84,Oudemolsedijk,2020-03-17,20:00:00,2,2,0,FMN GV 18 Kasterlee
84,Oudemolsedijk,2020-03-17,21:00:00,1,0,1,FMN GV 18 Kasterlee
84,Oudemolsedijk,2020-03-17,22:00:00,1,1,0,FMN GV 18 Kasterlee
84,Oudemolsedijk,2020-03-17,23:00:00,0,0,0,FMN GV 18 Kasterlee
84,Oudemolsedijk,2020-03-18,00:00:00,0,0,0,FMN GV 18 Kasterlee
84,Oudemolsedijk,2020-03-18,01:00:00,0,0,0,FMN GV 18 Kasterlee
84,Oudemolsedijk,2020-03-18,02:00:00,0,0,0,FMN GV 18 Kasterlee
84,Oudemolsedijk,2020-03-18,03:00:00,0,0,0,FMN GV 18 Kasterlee
84,Oudemolsedijk,2020-03-18,04:00:00,0,0,0,FMN GV 18 Kasterlee
84,Oudemolsedijk,2020-03-18,05:00:00,2,2,0,FMN GV 18 Kasterlee
84,Oudemolsedijk,2020-03-18,06:00:00,8,4,4,FMN GV 18 Kasterlee
84,Oudemolsedijk,2020-03-18,07:00:00,8,4,4,FMN GV 18 Kasterlee
84,Oudemolsedijk,2020-03-18,08:00:00,7,4,3,FMN GV 18 Kasterlee
84,Oudemolsedijk,2020-03-18,09:00:00,19,8,11,FMN GV 18 Kasterlee
84,Oudemolsedijk,2020-03-18,10:00:00,17,8,9,FMN GV 18 Kasterlee
84,Oudemolsedijk,2020-03-18,11:00:00,30,19,11,FMN GV 18 Kasterlee
84,Oudemolsedijk,2020-03-18,12:00:00,34,20,14,FMN GV 18 Kasterlee
84,Oudemolsedijk,2020-03-18,13:00:00,55,20,35,FMN GV 18 Kasterlee
84,Oudemolsedijk,2020-03-18,14:00:00,116,57,59,FMN GV 18 Kasterlee
84,Oudemolsedijk,2020-03-18,15:00:00,105,63,42,FMN GV 18 Kasterlee
84,Oudemolsedijk,2020-03-18,16:00:00,81,35,46,FMN GV 18 Kasterlee
84,Oudemolsedijk,2020-03-18,17:00:00,47,25,22,FMN GV 18 Kasterlee
84,Oudemolsedijk,2020-03-18,18:00:00,21,7,14,FMN GV 18 Kasterlee
84,Oudemolsedijk,2020-03-18,19:00:00,6,6,0,FMN GV 18 Kasterlee
84,Oudemolsedijk,2020-03-18,20:00:00,7,5,2,FMN GV 18 Kasterlee
84,Oudemolsedijk,2020-03-18,21:00:00,0,0,0,FMN GV 18 Kasterlee
84,Oudemolsedijk,2020-03-18,22:00:00,0,0,0,FMN GV 18 Kasterlee
84,Oudemolsedijk,2020-03-18,23:00:00,0,0,0,FMN GV 18 Kasterlee
84,Oudemolsedijk,2020-03-19,00:00:00,0,0,0,FMN GV 18 Kasterlee
84,Oudemolsedijk,2020-03-19,01:00:00,0,0,0,FMN GV 18 Kasterlee
84,Oudemolsedijk,2020-03-19,02:00:00,0,0,0,FMN GV 18 Kasterlee
84,Oudemolsedijk,2020-03-19,03:00:00,1,0,1,FMN GV 18 Kasterlee
84,Oudemolsedijk,2020-03-19,04:00:00,0,0,0,FMN GV 18 Kasterlee
84,Oudemolsedijk,2020-03-19,05:00:00,2,2,0,FMN GV 18 Kasterlee
84,Oudemolsedijk,2020-03-19,06:00:00,7,1,6,FMN GV 18 Kasterlee
84,Oudemolsedijk,2020-03-19,07:00:00,6,5,1,FMN GV 18 Kasterlee
84,Oudemolsedijk,2020-03-19,08:00:00,4,3,1,FMN GV 18 Kasterlee
84,Oudemolsedijk,2020-03-19,09:00:00,9,3,6,FMN GV 18 Kasterlee
84,Oudemolsedijk,2020-03-19,10:00:00,16,10,6,FMN GV 18 Kasterlee
84,Oudemolsedijk,2020-03-19,11:00:00,19,13,6,FMN GV 18 Kasterlee
84,Oudemolsedijk,2020-03-19,12:00:00,21,11,10,FMN GV 18 Kasterlee
84,Oudemolsedijk,2020-03-19,13:00:00,43,16,27,FMN GV 18 Kasterlee
84,Oudemolsedijk,2020-03-19,14:00:00,112,61,51,FMN GV 18 Kasterlee
84,Oudemolsedijk,2020-03-19,15:00:00,98,61,37,FMN GV 18 Kasterlee
84,Oudemolsedijk,2020-03-19,16:00:00,49,28,21,FMN GV 18 Kasterlee
84,Oudemolsedijk,2020-03-19,17:00:00,29,15,14,FMN GV 18 Kasterlee
84,Oudemolsedijk,2020-03-19,18:00:00,15,6,9,FMN GV 18 Kasterlee
84,Oudemolsedijk,2020-03-19,19:00:00,2,2,0,FMN GV 18 Kasterlee
84,Oudemolsedijk,2020-03-19,20:00:00,4,2,2,FMN GV 18 Kasterlee
84,Oudemolsedijk,2020-03-19,21:00:00,1,1,0,FMN GV 18 Kasterlee
84,Oudemolsedijk,2020-03-19,22:00:00,1,0,1,FMN GV 18 Kasterlee
84,Oudemolsedijk,2020-03-19,23:00:00,0,0,0,FMN GV 18 Kasterlee
84,Oudemolsedijk,2020-03-20,00:00:00,0,0,0,FMN GV 18 Kasterlee
84,Oudemolsedijk,2020-03-20,01:00:00,0,0,0,FMN GV 18 Kasterlee
84,Oudemolsedijk,2020-03-20,02:00:00,0,0,0,FMN GV 18 Kasterlee
84,Oudemolsedijk,2020-03-20,03:00:00,1,0,1,FMN GV 18 Kasterlee
84,Oudemolsedijk,2020-03-20,04:00:00,0,0,0,FMN GV 18 Kasterlee
84,Oudemolsedijk,2020-03-20,05:00:00,2,2,0,FMN GV 18 Kasterlee
84,Oudemolsedijk,2020-03-20,06:00:00,4,1,3,FMN GV 18 Kasterlee
84,Oudemolsedijk,2020-03-20,07:00:00,4,1,3,FMN GV 18 Kasterlee
84,Oudemolsedijk,2020-03-20,08:00:00,2,1,1,FMN GV 18 Kasterlee
84,Oudemolsedijk,2020-03-20,09:00:00,3,1,2,FMN GV 18 Kasterlee
84,Oudemolsedijk,2020-03-20,10:00:00,18,7,11,FMN GV 18 Kasterlee
84,Oudemolsedijk,2020-03-20,11:00:00,10,7,3,FMN GV 18 Kasterlee
84,Oudemolsedijk,2020-03-20,12:00:00,6,4,2,FMN GV 18 Kasterlee
84,Oudemolsedijk,2020-03-20,13:00:00,11,8,3,FMN GV 18 Kasterlee
84,Oudemolsedijk,2020-03-20,14:00:00,18,10,8,FMN GV 18 Kasterlee
84,Oudemolsedijk,2020-03-20,15:00:00,19,15,4,FMN GV 18 Kasterlee
84,Oudemolsedijk,2020-03-20,16:00:00,11,6,5,FMN GV 18 Kasterlee
84,Oudemolsedijk,2020-03-20,17:00:00,4,1,3,FMN GV 18 Kasterlee
84,Oudemolsedijk,2020-03-20,18:00:00,2,1,1,FMN GV 18 Kasterlee
84,Oudemolsedijk,2020-03-20,19:00:00,0,0,0,FMN GV 18 Kasterlee
84,Oudemolsedijk,2020-03-20,20:00:00,1,1,0,FMN GV 18 Kasterlee
84,Oudemolsedijk,2020-03-20,21:00:00,0,0,0,FMN GV 18 Kasterlee
84,Oudemolsedijk,2020-03-20,22:00:00,1,0,1,FMN GV 18 Kasterlee
84,Oudemolsedijk,2020-03-20,23:00:00,0,0,0,FMN GV 18 Kasterlee
84,Oudemolsedijk,2020-03-21,00:00:00,0,0,0,FMN GV 18 Kasterlee
84,Oudemolsedijk,2020-03-21,01:00:00,0,0,0,FMN GV 18 Kasterlee
84,Oudemolsedijk,2020-03-21,02:00:00,0,0,0,FMN GV 18 Kasterlee
84,Oudemolsedijk,2020-03-21,03:00:00,0,0,0,FMN GV 18 Kasterlee
84,Oudemolsedijk,2020-03-21,04:00:00,0,0,0,FMN GV 18 Kasterlee
84,Oudemolsedijk,2020-03-21,05:00:00,0,0,0,FMN GV 18 Kasterlee
84,Oudemolsedijk,2020-03-21,06:00:00,2,0,2,FMN GV 18 Kasterlee
84,Oudemolsedijk,2020-03-21,07:00:00,3,1,2,FMN GV 18 Kasterlee
84,Oudemolsedijk,2020-03-21,08:00:00,8,4,4,FMN GV 18 Kasterlee
84,Oudemolsedijk,2020-03-21,09:00:00,12,6,6,FMN GV 18 Kasterlee
84,Oudemolsedijk,2020-03-21,10:00:00,49,19,30,FMN GV 18 Kasterlee
84,Oudemolsedijk,2020-03-21,11:00:00,56,35,21,FMN GV 18 Kasterlee
84,Oudemolsedijk,2020-03-21,12:00:00,32,18,14,FMN GV 18 Kasterlee
84,Oudemolsedijk,2020-03-21,13:00:00,72,32,40,FMN GV 18 Kasterlee
84,Oudemolsedijk,2020-03-21,14:00:00,109,54,55,FMN GV 18 Kasterlee
84,Oudemolsedijk,2020-03-21,15:00:00,108,73,35,FMN GV 18 Kasterlee
84,Oudemolsedijk,2020-03-21,16:00:00,39,23,16,FMN GV 18 Kasterlee
84,Oudemolsedijk,2020-03-21,17:00:00,29,24,5,FMN GV 18 Kasterlee
84,Oudemolsedijk,2020-03-21,18:00:00,8,3,5,FMN GV 18 Kasterlee
84,Oudemolsedijk,2020-03-21,19:00:00,8,3,5,FMN GV 18 Kasterlee
84,Oudemolsedijk,2020-03-21,20:00:00,0,0,0,FMN GV 18 Kasterlee
84,Oudemolsedijk,2020-03-21,21:00:00,0,0,0,FMN GV 18 Kasterlee
84,Oudemolsedijk,2020-03-21,22:00:00,0,0,0,FMN GV 18 Kasterlee
84,Oudemolsedijk,2020-03-21,23:00:00,0,0,0,FMN GV 18 Kasterlee
84,Oudemolsedijk,2020-03-22,00:00:00,0,0,0,FMN GV 18 Kasterlee
84,Oudemolsedijk,2020-03-22,01:00:00,0,0,0,FMN GV 18 Kasterlee
84,Oudemolsedijk,2020-03-22,02:00:00,0,0,0,FMN GV 18 Kasterlee
84,Oudemolsedijk,2020-03-22,03:00:00,0,0,0,FMN GV 18 Kasterlee
84,Oudemolsedijk,2020-03-22,04:00:00,0,0,0,FMN GV 18 Kasterlee
84,Oudemolsedijk,2020-03-22,05:00:00,0,0,0,FMN GV 18 Kasterlee
84,Oudemolsedijk,2020-03-22,06:00:00,0,0,0,FMN GV 18 Kasterlee
84,Oudemolsedijk,2020-03-22,07:00:00,3,0,3,FMN GV 18 Kasterlee
84,Oudemolsedijk,2020-03-22,08:00:00,11,3,8,FMN GV 18 Kasterlee
84,Oudemolsedijk,2020-03-22,09:00:00,53,10,43,FMN GV 18 Kasterlee
84,Oudemolsedijk,2020-03-22,10:00:00,87,52,35,FMN GV 18 Kasterlee
84,Oudemolsedijk,2020-03-22,11:00:00,109,77,32,FMN GV 18 Kasterlee
84,Oudemolsedijk,2020-03-22,12:00:00,50,27,23,FMN GV 18 Kasterlee
84,Oudemolsedijk,2020-03-22,13:00:00,93,44,49,FMN GV 18 Kasterlee
84,Oudemolsedijk,2020-03-22,14:00:00,124,51,73,FMN GV 18 Kasterlee
84,Oudemolsedijk,2020-03-22,15:00:00,132,67,65,FMN GV 18 Kasterlee
84,Oudemolsedijk,2020-03-22,16:00:00,74,43,31,FMN GV 18 Kasterlee
84,Oudemolsedijk,2020-03-22,17:00:00,23,13,10,FMN GV 18 Kasterlee
84,Oudemolsedijk,2020-03-22,18:00:00,10,9,1,FMN GV 18 Kasterlee
84,Oudemolsedijk,2020-03-22,19:00:00,3,1,2,FMN GV 18 Kasterlee
84,Oudemolsedijk,2020-03-22,20:00:00,0,0,0,FMN GV 18 Kasterlee
84,Oudemolsedijk,2020-03-22,21:00:00,0,0,0,FMN GV 18 Kasterlee
84,Oudemolsedijk,2020-03-22,22:00:00,1,1,0,FMN GV 18 Kasterlee
84,Oudemolsedijk,2020-03-22,23:00:00,0,0,0,FMN GV 18 Kasterlee
84,Oudemolsedijk,2020-03-23,00:00:00,0,0,0,FMN GV 18 Kasterlee
84,Oudemolsedijk,2020-03-23,01:00:00,0,0,0,FMN GV 18 Kasterlee
84,Oudemolsedijk,2020-03-23,02:00:00,1,0,1,FMN GV 18 Kasterlee
84,Oudemolsedijk,2020-03-23,03:00:00,0,0,0,FMN GV 18 Kasterlee
84,Oudemolsedijk,2020-03-23,04:00:00,0,0,0,FMN GV 18 Kasterlee
84,Oudemolsedijk,2020-03-23,05:00:00,1,1,0,FMN GV 18 Kasterlee
84,Oudemolsedijk,2020-03-23,06:00:00,3,2,1,FMN GV 18 Kasterlee
84,Oudemolsedijk,2020-03-23,07:00:00,7,3,4,FMN GV 18 Kasterlee
84,Oudemolsedijk,2020-03-23,08:00:00,3,2,1,FMN GV 18 Kasterlee
84,Oudemolsedijk,2020-03-23,09:00:00,9,2,7,FMN GV 18 Kasterlee
84,Oudemolsedijk,2020-03-23,10:00:00,11,3,8,FMN GV 18 Kasterlee
84,Oudemolsedijk,2020-03-23,11:00:00,8,8,0,FMN GV 18 Kasterlee
84,Oudemolsedijk,2020-03-23,12:00:00,22,12,10,FMN GV 18 Kasterlee
84,Oudemolsedijk,2020-03-23,13:00:00,25,6,19,FMN GV 18 Kasterlee
84,Oudemolsedijk,2020-03-23,14:00:00,68,32,36,FMN GV 18 Kasterlee
84,Oudemolsedijk,2020-03-23,15:00:00,81,48,33,FMN GV 18 Kasterlee
84,Oudemolsedijk,2020-03-23,16:00:00,42,20,22,FMN GV 18 Kasterlee
84,Oudemolsedijk,2020-03-23,17:00:00,32,16,16,FMN GV 18 Kasterlee
84,Oudemolsedijk,2020-03-23,18:00:00,16,10,6,FMN GV 18 Kasterlee
84,Oudemolsedijk,2020-03-23,19:00:00,3,1,2,FMN GV 18 Kasterlee
84,Oudemolsedijk,2020-03-23,20:00:00,0,0,0,FMN GV 18 Kasterlee
84,Oudemolsedijk,2020-03-23,21:00:00,4,0,4,FMN GV 18 Kasterlee
84,Oudemolsedijk,2020-03-23,22:00:00,0,0,0,FMN GV 18 Kasterlee
84,Oudemolsedijk,2020-03-23,23:00:00,0,0,0,FMN GV 18 Kasterlee
84,Oudemolsedijk,2020-03-24,00:00:00,0,0,0,FMN GV 18 Kasterlee
84,Oudemolsedijk,2020-03-24,01:00:00,0,0,0,FMN GV 18 Kasterlee
84,Oudemolsedijk,2020-03-24,02:00:00,0,0,0,FMN GV 18 Kasterlee
84,Oudemolsedijk,2020-03-24,03:00:00,0,0,0,FMN GV 18 Kasterlee
84,Oudemolsedijk,2020-03-24,04:00:00,0,0,0,FMN GV 18 Kasterlee
84,Oudemolsedijk,2020-03-24,05:00:00,1,1,0,FMN GV 18 Kasterlee
84,Oudemolsedijk,2020-03-24,06:00:00,5,2,3,FMN GV 18 Kasterlee
84,Oudemolsedijk,2020-03-24,07:00:00,5,3,2,FMN GV 18 Kasterlee
84,Oudemolsedijk,2020-03-24,08:00:00,7,1,6,FMN GV 18 Kasterlee
84,Oudemolsedijk,2020-03-24,09:00:00,8,1,7,FMN GV 18 Kasterlee
84,Oudemolsedijk,2020-03-24,10:00:00,21,12,9,FMN GV 18 Kasterlee
84,Oudemolsedijk,2020-03-24,11:00:00,33,20,13,FMN GV 18 Kasterlee
84,Oudemolsedijk,2020-03-24,12:00:00,22,12,10,FMN GV 18 Kasterlee
84,Oudemolsedijk,2020-03-24,13:00:00,90,35,55,FMN GV 18 Kasterlee
84,Oudemolsedijk,2020-03-24,14:00:00,156,79,77,FMN GV 18 Kasterlee
84,Oudemolsedijk,2020-03-24,15:00:00,122,87,35,FMN GV 18 Kasterlee
84,Oudemolsedijk,2020-03-24,16:00:00,78,41,37,FMN GV 18 Kasterlee
84,Oudemolsedijk,2020-03-24,17:00:00,27,12,15,FMN GV 18 Kasterlee
84,Oudemolsedijk,2020-03-24,18:00:00,25,18,7,FMN GV 18 Kasterlee
84,Oudemolsedijk,2020-03-24,19:00:00,3,3,0,FMN GV 18 Kasterlee
84,Oudemolsedijk,2020-03-24,20:00:00,0,0,0,FMN GV 18 Kasterlee
84,Oudemolsedijk,2020-03-24,21:00:00,1,0,1,FMN GV 18 Kasterlee
84,Oudemolsedijk,2020-03-24,22:00:00,2,2,0,FMN GV 18 Kasterlee
84,Oudemolsedijk,2020-03-24,23:00:00,0,0,0,FMN GV 18 Kasterlee
84,Oudemolsedijk,2020-03-25,00:00:00,0,0,0,FMN GV 18 Kasterlee
84,Oudemolsedijk,2020-03-25,01:00:00,0,0,0,FMN GV 18 Kasterlee
84,Oudemolsedijk,2020-03-25,02:00:00,0,0,0,FMN GV 18 Kasterlee
84,Oudemolsedijk,2020-03-25,03:00:00,0,0,0,FMN GV 18 Kasterlee
84,Oudemolsedijk,2020-03-25,04:00:00,0,0,0,FMN GV 18 Kasterlee
84,Oudemolsedijk,2020-03-25,05:00:00,1,1,0,FMN GV 18 Kasterlee
84,Oudemolsedijk,2020-03-25,06:00:00,2,0,2,FMN GV 18 Kasterlee
84,Oudemolsedijk,2020-03-25,07:00:00,2,1,1,FMN GV 18 Kasterlee
84,Oudemolsedijk,2020-03-25,08:00:00,7,3,4,FMN GV 18 Kasterlee
84,Oudemolsedijk,2020-03-25,09:00:00,12,6,6,FMN GV 18 Kasterlee
84,Oudemolsedijk,2020-03-25,10:00:00,12,7,5,FMN GV 18 Kasterlee
84,Oudemolsedijk,2020-03-25,11:00:00,20,10,10,FMN GV 18 Kasterlee
84,Oudemolsedijk,2020-03-25,12:00:00,40,16,24,FMN GV 18 Kasterlee
84,Oudemolsedijk,2020-03-25,13:00:00,74,39,35,FMN GV 18 Kasterlee
84,Oudemolsedijk,2020-03-25,14:00:00,155,69,86,FMN GV 18 Kasterlee
84,Oudemolsedijk,2020-03-25,15:00:00,149,90,59,FMN GV 18 Kasterlee
84,Oudemolsedijk,2020-03-25,16:00:00,70,41,29,FMN GV 18 Kasterlee
84,Oudemolsedijk,2020-03-25,17:00:00,32,23,9,FMN GV 18 Kasterlee
84,Oudemolsedijk,2020-03-25,18:00:00,30,17,13,FMN GV 18 Kasterlee
84,Oudemolsedijk,2020-03-25,19:00:00,3,2,1,FMN GV 18 Kasterlee
84,Oudemolsedijk,2020-03-25,20:00:00,6,6,0,FMN GV 18 Kasterlee
84,Oudemolsedijk,2020-03-25,21:00:00,3,0,3,FMN GV 18 Kasterlee
84,Oudemolsedijk,2020-03-25,22:00:00,2,0,2,FMN GV 18 Kasterlee
84,Oudemolsedijk,2020-03-25,23:00:00,0,0,0,FMN GV 18 Kasterlee
84,Oudemolsedijk,2020-03-26,00:00:00,0,0,0,FMN GV 18 Kasterlee
84,Oudemolsedijk,2020-03-26,01:00:00,0,0,0,FMN GV 18 Kasterlee
84,Oudemolsedijk,2020-03-26,02:00:00,0,0,0,FMN GV 18 Kasterlee
84,Oudemolsedijk,2020-03-26,03:00:00,0,0,0,FMN GV 18 Kasterlee
84,Oudemolsedijk,2020-03-26,04:00:00,1,1,0,FMN GV 18 Kasterlee
84,Oudemolsedijk,2020-03-26,05:00:00,2,2,0,FMN GV 18 Kasterlee
84,Oudemolsedijk,2020-03-26,06:00:00,5,3,2,FMN GV 18 Kasterlee
84,Oudemolsedijk,2020-03-26,07:00:00,5,2,3,FMN GV 18 Kasterlee
84,Oudemolsedijk,2020-03-26,08:00:00,7,4,3,FMN GV 18 Kasterlee
84,Oudemolsedijk,2020-03-26,09:00:00,9,4,5,FMN GV 18 Kasterlee
84,Oudemolsedijk,2020-03-26,10:00:00,12,6,6,FMN GV 18 Kasterlee
84,Oudemolsedijk,2020-03-26,11:00:00,14,8,6,FMN GV 18 Kasterlee
84,Oudemolsedijk,2020-03-26,12:00:00,32,12,20,FMN GV 18 Kasterlee
84,Oudemolsedijk,2020-03-26,13:00:00,86,30,56,FMN GV 18 Kasterlee
84,Oudemolsedijk,2020-03-26,14:00:00,82,41,41,FMN GV 18 Kasterlee
84,Oudemolsedijk,2020-03-26,15:00:00,78,42,36,FMN GV 18 Kasterlee
84,Oudemolsedijk,2020-03-26,16:00:00,61,39,22,FMN GV 18 Kasterlee
84,Oudemolsedijk,2020-03-26,17:00:00,34,15,19,FMN GV 18 Kasterlee
84,Oudemolsedijk,2020-03-26,18:00:00,16,13,3,FMN GV 18 Kasterlee
84,Oudemolsedijk,2020-03-26,19:00:00,5,1,4,FMN GV 18 Kasterlee
84,Oudemolsedijk,2020-03-26,20:00:00,1,0,1,FMN GV 18 Kasterlee
84,Oudemolsedijk,2020-03-26,21:00:00,1,0,1,FMN GV 18 Kasterlee
84,Oudemolsedijk,2020-03-26,22:00:00,2,1,1,FMN GV 18 Kasterlee
84,Oudemolsedijk,2020-03-26,23:00:00,0,0,0,FMN GV 18 Kasterlee
84,Oudemolsedijk,2020-03-27,00:00:00,0,0,0,FMN GV 18 Kasterlee
84,Oudemolsedijk,2020-03-27,01:00:00,0,0,0,FMN GV 18 Kasterlee
84,Oudemolsedijk,2020-03-27,02:00:00,1,0,1,FMN GV 18 Kasterlee
84,Oudemolsedijk,2020-03-27,03:00:00,0,0,0,FMN GV 18 Kasterlee
84,Oudemolsedijk,2020-03-27,04:00:00,0,0,0,FMN GV 18 Kasterlee
84,Oudemolsedijk,2020-03-27,05:00:00,4,4,0,FMN GV 18 Kasterlee
84,Oudemolsedijk,2020-03-27,06:00:00,2,1,1,FMN GV 18 Kasterlee
84,Oudemolsedijk,2020-03-27,07:00:00,6,3,3,FMN GV 18 Kasterlee
84,Oudemolsedijk,2020-03-27,08:00:00,9,4,5,FMN GV 18 Kasterlee
84,Oudemolsedijk,2020-03-27,09:00:00,10,5,5,FMN GV 18 Kasterlee
84,Oudemolsedijk,2020-03-27,10:00:00,18,9,9,FMN GV 18 Kasterlee
84,Oudemolsedijk,2020-03-27,11:00:00,41,19,22,FMN GV 18 Kasterlee
84,Oudemolsedijk,2020-03-27,12:00:00,31,18,13,FMN GV 18 Kasterlee
84,Oudemolsedijk,2020-03-27,13:00:00,75,39,36,FMN GV 18 Kasterlee
84,Oudemolsedijk,2020-03-27,14:00:00,143,69,74,FMN GV 18 Kasterlee
84,Oudemolsedijk,2020-03-27,15:00:00,159,85,74,FMN GV 18 Kasterlee
84,Oudemolsedijk,2020-03-27,16:00:00,89,59,30,FMN GV 18 Kasterlee
84,Oudemolsedijk,2020-03-27,17:00:00,38,16,22,FMN GV 18 Kasterlee
84,Oudemolsedijk,2020-03-27,18:00:00,14,4,10,FMN GV 18 Kasterlee
84,Oudemolsedijk,2020-03-27,19:00:00,14,8,6,FMN GV 18 Kasterlee
84,Oudemolsedijk,2020-03-27,20:00:00,0,0,0,FMN GV 18 Kasterlee
84,Oudemolsedijk,2020-03-27,21:00:00,0,0,0,FMN GV 18 Kasterlee
84,Oudemolsedijk,2020-03-27,22:00:00,1,0,1,FMN GV 18 Kasterlee
84,Oudemolsedijk,2020-03-27,23:00:00,0,0,0,FMN GV 18 Kasterlee
84,Oudemolsedijk,2020-03-28,00:00:00,1,0,1,FMN GV 18 Kasterlee
84,Oudemolsedijk,2020-03-28,01:00:00,1,0,1,FMN GV 18 Kasterlee
84,Oudemolsedijk,2020-03-28,02:00:00,0,0,0,FMN GV 18 Kasterlee
84,Oudemolsedijk,2020-03-28,03:00:00,0,0,0,FMN GV 18 Kasterlee
84,Oudemolsedijk,2020-03-28,04:00:00,0,0,0,FMN GV 18 Kasterlee
84,Oudemolsedijk,2020-03-28,05:00:00,0,0,0,FMN GV 18 Kasterlee
84,Oudemolsedijk,2020-03-28,06:00:00,0,0,0,FMN GV 18 Kasterlee
84,Oudemolsedijk,2020-03-28,07:00:00,4,2,2,FMN GV 18 Kasterlee
84,Oudemolsedijk,2020-03-28,08:00:00,7,3,4,FMN GV 18 Kasterlee
84,Oudemolsedijk,2020-03-28,09:00:00,30,14,16,FMN GV 18 Kasterlee
84,Oudemolsedijk,2020-03-28,10:00:00,57,29,28,FMN GV 18 Kasterlee
84,Oudemolsedijk,2020-03-28,11:00:00,48,30,18,FMN GV 18 Kasterlee
84,Oudemolsedijk,2020-03-28,12:00:00,63,41,22,FMN GV 18 Kasterlee
84,Oudemolsedijk,2020-03-28,13:00:00,116,62,54,FMN GV 18 Kasterlee
84,Oudemolsedijk,2020-03-28,14:00:00,242,123,119,FMN GV 18 Kasterlee
84,Oudemolsedijk,2020-03-28,15:00:00,176,96,80,FMN GV 18 Kasterlee
84,Oudemolsedijk,2020-03-28,16:00:00,107,62,45,FMN GV 18 Kasterlee
84,Oudemolsedijk,2020-03-28,17:00:00,51,28,23,FMN GV 18 Kasterlee
84,Oudemolsedijk,2020-03-28,18:00:00,18,8,10,FMN GV 18 Kasterlee
84,Oudemolsedijk,2020-03-28,19:00:00,1,0,1,FMN GV 18 Kasterlee
84,Oudemolsedijk,2020-03-28,20:00:00,1,1,0,FMN GV 18 Kasterlee
84,Oudemolsedijk,2020-03-28,21:00:00,0,0,0,FMN GV 18 Kasterlee
84,Oudemolsedijk,2020-03-28,22:00:00,0,0,0,FMN GV 18 Kasterlee
84,Oudemolsedijk,2020-03-28,23:00:00,0,0,0,FMN GV 18 Kasterlee
84,Oudemolsedijk,2020-03-29,00:00:00,0,0,0,FMN GV 18 Kasterlee
84,Oudemolsedijk,2020-03-29,01:00:00,0,0,0,FMN GV 18 Kasterlee
84,Oudemolsedijk,2020-03-29,02:00:00,0,0,0,FMN GV 18 Kasterlee
84,Oudemolsedijk,2020-03-29,03:00:00,0,0,0,FMN GV 18 Kasterlee
84,Oudemolsedijk,2020-03-29,04:00:00,0,0,0,FMN GV 18 Kasterlee
84,Oudemolsedijk,2020-03-29,05:00:00,0,0,0,FMN GV 18 Kasterlee
84,Oudemolsedijk,2020-03-29,06:00:00,0,0,0,FMN GV 18 Kasterlee
84,Oudemolsedijk,2020-03-29,07:00:00,2,1,1,FMN GV 18 Kasterlee
84,Oudemolsedijk,2020-03-29,08:00:00,3,0,3,FMN GV 18 Kasterlee
84,Oudemolsedijk,2020-03-29,09:00:00,37,22,15,FMN GV 18 Kasterlee
84,Oudemolsedijk,2020-03-29,10:00:00,70,38,32,FMN GV 18 Kasterlee
84,Oudemolsedijk,2020-03-29,11:00:00,87,56,31,FMN GV 18 Kasterlee
84,Oudemolsedijk,2020-03-29,12:00:00,32,23,9,FMN GV 18 Kasterlee
84,Oudemolsedijk,2020-03-29,13:00:00,7,2,5,FMN GV 18 Kasterlee
84,Oudemolsedijk,2020-03-29,14:00:00,12,5,7,FMN GV 18 Kasterlee
84,Oudemolsedijk,2020-03-29,15:00:00,7,4,3,FMN GV 18 Kasterlee
84,Oudemolsedijk,2020-03-29,16:00:00,3,2,1,FMN GV 18 Kasterlee
84,Oudemolsedijk,2020-03-29,17:00:00,10,5,5,FMN GV 18 Kasterlee
84,Oudemolsedijk,2020-03-29,18:00:00,5,5,0,FMN GV 18 Kasterlee
84,Oudemolsedijk,2020-03-29,19:00:00,2,0,2,FMN GV 18 Kasterlee
84,Oudemolsedijk,2020-03-29,20:00:00,0,0,0,FMN GV 18 Kasterlee
84,Oudemolsedijk,2020-03-29,21:00:00,0,0,0,FMN GV 18 Kasterlee
84,Oudemolsedijk,2020-03-29,22:00:00,0,0,0,FMN GV 18 Kasterlee
84,Oudemolsedijk,2020-03-29,23:00:00,0,0,0,FMN GV 18 Kasterlee
84,Oudemolsedijk,2020-03-30,00:00:00,0,0,0,FMN GV 18 Kasterlee
84,Oudemolsedijk,2020-03-30,01:00:00,0,0,0,FMN GV 18 Kasterlee
84,Oudemolsedijk,2020-03-30,02:00:00,0,0,0,FMN GV 18 Kasterlee
84,Oudemolsedijk,2020-03-30,03:00:00,0,0,0,FMN GV 18 Kasterlee
84,Oudemolsedijk,2020-03-30,04:00:00,0,0,0,FMN GV 18 Kasterlee
84,Oudemolsedijk,2020-03-30,05:00:00,5,5,0,FMN GV 18 Kasterlee
84,Oudemolsedijk,2020-03-30,06:00:00,3,1,2,FMN GV 18 Kasterlee
84,Oudemolsedijk,2020-03-30,07:00:00,5,3,2,FMN GV 18 Kasterlee
84,Oudemolsedijk,2020-03-30,08:00:00,4,2,2,FMN GV 18 Kasterlee
84,Oudemolsedijk,2020-03-30,09:00:00,8,4,4,FMN GV 18 Kasterlee
84,Oudemolsedijk,2020-03-30,10:00:00,12,9,3,FMN GV 18 Kasterlee
84,Oudemolsedijk,2020-03-30,11:00:00,15,7,8,FMN GV 18 Kasterlee
84,Oudemolsedijk,2020-03-30,12:00:00,30,16,14,FMN GV 18 Kasterlee
84,Oudemolsedijk,2020-03-30,13:00:00,47,22,25,FMN GV 18 Kasterlee
84,Oudemolsedijk,2020-03-30,14:00:00,52,25,27,FMN GV 18 Kasterlee
84,Oudemolsedijk,2020-03-30,15:00:00,40,23,17,FMN GV 18 Kasterlee
84,Oudemolsedijk,2020-03-30,16:00:00,25,14,11,FMN GV 18 Kasterlee
84,Oudemolsedijk,2020-03-30,17:00:00,18,12,6,FMN GV 18 Kasterlee
84,Oudemolsedijk,2020-03-30,18:00:00,10,7,3,FMN GV 18 Kasterlee
84,Oudemolsedijk,2020-03-30,19:00:00,4,2,2,FMN GV 18 Kasterlee
84,Oudemolsedijk,2020-03-30,20:00:00,1,1,0,FMN GV 18 Kasterlee
84,Oudemolsedijk,2020-03-30,21:00:00,1,1,0,FMN GV 18 Kasterlee
84,Oudemolsedijk,2020-03-30,22:00:00,0,0,0,FMN GV 18 Kasterlee
84,Oudemolsedijk,2020-03-30,23:00:00,2,1,1,FMN GV 18 Kasterlee
84,Oudemolsedijk,2020-03-31,00:00:00,1,0,1,FMN GV 18 Kasterlee
84,Oudemolsedijk,2020-03-31,01:00:00,0,0,0,FMN GV 18 Kasterlee
84,Oudemolsedijk,2020-03-31,02:00:00,0,0,0,FMN GV 18 Kasterlee
84,Oudemolsedijk,2020-03-31,03:00:00,0,0,0,FMN GV 18 Kasterlee
84,Oudemolsedijk,2020-03-31,04:00:00,0,0,0,FMN GV 18 Kasterlee
84,Oudemolsedijk,2020-03-31,05:00:00,4,4,0,FMN GV 18 Kasterlee
84,Oudemolsedijk,2020-03-31,06:00:00,4,1,3,FMN GV 18 Kasterlee
84,Oudemolsedijk,2020-03-31,07:00:00,4,3,1,FMN GV 18 Kasterlee
84,Oudemolsedijk,2020-03-31,08:00:00,5,3,2,FMN GV 18 Kasterlee
84,Oudemolsedijk,2020-03-31,09:00:00,6,3,3,FMN GV 18 Kasterlee
84,Oudemolsedijk,2020-03-31,10:00:00,13,8,5,FMN GV 18 Kasterlee
84,Oudemolsedijk,2020-03-31,11:00:00,16,9,7,FMN GV 18 Kasterlee
84,Oudemolsedijk,2020-03-31,12:00:00,25,15,10,FMN GV 18 Kasterlee
84,Oudemolsedijk,2020-03-31,13:00:00,44,22,22,FMN GV 18 Kasterlee
84,Oudemolsedijk,2020-03-31,14:00:00,100,43,57,FMN GV 18 Kasterlee
84,Oudemolsedijk,2020-03-31,15:00:00,98,58,40,FMN GV 18 Kasterlee
84,Oudemolsedijk,2020-03-31,16:00:00,65,29,36,FMN GV 18 Kasterlee
84,Oudemolsedijk,2020-03-31,17:00:00,40,21,19,FMN GV 18 Kasterlee
84,Oudemolsedijk,2020-03-31,18:00:00,26,9,17,FMN GV 18 Kasterlee
84,Oudemolsedijk,2020-03-31,19:00:00,17,6,11,FMN GV 18 Kasterlee
84,Oudemolsedijk,2020-03-31,20:00:00,4,1,3,FMN GV 18 Kasterlee
84,Oudemolsedijk,2020-03-31,21:00:00,1,1,0,FMN GV 18 Kasterlee
84,Oudemolsedijk,2020-03-31,22:00:00,0,0,0,FMN GV 18 Kasterlee
84,Oudemolsedijk,2020-03-31,23:00:00,0,0,0,FMN GV 18 Kasterlee
84,Oudemolsedijk,2020-04-01,00:00:00,0,0,0,FMN GV 18 Kasterlee
84,Oudemolsedijk,2020-04-01,01:00:00,0,0,0,FMN GV 18 Kasterlee
84,Oudemolsedijk,2020-04-01,02:00:00,0,0,0,FMN GV 18 Kasterlee
84,Oudemolsedijk,2020-04-01,03:00:00,0,0,0,FMN GV 18 Kasterlee
84,Oudemolsedijk,2020-04-01,04:00:00,0,0,0,FMN GV 18 Kasterlee
84,Oudemolsedijk,2020-04-01,05:00:00,4,4,0,FMN GV 18 Kasterlee
84,Oudemolsedijk,2020-04-01,06:00:00,4,2,2,FMN GV 18 Kasterlee
84,Oudemolsedijk,2020-04-01,07:00:00,3,2,1,FMN GV 18 Kasterlee
84,Oudemolsedijk,2020-04-01,08:00:00,5,3,2,FMN GV 18 Kasterlee
84,Oudemolsedijk,2020-04-01,09:00:00,8,4,4,FMN GV 18 Kasterlee
84,Oudemolsedijk,2020-04-01,10:00:00,7,2,5,FMN GV 18 Kasterlee
84,Oudemolsedijk,2020-04-01,11:00:00,16,9,7,FMN GV 18 Kasterlee
84,Oudemolsedijk,2020-04-01,12:00:00,27,12,15,FMN GV 18 Kasterlee
84,Oudemolsedijk,2020-04-01,13:00:00,89,41,48,FMN GV 18 Kasterlee
84,Oudemolsedijk,2020-04-01,14:00:00,148,61,87,FMN GV 18 Kasterlee
84,Oudemolsedijk,2020-04-01,15:00:00,168,94,74,FMN GV 18 Kasterlee
84,Oudemolsedijk,2020-04-01,16:00:00,79,43,36,FMN GV 18 Kasterlee
84,Oudemolsedijk,2020-04-01,17:00:00,56,34,22,FMN GV 18 Kasterlee
84,Oudemolsedijk,2020-04-01,18:00:00,43,19,24,FMN GV 18 Kasterlee
84,Oudemolsedijk,2020-04-01,19:00:00,21,15,6,FMN GV 18 Kasterlee
84,Oudemolsedijk,2020-04-01,20:00:00,1,1,0,FMN GV 18 Kasterlee
84,Oudemolsedijk,2020-04-01,21:00:00,1,0,1,FMN GV 18 Kasterlee
84,Oudemolsedijk,2020-04-01,22:00:00,0,0,0,FMN GV 18 Kasterlee
84,Oudemolsedijk,2020-04-01,23:00:00,0,0,0,FMN GV 18 Kasterlee
84,Oudemolsedijk,2020-04-02,00:00:00,0,0,0,FMN GV 18 Kasterlee
84,Oudemolsedijk,2020-04-02,01:00:00,0,0,0,FMN GV 18 Kasterlee
84,Oudemolsedijk,2020-04-02,02:00:00,0,0,0,FMN GV 18 Kasterlee
84,Oudemolsedijk,2020-04-02,03:00:00,1,0,1,FMN GV 18 Kasterlee
84,Oudemolsedijk,2020-04-02,04:00:00,0,0,0,FMN GV 18 Kasterlee
84,Oudemolsedijk,2020-04-02,05:00:00,6,6,0,FMN GV 18 Kasterlee
84,Oudemolsedijk,2020-04-02,06:00:00,3,1,2,FMN GV 18 Kasterlee
84,Oudemolsedijk,2020-04-02,07:00:00,4,2,2,FMN GV 18 Kasterlee
84,Oudemolsedijk,2020-04-02,08:00:00,1,1,0,FMN GV 18 Kasterlee
84,Oudemolsedijk,2020-04-02,09:00:00,1,0,1,FMN GV 18 Kasterlee
84,Oudemolsedijk,2020-04-02,10:00:00,16,7,9,FMN GV 18 Kasterlee
84,Oudemolsedijk,2020-04-02,11:00:00,18,9,9,FMN GV 18 Kasterlee
84,Oudemolsedijk,2020-04-02,12:00:00,24,15,9,FMN GV 18 Kasterlee
84,Oudemolsedijk,2020-04-02,13:00:00,45,17,28,FMN GV 18 Kasterlee
84,Oudemolsedijk,2020-04-02,14:00:00,76,43,33,FMN GV 18 Kasterlee
84,Oudemolsedijk,2020-04-02,15:00:00,83,53,30,FMN GV 18 Kasterlee
84,Oudemolsedijk,2020-04-02,16:00:00,41,28,13,FMN GV 18 Kasterlee
84,Oudemolsedijk,2020-04-02,17:00:00,20,12,8,FMN GV 18 Kasterlee
84,Oudemolsedijk,2020-04-02,18:00:00,15,10,5,FMN GV 18 Kasterlee
84,Oudemolsedijk,2020-04-02,19:00:00,11,8,3,FMN GV 18 Kasterlee
84,Oudemolsedijk,2020-04-02,20:00:00,5,4,1,FMN GV 18 Kasterlee
84,Oudemolsedijk,2020-04-02,21:00:00,1,1,0,FMN GV 18 Kasterlee
84,Oudemolsedijk,2020-04-02,22:00:00,1,0,1,FMN GV 18 Kasterlee
84,Oudemolsedijk,2020-04-02,23:00:00,1,0,1,FMN GV 18 Kasterlee
84,Oudemolsedijk,2020-04-03,00:00:00,0,0,0,FMN GV 18 Kasterlee
84,Oudemolsedijk,2020-04-03,01:00:00,0,0,0,FMN GV 18 Kasterlee
84,Oudemolsedijk,2020-04-03,02:00:00,0,0,0,FMN GV 18 Kasterlee
84,Oudemolsedijk,2020-04-03,03:00:00,1,0,1,FMN GV 18 Kasterlee
84,Oudemolsedijk,2020-04-03,04:00:00,1,1,0,FMN GV 18 Kasterlee
84,Oudemolsedijk,2020-04-03,05:00:00,2,2,0,FMN GV 18 Kasterlee
84,Oudemolsedijk,2020-04-03,06:00:00,5,1,4,FMN GV 18 Kasterlee
84,Oudemolsedijk,2020-04-03,07:00:00,4,2,2,FMN GV 18 Kasterlee
84,Oudemolsedijk,2020-04-03,08:00:00,6,5,1,FMN GV 18 Kasterlee
84,Oudemolsedijk,2020-04-03,09:00:00,9,5,4,FMN GV 18 Kasterlee
84,Oudemolsedijk,2020-04-03,10:00:00,23,14,9,FMN GV 18 Kasterlee
84,Oudemolsedijk,2020-04-03,11:00:00,15,8,7,FMN GV 18 Kasterlee
84,Oudemolsedijk,2020-04-03,12:00:00,17,7,10,FMN GV 18 Kasterlee
84,Oudemolsedijk,2020-04-03,13:00:00,21,9,12,FMN GV 18 Kasterlee
84,Oudemolsedijk,2020-04-03,14:00:00,52,27,25,FMN GV 18 Kasterlee
84,Oudemolsedijk,2020-04-03,15:00:00,39,26,13,FMN GV 18 Kasterlee
84,Oudemolsedijk,2020-04-03,16:00:00,33,20,13,FMN GV 18 Kasterlee
84,Oudemolsedijk,2020-04-03,17:00:00,32,15,17,FMN GV 18 Kasterlee
84,Oudemolsedijk,2020-04-03,18:00:00,16,9,7,FMN GV 18 Kasterlee
84,Oudemolsedijk,2020-04-03,19:00:00,14,6,8,FMN GV 18 Kasterlee
84,Oudemolsedijk,2020-04-03,20:00:00,4,2,2,FMN GV 18 Kasterlee
84,Oudemolsedijk,2020-04-03,21:00:00,0,0,0,FMN GV 18 Kasterlee
84,Oudemolsedijk,2020-04-03,22:00:00,0,0,0,FMN GV 18 Kasterlee
84,Oudemolsedijk,2020-04-03,23:00:00,0,0,0,FMN GV 18 Kasterlee
84,Oudemolsedijk,2020-04-04,00:00:00,1,0,1,FMN GV 18 Kasterlee
84,Oudemolsedijk,2020-04-04,01:00:00,1,0,1,FMN GV 18 Kasterlee
84,Oudemolsedijk,2020-04-04,02:00:00,0,0,0,FMN GV 18 Kasterlee
84,Oudemolsedijk,2020-04-04,03:00:00,0,0,0,FMN GV 18 Kasterlee
84,Oudemolsedijk,2020-04-04,04:00:00,0,0,0,FMN GV 18 Kasterlee
84,Oudemolsedijk,2020-04-04,05:00:00,0,0,0,FMN GV 18 Kasterlee
84,Oudemolsedijk,2020-04-04,06:00:00,0,0,0,FMN GV 18 Kasterlee
84,Oudemolsedijk,2020-04-04,07:00:00,7,3,4,FMN GV 18 Kasterlee
84,Oudemolsedijk,2020-04-04,08:00:00,4,3,1,FMN GV 18 Kasterlee
84,Oudemolsedijk,2020-04-04,09:00:00,23,8,15,FMN GV 18 Kasterlee
84,Oudemolsedijk,2020-04-04,10:00:00,32,11,21,FMN GV 18 Kasterlee
84,Oudemolsedijk,2020-04-04,11:00:00,48,19,29,FMN GV 18 Kasterlee
84,Oudemolsedijk,2020-04-04,12:00:00,45,24,21,FMN GV 18 Kasterlee
84,Oudemolsedijk,2020-04-04,13:00:00,125,55,70,FMN GV 18 Kasterlee
84,Oudemolsedijk,2020-04-04,14:00:00,200,93,107,FMN GV 18 Kasterlee
84,Oudemolsedijk,2020-04-04,15:00:00,251,150,101,FMN GV 18 Kasterlee
84,Oudemolsedijk,2020-04-04,16:00:00,144,84,60,FMN GV 18 Kasterlee
84,Oudemolsedijk,2020-04-04,17:00:00,75,35,40,FMN GV 18 Kasterlee
84,Oudemolsedijk,2020-04-04,18:00:00,20,13,7,FMN GV 18 Kasterlee
84,Oudemolsedijk,2020-04-04,19:00:00,22,12,10,FMN GV 18 Kasterlee
84,Oudemolsedijk,2020-04-04,20:00:00,1,1,0,FMN GV 18 Kasterlee
84,Oudemolsedijk,2020-04-04,21:00:00,2,2,0,FMN GV 18 Kasterlee
84,Oudemolsedijk,2020-04-04,22:00:00,2,2,0,FMN GV 18 Kasterlee
84,Oudemolsedijk,2020-04-04,23:00:00,0,0,0,FMN GV 18 Kasterlee
84,Oudemolsedijk,2020-04-05,00:00:00,2,1,1,FMN GV 18 Kasterlee
84,Oudemolsedijk,2020-04-05,01:00:00,0,0,0,FMN GV 18 Kasterlee
84,Oudemolsedijk,2020-04-05,02:00:00,1,0,1,FMN GV 18 Kasterlee
84,Oudemolsedijk,2020-04-05,03:00:00,0,0,0,FMN GV 18 Kasterlee
84,Oudemolsedijk,2020-04-05,04:00:00,0,0,0,FMN GV 18 Kasterlee
84,Oudemolsedijk,2020-04-05,05:00:00,0,0,0,FMN GV 18 Kasterlee
84,Oudemolsedijk,2020-04-05,06:00:00,1,1,0,FMN GV 18 Kasterlee
84,Oudemolsedijk,2020-04-05,07:00:00,4,1,3,FMN GV 18 Kasterlee
84,Oudemolsedijk,2020-04-05,08:00:00,12,4,8,FMN GV 18 Kasterlee
84,Oudemolsedijk,2020-04-05,09:00:00,60,26,34,FMN GV 18 Kasterlee
84,Oudemolsedijk,2020-04-05,10:00:00,142,61,81,FMN GV 18 Kasterlee
84,Oudemolsedijk,2020-04-05,11:00:00,182,116,66,FMN GV 18 Kasterlee
84,Oudemolsedijk,2020-04-05,12:00:00,178,95,83,FMN GV 18 Kasterlee
84,Oudemolsedijk,2020-04-05,13:00:00,205,105,100,FMN GV 18 Kasterlee
84,Oudemolsedijk,2020-04-05,14:00:00,355,164,191,FMN GV 18 Kasterlee
84,Oudemolsedijk,2020-04-05,15:00:00,255,134,121,FMN GV 18 Kasterlee
84,Oudemolsedijk,2020-04-05,16:00:00,127,81,46,FMN GV 18 Kasterlee
84,Oudemolsedijk,2020-04-05,17:00:00,65,35,30,FMN GV 18 Kasterlee
84,Oudemolsedijk,2020-04-05,18:00:00,35,16,19,FMN GV 18 Kasterlee
84,Oudemolsedijk,2020-04-05,19:00:00,9,4,5,FMN GV 18 Kasterlee
84,Oudemolsedijk,2020-04-05,20:00:00,5,4,1,FMN GV 18 Kasterlee
84,Oudemolsedijk,2020-04-05,21:00:00,1,1,0,FMN GV 18 Kasterlee
84,Oudemolsedijk,2020-04-05,22:00:00,2,1,1,FMN GV 18 Kasterlee
84,Oudemolsedijk,2020-04-05,23:00:00,0,0,0,FMN GV 18 Kasterlee
84,Oudemolsedijk,2020-04-06,00:00:00,0,0,0,FMN GV 18 Kasterlee
84,Oudemolsedijk,2020-04-06,01:00:00,0,0,0,FMN GV 18 Kasterlee
84,Oudemolsedijk,2020-04-06,02:00:00,0,0,0,FMN GV 18 Kasterlee
84,Oudemolsedijk,2020-04-06,03:00:00,0,0,0,FMN GV 18 Kasterlee
84,Oudemolsedijk,2020-04-06,04:00:00,0,0,0,FMN GV 18 Kasterlee
84,Oudemolsedijk,2020-04-06,05:00:00,2,2,0,FMN GV 18 Kasterlee
84,Oudemolsedijk,2020-04-06,06:00:00,5,2,3,FMN GV 18 Kasterlee
84,Oudemolsedijk,2020-04-06,07:00:00,8,2,6,FMN GV 18 Kasterlee
84,Oudemolsedijk,2020-04-06,08:00:00,7,5,2,FMN GV 18 Kasterlee
84,Oudemolsedijk,2020-04-06,09:00:00,9,4,5,FMN GV 18 Kasterlee
84,Oudemolsedijk,2020-04-06,10:00:00,18,7,11,FMN GV 18 Kasterlee
84,Oudemolsedijk,2020-04-06,11:00:00,29,15,14,FMN GV 18 Kasterlee
84,Oudemolsedijk,2020-04-06,12:00:00,24,11,13,FMN GV 18 Kasterlee
84,Oudemolsedijk,2020-04-06,13:00:00,61,25,36,FMN GV 18 Kasterlee
84,Oudemolsedijk,2020-04-06,14:00:00,144,71,73,FMN GV 18 Kasterlee
84,Oudemolsedijk,2020-04-06,15:00:00,140,78,62,FMN GV 18 Kasterlee
84,Oudemolsedijk,2020-04-06,16:00:00,82,40,42,FMN GV 18 Kasterlee
84,Oudemolsedijk,2020-04-06,17:00:00,45,22,23,FMN GV 18 Kasterlee
84,Oudemolsedijk,2020-04-06,18:00:00,17,9,8,FMN GV 18 Kasterlee
84,Oudemolsedijk,2020-04-06,19:00:00,9,2,7,FMN GV 18 Kasterlee
84,Oudemolsedijk,2020-04-06,20:00:00,2,1,1,FMN GV 18 Kasterlee
84,Oudemolsedijk,2020-04-06,21:00:00,4,0,4,FMN GV 18 Kasterlee
84,Oudemolsedijk,2020-04-06,22:00:00,3,3,0,FMN GV 18 Kasterlee
84,Oudemolsedijk,2020-04-06,23:00:00,0,0,0,FMN GV 18 Kasterlee
84,Oudemolsedijk,2020-04-07,00:00:00,0,0,0,FMN GV 18 Kasterlee
84,Oudemolsedijk,2020-04-07,01:00:00,0,0,0,FMN GV 18 Kasterlee
84,Oudemolsedijk,2020-04-07,02:00:00,0,0,0,FMN GV 18 Kasterlee
84,Oudemolsedijk,2020-04-07,03:00:00,0,0,0,FMN GV 18 Kasterlee
84,Oudemolsedijk,2020-04-07,04:00:00,0,0,0,FMN GV 18 Kasterlee
84,Oudemolsedijk,2020-04-07,05:00:00,0,0,0,FMN GV 18 Kasterlee
84,Oudemolsedijk,2020-04-07,06:00:00,7,4,3,FMN GV 18 Kasterlee
84,Oudemolsedijk,2020-04-07,07:00:00,5,1,4,FMN GV 18 Kasterlee
84,Oudemolsedijk,2020-04-07,08:00:00,6,2,4,FMN GV 18 Kasterlee
84,Oudemolsedijk,2020-04-07,09:00:00,13,6,7,FMN GV 18 Kasterlee
84,Oudemolsedijk,2020-04-07,10:00:00,30,17,13,FMN GV 18 Kasterlee
84,Oudemolsedijk,2020-04-07,11:00:00,51,28,23,FMN GV 18 Kasterlee
84,Oudemolsedijk,2020-04-07,12:00:00,43,18,25,FMN GV 18 Kasterlee
84,Oudemolsedijk,2020-04-07,13:00:00,81,27,54,FMN GV 18 Kasterlee
84,Oudemolsedijk,2020-04-07,14:00:00,180,91,89,FMN GV 18 Kasterlee
84,Oudemolsedijk,2020-04-07,15:00:00,166,82,84,FMN GV 18 Kasterlee
84,Oudemolsedijk,2020-04-07,16:00:00,107,45,62,FMN GV 18 Kasterlee
84,Oudemolsedijk,2020-04-07,17:00:00,65,37,28,FMN GV 18 Kasterlee
84,Oudemolsedijk,2020-04-07,18:00:00,36,24,12,FMN GV 18 Kasterlee
84,Oudemolsedijk,2020-04-07,19:00:00,39,20,19,FMN GV 18 Kasterlee
84,Oudemolsedijk,2020-04-07,20:00:00,14,8,6,FMN GV 18 Kasterlee
84,Oudemolsedijk,2020-04-07,21:00:00,3,1,2,FMN GV 18 Kasterlee
84,Oudemolsedijk,2020-04-07,22:00:00,0,0,0,FMN GV 18 Kasterlee
84,Oudemolsedijk,2020-04-07,23:00:00,0,0,0,FMN GV 18 Kasterlee
84,Oudemolsedijk,2020-04-08,00:00:00,0,0,0,FMN GV 18 Kasterlee
84,Oudemolsedijk,2020-04-08,01:00:00,1,0,1,FMN GV 18 Kasterlee
84,Oudemolsedijk,2020-04-08,02:00:00,0,0,0,FMN GV 18 Kasterlee
84,Oudemolsedijk,2020-04-08,03:00:00,0,0,0,FMN GV 18 Kasterlee
84,Oudemolsedijk,2020-04-08,04:00:00,0,0,0,FMN GV 18 Kasterlee
84,Oudemolsedijk,2020-04-08,05:00:00,1,1,0,FMN GV 18 Kasterlee
84,Oudemolsedijk,2020-04-08,06:00:00,9,5,4,FMN GV 18 Kasterlee
84,Oudemolsedijk,2020-04-08,07:00:00,10,3,7,FMN GV 18 Kasterlee
84,Oudemolsedijk,2020-04-08,08:00:00,11,7,4,FMN GV 18 Kasterlee
84,Oudemolsedijk,2020-04-08,09:00:00,21,10,11,FMN GV 18 Kasterlee
84,Oudemolsedijk,2020-04-08,10:00:00,39,21,18,FMN GV 18 Kasterlee
84,Oudemolsedijk,2020-04-08,11:00:00,60,30,30,FMN GV 18 Kasterlee
84,Oudemolsedijk,2020-04-08,12:00:00,57,33,24,FMN GV 18 Kasterlee
84,Oudemolsedijk,2020-04-08,13:00:00,134,61,73,FMN GV 18 Kasterlee
84,Oudemolsedijk,2020-04-08,14:00:00,274,135,139,FMN GV 18 Kasterlee
84,Oudemolsedijk,2020-04-08,15:00:00,269,158,111,FMN GV 18 Kasterlee
84,Oudemolsedijk,2020-04-08,16:00:00,154,83,71,FMN GV 18 Kasterlee
84,Oudemolsedijk,2020-04-08,17:00:00,83,37,46,FMN GV 18 Kasterlee
84,Oudemolsedijk,2020-04-08,18:00:00,61,36,25,FMN GV 18 Kasterlee
84,Oudemolsedijk,2020-04-08,19:00:00,44,21,23,FMN GV 18 Kasterlee
84,Oudemolsedijk,2020-04-08,20:00:00,18,10,8,FMN GV 18 Kasterlee
84,Oudemolsedijk,2020-04-08,21:00:00,4,2,2,FMN GV 18 Kasterlee
84,Oudemolsedijk,2020-04-08,22:00:00,3,2,1,FMN GV 18 Kasterlee
84,Oudemolsedijk,2020-04-08,23:00:00,0,0,0,FMN GV 18 Kasterlee
84,Oudemolsedijk,2020-04-09,00:00:00,0,0,0,FMN GV 18 Kasterlee
84,Oudemolsedijk,2020-04-09,01:00:00,0,0,0,FMN GV 18 Kasterlee
84,Oudemolsedijk,2020-04-09,02:00:00,0,0,0,FMN GV 18 Kasterlee
84,Oudemolsedijk,2020-04-09,03:00:00,0,0,0,FMN GV 18 Kasterlee
84,Oudemolsedijk,2020-04-09,04:00:00,0,0,0,FMN GV 18 Kasterlee
84,Oudemolsedijk,2020-04-09,05:00:00,1,1,0,FMN GV 18 Kasterlee
84,Oudemolsedijk,2020-04-09,06:00:00,6,2,4,FMN GV 18 Kasterlee
84,Oudemolsedijk,2020-04-09,07:00:00,13,8,5,FMN GV 18 Kasterlee
84,Oudemolsedijk,2020-04-09,08:00:00,10,5,5,FMN GV 18 Kasterlee
84,Oudemolsedijk,2020-04-09,09:00:00,20,6,14,FMN GV 18 Kasterlee
84,Oudemolsedijk,2020-04-09,10:00:00,18,6,12,FMN GV 18 Kasterlee
84,Oudemolsedijk,2020-04-09,11:00:00,42,20,22,FMN GV 18 Kasterlee
84,Oudemolsedijk,2020-04-09,12:00:00,39,17,22,FMN GV 18 Kasterlee
84,Oudemolsedijk,2020-04-09,13:00:00,84,37,47,FMN GV 18 Kasterlee
84,Oudemolsedijk,2020-04-09,14:00:00,124,50,74,FMN GV 18 Kasterlee
84,Oudemolsedijk,2020-04-09,15:00:00,167,85,82,FMN GV 18 Kasterlee
84,Oudemolsedijk,2020-04-09,16:00:00,97,57,40,FMN GV 18 Kasterlee
84,Oudemolsedijk,2020-04-09,17:00:00,78,38,40,FMN GV 18 Kasterlee
84,Oudemolsedijk,2020-04-09,18:00:00,50,33,17,FMN GV 18 Kasterlee
84,Oudemolsedijk,2020-04-09,19:00:00,46,22,24,FMN GV 18 Kasterlee
84,Oudemolsedijk,2020-04-09,20:00:00,12,10,2,FMN GV 18 Kasterlee
84,Oudemolsedijk,2020-04-09,21:00:00,1,0,1,FMN GV 18 Kasterlee
84,Oudemolsedijk,2020-04-09,22:00:00,0,0,0,FMN GV 18 Kasterlee
84,Oudemolsedijk,2020-04-09,23:00:00,2,1,1,FMN GV 18 Kasterlee
84,Oudemolsedijk,2020-04-10,00:00:00,0,0,0,FMN GV 18 Kasterlee
84,Oudemolsedijk,2020-04-10,01:00:00,0,0,0,FMN GV 18 Kasterlee
84,Oudemolsedijk,2020-04-10,02:00:00,0,0,0,FMN GV 18 Kasterlee
84,Oudemolsedijk,2020-04-10,03:00:00,0,0,0,FMN GV 18 Kasterlee
84,Oudemolsedijk,2020-04-10,04:00:00,0,0,0,FMN GV 18 Kasterlee
84,Oudemolsedijk,2020-04-10,05:00:00,1,1,0,FMN GV 18 Kasterlee
84,Oudemolsedijk,2020-04-10,06:00:00,6,3,3,FMN GV 18 Kasterlee
84,Oudemolsedijk,2020-04-10,07:00:00,9,4,5,FMN GV 18 Kasterlee
84,Oudemolsedijk,2020-04-10,08:00:00,9,4,5,FMN GV 18 Kasterlee
84,Oudemolsedijk,2020-04-10,09:00:00,23,6,17,FMN GV 18 Kasterlee
84,Oudemolsedijk,2020-04-10,10:00:00,29,11,18,FMN GV 18 Kasterlee
84,Oudemolsedijk,2020-04-10,11:00:00,35,23,12,FMN GV 18 Kasterlee
84,Oudemolsedijk,2020-04-10,12:00:00,42,15,27,FMN GV 18 Kasterlee
84,Oudemolsedijk,2020-04-10,13:00:00,111,53,58,FMN GV 18 Kasterlee
84,Oudemolsedijk,2020-04-10,14:00:00,189,76,113,FMN GV 18 Kasterlee
84,Oudemolsedijk,2020-04-10,15:00:00,173,104,69,FMN GV 18 Kasterlee
84,Oudemolsedijk,2020-04-10,16:00:00,144,87,57,FMN GV 18 Kasterlee
84,Oudemolsedijk,2020-04-10,17:00:00,75,42,33,FMN GV 18 Kasterlee
84,Oudemolsedijk,2020-04-10,18:00:00,24,12,12,FMN GV 18 Kasterlee
84,Oudemolsedijk,2020-04-10,19:00:00,24,14,10,FMN GV 18 Kasterlee
84,Oudemolsedijk,2020-04-10,20:00:00,3,2,1,FMN GV 18 Kasterlee
84,Oudemolsedijk,2020-04-10,21:00:00,0,0,0,FMN GV 18 Kasterlee
84,Oudemolsedijk,2020-04-10,22:00:00,1,1,0,FMN GV 18 Kasterlee
84,Oudemolsedijk,2020-04-10,23:00:00,0,0,0,FMN GV 18 Kasterlee
84,Oudemolsedijk,2020-04-11,00:00:00,1,0,1,FMN GV 18 Kasterlee
84,Oudemolsedijk,2020-04-11,01:00:00,1,0,1,FMN GV 18 Kasterlee
84,Oudemolsedijk,2020-04-11,02:00:00,0,0,0,FMN GV 18 Kasterlee
84,Oudemolsedijk,2020-04-11,03:00:00,0,0,0,FMN GV 18 Kasterlee
84,Oudemolsedijk,2020-04-11,04:00:00,1,1,0,FMN GV 18 Kasterlee
84,Oudemolsedijk,2020-04-11,05:00:00,2,1,1,FMN GV 18 Kasterlee
84,Oudemolsedijk,2020-04-11,06:00:00,3,1,2,FMN GV 18 Kasterlee
84,Oudemolsedijk,2020-04-11,07:00:00,3,0,3,FMN GV 18 Kasterlee
84,Oudemolsedijk,2020-04-11,08:00:00,15,7,8,FMN GV 18 Kasterlee
84,Oudemolsedijk,2020-04-11,09:00:00,36,3,33,FMN GV 18 Kasterlee
84,Oudemolsedijk,2020-04-11,10:00:00,69,38,31,FMN GV 18 Kasterlee
84,Oudemolsedijk,2020-04-11,11:00:00,102,48,54,FMN GV 18 Kasterlee
84,Oudemolsedijk,2020-04-11,12:00:00,77,35,42,FMN GV 18 Kasterlee
84,Oudemolsedijk,2020-04-11,13:00:00,156,75,81,FMN GV 18 Kasterlee
84,Oudemolsedijk,2020-04-11,14:00:00,285,139,146,FMN GV 18 Kasterlee
84,Oudemolsedijk,2020-04-11,15:00:00,276,131,145,FMN GV 18 Kasterlee
84,Oudemolsedijk,2020-04-11,16:00:00,167,100,67,FMN GV 18 Kasterlee
84,Oudemolsedijk,2020-04-11,17:00:00,71,44,27,FMN GV 18 Kasterlee
84,Oudemolsedijk,2020-04-11,18:00:00,46,26,20,FMN GV 18 Kasterlee
84,Oudemolsedijk,2020-04-11,19:00:00,26,17,9,FMN GV 18 Kasterlee
84,Oudemolsedijk,2020-04-11,20:00:00,8,8,0,FMN GV 18 Kasterlee
84,Oudemolsedijk,2020-04-11,21:00:00,0,0,0,FMN GV 18 Kasterlee
84,Oudemolsedijk,2020-04-11,22:00:00,1,0,1,FMN GV 18 Kasterlee
84,Oudemolsedijk,2020-04-11,23:00:00,0,0,0,FMN GV 18 Kasterlee
84,Oudemolsedijk,2020-04-12,00:00:00,0,0,0,FMN GV 18 Kasterlee
84,Oudemolsedijk,2020-04-12,01:00:00,1,1,0,FMN GV 18 Kasterlee
84,Oudemolsedijk,2020-04-12,02:00:00,0,0,0,FMN GV 18 Kasterlee
84,Oudemolsedijk,2020-04-12,03:00:00,2,1,1,FMN GV 18 Kasterlee
84,Oudemolsedijk,2020-04-12,04:00:00,0,0,0,FMN GV 18 Kasterlee
84,Oudemolsedijk,2020-04-12,05:00:00,0,0,0,FMN GV 18 Kasterlee
84,Oudemolsedijk,2020-04-12,06:00:00,0,0,0,FMN GV 18 Kasterlee
84,Oudemolsedijk,2020-04-12,07:00:00,3,0,3,FMN GV 18 Kasterlee
84,Oudemolsedijk,2020-04-12,08:00:00,20,6,14,FMN GV 18 Kasterlee
84,Oudemolsedijk,2020-04-12,09:00:00,53,19,34,FMN GV 18 Kasterlee
84,Oudemolsedijk,2020-04-12,10:00:00,121,68,53,FMN GV 18 Kasterlee
84,Oudemolsedijk,2020-04-12,11:00:00,124,84,40,FMN GV 18 Kasterlee
84,Oudemolsedijk,2020-04-12,12:00:00,114,51,63,FMN GV 18 Kasterlee
84,Oudemolsedijk,2020-04-12,13:00:00,190,82,108,FMN GV 18 Kasterlee
84,Oudemolsedijk,2020-04-12,14:00:00,261,122,139,FMN GV 18 Kasterlee
84,Oudemolsedijk,2020-04-12,15:00:00,249,138,111,FMN GV 18 Kasterlee
84,Oudemolsedijk,2020-04-12,16:00:00,148,100,48,FMN GV 18 Kasterlee
84,Oudemolsedijk,2020-04-12,17:00:00,63,37,26,FMN GV 18 Kasterlee
84,Oudemolsedijk,2020-04-12,18:00:00,32,10,22,FMN GV 18 Kasterlee
84,Oudemolsedijk,2020-04-12,19:00:00,27,5,22,FMN GV 18 Kasterlee
84,Oudemolsedijk,2020-04-12,20:00:00,4,2,2,FMN GV 18 Kasterlee
84,Oudemolsedijk,2020-04-12,21:00:00,0,0,0,FMN GV 18 Kasterlee
84,Oudemolsedijk,2020-04-12,22:00:00,0,0,0,FMN GV 18 Kasterlee
84,Oudemolsedijk,2020-04-12,23:00:00,0,0,0,FMN GV 18 Kasterlee
84,Oudemolsedijk,2020-04-13,00:00:00,0,0,0,FMN GV 18 Kasterlee
84,Oudemolsedijk,2020-04-13,01:00:00,0,0,0,FMN GV 18 Kasterlee
84,Oudemolsedijk,2020-04-13,02:00:00,0,0,0,FMN GV 18 Kasterlee
84,Oudemolsedijk,2020-04-13,03:00:00,0,0,0,FMN GV 18 Kasterlee
84,Oudemolsedijk,2020-04-13,04:00:00,0,0,0,FMN GV 18 Kasterlee
84,Oudemolsedijk,2020-04-13,05:00:00,1,0,1,FMN GV 18 Kasterlee
84,Oudemolsedijk,2020-04-13,06:00:00,0,0,0,FMN GV 18 Kasterlee
84,Oudemolsedijk,2020-04-13,07:00:00,1,0,1,FMN GV 18 Kasterlee
84,Oudemolsedijk,2020-04-13,08:00:00,2,0,2,FMN GV 18 Kasterlee
84,Oudemolsedijk,2020-04-13,09:00:00,6,4,2,FMN GV 18 Kasterlee
84,Oudemolsedijk,2020-04-13,10:00:00,11,6,5,FMN GV 18 Kasterlee
84,Oudemolsedijk,2020-04-13,11:00:00,11,3,8,FMN GV 18 Kasterlee
84,Oudemolsedijk,2020-04-13,12:00:00,12,3,9,FMN GV 18 Kasterlee
84,Oudemolsedijk,2020-04-13,13:00:00,29,18,11,FMN GV 18 Kasterlee
84,Oudemolsedijk,2020-04-13,14:00:00,51,20,31,FMN GV 18 Kasterlee
84,Oudemolsedijk,2020-04-13,15:00:00,69,31,38,FMN GV 18 Kasterlee
84,Oudemolsedijk,2020-04-13,16:00:00,34,20,14,FMN GV 18 Kasterlee
84,Oudemolsedijk,2020-04-13,17:00:00,20,9,11,FMN GV 18 Kasterlee
84,Oudemolsedijk,2020-04-13,18:00:00,26,20,6,FMN GV 18 Kasterlee
84,Oudemolsedijk,2020-04-13,19:00:00,4,1,3,FMN GV 18 Kasterlee
84,Oudemolsedijk,2020-04-13,20:00:00,2,0,2,FMN GV 18 Kasterlee
84,Oudemolsedijk,2020-04-13,21:00:00,1,0,1,FMN GV 18 Kasterlee
84,Oudemolsedijk,2020-04-13,22:00:00,0,0,0,FMN GV 18 Kasterlee
84,Oudemolsedijk,2020-04-13,23:00:00,0,0,0,FMN GV 18 Kasterlee
84,Oudemolsedijk,2020-04-14,00:00:00,0,0,0,FMN GV 18 Kasterlee
84,Oudemolsedijk,2020-04-14,01:00:00,0,0,0,FMN GV 18 Kasterlee
84,Oudemolsedijk,2020-04-14,02:00:00,0,0,0,FMN GV 18 Kasterlee
84,Oudemolsedijk,2020-04-14,03:00:00,0,0,0,FMN GV 18 Kasterlee
84,Oudemolsedijk,2020-04-14,04:00:00,0,0,0,FMN GV 18 Kasterlee
84,Oudemolsedijk,2020-04-14,05:00:00,4,4,0,FMN GV 18 Kasterlee
84,Oudemolsedijk,2020-04-14,06:00:00,3,0,3,FMN GV 18 Kasterlee
84,Oudemolsedijk,2020-04-14,07:00:00,9,4,5,FMN GV 18 Kasterlee
84,Oudemolsedijk,2020-04-14,08:00:00,6,5,1,FMN GV 18 Kasterlee
84,Oudemolsedijk,2020-04-14,09:00:00,9,3,6,FMN GV 18 Kasterlee
84,Oudemolsedijk,2020-04-14,10:00:00,23,15,8,FMN GV 18 Kasterlee
84,Oudemolsedijk,2020-04-14,11:00:00,18,10,8,FMN GV 18 Kasterlee
84,Oudemolsedijk,2020-04-14,12:00:00,29,16,13,FMN GV 18 Kasterlee
84,Oudemolsedijk,2020-04-14,13:00:00,35,20,15,FMN GV 18 Kasterlee
84,Oudemolsedijk,2020-04-14,14:00:00,74,35,39,FMN GV 18 Kasterlee
84,Oudemolsedijk,2020-04-14,15:00:00,44,27,17,FMN GV 18 Kasterlee
84,Oudemolsedijk,2020-04-14,16:00:00,34,21,13,FMN GV 18 Kasterlee
84,Oudemolsedijk,2020-04-14,17:00:00,25,16,9,FMN GV 18 Kasterlee
84,Oudemolsedijk,2020-04-14,18:00:00,22,13,9,FMN GV 18 Kasterlee
84,Oudemolsedijk,2020-04-14,19:00:00,21,12,9,FMN GV 18 Kasterlee
84,Oudemolsedijk,2020-04-14,20:00:00,9,6,3,FMN GV 18 Kasterlee
84,Oudemolsedijk,2020-04-14,21:00:00,1,0,1,FMN GV 18 Kasterlee
84,Oudemolsedijk,2020-04-14,22:00:00,0,0,0,FMN GV 18 Kasterlee
84,Oudemolsedijk,2020-04-14,23:00:00,1,1,0,FMN GV 18 Kasterlee
84,Oudemolsedijk,2020-04-15,00:00:00,0,0,0,FMN GV 18 Kasterlee
84,Oudemolsedijk,2020-04-15,01:00:00,0,0,0,FMN GV 18 Kasterlee
84,Oudemolsedijk,2020-04-15,02:00:00,0,0,0,FMN GV 18 Kasterlee
84,Oudemolsedijk,2020-04-15,03:00:00,0,0,0,FMN GV 18 Kasterlee
84,Oudemolsedijk,2020-04-15,04:00:00,0,0,0,FMN GV 18 Kasterlee
84,Oudemolsedijk,2020-04-15,05:00:00,6,6,0,FMN GV 18 Kasterlee
84,Oudemolsedijk,2020-04-15,06:00:00,9,4,5,FMN GV 18 Kasterlee
84,Oudemolsedijk,2020-04-15,07:00:00,6,0,6,FMN GV 18 Kasterlee
84,Oudemolsedijk,2020-04-15,08:00:00,6,3,3,FMN GV 18 Kasterlee
84,Oudemolsedijk,2020-04-15,09:00:00,11,3,8,FMN GV 18 Kasterlee
84,Oudemolsedijk,2020-04-15,10:00:00,28,13,15,FMN GV 18 Kasterlee
84,Oudemolsedijk,2020-04-15,11:00:00,29,14,15,FMN GV 18 Kasterlee
84,Oudemolsedijk,2020-04-15,12:00:00,48,25,23,FMN GV 18 Kasterlee
84,Oudemolsedijk,2020-04-15,13:00:00,80,28,52,FMN GV 18 Kasterlee
84,Oudemolsedijk,2020-04-15,14:00:00,152,64,88,FMN GV 18 Kasterlee
84,Oudemolsedijk,2020-04-15,15:00:00,177,97,80,FMN GV 18 Kasterlee
84,Oudemolsedijk,2020-04-15,16:00:00,122,74,48,FMN GV 18 Kasterlee
84,Oudemolsedijk,2020-04-15,17:00:00,53,36,17,FMN GV 18 Kasterlee
84,Oudemolsedijk,2020-04-15,18:00:00,38,24,14,FMN GV 18 Kasterlee
84,Oudemolsedijk,2020-04-15,19:00:00,49,29,20,FMN GV 18 Kasterlee
84,Oudemolsedijk,2020-04-15,20:00:00,17,10,7,FMN GV 18 Kasterlee
84,Oudemolsedijk,2020-04-15,21:00:00,2,0,2,FMN GV 18 Kasterlee
84,Oudemolsedijk,2020-04-15,22:00:00,1,0,1,FMN GV 18 Kasterlee
84,Oudemolsedijk,2020-04-15,23:00:00,0,0,0,FMN GV 18 Kasterlee
84,Oudemolsedijk,2020-04-16,00:00:00,0,0,0,FMN GV 18 Kasterlee
84,Oudemolsedijk,2020-04-16,01:00:00,0,0,0,FMN GV 18 Kasterlee
84,Oudemolsedijk,2020-04-16,02:00:00,0,0,0,FMN GV 18 Kasterlee
84,Oudemolsedijk,2020-04-16,03:00:00,0,0,0,FMN GV 18 Kasterlee
84,Oudemolsedijk,2020-04-16,04:00:00,2,0,2,FMN GV 18 Kasterlee
84,Oudemolsedijk,2020-04-16,05:00:00,4,4,0,FMN GV 18 Kasterlee
84,Oudemolsedijk,2020-04-16,06:00:00,7,2,5,FMN GV 18 Kasterlee
84,Oudemolsedijk,2020-04-16,07:00:00,9,4,5,FMN GV 18 Kasterlee
84,Oudemolsedijk,2020-04-16,08:00:00,10,3,7,FMN GV 18 Kasterlee
84,Oudemolsedijk,2020-04-16,09:00:00,18,8,10,FMN GV 18 Kasterlee
84,Oudemolsedijk,2020-04-16,10:00:00,42,15,27,FMN GV 18 Kasterlee
84,Oudemolsedijk,2020-04-16,11:00:00,45,27,18,FMN GV 18 Kasterlee
84,Oudemolsedijk,2020-04-16,12:00:00,55,35,20,FMN GV 18 Kasterlee
84,Oudemolsedijk,2020-04-16,13:00:00,130,74,56,FMN GV 18 Kasterlee
84,Oudemolsedijk,2020-04-16,14:00:00,234,104,130,FMN GV 18 Kasterlee
84,Oudemolsedijk,2020-04-16,15:00:00,233,136,97,FMN GV 18 Kasterlee
84,Oudemolsedijk,2020-04-16,16:00:00,165,98,67,FMN GV 18 Kasterlee
84,Oudemolsedijk,2020-04-16,17:00:00,92,55,37,FMN GV 18 Kasterlee
84,Oudemolsedijk,2020-04-16,18:00:00,59,29,30,FMN GV 18 Kasterlee
84,Oudemolsedijk,2020-04-16,19:00:00,57,41,16,FMN GV 18 Kasterlee
84,Oudemolsedijk,2020-04-16,20:00:00,23,14,9,FMN GV 18 Kasterlee
84,Oudemolsedijk,2020-04-16,21:00:00,0,0,0,FMN GV 18 Kasterlee
84,Oudemolsedijk,2020-04-16,22:00:00,1,0,1,FMN GV 18 Kasterlee
84,Oudemolsedijk,2020-04-16,23:00:00,0,0,0,FMN GV 18 Kasterlee
84,Oudemolsedijk,2020-04-17,00:00:00,0,0,0,FMN GV 18 Kasterlee
84,Oudemolsedijk,2020-04-17,01:00:00,0,0,0,FMN GV 18 Kasterlee
84,Oudemolsedijk,2020-04-17,02:00:00,0,0,0,FMN GV 18 Kasterlee
84,Oudemolsedijk,2020-04-17,03:00:00,0,0,0,FMN GV 18 Kasterlee
84,Oudemolsedijk,2020-04-17,04:00:00,1,1,0,FMN GV 18 Kasterlee
84,Oudemolsedijk,2020-04-17,05:00:00,2,1,1,FMN GV 18 Kasterlee
84,Oudemolsedijk,2020-04-17,06:00:00,10,2,8,FMN GV 18 Kasterlee
84,Oudemolsedijk,2020-04-17,07:00:00,10,1,9,FMN GV 18 Kasterlee
84,Oudemolsedijk,2020-04-17,08:00:00,13,6,7,FMN GV 18 Kasterlee
84,Oudemolsedijk,2020-04-17,09:00:00,21,14,7,FMN GV 18 Kasterlee
84,Oudemolsedijk,2020-04-17,10:00:00,36,22,14,FMN GV 18 Kasterlee
84,Oudemolsedijk,2020-04-17,11:00:00,37,20,17,FMN GV 18 Kasterlee
84,Oudemolsedijk,2020-04-17,12:00:00,43,20,23,FMN GV 18 Kasterlee
84,Oudemolsedijk,2020-04-17,13:00:00,108,43,65,FMN GV 18 Kasterlee
84,Oudemolsedijk,2020-04-17,14:00:00,147,83,64,FMN GV 18 Kasterlee
84,Oudemolsedijk,2020-04-17,15:00:00,186,105,81,FMN GV 18 Kasterlee
84,Oudemolsedijk,2020-04-17,16:00:00,155,85,70,FMN GV 18 Kasterlee
84,Oudemolsedijk,2020-04-17,17:00:00,76,40,36,FMN GV 18 Kasterlee
84,Oudemolsedijk,2020-04-17,18:00:00,39,23,16,FMN GV 18 Kasterlee
84,Oudemolsedijk,2020-04-17,19:00:00,52,36,16,FMN GV 18 Kasterlee
84,Oudemolsedijk,2020-04-17,20:00:00,9,4,5,FMN GV 18 Kasterlee
84,Oudemolsedijk,2020-04-17,21:00:00,2,0,2,FMN GV 18 Kasterlee
84,Oudemolsedijk,2020-04-17,22:00:00,1,0,1,FMN GV 18 Kasterlee
84,Oudemolsedijk,2020-04-17,23:00:00,0,0,0,FMN GV 18 Kasterlee
84,Oudemolsedijk,2020-04-18,00:00:00,0,0,0,FMN GV 18 Kasterlee
84,Oudemolsedijk,2020-04-18,01:00:00,1,0,1,FMN GV 18 Kasterlee
84,Oudemolsedijk,2020-04-18,02:00:00,0,0,0,FMN GV 18 Kasterlee
84,Oudemolsedijk,2020-04-18,03:00:00,0,0,0,FMN GV 18 Kasterlee
84,Oudemolsedijk,2020-04-18,04:00:00,1,1,0,FMN GV 18 Kasterlee
84,Oudemolsedijk,2020-04-18,05:00:00,1,0,1,FMN GV 18 Kasterlee
84,Oudemolsedijk,2020-04-18,06:00:00,2,1,1,FMN GV 18 Kasterlee
84,Oudemolsedijk,2020-04-18,07:00:00,0,0,0,FMN GV 18 Kasterlee
84,Oudemolsedijk,2020-04-18,08:00:00,9,5,4,FMN GV 18 Kasterlee
84,Oudemolsedijk,2020-04-18,09:00:00,21,8,13,FMN GV 18 Kasterlee
84,Oudemolsedijk,2020-04-18,10:00:00,49,24,25,FMN GV 18 Kasterlee
84,Oudemolsedijk,2020-04-18,11:00:00,37,18,19,FMN GV 18 Kasterlee
84,Oudemolsedijk,2020-04-18,12:00:00,22,17,5,FMN GV 18 Kasterlee
84,Oudemolsedijk,2020-04-18,13:00:00,12,7,5,FMN GV 18 Kasterlee
84,Oudemolsedijk,2020-04-18,14:00:00,23,7,16,FMN GV 18 Kasterlee
84,Oudemolsedijk,2020-04-18,15:00:00,47,19,28,FMN GV 18 Kasterlee
84,Oudemolsedijk,2020-04-18,16:00:00,41,19,22,FMN GV 18 Kasterlee
84,Oudemolsedijk,2020-04-18,17:00:00,24,16,8,FMN GV 18 Kasterlee
84,Oudemolsedijk,2020-04-18,18:00:00,11,5,6,FMN GV 18 Kasterlee
84,Oudemolsedijk,2020-04-18,19:00:00,9,6,3,FMN GV 18 Kasterlee
84,Oudemolsedijk,2020-04-18,20:00:00,2,2,0,FMN GV 18 Kasterlee
84,Oudemolsedijk,2020-04-18,21:00:00,0,0,0,FMN GV 18 Kasterlee
84,Oudemolsedijk,2020-04-18,22:00:00,0,0,0,FMN GV 18 Kasterlee
84,Oudemolsedijk,2020-04-18,23:00:00,0,0,0,FMN GV 18 Kasterlee
84,Oudemolsedijk,2020-04-19,00:00:00,0,0,0,FMN GV 18 Kasterlee
84,Oudemolsedijk,2020-04-19,01:00:00,1,0,1,FMN GV 18 Kasterlee
84,Oudemolsedijk,2020-04-19,02:00:00,0,0,0,FMN GV 18 Kasterlee
84,Oudemolsedijk,2020-04-19,03:00:00,0,0,0,FMN GV 18 Kasterlee
84,Oudemolsedijk,2020-04-19,04:00:00,0,0,0,FMN GV 18 Kasterlee
84,Oudemolsedijk,2020-04-19,05:00:00,1,1,0,FMN GV 18 Kasterlee
84,Oudemolsedijk,2020-04-19,06:00:00,0,0,0,FMN GV 18 Kasterlee
84,Oudemolsedijk,2020-04-19,07:00:00,5,0,5,FMN GV 18 Kasterlee
84,Oudemolsedijk,2020-04-19,08:00:00,24,8,16,FMN GV 18 Kasterlee
84,Oudemolsedijk,2020-04-19,09:00:00,69,32,37,FMN GV 18 Kasterlee
84,Oudemolsedijk,2020-04-19,10:00:00,138,51,87,FMN GV 18 Kasterlee
84,Oudemolsedijk,2020-04-19,11:00:00,148,75,73,FMN GV 18 Kasterlee
84,Oudemolsedijk,2020-04-19,12:00:00,117,70,47,FMN GV 18 Kasterlee
84,Oudemolsedijk,2020-04-19,13:00:00,137,64,73,FMN GV 18 Kasterlee
84,Oudemolsedijk,2020-04-19,14:00:00,225,108,117,FMN GV 18 Kasterlee
84,Oudemolsedijk,2020-04-19,15:00:00,241,120,121,FMN GV 18 Kasterlee
84,Oudemolsedijk,2020-04-19,16:00:00,174,81,93,FMN GV 18 Kasterlee
84,Oudemolsedijk,2020-04-19,17:00:00,63,44,19,FMN GV 18 Kasterlee
84,Oudemolsedijk,2020-04-19,18:00:00,29,14,15,FMN GV 18 Kasterlee
84,Oudemolsedijk,2020-04-19,19:00:00,23,12,11,FMN GV 18 Kasterlee
84,Oudemolsedijk,2020-04-19,20:00:00,3,0,3,FMN GV 18 Kasterlee
84,Oudemolsedijk,2020-04-19,21:00:00,2,1,1,FMN GV 18 Kasterlee
84,Oudemolsedijk,2020-04-19,22:00:00,1,1,0,FMN GV 18 Kasterlee
84,Oudemolsedijk,2020-04-19,23:00:00,2,0,2,FMN GV 18 Kasterlee
84,Oudemolsedijk,2020-04-20,00:00:00,0,0,0,FMN GV 18 Kasterlee
84,Oudemolsedijk,2020-04-20,01:00:00,0,0,0,FMN GV 18 Kasterlee
84,Oudemolsedijk,2020-04-20,02:00:00,0,0,0,FMN GV 18 Kasterlee
84,Oudemolsedijk,2020-04-20,03:00:00,0,0,0,FMN GV 18 Kasterlee
84,Oudemolsedijk,2020-04-20,04:00:00,0,0,0,FMN GV 18 Kasterlee
84,Oudemolsedijk,2020-04-20,05:00:00,2,2,0,FMN GV 18 Kasterlee
84,Oudemolsedijk,2020-04-20,06:00:00,6,0,6,FMN GV 18 Kasterlee
84,Oudemolsedijk,2020-04-20,07:00:00,7,2,5,FMN GV 18 Kasterlee
84,Oudemolsedijk,2020-04-20,08:00:00,8,7,1,FMN GV 18 Kasterlee
84,Oudemolsedijk,2020-04-20,09:00:00,8,3,5,FMN GV 18 Kasterlee
84,Oudemolsedijk,2020-04-20,10:00:00,10,5,5,FMN GV 18 Kasterlee
84,Oudemolsedijk,2020-04-20,11:00:00,15,12,3,FMN GV 18 Kasterlee
84,Oudemolsedijk,2020-04-20,12:00:00,29,14,15,FMN GV 18 Kasterlee
84,Oudemolsedijk,2020-04-20,13:00:00,38,21,17,FMN GV 18 Kasterlee
84,Oudemolsedijk,2020-04-20,14:00:00,76,32,44,FMN GV 18 Kasterlee
84,Oudemolsedijk,2020-04-20,15:00:00,74,27,47,FMN GV 18 Kasterlee
84,Oudemolsedijk,2020-04-20,16:00:00,54,22,32,FMN GV 18 Kasterlee
84,Oudemolsedijk,2020-04-20,17:00:00,26,11,15,FMN GV 18 Kasterlee
84,Oudemolsedijk,2020-04-20,18:00:00,23,14,9,FMN GV 18 Kasterlee
84,Oudemolsedijk,2020-04-20,19:00:00,21,10,11,FMN GV 18 Kasterlee
84,Oudemolsedijk,2020-04-20,20:00:00,10,7,3,FMN GV 18 Kasterlee
84,Oudemolsedijk,2020-04-20,21:00:00,2,0,2,FMN GV 18 Kasterlee
84,Oudemolsedijk,2020-04-20,22:00:00,0,0,0,FMN GV 18 Kasterlee
84,Oudemolsedijk,2020-04-20,23:00:00,0,0,0,FMN GV 18 Kasterlee
84,Oudemolsedijk,2020-04-21,00:00:00,0,0,0,FMN GV 18 Kasterlee
84,Oudemolsedijk,2020-04-21,01:00:00,0,0,0,FMN GV 18 Kasterlee
84,Oudemolsedijk,2020-04-21,02:00:00,0,0,0,FMN GV 18 Kasterlee
84,Oudemolsedijk,2020-04-21,03:00:00,0,0,0,FMN GV 18 Kasterlee
84,Oudemolsedijk,2020-04-21,04:00:00,1,1,0,FMN GV 18 Kasterlee
84,Oudemolsedijk,2020-04-21,05:00:00,1,1,0,FMN GV 18 Kasterlee
84,Oudemolsedijk,2020-04-21,06:00:00,8,4,4,FMN GV 18 Kasterlee
84,Oudemolsedijk,2020-04-21,07:00:00,8,3,5,FMN GV 18 Kasterlee
84,Oudemolsedijk,2020-04-21,08:00:00,11,4,7,FMN GV 18 Kasterlee
84,Oudemolsedijk,2020-04-21,09:00:00,18,8,10,FMN GV 18 Kasterlee
84,Oudemolsedijk,2020-04-21,10:00:00,13,4,9,FMN GV 18 Kasterlee
84,Oudemolsedijk,2020-04-21,11:00:00,25,9,16,FMN GV 18 Kasterlee
84,Oudemolsedijk,2020-04-21,12:00:00,21,12,9,FMN GV 18 Kasterlee
84,Oudemolsedijk,2020-04-21,13:00:00,56,18,38,FMN GV 18 Kasterlee
84,Oudemolsedijk,2020-04-21,14:00:00,87,36,51,FMN GV 18 Kasterlee
84,Oudemolsedijk,2020-04-21,15:00:00,74,38,36,FMN GV 18 Kasterlee
84,Oudemolsedijk,2020-04-21,16:00:00,62,40,22,FMN GV 18 Kasterlee
84,Oudemolsedijk,2020-04-21,17:00:00,38,21,17,FMN GV 18 Kasterlee
84,Oudemolsedijk,2020-04-21,18:00:00,23,13,10,FMN GV 18 Kasterlee
84,Oudemolsedijk,2020-04-21,19:00:00,33,16,17,FMN GV 18 Kasterlee
84,Oudemolsedijk,2020-04-21,20:00:00,8,8,0,FMN GV 18 Kasterlee
84,Oudemolsedijk,2020-04-21,21:00:00,2,1,1,FMN GV 18 Kasterlee
84,Oudemolsedijk,2020-04-21,22:00:00,3,1,2,FMN GV 18 Kasterlee
84,Oudemolsedijk,2020-04-21,23:00:00,0,0,0,FMN GV 18 Kasterlee
84,Oudemolsedijk,2020-04-22,00:00:00,0,0,0,FMN GV 18 Kasterlee
84,Oudemolsedijk,2020-04-22,01:00:00,0,0,0,FMN GV 18 Kasterlee
84,Oudemolsedijk,2020-04-22,02:00:00,0,0,0,FMN GV 18 Kasterlee
84,Oudemolsedijk,2020-04-22,03:00:00,0,0,0,FMN GV 18 Kasterlee
84,Oudemolsedijk,2020-04-22,04:00:00,1,1,0,FMN GV 18 Kasterlee
84,Oudemolsedijk,2020-04-22,05:00:00,2,2,0,FMN GV 18 Kasterlee
84,Oudemolsedijk,2020-04-22,06:00:00,7,3,4,FMN GV 18 Kasterlee
84,Oudemolsedijk,2020-04-22,07:00:00,15,8,7,FMN GV 18 Kasterlee
84,Oudemolsedijk,2020-04-22,08:00:00,13,8,5,FMN GV 18 Kasterlee
84,Oudemolsedijk,2020-04-22,09:00:00,18,3,15,FMN GV 18 Kasterlee
84,Oudemolsedijk,2020-04-22,10:00:00,32,15,17,FMN GV 18 Kasterlee
84,Oudemolsedijk,2020-04-22,11:00:00,33,13,20,FMN GV 18 Kasterlee
84,Oudemolsedijk,2020-04-22,12:00:00,36,21,15,FMN GV 18 Kasterlee
84,Oudemolsedijk,2020-04-22,13:00:00,97,52,45,FMN GV 18 Kasterlee
84,Oudemolsedijk,2020-04-22,14:00:00,129,70,59,FMN GV 18 Kasterlee
84,Oudemolsedijk,2020-04-22,15:00:00,154,101,53,FMN GV 18 Kasterlee
84,Oudemolsedijk,2020-04-22,16:00:00,125,70,55,FMN GV 18 Kasterlee
84,Oudemolsedijk,2020-04-22,17:00:00,83,34,49,FMN GV 18 Kasterlee
84,Oudemolsedijk,2020-04-22,18:00:00,52,30,22,FMN GV 18 Kasterlee
84,Oudemolsedijk,2020-04-22,19:00:00,45,19,26,FMN GV 18 Kasterlee
84,Oudemolsedijk,2020-04-22,20:00:00,27,19,8,FMN GV 18 Kasterlee
84,Oudemolsedijk,2020-04-22,21:00:00,1,1,0,FMN GV 18 Kasterlee
84,Oudemolsedijk,2020-04-22,22:00:00,2,0,2,FMN GV 18 Kasterlee
84,Oudemolsedijk,2020-04-22,23:00:00,0,0,0,FMN GV 18 Kasterlee
84,Oudemolsedijk,2020-04-23,00:00:00,0,0,0,FMN GV 18 Kasterlee
84,Oudemolsedijk,2020-04-23,01:00:00,0,0,0,FMN GV 18 Kasterlee
84,Oudemolsedijk,2020-04-23,02:00:00,0,0,0,FMN GV 18 Kasterlee
84,Oudemolsedijk,2020-04-23,03:00:00,0,0,0,FMN GV 18 Kasterlee
84,Oudemolsedijk,2020-04-23,04:00:00,0,0,0,FMN GV 18 Kasterlee
84,Oudemolsedijk,2020-04-23,05:00:00,3,3,0,FMN GV 18 Kasterlee
84,Oudemolsedijk,2020-04-23,06:00:00,8,3,5,FMN GV 18 Kasterlee
84,Oudemolsedijk,2020-04-23,07:00:00,10,5,5,FMN GV 18 Kasterlee
84,Oudemolsedijk,2020-04-23,08:00:00,11,2,9,FMN GV 18 Kasterlee
84,Oudemolsedijk,2020-04-23,09:00:00,22,11,11,FMN GV 18 Kasterlee
84,Oudemolsedijk,2020-04-23,10:00:00,34,8,26,FMN GV 18 Kasterlee
84,Oudemolsedijk,2020-04-23,11:00:00,53,25,28,FMN GV 18 Kasterlee
84,Oudemolsedijk,2020-04-23,12:00:00,77,33,44,FMN GV 18 Kasterlee
84,Oudemolsedijk,2020-04-23,13:00:00,104,47,57,FMN GV 18 Kasterlee
84,Oudemolsedijk,2020-04-23,14:00:00,305,141,164,FMN GV 18 Kasterlee
84,Oudemolsedijk,2020-04-23,15:00:00,262,144,118,FMN GV 18 Kasterlee
84,Oudemolsedijk,2020-04-23,16:00:00,155,76,79,FMN GV 18 Kasterlee
84,Oudemolsedijk,2020-04-23,17:00:00,83,50,33,FMN GV 18 Kasterlee
84,Oudemolsedijk,2020-04-23,18:00:00,80,41,39,FMN GV 18 Kasterlee
84,Oudemolsedijk,2020-04-23,19:00:00,50,25,25,FMN GV 18 Kasterlee
84,Oudemolsedijk,2020-04-23,20:00:00,30,13,17,FMN GV 18 Kasterlee
84,Oudemolsedijk,2020-04-23,21:00:00,5,2,3,FMN GV 18 Kasterlee
84,Oudemolsedijk,2020-04-23,22:00:00,0,0,0,FMN GV 18 Kasterlee
84,Oudemolsedijk,2020-04-23,23:00:00,0,0,0,FMN GV 18 Kasterlee
84,Oudemolsedijk,2020-04-24,00:00:00,0,0,0,FMN GV 18 Kasterlee
84,Oudemolsedijk,2020-04-24,01:00:00,0,0,0,FMN GV 18 Kasterlee
84,Oudemolsedijk,2020-04-24,02:00:00,0,0,0,FMN GV 18 Kasterlee
84,Oudemolsedijk,2020-04-24,03:00:00,0,0,0,FMN GV 18 Kasterlee
84,Oudemolsedijk,2020-04-24,04:00:00,1,1,0,FMN GV 18 Kasterlee
84,Oudemolsedijk,2020-04-24,05:00:00,2,2,0,FMN GV 18 Kasterlee
84,Oudemolsedijk,2020-04-24,06:00:00,6,3,3,FMN GV 18 Kasterlee
84,Oudemolsedijk,2020-04-24,07:00:00,12,5,7,FMN GV 18 Kasterlee
84,Oudemolsedijk,2020-04-24,08:00:00,12,6,6,FMN GV 18 Kasterlee
84,Oudemolsedijk,2020-04-24,09:00:00,13,8,5,FMN GV 18 Kasterlee
84,Oudemolsedijk,2020-04-24,10:00:00,37,15,22,FMN GV 18 Kasterlee
84,Oudemolsedijk,2020-04-24,11:00:00,26,14,12,FMN GV 18 Kasterlee
84,Oudemolsedijk,2020-04-24,12:00:00,46,20,26,FMN GV 18 Kasterlee
84,Oudemolsedijk,2020-04-24,13:00:00,87,42,45,FMN GV 18 Kasterlee
84,Oudemolsedijk,2020-04-24,14:00:00,158,69,89,FMN GV 18 Kasterlee
84,Oudemolsedijk,2020-04-24,15:00:00,165,87,78,FMN GV 18 Kasterlee
84,Oudemolsedijk,2020-04-24,16:00:00,126,59,67,FMN GV 18 Kasterlee
84,Oudemolsedijk,2020-04-24,17:00:00,75,35,40,FMN GV 18 Kasterlee
84,Oudemolsedijk,2020-04-24,18:00:00,34,13,21,FMN GV 18 Kasterlee
84,Oudemolsedijk,2020-04-24,19:00:00,26,14,12,FMN GV 18 Kasterlee
84,Oudemolsedijk,2020-04-24,20:00:00,9,6,3,FMN GV 18 Kasterlee
84,Oudemolsedijk,2020-04-24,21:00:00,7,1,6,FMN GV 18 Kasterlee
84,Oudemolsedijk,2020-04-24,22:00:00,3,0,3,FMN GV 18 Kasterlee
84,Oudemolsedijk,2020-04-24,23:00:00,0,0,0,FMN GV 18 Kasterlee
84,Oudemolsedijk,2020-04-25,00:00:00,0,0,0,FMN GV 18 Kasterlee
84,Oudemolsedijk,2020-04-25,01:00:00,1,0,1,FMN GV 18 Kasterlee
84,Oudemolsedijk,2020-04-25,02:00:00,0,0,0,FMN GV 18 Kasterlee
84,Oudemolsedijk,2020-04-25,03:00:00,0,0,0,FMN GV 18 Kasterlee
84,Oudemolsedijk,2020-04-25,04:00:00,2,2,0,FMN GV 18 Kasterlee
84,Oudemolsedijk,2020-04-25,05:00:00,0,0,0,FMN GV 18 Kasterlee
84,Oudemolsedijk,2020-04-25,06:00:00,0,0,0,FMN GV 18 Kasterlee
84,Oudemolsedijk,2020-04-25,07:00:00,5,4,1,FMN GV 18 Kasterlee
84,Oudemolsedijk,2020-04-25,08:00:00,10,5,5,FMN GV 18 Kasterlee
84,Oudemolsedijk,2020-04-25,09:00:00,29,16,13,FMN GV 18 Kasterlee
84,Oudemolsedijk,2020-04-25,10:00:00,49,22,27,FMN GV 18 Kasterlee
84,Oudemolsedijk,2020-04-25,11:00:00,57,30,27,FMN GV 18 Kasterlee
84,Oudemolsedijk,2020-04-25,12:00:00,31,18,13,FMN GV 18 Kasterlee
84,Oudemolsedijk,2020-04-25,13:00:00,85,32,53,FMN GV 18 Kasterlee
84,Oudemolsedijk,2020-04-25,14:00:00,163,72,91,FMN GV 18 Kasterlee
84,Oudemolsedijk,2020-04-25,15:00:00,214,114,100,FMN GV 18 Kasterlee
84,Oudemolsedijk,2020-04-25,16:00:00,126,60,66,FMN GV 18 Kasterlee
84,Oudemolsedijk,2020-04-25,17:00:00,101,54,47,FMN GV 18 Kasterlee
84,Oudemolsedijk,2020-04-25,18:00:00,45,24,21,FMN GV 18 Kasterlee
84,Oudemolsedijk,2020-04-25,19:00:00,20,8,12,FMN GV 18 Kasterlee
84,Oudemolsedijk,2020-04-25,20:00:00,12,5,7,FMN GV 18 Kasterlee
84,Oudemolsedijk,2020-04-25,21:00:00,3,2,1,FMN GV 18 Kasterlee
84,Oudemolsedijk,2020-04-25,22:00:00,1,0,1,FMN GV 18 Kasterlee
84,Oudemolsedijk,2020-04-25,23:00:00,0,0,0,FMN GV 18 Kasterlee
84,Oudemolsedijk,2020-04-26,00:00:00,1,1,0,FMN GV 18 Kasterlee
84,Oudemolsedijk,2020-04-26,01:00:00,0,0,0,FMN GV 18 Kasterlee
84,Oudemolsedijk,2020-04-26,02:00:00,1,0,1,FMN GV 18 Kasterlee
84,Oudemolsedijk,2020-04-26,03:00:00,0,0,0,FMN GV 18 Kasterlee
84,Oudemolsedijk,2020-04-26,04:00:00,0,0,0,FMN GV 18 Kasterlee
84,Oudemolsedijk,2020-04-26,05:00:00,1,1,0,FMN GV 18 Kasterlee
84,Oudemolsedijk,2020-04-26,06:00:00,2,1,1,FMN GV 18 Kasterlee
84,Oudemolsedijk,2020-04-26,07:00:00,7,1,6,FMN GV 18 Kasterlee
84,Oudemolsedijk,2020-04-26,08:00:00,26,7,19,FMN GV 18 Kasterlee
84,Oudemolsedijk,2020-04-26,09:00:00,72,32,40,FMN GV 18 Kasterlee
84,Oudemolsedijk,2020-04-26,10:00:00,143,73,70,FMN GV 18 Kasterlee
84,Oudemolsedijk,2020-04-26,11:00:00,214,123,91,FMN GV 18 Kasterlee
84,Oudemolsedijk,2020-04-26,12:00:00,148,81,67,FMN GV 18 Kasterlee
84,Oudemolsedijk,2020-04-26,13:00:00,224,110,114,FMN GV 18 Kasterlee
84,Oudemolsedijk,2020-04-26,14:00:00,373,172,201,FMN GV 18 Kasterlee
84,Oudemolsedijk,2020-04-26,15:00:00,403,196,207,FMN GV 18 Kasterlee
84,Oudemolsedijk,2020-04-26,16:00:00,268,125,143,FMN GV 18 Kasterlee
84,Oudemolsedijk,2020-04-26,17:00:00,127,83,44,FMN GV 18 Kasterlee
84,Oudemolsedijk,2020-04-26,18:00:00,51,35,16,FMN GV 18 Kasterlee
84,Oudemolsedijk,2020-04-26,19:00:00,22,12,10,FMN GV 18 Kasterlee
84,Oudemolsedijk,2020-04-26,20:00:00,11,5,6,FMN GV 18 Kasterlee
84,Oudemolsedijk,2020-04-26,21:00:00,7,3,4,FMN GV 18 Kasterlee
84,Oudemolsedijk,2020-04-26,22:00:00,0,0,0,FMN GV 18 Kasterlee
84,Oudemolsedijk,2020-04-26,23:00:00,1,0,1,FMN GV 18 Kasterlee
84,Oudemolsedijk,2020-04-27,00:00:00,0,0,0,FMN GV 18 Kasterlee
84,Oudemolsedijk,2020-04-27,01:00:00,0,0,0,FMN GV 18 Kasterlee
84,Oudemolsedijk,2020-04-27,02:00:00,0,0,0,FMN GV 18 Kasterlee
84,Oudemolsedijk,2020-04-27,03:00:00,0,0,0,FMN GV 18 Kasterlee
84,Oudemolsedijk,2020-04-27,04:00:00,0,0,0,FMN GV 18 Kasterlee
84,Oudemolsedijk,2020-04-27,05:00:00,4,4,0,FMN GV 18 Kasterlee
84,Oudemolsedijk,2020-04-27,06:00:00,12,2,10,FMN GV 18 Kasterlee
84,Oudemolsedijk,2020-04-27,07:00:00,10,7,3,FMN GV 18 Kasterlee
84,Oudemolsedijk,2020-04-27,08:00:00,11,5,6,FMN GV 18 Kasterlee
84,Oudemolsedijk,2020-04-27,09:00:00,19,9,10,FMN GV 18 Kasterlee
84,Oudemolsedijk,2020-04-27,10:00:00,16,5,11,FMN GV 18 Kasterlee
84,Oudemolsedijk,2020-04-27,11:00:00,15,9,6,FMN GV 18 Kasterlee
84,Oudemolsedijk,2020-04-27,12:00:00,47,26,21,FMN GV 18 Kasterlee
84,Oudemolsedijk,2020-04-27,13:00:00,101,50,51,FMN GV 18 Kasterlee
84,Oudemolsedijk,2020-04-27,14:00:00,190,100,90,FMN GV 18 Kasterlee
84,Oudemolsedijk,2020-04-27,15:00:00,180,96,84,FMN GV 18 Kasterlee
84,Oudemolsedijk,2020-04-27,16:00:00,121,66,55,FMN GV 18 Kasterlee
84,Oudemolsedijk,2020-04-27,17:00:00,64,43,21,FMN GV 18 Kasterlee
84,Oudemolsedijk,2020-04-27,18:00:00,47,29,18,FMN GV 18 Kasterlee
84,Oudemolsedijk,2020-04-27,19:00:00,37,26,11,FMN GV 18 Kasterlee
84,Oudemolsedijk,2020-04-27,20:00:00,17,6,11,FMN GV 18 Kasterlee
84,Oudemolsedijk,2020-04-27,21:00:00,3,2,1,FMN GV 18 Kasterlee
84,Oudemolsedijk,2020-04-27,22:00:00,0,0,0,FMN GV 18 Kasterlee
84,Oudemolsedijk,2020-04-27,23:00:00,0,0,0,FMN GV 18 Kasterlee
84,Oudemolsedijk,2020-04-28,00:00:00,0,0,0,FMN GV 18 Kasterlee
84,Oudemolsedijk,2020-04-28,01:00:00,0,0,0,FMN GV 18 Kasterlee
84,Oudemolsedijk,2020-04-28,02:00:00,0,0,0,FMN GV 18 Kasterlee
84,Oudemolsedijk,2020-04-28,03:00:00,0,0,0,FMN GV 18 Kasterlee
84,Oudemolsedijk,2020-04-28,04:00:00,1,1,0,FMN GV 18 Kasterlee
84,Oudemolsedijk,2020-04-28,05:00:00,1,1,0,FMN GV 18 Kasterlee
84,Oudemolsedijk,2020-04-28,06:00:00,5,2,3,FMN GV 18 Kasterlee
84,Oudemolsedijk,2020-04-28,07:00:00,3,1,2,FMN GV 18 Kasterlee
84,Oudemolsedijk,2020-04-28,08:00:00,3,1,2,FMN GV 18 Kasterlee
84,Oudemolsedijk,2020-04-28,09:00:00,3,2,1,FMN GV 18 Kasterlee
84,Oudemolsedijk,2020-04-28,10:00:00,11,5,6,FMN GV 18 Kasterlee
84,Oudemolsedijk,2020-04-28,11:00:00,6,2,4,FMN GV 18 Kasterlee
84,Oudemolsedijk,2020-04-28,12:00:00,12,4,8,FMN GV 18 Kasterlee
84,Oudemolsedijk,2020-04-28,13:00:00,12,11,1,FMN GV 18 Kasterlee
84,Oudemolsedijk,2020-04-28,14:00:00,11,7,4,FMN GV 18 Kasterlee
84,Oudemolsedijk,2020-04-28,15:00:00,11,6,5,FMN GV 18 Kasterlee
84,Oudemolsedijk,2020-04-28,16:00:00,13,9,4,FMN GV 18 Kasterlee
84,Oudemolsedijk,2020-04-28,17:00:00,3,2,1,FMN GV 18 Kasterlee
84,Oudemolsedijk,2020-04-28,18:00:00,4,2,2,FMN GV 18 Kasterlee
84,Oudemolsedijk,2020-04-28,19:00:00,10,6,4,FMN GV 18 Kasterlee
84,Oudemolsedijk,2020-04-28,20:00:00,5,4,1,FMN GV 18 Kasterlee
84,Oudemolsedijk,2020-04-28,21:00:00,1,1,0,FMN GV 18 Kasterlee
84,Oudemolsedijk,2020-04-28,22:00:00,0,0,0,FMN GV 18 Kasterlee
84,Oudemolsedijk,2020-04-28,23:00:00,0,0,0,FMN GV 18 Kasterlee
84,Oudemolsedijk,2020-04-29,00:00:00,0,0,0,FMN GV 18 Kasterlee
84,Oudemolsedijk,2020-04-29,01:00:00,0,0,0,FMN GV 18 Kasterlee
84,Oudemolsedijk,2020-04-29,02:00:00,0,0,0,FMN GV 18 Kasterlee
84,Oudemolsedijk,2020-04-29,03:00:00,0,0,0,FMN GV 18 Kasterlee
84,Oudemolsedijk,2020-04-29,04:00:00,1,1,0,FMN GV 18 Kasterlee
84,Oudemolsedijk,2020-04-29,05:00:00,4,3,1,FMN GV 18 Kasterlee
84,Oudemolsedijk,2020-04-29,06:00:00,8,3,5,FMN GV 18 Kasterlee
84,Oudemolsedijk,2020-04-29,07:00:00,5,2,3,FMN GV 18 Kasterlee
84,Oudemolsedijk,2020-04-29,08:00:00,7,3,4,FMN GV 18 Kasterlee
84,Oudemolsedijk,2020-04-29,09:00:00,15,7,8,FMN GV 18 Kasterlee
84,Oudemolsedijk,2020-04-29,10:00:00,15,8,7,FMN GV 18 Kasterlee
84,Oudemolsedijk,2020-04-29,11:00:00,7,4,3,FMN GV 18 Kasterlee
84,Oudemolsedijk,2020-04-29,12:00:00,21,7,14,FMN GV 18 Kasterlee
84,Oudemolsedijk,2020-04-29,13:00:00,27,13,14,FMN GV 18 Kasterlee
84,Oudemolsedijk,2020-04-29,14:00:00,48,24,24,FMN GV 18 Kasterlee
84,Oudemolsedijk,2020-04-29,15:00:00,55,32,23,FMN GV 18 Kasterlee
84,Oudemolsedijk,2020-04-29,16:00:00,60,39,21,FMN GV 18 Kasterlee
84,Oudemolsedijk,2020-04-29,17:00:00,35,20,15,FMN GV 18 Kasterlee
84,Oudemolsedijk,2020-04-29,18:00:00,12,10,2,FMN GV 18 Kasterlee
84,Oudemolsedijk,2020-04-29,19:00:00,9,5,4,FMN GV 18 Kasterlee
84,Oudemolsedijk,2020-04-29,20:00:00,8,6,2,FMN GV 18 Kasterlee
84,Oudemolsedijk,2020-04-29,21:00:00,2,0,2,FMN GV 18 Kasterlee
84,Oudemolsedijk,2020-04-29,22:00:00,0,0,0,FMN GV 18 Kasterlee
84,Oudemolsedijk,2020-04-29,23:00:00,1,1,0,FMN GV 18 Kasterlee
84,Oudemolsedijk,2020-04-30,00:00:00,0,0,0,FMN GV 18 Kasterlee
84,Oudemolsedijk,2020-04-30,01:00:00,1,0,1,FMN GV 18 Kasterlee
84,Oudemolsedijk,2020-04-30,02:00:00,0,0,0,FMN GV 18 Kasterlee
84,Oudemolsedijk,2020-04-30,03:00:00,0,0,0,FMN GV 18 Kasterlee
84,Oudemolsedijk,2020-04-30,04:00:00,1,1,0,FMN GV 18 Kasterlee
84,Oudemolsedijk,2020-04-30,05:00:00,3,3,0,FMN GV 18 Kasterlee
84,Oudemolsedijk,2020-04-30,06:00:00,3,1,2,FMN GV 18 Kasterlee
84,Oudemolsedijk,2020-04-30,07:00:00,2,0,2,FMN GV 18 Kasterlee
84,Oudemolsedijk,2020-04-30,08:00:00,4,3,1,FMN GV 18 Kasterlee
84,Oudemolsedijk,2020-04-30,09:00:00,6,4,2,FMN GV 18 Kasterlee
84,Oudemolsedijk,2020-04-30,10:00:00,17,11,6,FMN GV 18 Kasterlee
84,Oudemolsedijk,2020-04-30,11:00:00,10,8,2,FMN GV 18 Kasterlee
84,Oudemolsedijk,2020-04-30,12:00:00,18,11,7,FMN GV 18 Kasterlee
84,Oudemolsedijk,2020-04-30,13:00:00,31,17,14,FMN GV 18 Kasterlee
84,Oudemolsedijk,2020-04-30,14:00:00,58,28,30,FMN GV 18 Kasterlee
84,Oudemolsedijk,2020-04-30,15:00:00,58,32,26,FMN GV 18 Kasterlee
84,Oudemolsedijk,2020-04-30,16:00:00,32,15,17,FMN GV 18 Kasterlee
84,Oudemolsedijk,2020-04-30,17:00:00,15,8,7,FMN GV 18 Kasterlee
84,Oudemolsedijk,2020-04-30,18:00:00,7,6,1,FMN GV 18 Kasterlee
84,Oudemolsedijk,2020-04-30,19:00:00,5,2,3,FMN GV 18 Kasterlee
84,Oudemolsedijk,2020-04-30,20:00:00,3,3,0,FMN GV 18 Kasterlee
84,Oudemolsedijk,2020-04-30,21:00:00,0,0,0,FMN GV 18 Kasterlee
84,Oudemolsedijk,2020-04-30,22:00:00,0,0,0,FMN GV 18 Kasterlee
84,Oudemolsedijk,2020-04-30,23:00:00,0,0,0,FMN GV 18 Kasterlee
84,Oudemolsedijk,2020-05-01,00:00:00,0,0,0,FMN GV 18 Kasterlee
84,Oudemolsedijk,2020-05-01,01:00:00,0,0,0,FMN GV 18 Kasterlee
84,Oudemolsedijk,2020-05-01,02:00:00,0,0,0,FMN GV 18 Kasterlee
84,Oudemolsedijk,2020-05-01,03:00:00,0,0,0,FMN GV 18 Kasterlee
84,Oudemolsedijk,2020-05-01,04:00:00,1,1,0,FMN GV 18 Kasterlee
84,Oudemolsedijk,2020-05-01,05:00:00,2,0,2,FMN GV 18 Kasterlee
84,Oudemolsedijk,2020-05-01,06:00:00,0,0,0,FMN GV 18 Kasterlee
84,Oudemolsedijk,2020-05-01,07:00:00,1,0,1,FMN GV 18 Kasterlee
84,Oudemolsedijk,2020-05-01,08:00:00,7,2,5,FMN GV 18 Kasterlee
84,Oudemolsedijk,2020-05-01,09:00:00,17,9,8,FMN GV 18 Kasterlee
84,Oudemolsedijk,2020-05-01,10:00:00,27,14,13,FMN GV 18 Kasterlee
84,Oudemolsedijk,2020-05-01,11:00:00,44,30,14,FMN GV 18 Kasterlee
84,Oudemolsedijk,2020-05-01,12:00:00,22,14,8,FMN GV 18 Kasterlee
84,Oudemolsedijk,2020-05-01,13:00:00,22,10,12,FMN GV 18 Kasterlee
84,Oudemolsedijk,2020-05-01,14:00:00,31,11,20,FMN GV 18 Kasterlee
84,Oudemolsedijk,2020-05-01,15:00:00,21,9,12,FMN GV 18 Kasterlee
84,Oudemolsedijk,2020-05-01,16:00:00,25,11,14,FMN GV 18 Kasterlee
84,Oudemolsedijk,2020-05-01,17:00:00,10,7,3,FMN GV 18 Kasterlee
84,Oudemolsedijk,2020-05-01,18:00:00,8,2,6,FMN GV 18 Kasterlee
84,Oudemolsedijk,2020-05-01,19:00:00,2,2,0,FMN GV 18 Kasterlee
84,Oudemolsedijk,2020-05-01,20:00:00,0,0,0,FMN GV 18 Kasterlee
84,Oudemolsedijk,2020-05-01,21:00:00,0,0,0,FMN GV 18 Kasterlee
84,Oudemolsedijk,2020-05-01,22:00:00,0,0,0,FMN GV 18 Kasterlee
84,Oudemolsedijk,2020-05-01,23:00:00,0,0,0,FMN GV 18 Kasterlee
84,Oudemolsedijk,2020-05-02,00:00:00,0,0,0,FMN GV 18 Kasterlee
84,Oudemolsedijk,2020-05-02,01:00:00,1,0,1,FMN GV 18 Kasterlee
84,Oudemolsedijk,2020-05-02,02:00:00,0,0,0,FMN GV 18 Kasterlee
84,Oudemolsedijk,2020-05-02,03:00:00,0,0,0,FMN GV 18 Kasterlee
84,Oudemolsedijk,2020-05-02,04:00:00,0,0,0,FMN GV 18 Kasterlee
84,Oudemolsedijk,2020-05-02,05:00:00,1,1,0,FMN GV 18 Kasterlee
84,Oudemolsedijk,2020-05-02,06:00:00,2,1,1,FMN GV 18 Kasterlee
84,Oudemolsedijk,2020-05-02,07:00:00,1,1,0,FMN GV 18 Kasterlee
84,Oudemolsedijk,2020-05-02,08:00:00,3,1,2,FMN GV 18 Kasterlee
84,Oudemolsedijk,2020-05-02,09:00:00,7,2,5,FMN GV 18 Kasterlee
84,Oudemolsedijk,2020-05-02,10:00:00,8,4,4,FMN GV 18 Kasterlee
84,Oudemolsedijk,2020-05-02,11:00:00,12,9,3,FMN GV 18 Kasterlee
84,Oudemolsedijk,2020-05-02,12:00:00,3,2,1,FMN GV 18 Kasterlee
84,Oudemolsedijk,2020-05-02,13:00:00,27,16,11,FMN GV 18 Kasterlee
84,Oudemolsedijk,2020-05-02,14:00:00,55,25,30,FMN GV 18 Kasterlee
84,Oudemolsedijk,2020-05-02,15:00:00,75,41,34,FMN GV 18 Kasterlee
84,Oudemolsedijk,2020-05-02,16:00:00,55,36,19,FMN GV 18 Kasterlee
84,Oudemolsedijk,2020-05-02,17:00:00,43,25,18,FMN GV 18 Kasterlee
84,Oudemolsedijk,2020-05-02,18:00:00,15,8,7,FMN GV 18 Kasterlee
84,Oudemolsedijk,2020-05-02,19:00:00,20,12,8,FMN GV 18 Kasterlee
84,Oudemolsedijk,2020-05-02,20:00:00,5,4,1,FMN GV 18 Kasterlee
84,Oudemolsedijk,2020-05-02,21:00:00,0,0,0,FMN GV 18 Kasterlee
84,Oudemolsedijk,2020-05-02,22:00:00,0,0,0,FMN GV 18 Kasterlee
84,Oudemolsedijk,2020-05-02,23:00:00,0,0,0,FMN GV 18 Kasterlee
84,Oudemolsedijk,2020-05-03,00:00:00,0,0,0,FMN GV 18 Kasterlee
84,Oudemolsedijk,2020-05-03,01:00:00,2,0,2,FMN GV 18 Kasterlee
84,Oudemolsedijk,2020-05-03,02:00:00,0,0,0,FMN GV 18 Kasterlee
84,Oudemolsedijk,2020-05-03,03:00:00,0,0,0,FMN GV 18 Kasterlee
84,Oudemolsedijk,2020-05-03,04:00:00,3,2,1,FMN GV 18 Kasterlee
84,Oudemolsedijk,2020-05-03,05:00:00,0,0,0,FMN GV 18 Kasterlee
84,Oudemolsedijk,2020-05-03,06:00:00,1,0,1,FMN GV 18 Kasterlee
84,Oudemolsedijk,2020-05-03,07:00:00,3,0,3,FMN GV 18 Kasterlee
84,Oudemolsedijk,2020-05-03,08:00:00,35,7,28,FMN GV 18 Kasterlee
84,Oudemolsedijk,2020-05-03,09:00:00,85,41,44,FMN GV 18 Kasterlee
84,Oudemolsedijk,2020-05-03,10:00:00,194,102,92,FMN GV 18 Kasterlee
84,Oudemolsedijk,2020-05-03,11:00:00,139,85,54,FMN GV 18 Kasterlee
84,Oudemolsedijk,2020-05-03,12:00:00,128,76,52,FMN GV 18 Kasterlee
84,Oudemolsedijk,2020-05-03,13:00:00,171,77,94,FMN GV 18 Kasterlee
84,Oudemolsedijk,2020-05-03,14:00:00,306,157,149,FMN GV 18 Kasterlee
84,Oudemolsedijk,2020-05-03,15:00:00,300,145,155,FMN GV 18 Kasterlee
84,Oudemolsedijk,2020-05-03,16:00:00,193,102,91,FMN GV 18 Kasterlee
84,Oudemolsedijk,2020-05-03,17:00:00,81,44,37,FMN GV 18 Kasterlee
84,Oudemolsedijk,2020-05-03,18:00:00,37,21,16,FMN GV 18 Kasterlee
84,Oudemolsedijk,2020-05-03,19:00:00,22,6,16,FMN GV 18 Kasterlee
84,Oudemolsedijk,2020-05-03,20:00:00,12,10,2,FMN GV 18 Kasterlee
84,Oudemolsedijk,2020-05-03,21:00:00,4,1,3,FMN GV 18 Kasterlee
84,Oudemolsedijk,2020-05-03,22:00:00,1,1,0,FMN GV 18 Kasterlee
84,Oudemolsedijk,2020-05-03,23:00:00,0,0,0,FMN GV 18 Kasterlee
84,Oudemolsedijk,2020-05-04,00:00:00,0,0,0,FMN GV 18 Kasterlee
84,Oudemolsedijk,2020-05-04,01:00:00,0,0,0,FMN GV 18 Kasterlee
84,Oudemolsedijk,2020-05-04,02:00:00,0,0,0,FMN GV 18 Kasterlee
84,Oudemolsedijk,2020-05-04,03:00:00,0,0,0,FMN GV 18 Kasterlee
84,Oudemolsedijk,2020-05-04,04:00:00,0,0,0,FMN GV 18 Kasterlee
84,Oudemolsedijk,2020-05-04,05:00:00,2,2,0,FMN GV 18 Kasterlee
84,Oudemolsedijk,2020-05-04,06:00:00,4,0,4,FMN GV 18 Kasterlee
84,Oudemolsedijk,2020-05-04,07:00:00,6,3,3,FMN GV 18 Kasterlee
84,Oudemolsedijk,2020-05-04,08:00:00,4,2,2,FMN GV 18 Kasterlee
84,Oudemolsedijk,2020-05-04,09:00:00,2,2,0,FMN GV 18 Kasterlee
84,Oudemolsedijk,2020-05-04,10:00:00,3,2,1,FMN GV 18 Kasterlee
84,Oudemolsedijk,2020-05-04,11:00:00,9,4,5,FMN GV 18 Kasterlee
84,Oudemolsedijk,2020-05-04,12:00:00,14,8,6,FMN GV 18 Kasterlee
84,Oudemolsedijk,2020-05-04,13:00:00,26,16,10,FMN GV 18 Kasterlee
84,Oudemolsedijk,2020-05-04,14:00:00,80,37,43,FMN GV 18 Kasterlee
84,Oudemolsedijk,2020-05-04,15:00:00,79,42,37,FMN GV 18 Kasterlee
84,Oudemolsedijk,2020-05-04,16:00:00,47,21,26,FMN GV 18 Kasterlee
84,Oudemolsedijk,2020-05-04,17:00:00,22,10,12,FMN GV 18 Kasterlee
84,Oudemolsedijk,2020-05-04,18:00:00,32,18,14,FMN GV 18 Kasterlee
84,Oudemolsedijk,2020-05-04,19:00:00,33,26,7,FMN GV 18 Kasterlee
84,Oudemolsedijk,2020-05-04,20:00:00,9,7,2,FMN GV 18 Kasterlee
84,Oudemolsedijk,2020-05-04,21:00:00,7,4,3,FMN GV 18 Kasterlee
84,Oudemolsedijk,2020-05-04,22:00:00,3,3,0,FMN GV 18 Kasterlee
84,Oudemolsedijk,2020-05-04,23:00:00,0,0,0,FMN GV 18 Kasterlee
84,Oudemolsedijk,2020-05-05,00:00:00,0,0,0,FMN GV 18 Kasterlee
84,Oudemolsedijk,2020-05-05,01:00:00,0,0,0,FMN GV 18 Kasterlee
84,Oudemolsedijk,2020-05-05,02:00:00,0,0,0,FMN GV 18 Kasterlee
84,Oudemolsedijk,2020-05-05,03:00:00,0,0,0,FMN GV 18 Kasterlee
84,Oudemolsedijk,2020-05-05,04:00:00,0,0,0,FMN GV 18 Kasterlee
84,Oudemolsedijk,2020-05-05,05:00:00,2,1,1,FMN GV 18 Kasterlee
84,Oudemolsedijk,2020-05-05,06:00:00,10,4,6,FMN GV 18 Kasterlee
84,Oudemolsedijk,2020-05-05,07:00:00,13,7,6,FMN GV 18 Kasterlee
84,Oudemolsedijk,2020-05-05,08:00:00,14,3,11,FMN GV 18 Kasterlee
84,Oudemolsedijk,2020-05-05,09:00:00,15,5,10,FMN GV 18 Kasterlee
84,Oudemolsedijk,2020-05-05,10:00:00,15,8,7,FMN GV 18 Kasterlee
84,Oudemolsedijk,2020-05-05,11:00:00,27,13,14,FMN GV 18 Kasterlee
84,Oudemolsedijk,2020-05-05,12:00:00,34,25,9,FMN GV 18 Kasterlee
84,Oudemolsedijk,2020-05-05,13:00:00,66,26,40,FMN GV 18 Kasterlee
84,Oudemolsedijk,2020-05-05,14:00:00,110,61,49,FMN GV 18 Kasterlee
84,Oudemolsedijk,2020-05-05,15:00:00,108,56,52,FMN GV 18 Kasterlee
84,Oudemolsedijk,2020-05-05,16:00:00,65,40,25,FMN GV 18 Kasterlee
84,Oudemolsedijk,2020-05-05,17:00:00,58,28,30,FMN GV 18 Kasterlee
84,Oudemolsedijk,2020-05-05,18:00:00,37,14,23,FMN GV 18 Kasterlee
84,Oudemolsedijk,2020-05-05,19:00:00,23,11,12,FMN GV 18 Kasterlee
84,Oudemolsedijk,2020-05-05,20:00:00,19,12,7,FMN GV 18 Kasterlee
84,Oudemolsedijk,2020-05-05,21:00:00,4,1,3,FMN GV 18 Kasterlee
84,Oudemolsedijk,2020-05-05,22:00:00,1,0,1,FMN GV 18 Kasterlee
84,Oudemolsedijk,2020-05-05,23:00:00,0,0,0,FMN GV 18 Kasterlee
84,Oudemolsedijk,2020-05-06,00:00:00,0,0,0,FMN GV 18 Kasterlee
84,Oudemolsedijk,2020-05-06,01:00:00,0,0,0,FMN GV 18 Kasterlee
84,Oudemolsedijk,2020-05-06,02:00:00,0,0,0,FMN GV 18 Kasterlee
84,Oudemolsedijk,2020-05-06,03:00:00,0,0,0,FMN GV 18 Kasterlee
84,Oudemolsedijk,2020-05-06,04:00:00,0,0,0,FMN GV 18 Kasterlee
84,Oudemolsedijk,2020-05-06,05:00:00,2,2,0,FMN GV 18 Kasterlee
84,Oudemolsedijk,2020-05-06,06:00:00,11,5,6,FMN GV 18 Kasterlee
84,Oudemolsedijk,2020-05-06,07:00:00,13,6,7,FMN GV 18 Kasterlee
84,Oudemolsedijk,2020-05-06,08:00:00,12,8,4,FMN GV 18 Kasterlee
84,Oudemolsedijk,2020-05-06,09:00:00,13,7,6,FMN GV 18 Kasterlee
84,Oudemolsedijk,2020-05-06,10:00:00,32,17,15,FMN GV 18 Kasterlee
84,Oudemolsedijk,2020-05-06,11:00:00,32,16,16,FMN GV 18 Kasterlee
84,Oudemolsedijk,2020-05-06,12:00:00,46,19,27,FMN GV 18 Kasterlee
84,Oudemolsedijk,2020-05-06,13:00:00,86,25,61,FMN GV 18 Kasterlee
84,Oudemolsedijk,2020-05-06,14:00:00,154,80,74,FMN GV 18 Kasterlee
84,Oudemolsedijk,2020-05-06,15:00:00,177,89,88,FMN GV 18 Kasterlee
84,Oudemolsedijk,2020-05-06,16:00:00,165,92,73,FMN GV 18 Kasterlee
84,Oudemolsedijk,2020-05-06,17:00:00,87,44,43,FMN GV 18 Kasterlee
84,Oudemolsedijk,2020-05-06,18:00:00,70,37,33,FMN GV 18 Kasterlee
84,Oudemolsedijk,2020-05-06,19:00:00,59,29,30,FMN GV 18 Kasterlee
84,Oudemolsedijk,2020-05-06,20:00:00,34,17,17,FMN GV 18 Kasterlee
84,Oudemolsedijk,2020-05-06,21:00:00,6,2,4,FMN GV 18 Kasterlee
84,Oudemolsedijk,2020-05-06,22:00:00,4,4,0,FMN GV 18 Kasterlee
84,Oudemolsedijk,2020-05-06,23:00:00,0,0,0,FMN GV 18 Kasterlee
84,Oudemolsedijk,2020-05-07,00:00:00,1,0,1,FMN GV 18 Kasterlee
84,Oudemolsedijk,2020-05-07,01:00:00,0,0,0,FMN GV 18 Kasterlee
84,Oudemolsedijk,2020-05-07,02:00:00,0,0,0,FMN GV 18 Kasterlee
84,Oudemolsedijk,2020-05-07,03:00:00,0,0,0,FMN GV 18 Kasterlee
84,Oudemolsedijk,2020-05-07,04:00:00,0,0,0,FMN GV 18 Kasterlee
84,Oudemolsedijk,2020-05-07,05:00:00,3,3,0,FMN GV 18 Kasterlee
84,Oudemolsedijk,2020-05-07,06:00:00,8,1,7,FMN GV 18 Kasterlee
84,Oudemolsedijk,2020-05-07,07:00:00,22,13,9,FMN GV 18 Kasterlee
84,Oudemolsedijk,2020-05-07,08:00:00,12,4,8,FMN GV 18 Kasterlee
84,Oudemolsedijk,2020-05-07,09:00:00,17,10,7,FMN GV 18 Kasterlee
84,Oudemolsedijk,2020-05-07,10:00:00,39,14,25,FMN GV 18 Kasterlee
84,Oudemolsedijk,2020-05-07,11:00:00,43,26,17,FMN GV 18 Kasterlee
84,Oudemolsedijk,2020-05-07,12:00:00,41,23,18,FMN GV 18 Kasterlee
84,Oudemolsedijk,2020-05-07,13:00:00,136,56,80,FMN GV 18 Kasterlee
84,Oudemolsedijk,2020-05-07,14:00:00,226,110,116,FMN GV 18 Kasterlee
84,Oudemolsedijk,2020-05-07,15:00:00,193,113,80,FMN GV 18 Kasterlee
84,Oudemolsedijk,2020-05-07,16:00:00,144,93,51,FMN GV 18 Kasterlee
84,Oudemolsedijk,2020-05-07,17:00:00,87,51,36,FMN GV 18 Kasterlee
84,Oudemolsedijk,2020-05-07,18:00:00,67,47,20,FMN GV 18 Kasterlee
84,Oudemolsedijk,2020-05-07,19:00:00,51,30,21,FMN GV 18 Kasterlee
84,Oudemolsedijk,2020-05-07,20:00:00,28,18,10,FMN GV 18 Kasterlee
84,Oudemolsedijk,2020-05-07,21:00:00,12,5,7,FMN GV 18 Kasterlee
84,Oudemolsedijk,2020-05-07,22:00:00,2,1,1,FMN GV 18 Kasterlee
84,Oudemolsedijk,2020-05-07,23:00:00,0,0,0,FMN GV 18 Kasterlee
84,Oudemolsedijk,2020-05-08,00:00:00,0,0,0,FMN GV 18 Kasterlee
84,Oudemolsedijk,2020-05-08,01:00:00,0,0,0,FMN GV 18 Kasterlee
84,Oudemolsedijk,2020-05-08,02:00:00,0,0,0,FMN GV 18 Kasterlee
84,Oudemolsedijk,2020-05-08,03:00:00,1,1,0,FMN GV 18 Kasterlee
84,Oudemolsedijk,2020-05-08,04:00:00,0,0,0,FMN GV 18 Kasterlee
84,Oudemolsedijk,2020-05-08,05:00:00,3,2,1,FMN GV 18 Kasterlee
84,Oudemolsedijk,2020-05-08,06:00:00,8,2,6,FMN GV 18 Kasterlee
84,Oudemolsedijk,2020-05-08,07:00:00,11,3,8,FMN GV 18 Kasterlee
84,Oudemolsedijk,2020-05-08,08:00:00,13,6,7,FMN GV 18 Kasterlee
84,Oudemolsedijk,2020-05-08,09:00:00,26,13,13,FMN GV 18 Kasterlee
84,Oudemolsedijk,2020-05-08,10:00:00,46,23,23,FMN GV 18 Kasterlee
84,Oudemolsedijk,2020-05-08,11:00:00,44,23,21,FMN GV 18 Kasterlee
84,Oudemolsedijk,2020-05-08,12:00:00,50,25,25,FMN GV 18 Kasterlee
84,Oudemolsedijk,2020-05-08,13:00:00,129,50,79,FMN GV 18 Kasterlee
84,Oudemolsedijk,2020-05-08,14:00:00,257,129,128,FMN GV 18 Kasterlee
84,Oudemolsedijk,2020-05-08,15:00:00,218,114,104,FMN GV 18 Kasterlee
84,Oudemolsedijk,2020-05-08,16:00:00,127,68,59,FMN GV 18 Kasterlee
84,Oudemolsedijk,2020-05-08,17:00:00,80,42,38,FMN GV 18 Kasterlee
84,Oudemolsedijk,2020-05-08,18:00:00,35,23,12,FMN GV 18 Kasterlee
84,Oudemolsedijk,2020-05-08,19:00:00,21,14,7,FMN GV 18 Kasterlee
84,Oudemolsedijk,2020-05-08,20:00:00,15,7,8,FMN GV 18 Kasterlee
84,Oudemolsedijk,2020-05-08,21:00:00,6,4,2,FMN GV 18 Kasterlee
84,Oudemolsedijk,2020-05-08,22:00:00,1,0,1,FMN GV 18 Kasterlee
84,Oudemolsedijk,2020-05-08,23:00:00,0,0,0,FMN GV 18 Kasterlee
84,Oudemolsedijk,2020-05-09,00:00:00,0,0,0,FMN GV 18 Kasterlee
84,Oudemolsedijk,2020-05-09,01:00:00,2,0,2,FMN GV 18 Kasterlee
84,Oudemolsedijk,2020-05-09,02:00:00,0,0,0,FMN GV 18 Kasterlee
84,Oudemolsedijk,2020-05-09,03:00:00,0,0,0,FMN GV 18 Kasterlee
84,Oudemolsedijk,2020-05-09,04:00:00,0,0,0,FMN GV 18 Kasterlee
84,Oudemolsedijk,2020-05-09,05:00:00,2,2,0,FMN GV 18 Kasterlee
84,Oudemolsedijk,2020-05-09,06:00:00,4,4,0,FMN GV 18 Kasterlee
84,Oudemolsedijk,2020-05-09,07:00:00,3,1,2,FMN GV 18 Kasterlee
84,Oudemolsedijk,2020-05-09,08:00:00,34,7,27,FMN GV 18 Kasterlee
84,Oudemolsedijk,2020-05-09,09:00:00,56,26,30,FMN GV 18 Kasterlee
84,Oudemolsedijk,2020-05-09,10:00:00,97,39,58,FMN GV 18 Kasterlee
84,Oudemolsedijk,2020-05-09,11:00:00,126,64,62,FMN GV 18 Kasterlee
84,Oudemolsedijk,2020-05-09,12:00:00,107,54,53,FMN GV 18 Kasterlee
84,Oudemolsedijk,2020-05-09,13:00:00,262,122,140,FMN GV 18 Kasterlee
84,Oudemolsedijk,2020-05-09,14:00:00,353,179,174,FMN GV 18 Kasterlee
84,Oudemolsedijk,2020-05-09,15:00:00,375,186,189,FMN GV 18 Kasterlee
84,Oudemolsedijk,2020-05-09,16:00:00,220,129,91,FMN GV 18 Kasterlee
84,Oudemolsedijk,2020-05-09,17:00:00,138,59,79,FMN GV 18 Kasterlee
84,Oudemolsedijk,2020-05-09,18:00:00,59,28,31,FMN GV 18 Kasterlee
84,Oudemolsedijk,2020-05-09,19:00:00,36,25,11,FMN GV 18 Kasterlee
84,Oudemolsedijk,2020-05-09,20:00:00,26,21,5,FMN GV 18 Kasterlee
84,Oudemolsedijk,2020-05-09,21:00:00,11,5,6,FMN GV 18 Kasterlee
84,Oudemolsedijk,2020-05-09,22:00:00,0,0,0,FMN GV 18 Kasterlee
84,Oudemolsedijk,2020-05-09,23:00:00,0,0,0,FMN GV 18 Kasterlee
84,Oudemolsedijk,2020-05-10,00:00:00,0,0,0,FMN GV 18 Kasterlee
84,Oudemolsedijk,2020-05-10,01:00:00,2,0,2,FMN GV 18 Kasterlee
84,Oudemolsedijk,2020-05-10,02:00:00,0,0,0,FMN GV 18 Kasterlee
84,Oudemolsedijk,2020-05-10,03:00:00,0,0,0,FMN GV 18 Kasterlee
84,Oudemolsedijk,2020-05-10,04:00:00,0,0,0,FMN GV 18 Kasterlee
84,Oudemolsedijk,2020-05-10,05:00:00,0,0,0,FMN GV 18 Kasterlee
84,Oudemolsedijk,2020-05-10,06:00:00,0,0,0,FMN GV 18 Kasterlee
84,Oudemolsedijk,2020-05-10,07:00:00,7,3,4,FMN GV 18 Kasterlee
84,Oudemolsedijk,2020-05-10,08:00:00,26,7,19,FMN GV 18 Kasterlee
84,Oudemolsedijk,2020-05-10,09:00:00,78,41,37,FMN GV 18 Kasterlee
84,Oudemolsedijk,2020-05-10,10:00:00,61,26,35,FMN GV 18 Kasterlee
84,Oudemolsedijk,2020-05-10,11:00:00,96,69,27,FMN GV 18 Kasterlee
84,Oudemolsedijk,2020-05-10,12:00:00,39,28,11,FMN GV 18 Kasterlee
84,Oudemolsedijk,2020-05-10,13:00:00,54,19,35,FMN GV 18 Kasterlee
84,Oudemolsedijk,2020-05-10,14:00:00,107,57,50,FMN GV 18 Kasterlee
84,Oudemolsedijk,2020-05-10,15:00:00,124,69,55,FMN GV 18 Kasterlee
84,Oudemolsedijk,2020-05-10,16:00:00,43,20,23,FMN GV 18 Kasterlee
84,Oudemolsedijk,2020-05-10,17:00:00,22,13,9,FMN GV 18 Kasterlee
84,Oudemolsedijk,2020-05-10,18:00:00,9,3,6,FMN GV 18 Kasterlee
84,Oudemolsedijk,2020-05-10,19:00:00,1,0,1,FMN GV 18 Kasterlee
84,Oudemolsedijk,2020-05-10,20:00:00,4,1,3,FMN GV 18 Kasterlee
84,Oudemolsedijk,2020-05-10,21:00:00,0,0,0,FMN GV 18 Kasterlee
84,Oudemolsedijk,2020-05-10,22:00:00,2,0,2,FMN GV 18 Kasterlee
84,Oudemolsedijk,2020-05-10,23:00:00,0,0,0,FMN GV 18 Kasterlee
84,Oudemolsedijk,2020-05-11,00:00:00,0,0,0,FMN GV 18 Kasterlee
84,Oudemolsedijk,2020-05-11,01:00:00,0,0,0,FMN GV 18 Kasterlee
84,Oudemolsedijk,2020-05-11,02:00:00,1,0,1,FMN GV 18 Kasterlee
84,Oudemolsedijk,2020-05-11,03:00:00,0,0,0,FMN GV 18 Kasterlee
84,Oudemolsedijk,2020-05-11,04:00:00,2,2,0,FMN GV 18 Kasterlee
84,Oudemolsedijk,2020-05-11,05:00:00,5,4,1,FMN GV 18 Kasterlee
84,Oudemolsedijk,2020-05-11,06:00:00,7,3,4,FMN GV 18 Kasterlee
84,Oudemolsedijk,2020-05-11,07:00:00,4,2,2,FMN GV 18 Kasterlee
84,Oudemolsedijk,2020-05-11,08:00:00,5,4,1,FMN GV 18 Kasterlee
84,Oudemolsedijk,2020-05-11,09:00:00,11,3,8,FMN GV 18 Kasterlee
84,Oudemolsedijk,2020-05-11,10:00:00,4,1,3,FMN GV 18 Kasterlee
84,Oudemolsedijk,2020-05-11,11:00:00,7,1,6,FMN GV 18 Kasterlee
84,Oudemolsedijk,2020-05-11,12:00:00,8,5,3,FMN GV 18 Kasterlee
84,Oudemolsedijk,2020-05-11,13:00:00,3,0,3,FMN GV 18 Kasterlee
84,Oudemolsedijk,2020-05-11,14:00:00,15,11,4,FMN GV 18 Kasterlee
84,Oudemolsedijk,2020-05-11,15:00:00,15,9,6,FMN GV 18 Kasterlee
84,Oudemolsedijk,2020-05-11,16:00:00,24,9,15,FMN GV 18 Kasterlee
84,Oudemolsedijk,2020-05-11,17:00:00,20,14,6,FMN GV 18 Kasterlee
84,Oudemolsedijk,2020-05-11,18:00:00,14,8,6,FMN GV 18 Kasterlee
84,Oudemolsedijk,2020-05-11,19:00:00,6,2,4,FMN GV 18 Kasterlee
84,Oudemolsedijk,2020-05-11,20:00:00,3,0,3,FMN GV 18 Kasterlee
84,Oudemolsedijk,2020-05-11,21:00:00,1,1,0,FMN GV 18 Kasterlee
84,Oudemolsedijk,2020-05-11,22:00:00,0,0,0,FMN GV 18 Kasterlee
84,Oudemolsedijk,2020-05-11,23:00:00,0,0,0,FMN GV 18 Kasterlee
84,Oudemolsedijk,2020-05-12,00:00:00,0,0,0,FMN GV 18 Kasterlee
84,Oudemolsedijk,2020-05-12,01:00:00,0,0,0,FMN GV 18 Kasterlee
84,Oudemolsedijk,2020-05-12,02:00:00,0,0,0,FMN GV 18 Kasterlee
84,Oudemolsedijk,2020-05-12,03:00:00,0,0,0,FMN GV 18 Kasterlee
84,Oudemolsedijk,2020-05-12,04:00:00,2,2,0,FMN GV 18 Kasterlee
84,Oudemolsedijk,2020-05-12,05:00:00,4,3,1,FMN GV 18 Kasterlee
84,Oudemolsedijk,2020-05-12,06:00:00,8,1,7,FMN GV 18 Kasterlee
84,Oudemolsedijk,2020-05-12,07:00:00,13,6,7,FMN GV 18 Kasterlee
84,Oudemolsedijk,2020-05-12,08:00:00,7,4,3,FMN GV 18 Kasterlee
84,Oudemolsedijk,2020-05-12,09:00:00,17,9,8,FMN GV 18 Kasterlee
84,Oudemolsedijk,2020-05-12,10:00:00,9,8,1,FMN GV 18 Kasterlee
84,Oudemolsedijk,2020-05-12,11:00:00,21,11,10,FMN GV 18 Kasterlee
84,Oudemolsedijk,2020-05-12,12:00:00,26,13,13,FMN GV 18 Kasterlee
84,Oudemolsedijk,2020-05-12,13:00:00,29,18,11,FMN GV 18 Kasterlee
84,Oudemolsedijk,2020-05-12,14:00:00,64,43,21,FMN GV 18 Kasterlee
84,Oudemolsedijk,2020-05-12,15:00:00,48,25,23,FMN GV 18 Kasterlee
84,Oudemolsedijk,2020-05-12,16:00:00,51,27,24,FMN GV 18 Kasterlee
84,Oudemolsedijk,2020-05-12,17:00:00,38,20,18,FMN GV 18 Kasterlee
84,Oudemolsedijk,2020-05-12,18:00:00,17,12,5,FMN GV 18 Kasterlee
84,Oudemolsedijk,2020-05-12,19:00:00,20,8,12,FMN GV 18 Kasterlee
84,Oudemolsedijk,2020-05-12,20:00:00,11,6,5,FMN GV 18 Kasterlee
84,Oudemolsedijk,2020-05-12,21:00:00,5,3,2,FMN GV 18 Kasterlee
84,Oudemolsedijk,2020-05-12,22:00:00,0,0,0,FMN GV 18 Kasterlee
84,Oudemolsedijk,2020-05-12,23:00:00,0,0,0,FMN GV 18 Kasterlee
84,Oudemolsedijk,2020-05-13,00:00:00,0,0,0,FMN GV 18 Kasterlee
84,Oudemolsedijk,2020-05-13,01:00:00,0,0,0,FMN GV 18 Kasterlee
84,Oudemolsedijk,2020-05-13,02:00:00,0,0,0,FMN GV 18 Kasterlee
84,Oudemolsedijk,2020-05-13,03:00:00,0,0,0,FMN GV 18 Kasterlee
84,Oudemolsedijk,2020-05-13,04:00:00,1,1,0,FMN GV 18 Kasterlee
84,Oudemolsedijk,2020-05-13,05:00:00,4,4,0,FMN GV 18 Kasterlee
84,Oudemolsedijk,2020-05-13,06:00:00,9,2,7,FMN GV 18 Kasterlee
84,Oudemolsedijk,2020-05-13,07:00:00,10,6,4,FMN GV 18 Kasterlee
84,Oudemolsedijk,2020-05-13,08:00:00,10,5,5,FMN GV 18 Kasterlee
84,Oudemolsedijk,2020-05-13,09:00:00,12,10,2,FMN GV 18 Kasterlee
84,Oudemolsedijk,2020-05-13,10:00:00,21,11,10,FMN GV 18 Kasterlee
84,Oudemolsedijk,2020-05-13,11:00:00,17,11,6,FMN GV 18 Kasterlee
84,Oudemolsedijk,2020-05-13,12:00:00,21,14,7,FMN GV 18 Kasterlee
84,Oudemolsedijk,2020-05-13,13:00:00,54,20,34,FMN GV 18 Kasterlee
84,Oudemolsedijk,2020-05-13,14:00:00,77,38,39,FMN GV 18 Kasterlee
84,Oudemolsedijk,2020-05-13,15:00:00,62,36,26,FMN GV 18 Kasterlee
84,Oudemolsedijk,2020-05-13,16:00:00,38,27,11,FMN GV 18 Kasterlee
84,Oudemolsedijk,2020-05-13,17:00:00,25,14,11,FMN GV 18 Kasterlee
84,Oudemolsedijk,2020-05-13,18:00:00,32,19,13,FMN GV 18 Kasterlee
84,Oudemolsedijk,2020-05-13,19:00:00,45,19,26,FMN GV 18 Kasterlee
84,Oudemolsedijk,2020-05-13,20:00:00,14,7,7,FMN GV 18 Kasterlee
84,Oudemolsedijk,2020-05-13,21:00:00,1,1,0,FMN GV 18 Kasterlee
84,Oudemolsedijk,2020-05-13,22:00:00,1,1,0,FMN GV 18 Kasterlee
84,Oudemolsedijk,2020-05-13,23:00:00,1,0,1,FMN GV 18 Kasterlee
84,Oudemolsedijk,2020-05-14,00:00:00,0,0,0,FMN GV 18 Kasterlee
84,Oudemolsedijk,2020-05-14,01:00:00,0,0,0,FMN GV 18 Kasterlee
84,Oudemolsedijk,2020-05-14,02:00:00,0,0,0,FMN GV 18 Kasterlee
84,Oudemolsedijk,2020-05-14,03:00:00,0,0,0,FMN GV 18 Kasterlee
84,Oudemolsedijk,2020-05-14,04:00:00,1,1,0,FMN GV 18 Kasterlee
84,Oudemolsedijk,2020-05-14,05:00:00,5,5,0,FMN GV 18 Kasterlee
84,Oudemolsedijk,2020-05-14,06:00:00,9,3,6,FMN GV 18 Kasterlee
84,Oudemolsedijk,2020-05-14,07:00:00,8,5,3,FMN GV 18 Kasterlee
84,Oudemolsedijk,2020-05-14,08:00:00,11,4,7,FMN GV 18 Kasterlee
84,Oudemolsedijk,2020-05-14,09:00:00,7,2,5,FMN GV 18 Kasterlee
84,Oudemolsedijk,2020-05-14,10:00:00,21,3,18,FMN GV 18 Kasterlee
84,Oudemolsedijk,2020-05-14,11:00:00,17,12,5,FMN GV 18 Kasterlee
84,Oudemolsedijk,2020-05-14,12:00:00,28,14,14,FMN GV 18 Kasterlee
84,Oudemolsedijk,2020-05-14,13:00:00,36,16,20,FMN GV 18 Kasterlee
84,Oudemolsedijk,2020-05-14,14:00:00,80,47,33,FMN GV 18 Kasterlee
84,Oudemolsedijk,2020-05-14,15:00:00,111,76,35,FMN GV 18 Kasterlee
84,Oudemolsedijk,2020-05-14,16:00:00,65,36,29,FMN GV 18 Kasterlee
84,Oudemolsedijk,2020-05-14,17:00:00,42,22,20,FMN GV 18 Kasterlee
84,Oudemolsedijk,2020-05-14,18:00:00,24,11,13,FMN GV 18 Kasterlee
84,Oudemolsedijk,2020-05-14,19:00:00,41,29,12,FMN GV 18 Kasterlee
84,Oudemolsedijk,2020-05-14,20:00:00,21,12,9,FMN GV 18 Kasterlee
84,Oudemolsedijk,2020-05-14,21:00:00,4,4,0,FMN GV 18 Kasterlee
84,Oudemolsedijk,2020-05-14,22:00:00,1,0,1,FMN GV 18 Kasterlee
84,Oudemolsedijk,2020-05-14,23:00:00,0,0,0,FMN GV 18 Kasterlee
84,Oudemolsedijk,2020-05-15,00:00:00,0,0,0,FMN GV 18 Kasterlee
84,Oudemolsedijk,2020-05-15,01:00:00,0,0,0,FMN GV 18 Kasterlee
84,Oudemolsedijk,2020-05-15,02:00:00,0,0,0,FMN GV 18 Kasterlee
84,Oudemolsedijk,2020-05-15,03:00:00,0,0,0,FMN GV 18 Kasterlee
84,Oudemolsedijk,2020-05-15,04:00:00,2,2,0,FMN GV 18 Kasterlee
84,Oudemolsedijk,2020-05-15,05:00:00,2,2,0,FMN GV 18 Kasterlee
84,Oudemolsedijk,2020-05-15,06:00:00,9,4,5,FMN GV 18 Kasterlee
84,Oudemolsedijk,2020-05-15,07:00:00,8,5,3,FMN GV 18 Kasterlee
84,Oudemolsedijk,2020-05-15,08:00:00,13,7,6,FMN GV 18 Kasterlee
84,Oudemolsedijk,2020-05-15,09:00:00,5,3,2,FMN GV 18 Kasterlee
84,Oudemolsedijk,2020-05-15,10:00:00,15,5,10,FMN GV 18 Kasterlee
84,Oudemolsedijk,2020-05-15,11:00:00,18,10,8,FMN GV 18 Kasterlee
84,Oudemolsedijk,2020-05-15,12:00:00,29,17,12,FMN GV 18 Kasterlee
84,Oudemolsedijk,2020-05-15,13:00:00,64,28,36,FMN GV 18 Kasterlee
84,Oudemolsedijk,2020-05-15,14:00:00,97,49,48,FMN GV 18 Kasterlee
84,Oudemolsedijk,2020-05-15,15:00:00,130,92,38,FMN GV 18 Kasterlee
84,Oudemolsedijk,2020-05-15,16:00:00,69,40,29,FMN GV 18 Kasterlee
84,Oudemolsedijk,2020-05-15,17:00:00,42,18,24,FMN GV 18 Kasterlee
84,Oudemolsedijk,2020-05-15,18:00:00,19,15,4,FMN GV 18 Kasterlee
84,Oudemolsedijk,2020-05-15,19:00:00,9,5,4,FMN GV 18 Kasterlee
84,Oudemolsedijk,2020-05-15,20:00:00,6,2,4,FMN GV 18 Kasterlee
84,Oudemolsedijk,2020-05-15,21:00:00,4,0,4,FMN GV 18 Kasterlee
84,Oudemolsedijk,2020-05-15,22:00:00,1,1,0,FMN GV 18 Kasterlee
84,Oudemolsedijk,2020-05-15,23:00:00,0,0,0,FMN GV 18 Kasterlee
84,Oudemolsedijk,2020-05-16,00:00:00,0,0,0,FMN GV 18 Kasterlee
84,Oudemolsedijk,2020-05-16,01:00:00,2,2,0,FMN GV 18 Kasterlee
84,Oudemolsedijk,2020-05-16,02:00:00,0,0,0,FMN GV 18 Kasterlee
84,Oudemolsedijk,2020-05-16,03:00:00,0,0,0,FMN GV 18 Kasterlee
84,Oudemolsedijk,2020-05-16,04:00:00,0,0,0,FMN GV 18 Kasterlee
84,Oudemolsedijk,2020-05-16,05:00:00,0,0,0,FMN GV 18 Kasterlee
84,Oudemolsedijk,2020-05-16,06:00:00,0,0,0,FMN GV 18 Kasterlee
84,Oudemolsedijk,2020-05-16,07:00:00,2,0,2,FMN GV 18 Kasterlee
84,Oudemolsedijk,2020-05-16,08:00:00,9,3,6,FMN GV 18 Kasterlee
84,Oudemolsedijk,2020-05-16,09:00:00,24,11,13,FMN GV 18 Kasterlee
84,Oudemolsedijk,2020-05-16,10:00:00,64,32,32,FMN GV 18 Kasterlee
84,Oudemolsedijk,2020-05-16,11:00:00,44,18,26,FMN GV 18 Kasterlee
84,Oudemolsedijk,2020-05-16,12:00:00,57,38,19,FMN GV 18 Kasterlee
84,Oudemolsedijk,2020-05-16,13:00:00,110,67,43,FMN GV 18 Kasterlee
84,Oudemolsedijk,2020-05-16,14:00:00,122,66,56,FMN GV 18 Kasterlee
84,Oudemolsedijk,2020-05-16,15:00:00,151,89,62,FMN GV 18 Kasterlee
84,Oudemolsedijk,2020-05-16,16:00:00,107,55,52,FMN GV 18 Kasterlee
84,Oudemolsedijk,2020-05-16,17:00:00,47,25,22,FMN GV 18 Kasterlee
84,Oudemolsedijk,2020-05-16,18:00:00,27,16,11,FMN GV 18 Kasterlee
84,Oudemolsedijk,2020-05-16,19:00:00,9,5,4,FMN GV 18 Kasterlee
84,Oudemolsedijk,2020-05-16,20:00:00,3,2,1,FMN GV 18 Kasterlee
84,Oudemolsedijk,2020-05-16,21:00:00,2,2,0,FMN GV 18 Kasterlee
84,Oudemolsedijk,2020-05-16,22:00:00,0,0,0,FMN GV 18 Kasterlee
84,Oudemolsedijk,2020-05-16,23:00:00,1,1,0,FMN GV 18 Kasterlee
84,Oudemolsedijk,2020-05-17,00:00:00,0,0,0,FMN GV 18 Kasterlee
84,Oudemolsedijk,2020-05-17,01:00:00,2,2,0,FMN GV 18 Kasterlee
84,Oudemolsedijk,2020-05-17,02:00:00,1,0,1,FMN GV 18 Kasterlee
84,Oudemolsedijk,2020-05-17,03:00:00,0,0,0,FMN GV 18 Kasterlee
84,Oudemolsedijk,2020-05-17,04:00:00,0,0,0,FMN GV 18 Kasterlee
84,Oudemolsedijk,2020-05-17,05:00:00,1,0,1,FMN GV 18 Kasterlee
84,Oudemolsedijk,2020-05-17,06:00:00,1,0,1,FMN GV 18 Kasterlee
84,Oudemolsedijk,2020-05-17,07:00:00,3,1,2,FMN GV 18 Kasterlee
84,Oudemolsedijk,2020-05-17,08:00:00,25,11,14,FMN GV 18 Kasterlee
84,Oudemolsedijk,2020-05-17,09:00:00,103,40,63,FMN GV 18 Kasterlee
84,Oudemolsedijk,2020-05-17,10:00:00,182,79,103,FMN GV 18 Kasterlee
84,Oudemolsedijk,2020-05-17,11:00:00,191,93,98,FMN GV 18 Kasterlee
84,Oudemolsedijk,2020-05-17,12:00:00,131,66,65,FMN GV 18 Kasterlee
84,Oudemolsedijk,2020-05-17,13:00:00,195,75,120,FMN GV 18 Kasterlee
84,Oudemolsedijk,2020-05-17,14:00:00,298,150,148,FMN GV 18 Kasterlee
84,Oudemolsedijk,2020-05-17,15:00:00,316,170,146,FMN GV 18 Kasterlee
84,Oudemolsedijk,2020-05-17,16:00:00,201,107,94,FMN GV 18 Kasterlee
84,Oudemolsedijk,2020-05-17,17:00:00,101,59,42,FMN GV 18 Kasterlee
84,Oudemolsedijk,2020-05-17,18:00:00,55,16,39,FMN GV 18 Kasterlee
84,Oudemolsedijk,2020-05-17,19:00:00,17,11,6,FMN GV 18 Kasterlee
84,Oudemolsedijk,2020-05-17,20:00:00,10,5,5,FMN GV 18 Kasterlee
84,Oudemolsedijk,2020-05-17,21:00:00,1,0,1,FMN GV 18 Kasterlee
84,Oudemolsedijk,2020-05-17,22:00:00,2,2,0,FMN GV 18 Kasterlee
84,Oudemolsedijk,2020-05-17,23:00:00,1,1,0,FMN GV 18 Kasterlee
84,Oudemolsedijk,2020-05-18,00:00:00,0,0,0,FMN GV 18 Kasterlee
84,Oudemolsedijk,2020-05-18,01:00:00,0,0,0,FMN GV 18 Kasterlee
84,Oudemolsedijk,2020-05-18,02:00:00,0,0,0,FMN GV 18 Kasterlee
84,Oudemolsedijk,2020-05-18,03:00:00,0,0,0,FMN GV 18 Kasterlee
84,Oudemolsedijk,2020-05-18,04:00:00,0,0,0,FMN GV 18 Kasterlee
84,Oudemolsedijk,2020-05-18,05:00:00,1,1,0,FMN GV 18 Kasterlee
84,Oudemolsedijk,2020-05-18,06:00:00,9,6,3,FMN GV 18 Kasterlee
84,Oudemolsedijk,2020-05-18,07:00:00,11,5,6,FMN GV 18 Kasterlee
84,Oudemolsedijk,2020-05-18,08:00:00,10,8,2,FMN GV 18 Kasterlee
84,Oudemolsedijk,2020-05-18,09:00:00,10,6,4,FMN GV 18 Kasterlee
84,Oudemolsedijk,2020-05-18,10:00:00,17,6,11,FMN GV 18 Kasterlee
84,Oudemolsedijk,2020-05-18,11:00:00,17,8,9,FMN GV 18 Kasterlee
84,Oudemolsedijk,2020-05-18,12:00:00,39,21,18,FMN GV 18 Kasterlee
84,Oudemolsedijk,2020-05-18,13:00:00,47,22,25,FMN GV 18 Kasterlee
84,Oudemolsedijk,2020-05-18,14:00:00,94,45,49,FMN GV 18 Kasterlee
84,Oudemolsedijk,2020-05-18,15:00:00,97,57,40,FMN GV 18 Kasterlee
84,Oudemolsedijk,2020-05-18,16:00:00,84,44,40,FMN GV 18 Kasterlee
84,Oudemolsedijk,2020-05-18,17:00:00,47,25,22,FMN GV 18 Kasterlee
84,Oudemolsedijk,2020-05-18,18:00:00,26,8,18,FMN GV 18 Kasterlee
84,Oudemolsedijk,2020-05-18,19:00:00,31,10,21,FMN GV 18 Kasterlee
84,Oudemolsedijk,2020-05-18,20:00:00,27,20,7,FMN GV 18 Kasterlee
84,Oudemolsedijk,2020-05-18,21:00:00,7,5,2,FMN GV 18 Kasterlee
84,Oudemolsedijk,2020-05-18,22:00:00,2,1,1,FMN GV 18 Kasterlee
84,Oudemolsedijk,2020-05-18,23:00:00,0,0,0,FMN GV 18 Kasterlee
84,Oudemolsedijk,2020-05-19,00:00:00,0,0,0,FMN GV 18 Kasterlee
84,Oudemolsedijk,2020-05-19,01:00:00,0,0,0,FMN GV 18 Kasterlee
84,Oudemolsedijk,2020-05-19,02:00:00,0,0,0,FMN GV 18 Kasterlee
84,Oudemolsedijk,2020-05-19,03:00:00,0,0,0,FMN GV 18 Kasterlee
84,Oudemolsedijk,2020-05-19,04:00:00,0,0,0,FMN GV 18 Kasterlee
84,Oudemolsedijk,2020-05-19,05:00:00,1,1,0,FMN GV 18 Kasterlee
84,Oudemolsedijk,2020-05-19,06:00:00,13,5,8,FMN GV 18 Kasterlee
84,Oudemolsedijk,2020-05-19,07:00:00,12,9,3,FMN GV 18 Kasterlee
84,Oudemolsedijk,2020-05-19,08:00:00,13,6,7,FMN GV 18 Kasterlee
84,Oudemolsedijk,2020-05-19,09:00:00,20,11,9,FMN GV 18 Kasterlee
84,Oudemolsedijk,2020-05-19,10:00:00,17,8,9,FMN GV 18 Kasterlee
84,Oudemolsedijk,2020-05-19,11:00:00,18,11,7,FMN GV 18 Kasterlee
84,Oudemolsedijk,2020-05-19,12:00:00,39,25,14,FMN GV 18 Kasterlee
84,Oudemolsedijk,2020-05-19,13:00:00,69,41,28,FMN GV 18 Kasterlee
84,Oudemolsedijk,2020-05-19,14:00:00,119,67,52,FMN GV 18 Kasterlee
84,Oudemolsedijk,2020-05-19,15:00:00,103,62,41,FMN GV 18 Kasterlee
84,Oudemolsedijk,2020-05-19,16:00:00,107,44,63,FMN GV 18 Kasterlee
84,Oudemolsedijk,2020-05-19,17:00:00,47,24,23,FMN GV 18 Kasterlee
84,Oudemolsedijk,2020-05-19,18:00:00,60,37,23,FMN GV 18 Kasterlee
84,Oudemolsedijk,2020-05-19,19:00:00,44,26,18,FMN GV 18 Kasterlee
84,Oudemolsedijk,2020-05-19,20:00:00,34,16,18,FMN GV 18 Kasterlee
84,Oudemolsedijk,2020-05-19,21:00:00,18,5,13,FMN GV 18 Kasterlee
84,Oudemolsedijk,2020-05-19,22:00:00,4,3,1,FMN GV 18 Kasterlee
84,Oudemolsedijk,2020-05-19,23:00:00,0,0,0,FMN GV 18 Kasterlee
84,Oudemolsedijk,2020-05-20,00:00:00,0,0,0,FMN GV 18 Kasterlee
84,Oudemolsedijk,2020-05-20,01:00:00,1,1,0,FMN GV 18 Kasterlee
84,Oudemolsedijk,2020-05-20,02:00:00,0,0,0,FMN GV 18 Kasterlee
84,Oudemolsedijk,2020-05-20,03:00:00,0,0,0,FMN GV 18 Kasterlee
84,Oudemolsedijk,2020-05-20,04:00:00,0,0,0,FMN GV 18 Kasterlee
84,Oudemolsedijk,2020-05-20,05:00:00,1,0,1,FMN GV 18 Kasterlee
84,Oudemolsedijk,2020-05-20,06:00:00,11,4,7,FMN GV 18 Kasterlee
84,Oudemolsedijk,2020-05-20,07:00:00,10,5,5,FMN GV 18 Kasterlee
84,Oudemolsedijk,2020-05-20,08:00:00,18,7,11,FMN GV 18 Kasterlee
84,Oudemolsedijk,2020-05-20,09:00:00,17,7,10,FMN GV 18 Kasterlee
84,Oudemolsedijk,2020-05-20,10:00:00,29,15,14,FMN GV 18 Kasterlee
84,Oudemolsedijk,2020-05-20,11:00:00,34,12,22,FMN GV 18 Kasterlee
84,Oudemolsedijk,2020-05-20,12:00:00,47,19,28,FMN GV 18 Kasterlee
84,Oudemolsedijk,2020-05-20,13:00:00,83,41,42,FMN GV 18 Kasterlee
84,Oudemolsedijk,2020-05-20,14:00:00,128,69,59,FMN GV 18 Kasterlee
84,Oudemolsedijk,2020-05-20,15:00:00,133,73,60,FMN GV 18 Kasterlee
84,Oudemolsedijk,2020-05-20,16:00:00,122,76,46,FMN GV 18 Kasterlee
84,Oudemolsedijk,2020-05-20,17:00:00,57,36,21,FMN GV 18 Kasterlee
84,Oudemolsedijk,2020-05-20,18:00:00,33,13,20,FMN GV 18 Kasterlee
84,Oudemolsedijk,2020-05-20,19:00:00,47,16,31,FMN GV 18 Kasterlee
84,Oudemolsedijk,2020-05-20,20:00:00,67,38,29,FMN GV 18 Kasterlee
84,Oudemolsedijk,2020-05-20,21:00:00,10,5,5,FMN GV 18 Kasterlee
84,Oudemolsedijk,2020-05-20,22:00:00,5,3,2,FMN GV 18 Kasterlee
84,Oudemolsedijk,2020-05-20,23:00:00,1,0,1,FMN GV 18 Kasterlee
84,Oudemolsedijk,2020-05-21,00:00:00,0,0,0,FMN GV 18 Kasterlee
84,Oudemolsedijk,2020-05-21,01:00:00,0,0,0,FMN GV 18 Kasterlee
84,Oudemolsedijk,2020-05-21,02:00:00,1,0,1,FMN GV 18 Kasterlee
84,Oudemolsedijk,2020-05-21,03:00:00,0,0,0,FMN GV 18 Kasterlee
84,Oudemolsedijk,2020-05-21,04:00:00,1,0,1,FMN GV 18 Kasterlee
84,Oudemolsedijk,2020-05-21,05:00:00,0,0,0,FMN GV 18 Kasterlee
84,Oudemolsedijk,2020-05-21,06:00:00,1,0,1,FMN GV 18 Kasterlee
84,Oudemolsedijk,2020-05-21,07:00:00,11,3,8,FMN GV 18 Kasterlee
84,Oudemolsedijk,2020-05-21,08:00:00,14,5,9,FMN GV 18 Kasterlee
84,Oudemolsedijk,2020-05-21,09:00:00,92,33,59,FMN GV 18 Kasterlee
84,Oudemolsedijk,2020-05-21,10:00:00,187,73,114,FMN GV 18 Kasterlee
84,Oudemolsedijk,2020-05-21,11:00:00,182,108,74,FMN GV 18 Kasterlee
84,Oudemolsedijk,2020-05-21,12:00:00,176,113,63,FMN GV 18 Kasterlee
84,Oudemolsedijk,2020-05-21,13:00:00,206,121,85,FMN GV 18 Kasterlee
84,Oudemolsedijk,2020-05-21,14:00:00,335,131,204,FMN GV 18 Kasterlee
84,Oudemolsedijk,2020-05-21,15:00:00,292,169,123,FMN GV 18 Kasterlee
84,Oudemolsedijk,2020-05-21,16:00:00,229,126,103,FMN GV 18 Kasterlee
84,Oudemolsedijk,2020-05-21,17:00:00,96,59,37,FMN GV 18 Kasterlee
84,Oudemolsedijk,2020-05-21,18:00:00,61,47,14,FMN GV 18 Kasterlee
84,Oudemolsedijk,2020-05-21,19:00:00,51,24,27,FMN GV 18 Kasterlee
84,Oudemolsedijk,2020-05-21,20:00:00,27,9,18,FMN GV 18 Kasterlee
84,Oudemolsedijk,2020-05-21,21:00:00,21,9,12,FMN GV 18 Kasterlee
84,Oudemolsedijk,2020-05-21,22:00:00,6,6,0,FMN GV 18 Kasterlee
84,Oudemolsedijk,2020-05-21,23:00:00,0,0,0,FMN GV 18 Kasterlee
84,Oudemolsedijk,2020-05-22,00:00:00,0,0,0,FMN GV 18 Kasterlee
84,Oudemolsedijk,2020-05-22,01:00:00,0,0,0,FMN GV 18 Kasterlee
84,Oudemolsedijk,2020-05-22,02:00:00,0,0,0,FMN GV 18 Kasterlee
84,Oudemolsedijk,2020-05-22,03:00:00,0,0,0,FMN GV 18 Kasterlee
84,Oudemolsedijk,2020-05-22,04:00:00,1,0,1,FMN GV 18 Kasterlee
84,Oudemolsedijk,2020-05-22,05:00:00,1,1,0,FMN GV 18 Kasterlee
84,Oudemolsedijk,2020-05-22,06:00:00,1,0,1,FMN GV 18 Kasterlee
84,Oudemolsedijk,2020-05-22,07:00:00,11,4,7,FMN GV 18 Kasterlee
84,Oudemolsedijk,2020-05-22,08:00:00,18,11,7,FMN GV 18 Kasterlee
84,Oudemolsedijk,2020-05-22,09:00:00,36,11,25,FMN GV 18 Kasterlee
84,Oudemolsedijk,2020-05-22,10:00:00,46,28,18,FMN GV 18 Kasterlee
84,Oudemolsedijk,2020-05-22,11:00:00,50,29,21,FMN GV 18 Kasterlee
84,Oudemolsedijk,2020-05-22,12:00:00,50,18,32,FMN GV 18 Kasterlee
84,Oudemolsedijk,2020-05-22,13:00:00,48,20,28,FMN GV 18 Kasterlee
84,Oudemolsedijk,2020-05-22,14:00:00,99,58,41,FMN GV 18 Kasterlee
84,Oudemolsedijk,2020-05-22,15:00:00,78,48,30,FMN GV 18 Kasterlee
84,Oudemolsedijk,2020-05-22,16:00:00,17,12,5,FMN GV 18 Kasterlee
84,Oudemolsedijk,2020-05-22,17:00:00,13,4,9,FMN GV 18 Kasterlee
84,Oudemolsedijk,2020-05-22,18:00:00,14,12,2,FMN GV 18 Kasterlee
84,Oudemolsedijk,2020-05-22,19:00:00,23,9,14,FMN GV 18 Kasterlee
84,Oudemolsedijk,2020-05-22,20:00:00,11,7,4,FMN GV 18 Kasterlee
84,Oudemolsedijk,2020-05-22,21:00:00,15,10,5,FMN GV 18 Kasterlee
84,Oudemolsedijk,2020-05-22,22:00:00,3,2,1,FMN GV 18 Kasterlee
84,Oudemolsedijk,2020-05-22,23:00:00,0,0,0,FMN GV 18 Kasterlee
84,Oudemolsedijk,2020-05-23,00:00:00,0,0,0,FMN GV 18 Kasterlee
84,Oudemolsedijk,2020-05-23,01:00:00,1,0,1,FMN GV 18 Kasterlee
84,Oudemolsedijk,2020-05-23,02:00:00,0,0,0,FMN GV 18 Kasterlee
84,Oudemolsedijk,2020-05-23,03:00:00,0,0,0,FMN GV 18 Kasterlee
84,Oudemolsedijk,2020-05-23,04:00:00,0,0,0,FMN GV 18 Kasterlee
84,Oudemolsedijk,2020-05-23,05:00:00,1,1,0,FMN GV 18 Kasterlee
84,Oudemolsedijk,2020-05-23,06:00:00,0,0,0,FMN GV 18 Kasterlee
84,Oudemolsedijk,2020-05-23,07:00:00,5,2,3,FMN GV 18 Kasterlee
84,Oudemolsedijk,2020-05-23,08:00:00,6,2,4,FMN GV 18 Kasterlee
84,Oudemolsedijk,2020-05-23,09:00:00,20,5,15,FMN GV 18 Kasterlee
84,Oudemolsedijk,2020-05-23,10:00:00,36,17,19,FMN GV 18 Kasterlee
84,Oudemolsedijk,2020-05-23,11:00:00,39,26,13,FMN GV 18 Kasterlee
84,Oudemolsedijk,2020-05-23,12:00:00,45,25,20,FMN GV 18 Kasterlee
84,Oudemolsedijk,2020-05-23,13:00:00,79,38,41,FMN GV 18 Kasterlee
84,Oudemolsedijk,2020-05-23,14:00:00,83,40,43,FMN GV 18 Kasterlee
84,Oudemolsedijk,2020-05-23,15:00:00,101,45,56,FMN GV 18 Kasterlee
84,Oudemolsedijk,2020-05-23,16:00:00,68,39,29,FMN GV 18 Kasterlee
84,Oudemolsedijk,2020-05-23,17:00:00,29,15,14,FMN GV 18 Kasterlee
84,Oudemolsedijk,2020-05-23,18:00:00,12,4,8,FMN GV 18 Kasterlee
84,Oudemolsedijk,2020-05-23,19:00:00,10,4,6,FMN GV 18 Kasterlee
84,Oudemolsedijk,2020-05-23,20:00:00,21,9,12,FMN GV 18 Kasterlee
84,Oudemolsedijk,2020-05-23,21:00:00,12,6,6,FMN GV 18 Kasterlee
84,Oudemolsedijk,2020-05-23,22:00:00,1,1,0,FMN GV 18 Kasterlee
84,Oudemolsedijk,2020-05-23,23:00:00,0,0,0,FMN GV 18 Kasterlee
84,Oudemolsedijk,2020-05-24,00:00:00,0,0,0,FMN GV 18 Kasterlee
84,Oudemolsedijk,2020-05-24,01:00:00,0,0,0,FMN GV 18 Kasterlee
84,Oudemolsedijk,2020-05-24,02:00:00,3,3,0,FMN GV 18 Kasterlee
84,Oudemolsedijk,2020-05-24,03:00:00,0,0,0,FMN GV 18 Kasterlee
84,Oudemolsedijk,2020-05-24,04:00:00,0,0,0,FMN GV 18 Kasterlee
84,Oudemolsedijk,2020-05-24,05:00:00,1,1,0,FMN GV 18 Kasterlee
84,Oudemolsedijk,2020-05-24,06:00:00,2,0,2,FMN GV 18 Kasterlee
84,Oudemolsedijk,2020-05-24,07:00:00,4,2,2,FMN GV 18 Kasterlee
84,Oudemolsedijk,2020-05-24,08:00:00,32,18,14,FMN GV 18 Kasterlee
84,Oudemolsedijk,2020-05-24,09:00:00,132,65,67,FMN GV 18 Kasterlee
84,Oudemolsedijk,2020-05-24,10:00:00,167,82,85,FMN GV 18 Kasterlee
84,Oudemolsedijk,2020-05-24,11:00:00,166,98,68,FMN GV 18 Kasterlee
84,Oudemolsedijk,2020-05-24,12:00:00,72,41,31,FMN GV 18 Kasterlee
84,Oudemolsedijk,2020-05-24,13:00:00,64,39,25,FMN GV 18 Kasterlee
84,Oudemolsedijk,2020-05-24,14:00:00,50,22,28,FMN GV 18 Kasterlee
84,Oudemolsedijk,2020-05-24,15:00:00,54,27,27,FMN GV 18 Kasterlee
84,Oudemolsedijk,2020-05-24,16:00:00,41,23,18,FMN GV 18 Kasterlee
84,Oudemolsedijk,2020-05-24,17:00:00,16,7,9,FMN GV 18 Kasterlee
84,Oudemolsedijk,2020-05-24,18:00:00,14,5,9,FMN GV 18 Kasterlee
84,Oudemolsedijk,2020-05-24,19:00:00,16,12,4,FMN GV 18 Kasterlee
84,Oudemolsedijk,2020-05-24,20:00:00,9,4,5,FMN GV 18 Kasterlee
84,Oudemolsedijk,2020-05-24,21:00:00,2,0,2,FMN GV 18 Kasterlee
84,Oudemolsedijk,2020-05-24,22:00:00,1,1,0,FMN GV 18 Kasterlee
84,Oudemolsedijk,2020-05-24,23:00:00,1,1,0,FMN GV 18 Kasterlee
84,Oudemolsedijk,2020-05-25,00:00:00,0,0,0,FMN GV 18 Kasterlee
84,Oudemolsedijk,2020-05-25,01:00:00,0,0,0,FMN GV 18 Kasterlee
84,Oudemolsedijk,2020-05-25,02:00:00,0,0,0,FMN GV 18 Kasterlee
84,Oudemolsedijk,2020-05-25,03:00:00,0,0,0,FMN GV 18 Kasterlee
84,Oudemolsedijk,2020-05-25,04:00:00,1,1,0,FMN GV 18 Kasterlee
84,Oudemolsedijk,2020-05-25,05:00:00,3,3,0,FMN GV 18 Kasterlee
84,Oudemolsedijk,2020-05-25,06:00:00,10,1,9,FMN GV 18 Kasterlee
84,Oudemolsedijk,2020-05-25,07:00:00,15,9,6,FMN GV 18 Kasterlee
84,Oudemolsedijk,2020-05-25,08:00:00,12,7,5,FMN GV 18 Kasterlee
84,Oudemolsedijk,2020-05-25,09:00:00,13,6,7,FMN GV 18 Kasterlee
84,Oudemolsedijk,2020-05-25,10:00:00,22,10,12,FMN GV 18 Kasterlee
84,Oudemolsedijk,2020-05-25,11:00:00,24,15,9,FMN GV 18 Kasterlee
84,Oudemolsedijk,2020-05-25,12:00:00,27,11,16,FMN GV 18 Kasterlee
84,Oudemolsedijk,2020-05-25,13:00:00,47,25,22,FMN GV 18 Kasterlee
84,Oudemolsedijk,2020-05-25,14:00:00,109,52,57,FMN GV 18 Kasterlee
84,Oudemolsedijk,2020-05-25,15:00:00,105,62,43,FMN GV 18 Kasterlee
84,Oudemolsedijk,2020-05-25,16:00:00,79,47,32,FMN GV 18 Kasterlee
84,Oudemolsedijk,2020-05-25,17:00:00,34,19,15,FMN GV 18 Kasterlee
84,Oudemolsedijk,2020-05-25,18:00:00,37,24,13,FMN GV 18 Kasterlee
84,Oudemolsedijk,2020-05-25,19:00:00,26,11,15,FMN GV 18 Kasterlee
84,Oudemolsedijk,2020-05-25,20:00:00,27,18,9,FMN GV 18 Kasterlee
84,Oudemolsedijk,2020-05-25,21:00:00,11,4,7,FMN GV 18 Kasterlee
84,Oudemolsedijk,2020-05-25,22:00:00,2,1,1,FMN GV 18 Kasterlee
84,Oudemolsedijk,2020-05-25,23:00:00,2,2,0,FMN GV 18 Kasterlee
84,Oudemolsedijk,2020-05-26,00:00:00,0,0,0,FMN GV 18 Kasterlee
84,Oudemolsedijk,2020-05-26,01:00:00,0,0,0,FMN GV 18 Kasterlee
84,Oudemolsedijk,2020-05-26,02:00:00,0,0,0,FMN GV 18 Kasterlee
84,Oudemolsedijk,2020-05-26,03:00:00,0,0,0,FMN GV 18 Kasterlee
84,Oudemolsedijk,2020-05-26,04:00:00,1,1,0,FMN GV 18 Kasterlee
84,Oudemolsedijk,2020-05-26,05:00:00,5,4,1,FMN GV 18 Kasterlee
84,Oudemolsedijk,2020-05-26,06:00:00,14,5,9,FMN GV 18 Kasterlee
84,Oudemolsedijk,2020-05-26,07:00:00,15,10,5,FMN GV 18 Kasterlee
84,Oudemolsedijk,2020-05-26,08:00:00,24,12,12,FMN GV 18 Kasterlee
84,Oudemolsedijk,2020-05-26,09:00:00,30,19,11,FMN GV 18 Kasterlee
84,Oudemolsedijk,2020-05-26,10:00:00,45,14,31,FMN GV 18 Kasterlee
84,Oudemolsedijk,2020-05-26,11:00:00,26,10,16,FMN GV 18 Kasterlee
84,Oudemolsedijk,2020-05-26,12:00:00,39,23,16,FMN GV 18 Kasterlee
84,Oudemolsedijk,2020-05-26,13:00:00,99,47,52,FMN GV 18 Kasterlee
84,Oudemolsedijk,2020-05-26,14:00:00,164,62,102,FMN GV 18 Kasterlee
84,Oudemolsedijk,2020-05-26,15:00:00,188,110,78,FMN GV 18 Kasterlee
84,Oudemolsedijk,2020-05-26,16:00:00,120,67,53,FMN GV 18 Kasterlee
84,Oudemolsedijk,2020-05-26,17:00:00,66,39,27,FMN GV 18 Kasterlee
84,Oudemolsedijk,2020-05-26,18:00:00,80,45,35,FMN GV 18 Kasterlee
84,Oudemolsedijk,2020-05-26,19:00:00,59,38,21,FMN GV 18 Kasterlee
84,Oudemolsedijk,2020-05-26,20:00:00,25,12,13,FMN GV 18 Kasterlee
84,Oudemolsedijk,2020-05-26,21:00:00,18,15,3,FMN GV 18 Kasterlee
84,Oudemolsedijk,2020-05-26,22:00:00,3,1,2,FMN GV 18 Kasterlee
84,Oudemolsedijk,2020-05-26,23:00:00,0,0,0,FMN GV 18 Kasterlee
84,Oudemolsedijk,2020-05-27,00:00:00,0,0,0,FMN GV 18 Kasterlee
84,Oudemolsedijk,2020-05-27,01:00:00,0,0,0,FMN GV 18 Kasterlee
84,Oudemolsedijk,2020-05-27,02:00:00,0,0,0,FMN GV 18 Kasterlee
84,Oudemolsedijk,2020-05-27,03:00:00,0,0,0,FMN GV 18 Kasterlee
84,Oudemolsedijk,2020-05-27,04:00:00,1,1,0,FMN GV 18 Kasterlee
84,Oudemolsedijk,2020-05-27,05:00:00,3,2,1,FMN GV 18 Kasterlee
84,Oudemolsedijk,2020-05-27,06:00:00,8,2,6,FMN GV 18 Kasterlee
84,Oudemolsedijk,2020-05-27,07:00:00,19,10,9,FMN GV 18 Kasterlee
84,Oudemolsedijk,2020-05-27,08:00:00,15,10,5,FMN GV 18 Kasterlee
84,Oudemolsedijk,2020-05-27,09:00:00,20,12,8,FMN GV 18 Kasterlee
84,Oudemolsedijk,2020-05-27,10:00:00,27,12,15,FMN GV 18 Kasterlee
84,Oudemolsedijk,2020-05-27,11:00:00,28,17,11,FMN GV 18 Kasterlee
84,Oudemolsedijk,2020-05-27,12:00:00,46,34,12,FMN GV 18 Kasterlee
84,Oudemolsedijk,2020-05-27,13:00:00,72,45,27,FMN GV 18 Kasterlee
84,Oudemolsedijk,2020-05-27,14:00:00,145,65,80,FMN GV 18 Kasterlee
84,Oudemolsedijk,2020-05-27,15:00:00,148,79,69,FMN GV 18 Kasterlee
84,Oudemolsedijk,2020-05-27,16:00:00,124,70,54,FMN GV 18 Kasterlee
84,Oudemolsedijk,2020-05-27,17:00:00,58,27,31,FMN GV 18 Kasterlee
84,Oudemolsedijk,2020-05-27,18:00:00,62,28,34,FMN GV 18 Kasterlee
84,Oudemolsedijk,2020-05-27,19:00:00,91,43,48,FMN GV 18 Kasterlee
84,Oudemolsedijk,2020-05-27,20:00:00,53,37,16,FMN GV 18 Kasterlee
84,Oudemolsedijk,2020-05-27,21:00:00,23,19,4,FMN GV 18 Kasterlee
84,Oudemolsedijk,2020-05-27,22:00:00,3,1,2,FMN GV 18 Kasterlee
84,Oudemolsedijk,2020-05-27,23:00:00,0,0,0,FMN GV 18 Kasterlee
84,Oudemolsedijk,2020-05-28,00:00:00,1,1,0,FMN GV 18 Kasterlee
84,Oudemolsedijk,2020-05-28,01:00:00,0,0,0,FMN GV 18 Kasterlee
84,Oudemolsedijk,2020-05-28,02:00:00,0,0,0,FMN GV 18 Kasterlee
84,Oudemolsedijk,2020-05-28,03:00:00,0,0,0,FMN GV 18 Kasterlee
84,Oudemolsedijk,2020-05-28,04:00:00,1,1,0,FMN GV 18 Kasterlee
84,Oudemolsedijk,2020-05-28,05:00:00,4,4,0,FMN GV 18 Kasterlee
84,Oudemolsedijk,2020-05-28,06:00:00,6,2,4,FMN GV 18 Kasterlee
84,Oudemolsedijk,2020-05-28,07:00:00,17,9,8,FMN GV 18 Kasterlee
84,Oudemolsedijk,2020-05-28,08:00:00,25,17,8,FMN GV 18 Kasterlee
84,Oudemolsedijk,2020-05-28,09:00:00,19,6,13,FMN GV 18 Kasterlee
84,Oudemolsedijk,2020-05-28,10:00:00,33,15,18,FMN GV 18 Kasterlee
84,Oudemolsedijk,2020-05-28,11:00:00,29,14,15,FMN GV 18 Kasterlee
84,Oudemolsedijk,2020-05-28,12:00:00,45,24,21,FMN GV 18 Kasterlee
84,Oudemolsedijk,2020-05-28,13:00:00,86,42,44,FMN GV 18 Kasterlee
84,Oudemolsedijk,2020-05-28,14:00:00,146,64,82,FMN GV 18 Kasterlee
84,Oudemolsedijk,2020-05-28,15:00:00,109,65,44,FMN GV 18 Kasterlee
84,Oudemolsedijk,2020-05-28,16:00:00,90,43,47,FMN GV 18 Kasterlee
84,Oudemolsedijk,2020-05-28,17:00:00,60,25,35,FMN GV 18 Kasterlee
84,Oudemolsedijk,2020-05-28,18:00:00,55,26,29,FMN GV 18 Kasterlee
84,Oudemolsedijk,2020-05-28,19:00:00,59,42,17,FMN GV 18 Kasterlee
84,Oudemolsedijk,2020-05-28,20:00:00,49,34,15,FMN GV 18 Kasterlee
84,Oudemolsedijk,2020-05-28,21:00:00,16,11,5,FMN GV 18 Kasterlee
84,Oudemolsedijk,2020-05-28,22:00:00,2,1,1,FMN GV 18 Kasterlee
84,Oudemolsedijk,2020-05-28,23:00:00,0,0,0,FMN GV 18 Kasterlee
84,Oudemolsedijk,2020-05-29,00:00:00,1,1,0,FMN GV 18 Kasterlee
84,Oudemolsedijk,2020-05-29,01:00:00,0,0,0,FMN GV 18 Kasterlee
84,Oudemolsedijk,2020-05-29,02:00:00,0,0,0,FMN GV 18 Kasterlee
84,Oudemolsedijk,2020-05-29,03:00:00,0,0,0,FMN GV 18 Kasterlee
84,Oudemolsedijk,2020-05-29,04:00:00,1,1,0,FMN GV 18 Kasterlee
84,Oudemolsedijk,2020-05-29,05:00:00,1,0,1,FMN GV 18 Kasterlee
84,Oudemolsedijk,2020-05-29,06:00:00,12,4,8,FMN GV 18 Kasterlee
84,Oudemolsedijk,2020-05-29,07:00:00,14,4,10,FMN GV 18 Kasterlee
84,Oudemolsedijk,2020-05-29,08:00:00,19,16,3,FMN GV 18 Kasterlee
84,Oudemolsedijk,2020-05-29,09:00:00,20,5,15,FMN GV 18 Kasterlee
84,Oudemolsedijk,2020-05-29,10:00:00,32,17,15,FMN GV 18 Kasterlee
84,Oudemolsedijk,2020-05-29,11:00:00,38,18,20,FMN GV 18 Kasterlee
84,Oudemolsedijk,2020-05-29,12:00:00,35,18,17,FMN GV 18 Kasterlee
84,Oudemolsedijk,2020-05-29,13:00:00,88,33,55,FMN GV 18 Kasterlee
84,Oudemolsedijk,2020-05-29,14:00:00,126,67,59,FMN GV 18 Kasterlee
84,Oudemolsedijk,2020-05-29,15:00:00,149,94,55,FMN GV 18 Kasterlee
84,Oudemolsedijk,2020-05-29,16:00:00,105,61,44,FMN GV 18 Kasterlee
84,Oudemolsedijk,2020-05-29,17:00:00,56,25,31,FMN GV 18 Kasterlee
84,Oudemolsedijk,2020-05-29,18:00:00,26,17,9,FMN GV 18 Kasterlee
84,Oudemolsedijk,2020-05-29,19:00:00,33,16,17,FMN GV 18 Kasterlee
84,Oudemolsedijk,2020-05-29,20:00:00,33,15,18,FMN GV 18 Kasterlee
84,Oudemolsedijk,2020-05-29,21:00:00,10,6,4,FMN GV 18 Kasterlee
84,Oudemolsedijk,2020-05-29,22:00:00,3,1,2,FMN GV 18 Kasterlee
84,Oudemolsedijk,2020-05-29,23:00:00,0,0,0,FMN GV 18 Kasterlee
84,Oudemolsedijk,2020-05-30,00:00:00,0,0,0,FMN GV 18 Kasterlee
84,Oudemolsedijk,2020-05-30,01:00:00,0,0,0,FMN GV 18 Kasterlee
84,Oudemolsedijk,2020-05-30,02:00:00,1,0,1,FMN GV 18 Kasterlee
84,Oudemolsedijk,2020-05-30,03:00:00,1,1,0,FMN GV 18 Kasterlee
84,Oudemolsedijk,2020-05-30,04:00:00,0,0,0,FMN GV 18 Kasterlee
84,Oudemolsedijk,2020-05-30,05:00:00,1,0,1,FMN GV 18 Kasterlee
84,Oudemolsedijk,2020-05-30,06:00:00,1,0,1,FMN GV 18 Kasterlee
84,Oudemolsedijk,2020-05-30,07:00:00,4,1,3,FMN GV 18 Kasterlee
84,Oudemolsedijk,2020-05-30,08:00:00,28,6,22,FMN GV 18 Kasterlee
84,Oudemolsedijk,2020-05-30,09:00:00,43,7,36,FMN GV 18 Kasterlee
84,Oudemolsedijk,2020-05-30,10:00:00,49,11,38,FMN GV 18 Kasterlee
84,Oudemolsedijk,2020-05-30,11:00:00,90,62,28,FMN GV 18 Kasterlee
84,Oudemolsedijk,2020-05-30,12:00:00,70,41,29,FMN GV 18 Kasterlee
84,Oudemolsedijk,2020-05-30,13:00:00,164,86,78,FMN GV 18 Kasterlee
84,Oudemolsedijk,2020-05-30,14:00:00,155,86,69,FMN GV 18 Kasterlee
84,Oudemolsedijk,2020-05-30,15:00:00,215,137,78,FMN GV 18 Kasterlee
84,Oudemolsedijk,2020-05-30,16:00:00,127,79,48,FMN GV 18 Kasterlee
84,Oudemolsedijk,2020-05-30,17:00:00,76,28,48,FMN GV 18 Kasterlee
84,Oudemolsedijk,2020-05-30,18:00:00,45,26,19,FMN GV 18 Kasterlee
84,Oudemolsedijk,2020-05-30,19:00:00,39,26,13,FMN GV 18 Kasterlee
84,Oudemolsedijk,2020-05-30,20:00:00,26,11,15,FMN GV 18 Kasterlee
84,Oudemolsedijk,2020-05-30,21:00:00,11,5,6,FMN GV 18 Kasterlee
84,Oudemolsedijk,2020-05-30,22:00:00,3,3,0,FMN GV 18 Kasterlee
84,Oudemolsedijk,2020-05-30,23:00:00,0,0,0,FMN GV 18 Kasterlee
84,Oudemolsedijk,2020-05-31,00:00:00,0,0,0,FMN GV 18 Kasterlee
84,Oudemolsedijk,2020-05-31,01:00:00,0,0,0,FMN GV 18 Kasterlee
84,Oudemolsedijk,2020-05-31,02:00:00,0,0,0,FMN GV 18 Kasterlee
84,Oudemolsedijk,2020-05-31,03:00:00,0,0,0,FMN GV 18 Kasterlee
84,Oudemolsedijk,2020-05-31,04:00:00,0,0,0,FMN GV 18 Kasterlee
84,Oudemolsedijk,2020-05-31,05:00:00,2,0,2,FMN GV 18 Kasterlee
84,Oudemolsedijk,2020-05-31,06:00:00,0,0,0,FMN GV 18 Kasterlee
84,Oudemolsedijk,2020-05-31,07:00:00,19,6,13,FMN GV 18 Kasterlee
84,Oudemolsedijk,2020-05-31,08:00:00,43,14,29,FMN GV 18 Kasterlee
84,Oudemolsedijk,2020-05-31,09:00:00,161,45,116,FMN GV 18 Kasterlee
84,Oudemolsedijk,2020-05-31,10:00:00,266,127,139,FMN GV 18 Kasterlee
84,Oudemolsedijk,2020-05-31,11:00:00,193,102,91,FMN GV 18 Kasterlee
84,Oudemolsedijk,2020-05-31,12:00:00,104,61,43,FMN GV 18 Kasterlee
84,Oudemolsedijk,2020-05-31,13:00:00,178,90,88,FMN GV 18 Kasterlee
84,Oudemolsedijk,2020-05-31,14:00:00,272,122,150,FMN GV 18 Kasterlee
84,Oudemolsedijk,2020-05-31,15:00:00,262,128,134,FMN GV 18 Kasterlee
84,Oudemolsedijk,2020-05-31,16:00:00,193,102,91,FMN GV 18 Kasterlee
84,Oudemolsedijk,2020-05-31,17:00:00,97,46,51,FMN GV 18 Kasterlee
84,Oudemolsedijk,2020-05-31,18:00:00,61,33,28,FMN GV 18 Kasterlee
84,Oudemolsedijk,2020-05-31,19:00:00,28,13,15,FMN GV 18 Kasterlee
84,Oudemolsedijk,2020-05-31,20:00:00,21,13,8,FMN GV 18 Kasterlee
84,Oudemolsedijk,2020-05-31,21:00:00,16,8,8,FMN GV 18 Kasterlee
84,Oudemolsedijk,2020-05-31,22:00:00,5,1,4,FMN GV 18 Kasterlee
84,Oudemolsedijk,2020-05-31,23:00:00,0,0,0,FMN GV 18 Kasterlee
84,Oudemolsedijk,2020-06-01,00:00:00,0,0,0,FMN GV 18 Kasterlee
84,Oudemolsedijk,2020-06-01,01:00:00,0,0,0,FMN GV 18 Kasterlee
84,Oudemolsedijk,2020-06-01,02:00:00,0,0,0,FMN GV 18 Kasterlee
84,Oudemolsedijk,2020-06-01,03:00:00,0,0,0,FMN GV 18 Kasterlee
84,Oudemolsedijk,2020-06-01,04:00:00,0,0,0,FMN GV 18 Kasterlee
84,Oudemolsedijk,2020-06-01,05:00:00,1,0,1,FMN GV 18 Kasterlee
84,Oudemolsedijk,2020-06-01,06:00:00,1,0,1,FMN GV 18 Kasterlee
84,Oudemolsedijk,2020-06-01,07:00:00,10,4,6,FMN GV 18 Kasterlee
84,Oudemolsedijk,2020-06-01,08:00:00,48,6,42,FMN GV 18 Kasterlee
84,Oudemolsedijk,2020-06-01,09:00:00,79,34,45,FMN GV 18 Kasterlee
84,Oudemolsedijk,2020-06-01,10:00:00,144,73,71,FMN GV 18 Kasterlee
84,Oudemolsedijk,2020-06-01,11:00:00,130,77,53,FMN GV 18 Kasterlee
84,Oudemolsedijk,2020-06-01,12:00:00,143,74,69,FMN GV 18 Kasterlee
84,Oudemolsedijk,2020-06-01,13:00:00,174,76,98,FMN GV 18 Kasterlee
84,Oudemolsedijk,2020-06-01,14:00:00,272,123,149,FMN GV 18 Kasterlee
84,Oudemolsedijk,2020-06-01,15:00:00,263,131,132,FMN GV 18 Kasterlee
84,Oudemolsedijk,2020-06-01,16:00:00,148,76,72,FMN GV 18 Kasterlee
84,Oudemolsedijk,2020-06-01,17:00:00,71,33,38,FMN GV 18 Kasterlee
84,Oudemolsedijk,2020-06-01,18:00:00,47,21,26,FMN GV 18 Kasterlee
84,Oudemolsedijk,2020-06-01,19:00:00,39,13,26,FMN GV 18 Kasterlee
84,Oudemolsedijk,2020-06-01,20:00:00,18,7,11,FMN GV 18 Kasterlee
84,Oudemolsedijk,2020-06-01,21:00:00,14,6,8,FMN GV 18 Kasterlee
84,Oudemolsedijk,2020-06-01,22:00:00,1,1,0,FMN GV 18 Kasterlee
84,Oudemolsedijk,2020-06-01,23:00:00,0,0,0,FMN GV 18 Kasterlee
84,Oudemolsedijk,2020-06-02,00:00:00,0,0,0,FMN GV 18 Kasterlee
84,Oudemolsedijk,2020-06-02,01:00:00,0,0,0,FMN GV 18 Kasterlee
84,Oudemolsedijk,2020-06-02,02:00:00,0,0,0,FMN GV 18 Kasterlee
84,Oudemolsedijk,2020-06-02,03:00:00,0,0,0,FMN GV 18 Kasterlee
84,Oudemolsedijk,2020-06-02,04:00:00,1,1,0,FMN GV 18 Kasterlee
84,Oudemolsedijk,2020-06-02,05:00:00,4,3,1,FMN GV 18 Kasterlee
84,Oudemolsedijk,2020-06-02,06:00:00,10,5,5,FMN GV 18 Kasterlee
84,Oudemolsedijk,2020-06-02,07:00:00,18,10,8,FMN GV 18 Kasterlee
84,Oudemolsedijk,2020-06-02,08:00:00,23,11,12,FMN GV 18 Kasterlee
84,Oudemolsedijk,2020-06-02,09:00:00,44,21,23,FMN GV 18 Kasterlee
84,Oudemolsedijk,2020-06-02,10:00:00,53,30,23,FMN GV 18 Kasterlee
84,Oudemolsedijk,2020-06-02,11:00:00,54,36,18,FMN GV 18 Kasterlee
84,Oudemolsedijk,2020-06-02,12:00:00,37,25,12,FMN GV 18 Kasterlee
84,Oudemolsedijk,2020-06-02,13:00:00,74,27,47,FMN GV 18 Kasterlee
84,Oudemolsedijk,2020-06-02,14:00:00,99,44,55,FMN GV 18 Kasterlee
84,Oudemolsedijk,2020-06-02,15:00:00,107,50,57,FMN GV 18 Kasterlee
84,Oudemolsedijk,2020-06-02,16:00:00,58,29,29,FMN GV 18 Kasterlee
84,Oudemolsedijk,2020-06-02,17:00:00,52,28,24,FMN GV 18 Kasterlee
84,Oudemolsedijk,2020-06-02,18:00:00,46,28,18,FMN GV 18 Kasterlee
84,Oudemolsedijk,2020-06-02,19:00:00,42,20,22,FMN GV 18 Kasterlee
84,Oudemolsedijk,2020-06-02,20:00:00,28,17,11,FMN GV 18 Kasterlee
84,Oudemolsedijk,2020-06-02,21:00:00,21,11,10,FMN GV 18 Kasterlee
84,Oudemolsedijk,2020-06-02,22:00:00,3,2,1,FMN GV 18 Kasterlee
84,Oudemolsedijk,2020-06-02,23:00:00,0,0,0,FMN GV 18 Kasterlee
84,Oudemolsedijk,2020-06-03,00:00:00,0,0,0,FMN GV 18 Kasterlee
84,Oudemolsedijk,2020-06-03,01:00:00,0,0,0,FMN GV 18 Kasterlee
84,Oudemolsedijk,2020-06-03,02:00:00,0,0,0,FMN GV 18 Kasterlee
84,Oudemolsedijk,2020-06-03,03:00:00,0,0,0,FMN GV 18 Kasterlee
84,Oudemolsedijk,2020-06-03,04:00:00,1,1,0,FMN GV 18 Kasterlee
84,Oudemolsedijk,2020-06-03,05:00:00,3,2,1,FMN GV 18 Kasterlee
84,Oudemolsedijk,2020-06-03,06:00:00,10,3,7,FMN GV 18 Kasterlee
84,Oudemolsedijk,2020-06-03,07:00:00,16,11,5,FMN GV 18 Kasterlee
84,Oudemolsedijk,2020-06-03,08:00:00,17,10,7,FMN GV 18 Kasterlee
84,Oudemolsedijk,2020-06-03,09:00:00,16,10,6,FMN GV 18 Kasterlee
84,Oudemolsedijk,2020-06-03,10:00:00,41,21,20,FMN GV 18 Kasterlee
84,Oudemolsedijk,2020-06-03,11:00:00,31,16,15,FMN GV 18 Kasterlee
84,Oudemolsedijk,2020-06-03,12:00:00,37,15,22,FMN GV 18 Kasterlee
84,Oudemolsedijk,2020-06-03,13:00:00,81,36,45,FMN GV 18 Kasterlee
84,Oudemolsedijk,2020-06-03,14:00:00,108,58,50,FMN GV 18 Kasterlee
84,Oudemolsedijk,2020-06-03,15:00:00,127,74,53,FMN GV 18 Kasterlee
84,Oudemolsedijk,2020-06-03,16:00:00,78,32,46,FMN GV 18 Kasterlee
84,Oudemolsedijk,2020-06-03,17:00:00,58,31,27,FMN GV 18 Kasterlee
84,Oudemolsedijk,2020-06-03,18:00:00,49,34,15,FMN GV 18 Kasterlee
84,Oudemolsedijk,2020-06-03,19:00:00,94,54,40,FMN GV 18 Kasterlee
84,Oudemolsedijk,2020-06-03,20:00:00,50,31,19,FMN GV 18 Kasterlee
84,Oudemolsedijk,2020-06-03,21:00:00,20,11,9,FMN GV 18 Kasterlee
84,Oudemolsedijk,2020-06-03,22:00:00,3,0,3,FMN GV 18 Kasterlee
84,Oudemolsedijk,2020-06-03,23:00:00,0,0,0,FMN GV 18 Kasterlee
84,Oudemolsedijk,2020-06-04,00:00:00,0,0,0,FMN GV 18 Kasterlee
84,Oudemolsedijk,2020-06-04,01:00:00,0,0,0,FMN GV 18 Kasterlee
84,Oudemolsedijk,2020-06-04,02:00:00,0,0,0,FMN GV 18 Kasterlee
84,Oudemolsedijk,2020-06-04,03:00:00,0,0,0,FMN GV 18 Kasterlee
84,Oudemolsedijk,2020-06-04,04:00:00,2,2,0,FMN GV 18 Kasterlee
84,Oudemolsedijk,2020-06-04,05:00:00,3,2,1,FMN GV 18 Kasterlee
84,Oudemolsedijk,2020-06-04,06:00:00,4,2,2,FMN GV 18 Kasterlee
84,Oudemolsedijk,2020-06-04,07:00:00,12,5,7,FMN GV 18 Kasterlee
84,Oudemolsedijk,2020-06-04,08:00:00,14,6,8,FMN GV 18 Kasterlee
84,Oudemolsedijk,2020-06-04,09:00:00,4,3,1,FMN GV 18 Kasterlee
84,Oudemolsedijk,2020-06-04,10:00:00,10,6,4,FMN GV 18 Kasterlee
84,Oudemolsedijk,2020-06-04,11:00:00,2,2,0,FMN GV 18 Kasterlee
84,Oudemolsedijk,2020-06-04,12:00:00,9,7,2,FMN GV 18 Kasterlee
84,Oudemolsedijk,2020-06-04,13:00:00,7,3,4,FMN GV 18 Kasterlee
84,Oudemolsedijk,2020-06-04,14:00:00,7,3,4,FMN GV 18 Kasterlee
84,Oudemolsedijk,2020-06-04,15:00:00,18,10,8,FMN GV 18 Kasterlee
84,Oudemolsedijk,2020-06-04,16:00:00,10,7,3,FMN GV 18 Kasterlee
84,Oudemolsedijk,2020-06-04,17:00:00,8,3,5,FMN GV 18 Kasterlee
84,Oudemolsedijk,2020-06-04,18:00:00,9,4,5,FMN GV 18 Kasterlee
84,Oudemolsedijk,2020-06-04,19:00:00,16,10,6,FMN GV 18 Kasterlee
84,Oudemolsedijk,2020-06-04,20:00:00,5,4,1,FMN GV 18 Kasterlee
84,Oudemolsedijk,2020-06-04,21:00:00,3,0,3,FMN GV 18 Kasterlee
84,Oudemolsedijk,2020-06-04,22:00:00,1,0,1,FMN GV 18 Kasterlee
84,Oudemolsedijk,2020-06-04,23:00:00,0,0,0,FMN GV 18 Kasterlee
84,Oudemolsedijk,2020-06-05,00:00:00,0,0,0,FMN GV 18 Kasterlee
84,Oudemolsedijk,2020-06-05,01:00:00,0,0,0,FMN GV 18 Kasterlee
84,Oudemolsedijk,2020-06-05,02:00:00,1,1,0,FMN GV 18 Kasterlee
84,Oudemolsedijk,2020-06-05,03:00:00,0,0,0,FMN GV 18 Kasterlee
84,Oudemolsedijk,2020-06-05,04:00:00,1,1,0,FMN GV 18 Kasterlee
84,Oudemolsedijk,2020-06-05,05:00:00,1,1,0,FMN GV 18 Kasterlee
84,Oudemolsedijk,2020-06-05,06:00:00,3,0,3,FMN GV 18 Kasterlee
84,Oudemolsedijk,2020-06-05,07:00:00,4,1,3,FMN GV 18 Kasterlee
84,Oudemolsedijk,2020-06-05,08:00:00,7,3,4,FMN GV 18 Kasterlee
84,Oudemolsedijk,2020-06-05,09:00:00,3,3,0,FMN GV 18 Kasterlee
84,Oudemolsedijk,2020-06-05,10:00:00,5,4,1,FMN GV 18 Kasterlee
84,Oudemolsedijk,2020-06-05,11:00:00,3,1,2,FMN GV 18 Kasterlee
84,Oudemolsedijk,2020-06-05,12:00:00,17,9,8,FMN GV 18 Kasterlee
84,Oudemolsedijk,2020-06-05,13:00:00,0,0,0,FMN GV 18 Kasterlee
84,Oudemolsedijk,2020-06-05,14:00:00,6,3,3,FMN GV 18 Kasterlee
84,Oudemolsedijk,2020-06-05,15:00:00,3,3,0,FMN GV 18 Kasterlee
84,Oudemolsedijk,2020-06-05,16:00:00,8,3,5,FMN GV 18 Kasterlee
84,Oudemolsedijk,2020-06-05,17:00:00,6,4,2,FMN GV 18 Kasterlee
84,Oudemolsedijk,2020-06-05,18:00:00,5,2,3,FMN GV 18 Kasterlee
84,Oudemolsedijk,2020-06-05,19:00:00,6,4,2,FMN GV 18 Kasterlee
84,Oudemolsedijk,2020-06-05,20:00:00,8,3,5,FMN GV 18 Kasterlee
84,Oudemolsedijk,2020-06-05,21:00:00,1,1,0,FMN GV 18 Kasterlee
84,Oudemolsedijk,2020-06-05,22:00:00,0,0,0,FMN GV 18 Kasterlee
84,Oudemolsedijk,2020-06-05,23:00:00,0,0,0,FMN GV 18 Kasterlee
84,Oudemolsedijk,2020-06-06,00:00:00,2,0,2,FMN GV 18 Kasterlee
84,Oudemolsedijk,2020-06-06,01:00:00,0,0,0,FMN GV 18 Kasterlee
84,Oudemolsedijk,2020-06-06,02:00:00,0,0,0,FMN GV 18 Kasterlee
84,Oudemolsedijk,2020-06-06,03:00:00,0,0,0,FMN GV 18 Kasterlee
84,Oudemolsedijk,2020-06-06,04:00:00,0,0,0,FMN GV 18 Kasterlee
84,Oudemolsedijk,2020-06-06,05:00:00,0,0,0,FMN GV 18 Kasterlee
84,Oudemolsedijk,2020-06-06,06:00:00,0,0,0,FMN GV 18 Kasterlee
84,Oudemolsedijk,2020-06-06,07:00:00,0,0,0,FMN GV 18 Kasterlee
84,Oudemolsedijk,2020-06-06,08:00:00,2,2,0,FMN GV 18 Kasterlee
84,Oudemolsedijk,2020-06-06,09:00:00,11,4,7,FMN GV 18 Kasterlee
84,Oudemolsedijk,2020-06-06,10:00:00,7,2,5,FMN GV 18 Kasterlee
84,Oudemolsedijk,2020-06-06,11:00:00,21,9,12,FMN GV 18 Kasterlee
84,Oudemolsedijk,2020-06-06,12:00:00,29,17,12,FMN GV 18 Kasterlee
84,Oudemolsedijk,2020-06-06,13:00:00,40,20,20,FMN GV 18 Kasterlee
84,Oudemolsedijk,2020-06-06,14:00:00,59,25,34,FMN GV 18 Kasterlee
84,Oudemolsedijk,2020-06-06,15:00:00,67,49,18,FMN GV 18 Kasterlee
84,Oudemolsedijk,2020-06-06,16:00:00,59,39,20,FMN GV 18 Kasterlee
84,Oudemolsedijk,2020-06-06,17:00:00,18,13,5,FMN GV 18 Kasterlee
84,Oudemolsedijk,2020-06-06,18:00:00,7,5,2,FMN GV 18 Kasterlee
84,Oudemolsedijk,2020-06-06,19:00:00,6,5,1,FMN GV 18 Kasterlee
84,Oudemolsedijk,2020-06-06,20:00:00,3,0,3,FMN GV 18 Kasterlee
84,Oudemolsedijk,2020-06-06,21:00:00,4,4,0,FMN GV 18 Kasterlee
84,Oudemolsedijk,2020-06-06,22:00:00,0,0,0,FMN GV 18 Kasterlee
84,Oudemolsedijk,2020-06-06,23:00:00,0,0,0,FMN GV 18 Kasterlee
84,Oudemolsedijk,2020-06-07,00:00:00,0,0,0,FMN GV 18 Kasterlee
84,Oudemolsedijk,2020-06-07,01:00:00,0,0,0,FMN GV 18 Kasterlee
84,Oudemolsedijk,2020-06-07,02:00:00,0,0,0,FMN GV 18 Kasterlee
84,Oudemolsedijk,2020-06-07,03:00:00,0,0,0,FMN GV 18 Kasterlee
84,Oudemolsedijk,2020-06-07,04:00:00,0,0,0,FMN GV 18 Kasterlee
84,Oudemolsedijk,2020-06-07,05:00:00,0,0,0,FMN GV 18 Kasterlee
84,Oudemolsedijk,2020-06-07,06:00:00,0,0,0,FMN GV 18 Kasterlee
84,Oudemolsedijk,2020-06-07,07:00:00,3,0,3,FMN GV 18 Kasterlee
84,Oudemolsedijk,2020-06-07,08:00:00,31,10,21,FMN GV 18 Kasterlee
84,Oudemolsedijk,2020-06-07,09:00:00,74,33,41,FMN GV 18 Kasterlee
84,Oudemolsedijk,2020-06-07,10:00:00,149,64,85,FMN GV 18 Kasterlee
84,Oudemolsedijk,2020-06-07,11:00:00,109,48,61,FMN GV 18 Kasterlee
84,Oudemolsedijk,2020-06-07,12:00:00,40,29,11,FMN GV 18 Kasterlee
84,Oudemolsedijk,2020-06-07,13:00:00,69,41,28,FMN GV 18 Kasterlee
84,Oudemolsedijk,2020-06-07,14:00:00,81,32,49,FMN GV 18 Kasterlee
84,Oudemolsedijk,2020-06-07,15:00:00,109,62,47,FMN GV 18 Kasterlee
84,Oudemolsedijk,2020-06-07,16:00:00,86,51,35,FMN GV 18 Kasterlee
84,Oudemolsedijk,2020-06-07,17:00:00,35,19,16,FMN GV 18 Kasterlee
84,Oudemolsedijk,2020-06-07,18:00:00,11,8,3,FMN GV 18 Kasterlee
84,Oudemolsedijk,2020-06-07,19:00:00,12,4,8,FMN GV 18 Kasterlee
84,Oudemolsedijk,2020-06-07,20:00:00,4,3,1,FMN GV 18 Kasterlee
84,Oudemolsedijk,2020-06-07,21:00:00,2,0,2,FMN GV 18 Kasterlee
84,Oudemolsedijk,2020-06-07,22:00:00,0,0,0,FMN GV 18 Kasterlee
84,Oudemolsedijk,2020-06-07,23:00:00,0,0,0,FMN GV 18 Kasterlee
84,Oudemolsedijk,2020-06-08,00:00:00,0,0,0,FMN GV 18 Kasterlee
84,Oudemolsedijk,2020-06-08,01:00:00,0,0,0,FMN GV 18 Kasterlee
84,Oudemolsedijk,2020-06-08,02:00:00,0,0,0,FMN GV 18 Kasterlee
84,Oudemolsedijk,2020-06-08,03:00:00,1,0,1,FMN GV 18 Kasterlee
84,Oudemolsedijk,2020-06-08,04:00:00,1,1,0,FMN GV 18 Kasterlee
84,Oudemolsedijk,2020-06-08,05:00:00,1,1,0,FMN GV 18 Kasterlee
84,Oudemolsedijk,2020-06-08,06:00:00,4,1,3,FMN GV 18 Kasterlee
84,Oudemolsedijk,2020-06-08,07:00:00,8,5,3,FMN GV 18 Kasterlee
84,Oudemolsedijk,2020-06-08,08:00:00,4,2,2,FMN GV 18 Kasterlee
84,Oudemolsedijk,2020-06-08,09:00:00,7,5,2,FMN GV 18 Kasterlee
84,Oudemolsedijk,2020-06-08,10:00:00,10,3,7,FMN GV 18 Kasterlee
84,Oudemolsedijk,2020-06-08,11:00:00,7,2,5,FMN GV 18 Kasterlee
84,Oudemolsedijk,2020-06-08,12:00:00,12,9,3,FMN GV 18 Kasterlee
84,Oudemolsedijk,2020-06-08,13:00:00,2,2,0,FMN GV 18 Kasterlee
84,Oudemolsedijk,2020-06-08,14:00:00,14,3,11,FMN GV 18 Kasterlee
84,Oudemolsedijk,2020-06-08,15:00:00,20,4,16,FMN GV 18 Kasterlee
84,Oudemolsedijk,2020-06-08,16:00:00,18,4,14,FMN GV 18 Kasterlee
84,Oudemolsedijk,2020-06-08,17:00:00,8,2,6,FMN GV 18 Kasterlee
84,Oudemolsedijk,2020-06-08,18:00:00,12,8,4,FMN GV 18 Kasterlee
84,Oudemolsedijk,2020-06-08,19:00:00,15,5,10,FMN GV 18 Kasterlee
84,Oudemolsedijk,2020-06-08,20:00:00,22,19,3,FMN GV 18 Kasterlee
84,Oudemolsedijk,2020-06-08,21:00:00,1,1,0,FMN GV 18 Kasterlee
84,Oudemolsedijk,2020-06-08,22:00:00,1,0,1,FMN GV 18 Kasterlee
84,Oudemolsedijk,2020-06-08,23:00:00,1,1,0,FMN GV 18 Kasterlee
84,Oudemolsedijk,2020-06-09,00:00:00,0,0,0,FMN GV 18 Kasterlee
84,Oudemolsedijk,2020-06-09,01:00:00,0,0,0,FMN GV 18 Kasterlee
84,Oudemolsedijk,2020-06-09,02:00:00,0,0,0,FMN GV 18 Kasterlee
84,Oudemolsedijk,2020-06-09,03:00:00,0,0,0,FMN GV 18 Kasterlee
84,Oudemolsedijk,2020-06-09,04:00:00,1,1,0,FMN GV 18 Kasterlee
84,Oudemolsedijk,2020-06-09,05:00:00,2,2,0,FMN GV 18 Kasterlee
84,Oudemolsedijk,2020-06-09,06:00:00,12,4,8,FMN GV 18 Kasterlee
84,Oudemolsedijk,2020-06-09,07:00:00,13,5,8,FMN GV 18 Kasterlee
84,Oudemolsedijk,2020-06-09,08:00:00,20,12,8,FMN GV 18 Kasterlee
84,Oudemolsedijk,2020-06-09,09:00:00,15,10,5,FMN GV 18 Kasterlee
84,Oudemolsedijk,2020-06-09,10:00:00,28,5,23,FMN GV 18 Kasterlee
84,Oudemolsedijk,2020-06-09,11:00:00,24,17,7,FMN GV 18 Kasterlee
84,Oudemolsedijk,2020-06-09,12:00:00,25,16,9,FMN GV 18 Kasterlee
84,Oudemolsedijk,2020-06-09,13:00:00,37,17,20,FMN GV 18 Kasterlee
84,Oudemolsedijk,2020-06-09,14:00:00,81,38,43,FMN GV 18 Kasterlee
84,Oudemolsedijk,2020-06-09,15:00:00,57,35,22,FMN GV 18 Kasterlee
84,Oudemolsedijk,2020-06-09,16:00:00,52,27,25,FMN GV 18 Kasterlee
84,Oudemolsedijk,2020-06-09,17:00:00,42,22,20,FMN GV 18 Kasterlee
84,Oudemolsedijk,2020-06-09,18:00:00,32,19,13,FMN GV 18 Kasterlee
84,Oudemolsedijk,2020-06-09,19:00:00,71,26,45,FMN GV 18 Kasterlee
84,Oudemolsedijk,2020-06-09,20:00:00,33,12,21,FMN GV 18 Kasterlee
84,Oudemolsedijk,2020-06-09,21:00:00,28,6,22,FMN GV 18 Kasterlee
84,Oudemolsedijk,2020-06-09,22:00:00,3,2,1,FMN GV 18 Kasterlee
84,Oudemolsedijk,2020-06-09,23:00:00,2,2,0,FMN GV 18 Kasterlee
84,Oudemolsedijk,2020-06-10,00:00:00,0,0,0,FMN GV 18 Kasterlee
84,Oudemolsedijk,2020-06-10,01:00:00,0,0,0,FMN GV 18 Kasterlee
84,Oudemolsedijk,2020-06-10,02:00:00,0,0,0,FMN GV 18 Kasterlee
84,Oudemolsedijk,2020-06-10,03:00:00,0,0,0,FMN GV 18 Kasterlee
84,Oudemolsedijk,2020-06-10,04:00:00,1,1,0,FMN GV 18 Kasterlee
84,Oudemolsedijk,2020-06-10,05:00:00,5,3,2,FMN GV 18 Kasterlee
84,Oudemolsedijk,2020-06-10,06:00:00,7,3,4,FMN GV 18 Kasterlee
84,Oudemolsedijk,2020-06-10,07:00:00,13,7,6,FMN GV 18 Kasterlee
84,Oudemolsedijk,2020-06-10,08:00:00,12,6,6,FMN GV 18 Kasterlee
84,Oudemolsedijk,2020-06-10,09:00:00,20,11,9,FMN GV 18 Kasterlee
84,Oudemolsedijk,2020-06-10,10:00:00,25,9,16,FMN GV 18 Kasterlee
84,Oudemolsedijk,2020-06-10,11:00:00,18,10,8,FMN GV 18 Kasterlee
84,Oudemolsedijk,2020-06-10,12:00:00,26,16,10,FMN GV 18 Kasterlee
84,Oudemolsedijk,2020-06-10,13:00:00,65,36,29,FMN GV 18 Kasterlee
84,Oudemolsedijk,2020-06-10,14:00:00,63,30,33,FMN GV 18 Kasterlee
84,Oudemolsedijk,2020-06-10,15:00:00,62,39,23,FMN GV 18 Kasterlee
84,Oudemolsedijk,2020-06-10,16:00:00,55,30,25,FMN GV 18 Kasterlee
84,Oudemolsedijk,2020-06-10,17:00:00,30,14,16,FMN GV 18 Kasterlee
84,Oudemolsedijk,2020-06-10,18:00:00,46,20,26,FMN GV 18 Kasterlee
84,Oudemolsedijk,2020-06-10,19:00:00,66,44,22,FMN GV 18 Kasterlee
84,Oudemolsedijk,2020-06-10,20:00:00,65,51,14,FMN GV 18 Kasterlee
84,Oudemolsedijk,2020-06-10,21:00:00,10,8,2,FMN GV 18 Kasterlee
84,Oudemolsedijk,2020-06-10,22:00:00,1,1,0,FMN GV 18 Kasterlee
84,Oudemolsedijk,2020-06-10,23:00:00,1,1,0,FMN GV 18 Kasterlee
84,Oudemolsedijk,2020-06-11,00:00:00,0,0,0,FMN GV 18 Kasterlee
84,Oudemolsedijk,2020-06-11,01:00:00,0,0,0,FMN GV 18 Kasterlee
84,Oudemolsedijk,2020-06-11,02:00:00,0,0,0,FMN GV 18 Kasterlee
84,Oudemolsedijk,2020-06-11,03:00:00,0,0,0,FMN GV 18 Kasterlee
84,Oudemolsedijk,2020-06-11,04:00:00,2,2,0,FMN GV 18 Kasterlee
84,Oudemolsedijk,2020-06-11,05:00:00,3,3,0,FMN GV 18 Kasterlee
84,Oudemolsedijk,2020-06-11,06:00:00,12,5,7,FMN GV 18 Kasterlee
84,Oudemolsedijk,2020-06-11,07:00:00,14,8,6,FMN GV 18 Kasterlee
84,Oudemolsedijk,2020-06-11,08:00:00,17,10,7,FMN GV 18 Kasterlee
84,Oudemolsedijk,2020-06-11,09:00:00,9,3,6,FMN GV 18 Kasterlee
84,Oudemolsedijk,2020-06-11,10:00:00,19,9,10,FMN GV 18 Kasterlee
84,Oudemolsedijk,2020-06-11,11:00:00,29,15,14,FMN GV 18 Kasterlee
84,Oudemolsedijk,2020-06-11,12:00:00,35,10,25,FMN GV 18 Kasterlee
84,Oudemolsedijk,2020-06-11,13:00:00,80,21,59,FMN GV 18 Kasterlee
84,Oudemolsedijk,2020-06-11,14:00:00,84,24,60,FMN GV 18 Kasterlee
84,Oudemolsedijk,2020-06-11,15:00:00,98,48,50,FMN GV 18 Kasterlee
84,Oudemolsedijk,2020-06-11,16:00:00,74,51,23,FMN GV 18 Kasterlee
84,Oudemolsedijk,2020-06-11,17:00:00,46,29,17,FMN GV 18 Kasterlee
84,Oudemolsedijk,2020-06-11,18:00:00,30,12,18,FMN GV 18 Kasterlee
84,Oudemolsedijk,2020-06-11,19:00:00,36,22,14,FMN GV 18 Kasterlee
84,Oudemolsedijk,2020-06-11,20:00:00,55,39,16,FMN GV 18 Kasterlee
84,Oudemolsedijk,2020-06-11,21:00:00,12,9,3,FMN GV 18 Kasterlee
84,Oudemolsedijk,2020-06-11,22:00:00,2,2,0,FMN GV 18 Kasterlee
84,Oudemolsedijk,2020-06-11,23:00:00,0,0,0,FMN GV 18 Kasterlee
84,Oudemolsedijk,2020-06-12,00:00:00,0,0,0,FMN GV 18 Kasterlee
84,Oudemolsedijk,2020-06-12,01:00:00,0,0,0,FMN GV 18 Kasterlee
84,Oudemolsedijk,2020-06-12,02:00:00,0,0,0,FMN GV 18 Kasterlee
84,Oudemolsedijk,2020-06-12,03:00:00,0,0,0,FMN GV 18 Kasterlee
84,Oudemolsedijk,2020-06-12,04:00:00,1,1,0,FMN GV 18 Kasterlee
84,Oudemolsedijk,2020-06-12,05:00:00,2,1,1,FMN GV 18 Kasterlee
84,Oudemolsedijk,2020-06-12,06:00:00,10,2,8,FMN GV 18 Kasterlee
84,Oudemolsedijk,2020-06-12,07:00:00,16,9,7,FMN GV 18 Kasterlee
84,Oudemolsedijk,2020-06-12,08:00:00,21,10,11,FMN GV 18 Kasterlee
84,Oudemolsedijk,2020-06-12,09:00:00,11,8,3,FMN GV 18 Kasterlee
84,Oudemolsedijk,2020-06-12,10:00:00,32,19,13,FMN GV 18 Kasterlee
84,Oudemolsedijk,2020-06-12,11:00:00,42,24,18,FMN GV 18 Kasterlee
84,Oudemolsedijk,2020-06-12,12:00:00,58,31,27,FMN GV 18 Kasterlee
84,Oudemolsedijk,2020-06-12,13:00:00,95,50,45,FMN GV 18 Kasterlee
84,Oudemolsedijk,2020-06-12,14:00:00,108,63,45,FMN GV 18 Kasterlee
84,Oudemolsedijk,2020-06-12,15:00:00,90,56,34,FMN GV 18 Kasterlee
84,Oudemolsedijk,2020-06-12,16:00:00,64,33,31,FMN GV 18 Kasterlee
84,Oudemolsedijk,2020-06-12,17:00:00,30,17,13,FMN GV 18 Kasterlee
84,Oudemolsedijk,2020-06-12,18:00:00,10,5,5,FMN GV 18 Kasterlee
84,Oudemolsedijk,2020-06-12,19:00:00,19,14,5,FMN GV 18 Kasterlee
84,Oudemolsedijk,2020-06-12,20:00:00,15,9,6,FMN GV 18 Kasterlee
84,Oudemolsedijk,2020-06-12,21:00:00,3,1,2,FMN GV 18 Kasterlee
84,Oudemolsedijk,2020-06-12,22:00:00,1,0,1,FMN GV 18 Kasterlee
84,Oudemolsedijk,2020-06-12,23:00:00,0,0,0,FMN GV 18 Kasterlee
84,Oudemolsedijk,2020-06-13,00:00:00,0,0,0,FMN GV 18 Kasterlee
84,Oudemolsedijk,2020-06-13,01:00:00,1,0,1,FMN GV 18 Kasterlee
84,Oudemolsedijk,2020-06-13,02:00:00,2,0,2,FMN GV 18 Kasterlee
84,Oudemolsedijk,2020-06-13,03:00:00,1,0,1,FMN GV 18 Kasterlee
84,Oudemolsedijk,2020-06-13,04:00:00,0,0,0,FMN GV 18 Kasterlee
84,Oudemolsedijk,2020-06-13,05:00:00,0,0,0,FMN GV 18 Kasterlee
84,Oudemolsedijk,2020-06-13,06:00:00,0,0,0,FMN GV 18 Kasterlee
84,Oudemolsedijk,2020-06-13,07:00:00,5,3,2,FMN GV 18 Kasterlee
84,Oudemolsedijk,2020-06-13,08:00:00,8,1,7,FMN GV 18 Kasterlee
84,Oudemolsedijk,2020-06-13,09:00:00,33,11,22,FMN GV 18 Kasterlee
84,Oudemolsedijk,2020-06-13,10:00:00,62,22,40,FMN GV 18 Kasterlee
84,Oudemolsedijk,2020-06-13,11:00:00,67,31,36,FMN GV 18 Kasterlee
84,Oudemolsedijk,2020-06-13,12:00:00,70,29,41,FMN GV 18 Kasterlee
84,Oudemolsedijk,2020-06-13,13:00:00,112,54,58,FMN GV 18 Kasterlee
84,Oudemolsedijk,2020-06-13,14:00:00,127,76,51,FMN GV 18 Kasterlee
84,Oudemolsedijk,2020-06-13,15:00:00,204,120,84,FMN GV 18 Kasterlee
84,Oudemolsedijk,2020-06-13,16:00:00,120,61,59,FMN GV 18 Kasterlee
84,Oudemolsedijk,2020-06-13,17:00:00,77,37,40,FMN GV 18 Kasterlee
84,Oudemolsedijk,2020-06-13,18:00:00,57,34,23,FMN GV 18 Kasterlee
84,Oudemolsedijk,2020-06-13,19:00:00,37,20,17,FMN GV 18 Kasterlee
84,Oudemolsedijk,2020-06-13,20:00:00,23,8,15,FMN GV 18 Kasterlee
84,Oudemolsedijk,2020-06-13,21:00:00,9,8,1,FMN GV 18 Kasterlee
84,Oudemolsedijk,2020-06-13,22:00:00,5,3,2,FMN GV 18 Kasterlee
84,Oudemolsedijk,2020-06-13,23:00:00,1,1,0,FMN GV 18 Kasterlee
84,Oudemolsedijk,2020-06-14,00:00:00,2,0,2,FMN GV 18 Kasterlee
84,Oudemolsedijk,2020-06-14,01:00:00,0,0,0,FMN GV 18 Kasterlee
84,Oudemolsedijk,2020-06-14,02:00:00,0,0,0,FMN GV 18 Kasterlee
84,Oudemolsedijk,2020-06-14,03:00:00,0,0,0,FMN GV 18 Kasterlee
84,Oudemolsedijk,2020-06-14,04:00:00,0,0,0,FMN GV 18 Kasterlee
84,Oudemolsedijk,2020-06-14,05:00:00,0,0,0,FMN GV 18 Kasterlee
84,Oudemolsedijk,2020-06-14,06:00:00,0,0,0,FMN GV 18 Kasterlee
84,Oudemolsedijk,2020-06-14,07:00:00,11,2,9,FMN GV 18 Kasterlee
84,Oudemolsedijk,2020-06-14,08:00:00,55,16,39,FMN GV 18 Kasterlee
84,Oudemolsedijk,2020-06-14,09:00:00,113,63,50,FMN GV 18 Kasterlee
84,Oudemolsedijk,2020-06-14,10:00:00,185,84,101,FMN GV 18 Kasterlee
84,Oudemolsedijk,2020-06-14,11:00:00,153,93,60,FMN GV 18 Kasterlee
84,Oudemolsedijk,2020-06-14,12:00:00,106,56,50,FMN GV 18 Kasterlee
84,Oudemolsedijk,2020-06-14,13:00:00,150,70,80,FMN GV 18 Kasterlee
84,Oudemolsedijk,2020-06-14,14:00:00,218,110,108,FMN GV 18 Kasterlee
84,Oudemolsedijk,2020-06-14,15:00:00,196,100,96,FMN GV 18 Kasterlee
84,Oudemolsedijk,2020-06-14,16:00:00,129,69,60,FMN GV 18 Kasterlee
84,Oudemolsedijk,2020-06-14,17:00:00,53,34,19,FMN GV 18 Kasterlee
84,Oudemolsedijk,2020-06-14,18:00:00,40,22,18,FMN GV 18 Kasterlee
84,Oudemolsedijk,2020-06-14,19:00:00,14,7,7,FMN GV 18 Kasterlee
84,Oudemolsedijk,2020-06-14,20:00:00,19,8,11,FMN GV 18 Kasterlee
84,Oudemolsedijk,2020-06-14,21:00:00,5,5,0,FMN GV 18 Kasterlee
84,Oudemolsedijk,2020-06-14,22:00:00,6,4,2,FMN GV 18 Kasterlee
84,Oudemolsedijk,2020-06-14,23:00:00,0,0,0,FMN GV 18 Kasterlee
84,Oudemolsedijk,2020-06-15,00:00:00,0,0,0,FMN GV 18 Kasterlee
84,Oudemolsedijk,2020-06-15,01:00:00,0,0,0,FMN GV 18 Kasterlee
84,Oudemolsedijk,2020-06-15,02:00:00,0,0,0,FMN GV 18 Kasterlee
84,Oudemolsedijk,2020-06-15,03:00:00,0,0,0,FMN GV 18 Kasterlee
84,Oudemolsedijk,2020-06-15,04:00:00,0,0,0,FMN GV 18 Kasterlee
84,Oudemolsedijk,2020-06-15,05:00:00,3,3,0,FMN GV 18 Kasterlee
84,Oudemolsedijk,2020-06-15,06:00:00,10,4,6,FMN GV 18 Kasterlee
84,Oudemolsedijk,2020-06-15,07:00:00,15,7,8,FMN GV 18 Kasterlee
84,Oudemolsedijk,2020-06-15,08:00:00,15,9,6,FMN GV 18 Kasterlee
84,Oudemolsedijk,2020-06-15,09:00:00,14,6,8,FMN GV 18 Kasterlee
84,Oudemolsedijk,2020-06-15,10:00:00,26,10,16,FMN GV 18 Kasterlee
84,Oudemolsedijk,2020-06-15,11:00:00,47,23,24,FMN GV 18 Kasterlee
84,Oudemolsedijk,2020-06-15,12:00:00,31,21,10,FMN GV 18 Kasterlee
84,Oudemolsedijk,2020-06-15,13:00:00,54,25,29,FMN GV 18 Kasterlee
84,Oudemolsedijk,2020-06-15,14:00:00,81,53,28,FMN GV 18 Kasterlee
84,Oudemolsedijk,2020-06-15,15:00:00,105,57,48,FMN GV 18 Kasterlee
84,Oudemolsedijk,2020-06-15,16:00:00,70,33,37,FMN GV 18 Kasterlee
84,Oudemolsedijk,2020-06-15,17:00:00,45,18,27,FMN GV 18 Kasterlee
84,Oudemolsedijk,2020-06-15,18:00:00,25,13,12,FMN GV 18 Kasterlee
84,Oudemolsedijk,2020-06-15,19:00:00,57,32,25,FMN GV 18 Kasterlee
84,Oudemolsedijk,2020-06-15,20:00:00,22,16,6,FMN GV 18 Kasterlee
84,Oudemolsedijk,2020-06-15,21:00:00,25,14,11,FMN GV 18 Kasterlee
84,Oudemolsedijk,2020-06-15,22:00:00,17,2,15,FMN GV 18 Kasterlee
84,Oudemolsedijk,2020-06-15,23:00:00,0,0,0,FMN GV 18 Kasterlee
84,Oudemolsedijk,2020-06-16,00:00:00,0,0,0,FMN GV 18 Kasterlee
84,Oudemolsedijk,2020-06-16,01:00:00,0,0,0,FMN GV 18 Kasterlee
84,Oudemolsedijk,2020-06-16,02:00:00,0,0,0,FMN GV 18 Kasterlee
84,Oudemolsedijk,2020-06-16,03:00:00,0,0,0,FMN GV 18 Kasterlee
84,Oudemolsedijk,2020-06-16,04:00:00,0,0,0,FMN GV 18 Kasterlee
84,Oudemolsedijk,2020-06-16,05:00:00,4,2,2,FMN GV 18 Kasterlee
84,Oudemolsedijk,2020-06-16,06:00:00,14,6,8,FMN GV 18 Kasterlee
84,Oudemolsedijk,2020-06-16,07:00:00,22,9,13,FMN GV 18 Kasterlee
84,Oudemolsedijk,2020-06-16,08:00:00,16,7,9,FMN GV 18 Kasterlee
84,Oudemolsedijk,2020-06-16,09:00:00,23,9,14,FMN GV 18 Kasterlee
84,Oudemolsedijk,2020-06-16,10:00:00,70,25,45,FMN GV 18 Kasterlee
84,Oudemolsedijk,2020-06-16,11:00:00,38,19,19,FMN GV 18 Kasterlee
84,Oudemolsedijk,2020-06-16,12:00:00,42,28,14,FMN GV 18 Kasterlee
84,Oudemolsedijk,2020-06-16,13:00:00,47,28,19,FMN GV 18 Kasterlee
84,Oudemolsedijk,2020-06-16,14:00:00,79,42,37,FMN GV 18 Kasterlee
84,Oudemolsedijk,2020-06-16,15:00:00,66,32,34,FMN GV 18 Kasterlee
84,Oudemolsedijk,2020-06-16,16:00:00,77,43,34,FMN GV 18 Kasterlee
84,Oudemolsedijk,2020-06-16,17:00:00,50,28,22,FMN GV 18 Kasterlee
84,Oudemolsedijk,2020-06-16,18:00:00,10,4,6,FMN GV 18 Kasterlee
84,Oudemolsedijk,2020-06-16,19:00:00,3,1,2,FMN GV 18 Kasterlee
84,Oudemolsedijk,2020-06-16,20:00:00,13,6,7,FMN GV 18 Kasterlee
84,Oudemolsedijk,2020-06-16,21:00:00,8,5,3,FMN GV 18 Kasterlee
84,Oudemolsedijk,2020-06-16,22:00:00,8,3,5,FMN GV 18 Kasterlee
84,Oudemolsedijk,2020-06-16,23:00:00,0,0,0,FMN GV 18 Kasterlee
84,Oudemolsedijk,2020-06-17,00:00:00,0,0,0,FMN GV 18 Kasterlee
84,Oudemolsedijk,2020-06-17,01:00:00,0,0,0,FMN GV 18 Kasterlee
84,Oudemolsedijk,2020-06-17,02:00:00,0,0,0,FMN GV 18 Kasterlee
84,Oudemolsedijk,2020-06-17,03:00:00,0,0,0,FMN GV 18 Kasterlee
84,Oudemolsedijk,2020-06-17,04:00:00,0,0,0,FMN GV 18 Kasterlee
84,Oudemolsedijk,2020-06-17,05:00:00,0,0,0,FMN GV 18 Kasterlee
84,Oudemolsedijk,2020-06-17,06:00:00,4,4,0,FMN GV 18 Kasterlee
84,Oudemolsedijk,2020-06-17,07:00:00,16,7,9,FMN GV 18 Kasterlee
84,Oudemolsedijk,2020-06-17,08:00:00,14,8,6,FMN GV 18 Kasterlee
84,Oudemolsedijk,2020-06-17,09:00:00,26,12,14,FMN GV 18 Kasterlee
84,Oudemolsedijk,2020-06-17,10:00:00,34,20,14,FMN GV 18 Kasterlee
84,Oudemolsedijk,2020-06-17,11:00:00,27,16,11,FMN GV 18 Kasterlee
84,Oudemolsedijk,2020-06-17,12:00:00,26,12,14,FMN GV 18 Kasterlee
84,Oudemolsedijk,2020-06-17,13:00:00,31,15,16,FMN GV 18 Kasterlee
84,Oudemolsedijk,2020-06-17,14:00:00,52,36,16,FMN GV 18 Kasterlee
84,Oudemolsedijk,2020-06-17,15:00:00,35,16,19,FMN GV 18 Kasterlee
84,Oudemolsedijk,2020-06-17,16:00:00,26,25,1,FMN GV 18 Kasterlee
84,Oudemolsedijk,2020-06-17,17:00:00,10,5,5,FMN GV 18 Kasterlee
84,Oudemolsedijk,2020-06-17,18:00:00,4,1,3,FMN GV 18 Kasterlee
84,Oudemolsedijk,2020-06-17,19:00:00,4,4,0,FMN GV 18 Kasterlee
84,Oudemolsedijk,2020-06-17,20:00:00,1,0,1,FMN GV 18 Kasterlee
84,Oudemolsedijk,2020-06-17,21:00:00,4,3,1,FMN GV 18 Kasterlee
84,Oudemolsedijk,2020-06-17,22:00:00,1,0,1,FMN GV 18 Kasterlee
84,Oudemolsedijk,2020-06-17,23:00:00,0,0,0,FMN GV 18 Kasterlee
84,Oudemolsedijk,2020-06-18,00:00:00,0,0,0,FMN GV 18 Kasterlee
84,Oudemolsedijk,2020-06-18,01:00:00,0,0,0,FMN GV 18 Kasterlee
84,Oudemolsedijk,2020-06-18,02:00:00,2,1,1,FMN GV 18 Kasterlee
84,Oudemolsedijk,2020-06-18,03:00:00,0,0,0,FMN GV 18 Kasterlee
84,Oudemolsedijk,2020-06-18,04:00:00,0,0,0,FMN GV 18 Kasterlee
84,Oudemolsedijk,2020-06-18,05:00:00,2,2,0,FMN GV 18 Kasterlee
84,Oudemolsedijk,2020-06-18,06:00:00,2,1,1,FMN GV 18 Kasterlee
84,Oudemolsedijk,2020-06-18,07:00:00,8,4,4,FMN GV 18 Kasterlee
84,Oudemolsedijk,2020-06-18,08:00:00,12,8,4,FMN GV 18 Kasterlee
84,Oudemolsedijk,2020-06-18,09:00:00,15,8,7,FMN GV 18 Kasterlee
84,Oudemolsedijk,2020-06-18,10:00:00,24,12,12,FMN GV 18 Kasterlee
84,Oudemolsedijk,2020-06-18,11:00:00,18,11,7,FMN GV 18 Kasterlee
84,Oudemolsedijk,2020-06-18,12:00:00,27,12,15,FMN GV 18 Kasterlee
84,Oudemolsedijk,2020-06-18,13:00:00,57,28,29,FMN GV 18 Kasterlee
84,Oudemolsedijk,2020-06-18,14:00:00,33,22,11,FMN GV 18 Kasterlee
84,Oudemolsedijk,2020-06-18,15:00:00,37,24,13,FMN GV 18 Kasterlee
84,Oudemolsedijk,2020-06-18,16:00:00,52,24,28,FMN GV 18 Kasterlee
84,Oudemolsedijk,2020-06-18,17:00:00,20,11,9,FMN GV 18 Kasterlee
84,Oudemolsedijk,2020-06-18,18:00:00,8,4,4,FMN GV 18 Kasterlee
84,Oudemolsedijk,2020-06-18,19:00:00,25,15,10,FMN GV 18 Kasterlee
84,Oudemolsedijk,2020-06-18,20:00:00,38,33,5,FMN GV 18 Kasterlee
84,Oudemolsedijk,2020-06-18,21:00:00,9,1,8,FMN GV 18 Kasterlee
84,Oudemolsedijk,2020-06-18,22:00:00,4,1,3,FMN GV 18 Kasterlee
84,Oudemolsedijk,2020-06-18,23:00:00,0,0,0,FMN GV 18 Kasterlee
84,Oudemolsedijk,2020-06-19,00:00:00,0,0,0,FMN GV 18 Kasterlee
84,Oudemolsedijk,2020-06-19,01:00:00,0,0,0,FMN GV 18 Kasterlee
84,Oudemolsedijk,2020-06-19,02:00:00,0,0,0,FMN GV 18 Kasterlee
84,Oudemolsedijk,2020-06-19,03:00:00,0,0,0,FMN GV 18 Kasterlee
84,Oudemolsedijk,2020-06-19,04:00:00,0,0,0,FMN GV 18 Kasterlee
84,Oudemolsedijk,2020-06-19,05:00:00,2,2,0,FMN GV 18 Kasterlee
84,Oudemolsedijk,2020-06-19,06:00:00,12,8,4,FMN GV 18 Kasterlee
84,Oudemolsedijk,2020-06-19,07:00:00,11,8,3,FMN GV 18 Kasterlee
84,Oudemolsedijk,2020-06-19,08:00:00,15,10,5,FMN GV 18 Kasterlee
84,Oudemolsedijk,2020-06-19,09:00:00,20,6,14,FMN GV 18 Kasterlee
84,Oudemolsedijk,2020-06-19,10:00:00,46,21,25,FMN GV 18 Kasterlee
84,Oudemolsedijk,2020-06-19,11:00:00,30,18,12,FMN GV 18 Kasterlee
84,Oudemolsedijk,2020-06-19,12:00:00,32,17,15,FMN GV 18 Kasterlee
84,Oudemolsedijk,2020-06-19,13:00:00,65,24,41,FMN GV 18 Kasterlee
84,Oudemolsedijk,2020-06-19,14:00:00,67,34,33,FMN GV 18 Kasterlee
84,Oudemolsedijk,2020-06-19,15:00:00,62,40,22,FMN GV 18 Kasterlee
84,Oudemolsedijk,2020-06-19,16:00:00,54,28,26,FMN GV 18 Kasterlee
84,Oudemolsedijk,2020-06-19,17:00:00,41,27,14,FMN GV 18 Kasterlee
84,Oudemolsedijk,2020-06-19,18:00:00,15,6,9,FMN GV 18 Kasterlee
84,Oudemolsedijk,2020-06-19,19:00:00,13,3,10,FMN GV 18 Kasterlee
84,Oudemolsedijk,2020-06-19,20:00:00,13,11,2,FMN GV 18 Kasterlee
84,Oudemolsedijk,2020-06-19,21:00:00,6,3,3,FMN GV 18 Kasterlee
84,Oudemolsedijk,2020-06-19,22:00:00,3,2,1,FMN GV 18 Kasterlee
84,Oudemolsedijk,2020-06-19,23:00:00,0,0,0,FMN GV 18 Kasterlee
84,Oudemolsedijk,2020-06-20,00:00:00,0,0,0,FMN GV 18 Kasterlee
84,Oudemolsedijk,2020-06-20,01:00:00,0,0,0,FMN GV 18 Kasterlee
84,Oudemolsedijk,2020-06-20,02:00:00,0,0,0,FMN GV 18 Kasterlee
84,Oudemolsedijk,2020-06-20,03:00:00,0,0,0,FMN GV 18 Kasterlee
84,Oudemolsedijk,2020-06-20,04:00:00,0,0,0,FMN GV 18 Kasterlee
84,Oudemolsedijk,2020-06-20,05:00:00,1,0,1,FMN GV 18 Kasterlee
84,Oudemolsedijk,2020-06-20,06:00:00,3,1,2,FMN GV 18 Kasterlee
84,Oudemolsedijk,2020-06-20,07:00:00,6,2,4,FMN GV 18 Kasterlee
84,Oudemolsedijk,2020-06-20,08:00:00,18,7,11,FMN GV 18 Kasterlee
84,Oudemolsedijk,2020-06-20,09:00:00,39,24,15,FMN GV 18 Kasterlee
84,Oudemolsedijk,2020-06-20,10:00:00,90,48,42,FMN GV 18 Kasterlee
84,Oudemolsedijk,2020-06-20,11:00:00,69,36,33,FMN GV 18 Kasterlee
84,Oudemolsedijk,2020-06-20,12:00:00,64,33,31,FMN GV 18 Kasterlee
84,Oudemolsedijk,2020-06-20,13:00:00,102,53,49,FMN GV 18 Kasterlee
84,Oudemolsedijk,2020-06-20,14:00:00,119,36,83,FMN GV 18 Kasterlee
84,Oudemolsedijk,2020-06-20,15:00:00,154,76,78,FMN GV 18 Kasterlee
84,Oudemolsedijk,2020-06-20,16:00:00,106,59,47,FMN GV 18 Kasterlee
84,Oudemolsedijk,2020-06-20,17:00:00,81,63,18,FMN GV 18 Kasterlee
84,Oudemolsedijk,2020-06-20,18:00:00,42,29,13,FMN GV 18 Kasterlee
84,Oudemolsedijk,2020-06-20,19:00:00,41,23,18,FMN GV 18 Kasterlee
84,Oudemolsedijk,2020-06-20,20:00:00,15,5,10,FMN GV 18 Kasterlee
84,Oudemolsedijk,2020-06-20,21:00:00,13,10,3,FMN GV 18 Kasterlee
84,Oudemolsedijk,2020-06-20,22:00:00,5,2,3,FMN GV 18 Kasterlee
84,Oudemolsedijk,2020-06-20,23:00:00,2,0,2,FMN GV 18 Kasterlee
84,Oudemolsedijk,2020-06-21,00:00:00,3,2,1,FMN GV 18 Kasterlee
84,Oudemolsedijk,2020-06-21,01:00:00,0,0,0,FMN GV 18 Kasterlee
84,Oudemolsedijk,2020-06-21,02:00:00,0,0,0,FMN GV 18 Kasterlee
84,Oudemolsedijk,2020-06-21,03:00:00,0,0,0,FMN GV 18 Kasterlee
84,Oudemolsedijk,2020-06-21,04:00:00,2,1,1,FMN GV 18 Kasterlee
84,Oudemolsedijk,2020-06-21,05:00:00,0,0,0,FMN GV 18 Kasterlee
84,Oudemolsedijk,2020-06-21,06:00:00,3,3,0,FMN GV 18 Kasterlee
84,Oudemolsedijk,2020-06-21,07:00:00,24,4,20,FMN GV 18 Kasterlee
84,Oudemolsedijk,2020-06-21,08:00:00,68,6,62,FMN GV 18 Kasterlee
84,Oudemolsedijk,2020-06-21,09:00:00,97,49,48,FMN GV 18 Kasterlee
84,Oudemolsedijk,2020-06-21,10:00:00,136,74,62,FMN GV 18 Kasterlee
84,Oudemolsedijk,2020-06-21,11:00:00,208,125,83,FMN GV 18 Kasterlee
84,Oudemolsedijk,2020-06-21,12:00:00,93,41,52,FMN GV 18 Kasterlee
84,Oudemolsedijk,2020-06-21,13:00:00,134,83,51,FMN GV 18 Kasterlee
84,Oudemolsedijk,2020-06-21,14:00:00,216,129,87,FMN GV 18 Kasterlee
84,Oudemolsedijk,2020-06-21,15:00:00,220,104,116,FMN GV 18 Kasterlee
84,Oudemolsedijk,2020-06-21,16:00:00,135,58,77,FMN GV 18 Kasterlee
84,Oudemolsedijk,2020-06-21,17:00:00,85,37,48,FMN GV 18 Kasterlee
84,Oudemolsedijk,2020-06-21,18:00:00,32,17,15,FMN GV 18 Kasterlee
84,Oudemolsedijk,2020-06-21,19:00:00,13,5,8,FMN GV 18 Kasterlee
84,Oudemolsedijk,2020-06-21,20:00:00,15,6,9,FMN GV 18 Kasterlee
84,Oudemolsedijk,2020-06-21,21:00:00,9,5,4,FMN GV 18 Kasterlee
84,Oudemolsedijk,2020-06-21,22:00:00,0,0,0,FMN GV 18 Kasterlee
84,Oudemolsedijk,2020-06-21,23:00:00,0,0,0,FMN GV 18 Kasterlee
84,Oudemolsedijk,2020-06-22,00:00:00,0,0,0,FMN GV 18 Kasterlee
84,Oudemolsedijk,2020-06-22,01:00:00,0,0,0,FMN GV 18 Kasterlee
84,Oudemolsedijk,2020-06-22,02:00:00,0,0,0,FMN GV 18 Kasterlee
84,Oudemolsedijk,2020-06-22,03:00:00,0,0,0,FMN GV 18 Kasterlee
84,Oudemolsedijk,2020-06-22,04:00:00,1,1,0,FMN GV 18 Kasterlee
84,Oudemolsedijk,2020-06-22,05:00:00,6,5,1,FMN GV 18 Kasterlee
84,Oudemolsedijk,2020-06-22,06:00:00,17,7,10,FMN GV 18 Kasterlee
84,Oudemolsedijk,2020-06-22,07:00:00,15,7,8,FMN GV 18 Kasterlee
84,Oudemolsedijk,2020-06-22,08:00:00,17,10,7,FMN GV 18 Kasterlee
84,Oudemolsedijk,2020-06-22,09:00:00,16,8,8,FMN GV 18 Kasterlee
84,Oudemolsedijk,2020-06-22,10:00:00,26,15,11,FMN GV 18 Kasterlee
84,Oudemolsedijk,2020-06-22,11:00:00,21,12,9,FMN GV 18 Kasterlee
84,Oudemolsedijk,2020-06-22,12:00:00,30,17,13,FMN GV 18 Kasterlee
84,Oudemolsedijk,2020-06-22,13:00:00,53,30,23,FMN GV 18 Kasterlee
84,Oudemolsedijk,2020-06-22,14:00:00,95,58,37,FMN GV 18 Kasterlee
84,Oudemolsedijk,2020-06-22,15:00:00,79,36,43,FMN GV 18 Kasterlee
84,Oudemolsedijk,2020-06-22,16:00:00,75,42,33,FMN GV 18 Kasterlee
84,Oudemolsedijk,2020-06-22,17:00:00,45,14,31,FMN GV 18 Kasterlee
84,Oudemolsedijk,2020-06-22,18:00:00,43,31,12,FMN GV 18 Kasterlee
84,Oudemolsedijk,2020-06-22,19:00:00,32,6,26,FMN GV 18 Kasterlee
84,Oudemolsedijk,2020-06-22,20:00:00,45,16,29,FMN GV 18 Kasterlee
84,Oudemolsedijk,2020-06-22,21:00:00,18,8,10,FMN GV 18 Kasterlee
84,Oudemolsedijk,2020-06-22,22:00:00,3,2,1,FMN GV 18 Kasterlee
84,Oudemolsedijk,2020-06-22,23:00:00,0,0,0,FMN GV 18 Kasterlee
84,Oudemolsedijk,2020-06-23,00:00:00,0,0,0,FMN GV 18 Kasterlee
84,Oudemolsedijk,2020-06-23,01:00:00,0,0,0,FMN GV 18 Kasterlee
84,Oudemolsedijk,2020-06-23,02:00:00,0,0,0,FMN GV 18 Kasterlee
84,Oudemolsedijk,2020-06-23,03:00:00,0,0,0,FMN GV 18 Kasterlee
84,Oudemolsedijk,2020-06-23,04:00:00,1,1,0,FMN GV 18 Kasterlee
84,Oudemolsedijk,2020-06-23,05:00:00,6,6,0,FMN GV 18 Kasterlee
84,Oudemolsedijk,2020-06-23,06:00:00,22,11,11,FMN GV 18 Kasterlee
84,Oudemolsedijk,2020-06-23,07:00:00,20,13,7,FMN GV 18 Kasterlee
84,Oudemolsedijk,2020-06-23,08:00:00,23,14,9,FMN GV 18 Kasterlee
84,Oudemolsedijk,2020-06-23,09:00:00,39,16,23,FMN GV 18 Kasterlee
84,Oudemolsedijk,2020-06-23,10:00:00,44,22,22,FMN GV 18 Kasterlee
84,Oudemolsedijk,2020-06-23,11:00:00,58,36,22,FMN GV 18 Kasterlee
84,Oudemolsedijk,2020-06-23,12:00:00,74,32,42,FMN GV 18 Kasterlee
84,Oudemolsedijk,2020-06-23,13:00:00,75,40,35,FMN GV 18 Kasterlee
84,Oudemolsedijk,2020-06-23,14:00:00,134,85,49,FMN GV 18 Kasterlee
84,Oudemolsedijk,2020-06-23,15:00:00,96,58,38,FMN GV 18 Kasterlee
84,Oudemolsedijk,2020-06-23,16:00:00,117,67,50,FMN GV 18 Kasterlee
84,Oudemolsedijk,2020-06-23,17:00:00,45,15,30,FMN GV 18 Kasterlee
84,Oudemolsedijk,2020-06-23,18:00:00,69,33,36,FMN GV 18 Kasterlee
84,Oudemolsedijk,2020-06-23,19:00:00,81,64,17,FMN GV 18 Kasterlee
84,Oudemolsedijk,2020-06-23,20:00:00,89,42,47,FMN GV 18 Kasterlee
84,Oudemolsedijk,2020-06-23,21:00:00,31,21,10,FMN GV 18 Kasterlee
84,Oudemolsedijk,2020-06-23,22:00:00,8,8,0,FMN GV 18 Kasterlee
84,Oudemolsedijk,2020-06-23,23:00:00,1,1,0,FMN GV 18 Kasterlee
84,Oudemolsedijk,2020-06-24,00:00:00,0,0,0,FMN GV 18 Kasterlee
84,Oudemolsedijk,2020-06-24,01:00:00,1,0,1,FMN GV 18 Kasterlee
84,Oudemolsedijk,2020-06-24,02:00:00,0,0,0,FMN GV 18 Kasterlee
84,Oudemolsedijk,2020-06-24,03:00:00,0,0,0,FMN GV 18 Kasterlee
84,Oudemolsedijk,2020-06-24,04:00:00,2,2,0,FMN GV 18 Kasterlee
84,Oudemolsedijk,2020-06-24,05:00:00,5,5,0,FMN GV 18 Kasterlee
84,Oudemolsedijk,2020-06-24,06:00:00,16,10,6,FMN GV 18 Kasterlee
84,Oudemolsedijk,2020-06-24,07:00:00,17,7,10,FMN GV 18 Kasterlee
84,Oudemolsedijk,2020-06-24,08:00:00,41,21,20,FMN GV 18 Kasterlee
84,Oudemolsedijk,2020-06-24,09:00:00,49,23,26,FMN GV 18 Kasterlee
84,Oudemolsedijk,2020-06-24,10:00:00,57,29,28,FMN GV 18 Kasterlee
84,Oudemolsedijk,2020-06-24,11:00:00,59,32,27,FMN GV 18 Kasterlee
84,Oudemolsedijk,2020-06-24,12:00:00,33,9,24,FMN GV 18 Kasterlee
84,Oudemolsedijk,2020-06-24,13:00:00,47,26,21,FMN GV 18 Kasterlee
84,Oudemolsedijk,2020-06-24,14:00:00,110,62,48,FMN GV 18 Kasterlee
84,Oudemolsedijk,2020-06-24,15:00:00,43,26,17,FMN GV 18 Kasterlee
84,Oudemolsedijk,2020-06-24,16:00:00,66,34,32,FMN GV 18 Kasterlee
84,Oudemolsedijk,2020-06-24,17:00:00,54,28,26,FMN GV 18 Kasterlee
84,Oudemolsedijk,2020-06-24,18:00:00,57,20,37,FMN GV 18 Kasterlee
84,Oudemolsedijk,2020-06-24,19:00:00,90,49,41,FMN GV 18 Kasterlee
84,Oudemolsedijk,2020-06-24,20:00:00,87,56,31,FMN GV 18 Kasterlee
84,Oudemolsedijk,2020-06-24,21:00:00,65,55,10,FMN GV 18 Kasterlee
84,Oudemolsedijk,2020-06-24,22:00:00,15,4,11,FMN GV 18 Kasterlee
84,Oudemolsedijk,2020-06-24,23:00:00,3,2,1,FMN GV 18 Kasterlee
84,Oudemolsedijk,2020-06-25,00:00:00,0,0,0,FMN GV 18 Kasterlee
84,Oudemolsedijk,2020-06-25,01:00:00,0,0,0,FMN GV 18 Kasterlee
84,Oudemolsedijk,2020-06-25,02:00:00,0,0,0,FMN GV 18 Kasterlee
84,Oudemolsedijk,2020-06-25,03:00:00,0,0,0,FMN GV 18 Kasterlee
84,Oudemolsedijk,2020-06-25,04:00:00,2,2,0,FMN GV 18 Kasterlee
84,Oudemolsedijk,2020-06-25,05:00:00,4,4,0,FMN GV 18 Kasterlee
84,Oudemolsedijk,2020-06-25,06:00:00,17,6,11,FMN GV 18 Kasterlee
84,Oudemolsedijk,2020-06-25,07:00:00,17,8,9,FMN GV 18 Kasterlee
84,Oudemolsedijk,2020-06-25,08:00:00,31,16,15,FMN GV 18 Kasterlee
84,Oudemolsedijk,2020-06-25,09:00:00,79,27,52,FMN GV 18 Kasterlee
84,Oudemolsedijk,2020-06-25,10:00:00,64,32,32,FMN GV 18 Kasterlee
84,Oudemolsedijk,2020-06-25,11:00:00,49,27,22,FMN GV 18 Kasterlee
84,Oudemolsedijk,2020-06-25,12:00:00,56,31,25,FMN GV 18 Kasterlee
84,Oudemolsedijk,2020-06-25,13:00:00,62,29,33,FMN GV 18 Kasterlee
84,Oudemolsedijk,2020-06-25,14:00:00,87,48,39,FMN GV 18 Kasterlee
84,Oudemolsedijk,2020-06-25,15:00:00,71,37,34,FMN GV 18 Kasterlee
84,Oudemolsedijk,2020-06-25,16:00:00,71,41,30,FMN GV 18 Kasterlee
84,Oudemolsedijk,2020-06-25,17:00:00,56,33,23,FMN GV 18 Kasterlee
84,Oudemolsedijk,2020-06-25,18:00:00,46,22,24,FMN GV 18 Kasterlee
84,Oudemolsedijk,2020-06-25,19:00:00,60,29,31,FMN GV 18 Kasterlee
84,Oudemolsedijk,2020-06-25,20:00:00,80,51,29,FMN GV 18 Kasterlee
84,Oudemolsedijk,2020-06-25,21:00:00,45,26,19,FMN GV 18 Kasterlee
84,Oudemolsedijk,2020-06-25,22:00:00,12,7,5,FMN GV 18 Kasterlee
84,Oudemolsedijk,2020-06-25,23:00:00,2,0,2,FMN GV 18 Kasterlee
84,Oudemolsedijk,2020-06-26,00:00:00,0,0,0,FMN GV 18 Kasterlee
84,Oudemolsedijk,2020-06-26,01:00:00,0,0,0,FMN GV 18 Kasterlee
84,Oudemolsedijk,2020-06-26,02:00:00,0,0,0,FMN GV 18 Kasterlee
84,Oudemolsedijk,2020-06-26,03:00:00,0,0,0,FMN GV 18 Kasterlee
84,Oudemolsedijk,2020-06-26,04:00:00,1,1,0,FMN GV 18 Kasterlee
84,Oudemolsedijk,2020-06-26,05:00:00,2,2,0,FMN GV 18 Kasterlee
84,Oudemolsedijk,2020-06-26,06:00:00,14,5,9,FMN GV 18 Kasterlee
84,Oudemolsedijk,2020-06-26,07:00:00,17,10,7,FMN GV 18 Kasterlee
84,Oudemolsedijk,2020-06-26,08:00:00,35,16,19,FMN GV 18 Kasterlee
84,Oudemolsedijk,2020-06-26,09:00:00,31,17,14,FMN GV 18 Kasterlee
84,Oudemolsedijk,2020-06-26,10:00:00,61,32,29,FMN GV 18 Kasterlee
84,Oudemolsedijk,2020-06-26,11:00:00,45,23,22,FMN GV 18 Kasterlee
84,Oudemolsedijk,2020-06-26,12:00:00,32,17,15,FMN GV 18 Kasterlee
84,Oudemolsedijk,2020-06-26,13:00:00,65,37,28,FMN GV 18 Kasterlee
84,Oudemolsedijk,2020-06-26,14:00:00,53,23,30,FMN GV 18 Kasterlee
84,Oudemolsedijk,2020-06-26,15:00:00,47,30,17,FMN GV 18 Kasterlee
84,Oudemolsedijk,2020-06-26,16:00:00,45,33,12,FMN GV 18 Kasterlee
84,Oudemolsedijk,2020-06-26,17:00:00,23,12,11,FMN GV 18 Kasterlee
84,Oudemolsedijk,2020-06-26,18:00:00,33,15,18,FMN GV 18 Kasterlee
84,Oudemolsedijk,2020-06-26,19:00:00,23,8,15,FMN GV 18 Kasterlee
84,Oudemolsedijk,2020-06-26,20:00:00,11,11,0,FMN GV 18 Kasterlee
84,Oudemolsedijk,2020-06-26,21:00:00,7,7,0,FMN GV 18 Kasterlee
84,Oudemolsedijk,2020-06-26,22:00:00,4,3,1,FMN GV 18 Kasterlee
84,Oudemolsedijk,2020-06-26,23:00:00,0,0,0,FMN GV 18 Kasterlee
84,Oudemolsedijk,2020-06-27,00:00:00,1,0,1,FMN GV 18 Kasterlee
84,Oudemolsedijk,2020-06-27,01:00:00,2,0,2,FMN GV 18 Kasterlee
84,Oudemolsedijk,2020-06-27,02:00:00,1,0,1,FMN GV 18 Kasterlee
84,Oudemolsedijk,2020-06-27,03:00:00,0,0,0,FMN GV 18 Kasterlee
84,Oudemolsedijk,2020-06-27,04:00:00,0,0,0,FMN GV 18 Kasterlee
84,Oudemolsedijk,2020-06-27,05:00:00,0,0,0,FMN GV 18 Kasterlee
84,Oudemolsedijk,2020-06-27,06:00:00,1,1,0,FMN GV 18 Kasterlee
84,Oudemolsedijk,2020-06-27,07:00:00,5,2,3,FMN GV 18 Kasterlee
84,Oudemolsedijk,2020-06-27,08:00:00,15,4,11,FMN GV 18 Kasterlee
84,Oudemolsedijk,2020-06-27,09:00:00,25,6,19,FMN GV 18 Kasterlee
84,Oudemolsedijk,2020-06-27,10:00:00,65,32,33,FMN GV 18 Kasterlee
84,Oudemolsedijk,2020-06-27,11:00:00,36,25,11,FMN GV 18 Kasterlee
84,Oudemolsedijk,2020-06-27,12:00:00,37,17,20,FMN GV 18 Kasterlee
84,Oudemolsedijk,2020-06-27,13:00:00,121,50,71,FMN GV 18 Kasterlee
84,Oudemolsedijk,2020-06-27,14:00:00,83,49,34,FMN GV 18 Kasterlee
84,Oudemolsedijk,2020-06-27,15:00:00,84,46,38,FMN GV 18 Kasterlee
84,Oudemolsedijk,2020-06-27,16:00:00,37,21,16,FMN GV 18 Kasterlee
84,Oudemolsedijk,2020-06-27,17:00:00,17,12,5,FMN GV 18 Kasterlee
84,Oudemolsedijk,2020-06-27,18:00:00,38,23,15,FMN GV 18 Kasterlee
84,Oudemolsedijk,2020-06-27,19:00:00,15,8,7,FMN GV 18 Kasterlee
84,Oudemolsedijk,2020-06-27,20:00:00,8,5,3,FMN GV 18 Kasterlee
84,Oudemolsedijk,2020-06-27,21:00:00,3,3,0,FMN GV 18 Kasterlee
84,Oudemolsedijk,2020-06-27,22:00:00,0,0,0,FMN GV 18 Kasterlee
84,Oudemolsedijk,2020-06-27,23:00:00,7,3,4,FMN GV 18 Kasterlee
84,Oudemolsedijk,2020-06-28,00:00:00,2,0,2,FMN GV 18 Kasterlee
84,Oudemolsedijk,2020-06-28,01:00:00,4,1,3,FMN GV 18 Kasterlee
84,Oudemolsedijk,2020-06-28,02:00:00,0,0,0,FMN GV 18 Kasterlee
84,Oudemolsedijk,2020-06-28,03:00:00,1,0,1,FMN GV 18 Kasterlee
84,Oudemolsedijk,2020-06-28,04:00:00,0,0,0,FMN GV 18 Kasterlee
84,Oudemolsedijk,2020-06-28,05:00:00,1,0,1,FMN GV 18 Kasterlee
84,Oudemolsedijk,2020-06-28,06:00:00,1,1,0,FMN GV 18 Kasterlee
84,Oudemolsedijk,2020-06-28,07:00:00,10,4,6,FMN GV 18 Kasterlee
84,Oudemolsedijk,2020-06-28,08:00:00,28,12,16,FMN GV 18 Kasterlee
84,Oudemolsedijk,2020-06-28,09:00:00,105,47,58,FMN GV 18 Kasterlee
84,Oudemolsedijk,2020-06-28,10:00:00,158,102,56,FMN GV 18 Kasterlee
84,Oudemolsedijk,2020-06-28,11:00:00,120,68,52,FMN GV 18 Kasterlee
84,Oudemolsedijk,2020-06-28,12:00:00,89,64,25,FMN GV 18 Kasterlee
84,Oudemolsedijk,2020-06-28,13:00:00,76,41,35,FMN GV 18 Kasterlee
84,Oudemolsedijk,2020-06-28,14:00:00,128,63,65,FMN GV 18 Kasterlee
84,Oudemolsedijk,2020-06-28,15:00:00,120,58,62,FMN GV 18 Kasterlee
84,Oudemolsedijk,2020-06-28,16:00:00,122,58,64,FMN GV 18 Kasterlee
84,Oudemolsedijk,2020-06-28,17:00:00,66,49,17,FMN GV 18 Kasterlee
84,Oudemolsedijk,2020-06-28,18:00:00,41,23,18,FMN GV 18 Kasterlee
84,Oudemolsedijk,2020-06-28,19:00:00,23,4,19,FMN GV 18 Kasterlee
84,Oudemolsedijk,2020-06-28,20:00:00,18,9,9,FMN GV 18 Kasterlee
84,Oudemolsedijk,2020-06-28,21:00:00,9,9,0,FMN GV 18 Kasterlee
84,Oudemolsedijk,2020-06-28,22:00:00,2,1,1,FMN GV 18 Kasterlee
84,Oudemolsedijk,2020-06-28,23:00:00,1,1,0,FMN GV 18 Kasterlee
84,Oudemolsedijk,2020-06-29,00:00:00,1,0,1,FMN GV 18 Kasterlee
84,Oudemolsedijk,2020-06-29,01:00:00,0,0,0,FMN GV 18 Kasterlee
84,Oudemolsedijk,2020-06-29,02:00:00,1,1,0,FMN GV 18 Kasterlee
84,Oudemolsedijk,2020-06-29,03:00:00,0,0,0,FMN GV 18 Kasterlee
84,Oudemolsedijk,2020-06-29,04:00:00,0,0,0,FMN GV 18 Kasterlee
84,Oudemolsedijk,2020-06-29,05:00:00,0,0,0,FMN GV 18 Kasterlee
84,Oudemolsedijk,2020-06-29,06:00:00,10,1,9,FMN GV 18 Kasterlee
84,Oudemolsedijk,2020-06-29,07:00:00,11,4,7,FMN GV 18 Kasterlee
84,Oudemolsedijk,2020-06-29,08:00:00,17,11,6,FMN GV 18 Kasterlee
84,Oudemolsedijk,2020-06-29,09:00:00,15,14,1,FMN GV 18 Kasterlee
84,Oudemolsedijk,2020-06-29,10:00:00,27,9,18,FMN GV 18 Kasterlee
84,Oudemolsedijk,2020-06-29,11:00:00,11,5,6,FMN GV 18 Kasterlee
84,Oudemolsedijk,2020-06-29,12:00:00,27,12,15,FMN GV 18 Kasterlee
84,Oudemolsedijk,2020-06-29,13:00:00,74,22,52,FMN GV 18 Kasterlee
84,Oudemolsedijk,2020-06-29,14:00:00,45,30,15,FMN GV 18 Kasterlee
84,Oudemolsedijk,2020-06-29,15:00:00,48,25,23,FMN GV 18 Kasterlee
84,Oudemolsedijk,2020-06-29,16:00:00,59,12,47,FMN GV 18 Kasterlee
84,Oudemolsedijk,2020-06-29,17:00:00,27,16,11,FMN GV 18 Kasterlee
84,Oudemolsedijk,2020-06-29,18:00:00,14,8,6,FMN GV 18 Kasterlee
84,Oudemolsedijk,2020-06-29,19:00:00,17,8,9,FMN GV 18 Kasterlee
84,Oudemolsedijk,2020-06-29,20:00:00,23,19,4,FMN GV 18 Kasterlee
84,Oudemolsedijk,2020-06-29,21:00:00,9,3,6,FMN GV 18 Kasterlee
84,Oudemolsedijk,2020-06-29,22:00:00,2,1,1,FMN GV 18 Kasterlee
84,Oudemolsedijk,2020-06-29,23:00:00,0,0,0,FMN GV 18 Kasterlee
84,Oudemolsedijk,2020-06-30,00:00:00,0,0,0,FMN GV 18 Kasterlee
84,Oudemolsedijk,2020-06-30,01:00:00,0,0,0,FMN GV 18 Kasterlee
84,Oudemolsedijk,2020-06-30,02:00:00,0,0,0,FMN GV 18 Kasterlee
84,Oudemolsedijk,2020-06-30,03:00:00,0,0,0,FMN GV 18 Kasterlee
84,Oudemolsedijk,2020-06-30,04:00:00,0,0,0,FMN GV 18 Kasterlee
84,Oudemolsedijk,2020-06-30,05:00:00,2,1,1,FMN GV 18 Kasterlee
84,Oudemolsedijk,2020-06-30,06:00:00,12,1,11,FMN GV 18 Kasterlee
84,Oudemolsedijk,2020-06-30,07:00:00,9,4,5,FMN GV 18 Kasterlee
84,Oudemolsedijk,2020-06-30,08:00:00,18,6,12,FMN GV 18 Kasterlee
84,Oudemolsedijk,2020-06-30,09:00:00,15,9,6,FMN GV 18 Kasterlee
84,Oudemolsedijk,2020-06-30,10:00:00,27,10,17,FMN GV 18 Kasterlee
84,Oudemolsedijk,2020-06-30,11:00:00,18,12,6,FMN GV 18 Kasterlee
84,Oudemolsedijk,2020-06-30,12:00:00,11,7,4,FMN GV 18 Kasterlee
84,Oudemolsedijk,2020-06-30,13:00:00,44,15,29,FMN GV 18 Kasterlee
84,Oudemolsedijk,2020-06-30,14:00:00,54,38,16,FMN GV 18 Kasterlee
84,Oudemolsedijk,2020-06-30,15:00:00,70,28,42,FMN GV 18 Kasterlee
84,Oudemolsedijk,2020-06-30,16:00:00,17,11,6,FMN GV 18 Kasterlee
84,Oudemolsedijk,2020-06-30,17:00:00,10,7,3,FMN GV 18 Kasterlee
84,Oudemolsedijk,2020-06-30,18:00:00,6,2,4,FMN GV 18 Kasterlee
84,Oudemolsedijk,2020-06-30,19:00:00,1,1,0,FMN GV 18 Kasterlee
84,Oudemolsedijk,2020-06-30,20:00:00,2,1,1,FMN GV 18 Kasterlee
84,Oudemolsedijk,2020-06-30,21:00:00,2,0,2,FMN GV 18 Kasterlee
84,Oudemolsedijk,2020-06-30,22:00:00,1,1,0,FMN GV 18 Kasterlee
84,Oudemolsedijk,2020-06-30,23:00:00,1,0,1,FMN GV 18 Kasterlee
84,Oudemolsedijk,2020-07-01,00:00:00,1,0,1,FMN GV 18 Kasterlee
84,Oudemolsedijk,2020-07-01,01:00:00,1,0,1,FMN GV 18 Kasterlee
84,Oudemolsedijk,2020-07-01,02:00:00,0,0,0,FMN GV 18 Kasterlee
84,Oudemolsedijk,2020-07-01,03:00:00,0,0,0,FMN GV 18 Kasterlee
84,Oudemolsedijk,2020-07-01,04:00:00,0,0,0,FMN GV 18 Kasterlee
84,Oudemolsedijk,2020-07-01,05:00:00,0,0,0,FMN GV 18 Kasterlee
84,Oudemolsedijk,2020-07-01,06:00:00,2,1,1,FMN GV 18 Kasterlee
84,Oudemolsedijk,2020-07-01,07:00:00,2,1,1,FMN GV 18 Kasterlee
84,Oudemolsedijk,2020-07-01,08:00:00,2,1,1,FMN GV 18 Kasterlee
84,Oudemolsedijk,2020-07-01,09:00:00,1,1,0,FMN GV 18 Kasterlee
84,Oudemolsedijk,2020-07-01,10:00:00,0,0,0,FMN GV 18 Kasterlee
84,Oudemolsedijk,2020-07-01,11:00:00,1,0,1,FMN GV 18 Kasterlee
84,Oudemolsedijk,2020-07-01,12:00:00,6,2,4,FMN GV 18 Kasterlee
84,Oudemolsedijk,2020-07-01,13:00:00,2,2,0,FMN GV 18 Kasterlee
84,Oudemolsedijk,2020-07-01,14:00:00,12,3,9,FMN GV 18 Kasterlee
84,Oudemolsedijk,2020-07-01,15:00:00,15,10,5,FMN GV 18 Kasterlee
84,Oudemolsedijk,2020-07-01,16:00:00,18,14,4,FMN GV 18 Kasterlee
84,Oudemolsedijk,2020-07-01,17:00:00,9,4,5,FMN GV 18 Kasterlee
84,Oudemolsedijk,2020-07-01,18:00:00,20,7,13,FMN GV 18 Kasterlee
84,Oudemolsedijk,2020-07-01,19:00:00,39,20,19,FMN GV 18 Kasterlee
84,Oudemolsedijk,2020-07-01,20:00:00,57,45,12,FMN GV 18 Kasterlee
84,Oudemolsedijk,2020-07-01,21:00:00,22,18,4,FMN GV 18 Kasterlee
84,Oudemolsedijk,2020-07-01,22:00:00,1,0,1,FMN GV 18 Kasterlee
84,Oudemolsedijk,2020-07-01,23:00:00,0,0,0,FMN GV 18 Kasterlee
84,Oudemolsedijk,2020-07-02,00:00:00,2,1,1,FMN GV 18 Kasterlee
84,Oudemolsedijk,2020-07-02,01:00:00,0,0,0,FMN GV 18 Kasterlee
84,Oudemolsedijk,2020-07-02,02:00:00,0,0,0,FMN GV 18 Kasterlee
84,Oudemolsedijk,2020-07-02,03:00:00,0,0,0,FMN GV 18 Kasterlee
84,Oudemolsedijk,2020-07-02,04:00:00,0,0,0,FMN GV 18 Kasterlee
84,Oudemolsedijk,2020-07-02,05:00:00,3,3,0,FMN GV 18 Kasterlee
84,Oudemolsedijk,2020-07-02,06:00:00,29,2,27,FMN GV 18 Kasterlee
84,Oudemolsedijk,2020-07-02,07:00:00,18,7,11,FMN GV 18 Kasterlee
84,Oudemolsedijk,2020-07-02,08:00:00,9,5,4,FMN GV 18 Kasterlee
84,Oudemolsedijk,2020-07-02,09:00:00,17,7,10,FMN GV 18 Kasterlee
84,Oudemolsedijk,2020-07-02,10:00:00,20,11,9,FMN GV 18 Kasterlee
84,Oudemolsedijk,2020-07-02,11:00:00,19,13,6,FMN GV 18 Kasterlee
84,Oudemolsedijk,2020-07-02,12:00:00,27,12,15,FMN GV 18 Kasterlee
84,Oudemolsedijk,2020-07-02,13:00:00,48,25,23,FMN GV 18 Kasterlee
84,Oudemolsedijk,2020-07-02,14:00:00,19,15,4,FMN GV 18 Kasterlee
84,Oudemolsedijk,2020-07-02,15:00:00,42,13,29,FMN GV 18 Kasterlee
84,Oudemolsedijk,2020-07-02,16:00:00,37,22,15,FMN GV 18 Kasterlee
84,Oudemolsedijk,2020-07-02,17:00:00,34,17,17,FMN GV 18 Kasterlee
84,Oudemolsedijk,2020-07-02,18:00:00,22,15,7,FMN GV 18 Kasterlee
84,Oudemolsedijk,2020-07-02,19:00:00,54,36,18,FMN GV 18 Kasterlee
84,Oudemolsedijk,2020-07-02,20:00:00,43,27,16,FMN GV 18 Kasterlee
84,Oudemolsedijk,2020-07-02,21:00:00,4,2,2,FMN GV 18 Kasterlee
84,Oudemolsedijk,2020-07-02,22:00:00,4,3,1,FMN GV 18 Kasterlee
84,Oudemolsedijk,2020-07-02,23:00:00,0,0,0,FMN GV 18 Kasterlee
84,Oudemolsedijk,2020-07-03,00:00:00,0,0,0,FMN GV 18 Kasterlee
84,Oudemolsedijk,2020-07-03,01:00:00,0,0,0,FMN GV 18 Kasterlee
84,Oudemolsedijk,2020-07-03,02:00:00,0,0,0,FMN GV 18 Kasterlee
84,Oudemolsedijk,2020-07-03,03:00:00,1,0,1,FMN GV 18 Kasterlee
84,Oudemolsedijk,2020-07-03,04:00:00,0,0,0,FMN GV 18 Kasterlee
84,Oudemolsedijk,2020-07-03,05:00:00,1,1,0,FMN GV 18 Kasterlee
84,Oudemolsedijk,2020-07-03,06:00:00,10,2,8,FMN GV 18 Kasterlee
84,Oudemolsedijk,2020-07-03,07:00:00,12,5,7,FMN GV 18 Kasterlee
84,Oudemolsedijk,2020-07-03,08:00:00,20,6,14,FMN GV 18 Kasterlee
84,Oudemolsedijk,2020-07-03,09:00:00,23,10,13,FMN GV 18 Kasterlee
84,Oudemolsedijk,2020-07-03,10:00:00,12,8,4,FMN GV 18 Kasterlee
84,Oudemolsedijk,2020-07-03,11:00:00,23,17,6,FMN GV 18 Kasterlee
84,Oudemolsedijk,2020-07-03,12:00:00,25,12,13,FMN GV 18 Kasterlee
84,Oudemolsedijk,2020-07-03,13:00:00,37,17,20,FMN GV 18 Kasterlee
84,Oudemolsedijk,2020-07-03,14:00:00,118,80,38,FMN GV 18 Kasterlee
84,Oudemolsedijk,2020-07-03,15:00:00,66,40,26,FMN GV 18 Kasterlee
84,Oudemolsedijk,2020-07-03,16:00:00,63,33,30,FMN GV 18 Kasterlee
84,Oudemolsedijk,2020-07-03,17:00:00,71,17,54,FMN GV 18 Kasterlee
84,Oudemolsedijk,2020-07-03,18:00:00,32,9,23,FMN GV 18 Kasterlee
84,Oudemolsedijk,2020-07-03,19:00:00,20,16,4,FMN GV 18 Kasterlee
84,Oudemolsedijk,2020-07-03,20:00:00,13,3,10,FMN GV 18 Kasterlee
84,Oudemolsedijk,2020-07-03,21:00:00,6,5,1,FMN GV 18 Kasterlee
84,Oudemolsedijk,2020-07-03,22:00:00,2,2,0,FMN GV 18 Kasterlee
84,Oudemolsedijk,2020-07-03,23:00:00,0,0,0,FMN GV 18 Kasterlee
84,Oudemolsedijk,2020-07-04,00:00:00,2,0,2,FMN GV 18 Kasterlee
84,Oudemolsedijk,2020-07-04,01:00:00,0,0,0,FMN GV 18 Kasterlee
84,Oudemolsedijk,2020-07-04,02:00:00,2,1,1,FMN GV 18 Kasterlee
84,Oudemolsedijk,2020-07-04,03:00:00,0,0,0,FMN GV 18 Kasterlee
84,Oudemolsedijk,2020-07-04,04:00:00,0,0,0,FMN GV 18 Kasterlee
84,Oudemolsedijk,2020-07-04,05:00:00,1,0,1,FMN GV 18 Kasterlee
84,Oudemolsedijk,2020-07-04,06:00:00,2,1,1,FMN GV 18 Kasterlee
84,Oudemolsedijk,2020-07-04,07:00:00,3,1,2,FMN GV 18 Kasterlee
84,Oudemolsedijk,2020-07-04,08:00:00,3,1,2,FMN GV 18 Kasterlee
84,Oudemolsedijk,2020-07-04,09:00:00,16,5,11,FMN GV 18 Kasterlee
84,Oudemolsedijk,2020-07-04,10:00:00,15,11,4,FMN GV 18 Kasterlee
84,Oudemolsedijk,2020-07-04,11:00:00,26,22,4,FMN GV 18 Kasterlee
84,Oudemolsedijk,2020-07-04,12:00:00,32,23,9,FMN GV 18 Kasterlee
84,Oudemolsedijk,2020-07-04,13:00:00,23,10,13,FMN GV 18 Kasterlee
84,Oudemolsedijk,2020-07-04,14:00:00,38,19,19,FMN GV 18 Kasterlee
84,Oudemolsedijk,2020-07-04,15:00:00,48,28,20,FMN GV 18 Kasterlee
84,Oudemolsedijk,2020-07-04,16:00:00,14,9,5,FMN GV 18 Kasterlee
84,Oudemolsedijk,2020-07-04,17:00:00,14,9,5,FMN GV 18 Kasterlee
84,Oudemolsedijk,2020-07-04,18:00:00,7,4,3,FMN GV 18 Kasterlee
84,Oudemolsedijk,2020-07-04,19:00:00,8,6,2,FMN GV 18 Kasterlee
84,Oudemolsedijk,2020-07-04,20:00:00,5,3,2,FMN GV 18 Kasterlee
84,Oudemolsedijk,2020-07-04,21:00:00,1,0,1,FMN GV 18 Kasterlee
84,Oudemolsedijk,2020-07-04,22:00:00,1,1,0,FMN GV 18 Kasterlee
84,Oudemolsedijk,2020-07-04,23:00:00,0,0,0,FMN GV 18 Kasterlee
84,Oudemolsedijk,2020-07-05,00:00:00,0,0,0,FMN GV 18 Kasterlee
84,Oudemolsedijk,2020-07-05,01:00:00,2,1,1,FMN GV 18 Kasterlee
84,Oudemolsedijk,2020-07-05,02:00:00,1,1,0,FMN GV 18 Kasterlee
84,Oudemolsedijk,2020-07-05,03:00:00,0,0,0,FMN GV 18 Kasterlee
84,Oudemolsedijk,2020-07-05,04:00:00,0,0,0,FMN GV 18 Kasterlee
84,Oudemolsedijk,2020-07-05,05:00:00,0,0,0,FMN GV 18 Kasterlee
84,Oudemolsedijk,2020-07-05,06:00:00,1,1,0,FMN GV 18 Kasterlee
84,Oudemolsedijk,2020-07-05,07:00:00,11,3,8,FMN GV 18 Kasterlee
84,Oudemolsedijk,2020-07-05,08:00:00,38,16,22,FMN GV 18 Kasterlee
84,Oudemolsedijk,2020-07-05,09:00:00,77,50,27,FMN GV 18 Kasterlee
84,Oudemolsedijk,2020-07-05,10:00:00,142,70,72,FMN GV 18 Kasterlee
84,Oudemolsedijk,2020-07-05,11:00:00,57,36,21,FMN GV 18 Kasterlee
84,Oudemolsedijk,2020-07-05,12:00:00,54,27,27,FMN GV 18 Kasterlee
84,Oudemolsedijk,2020-07-05,13:00:00,26,14,12,FMN GV 18 Kasterlee
84,Oudemolsedijk,2020-07-05,14:00:00,41,16,25,FMN GV 18 Kasterlee
84,Oudemolsedijk,2020-07-05,15:00:00,43,24,19,FMN GV 18 Kasterlee
84,Oudemolsedijk,2020-07-05,16:00:00,41,25,16,FMN GV 18 Kasterlee
84,Oudemolsedijk,2020-07-05,17:00:00,43,30,13,FMN GV 18 Kasterlee
84,Oudemolsedijk,2020-07-05,18:00:00,21,8,13,FMN GV 18 Kasterlee
84,Oudemolsedijk,2020-07-05,19:00:00,9,6,3,FMN GV 18 Kasterlee
84,Oudemolsedijk,2020-07-05,20:00:00,12,6,6,FMN GV 18 Kasterlee
84,Oudemolsedijk,2020-07-05,21:00:00,0,0,0,FMN GV 18 Kasterlee
84,Oudemolsedijk,2020-07-05,22:00:00,6,3,3,FMN GV 18 Kasterlee
84,Oudemolsedijk,2020-07-05,23:00:00,0,0,0,FMN GV 18 Kasterlee
84,Oudemolsedijk,2020-07-06,00:00:00,0,0,0,FMN GV 18 Kasterlee
84,Oudemolsedijk,2020-07-06,01:00:00,0,0,0,FMN GV 18 Kasterlee
84,Oudemolsedijk,2020-07-06,02:00:00,0,0,0,FMN GV 18 Kasterlee
84,Oudemolsedijk,2020-07-06,03:00:00,0,0,0,FMN GV 18 Kasterlee
84,Oudemolsedijk,2020-07-06,04:00:00,2,2,0,FMN GV 18 Kasterlee
84,Oudemolsedijk,2020-07-06,05:00:00,3,3,0,FMN GV 18 Kasterlee
84,Oudemolsedijk,2020-07-06,06:00:00,8,2,6,FMN GV 18 Kasterlee
84,Oudemolsedijk,2020-07-06,07:00:00,10,5,5,FMN GV 18 Kasterlee
84,Oudemolsedijk,2020-07-06,08:00:00,25,6,19,FMN GV 18 Kasterlee
84,Oudemolsedijk,2020-07-06,09:00:00,6,0,6,FMN GV 18 Kasterlee
84,Oudemolsedijk,2020-07-06,10:00:00,15,9,6,FMN GV 18 Kasterlee
84,Oudemolsedijk,2020-07-06,11:00:00,12,5,7,FMN GV 18 Kasterlee
84,Oudemolsedijk,2020-07-06,12:00:00,14,6,8,FMN GV 18 Kasterlee
84,Oudemolsedijk,2020-07-06,13:00:00,14,7,7,FMN GV 18 Kasterlee
84,Oudemolsedijk,2020-07-06,14:00:00,33,16,17,FMN GV 18 Kasterlee
84,Oudemolsedijk,2020-07-06,15:00:00,48,28,20,FMN GV 18 Kasterlee
84,Oudemolsedijk,2020-07-06,16:00:00,38,21,17,FMN GV 18 Kasterlee
84,Oudemolsedijk,2020-07-06,17:00:00,21,13,8,FMN GV 18 Kasterlee
84,Oudemolsedijk,2020-07-06,18:00:00,41,6,35,FMN GV 18 Kasterlee
84,Oudemolsedijk,2020-07-06,19:00:00,21,8,13,FMN GV 18 Kasterlee
84,Oudemolsedijk,2020-07-06,20:00:00,11,6,5,FMN GV 18 Kasterlee
84,Oudemolsedijk,2020-07-06,21:00:00,6,4,2,FMN GV 18 Kasterlee
84,Oudemolsedijk,2020-07-06,22:00:00,5,0,5,FMN GV 18 Kasterlee
84,Oudemolsedijk,2020-07-06,23:00:00,0,0,0,FMN GV 18 Kasterlee
84,Oudemolsedijk,2020-07-07,00:00:00,0,0,0,FMN GV 18 Kasterlee
84,Oudemolsedijk,2020-07-07,01:00:00,0,0,0,FMN GV 18 Kasterlee
84,Oudemolsedijk,2020-07-07,02:00:00,1,0,1,FMN GV 18 Kasterlee
84,Oudemolsedijk,2020-07-07,03:00:00,0,0,0,FMN GV 18 Kasterlee
84,Oudemolsedijk,2020-07-07,04:00:00,1,1,0,FMN GV 18 Kasterlee
84,Oudemolsedijk,2020-07-07,05:00:00,4,4,0,FMN GV 18 Kasterlee
84,Oudemolsedijk,2020-07-07,06:00:00,14,3,11,FMN GV 18 Kasterlee
84,Oudemolsedijk,2020-07-07,07:00:00,19,10,9,FMN GV 18 Kasterlee
84,Oudemolsedijk,2020-07-07,08:00:00,30,14,16,FMN GV 18 Kasterlee
84,Oudemolsedijk,2020-07-07,09:00:00,28,10,18,FMN GV 18 Kasterlee
84,Oudemolsedijk,2020-07-07,10:00:00,38,18,20,FMN GV 18 Kasterlee
84,Oudemolsedijk,2020-07-07,11:00:00,46,27,19,FMN GV 18 Kasterlee
84,Oudemolsedijk,2020-07-07,12:00:00,30,22,8,FMN GV 18 Kasterlee
84,Oudemolsedijk,2020-07-07,13:00:00,105,63,42,FMN GV 18 Kasterlee
84,Oudemolsedijk,2020-07-07,14:00:00,135,99,36,FMN GV 18 Kasterlee
84,Oudemolsedijk,2020-07-07,15:00:00,113,56,57,FMN GV 18 Kasterlee
84,Oudemolsedijk,2020-07-07,16:00:00,95,53,42,FMN GV 18 Kasterlee
84,Oudemolsedijk,2020-07-07,17:00:00,39,24,15,FMN GV 18 Kasterlee
84,Oudemolsedijk,2020-07-07,18:00:00,35,19,16,FMN GV 18 Kasterlee
84,Oudemolsedijk,2020-07-07,19:00:00,94,29,65,FMN GV 18 Kasterlee
84,Oudemolsedijk,2020-07-07,20:00:00,39,16,23,FMN GV 18 Kasterlee
84,Oudemolsedijk,2020-07-07,21:00:00,10,4,6,FMN GV 18 Kasterlee
84,Oudemolsedijk,2020-07-07,22:00:00,4,3,1,FMN GV 18 Kasterlee
84,Oudemolsedijk,2020-07-07,23:00:00,1,1,0,FMN GV 18 Kasterlee
84,Oudemolsedijk,2020-07-08,00:00:00,2,1,1,FMN GV 18 Kasterlee
84,Oudemolsedijk,2020-07-08,01:00:00,0,0,0,FMN GV 18 Kasterlee
84,Oudemolsedijk,2020-07-08,02:00:00,0,0,0,FMN GV 18 Kasterlee
84,Oudemolsedijk,2020-07-08,03:00:00,1,0,1,FMN GV 18 Kasterlee
84,Oudemolsedijk,2020-07-08,04:00:00,1,1,0,FMN GV 18 Kasterlee
84,Oudemolsedijk,2020-07-08,05:00:00,1,1,0,FMN GV 18 Kasterlee
84,Oudemolsedijk,2020-07-08,06:00:00,2,0,2,FMN GV 18 Kasterlee
84,Oudemolsedijk,2020-07-08,07:00:00,2,0,2,FMN GV 18 Kasterlee
84,Oudemolsedijk,2020-07-08,08:00:00,4,2,2,FMN GV 18 Kasterlee
84,Oudemolsedijk,2020-07-08,09:00:00,0,0,0,FMN GV 18 Kasterlee
84,Oudemolsedijk,2020-07-08,10:00:00,2,2,0,FMN GV 18 Kasterlee
84,Oudemolsedijk,2020-07-08,11:00:00,1,0,1,FMN GV 18 Kasterlee
84,Oudemolsedijk,2020-07-08,12:00:00,1,0,1,FMN GV 18 Kasterlee
84,Oudemolsedijk,2020-07-08,13:00:00,2,0,2,FMN GV 18 Kasterlee
84,Oudemolsedijk,2020-07-08,14:00:00,2,1,1,FMN GV 18 Kasterlee
84,Oudemolsedijk,2020-07-08,15:00:00,3,3,0,FMN GV 18 Kasterlee
84,Oudemolsedijk,2020-07-08,16:00:00,17,6,11,FMN GV 18 Kasterlee
84,Oudemolsedijk,2020-07-08,17:00:00,5,3,2,FMN GV 18 Kasterlee
84,Oudemolsedijk,2020-07-08,18:00:00,6,2,4,FMN GV 18 Kasterlee
84,Oudemolsedijk,2020-07-08,19:00:00,1,0,1,FMN GV 18 Kasterlee
84,Oudemolsedijk,2020-07-08,20:00:00,3,2,1,FMN GV 18 Kasterlee
84,Oudemolsedijk,2020-07-08,21:00:00,1,1,0,FMN GV 18 Kasterlee
84,Oudemolsedijk,2020-07-08,22:00:00,4,0,4,FMN GV 18 Kasterlee
84,Oudemolsedijk,2020-07-08,23:00:00,0,0,0,FMN GV 18 Kasterlee
84,Oudemolsedijk,2020-07-09,00:00:00,0,0,0,FMN GV 18 Kasterlee
84,Oudemolsedijk,2020-07-09,01:00:00,0,0,0,FMN GV 18 Kasterlee
84,Oudemolsedijk,2020-07-09,02:00:00,0,0,0,FMN GV 18 Kasterlee
84,Oudemolsedijk,2020-07-09,03:00:00,0,0,0,FMN GV 18 Kasterlee
84,Oudemolsedijk,2020-07-09,04:00:00,0,0,0,FMN GV 18 Kasterlee
84,Oudemolsedijk,2020-07-09,05:00:00,3,3,0,FMN GV 18 Kasterlee
84,Oudemolsedijk,2020-07-09,06:00:00,4,0,4,FMN GV 18 Kasterlee
84,Oudemolsedijk,2020-07-09,07:00:00,6,4,2,FMN GV 18 Kasterlee
84,Oudemolsedijk,2020-07-09,08:00:00,8,3,5,FMN GV 18 Kasterlee
84,Oudemolsedijk,2020-07-09,09:00:00,24,3,21,FMN GV 18 Kasterlee
84,Oudemolsedijk,2020-07-09,10:00:00,4,0,4,FMN GV 18 Kasterlee
84,Oudemolsedijk,2020-07-09,11:00:00,24,21,3,FMN GV 18 Kasterlee
84,Oudemolsedijk,2020-07-09,12:00:00,11,7,4,FMN GV 18 Kasterlee
84,Oudemolsedijk,2020-07-09,13:00:00,26,9,17,FMN GV 18 Kasterlee
84,Oudemolsedijk,2020-07-09,14:00:00,39,28,11,FMN GV 18 Kasterlee
84,Oudemolsedijk,2020-07-09,15:00:00,43,34,9,FMN GV 18 Kasterlee
84,Oudemolsedijk,2020-07-09,16:00:00,54,33,21,FMN GV 18 Kasterlee
84,Oudemolsedijk,2020-07-09,17:00:00,23,11,12,FMN GV 18 Kasterlee
84,Oudemolsedijk,2020-07-09,18:00:00,20,14,6,FMN GV 18 Kasterlee
84,Oudemolsedijk,2020-07-09,19:00:00,33,14,19,FMN GV 18 Kasterlee
84,Oudemolsedijk,2020-07-09,20:00:00,35,21,14,FMN GV 18 Kasterlee
84,Oudemolsedijk,2020-07-09,21:00:00,21,5,16,FMN GV 18 Kasterlee
84,Oudemolsedijk,2020-07-09,22:00:00,7,4,3,FMN GV 18 Kasterlee
84,Oudemolsedijk,2020-07-09,23:00:00,0,0,0,FMN GV 18 Kasterlee
84,Oudemolsedijk,2020-07-10,00:00:00,0,0,0,FMN GV 18 Kasterlee
84,Oudemolsedijk,2020-07-10,01:00:00,0,0,0,FMN GV 18 Kasterlee
84,Oudemolsedijk,2020-07-10,02:00:00,1,0,1,FMN GV 18 Kasterlee
84,Oudemolsedijk,2020-07-10,03:00:00,0,0,0,FMN GV 18 Kasterlee
84,Oudemolsedijk,2020-07-10,04:00:00,3,3,0,FMN GV 18 Kasterlee
84,Oudemolsedijk,2020-07-10,05:00:00,3,2,1,FMN GV 18 Kasterlee
84,Oudemolsedijk,2020-07-10,06:00:00,9,3,6,FMN GV 18 Kasterlee
84,Oudemolsedijk,2020-07-10,07:00:00,15,5,10,FMN GV 18 Kasterlee
84,Oudemolsedijk,2020-07-10,08:00:00,5,2,3,FMN GV 18 Kasterlee
84,Oudemolsedijk,2020-07-10,09:00:00,2,1,1,FMN GV 18 Kasterlee
84,Oudemolsedijk,2020-07-10,10:00:00,4,1,3,FMN GV 18 Kasterlee
84,Oudemolsedijk,2020-07-10,11:00:00,19,6,13,FMN GV 18 Kasterlee
84,Oudemolsedijk,2020-07-10,12:00:00,19,12,7,FMN GV 18 Kasterlee
84,Oudemolsedijk,2020-07-10,13:00:00,18,9,9,FMN GV 18 Kasterlee
84,Oudemolsedijk,2020-07-10,14:00:00,25,5,20,FMN GV 18 Kasterlee
84,Oudemolsedijk,2020-07-10,15:00:00,18,10,8,FMN GV 18 Kasterlee
84,Oudemolsedijk,2020-07-10,16:00:00,51,26,25,FMN GV 18 Kasterlee
84,Oudemolsedijk,2020-07-10,17:00:00,27,18,9,FMN GV 18 Kasterlee
84,Oudemolsedijk,2020-07-10,18:00:00,13,4,9,FMN GV 18 Kasterlee
84,Oudemolsedijk,2020-07-10,19:00:00,15,11,4,FMN GV 18 Kasterlee
84,Oudemolsedijk,2020-07-10,20:00:00,19,16,3,FMN GV 18 Kasterlee
84,Oudemolsedijk,2020-07-10,21:00:00,4,4,0,FMN GV 18 Kasterlee
84,Oudemolsedijk,2020-07-10,22:00:00,8,5,3,FMN GV 18 Kasterlee
84,Oudemolsedijk,2020-07-10,23:00:00,0,0,0,FMN GV 18 Kasterlee
84,Oudemolsedijk,2020-07-11,00:00:00,3,1,2,FMN GV 18 Kasterlee
84,Oudemolsedijk,2020-07-11,01:00:00,2,1,1,FMN GV 18 Kasterlee
84,Oudemolsedijk,2020-07-11,02:00:00,3,0,3,FMN GV 18 Kasterlee
84,Oudemolsedijk,2020-07-11,03:00:00,0,0,0,FMN GV 18 Kasterlee
84,Oudemolsedijk,2020-07-11,04:00:00,0,0,0,FMN GV 18 Kasterlee
84,Oudemolsedijk,2020-07-11,05:00:00,0,0,0,FMN GV 18 Kasterlee
84,Oudemolsedijk,2020-07-11,06:00:00,3,2,1,FMN GV 18 Kasterlee
84,Oudemolsedijk,2020-07-11,07:00:00,5,1,4,FMN GV 18 Kasterlee
84,Oudemolsedijk,2020-07-11,08:00:00,11,7,4,FMN GV 18 Kasterlee
84,Oudemolsedijk,2020-07-11,09:00:00,39,16,23,FMN GV 18 Kasterlee
84,Oudemolsedijk,2020-07-11,10:00:00,44,31,13,FMN GV 18 Kasterlee
84,Oudemolsedijk,2020-07-11,11:00:00,71,47,24,FMN GV 18 Kasterlee
84,Oudemolsedijk,2020-07-11,12:00:00,53,24,29,FMN GV 18 Kasterlee
84,Oudemolsedijk,2020-07-11,13:00:00,112,61,51,FMN GV 18 Kasterlee
84,Oudemolsedijk,2020-07-11,14:00:00,99,53,46,FMN GV 18 Kasterlee
84,Oudemolsedijk,2020-07-11,15:00:00,106,56,50,FMN GV 18 Kasterlee
84,Oudemolsedijk,2020-07-11,16:00:00,72,33,39,FMN GV 18 Kasterlee
84,Oudemolsedijk,2020-07-11,17:00:00,40,33,7,FMN GV 18 Kasterlee
84,Oudemolsedijk,2020-07-11,18:00:00,36,17,19,FMN GV 18 Kasterlee
84,Oudemolsedijk,2020-07-11,19:00:00,10,7,3,FMN GV 18 Kasterlee
84,Oudemolsedijk,2020-07-11,20:00:00,15,5,10,FMN GV 18 Kasterlee
84,Oudemolsedijk,2020-07-11,21:00:00,5,3,2,FMN GV 18 Kasterlee
84,Oudemolsedijk,2020-07-11,22:00:00,3,3,0,FMN GV 18 Kasterlee
84,Oudemolsedijk,2020-07-11,23:00:00,2,2,0,FMN GV 18 Kasterlee
84,Oudemolsedijk,2020-07-12,00:00:00,1,1,0,FMN GV 18 Kasterlee
84,Oudemolsedijk,2020-07-12,01:00:00,3,0,3,FMN GV 18 Kasterlee
84,Oudemolsedijk,2020-07-12,02:00:00,0,0,0,FMN GV 18 Kasterlee
84,Oudemolsedijk,2020-07-12,03:00:00,1,0,1,FMN GV 18 Kasterlee
84,Oudemolsedijk,2020-07-12,04:00:00,0,0,0,FMN GV 18 Kasterlee
84,Oudemolsedijk,2020-07-12,05:00:00,0,0,0,FMN GV 18 Kasterlee
84,Oudemolsedijk,2020-07-12,06:00:00,0,0,0,FMN GV 18 Kasterlee
84,Oudemolsedijk,2020-07-12,07:00:00,10,1,9,FMN GV 18 Kasterlee
84,Oudemolsedijk,2020-07-12,08:00:00,22,11,11,FMN GV 18 Kasterlee
84,Oudemolsedijk,2020-07-12,09:00:00,128,55,73,FMN GV 18 Kasterlee
84,Oudemolsedijk,2020-07-12,10:00:00,130,81,49,FMN GV 18 Kasterlee
84,Oudemolsedijk,2020-07-12,11:00:00,117,76,41,FMN GV 18 Kasterlee
84,Oudemolsedijk,2020-07-12,12:00:00,87,44,43,FMN GV 18 Kasterlee
84,Oudemolsedijk,2020-07-12,13:00:00,202,98,104,FMN GV 18 Kasterlee
84,Oudemolsedijk,2020-07-12,14:00:00,243,126,117,FMN GV 18 Kasterlee
84,Oudemolsedijk,2020-07-12,15:00:00,147,70,77,FMN GV 18 Kasterlee
84,Oudemolsedijk,2020-07-12,16:00:00,186,73,113,FMN GV 18 Kasterlee
84,Oudemolsedijk,2020-07-12,17:00:00,121,60,61,FMN GV 18 Kasterlee
84,Oudemolsedijk,2020-07-12,18:00:00,65,35,30,FMN GV 18 Kasterlee
84,Oudemolsedijk,2020-07-12,19:00:00,26,18,8,FMN GV 18 Kasterlee
84,Oudemolsedijk,2020-07-12,20:00:00,34,17,17,FMN GV 18 Kasterlee
84,Oudemolsedijk,2020-07-12,21:00:00,6,2,4,FMN GV 18 Kasterlee
84,Oudemolsedijk,2020-07-12,22:00:00,2,2,0,FMN GV 18 Kasterlee
84,Oudemolsedijk,2020-07-12,23:00:00,1,0,1,FMN GV 18 Kasterlee
84,Oudemolsedijk,2020-07-13,00:00:00,1,0,1,FMN GV 18 Kasterlee
84,Oudemolsedijk,2020-07-13,01:00:00,1,1,0,FMN GV 18 Kasterlee
84,Oudemolsedijk,2020-07-13,02:00:00,0,0,0,FMN GV 18 Kasterlee
84,Oudemolsedijk,2020-07-13,03:00:00,1,0,1,FMN GV 18 Kasterlee
84,Oudemolsedijk,2020-07-13,04:00:00,1,0,1,FMN GV 18 Kasterlee
84,Oudemolsedijk,2020-07-13,05:00:00,4,4,0,FMN GV 18 Kasterlee
84,Oudemolsedijk,2020-07-13,06:00:00,6,2,4,FMN GV 18 Kasterlee
84,Oudemolsedijk,2020-07-13,07:00:00,10,3,7,FMN GV 18 Kasterlee
84,Oudemolsedijk,2020-07-13,08:00:00,10,3,7,FMN GV 18 Kasterlee
84,Oudemolsedijk,2020-07-13,09:00:00,22,7,15,FMN GV 18 Kasterlee
84,Oudemolsedijk,2020-07-13,10:00:00,54,39,15,FMN GV 18 Kasterlee
84,Oudemolsedijk,2020-07-13,11:00:00,48,26,22,FMN GV 18 Kasterlee
84,Oudemolsedijk,2020-07-13,12:00:00,49,23,26,FMN GV 18 Kasterlee
84,Oudemolsedijk,2020-07-13,13:00:00,104,51,53,FMN GV 18 Kasterlee
84,Oudemolsedijk,2020-07-13,14:00:00,161,92,69,FMN GV 18 Kasterlee
84,Oudemolsedijk,2020-07-13,15:00:00,175,102,73,FMN GV 18 Kasterlee
84,Oudemolsedijk,2020-07-13,16:00:00,100,48,52,FMN GV 18 Kasterlee
84,Oudemolsedijk,2020-07-13,17:00:00,94,39,55,FMN GV 18 Kasterlee
84,Oudemolsedijk,2020-07-13,18:00:00,48,33,15,FMN GV 18 Kasterlee
84,Oudemolsedijk,2020-07-13,19:00:00,54,29,25,FMN GV 18 Kasterlee
84,Oudemolsedijk,2020-07-13,20:00:00,47,33,14,FMN GV 18 Kasterlee
84,Oudemolsedijk,2020-07-13,21:00:00,8,2,6,FMN GV 18 Kasterlee
84,Oudemolsedijk,2020-07-13,22:00:00,9,0,9,FMN GV 18 Kasterlee
84,Oudemolsedijk,2020-07-13,23:00:00,2,0,2,FMN GV 18 Kasterlee
84,Oudemolsedijk,2020-07-14,00:00:00,1,0,1,FMN GV 18 Kasterlee
84,Oudemolsedijk,2020-07-14,01:00:00,1,0,1,FMN GV 18 Kasterlee
84,Oudemolsedijk,2020-07-14,02:00:00,0,0,0,FMN GV 18 Kasterlee
84,Oudemolsedijk,2020-07-14,03:00:00,0,0,0,FMN GV 18 Kasterlee
84,Oudemolsedijk,2020-07-14,04:00:00,0,0,0,FMN GV 18 Kasterlee
84,Oudemolsedijk,2020-07-14,05:00:00,6,6,0,FMN GV 18 Kasterlee
84,Oudemolsedijk,2020-07-14,06:00:00,7,1,6,FMN GV 18 Kasterlee
84,Oudemolsedijk,2020-07-14,07:00:00,14,7,7,FMN GV 18 Kasterlee
84,Oudemolsedijk,2020-07-14,08:00:00,16,3,13,FMN GV 18 Kasterlee
84,Oudemolsedijk,2020-07-14,09:00:00,18,6,12,FMN GV 18 Kasterlee
84,Oudemolsedijk,2020-07-14,10:00:00,9,4,5,FMN GV 18 Kasterlee
84,Oudemolsedijk,2020-07-14,11:00:00,15,7,8,FMN GV 18 Kasterlee
84,Oudemolsedijk,2020-07-14,12:00:00,8,7,1,FMN GV 18 Kasterlee
84,Oudemolsedijk,2020-07-14,13:00:00,13,6,7,FMN GV 18 Kasterlee
84,Oudemolsedijk,2020-07-14,14:00:00,24,19,5,FMN GV 18 Kasterlee
84,Oudemolsedijk,2020-07-14,15:00:00,13,11,2,FMN GV 18 Kasterlee
84,Oudemolsedijk,2020-07-14,16:00:00,15,12,3,FMN GV 18 Kasterlee
84,Oudemolsedijk,2020-07-14,17:00:00,18,5,13,FMN GV 18 Kasterlee
84,Oudemolsedijk,2020-07-14,18:00:00,7,5,2,FMN GV 18 Kasterlee
84,Oudemolsedijk,2020-07-14,19:00:00,4,1,3,FMN GV 18 Kasterlee
84,Oudemolsedijk,2020-07-14,20:00:00,4,3,1,FMN GV 18 Kasterlee
84,Oudemolsedijk,2020-07-14,21:00:00,2,1,1,FMN GV 18 Kasterlee
84,Oudemolsedijk,2020-07-14,22:00:00,2,1,1,FMN GV 18 Kasterlee
84,Oudemolsedijk,2020-07-14,23:00:00,1,1,0,FMN GV 18 Kasterlee
84,Oudemolsedijk,2020-07-15,00:00:00,0,0,0,FMN GV 18 Kasterlee
84,Oudemolsedijk,2020-07-15,01:00:00,0,0,0,FMN GV 18 Kasterlee
84,Oudemolsedijk,2020-07-15,02:00:00,0,0,0,FMN GV 18 Kasterlee
84,Oudemolsedijk,2020-07-15,03:00:00,0,0,0,FMN GV 18 Kasterlee
84,Oudemolsedijk,2020-07-15,04:00:00,0,0,0,FMN GV 18 Kasterlee
84,Oudemolsedijk,2020-07-15,05:00:00,4,4,0,FMN GV 18 Kasterlee
84,Oudemolsedijk,2020-07-15,06:00:00,6,2,4,FMN GV 18 Kasterlee
84,Oudemolsedijk,2020-07-15,07:00:00,8,7,1,FMN GV 18 Kasterlee
84,Oudemolsedijk,2020-07-15,08:00:00,17,7,10,FMN GV 18 Kasterlee
84,Oudemolsedijk,2020-07-15,09:00:00,17,4,13,FMN GV 18 Kasterlee
84,Oudemolsedijk,2020-07-15,10:00:00,43,18,25,FMN GV 18 Kasterlee
84,Oudemolsedijk,2020-07-15,11:00:00,37,19,18,FMN GV 18 Kasterlee
84,Oudemolsedijk,2020-07-15,12:00:00,38,15,23,FMN GV 18 Kasterlee
84,Oudemolsedijk,2020-07-15,13:00:00,48,23,25,FMN GV 18 Kasterlee
84,Oudemolsedijk,2020-07-15,14:00:00,84,44,40,FMN GV 18 Kasterlee
84,Oudemolsedijk,2020-07-15,15:00:00,96,41,55,FMN GV 18 Kasterlee
84,Oudemolsedijk,2020-07-15,16:00:00,82,58,24,FMN GV 18 Kasterlee
84,Oudemolsedijk,2020-07-15,17:00:00,37,18,19,FMN GV 18 Kasterlee
84,Oudemolsedijk,2020-07-15,18:00:00,25,16,9,FMN GV 18 Kasterlee
84,Oudemolsedijk,2020-07-15,19:00:00,35,17,18,FMN GV 18 Kasterlee
84,Oudemolsedijk,2020-07-15,20:00:00,50,27,23,FMN GV 18 Kasterlee
84,Oudemolsedijk,2020-07-15,21:00:00,5,5,0,FMN GV 18 Kasterlee
84,Oudemolsedijk,2020-07-15,22:00:00,6,1,5,FMN GV 18 Kasterlee
84,Oudemolsedijk,2020-07-15,23:00:00,0,0,0,FMN GV 18 Kasterlee
84,Oudemolsedijk,2020-07-16,00:00:00,1,0,1,FMN GV 18 Kasterlee
84,Oudemolsedijk,2020-07-16,01:00:00,0,0,0,FMN GV 18 Kasterlee
84,Oudemolsedijk,2020-07-16,02:00:00,0,0,0,FMN GV 18 Kasterlee
84,Oudemolsedijk,2020-07-16,03:00:00,0,0,0,FMN GV 18 Kasterlee
84,Oudemolsedijk,2020-07-16,04:00:00,0,0,0,FMN GV 18 Kasterlee
84,Oudemolsedijk,2020-07-16,05:00:00,3,2,1,FMN GV 18 Kasterlee
84,Oudemolsedijk,2020-07-16,06:00:00,6,2,4,FMN GV 18 Kasterlee
84,Oudemolsedijk,2020-07-16,07:00:00,6,4,2,FMN GV 18 Kasterlee
84,Oudemolsedijk,2020-07-16,08:00:00,5,4,1,FMN GV 18 Kasterlee
84,Oudemolsedijk,2020-07-16,09:00:00,10,5,5,FMN GV 18 Kasterlee
84,Oudemolsedijk,2020-07-16,10:00:00,2,1,1,FMN GV 18 Kasterlee
84,Oudemolsedijk,2020-07-16,11:00:00,2,0,2,FMN GV 18 Kasterlee
84,Oudemolsedijk,2020-07-16,12:00:00,10,1,9,FMN GV 18 Kasterlee
84,Oudemolsedijk,2020-07-16,13:00:00,13,12,1,FMN GV 18 Kasterlee
84,Oudemolsedijk,2020-07-16,14:00:00,14,2,12,FMN GV 18 Kasterlee
84,Oudemolsedijk,2020-07-16,15:00:00,17,13,4,FMN GV 18 Kasterlee
84,Oudemolsedijk,2020-07-16,16:00:00,32,18,14,FMN GV 18 Kasterlee
84,Oudemolsedijk,2020-07-16,17:00:00,12,9,3,FMN GV 18 Kasterlee
84,Oudemolsedijk,2020-07-16,18:00:00,18,13,5,FMN GV 18 Kasterlee
84,Oudemolsedijk,2020-07-16,19:00:00,16,12,4,FMN GV 18 Kasterlee
84,Oudemolsedijk,2020-07-16,20:00:00,28,19,9,FMN GV 18 Kasterlee
84,Oudemolsedijk,2020-07-16,21:00:00,3,2,1,FMN GV 18 Kasterlee
84,Oudemolsedijk,2020-07-16,22:00:00,4,3,1,FMN GV 18 Kasterlee
84,Oudemolsedijk,2020-07-16,23:00:00,1,0,1,FMN GV 18 Kasterlee
84,Oudemolsedijk,2020-07-17,00:00:00,2,1,1,FMN GV 18 Kasterlee
84,Oudemolsedijk,2020-07-17,01:00:00,0,0,0,FMN GV 18 Kasterlee
84,Oudemolsedijk,2020-07-17,02:00:00,1,0,1,FMN GV 18 Kasterlee
84,Oudemolsedijk,2020-07-17,03:00:00,0,0,0,FMN GV 18 Kasterlee
84,Oudemolsedijk,2020-07-17,04:00:00,0,0,0,FMN GV 18 Kasterlee
84,Oudemolsedijk,2020-07-17,05:00:00,4,4,0,FMN GV 18 Kasterlee
84,Oudemolsedijk,2020-07-17,06:00:00,7,3,4,FMN GV 18 Kasterlee
84,Oudemolsedijk,2020-07-17,07:00:00,18,8,10,FMN GV 18 Kasterlee
84,Oudemolsedijk,2020-07-17,08:00:00,18,10,8,FMN GV 18 Kasterlee
84,Oudemolsedijk,2020-07-17,09:00:00,24,12,12,FMN GV 18 Kasterlee
84,Oudemolsedijk,2020-07-17,10:00:00,33,16,17,FMN GV 18 Kasterlee
84,Oudemolsedijk,2020-07-17,11:00:00,49,29,20,FMN GV 18 Kasterlee
84,Oudemolsedijk,2020-07-17,12:00:00,43,15,28,FMN GV 18 Kasterlee
84,Oudemolsedijk,2020-07-17,13:00:00,81,42,39,FMN GV 18 Kasterlee
84,Oudemolsedijk,2020-07-17,14:00:00,84,29,55,FMN GV 18 Kasterlee
84,Oudemolsedijk,2020-07-17,15:00:00,101,67,34,FMN GV 18 Kasterlee
84,Oudemolsedijk,2020-07-17,16:00:00,91,62,29,FMN GV 18 Kasterlee
84,Oudemolsedijk,2020-07-17,17:00:00,44,17,27,FMN GV 18 Kasterlee
84,Oudemolsedijk,2020-07-17,18:00:00,32,19,13,FMN GV 18 Kasterlee
84,Oudemolsedijk,2020-07-17,19:00:00,29,14,15,FMN GV 18 Kasterlee
84,Oudemolsedijk,2020-07-17,20:00:00,20,10,10,FMN GV 18 Kasterlee
84,Oudemolsedijk,2020-07-17,21:00:00,10,7,3,FMN GV 18 Kasterlee
84,Oudemolsedijk,2020-07-17,22:00:00,5,2,3,FMN GV 18 Kasterlee
84,Oudemolsedijk,2020-07-17,23:00:00,6,3,3,FMN GV 18 Kasterlee
84,Oudemolsedijk,2020-07-18,00:00:00,2,0,2,FMN GV 18 Kasterlee
84,Oudemolsedijk,2020-07-18,01:00:00,3,0,3,FMN GV 18 Kasterlee
84,Oudemolsedijk,2020-07-18,02:00:00,1,0,1,FMN GV 18 Kasterlee
84,Oudemolsedijk,2020-07-18,03:00:00,0,0,0,FMN GV 18 Kasterlee
84,Oudemolsedijk,2020-07-18,04:00:00,0,0,0,FMN GV 18 Kasterlee
84,Oudemolsedijk,2020-07-18,05:00:00,1,0,1,FMN GV 18 Kasterlee
84,Oudemolsedijk,2020-07-18,06:00:00,0,0,0,FMN GV 18 Kasterlee
84,Oudemolsedijk,2020-07-18,07:00:00,5,3,2,FMN GV 18 Kasterlee
84,Oudemolsedijk,2020-07-18,08:00:00,13,4,9,FMN GV 18 Kasterlee
84,Oudemolsedijk,2020-07-18,09:00:00,26,1,25,FMN GV 18 Kasterlee
84,Oudemolsedijk,2020-07-18,10:00:00,59,26,33,FMN GV 18 Kasterlee
84,Oudemolsedijk,2020-07-18,11:00:00,89,71,18,FMN GV 18 Kasterlee
84,Oudemolsedijk,2020-07-18,12:00:00,46,24,22,FMN GV 18 Kasterlee
84,Oudemolsedijk,2020-07-18,13:00:00,154,93,61,FMN GV 18 Kasterlee
84,Oudemolsedijk,2020-07-18,14:00:00,211,127,84,FMN GV 18 Kasterlee
84,Oudemolsedijk,2020-07-18,15:00:00,169,95,74,FMN GV 18 Kasterlee
84,Oudemolsedijk,2020-07-18,16:00:00,154,80,74,FMN GV 18 Kasterlee
84,Oudemolsedijk,2020-07-18,17:00:00,86,69,17,FMN GV 18 Kasterlee
84,Oudemolsedijk,2020-07-18,18:00:00,72,34,38,FMN GV 18 Kasterlee
84,Oudemolsedijk,2020-07-18,19:00:00,33,19,14,FMN GV 18 Kasterlee
84,Oudemolsedijk,2020-07-18,20:00:00,25,10,15,FMN GV 18 Kasterlee
84,Oudemolsedijk,2020-07-18,21:00:00,25,9,16,FMN GV 18 Kasterlee
84,Oudemolsedijk,2020-07-18,22:00:00,3,1,2,FMN GV 18 Kasterlee
84,Oudemolsedijk,2020-07-18,23:00:00,2,0,2,FMN GV 18 Kasterlee
84,Oudemolsedijk,2020-07-19,00:00:00,0,0,0,FMN GV 18 Kasterlee
84,Oudemolsedijk,2020-07-19,01:00:00,1,1,0,FMN GV 18 Kasterlee
84,Oudemolsedijk,2020-07-19,02:00:00,0,0,0,FMN GV 18 Kasterlee
84,Oudemolsedijk,2020-07-19,03:00:00,0,0,0,FMN GV 18 Kasterlee
84,Oudemolsedijk,2020-07-19,04:00:00,0,0,0,FMN GV 18 Kasterlee
84,Oudemolsedijk,2020-07-19,05:00:00,0,0,0,FMN GV 18 Kasterlee
84,Oudemolsedijk,2020-07-19,06:00:00,0,0,0,FMN GV 18 Kasterlee
84,Oudemolsedijk,2020-07-19,07:00:00,10,3,7,FMN GV 18 Kasterlee
84,Oudemolsedijk,2020-07-19,08:00:00,53,25,28,FMN GV 18 Kasterlee
84,Oudemolsedijk,2020-07-19,09:00:00,122,72,50,FMN GV 18 Kasterlee
84,Oudemolsedijk,2020-07-19,10:00:00,229,129,100,FMN GV 18 Kasterlee
84,Oudemolsedijk,2020-07-19,11:00:00,187,101,86,FMN GV 18 Kasterlee
84,Oudemolsedijk,2020-07-19,12:00:00,84,50,34,FMN GV 18 Kasterlee
84,Oudemolsedijk,2020-07-19,13:00:00,131,66,65,FMN GV 18 Kasterlee
84,Oudemolsedijk,2020-07-19,14:00:00,262,120,142,FMN GV 18 Kasterlee
84,Oudemolsedijk,2020-07-19,15:00:00,253,155,98,FMN GV 18 Kasterlee
84,Oudemolsedijk,2020-07-19,16:00:00,175,79,96,FMN GV 18 Kasterlee
84,Oudemolsedijk,2020-07-19,17:00:00,122,69,53,FMN GV 18 Kasterlee
84,Oudemolsedijk,2020-07-19,18:00:00,58,28,30,FMN GV 18 Kasterlee
84,Oudemolsedijk,2020-07-19,19:00:00,32,20,12,FMN GV 18 Kasterlee
84,Oudemolsedijk,2020-07-19,20:00:00,21,13,8,FMN GV 18 Kasterlee
84,Oudemolsedijk,2020-07-19,21:00:00,9,7,2,FMN GV 18 Kasterlee
84,Oudemolsedijk,2020-07-19,22:00:00,3,1,2,FMN GV 18 Kasterlee
84,Oudemolsedijk,2020-07-19,23:00:00,0,0,0,FMN GV 18 Kasterlee
84,Oudemolsedijk,2020-07-20,00:00:00,1,1,0,FMN GV 18 Kasterlee
84,Oudemolsedijk,2020-07-20,01:00:00,0,0,0,FMN GV 18 Kasterlee
84,Oudemolsedijk,2020-07-20,02:00:00,0,0,0,FMN GV 18 Kasterlee
84,Oudemolsedijk,2020-07-20,03:00:00,1,0,1,FMN GV 18 Kasterlee
84,Oudemolsedijk,2020-07-20,04:00:00,1,1,0,FMN GV 18 Kasterlee
84,Oudemolsedijk,2020-07-20,05:00:00,2,2,0,FMN GV 18 Kasterlee
84,Oudemolsedijk,2020-07-20,06:00:00,3,1,2,FMN GV 18 Kasterlee
84,Oudemolsedijk,2020-07-20,07:00:00,6,2,4,FMN GV 18 Kasterlee
84,Oudemolsedijk,2020-07-20,08:00:00,9,6,3,FMN GV 18 Kasterlee
84,Oudemolsedijk,2020-07-20,09:00:00,31,9,22,FMN GV 18 Kasterlee
84,Oudemolsedijk,2020-07-20,10:00:00,49,27,22,FMN GV 18 Kasterlee
84,Oudemolsedijk,2020-07-20,11:00:00,44,19,25,FMN GV 18 Kasterlee
84,Oudemolsedijk,2020-07-20,12:00:00,40,28,12,FMN GV 18 Kasterlee
84,Oudemolsedijk,2020-07-20,13:00:00,123,71,52,FMN GV 18 Kasterlee
84,Oudemolsedijk,2020-07-20,14:00:00,113,69,44,FMN GV 18 Kasterlee
84,Oudemolsedijk,2020-07-20,15:00:00,115,68,47,FMN GV 18 Kasterlee
84,Oudemolsedijk,2020-07-20,16:00:00,84,37,47,FMN GV 18 Kasterlee
84,Oudemolsedijk,2020-07-20,17:00:00,83,53,30,FMN GV 18 Kasterlee
84,Oudemolsedijk,2020-07-20,18:00:00,28,15,13,FMN GV 18 Kasterlee
84,Oudemolsedijk,2020-07-20,19:00:00,34,18,16,FMN GV 18 Kasterlee
84,Oudemolsedijk,2020-07-20,20:00:00,16,6,10,FMN GV 18 Kasterlee
84,Oudemolsedijk,2020-07-20,21:00:00,8,6,2,FMN GV 18 Kasterlee
84,Oudemolsedijk,2020-07-20,22:00:00,1,0,1,FMN GV 18 Kasterlee
84,Oudemolsedijk,2020-07-20,23:00:00,1,1,0,FMN GV 18 Kasterlee
84,Oudemolsedijk,2020-07-21,00:00:00,2,0,2,FMN GV 18 Kasterlee
84,Oudemolsedijk,2020-07-21,01:00:00,0,0,0,FMN GV 18 Kasterlee
84,Oudemolsedijk,2020-07-21,02:00:00,0,0,0,FMN GV 18 Kasterlee
84,Oudemolsedijk,2020-07-21,03:00:00,0,0,0,FMN GV 18 Kasterlee
84,Oudemolsedijk,2020-07-21,04:00:00,0,0,0,FMN GV 18 Kasterlee
84,Oudemolsedijk,2020-07-21,05:00:00,0,0,0,FMN GV 18 Kasterlee
84,Oudemolsedijk,2020-07-21,06:00:00,0,0,0,FMN GV 18 Kasterlee
84,Oudemolsedijk,2020-07-21,07:00:00,12,5,7,FMN GV 18 Kasterlee
84,Oudemolsedijk,2020-07-21,08:00:00,21,4,17,FMN GV 18 Kasterlee
84,Oudemolsedijk,2020-07-21,09:00:00,35,17,18,FMN GV 18 Kasterlee
84,Oudemolsedijk,2020-07-21,10:00:00,121,40,81,FMN GV 18 Kasterlee
84,Oudemolsedijk,2020-07-21,11:00:00,140,93,47,FMN GV 18 Kasterlee
84,Oudemolsedijk,2020-07-21,12:00:00,80,59,21,FMN GV 18 Kasterlee
84,Oudemolsedijk,2020-07-21,13:00:00,111,72,39,FMN GV 18 Kasterlee
84,Oudemolsedijk,2020-07-21,14:00:00,224,124,100,FMN GV 18 Kasterlee
84,Oudemolsedijk,2020-07-21,15:00:00,202,117,85,FMN GV 18 Kasterlee
84,Oudemolsedijk,2020-07-21,16:00:00,140,81,59,FMN GV 18 Kasterlee
84,Oudemolsedijk,2020-07-21,17:00:00,97,54,43,FMN GV 18 Kasterlee
84,Oudemolsedijk,2020-07-21,18:00:00,54,27,27,FMN GV 18 Kasterlee
84,Oudemolsedijk,2020-07-21,19:00:00,45,22,23,FMN GV 18 Kasterlee
84,Oudemolsedijk,2020-07-21,20:00:00,42,17,25,FMN GV 18 Kasterlee
84,Oudemolsedijk,2020-07-21,21:00:00,9,4,5,FMN GV 18 Kasterlee
84,Oudemolsedijk,2020-07-21,22:00:00,8,2,6,FMN GV 18 Kasterlee
84,Oudemolsedijk,2020-07-21,23:00:00,2,2,0,FMN GV 18 Kasterlee
84,Oudemolsedijk,2020-07-22,00:00:00,0,0,0,FMN GV 18 Kasterlee
84,Oudemolsedijk,2020-07-22,01:00:00,0,0,0,FMN GV 18 Kasterlee
84,Oudemolsedijk,2020-07-22,02:00:00,0,0,0,FMN GV 18 Kasterlee
84,Oudemolsedijk,2020-07-22,03:00:00,0,0,0,FMN GV 18 Kasterlee
84,Oudemolsedijk,2020-07-22,04:00:00,0,0,0,FMN GV 18 Kasterlee
84,Oudemolsedijk,2020-07-22,05:00:00,5,4,1,FMN GV 18 Kasterlee
84,Oudemolsedijk,2020-07-22,06:00:00,14,2,12,FMN GV 18 Kasterlee
84,Oudemolsedijk,2020-07-22,07:00:00,12,9,3,FMN GV 18 Kasterlee
84,Oudemolsedijk,2020-07-22,08:00:00,16,12,4,FMN GV 18 Kasterlee
84,Oudemolsedijk,2020-07-22,09:00:00,30,12,18,FMN GV 18 Kasterlee
84,Oudemolsedijk,2020-07-22,10:00:00,38,17,21,FMN GV 18 Kasterlee
84,Oudemolsedijk,2020-07-22,11:00:00,38,18,20,FMN GV 18 Kasterlee
84,Oudemolsedijk,2020-07-22,12:00:00,35,15,20,FMN GV 18 Kasterlee
84,Oudemolsedijk,2020-07-22,13:00:00,72,51,21,FMN GV 18 Kasterlee
84,Oudemolsedijk,2020-07-22,14:00:00,103,50,53,FMN GV 18 Kasterlee
84,Oudemolsedijk,2020-07-22,15:00:00,110,66,44,FMN GV 18 Kasterlee
84,Oudemolsedijk,2020-07-22,16:00:00,96,48,48,FMN GV 18 Kasterlee
84,Oudemolsedijk,2020-07-22,17:00:00,52,30,22,FMN GV 18 Kasterlee
84,Oudemolsedijk,2020-07-22,18:00:00,28,15,13,FMN GV 18 Kasterlee
84,Oudemolsedijk,2020-07-22,19:00:00,57,37,20,FMN GV 18 Kasterlee
84,Oudemolsedijk,2020-07-22,20:00:00,63,52,11,FMN GV 18 Kasterlee
84,Oudemolsedijk,2020-07-22,21:00:00,31,18,13,FMN GV 18 Kasterlee
84,Oudemolsedijk,2020-07-22,22:00:00,6,5,1,FMN GV 18 Kasterlee
84,Oudemolsedijk,2020-07-22,23:00:00,2,2,0,FMN GV 18 Kasterlee
84,Oudemolsedijk,2020-07-23,00:00:00,1,0,1,FMN GV 18 Kasterlee
84,Oudemolsedijk,2020-07-23,01:00:00,2,0,2,FMN GV 18 Kasterlee
84,Oudemolsedijk,2020-07-23,02:00:00,0,0,0,FMN GV 18 Kasterlee
84,Oudemolsedijk,2020-07-23,03:00:00,0,0,0,FMN GV 18 Kasterlee
84,Oudemolsedijk,2020-07-23,04:00:00,0,0,0,FMN GV 18 Kasterlee
84,Oudemolsedijk,2020-07-23,05:00:00,3,3,0,FMN GV 18 Kasterlee
84,Oudemolsedijk,2020-07-23,06:00:00,10,2,8,FMN GV 18 Kasterlee
84,Oudemolsedijk,2020-07-23,07:00:00,16,9,7,FMN GV 18 Kasterlee
84,Oudemolsedijk,2020-07-23,08:00:00,17,10,7,FMN GV 18 Kasterlee
84,Oudemolsedijk,2020-07-23,09:00:00,47,10,37,FMN GV 18 Kasterlee
84,Oudemolsedijk,2020-07-23,10:00:00,64,37,27,FMN GV 18 Kasterlee
84,Oudemolsedijk,2020-07-23,11:00:00,50,23,27,FMN GV 18 Kasterlee
84,Oudemolsedijk,2020-07-23,12:00:00,71,36,35,FMN GV 18 Kasterlee
84,Oudemolsedijk,2020-07-23,13:00:00,102,52,50,FMN GV 18 Kasterlee
84,Oudemolsedijk,2020-07-23,14:00:00,150,83,67,FMN GV 18 Kasterlee
84,Oudemolsedijk,2020-07-23,15:00:00,138,83,55,FMN GV 18 Kasterlee
84,Oudemolsedijk,2020-07-23,16:00:00,142,81,61,FMN GV 18 Kasterlee
84,Oudemolsedijk,2020-07-23,17:00:00,82,51,31,FMN GV 18 Kasterlee
84,Oudemolsedijk,2020-07-23,18:00:00,46,31,15,FMN GV 18 Kasterlee
84,Oudemolsedijk,2020-07-23,19:00:00,49,24,25,FMN GV 18 Kasterlee
84,Oudemolsedijk,2020-07-23,20:00:00,25,17,8,FMN GV 18 Kasterlee
84,Oudemolsedijk,2020-07-23,21:00:00,22,8,14,FMN GV 18 Kasterlee
84,Oudemolsedijk,2020-07-23,22:00:00,1,0,1,FMN GV 18 Kasterlee
84,Oudemolsedijk,2020-07-23,23:00:00,2,2,0,FMN GV 18 Kasterlee
84,Oudemolsedijk,2020-07-24,00:00:00,0,0,0,FMN GV 18 Kasterlee
84,Oudemolsedijk,2020-07-24,01:00:00,0,0,0,FMN GV 18 Kasterlee
84,Oudemolsedijk,2020-07-24,02:00:00,1,0,1,FMN GV 18 Kasterlee
84,Oudemolsedijk,2020-07-24,03:00:00,0,0,0,FMN GV 18 Kasterlee
84,Oudemolsedijk,2020-07-24,04:00:00,1,1,0,FMN GV 18 Kasterlee
84,Oudemolsedijk,2020-07-24,05:00:00,2,2,0,FMN GV 18 Kasterlee
84,Oudemolsedijk,2020-07-24,06:00:00,5,3,2,FMN GV 18 Kasterlee
84,Oudemolsedijk,2020-07-24,07:00:00,4,2,2,FMN GV 18 Kasterlee
84,Oudemolsedijk,2020-07-24,08:00:00,3,1,2,FMN GV 18 Kasterlee
84,Oudemolsedijk,2020-07-24,09:00:00,13,7,6,FMN GV 18 Kasterlee
84,Oudemolsedijk,2020-07-24,10:00:00,22,10,12,FMN GV 18 Kasterlee
84,Oudemolsedijk,2020-07-24,11:00:00,33,16,17,FMN GV 18 Kasterlee
84,Oudemolsedijk,2020-07-24,12:00:00,24,16,8,FMN GV 18 Kasterlee
84,Oudemolsedijk,2020-07-24,13:00:00,25,11,14,FMN GV 18 Kasterlee
84,Oudemolsedijk,2020-07-24,14:00:00,47,21,26,FMN GV 18 Kasterlee
84,Oudemolsedijk,2020-07-24,15:00:00,54,35,19,FMN GV 18 Kasterlee
84,Oudemolsedijk,2020-07-24,16:00:00,30,14,16,FMN GV 18 Kasterlee
84,Oudemolsedijk,2020-07-24,17:00:00,16,10,6,FMN GV 18 Kasterlee
84,Oudemolsedijk,2020-07-24,18:00:00,10,7,3,FMN GV 18 Kasterlee
84,Oudemolsedijk,2020-07-24,19:00:00,8,6,2,FMN GV 18 Kasterlee
84,Oudemolsedijk,2020-07-24,20:00:00,5,2,3,FMN GV 18 Kasterlee
84,Oudemolsedijk,2020-07-24,21:00:00,2,2,0,FMN GV 18 Kasterlee
84,Oudemolsedijk,2020-07-24,22:00:00,2,1,1,FMN GV 18 Kasterlee
84,Oudemolsedijk,2020-07-24,23:00:00,2,0,2,FMN GV 18 Kasterlee
84,Oudemolsedijk,2020-07-25,00:00:00,2,0,2,FMN GV 18 Kasterlee
84,Oudemolsedijk,2020-07-25,01:00:00,2,0,2,FMN GV 18 Kasterlee
84,Oudemolsedijk,2020-07-25,02:00:00,0,0,0,FMN GV 18 Kasterlee
84,Oudemolsedijk,2020-07-25,03:00:00,0,0,0,FMN GV 18 Kasterlee
84,Oudemolsedijk,2020-07-25,04:00:00,0,0,0,FMN GV 18 Kasterlee
84,Oudemolsedijk,2020-07-25,05:00:00,1,1,0,FMN GV 18 Kasterlee
84,Oudemolsedijk,2020-07-25,06:00:00,0,0,0,FMN GV 18 Kasterlee
84,Oudemolsedijk,2020-07-25,07:00:00,2,1,1,FMN GV 18 Kasterlee
84,Oudemolsedijk,2020-07-25,08:00:00,7,1,6,FMN GV 18 Kasterlee
84,Oudemolsedijk,2020-07-25,09:00:00,15,7,8,FMN GV 18 Kasterlee
84,Oudemolsedijk,2020-07-25,10:00:00,38,15,23,FMN GV 18 Kasterlee
84,Oudemolsedijk,2020-07-25,11:00:00,72,34,38,FMN GV 18 Kasterlee
84,Oudemolsedijk,2020-07-25,12:00:00,20,11,9,FMN GV 18 Kasterlee
84,Oudemolsedijk,2020-07-25,13:00:00,34,23,11,FMN GV 18 Kasterlee
84,Oudemolsedijk,2020-07-25,14:00:00,98,51,47,FMN GV 18 Kasterlee
84,Oudemolsedijk,2020-07-25,15:00:00,57,31,26,FMN GV 18 Kasterlee
84,Oudemolsedijk,2020-07-25,16:00:00,50,32,18,FMN GV 18 Kasterlee
84,Oudemolsedijk,2020-07-25,17:00:00,63,46,17,FMN GV 18 Kasterlee
84,Oudemolsedijk,2020-07-25,18:00:00,24,7,17,FMN GV 18 Kasterlee
84,Oudemolsedijk,2020-07-25,19:00:00,7,4,3,FMN GV 18 Kasterlee
84,Oudemolsedijk,2020-07-25,20:00:00,4,0,4,FMN GV 18 Kasterlee
84,Oudemolsedijk,2020-07-25,21:00:00,3,3,0,FMN GV 18 Kasterlee
84,Oudemolsedijk,2020-07-25,22:00:00,0,0,0,FMN GV 18 Kasterlee
84,Oudemolsedijk,2020-07-25,23:00:00,0,0,0,FMN GV 18 Kasterlee
84,Oudemolsedijk,2020-07-26,00:00:00,2,2,0,FMN GV 18 Kasterlee
84,Oudemolsedijk,2020-07-26,01:00:00,2,0,2,FMN GV 18 Kasterlee
84,Oudemolsedijk,2020-07-26,02:00:00,2,2,0,FMN GV 18 Kasterlee
84,Oudemolsedijk,2020-07-26,03:00:00,0,0,0,FMN GV 18 Kasterlee
84,Oudemolsedijk,2020-07-26,04:00:00,0,0,0,FMN GV 18 Kasterlee
84,Oudemolsedijk,2020-07-26,05:00:00,0,0,0,FMN GV 18 Kasterlee
84,Oudemolsedijk,2020-07-26,06:00:00,1,1,0,FMN GV 18 Kasterlee
84,Oudemolsedijk,2020-07-26,07:00:00,6,2,4,FMN GV 18 Kasterlee
84,Oudemolsedijk,2020-07-26,08:00:00,28,8,20,FMN GV 18 Kasterlee
84,Oudemolsedijk,2020-07-26,09:00:00,64,21,43,FMN GV 18 Kasterlee
84,Oudemolsedijk,2020-07-26,10:00:00,122,62,60,FMN GV 18 Kasterlee
84,Oudemolsedijk,2020-07-26,11:00:00,107,49,58,FMN GV 18 Kasterlee
84,Oudemolsedijk,2020-07-26,12:00:00,65,31,34,FMN GV 18 Kasterlee
84,Oudemolsedijk,2020-07-26,13:00:00,67,20,47,FMN GV 18 Kasterlee
84,Oudemolsedijk,2020-07-26,14:00:00,177,109,68,FMN GV 18 Kasterlee
84,Oudemolsedijk,2020-07-26,15:00:00,148,78,70,FMN GV 18 Kasterlee
84,Oudemolsedijk,2020-07-26,16:00:00,125,58,67,FMN GV 18 Kasterlee
84,Oudemolsedijk,2020-07-26,17:00:00,84,41,43,FMN GV 18 Kasterlee
84,Oudemolsedijk,2020-07-26,18:00:00,45,34,11,FMN GV 18 Kasterlee
84,Oudemolsedijk,2020-07-26,19:00:00,94,55,39,FMN GV 18 Kasterlee
84,Oudemolsedijk,2020-07-26,20:00:00,21,11,10,FMN GV 18 Kasterlee
84,Oudemolsedijk,2020-07-26,21:00:00,6,5,1,FMN GV 18 Kasterlee
84,Oudemolsedijk,2020-07-26,22:00:00,1,0,1,FMN GV 18 Kasterlee
84,Oudemolsedijk,2020-07-26,23:00:00,1,1,0,FMN GV 18 Kasterlee
84,Oudemolsedijk,2020-07-27,00:00:00,0,0,0,FMN GV 18 Kasterlee
84,Oudemolsedijk,2020-07-27,01:00:00,0,0,0,FMN GV 18 Kasterlee
84,Oudemolsedijk,2020-07-27,02:00:00,0,0,0,FMN GV 18 Kasterlee
84,Oudemolsedijk,2020-07-27,03:00:00,0,0,0,FMN GV 18 Kasterlee
84,Oudemolsedijk,2020-07-27,04:00:00,0,0,0,FMN GV 18 Kasterlee
84,Oudemolsedijk,2020-07-27,05:00:00,1,1,0,FMN GV 18 Kasterlee
84,Oudemolsedijk,2020-07-27,06:00:00,12,5,7,FMN GV 18 Kasterlee
84,Oudemolsedijk,2020-07-27,07:00:00,7,2,5,FMN GV 18 Kasterlee
84,Oudemolsedijk,2020-07-27,08:00:00,7,4,3,FMN GV 18 Kasterlee
84,Oudemolsedijk,2020-07-27,09:00:00,9,7,2,FMN GV 18 Kasterlee
84,Oudemolsedijk,2020-07-27,10:00:00,6,4,2,FMN GV 18 Kasterlee
84,Oudemolsedijk,2020-07-27,11:00:00,6,2,4,FMN GV 18 Kasterlee
84,Oudemolsedijk,2020-07-27,12:00:00,22,10,12,FMN GV 18 Kasterlee
84,Oudemolsedijk,2020-07-27,13:00:00,52,20,32,FMN GV 18 Kasterlee
84,Oudemolsedijk,2020-07-27,14:00:00,74,47,27,FMN GV 18 Kasterlee
84,Oudemolsedijk,2020-07-27,15:00:00,95,58,37,FMN GV 18 Kasterlee
84,Oudemolsedijk,2020-07-27,16:00:00,67,37,30,FMN GV 18 Kasterlee
84,Oudemolsedijk,2020-07-27,17:00:00,59,40,19,FMN GV 18 Kasterlee
84,Oudemolsedijk,2020-07-27,18:00:00,41,14,27,FMN GV 18 Kasterlee
84,Oudemolsedijk,2020-07-27,19:00:00,28,13,15,FMN GV 18 Kasterlee
84,Oudemolsedijk,2020-07-27,20:00:00,28,17,11,FMN GV 18 Kasterlee
84,Oudemolsedijk,2020-07-27,21:00:00,6,4,2,FMN GV 18 Kasterlee
84,Oudemolsedijk,2020-07-27,22:00:00,2,1,1,FMN GV 18 Kasterlee
84,Oudemolsedijk,2020-07-27,23:00:00,0,0,0,FMN GV 18 Kasterlee
84,Oudemolsedijk,2020-07-28,00:00:00,0,0,0,FMN GV 18 Kasterlee
84,Oudemolsedijk,2020-07-28,01:00:00,1,1,0,FMN GV 18 Kasterlee
84,Oudemolsedijk,2020-07-28,02:00:00,0,0,0,FMN GV 18 Kasterlee
84,Oudemolsedijk,2020-07-28,03:00:00,0,0,0,FMN GV 18 Kasterlee
84,Oudemolsedijk,2020-07-28,04:00:00,0,0,0,FMN GV 18 Kasterlee
84,Oudemolsedijk,2020-07-28,05:00:00,2,1,1,FMN GV 18 Kasterlee
84,Oudemolsedijk,2020-07-28,06:00:00,10,4,6,FMN GV 18 Kasterlee
84,Oudemolsedijk,2020-07-28,07:00:00,9,5,4,FMN GV 18 Kasterlee
84,Oudemolsedijk,2020-07-28,08:00:00,9,7,2,FMN GV 18 Kasterlee
84,Oudemolsedijk,2020-07-28,09:00:00,16,8,8,FMN GV 18 Kasterlee
84,Oudemolsedijk,2020-07-28,10:00:00,23,11,12,FMN GV 18 Kasterlee
84,Oudemolsedijk,2020-07-28,11:00:00,27,15,12,FMN GV 18 Kasterlee
84,Oudemolsedijk,2020-07-28,12:00:00,24,14,10,FMN GV 18 Kasterlee
84,Oudemolsedijk,2020-07-28,13:00:00,79,44,35,FMN GV 18 Kasterlee
84,Oudemolsedijk,2020-07-28,14:00:00,96,56,40,FMN GV 18 Kasterlee
84,Oudemolsedijk,2020-07-28,15:00:00,86,48,38,FMN GV 18 Kasterlee
84,Oudemolsedijk,2020-07-28,16:00:00,64,42,22,FMN GV 18 Kasterlee
84,Oudemolsedijk,2020-07-28,17:00:00,40,26,14,FMN GV 18 Kasterlee
84,Oudemolsedijk,2020-07-28,18:00:00,49,19,30,FMN GV 18 Kasterlee
84,Oudemolsedijk,2020-07-28,19:00:00,29,19,10,FMN GV 18 Kasterlee
84,Oudemolsedijk,2020-07-28,20:00:00,22,10,12,FMN GV 18 Kasterlee
84,Oudemolsedijk,2020-07-28,21:00:00,9,7,2,FMN GV 18 Kasterlee
84,Oudemolsedijk,2020-07-28,22:00:00,9,1,8,FMN GV 18 Kasterlee
84,Oudemolsedijk,2020-07-28,23:00:00,0,0,0,FMN GV 18 Kasterlee
84,Oudemolsedijk,2020-07-29,00:00:00,1,1,0,FMN GV 18 Kasterlee
84,Oudemolsedijk,2020-07-29,01:00:00,0,0,0,FMN GV 18 Kasterlee
84,Oudemolsedijk,2020-07-29,02:00:00,0,0,0,FMN GV 18 Kasterlee
84,Oudemolsedijk,2020-07-29,03:00:00,0,0,0,FMN GV 18 Kasterlee
84,Oudemolsedijk,2020-07-29,04:00:00,0,0,0,FMN GV 18 Kasterlee
84,Oudemolsedijk,2020-07-29,05:00:00,1,1,0,FMN GV 18 Kasterlee
84,Oudemolsedijk,2020-07-29,06:00:00,10,7,3,FMN GV 18 Kasterlee
84,Oudemolsedijk,2020-07-29,07:00:00,9,6,3,FMN GV 18 Kasterlee
84,Oudemolsedijk,2020-07-29,08:00:00,15,8,7,FMN GV 18 Kasterlee
84,Oudemolsedijk,2020-07-29,09:00:00,22,3,19,FMN GV 18 Kasterlee
84,Oudemolsedijk,2020-07-29,10:00:00,30,20,10,FMN GV 18 Kasterlee
84,Oudemolsedijk,2020-07-29,11:00:00,44,29,15,FMN GV 18 Kasterlee
84,Oudemolsedijk,2020-07-29,12:00:00,29,16,13,FMN GV 18 Kasterlee
84,Oudemolsedijk,2020-07-29,13:00:00,65,39,26,FMN GV 18 Kasterlee
84,Oudemolsedijk,2020-07-29,14:00:00,84,44,40,FMN GV 18 Kasterlee
84,Oudemolsedijk,2020-07-29,15:00:00,94,58,36,FMN GV 18 Kasterlee
84,Oudemolsedijk,2020-07-29,16:00:00,94,58,36,FMN GV 18 Kasterlee
84,Oudemolsedijk,2020-07-29,17:00:00,45,31,14,FMN GV 18 Kasterlee
84,Oudemolsedijk,2020-07-29,18:00:00,38,24,14,FMN GV 18 Kasterlee
84,Oudemolsedijk,2020-07-29,19:00:00,65,33,32,FMN GV 18 Kasterlee
84,Oudemolsedijk,2020-07-29,20:00:00,51,38,13,FMN GV 18 Kasterlee
84,Oudemolsedijk,2020-07-29,21:00:00,14,6,8,FMN GV 18 Kasterlee
84,Oudemolsedijk,2020-07-29,22:00:00,8,0,8,FMN GV 18 Kasterlee
84,Oudemolsedijk,2020-07-29,23:00:00,0,0,0,FMN GV 18 Kasterlee
84,Oudemolsedijk,2020-07-30,00:00:00,0,0,0,FMN GV 18 Kasterlee
84,Oudemolsedijk,2020-07-30,01:00:00,1,1,0,FMN GV 18 Kasterlee
84,Oudemolsedijk,2020-07-30,02:00:00,0,0,0,FMN GV 18 Kasterlee
84,Oudemolsedijk,2020-07-30,03:00:00,0,0,0,FMN GV 18 Kasterlee
84,Oudemolsedijk,2020-07-30,04:00:00,0,0,0,FMN GV 18 Kasterlee
84,Oudemolsedijk,2020-07-30,05:00:00,1,1,0,FMN GV 18 Kasterlee
84,Oudemolsedijk,2020-07-30,06:00:00,12,6,6,FMN GV 18 Kasterlee
84,Oudemolsedijk,2020-07-30,07:00:00,12,7,5,FMN GV 18 Kasterlee
84,Oudemolsedijk,2020-07-30,08:00:00,4,2,2,FMN GV 18 Kasterlee
84,Oudemolsedijk,2020-07-30,09:00:00,27,12,15,FMN GV 18 Kasterlee
84,Oudemolsedijk,2020-07-30,10:00:00,41,23,18,FMN GV 18 Kasterlee
84,Oudemolsedijk,2020-07-30,11:00:00,53,26,27,FMN GV 18 Kasterlee
84,Oudemolsedijk,2020-07-30,12:00:00,54,29,25,FMN GV 18 Kasterlee
84,Oudemolsedijk,2020-07-30,13:00:00,89,46,43,FMN GV 18 Kasterlee
84,Oudemolsedijk,2020-07-30,14:00:00,114,54,60,FMN GV 18 Kasterlee
84,Oudemolsedijk,2020-07-30,15:00:00,111,62,49,FMN GV 18 Kasterlee
84,Oudemolsedijk,2020-07-30,16:00:00,93,53,40,FMN GV 18 Kasterlee
84,Oudemolsedijk,2020-07-30,17:00:00,73,39,34,FMN GV 18 Kasterlee
84,Oudemolsedijk,2020-07-30,18:00:00,63,30,33,FMN GV 18 Kasterlee
84,Oudemolsedijk,2020-07-30,19:00:00,59,41,18,FMN GV 18 Kasterlee
84,Oudemolsedijk,2020-07-30,20:00:00,50,27,23,FMN GV 18 Kasterlee
84,Oudemolsedijk,2020-07-30,21:00:00,16,10,6,FMN GV 18 Kasterlee
84,Oudemolsedijk,2020-07-30,22:00:00,7,0,7,FMN GV 18 Kasterlee
84,Oudemolsedijk,2020-07-30,23:00:00,0,0,0,FMN GV 18 Kasterlee
84,Oudemolsedijk,2020-07-31,00:00:00,2,0,2,FMN GV 18 Kasterlee
84,Oudemolsedijk,2020-07-31,01:00:00,0,0,0,FMN GV 18 Kasterlee
84,Oudemolsedijk,2020-07-31,02:00:00,0,0,0,FMN GV 18 Kasterlee
84,Oudemolsedijk,2020-07-31,03:00:00,0,0,0,FMN GV 18 Kasterlee
84,Oudemolsedijk,2020-07-31,04:00:00,0,0,0,FMN GV 18 Kasterlee
84,Oudemolsedijk,2020-07-31,05:00:00,0,0,0,FMN GV 18 Kasterlee
84,Oudemolsedijk,2020-07-31,06:00:00,14,6,8,FMN GV 18 Kasterlee
84,Oudemolsedijk,2020-07-31,07:00:00,14,6,8,FMN GV 18 Kasterlee
84,Oudemolsedijk,2020-07-31,08:00:00,18,8,10,FMN GV 18 Kasterlee
84,Oudemolsedijk,2020-07-31,09:00:00,59,28,31,FMN GV 18 Kasterlee
84,Oudemolsedijk,2020-07-31,10:00:00,69,37,32,FMN GV 18 Kasterlee
84,Oudemolsedijk,2020-07-31,11:00:00,52,30,22,FMN GV 18 Kasterlee
84,Oudemolsedijk,2020-07-31,12:00:00,40,23,17,FMN GV 18 Kasterlee
84,Oudemolsedijk,2020-07-31,13:00:00,43,20,23,FMN GV 18 Kasterlee
84,Oudemolsedijk,2020-07-31,14:00:00,55,23,32,FMN GV 18 Kasterlee
84,Oudemolsedijk,2020-07-31,15:00:00,50,32,18,FMN GV 18 Kasterlee
84,Oudemolsedijk,2020-07-31,16:00:00,41,28,13,FMN GV 18 Kasterlee
84,Oudemolsedijk,2020-07-31,17:00:00,49,28,21,FMN GV 18 Kasterlee
84,Oudemolsedijk,2020-07-31,18:00:00,15,10,5,FMN GV 18 Kasterlee
84,Oudemolsedijk,2020-07-31,19:00:00,20,13,7,FMN GV 18 Kasterlee
84,Oudemolsedijk,2020-07-31,20:00:00,26,20,6,FMN GV 18 Kasterlee
84,Oudemolsedijk,2020-07-31,21:00:00,15,11,4,FMN GV 18 Kasterlee
84,Oudemolsedijk,2020-07-31,22:00:00,10,4,6,FMN GV 18 Kasterlee
84,Oudemolsedijk,2020-07-31,23:00:00,2,0,2,FMN GV 18 Kasterlee
84,Oudemolsedijk,2020-08-01,00:00:00,0,0,0,FMN GV 18 Kasterlee
84,Oudemolsedijk,2020-08-01,01:00:00,0,0,0,FMN GV 18 Kasterlee
84,Oudemolsedijk,2020-08-01,02:00:00,0,0,0,FMN GV 18 Kasterlee
84,Oudemolsedijk,2020-08-01,03:00:00,0,0,0,FMN GV 18 Kasterlee
84,Oudemolsedijk,2020-08-01,04:00:00,1,1,0,FMN GV 18 Kasterlee
84,Oudemolsedijk,2020-08-01,05:00:00,0,0,0,FMN GV 18 Kasterlee
84,Oudemolsedijk,2020-08-01,06:00:00,4,1,3,FMN GV 18 Kasterlee
84,Oudemolsedijk,2020-08-01,07:00:00,2,1,1,FMN GV 18 Kasterlee
84,Oudemolsedijk,2020-08-01,08:00:00,11,4,7,FMN GV 18 Kasterlee
84,Oudemolsedijk,2020-08-01,09:00:00,26,8,18,FMN GV 18 Kasterlee
84,Oudemolsedijk,2020-08-01,10:00:00,74,39,35,FMN GV 18 Kasterlee
84,Oudemolsedijk,2020-08-01,11:00:00,75,41,34,FMN GV 18 Kasterlee
84,Oudemolsedijk,2020-08-01,12:00:00,73,36,37,FMN GV 18 Kasterlee
84,Oudemolsedijk,2020-08-01,13:00:00,54,20,34,FMN GV 18 Kasterlee
84,Oudemolsedijk,2020-08-01,14:00:00,97,61,36,FMN GV 18 Kasterlee
84,Oudemolsedijk,2020-08-01,15:00:00,110,68,42,FMN GV 18 Kasterlee
84,Oudemolsedijk,2020-08-01,16:00:00,87,44,43,FMN GV 18 Kasterlee
84,Oudemolsedijk,2020-08-01,17:00:00,80,53,27,FMN GV 18 Kasterlee
84,Oudemolsedijk,2020-08-01,18:00:00,29,15,14,FMN GV 18 Kasterlee
84,Oudemolsedijk,2020-08-01,19:00:00,9,4,5,FMN GV 18 Kasterlee
84,Oudemolsedijk,2020-08-01,20:00:00,9,4,5,FMN GV 18 Kasterlee
84,Oudemolsedijk,2020-08-01,21:00:00,16,12,4,FMN GV 18 Kasterlee
84,Oudemolsedijk,2020-08-01,22:00:00,4,2,2,FMN GV 18 Kasterlee
84,Oudemolsedijk,2020-08-01,23:00:00,3,0,3,FMN GV 18 Kasterlee
84,Oudemolsedijk,2020-08-02,00:00:00,0,0,0,FMN GV 18 Kasterlee
84,Oudemolsedijk,2020-08-02,01:00:00,0,0,0,FMN GV 18 Kasterlee
84,Oudemolsedijk,2020-08-02,02:00:00,0,0,0,FMN GV 18 Kasterlee
84,Oudemolsedijk,2020-08-02,03:00:00,0,0,0,FMN GV 18 Kasterlee
84,Oudemolsedijk,2020-08-02,04:00:00,1,1,0,FMN GV 18 Kasterlee
84,Oudemolsedijk,2020-08-02,05:00:00,0,0,0,FMN GV 18 Kasterlee
84,Oudemolsedijk,2020-08-02,06:00:00,0,0,0,FMN GV 18 Kasterlee
84,Oudemolsedijk,2020-08-02,07:00:00,7,2,5,FMN GV 18 Kasterlee
84,Oudemolsedijk,2020-08-02,08:00:00,30,16,14,FMN GV 18 Kasterlee
84,Oudemolsedijk,2020-08-02,09:00:00,102,47,55,FMN GV 18 Kasterlee
84,Oudemolsedijk,2020-08-02,10:00:00,175,95,80,FMN GV 18 Kasterlee
84,Oudemolsedijk,2020-08-02,11:00:00,128,86,42,FMN GV 18 Kasterlee
84,Oudemolsedijk,2020-08-02,12:00:00,58,36,22,FMN GV 18 Kasterlee
84,Oudemolsedijk,2020-08-02,13:00:00,87,42,45,FMN GV 18 Kasterlee
84,Oudemolsedijk,2020-08-02,14:00:00,147,79,68,FMN GV 18 Kasterlee
84,Oudemolsedijk,2020-08-02,15:00:00,161,80,81,FMN GV 18 Kasterlee
84,Oudemolsedijk,2020-08-02,16:00:00,126,62,64,FMN GV 18 Kasterlee
84,Oudemolsedijk,2020-08-02,17:00:00,65,40,25,FMN GV 18 Kasterlee
84,Oudemolsedijk,2020-08-02,18:00:00,41,16,25,FMN GV 18 Kasterlee
84,Oudemolsedijk,2020-08-02,19:00:00,32,14,18,FMN GV 18 Kasterlee
84,Oudemolsedijk,2020-08-02,20:00:00,26,16,10,FMN GV 18 Kasterlee
84,Oudemolsedijk,2020-08-02,21:00:00,12,3,9,FMN GV 18 Kasterlee
84,Oudemolsedijk,2020-08-02,22:00:00,0,0,0,FMN GV 18 Kasterlee
84,Oudemolsedijk,2020-08-02,23:00:00,0,0,0,FMN GV 18 Kasterlee
84,Oudemolsedijk,2020-08-03,00:00:00,0,0,0,FMN GV 18 Kasterlee
84,Oudemolsedijk,2020-08-03,01:00:00,0,0,0,FMN GV 18 Kasterlee
84,Oudemolsedijk,2020-08-03,02:00:00,0,0,0,FMN GV 18 Kasterlee
84,Oudemolsedijk,2020-08-03,03:00:00,0,0,0,FMN GV 18 Kasterlee
84,Oudemolsedijk,2020-08-03,04:00:00,1,1,0,FMN GV 18 Kasterlee
84,Oudemolsedijk,2020-08-03,05:00:00,7,6,1,FMN GV 18 Kasterlee
84,Oudemolsedijk,2020-08-03,06:00:00,7,2,5,FMN GV 18 Kasterlee
84,Oudemolsedijk,2020-08-03,07:00:00,8,2,6,FMN GV 18 Kasterlee
84,Oudemolsedijk,2020-08-03,08:00:00,6,5,1,FMN GV 18 Kasterlee
84,Oudemolsedijk,2020-08-03,09:00:00,7,3,4,FMN GV 18 Kasterlee
84,Oudemolsedijk,2020-08-03,10:00:00,37,18,19,FMN GV 18 Kasterlee
84,Oudemolsedijk,2020-08-03,11:00:00,29,19,10,FMN GV 18 Kasterlee
84,Oudemolsedijk,2020-08-03,12:00:00,30,11,19,FMN GV 18 Kasterlee
84,Oudemolsedijk,2020-08-03,13:00:00,52,16,36,FMN GV 18 Kasterlee
84,Oudemolsedijk,2020-08-03,14:00:00,66,32,34,FMN GV 18 Kasterlee
84,Oudemolsedijk,2020-08-03,15:00:00,75,56,19,FMN GV 18 Kasterlee
84,Oudemolsedijk,2020-08-03,16:00:00,47,23,24,FMN GV 18 Kasterlee
84,Oudemolsedijk,2020-08-03,17:00:00,14,7,7,FMN GV 18 Kasterlee
84,Oudemolsedijk,2020-08-03,18:00:00,19,10,9,FMN GV 18 Kasterlee
84,Oudemolsedijk,2020-08-03,19:00:00,16,9,7,FMN GV 18 Kasterlee
84,Oudemolsedijk,2020-08-03,20:00:00,20,11,9,FMN GV 18 Kasterlee
84,Oudemolsedijk,2020-08-03,21:00:00,4,1,3,FMN GV 18 Kasterlee
84,Oudemolsedijk,2020-08-03,22:00:00,0,0,0,FMN GV 18 Kasterlee
84,Oudemolsedijk,2020-08-03,23:00:00,1,1,0,FMN GV 18 Kasterlee
84,Oudemolsedijk,2020-08-04,00:00:00,0,0,0,FMN GV 18 Kasterlee
84,Oudemolsedijk,2020-08-04,01:00:00,0,0,0,FMN GV 18 Kasterlee
84,Oudemolsedijk,2020-08-04,02:00:00,0,0,0,FMN GV 18 Kasterlee
84,Oudemolsedijk,2020-08-04,03:00:00,0,0,0,FMN GV 18 Kasterlee
84,Oudemolsedijk,2020-08-04,04:00:00,2,2,0,FMN GV 18 Kasterlee
84,Oudemolsedijk,2020-08-04,05:00:00,6,6,0,FMN GV 18 Kasterlee
84,Oudemolsedijk,2020-08-04,06:00:00,13,5,8,FMN GV 18 Kasterlee
84,Oudemolsedijk,2020-08-04,07:00:00,15,6,9,FMN GV 18 Kasterlee
84,Oudemolsedijk,2020-08-04,08:00:00,13,4,9,FMN GV 18 Kasterlee
84,Oudemolsedijk,2020-08-04,09:00:00,24,8,16,FMN GV 18 Kasterlee
84,Oudemolsedijk,2020-08-04,10:00:00,41,20,21,FMN GV 18 Kasterlee
84,Oudemolsedijk,2020-08-04,11:00:00,52,24,28,FMN GV 18 Kasterlee
84,Oudemolsedijk,2020-08-04,12:00:00,47,25,22,FMN GV 18 Kasterlee
84,Oudemolsedijk,2020-08-04,13:00:00,104,49,55,FMN GV 18 Kasterlee
84,Oudemolsedijk,2020-08-04,14:00:00,132,75,57,FMN GV 18 Kasterlee
84,Oudemolsedijk,2020-08-04,15:00:00,127,84,43,FMN GV 18 Kasterlee
84,Oudemolsedijk,2020-08-04,16:00:00,67,49,18,FMN GV 18 Kasterlee
84,Oudemolsedijk,2020-08-04,17:00:00,82,49,33,FMN GV 18 Kasterlee
84,Oudemolsedijk,2020-08-04,18:00:00,66,38,28,FMN GV 18 Kasterlee
84,Oudemolsedijk,2020-08-04,19:00:00,63,39,24,FMN GV 18 Kasterlee
84,Oudemolsedijk,2020-08-04,20:00:00,35,24,11,FMN GV 18 Kasterlee
84,Oudemolsedijk,2020-08-04,21:00:00,25,9,16,FMN GV 18 Kasterlee
84,Oudemolsedijk,2020-08-04,22:00:00,2,2,0,FMN GV 18 Kasterlee
84,Oudemolsedijk,2020-08-04,23:00:00,0,0,0,FMN GV 18 Kasterlee
84,Oudemolsedijk,2020-08-05,00:00:00,0,0,0,FMN GV 18 Kasterlee
84,Oudemolsedijk,2020-08-05,01:00:00,0,0,0,FMN GV 18 Kasterlee
84,Oudemolsedijk,2020-08-05,02:00:00,0,0,0,FMN GV 18 Kasterlee
84,Oudemolsedijk,2020-08-05,03:00:00,0,0,0,FMN GV 18 Kasterlee
84,Oudemolsedijk,2020-08-05,04:00:00,1,1,0,FMN GV 18 Kasterlee
84,Oudemolsedijk,2020-08-05,05:00:00,9,9,0,FMN GV 18 Kasterlee
84,Oudemolsedijk,2020-08-05,06:00:00,12,4,8,FMN GV 18 Kasterlee
84,Oudemolsedijk,2020-08-05,07:00:00,5,0,5,FMN GV 18 Kasterlee
84,Oudemolsedijk,2020-08-05,08:00:00,21,8,13,FMN GV 18 Kasterlee
84,Oudemolsedijk,2020-08-05,09:00:00,25,4,21,FMN GV 18 Kasterlee
84,Oudemolsedijk,2020-08-05,10:00:00,70,29,41,FMN GV 18 Kasterlee
84,Oudemolsedijk,2020-08-05,11:00:00,45,29,16,FMN GV 18 Kasterlee
84,Oudemolsedijk,2020-08-05,12:00:00,46,35,11,FMN GV 18 Kasterlee
84,Oudemolsedijk,2020-08-05,13:00:00,80,34,46,FMN GV 18 Kasterlee
84,Oudemolsedijk,2020-08-05,14:00:00,97,48,49,FMN GV 18 Kasterlee
84,Oudemolsedijk,2020-08-05,15:00:00,74,37,37,FMN GV 18 Kasterlee
84,Oudemolsedijk,2020-08-05,16:00:00,73,33,40,FMN GV 18 Kasterlee
84,Oudemolsedijk,2020-08-05,17:00:00,72,43,29,FMN GV 18 Kasterlee
84,Oudemolsedijk,2020-08-05,18:00:00,47,23,24,FMN GV 18 Kasterlee
84,Oudemolsedijk,2020-08-05,19:00:00,71,37,34,FMN GV 18 Kasterlee
84,Oudemolsedijk,2020-08-05,20:00:00,80,56,24,FMN GV 18 Kasterlee
84,Oudemolsedijk,2020-08-05,21:00:00,24,15,9,FMN GV 18 Kasterlee
84,Oudemolsedijk,2020-08-05,22:00:00,2,0,2,FMN GV 18 Kasterlee
84,Oudemolsedijk,2020-08-05,23:00:00,0,0,0,FMN GV 18 Kasterlee
84,Oudemolsedijk,2020-08-06,00:00:00,0,0,0,FMN GV 18 Kasterlee
84,Oudemolsedijk,2020-08-06,01:00:00,0,0,0,FMN GV 18 Kasterlee
84,Oudemolsedijk,2020-08-06,02:00:00,0,0,0,FMN GV 18 Kasterlee
84,Oudemolsedijk,2020-08-06,03:00:00,0,0,0,FMN GV 18 Kasterlee
84,Oudemolsedijk,2020-08-06,04:00:00,1,1,0,FMN GV 18 Kasterlee
84,Oudemolsedijk,2020-08-06,05:00:00,8,7,1,FMN GV 18 Kasterlee
84,Oudemolsedijk,2020-08-06,06:00:00,11,3,8,FMN GV 18 Kasterlee
84,Oudemolsedijk,2020-08-06,07:00:00,21,8,13,FMN GV 18 Kasterlee
84,Oudemolsedijk,2020-08-06,08:00:00,33,11,22,FMN GV 18 Kasterlee
84,Oudemolsedijk,2020-08-06,09:00:00,76,40,36,FMN GV 18 Kasterlee
84,Oudemolsedijk,2020-08-06,10:00:00,54,35,19,FMN GV 18 Kasterlee
84,Oudemolsedijk,2020-08-06,11:00:00,74,44,30,FMN GV 18 Kasterlee
84,Oudemolsedijk,2020-08-06,12:00:00,41,20,21,FMN GV 18 Kasterlee
84,Oudemolsedijk,2020-08-06,13:00:00,51,22,29,FMN GV 18 Kasterlee
84,Oudemolsedijk,2020-08-06,14:00:00,66,35,31,FMN GV 18 Kasterlee
84,Oudemolsedijk,2020-08-06,15:00:00,73,33,40,FMN GV 18 Kasterlee
84,Oudemolsedijk,2020-08-06,16:00:00,54,31,23,FMN GV 18 Kasterlee
84,Oudemolsedijk,2020-08-06,17:00:00,48,27,21,FMN GV 18 Kasterlee
84,Oudemolsedijk,2020-08-06,18:00:00,42,32,10,FMN GV 18 Kasterlee
84,Oudemolsedijk,2020-08-06,19:00:00,58,23,35,FMN GV 18 Kasterlee
84,Oudemolsedijk,2020-08-06,20:00:00,57,25,32,FMN GV 18 Kasterlee
84,Oudemolsedijk,2020-08-06,21:00:00,21,12,9,FMN GV 18 Kasterlee
84,Oudemolsedijk,2020-08-06,22:00:00,9,8,1,FMN GV 18 Kasterlee
84,Oudemolsedijk,2020-08-06,23:00:00,2,0,2,FMN GV 18 Kasterlee
84,Oudemolsedijk,2020-08-07,00:00:00,0,0,0,FMN GV 18 Kasterlee
84,Oudemolsedijk,2020-08-07,01:00:00,0,0,0,FMN GV 18 Kasterlee
84,Oudemolsedijk,2020-08-07,02:00:00,0,0,0,FMN GV 18 Kasterlee
84,Oudemolsedijk,2020-08-07,03:00:00,0,0,0,FMN GV 18 Kasterlee
84,Oudemolsedijk,2020-08-07,04:00:00,1,1,0,FMN GV 18 Kasterlee
84,Oudemolsedijk,2020-08-07,05:00:00,4,3,1,FMN GV 18 Kasterlee
84,Oudemolsedijk,2020-08-07,06:00:00,11,4,7,FMN GV 18 Kasterlee
84,Oudemolsedijk,2020-08-07,07:00:00,21,7,14,FMN GV 18 Kasterlee
84,Oudemolsedijk,2020-08-07,08:00:00,24,11,13,FMN GV 18 Kasterlee
84,Oudemolsedijk,2020-08-07,09:00:00,53,24,29,FMN GV 18 Kasterlee
84,Oudemolsedijk,2020-08-07,10:00:00,67,43,24,FMN GV 18 Kasterlee
84,Oudemolsedijk,2020-08-07,11:00:00,48,24,24,FMN GV 18 Kasterlee
84,Oudemolsedijk,2020-08-07,12:00:00,29,16,13,FMN GV 18 Kasterlee
84,Oudemolsedijk,2020-08-07,13:00:00,40,23,17,FMN GV 18 Kasterlee
84,Oudemolsedijk,2020-08-07,14:00:00,39,18,21,FMN GV 18 Kasterlee
84,Oudemolsedijk,2020-08-07,15:00:00,29,19,10,FMN GV 18 Kasterlee
84,Oudemolsedijk,2020-08-07,16:00:00,30,20,10,FMN GV 18 Kasterlee
84,Oudemolsedijk,2020-08-07,17:00:00,27,13,14,FMN GV 18 Kasterlee
84,Oudemolsedijk,2020-08-07,18:00:00,18,8,10,FMN GV 18 Kasterlee
84,Oudemolsedijk,2020-08-07,19:00:00,28,16,12,FMN GV 18 Kasterlee
84,Oudemolsedijk,2020-08-07,20:00:00,24,11,13,FMN GV 18 Kasterlee
84,Oudemolsedijk,2020-08-07,21:00:00,15,9,6,FMN GV 18 Kasterlee
84,Oudemolsedijk,2020-08-07,22:00:00,14,9,5,FMN GV 18 Kasterlee
84,Oudemolsedijk,2020-08-07,23:00:00,2,0,2,FMN GV 18 Kasterlee
84,Oudemolsedijk,2020-08-08,00:00:00,2,2,0,FMN GV 18 Kasterlee
84,Oudemolsedijk,2020-08-08,01:00:00,1,0,1,FMN GV 18 Kasterlee
84,Oudemolsedijk,2020-08-08,02:00:00,1,1,0,FMN GV 18 Kasterlee
84,Oudemolsedijk,2020-08-08,03:00:00,0,0,0,FMN GV 18 Kasterlee
84,Oudemolsedijk,2020-08-08,04:00:00,0,0,0,FMN GV 18 Kasterlee
84,Oudemolsedijk,2020-08-08,05:00:00,1,0,1,FMN GV 18 Kasterlee
84,Oudemolsedijk,2020-08-08,06:00:00,14,5,9,FMN GV 18 Kasterlee
84,Oudemolsedijk,2020-08-08,07:00:00,27,9,18,FMN GV 18 Kasterlee
84,Oudemolsedijk,2020-08-08,08:00:00,45,16,29,FMN GV 18 Kasterlee
84,Oudemolsedijk,2020-08-08,09:00:00,126,63,63,FMN GV 18 Kasterlee
84,Oudemolsedijk,2020-08-08,10:00:00,107,61,46,FMN GV 18 Kasterlee
84,Oudemolsedijk,2020-08-08,11:00:00,60,28,32,FMN GV 18 Kasterlee
84,Oudemolsedijk,2020-08-08,12:00:00,40,21,19,FMN GV 18 Kasterlee
84,Oudemolsedijk,2020-08-08,13:00:00,24,10,14,FMN GV 18 Kasterlee
84,Oudemolsedijk,2020-08-08,14:00:00,23,13,10,FMN GV 18 Kasterlee
84,Oudemolsedijk,2020-08-08,15:00:00,20,14,6,FMN GV 18 Kasterlee
84,Oudemolsedijk,2020-08-08,16:00:00,18,8,10,FMN GV 18 Kasterlee
84,Oudemolsedijk,2020-08-08,17:00:00,7,2,5,FMN GV 18 Kasterlee
84,Oudemolsedijk,2020-08-08,18:00:00,16,11,5,FMN GV 18 Kasterlee
84,Oudemolsedijk,2020-08-08,19:00:00,34,19,15,FMN GV 18 Kasterlee
84,Oudemolsedijk,2020-08-08,20:00:00,10,5,5,FMN GV 18 Kasterlee
84,Oudemolsedijk,2020-08-08,21:00:00,28,18,10,FMN GV 18 Kasterlee
84,Oudemolsedijk,2020-08-08,22:00:00,1,0,1,FMN GV 18 Kasterlee
84,Oudemolsedijk,2020-08-08,23:00:00,6,3,3,FMN GV 18 Kasterlee
84,Oudemolsedijk,2020-08-09,00:00:00,2,2,0,FMN GV 18 Kasterlee
84,Oudemolsedijk,2020-08-09,01:00:00,0,0,0,FMN GV 18 Kasterlee
84,Oudemolsedijk,2020-08-09,02:00:00,0,0,0,FMN GV 18 Kasterlee
84,Oudemolsedijk,2020-08-09,03:00:00,0,0,0,FMN GV 18 Kasterlee
84,Oudemolsedijk,2020-08-09,04:00:00,1,0,1,FMN GV 18 Kasterlee
84,Oudemolsedijk,2020-08-09,05:00:00,0,0,0,FMN GV 18 Kasterlee
84,Oudemolsedijk,2020-08-09,06:00:00,8,0,8,FMN GV 18 Kasterlee
84,Oudemolsedijk,2020-08-09,07:00:00,29,9,20,FMN GV 18 Kasterlee
84,Oudemolsedijk,2020-08-09,08:00:00,122,64,58,FMN GV 18 Kasterlee
84,Oudemolsedijk,2020-08-09,09:00:00,164,82,82,FMN GV 18 Kasterlee
84,Oudemolsedijk,2020-08-09,10:00:00,154,90,64,FMN GV 18 Kasterlee
84,Oudemolsedijk,2020-08-09,11:00:00,103,51,52,FMN GV 18 Kasterlee
84,Oudemolsedijk,2020-08-09,12:00:00,53,30,23,FMN GV 18 Kasterlee
84,Oudemolsedijk,2020-08-09,13:00:00,46,34,12,FMN GV 18 Kasterlee
84,Oudemolsedijk,2020-08-09,14:00:00,61,24,37,FMN GV 18 Kasterlee
84,Oudemolsedijk,2020-08-09,15:00:00,51,39,12,FMN GV 18 Kasterlee
84,Oudemolsedijk,2020-08-09,16:00:00,30,21,9,FMN GV 18 Kasterlee
84,Oudemolsedijk,2020-08-09,17:00:00,43,29,14,FMN GV 18 Kasterlee
84,Oudemolsedijk,2020-08-09,18:00:00,25,14,11,FMN GV 18 Kasterlee
84,Oudemolsedijk,2020-08-09,19:00:00,32,13,19,FMN GV 18 Kasterlee
84,Oudemolsedijk,2020-08-09,20:00:00,50,21,29,FMN GV 18 Kasterlee
84,Oudemolsedijk,2020-08-09,21:00:00,15,11,4,FMN GV 18 Kasterlee
84,Oudemolsedijk,2020-08-09,22:00:00,8,5,3,FMN GV 18 Kasterlee
84,Oudemolsedijk,2020-08-09,23:00:00,0,0,0,FMN GV 18 Kasterlee
84,Oudemolsedijk,2020-08-10,00:00:00,0,0,0,FMN GV 18 Kasterlee
84,Oudemolsedijk,2020-08-10,01:00:00,2,0,2,FMN GV 18 Kasterlee
84,Oudemolsedijk,2020-08-10,02:00:00,0,0,0,FMN GV 18 Kasterlee
84,Oudemolsedijk,2020-08-10,03:00:00,0,0,0,FMN GV 18 Kasterlee
84,Oudemolsedijk,2020-08-10,04:00:00,0,0,0,FMN GV 18 Kasterlee
84,Oudemolsedijk,2020-08-10,05:00:00,4,3,1,FMN GV 18 Kasterlee
84,Oudemolsedijk,2020-08-10,06:00:00,13,7,6,FMN GV 18 Kasterlee
84,Oudemolsedijk,2020-08-10,07:00:00,19,6,13,FMN GV 18 Kasterlee
84,Oudemolsedijk,2020-08-10,08:00:00,40,22,18,FMN GV 18 Kasterlee
84,Oudemolsedijk,2020-08-10,09:00:00,29,22,7,FMN GV 18 Kasterlee
84,Oudemolsedijk,2020-08-10,10:00:00,61,31,30,FMN GV 18 Kasterlee
84,Oudemolsedijk,2020-08-10,11:00:00,46,31,15,FMN GV 18 Kasterlee
84,Oudemolsedijk,2020-08-10,12:00:00,23,11,12,FMN GV 18 Kasterlee
84,Oudemolsedijk,2020-08-10,13:00:00,21,10,11,FMN GV 18 Kasterlee
84,Oudemolsedijk,2020-08-10,14:00:00,40,17,23,FMN GV 18 Kasterlee
84,Oudemolsedijk,2020-08-10,15:00:00,32,18,14,FMN GV 18 Kasterlee
84,Oudemolsedijk,2020-08-10,16:00:00,15,9,6,FMN GV 18 Kasterlee
84,Oudemolsedijk,2020-08-10,17:00:00,20,13,7,FMN GV 18 Kasterlee
84,Oudemolsedijk,2020-08-10,18:00:00,26,13,13,FMN GV 18 Kasterlee
84,Oudemolsedijk,2020-08-10,19:00:00,47,23,24,FMN GV 18 Kasterlee
84,Oudemolsedijk,2020-08-10,20:00:00,38,17,21,FMN GV 18 Kasterlee
84,Oudemolsedijk,2020-08-10,21:00:00,31,19,12,FMN GV 18 Kasterlee
84,Oudemolsedijk,2020-08-10,22:00:00,2,0,2,FMN GV 18 Kasterlee
84,Oudemolsedijk,2020-08-10,23:00:00,3,3,0,FMN GV 18 Kasterlee
84,Oudemolsedijk,2020-08-11,00:00:00,0,0,0,FMN GV 18 Kasterlee
84,Oudemolsedijk,2020-08-11,01:00:00,0,0,0,FMN GV 18 Kasterlee
84,Oudemolsedijk,2020-08-11,02:00:00,0,0,0,FMN GV 18 Kasterlee
84,Oudemolsedijk,2020-08-11,03:00:00,0,0,0,FMN GV 18 Kasterlee
84,Oudemolsedijk,2020-08-11,04:00:00,0,0,0,FMN GV 18 Kasterlee
84,Oudemolsedijk,2020-08-11,05:00:00,5,3,2,FMN GV 18 Kasterlee
84,Oudemolsedijk,2020-08-11,06:00:00,20,8,12,FMN GV 18 Kasterlee
84,Oudemolsedijk,2020-08-11,07:00:00,24,13,11,FMN GV 18 Kasterlee
84,Oudemolsedijk,2020-08-11,08:00:00,54,22,32,FMN GV 18 Kasterlee
84,Oudemolsedijk,2020-08-11,09:00:00,62,28,34,FMN GV 18 Kasterlee
84,Oudemolsedijk,2020-08-11,10:00:00,66,38,28,FMN GV 18 Kasterlee
84,Oudemolsedijk,2020-08-11,11:00:00,64,44,20,FMN GV 18 Kasterlee
84,Oudemolsedijk,2020-08-11,12:00:00,35,23,12,FMN GV 18 Kasterlee
84,Oudemolsedijk,2020-08-11,13:00:00,28,19,9,FMN GV 18 Kasterlee
84,Oudemolsedijk,2020-08-11,14:00:00,26,9,17,FMN GV 18 Kasterlee
84,Oudemolsedijk,2020-08-11,15:00:00,39,13,26,FMN GV 18 Kasterlee
84,Oudemolsedijk,2020-08-11,16:00:00,43,24,19,FMN GV 18 Kasterlee
84,Oudemolsedijk,2020-08-11,17:00:00,27,17,10,FMN GV 18 Kasterlee
84,Oudemolsedijk,2020-08-11,18:00:00,31,20,11,FMN GV 18 Kasterlee
84,Oudemolsedijk,2020-08-11,19:00:00,17,11,6,FMN GV 18 Kasterlee
84,Oudemolsedijk,2020-08-11,20:00:00,18,9,9,FMN GV 18 Kasterlee
84,Oudemolsedijk,2020-08-11,21:00:00,15,14,1,FMN GV 18 Kasterlee
84,Oudemolsedijk,2020-08-11,22:00:00,2,0,2,FMN GV 18 Kasterlee
84,Oudemolsedijk,2020-08-11,23:00:00,0,0,0,FMN GV 18 Kasterlee
84,Oudemolsedijk,2020-08-12,00:00:00,0,0,0,FMN GV 18 Kasterlee
84,Oudemolsedijk,2020-08-12,01:00:00,0,0,0,FMN GV 18 Kasterlee
84,Oudemolsedijk,2020-08-12,02:00:00,0,0,0,FMN GV 18 Kasterlee
84,Oudemolsedijk,2020-08-12,03:00:00,0,0,0,FMN GV 18 Kasterlee
84,Oudemolsedijk,2020-08-12,04:00:00,0,0,0,FMN GV 18 Kasterlee
84,Oudemolsedijk,2020-08-12,05:00:00,7,3,4,FMN GV 18 Kasterlee
84,Oudemolsedijk,2020-08-12,06:00:00,5,2,3,FMN GV 18 Kasterlee
84,Oudemolsedijk,2020-08-12,07:00:00,24,11,13,FMN GV 18 Kasterlee
84,Oudemolsedijk,2020-08-12,08:00:00,47,22,25,FMN GV 18 Kasterlee
84,Oudemolsedijk,2020-08-12,09:00:00,91,36,55,FMN GV 18 Kasterlee
84,Oudemolsedijk,2020-08-12,10:00:00,77,50,27,FMN GV 18 Kasterlee
84,Oudemolsedijk,2020-08-12,11:00:00,65,37,28,FMN GV 18 Kasterlee
84,Oudemolsedijk,2020-08-12,12:00:00,32,18,14,FMN GV 18 Kasterlee
84,Oudemolsedijk,2020-08-12,13:00:00,36,19,17,FMN GV 18 Kasterlee
84,Oudemolsedijk,2020-08-12,14:00:00,24,6,18,FMN GV 18 Kasterlee
84,Oudemolsedijk,2020-08-12,15:00:00,46,24,22,FMN GV 18 Kasterlee
84,Oudemolsedijk,2020-08-12,16:00:00,43,13,30,FMN GV 18 Kasterlee
84,Oudemolsedijk,2020-08-12,17:00:00,46,37,9,FMN GV 18 Kasterlee
84,Oudemolsedijk,2020-08-12,18:00:00,34,10,24,FMN GV 18 Kasterlee
84,Oudemolsedijk,2020-08-12,19:00:00,56,37,19,FMN GV 18 Kasterlee
84,Oudemolsedijk,2020-08-12,20:00:00,62,36,26,FMN GV 18 Kasterlee
84,Oudemolsedijk,2020-08-12,21:00:00,22,14,8,FMN GV 18 Kasterlee
84,Oudemolsedijk,2020-08-12,22:00:00,3,0,3,FMN GV 18 Kasterlee
84,Oudemolsedijk,2020-08-12,23:00:00,0,0,0,FMN GV 18 Kasterlee
84,Oudemolsedijk,2020-08-13,00:00:00,4,3,1,FMN GV 18 Kasterlee
84,Oudemolsedijk,2020-08-13,01:00:00,1,0,1,FMN GV 18 Kasterlee
84,Oudemolsedijk,2020-08-13,02:00:00,0,0,0,FMN GV 18 Kasterlee
84,Oudemolsedijk,2020-08-13,03:00:00,0,0,0,FMN GV 18 Kasterlee
84,Oudemolsedijk,2020-08-13,04:00:00,0,0,0,FMN GV 18 Kasterlee
84,Oudemolsedijk,2020-08-13,05:00:00,4,3,1,FMN GV 18 Kasterlee
84,Oudemolsedijk,2020-08-13,06:00:00,11,3,8,FMN GV 18 Kasterlee
84,Oudemolsedijk,2020-08-13,07:00:00,13,7,6,FMN GV 18 Kasterlee
84,Oudemolsedijk,2020-08-13,08:00:00,22,6,16,FMN GV 18 Kasterlee
84,Oudemolsedijk,2020-08-13,09:00:00,44,23,21,FMN GV 18 Kasterlee
84,Oudemolsedijk,2020-08-13,10:00:00,80,37,43,FMN GV 18 Kasterlee
84,Oudemolsedijk,2020-08-13,11:00:00,49,29,20,FMN GV 18 Kasterlee
84,Oudemolsedijk,2020-08-13,12:00:00,31,19,12,FMN GV 18 Kasterlee
84,Oudemolsedijk,2020-08-13,13:00:00,23,9,14,FMN GV 18 Kasterlee
84,Oudemolsedijk,2020-08-13,14:00:00,27,16,11,FMN GV 18 Kasterlee
84,Oudemolsedijk,2020-08-13,15:00:00,49,29,20,FMN GV 18 Kasterlee
84,Oudemolsedijk,2020-08-13,16:00:00,99,51,48,FMN GV 18 Kasterlee
84,Oudemolsedijk,2020-08-13,17:00:00,13,7,6,FMN GV 18 Kasterlee
84,Oudemolsedijk,2020-08-13,18:00:00,46,24,22,FMN GV 18 Kasterlee
84,Oudemolsedijk,2020-08-13,19:00:00,7,6,1,FMN GV 18 Kasterlee
84,Oudemolsedijk,2020-08-13,20:00:00,9,4,5,FMN GV 18 Kasterlee
84,Oudemolsedijk,2020-08-13,21:00:00,8,4,4,FMN GV 18 Kasterlee
84,Oudemolsedijk,2020-08-13,22:00:00,0,0,0,FMN GV 18 Kasterlee
84,Oudemolsedijk,2020-08-13,23:00:00,0,0,0,FMN GV 18 Kasterlee
84,Oudemolsedijk,2020-08-14,00:00:00,0,0,0,FMN GV 18 Kasterlee
84,Oudemolsedijk,2020-08-14,01:00:00,3,0,3,FMN GV 18 Kasterlee
84,Oudemolsedijk,2020-08-14,02:00:00,0,0,0,FMN GV 18 Kasterlee
84,Oudemolsedijk,2020-08-14,03:00:00,0,0,0,FMN GV 18 Kasterlee
84,Oudemolsedijk,2020-08-14,04:00:00,1,1,0,FMN GV 18 Kasterlee
84,Oudemolsedijk,2020-08-14,05:00:00,4,2,2,FMN GV 18 Kasterlee
84,Oudemolsedijk,2020-08-14,06:00:00,5,1,4,FMN GV 18 Kasterlee
84,Oudemolsedijk,2020-08-14,07:00:00,8,2,6,FMN GV 18 Kasterlee
84,Oudemolsedijk,2020-08-14,08:00:00,20,12,8,FMN GV 18 Kasterlee
84,Oudemolsedijk,2020-08-14,09:00:00,31,11,20,FMN GV 18 Kasterlee
84,Oudemolsedijk,2020-08-14,10:00:00,44,27,17,FMN GV 18 Kasterlee
84,Oudemolsedijk,2020-08-14,11:00:00,55,36,19,FMN GV 18 Kasterlee
84,Oudemolsedijk,2020-08-14,12:00:00,46,29,17,FMN GV 18 Kasterlee
84,Oudemolsedijk,2020-08-14,13:00:00,22,13,9,FMN GV 18 Kasterlee
84,Oudemolsedijk,2020-08-14,14:00:00,38,15,23,FMN GV 18 Kasterlee
84,Oudemolsedijk,2020-08-14,15:00:00,30,18,12,FMN GV 18 Kasterlee
84,Oudemolsedijk,2020-08-14,16:00:00,35,20,15,FMN GV 18 Kasterlee
84,Oudemolsedijk,2020-08-14,17:00:00,29,20,9,FMN GV 18 Kasterlee
84,Oudemolsedijk,2020-08-14,18:00:00,23,10,13,FMN GV 18 Kasterlee
84,Oudemolsedijk,2020-08-14,19:00:00,25,7,18,FMN GV 18 Kasterlee
84,Oudemolsedijk,2020-08-14,20:00:00,29,14,15,FMN GV 18 Kasterlee
84,Oudemolsedijk,2020-08-14,21:00:00,11,11,0,FMN GV 18 Kasterlee
84,Oudemolsedijk,2020-08-14,22:00:00,7,7,0,FMN GV 18 Kasterlee
84,Oudemolsedijk,2020-08-14,23:00:00,0,0,0,FMN GV 18 Kasterlee
84,Oudemolsedijk,2020-08-15,00:00:00,2,1,1,FMN GV 18 Kasterlee
84,Oudemolsedijk,2020-08-15,01:00:00,2,0,2,FMN GV 18 Kasterlee
84,Oudemolsedijk,2020-08-15,02:00:00,0,0,0,FMN GV 18 Kasterlee
84,Oudemolsedijk,2020-08-15,03:00:00,0,0,0,FMN GV 18 Kasterlee
84,Oudemolsedijk,2020-08-15,04:00:00,1,1,0,FMN GV 18 Kasterlee
84,Oudemolsedijk,2020-08-15,05:00:00,1,0,1,FMN GV 18 Kasterlee
84,Oudemolsedijk,2020-08-15,06:00:00,0,0,0,FMN GV 18 Kasterlee
84,Oudemolsedijk,2020-08-15,07:00:00,11,2,9,FMN GV 18 Kasterlee
84,Oudemolsedijk,2020-08-15,08:00:00,18,9,9,FMN GV 18 Kasterlee
84,Oudemolsedijk,2020-08-15,09:00:00,37,23,14,FMN GV 18 Kasterlee
84,Oudemolsedijk,2020-08-15,10:00:00,83,40,43,FMN GV 18 Kasterlee
84,Oudemolsedijk,2020-08-15,11:00:00,109,51,58,FMN GV 18 Kasterlee
84,Oudemolsedijk,2020-08-15,12:00:00,89,46,43,FMN GV 18 Kasterlee
84,Oudemolsedijk,2020-08-15,13:00:00,82,47,35,FMN GV 18 Kasterlee
84,Oudemolsedijk,2020-08-15,14:00:00,161,77,84,FMN GV 18 Kasterlee
84,Oudemolsedijk,2020-08-15,15:00:00,130,65,65,FMN GV 18 Kasterlee
84,Oudemolsedijk,2020-08-15,16:00:00,85,48,37,FMN GV 18 Kasterlee
84,Oudemolsedijk,2020-08-15,17:00:00,25,10,15,FMN GV 18 Kasterlee
84,Oudemolsedijk,2020-08-15,18:00:00,30,20,10,FMN GV 18 Kasterlee
84,Oudemolsedijk,2020-08-15,19:00:00,28,17,11,FMN GV 18 Kasterlee
84,Oudemolsedijk,2020-08-15,20:00:00,17,6,11,FMN GV 18 Kasterlee
84,Oudemolsedijk,2020-08-15,21:00:00,13,7,6,FMN GV 18 Kasterlee
84,Oudemolsedijk,2020-08-15,22:00:00,0,0,0,FMN GV 18 Kasterlee
84,Oudemolsedijk,2020-08-15,23:00:00,2,0,2,FMN GV 18 Kasterlee
84,Oudemolsedijk,2020-08-16,00:00:00,0,0,0,FMN GV 18 Kasterlee
84,Oudemolsedijk,2020-08-16,01:00:00,1,1,0,FMN GV 18 Kasterlee
84,Oudemolsedijk,2020-08-16,02:00:00,0,0,0,FMN GV 18 Kasterlee
84,Oudemolsedijk,2020-08-16,03:00:00,0,0,0,FMN GV 18 Kasterlee
84,Oudemolsedijk,2020-08-16,04:00:00,0,0,0,FMN GV 18 Kasterlee
84,Oudemolsedijk,2020-08-16,05:00:00,0,0,0,FMN GV 18 Kasterlee
84,Oudemolsedijk,2020-08-16,06:00:00,0,0,0,FMN GV 18 Kasterlee
84,Oudemolsedijk,2020-08-16,07:00:00,15,4,11,FMN GV 18 Kasterlee
84,Oudemolsedijk,2020-08-16,08:00:00,56,23,33,FMN GV 18 Kasterlee
84,Oudemolsedijk,2020-08-16,09:00:00,151,79,72,FMN GV 18 Kasterlee
84,Oudemolsedijk,2020-08-16,10:00:00,215,137,78,FMN GV 18 Kasterlee
84,Oudemolsedijk,2020-08-16,11:00:00,178,116,62,FMN GV 18 Kasterlee
84,Oudemolsedijk,2020-08-16,12:00:00,109,59,50,FMN GV 18 Kasterlee
84,Oudemolsedijk,2020-08-16,13:00:00,154,68,86,FMN GV 18 Kasterlee
84,Oudemolsedijk,2020-08-16,14:00:00,122,74,48,FMN GV 18 Kasterlee
84,Oudemolsedijk,2020-08-16,15:00:00,147,98,49,FMN GV 18 Kasterlee
84,Oudemolsedijk,2020-08-16,16:00:00,78,45,33,FMN GV 18 Kasterlee
84,Oudemolsedijk,2020-08-16,17:00:00,18,11,7,FMN GV 18 Kasterlee
84,Oudemolsedijk,2020-08-16,18:00:00,19,10,9,FMN GV 18 Kasterlee
84,Oudemolsedijk,2020-08-16,19:00:00,5,0,5,FMN GV 18 Kasterlee
84,Oudemolsedijk,2020-08-16,20:00:00,8,4,4,FMN GV 18 Kasterlee
84,Oudemolsedijk,2020-08-16,21:00:00,5,2,3,FMN GV 18 Kasterlee
84,Oudemolsedijk,2020-08-16,22:00:00,0,0,0,FMN GV 18 Kasterlee
84,Oudemolsedijk,2020-08-16,23:00:00,0,0,0,FMN GV 18 Kasterlee
84,Oudemolsedijk,2020-08-17,00:00:00,0,0,0,FMN GV 18 Kasterlee
84,Oudemolsedijk,2020-08-17,01:00:00,1,1,0,FMN GV 18 Kasterlee
84,Oudemolsedijk,2020-08-17,02:00:00,0,0,0,FMN GV 18 Kasterlee
84,Oudemolsedijk,2020-08-17,03:00:00,0,0,0,FMN GV 18 Kasterlee
84,Oudemolsedijk,2020-08-17,04:00:00,0,0,0,FMN GV 18 Kasterlee
84,Oudemolsedijk,2020-08-17,05:00:00,3,2,1,FMN GV 18 Kasterlee
84,Oudemolsedijk,2020-08-17,06:00:00,8,2,6,FMN GV 18 Kasterlee
84,Oudemolsedijk,2020-08-17,07:00:00,12,7,5,FMN GV 18 Kasterlee
84,Oudemolsedijk,2020-08-17,08:00:00,14,5,9,FMN GV 18 Kasterlee
84,Oudemolsedijk,2020-08-17,09:00:00,23,13,10,FMN GV 18 Kasterlee
84,Oudemolsedijk,2020-08-17,10:00:00,26,12,14,FMN GV 18 Kasterlee
84,Oudemolsedijk,2020-08-17,11:00:00,45,17,28,FMN GV 18 Kasterlee
84,Oudemolsedijk,2020-08-17,12:00:00,63,38,25,FMN GV 18 Kasterlee
84,Oudemolsedijk,2020-08-17,13:00:00,95,50,45,FMN GV 18 Kasterlee
84,Oudemolsedijk,2020-08-17,14:00:00,91,40,51,FMN GV 18 Kasterlee
84,Oudemolsedijk,2020-08-17,15:00:00,78,45,33,FMN GV 18 Kasterlee
84,Oudemolsedijk,2020-08-17,16:00:00,31,14,17,FMN GV 18 Kasterlee
84,Oudemolsedijk,2020-08-17,17:00:00,28,12,16,FMN GV 18 Kasterlee
84,Oudemolsedijk,2020-08-17,18:00:00,30,15,15,FMN GV 18 Kasterlee
84,Oudemolsedijk,2020-08-17,19:00:00,25,15,10,FMN GV 18 Kasterlee
84,Oudemolsedijk,2020-08-17,20:00:00,39,21,18,FMN GV 18 Kasterlee
84,Oudemolsedijk,2020-08-17,21:00:00,2,2,0,FMN GV 18 Kasterlee
84,Oudemolsedijk,2020-08-17,22:00:00,1,0,1,FMN GV 18 Kasterlee
84,Oudemolsedijk,2020-08-17,23:00:00,0,0,0,FMN GV 18 Kasterlee
84,Oudemolsedijk,2020-08-18,00:00:00,0,0,0,FMN GV 18 Kasterlee
84,Oudemolsedijk,2020-08-18,01:00:00,1,1,0,FMN GV 18 Kasterlee
84,Oudemolsedijk,2020-08-18,02:00:00,0,0,0,FMN GV 18 Kasterlee
84,Oudemolsedijk,2020-08-18,03:00:00,0,0,0,FMN GV 18 Kasterlee
84,Oudemolsedijk,2020-08-18,04:00:00,1,1,0,FMN GV 18 Kasterlee
84,Oudemolsedijk,2020-08-18,05:00:00,3,3,0,FMN GV 18 Kasterlee
84,Oudemolsedijk,2020-08-18,06:00:00,13,7,6,FMN GV 18 Kasterlee
84,Oudemolsedijk,2020-08-18,07:00:00,14,7,7,FMN GV 18 Kasterlee
84,Oudemolsedijk,2020-08-18,08:00:00,22,10,12,FMN GV 18 Kasterlee
84,Oudemolsedijk,2020-08-18,09:00:00,35,13,22,FMN GV 18 Kasterlee
84,Oudemolsedijk,2020-08-18,10:00:00,32,24,8,FMN GV 18 Kasterlee
84,Oudemolsedijk,2020-08-18,11:00:00,36,28,8,FMN GV 18 Kasterlee
84,Oudemolsedijk,2020-08-18,12:00:00,40,22,18,FMN GV 18 Kasterlee
84,Oudemolsedijk,2020-08-18,13:00:00,61,28,33,FMN GV 18 Kasterlee
84,Oudemolsedijk,2020-08-18,14:00:00,93,61,32,FMN GV 18 Kasterlee
84,Oudemolsedijk,2020-08-18,15:00:00,65,44,21,FMN GV 18 Kasterlee
84,Oudemolsedijk,2020-08-18,16:00:00,54,17,37,FMN GV 18 Kasterlee
84,Oudemolsedijk,2020-08-18,17:00:00,32,16,16,FMN GV 18 Kasterlee
84,Oudemolsedijk,2020-08-18,18:00:00,26,16,10,FMN GV 18 Kasterlee
84,Oudemolsedijk,2020-08-18,19:00:00,33,14,19,FMN GV 18 Kasterlee
84,Oudemolsedijk,2020-08-18,20:00:00,25,13,12,FMN GV 18 Kasterlee
84,Oudemolsedijk,2020-08-18,21:00:00,6,6,0,FMN GV 18 Kasterlee
84,Oudemolsedijk,2020-08-18,22:00:00,4,1,3,FMN GV 18 Kasterlee
84,Oudemolsedijk,2020-08-18,23:00:00,1,0,1,FMN GV 18 Kasterlee
84,Oudemolsedijk,2020-08-19,00:00:00,1,0,1,FMN GV 18 Kasterlee
84,Oudemolsedijk,2020-08-19,01:00:00,2,0,2,FMN GV 18 Kasterlee
84,Oudemolsedijk,2020-08-19,02:00:00,1,0,1,FMN GV 18 Kasterlee
84,Oudemolsedijk,2020-08-19,03:00:00,0,0,0,FMN GV 18 Kasterlee
84,Oudemolsedijk,2020-08-19,04:00:00,1,1,0,FMN GV 18 Kasterlee
84,Oudemolsedijk,2020-08-19,05:00:00,4,3,1,FMN GV 18 Kasterlee
84,Oudemolsedijk,2020-08-19,06:00:00,11,7,4,FMN GV 18 Kasterlee
84,Oudemolsedijk,2020-08-19,07:00:00,14,6,8,FMN GV 18 Kasterlee
84,Oudemolsedijk,2020-08-19,08:00:00,20,6,14,FMN GV 18 Kasterlee
84,Oudemolsedijk,2020-08-19,09:00:00,18,6,12,FMN GV 18 Kasterlee
84,Oudemolsedijk,2020-08-19,10:00:00,45,25,20,FMN GV 18 Kasterlee
84,Oudemolsedijk,2020-08-19,11:00:00,33,16,17,FMN GV 18 Kasterlee
84,Oudemolsedijk,2020-08-19,12:00:00,67,34,33,FMN GV 18 Kasterlee
84,Oudemolsedijk,2020-08-19,13:00:00,93,45,48,FMN GV 18 Kasterlee
84,Oudemolsedijk,2020-08-19,14:00:00,106,48,58,FMN GV 18 Kasterlee
84,Oudemolsedijk,2020-08-19,15:00:00,106,59,47,FMN GV 18 Kasterlee
84,Oudemolsedijk,2020-08-19,16:00:00,104,68,36,FMN GV 18 Kasterlee
84,Oudemolsedijk,2020-08-19,17:00:00,35,19,16,FMN GV 18 Kasterlee
84,Oudemolsedijk,2020-08-19,18:00:00,37,18,19,FMN GV 18 Kasterlee
84,Oudemolsedijk,2020-08-19,19:00:00,17,15,2,FMN GV 18 Kasterlee
84,Oudemolsedijk,2020-08-19,20:00:00,32,25,7,FMN GV 18 Kasterlee
84,Oudemolsedijk,2020-08-19,21:00:00,3,2,1,FMN GV 18 Kasterlee
84,Oudemolsedijk,2020-08-19,22:00:00,2,1,1,FMN GV 18 Kasterlee
84,Oudemolsedijk,2020-08-19,23:00:00,1,1,0,FMN GV 18 Kasterlee
84,Oudemolsedijk,2020-08-20,00:00:00,0,0,0,FMN GV 18 Kasterlee
84,Oudemolsedijk,2020-08-20,01:00:00,1,0,1,FMN GV 18 Kasterlee
84,Oudemolsedijk,2020-08-20,02:00:00,1,1,0,FMN GV 18 Kasterlee
84,Oudemolsedijk,2020-08-20,03:00:00,0,0,0,FMN GV 18 Kasterlee
84,Oudemolsedijk,2020-08-20,04:00:00,1,1,0,FMN GV 18 Kasterlee
84,Oudemolsedijk,2020-08-20,05:00:00,2,2,0,FMN GV 18 Kasterlee
84,Oudemolsedijk,2020-08-20,06:00:00,11,5,6,FMN GV 18 Kasterlee
84,Oudemolsedijk,2020-08-20,07:00:00,16,8,8,FMN GV 18 Kasterlee
84,Oudemolsedijk,2020-08-20,08:00:00,22,13,9,FMN GV 18 Kasterlee
84,Oudemolsedijk,2020-08-20,09:00:00,45,21,24,FMN GV 18 Kasterlee
84,Oudemolsedijk,2020-08-20,10:00:00,48,19,29,FMN GV 18 Kasterlee
84,Oudemolsedijk,2020-08-20,11:00:00,48,26,22,FMN GV 18 Kasterlee
84,Oudemolsedijk,2020-08-20,12:00:00,38,23,15,FMN GV 18 Kasterlee
84,Oudemolsedijk,2020-08-20,13:00:00,71,24,47,FMN GV 18 Kasterlee
84,Oudemolsedijk,2020-08-20,14:00:00,91,58,33,FMN GV 18 Kasterlee
84,Oudemolsedijk,2020-08-20,15:00:00,67,47,20,FMN GV 18 Kasterlee
84,Oudemolsedijk,2020-08-20,16:00:00,73,37,36,FMN GV 18 Kasterlee
84,Oudemolsedijk,2020-08-20,17:00:00,67,34,33,FMN GV 18 Kasterlee
84,Oudemolsedijk,2020-08-20,18:00:00,32,15,17,FMN GV 18 Kasterlee
84,Oudemolsedijk,2020-08-20,19:00:00,52,23,29,FMN GV 18 Kasterlee
84,Oudemolsedijk,2020-08-20,20:00:00,47,25,22,FMN GV 18 Kasterlee
84,Oudemolsedijk,2020-08-20,21:00:00,4,1,3,FMN GV 18 Kasterlee
84,Oudemolsedijk,2020-08-20,22:00:00,0,0,0,FMN GV 18 Kasterlee
84,Oudemolsedijk,2020-08-20,23:00:00,0,0,0,FMN GV 18 Kasterlee
84,Oudemolsedijk,2020-08-21,00:00:00,1,1,0,FMN GV 18 Kasterlee
84,Oudemolsedijk,2020-08-21,01:00:00,1,1,0,FMN GV 18 Kasterlee
84,Oudemolsedijk,2020-08-21,02:00:00,1,0,1,FMN GV 18 Kasterlee
84,Oudemolsedijk,2020-08-21,03:00:00,0,0,0,FMN GV 18 Kasterlee
84,Oudemolsedijk,2020-08-21,04:00:00,1,1,0,FMN GV 18 Kasterlee
84,Oudemolsedijk,2020-08-21,05:00:00,1,1,0,FMN GV 18 Kasterlee
84,Oudemolsedijk,2020-08-21,06:00:00,1,0,1,FMN GV 18 Kasterlee
84,Oudemolsedijk,2020-08-21,07:00:00,2,1,1,FMN GV 18 Kasterlee
84,Oudemolsedijk,2020-08-21,08:00:00,6,1,5,FMN GV 18 Kasterlee
84,Oudemolsedijk,2020-08-21,09:00:00,2,2,0,FMN GV 18 Kasterlee
84,Oudemolsedijk,2020-08-21,10:00:00,21,12,9,FMN GV 18 Kasterlee
84,Oudemolsedijk,2020-08-21,11:00:00,30,14,16,FMN GV 18 Kasterlee
84,Oudemolsedijk,2020-08-21,12:00:00,32,19,13,FMN GV 18 Kasterlee
84,Oudemolsedijk,2020-08-21,13:00:00,50,15,35,FMN GV 18 Kasterlee
84,Oudemolsedijk,2020-08-21,14:00:00,90,51,39,FMN GV 18 Kasterlee
84,Oudemolsedijk,2020-08-21,15:00:00,95,64,31,FMN GV 18 Kasterlee
84,Oudemolsedijk,2020-08-21,16:00:00,64,41,23,FMN GV 18 Kasterlee
84,Oudemolsedijk,2020-08-21,17:00:00,34,21,13,FMN GV 18 Kasterlee
84,Oudemolsedijk,2020-08-21,18:00:00,15,9,6,FMN GV 18 Kasterlee
84,Oudemolsedijk,2020-08-21,19:00:00,43,26,17,FMN GV 18 Kasterlee
84,Oudemolsedijk,2020-08-21,20:00:00,21,14,7,FMN GV 18 Kasterlee
84,Oudemolsedijk,2020-08-21,21:00:00,10,9,1,FMN GV 18 Kasterlee
84,Oudemolsedijk,2020-08-21,22:00:00,6,2,4,FMN GV 18 Kasterlee
84,Oudemolsedijk,2020-08-21,23:00:00,2,2,0,FMN GV 18 Kasterlee
84,Oudemolsedijk,2020-08-22,00:00:00,2,0,2,FMN GV 18 Kasterlee
84,Oudemolsedijk,2020-08-22,01:00:00,0,0,0,FMN GV 18 Kasterlee
84,Oudemolsedijk,2020-08-22,02:00:00,0,0,0,FMN GV 18 Kasterlee
84,Oudemolsedijk,2020-08-22,03:00:00,0,0,0,FMN GV 18 Kasterlee
84,Oudemolsedijk,2020-08-22,04:00:00,0,0,0,FMN GV 18 Kasterlee
84,Oudemolsedijk,2020-08-22,05:00:00,0,0,0,FMN GV 18 Kasterlee
84,Oudemolsedijk,2020-08-22,06:00:00,0,0,0,FMN GV 18 Kasterlee
84,Oudemolsedijk,2020-08-22,07:00:00,4,2,2,FMN GV 18 Kasterlee
84,Oudemolsedijk,2020-08-22,08:00:00,6,2,4,FMN GV 18 Kasterlee
84,Oudemolsedijk,2020-08-22,09:00:00,25,11,14,FMN GV 18 Kasterlee
84,Oudemolsedijk,2020-08-22,10:00:00,42,23,19,FMN GV 18 Kasterlee
84,Oudemolsedijk,2020-08-22,11:00:00,61,25,36,FMN GV 18 Kasterlee
84,Oudemolsedijk,2020-08-22,12:00:00,54,21,33,FMN GV 18 Kasterlee
84,Oudemolsedijk,2020-08-22,13:00:00,72,26,46,FMN GV 18 Kasterlee
84,Oudemolsedijk,2020-08-22,14:00:00,85,27,58,FMN GV 18 Kasterlee
84,Oudemolsedijk,2020-08-22,15:00:00,25,10,15,FMN GV 18 Kasterlee
84,Oudemolsedijk,2020-08-22,16:00:00,50,23,27,FMN GV 18 Kasterlee
84,Oudemolsedijk,2020-08-22,17:00:00,23,13,10,FMN GV 18 Kasterlee
84,Oudemolsedijk,2020-08-22,18:00:00,26,18,8,FMN GV 18 Kasterlee
84,Oudemolsedijk,2020-08-22,19:00:00,12,8,4,FMN GV 18 Kasterlee
84,Oudemolsedijk,2020-08-22,20:00:00,13,12,1,FMN GV 18 Kasterlee
84,Oudemolsedijk,2020-08-22,21:00:00,2,0,2,FMN GV 18 Kasterlee
84,Oudemolsedijk,2020-08-22,22:00:00,4,4,0,FMN GV 18 Kasterlee
84,Oudemolsedijk,2020-08-22,23:00:00,0,0,0,FMN GV 18 Kasterlee
84,Oudemolsedijk,2020-08-23,00:00:00,0,0,0,FMN GV 18 Kasterlee
84,Oudemolsedijk,2020-08-23,01:00:00,0,0,0,FMN GV 18 Kasterlee
84,Oudemolsedijk,2020-08-23,02:00:00,0,0,0,FMN GV 18 Kasterlee
84,Oudemolsedijk,2020-08-23,03:00:00,0,0,0,FMN GV 18 Kasterlee
84,Oudemolsedijk,2020-08-23,04:00:00,0,0,0,FMN GV 18 Kasterlee
84,Oudemolsedijk,2020-08-23,05:00:00,2,0,2,FMN GV 18 Kasterlee
84,Oudemolsedijk,2020-08-23,06:00:00,0,0,0,FMN GV 18 Kasterlee
84,Oudemolsedijk,2020-08-23,07:00:00,15,5,10,FMN GV 18 Kasterlee
84,Oudemolsedijk,2020-08-23,08:00:00,53,23,30,FMN GV 18 Kasterlee
84,Oudemolsedijk,2020-08-23,09:00:00,97,39,58,FMN GV 18 Kasterlee
84,Oudemolsedijk,2020-08-23,10:00:00,139,54,85,FMN GV 18 Kasterlee
84,Oudemolsedijk,2020-08-23,11:00:00,105,69,36,FMN GV 18 Kasterlee
84,Oudemolsedijk,2020-08-23,12:00:00,45,18,27,FMN GV 18 Kasterlee
84,Oudemolsedijk,2020-08-23,13:00:00,51,26,25,FMN GV 18 Kasterlee
84,Oudemolsedijk,2020-08-23,14:00:00,100,61,39,FMN GV 18 Kasterlee
84,Oudemolsedijk,2020-08-23,15:00:00,51,30,21,FMN GV 18 Kasterlee
84,Oudemolsedijk,2020-08-23,16:00:00,62,24,38,FMN GV 18 Kasterlee
84,Oudemolsedijk,2020-08-23,17:00:00,34,19,15,FMN GV 18 Kasterlee
84,Oudemolsedijk,2020-08-23,18:00:00,26,12,14,FMN GV 18 Kasterlee
84,Oudemolsedijk,2020-08-23,19:00:00,13,6,7,FMN GV 18 Kasterlee
84,Oudemolsedijk,2020-08-23,20:00:00,14,7,7,FMN GV 18 Kasterlee
84,Oudemolsedijk,2020-08-23,21:00:00,6,6,0,FMN GV 18 Kasterlee
84,Oudemolsedijk,2020-08-23,22:00:00,0,0,0,FMN GV 18 Kasterlee
84,Oudemolsedijk,2020-08-23,23:00:00,0,0,0,FMN GV 18 Kasterlee
84,Oudemolsedijk,2020-08-24,00:00:00,1,0,1,FMN GV 18 Kasterlee
84,Oudemolsedijk,2020-08-24,01:00:00,0,0,0,FMN GV 18 Kasterlee
84,Oudemolsedijk,2020-08-24,02:00:00,0,0,0,FMN GV 18 Kasterlee
84,Oudemolsedijk,2020-08-24,03:00:00,0,0,0,FMN GV 18 Kasterlee
84,Oudemolsedijk,2020-08-24,04:00:00,1,1,0,FMN GV 18 Kasterlee
84,Oudemolsedijk,2020-08-24,05:00:00,1,1,0,FMN GV 18 Kasterlee
84,Oudemolsedijk,2020-08-24,06:00:00,12,6,6,FMN GV 18 Kasterlee
84,Oudemolsedijk,2020-08-24,07:00:00,9,5,4,FMN GV 18 Kasterlee
84,Oudemolsedijk,2020-08-24,08:00:00,10,3,7,FMN GV 18 Kasterlee
84,Oudemolsedijk,2020-08-24,09:00:00,13,5,8,FMN GV 18 Kasterlee
84,Oudemolsedijk,2020-08-24,10:00:00,30,11,19,FMN GV 18 Kasterlee
84,Oudemolsedijk,2020-08-24,11:00:00,14,8,6,FMN GV 18 Kasterlee
84,Oudemolsedijk,2020-08-24,12:00:00,37,11,26,FMN GV 18 Kasterlee
84,Oudemolsedijk,2020-08-24,13:00:00,40,27,13,FMN GV 18 Kasterlee
84,Oudemolsedijk,2020-08-24,14:00:00,56,31,25,FMN GV 18 Kasterlee
84,Oudemolsedijk,2020-08-24,15:00:00,61,31,30,FMN GV 18 Kasterlee
84,Oudemolsedijk,2020-08-24,16:00:00,53,25,28,FMN GV 18 Kasterlee
84,Oudemolsedijk,2020-08-24,17:00:00,29,21,8,FMN GV 18 Kasterlee
84,Oudemolsedijk,2020-08-24,18:00:00,7,4,3,FMN GV 18 Kasterlee
84,Oudemolsedijk,2020-08-24,19:00:00,5,3,2,FMN GV 18 Kasterlee
84,Oudemolsedijk,2020-08-24,20:00:00,14,3,11,FMN GV 18 Kasterlee
84,Oudemolsedijk,2020-08-24,21:00:00,3,1,2,FMN GV 18 Kasterlee
84,Oudemolsedijk,2020-08-24,22:00:00,3,0,3,FMN GV 18 Kasterlee
84,Oudemolsedijk,2020-08-24,23:00:00,0,0,0,FMN GV 18 Kasterlee
84,Oudemolsedijk,2020-08-25,00:00:00,0,0,0,FMN GV 18 Kasterlee
84,Oudemolsedijk,2020-08-25,01:00:00,0,0,0,FMN GV 18 Kasterlee
84,Oudemolsedijk,2020-08-25,02:00:00,0,0,0,FMN GV 18 Kasterlee
84,Oudemolsedijk,2020-08-25,03:00:00,0,0,0,FMN GV 18 Kasterlee
84,Oudemolsedijk,2020-08-25,04:00:00,1,1,0,FMN GV 18 Kasterlee
84,Oudemolsedijk,2020-08-25,05:00:00,6,6,0,FMN GV 18 Kasterlee
84,Oudemolsedijk,2020-08-25,06:00:00,11,5,6,FMN GV 18 Kasterlee
84,Oudemolsedijk,2020-08-25,07:00:00,17,9,8,FMN GV 18 Kasterlee
84,Oudemolsedijk,2020-08-25,08:00:00,12,2,10,FMN GV 18 Kasterlee
84,Oudemolsedijk,2020-08-25,09:00:00,9,4,5,FMN GV 18 Kasterlee
84,Oudemolsedijk,2020-08-25,10:00:00,16,5,11,FMN GV 18 Kasterlee
84,Oudemolsedijk,2020-08-25,11:00:00,12,6,6,FMN GV 18 Kasterlee
84,Oudemolsedijk,2020-08-25,12:00:00,10,4,6,FMN GV 18 Kasterlee
84,Oudemolsedijk,2020-08-25,13:00:00,13,3,10,FMN GV 18 Kasterlee
84,Oudemolsedijk,2020-08-25,14:00:00,20,15,5,FMN GV 18 Kasterlee
84,Oudemolsedijk,2020-08-25,15:00:00,25,14,11,FMN GV 18 Kasterlee
84,Oudemolsedijk,2020-08-25,16:00:00,22,10,12,FMN GV 18 Kasterlee
84,Oudemolsedijk,2020-08-25,17:00:00,25,10,15,FMN GV 18 Kasterlee
84,Oudemolsedijk,2020-08-25,18:00:00,26,18,8,FMN GV 18 Kasterlee
84,Oudemolsedijk,2020-08-25,19:00:00,17,8,9,FMN GV 18 Kasterlee
84,Oudemolsedijk,2020-08-25,20:00:00,14,5,9,FMN GV 18 Kasterlee
84,Oudemolsedijk,2020-08-25,21:00:00,9,0,9,FMN GV 18 Kasterlee
84,Oudemolsedijk,2020-08-25,22:00:00,6,5,1,FMN GV 18 Kasterlee
84,Oudemolsedijk,2020-08-25,23:00:00,1,0,1,FMN GV 18 Kasterlee
84,Oudemolsedijk,2020-08-26,00:00:00,0,0,0,FMN GV 18 Kasterlee
84,Oudemolsedijk,2020-08-26,01:00:00,0,0,0,FMN GV 18 Kasterlee
84,Oudemolsedijk,2020-08-26,02:00:00,1,0,1,FMN GV 18 Kasterlee
84,Oudemolsedijk,2020-08-26,03:00:00,0,0,0,FMN GV 18 Kasterlee
84,Oudemolsedijk,2020-08-26,04:00:00,1,1,0,FMN GV 18 Kasterlee
84,Oudemolsedijk,2020-08-26,05:00:00,0,0,0,FMN GV 18 Kasterlee
84,Oudemolsedijk,2020-08-26,06:00:00,9,5,4,FMN GV 18 Kasterlee
84,Oudemolsedijk,2020-08-26,07:00:00,5,4,1,FMN GV 18 Kasterlee
84,Oudemolsedijk,2020-08-26,08:00:00,5,1,4,FMN GV 18 Kasterlee
84,Oudemolsedijk,2020-08-26,09:00:00,3,1,2,FMN GV 18 Kasterlee
84,Oudemolsedijk,2020-08-26,10:00:00,7,2,5,FMN GV 18 Kasterlee
84,Oudemolsedijk,2020-08-26,11:00:00,3,1,2,FMN GV 18 Kasterlee
84,Oudemolsedijk,2020-08-26,12:00:00,8,5,3,FMN GV 18 Kasterlee
84,Oudemolsedijk,2020-08-26,13:00:00,6,3,3,FMN GV 18 Kasterlee
84,Oudemolsedijk,2020-08-26,14:00:00,20,13,7,FMN GV 18 Kasterlee
84,Oudemolsedijk,2020-08-26,15:00:00,14,7,7,FMN GV 18 Kasterlee
84,Oudemolsedijk,2020-08-26,16:00:00,13,10,3,FMN GV 18 Kasterlee
84,Oudemolsedijk,2020-08-26,17:00:00,21,13,8,FMN GV 18 Kasterlee
84,Oudemolsedijk,2020-08-26,18:00:00,20,8,12,FMN GV 18 Kasterlee
84,Oudemolsedijk,2020-08-26,19:00:00,10,9,1,FMN GV 18 Kasterlee
84,Oudemolsedijk,2020-08-26,20:00:00,18,14,4,FMN GV 18 Kasterlee
84,Oudemolsedijk,2020-08-26,21:00:00,2,1,1,FMN GV 18 Kasterlee
84,Oudemolsedijk,2020-08-26,22:00:00,1,0,1,FMN GV 18 Kasterlee
84,Oudemolsedijk,2020-08-26,23:00:00,0,0,0,FMN GV 18 Kasterlee
84,Oudemolsedijk,2020-08-27,00:00:00,0,0,0,FMN GV 18 Kasterlee
84,Oudemolsedijk,2020-08-27,01:00:00,0,0,0,FMN GV 18 Kasterlee
84,Oudemolsedijk,2020-08-27,02:00:00,0,0,0,FMN GV 18 Kasterlee
84,Oudemolsedijk,2020-08-27,03:00:00,0,0,0,FMN GV 18 Kasterlee
84,Oudemolsedijk,2020-08-27,04:00:00,0,0,0,FMN GV 18 Kasterlee
84,Oudemolsedijk,2020-08-27,05:00:00,3,3,0,FMN GV 18 Kasterlee
84,Oudemolsedijk,2020-08-27,06:00:00,15,6,9,FMN GV 18 Kasterlee
84,Oudemolsedijk,2020-08-27,07:00:00,9,3,6,FMN GV 18 Kasterlee
84,Oudemolsedijk,2020-08-27,08:00:00,15,8,7,FMN GV 18 Kasterlee
84,Oudemolsedijk,2020-08-27,09:00:00,29,15,14,FMN GV 18 Kasterlee
84,Oudemolsedijk,2020-08-27,10:00:00,41,14,27,FMN GV 18 Kasterlee
84,Oudemolsedijk,2020-08-27,11:00:00,21,7,14,FMN GV 18 Kasterlee
84,Oudemolsedijk,2020-08-27,12:00:00,34,19,15,FMN GV 18 Kasterlee
84,Oudemolsedijk,2020-08-27,13:00:00,68,38,30,FMN GV 18 Kasterlee
84,Oudemolsedijk,2020-08-27,14:00:00,130,50,80,FMN GV 18 Kasterlee
84,Oudemolsedijk,2020-08-27,15:00:00,90,44,46,FMN GV 18 Kasterlee
84,Oudemolsedijk,2020-08-27,16:00:00,121,63,58,FMN GV 18 Kasterlee
84,Oudemolsedijk,2020-08-27,17:00:00,71,43,28,FMN GV 18 Kasterlee
84,Oudemolsedijk,2020-08-27,18:00:00,40,18,22,FMN GV 18 Kasterlee
84,Oudemolsedijk,2020-08-27,19:00:00,41,32,9,FMN GV 18 Kasterlee
84,Oudemolsedijk,2020-08-27,20:00:00,39,25,14,FMN GV 18 Kasterlee
84,Oudemolsedijk,2020-08-27,21:00:00,4,1,3,FMN GV 18 Kasterlee
84,Oudemolsedijk,2020-08-27,22:00:00,1,1,0,FMN GV 18 Kasterlee
84,Oudemolsedijk,2020-08-27,23:00:00,0,0,0,FMN GV 18 Kasterlee
84,Oudemolsedijk,2020-08-28,00:00:00,0,0,0,FMN GV 18 Kasterlee
84,Oudemolsedijk,2020-08-28,01:00:00,0,0,0,FMN GV 18 Kasterlee
84,Oudemolsedijk,2020-08-28,02:00:00,1,0,1,FMN GV 18 Kasterlee
84,Oudemolsedijk,2020-08-28,03:00:00,0,0,0,FMN GV 18 Kasterlee
84,Oudemolsedijk,2020-08-28,04:00:00,0,0,0,FMN GV 18 Kasterlee
84,Oudemolsedijk,2020-08-28,05:00:00,3,3,0,FMN GV 18 Kasterlee
84,Oudemolsedijk,2020-08-28,06:00:00,8,1,7,FMN GV 18 Kasterlee
84,Oudemolsedijk,2020-08-28,07:00:00,5,2,3,FMN GV 18 Kasterlee
84,Oudemolsedijk,2020-08-28,08:00:00,6,3,3,FMN GV 18 Kasterlee
84,Oudemolsedijk,2020-08-28,09:00:00,8,3,5,FMN GV 18 Kasterlee
84,Oudemolsedijk,2020-08-28,10:00:00,21,16,5,FMN GV 18 Kasterlee
84,Oudemolsedijk,2020-08-28,11:00:00,8,6,2,FMN GV 18 Kasterlee
84,Oudemolsedijk,2020-08-28,12:00:00,6,3,3,FMN GV 18 Kasterlee
84,Oudemolsedijk,2020-08-28,13:00:00,25,3,22,FMN GV 18 Kasterlee
84,Oudemolsedijk,2020-08-28,14:00:00,22,10,12,FMN GV 18 Kasterlee
84,Oudemolsedijk,2020-08-28,15:00:00,33,23,10,FMN GV 18 Kasterlee
84,Oudemolsedijk,2020-08-28,16:00:00,18,7,11,FMN GV 18 Kasterlee
84,Oudemolsedijk,2020-08-28,17:00:00,5,4,1,FMN GV 18 Kasterlee
84,Oudemolsedijk,2020-08-28,18:00:00,5,1,4,FMN GV 18 Kasterlee
84,Oudemolsedijk,2020-08-28,19:00:00,3,1,2,FMN GV 18 Kasterlee
84,Oudemolsedijk,2020-08-28,20:00:00,2,2,0,FMN GV 18 Kasterlee
84,Oudemolsedijk,2020-08-28,21:00:00,25,15,10,FMN GV 18 Kasterlee
84,Oudemolsedijk,2020-08-28,22:00:00,2,1,1,FMN GV 18 Kasterlee
84,Oudemolsedijk,2020-08-28,23:00:00,0,0,0,FMN GV 18 Kasterlee
84,Oudemolsedijk,2020-08-29,00:00:00,0,0,0,FMN GV 18 Kasterlee
84,Oudemolsedijk,2020-08-29,01:00:00,2,1,1,FMN GV 18 Kasterlee
84,Oudemolsedijk,2020-08-29,02:00:00,1,0,1,FMN GV 18 Kasterlee
84,Oudemolsedijk,2020-08-29,03:00:00,0,0,0,FMN GV 18 Kasterlee
84,Oudemolsedijk,2020-08-29,04:00:00,0,0,0,FMN GV 18 Kasterlee
84,Oudemolsedijk,2020-08-29,05:00:00,0,0,0,FMN GV 18 Kasterlee
84,Oudemolsedijk,2020-08-29,06:00:00,3,2,1,FMN GV 18 Kasterlee
84,Oudemolsedijk,2020-08-29,07:00:00,5,1,4,FMN GV 18 Kasterlee
84,Oudemolsedijk,2020-08-29,08:00:00,10,8,2,FMN GV 18 Kasterlee
84,Oudemolsedijk,2020-08-29,09:00:00,26,11,15,FMN GV 18 Kasterlee
84,Oudemolsedijk,2020-08-29,10:00:00,51,34,17,FMN GV 18 Kasterlee
84,Oudemolsedijk,2020-08-29,11:00:00,57,41,16,FMN GV 18 Kasterlee
84,Oudemolsedijk,2020-08-29,12:00:00,60,36,24,FMN GV 18 Kasterlee
84,Oudemolsedijk,2020-08-29,13:00:00,43,28,15,FMN GV 18 Kasterlee
84,Oudemolsedijk,2020-08-29,14:00:00,43,18,25,FMN GV 18 Kasterlee
84,Oudemolsedijk,2020-08-29,15:00:00,78,54,24,FMN GV 18 Kasterlee
84,Oudemolsedijk,2020-08-29,16:00:00,37,21,16,FMN GV 18 Kasterlee
84,Oudemolsedijk,2020-08-29,17:00:00,28,17,11,FMN GV 18 Kasterlee
84,Oudemolsedijk,2020-08-29,18:00:00,9,7,2,FMN GV 18 Kasterlee
84,Oudemolsedijk,2020-08-29,19:00:00,12,10,2,FMN GV 18 Kasterlee
84,Oudemolsedijk,2020-08-29,20:00:00,2,2,0,FMN GV 18 Kasterlee
84,Oudemolsedijk,2020-08-29,21:00:00,2,2,0,FMN GV 18 Kasterlee
84,Oudemolsedijk,2020-08-29,22:00:00,1,1,0,FMN GV 18 Kasterlee
84,Oudemolsedijk,2020-08-29,23:00:00,2,0,2,FMN GV 18 Kasterlee
84,Oudemolsedijk,2020-08-30,00:00:00,2,0,2,FMN GV 18 Kasterlee
84,Oudemolsedijk,2020-08-30,01:00:00,1,0,1,FMN GV 18 Kasterlee
84,Oudemolsedijk,2020-08-30,02:00:00,1,0,1,FMN GV 18 Kasterlee
84,Oudemolsedijk,2020-08-30,03:00:00,1,0,1,FMN GV 18 Kasterlee
84,Oudemolsedijk,2020-08-30,04:00:00,0,0,0,FMN GV 18 Kasterlee
84,Oudemolsedijk,2020-08-30,05:00:00,1,1,0,FMN GV 18 Kasterlee
84,Oudemolsedijk,2020-08-30,06:00:00,1,1,0,FMN GV 18 Kasterlee
84,Oudemolsedijk,2020-08-30,07:00:00,6,1,5,FMN GV 18 Kasterlee
84,Oudemolsedijk,2020-08-30,08:00:00,33,16,17,FMN GV 18 Kasterlee
84,Oudemolsedijk,2020-08-30,09:00:00,125,56,69,FMN GV 18 Kasterlee
84,Oudemolsedijk,2020-08-30,10:00:00,171,78,93,FMN GV 18 Kasterlee
84,Oudemolsedijk,2020-08-30,11:00:00,120,51,69,FMN GV 18 Kasterlee
84,Oudemolsedijk,2020-08-30,12:00:00,43,23,20,FMN GV 18 Kasterlee
84,Oudemolsedijk,2020-08-30,13:00:00,19,10,9,FMN GV 18 Kasterlee
84,Oudemolsedijk,2020-08-30,14:00:00,20,15,5,FMN GV 18 Kasterlee
84,Oudemolsedijk,2020-08-30,15:00:00,16,14,2,FMN GV 18 Kasterlee
84,Oudemolsedijk,2020-08-30,16:00:00,5,2,3,FMN GV 18 Kasterlee
84,Oudemolsedijk,2020-08-30,17:00:00,4,0,4,FMN GV 18 Kasterlee
84,Oudemolsedijk,2020-08-30,18:00:00,2,0,2,FMN GV 18 Kasterlee
84,Oudemolsedijk,2020-08-30,19:00:00,11,11,0,FMN GV 18 Kasterlee
84,Oudemolsedijk,2020-08-30,20:00:00,2,2,0,FMN GV 18 Kasterlee
84,Oudemolsedijk,2020-08-30,21:00:00,1,0,1,FMN GV 18 Kasterlee
84,Oudemolsedijk,2020-08-30,22:00:00,0,0,0,FMN GV 18 Kasterlee
84,Oudemolsedijk,2020-08-30,23:00:00,0,0,0,FMN GV 18 Kasterlee
84,Oudemolsedijk,2020-08-31,00:00:00,0,0,0,FMN GV 18 Kasterlee
84,Oudemolsedijk,2020-08-31,01:00:00,0,0,0,FMN GV 18 Kasterlee
84,Oudemolsedijk,2020-08-31,02:00:00,0,0,0,FMN GV 18 Kasterlee
84,Oudemolsedijk,2020-08-31,03:00:00,1,0,1,FMN GV 18 Kasterlee
84,Oudemolsedijk,2020-08-31,04:00:00,1,1,0,FMN GV 18 Kasterlee
84,Oudemolsedijk,2020-08-31,05:00:00,2,2,0,FMN GV 18 Kasterlee
84,Oudemolsedijk,2020-08-31,06:00:00,15,9,6,FMN GV 18 Kasterlee
84,Oudemolsedijk,2020-08-31,07:00:00,15,8,7,FMN GV 18 Kasterlee
84,Oudemolsedijk,2020-08-31,08:00:00,7,2,5,FMN GV 18 Kasterlee
84,Oudemolsedijk,2020-08-31,09:00:00,6,4,2,FMN GV 18 Kasterlee
84,Oudemolsedijk,2020-08-31,10:00:00,15,8,7,FMN GV 18 Kasterlee
84,Oudemolsedijk,2020-08-31,11:00:00,22,12,10,FMN GV 18 Kasterlee
84,Oudemolsedijk,2020-08-31,12:00:00,21,8,13,FMN GV 18 Kasterlee
84,Oudemolsedijk,2020-08-31,13:00:00,84,42,42,FMN GV 18 Kasterlee
84,Oudemolsedijk,2020-08-31,14:00:00,56,24,32,FMN GV 18 Kasterlee
84,Oudemolsedijk,2020-08-31,15:00:00,84,62,22,FMN GV 18 Kasterlee
84,Oudemolsedijk,2020-08-31,16:00:00,83,27,56,FMN GV 18 Kasterlee
84,Oudemolsedijk,2020-08-31,17:00:00,47,25,22,FMN GV 18 Kasterlee
84,Oudemolsedijk,2020-08-31,18:00:00,19,11,8,FMN GV 18 Kasterlee
84,Oudemolsedijk,2020-08-31,19:00:00,27,13,14,FMN GV 18 Kasterlee
84,Oudemolsedijk,2020-08-31,20:00:00,7,5,2,FMN GV 18 Kasterlee
84,Oudemolsedijk,2020-08-31,21:00:00,7,5,2,FMN GV 18 Kasterlee
84,Oudemolsedijk,2020-08-31,22:00:00,1,1,0,FMN GV 18 Kasterlee
84,Oudemolsedijk,2020-08-31,23:00:00,1,1,0,FMN GV 18 Kasterlee
84,Oudemolsedijk,2020-09-01,00:00:00,0,0,0,FMN GV 18 Kasterlee
84,Oudemolsedijk,2020-09-01,01:00:00,0,0,0,FMN GV 18 Kasterlee
84,Oudemolsedijk,2020-09-01,02:00:00,0,0,0,FMN GV 18 Kasterlee
84,Oudemolsedijk,2020-09-01,03:00:00,2,1,1,FMN GV 18 Kasterlee
84,Oudemolsedijk,2020-09-01,04:00:00,1,1,0,FMN GV 18 Kasterlee
84,Oudemolsedijk,2020-09-01,05:00:00,2,2,0,FMN GV 18 Kasterlee
84,Oudemolsedijk,2020-09-01,06:00:00,21,7,14,FMN GV 18 Kasterlee
84,Oudemolsedijk,2020-09-01,07:00:00,20,13,7,FMN GV 18 Kasterlee
84,Oudemolsedijk,2020-09-01,08:00:00,30,16,14,FMN GV 18 Kasterlee
84,Oudemolsedijk,2020-09-01,09:00:00,16,9,7,FMN GV 18 Kasterlee
84,Oudemolsedijk,2020-09-01,10:00:00,29,7,22,FMN GV 18 Kasterlee
84,Oudemolsedijk,2020-09-01,11:00:00,35,20,15,FMN GV 18 Kasterlee
84,Oudemolsedijk,2020-09-01,12:00:00,45,23,22,FMN GV 18 Kasterlee
84,Oudemolsedijk,2020-09-01,13:00:00,95,48,47,FMN GV 18 Kasterlee
84,Oudemolsedijk,2020-09-01,14:00:00,137,74,63,FMN GV 18 Kasterlee
84,Oudemolsedijk,2020-09-01,15:00:00,97,49,48,FMN GV 18 Kasterlee
84,Oudemolsedijk,2020-09-01,16:00:00,79,30,49,FMN GV 18 Kasterlee
84,Oudemolsedijk,2020-09-01,17:00:00,44,16,28,FMN GV 18 Kasterlee
84,Oudemolsedijk,2020-09-01,18:00:00,42,19,23,FMN GV 18 Kasterlee
84,Oudemolsedijk,2020-09-01,19:00:00,41,28,13,FMN GV 18 Kasterlee
84,Oudemolsedijk,2020-09-01,20:00:00,21,7,14,FMN GV 18 Kasterlee
84,Oudemolsedijk,2020-09-01,21:00:00,8,7,1,FMN GV 18 Kasterlee
84,Oudemolsedijk,2020-09-01,22:00:00,3,3,0,FMN GV 18 Kasterlee
84,Oudemolsedijk,2020-09-01,23:00:00,3,2,1,FMN GV 18 Kasterlee
84,Oudemolsedijk,2020-09-02,00:00:00,0,0,0,FMN GV 18 Kasterlee
84,Oudemolsedijk,2020-09-02,01:00:00,0,0,0,FMN GV 18 Kasterlee
84,Oudemolsedijk,2020-09-02,02:00:00,0,0,0,FMN GV 18 Kasterlee
84,Oudemolsedijk,2020-09-02,03:00:00,1,0,1,FMN GV 18 Kasterlee
84,Oudemolsedijk,2020-09-02,04:00:00,1,1,0,FMN GV 18 Kasterlee
84,Oudemolsedijk,2020-09-02,05:00:00,4,3,1,FMN GV 18 Kasterlee
84,Oudemolsedijk,2020-09-02,06:00:00,25,9,16,FMN GV 18 Kasterlee
84,Oudemolsedijk,2020-09-02,07:00:00,23,10,13,FMN GV 18 Kasterlee
84,Oudemolsedijk,2020-09-02,08:00:00,21,12,9,FMN GV 18 Kasterlee
84,Oudemolsedijk,2020-09-02,09:00:00,20,7,13,FMN GV 18 Kasterlee
84,Oudemolsedijk,2020-09-02,10:00:00,36,16,20,FMN GV 18 Kasterlee
84,Oudemolsedijk,2020-09-02,11:00:00,36,22,14,FMN GV 18 Kasterlee
84,Oudemolsedijk,2020-09-02,12:00:00,64,27,37,FMN GV 18 Kasterlee
84,Oudemolsedijk,2020-09-02,13:00:00,78,33,45,FMN GV 18 Kasterlee
84,Oudemolsedijk,2020-09-02,14:00:00,158,101,57,FMN GV 18 Kasterlee
84,Oudemolsedijk,2020-09-02,15:00:00,108,56,52,FMN GV 18 Kasterlee
84,Oudemolsedijk,2020-09-02,16:00:00,113,58,55,FMN GV 18 Kasterlee
84,Oudemolsedijk,2020-09-02,17:00:00,74,38,36,FMN GV 18 Kasterlee
84,Oudemolsedijk,2020-09-02,18:00:00,34,23,11,FMN GV 18 Kasterlee
84,Oudemolsedijk,2020-09-02,19:00:00,51,22,29,FMN GV 18 Kasterlee
84,Oudemolsedijk,2020-09-02,20:00:00,74,45,29,FMN GV 18 Kasterlee
84,Oudemolsedijk,2020-09-02,21:00:00,4,4,0,FMN GV 18 Kasterlee
84,Oudemolsedijk,2020-09-02,22:00:00,2,1,1,FMN GV 18 Kasterlee
84,Oudemolsedijk,2020-09-02,23:00:00,1,1,0,FMN GV 18 Kasterlee
84,Oudemolsedijk,2020-09-03,00:00:00,0,0,0,FMN GV 18 Kasterlee
84,Oudemolsedijk,2020-09-03,01:00:00,0,0,0,FMN GV 18 Kasterlee
84,Oudemolsedijk,2020-09-03,02:00:00,2,0,2,FMN GV 18 Kasterlee
84,Oudemolsedijk,2020-09-03,03:00:00,0,0,0,FMN GV 18 Kasterlee
84,Oudemolsedijk,2020-09-03,04:00:00,1,1,0,FMN GV 18 Kasterlee
84,Oudemolsedijk,2020-09-03,05:00:00,4,4,0,FMN GV 18 Kasterlee
84,Oudemolsedijk,2020-09-03,06:00:00,12,2,10,FMN GV 18 Kasterlee
84,Oudemolsedijk,2020-09-03,07:00:00,17,9,8,FMN GV 18 Kasterlee
84,Oudemolsedijk,2020-09-03,08:00:00,20,11,9,FMN GV 18 Kasterlee
84,Oudemolsedijk,2020-09-03,09:00:00,1,0,1,FMN GV 18 Kasterlee
84,Oudemolsedijk,2020-09-03,10:00:00,3,1,2,FMN GV 18 Kasterlee
84,Oudemolsedijk,2020-09-03,11:00:00,4,4,0,FMN GV 18 Kasterlee
84,Oudemolsedijk,2020-09-03,12:00:00,12,3,9,FMN GV 18 Kasterlee
84,Oudemolsedijk,2020-09-03,13:00:00,6,4,2,FMN GV 18 Kasterlee
84,Oudemolsedijk,2020-09-03,14:00:00,23,8,15,FMN GV 18 Kasterlee
84,Oudemolsedijk,2020-09-03,15:00:00,21,18,3,FMN GV 18 Kasterlee
84,Oudemolsedijk,2020-09-03,16:00:00,28,16,12,FMN GV 18 Kasterlee
84,Oudemolsedijk,2020-09-03,17:00:00,24,11,13,FMN GV 18 Kasterlee
84,Oudemolsedijk,2020-09-03,18:00:00,24,9,15,FMN GV 18 Kasterlee
84,Oudemolsedijk,2020-09-03,19:00:00,31,24,7,FMN GV 18 Kasterlee
84,Oudemolsedijk,2020-09-03,20:00:00,16,14,2,FMN GV 18 Kasterlee
84,Oudemolsedijk,2020-09-03,21:00:00,1,1,0,FMN GV 18 Kasterlee
84,Oudemolsedijk,2020-09-03,22:00:00,0,0,0,FMN GV 18 Kasterlee
84,Oudemolsedijk,2020-09-03,23:00:00,1,1,0,FMN GV 18 Kasterlee
84,Oudemolsedijk,2020-09-04,00:00:00,2,1,1,FMN GV 18 Kasterlee
84,Oudemolsedijk,2020-09-04,01:00:00,0,0,0,FMN GV 18 Kasterlee
84,Oudemolsedijk,2020-09-04,02:00:00,1,0,1,FMN GV 18 Kasterlee
84,Oudemolsedijk,2020-09-04,03:00:00,0,0,0,FMN GV 18 Kasterlee
84,Oudemolsedijk,2020-09-04,04:00:00,1,1,0,FMN GV 18 Kasterlee
84,Oudemolsedijk,2020-09-04,05:00:00,2,2,0,FMN GV 18 Kasterlee
84,Oudemolsedijk,2020-09-04,06:00:00,9,3,6,FMN GV 18 Kasterlee
84,Oudemolsedijk,2020-09-04,07:00:00,19,8,11,FMN GV 18 Kasterlee
84,Oudemolsedijk,2020-09-04,08:00:00,17,11,6,FMN GV 18 Kasterlee
84,Oudemolsedijk,2020-09-04,09:00:00,10,3,7,FMN GV 18 Kasterlee
84,Oudemolsedijk,2020-09-04,10:00:00,11,7,4,FMN GV 18 Kasterlee
84,Oudemolsedijk,2020-09-04,11:00:00,13,7,6,FMN GV 18 Kasterlee
84,Oudemolsedijk,2020-09-04,12:00:00,21,11,10,FMN GV 18 Kasterlee
84,Oudemolsedijk,2020-09-04,13:00:00,37,18,19,FMN GV 18 Kasterlee
84,Oudemolsedijk,2020-09-04,14:00:00,50,27,23,FMN GV 18 Kasterlee
84,Oudemolsedijk,2020-09-04,15:00:00,75,49,26,FMN GV 18 Kasterlee
84,Oudemolsedijk,2020-09-04,16:00:00,63,42,21,FMN GV 18 Kasterlee
84,Oudemolsedijk,2020-09-04,17:00:00,45,19,26,FMN GV 18 Kasterlee
84,Oudemolsedijk,2020-09-04,18:00:00,23,12,11,FMN GV 18 Kasterlee
84,Oudemolsedijk,2020-09-04,19:00:00,14,10,4,FMN GV 18 Kasterlee
84,Oudemolsedijk,2020-09-04,20:00:00,9,1,8,FMN GV 18 Kasterlee
84,Oudemolsedijk,2020-09-04,21:00:00,4,2,2,FMN GV 18 Kasterlee
84,Oudemolsedijk,2020-09-04,22:00:00,2,0,2,FMN GV 18 Kasterlee
84,Oudemolsedijk,2020-09-04,23:00:00,5,4,1,FMN GV 18 Kasterlee
84,Oudemolsedijk,2020-09-05,00:00:00,0,0,0,FMN GV 18 Kasterlee
84,Oudemolsedijk,2020-09-05,01:00:00,2,0,2,FMN GV 18 Kasterlee
84,Oudemolsedijk,2020-09-05,02:00:00,0,0,0,FMN GV 18 Kasterlee
84,Oudemolsedijk,2020-09-05,03:00:00,0,0,0,FMN GV 18 Kasterlee
84,Oudemolsedijk,2020-09-05,04:00:00,0,0,0,FMN GV 18 Kasterlee
84,Oudemolsedijk,2020-09-05,05:00:00,1,1,0,FMN GV 18 Kasterlee
84,Oudemolsedijk,2020-09-05,06:00:00,0,0,0,FMN GV 18 Kasterlee
84,Oudemolsedijk,2020-09-05,07:00:00,0,0,0,FMN GV 18 Kasterlee
84,Oudemolsedijk,2020-09-05,08:00:00,11,4,7,FMN GV 18 Kasterlee
84,Oudemolsedijk,2020-09-05,09:00:00,18,4,14,FMN GV 18 Kasterlee
84,Oudemolsedijk,2020-09-05,10:00:00,24,5,19,FMN GV 18 Kasterlee
84,Oudemolsedijk,2020-09-05,11:00:00,48,26,22,FMN GV 18 Kasterlee
84,Oudemolsedijk,2020-09-05,12:00:00,61,31,30,FMN GV 18 Kasterlee
84,Oudemolsedijk,2020-09-05,13:00:00,83,58,25,FMN GV 18 Kasterlee
84,Oudemolsedijk,2020-09-05,14:00:00,95,59,36,FMN GV 18 Kasterlee
84,Oudemolsedijk,2020-09-05,15:00:00,85,49,36,FMN GV 18 Kasterlee
84,Oudemolsedijk,2020-09-05,16:00:00,60,41,19,FMN GV 18 Kasterlee
84,Oudemolsedijk,2020-09-05,17:00:00,30,23,7,FMN GV 18 Kasterlee
84,Oudemolsedijk,2020-09-05,18:00:00,6,4,2,FMN GV 18 Kasterlee
84,Oudemolsedijk,2020-09-05,19:00:00,25,14,11,FMN GV 18 Kasterlee
84,Oudemolsedijk,2020-09-05,20:00:00,13,7,6,FMN GV 18 Kasterlee
84,Oudemolsedijk,2020-09-05,21:00:00,5,1,4,FMN GV 18 Kasterlee
84,Oudemolsedijk,2020-09-05,22:00:00,0,0,0,FMN GV 18 Kasterlee
84,Oudemolsedijk,2020-09-05,23:00:00,2,2,0,FMN GV 18 Kasterlee
84,Oudemolsedijk,2020-09-06,00:00:00,0,0,0,FMN GV 18 Kasterlee
84,Oudemolsedijk,2020-09-06,01:00:00,1,0,1,FMN GV 18 Kasterlee
84,Oudemolsedijk,2020-09-06,02:00:00,0,0,0,FMN GV 18 Kasterlee
84,Oudemolsedijk,2020-09-06,03:00:00,1,1,0,FMN GV 18 Kasterlee
84,Oudemolsedijk,2020-09-06,04:00:00,0,0,0,FMN GV 18 Kasterlee
84,Oudemolsedijk,2020-09-06,05:00:00,0,0,0,FMN GV 18 Kasterlee
84,Oudemolsedijk,2020-09-06,06:00:00,1,1,0,FMN GV 18 Kasterlee
84,Oudemolsedijk,2020-09-06,07:00:00,3,0,3,FMN GV 18 Kasterlee
84,Oudemolsedijk,2020-09-06,08:00:00,40,13,27,FMN GV 18 Kasterlee
84,Oudemolsedijk,2020-09-06,09:00:00,85,42,43,FMN GV 18 Kasterlee
84,Oudemolsedijk,2020-09-06,10:00:00,138,79,59,FMN GV 18 Kasterlee
84,Oudemolsedijk,2020-09-06,11:00:00,113,58,55,FMN GV 18 Kasterlee
84,Oudemolsedijk,2020-09-06,12:00:00,82,50,32,FMN GV 18 Kasterlee
84,Oudemolsedijk,2020-09-06,13:00:00,123,47,76,FMN GV 18 Kasterlee
84,Oudemolsedijk,2020-09-06,14:00:00,200,117,83,FMN GV 18 Kasterlee
84,Oudemolsedijk,2020-09-06,15:00:00,114,37,77,FMN GV 18 Kasterlee
84,Oudemolsedijk,2020-09-06,16:00:00,104,34,70,FMN GV 18 Kasterlee
84,Oudemolsedijk,2020-09-06,17:00:00,55,33,22,FMN GV 18 Kasterlee
84,Oudemolsedijk,2020-09-06,18:00:00,31,16,15,FMN GV 18 Kasterlee
84,Oudemolsedijk,2020-09-06,19:00:00,13,6,7,FMN GV 18 Kasterlee
84,Oudemolsedijk,2020-09-06,20:00:00,12,10,2,FMN GV 18 Kasterlee
84,Oudemolsedijk,2020-09-06,21:00:00,4,4,0,FMN GV 18 Kasterlee
84,Oudemolsedijk,2020-09-06,22:00:00,5,4,1,FMN GV 18 Kasterlee
84,Oudemolsedijk,2020-09-06,23:00:00,0,0,0,FMN GV 18 Kasterlee
84,Oudemolsedijk,2020-09-07,00:00:00,0,0,0,FMN GV 18 Kasterlee
84,Oudemolsedijk,2020-09-07,01:00:00,1,0,1,FMN GV 18 Kasterlee
84,Oudemolsedijk,2020-09-07,02:00:00,0,0,0,FMN GV 18 Kasterlee
84,Oudemolsedijk,2020-09-07,03:00:00,1,0,1,FMN GV 18 Kasterlee
84,Oudemolsedijk,2020-09-07,04:00:00,0,0,0,FMN GV 18 Kasterlee
84,Oudemolsedijk,2020-09-07,05:00:00,1,1,0,FMN GV 18 Kasterlee
84,Oudemolsedijk,2020-09-07,06:00:00,12,4,8,FMN GV 18 Kasterlee
84,Oudemolsedijk,2020-09-07,07:00:00,21,9,12,FMN GV 18 Kasterlee
84,Oudemolsedijk,2020-09-07,08:00:00,18,12,6,FMN GV 18 Kasterlee
84,Oudemolsedijk,2020-09-07,09:00:00,12,4,8,FMN GV 18 Kasterlee
84,Oudemolsedijk,2020-09-07,10:00:00,24,14,10,FMN GV 18 Kasterlee
84,Oudemolsedijk,2020-09-07,11:00:00,29,20,9,FMN GV 18 Kasterlee
84,Oudemolsedijk,2020-09-07,12:00:00,30,13,17,FMN GV 18 Kasterlee
84,Oudemolsedijk,2020-09-07,13:00:00,78,36,42,FMN GV 18 Kasterlee
84,Oudemolsedijk,2020-09-07,14:00:00,106,73,33,FMN GV 18 Kasterlee
84,Oudemolsedijk,2020-09-07,15:00:00,81,39,42,FMN GV 18 Kasterlee
84,Oudemolsedijk,2020-09-07,16:00:00,115,44,71,FMN GV 18 Kasterlee
84,Oudemolsedijk,2020-09-07,17:00:00,48,26,22,FMN GV 18 Kasterlee
84,Oudemolsedijk,2020-09-07,18:00:00,24,15,9,FMN GV 18 Kasterlee
84,Oudemolsedijk,2020-09-07,19:00:00,26,14,12,FMN GV 18 Kasterlee
84,Oudemolsedijk,2020-09-07,20:00:00,22,16,6,FMN GV 18 Kasterlee
84,Oudemolsedijk,2020-09-07,21:00:00,3,0,3,FMN GV 18 Kasterlee
84,Oudemolsedijk,2020-09-07,22:00:00,4,0,4,FMN GV 18 Kasterlee
84,Oudemolsedijk,2020-09-07,23:00:00,0,0,0,FMN GV 18 Kasterlee
84,Oudemolsedijk,2020-09-08,00:00:00,1,0,1,FMN GV 18 Kasterlee
84,Oudemolsedijk,2020-09-08,01:00:00,0,0,0,FMN GV 18 Kasterlee
84,Oudemolsedijk,2020-09-08,02:00:00,1,0,1,FMN GV 18 Kasterlee
84,Oudemolsedijk,2020-09-08,03:00:00,0,0,0,FMN GV 18 Kasterlee
84,Oudemolsedijk,2020-09-08,04:00:00,0,0,0,FMN GV 18 Kasterlee
84,Oudemolsedijk,2020-09-08,05:00:00,4,3,1,FMN GV 18 Kasterlee
84,Oudemolsedijk,2020-09-08,06:00:00,13,5,8,FMN GV 18 Kasterlee
84,Oudemolsedijk,2020-09-08,07:00:00,27,11,16,FMN GV 18 Kasterlee
84,Oudemolsedijk,2020-09-08,08:00:00,29,16,13,FMN GV 18 Kasterlee
84,Oudemolsedijk,2020-09-08,09:00:00,46,8,38,FMN GV 18 Kasterlee
84,Oudemolsedijk,2020-09-08,10:00:00,27,15,12,FMN GV 18 Kasterlee
84,Oudemolsedijk,2020-09-08,11:00:00,31,25,6,FMN GV 18 Kasterlee
84,Oudemolsedijk,2020-09-08,12:00:00,38,24,14,FMN GV 18 Kasterlee
84,Oudemolsedijk,2020-09-08,13:00:00,69,18,51,FMN GV 18 Kasterlee
84,Oudemolsedijk,2020-09-08,14:00:00,41,25,16,FMN GV 18 Kasterlee
84,Oudemolsedijk,2020-09-08,15:00:00,70,46,24,FMN GV 18 Kasterlee
84,Oudemolsedijk,2020-09-08,16:00:00,75,42,33,FMN GV 18 Kasterlee
84,Oudemolsedijk,2020-09-08,17:00:00,48,33,15,FMN GV 18 Kasterlee
84,Oudemolsedijk,2020-09-08,18:00:00,27,12,15,FMN GV 18 Kasterlee
84,Oudemolsedijk,2020-09-08,19:00:00,44,15,29,FMN GV 18 Kasterlee
84,Oudemolsedijk,2020-09-08,20:00:00,10,6,4,FMN GV 18 Kasterlee
84,Oudemolsedijk,2020-09-08,21:00:00,2,1,1,FMN GV 18 Kasterlee
84,Oudemolsedijk,2020-09-08,22:00:00,5,1,4,FMN GV 18 Kasterlee
84,Oudemolsedijk,2020-09-08,23:00:00,1,1,0,FMN GV 18 Kasterlee
84,Oudemolsedijk,2020-09-09,00:00:00,1,0,1,FMN GV 18 Kasterlee
84,Oudemolsedijk,2020-09-09,01:00:00,1,1,0,FMN GV 18 Kasterlee
84,Oudemolsedijk,2020-09-09,02:00:00,1,0,1,FMN GV 18 Kasterlee
84,Oudemolsedijk,2020-09-09,03:00:00,0,0,0,FMN GV 18 Kasterlee
84,Oudemolsedijk,2020-09-09,04:00:00,0,0,0,FMN GV 18 Kasterlee
84,Oudemolsedijk,2020-09-09,05:00:00,2,1,1,FMN GV 18 Kasterlee
84,Oudemolsedijk,2020-09-09,06:00:00,13,4,9,FMN GV 18 Kasterlee
84,Oudemolsedijk,2020-09-09,07:00:00,27,9,18,FMN GV 18 Kasterlee
84,Oudemolsedijk,2020-09-09,08:00:00,17,8,9,FMN GV 18 Kasterlee
84,Oudemolsedijk,2020-09-09,09:00:00,21,7,14,FMN GV 18 Kasterlee
84,Oudemolsedijk,2020-09-09,10:00:00,32,19,13,FMN GV 18 Kasterlee
84,Oudemolsedijk,2020-09-09,11:00:00,29,15,14,FMN GV 18 Kasterlee
84,Oudemolsedijk,2020-09-09,12:00:00,38,19,19,FMN GV 18 Kasterlee
84,Oudemolsedijk,2020-09-09,13:00:00,59,33,26,FMN GV 18 Kasterlee
84,Oudemolsedijk,2020-09-09,14:00:00,71,22,49,FMN GV 18 Kasterlee
84,Oudemolsedijk,2020-09-09,15:00:00,69,35,34,FMN GV 18 Kasterlee
84,Oudemolsedijk,2020-09-09,16:00:00,72,36,36,FMN GV 18 Kasterlee
84,Oudemolsedijk,2020-09-09,17:00:00,30,14,16,FMN GV 18 Kasterlee
84,Oudemolsedijk,2020-09-09,18:00:00,27,9,18,FMN GV 18 Kasterlee
84,Oudemolsedijk,2020-09-09,19:00:00,42,23,19,FMN GV 18 Kasterlee
84,Oudemolsedijk,2020-09-09,20:00:00,16,6,10,FMN GV 18 Kasterlee
84,Oudemolsedijk,2020-09-09,21:00:00,2,1,1,FMN GV 18 Kasterlee
84,Oudemolsedijk,2020-09-09,22:00:00,6,0,6,FMN GV 18 Kasterlee
84,Oudemolsedijk,2020-09-09,23:00:00,0,0,0,FMN GV 18 Kasterlee
84,Oudemolsedijk,2020-09-10,00:00:00,0,0,0,FMN GV 18 Kasterlee
84,Oudemolsedijk,2020-09-10,01:00:00,0,0,0,FMN GV 18 Kasterlee
84,Oudemolsedijk,2020-09-10,02:00:00,0,0,0,FMN GV 18 Kasterlee
84,Oudemolsedijk,2020-09-10,03:00:00,0,0,0,FMN GV 18 Kasterlee
84,Oudemolsedijk,2020-09-10,04:00:00,0,0,0,FMN GV 18 Kasterlee
84,Oudemolsedijk,2020-09-10,05:00:00,4,3,1,FMN GV 18 Kasterlee
84,Oudemolsedijk,2020-09-10,06:00:00,11,3,8,FMN GV 18 Kasterlee
84,Oudemolsedijk,2020-09-10,07:00:00,31,16,15,FMN GV 18 Kasterlee
84,Oudemolsedijk,2020-09-10,08:00:00,19,11,8,FMN GV 18 Kasterlee
84,Oudemolsedijk,2020-09-10,09:00:00,31,12,19,FMN GV 18 Kasterlee
84,Oudemolsedijk,2020-09-10,10:00:00,35,22,13,FMN GV 18 Kasterlee
84,Oudemolsedijk,2020-09-10,11:00:00,46,20,26,FMN GV 18 Kasterlee
84,Oudemolsedijk,2020-09-10,12:00:00,58,28,30,FMN GV 18 Kasterlee
84,Oudemolsedijk,2020-09-10,13:00:00,106,39,67,FMN GV 18 Kasterlee
84,Oudemolsedijk,2020-09-10,14:00:00,152,85,67,FMN GV 18 Kasterlee
84,Oudemolsedijk,2020-09-10,15:00:00,105,58,47,FMN GV 18 Kasterlee
84,Oudemolsedijk,2020-09-10,16:00:00,120,89,31,FMN GV 18 Kasterlee
84,Oudemolsedijk,2020-09-10,17:00:00,52,20,32,FMN GV 18 Kasterlee
84,Oudemolsedijk,2020-09-10,18:00:00,44,25,19,FMN GV 18 Kasterlee
84,Oudemolsedijk,2020-09-10,19:00:00,27,12,15,FMN GV 18 Kasterlee
84,Oudemolsedijk,2020-09-10,20:00:00,33,23,10,FMN GV 18 Kasterlee
84,Oudemolsedijk,2020-09-10,21:00:00,3,0,3,FMN GV 18 Kasterlee
84,Oudemolsedijk,2020-09-10,22:00:00,5,0,5,FMN GV 18 Kasterlee
84,Oudemolsedijk,2020-09-10,23:00:00,1,1,0,FMN GV 18 Kasterlee
84,Oudemolsedijk,2020-09-11,00:00:00,0,0,0,FMN GV 18 Kasterlee
84,Oudemolsedijk,2020-09-11,01:00:00,0,0,0,FMN GV 18 Kasterlee
84,Oudemolsedijk,2020-09-11,02:00:00,1,0,1,FMN GV 18 Kasterlee
84,Oudemolsedijk,2020-09-11,03:00:00,0,0,0,FMN GV 18 Kasterlee
84,Oudemolsedijk,2020-09-11,04:00:00,0,0,0,FMN GV 18 Kasterlee
84,Oudemolsedijk,2020-09-11,05:00:00,5,4,1,FMN GV 18 Kasterlee
84,Oudemolsedijk,2020-09-11,06:00:00,13,3,10,FMN GV 18 Kasterlee
84,Oudemolsedijk,2020-09-11,07:00:00,24,13,11,FMN GV 18 Kasterlee
84,Oudemolsedijk,2020-09-11,08:00:00,28,16,12,FMN GV 18 Kasterlee
84,Oudemolsedijk,2020-09-11,09:00:00,18,7,11,FMN GV 18 Kasterlee
84,Oudemolsedijk,2020-09-11,10:00:00,19,13,6,FMN GV 18 Kasterlee
84,Oudemolsedijk,2020-09-11,11:00:00,32,15,17,FMN GV 18 Kasterlee
84,Oudemolsedijk,2020-09-11,12:00:00,42,27,15,FMN GV 18 Kasterlee
84,Oudemolsedijk,2020-09-11,13:00:00,63,26,37,FMN GV 18 Kasterlee
84,Oudemolsedijk,2020-09-11,14:00:00,86,47,39,FMN GV 18 Kasterlee
84,Oudemolsedijk,2020-09-11,15:00:00,97,53,44,FMN GV 18 Kasterlee
84,Oudemolsedijk,2020-09-11,16:00:00,115,69,46,FMN GV 18 Kasterlee
84,Oudemolsedijk,2020-09-11,17:00:00,55,40,15,FMN GV 18 Kasterlee
84,Oudemolsedijk,2020-09-11,18:00:00,26,11,15,FMN GV 18 Kasterlee
84,Oudemolsedijk,2020-09-11,19:00:00,34,18,16,FMN GV 18 Kasterlee
84,Oudemolsedijk,2020-09-11,20:00:00,2,1,1,FMN GV 18 Kasterlee
84,Oudemolsedijk,2020-09-11,21:00:00,3,1,2,FMN GV 18 Kasterlee
84,Oudemolsedijk,2020-09-11,22:00:00,5,2,3,FMN GV 18 Kasterlee
84,Oudemolsedijk,2020-09-11,23:00:00,0,0,0,FMN GV 18 Kasterlee
84,Oudemolsedijk,2020-09-12,00:00:00,1,0,1,FMN GV 18 Kasterlee
84,Oudemolsedijk,2020-09-12,01:00:00,1,0,1,FMN GV 18 Kasterlee
84,Oudemolsedijk,2020-09-12,02:00:00,0,0,0,FMN GV 18 Kasterlee
84,Oudemolsedijk,2020-09-12,03:00:00,0,0,0,FMN GV 18 Kasterlee
84,Oudemolsedijk,2020-09-12,04:00:00,0,0,0,FMN GV 18 Kasterlee
84,Oudemolsedijk,2020-09-12,05:00:00,0,0,0,FMN GV 18 Kasterlee
84,Oudemolsedijk,2020-09-12,06:00:00,3,2,1,FMN GV 18 Kasterlee
84,Oudemolsedijk,2020-09-12,07:00:00,3,2,1,FMN GV 18 Kasterlee
84,Oudemolsedijk,2020-09-12,08:00:00,12,1,11,FMN GV 18 Kasterlee
84,Oudemolsedijk,2020-09-12,09:00:00,27,10,17,FMN GV 18 Kasterlee
84,Oudemolsedijk,2020-09-12,10:00:00,78,33,45,FMN GV 18 Kasterlee
84,Oudemolsedijk,2020-09-12,11:00:00,60,22,38,FMN GV 18 Kasterlee
84,Oudemolsedijk,2020-09-12,12:00:00,87,37,50,FMN GV 18 Kasterlee
84,Oudemolsedijk,2020-09-12,13:00:00,102,36,66,FMN GV 18 Kasterlee
84,Oudemolsedijk,2020-09-12,14:00:00,123,48,75,FMN GV 18 Kasterlee
84,Oudemolsedijk,2020-09-12,15:00:00,131,65,66,FMN GV 18 Kasterlee
84,Oudemolsedijk,2020-09-12,16:00:00,91,52,39,FMN GV 18 Kasterlee
84,Oudemolsedijk,2020-09-12,17:00:00,48,25,23,FMN GV 18 Kasterlee
84,Oudemolsedijk,2020-09-12,18:00:00,20,8,12,FMN GV 18 Kasterlee
84,Oudemolsedijk,2020-09-12,19:00:00,11,8,3,FMN GV 18 Kasterlee
84,Oudemolsedijk,2020-09-12,20:00:00,5,4,1,FMN GV 18 Kasterlee
84,Oudemolsedijk,2020-09-12,21:00:00,6,1,5,FMN GV 18 Kasterlee
84,Oudemolsedijk,2020-09-12,22:00:00,3,0,3,FMN GV 18 Kasterlee
84,Oudemolsedijk,2020-09-12,23:00:00,0,0,0,FMN GV 18 Kasterlee
84,Oudemolsedijk,2020-09-13,00:00:00,0,0,0,FMN GV 18 Kasterlee
84,Oudemolsedijk,2020-09-13,01:00:00,2,1,1,FMN GV 18 Kasterlee
84,Oudemolsedijk,2020-09-13,02:00:00,0,0,0,FMN GV 18 Kasterlee
84,Oudemolsedijk,2020-09-13,03:00:00,0,0,0,FMN GV 18 Kasterlee
84,Oudemolsedijk,2020-09-13,04:00:00,0,0,0,FMN GV 18 Kasterlee
84,Oudemolsedijk,2020-09-13,05:00:00,0,0,0,FMN GV 18 Kasterlee
84,Oudemolsedijk,2020-09-13,06:00:00,2,1,1,FMN GV 18 Kasterlee
84,Oudemolsedijk,2020-09-13,07:00:00,7,2,5,FMN GV 18 Kasterlee
84,Oudemolsedijk,2020-09-13,08:00:00,25,13,12,FMN GV 18 Kasterlee
84,Oudemolsedijk,2020-09-13,09:00:00,101,72,29,FMN GV 18 Kasterlee
84,Oudemolsedijk,2020-09-13,10:00:00,128,68,60,FMN GV 18 Kasterlee
84,Oudemolsedijk,2020-09-13,11:00:00,175,99,76,FMN GV 18 Kasterlee
84,Oudemolsedijk,2020-09-13,12:00:00,88,46,42,FMN GV 18 Kasterlee
84,Oudemolsedijk,2020-09-13,13:00:00,138,67,71,FMN GV 18 Kasterlee
84,Oudemolsedijk,2020-09-13,14:00:00,247,119,128,FMN GV 18 Kasterlee
84,Oudemolsedijk,2020-09-13,15:00:00,180,112,68,FMN GV 18 Kasterlee
84,Oudemolsedijk,2020-09-13,16:00:00,171,77,94,FMN GV 18 Kasterlee
84,Oudemolsedijk,2020-09-13,17:00:00,50,31,19,FMN GV 18 Kasterlee
84,Oudemolsedijk,2020-09-13,18:00:00,68,40,28,FMN GV 18 Kasterlee
84,Oudemolsedijk,2020-09-13,19:00:00,13,10,3,FMN GV 18 Kasterlee
84,Oudemolsedijk,2020-09-13,20:00:00,9,6,3,FMN GV 18 Kasterlee
84,Oudemolsedijk,2020-09-13,21:00:00,2,2,0,FMN GV 18 Kasterlee
84,Oudemolsedijk,2020-09-13,22:00:00,1,0,1,FMN GV 18 Kasterlee
84,Oudemolsedijk,2020-09-13,23:00:00,0,0,0,FMN GV 18 Kasterlee
84,Oudemolsedijk,2020-09-14,00:00:00,0,0,0,FMN GV 18 Kasterlee
84,Oudemolsedijk,2020-09-14,01:00:00,0,0,0,FMN GV 18 Kasterlee
84,Oudemolsedijk,2020-09-14,02:00:00,0,0,0,FMN GV 18 Kasterlee
84,Oudemolsedijk,2020-09-14,03:00:00,0,0,0,FMN GV 18 Kasterlee
84,Oudemolsedijk,2020-09-14,04:00:00,1,1,0,FMN GV 18 Kasterlee
84,Oudemolsedijk,2020-09-14,05:00:00,7,5,2,FMN GV 18 Kasterlee
84,Oudemolsedijk,2020-09-14,06:00:00,15,5,10,FMN GV 18 Kasterlee
84,Oudemolsedijk,2020-09-14,07:00:00,24,8,16,FMN GV 18 Kasterlee
84,Oudemolsedijk,2020-09-14,08:00:00,22,15,7,FMN GV 18 Kasterlee
84,Oudemolsedijk,2020-09-14,09:00:00,22,8,14,FMN GV 18 Kasterlee
84,Oudemolsedijk,2020-09-14,10:00:00,45,15,30,FMN GV 18 Kasterlee
84,Oudemolsedijk,2020-09-14,11:00:00,43,22,21,FMN GV 18 Kasterlee
84,Oudemolsedijk,2020-09-14,12:00:00,61,42,19,FMN GV 18 Kasterlee
84,Oudemolsedijk,2020-09-14,13:00:00,85,31,54,FMN GV 18 Kasterlee
84,Oudemolsedijk,2020-09-14,14:00:00,117,62,55,FMN GV 18 Kasterlee
84,Oudemolsedijk,2020-09-14,15:00:00,115,57,58,FMN GV 18 Kasterlee
84,Oudemolsedijk,2020-09-14,16:00:00,129,60,69,FMN GV 18 Kasterlee
84,Oudemolsedijk,2020-09-14,17:00:00,72,41,31,FMN GV 18 Kasterlee
84,Oudemolsedijk,2020-09-14,18:00:00,32,17,15,FMN GV 18 Kasterlee
84,Oudemolsedijk,2020-09-14,19:00:00,33,12,21,FMN GV 18 Kasterlee
84,Oudemolsedijk,2020-09-14,20:00:00,12,10,2,FMN GV 18 Kasterlee
84,Oudemolsedijk,2020-09-14,21:00:00,7,6,1,FMN GV 18 Kasterlee
84,Oudemolsedijk,2020-09-14,22:00:00,0,0,0,FMN GV 18 Kasterlee
84,Oudemolsedijk,2020-09-14,23:00:00,1,1,0,FMN GV 18 Kasterlee
84,Oudemolsedijk,2020-09-15,00:00:00,0,0,0,FMN GV 18 Kasterlee
84,Oudemolsedijk,2020-09-15,01:00:00,0,0,0,FMN GV 18 Kasterlee
84,Oudemolsedijk,2020-09-15,02:00:00,0,0,0,FMN GV 18 Kasterlee
84,Oudemolsedijk,2020-09-15,03:00:00,0,0,0,FMN GV 18 Kasterlee
84,Oudemolsedijk,2020-09-15,04:00:00,1,1,0,FMN GV 18 Kasterlee
84,Oudemolsedijk,2020-09-15,05:00:00,8,8,0,FMN GV 18 Kasterlee
84,Oudemolsedijk,2020-09-15,06:00:00,11,3,8,FMN GV 18 Kasterlee
84,Oudemolsedijk,2020-09-15,07:00:00,31,15,16,FMN GV 18 Kasterlee
84,Oudemolsedijk,2020-09-15,08:00:00,33,17,16,FMN GV 18 Kasterlee
84,Oudemolsedijk,2020-09-15,09:00:00,33,13,20,FMN GV 18 Kasterlee
84,Oudemolsedijk,2020-09-15,10:00:00,64,24,40,FMN GV 18 Kasterlee
84,Oudemolsedijk,2020-09-15,11:00:00,71,47,24,FMN GV 18 Kasterlee
84,Oudemolsedijk,2020-09-15,12:00:00,35,23,12,FMN GV 18 Kasterlee
84,Oudemolsedijk,2020-09-15,13:00:00,81,51,30,FMN GV 18 Kasterlee
84,Oudemolsedijk,2020-09-15,14:00:00,99,66,33,FMN GV 18 Kasterlee
84,Oudemolsedijk,2020-09-15,15:00:00,88,58,30,FMN GV 18 Kasterlee
84,Oudemolsedijk,2020-09-15,16:00:00,68,43,25,FMN GV 18 Kasterlee
84,Oudemolsedijk,2020-09-15,17:00:00,71,35,36,FMN GV 18 Kasterlee
84,Oudemolsedijk,2020-09-15,18:00:00,37,13,24,FMN GV 18 Kasterlee
84,Oudemolsedijk,2020-09-15,19:00:00,48,25,23,FMN GV 18 Kasterlee
84,Oudemolsedijk,2020-09-15,20:00:00,12,7,5,FMN GV 18 Kasterlee
84,Oudemolsedijk,2020-09-15,21:00:00,14,11,3,FMN GV 18 Kasterlee
84,Oudemolsedijk,2020-09-15,22:00:00,0,0,0,FMN GV 18 Kasterlee
84,Oudemolsedijk,2020-09-15,23:00:00,1,1,0,FMN GV 18 Kasterlee
84,Oudemolsedijk,2020-09-16,00:00:00,0,0,0,FMN GV 18 Kasterlee
84,Oudemolsedijk,2020-09-16,01:00:00,0,0,0,FMN GV 18 Kasterlee
84,Oudemolsedijk,2020-09-16,02:00:00,0,0,0,FMN GV 18 Kasterlee
84,Oudemolsedijk,2020-09-16,03:00:00,1,1,0,FMN GV 18 Kasterlee
84,Oudemolsedijk,2020-09-16,04:00:00,1,1,0,FMN GV 18 Kasterlee
84,Oudemolsedijk,2020-09-16,05:00:00,8,6,2,FMN GV 18 Kasterlee
84,Oudemolsedijk,2020-09-16,06:00:00,19,7,12,FMN GV 18 Kasterlee
84,Oudemolsedijk,2020-09-16,07:00:00,29,15,14,FMN GV 18 Kasterlee
84,Oudemolsedijk,2020-09-16,08:00:00,20,13,7,FMN GV 18 Kasterlee
84,Oudemolsedijk,2020-09-16,09:00:00,29,16,13,FMN GV 18 Kasterlee
84,Oudemolsedijk,2020-09-16,10:00:00,51,26,25,FMN GV 18 Kasterlee
84,Oudemolsedijk,2020-09-16,11:00:00,57,29,28,FMN GV 18 Kasterlee
84,Oudemolsedijk,2020-09-16,12:00:00,45,17,28,FMN GV 18 Kasterlee
84,Oudemolsedijk,2020-09-16,13:00:00,79,37,42,FMN GV 18 Kasterlee
84,Oudemolsedijk,2020-09-16,14:00:00,104,48,56,FMN GV 18 Kasterlee
84,Oudemolsedijk,2020-09-16,15:00:00,87,43,44,FMN GV 18 Kasterlee
84,Oudemolsedijk,2020-09-16,16:00:00,68,37,31,FMN GV 18 Kasterlee
84,Oudemolsedijk,2020-09-16,17:00:00,56,34,22,FMN GV 18 Kasterlee
84,Oudemolsedijk,2020-09-16,18:00:00,66,41,25,FMN GV 18 Kasterlee
84,Oudemolsedijk,2020-09-16,19:00:00,55,36,19,FMN GV 18 Kasterlee
84,Oudemolsedijk,2020-09-16,20:00:00,31,23,8,FMN GV 18 Kasterlee
84,Oudemolsedijk,2020-09-16,21:00:00,2,2,0,FMN GV 18 Kasterlee
84,Oudemolsedijk,2020-09-16,22:00:00,0,0,0,FMN GV 18 Kasterlee
84,Oudemolsedijk,2020-09-16,23:00:00,0,0,0,FMN GV 18 Kasterlee
84,Oudemolsedijk,2020-09-17,00:00:00,0,0,0,FMN GV 18 Kasterlee
84,Oudemolsedijk,2020-09-17,01:00:00,0,0,0,FMN GV 18 Kasterlee
84,Oudemolsedijk,2020-09-17,02:00:00,1,0,1,FMN GV 18 Kasterlee
84,Oudemolsedijk,2020-09-17,03:00:00,1,1,0,FMN GV 18 Kasterlee
84,Oudemolsedijk,2020-09-17,04:00:00,2,2,0,FMN GV 18 Kasterlee
84,Oudemolsedijk,2020-09-17,05:00:00,9,9,0,FMN GV 18 Kasterlee
84,Oudemolsedijk,2020-09-17,06:00:00,12,4,8,FMN GV 18 Kasterlee
84,Oudemolsedijk,2020-09-17,07:00:00,31,11,20,FMN GV 18 Kasterlee
84,Oudemolsedijk,2020-09-17,08:00:00,28,22,6,FMN GV 18 Kasterlee
84,Oudemolsedijk,2020-09-17,09:00:00,21,7,14,FMN GV 18 Kasterlee
84,Oudemolsedijk,2020-09-17,10:00:00,28,16,12,FMN GV 18 Kasterlee
84,Oudemolsedijk,2020-09-17,11:00:00,40,32,8,FMN GV 18 Kasterlee
84,Oudemolsedijk,2020-09-17,12:00:00,29,18,11,FMN GV 18 Kasterlee
84,Oudemolsedijk,2020-09-17,13:00:00,62,17,45,FMN GV 18 Kasterlee
84,Oudemolsedijk,2020-09-17,14:00:00,64,34,30,FMN GV 18 Kasterlee
84,Oudemolsedijk,2020-09-17,15:00:00,108,52,56,FMN GV 18 Kasterlee
84,Oudemolsedijk,2020-09-17,16:00:00,72,44,28,FMN GV 18 Kasterlee
84,Oudemolsedijk,2020-09-17,17:00:00,61,36,25,FMN GV 18 Kasterlee
84,Oudemolsedijk,2020-09-17,18:00:00,45,13,32,FMN GV 18 Kasterlee
84,Oudemolsedijk,2020-09-17,19:00:00,36,25,11,FMN GV 18 Kasterlee
84,Oudemolsedijk,2020-09-17,20:00:00,18,12,6,FMN GV 18 Kasterlee
84,Oudemolsedijk,2020-09-17,21:00:00,3,2,1,FMN GV 18 Kasterlee
84,Oudemolsedijk,2020-09-17,22:00:00,4,4,0,FMN GV 18 Kasterlee
84,Oudemolsedijk,2020-09-17,23:00:00,1,1,0,FMN GV 18 Kasterlee
84,Oudemolsedijk,2020-09-18,00:00:00,1,0,1,FMN GV 18 Kasterlee
84,Oudemolsedijk,2020-09-18,01:00:00,0,0,0,FMN GV 18 Kasterlee
84,Oudemolsedijk,2020-09-18,02:00:00,0,0,0,FMN GV 18 Kasterlee
84,Oudemolsedijk,2020-09-18,03:00:00,1,1,0,FMN GV 18 Kasterlee
84,Oudemolsedijk,2020-09-18,04:00:00,2,2,0,FMN GV 18 Kasterlee
84,Oudemolsedijk,2020-09-18,05:00:00,4,4,0,FMN GV 18 Kasterlee
84,Oudemolsedijk,2020-09-18,06:00:00,15,6,9,FMN GV 18 Kasterlee
84,Oudemolsedijk,2020-09-18,07:00:00,21,12,9,FMN GV 18 Kasterlee
84,Oudemolsedijk,2020-09-18,08:00:00,37,29,8,FMN GV 18 Kasterlee
84,Oudemolsedijk,2020-09-18,09:00:00,11,4,7,FMN GV 18 Kasterlee
84,Oudemolsedijk,2020-09-18,10:00:00,33,18,15,FMN GV 18 Kasterlee
84,Oudemolsedijk,2020-09-18,11:00:00,31,18,13,FMN GV 18 Kasterlee
84,Oudemolsedijk,2020-09-18,12:00:00,35,17,18,FMN GV 18 Kasterlee
84,Oudemolsedijk,2020-09-18,13:00:00,124,32,92,FMN GV 18 Kasterlee
84,Oudemolsedijk,2020-09-18,14:00:00,69,25,44,FMN GV 18 Kasterlee
84,Oudemolsedijk,2020-09-18,15:00:00,114,61,53,FMN GV 18 Kasterlee
84,Oudemolsedijk,2020-09-18,16:00:00,82,43,39,FMN GV 18 Kasterlee
84,Oudemolsedijk,2020-09-18,17:00:00,49,26,23,FMN GV 18 Kasterlee
84,Oudemolsedijk,2020-09-18,18:00:00,35,17,18,FMN GV 18 Kasterlee
84,Oudemolsedijk,2020-09-18,19:00:00,12,10,2,FMN GV 18 Kasterlee
84,Oudemolsedijk,2020-09-18,20:00:00,1,1,0,FMN GV 18 Kasterlee
84,Oudemolsedijk,2020-09-18,21:00:00,1,0,1,FMN GV 18 Kasterlee
84,Oudemolsedijk,2020-09-18,22:00:00,1,0,1,FMN GV 18 Kasterlee
84,Oudemolsedijk,2020-09-18,23:00:00,2,1,1,FMN GV 18 Kasterlee
84,Oudemolsedijk,2020-09-19,00:00:00,0,0,0,FMN GV 18 Kasterlee
84,Oudemolsedijk,2020-09-19,01:00:00,0,0,0,FMN GV 18 Kasterlee
84,Oudemolsedijk,2020-09-19,02:00:00,0,0,0,FMN GV 18 Kasterlee
84,Oudemolsedijk,2020-09-19,03:00:00,12,7,5,FMN GV 18 Kasterlee
84,Oudemolsedijk,2020-09-19,04:00:00,0,0,0,FMN GV 18 Kasterlee
84,Oudemolsedijk,2020-09-19,05:00:00,0,0,0,FMN GV 18 Kasterlee
84,Oudemolsedijk,2020-09-19,06:00:00,1,1,0,FMN GV 18 Kasterlee
84,Oudemolsedijk,2020-09-19,07:00:00,1,1,0,FMN GV 18 Kasterlee
84,Oudemolsedijk,2020-09-19,08:00:00,7,3,4,FMN GV 18 Kasterlee
84,Oudemolsedijk,2020-09-19,09:00:00,18,7,11,FMN GV 18 Kasterlee
84,Oudemolsedijk,2020-09-19,10:00:00,48,25,23,FMN GV 18 Kasterlee
84,Oudemolsedijk,2020-09-19,11:00:00,71,45,26,FMN GV 18 Kasterlee
84,Oudemolsedijk,2020-09-19,12:00:00,66,42,24,FMN GV 18 Kasterlee
84,Oudemolsedijk,2020-09-19,13:00:00,73,45,28,FMN GV 18 Kasterlee
84,Oudemolsedijk,2020-09-19,14:00:00,148,83,65,FMN GV 18 Kasterlee
84,Oudemolsedijk,2020-09-19,15:00:00,146,81,65,FMN GV 18 Kasterlee
84,Oudemolsedijk,2020-09-19,16:00:00,104,57,47,FMN GV 18 Kasterlee
84,Oudemolsedijk,2020-09-19,17:00:00,47,25,22,FMN GV 18 Kasterlee
84,Oudemolsedijk,2020-09-19,18:00:00,35,25,10,FMN GV 18 Kasterlee
84,Oudemolsedijk,2020-09-19,19:00:00,24,22,2,FMN GV 18 Kasterlee
84,Oudemolsedijk,2020-09-19,20:00:00,5,5,0,FMN GV 18 Kasterlee
84,Oudemolsedijk,2020-09-19,21:00:00,2,2,0,FMN GV 18 Kasterlee
84,Oudemolsedijk,2020-09-19,22:00:00,3,2,1,FMN GV 18 Kasterlee
84,Oudemolsedijk,2020-09-19,23:00:00,6,2,4,FMN GV 18 Kasterlee
84,Oudemolsedijk,2020-09-20,00:00:00,0,0,0,FMN GV 18 Kasterlee
84,Oudemolsedijk,2020-09-20,01:00:00,1,0,1,FMN GV 18 Kasterlee
84,Oudemolsedijk,2020-09-20,02:00:00,0,0,0,FMN GV 18 Kasterlee
84,Oudemolsedijk,2020-09-20,03:00:00,0,0,0,FMN GV 18 Kasterlee
84,Oudemolsedijk,2020-09-20,04:00:00,0,0,0,FMN GV 18 Kasterlee
84,Oudemolsedijk,2020-09-20,05:00:00,0,0,0,FMN GV 18 Kasterlee
84,Oudemolsedijk,2020-09-20,06:00:00,2,0,2,FMN GV 18 Kasterlee
84,Oudemolsedijk,2020-09-20,07:00:00,8,3,5,FMN GV 18 Kasterlee
84,Oudemolsedijk,2020-09-20,08:00:00,24,9,15,FMN GV 18 Kasterlee
84,Oudemolsedijk,2020-09-20,09:00:00,62,26,36,FMN GV 18 Kasterlee
84,Oudemolsedijk,2020-09-20,10:00:00,164,80,84,FMN GV 18 Kasterlee
84,Oudemolsedijk,2020-09-20,11:00:00,139,84,55,FMN GV 18 Kasterlee
84,Oudemolsedijk,2020-09-20,12:00:00,97,52,45,FMN GV 18 Kasterlee
84,Oudemolsedijk,2020-09-20,13:00:00,136,57,79,FMN GV 18 Kasterlee
84,Oudemolsedijk,2020-09-20,14:00:00,245,131,114,FMN GV 18 Kasterlee
84,Oudemolsedijk,2020-09-20,15:00:00,214,118,96,FMN GV 18 Kasterlee
84,Oudemolsedijk,2020-09-20,16:00:00,177,85,92,FMN GV 18 Kasterlee
84,Oudemolsedijk,2020-09-20,17:00:00,112,57,55,FMN GV 18 Kasterlee
84,Oudemolsedijk,2020-09-20,18:00:00,44,28,16,FMN GV 18 Kasterlee
84,Oudemolsedijk,2020-09-20,19:00:00,10,6,4,FMN GV 18 Kasterlee
84,Oudemolsedijk,2020-09-20,20:00:00,14,8,6,FMN GV 18 Kasterlee
84,Oudemolsedijk,2020-09-20,21:00:00,4,2,2,FMN GV 18 Kasterlee
84,Oudemolsedijk,2020-09-20,22:00:00,0,0,0,FMN GV 18 Kasterlee
84,Oudemolsedijk,2020-09-20,23:00:00,0,0,0,FMN GV 18 Kasterlee
84,Oudemolsedijk,2020-09-21,00:00:00,1,1,0,FMN GV 18 Kasterlee
84,Oudemolsedijk,2020-09-21,01:00:00,0,0,0,FMN GV 18 Kasterlee
84,Oudemolsedijk,2020-09-21,02:00:00,0,0,0,FMN GV 18 Kasterlee
84,Oudemolsedijk,2020-09-21,03:00:00,0,0,0,FMN GV 18 Kasterlee
84,Oudemolsedijk,2020-09-21,04:00:00,0,0,0,FMN GV 18 Kasterlee
84,Oudemolsedijk,2020-09-21,05:00:00,2,2,0,FMN GV 18 Kasterlee
84,Oudemolsedijk,2020-09-21,06:00:00,16,4,12,FMN GV 18 Kasterlee
84,Oudemolsedijk,2020-09-21,07:00:00,23,12,11,FMN GV 18 Kasterlee
84,Oudemolsedijk,2020-09-21,08:00:00,17,9,8,FMN GV 18 Kasterlee
84,Oudemolsedijk,2020-09-21,09:00:00,10,2,8,FMN GV 18 Kasterlee
84,Oudemolsedijk,2020-09-21,10:00:00,33,16,17,FMN GV 18 Kasterlee
84,Oudemolsedijk,2020-09-21,11:00:00,30,15,15,FMN GV 18 Kasterlee
84,Oudemolsedijk,2020-09-21,12:00:00,48,30,18,FMN GV 18 Kasterlee
84,Oudemolsedijk,2020-09-21,13:00:00,81,35,46,FMN GV 18 Kasterlee
84,Oudemolsedijk,2020-09-21,14:00:00,131,76,55,FMN GV 18 Kasterlee
84,Oudemolsedijk,2020-09-21,15:00:00,131,75,56,FMN GV 18 Kasterlee
84,Oudemolsedijk,2020-09-21,16:00:00,133,85,48,FMN GV 18 Kasterlee
84,Oudemolsedijk,2020-09-21,17:00:00,64,30,34,FMN GV 18 Kasterlee
84,Oudemolsedijk,2020-09-21,18:00:00,39,16,23,FMN GV 18 Kasterlee
84,Oudemolsedijk,2020-09-21,19:00:00,13,6,7,FMN GV 18 Kasterlee
84,Oudemolsedijk,2020-09-21,20:00:00,2,1,1,FMN GV 18 Kasterlee
84,Oudemolsedijk,2020-09-21,21:00:00,7,4,3,FMN GV 18 Kasterlee
84,Oudemolsedijk,2020-09-21,22:00:00,3,0,3,FMN GV 18 Kasterlee
84,Oudemolsedijk,2020-09-21,23:00:00,1,1,0,FMN GV 18 Kasterlee
84,Oudemolsedijk,2020-09-22,00:00:00,0,0,0,FMN GV 18 Kasterlee
84,Oudemolsedijk,2020-09-22,01:00:00,0,0,0,FMN GV 18 Kasterlee
84,Oudemolsedijk,2020-09-22,02:00:00,0,0,0,FMN GV 18 Kasterlee
84,Oudemolsedijk,2020-09-22,03:00:00,0,0,0,FMN GV 18 Kasterlee
84,Oudemolsedijk,2020-09-22,04:00:00,0,0,0,FMN GV 18 Kasterlee
84,Oudemolsedijk,2020-09-22,05:00:00,2,2,0,FMN GV 18 Kasterlee
84,Oudemolsedijk,2020-09-22,06:00:00,17,7,10,FMN GV 18 Kasterlee
84,Oudemolsedijk,2020-09-22,07:00:00,28,10,18,FMN GV 18 Kasterlee
84,Oudemolsedijk,2020-09-22,08:00:00,29,13,16,FMN GV 18 Kasterlee
84,Oudemolsedijk,2020-09-22,09:00:00,18,7,11,FMN GV 18 Kasterlee
84,Oudemolsedijk,2020-09-22,10:00:00,38,16,22,FMN GV 18 Kasterlee
84,Oudemolsedijk,2020-09-22,11:00:00,42,26,16,FMN GV 18 Kasterlee
84,Oudemolsedijk,2020-09-22,12:00:00,46,24,22,FMN GV 18 Kasterlee
84,Oudemolsedijk,2020-09-22,13:00:00,105,37,68,FMN GV 18 Kasterlee
84,Oudemolsedijk,2020-09-22,14:00:00,166,106,60,FMN GV 18 Kasterlee
84,Oudemolsedijk,2020-09-22,15:00:00,111,71,40,FMN GV 18 Kasterlee
84,Oudemolsedijk,2020-09-22,16:00:00,118,64,54,FMN GV 18 Kasterlee
84,Oudemolsedijk,2020-09-22,17:00:00,107,65,42,FMN GV 18 Kasterlee
84,Oudemolsedijk,2020-09-22,18:00:00,56,34,22,FMN GV 18 Kasterlee
84,Oudemolsedijk,2020-09-22,19:00:00,39,18,21,FMN GV 18 Kasterlee
84,Oudemolsedijk,2020-09-22,20:00:00,11,8,3,FMN GV 18 Kasterlee
84,Oudemolsedijk,2020-09-22,21:00:00,9,5,4,FMN GV 18 Kasterlee
84,Oudemolsedijk,2020-09-22,22:00:00,4,1,3,FMN GV 18 Kasterlee
84,Oudemolsedijk,2020-09-22,23:00:00,1,0,1,FMN GV 18 Kasterlee
84,Oudemolsedijk,2020-09-23,00:00:00,1,0,1,FMN GV 18 Kasterlee
84,Oudemolsedijk,2020-09-23,01:00:00,0,0,0,FMN GV 18 Kasterlee
84,Oudemolsedijk,2020-09-23,02:00:00,0,0,0,FMN GV 18 Kasterlee
84,Oudemolsedijk,2020-09-23,03:00:00,0,0,0,FMN GV 18 Kasterlee
84,Oudemolsedijk,2020-09-23,04:00:00,0,0,0,FMN GV 18 Kasterlee
84,Oudemolsedijk,2020-09-23,05:00:00,2,1,1,FMN GV 18 Kasterlee
84,Oudemolsedijk,2020-09-23,06:00:00,18,8,10,FMN GV 18 Kasterlee
84,Oudemolsedijk,2020-09-23,07:00:00,24,8,16,FMN GV 18 Kasterlee
84,Oudemolsedijk,2020-09-23,08:00:00,17,8,9,FMN GV 18 Kasterlee
84,Oudemolsedijk,2020-09-23,09:00:00,25,12,13,FMN GV 18 Kasterlee
84,Oudemolsedijk,2020-09-23,10:00:00,19,15,4,FMN GV 18 Kasterlee
84,Oudemolsedijk,2020-09-23,11:00:00,27,12,15,FMN GV 18 Kasterlee
84,Oudemolsedijk,2020-09-23,12:00:00,29,20,9,FMN GV 18 Kasterlee
84,Oudemolsedijk,2020-09-23,13:00:00,25,14,11,FMN GV 18 Kasterlee
84,Oudemolsedijk,2020-09-23,14:00:00,56,28,28,FMN GV 18 Kasterlee
84,Oudemolsedijk,2020-09-23,15:00:00,60,29,31,FMN GV 18 Kasterlee
84,Oudemolsedijk,2020-09-23,16:00:00,33,15,18,FMN GV 18 Kasterlee
84,Oudemolsedijk,2020-09-23,17:00:00,31,18,13,FMN GV 18 Kasterlee
84,Oudemolsedijk,2020-09-23,18:00:00,18,4,14,FMN GV 18 Kasterlee
84,Oudemolsedijk,2020-09-23,19:00:00,23,12,11,FMN GV 18 Kasterlee
84,Oudemolsedijk,2020-09-23,20:00:00,17,12,5,FMN GV 18 Kasterlee
84,Oudemolsedijk,2020-09-23,21:00:00,5,4,1,FMN GV 18 Kasterlee
84,Oudemolsedijk,2020-09-23,22:00:00,2,0,2,FMN GV 18 Kasterlee
84,Oudemolsedijk,2020-09-23,23:00:00,1,0,1,FMN GV 18 Kasterlee
84,Oudemolsedijk,2020-09-24,00:00:00,0,0,0,FMN GV 18 Kasterlee
84,Oudemolsedijk,2020-09-24,01:00:00,2,2,0,FMN GV 18 Kasterlee
84,Oudemolsedijk,2020-09-24,02:00:00,0,0,0,FMN GV 18 Kasterlee
84,Oudemolsedijk,2020-09-24,03:00:00,0,0,0,FMN GV 18 Kasterlee
84,Oudemolsedijk,2020-09-24,04:00:00,0,0,0,FMN GV 18 Kasterlee
84,Oudemolsedijk,2020-09-24,05:00:00,2,2,0,FMN GV 18 Kasterlee
84,Oudemolsedijk,2020-09-24,06:00:00,15,4,11,FMN GV 18 Kasterlee
84,Oudemolsedijk,2020-09-24,07:00:00,25,11,14,FMN GV 18 Kasterlee
84,Oudemolsedijk,2020-09-24,08:00:00,10,9,1,FMN GV 18 Kasterlee
84,Oudemolsedijk,2020-09-24,09:00:00,14,3,11,FMN GV 18 Kasterlee
84,Oudemolsedijk,2020-09-24,10:00:00,27,10,17,FMN GV 18 Kasterlee
84,Oudemolsedijk,2020-09-24,11:00:00,17,8,9,FMN GV 18 Kasterlee
84,Oudemolsedijk,2020-09-24,12:00:00,22,10,12,FMN GV 18 Kasterlee
84,Oudemolsedijk,2020-09-24,13:00:00,50,16,34,FMN GV 18 Kasterlee
84,Oudemolsedijk,2020-09-24,14:00:00,52,16,36,FMN GV 18 Kasterlee
84,Oudemolsedijk,2020-09-24,15:00:00,41,20,21,FMN GV 18 Kasterlee
84,Oudemolsedijk,2020-09-24,16:00:00,42,25,17,FMN GV 18 Kasterlee
84,Oudemolsedijk,2020-09-24,17:00:00,16,8,8,FMN GV 18 Kasterlee
84,Oudemolsedijk,2020-09-24,18:00:00,16,8,8,FMN GV 18 Kasterlee
84,Oudemolsedijk,2020-09-24,19:00:00,7,4,3,FMN GV 18 Kasterlee
84,Oudemolsedijk,2020-09-24,20:00:00,6,5,1,FMN GV 18 Kasterlee
84,Oudemolsedijk,2020-09-24,21:00:00,5,2,3,FMN GV 18 Kasterlee
84,Oudemolsedijk,2020-09-24,22:00:00,6,2,4,FMN GV 18 Kasterlee
84,Oudemolsedijk,2020-09-24,23:00:00,0,0,0,FMN GV 18 Kasterlee
84,Oudemolsedijk,2020-09-25,00:00:00,0,0,0,FMN GV 18 Kasterlee
84,Oudemolsedijk,2020-09-25,01:00:00,2,0,2,FMN GV 18 Kasterlee
84,Oudemolsedijk,2020-09-25,02:00:00,0,0,0,FMN GV 18 Kasterlee
84,Oudemolsedijk,2020-09-25,03:00:00,1,0,1,FMN GV 18 Kasterlee
84,Oudemolsedijk,2020-09-25,04:00:00,0,0,0,FMN GV 18 Kasterlee
84,Oudemolsedijk,2020-09-25,05:00:00,0,0,0,FMN GV 18 Kasterlee
84,Oudemolsedijk,2020-09-25,06:00:00,7,1,6,FMN GV 18 Kasterlee
84,Oudemolsedijk,2020-09-25,07:00:00,14,7,7,FMN GV 18 Kasterlee
84,Oudemolsedijk,2020-09-25,08:00:00,21,8,13,FMN GV 18 Kasterlee
84,Oudemolsedijk,2020-09-25,09:00:00,10,5,5,FMN GV 18 Kasterlee
84,Oudemolsedijk,2020-09-25,10:00:00,10,4,6,FMN GV 18 Kasterlee
84,Oudemolsedijk,2020-09-25,11:00:00,11,5,6,FMN GV 18 Kasterlee
84,Oudemolsedijk,2020-09-25,12:00:00,11,5,6,FMN GV 18 Kasterlee
84,Oudemolsedijk,2020-09-25,13:00:00,9,2,7,FMN GV 18 Kasterlee
84,Oudemolsedijk,2020-09-25,14:00:00,11,7,4,FMN GV 18 Kasterlee
84,Oudemolsedijk,2020-09-25,15:00:00,12,6,6,FMN GV 18 Kasterlee
84,Oudemolsedijk,2020-09-25,16:00:00,14,7,7,FMN GV 18 Kasterlee
84,Oudemolsedijk,2020-09-25,17:00:00,10,3,7,FMN GV 18 Kasterlee
84,Oudemolsedijk,2020-09-25,18:00:00,13,8,5,FMN GV 18 Kasterlee
84,Oudemolsedijk,2020-09-25,19:00:00,5,3,2,FMN GV 18 Kasterlee
84,Oudemolsedijk,2020-09-25,20:00:00,4,1,3,FMN GV 18 Kasterlee
84,Oudemolsedijk,2020-09-25,21:00:00,5,2,3,FMN GV 18 Kasterlee
84,Oudemolsedijk,2020-09-25,22:00:00,9,4,5,FMN GV 18 Kasterlee
84,Oudemolsedijk,2020-09-25,23:00:00,2,2,0,FMN GV 18 Kasterlee
84,Oudemolsedijk,2020-09-26,00:00:00,3,0,3,FMN GV 18 Kasterlee
84,Oudemolsedijk,2020-09-26,01:00:00,6,2,4,FMN GV 18 Kasterlee
84,Oudemolsedijk,2020-09-26,02:00:00,0,0,0,FMN GV 18 Kasterlee
84,Oudemolsedijk,2020-09-26,03:00:00,0,0,0,FMN GV 18 Kasterlee
84,Oudemolsedijk,2020-09-26,04:00:00,0,0,0,FMN GV 18 Kasterlee
84,Oudemolsedijk,2020-09-26,05:00:00,1,0,1,FMN GV 18 Kasterlee
84,Oudemolsedijk,2020-09-26,06:00:00,0,0,0,FMN GV 18 Kasterlee
84,Oudemolsedijk,2020-09-26,07:00:00,2,1,1,FMN GV 18 Kasterlee
84,Oudemolsedijk,2020-09-26,08:00:00,1,1,0,FMN GV 18 Kasterlee
84,Oudemolsedijk,2020-09-26,09:00:00,15,13,2,FMN GV 18 Kasterlee
84,Oudemolsedijk,2020-09-26,10:00:00,32,14,18,FMN GV 18 Kasterlee
84,Oudemolsedijk,2020-09-26,11:00:00,39,16,23,FMN GV 18 Kasterlee
84,Oudemolsedijk,2020-09-26,12:00:00,36,16,20,FMN GV 18 Kasterlee
84,Oudemolsedijk,2020-09-26,13:00:00,41,35,6,FMN GV 18 Kasterlee
84,Oudemolsedijk,2020-09-26,14:00:00,60,22,38,FMN GV 18 Kasterlee
84,Oudemolsedijk,2020-09-26,15:00:00,30,25,5,FMN GV 18 Kasterlee
84,Oudemolsedijk,2020-09-26,16:00:00,17,8,9,FMN GV 18 Kasterlee
84,Oudemolsedijk,2020-09-26,17:00:00,23,20,3,FMN GV 18 Kasterlee
84,Oudemolsedijk,2020-09-26,18:00:00,19,15,4,FMN GV 18 Kasterlee
84,Oudemolsedijk,2020-09-26,19:00:00,8,8,0,FMN GV 18 Kasterlee
84,Oudemolsedijk,2020-09-26,20:00:00,3,3,0,FMN GV 18 Kasterlee
84,Oudemolsedijk,2020-09-26,21:00:00,1,0,1,FMN GV 18 Kasterlee
84,Oudemolsedijk,2020-09-26,22:00:00,4,0,4,FMN GV 18 Kasterlee
84,Oudemolsedijk,2020-09-26,23:00:00,1,1,0,FMN GV 18 Kasterlee
84,Oudemolsedijk,2020-09-27,00:00:00,1,0,1,FMN GV 18 Kasterlee
84,Oudemolsedijk,2020-09-27,01:00:00,1,0,1,FMN GV 18 Kasterlee
84,Oudemolsedijk,2020-09-27,02:00:00,2,1,1,FMN GV 18 Kasterlee
84,Oudemolsedijk,2020-09-27,03:00:00,1,0,1,FMN GV 18 Kasterlee
84,Oudemolsedijk,2020-09-27,04:00:00,0,0,0,FMN GV 18 Kasterlee
84,Oudemolsedijk,2020-09-27,05:00:00,0,0,0,FMN GV 18 Kasterlee
84,Oudemolsedijk,2020-09-27,06:00:00,0,0,0,FMN GV 18 Kasterlee
84,Oudemolsedijk,2020-09-27,07:00:00,0,0,0,FMN GV 18 Kasterlee
84,Oudemolsedijk,2020-09-27,08:00:00,6,2,4,FMN GV 18 Kasterlee
84,Oudemolsedijk,2020-09-27,09:00:00,28,19,9,FMN GV 18 Kasterlee
84,Oudemolsedijk,2020-09-27,10:00:00,54,27,27,FMN GV 18 Kasterlee
84,Oudemolsedijk,2020-09-27,11:00:00,57,38,19,FMN GV 18 Kasterlee
84,Oudemolsedijk,2020-09-27,12:00:00,24,15,9,FMN GV 18 Kasterlee
84,Oudemolsedijk,2020-09-27,13:00:00,21,8,13,FMN GV 18 Kasterlee
84,Oudemolsedijk,2020-09-27,14:00:00,34,20,14,FMN GV 18 Kasterlee
84,Oudemolsedijk,2020-09-27,15:00:00,26,20,6,FMN GV 18 Kasterlee
84,Oudemolsedijk,2020-09-27,16:00:00,23,13,10,FMN GV 18 Kasterlee
84,Oudemolsedijk,2020-09-27,17:00:00,18,6,12,FMN GV 18 Kasterlee
84,Oudemolsedijk,2020-09-27,18:00:00,8,5,3,FMN GV 18 Kasterlee
84,Oudemolsedijk,2020-09-27,19:00:00,7,5,2,FMN GV 18 Kasterlee
84,Oudemolsedijk,2020-09-27,20:00:00,3,3,0,FMN GV 18 Kasterlee
84,Oudemolsedijk,2020-09-27,21:00:00,0,0,0,FMN GV 18 Kasterlee
84,Oudemolsedijk,2020-09-27,22:00:00,2,0,2,FMN GV 18 Kasterlee
84,Oudemolsedijk,2020-09-27,23:00:00,0,0,0,FMN GV 18 Kasterlee
84,Oudemolsedijk,2020-09-28,00:00:00,0,0,0,FMN GV 18 Kasterlee
84,Oudemolsedijk,2020-09-28,01:00:00,0,0,0,FMN GV 18 Kasterlee
84,Oudemolsedijk,2020-09-28,02:00:00,0,0,0,FMN GV 18 Kasterlee
84,Oudemolsedijk,2020-09-28,03:00:00,0,0,0,FMN GV 18 Kasterlee
84,Oudemolsedijk,2020-09-28,04:00:00,1,1,0,FMN GV 18 Kasterlee
84,Oudemolsedijk,2020-09-28,05:00:00,2,2,0,FMN GV 18 Kasterlee
84,Oudemolsedijk,2020-09-28,06:00:00,9,1,8,FMN GV 18 Kasterlee
84,Oudemolsedijk,2020-09-28,07:00:00,8,4,4,FMN GV 18 Kasterlee
84,Oudemolsedijk,2020-09-28,08:00:00,7,5,2,FMN GV 18 Kasterlee
84,Oudemolsedijk,2020-09-28,09:00:00,0,0,0,FMN GV 18 Kasterlee
84,Oudemolsedijk,2020-09-28,10:00:00,6,4,2,FMN GV 18 Kasterlee
84,Oudemolsedijk,2020-09-28,11:00:00,4,1,3,FMN GV 18 Kasterlee
84,Oudemolsedijk,2020-09-28,12:00:00,4,2,2,FMN GV 18 Kasterlee
84,Oudemolsedijk,2020-09-28,13:00:00,14,12,2,FMN GV 18 Kasterlee
84,Oudemolsedijk,2020-09-28,14:00:00,5,3,2,FMN GV 18 Kasterlee
84,Oudemolsedijk,2020-09-28,15:00:00,10,5,5,FMN GV 18 Kasterlee
84,Oudemolsedijk,2020-09-28,16:00:00,19,13,6,FMN GV 18 Kasterlee
84,Oudemolsedijk,2020-09-28,17:00:00,9,4,5,FMN GV 18 Kasterlee
84,Oudemolsedijk,2020-09-28,18:00:00,3,1,2,FMN GV 18 Kasterlee
84,Oudemolsedijk,2020-09-28,19:00:00,4,3,1,FMN GV 18 Kasterlee
84,Oudemolsedijk,2020-09-28,20:00:00,1,1,0,FMN GV 18 Kasterlee
84,Oudemolsedijk,2020-09-28,21:00:00,0,0,0,FMN GV 18 Kasterlee
84,Oudemolsedijk,2020-09-28,22:00:00,3,0,3,FMN GV 18 Kasterlee
84,Oudemolsedijk,2020-09-28,23:00:00,0,0,0,FMN GV 18 Kasterlee
84,Oudemolsedijk,2020-09-29,00:00:00,0,0,0,FMN GV 18 Kasterlee
84,Oudemolsedijk,2020-09-29,01:00:00,0,0,0,FMN GV 18 Kasterlee
84,Oudemolsedijk,2020-09-29,02:00:00,0,0,0,FMN GV 18 Kasterlee
84,Oudemolsedijk,2020-09-29,03:00:00,0,0,0,FMN GV 18 Kasterlee
84,Oudemolsedijk,2020-09-29,04:00:00,1,1,0,FMN GV 18 Kasterlee
84,Oudemolsedijk,2020-09-29,05:00:00,2,2,0,FMN GV 18 Kasterlee
84,Oudemolsedijk,2020-09-29,06:00:00,8,1,7,FMN GV 18 Kasterlee
84,Oudemolsedijk,2020-09-29,07:00:00,16,7,9,FMN GV 18 Kasterlee
84,Oudemolsedijk,2020-09-29,08:00:00,12,5,7,FMN GV 18 Kasterlee
84,Oudemolsedijk,2020-09-29,09:00:00,12,9,3,FMN GV 18 Kasterlee
84,Oudemolsedijk,2020-09-29,10:00:00,23,15,8,FMN GV 18 Kasterlee
84,Oudemolsedijk,2020-09-29,11:00:00,22,10,12,FMN GV 18 Kasterlee
84,Oudemolsedijk,2020-09-29,12:00:00,30,14,16,FMN GV 18 Kasterlee
84,Oudemolsedijk,2020-09-29,13:00:00,109,47,62,FMN GV 18 Kasterlee
84,Oudemolsedijk,2020-09-29,14:00:00,101,46,55,FMN GV 18 Kasterlee
84,Oudemolsedijk,2020-09-29,15:00:00,85,47,38,FMN GV 18 Kasterlee
84,Oudemolsedijk,2020-09-29,16:00:00,79,58,21,FMN GV 18 Kasterlee
84,Oudemolsedijk,2020-09-29,17:00:00,38,23,15,FMN GV 18 Kasterlee
84,Oudemolsedijk,2020-09-29,18:00:00,26,12,14,FMN GV 18 Kasterlee
84,Oudemolsedijk,2020-09-29,19:00:00,23,11,12,FMN GV 18 Kasterlee
84,Oudemolsedijk,2020-09-29,20:00:00,3,1,2,FMN GV 18 Kasterlee
84,Oudemolsedijk,2020-09-29,21:00:00,5,4,1,FMN GV 18 Kasterlee
84,Oudemolsedijk,2020-09-29,22:00:00,1,0,1,FMN GV 18 Kasterlee
84,Oudemolsedijk,2020-09-29,23:00:00,0,0,0,FMN GV 18 Kasterlee
84,Oudemolsedijk,2020-09-30,00:00:00,1,0,1,FMN GV 18 Kasterlee
84,Oudemolsedijk,2020-09-30,01:00:00,0,0,0,FMN GV 18 Kasterlee
84,Oudemolsedijk,2020-09-30,02:00:00,0,0,0,FMN GV 18 Kasterlee
84,Oudemolsedijk,2020-09-30,03:00:00,0,0,0,FMN GV 18 Kasterlee
84,Oudemolsedijk,2020-09-30,04:00:00,0,0,0,FMN GV 18 Kasterlee
84,Oudemolsedijk,2020-09-30,05:00:00,4,3,1,FMN GV 18 Kasterlee
84,Oudemolsedijk,2020-09-30,06:00:00,16,4,12,FMN GV 18 Kasterlee
84,Oudemolsedijk,2020-09-30,07:00:00,22,8,14,FMN GV 18 Kasterlee
84,Oudemolsedijk,2020-09-30,08:00:00,15,9,6,FMN GV 18 Kasterlee
84,Oudemolsedijk,2020-09-30,09:00:00,15,7,8,FMN GV 18 Kasterlee
84,Oudemolsedijk,2020-09-30,10:00:00,20,10,10,FMN GV 18 Kasterlee
84,Oudemolsedijk,2020-09-30,11:00:00,21,20,1,FMN GV 18 Kasterlee
84,Oudemolsedijk,2020-09-30,12:00:00,32,14,18,FMN GV 18 Kasterlee
84,Oudemolsedijk,2020-09-30,13:00:00,42,22,20,FMN GV 18 Kasterlee
84,Oudemolsedijk,2020-09-30,14:00:00,52,27,25,FMN GV 18 Kasterlee
84,Oudemolsedijk,2020-09-30,15:00:00,56,30,26,FMN GV 18 Kasterlee
84,Oudemolsedijk,2020-09-30,16:00:00,53,37,16,FMN GV 18 Kasterlee
84,Oudemolsedijk,2020-09-30,17:00:00,25,14,11,FMN GV 18 Kasterlee
84,Oudemolsedijk,2020-09-30,18:00:00,25,16,9,FMN GV 18 Kasterlee
84,Oudemolsedijk,2020-09-30,19:00:00,31,22,9,FMN GV 18 Kasterlee
84,Oudemolsedijk,2020-09-30,20:00:00,9,6,3,FMN GV 18 Kasterlee
84,Oudemolsedijk,2020-09-30,21:00:00,2,2,0,FMN GV 18 Kasterlee
84,Oudemolsedijk,2020-09-30,22:00:00,3,1,2,FMN GV 18 Kasterlee
84,Oudemolsedijk,2020-09-30,23:00:00,0,0,0,FMN GV 18 Kasterlee
84,Oudemolsedijk,2020-10-01,00:00:00,0,0,0,FMN GV 18 Kasterlee
84,Oudemolsedijk,2020-10-01,01:00:00,0,0,0,FMN GV 18 Kasterlee
84,Oudemolsedijk,2020-10-01,02:00:00,0,0,0,FMN GV 18 Kasterlee
84,Oudemolsedijk,2020-10-01,03:00:00,0,0,0,FMN GV 18 Kasterlee
84,Oudemolsedijk,2020-10-01,04:00:00,1,1,0,FMN GV 18 Kasterlee
84,Oudemolsedijk,2020-10-01,05:00:00,2,2,0,FMN GV 18 Kasterlee
84,Oudemolsedijk,2020-10-01,06:00:00,7,1,6,FMN GV 18 Kasterlee
84,Oudemolsedijk,2020-10-01,07:00:00,11,6,5,FMN GV 18 Kasterlee
84,Oudemolsedijk,2020-10-01,08:00:00,7,4,3,FMN GV 18 Kasterlee
84,Oudemolsedijk,2020-10-01,09:00:00,3,0,3,FMN GV 18 Kasterlee
84,Oudemolsedijk,2020-10-01,10:00:00,0,0,0,FMN GV 18 Kasterlee
84,Oudemolsedijk,2020-10-01,11:00:00,2,1,1,FMN GV 18 Kasterlee
84,Oudemolsedijk,2020-10-01,12:00:00,2,2,0,FMN GV 18 Kasterlee
84,Oudemolsedijk,2020-10-01,13:00:00,2,0,2,FMN GV 18 Kasterlee
84,Oudemolsedijk,2020-10-01,14:00:00,6,2,4,FMN GV 18 Kasterlee
84,Oudemolsedijk,2020-10-01,15:00:00,8,3,5,FMN GV 18 Kasterlee
84,Oudemolsedijk,2020-10-01,16:00:00,11,5,6,FMN GV 18 Kasterlee
84,Oudemolsedijk,2020-10-01,17:00:00,9,2,7,FMN GV 18 Kasterlee
84,Oudemolsedijk,2020-10-01,18:00:00,6,2,4,FMN GV 18 Kasterlee
84,Oudemolsedijk,2020-10-01,19:00:00,3,2,1,FMN GV 18 Kasterlee
84,Oudemolsedijk,2020-10-01,20:00:00,1,1,0,FMN GV 18 Kasterlee
84,Oudemolsedijk,2020-10-01,21:00:00,2,2,0,FMN GV 18 Kasterlee
84,Oudemolsedijk,2020-10-01,22:00:00,0,0,0,FMN GV 18 Kasterlee
84,Oudemolsedijk,2020-10-01,23:00:00,0,0,0,FMN GV 18 Kasterlee
84,Oudemolsedijk,2020-10-02,00:00:00,0,0,0,FMN GV 18 Kasterlee
84,Oudemolsedijk,2020-10-02,01:00:00,0,0,0,FMN GV 18 Kasterlee
84,Oudemolsedijk,2020-10-02,02:00:00,1,0,1,FMN GV 18 Kasterlee
84,Oudemolsedijk,2020-10-02,03:00:00,0,0,0,FMN GV 18 Kasterlee
84,Oudemolsedijk,2020-10-02,04:00:00,1,1,0,FMN GV 18 Kasterlee
84,Oudemolsedijk,2020-10-02,05:00:00,3,2,1,FMN GV 18 Kasterlee
84,Oudemolsedijk,2020-10-02,06:00:00,8,2,6,FMN GV 18 Kasterlee
84,Oudemolsedijk,2020-10-02,07:00:00,16,7,9,FMN GV 18 Kasterlee
84,Oudemolsedijk,2020-10-02,08:00:00,17,10,7,FMN GV 18 Kasterlee
84,Oudemolsedijk,2020-10-02,09:00:00,7,3,4,FMN GV 18 Kasterlee
84,Oudemolsedijk,2020-10-02,10:00:00,14,5,9,FMN GV 18 Kasterlee
84,Oudemolsedijk,2020-10-02,11:00:00,17,9,8,FMN GV 18 Kasterlee
84,Oudemolsedijk,2020-10-02,12:00:00,13,6,7,FMN GV 18 Kasterlee
84,Oudemolsedijk,2020-10-02,13:00:00,8,5,3,FMN GV 18 Kasterlee
84,Oudemolsedijk,2020-10-02,14:00:00,15,1,14,FMN GV 18 Kasterlee
84,Oudemolsedijk,2020-10-02,15:00:00,16,7,9,FMN GV 18 Kasterlee
84,Oudemolsedijk,2020-10-02,16:00:00,36,16,20,FMN GV 18 Kasterlee
84,Oudemolsedijk,2020-10-02,17:00:00,16,11,5,FMN GV 18 Kasterlee
84,Oudemolsedijk,2020-10-02,18:00:00,5,1,4,FMN GV 18 Kasterlee
84,Oudemolsedijk,2020-10-02,19:00:00,2,0,2,FMN GV 18 Kasterlee
84,Oudemolsedijk,2020-10-02,20:00:00,0,0,0,FMN GV 18 Kasterlee
84,Oudemolsedijk,2020-10-02,21:00:00,0,0,0,FMN GV 18 Kasterlee
84,Oudemolsedijk,2020-10-02,22:00:00,1,1,0,FMN GV 18 Kasterlee
84,Oudemolsedijk,2020-10-02,23:00:00,0,0,0,FMN GV 18 Kasterlee
84,Oudemolsedijk,2020-10-03,00:00:00,1,1,0,FMN GV 18 Kasterlee
84,Oudemolsedijk,2020-10-03,01:00:00,1,0,1,FMN GV 18 Kasterlee
84,Oudemolsedijk,2020-10-03,02:00:00,0,0,0,FMN GV 18 Kasterlee
84,Oudemolsedijk,2020-10-03,03:00:00,0,0,0,FMN GV 18 Kasterlee
84,Oudemolsedijk,2020-10-03,04:00:00,0,0,0,FMN GV 18 Kasterlee
84,Oudemolsedijk,2020-10-03,05:00:00,0,0,0,FMN GV 18 Kasterlee
84,Oudemolsedijk,2020-10-03,06:00:00,0,0,0,FMN GV 18 Kasterlee
84,Oudemolsedijk,2020-10-03,07:00:00,2,0,2,FMN GV 18 Kasterlee
84,Oudemolsedijk,2020-10-03,08:00:00,1,0,1,FMN GV 18 Kasterlee
84,Oudemolsedijk,2020-10-03,09:00:00,0,0,0,FMN GV 18 Kasterlee
84,Oudemolsedijk,2020-10-03,10:00:00,5,1,4,FMN GV 18 Kasterlee
84,Oudemolsedijk,2020-10-03,11:00:00,2,0,2,FMN GV 18 Kasterlee
84,Oudemolsedijk,2020-10-03,12:00:00,6,3,3,FMN GV 18 Kasterlee
84,Oudemolsedijk,2020-10-03,13:00:00,3,2,1,FMN GV 18 Kasterlee
84,Oudemolsedijk,2020-10-03,14:00:00,6,3,3,FMN GV 18 Kasterlee
84,Oudemolsedijk,2020-10-03,15:00:00,5,2,3,FMN GV 18 Kasterlee
84,Oudemolsedijk,2020-10-03,16:00:00,6,4,2,FMN GV 18 Kasterlee
84,Oudemolsedijk,2020-10-03,17:00:00,11,6,5,FMN GV 18 Kasterlee
84,Oudemolsedijk,2020-10-03,18:00:00,5,3,2,FMN GV 18 Kasterlee
84,Oudemolsedijk,2020-10-03,19:00:00,3,0,3,FMN GV 18 Kasterlee
84,Oudemolsedijk,2020-10-03,20:00:00,1,0,1,FMN GV 18 Kasterlee
84,Oudemolsedijk,2020-10-03,21:00:00,0,0,0,FMN GV 18 Kasterlee
84,Oudemolsedijk,2020-10-03,22:00:00,0,0,0,FMN GV 18 Kasterlee
84,Oudemolsedijk,2020-10-03,23:00:00,1,0,1,FMN GV 18 Kasterlee
84,Oudemolsedijk,2020-10-04,00:00:00,0,0,0,FMN GV 18 Kasterlee
84,Oudemolsedijk,2020-10-04,01:00:00,0,0,0,FMN GV 18 Kasterlee
84,Oudemolsedijk,2020-10-04,02:00:00,0,0,0,FMN GV 18 Kasterlee
84,Oudemolsedijk,2020-10-04,03:00:00,1,0,1,FMN GV 18 Kasterlee
84,Oudemolsedijk,2020-10-04,04:00:00,0,0,0,FMN GV 18 Kasterlee
84,Oudemolsedijk,2020-10-04,05:00:00,0,0,0,FMN GV 18 Kasterlee
84,Oudemolsedijk,2020-10-04,06:00:00,0,0,0,FMN GV 18 Kasterlee
84,Oudemolsedijk,2020-10-04,07:00:00,8,1,7,FMN GV 18 Kasterlee
84,Oudemolsedijk,2020-10-04,08:00:00,2,0,2,FMN GV 18 Kasterlee
84,Oudemolsedijk,2020-10-04,09:00:00,17,6,11,FMN GV 18 Kasterlee
84,Oudemolsedijk,2020-10-04,10:00:00,42,25,17,FMN GV 18 Kasterlee
84,Oudemolsedijk,2020-10-04,11:00:00,22,12,10,FMN GV 18 Kasterlee
84,Oudemolsedijk,2020-10-04,12:00:00,21,14,7,FMN GV 18 Kasterlee
84,Oudemolsedijk,2020-10-04,13:00:00,20,10,10,FMN GV 18 Kasterlee
84,Oudemolsedijk,2020-10-04,14:00:00,33,17,16,FMN GV 18 Kasterlee
84,Oudemolsedijk,2020-10-04,15:00:00,19,9,10,FMN GV 18 Kasterlee
84,Oudemolsedijk,2020-10-04,16:00:00,28,17,11,FMN GV 18 Kasterlee
84,Oudemolsedijk,2020-10-04,17:00:00,15,10,5,FMN GV 18 Kasterlee
84,Oudemolsedijk,2020-10-04,18:00:00,10,10,0,FMN GV 18 Kasterlee
84,Oudemolsedijk,2020-10-04,19:00:00,1,0,1,FMN GV 18 Kasterlee
84,Oudemolsedijk,2020-10-04,20:00:00,1,0,1,FMN GV 18 Kasterlee
84,Oudemolsedijk,2020-10-04,21:00:00,0,0,0,FMN GV 18 Kasterlee
84,Oudemolsedijk,2020-10-04,22:00:00,0,0,0,FMN GV 18 Kasterlee
84,Oudemolsedijk,2020-10-04,23:00:00,0,0,0,FMN GV 18 Kasterlee
84,Oudemolsedijk,2020-10-05,00:00:00,0,0,0,FMN GV 18 Kasterlee
84,Oudemolsedijk,2020-10-05,01:00:00,0,0,0,FMN GV 18 Kasterlee
84,Oudemolsedijk,2020-10-05,02:00:00,0,0,0,FMN GV 18 Kasterlee
84,Oudemolsedijk,2020-10-05,03:00:00,0,0,0,FMN GV 18 Kasterlee
84,Oudemolsedijk,2020-10-05,04:00:00,0,0,0,FMN GV 18 Kasterlee
84,Oudemolsedijk,2020-10-05,05:00:00,1,1,0,FMN GV 18 Kasterlee
84,Oudemolsedijk,2020-10-05,06:00:00,6,1,5,FMN GV 18 Kasterlee
84,Oudemolsedijk,2020-10-05,07:00:00,7,4,3,FMN GV 18 Kasterlee
84,Oudemolsedijk,2020-10-05,08:00:00,9,5,4,FMN GV 18 Kasterlee
84,Oudemolsedijk,2020-10-05,09:00:00,3,0,3,FMN GV 18 Kasterlee
84,Oudemolsedijk,2020-10-05,10:00:00,3,0,3,FMN GV 18 Kasterlee
84,Oudemolsedijk,2020-10-05,11:00:00,4,2,2,FMN GV 18 Kasterlee
84,Oudemolsedijk,2020-10-05,12:00:00,19,15,4,FMN GV 18 Kasterlee
84,Oudemolsedijk,2020-10-05,13:00:00,17,4,13,FMN GV 18 Kasterlee
84,Oudemolsedijk,2020-10-05,14:00:00,24,11,13,FMN GV 18 Kasterlee
84,Oudemolsedijk,2020-10-05,15:00:00,51,34,17,FMN GV 18 Kasterlee
84,Oudemolsedijk,2020-10-05,16:00:00,19,12,7,FMN GV 18 Kasterlee
84,Oudemolsedijk,2020-10-05,17:00:00,12,6,6,FMN GV 18 Kasterlee
84,Oudemolsedijk,2020-10-05,18:00:00,3,1,2,FMN GV 18 Kasterlee
84,Oudemolsedijk,2020-10-05,19:00:00,0,0,0,FMN GV 18 Kasterlee
84,Oudemolsedijk,2020-10-05,20:00:00,1,1,0,FMN GV 18 Kasterlee
84,Oudemolsedijk,2020-10-05,21:00:00,2,1,1,FMN GV 18 Kasterlee
84,Oudemolsedijk,2020-10-05,22:00:00,2,0,2,FMN GV 18 Kasterlee
84,Oudemolsedijk,2020-10-05,23:00:00,0,0,0,FMN GV 18 Kasterlee
84,Oudemolsedijk,2020-10-06,00:00:00,0,0,0,FMN GV 18 Kasterlee
84,Oudemolsedijk,2020-10-06,01:00:00,0,0,0,FMN GV 18 Kasterlee
84,Oudemolsedijk,2020-10-06,02:00:00,0,0,0,FMN GV 18 Kasterlee
84,Oudemolsedijk,2020-10-06,03:00:00,0,0,0,FMN GV 18 Kasterlee
84,Oudemolsedijk,2020-10-06,04:00:00,0,0,0,FMN GV 18 Kasterlee
84,Oudemolsedijk,2020-10-06,05:00:00,2,2,0,FMN GV 18 Kasterlee
84,Oudemolsedijk,2020-10-06,06:00:00,9,3,6,FMN GV 18 Kasterlee
84,Oudemolsedijk,2020-10-06,07:00:00,13,7,6,FMN GV 18 Kasterlee
84,Oudemolsedijk,2020-10-06,08:00:00,9,2,7,FMN GV 18 Kasterlee
84,Oudemolsedijk,2020-10-06,09:00:00,10,7,3,FMN GV 18 Kasterlee
84,Oudemolsedijk,2020-10-06,10:00:00,3,2,1,FMN GV 18 Kasterlee
84,Oudemolsedijk,2020-10-06,11:00:00,6,3,3,FMN GV 18 Kasterlee
84,Oudemolsedijk,2020-10-06,12:00:00,19,4,15,FMN GV 18 Kasterlee
84,Oudemolsedijk,2020-10-06,13:00:00,31,9,22,FMN GV 18 Kasterlee
84,Oudemolsedijk,2020-10-06,14:00:00,24,12,12,FMN GV 18 Kasterlee
84,Oudemolsedijk,2020-10-06,15:00:00,44,28,16,FMN GV 18 Kasterlee
84,Oudemolsedijk,2020-10-06,16:00:00,40,28,12,FMN GV 18 Kasterlee
84,Oudemolsedijk,2020-10-06,17:00:00,25,16,9,FMN GV 18 Kasterlee
84,Oudemolsedijk,2020-10-06,18:00:00,16,10,6,FMN GV 18 Kasterlee
84,Oudemolsedijk,2020-10-06,19:00:00,3,1,2,FMN GV 18 Kasterlee
84,Oudemolsedijk,2020-10-06,20:00:00,2,0,2,FMN GV 18 Kasterlee
84,Oudemolsedijk,2020-10-06,21:00:00,1,0,1,FMN GV 18 Kasterlee
84,Oudemolsedijk,2020-10-06,22:00:00,2,1,1,FMN GV 18 Kasterlee
84,Oudemolsedijk,2020-10-06,23:00:00,0,0,0,FMN GV 18 Kasterlee
84,Oudemolsedijk,2020-10-07,00:00:00,0,0,0,FMN GV 18 Kasterlee
84,Oudemolsedijk,2020-10-07,01:00:00,0,0,0,FMN GV 18 Kasterlee
84,Oudemolsedijk,2020-10-07,02:00:00,0,0,0,FMN GV 18 Kasterlee
84,Oudemolsedijk,2020-10-07,03:00:00,0,0,0,FMN GV 18 Kasterlee
84,Oudemolsedijk,2020-10-07,04:00:00,1,1,0,FMN GV 18 Kasterlee
84,Oudemolsedijk,2020-10-07,05:00:00,1,1,0,FMN GV 18 Kasterlee
84,Oudemolsedijk,2020-10-07,06:00:00,6,0,6,FMN GV 18 Kasterlee
84,Oudemolsedijk,2020-10-07,07:00:00,15,8,7,FMN GV 18 Kasterlee
84,Oudemolsedijk,2020-10-07,08:00:00,11,6,5,FMN GV 18 Kasterlee
84,Oudemolsedijk,2020-10-07,09:00:00,19,10,9,FMN GV 18 Kasterlee
84,Oudemolsedijk,2020-10-07,10:00:00,10,6,4,FMN GV 18 Kasterlee
84,Oudemolsedijk,2020-10-07,11:00:00,6,3,3,FMN GV 18 Kasterlee
84,Oudemolsedijk,2020-10-07,12:00:00,18,11,7,FMN GV 18 Kasterlee
84,Oudemolsedijk,2020-10-07,13:00:00,18,10,8,FMN GV 18 Kasterlee
84,Oudemolsedijk,2020-10-07,14:00:00,21,10,11,FMN GV 18 Kasterlee
84,Oudemolsedijk,2020-10-07,15:00:00,18,10,8,FMN GV 18 Kasterlee
84,Oudemolsedijk,2020-10-07,16:00:00,23,16,7,FMN GV 18 Kasterlee
84,Oudemolsedijk,2020-10-07,17:00:00,21,12,9,FMN GV 18 Kasterlee
84,Oudemolsedijk,2020-10-07,18:00:00,9,4,5,FMN GV 18 Kasterlee
84,Oudemolsedijk,2020-10-07,19:00:00,11,7,4,FMN GV 18 Kasterlee
84,Oudemolsedijk,2020-10-07,20:00:00,15,2,13,FMN GV 18 Kasterlee
84,Oudemolsedijk,2020-10-07,21:00:00,2,1,1,FMN GV 18 Kasterlee
84,Oudemolsedijk,2020-10-07,22:00:00,3,1,2,FMN GV 18 Kasterlee
84,Oudemolsedijk,2020-10-07,23:00:00,0,0,0,FMN GV 18 Kasterlee
84,Oudemolsedijk,2020-10-08,00:00:00,0,0,0,FMN GV 18 Kasterlee
84,Oudemolsedijk,2020-10-08,01:00:00,0,0,0,FMN GV 18 Kasterlee
84,Oudemolsedijk,2020-10-08,02:00:00,0,0,0,FMN GV 18 Kasterlee
84,Oudemolsedijk,2020-10-08,03:00:00,0,0,0,FMN GV 18 Kasterlee
84,Oudemolsedijk,2020-10-08,04:00:00,0,0,0,FMN GV 18 Kasterlee
84,Oudemolsedijk,2020-10-08,05:00:00,3,3,0,FMN GV 18 Kasterlee
84,Oudemolsedijk,2020-10-08,06:00:00,9,2,7,FMN GV 18 Kasterlee
84,Oudemolsedijk,2020-10-08,07:00:00,14,6,8,FMN GV 18 Kasterlee
84,Oudemolsedijk,2020-10-08,08:00:00,7,5,2,FMN GV 18 Kasterlee
84,Oudemolsedijk,2020-10-08,09:00:00,7,1,6,FMN GV 18 Kasterlee
84,Oudemolsedijk,2020-10-08,10:00:00,6,4,2,FMN GV 18 Kasterlee
84,Oudemolsedijk,2020-10-08,11:00:00,13,11,2,FMN GV 18 Kasterlee
84,Oudemolsedijk,2020-10-08,12:00:00,11,5,6,FMN GV 18 Kasterlee
84,Oudemolsedijk,2020-10-08,13:00:00,19,13,6,FMN GV 18 Kasterlee
84,Oudemolsedijk,2020-10-08,14:00:00,15,7,8,FMN GV 18 Kasterlee
84,Oudemolsedijk,2020-10-08,15:00:00,21,11,10,FMN GV 18 Kasterlee
84,Oudemolsedijk,2020-10-08,16:00:00,23,11,12,FMN GV 18 Kasterlee
84,Oudemolsedijk,2020-10-08,17:00:00,11,5,6,FMN GV 18 Kasterlee
84,Oudemolsedijk,2020-10-08,18:00:00,5,2,3,FMN GV 18 Kasterlee
84,Oudemolsedijk,2020-10-08,19:00:00,2,1,1,FMN GV 18 Kasterlee
84,Oudemolsedijk,2020-10-08,20:00:00,2,1,1,FMN GV 18 Kasterlee
84,Oudemolsedijk,2020-10-08,21:00:00,1,0,1,FMN GV 18 Kasterlee
84,Oudemolsedijk,2020-10-08,22:00:00,0,0,0,FMN GV 18 Kasterlee
84,Oudemolsedijk,2020-10-08,23:00:00,0,0,0,FMN GV 18 Kasterlee
84,Oudemolsedijk,2020-10-09,00:00:00,0,0,0,FMN GV 18 Kasterlee
84,Oudemolsedijk,2020-10-09,01:00:00,0,0,0,FMN GV 18 Kasterlee
84,Oudemolsedijk,2020-10-09,02:00:00,0,0,0,FMN GV 18 Kasterlee
84,Oudemolsedijk,2020-10-09,03:00:00,0,0,0,FMN GV 18 Kasterlee
84,Oudemolsedijk,2020-10-09,04:00:00,0,0,0,FMN GV 18 Kasterlee
84,Oudemolsedijk,2020-10-09,05:00:00,3,3,0,FMN GV 18 Kasterlee
84,Oudemolsedijk,2020-10-09,06:00:00,9,3,6,FMN GV 18 Kasterlee
84,Oudemolsedijk,2020-10-09,07:00:00,21,11,10,FMN GV 18 Kasterlee
84,Oudemolsedijk,2020-10-09,08:00:00,13,8,5,FMN GV 18 Kasterlee
84,Oudemolsedijk,2020-10-09,09:00:00,9,3,6,FMN GV 18 Kasterlee
84,Oudemolsedijk,2020-10-09,10:00:00,34,12,22,FMN GV 18 Kasterlee
84,Oudemolsedijk,2020-10-09,11:00:00,24,16,8,FMN GV 18 Kasterlee
84,Oudemolsedijk,2020-10-09,12:00:00,34,16,18,FMN GV 18 Kasterlee
84,Oudemolsedijk,2020-10-09,13:00:00,42,24,18,FMN GV 18 Kasterlee
84,Oudemolsedijk,2020-10-09,14:00:00,59,27,32,FMN GV 18 Kasterlee
84,Oudemolsedijk,2020-10-09,15:00:00,68,36,32,FMN GV 18 Kasterlee
84,Oudemolsedijk,2020-10-09,16:00:00,61,36,25,FMN GV 18 Kasterlee
84,Oudemolsedijk,2020-10-09,17:00:00,39,25,14,FMN GV 18 Kasterlee
84,Oudemolsedijk,2020-10-09,18:00:00,22,16,6,FMN GV 18 Kasterlee
84,Oudemolsedijk,2020-10-09,19:00:00,3,1,2,FMN GV 18 Kasterlee
84,Oudemolsedijk,2020-10-09,20:00:00,2,1,1,FMN GV 18 Kasterlee
84,Oudemolsedijk,2020-10-09,21:00:00,2,1,1,FMN GV 18 Kasterlee
84,Oudemolsedijk,2020-10-09,22:00:00,4,3,1,FMN GV 18 Kasterlee
84,Oudemolsedijk,2020-10-09,23:00:00,1,0,1,FMN GV 18 Kasterlee
84,Oudemolsedijk,2020-10-10,00:00:00,1,0,1,FMN GV 18 Kasterlee
84,Oudemolsedijk,2020-10-10,01:00:00,0,0,0,FMN GV 18 Kasterlee
84,Oudemolsedijk,2020-10-10,02:00:00,0,0,0,FMN GV 18 Kasterlee
84,Oudemolsedijk,2020-10-10,03:00:00,0,0,0,FMN GV 18 Kasterlee
84,Oudemolsedijk,2020-10-10,04:00:00,0,0,0,FMN GV 18 Kasterlee
84,Oudemolsedijk,2020-10-10,05:00:00,0,0,0,FMN GV 18 Kasterlee
84,Oudemolsedijk,2020-10-10,06:00:00,0,0,0,FMN GV 18 Kasterlee
84,Oudemolsedijk,2020-10-10,07:00:00,1,1,0,FMN GV 18 Kasterlee
84,Oudemolsedijk,2020-10-10,08:00:00,3,0,3,FMN GV 18 Kasterlee
84,Oudemolsedijk,2020-10-10,09:00:00,25,4,21,FMN GV 18 Kasterlee
84,Oudemolsedijk,2020-10-10,10:00:00,38,18,20,FMN GV 18 Kasterlee
84,Oudemolsedijk,2020-10-10,11:00:00,31,20,11,FMN GV 18 Kasterlee
84,Oudemolsedijk,2020-10-10,12:00:00,50,27,23,FMN GV 18 Kasterlee
84,Oudemolsedijk,2020-10-10,13:00:00,59,34,25,FMN GV 18 Kasterlee
84,Oudemolsedijk,2020-10-10,14:00:00,59,32,27,FMN GV 18 Kasterlee
84,Oudemolsedijk,2020-10-10,15:00:00,11,5,6,FMN GV 18 Kasterlee
84,Oudemolsedijk,2020-10-10,16:00:00,16,13,3,FMN GV 18 Kasterlee
84,Oudemolsedijk,2020-10-10,17:00:00,17,12,5,FMN GV 18 Kasterlee
84,Oudemolsedijk,2020-10-10,18:00:00,10,3,7,FMN GV 18 Kasterlee
84,Oudemolsedijk,2020-10-10,19:00:00,2,1,1,FMN GV 18 Kasterlee
84,Oudemolsedijk,2020-10-10,20:00:00,1,1,0,FMN GV 18 Kasterlee
84,Oudemolsedijk,2020-10-10,21:00:00,0,0,0,FMN GV 18 Kasterlee
84,Oudemolsedijk,2020-10-10,22:00:00,0,0,0,FMN GV 18 Kasterlee
84,Oudemolsedijk,2020-10-10,23:00:00,1,0,1,FMN GV 18 Kasterlee
84,Oudemolsedijk,2020-10-11,00:00:00,0,0,0,FMN GV 18 Kasterlee
84,Oudemolsedijk,2020-10-11,01:00:00,0,0,0,FMN GV 18 Kasterlee
84,Oudemolsedijk,2020-10-11,02:00:00,0,0,0,FMN GV 18 Kasterlee
84,Oudemolsedijk,2020-10-11,03:00:00,1,0,1,FMN GV 18 Kasterlee
84,Oudemolsedijk,2020-10-11,04:00:00,1,1,0,FMN GV 18 Kasterlee
84,Oudemolsedijk,2020-10-11,05:00:00,1,1,0,FMN GV 18 Kasterlee
84,Oudemolsedijk,2020-10-11,06:00:00,0,0,0,FMN GV 18 Kasterlee
84,Oudemolsedijk,2020-10-11,07:00:00,2,0,2,FMN GV 18 Kasterlee
84,Oudemolsedijk,2020-10-11,08:00:00,11,2,9,FMN GV 18 Kasterlee
84,Oudemolsedijk,2020-10-11,09:00:00,45,22,23,FMN GV 18 Kasterlee
84,Oudemolsedijk,2020-10-11,10:00:00,95,59,36,FMN GV 18 Kasterlee
84,Oudemolsedijk,2020-10-11,11:00:00,45,26,19,FMN GV 18 Kasterlee
84,Oudemolsedijk,2020-10-11,12:00:00,35,21,14,FMN GV 18 Kasterlee
84,Oudemolsedijk,2020-10-11,13:00:00,45,25,20,FMN GV 18 Kasterlee
84,Oudemolsedijk,2020-10-11,14:00:00,57,37,20,FMN GV 18 Kasterlee
84,Oudemolsedijk,2020-10-11,15:00:00,42,15,27,FMN GV 18 Kasterlee
84,Oudemolsedijk,2020-10-11,16:00:00,11,5,6,FMN GV 18 Kasterlee
84,Oudemolsedijk,2020-10-11,17:00:00,13,5,8,FMN GV 18 Kasterlee
84,Oudemolsedijk,2020-10-11,18:00:00,4,3,1,FMN GV 18 Kasterlee
84,Oudemolsedijk,2020-10-11,19:00:00,1,1,0,FMN GV 18 Kasterlee
84,Oudemolsedijk,2020-10-11,20:00:00,2,2,0,FMN GV 18 Kasterlee
84,Oudemolsedijk,2020-10-11,21:00:00,2,2,0,FMN GV 18 Kasterlee
84,Oudemolsedijk,2020-10-11,22:00:00,0,0,0,FMN GV 18 Kasterlee
84,Oudemolsedijk,2020-10-11,23:00:00,0,0,0,FMN GV 18 Kasterlee
84,Oudemolsedijk,2020-10-12,00:00:00,0,0,0,FMN GV 18 Kasterlee
84,Oudemolsedijk,2020-10-12,01:00:00,0,0,0,FMN GV 18 Kasterlee
84,Oudemolsedijk,2020-10-12,02:00:00,0,0,0,FMN GV 18 Kasterlee
84,Oudemolsedijk,2020-10-12,03:00:00,0,0,0,FMN GV 18 Kasterlee
84,Oudemolsedijk,2020-10-12,04:00:00,0,0,0,FMN GV 18 Kasterlee
84,Oudemolsedijk,2020-10-12,05:00:00,4,2,2,FMN GV 18 Kasterlee
84,Oudemolsedijk,2020-10-12,06:00:00,11,1,10,FMN GV 18 Kasterlee
84,Oudemolsedijk,2020-10-12,07:00:00,17,10,7,FMN GV 18 Kasterlee
84,Oudemolsedijk,2020-10-12,08:00:00,9,4,5,FMN GV 18 Kasterlee
84,Oudemolsedijk,2020-10-12,09:00:00,4,2,2,FMN GV 18 Kasterlee
84,Oudemolsedijk,2020-10-12,10:00:00,12,5,7,FMN GV 18 Kasterlee
84,Oudemolsedijk,2020-10-12,11:00:00,12,9,3,FMN GV 18 Kasterlee
84,Oudemolsedijk,2020-10-12,12:00:00,17,8,9,FMN GV 18 Kasterlee
84,Oudemolsedijk,2020-10-12,13:00:00,49,31,18,FMN GV 18 Kasterlee
84,Oudemolsedijk,2020-10-12,14:00:00,52,34,18,FMN GV 18 Kasterlee
84,Oudemolsedijk,2020-10-12,15:00:00,36,20,16,FMN GV 18 Kasterlee
84,Oudemolsedijk,2020-10-12,16:00:00,47,21,26,FMN GV 18 Kasterlee
84,Oudemolsedijk,2020-10-12,17:00:00,27,21,6,FMN GV 18 Kasterlee
84,Oudemolsedijk,2020-10-12,18:00:00,8,6,2,FMN GV 18 Kasterlee
84,Oudemolsedijk,2020-10-12,19:00:00,4,2,2,FMN GV 18 Kasterlee
84,Oudemolsedijk,2020-10-12,20:00:00,2,1,1,FMN GV 18 Kasterlee
84,Oudemolsedijk,2020-10-12,21:00:00,5,5,0,FMN GV 18 Kasterlee
84,Oudemolsedijk,2020-10-12,22:00:00,3,1,2,FMN GV 18 Kasterlee
84,Oudemolsedijk,2020-10-12,23:00:00,0,0,0,FMN GV 18 Kasterlee
84,Oudemolsedijk,2020-10-13,00:00:00,0,0,0,FMN GV 18 Kasterlee
84,Oudemolsedijk,2020-10-13,01:00:00,1,0,1,FMN GV 18 Kasterlee
84,Oudemolsedijk,2020-10-13,02:00:00,0,0,0,FMN GV 18 Kasterlee
84,Oudemolsedijk,2020-10-13,03:00:00,0,0,0,FMN GV 18 Kasterlee
84,Oudemolsedijk,2020-10-13,04:00:00,2,2,0,FMN GV 18 Kasterlee
84,Oudemolsedijk,2020-10-13,05:00:00,5,5,0,FMN GV 18 Kasterlee
84,Oudemolsedijk,2020-10-13,06:00:00,12,3,9,FMN GV 18 Kasterlee
84,Oudemolsedijk,2020-10-13,07:00:00,17,8,9,FMN GV 18 Kasterlee
84,Oudemolsedijk,2020-10-13,08:00:00,14,7,7,FMN GV 18 Kasterlee
84,Oudemolsedijk,2020-10-13,09:00:00,15,7,8,FMN GV 18 Kasterlee
84,Oudemolsedijk,2020-10-13,10:00:00,11,7,4,FMN GV 18 Kasterlee
84,Oudemolsedijk,2020-10-13,11:00:00,32,19,13,FMN GV 18 Kasterlee
84,Oudemolsedijk,2020-10-13,12:00:00,30,12,18,FMN GV 18 Kasterlee
84,Oudemolsedijk,2020-10-13,13:00:00,44,11,33,FMN GV 18 Kasterlee
84,Oudemolsedijk,2020-10-13,14:00:00,73,48,25,FMN GV 18 Kasterlee
84,Oudemolsedijk,2020-10-13,15:00:00,92,42,50,FMN GV 18 Kasterlee
84,Oudemolsedijk,2020-10-13,16:00:00,55,31,24,FMN GV 18 Kasterlee
84,Oudemolsedijk,2020-10-13,17:00:00,27,16,11,FMN GV 18 Kasterlee
84,Oudemolsedijk,2020-10-13,18:00:00,10,4,6,FMN GV 18 Kasterlee
84,Oudemolsedijk,2020-10-13,19:00:00,11,3,8,FMN GV 18 Kasterlee
84,Oudemolsedijk,2020-10-13,20:00:00,3,3,0,FMN GV 18 Kasterlee
84,Oudemolsedijk,2020-10-13,21:00:00,3,2,1,FMN GV 18 Kasterlee
84,Oudemolsedijk,2020-10-13,22:00:00,3,2,1,FMN GV 18 Kasterlee
84,Oudemolsedijk,2020-10-13,23:00:00,1,0,1,FMN GV 18 Kasterlee
84,Oudemolsedijk,2020-10-14,00:00:00,0,0,0,FMN GV 18 Kasterlee
84,Oudemolsedijk,2020-10-14,01:00:00,0,0,0,FMN GV 18 Kasterlee
84,Oudemolsedijk,2020-10-14,02:00:00,0,0,0,FMN GV 18 Kasterlee
84,Oudemolsedijk,2020-10-14,03:00:00,1,1,0,FMN GV 18 Kasterlee
84,Oudemolsedijk,2020-10-14,04:00:00,1,1,0,FMN GV 18 Kasterlee
84,Oudemolsedijk,2020-10-14,05:00:00,7,6,1,FMN GV 18 Kasterlee
84,Oudemolsedijk,2020-10-14,06:00:00,9,0,9,FMN GV 18 Kasterlee
84,Oudemolsedijk,2020-10-14,07:00:00,9,3,6,FMN GV 18 Kasterlee
84,Oudemolsedijk,2020-10-14,08:00:00,14,7,7,FMN GV 18 Kasterlee
84,Oudemolsedijk,2020-10-14,09:00:00,5,5,0,FMN GV 18 Kasterlee
84,Oudemolsedijk,2020-10-14,10:00:00,16,10,6,FMN GV 18 Kasterlee
84,Oudemolsedijk,2020-10-14,11:00:00,12,4,8,FMN GV 18 Kasterlee
84,Oudemolsedijk,2020-10-14,12:00:00,25,15,10,FMN GV 18 Kasterlee
84,Oudemolsedijk,2020-10-14,13:00:00,48,18,30,FMN GV 18 Kasterlee
84,Oudemolsedijk,2020-10-14,14:00:00,37,10,27,FMN GV 18 Kasterlee
84,Oudemolsedijk,2020-10-14,15:00:00,49,25,24,FMN GV 18 Kasterlee
84,Oudemolsedijk,2020-10-14,16:00:00,37,26,11,FMN GV 18 Kasterlee
84,Oudemolsedijk,2020-10-14,17:00:00,21,15,6,FMN GV 18 Kasterlee
84,Oudemolsedijk,2020-10-14,18:00:00,10,7,3,FMN GV 18 Kasterlee
84,Oudemolsedijk,2020-10-14,19:00:00,17,17,0,FMN GV 18 Kasterlee
84,Oudemolsedijk,2020-10-14,20:00:00,11,11,0,FMN GV 18 Kasterlee
84,Oudemolsedijk,2020-10-14,21:00:00,2,0,2,FMN GV 18 Kasterlee
84,Oudemolsedijk,2020-10-14,22:00:00,2,1,1,FMN GV 18 Kasterlee
84,Oudemolsedijk,2020-10-14,23:00:00,0,0,0,FMN GV 18 Kasterlee
84,Oudemolsedijk,2020-10-15,00:00:00,0,0,0,FMN GV 18 Kasterlee
84,Oudemolsedijk,2020-10-15,01:00:00,0,0,0,FMN GV 18 Kasterlee
84,Oudemolsedijk,2020-10-15,02:00:00,0,0,0,FMN GV 18 Kasterlee
84,Oudemolsedijk,2020-10-15,03:00:00,0,0,0,FMN GV 18 Kasterlee
84,Oudemolsedijk,2020-10-15,04:00:00,1,1,0,FMN GV 18 Kasterlee
84,Oudemolsedijk,2020-10-15,05:00:00,7,6,1,FMN GV 18 Kasterlee
84,Oudemolsedijk,2020-10-15,06:00:00,8,1,7,FMN GV 18 Kasterlee
84,Oudemolsedijk,2020-10-15,07:00:00,18,9,9,FMN GV 18 Kasterlee
84,Oudemolsedijk,2020-10-15,08:00:00,14,13,1,FMN GV 18 Kasterlee
84,Oudemolsedijk,2020-10-15,09:00:00,20,6,14,FMN GV 18 Kasterlee
84,Oudemolsedijk,2020-10-15,10:00:00,7,3,4,FMN GV 18 Kasterlee
84,Oudemolsedijk,2020-10-15,11:00:00,12,7,5,FMN GV 18 Kasterlee
84,Oudemolsedijk,2020-10-15,12:00:00,28,12,16,FMN GV 18 Kasterlee
84,Oudemolsedijk,2020-10-15,13:00:00,43,12,31,FMN GV 18 Kasterlee
84,Oudemolsedijk,2020-10-15,14:00:00,65,26,39,FMN GV 18 Kasterlee
84,Oudemolsedijk,2020-10-15,15:00:00,60,30,30,FMN GV 18 Kasterlee
84,Oudemolsedijk,2020-10-15,16:00:00,49,26,23,FMN GV 18 Kasterlee
84,Oudemolsedijk,2020-10-15,17:00:00,27,14,13,FMN GV 18 Kasterlee
84,Oudemolsedijk,2020-10-15,18:00:00,7,4,3,FMN GV 18 Kasterlee
84,Oudemolsedijk,2020-10-15,19:00:00,4,1,3,FMN GV 18 Kasterlee
84,Oudemolsedijk,2020-10-15,20:00:00,0,0,0,FMN GV 18 Kasterlee
84,Oudemolsedijk,2020-10-15,21:00:00,2,2,0,FMN GV 18 Kasterlee
84,Oudemolsedijk,2020-10-15,22:00:00,0,0,0,FMN GV 18 Kasterlee
84,Oudemolsedijk,2020-10-15,23:00:00,0,0,0,FMN GV 18 Kasterlee
84,Oudemolsedijk,2020-10-16,00:00:00,0,0,0,FMN GV 18 Kasterlee
84,Oudemolsedijk,2020-10-16,01:00:00,0,0,0,FMN GV 18 Kasterlee
84,Oudemolsedijk,2020-10-16,02:00:00,0,0,0,FMN GV 18 Kasterlee
84,Oudemolsedijk,2020-10-16,03:00:00,0,0,0,FMN GV 18 Kasterlee
84,Oudemolsedijk,2020-10-16,04:00:00,1,1,0,FMN GV 18 Kasterlee
84,Oudemolsedijk,2020-10-16,05:00:00,2,2,0,FMN GV 18 Kasterlee
84,Oudemolsedijk,2020-10-16,06:00:00,6,1,5,FMN GV 18 Kasterlee
84,Oudemolsedijk,2020-10-16,07:00:00,15,9,6,FMN GV 18 Kasterlee
84,Oudemolsedijk,2020-10-16,08:00:00,11,8,3,FMN GV 18 Kasterlee
84,Oudemolsedijk,2020-10-16,09:00:00,11,2,9,FMN GV 18 Kasterlee
84,Oudemolsedijk,2020-10-16,10:00:00,13,6,7,FMN GV 18 Kasterlee
84,Oudemolsedijk,2020-10-16,11:00:00,17,12,5,FMN GV 18 Kasterlee
84,Oudemolsedijk,2020-10-16,12:00:00,30,9,21,FMN GV 18 Kasterlee
84,Oudemolsedijk,2020-10-16,13:00:00,33,8,25,FMN GV 18 Kasterlee
84,Oudemolsedijk,2020-10-16,14:00:00,37,21,16,FMN GV 18 Kasterlee
84,Oudemolsedijk,2020-10-16,15:00:00,54,33,21,FMN GV 18 Kasterlee
84,Oudemolsedijk,2020-10-16,16:00:00,40,26,14,FMN GV 18 Kasterlee
84,Oudemolsedijk,2020-10-16,17:00:00,32,20,12,FMN GV 18 Kasterlee
84,Oudemolsedijk,2020-10-16,18:00:00,7,5,2,FMN GV 18 Kasterlee
84,Oudemolsedijk,2020-10-16,19:00:00,4,1,3,FMN GV 18 Kasterlee
84,Oudemolsedijk,2020-10-16,20:00:00,1,1,0,FMN GV 18 Kasterlee
84,Oudemolsedijk,2020-10-16,21:00:00,0,0,0,FMN GV 18 Kasterlee
84,Oudemolsedijk,2020-10-16,22:00:00,3,1,2,FMN GV 18 Kasterlee
84,Oudemolsedijk,2020-10-16,23:00:00,1,1,0,FMN GV 18 Kasterlee
84,Oudemolsedijk,2020-10-17,00:00:00,0,0,0,FMN GV 18 Kasterlee
84,Oudemolsedijk,2020-10-17,01:00:00,0,0,0,FMN GV 18 Kasterlee
84,Oudemolsedijk,2020-10-17,02:00:00,0,0,0,FMN GV 18 Kasterlee
84,Oudemolsedijk,2020-10-17,03:00:00,0,0,0,FMN GV 18 Kasterlee
84,Oudemolsedijk,2020-10-17,04:00:00,0,0,0,FMN GV 18 Kasterlee
84,Oudemolsedijk,2020-10-17,05:00:00,3,3,0,FMN GV 18 Kasterlee
84,Oudemolsedijk,2020-10-17,06:00:00,1,1,0,FMN GV 18 Kasterlee
84,Oudemolsedijk,2020-10-17,07:00:00,2,1,1,FMN GV 18 Kasterlee
84,Oudemolsedijk,2020-10-17,08:00:00,3,1,2,FMN GV 18 Kasterlee
84,Oudemolsedijk,2020-10-17,09:00:00,22,7,15,FMN GV 18 Kasterlee
84,Oudemolsedijk,2020-10-17,10:00:00,32,17,15,FMN GV 18 Kasterlee
84,Oudemolsedijk,2020-10-17,11:00:00,44,18,26,FMN GV 18 Kasterlee
84,Oudemolsedijk,2020-10-17,12:00:00,46,20,26,FMN GV 18 Kasterlee
84,Oudemolsedijk,2020-10-17,13:00:00,85,33,52,FMN GV 18 Kasterlee
84,Oudemolsedijk,2020-10-17,14:00:00,101,57,44,FMN GV 18 Kasterlee
84,Oudemolsedijk,2020-10-17,15:00:00,146,78,68,FMN GV 18 Kasterlee
84,Oudemolsedijk,2020-10-17,16:00:00,62,35,27,FMN GV 18 Kasterlee
84,Oudemolsedijk,2020-10-17,17:00:00,27,16,11,FMN GV 18 Kasterlee
84,Oudemolsedijk,2020-10-17,18:00:00,4,3,1,FMN GV 18 Kasterlee
84,Oudemolsedijk,2020-10-17,19:00:00,1,1,0,FMN GV 18 Kasterlee
84,Oudemolsedijk,2020-10-17,20:00:00,2,2,0,FMN GV 18 Kasterlee
84,Oudemolsedijk,2020-10-17,21:00:00,0,0,0,FMN GV 18 Kasterlee
84,Oudemolsedijk,2020-10-17,22:00:00,3,1,2,FMN GV 18 Kasterlee
84,Oudemolsedijk,2020-10-17,23:00:00,0,0,0,FMN GV 18 Kasterlee
84,Oudemolsedijk,2020-10-18,00:00:00,0,0,0,FMN GV 18 Kasterlee
84,Oudemolsedijk,2020-10-18,01:00:00,0,0,0,FMN GV 18 Kasterlee
84,Oudemolsedijk,2020-10-18,02:00:00,0,0,0,FMN GV 18 Kasterlee
84,Oudemolsedijk,2020-10-18,03:00:00,0,0,0,FMN GV 18 Kasterlee
84,Oudemolsedijk,2020-10-18,04:00:00,0,0,0,FMN GV 18 Kasterlee
84,Oudemolsedijk,2020-10-18,05:00:00,0,0,0,FMN GV 18 Kasterlee
84,Oudemolsedijk,2020-10-18,06:00:00,0,0,0,FMN GV 18 Kasterlee
84,Oudemolsedijk,2020-10-18,07:00:00,1,0,1,FMN GV 18 Kasterlee
84,Oudemolsedijk,2020-10-18,08:00:00,28,17,11,FMN GV 18 Kasterlee
84,Oudemolsedijk,2020-10-18,09:00:00,89,42,47,FMN GV 18 Kasterlee
84,Oudemolsedijk,2020-10-18,10:00:00,97,33,64,FMN GV 18 Kasterlee
84,Oudemolsedijk,2020-10-18,11:00:00,80,33,47,FMN GV 18 Kasterlee
84,Oudemolsedijk,2020-10-18,12:00:00,31,20,11,FMN GV 18 Kasterlee
84,Oudemolsedijk,2020-10-18,13:00:00,26,10,16,FMN GV 18 Kasterlee
84,Oudemolsedijk,2020-10-18,14:00:00,51,29,22,FMN GV 18 Kasterlee
84,Oudemolsedijk,2020-10-18,15:00:00,26,16,10,FMN GV 18 Kasterlee
84,Oudemolsedijk,2020-10-18,16:00:00,25,15,10,FMN GV 18 Kasterlee
84,Oudemolsedijk,2020-10-18,17:00:00,8,1,7,FMN GV 18 Kasterlee
84,Oudemolsedijk,2020-10-18,18:00:00,6,3,3,FMN GV 18 Kasterlee
84,Oudemolsedijk,2020-10-18,19:00:00,2,2,0,FMN GV 18 Kasterlee
84,Oudemolsedijk,2020-10-18,20:00:00,0,0,0,FMN GV 18 Kasterlee
84,Oudemolsedijk,2020-10-18,21:00:00,0,0,0,FMN GV 18 Kasterlee
84,Oudemolsedijk,2020-10-18,22:00:00,1,0,1,FMN GV 18 Kasterlee
84,Oudemolsedijk,2020-10-18,23:00:00,0,0,0,FMN GV 18 Kasterlee
84,Oudemolsedijk,2020-10-19,00:00:00,0,0,0,FMN GV 18 Kasterlee
84,Oudemolsedijk,2020-10-19,01:00:00,0,0,0,FMN GV 18 Kasterlee
84,Oudemolsedijk,2020-10-19,02:00:00,0,0,0,FMN GV 18 Kasterlee
84,Oudemolsedijk,2020-10-19,03:00:00,0,0,0,FMN GV 18 Kasterlee
84,Oudemolsedijk,2020-10-19,04:00:00,0,0,0,FMN GV 18 Kasterlee
84,Oudemolsedijk,2020-10-19,05:00:00,2,1,1,FMN GV 18 Kasterlee
84,Oudemolsedijk,2020-10-19,06:00:00,8,2,6,FMN GV 18 Kasterlee
84,Oudemolsedijk,2020-10-19,07:00:00,16,8,8,FMN GV 18 Kasterlee
84,Oudemolsedijk,2020-10-19,08:00:00,16,11,5,FMN GV 18 Kasterlee
84,Oudemolsedijk,2020-10-19,09:00:00,11,1,10,FMN GV 18 Kasterlee
84,Oudemolsedijk,2020-10-19,10:00:00,16,9,7,FMN GV 18 Kasterlee
84,Oudemolsedijk,2020-10-19,11:00:00,10,7,3,FMN GV 18 Kasterlee
84,Oudemolsedijk,2020-10-19,12:00:00,14,9,5,FMN GV 18 Kasterlee
84,Oudemolsedijk,2020-10-19,13:00:00,77,30,47,FMN GV 18 Kasterlee
84,Oudemolsedijk,2020-10-19,14:00:00,89,47,42,FMN GV 18 Kasterlee
84,Oudemolsedijk,2020-10-19,15:00:00,71,45,26,FMN GV 18 Kasterlee
84,Oudemolsedijk,2020-10-19,16:00:00,50,26,24,FMN GV 18 Kasterlee
84,Oudemolsedijk,2020-10-19,17:00:00,33,17,16,FMN GV 18 Kasterlee
84,Oudemolsedijk,2020-10-19,18:00:00,9,9,0,FMN GV 18 Kasterlee
84,Oudemolsedijk,2020-10-19,19:00:00,2,1,1,FMN GV 18 Kasterlee
84,Oudemolsedijk,2020-10-19,20:00:00,0,0,0,FMN GV 18 Kasterlee
84,Oudemolsedijk,2020-10-19,21:00:00,2,0,2,FMN GV 18 Kasterlee
84,Oudemolsedijk,2020-10-19,22:00:00,6,2,4,FMN GV 18 Kasterlee
84,Oudemolsedijk,2020-10-19,23:00:00,0,0,0,FMN GV 18 Kasterlee
84,Oudemolsedijk,2020-10-20,00:00:00,0,0,0,FMN GV 18 Kasterlee
84,Oudemolsedijk,2020-10-20,01:00:00,0,0,0,FMN GV 18 Kasterlee
84,Oudemolsedijk,2020-10-20,02:00:00,1,0,1,FMN GV 18 Kasterlee
84,Oudemolsedijk,2020-10-20,03:00:00,0,0,0,FMN GV 18 Kasterlee
84,Oudemolsedijk,2020-10-20,04:00:00,0,0,0,FMN GV 18 Kasterlee
84,Oudemolsedijk,2020-10-20,05:00:00,1,1,0,FMN GV 18 Kasterlee
84,Oudemolsedijk,2020-10-20,06:00:00,6,2,4,FMN GV 18 Kasterlee
84,Oudemolsedijk,2020-10-20,07:00:00,11,6,5,FMN GV 18 Kasterlee
84,Oudemolsedijk,2020-10-20,08:00:00,13,7,6,FMN GV 18 Kasterlee
84,Oudemolsedijk,2020-10-20,09:00:00,7,2,5,FMN GV 18 Kasterlee
84,Oudemolsedijk,2020-10-20,10:00:00,16,9,7,FMN GV 18 Kasterlee
84,Oudemolsedijk,2020-10-20,11:00:00,10,8,2,FMN GV 18 Kasterlee
84,Oudemolsedijk,2020-10-20,12:00:00,6,5,1,FMN GV 18 Kasterlee
84,Oudemolsedijk,2020-10-20,13:00:00,22,12,10,FMN GV 18 Kasterlee
84,Oudemolsedijk,2020-10-20,14:00:00,22,16,6,FMN GV 18 Kasterlee
84,Oudemolsedijk,2020-10-20,15:00:00,22,7,15,FMN GV 18 Kasterlee
84,Oudemolsedijk,2020-10-20,16:00:00,19,11,8,FMN GV 18 Kasterlee
84,Oudemolsedijk,2020-10-20,17:00:00,18,5,13,FMN GV 18 Kasterlee
84,Oudemolsedijk,2020-10-20,18:00:00,8,5,3,FMN GV 18 Kasterlee
84,Oudemolsedijk,2020-10-20,19:00:00,2,2,0,FMN GV 18 Kasterlee
84,Oudemolsedijk,2020-10-20,20:00:00,7,4,3,FMN GV 18 Kasterlee
84,Oudemolsedijk,2020-10-20,21:00:00,2,1,1,FMN GV 18 Kasterlee
84,Oudemolsedijk,2020-10-20,22:00:00,5,1,4,FMN GV 18 Kasterlee
84,Oudemolsedijk,2020-10-20,23:00:00,0,0,0,FMN GV 18 Kasterlee
84,Oudemolsedijk,2020-10-21,00:00:00,0,0,0,FMN GV 18 Kasterlee
84,Oudemolsedijk,2020-10-21,01:00:00,0,0,0,FMN GV 18 Kasterlee
84,Oudemolsedijk,2020-10-21,02:00:00,0,0,0,FMN GV 18 Kasterlee
84,Oudemolsedijk,2020-10-21,03:00:00,0,0,0,FMN GV 18 Kasterlee
84,Oudemolsedijk,2020-10-21,04:00:00,0,0,0,FMN GV 18 Kasterlee
84,Oudemolsedijk,2020-10-21,05:00:00,0,0,0,FMN GV 18 Kasterlee
84,Oudemolsedijk,2020-10-21,06:00:00,3,0,3,FMN GV 18 Kasterlee
84,Oudemolsedijk,2020-10-21,07:00:00,8,7,1,FMN GV 18 Kasterlee
84,Oudemolsedijk,2020-10-21,08:00:00,6,4,2,FMN GV 18 Kasterlee
84,Oudemolsedijk,2020-10-21,09:00:00,3,2,1,FMN GV 18 Kasterlee
84,Oudemolsedijk,2020-10-21,10:00:00,0,0,0,FMN GV 18 Kasterlee
84,Oudemolsedijk,2020-10-21,11:00:00,5,1,4,FMN GV 18 Kasterlee
84,Oudemolsedijk,2020-10-21,12:00:00,13,8,5,FMN GV 18 Kasterlee
84,Oudemolsedijk,2020-10-21,13:00:00,26,7,19,FMN GV 18 Kasterlee
84,Oudemolsedijk,2020-10-21,14:00:00,47,21,26,FMN GV 18 Kasterlee
84,Oudemolsedijk,2020-10-21,15:00:00,27,15,12,FMN GV 18 Kasterlee
84,Oudemolsedijk,2020-10-21,16:00:00,16,10,6,FMN GV 18 Kasterlee
84,Oudemolsedijk,2020-10-21,17:00:00,14,5,9,FMN GV 18 Kasterlee
84,Oudemolsedijk,2020-10-21,18:00:00,8,3,5,FMN GV 18 Kasterlee
84,Oudemolsedijk,2020-10-21,19:00:00,9,8,1,FMN GV 18 Kasterlee
84,Oudemolsedijk,2020-10-21,20:00:00,12,0,12,FMN GV 18 Kasterlee
84,Oudemolsedijk,2020-10-21,21:00:00,1,0,1,FMN GV 18 Kasterlee
84,Oudemolsedijk,2020-10-21,22:00:00,2,0,2,FMN GV 18 Kasterlee
84,Oudemolsedijk,2020-10-21,23:00:00,0,0,0,FMN GV 18 Kasterlee
84,Oudemolsedijk,2020-10-22,00:00:00,0,0,0,FMN GV 18 Kasterlee
84,Oudemolsedijk,2020-10-22,01:00:00,0,0,0,FMN GV 18 Kasterlee
84,Oudemolsedijk,2020-10-22,02:00:00,0,0,0,FMN GV 18 Kasterlee
84,Oudemolsedijk,2020-10-22,03:00:00,0,0,0,FMN GV 18 Kasterlee
84,Oudemolsedijk,2020-10-22,04:00:00,0,0,0,FMN GV 18 Kasterlee
84,Oudemolsedijk,2020-10-22,05:00:00,1,1,0,FMN GV 18 Kasterlee
84,Oudemolsedijk,2020-10-22,06:00:00,5,1,4,FMN GV 18 Kasterlee
84,Oudemolsedijk,2020-10-22,07:00:00,13,7,6,FMN GV 18 Kasterlee
84,Oudemolsedijk,2020-10-22,08:00:00,12,7,5,FMN GV 18 Kasterlee
84,Oudemolsedijk,2020-10-22,09:00:00,15,3,12,FMN GV 18 Kasterlee
84,Oudemolsedijk,2020-10-22,10:00:00,34,21,13,FMN GV 18 Kasterlee
84,Oudemolsedijk,2020-10-22,11:00:00,20,9,11,FMN GV 18 Kasterlee
84,Oudemolsedijk,2020-10-22,12:00:00,24,12,12,FMN GV 18 Kasterlee
84,Oudemolsedijk,2020-10-22,13:00:00,43,18,25,FMN GV 18 Kasterlee
84,Oudemolsedijk,2020-10-22,14:00:00,32,15,17,FMN GV 18 Kasterlee
84,Oudemolsedijk,2020-10-22,15:00:00,25,17,8,FMN GV 18 Kasterlee
84,Oudemolsedijk,2020-10-22,16:00:00,34,17,17,FMN GV 18 Kasterlee
84,Oudemolsedijk,2020-10-22,17:00:00,13,8,5,FMN GV 18 Kasterlee
84,Oudemolsedijk,2020-10-22,18:00:00,15,10,5,FMN GV 18 Kasterlee
84,Oudemolsedijk,2020-10-22,19:00:00,6,5,1,FMN GV 18 Kasterlee
84,Oudemolsedijk,2020-10-22,20:00:00,0,0,0,FMN GV 18 Kasterlee
84,Oudemolsedijk,2020-10-22,21:00:00,2,0,2,FMN GV 18 Kasterlee
84,Oudemolsedijk,2020-10-22,22:00:00,4,2,2,FMN GV 18 Kasterlee
84,Oudemolsedijk,2020-10-22,23:00:00,0,0,0,FMN GV 18 Kasterlee
84,Oudemolsedijk,2020-10-23,00:00:00,0,0,0,FMN GV 18 Kasterlee
84,Oudemolsedijk,2020-10-23,01:00:00,0,0,0,FMN GV 18 Kasterlee
84,Oudemolsedijk,2020-10-23,02:00:00,0,0,0,FMN GV 18 Kasterlee
84,Oudemolsedijk,2020-10-23,03:00:00,0,0,0,FMN GV 18 Kasterlee
84,Oudemolsedijk,2020-10-23,04:00:00,0,0,0,FMN GV 18 Kasterlee
84,Oudemolsedijk,2020-10-23,05:00:00,1,1,0,FMN GV 18 Kasterlee
84,Oudemolsedijk,2020-10-23,06:00:00,8,2,6,FMN GV 18 Kasterlee
84,Oudemolsedijk,2020-10-23,07:00:00,10,3,7,FMN GV 18 Kasterlee
84,Oudemolsedijk,2020-10-23,08:00:00,18,14,4,FMN GV 18 Kasterlee
84,Oudemolsedijk,2020-10-23,09:00:00,9,4,5,FMN GV 18 Kasterlee
84,Oudemolsedijk,2020-10-23,10:00:00,13,9,4,FMN GV 18 Kasterlee
84,Oudemolsedijk,2020-10-23,11:00:00,15,9,6,FMN GV 18 Kasterlee
84,Oudemolsedijk,2020-10-23,12:00:00,15,3,12,FMN GV 18 Kasterlee
84,Oudemolsedijk,2020-10-23,13:00:00,38,21,17,FMN GV 18 Kasterlee
84,Oudemolsedijk,2020-10-23,14:00:00,62,28,34,FMN GV 18 Kasterlee
84,Oudemolsedijk,2020-10-23,15:00:00,58,39,19,FMN GV 18 Kasterlee
84,Oudemolsedijk,2020-10-23,16:00:00,69,40,29,FMN GV 18 Kasterlee
84,Oudemolsedijk,2020-10-23,17:00:00,30,17,13,FMN GV 18 Kasterlee
84,Oudemolsedijk,2020-10-23,18:00:00,23,11,12,FMN GV 18 Kasterlee
84,Oudemolsedijk,2020-10-23,19:00:00,1,0,1,FMN GV 18 Kasterlee
84,Oudemolsedijk,2020-10-23,20:00:00,0,0,0,FMN GV 18 Kasterlee
84,Oudemolsedijk,2020-10-23,21:00:00,1,1,0,FMN GV 18 Kasterlee
84,Oudemolsedijk,2020-10-23,22:00:00,2,0,2,FMN GV 18 Kasterlee
84,Oudemolsedijk,2020-10-23,23:00:00,0,0,0,FMN GV 18 Kasterlee
84,Oudemolsedijk,2020-10-24,00:00:00,0,0,0,FMN GV 18 Kasterlee
84,Oudemolsedijk,2020-10-24,01:00:00,0,0,0,FMN GV 18 Kasterlee
84,Oudemolsedijk,2020-10-24,02:00:00,0,0,0,FMN GV 18 Kasterlee
84,Oudemolsedijk,2020-10-24,03:00:00,0,0,0,FMN GV 18 Kasterlee
84,Oudemolsedijk,2020-10-24,04:00:00,0,0,0,FMN GV 18 Kasterlee
84,Oudemolsedijk,2020-10-24,05:00:00,0,0,0,FMN GV 18 Kasterlee
84,Oudemolsedijk,2020-10-24,06:00:00,0,0,0,FMN GV 18 Kasterlee
84,Oudemolsedijk,2020-10-24,07:00:00,3,0,3,FMN GV 18 Kasterlee
84,Oudemolsedijk,2020-10-24,08:00:00,2,0,2,FMN GV 18 Kasterlee
84,Oudemolsedijk,2020-10-24,09:00:00,13,7,6,FMN GV 18 Kasterlee
84,Oudemolsedijk,2020-10-24,10:00:00,27,11,16,FMN GV 18 Kasterlee
84,Oudemolsedijk,2020-10-24,11:00:00,19,10,9,FMN GV 18 Kasterlee
84,Oudemolsedijk,2020-10-24,12:00:00,15,5,10,FMN GV 18 Kasterlee
84,Oudemolsedijk,2020-10-24,13:00:00,29,18,11,FMN GV 18 Kasterlee
84,Oudemolsedijk,2020-10-24,14:00:00,69,35,34,FMN GV 18 Kasterlee
84,Oudemolsedijk,2020-10-24,15:00:00,67,29,38,FMN GV 18 Kasterlee
84,Oudemolsedijk,2020-10-24,16:00:00,21,19,2,FMN GV 18 Kasterlee
84,Oudemolsedijk,2020-10-24,17:00:00,23,14,9,FMN GV 18 Kasterlee
84,Oudemolsedijk,2020-10-24,18:00:00,7,7,0,FMN GV 18 Kasterlee
84,Oudemolsedijk,2020-10-24,19:00:00,1,0,1,FMN GV 18 Kasterlee
84,Oudemolsedijk,2020-10-24,20:00:00,0,0,0,FMN GV 18 Kasterlee
84,Oudemolsedijk,2020-10-24,21:00:00,1,0,1,FMN GV 18 Kasterlee
84,Oudemolsedijk,2020-10-24,22:00:00,0,0,0,FMN GV 18 Kasterlee
84,Oudemolsedijk,2020-10-24,23:00:00,1,1,0,FMN GV 18 Kasterlee
84,Oudemolsedijk,2020-10-25,00:00:00,0,0,0,FMN GV 18 Kasterlee
84,Oudemolsedijk,2020-10-25,01:00:00,0,0,0,FMN GV 18 Kasterlee
84,Oudemolsedijk,2020-10-25,02:00:00,0,0,0,FMN GV 18 Kasterlee
84,Oudemolsedijk,2020-10-25,03:00:00,0,0,0,FMN GV 18 Kasterlee
84,Oudemolsedijk,2020-10-25,04:00:00,0,0,0,FMN GV 18 Kasterlee
84,Oudemolsedijk,2020-10-25,05:00:00,0,0,0,FMN GV 18 Kasterlee
84,Oudemolsedijk,2020-10-25,06:00:00,0,0,0,FMN GV 18 Kasterlee
84,Oudemolsedijk,2020-10-25,07:00:00,1,0,1,FMN GV 18 Kasterlee
84,Oudemolsedijk,2020-10-25,08:00:00,6,2,4,FMN GV 18 Kasterlee
84,Oudemolsedijk,2020-10-25,09:00:00,7,5,2,FMN GV 18 Kasterlee
84,Oudemolsedijk,2020-10-25,10:00:00,23,12,11,FMN GV 18 Kasterlee
84,Oudemolsedijk,2020-10-25,11:00:00,33,20,13,FMN GV 18 Kasterlee
84,Oudemolsedijk,2020-10-25,12:00:00,10,5,5,FMN GV 18 Kasterlee
84,Oudemolsedijk,2020-10-25,13:00:00,11,4,7,FMN GV 18 Kasterlee
84,Oudemolsedijk,2020-10-25,14:00:00,16,4,12,FMN GV 18 Kasterlee
84,Oudemolsedijk,2020-10-25,15:00:00,18,6,12,FMN GV 18 Kasterlee
84,Oudemolsedijk,2020-10-25,16:00:00,16,4,12,FMN GV 18 Kasterlee
84,Oudemolsedijk,2020-10-25,17:00:00,4,2,2,FMN GV 18 Kasterlee
84,Oudemolsedijk,2020-10-25,18:00:00,3,1,2,FMN GV 18 Kasterlee
84,Oudemolsedijk,2020-10-25,19:00:00,0,0,0,FMN GV 18 Kasterlee
84,Oudemolsedijk,2020-10-25,20:00:00,1,1,0,FMN GV 18 Kasterlee
84,Oudemolsedijk,2020-10-25,21:00:00,1,1,0,FMN GV 18 Kasterlee
84,Oudemolsedijk,2020-10-25,22:00:00,0,0,0,FMN GV 18 Kasterlee
84,Oudemolsedijk,2020-10-25,23:00:00,0,0,0,FMN GV 18 Kasterlee
84,Oudemolsedijk,2020-10-26,00:00:00,0,0,0,FMN GV 18 Kasterlee
84,Oudemolsedijk,2020-10-26,01:00:00,0,0,0,FMN GV 18 Kasterlee
84,Oudemolsedijk,2020-10-26,02:00:00,0,0,0,FMN GV 18 Kasterlee
84,Oudemolsedijk,2020-10-26,03:00:00,0,0,0,FMN GV 18 Kasterlee
84,Oudemolsedijk,2020-10-26,04:00:00,1,1,0,FMN GV 18 Kasterlee
84,Oudemolsedijk,2020-10-26,05:00:00,5,4,1,FMN GV 18 Kasterlee
84,Oudemolsedijk,2020-10-26,06:00:00,6,1,5,FMN GV 18 Kasterlee
84,Oudemolsedijk,2020-10-26,07:00:00,18,6,12,FMN GV 18 Kasterlee
84,Oudemolsedijk,2020-10-26,08:00:00,21,12,9,FMN GV 18 Kasterlee
84,Oudemolsedijk,2020-10-26,09:00:00,7,4,3,FMN GV 18 Kasterlee
84,Oudemolsedijk,2020-10-26,10:00:00,14,8,6,FMN GV 18 Kasterlee
84,Oudemolsedijk,2020-10-26,11:00:00,21,15,6,FMN GV 18 Kasterlee
84,Oudemolsedijk,2020-10-26,12:00:00,20,7,13,FMN GV 18 Kasterlee
84,Oudemolsedijk,2020-10-26,13:00:00,67,35,32,FMN GV 18 Kasterlee
84,Oudemolsedijk,2020-10-26,14:00:00,68,42,26,FMN GV 18 Kasterlee
84,Oudemolsedijk,2020-10-26,15:00:00,43,33,10,FMN GV 18 Kasterlee
84,Oudemolsedijk,2020-10-26,16:00:00,33,16,17,FMN GV 18 Kasterlee
84,Oudemolsedijk,2020-10-26,17:00:00,14,7,7,FMN GV 18 Kasterlee
84,Oudemolsedijk,2020-10-26,18:00:00,9,5,4,FMN GV 18 Kasterlee
84,Oudemolsedijk,2020-10-26,19:00:00,1,1,0,FMN GV 18 Kasterlee
84,Oudemolsedijk,2020-10-26,20:00:00,0,0,0,FMN GV 18 Kasterlee
84,Oudemolsedijk,2020-10-26,21:00:00,0,0,0,FMN GV 18 Kasterlee
84,Oudemolsedijk,2020-10-26,22:00:00,1,0,1,FMN GV 18 Kasterlee
84,Oudemolsedijk,2020-10-26,23:00:00,0,0,0,FMN GV 18 Kasterlee
84,Oudemolsedijk,2020-10-27,00:00:00,0,0,0,FMN GV 18 Kasterlee
84,Oudemolsedijk,2020-10-27,01:00:00,0,0,0,FMN GV 18 Kasterlee
84,Oudemolsedijk,2020-10-27,02:00:00,0,0,0,FMN GV 18 Kasterlee
84,Oudemolsedijk,2020-10-27,03:00:00,0,0,0,FMN GV 18 Kasterlee
84,Oudemolsedijk,2020-10-27,04:00:00,2,2,0,FMN GV 18 Kasterlee
84,Oudemolsedijk,2020-10-27,05:00:00,4,4,0,FMN GV 18 Kasterlee
84,Oudemolsedijk,2020-10-27,06:00:00,7,2,5,FMN GV 18 Kasterlee
84,Oudemolsedijk,2020-10-27,07:00:00,15,5,10,FMN GV 18 Kasterlee
84,Oudemolsedijk,2020-10-27,08:00:00,12,8,4,FMN GV 18 Kasterlee
84,Oudemolsedijk,2020-10-27,09:00:00,9,3,6,FMN GV 18 Kasterlee
84,Oudemolsedijk,2020-10-27,10:00:00,20,12,8,FMN GV 18 Kasterlee
84,Oudemolsedijk,2020-10-27,11:00:00,22,19,3,FMN GV 18 Kasterlee
84,Oudemolsedijk,2020-10-27,12:00:00,11,9,2,FMN GV 18 Kasterlee
84,Oudemolsedijk,2020-10-27,13:00:00,26,9,17,FMN GV 18 Kasterlee
84,Oudemolsedijk,2020-10-27,14:00:00,30,7,23,FMN GV 18 Kasterlee
84,Oudemolsedijk,2020-10-27,15:00:00,25,7,18,FMN GV 18 Kasterlee
84,Oudemolsedijk,2020-10-27,16:00:00,23,13,10,FMN GV 18 Kasterlee
84,Oudemolsedijk,2020-10-27,17:00:00,11,8,3,FMN GV 18 Kasterlee
84,Oudemolsedijk,2020-10-27,18:00:00,3,3,0,FMN GV 18 Kasterlee
84,Oudemolsedijk,2020-10-27,19:00:00,0,0,0,FMN GV 18 Kasterlee
84,Oudemolsedijk,2020-10-27,20:00:00,2,2,0,FMN GV 18 Kasterlee
84,Oudemolsedijk,2020-10-27,21:00:00,0,0,0,FMN GV 18 Kasterlee
84,Oudemolsedijk,2020-10-27,22:00:00,1,0,1,FMN GV 18 Kasterlee
84,Oudemolsedijk,2020-10-27,23:00:00,0,0,0,FMN GV 18 Kasterlee
84,Oudemolsedijk,2020-10-28,00:00:00,0,0,0,FMN GV 18 Kasterlee
84,Oudemolsedijk,2020-10-28,01:00:00,0,0,0,FMN GV 18 Kasterlee
84,Oudemolsedijk,2020-10-28,02:00:00,1,0,1,FMN GV 18 Kasterlee
84,Oudemolsedijk,2020-10-28,03:00:00,0,0,0,FMN GV 18 Kasterlee
84,Oudemolsedijk,2020-10-28,04:00:00,1,1,0,FMN GV 18 Kasterlee
84,Oudemolsedijk,2020-10-28,05:00:00,7,7,0,FMN GV 18 Kasterlee
84,Oudemolsedijk,2020-10-28,06:00:00,6,2,4,FMN GV 18 Kasterlee
84,Oudemolsedijk,2020-10-28,07:00:00,10,4,6,FMN GV 18 Kasterlee
84,Oudemolsedijk,2020-10-28,08:00:00,11,9,2,FMN GV 18 Kasterlee
84,Oudemolsedijk,2020-10-28,09:00:00,8,6,2,FMN GV 18 Kasterlee
84,Oudemolsedijk,2020-10-28,10:00:00,12,7,5,FMN GV 18 Kasterlee
84,Oudemolsedijk,2020-10-28,11:00:00,8,5,3,FMN GV 18 Kasterlee
84,Oudemolsedijk,2020-10-28,12:00:00,6,2,4,FMN GV 18 Kasterlee
84,Oudemolsedijk,2020-10-28,13:00:00,28,11,17,FMN GV 18 Kasterlee
84,Oudemolsedijk,2020-10-28,14:00:00,44,12,32,FMN GV 18 Kasterlee
84,Oudemolsedijk,2020-10-28,15:00:00,28,16,12,FMN GV 18 Kasterlee
84,Oudemolsedijk,2020-10-28,16:00:00,10,6,4,FMN GV 18 Kasterlee
84,Oudemolsedijk,2020-10-28,17:00:00,2,1,1,FMN GV 18 Kasterlee
84,Oudemolsedijk,2020-10-28,18:00:00,4,3,1,FMN GV 18 Kasterlee
84,Oudemolsedijk,2020-10-28,19:00:00,33,15,18,FMN GV 18 Kasterlee
84,Oudemolsedijk,2020-10-28,20:00:00,2,2,0,FMN GV 18 Kasterlee
84,Oudemolsedijk,2020-10-28,21:00:00,0,0,0,FMN GV 18 Kasterlee
84,Oudemolsedijk,2020-10-28,22:00:00,0,0,0,FMN GV 18 Kasterlee
84,Oudemolsedijk,2020-10-28,23:00:00,0,0,0,FMN GV 18 Kasterlee
84,Oudemolsedijk,2020-10-29,00:00:00,0,0,0,FMN GV 18 Kasterlee
84,Oudemolsedijk,2020-10-29,01:00:00,0,0,0,FMN GV 18 Kasterlee
84,Oudemolsedijk,2020-10-29,02:00:00,0,0,0,FMN GV 18 Kasterlee
84,Oudemolsedijk,2020-10-29,03:00:00,0,0,0,FMN GV 18 Kasterlee
84,Oudemolsedijk,2020-10-29,04:00:00,1,1,0,FMN GV 18 Kasterlee
84,Oudemolsedijk,2020-10-29,05:00:00,5,5,0,FMN GV 18 Kasterlee
84,Oudemolsedijk,2020-10-29,06:00:00,6,3,3,FMN GV 18 Kasterlee
84,Oudemolsedijk,2020-10-29,07:00:00,12,5,7,FMN GV 18 Kasterlee
84,Oudemolsedijk,2020-10-29,08:00:00,11,8,3,FMN GV 18 Kasterlee
84,Oudemolsedijk,2020-10-29,09:00:00,6,3,3,FMN GV 18 Kasterlee
84,Oudemolsedijk,2020-10-29,10:00:00,12,4,8,FMN GV 18 Kasterlee
84,Oudemolsedijk,2020-10-29,11:00:00,19,14,5,FMN GV 18 Kasterlee
84,Oudemolsedijk,2020-10-29,12:00:00,16,8,8,FMN GV 18 Kasterlee
84,Oudemolsedijk,2020-10-29,13:00:00,21,9,12,FMN GV 18 Kasterlee
84,Oudemolsedijk,2020-10-29,14:00:00,21,3,18,FMN GV 18 Kasterlee
84,Oudemolsedijk,2020-10-29,15:00:00,4,3,1,FMN GV 18 Kasterlee
84,Oudemolsedijk,2020-10-29,16:00:00,12,4,8,FMN GV 18 Kasterlee
84,Oudemolsedijk,2020-10-29,17:00:00,7,2,5,FMN GV 18 Kasterlee
84,Oudemolsedijk,2020-10-29,18:00:00,4,4,0,FMN GV 18 Kasterlee
84,Oudemolsedijk,2020-10-29,19:00:00,1,1,0,FMN GV 18 Kasterlee
84,Oudemolsedijk,2020-10-29,20:00:00,1,1,0,FMN GV 18 Kasterlee
84,Oudemolsedijk,2020-10-29,21:00:00,0,0,0,FMN GV 18 Kasterlee
84,Oudemolsedijk,2020-10-29,22:00:00,1,0,1,FMN GV 18 Kasterlee
84,Oudemolsedijk,2020-10-29,23:00:00,0,0,0,FMN GV 18 Kasterlee
84,Oudemolsedijk,2020-10-30,00:00:00,0,0,0,FMN GV 18 Kasterlee
84,Oudemolsedijk,2020-10-30,01:00:00,0,0,0,FMN GV 18 Kasterlee
84,Oudemolsedijk,2020-10-30,02:00:00,0,0,0,FMN GV 18 Kasterlee
84,Oudemolsedijk,2020-10-30,03:00:00,0,0,0,FMN GV 18 Kasterlee
84,Oudemolsedijk,2020-10-30,04:00:00,1,1,0,FMN GV 18 Kasterlee
84,Oudemolsedijk,2020-10-30,05:00:00,2,2,0,FMN GV 18 Kasterlee
84,Oudemolsedijk,2020-10-30,06:00:00,4,3,1,FMN GV 18 Kasterlee
84,Oudemolsedijk,2020-10-30,07:00:00,10,5,5,FMN GV 18 Kasterlee
84,Oudemolsedijk,2020-10-30,08:00:00,10,8,2,FMN GV 18 Kasterlee
84,Oudemolsedijk,2020-10-30,09:00:00,3,1,2,FMN GV 18 Kasterlee
84,Oudemolsedijk,2020-10-30,10:00:00,7,3,4,FMN GV 18 Kasterlee
84,Oudemolsedijk,2020-10-30,11:00:00,10,8,2,FMN GV 18 Kasterlee
84,Oudemolsedijk,2020-10-30,12:00:00,9,1,8,FMN GV 18 Kasterlee
84,Oudemolsedijk,2020-10-30,13:00:00,19,10,9,FMN GV 18 Kasterlee
84,Oudemolsedijk,2020-10-30,14:00:00,37,12,25,FMN GV 18 Kasterlee
84,Oudemolsedijk,2020-10-30,15:00:00,24,15,9,FMN GV 18 Kasterlee
84,Oudemolsedijk,2020-10-30,16:00:00,24,14,10,FMN GV 18 Kasterlee
84,Oudemolsedijk,2020-10-30,17:00:00,10,5,5,FMN GV 18 Kasterlee
84,Oudemolsedijk,2020-10-30,18:00:00,2,0,2,FMN GV 18 Kasterlee
84,Oudemolsedijk,2020-10-30,19:00:00,1,1,0,FMN GV 18 Kasterlee
84,Oudemolsedijk,2020-10-30,20:00:00,0,0,0,FMN GV 18 Kasterlee
84,Oudemolsedijk,2020-10-30,21:00:00,0,0,0,FMN GV 18 Kasterlee
84,Oudemolsedijk,2020-10-30,22:00:00,1,1,0,FMN GV 18 Kasterlee
84,Oudemolsedijk,2020-10-30,23:00:00,1,0,1,FMN GV 18 Kasterlee
84,Oudemolsedijk,2020-10-31,00:00:00,0,0,0,FMN GV 18 Kasterlee
84,Oudemolsedijk,2020-10-31,01:00:00,0,0,0,FMN GV 18 Kasterlee
84,Oudemolsedijk,2020-10-31,02:00:00,0,0,0,FMN GV 18 Kasterlee
84,Oudemolsedijk,2020-10-31,03:00:00,0,0,0,FMN GV 18 Kasterlee
84,Oudemolsedijk,2020-10-31,04:00:00,0,0,0,FMN GV 18 Kasterlee
84,Oudemolsedijk,2020-10-31,05:00:00,0,0,0,FMN GV 18 Kasterlee
84,Oudemolsedijk,2020-10-31,06:00:00,0,0,0,FMN GV 18 Kasterlee
84,Oudemolsedijk,2020-10-31,07:00:00,3,1,2,FMN GV 18 Kasterlee
84,Oudemolsedijk,2020-10-31,08:00:00,14,2,12,FMN GV 18 Kasterlee
84,Oudemolsedijk,2020-10-31,09:00:00,32,12,20,FMN GV 18 Kasterlee
84,Oudemolsedijk,2020-10-31,10:00:00,51,23,28,FMN GV 18 Kasterlee
84,Oudemolsedijk,2020-10-31,11:00:00,69,53,16,FMN GV 18 Kasterlee
84,Oudemolsedijk,2020-10-31,12:00:00,83,36,47,FMN GV 18 Kasterlee
84,Oudemolsedijk,2020-10-31,13:00:00,123,67,56,FMN GV 18 Kasterlee
84,Oudemolsedijk,2020-10-31,14:00:00,169,82,87,FMN GV 18 Kasterlee
84,Oudemolsedijk,2020-10-31,15:00:00,130,72,58,FMN GV 18 Kasterlee
84,Oudemolsedijk,2020-10-31,16:00:00,70,50,20,FMN GV 18 Kasterlee
84,Oudemolsedijk,2020-10-31,17:00:00,12,7,5,FMN GV 18 Kasterlee
84,Oudemolsedijk,2020-10-31,18:00:00,5,5,0,FMN GV 18 Kasterlee
84,Oudemolsedijk,2020-10-31,19:00:00,0,0,0,FMN GV 18 Kasterlee
84,Oudemolsedijk,2020-10-31,20:00:00,0,0,0,FMN GV 18 Kasterlee
84,Oudemolsedijk,2020-10-31,21:00:00,0,0,0,FMN GV 18 Kasterlee
84,Oudemolsedijk,2020-10-31,22:00:00,0,0,0,FMN GV 18 Kasterlee
84,Oudemolsedijk,2020-10-31,23:00:00,0,0,0,FMN GV 18 Kasterlee
84,Oudemolsedijk,2020-11-01,00:00:00,0,0,0,FMN GV 18 Kasterlee
84,Oudemolsedijk,2020-11-01,01:00:00,0,0,0,FMN GV 18 Kasterlee
84,Oudemolsedijk,2020-11-01,02:00:00,0,0,0,FMN GV 18 Kasterlee
84,Oudemolsedijk,2020-11-01,03:00:00,0,0,0,FMN GV 18 Kasterlee
84,Oudemolsedijk,2020-11-01,04:00:00,0,0,0,FMN GV 18 Kasterlee
84,Oudemolsedijk,2020-11-01,05:00:00,0,0,0,FMN GV 18 Kasterlee
84,Oudemolsedijk,2020-11-01,06:00:00,0,0,0,FMN GV 18 Kasterlee
84,Oudemolsedijk,2020-11-01,07:00:00,2,0,2,FMN GV 18 Kasterlee
84,Oudemolsedijk,2020-11-01,08:00:00,18,2,16,FMN GV 18 Kasterlee
84,Oudemolsedijk,2020-11-01,09:00:00,53,33,20,FMN GV 18 Kasterlee
84,Oudemolsedijk,2020-11-01,10:00:00,80,35,45,FMN GV 18 Kasterlee
84,Oudemolsedijk,2020-11-01,11:00:00,57,26,31,FMN GV 18 Kasterlee
84,Oudemolsedijk,2020-11-01,12:00:00,26,21,5,FMN GV 18 Kasterlee
84,Oudemolsedijk,2020-11-01,13:00:00,8,3,5,FMN GV 18 Kasterlee
84,Oudemolsedijk,2020-11-01,14:00:00,8,6,2,FMN GV 18 Kasterlee
84,Oudemolsedijk,2020-11-01,15:00:00,14,4,10,FMN GV 18 Kasterlee
84,Oudemolsedijk,2020-11-01,16:00:00,5,2,3,FMN GV 18 Kasterlee
84,Oudemolsedijk,2020-11-01,17:00:00,2,2,0,FMN GV 18 Kasterlee
84,Oudemolsedijk,2020-11-01,18:00:00,2,1,1,FMN GV 18 Kasterlee
84,Oudemolsedijk,2020-11-01,19:00:00,0,0,0,FMN GV 18 Kasterlee
84,Oudemolsedijk,2020-11-01,20:00:00,0,0,0,FMN GV 18 Kasterlee
84,Oudemolsedijk,2020-11-01,21:00:00,0,0,0,FMN GV 18 Kasterlee
84,Oudemolsedijk,2020-11-01,22:00:00,1,1,0,FMN GV 18 Kasterlee
84,Oudemolsedijk,2020-11-01,23:00:00,0,0,0,FMN GV 18 Kasterlee
84,Oudemolsedijk,2020-11-02,00:00:00,0,0,0,FMN GV 18 Kasterlee
84,Oudemolsedijk,2020-11-02,01:00:00,0,0,0,FMN GV 18 Kasterlee
84,Oudemolsedijk,2020-11-02,02:00:00,0,0,0,FMN GV 18 Kasterlee
84,Oudemolsedijk,2020-11-02,03:00:00,0,0,0,FMN GV 18 Kasterlee
84,Oudemolsedijk,2020-11-02,04:00:00,0,0,0,FMN GV 18 Kasterlee
84,Oudemolsedijk,2020-11-02,05:00:00,0,0,0,FMN GV 18 Kasterlee
84,Oudemolsedijk,2020-11-02,06:00:00,4,0,4,FMN GV 18 Kasterlee
84,Oudemolsedijk,2020-11-02,07:00:00,2,1,1,FMN GV 18 Kasterlee
84,Oudemolsedijk,2020-11-02,08:00:00,3,0,3,FMN GV 18 Kasterlee
84,Oudemolsedijk,2020-11-02,09:00:00,8,6,2,FMN GV 18 Kasterlee
84,Oudemolsedijk,2020-11-02,10:00:00,23,11,12,FMN GV 18 Kasterlee
84,Oudemolsedijk,2020-11-02,11:00:00,23,16,7,FMN GV 18 Kasterlee
84,Oudemolsedijk,2020-11-02,12:00:00,14,9,5,FMN GV 18 Kasterlee
84,Oudemolsedijk,2020-11-02,13:00:00,29,15,14,FMN GV 18 Kasterlee
84,Oudemolsedijk,2020-11-02,14:00:00,16,9,7,FMN GV 18 Kasterlee
84,Oudemolsedijk,2020-11-02,15:00:00,3,3,0,FMN GV 18 Kasterlee
84,Oudemolsedijk,2020-11-02,16:00:00,5,3,2,FMN GV 18 Kasterlee
84,Oudemolsedijk,2020-11-02,17:00:00,2,2,0,FMN GV 18 Kasterlee
84,Oudemolsedijk,2020-11-02,18:00:00,4,3,1,FMN GV 18 Kasterlee
84,Oudemolsedijk,2020-11-02,19:00:00,0,0,0,FMN GV 18 Kasterlee
84,Oudemolsedijk,2020-11-02,20:00:00,1,1,0,FMN GV 18 Kasterlee
84,Oudemolsedijk,2020-11-02,21:00:00,4,3,1,FMN GV 18 Kasterlee
84,Oudemolsedijk,2020-11-02,22:00:00,2,0,2,FMN GV 18 Kasterlee
84,Oudemolsedijk,2020-11-02,23:00:00,0,0,0,FMN GV 18 Kasterlee
84,Oudemolsedijk,2020-11-03,00:00:00,0,0,0,FMN GV 18 Kasterlee
84,Oudemolsedijk,2020-11-03,01:00:00,0,0,0,FMN GV 18 Kasterlee
84,Oudemolsedijk,2020-11-03,02:00:00,0,0,0,FMN GV 18 Kasterlee
84,Oudemolsedijk,2020-11-03,03:00:00,0,0,0,FMN GV 18 Kasterlee
84,Oudemolsedijk,2020-11-03,04:00:00,0,0,0,FMN GV 18 Kasterlee
84,Oudemolsedijk,2020-11-03,05:00:00,2,2,0,FMN GV 18 Kasterlee
84,Oudemolsedijk,2020-11-03,06:00:00,10,3,7,FMN GV 18 Kasterlee
84,Oudemolsedijk,2020-11-03,07:00:00,12,5,7,FMN GV 18 Kasterlee
84,Oudemolsedijk,2020-11-03,08:00:00,8,5,3,FMN GV 18 Kasterlee
84,Oudemolsedijk,2020-11-03,09:00:00,21,8,13,FMN GV 18 Kasterlee
84,Oudemolsedijk,2020-11-03,10:00:00,41,18,23,FMN GV 18 Kasterlee
84,Oudemolsedijk,2020-11-03,11:00:00,24,11,13,FMN GV 18 Kasterlee
84,Oudemolsedijk,2020-11-03,12:00:00,35,19,16,FMN GV 18 Kasterlee
84,Oudemolsedijk,2020-11-03,13:00:00,49,25,24,FMN GV 18 Kasterlee
84,Oudemolsedijk,2020-11-03,14:00:00,58,36,22,FMN GV 18 Kasterlee
84,Oudemolsedijk,2020-11-03,15:00:00,40,22,18,FMN GV 18 Kasterlee
84,Oudemolsedijk,2020-11-03,16:00:00,20,9,11,FMN GV 18 Kasterlee
84,Oudemolsedijk,2020-11-03,17:00:00,10,4,6,FMN GV 18 Kasterlee
84,Oudemolsedijk,2020-11-03,18:00:00,6,3,3,FMN GV 18 Kasterlee
84,Oudemolsedijk,2020-11-03,19:00:00,2,0,2,FMN GV 18 Kasterlee
84,Oudemolsedijk,2020-11-03,20:00:00,1,1,0,FMN GV 18 Kasterlee
84,Oudemolsedijk,2020-11-03,21:00:00,3,2,1,FMN GV 18 Kasterlee
84,Oudemolsedijk,2020-11-03,22:00:00,1,0,1,FMN GV 18 Kasterlee
84,Oudemolsedijk,2020-11-03,23:00:00,0,0,0,FMN GV 18 Kasterlee
84,Oudemolsedijk,2020-11-04,00:00:00,0,0,0,FMN GV 18 Kasterlee
84,Oudemolsedijk,2020-11-04,01:00:00,0,0,0,FMN GV 18 Kasterlee
84,Oudemolsedijk,2020-11-04,02:00:00,0,0,0,FMN GV 18 Kasterlee
84,Oudemolsedijk,2020-11-04,03:00:00,0,0,0,FMN GV 18 Kasterlee
84,Oudemolsedijk,2020-11-04,04:00:00,0,0,0,FMN GV 18 Kasterlee
84,Oudemolsedijk,2020-11-04,05:00:00,1,0,1,FMN GV 18 Kasterlee
84,Oudemolsedijk,2020-11-04,06:00:00,8,2,6,FMN GV 18 Kasterlee
84,Oudemolsedijk,2020-11-04,07:00:00,8,4,4,FMN GV 18 Kasterlee
84,Oudemolsedijk,2020-11-04,08:00:00,6,3,3,FMN GV 18 Kasterlee
84,Oudemolsedijk,2020-11-04,09:00:00,9,2,7,FMN GV 18 Kasterlee
84,Oudemolsedijk,2020-11-04,10:00:00,16,11,5,FMN GV 18 Kasterlee
84,Oudemolsedijk,2020-11-04,11:00:00,25,11,14,FMN GV 18 Kasterlee
84,Oudemolsedijk,2020-11-04,12:00:00,39,22,17,FMN GV 18 Kasterlee
84,Oudemolsedijk,2020-11-04,13:00:00,75,36,39,FMN GV 18 Kasterlee
84,Oudemolsedijk,2020-11-04,14:00:00,105,60,45,FMN GV 18 Kasterlee
84,Oudemolsedijk,2020-11-04,15:00:00,89,46,43,FMN GV 18 Kasterlee
84,Oudemolsedijk,2020-11-04,16:00:00,47,36,11,FMN GV 18 Kasterlee
84,Oudemolsedijk,2020-11-04,17:00:00,21,12,9,FMN GV 18 Kasterlee
84,Oudemolsedijk,2020-11-04,18:00:00,10,3,7,FMN GV 18 Kasterlee
84,Oudemolsedijk,2020-11-04,19:00:00,12,9,3,FMN GV 18 Kasterlee
84,Oudemolsedijk,2020-11-04,20:00:00,8,0,8,FMN GV 18 Kasterlee
84,Oudemolsedijk,2020-11-04,21:00:00,3,2,1,FMN GV 18 Kasterlee
84,Oudemolsedijk,2020-11-04,22:00:00,2,0,2,FMN GV 18 Kasterlee
84,Oudemolsedijk,2020-11-04,23:00:00,0,0,0,FMN GV 18 Kasterlee
84,Oudemolsedijk,2020-11-05,00:00:00,0,0,0,FMN GV 18 Kasterlee
84,Oudemolsedijk,2020-11-05,01:00:00,0,0,0,FMN GV 18 Kasterlee
84,Oudemolsedijk,2020-11-05,02:00:00,0,0,0,FMN GV 18 Kasterlee
84,Oudemolsedijk,2020-11-05,03:00:00,0,0,0,FMN GV 18 Kasterlee
84,Oudemolsedijk,2020-11-05,04:00:00,0,0,0,FMN GV 18 Kasterlee
84,Oudemolsedijk,2020-11-05,05:00:00,1,1,0,FMN GV 18 Kasterlee
84,Oudemolsedijk,2020-11-05,06:00:00,8,3,5,FMN GV 18 Kasterlee
84,Oudemolsedijk,2020-11-05,07:00:00,8,4,4,FMN GV 18 Kasterlee
84,Oudemolsedijk,2020-11-05,08:00:00,7,3,4,FMN GV 18 Kasterlee
84,Oudemolsedijk,2020-11-05,09:00:00,5,1,4,FMN GV 18 Kasterlee
84,Oudemolsedijk,2020-11-05,10:00:00,11,8,3,FMN GV 18 Kasterlee
84,Oudemolsedijk,2020-11-05,11:00:00,6,6,0,FMN GV 18 Kasterlee
84,Oudemolsedijk,2020-11-05,12:00:00,29,10,19,FMN GV 18 Kasterlee
84,Oudemolsedijk,2020-11-05,13:00:00,57,32,25,FMN GV 18 Kasterlee
84,Oudemolsedijk,2020-11-05,14:00:00,129,61,68,FMN GV 18 Kasterlee
84,Oudemolsedijk,2020-11-05,15:00:00,99,43,56,FMN GV 18 Kasterlee
84,Oudemolsedijk,2020-11-05,16:00:00,46,28,18,FMN GV 18 Kasterlee
84,Oudemolsedijk,2020-11-05,17:00:00,19,12,7,FMN GV 18 Kasterlee
84,Oudemolsedijk,2020-11-05,18:00:00,5,4,1,FMN GV 18 Kasterlee
84,Oudemolsedijk,2020-11-05,19:00:00,4,3,1,FMN GV 18 Kasterlee
84,Oudemolsedijk,2020-11-05,20:00:00,4,3,1,FMN GV 18 Kasterlee
84,Oudemolsedijk,2020-11-05,21:00:00,2,1,1,FMN GV 18 Kasterlee
84,Oudemolsedijk,2020-11-05,22:00:00,1,0,1,FMN GV 18 Kasterlee
84,Oudemolsedijk,2020-11-05,23:00:00,1,1,0,FMN GV 18 Kasterlee
84,Oudemolsedijk,2020-11-06,00:00:00,0,0,0,FMN GV 18 Kasterlee
84,Oudemolsedijk,2020-11-06,01:00:00,0,0,0,FMN GV 18 Kasterlee
84,Oudemolsedijk,2020-11-06,02:00:00,0,0,0,FMN GV 18 Kasterlee
84,Oudemolsedijk,2020-11-06,03:00:00,0,0,0,FMN GV 18 Kasterlee
84,Oudemolsedijk,2020-11-06,04:00:00,0,0,0,FMN GV 18 Kasterlee
84,Oudemolsedijk,2020-11-06,05:00:00,2,1,1,FMN GV 18 Kasterlee
84,Oudemolsedijk,2020-11-06,06:00:00,2,0,2,FMN GV 18 Kasterlee
84,Oudemolsedijk,2020-11-06,07:00:00,8,4,4,FMN GV 18 Kasterlee
84,Oudemolsedijk,2020-11-06,08:00:00,3,3,0,FMN GV 18 Kasterlee
84,Oudemolsedijk,2020-11-06,09:00:00,6,4,2,FMN GV 18 Kasterlee
84,Oudemolsedijk,2020-11-06,10:00:00,23,6,17,FMN GV 18 Kasterlee
84,Oudemolsedijk,2020-11-06,11:00:00,31,20,11,FMN GV 18 Kasterlee
84,Oudemolsedijk,2020-11-06,12:00:00,23,17,6,FMN GV 18 Kasterlee
84,Oudemolsedijk,2020-11-06,13:00:00,85,42,43,FMN GV 18 Kasterlee
84,Oudemolsedijk,2020-11-06,14:00:00,147,80,67,FMN GV 18 Kasterlee
84,Oudemolsedijk,2020-11-06,15:00:00,110,56,54,FMN GV 18 Kasterlee
84,Oudemolsedijk,2020-11-06,16:00:00,42,25,17,FMN GV 18 Kasterlee
84,Oudemolsedijk,2020-11-06,17:00:00,9,4,5,FMN GV 18 Kasterlee
84,Oudemolsedijk,2020-11-06,18:00:00,6,4,2,FMN GV 18 Kasterlee
84,Oudemolsedijk,2020-11-06,19:00:00,1,0,1,FMN GV 18 Kasterlee
84,Oudemolsedijk,2020-11-06,20:00:00,1,0,1,FMN GV 18 Kasterlee
84,Oudemolsedijk,2020-11-06,21:00:00,1,1,0,FMN GV 18 Kasterlee
84,Oudemolsedijk,2020-11-06,22:00:00,0,0,0,FMN GV 18 Kasterlee
84,Oudemolsedijk,2020-11-06,23:00:00,0,0,0,FMN GV 18 Kasterlee
84,Oudemolsedijk,2020-11-07,00:00:00,0,0,0,FMN GV 18 Kasterlee
84,Oudemolsedijk,2020-11-07,01:00:00,0,0,0,FMN GV 18 Kasterlee
84,Oudemolsedijk,2020-11-07,02:00:00,0,0,0,FMN GV 18 Kasterlee
84,Oudemolsedijk,2020-11-07,03:00:00,0,0,0,FMN GV 18 Kasterlee
84,Oudemolsedijk,2020-11-07,04:00:00,0,0,0,FMN GV 18 Kasterlee
84,Oudemolsedijk,2020-11-07,05:00:00,0,0,0,FMN GV 18 Kasterlee
84,Oudemolsedijk,2020-11-07,06:00:00,0,0,0,FMN GV 18 Kasterlee
84,Oudemolsedijk,2020-11-07,07:00:00,2,2,0,FMN GV 18 Kasterlee
84,Oudemolsedijk,2020-11-07,08:00:00,11,1,10,FMN GV 18 Kasterlee
84,Oudemolsedijk,2020-11-07,09:00:00,20,10,10,FMN GV 18 Kasterlee
84,Oudemolsedijk,2020-11-07,10:00:00,37,17,20,FMN GV 18 Kasterlee
84,Oudemolsedijk,2020-11-07,11:00:00,71,39,32,FMN GV 18 Kasterlee
84,Oudemolsedijk,2020-11-07,12:00:00,72,26,46,FMN GV 18 Kasterlee
84,Oudemolsedijk,2020-11-07,13:00:00,216,98,118,FMN GV 18 Kasterlee
84,Oudemolsedijk,2020-11-07,14:00:00,272,134,138,FMN GV 18 Kasterlee
84,Oudemolsedijk,2020-11-07,15:00:00,223,124,99,FMN GV 18 Kasterlee
84,Oudemolsedijk,2020-11-07,16:00:00,106,71,35,FMN GV 18 Kasterlee
84,Oudemolsedijk,2020-11-07,17:00:00,21,11,10,FMN GV 18 Kasterlee
84,Oudemolsedijk,2020-11-07,18:00:00,2,2,0,FMN GV 18 Kasterlee
84,Oudemolsedijk,2020-11-07,19:00:00,0,0,0,FMN GV 18 Kasterlee
84,Oudemolsedijk,2020-11-07,20:00:00,0,0,0,FMN GV 18 Kasterlee
84,Oudemolsedijk,2020-11-07,21:00:00,0,0,0,FMN GV 18 Kasterlee
84,Oudemolsedijk,2020-11-07,22:00:00,0,0,0,FMN GV 18 Kasterlee
84,Oudemolsedijk,2020-11-07,23:00:00,0,0,0,FMN GV 18 Kasterlee
84,Oudemolsedijk,2020-11-08,00:00:00,0,0,0,FMN GV 18 Kasterlee
84,Oudemolsedijk,2020-11-08,01:00:00,0,0,0,FMN GV 18 Kasterlee
84,Oudemolsedijk,2020-11-08,02:00:00,0,0,0,FMN GV 18 Kasterlee
84,Oudemolsedijk,2020-11-08,03:00:00,0,0,0,FMN GV 18 Kasterlee
84,Oudemolsedijk,2020-11-08,04:00:00,0,0,0,FMN GV 18 Kasterlee
84,Oudemolsedijk,2020-11-08,05:00:00,0,0,0,FMN GV 18 Kasterlee
84,Oudemolsedijk,2020-11-08,06:00:00,0,0,0,FMN GV 18 Kasterlee
84,Oudemolsedijk,2020-11-08,07:00:00,6,2,4,FMN GV 18 Kasterlee
84,Oudemolsedijk,2020-11-08,08:00:00,16,2,14,FMN GV 18 Kasterlee
84,Oudemolsedijk,2020-11-08,09:00:00,56,17,39,FMN GV 18 Kasterlee
84,Oudemolsedijk,2020-11-08,10:00:00,110,51,59,FMN GV 18 Kasterlee
84,Oudemolsedijk,2020-11-08,11:00:00,114,73,41,FMN GV 18 Kasterlee
84,Oudemolsedijk,2020-11-08,12:00:00,68,31,37,FMN GV 18 Kasterlee
84,Oudemolsedijk,2020-11-08,13:00:00,117,65,52,FMN GV 18 Kasterlee
84,Oudemolsedijk,2020-11-08,14:00:00,204,95,109,FMN GV 18 Kasterlee
84,Oudemolsedijk,2020-11-08,15:00:00,158,81,77,FMN GV 18 Kasterlee
84,Oudemolsedijk,2020-11-08,16:00:00,71,54,17,FMN GV 18 Kasterlee
84,Oudemolsedijk,2020-11-08,17:00:00,10,7,3,FMN GV 18 Kasterlee
84,Oudemolsedijk,2020-11-08,18:00:00,1,0,1,FMN GV 18 Kasterlee
84,Oudemolsedijk,2020-11-08,19:00:00,1,1,0,FMN GV 18 Kasterlee
84,Oudemolsedijk,2020-11-08,20:00:00,1,0,1,FMN GV 18 Kasterlee
84,Oudemolsedijk,2020-11-08,21:00:00,1,1,0,FMN GV 18 Kasterlee
84,Oudemolsedijk,2020-11-08,22:00:00,1,0,1,FMN GV 18 Kasterlee
84,Oudemolsedijk,2020-11-08,23:00:00,0,0,0,FMN GV 18 Kasterlee
84,Oudemolsedijk,2020-11-09,00:00:00,0,0,0,FMN GV 18 Kasterlee
84,Oudemolsedijk,2020-11-09,01:00:00,0,0,0,FMN GV 18 Kasterlee
84,Oudemolsedijk,2020-11-09,02:00:00,0,0,0,FMN GV 18 Kasterlee
84,Oudemolsedijk,2020-11-09,03:00:00,0,0,0,FMN GV 18 Kasterlee
84,Oudemolsedijk,2020-11-09,04:00:00,2,2,0,FMN GV 18 Kasterlee
84,Oudemolsedijk,2020-11-09,05:00:00,4,3,1,FMN GV 18 Kasterlee
84,Oudemolsedijk,2020-11-09,06:00:00,8,2,6,FMN GV 18 Kasterlee
84,Oudemolsedijk,2020-11-09,07:00:00,11,5,6,FMN GV 18 Kasterlee
84,Oudemolsedijk,2020-11-09,08:00:00,6,6,0,FMN GV 18 Kasterlee
84,Oudemolsedijk,2020-11-09,09:00:00,7,4,3,FMN GV 18 Kasterlee
84,Oudemolsedijk,2020-11-09,10:00:00,16,7,9,FMN GV 18 Kasterlee
84,Oudemolsedijk,2020-11-09,11:00:00,22,14,8,FMN GV 18 Kasterlee
84,Oudemolsedijk,2020-11-09,12:00:00,40,13,27,FMN GV 18 Kasterlee
84,Oudemolsedijk,2020-11-09,13:00:00,93,39,54,FMN GV 18 Kasterlee
84,Oudemolsedijk,2020-11-09,14:00:00,133,66,67,FMN GV 18 Kasterlee
84,Oudemolsedijk,2020-11-09,15:00:00,94,48,46,FMN GV 18 Kasterlee
84,Oudemolsedijk,2020-11-09,16:00:00,34,23,11,FMN GV 18 Kasterlee
84,Oudemolsedijk,2020-11-09,17:00:00,15,9,6,FMN GV 18 Kasterlee
84,Oudemolsedijk,2020-11-09,18:00:00,3,2,1,FMN GV 18 Kasterlee
84,Oudemolsedijk,2020-11-09,19:00:00,0,0,0,FMN GV 18 Kasterlee
84,Oudemolsedijk,2020-11-09,20:00:00,4,3,1,FMN GV 18 Kasterlee
84,Oudemolsedijk,2020-11-09,21:00:00,0,0,0,FMN GV 18 Kasterlee
84,Oudemolsedijk,2020-11-09,22:00:00,3,0,3,FMN GV 18 Kasterlee
84,Oudemolsedijk,2020-11-09,23:00:00,0,0,0,FMN GV 18 Kasterlee
84,Oudemolsedijk,2020-11-10,00:00:00,0,0,0,FMN GV 18 Kasterlee
84,Oudemolsedijk,2020-11-10,01:00:00,0,0,0,FMN GV 18 Kasterlee
84,Oudemolsedijk,2020-11-10,02:00:00,0,0,0,FMN GV 18 Kasterlee
84,Oudemolsedijk,2020-11-10,03:00:00,1,1,0,FMN GV 18 Kasterlee
84,Oudemolsedijk,2020-11-10,04:00:00,2,2,0,FMN GV 18 Kasterlee
84,Oudemolsedijk,2020-11-10,05:00:00,4,3,1,FMN GV 18 Kasterlee
84,Oudemolsedijk,2020-11-10,06:00:00,6,2,4,FMN GV 18 Kasterlee
84,Oudemolsedijk,2020-11-10,07:00:00,9,5,4,FMN GV 18 Kasterlee
84,Oudemolsedijk,2020-11-10,08:00:00,11,5,6,FMN GV 18 Kasterlee
84,Oudemolsedijk,2020-11-10,09:00:00,15,8,7,FMN GV 18 Kasterlee
84,Oudemolsedijk,2020-11-10,10:00:00,15,9,6,FMN GV 18 Kasterlee
84,Oudemolsedijk,2020-11-10,11:00:00,29,21,8,FMN GV 18 Kasterlee
84,Oudemolsedijk,2020-11-10,12:00:00,31,13,18,FMN GV 18 Kasterlee
84,Oudemolsedijk,2020-11-10,13:00:00,68,28,40,FMN GV 18 Kasterlee
84,Oudemolsedijk,2020-11-10,14:00:00,116,57,59,FMN GV 18 Kasterlee
84,Oudemolsedijk,2020-11-10,15:00:00,78,51,27,FMN GV 18 Kasterlee
84,Oudemolsedijk,2020-11-10,16:00:00,22,12,10,FMN GV 18 Kasterlee
84,Oudemolsedijk,2020-11-10,17:00:00,10,5,5,FMN GV 18 Kasterlee
84,Oudemolsedijk,2020-11-10,18:00:00,2,2,0,FMN GV 18 Kasterlee
84,Oudemolsedijk,2020-11-10,19:00:00,3,1,2,FMN GV 18 Kasterlee
84,Oudemolsedijk,2020-11-10,20:00:00,1,0,1,FMN GV 18 Kasterlee
84,Oudemolsedijk,2020-11-10,21:00:00,0,0,0,FMN GV 18 Kasterlee
84,Oudemolsedijk,2020-11-10,22:00:00,2,0,2,FMN GV 18 Kasterlee
84,Oudemolsedijk,2020-11-10,23:00:00,0,0,0,FMN GV 18 Kasterlee
84,Oudemolsedijk,2020-11-11,00:00:00,0,0,0,FMN GV 18 Kasterlee
84,Oudemolsedijk,2020-11-11,01:00:00,0,0,0,FMN GV 18 Kasterlee
84,Oudemolsedijk,2020-11-11,02:00:00,0,0,0,FMN GV 18 Kasterlee
84,Oudemolsedijk,2020-11-11,03:00:00,0,0,0,FMN GV 18 Kasterlee
84,Oudemolsedijk,2020-11-11,04:00:00,0,0,0,FMN GV 18 Kasterlee
84,Oudemolsedijk,2020-11-11,05:00:00,1,1,0,FMN GV 18 Kasterlee
84,Oudemolsedijk,2020-11-11,06:00:00,1,1,0,FMN GV 18 Kasterlee
84,Oudemolsedijk,2020-11-11,07:00:00,2,1,1,FMN GV 18 Kasterlee
84,Oudemolsedijk,2020-11-11,08:00:00,13,4,9,FMN GV 18 Kasterlee
84,Oudemolsedijk,2020-11-11,09:00:00,31,19,12,FMN GV 18 Kasterlee
84,Oudemolsedijk,2020-11-11,10:00:00,62,27,35,FMN GV 18 Kasterlee
84,Oudemolsedijk,2020-11-11,11:00:00,83,46,37,FMN GV 18 Kasterlee
84,Oudemolsedijk,2020-11-11,12:00:00,22,12,10,FMN GV 18 Kasterlee
84,Oudemolsedijk,2020-11-11,13:00:00,92,44,48,FMN GV 18 Kasterlee
84,Oudemolsedijk,2020-11-11,14:00:00,124,57,67,FMN GV 18 Kasterlee
84,Oudemolsedijk,2020-11-11,15:00:00,106,44,62,FMN GV 18 Kasterlee
84,Oudemolsedijk,2020-11-11,16:00:00,21,8,13,FMN GV 18 Kasterlee
84,Oudemolsedijk,2020-11-11,17:00:00,13,8,5,FMN GV 18 Kasterlee
84,Oudemolsedijk,2020-11-11,18:00:00,0,0,0,FMN GV 18 Kasterlee
84,Oudemolsedijk,2020-11-11,19:00:00,2,0,2,FMN GV 18 Kasterlee
84,Oudemolsedijk,2020-11-11,20:00:00,0,0,0,FMN GV 18 Kasterlee
84,Oudemolsedijk,2020-11-11,21:00:00,1,1,0,FMN GV 18 Kasterlee
84,Oudemolsedijk,2020-11-11,22:00:00,0,0,0,FMN GV 18 Kasterlee
84,Oudemolsedijk,2020-11-11,23:00:00,0,0,0,FMN GV 18 Kasterlee
84,Oudemolsedijk,2020-11-12,00:00:00,0,0,0,FMN GV 18 Kasterlee
84,Oudemolsedijk,2020-11-12,01:00:00,0,0,0,FMN GV 18 Kasterlee
84,Oudemolsedijk,2020-11-12,02:00:00,0,0,0,FMN GV 18 Kasterlee
84,Oudemolsedijk,2020-11-12,03:00:00,0,0,0,FMN GV 18 Kasterlee
84,Oudemolsedijk,2020-11-12,04:00:00,1,1,0,FMN GV 18 Kasterlee
84,Oudemolsedijk,2020-11-12,05:00:00,3,2,1,FMN GV 18 Kasterlee
84,Oudemolsedijk,2020-11-12,06:00:00,1,0,1,FMN GV 18 Kasterlee
84,Oudemolsedijk,2020-11-12,07:00:00,5,3,2,FMN GV 18 Kasterlee
84,Oudemolsedijk,2020-11-12,08:00:00,8,4,4,FMN GV 18 Kasterlee
84,Oudemolsedijk,2020-11-12,09:00:00,4,4,0,FMN GV 18 Kasterlee
84,Oudemolsedijk,2020-11-12,10:00:00,11,6,5,FMN GV 18 Kasterlee
84,Oudemolsedijk,2020-11-12,11:00:00,15,8,7,FMN GV 18 Kasterlee
84,Oudemolsedijk,2020-11-12,12:00:00,15,5,10,FMN GV 18 Kasterlee
84,Oudemolsedijk,2020-11-12,13:00:00,48,17,31,FMN GV 18 Kasterlee
84,Oudemolsedijk,2020-11-12,14:00:00,55,24,31,FMN GV 18 Kasterlee
84,Oudemolsedijk,2020-11-12,15:00:00,48,28,20,FMN GV 18 Kasterlee
84,Oudemolsedijk,2020-11-12,16:00:00,16,6,10,FMN GV 18 Kasterlee
84,Oudemolsedijk,2020-11-12,17:00:00,10,6,4,FMN GV 18 Kasterlee
84,Oudemolsedijk,2020-11-12,18:00:00,7,6,1,FMN GV 18 Kasterlee
84,Oudemolsedijk,2020-11-12,19:00:00,1,1,0,FMN GV 18 Kasterlee
84,Oudemolsedijk,2020-11-12,20:00:00,3,0,3,FMN GV 18 Kasterlee
84,Oudemolsedijk,2020-11-12,21:00:00,2,2,0,FMN GV 18 Kasterlee
84,Oudemolsedijk,2020-11-12,22:00:00,3,0,3,FMN GV 18 Kasterlee
84,Oudemolsedijk,2020-11-12,23:00:00,0,0,0,FMN GV 18 Kasterlee
84,Oudemolsedijk,2020-11-13,00:00:00,0,0,0,FMN GV 18 Kasterlee
84,Oudemolsedijk,2020-11-13,01:00:00,0,0,0,FMN GV 18 Kasterlee
84,Oudemolsedijk,2020-11-13,02:00:00,0,0,0,FMN GV 18 Kasterlee
84,Oudemolsedijk,2020-11-13,03:00:00,1,0,1,FMN GV 18 Kasterlee
84,Oudemolsedijk,2020-11-13,04:00:00,1,1,0,FMN GV 18 Kasterlee
84,Oudemolsedijk,2020-11-13,05:00:00,2,1,1,FMN GV 18 Kasterlee
84,Oudemolsedijk,2020-11-13,06:00:00,9,2,7,FMN GV 18 Kasterlee
84,Oudemolsedijk,2020-11-13,07:00:00,6,2,4,FMN GV 18 Kasterlee
84,Oudemolsedijk,2020-11-13,08:00:00,8,4,4,FMN GV 18 Kasterlee
84,Oudemolsedijk,2020-11-13,09:00:00,8,3,5,FMN GV 18 Kasterlee
84,Oudemolsedijk,2020-11-13,10:00:00,18,12,6,FMN GV 18 Kasterlee
84,Oudemolsedijk,2020-11-13,11:00:00,21,10,11,FMN GV 18 Kasterlee
84,Oudemolsedijk,2020-11-13,12:00:00,20,11,9,FMN GV 18 Kasterlee
84,Oudemolsedijk,2020-11-13,13:00:00,19,12,7,FMN GV 18 Kasterlee
84,Oudemolsedijk,2020-11-13,14:00:00,38,9,29,FMN GV 18 Kasterlee
84,Oudemolsedijk,2020-11-13,15:00:00,25,17,8,FMN GV 18 Kasterlee
84,Oudemolsedijk,2020-11-13,16:00:00,20,8,12,FMN GV 18 Kasterlee
84,Oudemolsedijk,2020-11-13,17:00:00,12,7,5,FMN GV 18 Kasterlee
84,Oudemolsedijk,2020-11-13,18:00:00,3,2,1,FMN GV 18 Kasterlee
84,Oudemolsedijk,2020-11-13,19:00:00,1,0,1,FMN GV 18 Kasterlee
84,Oudemolsedijk,2020-11-13,20:00:00,3,1,2,FMN GV 18 Kasterlee
84,Oudemolsedijk,2020-11-13,21:00:00,0,0,0,FMN GV 18 Kasterlee
84,Oudemolsedijk,2020-11-13,22:00:00,3,1,2,FMN GV 18 Kasterlee
84,Oudemolsedijk,2020-11-13,23:00:00,0,0,0,FMN GV 18 Kasterlee
84,Oudemolsedijk,2020-11-14,00:00:00,0,0,0,FMN GV 18 Kasterlee
84,Oudemolsedijk,2020-11-14,01:00:00,0,0,0,FMN GV 18 Kasterlee
84,Oudemolsedijk,2020-11-14,02:00:00,1,0,1,FMN GV 18 Kasterlee
84,Oudemolsedijk,2020-11-14,03:00:00,0,0,0,FMN GV 18 Kasterlee
84,Oudemolsedijk,2020-11-14,04:00:00,0,0,0,FMN GV 18 Kasterlee
84,Oudemolsedijk,2020-11-14,05:00:00,2,2,0,FMN GV 18 Kasterlee
84,Oudemolsedijk,2020-11-14,06:00:00,1,0,1,FMN GV 18 Kasterlee
84,Oudemolsedijk,2020-11-14,07:00:00,2,2,0,FMN GV 18 Kasterlee
84,Oudemolsedijk,2020-11-14,08:00:00,7,3,4,FMN GV 18 Kasterlee
84,Oudemolsedijk,2020-11-14,09:00:00,27,6,21,FMN GV 18 Kasterlee
84,Oudemolsedijk,2020-11-14,10:00:00,55,33,22,FMN GV 18 Kasterlee
84,Oudemolsedijk,2020-11-14,11:00:00,68,36,32,FMN GV 18 Kasterlee
84,Oudemolsedijk,2020-11-14,12:00:00,75,32,43,FMN GV 18 Kasterlee
84,Oudemolsedijk,2020-11-14,13:00:00,125,52,73,FMN GV 18 Kasterlee
84,Oudemolsedijk,2020-11-14,14:00:00,183,92,91,FMN GV 18 Kasterlee
84,Oudemolsedijk,2020-11-14,15:00:00,164,72,92,FMN GV 18 Kasterlee
84,Oudemolsedijk,2020-11-14,16:00:00,57,44,13,FMN GV 18 Kasterlee
84,Oudemolsedijk,2020-11-14,17:00:00,11,6,5,FMN GV 18 Kasterlee
84,Oudemolsedijk,2020-11-14,18:00:00,2,0,2,FMN GV 18 Kasterlee
84,Oudemolsedijk,2020-11-14,19:00:00,2,0,2,FMN GV 18 Kasterlee
84,Oudemolsedijk,2020-11-14,20:00:00,1,0,1,FMN GV 18 Kasterlee
84,Oudemolsedijk,2020-11-14,21:00:00,0,0,0,FMN GV 18 Kasterlee
84,Oudemolsedijk,2020-11-14,22:00:00,0,0,0,FMN GV 18 Kasterlee
84,Oudemolsedijk,2020-11-14,23:00:00,0,0,0,FMN GV 18 Kasterlee
84,Oudemolsedijk,2020-11-15,00:00:00,0,0,0,FMN GV 18 Kasterlee
84,Oudemolsedijk,2020-11-15,01:00:00,1,0,1,FMN GV 18 Kasterlee
84,Oudemolsedijk,2020-11-15,02:00:00,0,0,0,FMN GV 18 Kasterlee
84,Oudemolsedijk,2020-11-15,03:00:00,0,0,0,FMN GV 18 Kasterlee
84,Oudemolsedijk,2020-11-15,04:00:00,0,0,0,FMN GV 18 Kasterlee
84,Oudemolsedijk,2020-11-15,05:00:00,0,0,0,FMN GV 18 Kasterlee
84,Oudemolsedijk,2020-11-15,06:00:00,0,0,0,FMN GV 18 Kasterlee
84,Oudemolsedijk,2020-11-15,07:00:00,2,1,1,FMN GV 18 Kasterlee
84,Oudemolsedijk,2020-11-15,08:00:00,19,5,14,FMN GV 18 Kasterlee
84,Oudemolsedijk,2020-11-15,09:00:00,57,14,43,FMN GV 18 Kasterlee
84,Oudemolsedijk,2020-11-15,10:00:00,84,51,33,FMN GV 18 Kasterlee
84,Oudemolsedijk,2020-11-15,11:00:00,77,44,33,FMN GV 18 Kasterlee
84,Oudemolsedijk,2020-11-15,12:00:00,16,11,5,FMN GV 18 Kasterlee
84,Oudemolsedijk,2020-11-15,13:00:00,8,6,2,FMN GV 18 Kasterlee
84,Oudemolsedijk,2020-11-15,14:00:00,5,4,1,FMN GV 18 Kasterlee
84,Oudemolsedijk,2020-11-15,15:00:00,3,0,3,FMN GV 18 Kasterlee
84,Oudemolsedijk,2020-11-15,16:00:00,2,2,0,FMN GV 18 Kasterlee
84,Oudemolsedijk,2020-11-15,17:00:00,3,3,0,FMN GV 18 Kasterlee
84,Oudemolsedijk,2020-11-15,18:00:00,0,0,0,FMN GV 18 Kasterlee
84,Oudemolsedijk,2020-11-15,19:00:00,1,0,1,FMN GV 18 Kasterlee
84,Oudemolsedijk,2020-11-15,20:00:00,1,1,0,FMN GV 18 Kasterlee
84,Oudemolsedijk,2020-11-15,21:00:00,2,2,0,FMN GV 18 Kasterlee
84,Oudemolsedijk,2020-11-15,22:00:00,1,1,0,FMN GV 18 Kasterlee
84,Oudemolsedijk,2020-11-15,23:00:00,0,0,0,FMN GV 18 Kasterlee
84,Oudemolsedijk,2020-11-16,00:00:00,0,0,0,FMN GV 18 Kasterlee
84,Oudemolsedijk,2020-11-16,01:00:00,0,0,0,FMN GV 18 Kasterlee
84,Oudemolsedijk,2020-11-16,02:00:00,0,0,0,FMN GV 18 Kasterlee
84,Oudemolsedijk,2020-11-16,03:00:00,0,0,0,FMN GV 18 Kasterlee
84,Oudemolsedijk,2020-11-16,04:00:00,1,0,1,FMN GV 18 Kasterlee
84,Oudemolsedijk,2020-11-16,05:00:00,1,1,0,FMN GV 18 Kasterlee
84,Oudemolsedijk,2020-11-16,06:00:00,5,1,4,FMN GV 18 Kasterlee
84,Oudemolsedijk,2020-11-16,07:00:00,9,5,4,FMN GV 18 Kasterlee
84,Oudemolsedijk,2020-11-16,08:00:00,7,3,4,FMN GV 18 Kasterlee
84,Oudemolsedijk,2020-11-16,09:00:00,5,1,4,FMN GV 18 Kasterlee
84,Oudemolsedijk,2020-11-16,10:00:00,11,9,2,FMN GV 18 Kasterlee
84,Oudemolsedijk,2020-11-16,11:00:00,14,10,4,FMN GV 18 Kasterlee
84,Oudemolsedijk,2020-11-16,12:00:00,8,8,0,FMN GV 18 Kasterlee
84,Oudemolsedijk,2020-11-16,13:00:00,24,13,11,FMN GV 18 Kasterlee
84,Oudemolsedijk,2020-11-16,14:00:00,38,21,17,FMN GV 18 Kasterlee
84,Oudemolsedijk,2020-11-16,15:00:00,27,24,3,FMN GV 18 Kasterlee
84,Oudemolsedijk,2020-11-16,16:00:00,19,11,8,FMN GV 18 Kasterlee
84,Oudemolsedijk,2020-11-16,17:00:00,8,5,3,FMN GV 18 Kasterlee
84,Oudemolsedijk,2020-11-16,18:00:00,1,0,1,FMN GV 18 Kasterlee
84,Oudemolsedijk,2020-11-16,19:00:00,1,1,0,FMN GV 18 Kasterlee
84,Oudemolsedijk,2020-11-16,20:00:00,3,3,0,FMN GV 18 Kasterlee
84,Oudemolsedijk,2020-11-16,21:00:00,3,2,1,FMN GV 18 Kasterlee
84,Oudemolsedijk,2020-11-16,22:00:00,3,0,3,FMN GV 18 Kasterlee
84,Oudemolsedijk,2020-11-16,23:00:00,0,0,0,FMN GV 18 Kasterlee
84,Oudemolsedijk,2020-11-17,00:00:00,0,0,0,FMN GV 18 Kasterlee
84,Oudemolsedijk,2020-11-17,01:00:00,0,0,0,FMN GV 18 Kasterlee
84,Oudemolsedijk,2020-11-17,02:00:00,0,0,0,FMN GV 18 Kasterlee
84,Oudemolsedijk,2020-11-17,03:00:00,0,0,0,FMN GV 18 Kasterlee
84,Oudemolsedijk,2020-11-17,04:00:00,0,0,0,FMN GV 18 Kasterlee
84,Oudemolsedijk,2020-11-17,05:00:00,3,3,0,FMN GV 18 Kasterlee
84,Oudemolsedijk,2020-11-17,06:00:00,5,1,4,FMN GV 18 Kasterlee
84,Oudemolsedijk,2020-11-17,07:00:00,16,3,13,FMN GV 18 Kasterlee
84,Oudemolsedijk,2020-11-17,08:00:00,15,7,8,FMN GV 18 Kasterlee
84,Oudemolsedijk,2020-11-17,09:00:00,14,9,5,FMN GV 18 Kasterlee
84,Oudemolsedijk,2020-11-17,10:00:00,14,8,6,FMN GV 18 Kasterlee
84,Oudemolsedijk,2020-11-17,11:00:00,14,11,3,FMN GV 18 Kasterlee
84,Oudemolsedijk,2020-11-17,12:00:00,48,22,26,FMN GV 18 Kasterlee
84,Oudemolsedijk,2020-11-17,13:00:00,41,19,22,FMN GV 18 Kasterlee
84,Oudemolsedijk,2020-11-17,14:00:00,74,40,34,FMN GV 18 Kasterlee
84,Oudemolsedijk,2020-11-17,15:00:00,50,30,20,FMN GV 18 Kasterlee
84,Oudemolsedijk,2020-11-17,16:00:00,24,14,10,FMN GV 18 Kasterlee
84,Oudemolsedijk,2020-11-17,17:00:00,19,11,8,FMN GV 18 Kasterlee
84,Oudemolsedijk,2020-11-17,18:00:00,3,2,1,FMN GV 18 Kasterlee
84,Oudemolsedijk,2020-11-17,19:00:00,5,2,3,FMN GV 18 Kasterlee
84,Oudemolsedijk,2020-11-17,20:00:00,1,0,1,FMN GV 18 Kasterlee
84,Oudemolsedijk,2020-11-17,21:00:00,3,2,1,FMN GV 18 Kasterlee
84,Oudemolsedijk,2020-11-17,22:00:00,6,1,5,FMN GV 18 Kasterlee
84,Oudemolsedijk,2020-11-17,23:00:00,0,0,0,FMN GV 18 Kasterlee
84,Oudemolsedijk,2020-11-18,00:00:00,0,0,0,FMN GV 18 Kasterlee
84,Oudemolsedijk,2020-11-18,01:00:00,0,0,0,FMN GV 18 Kasterlee
84,Oudemolsedijk,2020-11-18,02:00:00,0,0,0,FMN GV 18 Kasterlee
84,Oudemolsedijk,2020-11-18,03:00:00,0,0,0,FMN GV 18 Kasterlee
84,Oudemolsedijk,2020-11-18,04:00:00,0,0,0,FMN GV 18 Kasterlee
84,Oudemolsedijk,2020-11-18,05:00:00,5,4,1,FMN GV 18 Kasterlee
84,Oudemolsedijk,2020-11-18,06:00:00,4,0,4,FMN GV 18 Kasterlee
84,Oudemolsedijk,2020-11-18,07:00:00,15,8,7,FMN GV 18 Kasterlee
84,Oudemolsedijk,2020-11-18,08:00:00,20,14,6,FMN GV 18 Kasterlee
84,Oudemolsedijk,2020-11-18,09:00:00,24,15,9,FMN GV 18 Kasterlee
84,Oudemolsedijk,2020-11-18,10:00:00,22,8,14,FMN GV 18 Kasterlee
84,Oudemolsedijk,2020-11-18,11:00:00,38,23,15,FMN GV 18 Kasterlee
84,Oudemolsedijk,2020-11-18,12:00:00,59,27,32,FMN GV 18 Kasterlee
84,Oudemolsedijk,2020-11-18,13:00:00,104,43,61,FMN GV 18 Kasterlee
84,Oudemolsedijk,2020-11-18,14:00:00,162,81,81,FMN GV 18 Kasterlee
84,Oudemolsedijk,2020-11-18,15:00:00,110,67,43,FMN GV 18 Kasterlee
84,Oudemolsedijk,2020-11-18,16:00:00,46,35,11,FMN GV 18 Kasterlee
84,Oudemolsedijk,2020-11-18,17:00:00,17,10,7,FMN GV 18 Kasterlee
84,Oudemolsedijk,2020-11-18,18:00:00,9,4,5,FMN GV 18 Kasterlee
84,Oudemolsedijk,2020-11-18,19:00:00,6,2,4,FMN GV 18 Kasterlee
84,Oudemolsedijk,2020-11-18,20:00:00,9,3,6,FMN GV 18 Kasterlee
84,Oudemolsedijk,2020-11-18,21:00:00,2,0,2,FMN GV 18 Kasterlee
84,Oudemolsedijk,2020-11-18,22:00:00,4,0,4,FMN GV 18 Kasterlee
84,Oudemolsedijk,2020-11-18,23:00:00,0,0,0,FMN GV 18 Kasterlee
84,Oudemolsedijk,2020-11-19,00:00:00,0,0,0,FMN GV 18 Kasterlee
84,Oudemolsedijk,2020-11-19,01:00:00,0,0,0,FMN GV 18 Kasterlee
84,Oudemolsedijk,2020-11-19,02:00:00,0,0,0,FMN GV 18 Kasterlee
84,Oudemolsedijk,2020-11-19,03:00:00,0,0,0,FMN GV 18 Kasterlee
84,Oudemolsedijk,2020-11-19,04:00:00,1,1,0,FMN GV 18 Kasterlee
84,Oudemolsedijk,2020-11-19,05:00:00,3,3,0,FMN GV 18 Kasterlee
84,Oudemolsedijk,2020-11-19,06:00:00,4,1,3,FMN GV 18 Kasterlee
84,Oudemolsedijk,2020-11-19,07:00:00,7,3,4,FMN GV 18 Kasterlee
84,Oudemolsedijk,2020-11-19,08:00:00,10,8,2,FMN GV 18 Kasterlee
84,Oudemolsedijk,2020-11-19,09:00:00,5,2,3,FMN GV 18 Kasterlee
84,Oudemolsedijk,2020-11-19,10:00:00,10,7,3,FMN GV 18 Kasterlee
84,Oudemolsedijk,2020-11-19,11:00:00,8,3,5,FMN GV 18 Kasterlee
84,Oudemolsedijk,2020-11-19,12:00:00,11,7,4,FMN GV 18 Kasterlee
84,Oudemolsedijk,2020-11-19,13:00:00,11,6,5,FMN GV 18 Kasterlee
84,Oudemolsedijk,2020-11-19,14:00:00,4,1,3,FMN GV 18 Kasterlee
84,Oudemolsedijk,2020-11-19,15:00:00,9,2,7,FMN GV 18 Kasterlee
84,Oudemolsedijk,2020-11-19,16:00:00,16,7,9,FMN GV 18 Kasterlee
84,Oudemolsedijk,2020-11-19,17:00:00,6,2,4,FMN GV 18 Kasterlee
84,Oudemolsedijk,2020-11-19,18:00:00,6,4,2,FMN GV 18 Kasterlee
84,Oudemolsedijk,2020-11-19,19:00:00,1,0,1,FMN GV 18 Kasterlee
84,Oudemolsedijk,2020-11-19,20:00:00,2,1,1,FMN GV 18 Kasterlee
84,Oudemolsedijk,2020-11-19,21:00:00,1,0,1,FMN GV 18 Kasterlee
84,Oudemolsedijk,2020-11-19,22:00:00,2,0,2,FMN GV 18 Kasterlee
84,Oudemolsedijk,2020-11-19,23:00:00,0,0,0,FMN GV 18 Kasterlee
84,Oudemolsedijk,2020-11-20,00:00:00,0,0,0,FMN GV 18 Kasterlee
84,Oudemolsedijk,2020-11-20,01:00:00,0,0,0,FMN GV 18 Kasterlee
84,Oudemolsedijk,2020-11-20,02:00:00,0,0,0,FMN GV 18 Kasterlee
84,Oudemolsedijk,2020-11-20,03:00:00,0,0,0,FMN GV 18 Kasterlee
84,Oudemolsedijk,2020-11-20,04:00:00,1,1,0,FMN GV 18 Kasterlee
84,Oudemolsedijk,2020-11-20,05:00:00,1,1,0,FMN GV 18 Kasterlee
84,Oudemolsedijk,2020-11-20,06:00:00,4,1,3,FMN GV 18 Kasterlee
84,Oudemolsedijk,2020-11-20,07:00:00,14,10,4,FMN GV 18 Kasterlee
84,Oudemolsedijk,2020-11-20,08:00:00,16,12,4,FMN GV 18 Kasterlee
84,Oudemolsedijk,2020-11-20,09:00:00,8,2,6,FMN GV 18 Kasterlee
84,Oudemolsedijk,2020-11-20,10:00:00,14,10,4,FMN GV 18 Kasterlee
84,Oudemolsedijk,2020-11-20,11:00:00,16,6,10,FMN GV 18 Kasterlee
84,Oudemolsedijk,2020-11-20,12:00:00,16,9,7,FMN GV 18 Kasterlee
84,Oudemolsedijk,2020-11-20,13:00:00,59,28,31,FMN GV 18 Kasterlee
84,Oudemolsedijk,2020-11-20,14:00:00,86,33,53,FMN GV 18 Kasterlee
84,Oudemolsedijk,2020-11-20,15:00:00,60,39,21,FMN GV 18 Kasterlee
84,Oudemolsedijk,2020-11-20,16:00:00,34,20,14,FMN GV 18 Kasterlee
84,Oudemolsedijk,2020-11-20,17:00:00,12,4,8,FMN GV 18 Kasterlee
84,Oudemolsedijk,2020-11-20,18:00:00,9,4,5,FMN GV 18 Kasterlee
84,Oudemolsedijk,2020-11-20,19:00:00,2,2,0,FMN GV 18 Kasterlee
84,Oudemolsedijk,2020-11-20,20:00:00,0,0,0,FMN GV 18 Kasterlee
84,Oudemolsedijk,2020-11-20,21:00:00,0,0,0,FMN GV 18 Kasterlee
84,Oudemolsedijk,2020-11-20,22:00:00,1,1,0,FMN GV 18 Kasterlee
84,Oudemolsedijk,2020-11-20,23:00:00,0,0,0,FMN GV 18 Kasterlee
84,Oudemolsedijk,2020-11-21,00:00:00,0,0,0,FMN GV 18 Kasterlee
84,Oudemolsedijk,2020-11-21,01:00:00,0,0,0,FMN GV 18 Kasterlee
84,Oudemolsedijk,2020-11-21,02:00:00,0,0,0,FMN GV 18 Kasterlee
84,Oudemolsedijk,2020-11-21,03:00:00,0,0,0,FMN GV 18 Kasterlee
84,Oudemolsedijk,2020-11-21,04:00:00,1,1,0,FMN GV 18 Kasterlee
84,Oudemolsedijk,2020-11-21,05:00:00,0,0,0,FMN GV 18 Kasterlee
84,Oudemolsedijk,2020-11-21,06:00:00,0,0,0,FMN GV 18 Kasterlee
84,Oudemolsedijk,2020-11-21,07:00:00,3,2,1,FMN GV 18 Kasterlee
84,Oudemolsedijk,2020-11-21,08:00:00,7,1,6,FMN GV 18 Kasterlee
84,Oudemolsedijk,2020-11-21,09:00:00,18,7,11,FMN GV 18 Kasterlee
84,Oudemolsedijk,2020-11-21,10:00:00,30,26,4,FMN GV 18 Kasterlee
84,Oudemolsedijk,2020-11-21,11:00:00,39,22,17,FMN GV 18 Kasterlee
84,Oudemolsedijk,2020-11-21,12:00:00,34,20,14,FMN GV 18 Kasterlee
84,Oudemolsedijk,2020-11-21,13:00:00,68,36,32,FMN GV 18 Kasterlee
84,Oudemolsedijk,2020-11-21,14:00:00,72,49,23,FMN GV 18 Kasterlee
84,Oudemolsedijk,2020-11-21,15:00:00,72,40,32,FMN GV 18 Kasterlee
84,Oudemolsedijk,2020-11-21,16:00:00,29,15,14,FMN GV 18 Kasterlee
84,Oudemolsedijk,2020-11-21,17:00:00,5,4,1,FMN GV 18 Kasterlee
84,Oudemolsedijk,2020-11-21,18:00:00,4,1,3,FMN GV 18 Kasterlee
84,Oudemolsedijk,2020-11-21,19:00:00,1,0,1,FMN GV 18 Kasterlee
84,Oudemolsedijk,2020-11-21,20:00:00,0,0,0,FMN GV 18 Kasterlee
84,Oudemolsedijk,2020-11-21,21:00:00,0,0,0,FMN GV 18 Kasterlee
84,Oudemolsedijk,2020-11-21,22:00:00,3,0,3,FMN GV 18 Kasterlee
84,Oudemolsedijk,2020-11-21,23:00:00,0,0,0,FMN GV 18 Kasterlee
84,Oudemolsedijk,2020-11-22,00:00:00,0,0,0,FMN GV 18 Kasterlee
84,Oudemolsedijk,2020-11-22,01:00:00,0,0,0,FMN GV 18 Kasterlee
84,Oudemolsedijk,2020-11-22,02:00:00,0,0,0,FMN GV 18 Kasterlee
84,Oudemolsedijk,2020-11-22,03:00:00,0,0,0,FMN GV 18 Kasterlee
84,Oudemolsedijk,2020-11-22,04:00:00,0,0,0,FMN GV 18 Kasterlee
84,Oudemolsedijk,2020-11-22,05:00:00,0,0,0,FMN GV 18 Kasterlee
84,Oudemolsedijk,2020-11-22,06:00:00,0,0,0,FMN GV 18 Kasterlee
84,Oudemolsedijk,2020-11-22,07:00:00,0,0,0,FMN GV 18 Kasterlee
84,Oudemolsedijk,2020-11-22,08:00:00,7,2,5,FMN GV 18 Kasterlee
84,Oudemolsedijk,2020-11-22,09:00:00,66,30,36,FMN GV 18 Kasterlee
84,Oudemolsedijk,2020-11-22,10:00:00,43,20,23,FMN GV 18 Kasterlee
84,Oudemolsedijk,2020-11-22,11:00:00,46,30,16,FMN GV 18 Kasterlee
84,Oudemolsedijk,2020-11-22,12:00:00,18,11,7,FMN GV 18 Kasterlee
84,Oudemolsedijk,2020-11-22,13:00:00,16,10,6,FMN GV 18 Kasterlee
84,Oudemolsedijk,2020-11-22,14:00:00,15,9,6,FMN GV 18 Kasterlee
84,Oudemolsedijk,2020-11-22,15:00:00,28,12,16,FMN GV 18 Kasterlee
84,Oudemolsedijk,2020-11-22,16:00:00,8,3,5,FMN GV 18 Kasterlee
84,Oudemolsedijk,2020-11-22,17:00:00,3,0,3,FMN GV 18 Kasterlee
84,Oudemolsedijk,2020-11-22,18:00:00,0,0,0,FMN GV 18 Kasterlee
84,Oudemolsedijk,2020-11-22,19:00:00,2,1,1,FMN GV 18 Kasterlee
84,Oudemolsedijk,2020-11-22,20:00:00,1,1,0,FMN GV 18 Kasterlee
84,Oudemolsedijk,2020-11-22,21:00:00,3,2,1,FMN GV 18 Kasterlee
84,Oudemolsedijk,2020-11-22,22:00:00,1,1,0,FMN GV 18 Kasterlee
84,Oudemolsedijk,2020-11-22,23:00:00,0,0,0,FMN GV 18 Kasterlee
84,Oudemolsedijk,2020-11-23,00:00:00,0,0,0,FMN GV 18 Kasterlee
84,Oudemolsedijk,2020-11-23,01:00:00,0,0,0,FMN GV 18 Kasterlee
84,Oudemolsedijk,2020-11-23,02:00:00,0,0,0,FMN GV 18 Kasterlee
84,Oudemolsedijk,2020-11-23,03:00:00,0,0,0,FMN GV 18 Kasterlee
84,Oudemolsedijk,2020-11-23,04:00:00,1,1,0,FMN GV 18 Kasterlee
84,Oudemolsedijk,2020-11-23,05:00:00,3,3,0,FMN GV 18 Kasterlee
84,Oudemolsedijk,2020-11-23,06:00:00,11,2,9,FMN GV 18 Kasterlee
84,Oudemolsedijk,2020-11-23,07:00:00,15,7,8,FMN GV 18 Kasterlee
84,Oudemolsedijk,2020-11-23,08:00:00,17,10,7,FMN GV 18 Kasterlee
84,Oudemolsedijk,2020-11-23,09:00:00,3,1,2,FMN GV 18 Kasterlee
84,Oudemolsedijk,2020-11-23,10:00:00,14,5,9,FMN GV 18 Kasterlee
84,Oudemolsedijk,2020-11-23,11:00:00,37,30,7,FMN GV 18 Kasterlee
84,Oudemolsedijk,2020-11-23,12:00:00,20,11,9,FMN GV 18 Kasterlee
84,Oudemolsedijk,2020-11-23,13:00:00,61,31,30,FMN GV 18 Kasterlee
84,Oudemolsedijk,2020-11-23,14:00:00,134,61,73,FMN GV 18 Kasterlee
84,Oudemolsedijk,2020-11-23,15:00:00,72,42,30,FMN GV 18 Kasterlee
84,Oudemolsedijk,2020-11-23,16:00:00,35,18,17,FMN GV 18 Kasterlee
84,Oudemolsedijk,2020-11-23,17:00:00,16,10,6,FMN GV 18 Kasterlee
84,Oudemolsedijk,2020-11-23,18:00:00,2,1,1,FMN GV 18 Kasterlee
84,Oudemolsedijk,2020-11-23,19:00:00,2,1,1,FMN GV 18 Kasterlee
84,Oudemolsedijk,2020-11-23,20:00:00,2,1,1,FMN GV 18 Kasterlee
84,Oudemolsedijk,2020-11-23,21:00:00,2,2,0,FMN GV 18 Kasterlee
84,Oudemolsedijk,2020-11-23,22:00:00,0,0,0,FMN GV 18 Kasterlee
84,Oudemolsedijk,2020-11-23,23:00:00,0,0,0,FMN GV 18 Kasterlee
84,Oudemolsedijk,2020-11-24,00:00:00,0,0,0,FMN GV 18 Kasterlee
84,Oudemolsedijk,2020-11-24,01:00:00,0,0,0,FMN GV 18 Kasterlee
84,Oudemolsedijk,2020-11-24,02:00:00,0,0,0,FMN GV 18 Kasterlee
84,Oudemolsedijk,2020-11-24,03:00:00,0,0,0,FMN GV 18 Kasterlee
84,Oudemolsedijk,2020-11-24,04:00:00,2,2,0,FMN GV 18 Kasterlee
84,Oudemolsedijk,2020-11-24,05:00:00,5,4,1,FMN GV 18 Kasterlee
84,Oudemolsedijk,2020-11-24,06:00:00,7,2,5,FMN GV 18 Kasterlee
84,Oudemolsedijk,2020-11-24,07:00:00,7,3,4,FMN GV 18 Kasterlee
84,Oudemolsedijk,2020-11-24,08:00:00,11,5,6,FMN GV 18 Kasterlee
84,Oudemolsedijk,2020-11-24,09:00:00,4,2,2,FMN GV 18 Kasterlee
84,Oudemolsedijk,2020-11-24,10:00:00,18,8,10,FMN GV 18 Kasterlee
84,Oudemolsedijk,2020-11-24,11:00:00,23,13,10,FMN GV 18 Kasterlee
84,Oudemolsedijk,2020-11-24,12:00:00,40,21,19,FMN GV 18 Kasterlee
84,Oudemolsedijk,2020-11-24,13:00:00,46,16,30,FMN GV 18 Kasterlee
84,Oudemolsedijk,2020-11-24,14:00:00,90,49,41,FMN GV 18 Kasterlee
84,Oudemolsedijk,2020-11-24,15:00:00,72,53,19,FMN GV 18 Kasterlee
84,Oudemolsedijk,2020-11-24,16:00:00,27,16,11,FMN GV 18 Kasterlee
84,Oudemolsedijk,2020-11-24,17:00:00,8,6,2,FMN GV 18 Kasterlee
84,Oudemolsedijk,2020-11-24,18:00:00,6,2,4,FMN GV 18 Kasterlee
84,Oudemolsedijk,2020-11-24,19:00:00,3,1,2,FMN GV 18 Kasterlee
84,Oudemolsedijk,2020-11-24,20:00:00,4,1,3,FMN GV 18 Kasterlee
84,Oudemolsedijk,2020-11-24,21:00:00,4,2,2,FMN GV 18 Kasterlee
84,Oudemolsedijk,2020-11-24,22:00:00,0,0,0,FMN GV 18 Kasterlee
84,Oudemolsedijk,2020-11-24,23:00:00,0,0,0,FMN GV 18 Kasterlee
84,Oudemolsedijk,2020-11-25,00:00:00,0,0,0,FMN GV 18 Kasterlee
84,Oudemolsedijk,2020-11-25,01:00:00,0,0,0,FMN GV 18 Kasterlee
84,Oudemolsedijk,2020-11-25,02:00:00,0,0,0,FMN GV 18 Kasterlee
84,Oudemolsedijk,2020-11-25,03:00:00,0,0,0,FMN GV 18 Kasterlee
84,Oudemolsedijk,2020-11-25,04:00:00,1,1,0,FMN GV 18 Kasterlee
84,Oudemolsedijk,2020-11-25,05:00:00,3,3,0,FMN GV 18 Kasterlee
84,Oudemolsedijk,2020-11-25,06:00:00,8,3,5,FMN GV 18 Kasterlee
84,Oudemolsedijk,2020-11-25,07:00:00,7,2,5,FMN GV 18 Kasterlee
84,Oudemolsedijk,2020-11-25,08:00:00,18,13,5,FMN GV 18 Kasterlee
84,Oudemolsedijk,2020-11-25,09:00:00,15,11,4,FMN GV 18 Kasterlee
84,Oudemolsedijk,2020-11-25,10:00:00,10,4,6,FMN GV 18 Kasterlee
84,Oudemolsedijk,2020-11-25,11:00:00,15,10,5,FMN GV 18 Kasterlee
84,Oudemolsedijk,2020-11-25,12:00:00,40,13,27,FMN GV 18 Kasterlee
84,Oudemolsedijk,2020-11-25,13:00:00,50,29,21,FMN GV 18 Kasterlee
84,Oudemolsedijk,2020-11-25,14:00:00,89,46,43,FMN GV 18 Kasterlee
84,Oudemolsedijk,2020-11-25,15:00:00,79,38,41,FMN GV 18 Kasterlee
84,Oudemolsedijk,2020-11-25,16:00:00,24,16,8,FMN GV 18 Kasterlee
84,Oudemolsedijk,2020-11-25,17:00:00,8,7,1,FMN GV 18 Kasterlee
84,Oudemolsedijk,2020-11-25,18:00:00,11,2,9,FMN GV 18 Kasterlee
84,Oudemolsedijk,2020-11-25,19:00:00,8,7,1,FMN GV 18 Kasterlee
84,Oudemolsedijk,2020-11-25,20:00:00,23,14,9,FMN GV 18 Kasterlee
84,Oudemolsedijk,2020-11-25,21:00:00,4,4,0,FMN GV 18 Kasterlee
84,Oudemolsedijk,2020-11-25,22:00:00,1,0,1,FMN GV 18 Kasterlee
84,Oudemolsedijk,2020-11-25,23:00:00,0,0,0,FMN GV 18 Kasterlee
84,Oudemolsedijk,2020-11-26,00:00:00,0,0,0,FMN GV 18 Kasterlee
84,Oudemolsedijk,2020-11-26,01:00:00,0,0,0,FMN GV 18 Kasterlee
84,Oudemolsedijk,2020-11-26,02:00:00,0,0,0,FMN GV 18 Kasterlee
84,Oudemolsedijk,2020-11-26,03:00:00,0,0,0,FMN GV 18 Kasterlee
84,Oudemolsedijk,2020-11-26,04:00:00,1,1,0,FMN GV 18 Kasterlee
84,Oudemolsedijk,2020-11-26,05:00:00,4,4,0,FMN GV 18 Kasterlee
84,Oudemolsedijk,2020-11-26,06:00:00,10,2,8,FMN GV 18 Kasterlee
84,Oudemolsedijk,2020-11-26,07:00:00,7,4,3,FMN GV 18 Kasterlee
84,Oudemolsedijk,2020-11-26,08:00:00,12,10,2,FMN GV 18 Kasterlee
84,Oudemolsedijk,2020-11-26,09:00:00,17,5,12,FMN GV 18 Kasterlee
84,Oudemolsedijk,2020-11-26,10:00:00,10,3,7,FMN GV 18 Kasterlee
84,Oudemolsedijk,2020-11-26,11:00:00,12,8,4,FMN GV 18 Kasterlee
84,Oudemolsedijk,2020-11-26,12:00:00,24,14,10,FMN GV 18 Kasterlee
84,Oudemolsedijk,2020-11-26,13:00:00,35,12,23,FMN GV 18 Kasterlee
84,Oudemolsedijk,2020-11-26,14:00:00,73,41,32,FMN GV 18 Kasterlee
84,Oudemolsedijk,2020-11-26,15:00:00,47,36,11,FMN GV 18 Kasterlee
84,Oudemolsedijk,2020-11-26,16:00:00,36,23,13,FMN GV 18 Kasterlee
84,Oudemolsedijk,2020-11-26,17:00:00,9,6,3,FMN GV 18 Kasterlee
84,Oudemolsedijk,2020-11-26,18:00:00,7,4,3,FMN GV 18 Kasterlee
84,Oudemolsedijk,2020-11-26,19:00:00,3,1,2,FMN GV 18 Kasterlee
84,Oudemolsedijk,2020-11-26,20:00:00,6,5,1,FMN GV 18 Kasterlee
84,Oudemolsedijk,2020-11-26,21:00:00,4,3,1,FMN GV 18 Kasterlee
84,Oudemolsedijk,2020-11-26,22:00:00,2,2,0,FMN GV 18 Kasterlee
84,Oudemolsedijk,2020-11-26,23:00:00,0,0,0,FMN GV 18 Kasterlee
84,Oudemolsedijk,2020-11-27,00:00:00,0,0,0,FMN GV 18 Kasterlee
84,Oudemolsedijk,2020-11-27,01:00:00,0,0,0,FMN GV 18 Kasterlee
84,Oudemolsedijk,2020-11-27,02:00:00,0,0,0,FMN GV 18 Kasterlee
84,Oudemolsedijk,2020-11-27,03:00:00,0,0,0,FMN GV 18 Kasterlee
84,Oudemolsedijk,2020-11-27,04:00:00,1,1,0,FMN GV 18 Kasterlee
84,Oudemolsedijk,2020-11-27,05:00:00,0,0,0,FMN GV 18 Kasterlee
84,Oudemolsedijk,2020-11-27,06:00:00,7,2,5,FMN GV 18 Kasterlee
84,Oudemolsedijk,2020-11-27,07:00:00,10,3,7,FMN GV 18 Kasterlee
84,Oudemolsedijk,2020-11-27,08:00:00,9,6,3,FMN GV 18 Kasterlee
84,Oudemolsedijk,2020-11-27,09:00:00,13,9,4,FMN GV 18 Kasterlee
84,Oudemolsedijk,2020-11-27,10:00:00,11,6,5,FMN GV 18 Kasterlee
84,Oudemolsedijk,2020-11-27,11:00:00,8,4,4,FMN GV 18 Kasterlee
84,Oudemolsedijk,2020-11-27,12:00:00,18,6,12,FMN GV 18 Kasterlee
84,Oudemolsedijk,2020-11-27,13:00:00,30,19,11,FMN GV 18 Kasterlee
84,Oudemolsedijk,2020-11-27,14:00:00,57,24,33,FMN GV 18 Kasterlee
84,Oudemolsedijk,2020-11-27,15:00:00,37,21,16,FMN GV 18 Kasterlee
84,Oudemolsedijk,2020-11-27,16:00:00,23,11,12,FMN GV 18 Kasterlee
84,Oudemolsedijk,2020-11-27,17:00:00,9,6,3,FMN GV 18 Kasterlee
84,Oudemolsedijk,2020-11-27,18:00:00,5,2,3,FMN GV 18 Kasterlee
84,Oudemolsedijk,2020-11-27,19:00:00,2,1,1,FMN GV 18 Kasterlee
84,Oudemolsedijk,2020-11-27,20:00:00,2,1,1,FMN GV 18 Kasterlee
84,Oudemolsedijk,2020-11-27,21:00:00,0,0,0,FMN GV 18 Kasterlee
84,Oudemolsedijk,2020-11-27,22:00:00,1,1,0,FMN GV 18 Kasterlee
84,Oudemolsedijk,2020-11-27,23:00:00,0,0,0,FMN GV 18 Kasterlee
84,Oudemolsedijk,2020-11-28,00:00:00,0,0,0,FMN GV 18 Kasterlee
84,Oudemolsedijk,2020-11-28,01:00:00,0,0,0,FMN GV 18 Kasterlee
84,Oudemolsedijk,2020-11-28,02:00:00,0,0,0,FMN GV 18 Kasterlee
84,Oudemolsedijk,2020-11-28,03:00:00,0,0,0,FMN GV 18 Kasterlee
84,Oudemolsedijk,2020-11-28,04:00:00,0,0,0,FMN GV 18 Kasterlee
84,Oudemolsedijk,2020-11-28,05:00:00,0,0,0,FMN GV 18 Kasterlee
84,Oudemolsedijk,2020-11-28,06:00:00,1,1,0,FMN GV 18 Kasterlee
84,Oudemolsedijk,2020-11-28,07:00:00,0,0,0,FMN GV 18 Kasterlee
84,Oudemolsedijk,2020-11-28,08:00:00,10,3,7,FMN GV 18 Kasterlee
84,Oudemolsedijk,2020-11-28,09:00:00,21,15,6,FMN GV 18 Kasterlee
84,Oudemolsedijk,2020-11-28,10:00:00,44,16,28,FMN GV 18 Kasterlee
84,Oudemolsedijk,2020-11-28,11:00:00,45,22,23,FMN GV 18 Kasterlee
84,Oudemolsedijk,2020-11-28,12:00:00,53,26,27,FMN GV 18 Kasterlee
84,Oudemolsedijk,2020-11-28,13:00:00,100,50,50,FMN GV 18 Kasterlee
84,Oudemolsedijk,2020-11-28,14:00:00,121,54,67,FMN GV 18 Kasterlee
84,Oudemolsedijk,2020-11-28,15:00:00,131,94,37,FMN GV 18 Kasterlee
84,Oudemolsedijk,2020-11-28,16:00:00,40,24,16,FMN GV 18 Kasterlee
84,Oudemolsedijk,2020-11-28,17:00:00,1,1,0,FMN GV 18 Kasterlee
84,Oudemolsedijk,2020-11-28,18:00:00,1,0,1,FMN GV 18 Kasterlee
84,Oudemolsedijk,2020-11-28,19:00:00,2,1,1,FMN GV 18 Kasterlee
84,Oudemolsedijk,2020-11-28,20:00:00,0,0,0,FMN GV 18 Kasterlee
84,Oudemolsedijk,2020-11-28,21:00:00,0,0,0,FMN GV 18 Kasterlee
84,Oudemolsedijk,2020-11-28,22:00:00,1,0,1,FMN GV 18 Kasterlee
84,Oudemolsedijk,2020-11-28,23:00:00,0,0,0,FMN GV 18 Kasterlee
84,Oudemolsedijk,2020-11-29,00:00:00,0,0,0,FMN GV 18 Kasterlee
84,Oudemolsedijk,2020-11-29,01:00:00,0,0,0,FMN GV 18 Kasterlee
84,Oudemolsedijk,2020-11-29,02:00:00,0,0,0,FMN GV 18 Kasterlee
84,Oudemolsedijk,2020-11-29,03:00:00,0,0,0,FMN GV 18 Kasterlee
84,Oudemolsedijk,2020-11-29,04:00:00,0,0,0,FMN GV 18 Kasterlee
84,Oudemolsedijk,2020-11-29,05:00:00,0,0,0,FMN GV 18 Kasterlee
84,Oudemolsedijk,2020-11-29,06:00:00,0,0,0,FMN GV 18 Kasterlee
84,Oudemolsedijk,2020-11-29,07:00:00,1,0,1,FMN GV 18 Kasterlee
84,Oudemolsedijk,2020-11-29,08:00:00,12,8,4,FMN GV 18 Kasterlee
84,Oudemolsedijk,2020-11-29,09:00:00,71,45,26,FMN GV 18 Kasterlee
84,Oudemolsedijk,2020-11-29,10:00:00,66,34,32,FMN GV 18 Kasterlee
84,Oudemolsedijk,2020-11-29,11:00:00,67,45,22,FMN GV 18 Kasterlee
84,Oudemolsedijk,2020-11-29,12:00:00,35,24,11,FMN GV 18 Kasterlee
84,Oudemolsedijk,2020-11-29,13:00:00,32,18,14,FMN GV 18 Kasterlee
84,Oudemolsedijk,2020-11-29,14:00:00,25,9,16,FMN GV 18 Kasterlee
84,Oudemolsedijk,2020-11-29,15:00:00,26,15,11,FMN GV 18 Kasterlee
84,Oudemolsedijk,2020-11-29,16:00:00,15,14,1,FMN GV 18 Kasterlee
84,Oudemolsedijk,2020-11-29,17:00:00,1,0,1,FMN GV 18 Kasterlee
84,Oudemolsedijk,2020-11-29,18:00:00,2,0,2,FMN GV 18 Kasterlee
84,Oudemolsedijk,2020-11-29,19:00:00,0,0,0,FMN GV 18 Kasterlee
84,Oudemolsedijk,2020-11-29,20:00:00,1,0,1,FMN GV 18 Kasterlee
84,Oudemolsedijk,2020-11-29,21:00:00,0,0,0,FMN GV 18 Kasterlee
84,Oudemolsedijk,2020-11-29,22:00:00,3,1,2,FMN GV 18 Kasterlee
84,Oudemolsedijk,2020-11-29,23:00:00,0,0,0,FMN GV 18 Kasterlee
84,Oudemolsedijk,2020-11-30,00:00:00,0,0,0,FMN GV 18 Kasterlee
84,Oudemolsedijk,2020-11-30,01:00:00,0,0,0,FMN GV 18 Kasterlee
84,Oudemolsedijk,2020-11-30,02:00:00,0,0,0,FMN GV 18 Kasterlee
84,Oudemolsedijk,2020-11-30,03:00:00,0,0,0,FMN GV 18 Kasterlee
84,Oudemolsedijk,2020-11-30,04:00:00,1,1,0,FMN GV 18 Kasterlee
84,Oudemolsedijk,2020-11-30,05:00:00,0,0,0,FMN GV 18 Kasterlee
84,Oudemolsedijk,2020-11-30,06:00:00,3,0,3,FMN GV 18 Kasterlee
84,Oudemolsedijk,2020-11-30,07:00:00,8,3,5,FMN GV 18 Kasterlee
84,Oudemolsedijk,2020-11-30,08:00:00,7,5,2,FMN GV 18 Kasterlee
84,Oudemolsedijk,2020-11-30,09:00:00,3,2,1,FMN GV 18 Kasterlee
84,Oudemolsedijk,2020-11-30,10:00:00,4,2,2,FMN GV 18 Kasterlee
84,Oudemolsedijk,2020-11-30,11:00:00,5,4,1,FMN GV 18 Kasterlee
84,Oudemolsedijk,2020-11-30,12:00:00,9,5,4,FMN GV 18 Kasterlee
84,Oudemolsedijk,2020-11-30,13:00:00,12,7,5,FMN GV 18 Kasterlee
84,Oudemolsedijk,2020-11-30,14:00:00,8,1,7,FMN GV 18 Kasterlee
84,Oudemolsedijk,2020-11-30,15:00:00,17,7,10,FMN GV 18 Kasterlee
84,Oudemolsedijk,2020-11-30,16:00:00,12,6,6,FMN GV 18 Kasterlee
84,Oudemolsedijk,2020-11-30,17:00:00,6,5,1,FMN GV 18 Kasterlee
84,Oudemolsedijk,2020-11-30,18:00:00,1,0,1,FMN GV 18 Kasterlee
84,Oudemolsedijk,2020-11-30,19:00:00,2,2,0,FMN GV 18 Kasterlee
84,Oudemolsedijk,2020-11-30,20:00:00,0,0,0,FMN GV 18 Kasterlee
84,Oudemolsedijk,2020-11-30,21:00:00,2,1,1,FMN GV 18 Kasterlee
84,Oudemolsedijk,2020-11-30,22:00:00,3,0,3,FMN GV 18 Kasterlee
84,Oudemolsedijk,2020-11-30,23:00:00,0,0,0,FMN GV 18 Kasterlee
84,Oudemolsedijk,2020-12-01,00:00:00,0,0,0,FMN GV 18 Kasterlee
84,Oudemolsedijk,2020-12-01,01:00:00,0,0,0,FMN GV 18 Kasterlee
84,Oudemolsedijk,2020-12-01,02:00:00,0,0,0,FMN GV 18 Kasterlee
84,Oudemolsedijk,2020-12-01,03:00:00,0,0,0,FMN GV 18 Kasterlee
84,Oudemolsedijk,2020-12-01,04:00:00,0,0,0,FMN GV 18 Kasterlee
84,Oudemolsedijk,2020-12-01,05:00:00,1,1,0,FMN GV 18 Kasterlee
84,Oudemolsedijk,2020-12-01,06:00:00,3,1,2,FMN GV 18 Kasterlee
84,Oudemolsedijk,2020-12-01,07:00:00,5,2,3,FMN GV 18 Kasterlee
84,Oudemolsedijk,2020-12-01,08:00:00,4,3,1,FMN GV 18 Kasterlee
84,Oudemolsedijk,2020-12-01,09:00:00,1,1,0,FMN GV 18 Kasterlee
84,Oudemolsedijk,2020-12-01,10:00:00,2,1,1,FMN GV 18 Kasterlee
84,Oudemolsedijk,2020-12-01,11:00:00,1,1,0,FMN GV 18 Kasterlee
84,Oudemolsedijk,2020-12-01,12:00:00,4,3,1,FMN GV 18 Kasterlee
84,Oudemolsedijk,2020-12-01,13:00:00,10,6,4,FMN GV 18 Kasterlee
84,Oudemolsedijk,2020-12-01,14:00:00,9,5,4,FMN GV 18 Kasterlee
84,Oudemolsedijk,2020-12-01,15:00:00,23,14,9,FMN GV 18 Kasterlee
84,Oudemolsedijk,2020-12-01,16:00:00,10,5,5,FMN GV 18 Kasterlee
84,Oudemolsedijk,2020-12-01,17:00:00,4,1,3,FMN GV 18 Kasterlee
84,Oudemolsedijk,2020-12-01,18:00:00,1,1,0,FMN GV 18 Kasterlee
84,Oudemolsedijk,2020-12-01,19:00:00,4,2,2,FMN GV 18 Kasterlee
84,Oudemolsedijk,2020-12-01,20:00:00,3,0,3,FMN GV 18 Kasterlee
84,Oudemolsedijk,2020-12-01,21:00:00,5,3,2,FMN GV 18 Kasterlee
84,Oudemolsedijk,2020-12-01,22:00:00,4,1,3,FMN GV 18 Kasterlee
84,Oudemolsedijk,2020-12-01,23:00:00,0,0,0,FMN GV 18 Kasterlee
84,Oudemolsedijk,2020-12-02,00:00:00,0,0,0,FMN GV 18 Kasterlee
84,Oudemolsedijk,2020-12-02,01:00:00,0,0,0,FMN GV 18 Kasterlee
84,Oudemolsedijk,2020-12-02,02:00:00,0,0,0,FMN GV 18 Kasterlee
84,Oudemolsedijk,2020-12-02,03:00:00,0,0,0,FMN GV 18 Kasterlee
84,Oudemolsedijk,2020-12-02,04:00:00,1,1,0,FMN GV 18 Kasterlee
84,Oudemolsedijk,2020-12-02,05:00:00,0,0,0,FMN GV 18 Kasterlee
84,Oudemolsedijk,2020-12-02,06:00:00,10,2,8,FMN GV 18 Kasterlee
84,Oudemolsedijk,2020-12-02,07:00:00,10,5,5,FMN GV 18 Kasterlee
84,Oudemolsedijk,2020-12-02,08:00:00,15,8,7,FMN GV 18 Kasterlee
84,Oudemolsedijk,2020-12-02,09:00:00,6,4,2,FMN GV 18 Kasterlee
84,Oudemolsedijk,2020-12-02,10:00:00,12,6,6,FMN GV 18 Kasterlee
84,Oudemolsedijk,2020-12-02,11:00:00,18,6,12,FMN GV 18 Kasterlee
84,Oudemolsedijk,2020-12-02,12:00:00,28,14,14,FMN GV 18 Kasterlee
84,Oudemolsedijk,2020-12-02,13:00:00,30,18,12,FMN GV 18 Kasterlee
84,Oudemolsedijk,2020-12-02,14:00:00,27,16,11,FMN GV 18 Kasterlee
84,Oudemolsedijk,2020-12-02,15:00:00,30,18,12,FMN GV 18 Kasterlee
84,Oudemolsedijk,2020-12-02,16:00:00,24,13,11,FMN GV 18 Kasterlee
84,Oudemolsedijk,2020-12-02,17:00:00,8,5,3,FMN GV 18 Kasterlee
84,Oudemolsedijk,2020-12-02,18:00:00,7,3,4,FMN GV 18 Kasterlee
84,Oudemolsedijk,2020-12-02,19:00:00,5,5,0,FMN GV 18 Kasterlee
84,Oudemolsedijk,2020-12-02,20:00:00,16,9,7,FMN GV 18 Kasterlee
84,Oudemolsedijk,2020-12-02,21:00:00,5,0,5,FMN GV 18 Kasterlee
84,Oudemolsedijk,2020-12-02,22:00:00,7,1,6,FMN GV 18 Kasterlee
84,Oudemolsedijk,2020-12-02,23:00:00,0,0,0,FMN GV 18 Kasterlee
84,Oudemolsedijk,2020-12-03,00:00:00,0,0,0,FMN GV 18 Kasterlee
84,Oudemolsedijk,2020-12-03,01:00:00,0,0,0,FMN GV 18 Kasterlee
84,Oudemolsedijk,2020-12-03,02:00:00,0,0,0,FMN GV 18 Kasterlee
84,Oudemolsedijk,2020-12-03,03:00:00,0,0,0,FMN GV 18 Kasterlee
84,Oudemolsedijk,2020-12-03,04:00:00,0,0,0,FMN GV 18 Kasterlee
84,Oudemolsedijk,2020-12-03,05:00:00,1,1,0,FMN GV 18 Kasterlee
84,Oudemolsedijk,2020-12-03,06:00:00,3,0,3,FMN GV 18 Kasterlee
84,Oudemolsedijk,2020-12-03,07:00:00,9,3,6,FMN GV 18 Kasterlee
84,Oudemolsedijk,2020-12-03,08:00:00,4,2,2,FMN GV 18 Kasterlee
84,Oudemolsedijk,2020-12-03,09:00:00,6,3,3,FMN GV 18 Kasterlee
84,Oudemolsedijk,2020-12-03,10:00:00,7,1,6,FMN GV 18 Kasterlee
84,Oudemolsedijk,2020-12-03,11:00:00,1,0,1,FMN GV 18 Kasterlee
84,Oudemolsedijk,2020-12-03,12:00:00,7,5,2,FMN GV 18 Kasterlee
84,Oudemolsedijk,2020-12-03,13:00:00,4,2,2,FMN GV 18 Kasterlee
84,Oudemolsedijk,2020-12-03,14:00:00,2,1,1,FMN GV 18 Kasterlee
84,Oudemolsedijk,2020-12-03,15:00:00,9,3,6,FMN GV 18 Kasterlee
84,Oudemolsedijk,2020-12-03,16:00:00,8,3,5,FMN GV 18 Kasterlee
84,Oudemolsedijk,2020-12-03,17:00:00,7,3,4,FMN GV 18 Kasterlee
84,Oudemolsedijk,2020-12-03,18:00:00,3,2,1,FMN GV 18 Kasterlee
84,Oudemolsedijk,2020-12-03,19:00:00,2,0,2,FMN GV 18 Kasterlee
84,Oudemolsedijk,2020-12-03,20:00:00,6,4,2,FMN GV 18 Kasterlee
84,Oudemolsedijk,2020-12-03,21:00:00,2,1,1,FMN GV 18 Kasterlee
84,Oudemolsedijk,2020-12-03,22:00:00,1,0,1,FMN GV 18 Kasterlee
84,Oudemolsedijk,2020-12-03,23:00:00,0,0,0,FMN GV 18 Kasterlee
84,Oudemolsedijk,2020-12-04,00:00:00,0,0,0,FMN GV 18 Kasterlee
84,Oudemolsedijk,2020-12-04,01:00:00,0,0,0,FMN GV 18 Kasterlee
84,Oudemolsedijk,2020-12-04,02:00:00,0,0,0,FMN GV 18 Kasterlee
84,Oudemolsedijk,2020-12-04,03:00:00,0,0,0,FMN GV 18 Kasterlee
84,Oudemolsedijk,2020-12-04,04:00:00,0,0,0,FMN GV 18 Kasterlee
84,Oudemolsedijk,2020-12-04,05:00:00,0,0,0,FMN GV 18 Kasterlee
84,Oudemolsedijk,2020-12-04,06:00:00,4,0,4,FMN GV 18 Kasterlee
84,Oudemolsedijk,2020-12-04,07:00:00,7,4,3,FMN GV 18 Kasterlee
84,Oudemolsedijk,2020-12-04,08:00:00,8,6,2,FMN GV 18 Kasterlee
84,Oudemolsedijk,2020-12-04,09:00:00,5,3,2,FMN GV 18 Kasterlee
84,Oudemolsedijk,2020-12-04,10:00:00,6,4,2,FMN GV 18 Kasterlee
84,Oudemolsedijk,2020-12-04,11:00:00,8,4,4,FMN GV 18 Kasterlee
84,Oudemolsedijk,2020-12-04,12:00:00,13,7,6,FMN GV 18 Kasterlee
84,Oudemolsedijk,2020-12-04,13:00:00,14,12,2,FMN GV 18 Kasterlee
84,Oudemolsedijk,2020-12-04,14:00:00,29,9,20,FMN GV 18 Kasterlee
84,Oudemolsedijk,2020-12-04,15:00:00,25,15,10,FMN GV 18 Kasterlee
84,Oudemolsedijk,2020-12-04,16:00:00,18,5,13,FMN GV 18 Kasterlee
84,Oudemolsedijk,2020-12-04,17:00:00,11,7,4,FMN GV 18 Kasterlee
84,Oudemolsedijk,2020-12-04,18:00:00,4,1,3,FMN GV 18 Kasterlee
84,Oudemolsedijk,2020-12-04,19:00:00,3,3,0,FMN GV 18 Kasterlee
84,Oudemolsedijk,2020-12-04,20:00:00,0,0,0,FMN GV 18 Kasterlee
84,Oudemolsedijk,2020-12-04,21:00:00,0,0,0,FMN GV 18 Kasterlee
84,Oudemolsedijk,2020-12-04,22:00:00,4,1,3,FMN GV 18 Kasterlee
84,Oudemolsedijk,2020-12-04,23:00:00,2,2,0,FMN GV 18 Kasterlee
84,Oudemolsedijk,2020-12-05,00:00:00,0,0,0,FMN GV 18 Kasterlee
84,Oudemolsedijk,2020-12-05,01:00:00,0,0,0,FMN GV 18 Kasterlee
84,Oudemolsedijk,2020-12-05,02:00:00,1,0,1,FMN GV 18 Kasterlee
84,Oudemolsedijk,2020-12-05,03:00:00,0,0,0,FMN GV 18 Kasterlee
84,Oudemolsedijk,2020-12-05,04:00:00,0,0,0,FMN GV 18 Kasterlee
84,Oudemolsedijk,2020-12-05,05:00:00,0,0,0,FMN GV 18 Kasterlee
84,Oudemolsedijk,2020-12-05,06:00:00,1,1,0,FMN GV 18 Kasterlee
84,Oudemolsedijk,2020-12-05,07:00:00,1,1,0,FMN GV 18 Kasterlee
84,Oudemolsedijk,2020-12-05,08:00:00,7,5,2,FMN GV 18 Kasterlee
84,Oudemolsedijk,2020-12-05,09:00:00,13,6,7,FMN GV 18 Kasterlee
84,Oudemolsedijk,2020-12-05,10:00:00,20,7,13,FMN GV 18 Kasterlee
84,Oudemolsedijk,2020-12-05,11:00:00,27,12,15,FMN GV 18 Kasterlee
84,Oudemolsedijk,2020-12-05,12:00:00,27,13,14,FMN GV 18 Kasterlee
84,Oudemolsedijk,2020-12-05,13:00:00,58,32,26,FMN GV 18 Kasterlee
84,Oudemolsedijk,2020-12-05,14:00:00,71,30,41,FMN GV 18 Kasterlee
84,Oudemolsedijk,2020-12-05,15:00:00,44,32,12,FMN GV 18 Kasterlee
84,Oudemolsedijk,2020-12-05,16:00:00,15,9,6,FMN GV 18 Kasterlee
84,Oudemolsedijk,2020-12-05,17:00:00,4,1,3,FMN GV 18 Kasterlee
84,Oudemolsedijk,2020-12-05,18:00:00,1,0,1,FMN GV 18 Kasterlee
84,Oudemolsedijk,2020-12-05,19:00:00,1,0,1,FMN GV 18 Kasterlee
84,Oudemolsedijk,2020-12-05,20:00:00,1,0,1,FMN GV 18 Kasterlee
84,Oudemolsedijk,2020-12-05,21:00:00,0,0,0,FMN GV 18 Kasterlee
84,Oudemolsedijk,2020-12-05,22:00:00,0,0,0,FMN GV 18 Kasterlee
84,Oudemolsedijk,2020-12-05,23:00:00,0,0,0,FMN GV 18 Kasterlee
84,Oudemolsedijk,2020-12-06,00:00:00,0,0,0,FMN GV 18 Kasterlee
84,Oudemolsedijk,2020-12-06,01:00:00,0,0,0,FMN GV 18 Kasterlee
84,Oudemolsedijk,2020-12-06,02:00:00,0,0,0,FMN GV 18 Kasterlee
84,Oudemolsedijk,2020-12-06,03:00:00,0,0,0,FMN GV 18 Kasterlee
84,Oudemolsedijk,2020-12-06,04:00:00,0,0,0,FMN GV 18 Kasterlee
84,Oudemolsedijk,2020-12-06,05:00:00,0,0,0,FMN GV 18 Kasterlee
84,Oudemolsedijk,2020-12-06,06:00:00,0,0,0,FMN GV 18 Kasterlee
84,Oudemolsedijk,2020-12-06,07:00:00,0,0,0,FMN GV 18 Kasterlee
84,Oudemolsedijk,2020-12-06,08:00:00,9,0,9,FMN GV 18 Kasterlee
84,Oudemolsedijk,2020-12-06,09:00:00,16,7,9,FMN GV 18 Kasterlee
84,Oudemolsedijk,2020-12-06,10:00:00,44,30,14,FMN GV 18 Kasterlee
84,Oudemolsedijk,2020-12-06,11:00:00,35,23,12,FMN GV 18 Kasterlee
84,Oudemolsedijk,2020-12-06,12:00:00,23,19,4,FMN GV 18 Kasterlee
84,Oudemolsedijk,2020-12-06,13:00:00,30,16,14,FMN GV 18 Kasterlee
84,Oudemolsedijk,2020-12-06,14:00:00,35,12,23,FMN GV 18 Kasterlee
84,Oudemolsedijk,2020-12-06,15:00:00,21,12,9,FMN GV 18 Kasterlee
84,Oudemolsedijk,2020-12-06,16:00:00,9,5,4,FMN GV 18 Kasterlee
84,Oudemolsedijk,2020-12-06,17:00:00,1,1,0,FMN GV 18 Kasterlee
84,Oudemolsedijk,2020-12-06,18:00:00,1,0,1,FMN GV 18 Kasterlee
84,Oudemolsedijk,2020-12-06,19:00:00,0,0,0,FMN GV 18 Kasterlee
84,Oudemolsedijk,2020-12-06,20:00:00,1,0,1,FMN GV 18 Kasterlee
84,Oudemolsedijk,2020-12-06,21:00:00,0,0,0,FMN GV 18 Kasterlee
84,Oudemolsedijk,2020-12-06,22:00:00,0,0,0,FMN GV 18 Kasterlee
84,Oudemolsedijk,2020-12-06,23:00:00,0,0,0,FMN GV 18 Kasterlee
84,Oudemolsedijk,2020-12-07,00:00:00,0,0,0,FMN GV 18 Kasterlee
84,Oudemolsedijk,2020-12-07,01:00:00,0,0,0,FMN GV 18 Kasterlee
84,Oudemolsedijk,2020-12-07,02:00:00,0,0,0,FMN GV 18 Kasterlee
84,Oudemolsedijk,2020-12-07,03:00:00,0,0,0,FMN GV 18 Kasterlee
84,Oudemolsedijk,2020-12-07,04:00:00,0,0,0,FMN GV 18 Kasterlee
84,Oudemolsedijk,2020-12-07,05:00:00,3,3,0,FMN GV 18 Kasterlee
84,Oudemolsedijk,2020-12-07,06:00:00,4,0,4,FMN GV 18 Kasterlee
84,Oudemolsedijk,2020-12-07,07:00:00,5,2,3,FMN GV 18 Kasterlee
84,Oudemolsedijk,2020-12-07,08:00:00,7,6,1,FMN GV 18 Kasterlee
84,Oudemolsedijk,2020-12-07,09:00:00,3,3,0,FMN GV 18 Kasterlee
84,Oudemolsedijk,2020-12-07,10:00:00,2,1,1,FMN GV 18 Kasterlee
84,Oudemolsedijk,2020-12-07,11:00:00,2,1,1,FMN GV 18 Kasterlee
84,Oudemolsedijk,2020-12-07,12:00:00,7,5,2,FMN GV 18 Kasterlee
84,Oudemolsedijk,2020-12-07,13:00:00,7,6,1,FMN GV 18 Kasterlee
84,Oudemolsedijk,2020-12-07,14:00:00,8,2,6,FMN GV 18 Kasterlee
84,Oudemolsedijk,2020-12-07,15:00:00,9,6,3,FMN GV 18 Kasterlee
84,Oudemolsedijk,2020-12-07,16:00:00,16,8,8,FMN GV 18 Kasterlee
84,Oudemolsedijk,2020-12-07,17:00:00,4,3,1,FMN GV 18 Kasterlee
84,Oudemolsedijk,2020-12-07,18:00:00,3,0,3,FMN GV 18 Kasterlee
84,Oudemolsedijk,2020-12-07,19:00:00,1,0,1,FMN GV 18 Kasterlee
84,Oudemolsedijk,2020-12-07,20:00:00,1,1,0,FMN GV 18 Kasterlee
84,Oudemolsedijk,2020-12-07,21:00:00,1,1,0,FMN GV 18 Kasterlee
84,Oudemolsedijk,2020-12-07,22:00:00,0,0,0,FMN GV 18 Kasterlee
84,Oudemolsedijk,2020-12-07,23:00:00,0,0,0,FMN GV 18 Kasterlee
84,Oudemolsedijk,2020-12-08,00:00:00,0,0,0,FMN GV 18 Kasterlee
84,Oudemolsedijk,2020-12-08,01:00:00,0,0,0,FMN GV 18 Kasterlee
84,Oudemolsedijk,2020-12-08,02:00:00,0,0,0,FMN GV 18 Kasterlee
84,Oudemolsedijk,2020-12-08,03:00:00,0,0,0,FMN GV 18 Kasterlee
84,Oudemolsedijk,2020-12-08,04:00:00,0,0,0,FMN GV 18 Kasterlee
84,Oudemolsedijk,2020-12-08,05:00:00,10,8,2,FMN GV 18 Kasterlee
84,Oudemolsedijk,2020-12-08,06:00:00,5,0,5,FMN GV 18 Kasterlee
84,Oudemolsedijk,2020-12-08,07:00:00,8,3,5,FMN GV 18 Kasterlee
84,Oudemolsedijk,2020-12-08,08:00:00,9,4,5,FMN GV 18 Kasterlee
84,Oudemolsedijk,2020-12-08,09:00:00,5,3,2,FMN GV 18 Kasterlee
84,Oudemolsedijk,2020-12-08,10:00:00,10,2,8,FMN GV 18 Kasterlee
84,Oudemolsedijk,2020-12-08,11:00:00,14,11,3,FMN GV 18 Kasterlee
84,Oudemolsedijk,2020-12-08,12:00:00,14,7,7,FMN GV 18 Kasterlee
84,Oudemolsedijk,2020-12-08,13:00:00,47,19,28,FMN GV 18 Kasterlee
84,Oudemolsedijk,2020-12-08,14:00:00,57,28,29,FMN GV 18 Kasterlee
84,Oudemolsedijk,2020-12-08,15:00:00,23,18,5,FMN GV 18 Kasterlee
84,Oudemolsedijk,2020-12-08,16:00:00,17,11,6,FMN GV 18 Kasterlee
84,Oudemolsedijk,2020-12-08,17:00:00,12,8,4,FMN GV 18 Kasterlee
84,Oudemolsedijk,2020-12-08,18:00:00,6,3,3,FMN GV 18 Kasterlee
84,Oudemolsedijk,2020-12-08,19:00:00,4,4,0,FMN GV 18 Kasterlee
84,Oudemolsedijk,2020-12-08,20:00:00,4,3,1,FMN GV 18 Kasterlee
84,Oudemolsedijk,2020-12-08,21:00:00,0,0,0,FMN GV 18 Kasterlee
84,Oudemolsedijk,2020-12-08,22:00:00,1,0,1,FMN GV 18 Kasterlee
84,Oudemolsedijk,2020-12-08,23:00:00,0,0,0,FMN GV 18 Kasterlee
84,Oudemolsedijk,2020-12-09,00:00:00,0,0,0,FMN GV 18 Kasterlee
84,Oudemolsedijk,2020-12-09,01:00:00,0,0,0,FMN GV 18 Kasterlee
84,Oudemolsedijk,2020-12-09,02:00:00,0,0,0,FMN GV 18 Kasterlee
84,Oudemolsedijk,2020-12-09,03:00:00,0,0,0,FMN GV 18 Kasterlee
84,Oudemolsedijk,2020-12-09,04:00:00,0,0,0,FMN GV 18 Kasterlee
84,Oudemolsedijk,2020-12-09,05:00:00,4,4,0,FMN GV 18 Kasterlee
84,Oudemolsedijk,2020-12-09,06:00:00,6,1,5,FMN GV 18 Kasterlee
84,Oudemolsedijk,2020-12-09,07:00:00,5,3,2,FMN GV 18 Kasterlee
84,Oudemolsedijk,2020-12-09,08:00:00,8,5,3,FMN GV 18 Kasterlee
84,Oudemolsedijk,2020-12-09,09:00:00,5,4,1,FMN GV 18 Kasterlee
84,Oudemolsedijk,2020-12-09,10:00:00,2,1,1,FMN GV 18 Kasterlee
84,Oudemolsedijk,2020-12-09,11:00:00,3,3,0,FMN GV 18 Kasterlee
84,Oudemolsedijk,2020-12-09,12:00:00,8,2,6,FMN GV 18 Kasterlee
84,Oudemolsedijk,2020-12-09,13:00:00,12,9,3,FMN GV 18 Kasterlee
84,Oudemolsedijk,2020-12-09,14:00:00,25,13,12,FMN GV 18 Kasterlee
84,Oudemolsedijk,2020-12-09,15:00:00,24,11,13,FMN GV 18 Kasterlee
84,Oudemolsedijk,2020-12-09,16:00:00,12,6,6,FMN GV 18 Kasterlee
84,Oudemolsedijk,2020-12-09,17:00:00,7,3,4,FMN GV 18 Kasterlee
84,Oudemolsedijk,2020-12-09,18:00:00,5,1,4,FMN GV 18 Kasterlee
84,Oudemolsedijk,2020-12-09,19:00:00,3,3,0,FMN GV 18 Kasterlee
84,Oudemolsedijk,2020-12-09,20:00:00,16,10,6,FMN GV 18 Kasterlee
84,Oudemolsedijk,2020-12-09,21:00:00,0,0,0,FMN GV 18 Kasterlee
84,Oudemolsedijk,2020-12-09,22:00:00,0,0,0,FMN GV 18 Kasterlee
84,Oudemolsedijk,2020-12-09,23:00:00,0,0,0,FMN GV 18 Kasterlee
84,Oudemolsedijk,2020-12-10,00:00:00,0,0,0,FMN GV 18 Kasterlee
84,Oudemolsedijk,2020-12-10,01:00:00,0,0,0,FMN GV 18 Kasterlee
84,Oudemolsedijk,2020-12-10,02:00:00,0,0,0,FMN GV 18 Kasterlee
84,Oudemolsedijk,2020-12-10,03:00:00,0,0,0,FMN GV 18 Kasterlee
84,Oudemolsedijk,2020-12-10,04:00:00,1,1,0,FMN GV 18 Kasterlee
84,Oudemolsedijk,2020-12-10,05:00:00,5,5,0,FMN GV 18 Kasterlee
84,Oudemolsedijk,2020-12-10,06:00:00,5,1,4,FMN GV 18 Kasterlee
84,Oudemolsedijk,2020-12-10,07:00:00,9,6,3,FMN GV 18 Kasterlee
84,Oudemolsedijk,2020-12-10,08:00:00,7,4,3,FMN GV 18 Kasterlee
84,Oudemolsedijk,2020-12-10,09:00:00,9,5,4,FMN GV 18 Kasterlee
84,Oudemolsedijk,2020-12-10,10:00:00,14,6,8,FMN GV 18 Kasterlee
84,Oudemolsedijk,2020-12-10,11:00:00,8,6,2,FMN GV 18 Kasterlee
84,Oudemolsedijk,2020-12-10,12:00:00,27,13,14,FMN GV 18 Kasterlee
84,Oudemolsedijk,2020-12-10,13:00:00,35,12,23,FMN GV 18 Kasterlee
84,Oudemolsedijk,2020-12-10,14:00:00,71,31,40,FMN GV 18 Kasterlee
84,Oudemolsedijk,2020-12-10,15:00:00,27,16,11,FMN GV 18 Kasterlee
84,Oudemolsedijk,2020-12-10,16:00:00,21,14,7,FMN GV 18 Kasterlee
84,Oudemolsedijk,2020-12-10,17:00:00,7,4,3,FMN GV 18 Kasterlee
84,Oudemolsedijk,2020-12-10,18:00:00,1,1,0,FMN GV 18 Kasterlee
84,Oudemolsedijk,2020-12-10,19:00:00,1,0,1,FMN GV 18 Kasterlee
84,Oudemolsedijk,2020-12-10,20:00:00,1,0,1,FMN GV 18 Kasterlee
84,Oudemolsedijk,2020-12-10,21:00:00,1,1,0,FMN GV 18 Kasterlee
84,Oudemolsedijk,2020-12-10,22:00:00,2,0,2,FMN GV 18 Kasterlee
84,Oudemolsedijk,2020-12-10,23:00:00,0,0,0,FMN GV 18 Kasterlee
84,Oudemolsedijk,2020-12-11,00:00:00,0,0,0,FMN GV 18 Kasterlee
84,Oudemolsedijk,2020-12-11,01:00:00,0,0,0,FMN GV 18 Kasterlee
84,Oudemolsedijk,2020-12-11,02:00:00,0,0,0,FMN GV 18 Kasterlee
84,Oudemolsedijk,2020-12-11,03:00:00,0,0,0,FMN GV 18 Kasterlee
84,Oudemolsedijk,2020-12-11,04:00:00,0,0,0,FMN GV 18 Kasterlee
84,Oudemolsedijk,2020-12-11,05:00:00,1,1,0,FMN GV 18 Kasterlee
84,Oudemolsedijk,2020-12-11,06:00:00,2,0,2,FMN GV 18 Kasterlee
84,Oudemolsedijk,2020-12-11,07:00:00,6,3,3,FMN GV 18 Kasterlee
84,Oudemolsedijk,2020-12-11,08:00:00,10,6,4,FMN GV 18 Kasterlee
84,Oudemolsedijk,2020-12-11,09:00:00,2,0,2,FMN GV 18 Kasterlee
84,Oudemolsedijk,2020-12-11,10:00:00,2,2,0,FMN GV 18 Kasterlee
84,Oudemolsedijk,2020-12-11,11:00:00,2,0,2,FMN GV 18 Kasterlee
84,Oudemolsedijk,2020-12-11,12:00:00,8,4,4,FMN GV 18 Kasterlee
84,Oudemolsedijk,2020-12-11,13:00:00,4,2,2,FMN GV 18 Kasterlee
84,Oudemolsedijk,2020-12-11,14:00:00,2,1,1,FMN GV 18 Kasterlee
84,Oudemolsedijk,2020-12-11,15:00:00,1,0,1,FMN GV 18 Kasterlee
84,Oudemolsedijk,2020-12-11,16:00:00,7,2,5,FMN GV 18 Kasterlee
84,Oudemolsedijk,2020-12-11,17:00:00,6,2,4,FMN GV 18 Kasterlee
84,Oudemolsedijk,2020-12-11,18:00:00,1,1,0,FMN GV 18 Kasterlee
84,Oudemolsedijk,2020-12-11,19:00:00,1,0,1,FMN GV 18 Kasterlee
84,Oudemolsedijk,2020-12-11,20:00:00,0,0,0,FMN GV 18 Kasterlee
84,Oudemolsedijk,2020-12-11,21:00:00,0,0,0,FMN GV 18 Kasterlee
84,Oudemolsedijk,2020-12-11,22:00:00,1,1,0,FMN GV 18 Kasterlee
84,Oudemolsedijk,2020-12-11,23:00:00,0,0,0,FMN GV 18 Kasterlee
84,Oudemolsedijk,2020-12-12,00:00:00,0,0,0,FMN GV 18 Kasterlee
84,Oudemolsedijk,2020-12-12,01:00:00,1,0,1,FMN GV 18 Kasterlee
84,Oudemolsedijk,2020-12-12,02:00:00,0,0,0,FMN GV 18 Kasterlee
84,Oudemolsedijk,2020-12-12,03:00:00,0,0,0,FMN GV 18 Kasterlee
84,Oudemolsedijk,2020-12-12,04:00:00,0,0,0,FMN GV 18 Kasterlee
84,Oudemolsedijk,2020-12-12,05:00:00,1,1,0,FMN GV 18 Kasterlee
84,Oudemolsedijk,2020-12-12,06:00:00,0,0,0,FMN GV 18 Kasterlee
84,Oudemolsedijk,2020-12-12,07:00:00,0,0,0,FMN GV 18 Kasterlee
84,Oudemolsedijk,2020-12-12,08:00:00,4,1,3,FMN GV 18 Kasterlee
84,Oudemolsedijk,2020-12-12,09:00:00,10,7,3,FMN GV 18 Kasterlee
84,Oudemolsedijk,2020-12-12,10:00:00,13,5,8,FMN GV 18 Kasterlee
84,Oudemolsedijk,2020-12-12,11:00:00,25,13,12,FMN GV 18 Kasterlee
84,Oudemolsedijk,2020-12-12,12:00:00,18,8,10,FMN GV 18 Kasterlee
84,Oudemolsedijk,2020-12-12,13:00:00,23,14,9,FMN GV 18 Kasterlee
84,Oudemolsedijk,2020-12-12,14:00:00,20,15,5,FMN GV 18 Kasterlee
84,Oudemolsedijk,2020-12-12,15:00:00,27,15,12,FMN GV 18 Kasterlee
84,Oudemolsedijk,2020-12-12,16:00:00,5,2,3,FMN GV 18 Kasterlee
84,Oudemolsedijk,2020-12-12,17:00:00,2,1,1,FMN GV 18 Kasterlee
84,Oudemolsedijk,2020-12-12,18:00:00,3,0,3,FMN GV 18 Kasterlee
84,Oudemolsedijk,2020-12-12,19:00:00,0,0,0,FMN GV 18 Kasterlee
84,Oudemolsedijk,2020-12-12,20:00:00,0,0,0,FMN GV 18 Kasterlee
84,Oudemolsedijk,2020-12-12,21:00:00,0,0,0,FMN GV 18 Kasterlee
84,Oudemolsedijk,2020-12-12,22:00:00,0,0,0,FMN GV 18 Kasterlee
84,Oudemolsedijk,2020-12-12,23:00:00,0,0,0,FMN GV 18 Kasterlee
84,Oudemolsedijk,2020-12-13,00:00:00,0,0,0,FMN GV 18 Kasterlee
84,Oudemolsedijk,2020-12-13,01:00:00,1,0,1,FMN GV 18 Kasterlee
84,Oudemolsedijk,2020-12-13,02:00:00,0,0,0,FMN GV 18 Kasterlee
84,Oudemolsedijk,2020-12-13,03:00:00,3,3,0,FMN GV 18 Kasterlee
84,Oudemolsedijk,2020-12-13,04:00:00,0,0,0,FMN GV 18 Kasterlee
84,Oudemolsedijk,2020-12-13,05:00:00,0,0,0,FMN GV 18 Kasterlee
84,Oudemolsedijk,2020-12-13,06:00:00,0,0,0,FMN GV 18 Kasterlee
84,Oudemolsedijk,2020-12-13,07:00:00,1,1,0,FMN GV 18 Kasterlee
84,Oudemolsedijk,2020-12-13,08:00:00,19,6,13,FMN GV 18 Kasterlee
84,Oudemolsedijk,2020-12-13,09:00:00,54,23,31,FMN GV 18 Kasterlee
84,Oudemolsedijk,2020-12-13,10:00:00,71,39,32,FMN GV 18 Kasterlee
84,Oudemolsedijk,2020-12-13,11:00:00,102,72,30,FMN GV 18 Kasterlee
84,Oudemolsedijk,2020-12-13,12:00:00,50,21,29,FMN GV 18 Kasterlee
84,Oudemolsedijk,2020-12-13,13:00:00,53,30,23,FMN GV 18 Kasterlee
84,Oudemolsedijk,2020-12-13,14:00:00,88,47,41,FMN GV 18 Kasterlee
84,Oudemolsedijk,2020-12-13,15:00:00,36,21,15,FMN GV 18 Kasterlee
84,Oudemolsedijk,2020-12-13,16:00:00,7,6,1,FMN GV 18 Kasterlee
84,Oudemolsedijk,2020-12-13,17:00:00,2,2,0,FMN GV 18 Kasterlee
84,Oudemolsedijk,2020-12-13,18:00:00,1,0,1,FMN GV 18 Kasterlee
84,Oudemolsedijk,2020-12-13,19:00:00,0,0,0,FMN GV 18 Kasterlee
84,Oudemolsedijk,2020-12-13,20:00:00,1,1,0,FMN GV 18 Kasterlee
84,Oudemolsedijk,2020-12-13,21:00:00,0,0,0,FMN GV 18 Kasterlee
84,Oudemolsedijk,2020-12-13,22:00:00,0,0,0,FMN GV 18 Kasterlee
84,Oudemolsedijk,2020-12-13,23:00:00,0,0,0,FMN GV 18 Kasterlee
84,Oudemolsedijk,2020-12-14,00:00:00,0,0,0,FMN GV 18 Kasterlee
84,Oudemolsedijk,2020-12-14,01:00:00,0,0,0,FMN GV 18 Kasterlee
84,Oudemolsedijk,2020-12-14,02:00:00,0,0,0,FMN GV 18 Kasterlee
84,Oudemolsedijk,2020-12-14,03:00:00,0,0,0,FMN GV 18 Kasterlee
84,Oudemolsedijk,2020-12-14,04:00:00,0,0,0,FMN GV 18 Kasterlee
84,Oudemolsedijk,2020-12-14,05:00:00,1,1,0,FMN GV 18 Kasterlee
84,Oudemolsedijk,2020-12-14,06:00:00,2,0,2,FMN GV 18 Kasterlee
84,Oudemolsedijk,2020-12-14,07:00:00,7,3,4,FMN GV 18 Kasterlee
84,Oudemolsedijk,2020-12-14,08:00:00,7,4,3,FMN GV 18 Kasterlee
84,Oudemolsedijk,2020-12-14,09:00:00,7,6,1,FMN GV 18 Kasterlee
84,Oudemolsedijk,2020-12-14,10:00:00,4,2,2,FMN GV 18 Kasterlee
84,Oudemolsedijk,2020-12-14,11:00:00,6,0,6,FMN GV 18 Kasterlee
84,Oudemolsedijk,2020-12-14,12:00:00,16,10,6,FMN GV 18 Kasterlee
84,Oudemolsedijk,2020-12-14,13:00:00,26,9,17,FMN GV 18 Kasterlee
84,Oudemolsedijk,2020-12-14,14:00:00,20,11,9,FMN GV 18 Kasterlee
84,Oudemolsedijk,2020-12-14,15:00:00,18,10,8,FMN GV 18 Kasterlee
84,Oudemolsedijk,2020-12-14,16:00:00,16,9,7,FMN GV 18 Kasterlee
84,Oudemolsedijk,2020-12-14,17:00:00,5,3,2,FMN GV 18 Kasterlee
84,Oudemolsedijk,2020-12-14,18:00:00,1,1,0,FMN GV 18 Kasterlee
84,Oudemolsedijk,2020-12-14,19:00:00,0,0,0,FMN GV 18 Kasterlee
84,Oudemolsedijk,2020-12-14,20:00:00,0,0,0,FMN GV 18 Kasterlee
84,Oudemolsedijk,2020-12-14,21:00:00,1,0,1,FMN GV 18 Kasterlee
84,Oudemolsedijk,2020-12-14,22:00:00,1,0,1,FMN GV 18 Kasterlee
84,Oudemolsedijk,2020-12-14,23:00:00,3,3,0,FMN GV 18 Kasterlee
84,Oudemolsedijk,2020-12-15,00:00:00,0,0,0,FMN GV 18 Kasterlee
84,Oudemolsedijk,2020-12-15,01:00:00,0,0,0,FMN GV 18 Kasterlee
84,Oudemolsedijk,2020-12-15,02:00:00,0,0,0,FMN GV 18 Kasterlee
84,Oudemolsedijk,2020-12-15,03:00:00,0,0,0,FMN GV 18 Kasterlee
84,Oudemolsedijk,2020-12-15,04:00:00,0,0,0,FMN GV 18 Kasterlee
84,Oudemolsedijk,2020-12-15,05:00:00,0,0,0,FMN GV 18 Kasterlee
84,Oudemolsedijk,2020-12-15,06:00:00,3,0,3,FMN GV 18 Kasterlee
84,Oudemolsedijk,2020-12-15,07:00:00,5,1,4,FMN GV 18 Kasterlee
84,Oudemolsedijk,2020-12-15,08:00:00,3,2,1,FMN GV 18 Kasterlee
84,Oudemolsedijk,2020-12-15,09:00:00,9,7,2,FMN GV 18 Kasterlee
84,Oudemolsedijk,2020-12-15,10:00:00,8,4,4,FMN GV 18 Kasterlee
84,Oudemolsedijk,2020-12-15,11:00:00,6,4,2,FMN GV 18 Kasterlee
84,Oudemolsedijk,2020-12-15,12:00:00,4,2,2,FMN GV 18 Kasterlee
84,Oudemolsedijk,2020-12-15,13:00:00,2,1,1,FMN GV 18 Kasterlee
84,Oudemolsedijk,2020-12-15,14:00:00,5,3,2,FMN GV 18 Kasterlee
84,Oudemolsedijk,2020-12-15,15:00:00,8,7,1,FMN GV 18 Kasterlee
84,Oudemolsedijk,2020-12-15,16:00:00,6,3,3,FMN GV 18 Kasterlee
84,Oudemolsedijk,2020-12-15,17:00:00,8,4,4,FMN GV 18 Kasterlee
84,Oudemolsedijk,2020-12-15,18:00:00,8,4,4,FMN GV 18 Kasterlee
84,Oudemolsedijk,2020-12-15,19:00:00,4,4,0,FMN GV 18 Kasterlee
84,Oudemolsedijk,2020-12-15,20:00:00,3,2,1,FMN GV 18 Kasterlee
84,Oudemolsedijk,2020-12-15,21:00:00,2,1,1,FMN GV 18 Kasterlee
84,Oudemolsedijk,2020-12-15,22:00:00,0,0,0,FMN GV 18 Kasterlee
84,Oudemolsedijk,2020-12-15,23:00:00,0,0,0,FMN GV 18 Kasterlee
84,Oudemolsedijk,2020-12-16,00:00:00,0,0,0,FMN GV 18 Kasterlee
84,Oudemolsedijk,2020-12-16,01:00:00,0,0,0,FMN GV 18 Kasterlee
84,Oudemolsedijk,2020-12-16,02:00:00,0,0,0,FMN GV 18 Kasterlee
84,Oudemolsedijk,2020-12-16,03:00:00,0,0,0,FMN GV 18 Kasterlee
84,Oudemolsedijk,2020-12-16,04:00:00,0,0,0,FMN GV 18 Kasterlee
84,Oudemolsedijk,2020-12-16,05:00:00,0,0,0,FMN GV 18 Kasterlee
84,Oudemolsedijk,2020-12-16,06:00:00,9,2,7,FMN GV 18 Kasterlee
84,Oudemolsedijk,2020-12-16,07:00:00,9,4,5,FMN GV 18 Kasterlee
84,Oudemolsedijk,2020-12-16,08:00:00,10,6,4,FMN GV 18 Kasterlee
84,Oudemolsedijk,2020-12-16,09:00:00,15,9,6,FMN GV 18 Kasterlee
84,Oudemolsedijk,2020-12-16,10:00:00,24,8,16,FMN GV 18 Kasterlee
84,Oudemolsedijk,2020-12-16,11:00:00,25,16,9,FMN GV 18 Kasterlee
84,Oudemolsedijk,2020-12-16,12:00:00,41,14,27,FMN GV 18 Kasterlee
84,Oudemolsedijk,2020-12-16,13:00:00,53,24,29,FMN GV 18 Kasterlee
84,Oudemolsedijk,2020-12-16,14:00:00,79,38,41,FMN GV 18 Kasterlee
84,Oudemolsedijk,2020-12-16,15:00:00,66,41,25,FMN GV 18 Kasterlee
84,Oudemolsedijk,2020-12-16,16:00:00,22,14,8,FMN GV 18 Kasterlee
84,Oudemolsedijk,2020-12-16,17:00:00,7,2,5,FMN GV 18 Kasterlee
84,Oudemolsedijk,2020-12-16,18:00:00,2,1,1,FMN GV 18 Kasterlee
84,Oudemolsedijk,2020-12-16,19:00:00,5,2,3,FMN GV 18 Kasterlee
84,Oudemolsedijk,2020-12-16,20:00:00,13,5,8,FMN GV 18 Kasterlee
84,Oudemolsedijk,2020-12-16,21:00:00,4,4,0,FMN GV 18 Kasterlee
84,Oudemolsedijk,2020-12-16,22:00:00,4,1,3,FMN GV 18 Kasterlee
84,Oudemolsedijk,2020-12-16,23:00:00,0,0,0,FMN GV 18 Kasterlee
84,Oudemolsedijk,2020-12-17,00:00:00,0,0,0,FMN GV 18 Kasterlee
84,Oudemolsedijk,2020-12-17,01:00:00,0,0,0,FMN GV 18 Kasterlee
84,Oudemolsedijk,2020-12-17,02:00:00,0,0,0,FMN GV 18 Kasterlee
84,Oudemolsedijk,2020-12-17,03:00:00,0,0,0,FMN GV 18 Kasterlee
84,Oudemolsedijk,2020-12-17,04:00:00,0,0,0,FMN GV 18 Kasterlee
84,Oudemolsedijk,2020-12-17,05:00:00,1,0,1,FMN GV 18 Kasterlee
84,Oudemolsedijk,2020-12-17,06:00:00,5,0,5,FMN GV 18 Kasterlee
84,Oudemolsedijk,2020-12-17,07:00:00,11,5,6,FMN GV 18 Kasterlee
84,Oudemolsedijk,2020-12-17,08:00:00,10,8,2,FMN GV 18 Kasterlee
84,Oudemolsedijk,2020-12-17,09:00:00,12,7,5,FMN GV 18 Kasterlee
84,Oudemolsedijk,2020-12-17,10:00:00,16,3,13,FMN GV 18 Kasterlee
84,Oudemolsedijk,2020-12-17,11:00:00,23,6,17,FMN GV 18 Kasterlee
84,Oudemolsedijk,2020-12-17,12:00:00,29,15,14,FMN GV 18 Kasterlee
84,Oudemolsedijk,2020-12-17,13:00:00,48,31,17,FMN GV 18 Kasterlee
84,Oudemolsedijk,2020-12-17,14:00:00,63,35,28,FMN GV 18 Kasterlee
84,Oudemolsedijk,2020-12-17,15:00:00,34,22,12,FMN GV 18 Kasterlee
84,Oudemolsedijk,2020-12-17,16:00:00,26,12,14,FMN GV 18 Kasterlee
84,Oudemolsedijk,2020-12-17,17:00:00,6,2,4,FMN GV 18 Kasterlee
84,Oudemolsedijk,2020-12-17,18:00:00,4,3,1,FMN GV 18 Kasterlee
84,Oudemolsedijk,2020-12-17,19:00:00,2,0,2,FMN GV 18 Kasterlee
84,Oudemolsedijk,2020-12-17,20:00:00,2,0,2,FMN GV 18 Kasterlee
84,Oudemolsedijk,2020-12-17,21:00:00,3,2,1,FMN GV 18 Kasterlee
84,Oudemolsedijk,2020-12-17,22:00:00,3,0,3,FMN GV 18 Kasterlee
84,Oudemolsedijk,2020-12-17,23:00:00,1,1,0,FMN GV 18 Kasterlee
84,Oudemolsedijk,2020-12-18,00:00:00,0,0,0,FMN GV 18 Kasterlee
84,Oudemolsedijk,2020-12-18,01:00:00,0,0,0,FMN GV 18 Kasterlee
84,Oudemolsedijk,2020-12-18,02:00:00,0,0,0,FMN GV 18 Kasterlee
84,Oudemolsedijk,2020-12-18,03:00:00,0,0,0,FMN GV 18 Kasterlee
84,Oudemolsedijk,2020-12-18,04:00:00,0,0,0,FMN GV 18 Kasterlee
84,Oudemolsedijk,2020-12-18,05:00:00,0,0,0,FMN GV 18 Kasterlee
84,Oudemolsedijk,2020-12-18,06:00:00,6,1,5,FMN GV 18 Kasterlee
84,Oudemolsedijk,2020-12-18,07:00:00,7,5,2,FMN GV 18 Kasterlee
84,Oudemolsedijk,2020-12-18,08:00:00,14,9,5,FMN GV 18 Kasterlee
84,Oudemolsedijk,2020-12-18,09:00:00,12,3,9,FMN GV 18 Kasterlee
84,Oudemolsedijk,2020-12-18,10:00:00,21,10,11,FMN GV 18 Kasterlee
84,Oudemolsedijk,2020-12-18,11:00:00,20,13,7,FMN GV 18 Kasterlee
84,Oudemolsedijk,2020-12-18,12:00:00,19,8,11,FMN GV 18 Kasterlee
84,Oudemolsedijk,2020-12-18,13:00:00,52,26,26,FMN GV 18 Kasterlee
84,Oudemolsedijk,2020-12-18,14:00:00,84,47,37,FMN GV 18 Kasterlee
84,Oudemolsedijk,2020-12-18,15:00:00,64,43,21,FMN GV 18 Kasterlee
84,Oudemolsedijk,2020-12-18,16:00:00,34,19,15,FMN GV 18 Kasterlee
84,Oudemolsedijk,2020-12-18,17:00:00,6,2,4,FMN GV 18 Kasterlee
84,Oudemolsedijk,2020-12-18,18:00:00,3,0,3,FMN GV 18 Kasterlee
84,Oudemolsedijk,2020-12-18,19:00:00,0,0,0,FMN GV 18 Kasterlee
84,Oudemolsedijk,2020-12-18,20:00:00,2,0,2,FMN GV 18 Kasterlee
84,Oudemolsedijk,2020-12-18,21:00:00,0,0,0,FMN GV 18 Kasterlee
84,Oudemolsedijk,2020-12-18,22:00:00,2,2,0,FMN GV 18 Kasterlee
84,Oudemolsedijk,2020-12-18,23:00:00,0,0,0,FMN GV 18 Kasterlee
84,Oudemolsedijk,2020-12-19,00:00:00,0,0,0,FMN GV 18 Kasterlee
84,Oudemolsedijk,2020-12-19,01:00:00,0,0,0,FMN GV 18 Kasterlee
84,Oudemolsedijk,2020-12-19,02:00:00,0,0,0,FMN GV 18 Kasterlee
84,Oudemolsedijk,2020-12-19,03:00:00,0,0,0,FMN GV 18 Kasterlee
84,Oudemolsedijk,2020-12-19,04:00:00,0,0,0,FMN GV 18 Kasterlee
84,Oudemolsedijk,2020-12-19,05:00:00,5,5,0,FMN GV 18 Kasterlee
84,Oudemolsedijk,2020-12-19,06:00:00,0,0,0,FMN GV 18 Kasterlee
84,Oudemolsedijk,2020-12-19,07:00:00,0,0,0,FMN GV 18 Kasterlee
84,Oudemolsedijk,2020-12-19,08:00:00,6,5,1,FMN GV 18 Kasterlee
84,Oudemolsedijk,2020-12-19,09:00:00,24,6,18,FMN GV 18 Kasterlee
84,Oudemolsedijk,2020-12-19,10:00:00,56,21,35,FMN GV 18 Kasterlee
84,Oudemolsedijk,2020-12-19,11:00:00,36,17,19,FMN GV 18 Kasterlee
84,Oudemolsedijk,2020-12-19,12:00:00,24,9,15,FMN GV 18 Kasterlee
84,Oudemolsedijk,2020-12-19,13:00:00,20,12,8,FMN GV 18 Kasterlee
84,Oudemolsedijk,2020-12-19,14:00:00,18,11,7,FMN GV 18 Kasterlee
84,Oudemolsedijk,2020-12-19,15:00:00,22,15,7,FMN GV 18 Kasterlee
84,Oudemolsedijk,2020-12-19,16:00:00,15,9,6,FMN GV 18 Kasterlee
84,Oudemolsedijk,2020-12-19,17:00:00,3,1,2,FMN GV 18 Kasterlee
84,Oudemolsedijk,2020-12-19,18:00:00,0,0,0,FMN GV 18 Kasterlee
84,Oudemolsedijk,2020-12-19,19:00:00,0,0,0,FMN GV 18 Kasterlee
84,Oudemolsedijk,2020-12-19,20:00:00,8,8,0,FMN GV 18 Kasterlee
84,Oudemolsedijk,2020-12-19,21:00:00,0,0,0,FMN GV 18 Kasterlee
84,Oudemolsedijk,2020-12-19,22:00:00,0,0,0,FMN GV 18 Kasterlee
84,Oudemolsedijk,2020-12-19,23:00:00,0,0,0,FMN GV 18 Kasterlee
84,Oudemolsedijk,2020-12-20,00:00:00,0,0,0,FMN GV 18 Kasterlee
84,Oudemolsedijk,2020-12-20,01:00:00,0,0,0,FMN GV 18 Kasterlee
84,Oudemolsedijk,2020-12-20,02:00:00,0,0,0,FMN GV 18 Kasterlee
84,Oudemolsedijk,2020-12-20,03:00:00,0,0,0,FMN GV 18 Kasterlee
84,Oudemolsedijk,2020-12-20,04:00:00,0,0,0,FMN GV 18 Kasterlee
84,Oudemolsedijk,2020-12-20,05:00:00,0,0,0,FMN GV 18 Kasterlee
84,Oudemolsedijk,2020-12-20,06:00:00,1,1,0,FMN GV 18 Kasterlee
84,Oudemolsedijk,2020-12-20,07:00:00,1,1,0,FMN GV 18 Kasterlee
84,Oudemolsedijk,2020-12-20,08:00:00,15,1,14,FMN GV 18 Kasterlee
84,Oudemolsedijk,2020-12-20,09:00:00,81,38,43,FMN GV 18 Kasterlee
84,Oudemolsedijk,2020-12-20,10:00:00,97,55,42,FMN GV 18 Kasterlee
84,Oudemolsedijk,2020-12-20,11:00:00,95,40,55,FMN GV 18 Kasterlee
84,Oudemolsedijk,2020-12-20,12:00:00,32,13,19,FMN GV 18 Kasterlee
84,Oudemolsedijk,2020-12-20,13:00:00,47,17,30,FMN GV 18 Kasterlee
84,Oudemolsedijk,2020-12-20,14:00:00,62,35,27,FMN GV 18 Kasterlee
84,Oudemolsedijk,2020-12-20,15:00:00,50,33,17,FMN GV 18 Kasterlee
84,Oudemolsedijk,2020-12-20,16:00:00,18,13,5,FMN GV 18 Kasterlee
84,Oudemolsedijk,2020-12-20,17:00:00,3,2,1,FMN GV 18 Kasterlee
84,Oudemolsedijk,2020-12-20,18:00:00,7,6,1,FMN GV 18 Kasterlee
84,Oudemolsedijk,2020-12-20,19:00:00,1,1,0,FMN GV 18 Kasterlee
84,Oudemolsedijk,2020-12-20,20:00:00,0,0,0,FMN GV 18 Kasterlee
84,Oudemolsedijk,2020-12-20,21:00:00,3,3,0,FMN GV 18 Kasterlee
84,Oudemolsedijk,2020-12-20,22:00:00,0,0,0,FMN GV 18 Kasterlee
84,Oudemolsedijk,2020-12-20,23:00:00,0,0,0,FMN GV 18 Kasterlee
84,Oudemolsedijk,2020-12-21,00:00:00,0,0,0,FMN GV 18 Kasterlee
84,Oudemolsedijk,2020-12-21,01:00:00,0,0,0,FMN GV 18 Kasterlee
84,Oudemolsedijk,2020-12-21,02:00:00,0,0,0,FMN GV 18 Kasterlee
84,Oudemolsedijk,2020-12-21,03:00:00,0,0,0,FMN GV 18 Kasterlee
84,Oudemolsedijk,2020-12-21,04:00:00,1,1,0,FMN GV 18 Kasterlee
84,Oudemolsedijk,2020-12-21,05:00:00,1,1,0,FMN GV 18 Kasterlee
84,Oudemolsedijk,2020-12-21,06:00:00,3,0,3,FMN GV 18 Kasterlee
84,Oudemolsedijk,2020-12-21,07:00:00,3,1,2,FMN GV 18 Kasterlee
84,Oudemolsedijk,2020-12-21,08:00:00,3,1,2,FMN GV 18 Kasterlee
84,Oudemolsedijk,2020-12-21,09:00:00,3,2,1,FMN GV 18 Kasterlee
84,Oudemolsedijk,2020-12-21,10:00:00,6,4,2,FMN GV 18 Kasterlee
84,Oudemolsedijk,2020-12-21,11:00:00,3,2,1,FMN GV 18 Kasterlee
84,Oudemolsedijk,2020-12-21,12:00:00,2,2,0,FMN GV 18 Kasterlee
84,Oudemolsedijk,2020-12-21,13:00:00,1,1,0,FMN GV 18 Kasterlee
84,Oudemolsedijk,2020-12-21,14:00:00,6,1,5,FMN GV 18 Kasterlee
84,Oudemolsedijk,2020-12-21,15:00:00,2,0,2,FMN GV 18 Kasterlee
84,Oudemolsedijk,2020-12-21,16:00:00,2,2,0,FMN GV 18 Kasterlee
84,Oudemolsedijk,2020-12-21,17:00:00,1,1,0,FMN GV 18 Kasterlee
84,Oudemolsedijk,2020-12-21,18:00:00,1,0,1,FMN GV 18 Kasterlee
84,Oudemolsedijk,2020-12-21,19:00:00,0,0,0,FMN GV 18 Kasterlee
84,Oudemolsedijk,2020-12-21,20:00:00,0,0,0,FMN GV 18 Kasterlee
84,Oudemolsedijk,2020-12-21,21:00:00,0,0,0,FMN GV 18 Kasterlee
84,Oudemolsedijk,2020-12-21,22:00:00,0,0,0,FMN GV 18 Kasterlee
84,Oudemolsedijk,2020-12-21,23:00:00,0,0,0,FMN GV 18 Kasterlee
84,Oudemolsedijk,2020-12-22,00:00:00,0,0,0,FMN GV 18 Kasterlee
84,Oudemolsedijk,2020-12-22,01:00:00,0,0,0,FMN GV 18 Kasterlee
84,Oudemolsedijk,2020-12-22,02:00:00,0,0,0,FMN GV 18 Kasterlee
84,Oudemolsedijk,2020-12-22,03:00:00,0,0,0,FMN GV 18 Kasterlee
84,Oudemolsedijk,2020-12-22,04:00:00,1,1,0,FMN GV 18 Kasterlee
84,Oudemolsedijk,2020-12-22,05:00:00,3,3,0,FMN GV 18 Kasterlee
84,Oudemolsedijk,2020-12-22,06:00:00,3,2,1,FMN GV 18 Kasterlee
84,Oudemolsedijk,2020-12-22,07:00:00,2,1,1,FMN GV 18 Kasterlee
84,Oudemolsedijk,2020-12-22,08:00:00,1,0,1,FMN GV 18 Kasterlee
84,Oudemolsedijk,2020-12-22,09:00:00,5,2,3,FMN GV 18 Kasterlee
84,Oudemolsedijk,2020-12-22,10:00:00,5,2,3,FMN GV 18 Kasterlee
84,Oudemolsedijk,2020-12-22,11:00:00,11,10,1,FMN GV 18 Kasterlee
84,Oudemolsedijk,2020-12-22,12:00:00,11,6,5,FMN GV 18 Kasterlee
84,Oudemolsedijk,2020-12-22,13:00:00,37,15,22,FMN GV 18 Kasterlee
84,Oudemolsedijk,2020-12-22,14:00:00,49,28,21,FMN GV 18 Kasterlee
84,Oudemolsedijk,2020-12-22,15:00:00,26,18,8,FMN GV 18 Kasterlee
84,Oudemolsedijk,2020-12-22,16:00:00,16,7,9,FMN GV 18 Kasterlee
84,Oudemolsedijk,2020-12-22,17:00:00,1,1,0,FMN GV 18 Kasterlee
84,Oudemolsedijk,2020-12-22,18:00:00,1,1,0,FMN GV 18 Kasterlee
84,Oudemolsedijk,2020-12-22,19:00:00,3,1,2,FMN GV 18 Kasterlee
84,Oudemolsedijk,2020-12-22,20:00:00,2,0,2,FMN GV 18 Kasterlee
84,Oudemolsedijk,2020-12-22,21:00:00,0,0,0,FMN GV 18 Kasterlee
84,Oudemolsedijk,2020-12-22,22:00:00,2,0,2,FMN GV 18 Kasterlee
84,Oudemolsedijk,2020-12-22,23:00:00,0,0,0,FMN GV 18 Kasterlee
84,Oudemolsedijk,2020-12-23,00:00:00,0,0,0,FMN GV 18 Kasterlee
84,Oudemolsedijk,2020-12-23,01:00:00,0,0,0,FMN GV 18 Kasterlee
84,Oudemolsedijk,2020-12-23,02:00:00,0,0,0,FMN GV 18 Kasterlee
84,Oudemolsedijk,2020-12-23,03:00:00,0,0,0,FMN GV 18 Kasterlee
84,Oudemolsedijk,2020-12-23,04:00:00,1,1,0,FMN GV 18 Kasterlee
84,Oudemolsedijk,2020-12-23,05:00:00,1,1,0,FMN GV 18 Kasterlee
84,Oudemolsedijk,2020-12-23,06:00:00,3,0,3,FMN GV 18 Kasterlee
84,Oudemolsedijk,2020-12-23,07:00:00,2,0,2,FMN GV 18 Kasterlee
84,Oudemolsedijk,2020-12-23,08:00:00,4,2,2,FMN GV 18 Kasterlee
84,Oudemolsedijk,2020-12-23,09:00:00,14,11,3,FMN GV 18 Kasterlee
84,Oudemolsedijk,2020-12-23,10:00:00,8,5,3,FMN GV 18 Kasterlee
84,Oudemolsedijk,2020-12-23,11:00:00,8,3,5,FMN GV 18 Kasterlee
84,Oudemolsedijk,2020-12-23,12:00:00,3,2,1,FMN GV 18 Kasterlee
84,Oudemolsedijk,2020-12-23,13:00:00,1,1,0,FMN GV 18 Kasterlee
84,Oudemolsedijk,2020-12-23,14:00:00,4,2,2,FMN GV 18 Kasterlee
84,Oudemolsedijk,2020-12-23,15:00:00,7,5,2,FMN GV 18 Kasterlee
84,Oudemolsedijk,2020-12-23,16:00:00,5,2,3,FMN GV 18 Kasterlee
84,Oudemolsedijk,2020-12-23,17:00:00,0,0,0,FMN GV 18 Kasterlee
84,Oudemolsedijk,2020-12-23,18:00:00,2,1,1,FMN GV 18 Kasterlee
84,Oudemolsedijk,2020-12-23,19:00:00,2,0,2,FMN GV 18 Kasterlee
84,Oudemolsedijk,2020-12-23,20:00:00,0,0,0,FMN GV 18 Kasterlee
84,Oudemolsedijk,2020-12-23,21:00:00,0,0,0,FMN GV 18 Kasterlee
84,Oudemolsedijk,2020-12-23,22:00:00,0,0,0,FMN GV 18 Kasterlee
84,Oudemolsedijk,2020-12-23,23:00:00,0,0,0,FMN GV 18 Kasterlee
84,Oudemolsedijk,2020-12-24,00:00:00,0,0,0,FMN GV 18 Kasterlee
84,Oudemolsedijk,2020-12-24,01:00:00,0,0,0,FMN GV 18 Kasterlee
84,Oudemolsedijk,2020-12-24,02:00:00,0,0,0,FMN GV 18 Kasterlee
84,Oudemolsedijk,2020-12-24,03:00:00,0,0,0,FMN GV 18 Kasterlee
84,Oudemolsedijk,2020-12-24,04:00:00,1,1,0,FMN GV 18 Kasterlee
84,Oudemolsedijk,2020-12-24,05:00:00,0,0,0,FMN GV 18 Kasterlee
84,Oudemolsedijk,2020-12-24,06:00:00,0,0,0,FMN GV 18 Kasterlee
84,Oudemolsedijk,2020-12-24,07:00:00,4,2,2,FMN GV 18 Kasterlee
84,Oudemolsedijk,2020-12-24,08:00:00,1,0,1,FMN GV 18 Kasterlee
84,Oudemolsedijk,2020-12-24,09:00:00,2,0,2,FMN GV 18 Kasterlee
84,Oudemolsedijk,2020-12-24,10:00:00,8,3,5,FMN GV 18 Kasterlee
84,Oudemolsedijk,2020-12-24,11:00:00,10,4,6,FMN GV 18 Kasterlee
84,Oudemolsedijk,2020-12-24,12:00:00,6,3,3,FMN GV 18 Kasterlee
84,Oudemolsedijk,2020-12-24,13:00:00,9,6,3,FMN GV 18 Kasterlee
84,Oudemolsedijk,2020-12-24,14:00:00,18,6,12,FMN GV 18 Kasterlee
84,Oudemolsedijk,2020-12-24,15:00:00,26,16,10,FMN GV 18 Kasterlee
84,Oudemolsedijk,2020-12-24,16:00:00,8,4,4,FMN GV 18 Kasterlee
84,Oudemolsedijk,2020-12-24,17:00:00,0,0,0,FMN GV 18 Kasterlee
84,Oudemolsedijk,2020-12-24,18:00:00,0,0,0,FMN GV 18 Kasterlee
84,Oudemolsedijk,2020-12-24,19:00:00,0,0,0,FMN GV 18 Kasterlee
84,Oudemolsedijk,2020-12-24,20:00:00,0,0,0,FMN GV 18 Kasterlee
84,Oudemolsedijk,2020-12-24,21:00:00,0,0,0,FMN GV 18 Kasterlee
84,Oudemolsedijk,2020-12-24,22:00:00,1,0,1,FMN GV 18 Kasterlee
84,Oudemolsedijk,2020-12-24,23:00:00,0,0,0,FMN GV 18 Kasterlee
84,Oudemolsedijk,2020-12-25,00:00:00,0,0,0,FMN GV 18 Kasterlee
84,Oudemolsedijk,2020-12-25,01:00:00,0,0,0,FMN GV 18 Kasterlee
84,Oudemolsedijk,2020-12-25,02:00:00,0,0,0,FMN GV 18 Kasterlee
84,Oudemolsedijk,2020-12-25,03:00:00,0,0,0,FMN GV 18 Kasterlee
84,Oudemolsedijk,2020-12-25,04:00:00,0,0,0,FMN GV 18 Kasterlee
84,Oudemolsedijk,2020-12-25,05:00:00,0,0,0,FMN GV 18 Kasterlee
84,Oudemolsedijk,2020-12-25,06:00:00,0,0,0,FMN GV 18 Kasterlee
84,Oudemolsedijk,2020-12-25,07:00:00,0,0,0,FMN GV 18 Kasterlee
84,Oudemolsedijk,2020-12-25,08:00:00,2,1,1,FMN GV 18 Kasterlee
84,Oudemolsedijk,2020-12-25,09:00:00,16,11,5,FMN GV 18 Kasterlee
84,Oudemolsedijk,2020-12-25,10:00:00,18,11,7,FMN GV 18 Kasterlee
84,Oudemolsedijk,2020-12-25,11:00:00,40,19,21,FMN GV 18 Kasterlee
84,Oudemolsedijk,2020-12-25,12:00:00,32,14,18,FMN GV 18 Kasterlee
84,Oudemolsedijk,2020-12-25,13:00:00,35,18,17,FMN GV 18 Kasterlee
84,Oudemolsedijk,2020-12-25,14:00:00,57,32,25,FMN GV 18 Kasterlee
84,Oudemolsedijk,2020-12-25,15:00:00,26,20,6,FMN GV 18 Kasterlee
84,Oudemolsedijk,2020-12-25,16:00:00,18,11,7,FMN GV 18 Kasterlee
84,Oudemolsedijk,2020-12-25,17:00:00,2,0,2,FMN GV 18 Kasterlee
84,Oudemolsedijk,2020-12-25,18:00:00,2,0,2,FMN GV 18 Kasterlee
84,Oudemolsedijk,2020-12-25,19:00:00,2,0,2,FMN GV 18 Kasterlee
84,Oudemolsedijk,2020-12-25,20:00:00,0,0,0,FMN GV 18 Kasterlee
84,Oudemolsedijk,2020-12-25,21:00:00,0,0,0,FMN GV 18 Kasterlee
84,Oudemolsedijk,2020-12-25,22:00:00,0,0,0,FMN GV 18 Kasterlee
84,Oudemolsedijk,2020-12-25,23:00:00,0,0,0,FMN GV 18 Kasterlee
84,Oudemolsedijk,2020-12-26,00:00:00,0,0,0,FMN GV 18 Kasterlee
84,Oudemolsedijk,2020-12-26,01:00:00,0,0,0,FMN GV 18 Kasterlee
84,Oudemolsedijk,2020-12-26,02:00:00,0,0,0,FMN GV 18 Kasterlee
84,Oudemolsedijk,2020-12-26,03:00:00,0,0,0,FMN GV 18 Kasterlee
84,Oudemolsedijk,2020-12-26,04:00:00,0,0,0,FMN GV 18 Kasterlee
84,Oudemolsedijk,2020-12-26,05:00:00,0,0,0,FMN GV 18 Kasterlee
84,Oudemolsedijk,2020-12-26,06:00:00,1,0,1,FMN GV 18 Kasterlee
84,Oudemolsedijk,2020-12-26,07:00:00,1,1,0,FMN GV 18 Kasterlee
84,Oudemolsedijk,2020-12-26,08:00:00,7,1,6,FMN GV 18 Kasterlee
84,Oudemolsedijk,2020-12-26,09:00:00,36,7,29,FMN GV 18 Kasterlee
84,Oudemolsedijk,2020-12-26,10:00:00,40,21,19,FMN GV 18 Kasterlee
84,Oudemolsedijk,2020-12-26,11:00:00,34,26,8,FMN GV 18 Kasterlee
84,Oudemolsedijk,2020-12-26,12:00:00,31,17,14,FMN GV 18 Kasterlee
84,Oudemolsedijk,2020-12-26,13:00:00,32,19,13,FMN GV 18 Kasterlee
84,Oudemolsedijk,2020-12-26,14:00:00,36,17,19,FMN GV 18 Kasterlee
84,Oudemolsedijk,2020-12-26,15:00:00,25,16,9,FMN GV 18 Kasterlee
84,Oudemolsedijk,2020-12-26,16:00:00,15,8,7,FMN GV 18 Kasterlee
84,Oudemolsedijk,2020-12-26,17:00:00,1,1,0,FMN GV 18 Kasterlee
84,Oudemolsedijk,2020-12-26,18:00:00,0,0,0,FMN GV 18 Kasterlee
84,Oudemolsedijk,2020-12-26,19:00:00,0,0,0,FMN GV 18 Kasterlee
84,Oudemolsedijk,2020-12-26,20:00:00,0,0,0,FMN GV 18 Kasterlee
84,Oudemolsedijk,2020-12-26,21:00:00,0,0,0,FMN GV 18 Kasterlee
84,Oudemolsedijk,2020-12-26,22:00:00,1,0,1,FMN GV 18 Kasterlee
84,Oudemolsedijk,2020-12-26,23:00:00,1,0,1,FMN GV 18 Kasterlee
84,Oudemolsedijk,2020-12-27,00:00:00,0,0,0,FMN GV 18 Kasterlee
84,Oudemolsedijk,2020-12-27,01:00:00,0,0,0,FMN GV 18 Kasterlee
84,Oudemolsedijk,2020-12-27,02:00:00,0,0,0,FMN GV 18 Kasterlee
84,Oudemolsedijk,2020-12-27,03:00:00,0,0,0,FMN GV 18 Kasterlee
84,Oudemolsedijk,2020-12-27,04:00:00,0,0,0,FMN GV 18 Kasterlee
84,Oudemolsedijk,2020-12-27,05:00:00,0,0,0,FMN GV 18 Kasterlee
84,Oudemolsedijk,2020-12-27,06:00:00,0,0,0,FMN GV 18 Kasterlee
84,Oudemolsedijk,2020-12-27,07:00:00,0,0,0,FMN GV 18 Kasterlee
84,Oudemolsedijk,2020-12-27,08:00:00,3,1,2,FMN GV 18 Kasterlee
84,Oudemolsedijk,2020-12-27,09:00:00,8,0,8,FMN GV 18 Kasterlee
84,Oudemolsedijk,2020-12-27,10:00:00,2,2,0,FMN GV 18 Kasterlee
84,Oudemolsedijk,2020-12-27,11:00:00,0,0,0,FMN GV 18 Kasterlee
84,Oudemolsedijk,2020-12-27,12:00:00,3,1,2,FMN GV 18 Kasterlee
84,Oudemolsedijk,2020-12-27,13:00:00,2,1,1,FMN GV 18 Kasterlee
84,Oudemolsedijk,2020-12-27,14:00:00,1,1,0,FMN GV 18 Kasterlee
84,Oudemolsedijk,2020-12-27,15:00:00,3,1,2,FMN GV 18 Kasterlee
84,Oudemolsedijk,2020-12-27,16:00:00,0,0,0,FMN GV 18 Kasterlee
84,Oudemolsedijk,2020-12-27,17:00:00,2,1,1,FMN GV 18 Kasterlee
84,Oudemolsedijk,2020-12-27,18:00:00,0,0,0,FMN GV 18 Kasterlee
84,Oudemolsedijk,2020-12-27,19:00:00,0,0,0,FMN GV 18 Kasterlee
84,Oudemolsedijk,2020-12-27,20:00:00,0,0,0,FMN GV 18 Kasterlee
84,Oudemolsedijk,2020-12-27,21:00:00,0,0,0,FMN GV 18 Kasterlee
84,Oudemolsedijk,2020-12-27,22:00:00,0,0,0,FMN GV 18 Kasterlee
84,Oudemolsedijk,2020-12-27,23:00:00,0,0,0,FMN GV 18 Kasterlee
84,Oudemolsedijk,2020-12-28,00:00:00,0,0,0,FMN GV 18 Kasterlee
84,Oudemolsedijk,2020-12-28,01:00:00,0,0,0,FMN GV 18 Kasterlee
84,Oudemolsedijk,2020-12-28,02:00:00,0,0,0,FMN GV 18 Kasterlee
84,Oudemolsedijk,2020-12-28,03:00:00,0,0,0,FMN GV 18 Kasterlee
84,Oudemolsedijk,2020-12-28,04:00:00,0,0,0,FMN GV 18 Kasterlee
84,Oudemolsedijk,2020-12-28,05:00:00,1,1,0,FMN GV 18 Kasterlee
84,Oudemolsedijk,2020-12-28,06:00:00,1,0,1,FMN GV 18 Kasterlee
84,Oudemolsedijk,2020-12-28,07:00:00,3,1,2,FMN GV 18 Kasterlee
84,Oudemolsedijk,2020-12-28,08:00:00,2,0,2,FMN GV 18 Kasterlee
84,Oudemolsedijk,2020-12-28,09:00:00,4,2,2,FMN GV 18 Kasterlee
84,Oudemolsedijk,2020-12-28,10:00:00,19,9,10,FMN GV 18 Kasterlee
84,Oudemolsedijk,2020-12-28,11:00:00,24,8,16,FMN GV 18 Kasterlee
84,Oudemolsedijk,2020-12-28,12:00:00,30,17,13,FMN GV 18 Kasterlee
84,Oudemolsedijk,2020-12-28,13:00:00,29,20,9,FMN GV 18 Kasterlee
84,Oudemolsedijk,2020-12-28,14:00:00,33,20,13,FMN GV 18 Kasterlee
84,Oudemolsedijk,2020-12-28,15:00:00,9,5,4,FMN GV 18 Kasterlee
84,Oudemolsedijk,2020-12-28,16:00:00,4,3,1,FMN GV 18 Kasterlee
84,Oudemolsedijk,2020-12-28,17:00:00,5,0,5,FMN GV 18 Kasterlee
84,Oudemolsedijk,2020-12-28,18:00:00,1,1,0,FMN GV 18 Kasterlee
84,Oudemolsedijk,2020-12-28,19:00:00,0,0,0,FMN GV 18 Kasterlee
84,Oudemolsedijk,2020-12-28,20:00:00,0,0,0,FMN GV 18 Kasterlee
84,Oudemolsedijk,2020-12-28,21:00:00,0,0,0,FMN GV 18 Kasterlee
84,Oudemolsedijk,2020-12-28,22:00:00,0,0,0,FMN GV 18 Kasterlee
84,Oudemolsedijk,2020-12-28,23:00:00,0,0,0,FMN GV 18 Kasterlee
84,Oudemolsedijk,2020-12-29,00:00:00,0,0,0,FMN GV 18 Kasterlee
84,Oudemolsedijk,2020-12-29,01:00:00,0,0,0,FMN GV 18 Kasterlee
84,Oudemolsedijk,2020-12-29,02:00:00,0,0,0,FMN GV 18 Kasterlee
84,Oudemolsedijk,2020-12-29,03:00:00,0,0,0,FMN GV 18 Kasterlee
84,Oudemolsedijk,2020-12-29,04:00:00,1,1,0,FMN GV 18 Kasterlee
84,Oudemolsedijk,2020-12-29,05:00:00,0,0,0,FMN GV 18 Kasterlee
84,Oudemolsedijk,2020-12-29,06:00:00,1,0,1,FMN GV 18 Kasterlee
84,Oudemolsedijk,2020-12-29,07:00:00,4,1,3,FMN GV 18 Kasterlee
84,Oudemolsedijk,2020-12-29,08:00:00,2,1,1,FMN GV 18 Kasterlee
84,Oudemolsedijk,2020-12-29,09:00:00,20,6,14,FMN GV 18 Kasterlee
84,Oudemolsedijk,2020-12-29,10:00:00,13,10,3,FMN GV 18 Kasterlee
84,Oudemolsedijk,2020-12-29,11:00:00,27,18,9,FMN GV 18 Kasterlee
84,Oudemolsedijk,2020-12-29,12:00:00,11,5,6,FMN GV 18 Kasterlee
84,Oudemolsedijk,2020-12-29,13:00:00,19,5,14,FMN GV 18 Kasterlee
84,Oudemolsedijk,2020-12-29,14:00:00,31,9,22,FMN GV 18 Kasterlee
84,Oudemolsedijk,2020-12-29,15:00:00,28,19,9,FMN GV 18 Kasterlee
84,Oudemolsedijk,2020-12-29,16:00:00,9,6,3,FMN GV 18 Kasterlee
84,Oudemolsedijk,2020-12-29,17:00:00,4,1,3,FMN GV 18 Kasterlee
84,Oudemolsedijk,2020-12-29,18:00:00,1,1,0,FMN GV 18 Kasterlee
84,Oudemolsedijk,2020-12-29,19:00:00,0,0,0,FMN GV 18 Kasterlee
84,Oudemolsedijk,2020-12-29,20:00:00,0,0,0,FMN GV 18 Kasterlee
84,Oudemolsedijk,2020-12-29,21:00:00,0,0,0,FMN GV 18 Kasterlee
84,Oudemolsedijk,2020-12-29,22:00:00,2,1,1,FMN GV 18 Kasterlee
84,Oudemolsedijk,2020-12-29,23:00:00,0,0,0,FMN GV 18 Kasterlee
84,Oudemolsedijk,2020-12-30,00:00:00,0,0,0,FMN GV 18 Kasterlee
84,Oudemolsedijk,2020-12-30,01:00:00,0,0,0,FMN GV 18 Kasterlee
84,Oudemolsedijk,2020-12-30,02:00:00,0,0,0,FMN GV 18 Kasterlee
84,Oudemolsedijk,2020-12-30,03:00:00,0,0,0,FMN GV 18 Kasterlee
84,Oudemolsedijk,2020-12-30,04:00:00,1,1,0,FMN GV 18 Kasterlee
84,Oudemolsedijk,2020-12-30,05:00:00,0,0,0,FMN GV 18 Kasterlee
84,Oudemolsedijk,2020-12-30,06:00:00,1,0,1,FMN GV 18 Kasterlee
84,Oudemolsedijk,2020-12-30,07:00:00,1,1,0,FMN GV 18 Kasterlee
84,Oudemolsedijk,2020-12-30,08:00:00,7,0,7,FMN GV 18 Kasterlee
84,Oudemolsedijk,2020-12-30,09:00:00,17,4,13,FMN GV 18 Kasterlee
84,Oudemolsedijk,2020-12-30,10:00:00,19,10,9,FMN GV 18 Kasterlee
84,Oudemolsedijk,2020-12-30,11:00:00,23,17,6,FMN GV 18 Kasterlee
84,Oudemolsedijk,2020-12-30,12:00:00,18,9,9,FMN GV 18 Kasterlee
84,Oudemolsedijk,2020-12-30,13:00:00,19,10,9,FMN GV 18 Kasterlee
84,Oudemolsedijk,2020-12-30,14:00:00,33,15,18,FMN GV 18 Kasterlee
84,Oudemolsedijk,2020-12-30,15:00:00,31,20,11,FMN GV 18 Kasterlee
84,Oudemolsedijk,2020-12-30,16:00:00,12,11,1,FMN GV 18 Kasterlee
84,Oudemolsedijk,2020-12-30,17:00:00,2,0,2,FMN GV 18 Kasterlee
84,Oudemolsedijk,2020-12-30,18:00:00,0,0,0,FMN GV 18 Kasterlee
84,Oudemolsedijk,2020-12-30,19:00:00,3,3,0,FMN GV 18 Kasterlee
84,Oudemolsedijk,2020-12-30,20:00:00,4,1,3,FMN GV 18 Kasterlee
84,Oudemolsedijk,2020-12-30,21:00:00,0,0,0,FMN GV 18 Kasterlee
84,Oudemolsedijk,2020-12-30,22:00:00,0,0,0,FMN GV 18 Kasterlee
84,Oudemolsedijk,2020-12-30,23:00:00,0,0,0,FMN GV 18 Kasterlee
84,Oudemolsedijk,2020-12-31,00:00:00,0,0,0,FMN GV 18 Kasterlee
84,Oudemolsedijk,2020-12-31,01:00:00,0,0,0,FMN GV 18 Kasterlee
84,Oudemolsedijk,2020-12-31,02:00:00,0,0,0,FMN GV 18 Kasterlee
84,Oudemolsedijk,2020-12-31,03:00:00,0,0,0,FMN GV 18 Kasterlee
84,Oudemolsedijk,2020-12-31,04:00:00,1,1,0,FMN GV 18 Kasterlee
84,Oudemolsedijk,2020-12-31,05:00:00,0,0,0,FMN GV 18 Kasterlee
84,Oudemolsedijk,2020-12-31,06:00:00,2,1,1,FMN GV 18 Kasterlee
84,Oudemolsedijk,2020-12-31,07:00:00,1,1,0,FMN GV 18 Kasterlee
84,Oudemolsedijk,2020-12-31,08:00:00,1,1,0,FMN GV 18 Kasterlee
84,Oudemolsedijk,2020-12-31,09:00:00,7,2,5,FMN GV 18 Kasterlee
84,Oudemolsedijk,2020-12-31,10:00:00,17,8,9,FMN GV 18 Kasterlee
84,Oudemolsedijk,2020-12-31,11:00:00,10,5,5,FMN GV 18 Kasterlee
84,Oudemolsedijk,2020-12-31,12:00:00,14,7,7,FMN GV 18 Kasterlee
84,Oudemolsedijk,2020-12-31,13:00:00,12,5,7,FMN GV 18 Kasterlee
84,Oudemolsedijk,2020-12-31,14:00:00,17,7,10,FMN GV 18 Kasterlee
84,Oudemolsedijk,2020-12-31,15:00:00,19,14,5,FMN GV 18 Kasterlee
84,Oudemolsedijk,2020-12-31,16:00:00,3,0,3,FMN GV 18 Kasterlee
84,Oudemolsedijk,2020-12-31,17:00:00,1,0,1,FMN GV 18 Kasterlee
84,Oudemolsedijk,2020-12-31,18:00:00,1,1,0,FMN GV 18 Kasterlee
84,Oudemolsedijk,2020-12-31,19:00:00,0,0,0,FMN GV 18 Kasterlee
84,Oudemolsedijk,2020-12-31,20:00:00,0,0,0,FMN GV 18 Kasterlee
84,Oudemolsedijk,2020-12-31,21:00:00,2,2,0,FMN GV 18 Kasterlee
84,Oudemolsedijk,2020-12-31,22:00:00,0,0,0,FMN GV 18 Kasterlee
84,Oudemolsedijk,2020-12-31,23:00:00,0,0,0,FMN GV 18 Kasterlee
84,Oudemolsedijk,2021-01-01,00:00:00,0,0,0,FMN GV 18 Kasterlee
84,Oudemolsedijk,2021-01-01,01:00:00,0,0,0,FMN GV 18 Kasterlee
84,Oudemolsedijk,2021-01-01,02:00:00,0,0,0,FMN GV 18 Kasterlee
84,Oudemolsedijk,2021-01-01,03:00:00,3,2,1,FMN GV 18 Kasterlee
84,Oudemolsedijk,2021-01-01,04:00:00,3,0,3,FMN GV 18 Kasterlee
84,Oudemolsedijk,2021-01-01,05:00:00,1,1,0,FMN GV 18 Kasterlee
84,Oudemolsedijk,2021-01-01,06:00:00,0,0,0,FMN GV 18 Kasterlee
84,Oudemolsedijk,2021-01-01,07:00:00,2,1,1,FMN GV 18 Kasterlee
84,Oudemolsedijk,2021-01-01,08:00:00,2,0,2,FMN GV 18 Kasterlee
84,Oudemolsedijk,2021-01-01,09:00:00,4,2,2,FMN GV 18 Kasterlee
84,Oudemolsedijk,2021-01-01,10:00:00,18,10,8,FMN GV 18 Kasterlee
84,Oudemolsedijk,2021-01-01,11:00:00,26,12,14,FMN GV 18 Kasterlee
84,Oudemolsedijk,2021-01-01,12:00:00,18,11,7,FMN GV 18 Kasterlee
84,Oudemolsedijk,2021-01-01,13:00:00,13,7,6,FMN GV 18 Kasterlee
84,Oudemolsedijk,2021-01-01,14:00:00,27,22,5,FMN GV 18 Kasterlee
84,Oudemolsedijk,2021-01-01,15:00:00,20,14,6,FMN GV 18 Kasterlee
84,Oudemolsedijk,2021-01-01,16:00:00,6,1,5,FMN GV 18 Kasterlee
84,Oudemolsedijk,2021-01-01,17:00:00,5,5,0,FMN GV 18 Kasterlee
84,Oudemolsedijk,2021-01-01,18:00:00,2,2,0,FMN GV 18 Kasterlee
84,Oudemolsedijk,2021-01-01,19:00:00,0,0,0,FMN GV 18 Kasterlee
84,Oudemolsedijk,2021-01-01,20:00:00,2,0,2,FMN GV 18 Kasterlee
84,Oudemolsedijk,2021-01-01,21:00:00,2,2,0,FMN GV 18 Kasterlee
84,Oudemolsedijk,2021-01-01,22:00:00,0,0,0,FMN GV 18 Kasterlee
84,Oudemolsedijk,2021-01-01,23:00:00,0,0,0,FMN GV 18 Kasterlee
84,Oudemolsedijk,2021-01-02,00:00:00,0,0,0,FMN GV 18 Kasterlee
84,Oudemolsedijk,2021-01-02,01:00:00,0,0,0,FMN GV 18 Kasterlee
84,Oudemolsedijk,2021-01-02,02:00:00,0,0,0,FMN GV 18 Kasterlee
84,Oudemolsedijk,2021-01-02,03:00:00,0,0,0,FMN GV 18 Kasterlee
84,Oudemolsedijk,2021-01-02,04:00:00,2,1,1,FMN GV 18 Kasterlee
84,Oudemolsedijk,2021-01-02,05:00:00,0,0,0,FMN GV 18 Kasterlee
84,Oudemolsedijk,2021-01-02,06:00:00,0,0,0,FMN GV 18 Kasterlee
84,Oudemolsedijk,2021-01-02,07:00:00,0,0,0,FMN GV 18 Kasterlee
84,Oudemolsedijk,2021-01-02,08:00:00,7,0,7,FMN GV 18 Kasterlee
84,Oudemolsedijk,2021-01-02,09:00:00,21,13,8,FMN GV 18 Kasterlee
84,Oudemolsedijk,2021-01-02,10:00:00,32,13,19,FMN GV 18 Kasterlee
84,Oudemolsedijk,2021-01-02,11:00:00,22,17,5,FMN GV 18 Kasterlee
84,Oudemolsedijk,2021-01-02,12:00:00,19,4,15,FMN GV 18 Kasterlee
84,Oudemolsedijk,2021-01-02,13:00:00,61,25,36,FMN GV 18 Kasterlee
84,Oudemolsedijk,2021-01-02,14:00:00,42,16,26,FMN GV 18 Kasterlee
84,Oudemolsedijk,2021-01-02,15:00:00,48,23,25,FMN GV 18 Kasterlee
84,Oudemolsedijk,2021-01-02,16:00:00,8,6,2,FMN GV 18 Kasterlee
84,Oudemolsedijk,2021-01-02,17:00:00,2,2,0,FMN GV 18 Kasterlee
84,Oudemolsedijk,2021-01-02,18:00:00,4,3,1,FMN GV 18 Kasterlee
84,Oudemolsedijk,2021-01-02,19:00:00,0,0,0,FMN GV 18 Kasterlee
84,Oudemolsedijk,2021-01-02,20:00:00,1,1,0,FMN GV 18 Kasterlee
84,Oudemolsedijk,2021-01-02,21:00:00,0,0,0,FMN GV 18 Kasterlee
84,Oudemolsedijk,2021-01-02,22:00:00,1,0,1,FMN GV 18 Kasterlee
84,Oudemolsedijk,2021-01-02,23:00:00,0,0,0,FMN GV 18 Kasterlee
84,Oudemolsedijk,2021-01-03,00:00:00,0,0,0,FMN GV 18 Kasterlee
84,Oudemolsedijk,2021-01-03,01:00:00,1,0,1,FMN GV 18 Kasterlee
84,Oudemolsedijk,2021-01-03,02:00:00,0,0,0,FMN GV 18 Kasterlee
84,Oudemolsedijk,2021-01-03,03:00:00,0,0,0,FMN GV 18 Kasterlee
84,Oudemolsedijk,2021-01-03,04:00:00,0,0,0,FMN GV 18 Kasterlee
84,Oudemolsedijk,2021-01-03,05:00:00,2,1,1,FMN GV 18 Kasterlee
84,Oudemolsedijk,2021-01-03,06:00:00,1,1,0,FMN GV 18 Kasterlee
84,Oudemolsedijk,2021-01-03,07:00:00,2,2,0,FMN GV 18 Kasterlee
84,Oudemolsedijk,2021-01-03,08:00:00,18,2,16,FMN GV 18 Kasterlee
84,Oudemolsedijk,2021-01-03,09:00:00,40,21,19,FMN GV 18 Kasterlee
84,Oudemolsedijk,2021-01-03,10:00:00,64,33,31,FMN GV 18 Kasterlee
84,Oudemolsedijk,2021-01-03,11:00:00,79,34,45,FMN GV 18 Kasterlee
84,Oudemolsedijk,2021-01-03,12:00:00,32,13,19,FMN GV 18 Kasterlee
84,Oudemolsedijk,2021-01-03,13:00:00,28,10,18,FMN GV 18 Kasterlee
84,Oudemolsedijk,2021-01-03,14:00:00,17,14,3,FMN GV 18 Kasterlee
84,Oudemolsedijk,2021-01-03,15:00:00,21,11,10,FMN GV 18 Kasterlee
84,Oudemolsedijk,2021-01-03,16:00:00,1,1,0,FMN GV 18 Kasterlee
84,Oudemolsedijk,2021-01-03,17:00:00,3,1,2,FMN GV 18 Kasterlee
84,Oudemolsedijk,2021-01-03,18:00:00,0,0,0,FMN GV 18 Kasterlee
84,Oudemolsedijk,2021-01-03,19:00:00,0,0,0,FMN GV 18 Kasterlee
84,Oudemolsedijk,2021-01-03,20:00:00,0,0,0,FMN GV 18 Kasterlee
84,Oudemolsedijk,2021-01-03,21:00:00,1,1,0,FMN GV 18 Kasterlee
84,Oudemolsedijk,2021-01-03,22:00:00,2,1,1,FMN GV 18 Kasterlee
84,Oudemolsedijk,2021-01-03,23:00:00,0,0,0,FMN GV 18 Kasterlee
84,Oudemolsedijk,2021-01-04,00:00:00,0,0,0,FMN GV 18 Kasterlee
84,Oudemolsedijk,2021-01-04,01:00:00,0,0,0,FMN GV 18 Kasterlee
84,Oudemolsedijk,2021-01-04,02:00:00,0,0,0,FMN GV 18 Kasterlee
84,Oudemolsedijk,2021-01-04,03:00:00,0,0,0,FMN GV 18 Kasterlee
84,Oudemolsedijk,2021-01-04,04:00:00,1,1,0,FMN GV 18 Kasterlee
84,Oudemolsedijk,2021-01-04,05:00:00,2,2,0,FMN GV 18 Kasterlee
84,Oudemolsedijk,2021-01-04,06:00:00,6,1,5,FMN GV 18 Kasterlee
84,Oudemolsedijk,2021-01-04,07:00:00,3,0,3,FMN GV 18 Kasterlee
84,Oudemolsedijk,2021-01-04,08:00:00,5,3,2,FMN GV 18 Kasterlee
84,Oudemolsedijk,2021-01-04,09:00:00,2,2,0,FMN GV 18 Kasterlee
84,Oudemolsedijk,2021-01-04,10:00:00,1,1,0,FMN GV 18 Kasterlee
84,Oudemolsedijk,2021-01-04,11:00:00,3,1,2,FMN GV 18 Kasterlee
84,Oudemolsedijk,2021-01-04,12:00:00,4,3,1,FMN GV 18 Kasterlee
84,Oudemolsedijk,2021-01-04,13:00:00,3,2,1,FMN GV 18 Kasterlee
84,Oudemolsedijk,2021-01-04,14:00:00,10,3,7,FMN GV 18 Kasterlee
84,Oudemolsedijk,2021-01-04,15:00:00,14,7,7,FMN GV 18 Kasterlee
84,Oudemolsedijk,2021-01-04,16:00:00,12,6,6,FMN GV 18 Kasterlee
84,Oudemolsedijk,2021-01-04,17:00:00,3,2,1,FMN GV 18 Kasterlee
84,Oudemolsedijk,2021-01-04,18:00:00,3,2,1,FMN GV 18 Kasterlee
84,Oudemolsedijk,2021-01-04,19:00:00,0,0,0,FMN GV 18 Kasterlee
84,Oudemolsedijk,2021-01-04,20:00:00,2,2,0,FMN GV 18 Kasterlee
84,Oudemolsedijk,2021-01-04,21:00:00,1,1,0,FMN GV 18 Kasterlee
84,Oudemolsedijk,2021-01-04,22:00:00,1,1,0,FMN GV 18 Kasterlee
84,Oudemolsedijk,2021-01-04,23:00:00,0,0,0,FMN GV 18 Kasterlee
84,Oudemolsedijk,2021-01-05,00:00:00,0,0,0,FMN GV 18 Kasterlee
84,Oudemolsedijk,2021-01-05,01:00:00,0,0,0,FMN GV 18 Kasterlee
84,Oudemolsedijk,2021-01-05,02:00:00,0,0,0,FMN GV 18 Kasterlee
84,Oudemolsedijk,2021-01-05,03:00:00,0,0,0,FMN GV 18 Kasterlee
84,Oudemolsedijk,2021-01-05,04:00:00,1,1,0,FMN GV 18 Kasterlee
84,Oudemolsedijk,2021-01-05,05:00:00,5,5,0,FMN GV 18 Kasterlee
84,Oudemolsedijk,2021-01-05,06:00:00,6,1,5,FMN GV 18 Kasterlee
84,Oudemolsedijk,2021-01-05,07:00:00,9,4,5,FMN GV 18 Kasterlee
84,Oudemolsedijk,2021-01-05,08:00:00,8,5,3,FMN GV 18 Kasterlee
84,Oudemolsedijk,2021-01-05,09:00:00,7,4,3,FMN GV 18 Kasterlee
84,Oudemolsedijk,2021-01-05,10:00:00,6,3,3,FMN GV 18 Kasterlee
84,Oudemolsedijk,2021-01-05,11:00:00,11,7,4,FMN GV 18 Kasterlee
84,Oudemolsedijk,2021-01-05,12:00:00,17,11,6,FMN GV 18 Kasterlee
84,Oudemolsedijk,2021-01-05,13:00:00,24,15,9,FMN GV 18 Kasterlee
84,Oudemolsedijk,2021-01-05,14:00:00,24,6,18,FMN GV 18 Kasterlee
84,Oudemolsedijk,2021-01-05,15:00:00,16,7,9,FMN GV 18 Kasterlee
84,Oudemolsedijk,2021-01-05,16:00:00,21,8,13,FMN GV 18 Kasterlee
84,Oudemolsedijk,2021-01-05,17:00:00,11,6,5,FMN GV 18 Kasterlee
84,Oudemolsedijk,2021-01-05,18:00:00,1,1,0,FMN GV 18 Kasterlee
84,Oudemolsedijk,2021-01-05,19:00:00,1,0,1,FMN GV 18 Kasterlee
84,Oudemolsedijk,2021-01-05,20:00:00,1,0,1,FMN GV 18 Kasterlee
84,Oudemolsedijk,2021-01-05,21:00:00,1,1,0,FMN GV 18 Kasterlee
84,Oudemolsedijk,2021-01-05,22:00:00,1,0,1,FMN GV 18 Kasterlee
84,Oudemolsedijk,2021-01-05,23:00:00,0,0,0,FMN GV 18 Kasterlee
84,Oudemolsedijk,2021-01-06,00:00:00,0,0,0,FMN GV 18 Kasterlee
84,Oudemolsedijk,2021-01-06,01:00:00,0,0,0,FMN GV 18 Kasterlee
84,Oudemolsedijk,2021-01-06,02:00:00,0,0,0,FMN GV 18 Kasterlee
84,Oudemolsedijk,2021-01-06,03:00:00,0,0,0,FMN GV 18 Kasterlee
84,Oudemolsedijk,2021-01-06,04:00:00,2,2,0,FMN GV 18 Kasterlee
84,Oudemolsedijk,2021-01-06,05:00:00,5,4,1,FMN GV 18 Kasterlee
84,Oudemolsedijk,2021-01-06,06:00:00,8,1,7,FMN GV 18 Kasterlee
84,Oudemolsedijk,2021-01-06,07:00:00,6,4,2,FMN GV 18 Kasterlee
84,Oudemolsedijk,2021-01-06,08:00:00,9,5,4,FMN GV 18 Kasterlee
84,Oudemolsedijk,2021-01-06,09:00:00,4,3,1,FMN GV 18 Kasterlee
84,Oudemolsedijk,2021-01-06,10:00:00,7,5,2,FMN GV 18 Kasterlee
84,Oudemolsedijk,2021-01-06,11:00:00,5,4,1,FMN GV 18 Kasterlee
84,Oudemolsedijk,2021-01-06,12:00:00,11,7,4,FMN GV 18 Kasterlee
84,Oudemolsedijk,2021-01-06,13:00:00,20,8,12,FMN GV 18 Kasterlee
84,Oudemolsedijk,2021-01-06,14:00:00,22,6,16,FMN GV 18 Kasterlee
84,Oudemolsedijk,2021-01-06,15:00:00,17,11,6,FMN GV 18 Kasterlee
84,Oudemolsedijk,2021-01-06,16:00:00,16,10,6,FMN GV 18 Kasterlee
84,Oudemolsedijk,2021-01-06,17:00:00,9,6,3,FMN GV 18 Kasterlee
84,Oudemolsedijk,2021-01-06,18:00:00,4,1,3,FMN GV 18 Kasterlee
84,Oudemolsedijk,2021-01-06,19:00:00,2,2,0,FMN GV 18 Kasterlee
84,Oudemolsedijk,2021-01-06,20:00:00,10,3,7,FMN GV 18 Kasterlee
84,Oudemolsedijk,2021-01-06,21:00:00,0,0,0,FMN GV 18 Kasterlee
84,Oudemolsedijk,2021-01-06,22:00:00,0,0,0,FMN GV 18 Kasterlee
84,Oudemolsedijk,2021-01-06,23:00:00,0,0,0,FMN GV 18 Kasterlee
84,Oudemolsedijk,2021-01-07,00:00:00,0,0,0,FMN GV 18 Kasterlee
84,Oudemolsedijk,2021-01-07,01:00:00,0,0,0,FMN GV 18 Kasterlee
84,Oudemolsedijk,2021-01-07,02:00:00,0,0,0,FMN GV 18 Kasterlee
84,Oudemolsedijk,2021-01-07,03:00:00,0,0,0,FMN GV 18 Kasterlee
84,Oudemolsedijk,2021-01-07,04:00:00,1,1,0,FMN GV 18 Kasterlee
84,Oudemolsedijk,2021-01-07,05:00:00,3,3,0,FMN GV 18 Kasterlee
84,Oudemolsedijk,2021-01-07,06:00:00,4,0,4,FMN GV 18 Kasterlee
84,Oudemolsedijk,2021-01-07,07:00:00,6,4,2,FMN GV 18 Kasterlee
84,Oudemolsedijk,2021-01-07,08:00:00,3,1,2,FMN GV 18 Kasterlee
84,Oudemolsedijk,2021-01-07,09:00:00,4,0,4,FMN GV 18 Kasterlee
84,Oudemolsedijk,2021-01-07,10:00:00,3,0,3,FMN GV 18 Kasterlee
84,Oudemolsedijk,2021-01-07,11:00:00,3,3,0,FMN GV 18 Kasterlee
84,Oudemolsedijk,2021-01-07,12:00:00,5,3,2,FMN GV 18 Kasterlee
84,Oudemolsedijk,2021-01-07,13:00:00,5,1,4,FMN GV 18 Kasterlee
84,Oudemolsedijk,2021-01-07,14:00:00,7,3,4,FMN GV 18 Kasterlee
84,Oudemolsedijk,2021-01-07,15:00:00,10,9,1,FMN GV 18 Kasterlee
84,Oudemolsedijk,2021-01-07,16:00:00,10,5,5,FMN GV 18 Kasterlee
84,Oudemolsedijk,2021-01-07,17:00:00,6,4,2,FMN GV 18 Kasterlee
84,Oudemolsedijk,2021-01-07,18:00:00,1,1,0,FMN GV 18 Kasterlee
84,Oudemolsedijk,2021-01-07,19:00:00,0,0,0,FMN GV 18 Kasterlee
84,Oudemolsedijk,2021-01-07,20:00:00,2,1,1,FMN GV 18 Kasterlee
84,Oudemolsedijk,2021-01-07,21:00:00,1,1,0,FMN GV 18 Kasterlee
84,Oudemolsedijk,2021-01-07,22:00:00,0,0,0,FMN GV 18 Kasterlee
84,Oudemolsedijk,2021-01-07,23:00:00,0,0,0,FMN GV 18 Kasterlee
84,Oudemolsedijk,2021-01-08,00:00:00,0,0,0,FMN GV 18 Kasterlee
84,Oudemolsedijk,2021-01-08,01:00:00,0,0,0,FMN GV 18 Kasterlee
84,Oudemolsedijk,2021-01-08,02:00:00,0,0,0,FMN GV 18 Kasterlee
84,Oudemolsedijk,2021-01-08,03:00:00,0,0,0,FMN GV 18 Kasterlee
84,Oudemolsedijk,2021-01-08,04:00:00,1,1,0,FMN GV 18 Kasterlee
84,Oudemolsedijk,2021-01-08,05:00:00,0,0,0,FMN GV 18 Kasterlee
84,Oudemolsedijk,2021-01-08,06:00:00,4,0,4,FMN GV 18 Kasterlee
84,Oudemolsedijk,2021-01-08,07:00:00,4,3,1,FMN GV 18 Kasterlee
84,Oudemolsedijk,2021-01-08,08:00:00,4,3,1,FMN GV 18 Kasterlee
84,Oudemolsedijk,2021-01-08,09:00:00,0,0,0,FMN GV 18 Kasterlee
84,Oudemolsedijk,2021-01-08,10:00:00,0,0,0,FMN GV 18 Kasterlee
84,Oudemolsedijk,2021-01-08,11:00:00,0,0,0,FMN GV 18 Kasterlee
84,Oudemolsedijk,2021-01-08,12:00:00,4,1,3,FMN GV 18 Kasterlee
84,Oudemolsedijk,2021-01-08,13:00:00,6,5,1,FMN GV 18 Kasterlee
84,Oudemolsedijk,2021-01-08,14:00:00,22,10,12,FMN GV 18 Kasterlee
84,Oudemolsedijk,2021-01-08,15:00:00,12,6,6,FMN GV 18 Kasterlee
84,Oudemolsedijk,2021-01-08,16:00:00,11,2,9,FMN GV 18 Kasterlee
84,Oudemolsedijk,2021-01-08,17:00:00,3,1,2,FMN GV 18 Kasterlee
84,Oudemolsedijk,2021-01-08,18:00:00,0,0,0,FMN GV 18 Kasterlee
84,Oudemolsedijk,2021-01-08,19:00:00,0,0,0,FMN GV 18 Kasterlee
84,Oudemolsedijk,2021-01-08,20:00:00,0,0,0,FMN GV 18 Kasterlee
84,Oudemolsedijk,2021-01-08,21:00:00,1,0,1,FMN GV 18 Kasterlee
84,Oudemolsedijk,2021-01-08,22:00:00,0,0,0,FMN GV 18 Kasterlee
84,Oudemolsedijk,2021-01-08,23:00:00,0,0,0,FMN GV 18 Kasterlee
84,Oudemolsedijk,2021-01-09,00:00:00,0,0,0,FMN GV 18 Kasterlee
84,Oudemolsedijk,2021-01-09,01:00:00,0,0,0,FMN GV 18 Kasterlee
84,Oudemolsedijk,2021-01-09,02:00:00,0,0,0,FMN GV 18 Kasterlee
84,Oudemolsedijk,2021-01-09,03:00:00,0,0,0,FMN GV 18 Kasterlee
84,Oudemolsedijk,2021-01-09,04:00:00,0,0,0,FMN GV 18 Kasterlee
84,Oudemolsedijk,2021-01-09,05:00:00,1,0,1,FMN GV 18 Kasterlee
84,Oudemolsedijk,2021-01-09,06:00:00,0,0,0,FMN GV 18 Kasterlee
84,Oudemolsedijk,2021-01-09,07:00:00,0,0,0,FMN GV 18 Kasterlee
84,Oudemolsedijk,2021-01-09,08:00:00,1,0,1,FMN GV 18 Kasterlee
84,Oudemolsedijk,2021-01-09,09:00:00,6,5,1,FMN GV 18 Kasterlee
84,Oudemolsedijk,2021-01-09,10:00:00,9,3,6,FMN GV 18 Kasterlee
84,Oudemolsedijk,2021-01-09,11:00:00,15,7,8,FMN GV 18 Kasterlee
84,Oudemolsedijk,2021-01-09,12:00:00,22,7,15,FMN GV 18 Kasterlee
84,Oudemolsedijk,2021-01-09,13:00:00,27,22,5,FMN GV 18 Kasterlee
84,Oudemolsedijk,2021-01-09,14:00:00,30,14,16,FMN GV 18 Kasterlee
84,Oudemolsedijk,2021-01-09,15:00:00,37,24,13,FMN GV 18 Kasterlee
84,Oudemolsedijk,2021-01-09,16:00:00,7,5,2,FMN GV 18 Kasterlee
84,Oudemolsedijk,2021-01-09,17:00:00,0,0,0,FMN GV 18 Kasterlee
84,Oudemolsedijk,2021-01-09,18:00:00,0,0,0,FMN GV 18 Kasterlee
84,Oudemolsedijk,2021-01-09,19:00:00,0,0,0,FMN GV 18 Kasterlee
84,Oudemolsedijk,2021-01-09,20:00:00,4,4,0,FMN GV 18 Kasterlee
84,Oudemolsedijk,2021-01-09,21:00:00,0,0,0,FMN GV 18 Kasterlee
84,Oudemolsedijk,2021-01-09,22:00:00,0,0,0,FMN GV 18 Kasterlee
84,Oudemolsedijk,2021-01-09,23:00:00,6,1,5,FMN GV 18 Kasterlee
84,Oudemolsedijk,2021-01-10,00:00:00,0,0,0,FMN GV 18 Kasterlee
84,Oudemolsedijk,2021-01-10,01:00:00,0,0,0,FMN GV 18 Kasterlee
84,Oudemolsedijk,2021-01-10,02:00:00,0,0,0,FMN GV 18 Kasterlee
84,Oudemolsedijk,2021-01-10,03:00:00,0,0,0,FMN GV 18 Kasterlee
84,Oudemolsedijk,2021-01-10,04:00:00,0,0,0,FMN GV 18 Kasterlee
84,Oudemolsedijk,2021-01-10,05:00:00,0,0,0,FMN GV 18 Kasterlee
84,Oudemolsedijk,2021-01-10,06:00:00,0,0,0,FMN GV 18 Kasterlee
84,Oudemolsedijk,2021-01-10,07:00:00,1,0,1,FMN GV 18 Kasterlee
84,Oudemolsedijk,2021-01-10,08:00:00,9,3,6,FMN GV 18 Kasterlee
84,Oudemolsedijk,2021-01-10,09:00:00,31,14,17,FMN GV 18 Kasterlee
84,Oudemolsedijk,2021-01-10,10:00:00,50,32,18,FMN GV 18 Kasterlee
84,Oudemolsedijk,2021-01-10,11:00:00,52,27,25,FMN GV 18 Kasterlee
84,Oudemolsedijk,2021-01-10,12:00:00,19,15,4,FMN GV 18 Kasterlee
84,Oudemolsedijk,2021-01-10,13:00:00,34,13,21,FMN GV 18 Kasterlee
84,Oudemolsedijk,2021-01-10,14:00:00,41,21,20,FMN GV 18 Kasterlee
84,Oudemolsedijk,2021-01-10,15:00:00,25,9,16,FMN GV 18 Kasterlee
84,Oudemolsedijk,2021-01-10,16:00:00,12,8,4,FMN GV 18 Kasterlee
84,Oudemolsedijk,2021-01-10,17:00:00,4,0,4,FMN GV 18 Kasterlee
84,Oudemolsedijk,2021-01-10,18:00:00,0,0,0,FMN GV 18 Kasterlee
84,Oudemolsedijk,2021-01-10,19:00:00,1,0,1,FMN GV 18 Kasterlee
84,Oudemolsedijk,2021-01-10,20:00:00,1,1,0,FMN GV 18 Kasterlee
84,Oudemolsedijk,2021-01-10,21:00:00,0,0,0,FMN GV 18 Kasterlee
84,Oudemolsedijk,2021-01-10,22:00:00,0,0,0,FMN GV 18 Kasterlee
84,Oudemolsedijk,2021-01-10,23:00:00,0,0,0,FMN GV 18 Kasterlee
84,Oudemolsedijk,2021-01-11,00:00:00,1,0,1,FMN GV 18 Kasterlee
84,Oudemolsedijk,2021-01-11,01:00:00,0,0,0,FMN GV 18 Kasterlee
84,Oudemolsedijk,2021-01-11,02:00:00,0,0,0,FMN GV 18 Kasterlee
84,Oudemolsedijk,2021-01-11,03:00:00,0,0,0,FMN GV 18 Kasterlee
84,Oudemolsedijk,2021-01-11,04:00:00,1,1,0,FMN GV 18 Kasterlee
84,Oudemolsedijk,2021-01-11,05:00:00,3,3,0,FMN GV 18 Kasterlee
84,Oudemolsedijk,2021-01-11,06:00:00,5,0,5,FMN GV 18 Kasterlee
84,Oudemolsedijk,2021-01-11,07:00:00,9,4,5,FMN GV 18 Kasterlee
84,Oudemolsedijk,2021-01-11,08:00:00,7,4,3,FMN GV 18 Kasterlee
84,Oudemolsedijk,2021-01-11,09:00:00,3,3,0,FMN GV 18 Kasterlee
84,Oudemolsedijk,2021-01-11,10:00:00,4,3,1,FMN GV 18 Kasterlee
84,Oudemolsedijk,2021-01-11,11:00:00,0,0,0,FMN GV 18 Kasterlee
84,Oudemolsedijk,2021-01-11,12:00:00,6,5,1,FMN GV 18 Kasterlee
84,Oudemolsedijk,2021-01-11,13:00:00,12,3,9,FMN GV 18 Kasterlee
84,Oudemolsedijk,2021-01-11,14:00:00,19,13,6,FMN GV 18 Kasterlee
84,Oudemolsedijk,2021-01-11,15:00:00,13,6,7,FMN GV 18 Kasterlee
84,Oudemolsedijk,2021-01-11,16:00:00,17,6,11,FMN GV 18 Kasterlee
84,Oudemolsedijk,2021-01-11,17:00:00,8,6,2,FMN GV 18 Kasterlee
84,Oudemolsedijk,2021-01-11,18:00:00,2,1,1,FMN GV 18 Kasterlee
84,Oudemolsedijk,2021-01-11,19:00:00,0,0,0,FMN GV 18 Kasterlee
84,Oudemolsedijk,2021-01-11,20:00:00,2,2,0,FMN GV 18 Kasterlee
84,Oudemolsedijk,2021-01-11,21:00:00,1,0,1,FMN GV 18 Kasterlee
84,Oudemolsedijk,2021-01-11,22:00:00,2,0,2,FMN GV 18 Kasterlee
84,Oudemolsedijk,2021-01-11,23:00:00,0,0,0,FMN GV 18 Kasterlee
84,Oudemolsedijk,2021-01-12,00:00:00,0,0,0,FMN GV 18 Kasterlee
84,Oudemolsedijk,2021-01-12,01:00:00,0,0,0,FMN GV 18 Kasterlee
84,Oudemolsedijk,2021-01-12,02:00:00,0,0,0,FMN GV 18 Kasterlee
84,Oudemolsedijk,2021-01-12,03:00:00,0,0,0,FMN GV 18 Kasterlee
84,Oudemolsedijk,2021-01-12,04:00:00,1,1,0,FMN GV 18 Kasterlee
84,Oudemolsedijk,2021-01-12,05:00:00,0,0,0,FMN GV 18 Kasterlee
84,Oudemolsedijk,2021-01-12,06:00:00,1,0,1,FMN GV 18 Kasterlee
84,Oudemolsedijk,2021-01-12,07:00:00,1,1,0,FMN GV 18 Kasterlee
84,Oudemolsedijk,2021-01-12,08:00:00,3,2,1,FMN GV 18 Kasterlee
84,Oudemolsedijk,2021-01-12,09:00:00,5,3,2,FMN GV 18 Kasterlee
84,Oudemolsedijk,2021-01-12,10:00:00,1,1,0,FMN GV 18 Kasterlee
84,Oudemolsedijk,2021-01-12,11:00:00,1,1,0,FMN GV 18 Kasterlee
84,Oudemolsedijk,2021-01-12,12:00:00,10,5,5,FMN GV 18 Kasterlee
84,Oudemolsedijk,2021-01-12,13:00:00,20,13,7,FMN GV 18 Kasterlee
84,Oudemolsedijk,2021-01-12,14:00:00,29,12,17,FMN GV 18 Kasterlee
84,Oudemolsedijk,2021-01-12,15:00:00,25,17,8,FMN GV 18 Kasterlee
84,Oudemolsedijk,2021-01-12,16:00:00,12,9,3,FMN GV 18 Kasterlee
84,Oudemolsedijk,2021-01-12,17:00:00,6,1,5,FMN GV 18 Kasterlee
84,Oudemolsedijk,2021-01-12,18:00:00,5,4,1,FMN GV 18 Kasterlee
84,Oudemolsedijk,2021-01-12,19:00:00,1,0,1,FMN GV 18 Kasterlee
84,Oudemolsedijk,2021-01-12,20:00:00,1,0,1,FMN GV 18 Kasterlee
84,Oudemolsedijk,2021-01-12,21:00:00,2,0,2,FMN GV 18 Kasterlee
84,Oudemolsedijk,2021-01-12,22:00:00,2,0,2,FMN GV 18 Kasterlee
84,Oudemolsedijk,2021-01-12,23:00:00,0,0,0,FMN GV 18 Kasterlee
84,Oudemolsedijk,2021-01-13,00:00:00,0,0,0,FMN GV 18 Kasterlee
84,Oudemolsedijk,2021-01-13,01:00:00,0,0,0,FMN GV 18 Kasterlee
84,Oudemolsedijk,2021-01-13,02:00:00,0,0,0,FMN GV 18 Kasterlee
84,Oudemolsedijk,2021-01-13,03:00:00,0,0,0,FMN GV 18 Kasterlee
84,Oudemolsedijk,2021-01-13,04:00:00,0,0,0,FMN GV 18 Kasterlee
84,Oudemolsedijk,2021-01-13,05:00:00,3,3,0,FMN GV 18 Kasterlee
84,Oudemolsedijk,2021-01-13,06:00:00,7,2,5,FMN GV 18 Kasterlee
84,Oudemolsedijk,2021-01-13,07:00:00,9,6,3,FMN GV 18 Kasterlee
84,Oudemolsedijk,2021-01-13,08:00:00,10,5,5,FMN GV 18 Kasterlee
84,Oudemolsedijk,2021-01-13,09:00:00,8,7,1,FMN GV 18 Kasterlee
84,Oudemolsedijk,2021-01-13,10:00:00,6,3,3,FMN GV 18 Kasterlee
84,Oudemolsedijk,2021-01-13,11:00:00,8,5,3,FMN GV 18 Kasterlee
84,Oudemolsedijk,2021-01-13,12:00:00,22,9,13,FMN GV 18 Kasterlee
84,Oudemolsedijk,2021-01-13,13:00:00,31,15,16,FMN GV 18 Kasterlee
84,Oudemolsedijk,2021-01-13,14:00:00,55,29,26,FMN GV 18 Kasterlee
84,Oudemolsedijk,2021-01-13,15:00:00,32,20,12,FMN GV 18 Kasterlee
84,Oudemolsedijk,2021-01-13,16:00:00,26,17,9,FMN GV 18 Kasterlee
84,Oudemolsedijk,2021-01-13,17:00:00,14,7,7,FMN GV 18 Kasterlee
84,Oudemolsedijk,2021-01-13,18:00:00,3,0,3,FMN GV 18 Kasterlee
84,Oudemolsedijk,2021-01-13,19:00:00,7,7,0,FMN GV 18 Kasterlee
84,Oudemolsedijk,2021-01-13,20:00:00,13,13,0,FMN GV 18 Kasterlee
84,Oudemolsedijk,2021-01-13,21:00:00,3,2,1,FMN GV 18 Kasterlee
84,Oudemolsedijk,2021-01-13,22:00:00,3,1,2,FMN GV 18 Kasterlee
84,Oudemolsedijk,2021-01-13,23:00:00,0,0,0,FMN GV 18 Kasterlee
84,Oudemolsedijk,2021-01-14,00:00:00,0,0,0,FMN GV 18 Kasterlee
84,Oudemolsedijk,2021-01-14,01:00:00,0,0,0,FMN GV 18 Kasterlee
84,Oudemolsedijk,2021-01-14,02:00:00,0,0,0,FMN GV 18 Kasterlee
84,Oudemolsedijk,2021-01-14,03:00:00,0,0,0,FMN GV 18 Kasterlee
84,Oudemolsedijk,2021-01-14,04:00:00,0,0,0,FMN GV 18 Kasterlee
84,Oudemolsedijk,2021-01-14,05:00:00,0,0,0,FMN GV 18 Kasterlee
84,Oudemolsedijk,2021-01-14,06:00:00,7,2,5,FMN GV 18 Kasterlee
84,Oudemolsedijk,2021-01-14,07:00:00,6,5,1,FMN GV 18 Kasterlee
84,Oudemolsedijk,2021-01-14,08:00:00,9,3,6,FMN GV 18 Kasterlee
84,Oudemolsedijk,2021-01-14,09:00:00,8,4,4,FMN GV 18 Kasterlee
84,Oudemolsedijk,2021-01-14,10:00:00,2,0,2,FMN GV 18 Kasterlee
84,Oudemolsedijk,2021-01-14,11:00:00,3,3,0,FMN GV 18 Kasterlee
84,Oudemolsedijk,2021-01-14,12:00:00,14,9,5,FMN GV 18 Kasterlee
84,Oudemolsedijk,2021-01-14,13:00:00,10,5,5,FMN GV 18 Kasterlee
84,Oudemolsedijk,2021-01-14,14:00:00,16,11,5,FMN GV 18 Kasterlee
84,Oudemolsedijk,2021-01-14,15:00:00,10,6,4,FMN GV 18 Kasterlee
84,Oudemolsedijk,2021-01-14,16:00:00,18,8,10,FMN GV 18 Kasterlee
84,Oudemolsedijk,2021-01-14,17:00:00,8,3,5,FMN GV 18 Kasterlee
84,Oudemolsedijk,2021-01-14,18:00:00,4,4,0,FMN GV 18 Kasterlee
84,Oudemolsedijk,2021-01-14,19:00:00,0,0,0,FMN GV 18 Kasterlee
84,Oudemolsedijk,2021-01-14,20:00:00,3,1,2,FMN GV 18 Kasterlee
84,Oudemolsedijk,2021-01-14,21:00:00,1,0,1,FMN GV 18 Kasterlee
84,Oudemolsedijk,2021-01-14,22:00:00,3,0,3,FMN GV 18 Kasterlee
84,Oudemolsedijk,2021-01-14,23:00:00,0,0,0,FMN GV 18 Kasterlee
84,Oudemolsedijk,2021-01-15,00:00:00,0,0,0,FMN GV 18 Kasterlee
84,Oudemolsedijk,2021-01-15,01:00:00,0,0,0,FMN GV 18 Kasterlee
84,Oudemolsedijk,2021-01-15,02:00:00,0,0,0,FMN GV 18 Kasterlee
84,Oudemolsedijk,2021-01-15,03:00:00,3,2,1,FMN GV 18 Kasterlee
84,Oudemolsedijk,2021-01-15,04:00:00,0,0,0,FMN GV 18 Kasterlee
84,Oudemolsedijk,2021-01-15,05:00:00,0,0,0,FMN GV 18 Kasterlee
84,Oudemolsedijk,2021-01-15,06:00:00,6,2,4,FMN GV 18 Kasterlee
84,Oudemolsedijk,2021-01-15,07:00:00,10,4,6,FMN GV 18 Kasterlee
84,Oudemolsedijk,2021-01-15,08:00:00,11,7,4,FMN GV 18 Kasterlee
84,Oudemolsedijk,2021-01-15,09:00:00,5,3,2,FMN GV 18 Kasterlee
84,Oudemolsedijk,2021-01-15,10:00:00,7,5,2,FMN GV 18 Kasterlee
84,Oudemolsedijk,2021-01-15,11:00:00,9,7,2,FMN GV 18 Kasterlee
84,Oudemolsedijk,2021-01-15,12:00:00,12,8,4,FMN GV 18 Kasterlee
84,Oudemolsedijk,2021-01-15,13:00:00,20,6,14,FMN GV 18 Kasterlee
84,Oudemolsedijk,2021-01-15,14:00:00,24,15,9,FMN GV 18 Kasterlee
84,Oudemolsedijk,2021-01-15,15:00:00,15,6,9,FMN GV 18 Kasterlee
84,Oudemolsedijk,2021-01-15,16:00:00,21,5,16,FMN GV 18 Kasterlee
84,Oudemolsedijk,2021-01-15,17:00:00,15,10,5,FMN GV 18 Kasterlee
84,Oudemolsedijk,2021-01-15,18:00:00,6,4,2,FMN GV 18 Kasterlee
84,Oudemolsedijk,2021-01-15,19:00:00,1,1,0,FMN GV 18 Kasterlee
84,Oudemolsedijk,2021-01-15,20:00:00,0,0,0,FMN GV 18 Kasterlee
84,Oudemolsedijk,2021-01-15,21:00:00,0,0,0,FMN GV 18 Kasterlee
84,Oudemolsedijk,2021-01-15,22:00:00,1,0,1,FMN GV 18 Kasterlee
84,Oudemolsedijk,2021-01-15,23:00:00,0,0,0,FMN GV 18 Kasterlee
84,Oudemolsedijk,2021-01-16,00:00:00,0,0,0,FMN GV 18 Kasterlee
84,Oudemolsedijk,2021-01-16,01:00:00,0,0,0,FMN GV 18 Kasterlee
84,Oudemolsedijk,2021-01-16,02:00:00,0,0,0,FMN GV 18 Kasterlee
84,Oudemolsedijk,2021-01-16,03:00:00,0,0,0,FMN GV 18 Kasterlee
84,Oudemolsedijk,2021-01-16,04:00:00,0,0,0,FMN GV 18 Kasterlee
84,Oudemolsedijk,2021-01-16,05:00:00,0,0,0,FMN GV 18 Kasterlee
84,Oudemolsedijk,2021-01-16,06:00:00,1,0,1,FMN GV 18 Kasterlee
84,Oudemolsedijk,2021-01-16,07:00:00,2,1,1,FMN GV 18 Kasterlee
84,Oudemolsedijk,2021-01-16,08:00:00,1,0,1,FMN GV 18 Kasterlee
84,Oudemolsedijk,2021-01-16,09:00:00,11,8,3,FMN GV 18 Kasterlee
84,Oudemolsedijk,2021-01-16,10:00:00,21,10,11,FMN GV 18 Kasterlee
84,Oudemolsedijk,2021-01-16,11:00:00,37,17,20,FMN GV 18 Kasterlee
84,Oudemolsedijk,2021-01-16,12:00:00,22,14,8,FMN GV 18 Kasterlee
84,Oudemolsedijk,2021-01-16,13:00:00,13,8,5,FMN GV 18 Kasterlee
84,Oudemolsedijk,2021-01-16,14:00:00,6,5,1,FMN GV 18 Kasterlee
84,Oudemolsedijk,2021-01-16,15:00:00,11,10,1,FMN GV 18 Kasterlee
84,Oudemolsedijk,2021-01-16,16:00:00,2,1,1,FMN GV 18 Kasterlee
84,Oudemolsedijk,2021-01-16,17:00:00,2,1,1,FMN GV 18 Kasterlee
84,Oudemolsedijk,2021-01-16,18:00:00,7,5,2,FMN GV 18 Kasterlee
84,Oudemolsedijk,2021-01-16,19:00:00,0,0,0,FMN GV 18 Kasterlee
84,Oudemolsedijk,2021-01-16,20:00:00,0,0,0,FMN GV 18 Kasterlee
84,Oudemolsedijk,2021-01-16,21:00:00,0,0,0,FMN GV 18 Kasterlee
84,Oudemolsedijk,2021-01-16,22:00:00,0,0,0,FMN GV 18 Kasterlee
84,Oudemolsedijk,2021-01-16,23:00:00,0,0,0,FMN GV 18 Kasterlee
84,Oudemolsedijk,2021-01-17,00:00:00,0,0,0,FMN GV 18 Kasterlee
84,Oudemolsedijk,2021-01-17,01:00:00,0,0,0,FMN GV 18 Kasterlee
84,Oudemolsedijk,2021-01-17,02:00:00,0,0,0,FMN GV 18 Kasterlee
84,Oudemolsedijk,2021-01-17,03:00:00,0,0,0,FMN GV 18 Kasterlee
84,Oudemolsedijk,2021-01-17,04:00:00,0,0,0,FMN GV 18 Kasterlee
84,Oudemolsedijk,2021-01-17,05:00:00,0,0,0,FMN GV 18 Kasterlee
84,Oudemolsedijk,2021-01-17,06:00:00,0,0,0,FMN GV 18 Kasterlee
84,Oudemolsedijk,2021-01-17,07:00:00,0,0,0,FMN GV 18 Kasterlee
84,Oudemolsedijk,2021-01-17,08:00:00,5,0,5,FMN GV 18 Kasterlee
84,Oudemolsedijk,2021-01-17,09:00:00,24,8,16,FMN GV 18 Kasterlee
84,Oudemolsedijk,2021-01-17,10:00:00,22,12,10,FMN GV 18 Kasterlee
84,Oudemolsedijk,2021-01-17,11:00:00,32,17,15,FMN GV 18 Kasterlee
84,Oudemolsedijk,2021-01-17,12:00:00,12,7,5,FMN GV 18 Kasterlee
84,Oudemolsedijk,2021-01-17,13:00:00,8,6,2,FMN GV 18 Kasterlee
84,Oudemolsedijk,2021-01-17,14:00:00,4,2,2,FMN GV 18 Kasterlee
84,Oudemolsedijk,2021-01-17,15:00:00,14,11,3,FMN GV 18 Kasterlee
84,Oudemolsedijk,2021-01-17,16:00:00,5,1,4,FMN GV 18 Kasterlee
84,Oudemolsedijk,2021-01-17,17:00:00,1,0,1,FMN GV 18 Kasterlee
84,Oudemolsedijk,2021-01-17,18:00:00,0,0,0,FMN GV 18 Kasterlee
84,Oudemolsedijk,2021-01-17,19:00:00,2,0,2,FMN GV 18 Kasterlee
84,Oudemolsedijk,2021-01-17,20:00:00,0,0,0,FMN GV 18 Kasterlee
84,Oudemolsedijk,2021-01-17,21:00:00,0,0,0,FMN GV 18 Kasterlee
84,Oudemolsedijk,2021-01-17,22:00:00,1,0,1,FMN GV 18 Kasterlee
84,Oudemolsedijk,2021-01-17,23:00:00,0,0,0,FMN GV 18 Kasterlee
84,Oudemolsedijk,2021-01-18,00:00:00,0,0,0,FMN GV 18 Kasterlee
84,Oudemolsedijk,2021-01-18,01:00:00,0,0,0,FMN GV 18 Kasterlee
84,Oudemolsedijk,2021-01-18,02:00:00,0,0,0,FMN GV 18 Kasterlee
84,Oudemolsedijk,2021-01-18,03:00:00,0,0,0,FMN GV 18 Kasterlee
84,Oudemolsedijk,2021-01-18,04:00:00,1,1,0,FMN GV 18 Kasterlee
84,Oudemolsedijk,2021-01-18,05:00:00,4,4,0,FMN GV 18 Kasterlee
84,Oudemolsedijk,2021-01-18,06:00:00,7,3,4,FMN GV 18 Kasterlee
84,Oudemolsedijk,2021-01-18,07:00:00,7,3,4,FMN GV 18 Kasterlee
84,Oudemolsedijk,2021-01-18,08:00:00,15,7,8,FMN GV 18 Kasterlee
84,Oudemolsedijk,2021-01-18,09:00:00,4,2,2,FMN GV 18 Kasterlee
84,Oudemolsedijk,2021-01-18,10:00:00,9,5,4,FMN GV 18 Kasterlee
84,Oudemolsedijk,2021-01-18,11:00:00,11,5,6,FMN GV 18 Kasterlee
84,Oudemolsedijk,2021-01-18,12:00:00,15,6,9,FMN GV 18 Kasterlee
84,Oudemolsedijk,2021-01-18,13:00:00,19,9,10,FMN GV 18 Kasterlee
84,Oudemolsedijk,2021-01-18,14:00:00,40,19,21,FMN GV 18 Kasterlee
84,Oudemolsedijk,2021-01-18,15:00:00,30,22,8,FMN GV 18 Kasterlee
84,Oudemolsedijk,2021-01-18,16:00:00,24,15,9,FMN GV 18 Kasterlee
84,Oudemolsedijk,2021-01-18,17:00:00,7,3,4,FMN GV 18 Kasterlee
84,Oudemolsedijk,2021-01-18,18:00:00,5,2,3,FMN GV 18 Kasterlee
84,Oudemolsedijk,2021-01-18,19:00:00,4,0,4,FMN GV 18 Kasterlee
84,Oudemolsedijk,2021-01-18,20:00:00,3,3,0,FMN GV 18 Kasterlee
84,Oudemolsedijk,2021-01-18,21:00:00,0,0,0,FMN GV 18 Kasterlee
84,Oudemolsedijk,2021-01-18,22:00:00,0,0,0,FMN GV 18 Kasterlee
84,Oudemolsedijk,2021-01-18,23:00:00,0,0,0,FMN GV 18 Kasterlee
84,Oudemolsedijk,2021-01-19,00:00:00,0,0,0,FMN GV 18 Kasterlee
84,Oudemolsedijk,2021-01-19,01:00:00,0,0,0,FMN GV 18 Kasterlee
84,Oudemolsedijk,2021-01-19,02:00:00,0,0,0,FMN GV 18 Kasterlee
84,Oudemolsedijk,2021-01-19,03:00:00,0,0,0,FMN GV 18 Kasterlee
84,Oudemolsedijk,2021-01-19,04:00:00,1,1,0,FMN GV 18 Kasterlee
84,Oudemolsedijk,2021-01-19,05:00:00,2,2,0,FMN GV 18 Kasterlee
84,Oudemolsedijk,2021-01-19,06:00:00,4,1,3,FMN GV 18 Kasterlee
84,Oudemolsedijk,2021-01-19,07:00:00,2,1,1,FMN GV 18 Kasterlee
84,Oudemolsedijk,2021-01-19,08:00:00,4,3,1,FMN GV 18 Kasterlee
84,Oudemolsedijk,2021-01-19,09:00:00,2,1,1,FMN GV 18 Kasterlee
84,Oudemolsedijk,2021-01-19,10:00:00,1,0,1,FMN GV 18 Kasterlee
84,Oudemolsedijk,2021-01-19,11:00:00,2,1,1,FMN GV 18 Kasterlee
84,Oudemolsedijk,2021-01-19,12:00:00,0,0,0,FMN GV 18 Kasterlee
84,Oudemolsedijk,2021-01-19,13:00:00,6,1,5,FMN GV 18 Kasterlee
84,Oudemolsedijk,2021-01-19,14:00:00,6,2,4,FMN GV 18 Kasterlee
84,Oudemolsedijk,2021-01-19,15:00:00,5,1,4,FMN GV 18 Kasterlee
84,Oudemolsedijk,2021-01-19,16:00:00,5,3,2,FMN GV 18 Kasterlee
84,Oudemolsedijk,2021-01-19,17:00:00,3,1,2,FMN GV 18 Kasterlee
84,Oudemolsedijk,2021-01-19,18:00:00,0,0,0,FMN GV 18 Kasterlee
84,Oudemolsedijk,2021-01-19,19:00:00,0,0,0,FMN GV 18 Kasterlee
84,Oudemolsedijk,2021-01-19,20:00:00,1,0,1,FMN GV 18 Kasterlee
84,Oudemolsedijk,2021-01-19,21:00:00,2,2,0,FMN GV 18 Kasterlee
84,Oudemolsedijk,2021-01-19,22:00:00,0,0,0,FMN GV 18 Kasterlee
84,Oudemolsedijk,2021-01-19,23:00:00,0,0,0,FMN GV 18 Kasterlee
84,Oudemolsedijk,2021-01-20,00:00:00,0,0,0,FMN GV 18 Kasterlee
84,Oudemolsedijk,2021-01-20,01:00:00,0,0,0,FMN GV 18 Kasterlee
84,Oudemolsedijk,2021-01-20,02:00:00,1,0,1,FMN GV 18 Kasterlee
84,Oudemolsedijk,2021-01-20,03:00:00,0,0,0,FMN GV 18 Kasterlee
84,Oudemolsedijk,2021-01-20,04:00:00,2,2,0,FMN GV 18 Kasterlee
84,Oudemolsedijk,2021-01-20,05:00:00,1,1,0,FMN GV 18 Kasterlee
84,Oudemolsedijk,2021-01-20,06:00:00,8,4,4,FMN GV 18 Kasterlee
84,Oudemolsedijk,2021-01-20,07:00:00,5,2,3,FMN GV 18 Kasterlee
84,Oudemolsedijk,2021-01-20,08:00:00,7,3,4,FMN GV 18 Kasterlee
84,Oudemolsedijk,2021-01-20,09:00:00,6,4,2,FMN GV 18 Kasterlee
84,Oudemolsedijk,2021-01-20,10:00:00,14,6,8,FMN GV 18 Kasterlee
84,Oudemolsedijk,2021-01-20,11:00:00,19,13,6,FMN GV 18 Kasterlee
84,Oudemolsedijk,2021-01-20,12:00:00,21,14,7,FMN GV 18 Kasterlee
84,Oudemolsedijk,2021-01-20,13:00:00,29,18,11,FMN GV 18 Kasterlee
84,Oudemolsedijk,2021-01-20,14:00:00,48,14,34,FMN GV 18 Kasterlee
84,Oudemolsedijk,2021-01-20,15:00:00,37,24,13,FMN GV 18 Kasterlee
84,Oudemolsedijk,2021-01-20,16:00:00,30,12,18,FMN GV 18 Kasterlee
84,Oudemolsedijk,2021-01-20,17:00:00,8,6,2,FMN GV 18 Kasterlee
84,Oudemolsedijk,2021-01-20,18:00:00,0,0,0,FMN GV 18 Kasterlee
84,Oudemolsedijk,2021-01-20,19:00:00,11,5,6,FMN GV 18 Kasterlee
84,Oudemolsedijk,2021-01-20,20:00:00,19,4,15,FMN GV 18 Kasterlee
84,Oudemolsedijk,2021-01-20,21:00:00,0,0,0,FMN GV 18 Kasterlee
84,Oudemolsedijk,2021-01-20,22:00:00,0,0,0,FMN GV 18 Kasterlee
84,Oudemolsedijk,2021-01-20,23:00:00,0,0,0,FMN GV 18 Kasterlee
84,Oudemolsedijk,2021-01-21,00:00:00,0,0,0,FMN GV 18 Kasterlee
84,Oudemolsedijk,2021-01-21,01:00:00,0,0,0,FMN GV 18 Kasterlee
84,Oudemolsedijk,2021-01-21,02:00:00,0,0,0,FMN GV 18 Kasterlee
84,Oudemolsedijk,2021-01-21,03:00:00,0,0,0,FMN GV 18 Kasterlee
84,Oudemolsedijk,2021-01-21,04:00:00,0,0,0,FMN GV 18 Kasterlee
84,Oudemolsedijk,2021-01-21,05:00:00,1,1,0,FMN GV 18 Kasterlee
84,Oudemolsedijk,2021-01-21,06:00:00,6,1,5,FMN GV 18 Kasterlee
84,Oudemolsedijk,2021-01-21,07:00:00,5,3,2,FMN GV 18 Kasterlee
84,Oudemolsedijk,2021-01-21,08:00:00,10,6,4,FMN GV 18 Kasterlee
84,Oudemolsedijk,2021-01-21,09:00:00,5,3,2,FMN GV 18 Kasterlee
84,Oudemolsedijk,2021-01-21,10:00:00,9,7,2,FMN GV 18 Kasterlee
84,Oudemolsedijk,2021-01-21,11:00:00,9,6,3,FMN GV 18 Kasterlee
84,Oudemolsedijk,2021-01-21,12:00:00,13,6,7,FMN GV 18 Kasterlee
84,Oudemolsedijk,2021-01-21,13:00:00,28,12,16,FMN GV 18 Kasterlee
84,Oudemolsedijk,2021-01-21,14:00:00,11,3,8,FMN GV 18 Kasterlee
84,Oudemolsedijk,2021-01-21,15:00:00,28,16,12,FMN GV 18 Kasterlee
84,Oudemolsedijk,2021-01-21,16:00:00,13,9,4,FMN GV 18 Kasterlee
84,Oudemolsedijk,2021-01-21,17:00:00,13,9,4,FMN GV 18 Kasterlee
84,Oudemolsedijk,2021-01-21,18:00:00,2,1,1,FMN GV 18 Kasterlee
84,Oudemolsedijk,2021-01-21,19:00:00,1,0,1,FMN GV 18 Kasterlee
84,Oudemolsedijk,2021-01-21,20:00:00,2,1,1,FMN GV 18 Kasterlee
84,Oudemolsedijk,2021-01-21,21:00:00,0,0,0,FMN GV 18 Kasterlee
84,Oudemolsedijk,2021-01-21,22:00:00,0,0,0,FMN GV 18 Kasterlee
84,Oudemolsedijk,2021-01-21,23:00:00,0,0,0,FMN GV 18 Kasterlee
84,Oudemolsedijk,2021-01-22,00:00:00,0,0,0,FMN GV 18 Kasterlee
84,Oudemolsedijk,2021-01-22,01:00:00,0,0,0,FMN GV 18 Kasterlee
84,Oudemolsedijk,2021-01-22,02:00:00,0,0,0,FMN GV 18 Kasterlee
84,Oudemolsedijk,2021-01-22,03:00:00,0,0,0,FMN GV 18 Kasterlee
84,Oudemolsedijk,2021-01-22,04:00:00,1,1,0,FMN GV 18 Kasterlee
84,Oudemolsedijk,2021-01-22,05:00:00,2,2,0,FMN GV 18 Kasterlee
84,Oudemolsedijk,2021-01-22,06:00:00,6,3,3,FMN GV 18 Kasterlee
84,Oudemolsedijk,2021-01-22,07:00:00,11,5,6,FMN GV 18 Kasterlee
84,Oudemolsedijk,2021-01-22,08:00:00,13,6,7,FMN GV 18 Kasterlee
84,Oudemolsedijk,2021-01-22,09:00:00,10,5,5,FMN GV 18 Kasterlee
84,Oudemolsedijk,2021-01-22,10:00:00,8,3,5,FMN GV 18 Kasterlee
84,Oudemolsedijk,2021-01-22,11:00:00,5,4,1,FMN GV 18 Kasterlee
84,Oudemolsedijk,2021-01-22,12:00:00,22,10,12,FMN GV 18 Kasterlee
84,Oudemolsedijk,2021-01-22,13:00:00,36,20,16,FMN GV 18 Kasterlee
84,Oudemolsedijk,2021-01-22,14:00:00,65,30,35,FMN GV 18 Kasterlee
84,Oudemolsedijk,2021-01-22,15:00:00,38,20,18,FMN GV 18 Kasterlee
84,Oudemolsedijk,2021-01-22,16:00:00,44,25,19,FMN GV 18 Kasterlee
84,Oudemolsedijk,2021-01-22,17:00:00,16,11,5,FMN GV 18 Kasterlee
84,Oudemolsedijk,2021-01-22,18:00:00,1,1,0,FMN GV 18 Kasterlee
84,Oudemolsedijk,2021-01-22,19:00:00,1,0,1,FMN GV 18 Kasterlee
84,Oudemolsedijk,2021-01-22,20:00:00,0,0,0,FMN GV 18 Kasterlee
84,Oudemolsedijk,2021-01-22,21:00:00,0,0,0,FMN GV 18 Kasterlee
84,Oudemolsedijk,2021-01-22,22:00:00,0,0,0,FMN GV 18 Kasterlee
84,Oudemolsedijk,2021-01-22,23:00:00,0,0,0,FMN GV 18 Kasterlee
84,Oudemolsedijk,2021-01-23,00:00:00,0,0,0,FMN GV 18 Kasterlee
84,Oudemolsedijk,2021-01-23,01:00:00,0,0,0,FMN GV 18 Kasterlee
84,Oudemolsedijk,2021-01-23,02:00:00,0,0,0,FMN GV 18 Kasterlee
84,Oudemolsedijk,2021-01-23,03:00:00,0,0,0,FMN GV 18 Kasterlee
84,Oudemolsedijk,2021-01-23,04:00:00,1,1,0,FMN GV 18 Kasterlee
84,Oudemolsedijk,2021-01-23,05:00:00,0,0,0,FMN GV 18 Kasterlee
84,Oudemolsedijk,2021-01-23,06:00:00,1,0,1,FMN GV 18 Kasterlee
84,Oudemolsedijk,2021-01-23,07:00:00,0,0,0,FMN GV 18 Kasterlee
84,Oudemolsedijk,2021-01-23,08:00:00,4,1,3,FMN GV 18 Kasterlee
84,Oudemolsedijk,2021-01-23,09:00:00,15,6,9,FMN GV 18 Kasterlee
84,Oudemolsedijk,2021-01-23,10:00:00,17,8,9,FMN GV 18 Kasterlee
84,Oudemolsedijk,2021-01-23,11:00:00,20,13,7,FMN GV 18 Kasterlee
84,Oudemolsedijk,2021-01-23,12:00:00,37,20,17,FMN GV 18 Kasterlee
84,Oudemolsedijk,2021-01-23,13:00:00,41,23,18,FMN GV 18 Kasterlee
84,Oudemolsedijk,2021-01-23,14:00:00,37,20,17,FMN GV 18 Kasterlee
84,Oudemolsedijk,2021-01-23,15:00:00,17,9,8,FMN GV 18 Kasterlee
84,Oudemolsedijk,2021-01-23,16:00:00,15,9,6,FMN GV 18 Kasterlee
84,Oudemolsedijk,2021-01-23,17:00:00,2,1,1,FMN GV 18 Kasterlee
84,Oudemolsedijk,2021-01-23,18:00:00,3,2,1,FMN GV 18 Kasterlee
84,Oudemolsedijk,2021-01-23,19:00:00,0,0,0,FMN GV 18 Kasterlee
84,Oudemolsedijk,2021-01-23,20:00:00,1,1,0,FMN GV 18 Kasterlee
84,Oudemolsedijk,2021-01-23,21:00:00,0,0,0,FMN GV 18 Kasterlee
84,Oudemolsedijk,2021-01-23,22:00:00,0,0,0,FMN GV 18 Kasterlee
84,Oudemolsedijk,2021-01-23,23:00:00,0,0,0,FMN GV 18 Kasterlee
84,Oudemolsedijk,2021-01-24,00:00:00,0,0,0,FMN GV 18 Kasterlee
84,Oudemolsedijk,2021-01-24,01:00:00,0,0,0,FMN GV 18 Kasterlee
84,Oudemolsedijk,2021-01-24,02:00:00,0,0,0,FMN GV 18 Kasterlee
84,Oudemolsedijk,2021-01-24,03:00:00,0,0,0,FMN GV 18 Kasterlee
84,Oudemolsedijk,2021-01-24,04:00:00,1,1,0,FMN GV 18 Kasterlee
84,Oudemolsedijk,2021-01-24,05:00:00,0,0,0,FMN GV 18 Kasterlee
84,Oudemolsedijk,2021-01-24,06:00:00,0,0,0,FMN GV 18 Kasterlee
84,Oudemolsedijk,2021-01-24,07:00:00,3,2,1,FMN GV 18 Kasterlee
84,Oudemolsedijk,2021-01-24,08:00:00,5,3,2,FMN GV 18 Kasterlee
84,Oudemolsedijk,2021-01-24,09:00:00,11,8,3,FMN GV 18 Kasterlee
84,Oudemolsedijk,2021-01-24,10:00:00,36,24,12,FMN GV 18 Kasterlee
84,Oudemolsedijk,2021-01-24,11:00:00,30,16,14,FMN GV 18 Kasterlee
84,Oudemolsedijk,2021-01-24,12:00:00,23,13,10,FMN GV 18 Kasterlee
84,Oudemolsedijk,2021-01-24,13:00:00,19,11,8,FMN GV 18 Kasterlee
84,Oudemolsedijk,2021-01-24,14:00:00,20,11,9,FMN GV 18 Kasterlee
84,Oudemolsedijk,2021-01-24,15:00:00,15,7,8,FMN GV 18 Kasterlee
84,Oudemolsedijk,2021-01-24,16:00:00,5,2,3,FMN GV 18 Kasterlee
84,Oudemolsedijk,2021-01-24,17:00:00,2,1,1,FMN GV 18 Kasterlee
84,Oudemolsedijk,2021-01-24,18:00:00,1,0,1,FMN GV 18 Kasterlee
84,Oudemolsedijk,2021-01-24,19:00:00,0,0,0,FMN GV 18 Kasterlee
84,Oudemolsedijk,2021-01-24,20:00:00,0,0,0,FMN GV 18 Kasterlee
84,Oudemolsedijk,2021-01-24,21:00:00,0,0,0,FMN GV 18 Kasterlee
84,Oudemolsedijk,2021-01-24,22:00:00,0,0,0,FMN GV 18 Kasterlee
84,Oudemolsedijk,2021-01-24,23:00:00,0,0,0,FMN GV 18 Kasterlee
84,Oudemolsedijk,2021-01-25,00:00:00,0,0,0,FMN GV 18 Kasterlee
84,Oudemolsedijk,2021-01-25,01:00:00,0,0,0,FMN GV 18 Kasterlee
84,Oudemolsedijk,2021-01-25,02:00:00,0,0,0,FMN GV 18 Kasterlee
84,Oudemolsedijk,2021-01-25,03:00:00,0,0,0,FMN GV 18 Kasterlee
84,Oudemolsedijk,2021-01-25,04:00:00,0,0,0,FMN GV 18 Kasterlee
84,Oudemolsedijk,2021-01-25,05:00:00,3,3,0,FMN GV 18 Kasterlee
84,Oudemolsedijk,2021-01-25,06:00:00,3,1,2,FMN GV 18 Kasterlee
84,Oudemolsedijk,2021-01-25,07:00:00,6,2,4,FMN GV 18 Kasterlee
84,Oudemolsedijk,2021-01-25,08:00:00,4,2,2,FMN GV 18 Kasterlee
84,Oudemolsedijk,2021-01-25,09:00:00,4,1,3,FMN GV 18 Kasterlee
84,Oudemolsedijk,2021-01-25,10:00:00,1,1,0,FMN GV 18 Kasterlee
84,Oudemolsedijk,2021-01-25,11:00:00,3,3,0,FMN GV 18 Kasterlee
84,Oudemolsedijk,2021-01-25,12:00:00,8,5,3,FMN GV 18 Kasterlee
84,Oudemolsedijk,2021-01-25,13:00:00,15,9,6,FMN GV 18 Kasterlee
84,Oudemolsedijk,2021-01-25,14:00:00,28,10,18,FMN GV 18 Kasterlee
84,Oudemolsedijk,2021-01-25,15:00:00,15,8,7,FMN GV 18 Kasterlee
84,Oudemolsedijk,2021-01-25,16:00:00,16,3,13,FMN GV 18 Kasterlee
84,Oudemolsedijk,2021-01-25,17:00:00,8,5,3,FMN GV 18 Kasterlee
84,Oudemolsedijk,2021-01-25,18:00:00,5,5,0,FMN GV 18 Kasterlee
84,Oudemolsedijk,2021-01-25,19:00:00,0,0,0,FMN GV 18 Kasterlee
84,Oudemolsedijk,2021-01-25,20:00:00,1,0,1,FMN GV 18 Kasterlee
84,Oudemolsedijk,2021-01-25,21:00:00,1,0,1,FMN GV 18 Kasterlee
84,Oudemolsedijk,2021-01-25,22:00:00,2,0,2,FMN GV 18 Kasterlee
84,Oudemolsedijk,2021-01-25,23:00:00,0,0,0,FMN GV 18 Kasterlee
84,Oudemolsedijk,2021-01-26,00:00:00,0,0,0,FMN GV 18 Kasterlee
84,Oudemolsedijk,2021-01-26,01:00:00,0,0,0,FMN GV 18 Kasterlee
84,Oudemolsedijk,2021-01-26,02:00:00,0,0,0,FMN GV 18 Kasterlee
84,Oudemolsedijk,2021-01-26,03:00:00,0,0,0,FMN GV 18 Kasterlee
84,Oudemolsedijk,2021-01-26,04:00:00,0,0,0,FMN GV 18 Kasterlee
84,Oudemolsedijk,2021-01-26,05:00:00,2,2,0,FMN GV 18 Kasterlee
84,Oudemolsedijk,2021-01-26,06:00:00,5,3,2,FMN GV 18 Kasterlee
84,Oudemolsedijk,2021-01-26,07:00:00,12,5,7,FMN GV 18 Kasterlee
84,Oudemolsedijk,2021-01-26,08:00:00,9,6,3,FMN GV 18 Kasterlee
84,Oudemolsedijk,2021-01-26,09:00:00,11,5,6,FMN GV 18 Kasterlee
84,Oudemolsedijk,2021-01-26,10:00:00,8,5,3,FMN GV 18 Kasterlee
84,Oudemolsedijk,2021-01-26,11:00:00,15,7,8,FMN GV 18 Kasterlee
84,Oudemolsedijk,2021-01-26,12:00:00,18,12,6,FMN GV 18 Kasterlee
84,Oudemolsedijk,2021-01-26,13:00:00,45,22,23,FMN GV 18 Kasterlee
84,Oudemolsedijk,2021-01-26,14:00:00,72,44,28,FMN GV 18 Kasterlee
84,Oudemolsedijk,2021-01-26,15:00:00,39,28,11,FMN GV 18 Kasterlee
84,Oudemolsedijk,2021-01-26,16:00:00,24,14,10,FMN GV 18 Kasterlee
84,Oudemolsedijk,2021-01-26,17:00:00,15,10,5,FMN GV 18 Kasterlee
84,Oudemolsedijk,2021-01-26,18:00:00,5,3,2,FMN GV 18 Kasterlee
84,Oudemolsedijk,2021-01-26,19:00:00,2,1,1,FMN GV 18 Kasterlee
84,Oudemolsedijk,2021-01-26,20:00:00,1,0,1,FMN GV 18 Kasterlee
84,Oudemolsedijk,2021-01-26,21:00:00,2,0,2,FMN GV 18 Kasterlee
84,Oudemolsedijk,2021-01-26,22:00:00,2,0,2,FMN GV 18 Kasterlee
84,Oudemolsedijk,2021-01-26,23:00:00,0,0,0,FMN GV 18 Kasterlee
84,Oudemolsedijk,2021-01-27,00:00:00,0,0,0,FMN GV 18 Kasterlee
84,Oudemolsedijk,2021-01-27,01:00:00,0,0,0,FMN GV 18 Kasterlee
84,Oudemolsedijk,2021-01-27,02:00:00,0,0,0,FMN GV 18 Kasterlee
84,Oudemolsedijk,2021-01-27,03:00:00,0,0,0,FMN GV 18 Kasterlee
84,Oudemolsedijk,2021-01-27,04:00:00,0,0,0,FMN GV 18 Kasterlee
84,Oudemolsedijk,2021-01-27,05:00:00,1,1,0,FMN GV 18 Kasterlee
84,Oudemolsedijk,2021-01-27,06:00:00,6,3,3,FMN GV 18 Kasterlee
84,Oudemolsedijk,2021-01-27,07:00:00,10,7,3,FMN GV 18 Kasterlee
84,Oudemolsedijk,2021-01-27,08:00:00,8,3,5,FMN GV 18 Kasterlee
84,Oudemolsedijk,2021-01-27,09:00:00,5,3,2,FMN GV 18 Kasterlee
84,Oudemolsedijk,2021-01-27,10:00:00,4,4,0,FMN GV 18 Kasterlee
84,Oudemolsedijk,2021-01-27,11:00:00,3,1,2,FMN GV 18 Kasterlee
84,Oudemolsedijk,2021-01-27,12:00:00,20,8,12,FMN GV 18 Kasterlee
84,Oudemolsedijk,2021-01-27,13:00:00,12,6,6,FMN GV 18 Kasterlee
84,Oudemolsedijk,2021-01-27,14:00:00,12,5,7,FMN GV 18 Kasterlee
84,Oudemolsedijk,2021-01-27,15:00:00,8,4,4,FMN GV 18 Kasterlee
84,Oudemolsedijk,2021-01-27,16:00:00,10,4,6,FMN GV 18 Kasterlee
84,Oudemolsedijk,2021-01-27,17:00:00,6,3,3,FMN GV 18 Kasterlee
84,Oudemolsedijk,2021-01-27,18:00:00,3,0,3,FMN GV 18 Kasterlee
84,Oudemolsedijk,2021-01-27,19:00:00,3,2,1,FMN GV 18 Kasterlee
84,Oudemolsedijk,2021-01-27,20:00:00,13,5,8,FMN GV 18 Kasterlee
84,Oudemolsedijk,2021-01-27,21:00:00,1,0,1,FMN GV 18 Kasterlee
84,Oudemolsedijk,2021-01-27,22:00:00,1,0,1,FMN GV 18 Kasterlee
84,Oudemolsedijk,2021-01-27,23:00:00,0,0,0,FMN GV 18 Kasterlee
84,Oudemolsedijk,2021-01-28,00:00:00,0,0,0,FMN GV 18 Kasterlee
84,Oudemolsedijk,2021-01-28,01:00:00,0,0,0,FMN GV 18 Kasterlee
84,Oudemolsedijk,2021-01-28,02:00:00,0,0,0,FMN GV 18 Kasterlee
84,Oudemolsedijk,2021-01-28,03:00:00,0,0,0,FMN GV 18 Kasterlee
84,Oudemolsedijk,2021-01-28,04:00:00,0,0,0,FMN GV 18 Kasterlee
84,Oudemolsedijk,2021-01-28,05:00:00,1,1,0,FMN GV 18 Kasterlee
84,Oudemolsedijk,2021-01-28,06:00:00,0,0,0,FMN GV 18 Kasterlee
84,Oudemolsedijk,2021-01-28,07:00:00,5,3,2,FMN GV 18 Kasterlee
84,Oudemolsedijk,2021-01-28,08:00:00,4,3,1,FMN GV 18 Kasterlee
84,Oudemolsedijk,2021-01-28,09:00:00,3,1,2,FMN GV 18 Kasterlee
84,Oudemolsedijk,2021-01-28,10:00:00,8,4,4,FMN GV 18 Kasterlee
84,Oudemolsedijk,2021-01-28,11:00:00,0,0,0,FMN GV 18 Kasterlee
84,Oudemolsedijk,2021-01-28,12:00:00,2,1,1,FMN GV 18 Kasterlee
84,Oudemolsedijk,2021-01-28,13:00:00,2,0,2,FMN GV 18 Kasterlee
84,Oudemolsedijk,2021-01-28,14:00:00,1,0,1,FMN GV 18 Kasterlee
84,Oudemolsedijk,2021-01-28,15:00:00,5,2,3,FMN GV 18 Kasterlee
84,Oudemolsedijk,2021-01-28,16:00:00,4,2,2,FMN GV 18 Kasterlee
84,Oudemolsedijk,2021-01-28,17:00:00,8,2,6,FMN GV 18 Kasterlee
84,Oudemolsedijk,2021-01-28,18:00:00,0,0,0,FMN GV 18 Kasterlee
84,Oudemolsedijk,2021-01-28,19:00:00,0,0,0,FMN GV 18 Kasterlee
84,Oudemolsedijk,2021-01-28,20:00:00,1,0,1,FMN GV 18 Kasterlee
84,Oudemolsedijk,2021-01-28,21:00:00,1,0,1,FMN GV 18 Kasterlee
84,Oudemolsedijk,2021-01-28,22:00:00,0,0,0,FMN GV 18 Kasterlee
84,Oudemolsedijk,2021-01-28,23:00:00,0,0,0,FMN GV 18 Kasterlee
84,Oudemolsedijk,2021-01-29,00:00:00,0,0,0,FMN GV 18 Kasterlee
84,Oudemolsedijk,2021-01-29,01:00:00,0,0,0,FMN GV 18 Kasterlee
84,Oudemolsedijk,2021-01-29,02:00:00,0,0,0,FMN GV 18 Kasterlee
84,Oudemolsedijk,2021-01-29,03:00:00,0,0,0,FMN GV 18 Kasterlee
84,Oudemolsedijk,2021-01-29,04:00:00,0,0,0,FMN GV 18 Kasterlee
84,Oudemolsedijk,2021-01-29,05:00:00,0,0,0,FMN GV 18 Kasterlee
84,Oudemolsedijk,2021-01-29,06:00:00,1,0,1,FMN GV 18 Kasterlee
84,Oudemolsedijk,2021-01-29,07:00:00,5,3,2,FMN GV 18 Kasterlee
84,Oudemolsedijk,2021-01-29,08:00:00,6,5,1,FMN GV 18 Kasterlee
84,Oudemolsedijk,2021-01-29,09:00:00,6,3,3,FMN GV 18 Kasterlee
84,Oudemolsedijk,2021-01-29,10:00:00,14,11,3,FMN GV 18 Kasterlee
84,Oudemolsedijk,2021-01-29,11:00:00,5,3,2,FMN GV 18 Kasterlee
84,Oudemolsedijk,2021-01-29,12:00:00,9,4,5,FMN GV 18 Kasterlee
84,Oudemolsedijk,2021-01-29,13:00:00,13,6,7,FMN GV 18 Kasterlee
84,Oudemolsedijk,2021-01-29,14:00:00,9,6,3,FMN GV 18 Kasterlee
84,Oudemolsedijk,2021-01-29,15:00:00,12,6,6,FMN GV 18 Kasterlee
84,Oudemolsedijk,2021-01-29,16:00:00,20,11,9,FMN GV 18 Kasterlee
84,Oudemolsedijk,2021-01-29,17:00:00,5,3,2,FMN GV 18 Kasterlee
84,Oudemolsedijk,2021-01-29,18:00:00,6,1,5,FMN GV 18 Kasterlee
84,Oudemolsedijk,2021-01-29,19:00:00,0,0,0,FMN GV 18 Kasterlee
84,Oudemolsedijk,2021-01-29,20:00:00,0,0,0,FMN GV 18 Kasterlee
84,Oudemolsedijk,2021-01-29,21:00:00,0,0,0,FMN GV 18 Kasterlee
84,Oudemolsedijk,2021-01-29,22:00:00,1,0,1,FMN GV 18 Kasterlee
84,Oudemolsedijk,2021-01-29,23:00:00,0,0,0,FMN GV 18 Kasterlee
84,Oudemolsedijk,2021-01-30,00:00:00,1,0,1,FMN GV 18 Kasterlee
84,Oudemolsedijk,2021-01-30,01:00:00,0,0,0,FMN GV 18 Kasterlee
84,Oudemolsedijk,2021-01-30,02:00:00,0,0,0,FMN GV 18 Kasterlee
84,Oudemolsedijk,2021-01-30,03:00:00,0,0,0,FMN GV 18 Kasterlee
84,Oudemolsedijk,2021-01-30,04:00:00,0,0,0,FMN GV 18 Kasterlee
84,Oudemolsedijk,2021-01-30,05:00:00,4,2,2,FMN GV 18 Kasterlee
84,Oudemolsedijk,2021-01-30,06:00:00,3,2,1,FMN GV 18 Kasterlee
84,Oudemolsedijk,2021-01-30,07:00:00,0,0,0,FMN GV 18 Kasterlee
84,Oudemolsedijk,2021-01-30,08:00:00,2,0,2,FMN GV 18 Kasterlee
84,Oudemolsedijk,2021-01-30,09:00:00,2,2,0,FMN GV 18 Kasterlee
84,Oudemolsedijk,2021-01-30,10:00:00,6,3,3,FMN GV 18 Kasterlee
84,Oudemolsedijk,2021-01-30,11:00:00,13,10,3,FMN GV 18 Kasterlee
84,Oudemolsedijk,2021-01-30,12:00:00,3,1,2,FMN GV 18 Kasterlee
84,Oudemolsedijk,2021-01-30,13:00:00,3,0,3,FMN GV 18 Kasterlee
84,Oudemolsedijk,2021-01-30,14:00:00,10,6,4,FMN GV 18 Kasterlee
84,Oudemolsedijk,2021-01-30,15:00:00,7,4,3,FMN GV 18 Kasterlee
84,Oudemolsedijk,2021-01-30,16:00:00,4,4,0,FMN GV 18 Kasterlee
84,Oudemolsedijk,2021-01-30,17:00:00,5,4,1,FMN GV 18 Kasterlee
84,Oudemolsedijk,2021-01-30,18:00:00,1,0,1,FMN GV 18 Kasterlee
84,Oudemolsedijk,2021-01-30,19:00:00,0,0,0,FMN GV 18 Kasterlee
84,Oudemolsedijk,2021-01-30,20:00:00,1,1,0,FMN GV 18 Kasterlee
84,Oudemolsedijk,2021-01-30,21:00:00,1,0,1,FMN GV 18 Kasterlee
84,Oudemolsedijk,2021-01-30,22:00:00,0,0,0,FMN GV 18 Kasterlee
84,Oudemolsedijk,2021-01-30,23:00:00,0,0,0,FMN GV 18 Kasterlee
84,Oudemolsedijk,2021-01-31,00:00:00,0,0,0,FMN GV 18 Kasterlee
84,Oudemolsedijk,2021-01-31,01:00:00,0,0,0,FMN GV 18 Kasterlee
84,Oudemolsedijk,2021-01-31,02:00:00,0,0,0,FMN GV 18 Kasterlee
84,Oudemolsedijk,2021-01-31,03:00:00,0,0,0,FMN GV 18 Kasterlee
84,Oudemolsedijk,2021-01-31,04:00:00,0,0,0,FMN GV 18 Kasterlee
84,Oudemolsedijk,2021-01-31,05:00:00,4,3,1,FMN GV 18 Kasterlee
84,Oudemolsedijk,2021-01-31,06:00:00,0,0,0,FMN GV 18 Kasterlee
84,Oudemolsedijk,2021-01-31,07:00:00,1,0,1,FMN GV 18 Kasterlee
84,Oudemolsedijk,2021-01-31,08:00:00,7,0,7,FMN GV 18 Kasterlee
84,Oudemolsedijk,2021-01-31,09:00:00,44,22,22,FMN GV 18 Kasterlee
84,Oudemolsedijk,2021-01-31,10:00:00,56,38,18,FMN GV 18 Kasterlee
84,Oudemolsedijk,2021-01-31,11:00:00,84,50,34,FMN GV 18 Kasterlee
84,Oudemolsedijk,2021-01-31,12:00:00,46,28,18,FMN GV 18 Kasterlee
84,Oudemolsedijk,2021-01-31,13:00:00,28,19,9,FMN GV 18 Kasterlee
84,Oudemolsedijk,2021-01-31,14:00:00,51,23,28,FMN GV 18 Kasterlee
84,Oudemolsedijk,2021-01-31,15:00:00,26,11,15,FMN GV 18 Kasterlee
84,Oudemolsedijk,2021-01-31,16:00:00,12,8,4,FMN GV 18 Kasterlee
84,Oudemolsedijk,2021-01-31,17:00:00,7,3,4,FMN GV 18 Kasterlee
84,Oudemolsedijk,2021-01-31,18:00:00,1,0,1,FMN GV 18 Kasterlee
84,Oudemolsedijk,2021-01-31,19:00:00,0,0,0,FMN GV 18 Kasterlee
84,Oudemolsedijk,2021-01-31,20:00:00,0,0,0,FMN GV 18 Kasterlee
84,Oudemolsedijk,2021-01-31,21:00:00,0,0,0,FMN GV 18 Kasterlee
84,Oudemolsedijk,2021-01-31,22:00:00,0,0,0,FMN GV 18 Kasterlee
84,Oudemolsedijk,2021-01-31,23:00:00,0,0,0,FMN GV 18 Kasterlee
84,Oudemolsedijk,2021-02-01,00:00:00,0,0,0,FMN GV 18 Kasterlee
84,Oudemolsedijk,2021-02-01,01:00:00,0,0,0,FMN GV 18 Kasterlee
84,Oudemolsedijk,2021-02-01,02:00:00,0,0,0,FMN GV 18 Kasterlee
84,Oudemolsedijk,2021-02-01,03:00:00,0,0,0,FMN GV 18 Kasterlee
84,Oudemolsedijk,2021-02-01,04:00:00,3,2,1,FMN GV 18 Kasterlee
84,Oudemolsedijk,2021-02-01,05:00:00,4,4,0,FMN GV 18 Kasterlee
84,Oudemolsedijk,2021-02-01,06:00:00,3,0,3,FMN GV 18 Kasterlee
84,Oudemolsedijk,2021-02-01,07:00:00,5,2,3,FMN GV 18 Kasterlee
84,Oudemolsedijk,2021-02-01,08:00:00,12,7,5,FMN GV 18 Kasterlee
84,Oudemolsedijk,2021-02-01,09:00:00,4,2,2,FMN GV 18 Kasterlee
84,Oudemolsedijk,2021-02-01,10:00:00,6,4,2,FMN GV 18 Kasterlee
84,Oudemolsedijk,2021-02-01,11:00:00,11,3,8,FMN GV 18 Kasterlee
84,Oudemolsedijk,2021-02-01,12:00:00,8,5,3,FMN GV 18 Kasterlee
84,Oudemolsedijk,2021-02-01,13:00:00,23,8,15,FMN GV 18 Kasterlee
84,Oudemolsedijk,2021-02-01,14:00:00,38,13,25,FMN GV 18 Kasterlee
84,Oudemolsedijk,2021-02-01,15:00:00,23,19,4,FMN GV 18 Kasterlee
84,Oudemolsedijk,2021-02-01,16:00:00,14,9,5,FMN GV 18 Kasterlee
84,Oudemolsedijk,2021-02-01,17:00:00,18,4,14,FMN GV 18 Kasterlee
84,Oudemolsedijk,2021-02-01,18:00:00,1,0,1,FMN GV 18 Kasterlee
84,Oudemolsedijk,2021-02-01,19:00:00,2,2,0,FMN GV 18 Kasterlee
84,Oudemolsedijk,2021-02-01,20:00:00,2,1,1,FMN GV 18 Kasterlee
84,Oudemolsedijk,2021-02-01,21:00:00,0,0,0,FMN GV 18 Kasterlee
84,Oudemolsedijk,2021-02-01,22:00:00,2,0,2,FMN GV 18 Kasterlee
84,Oudemolsedijk,2021-02-01,23:00:00,0,0,0,FMN GV 18 Kasterlee
84,Oudemolsedijk,2021-02-02,00:00:00,0,0,0,FMN GV 18 Kasterlee
84,Oudemolsedijk,2021-02-02,01:00:00,0,0,0,FMN GV 18 Kasterlee
84,Oudemolsedijk,2021-02-02,02:00:00,0,0,0,FMN GV 18 Kasterlee
84,Oudemolsedijk,2021-02-02,03:00:00,0,0,0,FMN GV 18 Kasterlee
84,Oudemolsedijk,2021-02-02,04:00:00,1,1,0,FMN GV 18 Kasterlee
84,Oudemolsedijk,2021-02-02,05:00:00,4,4,0,FMN GV 18 Kasterlee
84,Oudemolsedijk,2021-02-02,06:00:00,5,2,3,FMN GV 18 Kasterlee
84,Oudemolsedijk,2021-02-02,07:00:00,4,3,1,FMN GV 18 Kasterlee
84,Oudemolsedijk,2021-02-02,08:00:00,6,4,2,FMN GV 18 Kasterlee
84,Oudemolsedijk,2021-02-02,09:00:00,2,1,1,FMN GV 18 Kasterlee
84,Oudemolsedijk,2021-02-02,10:00:00,3,1,2,FMN GV 18 Kasterlee
84,Oudemolsedijk,2021-02-02,11:00:00,1,1,0,FMN GV 18 Kasterlee
84,Oudemolsedijk,2021-02-02,12:00:00,1,0,1,FMN GV 18 Kasterlee
84,Oudemolsedijk,2021-02-02,13:00:00,5,1,4,FMN GV 18 Kasterlee
84,Oudemolsedijk,2021-02-02,14:00:00,13,4,9,FMN GV 18 Kasterlee
84,Oudemolsedijk,2021-02-02,15:00:00,14,6,8,FMN GV 18 Kasterlee
84,Oudemolsedijk,2021-02-02,16:00:00,10,4,6,FMN GV 18 Kasterlee
84,Oudemolsedijk,2021-02-02,17:00:00,9,4,5,FMN GV 18 Kasterlee
84,Oudemolsedijk,2021-02-02,18:00:00,8,1,7,FMN GV 18 Kasterlee
84,Oudemolsedijk,2021-02-02,19:00:00,1,0,1,FMN GV 18 Kasterlee
84,Oudemolsedijk,2021-02-02,20:00:00,2,1,1,FMN GV 18 Kasterlee
84,Oudemolsedijk,2021-02-02,21:00:00,0,0,0,FMN GV 18 Kasterlee
84,Oudemolsedijk,2021-02-02,22:00:00,1,0,1,FMN GV 18 Kasterlee
84,Oudemolsedijk,2021-02-02,23:00:00,0,0,0,FMN GV 18 Kasterlee
84,Oudemolsedijk,2021-02-03,00:00:00,0,0,0,FMN GV 18 Kasterlee
84,Oudemolsedijk,2021-02-03,01:00:00,0,0,0,FMN GV 18 Kasterlee
84,Oudemolsedijk,2021-02-03,02:00:00,0,0,0,FMN GV 18 Kasterlee
84,Oudemolsedijk,2021-02-03,03:00:00,0,0,0,FMN GV 18 Kasterlee
84,Oudemolsedijk,2021-02-03,04:00:00,1,1,0,FMN GV 18 Kasterlee
84,Oudemolsedijk,2021-02-03,05:00:00,1,1,0,FMN GV 18 Kasterlee
84,Oudemolsedijk,2021-02-03,06:00:00,7,1,6,FMN GV 18 Kasterlee
84,Oudemolsedijk,2021-02-03,07:00:00,8,4,4,FMN GV 18 Kasterlee
84,Oudemolsedijk,2021-02-03,08:00:00,5,3,2,FMN GV 18 Kasterlee
84,Oudemolsedijk,2021-02-03,09:00:00,0,0,0,FMN GV 18 Kasterlee
84,Oudemolsedijk,2021-02-03,10:00:00,2,2,0,FMN GV 18 Kasterlee
84,Oudemolsedijk,2021-02-03,11:00:00,0,0,0,FMN GV 18 Kasterlee
84,Oudemolsedijk,2021-02-03,12:00:00,4,2,2,FMN GV 18 Kasterlee
84,Oudemolsedijk,2021-02-03,13:00:00,3,2,1,FMN GV 18 Kasterlee
84,Oudemolsedijk,2021-02-03,14:00:00,2,0,2,FMN GV 18 Kasterlee
84,Oudemolsedijk,2021-02-03,15:00:00,2,1,1,FMN GV 18 Kasterlee
84,Oudemolsedijk,2021-02-03,16:00:00,7,4,3,FMN GV 18 Kasterlee
84,Oudemolsedijk,2021-02-03,17:00:00,3,2,1,FMN GV 18 Kasterlee
84,Oudemolsedijk,2021-02-03,18:00:00,0,0,0,FMN GV 18 Kasterlee
84,Oudemolsedijk,2021-02-03,19:00:00,1,1,0,FMN GV 18 Kasterlee
84,Oudemolsedijk,2021-02-03,20:00:00,0,0,0,FMN GV 18 Kasterlee
84,Oudemolsedijk,2021-02-03,21:00:00,0,0,0,FMN GV 18 Kasterlee
84,Oudemolsedijk,2021-02-03,22:00:00,0,0,0,FMN GV 18 Kasterlee
84,Oudemolsedijk,2021-02-03,23:00:00,0,0,0,FMN GV 18 Kasterlee
84,Oudemolsedijk,2021-02-04,00:00:00,0,0,0,FMN GV 18 Kasterlee
84,Oudemolsedijk,2021-02-04,01:00:00,0,0,0,FMN GV 18 Kasterlee
84,Oudemolsedijk,2021-02-04,02:00:00,0,0,0,FMN GV 18 Kasterlee
84,Oudemolsedijk,2021-02-04,03:00:00,0,0,0,FMN GV 18 Kasterlee
84,Oudemolsedijk,2021-02-04,04:00:00,2,2,0,FMN GV 18 Kasterlee
84,Oudemolsedijk,2021-02-04,05:00:00,5,5,0,FMN GV 18 Kasterlee
84,Oudemolsedijk,2021-02-04,06:00:00,8,3,5,FMN GV 18 Kasterlee
84,Oudemolsedijk,2021-02-04,07:00:00,11,7,4,FMN GV 18 Kasterlee
84,Oudemolsedijk,2021-02-04,08:00:00,10,5,5,FMN GV 18 Kasterlee
84,Oudemolsedijk,2021-02-04,09:00:00,7,4,3,FMN GV 18 Kasterlee
84,Oudemolsedijk,2021-02-04,10:00:00,16,6,10,FMN GV 18 Kasterlee
84,Oudemolsedijk,2021-02-04,11:00:00,33,19,14,FMN GV 18 Kasterlee
84,Oudemolsedijk,2021-02-04,12:00:00,35,11,24,FMN GV 18 Kasterlee
84,Oudemolsedijk,2021-02-04,13:00:00,97,49,48,FMN GV 18 Kasterlee
84,Oudemolsedijk,2021-02-04,14:00:00,98,59,39,FMN GV 18 Kasterlee
84,Oudemolsedijk,2021-02-04,15:00:00,63,34,29,FMN GV 18 Kasterlee
84,Oudemolsedijk,2021-02-04,16:00:00,32,13,19,FMN GV 18 Kasterlee
84,Oudemolsedijk,2021-02-04,17:00:00,19,9,10,FMN GV 18 Kasterlee
84,Oudemolsedijk,2021-02-04,18:00:00,5,4,1,FMN GV 18 Kasterlee
84,Oudemolsedijk,2021-02-04,19:00:00,2,0,2,FMN GV 18 Kasterlee
84,Oudemolsedijk,2021-02-04,20:00:00,5,1,4,FMN GV 18 Kasterlee
84,Oudemolsedijk,2021-02-04,21:00:00,0,0,0,FMN GV 18 Kasterlee
84,Oudemolsedijk,2021-02-04,22:00:00,4,1,3,FMN GV 18 Kasterlee
84,Oudemolsedijk,2021-02-04,23:00:00,0,0,0,FMN GV 18 Kasterlee
84,Oudemolsedijk,2021-02-05,00:00:00,0,0,0,FMN GV 18 Kasterlee
84,Oudemolsedijk,2021-02-05,01:00:00,0,0,0,FMN GV 18 Kasterlee
84,Oudemolsedijk,2021-02-05,02:00:00,0,0,0,FMN GV 18 Kasterlee
84,Oudemolsedijk,2021-02-05,03:00:00,0,0,0,FMN GV 18 Kasterlee
84,Oudemolsedijk,2021-02-05,04:00:00,2,2,0,FMN GV 18 Kasterlee
84,Oudemolsedijk,2021-02-05,05:00:00,4,4,0,FMN GV 18 Kasterlee
84,Oudemolsedijk,2021-02-05,06:00:00,5,2,3,FMN GV 18 Kasterlee
84,Oudemolsedijk,2021-02-05,07:00:00,11,6,5,FMN GV 18 Kasterlee
84,Oudemolsedijk,2021-02-05,08:00:00,14,9,5,FMN GV 18 Kasterlee
84,Oudemolsedijk,2021-02-05,09:00:00,10,4,6,FMN GV 18 Kasterlee
84,Oudemolsedijk,2021-02-05,10:00:00,10,7,3,FMN GV 18 Kasterlee
84,Oudemolsedijk,2021-02-05,11:00:00,10,5,5,FMN GV 18 Kasterlee
84,Oudemolsedijk,2021-02-05,12:00:00,24,11,13,FMN GV 18 Kasterlee
84,Oudemolsedijk,2021-02-05,13:00:00,44,18,26,FMN GV 18 Kasterlee
84,Oudemolsedijk,2021-02-05,14:00:00,94,47,47,FMN GV 18 Kasterlee
84,Oudemolsedijk,2021-02-05,15:00:00,63,44,19,FMN GV 18 Kasterlee
84,Oudemolsedijk,2021-02-05,16:00:00,37,16,21,FMN GV 18 Kasterlee
84,Oudemolsedijk,2021-02-05,17:00:00,23,13,10,FMN GV 18 Kasterlee
84,Oudemolsedijk,2021-02-05,18:00:00,10,4,6,FMN GV 18 Kasterlee
84,Oudemolsedijk,2021-02-05,19:00:00,1,0,1,FMN GV 18 Kasterlee
84,Oudemolsedijk,2021-02-05,20:00:00,1,0,1,FMN GV 18 Kasterlee
84,Oudemolsedijk,2021-02-05,21:00:00,0,0,0,FMN GV 18 Kasterlee
84,Oudemolsedijk,2021-02-05,22:00:00,1,0,1,FMN GV 18 Kasterlee
84,Oudemolsedijk,2021-02-05,23:00:00,0,0,0,FMN GV 18 Kasterlee
84,Oudemolsedijk,2021-02-06,00:00:00,0,0,0,FMN GV 18 Kasterlee
84,Oudemolsedijk,2021-02-06,01:00:00,0,0,0,FMN GV 18 Kasterlee
84,Oudemolsedijk,2021-02-06,02:00:00,0,0,0,FMN GV 18 Kasterlee
84,Oudemolsedijk,2021-02-06,03:00:00,0,0,0,FMN GV 18 Kasterlee
84,Oudemolsedijk,2021-02-06,04:00:00,0,0,0,FMN GV 18 Kasterlee
84,Oudemolsedijk,2021-02-06,05:00:00,0,0,0,FMN GV 18 Kasterlee
84,Oudemolsedijk,2021-02-06,06:00:00,0,0,0,FMN GV 18 Kasterlee
84,Oudemolsedijk,2021-02-06,07:00:00,0,0,0,FMN GV 18 Kasterlee
84,Oudemolsedijk,2021-02-06,08:00:00,3,1,2,FMN GV 18 Kasterlee
84,Oudemolsedijk,2021-02-06,09:00:00,8,3,5,FMN GV 18 Kasterlee
84,Oudemolsedijk,2021-02-06,10:00:00,16,9,7,FMN GV 18 Kasterlee
84,Oudemolsedijk,2021-02-06,11:00:00,20,8,12,FMN GV 18 Kasterlee
84,Oudemolsedijk,2021-02-06,12:00:00,41,22,19,FMN GV 18 Kasterlee
84,Oudemolsedijk,2021-02-06,13:00:00,37,21,16,FMN GV 18 Kasterlee
84,Oudemolsedijk,2021-02-06,14:00:00,22,12,10,FMN GV 18 Kasterlee
84,Oudemolsedijk,2021-02-06,15:00:00,13,6,7,FMN GV 18 Kasterlee
84,Oudemolsedijk,2021-02-06,16:00:00,7,3,4,FMN GV 18 Kasterlee
84,Oudemolsedijk,2021-02-06,17:00:00,1,0,1,FMN GV 18 Kasterlee
84,Oudemolsedijk,2021-02-06,18:00:00,4,1,3,FMN GV 18 Kasterlee
84,Oudemolsedijk,2021-02-06,19:00:00,2,1,1,FMN GV 18 Kasterlee
84,Oudemolsedijk,2021-02-06,20:00:00,0,0,0,FMN GV 18 Kasterlee
84,Oudemolsedijk,2021-02-06,21:00:00,0,0,0,FMN GV 18 Kasterlee
84,Oudemolsedijk,2021-02-06,22:00:00,1,1,0,FMN GV 18 Kasterlee
84,Oudemolsedijk,2021-02-06,23:00:00,0,0,0,FMN GV 18 Kasterlee
84,Oudemolsedijk,2021-02-07,00:00:00,3,3,0,FMN GV 18 Kasterlee
84,Oudemolsedijk,2021-02-07,01:00:00,0,0,0,FMN GV 18 Kasterlee
84,Oudemolsedijk,2021-02-07,02:00:00,0,0,0,FMN GV 18 Kasterlee
84,Oudemolsedijk,2021-02-07,03:00:00,0,0,0,FMN GV 18 Kasterlee
84,Oudemolsedijk,2021-02-07,04:00:00,0,0,0,FMN GV 18 Kasterlee
84,Oudemolsedijk,2021-02-07,05:00:00,6,2,4,FMN GV 18 Kasterlee
84,Oudemolsedijk,2021-02-07,06:00:00,0,0,0,FMN GV 18 Kasterlee
84,Oudemolsedijk,2021-02-07,07:00:00,0,0,0,FMN GV 18 Kasterlee
84,Oudemolsedijk,2021-02-07,08:00:00,0,0,0,FMN GV 18 Kasterlee
84,Oudemolsedijk,2021-02-07,09:00:00,3,1,2,FMN GV 18 Kasterlee
84,Oudemolsedijk,2021-02-07,10:00:00,8,4,4,FMN GV 18 Kasterlee
84,Oudemolsedijk,2021-02-07,11:00:00,7,4,3,FMN GV 18 Kasterlee
84,Oudemolsedijk,2021-02-07,12:00:00,3,3,0,FMN GV 18 Kasterlee
84,Oudemolsedijk,2021-02-07,13:00:00,3,2,1,FMN GV 18 Kasterlee
84,Oudemolsedijk,2021-02-07,14:00:00,4,2,2,FMN GV 18 Kasterlee
84,Oudemolsedijk,2021-02-07,15:00:00,8,3,5,FMN GV 18 Kasterlee
84,Oudemolsedijk,2021-02-07,16:00:00,5,4,1,FMN GV 18 Kasterlee
84,Oudemolsedijk,2021-02-07,17:00:00,3,1,2,FMN GV 18 Kasterlee
84,Oudemolsedijk,2021-02-07,18:00:00,0,0,0,FMN GV 18 Kasterlee
84,Oudemolsedijk,2021-02-07,19:00:00,0,0,0,FMN GV 18 Kasterlee
84,Oudemolsedijk,2021-02-07,20:00:00,0,0,0,FMN GV 18 Kasterlee
84,Oudemolsedijk,2021-02-07,21:00:00,0,0,0,FMN GV 18 Kasterlee
84,Oudemolsedijk,2021-02-07,22:00:00,0,0,0,FMN GV 18 Kasterlee
84,Oudemolsedijk,2021-02-07,23:00:00,0,0,0,FMN GV 18 Kasterlee
84,Oudemolsedijk,2021-02-08,00:00:00,0,0,0,FMN GV 18 Kasterlee
84,Oudemolsedijk,2021-02-08,01:00:00,0,0,0,FMN GV 18 Kasterlee
84,Oudemolsedijk,2021-02-08,02:00:00,0,0,0,FMN GV 18 Kasterlee
84,Oudemolsedijk,2021-02-08,03:00:00,0,0,0,FMN GV 18 Kasterlee
84,Oudemolsedijk,2021-02-08,04:00:00,3,2,1,FMN GV 18 Kasterlee
84,Oudemolsedijk,2021-02-08,05:00:00,0,0,0,FMN GV 18 Kasterlee
84,Oudemolsedijk,2021-02-08,06:00:00,1,0,1,FMN GV 18 Kasterlee
84,Oudemolsedijk,2021-02-08,07:00:00,2,2,0,FMN GV 18 Kasterlee
84,Oudemolsedijk,2021-02-08,08:00:00,7,5,2,FMN GV 18 Kasterlee
84,Oudemolsedijk,2021-02-08,09:00:00,1,1,0,FMN GV 18 Kasterlee
84,Oudemolsedijk,2021-02-08,10:00:00,0,0,0,FMN GV 18 Kasterlee
84,Oudemolsedijk,2021-02-08,11:00:00,0,0,0,FMN GV 18 Kasterlee
84,Oudemolsedijk,2021-02-08,12:00:00,1,1,0,FMN GV 18 Kasterlee
84,Oudemolsedijk,2021-02-08,13:00:00,1,0,1,FMN GV 18 Kasterlee
84,Oudemolsedijk,2021-02-08,14:00:00,7,4,3,FMN GV 18 Kasterlee
84,Oudemolsedijk,2021-02-08,15:00:00,3,2,1,FMN GV 18 Kasterlee
84,Oudemolsedijk,2021-02-08,16:00:00,1,1,0,FMN GV 18 Kasterlee
84,Oudemolsedijk,2021-02-08,17:00:00,4,0,4,FMN GV 18 Kasterlee
84,Oudemolsedijk,2021-02-08,18:00:00,1,0,1,FMN GV 18 Kasterlee
84,Oudemolsedijk,2021-02-08,19:00:00,0,0,0,FMN GV 18 Kasterlee
84,Oudemolsedijk,2021-02-08,20:00:00,0,0,0,FMN GV 18 Kasterlee
84,Oudemolsedijk,2021-02-08,21:00:00,1,0,1,FMN GV 18 Kasterlee
84,Oudemolsedijk,2021-02-08,22:00:00,0,0,0,FMN GV 18 Kasterlee
84,Oudemolsedijk,2021-02-08,23:00:00,2,2,0,FMN GV 18 Kasterlee
84,Oudemolsedijk,2021-02-09,00:00:00,0,0,0,FMN GV 18 Kasterlee
84,Oudemolsedijk,2021-02-09,01:00:00,0,0,0,FMN GV 18 Kasterlee
84,Oudemolsedijk,2021-02-09,02:00:00,0,0,0,FMN GV 18 Kasterlee
84,Oudemolsedijk,2021-02-09,03:00:00,0,0,0,FMN GV 18 Kasterlee
84,Oudemolsedijk,2021-02-09,04:00:00,0,0,0,FMN GV 18 Kasterlee
84,Oudemolsedijk,2021-02-09,05:00:00,0,0,0,FMN GV 18 Kasterlee
84,Oudemolsedijk,2021-02-09,06:00:00,3,1,2,FMN GV 18 Kasterlee
84,Oudemolsedijk,2021-02-09,07:00:00,0,0,0,FMN GV 18 Kasterlee
84,Oudemolsedijk,2021-02-09,08:00:00,1,1,0,FMN GV 18 Kasterlee
84,Oudemolsedijk,2021-02-09,09:00:00,1,0,1,FMN GV 18 Kasterlee
84,Oudemolsedijk,2021-02-09,10:00:00,1,0,1,FMN GV 18 Kasterlee
84,Oudemolsedijk,2021-02-09,11:00:00,3,2,1,FMN GV 18 Kasterlee
84,Oudemolsedijk,2021-02-09,12:00:00,3,2,1,FMN GV 18 Kasterlee
84,Oudemolsedijk,2021-02-09,13:00:00,1,0,1,FMN GV 18 Kasterlee
84,Oudemolsedijk,2021-02-09,14:00:00,1,1,0,FMN GV 18 Kasterlee
84,Oudemolsedijk,2021-02-09,15:00:00,7,4,3,FMN GV 18 Kasterlee
84,Oudemolsedijk,2021-02-09,16:00:00,2,1,1,FMN GV 18 Kasterlee
84,Oudemolsedijk,2021-02-09,17:00:00,2,0,2,FMN GV 18 Kasterlee
84,Oudemolsedijk,2021-02-09,18:00:00,0,0,0,FMN GV 18 Kasterlee
84,Oudemolsedijk,2021-02-09,19:00:00,1,0,1,FMN GV 18 Kasterlee
84,Oudemolsedijk,2021-02-09,20:00:00,0,0,0,FMN GV 18 Kasterlee
84,Oudemolsedijk,2021-02-09,21:00:00,1,0,1,FMN GV 18 Kasterlee
84,Oudemolsedijk,2021-02-09,22:00:00,3,2,1,FMN GV 18 Kasterlee
84,Oudemolsedijk,2021-02-09,23:00:00,0,0,0,FMN GV 18 Kasterlee
84,Oudemolsedijk,2021-02-10,00:00:00,0,0,0,FMN GV 18 Kasterlee
84,Oudemolsedijk,2021-02-10,01:00:00,0,0,0,FMN GV 18 Kasterlee
84,Oudemolsedijk,2021-02-10,02:00:00,0,0,0,FMN GV 18 Kasterlee
84,Oudemolsedijk,2021-02-10,03:00:00,0,0,0,FMN GV 18 Kasterlee
84,Oudemolsedijk,2021-02-10,04:00:00,0,0,0,FMN GV 18 Kasterlee
84,Oudemolsedijk,2021-02-10,05:00:00,0,0,0,FMN GV 18 Kasterlee
84,Oudemolsedijk,2021-02-10,06:00:00,1,0,1,FMN GV 18 Kasterlee
84,Oudemolsedijk,2021-02-10,07:00:00,1,1,0,FMN GV 18 Kasterlee
84,Oudemolsedijk,2021-02-10,08:00:00,2,2,0,FMN GV 18 Kasterlee
84,Oudemolsedijk,2021-02-10,09:00:00,2,1,1,FMN GV 18 Kasterlee
84,Oudemolsedijk,2021-02-10,10:00:00,0,0,0,FMN GV 18 Kasterlee
84,Oudemolsedijk,2021-02-10,11:00:00,0,0,0,FMN GV 18 Kasterlee
84,Oudemolsedijk,2021-02-10,12:00:00,4,2,2,FMN GV 18 Kasterlee
84,Oudemolsedijk,2021-02-10,13:00:00,1,0,1,FMN GV 18 Kasterlee
84,Oudemolsedijk,2021-02-10,14:00:00,1,0,1,FMN GV 18 Kasterlee
84,Oudemolsedijk,2021-02-10,15:00:00,0,0,0,FMN GV 18 Kasterlee
84,Oudemolsedijk,2021-02-10,16:00:00,2,1,1,FMN GV 18 Kasterlee
84,Oudemolsedijk,2021-02-10,17:00:00,1,0,1,FMN GV 18 Kasterlee
84,Oudemolsedijk,2021-02-10,18:00:00,1,0,1,FMN GV 18 Kasterlee
84,Oudemolsedijk,2021-02-10,19:00:00,2,1,1,FMN GV 18 Kasterlee
84,Oudemolsedijk,2021-02-10,20:00:00,0,0,0,FMN GV 18 Kasterlee
84,Oudemolsedijk,2021-02-10,21:00:00,1,0,1,FMN GV 18 Kasterlee
84,Oudemolsedijk,2021-02-10,22:00:00,0,0,0,FMN GV 18 Kasterlee
84,Oudemolsedijk,2021-02-10,23:00:00,0,0,0,FMN GV 18 Kasterlee
84,Oudemolsedijk,2021-02-11,00:00:00,0,0,0,FMN GV 18 Kasterlee
84,Oudemolsedijk,2021-02-11,01:00:00,0,0,0,FMN GV 18 Kasterlee
84,Oudemolsedijk,2021-02-11,02:00:00,0,0,0,FMN GV 18 Kasterlee
84,Oudemolsedijk,2021-02-11,03:00:00,0,0,0,FMN GV 18 Kasterlee
84,Oudemolsedijk,2021-02-11,04:00:00,0,0,0,FMN GV 18 Kasterlee
84,Oudemolsedijk,2021-02-11,05:00:00,0,0,0,FMN GV 18 Kasterlee
84,Oudemolsedijk,2021-02-11,06:00:00,1,0,1,FMN GV 18 Kasterlee
84,Oudemolsedijk,2021-02-11,07:00:00,1,0,1,FMN GV 18 Kasterlee
84,Oudemolsedijk,2021-02-11,08:00:00,2,1,1,FMN GV 18 Kasterlee
84,Oudemolsedijk,2021-02-11,09:00:00,0,0,0,FMN GV 18 Kasterlee
84,Oudemolsedijk,2021-02-11,10:00:00,1,1,0,FMN GV 18 Kasterlee
84,Oudemolsedijk,2021-02-11,11:00:00,1,1,0,FMN GV 18 Kasterlee
84,Oudemolsedijk,2021-02-11,12:00:00,4,2,2,FMN GV 18 Kasterlee
84,Oudemolsedijk,2021-02-11,13:00:00,2,0,2,FMN GV 18 Kasterlee
84,Oudemolsedijk,2021-02-11,14:00:00,0,0,0,FMN GV 18 Kasterlee
84,Oudemolsedijk,2021-02-11,15:00:00,4,2,2,FMN GV 18 Kasterlee
84,Oudemolsedijk,2021-02-11,16:00:00,6,4,2,FMN GV 18 Kasterlee
84,Oudemolsedijk,2021-02-11,17:00:00,2,1,1,FMN GV 18 Kasterlee
84,Oudemolsedijk,2021-02-11,18:00:00,1,0,1,FMN GV 18 Kasterlee
84,Oudemolsedijk,2021-02-11,19:00:00,0,0,0,FMN GV 18 Kasterlee
84,Oudemolsedijk,2021-02-11,20:00:00,0,0,0,FMN GV 18 Kasterlee
84,Oudemolsedijk,2021-02-11,21:00:00,1,0,1,FMN GV 18 Kasterlee
84,Oudemolsedijk,2021-02-11,22:00:00,0,0,0,FMN GV 18 Kasterlee
84,Oudemolsedijk,2021-02-11,23:00:00,0,0,0,FMN GV 18 Kasterlee
84,Oudemolsedijk,2021-02-12,00:00:00,0,0,0,FMN GV 18 Kasterlee
84,Oudemolsedijk,2021-02-12,01:00:00,0,0,0,FMN GV 18 Kasterlee
84,Oudemolsedijk,2021-02-12,02:00:00,0,0,0,FMN GV 18 Kasterlee
84,Oudemolsedijk,2021-02-12,03:00:00,0,0,0,FMN GV 18 Kasterlee
84,Oudemolsedijk,2021-02-12,04:00:00,0,0,0,FMN GV 18 Kasterlee
84,Oudemolsedijk,2021-02-12,05:00:00,2,1,1,FMN GV 18 Kasterlee
84,Oudemolsedijk,2021-02-12,06:00:00,2,0,2,FMN GV 18 Kasterlee
84,Oudemolsedijk,2021-02-12,07:00:00,0,0,0,FMN GV 18 Kasterlee
84,Oudemolsedijk,2021-02-12,08:00:00,5,5,0,FMN GV 18 Kasterlee
84,Oudemolsedijk,2021-02-12,09:00:00,2,1,1,FMN GV 18 Kasterlee
84,Oudemolsedijk,2021-02-12,10:00:00,4,2,2,FMN GV 18 Kasterlee
84,Oudemolsedijk,2021-02-12,11:00:00,3,2,1,FMN GV 18 Kasterlee
84,Oudemolsedijk,2021-02-12,12:00:00,4,1,3,FMN GV 18 Kasterlee
84,Oudemolsedijk,2021-02-12,13:00:00,2,1,1,FMN GV 18 Kasterlee
84,Oudemolsedijk,2021-02-12,14:00:00,3,2,1,FMN GV 18 Kasterlee
84,Oudemolsedijk,2021-02-12,15:00:00,5,1,4,FMN GV 18 Kasterlee
84,Oudemolsedijk,2021-02-12,16:00:00,7,1,6,FMN GV 18 Kasterlee
84,Oudemolsedijk,2021-02-12,17:00:00,3,3,0,FMN GV 18 Kasterlee
84,Oudemolsedijk,2021-02-12,18:00:00,1,0,1,FMN GV 18 Kasterlee
84,Oudemolsedijk,2021-02-12,19:00:00,0,0,0,FMN GV 18 Kasterlee
84,Oudemolsedijk,2021-02-12,20:00:00,0,0,0,FMN GV 18 Kasterlee
84,Oudemolsedijk,2021-02-12,21:00:00,0,0,0,FMN GV 18 Kasterlee
84,Oudemolsedijk,2021-02-12,22:00:00,0,0,0,FMN GV 18 Kasterlee
84,Oudemolsedijk,2021-02-12,23:00:00,0,0,0,FMN GV 18 Kasterlee
84,Oudemolsedijk,2021-02-13,00:00:00,0,0,0,FMN GV 18 Kasterlee
84,Oudemolsedijk,2021-02-13,01:00:00,0,0,0,FMN GV 18 Kasterlee
84,Oudemolsedijk,2021-02-13,02:00:00,0,0,0,FMN GV 18 Kasterlee
84,Oudemolsedijk,2021-02-13,03:00:00,0,0,0,FMN GV 18 Kasterlee
84,Oudemolsedijk,2021-02-13,04:00:00,0,0,0,FMN GV 18 Kasterlee
84,Oudemolsedijk,2021-02-13,05:00:00,0,0,0,FMN GV 18 Kasterlee
84,Oudemolsedijk,2021-02-13,06:00:00,0,0,0,FMN GV 18 Kasterlee
84,Oudemolsedijk,2021-02-13,07:00:00,1,0,1,FMN GV 18 Kasterlee
84,Oudemolsedijk,2021-02-13,08:00:00,0,0,0,FMN GV 18 Kasterlee
84,Oudemolsedijk,2021-02-13,09:00:00,1,1,0,FMN GV 18 Kasterlee
84,Oudemolsedijk,2021-02-13,10:00:00,3,1,2,FMN GV 18 Kasterlee
84,Oudemolsedijk,2021-02-13,11:00:00,2,2,0,FMN GV 18 Kasterlee
84,Oudemolsedijk,2021-02-13,12:00:00,3,1,2,FMN GV 18 Kasterlee
84,Oudemolsedijk,2021-02-13,13:00:00,5,3,2,FMN GV 18 Kasterlee
84,Oudemolsedijk,2021-02-13,14:00:00,5,2,3,FMN GV 18 Kasterlee
84,Oudemolsedijk,2021-02-13,15:00:00,4,2,2,FMN GV 18 Kasterlee
84,Oudemolsedijk,2021-02-13,16:00:00,2,0,2,FMN GV 18 Kasterlee
84,Oudemolsedijk,2021-02-13,17:00:00,1,0,1,FMN GV 18 Kasterlee
84,Oudemolsedijk,2021-02-13,18:00:00,0,0,0,FMN GV 18 Kasterlee
84,Oudemolsedijk,2021-02-13,19:00:00,0,0,0,FMN GV 18 Kasterlee
84,Oudemolsedijk,2021-02-13,20:00:00,0,0,0,FMN GV 18 Kasterlee
84,Oudemolsedijk,2021-02-13,21:00:00,0,0,0,FMN GV 18 Kasterlee
84,Oudemolsedijk,2021-02-13,22:00:00,0,0,0,FMN GV 18 Kasterlee
84,Oudemolsedijk,2021-02-13,23:00:00,0,0,0,FMN GV 18 Kasterlee
84,Oudemolsedijk,2021-02-14,00:00:00,0,0,0,FMN GV 18 Kasterlee
84,Oudemolsedijk,2021-02-14,01:00:00,0,0,0,FMN GV 18 Kasterlee
84,Oudemolsedijk,2021-02-14,02:00:00,0,0,0,FMN GV 18 Kasterlee
84,Oudemolsedijk,2021-02-14,03:00:00,0,0,0,FMN GV 18 Kasterlee
84,Oudemolsedijk,2021-02-14,04:00:00,0,0,0,FMN GV 18 Kasterlee
84,Oudemolsedijk,2021-02-14,05:00:00,0,0,0,FMN GV 18 Kasterlee
84,Oudemolsedijk,2021-02-14,06:00:00,0,0,0,FMN GV 18 Kasterlee
84,Oudemolsedijk,2021-02-14,07:00:00,0,0,0,FMN GV 18 Kasterlee
84,Oudemolsedijk,2021-02-14,08:00:00,2,0,2,FMN GV 18 Kasterlee
84,Oudemolsedijk,2021-02-14,09:00:00,4,3,1,FMN GV 18 Kasterlee
84,Oudemolsedijk,2021-02-14,10:00:00,3,1,2,FMN GV 18 Kasterlee
84,Oudemolsedijk,2021-02-14,11:00:00,3,2,1,FMN GV 18 Kasterlee
84,Oudemolsedijk,2021-02-14,12:00:00,12,9,3,FMN GV 18 Kasterlee
84,Oudemolsedijk,2021-02-14,13:00:00,7,2,5,FMN GV 18 Kasterlee
84,Oudemolsedijk,2021-02-14,14:00:00,6,5,1,FMN GV 18 Kasterlee
84,Oudemolsedijk,2021-02-14,15:00:00,4,1,3,FMN GV 18 Kasterlee
84,Oudemolsedijk,2021-02-14,16:00:00,5,5,0,FMN GV 18 Kasterlee
84,Oudemolsedijk,2021-02-14,17:00:00,3,1,2,FMN GV 18 Kasterlee
84,Oudemolsedijk,2021-02-14,18:00:00,0,0,0,FMN GV 18 Kasterlee
84,Oudemolsedijk,2021-02-14,19:00:00,0,0,0,FMN GV 18 Kasterlee
84,Oudemolsedijk,2021-02-14,20:00:00,0,0,0,FMN GV 18 Kasterlee
84,Oudemolsedijk,2021-02-14,21:00:00,0,0,0,FMN GV 18 Kasterlee
84,Oudemolsedijk,2021-02-14,22:00:00,0,0,0,FMN GV 18 Kasterlee
84,Oudemolsedijk,2021-02-14,23:00:00,0,0,0,FMN GV 18 Kasterlee
84,Oudemolsedijk,2021-02-15,00:00:00,0,0,0,FMN GV 18 Kasterlee
84,Oudemolsedijk,2021-02-15,01:00:00,0,0,0,FMN GV 18 Kasterlee
84,Oudemolsedijk,2021-02-15,02:00:00,0,0,0,FMN GV 18 Kasterlee
84,Oudemolsedijk,2021-02-15,03:00:00,0,0,0,FMN GV 18 Kasterlee
84,Oudemolsedijk,2021-02-15,04:00:00,2,2,0,FMN GV 18 Kasterlee
84,Oudemolsedijk,2021-02-15,05:00:00,0,0,0,FMN GV 18 Kasterlee
84,Oudemolsedijk,2021-02-15,06:00:00,0,0,0,FMN GV 18 Kasterlee
84,Oudemolsedijk,2021-02-15,07:00:00,0,0,0,FMN GV 18 Kasterlee
84,Oudemolsedijk,2021-02-15,08:00:00,3,2,1,FMN GV 18 Kasterlee
84,Oudemolsedijk,2021-02-15,09:00:00,2,0,2,FMN GV 18 Kasterlee
84,Oudemolsedijk,2021-02-15,10:00:00,1,1,0,FMN GV 18 Kasterlee
84,Oudemolsedijk,2021-02-15,11:00:00,0,0,0,FMN GV 18 Kasterlee
84,Oudemolsedijk,2021-02-15,12:00:00,3,2,1,FMN GV 18 Kasterlee
84,Oudemolsedijk,2021-02-15,13:00:00,0,0,0,FMN GV 18 Kasterlee
84,Oudemolsedijk,2021-02-15,14:00:00,1,0,1,FMN GV 18 Kasterlee
84,Oudemolsedijk,2021-02-15,15:00:00,1,1,0,FMN GV 18 Kasterlee
84,Oudemolsedijk,2021-02-15,16:00:00,0,0,0,FMN GV 18 Kasterlee
84,Oudemolsedijk,2021-02-15,17:00:00,1,1,0,FMN GV 18 Kasterlee
84,Oudemolsedijk,2021-02-15,18:00:00,3,2,1,FMN GV 18 Kasterlee
84,Oudemolsedijk,2021-02-15,19:00:00,0,0,0,FMN GV 18 Kasterlee
84,Oudemolsedijk,2021-02-15,20:00:00,3,0,3,FMN GV 18 Kasterlee
84,Oudemolsedijk,2021-02-15,21:00:00,0,0,0,FMN GV 18 Kasterlee
84,Oudemolsedijk,2021-02-15,22:00:00,0,0,0,FMN GV 18 Kasterlee
84,Oudemolsedijk,2021-02-15,23:00:00,2,2,0,FMN GV 18 Kasterlee
84,Oudemolsedijk,2021-02-16,00:00:00,0,0,0,FMN GV 18 Kasterlee
84,Oudemolsedijk,2021-02-16,01:00:00,0,0,0,FMN GV 18 Kasterlee
84,Oudemolsedijk,2021-02-16,02:00:00,0,0,0,FMN GV 18 Kasterlee
84,Oudemolsedijk,2021-02-16,03:00:00,0,0,0,FMN GV 18 Kasterlee
84,Oudemolsedijk,2021-02-16,04:00:00,2,2,0,FMN GV 18 Kasterlee
84,Oudemolsedijk,2021-02-16,05:00:00,2,2,0,FMN GV 18 Kasterlee
84,Oudemolsedijk,2021-02-16,06:00:00,5,2,3,FMN GV 18 Kasterlee
84,Oudemolsedijk,2021-02-16,07:00:00,5,0,5,FMN GV 18 Kasterlee
84,Oudemolsedijk,2021-02-16,08:00:00,4,1,3,FMN GV 18 Kasterlee
84,Oudemolsedijk,2021-02-16,09:00:00,3,1,2,FMN GV 18 Kasterlee
84,Oudemolsedijk,2021-02-16,10:00:00,13,9,4,FMN GV 18 Kasterlee
84,Oudemolsedijk,2021-02-16,11:00:00,5,3,2,FMN GV 18 Kasterlee
84,Oudemolsedijk,2021-02-16,12:00:00,9,6,3,FMN GV 18 Kasterlee
84,Oudemolsedijk,2021-02-16,13:00:00,25,11,14,FMN GV 18 Kasterlee
84,Oudemolsedijk,2021-02-16,14:00:00,59,31,28,FMN GV 18 Kasterlee
84,Oudemolsedijk,2021-02-16,15:00:00,44,23,21,FMN GV 18 Kasterlee
84,Oudemolsedijk,2021-02-16,16:00:00,33,23,10,FMN GV 18 Kasterlee
84,Oudemolsedijk,2021-02-16,17:00:00,10,5,5,FMN GV 18 Kasterlee
84,Oudemolsedijk,2021-02-16,18:00:00,5,2,3,FMN GV 18 Kasterlee
84,Oudemolsedijk,2021-02-16,19:00:00,2,0,2,FMN GV 18 Kasterlee
84,Oudemolsedijk,2021-02-16,20:00:00,0,0,0,FMN GV 18 Kasterlee
84,Oudemolsedijk,2021-02-16,21:00:00,0,0,0,FMN GV 18 Kasterlee
84,Oudemolsedijk,2021-02-16,22:00:00,0,0,0,FMN GV 18 Kasterlee
84,Oudemolsedijk,2021-02-16,23:00:00,0,0,0,FMN GV 18 Kasterlee
84,Oudemolsedijk,2021-02-17,00:00:00,0,0,0,FMN GV 18 Kasterlee
84,Oudemolsedijk,2021-02-17,01:00:00,0,0,0,FMN GV 18 Kasterlee
84,Oudemolsedijk,2021-02-17,02:00:00,1,0,1,FMN GV 18 Kasterlee
84,Oudemolsedijk,2021-02-17,03:00:00,0,0,0,FMN GV 18 Kasterlee
84,Oudemolsedijk,2021-02-17,04:00:00,1,1,0,FMN GV 18 Kasterlee
84,Oudemolsedijk,2021-02-17,05:00:00,3,3,0,FMN GV 18 Kasterlee
84,Oudemolsedijk,2021-02-17,06:00:00,8,2,6,FMN GV 18 Kasterlee
84,Oudemolsedijk,2021-02-17,07:00:00,7,2,5,FMN GV 18 Kasterlee
84,Oudemolsedijk,2021-02-17,08:00:00,7,4,3,FMN GV 18 Kasterlee
84,Oudemolsedijk,2021-02-17,09:00:00,2,1,1,FMN GV 18 Kasterlee
84,Oudemolsedijk,2021-02-17,10:00:00,17,5,12,FMN GV 18 Kasterlee
84,Oudemolsedijk,2021-02-17,11:00:00,18,13,5,FMN GV 18 Kasterlee
84,Oudemolsedijk,2021-02-17,12:00:00,10,7,3,FMN GV 18 Kasterlee
84,Oudemolsedijk,2021-02-17,13:00:00,52,27,25,FMN GV 18 Kasterlee
84,Oudemolsedijk,2021-02-17,14:00:00,76,33,43,FMN GV 18 Kasterlee
84,Oudemolsedijk,2021-02-17,15:00:00,47,34,13,FMN GV 18 Kasterlee
84,Oudemolsedijk,2021-02-17,16:00:00,42,26,16,FMN GV 18 Kasterlee
84,Oudemolsedijk,2021-02-17,17:00:00,14,8,6,FMN GV 18 Kasterlee
84,Oudemolsedijk,2021-02-17,18:00:00,7,5,2,FMN GV 18 Kasterlee
84,Oudemolsedijk,2021-02-17,19:00:00,9,5,4,FMN GV 18 Kasterlee
84,Oudemolsedijk,2021-02-17,20:00:00,11,4,7,FMN GV 18 Kasterlee
84,Oudemolsedijk,2021-02-17,21:00:00,0,0,0,FMN GV 18 Kasterlee
84,Oudemolsedijk,2021-02-17,22:00:00,1,1,0,FMN GV 18 Kasterlee
84,Oudemolsedijk,2021-02-17,23:00:00,0,0,0,FMN GV 18 Kasterlee
84,Oudemolsedijk,2021-02-18,00:00:00,0,0,0,FMN GV 18 Kasterlee
84,Oudemolsedijk,2021-02-18,01:00:00,0,0,0,FMN GV 18 Kasterlee
84,Oudemolsedijk,2021-02-18,02:00:00,0,0,0,FMN GV 18 Kasterlee
84,Oudemolsedijk,2021-02-18,03:00:00,0,0,0,FMN GV 18 Kasterlee
84,Oudemolsedijk,2021-02-18,04:00:00,1,1,0,FMN GV 18 Kasterlee
84,Oudemolsedijk,2021-02-18,05:00:00,2,2,0,FMN GV 18 Kasterlee
84,Oudemolsedijk,2021-02-18,06:00:00,6,2,4,FMN GV 18 Kasterlee
84,Oudemolsedijk,2021-02-18,07:00:00,7,3,4,FMN GV 18 Kasterlee
84,Oudemolsedijk,2021-02-18,08:00:00,3,1,2,FMN GV 18 Kasterlee
84,Oudemolsedijk,2021-02-18,09:00:00,5,0,5,FMN GV 18 Kasterlee
84,Oudemolsedijk,2021-02-18,10:00:00,18,9,9,FMN GV 18 Kasterlee
84,Oudemolsedijk,2021-02-18,11:00:00,11,8,3,FMN GV 18 Kasterlee
84,Oudemolsedijk,2021-02-18,12:00:00,13,3,10,FMN GV 18 Kasterlee
84,Oudemolsedijk,2021-02-18,13:00:00,16,10,6,FMN GV 18 Kasterlee
84,Oudemolsedijk,2021-02-18,14:00:00,13,6,7,FMN GV 18 Kasterlee
84,Oudemolsedijk,2021-02-18,15:00:00,5,4,1,FMN GV 18 Kasterlee
84,Oudemolsedijk,2021-02-18,16:00:00,7,5,2,FMN GV 18 Kasterlee
84,Oudemolsedijk,2021-02-18,17:00:00,3,2,1,FMN GV 18 Kasterlee
84,Oudemolsedijk,2021-02-18,18:00:00,2,1,1,FMN GV 18 Kasterlee
84,Oudemolsedijk,2021-02-18,19:00:00,1,0,1,FMN GV 18 Kasterlee
84,Oudemolsedijk,2021-02-18,20:00:00,1,1,0,FMN GV 18 Kasterlee
84,Oudemolsedijk,2021-02-18,21:00:00,0,0,0,FMN GV 18 Kasterlee
84,Oudemolsedijk,2021-02-18,22:00:00,1,1,0,FMN GV 18 Kasterlee
84,Oudemolsedijk,2021-02-18,23:00:00,0,0,0,FMN GV 18 Kasterlee
84,Oudemolsedijk,2021-02-19,00:00:00,0,0,0,FMN GV 18 Kasterlee
84,Oudemolsedijk,2021-02-19,01:00:00,0,0,0,FMN GV 18 Kasterlee
84,Oudemolsedijk,2021-02-19,02:00:00,0,0,0,FMN GV 18 Kasterlee
84,Oudemolsedijk,2021-02-19,03:00:00,0,0,0,FMN GV 18 Kasterlee
84,Oudemolsedijk,2021-02-19,04:00:00,1,1,0,FMN GV 18 Kasterlee
84,Oudemolsedijk,2021-02-19,05:00:00,4,4,0,FMN GV 18 Kasterlee
84,Oudemolsedijk,2021-02-19,06:00:00,4,4,0,FMN GV 18 Kasterlee
84,Oudemolsedijk,2021-02-19,07:00:00,4,1,3,FMN GV 18 Kasterlee
84,Oudemolsedijk,2021-02-19,08:00:00,5,4,1,FMN GV 18 Kasterlee
84,Oudemolsedijk,2021-02-19,09:00:00,8,1,7,FMN GV 18 Kasterlee
84,Oudemolsedijk,2021-02-19,10:00:00,10,4,6,FMN GV 18 Kasterlee
84,Oudemolsedijk,2021-02-19,11:00:00,20,3,17,FMN GV 18 Kasterlee
84,Oudemolsedijk,2021-02-19,12:00:00,22,17,5,FMN GV 18 Kasterlee
84,Oudemolsedijk,2021-02-19,13:00:00,57,35,22,FMN GV 18 Kasterlee
84,Oudemolsedijk,2021-02-19,14:00:00,74,40,34,FMN GV 18 Kasterlee
84,Oudemolsedijk,2021-02-19,15:00:00,56,35,21,FMN GV 18 Kasterlee
84,Oudemolsedijk,2021-02-19,16:00:00,22,16,6,FMN GV 18 Kasterlee
84,Oudemolsedijk,2021-02-19,17:00:00,20,8,12,FMN GV 18 Kasterlee
84,Oudemolsedijk,2021-02-19,18:00:00,2,2,0,FMN GV 18 Kasterlee
84,Oudemolsedijk,2021-02-19,19:00:00,1,0,1,FMN GV 18 Kasterlee
84,Oudemolsedijk,2021-02-19,20:00:00,0,0,0,FMN GV 18 Kasterlee
84,Oudemolsedijk,2021-02-19,21:00:00,0,0,0,FMN GV 18 Kasterlee
84,Oudemolsedijk,2021-02-19,22:00:00,0,0,0,FMN GV 18 Kasterlee
84,Oudemolsedijk,2021-02-19,23:00:00,3,0,3,FMN GV 18 Kasterlee
84,Oudemolsedijk,2021-02-20,00:00:00,1,0,1,FMN GV 18 Kasterlee
84,Oudemolsedijk,2021-02-20,01:00:00,0,0,0,FMN GV 18 Kasterlee
84,Oudemolsedijk,2021-02-20,02:00:00,0,0,0,FMN GV 18 Kasterlee
84,Oudemolsedijk,2021-02-20,03:00:00,0,0,0,FMN GV 18 Kasterlee
84,Oudemolsedijk,2021-02-20,04:00:00,0,0,0,FMN GV 18 Kasterlee
84,Oudemolsedijk,2021-02-20,05:00:00,0,0,0,FMN GV 18 Kasterlee
84,Oudemolsedijk,2021-02-20,06:00:00,2,1,1,FMN GV 18 Kasterlee
84,Oudemolsedijk,2021-02-20,07:00:00,1,0,1,FMN GV 18 Kasterlee
84,Oudemolsedijk,2021-02-20,08:00:00,6,1,5,FMN GV 18 Kasterlee
84,Oudemolsedijk,2021-02-20,09:00:00,35,6,29,FMN GV 18 Kasterlee
84,Oudemolsedijk,2021-02-20,10:00:00,37,9,28,FMN GV 18 Kasterlee
84,Oudemolsedijk,2021-02-20,11:00:00,47,29,18,FMN GV 18 Kasterlee
84,Oudemolsedijk,2021-02-20,12:00:00,48,29,19,FMN GV 18 Kasterlee
84,Oudemolsedijk,2021-02-20,13:00:00,157,81,76,FMN GV 18 Kasterlee
84,Oudemolsedijk,2021-02-20,14:00:00,245,121,124,FMN GV 18 Kasterlee
84,Oudemolsedijk,2021-02-20,15:00:00,185,100,85,FMN GV 18 Kasterlee
84,Oudemolsedijk,2021-02-20,16:00:00,110,69,41,FMN GV 18 Kasterlee
84,Oudemolsedijk,2021-02-20,17:00:00,32,16,16,FMN GV 18 Kasterlee
84,Oudemolsedijk,2021-02-20,18:00:00,7,6,1,FMN GV 18 Kasterlee
84,Oudemolsedijk,2021-02-20,19:00:00,1,1,0,FMN GV 18 Kasterlee
84,Oudemolsedijk,2021-02-20,20:00:00,0,0,0,FMN GV 18 Kasterlee
84,Oudemolsedijk,2021-02-20,21:00:00,0,0,0,FMN GV 18 Kasterlee
84,Oudemolsedijk,2021-02-20,22:00:00,1,0,1,FMN GV 18 Kasterlee
84,Oudemolsedijk,2021-02-20,23:00:00,1,0,1,FMN GV 18 Kasterlee
84,Oudemolsedijk,2021-02-21,00:00:00,0,0,0,FMN GV 18 Kasterlee
84,Oudemolsedijk,2021-02-21,01:00:00,0,0,0,FMN GV 18 Kasterlee
84,Oudemolsedijk,2021-02-21,02:00:00,0,0,0,FMN GV 18 Kasterlee
84,Oudemolsedijk,2021-02-21,03:00:00,0,0,0,FMN GV 18 Kasterlee
84,Oudemolsedijk,2021-02-21,04:00:00,0,0,0,FMN GV 18 Kasterlee
84,Oudemolsedijk,2021-02-21,05:00:00,0,0,0,FMN GV 18 Kasterlee
84,Oudemolsedijk,2021-02-21,06:00:00,1,0,1,FMN GV 18 Kasterlee
84,Oudemolsedijk,2021-02-21,07:00:00,2,1,1,FMN GV 18 Kasterlee
84,Oudemolsedijk,2021-02-21,08:00:00,28,3,25,FMN GV 18 Kasterlee
84,Oudemolsedijk,2021-02-21,09:00:00,112,45,67,FMN GV 18 Kasterlee
84,Oudemolsedijk,2021-02-21,10:00:00,184,99,85,FMN GV 18 Kasterlee
84,Oudemolsedijk,2021-02-21,11:00:00,219,136,83,FMN GV 18 Kasterlee
84,Oudemolsedijk,2021-02-21,12:00:00,104,66,38,FMN GV 18 Kasterlee
84,Oudemolsedijk,2021-02-21,13:00:00,271,139,132,FMN GV 18 Kasterlee
84,Oudemolsedijk,2021-02-21,14:00:00,369,180,189,FMN GV 18 Kasterlee
84,Oudemolsedijk,2021-02-21,15:00:00,241,139,102,FMN GV 18 Kasterlee
84,Oudemolsedijk,2021-02-21,16:00:00,144,98,46,FMN GV 18 Kasterlee
84,Oudemolsedijk,2021-02-21,17:00:00,61,30,31,FMN GV 18 Kasterlee
84,Oudemolsedijk,2021-02-21,18:00:00,19,11,8,FMN GV 18 Kasterlee
84,Oudemolsedijk,2021-02-21,19:00:00,9,4,5,FMN GV 18 Kasterlee
84,Oudemolsedijk,2021-02-21,20:00:00,1,1,0,FMN GV 18 Kasterlee
84,Oudemolsedijk,2021-02-21,21:00:00,1,1,0,FMN GV 18 Kasterlee
84,Oudemolsedijk,2021-02-21,22:00:00,1,0,1,FMN GV 18 Kasterlee
84,Oudemolsedijk,2021-02-21,23:00:00,0,0,0,FMN GV 18 Kasterlee
84,Oudemolsedijk,2021-02-22,00:00:00,0,0,0,FMN GV 18 Kasterlee
84,Oudemolsedijk,2021-02-22,01:00:00,0,0,0,FMN GV 18 Kasterlee
84,Oudemolsedijk,2021-02-22,02:00:00,0,0,0,FMN GV 18 Kasterlee
84,Oudemolsedijk,2021-02-22,03:00:00,0,0,0,FMN GV 18 Kasterlee
84,Oudemolsedijk,2021-02-22,04:00:00,0,0,0,FMN GV 18 Kasterlee
84,Oudemolsedijk,2021-02-22,05:00:00,2,2,0,FMN GV 18 Kasterlee
84,Oudemolsedijk,2021-02-22,06:00:00,14,5,9,FMN GV 18 Kasterlee
84,Oudemolsedijk,2021-02-22,07:00:00,21,10,11,FMN GV 18 Kasterlee
84,Oudemolsedijk,2021-02-22,08:00:00,12,6,6,FMN GV 18 Kasterlee
84,Oudemolsedijk,2021-02-22,09:00:00,6,3,3,FMN GV 18 Kasterlee
84,Oudemolsedijk,2021-02-22,10:00:00,26,18,8,FMN GV 18 Kasterlee
84,Oudemolsedijk,2021-02-22,11:00:00,22,8,14,FMN GV 18 Kasterlee
84,Oudemolsedijk,2021-02-22,12:00:00,24,12,12,FMN GV 18 Kasterlee
84,Oudemolsedijk,2021-02-22,13:00:00,72,31,41,FMN GV 18 Kasterlee
84,Oudemolsedijk,2021-02-22,14:00:00,104,61,43,FMN GV 18 Kasterlee
84,Oudemolsedijk,2021-02-22,15:00:00,85,42,43,FMN GV 18 Kasterlee
84,Oudemolsedijk,2021-02-22,16:00:00,49,32,17,FMN GV 18 Kasterlee
84,Oudemolsedijk,2021-02-22,17:00:00,25,15,10,FMN GV 18 Kasterlee
84,Oudemolsedijk,2021-02-22,18:00:00,10,7,3,FMN GV 18 Kasterlee
84,Oudemolsedijk,2021-02-22,19:00:00,5,3,2,FMN GV 18 Kasterlee
84,Oudemolsedijk,2021-02-22,20:00:00,0,0,0,FMN GV 18 Kasterlee
84,Oudemolsedijk,2021-02-22,21:00:00,5,3,2,FMN GV 18 Kasterlee
84,Oudemolsedijk,2021-02-22,22:00:00,5,0,5,FMN GV 18 Kasterlee
84,Oudemolsedijk,2021-02-22,23:00:00,0,0,0,FMN GV 18 Kasterlee
84,Oudemolsedijk,2021-02-23,00:00:00,0,0,0,FMN GV 18 Kasterlee
84,Oudemolsedijk,2021-02-23,01:00:00,0,0,0,FMN GV 18 Kasterlee
84,Oudemolsedijk,2021-02-23,02:00:00,0,0,0,FMN GV 18 Kasterlee
84,Oudemolsedijk,2021-02-23,03:00:00,0,0,0,FMN GV 18 Kasterlee
84,Oudemolsedijk,2021-02-23,04:00:00,0,0,0,FMN GV 18 Kasterlee
84,Oudemolsedijk,2021-02-23,05:00:00,2,2,0,FMN GV 18 Kasterlee
84,Oudemolsedijk,2021-02-23,06:00:00,15,5,10,FMN GV 18 Kasterlee
84,Oudemolsedijk,2021-02-23,07:00:00,15,8,7,FMN GV 18 Kasterlee
84,Oudemolsedijk,2021-02-23,08:00:00,17,11,6,FMN GV 18 Kasterlee
84,Oudemolsedijk,2021-02-23,09:00:00,23,9,14,FMN GV 18 Kasterlee
84,Oudemolsedijk,2021-02-23,10:00:00,21,7,14,FMN GV 18 Kasterlee
84,Oudemolsedijk,2021-02-23,11:00:00,31,21,10,FMN GV 18 Kasterlee
84,Oudemolsedijk,2021-02-23,12:00:00,32,21,11,FMN GV 18 Kasterlee
84,Oudemolsedijk,2021-02-23,13:00:00,91,52,39,FMN GV 18 Kasterlee
84,Oudemolsedijk,2021-02-23,14:00:00,106,60,46,FMN GV 18 Kasterlee
84,Oudemolsedijk,2021-02-23,15:00:00,95,64,31,FMN GV 18 Kasterlee
84,Oudemolsedijk,2021-02-23,16:00:00,62,30,32,FMN GV 18 Kasterlee
84,Oudemolsedijk,2021-02-23,17:00:00,41,20,21,FMN GV 18 Kasterlee
84,Oudemolsedijk,2021-02-23,18:00:00,17,9,8,FMN GV 18 Kasterlee
84,Oudemolsedijk,2021-02-23,19:00:00,7,5,2,FMN GV 18 Kasterlee
84,Oudemolsedijk,2021-02-23,20:00:00,1,0,1,FMN GV 18 Kasterlee
84,Oudemolsedijk,2021-02-23,21:00:00,4,3,1,FMN GV 18 Kasterlee
84,Oudemolsedijk,2021-02-23,22:00:00,6,0,6,FMN GV 18 Kasterlee
84,Oudemolsedijk,2021-02-23,23:00:00,0,0,0,FMN GV 18 Kasterlee
84,Oudemolsedijk,2021-02-24,00:00:00,0,0,0,FMN GV 18 Kasterlee
84,Oudemolsedijk,2021-02-24,01:00:00,0,0,0,FMN GV 18 Kasterlee
84,Oudemolsedijk,2021-02-24,02:00:00,1,0,1,FMN GV 18 Kasterlee
84,Oudemolsedijk,2021-02-24,03:00:00,0,0,0,FMN GV 18 Kasterlee
84,Oudemolsedijk,2021-02-24,04:00:00,0,0,0,FMN GV 18 Kasterlee
84,Oudemolsedijk,2021-02-24,05:00:00,2,2,0,FMN GV 18 Kasterlee
84,Oudemolsedijk,2021-02-24,06:00:00,12,5,7,FMN GV 18 Kasterlee
84,Oudemolsedijk,2021-02-24,07:00:00,28,13,15,FMN GV 18 Kasterlee
84,Oudemolsedijk,2021-02-24,08:00:00,19,8,11,FMN GV 18 Kasterlee
84,Oudemolsedijk,2021-02-24,09:00:00,19,10,9,FMN GV 18 Kasterlee
84,Oudemolsedijk,2021-02-24,10:00:00,33,12,21,FMN GV 18 Kasterlee
84,Oudemolsedijk,2021-02-24,11:00:00,43,22,21,FMN GV 18 Kasterlee
84,Oudemolsedijk,2021-02-24,12:00:00,56,30,26,FMN GV 18 Kasterlee
84,Oudemolsedijk,2021-02-24,13:00:00,138,76,62,FMN GV 18 Kasterlee
84,Oudemolsedijk,2021-02-24,14:00:00,214,95,119,FMN GV 18 Kasterlee
84,Oudemolsedijk,2021-02-24,15:00:00,145,82,63,FMN GV 18 Kasterlee
84,Oudemolsedijk,2021-02-24,16:00:00,124,76,48,FMN GV 18 Kasterlee
84,Oudemolsedijk,2021-02-24,17:00:00,79,47,32,FMN GV 18 Kasterlee
84,Oudemolsedijk,2021-02-24,18:00:00,28,14,14,FMN GV 18 Kasterlee
84,Oudemolsedijk,2021-02-24,19:00:00,14,13,1,FMN GV 18 Kasterlee
84,Oudemolsedijk,2021-02-24,20:00:00,16,6,10,FMN GV 18 Kasterlee
84,Oudemolsedijk,2021-02-24,21:00:00,3,2,1,FMN GV 18 Kasterlee
84,Oudemolsedijk,2021-02-24,22:00:00,9,1,8,FMN GV 18 Kasterlee
84,Oudemolsedijk,2021-02-24,23:00:00,0,0,0,FMN GV 18 Kasterlee
84,Oudemolsedijk,2021-02-25,00:00:00,0,0,0,FMN GV 18 Kasterlee
84,Oudemolsedijk,2021-02-25,01:00:00,0,0,0,FMN GV 18 Kasterlee
84,Oudemolsedijk,2021-02-25,02:00:00,0,0,0,FMN GV 18 Kasterlee
84,Oudemolsedijk,2021-02-25,03:00:00,0,0,0,FMN GV 18 Kasterlee
84,Oudemolsedijk,2021-02-25,04:00:00,0,0,0,FMN GV 18 Kasterlee
84,Oudemolsedijk,2021-02-25,05:00:00,2,2,0,FMN GV 18 Kasterlee
84,Oudemolsedijk,2021-02-25,06:00:00,10,5,5,FMN GV 18 Kasterlee
84,Oudemolsedijk,2021-02-25,07:00:00,21,13,8,FMN GV 18 Kasterlee
84,Oudemolsedijk,2021-02-25,08:00:00,19,10,9,FMN GV 18 Kasterlee
84,Oudemolsedijk,2021-02-25,09:00:00,15,7,8,FMN GV 18 Kasterlee
84,Oudemolsedijk,2021-02-25,10:00:00,29,14,15,FMN GV 18 Kasterlee
84,Oudemolsedijk,2021-02-25,11:00:00,21,16,5,FMN GV 18 Kasterlee
84,Oudemolsedijk,2021-02-25,12:00:00,39,20,19,FMN GV 18 Kasterlee
84,Oudemolsedijk,2021-02-25,13:00:00,52,25,27,FMN GV 18 Kasterlee
84,Oudemolsedijk,2021-02-25,14:00:00,103,44,59,FMN GV 18 Kasterlee
84,Oudemolsedijk,2021-02-25,15:00:00,77,36,41,FMN GV 18 Kasterlee
84,Oudemolsedijk,2021-02-25,16:00:00,43,21,22,FMN GV 18 Kasterlee
84,Oudemolsedijk,2021-02-25,17:00:00,31,11,20,FMN GV 18 Kasterlee
84,Oudemolsedijk,2021-02-25,18:00:00,8,4,4,FMN GV 18 Kasterlee
84,Oudemolsedijk,2021-02-25,19:00:00,0,0,0,FMN GV 18 Kasterlee
84,Oudemolsedijk,2021-02-25,20:00:00,1,0,1,FMN GV 18 Kasterlee
84,Oudemolsedijk,2021-02-25,21:00:00,1,0,1,FMN GV 18 Kasterlee
84,Oudemolsedijk,2021-02-25,22:00:00,4,0,4,FMN GV 18 Kasterlee
84,Oudemolsedijk,2021-02-25,23:00:00,0,0,0,FMN GV 18 Kasterlee
84,Oudemolsedijk,2021-02-26,00:00:00,0,0,0,FMN GV 18 Kasterlee
84,Oudemolsedijk,2021-02-26,01:00:00,0,0,0,FMN GV 18 Kasterlee
84,Oudemolsedijk,2021-02-26,02:00:00,0,0,0,FMN GV 18 Kasterlee
84,Oudemolsedijk,2021-02-26,03:00:00,0,0,0,FMN GV 18 Kasterlee
84,Oudemolsedijk,2021-02-26,04:00:00,0,0,0,FMN GV 18 Kasterlee
84,Oudemolsedijk,2021-02-26,05:00:00,2,2,0,FMN GV 18 Kasterlee
84,Oudemolsedijk,2021-02-26,06:00:00,8,4,4,FMN GV 18 Kasterlee
84,Oudemolsedijk,2021-02-26,07:00:00,15,5,10,FMN GV 18 Kasterlee
84,Oudemolsedijk,2021-02-26,08:00:00,18,8,10,FMN GV 18 Kasterlee
84,Oudemolsedijk,2021-02-26,09:00:00,5,5,0,FMN GV 18 Kasterlee
84,Oudemolsedijk,2021-02-26,10:00:00,11,5,6,FMN GV 18 Kasterlee
84,Oudemolsedijk,2021-02-26,11:00:00,15,13,2,FMN GV 18 Kasterlee
84,Oudemolsedijk,2021-02-26,12:00:00,20,12,8,FMN GV 18 Kasterlee
84,Oudemolsedijk,2021-02-26,13:00:00,63,40,23,FMN GV 18 Kasterlee
84,Oudemolsedijk,2021-02-26,14:00:00,64,35,29,FMN GV 18 Kasterlee
84,Oudemolsedijk,2021-02-26,15:00:00,60,27,33,FMN GV 18 Kasterlee
84,Oudemolsedijk,2021-02-26,16:00:00,48,22,26,FMN GV 18 Kasterlee
84,Oudemolsedijk,2021-02-26,17:00:00,16,8,8,FMN GV 18 Kasterlee
84,Oudemolsedijk,2021-02-26,18:00:00,8,2,6,FMN GV 18 Kasterlee
84,Oudemolsedijk,2021-02-26,19:00:00,1,0,1,FMN GV 18 Kasterlee
84,Oudemolsedijk,2021-02-26,20:00:00,0,0,0,FMN GV 18 Kasterlee
84,Oudemolsedijk,2021-02-26,21:00:00,0,0,0,FMN GV 18 Kasterlee
84,Oudemolsedijk,2021-02-26,22:00:00,3,0,3,FMN GV 18 Kasterlee
84,Oudemolsedijk,2021-02-26,23:00:00,0,0,0,FMN GV 18 Kasterlee
84,Oudemolsedijk,2021-02-27,00:00:00,0,0,0,FMN GV 18 Kasterlee
84,Oudemolsedijk,2021-02-27,01:00:00,0,0,0,FMN GV 18 Kasterlee
84,Oudemolsedijk,2021-02-27,02:00:00,0,0,0,FMN GV 18 Kasterlee
84,Oudemolsedijk,2021-02-27,03:00:00,0,0,0,FMN GV 18 Kasterlee
84,Oudemolsedijk,2021-02-27,04:00:00,2,2,0,FMN GV 18 Kasterlee
84,Oudemolsedijk,2021-02-27,05:00:00,0,0,0,FMN GV 18 Kasterlee
84,Oudemolsedijk,2021-02-27,06:00:00,1,0,1,FMN GV 18 Kasterlee
84,Oudemolsedijk,2021-02-27,07:00:00,2,1,1,FMN GV 18 Kasterlee
84,Oudemolsedijk,2021-02-27,08:00:00,8,2,6,FMN GV 18 Kasterlee
84,Oudemolsedijk,2021-02-27,09:00:00,9,5,4,FMN GV 18 Kasterlee
84,Oudemolsedijk,2021-02-27,10:00:00,28,20,8,FMN GV 18 Kasterlee
84,Oudemolsedijk,2021-02-27,11:00:00,58,37,21,FMN GV 18 Kasterlee
84,Oudemolsedijk,2021-02-27,12:00:00,45,19,26,FMN GV 18 Kasterlee
84,Oudemolsedijk,2021-02-27,13:00:00,90,47,43,FMN GV 18 Kasterlee
84,Oudemolsedijk,2021-02-27,14:00:00,120,59,61,FMN GV 18 Kasterlee
84,Oudemolsedijk,2021-02-27,15:00:00,74,57,17,FMN GV 18 Kasterlee
84,Oudemolsedijk,2021-02-27,16:00:00,50,23,27,FMN GV 18 Kasterlee
84,Oudemolsedijk,2021-02-27,17:00:00,18,11,7,FMN GV 18 Kasterlee
84,Oudemolsedijk,2021-02-27,18:00:00,7,4,3,FMN GV 18 Kasterlee
84,Oudemolsedijk,2021-02-27,19:00:00,0,0,0,FMN GV 18 Kasterlee
84,Oudemolsedijk,2021-02-27,20:00:00,0,0,0,FMN GV 18 Kasterlee
84,Oudemolsedijk,2021-02-27,21:00:00,0,0,0,FMN GV 18 Kasterlee
84,Oudemolsedijk,2021-02-27,22:00:00,0,0,0,FMN GV 18 Kasterlee
84,Oudemolsedijk,2021-02-27,23:00:00,0,0,0,FMN GV 18 Kasterlee
84,Oudemolsedijk,2021-02-28,00:00:00,1,0,1,FMN GV 18 Kasterlee
84,Oudemolsedijk,2021-02-28,01:00:00,0,0,0,FMN GV 18 Kasterlee
84,Oudemolsedijk,2021-02-28,02:00:00,0,0,0,FMN GV 18 Kasterlee
84,Oudemolsedijk,2021-02-28,03:00:00,0,0,0,FMN GV 18 Kasterlee
84,Oudemolsedijk,2021-02-28,04:00:00,1,1,0,FMN GV 18 Kasterlee
84,Oudemolsedijk,2021-02-28,05:00:00,0,0,0,FMN GV 18 Kasterlee
84,Oudemolsedijk,2021-02-28,06:00:00,0,0,0,FMN GV 18 Kasterlee
84,Oudemolsedijk,2021-02-28,07:00:00,4,3,1,FMN GV 18 Kasterlee
84,Oudemolsedijk,2021-02-28,08:00:00,16,4,12,FMN GV 18 Kasterlee
84,Oudemolsedijk,2021-02-28,09:00:00,114,59,55,FMN GV 18 Kasterlee
84,Oudemolsedijk,2021-02-28,10:00:00,164,88,76,FMN GV 18 Kasterlee
84,Oudemolsedijk,2021-02-28,11:00:00,183,118,65,FMN GV 18 Kasterlee
84,Oudemolsedijk,2021-02-28,12:00:00,83,50,33,FMN GV 18 Kasterlee
84,Oudemolsedijk,2021-02-28,13:00:00,123,52,71,FMN GV 18 Kasterlee
84,Oudemolsedijk,2021-02-28,14:00:00,156,77,79,FMN GV 18 Kasterlee
84,Oudemolsedijk,2021-02-28,15:00:00,120,64,56,FMN GV 18 Kasterlee
84,Oudemolsedijk,2021-02-28,16:00:00,72,39,33,FMN GV 18 Kasterlee
84,Oudemolsedijk,2021-02-28,17:00:00,19,11,8,FMN GV 18 Kasterlee
84,Oudemolsedijk,2021-02-28,18:00:00,3,0,3,FMN GV 18 Kasterlee
84,Oudemolsedijk,2021-02-28,19:00:00,2,0,2,FMN GV 18 Kasterlee
84,Oudemolsedijk,2021-02-28,20:00:00,1,1,0,FMN GV 18 Kasterlee
84,Oudemolsedijk,2021-02-28,21:00:00,1,1,0,FMN GV 18 Kasterlee
84,Oudemolsedijk,2021-02-28,22:00:00,3,0,3,FMN GV 18 Kasterlee
84,Oudemolsedijk,2021-02-28,23:00:00,0,0,0,FMN GV 18 Kasterlee
84,Oudemolsedijk,2021-03-01,00:00:00,0,0,0,FMN GV 18 Kasterlee
84,Oudemolsedijk,2021-03-01,01:00:00,0,0,0,FMN GV 18 Kasterlee
84,Oudemolsedijk,2021-03-01,02:00:00,0,0,0,FMN GV 18 Kasterlee
84,Oudemolsedijk,2021-03-01,03:00:00,0,0,0,FMN GV 18 Kasterlee
84,Oudemolsedijk,2021-03-01,04:00:00,1,1,0,FMN GV 18 Kasterlee
84,Oudemolsedijk,2021-03-01,05:00:00,8,8,0,FMN GV 18 Kasterlee
84,Oudemolsedijk,2021-03-01,06:00:00,15,7,8,FMN GV 18 Kasterlee
84,Oudemolsedijk,2021-03-01,07:00:00,15,9,6,FMN GV 18 Kasterlee
84,Oudemolsedijk,2021-03-01,08:00:00,12,7,5,FMN GV 18 Kasterlee
84,Oudemolsedijk,2021-03-01,09:00:00,7,4,3,FMN GV 18 Kasterlee
84,Oudemolsedijk,2021-03-01,10:00:00,9,6,3,FMN GV 18 Kasterlee
84,Oudemolsedijk,2021-03-01,11:00:00,7,4,3,FMN GV 18 Kasterlee
84,Oudemolsedijk,2021-03-01,12:00:00,13,6,7,FMN GV 18 Kasterlee
84,Oudemolsedijk,2021-03-01,13:00:00,44,26,18,FMN GV 18 Kasterlee
84,Oudemolsedijk,2021-03-01,14:00:00,68,23,45,FMN GV 18 Kasterlee
84,Oudemolsedijk,2021-03-01,15:00:00,55,35,20,FMN GV 18 Kasterlee
84,Oudemolsedijk,2021-03-01,16:00:00,48,22,26,FMN GV 18 Kasterlee
84,Oudemolsedijk,2021-03-01,17:00:00,23,11,12,FMN GV 18 Kasterlee
84,Oudemolsedijk,2021-03-01,18:00:00,4,1,3,FMN GV 18 Kasterlee
84,Oudemolsedijk,2021-03-01,19:00:00,3,1,2,FMN GV 18 Kasterlee
84,Oudemolsedijk,2021-03-01,20:00:00,1,1,0,FMN GV 18 Kasterlee
84,Oudemolsedijk,2021-03-01,21:00:00,0,0,0,FMN GV 18 Kasterlee
84,Oudemolsedijk,2021-03-01,22:00:00,2,1,1,FMN GV 18 Kasterlee
84,Oudemolsedijk,2021-03-01,23:00:00,0,0,0,FMN GV 18 Kasterlee
84,Oudemolsedijk,2021-03-02,00:00:00,0,0,0,FMN GV 18 Kasterlee
84,Oudemolsedijk,2021-03-02,01:00:00,0,0,0,FMN GV 18 Kasterlee
84,Oudemolsedijk,2021-03-02,02:00:00,0,0,0,FMN GV 18 Kasterlee
84,Oudemolsedijk,2021-03-02,03:00:00,0,0,0,FMN GV 18 Kasterlee
84,Oudemolsedijk,2021-03-02,04:00:00,1,1,0,FMN GV 18 Kasterlee
84,Oudemolsedijk,2021-03-02,05:00:00,8,8,0,FMN GV 18 Kasterlee
84,Oudemolsedijk,2021-03-02,06:00:00,13,7,6,FMN GV 18 Kasterlee
84,Oudemolsedijk,2021-03-02,07:00:00,17,8,9,FMN GV 18 Kasterlee
84,Oudemolsedijk,2021-03-02,08:00:00,12,7,5,FMN GV 18 Kasterlee
84,Oudemolsedijk,2021-03-02,09:00:00,11,4,7,FMN GV 18 Kasterlee
84,Oudemolsedijk,2021-03-02,10:00:00,18,5,13,FMN GV 18 Kasterlee
84,Oudemolsedijk,2021-03-02,11:00:00,25,14,11,FMN GV 18 Kasterlee
84,Oudemolsedijk,2021-03-02,12:00:00,36,14,22,FMN GV 18 Kasterlee
84,Oudemolsedijk,2021-03-02,13:00:00,120,50,70,FMN GV 18 Kasterlee
84,Oudemolsedijk,2021-03-02,14:00:00,190,88,102,FMN GV 18 Kasterlee
84,Oudemolsedijk,2021-03-02,15:00:00,179,116,63,FMN GV 18 Kasterlee
84,Oudemolsedijk,2021-03-02,16:00:00,77,39,38,FMN GV 18 Kasterlee
84,Oudemolsedijk,2021-03-02,17:00:00,51,27,24,FMN GV 18 Kasterlee
84,Oudemolsedijk,2021-03-02,18:00:00,17,9,8,FMN GV 18 Kasterlee
84,Oudemolsedijk,2021-03-02,19:00:00,2,2,0,FMN GV 18 Kasterlee
84,Oudemolsedijk,2021-03-02,20:00:00,4,2,2,FMN GV 18 Kasterlee
84,Oudemolsedijk,2021-03-02,21:00:00,0,0,0,FMN GV 18 Kasterlee
84,Oudemolsedijk,2021-03-02,22:00:00,2,1,1,FMN GV 18 Kasterlee
84,Oudemolsedijk,2021-03-02,23:00:00,0,0,0,FMN GV 18 Kasterlee
84,Oudemolsedijk,2021-03-03,00:00:00,0,0,0,FMN GV 18 Kasterlee
84,Oudemolsedijk,2021-03-03,01:00:00,0,0,0,FMN GV 18 Kasterlee
84,Oudemolsedijk,2021-03-03,02:00:00,0,0,0,FMN GV 18 Kasterlee
84,Oudemolsedijk,2021-03-03,03:00:00,0,0,0,FMN GV 18 Kasterlee
84,Oudemolsedijk,2021-03-03,04:00:00,1,1,0,FMN GV 18 Kasterlee
84,Oudemolsedijk,2021-03-03,05:00:00,7,7,0,FMN GV 18 Kasterlee
84,Oudemolsedijk,2021-03-03,06:00:00,15,6,9,FMN GV 18 Kasterlee
84,Oudemolsedijk,2021-03-03,07:00:00,18,8,10,FMN GV 18 Kasterlee
84,Oudemolsedijk,2021-03-03,08:00:00,14,10,4,FMN GV 18 Kasterlee
84,Oudemolsedijk,2021-03-03,09:00:00,10,6,4,FMN GV 18 Kasterlee
84,Oudemolsedijk,2021-03-03,10:00:00,25,11,14,FMN GV 18 Kasterlee
84,Oudemolsedijk,2021-03-03,11:00:00,26,11,15,FMN GV 18 Kasterlee
84,Oudemolsedijk,2021-03-03,12:00:00,53,20,33,FMN GV 18 Kasterlee
84,Oudemolsedijk,2021-03-03,13:00:00,96,41,55,FMN GV 18 Kasterlee
84,Oudemolsedijk,2021-03-03,14:00:00,195,78,117,FMN GV 18 Kasterlee
84,Oudemolsedijk,2021-03-03,15:00:00,183,82,101,FMN GV 18 Kasterlee
84,Oudemolsedijk,2021-03-03,16:00:00,84,49,35,FMN GV 18 Kasterlee
84,Oudemolsedijk,2021-03-03,17:00:00,56,25,31,FMN GV 18 Kasterlee
84,Oudemolsedijk,2021-03-03,18:00:00,15,4,11,FMN GV 18 Kasterlee
84,Oudemolsedijk,2021-03-03,19:00:00,14,10,4,FMN GV 18 Kasterlee
84,Oudemolsedijk,2021-03-03,20:00:00,13,6,7,FMN GV 18 Kasterlee
84,Oudemolsedijk,2021-03-03,21:00:00,1,1,0,FMN GV 18 Kasterlee
84,Oudemolsedijk,2021-03-03,22:00:00,1,1,0,FMN GV 18 Kasterlee
84,Oudemolsedijk,2021-03-03,23:00:00,0,0,0,FMN GV 18 Kasterlee
84,Oudemolsedijk,2021-03-04,00:00:00,0,0,0,FMN GV 18 Kasterlee
84,Oudemolsedijk,2021-03-04,01:00:00,0,0,0,FMN GV 18 Kasterlee
84,Oudemolsedijk,2021-03-04,02:00:00,0,0,0,FMN GV 18 Kasterlee
84,Oudemolsedijk,2021-03-04,03:00:00,0,0,0,FMN GV 18 Kasterlee
84,Oudemolsedijk,2021-03-04,04:00:00,1,1,0,FMN GV 18 Kasterlee
84,Oudemolsedijk,2021-03-04,05:00:00,2,2,0,FMN GV 18 Kasterlee
84,Oudemolsedijk,2021-03-04,06:00:00,7,3,4,FMN GV 18 Kasterlee
84,Oudemolsedijk,2021-03-04,07:00:00,6,4,2,FMN GV 18 Kasterlee
84,Oudemolsedijk,2021-03-04,08:00:00,9,5,4,FMN GV 18 Kasterlee
84,Oudemolsedijk,2021-03-04,09:00:00,3,1,2,FMN GV 18 Kasterlee
84,Oudemolsedijk,2021-03-04,10:00:00,2,1,1,FMN GV 18 Kasterlee
84,Oudemolsedijk,2021-03-04,11:00:00,3,2,1,FMN GV 18 Kasterlee
84,Oudemolsedijk,2021-03-04,12:00:00,7,3,4,FMN GV 18 Kasterlee
84,Oudemolsedijk,2021-03-04,13:00:00,17,9,8,FMN GV 18 Kasterlee
84,Oudemolsedijk,2021-03-04,14:00:00,4,0,4,FMN GV 18 Kasterlee
84,Oudemolsedijk,2021-03-04,15:00:00,6,5,1,FMN GV 18 Kasterlee
84,Oudemolsedijk,2021-03-04,16:00:00,10,4,6,FMN GV 18 Kasterlee
84,Oudemolsedijk,2021-03-04,17:00:00,11,5,6,FMN GV 18 Kasterlee
84,Oudemolsedijk,2021-03-04,18:00:00,2,1,1,FMN GV 18 Kasterlee
84,Oudemolsedijk,2021-03-04,19:00:00,0,0,0,FMN GV 18 Kasterlee
84,Oudemolsedijk,2021-03-04,20:00:00,1,0,1,FMN GV 18 Kasterlee
84,Oudemolsedijk,2021-03-04,21:00:00,0,0,0,FMN GV 18 Kasterlee
84,Oudemolsedijk,2021-03-04,22:00:00,1,0,1,FMN GV 18 Kasterlee
84,Oudemolsedijk,2021-03-04,23:00:00,0,0,0,FMN GV 18 Kasterlee
84,Oudemolsedijk,2021-03-05,00:00:00,0,0,0,FMN GV 18 Kasterlee
84,Oudemolsedijk,2021-03-05,01:00:00,0,0,0,FMN GV 18 Kasterlee
84,Oudemolsedijk,2021-03-05,02:00:00,0,0,0,FMN GV 18 Kasterlee
84,Oudemolsedijk,2021-03-05,03:00:00,0,0,0,FMN GV 18 Kasterlee
84,Oudemolsedijk,2021-03-05,04:00:00,1,1,0,FMN GV 18 Kasterlee
84,Oudemolsedijk,2021-03-05,05:00:00,3,3,0,FMN GV 18 Kasterlee
84,Oudemolsedijk,2021-03-05,06:00:00,10,4,6,FMN GV 18 Kasterlee
84,Oudemolsedijk,2021-03-05,07:00:00,15,7,8,FMN GV 18 Kasterlee
84,Oudemolsedijk,2021-03-05,08:00:00,9,7,2,FMN GV 18 Kasterlee
84,Oudemolsedijk,2021-03-05,09:00:00,12,8,4,FMN GV 18 Kasterlee
84,Oudemolsedijk,2021-03-05,10:00:00,13,7,6,FMN GV 18 Kasterlee
84,Oudemolsedijk,2021-03-05,11:00:00,17,10,7,FMN GV 18 Kasterlee
84,Oudemolsedijk,2021-03-05,12:00:00,29,18,11,FMN GV 18 Kasterlee
84,Oudemolsedijk,2021-03-05,13:00:00,43,20,23,FMN GV 18 Kasterlee
84,Oudemolsedijk,2021-03-05,14:00:00,44,23,21,FMN GV 18 Kasterlee
84,Oudemolsedijk,2021-03-05,15:00:00,55,31,24,FMN GV 18 Kasterlee
84,Oudemolsedijk,2021-03-05,16:00:00,39,16,23,FMN GV 18 Kasterlee
84,Oudemolsedijk,2021-03-05,17:00:00,22,9,13,FMN GV 18 Kasterlee
84,Oudemolsedijk,2021-03-05,18:00:00,9,5,4,FMN GV 18 Kasterlee
84,Oudemolsedijk,2021-03-05,19:00:00,1,1,0,FMN GV 18 Kasterlee
84,Oudemolsedijk,2021-03-05,20:00:00,0,0,0,FMN GV 18 Kasterlee
84,Oudemolsedijk,2021-03-05,21:00:00,1,0,1,FMN GV 18 Kasterlee
84,Oudemolsedijk,2021-03-05,22:00:00,0,0,0,FMN GV 18 Kasterlee
84,Oudemolsedijk,2021-03-05,23:00:00,0,0,0,FMN GV 18 Kasterlee
84,Oudemolsedijk,2021-03-06,00:00:00,1,0,1,FMN GV 18 Kasterlee
84,Oudemolsedijk,2021-03-06,01:00:00,1,0,1,FMN GV 18 Kasterlee
84,Oudemolsedijk,2021-03-06,02:00:00,0,0,0,FMN GV 18 Kasterlee
84,Oudemolsedijk,2021-03-06,03:00:00,0,0,0,FMN GV 18 Kasterlee
84,Oudemolsedijk,2021-03-06,04:00:00,0,0,0,FMN GV 18 Kasterlee
84,Oudemolsedijk,2021-03-06,05:00:00,0,0,0,FMN GV 18 Kasterlee
84,Oudemolsedijk,2021-03-06,06:00:00,1,0,1,FMN GV 18 Kasterlee
84,Oudemolsedijk,2021-03-06,07:00:00,0,0,0,FMN GV 18 Kasterlee
84,Oudemolsedijk,2021-03-06,08:00:00,11,5,6,FMN GV 18 Kasterlee
84,Oudemolsedijk,2021-03-06,09:00:00,17,9,8,FMN GV 18 Kasterlee
84,Oudemolsedijk,2021-03-06,10:00:00,32,13,19,FMN GV 18 Kasterlee
84,Oudemolsedijk,2021-03-06,11:00:00,66,37,29,FMN GV 18 Kasterlee
84,Oudemolsedijk,2021-03-06,12:00:00,42,16,26,FMN GV 18 Kasterlee
84,Oudemolsedijk,2021-03-06,13:00:00,90,46,44,FMN GV 18 Kasterlee
84,Oudemolsedijk,2021-03-06,14:00:00,102,42,60,FMN GV 18 Kasterlee
84,Oudemolsedijk,2021-03-06,15:00:00,77,50,27,FMN GV 18 Kasterlee
84,Oudemolsedijk,2021-03-06,16:00:00,41,25,16,FMN GV 18 Kasterlee
84,Oudemolsedijk,2021-03-06,17:00:00,22,14,8,FMN GV 18 Kasterlee
84,Oudemolsedijk,2021-03-06,18:00:00,3,2,1,FMN GV 18 Kasterlee
84,Oudemolsedijk,2021-03-06,19:00:00,0,0,0,FMN GV 18 Kasterlee
84,Oudemolsedijk,2021-03-06,20:00:00,0,0,0,FMN GV 18 Kasterlee
84,Oudemolsedijk,2021-03-06,21:00:00,0,0,0,FMN GV 18 Kasterlee
84,Oudemolsedijk,2021-03-06,22:00:00,2,1,1,FMN GV 18 Kasterlee
84,Oudemolsedijk,2021-03-06,23:00:00,1,0,1,FMN GV 18 Kasterlee
84,Oudemolsedijk,2021-03-07,00:00:00,0,0,0,FMN GV 18 Kasterlee
84,Oudemolsedijk,2021-03-07,01:00:00,0,0,0,FMN GV 18 Kasterlee
84,Oudemolsedijk,2021-03-07,02:00:00,0,0,0,FMN GV 18 Kasterlee
84,Oudemolsedijk,2021-03-07,03:00:00,0,0,0,FMN GV 18 Kasterlee
84,Oudemolsedijk,2021-03-07,04:00:00,0,0,0,FMN GV 18 Kasterlee
84,Oudemolsedijk,2021-03-07,05:00:00,0,0,0,FMN GV 18 Kasterlee
84,Oudemolsedijk,2021-03-07,06:00:00,0,0,0,FMN GV 18 Kasterlee
84,Oudemolsedijk,2021-03-07,07:00:00,0,0,0,FMN GV 18 Kasterlee
84,Oudemolsedijk,2021-03-07,08:00:00,19,6,13,FMN GV 18 Kasterlee
84,Oudemolsedijk,2021-03-07,09:00:00,82,53,29,FMN GV 18 Kasterlee
84,Oudemolsedijk,2021-03-07,10:00:00,167,80,87,FMN GV 18 Kasterlee
84,Oudemolsedijk,2021-03-07,11:00:00,131,80,51,FMN GV 18 Kasterlee
84,Oudemolsedijk,2021-03-07,12:00:00,70,52,18,FMN GV 18 Kasterlee
84,Oudemolsedijk,2021-03-07,13:00:00,101,52,49,FMN GV 18 Kasterlee
84,Oudemolsedijk,2021-03-07,14:00:00,129,67,62,FMN GV 18 Kasterlee
84,Oudemolsedijk,2021-03-07,15:00:00,113,52,61,FMN GV 18 Kasterlee
84,Oudemolsedijk,2021-03-07,16:00:00,26,15,11,FMN GV 18 Kasterlee
84,Oudemolsedijk,2021-03-07,17:00:00,7,4,3,FMN GV 18 Kasterlee
84,Oudemolsedijk,2021-03-07,18:00:00,1,0,1,FMN GV 18 Kasterlee
84,Oudemolsedijk,2021-03-07,19:00:00,0,0,0,FMN GV 18 Kasterlee
84,Oudemolsedijk,2021-03-07,20:00:00,2,1,1,FMN GV 18 Kasterlee
84,Oudemolsedijk,2021-03-07,21:00:00,0,0,0,FMN GV 18 Kasterlee
84,Oudemolsedijk,2021-03-07,22:00:00,0,0,0,FMN GV 18 Kasterlee
84,Oudemolsedijk,2021-03-07,23:00:00,0,0,0,FMN GV 18 Kasterlee
84,Oudemolsedijk,2021-03-08,00:00:00,0,0,0,FMN GV 18 Kasterlee
84,Oudemolsedijk,2021-03-08,01:00:00,0,0,0,FMN GV 18 Kasterlee
84,Oudemolsedijk,2021-03-08,02:00:00,0,0,0,FMN GV 18 Kasterlee
84,Oudemolsedijk,2021-03-08,03:00:00,0,0,0,FMN GV 18 Kasterlee
84,Oudemolsedijk,2021-03-08,04:00:00,0,0,0,FMN GV 18 Kasterlee
84,Oudemolsedijk,2021-03-08,05:00:00,3,3,0,FMN GV 18 Kasterlee
84,Oudemolsedijk,2021-03-08,06:00:00,11,2,9,FMN GV 18 Kasterlee
84,Oudemolsedijk,2021-03-08,07:00:00,13,7,6,FMN GV 18 Kasterlee
84,Oudemolsedijk,2021-03-08,08:00:00,14,7,7,FMN GV 18 Kasterlee
84,Oudemolsedijk,2021-03-08,09:00:00,9,4,5,FMN GV 18 Kasterlee
84,Oudemolsedijk,2021-03-08,10:00:00,9,7,2,FMN GV 18 Kasterlee
84,Oudemolsedijk,2021-03-08,11:00:00,12,8,4,FMN GV 18 Kasterlee
84,Oudemolsedijk,2021-03-08,12:00:00,25,13,12,FMN GV 18 Kasterlee
84,Oudemolsedijk,2021-03-08,13:00:00,35,22,13,FMN GV 18 Kasterlee
84,Oudemolsedijk,2021-03-08,14:00:00,88,49,39,FMN GV 18 Kasterlee
84,Oudemolsedijk,2021-03-08,15:00:00,58,30,28,FMN GV 18 Kasterlee
84,Oudemolsedijk,2021-03-08,16:00:00,38,25,13,FMN GV 18 Kasterlee
84,Oudemolsedijk,2021-03-08,17:00:00,18,9,9,FMN GV 18 Kasterlee
84,Oudemolsedijk,2021-03-08,18:00:00,6,3,3,FMN GV 18 Kasterlee
84,Oudemolsedijk,2021-03-08,19:00:00,4,3,1,FMN GV 18 Kasterlee
84,Oudemolsedijk,2021-03-08,20:00:00,7,7,0,FMN GV 18 Kasterlee
84,Oudemolsedijk,2021-03-08,21:00:00,3,2,1,FMN GV 18 Kasterlee
84,Oudemolsedijk,2021-03-08,22:00:00,3,0,3,FMN GV 18 Kasterlee
84,Oudemolsedijk,2021-03-08,23:00:00,0,0,0,FMN GV 18 Kasterlee
84,Oudemolsedijk,2021-03-09,00:00:00,0,0,0,FMN GV 18 Kasterlee
84,Oudemolsedijk,2021-03-09,01:00:00,0,0,0,FMN GV 18 Kasterlee
84,Oudemolsedijk,2021-03-09,02:00:00,0,0,0,FMN GV 18 Kasterlee
84,Oudemolsedijk,2021-03-09,03:00:00,0,0,0,FMN GV 18 Kasterlee
84,Oudemolsedijk,2021-03-09,04:00:00,0,0,0,FMN GV 18 Kasterlee
84,Oudemolsedijk,2021-03-09,05:00:00,0,0,0,FMN GV 18 Kasterlee
84,Oudemolsedijk,2021-03-09,06:00:00,7,1,6,FMN GV 18 Kasterlee
84,Oudemolsedijk,2021-03-09,07:00:00,8,1,7,FMN GV 18 Kasterlee
84,Oudemolsedijk,2021-03-09,08:00:00,7,4,3,FMN GV 18 Kasterlee
84,Oudemolsedijk,2021-03-09,09:00:00,2,1,1,FMN GV 18 Kasterlee
84,Oudemolsedijk,2021-03-09,10:00:00,7,7,0,FMN GV 18 Kasterlee
84,Oudemolsedijk,2021-03-09,11:00:00,5,4,1,FMN GV 18 Kasterlee
84,Oudemolsedijk,2021-03-09,12:00:00,6,5,1,FMN GV 18 Kasterlee
84,Oudemolsedijk,2021-03-09,13:00:00,15,2,13,FMN GV 18 Kasterlee
84,Oudemolsedijk,2021-03-09,14:00:00,6,3,3,FMN GV 18 Kasterlee
84,Oudemolsedijk,2021-03-09,15:00:00,9,7,2,FMN GV 18 Kasterlee
84,Oudemolsedijk,2021-03-09,16:00:00,18,10,8,FMN GV 18 Kasterlee
84,Oudemolsedijk,2021-03-09,17:00:00,8,7,1,FMN GV 18 Kasterlee
84,Oudemolsedijk,2021-03-09,18:00:00,3,3,0,FMN GV 18 Kasterlee
84,Oudemolsedijk,2021-03-09,19:00:00,4,3,1,FMN GV 18 Kasterlee
84,Oudemolsedijk,2021-03-09,20:00:00,7,4,3,FMN GV 18 Kasterlee
84,Oudemolsedijk,2021-03-09,21:00:00,2,0,2,FMN GV 18 Kasterlee
84,Oudemolsedijk,2021-03-09,22:00:00,4,1,3,FMN GV 18 Kasterlee
84,Oudemolsedijk,2021-03-09,23:00:00,0,0,0,FMN GV 18 Kasterlee
84,Oudemolsedijk,2021-03-10,00:00:00,0,0,0,FMN GV 18 Kasterlee
84,Oudemolsedijk,2021-03-10,01:00:00,0,0,0,FMN GV 18 Kasterlee
84,Oudemolsedijk,2021-03-10,02:00:00,0,0,0,FMN GV 18 Kasterlee
84,Oudemolsedijk,2021-03-10,03:00:00,0,0,0,FMN GV 18 Kasterlee
84,Oudemolsedijk,2021-03-10,04:00:00,0,0,0,FMN GV 18 Kasterlee
84,Oudemolsedijk,2021-03-10,05:00:00,1,1,0,FMN GV 18 Kasterlee
84,Oudemolsedijk,2021-03-10,06:00:00,11,5,6,FMN GV 18 Kasterlee
84,Oudemolsedijk,2021-03-10,07:00:00,17,9,8,FMN GV 18 Kasterlee
84,Oudemolsedijk,2021-03-10,08:00:00,13,9,4,FMN GV 18 Kasterlee
84,Oudemolsedijk,2021-03-10,09:00:00,20,6,14,FMN GV 18 Kasterlee
84,Oudemolsedijk,2021-03-10,10:00:00,14,5,9,FMN GV 18 Kasterlee
84,Oudemolsedijk,2021-03-10,11:00:00,23,16,7,FMN GV 18 Kasterlee
84,Oudemolsedijk,2021-03-10,12:00:00,31,17,14,FMN GV 18 Kasterlee
84,Oudemolsedijk,2021-03-10,13:00:00,29,20,9,FMN GV 18 Kasterlee
84,Oudemolsedijk,2021-03-10,14:00:00,33,22,11,FMN GV 18 Kasterlee
84,Oudemolsedijk,2021-03-10,15:00:00,23,11,12,FMN GV 18 Kasterlee
84,Oudemolsedijk,2021-03-10,16:00:00,18,8,10,FMN GV 18 Kasterlee
84,Oudemolsedijk,2021-03-10,17:00:00,16,12,4,FMN GV 18 Kasterlee
84,Oudemolsedijk,2021-03-10,18:00:00,4,2,2,FMN GV 18 Kasterlee
84,Oudemolsedijk,2021-03-10,19:00:00,3,1,2,FMN GV 18 Kasterlee
84,Oudemolsedijk,2021-03-10,20:00:00,2,1,1,FMN GV 18 Kasterlee
84,Oudemolsedijk,2021-03-10,21:00:00,1,0,1,FMN GV 18 Kasterlee
84,Oudemolsedijk,2021-03-10,22:00:00,1,0,1,FMN GV 18 Kasterlee
84,Oudemolsedijk,2021-03-10,23:00:00,0,0,0,FMN GV 18 Kasterlee
84,Oudemolsedijk,2021-03-11,00:00:00,0,0,0,FMN GV 18 Kasterlee
84,Oudemolsedijk,2021-03-11,01:00:00,0,0,0,FMN GV 18 Kasterlee
84,Oudemolsedijk,2021-03-11,02:00:00,0,0,0,FMN GV 18 Kasterlee
84,Oudemolsedijk,2021-03-11,03:00:00,0,0,0,FMN GV 18 Kasterlee
84,Oudemolsedijk,2021-03-11,04:00:00,0,0,0,FMN GV 18 Kasterlee
84,Oudemolsedijk,2021-03-11,05:00:00,0,0,0,FMN GV 18 Kasterlee
84,Oudemolsedijk,2021-03-11,06:00:00,5,2,3,FMN GV 18 Kasterlee
84,Oudemolsedijk,2021-03-11,07:00:00,7,5,2,FMN GV 18 Kasterlee
84,Oudemolsedijk,2021-03-11,08:00:00,5,3,2,FMN GV 18 Kasterlee
84,Oudemolsedijk,2021-03-11,09:00:00,3,1,2,FMN GV 18 Kasterlee
84,Oudemolsedijk,2021-03-11,10:00:00,4,1,3,FMN GV 18 Kasterlee
84,Oudemolsedijk,2021-03-11,11:00:00,3,0,3,FMN GV 18 Kasterlee
84,Oudemolsedijk,2021-03-11,12:00:00,9,3,6,FMN GV 18 Kasterlee
84,Oudemolsedijk,2021-03-11,13:00:00,5,2,3,FMN GV 18 Kasterlee
84,Oudemolsedijk,2021-03-11,14:00:00,2,0,2,FMN GV 18 Kasterlee
84,Oudemolsedijk,2021-03-11,15:00:00,5,3,2,FMN GV 18 Kasterlee
84,Oudemolsedijk,2021-03-11,16:00:00,6,3,3,FMN GV 18 Kasterlee
84,Oudemolsedijk,2021-03-11,17:00:00,4,2,2,FMN GV 18 Kasterlee
84,Oudemolsedijk,2021-03-11,18:00:00,7,5,2,FMN GV 18 Kasterlee
84,Oudemolsedijk,2021-03-11,19:00:00,0,0,0,FMN GV 18 Kasterlee
84,Oudemolsedijk,2021-03-11,20:00:00,0,0,0,FMN GV 18 Kasterlee
84,Oudemolsedijk,2021-03-11,21:00:00,2,1,1,FMN GV 18 Kasterlee
84,Oudemolsedijk,2021-03-11,22:00:00,2,0,2,FMN GV 18 Kasterlee
84,Oudemolsedijk,2021-03-11,23:00:00,0,0,0,FMN GV 18 Kasterlee
84,Oudemolsedijk,2021-03-12,00:00:00,0,0,0,FMN GV 18 Kasterlee
84,Oudemolsedijk,2021-03-12,01:00:00,0,0,0,FMN GV 18 Kasterlee
84,Oudemolsedijk,2021-03-12,02:00:00,0,0,0,FMN GV 18 Kasterlee
84,Oudemolsedijk,2021-03-12,03:00:00,0,0,0,FMN GV 18 Kasterlee
84,Oudemolsedijk,2021-03-12,04:00:00,0,0,0,FMN GV 18 Kasterlee
84,Oudemolsedijk,2021-03-12,05:00:00,2,1,1,FMN GV 18 Kasterlee
84,Oudemolsedijk,2021-03-12,06:00:00,6,2,4,FMN GV 18 Kasterlee
84,Oudemolsedijk,2021-03-12,07:00:00,14,6,8,FMN GV 18 Kasterlee
84,Oudemolsedijk,2021-03-12,08:00:00,8,7,1,FMN GV 18 Kasterlee
84,Oudemolsedijk,2021-03-12,09:00:00,9,3,6,FMN GV 18 Kasterlee
84,Oudemolsedijk,2021-03-12,10:00:00,12,8,4,FMN GV 18 Kasterlee
84,Oudemolsedijk,2021-03-12,11:00:00,7,3,4,FMN GV 18 Kasterlee
84,Oudemolsedijk,2021-03-12,12:00:00,5,2,3,FMN GV 18 Kasterlee
84,Oudemolsedijk,2021-03-12,13:00:00,10,4,6,FMN GV 18 Kasterlee
84,Oudemolsedijk,2021-03-12,14:00:00,7,3,4,FMN GV 18 Kasterlee
84,Oudemolsedijk,2021-03-12,15:00:00,9,3,6,FMN GV 18 Kasterlee
84,Oudemolsedijk,2021-03-12,16:00:00,9,1,8,FMN GV 18 Kasterlee
84,Oudemolsedijk,2021-03-12,17:00:00,10,6,4,FMN GV 18 Kasterlee
84,Oudemolsedijk,2021-03-12,18:00:00,3,1,2,FMN GV 18 Kasterlee
84,Oudemolsedijk,2021-03-12,19:00:00,1,1,0,FMN GV 18 Kasterlee
84,Oudemolsedijk,2021-03-12,20:00:00,1,1,0,FMN GV 18 Kasterlee
84,Oudemolsedijk,2021-03-12,21:00:00,0,0,0,FMN GV 18 Kasterlee
84,Oudemolsedijk,2021-03-12,22:00:00,0,0,0,FMN GV 18 Kasterlee
84,Oudemolsedijk,2021-03-12,23:00:00,0,0,0,FMN GV 18 Kasterlee
84,Oudemolsedijk,2021-03-13,00:00:00,0,0,0,FMN GV 18 Kasterlee
84,Oudemolsedijk,2021-03-13,01:00:00,0,0,0,FMN GV 18 Kasterlee
84,Oudemolsedijk,2021-03-13,02:00:00,1,0,1,FMN GV 18 Kasterlee
84,Oudemolsedijk,2021-03-13,03:00:00,0,0,0,FMN GV 18 Kasterlee
84,Oudemolsedijk,2021-03-13,04:00:00,4,2,2,FMN GV 18 Kasterlee
84,Oudemolsedijk,2021-03-13,05:00:00,0,0,0,FMN GV 18 Kasterlee
84,Oudemolsedijk,2021-03-13,06:00:00,2,0,2,FMN GV 18 Kasterlee
84,Oudemolsedijk,2021-03-13,07:00:00,0,0,0,FMN GV 18 Kasterlee
84,Oudemolsedijk,2021-03-13,08:00:00,2,1,1,FMN GV 18 Kasterlee
84,Oudemolsedijk,2021-03-13,09:00:00,4,3,1,FMN GV 18 Kasterlee
84,Oudemolsedijk,2021-03-13,10:00:00,10,6,4,FMN GV 18 Kasterlee
84,Oudemolsedijk,2021-03-13,11:00:00,12,3,9,FMN GV 18 Kasterlee
84,Oudemolsedijk,2021-03-13,12:00:00,9,3,6,FMN GV 18 Kasterlee
84,Oudemolsedijk,2021-03-13,13:00:00,8,4,4,FMN GV 18 Kasterlee
84,Oudemolsedijk,2021-03-13,14:00:00,5,1,4,FMN GV 18 Kasterlee
84,Oudemolsedijk,2021-03-13,15:00:00,4,3,1,FMN GV 18 Kasterlee
84,Oudemolsedijk,2021-03-13,16:00:00,15,14,1,FMN GV 18 Kasterlee
84,Oudemolsedijk,2021-03-13,17:00:00,7,3,4,FMN GV 18 Kasterlee
84,Oudemolsedijk,2021-03-13,18:00:00,0,0,0,FMN GV 18 Kasterlee
84,Oudemolsedijk,2021-03-13,19:00:00,0,0,0,FMN GV 18 Kasterlee
84,Oudemolsedijk,2021-03-13,20:00:00,1,1,0,FMN GV 18 Kasterlee
84,Oudemolsedijk,2021-03-13,21:00:00,0,0,0,FMN GV 18 Kasterlee
84,Oudemolsedijk,2021-03-13,22:00:00,1,0,1,FMN GV 18 Kasterlee
84,Oudemolsedijk,2021-03-13,23:00:00,0,0,0,FMN GV 18 Kasterlee
84,Oudemolsedijk,2021-03-14,00:00:00,0,0,0,FMN GV 18 Kasterlee
84,Oudemolsedijk,2021-03-14,01:00:00,1,0,1,FMN GV 18 Kasterlee
84,Oudemolsedijk,2021-03-14,02:00:00,0,0,0,FMN GV 18 Kasterlee
84,Oudemolsedijk,2021-03-14,03:00:00,0,0,0,FMN GV 18 Kasterlee
84,Oudemolsedijk,2021-03-14,04:00:00,0,0,0,FMN GV 18 Kasterlee
84,Oudemolsedijk,2021-03-14,05:00:00,0,0,0,FMN GV 18 Kasterlee
84,Oudemolsedijk,2021-03-14,06:00:00,0,0,0,FMN GV 18 Kasterlee
84,Oudemolsedijk,2021-03-14,07:00:00,3,1,2,FMN GV 18 Kasterlee
84,Oudemolsedijk,2021-03-14,08:00:00,19,7,12,FMN GV 18 Kasterlee
84,Oudemolsedijk,2021-03-14,09:00:00,47,24,23,FMN GV 18 Kasterlee
84,Oudemolsedijk,2021-03-14,10:00:00,52,27,25,FMN GV 18 Kasterlee
84,Oudemolsedijk,2021-03-14,11:00:00,56,25,31,FMN GV 18 Kasterlee
84,Oudemolsedijk,2021-03-14,12:00:00,22,15,7,FMN GV 18 Kasterlee
84,Oudemolsedijk,2021-03-14,13:00:00,29,21,8,FMN GV 18 Kasterlee
84,Oudemolsedijk,2021-03-14,14:00:00,29,14,15,FMN GV 18 Kasterlee
84,Oudemolsedijk,2021-03-14,15:00:00,29,10,19,FMN GV 18 Kasterlee
84,Oudemolsedijk,2021-03-14,16:00:00,17,10,7,FMN GV 18 Kasterlee
84,Oudemolsedijk,2021-03-14,17:00:00,3,1,2,FMN GV 18 Kasterlee
84,Oudemolsedijk,2021-03-14,18:00:00,0,0,0,FMN GV 18 Kasterlee
84,Oudemolsedijk,2021-03-14,19:00:00,0,0,0,FMN GV 18 Kasterlee
84,Oudemolsedijk,2021-03-14,20:00:00,1,1,0,FMN GV 18 Kasterlee
84,Oudemolsedijk,2021-03-14,21:00:00,1,1,0,FMN GV 18 Kasterlee
84,Oudemolsedijk,2021-03-14,22:00:00,0,0,0,FMN GV 18 Kasterlee
84,Oudemolsedijk,2021-03-14,23:00:00,0,0,0,FMN GV 18 Kasterlee
84,Oudemolsedijk,2021-03-15,00:00:00,0,0,0,FMN GV 18 Kasterlee
84,Oudemolsedijk,2021-03-15,01:00:00,0,0,0,FMN GV 18 Kasterlee
84,Oudemolsedijk,2021-03-15,02:00:00,0,0,0,FMN GV 18 Kasterlee
84,Oudemolsedijk,2021-03-15,03:00:00,0,0,0,FMN GV 18 Kasterlee
84,Oudemolsedijk,2021-03-15,04:00:00,1,1,0,FMN GV 18 Kasterlee
84,Oudemolsedijk,2021-03-15,05:00:00,3,3,0,FMN GV 18 Kasterlee
84,Oudemolsedijk,2021-03-15,06:00:00,9,2,7,FMN GV 18 Kasterlee
84,Oudemolsedijk,2021-03-15,07:00:00,14,6,8,FMN GV 18 Kasterlee
84,Oudemolsedijk,2021-03-15,08:00:00,13,9,4,FMN GV 18 Kasterlee
84,Oudemolsedijk,2021-03-15,09:00:00,1,1,0,FMN GV 18 Kasterlee
84,Oudemolsedijk,2021-03-15,10:00:00,11,8,3,FMN GV 18 Kasterlee
84,Oudemolsedijk,2021-03-15,11:00:00,5,0,5,FMN GV 18 Kasterlee
84,Oudemolsedijk,2021-03-15,12:00:00,7,4,3,FMN GV 18 Kasterlee
84,Oudemolsedijk,2021-03-15,13:00:00,7,5,2,FMN GV 18 Kasterlee
84,Oudemolsedijk,2021-03-15,14:00:00,14,4,10,FMN GV 18 Kasterlee
84,Oudemolsedijk,2021-03-15,15:00:00,17,10,7,FMN GV 18 Kasterlee
84,Oudemolsedijk,2021-03-15,16:00:00,20,8,12,FMN GV 18 Kasterlee
84,Oudemolsedijk,2021-03-15,17:00:00,10,5,5,FMN GV 18 Kasterlee
84,Oudemolsedijk,2021-03-15,18:00:00,2,1,1,FMN GV 18 Kasterlee
84,Oudemolsedijk,2021-03-15,19:00:00,1,0,1,FMN GV 18 Kasterlee
84,Oudemolsedijk,2021-03-15,20:00:00,1,1,0,FMN GV 18 Kasterlee
84,Oudemolsedijk,2021-03-15,21:00:00,1,1,0,FMN GV 18 Kasterlee
84,Oudemolsedijk,2021-03-15,22:00:00,2,0,2,FMN GV 18 Kasterlee
84,Oudemolsedijk,2021-03-15,23:00:00,0,0,0,FMN GV 18 Kasterlee
84,Oudemolsedijk,2021-03-16,00:00:00,0,0,0,FMN GV 18 Kasterlee
84,Oudemolsedijk,2021-03-16,01:00:00,0,0,0,FMN GV 18 Kasterlee
84,Oudemolsedijk,2021-03-16,02:00:00,0,0,0,FMN GV 18 Kasterlee
84,Oudemolsedijk,2021-03-16,03:00:00,0,0,0,FMN GV 18 Kasterlee
84,Oudemolsedijk,2021-03-16,04:00:00,1,1,0,FMN GV 18 Kasterlee
84,Oudemolsedijk,2021-03-16,05:00:00,5,5,0,FMN GV 18 Kasterlee
84,Oudemolsedijk,2021-03-16,06:00:00,6,2,4,FMN GV 18 Kasterlee
84,Oudemolsedijk,2021-03-16,07:00:00,8,3,5,FMN GV 18 Kasterlee
84,Oudemolsedijk,2021-03-16,08:00:00,14,11,3,FMN GV 18 Kasterlee
84,Oudemolsedijk,2021-03-16,09:00:00,10,5,5,FMN GV 18 Kasterlee
84,Oudemolsedijk,2021-03-16,10:00:00,12,6,6,FMN GV 18 Kasterlee
84,Oudemolsedijk,2021-03-16,11:00:00,5,4,1,FMN GV 18 Kasterlee
84,Oudemolsedijk,2021-03-16,12:00:00,2,1,1,FMN GV 18 Kasterlee
84,Oudemolsedijk,2021-03-16,13:00:00,11,5,6,FMN GV 18 Kasterlee
84,Oudemolsedijk,2021-03-16,14:00:00,8,3,5,FMN GV 18 Kasterlee
84,Oudemolsedijk,2021-03-16,15:00:00,4,1,3,FMN GV 18 Kasterlee
84,Oudemolsedijk,2021-03-16,16:00:00,12,5,7,FMN GV 18 Kasterlee
84,Oudemolsedijk,2021-03-16,17:00:00,9,4,5,FMN GV 18 Kasterlee
84,Oudemolsedijk,2021-03-16,18:00:00,3,2,1,FMN GV 18 Kasterlee
84,Oudemolsedijk,2021-03-16,19:00:00,1,0,1,FMN GV 18 Kasterlee
84,Oudemolsedijk,2021-03-16,20:00:00,1,0,1,FMN GV 18 Kasterlee
84,Oudemolsedijk,2021-03-16,21:00:00,0,0,0,FMN GV 18 Kasterlee
84,Oudemolsedijk,2021-03-16,22:00:00,3,0,3,FMN GV 18 Kasterlee
84,Oudemolsedijk,2021-03-16,23:00:00,0,0,0,FMN GV 18 Kasterlee
84,Oudemolsedijk,2021-03-17,00:00:00,0,0,0,FMN GV 18 Kasterlee
84,Oudemolsedijk,2021-03-17,01:00:00,0,0,0,FMN GV 18 Kasterlee
84,Oudemolsedijk,2021-03-17,02:00:00,0,0,0,FMN GV 18 Kasterlee
84,Oudemolsedijk,2021-03-17,03:00:00,0,0,0,FMN GV 18 Kasterlee
84,Oudemolsedijk,2021-03-17,04:00:00,1,1,0,FMN GV 18 Kasterlee
84,Oudemolsedijk,2021-03-17,05:00:00,3,3,0,FMN GV 18 Kasterlee
84,Oudemolsedijk,2021-03-17,06:00:00,6,2,4,FMN GV 18 Kasterlee
84,Oudemolsedijk,2021-03-17,07:00:00,10,7,3,FMN GV 18 Kasterlee
84,Oudemolsedijk,2021-03-17,08:00:00,13,7,6,FMN GV 18 Kasterlee
84,Oudemolsedijk,2021-03-17,09:00:00,8,4,4,FMN GV 18 Kasterlee
84,Oudemolsedijk,2021-03-17,10:00:00,7,3,4,FMN GV 18 Kasterlee
84,Oudemolsedijk,2021-03-17,11:00:00,9,5,4,FMN GV 18 Kasterlee
84,Oudemolsedijk,2021-03-17,12:00:00,17,6,11,FMN GV 18 Kasterlee
84,Oudemolsedijk,2021-03-17,13:00:00,27,16,11,FMN GV 18 Kasterlee
84,Oudemolsedijk,2021-03-17,14:00:00,42,20,22,FMN GV 18 Kasterlee
84,Oudemolsedijk,2021-03-17,15:00:00,28,17,11,FMN GV 18 Kasterlee
84,Oudemolsedijk,2021-03-17,16:00:00,16,6,10,FMN GV 18 Kasterlee
84,Oudemolsedijk,2021-03-17,17:00:00,24,21,3,FMN GV 18 Kasterlee
84,Oudemolsedijk,2021-03-17,18:00:00,10,4,6,FMN GV 18 Kasterlee
84,Oudemolsedijk,2021-03-17,19:00:00,5,5,0,FMN GV 18 Kasterlee
84,Oudemolsedijk,2021-03-17,20:00:00,18,11,7,FMN GV 18 Kasterlee
84,Oudemolsedijk,2021-03-17,21:00:00,0,0,0,FMN GV 18 Kasterlee
84,Oudemolsedijk,2021-03-17,22:00:00,3,1,2,FMN GV 18 Kasterlee
84,Oudemolsedijk,2021-03-17,23:00:00,0,0,0,FMN GV 18 Kasterlee
84,Oudemolsedijk,2021-03-18,00:00:00,0,0,0,FMN GV 18 Kasterlee
84,Oudemolsedijk,2021-03-18,01:00:00,0,0,0,FMN GV 18 Kasterlee
84,Oudemolsedijk,2021-03-18,02:00:00,0,0,0,FMN GV 18 Kasterlee
84,Oudemolsedijk,2021-03-18,03:00:00,0,0,0,FMN GV 18 Kasterlee
84,Oudemolsedijk,2021-03-18,04:00:00,1,1,0,FMN GV 18 Kasterlee
84,Oudemolsedijk,2021-03-18,05:00:00,4,4,0,FMN GV 18 Kasterlee
84,Oudemolsedijk,2021-03-18,06:00:00,9,1,8,FMN GV 18 Kasterlee
84,Oudemolsedijk,2021-03-18,07:00:00,10,4,6,FMN GV 18 Kasterlee
84,Oudemolsedijk,2021-03-18,08:00:00,10,5,5,FMN GV 18 Kasterlee
84,Oudemolsedijk,2021-03-18,09:00:00,6,0,6,FMN GV 18 Kasterlee
84,Oudemolsedijk,2021-03-18,10:00:00,11,9,2,FMN GV 18 Kasterlee
84,Oudemolsedijk,2021-03-18,11:00:00,10,2,8,FMN GV 18 Kasterlee
84,Oudemolsedijk,2021-03-18,12:00:00,14,7,7,FMN GV 18 Kasterlee
84,Oudemolsedijk,2021-03-18,13:00:00,12,6,6,FMN GV 18 Kasterlee
84,Oudemolsedijk,2021-03-18,14:00:00,24,15,9,FMN GV 18 Kasterlee
84,Oudemolsedijk,2021-03-18,15:00:00,28,16,12,FMN GV 18 Kasterlee
84,Oudemolsedijk,2021-03-18,16:00:00,19,15,4,FMN GV 18 Kasterlee
84,Oudemolsedijk,2021-03-18,17:00:00,10,3,7,FMN GV 18 Kasterlee
84,Oudemolsedijk,2021-03-18,18:00:00,8,3,5,FMN GV 18 Kasterlee
84,Oudemolsedijk,2021-03-18,19:00:00,1,0,1,FMN GV 18 Kasterlee
84,Oudemolsedijk,2021-03-18,20:00:00,2,1,1,FMN GV 18 Kasterlee
84,Oudemolsedijk,2021-03-18,21:00:00,0,0,0,FMN GV 18 Kasterlee
84,Oudemolsedijk,2021-03-18,22:00:00,1,0,1,FMN GV 18 Kasterlee
84,Oudemolsedijk,2021-03-18,23:00:00,0,0,0,FMN GV 18 Kasterlee
84,Oudemolsedijk,2021-03-19,00:00:00,0,0,0,FMN GV 18 Kasterlee
84,Oudemolsedijk,2021-03-19,01:00:00,0,0,0,FMN GV 18 Kasterlee
84,Oudemolsedijk,2021-03-19,02:00:00,0,0,0,FMN GV 18 Kasterlee
84,Oudemolsedijk,2021-03-19,03:00:00,0,0,0,FMN GV 18 Kasterlee
84,Oudemolsedijk,2021-03-19,04:00:00,1,1,0,FMN GV 18 Kasterlee
84,Oudemolsedijk,2021-03-19,05:00:00,3,2,1,FMN GV 18 Kasterlee
84,Oudemolsedijk,2021-03-19,06:00:00,9,2,7,FMN GV 18 Kasterlee
84,Oudemolsedijk,2021-03-19,07:00:00,13,9,4,FMN GV 18 Kasterlee
84,Oudemolsedijk,2021-03-19,08:00:00,11,9,2,FMN GV 18 Kasterlee
84,Oudemolsedijk,2021-03-19,09:00:00,14,10,4,FMN GV 18 Kasterlee
84,Oudemolsedijk,2021-03-19,10:00:00,20,11,9,FMN GV 18 Kasterlee
84,Oudemolsedijk,2021-03-19,11:00:00,21,11,10,FMN GV 18 Kasterlee
84,Oudemolsedijk,2021-03-19,12:00:00,29,12,17,FMN GV 18 Kasterlee
84,Oudemolsedijk,2021-03-19,13:00:00,44,24,20,FMN GV 18 Kasterlee
84,Oudemolsedijk,2021-03-19,14:00:00,76,30,46,FMN GV 18 Kasterlee
84,Oudemolsedijk,2021-03-19,15:00:00,62,45,17,FMN GV 18 Kasterlee
84,Oudemolsedijk,2021-03-19,16:00:00,39,20,19,FMN GV 18 Kasterlee
84,Oudemolsedijk,2021-03-19,17:00:00,26,15,11,FMN GV 18 Kasterlee
84,Oudemolsedijk,2021-03-19,18:00:00,10,6,4,FMN GV 18 Kasterlee
84,Oudemolsedijk,2021-03-19,19:00:00,8,2,6,FMN GV 18 Kasterlee
84,Oudemolsedijk,2021-03-19,20:00:00,2,1,1,FMN GV 18 Kasterlee
84,Oudemolsedijk,2021-03-19,21:00:00,3,1,2,FMN GV 18 Kasterlee
84,Oudemolsedijk,2021-03-19,22:00:00,2,1,1,FMN GV 18 Kasterlee
84,Oudemolsedijk,2021-03-19,23:00:00,2,2,0,FMN GV 18 Kasterlee
84,Oudemolsedijk,2021-03-20,00:00:00,0,0,0,FMN GV 18 Kasterlee
84,Oudemolsedijk,2021-03-20,01:00:00,0,0,0,FMN GV 18 Kasterlee
84,Oudemolsedijk,2021-03-20,02:00:00,0,0,0,FMN GV 18 Kasterlee
84,Oudemolsedijk,2021-03-20,03:00:00,0,0,0,FMN GV 18 Kasterlee
84,Oudemolsedijk,2021-03-20,04:00:00,0,0,0,FMN GV 18 Kasterlee
84,Oudemolsedijk,2021-03-20,05:00:00,1,1,0,FMN GV 18 Kasterlee
84,Oudemolsedijk,2021-03-20,06:00:00,0,0,0,FMN GV 18 Kasterlee
84,Oudemolsedijk,2021-03-20,07:00:00,3,1,2,FMN GV 18 Kasterlee
84,Oudemolsedijk,2021-03-20,08:00:00,9,1,8,FMN GV 18 Kasterlee
84,Oudemolsedijk,2021-03-20,09:00:00,29,10,19,FMN GV 18 Kasterlee
84,Oudemolsedijk,2021-03-20,10:00:00,53,33,20,FMN GV 18 Kasterlee
84,Oudemolsedijk,2021-03-20,11:00:00,73,52,21,FMN GV 18 Kasterlee
84,Oudemolsedijk,2021-03-20,12:00:00,66,25,41,FMN GV 18 Kasterlee
84,Oudemolsedijk,2021-03-20,13:00:00,129,70,59,FMN GV 18 Kasterlee
84,Oudemolsedijk,2021-03-20,14:00:00,133,68,65,FMN GV 18 Kasterlee
84,Oudemolsedijk,2021-03-20,15:00:00,103,51,52,FMN GV 18 Kasterlee
84,Oudemolsedijk,2021-03-20,16:00:00,62,32,30,FMN GV 18 Kasterlee
84,Oudemolsedijk,2021-03-20,17:00:00,19,11,8,FMN GV 18 Kasterlee
84,Oudemolsedijk,2021-03-20,18:00:00,18,12,6,FMN GV 18 Kasterlee
84,Oudemolsedijk,2021-03-20,19:00:00,0,0,0,FMN GV 18 Kasterlee
84,Oudemolsedijk,2021-03-20,20:00:00,3,2,1,FMN GV 18 Kasterlee
84,Oudemolsedijk,2021-03-20,21:00:00,1,1,0,FMN GV 18 Kasterlee
84,Oudemolsedijk,2021-03-20,22:00:00,0,0,0,FMN GV 18 Kasterlee
84,Oudemolsedijk,2021-03-20,23:00:00,3,0,3,FMN GV 18 Kasterlee
84,Oudemolsedijk,2021-03-21,00:00:00,0,0,0,FMN GV 18 Kasterlee
84,Oudemolsedijk,2021-03-21,01:00:00,0,0,0,FMN GV 18 Kasterlee
84,Oudemolsedijk,2021-03-21,02:00:00,0,0,0,FMN GV 18 Kasterlee
84,Oudemolsedijk,2021-03-21,03:00:00,0,0,0,FMN GV 18 Kasterlee
84,Oudemolsedijk,2021-03-21,04:00:00,0,0,0,FMN GV 18 Kasterlee
84,Oudemolsedijk,2021-03-21,05:00:00,0,0,0,FMN GV 18 Kasterlee
84,Oudemolsedijk,2021-03-21,06:00:00,3,2,1,FMN GV 18 Kasterlee
84,Oudemolsedijk,2021-03-21,07:00:00,0,0,0,FMN GV 18 Kasterlee
84,Oudemolsedijk,2021-03-21,08:00:00,33,11,22,FMN GV 18 Kasterlee
84,Oudemolsedijk,2021-03-21,09:00:00,64,42,22,FMN GV 18 Kasterlee
84,Oudemolsedijk,2021-03-21,10:00:00,146,72,74,FMN GV 18 Kasterlee
84,Oudemolsedijk,2021-03-21,11:00:00,148,83,65,FMN GV 18 Kasterlee
84,Oudemolsedijk,2021-03-21,12:00:00,40,22,18,FMN GV 18 Kasterlee
84,Oudemolsedijk,2021-03-21,13:00:00,50,28,22,FMN GV 18 Kasterlee
84,Oudemolsedijk,2021-03-21,14:00:00,76,32,44,FMN GV 18 Kasterlee
84,Oudemolsedijk,2021-03-21,15:00:00,34,24,10,FMN GV 18 Kasterlee
84,Oudemolsedijk,2021-03-21,16:00:00,32,23,9,FMN GV 18 Kasterlee
84,Oudemolsedijk,2021-03-21,17:00:00,12,6,6,FMN GV 18 Kasterlee
84,Oudemolsedijk,2021-03-21,18:00:00,3,1,2,FMN GV 18 Kasterlee
84,Oudemolsedijk,2021-03-21,19:00:00,0,0,0,FMN GV 18 Kasterlee
84,Oudemolsedijk,2021-03-21,20:00:00,3,3,0,FMN GV 18 Kasterlee
84,Oudemolsedijk,2021-03-21,21:00:00,0,0,0,FMN GV 18 Kasterlee
84,Oudemolsedijk,2021-03-21,22:00:00,1,1,0,FMN GV 18 Kasterlee
84,Oudemolsedijk,2021-03-21,23:00:00,0,0,0,FMN GV 18 Kasterlee
84,Oudemolsedijk,2021-03-22,00:00:00,0,0,0,FMN GV 18 Kasterlee
84,Oudemolsedijk,2021-03-22,01:00:00,0,0,0,FMN GV 18 Kasterlee
84,Oudemolsedijk,2021-03-22,02:00:00,0,0,0,FMN GV 18 Kasterlee
84,Oudemolsedijk,2021-03-22,03:00:00,0,0,0,FMN GV 18 Kasterlee
84,Oudemolsedijk,2021-03-22,04:00:00,1,1,0,FMN GV 18 Kasterlee
84,Oudemolsedijk,2021-03-22,05:00:00,2,2,0,FMN GV 18 Kasterlee
84,Oudemolsedijk,2021-03-22,06:00:00,11,8,3,FMN GV 18 Kasterlee
84,Oudemolsedijk,2021-03-22,07:00:00,22,10,12,FMN GV 18 Kasterlee
84,Oudemolsedijk,2021-03-22,08:00:00,14,10,4,FMN GV 18 Kasterlee
84,Oudemolsedijk,2021-03-22,09:00:00,10,3,7,FMN GV 18 Kasterlee
84,Oudemolsedijk,2021-03-22,10:00:00,22,14,8,FMN GV 18 Kasterlee
84,Oudemolsedijk,2021-03-22,11:00:00,17,4,13,FMN GV 18 Kasterlee
84,Oudemolsedijk,2021-03-22,12:00:00,26,9,17,FMN GV 18 Kasterlee
84,Oudemolsedijk,2021-03-22,13:00:00,23,11,12,FMN GV 18 Kasterlee
84,Oudemolsedijk,2021-03-22,14:00:00,46,26,20,FMN GV 18 Kasterlee
84,Oudemolsedijk,2021-03-22,15:00:00,25,8,17,FMN GV 18 Kasterlee
84,Oudemolsedijk,2021-03-22,16:00:00,34,20,14,FMN GV 18 Kasterlee
84,Oudemolsedijk,2021-03-22,17:00:00,17,8,9,FMN GV 18 Kasterlee
84,Oudemolsedijk,2021-03-22,18:00:00,8,3,5,FMN GV 18 Kasterlee
84,Oudemolsedijk,2021-03-22,19:00:00,2,0,2,FMN GV 18 Kasterlee
84,Oudemolsedijk,2021-03-22,20:00:00,3,3,0,FMN GV 18 Kasterlee
84,Oudemolsedijk,2021-03-22,21:00:00,3,2,1,FMN GV 18 Kasterlee
84,Oudemolsedijk,2021-03-22,22:00:00,2,0,2,FMN GV 18 Kasterlee
84,Oudemolsedijk,2021-03-22,23:00:00,0,0,0,FMN GV 18 Kasterlee
84,Oudemolsedijk,2021-03-23,00:00:00,0,0,0,FMN GV 18 Kasterlee
84,Oudemolsedijk,2021-03-23,01:00:00,0,0,0,FMN GV 18 Kasterlee
84,Oudemolsedijk,2021-03-23,02:00:00,0,0,0,FMN GV 18 Kasterlee
84,Oudemolsedijk,2021-03-23,03:00:00,0,0,0,FMN GV 18 Kasterlee
84,Oudemolsedijk,2021-03-23,04:00:00,1,1,0,FMN GV 18 Kasterlee
84,Oudemolsedijk,2021-03-23,05:00:00,4,3,1,FMN GV 18 Kasterlee
84,Oudemolsedijk,2021-03-23,06:00:00,11,4,7,FMN GV 18 Kasterlee
84,Oudemolsedijk,2021-03-23,07:00:00,11,4,7,FMN GV 18 Kasterlee
84,Oudemolsedijk,2021-03-23,08:00:00,13,6,7,FMN GV 18 Kasterlee
84,Oudemolsedijk,2021-03-23,09:00:00,22,9,13,FMN GV 18 Kasterlee
84,Oudemolsedijk,2021-03-23,10:00:00,14,7,7,FMN GV 18 Kasterlee
84,Oudemolsedijk,2021-03-23,11:00:00,19,10,9,FMN GV 18 Kasterlee
84,Oudemolsedijk,2021-03-23,12:00:00,32,16,16,FMN GV 18 Kasterlee
84,Oudemolsedijk,2021-03-23,13:00:00,53,25,28,FMN GV 18 Kasterlee
84,Oudemolsedijk,2021-03-23,14:00:00,83,47,36,FMN GV 18 Kasterlee
84,Oudemolsedijk,2021-03-23,15:00:00,81,43,38,FMN GV 18 Kasterlee
84,Oudemolsedijk,2021-03-23,16:00:00,57,34,23,FMN GV 18 Kasterlee
84,Oudemolsedijk,2021-03-23,17:00:00,30,13,17,FMN GV 18 Kasterlee
84,Oudemolsedijk,2021-03-23,18:00:00,20,8,12,FMN GV 18 Kasterlee
84,Oudemolsedijk,2021-03-23,19:00:00,7,2,5,FMN GV 18 Kasterlee
84,Oudemolsedijk,2021-03-23,20:00:00,3,2,1,FMN GV 18 Kasterlee
84,Oudemolsedijk,2021-03-23,21:00:00,4,1,3,FMN GV 18 Kasterlee
84,Oudemolsedijk,2021-03-23,22:00:00,3,1,2,FMN GV 18 Kasterlee
84,Oudemolsedijk,2021-03-23,23:00:00,0,0,0,FMN GV 18 Kasterlee
84,Oudemolsedijk,2021-03-24,00:00:00,0,0,0,FMN GV 18 Kasterlee
84,Oudemolsedijk,2021-03-24,01:00:00,0,0,0,FMN GV 18 Kasterlee
84,Oudemolsedijk,2021-03-24,02:00:00,0,0,0,FMN GV 18 Kasterlee
84,Oudemolsedijk,2021-03-24,03:00:00,1,1,0,FMN GV 18 Kasterlee
84,Oudemolsedijk,2021-03-24,04:00:00,0,0,0,FMN GV 18 Kasterlee
84,Oudemolsedijk,2021-03-24,05:00:00,3,3,0,FMN GV 18 Kasterlee
84,Oudemolsedijk,2021-03-24,06:00:00,9,4,5,FMN GV 18 Kasterlee
84,Oudemolsedijk,2021-03-24,07:00:00,20,11,9,FMN GV 18 Kasterlee
84,Oudemolsedijk,2021-03-24,08:00:00,14,9,5,FMN GV 18 Kasterlee
84,Oudemolsedijk,2021-03-24,09:00:00,18,12,6,FMN GV 18 Kasterlee
84,Oudemolsedijk,2021-03-24,10:00:00,24,10,14,FMN GV 18 Kasterlee
84,Oudemolsedijk,2021-03-24,11:00:00,44,23,21,FMN GV 18 Kasterlee
84,Oudemolsedijk,2021-03-24,12:00:00,53,22,31,FMN GV 18 Kasterlee
84,Oudemolsedijk,2021-03-24,13:00:00,70,41,29,FMN GV 18 Kasterlee
84,Oudemolsedijk,2021-03-24,14:00:00,112,78,34,FMN GV 18 Kasterlee
84,Oudemolsedijk,2021-03-24,15:00:00,75,42,33,FMN GV 18 Kasterlee
84,Oudemolsedijk,2021-03-24,16:00:00,64,32,32,FMN GV 18 Kasterlee
84,Oudemolsedijk,2021-03-24,17:00:00,57,35,22,FMN GV 18 Kasterlee
84,Oudemolsedijk,2021-03-24,18:00:00,32,16,16,FMN GV 18 Kasterlee
84,Oudemolsedijk,2021-03-24,19:00:00,17,15,2,FMN GV 18 Kasterlee
84,Oudemolsedijk,2021-03-24,20:00:00,12,11,1,FMN GV 18 Kasterlee
84,Oudemolsedijk,2021-03-24,21:00:00,3,2,1,FMN GV 18 Kasterlee
84,Oudemolsedijk,2021-03-24,22:00:00,0,0,0,FMN GV 18 Kasterlee
84,Oudemolsedijk,2021-03-24,23:00:00,1,0,1,FMN GV 18 Kasterlee
84,Oudemolsedijk,2021-03-25,00:00:00,0,0,0,FMN GV 18 Kasterlee
84,Oudemolsedijk,2021-03-25,01:00:00,0,0,0,FMN GV 18 Kasterlee
84,Oudemolsedijk,2021-03-25,02:00:00,0,0,0,FMN GV 18 Kasterlee
84,Oudemolsedijk,2021-03-25,03:00:00,0,0,0,FMN GV 18 Kasterlee
84,Oudemolsedijk,2021-03-25,04:00:00,1,0,1,FMN GV 18 Kasterlee
84,Oudemolsedijk,2021-03-25,05:00:00,3,3,0,FMN GV 18 Kasterlee
84,Oudemolsedijk,2021-03-25,06:00:00,10,2,8,FMN GV 18 Kasterlee
84,Oudemolsedijk,2021-03-25,07:00:00,11,4,7,FMN GV 18 Kasterlee
84,Oudemolsedijk,2021-03-25,08:00:00,18,11,7,FMN GV 18 Kasterlee
84,Oudemolsedijk,2021-03-25,09:00:00,13,3,10,FMN GV 18 Kasterlee
84,Oudemolsedijk,2021-03-25,10:00:00,16,6,10,FMN GV 18 Kasterlee
84,Oudemolsedijk,2021-03-25,11:00:00,21,13,8,FMN GV 18 Kasterlee
84,Oudemolsedijk,2021-03-25,12:00:00,16,7,9,FMN GV 18 Kasterlee
84,Oudemolsedijk,2021-03-25,13:00:00,22,7,15,FMN GV 18 Kasterlee
84,Oudemolsedijk,2021-03-25,14:00:00,36,19,17,FMN GV 18 Kasterlee
84,Oudemolsedijk,2021-03-25,15:00:00,42,28,14,FMN GV 18 Kasterlee
84,Oudemolsedijk,2021-03-25,16:00:00,31,19,12,FMN GV 18 Kasterlee
84,Oudemolsedijk,2021-03-25,17:00:00,24,15,9,FMN GV 18 Kasterlee
84,Oudemolsedijk,2021-03-25,18:00:00,15,10,5,FMN GV 18 Kasterlee
84,Oudemolsedijk,2021-03-25,19:00:00,6,4,2,FMN GV 18 Kasterlee
84,Oudemolsedijk,2021-03-25,20:00:00,9,6,3,FMN GV 18 Kasterlee
84,Oudemolsedijk,2021-03-25,21:00:00,2,1,1,FMN GV 18 Kasterlee
84,Oudemolsedijk,2021-03-25,22:00:00,2,0,2,FMN GV 18 Kasterlee
84,Oudemolsedijk,2021-03-25,23:00:00,0,0,0,FMN GV 18 Kasterlee
84,Oudemolsedijk,2021-03-26,00:00:00,0,0,0,FMN GV 18 Kasterlee
84,Oudemolsedijk,2021-03-26,01:00:00,0,0,0,FMN GV 18 Kasterlee
84,Oudemolsedijk,2021-03-26,02:00:00,0,0,0,FMN GV 18 Kasterlee
84,Oudemolsedijk,2021-03-26,03:00:00,0,0,0,FMN GV 18 Kasterlee
84,Oudemolsedijk,2021-03-26,04:00:00,0,0,0,FMN GV 18 Kasterlee
84,Oudemolsedijk,2021-03-26,05:00:00,3,3,0,FMN GV 18 Kasterlee
84,Oudemolsedijk,2021-03-26,06:00:00,18,7,11,FMN GV 18 Kasterlee
84,Oudemolsedijk,2021-03-26,07:00:00,15,6,9,FMN GV 18 Kasterlee
84,Oudemolsedijk,2021-03-26,08:00:00,9,7,2,FMN GV 18 Kasterlee
84,Oudemolsedijk,2021-03-26,09:00:00,8,2,6,FMN GV 18 Kasterlee
84,Oudemolsedijk,2021-03-26,10:00:00,25,18,7,FMN GV 18 Kasterlee
84,Oudemolsedijk,2021-03-26,11:00:00,19,15,4,FMN GV 18 Kasterlee
84,Oudemolsedijk,2021-03-26,12:00:00,28,15,13,FMN GV 18 Kasterlee
84,Oudemolsedijk,2021-03-26,13:00:00,34,13,21,FMN GV 18 Kasterlee
84,Oudemolsedijk,2021-03-26,14:00:00,56,32,24,FMN GV 18 Kasterlee
84,Oudemolsedijk,2021-03-26,15:00:00,31,21,10,FMN GV 18 Kasterlee
84,Oudemolsedijk,2021-03-26,16:00:00,34,13,21,FMN GV 18 Kasterlee
84,Oudemolsedijk,2021-03-26,17:00:00,16,9,7,FMN GV 18 Kasterlee
84,Oudemolsedijk,2021-03-26,18:00:00,7,4,3,FMN GV 18 Kasterlee
84,Oudemolsedijk,2021-03-26,19:00:00,6,6,0,FMN GV 18 Kasterlee
84,Oudemolsedijk,2021-03-26,20:00:00,2,1,1,FMN GV 18 Kasterlee
84,Oudemolsedijk,2021-03-26,21:00:00,0,0,0,FMN GV 18 Kasterlee
84,Oudemolsedijk,2021-03-26,22:00:00,0,0,0,FMN GV 18 Kasterlee
84,Oudemolsedijk,2021-03-26,23:00:00,0,0,0,FMN GV 18 Kasterlee
84,Oudemolsedijk,2021-03-27,00:00:00,0,0,0,FMN GV 18 Kasterlee
84,Oudemolsedijk,2021-03-27,01:00:00,0,0,0,FMN GV 18 Kasterlee
84,Oudemolsedijk,2021-03-27,02:00:00,0,0,0,FMN GV 18 Kasterlee
84,Oudemolsedijk,2021-03-27,03:00:00,0,0,0,FMN GV 18 Kasterlee
84,Oudemolsedijk,2021-03-27,04:00:00,0,0,0,FMN GV 18 Kasterlee
84,Oudemolsedijk,2021-03-27,05:00:00,0,0,0,FMN GV 18 Kasterlee
84,Oudemolsedijk,2021-03-27,06:00:00,1,0,1,FMN GV 18 Kasterlee
84,Oudemolsedijk,2021-03-27,07:00:00,1,0,1,FMN GV 18 Kasterlee
84,Oudemolsedijk,2021-03-27,08:00:00,5,1,4,FMN GV 18 Kasterlee
84,Oudemolsedijk,2021-03-27,09:00:00,10,6,4,FMN GV 18 Kasterlee
84,Oudemolsedijk,2021-03-27,10:00:00,15,9,6,FMN GV 18 Kasterlee
84,Oudemolsedijk,2021-03-27,11:00:00,20,10,10,FMN GV 18 Kasterlee
84,Oudemolsedijk,2021-03-27,12:00:00,37,16,21,FMN GV 18 Kasterlee
84,Oudemolsedijk,2021-03-27,13:00:00,40,33,7,FMN GV 18 Kasterlee
84,Oudemolsedijk,2021-03-27,14:00:00,42,31,11,FMN GV 18 Kasterlee
84,Oudemolsedijk,2021-03-27,15:00:00,39,24,15,FMN GV 18 Kasterlee
84,Oudemolsedijk,2021-03-27,16:00:00,32,20,12,FMN GV 18 Kasterlee
84,Oudemolsedijk,2021-03-27,17:00:00,8,7,1,FMN GV 18 Kasterlee
84,Oudemolsedijk,2021-03-27,18:00:00,5,4,1,FMN GV 18 Kasterlee
84,Oudemolsedijk,2021-03-27,19:00:00,0,0,0,FMN GV 18 Kasterlee
84,Oudemolsedijk,2021-03-27,20:00:00,0,0,0,FMN GV 18 Kasterlee
84,Oudemolsedijk,2021-03-27,21:00:00,1,1,0,FMN GV 18 Kasterlee
84,Oudemolsedijk,2021-03-27,22:00:00,1,0,1,FMN GV 18 Kasterlee
84,Oudemolsedijk,2021-03-27,23:00:00,0,0,0,FMN GV 18 Kasterlee
84,Oudemolsedijk,2021-03-28,00:00:00,0,0,0,FMN GV 18 Kasterlee
84,Oudemolsedijk,2021-03-28,01:00:00,0,0,0,FMN GV 18 Kasterlee
84,Oudemolsedijk,2021-03-28,02:00:00,0,0,0,FMN GV 18 Kasterlee
84,Oudemolsedijk,2021-03-28,03:00:00,0,0,0,FMN GV 18 Kasterlee
84,Oudemolsedijk,2021-03-28,04:00:00,0,0,0,FMN GV 18 Kasterlee
84,Oudemolsedijk,2021-03-28,05:00:00,0,0,0,FMN GV 18 Kasterlee
84,Oudemolsedijk,2021-03-28,06:00:00,2,2,0,FMN GV 18 Kasterlee
84,Oudemolsedijk,2021-03-28,07:00:00,1,0,1,FMN GV 18 Kasterlee
84,Oudemolsedijk,2021-03-28,08:00:00,16,1,15,FMN GV 18 Kasterlee
84,Oudemolsedijk,2021-03-28,09:00:00,50,19,31,FMN GV 18 Kasterlee
84,Oudemolsedijk,2021-03-28,10:00:00,128,76,52,FMN GV 18 Kasterlee
84,Oudemolsedijk,2021-03-28,11:00:00,156,100,56,FMN GV 18 Kasterlee
84,Oudemolsedijk,2021-03-28,12:00:00,78,57,21,FMN GV 18 Kasterlee
84,Oudemolsedijk,2021-03-28,13:00:00,79,36,43,FMN GV 18 Kasterlee
84,Oudemolsedijk,2021-03-28,14:00:00,122,55,67,FMN GV 18 Kasterlee
84,Oudemolsedijk,2021-03-28,15:00:00,73,38,35,FMN GV 18 Kasterlee
84,Oudemolsedijk,2021-03-28,16:00:00,62,36,26,FMN GV 18 Kasterlee
84,Oudemolsedijk,2021-03-28,17:00:00,36,18,18,FMN GV 18 Kasterlee
84,Oudemolsedijk,2021-03-28,18:00:00,9,7,2,FMN GV 18 Kasterlee
84,Oudemolsedijk,2021-03-28,19:00:00,4,2,2,FMN GV 18 Kasterlee
84,Oudemolsedijk,2021-03-28,20:00:00,7,2,5,FMN GV 18 Kasterlee
84,Oudemolsedijk,2021-03-28,21:00:00,0,0,0,FMN GV 18 Kasterlee
84,Oudemolsedijk,2021-03-28,22:00:00,5,0,5,FMN GV 18 Kasterlee
84,Oudemolsedijk,2021-03-28,23:00:00,3,3,0,FMN GV 18 Kasterlee
84,Oudemolsedijk,2021-03-29,00:00:00,0,0,0,FMN GV 18 Kasterlee
84,Oudemolsedijk,2021-03-29,01:00:00,0,0,0,FMN GV 18 Kasterlee
84,Oudemolsedijk,2021-03-29,02:00:00,0,0,0,FMN GV 18 Kasterlee
84,Oudemolsedijk,2021-03-29,03:00:00,0,0,0,FMN GV 18 Kasterlee
84,Oudemolsedijk,2021-03-29,04:00:00,2,2,0,FMN GV 18 Kasterlee
84,Oudemolsedijk,2021-03-29,05:00:00,3,3,0,FMN GV 18 Kasterlee
84,Oudemolsedijk,2021-03-29,06:00:00,12,4,8,FMN GV 18 Kasterlee
84,Oudemolsedijk,2021-03-29,07:00:00,16,9,7,FMN GV 18 Kasterlee
84,Oudemolsedijk,2021-03-29,08:00:00,7,5,2,FMN GV 18 Kasterlee
84,Oudemolsedijk,2021-03-29,09:00:00,16,7,9,FMN GV 18 Kasterlee
84,Oudemolsedijk,2021-03-29,10:00:00,23,12,11,FMN GV 18 Kasterlee
84,Oudemolsedijk,2021-03-29,11:00:00,29,14,15,FMN GV 18 Kasterlee
84,Oudemolsedijk,2021-03-29,12:00:00,25,12,13,FMN GV 18 Kasterlee
84,Oudemolsedijk,2021-03-29,13:00:00,63,20,43,FMN GV 18 Kasterlee
84,Oudemolsedijk,2021-03-29,14:00:00,161,85,76,FMN GV 18 Kasterlee
84,Oudemolsedijk,2021-03-29,15:00:00,139,69,70,FMN GV 18 Kasterlee
84,Oudemolsedijk,2021-03-29,16:00:00,107,56,51,FMN GV 18 Kasterlee
84,Oudemolsedijk,2021-03-29,17:00:00,32,22,10,FMN GV 18 Kasterlee
84,Oudemolsedijk,2021-03-29,18:00:00,26,15,11,FMN GV 18 Kasterlee
84,Oudemolsedijk,2021-03-29,19:00:00,41,23,18,FMN GV 18 Kasterlee
84,Oudemolsedijk,2021-03-29,20:00:00,4,4,0,FMN GV 18 Kasterlee
84,Oudemolsedijk,2021-03-29,21:00:00,3,3,0,FMN GV 18 Kasterlee
84,Oudemolsedijk,2021-03-29,22:00:00,1,1,0,FMN GV 18 Kasterlee
84,Oudemolsedijk,2021-03-29,23:00:00,1,0,1,FMN GV 18 Kasterlee
84,Oudemolsedijk,2021-03-30,00:00:00,0,0,0,FMN GV 18 Kasterlee
84,Oudemolsedijk,2021-03-30,01:00:00,0,0,0,FMN GV 18 Kasterlee
84,Oudemolsedijk,2021-03-30,02:00:00,0,0,0,FMN GV 18 Kasterlee
84,Oudemolsedijk,2021-03-30,03:00:00,0,0,0,FMN GV 18 Kasterlee
84,Oudemolsedijk,2021-03-30,04:00:00,1,1,0,FMN GV 18 Kasterlee
84,Oudemolsedijk,2021-03-30,05:00:00,5,5,0,FMN GV 18 Kasterlee
84,Oudemolsedijk,2021-03-30,06:00:00,14,4,10,FMN GV 18 Kasterlee
84,Oudemolsedijk,2021-03-30,07:00:00,16,9,7,FMN GV 18 Kasterlee
84,Oudemolsedijk,2021-03-30,08:00:00,15,6,9,FMN GV 18 Kasterlee
84,Oudemolsedijk,2021-03-30,09:00:00,28,10,18,FMN GV 18 Kasterlee
84,Oudemolsedijk,2021-03-30,10:00:00,59,20,39,FMN GV 18 Kasterlee
84,Oudemolsedijk,2021-03-30,11:00:00,40,18,22,FMN GV 18 Kasterlee
84,Oudemolsedijk,2021-03-30,12:00:00,74,34,40,FMN GV 18 Kasterlee
84,Oudemolsedijk,2021-03-30,13:00:00,183,69,114,FMN GV 18 Kasterlee
84,Oudemolsedijk,2021-03-30,14:00:00,217,94,123,FMN GV 18 Kasterlee
84,Oudemolsedijk,2021-03-30,15:00:00,203,105,98,FMN GV 18 Kasterlee
84,Oudemolsedijk,2021-03-30,16:00:00,206,111,95,FMN GV 18 Kasterlee
84,Oudemolsedijk,2021-03-30,17:00:00,76,48,28,FMN GV 18 Kasterlee
84,Oudemolsedijk,2021-03-30,18:00:00,65,41,24,FMN GV 18 Kasterlee
84,Oudemolsedijk,2021-03-30,19:00:00,48,23,25,FMN GV 18 Kasterlee
84,Oudemolsedijk,2021-03-30,20:00:00,11,11,0,FMN GV 18 Kasterlee
84,Oudemolsedijk,2021-03-30,21:00:00,10,6,4,FMN GV 18 Kasterlee
84,Oudemolsedijk,2021-03-30,22:00:00,5,4,1,FMN GV 18 Kasterlee
84,Oudemolsedijk,2021-03-30,23:00:00,0,0,0,FMN GV 18 Kasterlee
84,Oudemolsedijk,2021-03-31,00:00:00,0,0,0,FMN GV 18 Kasterlee
84,Oudemolsedijk,2021-03-31,01:00:00,0,0,0,FMN GV 18 Kasterlee
84,Oudemolsedijk,2021-03-31,02:00:00,0,0,0,FMN GV 18 Kasterlee
84,Oudemolsedijk,2021-03-31,03:00:00,0,0,0,FMN GV 18 Kasterlee
84,Oudemolsedijk,2021-03-31,04:00:00,1,1,0,FMN GV 18 Kasterlee
84,Oudemolsedijk,2021-03-31,05:00:00,6,5,1,FMN GV 18 Kasterlee
84,Oudemolsedijk,2021-03-31,06:00:00,13,2,11,FMN GV 18 Kasterlee
84,Oudemolsedijk,2021-03-31,07:00:00,10,6,4,FMN GV 18 Kasterlee
84,Oudemolsedijk,2021-03-31,08:00:00,13,6,7,FMN GV 18 Kasterlee
84,Oudemolsedijk,2021-03-31,09:00:00,16,10,6,FMN GV 18 Kasterlee
84,Oudemolsedijk,2021-03-31,10:00:00,28,13,15,FMN GV 18 Kasterlee
84,Oudemolsedijk,2021-03-31,11:00:00,44,19,25,FMN GV 18 Kasterlee
84,Oudemolsedijk,2021-03-31,12:00:00,54,28,26,FMN GV 18 Kasterlee
84,Oudemolsedijk,2021-03-31,13:00:00,144,77,67,FMN GV 18 Kasterlee
84,Oudemolsedijk,2021-03-31,14:00:00,248,123,125,FMN GV 18 Kasterlee
84,Oudemolsedijk,2021-03-31,15:00:00,243,125,118,FMN GV 18 Kasterlee
84,Oudemolsedijk,2021-03-31,16:00:00,135,80,55,FMN GV 18 Kasterlee
84,Oudemolsedijk,2021-03-31,17:00:00,94,61,33,FMN GV 18 Kasterlee
84,Oudemolsedijk,2021-03-31,18:00:00,84,26,58,FMN GV 18 Kasterlee
84,Oudemolsedijk,2021-03-31,19:00:00,92,39,53,FMN GV 18 Kasterlee
84,Oudemolsedijk,2021-03-31,20:00:00,35,30,5,FMN GV 18 Kasterlee
84,Oudemolsedijk,2021-03-31,21:00:00,8,4,4,FMN GV 18 Kasterlee
84,Oudemolsedijk,2021-03-31,22:00:00,3,1,2,FMN GV 18 Kasterlee
84,Oudemolsedijk,2021-03-31,23:00:00,0,0,0,FMN GV 18 Kasterlee
84,Oudemolsedijk,2021-04-01,00:00:00,0,0,0,FMN GV 18 Kasterlee
84,Oudemolsedijk,2021-04-01,01:00:00,0,0,0,FMN GV 18 Kasterlee
84,Oudemolsedijk,2021-04-01,02:00:00,0,0,0,FMN GV 18 Kasterlee
84,Oudemolsedijk,2021-04-01,03:00:00,0,0,0,FMN GV 18 Kasterlee
84,Oudemolsedijk,2021-04-01,04:00:00,0,0,0,FMN GV 18 Kasterlee
84,Oudemolsedijk,2021-04-01,05:00:00,4,4,0,FMN GV 18 Kasterlee
84,Oudemolsedijk,2021-04-01,06:00:00,14,4,10,FMN GV 18 Kasterlee
84,Oudemolsedijk,2021-04-01,07:00:00,15,9,6,FMN GV 18 Kasterlee
84,Oudemolsedijk,2021-04-01,08:00:00,13,4,9,FMN GV 18 Kasterlee
84,Oudemolsedijk,2021-04-01,09:00:00,11,7,4,FMN GV 18 Kasterlee
84,Oudemolsedijk,2021-04-01,10:00:00,32,14,18,FMN GV 18 Kasterlee
84,Oudemolsedijk,2021-04-01,11:00:00,28,16,12,FMN GV 18 Kasterlee
84,Oudemolsedijk,2021-04-01,12:00:00,30,14,16,FMN GV 18 Kasterlee
84,Oudemolsedijk,2021-04-01,13:00:00,76,46,30,FMN GV 18 Kasterlee
84,Oudemolsedijk,2021-04-01,14:00:00,159,75,84,FMN GV 18 Kasterlee
84,Oudemolsedijk,2021-04-01,15:00:00,127,58,69,FMN GV 18 Kasterlee
84,Oudemolsedijk,2021-04-01,16:00:00,89,50,39,FMN GV 18 Kasterlee
84,Oudemolsedijk,2021-04-01,17:00:00,40,16,24,FMN GV 18 Kasterlee
84,Oudemolsedijk,2021-04-01,18:00:00,45,24,21,FMN GV 18 Kasterlee
84,Oudemolsedijk,2021-04-01,19:00:00,39,11,28,FMN GV 18 Kasterlee
84,Oudemolsedijk,2021-04-01,20:00:00,11,10,1,FMN GV 18 Kasterlee
84,Oudemolsedijk,2021-04-01,21:00:00,3,3,0,FMN GV 18 Kasterlee
84,Oudemolsedijk,2021-04-01,22:00:00,2,0,2,FMN GV 18 Kasterlee
84,Oudemolsedijk,2021-04-01,23:00:00,0,0,0,FMN GV 18 Kasterlee
84,Oudemolsedijk,2021-04-02,00:00:00,0,0,0,FMN GV 18 Kasterlee
84,Oudemolsedijk,2021-04-02,01:00:00,0,0,0,FMN GV 18 Kasterlee
84,Oudemolsedijk,2021-04-02,02:00:00,0,0,0,FMN GV 18 Kasterlee
84,Oudemolsedijk,2021-04-02,03:00:00,0,0,0,FMN GV 18 Kasterlee
84,Oudemolsedijk,2021-04-02,04:00:00,1,1,0,FMN GV 18 Kasterlee
84,Oudemolsedijk,2021-04-02,05:00:00,0,0,0,FMN GV 18 Kasterlee
84,Oudemolsedijk,2021-04-02,06:00:00,10,2,8,FMN GV 18 Kasterlee
84,Oudemolsedijk,2021-04-02,07:00:00,10,5,5,FMN GV 18 Kasterlee
84,Oudemolsedijk,2021-04-02,08:00:00,5,4,1,FMN GV 18 Kasterlee
84,Oudemolsedijk,2021-04-02,09:00:00,13,5,8,FMN GV 18 Kasterlee
84,Oudemolsedijk,2021-04-02,10:00:00,23,9,14,FMN GV 18 Kasterlee
84,Oudemolsedijk,2021-04-02,11:00:00,17,5,12,FMN GV 18 Kasterlee
84,Oudemolsedijk,2021-04-02,12:00:00,16,7,9,FMN GV 18 Kasterlee
84,Oudemolsedijk,2021-04-02,13:00:00,23,10,13,FMN GV 18 Kasterlee
84,Oudemolsedijk,2021-04-02,14:00:00,46,24,22,FMN GV 18 Kasterlee
84,Oudemolsedijk,2021-04-02,15:00:00,45,24,21,FMN GV 18 Kasterlee
84,Oudemolsedijk,2021-04-02,16:00:00,38,25,13,FMN GV 18 Kasterlee
84,Oudemolsedijk,2021-04-02,17:00:00,19,8,11,FMN GV 18 Kasterlee
84,Oudemolsedijk,2021-04-02,18:00:00,3,2,1,FMN GV 18 Kasterlee
84,Oudemolsedijk,2021-04-02,19:00:00,1,0,1,FMN GV 18 Kasterlee
84,Oudemolsedijk,2021-04-02,20:00:00,3,1,2,FMN GV 18 Kasterlee
84,Oudemolsedijk,2021-04-02,21:00:00,0,0,0,FMN GV 18 Kasterlee
84,Oudemolsedijk,2021-04-02,22:00:00,2,0,2,FMN GV 18 Kasterlee
84,Oudemolsedijk,2021-04-02,23:00:00,0,0,0,FMN GV 18 Kasterlee
84,Oudemolsedijk,2021-04-03,00:00:00,0,0,0,FMN GV 18 Kasterlee
84,Oudemolsedijk,2021-04-03,01:00:00,0,0,0,FMN GV 18 Kasterlee
84,Oudemolsedijk,2021-04-03,02:00:00,0,0,0,FMN GV 18 Kasterlee
84,Oudemolsedijk,2021-04-03,03:00:00,0,0,0,FMN GV 18 Kasterlee
84,Oudemolsedijk,2021-04-03,04:00:00,1,1,0,FMN GV 18 Kasterlee
84,Oudemolsedijk,2021-04-03,05:00:00,1,1,0,FMN GV 18 Kasterlee
84,Oudemolsedijk,2021-04-03,06:00:00,0,0,0,FMN GV 18 Kasterlee
84,Oudemolsedijk,2021-04-03,07:00:00,4,0,4,FMN GV 18 Kasterlee
84,Oudemolsedijk,2021-04-03,08:00:00,6,2,4,FMN GV 18 Kasterlee
84,Oudemolsedijk,2021-04-03,09:00:00,35,19,16,FMN GV 18 Kasterlee
84,Oudemolsedijk,2021-04-03,10:00:00,40,22,18,FMN GV 18 Kasterlee
84,Oudemolsedijk,2021-04-03,11:00:00,38,27,11,FMN GV 18 Kasterlee
84,Oudemolsedijk,2021-04-03,12:00:00,56,29,27,FMN GV 18 Kasterlee
84,Oudemolsedijk,2021-04-03,13:00:00,90,55,35,FMN GV 18 Kasterlee
84,Oudemolsedijk,2021-04-03,14:00:00,108,55,53,FMN GV 18 Kasterlee
84,Oudemolsedijk,2021-04-03,15:00:00,131,80,51,FMN GV 18 Kasterlee
84,Oudemolsedijk,2021-04-03,16:00:00,54,31,23,FMN GV 18 Kasterlee
84,Oudemolsedijk,2021-04-03,17:00:00,33,25,8,FMN GV 18 Kasterlee
84,Oudemolsedijk,2021-04-03,18:00:00,2,0,2,FMN GV 18 Kasterlee
84,Oudemolsedijk,2021-04-03,19:00:00,5,3,2,FMN GV 18 Kasterlee
84,Oudemolsedijk,2021-04-03,20:00:00,5,4,1,FMN GV 18 Kasterlee
84,Oudemolsedijk,2021-04-03,21:00:00,0,0,0,FMN GV 18 Kasterlee
84,Oudemolsedijk,2021-04-03,22:00:00,1,0,1,FMN GV 18 Kasterlee
84,Oudemolsedijk,2021-04-03,23:00:00,0,0,0,FMN GV 18 Kasterlee
84,Oudemolsedijk,2021-04-04,00:00:00,0,0,0,FMN GV 18 Kasterlee
84,Oudemolsedijk,2021-04-04,01:00:00,0,0,0,FMN GV 18 Kasterlee
84,Oudemolsedijk,2021-04-04,02:00:00,0,0,0,FMN GV 18 Kasterlee
84,Oudemolsedijk,2021-04-04,03:00:00,0,0,0,FMN GV 18 Kasterlee
84,Oudemolsedijk,2021-04-04,04:00:00,1,1,0,FMN GV 18 Kasterlee
84,Oudemolsedijk,2021-04-04,05:00:00,0,0,0,FMN GV 18 Kasterlee
84,Oudemolsedijk,2021-04-04,06:00:00,1,1,0,FMN GV 18 Kasterlee
84,Oudemolsedijk,2021-04-04,07:00:00,3,2,1,FMN GV 18 Kasterlee
84,Oudemolsedijk,2021-04-04,08:00:00,14,8,6,FMN GV 18 Kasterlee
84,Oudemolsedijk,2021-04-04,09:00:00,95,56,39,FMN GV 18 Kasterlee
84,Oudemolsedijk,2021-04-04,10:00:00,87,49,38,FMN GV 18 Kasterlee
84,Oudemolsedijk,2021-04-04,11:00:00,106,57,49,FMN GV 18 Kasterlee
84,Oudemolsedijk,2021-04-04,12:00:00,49,24,25,FMN GV 18 Kasterlee
84,Oudemolsedijk,2021-04-04,13:00:00,41,22,19,FMN GV 18 Kasterlee
84,Oudemolsedijk,2021-04-04,14:00:00,44,21,23,FMN GV 18 Kasterlee
84,Oudemolsedijk,2021-04-04,15:00:00,36,17,19,FMN GV 18 Kasterlee
84,Oudemolsedijk,2021-04-04,16:00:00,25,21,4,FMN GV 18 Kasterlee
84,Oudemolsedijk,2021-04-04,17:00:00,17,11,6,FMN GV 18 Kasterlee
84,Oudemolsedijk,2021-04-04,18:00:00,25,15,10,FMN GV 18 Kasterlee
84,Oudemolsedijk,2021-04-04,19:00:00,7,4,3,FMN GV 18 Kasterlee
84,Oudemolsedijk,2021-04-04,20:00:00,1,0,1,FMN GV 18 Kasterlee
84,Oudemolsedijk,2021-04-04,21:00:00,0,0,0,FMN GV 18 Kasterlee
84,Oudemolsedijk,2021-04-04,22:00:00,0,0,0,FMN GV 18 Kasterlee
84,Oudemolsedijk,2021-04-04,23:00:00,0,0,0,FMN GV 18 Kasterlee
84,Oudemolsedijk,2021-04-05,00:00:00,0,0,0,FMN GV 18 Kasterlee
84,Oudemolsedijk,2021-04-05,01:00:00,0,0,0,FMN GV 18 Kasterlee
84,Oudemolsedijk,2021-04-05,02:00:00,0,0,0,FMN GV 18 Kasterlee
84,Oudemolsedijk,2021-04-05,03:00:00,0,0,0,FMN GV 18 Kasterlee
84,Oudemolsedijk,2021-04-05,04:00:00,0,0,0,FMN GV 18 Kasterlee
84,Oudemolsedijk,2021-04-05,05:00:00,0,0,0,FMN GV 18 Kasterlee
84,Oudemolsedijk,2021-04-05,06:00:00,0,0,0,FMN GV 18 Kasterlee
84,Oudemolsedijk,2021-04-05,07:00:00,0,0,0,FMN GV 18 Kasterlee
84,Oudemolsedijk,2021-04-05,08:00:00,8,2,6,FMN GV 18 Kasterlee
84,Oudemolsedijk,2021-04-05,09:00:00,5,4,1,FMN GV 18 Kasterlee
84,Oudemolsedijk,2021-04-05,10:00:00,0,0,0,FMN GV 18 Kasterlee
84,Oudemolsedijk,2021-04-05,11:00:00,2,0,2,FMN GV 18 Kasterlee
84,Oudemolsedijk,2021-04-05,12:00:00,7,3,4,FMN GV 18 Kasterlee
84,Oudemolsedijk,2021-04-05,13:00:00,20,13,7,FMN GV 18 Kasterlee
84,Oudemolsedijk,2021-04-05,14:00:00,11,5,6,FMN GV 18 Kasterlee
84,Oudemolsedijk,2021-04-05,15:00:00,19,10,9,FMN GV 18 Kasterlee
84,Oudemolsedijk,2021-04-05,16:00:00,9,7,2,FMN GV 18 Kasterlee
84,Oudemolsedijk,2021-04-05,17:00:00,5,5,0,FMN GV 18 Kasterlee
84,Oudemolsedijk,2021-04-05,18:00:00,0,0,0,FMN GV 18 Kasterlee
84,Oudemolsedijk,2021-04-05,19:00:00,0,0,0,FMN GV 18 Kasterlee
84,Oudemolsedijk,2021-04-05,20:00:00,0,0,0,FMN GV 18 Kasterlee
84,Oudemolsedijk,2021-04-05,21:00:00,0,0,0,FMN GV 18 Kasterlee
84,Oudemolsedijk,2021-04-05,22:00:00,1,0,1,FMN GV 18 Kasterlee
84,Oudemolsedijk,2021-04-05,23:00:00,0,0,0,FMN GV 18 Kasterlee
84,Oudemolsedijk,2021-04-06,00:00:00,0,0,0,FMN GV 18 Kasterlee
84,Oudemolsedijk,2021-04-06,01:00:00,1,0,1,FMN GV 18 Kasterlee
84,Oudemolsedijk,2021-04-06,02:00:00,0,0,0,FMN GV 18 Kasterlee
84,Oudemolsedijk,2021-04-06,03:00:00,0,0,0,FMN GV 18 Kasterlee
84,Oudemolsedijk,2021-04-06,04:00:00,0,0,0,FMN GV 18 Kasterlee
84,Oudemolsedijk,2021-04-06,05:00:00,1,1,0,FMN GV 18 Kasterlee
84,Oudemolsedijk,2021-04-06,06:00:00,2,0,2,FMN GV 18 Kasterlee
84,Oudemolsedijk,2021-04-06,07:00:00,7,5,2,FMN GV 18 Kasterlee
84,Oudemolsedijk,2021-04-06,08:00:00,2,0,2,FMN GV 18 Kasterlee
84,Oudemolsedijk,2021-04-06,09:00:00,2,1,1,FMN GV 18 Kasterlee
84,Oudemolsedijk,2021-04-06,10:00:00,0,0,0,FMN GV 18 Kasterlee
84,Oudemolsedijk,2021-04-06,11:00:00,2,0,2,FMN GV 18 Kasterlee
84,Oudemolsedijk,2021-04-06,12:00:00,5,5,0,FMN GV 18 Kasterlee
84,Oudemolsedijk,2021-04-06,13:00:00,3,1,2,FMN GV 18 Kasterlee
84,Oudemolsedijk,2021-04-06,14:00:00,2,1,1,FMN GV 18 Kasterlee
84,Oudemolsedijk,2021-04-06,15:00:00,1,0,1,FMN GV 18 Kasterlee
84,Oudemolsedijk,2021-04-06,16:00:00,6,3,3,FMN GV 18 Kasterlee
84,Oudemolsedijk,2021-04-06,17:00:00,9,3,6,FMN GV 18 Kasterlee
84,Oudemolsedijk,2021-04-06,18:00:00,0,0,0,FMN GV 18 Kasterlee
84,Oudemolsedijk,2021-04-06,19:00:00,2,1,1,FMN GV 18 Kasterlee
84,Oudemolsedijk,2021-04-06,20:00:00,0,0,0,FMN GV 18 Kasterlee
84,Oudemolsedijk,2021-04-06,21:00:00,1,0,1,FMN GV 18 Kasterlee
84,Oudemolsedijk,2021-04-06,22:00:00,3,2,1,FMN GV 18 Kasterlee
84,Oudemolsedijk,2021-04-06,23:00:00,0,0,0,FMN GV 18 Kasterlee
84,Oudemolsedijk,2021-04-07,00:00:00,0,0,0,FMN GV 18 Kasterlee
84,Oudemolsedijk,2021-04-07,01:00:00,0,0,0,FMN GV 18 Kasterlee
84,Oudemolsedijk,2021-04-07,02:00:00,0,0,0,FMN GV 18 Kasterlee
84,Oudemolsedijk,2021-04-07,03:00:00,0,0,0,FMN GV 18 Kasterlee
84,Oudemolsedijk,2021-04-07,04:00:00,0,0,0,FMN GV 18 Kasterlee
84,Oudemolsedijk,2021-04-07,05:00:00,1,1,0,FMN GV 18 Kasterlee
84,Oudemolsedijk,2021-04-07,06:00:00,5,0,5,FMN GV 18 Kasterlee
84,Oudemolsedijk,2021-04-07,07:00:00,3,2,1,FMN GV 18 Kasterlee
84,Oudemolsedijk,2021-04-07,08:00:00,0,0,0,FMN GV 18 Kasterlee
84,Oudemolsedijk,2021-04-07,09:00:00,0,0,0,FMN GV 18 Kasterlee
84,Oudemolsedijk,2021-04-07,10:00:00,1,1,0,FMN GV 18 Kasterlee
84,Oudemolsedijk,2021-04-07,11:00:00,0,0,0,FMN GV 18 Kasterlee
84,Oudemolsedijk,2021-04-07,12:00:00,3,3,0,FMN GV 18 Kasterlee
84,Oudemolsedijk,2021-04-07,13:00:00,5,4,1,FMN GV 18 Kasterlee
84,Oudemolsedijk,2021-04-07,14:00:00,6,4,2,FMN GV 18 Kasterlee
84,Oudemolsedijk,2021-04-07,15:00:00,2,1,1,FMN GV 18 Kasterlee
84,Oudemolsedijk,2021-04-07,16:00:00,6,4,2,FMN GV 18 Kasterlee
84,Oudemolsedijk,2021-04-07,17:00:00,7,3,4,FMN GV 18 Kasterlee
84,Oudemolsedijk,2021-04-07,18:00:00,3,3,0,FMN GV 18 Kasterlee
84,Oudemolsedijk,2021-04-07,19:00:00,1,1,0,FMN GV 18 Kasterlee
84,Oudemolsedijk,2021-04-07,20:00:00,5,5,0,FMN GV 18 Kasterlee
84,Oudemolsedijk,2021-04-07,21:00:00,1,0,1,FMN GV 18 Kasterlee
84,Oudemolsedijk,2021-04-07,22:00:00,1,0,1,FMN GV 18 Kasterlee
84,Oudemolsedijk,2021-04-07,23:00:00,0,0,0,FMN GV 18 Kasterlee
84,Oudemolsedijk,2021-04-08,00:00:00,0,0,0,FMN GV 18 Kasterlee
84,Oudemolsedijk,2021-04-08,01:00:00,0,0,0,FMN GV 18 Kasterlee
84,Oudemolsedijk,2021-04-08,02:00:00,0,0,0,FMN GV 18 Kasterlee
84,Oudemolsedijk,2021-04-08,03:00:00,0,0,0,FMN GV 18 Kasterlee
84,Oudemolsedijk,2021-04-08,04:00:00,4,3,1,FMN GV 18 Kasterlee
84,Oudemolsedijk,2021-04-08,05:00:00,1,1,0,FMN GV 18 Kasterlee
84,Oudemolsedijk,2021-04-08,06:00:00,8,3,5,FMN GV 18 Kasterlee
84,Oudemolsedijk,2021-04-08,07:00:00,7,4,3,FMN GV 18 Kasterlee
84,Oudemolsedijk,2021-04-08,08:00:00,8,5,3,FMN GV 18 Kasterlee
84,Oudemolsedijk,2021-04-08,09:00:00,6,2,4,FMN GV 18 Kasterlee
84,Oudemolsedijk,2021-04-08,10:00:00,19,8,11,FMN GV 18 Kasterlee
84,Oudemolsedijk,2021-04-08,11:00:00,26,5,21,FMN GV 18 Kasterlee
84,Oudemolsedijk,2021-04-08,12:00:00,27,15,12,FMN GV 18 Kasterlee
84,Oudemolsedijk,2021-04-08,13:00:00,62,32,30,FMN GV 18 Kasterlee
84,Oudemolsedijk,2021-04-08,14:00:00,56,31,25,FMN GV 18 Kasterlee
84,Oudemolsedijk,2021-04-08,15:00:00,69,45,24,FMN GV 18 Kasterlee
84,Oudemolsedijk,2021-04-08,16:00:00,94,69,25,FMN GV 18 Kasterlee
84,Oudemolsedijk,2021-04-08,17:00:00,38,18,20,FMN GV 18 Kasterlee
84,Oudemolsedijk,2021-04-08,18:00:00,23,7,16,FMN GV 18 Kasterlee
84,Oudemolsedijk,2021-04-08,19:00:00,30,16,14,FMN GV 18 Kasterlee
84,Oudemolsedijk,2021-04-08,20:00:00,8,8,0,FMN GV 18 Kasterlee
84,Oudemolsedijk,2021-04-08,21:00:00,2,1,1,FMN GV 18 Kasterlee
84,Oudemolsedijk,2021-04-08,22:00:00,2,0,2,FMN GV 18 Kasterlee
84,Oudemolsedijk,2021-04-08,23:00:00,0,0,0,FMN GV 18 Kasterlee
84,Oudemolsedijk,2021-04-09,00:00:00,0,0,0,FMN GV 18 Kasterlee
84,Oudemolsedijk,2021-04-09,01:00:00,0,0,0,FMN GV 18 Kasterlee
84,Oudemolsedijk,2021-04-09,02:00:00,0,0,0,FMN GV 18 Kasterlee
84,Oudemolsedijk,2021-04-09,03:00:00,0,0,0,FMN GV 18 Kasterlee
84,Oudemolsedijk,2021-04-09,04:00:00,0,0,0,FMN GV 18 Kasterlee
84,Oudemolsedijk,2021-04-09,05:00:00,2,2,0,FMN GV 18 Kasterlee
84,Oudemolsedijk,2021-04-09,06:00:00,11,5,6,FMN GV 18 Kasterlee
84,Oudemolsedijk,2021-04-09,07:00:00,11,4,7,FMN GV 18 Kasterlee
84,Oudemolsedijk,2021-04-09,08:00:00,9,4,5,FMN GV 18 Kasterlee
84,Oudemolsedijk,2021-04-09,09:00:00,22,10,12,FMN GV 18 Kasterlee
84,Oudemolsedijk,2021-04-09,10:00:00,22,9,13,FMN GV 18 Kasterlee
84,Oudemolsedijk,2021-04-09,11:00:00,22,10,12,FMN GV 18 Kasterlee
84,Oudemolsedijk,2021-04-09,12:00:00,33,15,18,FMN GV 18 Kasterlee
84,Oudemolsedijk,2021-04-09,13:00:00,84,42,42,FMN GV 18 Kasterlee
84,Oudemolsedijk,2021-04-09,14:00:00,107,55,52,FMN GV 18 Kasterlee
84,Oudemolsedijk,2021-04-09,15:00:00,79,40,39,FMN GV 18 Kasterlee
84,Oudemolsedijk,2021-04-09,16:00:00,77,45,32,FMN GV 18 Kasterlee
84,Oudemolsedijk,2021-04-09,17:00:00,35,26,9,FMN GV 18 Kasterlee
84,Oudemolsedijk,2021-04-09,18:00:00,31,16,15,FMN GV 18 Kasterlee
84,Oudemolsedijk,2021-04-09,19:00:00,21,6,15,FMN GV 18 Kasterlee
84,Oudemolsedijk,2021-04-09,20:00:00,12,8,4,FMN GV 18 Kasterlee
84,Oudemolsedijk,2021-04-09,21:00:00,0,0,0,FMN GV 18 Kasterlee
84,Oudemolsedijk,2021-04-09,22:00:00,2,0,2,FMN GV 18 Kasterlee
84,Oudemolsedijk,2021-04-09,23:00:00,2,2,0,FMN GV 18 Kasterlee
84,Oudemolsedijk,2021-04-10,00:00:00,0,0,0,FMN GV 18 Kasterlee
84,Oudemolsedijk,2021-04-10,01:00:00,1,1,0,FMN GV 18 Kasterlee
84,Oudemolsedijk,2021-04-10,02:00:00,0,0,0,FMN GV 18 Kasterlee
84,Oudemolsedijk,2021-04-10,03:00:00,0,0,0,FMN GV 18 Kasterlee
84,Oudemolsedijk,2021-04-10,04:00:00,0,0,0,FMN GV 18 Kasterlee
84,Oudemolsedijk,2021-04-10,05:00:00,0,0,0,FMN GV 18 Kasterlee
84,Oudemolsedijk,2021-04-10,06:00:00,3,1,2,FMN GV 18 Kasterlee
84,Oudemolsedijk,2021-04-10,07:00:00,2,0,2,FMN GV 18 Kasterlee
84,Oudemolsedijk,2021-04-10,08:00:00,8,2,6,FMN GV 18 Kasterlee
84,Oudemolsedijk,2021-04-10,09:00:00,7,4,3,FMN GV 18 Kasterlee
84,Oudemolsedijk,2021-04-10,10:00:00,18,10,8,FMN GV 18 Kasterlee
84,Oudemolsedijk,2021-04-10,11:00:00,5,2,3,FMN GV 18 Kasterlee
84,Oudemolsedijk,2021-04-10,12:00:00,3,1,2,FMN GV 18 Kasterlee
84,Oudemolsedijk,2021-04-10,13:00:00,7,2,5,FMN GV 18 Kasterlee
84,Oudemolsedijk,2021-04-10,14:00:00,4,3,1,FMN GV 18 Kasterlee
84,Oudemolsedijk,2021-04-10,15:00:00,0,0,0,FMN GV 18 Kasterlee
84,Oudemolsedijk,2021-04-10,16:00:00,0,0,0,FMN GV 18 Kasterlee
84,Oudemolsedijk,2021-04-10,17:00:00,1,1,0,FMN GV 18 Kasterlee
84,Oudemolsedijk,2021-04-10,18:00:00,2,2,0,FMN GV 18 Kasterlee
84,Oudemolsedijk,2021-04-10,19:00:00,1,0,1,FMN GV 18 Kasterlee
84,Oudemolsedijk,2021-04-10,20:00:00,0,0,0,FMN GV 18 Kasterlee
84,Oudemolsedijk,2021-04-10,21:00:00,0,0,0,FMN GV 18 Kasterlee
84,Oudemolsedijk,2021-04-10,22:00:00,0,0,0,FMN GV 18 Kasterlee
84,Oudemolsedijk,2021-04-10,23:00:00,0,0,0,FMN GV 18 Kasterlee
84,Oudemolsedijk,2021-04-11,00:00:00,0,0,0,FMN GV 18 Kasterlee
84,Oudemolsedijk,2021-04-11,01:00:00,0,0,0,FMN GV 18 Kasterlee
84,Oudemolsedijk,2021-04-11,02:00:00,0,0,0,FMN GV 18 Kasterlee
84,Oudemolsedijk,2021-04-11,03:00:00,0,0,0,FMN GV 18 Kasterlee
84,Oudemolsedijk,2021-04-11,04:00:00,0,0,0,FMN GV 18 Kasterlee
84,Oudemolsedijk,2021-04-11,05:00:00,0,0,0,FMN GV 18 Kasterlee
84,Oudemolsedijk,2021-04-11,06:00:00,0,0,0,FMN GV 18 Kasterlee
84,Oudemolsedijk,2021-04-11,07:00:00,0,0,0,FMN GV 18 Kasterlee
84,Oudemolsedijk,2021-04-11,08:00:00,17,9,8,FMN GV 18 Kasterlee
84,Oudemolsedijk,2021-04-11,09:00:00,57,30,27,FMN GV 18 Kasterlee
84,Oudemolsedijk,2021-04-11,10:00:00,72,34,38,FMN GV 18 Kasterlee
84,Oudemolsedijk,2021-04-11,11:00:00,63,38,25,FMN GV 18 Kasterlee
84,Oudemolsedijk,2021-04-11,12:00:00,39,26,13,FMN GV 18 Kasterlee
84,Oudemolsedijk,2021-04-11,13:00:00,27,16,11,FMN GV 18 Kasterlee
84,Oudemolsedijk,2021-04-11,14:00:00,46,32,14,FMN GV 18 Kasterlee
84,Oudemolsedijk,2021-04-11,15:00:00,48,27,21,FMN GV 18 Kasterlee
84,Oudemolsedijk,2021-04-11,16:00:00,30,17,13,FMN GV 18 Kasterlee
84,Oudemolsedijk,2021-04-11,17:00:00,9,4,5,FMN GV 18 Kasterlee
84,Oudemolsedijk,2021-04-11,18:00:00,5,4,1,FMN GV 18 Kasterlee
84,Oudemolsedijk,2021-04-11,19:00:00,4,0,4,FMN GV 18 Kasterlee
84,Oudemolsedijk,2021-04-11,20:00:00,2,2,0,FMN GV 18 Kasterlee
84,Oudemolsedijk,2021-04-11,21:00:00,1,1,0,FMN GV 18 Kasterlee
84,Oudemolsedijk,2021-04-11,22:00:00,0,0,0,FMN GV 18 Kasterlee
84,Oudemolsedijk,2021-04-11,23:00:00,0,0,0,FMN GV 18 Kasterlee
84,Oudemolsedijk,2021-04-12,00:00:00,0,0,0,FMN GV 18 Kasterlee
84,Oudemolsedijk,2021-04-12,01:00:00,0,0,0,FMN GV 18 Kasterlee
84,Oudemolsedijk,2021-04-12,02:00:00,0,0,0,FMN GV 18 Kasterlee
84,Oudemolsedijk,2021-04-12,03:00:00,0,0,0,FMN GV 18 Kasterlee
84,Oudemolsedijk,2021-04-12,04:00:00,1,1,0,FMN GV 18 Kasterlee
84,Oudemolsedijk,2021-04-12,05:00:00,4,4,0,FMN GV 18 Kasterlee
84,Oudemolsedijk,2021-04-12,06:00:00,8,1,7,FMN GV 18 Kasterlee
84,Oudemolsedijk,2021-04-12,07:00:00,6,2,4,FMN GV 18 Kasterlee
84,Oudemolsedijk,2021-04-12,08:00:00,2,1,1,FMN GV 18 Kasterlee
84,Oudemolsedijk,2021-04-12,09:00:00,3,2,1,FMN GV 18 Kasterlee
84,Oudemolsedijk,2021-04-12,10:00:00,6,1,5,FMN GV 18 Kasterlee
84,Oudemolsedijk,2021-04-12,11:00:00,5,2,3,FMN GV 18 Kasterlee
84,Oudemolsedijk,2021-04-12,12:00:00,3,3,0,FMN GV 18 Kasterlee
84,Oudemolsedijk,2021-04-12,13:00:00,3,2,1,FMN GV 18 Kasterlee
84,Oudemolsedijk,2021-04-12,14:00:00,22,9,13,FMN GV 18 Kasterlee
84,Oudemolsedijk,2021-04-12,15:00:00,4,0,4,FMN GV 18 Kasterlee
84,Oudemolsedijk,2021-04-12,16:00:00,24,12,12,FMN GV 18 Kasterlee
84,Oudemolsedijk,2021-04-12,17:00:00,12,9,3,FMN GV 18 Kasterlee
84,Oudemolsedijk,2021-04-12,18:00:00,9,3,6,FMN GV 18 Kasterlee
84,Oudemolsedijk,2021-04-12,19:00:00,15,7,8,FMN GV 18 Kasterlee
84,Oudemolsedijk,2021-04-12,20:00:00,3,2,1,FMN GV 18 Kasterlee
84,Oudemolsedijk,2021-04-12,21:00:00,0,0,0,FMN GV 18 Kasterlee
84,Oudemolsedijk,2021-04-12,22:00:00,0,0,0,FMN GV 18 Kasterlee
84,Oudemolsedijk,2021-04-12,23:00:00,0,0,0,FMN GV 18 Kasterlee
84,Oudemolsedijk,2021-04-13,00:00:00,0,0,0,FMN GV 18 Kasterlee
84,Oudemolsedijk,2021-04-13,01:00:00,0,0,0,FMN GV 18 Kasterlee
84,Oudemolsedijk,2021-04-13,02:00:00,0,0,0,FMN GV 18 Kasterlee
84,Oudemolsedijk,2021-04-13,03:00:00,0,0,0,FMN GV 18 Kasterlee
84,Oudemolsedijk,2021-04-13,04:00:00,3,2,1,FMN GV 18 Kasterlee
84,Oudemolsedijk,2021-04-13,05:00:00,6,6,0,FMN GV 18 Kasterlee
84,Oudemolsedijk,2021-04-13,06:00:00,9,2,7,FMN GV 18 Kasterlee
84,Oudemolsedijk,2021-04-13,07:00:00,3,1,2,FMN GV 18 Kasterlee
84,Oudemolsedijk,2021-04-13,08:00:00,5,3,2,FMN GV 18 Kasterlee
84,Oudemolsedijk,2021-04-13,09:00:00,6,3,3,FMN GV 18 Kasterlee
84,Oudemolsedijk,2021-04-13,10:00:00,15,9,6,FMN GV 18 Kasterlee
84,Oudemolsedijk,2021-04-13,11:00:00,20,10,10,FMN GV 18 Kasterlee
84,Oudemolsedijk,2021-04-13,12:00:00,28,20,8,FMN GV 18 Kasterlee
84,Oudemolsedijk,2021-04-13,13:00:00,90,34,56,FMN GV 18 Kasterlee
84,Oudemolsedijk,2021-04-13,14:00:00,133,57,76,FMN GV 18 Kasterlee
84,Oudemolsedijk,2021-04-13,15:00:00,63,38,25,FMN GV 18 Kasterlee
84,Oudemolsedijk,2021-04-13,16:00:00,39,17,22,FMN GV 18 Kasterlee
84,Oudemolsedijk,2021-04-13,17:00:00,27,19,8,FMN GV 18 Kasterlee
84,Oudemolsedijk,2021-04-13,18:00:00,24,12,12,FMN GV 18 Kasterlee
84,Oudemolsedijk,2021-04-13,19:00:00,25,8,17,FMN GV 18 Kasterlee
84,Oudemolsedijk,2021-04-13,20:00:00,29,10,19,FMN GV 18 Kasterlee
84,Oudemolsedijk,2021-04-13,21:00:00,1,0,1,FMN GV 18 Kasterlee
84,Oudemolsedijk,2021-04-13,22:00:00,1,1,0,FMN GV 18 Kasterlee
84,Oudemolsedijk,2021-04-13,23:00:00,0,0,0,FMN GV 18 Kasterlee
84,Oudemolsedijk,2021-04-14,00:00:00,0,0,0,FMN GV 18 Kasterlee
84,Oudemolsedijk,2021-04-14,01:00:00,0,0,0,FMN GV 18 Kasterlee
84,Oudemolsedijk,2021-04-14,02:00:00,0,0,0,FMN GV 18 Kasterlee
84,Oudemolsedijk,2021-04-14,03:00:00,0,0,0,FMN GV 18 Kasterlee
84,Oudemolsedijk,2021-04-14,04:00:00,2,1,1,FMN GV 18 Kasterlee
84,Oudemolsedijk,2021-04-14,05:00:00,6,5,1,FMN GV 18 Kasterlee
84,Oudemolsedijk,2021-04-14,06:00:00,8,2,6,FMN GV 18 Kasterlee
84,Oudemolsedijk,2021-04-14,07:00:00,5,3,2,FMN GV 18 Kasterlee
84,Oudemolsedijk,2021-04-14,08:00:00,5,2,3,FMN GV 18 Kasterlee
84,Oudemolsedijk,2021-04-14,09:00:00,6,2,4,FMN GV 18 Kasterlee
84,Oudemolsedijk,2021-04-14,10:00:00,36,21,15,FMN GV 18 Kasterlee
84,Oudemolsedijk,2021-04-14,11:00:00,19,9,10,FMN GV 18 Kasterlee
84,Oudemolsedijk,2021-04-14,12:00:00,27,18,9,FMN GV 18 Kasterlee
84,Oudemolsedijk,2021-04-14,13:00:00,50,20,30,FMN GV 18 Kasterlee
84,Oudemolsedijk,2021-04-14,14:00:00,71,21,50,FMN GV 18 Kasterlee
84,Oudemolsedijk,2021-04-14,15:00:00,59,28,31,FMN GV 18 Kasterlee
84,Oudemolsedijk,2021-04-14,16:00:00,37,26,11,FMN GV 18 Kasterlee
84,Oudemolsedijk,2021-04-14,17:00:00,21,10,11,FMN GV 18 Kasterlee
84,Oudemolsedijk,2021-04-14,18:00:00,13,7,6,FMN GV 18 Kasterlee
84,Oudemolsedijk,2021-04-14,19:00:00,42,12,30,FMN GV 18 Kasterlee
84,Oudemolsedijk,2021-04-14,20:00:00,30,24,6,FMN GV 18 Kasterlee
84,Oudemolsedijk,2021-04-14,21:00:00,0,0,0,FMN GV 18 Kasterlee
84,Oudemolsedijk,2021-04-14,22:00:00,2,2,0,FMN GV 18 Kasterlee
84,Oudemolsedijk,2021-04-14,23:00:00,0,0,0,FMN GV 18 Kasterlee
84,Oudemolsedijk,2021-04-15,00:00:00,0,0,0,FMN GV 18 Kasterlee
84,Oudemolsedijk,2021-04-15,01:00:00,0,0,0,FMN GV 18 Kasterlee
84,Oudemolsedijk,2021-04-15,02:00:00,0,0,0,FMN GV 18 Kasterlee
84,Oudemolsedijk,2021-04-15,03:00:00,0,0,0,FMN GV 18 Kasterlee
84,Oudemolsedijk,2021-04-15,04:00:00,3,3,0,FMN GV 18 Kasterlee
84,Oudemolsedijk,2021-04-15,05:00:00,6,6,0,FMN GV 18 Kasterlee
84,Oudemolsedijk,2021-04-15,06:00:00,11,3,8,FMN GV 18 Kasterlee
84,Oudemolsedijk,2021-04-15,07:00:00,4,3,1,FMN GV 18 Kasterlee
84,Oudemolsedijk,2021-04-15,08:00:00,5,2,3,FMN GV 18 Kasterlee
84,Oudemolsedijk,2021-04-15,09:00:00,6,3,3,FMN GV 18 Kasterlee
84,Oudemolsedijk,2021-04-15,10:00:00,14,7,7,FMN GV 18 Kasterlee
84,Oudemolsedijk,2021-04-15,11:00:00,20,9,11,FMN GV 18 Kasterlee
84,Oudemolsedijk,2021-04-15,12:00:00,32,22,10,FMN GV 18 Kasterlee
84,Oudemolsedijk,2021-04-15,13:00:00,38,20,18,FMN GV 18 Kasterlee
84,Oudemolsedijk,2021-04-15,14:00:00,81,37,44,FMN GV 18 Kasterlee
84,Oudemolsedijk,2021-04-15,15:00:00,66,39,27,FMN GV 18 Kasterlee
84,Oudemolsedijk,2021-04-15,16:00:00,41,27,14,FMN GV 18 Kasterlee
84,Oudemolsedijk,2021-04-15,17:00:00,20,12,8,FMN GV 18 Kasterlee
84,Oudemolsedijk,2021-04-15,18:00:00,26,19,7,FMN GV 18 Kasterlee
84,Oudemolsedijk,2021-04-15,19:00:00,16,6,10,FMN GV 18 Kasterlee
84,Oudemolsedijk,2021-04-15,20:00:00,18,17,1,FMN GV 18 Kasterlee
84,Oudemolsedijk,2021-04-15,21:00:00,0,0,0,FMN GV 18 Kasterlee
84,Oudemolsedijk,2021-04-15,22:00:00,2,1,1,FMN GV 18 Kasterlee
84,Oudemolsedijk,2021-04-15,23:00:00,0,0,0,FMN GV 18 Kasterlee
84,Oudemolsedijk,2021-04-16,00:00:00,0,0,0,FMN GV 18 Kasterlee
84,Oudemolsedijk,2021-04-16,01:00:00,0,0,0,FMN GV 18 Kasterlee
84,Oudemolsedijk,2021-04-16,02:00:00,0,0,0,FMN GV 18 Kasterlee
84,Oudemolsedijk,2021-04-16,03:00:00,0,0,0,FMN GV 18 Kasterlee
84,Oudemolsedijk,2021-04-16,04:00:00,2,2,0,FMN GV 18 Kasterlee
84,Oudemolsedijk,2021-04-16,05:00:00,3,2,1,FMN GV 18 Kasterlee
84,Oudemolsedijk,2021-04-16,06:00:00,10,4,6,FMN GV 18 Kasterlee
84,Oudemolsedijk,2021-04-16,07:00:00,6,3,3,FMN GV 18 Kasterlee
84,Oudemolsedijk,2021-04-16,08:00:00,10,7,3,FMN GV 18 Kasterlee
84,Oudemolsedijk,2021-04-16,09:00:00,21,12,9,FMN GV 18 Kasterlee
84,Oudemolsedijk,2021-04-16,10:00:00,27,13,14,FMN GV 18 Kasterlee
84,Oudemolsedijk,2021-04-16,11:00:00,35,23,12,FMN GV 18 Kasterlee
84,Oudemolsedijk,2021-04-16,12:00:00,29,12,17,FMN GV 18 Kasterlee
84,Oudemolsedijk,2021-04-16,13:00:00,61,31,30,FMN GV 18 Kasterlee
84,Oudemolsedijk,2021-04-16,14:00:00,115,61,54,FMN GV 18 Kasterlee
84,Oudemolsedijk,2021-04-16,15:00:00,89,52,37,FMN GV 18 Kasterlee
84,Oudemolsedijk,2021-04-16,16:00:00,43,18,25,FMN GV 18 Kasterlee
84,Oudemolsedijk,2021-04-16,17:00:00,29,18,11,FMN GV 18 Kasterlee
84,Oudemolsedijk,2021-04-16,18:00:00,15,9,6,FMN GV 18 Kasterlee
84,Oudemolsedijk,2021-04-16,19:00:00,8,5,3,FMN GV 18 Kasterlee
84,Oudemolsedijk,2021-04-16,20:00:00,8,5,3,FMN GV 18 Kasterlee
84,Oudemolsedijk,2021-04-16,21:00:00,1,1,0,FMN GV 18 Kasterlee
84,Oudemolsedijk,2021-04-16,22:00:00,1,0,1,FMN GV 18 Kasterlee
84,Oudemolsedijk,2021-04-16,23:00:00,0,0,0,FMN GV 18 Kasterlee
84,Oudemolsedijk,2021-04-17,00:00:00,0,0,0,FMN GV 18 Kasterlee
84,Oudemolsedijk,2021-04-17,01:00:00,0,0,0,FMN GV 18 Kasterlee
84,Oudemolsedijk,2021-04-17,02:00:00,0,0,0,FMN GV 18 Kasterlee
84,Oudemolsedijk,2021-04-17,03:00:00,0,0,0,FMN GV 18 Kasterlee
84,Oudemolsedijk,2021-04-17,04:00:00,0,0,0,FMN GV 18 Kasterlee
84,Oudemolsedijk,2021-04-17,05:00:00,0,0,0,FMN GV 18 Kasterlee
84,Oudemolsedijk,2021-04-17,06:00:00,0,0,0,FMN GV 18 Kasterlee
84,Oudemolsedijk,2021-04-17,07:00:00,2,1,1,FMN GV 18 Kasterlee
84,Oudemolsedijk,2021-04-17,08:00:00,6,1,5,FMN GV 18 Kasterlee
84,Oudemolsedijk,2021-04-17,09:00:00,24,14,10,FMN GV 18 Kasterlee
84,Oudemolsedijk,2021-04-17,10:00:00,56,26,30,FMN GV 18 Kasterlee
84,Oudemolsedijk,2021-04-17,11:00:00,63,35,28,FMN GV 18 Kasterlee
84,Oudemolsedijk,2021-04-17,12:00:00,67,20,47,FMN GV 18 Kasterlee
84,Oudemolsedijk,2021-04-17,13:00:00,120,40,80,FMN GV 18 Kasterlee
84,Oudemolsedijk,2021-04-17,14:00:00,201,94,107,FMN GV 18 Kasterlee
84,Oudemolsedijk,2021-04-17,15:00:00,197,122,75,FMN GV 18 Kasterlee
84,Oudemolsedijk,2021-04-17,16:00:00,95,50,45,FMN GV 18 Kasterlee
84,Oudemolsedijk,2021-04-17,17:00:00,76,49,27,FMN GV 18 Kasterlee
84,Oudemolsedijk,2021-04-17,18:00:00,10,7,3,FMN GV 18 Kasterlee
84,Oudemolsedijk,2021-04-17,19:00:00,6,5,1,FMN GV 18 Kasterlee
84,Oudemolsedijk,2021-04-17,20:00:00,4,2,2,FMN GV 18 Kasterlee
84,Oudemolsedijk,2021-04-17,21:00:00,0,0,0,FMN GV 18 Kasterlee
84,Oudemolsedijk,2021-04-17,22:00:00,0,0,0,FMN GV 18 Kasterlee
84,Oudemolsedijk,2021-04-17,23:00:00,1,1,0,FMN GV 18 Kasterlee
84,Oudemolsedijk,2021-04-18,00:00:00,0,0,0,FMN GV 18 Kasterlee
84,Oudemolsedijk,2021-04-18,01:00:00,0,0,0,FMN GV 18 Kasterlee
84,Oudemolsedijk,2021-04-18,02:00:00,0,0,0,FMN GV 18 Kasterlee
84,Oudemolsedijk,2021-04-18,03:00:00,0,0,0,FMN GV 18 Kasterlee
84,Oudemolsedijk,2021-04-18,04:00:00,0,0,0,FMN GV 18 Kasterlee
84,Oudemolsedijk,2021-04-18,05:00:00,0,0,0,FMN GV 18 Kasterlee
84,Oudemolsedijk,2021-04-18,06:00:00,1,1,0,FMN GV 18 Kasterlee
84,Oudemolsedijk,2021-04-18,07:00:00,6,2,4,FMN GV 18 Kasterlee
84,Oudemolsedijk,2021-04-18,08:00:00,28,10,18,FMN GV 18 Kasterlee
84,Oudemolsedijk,2021-04-18,09:00:00,130,73,57,FMN GV 18 Kasterlee
84,Oudemolsedijk,2021-04-18,10:00:00,220,129,91,FMN GV 18 Kasterlee
84,Oudemolsedijk,2021-04-18,11:00:00,186,92,94,FMN GV 18 Kasterlee
84,Oudemolsedijk,2021-04-18,12:00:00,150,107,43,FMN GV 18 Kasterlee
84,Oudemolsedijk,2021-04-18,13:00:00,167,70,97,FMN GV 18 Kasterlee
84,Oudemolsedijk,2021-04-18,14:00:00,258,142,116,FMN GV 18 Kasterlee
84,Oudemolsedijk,2021-04-18,15:00:00,208,117,91,FMN GV 18 Kasterlee
84,Oudemolsedijk,2021-04-18,16:00:00,116,69,47,FMN GV 18 Kasterlee
84,Oudemolsedijk,2021-04-18,17:00:00,50,36,14,FMN GV 18 Kasterlee
84,Oudemolsedijk,2021-04-18,18:00:00,21,14,7,FMN GV 18 Kasterlee
84,Oudemolsedijk,2021-04-18,19:00:00,3,2,1,FMN GV 18 Kasterlee
84,Oudemolsedijk,2021-04-18,20:00:00,12,6,6,FMN GV 18 Kasterlee
84,Oudemolsedijk,2021-04-18,21:00:00,6,3,3,FMN GV 18 Kasterlee
84,Oudemolsedijk,2021-04-18,22:00:00,0,0,0,FMN GV 18 Kasterlee
84,Oudemolsedijk,2021-04-18,23:00:00,0,0,0,FMN GV 18 Kasterlee
84,Oudemolsedijk,2021-04-19,00:00:00,0,0,0,FMN GV 18 Kasterlee
84,Oudemolsedijk,2021-04-19,01:00:00,0,0,0,FMN GV 18 Kasterlee
84,Oudemolsedijk,2021-04-19,02:00:00,0,0,0,FMN GV 18 Kasterlee
84,Oudemolsedijk,2021-04-19,03:00:00,0,0,0,FMN GV 18 Kasterlee
84,Oudemolsedijk,2021-04-19,04:00:00,1,1,0,FMN GV 18 Kasterlee
84,Oudemolsedijk,2021-04-19,05:00:00,2,2,0,FMN GV 18 Kasterlee
84,Oudemolsedijk,2021-04-19,06:00:00,15,3,12,FMN GV 18 Kasterlee
84,Oudemolsedijk,2021-04-19,07:00:00,20,8,12,FMN GV 18 Kasterlee
84,Oudemolsedijk,2021-04-19,08:00:00,20,13,7,FMN GV 18 Kasterlee
84,Oudemolsedijk,2021-04-19,09:00:00,10,2,8,FMN GV 18 Kasterlee
84,Oudemolsedijk,2021-04-19,10:00:00,22,15,7,FMN GV 18 Kasterlee
84,Oudemolsedijk,2021-04-19,11:00:00,6,4,2,FMN GV 18 Kasterlee
84,Oudemolsedijk,2021-04-19,12:00:00,11,8,3,FMN GV 18 Kasterlee
84,Oudemolsedijk,2021-04-19,13:00:00,17,14,3,FMN GV 18 Kasterlee
84,Oudemolsedijk,2021-04-19,14:00:00,44,20,24,FMN GV 18 Kasterlee
84,Oudemolsedijk,2021-04-19,15:00:00,28,17,11,FMN GV 18 Kasterlee
84,Oudemolsedijk,2021-04-19,16:00:00,24,16,8,FMN GV 18 Kasterlee
84,Oudemolsedijk,2021-04-19,17:00:00,36,11,25,FMN GV 18 Kasterlee
84,Oudemolsedijk,2021-04-19,18:00:00,12,5,7,FMN GV 18 Kasterlee
84,Oudemolsedijk,2021-04-19,19:00:00,15,6,9,FMN GV 18 Kasterlee
84,Oudemolsedijk,2021-04-19,20:00:00,11,4,7,FMN GV 18 Kasterlee
84,Oudemolsedijk,2021-04-19,21:00:00,4,4,0,FMN GV 18 Kasterlee
84,Oudemolsedijk,2021-04-19,22:00:00,3,0,3,FMN GV 18 Kasterlee
84,Oudemolsedijk,2021-04-19,23:00:00,0,0,0,FMN GV 18 Kasterlee
84,Oudemolsedijk,2021-04-20,00:00:00,0,0,0,FMN GV 18 Kasterlee
84,Oudemolsedijk,2021-04-20,01:00:00,0,0,0,FMN GV 18 Kasterlee
84,Oudemolsedijk,2021-04-20,02:00:00,0,0,0,FMN GV 18 Kasterlee
84,Oudemolsedijk,2021-04-20,03:00:00,0,0,0,FMN GV 18 Kasterlee
84,Oudemolsedijk,2021-04-20,04:00:00,0,0,0,FMN GV 18 Kasterlee
84,Oudemolsedijk,2021-04-20,05:00:00,2,2,0,FMN GV 18 Kasterlee
84,Oudemolsedijk,2021-04-20,06:00:00,15,4,11,FMN GV 18 Kasterlee
84,Oudemolsedijk,2021-04-20,07:00:00,23,9,14,FMN GV 18 Kasterlee
84,Oudemolsedijk,2021-04-20,08:00:00,19,10,9,FMN GV 18 Kasterlee
84,Oudemolsedijk,2021-04-20,09:00:00,9,3,6,FMN GV 18 Kasterlee
84,Oudemolsedijk,2021-04-20,10:00:00,26,7,19,FMN GV 18 Kasterlee
84,Oudemolsedijk,2021-04-20,11:00:00,26,9,17,FMN GV 18 Kasterlee
84,Oudemolsedijk,2021-04-20,12:00:00,56,28,28,FMN GV 18 Kasterlee
84,Oudemolsedijk,2021-04-20,13:00:00,109,41,68,FMN GV 18 Kasterlee
84,Oudemolsedijk,2021-04-20,14:00:00,176,93,83,FMN GV 18 Kasterlee
84,Oudemolsedijk,2021-04-20,15:00:00,133,75,58,FMN GV 18 Kasterlee
84,Oudemolsedijk,2021-04-20,16:00:00,98,54,44,FMN GV 18 Kasterlee
84,Oudemolsedijk,2021-04-20,17:00:00,51,27,24,FMN GV 18 Kasterlee
84,Oudemolsedijk,2021-04-20,18:00:00,38,22,16,FMN GV 18 Kasterlee
84,Oudemolsedijk,2021-04-20,19:00:00,57,20,37,FMN GV 18 Kasterlee
84,Oudemolsedijk,2021-04-20,20:00:00,31,18,13,FMN GV 18 Kasterlee
84,Oudemolsedijk,2021-04-20,21:00:00,7,6,1,FMN GV 18 Kasterlee
84,Oudemolsedijk,2021-04-20,22:00:00,5,1,4,FMN GV 18 Kasterlee
84,Oudemolsedijk,2021-04-20,23:00:00,1,1,0,FMN GV 18 Kasterlee
84,Oudemolsedijk,2021-04-21,00:00:00,0,0,0,FMN GV 18 Kasterlee
84,Oudemolsedijk,2021-04-21,01:00:00,0,0,0,FMN GV 18 Kasterlee
84,Oudemolsedijk,2021-04-21,02:00:00,0,0,0,FMN GV 18 Kasterlee
84,Oudemolsedijk,2021-04-21,03:00:00,0,0,0,FMN GV 18 Kasterlee
84,Oudemolsedijk,2021-04-21,04:00:00,0,0,0,FMN GV 18 Kasterlee
84,Oudemolsedijk,2021-04-21,05:00:00,2,2,0,FMN GV 18 Kasterlee
84,Oudemolsedijk,2021-04-21,06:00:00,22,5,17,FMN GV 18 Kasterlee
84,Oudemolsedijk,2021-04-21,07:00:00,20,11,9,FMN GV 18 Kasterlee
84,Oudemolsedijk,2021-04-21,08:00:00,16,10,6,FMN GV 18 Kasterlee
84,Oudemolsedijk,2021-04-21,09:00:00,17,5,12,FMN GV 18 Kasterlee
84,Oudemolsedijk,2021-04-21,10:00:00,29,13,16,FMN GV 18 Kasterlee
84,Oudemolsedijk,2021-04-21,11:00:00,30,15,15,FMN GV 18 Kasterlee
84,Oudemolsedijk,2021-04-21,12:00:00,37,17,20,FMN GV 18 Kasterlee
84,Oudemolsedijk,2021-04-21,13:00:00,71,34,37,FMN GV 18 Kasterlee
84,Oudemolsedijk,2021-04-21,14:00:00,109,54,55,FMN GV 18 Kasterlee
84,Oudemolsedijk,2021-04-21,15:00:00,91,52,39,FMN GV 18 Kasterlee
84,Oudemolsedijk,2021-04-21,16:00:00,67,32,35,FMN GV 18 Kasterlee
84,Oudemolsedijk,2021-04-21,17:00:00,44,26,18,FMN GV 18 Kasterlee
84,Oudemolsedijk,2021-04-21,18:00:00,44,24,20,FMN GV 18 Kasterlee
84,Oudemolsedijk,2021-04-21,19:00:00,58,27,31,FMN GV 18 Kasterlee
84,Oudemolsedijk,2021-04-21,20:00:00,28,16,12,FMN GV 18 Kasterlee
84,Oudemolsedijk,2021-04-21,21:00:00,6,4,2,FMN GV 18 Kasterlee
84,Oudemolsedijk,2021-04-21,22:00:00,2,0,2,FMN GV 18 Kasterlee
84,Oudemolsedijk,2021-04-21,23:00:00,1,1,0,FMN GV 18 Kasterlee
84,Oudemolsedijk,2021-04-22,00:00:00,0,0,0,FMN GV 18 Kasterlee
84,Oudemolsedijk,2021-04-22,01:00:00,0,0,0,FMN GV 18 Kasterlee
84,Oudemolsedijk,2021-04-22,02:00:00,0,0,0,FMN GV 18 Kasterlee
84,Oudemolsedijk,2021-04-22,03:00:00,0,0,0,FMN GV 18 Kasterlee
84,Oudemolsedijk,2021-04-22,04:00:00,0,0,0,FMN GV 18 Kasterlee
84,Oudemolsedijk,2021-04-22,05:00:00,2,2,0,FMN GV 18 Kasterlee
84,Oudemolsedijk,2021-04-22,06:00:00,17,2,15,FMN GV 18 Kasterlee
84,Oudemolsedijk,2021-04-22,07:00:00,19,12,7,FMN GV 18 Kasterlee
84,Oudemolsedijk,2021-04-22,08:00:00,13,10,3,FMN GV 18 Kasterlee
84,Oudemolsedijk,2021-04-22,09:00:00,17,7,10,FMN GV 18 Kasterlee
84,Oudemolsedijk,2021-04-22,10:00:00,18,6,12,FMN GV 18 Kasterlee
84,Oudemolsedijk,2021-04-22,11:00:00,29,13,16,FMN GV 18 Kasterlee
84,Oudemolsedijk,2021-04-22,12:00:00,34,15,19,FMN GV 18 Kasterlee
84,Oudemolsedijk,2021-04-22,13:00:00,50,24,26,FMN GV 18 Kasterlee
84,Oudemolsedijk,2021-04-22,14:00:00,104,57,47,FMN GV 18 Kasterlee
84,Oudemolsedijk,2021-04-22,15:00:00,56,34,22,FMN GV 18 Kasterlee
84,Oudemolsedijk,2021-04-22,16:00:00,53,26,27,FMN GV 18 Kasterlee
84,Oudemolsedijk,2021-04-22,17:00:00,43,27,16,FMN GV 18 Kasterlee
84,Oudemolsedijk,2021-04-22,18:00:00,31,13,18,FMN GV 18 Kasterlee
84,Oudemolsedijk,2021-04-22,19:00:00,33,12,21,FMN GV 18 Kasterlee
84,Oudemolsedijk,2021-04-22,20:00:00,33,21,12,FMN GV 18 Kasterlee
84,Oudemolsedijk,2021-04-22,21:00:00,7,6,1,FMN GV 18 Kasterlee
84,Oudemolsedijk,2021-04-22,22:00:00,3,0,3,FMN GV 18 Kasterlee
84,Oudemolsedijk,2021-04-22,23:00:00,1,1,0,FMN GV 18 Kasterlee
84,Oudemolsedijk,2021-04-23,00:00:00,0,0,0,FMN GV 18 Kasterlee
84,Oudemolsedijk,2021-04-23,01:00:00,0,0,0,FMN GV 18 Kasterlee
84,Oudemolsedijk,2021-04-23,02:00:00,0,0,0,FMN GV 18 Kasterlee
84,Oudemolsedijk,2021-04-23,03:00:00,0,0,0,FMN GV 18 Kasterlee
84,Oudemolsedijk,2021-04-23,04:00:00,0,0,0,FMN GV 18 Kasterlee
84,Oudemolsedijk,2021-04-23,05:00:00,1,1,0,FMN GV 18 Kasterlee
84,Oudemolsedijk,2021-04-23,06:00:00,17,4,13,FMN GV 18 Kasterlee
84,Oudemolsedijk,2021-04-23,07:00:00,17,6,11,FMN GV 18 Kasterlee
84,Oudemolsedijk,2021-04-23,08:00:00,11,7,4,FMN GV 18 Kasterlee
84,Oudemolsedijk,2021-04-23,09:00:00,10,7,3,FMN GV 18 Kasterlee
84,Oudemolsedijk,2021-04-23,10:00:00,31,21,10,FMN GV 18 Kasterlee
84,Oudemolsedijk,2021-04-23,11:00:00,27,14,13,FMN GV 18 Kasterlee
84,Oudemolsedijk,2021-04-23,12:00:00,27,9,18,FMN GV 18 Kasterlee
84,Oudemolsedijk,2021-04-23,13:00:00,72,35,37,FMN GV 18 Kasterlee
84,Oudemolsedijk,2021-04-23,14:00:00,97,48,49,FMN GV 18 Kasterlee
84,Oudemolsedijk,2021-04-23,15:00:00,129,67,62,FMN GV 18 Kasterlee
84,Oudemolsedijk,2021-04-23,16:00:00,78,53,25,FMN GV 18 Kasterlee
84,Oudemolsedijk,2021-04-23,17:00:00,53,23,30,FMN GV 18 Kasterlee
84,Oudemolsedijk,2021-04-23,18:00:00,26,18,8,FMN GV 18 Kasterlee
84,Oudemolsedijk,2021-04-23,19:00:00,21,16,5,FMN GV 18 Kasterlee
84,Oudemolsedijk,2021-04-23,20:00:00,3,3,0,FMN GV 18 Kasterlee
84,Oudemolsedijk,2021-04-23,21:00:00,5,4,1,FMN GV 18 Kasterlee
84,Oudemolsedijk,2021-04-23,22:00:00,2,1,1,FMN GV 18 Kasterlee
84,Oudemolsedijk,2021-04-23,23:00:00,2,2,0,FMN GV 18 Kasterlee
84,Oudemolsedijk,2021-04-24,00:00:00,0,0,0,FMN GV 18 Kasterlee
84,Oudemolsedijk,2021-04-24,01:00:00,0,0,0,FMN GV 18 Kasterlee
84,Oudemolsedijk,2021-04-24,02:00:00,0,0,0,FMN GV 18 Kasterlee
84,Oudemolsedijk,2021-04-24,03:00:00,0,0,0,FMN GV 18 Kasterlee
84,Oudemolsedijk,2021-04-24,04:00:00,0,0,0,FMN GV 18 Kasterlee
84,Oudemolsedijk,2021-04-24,05:00:00,0,0,0,FMN GV 18 Kasterlee
84,Oudemolsedijk,2021-04-24,06:00:00,0,0,0,FMN GV 18 Kasterlee
84,Oudemolsedijk,2021-04-24,07:00:00,7,2,5,FMN GV 18 Kasterlee
84,Oudemolsedijk,2021-04-24,08:00:00,6,1,5,FMN GV 18 Kasterlee
84,Oudemolsedijk,2021-04-24,09:00:00,18,8,10,FMN GV 18 Kasterlee
84,Oudemolsedijk,2021-04-24,10:00:00,27,15,12,FMN GV 18 Kasterlee
84,Oudemolsedijk,2021-04-24,11:00:00,69,35,34,FMN GV 18 Kasterlee
84,Oudemolsedijk,2021-04-24,12:00:00,48,23,25,FMN GV 18 Kasterlee
84,Oudemolsedijk,2021-04-24,13:00:00,85,37,48,FMN GV 18 Kasterlee
84,Oudemolsedijk,2021-04-24,14:00:00,159,64,95,FMN GV 18 Kasterlee
84,Oudemolsedijk,2021-04-24,15:00:00,159,77,82,FMN GV 18 Kasterlee
84,Oudemolsedijk,2021-04-24,16:00:00,119,57,62,FMN GV 18 Kasterlee
84,Oudemolsedijk,2021-04-24,17:00:00,36,18,18,FMN GV 18 Kasterlee
84,Oudemolsedijk,2021-04-24,18:00:00,21,14,7,FMN GV 18 Kasterlee
84,Oudemolsedijk,2021-04-24,19:00:00,3,1,2,FMN GV 18 Kasterlee
84,Oudemolsedijk,2021-04-24,20:00:00,5,0,5,FMN GV 18 Kasterlee
84,Oudemolsedijk,2021-04-24,21:00:00,0,0,0,FMN GV 18 Kasterlee
84,Oudemolsedijk,2021-04-24,22:00:00,1,0,1,FMN GV 18 Kasterlee
84,Oudemolsedijk,2021-04-24,23:00:00,3,0,3,FMN GV 18 Kasterlee
84,Oudemolsedijk,2021-04-25,00:00:00,0,0,0,FMN GV 18 Kasterlee
84,Oudemolsedijk,2021-04-25,01:00:00,1,0,1,FMN GV 18 Kasterlee
84,Oudemolsedijk,2021-04-25,02:00:00,0,0,0,FMN GV 18 Kasterlee
84,Oudemolsedijk,2021-04-25,03:00:00,0,0,0,FMN GV 18 Kasterlee
84,Oudemolsedijk,2021-04-25,04:00:00,0,0,0,FMN GV 18 Kasterlee
84,Oudemolsedijk,2021-04-25,05:00:00,0,0,0,FMN GV 18 Kasterlee
84,Oudemolsedijk,2021-04-25,06:00:00,0,0,0,FMN GV 18 Kasterlee
84,Oudemolsedijk,2021-04-25,07:00:00,6,0,6,FMN GV 18 Kasterlee
84,Oudemolsedijk,2021-04-25,08:00:00,40,24,16,FMN GV 18 Kasterlee
84,Oudemolsedijk,2021-04-25,09:00:00,129,69,60,FMN GV 18 Kasterlee
84,Oudemolsedijk,2021-04-25,10:00:00,150,86,64,FMN GV 18 Kasterlee
84,Oudemolsedijk,2021-04-25,11:00:00,229,161,68,FMN GV 18 Kasterlee
84,Oudemolsedijk,2021-04-25,12:00:00,49,24,25,FMN GV 18 Kasterlee
84,Oudemolsedijk,2021-04-25,13:00:00,87,47,40,FMN GV 18 Kasterlee
84,Oudemolsedijk,2021-04-25,14:00:00,171,97,74,FMN GV 18 Kasterlee
84,Oudemolsedijk,2021-04-25,15:00:00,120,54,66,FMN GV 18 Kasterlee
84,Oudemolsedijk,2021-04-25,16:00:00,75,40,35,FMN GV 18 Kasterlee
84,Oudemolsedijk,2021-04-25,17:00:00,39,21,18,FMN GV 18 Kasterlee
84,Oudemolsedijk,2021-04-25,18:00:00,15,9,6,FMN GV 18 Kasterlee
84,Oudemolsedijk,2021-04-25,19:00:00,9,4,5,FMN GV 18 Kasterlee
84,Oudemolsedijk,2021-04-25,20:00:00,4,3,1,FMN GV 18 Kasterlee
84,Oudemolsedijk,2021-04-25,21:00:00,1,1,0,FMN GV 18 Kasterlee
84,Oudemolsedijk,2021-04-25,22:00:00,2,2,0,FMN GV 18 Kasterlee
84,Oudemolsedijk,2021-04-25,23:00:00,0,0,0,FMN GV 18 Kasterlee
84,Oudemolsedijk,2021-04-26,00:00:00,0,0,0,FMN GV 18 Kasterlee
84,Oudemolsedijk,2021-04-26,01:00:00,0,0,0,FMN GV 18 Kasterlee
84,Oudemolsedijk,2021-04-26,02:00:00,0,0,0,FMN GV 18 Kasterlee
84,Oudemolsedijk,2021-04-26,03:00:00,0,0,0,FMN GV 18 Kasterlee
84,Oudemolsedijk,2021-04-26,04:00:00,4,3,1,FMN GV 18 Kasterlee
84,Oudemolsedijk,2021-04-26,05:00:00,5,5,0,FMN GV 18 Kasterlee
84,Oudemolsedijk,2021-04-26,06:00:00,17,6,11,FMN GV 18 Kasterlee
84,Oudemolsedijk,2021-04-26,07:00:00,18,11,7,FMN GV 18 Kasterlee
84,Oudemolsedijk,2021-04-26,08:00:00,20,12,8,FMN GV 18 Kasterlee
84,Oudemolsedijk,2021-04-26,09:00:00,12,8,4,FMN GV 18 Kasterlee
84,Oudemolsedijk,2021-04-26,10:00:00,13,4,9,FMN GV 18 Kasterlee
84,Oudemolsedijk,2021-04-26,11:00:00,13,7,6,FMN GV 18 Kasterlee
84,Oudemolsedijk,2021-04-26,12:00:00,24,13,11,FMN GV 18 Kasterlee
84,Oudemolsedijk,2021-04-26,13:00:00,59,29,30,FMN GV 18 Kasterlee
84,Oudemolsedijk,2021-04-26,14:00:00,74,33,41,FMN GV 18 Kasterlee
84,Oudemolsedijk,2021-04-26,15:00:00,90,52,38,FMN GV 18 Kasterlee
84,Oudemolsedijk,2021-04-26,16:00:00,74,41,33,FMN GV 18 Kasterlee
84,Oudemolsedijk,2021-04-26,17:00:00,36,16,20,FMN GV 18 Kasterlee
84,Oudemolsedijk,2021-04-26,18:00:00,21,9,12,FMN GV 18 Kasterlee
84,Oudemolsedijk,2021-04-26,19:00:00,17,8,9,FMN GV 18 Kasterlee
84,Oudemolsedijk,2021-04-26,20:00:00,5,3,2,FMN GV 18 Kasterlee
84,Oudemolsedijk,2021-04-26,21:00:00,1,1,0,FMN GV 18 Kasterlee
84,Oudemolsedijk,2021-04-26,22:00:00,3,0,3,FMN GV 18 Kasterlee
84,Oudemolsedijk,2021-04-26,23:00:00,0,0,0,FMN GV 18 Kasterlee
84,Oudemolsedijk,2021-04-27,00:00:00,0,0,0,FMN GV 18 Kasterlee
84,Oudemolsedijk,2021-04-27,01:00:00,0,0,0,FMN GV 18 Kasterlee
84,Oudemolsedijk,2021-04-27,02:00:00,0,0,0,FMN GV 18 Kasterlee
84,Oudemolsedijk,2021-04-27,03:00:00,0,0,0,FMN GV 18 Kasterlee
84,Oudemolsedijk,2021-04-27,04:00:00,3,2,1,FMN GV 18 Kasterlee
84,Oudemolsedijk,2021-04-27,05:00:00,3,3,0,FMN GV 18 Kasterlee
84,Oudemolsedijk,2021-04-27,06:00:00,8,2,6,FMN GV 18 Kasterlee
84,Oudemolsedijk,2021-04-27,07:00:00,19,8,11,FMN GV 18 Kasterlee
84,Oudemolsedijk,2021-04-27,08:00:00,23,12,11,FMN GV 18 Kasterlee
84,Oudemolsedijk,2021-04-27,09:00:00,15,8,7,FMN GV 18 Kasterlee
84,Oudemolsedijk,2021-04-27,10:00:00,26,9,17,FMN GV 18 Kasterlee
84,Oudemolsedijk,2021-04-27,11:00:00,32,17,15,FMN GV 18 Kasterlee
84,Oudemolsedijk,2021-04-27,12:00:00,34,19,15,FMN GV 18 Kasterlee
84,Oudemolsedijk,2021-04-27,13:00:00,103,45,58,FMN GV 18 Kasterlee
84,Oudemolsedijk,2021-04-27,14:00:00,141,58,83,FMN GV 18 Kasterlee
84,Oudemolsedijk,2021-04-27,15:00:00,93,64,29,FMN GV 18 Kasterlee
84,Oudemolsedijk,2021-04-27,16:00:00,94,47,47,FMN GV 18 Kasterlee
84,Oudemolsedijk,2021-04-27,17:00:00,42,22,20,FMN GV 18 Kasterlee
84,Oudemolsedijk,2021-04-27,18:00:00,34,22,12,FMN GV 18 Kasterlee
84,Oudemolsedijk,2021-04-27,19:00:00,45,17,28,FMN GV 18 Kasterlee
84,Oudemolsedijk,2021-04-27,20:00:00,28,20,8,FMN GV 18 Kasterlee
84,Oudemolsedijk,2021-04-27,21:00:00,1,0,1,FMN GV 18 Kasterlee
84,Oudemolsedijk,2021-04-27,22:00:00,4,0,4,FMN GV 18 Kasterlee
84,Oudemolsedijk,2021-04-27,23:00:00,0,0,0,FMN GV 18 Kasterlee
84,Oudemolsedijk,2021-04-28,00:00:00,0,0,0,FMN GV 18 Kasterlee
84,Oudemolsedijk,2021-04-28,01:00:00,0,0,0,FMN GV 18 Kasterlee
84,Oudemolsedijk,2021-04-28,02:00:00,0,0,0,FMN GV 18 Kasterlee
84,Oudemolsedijk,2021-04-28,03:00:00,0,0,0,FMN GV 18 Kasterlee
84,Oudemolsedijk,2021-04-28,04:00:00,2,1,1,FMN GV 18 Kasterlee
84,Oudemolsedijk,2021-04-28,05:00:00,4,4,0,FMN GV 18 Kasterlee
84,Oudemolsedijk,2021-04-28,06:00:00,10,4,6,FMN GV 18 Kasterlee
84,Oudemolsedijk,2021-04-28,07:00:00,17,10,7,FMN GV 18 Kasterlee
84,Oudemolsedijk,2021-04-28,08:00:00,15,8,7,FMN GV 18 Kasterlee
84,Oudemolsedijk,2021-04-28,09:00:00,17,9,8,FMN GV 18 Kasterlee
84,Oudemolsedijk,2021-04-28,10:00:00,26,10,16,FMN GV 18 Kasterlee
84,Oudemolsedijk,2021-04-28,11:00:00,47,23,24,FMN GV 18 Kasterlee
84,Oudemolsedijk,2021-04-28,12:00:00,47,19,28,FMN GV 18 Kasterlee
84,Oudemolsedijk,2021-04-28,13:00:00,109,50,59,FMN GV 18 Kasterlee
84,Oudemolsedijk,2021-04-28,14:00:00,191,86,105,FMN GV 18 Kasterlee
84,Oudemolsedijk,2021-04-28,15:00:00,159,94,65,FMN GV 18 Kasterlee
84,Oudemolsedijk,2021-04-28,16:00:00,86,42,44,FMN GV 18 Kasterlee
84,Oudemolsedijk,2021-04-28,17:00:00,38,24,14,FMN GV 18 Kasterlee
84,Oudemolsedijk,2021-04-28,18:00:00,42,23,19,FMN GV 18 Kasterlee
84,Oudemolsedijk,2021-04-28,19:00:00,62,31,31,FMN GV 18 Kasterlee
84,Oudemolsedijk,2021-04-28,20:00:00,77,41,36,FMN GV 18 Kasterlee
84,Oudemolsedijk,2021-04-28,21:00:00,1,0,1,FMN GV 18 Kasterlee
84,Oudemolsedijk,2021-04-28,22:00:00,6,0,6,FMN GV 18 Kasterlee
84,Oudemolsedijk,2021-04-28,23:00:00,0,0,0,FMN GV 18 Kasterlee
84,Oudemolsedijk,2021-04-29,00:00:00,0,0,0,FMN GV 18 Kasterlee
84,Oudemolsedijk,2021-04-29,01:00:00,0,0,0,FMN GV 18 Kasterlee
84,Oudemolsedijk,2021-04-29,02:00:00,0,0,0,FMN GV 18 Kasterlee
84,Oudemolsedijk,2021-04-29,03:00:00,0,0,0,FMN GV 18 Kasterlee
84,Oudemolsedijk,2021-04-29,04:00:00,1,1,0,FMN GV 18 Kasterlee
84,Oudemolsedijk,2021-04-29,05:00:00,4,4,0,FMN GV 18 Kasterlee
84,Oudemolsedijk,2021-04-29,06:00:00,6,2,4,FMN GV 18 Kasterlee
84,Oudemolsedijk,2021-04-29,07:00:00,21,9,12,FMN GV 18 Kasterlee
84,Oudemolsedijk,2021-04-29,08:00:00,11,9,2,FMN GV 18 Kasterlee
84,Oudemolsedijk,2021-04-29,09:00:00,3,1,2,FMN GV 18 Kasterlee
84,Oudemolsedijk,2021-04-29,10:00:00,2,2,0,FMN GV 18 Kasterlee
84,Oudemolsedijk,2021-04-29,11:00:00,0,0,0,FMN GV 18 Kasterlee
84,Oudemolsedijk,2021-04-29,12:00:00,5,3,2,FMN GV 18 Kasterlee
84,Oudemolsedijk,2021-04-29,13:00:00,16,8,8,FMN GV 18 Kasterlee
84,Oudemolsedijk,2021-04-29,14:00:00,11,2,9,FMN GV 18 Kasterlee
84,Oudemolsedijk,2021-04-29,15:00:00,13,8,5,FMN GV 18 Kasterlee
84,Oudemolsedijk,2021-04-29,16:00:00,28,14,14,FMN GV 18 Kasterlee
84,Oudemolsedijk,2021-04-29,17:00:00,15,7,8,FMN GV 18 Kasterlee
84,Oudemolsedijk,2021-04-29,18:00:00,14,6,8,FMN GV 18 Kasterlee
84,Oudemolsedijk,2021-04-29,19:00:00,11,4,7,FMN GV 18 Kasterlee
84,Oudemolsedijk,2021-04-29,20:00:00,24,19,5,FMN GV 18 Kasterlee
84,Oudemolsedijk,2021-04-29,21:00:00,8,4,4,FMN GV 18 Kasterlee
84,Oudemolsedijk,2021-04-29,22:00:00,3,1,2,FMN GV 18 Kasterlee
84,Oudemolsedijk,2021-04-29,23:00:00,0,0,0,FMN GV 18 Kasterlee
84,Oudemolsedijk,2021-04-30,00:00:00,0,0,0,FMN GV 18 Kasterlee
84,Oudemolsedijk,2021-04-30,01:00:00,0,0,0,FMN GV 18 Kasterlee
84,Oudemolsedijk,2021-04-30,02:00:00,0,0,0,FMN GV 18 Kasterlee
84,Oudemolsedijk,2021-04-30,03:00:00,0,0,0,FMN GV 18 Kasterlee
84,Oudemolsedijk,2021-04-30,04:00:00,1,1,0,FMN GV 18 Kasterlee
84,Oudemolsedijk,2021-04-30,05:00:00,6,6,0,FMN GV 18 Kasterlee
84,Oudemolsedijk,2021-04-30,06:00:00,12,6,6,FMN GV 18 Kasterlee
84,Oudemolsedijk,2021-04-30,07:00:00,13,7,6,FMN GV 18 Kasterlee
84,Oudemolsedijk,2021-04-30,08:00:00,15,9,6,FMN GV 18 Kasterlee
84,Oudemolsedijk,2021-04-30,09:00:00,6,4,2,FMN GV 18 Kasterlee
84,Oudemolsedijk,2021-04-30,10:00:00,20,8,12,FMN GV 18 Kasterlee
84,Oudemolsedijk,2021-04-30,11:00:00,15,7,8,FMN GV 18 Kasterlee
84,Oudemolsedijk,2021-04-30,12:00:00,24,7,17,FMN GV 18 Kasterlee
84,Oudemolsedijk,2021-04-30,13:00:00,55,30,25,FMN GV 18 Kasterlee
84,Oudemolsedijk,2021-04-30,14:00:00,56,26,30,FMN GV 18 Kasterlee
84,Oudemolsedijk,2021-04-30,15:00:00,49,26,23,FMN GV 18 Kasterlee
84,Oudemolsedijk,2021-04-30,16:00:00,55,32,23,FMN GV 18 Kasterlee
84,Oudemolsedijk,2021-04-30,17:00:00,28,14,14,FMN GV 18 Kasterlee
84,Oudemolsedijk,2021-04-30,18:00:00,22,7,15,FMN GV 18 Kasterlee
84,Oudemolsedijk,2021-04-30,19:00:00,7,5,2,FMN GV 18 Kasterlee
84,Oudemolsedijk,2021-04-30,20:00:00,3,3,0,FMN GV 18 Kasterlee
84,Oudemolsedijk,2021-04-30,21:00:00,2,1,1,FMN GV 18 Kasterlee
84,Oudemolsedijk,2021-04-30,22:00:00,3,1,2,FMN GV 18 Kasterlee
84,Oudemolsedijk,2021-04-30,23:00:00,0,0,0,FMN GV 18 Kasterlee
84,Oudemolsedijk,2021-05-01,00:00:00,0,0,0,FMN GV 18 Kasterlee
84,Oudemolsedijk,2021-05-01,01:00:00,0,0,0,FMN GV 18 Kasterlee
84,Oudemolsedijk,2021-05-01,02:00:00,0,0,0,FMN GV 18 Kasterlee
84,Oudemolsedijk,2021-05-01,03:00:00,0,0,0,FMN GV 18 Kasterlee
84,Oudemolsedijk,2021-05-01,04:00:00,0,0,0,FMN GV 18 Kasterlee
84,Oudemolsedijk,2021-05-01,05:00:00,0,0,0,FMN GV 18 Kasterlee
84,Oudemolsedijk,2021-05-01,06:00:00,0,0,0,FMN GV 18 Kasterlee
84,Oudemolsedijk,2021-05-01,07:00:00,6,1,5,FMN GV 18 Kasterlee
84,Oudemolsedijk,2021-05-01,08:00:00,11,2,9,FMN GV 18 Kasterlee
84,Oudemolsedijk,2021-05-01,09:00:00,26,7,19,FMN GV 18 Kasterlee
84,Oudemolsedijk,2021-05-01,10:00:00,66,32,34,FMN GV 18 Kasterlee
84,Oudemolsedijk,2021-05-01,11:00:00,80,41,39,FMN GV 18 Kasterlee
84,Oudemolsedijk,2021-05-01,12:00:00,60,40,20,FMN GV 18 Kasterlee
84,Oudemolsedijk,2021-05-01,13:00:00,93,36,57,FMN GV 18 Kasterlee
84,Oudemolsedijk,2021-05-01,14:00:00,171,85,86,FMN GV 18 Kasterlee
84,Oudemolsedijk,2021-05-01,15:00:00,128,92,36,FMN GV 18 Kasterlee
84,Oudemolsedijk,2021-05-01,16:00:00,44,35,9,FMN GV 18 Kasterlee
84,Oudemolsedijk,2021-05-01,17:00:00,30,19,11,FMN GV 18 Kasterlee
84,Oudemolsedijk,2021-05-01,18:00:00,20,18,2,FMN GV 18 Kasterlee
84,Oudemolsedijk,2021-05-01,19:00:00,3,2,1,FMN GV 18 Kasterlee
84,Oudemolsedijk,2021-05-01,20:00:00,3,3,0,FMN GV 18 Kasterlee
84,Oudemolsedijk,2021-05-01,21:00:00,2,0,2,FMN GV 18 Kasterlee
84,Oudemolsedijk,2021-05-01,22:00:00,0,0,0,FMN GV 18 Kasterlee
84,Oudemolsedijk,2021-05-01,23:00:00,3,2,1,FMN GV 18 Kasterlee
84,Oudemolsedijk,2021-05-02,00:00:00,0,0,0,FMN GV 18 Kasterlee
84,Oudemolsedijk,2021-05-02,01:00:00,2,0,2,FMN GV 18 Kasterlee
84,Oudemolsedijk,2021-05-02,02:00:00,0,0,0,FMN GV 18 Kasterlee
84,Oudemolsedijk,2021-05-02,03:00:00,0,0,0,FMN GV 18 Kasterlee
84,Oudemolsedijk,2021-05-02,04:00:00,0,0,0,FMN GV 18 Kasterlee
84,Oudemolsedijk,2021-05-02,05:00:00,0,0,0,FMN GV 18 Kasterlee
84,Oudemolsedijk,2021-05-02,06:00:00,0,0,0,FMN GV 18 Kasterlee
84,Oudemolsedijk,2021-05-02,07:00:00,9,0,9,FMN GV 18 Kasterlee
84,Oudemolsedijk,2021-05-02,08:00:00,38,15,23,FMN GV 18 Kasterlee
84,Oudemolsedijk,2021-05-02,09:00:00,93,63,30,FMN GV 18 Kasterlee
84,Oudemolsedijk,2021-05-02,10:00:00,186,89,97,FMN GV 18 Kasterlee
84,Oudemolsedijk,2021-05-02,11:00:00,101,60,41,FMN GV 18 Kasterlee
84,Oudemolsedijk,2021-05-02,12:00:00,64,34,30,FMN GV 18 Kasterlee
84,Oudemolsedijk,2021-05-02,13:00:00,50,32,18,FMN GV 18 Kasterlee
84,Oudemolsedijk,2021-05-02,14:00:00,78,46,32,FMN GV 18 Kasterlee
84,Oudemolsedijk,2021-05-02,15:00:00,84,42,42,FMN GV 18 Kasterlee
84,Oudemolsedijk,2021-05-02,16:00:00,32,21,11,FMN GV 18 Kasterlee
84,Oudemolsedijk,2021-05-02,17:00:00,26,18,8,FMN GV 18 Kasterlee
84,Oudemolsedijk,2021-05-02,18:00:00,8,2,6,FMN GV 18 Kasterlee
84,Oudemolsedijk,2021-05-02,19:00:00,8,0,8,FMN GV 18 Kasterlee
84,Oudemolsedijk,2021-05-02,20:00:00,8,3,5,FMN GV 18 Kasterlee
84,Oudemolsedijk,2021-05-02,21:00:00,2,1,1,FMN GV 18 Kasterlee
84,Oudemolsedijk,2021-05-02,22:00:00,3,3,0,FMN GV 18 Kasterlee
84,Oudemolsedijk,2021-05-02,23:00:00,0,0,0,FMN GV 18 Kasterlee
84,Oudemolsedijk,2021-05-03,00:00:00,0,0,0,FMN GV 18 Kasterlee
84,Oudemolsedijk,2021-05-03,01:00:00,0,0,0,FMN GV 18 Kasterlee
84,Oudemolsedijk,2021-05-03,02:00:00,0,0,0,FMN GV 18 Kasterlee
84,Oudemolsedijk,2021-05-03,03:00:00,0,0,0,FMN GV 18 Kasterlee
84,Oudemolsedijk,2021-05-03,04:00:00,0,0,0,FMN GV 18 Kasterlee
84,Oudemolsedijk,2021-05-03,05:00:00,3,3,0,FMN GV 18 Kasterlee
84,Oudemolsedijk,2021-05-03,06:00:00,15,7,8,FMN GV 18 Kasterlee
84,Oudemolsedijk,2021-05-03,07:00:00,17,7,10,FMN GV 18 Kasterlee
84,Oudemolsedijk,2021-05-03,08:00:00,17,11,6,FMN GV 18 Kasterlee
84,Oudemolsedijk,2021-05-03,09:00:00,54,12,42,FMN GV 18 Kasterlee
84,Oudemolsedijk,2021-05-03,10:00:00,9,5,4,FMN GV 18 Kasterlee
84,Oudemolsedijk,2021-05-03,11:00:00,22,11,11,FMN GV 18 Kasterlee
84,Oudemolsedijk,2021-05-03,12:00:00,34,14,20,FMN GV 18 Kasterlee
84,Oudemolsedijk,2021-05-03,13:00:00,53,26,27,FMN GV 18 Kasterlee
84,Oudemolsedijk,2021-05-03,14:00:00,73,35,38,FMN GV 18 Kasterlee
84,Oudemolsedijk,2021-05-03,15:00:00,84,68,16,FMN GV 18 Kasterlee
84,Oudemolsedijk,2021-05-03,16:00:00,40,21,19,FMN GV 18 Kasterlee
84,Oudemolsedijk,2021-05-03,17:00:00,28,15,13,FMN GV 18 Kasterlee
84,Oudemolsedijk,2021-05-03,18:00:00,17,6,11,FMN GV 18 Kasterlee
84,Oudemolsedijk,2021-05-03,19:00:00,12,5,7,FMN GV 18 Kasterlee
84,Oudemolsedijk,2021-05-03,20:00:00,9,5,4,FMN GV 18 Kasterlee
84,Oudemolsedijk,2021-05-03,21:00:00,3,0,3,FMN GV 18 Kasterlee
84,Oudemolsedijk,2021-05-03,22:00:00,5,1,4,FMN GV 18 Kasterlee
84,Oudemolsedijk,2021-05-03,23:00:00,0,0,0,FMN GV 18 Kasterlee
84,Oudemolsedijk,2021-05-04,00:00:00,0,0,0,FMN GV 18 Kasterlee
84,Oudemolsedijk,2021-05-04,01:00:00,0,0,0,FMN GV 18 Kasterlee
84,Oudemolsedijk,2021-05-04,02:00:00,0,0,0,FMN GV 18 Kasterlee
84,Oudemolsedijk,2021-05-04,03:00:00,0,0,0,FMN GV 18 Kasterlee
84,Oudemolsedijk,2021-05-04,04:00:00,0,0,0,FMN GV 18 Kasterlee
84,Oudemolsedijk,2021-05-04,05:00:00,2,2,0,FMN GV 18 Kasterlee
84,Oudemolsedijk,2021-05-04,06:00:00,6,1,5,FMN GV 18 Kasterlee
84,Oudemolsedijk,2021-05-04,07:00:00,5,2,3,FMN GV 18 Kasterlee
84,Oudemolsedijk,2021-05-04,08:00:00,6,5,1,FMN GV 18 Kasterlee
84,Oudemolsedijk,2021-05-04,09:00:00,3,1,2,FMN GV 18 Kasterlee
84,Oudemolsedijk,2021-05-04,10:00:00,2,2,0,FMN GV 18 Kasterlee
84,Oudemolsedijk,2021-05-04,11:00:00,2,2,0,FMN GV 18 Kasterlee
84,Oudemolsedijk,2021-05-04,12:00:00,6,5,1,FMN GV 18 Kasterlee
84,Oudemolsedijk,2021-05-04,13:00:00,10,5,5,FMN GV 18 Kasterlee
84,Oudemolsedijk,2021-05-04,14:00:00,2,0,2,FMN GV 18 Kasterlee
84,Oudemolsedijk,2021-05-04,15:00:00,3,2,1,FMN GV 18 Kasterlee
84,Oudemolsedijk,2021-05-04,16:00:00,6,4,2,FMN GV 18 Kasterlee
84,Oudemolsedijk,2021-05-04,17:00:00,7,1,6,FMN GV 18 Kasterlee
84,Oudemolsedijk,2021-05-04,18:00:00,2,1,1,FMN GV 18 Kasterlee
84,Oudemolsedijk,2021-05-04,19:00:00,5,5,0,FMN GV 18 Kasterlee
84,Oudemolsedijk,2021-05-04,20:00:00,1,0,1,FMN GV 18 Kasterlee
84,Oudemolsedijk,2021-05-04,21:00:00,1,0,1,FMN GV 18 Kasterlee
84,Oudemolsedijk,2021-05-04,22:00:00,2,1,1,FMN GV 18 Kasterlee
84,Oudemolsedijk,2021-05-04,23:00:00,0,0,0,FMN GV 18 Kasterlee
84,Oudemolsedijk,2021-05-05,00:00:00,0,0,0,FMN GV 18 Kasterlee
84,Oudemolsedijk,2021-05-05,01:00:00,0,0,0,FMN GV 18 Kasterlee
84,Oudemolsedijk,2021-05-05,02:00:00,0,0,0,FMN GV 18 Kasterlee
84,Oudemolsedijk,2021-05-05,03:00:00,0,0,0,FMN GV 18 Kasterlee
84,Oudemolsedijk,2021-05-05,04:00:00,0,0,0,FMN GV 18 Kasterlee
84,Oudemolsedijk,2021-05-05,05:00:00,1,1,0,FMN GV 18 Kasterlee
84,Oudemolsedijk,2021-05-05,06:00:00,5,1,4,FMN GV 18 Kasterlee
84,Oudemolsedijk,2021-05-05,07:00:00,7,4,3,FMN GV 18 Kasterlee
84,Oudemolsedijk,2021-05-05,08:00:00,6,5,1,FMN GV 18 Kasterlee
84,Oudemolsedijk,2021-05-05,09:00:00,4,1,3,FMN GV 18 Kasterlee
84,Oudemolsedijk,2021-05-05,10:00:00,4,1,3,FMN GV 18 Kasterlee
84,Oudemolsedijk,2021-05-05,11:00:00,5,1,4,FMN GV 18 Kasterlee
84,Oudemolsedijk,2021-05-05,12:00:00,13,9,4,FMN GV 18 Kasterlee
84,Oudemolsedijk,2021-05-05,13:00:00,21,17,4,FMN GV 18 Kasterlee
84,Oudemolsedijk,2021-05-05,14:00:00,17,7,10,FMN GV 18 Kasterlee
84,Oudemolsedijk,2021-05-05,15:00:00,8,6,2,FMN GV 18 Kasterlee
84,Oudemolsedijk,2021-05-05,16:00:00,17,9,8,FMN GV 18 Kasterlee
84,Oudemolsedijk,2021-05-05,17:00:00,12,6,6,FMN GV 18 Kasterlee
84,Oudemolsedijk,2021-05-05,18:00:00,12,6,6,FMN GV 18 Kasterlee
84,Oudemolsedijk,2021-05-05,19:00:00,29,15,14,FMN GV 18 Kasterlee
84,Oudemolsedijk,2021-05-05,20:00:00,45,21,24,FMN GV 18 Kasterlee
84,Oudemolsedijk,2021-05-05,21:00:00,10,9,1,FMN GV 18 Kasterlee
84,Oudemolsedijk,2021-05-05,22:00:00,3,0,3,FMN GV 18 Kasterlee
84,Oudemolsedijk,2021-05-05,23:00:00,1,1,0,FMN GV 18 Kasterlee
84,Oudemolsedijk,2021-05-06,00:00:00,0,0,0,FMN GV 18 Kasterlee
84,Oudemolsedijk,2021-05-06,01:00:00,0,0,0,FMN GV 18 Kasterlee
84,Oudemolsedijk,2021-05-06,02:00:00,1,1,0,FMN GV 18 Kasterlee
84,Oudemolsedijk,2021-05-06,03:00:00,0,0,0,FMN GV 18 Kasterlee
84,Oudemolsedijk,2021-05-06,04:00:00,1,1,0,FMN GV 18 Kasterlee
84,Oudemolsedijk,2021-05-06,05:00:00,3,3,0,FMN GV 18 Kasterlee
84,Oudemolsedijk,2021-05-06,06:00:00,8,6,2,FMN GV 18 Kasterlee
84,Oudemolsedijk,2021-05-06,07:00:00,13,9,4,FMN GV 18 Kasterlee
84,Oudemolsedijk,2021-05-06,08:00:00,14,9,5,FMN GV 18 Kasterlee
84,Oudemolsedijk,2021-05-06,09:00:00,12,2,10,FMN GV 18 Kasterlee
84,Oudemolsedijk,2021-05-06,10:00:00,15,9,6,FMN GV 18 Kasterlee
84,Oudemolsedijk,2021-05-06,11:00:00,14,8,6,FMN GV 18 Kasterlee
84,Oudemolsedijk,2021-05-06,12:00:00,24,9,15,FMN GV 18 Kasterlee
84,Oudemolsedijk,2021-05-06,13:00:00,47,23,24,FMN GV 18 Kasterlee
84,Oudemolsedijk,2021-05-06,14:00:00,32,19,13,FMN GV 18 Kasterlee
84,Oudemolsedijk,2021-05-06,15:00:00,52,25,27,FMN GV 18 Kasterlee
84,Oudemolsedijk,2021-05-06,16:00:00,33,18,15,FMN GV 18 Kasterlee
84,Oudemolsedijk,2021-05-06,17:00:00,22,10,12,FMN GV 18 Kasterlee
84,Oudemolsedijk,2021-05-06,18:00:00,8,0,8,FMN GV 18 Kasterlee
84,Oudemolsedijk,2021-05-06,19:00:00,2,2,0,FMN GV 18 Kasterlee
84,Oudemolsedijk,2021-05-06,20:00:00,3,2,1,FMN GV 18 Kasterlee
84,Oudemolsedijk,2021-05-06,21:00:00,2,1,1,FMN GV 18 Kasterlee
84,Oudemolsedijk,2021-05-06,22:00:00,2,0,2,FMN GV 18 Kasterlee
84,Oudemolsedijk,2021-05-06,23:00:00,0,0,0,FMN GV 18 Kasterlee
84,Oudemolsedijk,2021-05-07,00:00:00,0,0,0,FMN GV 18 Kasterlee
84,Oudemolsedijk,2021-05-07,01:00:00,0,0,0,FMN GV 18 Kasterlee
84,Oudemolsedijk,2021-05-07,02:00:00,0,0,0,FMN GV 18 Kasterlee
84,Oudemolsedijk,2021-05-07,03:00:00,0,0,0,FMN GV 18 Kasterlee
84,Oudemolsedijk,2021-05-07,04:00:00,0,0,0,FMN GV 18 Kasterlee
84,Oudemolsedijk,2021-05-07,05:00:00,3,2,1,FMN GV 18 Kasterlee
84,Oudemolsedijk,2021-05-07,06:00:00,4,0,4,FMN GV 18 Kasterlee
84,Oudemolsedijk,2021-05-07,07:00:00,12,7,5,FMN GV 18 Kasterlee
84,Oudemolsedijk,2021-05-07,08:00:00,12,7,5,FMN GV 18 Kasterlee
84,Oudemolsedijk,2021-05-07,09:00:00,4,1,3,FMN GV 18 Kasterlee
84,Oudemolsedijk,2021-05-07,10:00:00,9,6,3,FMN GV 18 Kasterlee
84,Oudemolsedijk,2021-05-07,11:00:00,23,12,11,FMN GV 18 Kasterlee
84,Oudemolsedijk,2021-05-07,12:00:00,19,8,11,FMN GV 18 Kasterlee
84,Oudemolsedijk,2021-05-07,13:00:00,35,16,19,FMN GV 18 Kasterlee
84,Oudemolsedijk,2021-05-07,14:00:00,46,16,30,FMN GV 18 Kasterlee
84,Oudemolsedijk,2021-05-07,15:00:00,53,22,31,FMN GV 18 Kasterlee
84,Oudemolsedijk,2021-05-07,16:00:00,45,29,16,FMN GV 18 Kasterlee
84,Oudemolsedijk,2021-05-07,17:00:00,24,12,12,FMN GV 18 Kasterlee
84,Oudemolsedijk,2021-05-07,18:00:00,20,15,5,FMN GV 18 Kasterlee
84,Oudemolsedijk,2021-05-07,19:00:00,12,6,6,FMN GV 18 Kasterlee
84,Oudemolsedijk,2021-05-07,20:00:00,20,17,3,FMN GV 18 Kasterlee
84,Oudemolsedijk,2021-05-07,21:00:00,1,0,1,FMN GV 18 Kasterlee
84,Oudemolsedijk,2021-05-07,22:00:00,3,0,3,FMN GV 18 Kasterlee
84,Oudemolsedijk,2021-05-07,23:00:00,0,0,0,FMN GV 18 Kasterlee
84,Oudemolsedijk,2021-05-08,00:00:00,0,0,0,FMN GV 18 Kasterlee
84,Oudemolsedijk,2021-05-08,01:00:00,1,0,1,FMN GV 18 Kasterlee
84,Oudemolsedijk,2021-05-08,02:00:00,0,0,0,FMN GV 18 Kasterlee
84,Oudemolsedijk,2021-05-08,03:00:00,0,0,0,FMN GV 18 Kasterlee
84,Oudemolsedijk,2021-05-08,04:00:00,2,1,1,FMN GV 18 Kasterlee
84,Oudemolsedijk,2021-05-08,05:00:00,0,0,0,FMN GV 18 Kasterlee
84,Oudemolsedijk,2021-05-08,06:00:00,5,3,2,FMN GV 18 Kasterlee
84,Oudemolsedijk,2021-05-08,07:00:00,9,2,7,FMN GV 18 Kasterlee
84,Oudemolsedijk,2021-05-08,08:00:00,7,3,4,FMN GV 18 Kasterlee
84,Oudemolsedijk,2021-05-08,09:00:00,39,4,35,FMN GV 18 Kasterlee
84,Oudemolsedijk,2021-05-08,10:00:00,45,28,17,FMN GV 18 Kasterlee
84,Oudemolsedijk,2021-05-08,11:00:00,27,23,4,FMN GV 18 Kasterlee
84,Oudemolsedijk,2021-05-08,12:00:00,31,14,17,FMN GV 18 Kasterlee
84,Oudemolsedijk,2021-05-08,13:00:00,13,4,9,FMN GV 18 Kasterlee
84,Oudemolsedijk,2021-05-08,14:00:00,33,17,16,FMN GV 18 Kasterlee
84,Oudemolsedijk,2021-05-08,15:00:00,23,9,14,FMN GV 18 Kasterlee
84,Oudemolsedijk,2021-05-08,16:00:00,22,14,8,FMN GV 18 Kasterlee
84,Oudemolsedijk,2021-05-08,17:00:00,20,13,7,FMN GV 18 Kasterlee
84,Oudemolsedijk,2021-05-08,18:00:00,22,15,7,FMN GV 18 Kasterlee
84,Oudemolsedijk,2021-05-08,19:00:00,13,10,3,FMN GV 18 Kasterlee
84,Oudemolsedijk,2021-05-08,20:00:00,12,3,9,FMN GV 18 Kasterlee
84,Oudemolsedijk,2021-05-08,21:00:00,0,0,0,FMN GV 18 Kasterlee
84,Oudemolsedijk,2021-05-08,22:00:00,3,0,3,FMN GV 18 Kasterlee
84,Oudemolsedijk,2021-05-08,23:00:00,4,2,2,FMN GV 18 Kasterlee
84,Oudemolsedijk,2021-05-09,00:00:00,4,2,2,FMN GV 18 Kasterlee
84,Oudemolsedijk,2021-05-09,01:00:00,0,0,0,FMN GV 18 Kasterlee
84,Oudemolsedijk,2021-05-09,02:00:00,0,0,0,FMN GV 18 Kasterlee
84,Oudemolsedijk,2021-05-09,03:00:00,0,0,0,FMN GV 18 Kasterlee
84,Oudemolsedijk,2021-05-09,04:00:00,0,0,0,FMN GV 18 Kasterlee
84,Oudemolsedijk,2021-05-09,05:00:00,1,1,0,FMN GV 18 Kasterlee
84,Oudemolsedijk,2021-05-09,06:00:00,1,1,0,FMN GV 18 Kasterlee
84,Oudemolsedijk,2021-05-09,07:00:00,11,1,10,FMN GV 18 Kasterlee
84,Oudemolsedijk,2021-05-09,08:00:00,42,14,28,FMN GV 18 Kasterlee
84,Oudemolsedijk,2021-05-09,09:00:00,143,60,83,FMN GV 18 Kasterlee
84,Oudemolsedijk,2021-05-09,10:00:00,181,115,66,FMN GV 18 Kasterlee
84,Oudemolsedijk,2021-05-09,11:00:00,139,84,55,FMN GV 18 Kasterlee
84,Oudemolsedijk,2021-05-09,12:00:00,125,76,49,FMN GV 18 Kasterlee
84,Oudemolsedijk,2021-05-09,13:00:00,38,25,13,FMN GV 18 Kasterlee
84,Oudemolsedijk,2021-05-09,14:00:00,190,74,116,FMN GV 18 Kasterlee
84,Oudemolsedijk,2021-05-09,15:00:00,149,100,49,FMN GV 18 Kasterlee
84,Oudemolsedijk,2021-05-09,16:00:00,128,71,57,FMN GV 18 Kasterlee
84,Oudemolsedijk,2021-05-09,17:00:00,71,39,32,FMN GV 18 Kasterlee
84,Oudemolsedijk,2021-05-09,18:00:00,25,12,13,FMN GV 18 Kasterlee
84,Oudemolsedijk,2021-05-09,19:00:00,13,7,6,FMN GV 18 Kasterlee
84,Oudemolsedijk,2021-05-09,20:00:00,13,5,8,FMN GV 18 Kasterlee
84,Oudemolsedijk,2021-05-09,21:00:00,5,5,0,FMN GV 18 Kasterlee
84,Oudemolsedijk,2021-05-09,22:00:00,3,0,3,FMN GV 18 Kasterlee
84,Oudemolsedijk,2021-05-09,23:00:00,0,0,0,FMN GV 18 Kasterlee
84,Oudemolsedijk,2021-05-10,00:00:00,0,0,0,FMN GV 18 Kasterlee
84,Oudemolsedijk,2021-05-10,01:00:00,0,0,0,FMN GV 18 Kasterlee
84,Oudemolsedijk,2021-05-10,02:00:00,0,0,0,FMN GV 18 Kasterlee
84,Oudemolsedijk,2021-05-10,03:00:00,0,0,0,FMN GV 18 Kasterlee
84,Oudemolsedijk,2021-05-10,04:00:00,1,1,0,FMN GV 18 Kasterlee
84,Oudemolsedijk,2021-05-10,05:00:00,2,2,0,FMN GV 18 Kasterlee
84,Oudemolsedijk,2021-05-10,06:00:00,13,3,10,FMN GV 18 Kasterlee
84,Oudemolsedijk,2021-05-10,07:00:00,16,7,9,FMN GV 18 Kasterlee
84,Oudemolsedijk,2021-05-10,08:00:00,4,1,3,FMN GV 18 Kasterlee
84,Oudemolsedijk,2021-05-10,09:00:00,2,1,1,FMN GV 18 Kasterlee
84,Oudemolsedijk,2021-05-10,10:00:00,6,6,0,FMN GV 18 Kasterlee
84,Oudemolsedijk,2021-05-10,11:00:00,15,9,6,FMN GV 18 Kasterlee
84,Oudemolsedijk,2021-05-10,12:00:00,12,9,3,FMN GV 18 Kasterlee
84,Oudemolsedijk,2021-05-10,13:00:00,45,18,27,FMN GV 18 Kasterlee
84,Oudemolsedijk,2021-05-10,14:00:00,61,35,26,FMN GV 18 Kasterlee
84,Oudemolsedijk,2021-05-10,15:00:00,61,29,32,FMN GV 18 Kasterlee
84,Oudemolsedijk,2021-05-10,16:00:00,48,30,18,FMN GV 18 Kasterlee
84,Oudemolsedijk,2021-05-10,17:00:00,23,8,15,FMN GV 18 Kasterlee
84,Oudemolsedijk,2021-05-10,18:00:00,11,3,8,FMN GV 18 Kasterlee
84,Oudemolsedijk,2021-05-10,19:00:00,10,7,3,FMN GV 18 Kasterlee
84,Oudemolsedijk,2021-05-10,20:00:00,20,14,6,FMN GV 18 Kasterlee
84,Oudemolsedijk,2021-05-10,21:00:00,6,3,3,FMN GV 18 Kasterlee
84,Oudemolsedijk,2021-05-10,22:00:00,1,1,0,FMN GV 18 Kasterlee
84,Oudemolsedijk,2021-05-10,23:00:00,2,1,1,FMN GV 18 Kasterlee
84,Oudemolsedijk,2021-05-11,00:00:00,1,1,0,FMN GV 18 Kasterlee
84,Oudemolsedijk,2021-05-11,01:00:00,0,0,0,FMN GV 18 Kasterlee
84,Oudemolsedijk,2021-05-11,02:00:00,0,0,0,FMN GV 18 Kasterlee
84,Oudemolsedijk,2021-05-11,03:00:00,0,0,0,FMN GV 18 Kasterlee
84,Oudemolsedijk,2021-05-11,04:00:00,1,1,0,FMN GV 18 Kasterlee
84,Oudemolsedijk,2021-05-11,05:00:00,6,5,1,FMN GV 18 Kasterlee
84,Oudemolsedijk,2021-05-11,06:00:00,12,5,7,FMN GV 18 Kasterlee
84,Oudemolsedijk,2021-05-11,07:00:00,12,4,8,FMN GV 18 Kasterlee
84,Oudemolsedijk,2021-05-11,08:00:00,5,4,1,FMN GV 18 Kasterlee
84,Oudemolsedijk,2021-05-11,09:00:00,16,6,10,FMN GV 18 Kasterlee
84,Oudemolsedijk,2021-05-11,10:00:00,18,10,8,FMN GV 18 Kasterlee
84,Oudemolsedijk,2021-05-11,11:00:00,17,11,6,FMN GV 18 Kasterlee
84,Oudemolsedijk,2021-05-11,12:00:00,27,13,14,FMN GV 18 Kasterlee
84,Oudemolsedijk,2021-05-11,13:00:00,40,19,21,FMN GV 18 Kasterlee
84,Oudemolsedijk,2021-05-11,14:00:00,69,38,31,FMN GV 18 Kasterlee
84,Oudemolsedijk,2021-05-11,15:00:00,57,36,21,FMN GV 18 Kasterlee
84,Oudemolsedijk,2021-05-11,16:00:00,32,19,13,FMN GV 18 Kasterlee
84,Oudemolsedijk,2021-05-11,17:00:00,21,7,14,FMN GV 18 Kasterlee
84,Oudemolsedijk,2021-05-11,18:00:00,27,13,14,FMN GV 18 Kasterlee
84,Oudemolsedijk,2021-05-11,19:00:00,26,20,6,FMN GV 18 Kasterlee
84,Oudemolsedijk,2021-05-11,20:00:00,16,10,6,FMN GV 18 Kasterlee
84,Oudemolsedijk,2021-05-11,21:00:00,9,8,1,FMN GV 18 Kasterlee
84,Oudemolsedijk,2021-05-11,22:00:00,6,3,3,FMN GV 18 Kasterlee
84,Oudemolsedijk,2021-05-11,23:00:00,0,0,0,FMN GV 18 Kasterlee
84,Oudemolsedijk,2021-05-12,00:00:00,0,0,0,FMN GV 18 Kasterlee
84,Oudemolsedijk,2021-05-12,01:00:00,0,0,0,FMN GV 18 Kasterlee
84,Oudemolsedijk,2021-05-12,02:00:00,0,0,0,FMN GV 18 Kasterlee
84,Oudemolsedijk,2021-05-12,03:00:00,0,0,0,FMN GV 18 Kasterlee
84,Oudemolsedijk,2021-05-12,04:00:00,2,2,0,FMN GV 18 Kasterlee
84,Oudemolsedijk,2021-05-12,05:00:00,2,2,0,FMN GV 18 Kasterlee
84,Oudemolsedijk,2021-05-12,06:00:00,16,5,11,FMN GV 18 Kasterlee
84,Oudemolsedijk,2021-05-12,07:00:00,16,4,12,FMN GV 18 Kasterlee
84,Oudemolsedijk,2021-05-12,08:00:00,13,6,7,FMN GV 18 Kasterlee
84,Oudemolsedijk,2021-05-12,09:00:00,37,10,27,FMN GV 18 Kasterlee
84,Oudemolsedijk,2021-05-12,10:00:00,40,26,14,FMN GV 18 Kasterlee
84,Oudemolsedijk,2021-05-12,11:00:00,16,8,8,FMN GV 18 Kasterlee
84,Oudemolsedijk,2021-05-12,12:00:00,28,12,16,FMN GV 18 Kasterlee
84,Oudemolsedijk,2021-05-12,13:00:00,74,47,27,FMN GV 18 Kasterlee
84,Oudemolsedijk,2021-05-12,14:00:00,75,37,38,FMN GV 18 Kasterlee
84,Oudemolsedijk,2021-05-12,15:00:00,62,28,34,FMN GV 18 Kasterlee
84,Oudemolsedijk,2021-05-12,16:00:00,37,19,18,FMN GV 18 Kasterlee
84,Oudemolsedijk,2021-05-12,17:00:00,27,15,12,FMN GV 18 Kasterlee
84,Oudemolsedijk,2021-05-12,18:00:00,33,22,11,FMN GV 18 Kasterlee
84,Oudemolsedijk,2021-05-12,19:00:00,47,24,23,FMN GV 18 Kasterlee
84,Oudemolsedijk,2021-05-12,20:00:00,46,34,12,FMN GV 18 Kasterlee
84,Oudemolsedijk,2021-05-12,21:00:00,4,1,3,FMN GV 18 Kasterlee
84,Oudemolsedijk,2021-05-12,22:00:00,3,2,1,FMN GV 18 Kasterlee
84,Oudemolsedijk,2021-05-12,23:00:00,4,4,0,FMN GV 18 Kasterlee
84,Oudemolsedijk,2021-05-13,00:00:00,0,0,0,FMN GV 18 Kasterlee
84,Oudemolsedijk,2021-05-13,01:00:00,4,0,4,FMN GV 18 Kasterlee
84,Oudemolsedijk,2021-05-13,02:00:00,0,0,0,FMN GV 18 Kasterlee
84,Oudemolsedijk,2021-05-13,03:00:00,0,0,0,FMN GV 18 Kasterlee
84,Oudemolsedijk,2021-05-13,04:00:00,0,0,0,FMN GV 18 Kasterlee
84,Oudemolsedijk,2021-05-13,05:00:00,0,0,0,FMN GV 18 Kasterlee
84,Oudemolsedijk,2021-05-13,06:00:00,1,1,0,FMN GV 18 Kasterlee
84,Oudemolsedijk,2021-05-13,07:00:00,26,13,13,FMN GV 18 Kasterlee
84,Oudemolsedijk,2021-05-13,08:00:00,39,21,18,FMN GV 18 Kasterlee
84,Oudemolsedijk,2021-05-13,09:00:00,80,31,49,FMN GV 18 Kasterlee
84,Oudemolsedijk,2021-05-13,10:00:00,118,65,53,FMN GV 18 Kasterlee
84,Oudemolsedijk,2021-05-13,11:00:00,161,66,95,FMN GV 18 Kasterlee
84,Oudemolsedijk,2021-05-13,12:00:00,105,69,36,FMN GV 18 Kasterlee
84,Oudemolsedijk,2021-05-13,13:00:00,138,65,73,FMN GV 18 Kasterlee
84,Oudemolsedijk,2021-05-13,14:00:00,128,84,44,FMN GV 18 Kasterlee
84,Oudemolsedijk,2021-05-13,15:00:00,101,57,44,FMN GV 18 Kasterlee
84,Oudemolsedijk,2021-05-13,16:00:00,35,26,9,FMN GV 18 Kasterlee
84,Oudemolsedijk,2021-05-13,17:00:00,17,16,1,FMN GV 18 Kasterlee
84,Oudemolsedijk,2021-05-13,18:00:00,24,17,7,FMN GV 18 Kasterlee
84,Oudemolsedijk,2021-05-13,19:00:00,17,8,9,FMN GV 18 Kasterlee
84,Oudemolsedijk,2021-05-13,20:00:00,9,5,4,FMN GV 18 Kasterlee
84,Oudemolsedijk,2021-05-13,21:00:00,8,7,1,FMN GV 18 Kasterlee
84,Oudemolsedijk,2021-05-13,22:00:00,1,1,0,FMN GV 18 Kasterlee
84,Oudemolsedijk,2021-05-13,23:00:00,1,1,0,FMN GV 18 Kasterlee
84,Oudemolsedijk,2021-05-14,00:00:00,0,0,0,FMN GV 18 Kasterlee
84,Oudemolsedijk,2021-05-14,01:00:00,1,1,0,FMN GV 18 Kasterlee
84,Oudemolsedijk,2021-05-14,02:00:00,0,0,0,FMN GV 18 Kasterlee
84,Oudemolsedijk,2021-05-14,03:00:00,0,0,0,FMN GV 18 Kasterlee
84,Oudemolsedijk,2021-05-14,04:00:00,1,1,0,FMN GV 18 Kasterlee
84,Oudemolsedijk,2021-05-14,05:00:00,0,0,0,FMN GV 18 Kasterlee
84,Oudemolsedijk,2021-05-14,06:00:00,3,3,0,FMN GV 18 Kasterlee
84,Oudemolsedijk,2021-05-14,07:00:00,4,3,1,FMN GV 18 Kasterlee
84,Oudemolsedijk,2021-05-14,08:00:00,18,11,7,FMN GV 18 Kasterlee
84,Oudemolsedijk,2021-05-14,09:00:00,34,15,19,FMN GV 18 Kasterlee
84,Oudemolsedijk,2021-05-14,10:00:00,89,38,51,FMN GV 18 Kasterlee
84,Oudemolsedijk,2021-05-14,11:00:00,75,55,20,FMN GV 18 Kasterlee
84,Oudemolsedijk,2021-05-14,12:00:00,53,33,20,FMN GV 18 Kasterlee
84,Oudemolsedijk,2021-05-14,13:00:00,38,27,11,FMN GV 18 Kasterlee
84,Oudemolsedijk,2021-05-14,14:00:00,16,6,10,FMN GV 18 Kasterlee
84,Oudemolsedijk,2021-05-14,15:00:00,37,14,23,FMN GV 18 Kasterlee
84,Oudemolsedijk,2021-05-14,16:00:00,33,16,17,FMN GV 18 Kasterlee
84,Oudemolsedijk,2021-05-14,17:00:00,24,14,10,FMN GV 18 Kasterlee
84,Oudemolsedijk,2021-05-14,18:00:00,4,3,1,FMN GV 18 Kasterlee
84,Oudemolsedijk,2021-05-14,19:00:00,8,5,3,FMN GV 18 Kasterlee
84,Oudemolsedijk,2021-05-14,20:00:00,5,4,1,FMN GV 18 Kasterlee
84,Oudemolsedijk,2021-05-14,21:00:00,7,4,3,FMN GV 18 Kasterlee
84,Oudemolsedijk,2021-05-14,22:00:00,2,2,0,FMN GV 18 Kasterlee
84,Oudemolsedijk,2021-05-14,23:00:00,0,0,0,FMN GV 18 Kasterlee
84,Oudemolsedijk,2021-05-15,00:00:00,0,0,0,FMN GV 18 Kasterlee
84,Oudemolsedijk,2021-05-15,01:00:00,1,1,0,FMN GV 18 Kasterlee
84,Oudemolsedijk,2021-05-15,02:00:00,0,0,0,FMN GV 18 Kasterlee
84,Oudemolsedijk,2021-05-15,03:00:00,0,0,0,FMN GV 18 Kasterlee
84,Oudemolsedijk,2021-05-15,04:00:00,0,0,0,FMN GV 18 Kasterlee
84,Oudemolsedijk,2021-05-15,05:00:00,0,0,0,FMN GV 18 Kasterlee
84,Oudemolsedijk,2021-05-15,06:00:00,5,3,2,FMN GV 18 Kasterlee
84,Oudemolsedijk,2021-05-15,07:00:00,2,2,0,FMN GV 18 Kasterlee
84,Oudemolsedijk,2021-05-15,08:00:00,13,1,12,FMN GV 18 Kasterlee
84,Oudemolsedijk,2021-05-15,09:00:00,33,13,20,FMN GV 18 Kasterlee
84,Oudemolsedijk,2021-05-15,10:00:00,44,20,24,FMN GV 18 Kasterlee
84,Oudemolsedijk,2021-05-15,11:00:00,46,27,19,FMN GV 18 Kasterlee
84,Oudemolsedijk,2021-05-15,12:00:00,30,21,9,FMN GV 18 Kasterlee
84,Oudemolsedijk,2021-05-15,13:00:00,28,22,6,FMN GV 18 Kasterlee
84,Oudemolsedijk,2021-05-15,14:00:00,16,8,8,FMN GV 18 Kasterlee
84,Oudemolsedijk,2021-05-15,15:00:00,30,16,14,FMN GV 18 Kasterlee
84,Oudemolsedijk,2021-05-15,16:00:00,13,12,1,FMN GV 18 Kasterlee
84,Oudemolsedijk,2021-05-15,17:00:00,14,12,2,FMN GV 18 Kasterlee
84,Oudemolsedijk,2021-05-15,18:00:00,11,7,4,FMN GV 18 Kasterlee
84,Oudemolsedijk,2021-05-15,19:00:00,6,5,1,FMN GV 18 Kasterlee
84,Oudemolsedijk,2021-05-15,20:00:00,1,1,0,FMN GV 18 Kasterlee
84,Oudemolsedijk,2021-05-15,21:00:00,3,0,3,FMN GV 18 Kasterlee
84,Oudemolsedijk,2021-05-15,22:00:00,0,0,0,FMN GV 18 Kasterlee
84,Oudemolsedijk,2021-05-15,23:00:00,3,0,3,FMN GV 18 Kasterlee
84,Oudemolsedijk,2021-05-16,00:00:00,1,0,1,FMN GV 18 Kasterlee
84,Oudemolsedijk,2021-05-16,01:00:00,0,0,0,FMN GV 18 Kasterlee
84,Oudemolsedijk,2021-05-16,02:00:00,0,0,0,FMN GV 18 Kasterlee
84,Oudemolsedijk,2021-05-16,03:00:00,0,0,0,FMN GV 18 Kasterlee
84,Oudemolsedijk,2021-05-16,04:00:00,0,0,0,FMN GV 18 Kasterlee
84,Oudemolsedijk,2021-05-16,05:00:00,0,0,0,FMN GV 18 Kasterlee
84,Oudemolsedijk,2021-05-16,06:00:00,0,0,0,FMN GV 18 Kasterlee
84,Oudemolsedijk,2021-05-16,07:00:00,12,2,10,FMN GV 18 Kasterlee
84,Oudemolsedijk,2021-05-16,08:00:00,59,20,39,FMN GV 18 Kasterlee
84,Oudemolsedijk,2021-05-16,09:00:00,117,38,79,FMN GV 18 Kasterlee
84,Oudemolsedijk,2021-05-16,10:00:00,143,79,64,FMN GV 18 Kasterlee
84,Oudemolsedijk,2021-05-16,11:00:00,122,86,36,FMN GV 18 Kasterlee
84,Oudemolsedijk,2021-05-16,12:00:00,45,26,19,FMN GV 18 Kasterlee
84,Oudemolsedijk,2021-05-16,13:00:00,26,17,9,FMN GV 18 Kasterlee
84,Oudemolsedijk,2021-05-16,14:00:00,26,15,11,FMN GV 18 Kasterlee
84,Oudemolsedijk,2021-05-16,15:00:00,29,20,9,FMN GV 18 Kasterlee
84,Oudemolsedijk,2021-05-16,16:00:00,23,22,1,FMN GV 18 Kasterlee
84,Oudemolsedijk,2021-05-16,17:00:00,10,8,2,FMN GV 18 Kasterlee
84,Oudemolsedijk,2021-05-16,18:00:00,5,2,3,FMN GV 18 Kasterlee
84,Oudemolsedijk,2021-05-16,19:00:00,8,5,3,FMN GV 18 Kasterlee
84,Oudemolsedijk,2021-05-16,20:00:00,0,0,0,FMN GV 18 Kasterlee
84,Oudemolsedijk,2021-05-16,21:00:00,0,0,0,FMN GV 18 Kasterlee
84,Oudemolsedijk,2021-05-16,22:00:00,2,0,2,FMN GV 18 Kasterlee
84,Oudemolsedijk,2021-05-16,23:00:00,4,1,3,FMN GV 18 Kasterlee
84,Oudemolsedijk,2021-05-17,00:00:00,0,0,0,FMN GV 18 Kasterlee
84,Oudemolsedijk,2021-05-17,01:00:00,0,0,0,FMN GV 18 Kasterlee
84,Oudemolsedijk,2021-05-17,02:00:00,0,0,0,FMN GV 18 Kasterlee
84,Oudemolsedijk,2021-05-17,03:00:00,0,0,0,FMN GV 18 Kasterlee
84,Oudemolsedijk,2021-05-17,04:00:00,1,0,1,FMN GV 18 Kasterlee
84,Oudemolsedijk,2021-05-17,05:00:00,1,1,0,FMN GV 18 Kasterlee
84,Oudemolsedijk,2021-05-17,06:00:00,8,3,5,FMN GV 18 Kasterlee
84,Oudemolsedijk,2021-05-17,07:00:00,9,5,4,FMN GV 18 Kasterlee
84,Oudemolsedijk,2021-05-17,08:00:00,5,3,2,FMN GV 18 Kasterlee
84,Oudemolsedijk,2021-05-17,09:00:00,6,4,2,FMN GV 18 Kasterlee
84,Oudemolsedijk,2021-05-17,10:00:00,5,3,2,FMN GV 18 Kasterlee
84,Oudemolsedijk,2021-05-17,11:00:00,0,0,0,FMN GV 18 Kasterlee
84,Oudemolsedijk,2021-05-17,12:00:00,10,7,3,FMN GV 18 Kasterlee
84,Oudemolsedijk,2021-05-17,13:00:00,4,4,0,FMN GV 18 Kasterlee
84,Oudemolsedijk,2021-05-17,14:00:00,2,1,1,FMN GV 18 Kasterlee
84,Oudemolsedijk,2021-05-17,15:00:00,13,5,8,FMN GV 18 Kasterlee
84,Oudemolsedijk,2021-05-17,16:00:00,19,9,10,FMN GV 18 Kasterlee
84,Oudemolsedijk,2021-05-17,17:00:00,20,11,9,FMN GV 18 Kasterlee
84,Oudemolsedijk,2021-05-17,18:00:00,10,3,7,FMN GV 18 Kasterlee
84,Oudemolsedijk,2021-05-17,19:00:00,25,4,21,FMN GV 18 Kasterlee
84,Oudemolsedijk,2021-05-17,20:00:00,19,16,3,FMN GV 18 Kasterlee
84,Oudemolsedijk,2021-05-17,21:00:00,7,1,6,FMN GV 18 Kasterlee
84,Oudemolsedijk,2021-05-17,22:00:00,3,1,2,FMN GV 18 Kasterlee
84,Oudemolsedijk,2021-05-17,23:00:00,1,0,1,FMN GV 18 Kasterlee
84,Oudemolsedijk,2021-05-18,00:00:00,0,0,0,FMN GV 18 Kasterlee
84,Oudemolsedijk,2021-05-18,01:00:00,0,0,0,FMN GV 18 Kasterlee
84,Oudemolsedijk,2021-05-18,02:00:00,1,0,1,FMN GV 18 Kasterlee
84,Oudemolsedijk,2021-05-18,03:00:00,1,0,1,FMN GV 18 Kasterlee
84,Oudemolsedijk,2021-05-18,04:00:00,0,0,0,FMN GV 18 Kasterlee
84,Oudemolsedijk,2021-05-18,05:00:00,1,1,0,FMN GV 18 Kasterlee
84,Oudemolsedijk,2021-05-18,06:00:00,9,2,7,FMN GV 18 Kasterlee
84,Oudemolsedijk,2021-05-18,07:00:00,16,5,11,FMN GV 18 Kasterlee
84,Oudemolsedijk,2021-05-18,08:00:00,14,8,6,FMN GV 18 Kasterlee
84,Oudemolsedijk,2021-05-18,09:00:00,10,6,4,FMN GV 18 Kasterlee
84,Oudemolsedijk,2021-05-18,10:00:00,24,19,5,FMN GV 18 Kasterlee
84,Oudemolsedijk,2021-05-18,11:00:00,15,10,5,FMN GV 18 Kasterlee
84,Oudemolsedijk,2021-05-18,12:00:00,18,12,6,FMN GV 18 Kasterlee
84,Oudemolsedijk,2021-05-18,13:00:00,31,14,17,FMN GV 18 Kasterlee
84,Oudemolsedijk,2021-05-18,14:00:00,52,30,22,FMN GV 18 Kasterlee
84,Oudemolsedijk,2021-05-18,15:00:00,79,36,43,FMN GV 18 Kasterlee
84,Oudemolsedijk,2021-05-18,16:00:00,54,29,25,FMN GV 18 Kasterlee
84,Oudemolsedijk,2021-05-18,17:00:00,27,18,9,FMN GV 18 Kasterlee
84,Oudemolsedijk,2021-05-18,18:00:00,36,12,24,FMN GV 18 Kasterlee
84,Oudemolsedijk,2021-05-18,19:00:00,43,9,34,FMN GV 18 Kasterlee
84,Oudemolsedijk,2021-05-18,20:00:00,18,7,11,FMN GV 18 Kasterlee
84,Oudemolsedijk,2021-05-18,21:00:00,17,4,13,FMN GV 18 Kasterlee
84,Oudemolsedijk,2021-05-18,22:00:00,5,0,5,FMN GV 18 Kasterlee
84,Oudemolsedijk,2021-05-18,23:00:00,0,0,0,FMN GV 18 Kasterlee
84,Oudemolsedijk,2021-05-19,00:00:00,0,0,0,FMN GV 18 Kasterlee
84,Oudemolsedijk,2021-05-19,01:00:00,0,0,0,FMN GV 18 Kasterlee
84,Oudemolsedijk,2021-05-19,02:00:00,0,0,0,FMN GV 18 Kasterlee
84,Oudemolsedijk,2021-05-19,03:00:00,0,0,0,FMN GV 18 Kasterlee
84,Oudemolsedijk,2021-05-19,04:00:00,0,0,0,FMN GV 18 Kasterlee
84,Oudemolsedijk,2021-05-19,05:00:00,2,1,1,FMN GV 18 Kasterlee
84,Oudemolsedijk,2021-05-19,06:00:00,9,4,5,FMN GV 18 Kasterlee
84,Oudemolsedijk,2021-05-19,07:00:00,18,11,7,FMN GV 18 Kasterlee
84,Oudemolsedijk,2021-05-19,08:00:00,12,8,4,FMN GV 18 Kasterlee
84,Oudemolsedijk,2021-05-19,09:00:00,9,7,2,FMN GV 18 Kasterlee
84,Oudemolsedijk,2021-05-19,10:00:00,12,8,4,FMN GV 18 Kasterlee
84,Oudemolsedijk,2021-05-19,11:00:00,15,5,10,FMN GV 18 Kasterlee
84,Oudemolsedijk,2021-05-19,12:00:00,18,6,12,FMN GV 18 Kasterlee
84,Oudemolsedijk,2021-05-19,13:00:00,27,8,19,FMN GV 18 Kasterlee
84,Oudemolsedijk,2021-05-19,14:00:00,19,11,8,FMN GV 18 Kasterlee
84,Oudemolsedijk,2021-05-19,15:00:00,29,19,10,FMN GV 18 Kasterlee
84,Oudemolsedijk,2021-05-19,16:00:00,11,4,7,FMN GV 18 Kasterlee
84,Oudemolsedijk,2021-05-19,17:00:00,6,3,3,FMN GV 18 Kasterlee
84,Oudemolsedijk,2021-05-19,18:00:00,5,0,5,FMN GV 18 Kasterlee
84,Oudemolsedijk,2021-05-19,19:00:00,5,4,1,FMN GV 18 Kasterlee
84,Oudemolsedijk,2021-05-19,20:00:00,33,20,13,FMN GV 18 Kasterlee
84,Oudemolsedijk,2021-05-19,21:00:00,4,2,2,FMN GV 18 Kasterlee
84,Oudemolsedijk,2021-05-19,22:00:00,3,1,2,FMN GV 18 Kasterlee
84,Oudemolsedijk,2021-05-19,23:00:00,1,1,0,FMN GV 18 Kasterlee
84,Oudemolsedijk,2021-05-20,00:00:00,0,0,0,FMN GV 18 Kasterlee
84,Oudemolsedijk,2021-05-20,01:00:00,0,0,0,FMN GV 18 Kasterlee
84,Oudemolsedijk,2021-05-20,02:00:00,0,0,0,FMN GV 18 Kasterlee
84,Oudemolsedijk,2021-05-20,03:00:00,1,1,0,FMN GV 18 Kasterlee
84,Oudemolsedijk,2021-05-20,04:00:00,2,2,0,FMN GV 18 Kasterlee
84,Oudemolsedijk,2021-05-20,05:00:00,2,2,0,FMN GV 18 Kasterlee
84,Oudemolsedijk,2021-05-20,06:00:00,10,3,7,FMN GV 18 Kasterlee
84,Oudemolsedijk,2021-05-20,07:00:00,24,10,14,FMN GV 18 Kasterlee
84,Oudemolsedijk,2021-05-20,08:00:00,19,10,9,FMN GV 18 Kasterlee
84,Oudemolsedijk,2021-05-20,09:00:00,17,8,9,FMN GV 18 Kasterlee
84,Oudemolsedijk,2021-05-20,10:00:00,29,15,14,FMN GV 18 Kasterlee
84,Oudemolsedijk,2021-05-20,11:00:00,34,21,13,FMN GV 18 Kasterlee
84,Oudemolsedijk,2021-05-20,12:00:00,42,15,27,FMN GV 18 Kasterlee
84,Oudemolsedijk,2021-05-20,13:00:00,85,44,41,FMN GV 18 Kasterlee
84,Oudemolsedijk,2021-05-20,14:00:00,146,92,54,FMN GV 18 Kasterlee
84,Oudemolsedijk,2021-05-20,15:00:00,97,59,38,FMN GV 18 Kasterlee
84,Oudemolsedijk,2021-05-20,16:00:00,66,27,39,FMN GV 18 Kasterlee
84,Oudemolsedijk,2021-05-20,17:00:00,52,29,23,FMN GV 18 Kasterlee
84,Oudemolsedijk,2021-05-20,18:00:00,45,18,27,FMN GV 18 Kasterlee
84,Oudemolsedijk,2021-05-20,19:00:00,31,7,24,FMN GV 18 Kasterlee
84,Oudemolsedijk,2021-05-20,20:00:00,37,30,7,FMN GV 18 Kasterlee
84,Oudemolsedijk,2021-05-20,21:00:00,4,2,2,FMN GV 18 Kasterlee
84,Oudemolsedijk,2021-05-20,22:00:00,5,3,2,FMN GV 18 Kasterlee
84,Oudemolsedijk,2021-05-20,23:00:00,1,1,0,FMN GV 18 Kasterlee
84,Oudemolsedijk,2021-05-21,00:00:00,0,0,0,FMN GV 18 Kasterlee
84,Oudemolsedijk,2021-05-21,01:00:00,0,0,0,FMN GV 18 Kasterlee
84,Oudemolsedijk,2021-05-21,02:00:00,0,0,0,FMN GV 18 Kasterlee
84,Oudemolsedijk,2021-05-21,03:00:00,0,0,0,FMN GV 18 Kasterlee
84,Oudemolsedijk,2021-05-21,04:00:00,1,0,1,FMN GV 18 Kasterlee
84,Oudemolsedijk,2021-05-21,05:00:00,1,1,0,FMN GV 18 Kasterlee
84,Oudemolsedijk,2021-05-21,06:00:00,12,4,8,FMN GV 18 Kasterlee
84,Oudemolsedijk,2021-05-21,07:00:00,10,3,7,FMN GV 18 Kasterlee
84,Oudemolsedijk,2021-05-21,08:00:00,12,8,4,FMN GV 18 Kasterlee
84,Oudemolsedijk,2021-05-21,09:00:00,8,5,3,FMN GV 18 Kasterlee
84,Oudemolsedijk,2021-05-21,10:00:00,12,8,4,FMN GV 18 Kasterlee
84,Oudemolsedijk,2021-05-21,11:00:00,3,0,3,FMN GV 18 Kasterlee
84,Oudemolsedijk,2021-05-21,12:00:00,8,5,3,FMN GV 18 Kasterlee
84,Oudemolsedijk,2021-05-21,13:00:00,14,8,6,FMN GV 18 Kasterlee
84,Oudemolsedijk,2021-05-21,14:00:00,17,9,8,FMN GV 18 Kasterlee
84,Oudemolsedijk,2021-05-21,15:00:00,11,6,5,FMN GV 18 Kasterlee
84,Oudemolsedijk,2021-05-21,16:00:00,23,13,10,FMN GV 18 Kasterlee
84,Oudemolsedijk,2021-05-21,17:00:00,11,5,6,FMN GV 18 Kasterlee
84,Oudemolsedijk,2021-05-21,18:00:00,7,4,3,FMN GV 18 Kasterlee
84,Oudemolsedijk,2021-05-21,19:00:00,1,0,1,FMN GV 18 Kasterlee
84,Oudemolsedijk,2021-05-21,20:00:00,3,0,3,FMN GV 18 Kasterlee
84,Oudemolsedijk,2021-05-21,21:00:00,0,0,0,FMN GV 18 Kasterlee
84,Oudemolsedijk,2021-05-21,22:00:00,3,2,1,FMN GV 18 Kasterlee
84,Oudemolsedijk,2021-05-21,23:00:00,0,0,0,FMN GV 18 Kasterlee
84,Oudemolsedijk,2021-05-22,00:00:00,0,0,0,FMN GV 18 Kasterlee
84,Oudemolsedijk,2021-05-22,01:00:00,1,0,1,FMN GV 18 Kasterlee
84,Oudemolsedijk,2021-05-22,02:00:00,0,0,0,FMN GV 18 Kasterlee
84,Oudemolsedijk,2021-05-22,03:00:00,0,0,0,FMN GV 18 Kasterlee
84,Oudemolsedijk,2021-05-22,04:00:00,0,0,0,FMN GV 18 Kasterlee
84,Oudemolsedijk,2021-05-22,05:00:00,0,0,0,FMN GV 18 Kasterlee
84,Oudemolsedijk,2021-05-22,06:00:00,1,1,0,FMN GV 18 Kasterlee
84,Oudemolsedijk,2021-05-22,07:00:00,2,1,1,FMN GV 18 Kasterlee
84,Oudemolsedijk,2021-05-22,08:00:00,1,0,1,FMN GV 18 Kasterlee
84,Oudemolsedijk,2021-05-22,09:00:00,1,1,0,FMN GV 18 Kasterlee
84,Oudemolsedijk,2021-05-22,10:00:00,11,10,1,FMN GV 18 Kasterlee
84,Oudemolsedijk,2021-05-22,11:00:00,12,9,3,FMN GV 18 Kasterlee
84,Oudemolsedijk,2021-05-22,12:00:00,4,1,3,FMN GV 18 Kasterlee
84,Oudemolsedijk,2021-05-22,13:00:00,3,2,1,FMN GV 18 Kasterlee
84,Oudemolsedijk,2021-05-22,14:00:00,7,6,1,FMN GV 18 Kasterlee
84,Oudemolsedijk,2021-05-22,15:00:00,1,1,0,FMN GV 18 Kasterlee
84,Oudemolsedijk,2021-05-22,16:00:00,5,2,3,FMN GV 18 Kasterlee
84,Oudemolsedijk,2021-05-22,17:00:00,5,2,3,FMN GV 18 Kasterlee
84,Oudemolsedijk,2021-05-22,18:00:00,1,0,1,FMN GV 18 Kasterlee
84,Oudemolsedijk,2021-05-22,19:00:00,1,1,0,FMN GV 18 Kasterlee
84,Oudemolsedijk,2021-05-22,20:00:00,0,0,0,FMN GV 18 Kasterlee
84,Oudemolsedijk,2021-05-22,21:00:00,5,3,2,FMN GV 18 Kasterlee
84,Oudemolsedijk,2021-05-22,22:00:00,0,0,0,FMN GV 18 Kasterlee
84,Oudemolsedijk,2021-05-22,23:00:00,0,0,0,FMN GV 18 Kasterlee
84,Oudemolsedijk,2021-05-23,00:00:00,0,0,0,FMN GV 18 Kasterlee
84,Oudemolsedijk,2021-05-23,01:00:00,0,0,0,FMN GV 18 Kasterlee
84,Oudemolsedijk,2021-05-23,02:00:00,0,0,0,FMN GV 18 Kasterlee
84,Oudemolsedijk,2021-05-23,03:00:00,0,0,0,FMN GV 18 Kasterlee
84,Oudemolsedijk,2021-05-23,04:00:00,1,1,0,FMN GV 18 Kasterlee
84,Oudemolsedijk,2021-05-23,05:00:00,0,0,0,FMN GV 18 Kasterlee
84,Oudemolsedijk,2021-05-23,06:00:00,1,0,1,FMN GV 18 Kasterlee
84,Oudemolsedijk,2021-05-23,07:00:00,12,6,6,FMN GV 18 Kasterlee
84,Oudemolsedijk,2021-05-23,08:00:00,57,12,45,FMN GV 18 Kasterlee
84,Oudemolsedijk,2021-05-23,09:00:00,69,23,46,FMN GV 18 Kasterlee
84,Oudemolsedijk,2021-05-23,10:00:00,122,56,66,FMN GV 18 Kasterlee
84,Oudemolsedijk,2021-05-23,11:00:00,133,73,60,FMN GV 18 Kasterlee
84,Oudemolsedijk,2021-05-23,12:00:00,89,61,28,FMN GV 18 Kasterlee
84,Oudemolsedijk,2021-05-23,13:00:00,92,36,56,FMN GV 18 Kasterlee
84,Oudemolsedijk,2021-05-23,14:00:00,87,40,47,FMN GV 18 Kasterlee
84,Oudemolsedijk,2021-05-23,15:00:00,109,59,50,FMN GV 18 Kasterlee
84,Oudemolsedijk,2021-05-23,16:00:00,104,74,30,FMN GV 18 Kasterlee
84,Oudemolsedijk,2021-05-23,17:00:00,46,25,21,FMN GV 18 Kasterlee
84,Oudemolsedijk,2021-05-23,18:00:00,25,13,12,FMN GV 18 Kasterlee
84,Oudemolsedijk,2021-05-23,19:00:00,17,6,11,FMN GV 18 Kasterlee
84,Oudemolsedijk,2021-05-23,20:00:00,4,3,1,FMN GV 18 Kasterlee
84,Oudemolsedijk,2021-05-23,21:00:00,3,1,2,FMN GV 18 Kasterlee
84,Oudemolsedijk,2021-05-23,22:00:00,0,0,0,FMN GV 18 Kasterlee
84,Oudemolsedijk,2021-05-23,23:00:00,1,1,0,FMN GV 18 Kasterlee
84,Oudemolsedijk,2021-05-24,00:00:00,0,0,0,FMN GV 18 Kasterlee
84,Oudemolsedijk,2021-05-24,01:00:00,0,0,0,FMN GV 18 Kasterlee
84,Oudemolsedijk,2021-05-24,02:00:00,1,1,0,FMN GV 18 Kasterlee
84,Oudemolsedijk,2021-05-24,03:00:00,0,0,0,FMN GV 18 Kasterlee
84,Oudemolsedijk,2021-05-24,04:00:00,0,0,0,FMN GV 18 Kasterlee
84,Oudemolsedijk,2021-05-24,05:00:00,0,0,0,FMN GV 18 Kasterlee
84,Oudemolsedijk,2021-05-24,06:00:00,1,0,1,FMN GV 18 Kasterlee
84,Oudemolsedijk,2021-05-24,07:00:00,3,1,2,FMN GV 18 Kasterlee
84,Oudemolsedijk,2021-05-24,08:00:00,2,1,1,FMN GV 18 Kasterlee
84,Oudemolsedijk,2021-05-24,09:00:00,1,1,0,FMN GV 18 Kasterlee
84,Oudemolsedijk,2021-05-24,10:00:00,9,1,8,FMN GV 18 Kasterlee
84,Oudemolsedijk,2021-05-24,11:00:00,9,7,2,FMN GV 18 Kasterlee
84,Oudemolsedijk,2021-05-24,12:00:00,2,0,2,FMN GV 18 Kasterlee
84,Oudemolsedijk,2021-05-24,13:00:00,6,4,2,FMN GV 18 Kasterlee
84,Oudemolsedijk,2021-05-24,14:00:00,18,6,12,FMN GV 18 Kasterlee
84,Oudemolsedijk,2021-05-24,15:00:00,12,6,6,FMN GV 18 Kasterlee
84,Oudemolsedijk,2021-05-24,16:00:00,19,9,10,FMN GV 18 Kasterlee
84,Oudemolsedijk,2021-05-24,17:00:00,14,9,5,FMN GV 18 Kasterlee
84,Oudemolsedijk,2021-05-24,18:00:00,4,3,1,FMN GV 18 Kasterlee
84,Oudemolsedijk,2021-05-24,19:00:00,1,0,1,FMN GV 18 Kasterlee
84,Oudemolsedijk,2021-05-24,20:00:00,0,0,0,FMN GV 18 Kasterlee
84,Oudemolsedijk,2021-05-24,21:00:00,0,0,0,FMN GV 18 Kasterlee
84,Oudemolsedijk,2021-05-24,22:00:00,1,0,1,FMN GV 18 Kasterlee
84,Oudemolsedijk,2021-05-24,23:00:00,0,0,0,FMN GV 18 Kasterlee
84,Oudemolsedijk,2021-05-25,00:00:00,0,0,0,FMN GV 18 Kasterlee
84,Oudemolsedijk,2021-05-25,01:00:00,0,0,0,FMN GV 18 Kasterlee
84,Oudemolsedijk,2021-05-25,02:00:00,0,0,0,FMN GV 18 Kasterlee
84,Oudemolsedijk,2021-05-25,03:00:00,0,0,0,FMN GV 18 Kasterlee
84,Oudemolsedijk,2021-05-25,04:00:00,1,1,0,FMN GV 18 Kasterlee
84,Oudemolsedijk,2021-05-25,05:00:00,5,4,1,FMN GV 18 Kasterlee
84,Oudemolsedijk,2021-05-25,06:00:00,7,1,6,FMN GV 18 Kasterlee
84,Oudemolsedijk,2021-05-25,07:00:00,8,3,5,FMN GV 18 Kasterlee
84,Oudemolsedijk,2021-05-25,08:00:00,12,4,8,FMN GV 18 Kasterlee
84,Oudemolsedijk,2021-05-25,09:00:00,17,16,1,FMN GV 18 Kasterlee
84,Oudemolsedijk,2021-05-25,10:00:00,17,10,7,FMN GV 18 Kasterlee
84,Oudemolsedijk,2021-05-25,11:00:00,3,1,2,FMN GV 18 Kasterlee
84,Oudemolsedijk,2021-05-25,12:00:00,3,2,1,FMN GV 18 Kasterlee
84,Oudemolsedijk,2021-05-25,13:00:00,10,5,5,FMN GV 18 Kasterlee
84,Oudemolsedijk,2021-05-25,14:00:00,7,1,6,FMN GV 18 Kasterlee
84,Oudemolsedijk,2021-05-25,15:00:00,36,14,22,FMN GV 18 Kasterlee
84,Oudemolsedijk,2021-05-25,16:00:00,14,8,6,FMN GV 18 Kasterlee
84,Oudemolsedijk,2021-05-25,17:00:00,14,5,9,FMN GV 18 Kasterlee
84,Oudemolsedijk,2021-05-25,18:00:00,4,2,2,FMN GV 18 Kasterlee
84,Oudemolsedijk,2021-05-25,19:00:00,2,2,0,FMN GV 18 Kasterlee
84,Oudemolsedijk,2021-05-25,20:00:00,3,1,2,FMN GV 18 Kasterlee
84,Oudemolsedijk,2021-05-25,21:00:00,1,0,1,FMN GV 18 Kasterlee
84,Oudemolsedijk,2021-05-25,22:00:00,2,2,0,FMN GV 18 Kasterlee
84,Oudemolsedijk,2021-05-25,23:00:00,0,0,0,FMN GV 18 Kasterlee
84,Oudemolsedijk,2021-05-26,00:00:00,0,0,0,FMN GV 18 Kasterlee
84,Oudemolsedijk,2021-05-26,01:00:00,0,0,0,FMN GV 18 Kasterlee
84,Oudemolsedijk,2021-05-26,02:00:00,0,0,0,FMN GV 18 Kasterlee
84,Oudemolsedijk,2021-05-26,03:00:00,0,0,0,FMN GV 18 Kasterlee
84,Oudemolsedijk,2021-05-26,04:00:00,1,1,0,FMN GV 18 Kasterlee
84,Oudemolsedijk,2021-05-26,05:00:00,5,4,1,FMN GV 18 Kasterlee
84,Oudemolsedijk,2021-05-26,06:00:00,10,5,5,FMN GV 18 Kasterlee
84,Oudemolsedijk,2021-05-26,07:00:00,11,6,5,FMN GV 18 Kasterlee
84,Oudemolsedijk,2021-05-26,08:00:00,15,9,6,FMN GV 18 Kasterlee
84,Oudemolsedijk,2021-05-26,09:00:00,20,14,6,FMN GV 18 Kasterlee
84,Oudemolsedijk,2021-05-26,10:00:00,26,11,15,FMN GV 18 Kasterlee
84,Oudemolsedijk,2021-05-26,11:00:00,13,9,4,FMN GV 18 Kasterlee
84,Oudemolsedijk,2021-05-26,12:00:00,19,9,10,FMN GV 18 Kasterlee
84,Oudemolsedijk,2021-05-26,13:00:00,25,13,12,FMN GV 18 Kasterlee
84,Oudemolsedijk,2021-05-26,14:00:00,19,3,16,FMN GV 18 Kasterlee
84,Oudemolsedijk,2021-05-26,15:00:00,22,12,10,FMN GV 18 Kasterlee
84,Oudemolsedijk,2021-05-26,16:00:00,27,10,17,FMN GV 18 Kasterlee
84,Oudemolsedijk,2021-05-26,17:00:00,18,10,8,FMN GV 18 Kasterlee
84,Oudemolsedijk,2021-05-26,18:00:00,21,13,8,FMN GV 18 Kasterlee
84,Oudemolsedijk,2021-05-26,19:00:00,26,13,13,FMN GV 18 Kasterlee
84,Oudemolsedijk,2021-05-26,20:00:00,26,17,9,FMN GV 18 Kasterlee
84,Oudemolsedijk,2021-05-26,21:00:00,8,4,4,FMN GV 18 Kasterlee
84,Oudemolsedijk,2021-05-26,22:00:00,1,1,0,FMN GV 18 Kasterlee
84,Oudemolsedijk,2021-05-26,23:00:00,0,0,0,FMN GV 18 Kasterlee
84,Oudemolsedijk,2021-05-27,00:00:00,0,0,0,FMN GV 18 Kasterlee
84,Oudemolsedijk,2021-05-27,01:00:00,0,0,0,FMN GV 18 Kasterlee
84,Oudemolsedijk,2021-05-27,02:00:00,0,0,0,FMN GV 18 Kasterlee
84,Oudemolsedijk,2021-05-27,03:00:00,0,0,0,FMN GV 18 Kasterlee
84,Oudemolsedijk,2021-05-27,04:00:00,2,2,0,FMN GV 18 Kasterlee
84,Oudemolsedijk,2021-05-27,05:00:00,4,4,0,FMN GV 18 Kasterlee
84,Oudemolsedijk,2021-05-27,06:00:00,16,9,7,FMN GV 18 Kasterlee
84,Oudemolsedijk,2021-05-27,07:00:00,17,11,6,FMN GV 18 Kasterlee
84,Oudemolsedijk,2021-05-27,08:00:00,97,18,79,FMN GV 18 Kasterlee
84,Oudemolsedijk,2021-05-27,09:00:00,16,2,14,FMN GV 18 Kasterlee
84,Oudemolsedijk,2021-05-27,10:00:00,13,4,9,FMN GV 18 Kasterlee
84,Oudemolsedijk,2021-05-27,11:00:00,16,6,10,FMN GV 18 Kasterlee
84,Oudemolsedijk,2021-05-27,12:00:00,26,13,13,FMN GV 18 Kasterlee
84,Oudemolsedijk,2021-05-27,13:00:00,71,19,52,FMN GV 18 Kasterlee
84,Oudemolsedijk,2021-05-27,14:00:00,65,30,35,FMN GV 18 Kasterlee
84,Oudemolsedijk,2021-05-27,15:00:00,63,24,39,FMN GV 18 Kasterlee
84,Oudemolsedijk,2021-05-27,16:00:00,139,106,33,FMN GV 18 Kasterlee
84,Oudemolsedijk,2021-05-27,17:00:00,31,15,16,FMN GV 18 Kasterlee
84,Oudemolsedijk,2021-05-27,18:00:00,21,13,8,FMN GV 18 Kasterlee
84,Oudemolsedijk,2021-05-27,19:00:00,40,20,20,FMN GV 18 Kasterlee
84,Oudemolsedijk,2021-05-27,20:00:00,12,2,10,FMN GV 18 Kasterlee
84,Oudemolsedijk,2021-05-27,21:00:00,6,1,5,FMN GV 18 Kasterlee
84,Oudemolsedijk,2021-05-27,22:00:00,1,0,1,FMN GV 18 Kasterlee
84,Oudemolsedijk,2021-05-27,23:00:00,0,0,0,FMN GV 18 Kasterlee
84,Oudemolsedijk,2021-05-28,00:00:00,0,0,0,FMN GV 18 Kasterlee
84,Oudemolsedijk,2021-05-28,01:00:00,0,0,0,FMN GV 18 Kasterlee
84,Oudemolsedijk,2021-05-28,02:00:00,0,0,0,FMN GV 18 Kasterlee
84,Oudemolsedijk,2021-05-28,03:00:00,0,0,0,FMN GV 18 Kasterlee
84,Oudemolsedijk,2021-05-28,04:00:00,1,1,0,FMN GV 18 Kasterlee
84,Oudemolsedijk,2021-05-28,05:00:00,5,5,0,FMN GV 18 Kasterlee
84,Oudemolsedijk,2021-05-28,06:00:00,11,3,8,FMN GV 18 Kasterlee
84,Oudemolsedijk,2021-05-28,07:00:00,13,7,6,FMN GV 18 Kasterlee
84,Oudemolsedijk,2021-05-28,08:00:00,21,16,5,FMN GV 18 Kasterlee
84,Oudemolsedijk,2021-05-28,09:00:00,18,8,10,FMN GV 18 Kasterlee
84,Oudemolsedijk,2021-05-28,10:00:00,30,19,11,FMN GV 18 Kasterlee
84,Oudemolsedijk,2021-05-28,11:00:00,40,20,20,FMN GV 18 Kasterlee
84,Oudemolsedijk,2021-05-28,12:00:00,30,10,20,FMN GV 18 Kasterlee
84,Oudemolsedijk,2021-05-28,13:00:00,62,19,43,FMN GV 18 Kasterlee
84,Oudemolsedijk,2021-05-28,14:00:00,118,49,69,FMN GV 18 Kasterlee
84,Oudemolsedijk,2021-05-28,15:00:00,122,77,45,FMN GV 18 Kasterlee
84,Oudemolsedijk,2021-05-28,16:00:00,88,50,38,FMN GV 18 Kasterlee
84,Oudemolsedijk,2021-05-28,17:00:00,58,41,17,FMN GV 18 Kasterlee
84,Oudemolsedijk,2021-05-28,18:00:00,48,24,24,FMN GV 18 Kasterlee
84,Oudemolsedijk,2021-05-28,19:00:00,26,10,16,FMN GV 18 Kasterlee
84,Oudemolsedijk,2021-05-28,20:00:00,30,15,15,FMN GV 18 Kasterlee
84,Oudemolsedijk,2021-05-28,21:00:00,7,4,3,FMN GV 18 Kasterlee
84,Oudemolsedijk,2021-05-28,22:00:00,2,0,2,FMN GV 18 Kasterlee
84,Oudemolsedijk,2021-05-28,23:00:00,1,0,1,FMN GV 18 Kasterlee
84,Oudemolsedijk,2021-05-29,00:00:00,0,0,0,FMN GV 18 Kasterlee
84,Oudemolsedijk,2021-05-29,01:00:00,0,0,0,FMN GV 18 Kasterlee
84,Oudemolsedijk,2021-05-29,02:00:00,0,0,0,FMN GV 18 Kasterlee
84,Oudemolsedijk,2021-05-29,03:00:00,0,0,0,FMN GV 18 Kasterlee
84,Oudemolsedijk,2021-05-29,04:00:00,0,0,0,FMN GV 18 Kasterlee
84,Oudemolsedijk,2021-05-29,05:00:00,1,0,1,FMN GV 18 Kasterlee
84,Oudemolsedijk,2021-05-29,06:00:00,6,1,5,FMN GV 18 Kasterlee
84,Oudemolsedijk,2021-05-29,07:00:00,4,3,1,FMN GV 18 Kasterlee
84,Oudemolsedijk,2021-05-29,08:00:00,10,8,2,FMN GV 18 Kasterlee
84,Oudemolsedijk,2021-05-29,09:00:00,18,5,13,FMN GV 18 Kasterlee
84,Oudemolsedijk,2021-05-29,10:00:00,56,21,35,FMN GV 18 Kasterlee
84,Oudemolsedijk,2021-05-29,11:00:00,93,57,36,FMN GV 18 Kasterlee
84,Oudemolsedijk,2021-05-29,12:00:00,95,51,44,FMN GV 18 Kasterlee
84,Oudemolsedijk,2021-05-29,13:00:00,143,73,70,FMN GV 18 Kasterlee
84,Oudemolsedijk,2021-05-29,14:00:00,188,90,98,FMN GV 18 Kasterlee
84,Oudemolsedijk,2021-05-29,15:00:00,145,90,55,FMN GV 18 Kasterlee
84,Oudemolsedijk,2021-05-29,16:00:00,107,57,50,FMN GV 18 Kasterlee
84,Oudemolsedijk,2021-05-29,17:00:00,59,28,31,FMN GV 18 Kasterlee
84,Oudemolsedijk,2021-05-29,18:00:00,47,33,14,FMN GV 18 Kasterlee
84,Oudemolsedijk,2021-05-29,19:00:00,21,16,5,FMN GV 18 Kasterlee
84,Oudemolsedijk,2021-05-29,20:00:00,11,9,2,FMN GV 18 Kasterlee
84,Oudemolsedijk,2021-05-29,21:00:00,9,4,5,FMN GV 18 Kasterlee
84,Oudemolsedijk,2021-05-29,22:00:00,4,3,1,FMN GV 18 Kasterlee
84,Oudemolsedijk,2021-05-29,23:00:00,1,1,0,FMN GV 18 Kasterlee
84,Oudemolsedijk,2021-05-30,00:00:00,0,0,0,FMN GV 18 Kasterlee
84,Oudemolsedijk,2021-05-30,01:00:00,1,0,1,FMN GV 18 Kasterlee
84,Oudemolsedijk,2021-05-30,02:00:00,0,0,0,FMN GV 18 Kasterlee
84,Oudemolsedijk,2021-05-30,03:00:00,1,0,1,FMN GV 18 Kasterlee
84,Oudemolsedijk,2021-05-30,04:00:00,0,0,0,FMN GV 18 Kasterlee
84,Oudemolsedijk,2021-05-30,05:00:00,0,0,0,FMN GV 18 Kasterlee
84,Oudemolsedijk,2021-05-30,06:00:00,0,0,0,FMN GV 18 Kasterlee
84,Oudemolsedijk,2021-05-30,07:00:00,12,2,10,FMN GV 18 Kasterlee
84,Oudemolsedijk,2021-05-30,08:00:00,65,29,36,FMN GV 18 Kasterlee
84,Oudemolsedijk,2021-05-30,09:00:00,175,83,92,FMN GV 18 Kasterlee
84,Oudemolsedijk,2021-05-30,10:00:00,156,78,78,FMN GV 18 Kasterlee
84,Oudemolsedijk,2021-05-30,11:00:00,214,116,98,FMN GV 18 Kasterlee
84,Oudemolsedijk,2021-05-30,12:00:00,162,79,83,FMN GV 18 Kasterlee
84,Oudemolsedijk,2021-05-30,13:00:00,183,79,104,FMN GV 18 Kasterlee
84,Oudemolsedijk,2021-05-30,14:00:00,326,133,193,FMN GV 18 Kasterlee
84,Oudemolsedijk,2021-05-30,15:00:00,265,135,130,FMN GV 18 Kasterlee
84,Oudemolsedijk,2021-05-30,16:00:00,167,96,71,FMN GV 18 Kasterlee
84,Oudemolsedijk,2021-05-30,17:00:00,108,57,51,FMN GV 18 Kasterlee
84,Oudemolsedijk,2021-05-30,18:00:00,63,44,19,FMN GV 18 Kasterlee
84,Oudemolsedijk,2021-05-30,19:00:00,28,9,19,FMN GV 18 Kasterlee
84,Oudemolsedijk,2021-05-30,20:00:00,17,13,4,FMN GV 18 Kasterlee
84,Oudemolsedijk,2021-05-30,21:00:00,19,17,2,FMN GV 18 Kasterlee
84,Oudemolsedijk,2021-05-30,22:00:00,2,1,1,FMN GV 18 Kasterlee
84,Oudemolsedijk,2021-05-30,23:00:00,1,0,1,FMN GV 18 Kasterlee
84,Oudemolsedijk,2021-05-31,00:00:00,0,0,0,FMN GV 18 Kasterlee
84,Oudemolsedijk,2021-05-31,01:00:00,0,0,0,FMN GV 18 Kasterlee
84,Oudemolsedijk,2021-05-31,02:00:00,0,0,0,FMN GV 18 Kasterlee
84,Oudemolsedijk,2021-05-31,03:00:00,0,0,0,FMN GV 18 Kasterlee
84,Oudemolsedijk,2021-05-31,04:00:00,0,0,0,FMN GV 18 Kasterlee
84,Oudemolsedijk,2021-05-31,05:00:00,3,3,0,FMN GV 18 Kasterlee
84,Oudemolsedijk,2021-05-31,06:00:00,25,14,11,FMN GV 18 Kasterlee
84,Oudemolsedijk,2021-05-31,07:00:00,26,11,15,FMN GV 18 Kasterlee
84,Oudemolsedijk,2021-05-31,08:00:00,19,13,6,FMN GV 18 Kasterlee
84,Oudemolsedijk,2021-05-31,09:00:00,13,7,6,FMN GV 18 Kasterlee
84,Oudemolsedijk,2021-05-31,10:00:00,23,13,10,FMN GV 18 Kasterlee
84,Oudemolsedijk,2021-05-31,11:00:00,31,18,13,FMN GV 18 Kasterlee
84,Oudemolsedijk,2021-05-31,12:00:00,50,23,27,FMN GV 18 Kasterlee
84,Oudemolsedijk,2021-05-31,13:00:00,93,34,59,FMN GV 18 Kasterlee
84,Oudemolsedijk,2021-05-31,14:00:00,154,85,69,FMN GV 18 Kasterlee
84,Oudemolsedijk,2021-05-31,15:00:00,97,53,44,FMN GV 18 Kasterlee
84,Oudemolsedijk,2021-05-31,16:00:00,126,68,58,FMN GV 18 Kasterlee
84,Oudemolsedijk,2021-05-31,17:00:00,69,39,30,FMN GV 18 Kasterlee
84,Oudemolsedijk,2021-05-31,18:00:00,41,18,23,FMN GV 18 Kasterlee
84,Oudemolsedijk,2021-05-31,19:00:00,41,17,24,FMN GV 18 Kasterlee
84,Oudemolsedijk,2021-05-31,20:00:00,50,21,29,FMN GV 18 Kasterlee
84,Oudemolsedijk,2021-05-31,21:00:00,11,8,3,FMN GV 18 Kasterlee
84,Oudemolsedijk,2021-05-31,22:00:00,15,2,13,FMN GV 18 Kasterlee
84,Oudemolsedijk,2021-05-31,23:00:00,0,0,0,FMN GV 18 Kasterlee
84,Oudemolsedijk,2021-06-01,00:00:00,0,0,0,FMN GV 18 Kasterlee
84,Oudemolsedijk,2021-06-01,01:00:00,0,0,0,FMN GV 18 Kasterlee
84,Oudemolsedijk,2021-06-01,02:00:00,0,0,0,FMN GV 18 Kasterlee
84,Oudemolsedijk,2021-06-01,03:00:00,0,0,0,FMN GV 18 Kasterlee
84,Oudemolsedijk,2021-06-01,04:00:00,1,1,0,FMN GV 18 Kasterlee
84,Oudemolsedijk,2021-06-01,05:00:00,2,2,0,FMN GV 18 Kasterlee
84,Oudemolsedijk,2021-06-01,06:00:00,20,4,16,FMN GV 18 Kasterlee
84,Oudemolsedijk,2021-06-01,07:00:00,32,18,14,FMN GV 18 Kasterlee
84,Oudemolsedijk,2021-06-01,08:00:00,32,14,18,FMN GV 18 Kasterlee
84,Oudemolsedijk,2021-06-01,09:00:00,26,14,12,FMN GV 18 Kasterlee
84,Oudemolsedijk,2021-06-01,10:00:00,52,14,38,FMN GV 18 Kasterlee
84,Oudemolsedijk,2021-06-01,11:00:00,30,17,13,FMN GV 18 Kasterlee
84,Oudemolsedijk,2021-06-01,12:00:00,81,40,41,FMN GV 18 Kasterlee
84,Oudemolsedijk,2021-06-01,13:00:00,104,36,68,FMN GV 18 Kasterlee
84,Oudemolsedijk,2021-06-01,14:00:00,161,88,73,FMN GV 18 Kasterlee
84,Oudemolsedijk,2021-06-01,15:00:00,157,96,61,FMN GV 18 Kasterlee
84,Oudemolsedijk,2021-06-01,16:00:00,152,74,78,FMN GV 18 Kasterlee
84,Oudemolsedijk,2021-06-01,17:00:00,59,20,39,FMN GV 18 Kasterlee
84,Oudemolsedijk,2021-06-01,18:00:00,58,23,35,FMN GV 18 Kasterlee
84,Oudemolsedijk,2021-06-01,19:00:00,59,30,29,FMN GV 18 Kasterlee
84,Oudemolsedijk,2021-06-01,20:00:00,69,28,41,FMN GV 18 Kasterlee
84,Oudemolsedijk,2021-06-01,21:00:00,20,16,4,FMN GV 18 Kasterlee
84,Oudemolsedijk,2021-06-01,22:00:00,16,8,8,FMN GV 18 Kasterlee
84,Oudemolsedijk,2021-06-01,23:00:00,2,1,1,FMN GV 18 Kasterlee
84,Oudemolsedijk,2021-06-02,00:00:00,0,0,0,FMN GV 18 Kasterlee
84,Oudemolsedijk,2021-06-02,01:00:00,1,1,0,FMN GV 18 Kasterlee
84,Oudemolsedijk,2021-06-02,02:00:00,0,0,0,FMN GV 18 Kasterlee
84,Oudemolsedijk,2021-06-02,03:00:00,1,0,1,FMN GV 18 Kasterlee
84,Oudemolsedijk,2021-06-02,04:00:00,0,0,0,FMN GV 18 Kasterlee
84,Oudemolsedijk,2021-06-02,05:00:00,2,1,1,FMN GV 18 Kasterlee
84,Oudemolsedijk,2021-06-02,06:00:00,23,8,15,FMN GV 18 Kasterlee
84,Oudemolsedijk,2021-06-02,07:00:00,33,18,15,FMN GV 18 Kasterlee
84,Oudemolsedijk,2021-06-02,08:00:00,29,22,7,FMN GV 18 Kasterlee
84,Oudemolsedijk,2021-06-02,09:00:00,39,13,26,FMN GV 18 Kasterlee
84,Oudemolsedijk,2021-06-02,10:00:00,57,18,39,FMN GV 18 Kasterlee
84,Oudemolsedijk,2021-06-02,11:00:00,45,26,19,FMN GV 18 Kasterlee
84,Oudemolsedijk,2021-06-02,12:00:00,77,32,45,FMN GV 18 Kasterlee
84,Oudemolsedijk,2021-06-02,13:00:00,85,33,52,FMN GV 18 Kasterlee
84,Oudemolsedijk,2021-06-02,14:00:00,134,63,71,FMN GV 18 Kasterlee
84,Oudemolsedijk,2021-06-02,15:00:00,145,87,58,FMN GV 18 Kasterlee
84,Oudemolsedijk,2021-06-02,16:00:00,105,60,45,FMN GV 18 Kasterlee
84,Oudemolsedijk,2021-06-02,17:00:00,74,35,39,FMN GV 18 Kasterlee
84,Oudemolsedijk,2021-06-02,18:00:00,95,51,44,FMN GV 18 Kasterlee
84,Oudemolsedijk,2021-06-02,19:00:00,52,27,25,FMN GV 18 Kasterlee
84,Oudemolsedijk,2021-06-02,20:00:00,107,62,45,FMN GV 18 Kasterlee
84,Oudemolsedijk,2021-06-02,21:00:00,42,25,17,FMN GV 18 Kasterlee
84,Oudemolsedijk,2021-06-02,22:00:00,10,2,8,FMN GV 18 Kasterlee
84,Oudemolsedijk,2021-06-02,23:00:00,1,1,0,FMN GV 18 Kasterlee
84,Oudemolsedijk,2021-06-03,00:00:00,2,0,2,FMN GV 18 Kasterlee
84,Oudemolsedijk,2021-06-03,01:00:00,0,0,0,FMN GV 18 Kasterlee
84,Oudemolsedijk,2021-06-03,02:00:00,0,0,0,FMN GV 18 Kasterlee
84,Oudemolsedijk,2021-06-03,03:00:00,0,0,0,FMN GV 18 Kasterlee
84,Oudemolsedijk,2021-06-03,04:00:00,0,0,0,FMN GV 18 Kasterlee
84,Oudemolsedijk,2021-06-03,05:00:00,2,2,0,FMN GV 18 Kasterlee
84,Oudemolsedijk,2021-06-03,06:00:00,17,4,13,FMN GV 18 Kasterlee
84,Oudemolsedijk,2021-06-03,07:00:00,26,12,14,FMN GV 18 Kasterlee
84,Oudemolsedijk,2021-06-03,08:00:00,20,11,9,FMN GV 18 Kasterlee
84,Oudemolsedijk,2021-06-03,09:00:00,20,9,11,FMN GV 18 Kasterlee
84,Oudemolsedijk,2021-06-03,10:00:00,32,6,26,FMN GV 18 Kasterlee
84,Oudemolsedijk,2021-06-03,11:00:00,24,10,14,FMN GV 18 Kasterlee
84,Oudemolsedijk,2021-06-03,12:00:00,32,16,16,FMN GV 18 Kasterlee
84,Oudemolsedijk,2021-06-03,13:00:00,39,20,19,FMN GV 18 Kasterlee
84,Oudemolsedijk,2021-06-03,14:00:00,48,18,30,FMN GV 18 Kasterlee
84,Oudemolsedijk,2021-06-03,15:00:00,60,20,40,FMN GV 18 Kasterlee
84,Oudemolsedijk,2021-06-03,16:00:00,65,43,22,FMN GV 18 Kasterlee
84,Oudemolsedijk,2021-06-03,17:00:00,31,13,18,FMN GV 18 Kasterlee
84,Oudemolsedijk,2021-06-03,18:00:00,35,30,5,FMN GV 18 Kasterlee
84,Oudemolsedijk,2021-06-03,19:00:00,41,19,22,FMN GV 18 Kasterlee
84,Oudemolsedijk,2021-06-03,20:00:00,21,7,14,FMN GV 18 Kasterlee
84,Oudemolsedijk,2021-06-03,21:00:00,8,6,2,FMN GV 18 Kasterlee
84,Oudemolsedijk,2021-06-03,22:00:00,7,0,7,FMN GV 18 Kasterlee
84,Oudemolsedijk,2021-06-03,23:00:00,0,0,0,FMN GV 18 Kasterlee
84,Oudemolsedijk,2021-06-04,00:00:00,0,0,0,FMN GV 18 Kasterlee
84,Oudemolsedijk,2021-06-04,01:00:00,0,0,0,FMN GV 18 Kasterlee
84,Oudemolsedijk,2021-06-04,02:00:00,0,0,0,FMN GV 18 Kasterlee
84,Oudemolsedijk,2021-06-04,03:00:00,1,1,0,FMN GV 18 Kasterlee
84,Oudemolsedijk,2021-06-04,04:00:00,1,1,0,FMN GV 18 Kasterlee
84,Oudemolsedijk,2021-06-04,05:00:00,2,2,0,FMN GV 18 Kasterlee
84,Oudemolsedijk,2021-06-04,06:00:00,17,4,13,FMN GV 18 Kasterlee
84,Oudemolsedijk,2021-06-04,07:00:00,24,11,13,FMN GV 18 Kasterlee
84,Oudemolsedijk,2021-06-04,08:00:00,21,12,9,FMN GV 18 Kasterlee
84,Oudemolsedijk,2021-06-04,09:00:00,20,6,14,FMN GV 18 Kasterlee
84,Oudemolsedijk,2021-06-04,10:00:00,61,35,26,FMN GV 18 Kasterlee
84,Oudemolsedijk,2021-06-04,11:00:00,44,17,27,FMN GV 18 Kasterlee
84,Oudemolsedijk,2021-06-04,12:00:00,33,19,14,FMN GV 18 Kasterlee
84,Oudemolsedijk,2021-06-04,13:00:00,48,17,31,FMN GV 18 Kasterlee
84,Oudemolsedijk,2021-06-04,14:00:00,54,22,32,FMN GV 18 Kasterlee
84,Oudemolsedijk,2021-06-04,15:00:00,52,29,23,FMN GV 18 Kasterlee
84,Oudemolsedijk,2021-06-04,16:00:00,37,22,15,FMN GV 18 Kasterlee
84,Oudemolsedijk,2021-06-04,17:00:00,8,3,5,FMN GV 18 Kasterlee
84,Oudemolsedijk,2021-06-04,18:00:00,9,5,4,FMN GV 18 Kasterlee
84,Oudemolsedijk,2021-06-04,19:00:00,2,1,1,FMN GV 18 Kasterlee
84,Oudemolsedijk,2021-06-04,20:00:00,3,1,2,FMN GV 18 Kasterlee
84,Oudemolsedijk,2021-06-04,21:00:00,0,0,0,FMN GV 18 Kasterlee
84,Oudemolsedijk,2021-06-04,22:00:00,1,1,0,FMN GV 18 Kasterlee
84,Oudemolsedijk,2021-06-04,23:00:00,2,2,0,FMN GV 18 Kasterlee
84,Oudemolsedijk,2021-06-05,00:00:00,0,0,0,FMN GV 18 Kasterlee
84,Oudemolsedijk,2021-06-05,01:00:00,1,0,1,FMN GV 18 Kasterlee
84,Oudemolsedijk,2021-06-05,02:00:00,0,0,0,FMN GV 18 Kasterlee
84,Oudemolsedijk,2021-06-05,03:00:00,0,0,0,FMN GV 18 Kasterlee
84,Oudemolsedijk,2021-06-05,04:00:00,0,0,0,FMN GV 18 Kasterlee
84,Oudemolsedijk,2021-06-05,05:00:00,0,0,0,FMN GV 18 Kasterlee
84,Oudemolsedijk,2021-06-05,06:00:00,1,0,1,FMN GV 18 Kasterlee
84,Oudemolsedijk,2021-06-05,07:00:00,1,1,0,FMN GV 18 Kasterlee
84,Oudemolsedijk,2021-06-05,08:00:00,14,7,7,FMN GV 18 Kasterlee
84,Oudemolsedijk,2021-06-05,09:00:00,13,10,3,FMN GV 18 Kasterlee
84,Oudemolsedijk,2021-06-05,10:00:00,16,6,10,FMN GV 18 Kasterlee
84,Oudemolsedijk,2021-06-05,11:00:00,23,13,10,FMN GV 18 Kasterlee
84,Oudemolsedijk,2021-06-05,12:00:00,30,15,15,FMN GV 18 Kasterlee
84,Oudemolsedijk,2021-06-05,13:00:00,41,21,20,FMN GV 18 Kasterlee
84,Oudemolsedijk,2021-06-05,14:00:00,76,33,43,FMN GV 18 Kasterlee
84,Oudemolsedijk,2021-06-05,15:00:00,54,31,23,FMN GV 18 Kasterlee
84,Oudemolsedijk,2021-06-05,16:00:00,59,39,20,FMN GV 18 Kasterlee
84,Oudemolsedijk,2021-06-05,17:00:00,47,30,17,FMN GV 18 Kasterlee
84,Oudemolsedijk,2021-06-05,18:00:00,19,5,14,FMN GV 18 Kasterlee
84,Oudemolsedijk,2021-06-05,19:00:00,11,9,2,FMN GV 18 Kasterlee
84,Oudemolsedijk,2021-06-05,20:00:00,8,3,5,FMN GV 18 Kasterlee
84,Oudemolsedijk,2021-06-05,21:00:00,1,0,1,FMN GV 18 Kasterlee
84,Oudemolsedijk,2021-06-05,22:00:00,0,0,0,FMN GV 18 Kasterlee
84,Oudemolsedijk,2021-06-05,23:00:00,2,2,0,FMN GV 18 Kasterlee
84,Oudemolsedijk,2021-06-06,00:00:00,0,0,0,FMN GV 18 Kasterlee
84,Oudemolsedijk,2021-06-06,01:00:00,1,0,1,FMN GV 18 Kasterlee
84,Oudemolsedijk,2021-06-06,02:00:00,0,0,0,FMN GV 18 Kasterlee
84,Oudemolsedijk,2021-06-06,03:00:00,0,0,0,FMN GV 18 Kasterlee
84,Oudemolsedijk,2021-06-06,04:00:00,0,0,0,FMN GV 18 Kasterlee
84,Oudemolsedijk,2021-06-06,05:00:00,0,0,0,FMN GV 18 Kasterlee
84,Oudemolsedijk,2021-06-06,06:00:00,4,0,4,FMN GV 18 Kasterlee
84,Oudemolsedijk,2021-06-06,07:00:00,18,7,11,FMN GV 18 Kasterlee
84,Oudemolsedijk,2021-06-06,08:00:00,60,33,27,FMN GV 18 Kasterlee
84,Oudemolsedijk,2021-06-06,09:00:00,163,106,57,FMN GV 18 Kasterlee
84,Oudemolsedijk,2021-06-06,10:00:00,199,111,88,FMN GV 18 Kasterlee
84,Oudemolsedijk,2021-06-06,11:00:00,211,97,114,FMN GV 18 Kasterlee
84,Oudemolsedijk,2021-06-06,12:00:00,130,53,77,FMN GV 18 Kasterlee
84,Oudemolsedijk,2021-06-06,13:00:00,210,88,122,FMN GV 18 Kasterlee
84,Oudemolsedijk,2021-06-06,14:00:00,246,119,127,FMN GV 18 Kasterlee
84,Oudemolsedijk,2021-06-06,15:00:00,214,117,97,FMN GV 18 Kasterlee
84,Oudemolsedijk,2021-06-06,16:00:00,168,82,86,FMN GV 18 Kasterlee
84,Oudemolsedijk,2021-06-06,17:00:00,135,83,52,FMN GV 18 Kasterlee
84,Oudemolsedijk,2021-06-06,18:00:00,41,17,24,FMN GV 18 Kasterlee
84,Oudemolsedijk,2021-06-06,19:00:00,42,16,26,FMN GV 18 Kasterlee
84,Oudemolsedijk,2021-06-06,20:00:00,23,16,7,FMN GV 18 Kasterlee
84,Oudemolsedijk,2021-06-06,21:00:00,1,1,0,FMN GV 18 Kasterlee
84,Oudemolsedijk,2021-06-06,22:00:00,2,1,1,FMN GV 18 Kasterlee
84,Oudemolsedijk,2021-06-06,23:00:00,0,0,0,FMN GV 18 Kasterlee
84,Oudemolsedijk,2021-06-07,00:00:00,0,0,0,FMN GV 18 Kasterlee
84,Oudemolsedijk,2021-06-07,01:00:00,0,0,0,FMN GV 18 Kasterlee
84,Oudemolsedijk,2021-06-07,02:00:00,0,0,0,FMN GV 18 Kasterlee
84,Oudemolsedijk,2021-06-07,03:00:00,0,0,0,FMN GV 18 Kasterlee
84,Oudemolsedijk,2021-06-07,04:00:00,1,1,0,FMN GV 18 Kasterlee
84,Oudemolsedijk,2021-06-07,05:00:00,7,7,0,FMN GV 18 Kasterlee
84,Oudemolsedijk,2021-06-07,06:00:00,20,7,13,FMN GV 18 Kasterlee
84,Oudemolsedijk,2021-06-07,07:00:00,31,18,13,FMN GV 18 Kasterlee
84,Oudemolsedijk,2021-06-07,08:00:00,21,14,7,FMN GV 18 Kasterlee
84,Oudemolsedijk,2021-06-07,09:00:00,21,11,10,FMN GV 18 Kasterlee
84,Oudemolsedijk,2021-06-07,10:00:00,35,17,18,FMN GV 18 Kasterlee
84,Oudemolsedijk,2021-06-07,11:00:00,34,21,13,FMN GV 18 Kasterlee
84,Oudemolsedijk,2021-06-07,12:00:00,43,17,26,FMN GV 18 Kasterlee
84,Oudemolsedijk,2021-06-07,13:00:00,80,27,53,FMN GV 18 Kasterlee
84,Oudemolsedijk,2021-06-07,14:00:00,101,42,59,FMN GV 18 Kasterlee
84,Oudemolsedijk,2021-06-07,15:00:00,110,58,52,FMN GV 18 Kasterlee
84,Oudemolsedijk,2021-06-07,16:00:00,103,49,54,FMN GV 18 Kasterlee
84,Oudemolsedijk,2021-06-07,17:00:00,57,29,28,FMN GV 18 Kasterlee
84,Oudemolsedijk,2021-06-07,18:00:00,42,25,17,FMN GV 18 Kasterlee
84,Oudemolsedijk,2021-06-07,19:00:00,46,28,18,FMN GV 18 Kasterlee
84,Oudemolsedijk,2021-06-07,20:00:00,30,24,6,FMN GV 18 Kasterlee
84,Oudemolsedijk,2021-06-07,21:00:00,7,7,0,FMN GV 18 Kasterlee
84,Oudemolsedijk,2021-06-07,22:00:00,11,1,10,FMN GV 18 Kasterlee
84,Oudemolsedijk,2021-06-07,23:00:00,0,0,0,FMN GV 18 Kasterlee
84,Oudemolsedijk,2021-06-08,00:00:00,0,0,0,FMN GV 18 Kasterlee
84,Oudemolsedijk,2021-06-08,01:00:00,0,0,0,FMN GV 18 Kasterlee
84,Oudemolsedijk,2021-06-08,02:00:00,1,0,1,FMN GV 18 Kasterlee
84,Oudemolsedijk,2021-06-08,03:00:00,0,0,0,FMN GV 18 Kasterlee
84,Oudemolsedijk,2021-06-08,04:00:00,3,3,0,FMN GV 18 Kasterlee
84,Oudemolsedijk,2021-06-08,05:00:00,4,4,0,FMN GV 18 Kasterlee
84,Oudemolsedijk,2021-06-08,06:00:00,24,5,19,FMN GV 18 Kasterlee
84,Oudemolsedijk,2021-06-08,07:00:00,30,13,17,FMN GV 18 Kasterlee
84,Oudemolsedijk,2021-06-08,08:00:00,28,16,12,FMN GV 18 Kasterlee
84,Oudemolsedijk,2021-06-08,09:00:00,24,13,11,FMN GV 18 Kasterlee
84,Oudemolsedijk,2021-06-08,10:00:00,38,20,18,FMN GV 18 Kasterlee
84,Oudemolsedijk,2021-06-08,11:00:00,30,17,13,FMN GV 18 Kasterlee
84,Oudemolsedijk,2021-06-08,12:00:00,85,43,42,FMN GV 18 Kasterlee
84,Oudemolsedijk,2021-06-08,13:00:00,115,40,75,FMN GV 18 Kasterlee
84,Oudemolsedijk,2021-06-08,14:00:00,163,107,56,FMN GV 18 Kasterlee
84,Oudemolsedijk,2021-06-08,15:00:00,118,62,56,FMN GV 18 Kasterlee
84,Oudemolsedijk,2021-06-08,16:00:00,107,66,41,FMN GV 18 Kasterlee
84,Oudemolsedijk,2021-06-08,17:00:00,72,44,28,FMN GV 18 Kasterlee
84,Oudemolsedijk,2021-06-08,18:00:00,61,36,25,FMN GV 18 Kasterlee
84,Oudemolsedijk,2021-06-08,19:00:00,75,34,41,FMN GV 18 Kasterlee
84,Oudemolsedijk,2021-06-08,20:00:00,50,30,20,FMN GV 18 Kasterlee
84,Oudemolsedijk,2021-06-08,21:00:00,26,14,12,FMN GV 18 Kasterlee
84,Oudemolsedijk,2021-06-08,22:00:00,9,3,6,FMN GV 18 Kasterlee
84,Oudemolsedijk,2021-06-08,23:00:00,1,1,0,FMN GV 18 Kasterlee
84,Oudemolsedijk,2021-06-09,00:00:00,0,0,0,FMN GV 18 Kasterlee
84,Oudemolsedijk,2021-06-09,01:00:00,0,0,0,FMN GV 18 Kasterlee
84,Oudemolsedijk,2021-06-09,02:00:00,1,0,1,FMN GV 18 Kasterlee
84,Oudemolsedijk,2021-06-09,03:00:00,0,0,0,FMN GV 18 Kasterlee
84,Oudemolsedijk,2021-06-09,04:00:00,2,2,0,FMN GV 18 Kasterlee
84,Oudemolsedijk,2021-06-09,05:00:00,3,3,0,FMN GV 18 Kasterlee
84,Oudemolsedijk,2021-06-09,06:00:00,19,7,12,FMN GV 18 Kasterlee
84,Oudemolsedijk,2021-06-09,07:00:00,27,11,16,FMN GV 18 Kasterlee
84,Oudemolsedijk,2021-06-09,08:00:00,25,14,11,FMN GV 18 Kasterlee
84,Oudemolsedijk,2021-06-09,09:00:00,23,8,15,FMN GV 18 Kasterlee
84,Oudemolsedijk,2021-06-09,10:00:00,33,20,13,FMN GV 18 Kasterlee
84,Oudemolsedijk,2021-06-09,11:00:00,36,12,24,FMN GV 18 Kasterlee
84,Oudemolsedijk,2021-06-09,12:00:00,43,21,22,FMN GV 18 Kasterlee
84,Oudemolsedijk,2021-06-09,13:00:00,59,27,32,FMN GV 18 Kasterlee
84,Oudemolsedijk,2021-06-09,14:00:00,137,59,78,FMN GV 18 Kasterlee
84,Oudemolsedijk,2021-06-09,15:00:00,142,69,73,FMN GV 18 Kasterlee
84,Oudemolsedijk,2021-06-09,16:00:00,79,58,21,FMN GV 18 Kasterlee
84,Oudemolsedijk,2021-06-09,17:00:00,67,31,36,FMN GV 18 Kasterlee
84,Oudemolsedijk,2021-06-09,18:00:00,62,48,14,FMN GV 18 Kasterlee
84,Oudemolsedijk,2021-06-09,19:00:00,68,23,45,FMN GV 18 Kasterlee
84,Oudemolsedijk,2021-06-09,20:00:00,68,45,23,FMN GV 18 Kasterlee
84,Oudemolsedijk,2021-06-09,21:00:00,20,8,12,FMN GV 18 Kasterlee
84,Oudemolsedijk,2021-06-09,22:00:00,11,6,5,FMN GV 18 Kasterlee
84,Oudemolsedijk,2021-06-09,23:00:00,0,0,0,FMN GV 18 Kasterlee
84,Oudemolsedijk,2021-06-10,00:00:00,0,0,0,FMN GV 18 Kasterlee
84,Oudemolsedijk,2021-06-10,01:00:00,0,0,0,FMN GV 18 Kasterlee
84,Oudemolsedijk,2021-06-10,02:00:00,0,0,0,FMN GV 18 Kasterlee
84,Oudemolsedijk,2021-06-10,03:00:00,0,0,0,FMN GV 18 Kasterlee
84,Oudemolsedijk,2021-06-10,04:00:00,4,4,0,FMN GV 18 Kasterlee
84,Oudemolsedijk,2021-06-10,05:00:00,4,3,1,FMN GV 18 Kasterlee
84,Oudemolsedijk,2021-06-10,06:00:00,23,10,13,FMN GV 18 Kasterlee
84,Oudemolsedijk,2021-06-10,07:00:00,32,17,15,FMN GV 18 Kasterlee
84,Oudemolsedijk,2021-06-10,08:00:00,27,17,10,FMN GV 18 Kasterlee
84,Oudemolsedijk,2021-06-10,09:00:00,36,12,24,FMN GV 18 Kasterlee
84,Oudemolsedijk,2021-06-10,10:00:00,42,26,16,FMN GV 18 Kasterlee
84,Oudemolsedijk,2021-06-10,11:00:00,30,17,13,FMN GV 18 Kasterlee
84,Oudemolsedijk,2021-06-10,12:00:00,50,25,25,FMN GV 18 Kasterlee
84,Oudemolsedijk,2021-06-10,13:00:00,64,34,30,FMN GV 18 Kasterlee
84,Oudemolsedijk,2021-06-10,14:00:00,69,29,40,FMN GV 18 Kasterlee
84,Oudemolsedijk,2021-06-10,15:00:00,120,58,62,FMN GV 18 Kasterlee
84,Oudemolsedijk,2021-06-10,16:00:00,108,65,43,FMN GV 18 Kasterlee
84,Oudemolsedijk,2021-06-10,17:00:00,55,28,27,FMN GV 18 Kasterlee
84,Oudemolsedijk,2021-06-10,18:00:00,48,24,24,FMN GV 18 Kasterlee
84,Oudemolsedijk,2021-06-10,19:00:00,65,31,34,FMN GV 18 Kasterlee
84,Oudemolsedijk,2021-06-10,20:00:00,57,25,32,FMN GV 18 Kasterlee
84,Oudemolsedijk,2021-06-10,21:00:00,13,4,9,FMN GV 18 Kasterlee
84,Oudemolsedijk,2021-06-10,22:00:00,5,3,2,FMN GV 18 Kasterlee
84,Oudemolsedijk,2021-06-10,23:00:00,0,0,0,FMN GV 18 Kasterlee
84,Oudemolsedijk,2021-06-11,00:00:00,0,0,0,FMN GV 18 Kasterlee
84,Oudemolsedijk,2021-06-11,01:00:00,0,0,0,FMN GV 18 Kasterlee
84,Oudemolsedijk,2021-06-11,02:00:00,1,0,1,FMN GV 18 Kasterlee
84,Oudemolsedijk,2021-06-11,03:00:00,1,1,0,FMN GV 18 Kasterlee
84,Oudemolsedijk,2021-06-11,04:00:00,3,3,0,FMN GV 18 Kasterlee
84,Oudemolsedijk,2021-06-11,05:00:00,4,4,0,FMN GV 18 Kasterlee
84,Oudemolsedijk,2021-06-11,06:00:00,13,4,9,FMN GV 18 Kasterlee
84,Oudemolsedijk,2021-06-11,07:00:00,25,13,12,FMN GV 18 Kasterlee
84,Oudemolsedijk,2021-06-11,08:00:00,27,14,13,FMN GV 18 Kasterlee
84,Oudemolsedijk,2021-06-11,09:00:00,23,10,13,FMN GV 18 Kasterlee
84,Oudemolsedijk,2021-06-11,10:00:00,50,20,30,FMN GV 18 Kasterlee
84,Oudemolsedijk,2021-06-11,11:00:00,56,20,36,FMN GV 18 Kasterlee
84,Oudemolsedijk,2021-06-11,12:00:00,42,24,18,FMN GV 18 Kasterlee
84,Oudemolsedijk,2021-06-11,13:00:00,86,43,43,FMN GV 18 Kasterlee
84,Oudemolsedijk,2021-06-11,14:00:00,77,34,43,FMN GV 18 Kasterlee
84,Oudemolsedijk,2021-06-11,15:00:00,112,53,59,FMN GV 18 Kasterlee
84,Oudemolsedijk,2021-06-11,16:00:00,90,45,45,FMN GV 18 Kasterlee
84,Oudemolsedijk,2021-06-11,17:00:00,53,36,17,FMN GV 18 Kasterlee
84,Oudemolsedijk,2021-06-11,18:00:00,34,26,8,FMN GV 18 Kasterlee
84,Oudemolsedijk,2021-06-11,19:00:00,23,12,11,FMN GV 18 Kasterlee
84,Oudemolsedijk,2021-06-11,20:00:00,28,11,17,FMN GV 18 Kasterlee
84,Oudemolsedijk,2021-06-11,21:00:00,18,13,5,FMN GV 18 Kasterlee
84,Oudemolsedijk,2021-06-11,22:00:00,2,1,1,FMN GV 18 Kasterlee
84,Oudemolsedijk,2021-06-11,23:00:00,6,4,2,FMN GV 18 Kasterlee
84,Oudemolsedijk,2021-06-12,00:00:00,3,1,2,FMN GV 18 Kasterlee
84,Oudemolsedijk,2021-06-12,01:00:00,0,0,0,FMN GV 18 Kasterlee
84,Oudemolsedijk,2021-06-12,02:00:00,0,0,0,FMN GV 18 Kasterlee
84,Oudemolsedijk,2021-06-12,03:00:00,0,0,0,FMN GV 18 Kasterlee
84,Oudemolsedijk,2021-06-12,04:00:00,0,0,0,FMN GV 18 Kasterlee
84,Oudemolsedijk,2021-06-12,05:00:00,1,0,1,FMN GV 18 Kasterlee
84,Oudemolsedijk,2021-06-12,06:00:00,9,2,7,FMN GV 18 Kasterlee
84,Oudemolsedijk,2021-06-12,07:00:00,14,9,5,FMN GV 18 Kasterlee
84,Oudemolsedijk,2021-06-12,08:00:00,19,4,15,FMN GV 18 Kasterlee
84,Oudemolsedijk,2021-06-12,09:00:00,53,8,45,FMN GV 18 Kasterlee
84,Oudemolsedijk,2021-06-12,10:00:00,50,23,27,FMN GV 18 Kasterlee
84,Oudemolsedijk,2021-06-12,11:00:00,63,22,41,FMN GV 18 Kasterlee
84,Oudemolsedijk,2021-06-12,12:00:00,53,20,33,FMN GV 18 Kasterlee
84,Oudemolsedijk,2021-06-12,13:00:00,90,46,44,FMN GV 18 Kasterlee
84,Oudemolsedijk,2021-06-12,14:00:00,116,51,65,FMN GV 18 Kasterlee
84,Oudemolsedijk,2021-06-12,15:00:00,77,45,32,FMN GV 18 Kasterlee
84,Oudemolsedijk,2021-06-12,16:00:00,67,39,28,FMN GV 18 Kasterlee
84,Oudemolsedijk,2021-06-12,17:00:00,64,35,29,FMN GV 18 Kasterlee
84,Oudemolsedijk,2021-06-12,18:00:00,19,10,9,FMN GV 18 Kasterlee
84,Oudemolsedijk,2021-06-12,19:00:00,18,9,9,FMN GV 18 Kasterlee
84,Oudemolsedijk,2021-06-12,20:00:00,2,2,0,FMN GV 18 Kasterlee
84,Oudemolsedijk,2021-06-12,21:00:00,2,1,1,FMN GV 18 Kasterlee
84,Oudemolsedijk,2021-06-12,22:00:00,1,1,0,FMN GV 18 Kasterlee
84,Oudemolsedijk,2021-06-12,23:00:00,1,0,1,FMN GV 18 Kasterlee
84,Oudemolsedijk,2021-06-13,00:00:00,1,1,0,FMN GV 18 Kasterlee
84,Oudemolsedijk,2021-06-13,01:00:00,1,0,1,FMN GV 18 Kasterlee
84,Oudemolsedijk,2021-06-13,02:00:00,1,0,1,FMN GV 18 Kasterlee
84,Oudemolsedijk,2021-06-13,03:00:00,0,0,0,FMN GV 18 Kasterlee
84,Oudemolsedijk,2021-06-13,04:00:00,2,1,1,FMN GV 18 Kasterlee
84,Oudemolsedijk,2021-06-13,05:00:00,0,0,0,FMN GV 18 Kasterlee
84,Oudemolsedijk,2021-06-13,06:00:00,1,1,0,FMN GV 18 Kasterlee
84,Oudemolsedijk,2021-06-13,07:00:00,12,4,8,FMN GV 18 Kasterlee
84,Oudemolsedijk,2021-06-13,08:00:00,72,12,60,FMN GV 18 Kasterlee
84,Oudemolsedijk,2021-06-13,09:00:00,94,55,39,FMN GV 18 Kasterlee
84,Oudemolsedijk,2021-06-13,10:00:00,180,107,73,FMN GV 18 Kasterlee
84,Oudemolsedijk,2021-06-13,11:00:00,265,111,154,FMN GV 18 Kasterlee
84,Oudemolsedijk,2021-06-13,12:00:00,115,56,59,FMN GV 18 Kasterlee
84,Oudemolsedijk,2021-06-13,13:00:00,174,91,83,FMN GV 18 Kasterlee
84,Oudemolsedijk,2021-06-13,14:00:00,264,109,155,FMN GV 18 Kasterlee
84,Oudemolsedijk,2021-06-13,15:00:00,262,136,126,FMN GV 18 Kasterlee
84,Oudemolsedijk,2021-06-13,16:00:00,173,110,63,FMN GV 18 Kasterlee
84,Oudemolsedijk,2021-06-13,17:00:00,97,47,50,FMN GV 18 Kasterlee
84,Oudemolsedijk,2021-06-13,18:00:00,52,21,31,FMN GV 18 Kasterlee
84,Oudemolsedijk,2021-06-13,19:00:00,29,21,8,FMN GV 18 Kasterlee
84,Oudemolsedijk,2021-06-13,20:00:00,29,17,12,FMN GV 18 Kasterlee
84,Oudemolsedijk,2021-06-13,21:00:00,6,3,3,FMN GV 18 Kasterlee
84,Oudemolsedijk,2021-06-13,22:00:00,2,1,1,FMN GV 18 Kasterlee
84,Oudemolsedijk,2021-06-13,23:00:00,0,0,0,FMN GV 18 Kasterlee
84,Oudemolsedijk,2021-06-14,00:00:00,0,0,0,FMN GV 18 Kasterlee
84,Oudemolsedijk,2021-06-14,01:00:00,1,0,1,FMN GV 18 Kasterlee
84,Oudemolsedijk,2021-06-14,02:00:00,0,0,0,FMN GV 18 Kasterlee
84,Oudemolsedijk,2021-06-14,03:00:00,0,0,0,FMN GV 18 Kasterlee
84,Oudemolsedijk,2021-06-14,04:00:00,0,0,0,FMN GV 18 Kasterlee
84,Oudemolsedijk,2021-06-14,05:00:00,6,3,3,FMN GV 18 Kasterlee
84,Oudemolsedijk,2021-06-14,06:00:00,19,8,11,FMN GV 18 Kasterlee
84,Oudemolsedijk,2021-06-14,07:00:00,25,12,13,FMN GV 18 Kasterlee
84,Oudemolsedijk,2021-06-14,08:00:00,18,11,7,FMN GV 18 Kasterlee
84,Oudemolsedijk,2021-06-14,09:00:00,17,9,8,FMN GV 18 Kasterlee
84,Oudemolsedijk,2021-06-14,10:00:00,31,8,23,FMN GV 18 Kasterlee
84,Oudemolsedijk,2021-06-14,11:00:00,34,18,16,FMN GV 18 Kasterlee
84,Oudemolsedijk,2021-06-14,12:00:00,48,24,24,FMN GV 18 Kasterlee
84,Oudemolsedijk,2021-06-14,13:00:00,69,42,27,FMN GV 18 Kasterlee
84,Oudemolsedijk,2021-06-14,14:00:00,92,51,41,FMN GV 18 Kasterlee
84,Oudemolsedijk,2021-06-14,15:00:00,107,60,47,FMN GV 18 Kasterlee
84,Oudemolsedijk,2021-06-14,16:00:00,93,39,54,FMN GV 18 Kasterlee
84,Oudemolsedijk,2021-06-14,17:00:00,52,25,27,FMN GV 18 Kasterlee
84,Oudemolsedijk,2021-06-14,18:00:00,26,15,11,FMN GV 18 Kasterlee
84,Oudemolsedijk,2021-06-14,19:00:00,40,13,27,FMN GV 18 Kasterlee
84,Oudemolsedijk,2021-06-14,20:00:00,62,42,20,FMN GV 18 Kasterlee
84,Oudemolsedijk,2021-06-14,21:00:00,17,8,9,FMN GV 18 Kasterlee
84,Oudemolsedijk,2021-06-14,22:00:00,10,1,9,FMN GV 18 Kasterlee
84,Oudemolsedijk,2021-06-14,23:00:00,0,0,0,FMN GV 18 Kasterlee
84,Oudemolsedijk,2021-06-15,00:00:00,0,0,0,FMN GV 18 Kasterlee
84,Oudemolsedijk,2021-06-15,01:00:00,0,0,0,FMN GV 18 Kasterlee
84,Oudemolsedijk,2021-06-15,02:00:00,0,0,0,FMN GV 18 Kasterlee
84,Oudemolsedijk,2021-06-15,03:00:00,0,0,0,FMN GV 18 Kasterlee
84,Oudemolsedijk,2021-06-15,04:00:00,2,0,2,FMN GV 18 Kasterlee
84,Oudemolsedijk,2021-06-15,05:00:00,3,3,0,FMN GV 18 Kasterlee
84,Oudemolsedijk,2021-06-15,06:00:00,15,7,8,FMN GV 18 Kasterlee
84,Oudemolsedijk,2021-06-15,07:00:00,31,17,14,FMN GV 18 Kasterlee
84,Oudemolsedijk,2021-06-15,08:00:00,39,16,23,FMN GV 18 Kasterlee
84,Oudemolsedijk,2021-06-15,09:00:00,32,16,16,FMN GV 18 Kasterlee
84,Oudemolsedijk,2021-06-15,10:00:00,47,30,17,FMN GV 18 Kasterlee
84,Oudemolsedijk,2021-06-15,11:00:00,48,21,27,FMN GV 18 Kasterlee
84,Oudemolsedijk,2021-06-15,12:00:00,44,30,14,FMN GV 18 Kasterlee
84,Oudemolsedijk,2021-06-15,13:00:00,108,42,66,FMN GV 18 Kasterlee
84,Oudemolsedijk,2021-06-15,14:00:00,153,88,65,FMN GV 18 Kasterlee
84,Oudemolsedijk,2021-06-15,15:00:00,83,46,37,FMN GV 18 Kasterlee
84,Oudemolsedijk,2021-06-15,16:00:00,116,59,57,FMN GV 18 Kasterlee
84,Oudemolsedijk,2021-06-15,17:00:00,60,33,27,FMN GV 18 Kasterlee
84,Oudemolsedijk,2021-06-15,18:00:00,66,39,27,FMN GV 18 Kasterlee
84,Oudemolsedijk,2021-06-15,19:00:00,60,32,28,FMN GV 18 Kasterlee
84,Oudemolsedijk,2021-06-15,20:00:00,45,25,20,FMN GV 18 Kasterlee
84,Oudemolsedijk,2021-06-15,21:00:00,39,21,18,FMN GV 18 Kasterlee
84,Oudemolsedijk,2021-06-15,22:00:00,5,2,3,FMN GV 18 Kasterlee
84,Oudemolsedijk,2021-06-15,23:00:00,3,2,1,FMN GV 18 Kasterlee
84,Oudemolsedijk,2021-06-16,00:00:00,1,0,1,FMN GV 18 Kasterlee
84,Oudemolsedijk,2021-06-16,01:00:00,0,0,0,FMN GV 18 Kasterlee
84,Oudemolsedijk,2021-06-16,02:00:00,0,0,0,FMN GV 18 Kasterlee
84,Oudemolsedijk,2021-06-16,03:00:00,0,0,0,FMN GV 18 Kasterlee
84,Oudemolsedijk,2021-06-16,04:00:00,1,1,0,FMN GV 18 Kasterlee
84,Oudemolsedijk,2021-06-16,05:00:00,5,5,0,FMN GV 18 Kasterlee
84,Oudemolsedijk,2021-06-16,06:00:00,15,6,9,FMN GV 18 Kasterlee
84,Oudemolsedijk,2021-06-16,07:00:00,36,22,14,FMN GV 18 Kasterlee
84,Oudemolsedijk,2021-06-16,08:00:00,27,16,11,FMN GV 18 Kasterlee
84,Oudemolsedijk,2021-06-16,09:00:00,29,15,14,FMN GV 18 Kasterlee
84,Oudemolsedijk,2021-06-16,10:00:00,49,23,26,FMN GV 18 Kasterlee
84,Oudemolsedijk,2021-06-16,11:00:00,66,31,35,FMN GV 18 Kasterlee
84,Oudemolsedijk,2021-06-16,12:00:00,37,19,18,FMN GV 18 Kasterlee
84,Oudemolsedijk,2021-06-16,13:00:00,50,22,28,FMN GV 18 Kasterlee
84,Oudemolsedijk,2021-06-16,14:00:00,66,32,34,FMN GV 18 Kasterlee
84,Oudemolsedijk,2021-06-16,15:00:00,41,20,21,FMN GV 18 Kasterlee
84,Oudemolsedijk,2021-06-16,16:00:00,64,34,30,FMN GV 18 Kasterlee
84,Oudemolsedijk,2021-06-16,17:00:00,33,18,15,FMN GV 18 Kasterlee
84,Oudemolsedijk,2021-06-16,18:00:00,31,18,13,FMN GV 18 Kasterlee
84,Oudemolsedijk,2021-06-16,19:00:00,77,38,39,FMN GV 18 Kasterlee
84,Oudemolsedijk,2021-06-16,20:00:00,64,44,20,FMN GV 18 Kasterlee
84,Oudemolsedijk,2021-06-16,21:00:00,28,16,12,FMN GV 18 Kasterlee
84,Oudemolsedijk,2021-06-16,22:00:00,10,2,8,FMN GV 18 Kasterlee
84,Oudemolsedijk,2021-06-16,23:00:00,3,2,1,FMN GV 18 Kasterlee
84,Oudemolsedijk,2021-06-17,00:00:00,3,2,1,FMN GV 18 Kasterlee
84,Oudemolsedijk,2021-06-17,01:00:00,0,0,0,FMN GV 18 Kasterlee
84,Oudemolsedijk,2021-06-17,02:00:00,0,0,0,FMN GV 18 Kasterlee
84,Oudemolsedijk,2021-06-17,03:00:00,2,0,2,FMN GV 18 Kasterlee
84,Oudemolsedijk,2021-06-17,04:00:00,0,0,0,FMN GV 18 Kasterlee
84,Oudemolsedijk,2021-06-17,05:00:00,3,2,1,FMN GV 18 Kasterlee
84,Oudemolsedijk,2021-06-17,06:00:00,19,8,11,FMN GV 18 Kasterlee
84,Oudemolsedijk,2021-06-17,07:00:00,31,16,15,FMN GV 18 Kasterlee
84,Oudemolsedijk,2021-06-17,08:00:00,39,12,27,FMN GV 18 Kasterlee
84,Oudemolsedijk,2021-06-17,09:00:00,48,15,33,FMN GV 18 Kasterlee
84,Oudemolsedijk,2021-06-17,10:00:00,36,20,16,FMN GV 18 Kasterlee
84,Oudemolsedijk,2021-06-17,11:00:00,51,30,21,FMN GV 18 Kasterlee
84,Oudemolsedijk,2021-06-17,12:00:00,26,14,12,FMN GV 18 Kasterlee
84,Oudemolsedijk,2021-06-17,13:00:00,52,20,32,FMN GV 18 Kasterlee
84,Oudemolsedijk,2021-06-17,14:00:00,50,24,26,FMN GV 18 Kasterlee
84,Oudemolsedijk,2021-06-17,15:00:00,54,30,24,FMN GV 18 Kasterlee
84,Oudemolsedijk,2021-06-17,16:00:00,48,26,22,FMN GV 18 Kasterlee
84,Oudemolsedijk,2021-06-17,17:00:00,25,14,11,FMN GV 18 Kasterlee
84,Oudemolsedijk,2021-06-17,18:00:00,13,8,5,FMN GV 18 Kasterlee
84,Oudemolsedijk,2021-06-17,19:00:00,20,13,7,FMN GV 18 Kasterlee
84,Oudemolsedijk,2021-06-17,20:00:00,29,16,13,FMN GV 18 Kasterlee
84,Oudemolsedijk,2021-06-17,21:00:00,8,2,6,FMN GV 18 Kasterlee
84,Oudemolsedijk,2021-06-17,22:00:00,7,2,5,FMN GV 18 Kasterlee
84,Oudemolsedijk,2021-06-17,23:00:00,2,1,1,FMN GV 18 Kasterlee
84,Oudemolsedijk,2021-06-18,00:00:00,0,0,0,FMN GV 18 Kasterlee
84,Oudemolsedijk,2021-06-18,01:00:00,0,0,0,FMN GV 18 Kasterlee
84,Oudemolsedijk,2021-06-18,02:00:00,0,0,0,FMN GV 18 Kasterlee
84,Oudemolsedijk,2021-06-18,03:00:00,27,13,14,FMN GV 18 Kasterlee
84,Oudemolsedijk,2021-06-18,04:00:00,31,19,12,FMN GV 18 Kasterlee
84,Oudemolsedijk,2021-06-18,05:00:00,8,2,6,FMN GV 18 Kasterlee
84,Oudemolsedijk,2021-06-18,06:00:00,6,2,4,FMN GV 18 Kasterlee
84,Oudemolsedijk,2021-06-18,07:00:00,19,9,10,FMN GV 18 Kasterlee
84,Oudemolsedijk,2021-06-18,08:00:00,22,7,15,FMN GV 18 Kasterlee
84,Oudemolsedijk,2021-06-18,09:00:00,11,7,4,FMN GV 18 Kasterlee
84,Oudemolsedijk,2021-06-18,10:00:00,23,6,17,FMN GV 18 Kasterlee
84,Oudemolsedijk,2021-06-18,11:00:00,35,17,18,FMN GV 18 Kasterlee
84,Oudemolsedijk,2021-06-18,12:00:00,33,17,16,FMN GV 18 Kasterlee
84,Oudemolsedijk,2021-06-18,13:00:00,51,20,31,FMN GV 18 Kasterlee
84,Oudemolsedijk,2021-06-18,14:00:00,34,22,12,FMN GV 18 Kasterlee
84,Oudemolsedijk,2021-06-18,15:00:00,39,15,24,FMN GV 18 Kasterlee
84,Oudemolsedijk,2021-06-18,16:00:00,40,24,16,FMN GV 18 Kasterlee
84,Oudemolsedijk,2021-06-18,17:00:00,32,20,12,FMN GV 18 Kasterlee
84,Oudemolsedijk,2021-06-18,18:00:00,8,1,7,FMN GV 18 Kasterlee
84,Oudemolsedijk,2021-06-18,19:00:00,20,9,11,FMN GV 18 Kasterlee
84,Oudemolsedijk,2021-06-18,20:00:00,6,5,1,FMN GV 18 Kasterlee
84,Oudemolsedijk,2021-06-18,21:00:00,7,1,6,FMN GV 18 Kasterlee
84,Oudemolsedijk,2021-06-18,22:00:00,5,3,2,FMN GV 18 Kasterlee
84,Oudemolsedijk,2021-06-18,23:00:00,8,6,2,FMN GV 18 Kasterlee
84,Oudemolsedijk,2021-06-19,00:00:00,1,0,1,FMN GV 18 Kasterlee
84,Oudemolsedijk,2021-06-19,01:00:00,1,0,1,FMN GV 18 Kasterlee
84,Oudemolsedijk,2021-06-19,02:00:00,0,0,0,FMN GV 18 Kasterlee
84,Oudemolsedijk,2021-06-19,03:00:00,2,1,1,FMN GV 18 Kasterlee
84,Oudemolsedijk,2021-06-19,04:00:00,1,1,0,FMN GV 18 Kasterlee
84,Oudemolsedijk,2021-06-19,05:00:00,0,0,0,FMN GV 18 Kasterlee
84,Oudemolsedijk,2021-06-19,06:00:00,4,0,4,FMN GV 18 Kasterlee
84,Oudemolsedijk,2021-06-19,07:00:00,5,3,2,FMN GV 18 Kasterlee
84,Oudemolsedijk,2021-06-19,08:00:00,10,3,7,FMN GV 18 Kasterlee
84,Oudemolsedijk,2021-06-19,09:00:00,25,9,16,FMN GV 18 Kasterlee
84,Oudemolsedijk,2021-06-19,10:00:00,45,21,24,FMN GV 18 Kasterlee
84,Oudemolsedijk,2021-06-19,11:00:00,43,25,18,FMN GV 18 Kasterlee
84,Oudemolsedijk,2021-06-19,12:00:00,52,17,35,FMN GV 18 Kasterlee
84,Oudemolsedijk,2021-06-19,13:00:00,83,33,50,FMN GV 18 Kasterlee
84,Oudemolsedijk,2021-06-19,14:00:00,143,68,75,FMN GV 18 Kasterlee
84,Oudemolsedijk,2021-06-19,15:00:00,136,52,84,FMN GV 18 Kasterlee
84,Oudemolsedijk,2021-06-19,16:00:00,94,47,47,FMN GV 18 Kasterlee
84,Oudemolsedijk,2021-06-19,17:00:00,46,22,24,FMN GV 18 Kasterlee
84,Oudemolsedijk,2021-06-19,18:00:00,41,30,11,FMN GV 18 Kasterlee
84,Oudemolsedijk,2021-06-19,19:00:00,13,7,6,FMN GV 18 Kasterlee
84,Oudemolsedijk,2021-06-19,20:00:00,11,4,7,FMN GV 18 Kasterlee
84,Oudemolsedijk,2021-06-19,21:00:00,8,8,0,FMN GV 18 Kasterlee
84,Oudemolsedijk,2021-06-19,22:00:00,5,3,2,FMN GV 18 Kasterlee
84,Oudemolsedijk,2021-06-19,23:00:00,2,2,0,FMN GV 18 Kasterlee
84,Oudemolsedijk,2021-06-20,00:00:00,0,0,0,FMN GV 18 Kasterlee
84,Oudemolsedijk,2021-06-20,01:00:00,1,0,1,FMN GV 18 Kasterlee
84,Oudemolsedijk,2021-06-20,02:00:00,0,0,0,FMN GV 18 Kasterlee
84,Oudemolsedijk,2021-06-20,03:00:00,0,0,0,FMN GV 18 Kasterlee
84,Oudemolsedijk,2021-06-20,04:00:00,5,4,1,FMN GV 18 Kasterlee
84,Oudemolsedijk,2021-06-20,05:00:00,0,0,0,FMN GV 18 Kasterlee
84,Oudemolsedijk,2021-06-20,06:00:00,5,2,3,FMN GV 18 Kasterlee
84,Oudemolsedijk,2021-06-20,07:00:00,12,2,10,FMN GV 18 Kasterlee
84,Oudemolsedijk,2021-06-20,08:00:00,60,20,40,FMN GV 18 Kasterlee
84,Oudemolsedijk,2021-06-20,09:00:00,117,38,79,FMN GV 18 Kasterlee
84,Oudemolsedijk,2021-06-20,10:00:00,114,75,39,FMN GV 18 Kasterlee
84,Oudemolsedijk,2021-06-20,11:00:00,138,76,62,FMN GV 18 Kasterlee
84,Oudemolsedijk,2021-06-20,12:00:00,98,42,56,FMN GV 18 Kasterlee
84,Oudemolsedijk,2021-06-20,13:00:00,113,52,61,FMN GV 18 Kasterlee
84,Oudemolsedijk,2021-06-20,14:00:00,170,69,101,FMN GV 18 Kasterlee
84,Oudemolsedijk,2021-06-20,15:00:00,124,61,63,FMN GV 18 Kasterlee
84,Oudemolsedijk,2021-06-20,16:00:00,145,78,67,FMN GV 18 Kasterlee
84,Oudemolsedijk,2021-06-20,17:00:00,55,37,18,FMN GV 18 Kasterlee
84,Oudemolsedijk,2021-06-20,18:00:00,34,15,19,FMN GV 18 Kasterlee
84,Oudemolsedijk,2021-06-20,19:00:00,32,25,7,FMN GV 18 Kasterlee
84,Oudemolsedijk,2021-06-20,20:00:00,21,12,9,FMN GV 18 Kasterlee
84,Oudemolsedijk,2021-06-20,21:00:00,7,1,6,FMN GV 18 Kasterlee
84,Oudemolsedijk,2021-06-20,22:00:00,1,0,1,FMN GV 18 Kasterlee
84,Oudemolsedijk,2021-06-20,23:00:00,1,0,1,FMN GV 18 Kasterlee
84,Oudemolsedijk,2021-06-21,00:00:00,0,0,0,FMN GV 18 Kasterlee
84,Oudemolsedijk,2021-06-21,01:00:00,0,0,0,FMN GV 18 Kasterlee
84,Oudemolsedijk,2021-06-21,02:00:00,0,0,0,FMN GV 18 Kasterlee
84,Oudemolsedijk,2021-06-21,03:00:00,1,0,1,FMN GV 18 Kasterlee
84,Oudemolsedijk,2021-06-21,04:00:00,5,3,2,FMN GV 18 Kasterlee
84,Oudemolsedijk,2021-06-21,05:00:00,3,3,0,FMN GV 18 Kasterlee
84,Oudemolsedijk,2021-06-21,06:00:00,4,0,4,FMN GV 18 Kasterlee
84,Oudemolsedijk,2021-06-21,07:00:00,6,3,3,FMN GV 18 Kasterlee
84,Oudemolsedijk,2021-06-21,08:00:00,6,5,1,FMN GV 18 Kasterlee
84,Oudemolsedijk,2021-06-21,09:00:00,1,1,0,FMN GV 18 Kasterlee
84,Oudemolsedijk,2021-06-21,10:00:00,3,2,1,FMN GV 18 Kasterlee
84,Oudemolsedijk,2021-06-21,11:00:00,27,2,25,FMN GV 18 Kasterlee
84,Oudemolsedijk,2021-06-21,12:00:00,6,6,0,FMN GV 18 Kasterlee
84,Oudemolsedijk,2021-06-21,13:00:00,11,6,5,FMN GV 18 Kasterlee
84,Oudemolsedijk,2021-06-21,14:00:00,37,19,18,FMN GV 18 Kasterlee
84,Oudemolsedijk,2021-06-21,15:00:00,19,9,10,FMN GV 18 Kasterlee
84,Oudemolsedijk,2021-06-21,16:00:00,41,22,19,FMN GV 18 Kasterlee
84,Oudemolsedijk,2021-06-21,17:00:00,24,4,20,FMN GV 18 Kasterlee
84,Oudemolsedijk,2021-06-21,18:00:00,9,4,5,FMN GV 18 Kasterlee
84,Oudemolsedijk,2021-06-21,19:00:00,8,6,2,FMN GV 18 Kasterlee
84,Oudemolsedijk,2021-06-21,20:00:00,6,3,3,FMN GV 18 Kasterlee
84,Oudemolsedijk,2021-06-21,21:00:00,0,0,0,FMN GV 18 Kasterlee
84,Oudemolsedijk,2021-06-21,22:00:00,3,0,3,FMN GV 18 Kasterlee
84,Oudemolsedijk,2021-06-21,23:00:00,1,1,0,FMN GV 18 Kasterlee
84,Oudemolsedijk,2021-06-22,00:00:00,0,0,0,FMN GV 18 Kasterlee
84,Oudemolsedijk,2021-06-22,01:00:00,0,0,0,FMN GV 18 Kasterlee
84,Oudemolsedijk,2021-06-22,02:00:00,0,0,0,FMN GV 18 Kasterlee
84,Oudemolsedijk,2021-06-22,03:00:00,0,0,0,FMN GV 18 Kasterlee
84,Oudemolsedijk,2021-06-22,04:00:00,1,1,0,FMN GV 18 Kasterlee
84,Oudemolsedijk,2021-06-22,05:00:00,6,6,0,FMN GV 18 Kasterlee
84,Oudemolsedijk,2021-06-22,06:00:00,11,2,9,FMN GV 18 Kasterlee
84,Oudemolsedijk,2021-06-22,07:00:00,20,8,12,FMN GV 18 Kasterlee
84,Oudemolsedijk,2021-06-22,08:00:00,12,8,4,FMN GV 18 Kasterlee
84,Oudemolsedijk,2021-06-22,09:00:00,10,0,10,FMN GV 18 Kasterlee
84,Oudemolsedijk,2021-06-22,10:00:00,6,3,3,FMN GV 18 Kasterlee
84,Oudemolsedijk,2021-06-22,11:00:00,20,18,2,FMN GV 18 Kasterlee
84,Oudemolsedijk,2021-06-22,12:00:00,9,2,7,FMN GV 18 Kasterlee
84,Oudemolsedijk,2021-06-22,13:00:00,32,9,23,FMN GV 18 Kasterlee
84,Oudemolsedijk,2021-06-22,14:00:00,41,21,20,FMN GV 18 Kasterlee
84,Oudemolsedijk,2021-06-22,15:00:00,21,14,7,FMN GV 18 Kasterlee
84,Oudemolsedijk,2021-06-22,16:00:00,21,10,11,FMN GV 18 Kasterlee
84,Oudemolsedijk,2021-06-22,17:00:00,15,7,8,FMN GV 18 Kasterlee
84,Oudemolsedijk,2021-06-22,18:00:00,3,3,0,FMN GV 18 Kasterlee
84,Oudemolsedijk,2021-06-22,19:00:00,6,6,0,FMN GV 18 Kasterlee
84,Oudemolsedijk,2021-06-22,20:00:00,3,1,2,FMN GV 18 Kasterlee
84,Oudemolsedijk,2021-06-22,21:00:00,4,1,3,FMN GV 18 Kasterlee
84,Oudemolsedijk,2021-06-22,22:00:00,2,0,2,FMN GV 18 Kasterlee
84,Oudemolsedijk,2021-06-22,23:00:00,0,0,0,FMN GV 18 Kasterlee
84,Oudemolsedijk,2021-06-23,00:00:00,0,0,0,FMN GV 18 Kasterlee
84,Oudemolsedijk,2021-06-23,01:00:00,0,0,0,FMN GV 18 Kasterlee
84,Oudemolsedijk,2021-06-23,02:00:00,0,0,0,FMN GV 18 Kasterlee
84,Oudemolsedijk,2021-06-23,03:00:00,0,0,0,FMN GV 18 Kasterlee
84,Oudemolsedijk,2021-06-23,04:00:00,1,1,0,FMN GV 18 Kasterlee
84,Oudemolsedijk,2021-06-23,05:00:00,6,5,1,FMN GV 18 Kasterlee
84,Oudemolsedijk,2021-06-23,06:00:00,9,4,5,FMN GV 18 Kasterlee
84,Oudemolsedijk,2021-06-23,07:00:00,18,11,7,FMN GV 18 Kasterlee
84,Oudemolsedijk,2021-06-23,08:00:00,12,6,6,FMN GV 18 Kasterlee
84,Oudemolsedijk,2021-06-23,09:00:00,10,5,5,FMN GV 18 Kasterlee
84,Oudemolsedijk,2021-06-23,10:00:00,36,16,20,FMN GV 18 Kasterlee
84,Oudemolsedijk,2021-06-23,11:00:00,15,6,9,FMN GV 18 Kasterlee
84,Oudemolsedijk,2021-06-23,12:00:00,38,17,21,FMN GV 18 Kasterlee
84,Oudemolsedijk,2021-06-23,13:00:00,62,23,39,FMN GV 18 Kasterlee
84,Oudemolsedijk,2021-06-23,14:00:00,56,22,34,FMN GV 18 Kasterlee
84,Oudemolsedijk,2021-06-23,15:00:00,76,36,40,FMN GV 18 Kasterlee
84,Oudemolsedijk,2021-06-23,16:00:00,45,22,23,FMN GV 18 Kasterlee
84,Oudemolsedijk,2021-06-23,17:00:00,30,19,11,FMN GV 18 Kasterlee
84,Oudemolsedijk,2021-06-23,18:00:00,48,35,13,FMN GV 18 Kasterlee
84,Oudemolsedijk,2021-06-23,19:00:00,71,41,30,FMN GV 18 Kasterlee
84,Oudemolsedijk,2021-06-23,20:00:00,53,26,27,FMN GV 18 Kasterlee
84,Oudemolsedijk,2021-06-23,21:00:00,32,24,8,FMN GV 18 Kasterlee
84,Oudemolsedijk,2021-06-23,22:00:00,4,0,4,FMN GV 18 Kasterlee
84,Oudemolsedijk,2021-06-23,23:00:00,0,0,0,FMN GV 18 Kasterlee
84,Oudemolsedijk,2021-06-24,00:00:00,0,0,0,FMN GV 18 Kasterlee
84,Oudemolsedijk,2021-06-24,01:00:00,0,0,0,FMN GV 18 Kasterlee
84,Oudemolsedijk,2021-06-24,02:00:00,0,0,0,FMN GV 18 Kasterlee
84,Oudemolsedijk,2021-06-24,03:00:00,0,0,0,FMN GV 18 Kasterlee
84,Oudemolsedijk,2021-06-24,04:00:00,2,2,0,FMN GV 18 Kasterlee
84,Oudemolsedijk,2021-06-24,05:00:00,8,8,0,FMN GV 18 Kasterlee
84,Oudemolsedijk,2021-06-24,06:00:00,17,8,9,FMN GV 18 Kasterlee
84,Oudemolsedijk,2021-06-24,07:00:00,22,14,8,FMN GV 18 Kasterlee
84,Oudemolsedijk,2021-06-24,08:00:00,24,15,9,FMN GV 18 Kasterlee
84,Oudemolsedijk,2021-06-24,09:00:00,28,7,21,FMN GV 18 Kasterlee
84,Oudemolsedijk,2021-06-24,10:00:00,45,23,22,FMN GV 18 Kasterlee
84,Oudemolsedijk,2021-06-24,11:00:00,22,15,7,FMN GV 18 Kasterlee
84,Oudemolsedijk,2021-06-24,12:00:00,30,17,13,FMN GV 18 Kasterlee
84,Oudemolsedijk,2021-06-24,13:00:00,81,47,34,FMN GV 18 Kasterlee
84,Oudemolsedijk,2021-06-24,14:00:00,115,67,48,FMN GV 18 Kasterlee
84,Oudemolsedijk,2021-06-24,15:00:00,82,46,36,FMN GV 18 Kasterlee
84,Oudemolsedijk,2021-06-24,16:00:00,75,43,32,FMN GV 18 Kasterlee
84,Oudemolsedijk,2021-06-24,17:00:00,41,14,27,FMN GV 18 Kasterlee
84,Oudemolsedijk,2021-06-24,18:00:00,41,17,24,FMN GV 18 Kasterlee
84,Oudemolsedijk,2021-06-24,19:00:00,52,25,27,FMN GV 18 Kasterlee
84,Oudemolsedijk,2021-06-24,20:00:00,47,34,13,FMN GV 18 Kasterlee
84,Oudemolsedijk,2021-06-24,21:00:00,33,24,9,FMN GV 18 Kasterlee
84,Oudemolsedijk,2021-06-24,22:00:00,3,1,2,FMN GV 18 Kasterlee
84,Oudemolsedijk,2021-06-24,23:00:00,4,1,3,FMN GV 18 Kasterlee
84,Oudemolsedijk,2021-06-25,00:00:00,0,0,0,FMN GV 18 Kasterlee
84,Oudemolsedijk,2021-06-25,01:00:00,1,1,0,FMN GV 18 Kasterlee
84,Oudemolsedijk,2021-06-25,02:00:00,0,0,0,FMN GV 18 Kasterlee
84,Oudemolsedijk,2021-06-25,03:00:00,0,0,0,FMN GV 18 Kasterlee
84,Oudemolsedijk,2021-06-25,04:00:00,5,1,4,FMN GV 18 Kasterlee
84,Oudemolsedijk,2021-06-25,05:00:00,5,5,0,FMN GV 18 Kasterlee
84,Oudemolsedijk,2021-06-25,06:00:00,13,3,10,FMN GV 18 Kasterlee
84,Oudemolsedijk,2021-06-25,07:00:00,19,8,11,FMN GV 18 Kasterlee
84,Oudemolsedijk,2021-06-25,08:00:00,19,17,2,FMN GV 18 Kasterlee
84,Oudemolsedijk,2021-06-25,09:00:00,18,9,9,FMN GV 18 Kasterlee
84,Oudemolsedijk,2021-06-25,10:00:00,52,34,18,FMN GV 18 Kasterlee
84,Oudemolsedijk,2021-06-25,11:00:00,35,19,16,FMN GV 18 Kasterlee
84,Oudemolsedijk,2021-06-25,12:00:00,36,10,26,FMN GV 18 Kasterlee
84,Oudemolsedijk,2021-06-25,13:00:00,66,42,24,FMN GV 18 Kasterlee
84,Oudemolsedijk,2021-06-25,14:00:00,71,17,54,FMN GV 18 Kasterlee
84,Oudemolsedijk,2021-06-25,15:00:00,55,36,19,FMN GV 18 Kasterlee
84,Oudemolsedijk,2021-06-25,16:00:00,55,32,23,FMN GV 18 Kasterlee
84,Oudemolsedijk,2021-06-25,17:00:00,23,10,13,FMN GV 18 Kasterlee
84,Oudemolsedijk,2021-06-25,18:00:00,12,7,5,FMN GV 18 Kasterlee
84,Oudemolsedijk,2021-06-25,19:00:00,4,1,3,FMN GV 18 Kasterlee
84,Oudemolsedijk,2021-06-25,20:00:00,12,5,7,FMN GV 18 Kasterlee
84,Oudemolsedijk,2021-06-25,21:00:00,5,1,4,FMN GV 18 Kasterlee
84,Oudemolsedijk,2021-06-25,22:00:00,4,3,1,FMN GV 18 Kasterlee
84,Oudemolsedijk,2021-06-25,23:00:00,1,0,1,FMN GV 18 Kasterlee
84,Oudemolsedijk,2021-06-26,00:00:00,1,0,1,FMN GV 18 Kasterlee
84,Oudemolsedijk,2021-06-26,01:00:00,1,0,1,FMN GV 18 Kasterlee
84,Oudemolsedijk,2021-06-26,02:00:00,2,2,0,FMN GV 18 Kasterlee
84,Oudemolsedijk,2021-06-26,03:00:00,0,0,0,FMN GV 18 Kasterlee
84,Oudemolsedijk,2021-06-26,04:00:00,0,0,0,FMN GV 18 Kasterlee
84,Oudemolsedijk,2021-06-26,05:00:00,0,0,0,FMN GV 18 Kasterlee
84,Oudemolsedijk,2021-06-26,06:00:00,4,3,1,FMN GV 18 Kasterlee
84,Oudemolsedijk,2021-06-26,07:00:00,3,0,3,FMN GV 18 Kasterlee
84,Oudemolsedijk,2021-06-26,08:00:00,20,4,16,FMN GV 18 Kasterlee
84,Oudemolsedijk,2021-06-26,09:00:00,34,7,27,FMN GV 18 Kasterlee
84,Oudemolsedijk,2021-06-26,10:00:00,48,24,24,FMN GV 18 Kasterlee
84,Oudemolsedijk,2021-06-26,11:00:00,57,21,36,FMN GV 18 Kasterlee
84,Oudemolsedijk,2021-06-26,12:00:00,64,34,30,FMN GV 18 Kasterlee
84,Oudemolsedijk,2021-06-26,13:00:00,102,38,64,FMN GV 18 Kasterlee
84,Oudemolsedijk,2021-06-26,14:00:00,109,44,65,FMN GV 18 Kasterlee
84,Oudemolsedijk,2021-06-26,15:00:00,88,47,41,FMN GV 18 Kasterlee
84,Oudemolsedijk,2021-06-26,16:00:00,54,26,28,FMN GV 18 Kasterlee
84,Oudemolsedijk,2021-06-26,17:00:00,44,30,14,FMN GV 18 Kasterlee
84,Oudemolsedijk,2021-06-26,18:00:00,22,16,6,FMN GV 18 Kasterlee
84,Oudemolsedijk,2021-06-26,19:00:00,18,12,6,FMN GV 18 Kasterlee
84,Oudemolsedijk,2021-06-26,20:00:00,37,9,28,FMN GV 18 Kasterlee
84,Oudemolsedijk,2021-06-26,21:00:00,9,6,3,FMN GV 18 Kasterlee
84,Oudemolsedijk,2021-06-26,22:00:00,2,0,2,FMN GV 18 Kasterlee
84,Oudemolsedijk,2021-06-26,23:00:00,4,2,2,FMN GV 18 Kasterlee
84,Oudemolsedijk,2021-06-27,00:00:00,0,0,0,FMN GV 18 Kasterlee
84,Oudemolsedijk,2021-06-27,01:00:00,3,1,2,FMN GV 18 Kasterlee
84,Oudemolsedijk,2021-06-27,02:00:00,0,0,0,FMN GV 18 Kasterlee
84,Oudemolsedijk,2021-06-27,03:00:00,0,0,0,FMN GV 18 Kasterlee
84,Oudemolsedijk,2021-06-27,04:00:00,0,0,0,FMN GV 18 Kasterlee
84,Oudemolsedijk,2021-06-27,05:00:00,0,0,0,FMN GV 18 Kasterlee
84,Oudemolsedijk,2021-06-27,06:00:00,2,0,2,FMN GV 18 Kasterlee
84,Oudemolsedijk,2021-06-27,07:00:00,15,3,12,FMN GV 18 Kasterlee
84,Oudemolsedijk,2021-06-27,08:00:00,68,5,63,FMN GV 18 Kasterlee
84,Oudemolsedijk,2021-06-27,09:00:00,96,50,46,FMN GV 18 Kasterlee
84,Oudemolsedijk,2021-06-27,10:00:00,218,116,102,FMN GV 18 Kasterlee
84,Oudemolsedijk,2021-06-27,11:00:00,205,94,111,FMN GV 18 Kasterlee
84,Oudemolsedijk,2021-06-27,12:00:00,109,57,52,FMN GV 18 Kasterlee
84,Oudemolsedijk,2021-06-27,13:00:00,144,66,78,FMN GV 18 Kasterlee
84,Oudemolsedijk,2021-06-27,14:00:00,167,93,74,FMN GV 18 Kasterlee
84,Oudemolsedijk,2021-06-27,15:00:00,124,73,51,FMN GV 18 Kasterlee
84,Oudemolsedijk,2021-06-27,16:00:00,31,13,18,FMN GV 18 Kasterlee
84,Oudemolsedijk,2021-06-27,17:00:00,24,17,7,FMN GV 18 Kasterlee
84,Oudemolsedijk,2021-06-27,18:00:00,6,6,0,FMN GV 18 Kasterlee
84,Oudemolsedijk,2021-06-27,19:00:00,2,1,1,FMN GV 18 Kasterlee
84,Oudemolsedijk,2021-06-27,20:00:00,1,0,1,FMN GV 18 Kasterlee
84,Oudemolsedijk,2021-06-27,21:00:00,1,0,1,FMN GV 18 Kasterlee
84,Oudemolsedijk,2021-06-27,22:00:00,0,0,0,FMN GV 18 Kasterlee
84,Oudemolsedijk,2021-06-27,23:00:00,0,0,0,FMN GV 18 Kasterlee
84,Oudemolsedijk,2021-06-28,00:00:00,2,0,2,FMN GV 18 Kasterlee
84,Oudemolsedijk,2021-06-28,01:00:00,1,0,1,FMN GV 18 Kasterlee
84,Oudemolsedijk,2021-06-28,02:00:00,1,1,0,FMN GV 18 Kasterlee
84,Oudemolsedijk,2021-06-28,03:00:00,0,0,0,FMN GV 18 Kasterlee
84,Oudemolsedijk,2021-06-28,04:00:00,0,0,0,FMN GV 18 Kasterlee
84,Oudemolsedijk,2021-06-28,05:00:00,3,3,0,FMN GV 18 Kasterlee
84,Oudemolsedijk,2021-06-28,06:00:00,10,2,8,FMN GV 18 Kasterlee
84,Oudemolsedijk,2021-06-28,07:00:00,13,7,6,FMN GV 18 Kasterlee
84,Oudemolsedijk,2021-06-28,08:00:00,10,8,2,FMN GV 18 Kasterlee
84,Oudemolsedijk,2021-06-28,09:00:00,16,3,13,FMN GV 18 Kasterlee
84,Oudemolsedijk,2021-06-28,10:00:00,21,13,8,FMN GV 18 Kasterlee
84,Oudemolsedijk,2021-06-28,11:00:00,5,3,2,FMN GV 18 Kasterlee
84,Oudemolsedijk,2021-06-28,12:00:00,9,7,2,FMN GV 18 Kasterlee
84,Oudemolsedijk,2021-06-28,13:00:00,8,4,4,FMN GV 18 Kasterlee
84,Oudemolsedijk,2021-06-28,14:00:00,23,12,11,FMN GV 18 Kasterlee
84,Oudemolsedijk,2021-06-28,15:00:00,29,12,17,FMN GV 18 Kasterlee
84,Oudemolsedijk,2021-06-28,16:00:00,31,13,18,FMN GV 18 Kasterlee
84,Oudemolsedijk,2021-06-28,17:00:00,23,15,8,FMN GV 18 Kasterlee
84,Oudemolsedijk,2021-06-28,18:00:00,12,2,10,FMN GV 18 Kasterlee
84,Oudemolsedijk,2021-06-28,19:00:00,34,25,9,FMN GV 18 Kasterlee
84,Oudemolsedijk,2021-06-28,20:00:00,24,13,11,FMN GV 18 Kasterlee
84,Oudemolsedijk,2021-06-28,21:00:00,4,3,1,FMN GV 18 Kasterlee
84,Oudemolsedijk,2021-06-28,22:00:00,4,0,4,FMN GV 18 Kasterlee
84,Oudemolsedijk,2021-06-28,23:00:00,0,0,0,FMN GV 18 Kasterlee
84,Oudemolsedijk,2021-06-29,00:00:00,1,0,1,FMN GV 18 Kasterlee
84,Oudemolsedijk,2021-06-29,01:00:00,0,0,0,FMN GV 18 Kasterlee
84,Oudemolsedijk,2021-06-29,02:00:00,1,1,0,FMN GV 18 Kasterlee
84,Oudemolsedijk,2021-06-29,03:00:00,0,0,0,FMN GV 18 Kasterlee
84,Oudemolsedijk,2021-06-29,04:00:00,0,0,0,FMN GV 18 Kasterlee
84,Oudemolsedijk,2021-06-29,05:00:00,1,1,0,FMN GV 18 Kasterlee
84,Oudemolsedijk,2021-06-29,06:00:00,15,6,9,FMN GV 18 Kasterlee
84,Oudemolsedijk,2021-06-29,07:00:00,13,4,9,FMN GV 18 Kasterlee
84,Oudemolsedijk,2021-06-29,08:00:00,13,4,9,FMN GV 18 Kasterlee
84,Oudemolsedijk,2021-06-29,09:00:00,48,45,3,FMN GV 18 Kasterlee
84,Oudemolsedijk,2021-06-29,10:00:00,34,24,10,FMN GV 18 Kasterlee
84,Oudemolsedijk,2021-06-29,11:00:00,26,17,9,FMN GV 18 Kasterlee
84,Oudemolsedijk,2021-06-29,12:00:00,26,14,12,FMN GV 18 Kasterlee
84,Oudemolsedijk,2021-06-29,13:00:00,105,48,57,FMN GV 18 Kasterlee
84,Oudemolsedijk,2021-06-29,14:00:00,94,27,67,FMN GV 18 Kasterlee
84,Oudemolsedijk,2021-06-29,15:00:00,56,33,23,FMN GV 18 Kasterlee
84,Oudemolsedijk,2021-06-29,16:00:00,48,15,33,FMN GV 18 Kasterlee
84,Oudemolsedijk,2021-06-29,17:00:00,26,12,14,FMN GV 18 Kasterlee
84,Oudemolsedijk,2021-06-29,18:00:00,18,12,6,FMN GV 18 Kasterlee
84,Oudemolsedijk,2021-06-29,19:00:00,51,31,20,FMN GV 18 Kasterlee
84,Oudemolsedijk,2021-06-29,20:00:00,48,30,18,FMN GV 18 Kasterlee
84,Oudemolsedijk,2021-06-29,21:00:00,12,5,7,FMN GV 18 Kasterlee
84,Oudemolsedijk,2021-06-29,22:00:00,10,2,8,FMN GV 18 Kasterlee
84,Oudemolsedijk,2021-06-29,23:00:00,0,0,0,FMN GV 18 Kasterlee
84,Oudemolsedijk,2021-06-30,00:00:00,1,0,1,FMN GV 18 Kasterlee
84,Oudemolsedijk,2021-06-30,01:00:00,0,0,0,FMN GV 18 Kasterlee
84,Oudemolsedijk,2021-06-30,02:00:00,0,0,0,FMN GV 18 Kasterlee
84,Oudemolsedijk,2021-06-30,03:00:00,0,0,0,FMN GV 18 Kasterlee
84,Oudemolsedijk,2021-06-30,04:00:00,0,0,0,FMN GV 18 Kasterlee
84,Oudemolsedijk,2021-06-30,05:00:00,0,0,0,FMN GV 18 Kasterlee
84,Oudemolsedijk,2021-06-30,06:00:00,8,2,6,FMN GV 18 Kasterlee
84,Oudemolsedijk,2021-06-30,07:00:00,5,3,2,FMN GV 18 Kasterlee
84,Oudemolsedijk,2021-06-30,08:00:00,3,1,2,FMN GV 18 Kasterlee
84,Oudemolsedijk,2021-06-30,09:00:00,1,1,0,FMN GV 18 Kasterlee
84,Oudemolsedijk,2021-06-30,10:00:00,11,6,5,FMN GV 18 Kasterlee
84,Oudemolsedijk,2021-06-30,11:00:00,2,1,1,FMN GV 18 Kasterlee
84,Oudemolsedijk,2021-06-30,12:00:00,4,3,1,FMN GV 18 Kasterlee
84,Oudemolsedijk,2021-06-30,13:00:00,11,6,5,FMN GV 18 Kasterlee
84,Oudemolsedijk,2021-06-30,14:00:00,6,4,2,FMN GV 18 Kasterlee
84,Oudemolsedijk,2021-06-30,15:00:00,12,8,4,FMN GV 18 Kasterlee
84,Oudemolsedijk,2021-06-30,16:00:00,12,3,9,FMN GV 18 Kasterlee
84,Oudemolsedijk,2021-06-30,17:00:00,5,2,3,FMN GV 18 Kasterlee
84,Oudemolsedijk,2021-06-30,18:00:00,8,4,4,FMN GV 18 Kasterlee
84,Oudemolsedijk,2021-06-30,19:00:00,6,2,4,FMN GV 18 Kasterlee
84,Oudemolsedijk,2021-06-30,20:00:00,6,6,0,FMN GV 18 Kasterlee
84,Oudemolsedijk,2021-06-30,21:00:00,2,0,2,FMN GV 18 Kasterlee
84,Oudemolsedijk,2021-06-30,22:00:00,4,0,4,FMN GV 18 Kasterlee
84,Oudemolsedijk,2021-06-30,23:00:00,0,0,0,FMN GV 18 Kasterlee
84,Oudemolsedijk,2021-07-01,00:00:00,1,0,1,FMN GV 18 Kasterlee
84,Oudemolsedijk,2021-07-01,01:00:00,0,0,0,FMN GV 18 Kasterlee
84,Oudemolsedijk,2021-07-01,02:00:00,0,0,0,FMN GV 18 Kasterlee
84,Oudemolsedijk,2021-07-01,03:00:00,0,0,0,FMN GV 18 Kasterlee
84,Oudemolsedijk,2021-07-01,04:00:00,0,0,0,FMN GV 18 Kasterlee
84,Oudemolsedijk,2021-07-01,05:00:00,3,3,0,FMN GV 18 Kasterlee
84,Oudemolsedijk,2021-07-01,06:00:00,15,7,8,FMN GV 18 Kasterlee
84,Oudemolsedijk,2021-07-01,07:00:00,15,7,8,FMN GV 18 Kasterlee
84,Oudemolsedijk,2021-07-01,08:00:00,7,3,4,FMN GV 18 Kasterlee
84,Oudemolsedijk,2021-07-01,09:00:00,13,5,8,FMN GV 18 Kasterlee
84,Oudemolsedijk,2021-07-01,10:00:00,18,9,9,FMN GV 18 Kasterlee
84,Oudemolsedijk,2021-07-01,11:00:00,26,10,16,FMN GV 18 Kasterlee
84,Oudemolsedijk,2021-07-01,12:00:00,30,16,14,FMN GV 18 Kasterlee
84,Oudemolsedijk,2021-07-01,13:00:00,49,30,19,FMN GV 18 Kasterlee
84,Oudemolsedijk,2021-07-01,14:00:00,60,33,27,FMN GV 18 Kasterlee
84,Oudemolsedijk,2021-07-01,15:00:00,45,30,15,FMN GV 18 Kasterlee
84,Oudemolsedijk,2021-07-01,16:00:00,46,27,19,FMN GV 18 Kasterlee
84,Oudemolsedijk,2021-07-01,17:00:00,22,9,13,FMN GV 18 Kasterlee
84,Oudemolsedijk,2021-07-01,18:00:00,15,8,7,FMN GV 18 Kasterlee
84,Oudemolsedijk,2021-07-01,19:00:00,33,16,17,FMN GV 18 Kasterlee
84,Oudemolsedijk,2021-07-01,20:00:00,22,20,2,FMN GV 18 Kasterlee
84,Oudemolsedijk,2021-07-01,21:00:00,4,3,1,FMN GV 18 Kasterlee
84,Oudemolsedijk,2021-07-01,22:00:00,8,1,7,FMN GV 18 Kasterlee
84,Oudemolsedijk,2021-07-01,23:00:00,1,0,1,FMN GV 18 Kasterlee
84,Oudemolsedijk,2021-07-02,00:00:00,0,0,0,FMN GV 18 Kasterlee
84,Oudemolsedijk,2021-07-02,01:00:00,0,0,0,FMN GV 18 Kasterlee
84,Oudemolsedijk,2021-07-02,02:00:00,0,0,0,FMN GV 18 Kasterlee
84,Oudemolsedijk,2021-07-02,03:00:00,1,0,1,FMN GV 18 Kasterlee
84,Oudemolsedijk,2021-07-02,04:00:00,0,0,0,FMN GV 18 Kasterlee
84,Oudemolsedijk,2021-07-02,05:00:00,4,4,0,FMN GV 18 Kasterlee
84,Oudemolsedijk,2021-07-02,06:00:00,15,6,9,FMN GV 18 Kasterlee
84,Oudemolsedijk,2021-07-02,07:00:00,32,12,20,FMN GV 18 Kasterlee
84,Oudemolsedijk,2021-07-02,08:00:00,11,7,4,FMN GV 18 Kasterlee
84,Oudemolsedijk,2021-07-02,09:00:00,14,5,9,FMN GV 18 Kasterlee
84,Oudemolsedijk,2021-07-02,10:00:00,41,28,13,FMN GV 18 Kasterlee
84,Oudemolsedijk,2021-07-02,11:00:00,26,16,10,FMN GV 18 Kasterlee
84,Oudemolsedijk,2021-07-02,12:00:00,32,20,12,FMN GV 18 Kasterlee
84,Oudemolsedijk,2021-07-02,13:00:00,67,39,28,FMN GV 18 Kasterlee
84,Oudemolsedijk,2021-07-02,14:00:00,106,46,60,FMN GV 18 Kasterlee
84,Oudemolsedijk,2021-07-02,15:00:00,85,55,30,FMN GV 18 Kasterlee
84,Oudemolsedijk,2021-07-02,16:00:00,67,41,26,FMN GV 18 Kasterlee
84,Oudemolsedijk,2021-07-02,17:00:00,59,35,24,FMN GV 18 Kasterlee
84,Oudemolsedijk,2021-07-02,18:00:00,31,16,15,FMN GV 18 Kasterlee
84,Oudemolsedijk,2021-07-02,19:00:00,11,4,7,FMN GV 18 Kasterlee
84,Oudemolsedijk,2021-07-02,20:00:00,14,6,8,FMN GV 18 Kasterlee
84,Oudemolsedijk,2021-07-02,21:00:00,5,1,4,FMN GV 18 Kasterlee
84,Oudemolsedijk,2021-07-02,22:00:00,3,1,2,FMN GV 18 Kasterlee
84,Oudemolsedijk,2021-07-02,23:00:00,1,0,1,FMN GV 18 Kasterlee
84,Oudemolsedijk,2021-07-03,00:00:00,0,0,0,FMN GV 18 Kasterlee
84,Oudemolsedijk,2021-07-03,01:00:00,4,1,3,FMN GV 18 Kasterlee
84,Oudemolsedijk,2021-07-03,02:00:00,0,0,0,FMN GV 18 Kasterlee
84,Oudemolsedijk,2021-07-03,03:00:00,0,0,0,FMN GV 18 Kasterlee
84,Oudemolsedijk,2021-07-03,04:00:00,2,1,1,FMN GV 18 Kasterlee
84,Oudemolsedijk,2021-07-03,05:00:00,0,0,0,FMN GV 18 Kasterlee
84,Oudemolsedijk,2021-07-03,06:00:00,4,1,3,FMN GV 18 Kasterlee
84,Oudemolsedijk,2021-07-03,07:00:00,5,1,4,FMN GV 18 Kasterlee
84,Oudemolsedijk,2021-07-03,08:00:00,11,6,5,FMN GV 18 Kasterlee
84,Oudemolsedijk,2021-07-03,09:00:00,32,13,19,FMN GV 18 Kasterlee
84,Oudemolsedijk,2021-07-03,10:00:00,45,16,29,FMN GV 18 Kasterlee
84,Oudemolsedijk,2021-07-03,11:00:00,66,39,27,FMN GV 18 Kasterlee
84,Oudemolsedijk,2021-07-03,12:00:00,32,18,14,FMN GV 18 Kasterlee
84,Oudemolsedijk,2021-07-03,13:00:00,38,19,19,FMN GV 18 Kasterlee
84,Oudemolsedijk,2021-07-03,14:00:00,96,51,45,FMN GV 18 Kasterlee
84,Oudemolsedijk,2021-07-03,15:00:00,45,32,13,FMN GV 18 Kasterlee
84,Oudemolsedijk,2021-07-03,16:00:00,70,46,24,FMN GV 18 Kasterlee
84,Oudemolsedijk,2021-07-03,17:00:00,24,15,9,FMN GV 18 Kasterlee
84,Oudemolsedijk,2021-07-03,18:00:00,4,2,2,FMN GV 18 Kasterlee
84,Oudemolsedijk,2021-07-03,19:00:00,1,1,0,FMN GV 18 Kasterlee
84,Oudemolsedijk,2021-07-03,20:00:00,2,0,2,FMN GV 18 Kasterlee
84,Oudemolsedijk,2021-07-03,21:00:00,0,0,0,FMN GV 18 Kasterlee
84,Oudemolsedijk,2021-07-03,22:00:00,2,0,2,FMN GV 18 Kasterlee
84,Oudemolsedijk,2021-07-03,23:00:00,0,0,0,FMN GV 18 Kasterlee
84,Oudemolsedijk,2021-07-04,00:00:00,0,0,0,FMN GV 18 Kasterlee
84,Oudemolsedijk,2021-07-04,01:00:00,1,0,1,FMN GV 18 Kasterlee
84,Oudemolsedijk,2021-07-04,02:00:00,2,1,1,FMN GV 18 Kasterlee
84,Oudemolsedijk,2021-07-04,03:00:00,0,0,0,FMN GV 18 Kasterlee
84,Oudemolsedijk,2021-07-04,04:00:00,0,0,0,FMN GV 18 Kasterlee
84,Oudemolsedijk,2021-07-04,05:00:00,0,0,0,FMN GV 18 Kasterlee
84,Oudemolsedijk,2021-07-04,06:00:00,3,3,0,FMN GV 18 Kasterlee
84,Oudemolsedijk,2021-07-04,07:00:00,8,1,7,FMN GV 18 Kasterlee
84,Oudemolsedijk,2021-07-04,08:00:00,63,27,36,FMN GV 18 Kasterlee
84,Oudemolsedijk,2021-07-04,09:00:00,84,38,46,FMN GV 18 Kasterlee
84,Oudemolsedijk,2021-07-04,10:00:00,145,86,59,FMN GV 18 Kasterlee
84,Oudemolsedijk,2021-07-04,11:00:00,108,53,55,FMN GV 18 Kasterlee
84,Oudemolsedijk,2021-07-04,12:00:00,40,21,19,FMN GV 18 Kasterlee
84,Oudemolsedijk,2021-07-04,13:00:00,41,24,17,FMN GV 18 Kasterlee
84,Oudemolsedijk,2021-07-04,14:00:00,16,11,5,FMN GV 18 Kasterlee
84,Oudemolsedijk,2021-07-04,15:00:00,10,8,2,FMN GV 18 Kasterlee
84,Oudemolsedijk,2021-07-04,16:00:00,9,5,4,FMN GV 18 Kasterlee
84,Oudemolsedijk,2021-07-04,17:00:00,19,9,10,FMN GV 18 Kasterlee
84,Oudemolsedijk,2021-07-04,18:00:00,14,5,9,FMN GV 18 Kasterlee
84,Oudemolsedijk,2021-07-04,19:00:00,9,5,4,FMN GV 18 Kasterlee
84,Oudemolsedijk,2021-07-04,20:00:00,18,12,6,FMN GV 18 Kasterlee
84,Oudemolsedijk,2021-07-04,21:00:00,10,1,9,FMN GV 18 Kasterlee
84,Oudemolsedijk,2021-07-04,22:00:00,1,1,0,FMN GV 18 Kasterlee
84,Oudemolsedijk,2021-07-04,23:00:00,1,0,1,FMN GV 18 Kasterlee
84,Oudemolsedijk,2021-07-05,00:00:00,7,0,7,FMN GV 18 Kasterlee
84,Oudemolsedijk,2021-07-05,01:00:00,3,1,2,FMN GV 18 Kasterlee
84,Oudemolsedijk,2021-07-05,02:00:00,0,0,0,FMN GV 18 Kasterlee
84,Oudemolsedijk,2021-07-05,03:00:00,0,0,0,FMN GV 18 Kasterlee
84,Oudemolsedijk,2021-07-05,04:00:00,0,0,0,FMN GV 18 Kasterlee
84,Oudemolsedijk,2021-07-05,05:00:00,5,5,0,FMN GV 18 Kasterlee
84,Oudemolsedijk,2021-07-05,06:00:00,14,5,9,FMN GV 18 Kasterlee
84,Oudemolsedijk,2021-07-05,07:00:00,8,4,4,FMN GV 18 Kasterlee
84,Oudemolsedijk,2021-07-05,08:00:00,8,6,2,FMN GV 18 Kasterlee
84,Oudemolsedijk,2021-07-05,09:00:00,4,4,0,FMN GV 18 Kasterlee
84,Oudemolsedijk,2021-07-05,10:00:00,17,2,15,FMN GV 18 Kasterlee
84,Oudemolsedijk,2021-07-05,11:00:00,2,1,1,FMN GV 18 Kasterlee
84,Oudemolsedijk,2021-07-05,12:00:00,14,9,5,FMN GV 18 Kasterlee
84,Oudemolsedijk,2021-07-05,13:00:00,25,13,12,FMN GV 18 Kasterlee
84,Oudemolsedijk,2021-07-05,14:00:00,60,37,23,FMN GV 18 Kasterlee
84,Oudemolsedijk,2021-07-05,15:00:00,42,19,23,FMN GV 18 Kasterlee
84,Oudemolsedijk,2021-07-05,16:00:00,40,20,20,FMN GV 18 Kasterlee
84,Oudemolsedijk,2021-07-05,17:00:00,23,8,15,FMN GV 18 Kasterlee
84,Oudemolsedijk,2021-07-05,18:00:00,11,7,4,FMN GV 18 Kasterlee
84,Oudemolsedijk,2021-07-05,19:00:00,35,14,21,FMN GV 18 Kasterlee
84,Oudemolsedijk,2021-07-05,20:00:00,8,5,3,FMN GV 18 Kasterlee
84,Oudemolsedijk,2021-07-05,21:00:00,7,5,2,FMN GV 18 Kasterlee
84,Oudemolsedijk,2021-07-05,22:00:00,3,1,2,FMN GV 18 Kasterlee
84,Oudemolsedijk,2021-07-05,23:00:00,2,1,1,FMN GV 18 Kasterlee
84,Oudemolsedijk,2021-07-06,00:00:00,0,0,0,FMN GV 18 Kasterlee
84,Oudemolsedijk,2021-07-06,01:00:00,1,0,1,FMN GV 18 Kasterlee
84,Oudemolsedijk,2021-07-06,02:00:00,0,0,0,FMN GV 18 Kasterlee
84,Oudemolsedijk,2021-07-06,03:00:00,0,0,0,FMN GV 18 Kasterlee
84,Oudemolsedijk,2021-07-06,04:00:00,1,1,0,FMN GV 18 Kasterlee
84,Oudemolsedijk,2021-07-06,05:00:00,5,5,0,FMN GV 18 Kasterlee
84,Oudemolsedijk,2021-07-06,06:00:00,10,6,4,FMN GV 18 Kasterlee
84,Oudemolsedijk,2021-07-06,07:00:00,11,3,8,FMN GV 18 Kasterlee
84,Oudemolsedijk,2021-07-06,08:00:00,14,5,9,FMN GV 18 Kasterlee
84,Oudemolsedijk,2021-07-06,09:00:00,11,1,10,FMN GV 18 Kasterlee
84,Oudemolsedijk,2021-07-06,10:00:00,9,2,7,FMN GV 18 Kasterlee
84,Oudemolsedijk,2021-07-06,11:00:00,4,4,0,FMN GV 18 Kasterlee
84,Oudemolsedijk,2021-07-06,12:00:00,14,11,3,FMN GV 18 Kasterlee
84,Oudemolsedijk,2021-07-06,13:00:00,21,11,10,FMN GV 18 Kasterlee
84,Oudemolsedijk,2021-07-06,14:00:00,46,32,14,FMN GV 18 Kasterlee
84,Oudemolsedijk,2021-07-06,15:00:00,71,48,23,FMN GV 18 Kasterlee
84,Oudemolsedijk,2021-07-06,16:00:00,25,15,10,FMN GV 18 Kasterlee
84,Oudemolsedijk,2021-07-06,17:00:00,17,8,9,FMN GV 18 Kasterlee
84,Oudemolsedijk,2021-07-06,18:00:00,9,3,6,FMN GV 18 Kasterlee
84,Oudemolsedijk,2021-07-06,19:00:00,18,14,4,FMN GV 18 Kasterlee
84,Oudemolsedijk,2021-07-06,20:00:00,29,19,10,FMN GV 18 Kasterlee
84,Oudemolsedijk,2021-07-06,21:00:00,11,8,3,FMN GV 18 Kasterlee
84,Oudemolsedijk,2021-07-06,22:00:00,4,2,2,FMN GV 18 Kasterlee
84,Oudemolsedijk,2021-07-06,23:00:00,0,0,0,FMN GV 18 Kasterlee
84,Oudemolsedijk,2021-07-07,00:00:00,0,0,0,FMN GV 18 Kasterlee
84,Oudemolsedijk,2021-07-07,01:00:00,0,0,0,FMN GV 18 Kasterlee
84,Oudemolsedijk,2021-07-07,02:00:00,1,1,0,FMN GV 18 Kasterlee
84,Oudemolsedijk,2021-07-07,03:00:00,0,0,0,FMN GV 18 Kasterlee
84,Oudemolsedijk,2021-07-07,04:00:00,1,1,0,FMN GV 18 Kasterlee
84,Oudemolsedijk,2021-07-07,05:00:00,6,6,0,FMN GV 18 Kasterlee
84,Oudemolsedijk,2021-07-07,06:00:00,15,5,10,FMN GV 18 Kasterlee
84,Oudemolsedijk,2021-07-07,07:00:00,13,8,5,FMN GV 18 Kasterlee
84,Oudemolsedijk,2021-07-07,08:00:00,24,11,13,FMN GV 18 Kasterlee
84,Oudemolsedijk,2021-07-07,09:00:00,16,5,11,FMN GV 18 Kasterlee
84,Oudemolsedijk,2021-07-07,10:00:00,34,10,24,FMN GV 18 Kasterlee
84,Oudemolsedijk,2021-07-07,11:00:00,62,34,28,FMN GV 18 Kasterlee
84,Oudemolsedijk,2021-07-07,12:00:00,43,23,20,FMN GV 18 Kasterlee
84,Oudemolsedijk,2021-07-07,13:00:00,66,45,21,FMN GV 18 Kasterlee
84,Oudemolsedijk,2021-07-07,14:00:00,130,73,57,FMN GV 18 Kasterlee
84,Oudemolsedijk,2021-07-07,15:00:00,93,43,50,FMN GV 18 Kasterlee
84,Oudemolsedijk,2021-07-07,16:00:00,79,30,49,FMN GV 18 Kasterlee
84,Oudemolsedijk,2021-07-07,17:00:00,68,10,58,FMN GV 18 Kasterlee
84,Oudemolsedijk,2021-07-07,18:00:00,36,23,13,FMN GV 18 Kasterlee
84,Oudemolsedijk,2021-07-07,19:00:00,45,21,24,FMN GV 18 Kasterlee
84,Oudemolsedijk,2021-07-07,20:00:00,51,27,24,FMN GV 18 Kasterlee
84,Oudemolsedijk,2021-07-07,21:00:00,9,6,3,FMN GV 18 Kasterlee
84,Oudemolsedijk,2021-07-07,22:00:00,2,2,0,FMN GV 18 Kasterlee
84,Oudemolsedijk,2021-07-07,23:00:00,1,0,1,FMN GV 18 Kasterlee
84,Oudemolsedijk,2021-07-08,00:00:00,0,0,0,FMN GV 18 Kasterlee
84,Oudemolsedijk,2021-07-08,01:00:00,0,0,0,FMN GV 18 Kasterlee
84,Oudemolsedijk,2021-07-08,02:00:00,0,0,0,FMN GV 18 Kasterlee
84,Oudemolsedijk,2021-07-08,03:00:00,0,0,0,FMN GV 18 Kasterlee
84,Oudemolsedijk,2021-07-08,04:00:00,2,2,0,FMN GV 18 Kasterlee
84,Oudemolsedijk,2021-07-08,05:00:00,8,7,1,FMN GV 18 Kasterlee
84,Oudemolsedijk,2021-07-08,06:00:00,13,6,7,FMN GV 18 Kasterlee
84,Oudemolsedijk,2021-07-08,07:00:00,15,10,5,FMN GV 18 Kasterlee
84,Oudemolsedijk,2021-07-08,08:00:00,13,4,9,FMN GV 18 Kasterlee
84,Oudemolsedijk,2021-07-08,09:00:00,20,6,14,FMN GV 18 Kasterlee
84,Oudemolsedijk,2021-07-08,10:00:00,61,48,13,FMN GV 18 Kasterlee
84,Oudemolsedijk,2021-07-08,11:00:00,51,35,16,FMN GV 18 Kasterlee
84,Oudemolsedijk,2021-07-08,12:00:00,38,17,21,FMN GV 18 Kasterlee
84,Oudemolsedijk,2021-07-08,13:00:00,47,16,31,FMN GV 18 Kasterlee
84,Oudemolsedijk,2021-07-08,14:00:00,109,57,52,FMN GV 18 Kasterlee
84,Oudemolsedijk,2021-07-08,15:00:00,74,54,20,FMN GV 18 Kasterlee
84,Oudemolsedijk,2021-07-08,16:00:00,63,42,21,FMN GV 18 Kasterlee
84,Oudemolsedijk,2021-07-08,17:00:00,28,13,15,FMN GV 18 Kasterlee
84,Oudemolsedijk,2021-07-08,18:00:00,43,19,24,FMN GV 18 Kasterlee
84,Oudemolsedijk,2021-07-08,19:00:00,27,11,16,FMN GV 18 Kasterlee
84,Oudemolsedijk,2021-07-08,20:00:00,27,18,9,FMN GV 18 Kasterlee
84,Oudemolsedijk,2021-07-08,21:00:00,12,10,2,FMN GV 18 Kasterlee
84,Oudemolsedijk,2021-07-08,22:00:00,4,3,1,FMN GV 18 Kasterlee
84,Oudemolsedijk,2021-07-08,23:00:00,0,0,0,FMN GV 18 Kasterlee
84,Oudemolsedijk,2021-07-09,00:00:00,0,0,0,FMN GV 18 Kasterlee
84,Oudemolsedijk,2021-07-09,01:00:00,0,0,0,FMN GV 18 Kasterlee
84,Oudemolsedijk,2021-07-09,02:00:00,0,0,0,FMN GV 18 Kasterlee
84,Oudemolsedijk,2021-07-09,03:00:00,0,0,0,FMN GV 18 Kasterlee
84,Oudemolsedijk,2021-07-09,04:00:00,1,1,0,FMN GV 18 Kasterlee
84,Oudemolsedijk,2021-07-09,05:00:00,6,6,0,FMN GV 18 Kasterlee
84,Oudemolsedijk,2021-07-09,06:00:00,10,7,3,FMN GV 18 Kasterlee
84,Oudemolsedijk,2021-07-09,07:00:00,21,12,9,FMN GV 18 Kasterlee
84,Oudemolsedijk,2021-07-09,08:00:00,13,8,5,FMN GV 18 Kasterlee
84,Oudemolsedijk,2021-07-09,09:00:00,20,12,8,FMN GV 18 Kasterlee
84,Oudemolsedijk,2021-07-09,10:00:00,25,15,10,FMN GV 18 Kasterlee
84,Oudemolsedijk,2021-07-09,11:00:00,27,18,9,FMN GV 18 Kasterlee
84,Oudemolsedijk,2021-07-09,12:00:00,50,26,24,FMN GV 18 Kasterlee
84,Oudemolsedijk,2021-07-09,13:00:00,65,36,29,FMN GV 18 Kasterlee
84,Oudemolsedijk,2021-07-09,14:00:00,102,45,57,FMN GV 18 Kasterlee
84,Oudemolsedijk,2021-07-09,15:00:00,99,70,29,FMN GV 18 Kasterlee
84,Oudemolsedijk,2021-07-09,16:00:00,70,45,25,FMN GV 18 Kasterlee
84,Oudemolsedijk,2021-07-09,17:00:00,45,23,22,FMN GV 18 Kasterlee
84,Oudemolsedijk,2021-07-09,18:00:00,46,25,21,FMN GV 18 Kasterlee
84,Oudemolsedijk,2021-07-09,19:00:00,21,10,11,FMN GV 18 Kasterlee
84,Oudemolsedijk,2021-07-09,20:00:00,15,10,5,FMN GV 18 Kasterlee
84,Oudemolsedijk,2021-07-09,21:00:00,5,1,4,FMN GV 18 Kasterlee
84,Oudemolsedijk,2021-07-09,22:00:00,2,1,1,FMN GV 18 Kasterlee
84,Oudemolsedijk,2021-07-09,23:00:00,5,3,2,FMN GV 18 Kasterlee
84,Oudemolsedijk,2021-07-10,00:00:00,0,0,0,FMN GV 18 Kasterlee
84,Oudemolsedijk,2021-07-10,01:00:00,2,0,2,FMN GV 18 Kasterlee
84,Oudemolsedijk,2021-07-10,02:00:00,0,0,0,FMN GV 18 Kasterlee
84,Oudemolsedijk,2021-07-10,03:00:00,0,0,0,FMN GV 18 Kasterlee
84,Oudemolsedijk,2021-07-10,04:00:00,0,0,0,FMN GV 18 Kasterlee
84,Oudemolsedijk,2021-07-10,05:00:00,0,0,0,FMN GV 18 Kasterlee
84,Oudemolsedijk,2021-07-10,06:00:00,2,1,1,FMN GV 18 Kasterlee
84,Oudemolsedijk,2021-07-10,07:00:00,3,2,1,FMN GV 18 Kasterlee
84,Oudemolsedijk,2021-07-10,08:00:00,8,1,7,FMN GV 18 Kasterlee
84,Oudemolsedijk,2021-07-10,09:00:00,41,12,29,FMN GV 18 Kasterlee
84,Oudemolsedijk,2021-07-10,10:00:00,72,34,38,FMN GV 18 Kasterlee
84,Oudemolsedijk,2021-07-10,11:00:00,44,21,23,FMN GV 18 Kasterlee
84,Oudemolsedijk,2021-07-10,12:00:00,37,13,24,FMN GV 18 Kasterlee
84,Oudemolsedijk,2021-07-10,13:00:00,65,35,30,FMN GV 18 Kasterlee
84,Oudemolsedijk,2021-07-10,14:00:00,77,52,25,FMN GV 18 Kasterlee
84,Oudemolsedijk,2021-07-10,15:00:00,72,43,29,FMN GV 18 Kasterlee
84,Oudemolsedijk,2021-07-10,16:00:00,30,21,9,FMN GV 18 Kasterlee
84,Oudemolsedijk,2021-07-10,17:00:00,28,19,9,FMN GV 18 Kasterlee
84,Oudemolsedijk,2021-07-10,18:00:00,3,3,0,FMN GV 18 Kasterlee
84,Oudemolsedijk,2021-07-10,19:00:00,0,0,0,FMN GV 18 Kasterlee
84,Oudemolsedijk,2021-07-10,20:00:00,0,0,0,FMN GV 18 Kasterlee
84,Oudemolsedijk,2021-07-10,21:00:00,1,0,1,FMN GV 18 Kasterlee
84,Oudemolsedijk,2021-07-10,22:00:00,0,0,0,FMN GV 18 Kasterlee
84,Oudemolsedijk,2021-07-10,23:00:00,0,0,0,FMN GV 18 Kasterlee
84,Oudemolsedijk,2021-07-11,00:00:00,0,0,0,FMN GV 18 Kasterlee
84,Oudemolsedijk,2021-07-11,01:00:00,2,1,1,FMN GV 18 Kasterlee
84,Oudemolsedijk,2021-07-11,02:00:00,0,0,0,FMN GV 18 Kasterlee
84,Oudemolsedijk,2021-07-11,03:00:00,0,0,0,FMN GV 18 Kasterlee
84,Oudemolsedijk,2021-07-11,04:00:00,0,0,0,FMN GV 18 Kasterlee
84,Oudemolsedijk,2021-07-11,05:00:00,2,2,0,FMN GV 18 Kasterlee
84,Oudemolsedijk,2021-07-11,06:00:00,3,2,1,FMN GV 18 Kasterlee
84,Oudemolsedijk,2021-07-11,07:00:00,6,0,6,FMN GV 18 Kasterlee
84,Oudemolsedijk,2021-07-11,08:00:00,20,12,8,FMN GV 18 Kasterlee
84,Oudemolsedijk,2021-07-11,09:00:00,112,41,71,FMN GV 18 Kasterlee
84,Oudemolsedijk,2021-07-11,10:00:00,152,95,57,FMN GV 18 Kasterlee
84,Oudemolsedijk,2021-07-11,11:00:00,165,88,77,FMN GV 18 Kasterlee
84,Oudemolsedijk,2021-07-11,12:00:00,109,50,59,FMN GV 18 Kasterlee
84,Oudemolsedijk,2021-07-11,13:00:00,143,60,83,FMN GV 18 Kasterlee
84,Oudemolsedijk,2021-07-11,14:00:00,249,116,133,FMN GV 18 Kasterlee
84,Oudemolsedijk,2021-07-11,15:00:00,204,103,101,FMN GV 18 Kasterlee
84,Oudemolsedijk,2021-07-11,16:00:00,137,79,58,FMN GV 18 Kasterlee
84,Oudemolsedijk,2021-07-11,17:00:00,105,53,52,FMN GV 18 Kasterlee
84,Oudemolsedijk,2021-07-11,18:00:00,57,32,25,FMN GV 18 Kasterlee
84,Oudemolsedijk,2021-07-11,19:00:00,34,19,15,FMN GV 18 Kasterlee
84,Oudemolsedijk,2021-07-11,20:00:00,16,14,2,FMN GV 18 Kasterlee
84,Oudemolsedijk,2021-07-11,21:00:00,5,4,1,FMN GV 18 Kasterlee
84,Oudemolsedijk,2021-07-11,22:00:00,0,0,0,FMN GV 18 Kasterlee
84,Oudemolsedijk,2021-07-11,23:00:00,1,1,0,FMN GV 18 Kasterlee
84,Oudemolsedijk,2021-07-12,00:00:00,0,0,0,FMN GV 18 Kasterlee
84,Oudemolsedijk,2021-07-12,01:00:00,0,0,0,FMN GV 18 Kasterlee
84,Oudemolsedijk,2021-07-12,02:00:00,0,0,0,FMN GV 18 Kasterlee
84,Oudemolsedijk,2021-07-12,03:00:00,0,0,0,FMN GV 18 Kasterlee
84,Oudemolsedijk,2021-07-12,04:00:00,0,0,0,FMN GV 18 Kasterlee
84,Oudemolsedijk,2021-07-12,05:00:00,5,4,1,FMN GV 18 Kasterlee
84,Oudemolsedijk,2021-07-12,06:00:00,11,5,6,FMN GV 18 Kasterlee
84,Oudemolsedijk,2021-07-12,07:00:00,15,7,8,FMN GV 18 Kasterlee
84,Oudemolsedijk,2021-07-12,08:00:00,7,4,3,FMN GV 18 Kasterlee
84,Oudemolsedijk,2021-07-12,09:00:00,8,1,7,FMN GV 18 Kasterlee
84,Oudemolsedijk,2021-07-12,10:00:00,29,17,12,FMN GV 18 Kasterlee
84,Oudemolsedijk,2021-07-12,11:00:00,33,19,14,FMN GV 18 Kasterlee
84,Oudemolsedijk,2021-07-12,12:00:00,57,28,29,FMN GV 18 Kasterlee
84,Oudemolsedijk,2021-07-12,13:00:00,72,40,32,FMN GV 18 Kasterlee
84,Oudemolsedijk,2021-07-12,14:00:00,58,24,34,FMN GV 18 Kasterlee
84,Oudemolsedijk,2021-07-12,15:00:00,50,33,17,FMN GV 18 Kasterlee
84,Oudemolsedijk,2021-07-12,16:00:00,41,20,21,FMN GV 18 Kasterlee
84,Oudemolsedijk,2021-07-12,17:00:00,13,7,6,FMN GV 18 Kasterlee
84,Oudemolsedijk,2021-07-12,18:00:00,6,4,2,FMN GV 18 Kasterlee
84,Oudemolsedijk,2021-07-12,19:00:00,11,9,2,FMN GV 18 Kasterlee
84,Oudemolsedijk,2021-07-12,20:00:00,12,11,1,FMN GV 18 Kasterlee
84,Oudemolsedijk,2021-07-12,21:00:00,9,4,5,FMN GV 18 Kasterlee
84,Oudemolsedijk,2021-07-12,22:00:00,7,0,7,FMN GV 18 Kasterlee
84,Oudemolsedijk,2021-07-12,23:00:00,0,0,0,FMN GV 18 Kasterlee
84,Oudemolsedijk,2021-07-13,00:00:00,0,0,0,FMN GV 18 Kasterlee
84,Oudemolsedijk,2021-07-13,01:00:00,0,0,0,FMN GV 18 Kasterlee
84,Oudemolsedijk,2021-07-13,02:00:00,0,0,0,FMN GV 18 Kasterlee
84,Oudemolsedijk,2021-07-13,03:00:00,0,0,0,FMN GV 18 Kasterlee
84,Oudemolsedijk,2021-07-13,04:00:00,0,0,0,FMN GV 18 Kasterlee
84,Oudemolsedijk,2021-07-13,05:00:00,2,2,0,FMN GV 18 Kasterlee
84,Oudemolsedijk,2021-07-13,06:00:00,9,3,6,FMN GV 18 Kasterlee
84,Oudemolsedijk,2021-07-13,07:00:00,8,4,4,FMN GV 18 Kasterlee
84,Oudemolsedijk,2021-07-13,08:00:00,1,0,1,FMN GV 18 Kasterlee
84,Oudemolsedijk,2021-07-13,09:00:00,7,2,5,FMN GV 18 Kasterlee
84,Oudemolsedijk,2021-07-13,10:00:00,6,6,0,FMN GV 18 Kasterlee
84,Oudemolsedijk,2021-07-13,11:00:00,2,2,0,FMN GV 18 Kasterlee
84,Oudemolsedijk,2021-07-13,12:00:00,13,4,9,FMN GV 18 Kasterlee
84,Oudemolsedijk,2021-07-13,13:00:00,17,10,7,FMN GV 18 Kasterlee
84,Oudemolsedijk,2021-07-13,14:00:00,32,21,11,FMN GV 18 Kasterlee
84,Oudemolsedijk,2021-07-13,15:00:00,33,12,21,FMN GV 18 Kasterlee
84,Oudemolsedijk,2021-07-13,16:00:00,16,14,2,FMN GV 18 Kasterlee
84,Oudemolsedijk,2021-07-13,17:00:00,8,3,5,FMN GV 18 Kasterlee
84,Oudemolsedijk,2021-07-13,18:00:00,14,8,6,FMN GV 18 Kasterlee
84,Oudemolsedijk,2021-07-13,19:00:00,12,8,4,FMN GV 18 Kasterlee
84,Oudemolsedijk,2021-07-13,20:00:00,7,3,4,FMN GV 18 Kasterlee
84,Oudemolsedijk,2021-07-13,21:00:00,8,2,6,FMN GV 18 Kasterlee
84,Oudemolsedijk,2021-07-13,22:00:00,4,1,3,FMN GV 18 Kasterlee
84,Oudemolsedijk,2021-07-13,23:00:00,0,0,0,FMN GV 18 Kasterlee
84,Oudemolsedijk,2021-07-14,00:00:00,0,0,0,FMN GV 18 Kasterlee
84,Oudemolsedijk,2021-07-14,01:00:00,0,0,0,FMN GV 18 Kasterlee
84,Oudemolsedijk,2021-07-14,02:00:00,0,0,0,FMN GV 18 Kasterlee
84,Oudemolsedijk,2021-07-14,03:00:00,0,0,0,FMN GV 18 Kasterlee
84,Oudemolsedijk,2021-07-14,04:00:00,0,0,0,FMN GV 18 Kasterlee
84,Oudemolsedijk,2021-07-14,05:00:00,1,1,0,FMN GV 18 Kasterlee
84,Oudemolsedijk,2021-07-14,06:00:00,6,4,2,FMN GV 18 Kasterlee
84,Oudemolsedijk,2021-07-14,07:00:00,4,3,1,FMN GV 18 Kasterlee
84,Oudemolsedijk,2021-07-14,08:00:00,10,7,3,FMN GV 18 Kasterlee
84,Oudemolsedijk,2021-07-14,09:00:00,5,1,4,FMN GV 18 Kasterlee
84,Oudemolsedijk,2021-07-14,10:00:00,7,3,4,FMN GV 18 Kasterlee
84,Oudemolsedijk,2021-07-14,11:00:00,28,22,6,FMN GV 18 Kasterlee
84,Oudemolsedijk,2021-07-14,12:00:00,8,0,8,FMN GV 18 Kasterlee
84,Oudemolsedijk,2021-07-14,13:00:00,18,5,13,FMN GV 18 Kasterlee
84,Oudemolsedijk,2021-07-14,14:00:00,15,7,8,FMN GV 18 Kasterlee
84,Oudemolsedijk,2021-07-14,15:00:00,19,10,9,FMN GV 18 Kasterlee
84,Oudemolsedijk,2021-07-14,16:00:00,15,4,11,FMN GV 18 Kasterlee
84,Oudemolsedijk,2021-07-14,17:00:00,7,2,5,FMN GV 18 Kasterlee
84,Oudemolsedijk,2021-07-14,18:00:00,13,12,1,FMN GV 18 Kasterlee
84,Oudemolsedijk,2021-07-14,19:00:00,28,21,7,FMN GV 18 Kasterlee
84,Oudemolsedijk,2021-07-14,20:00:00,18,6,12,FMN GV 18 Kasterlee
84,Oudemolsedijk,2021-07-14,21:00:00,4,2,2,FMN GV 18 Kasterlee
84,Oudemolsedijk,2021-07-14,22:00:00,1,0,1,FMN GV 18 Kasterlee
84,Oudemolsedijk,2021-07-14,23:00:00,0,0,0,FMN GV 18 Kasterlee
84,Oudemolsedijk,2021-07-15,00:00:00,5,3,2,FMN GV 18 Kasterlee
84,Oudemolsedijk,2021-07-15,01:00:00,2,1,1,FMN GV 18 Kasterlee
84,Oudemolsedijk,2021-07-15,02:00:00,3,2,1,FMN GV 18 Kasterlee
84,Oudemolsedijk,2021-07-15,03:00:00,1,1,0,FMN GV 18 Kasterlee
84,Oudemolsedijk,2021-07-15,04:00:00,2,1,1,FMN GV 18 Kasterlee
84,Oudemolsedijk,2021-07-15,05:00:00,10,4,6,FMN GV 18 Kasterlee
84,Oudemolsedijk,2021-07-15,06:00:00,5,2,3,FMN GV 18 Kasterlee
84,Oudemolsedijk,2021-07-15,07:00:00,5,3,2,FMN GV 18 Kasterlee
84,Oudemolsedijk,2021-07-15,08:00:00,5,4,1,FMN GV 18 Kasterlee
84,Oudemolsedijk,2021-07-15,09:00:00,3,1,2,FMN GV 18 Kasterlee
84,Oudemolsedijk,2021-07-15,10:00:00,3,1,2,FMN GV 18 Kasterlee
84,Oudemolsedijk,2021-07-15,11:00:00,0,0,0,FMN GV 18 Kasterlee
84,Oudemolsedijk,2021-07-15,12:00:00,5,3,2,FMN GV 18 Kasterlee
84,Oudemolsedijk,2021-07-15,13:00:00,2,1,1,FMN GV 18 Kasterlee
84,Oudemolsedijk,2021-07-15,14:00:00,3,3,0,FMN GV 18 Kasterlee
84,Oudemolsedijk,2021-07-15,15:00:00,5,3,2,FMN GV 18 Kasterlee
84,Oudemolsedijk,2021-07-15,16:00:00,6,4,2,FMN GV 18 Kasterlee
84,Oudemolsedijk,2021-07-15,17:00:00,6,0,6,FMN GV 18 Kasterlee
84,Oudemolsedijk,2021-07-15,18:00:00,3,2,1,FMN GV 18 Kasterlee
84,Oudemolsedijk,2021-07-15,19:00:00,1,0,1,FMN GV 18 Kasterlee
84,Oudemolsedijk,2021-07-15,20:00:00,0,0,0,FMN GV 18 Kasterlee
84,Oudemolsedijk,2021-07-15,21:00:00,2,2,0,FMN GV 18 Kasterlee
84,Oudemolsedijk,2021-07-15,22:00:00,1,0,1,FMN GV 18 Kasterlee
84,Oudemolsedijk,2021-07-15,23:00:00,0,0,0,FMN GV 18 Kasterlee
84,Oudemolsedijk,2021-07-16,00:00:00,0,0,0,FMN GV 18 Kasterlee
84,Oudemolsedijk,2021-07-16,01:00:00,0,0,0,FMN GV 18 Kasterlee
84,Oudemolsedijk,2021-07-16,02:00:00,0,0,0,FMN GV 18 Kasterlee
84,Oudemolsedijk,2021-07-16,03:00:00,0,0,0,FMN GV 18 Kasterlee
84,Oudemolsedijk,2021-07-16,04:00:00,1,1,0,FMN GV 18 Kasterlee
84,Oudemolsedijk,2021-07-16,05:00:00,2,2,0,FMN GV 18 Kasterlee
84,Oudemolsedijk,2021-07-16,06:00:00,5,1,4,FMN GV 18 Kasterlee
84,Oudemolsedijk,2021-07-16,07:00:00,10,6,4,FMN GV 18 Kasterlee
84,Oudemolsedijk,2021-07-16,08:00:00,14,9,5,FMN GV 18 Kasterlee
84,Oudemolsedijk,2021-07-16,09:00:00,20,15,5,FMN GV 18 Kasterlee
84,Oudemolsedijk,2021-07-16,10:00:00,37,12,25,FMN GV 18 Kasterlee
84,Oudemolsedijk,2021-07-16,11:00:00,28,19,9,FMN GV 18 Kasterlee
84,Oudemolsedijk,2021-07-16,12:00:00,33,23,10,FMN GV 18 Kasterlee
84,Oudemolsedijk,2021-07-16,13:00:00,51,29,22,FMN GV 18 Kasterlee
84,Oudemolsedijk,2021-07-16,14:00:00,42,28,14,FMN GV 18 Kasterlee
84,Oudemolsedijk,2021-07-16,15:00:00,77,37,40,FMN GV 18 Kasterlee
84,Oudemolsedijk,2021-07-16,16:00:00,82,42,40,FMN GV 18 Kasterlee
84,Oudemolsedijk,2021-07-16,17:00:00,33,10,23,FMN GV 18 Kasterlee
84,Oudemolsedijk,2021-07-16,18:00:00,47,17,30,FMN GV 18 Kasterlee
84,Oudemolsedijk,2021-07-16,19:00:00,22,10,12,FMN GV 18 Kasterlee
84,Oudemolsedijk,2021-07-16,20:00:00,19,11,8,FMN GV 18 Kasterlee
84,Oudemolsedijk,2021-07-16,21:00:00,8,8,0,FMN GV 18 Kasterlee
84,Oudemolsedijk,2021-07-16,22:00:00,5,1,4,FMN GV 18 Kasterlee
84,Oudemolsedijk,2021-07-16,23:00:00,1,1,0,FMN GV 18 Kasterlee
84,Oudemolsedijk,2021-07-17,00:00:00,1,1,0,FMN GV 18 Kasterlee
84,Oudemolsedijk,2021-07-17,01:00:00,3,3,0,FMN GV 18 Kasterlee
84,Oudemolsedijk,2021-07-17,02:00:00,1,0,1,FMN GV 18 Kasterlee
84,Oudemolsedijk,2021-07-17,03:00:00,0,0,0,FMN GV 18 Kasterlee
84,Oudemolsedijk,2021-07-17,04:00:00,1,1,0,FMN GV 18 Kasterlee
84,Oudemolsedijk,2021-07-17,05:00:00,0,0,0,FMN GV 18 Kasterlee
84,Oudemolsedijk,2021-07-17,06:00:00,1,0,1,FMN GV 18 Kasterlee
84,Oudemolsedijk,2021-07-17,07:00:00,7,2,5,FMN GV 18 Kasterlee
84,Oudemolsedijk,2021-07-17,08:00:00,27,17,10,FMN GV 18 Kasterlee
84,Oudemolsedijk,2021-07-17,09:00:00,25,13,12,FMN GV 18 Kasterlee
84,Oudemolsedijk,2021-07-17,10:00:00,59,27,32,FMN GV 18 Kasterlee
84,Oudemolsedijk,2021-07-17,11:00:00,68,22,46,FMN GV 18 Kasterlee
84,Oudemolsedijk,2021-07-17,12:00:00,82,40,42,FMN GV 18 Kasterlee
84,Oudemolsedijk,2021-07-17,13:00:00,130,63,67,FMN GV 18 Kasterlee
84,Oudemolsedijk,2021-07-17,14:00:00,181,104,77,FMN GV 18 Kasterlee
84,Oudemolsedijk,2021-07-17,15:00:00,190,93,97,FMN GV 18 Kasterlee
84,Oudemolsedijk,2021-07-17,16:00:00,110,60,50,FMN GV 18 Kasterlee
84,Oudemolsedijk,2021-07-17,17:00:00,78,37,41,FMN GV 18 Kasterlee
84,Oudemolsedijk,2021-07-17,18:00:00,54,31,23,FMN GV 18 Kasterlee
84,Oudemolsedijk,2021-07-17,19:00:00,13,4,9,FMN GV 18 Kasterlee
84,Oudemolsedijk,2021-07-17,20:00:00,23,14,9,FMN GV 18 Kasterlee
84,Oudemolsedijk,2021-07-17,21:00:00,21,17,4,FMN GV 18 Kasterlee
84,Oudemolsedijk,2021-07-17,22:00:00,4,1,3,FMN GV 18 Kasterlee
84,Oudemolsedijk,2021-07-17,23:00:00,0,0,0,FMN GV 18 Kasterlee
84,Oudemolsedijk,2021-07-18,00:00:00,0,0,0,FMN GV 18 Kasterlee
84,Oudemolsedijk,2021-07-18,01:00:00,3,3,0,FMN GV 18 Kasterlee
84,Oudemolsedijk,2021-07-18,02:00:00,1,0,1,FMN GV 18 Kasterlee
84,Oudemolsedijk,2021-07-18,03:00:00,0,0,0,FMN GV 18 Kasterlee
84,Oudemolsedijk,2021-07-18,04:00:00,1,1,0,FMN GV 18 Kasterlee
84,Oudemolsedijk,2021-07-18,05:00:00,0,0,0,FMN GV 18 Kasterlee
84,Oudemolsedijk,2021-07-18,06:00:00,3,1,2,FMN GV 18 Kasterlee
84,Oudemolsedijk,2021-07-18,07:00:00,15,7,8,FMN GV 18 Kasterlee
84,Oudemolsedijk,2021-07-18,08:00:00,46,26,20,FMN GV 18 Kasterlee
84,Oudemolsedijk,2021-07-18,09:00:00,151,84,67,FMN GV 18 Kasterlee
84,Oudemolsedijk,2021-07-18,10:00:00,196,86,110,FMN GV 18 Kasterlee
84,Oudemolsedijk,2021-07-18,11:00:00,162,75,87,FMN GV 18 Kasterlee
84,Oudemolsedijk,2021-07-18,12:00:00,142,81,61,FMN GV 18 Kasterlee
84,Oudemolsedijk,2021-07-18,13:00:00,197,83,114,FMN GV 18 Kasterlee
84,Oudemolsedijk,2021-07-18,14:00:00,287,147,140,FMN GV 18 Kasterlee
84,Oudemolsedijk,2021-07-18,15:00:00,245,120,125,FMN GV 18 Kasterlee
84,Oudemolsedijk,2021-07-18,16:00:00,198,112,86,FMN GV 18 Kasterlee
84,Oudemolsedijk,2021-07-18,17:00:00,126,81,45,FMN GV 18 Kasterlee
84,Oudemolsedijk,2021-07-18,18:00:00,71,41,30,FMN GV 18 Kasterlee
84,Oudemolsedijk,2021-07-18,19:00:00,41,13,28,FMN GV 18 Kasterlee
84,Oudemolsedijk,2021-07-18,20:00:00,25,19,6,FMN GV 18 Kasterlee
84,Oudemolsedijk,2021-07-18,21:00:00,13,6,7,FMN GV 18 Kasterlee
84,Oudemolsedijk,2021-07-18,22:00:00,5,0,5,FMN GV 18 Kasterlee
84,Oudemolsedijk,2021-07-18,23:00:00,1,1,0,FMN GV 18 Kasterlee
84,Oudemolsedijk,2021-07-19,00:00:00,0,0,0,FMN GV 18 Kasterlee
84,Oudemolsedijk,2021-07-19,01:00:00,0,0,0,FMN GV 18 Kasterlee
84,Oudemolsedijk,2021-07-19,02:00:00,1,1,0,FMN GV 18 Kasterlee
84,Oudemolsedijk,2021-07-19,03:00:00,0,0,0,FMN GV 18 Kasterlee
84,Oudemolsedijk,2021-07-19,04:00:00,1,0,1,FMN GV 18 Kasterlee
84,Oudemolsedijk,2021-07-19,05:00:00,6,6,0,FMN GV 18 Kasterlee
84,Oudemolsedijk,2021-07-19,06:00:00,11,2,9,FMN GV 18 Kasterlee
84,Oudemolsedijk,2021-07-19,07:00:00,12,5,7,FMN GV 18 Kasterlee
84,Oudemolsedijk,2021-07-19,08:00:00,12,6,6,FMN GV 18 Kasterlee
84,Oudemolsedijk,2021-07-19,09:00:00,9,4,5,FMN GV 18 Kasterlee
84,Oudemolsedijk,2021-07-19,10:00:00,47,17,30,FMN GV 18 Kasterlee
84,Oudemolsedijk,2021-07-19,11:00:00,43,18,25,FMN GV 18 Kasterlee
84,Oudemolsedijk,2021-07-19,12:00:00,43,22,21,FMN GV 18 Kasterlee
84,Oudemolsedijk,2021-07-19,13:00:00,76,33,43,FMN GV 18 Kasterlee
84,Oudemolsedijk,2021-07-19,14:00:00,144,84,60,FMN GV 18 Kasterlee
84,Oudemolsedijk,2021-07-19,15:00:00,147,88,59,FMN GV 18 Kasterlee
84,Oudemolsedijk,2021-07-19,16:00:00,74,28,46,FMN GV 18 Kasterlee
84,Oudemolsedijk,2021-07-19,17:00:00,54,32,22,FMN GV 18 Kasterlee
84,Oudemolsedijk,2021-07-19,18:00:00,41,30,11,FMN GV 18 Kasterlee
84,Oudemolsedijk,2021-07-19,19:00:00,27,11,16,FMN GV 18 Kasterlee
84,Oudemolsedijk,2021-07-19,20:00:00,35,25,10,FMN GV 18 Kasterlee
84,Oudemolsedijk,2021-07-19,21:00:00,12,3,9,FMN GV 18 Kasterlee
84,Oudemolsedijk,2021-07-19,22:00:00,4,1,3,FMN GV 18 Kasterlee
84,Oudemolsedijk,2021-07-19,23:00:00,0,0,0,FMN GV 18 Kasterlee
84,Oudemolsedijk,2021-07-20,00:00:00,0,0,0,FMN GV 18 Kasterlee
84,Oudemolsedijk,2021-07-20,01:00:00,1,1,0,FMN GV 18 Kasterlee
84,Oudemolsedijk,2021-07-20,02:00:00,0,0,0,FMN GV 18 Kasterlee
84,Oudemolsedijk,2021-07-20,03:00:00,0,0,0,FMN GV 18 Kasterlee
84,Oudemolsedijk,2021-07-20,04:00:00,1,1,0,FMN GV 18 Kasterlee
84,Oudemolsedijk,2021-07-20,05:00:00,6,6,0,FMN GV 18 Kasterlee
84,Oudemolsedijk,2021-07-20,06:00:00,14,3,11,FMN GV 18 Kasterlee
84,Oudemolsedijk,2021-07-20,07:00:00,16,8,8,FMN GV 18 Kasterlee
84,Oudemolsedijk,2021-07-20,08:00:00,11,8,3,FMN GV 18 Kasterlee
84,Oudemolsedijk,2021-07-20,09:00:00,38,12,26,FMN GV 18 Kasterlee
84,Oudemolsedijk,2021-07-20,10:00:00,64,33,31,FMN GV 18 Kasterlee
84,Oudemolsedijk,2021-07-20,11:00:00,72,38,34,FMN GV 18 Kasterlee
84,Oudemolsedijk,2021-07-20,12:00:00,66,27,39,FMN GV 18 Kasterlee
84,Oudemolsedijk,2021-07-20,13:00:00,148,53,95,FMN GV 18 Kasterlee
84,Oudemolsedijk,2021-07-20,14:00:00,179,113,66,FMN GV 18 Kasterlee
84,Oudemolsedijk,2021-07-20,15:00:00,145,60,85,FMN GV 18 Kasterlee
84,Oudemolsedijk,2021-07-20,16:00:00,117,75,42,FMN GV 18 Kasterlee
84,Oudemolsedijk,2021-07-20,17:00:00,72,38,34,FMN GV 18 Kasterlee
84,Oudemolsedijk,2021-07-20,18:00:00,79,42,37,FMN GV 18 Kasterlee
84,Oudemolsedijk,2021-07-20,19:00:00,37,23,14,FMN GV 18 Kasterlee
84,Oudemolsedijk,2021-07-20,20:00:00,52,30,22,FMN GV 18 Kasterlee
84,Oudemolsedijk,2021-07-20,21:00:00,12,10,2,FMN GV 18 Kasterlee
84,Oudemolsedijk,2021-07-20,22:00:00,30,23,7,FMN GV 18 Kasterlee
84,Oudemolsedijk,2021-07-20,23:00:00,2,0,2,FMN GV 18 Kasterlee
84,Oudemolsedijk,2021-07-21,00:00:00,0,0,0,FMN GV 18 Kasterlee
84,Oudemolsedijk,2021-07-21,01:00:00,0,0,0,FMN GV 18 Kasterlee
84,Oudemolsedijk,2021-07-21,02:00:00,5,0,5,FMN GV 18 Kasterlee
84,Oudemolsedijk,2021-07-21,03:00:00,0,0,0,FMN GV 18 Kasterlee
84,Oudemolsedijk,2021-07-21,04:00:00,0,0,0,FMN GV 18 Kasterlee
84,Oudemolsedijk,2021-07-21,05:00:00,0,0,0,FMN GV 18 Kasterlee
84,Oudemolsedijk,2021-07-21,06:00:00,0,0,0,FMN GV 18 Kasterlee
84,Oudemolsedijk,2021-07-21,07:00:00,18,10,8,FMN GV 18 Kasterlee
84,Oudemolsedijk,2021-07-21,08:00:00,36,19,17,FMN GV 18 Kasterlee
84,Oudemolsedijk,2021-07-21,09:00:00,90,20,70,FMN GV 18 Kasterlee
84,Oudemolsedijk,2021-07-21,10:00:00,142,57,85,FMN GV 18 Kasterlee
84,Oudemolsedijk,2021-07-21,11:00:00,137,64,73,FMN GV 18 Kasterlee
84,Oudemolsedijk,2021-07-21,12:00:00,120,70,50,FMN GV 18 Kasterlee
84,Oudemolsedijk,2021-07-21,13:00:00,155,72,83,FMN GV 18 Kasterlee
84,Oudemolsedijk,2021-07-21,14:00:00,290,140,150,FMN GV 18 Kasterlee
84,Oudemolsedijk,2021-07-21,15:00:00,328,172,156,FMN GV 18 Kasterlee
84,Oudemolsedijk,2021-07-21,16:00:00,190,97,93,FMN GV 18 Kasterlee
84,Oudemolsedijk,2021-07-21,17:00:00,118,63,55,FMN GV 18 Kasterlee
84,Oudemolsedijk,2021-07-21,18:00:00,66,23,43,FMN GV 18 Kasterlee
84,Oudemolsedijk,2021-07-21,19:00:00,45,32,13,FMN GV 18 Kasterlee
84,Oudemolsedijk,2021-07-21,20:00:00,33,26,7,FMN GV 18 Kasterlee
84,Oudemolsedijk,2021-07-21,21:00:00,15,9,6,FMN GV 18 Kasterlee
84,Oudemolsedijk,2021-07-21,22:00:00,12,3,9,FMN GV 18 Kasterlee
84,Oudemolsedijk,2021-07-21,23:00:00,2,0,2,FMN GV 18 Kasterlee
84,Oudemolsedijk,2021-07-22,00:00:00,0,0,0,FMN GV 18 Kasterlee
84,Oudemolsedijk,2021-07-22,01:00:00,0,0,0,FMN GV 18 Kasterlee
84,Oudemolsedijk,2021-07-22,02:00:00,0,0,0,FMN GV 18 Kasterlee
84,Oudemolsedijk,2021-07-22,03:00:00,0,0,0,FMN GV 18 Kasterlee
84,Oudemolsedijk,2021-07-22,04:00:00,3,2,1,FMN GV 18 Kasterlee
84,Oudemolsedijk,2021-07-22,05:00:00,3,3,0,FMN GV 18 Kasterlee
84,Oudemolsedijk,2021-07-22,06:00:00,10,3,7,FMN GV 18 Kasterlee
84,Oudemolsedijk,2021-07-22,07:00:00,17,12,5,FMN GV 18 Kasterlee
84,Oudemolsedijk,2021-07-22,08:00:00,15,9,6,FMN GV 18 Kasterlee
84,Oudemolsedijk,2021-07-22,09:00:00,21,7,14,FMN GV 18 Kasterlee
84,Oudemolsedijk,2021-07-22,10:00:00,55,29,26,FMN GV 18 Kasterlee
84,Oudemolsedijk,2021-07-22,11:00:00,58,37,21,FMN GV 18 Kasterlee
84,Oudemolsedijk,2021-07-22,12:00:00,72,37,35,FMN GV 18 Kasterlee
84,Oudemolsedijk,2021-07-22,13:00:00,118,51,67,FMN GV 18 Kasterlee
84,Oudemolsedijk,2021-07-22,14:00:00,112,56,56,FMN GV 18 Kasterlee
84,Oudemolsedijk,2021-07-22,15:00:00,115,51,64,FMN GV 18 Kasterlee
84,Oudemolsedijk,2021-07-22,16:00:00,109,65,44,FMN GV 18 Kasterlee
84,Oudemolsedijk,2021-07-22,17:00:00,78,48,30,FMN GV 18 Kasterlee
84,Oudemolsedijk,2021-07-22,18:00:00,67,53,14,FMN GV 18 Kasterlee
84,Oudemolsedijk,2021-07-22,19:00:00,55,29,26,FMN GV 18 Kasterlee
84,Oudemolsedijk,2021-07-22,20:00:00,42,26,16,FMN GV 18 Kasterlee
84,Oudemolsedijk,2021-07-22,21:00:00,31,4,27,FMN GV 18 Kasterlee
84,Oudemolsedijk,2021-07-22,22:00:00,7,1,6,FMN GV 18 Kasterlee
84,Oudemolsedijk,2021-07-22,23:00:00,1,1,0,FMN GV 18 Kasterlee
84,Oudemolsedijk,2021-07-23,00:00:00,0,0,0,FMN GV 18 Kasterlee
84,Oudemolsedijk,2021-07-23,01:00:00,0,0,0,FMN GV 18 Kasterlee
84,Oudemolsedijk,2021-07-23,02:00:00,1,1,0,FMN GV 18 Kasterlee
84,Oudemolsedijk,2021-07-23,03:00:00,0,0,0,FMN GV 18 Kasterlee
84,Oudemolsedijk,2021-07-23,04:00:00,1,1,0,FMN GV 18 Kasterlee
84,Oudemolsedijk,2021-07-23,05:00:00,6,6,0,FMN GV 18 Kasterlee
84,Oudemolsedijk,2021-07-23,06:00:00,10,4,6,FMN GV 18 Kasterlee
84,Oudemolsedijk,2021-07-23,07:00:00,16,10,6,FMN GV 18 Kasterlee
84,Oudemolsedijk,2021-07-23,08:00:00,30,12,18,FMN GV 18 Kasterlee
84,Oudemolsedijk,2021-07-23,09:00:00,35,17,18,FMN GV 18 Kasterlee
84,Oudemolsedijk,2021-07-23,10:00:00,51,21,30,FMN GV 18 Kasterlee
84,Oudemolsedijk,2021-07-23,11:00:00,62,30,32,FMN GV 18 Kasterlee
84,Oudemolsedijk,2021-07-23,12:00:00,80,39,41,FMN GV 18 Kasterlee
84,Oudemolsedijk,2021-07-23,13:00:00,73,28,45,FMN GV 18 Kasterlee
84,Oudemolsedijk,2021-07-23,14:00:00,160,84,76,FMN GV 18 Kasterlee
84,Oudemolsedijk,2021-07-23,15:00:00,116,57,59,FMN GV 18 Kasterlee
84,Oudemolsedijk,2021-07-23,16:00:00,137,76,61,FMN GV 18 Kasterlee
84,Oudemolsedijk,2021-07-23,17:00:00,89,37,52,FMN GV 18 Kasterlee
84,Oudemolsedijk,2021-07-23,18:00:00,43,23,20,FMN GV 18 Kasterlee
84,Oudemolsedijk,2021-07-23,19:00:00,40,22,18,FMN GV 18 Kasterlee
84,Oudemolsedijk,2021-07-23,20:00:00,26,6,20,FMN GV 18 Kasterlee
84,Oudemolsedijk,2021-07-23,21:00:00,8,4,4,FMN GV 18 Kasterlee
84,Oudemolsedijk,2021-07-23,22:00:00,12,7,5,FMN GV 18 Kasterlee
84,Oudemolsedijk,2021-07-23,23:00:00,7,3,4,FMN GV 18 Kasterlee
84,Oudemolsedijk,2021-07-24,00:00:00,0,0,0,FMN GV 18 Kasterlee
84,Oudemolsedijk,2021-07-24,01:00:00,0,0,0,FMN GV 18 Kasterlee
84,Oudemolsedijk,2021-07-24,02:00:00,1,1,0,FMN GV 18 Kasterlee
84,Oudemolsedijk,2021-07-24,03:00:00,0,0,0,FMN GV 18 Kasterlee
84,Oudemolsedijk,2021-07-24,04:00:00,1,0,1,FMN GV 18 Kasterlee
84,Oudemolsedijk,2021-07-24,05:00:00,1,1,0,FMN GV 18 Kasterlee
84,Oudemolsedijk,2021-07-24,06:00:00,8,4,4,FMN GV 18 Kasterlee
84,Oudemolsedijk,2021-07-24,07:00:00,0,0,0,FMN GV 18 Kasterlee
84,Oudemolsedijk,2021-07-24,08:00:00,9,5,4,FMN GV 18 Kasterlee
84,Oudemolsedijk,2021-07-24,09:00:00,31,8,23,FMN GV 18 Kasterlee
84,Oudemolsedijk,2021-07-24,10:00:00,35,10,25,FMN GV 18 Kasterlee
84,Oudemolsedijk,2021-07-24,11:00:00,33,11,22,FMN GV 18 Kasterlee
84,Oudemolsedijk,2021-07-24,12:00:00,66,46,20,FMN GV 18 Kasterlee
84,Oudemolsedijk,2021-07-24,13:00:00,65,34,31,FMN GV 18 Kasterlee
84,Oudemolsedijk,2021-07-24,14:00:00,27,5,22,FMN GV 18 Kasterlee
84,Oudemolsedijk,2021-07-24,15:00:00,20,12,8,FMN GV 18 Kasterlee
84,Oudemolsedijk,2021-07-24,16:00:00,13,6,7,FMN GV 18 Kasterlee
84,Oudemolsedijk,2021-07-24,17:00:00,5,5,0,FMN GV 18 Kasterlee
84,Oudemolsedijk,2021-07-24,18:00:00,16,16,0,FMN GV 18 Kasterlee
84,Oudemolsedijk,2021-07-24,19:00:00,2,2,0,FMN GV 18 Kasterlee
84,Oudemolsedijk,2021-07-24,20:00:00,2,0,2,FMN GV 18 Kasterlee
84,Oudemolsedijk,2021-07-24,21:00:00,0,0,0,FMN GV 18 Kasterlee
84,Oudemolsedijk,2021-07-24,22:00:00,2,1,1,FMN GV 18 Kasterlee
84,Oudemolsedijk,2021-07-24,23:00:00,0,0,0,FMN GV 18 Kasterlee
84,Oudemolsedijk,2021-07-25,00:00:00,0,0,0,FMN GV 18 Kasterlee
84,Oudemolsedijk,2021-07-25,01:00:00,0,0,0,FMN GV 18 Kasterlee
84,Oudemolsedijk,2021-07-25,02:00:00,0,0,0,FMN GV 18 Kasterlee
84,Oudemolsedijk,2021-07-25,03:00:00,0,0,0,FMN GV 18 Kasterlee
84,Oudemolsedijk,2021-07-25,04:00:00,0,0,0,FMN GV 18 Kasterlee
84,Oudemolsedijk,2021-07-25,05:00:00,0,0,0,FMN GV 18 Kasterlee
84,Oudemolsedijk,2021-07-25,06:00:00,1,1,0,FMN GV 18 Kasterlee
84,Oudemolsedijk,2021-07-25,07:00:00,11,1,10,FMN GV 18 Kasterlee
84,Oudemolsedijk,2021-07-25,08:00:00,26,16,10,FMN GV 18 Kasterlee
84,Oudemolsedijk,2021-07-25,09:00:00,94,37,57,FMN GV 18 Kasterlee
84,Oudemolsedijk,2021-07-25,10:00:00,164,103,61,FMN GV 18 Kasterlee
84,Oudemolsedijk,2021-07-25,11:00:00,163,97,66,FMN GV 18 Kasterlee
84,Oudemolsedijk,2021-07-25,12:00:00,79,39,40,FMN GV 18 Kasterlee
84,Oudemolsedijk,2021-07-25,13:00:00,79,46,33,FMN GV 18 Kasterlee
84,Oudemolsedijk,2021-07-25,14:00:00,112,65,47,FMN GV 18 Kasterlee
84,Oudemolsedijk,2021-07-25,15:00:00,52,26,26,FMN GV 18 Kasterlee
84,Oudemolsedijk,2021-07-25,16:00:00,37,28,9,FMN GV 18 Kasterlee
84,Oudemolsedijk,2021-07-25,17:00:00,36,8,28,FMN GV 18 Kasterlee
84,Oudemolsedijk,2021-07-25,18:00:00,23,9,14,FMN GV 18 Kasterlee
84,Oudemolsedijk,2021-07-25,19:00:00,4,2,2,FMN GV 18 Kasterlee
84,Oudemolsedijk,2021-07-25,20:00:00,7,3,4,FMN GV 18 Kasterlee
84,Oudemolsedijk,2021-07-25,21:00:00,2,1,1,FMN GV 18 Kasterlee
84,Oudemolsedijk,2021-07-25,22:00:00,1,0,1,FMN GV 18 Kasterlee
84,Oudemolsedijk,2021-07-25,23:00:00,1,1,0,FMN GV 18 Kasterlee
84,Oudemolsedijk,2021-07-26,00:00:00,0,0,0,FMN GV 18 Kasterlee
84,Oudemolsedijk,2021-07-26,01:00:00,1,0,1,FMN GV 18 Kasterlee
84,Oudemolsedijk,2021-07-26,02:00:00,0,0,0,FMN GV 18 Kasterlee
84,Oudemolsedijk,2021-07-26,03:00:00,1,0,1,FMN GV 18 Kasterlee
84,Oudemolsedijk,2021-07-26,04:00:00,0,0,0,FMN GV 18 Kasterlee
84,Oudemolsedijk,2021-07-26,05:00:00,6,5,1,FMN GV 18 Kasterlee
84,Oudemolsedijk,2021-07-26,06:00:00,9,5,4,FMN GV 18 Kasterlee
84,Oudemolsedijk,2021-07-26,07:00:00,9,5,4,FMN GV 18 Kasterlee
84,Oudemolsedijk,2021-07-26,08:00:00,6,6,0,FMN GV 18 Kasterlee
84,Oudemolsedijk,2021-07-26,09:00:00,8,1,7,FMN GV 18 Kasterlee
84,Oudemolsedijk,2021-07-26,10:00:00,14,9,5,FMN GV 18 Kasterlee
84,Oudemolsedijk,2021-07-26,11:00:00,27,9,18,FMN GV 18 Kasterlee
84,Oudemolsedijk,2021-07-26,12:00:00,21,12,9,FMN GV 18 Kasterlee
84,Oudemolsedijk,2021-07-26,13:00:00,40,16,24,FMN GV 18 Kasterlee
84,Oudemolsedijk,2021-07-26,14:00:00,30,15,15,FMN GV 18 Kasterlee
84,Oudemolsedijk,2021-07-26,15:00:00,29,16,13,FMN GV 18 Kasterlee
84,Oudemolsedijk,2021-07-26,16:00:00,12,6,6,FMN GV 18 Kasterlee
84,Oudemolsedijk,2021-07-26,17:00:00,9,3,6,FMN GV 18 Kasterlee
84,Oudemolsedijk,2021-07-26,18:00:00,16,4,12,FMN GV 18 Kasterlee
84,Oudemolsedijk,2021-07-26,19:00:00,5,2,3,FMN GV 18 Kasterlee
84,Oudemolsedijk,2021-07-26,20:00:00,9,6,3,FMN GV 18 Kasterlee
84,Oudemolsedijk,2021-07-26,21:00:00,4,3,1,FMN GV 18 Kasterlee
84,Oudemolsedijk,2021-07-26,22:00:00,5,1,4,FMN GV 18 Kasterlee
84,Oudemolsedijk,2021-07-26,23:00:00,0,0,0,FMN GV 18 Kasterlee
84,Oudemolsedijk,2021-07-27,00:00:00,0,0,0,FMN GV 18 Kasterlee
84,Oudemolsedijk,2021-07-27,01:00:00,0,0,0,FMN GV 18 Kasterlee
84,Oudemolsedijk,2021-07-27,02:00:00,0,0,0,FMN GV 18 Kasterlee
84,Oudemolsedijk,2021-07-27,03:00:00,0,0,0,FMN GV 18 Kasterlee
84,Oudemolsedijk,2021-07-27,04:00:00,0,0,0,FMN GV 18 Kasterlee
84,Oudemolsedijk,2021-07-27,05:00:00,3,3,0,FMN GV 18 Kasterlee
84,Oudemolsedijk,2021-07-27,06:00:00,8,5,3,FMN GV 18 Kasterlee
84,Oudemolsedijk,2021-07-27,07:00:00,9,3,6,FMN GV 18 Kasterlee
84,Oudemolsedijk,2021-07-27,08:00:00,10,6,4,FMN GV 18 Kasterlee
84,Oudemolsedijk,2021-07-27,09:00:00,14,5,9,FMN GV 18 Kasterlee
84,Oudemolsedijk,2021-07-27,10:00:00,49,18,31,FMN GV 18 Kasterlee
84,Oudemolsedijk,2021-07-27,11:00:00,45,21,24,FMN GV 18 Kasterlee
84,Oudemolsedijk,2021-07-27,12:00:00,34,16,18,FMN GV 18 Kasterlee
84,Oudemolsedijk,2021-07-27,13:00:00,74,21,53,FMN GV 18 Kasterlee
84,Oudemolsedijk,2021-07-27,14:00:00,79,44,35,FMN GV 18 Kasterlee
84,Oudemolsedijk,2021-07-27,15:00:00,85,49,36,FMN GV 18 Kasterlee
84,Oudemolsedijk,2021-07-27,16:00:00,44,28,16,FMN GV 18 Kasterlee
84,Oudemolsedijk,2021-07-27,17:00:00,25,14,11,FMN GV 18 Kasterlee
84,Oudemolsedijk,2021-07-27,18:00:00,9,2,7,FMN GV 18 Kasterlee
84,Oudemolsedijk,2021-07-27,19:00:00,51,17,34,FMN GV 18 Kasterlee
84,Oudemolsedijk,2021-07-27,20:00:00,20,8,12,FMN GV 18 Kasterlee
84,Oudemolsedijk,2021-07-27,21:00:00,17,10,7,FMN GV 18 Kasterlee
84,Oudemolsedijk,2021-07-27,22:00:00,6,2,4,FMN GV 18 Kasterlee
84,Oudemolsedijk,2021-07-27,23:00:00,0,0,0,FMN GV 18 Kasterlee
84,Oudemolsedijk,2021-07-28,00:00:00,1,0,1,FMN GV 18 Kasterlee
84,Oudemolsedijk,2021-07-28,01:00:00,0,0,0,FMN GV 18 Kasterlee
84,Oudemolsedijk,2021-07-28,02:00:00,0,0,0,FMN GV 18 Kasterlee
84,Oudemolsedijk,2021-07-28,03:00:00,0,0,0,FMN GV 18 Kasterlee
84,Oudemolsedijk,2021-07-28,04:00:00,0,0,0,FMN GV 18 Kasterlee
84,Oudemolsedijk,2021-07-28,05:00:00,3,3,0,FMN GV 18 Kasterlee
84,Oudemolsedijk,2021-07-28,06:00:00,11,6,5,FMN GV 18 Kasterlee
84,Oudemolsedijk,2021-07-28,07:00:00,11,7,4,FMN GV 18 Kasterlee
84,Oudemolsedijk,2021-07-28,08:00:00,10,8,2,FMN GV 18 Kasterlee
84,Oudemolsedijk,2021-07-28,09:00:00,30,16,14,FMN GV 18 Kasterlee
84,Oudemolsedijk,2021-07-28,10:00:00,25,8,17,FMN GV 18 Kasterlee
84,Oudemolsedijk,2021-07-28,11:00:00,35,15,20,FMN GV 18 Kasterlee
84,Oudemolsedijk,2021-07-28,12:00:00,37,29,8,FMN GV 18 Kasterlee
84,Oudemolsedijk,2021-07-28,13:00:00,64,32,32,FMN GV 18 Kasterlee
84,Oudemolsedijk,2021-07-28,14:00:00,60,33,27,FMN GV 18 Kasterlee
84,Oudemolsedijk,2021-07-28,15:00:00,39,23,16,FMN GV 18 Kasterlee
84,Oudemolsedijk,2021-07-28,16:00:00,51,26,25,FMN GV 18 Kasterlee
84,Oudemolsedijk,2021-07-28,17:00:00,47,19,28,FMN GV 18 Kasterlee
84,Oudemolsedijk,2021-07-28,18:00:00,19,4,15,FMN GV 18 Kasterlee
84,Oudemolsedijk,2021-07-28,19:00:00,23,9,14,FMN GV 18 Kasterlee
84,Oudemolsedijk,2021-07-28,20:00:00,18,9,9,FMN GV 18 Kasterlee
84,Oudemolsedijk,2021-07-28,21:00:00,4,4,0,FMN GV 18 Kasterlee
84,Oudemolsedijk,2021-07-28,22:00:00,3,0,3,FMN GV 18 Kasterlee
84,Oudemolsedijk,2021-07-28,23:00:00,0,0,0,FMN GV 18 Kasterlee
84,Oudemolsedijk,2021-07-29,00:00:00,0,0,0,FMN GV 18 Kasterlee
84,Oudemolsedijk,2021-07-29,01:00:00,0,0,0,FMN GV 18 Kasterlee
84,Oudemolsedijk,2021-07-29,02:00:00,0,0,0,FMN GV 18 Kasterlee
84,Oudemolsedijk,2021-07-29,03:00:00,0,0,0,FMN GV 18 Kasterlee
84,Oudemolsedijk,2021-07-29,04:00:00,0,0,0,FMN GV 18 Kasterlee
84,Oudemolsedijk,2021-07-29,05:00:00,3,3,0,FMN GV 18 Kasterlee
84,Oudemolsedijk,2021-07-29,06:00:00,11,9,2,FMN GV 18 Kasterlee
84,Oudemolsedijk,2021-07-29,07:00:00,13,9,4,FMN GV 18 Kasterlee
84,Oudemolsedijk,2021-07-29,08:00:00,12,5,7,FMN GV 18 Kasterlee
84,Oudemolsedijk,2021-07-29,09:00:00,20,10,10,FMN GV 18 Kasterlee
84,Oudemolsedijk,2021-07-29,10:00:00,53,27,26,FMN GV 18 Kasterlee
84,Oudemolsedijk,2021-07-29,11:00:00,34,19,15,FMN GV 18 Kasterlee
84,Oudemolsedijk,2021-07-29,12:00:00,48,29,19,FMN GV 18 Kasterlee
84,Oudemolsedijk,2021-07-29,13:00:00,87,41,46,FMN GV 18 Kasterlee
84,Oudemolsedijk,2021-07-29,14:00:00,106,72,34,FMN GV 18 Kasterlee
84,Oudemolsedijk,2021-07-29,15:00:00,114,58,56,FMN GV 18 Kasterlee
84,Oudemolsedijk,2021-07-29,16:00:00,90,54,36,FMN GV 18 Kasterlee
84,Oudemolsedijk,2021-07-29,17:00:00,54,35,19,FMN GV 18 Kasterlee
84,Oudemolsedijk,2021-07-29,18:00:00,53,33,20,FMN GV 18 Kasterlee
84,Oudemolsedijk,2021-07-29,19:00:00,23,13,10,FMN GV 18 Kasterlee
84,Oudemolsedijk,2021-07-29,20:00:00,43,20,23,FMN GV 18 Kasterlee
84,Oudemolsedijk,2021-07-29,21:00:00,2,1,1,FMN GV 18 Kasterlee
84,Oudemolsedijk,2021-07-29,22:00:00,8,1,7,FMN GV 18 Kasterlee
84,Oudemolsedijk,2021-07-29,23:00:00,0,0,0,FMN GV 18 Kasterlee
84,Oudemolsedijk,2021-07-30,00:00:00,0,0,0,FMN GV 18 Kasterlee
84,Oudemolsedijk,2021-07-30,01:00:00,0,0,0,FMN GV 18 Kasterlee
84,Oudemolsedijk,2021-07-30,02:00:00,1,0,1,FMN GV 18 Kasterlee
84,Oudemolsedijk,2021-07-30,03:00:00,0,0,0,FMN GV 18 Kasterlee
84,Oudemolsedijk,2021-07-30,04:00:00,2,1,1,FMN GV 18 Kasterlee
84,Oudemolsedijk,2021-07-30,05:00:00,6,5,1,FMN GV 18 Kasterlee
84,Oudemolsedijk,2021-07-30,06:00:00,8,5,3,FMN GV 18 Kasterlee
84,Oudemolsedijk,2021-07-30,07:00:00,11,4,7,FMN GV 18 Kasterlee
84,Oudemolsedijk,2021-07-30,08:00:00,18,11,7,FMN GV 18 Kasterlee
84,Oudemolsedijk,2021-07-30,09:00:00,22,8,14,FMN GV 18 Kasterlee
84,Oudemolsedijk,2021-07-30,10:00:00,56,29,27,FMN GV 18 Kasterlee
84,Oudemolsedijk,2021-07-30,11:00:00,41,22,19,FMN GV 18 Kasterlee
84,Oudemolsedijk,2021-07-30,12:00:00,40,28,12,FMN GV 18 Kasterlee
84,Oudemolsedijk,2021-07-30,13:00:00,51,32,19,FMN GV 18 Kasterlee
84,Oudemolsedijk,2021-07-30,14:00:00,60,23,37,FMN GV 18 Kasterlee
84,Oudemolsedijk,2021-07-30,15:00:00,68,24,44,FMN GV 18 Kasterlee
84,Oudemolsedijk,2021-07-30,16:00:00,49,35,14,FMN GV 18 Kasterlee
84,Oudemolsedijk,2021-07-30,17:00:00,24,14,10,FMN GV 18 Kasterlee
84,Oudemolsedijk,2021-07-30,18:00:00,27,9,18,FMN GV 18 Kasterlee
84,Oudemolsedijk,2021-07-30,19:00:00,8,6,2,FMN GV 18 Kasterlee
84,Oudemolsedijk,2021-07-30,20:00:00,7,4,3,FMN GV 18 Kasterlee
84,Oudemolsedijk,2021-07-30,21:00:00,4,1,3,FMN GV 18 Kasterlee
84,Oudemolsedijk,2021-07-30,22:00:00,2,0,2,FMN GV 18 Kasterlee
84,Oudemolsedijk,2021-07-30,23:00:00,2,2,0,FMN GV 18 Kasterlee
84,Oudemolsedijk,2021-07-31,00:00:00,0,0,0,FMN GV 18 Kasterlee
84,Oudemolsedijk,2021-07-31,01:00:00,2,0,2,FMN GV 18 Kasterlee
84,Oudemolsedijk,2021-07-31,02:00:00,0,0,0,FMN GV 18 Kasterlee
84,Oudemolsedijk,2021-07-31,03:00:00,0,0,0,FMN GV 18 Kasterlee
84,Oudemolsedijk,2021-07-31,04:00:00,0,0,0,FMN GV 18 Kasterlee
84,Oudemolsedijk,2021-07-31,05:00:00,0,0,0,FMN GV 18 Kasterlee
84,Oudemolsedijk,2021-07-31,06:00:00,0,0,0,FMN GV 18 Kasterlee
84,Oudemolsedijk,2021-07-31,07:00:00,1,1,0,FMN GV 18 Kasterlee
84,Oudemolsedijk,2021-07-31,08:00:00,23,4,19,FMN GV 18 Kasterlee
84,Oudemolsedijk,2021-07-31,09:00:00,32,12,20,FMN GV 18 Kasterlee
84,Oudemolsedijk,2021-07-31,10:00:00,40,22,18,FMN GV 18 Kasterlee
84,Oudemolsedijk,2021-07-31,11:00:00,51,27,24,FMN GV 18 Kasterlee
84,Oudemolsedijk,2021-07-31,12:00:00,56,19,37,FMN GV 18 Kasterlee
84,Oudemolsedijk,2021-07-31,13:00:00,78,30,48,FMN GV 18 Kasterlee
84,Oudemolsedijk,2021-07-31,14:00:00,73,33,40,FMN GV 18 Kasterlee
84,Oudemolsedijk,2021-07-31,15:00:00,70,45,25,FMN GV 18 Kasterlee
84,Oudemolsedijk,2021-07-31,16:00:00,55,31,24,FMN GV 18 Kasterlee
84,Oudemolsedijk,2021-07-31,17:00:00,35,22,13,FMN GV 18 Kasterlee
84,Oudemolsedijk,2021-07-31,18:00:00,42,33,9,FMN GV 18 Kasterlee
84,Oudemolsedijk,2021-07-31,19:00:00,17,6,11,FMN GV 18 Kasterlee
84,Oudemolsedijk,2021-07-31,20:00:00,16,11,5,FMN GV 18 Kasterlee
84,Oudemolsedijk,2021-07-31,21:00:00,5,2,3,FMN GV 18 Kasterlee
84,Oudemolsedijk,2021-07-31,22:00:00,1,1,0,FMN GV 18 Kasterlee
84,Oudemolsedijk,2021-07-31,23:00:00,2,2,0,FMN GV 18 Kasterlee
84,Oudemolsedijk,2021-08-01,00:00:00,1,0,1,FMN GV 18 Kasterlee
84,Oudemolsedijk,2021-08-01,01:00:00,1,0,1,FMN GV 18 Kasterlee
84,Oudemolsedijk,2021-08-01,02:00:00,3,1,2,FMN GV 18 Kasterlee
84,Oudemolsedijk,2021-08-01,03:00:00,0,0,0,FMN GV 18 Kasterlee
84,Oudemolsedijk,2021-08-01,04:00:00,0,0,0,FMN GV 18 Kasterlee
84,Oudemolsedijk,2021-08-01,05:00:00,0,0,0,FMN GV 18 Kasterlee
84,Oudemolsedijk,2021-08-01,06:00:00,5,3,2,FMN GV 18 Kasterlee
84,Oudemolsedijk,2021-08-01,07:00:00,12,1,11,FMN GV 18 Kasterlee
84,Oudemolsedijk,2021-08-01,08:00:00,18,11,7,FMN GV 18 Kasterlee
84,Oudemolsedijk,2021-08-01,09:00:00,71,35,36,FMN GV 18 Kasterlee
84,Oudemolsedijk,2021-08-01,10:00:00,124,89,35,FMN GV 18 Kasterlee
84,Oudemolsedijk,2021-08-01,11:00:00,78,26,52,FMN GV 18 Kasterlee
84,Oudemolsedijk,2021-08-01,12:00:00,36,24,12,FMN GV 18 Kasterlee
84,Oudemolsedijk,2021-08-01,13:00:00,10,4,6,FMN GV 18 Kasterlee
84,Oudemolsedijk,2021-08-01,14:00:00,33,15,18,FMN GV 18 Kasterlee
84,Oudemolsedijk,2021-08-01,15:00:00,27,19,8,FMN GV 18 Kasterlee
84,Oudemolsedijk,2021-08-01,16:00:00,13,7,6,FMN GV 18 Kasterlee
84,Oudemolsedijk,2021-08-01,17:00:00,5,3,2,FMN GV 18 Kasterlee
84,Oudemolsedijk,2021-08-01,18:00:00,11,9,2,FMN GV 18 Kasterlee
84,Oudemolsedijk,2021-08-01,19:00:00,2,2,0,FMN GV 18 Kasterlee
84,Oudemolsedijk,2021-08-01,20:00:00,1,0,1,FMN GV 18 Kasterlee
84,Oudemolsedijk,2021-08-01,21:00:00,3,1,2,FMN GV 18 Kasterlee
84,Oudemolsedijk,2021-08-01,22:00:00,0,0,0,FMN GV 18 Kasterlee
84,Oudemolsedijk,2021-08-01,23:00:00,0,0,0,FMN GV 18 Kasterlee
84,Oudemolsedijk,2021-08-02,00:00:00,0,0,0,FMN GV 18 Kasterlee
84,Oudemolsedijk,2021-08-02,01:00:00,0,0,0,FMN GV 18 Kasterlee
84,Oudemolsedijk,2021-08-02,02:00:00,0,0,0,FMN GV 18 Kasterlee
84,Oudemolsedijk,2021-08-02,03:00:00,0,0,0,FMN GV 18 Kasterlee
84,Oudemolsedijk,2021-08-02,04:00:00,1,1,0,FMN GV 18 Kasterlee
84,Oudemolsedijk,2021-08-02,05:00:00,1,1,0,FMN GV 18 Kasterlee
84,Oudemolsedijk,2021-08-02,06:00:00,7,1,6,FMN GV 18 Kasterlee
84,Oudemolsedijk,2021-08-02,07:00:00,12,5,7,FMN GV 18 Kasterlee
84,Oudemolsedijk,2021-08-02,08:00:00,4,2,2,FMN GV 18 Kasterlee
84,Oudemolsedijk,2021-08-02,09:00:00,10,6,4,FMN GV 18 Kasterlee
84,Oudemolsedijk,2021-08-02,10:00:00,21,11,10,FMN GV 18 Kasterlee
84,Oudemolsedijk,2021-08-02,11:00:00,37,21,16,FMN GV 18 Kasterlee
84,Oudemolsedijk,2021-08-02,12:00:00,31,10,21,FMN GV 18 Kasterlee
84,Oudemolsedijk,2021-08-02,13:00:00,86,35,51,FMN GV 18 Kasterlee
84,Oudemolsedijk,2021-08-02,14:00:00,93,44,49,FMN GV 18 Kasterlee
84,Oudemolsedijk,2021-08-02,15:00:00,81,54,27,FMN GV 18 Kasterlee
84,Oudemolsedijk,2021-08-02,16:00:00,84,37,47,FMN GV 18 Kasterlee
84,Oudemolsedijk,2021-08-02,17:00:00,34,19,15,FMN GV 18 Kasterlee
84,Oudemolsedijk,2021-08-02,18:00:00,30,16,14,FMN GV 18 Kasterlee
84,Oudemolsedijk,2021-08-02,19:00:00,27,18,9,FMN GV 18 Kasterlee
84,Oudemolsedijk,2021-08-02,20:00:00,40,21,19,FMN GV 18 Kasterlee
84,Oudemolsedijk,2021-08-02,21:00:00,13,10,3,FMN GV 18 Kasterlee
84,Oudemolsedijk,2021-08-02,22:00:00,2,1,1,FMN GV 18 Kasterlee
84,Oudemolsedijk,2021-08-02,23:00:00,2,2,0,FMN GV 18 Kasterlee
84,Oudemolsedijk,2021-08-03,00:00:00,0,0,0,FMN GV 18 Kasterlee
84,Oudemolsedijk,2021-08-03,01:00:00,0,0,0,FMN GV 18 Kasterlee
84,Oudemolsedijk,2021-08-03,02:00:00,0,0,0,FMN GV 18 Kasterlee
84,Oudemolsedijk,2021-08-03,03:00:00,0,0,0,FMN GV 18 Kasterlee
84,Oudemolsedijk,2021-08-03,04:00:00,1,1,0,FMN GV 18 Kasterlee
84,Oudemolsedijk,2021-08-03,05:00:00,3,3,0,FMN GV 18 Kasterlee
84,Oudemolsedijk,2021-08-03,06:00:00,6,0,6,FMN GV 18 Kasterlee
84,Oudemolsedijk,2021-08-03,07:00:00,5,0,5,FMN GV 18 Kasterlee
84,Oudemolsedijk,2021-08-03,08:00:00,6,2,4,FMN GV 18 Kasterlee
84,Oudemolsedijk,2021-08-03,09:00:00,12,1,11,FMN GV 18 Kasterlee
84,Oudemolsedijk,2021-08-03,10:00:00,16,9,7,FMN GV 18 Kasterlee
84,Oudemolsedijk,2021-08-03,11:00:00,60,25,35,FMN GV 18 Kasterlee
84,Oudemolsedijk,2021-08-03,12:00:00,45,21,24,FMN GV 18 Kasterlee
84,Oudemolsedijk,2021-08-03,13:00:00,70,26,44,FMN GV 18 Kasterlee
84,Oudemolsedijk,2021-08-03,14:00:00,92,45,47,FMN GV 18 Kasterlee
84,Oudemolsedijk,2021-08-03,15:00:00,111,56,55,FMN GV 18 Kasterlee
84,Oudemolsedijk,2021-08-03,16:00:00,86,56,30,FMN GV 18 Kasterlee
84,Oudemolsedijk,2021-08-03,17:00:00,47,27,20,FMN GV 18 Kasterlee
84,Oudemolsedijk,2021-08-03,18:00:00,24,14,10,FMN GV 18 Kasterlee
84,Oudemolsedijk,2021-08-03,19:00:00,44,13,31,FMN GV 18 Kasterlee
84,Oudemolsedijk,2021-08-03,20:00:00,19,12,7,FMN GV 18 Kasterlee
84,Oudemolsedijk,2021-08-03,21:00:00,4,2,2,FMN GV 18 Kasterlee
84,Oudemolsedijk,2021-08-03,22:00:00,1,1,0,FMN GV 18 Kasterlee
84,Oudemolsedijk,2021-08-03,23:00:00,0,0,0,FMN GV 18 Kasterlee
84,Oudemolsedijk,2021-08-04,00:00:00,1,0,1,FMN GV 18 Kasterlee
84,Oudemolsedijk,2021-08-04,01:00:00,0,0,0,FMN GV 18 Kasterlee
84,Oudemolsedijk,2021-08-04,02:00:00,0,0,0,FMN GV 18 Kasterlee
84,Oudemolsedijk,2021-08-04,03:00:00,0,0,0,FMN GV 18 Kasterlee
84,Oudemolsedijk,2021-08-04,04:00:00,2,2,0,FMN GV 18 Kasterlee
84,Oudemolsedijk,2021-08-04,05:00:00,2,2,0,FMN GV 18 Kasterlee
84,Oudemolsedijk,2021-08-04,06:00:00,11,4,7,FMN GV 18 Kasterlee
84,Oudemolsedijk,2021-08-04,07:00:00,9,3,6,FMN GV 18 Kasterlee
84,Oudemolsedijk,2021-08-04,08:00:00,8,2,6,FMN GV 18 Kasterlee
84,Oudemolsedijk,2021-08-04,09:00:00,17,7,10,FMN GV 18 Kasterlee
84,Oudemolsedijk,2021-08-04,10:00:00,37,12,25,FMN GV 18 Kasterlee
84,Oudemolsedijk,2021-08-04,11:00:00,53,30,23,FMN GV 18 Kasterlee
84,Oudemolsedijk,2021-08-04,12:00:00,59,34,25,FMN GV 18 Kasterlee
84,Oudemolsedijk,2021-08-04,13:00:00,76,39,37,FMN GV 18 Kasterlee
84,Oudemolsedijk,2021-08-04,14:00:00,151,108,43,FMN GV 18 Kasterlee
84,Oudemolsedijk,2021-08-04,15:00:00,87,49,38,FMN GV 18 Kasterlee
84,Oudemolsedijk,2021-08-04,16:00:00,89,48,41,FMN GV 18 Kasterlee
84,Oudemolsedijk,2021-08-04,17:00:00,36,28,8,FMN GV 18 Kasterlee
84,Oudemolsedijk,2021-08-04,18:00:00,41,19,22,FMN GV 18 Kasterlee
84,Oudemolsedijk,2021-08-04,19:00:00,31,12,19,FMN GV 18 Kasterlee
84,Oudemolsedijk,2021-08-04,20:00:00,56,36,20,FMN GV 18 Kasterlee
84,Oudemolsedijk,2021-08-04,21:00:00,11,6,5,FMN GV 18 Kasterlee
84,Oudemolsedijk,2021-08-04,22:00:00,2,1,1,FMN GV 18 Kasterlee
84,Oudemolsedijk,2021-08-04,23:00:00,0,0,0,FMN GV 18 Kasterlee
84,Oudemolsedijk,2021-08-05,00:00:00,0,0,0,FMN GV 18 Kasterlee
84,Oudemolsedijk,2021-08-05,01:00:00,0,0,0,FMN GV 18 Kasterlee
84,Oudemolsedijk,2021-08-05,02:00:00,0,0,0,FMN GV 18 Kasterlee
84,Oudemolsedijk,2021-08-05,03:00:00,0,0,0,FMN GV 18 Kasterlee
84,Oudemolsedijk,2021-08-05,04:00:00,1,1,0,FMN GV 18 Kasterlee
84,Oudemolsedijk,2021-08-05,05:00:00,3,3,0,FMN GV 18 Kasterlee
84,Oudemolsedijk,2021-08-05,06:00:00,14,7,7,FMN GV 18 Kasterlee
84,Oudemolsedijk,2021-08-05,07:00:00,12,5,7,FMN GV 18 Kasterlee
84,Oudemolsedijk,2021-08-05,08:00:00,16,4,12,FMN GV 18 Kasterlee
84,Oudemolsedijk,2021-08-05,09:00:00,21,11,10,FMN GV 18 Kasterlee
84,Oudemolsedijk,2021-08-05,10:00:00,50,21,29,FMN GV 18 Kasterlee
84,Oudemolsedijk,2021-08-05,11:00:00,57,39,18,FMN GV 18 Kasterlee
84,Oudemolsedijk,2021-08-05,12:00:00,60,21,39,FMN GV 18 Kasterlee
84,Oudemolsedijk,2021-08-05,13:00:00,77,32,45,FMN GV 18 Kasterlee
84,Oudemolsedijk,2021-08-05,14:00:00,123,58,65,FMN GV 18 Kasterlee
84,Oudemolsedijk,2021-08-05,15:00:00,115,67,48,FMN GV 18 Kasterlee
84,Oudemolsedijk,2021-08-05,16:00:00,114,72,42,FMN GV 18 Kasterlee
84,Oudemolsedijk,2021-08-05,17:00:00,42,28,14,FMN GV 18 Kasterlee
84,Oudemolsedijk,2021-08-05,18:00:00,21,7,14,FMN GV 18 Kasterlee
84,Oudemolsedijk,2021-08-05,19:00:00,35,22,13,FMN GV 18 Kasterlee
84,Oudemolsedijk,2021-08-05,20:00:00,38,20,18,FMN GV 18 Kasterlee
84,Oudemolsedijk,2021-08-05,21:00:00,5,5,0,FMN GV 18 Kasterlee
84,Oudemolsedijk,2021-08-05,22:00:00,3,1,2,FMN GV 18 Kasterlee
84,Oudemolsedijk,2021-08-05,23:00:00,0,0,0,FMN GV 18 Kasterlee
84,Oudemolsedijk,2021-08-06,00:00:00,0,0,0,FMN GV 18 Kasterlee
84,Oudemolsedijk,2021-08-06,01:00:00,0,0,0,FMN GV 18 Kasterlee
84,Oudemolsedijk,2021-08-06,02:00:00,1,1,0,FMN GV 18 Kasterlee
84,Oudemolsedijk,2021-08-06,03:00:00,0,0,0,FMN GV 18 Kasterlee
84,Oudemolsedijk,2021-08-06,04:00:00,1,1,0,FMN GV 18 Kasterlee
84,Oudemolsedijk,2021-08-06,05:00:00,4,3,1,FMN GV 18 Kasterlee
84,Oudemolsedijk,2021-08-06,06:00:00,7,1,6,FMN GV 18 Kasterlee
84,Oudemolsedijk,2021-08-06,07:00:00,6,3,3,FMN GV 18 Kasterlee
84,Oudemolsedijk,2021-08-06,08:00:00,3,2,1,FMN GV 18 Kasterlee
84,Oudemolsedijk,2021-08-06,09:00:00,8,3,5,FMN GV 18 Kasterlee
84,Oudemolsedijk,2021-08-06,10:00:00,29,9,20,FMN GV 18 Kasterlee
84,Oudemolsedijk,2021-08-06,11:00:00,41,32,9,FMN GV 18 Kasterlee
84,Oudemolsedijk,2021-08-06,12:00:00,16,11,5,FMN GV 18 Kasterlee
84,Oudemolsedijk,2021-08-06,13:00:00,30,9,21,FMN GV 18 Kasterlee
84,Oudemolsedijk,2021-08-06,14:00:00,32,13,19,FMN GV 18 Kasterlee
84,Oudemolsedijk,2021-08-06,15:00:00,22,11,11,FMN GV 18 Kasterlee
84,Oudemolsedijk,2021-08-06,16:00:00,32,23,9,FMN GV 18 Kasterlee
84,Oudemolsedijk,2021-08-06,17:00:00,16,4,12,FMN GV 18 Kasterlee
84,Oudemolsedijk,2021-08-06,18:00:00,14,5,9,FMN GV 18 Kasterlee
84,Oudemolsedijk,2021-08-06,19:00:00,10,5,5,FMN GV 18 Kasterlee
84,Oudemolsedijk,2021-08-06,20:00:00,3,2,1,FMN GV 18 Kasterlee
84,Oudemolsedijk,2021-08-06,21:00:00,7,7,0,FMN GV 18 Kasterlee
84,Oudemolsedijk,2021-08-06,22:00:00,2,1,1,FMN GV 18 Kasterlee
84,Oudemolsedijk,2021-08-06,23:00:00,1,0,1,FMN GV 18 Kasterlee
84,Oudemolsedijk,2021-08-07,00:00:00,3,3,0,FMN GV 18 Kasterlee
84,Oudemolsedijk,2021-08-07,01:00:00,1,0,1,FMN GV 18 Kasterlee
84,Oudemolsedijk,2021-08-07,02:00:00,1,0,1,FMN GV 18 Kasterlee
84,Oudemolsedijk,2021-08-07,03:00:00,0,0,0,FMN GV 18 Kasterlee
84,Oudemolsedijk,2021-08-07,04:00:00,0,0,0,FMN GV 18 Kasterlee
84,Oudemolsedijk,2021-08-07,05:00:00,0,0,0,FMN GV 18 Kasterlee
84,Oudemolsedijk,2021-08-07,06:00:00,2,0,2,FMN GV 18 Kasterlee
84,Oudemolsedijk,2021-08-07,07:00:00,5,1,4,FMN GV 18 Kasterlee
84,Oudemolsedijk,2021-08-07,08:00:00,15,7,8,FMN GV 18 Kasterlee
84,Oudemolsedijk,2021-08-07,09:00:00,22,8,14,FMN GV 18 Kasterlee
84,Oudemolsedijk,2021-08-07,10:00:00,78,24,54,FMN GV 18 Kasterlee
84,Oudemolsedijk,2021-08-07,11:00:00,74,37,37,FMN GV 18 Kasterlee
84,Oudemolsedijk,2021-08-07,12:00:00,49,23,26,FMN GV 18 Kasterlee
84,Oudemolsedijk,2021-08-07,13:00:00,97,41,56,FMN GV 18 Kasterlee
84,Oudemolsedijk,2021-08-07,14:00:00,57,28,29,FMN GV 18 Kasterlee
84,Oudemolsedijk,2021-08-07,15:00:00,45,27,18,FMN GV 18 Kasterlee
84,Oudemolsedijk,2021-08-07,16:00:00,36,24,12,FMN GV 18 Kasterlee
84,Oudemolsedijk,2021-08-07,17:00:00,47,28,19,FMN GV 18 Kasterlee
84,Oudemolsedijk,2021-08-07,18:00:00,16,12,4,FMN GV 18 Kasterlee
84,Oudemolsedijk,2021-08-07,19:00:00,1,1,0,FMN GV 18 Kasterlee
84,Oudemolsedijk,2021-08-07,20:00:00,4,3,1,FMN GV 18 Kasterlee
84,Oudemolsedijk,2021-08-07,21:00:00,3,1,2,FMN GV 18 Kasterlee
84,Oudemolsedijk,2021-08-07,22:00:00,0,0,0,FMN GV 18 Kasterlee
84,Oudemolsedijk,2021-08-07,23:00:00,1,0,1,FMN GV 18 Kasterlee
84,Oudemolsedijk,2021-08-08,00:00:00,3,1,2,FMN GV 18 Kasterlee
84,Oudemolsedijk,2021-08-08,01:00:00,2,2,0,FMN GV 18 Kasterlee
84,Oudemolsedijk,2021-08-08,02:00:00,0,0,0,FMN GV 18 Kasterlee
84,Oudemolsedijk,2021-08-08,03:00:00,0,0,0,FMN GV 18 Kasterlee
84,Oudemolsedijk,2021-08-08,04:00:00,0,0,0,FMN GV 18 Kasterlee
84,Oudemolsedijk,2021-08-08,05:00:00,0,0,0,FMN GV 18 Kasterlee
84,Oudemolsedijk,2021-08-08,06:00:00,0,0,0,FMN GV 18 Kasterlee
84,Oudemolsedijk,2021-08-08,07:00:00,9,0,9,FMN GV 18 Kasterlee
84,Oudemolsedijk,2021-08-08,08:00:00,17,4,13,FMN GV 18 Kasterlee
84,Oudemolsedijk,2021-08-08,09:00:00,88,36,52,FMN GV 18 Kasterlee
84,Oudemolsedijk,2021-08-08,10:00:00,95,50,45,FMN GV 18 Kasterlee
84,Oudemolsedijk,2021-08-08,11:00:00,91,44,47,FMN GV 18 Kasterlee
84,Oudemolsedijk,2021-08-08,12:00:00,53,23,30,FMN GV 18 Kasterlee
84,Oudemolsedijk,2021-08-08,13:00:00,60,20,40,FMN GV 18 Kasterlee
84,Oudemolsedijk,2021-08-08,14:00:00,52,27,25,FMN GV 18 Kasterlee
84,Oudemolsedijk,2021-08-08,15:00:00,46,20,26,FMN GV 18 Kasterlee
84,Oudemolsedijk,2021-08-08,16:00:00,21,14,7,FMN GV 18 Kasterlee
84,Oudemolsedijk,2021-08-08,17:00:00,31,22,9,FMN GV 18 Kasterlee
84,Oudemolsedijk,2021-08-08,18:00:00,15,9,6,FMN GV 18 Kasterlee
84,Oudemolsedijk,2021-08-08,19:00:00,8,1,7,FMN GV 18 Kasterlee
84,Oudemolsedijk,2021-08-08,20:00:00,8,8,0,FMN GV 18 Kasterlee
84,Oudemolsedijk,2021-08-08,21:00:00,1,0,1,FMN GV 18 Kasterlee
84,Oudemolsedijk,2021-08-08,22:00:00,4,2,2,FMN GV 18 Kasterlee
84,Oudemolsedijk,2021-08-08,23:00:00,0,0,0,FMN GV 18 Kasterlee
84,Oudemolsedijk,2021-08-09,00:00:00,0,0,0,FMN GV 18 Kasterlee
84,Oudemolsedijk,2021-08-09,01:00:00,0,0,0,FMN GV 18 Kasterlee
84,Oudemolsedijk,2021-08-09,02:00:00,0,0,0,FMN GV 18 Kasterlee
84,Oudemolsedijk,2021-08-09,03:00:00,0,0,0,FMN GV 18 Kasterlee
84,Oudemolsedijk,2021-08-09,04:00:00,1,0,1,FMN GV 18 Kasterlee
84,Oudemolsedijk,2021-08-09,05:00:00,3,2,1,FMN GV 18 Kasterlee
84,Oudemolsedijk,2021-08-09,06:00:00,10,4,6,FMN GV 18 Kasterlee
84,Oudemolsedijk,2021-08-09,07:00:00,9,3,6,FMN GV 18 Kasterlee
84,Oudemolsedijk,2021-08-09,08:00:00,11,3,8,FMN GV 18 Kasterlee
84,Oudemolsedijk,2021-08-09,09:00:00,4,2,2,FMN GV 18 Kasterlee
84,Oudemolsedijk,2021-08-09,10:00:00,17,7,10,FMN GV 18 Kasterlee
84,Oudemolsedijk,2021-08-09,11:00:00,15,9,6,FMN GV 18 Kasterlee
84,Oudemolsedijk,2021-08-09,12:00:00,17,13,4,FMN GV 18 Kasterlee
84,Oudemolsedijk,2021-08-09,13:00:00,13,6,7,FMN GV 18 Kasterlee
84,Oudemolsedijk,2021-08-09,14:00:00,33,22,11,FMN GV 18 Kasterlee
84,Oudemolsedijk,2021-08-09,15:00:00,29,11,18,FMN GV 18 Kasterlee
84,Oudemolsedijk,2021-08-09,16:00:00,22,11,11,FMN GV 18 Kasterlee
84,Oudemolsedijk,2021-08-09,17:00:00,17,5,12,FMN GV 18 Kasterlee
84,Oudemolsedijk,2021-08-09,18:00:00,17,11,6,FMN GV 18 Kasterlee
84,Oudemolsedijk,2021-08-09,19:00:00,11,3,8,FMN GV 18 Kasterlee
84,Oudemolsedijk,2021-08-09,20:00:00,24,4,20,FMN GV 18 Kasterlee
84,Oudemolsedijk,2021-08-09,21:00:00,4,3,1,FMN GV 18 Kasterlee
84,Oudemolsedijk,2021-08-09,22:00:00,5,2,3,FMN GV 18 Kasterlee
84,Oudemolsedijk,2021-08-09,23:00:00,0,0,0,FMN GV 18 Kasterlee
84,Oudemolsedijk,2021-08-10,00:00:00,0,0,0,FMN GV 18 Kasterlee
84,Oudemolsedijk,2021-08-10,01:00:00,0,0,0,FMN GV 18 Kasterlee
84,Oudemolsedijk,2021-08-10,02:00:00,0,0,0,FMN GV 18 Kasterlee
84,Oudemolsedijk,2021-08-10,03:00:00,0,0,0,FMN GV 18 Kasterlee
84,Oudemolsedijk,2021-08-10,04:00:00,0,0,0,FMN GV 18 Kasterlee
84,Oudemolsedijk,2021-08-10,05:00:00,2,2,0,FMN GV 18 Kasterlee
84,Oudemolsedijk,2021-08-10,06:00:00,9,2,7,FMN GV 18 Kasterlee
84,Oudemolsedijk,2021-08-10,07:00:00,8,5,3,FMN GV 18 Kasterlee
84,Oudemolsedijk,2021-08-10,08:00:00,9,5,4,FMN GV 18 Kasterlee
84,Oudemolsedijk,2021-08-10,09:00:00,4,1,3,FMN GV 18 Kasterlee
84,Oudemolsedijk,2021-08-10,10:00:00,32,16,16,FMN GV 18 Kasterlee
84,Oudemolsedijk,2021-08-10,11:00:00,41,14,27,FMN GV 18 Kasterlee
84,Oudemolsedijk,2021-08-10,12:00:00,27,20,7,FMN GV 18 Kasterlee
84,Oudemolsedijk,2021-08-10,13:00:00,23,13,10,FMN GV 18 Kasterlee
84,Oudemolsedijk,2021-08-10,14:00:00,38,17,21,FMN GV 18 Kasterlee
84,Oudemolsedijk,2021-08-10,15:00:00,75,42,33,FMN GV 18 Kasterlee
84,Oudemolsedijk,2021-08-10,16:00:00,35,20,15,FMN GV 18 Kasterlee
84,Oudemolsedijk,2021-08-10,17:00:00,28,9,19,FMN GV 18 Kasterlee
84,Oudemolsedijk,2021-08-10,18:00:00,8,4,4,FMN GV 18 Kasterlee
84,Oudemolsedijk,2021-08-10,19:00:00,35,26,9,FMN GV 18 Kasterlee
84,Oudemolsedijk,2021-08-10,20:00:00,24,9,15,FMN GV 18 Kasterlee
84,Oudemolsedijk,2021-08-10,21:00:00,23,21,2,FMN GV 18 Kasterlee
84,Oudemolsedijk,2021-08-10,22:00:00,5,1,4,FMN GV 18 Kasterlee
84,Oudemolsedijk,2021-08-10,23:00:00,1,0,1,FMN GV 18 Kasterlee
84,Oudemolsedijk,2021-08-11,00:00:00,1,0,1,FMN GV 18 Kasterlee
84,Oudemolsedijk,2021-08-11,01:00:00,0,0,0,FMN GV 18 Kasterlee
84,Oudemolsedijk,2021-08-11,02:00:00,0,0,0,FMN GV 18 Kasterlee
84,Oudemolsedijk,2021-08-11,03:00:00,0,0,0,FMN GV 18 Kasterlee
84,Oudemolsedijk,2021-08-11,04:00:00,2,2,0,FMN GV 18 Kasterlee
84,Oudemolsedijk,2021-08-11,05:00:00,2,2,0,FMN GV 18 Kasterlee
84,Oudemolsedijk,2021-08-11,06:00:00,17,9,8,FMN GV 18 Kasterlee
84,Oudemolsedijk,2021-08-11,07:00:00,15,8,7,FMN GV 18 Kasterlee
84,Oudemolsedijk,2021-08-11,08:00:00,16,8,8,FMN GV 18 Kasterlee
84,Oudemolsedijk,2021-08-11,09:00:00,33,12,21,FMN GV 18 Kasterlee
84,Oudemolsedijk,2021-08-11,10:00:00,47,27,20,FMN GV 18 Kasterlee
84,Oudemolsedijk,2021-08-11,11:00:00,56,27,29,FMN GV 18 Kasterlee
84,Oudemolsedijk,2021-08-11,12:00:00,69,42,27,FMN GV 18 Kasterlee
84,Oudemolsedijk,2021-08-11,13:00:00,138,79,59,FMN GV 18 Kasterlee
84,Oudemolsedijk,2021-08-11,14:00:00,164,87,77,FMN GV 18 Kasterlee
84,Oudemolsedijk,2021-08-11,15:00:00,131,65,66,FMN GV 18 Kasterlee
84,Oudemolsedijk,2021-08-11,16:00:00,112,63,49,FMN GV 18 Kasterlee
84,Oudemolsedijk,2021-08-11,17:00:00,113,45,68,FMN GV 18 Kasterlee
84,Oudemolsedijk,2021-08-11,18:00:00,53,21,32,FMN GV 18 Kasterlee
84,Oudemolsedijk,2021-08-11,19:00:00,61,27,34,FMN GV 18 Kasterlee
84,Oudemolsedijk,2021-08-11,20:00:00,53,37,16,FMN GV 18 Kasterlee
84,Oudemolsedijk,2021-08-11,21:00:00,15,7,8,FMN GV 18 Kasterlee
84,Oudemolsedijk,2021-08-11,22:00:00,12,5,7,FMN GV 18 Kasterlee
84,Oudemolsedijk,2021-08-11,23:00:00,0,0,0,FMN GV 18 Kasterlee
84,Oudemolsedijk,2021-08-12,00:00:00,0,0,0,FMN GV 18 Kasterlee
84,Oudemolsedijk,2021-08-12,01:00:00,2,2,0,FMN GV 18 Kasterlee
84,Oudemolsedijk,2021-08-12,02:00:00,0,0,0,FMN GV 18 Kasterlee
84,Oudemolsedijk,2021-08-12,03:00:00,0,0,0,FMN GV 18 Kasterlee
84,Oudemolsedijk,2021-08-12,04:00:00,2,1,1,FMN GV 18 Kasterlee
84,Oudemolsedijk,2021-08-12,05:00:00,2,1,1,FMN GV 18 Kasterlee
84,Oudemolsedijk,2021-08-12,06:00:00,16,11,5,FMN GV 18 Kasterlee
84,Oudemolsedijk,2021-08-12,07:00:00,16,9,7,FMN GV 18 Kasterlee
84,Oudemolsedijk,2021-08-12,08:00:00,17,8,9,FMN GV 18 Kasterlee
84,Oudemolsedijk,2021-08-12,09:00:00,51,11,40,FMN GV 18 Kasterlee
84,Oudemolsedijk,2021-08-12,10:00:00,51,22,29,FMN GV 18 Kasterlee
84,Oudemolsedijk,2021-08-12,11:00:00,75,32,43,FMN GV 18 Kasterlee
84,Oudemolsedijk,2021-08-12,12:00:00,74,42,32,FMN GV 18 Kasterlee
84,Oudemolsedijk,2021-08-12,13:00:00,135,64,71,FMN GV 18 Kasterlee
84,Oudemolsedijk,2021-08-12,14:00:00,205,115,90,FMN GV 18 Kasterlee
84,Oudemolsedijk,2021-08-12,15:00:00,140,66,74,FMN GV 18 Kasterlee
84,Oudemolsedijk,2021-08-12,16:00:00,144,79,65,FMN GV 18 Kasterlee
84,Oudemolsedijk,2021-08-12,17:00:00,81,48,33,FMN GV 18 Kasterlee
84,Oudemolsedijk,2021-08-12,18:00:00,39,24,15,FMN GV 18 Kasterlee
84,Oudemolsedijk,2021-08-12,19:00:00,34,16,18,FMN GV 18 Kasterlee
84,Oudemolsedijk,2021-08-12,20:00:00,44,25,19,FMN GV 18 Kasterlee
84,Oudemolsedijk,2021-08-12,21:00:00,3,1,2,FMN GV 18 Kasterlee
84,Oudemolsedijk,2021-08-12,22:00:00,7,3,4,FMN GV 18 Kasterlee
84,Oudemolsedijk,2021-08-12,23:00:00,0,0,0,FMN GV 18 Kasterlee
84,Oudemolsedijk,2021-08-13,00:00:00,0,0,0,FMN GV 18 Kasterlee
84,Oudemolsedijk,2021-08-13,01:00:00,0,0,0,FMN GV 18 Kasterlee
84,Oudemolsedijk,2021-08-13,02:00:00,0,0,0,FMN GV 18 Kasterlee
84,Oudemolsedijk,2021-08-13,03:00:00,0,0,0,FMN GV 18 Kasterlee
84,Oudemolsedijk,2021-08-13,04:00:00,1,0,1,FMN GV 18 Kasterlee
84,Oudemolsedijk,2021-08-13,05:00:00,2,1,1,FMN GV 18 Kasterlee
84,Oudemolsedijk,2021-08-13,06:00:00,14,9,5,FMN GV 18 Kasterlee
84,Oudemolsedijk,2021-08-13,07:00:00,8,5,3,FMN GV 18 Kasterlee
84,Oudemolsedijk,2021-08-13,08:00:00,15,5,10,FMN GV 18 Kasterlee
84,Oudemolsedijk,2021-08-13,09:00:00,24,5,19,FMN GV 18 Kasterlee
84,Oudemolsedijk,2021-08-13,10:00:00,43,29,14,FMN GV 18 Kasterlee
84,Oudemolsedijk,2021-08-13,11:00:00,42,26,16,FMN GV 18 Kasterlee
84,Oudemolsedijk,2021-08-13,12:00:00,52,32,20,FMN GV 18 Kasterlee
84,Oudemolsedijk,2021-08-13,13:00:00,73,42,31,FMN GV 18 Kasterlee
84,Oudemolsedijk,2021-08-13,14:00:00,122,63,59,FMN GV 18 Kasterlee
84,Oudemolsedijk,2021-08-13,15:00:00,100,56,44,FMN GV 18 Kasterlee
84,Oudemolsedijk,2021-08-13,16:00:00,105,62,43,FMN GV 18 Kasterlee
84,Oudemolsedijk,2021-08-13,17:00:00,39,25,14,FMN GV 18 Kasterlee
84,Oudemolsedijk,2021-08-13,18:00:00,29,17,12,FMN GV 18 Kasterlee
84,Oudemolsedijk,2021-08-13,19:00:00,13,3,10,FMN GV 18 Kasterlee
84,Oudemolsedijk,2021-08-13,20:00:00,13,7,6,FMN GV 18 Kasterlee
84,Oudemolsedijk,2021-08-13,21:00:00,2,1,1,FMN GV 18 Kasterlee
84,Oudemolsedijk,2021-08-13,22:00:00,5,2,3,FMN GV 18 Kasterlee
84,Oudemolsedijk,2021-08-13,23:00:00,2,2,0,FMN GV 18 Kasterlee
84,Oudemolsedijk,2021-08-14,00:00:00,1,0,1,FMN GV 18 Kasterlee
84,Oudemolsedijk,2021-08-14,01:00:00,3,0,3,FMN GV 18 Kasterlee
84,Oudemolsedijk,2021-08-14,02:00:00,0,0,0,FMN GV 18 Kasterlee
84,Oudemolsedijk,2021-08-14,03:00:00,1,0,1,FMN GV 18 Kasterlee
84,Oudemolsedijk,2021-08-14,04:00:00,0,0,0,FMN GV 18 Kasterlee
84,Oudemolsedijk,2021-08-14,05:00:00,0,0,0,FMN GV 18 Kasterlee
84,Oudemolsedijk,2021-08-14,06:00:00,4,2,2,FMN GV 18 Kasterlee
84,Oudemolsedijk,2021-08-14,07:00:00,2,0,2,FMN GV 18 Kasterlee
84,Oudemolsedijk,2021-08-14,08:00:00,9,5,4,FMN GV 18 Kasterlee
84,Oudemolsedijk,2021-08-14,09:00:00,55,20,35,FMN GV 18 Kasterlee
84,Oudemolsedijk,2021-08-14,10:00:00,59,23,36,FMN GV 18 Kasterlee
84,Oudemolsedijk,2021-08-14,11:00:00,62,24,38,FMN GV 18 Kasterlee
84,Oudemolsedijk,2021-08-14,12:00:00,82,35,47,FMN GV 18 Kasterlee
84,Oudemolsedijk,2021-08-14,13:00:00,121,53,68,FMN GV 18 Kasterlee
84,Oudemolsedijk,2021-08-14,14:00:00,156,82,74,FMN GV 18 Kasterlee
84,Oudemolsedijk,2021-08-14,15:00:00,172,96,76,FMN GV 18 Kasterlee
84,Oudemolsedijk,2021-08-14,16:00:00,99,70,29,FMN GV 18 Kasterlee
84,Oudemolsedijk,2021-08-14,17:00:00,67,42,25,FMN GV 18 Kasterlee
84,Oudemolsedijk,2021-08-14,18:00:00,35,11,24,FMN GV 18 Kasterlee
84,Oudemolsedijk,2021-08-14,19:00:00,27,19,8,FMN GV 18 Kasterlee
84,Oudemolsedijk,2021-08-14,20:00:00,17,10,7,FMN GV 18 Kasterlee
84,Oudemolsedijk,2021-08-14,21:00:00,6,4,2,FMN GV 18 Kasterlee
84,Oudemolsedijk,2021-08-14,22:00:00,5,3,2,FMN GV 18 Kasterlee
84,Oudemolsedijk,2021-08-14,23:00:00,0,0,0,FMN GV 18 Kasterlee
84,Oudemolsedijk,2021-08-15,00:00:00,0,0,0,FMN GV 18 Kasterlee
84,Oudemolsedijk,2021-08-15,01:00:00,0,0,0,FMN GV 18 Kasterlee
84,Oudemolsedijk,2021-08-15,02:00:00,2,0,2,FMN GV 18 Kasterlee
84,Oudemolsedijk,2021-08-15,03:00:00,0,0,0,FMN GV 18 Kasterlee
84,Oudemolsedijk,2021-08-15,04:00:00,1,1,0,FMN GV 18 Kasterlee
84,Oudemolsedijk,2021-08-15,05:00:00,0,0,0,FMN GV 18 Kasterlee
84,Oudemolsedijk,2021-08-15,06:00:00,2,2,0,FMN GV 18 Kasterlee
84,Oudemolsedijk,2021-08-15,07:00:00,4,2,2,FMN GV 18 Kasterlee
84,Oudemolsedijk,2021-08-15,08:00:00,29,7,22,FMN GV 18 Kasterlee
84,Oudemolsedijk,2021-08-15,09:00:00,94,26,68,FMN GV 18 Kasterlee
84,Oudemolsedijk,2021-08-15,10:00:00,144,53,91,FMN GV 18 Kasterlee
84,Oudemolsedijk,2021-08-15,11:00:00,106,53,53,FMN GV 18 Kasterlee
84,Oudemolsedijk,2021-08-15,12:00:00,59,38,21,FMN GV 18 Kasterlee
84,Oudemolsedijk,2021-08-15,13:00:00,122,58,64,FMN GV 18 Kasterlee
84,Oudemolsedijk,2021-08-15,14:00:00,207,128,79,FMN GV 18 Kasterlee
84,Oudemolsedijk,2021-08-15,15:00:00,224,104,120,FMN GV 18 Kasterlee
84,Oudemolsedijk,2021-08-15,16:00:00,132,61,71,FMN GV 18 Kasterlee
84,Oudemolsedijk,2021-08-15,17:00:00,78,58,20,FMN GV 18 Kasterlee
84,Oudemolsedijk,2021-08-15,18:00:00,33,13,20,FMN GV 18 Kasterlee
84,Oudemolsedijk,2021-08-15,19:00:00,35,10,25,FMN GV 18 Kasterlee
84,Oudemolsedijk,2021-08-15,20:00:00,18,9,9,FMN GV 18 Kasterlee
84,Oudemolsedijk,2021-08-15,21:00:00,16,4,12,FMN GV 18 Kasterlee
84,Oudemolsedijk,2021-08-15,22:00:00,5,4,1,FMN GV 18 Kasterlee
84,Oudemolsedijk,2021-08-15,23:00:00,0,0,0,FMN GV 18 Kasterlee
84,Oudemolsedijk,2021-08-16,00:00:00,0,0,0,FMN GV 18 Kasterlee
84,Oudemolsedijk,2021-08-16,01:00:00,4,0,4,FMN GV 18 Kasterlee
84,Oudemolsedijk,2021-08-16,02:00:00,0,0,0,FMN GV 18 Kasterlee
84,Oudemolsedijk,2021-08-16,03:00:00,1,0,1,FMN GV 18 Kasterlee
84,Oudemolsedijk,2021-08-16,04:00:00,1,1,0,FMN GV 18 Kasterlee
84,Oudemolsedijk,2021-08-16,05:00:00,3,3,0,FMN GV 18 Kasterlee
84,Oudemolsedijk,2021-08-16,06:00:00,9,4,5,FMN GV 18 Kasterlee
84,Oudemolsedijk,2021-08-16,07:00:00,11,7,4,FMN GV 18 Kasterlee
84,Oudemolsedijk,2021-08-16,08:00:00,8,5,3,FMN GV 18 Kasterlee
84,Oudemolsedijk,2021-08-16,09:00:00,9,4,5,FMN GV 18 Kasterlee
84,Oudemolsedijk,2021-08-16,10:00:00,14,5,9,FMN GV 18 Kasterlee
84,Oudemolsedijk,2021-08-16,11:00:00,5,0,5,FMN GV 18 Kasterlee
84,Oudemolsedijk,2021-08-16,12:00:00,13,6,7,FMN GV 18 Kasterlee
84,Oudemolsedijk,2021-08-16,13:00:00,22,12,10,FMN GV 18 Kasterlee
84,Oudemolsedijk,2021-08-16,14:00:00,17,9,8,FMN GV 18 Kasterlee
84,Oudemolsedijk,2021-08-16,15:00:00,34,9,25,FMN GV 18 Kasterlee
84,Oudemolsedijk,2021-08-16,16:00:00,14,9,5,FMN GV 18 Kasterlee
84,Oudemolsedijk,2021-08-16,17:00:00,5,4,1,FMN GV 18 Kasterlee
84,Oudemolsedijk,2021-08-16,18:00:00,13,5,8,FMN GV 18 Kasterlee
84,Oudemolsedijk,2021-08-16,19:00:00,6,2,4,FMN GV 18 Kasterlee
84,Oudemolsedijk,2021-08-16,20:00:00,13,9,4,FMN GV 18 Kasterlee
84,Oudemolsedijk,2021-08-16,21:00:00,5,4,1,FMN GV 18 Kasterlee
84,Oudemolsedijk,2021-08-16,22:00:00,0,0,0,FMN GV 18 Kasterlee
84,Oudemolsedijk,2021-08-16,23:00:00,0,0,0,FMN GV 18 Kasterlee
84,Oudemolsedijk,2021-08-17,00:00:00,0,0,0,FMN GV 18 Kasterlee
84,Oudemolsedijk,2021-08-17,01:00:00,0,0,0,FMN GV 18 Kasterlee
84,Oudemolsedijk,2021-08-17,02:00:00,0,0,0,FMN GV 18 Kasterlee
84,Oudemolsedijk,2021-08-17,03:00:00,0,0,0,FMN GV 18 Kasterlee
84,Oudemolsedijk,2021-08-17,04:00:00,1,1,0,FMN GV 18 Kasterlee
84,Oudemolsedijk,2021-08-17,05:00:00,3,3,0,FMN GV 18 Kasterlee
84,Oudemolsedijk,2021-08-17,06:00:00,7,2,5,FMN GV 18 Kasterlee
84,Oudemolsedijk,2021-08-17,07:00:00,13,5,8,FMN GV 18 Kasterlee
84,Oudemolsedijk,2021-08-17,08:00:00,15,4,11,FMN GV 18 Kasterlee
84,Oudemolsedijk,2021-08-17,09:00:00,21,6,15,FMN GV 18 Kasterlee
84,Oudemolsedijk,2021-08-17,10:00:00,44,25,19,FMN GV 18 Kasterlee
84,Oudemolsedijk,2021-08-17,11:00:00,31,14,17,FMN GV 18 Kasterlee
84,Oudemolsedijk,2021-08-17,12:00:00,20,12,8,FMN GV 18 Kasterlee
84,Oudemolsedijk,2021-08-17,13:00:00,16,9,7,FMN GV 18 Kasterlee
84,Oudemolsedijk,2021-08-17,14:00:00,25,21,4,FMN GV 18 Kasterlee
84,Oudemolsedijk,2021-08-17,15:00:00,3,1,2,FMN GV 18 Kasterlee
84,Oudemolsedijk,2021-08-17,16:00:00,5,3,2,FMN GV 18 Kasterlee
84,Oudemolsedijk,2021-08-17,17:00:00,7,5,2,FMN GV 18 Kasterlee
84,Oudemolsedijk,2021-08-17,18:00:00,2,1,1,FMN GV 18 Kasterlee
84,Oudemolsedijk,2021-08-17,19:00:00,2,1,1,FMN GV 18 Kasterlee
84,Oudemolsedijk,2021-08-17,20:00:00,2,1,1,FMN GV 18 Kasterlee
84,Oudemolsedijk,2021-08-17,21:00:00,1,0,1,FMN GV 18 Kasterlee
84,Oudemolsedijk,2021-08-17,22:00:00,0,0,0,FMN GV 18 Kasterlee
84,Oudemolsedijk,2021-08-17,23:00:00,0,0,0,FMN GV 18 Kasterlee
84,Oudemolsedijk,2021-08-18,00:00:00,1,0,1,FMN GV 18 Kasterlee
84,Oudemolsedijk,2021-08-18,01:00:00,1,1,0,FMN GV 18 Kasterlee
84,Oudemolsedijk,2021-08-18,02:00:00,0,0,0,FMN GV 18 Kasterlee
84,Oudemolsedijk,2021-08-18,03:00:00,0,0,0,FMN GV 18 Kasterlee
84,Oudemolsedijk,2021-08-18,04:00:00,1,1,0,FMN GV 18 Kasterlee
84,Oudemolsedijk,2021-08-18,05:00:00,1,1,0,FMN GV 18 Kasterlee
84,Oudemolsedijk,2021-08-18,06:00:00,5,1,4,FMN GV 18 Kasterlee
84,Oudemolsedijk,2021-08-18,07:00:00,7,6,1,FMN GV 18 Kasterlee
84,Oudemolsedijk,2021-08-18,08:00:00,2,1,1,FMN GV 18 Kasterlee
84,Oudemolsedijk,2021-08-18,09:00:00,12,6,6,FMN GV 18 Kasterlee
84,Oudemolsedijk,2021-08-18,10:00:00,24,16,8,FMN GV 18 Kasterlee
84,Oudemolsedijk,2021-08-18,11:00:00,17,6,11,FMN GV 18 Kasterlee
84,Oudemolsedijk,2021-08-18,12:00:00,24,17,7,FMN GV 18 Kasterlee
84,Oudemolsedijk,2021-08-18,13:00:00,35,20,15,FMN GV 18 Kasterlee
84,Oudemolsedijk,2021-08-18,14:00:00,34,20,14,FMN GV 18 Kasterlee
84,Oudemolsedijk,2021-08-18,15:00:00,34,16,18,FMN GV 18 Kasterlee
84,Oudemolsedijk,2021-08-18,16:00:00,38,21,17,FMN GV 18 Kasterlee
84,Oudemolsedijk,2021-08-18,17:00:00,18,6,12,FMN GV 18 Kasterlee
84,Oudemolsedijk,2021-08-18,18:00:00,15,6,9,FMN GV 18 Kasterlee
84,Oudemolsedijk,2021-08-18,19:00:00,23,16,7,FMN GV 18 Kasterlee
84,Oudemolsedijk,2021-08-18,20:00:00,37,15,22,FMN GV 18 Kasterlee
84,Oudemolsedijk,2021-08-18,21:00:00,6,1,5,FMN GV 18 Kasterlee
84,Oudemolsedijk,2021-08-18,22:00:00,2,0,2,FMN GV 18 Kasterlee
84,Oudemolsedijk,2021-08-18,23:00:00,1,1,0,FMN GV 18 Kasterlee
84,Oudemolsedijk,2021-08-19,00:00:00,0,0,0,FMN GV 18 Kasterlee
84,Oudemolsedijk,2021-08-19,01:00:00,0,0,0,FMN GV 18 Kasterlee
84,Oudemolsedijk,2021-08-19,02:00:00,0,0,0,FMN GV 18 Kasterlee
84,Oudemolsedijk,2021-08-19,03:00:00,0,0,0,FMN GV 18 Kasterlee
84,Oudemolsedijk,2021-08-19,04:00:00,1,1,0,FMN GV 18 Kasterlee
84,Oudemolsedijk,2021-08-19,05:00:00,4,3,1,FMN GV 18 Kasterlee
84,Oudemolsedijk,2021-08-19,06:00:00,7,4,3,FMN GV 18 Kasterlee
84,Oudemolsedijk,2021-08-19,07:00:00,17,11,6,FMN GV 18 Kasterlee
84,Oudemolsedijk,2021-08-19,08:00:00,8,5,3,FMN GV 18 Kasterlee
84,Oudemolsedijk,2021-08-19,09:00:00,23,5,18,FMN GV 18 Kasterlee
84,Oudemolsedijk,2021-08-19,10:00:00,17,6,11,FMN GV 18 Kasterlee
84,Oudemolsedijk,2021-08-19,11:00:00,20,15,5,FMN GV 18 Kasterlee
84,Oudemolsedijk,2021-08-19,12:00:00,28,17,11,FMN GV 18 Kasterlee
84,Oudemolsedijk,2021-08-19,13:00:00,47,24,23,FMN GV 18 Kasterlee
84,Oudemolsedijk,2021-08-19,14:00:00,77,56,21,FMN GV 18 Kasterlee
84,Oudemolsedijk,2021-08-19,15:00:00,61,40,21,FMN GV 18 Kasterlee
84,Oudemolsedijk,2021-08-19,16:00:00,38,17,21,FMN GV 18 Kasterlee
84,Oudemolsedijk,2021-08-19,17:00:00,26,13,13,FMN GV 18 Kasterlee
84,Oudemolsedijk,2021-08-19,18:00:00,20,12,8,FMN GV 18 Kasterlee
84,Oudemolsedijk,2021-08-19,19:00:00,32,15,17,FMN GV 18 Kasterlee
84,Oudemolsedijk,2021-08-19,20:00:00,20,14,6,FMN GV 18 Kasterlee
84,Oudemolsedijk,2021-08-19,21:00:00,8,1,7,FMN GV 18 Kasterlee
84,Oudemolsedijk,2021-08-19,22:00:00,0,0,0,FMN GV 18 Kasterlee
84,Oudemolsedijk,2021-08-19,23:00:00,0,0,0,FMN GV 18 Kasterlee
84,Oudemolsedijk,2021-08-20,00:00:00,0,0,0,FMN GV 18 Kasterlee
84,Oudemolsedijk,2021-08-20,01:00:00,0,0,0,FMN GV 18 Kasterlee
84,Oudemolsedijk,2021-08-20,02:00:00,0,0,0,FMN GV 18 Kasterlee
84,Oudemolsedijk,2021-08-20,03:00:00,0,0,0,FMN GV 18 Kasterlee
84,Oudemolsedijk,2021-08-20,04:00:00,1,1,0,FMN GV 18 Kasterlee
84,Oudemolsedijk,2021-08-20,05:00:00,5,3,2,FMN GV 18 Kasterlee
84,Oudemolsedijk,2021-08-20,06:00:00,9,4,5,FMN GV 18 Kasterlee
84,Oudemolsedijk,2021-08-20,07:00:00,12,7,5,FMN GV 18 Kasterlee
84,Oudemolsedijk,2021-08-20,08:00:00,3,1,2,FMN GV 18 Kasterlee
84,Oudemolsedijk,2021-08-20,09:00:00,8,2,6,FMN GV 18 Kasterlee
84,Oudemolsedijk,2021-08-20,10:00:00,22,7,15,FMN GV 18 Kasterlee
84,Oudemolsedijk,2021-08-20,11:00:00,29,20,9,FMN GV 18 Kasterlee
84,Oudemolsedijk,2021-08-20,12:00:00,38,26,12,FMN GV 18 Kasterlee
84,Oudemolsedijk,2021-08-20,13:00:00,37,22,15,FMN GV 18 Kasterlee
84,Oudemolsedijk,2021-08-20,14:00:00,79,30,49,FMN GV 18 Kasterlee
84,Oudemolsedijk,2021-08-20,15:00:00,86,37,49,FMN GV 18 Kasterlee
84,Oudemolsedijk,2021-08-20,16:00:00,59,39,20,FMN GV 18 Kasterlee
84,Oudemolsedijk,2021-08-20,17:00:00,44,30,14,FMN GV 18 Kasterlee
84,Oudemolsedijk,2021-08-20,18:00:00,23,10,13,FMN GV 18 Kasterlee
84,Oudemolsedijk,2021-08-20,19:00:00,20,9,11,FMN GV 18 Kasterlee
84,Oudemolsedijk,2021-08-20,20:00:00,10,7,3,FMN GV 18 Kasterlee
84,Oudemolsedijk,2021-08-20,21:00:00,5,2,3,FMN GV 18 Kasterlee
84,Oudemolsedijk,2021-08-20,22:00:00,6,3,3,FMN GV 18 Kasterlee
84,Oudemolsedijk,2021-08-20,23:00:00,2,1,1,FMN GV 18 Kasterlee
84,Oudemolsedijk,2021-08-21,00:00:00,0,0,0,FMN GV 18 Kasterlee
84,Oudemolsedijk,2021-08-21,01:00:00,2,0,2,FMN GV 18 Kasterlee
84,Oudemolsedijk,2021-08-21,02:00:00,0,0,0,FMN GV 18 Kasterlee
84,Oudemolsedijk,2021-08-21,03:00:00,1,0,1,FMN GV 18 Kasterlee
84,Oudemolsedijk,2021-08-21,04:00:00,2,2,0,FMN GV 18 Kasterlee
84,Oudemolsedijk,2021-08-21,05:00:00,1,0,1,FMN GV 18 Kasterlee
84,Oudemolsedijk,2021-08-21,06:00:00,1,1,0,FMN GV 18 Kasterlee
84,Oudemolsedijk,2021-08-21,07:00:00,3,1,2,FMN GV 18 Kasterlee
84,Oudemolsedijk,2021-08-21,08:00:00,23,7,16,FMN GV 18 Kasterlee
84,Oudemolsedijk,2021-08-21,09:00:00,40,14,26,FMN GV 18 Kasterlee
84,Oudemolsedijk,2021-08-21,10:00:00,68,24,44,FMN GV 18 Kasterlee
84,Oudemolsedijk,2021-08-21,11:00:00,106,41,65,FMN GV 18 Kasterlee
84,Oudemolsedijk,2021-08-21,12:00:00,118,65,53,FMN GV 18 Kasterlee
84,Oudemolsedijk,2021-08-21,13:00:00,194,94,100,FMN GV 18 Kasterlee
84,Oudemolsedijk,2021-08-21,14:00:00,189,95,94,FMN GV 18 Kasterlee
84,Oudemolsedijk,2021-08-21,15:00:00,194,111,83,FMN GV 18 Kasterlee
84,Oudemolsedijk,2021-08-21,16:00:00,133,89,44,FMN GV 18 Kasterlee
84,Oudemolsedijk,2021-08-21,17:00:00,83,55,28,FMN GV 18 Kasterlee
84,Oudemolsedijk,2021-08-21,18:00:00,28,13,15,FMN GV 18 Kasterlee
84,Oudemolsedijk,2021-08-21,19:00:00,40,21,19,FMN GV 18 Kasterlee
84,Oudemolsedijk,2021-08-21,20:00:00,8,5,3,FMN GV 18 Kasterlee
84,Oudemolsedijk,2021-08-21,21:00:00,6,4,2,FMN GV 18 Kasterlee
84,Oudemolsedijk,2021-08-21,22:00:00,19,8,11,FMN GV 18 Kasterlee
84,Oudemolsedijk,2021-08-21,23:00:00,0,0,0,FMN GV 18 Kasterlee
84,Oudemolsedijk,2021-08-22,00:00:00,0,0,0,FMN GV 18 Kasterlee
84,Oudemolsedijk,2021-08-22,01:00:00,2,1,1,FMN GV 18 Kasterlee
84,Oudemolsedijk,2021-08-22,02:00:00,0,0,0,FMN GV 18 Kasterlee
84,Oudemolsedijk,2021-08-22,03:00:00,0,0,0,FMN GV 18 Kasterlee
84,Oudemolsedijk,2021-08-22,04:00:00,2,0,2,FMN GV 18 Kasterlee
84,Oudemolsedijk,2021-08-22,05:00:00,0,0,0,FMN GV 18 Kasterlee
84,Oudemolsedijk,2021-08-22,06:00:00,2,1,1,FMN GV 18 Kasterlee
84,Oudemolsedijk,2021-08-22,07:00:00,7,2,5,FMN GV 18 Kasterlee
84,Oudemolsedijk,2021-08-22,08:00:00,40,14,26,FMN GV 18 Kasterlee
84,Oudemolsedijk,2021-08-22,09:00:00,61,38,23,FMN GV 18 Kasterlee
84,Oudemolsedijk,2021-08-22,10:00:00,119,68,51,FMN GV 18 Kasterlee
84,Oudemolsedijk,2021-08-22,11:00:00,84,37,47,FMN GV 18 Kasterlee
84,Oudemolsedijk,2021-08-22,12:00:00,26,14,12,FMN GV 18 Kasterlee
84,Oudemolsedijk,2021-08-22,13:00:00,20,13,7,FMN GV 18 Kasterlee
84,Oudemolsedijk,2021-08-22,14:00:00,36,20,16,FMN GV 18 Kasterlee
84,Oudemolsedijk,2021-08-22,15:00:00,6,6,0,FMN GV 18 Kasterlee
84,Oudemolsedijk,2021-08-22,16:00:00,15,8,7,FMN GV 18 Kasterlee
84,Oudemolsedijk,2021-08-22,17:00:00,15,7,8,FMN GV 18 Kasterlee
84,Oudemolsedijk,2021-08-22,18:00:00,13,6,7,FMN GV 18 Kasterlee
84,Oudemolsedijk,2021-08-22,19:00:00,5,5,0,FMN GV 18 Kasterlee
84,Oudemolsedijk,2021-08-22,20:00:00,7,3,4,FMN GV 18 Kasterlee
84,Oudemolsedijk,2021-08-22,21:00:00,3,2,1,FMN GV 18 Kasterlee
84,Oudemolsedijk,2021-08-22,22:00:00,1,0,1,FMN GV 18 Kasterlee
84,Oudemolsedijk,2021-08-22,23:00:00,1,0,1,FMN GV 18 Kasterlee
84,Oudemolsedijk,2021-08-23,00:00:00,0,0,0,FMN GV 18 Kasterlee
84,Oudemolsedijk,2021-08-23,01:00:00,0,0,0,FMN GV 18 Kasterlee
84,Oudemolsedijk,2021-08-23,02:00:00,1,1,0,FMN GV 18 Kasterlee
84,Oudemolsedijk,2021-08-23,03:00:00,0,0,0,FMN GV 18 Kasterlee
84,Oudemolsedijk,2021-08-23,04:00:00,1,0,1,FMN GV 18 Kasterlee
84,Oudemolsedijk,2021-08-23,05:00:00,0,0,0,FMN GV 18 Kasterlee
84,Oudemolsedijk,2021-08-23,06:00:00,8,3,5,FMN GV 18 Kasterlee
84,Oudemolsedijk,2021-08-23,07:00:00,10,6,4,FMN GV 18 Kasterlee
84,Oudemolsedijk,2021-08-23,08:00:00,9,5,4,FMN GV 18 Kasterlee
84,Oudemolsedijk,2021-08-23,09:00:00,5,1,4,FMN GV 18 Kasterlee
84,Oudemolsedijk,2021-08-23,10:00:00,6,4,2,FMN GV 18 Kasterlee
84,Oudemolsedijk,2021-08-23,11:00:00,15,7,8,FMN GV 18 Kasterlee
84,Oudemolsedijk,2021-08-23,12:00:00,24,10,14,FMN GV 18 Kasterlee
84,Oudemolsedijk,2021-08-23,13:00:00,52,15,37,FMN GV 18 Kasterlee
84,Oudemolsedijk,2021-08-23,14:00:00,79,41,38,FMN GV 18 Kasterlee
84,Oudemolsedijk,2021-08-23,15:00:00,82,26,56,FMN GV 18 Kasterlee
84,Oudemolsedijk,2021-08-23,16:00:00,38,25,13,FMN GV 18 Kasterlee
84,Oudemolsedijk,2021-08-23,17:00:00,28,8,20,FMN GV 18 Kasterlee
84,Oudemolsedijk,2021-08-23,18:00:00,15,7,8,FMN GV 18 Kasterlee
84,Oudemolsedijk,2021-08-23,19:00:00,24,7,17,FMN GV 18 Kasterlee
84,Oudemolsedijk,2021-08-23,20:00:00,5,4,1,FMN GV 18 Kasterlee
84,Oudemolsedijk,2021-08-23,21:00:00,9,3,6,FMN GV 18 Kasterlee
84,Oudemolsedijk,2021-08-23,22:00:00,0,0,0,FMN GV 18 Kasterlee
84,Oudemolsedijk,2021-08-23,23:00:00,0,0,0,FMN GV 18 Kasterlee
84,Oudemolsedijk,2021-08-24,00:00:00,0,0,0,FMN GV 18 Kasterlee
84,Oudemolsedijk,2021-08-24,01:00:00,0,0,0,FMN GV 18 Kasterlee
84,Oudemolsedijk,2021-08-24,02:00:00,0,0,0,FMN GV 18 Kasterlee
84,Oudemolsedijk,2021-08-24,03:00:00,1,0,1,FMN GV 18 Kasterlee
84,Oudemolsedijk,2021-08-24,04:00:00,0,0,0,FMN GV 18 Kasterlee
84,Oudemolsedijk,2021-08-24,05:00:00,2,2,0,FMN GV 18 Kasterlee
84,Oudemolsedijk,2021-08-24,06:00:00,12,6,6,FMN GV 18 Kasterlee
84,Oudemolsedijk,2021-08-24,07:00:00,20,12,8,FMN GV 18 Kasterlee
84,Oudemolsedijk,2021-08-24,08:00:00,26,6,20,FMN GV 18 Kasterlee
84,Oudemolsedijk,2021-08-24,09:00:00,50,15,35,FMN GV 18 Kasterlee
84,Oudemolsedijk,2021-08-24,10:00:00,54,24,30,FMN GV 18 Kasterlee
84,Oudemolsedijk,2021-08-24,11:00:00,68,36,32,FMN GV 18 Kasterlee
84,Oudemolsedijk,2021-08-24,12:00:00,42,19,23,FMN GV 18 Kasterlee
84,Oudemolsedijk,2021-08-24,13:00:00,129,52,77,FMN GV 18 Kasterlee
84,Oudemolsedijk,2021-08-24,14:00:00,143,58,85,FMN GV 18 Kasterlee
84,Oudemolsedijk,2021-08-24,15:00:00,139,86,53,FMN GV 18 Kasterlee
84,Oudemolsedijk,2021-08-24,16:00:00,149,54,95,FMN GV 18 Kasterlee
84,Oudemolsedijk,2021-08-24,17:00:00,54,35,19,FMN GV 18 Kasterlee
84,Oudemolsedijk,2021-08-24,18:00:00,63,46,17,FMN GV 18 Kasterlee
84,Oudemolsedijk,2021-08-24,19:00:00,41,23,18,FMN GV 18 Kasterlee
84,Oudemolsedijk,2021-08-24,20:00:00,32,24,8,FMN GV 18 Kasterlee
84,Oudemolsedijk,2021-08-24,21:00:00,11,9,2,FMN GV 18 Kasterlee
84,Oudemolsedijk,2021-08-24,22:00:00,2,1,1,FMN GV 18 Kasterlee
84,Oudemolsedijk,2021-08-24,23:00:00,1,0,1,FMN GV 18 Kasterlee
84,Oudemolsedijk,2021-08-25,00:00:00,0,0,0,FMN GV 18 Kasterlee
84,Oudemolsedijk,2021-08-25,01:00:00,0,0,0,FMN GV 18 Kasterlee
84,Oudemolsedijk,2021-08-25,02:00:00,0,0,0,FMN GV 18 Kasterlee
84,Oudemolsedijk,2021-08-25,03:00:00,0,0,0,FMN GV 18 Kasterlee
84,Oudemolsedijk,2021-08-25,04:00:00,0,0,0,FMN GV 18 Kasterlee
84,Oudemolsedijk,2021-08-25,05:00:00,2,2,0,FMN GV 18 Kasterlee
84,Oudemolsedijk,2021-08-25,06:00:00,16,8,8,FMN GV 18 Kasterlee
84,Oudemolsedijk,2021-08-25,07:00:00,15,7,8,FMN GV 18 Kasterlee
84,Oudemolsedijk,2021-08-25,08:00:00,20,5,15,FMN GV 18 Kasterlee
84,Oudemolsedijk,2021-08-25,09:00:00,26,11,15,FMN GV 18 Kasterlee
84,Oudemolsedijk,2021-08-25,10:00:00,49,30,19,FMN GV 18 Kasterlee
84,Oudemolsedijk,2021-08-25,11:00:00,58,29,29,FMN GV 18 Kasterlee
84,Oudemolsedijk,2021-08-25,12:00:00,56,28,28,FMN GV 18 Kasterlee
84,Oudemolsedijk,2021-08-25,13:00:00,94,51,43,FMN GV 18 Kasterlee
84,Oudemolsedijk,2021-08-25,14:00:00,155,99,56,FMN GV 18 Kasterlee
84,Oudemolsedijk,2021-08-25,15:00:00,152,68,84,FMN GV 18 Kasterlee
84,Oudemolsedijk,2021-08-25,16:00:00,136,74,62,FMN GV 18 Kasterlee
84,Oudemolsedijk,2021-08-25,17:00:00,61,33,28,FMN GV 18 Kasterlee
84,Oudemolsedijk,2021-08-25,18:00:00,48,18,30,FMN GV 18 Kasterlee
84,Oudemolsedijk,2021-08-25,19:00:00,66,42,24,FMN GV 18 Kasterlee
84,Oudemolsedijk,2021-08-25,20:00:00,65,46,19,FMN GV 18 Kasterlee
84,Oudemolsedijk,2021-08-25,21:00:00,10,7,3,FMN GV 18 Kasterlee
84,Oudemolsedijk,2021-08-25,22:00:00,2,1,1,FMN GV 18 Kasterlee
84,Oudemolsedijk,2021-08-25,23:00:00,0,0,0,FMN GV 18 Kasterlee
84,Oudemolsedijk,2021-08-26,00:00:00,0,0,0,FMN GV 18 Kasterlee
84,Oudemolsedijk,2021-08-26,01:00:00,0,0,0,FMN GV 18 Kasterlee
84,Oudemolsedijk,2021-08-26,02:00:00,0,0,0,FMN GV 18 Kasterlee
84,Oudemolsedijk,2021-08-26,03:00:00,1,0,1,FMN GV 18 Kasterlee
84,Oudemolsedijk,2021-08-26,04:00:00,0,0,0,FMN GV 18 Kasterlee
84,Oudemolsedijk,2021-08-26,05:00:00,3,2,1,FMN GV 18 Kasterlee
84,Oudemolsedijk,2021-08-26,06:00:00,12,5,7,FMN GV 18 Kasterlee
84,Oudemolsedijk,2021-08-26,07:00:00,18,10,8,FMN GV 18 Kasterlee
84,Oudemolsedijk,2021-08-26,08:00:00,17,15,2,FMN GV 18 Kasterlee
84,Oudemolsedijk,2021-08-26,09:00:00,40,17,23,FMN GV 18 Kasterlee
84,Oudemolsedijk,2021-08-26,10:00:00,22,7,15,FMN GV 18 Kasterlee
84,Oudemolsedijk,2021-08-26,11:00:00,20,7,13,FMN GV 18 Kasterlee
84,Oudemolsedijk,2021-08-26,12:00:00,19,5,14,FMN GV 18 Kasterlee
84,Oudemolsedijk,2021-08-26,13:00:00,37,17,20,FMN GV 18 Kasterlee
84,Oudemolsedijk,2021-08-26,14:00:00,38,23,15,FMN GV 18 Kasterlee
84,Oudemolsedijk,2021-08-26,15:00:00,51,25,26,FMN GV 18 Kasterlee
84,Oudemolsedijk,2021-08-26,16:00:00,52,31,21,FMN GV 18 Kasterlee
84,Oudemolsedijk,2021-08-26,17:00:00,26,10,16,FMN GV 18 Kasterlee
84,Oudemolsedijk,2021-08-26,18:00:00,12,9,3,FMN GV 18 Kasterlee
84,Oudemolsedijk,2021-08-26,19:00:00,26,10,16,FMN GV 18 Kasterlee
84,Oudemolsedijk,2021-08-26,20:00:00,10,6,4,FMN GV 18 Kasterlee
84,Oudemolsedijk,2021-08-26,21:00:00,3,2,1,FMN GV 18 Kasterlee
84,Oudemolsedijk,2021-08-26,22:00:00,3,3,0,FMN GV 18 Kasterlee
84,Oudemolsedijk,2021-08-26,23:00:00,1,0,1,FMN GV 18 Kasterlee
84,Oudemolsedijk,2021-08-27,00:00:00,0,0,0,FMN GV 18 Kasterlee
84,Oudemolsedijk,2021-08-27,01:00:00,0,0,0,FMN GV 18 Kasterlee
84,Oudemolsedijk,2021-08-27,02:00:00,0,0,0,FMN GV 18 Kasterlee
84,Oudemolsedijk,2021-08-27,03:00:00,0,0,0,FMN GV 18 Kasterlee
84,Oudemolsedijk,2021-08-27,04:00:00,0,0,0,FMN GV 18 Kasterlee
84,Oudemolsedijk,2021-08-27,05:00:00,2,2,0,FMN GV 18 Kasterlee
84,Oudemolsedijk,2021-08-27,06:00:00,14,5,9,FMN GV 18 Kasterlee
84,Oudemolsedijk,2021-08-27,07:00:00,11,8,3,FMN GV 18 Kasterlee
84,Oudemolsedijk,2021-08-27,08:00:00,12,6,6,FMN GV 18 Kasterlee
84,Oudemolsedijk,2021-08-27,09:00:00,10,4,6,FMN GV 18 Kasterlee
84,Oudemolsedijk,2021-08-27,10:00:00,26,17,9,FMN GV 18 Kasterlee
84,Oudemolsedijk,2021-08-27,11:00:00,19,11,8,FMN GV 18 Kasterlee
84,Oudemolsedijk,2021-08-27,12:00:00,30,13,17,FMN GV 18 Kasterlee
84,Oudemolsedijk,2021-08-27,13:00:00,41,22,19,FMN GV 18 Kasterlee
84,Oudemolsedijk,2021-08-27,14:00:00,36,10,26,FMN GV 18 Kasterlee
84,Oudemolsedijk,2021-08-27,15:00:00,38,19,19,FMN GV 18 Kasterlee
84,Oudemolsedijk,2021-08-27,16:00:00,32,22,10,FMN GV 18 Kasterlee
84,Oudemolsedijk,2021-08-27,17:00:00,23,9,14,FMN GV 18 Kasterlee
84,Oudemolsedijk,2021-08-27,18:00:00,10,6,4,FMN GV 18 Kasterlee
84,Oudemolsedijk,2021-08-27,19:00:00,9,2,7,FMN GV 18 Kasterlee
84,Oudemolsedijk,2021-08-27,20:00:00,2,1,1,FMN GV 18 Kasterlee
84,Oudemolsedijk,2021-08-27,21:00:00,3,3,0,FMN GV 18 Kasterlee
84,Oudemolsedijk,2021-08-27,22:00:00,2,1,1,FMN GV 18 Kasterlee
84,Oudemolsedijk,2021-08-27,23:00:00,0,0,0,FMN GV 18 Kasterlee
84,Oudemolsedijk,2021-08-28,00:00:00,0,0,0,FMN GV 18 Kasterlee
84,Oudemolsedijk,2021-08-28,01:00:00,5,3,2,FMN GV 18 Kasterlee
84,Oudemolsedijk,2021-08-28,02:00:00,0,0,0,FMN GV 18 Kasterlee
84,Oudemolsedijk,2021-08-28,03:00:00,1,1,0,FMN GV 18 Kasterlee
84,Oudemolsedijk,2021-08-28,04:00:00,0,0,0,FMN GV 18 Kasterlee
84,Oudemolsedijk,2021-08-28,05:00:00,0,0,0,FMN GV 18 Kasterlee
84,Oudemolsedijk,2021-08-28,06:00:00,2,1,1,FMN GV 18 Kasterlee
84,Oudemolsedijk,2021-08-28,07:00:00,18,1,17,FMN GV 18 Kasterlee
84,Oudemolsedijk,2021-08-28,08:00:00,14,5,9,FMN GV 18 Kasterlee
84,Oudemolsedijk,2021-08-28,09:00:00,38,16,22,FMN GV 18 Kasterlee
84,Oudemolsedijk,2021-08-28,10:00:00,48,26,22,FMN GV 18 Kasterlee
84,Oudemolsedijk,2021-08-28,11:00:00,31,16,15,FMN GV 18 Kasterlee
84,Oudemolsedijk,2021-08-28,12:00:00,42,22,20,FMN GV 18 Kasterlee
84,Oudemolsedijk,2021-08-28,13:00:00,57,33,24,FMN GV 18 Kasterlee
84,Oudemolsedijk,2021-08-28,14:00:00,70,28,42,FMN GV 18 Kasterlee
84,Oudemolsedijk,2021-08-28,15:00:00,62,29,33,FMN GV 18 Kasterlee
84,Oudemolsedijk,2021-08-28,16:00:00,81,56,25,FMN GV 18 Kasterlee
84,Oudemolsedijk,2021-08-28,17:00:00,26,19,7,FMN GV 18 Kasterlee
84,Oudemolsedijk,2021-08-28,18:00:00,17,7,10,FMN GV 18 Kasterlee
84,Oudemolsedijk,2021-08-28,19:00:00,3,1,2,FMN GV 18 Kasterlee
84,Oudemolsedijk,2021-08-28,20:00:00,8,5,3,FMN GV 18 Kasterlee
84,Oudemolsedijk,2021-08-28,21:00:00,1,1,0,FMN GV 18 Kasterlee
84,Oudemolsedijk,2021-08-28,22:00:00,2,2,0,FMN GV 18 Kasterlee
84,Oudemolsedijk,2021-08-28,23:00:00,10,0,10,FMN GV 18 Kasterlee
84,Oudemolsedijk,2021-08-29,00:00:00,1,0,1,FMN GV 18 Kasterlee
84,Oudemolsedijk,2021-08-29,01:00:00,2,1,1,FMN GV 18 Kasterlee
84,Oudemolsedijk,2021-08-29,02:00:00,4,3,1,FMN GV 18 Kasterlee
84,Oudemolsedijk,2021-08-29,03:00:00,1,1,0,FMN GV 18 Kasterlee
84,Oudemolsedijk,2021-08-29,04:00:00,1,1,0,FMN GV 18 Kasterlee
84,Oudemolsedijk,2021-08-29,05:00:00,1,1,0,FMN GV 18 Kasterlee
84,Oudemolsedijk,2021-08-29,06:00:00,1,1,0,FMN GV 18 Kasterlee
84,Oudemolsedijk,2021-08-29,07:00:00,8,2,6,FMN GV 18 Kasterlee
84,Oudemolsedijk,2021-08-29,08:00:00,65,17,48,FMN GV 18 Kasterlee
84,Oudemolsedijk,2021-08-29,09:00:00,105,48,57,FMN GV 18 Kasterlee
84,Oudemolsedijk,2021-08-29,10:00:00,190,42,148,FMN GV 18 Kasterlee
84,Oudemolsedijk,2021-08-29,11:00:00,133,53,80,FMN GV 18 Kasterlee
84,Oudemolsedijk,2021-08-29,12:00:00,46,25,21,FMN GV 18 Kasterlee
84,Oudemolsedijk,2021-08-29,13:00:00,18,6,12,FMN GV 18 Kasterlee
84,Oudemolsedijk,2021-08-29,14:00:00,17,7,10,FMN GV 18 Kasterlee
84,Oudemolsedijk,2021-08-29,15:00:00,14,9,5,FMN GV 18 Kasterlee
84,Oudemolsedijk,2021-08-29,16:00:00,21,12,9,FMN GV 18 Kasterlee
84,Oudemolsedijk,2021-08-29,17:00:00,6,3,3,FMN GV 18 Kasterlee
84,Oudemolsedijk,2021-08-29,18:00:00,4,1,3,FMN GV 18 Kasterlee
84,Oudemolsedijk,2021-08-29,19:00:00,5,2,3,FMN GV 18 Kasterlee
84,Oudemolsedijk,2021-08-29,20:00:00,1,0,1,FMN GV 18 Kasterlee
84,Oudemolsedijk,2021-08-29,21:00:00,2,1,1,FMN GV 18 Kasterlee
84,Oudemolsedijk,2021-08-29,22:00:00,0,0,0,FMN GV 18 Kasterlee
84,Oudemolsedijk,2021-08-29,23:00:00,0,0,0,FMN GV 18 Kasterlee
84,Oudemolsedijk,2021-08-30,00:00:00,0,0,0,FMN GV 18 Kasterlee
84,Oudemolsedijk,2021-08-30,01:00:00,0,0,0,FMN GV 18 Kasterlee
84,Oudemolsedijk,2021-08-30,02:00:00,0,0,0,FMN GV 18 Kasterlee
84,Oudemolsedijk,2021-08-30,03:00:00,1,0,1,FMN GV 18 Kasterlee
84,Oudemolsedijk,2021-08-30,04:00:00,2,1,1,FMN GV 18 Kasterlee
84,Oudemolsedijk,2021-08-30,05:00:00,4,4,0,FMN GV 18 Kasterlee
84,Oudemolsedijk,2021-08-30,06:00:00,12,7,5,FMN GV 18 Kasterlee
84,Oudemolsedijk,2021-08-30,07:00:00,16,9,7,FMN GV 18 Kasterlee
84,Oudemolsedijk,2021-08-30,08:00:00,13,10,3,FMN GV 18 Kasterlee
84,Oudemolsedijk,2021-08-30,09:00:00,14,4,10,FMN GV 18 Kasterlee
84,Oudemolsedijk,2021-08-30,10:00:00,9,6,3,FMN GV 18 Kasterlee
84,Oudemolsedijk,2021-08-30,11:00:00,13,5,8,FMN GV 18 Kasterlee
84,Oudemolsedijk,2021-08-30,12:00:00,7,1,6,FMN GV 18 Kasterlee
84,Oudemolsedijk,2021-08-30,13:00:00,39,25,14,FMN GV 18 Kasterlee
84,Oudemolsedijk,2021-08-30,14:00:00,78,33,45,FMN GV 18 Kasterlee
84,Oudemolsedijk,2021-08-30,15:00:00,50,37,13,FMN GV 18 Kasterlee
84,Oudemolsedijk,2021-08-30,16:00:00,36,20,16,FMN GV 18 Kasterlee
84,Oudemolsedijk,2021-08-30,17:00:00,27,10,17,FMN GV 18 Kasterlee
84,Oudemolsedijk,2021-08-30,18:00:00,23,13,10,FMN GV 18 Kasterlee
84,Oudemolsedijk,2021-08-30,19:00:00,15,10,5,FMN GV 18 Kasterlee
84,Oudemolsedijk,2021-08-30,20:00:00,5,4,1,FMN GV 18 Kasterlee
84,Oudemolsedijk,2021-08-30,21:00:00,4,4,0,FMN GV 18 Kasterlee
84,Oudemolsedijk,2021-08-30,22:00:00,3,0,3,FMN GV 18 Kasterlee
84,Oudemolsedijk,2021-08-30,23:00:00,2,0,2,FMN GV 18 Kasterlee
84,Oudemolsedijk,2021-08-31,00:00:00,0,0,0,FMN GV 18 Kasterlee
84,Oudemolsedijk,2021-08-31,01:00:00,0,0,0,FMN GV 18 Kasterlee
84,Oudemolsedijk,2021-08-31,02:00:00,0,0,0,FMN GV 18 Kasterlee
84,Oudemolsedijk,2021-08-31,03:00:00,0,0,0,FMN GV 18 Kasterlee
84,Oudemolsedijk,2021-08-31,04:00:00,2,1,1,FMN GV 18 Kasterlee
84,Oudemolsedijk,2021-08-31,05:00:00,4,4,0,FMN GV 18 Kasterlee
84,Oudemolsedijk,2021-08-31,06:00:00,13,7,6,FMN GV 18 Kasterlee
84,Oudemolsedijk,2021-08-31,07:00:00,25,12,13,FMN GV 18 Kasterlee
84,Oudemolsedijk,2021-08-31,08:00:00,21,12,9,FMN GV 18 Kasterlee
84,Oudemolsedijk,2021-08-31,09:00:00,13,7,6,FMN GV 18 Kasterlee
84,Oudemolsedijk,2021-08-31,10:00:00,12,1,11,FMN GV 18 Kasterlee
84,Oudemolsedijk,2021-08-31,11:00:00,29,17,12,FMN GV 18 Kasterlee
84,Oudemolsedijk,2021-08-31,12:00:00,32,12,20,FMN GV 18 Kasterlee
84,Oudemolsedijk,2021-08-31,13:00:00,79,30,49,FMN GV 18 Kasterlee
84,Oudemolsedijk,2021-08-31,14:00:00,109,58,51,FMN GV 18 Kasterlee
84,Oudemolsedijk,2021-08-31,15:00:00,131,93,38,FMN GV 18 Kasterlee
84,Oudemolsedijk,2021-08-31,16:00:00,96,56,40,FMN GV 18 Kasterlee
84,Oudemolsedijk,2021-08-31,17:00:00,70,37,33,FMN GV 18 Kasterlee
84,Oudemolsedijk,2021-08-31,18:00:00,41,22,19,FMN GV 18 Kasterlee
84,Oudemolsedijk,2021-08-31,19:00:00,56,24,32,FMN GV 18 Kasterlee
84,Oudemolsedijk,2021-08-31,20:00:00,31,11,20,FMN GV 18 Kasterlee
84,Oudemolsedijk,2021-08-31,21:00:00,7,7,0,FMN GV 18 Kasterlee
84,Oudemolsedijk,2021-08-31,22:00:00,2,1,1,FMN GV 18 Kasterlee
84,Oudemolsedijk,2021-08-31,23:00:00,2,0,2,FMN GV 18 Kasterlee
84,Oudemolsedijk,2021-09-01,00:00:00,0,0,0,FMN GV 18 Kasterlee
84,Oudemolsedijk,2021-09-01,01:00:00,0,0,0,FMN GV 18 Kasterlee
84,Oudemolsedijk,2021-09-01,02:00:00,1,1,0,FMN GV 18 Kasterlee
84,Oudemolsedijk,2021-09-01,03:00:00,0,0,0,FMN GV 18 Kasterlee
84,Oudemolsedijk,2021-09-01,04:00:00,2,2,0,FMN GV 18 Kasterlee
84,Oudemolsedijk,2021-09-01,05:00:00,3,3,0,FMN GV 18 Kasterlee
84,Oudemolsedijk,2021-09-01,06:00:00,22,10,12,FMN GV 18 Kasterlee
84,Oudemolsedijk,2021-09-01,07:00:00,17,11,6,FMN GV 18 Kasterlee
84,Oudemolsedijk,2021-09-01,08:00:00,30,20,10,FMN GV 18 Kasterlee
84,Oudemolsedijk,2021-09-01,09:00:00,19,9,10,FMN GV 18 Kasterlee
84,Oudemolsedijk,2021-09-01,10:00:00,27,10,17,FMN GV 18 Kasterlee
84,Oudemolsedijk,2021-09-01,11:00:00,21,12,9,FMN GV 18 Kasterlee
84,Oudemolsedijk,2021-09-01,12:00:00,42,19,23,FMN GV 18 Kasterlee
84,Oudemolsedijk,2021-09-01,13:00:00,71,38,33,FMN GV 18 Kasterlee
84,Oudemolsedijk,2021-09-01,14:00:00,80,40,40,FMN GV 18 Kasterlee
84,Oudemolsedijk,2021-09-01,15:00:00,71,38,33,FMN GV 18 Kasterlee
84,Oudemolsedijk,2021-09-01,16:00:00,59,34,25,FMN GV 18 Kasterlee
84,Oudemolsedijk,2021-09-01,17:00:00,35,18,17,FMN GV 18 Kasterlee
84,Oudemolsedijk,2021-09-01,18:00:00,30,11,19,FMN GV 18 Kasterlee
84,Oudemolsedijk,2021-09-01,19:00:00,55,30,25,FMN GV 18 Kasterlee
84,Oudemolsedijk,2021-09-01,20:00:00,79,65,14,FMN GV 18 Kasterlee
84,Oudemolsedijk,2021-09-01,21:00:00,0,0,0,FMN GV 18 Kasterlee
84,Oudemolsedijk,2021-09-01,22:00:00,4,0,4,FMN GV 18 Kasterlee
84,Oudemolsedijk,2021-09-01,23:00:00,1,0,1,FMN GV 18 Kasterlee
84,Oudemolsedijk,2021-09-02,00:00:00,0,0,0,FMN GV 18 Kasterlee
84,Oudemolsedijk,2021-09-02,01:00:00,0,0,0,FMN GV 18 Kasterlee
84,Oudemolsedijk,2021-09-02,02:00:00,0,0,0,FMN GV 18 Kasterlee
84,Oudemolsedijk,2021-09-02,03:00:00,0,0,0,FMN GV 18 Kasterlee
84,Oudemolsedijk,2021-09-02,04:00:00,2,1,1,FMN GV 18 Kasterlee
84,Oudemolsedijk,2021-09-02,05:00:00,5,4,1,FMN GV 18 Kasterlee
84,Oudemolsedijk,2021-09-02,06:00:00,20,11,9,FMN GV 18 Kasterlee
84,Oudemolsedijk,2021-09-02,07:00:00,36,17,19,FMN GV 18 Kasterlee
84,Oudemolsedijk,2021-09-02,08:00:00,23,14,9,FMN GV 18 Kasterlee
84,Oudemolsedijk,2021-09-02,09:00:00,21,7,14,FMN GV 18 Kasterlee
84,Oudemolsedijk,2021-09-02,10:00:00,27,14,13,FMN GV 18 Kasterlee
84,Oudemolsedijk,2021-09-02,11:00:00,28,11,17,FMN GV 18 Kasterlee
84,Oudemolsedijk,2021-09-02,12:00:00,64,39,25,FMN GV 18 Kasterlee
84,Oudemolsedijk,2021-09-02,13:00:00,80,47,33,FMN GV 18 Kasterlee
84,Oudemolsedijk,2021-09-02,14:00:00,134,67,67,FMN GV 18 Kasterlee
84,Oudemolsedijk,2021-09-02,15:00:00,129,61,68,FMN GV 18 Kasterlee
84,Oudemolsedijk,2021-09-02,16:00:00,93,31,62,FMN GV 18 Kasterlee
84,Oudemolsedijk,2021-09-02,17:00:00,90,38,52,FMN GV 18 Kasterlee
84,Oudemolsedijk,2021-09-02,18:00:00,33,19,14,FMN GV 18 Kasterlee
84,Oudemolsedijk,2021-09-02,19:00:00,36,21,15,FMN GV 18 Kasterlee
84,Oudemolsedijk,2021-09-02,20:00:00,35,30,5,FMN GV 18 Kasterlee
84,Oudemolsedijk,2021-09-02,21:00:00,2,2,0,FMN GV 18 Kasterlee
84,Oudemolsedijk,2021-09-02,22:00:00,7,0,7,FMN GV 18 Kasterlee
84,Oudemolsedijk,2021-09-02,23:00:00,0,0,0,FMN GV 18 Kasterlee
84,Oudemolsedijk,2021-09-03,00:00:00,0,0,0,FMN GV 18 Kasterlee
84,Oudemolsedijk,2021-09-03,01:00:00,0,0,0,FMN GV 18 Kasterlee
84,Oudemolsedijk,2021-09-03,02:00:00,0,0,0,FMN GV 18 Kasterlee
84,Oudemolsedijk,2021-09-03,03:00:00,1,1,0,FMN GV 18 Kasterlee
84,Oudemolsedijk,2021-09-03,04:00:00,2,1,1,FMN GV 18 Kasterlee
84,Oudemolsedijk,2021-09-03,05:00:00,4,4,0,FMN GV 18 Kasterlee
84,Oudemolsedijk,2021-09-03,06:00:00,19,7,12,FMN GV 18 Kasterlee
84,Oudemolsedijk,2021-09-03,07:00:00,33,15,18,FMN GV 18 Kasterlee
84,Oudemolsedijk,2021-09-03,08:00:00,29,17,12,FMN GV 18 Kasterlee
84,Oudemolsedijk,2021-09-03,09:00:00,20,9,11,FMN GV 18 Kasterlee
84,Oudemolsedijk,2021-09-03,10:00:00,33,17,16,FMN GV 18 Kasterlee
84,Oudemolsedijk,2021-09-03,11:00:00,49,23,26,FMN GV 18 Kasterlee
84,Oudemolsedijk,2021-09-03,12:00:00,57,32,25,FMN GV 18 Kasterlee
84,Oudemolsedijk,2021-09-03,13:00:00,101,36,65,FMN GV 18 Kasterlee
84,Oudemolsedijk,2021-09-03,14:00:00,143,73,70,FMN GV 18 Kasterlee
84,Oudemolsedijk,2021-09-03,15:00:00,112,60,52,FMN GV 18 Kasterlee
84,Oudemolsedijk,2021-09-03,16:00:00,101,57,44,FMN GV 18 Kasterlee
84,Oudemolsedijk,2021-09-03,17:00:00,70,37,33,FMN GV 18 Kasterlee
84,Oudemolsedijk,2021-09-03,18:00:00,32,14,18,FMN GV 18 Kasterlee
84,Oudemolsedijk,2021-09-03,19:00:00,37,21,16,FMN GV 18 Kasterlee
84,Oudemolsedijk,2021-09-03,20:00:00,16,11,5,FMN GV 18 Kasterlee
84,Oudemolsedijk,2021-09-03,21:00:00,6,5,1,FMN GV 18 Kasterlee
84,Oudemolsedijk,2021-09-03,22:00:00,6,4,2,FMN GV 18 Kasterlee
84,Oudemolsedijk,2021-09-03,23:00:00,2,1,1,FMN GV 18 Kasterlee
84,Oudemolsedijk,2021-09-04,00:00:00,1,0,1,FMN GV 18 Kasterlee
84,Oudemolsedijk,2021-09-04,01:00:00,0,0,0,FMN GV 18 Kasterlee
84,Oudemolsedijk,2021-09-04,02:00:00,0,0,0,FMN GV 18 Kasterlee
84,Oudemolsedijk,2021-09-04,03:00:00,3,0,3,FMN GV 18 Kasterlee
84,Oudemolsedijk,2021-09-04,04:00:00,0,0,0,FMN GV 18 Kasterlee
84,Oudemolsedijk,2021-09-04,05:00:00,0,0,0,FMN GV 18 Kasterlee
84,Oudemolsedijk,2021-09-04,06:00:00,0,0,0,FMN GV 18 Kasterlee
84,Oudemolsedijk,2021-09-04,07:00:00,4,3,1,FMN GV 18 Kasterlee
84,Oudemolsedijk,2021-09-04,08:00:00,3,2,1,FMN GV 18 Kasterlee
84,Oudemolsedijk,2021-09-04,09:00:00,17,8,9,FMN GV 18 Kasterlee
84,Oudemolsedijk,2021-09-04,10:00:00,38,7,31,FMN GV 18 Kasterlee
84,Oudemolsedijk,2021-09-04,11:00:00,40,20,20,FMN GV 18 Kasterlee
84,Oudemolsedijk,2021-09-04,12:00:00,35,7,28,FMN GV 18 Kasterlee
84,Oudemolsedijk,2021-09-04,13:00:00,81,41,40,FMN GV 18 Kasterlee
84,Oudemolsedijk,2021-09-04,14:00:00,80,44,36,FMN GV 18 Kasterlee
84,Oudemolsedijk,2021-09-04,15:00:00,125,67,58,FMN GV 18 Kasterlee
84,Oudemolsedijk,2021-09-04,16:00:00,107,56,51,FMN GV 18 Kasterlee
84,Oudemolsedijk,2021-09-04,17:00:00,153,66,87,FMN GV 18 Kasterlee
84,Oudemolsedijk,2021-09-04,18:00:00,35,20,15,FMN GV 18 Kasterlee
84,Oudemolsedijk,2021-09-04,19:00:00,17,6,11,FMN GV 18 Kasterlee
84,Oudemolsedijk,2021-09-04,20:00:00,45,41,4,FMN GV 18 Kasterlee
84,Oudemolsedijk,2021-09-04,21:00:00,23,21,2,FMN GV 18 Kasterlee
84,Oudemolsedijk,2021-09-04,22:00:00,8,7,1,FMN GV 18 Kasterlee
84,Oudemolsedijk,2021-09-04,23:00:00,5,5,0,FMN GV 18 Kasterlee
84,Oudemolsedijk,2021-09-05,00:00:00,0,0,0,FMN GV 18 Kasterlee
84,Oudemolsedijk,2021-09-05,01:00:00,8,4,4,FMN GV 18 Kasterlee
84,Oudemolsedijk,2021-09-05,02:00:00,0,0,0,FMN GV 18 Kasterlee
84,Oudemolsedijk,2021-09-05,03:00:00,0,0,0,FMN GV 18 Kasterlee
84,Oudemolsedijk,2021-09-05,04:00:00,1,0,1,FMN GV 18 Kasterlee
84,Oudemolsedijk,2021-09-05,05:00:00,0,0,0,FMN GV 18 Kasterlee
84,Oudemolsedijk,2021-09-05,06:00:00,1,1,0,FMN GV 18 Kasterlee
84,Oudemolsedijk,2021-09-05,07:00:00,9,3,6,FMN GV 18 Kasterlee
84,Oudemolsedijk,2021-09-05,08:00:00,18,11,7,FMN GV 18 Kasterlee
84,Oudemolsedijk,2021-09-05,09:00:00,96,32,64,FMN GV 18 Kasterlee
84,Oudemolsedijk,2021-09-05,10:00:00,145,104,41,FMN GV 18 Kasterlee
84,Oudemolsedijk,2021-09-05,11:00:00,148,47,101,FMN GV 18 Kasterlee
84,Oudemolsedijk,2021-09-05,12:00:00,88,45,43,FMN GV 18 Kasterlee
84,Oudemolsedijk,2021-09-05,13:00:00,145,57,88,FMN GV 18 Kasterlee
84,Oudemolsedijk,2021-09-05,14:00:00,260,129,131,FMN GV 18 Kasterlee
84,Oudemolsedijk,2021-09-05,15:00:00,200,123,77,FMN GV 18 Kasterlee
84,Oudemolsedijk,2021-09-05,16:00:00,143,67,76,FMN GV 18 Kasterlee
84,Oudemolsedijk,2021-09-05,17:00:00,91,51,40,FMN GV 18 Kasterlee
84,Oudemolsedijk,2021-09-05,18:00:00,58,31,27,FMN GV 18 Kasterlee
84,Oudemolsedijk,2021-09-05,19:00:00,17,13,4,FMN GV 18 Kasterlee
84,Oudemolsedijk,2021-09-05,20:00:00,17,6,11,FMN GV 18 Kasterlee
84,Oudemolsedijk,2021-09-05,21:00:00,0,0,0,FMN GV 18 Kasterlee
84,Oudemolsedijk,2021-09-05,22:00:00,2,0,2,FMN GV 18 Kasterlee
84,Oudemolsedijk,2021-09-05,23:00:00,0,0,0,FMN GV 18 Kasterlee
84,Oudemolsedijk,2021-09-06,00:00:00,0,0,0,FMN GV 18 Kasterlee
84,Oudemolsedijk,2021-09-06,01:00:00,0,0,0,FMN GV 18 Kasterlee
84,Oudemolsedijk,2021-09-06,02:00:00,0,0,0,FMN GV 18 Kasterlee
84,Oudemolsedijk,2021-09-06,03:00:00,0,0,0,FMN GV 18 Kasterlee
84,Oudemolsedijk,2021-09-06,04:00:00,0,0,0,FMN GV 18 Kasterlee
84,Oudemolsedijk,2021-09-06,05:00:00,5,5,0,FMN GV 18 Kasterlee
84,Oudemolsedijk,2021-09-06,06:00:00,17,8,9,FMN GV 18 Kasterlee
84,Oudemolsedijk,2021-09-06,07:00:00,35,19,16,FMN GV 18 Kasterlee
84,Oudemolsedijk,2021-09-06,08:00:00,24,14,10,FMN GV 18 Kasterlee
84,Oudemolsedijk,2021-09-06,09:00:00,24,12,12,FMN GV 18 Kasterlee
84,Oudemolsedijk,2021-09-06,10:00:00,29,19,10,FMN GV 18 Kasterlee
84,Oudemolsedijk,2021-09-06,11:00:00,44,16,28,FMN GV 18 Kasterlee
84,Oudemolsedijk,2021-09-06,12:00:00,48,23,25,FMN GV 18 Kasterlee
84,Oudemolsedijk,2021-09-06,13:00:00,94,51,43,FMN GV 18 Kasterlee
84,Oudemolsedijk,2021-09-06,14:00:00,118,56,62,FMN GV 18 Kasterlee
84,Oudemolsedijk,2021-09-06,15:00:00,118,64,54,FMN GV 18 Kasterlee
84,Oudemolsedijk,2021-09-06,16:00:00,118,70,48,FMN GV 18 Kasterlee
84,Oudemolsedijk,2021-09-06,17:00:00,72,37,35,FMN GV 18 Kasterlee
84,Oudemolsedijk,2021-09-06,18:00:00,28,13,15,FMN GV 18 Kasterlee
84,Oudemolsedijk,2021-09-06,19:00:00,15,12,3,FMN GV 18 Kasterlee
84,Oudemolsedijk,2021-09-06,20:00:00,9,7,2,FMN GV 18 Kasterlee
84,Oudemolsedijk,2021-09-06,21:00:00,4,2,2,FMN GV 18 Kasterlee
84,Oudemolsedijk,2021-09-06,22:00:00,5,0,5,FMN GV 18 Kasterlee
84,Oudemolsedijk,2021-09-06,23:00:00,1,0,1,FMN GV 18 Kasterlee
84,Oudemolsedijk,2021-09-07,00:00:00,0,0,0,FMN GV 18 Kasterlee
84,Oudemolsedijk,2021-09-07,01:00:00,0,0,0,FMN GV 18 Kasterlee
84,Oudemolsedijk,2021-09-07,02:00:00,0,0,0,FMN GV 18 Kasterlee
84,Oudemolsedijk,2021-09-07,03:00:00,0,0,0,FMN GV 18 Kasterlee
84,Oudemolsedijk,2021-09-07,04:00:00,0,0,0,FMN GV 18 Kasterlee
84,Oudemolsedijk,2021-09-07,05:00:00,6,5,1,FMN GV 18 Kasterlee
84,Oudemolsedijk,2021-09-07,06:00:00,12,5,7,FMN GV 18 Kasterlee
84,Oudemolsedijk,2021-09-07,07:00:00,40,20,20,FMN GV 18 Kasterlee
84,Oudemolsedijk,2021-09-07,08:00:00,56,19,37,FMN GV 18 Kasterlee
84,Oudemolsedijk,2021-09-07,09:00:00,32,6,26,FMN GV 18 Kasterlee
84,Oudemolsedijk,2021-09-07,10:00:00,36,17,19,FMN GV 18 Kasterlee
84,Oudemolsedijk,2021-09-07,11:00:00,65,29,36,FMN GV 18 Kasterlee
84,Oudemolsedijk,2021-09-07,12:00:00,67,47,20,FMN GV 18 Kasterlee
84,Oudemolsedijk,2021-09-07,13:00:00,106,38,68,FMN GV 18 Kasterlee
84,Oudemolsedijk,2021-09-07,14:00:00,144,89,55,FMN GV 18 Kasterlee
84,Oudemolsedijk,2021-09-07,15:00:00,87,46,41,FMN GV 18 Kasterlee
84,Oudemolsedijk,2021-09-07,16:00:00,121,59,62,FMN GV 18 Kasterlee
84,Oudemolsedijk,2021-09-07,17:00:00,87,50,37,FMN GV 18 Kasterlee
84,Oudemolsedijk,2021-09-07,18:00:00,70,55,15,FMN GV 18 Kasterlee
84,Oudemolsedijk,2021-09-07,19:00:00,57,36,21,FMN GV 18 Kasterlee
84,Oudemolsedijk,2021-09-07,20:00:00,24,20,4,FMN GV 18 Kasterlee
84,Oudemolsedijk,2021-09-07,21:00:00,5,3,2,FMN GV 18 Kasterlee
84,Oudemolsedijk,2021-09-07,22:00:00,3,1,2,FMN GV 18 Kasterlee
84,Oudemolsedijk,2021-09-07,23:00:00,1,1,0,FMN GV 18 Kasterlee
84,Oudemolsedijk,2021-09-08,00:00:00,2,0,2,FMN GV 18 Kasterlee
84,Oudemolsedijk,2021-09-08,01:00:00,0,0,0,FMN GV 18 Kasterlee
84,Oudemolsedijk,2021-09-08,02:00:00,0,0,0,FMN GV 18 Kasterlee
84,Oudemolsedijk,2021-09-08,03:00:00,1,0,1,FMN GV 18 Kasterlee
84,Oudemolsedijk,2021-09-08,04:00:00,0,0,0,FMN GV 18 Kasterlee
84,Oudemolsedijk,2021-09-08,05:00:00,6,4,2,FMN GV 18 Kasterlee
84,Oudemolsedijk,2021-09-08,06:00:00,12,7,5,FMN GV 18 Kasterlee
84,Oudemolsedijk,2021-09-08,07:00:00,34,13,21,FMN GV 18 Kasterlee
84,Oudemolsedijk,2021-09-08,08:00:00,29,20,9,FMN GV 18 Kasterlee
84,Oudemolsedijk,2021-09-08,09:00:00,18,9,9,FMN GV 18 Kasterlee
84,Oudemolsedijk,2021-09-08,10:00:00,37,18,19,FMN GV 18 Kasterlee
84,Oudemolsedijk,2021-09-08,11:00:00,78,52,26,FMN GV 18 Kasterlee
84,Oudemolsedijk,2021-09-08,12:00:00,63,28,35,FMN GV 18 Kasterlee
84,Oudemolsedijk,2021-09-08,13:00:00,101,46,55,FMN GV 18 Kasterlee
84,Oudemolsedijk,2021-09-08,14:00:00,123,51,72,FMN GV 18 Kasterlee
84,Oudemolsedijk,2021-09-08,15:00:00,117,65,52,FMN GV 18 Kasterlee
84,Oudemolsedijk,2021-09-08,16:00:00,128,82,46,FMN GV 18 Kasterlee
84,Oudemolsedijk,2021-09-08,17:00:00,85,40,45,FMN GV 18 Kasterlee
84,Oudemolsedijk,2021-09-08,18:00:00,64,34,30,FMN GV 18 Kasterlee
84,Oudemolsedijk,2021-09-08,19:00:00,86,58,28,FMN GV 18 Kasterlee
84,Oudemolsedijk,2021-09-08,20:00:00,58,43,15,FMN GV 18 Kasterlee
84,Oudemolsedijk,2021-09-08,21:00:00,1,0,1,FMN GV 18 Kasterlee
84,Oudemolsedijk,2021-09-08,22:00:00,6,1,5,FMN GV 18 Kasterlee
84,Oudemolsedijk,2021-09-08,23:00:00,2,2,0,FMN GV 18 Kasterlee
84,Oudemolsedijk,2021-09-09,00:00:00,0,0,0,FMN GV 18 Kasterlee
84,Oudemolsedijk,2021-09-09,01:00:00,0,0,0,FMN GV 18 Kasterlee
84,Oudemolsedijk,2021-09-09,02:00:00,0,0,0,FMN GV 18 Kasterlee
84,Oudemolsedijk,2021-09-09,03:00:00,0,0,0,FMN GV 18 Kasterlee
84,Oudemolsedijk,2021-09-09,04:00:00,0,0,0,FMN GV 18 Kasterlee
84,Oudemolsedijk,2021-09-09,05:00:00,3,2,1,FMN GV 18 Kasterlee
84,Oudemolsedijk,2021-09-09,06:00:00,17,9,8,FMN GV 18 Kasterlee
84,Oudemolsedijk,2021-09-09,07:00:00,39,18,21,FMN GV 18 Kasterlee
84,Oudemolsedijk,2021-09-09,08:00:00,23,18,5,FMN GV 18 Kasterlee
84,Oudemolsedijk,2021-09-09,09:00:00,28,7,21,FMN GV 18 Kasterlee
84,Oudemolsedijk,2021-09-09,10:00:00,29,11,18,FMN GV 18 Kasterlee
84,Oudemolsedijk,2021-09-09,11:00:00,27,11,16,FMN GV 18 Kasterlee
84,Oudemolsedijk,2021-09-09,12:00:00,33,15,18,FMN GV 18 Kasterlee
84,Oudemolsedijk,2021-09-09,13:00:00,79,50,29,FMN GV 18 Kasterlee
84,Oudemolsedijk,2021-09-09,14:00:00,94,70,24,FMN GV 18 Kasterlee
84,Oudemolsedijk,2021-09-09,15:00:00,78,33,45,FMN GV 18 Kasterlee
84,Oudemolsedijk,2021-09-09,16:00:00,38,21,17,FMN GV 18 Kasterlee
84,Oudemolsedijk,2021-09-09,17:00:00,56,28,28,FMN GV 18 Kasterlee
84,Oudemolsedijk,2021-09-09,18:00:00,31,12,19,FMN GV 18 Kasterlee
84,Oudemolsedijk,2021-09-09,19:00:00,17,9,8,FMN GV 18 Kasterlee
84,Oudemolsedijk,2021-09-09,20:00:00,19,18,1,FMN GV 18 Kasterlee
84,Oudemolsedijk,2021-09-09,21:00:00,3,0,3,FMN GV 18 Kasterlee
84,Oudemolsedijk,2021-09-09,22:00:00,5,0,5,FMN GV 18 Kasterlee
84,Oudemolsedijk,2021-09-09,23:00:00,0,0,0,FMN GV 18 Kasterlee
84,Oudemolsedijk,2021-09-10,00:00:00,0,0,0,FMN GV 18 Kasterlee
84,Oudemolsedijk,2021-09-10,01:00:00,0,0,0,FMN GV 18 Kasterlee
84,Oudemolsedijk,2021-09-10,02:00:00,0,0,0,FMN GV 18 Kasterlee
84,Oudemolsedijk,2021-09-10,03:00:00,0,0,0,FMN GV 18 Kasterlee
84,Oudemolsedijk,2021-09-10,04:00:00,0,0,0,FMN GV 18 Kasterlee
84,Oudemolsedijk,2021-09-10,05:00:00,3,3,0,FMN GV 18 Kasterlee
84,Oudemolsedijk,2021-09-10,06:00:00,11,4,7,FMN GV 18 Kasterlee
84,Oudemolsedijk,2021-09-10,07:00:00,27,12,15,FMN GV 18 Kasterlee
84,Oudemolsedijk,2021-09-10,08:00:00,10,7,3,FMN GV 18 Kasterlee
84,Oudemolsedijk,2021-09-10,09:00:00,20,9,11,FMN GV 18 Kasterlee
84,Oudemolsedijk,2021-09-10,10:00:00,16,6,10,FMN GV 18 Kasterlee
84,Oudemolsedijk,2021-09-10,11:00:00,32,10,22,FMN GV 18 Kasterlee
84,Oudemolsedijk,2021-09-10,12:00:00,11,7,4,FMN GV 18 Kasterlee
84,Oudemolsedijk,2021-09-10,13:00:00,10,4,6,FMN GV 18 Kasterlee
84,Oudemolsedijk,2021-09-10,14:00:00,9,3,6,FMN GV 18 Kasterlee
84,Oudemolsedijk,2021-09-10,15:00:00,11,3,8,FMN GV 18 Kasterlee
84,Oudemolsedijk,2021-09-10,16:00:00,26,16,10,FMN GV 18 Kasterlee
84,Oudemolsedijk,2021-09-10,17:00:00,29,16,13,FMN GV 18 Kasterlee
84,Oudemolsedijk,2021-09-10,18:00:00,18,5,13,FMN GV 18 Kasterlee
84,Oudemolsedijk,2021-09-10,19:00:00,11,6,5,FMN GV 18 Kasterlee
84,Oudemolsedijk,2021-09-10,20:00:00,8,4,4,FMN GV 18 Kasterlee
84,Oudemolsedijk,2021-09-10,21:00:00,1,0,1,FMN GV 18 Kasterlee
84,Oudemolsedijk,2021-09-10,22:00:00,0,0,0,FMN GV 18 Kasterlee
84,Oudemolsedijk,2021-09-10,23:00:00,1,0,1,FMN GV 18 Kasterlee
84,Oudemolsedijk,2021-09-11,00:00:00,2,2,0,FMN GV 18 Kasterlee
84,Oudemolsedijk,2021-09-11,01:00:00,0,0,0,FMN GV 18 Kasterlee
84,Oudemolsedijk,2021-09-11,02:00:00,0,0,0,FMN GV 18 Kasterlee
84,Oudemolsedijk,2021-09-11,03:00:00,2,0,2,FMN GV 18 Kasterlee
84,Oudemolsedijk,2021-09-11,04:00:00,0,0,0,FMN GV 18 Kasterlee
84,Oudemolsedijk,2021-09-11,05:00:00,0,0,0,FMN GV 18 Kasterlee
84,Oudemolsedijk,2021-09-11,06:00:00,0,0,0,FMN GV 18 Kasterlee
84,Oudemolsedijk,2021-09-11,07:00:00,3,2,1,FMN GV 18 Kasterlee
84,Oudemolsedijk,2021-09-11,08:00:00,17,9,8,FMN GV 18 Kasterlee
84,Oudemolsedijk,2021-09-11,09:00:00,26,20,6,FMN GV 18 Kasterlee
84,Oudemolsedijk,2021-09-11,10:00:00,69,45,24,FMN GV 18 Kasterlee
84,Oudemolsedijk,2021-09-11,11:00:00,36,26,10,FMN GV 18 Kasterlee
84,Oudemolsedijk,2021-09-11,12:00:00,40,16,24,FMN GV 18 Kasterlee
84,Oudemolsedijk,2021-09-11,13:00:00,34,22,12,FMN GV 18 Kasterlee
84,Oudemolsedijk,2021-09-11,14:00:00,32,25,7,FMN GV 18 Kasterlee
84,Oudemolsedijk,2021-09-11,15:00:00,37,25,12,FMN GV 18 Kasterlee
84,Oudemolsedijk,2021-09-11,16:00:00,14,7,7,FMN GV 18 Kasterlee
84,Oudemolsedijk,2021-09-11,17:00:00,19,13,6,FMN GV 18 Kasterlee
84,Oudemolsedijk,2021-09-11,18:00:00,12,6,6,FMN GV 18 Kasterlee
84,Oudemolsedijk,2021-09-11,19:00:00,12,12,0,FMN GV 18 Kasterlee
84,Oudemolsedijk,2021-09-11,20:00:00,1,1,0,FMN GV 18 Kasterlee
84,Oudemolsedijk,2021-09-11,21:00:00,1,0,1,FMN GV 18 Kasterlee
84,Oudemolsedijk,2021-09-11,22:00:00,0,0,0,FMN GV 18 Kasterlee
84,Oudemolsedijk,2021-09-11,23:00:00,0,0,0,FMN GV 18 Kasterlee
84,Oudemolsedijk,2021-09-12,00:00:00,1,0,1,FMN GV 18 Kasterlee
84,Oudemolsedijk,2021-09-12,01:00:00,1,0,1,FMN GV 18 Kasterlee
84,Oudemolsedijk,2021-09-12,02:00:00,0,0,0,FMN GV 18 Kasterlee
84,Oudemolsedijk,2021-09-12,03:00:00,0,0,0,FMN GV 18 Kasterlee
84,Oudemolsedijk,2021-09-12,04:00:00,0,0,0,FMN GV 18 Kasterlee
84,Oudemolsedijk,2021-09-12,05:00:00,0,0,0,FMN GV 18 Kasterlee
84,Oudemolsedijk,2021-09-12,06:00:00,1,1,0,FMN GV 18 Kasterlee
84,Oudemolsedijk,2021-09-12,07:00:00,6,2,4,FMN GV 18 Kasterlee
84,Oudemolsedijk,2021-09-12,08:00:00,25,17,8,FMN GV 18 Kasterlee
84,Oudemolsedijk,2021-09-12,09:00:00,87,40,47,FMN GV 18 Kasterlee
84,Oudemolsedijk,2021-09-12,10:00:00,95,68,27,FMN GV 18 Kasterlee
84,Oudemolsedijk,2021-09-12,11:00:00,140,77,63,FMN GV 18 Kasterlee
84,Oudemolsedijk,2021-09-12,12:00:00,53,29,24,FMN GV 18 Kasterlee
84,Oudemolsedijk,2021-09-12,13:00:00,83,35,48,FMN GV 18 Kasterlee
84,Oudemolsedijk,2021-09-12,14:00:00,125,81,44,FMN GV 18 Kasterlee
84,Oudemolsedijk,2021-09-12,15:00:00,121,77,44,FMN GV 18 Kasterlee
84,Oudemolsedijk,2021-09-12,16:00:00,69,37,32,FMN GV 18 Kasterlee
84,Oudemolsedijk,2021-09-12,17:00:00,46,15,31,FMN GV 18 Kasterlee
84,Oudemolsedijk,2021-09-12,18:00:00,17,6,11,FMN GV 18 Kasterlee
84,Oudemolsedijk,2021-09-12,19:00:00,8,6,2,FMN GV 18 Kasterlee
84,Oudemolsedijk,2021-09-12,20:00:00,11,9,2,FMN GV 18 Kasterlee
84,Oudemolsedijk,2021-09-12,21:00:00,0,0,0,FMN GV 18 Kasterlee
84,Oudemolsedijk,2021-09-12,22:00:00,3,2,1,FMN GV 18 Kasterlee
84,Oudemolsedijk,2021-09-12,23:00:00,0,0,0,FMN GV 18 Kasterlee
84,Oudemolsedijk,2021-09-13,00:00:00,1,0,1,FMN GV 18 Kasterlee
84,Oudemolsedijk,2021-09-13,01:00:00,0,0,0,FMN GV 18 Kasterlee
84,Oudemolsedijk,2021-09-13,02:00:00,0,0,0,FMN GV 18 Kasterlee
84,Oudemolsedijk,2021-09-13,03:00:00,1,0,1,FMN GV 18 Kasterlee
84,Oudemolsedijk,2021-09-13,04:00:00,2,2,0,FMN GV 18 Kasterlee
84,Oudemolsedijk,2021-09-13,05:00:00,5,5,0,FMN GV 18 Kasterlee
84,Oudemolsedijk,2021-09-13,06:00:00,16,7,9,FMN GV 18 Kasterlee
84,Oudemolsedijk,2021-09-13,07:00:00,28,12,16,FMN GV 18 Kasterlee
84,Oudemolsedijk,2021-09-13,08:00:00,29,21,8,FMN GV 18 Kasterlee
84,Oudemolsedijk,2021-09-13,09:00:00,12,5,7,FMN GV 18 Kasterlee
84,Oudemolsedijk,2021-09-13,10:00:00,25,13,12,FMN GV 18 Kasterlee
84,Oudemolsedijk,2021-09-13,11:00:00,24,14,10,FMN GV 18 Kasterlee
84,Oudemolsedijk,2021-09-13,12:00:00,21,8,13,FMN GV 18 Kasterlee
84,Oudemolsedijk,2021-09-13,13:00:00,65,32,33,FMN GV 18 Kasterlee
84,Oudemolsedijk,2021-09-13,14:00:00,89,57,32,FMN GV 18 Kasterlee
84,Oudemolsedijk,2021-09-13,15:00:00,73,44,29,FMN GV 18 Kasterlee
84,Oudemolsedijk,2021-09-13,16:00:00,81,45,36,FMN GV 18 Kasterlee
84,Oudemolsedijk,2021-09-13,17:00:00,56,28,28,FMN GV 18 Kasterlee
84,Oudemolsedijk,2021-09-13,18:00:00,23,12,11,FMN GV 18 Kasterlee
84,Oudemolsedijk,2021-09-13,19:00:00,16,14,2,FMN GV 18 Kasterlee
84,Oudemolsedijk,2021-09-13,20:00:00,7,6,1,FMN GV 18 Kasterlee
84,Oudemolsedijk,2021-09-13,21:00:00,4,3,1,FMN GV 18 Kasterlee
84,Oudemolsedijk,2021-09-13,22:00:00,1,0,1,FMN GV 18 Kasterlee
84,Oudemolsedijk,2021-09-13,23:00:00,0,0,0,FMN GV 18 Kasterlee
84,Oudemolsedijk,2021-09-14,00:00:00,0,0,0,FMN GV 18 Kasterlee
84,Oudemolsedijk,2021-09-14,01:00:00,1,1,0,FMN GV 18 Kasterlee
84,Oudemolsedijk,2021-09-14,02:00:00,0,0,0,FMN GV 18 Kasterlee
84,Oudemolsedijk,2021-09-14,03:00:00,0,0,0,FMN GV 18 Kasterlee
84,Oudemolsedijk,2021-09-14,04:00:00,1,1,0,FMN GV 18 Kasterlee
84,Oudemolsedijk,2021-09-14,05:00:00,5,5,0,FMN GV 18 Kasterlee
84,Oudemolsedijk,2021-09-14,06:00:00,14,4,10,FMN GV 18 Kasterlee
84,Oudemolsedijk,2021-09-14,07:00:00,30,16,14,FMN GV 18 Kasterlee
84,Oudemolsedijk,2021-09-14,08:00:00,31,17,14,FMN GV 18 Kasterlee
84,Oudemolsedijk,2021-09-14,09:00:00,14,4,10,FMN GV 18 Kasterlee
84,Oudemolsedijk,2021-09-14,10:00:00,34,16,18,FMN GV 18 Kasterlee
84,Oudemolsedijk,2021-09-14,11:00:00,37,19,18,FMN GV 18 Kasterlee
84,Oudemolsedijk,2021-09-14,12:00:00,38,20,18,FMN GV 18 Kasterlee
84,Oudemolsedijk,2021-09-14,13:00:00,83,22,61,FMN GV 18 Kasterlee
84,Oudemolsedijk,2021-09-14,14:00:00,107,61,46,FMN GV 18 Kasterlee
84,Oudemolsedijk,2021-09-14,15:00:00,49,27,22,FMN GV 18 Kasterlee
84,Oudemolsedijk,2021-09-14,16:00:00,61,38,23,FMN GV 18 Kasterlee
84,Oudemolsedijk,2021-09-14,17:00:00,30,18,12,FMN GV 18 Kasterlee
84,Oudemolsedijk,2021-09-14,18:00:00,22,13,9,FMN GV 18 Kasterlee
84,Oudemolsedijk,2021-09-14,19:00:00,14,5,9,FMN GV 18 Kasterlee
84,Oudemolsedijk,2021-09-14,20:00:00,4,3,1,FMN GV 18 Kasterlee
84,Oudemolsedijk,2021-09-14,21:00:00,5,4,1,FMN GV 18 Kasterlee
84,Oudemolsedijk,2021-09-14,22:00:00,3,1,2,FMN GV 18 Kasterlee
84,Oudemolsedijk,2021-09-14,23:00:00,0,0,0,FMN GV 18 Kasterlee
84,Oudemolsedijk,2021-09-15,00:00:00,0,0,0,FMN GV 18 Kasterlee
84,Oudemolsedijk,2021-09-15,01:00:00,0,0,0,FMN GV 18 Kasterlee
84,Oudemolsedijk,2021-09-15,02:00:00,0,0,0,FMN GV 18 Kasterlee
84,Oudemolsedijk,2021-09-15,03:00:00,0,0,0,FMN GV 18 Kasterlee
84,Oudemolsedijk,2021-09-15,04:00:00,2,2,0,FMN GV 18 Kasterlee
84,Oudemolsedijk,2021-09-15,05:00:00,1,1,0,FMN GV 18 Kasterlee
84,Oudemolsedijk,2021-09-15,06:00:00,8,1,7,FMN GV 18 Kasterlee
84,Oudemolsedijk,2021-09-15,07:00:00,10,9,1,FMN GV 18 Kasterlee
84,Oudemolsedijk,2021-09-15,08:00:00,6,4,2,FMN GV 18 Kasterlee
84,Oudemolsedijk,2021-09-15,09:00:00,2,1,1,FMN GV 18 Kasterlee
84,Oudemolsedijk,2021-09-15,10:00:00,16,14,2,FMN GV 18 Kasterlee
84,Oudemolsedijk,2021-09-15,11:00:00,6,2,4,FMN GV 18 Kasterlee
84,Oudemolsedijk,2021-09-15,12:00:00,19,8,11,FMN GV 18 Kasterlee
84,Oudemolsedijk,2021-09-15,13:00:00,39,19,20,FMN GV 18 Kasterlee
84,Oudemolsedijk,2021-09-15,14:00:00,58,23,35,FMN GV 18 Kasterlee
84,Oudemolsedijk,2021-09-15,15:00:00,31,18,13,FMN GV 18 Kasterlee
84,Oudemolsedijk,2021-09-15,16:00:00,38,23,15,FMN GV 18 Kasterlee
84,Oudemolsedijk,2021-09-15,17:00:00,28,14,14,FMN GV 18 Kasterlee
84,Oudemolsedijk,2021-09-15,18:00:00,40,20,20,FMN GV 18 Kasterlee
84,Oudemolsedijk,2021-09-15,19:00:00,75,51,24,FMN GV 18 Kasterlee
84,Oudemolsedijk,2021-09-15,20:00:00,9,5,4,FMN GV 18 Kasterlee
84,Oudemolsedijk,2021-09-15,21:00:00,4,3,1,FMN GV 18 Kasterlee
84,Oudemolsedijk,2021-09-15,22:00:00,1,0,1,FMN GV 18 Kasterlee
84,Oudemolsedijk,2021-09-15,23:00:00,0,0,0,FMN GV 18 Kasterlee
84,Oudemolsedijk,2021-09-16,00:00:00,0,0,0,FMN GV 18 Kasterlee
84,Oudemolsedijk,2021-09-16,01:00:00,0,0,0,FMN GV 18 Kasterlee
84,Oudemolsedijk,2021-09-16,02:00:00,0,0,0,FMN GV 18 Kasterlee
84,Oudemolsedijk,2021-09-16,03:00:00,0,0,0,FMN GV 18 Kasterlee
84,Oudemolsedijk,2021-09-16,04:00:00,2,2,0,FMN GV 18 Kasterlee
84,Oudemolsedijk,2021-09-16,05:00:00,5,5,0,FMN GV 18 Kasterlee
84,Oudemolsedijk,2021-09-16,06:00:00,18,6,12,FMN GV 18 Kasterlee
84,Oudemolsedijk,2021-09-16,07:00:00,27,16,11,FMN GV 18 Kasterlee
84,Oudemolsedijk,2021-09-16,08:00:00,22,14,8,FMN GV 18 Kasterlee
84,Oudemolsedijk,2021-09-16,09:00:00,36,7,29,FMN GV 18 Kasterlee
84,Oudemolsedijk,2021-09-16,10:00:00,16,5,11,FMN GV 18 Kasterlee
84,Oudemolsedijk,2021-09-16,11:00:00,25,15,10,FMN GV 18 Kasterlee
84,Oudemolsedijk,2021-09-16,12:00:00,21,7,14,FMN GV 18 Kasterlee
84,Oudemolsedijk,2021-09-16,13:00:00,82,36,46,FMN GV 18 Kasterlee
84,Oudemolsedijk,2021-09-16,14:00:00,120,44,76,FMN GV 18 Kasterlee
84,Oudemolsedijk,2021-09-16,15:00:00,60,41,19,FMN GV 18 Kasterlee
84,Oudemolsedijk,2021-09-16,16:00:00,87,60,27,FMN GV 18 Kasterlee
84,Oudemolsedijk,2021-09-16,17:00:00,50,21,29,FMN GV 18 Kasterlee
84,Oudemolsedijk,2021-09-16,18:00:00,44,19,25,FMN GV 18 Kasterlee
84,Oudemolsedijk,2021-09-16,19:00:00,54,18,36,FMN GV 18 Kasterlee
84,Oudemolsedijk,2021-09-16,20:00:00,22,19,3,FMN GV 18 Kasterlee
84,Oudemolsedijk,2021-09-16,21:00:00,8,4,4,FMN GV 18 Kasterlee
84,Oudemolsedijk,2021-09-16,22:00:00,0,0,0,FMN GV 18 Kasterlee
84,Oudemolsedijk,2021-09-16,23:00:00,0,0,0,FMN GV 18 Kasterlee
84,Oudemolsedijk,2021-09-17,00:00:00,0,0,0,FMN GV 18 Kasterlee
84,Oudemolsedijk,2021-09-17,01:00:00,0,0,0,FMN GV 18 Kasterlee
84,Oudemolsedijk,2021-09-17,02:00:00,0,0,0,FMN GV 18 Kasterlee
84,Oudemolsedijk,2021-09-17,03:00:00,0,0,0,FMN GV 18 Kasterlee
84,Oudemolsedijk,2021-09-17,04:00:00,1,1,0,FMN GV 18 Kasterlee
84,Oudemolsedijk,2021-09-17,05:00:00,4,4,0,FMN GV 18 Kasterlee
84,Oudemolsedijk,2021-09-17,06:00:00,17,7,10,FMN GV 18 Kasterlee
84,Oudemolsedijk,2021-09-17,07:00:00,20,11,9,FMN GV 18 Kasterlee
84,Oudemolsedijk,2021-09-17,08:00:00,24,13,11,FMN GV 18 Kasterlee
84,Oudemolsedijk,2021-09-17,09:00:00,18,5,13,FMN GV 18 Kasterlee
84,Oudemolsedijk,2021-09-17,10:00:00,25,11,14,FMN GV 18 Kasterlee
84,Oudemolsedijk,2021-09-17,11:00:00,28,18,10,FMN GV 18 Kasterlee
84,Oudemolsedijk,2021-09-17,12:00:00,39,27,12,FMN GV 18 Kasterlee
84,Oudemolsedijk,2021-09-17,13:00:00,78,28,50,FMN GV 18 Kasterlee
84,Oudemolsedijk,2021-09-17,14:00:00,88,46,42,FMN GV 18 Kasterlee
84,Oudemolsedijk,2021-09-17,15:00:00,99,51,48,FMN GV 18 Kasterlee
84,Oudemolsedijk,2021-09-17,16:00:00,61,30,31,FMN GV 18 Kasterlee
84,Oudemolsedijk,2021-09-17,17:00:00,47,20,27,FMN GV 18 Kasterlee
84,Oudemolsedijk,2021-09-17,18:00:00,26,14,12,FMN GV 18 Kasterlee
84,Oudemolsedijk,2021-09-17,19:00:00,16,8,8,FMN GV 18 Kasterlee
84,Oudemolsedijk,2021-09-17,20:00:00,5,5,0,FMN GV 18 Kasterlee
84,Oudemolsedijk,2021-09-17,21:00:00,0,0,0,FMN GV 18 Kasterlee
84,Oudemolsedijk,2021-09-17,22:00:00,1,1,0,FMN GV 18 Kasterlee
84,Oudemolsedijk,2021-09-17,23:00:00,0,0,0,FMN GV 18 Kasterlee
84,Oudemolsedijk,2021-09-18,00:00:00,0,0,0,FMN GV 18 Kasterlee
84,Oudemolsedijk,2021-09-18,01:00:00,2,0,2,FMN GV 18 Kasterlee
84,Oudemolsedijk,2021-09-18,02:00:00,0,0,0,FMN GV 18 Kasterlee
84,Oudemolsedijk,2021-09-18,03:00:00,1,0,1,FMN GV 18 Kasterlee
84,Oudemolsedijk,2021-09-18,04:00:00,0,0,0,FMN GV 18 Kasterlee
84,Oudemolsedijk,2021-09-18,05:00:00,1,0,1,FMN GV 18 Kasterlee
84,Oudemolsedijk,2021-09-18,06:00:00,1,1,0,FMN GV 18 Kasterlee
84,Oudemolsedijk,2021-09-18,07:00:00,2,2,0,FMN GV 18 Kasterlee
84,Oudemolsedijk,2021-09-18,08:00:00,14,4,10,FMN GV 18 Kasterlee
84,Oudemolsedijk,2021-09-18,09:00:00,30,11,19,FMN GV 18 Kasterlee
84,Oudemolsedijk,2021-09-18,10:00:00,34,15,19,FMN GV 18 Kasterlee
84,Oudemolsedijk,2021-09-18,11:00:00,81,58,23,FMN GV 18 Kasterlee
84,Oudemolsedijk,2021-09-18,12:00:00,65,29,36,FMN GV 18 Kasterlee
84,Oudemolsedijk,2021-09-18,13:00:00,108,58,50,FMN GV 18 Kasterlee
84,Oudemolsedijk,2021-09-18,14:00:00,158,85,73,FMN GV 18 Kasterlee
84,Oudemolsedijk,2021-09-18,15:00:00,160,83,77,FMN GV 18 Kasterlee
84,Oudemolsedijk,2021-09-18,16:00:00,67,46,21,FMN GV 18 Kasterlee
84,Oudemolsedijk,2021-09-18,17:00:00,70,45,25,FMN GV 18 Kasterlee
84,Oudemolsedijk,2021-09-18,18:00:00,11,9,2,FMN GV 18 Kasterlee
84,Oudemolsedijk,2021-09-18,19:00:00,14,6,8,FMN GV 18 Kasterlee
84,Oudemolsedijk,2021-09-18,20:00:00,6,5,1,FMN GV 18 Kasterlee
84,Oudemolsedijk,2021-09-18,21:00:00,1,1,0,FMN GV 18 Kasterlee
84,Oudemolsedijk,2021-09-18,22:00:00,2,1,1,FMN GV 18 Kasterlee
84,Oudemolsedijk,2021-09-18,23:00:00,2,2,0,FMN GV 18 Kasterlee
84,Oudemolsedijk,2021-09-19,00:00:00,1,1,0,FMN GV 18 Kasterlee
84,Oudemolsedijk,2021-09-19,01:00:00,2,0,2,FMN GV 18 Kasterlee
84,Oudemolsedijk,2021-09-19,02:00:00,1,1,0,FMN GV 18 Kasterlee
84,Oudemolsedijk,2021-09-19,03:00:00,1,1,0,FMN GV 18 Kasterlee
84,Oudemolsedijk,2021-09-19,04:00:00,0,0,0,FMN GV 18 Kasterlee
84,Oudemolsedijk,2021-09-19,05:00:00,0,0,0,FMN GV 18 Kasterlee
84,Oudemolsedijk,2021-09-19,06:00:00,0,0,0,FMN GV 18 Kasterlee
84,Oudemolsedijk,2021-09-19,07:00:00,6,0,6,FMN GV 18 Kasterlee
84,Oudemolsedijk,2021-09-19,08:00:00,51,29,22,FMN GV 18 Kasterlee
84,Oudemolsedijk,2021-09-19,09:00:00,88,23,65,FMN GV 18 Kasterlee
84,Oudemolsedijk,2021-09-19,10:00:00,127,72,55,FMN GV 18 Kasterlee
84,Oudemolsedijk,2021-09-19,11:00:00,85,50,35,FMN GV 18 Kasterlee
84,Oudemolsedijk,2021-09-19,12:00:00,79,40,39,FMN GV 18 Kasterlee
84,Oudemolsedijk,2021-09-19,13:00:00,106,39,67,FMN GV 18 Kasterlee
84,Oudemolsedijk,2021-09-19,14:00:00,181,91,90,FMN GV 18 Kasterlee
84,Oudemolsedijk,2021-09-19,15:00:00,137,76,61,FMN GV 18 Kasterlee
84,Oudemolsedijk,2021-09-19,16:00:00,115,69,46,FMN GV 18 Kasterlee
84,Oudemolsedijk,2021-09-19,17:00:00,84,42,42,FMN GV 18 Kasterlee
84,Oudemolsedijk,2021-09-19,18:00:00,23,13,10,FMN GV 18 Kasterlee
84,Oudemolsedijk,2021-09-19,19:00:00,11,8,3,FMN GV 18 Kasterlee
84,Oudemolsedijk,2021-09-19,20:00:00,3,1,2,FMN GV 18 Kasterlee
84,Oudemolsedijk,2021-09-19,21:00:00,3,2,1,FMN GV 18 Kasterlee
84,Oudemolsedijk,2021-09-19,22:00:00,3,2,1,FMN GV 18 Kasterlee
84,Oudemolsedijk,2021-09-19,23:00:00,0,0,0,FMN GV 18 Kasterlee
84,Oudemolsedijk,2021-09-20,00:00:00,0,0,0,FMN GV 18 Kasterlee
84,Oudemolsedijk,2021-09-20,01:00:00,0,0,0,FMN GV 18 Kasterlee
84,Oudemolsedijk,2021-09-20,02:00:00,0,0,0,FMN GV 18 Kasterlee
84,Oudemolsedijk,2021-09-20,03:00:00,0,0,0,FMN GV 18 Kasterlee
84,Oudemolsedijk,2021-09-20,04:00:00,0,0,0,FMN GV 18 Kasterlee
84,Oudemolsedijk,2021-09-20,05:00:00,5,5,0,FMN GV 18 Kasterlee
84,Oudemolsedijk,2021-09-20,06:00:00,14,8,6,FMN GV 18 Kasterlee
84,Oudemolsedijk,2021-09-20,07:00:00,30,15,15,FMN GV 18 Kasterlee
84,Oudemolsedijk,2021-09-20,08:00:00,27,18,9,FMN GV 18 Kasterlee
84,Oudemolsedijk,2021-09-20,09:00:00,9,5,4,FMN GV 18 Kasterlee
84,Oudemolsedijk,2021-09-20,10:00:00,22,13,9,FMN GV 18 Kasterlee
84,Oudemolsedijk,2021-09-20,11:00:00,27,10,17,FMN GV 18 Kasterlee
84,Oudemolsedijk,2021-09-20,12:00:00,26,17,9,FMN GV 18 Kasterlee
84,Oudemolsedijk,2021-09-20,13:00:00,43,20,23,FMN GV 18 Kasterlee
84,Oudemolsedijk,2021-09-20,14:00:00,79,57,22,FMN GV 18 Kasterlee
84,Oudemolsedijk,2021-09-20,15:00:00,69,34,35,FMN GV 18 Kasterlee
84,Oudemolsedijk,2021-09-20,16:00:00,113,36,77,FMN GV 18 Kasterlee
84,Oudemolsedijk,2021-09-20,17:00:00,42,25,17,FMN GV 18 Kasterlee
84,Oudemolsedijk,2021-09-20,18:00:00,18,8,10,FMN GV 18 Kasterlee
84,Oudemolsedijk,2021-09-20,19:00:00,13,5,8,FMN GV 18 Kasterlee
84,Oudemolsedijk,2021-09-20,20:00:00,8,6,2,FMN GV 18 Kasterlee
84,Oudemolsedijk,2021-09-20,21:00:00,3,0,3,FMN GV 18 Kasterlee
84,Oudemolsedijk,2021-09-20,22:00:00,6,1,5,FMN GV 18 Kasterlee
84,Oudemolsedijk,2021-09-20,23:00:00,0,0,0,FMN GV 18 Kasterlee
84,Oudemolsedijk,2021-09-21,00:00:00,0,0,0,FMN GV 18 Kasterlee
84,Oudemolsedijk,2021-09-21,01:00:00,0,0,0,FMN GV 18 Kasterlee
84,Oudemolsedijk,2021-09-21,02:00:00,0,0,0,FMN GV 18 Kasterlee
84,Oudemolsedijk,2021-09-21,03:00:00,2,1,1,FMN GV 18 Kasterlee
84,Oudemolsedijk,2021-09-21,04:00:00,1,0,1,FMN GV 18 Kasterlee
84,Oudemolsedijk,2021-09-21,05:00:00,5,4,1,FMN GV 18 Kasterlee
84,Oudemolsedijk,2021-09-21,06:00:00,18,7,11,FMN GV 18 Kasterlee
84,Oudemolsedijk,2021-09-21,07:00:00,31,19,12,FMN GV 18 Kasterlee
84,Oudemolsedijk,2021-09-21,08:00:00,29,19,10,FMN GV 18 Kasterlee
84,Oudemolsedijk,2021-09-21,09:00:00,11,6,5,FMN GV 18 Kasterlee
84,Oudemolsedijk,2021-09-21,10:00:00,24,11,13,FMN GV 18 Kasterlee
84,Oudemolsedijk,2021-09-21,11:00:00,30,16,14,FMN GV 18 Kasterlee
84,Oudemolsedijk,2021-09-21,12:00:00,43,22,21,FMN GV 18 Kasterlee
84,Oudemolsedijk,2021-09-21,13:00:00,84,47,37,FMN GV 18 Kasterlee
84,Oudemolsedijk,2021-09-21,14:00:00,102,60,42,FMN GV 18 Kasterlee
84,Oudemolsedijk,2021-09-21,15:00:00,76,38,38,FMN GV 18 Kasterlee
84,Oudemolsedijk,2021-09-21,16:00:00,100,61,39,FMN GV 18 Kasterlee
84,Oudemolsedijk,2021-09-21,17:00:00,64,26,38,FMN GV 18 Kasterlee
84,Oudemolsedijk,2021-09-21,18:00:00,29,14,15,FMN GV 18 Kasterlee
84,Oudemolsedijk,2021-09-21,19:00:00,41,16,25,FMN GV 18 Kasterlee
84,Oudemolsedijk,2021-09-21,20:00:00,7,4,3,FMN GV 18 Kasterlee
84,Oudemolsedijk,2021-09-21,21:00:00,3,1,2,FMN GV 18 Kasterlee
84,Oudemolsedijk,2021-09-21,22:00:00,6,1,5,FMN GV 18 Kasterlee
84,Oudemolsedijk,2021-09-21,23:00:00,0,0,0,FMN GV 18 Kasterlee
84,Oudemolsedijk,2021-09-22,00:00:00,0,0,0,FMN GV 18 Kasterlee
84,Oudemolsedijk,2021-09-22,01:00:00,0,0,0,FMN GV 18 Kasterlee
84,Oudemolsedijk,2021-09-22,02:00:00,0,0,0,FMN GV 18 Kasterlee
84,Oudemolsedijk,2021-09-22,03:00:00,0,0,0,FMN GV 18 Kasterlee
84,Oudemolsedijk,2021-09-22,04:00:00,1,0,1,FMN GV 18 Kasterlee
84,Oudemolsedijk,2021-09-22,05:00:00,2,2,0,FMN GV 18 Kasterlee
84,Oudemolsedijk,2021-09-22,06:00:00,17,8,9,FMN GV 18 Kasterlee
84,Oudemolsedijk,2021-09-22,07:00:00,27,13,14,FMN GV 18 Kasterlee
84,Oudemolsedijk,2021-09-22,08:00:00,25,19,6,FMN GV 18 Kasterlee
84,Oudemolsedijk,2021-09-22,09:00:00,21,8,13,FMN GV 18 Kasterlee
84,Oudemolsedijk,2021-09-22,10:00:00,22,9,13,FMN GV 18 Kasterlee
84,Oudemolsedijk,2021-09-22,11:00:00,28,17,11,FMN GV 18 Kasterlee
84,Oudemolsedijk,2021-09-22,12:00:00,65,31,34,FMN GV 18 Kasterlee
84,Oudemolsedijk,2021-09-22,13:00:00,58,36,22,FMN GV 18 Kasterlee
84,Oudemolsedijk,2021-09-22,14:00:00,78,37,41,FMN GV 18 Kasterlee
84,Oudemolsedijk,2021-09-22,15:00:00,104,46,58,FMN GV 18 Kasterlee
84,Oudemolsedijk,2021-09-22,16:00:00,95,52,43,FMN GV 18 Kasterlee
84,Oudemolsedijk,2021-09-22,17:00:00,44,24,20,FMN GV 18 Kasterlee
84,Oudemolsedijk,2021-09-22,18:00:00,41,21,20,FMN GV 18 Kasterlee
84,Oudemolsedijk,2021-09-22,19:00:00,52,19,33,FMN GV 18 Kasterlee
84,Oudemolsedijk,2021-09-22,20:00:00,17,8,9,FMN GV 18 Kasterlee
84,Oudemolsedijk,2021-09-22,21:00:00,2,0,2,FMN GV 18 Kasterlee
84,Oudemolsedijk,2021-09-22,22:00:00,4,0,4,FMN GV 18 Kasterlee
84,Oudemolsedijk,2021-09-22,23:00:00,0,0,0,FMN GV 18 Kasterlee
84,Oudemolsedijk,2021-09-23,00:00:00,0,0,0,FMN GV 18 Kasterlee
84,Oudemolsedijk,2021-09-23,01:00:00,0,0,0,FMN GV 18 Kasterlee
84,Oudemolsedijk,2021-09-23,02:00:00,0,0,0,FMN GV 18 Kasterlee
84,Oudemolsedijk,2021-09-23,03:00:00,1,1,0,FMN GV 18 Kasterlee
84,Oudemolsedijk,2021-09-23,04:00:00,0,0,0,FMN GV 18 Kasterlee
84,Oudemolsedijk,2021-09-23,05:00:00,3,3,0,FMN GV 18 Kasterlee
84,Oudemolsedijk,2021-09-23,06:00:00,15,7,8,FMN GV 18 Kasterlee
84,Oudemolsedijk,2021-09-23,07:00:00,26,14,12,FMN GV 18 Kasterlee
84,Oudemolsedijk,2021-09-23,08:00:00,29,18,11,FMN GV 18 Kasterlee
84,Oudemolsedijk,2021-09-23,09:00:00,12,6,6,FMN GV 18 Kasterlee
84,Oudemolsedijk,2021-09-23,10:00:00,27,19,8,FMN GV 18 Kasterlee
84,Oudemolsedijk,2021-09-23,11:00:00,19,11,8,FMN GV 18 Kasterlee
84,Oudemolsedijk,2021-09-23,12:00:00,42,16,26,FMN GV 18 Kasterlee
84,Oudemolsedijk,2021-09-23,13:00:00,45,22,23,FMN GV 18 Kasterlee
84,Oudemolsedijk,2021-09-23,14:00:00,107,42,65,FMN GV 18 Kasterlee
84,Oudemolsedijk,2021-09-23,15:00:00,50,35,15,FMN GV 18 Kasterlee
84,Oudemolsedijk,2021-09-23,16:00:00,98,56,42,FMN GV 18 Kasterlee
84,Oudemolsedijk,2021-09-23,17:00:00,44,22,22,FMN GV 18 Kasterlee
84,Oudemolsedijk,2021-09-23,18:00:00,25,17,8,FMN GV 18 Kasterlee
84,Oudemolsedijk,2021-09-23,19:00:00,30,24,6,FMN GV 18 Kasterlee
84,Oudemolsedijk,2021-09-23,20:00:00,10,4,6,FMN GV 18 Kasterlee
84,Oudemolsedijk,2021-09-23,21:00:00,2,1,1,FMN GV 18 Kasterlee
84,Oudemolsedijk,2021-09-23,22:00:00,4,0,4,FMN GV 18 Kasterlee
84,Oudemolsedijk,2021-09-23,23:00:00,1,0,1,FMN GV 18 Kasterlee
84,Oudemolsedijk,2021-09-24,00:00:00,0,0,0,FMN GV 18 Kasterlee
84,Oudemolsedijk,2021-09-24,01:00:00,0,0,0,FMN GV 18 Kasterlee
84,Oudemolsedijk,2021-09-24,02:00:00,0,0,0,FMN GV 18 Kasterlee
84,Oudemolsedijk,2021-09-24,03:00:00,0,0,0,FMN GV 18 Kasterlee
84,Oudemolsedijk,2021-09-24,04:00:00,0,0,0,FMN GV 18 Kasterlee
84,Oudemolsedijk,2021-09-24,05:00:00,2,2,0,FMN GV 18 Kasterlee
84,Oudemolsedijk,2021-09-24,06:00:00,18,8,10,FMN GV 18 Kasterlee
84,Oudemolsedijk,2021-09-24,07:00:00,14,6,8,FMN GV 18 Kasterlee
84,Oudemolsedijk,2021-09-24,08:00:00,22,17,5,FMN GV 18 Kasterlee
84,Oudemolsedijk,2021-09-24,09:00:00,7,3,4,FMN GV 18 Kasterlee
84,Oudemolsedijk,2021-09-24,10:00:00,23,12,11,FMN GV 18 Kasterlee
84,Oudemolsedijk,2021-09-24,11:00:00,11,4,7,FMN GV 18 Kasterlee
84,Oudemolsedijk,2021-09-24,12:00:00,28,12,16,FMN GV 18 Kasterlee
84,Oudemolsedijk,2021-09-24,13:00:00,68,19,49,FMN GV 18 Kasterlee
84,Oudemolsedijk,2021-09-24,14:00:00,36,16,20,FMN GV 18 Kasterlee
84,Oudemolsedijk,2021-09-24,15:00:00,48,21,27,FMN GV 18 Kasterlee
84,Oudemolsedijk,2021-09-24,16:00:00,46,23,23,FMN GV 18 Kasterlee
84,Oudemolsedijk,2021-09-24,17:00:00,20,12,8,FMN GV 18 Kasterlee
84,Oudemolsedijk,2021-09-24,18:00:00,17,10,7,FMN GV 18 Kasterlee
84,Oudemolsedijk,2021-09-24,19:00:00,20,6,14,FMN GV 18 Kasterlee
84,Oudemolsedijk,2021-09-24,20:00:00,2,2,0,FMN GV 18 Kasterlee
84,Oudemolsedijk,2021-09-24,21:00:00,2,1,1,FMN GV 18 Kasterlee
84,Oudemolsedijk,2021-09-24,22:00:00,7,3,4,FMN GV 18 Kasterlee
84,Oudemolsedijk,2021-09-24,23:00:00,0,0,0,FMN GV 18 Kasterlee
84,Oudemolsedijk,2021-09-25,00:00:00,1,0,1,FMN GV 18 Kasterlee
84,Oudemolsedijk,2021-09-25,01:00:00,3,0,3,FMN GV 18 Kasterlee
84,Oudemolsedijk,2021-09-25,02:00:00,0,0,0,FMN GV 18 Kasterlee
84,Oudemolsedijk,2021-09-25,03:00:00,1,0,1,FMN GV 18 Kasterlee
84,Oudemolsedijk,2021-09-25,04:00:00,1,1,0,FMN GV 18 Kasterlee
84,Oudemolsedijk,2021-09-25,05:00:00,1,1,0,FMN GV 18 Kasterlee
84,Oudemolsedijk,2021-09-25,06:00:00,1,1,0,FMN GV 18 Kasterlee
84,Oudemolsedijk,2021-09-25,07:00:00,4,2,2,FMN GV 18 Kasterlee
84,Oudemolsedijk,2021-09-25,08:00:00,17,4,13,FMN GV 18 Kasterlee
84,Oudemolsedijk,2021-09-25,09:00:00,12,3,9,FMN GV 18 Kasterlee
84,Oudemolsedijk,2021-09-25,10:00:00,36,13,23,FMN GV 18 Kasterlee
84,Oudemolsedijk,2021-09-25,11:00:00,36,17,19,FMN GV 18 Kasterlee
84,Oudemolsedijk,2021-09-25,12:00:00,46,26,20,FMN GV 18 Kasterlee
84,Oudemolsedijk,2021-09-25,13:00:00,81,34,47,FMN GV 18 Kasterlee
84,Oudemolsedijk,2021-09-25,14:00:00,142,56,86,FMN GV 18 Kasterlee
84,Oudemolsedijk,2021-09-25,15:00:00,134,75,59,FMN GV 18 Kasterlee
84,Oudemolsedijk,2021-09-25,16:00:00,108,57,51,FMN GV 18 Kasterlee
84,Oudemolsedijk,2021-09-25,17:00:00,75,43,32,FMN GV 18 Kasterlee
84,Oudemolsedijk,2021-09-25,18:00:00,17,8,9,FMN GV 18 Kasterlee
84,Oudemolsedijk,2021-09-25,19:00:00,8,6,2,FMN GV 18 Kasterlee
84,Oudemolsedijk,2021-09-25,20:00:00,6,0,6,FMN GV 18 Kasterlee
84,Oudemolsedijk,2021-09-25,21:00:00,0,0,0,FMN GV 18 Kasterlee
84,Oudemolsedijk,2021-09-25,22:00:00,2,2,0,FMN GV 18 Kasterlee
84,Oudemolsedijk,2021-09-25,23:00:00,0,0,0,FMN GV 18 Kasterlee
84,Oudemolsedijk,2021-09-26,00:00:00,0,0,0,FMN GV 18 Kasterlee
84,Oudemolsedijk,2021-09-26,01:00:00,1,1,0,FMN GV 18 Kasterlee
84,Oudemolsedijk,2021-09-26,02:00:00,2,2,0,FMN GV 18 Kasterlee
84,Oudemolsedijk,2021-09-26,03:00:00,2,2,0,FMN GV 18 Kasterlee
84,Oudemolsedijk,2021-09-26,04:00:00,2,2,0,FMN GV 18 Kasterlee
84,Oudemolsedijk,2021-09-26,05:00:00,1,1,0,FMN GV 18 Kasterlee
84,Oudemolsedijk,2021-09-26,06:00:00,1,0,1,FMN GV 18 Kasterlee
84,Oudemolsedijk,2021-09-26,07:00:00,5,1,4,FMN GV 18 Kasterlee
84,Oudemolsedijk,2021-09-26,08:00:00,37,17,20,FMN GV 18 Kasterlee
84,Oudemolsedijk,2021-09-26,09:00:00,116,31,85,FMN GV 18 Kasterlee
84,Oudemolsedijk,2021-09-26,10:00:00,123,70,53,FMN GV 18 Kasterlee
84,Oudemolsedijk,2021-09-26,11:00:00,135,67,68,FMN GV 18 Kasterlee
84,Oudemolsedijk,2021-09-26,12:00:00,82,45,37,FMN GV 18 Kasterlee
84,Oudemolsedijk,2021-09-26,13:00:00,96,35,61,FMN GV 18 Kasterlee
84,Oudemolsedijk,2021-09-26,14:00:00,93,43,50,FMN GV 18 Kasterlee
84,Oudemolsedijk,2021-09-26,15:00:00,90,58,32,FMN GV 18 Kasterlee
84,Oudemolsedijk,2021-09-26,16:00:00,37,8,29,FMN GV 18 Kasterlee
84,Oudemolsedijk,2021-09-26,17:00:00,13,6,7,FMN GV 18 Kasterlee
84,Oudemolsedijk,2021-09-26,18:00:00,19,9,10,FMN GV 18 Kasterlee
84,Oudemolsedijk,2021-09-26,19:00:00,10,5,5,FMN GV 18 Kasterlee
84,Oudemolsedijk,2021-09-26,20:00:00,8,6,2,FMN GV 18 Kasterlee
84,Oudemolsedijk,2021-09-26,21:00:00,0,0,0,FMN GV 18 Kasterlee
84,Oudemolsedijk,2021-09-26,22:00:00,1,0,1,FMN GV 18 Kasterlee
84,Oudemolsedijk,2021-09-26,23:00:00,0,0,0,FMN GV 18 Kasterlee
84,Oudemolsedijk,2021-09-27,00:00:00,0,0,0,FMN GV 18 Kasterlee
84,Oudemolsedijk,2021-09-27,01:00:00,0,0,0,FMN GV 18 Kasterlee
84,Oudemolsedijk,2021-09-27,02:00:00,0,0,0,FMN GV 18 Kasterlee
84,Oudemolsedijk,2021-09-27,03:00:00,1,0,1,FMN GV 18 Kasterlee
84,Oudemolsedijk,2021-09-27,04:00:00,1,1,0,FMN GV 18 Kasterlee
84,Oudemolsedijk,2021-09-27,05:00:00,3,3,0,FMN GV 18 Kasterlee
84,Oudemolsedijk,2021-09-27,06:00:00,13,6,7,FMN GV 18 Kasterlee
84,Oudemolsedijk,2021-09-27,07:00:00,20,10,10,FMN GV 18 Kasterlee
84,Oudemolsedijk,2021-09-27,08:00:00,21,12,9,FMN GV 18 Kasterlee
84,Oudemolsedijk,2021-09-27,09:00:00,3,2,1,FMN GV 18 Kasterlee
84,Oudemolsedijk,2021-09-27,10:00:00,19,12,7,FMN GV 18 Kasterlee
84,Oudemolsedijk,2021-09-27,11:00:00,11,9,2,FMN GV 18 Kasterlee
84,Oudemolsedijk,2021-09-27,12:00:00,8,3,5,FMN GV 18 Kasterlee
84,Oudemolsedijk,2021-09-27,13:00:00,16,3,13,FMN GV 18 Kasterlee
84,Oudemolsedijk,2021-09-27,14:00:00,17,10,7,FMN GV 18 Kasterlee
84,Oudemolsedijk,2021-09-27,15:00:00,9,2,7,FMN GV 18 Kasterlee
84,Oudemolsedijk,2021-09-27,16:00:00,23,5,18,FMN GV 18 Kasterlee
84,Oudemolsedijk,2021-09-27,17:00:00,14,5,9,FMN GV 18 Kasterlee
84,Oudemolsedijk,2021-09-27,18:00:00,12,2,10,FMN GV 18 Kasterlee
84,Oudemolsedijk,2021-09-27,19:00:00,8,5,3,FMN GV 18 Kasterlee
84,Oudemolsedijk,2021-09-27,20:00:00,4,3,1,FMN GV 18 Kasterlee
84,Oudemolsedijk,2021-09-27,21:00:00,1,1,0,FMN GV 18 Kasterlee
84,Oudemolsedijk,2021-09-27,22:00:00,0,0,0,FMN GV 18 Kasterlee
84,Oudemolsedijk,2021-09-27,23:00:00,0,0,0,FMN GV 18 Kasterlee
84,Oudemolsedijk,2021-09-28,00:00:00,0,0,0,FMN GV 18 Kasterlee
84,Oudemolsedijk,2021-09-28,01:00:00,1,1,0,FMN GV 18 Kasterlee
84,Oudemolsedijk,2021-09-28,02:00:00,0,0,0,FMN GV 18 Kasterlee
84,Oudemolsedijk,2021-09-28,03:00:00,0,0,0,FMN GV 18 Kasterlee
84,Oudemolsedijk,2021-09-28,04:00:00,0,0,0,FMN GV 18 Kasterlee
84,Oudemolsedijk,2021-09-28,05:00:00,5,5,0,FMN GV 18 Kasterlee
84,Oudemolsedijk,2021-09-28,06:00:00,16,8,8,FMN GV 18 Kasterlee
84,Oudemolsedijk,2021-09-28,07:00:00,25,10,15,FMN GV 18 Kasterlee
84,Oudemolsedijk,2021-09-28,08:00:00,25,20,5,FMN GV 18 Kasterlee
84,Oudemolsedijk,2021-09-28,09:00:00,43,27,16,FMN GV 18 Kasterlee
84,Oudemolsedijk,2021-09-28,10:00:00,42,25,17,FMN GV 18 Kasterlee
84,Oudemolsedijk,2021-09-28,11:00:00,28,19,9,FMN GV 18 Kasterlee
84,Oudemolsedijk,2021-09-28,12:00:00,37,19,18,FMN GV 18 Kasterlee
84,Oudemolsedijk,2021-09-28,13:00:00,59,31,28,FMN GV 18 Kasterlee
84,Oudemolsedijk,2021-09-28,14:00:00,99,64,35,FMN GV 18 Kasterlee
84,Oudemolsedijk,2021-09-28,15:00:00,117,46,71,FMN GV 18 Kasterlee
84,Oudemolsedijk,2021-09-28,16:00:00,105,65,40,FMN GV 18 Kasterlee
84,Oudemolsedijk,2021-09-28,17:00:00,21,11,10,FMN GV 18 Kasterlee
84,Oudemolsedijk,2021-09-28,18:00:00,24,14,10,FMN GV 18 Kasterlee
84,Oudemolsedijk,2021-09-28,19:00:00,13,9,4,FMN GV 18 Kasterlee
84,Oudemolsedijk,2021-09-28,20:00:00,4,3,1,FMN GV 18 Kasterlee
84,Oudemolsedijk,2021-09-28,21:00:00,5,2,3,FMN GV 18 Kasterlee
84,Oudemolsedijk,2021-09-28,22:00:00,2,0,2,FMN GV 18 Kasterlee
84,Oudemolsedijk,2021-09-28,23:00:00,0,0,0,FMN GV 18 Kasterlee
84,Oudemolsedijk,2021-09-29,00:00:00,1,1,0,FMN GV 18 Kasterlee
84,Oudemolsedijk,2021-09-29,01:00:00,0,0,0,FMN GV 18 Kasterlee
84,Oudemolsedijk,2021-09-29,02:00:00,0,0,0,FMN GV 18 Kasterlee
84,Oudemolsedijk,2021-09-29,03:00:00,0,0,0,FMN GV 18 Kasterlee
84,Oudemolsedijk,2021-09-29,04:00:00,0,0,0,FMN GV 18 Kasterlee
84,Oudemolsedijk,2021-09-29,05:00:00,5,5,0,FMN GV 18 Kasterlee
84,Oudemolsedijk,2021-09-29,06:00:00,6,1,5,FMN GV 18 Kasterlee
84,Oudemolsedijk,2021-09-29,07:00:00,13,8,5,FMN GV 18 Kasterlee
84,Oudemolsedijk,2021-09-29,08:00:00,9,6,3,FMN GV 18 Kasterlee
84,Oudemolsedijk,2021-09-29,09:00:00,5,4,1,FMN GV 18 Kasterlee
84,Oudemolsedijk,2021-09-29,10:00:00,1,1,0,FMN GV 18 Kasterlee
84,Oudemolsedijk,2021-09-29,11:00:00,9,7,2,FMN GV 18 Kasterlee
84,Oudemolsedijk,2021-09-29,12:00:00,10,3,7,FMN GV 18 Kasterlee
84,Oudemolsedijk,2021-09-29,13:00:00,5,3,2,FMN GV 18 Kasterlee
84,Oudemolsedijk,2021-09-29,14:00:00,16,6,10,FMN GV 18 Kasterlee
84,Oudemolsedijk,2021-09-29,15:00:00,6,2,4,FMN GV 18 Kasterlee
84,Oudemolsedijk,2021-09-29,16:00:00,21,15,6,FMN GV 18 Kasterlee
84,Oudemolsedijk,2021-09-29,17:00:00,9,4,5,FMN GV 18 Kasterlee
84,Oudemolsedijk,2021-09-29,18:00:00,9,2,7,FMN GV 18 Kasterlee
84,Oudemolsedijk,2021-09-29,19:00:00,7,7,0,FMN GV 18 Kasterlee
84,Oudemolsedijk,2021-09-29,20:00:00,0,0,0,FMN GV 18 Kasterlee
84,Oudemolsedijk,2021-09-29,21:00:00,1,1,0,FMN GV 18 Kasterlee
84,Oudemolsedijk,2021-09-29,22:00:00,1,0,1,FMN GV 18 Kasterlee
84,Oudemolsedijk,2021-09-29,23:00:00,1,1,0,FMN GV 18 Kasterlee
84,Oudemolsedijk,2021-09-30,00:00:00,0,0,0,FMN GV 18 Kasterlee
84,Oudemolsedijk,2021-09-30,01:00:00,0,0,0,FMN GV 18 Kasterlee
84,Oudemolsedijk,2021-09-30,02:00:00,0,0,0,FMN GV 18 Kasterlee
84,Oudemolsedijk,2021-09-30,03:00:00,0,0,0,FMN GV 18 Kasterlee
84,Oudemolsedijk,2021-09-30,04:00:00,2,2,0,FMN GV 18 Kasterlee
84,Oudemolsedijk,2021-09-30,05:00:00,6,6,0,FMN GV 18 Kasterlee
84,Oudemolsedijk,2021-09-30,06:00:00,15,9,6,FMN GV 18 Kasterlee
84,Oudemolsedijk,2021-09-30,07:00:00,28,13,15,FMN GV 18 Kasterlee
84,Oudemolsedijk,2021-09-30,08:00:00,14,8,6,FMN GV 18 Kasterlee
84,Oudemolsedijk,2021-09-30,09:00:00,22,6,16,FMN GV 18 Kasterlee
84,Oudemolsedijk,2021-09-30,10:00:00,24,18,6,FMN GV 18 Kasterlee
84,Oudemolsedijk,2021-09-30,11:00:00,9,5,4,FMN GV 18 Kasterlee
84,Oudemolsedijk,2021-09-30,12:00:00,30,15,15,FMN GV 18 Kasterlee
84,Oudemolsedijk,2021-09-30,13:00:00,46,16,30,FMN GV 18 Kasterlee
84,Oudemolsedijk,2021-09-30,14:00:00,72,42,30,FMN GV 18 Kasterlee
84,Oudemolsedijk,2021-09-30,15:00:00,59,46,13,FMN GV 18 Kasterlee
84,Oudemolsedijk,2021-09-30,16:00:00,82,56,26,FMN GV 18 Kasterlee
84,Oudemolsedijk,2021-09-30,17:00:00,37,17,20,FMN GV 18 Kasterlee
84,Oudemolsedijk,2021-09-30,18:00:00,18,9,9,FMN GV 18 Kasterlee
84,Oudemolsedijk,2021-09-30,19:00:00,3,2,1,FMN GV 18 Kasterlee
84,Oudemolsedijk,2021-09-30,20:00:00,4,1,3,FMN GV 18 Kasterlee
84,Oudemolsedijk,2021-09-30,21:00:00,0,0,0,FMN GV 18 Kasterlee
84,Oudemolsedijk,2021-09-30,22:00:00,1,1,0,FMN GV 18 Kasterlee
84,Oudemolsedijk,2021-09-30,23:00:00,0,0,0,FMN GV 18 Kasterlee
84,Oudemolsedijk,2021-10-01,00:00:00,1,0,1,FMN GV 18 Kasterlee
84,Oudemolsedijk,2021-10-01,01:00:00,0,0,0,FMN GV 18 Kasterlee
84,Oudemolsedijk,2021-10-01,02:00:00,0,0,0,FMN GV 18 Kasterlee
84,Oudemolsedijk,2021-10-01,03:00:00,0,0,0,FMN GV 18 Kasterlee
84,Oudemolsedijk,2021-10-01,04:00:00,1,1,0,FMN GV 18 Kasterlee
84,Oudemolsedijk,2021-10-01,05:00:00,5,5,0,FMN GV 18 Kasterlee
84,Oudemolsedijk,2021-10-01,06:00:00,9,4,5,FMN GV 18 Kasterlee
84,Oudemolsedijk,2021-10-01,07:00:00,15,8,7,FMN GV 18 Kasterlee
84,Oudemolsedijk,2021-10-01,08:00:00,11,6,5,FMN GV 18 Kasterlee
84,Oudemolsedijk,2021-10-01,09:00:00,15,10,5,FMN GV 18 Kasterlee
84,Oudemolsedijk,2021-10-01,10:00:00,18,4,14,FMN GV 18 Kasterlee
84,Oudemolsedijk,2021-10-01,11:00:00,22,12,10,FMN GV 18 Kasterlee
84,Oudemolsedijk,2021-10-01,12:00:00,15,9,6,FMN GV 18 Kasterlee
84,Oudemolsedijk,2021-10-01,13:00:00,28,5,23,FMN GV 18 Kasterlee
84,Oudemolsedijk,2021-10-01,14:00:00,39,17,22,FMN GV 18 Kasterlee
84,Oudemolsedijk,2021-10-01,15:00:00,18,9,9,FMN GV 18 Kasterlee
84,Oudemolsedijk,2021-10-01,16:00:00,18,6,12,FMN GV 18 Kasterlee
84,Oudemolsedijk,2021-10-01,17:00:00,13,7,6,FMN GV 18 Kasterlee
84,Oudemolsedijk,2021-10-01,18:00:00,9,5,4,FMN GV 18 Kasterlee
84,Oudemolsedijk,2021-10-01,19:00:00,3,1,2,FMN GV 18 Kasterlee
84,Oudemolsedijk,2021-10-01,20:00:00,1,1,0,FMN GV 18 Kasterlee
84,Oudemolsedijk,2021-10-01,21:00:00,2,0,2,FMN GV 18 Kasterlee
84,Oudemolsedijk,2021-10-01,22:00:00,1,0,1,FMN GV 18 Kasterlee
84,Oudemolsedijk,2021-10-01,23:00:00,1,1,0,FMN GV 18 Kasterlee
84,Oudemolsedijk,2021-10-02,00:00:00,0,0,0,FMN GV 18 Kasterlee
84,Oudemolsedijk,2021-10-02,01:00:00,0,0,0,FMN GV 18 Kasterlee
84,Oudemolsedijk,2021-10-02,02:00:00,0,0,0,FMN GV 18 Kasterlee
84,Oudemolsedijk,2021-10-02,03:00:00,0,0,0,FMN GV 18 Kasterlee
84,Oudemolsedijk,2021-10-02,04:00:00,0,0,0,FMN GV 18 Kasterlee
84,Oudemolsedijk,2021-10-02,05:00:00,0,0,0,FMN GV 18 Kasterlee
84,Oudemolsedijk,2021-10-02,06:00:00,1,0,1,FMN GV 18 Kasterlee
84,Oudemolsedijk,2021-10-02,07:00:00,2,1,1,FMN GV 18 Kasterlee
84,Oudemolsedijk,2021-10-02,08:00:00,27,25,2,FMN GV 18 Kasterlee
84,Oudemolsedijk,2021-10-02,09:00:00,317,301,16,FMN GV 18 Kasterlee
84,Oudemolsedijk,2021-10-02,10:00:00,369,351,18,FMN GV 18 Kasterlee
84,Oudemolsedijk,2021-10-02,11:00:00,281,240,41,FMN GV 18 Kasterlee
84,Oudemolsedijk,2021-10-02,12:00:00,99,79,20,FMN GV 18 Kasterlee
84,Oudemolsedijk,2021-10-02,13:00:00,150,135,15,FMN GV 18 Kasterlee
84,Oudemolsedijk,2021-10-02,14:00:00,168,152,16,FMN GV 18 Kasterlee
84,Oudemolsedijk,2021-10-02,15:00:00,42,28,14,FMN GV 18 Kasterlee
84,Oudemolsedijk,2021-10-02,16:00:00,27,16,11,FMN GV 18 Kasterlee
84,Oudemolsedijk,2021-10-02,17:00:00,11,10,1,FMN GV 18 Kasterlee
84,Oudemolsedijk,2021-10-02,18:00:00,4,4,0,FMN GV 18 Kasterlee
84,Oudemolsedijk,2021-10-02,19:00:00,1,0,1,FMN GV 18 Kasterlee
84,Oudemolsedijk,2021-10-02,20:00:00,1,1,0,FMN GV 18 Kasterlee
84,Oudemolsedijk,2021-10-02,21:00:00,2,2,0,FMN GV 18 Kasterlee
84,Oudemolsedijk,2021-10-02,22:00:00,0,0,0,FMN GV 18 Kasterlee
84,Oudemolsedijk,2021-10-02,23:00:00,0,0,0,FMN GV 18 Kasterlee
84,Oudemolsedijk,2021-10-03,00:00:00,0,0,0,FMN GV 18 Kasterlee
84,Oudemolsedijk,2021-10-03,01:00:00,0,0,0,FMN GV 18 Kasterlee
84,Oudemolsedijk,2021-10-03,02:00:00,3,0,3,FMN GV 18 Kasterlee
84,Oudemolsedijk,2021-10-03,03:00:00,1,0,1,FMN GV 18 Kasterlee
84,Oudemolsedijk,2021-10-03,04:00:00,0,0,0,FMN GV 18 Kasterlee
84,Oudemolsedijk,2021-10-03,05:00:00,4,2,2,FMN GV 18 Kasterlee
84,Oudemolsedijk,2021-10-03,06:00:00,7,3,4,FMN GV 18 Kasterlee
84,Oudemolsedijk,2021-10-03,07:00:00,2,0,2,FMN GV 18 Kasterlee
84,Oudemolsedijk,2021-10-03,08:00:00,2,0,2,FMN GV 18 Kasterlee
84,Oudemolsedijk,2021-10-03,09:00:00,4,3,1,FMN GV 18 Kasterlee
84,Oudemolsedijk,2021-10-03,10:00:00,4,2,2,FMN GV 18 Kasterlee
84,Oudemolsedijk,2021-10-03,11:00:00,6,5,1,FMN GV 18 Kasterlee
84,Oudemolsedijk,2021-10-03,12:00:00,2,2,0,FMN GV 18 Kasterlee
84,Oudemolsedijk,2021-10-03,13:00:00,2,0,2,FMN GV 18 Kasterlee
84,Oudemolsedijk,2021-10-03,14:00:00,5,2,3,FMN GV 18 Kasterlee
84,Oudemolsedijk,2021-10-03,15:00:00,4,1,3,FMN GV 18 Kasterlee
84,Oudemolsedijk,2021-10-03,16:00:00,2,1,1,FMN GV 18 Kasterlee
84,Oudemolsedijk,2021-10-03,17:00:00,2,1,1,FMN GV 18 Kasterlee
84,Oudemolsedijk,2021-10-03,18:00:00,5,0,5,FMN GV 18 Kasterlee
84,Oudemolsedijk,2021-10-03,19:00:00,6,4,2,FMN GV 18 Kasterlee
84,Oudemolsedijk,2021-10-03,20:00:00,1,1,0,FMN GV 18 Kasterlee
84,Oudemolsedijk,2021-10-03,21:00:00,0,0,0,FMN GV 18 Kasterlee
84,Oudemolsedijk,2021-10-03,22:00:00,0,0,0,FMN GV 18 Kasterlee
84,Oudemolsedijk,2021-10-03,23:00:00,0,0,0,FMN GV 18 Kasterlee
84,Oudemolsedijk,2021-10-04,00:00:00,1,1,0,FMN GV 18 Kasterlee
84,Oudemolsedijk,2021-10-04,01:00:00,0,0,0,FMN GV 18 Kasterlee
84,Oudemolsedijk,2021-10-04,02:00:00,0,0,0,FMN GV 18 Kasterlee
84,Oudemolsedijk,2021-10-04,03:00:00,1,0,1,FMN GV 18 Kasterlee
84,Oudemolsedijk,2021-10-04,04:00:00,0,0,0,FMN GV 18 Kasterlee
84,Oudemolsedijk,2021-10-04,05:00:00,2,2,0,FMN GV 18 Kasterlee
84,Oudemolsedijk,2021-10-04,06:00:00,14,6,8,FMN GV 18 Kasterlee
84,Oudemolsedijk,2021-10-04,07:00:00,31,16,15,FMN GV 18 Kasterlee
84,Oudemolsedijk,2021-10-04,08:00:00,18,9,9,FMN GV 18 Kasterlee
84,Oudemolsedijk,2021-10-04,09:00:00,9,4,5,FMN GV 18 Kasterlee
84,Oudemolsedijk,2021-10-04,10:00:00,23,15,8,FMN GV 18 Kasterlee
84,Oudemolsedijk,2021-10-04,11:00:00,17,14,3,FMN GV 18 Kasterlee
84,Oudemolsedijk,2021-10-04,12:00:00,22,10,12,FMN GV 18 Kasterlee
84,Oudemolsedijk,2021-10-04,13:00:00,58,24,34,FMN GV 18 Kasterlee
84,Oudemolsedijk,2021-10-04,14:00:00,70,44,26,FMN GV 18 Kasterlee
84,Oudemolsedijk,2021-10-04,15:00:00,55,27,28,FMN GV 18 Kasterlee
84,Oudemolsedijk,2021-10-04,16:00:00,89,29,60,FMN GV 18 Kasterlee
84,Oudemolsedijk,2021-10-04,17:00:00,30,16,14,FMN GV 18 Kasterlee
84,Oudemolsedijk,2021-10-04,18:00:00,11,9,2,FMN GV 18 Kasterlee
84,Oudemolsedijk,2021-10-04,19:00:00,8,4,4,FMN GV 18 Kasterlee
84,Oudemolsedijk,2021-10-04,20:00:00,3,2,1,FMN GV 18 Kasterlee
84,Oudemolsedijk,2021-10-04,21:00:00,7,6,1,FMN GV 18 Kasterlee
84,Oudemolsedijk,2021-10-04,22:00:00,6,2,4,FMN GV 18 Kasterlee
84,Oudemolsedijk,2021-10-04,23:00:00,0,0,0,FMN GV 18 Kasterlee
84,Oudemolsedijk,2021-10-05,00:00:00,0,0,0,FMN GV 18 Kasterlee
84,Oudemolsedijk,2021-10-05,01:00:00,0,0,0,FMN GV 18 Kasterlee
84,Oudemolsedijk,2021-10-05,02:00:00,2,0,2,FMN GV 18 Kasterlee
84,Oudemolsedijk,2021-10-05,03:00:00,0,0,0,FMN GV 18 Kasterlee
84,Oudemolsedijk,2021-10-05,04:00:00,1,0,1,FMN GV 18 Kasterlee
84,Oudemolsedijk,2021-10-05,05:00:00,5,4,1,FMN GV 18 Kasterlee
84,Oudemolsedijk,2021-10-05,06:00:00,18,6,12,FMN GV 18 Kasterlee
84,Oudemolsedijk,2021-10-05,07:00:00,23,9,14,FMN GV 18 Kasterlee
84,Oudemolsedijk,2021-10-05,08:00:00,30,13,17,FMN GV 18 Kasterlee
84,Oudemolsedijk,2021-10-05,09:00:00,9,2,7,FMN GV 18 Kasterlee
84,Oudemolsedijk,2021-10-05,10:00:00,27,15,12,FMN GV 18 Kasterlee
84,Oudemolsedijk,2021-10-05,11:00:00,9,4,5,FMN GV 18 Kasterlee
84,Oudemolsedijk,2021-10-05,12:00:00,12,6,6,FMN GV 18 Kasterlee
84,Oudemolsedijk,2021-10-05,13:00:00,4,3,1,FMN GV 18 Kasterlee
84,Oudemolsedijk,2021-10-05,14:00:00,4,1,3,FMN GV 18 Kasterlee
84,Oudemolsedijk,2021-10-05,15:00:00,6,2,4,FMN GV 18 Kasterlee
84,Oudemolsedijk,2021-10-05,16:00:00,25,15,10,FMN GV 18 Kasterlee
84,Oudemolsedijk,2021-10-05,17:00:00,27,12,15,FMN GV 18 Kasterlee
84,Oudemolsedijk,2021-10-05,18:00:00,19,15,4,FMN GV 18 Kasterlee
84,Oudemolsedijk,2021-10-05,19:00:00,2,1,1,FMN GV 18 Kasterlee
84,Oudemolsedijk,2021-10-05,20:00:00,2,1,1,FMN GV 18 Kasterlee
84,Oudemolsedijk,2021-10-05,21:00:00,10,7,3,FMN GV 18 Kasterlee
84,Oudemolsedijk,2021-10-05,22:00:00,5,2,3,FMN GV 18 Kasterlee
84,Oudemolsedijk,2021-10-05,23:00:00,1,1,0,FMN GV 18 Kasterlee
84,Oudemolsedijk,2021-10-06,00:00:00,0,0,0,FMN GV 18 Kasterlee
84,Oudemolsedijk,2021-10-06,01:00:00,2,2,0,FMN GV 18 Kasterlee
84,Oudemolsedijk,2021-10-06,02:00:00,0,0,0,FMN GV 18 Kasterlee
84,Oudemolsedijk,2021-10-06,03:00:00,1,0,1,FMN GV 18 Kasterlee
84,Oudemolsedijk,2021-10-06,04:00:00,0,0,0,FMN GV 18 Kasterlee
84,Oudemolsedijk,2021-10-06,05:00:00,0,0,0,FMN GV 18 Kasterlee
84,Oudemolsedijk,2021-10-06,06:00:00,10,3,7,FMN GV 18 Kasterlee
84,Oudemolsedijk,2021-10-06,07:00:00,6,4,2,FMN GV 18 Kasterlee
84,Oudemolsedijk,2021-10-06,08:00:00,8,4,4,FMN GV 18 Kasterlee
84,Oudemolsedijk,2021-10-06,09:00:00,1,1,0,FMN GV 18 Kasterlee
84,Oudemolsedijk,2021-10-06,10:00:00,1,0,1,FMN GV 18 Kasterlee
84,Oudemolsedijk,2021-10-06,11:00:00,1,1,0,FMN GV 18 Kasterlee
84,Oudemolsedijk,2021-10-06,12:00:00,9,5,4,FMN GV 18 Kasterlee
84,Oudemolsedijk,2021-10-06,13:00:00,2,1,1,FMN GV 18 Kasterlee
84,Oudemolsedijk,2021-10-06,14:00:00,2,0,2,FMN GV 18 Kasterlee
84,Oudemolsedijk,2021-10-06,15:00:00,3,2,1,FMN GV 18 Kasterlee
84,Oudemolsedijk,2021-10-06,16:00:00,13,7,6,FMN GV 18 Kasterlee
84,Oudemolsedijk,2021-10-06,17:00:00,8,4,4,FMN GV 18 Kasterlee
84,Oudemolsedijk,2021-10-06,18:00:00,4,2,2,FMN GV 18 Kasterlee
84,Oudemolsedijk,2021-10-06,19:00:00,6,4,2,FMN GV 18 Kasterlee
84,Oudemolsedijk,2021-10-06,20:00:00,7,2,5,FMN GV 18 Kasterlee
84,Oudemolsedijk,2021-10-06,21:00:00,3,2,1,FMN GV 18 Kasterlee
84,Oudemolsedijk,2021-10-06,22:00:00,3,0,3,FMN GV 18 Kasterlee
84,Oudemolsedijk,2021-10-06,23:00:00,0,0,0,FMN GV 18 Kasterlee
84,Oudemolsedijk,2021-10-07,00:00:00,0,0,0,FMN GV 18 Kasterlee
84,Oudemolsedijk,2021-10-07,01:00:00,0,0,0,FMN GV 18 Kasterlee
84,Oudemolsedijk,2021-10-07,02:00:00,0,0,0,FMN GV 18 Kasterlee
84,Oudemolsedijk,2021-10-07,03:00:00,0,0,0,FMN GV 18 Kasterlee
84,Oudemolsedijk,2021-10-07,04:00:00,1,1,0,FMN GV 18 Kasterlee
84,Oudemolsedijk,2021-10-07,05:00:00,3,3,0,FMN GV 18 Kasterlee
84,Oudemolsedijk,2021-10-07,06:00:00,15,6,9,FMN GV 18 Kasterlee
84,Oudemolsedijk,2021-10-07,07:00:00,26,14,12,FMN GV 18 Kasterlee
84,Oudemolsedijk,2021-10-07,08:00:00,17,8,9,FMN GV 18 Kasterlee
84,Oudemolsedijk,2021-10-07,09:00:00,15,10,5,FMN GV 18 Kasterlee
84,Oudemolsedijk,2021-10-07,10:00:00,14,10,4,FMN GV 18 Kasterlee
84,Oudemolsedijk,2021-10-07,11:00:00,22,9,13,FMN GV 18 Kasterlee
84,Oudemolsedijk,2021-10-07,12:00:00,31,13,18,FMN GV 18 Kasterlee
84,Oudemolsedijk,2021-10-07,13:00:00,52,32,20,FMN GV 18 Kasterlee
84,Oudemolsedijk,2021-10-07,14:00:00,69,37,32,FMN GV 18 Kasterlee
84,Oudemolsedijk,2021-10-07,15:00:00,44,21,23,FMN GV 18 Kasterlee
84,Oudemolsedijk,2021-10-07,16:00:00,81,22,59,FMN GV 18 Kasterlee
84,Oudemolsedijk,2021-10-07,17:00:00,35,14,21,FMN GV 18 Kasterlee
84,Oudemolsedijk,2021-10-07,18:00:00,20,9,11,FMN GV 18 Kasterlee
84,Oudemolsedijk,2021-10-07,19:00:00,14,6,8,FMN GV 18 Kasterlee
84,Oudemolsedijk,2021-10-07,20:00:00,3,2,1,FMN GV 18 Kasterlee
84,Oudemolsedijk,2021-10-07,21:00:00,2,1,1,FMN GV 18 Kasterlee
84,Oudemolsedijk,2021-10-07,22:00:00,6,2,4,FMN GV 18 Kasterlee
84,Oudemolsedijk,2021-10-07,23:00:00,0,0,0,FMN GV 18 Kasterlee
84,Oudemolsedijk,2021-10-08,00:00:00,2,1,1,FMN GV 18 Kasterlee
84,Oudemolsedijk,2021-10-08,01:00:00,0,0,0,FMN GV 18 Kasterlee
84,Oudemolsedijk,2021-10-08,02:00:00,0,0,0,FMN GV 18 Kasterlee
84,Oudemolsedijk,2021-10-08,03:00:00,0,0,0,FMN GV 18 Kasterlee
84,Oudemolsedijk,2021-10-08,04:00:00,1,1,0,FMN GV 18 Kasterlee
84,Oudemolsedijk,2021-10-08,05:00:00,3,2,1,FMN GV 18 Kasterlee
84,Oudemolsedijk,2021-10-08,06:00:00,17,6,11,FMN GV 18 Kasterlee
84,Oudemolsedijk,2021-10-08,07:00:00,21,10,11,FMN GV 18 Kasterlee
84,Oudemolsedijk,2021-10-08,08:00:00,12,9,3,FMN GV 18 Kasterlee
84,Oudemolsedijk,2021-10-08,09:00:00,20,9,11,FMN GV 18 Kasterlee
84,Oudemolsedijk,2021-10-08,10:00:00,14,4,10,FMN GV 18 Kasterlee
84,Oudemolsedijk,2021-10-08,11:00:00,16,8,8,FMN GV 18 Kasterlee
84,Oudemolsedijk,2021-10-08,12:00:00,30,18,12,FMN GV 18 Kasterlee
84,Oudemolsedijk,2021-10-08,13:00:00,65,24,41,FMN GV 18 Kasterlee
84,Oudemolsedijk,2021-10-08,14:00:00,96,58,38,FMN GV 18 Kasterlee
84,Oudemolsedijk,2021-10-08,15:00:00,91,60,31,FMN GV 18 Kasterlee
84,Oudemolsedijk,2021-10-08,16:00:00,91,61,30,FMN GV 18 Kasterlee
84,Oudemolsedijk,2021-10-08,17:00:00,33,19,14,FMN GV 18 Kasterlee
84,Oudemolsedijk,2021-10-08,18:00:00,24,15,9,FMN GV 18 Kasterlee
84,Oudemolsedijk,2021-10-08,19:00:00,4,2,2,FMN GV 18 Kasterlee
84,Oudemolsedijk,2021-10-08,20:00:00,7,6,1,FMN GV 18 Kasterlee
84,Oudemolsedijk,2021-10-08,21:00:00,0,0,0,FMN GV 18 Kasterlee
84,Oudemolsedijk,2021-10-08,22:00:00,3,1,2,FMN GV 18 Kasterlee
84,Oudemolsedijk,2021-10-08,23:00:00,2,2,0,FMN GV 18 Kasterlee
84,Oudemolsedijk,2021-10-09,00:00:00,0,0,0,FMN GV 18 Kasterlee
84,Oudemolsedijk,2021-10-09,01:00:00,0,0,0,FMN GV 18 Kasterlee
84,Oudemolsedijk,2021-10-09,02:00:00,4,0,4,FMN GV 18 Kasterlee
84,Oudemolsedijk,2021-10-09,03:00:00,0,0,0,FMN GV 18 Kasterlee
84,Oudemolsedijk,2021-10-09,04:00:00,0,0,0,FMN GV 18 Kasterlee
84,Oudemolsedijk,2021-10-09,05:00:00,0,0,0,FMN GV 18 Kasterlee
84,Oudemolsedijk,2021-10-09,06:00:00,2,2,0,FMN GV 18 Kasterlee
84,Oudemolsedijk,2021-10-09,07:00:00,3,1,2,FMN GV 18 Kasterlee
84,Oudemolsedijk,2021-10-09,08:00:00,15,1,14,FMN GV 18 Kasterlee
84,Oudemolsedijk,2021-10-09,09:00:00,8,1,7,FMN GV 18 Kasterlee
84,Oudemolsedijk,2021-10-09,10:00:00,54,30,24,FMN GV 18 Kasterlee
84,Oudemolsedijk,2021-10-09,11:00:00,44,31,13,FMN GV 18 Kasterlee
84,Oudemolsedijk,2021-10-09,12:00:00,66,32,34,FMN GV 18 Kasterlee
84,Oudemolsedijk,2021-10-09,13:00:00,123,55,68,FMN GV 18 Kasterlee
84,Oudemolsedijk,2021-10-09,14:00:00,141,68,73,FMN GV 18 Kasterlee
84,Oudemolsedijk,2021-10-09,15:00:00,121,57,64,FMN GV 18 Kasterlee
84,Oudemolsedijk,2021-10-09,16:00:00,112,67,45,FMN GV 18 Kasterlee
84,Oudemolsedijk,2021-10-09,17:00:00,43,25,18,FMN GV 18 Kasterlee
84,Oudemolsedijk,2021-10-09,18:00:00,12,9,3,FMN GV 18 Kasterlee
84,Oudemolsedijk,2021-10-09,19:00:00,4,3,1,FMN GV 18 Kasterlee
84,Oudemolsedijk,2021-10-09,20:00:00,2,1,1,FMN GV 18 Kasterlee
84,Oudemolsedijk,2021-10-09,21:00:00,2,2,0,FMN GV 18 Kasterlee
84,Oudemolsedijk,2021-10-09,22:00:00,1,1,0,FMN GV 18 Kasterlee
84,Oudemolsedijk,2021-10-09,23:00:00,0,0,0,FMN GV 18 Kasterlee
84,Oudemolsedijk,2021-10-10,00:00:00,2,0,2,FMN GV 18 Kasterlee
84,Oudemolsedijk,2021-10-10,01:00:00,1,1,0,FMN GV 18 Kasterlee
84,Oudemolsedijk,2021-10-10,02:00:00,2,0,2,FMN GV 18 Kasterlee
84,Oudemolsedijk,2021-10-10,03:00:00,0,0,0,FMN GV 18 Kasterlee
84,Oudemolsedijk,2021-10-10,04:00:00,1,0,1,FMN GV 18 Kasterlee
84,Oudemolsedijk,2021-10-10,05:00:00,1,1,0,FMN GV 18 Kasterlee
84,Oudemolsedijk,2021-10-10,06:00:00,0,0,0,FMN GV 18 Kasterlee
84,Oudemolsedijk,2021-10-10,07:00:00,0,0,0,FMN GV 18 Kasterlee
84,Oudemolsedijk,2021-10-10,08:00:00,17,7,10,FMN GV 18 Kasterlee
84,Oudemolsedijk,2021-10-10,09:00:00,67,44,23,FMN GV 18 Kasterlee
84,Oudemolsedijk,2021-10-10,10:00:00,116,40,76,FMN GV 18 Kasterlee
84,Oudemolsedijk,2021-10-10,11:00:00,108,44,64,FMN GV 18 Kasterlee
84,Oudemolsedijk,2021-10-10,12:00:00,53,25,28,FMN GV 18 Kasterlee
84,Oudemolsedijk,2021-10-10,13:00:00,69,29,40,FMN GV 18 Kasterlee
84,Oudemolsedijk,2021-10-10,14:00:00,156,75,81,FMN GV 18 Kasterlee
84,Oudemolsedijk,2021-10-10,15:00:00,123,68,55,FMN GV 18 Kasterlee
84,Oudemolsedijk,2021-10-10,16:00:00,66,51,15,FMN GV 18 Kasterlee
84,Oudemolsedijk,2021-10-10,17:00:00,43,28,15,FMN GV 18 Kasterlee
84,Oudemolsedijk,2021-10-10,18:00:00,20,18,2,FMN GV 18 Kasterlee
84,Oudemolsedijk,2021-10-10,19:00:00,4,4,0,FMN GV 18 Kasterlee
84,Oudemolsedijk,2021-10-10,20:00:00,4,3,1,FMN GV 18 Kasterlee
84,Oudemolsedijk,2021-10-10,21:00:00,0,0,0,FMN GV 18 Kasterlee
84,Oudemolsedijk,2021-10-10,22:00:00,0,0,0,FMN GV 18 Kasterlee
84,Oudemolsedijk,2021-10-10,23:00:00,0,0,0,FMN GV 18 Kasterlee
84,Oudemolsedijk,2021-10-11,00:00:00,0,0,0,FMN GV 18 Kasterlee
84,Oudemolsedijk,2021-10-11,01:00:00,0,0,0,FMN GV 18 Kasterlee
84,Oudemolsedijk,2021-10-11,02:00:00,0,0,0,FMN GV 18 Kasterlee
84,Oudemolsedijk,2021-10-11,03:00:00,1,0,1,FMN GV 18 Kasterlee
84,Oudemolsedijk,2021-10-11,04:00:00,1,1,0,FMN GV 18 Kasterlee
84,Oudemolsedijk,2021-10-11,05:00:00,2,2,0,FMN GV 18 Kasterlee
84,Oudemolsedijk,2021-10-11,06:00:00,14,5,9,FMN GV 18 Kasterlee
84,Oudemolsedijk,2021-10-11,07:00:00,27,13,14,FMN GV 18 Kasterlee
84,Oudemolsedijk,2021-10-11,08:00:00,23,14,9,FMN GV 18 Kasterlee
84,Oudemolsedijk,2021-10-11,09:00:00,4,2,2,FMN GV 18 Kasterlee
84,Oudemolsedijk,2021-10-11,10:00:00,15,8,7,FMN GV 18 Kasterlee
84,Oudemolsedijk,2021-10-11,11:00:00,4,1,3,FMN GV 18 Kasterlee
84,Oudemolsedijk,2021-10-11,12:00:00,13,8,5,FMN GV 18 Kasterlee
84,Oudemolsedijk,2021-10-11,13:00:00,26,15,11,FMN GV 18 Kasterlee
84,Oudemolsedijk,2021-10-11,14:00:00,60,15,45,FMN GV 18 Kasterlee
84,Oudemolsedijk,2021-10-11,15:00:00,36,16,20,FMN GV 18 Kasterlee
84,Oudemolsedijk,2021-10-11,16:00:00,65,33,32,FMN GV 18 Kasterlee
84,Oudemolsedijk,2021-10-11,17:00:00,19,10,9,FMN GV 18 Kasterlee
84,Oudemolsedijk,2021-10-11,18:00:00,17,9,8,FMN GV 18 Kasterlee
84,Oudemolsedijk,2021-10-11,19:00:00,3,3,0,FMN GV 18 Kasterlee
84,Oudemolsedijk,2021-10-11,20:00:00,2,0,2,FMN GV 18 Kasterlee
84,Oudemolsedijk,2021-10-11,21:00:00,0,0,0,FMN GV 18 Kasterlee
84,Oudemolsedijk,2021-10-11,22:00:00,2,0,2,FMN GV 18 Kasterlee
84,Oudemolsedijk,2021-10-11,23:00:00,0,0,0,FMN GV 18 Kasterlee
84,Oudemolsedijk,2021-10-12,00:00:00,1,1,0,FMN GV 18 Kasterlee
84,Oudemolsedijk,2021-10-12,01:00:00,0,0,0,FMN GV 18 Kasterlee
84,Oudemolsedijk,2021-10-12,02:00:00,0,0,0,FMN GV 18 Kasterlee
84,Oudemolsedijk,2021-10-12,03:00:00,0,0,0,FMN GV 18 Kasterlee
84,Oudemolsedijk,2021-10-12,04:00:00,3,2,1,FMN GV 18 Kasterlee
84,Oudemolsedijk,2021-10-12,05:00:00,7,6,1,FMN GV 18 Kasterlee
84,Oudemolsedijk,2021-10-12,06:00:00,11,4,7,FMN GV 18 Kasterlee
84,Oudemolsedijk,2021-10-12,07:00:00,19,10,9,FMN GV 18 Kasterlee
84,Oudemolsedijk,2021-10-12,08:00:00,11,6,5,FMN GV 18 Kasterlee
84,Oudemolsedijk,2021-10-12,09:00:00,12,4,8,FMN GV 18 Kasterlee
84,Oudemolsedijk,2021-10-12,10:00:00,1,1,0,FMN GV 18 Kasterlee
84,Oudemolsedijk,2021-10-12,11:00:00,5,3,2,FMN GV 18 Kasterlee
84,Oudemolsedijk,2021-10-12,12:00:00,10,1,9,FMN GV 18 Kasterlee
84,Oudemolsedijk,2021-10-12,13:00:00,6,2,4,FMN GV 18 Kasterlee
84,Oudemolsedijk,2021-10-12,14:00:00,15,7,8,FMN GV 18 Kasterlee
84,Oudemolsedijk,2021-10-12,15:00:00,4,1,3,FMN GV 18 Kasterlee
84,Oudemolsedijk,2021-10-12,16:00:00,14,6,8,FMN GV 18 Kasterlee
84,Oudemolsedijk,2021-10-12,17:00:00,19,7,12,FMN GV 18 Kasterlee
84,Oudemolsedijk,2021-10-12,18:00:00,8,5,3,FMN GV 18 Kasterlee
84,Oudemolsedijk,2021-10-12,19:00:00,2,1,1,FMN GV 18 Kasterlee
84,Oudemolsedijk,2021-10-12,20:00:00,1,1,0,FMN GV 18 Kasterlee
84,Oudemolsedijk,2021-10-12,21:00:00,0,0,0,FMN GV 18 Kasterlee
84,Oudemolsedijk,2021-10-12,22:00:00,1,1,0,FMN GV 18 Kasterlee
84,Oudemolsedijk,2021-10-12,23:00:00,0,0,0,FMN GV 18 Kasterlee
84,Oudemolsedijk,2021-10-13,00:00:00,0,0,0,FMN GV 18 Kasterlee
84,Oudemolsedijk,2021-10-13,01:00:00,0,0,0,FMN GV 18 Kasterlee
84,Oudemolsedijk,2021-10-13,02:00:00,0,0,0,FMN GV 18 Kasterlee
84,Oudemolsedijk,2021-10-13,03:00:00,0,0,0,FMN GV 18 Kasterlee
84,Oudemolsedijk,2021-10-13,04:00:00,0,0,0,FMN GV 18 Kasterlee
84,Oudemolsedijk,2021-10-13,05:00:00,3,3,0,FMN GV 18 Kasterlee
84,Oudemolsedijk,2021-10-13,06:00:00,14,4,10,FMN GV 18 Kasterlee
84,Oudemolsedijk,2021-10-13,07:00:00,24,11,13,FMN GV 18 Kasterlee
84,Oudemolsedijk,2021-10-13,08:00:00,11,7,4,FMN GV 18 Kasterlee
84,Oudemolsedijk,2021-10-13,09:00:00,11,6,5,FMN GV 18 Kasterlee
84,Oudemolsedijk,2021-10-13,10:00:00,11,6,5,FMN GV 18 Kasterlee
84,Oudemolsedijk,2021-10-13,11:00:00,11,7,4,FMN GV 18 Kasterlee
84,Oudemolsedijk,2021-10-13,12:00:00,20,6,14,FMN GV 18 Kasterlee
84,Oudemolsedijk,2021-10-13,13:00:00,36,24,12,FMN GV 18 Kasterlee
84,Oudemolsedijk,2021-10-13,14:00:00,39,15,24,FMN GV 18 Kasterlee
84,Oudemolsedijk,2021-10-13,15:00:00,27,17,10,FMN GV 18 Kasterlee
84,Oudemolsedijk,2021-10-13,16:00:00,35,17,18,FMN GV 18 Kasterlee
84,Oudemolsedijk,2021-10-13,17:00:00,23,15,8,FMN GV 18 Kasterlee
84,Oudemolsedijk,2021-10-13,18:00:00,12,5,7,FMN GV 18 Kasterlee
84,Oudemolsedijk,2021-10-13,19:00:00,10,5,5,FMN GV 18 Kasterlee
84,Oudemolsedijk,2021-10-13,20:00:00,18,6,12,FMN GV 18 Kasterlee
84,Oudemolsedijk,2021-10-13,21:00:00,2,0,2,FMN GV 18 Kasterlee
84,Oudemolsedijk,2021-10-13,22:00:00,1,0,1,FMN GV 18 Kasterlee
84,Oudemolsedijk,2021-10-13,23:00:00,0,0,0,FMN GV 18 Kasterlee
84,Oudemolsedijk,2021-10-14,00:00:00,1,1,0,FMN GV 18 Kasterlee
84,Oudemolsedijk,2021-10-14,01:00:00,0,0,0,FMN GV 18 Kasterlee
84,Oudemolsedijk,2021-10-14,02:00:00,0,0,0,FMN GV 18 Kasterlee
84,Oudemolsedijk,2021-10-14,03:00:00,1,1,0,FMN GV 18 Kasterlee
84,Oudemolsedijk,2021-10-14,04:00:00,0,0,0,FMN GV 18 Kasterlee
84,Oudemolsedijk,2021-10-14,05:00:00,5,4,1,FMN GV 18 Kasterlee
84,Oudemolsedijk,2021-10-14,06:00:00,12,6,6,FMN GV 18 Kasterlee
84,Oudemolsedijk,2021-10-14,07:00:00,24,11,13,FMN GV 18 Kasterlee
84,Oudemolsedijk,2021-10-14,08:00:00,19,11,8,FMN GV 18 Kasterlee
84,Oudemolsedijk,2021-10-14,09:00:00,12,5,7,FMN GV 18 Kasterlee
84,Oudemolsedijk,2021-10-14,10:00:00,14,5,9,FMN GV 18 Kasterlee
84,Oudemolsedijk,2021-10-14,11:00:00,9,7,2,FMN GV 18 Kasterlee
84,Oudemolsedijk,2021-10-14,12:00:00,21,14,7,FMN GV 18 Kasterlee
84,Oudemolsedijk,2021-10-14,13:00:00,41,28,13,FMN GV 18 Kasterlee
84,Oudemolsedijk,2021-10-14,14:00:00,50,19,31,FMN GV 18 Kasterlee
84,Oudemolsedijk,2021-10-14,15:00:00,57,41,16,FMN GV 18 Kasterlee
84,Oudemolsedijk,2021-10-14,16:00:00,63,29,34,FMN GV 18 Kasterlee
84,Oudemolsedijk,2021-10-14,17:00:00,32,13,19,FMN GV 18 Kasterlee
84,Oudemolsedijk,2021-10-14,18:00:00,15,9,6,FMN GV 18 Kasterlee
84,Oudemolsedijk,2021-10-14,19:00:00,4,3,1,FMN GV 18 Kasterlee
84,Oudemolsedijk,2021-10-14,20:00:00,1,1,0,FMN GV 18 Kasterlee
84,Oudemolsedijk,2021-10-14,21:00:00,2,1,1,FMN GV 18 Kasterlee
84,Oudemolsedijk,2021-10-14,22:00:00,2,1,1,FMN GV 18 Kasterlee
84,Oudemolsedijk,2021-10-14,23:00:00,0,0,0,FMN GV 18 Kasterlee
84,Oudemolsedijk,2021-10-15,00:00:00,1,1,0,FMN GV 18 Kasterlee
84,Oudemolsedijk,2021-10-15,01:00:00,2,0,2,FMN GV 18 Kasterlee
84,Oudemolsedijk,2021-10-15,02:00:00,0,0,0,FMN GV 18 Kasterlee
84,Oudemolsedijk,2021-10-15,03:00:00,0,0,0,FMN GV 18 Kasterlee
84,Oudemolsedijk,2021-10-15,04:00:00,1,0,1,FMN GV 18 Kasterlee
84,Oudemolsedijk,2021-10-15,05:00:00,2,1,1,FMN GV 18 Kasterlee
84,Oudemolsedijk,2021-10-15,06:00:00,8,1,7,FMN GV 18 Kasterlee
84,Oudemolsedijk,2021-10-15,07:00:00,20,12,8,FMN GV 18 Kasterlee
84,Oudemolsedijk,2021-10-15,08:00:00,10,6,4,FMN GV 18 Kasterlee
84,Oudemolsedijk,2021-10-15,09:00:00,10,5,5,FMN GV 18 Kasterlee
84,Oudemolsedijk,2021-10-15,10:00:00,7,4,3,FMN GV 18 Kasterlee
84,Oudemolsedijk,2021-10-15,11:00:00,15,10,5,FMN GV 18 Kasterlee
84,Oudemolsedijk,2021-10-15,12:00:00,7,1,6,FMN GV 18 Kasterlee
84,Oudemolsedijk,2021-10-15,13:00:00,17,3,14,FMN GV 18 Kasterlee
84,Oudemolsedijk,2021-10-15,14:00:00,32,12,20,FMN GV 18 Kasterlee
84,Oudemolsedijk,2021-10-15,15:00:00,35,18,17,FMN GV 18 Kasterlee
84,Oudemolsedijk,2021-10-15,16:00:00,43,29,14,FMN GV 18 Kasterlee
84,Oudemolsedijk,2021-10-15,17:00:00,29,14,15,FMN GV 18 Kasterlee
84,Oudemolsedijk,2021-10-15,18:00:00,5,3,2,FMN GV 18 Kasterlee
84,Oudemolsedijk,2021-10-15,19:00:00,3,1,2,FMN GV 18 Kasterlee
84,Oudemolsedijk,2021-10-15,20:00:00,4,2,2,FMN GV 18 Kasterlee
84,Oudemolsedijk,2021-10-15,21:00:00,0,0,0,FMN GV 18 Kasterlee
84,Oudemolsedijk,2021-10-15,22:00:00,7,4,3,FMN GV 18 Kasterlee
84,Oudemolsedijk,2021-10-15,23:00:00,3,3,0,FMN GV 18 Kasterlee
84,Oudemolsedijk,2021-10-16,00:00:00,2,0,2,FMN GV 18 Kasterlee
84,Oudemolsedijk,2021-10-16,01:00:00,0,0,0,FMN GV 18 Kasterlee
84,Oudemolsedijk,2021-10-16,02:00:00,2,0,2,FMN GV 18 Kasterlee
84,Oudemolsedijk,2021-10-16,03:00:00,4,0,4,FMN GV 18 Kasterlee
84,Oudemolsedijk,2021-10-16,04:00:00,0,0,0,FMN GV 18 Kasterlee
84,Oudemolsedijk,2021-10-16,05:00:00,0,0,0,FMN GV 18 Kasterlee
84,Oudemolsedijk,2021-10-16,06:00:00,2,2,0,FMN GV 18 Kasterlee
84,Oudemolsedijk,2021-10-16,07:00:00,3,2,1,FMN GV 18 Kasterlee
84,Oudemolsedijk,2021-10-16,08:00:00,4,1,3,FMN GV 18 Kasterlee
84,Oudemolsedijk,2021-10-16,09:00:00,21,5,16,FMN GV 18 Kasterlee
84,Oudemolsedijk,2021-10-16,10:00:00,40,13,27,FMN GV 18 Kasterlee
84,Oudemolsedijk,2021-10-16,11:00:00,40,25,15,FMN GV 18 Kasterlee
84,Oudemolsedijk,2021-10-16,12:00:00,46,13,33,FMN GV 18 Kasterlee
84,Oudemolsedijk,2021-10-16,13:00:00,40,16,24,FMN GV 18 Kasterlee
84,Oudemolsedijk,2021-10-16,14:00:00,107,52,55,FMN GV 18 Kasterlee
84,Oudemolsedijk,2021-10-16,15:00:00,106,60,46,FMN GV 18 Kasterlee
84,Oudemolsedijk,2021-10-16,16:00:00,41,29,12,FMN GV 18 Kasterlee
84,Oudemolsedijk,2021-10-16,17:00:00,30,12,18,FMN GV 18 Kasterlee
84,Oudemolsedijk,2021-10-16,18:00:00,14,9,5,FMN GV 18 Kasterlee
84,Oudemolsedijk,2021-10-16,19:00:00,3,3,0,FMN GV 18 Kasterlee
84,Oudemolsedijk,2021-10-16,20:00:00,2,0,2,FMN GV 18 Kasterlee
84,Oudemolsedijk,2021-10-16,21:00:00,1,0,1,FMN GV 18 Kasterlee
84,Oudemolsedijk,2021-10-16,22:00:00,2,0,2,FMN GV 18 Kasterlee
84,Oudemolsedijk,2021-10-16,23:00:00,1,0,1,FMN GV 18 Kasterlee
84,Oudemolsedijk,2021-10-17,00:00:00,1,1,0,FMN GV 18 Kasterlee
84,Oudemolsedijk,2021-10-17,01:00:00,1,1,0,FMN GV 18 Kasterlee
84,Oudemolsedijk,2021-10-17,02:00:00,0,0,0,FMN GV 18 Kasterlee
84,Oudemolsedijk,2021-10-17,03:00:00,0,0,0,FMN GV 18 Kasterlee
84,Oudemolsedijk,2021-10-17,04:00:00,1,1,0,FMN GV 18 Kasterlee
84,Oudemolsedijk,2021-10-17,05:00:00,4,0,4,FMN GV 18 Kasterlee
84,Oudemolsedijk,2021-10-17,06:00:00,0,0,0,FMN GV 18 Kasterlee
84,Oudemolsedijk,2021-10-17,07:00:00,0,0,0,FMN GV 18 Kasterlee
84,Oudemolsedijk,2021-10-17,08:00:00,14,2,12,FMN GV 18 Kasterlee
84,Oudemolsedijk,2021-10-17,09:00:00,70,33,37,FMN GV 18 Kasterlee
84,Oudemolsedijk,2021-10-17,10:00:00,80,46,34,FMN GV 18 Kasterlee
84,Oudemolsedijk,2021-10-17,11:00:00,88,55,33,FMN GV 18 Kasterlee
84,Oudemolsedijk,2021-10-17,12:00:00,57,36,21,FMN GV 18 Kasterlee
84,Oudemolsedijk,2021-10-17,13:00:00,59,15,44,FMN GV 18 Kasterlee
84,Oudemolsedijk,2021-10-17,14:00:00,132,52,80,FMN GV 18 Kasterlee
84,Oudemolsedijk,2021-10-17,15:00:00,101,44,57,FMN GV 18 Kasterlee
84,Oudemolsedijk,2021-10-17,16:00:00,54,37,17,FMN GV 18 Kasterlee
84,Oudemolsedijk,2021-10-17,17:00:00,44,29,15,FMN GV 18 Kasterlee
84,Oudemolsedijk,2021-10-17,18:00:00,1,1,0,FMN GV 18 Kasterlee
84,Oudemolsedijk,2021-10-17,19:00:00,3,3,0,FMN GV 18 Kasterlee
84,Oudemolsedijk,2021-10-17,20:00:00,1,1,0,FMN GV 18 Kasterlee
84,Oudemolsedijk,2021-10-17,21:00:00,2,0,2,FMN GV 18 Kasterlee
84,Oudemolsedijk,2021-10-17,22:00:00,2,0,2,FMN GV 18 Kasterlee
84,Oudemolsedijk,2021-10-17,23:00:00,0,0,0,FMN GV 18 Kasterlee
84,Oudemolsedijk,2021-10-18,00:00:00,0,0,0,FMN GV 18 Kasterlee
84,Oudemolsedijk,2021-10-18,01:00:00,0,0,0,FMN GV 18 Kasterlee
84,Oudemolsedijk,2021-10-18,02:00:00,0,0,0,FMN GV 18 Kasterlee
84,Oudemolsedijk,2021-10-18,03:00:00,0,0,0,FMN GV 18 Kasterlee
84,Oudemolsedijk,2021-10-18,04:00:00,1,1,0,FMN GV 18 Kasterlee
84,Oudemolsedijk,2021-10-18,05:00:00,3,3,0,FMN GV 18 Kasterlee
84,Oudemolsedijk,2021-10-18,06:00:00,15,7,8,FMN GV 18 Kasterlee
84,Oudemolsedijk,2021-10-18,07:00:00,23,14,9,FMN GV 18 Kasterlee
84,Oudemolsedijk,2021-10-18,08:00:00,21,12,9,FMN GV 18 Kasterlee
84,Oudemolsedijk,2021-10-18,09:00:00,13,5,8,FMN GV 18 Kasterlee
84,Oudemolsedijk,2021-10-18,10:00:00,14,9,5,FMN GV 18 Kasterlee
84,Oudemolsedijk,2021-10-18,11:00:00,20,11,9,FMN GV 18 Kasterlee
84,Oudemolsedijk,2021-10-18,12:00:00,20,12,8,FMN GV 18 Kasterlee
84,Oudemolsedijk,2021-10-18,13:00:00,62,34,28,FMN GV 18 Kasterlee
84,Oudemolsedijk,2021-10-18,14:00:00,92,53,39,FMN GV 18 Kasterlee
84,Oudemolsedijk,2021-10-18,15:00:00,79,49,30,FMN GV 18 Kasterlee
84,Oudemolsedijk,2021-10-18,16:00:00,73,24,49,FMN GV 18 Kasterlee
84,Oudemolsedijk,2021-10-18,17:00:00,37,22,15,FMN GV 18 Kasterlee
84,Oudemolsedijk,2021-10-18,18:00:00,12,3,9,FMN GV 18 Kasterlee
84,Oudemolsedijk,2021-10-18,19:00:00,5,0,5,FMN GV 18 Kasterlee
84,Oudemolsedijk,2021-10-18,20:00:00,3,2,1,FMN GV 18 Kasterlee
84,Oudemolsedijk,2021-10-18,21:00:00,2,1,1,FMN GV 18 Kasterlee
84,Oudemolsedijk,2021-10-18,22:00:00,4,1,3,FMN GV 18 Kasterlee
84,Oudemolsedijk,2021-10-18,23:00:00,4,0,4,FMN GV 18 Kasterlee
84,Oudemolsedijk,2021-10-19,00:00:00,0,0,0,FMN GV 18 Kasterlee
84,Oudemolsedijk,2021-10-19,01:00:00,0,0,0,FMN GV 18 Kasterlee
84,Oudemolsedijk,2021-10-19,02:00:00,0,0,0,FMN GV 18 Kasterlee
84,Oudemolsedijk,2021-10-19,03:00:00,0,0,0,FMN GV 18 Kasterlee
84,Oudemolsedijk,2021-10-19,04:00:00,1,1,0,FMN GV 18 Kasterlee
84,Oudemolsedijk,2021-10-19,05:00:00,2,2,0,FMN GV 18 Kasterlee
84,Oudemolsedijk,2021-10-19,06:00:00,6,1,5,FMN GV 18 Kasterlee
84,Oudemolsedijk,2021-10-19,07:00:00,24,11,13,FMN GV 18 Kasterlee
84,Oudemolsedijk,2021-10-19,08:00:00,17,9,8,FMN GV 18 Kasterlee
84,Oudemolsedijk,2021-10-19,09:00:00,4,0,4,FMN GV 18 Kasterlee
84,Oudemolsedijk,2021-10-19,10:00:00,7,0,7,FMN GV 18 Kasterlee
84,Oudemolsedijk,2021-10-19,11:00:00,4,4,0,FMN GV 18 Kasterlee
84,Oudemolsedijk,2021-10-19,12:00:00,11,6,5,FMN GV 18 Kasterlee
84,Oudemolsedijk,2021-10-19,13:00:00,28,6,22,FMN GV 18 Kasterlee
84,Oudemolsedijk,2021-10-19,14:00:00,32,13,19,FMN GV 18 Kasterlee
84,Oudemolsedijk,2021-10-19,15:00:00,30,20,10,FMN GV 18 Kasterlee
84,Oudemolsedijk,2021-10-19,16:00:00,26,15,11,FMN GV 18 Kasterlee
84,Oudemolsedijk,2021-10-19,17:00:00,20,7,13,FMN GV 18 Kasterlee
84,Oudemolsedijk,2021-10-19,18:00:00,10,5,5,FMN GV 18 Kasterlee
84,Oudemolsedijk,2021-10-19,19:00:00,4,2,2,FMN GV 18 Kasterlee
84,Oudemolsedijk,2021-10-19,20:00:00,4,2,2,FMN GV 18 Kasterlee
84,Oudemolsedijk,2021-10-19,21:00:00,3,0,3,FMN GV 18 Kasterlee
84,Oudemolsedijk,2021-10-19,22:00:00,4,1,3,FMN GV 18 Kasterlee
84,Oudemolsedijk,2021-10-19,23:00:00,1,0,1,FMN GV 18 Kasterlee
84,Oudemolsedijk,2021-10-20,00:00:00,0,0,0,FMN GV 18 Kasterlee
84,Oudemolsedijk,2021-10-20,01:00:00,0,0,0,FMN GV 18 Kasterlee
84,Oudemolsedijk,2021-10-20,02:00:00,0,0,0,FMN GV 18 Kasterlee
84,Oudemolsedijk,2021-10-20,03:00:00,0,0,0,FMN GV 18 Kasterlee
84,Oudemolsedijk,2021-10-20,04:00:00,0,0,0,FMN GV 18 Kasterlee
84,Oudemolsedijk,2021-10-20,05:00:00,1,1,0,FMN GV 18 Kasterlee
84,Oudemolsedijk,2021-10-20,06:00:00,6,4,2,FMN GV 18 Kasterlee
84,Oudemolsedijk,2021-10-20,07:00:00,18,11,7,FMN GV 18 Kasterlee
84,Oudemolsedijk,2021-10-20,08:00:00,8,5,3,FMN GV 18 Kasterlee
84,Oudemolsedijk,2021-10-20,09:00:00,4,4,0,FMN GV 18 Kasterlee
84,Oudemolsedijk,2021-10-20,10:00:00,5,1,4,FMN GV 18 Kasterlee
84,Oudemolsedijk,2021-10-20,11:00:00,7,5,2,FMN GV 18 Kasterlee
84,Oudemolsedijk,2021-10-20,12:00:00,23,14,9,FMN GV 18 Kasterlee
84,Oudemolsedijk,2021-10-20,13:00:00,23,17,6,FMN GV 18 Kasterlee
84,Oudemolsedijk,2021-10-20,14:00:00,10,4,6,FMN GV 18 Kasterlee
84,Oudemolsedijk,2021-10-20,15:00:00,16,7,9,FMN GV 18 Kasterlee
84,Oudemolsedijk,2021-10-20,16:00:00,27,12,15,FMN GV 18 Kasterlee
84,Oudemolsedijk,2021-10-20,17:00:00,15,10,5,FMN GV 18 Kasterlee
84,Oudemolsedijk,2021-10-20,18:00:00,6,4,2,FMN GV 18 Kasterlee
84,Oudemolsedijk,2021-10-20,19:00:00,7,6,1,FMN GV 18 Kasterlee
84,Oudemolsedijk,2021-10-20,20:00:00,5,1,4,FMN GV 18 Kasterlee
84,Oudemolsedijk,2021-10-20,21:00:00,5,1,4,FMN GV 18 Kasterlee
84,Oudemolsedijk,2021-10-20,22:00:00,7,0,7,FMN GV 18 Kasterlee
84,Oudemolsedijk,2021-10-20,23:00:00,1,1,0,FMN GV 18 Kasterlee
84,Oudemolsedijk,2021-10-21,00:00:00,0,0,0,FMN GV 18 Kasterlee
84,Oudemolsedijk,2021-10-21,01:00:00,0,0,0,FMN GV 18 Kasterlee
84,Oudemolsedijk,2021-10-21,02:00:00,0,0,0,FMN GV 18 Kasterlee
84,Oudemolsedijk,2021-10-21,03:00:00,0,0,0,FMN GV 18 Kasterlee
84,Oudemolsedijk,2021-10-21,04:00:00,0,0,0,FMN GV 18 Kasterlee
84,Oudemolsedijk,2021-10-21,05:00:00,1,1,0,FMN GV 18 Kasterlee
84,Oudemolsedijk,2021-10-21,06:00:00,4,1,3,FMN GV 18 Kasterlee
84,Oudemolsedijk,2021-10-21,07:00:00,5,3,2,FMN GV 18 Kasterlee
84,Oudemolsedijk,2021-10-21,08:00:00,11,7,4,FMN GV 18 Kasterlee
84,Oudemolsedijk,2021-10-21,09:00:00,3,1,2,FMN GV 18 Kasterlee
84,Oudemolsedijk,2021-10-21,10:00:00,5,3,2,FMN GV 18 Kasterlee
84,Oudemolsedijk,2021-10-21,11:00:00,0,0,0,FMN GV 18 Kasterlee
84,Oudemolsedijk,2021-10-21,12:00:00,5,4,1,FMN GV 18 Kasterlee
84,Oudemolsedijk,2021-10-21,13:00:00,7,3,4,FMN GV 18 Kasterlee
84,Oudemolsedijk,2021-10-21,14:00:00,2,0,2,FMN GV 18 Kasterlee
84,Oudemolsedijk,2021-10-21,15:00:00,4,2,2,FMN GV 18 Kasterlee
84,Oudemolsedijk,2021-10-21,16:00:00,11,5,6,FMN GV 18 Kasterlee
84,Oudemolsedijk,2021-10-21,17:00:00,8,4,4,FMN GV 18 Kasterlee
84,Oudemolsedijk,2021-10-21,18:00:00,1,1,0,FMN GV 18 Kasterlee
84,Oudemolsedijk,2021-10-21,19:00:00,2,1,1,FMN GV 18 Kasterlee
84,Oudemolsedijk,2021-10-21,20:00:00,4,4,0,FMN GV 18 Kasterlee
84,Oudemolsedijk,2021-10-21,21:00:00,1,0,1,FMN GV 18 Kasterlee
84,Oudemolsedijk,2021-10-21,22:00:00,1,0,1,FMN GV 18 Kasterlee
84,Oudemolsedijk,2021-10-21,23:00:00,0,0,0,FMN GV 18 Kasterlee
84,Oudemolsedijk,2021-10-22,00:00:00,0,0,0,FMN GV 18 Kasterlee
84,Oudemolsedijk,2021-10-22,01:00:00,0,0,0,FMN GV 18 Kasterlee
84,Oudemolsedijk,2021-10-22,02:00:00,0,0,0,FMN GV 18 Kasterlee
84,Oudemolsedijk,2021-10-22,03:00:00,0,0,0,FMN GV 18 Kasterlee
84,Oudemolsedijk,2021-10-22,04:00:00,0,0,0,FMN GV 18 Kasterlee
84,Oudemolsedijk,2021-10-22,05:00:00,2,2,0,FMN GV 18 Kasterlee
84,Oudemolsedijk,2021-10-22,06:00:00,13,5,8,FMN GV 18 Kasterlee
84,Oudemolsedijk,2021-10-22,07:00:00,14,8,6,FMN GV 18 Kasterlee
84,Oudemolsedijk,2021-10-22,08:00:00,7,6,1,FMN GV 18 Kasterlee
84,Oudemolsedijk,2021-10-22,09:00:00,12,6,6,FMN GV 18 Kasterlee
84,Oudemolsedijk,2021-10-22,10:00:00,12,3,9,FMN GV 18 Kasterlee
84,Oudemolsedijk,2021-10-22,11:00:00,18,12,6,FMN GV 18 Kasterlee
84,Oudemolsedijk,2021-10-22,12:00:00,13,4,9,FMN GV 18 Kasterlee
84,Oudemolsedijk,2021-10-22,13:00:00,11,6,5,FMN GV 18 Kasterlee
84,Oudemolsedijk,2021-10-22,14:00:00,14,5,9,FMN GV 18 Kasterlee
84,Oudemolsedijk,2021-10-22,15:00:00,13,5,8,FMN GV 18 Kasterlee
84,Oudemolsedijk,2021-10-22,16:00:00,18,8,10,FMN GV 18 Kasterlee
84,Oudemolsedijk,2021-10-22,17:00:00,10,5,5,FMN GV 18 Kasterlee
84,Oudemolsedijk,2021-10-22,18:00:00,8,3,5,FMN GV 18 Kasterlee
84,Oudemolsedijk,2021-10-22,19:00:00,2,0,2,FMN GV 18 Kasterlee
84,Oudemolsedijk,2021-10-22,20:00:00,0,0,0,FMN GV 18 Kasterlee
84,Oudemolsedijk,2021-10-22,21:00:00,0,0,0,FMN GV 18 Kasterlee
84,Oudemolsedijk,2021-10-22,22:00:00,3,2,1,FMN GV 18 Kasterlee
84,Oudemolsedijk,2021-10-22,23:00:00,0,0,0,FMN GV 18 Kasterlee
84,Oudemolsedijk,2021-10-23,00:00:00,0,0,0,FMN GV 18 Kasterlee
84,Oudemolsedijk,2021-10-23,01:00:00,1,0,1,FMN GV 18 Kasterlee
84,Oudemolsedijk,2021-10-23,02:00:00,0,0,0,FMN GV 18 Kasterlee
84,Oudemolsedijk,2021-10-23,03:00:00,0,0,0,FMN GV 18 Kasterlee
84,Oudemolsedijk,2021-10-23,04:00:00,0,0,0,FMN GV 18 Kasterlee
84,Oudemolsedijk,2021-10-23,05:00:00,0,0,0,FMN GV 18 Kasterlee
84,Oudemolsedijk,2021-10-23,06:00:00,0,0,0,FMN GV 18 Kasterlee
84,Oudemolsedijk,2021-10-23,07:00:00,1,1,0,FMN GV 18 Kasterlee
84,Oudemolsedijk,2021-10-23,08:00:00,4,2,2,FMN GV 18 Kasterlee
84,Oudemolsedijk,2021-10-23,09:00:00,10,3,7,FMN GV 18 Kasterlee
84,Oudemolsedijk,2021-10-23,10:00:00,19,10,9,FMN GV 18 Kasterlee
84,Oudemolsedijk,2021-10-23,11:00:00,15,8,7,FMN GV 18 Kasterlee
84,Oudemolsedijk,2021-10-23,12:00:00,28,14,14,FMN GV 18 Kasterlee
84,Oudemolsedijk,2021-10-23,13:00:00,52,31,21,FMN GV 18 Kasterlee
84,Oudemolsedijk,2021-10-23,14:00:00,62,25,37,FMN GV 18 Kasterlee
84,Oudemolsedijk,2021-10-23,15:00:00,80,45,35,FMN GV 18 Kasterlee
84,Oudemolsedijk,2021-10-23,16:00:00,27,17,10,FMN GV 18 Kasterlee
84,Oudemolsedijk,2021-10-23,17:00:00,23,13,10,FMN GV 18 Kasterlee
84,Oudemolsedijk,2021-10-23,18:00:00,7,3,4,FMN GV 18 Kasterlee
84,Oudemolsedijk,2021-10-23,19:00:00,7,5,2,FMN GV 18 Kasterlee
84,Oudemolsedijk,2021-10-23,20:00:00,0,0,0,FMN GV 18 Kasterlee
84,Oudemolsedijk,2021-10-23,21:00:00,0,0,0,FMN GV 18 Kasterlee
84,Oudemolsedijk,2021-10-23,22:00:00,1,1,0,FMN GV 18 Kasterlee
84,Oudemolsedijk,2021-10-23,23:00:00,0,0,0,FMN GV 18 Kasterlee
84,Oudemolsedijk,2021-10-24,00:00:00,1,0,1,FMN GV 18 Kasterlee
84,Oudemolsedijk,2021-10-24,01:00:00,0,0,0,FMN GV 18 Kasterlee
84,Oudemolsedijk,2021-10-24,02:00:00,0,0,0,FMN GV 18 Kasterlee
84,Oudemolsedijk,2021-10-24,03:00:00,2,0,2,FMN GV 18 Kasterlee
84,Oudemolsedijk,2021-10-24,04:00:00,2,0,2,FMN GV 18 Kasterlee
84,Oudemolsedijk,2021-10-24,05:00:00,0,0,0,FMN GV 18 Kasterlee
84,Oudemolsedijk,2021-10-24,06:00:00,0,0,0,FMN GV 18 Kasterlee
84,Oudemolsedijk,2021-10-24,07:00:00,1,0,1,FMN GV 18 Kasterlee
84,Oudemolsedijk,2021-10-24,08:00:00,21,3,18,FMN GV 18 Kasterlee
84,Oudemolsedijk,2021-10-24,09:00:00,58,23,35,FMN GV 18 Kasterlee
84,Oudemolsedijk,2021-10-24,10:00:00,105,68,37,FMN GV 18 Kasterlee
84,Oudemolsedijk,2021-10-24,11:00:00,59,34,25,FMN GV 18 Kasterlee
84,Oudemolsedijk,2021-10-24,12:00:00,40,13,27,FMN GV 18 Kasterlee
84,Oudemolsedijk,2021-10-24,13:00:00,86,33,53,FMN GV 18 Kasterlee
84,Oudemolsedijk,2021-10-24,14:00:00,156,96,60,FMN GV 18 Kasterlee
84,Oudemolsedijk,2021-10-24,15:00:00,110,56,54,FMN GV 18 Kasterlee
84,Oudemolsedijk,2021-10-24,16:00:00,56,31,25,FMN GV 18 Kasterlee
84,Oudemolsedijk,2021-10-24,17:00:00,30,18,12,FMN GV 18 Kasterlee
84,Oudemolsedijk,2021-10-24,18:00:00,17,8,9,FMN GV 18 Kasterlee
84,Oudemolsedijk,2021-10-24,19:00:00,5,0,5,FMN GV 18 Kasterlee
84,Oudemolsedijk,2021-10-24,20:00:00,2,1,1,FMN GV 18 Kasterlee
84,Oudemolsedijk,2021-10-24,21:00:00,2,0,2,FMN GV 18 Kasterlee
84,Oudemolsedijk,2021-10-24,22:00:00,0,0,0,FMN GV 18 Kasterlee
84,Oudemolsedijk,2021-10-24,23:00:00,0,0,0,FMN GV 18 Kasterlee
84,Oudemolsedijk,2021-10-25,00:00:00,0,0,0,FMN GV 18 Kasterlee
84,Oudemolsedijk,2021-10-25,01:00:00,0,0,0,FMN GV 18 Kasterlee
84,Oudemolsedijk,2021-10-25,02:00:00,0,0,0,FMN GV 18 Kasterlee
84,Oudemolsedijk,2021-10-25,03:00:00,1,0,1,FMN GV 18 Kasterlee
84,Oudemolsedijk,2021-10-25,04:00:00,1,1,0,FMN GV 18 Kasterlee
84,Oudemolsedijk,2021-10-25,05:00:00,5,5,0,FMN GV 18 Kasterlee
84,Oudemolsedijk,2021-10-25,06:00:00,12,6,6,FMN GV 18 Kasterlee
84,Oudemolsedijk,2021-10-25,07:00:00,20,10,10,FMN GV 18 Kasterlee
84,Oudemolsedijk,2021-10-25,08:00:00,17,12,5,FMN GV 18 Kasterlee
84,Oudemolsedijk,2021-10-25,09:00:00,5,2,3,FMN GV 18 Kasterlee
84,Oudemolsedijk,2021-10-25,10:00:00,7,4,3,FMN GV 18 Kasterlee
84,Oudemolsedijk,2021-10-25,11:00:00,7,6,1,FMN GV 18 Kasterlee
84,Oudemolsedijk,2021-10-25,12:00:00,9,2,7,FMN GV 18 Kasterlee
84,Oudemolsedijk,2021-10-25,13:00:00,16,9,7,FMN GV 18 Kasterlee
84,Oudemolsedijk,2021-10-25,14:00:00,25,17,8,FMN GV 18 Kasterlee
84,Oudemolsedijk,2021-10-25,15:00:00,37,11,26,FMN GV 18 Kasterlee
84,Oudemolsedijk,2021-10-25,16:00:00,39,15,24,FMN GV 18 Kasterlee
84,Oudemolsedijk,2021-10-25,17:00:00,15,3,12,FMN GV 18 Kasterlee
84,Oudemolsedijk,2021-10-25,18:00:00,4,1,3,FMN GV 18 Kasterlee
84,Oudemolsedijk,2021-10-25,19:00:00,6,4,2,FMN GV 18 Kasterlee
84,Oudemolsedijk,2021-10-25,20:00:00,1,0,1,FMN GV 18 Kasterlee
84,Oudemolsedijk,2021-10-25,21:00:00,2,2,0,FMN GV 18 Kasterlee
84,Oudemolsedijk,2021-10-25,22:00:00,2,1,1,FMN GV 18 Kasterlee
84,Oudemolsedijk,2021-10-25,23:00:00,1,1,0,FMN GV 18 Kasterlee
84,Oudemolsedijk,2021-10-26,00:00:00,0,0,0,FMN GV 18 Kasterlee
84,Oudemolsedijk,2021-10-26,01:00:00,0,0,0,FMN GV 18 Kasterlee
84,Oudemolsedijk,2021-10-26,02:00:00,1,1,0,FMN GV 18 Kasterlee
84,Oudemolsedijk,2021-10-26,03:00:00,0,0,0,FMN GV 18 Kasterlee
84,Oudemolsedijk,2021-10-26,04:00:00,1,1,0,FMN GV 18 Kasterlee
84,Oudemolsedijk,2021-10-26,05:00:00,7,6,1,FMN GV 18 Kasterlee
84,Oudemolsedijk,2021-10-26,06:00:00,17,7,10,FMN GV 18 Kasterlee
84,Oudemolsedijk,2021-10-26,07:00:00,25,11,14,FMN GV 18 Kasterlee
84,Oudemolsedijk,2021-10-26,08:00:00,24,17,7,FMN GV 18 Kasterlee
84,Oudemolsedijk,2021-10-26,09:00:00,8,3,5,FMN GV 18 Kasterlee
84,Oudemolsedijk,2021-10-26,10:00:00,13,6,7,FMN GV 18 Kasterlee
84,Oudemolsedijk,2021-10-26,11:00:00,6,6,0,FMN GV 18 Kasterlee
84,Oudemolsedijk,2021-10-26,12:00:00,20,8,12,FMN GV 18 Kasterlee
84,Oudemolsedijk,2021-10-26,13:00:00,25,16,9,FMN GV 18 Kasterlee
84,Oudemolsedijk,2021-10-26,14:00:00,60,28,32,FMN GV 18 Kasterlee
84,Oudemolsedijk,2021-10-26,15:00:00,90,44,46,FMN GV 18 Kasterlee
84,Oudemolsedijk,2021-10-26,16:00:00,67,40,27,FMN GV 18 Kasterlee
84,Oudemolsedijk,2021-10-26,17:00:00,18,9,9,FMN GV 18 Kasterlee
84,Oudemolsedijk,2021-10-26,18:00:00,10,2,8,FMN GV 18 Kasterlee
84,Oudemolsedijk,2021-10-26,19:00:00,2,1,1,FMN GV 18 Kasterlee
84,Oudemolsedijk,2021-10-26,20:00:00,5,1,4,FMN GV 18 Kasterlee
84,Oudemolsedijk,2021-10-26,21:00:00,2,1,1,FMN GV 18 Kasterlee
84,Oudemolsedijk,2021-10-26,22:00:00,5,2,3,FMN GV 18 Kasterlee
84,Oudemolsedijk,2021-10-26,23:00:00,1,0,1,FMN GV 18 Kasterlee
84,Oudemolsedijk,2021-10-27,00:00:00,1,1,0,FMN GV 18 Kasterlee
84,Oudemolsedijk,2021-10-27,01:00:00,0,0,0,FMN GV 18 Kasterlee
84,Oudemolsedijk,2021-10-27,02:00:00,0,0,0,FMN GV 18 Kasterlee
84,Oudemolsedijk,2021-10-27,03:00:00,0,0,0,FMN GV 18 Kasterlee
84,Oudemolsedijk,2021-10-27,04:00:00,1,1,0,FMN GV 18 Kasterlee
84,Oudemolsedijk,2021-10-27,05:00:00,5,4,1,FMN GV 18 Kasterlee
84,Oudemolsedijk,2021-10-27,06:00:00,15,5,10,FMN GV 18 Kasterlee
84,Oudemolsedijk,2021-10-27,07:00:00,23,12,11,FMN GV 18 Kasterlee
84,Oudemolsedijk,2021-10-27,08:00:00,12,8,4,FMN GV 18 Kasterlee
84,Oudemolsedijk,2021-10-27,09:00:00,15,9,6,FMN GV 18 Kasterlee
84,Oudemolsedijk,2021-10-27,10:00:00,17,10,7,FMN GV 18 Kasterlee
84,Oudemolsedijk,2021-10-27,11:00:00,9,7,2,FMN GV 18 Kasterlee
84,Oudemolsedijk,2021-10-27,12:00:00,35,8,27,FMN GV 18 Kasterlee
84,Oudemolsedijk,2021-10-27,13:00:00,46,32,14,FMN GV 18 Kasterlee
84,Oudemolsedijk,2021-10-27,14:00:00,61,36,25,FMN GV 18 Kasterlee
84,Oudemolsedijk,2021-10-27,15:00:00,73,40,33,FMN GV 18 Kasterlee
84,Oudemolsedijk,2021-10-27,16:00:00,57,33,24,FMN GV 18 Kasterlee
84,Oudemolsedijk,2021-10-27,17:00:00,33,18,15,FMN GV 18 Kasterlee
84,Oudemolsedijk,2021-10-27,18:00:00,7,2,5,FMN GV 18 Kasterlee
84,Oudemolsedijk,2021-10-27,19:00:00,12,11,1,FMN GV 18 Kasterlee
84,Oudemolsedijk,2021-10-27,20:00:00,11,0,11,FMN GV 18 Kasterlee
84,Oudemolsedijk,2021-10-27,21:00:00,4,2,2,FMN GV 18 Kasterlee
84,Oudemolsedijk,2021-10-27,22:00:00,2,1,1,FMN GV 18 Kasterlee
84,Oudemolsedijk,2021-10-27,23:00:00,1,1,0,FMN GV 18 Kasterlee
84,Oudemolsedijk,2021-10-28,00:00:00,0,0,0,FMN GV 18 Kasterlee
84,Oudemolsedijk,2021-10-28,01:00:00,0,0,0,FMN GV 18 Kasterlee
84,Oudemolsedijk,2021-10-28,02:00:00,0,0,0,FMN GV 18 Kasterlee
84,Oudemolsedijk,2021-10-28,03:00:00,0,0,0,FMN GV 18 Kasterlee
84,Oudemolsedijk,2021-10-28,04:00:00,1,1,0,FMN GV 18 Kasterlee
84,Oudemolsedijk,2021-10-28,05:00:00,4,4,0,FMN GV 18 Kasterlee
84,Oudemolsedijk,2021-10-28,06:00:00,15,4,11,FMN GV 18 Kasterlee
84,Oudemolsedijk,2021-10-28,07:00:00,23,9,14,FMN GV 18 Kasterlee
84,Oudemolsedijk,2021-10-28,08:00:00,16,13,3,FMN GV 18 Kasterlee
84,Oudemolsedijk,2021-10-28,09:00:00,17,5,12,FMN GV 18 Kasterlee
84,Oudemolsedijk,2021-10-28,10:00:00,14,7,7,FMN GV 18 Kasterlee
84,Oudemolsedijk,2021-10-28,11:00:00,12,6,6,FMN GV 18 Kasterlee
84,Oudemolsedijk,2021-10-28,12:00:00,35,18,17,FMN GV 18 Kasterlee
84,Oudemolsedijk,2021-10-28,13:00:00,114,29,85,FMN GV 18 Kasterlee
84,Oudemolsedijk,2021-10-28,14:00:00,125,57,68,FMN GV 18 Kasterlee
84,Oudemolsedijk,2021-10-28,15:00:00,86,54,32,FMN GV 18 Kasterlee
84,Oudemolsedijk,2021-10-28,16:00:00,102,60,42,FMN GV 18 Kasterlee
84,Oudemolsedijk,2021-10-28,17:00:00,27,15,12,FMN GV 18 Kasterlee
84,Oudemolsedijk,2021-10-28,18:00:00,10,3,7,FMN GV 18 Kasterlee
84,Oudemolsedijk,2021-10-28,19:00:00,4,4,0,FMN GV 18 Kasterlee
84,Oudemolsedijk,2021-10-28,20:00:00,0,0,0,FMN GV 18 Kasterlee
84,Oudemolsedijk,2021-10-28,21:00:00,0,0,0,FMN GV 18 Kasterlee
84,Oudemolsedijk,2021-10-28,22:00:00,3,2,1,FMN GV 18 Kasterlee
84,Oudemolsedijk,2021-10-28,23:00:00,0,0,0,FMN GV 18 Kasterlee
84,Oudemolsedijk,2021-10-29,00:00:00,0,0,0,FMN GV 18 Kasterlee
84,Oudemolsedijk,2021-10-29,01:00:00,0,0,0,FMN GV 18 Kasterlee
84,Oudemolsedijk,2021-10-29,02:00:00,0,0,0,FMN GV 18 Kasterlee
84,Oudemolsedijk,2021-10-29,03:00:00,0,0,0,FMN GV 18 Kasterlee
84,Oudemolsedijk,2021-10-29,04:00:00,0,0,0,FMN GV 18 Kasterlee
84,Oudemolsedijk,2021-10-29,05:00:00,8,4,4,FMN GV 18 Kasterlee
84,Oudemolsedijk,2021-10-29,06:00:00,8,3,5,FMN GV 18 Kasterlee
84,Oudemolsedijk,2021-10-29,07:00:00,13,7,6,FMN GV 18 Kasterlee
84,Oudemolsedijk,2021-10-29,08:00:00,16,11,5,FMN GV 18 Kasterlee
84,Oudemolsedijk,2021-10-29,09:00:00,15,7,8,FMN GV 18 Kasterlee
84,Oudemolsedijk,2021-10-29,10:00:00,19,8,11,FMN GV 18 Kasterlee
84,Oudemolsedijk,2021-10-29,11:00:00,20,11,9,FMN GV 18 Kasterlee
84,Oudemolsedijk,2021-10-29,12:00:00,25,7,18,FMN GV 18 Kasterlee
84,Oudemolsedijk,2021-10-29,13:00:00,40,9,31,FMN GV 18 Kasterlee
84,Oudemolsedijk,2021-10-29,14:00:00,55,15,40,FMN GV 18 Kasterlee
84,Oudemolsedijk,2021-10-29,15:00:00,63,29,34,FMN GV 18 Kasterlee
84,Oudemolsedijk,2021-10-29,16:00:00,43,24,19,FMN GV 18 Kasterlee
84,Oudemolsedijk,2021-10-29,17:00:00,21,14,7,FMN GV 18 Kasterlee
84,Oudemolsedijk,2021-10-29,18:00:00,3,1,2,FMN GV 18 Kasterlee
84,Oudemolsedijk,2021-10-29,19:00:00,6,0,6,FMN GV 18 Kasterlee
84,Oudemolsedijk,2021-10-29,20:00:00,5,1,4,FMN GV 18 Kasterlee
84,Oudemolsedijk,2021-10-29,21:00:00,0,0,0,FMN GV 18 Kasterlee
84,Oudemolsedijk,2021-10-29,22:00:00,0,0,0,FMN GV 18 Kasterlee
84,Oudemolsedijk,2021-10-29,23:00:00,1,1,0,FMN GV 18 Kasterlee
84,Oudemolsedijk,2021-10-30,00:00:00,0,0,0,FMN GV 18 Kasterlee
84,Oudemolsedijk,2021-10-30,01:00:00,0,0,0,FMN GV 18 Kasterlee
84,Oudemolsedijk,2021-10-30,02:00:00,0,0,0,FMN GV 18 Kasterlee
84,Oudemolsedijk,2021-10-30,03:00:00,1,1,0,FMN GV 18 Kasterlee
84,Oudemolsedijk,2021-10-30,04:00:00,3,2,1,FMN GV 18 Kasterlee
84,Oudemolsedijk,2021-10-30,05:00:00,1,1,0,FMN GV 18 Kasterlee
84,Oudemolsedijk,2021-10-30,06:00:00,5,3,2,FMN GV 18 Kasterlee
84,Oudemolsedijk,2021-10-30,07:00:00,1,1,0,FMN GV 18 Kasterlee
84,Oudemolsedijk,2021-10-30,08:00:00,2,0,2,FMN GV 18 Kasterlee
84,Oudemolsedijk,2021-10-30,09:00:00,0,0,0,FMN GV 18 Kasterlee
84,Oudemolsedijk,2021-10-30,10:00:00,0,0,0,FMN GV 18 Kasterlee
84,Oudemolsedijk,2021-10-30,11:00:00,5,3,2,FMN GV 18 Kasterlee
84,Oudemolsedijk,2021-10-30,12:00:00,1,0,1,FMN GV 18 Kasterlee
84,Oudemolsedijk,2021-10-30,13:00:00,7,2,5,FMN GV 18 Kasterlee
84,Oudemolsedijk,2021-10-30,14:00:00,9,6,3,FMN GV 18 Kasterlee
84,Oudemolsedijk,2021-10-30,15:00:00,14,2,12,FMN GV 18 Kasterlee
84,Oudemolsedijk,2021-10-30,16:00:00,6,4,2,FMN GV 18 Kasterlee
84,Oudemolsedijk,2021-10-30,17:00:00,4,4,0,FMN GV 18 Kasterlee
84,Oudemolsedijk,2021-10-30,18:00:00,5,2,3,FMN GV 18 Kasterlee
84,Oudemolsedijk,2021-10-30,19:00:00,0,0,0,FMN GV 18 Kasterlee
84,Oudemolsedijk,2021-10-30,20:00:00,0,0,0,FMN GV 18 Kasterlee
84,Oudemolsedijk,2021-10-30,21:00:00,5,5,0,FMN GV 18 Kasterlee
84,Oudemolsedijk,2021-10-30,22:00:00,1,1,0,FMN GV 18 Kasterlee
84,Oudemolsedijk,2021-10-30,23:00:00,0,0,0,FMN GV 18 Kasterlee
84,Oudemolsedijk,2021-10-31,00:00:00,2,0,2,FMN GV 18 Kasterlee
84,Oudemolsedijk,2021-10-31,01:00:00,2,2,0,FMN GV 18 Kasterlee
84,Oudemolsedijk,2021-10-31,02:00:00,0,0,0,FMN GV 18 Kasterlee
84,Oudemolsedijk,2021-10-31,03:00:00,4,0,4,FMN GV 18 Kasterlee
84,Oudemolsedijk,2021-10-31,04:00:00,1,1,0,FMN GV 18 Kasterlee
84,Oudemolsedijk,2021-10-31,05:00:00,0,0,0,FMN GV 18 Kasterlee
84,Oudemolsedijk,2021-10-31,06:00:00,2,1,1,FMN GV 18 Kasterlee
84,Oudemolsedijk,2021-10-31,07:00:00,2,0,2,FMN GV 18 Kasterlee
84,Oudemolsedijk,2021-10-31,08:00:00,35,4,31,FMN GV 18 Kasterlee
84,Oudemolsedijk,2021-10-31,09:00:00,43,8,35,FMN GV 18 Kasterlee
84,Oudemolsedijk,2021-10-31,10:00:00,91,48,43,FMN GV 18 Kasterlee
84,Oudemolsedijk,2021-10-31,11:00:00,56,45,11,FMN GV 18 Kasterlee
84,Oudemolsedijk,2021-10-31,12:00:00,43,30,13,FMN GV 18 Kasterlee
84,Oudemolsedijk,2021-10-31,13:00:00,46,27,19,FMN GV 18 Kasterlee
84,Oudemolsedijk,2021-10-31,14:00:00,40,18,22,FMN GV 18 Kasterlee
84,Oudemolsedijk,2021-10-31,15:00:00,17,12,5,FMN GV 18 Kasterlee
84,Oudemolsedijk,2021-10-31,16:00:00,6,3,3,FMN GV 18 Kasterlee
84,Oudemolsedijk,2021-10-31,17:00:00,2,2,0,FMN GV 18 Kasterlee
84,Oudemolsedijk,2021-10-31,18:00:00,17,6,11,FMN GV 18 Kasterlee
84,Oudemolsedijk,2021-10-31,19:00:00,5,5,0,FMN GV 18 Kasterlee
84,Oudemolsedijk,2021-10-31,20:00:00,0,0,0,FMN GV 18 Kasterlee
84,Oudemolsedijk,2021-10-31,21:00:00,0,0,0,FMN GV 18 Kasterlee
84,Oudemolsedijk,2021-10-31,22:00:00,1,0,1,FMN GV 18 Kasterlee
84,Oudemolsedijk,2021-10-31,23:00:00,0,0,0,FMN GV 18 Kasterlee
84,Oudemolsedijk,2021-11-01,00:00:00,0,0,0,FMN GV 18 Kasterlee
84,Oudemolsedijk,2021-11-01,01:00:00,1,1,0,FMN GV 18 Kasterlee
84,Oudemolsedijk,2021-11-01,02:00:00,0,0,0,FMN GV 18 Kasterlee
84,Oudemolsedijk,2021-11-01,03:00:00,0,0,0,FMN GV 18 Kasterlee
84,Oudemolsedijk,2021-11-01,04:00:00,0,0,0,FMN GV 18 Kasterlee
84,Oudemolsedijk,2021-11-01,05:00:00,0,0,0,FMN GV 18 Kasterlee
84,Oudemolsedijk,2021-11-01,06:00:00,0,0,0,FMN GV 18 Kasterlee
84,Oudemolsedijk,2021-11-01,07:00:00,5,0,5,FMN GV 18 Kasterlee
84,Oudemolsedijk,2021-11-01,08:00:00,7,1,6,FMN GV 18 Kasterlee
84,Oudemolsedijk,2021-11-01,09:00:00,17,13,4,FMN GV 18 Kasterlee
84,Oudemolsedijk,2021-11-01,10:00:00,23,11,12,FMN GV 18 Kasterlee
84,Oudemolsedijk,2021-11-01,11:00:00,28,16,12,FMN GV 18 Kasterlee
84,Oudemolsedijk,2021-11-01,12:00:00,19,6,13,FMN GV 18 Kasterlee
84,Oudemolsedijk,2021-11-01,13:00:00,17,10,7,FMN GV 18 Kasterlee
84,Oudemolsedijk,2021-11-01,14:00:00,25,17,8,FMN GV 18 Kasterlee
84,Oudemolsedijk,2021-11-01,15:00:00,22,14,8,FMN GV 18 Kasterlee
84,Oudemolsedijk,2021-11-01,16:00:00,22,10,12,FMN GV 18 Kasterlee
84,Oudemolsedijk,2021-11-01,17:00:00,5,3,2,FMN GV 18 Kasterlee
84,Oudemolsedijk,2021-11-01,18:00:00,0,0,0,FMN GV 18 Kasterlee
84,Oudemolsedijk,2021-11-01,19:00:00,0,0,0,FMN GV 18 Kasterlee
84,Oudemolsedijk,2021-11-01,20:00:00,1,0,1,FMN GV 18 Kasterlee
84,Oudemolsedijk,2021-11-01,21:00:00,0,0,0,FMN GV 18 Kasterlee
84,Oudemolsedijk,2021-11-01,22:00:00,0,0,0,FMN GV 18 Kasterlee
84,Oudemolsedijk,2021-11-01,23:00:00,0,0,0,FMN GV 18 Kasterlee
84,Oudemolsedijk,2021-11-02,00:00:00,0,0,0,FMN GV 18 Kasterlee
84,Oudemolsedijk,2021-11-02,01:00:00,0,0,0,FMN GV 18 Kasterlee
84,Oudemolsedijk,2021-11-02,02:00:00,0,0,0,FMN GV 18 Kasterlee
84,Oudemolsedijk,2021-11-02,03:00:00,0,0,0,FMN GV 18 Kasterlee
84,Oudemolsedijk,2021-11-02,04:00:00,0,0,0,FMN GV 18 Kasterlee
84,Oudemolsedijk,2021-11-02,05:00:00,2,2,0,FMN GV 18 Kasterlee
84,Oudemolsedijk,2021-11-02,06:00:00,8,5,3,FMN GV 18 Kasterlee
84,Oudemolsedijk,2021-11-02,07:00:00,3,2,1,FMN GV 18 Kasterlee
84,Oudemolsedijk,2021-11-02,08:00:00,4,2,2,FMN GV 18 Kasterlee
84,Oudemolsedijk,2021-11-02,09:00:00,6,2,4,FMN GV 18 Kasterlee
84,Oudemolsedijk,2021-11-02,10:00:00,11,3,8,FMN GV 18 Kasterlee
84,Oudemolsedijk,2021-11-02,11:00:00,14,9,5,FMN GV 18 Kasterlee
84,Oudemolsedijk,2021-11-02,12:00:00,11,6,5,FMN GV 18 Kasterlee
84,Oudemolsedijk,2021-11-02,13:00:00,17,17,0,FMN GV 18 Kasterlee
84,Oudemolsedijk,2021-11-02,14:00:00,13,8,5,FMN GV 18 Kasterlee
84,Oudemolsedijk,2021-11-02,15:00:00,8,4,4,FMN GV 18 Kasterlee
84,Oudemolsedijk,2021-11-02,16:00:00,15,11,4,FMN GV 18 Kasterlee
84,Oudemolsedijk,2021-11-02,17:00:00,7,2,5,FMN GV 18 Kasterlee
84,Oudemolsedijk,2021-11-02,18:00:00,4,1,3,FMN GV 18 Kasterlee
84,Oudemolsedijk,2021-11-02,19:00:00,1,1,0,FMN GV 18 Kasterlee
84,Oudemolsedijk,2021-11-02,20:00:00,0,0,0,FMN GV 18 Kasterlee
84,Oudemolsedijk,2021-11-02,21:00:00,1,0,1,FMN GV 18 Kasterlee
84,Oudemolsedijk,2021-11-02,22:00:00,1,0,1,FMN GV 18 Kasterlee
84,Oudemolsedijk,2021-11-02,23:00:00,0,0,0,FMN GV 18 Kasterlee
84,Oudemolsedijk,2021-11-03,00:00:00,1,1,0,FMN GV 18 Kasterlee
84,Oudemolsedijk,2021-11-03,01:00:00,0,0,0,FMN GV 18 Kasterlee
84,Oudemolsedijk,2021-11-03,02:00:00,0,0,0,FMN GV 18 Kasterlee
84,Oudemolsedijk,2021-11-03,03:00:00,0,0,0,FMN GV 18 Kasterlee
84,Oudemolsedijk,2021-11-03,04:00:00,0,0,0,FMN GV 18 Kasterlee
84,Oudemolsedijk,2021-11-03,05:00:00,2,2,0,FMN GV 18 Kasterlee
84,Oudemolsedijk,2021-11-03,06:00:00,3,0,3,FMN GV 18 Kasterlee
84,Oudemolsedijk,2021-11-03,07:00:00,15,5,10,FMN GV 18 Kasterlee
84,Oudemolsedijk,2021-11-03,08:00:00,11,7,4,FMN GV 18 Kasterlee
84,Oudemolsedijk,2021-11-03,09:00:00,10,6,4,FMN GV 18 Kasterlee
84,Oudemolsedijk,2021-11-03,10:00:00,14,5,9,FMN GV 18 Kasterlee
84,Oudemolsedijk,2021-11-03,11:00:00,12,6,6,FMN GV 18 Kasterlee
84,Oudemolsedijk,2021-11-03,12:00:00,14,8,6,FMN GV 18 Kasterlee
84,Oudemolsedijk,2021-11-03,13:00:00,24,13,11,FMN GV 18 Kasterlee
84,Oudemolsedijk,2021-11-03,14:00:00,38,23,15,FMN GV 18 Kasterlee
84,Oudemolsedijk,2021-11-03,15:00:00,25,15,10,FMN GV 18 Kasterlee
84,Oudemolsedijk,2021-11-03,16:00:00,31,18,13,FMN GV 18 Kasterlee
84,Oudemolsedijk,2021-11-03,17:00:00,14,9,5,FMN GV 18 Kasterlee
84,Oudemolsedijk,2021-11-03,18:00:00,13,3,10,FMN GV 18 Kasterlee
84,Oudemolsedijk,2021-11-03,19:00:00,3,2,1,FMN GV 18 Kasterlee
84,Oudemolsedijk,2021-11-03,20:00:00,10,10,0,FMN GV 18 Kasterlee
84,Oudemolsedijk,2021-11-03,21:00:00,4,2,2,FMN GV 18 Kasterlee
84,Oudemolsedijk,2021-11-03,22:00:00,2,0,2,FMN GV 18 Kasterlee
84,Oudemolsedijk,2021-11-03,23:00:00,0,0,0,FMN GV 18 Kasterlee
84,Oudemolsedijk,2021-11-04,00:00:00,1,1,0,FMN GV 18 Kasterlee
84,Oudemolsedijk,2021-11-04,01:00:00,0,0,0,FMN GV 18 Kasterlee
84,Oudemolsedijk,2021-11-04,02:00:00,0,0,0,FMN GV 18 Kasterlee
84,Oudemolsedijk,2021-11-04,03:00:00,0,0,0,FMN GV 18 Kasterlee
84,Oudemolsedijk,2021-11-04,04:00:00,0,0,0,FMN GV 18 Kasterlee
84,Oudemolsedijk,2021-11-04,05:00:00,2,2,0,FMN GV 18 Kasterlee
84,Oudemolsedijk,2021-11-04,06:00:00,8,1,7,FMN GV 18 Kasterlee
84,Oudemolsedijk,2021-11-04,07:00:00,11,3,8,FMN GV 18 Kasterlee
84,Oudemolsedijk,2021-11-04,08:00:00,6,4,2,FMN GV 18 Kasterlee
84,Oudemolsedijk,2021-11-04,09:00:00,4,1,3,FMN GV 18 Kasterlee
84,Oudemolsedijk,2021-11-04,10:00:00,12,3,9,FMN GV 18 Kasterlee
84,Oudemolsedijk,2021-11-04,11:00:00,6,1,5,FMN GV 18 Kasterlee
84,Oudemolsedijk,2021-11-04,12:00:00,10,5,5,FMN GV 18 Kasterlee
84,Oudemolsedijk,2021-11-04,13:00:00,19,8,11,FMN GV 18 Kasterlee
84,Oudemolsedijk,2021-11-04,14:00:00,16,8,8,FMN GV 18 Kasterlee
84,Oudemolsedijk,2021-11-04,15:00:00,15,8,7,FMN GV 18 Kasterlee
84,Oudemolsedijk,2021-11-04,16:00:00,17,11,6,FMN GV 18 Kasterlee
84,Oudemolsedijk,2021-11-04,17:00:00,6,5,1,FMN GV 18 Kasterlee
84,Oudemolsedijk,2021-11-04,18:00:00,5,2,3,FMN GV 18 Kasterlee
84,Oudemolsedijk,2021-11-04,19:00:00,1,1,0,FMN GV 18 Kasterlee
84,Oudemolsedijk,2021-11-04,20:00:00,0,0,0,FMN GV 18 Kasterlee
84,Oudemolsedijk,2021-11-04,21:00:00,2,1,1,FMN GV 18 Kasterlee
84,Oudemolsedijk,2021-11-04,22:00:00,0,0,0,FMN GV 18 Kasterlee
84,Oudemolsedijk,2021-11-04,23:00:00,0,0,0,FMN GV 18 Kasterlee
84,Oudemolsedijk,2021-11-05,00:00:00,0,0,0,FMN GV 18 Kasterlee
84,Oudemolsedijk,2021-11-05,01:00:00,1,1,0,FMN GV 18 Kasterlee
84,Oudemolsedijk,2021-11-05,02:00:00,0,0,0,FMN GV 18 Kasterlee
84,Oudemolsedijk,2021-11-05,03:00:00,0,0,0,FMN GV 18 Kasterlee
84,Oudemolsedijk,2021-11-05,04:00:00,0,0,0,FMN GV 18 Kasterlee
84,Oudemolsedijk,2021-11-05,05:00:00,1,1,0,FMN GV 18 Kasterlee
84,Oudemolsedijk,2021-11-05,06:00:00,7,3,4,FMN GV 18 Kasterlee
84,Oudemolsedijk,2021-11-05,07:00:00,7,4,3,FMN GV 18 Kasterlee
84,Oudemolsedijk,2021-11-05,08:00:00,7,3,4,FMN GV 18 Kasterlee
84,Oudemolsedijk,2021-11-05,09:00:00,3,3,0,FMN GV 18 Kasterlee
84,Oudemolsedijk,2021-11-05,10:00:00,10,8,2,FMN GV 18 Kasterlee
84,Oudemolsedijk,2021-11-05,11:00:00,23,9,14,FMN GV 18 Kasterlee
84,Oudemolsedijk,2021-11-05,12:00:00,16,11,5,FMN GV 18 Kasterlee
84,Oudemolsedijk,2021-11-05,13:00:00,22,12,10,FMN GV 18 Kasterlee
84,Oudemolsedijk,2021-11-05,14:00:00,28,18,10,FMN GV 18 Kasterlee
84,Oudemolsedijk,2021-11-05,15:00:00,30,16,14,FMN GV 18 Kasterlee
84,Oudemolsedijk,2021-11-05,16:00:00,19,14,5,FMN GV 18 Kasterlee
84,Oudemolsedijk,2021-11-05,17:00:00,11,5,6,FMN GV 18 Kasterlee
84,Oudemolsedijk,2021-11-05,18:00:00,2,0,2,FMN GV 18 Kasterlee
84,Oudemolsedijk,2021-11-05,19:00:00,0,0,0,FMN GV 18 Kasterlee
84,Oudemolsedijk,2021-11-05,20:00:00,0,0,0,FMN GV 18 Kasterlee
84,Oudemolsedijk,2021-11-05,21:00:00,0,0,0,FMN GV 18 Kasterlee
84,Oudemolsedijk,2021-11-05,22:00:00,6,4,2,FMN GV 18 Kasterlee
84,Oudemolsedijk,2021-11-05,23:00:00,2,2,0,FMN GV 18 Kasterlee
84,Oudemolsedijk,2021-11-06,00:00:00,1,0,1,FMN GV 18 Kasterlee
84,Oudemolsedijk,2021-11-06,01:00:00,2,0,2,FMN GV 18 Kasterlee
84,Oudemolsedijk,2021-11-06,02:00:00,0,0,0,FMN GV 18 Kasterlee
84,Oudemolsedijk,2021-11-06,03:00:00,3,0,3,FMN GV 18 Kasterlee
84,Oudemolsedijk,2021-11-06,04:00:00,0,0,0,FMN GV 18 Kasterlee
84,Oudemolsedijk,2021-11-06,05:00:00,0,0,0,FMN GV 18 Kasterlee
84,Oudemolsedijk,2021-11-06,06:00:00,1,0,1,FMN GV 18 Kasterlee
84,Oudemolsedijk,2021-11-06,07:00:00,1,0,1,FMN GV 18 Kasterlee
84,Oudemolsedijk,2021-11-06,08:00:00,9,2,7,FMN GV 18 Kasterlee
84,Oudemolsedijk,2021-11-06,09:00:00,11,6,5,FMN GV 18 Kasterlee
84,Oudemolsedijk,2021-11-06,10:00:00,35,11,24,FMN GV 18 Kasterlee
84,Oudemolsedijk,2021-11-06,11:00:00,34,20,14,FMN GV 18 Kasterlee
84,Oudemolsedijk,2021-11-06,12:00:00,16,6,10,FMN GV 18 Kasterlee
84,Oudemolsedijk,2021-11-06,13:00:00,56,22,34,FMN GV 18 Kasterlee
84,Oudemolsedijk,2021-11-06,14:00:00,43,18,25,FMN GV 18 Kasterlee
84,Oudemolsedijk,2021-11-06,15:00:00,30,19,11,FMN GV 18 Kasterlee
84,Oudemolsedijk,2021-11-06,16:00:00,19,14,5,FMN GV 18 Kasterlee
84,Oudemolsedijk,2021-11-06,17:00:00,4,3,1,FMN GV 18 Kasterlee
84,Oudemolsedijk,2021-11-06,18:00:00,2,0,2,FMN GV 18 Kasterlee
84,Oudemolsedijk,2021-11-06,19:00:00,1,1,0,FMN GV 18 Kasterlee
84,Oudemolsedijk,2021-11-06,20:00:00,3,3,0,FMN GV 18 Kasterlee
84,Oudemolsedijk,2021-11-06,21:00:00,1,0,1,FMN GV 18 Kasterlee
84,Oudemolsedijk,2021-11-06,22:00:00,2,1,1,FMN GV 18 Kasterlee
84,Oudemolsedijk,2021-11-06,23:00:00,0,0,0,FMN GV 18 Kasterlee
84,Oudemolsedijk,2021-11-07,00:00:00,0,0,0,FMN GV 18 Kasterlee
84,Oudemolsedijk,2021-11-07,01:00:00,0,0,0,FMN GV 18 Kasterlee
84,Oudemolsedijk,2021-11-07,02:00:00,0,0,0,FMN GV 18 Kasterlee
84,Oudemolsedijk,2021-11-07,03:00:00,1,0,1,FMN GV 18 Kasterlee
84,Oudemolsedijk,2021-11-07,04:00:00,0,0,0,FMN GV 18 Kasterlee
84,Oudemolsedijk,2021-11-07,05:00:00,0,0,0,FMN GV 18 Kasterlee
84,Oudemolsedijk,2021-11-07,06:00:00,2,1,1,FMN GV 18 Kasterlee
84,Oudemolsedijk,2021-11-07,07:00:00,1,1,0,FMN GV 18 Kasterlee
84,Oudemolsedijk,2021-11-07,08:00:00,7,2,5,FMN GV 18 Kasterlee
84,Oudemolsedijk,2021-11-07,09:00:00,40,13,27,FMN GV 18 Kasterlee
84,Oudemolsedijk,2021-11-07,10:00:00,61,18,43,FMN GV 18 Kasterlee
84,Oudemolsedijk,2021-11-07,11:00:00,38,17,21,FMN GV 18 Kasterlee
84,Oudemolsedijk,2021-11-07,12:00:00,22,10,12,FMN GV 18 Kasterlee
84,Oudemolsedijk,2021-11-07,13:00:00,26,10,16,FMN GV 18 Kasterlee
84,Oudemolsedijk,2021-11-07,14:00:00,48,32,16,FMN GV 18 Kasterlee
84,Oudemolsedijk,2021-11-07,15:00:00,34,15,19,FMN GV 18 Kasterlee
84,Oudemolsedijk,2021-11-07,16:00:00,10,7,3,FMN GV 18 Kasterlee
84,Oudemolsedijk,2021-11-07,17:00:00,4,4,0,FMN GV 18 Kasterlee
84,Oudemolsedijk,2021-11-07,18:00:00,2,1,1,FMN GV 18 Kasterlee
84,Oudemolsedijk,2021-11-07,19:00:00,0,0,0,FMN GV 18 Kasterlee
84,Oudemolsedijk,2021-11-07,20:00:00,1,0,1,FMN GV 18 Kasterlee
84,Oudemolsedijk,2021-11-07,21:00:00,0,0,0,FMN GV 18 Kasterlee
84,Oudemolsedijk,2021-11-07,22:00:00,0,0,0,FMN GV 18 Kasterlee
84,Oudemolsedijk,2021-11-07,23:00:00,0,0,0,FMN GV 18 Kasterlee
84,Oudemolsedijk,2021-11-08,00:00:00,1,1,0,FMN GV 18 Kasterlee
84,Oudemolsedijk,2021-11-08,01:00:00,0,0,0,FMN GV 18 Kasterlee
84,Oudemolsedijk,2021-11-08,02:00:00,0,0,0,FMN GV 18 Kasterlee
84,Oudemolsedijk,2021-11-08,03:00:00,0,0,0,FMN GV 18 Kasterlee
84,Oudemolsedijk,2021-11-08,04:00:00,2,2,0,FMN GV 18 Kasterlee
84,Oudemolsedijk,2021-11-08,05:00:00,3,3,0,FMN GV 18 Kasterlee
84,Oudemolsedijk,2021-11-08,06:00:00,11,5,6,FMN GV 18 Kasterlee
84,Oudemolsedijk,2021-11-08,07:00:00,18,7,11,FMN GV 18 Kasterlee
84,Oudemolsedijk,2021-11-08,08:00:00,14,9,5,FMN GV 18 Kasterlee
84,Oudemolsedijk,2021-11-08,09:00:00,6,4,2,FMN GV 18 Kasterlee
84,Oudemolsedijk,2021-11-08,10:00:00,26,14,12,FMN GV 18 Kasterlee
84,Oudemolsedijk,2021-11-08,11:00:00,8,5,3,FMN GV 18 Kasterlee
84,Oudemolsedijk,2021-11-08,12:00:00,13,5,8,FMN GV 18 Kasterlee
84,Oudemolsedijk,2021-11-08,13:00:00,79,40,39,FMN GV 18 Kasterlee
84,Oudemolsedijk,2021-11-08,14:00:00,100,64,36,FMN GV 18 Kasterlee
84,Oudemolsedijk,2021-11-08,15:00:00,72,33,39,FMN GV 18 Kasterlee
84,Oudemolsedijk,2021-11-08,16:00:00,35,15,20,FMN GV 18 Kasterlee
84,Oudemolsedijk,2021-11-08,17:00:00,12,2,10,FMN GV 18 Kasterlee
84,Oudemolsedijk,2021-11-08,18:00:00,4,2,2,FMN GV 18 Kasterlee
84,Oudemolsedijk,2021-11-08,19:00:00,2,0,2,FMN GV 18 Kasterlee
84,Oudemolsedijk,2021-11-08,20:00:00,4,2,2,FMN GV 18 Kasterlee
84,Oudemolsedijk,2021-11-08,21:00:00,0,0,0,FMN GV 18 Kasterlee
84,Oudemolsedijk,2021-11-08,22:00:00,0,0,0,FMN GV 18 Kasterlee
84,Oudemolsedijk,2021-11-08,23:00:00,2,1,1,FMN GV 18 Kasterlee
84,Oudemolsedijk,2021-11-09,00:00:00,0,0,0,FMN GV 18 Kasterlee
84,Oudemolsedijk,2021-11-09,01:00:00,0,0,0,FMN GV 18 Kasterlee
84,Oudemolsedijk,2021-11-09,02:00:00,0,0,0,FMN GV 18 Kasterlee
84,Oudemolsedijk,2021-11-09,03:00:00,1,1,0,FMN GV 18 Kasterlee
84,Oudemolsedijk,2021-11-09,04:00:00,2,2,0,FMN GV 18 Kasterlee
84,Oudemolsedijk,2021-11-09,05:00:00,3,3,0,FMN GV 18 Kasterlee
84,Oudemolsedijk,2021-11-09,06:00:00,13,4,9,FMN GV 18 Kasterlee
84,Oudemolsedijk,2021-11-09,07:00:00,15,7,8,FMN GV 18 Kasterlee
84,Oudemolsedijk,2021-11-09,08:00:00,15,8,7,FMN GV 18 Kasterlee
84,Oudemolsedijk,2021-11-09,09:00:00,8,4,4,FMN GV 18 Kasterlee
84,Oudemolsedijk,2021-11-09,10:00:00,16,8,8,FMN GV 18 Kasterlee
84,Oudemolsedijk,2021-11-09,11:00:00,15,9,6,FMN GV 18 Kasterlee
84,Oudemolsedijk,2021-11-09,12:00:00,27,14,13,FMN GV 18 Kasterlee
84,Oudemolsedijk,2021-11-09,13:00:00,69,25,44,FMN GV 18 Kasterlee
84,Oudemolsedijk,2021-11-09,14:00:00,54,21,33,FMN GV 18 Kasterlee
84,Oudemolsedijk,2021-11-09,15:00:00,56,32,24,FMN GV 18 Kasterlee
84,Oudemolsedijk,2021-11-09,16:00:00,44,21,23,FMN GV 18 Kasterlee
84,Oudemolsedijk,2021-11-09,17:00:00,13,7,6,FMN GV 18 Kasterlee
84,Oudemolsedijk,2021-11-09,18:00:00,8,2,6,FMN GV 18 Kasterlee
84,Oudemolsedijk,2021-11-09,19:00:00,4,2,2,FMN GV 18 Kasterlee
84,Oudemolsedijk,2021-11-09,20:00:00,5,4,1,FMN GV 18 Kasterlee
84,Oudemolsedijk,2021-11-09,21:00:00,1,0,1,FMN GV 18 Kasterlee
84,Oudemolsedijk,2021-11-09,22:00:00,4,2,2,FMN GV 18 Kasterlee
84,Oudemolsedijk,2021-11-09,23:00:00,0,0,0,FMN GV 18 Kasterlee
84,Oudemolsedijk,2021-11-10,00:00:00,0,0,0,FMN GV 18 Kasterlee
84,Oudemolsedijk,2021-11-10,01:00:00,0,0,0,FMN GV 18 Kasterlee
84,Oudemolsedijk,2021-11-10,02:00:00,0,0,0,FMN GV 18 Kasterlee
84,Oudemolsedijk,2021-11-10,03:00:00,0,0,0,FMN GV 18 Kasterlee
84,Oudemolsedijk,2021-11-10,04:00:00,1,1,0,FMN GV 18 Kasterlee
84,Oudemolsedijk,2021-11-10,05:00:00,5,5,0,FMN GV 18 Kasterlee
84,Oudemolsedijk,2021-11-10,06:00:00,14,6,8,FMN GV 18 Kasterlee
84,Oudemolsedijk,2021-11-10,07:00:00,15,6,9,FMN GV 18 Kasterlee
84,Oudemolsedijk,2021-11-10,08:00:00,9,7,2,FMN GV 18 Kasterlee
84,Oudemolsedijk,2021-11-10,09:00:00,22,2,20,FMN GV 18 Kasterlee
84,Oudemolsedijk,2021-11-10,10:00:00,9,5,4,FMN GV 18 Kasterlee
84,Oudemolsedijk,2021-11-10,11:00:00,12,6,6,FMN GV 18 Kasterlee
84,Oudemolsedijk,2021-11-10,12:00:00,29,14,15,FMN GV 18 Kasterlee
84,Oudemolsedijk,2021-11-10,13:00:00,35,15,20,FMN GV 18 Kasterlee
84,Oudemolsedijk,2021-11-10,14:00:00,44,22,22,FMN GV 18 Kasterlee
84,Oudemolsedijk,2021-11-10,15:00:00,50,27,23,FMN GV 18 Kasterlee
84,Oudemolsedijk,2021-11-10,16:00:00,26,14,12,FMN GV 18 Kasterlee
84,Oudemolsedijk,2021-11-10,17:00:00,12,6,6,FMN GV 18 Kasterlee
84,Oudemolsedijk,2021-11-10,18:00:00,4,3,1,FMN GV 18 Kasterlee
84,Oudemolsedijk,2021-11-10,19:00:00,3,1,2,FMN GV 18 Kasterlee
84,Oudemolsedijk,2021-11-10,20:00:00,7,3,4,FMN GV 18 Kasterlee
84,Oudemolsedijk,2021-11-10,21:00:00,0,0,0,FMN GV 18 Kasterlee
84,Oudemolsedijk,2021-11-10,22:00:00,3,1,2,FMN GV 18 Kasterlee
84,Oudemolsedijk,2021-11-10,23:00:00,0,0,0,FMN GV 18 Kasterlee
84,Oudemolsedijk,2021-11-11,00:00:00,0,0,0,FMN GV 18 Kasterlee
84,Oudemolsedijk,2021-11-11,01:00:00,1,0,1,FMN GV 18 Kasterlee
84,Oudemolsedijk,2021-11-11,02:00:00,0,0,0,FMN GV 18 Kasterlee
84,Oudemolsedijk,2021-11-11,03:00:00,0,0,0,FMN GV 18 Kasterlee
84,Oudemolsedijk,2021-11-11,04:00:00,0,0,0,FMN GV 18 Kasterlee
84,Oudemolsedijk,2021-11-11,05:00:00,0,0,0,FMN GV 18 Kasterlee
84,Oudemolsedijk,2021-11-11,06:00:00,0,0,0,FMN GV 18 Kasterlee
84,Oudemolsedijk,2021-11-11,07:00:00,9,0,9,FMN GV 18 Kasterlee
84,Oudemolsedijk,2021-11-11,08:00:00,59,3,56,FMN GV 18 Kasterlee
84,Oudemolsedijk,2021-11-11,09:00:00,66,4,62,FMN GV 18 Kasterlee
84,Oudemolsedijk,2021-11-11,10:00:00,65,9,56,FMN GV 18 Kasterlee
84,Oudemolsedijk,2021-11-11,11:00:00,169,55,114,FMN GV 18 Kasterlee
84,Oudemolsedijk,2021-11-11,12:00:00,134,55,79,FMN GV 18 Kasterlee
84,Oudemolsedijk,2021-11-11,13:00:00,55,22,33,FMN GV 18 Kasterlee
84,Oudemolsedijk,2021-11-11,14:00:00,103,64,39,FMN GV 18 Kasterlee
84,Oudemolsedijk,2021-11-11,15:00:00,63,29,34,FMN GV 18 Kasterlee
84,Oudemolsedijk,2021-11-11,16:00:00,20,13,7,FMN GV 18 Kasterlee
84,Oudemolsedijk,2021-11-11,17:00:00,19,9,10,FMN GV 18 Kasterlee
84,Oudemolsedijk,2021-11-11,18:00:00,0,0,0,FMN GV 18 Kasterlee
84,Oudemolsedijk,2021-11-11,19:00:00,8,8,0,FMN GV 18 Kasterlee
84,Oudemolsedijk,2021-11-11,20:00:00,2,0,2,FMN GV 18 Kasterlee
84,Oudemolsedijk,2021-11-11,21:00:00,1,1,0,FMN GV 18 Kasterlee
84,Oudemolsedijk,2021-11-11,22:00:00,1,0,1,FMN GV 18 Kasterlee
84,Oudemolsedijk,2021-11-11,23:00:00,1,0,1,FMN GV 18 Kasterlee
84,Oudemolsedijk,2021-11-12,00:00:00,0,0,0,FMN GV 18 Kasterlee
84,Oudemolsedijk,2021-11-12,01:00:00,1,0,1,FMN GV 18 Kasterlee
84,Oudemolsedijk,2021-11-12,02:00:00,0,0,0,FMN GV 18 Kasterlee
84,Oudemolsedijk,2021-11-12,03:00:00,0,0,0,FMN GV 18 Kasterlee
84,Oudemolsedijk,2021-11-12,04:00:00,0,0,0,FMN GV 18 Kasterlee
84,Oudemolsedijk,2021-11-12,05:00:00,0,0,0,FMN GV 18 Kasterlee
84,Oudemolsedijk,2021-11-12,06:00:00,0,0,0,FMN GV 18 Kasterlee
84,Oudemolsedijk,2021-11-12,07:00:00,11,5,6,FMN GV 18 Kasterlee
84,Oudemolsedijk,2021-11-12,08:00:00,8,5,3,FMN GV 18 Kasterlee
84,Oudemolsedijk,2021-11-12,09:00:00,7,5,2,FMN GV 18 Kasterlee
84,Oudemolsedijk,2021-11-12,10:00:00,11,3,8,FMN GV 18 Kasterlee
84,Oudemolsedijk,2021-11-12,11:00:00,11,8,3,FMN GV 18 Kasterlee
84,Oudemolsedijk,2021-11-12,12:00:00,27,14,13,FMN GV 18 Kasterlee
84,Oudemolsedijk,2021-11-12,13:00:00,30,14,16,FMN GV 18 Kasterlee
84,Oudemolsedijk,2021-11-12,14:00:00,67,36,31,FMN GV 18 Kasterlee
84,Oudemolsedijk,2021-11-12,15:00:00,29,19,10,FMN GV 18 Kasterlee
84,Oudemolsedijk,2021-11-12,16:00:00,35,25,10,FMN GV 18 Kasterlee
84,Oudemolsedijk,2021-11-12,17:00:00,8,4,4,FMN GV 18 Kasterlee
84,Oudemolsedijk,2021-11-12,18:00:00,3,0,3,FMN GV 18 Kasterlee
84,Oudemolsedijk,2021-11-12,19:00:00,1,1,0,FMN GV 18 Kasterlee
84,Oudemolsedijk,2021-11-12,20:00:00,1,1,0,FMN GV 18 Kasterlee
84,Oudemolsedijk,2021-11-12,21:00:00,3,3,0,FMN GV 18 Kasterlee
84,Oudemolsedijk,2021-11-12,22:00:00,2,1,1,FMN GV 18 Kasterlee
84,Oudemolsedijk,2021-11-12,23:00:00,0,0,0,FMN GV 18 Kasterlee
84,Oudemolsedijk,2021-11-13,00:00:00,1,1,0,FMN GV 18 Kasterlee
84,Oudemolsedijk,2021-11-13,01:00:00,0,0,0,FMN GV 18 Kasterlee
84,Oudemolsedijk,2021-11-13,02:00:00,0,0,0,FMN GV 18 Kasterlee
84,Oudemolsedijk,2021-11-13,03:00:00,4,1,3,FMN GV 18 Kasterlee
84,Oudemolsedijk,2021-11-13,04:00:00,0,0,0,FMN GV 18 Kasterlee
84,Oudemolsedijk,2021-11-13,05:00:00,0,0,0,FMN GV 18 Kasterlee
84,Oudemolsedijk,2021-11-13,06:00:00,1,0,1,FMN GV 18 Kasterlee
84,Oudemolsedijk,2021-11-13,07:00:00,1,0,1,FMN GV 18 Kasterlee
84,Oudemolsedijk,2021-11-13,08:00:00,4,0,4,FMN GV 18 Kasterlee
84,Oudemolsedijk,2021-11-13,09:00:00,3,2,1,FMN GV 18 Kasterlee
84,Oudemolsedijk,2021-11-13,10:00:00,4,1,3,FMN GV 18 Kasterlee
84,Oudemolsedijk,2021-11-13,11:00:00,5,1,4,FMN GV 18 Kasterlee
84,Oudemolsedijk,2021-11-13,12:00:00,10,3,7,FMN GV 18 Kasterlee
84,Oudemolsedijk,2021-11-13,13:00:00,15,8,7,FMN GV 18 Kasterlee
84,Oudemolsedijk,2021-11-13,14:00:00,23,12,11,FMN GV 18 Kasterlee
84,Oudemolsedijk,2021-11-13,15:00:00,12,10,2,FMN GV 18 Kasterlee
84,Oudemolsedijk,2021-11-13,16:00:00,8,3,5,FMN GV 18 Kasterlee
84,Oudemolsedijk,2021-11-13,17:00:00,3,2,1,FMN GV 18 Kasterlee
84,Oudemolsedijk,2021-11-13,18:00:00,3,2,1,FMN GV 18 Kasterlee
84,Oudemolsedijk,2021-11-13,19:00:00,2,2,0,FMN GV 18 Kasterlee
84,Oudemolsedijk,2021-11-13,20:00:00,1,1,0,FMN GV 18 Kasterlee
84,Oudemolsedijk,2021-11-13,21:00:00,0,0,0,FMN GV 18 Kasterlee
84,Oudemolsedijk,2021-11-13,22:00:00,2,1,1,FMN GV 18 Kasterlee
84,Oudemolsedijk,2021-11-13,23:00:00,0,0,0,FMN GV 18 Kasterlee
84,Oudemolsedijk,2021-11-14,00:00:00,0,0,0,FMN GV 18 Kasterlee
84,Oudemolsedijk,2021-11-14,01:00:00,0,0,0,FMN GV 18 Kasterlee
84,Oudemolsedijk,2021-11-14,02:00:00,0,0,0,FMN GV 18 Kasterlee
84,Oudemolsedijk,2021-11-14,03:00:00,3,0,3,FMN GV 18 Kasterlee
84,Oudemolsedijk,2021-11-14,04:00:00,1,0,1,FMN GV 18 Kasterlee
84,Oudemolsedijk,2021-11-14,05:00:00,0,0,0,FMN GV 18 Kasterlee
84,Oudemolsedijk,2021-11-14,06:00:00,1,0,1,FMN GV 18 Kasterlee
84,Oudemolsedijk,2021-11-14,07:00:00,1,1,0,FMN GV 18 Kasterlee
84,Oudemolsedijk,2021-11-14,08:00:00,13,6,7,FMN GV 18 Kasterlee
84,Oudemolsedijk,2021-11-14,09:00:00,46,25,21,FMN GV 18 Kasterlee
84,Oudemolsedijk,2021-11-14,10:00:00,79,39,40,FMN GV 18 Kasterlee
84,Oudemolsedijk,2021-11-14,11:00:00,54,32,22,FMN GV 18 Kasterlee
84,Oudemolsedijk,2021-11-14,12:00:00,35,20,15,FMN GV 18 Kasterlee
84,Oudemolsedijk,2021-11-14,13:00:00,28,10,18,FMN GV 18 Kasterlee
84,Oudemolsedijk,2021-11-14,14:00:00,47,17,30,FMN GV 18 Kasterlee
84,Oudemolsedijk,2021-11-14,15:00:00,10,7,3,FMN GV 18 Kasterlee
84,Oudemolsedijk,2021-11-14,16:00:00,15,5,10,FMN GV 18 Kasterlee
84,Oudemolsedijk,2021-11-14,17:00:00,2,2,0,FMN GV 18 Kasterlee
84,Oudemolsedijk,2021-11-14,18:00:00,2,0,2,FMN GV 18 Kasterlee
84,Oudemolsedijk,2021-11-14,19:00:00,2,1,1,FMN GV 18 Kasterlee
84,Oudemolsedijk,2021-11-14,20:00:00,1,1,0,FMN GV 18 Kasterlee
84,Oudemolsedijk,2021-11-14,21:00:00,0,0,0,FMN GV 18 Kasterlee
84,Oudemolsedijk,2021-11-14,22:00:00,1,0,1,FMN GV 18 Kasterlee
84,Oudemolsedijk,2021-11-14,23:00:00,1,0,1,FMN GV 18 Kasterlee
84,Oudemolsedijk,2021-11-15,00:00:00,1,1,0,FMN GV 18 Kasterlee
84,Oudemolsedijk,2021-11-15,01:00:00,0,0,0,FMN GV 18 Kasterlee
84,Oudemolsedijk,2021-11-15,02:00:00,0,0,0,FMN GV 18 Kasterlee
84,Oudemolsedijk,2021-11-15,03:00:00,1,0,1,FMN GV 18 Kasterlee
84,Oudemolsedijk,2021-11-15,04:00:00,0,0,0,FMN GV 18 Kasterlee
84,Oudemolsedijk,2021-11-15,05:00:00,4,4,0,FMN GV 18 Kasterlee
84,Oudemolsedijk,2021-11-15,06:00:00,12,5,7,FMN GV 18 Kasterlee
84,Oudemolsedijk,2021-11-15,07:00:00,16,9,7,FMN GV 18 Kasterlee
84,Oudemolsedijk,2021-11-15,08:00:00,17,11,6,FMN GV 18 Kasterlee
84,Oudemolsedijk,2021-11-15,09:00:00,8,3,5,FMN GV 18 Kasterlee
84,Oudemolsedijk,2021-11-15,10:00:00,18,15,3,FMN GV 18 Kasterlee
84,Oudemolsedijk,2021-11-15,11:00:00,10,6,4,FMN GV 18 Kasterlee
84,Oudemolsedijk,2021-11-15,12:00:00,16,10,6,FMN GV 18 Kasterlee
84,Oudemolsedijk,2021-11-15,13:00:00,37,17,20,FMN GV 18 Kasterlee
84,Oudemolsedijk,2021-11-15,14:00:00,20,8,12,FMN GV 18 Kasterlee
84,Oudemolsedijk,2021-11-15,15:00:00,18,7,11,FMN GV 18 Kasterlee
84,Oudemolsedijk,2021-11-15,16:00:00,26,14,12,FMN GV 18 Kasterlee
84,Oudemolsedijk,2021-11-15,17:00:00,14,6,8,FMN GV 18 Kasterlee
84,Oudemolsedijk,2021-11-15,18:00:00,5,2,3,FMN GV 18 Kasterlee
84,Oudemolsedijk,2021-11-15,19:00:00,0,0,0,FMN GV 18 Kasterlee
84,Oudemolsedijk,2021-11-15,20:00:00,1,1,0,FMN GV 18 Kasterlee
84,Oudemolsedijk,2021-11-15,21:00:00,1,1,0,FMN GV 18 Kasterlee
84,Oudemolsedijk,2021-11-15,22:00:00,4,1,3,FMN GV 18 Kasterlee
84,Oudemolsedijk,2021-11-15,23:00:00,1,0,1,FMN GV 18 Kasterlee
84,Oudemolsedijk,2021-11-16,00:00:00,0,0,0,FMN GV 18 Kasterlee
84,Oudemolsedijk,2021-11-16,01:00:00,0,0,0,FMN GV 18 Kasterlee
84,Oudemolsedijk,2021-11-16,02:00:00,0,0,0,FMN GV 18 Kasterlee
84,Oudemolsedijk,2021-11-16,03:00:00,0,0,0,FMN GV 18 Kasterlee
84,Oudemolsedijk,2021-11-16,04:00:00,0,0,0,FMN GV 18 Kasterlee
84,Oudemolsedijk,2021-11-16,05:00:00,3,3,0,FMN GV 18 Kasterlee
84,Oudemolsedijk,2021-11-16,06:00:00,13,4,9,FMN GV 18 Kasterlee
84,Oudemolsedijk,2021-11-16,07:00:00,20,9,11,FMN GV 18 Kasterlee
84,Oudemolsedijk,2021-11-16,08:00:00,16,12,4,FMN GV 18 Kasterlee
84,Oudemolsedijk,2021-11-16,09:00:00,16,4,12,FMN GV 18 Kasterlee
84,Oudemolsedijk,2021-11-16,10:00:00,12,7,5,FMN GV 18 Kasterlee
84,Oudemolsedijk,2021-11-16,11:00:00,18,17,1,FMN GV 18 Kasterlee
84,Oudemolsedijk,2021-11-16,12:00:00,15,8,7,FMN GV 18 Kasterlee
84,Oudemolsedijk,2021-11-16,13:00:00,47,20,27,FMN GV 18 Kasterlee
84,Oudemolsedijk,2021-11-16,14:00:00,21,4,17,FMN GV 18 Kasterlee
84,Oudemolsedijk,2021-11-16,15:00:00,29,17,12,FMN GV 18 Kasterlee
84,Oudemolsedijk,2021-11-16,16:00:00,33,16,17,FMN GV 18 Kasterlee
84,Oudemolsedijk,2021-11-16,17:00:00,11,7,4,FMN GV 18 Kasterlee
84,Oudemolsedijk,2021-11-16,18:00:00,4,2,2,FMN GV 18 Kasterlee
84,Oudemolsedijk,2021-11-16,19:00:00,1,0,1,FMN GV 18 Kasterlee
84,Oudemolsedijk,2021-11-16,20:00:00,2,1,1,FMN GV 18 Kasterlee
84,Oudemolsedijk,2021-11-16,21:00:00,3,2,1,FMN GV 18 Kasterlee
84,Oudemolsedijk,2021-11-16,22:00:00,5,1,4,FMN GV 18 Kasterlee
84,Oudemolsedijk,2021-11-16,23:00:00,1,1,0,FMN GV 18 Kasterlee
84,Oudemolsedijk,2021-11-17,00:00:00,0,0,0,FMN GV 18 Kasterlee
84,Oudemolsedijk,2021-11-17,01:00:00,0,0,0,FMN GV 18 Kasterlee
84,Oudemolsedijk,2021-11-17,02:00:00,0,0,0,FMN GV 18 Kasterlee
84,Oudemolsedijk,2021-11-17,03:00:00,0,0,0,FMN GV 18 Kasterlee
84,Oudemolsedijk,2021-11-17,04:00:00,0,0,0,FMN GV 18 Kasterlee
84,Oudemolsedijk,2021-11-17,05:00:00,4,3,1,FMN GV 18 Kasterlee
84,Oudemolsedijk,2021-11-17,06:00:00,12,5,7,FMN GV 18 Kasterlee
84,Oudemolsedijk,2021-11-17,07:00:00,10,6,4,FMN GV 18 Kasterlee
84,Oudemolsedijk,2021-11-17,08:00:00,12,9,3,FMN GV 18 Kasterlee
84,Oudemolsedijk,2021-11-17,09:00:00,6,3,3,FMN GV 18 Kasterlee
84,Oudemolsedijk,2021-11-17,10:00:00,10,9,1,FMN GV 18 Kasterlee
84,Oudemolsedijk,2021-11-17,11:00:00,12,5,7,FMN GV 18 Kasterlee
84,Oudemolsedijk,2021-11-17,12:00:00,19,5,14,FMN GV 18 Kasterlee
84,Oudemolsedijk,2021-11-17,13:00:00,22,15,7,FMN GV 18 Kasterlee
84,Oudemolsedijk,2021-11-17,14:00:00,25,10,15,FMN GV 18 Kasterlee
84,Oudemolsedijk,2021-11-17,15:00:00,33,12,21,FMN GV 18 Kasterlee
84,Oudemolsedijk,2021-11-17,16:00:00,25,13,12,FMN GV 18 Kasterlee
84,Oudemolsedijk,2021-11-17,17:00:00,7,4,3,FMN GV 18 Kasterlee
84,Oudemolsedijk,2021-11-17,18:00:00,4,2,2,FMN GV 18 Kasterlee
84,Oudemolsedijk,2021-11-17,19:00:00,3,1,2,FMN GV 18 Kasterlee
84,Oudemolsedijk,2021-11-17,20:00:00,10,5,5,FMN GV 18 Kasterlee
84,Oudemolsedijk,2021-11-17,21:00:00,2,0,2,FMN GV 18 Kasterlee
84,Oudemolsedijk,2021-11-17,22:00:00,3,1,2,FMN GV 18 Kasterlee
84,Oudemolsedijk,2021-11-17,23:00:00,1,1,0,FMN GV 18 Kasterlee
84,Oudemolsedijk,2021-11-18,00:00:00,0,0,0,FMN GV 18 Kasterlee
84,Oudemolsedijk,2021-11-18,01:00:00,0,0,0,FMN GV 18 Kasterlee
84,Oudemolsedijk,2021-11-18,02:00:00,0,0,0,FMN GV 18 Kasterlee
84,Oudemolsedijk,2021-11-18,03:00:00,0,0,0,FMN GV 18 Kasterlee
84,Oudemolsedijk,2021-11-18,04:00:00,0,0,0,FMN GV 18 Kasterlee
84,Oudemolsedijk,2021-11-18,05:00:00,4,4,0,FMN GV 18 Kasterlee
84,Oudemolsedijk,2021-11-18,06:00:00,16,8,8,FMN GV 18 Kasterlee
84,Oudemolsedijk,2021-11-18,07:00:00,14,7,7,FMN GV 18 Kasterlee
84,Oudemolsedijk,2021-11-18,08:00:00,14,6,8,FMN GV 18 Kasterlee
84,Oudemolsedijk,2021-11-18,09:00:00,8,2,6,FMN GV 18 Kasterlee
84,Oudemolsedijk,2021-11-18,10:00:00,10,7,3,FMN GV 18 Kasterlee
84,Oudemolsedijk,2021-11-18,11:00:00,12,7,5,FMN GV 18 Kasterlee
84,Oudemolsedijk,2021-11-18,12:00:00,31,12,19,FMN GV 18 Kasterlee
84,Oudemolsedijk,2021-11-18,13:00:00,70,42,28,FMN GV 18 Kasterlee
84,Oudemolsedijk,2021-11-18,14:00:00,47,23,24,FMN GV 18 Kasterlee
84,Oudemolsedijk,2021-11-18,15:00:00,34,24,10,FMN GV 18 Kasterlee
84,Oudemolsedijk,2021-11-18,16:00:00,33,18,15,FMN GV 18 Kasterlee
84,Oudemolsedijk,2021-11-18,17:00:00,18,11,7,FMN GV 18 Kasterlee
84,Oudemolsedijk,2021-11-18,18:00:00,3,2,1,FMN GV 18 Kasterlee
84,Oudemolsedijk,2021-11-18,19:00:00,3,3,0,FMN GV 18 Kasterlee
84,Oudemolsedijk,2021-11-18,20:00:00,2,0,2,FMN GV 18 Kasterlee
84,Oudemolsedijk,2021-11-18,21:00:00,1,0,1,FMN GV 18 Kasterlee
84,Oudemolsedijk,2021-11-18,22:00:00,7,2,5,FMN GV 18 Kasterlee
84,Oudemolsedijk,2021-11-18,23:00:00,0,0,0,FMN GV 18 Kasterlee
84,Oudemolsedijk,2021-11-19,00:00:00,0,0,0,FMN GV 18 Kasterlee
84,Oudemolsedijk,2021-11-19,01:00:00,0,0,0,FMN GV 18 Kasterlee
84,Oudemolsedijk,2021-11-19,02:00:00,0,0,0,FMN GV 18 Kasterlee
84,Oudemolsedijk,2021-11-19,03:00:00,0,0,0,FMN GV 18 Kasterlee
84,Oudemolsedijk,2021-11-19,04:00:00,0,0,0,FMN GV 18 Kasterlee
84,Oudemolsedijk,2021-11-19,05:00:00,1,1,0,FMN GV 18 Kasterlee
84,Oudemolsedijk,2021-11-19,06:00:00,11,4,7,FMN GV 18 Kasterlee
84,Oudemolsedijk,2021-11-19,07:00:00,16,8,8,FMN GV 18 Kasterlee
84,Oudemolsedijk,2021-11-19,08:00:00,8,5,3,FMN GV 18 Kasterlee
84,Oudemolsedijk,2021-11-19,09:00:00,2,2,0,FMN GV 18 Kasterlee
84,Oudemolsedijk,2021-11-19,10:00:00,8,5,3,FMN GV 18 Kasterlee
84,Oudemolsedijk,2021-11-19,11:00:00,14,7,7,FMN GV 18 Kasterlee
84,Oudemolsedijk,2021-11-19,12:00:00,15,6,9,FMN GV 18 Kasterlee
84,Oudemolsedijk,2021-11-19,13:00:00,18,10,8,FMN GV 18 Kasterlee
84,Oudemolsedijk,2021-11-19,14:00:00,20,13,7,FMN GV 18 Kasterlee
84,Oudemolsedijk,2021-11-19,15:00:00,23,10,13,FMN GV 18 Kasterlee
84,Oudemolsedijk,2021-11-19,16:00:00,36,18,18,FMN GV 18 Kasterlee
84,Oudemolsedijk,2021-11-19,17:00:00,9,5,4,FMN GV 18 Kasterlee
84,Oudemolsedijk,2021-11-19,18:00:00,10,4,6,FMN GV 18 Kasterlee
84,Oudemolsedijk,2021-11-19,19:00:00,0,0,0,FMN GV 18 Kasterlee
84,Oudemolsedijk,2021-11-19,20:00:00,1,0,1,FMN GV 18 Kasterlee
84,Oudemolsedijk,2021-11-19,21:00:00,1,0,1,FMN GV 18 Kasterlee
84,Oudemolsedijk,2021-11-19,22:00:00,3,3,0,FMN GV 18 Kasterlee
84,Oudemolsedijk,2021-11-19,23:00:00,0,0,0,FMN GV 18 Kasterlee
84,Oudemolsedijk,2021-11-20,00:00:00,2,1,1,FMN GV 18 Kasterlee
84,Oudemolsedijk,2021-11-20,01:00:00,0,0,0,FMN GV 18 Kasterlee
84,Oudemolsedijk,2021-11-20,02:00:00,0,0,0,FMN GV 18 Kasterlee
84,Oudemolsedijk,2021-11-20,03:00:00,0,0,0,FMN GV 18 Kasterlee
84,Oudemolsedijk,2021-11-20,04:00:00,0,0,0,FMN GV 18 Kasterlee
84,Oudemolsedijk,2021-11-20,05:00:00,0,0,0,FMN GV 18 Kasterlee
84,Oudemolsedijk,2021-11-20,06:00:00,1,1,0,FMN GV 18 Kasterlee
84,Oudemolsedijk,2021-11-20,07:00:00,3,1,2,FMN GV 18 Kasterlee
84,Oudemolsedijk,2021-11-20,08:00:00,1,0,1,FMN GV 18 Kasterlee
84,Oudemolsedijk,2021-11-20,09:00:00,13,2,11,FMN GV 18 Kasterlee
84,Oudemolsedijk,2021-11-20,10:00:00,22,8,14,FMN GV 18 Kasterlee
84,Oudemolsedijk,2021-11-20,11:00:00,20,14,6,FMN GV 18 Kasterlee
84,Oudemolsedijk,2021-11-20,12:00:00,27,8,19,FMN GV 18 Kasterlee
84,Oudemolsedijk,2021-11-20,13:00:00,37,24,13,FMN GV 18 Kasterlee
84,Oudemolsedijk,2021-11-20,14:00:00,68,36,32,FMN GV 18 Kasterlee
84,Oudemolsedijk,2021-11-20,15:00:00,44,35,9,FMN GV 18 Kasterlee
84,Oudemolsedijk,2021-11-20,16:00:00,19,13,6,FMN GV 18 Kasterlee
84,Oudemolsedijk,2021-11-20,17:00:00,6,3,3,FMN GV 18 Kasterlee
84,Oudemolsedijk,2021-11-20,18:00:00,4,2,2,FMN GV 18 Kasterlee
84,Oudemolsedijk,2021-11-20,19:00:00,8,7,1,FMN GV 18 Kasterlee
84,Oudemolsedijk,2021-11-20,20:00:00,4,1,3,FMN GV 18 Kasterlee
84,Oudemolsedijk,2021-11-20,21:00:00,0,0,0,FMN GV 18 Kasterlee
84,Oudemolsedijk,2021-11-20,22:00:00,0,0,0,FMN GV 18 Kasterlee
84,Oudemolsedijk,2021-11-20,23:00:00,1,0,1,FMN GV 18 Kasterlee
84,Oudemolsedijk,2021-11-21,00:00:00,2,0,2,FMN GV 18 Kasterlee
84,Oudemolsedijk,2021-11-21,01:00:00,0,0,0,FMN GV 18 Kasterlee
84,Oudemolsedijk,2021-11-21,02:00:00,1,0,1,FMN GV 18 Kasterlee
84,Oudemolsedijk,2021-11-21,03:00:00,0,0,0,FMN GV 18 Kasterlee
84,Oudemolsedijk,2021-11-21,04:00:00,1,1,0,FMN GV 18 Kasterlee
84,Oudemolsedijk,2021-11-21,05:00:00,0,0,0,FMN GV 18 Kasterlee
84,Oudemolsedijk,2021-11-21,06:00:00,1,1,0,FMN GV 18 Kasterlee
84,Oudemolsedijk,2021-11-21,07:00:00,0,0,0,FMN GV 18 Kasterlee
84,Oudemolsedijk,2021-11-21,08:00:00,7,4,3,FMN GV 18 Kasterlee
84,Oudemolsedijk,2021-11-21,09:00:00,12,2,10,FMN GV 18 Kasterlee
84,Oudemolsedijk,2021-11-21,10:00:00,13,8,5,FMN GV 18 Kasterlee
84,Oudemolsedijk,2021-11-21,11:00:00,25,21,4,FMN GV 18 Kasterlee
84,Oudemolsedijk,2021-11-21,12:00:00,10,4,6,FMN GV 18 Kasterlee
84,Oudemolsedijk,2021-11-21,13:00:00,18,1,17,FMN GV 18 Kasterlee
84,Oudemolsedijk,2021-11-21,14:00:00,33,17,16,FMN GV 18 Kasterlee
84,Oudemolsedijk,2021-11-21,15:00:00,29,18,11,FMN GV 18 Kasterlee
84,Oudemolsedijk,2021-11-21,16:00:00,19,13,6,FMN GV 18 Kasterlee
84,Oudemolsedijk,2021-11-21,17:00:00,3,2,1,FMN GV 18 Kasterlee
84,Oudemolsedijk,2021-11-21,18:00:00,4,0,4,FMN GV 18 Kasterlee
84,Oudemolsedijk,2021-11-21,19:00:00,0,0,0,FMN GV 18 Kasterlee
84,Oudemolsedijk,2021-11-21,20:00:00,0,0,0,FMN GV 18 Kasterlee
84,Oudemolsedijk,2021-11-21,21:00:00,2,2,0,FMN GV 18 Kasterlee
84,Oudemolsedijk,2021-11-21,22:00:00,0,0,0,FMN GV 18 Kasterlee
84,Oudemolsedijk,2021-11-21,23:00:00,1,1,0,FMN GV 18 Kasterlee
84,Oudemolsedijk,2021-11-22,00:00:00,0,0,0,FMN GV 18 Kasterlee
84,Oudemolsedijk,2021-11-22,01:00:00,0,0,0,FMN GV 18 Kasterlee
84,Oudemolsedijk,2021-11-22,02:00:00,0,0,0,FMN GV 18 Kasterlee
84,Oudemolsedijk,2021-11-22,03:00:00,0,0,0,FMN GV 18 Kasterlee
84,Oudemolsedijk,2021-11-22,04:00:00,1,1,0,FMN GV 18 Kasterlee
84,Oudemolsedijk,2021-11-22,05:00:00,3,3,0,FMN GV 18 Kasterlee
84,Oudemolsedijk,2021-11-22,06:00:00,12,6,6,FMN GV 18 Kasterlee
84,Oudemolsedijk,2021-11-22,07:00:00,18,10,8,FMN GV 18 Kasterlee
84,Oudemolsedijk,2021-11-22,08:00:00,10,8,2,FMN GV 18 Kasterlee
84,Oudemolsedijk,2021-11-22,09:00:00,4,1,3,FMN GV 18 Kasterlee
84,Oudemolsedijk,2021-11-22,10:00:00,8,3,5,FMN GV 18 Kasterlee
84,Oudemolsedijk,2021-11-22,11:00:00,4,4,0,FMN GV 18 Kasterlee
84,Oudemolsedijk,2021-11-22,12:00:00,19,11,8,FMN GV 18 Kasterlee
84,Oudemolsedijk,2021-11-22,13:00:00,22,10,12,FMN GV 18 Kasterlee
84,Oudemolsedijk,2021-11-22,14:00:00,45,9,36,FMN GV 18 Kasterlee
84,Oudemolsedijk,2021-11-22,15:00:00,21,8,13,FMN GV 18 Kasterlee
84,Oudemolsedijk,2021-11-22,16:00:00,32,15,17,FMN GV 18 Kasterlee
84,Oudemolsedijk,2021-11-22,17:00:00,17,6,11,FMN GV 18 Kasterlee
84,Oudemolsedijk,2021-11-22,18:00:00,2,1,1,FMN GV 18 Kasterlee
84,Oudemolsedijk,2021-11-22,19:00:00,0,0,0,FMN GV 18 Kasterlee
84,Oudemolsedijk,2021-11-22,20:00:00,1,0,1,FMN GV 18 Kasterlee
84,Oudemolsedijk,2021-11-22,21:00:00,0,0,0,FMN GV 18 Kasterlee
84,Oudemolsedijk,2021-11-22,22:00:00,1,0,1,FMN GV 18 Kasterlee
84,Oudemolsedijk,2021-11-22,23:00:00,0,0,0,FMN GV 18 Kasterlee
84,Oudemolsedijk,2021-11-23,00:00:00,0,0,0,FMN GV 18 Kasterlee
84,Oudemolsedijk,2021-11-23,01:00:00,0,0,0,FMN GV 18 Kasterlee
84,Oudemolsedijk,2021-11-23,02:00:00,0,0,0,FMN GV 18 Kasterlee
84,Oudemolsedijk,2021-11-23,03:00:00,0,0,0,FMN GV 18 Kasterlee
84,Oudemolsedijk,2021-11-23,04:00:00,3,2,1,FMN GV 18 Kasterlee
84,Oudemolsedijk,2021-11-23,05:00:00,4,4,0,FMN GV 18 Kasterlee
84,Oudemolsedijk,2021-11-23,06:00:00,14,5,9,FMN GV 18 Kasterlee
84,Oudemolsedijk,2021-11-23,07:00:00,14,6,8,FMN GV 18 Kasterlee
84,Oudemolsedijk,2021-11-23,08:00:00,10,7,3,FMN GV 18 Kasterlee
84,Oudemolsedijk,2021-11-23,09:00:00,12,3,9,FMN GV 18 Kasterlee
84,Oudemolsedijk,2021-11-23,10:00:00,5,2,3,FMN GV 18 Kasterlee
84,Oudemolsedijk,2021-11-23,11:00:00,3,1,2,FMN GV 18 Kasterlee
84,Oudemolsedijk,2021-11-23,12:00:00,10,6,4,FMN GV 18 Kasterlee
84,Oudemolsedijk,2021-11-23,13:00:00,31,20,11,FMN GV 18 Kasterlee
84,Oudemolsedijk,2021-11-23,14:00:00,52,36,16,FMN GV 18 Kasterlee
84,Oudemolsedijk,2021-11-23,15:00:00,28,14,14,FMN GV 18 Kasterlee
84,Oudemolsedijk,2021-11-23,16:00:00,24,13,11,FMN GV 18 Kasterlee
84,Oudemolsedijk,2021-11-23,17:00:00,12,7,5,FMN GV 18 Kasterlee
84,Oudemolsedijk,2021-11-23,18:00:00,10,2,8,FMN GV 18 Kasterlee
84,Oudemolsedijk,2021-11-23,19:00:00,4,0,4,FMN GV 18 Kasterlee
84,Oudemolsedijk,2021-11-23,20:00:00,6,4,2,FMN GV 18 Kasterlee
84,Oudemolsedijk,2021-11-23,21:00:00,0,0,0,FMN GV 18 Kasterlee
84,Oudemolsedijk,2021-11-23,22:00:00,3,1,2,FMN GV 18 Kasterlee
84,Oudemolsedijk,2021-11-23,23:00:00,0,0,0,FMN GV 18 Kasterlee
84,Oudemolsedijk,2021-11-24,00:00:00,0,0,0,FMN GV 18 Kasterlee
84,Oudemolsedijk,2021-11-24,01:00:00,0,0,0,FMN GV 18 Kasterlee
84,Oudemolsedijk,2021-11-24,02:00:00,0,0,0,FMN GV 18 Kasterlee
84,Oudemolsedijk,2021-11-24,03:00:00,0,0,0,FMN GV 18 Kasterlee
84,Oudemolsedijk,2021-11-24,04:00:00,1,1,0,FMN GV 18 Kasterlee
84,Oudemolsedijk,2021-11-24,05:00:00,3,3,0,FMN GV 18 Kasterlee
84,Oudemolsedijk,2021-11-24,06:00:00,12,5,7,FMN GV 18 Kasterlee
84,Oudemolsedijk,2021-11-24,07:00:00,11,4,7,FMN GV 18 Kasterlee
84,Oudemolsedijk,2021-11-24,08:00:00,8,4,4,FMN GV 18 Kasterlee
84,Oudemolsedijk,2021-11-24,09:00:00,4,4,0,FMN GV 18 Kasterlee
84,Oudemolsedijk,2021-11-24,10:00:00,7,6,1,FMN GV 18 Kasterlee
84,Oudemolsedijk,2021-11-24,11:00:00,8,5,3,FMN GV 18 Kasterlee
84,Oudemolsedijk,2021-11-24,12:00:00,15,8,7,FMN GV 18 Kasterlee
84,Oudemolsedijk,2021-11-24,13:00:00,23,7,16,FMN GV 18 Kasterlee
84,Oudemolsedijk,2021-11-24,14:00:00,25,9,16,FMN GV 18 Kasterlee
84,Oudemolsedijk,2021-11-24,15:00:00,39,23,16,FMN GV 18 Kasterlee
84,Oudemolsedijk,2021-11-24,16:00:00,20,10,10,FMN GV 18 Kasterlee
84,Oudemolsedijk,2021-11-24,17:00:00,6,5,1,FMN GV 18 Kasterlee
84,Oudemolsedijk,2021-11-24,18:00:00,1,0,1,FMN GV 18 Kasterlee
84,Oudemolsedijk,2021-11-24,19:00:00,0,0,0,FMN GV 18 Kasterlee
84,Oudemolsedijk,2021-11-24,20:00:00,5,0,5,FMN GV 18 Kasterlee
84,Oudemolsedijk,2021-11-24,21:00:00,0,0,0,FMN GV 18 Kasterlee
84,Oudemolsedijk,2021-11-24,22:00:00,1,0,1,FMN GV 18 Kasterlee
84,Oudemolsedijk,2021-11-24,23:00:00,0,0,0,FMN GV 18 Kasterlee
84,Oudemolsedijk,2021-11-25,00:00:00,0,0,0,FMN GV 18 Kasterlee
84,Oudemolsedijk,2021-11-25,01:00:00,0,0,0,FMN GV 18 Kasterlee
84,Oudemolsedijk,2021-11-25,02:00:00,0,0,0,FMN GV 18 Kasterlee
84,Oudemolsedijk,2021-11-25,03:00:00,0,0,0,FMN GV 18 Kasterlee
84,Oudemolsedijk,2021-11-25,04:00:00,2,1,1,FMN GV 18 Kasterlee
84,Oudemolsedijk,2021-11-25,05:00:00,3,3,0,FMN GV 18 Kasterlee
84,Oudemolsedijk,2021-11-25,06:00:00,10,3,7,FMN GV 18 Kasterlee
84,Oudemolsedijk,2021-11-25,07:00:00,15,3,12,FMN GV 18 Kasterlee
84,Oudemolsedijk,2021-11-25,08:00:00,6,2,4,FMN GV 18 Kasterlee
84,Oudemolsedijk,2021-11-25,09:00:00,5,2,3,FMN GV 18 Kasterlee
84,Oudemolsedijk,2021-11-25,10:00:00,7,6,1,FMN GV 18 Kasterlee
84,Oudemolsedijk,2021-11-25,11:00:00,10,7,3,FMN GV 18 Kasterlee
84,Oudemolsedijk,2021-11-25,12:00:00,7,5,2,FMN GV 18 Kasterlee
84,Oudemolsedijk,2021-11-25,13:00:00,16,3,13,FMN GV 18 Kasterlee
84,Oudemolsedijk,2021-11-25,14:00:00,26,9,17,FMN GV 18 Kasterlee
84,Oudemolsedijk,2021-11-25,15:00:00,15,8,7,FMN GV 18 Kasterlee
84,Oudemolsedijk,2021-11-25,16:00:00,10,6,4,FMN GV 18 Kasterlee
84,Oudemolsedijk,2021-11-25,17:00:00,16,10,6,FMN GV 18 Kasterlee
84,Oudemolsedijk,2021-11-25,18:00:00,3,2,1,FMN GV 18 Kasterlee
84,Oudemolsedijk,2021-11-25,19:00:00,0,0,0,FMN GV 18 Kasterlee
84,Oudemolsedijk,2021-11-25,20:00:00,1,1,0,FMN GV 18 Kasterlee
84,Oudemolsedijk,2021-11-25,21:00:00,0,0,0,FMN GV 18 Kasterlee
84,Oudemolsedijk,2021-11-25,22:00:00,0,0,0,FMN GV 18 Kasterlee
84,Oudemolsedijk,2021-11-25,23:00:00,0,0,0,FMN GV 18 Kasterlee
84,Oudemolsedijk,2021-11-26,00:00:00,0,0,0,FMN GV 18 Kasterlee
84,Oudemolsedijk,2021-11-26,01:00:00,0,0,0,FMN GV 18 Kasterlee
84,Oudemolsedijk,2021-11-26,02:00:00,0,0,0,FMN GV 18 Kasterlee
84,Oudemolsedijk,2021-11-26,03:00:00,0,0,0,FMN GV 18 Kasterlee
84,Oudemolsedijk,2021-11-26,04:00:00,1,1,0,FMN GV 18 Kasterlee
84,Oudemolsedijk,2021-11-26,05:00:00,3,3,0,FMN GV 18 Kasterlee
84,Oudemolsedijk,2021-11-26,06:00:00,5,1,4,FMN GV 18 Kasterlee
84,Oudemolsedijk,2021-11-26,07:00:00,6,4,2,FMN GV 18 Kasterlee
84,Oudemolsedijk,2021-11-26,08:00:00,0,0,0,FMN GV 18 Kasterlee
84,Oudemolsedijk,2021-11-26,09:00:00,4,2,2,FMN GV 18 Kasterlee
84,Oudemolsedijk,2021-11-26,10:00:00,16,10,6,FMN GV 18 Kasterlee
84,Oudemolsedijk,2021-11-26,11:00:00,4,2,2,FMN GV 18 Kasterlee
84,Oudemolsedijk,2021-11-26,12:00:00,5,2,3,FMN GV 18 Kasterlee
84,Oudemolsedijk,2021-11-26,13:00:00,8,2,6,FMN GV 18 Kasterlee
84,Oudemolsedijk,2021-11-26,14:00:00,3,0,3,FMN GV 18 Kasterlee
84,Oudemolsedijk,2021-11-26,15:00:00,4,1,3,FMN GV 18 Kasterlee
84,Oudemolsedijk,2021-11-26,16:00:00,8,5,3,FMN GV 18 Kasterlee
84,Oudemolsedijk,2021-11-26,17:00:00,4,2,2,FMN GV 18 Kasterlee
84,Oudemolsedijk,2021-11-26,18:00:00,0,0,0,FMN GV 18 Kasterlee
84,Oudemolsedijk,2021-11-26,19:00:00,0,0,0,FMN GV 18 Kasterlee
84,Oudemolsedijk,2021-11-26,20:00:00,3,3,0,FMN GV 18 Kasterlee
84,Oudemolsedijk,2021-11-26,21:00:00,2,2,0,FMN GV 18 Kasterlee
84,Oudemolsedijk,2021-11-26,22:00:00,1,0,1,FMN GV 18 Kasterlee
84,Oudemolsedijk,2021-11-26,23:00:00,0,0,0,FMN GV 18 Kasterlee
84,Oudemolsedijk,2021-11-27,00:00:00,0,0,0,FMN GV 18 Kasterlee
84,Oudemolsedijk,2021-11-27,01:00:00,0,0,0,FMN GV 18 Kasterlee
84,Oudemolsedijk,2021-11-27,02:00:00,0,0,0,FMN GV 18 Kasterlee
84,Oudemolsedijk,2021-11-27,03:00:00,0,0,0,FMN GV 18 Kasterlee
84,Oudemolsedijk,2021-11-27,04:00:00,1,0,1,FMN GV 18 Kasterlee
84,Oudemolsedijk,2021-11-27,05:00:00,0,0,0,FMN GV 18 Kasterlee
84,Oudemolsedijk,2021-11-27,06:00:00,0,0,0,FMN GV 18 Kasterlee
84,Oudemolsedijk,2021-11-27,07:00:00,0,0,0,FMN GV 18 Kasterlee
84,Oudemolsedijk,2021-11-27,08:00:00,3,0,3,FMN GV 18 Kasterlee
84,Oudemolsedijk,2021-11-27,09:00:00,7,4,3,FMN GV 18 Kasterlee
84,Oudemolsedijk,2021-11-27,10:00:00,12,2,10,FMN GV 18 Kasterlee
84,Oudemolsedijk,2021-11-27,11:00:00,17,10,7,FMN GV 18 Kasterlee
84,Oudemolsedijk,2021-11-27,12:00:00,18,10,8,FMN GV 18 Kasterlee
84,Oudemolsedijk,2021-11-27,13:00:00,16,11,5,FMN GV 18 Kasterlee
84,Oudemolsedijk,2021-11-27,14:00:00,42,22,20,FMN GV 18 Kasterlee
84,Oudemolsedijk,2021-11-27,15:00:00,20,11,9,FMN GV 18 Kasterlee
84,Oudemolsedijk,2021-11-27,16:00:00,12,8,4,FMN GV 18 Kasterlee
84,Oudemolsedijk,2021-11-27,17:00:00,1,0,1,FMN GV 18 Kasterlee
84,Oudemolsedijk,2021-11-27,18:00:00,2,1,1,FMN GV 18 Kasterlee
84,Oudemolsedijk,2021-11-27,19:00:00,0,0,0,FMN GV 18 Kasterlee
84,Oudemolsedijk,2021-11-27,20:00:00,0,0,0,FMN GV 18 Kasterlee
84,Oudemolsedijk,2021-11-27,21:00:00,0,0,0,FMN GV 18 Kasterlee
84,Oudemolsedijk,2021-11-27,22:00:00,1,0,1,FMN GV 18 Kasterlee
84,Oudemolsedijk,2021-11-27,23:00:00,0,0,0,FMN GV 18 Kasterlee
84,Oudemolsedijk,2021-11-28,00:00:00,0,0,0,FMN GV 18 Kasterlee
84,Oudemolsedijk,2021-11-28,01:00:00,0,0,0,FMN GV 18 Kasterlee
84,Oudemolsedijk,2021-11-28,02:00:00,0,0,0,FMN GV 18 Kasterlee
84,Oudemolsedijk,2021-11-28,03:00:00,0,0,0,FMN GV 18 Kasterlee
84,Oudemolsedijk,2021-11-28,04:00:00,0,0,0,FMN GV 18 Kasterlee
84,Oudemolsedijk,2021-11-28,05:00:00,1,1,0,FMN GV 18 Kasterlee
84,Oudemolsedijk,2021-11-28,06:00:00,0,0,0,FMN GV 18 Kasterlee
84,Oudemolsedijk,2021-11-28,07:00:00,0,0,0,FMN GV 18 Kasterlee
84,Oudemolsedijk,2021-11-28,08:00:00,9,5,4,FMN GV 18 Kasterlee
84,Oudemolsedijk,2021-11-28,09:00:00,26,17,9,FMN GV 18 Kasterlee
84,Oudemolsedijk,2021-11-28,10:00:00,50,28,22,FMN GV 18 Kasterlee
84,Oudemolsedijk,2021-11-28,11:00:00,56,31,25,FMN GV 18 Kasterlee
84,Oudemolsedijk,2021-11-28,12:00:00,23,15,8,FMN GV 18 Kasterlee
84,Oudemolsedijk,2021-11-28,13:00:00,9,4,5,FMN GV 18 Kasterlee
84,Oudemolsedijk,2021-11-28,14:00:00,11,4,7,FMN GV 18 Kasterlee
84,Oudemolsedijk,2021-11-28,15:00:00,4,3,1,FMN GV 18 Kasterlee
84,Oudemolsedijk,2021-11-28,16:00:00,4,0,4,FMN GV 18 Kasterlee
84,Oudemolsedijk,2021-11-28,17:00:00,2,0,2,FMN GV 18 Kasterlee
84,Oudemolsedijk,2021-11-28,18:00:00,0,0,0,FMN GV 18 Kasterlee
84,Oudemolsedijk,2021-11-28,19:00:00,0,0,0,FMN GV 18 Kasterlee
84,Oudemolsedijk,2021-11-28,20:00:00,0,0,0,FMN GV 18 Kasterlee
84,Oudemolsedijk,2021-11-28,21:00:00,0,0,0,FMN GV 18 Kasterlee
84,Oudemolsedijk,2021-11-28,22:00:00,1,1,0,FMN GV 18 Kasterlee
84,Oudemolsedijk,2021-11-28,23:00:00,0,0,0,FMN GV 18 Kasterlee
84,Oudemolsedijk,2021-11-29,00:00:00,0,0,0,FMN GV 18 Kasterlee
84,Oudemolsedijk,2021-11-29,01:00:00,0,0,0,FMN GV 18 Kasterlee
84,Oudemolsedijk,2021-11-29,02:00:00,0,0,0,FMN GV 18 Kasterlee
84,Oudemolsedijk,2021-11-29,03:00:00,0,0,0,FMN GV 18 Kasterlee
84,Oudemolsedijk,2021-11-29,04:00:00,2,2,0,FMN GV 18 Kasterlee
84,Oudemolsedijk,2021-11-29,05:00:00,2,2,0,FMN GV 18 Kasterlee
84,Oudemolsedijk,2021-11-29,06:00:00,11,6,5,FMN GV 18 Kasterlee
84,Oudemolsedijk,2021-11-29,07:00:00,10,7,3,FMN GV 18 Kasterlee
84,Oudemolsedijk,2021-11-29,08:00:00,5,3,2,FMN GV 18 Kasterlee
84,Oudemolsedijk,2021-11-29,09:00:00,1,1,0,FMN GV 18 Kasterlee
84,Oudemolsedijk,2021-11-29,10:00:00,5,3,2,FMN GV 18 Kasterlee
84,Oudemolsedijk,2021-11-29,11:00:00,5,3,2,FMN GV 18 Kasterlee
84,Oudemolsedijk,2021-11-29,12:00:00,10,5,5,FMN GV 18 Kasterlee
84,Oudemolsedijk,2021-11-29,13:00:00,5,2,3,FMN GV 18 Kasterlee
84,Oudemolsedijk,2021-11-29,14:00:00,15,4,11,FMN GV 18 Kasterlee
84,Oudemolsedijk,2021-11-29,15:00:00,8,4,4,FMN GV 18 Kasterlee
84,Oudemolsedijk,2021-11-29,16:00:00,20,9,11,FMN GV 18 Kasterlee
84,Oudemolsedijk,2021-11-29,17:00:00,10,2,8,FMN GV 18 Kasterlee
84,Oudemolsedijk,2021-11-29,18:00:00,2,1,1,FMN GV 18 Kasterlee
84,Oudemolsedijk,2021-11-29,19:00:00,2,0,2,FMN GV 18 Kasterlee
84,Oudemolsedijk,2021-11-29,20:00:00,0,0,0,FMN GV 18 Kasterlee
84,Oudemolsedijk,2021-11-29,21:00:00,1,0,1,FMN GV 18 Kasterlee
84,Oudemolsedijk,2021-11-29,22:00:00,2,1,1,FMN GV 18 Kasterlee
84,Oudemolsedijk,2021-11-29,23:00:00,1,1,0,FMN GV 18 Kasterlee
84,Oudemolsedijk,2021-11-30,00:00:00,0,0,0,FMN GV 18 Kasterlee
84,Oudemolsedijk,2021-11-30,01:00:00,0,0,0,FMN GV 18 Kasterlee
84,Oudemolsedijk,2021-11-30,02:00:00,0,0,0,FMN GV 18 Kasterlee
84,Oudemolsedijk,2021-11-30,03:00:00,0,0,0,FMN GV 18 Kasterlee
84,Oudemolsedijk,2021-11-30,04:00:00,0,0,0,FMN GV 18 Kasterlee
84,Oudemolsedijk,2021-11-30,05:00:00,1,1,0,FMN GV 18 Kasterlee
84,Oudemolsedijk,2021-11-30,06:00:00,3,1,2,FMN GV 18 Kasterlee
84,Oudemolsedijk,2021-11-30,07:00:00,10,8,2,FMN GV 18 Kasterlee
84,Oudemolsedijk,2021-11-30,08:00:00,3,1,2,FMN GV 18 Kasterlee
84,Oudemolsedijk,2021-11-30,09:00:00,2,1,1,FMN GV 18 Kasterlee
84,Oudemolsedijk,2021-11-30,10:00:00,0,0,0,FMN GV 18 Kasterlee
84,Oudemolsedijk,2021-11-30,11:00:00,1,0,1,FMN GV 18 Kasterlee
84,Oudemolsedijk,2021-11-30,12:00:00,7,4,3,FMN GV 18 Kasterlee
84,Oudemolsedijk,2021-11-30,13:00:00,2,1,1,FMN GV 18 Kasterlee
84,Oudemolsedijk,2021-11-30,14:00:00,2,2,0,FMN GV 18 Kasterlee
84,Oudemolsedijk,2021-11-30,15:00:00,2,1,1,FMN GV 18 Kasterlee
84,Oudemolsedijk,2021-11-30,16:00:00,10,3,7,FMN GV 18 Kasterlee
84,Oudemolsedijk,2021-11-30,17:00:00,5,3,2,FMN GV 18 Kasterlee
84,Oudemolsedijk,2021-11-30,18:00:00,0,0,0,FMN GV 18 Kasterlee
84,Oudemolsedijk,2021-11-30,19:00:00,0,0,0,FMN GV 18 Kasterlee
84,Oudemolsedijk,2021-11-30,20:00:00,0,0,0,FMN GV 18 Kasterlee
84,Oudemolsedijk,2021-11-30,21:00:00,2,1,1,FMN GV 18 Kasterlee
84,Oudemolsedijk,2021-11-30,22:00:00,2,0,2,FMN GV 18 Kasterlee
84,Oudemolsedijk,2021-11-30,23:00:00,0,0,0,FMN GV 18 Kasterlee
84,Oudemolsedijk,2021-12-01,00:00:00,0,0,0,FMN GV 18 Kasterlee
84,Oudemolsedijk,2021-12-01,01:00:00,0,0,0,FMN GV 18 Kasterlee
84,Oudemolsedijk,2021-12-01,02:00:00,0,0,0,FMN GV 18 Kasterlee
84,Oudemolsedijk,2021-12-01,03:00:00,0,0,0,FMN GV 18 Kasterlee
84,Oudemolsedijk,2021-12-01,04:00:00,3,2,1,FMN GV 18 Kasterlee
84,Oudemolsedijk,2021-12-01,05:00:00,0,0,0,FMN GV 18 Kasterlee
84,Oudemolsedijk,2021-12-01,06:00:00,1,0,1,FMN GV 18 Kasterlee
84,Oudemolsedijk,2021-12-01,07:00:00,6,4,2,FMN GV 18 Kasterlee
84,Oudemolsedijk,2021-12-01,08:00:00,1,1,0,FMN GV 18 Kasterlee
84,Oudemolsedijk,2021-12-01,09:00:00,1,0,1,FMN GV 18 Kasterlee
84,Oudemolsedijk,2021-12-01,10:00:00,2,1,1,FMN GV 18 Kasterlee
84,Oudemolsedijk,2021-12-01,11:00:00,1,0,1,FMN GV 18 Kasterlee
84,Oudemolsedijk,2021-12-01,12:00:00,7,3,4,FMN GV 18 Kasterlee
84,Oudemolsedijk,2021-12-01,13:00:00,9,6,3,FMN GV 18 Kasterlee
84,Oudemolsedijk,2021-12-01,14:00:00,10,8,2,FMN GV 18 Kasterlee
84,Oudemolsedijk,2021-12-01,15:00:00,9,4,5,FMN GV 18 Kasterlee
84,Oudemolsedijk,2021-12-01,16:00:00,12,6,6,FMN GV 18 Kasterlee
84,Oudemolsedijk,2021-12-01,17:00:00,3,1,2,FMN GV 18 Kasterlee
84,Oudemolsedijk,2021-12-01,18:00:00,1,0,1,FMN GV 18 Kasterlee
84,Oudemolsedijk,2021-12-01,19:00:00,0,0,0,FMN GV 18 Kasterlee
84,Oudemolsedijk,2021-12-01,20:00:00,1,1,0,FMN GV 18 Kasterlee
84,Oudemolsedijk,2021-12-01,21:00:00,1,0,1,FMN GV 18 Kasterlee
84,Oudemolsedijk,2021-12-01,22:00:00,1,0,1,FMN GV 18 Kasterlee
84,Oudemolsedijk,2021-12-01,23:00:00,0,0,0,FMN GV 18 Kasterlee
84,Oudemolsedijk,2021-12-02,00:00:00,0,0,0,FMN GV 18 Kasterlee
84,Oudemolsedijk,2021-12-02,01:00:00,0,0,0,FMN GV 18 Kasterlee
84,Oudemolsedijk,2021-12-02,02:00:00,0,0,0,FMN GV 18 Kasterlee
84,Oudemolsedijk,2021-12-02,03:00:00,0,0,0,FMN GV 18 Kasterlee
84,Oudemolsedijk,2021-12-02,04:00:00,0,0,0,FMN GV 18 Kasterlee
84,Oudemolsedijk,2021-12-02,05:00:00,1,1,0,FMN GV 18 Kasterlee
84,Oudemolsedijk,2021-12-02,06:00:00,5,1,4,FMN GV 18 Kasterlee
84,Oudemolsedijk,2021-12-02,07:00:00,6,4,2,FMN GV 18 Kasterlee
84,Oudemolsedijk,2021-12-02,08:00:00,4,1,3,FMN GV 18 Kasterlee
84,Oudemolsedijk,2021-12-02,09:00:00,0,0,0,FMN GV 18 Kasterlee
84,Oudemolsedijk,2021-12-02,10:00:00,2,0,2,FMN GV 18 Kasterlee
84,Oudemolsedijk,2021-12-02,11:00:00,1,1,0,FMN GV 18 Kasterlee
84,Oudemolsedijk,2021-12-02,12:00:00,11,4,7,FMN GV 18 Kasterlee
84,Oudemolsedijk,2021-12-02,13:00:00,5,4,1,FMN GV 18 Kasterlee
84,Oudemolsedijk,2021-12-02,14:00:00,9,2,7,FMN GV 18 Kasterlee
84,Oudemolsedijk,2021-12-02,15:00:00,11,2,9,FMN GV 18 Kasterlee
84,Oudemolsedijk,2021-12-02,16:00:00,13,7,6,FMN GV 18 Kasterlee
84,Oudemolsedijk,2021-12-02,17:00:00,6,2,4,FMN GV 18 Kasterlee
84,Oudemolsedijk,2021-12-02,18:00:00,6,1,5,FMN GV 18 Kasterlee
84,Oudemolsedijk,2021-12-02,19:00:00,0,0,0,FMN GV 18 Kasterlee
84,Oudemolsedijk,2021-12-02,20:00:00,1,1,0,FMN GV 18 Kasterlee
84,Oudemolsedijk,2021-12-02,21:00:00,1,0,1,FMN GV 18 Kasterlee
84,Oudemolsedijk,2021-12-02,22:00:00,3,1,2,FMN GV 18 Kasterlee
84,Oudemolsedijk,2021-12-02,23:00:00,2,2,0,FMN GV 18 Kasterlee
84,Oudemolsedijk,2021-12-03,00:00:00,0,0,0,FMN GV 18 Kasterlee
84,Oudemolsedijk,2021-12-03,01:00:00,0,0,0,FMN GV 18 Kasterlee
84,Oudemolsedijk,2021-12-03,02:00:00,0,0,0,FMN GV 18 Kasterlee
84,Oudemolsedijk,2021-12-03,03:00:00,0,0,0,FMN GV 18 Kasterlee
84,Oudemolsedijk,2021-12-03,04:00:00,0,0,0,FMN GV 18 Kasterlee
84,Oudemolsedijk,2021-12-03,05:00:00,1,1,0,FMN GV 18 Kasterlee
84,Oudemolsedijk,2021-12-03,06:00:00,4,0,4,FMN GV 18 Kasterlee
84,Oudemolsedijk,2021-12-03,07:00:00,12,6,6,FMN GV 18 Kasterlee
84,Oudemolsedijk,2021-12-03,08:00:00,4,0,4,FMN GV 18 Kasterlee
84,Oudemolsedijk,2021-12-03,09:00:00,6,6,0,FMN GV 18 Kasterlee
84,Oudemolsedijk,2021-12-03,10:00:00,9,5,4,FMN GV 18 Kasterlee
84,Oudemolsedijk,2021-12-03,11:00:00,3,2,1,FMN GV 18 Kasterlee
84,Oudemolsedijk,2021-12-03,12:00:00,4,3,1,FMN GV 18 Kasterlee
84,Oudemolsedijk,2021-12-03,13:00:00,12,10,2,FMN GV 18 Kasterlee
84,Oudemolsedijk,2021-12-03,14:00:00,7,3,4,FMN GV 18 Kasterlee
84,Oudemolsedijk,2021-12-03,15:00:00,9,5,4,FMN GV 18 Kasterlee
84,Oudemolsedijk,2021-12-03,16:00:00,7,5,2,FMN GV 18 Kasterlee
84,Oudemolsedijk,2021-12-03,17:00:00,6,4,2,FMN GV 18 Kasterlee
84,Oudemolsedijk,2021-12-03,18:00:00,5,0,5,FMN GV 18 Kasterlee
84,Oudemolsedijk,2021-12-03,19:00:00,1,0,1,FMN GV 18 Kasterlee
84,Oudemolsedijk,2021-12-03,20:00:00,1,0,1,FMN GV 18 Kasterlee
84,Oudemolsedijk,2021-12-03,21:00:00,0,0,0,FMN GV 18 Kasterlee
84,Oudemolsedijk,2021-12-03,22:00:00,0,0,0,FMN GV 18 Kasterlee
84,Oudemolsedijk,2021-12-03,23:00:00,3,1,2,FMN GV 18 Kasterlee
84,Oudemolsedijk,2021-12-04,00:00:00,0,0,0,FMN GV 18 Kasterlee
84,Oudemolsedijk,2021-12-04,01:00:00,0,0,0,FMN GV 18 Kasterlee
84,Oudemolsedijk,2021-12-04,02:00:00,0,0,0,FMN GV 18 Kasterlee
84,Oudemolsedijk,2021-12-04,03:00:00,0,0,0,FMN GV 18 Kasterlee
84,Oudemolsedijk,2021-12-04,04:00:00,0,0,0,FMN GV 18 Kasterlee
84,Oudemolsedijk,2021-12-04,05:00:00,0,0,0,FMN GV 18 Kasterlee
84,Oudemolsedijk,2021-12-04,06:00:00,0,0,0,FMN GV 18 Kasterlee
84,Oudemolsedijk,2021-12-04,07:00:00,0,0,0,FMN GV 18 Kasterlee
84,Oudemolsedijk,2021-12-04,08:00:00,5,2,3,FMN GV 18 Kasterlee
84,Oudemolsedijk,2021-12-04,09:00:00,22,4,18,FMN GV 18 Kasterlee
84,Oudemolsedijk,2021-12-04,10:00:00,18,9,9,FMN GV 18 Kasterlee
84,Oudemolsedijk,2021-12-04,11:00:00,20,9,11,FMN GV 18 Kasterlee
84,Oudemolsedijk,2021-12-04,12:00:00,16,9,7,FMN GV 18 Kasterlee
84,Oudemolsedijk,2021-12-04,13:00:00,5,4,1,FMN GV 18 Kasterlee
84,Oudemolsedijk,2021-12-04,14:00:00,3,3,0,FMN GV 18 Kasterlee
84,Oudemolsedijk,2021-12-04,15:00:00,1,0,1,FMN GV 18 Kasterlee
84,Oudemolsedijk,2021-12-04,16:00:00,5,4,1,FMN GV 18 Kasterlee
84,Oudemolsedijk,2021-12-04,17:00:00,3,2,1,FMN GV 18 Kasterlee
84,Oudemolsedijk,2021-12-04,18:00:00,5,1,4,FMN GV 18 Kasterlee
84,Oudemolsedijk,2021-12-04,19:00:00,1,1,0,FMN GV 18 Kasterlee
84,Oudemolsedijk,2021-12-04,20:00:00,0,0,0,FMN GV 18 Kasterlee
84,Oudemolsedijk,2021-12-04,21:00:00,0,0,0,FMN GV 18 Kasterlee
84,Oudemolsedijk,2021-12-04,22:00:00,3,2,1,FMN GV 18 Kasterlee
84,Oudemolsedijk,2021-12-04,23:00:00,0,0,0,FMN GV 18 Kasterlee
84,Oudemolsedijk,2021-12-05,00:00:00,0,0,0,FMN GV 18 Kasterlee
84,Oudemolsedijk,2021-12-05,01:00:00,2,2,0,FMN GV 18 Kasterlee
84,Oudemolsedijk,2021-12-05,02:00:00,0,0,0,FMN GV 18 Kasterlee
84,Oudemolsedijk,2021-12-05,03:00:00,0,0,0,FMN GV 18 Kasterlee
84,Oudemolsedijk,2021-12-05,04:00:00,1,1,0,FMN GV 18 Kasterlee
84,Oudemolsedijk,2021-12-05,05:00:00,0,0,0,FMN GV 18 Kasterlee
84,Oudemolsedijk,2021-12-05,06:00:00,0,0,0,FMN GV 18 Kasterlee
84,Oudemolsedijk,2021-12-05,07:00:00,2,1,1,FMN GV 18 Kasterlee
84,Oudemolsedijk,2021-12-05,08:00:00,7,3,4,FMN GV 18 Kasterlee
84,Oudemolsedijk,2021-12-05,09:00:00,19,14,5,FMN GV 18 Kasterlee
84,Oudemolsedijk,2021-12-05,10:00:00,45,13,32,FMN GV 18 Kasterlee
84,Oudemolsedijk,2021-12-05,11:00:00,36,12,24,FMN GV 18 Kasterlee
84,Oudemolsedijk,2021-12-05,12:00:00,21,15,6,FMN GV 18 Kasterlee
84,Oudemolsedijk,2021-12-05,13:00:00,14,7,7,FMN GV 18 Kasterlee
84,Oudemolsedijk,2021-12-05,14:00:00,16,10,6,FMN GV 18 Kasterlee
84,Oudemolsedijk,2021-12-05,15:00:00,17,11,6,FMN GV 18 Kasterlee
84,Oudemolsedijk,2021-12-05,16:00:00,5,4,1,FMN GV 18 Kasterlee
84,Oudemolsedijk,2021-12-05,17:00:00,5,3,2,FMN GV 18 Kasterlee
84,Oudemolsedijk,2021-12-05,18:00:00,1,0,1,FMN GV 18 Kasterlee
84,Oudemolsedijk,2021-12-05,19:00:00,0,0,0,FMN GV 18 Kasterlee
84,Oudemolsedijk,2021-12-05,20:00:00,0,0,0,FMN GV 18 Kasterlee
84,Oudemolsedijk,2021-12-05,21:00:00,0,0,0,FMN GV 18 Kasterlee
84,Oudemolsedijk,2021-12-05,22:00:00,0,0,0,FMN GV 18 Kasterlee
84,Oudemolsedijk,2021-12-05,23:00:00,0,0,0,FMN GV 18 Kasterlee
84,Oudemolsedijk,2021-12-06,00:00:00,0,0,0,FMN GV 18 Kasterlee
84,Oudemolsedijk,2021-12-06,01:00:00,0,0,0,FMN GV 18 Kasterlee
84,Oudemolsedijk,2021-12-06,02:00:00,0,0,0,FMN GV 18 Kasterlee
84,Oudemolsedijk,2021-12-06,03:00:00,0,0,0,FMN GV 18 Kasterlee
84,Oudemolsedijk,2021-12-06,04:00:00,1,1,0,FMN GV 18 Kasterlee
84,Oudemolsedijk,2021-12-06,05:00:00,3,3,0,FMN GV 18 Kasterlee
84,Oudemolsedijk,2021-12-06,06:00:00,9,3,6,FMN GV 18 Kasterlee
84,Oudemolsedijk,2021-12-06,07:00:00,14,7,7,FMN GV 18 Kasterlee
84,Oudemolsedijk,2021-12-06,08:00:00,8,2,6,FMN GV 18 Kasterlee
84,Oudemolsedijk,2021-12-06,09:00:00,3,2,1,FMN GV 18 Kasterlee
84,Oudemolsedijk,2021-12-06,10:00:00,7,3,4,FMN GV 18 Kasterlee
84,Oudemolsedijk,2021-12-06,11:00:00,5,2,3,FMN GV 18 Kasterlee
84,Oudemolsedijk,2021-12-06,12:00:00,15,8,7,FMN GV 18 Kasterlee
84,Oudemolsedijk,2021-12-06,13:00:00,20,7,13,FMN GV 18 Kasterlee
84,Oudemolsedijk,2021-12-06,14:00:00,29,19,10,FMN GV 18 Kasterlee
84,Oudemolsedijk,2021-12-06,15:00:00,20,12,8,FMN GV 18 Kasterlee
84,Oudemolsedijk,2021-12-06,16:00:00,15,8,7,FMN GV 18 Kasterlee
84,Oudemolsedijk,2021-12-06,17:00:00,10,8,2,FMN GV 18 Kasterlee
84,Oudemolsedijk,2021-12-06,18:00:00,1,0,1,FMN GV 18 Kasterlee
84,Oudemolsedijk,2021-12-06,19:00:00,0,0,0,FMN GV 18 Kasterlee
84,Oudemolsedijk,2021-12-06,20:00:00,0,0,0,FMN GV 18 Kasterlee
84,Oudemolsedijk,2021-12-06,21:00:00,1,1,0,FMN GV 18 Kasterlee
84,Oudemolsedijk,2021-12-06,22:00:00,2,1,1,FMN GV 18 Kasterlee
84,Oudemolsedijk,2021-12-06,23:00:00,0,0,0,FMN GV 18 Kasterlee
84,Oudemolsedijk,2021-12-07,00:00:00,0,0,0,FMN GV 18 Kasterlee
84,Oudemolsedijk,2021-12-07,01:00:00,0,0,0,FMN GV 18 Kasterlee
84,Oudemolsedijk,2021-12-07,02:00:00,0,0,0,FMN GV 18 Kasterlee
84,Oudemolsedijk,2021-12-07,03:00:00,0,0,0,FMN GV 18 Kasterlee
84,Oudemolsedijk,2021-12-07,04:00:00,1,1,0,FMN GV 18 Kasterlee
84,Oudemolsedijk,2021-12-07,05:00:00,3,3,0,FMN GV 18 Kasterlee
84,Oudemolsedijk,2021-12-07,06:00:00,14,5,9,FMN GV 18 Kasterlee
84,Oudemolsedijk,2021-12-07,07:00:00,11,5,6,FMN GV 18 Kasterlee
84,Oudemolsedijk,2021-12-07,08:00:00,14,9,5,FMN GV 18 Kasterlee
84,Oudemolsedijk,2021-12-07,09:00:00,3,2,1,FMN GV 18 Kasterlee
84,Oudemolsedijk,2021-12-07,10:00:00,12,9,3,FMN GV 18 Kasterlee
84,Oudemolsedijk,2021-12-07,11:00:00,14,12,2,FMN GV 18 Kasterlee
84,Oudemolsedijk,2021-12-07,12:00:00,15,8,7,FMN GV 18 Kasterlee
84,Oudemolsedijk,2021-12-07,13:00:00,58,24,34,FMN GV 18 Kasterlee
84,Oudemolsedijk,2021-12-07,14:00:00,55,31,24,FMN GV 18 Kasterlee
84,Oudemolsedijk,2021-12-07,15:00:00,41,20,21,FMN GV 18 Kasterlee
84,Oudemolsedijk,2021-12-07,16:00:00,38,22,16,FMN GV 18 Kasterlee
84,Oudemolsedijk,2021-12-07,17:00:00,11,5,6,FMN GV 18 Kasterlee
84,Oudemolsedijk,2021-12-07,18:00:00,1,1,0,FMN GV 18 Kasterlee
84,Oudemolsedijk,2021-12-07,19:00:00,4,1,3,FMN GV 18 Kasterlee
84,Oudemolsedijk,2021-12-07,20:00:00,1,1,0,FMN GV 18 Kasterlee
84,Oudemolsedijk,2021-12-07,21:00:00,1,0,1,FMN GV 18 Kasterlee
84,Oudemolsedijk,2021-12-07,22:00:00,2,1,1,FMN GV 18 Kasterlee
84,Oudemolsedijk,2021-12-07,23:00:00,0,0,0,FMN GV 18 Kasterlee
84,Oudemolsedijk,2021-12-08,00:00:00,0,0,0,FMN GV 18 Kasterlee
84,Oudemolsedijk,2021-12-08,01:00:00,0,0,0,FMN GV 18 Kasterlee
84,Oudemolsedijk,2021-12-08,02:00:00,0,0,0,FMN GV 18 Kasterlee
84,Oudemolsedijk,2021-12-08,03:00:00,0,0,0,FMN GV 18 Kasterlee
84,Oudemolsedijk,2021-12-08,04:00:00,2,2,0,FMN GV 18 Kasterlee
84,Oudemolsedijk,2021-12-08,05:00:00,4,4,0,FMN GV 18 Kasterlee
84,Oudemolsedijk,2021-12-08,06:00:00,11,4,7,FMN GV 18 Kasterlee
84,Oudemolsedijk,2021-12-08,07:00:00,5,1,4,FMN GV 18 Kasterlee
84,Oudemolsedijk,2021-12-08,08:00:00,10,7,3,FMN GV 18 Kasterlee
84,Oudemolsedijk,2021-12-08,09:00:00,6,3,3,FMN GV 18 Kasterlee
84,Oudemolsedijk,2021-12-08,10:00:00,10,7,3,FMN GV 18 Kasterlee
84,Oudemolsedijk,2021-12-08,11:00:00,11,7,4,FMN GV 18 Kasterlee
84,Oudemolsedijk,2021-12-08,12:00:00,20,9,11,FMN GV 18 Kasterlee
84,Oudemolsedijk,2021-12-08,13:00:00,31,20,11,FMN GV 18 Kasterlee
84,Oudemolsedijk,2021-12-08,14:00:00,26,10,16,FMN GV 18 Kasterlee
84,Oudemolsedijk,2021-12-08,15:00:00,20,8,12,FMN GV 18 Kasterlee
84,Oudemolsedijk,2021-12-08,16:00:00,24,17,7,FMN GV 18 Kasterlee
84,Oudemolsedijk,2021-12-08,17:00:00,6,4,2,FMN GV 18 Kasterlee
84,Oudemolsedijk,2021-12-08,18:00:00,5,1,4,FMN GV 18 Kasterlee
84,Oudemolsedijk,2021-12-08,19:00:00,3,0,3,FMN GV 18 Kasterlee
84,Oudemolsedijk,2021-12-08,20:00:00,14,7,7,FMN GV 18 Kasterlee
84,Oudemolsedijk,2021-12-08,21:00:00,0,0,0,FMN GV 18 Kasterlee
84,Oudemolsedijk,2021-12-08,22:00:00,0,0,0,FMN GV 18 Kasterlee
84,Oudemolsedijk,2021-12-08,23:00:00,2,1,1,FMN GV 18 Kasterlee
84,Oudemolsedijk,2021-12-09,00:00:00,0,0,0,FMN GV 18 Kasterlee
84,Oudemolsedijk,2021-12-09,01:00:00,0,0,0,FMN GV 18 Kasterlee
84,Oudemolsedijk,2021-12-09,02:00:00,0,0,0,FMN GV 18 Kasterlee
84,Oudemolsedijk,2021-12-09,03:00:00,0,0,0,FMN GV 18 Kasterlee
84,Oudemolsedijk,2021-12-09,04:00:00,1,1,0,FMN GV 18 Kasterlee
84,Oudemolsedijk,2021-12-09,05:00:00,3,3,0,FMN GV 18 Kasterlee
84,Oudemolsedijk,2021-12-09,06:00:00,9,4,5,FMN GV 18 Kasterlee
84,Oudemolsedijk,2021-12-09,07:00:00,9,6,3,FMN GV 18 Kasterlee
84,Oudemolsedijk,2021-12-09,08:00:00,7,6,1,FMN GV 18 Kasterlee
84,Oudemolsedijk,2021-12-09,09:00:00,5,1,4,FMN GV 18 Kasterlee
84,Oudemolsedijk,2021-12-09,10:00:00,3,3,0,FMN GV 18 Kasterlee
84,Oudemolsedijk,2021-12-09,11:00:00,4,2,2,FMN GV 18 Kasterlee
84,Oudemolsedijk,2021-12-09,12:00:00,10,5,5,FMN GV 18 Kasterlee
84,Oudemolsedijk,2021-12-09,13:00:00,15,7,8,FMN GV 18 Kasterlee
84,Oudemolsedijk,2021-12-09,14:00:00,18,5,13,FMN GV 18 Kasterlee
84,Oudemolsedijk,2021-12-09,15:00:00,20,12,8,FMN GV 18 Kasterlee
84,Oudemolsedijk,2021-12-09,16:00:00,16,5,11,FMN GV 18 Kasterlee
84,Oudemolsedijk,2021-12-09,17:00:00,9,5,4,FMN GV 18 Kasterlee
84,Oudemolsedijk,2021-12-09,18:00:00,1,1,0,FMN GV 18 Kasterlee
84,Oudemolsedijk,2021-12-09,19:00:00,1,0,1,FMN GV 18 Kasterlee
84,Oudemolsedijk,2021-12-09,20:00:00,1,0,1,FMN GV 18 Kasterlee
84,Oudemolsedijk,2021-12-09,21:00:00,0,0,0,FMN GV 18 Kasterlee
84,Oudemolsedijk,2021-12-09,22:00:00,1,1,0,FMN GV 18 Kasterlee
84,Oudemolsedijk,2021-12-09,23:00:00,0,0,0,FMN GV 18 Kasterlee
84,Oudemolsedijk,2021-12-10,00:00:00,0,0,0,FMN GV 18 Kasterlee
84,Oudemolsedijk,2021-12-10,01:00:00,0,0,0,FMN GV 18 Kasterlee
84,Oudemolsedijk,2021-12-10,02:00:00,0,0,0,FMN GV 18 Kasterlee
84,Oudemolsedijk,2021-12-10,03:00:00,0,0,0,FMN GV 18 Kasterlee
84,Oudemolsedijk,2021-12-10,04:00:00,1,1,0,FMN GV 18 Kasterlee
84,Oudemolsedijk,2021-12-10,05:00:00,1,1,0,FMN GV 18 Kasterlee
84,Oudemolsedijk,2021-12-10,06:00:00,5,1,4,FMN GV 18 Kasterlee
84,Oudemolsedijk,2021-12-10,07:00:00,3,3,0,FMN GV 18 Kasterlee
84,Oudemolsedijk,2021-12-10,08:00:00,5,3,2,FMN GV 18 Kasterlee
84,Oudemolsedijk,2021-12-10,09:00:00,1,1,0,FMN GV 18 Kasterlee
84,Oudemolsedijk,2021-12-10,10:00:00,0,0,0,FMN GV 18 Kasterlee
84,Oudemolsedijk,2021-12-10,11:00:00,2,1,1,FMN GV 18 Kasterlee
84,Oudemolsedijk,2021-12-10,12:00:00,5,1,4,FMN GV 18 Kasterlee
84,Oudemolsedijk,2021-12-10,13:00:00,4,2,2,FMN GV 18 Kasterlee
84,Oudemolsedijk,2021-12-10,14:00:00,1,0,1,FMN GV 18 Kasterlee
84,Oudemolsedijk,2021-12-10,15:00:00,1,1,0,FMN GV 18 Kasterlee
84,Oudemolsedijk,2021-12-10,16:00:00,4,1,3,FMN GV 18 Kasterlee
84,Oudemolsedijk,2021-12-10,17:00:00,4,0,4,FMN GV 18 Kasterlee
84,Oudemolsedijk,2021-12-10,18:00:00,2,1,1,FMN GV 18 Kasterlee
84,Oudemolsedijk,2021-12-10,19:00:00,0,0,0,FMN GV 18 Kasterlee
84,Oudemolsedijk,2021-12-10,20:00:00,1,1,0,FMN GV 18 Kasterlee
84,Oudemolsedijk,2021-12-10,21:00:00,0,0,0,FMN GV 18 Kasterlee
84,Oudemolsedijk,2021-12-10,22:00:00,3,0,3,FMN GV 18 Kasterlee
84,Oudemolsedijk,2021-12-10,23:00:00,0,0,0,FMN GV 18 Kasterlee
84,Oudemolsedijk,2021-12-11,00:00:00,2,2,0,FMN GV 18 Kasterlee
84,Oudemolsedijk,2021-12-11,01:00:00,0,0,0,FMN GV 18 Kasterlee
84,Oudemolsedijk,2021-12-11,02:00:00,2,0,2,FMN GV 18 Kasterlee
84,Oudemolsedijk,2021-12-11,03:00:00,0,0,0,FMN GV 18 Kasterlee
84,Oudemolsedijk,2021-12-11,04:00:00,0,0,0,FMN GV 18 Kasterlee
84,Oudemolsedijk,2021-12-11,05:00:00,0,0,0,FMN GV 18 Kasterlee
84,Oudemolsedijk,2021-12-11,06:00:00,0,0,0,FMN GV 18 Kasterlee
84,Oudemolsedijk,2021-12-11,07:00:00,0,0,0,FMN GV 18 Kasterlee
84,Oudemolsedijk,2021-12-11,08:00:00,3,1,2,FMN GV 18 Kasterlee
84,Oudemolsedijk,2021-12-11,09:00:00,13,6,7,FMN GV 18 Kasterlee
84,Oudemolsedijk,2021-12-11,10:00:00,22,13,9,FMN GV 18 Kasterlee
84,Oudemolsedijk,2021-12-11,11:00:00,31,19,12,FMN GV 18 Kasterlee
84,Oudemolsedijk,2021-12-11,12:00:00,16,7,9,FMN GV 18 Kasterlee
84,Oudemolsedijk,2021-12-11,13:00:00,25,11,14,FMN GV 18 Kasterlee
84,Oudemolsedijk,2021-12-11,14:00:00,39,19,20,FMN GV 18 Kasterlee
84,Oudemolsedijk,2021-12-11,15:00:00,37,21,16,FMN GV 18 Kasterlee
84,Oudemolsedijk,2021-12-11,16:00:00,19,12,7,FMN GV 18 Kasterlee
84,Oudemolsedijk,2021-12-11,17:00:00,6,2,4,FMN GV 18 Kasterlee
84,Oudemolsedijk,2021-12-11,18:00:00,18,10,8,FMN GV 18 Kasterlee
84,Oudemolsedijk,2021-12-11,19:00:00,4,3,1,FMN GV 18 Kasterlee
84,Oudemolsedijk,2021-12-11,20:00:00,0,0,0,FMN GV 18 Kasterlee
84,Oudemolsedijk,2021-12-11,21:00:00,0,0,0,FMN GV 18 Kasterlee
84,Oudemolsedijk,2021-12-11,22:00:00,0,0,0,FMN GV 18 Kasterlee
84,Oudemolsedijk,2021-12-11,23:00:00,0,0,0,FMN GV 18 Kasterlee
84,Oudemolsedijk,2021-12-12,00:00:00,0,0,0,FMN GV 18 Kasterlee
84,Oudemolsedijk,2021-12-12,01:00:00,0,0,0,FMN GV 18 Kasterlee
84,Oudemolsedijk,2021-12-12,02:00:00,0,0,0,FMN GV 18 Kasterlee
84,Oudemolsedijk,2021-12-12,03:00:00,0,0,0,FMN GV 18 Kasterlee
84,Oudemolsedijk,2021-12-12,04:00:00,0,0,0,FMN GV 18 Kasterlee
84,Oudemolsedijk,2021-12-12,05:00:00,0,0,0,FMN GV 18 Kasterlee
84,Oudemolsedijk,2021-12-12,06:00:00,0,0,0,FMN GV 18 Kasterlee
84,Oudemolsedijk,2021-12-12,07:00:00,1,0,1,FMN GV 18 Kasterlee
84,Oudemolsedijk,2021-12-12,08:00:00,6,2,4,FMN GV 18 Kasterlee
84,Oudemolsedijk,2021-12-12,09:00:00,12,8,4,FMN GV 18 Kasterlee
84,Oudemolsedijk,2021-12-12,10:00:00,46,31,15,FMN GV 18 Kasterlee
84,Oudemolsedijk,2021-12-12,11:00:00,31,20,11,FMN GV 18 Kasterlee
84,Oudemolsedijk,2021-12-12,12:00:00,16,8,8,FMN GV 18 Kasterlee
84,Oudemolsedijk,2021-12-12,13:00:00,6,3,3,FMN GV 18 Kasterlee
84,Oudemolsedijk,2021-12-12,14:00:00,4,1,3,FMN GV 18 Kasterlee
84,Oudemolsedijk,2021-12-12,15:00:00,6,2,4,FMN GV 18 Kasterlee
84,Oudemolsedijk,2021-12-12,16:00:00,4,3,1,FMN GV 18 Kasterlee
84,Oudemolsedijk,2021-12-12,17:00:00,4,3,1,FMN GV 18 Kasterlee
84,Oudemolsedijk,2021-12-12,18:00:00,0,0,0,FMN GV 18 Kasterlee
84,Oudemolsedijk,2021-12-12,19:00:00,0,0,0,FMN GV 18 Kasterlee
84,Oudemolsedijk,2021-12-12,20:00:00,0,0,0,FMN GV 18 Kasterlee
84,Oudemolsedijk,2021-12-12,21:00:00,1,1,0,FMN GV 18 Kasterlee
84,Oudemolsedijk,2021-12-12,22:00:00,0,0,0,FMN GV 18 Kasterlee
84,Oudemolsedijk,2021-12-12,23:00:00,0,0,0,FMN GV 18 Kasterlee
84,Oudemolsedijk,2021-12-13,00:00:00,0,0,0,FMN GV 18 Kasterlee
84,Oudemolsedijk,2021-12-13,01:00:00,0,0,0,FMN GV 18 Kasterlee
84,Oudemolsedijk,2021-12-13,02:00:00,0,0,0,FMN GV 18 Kasterlee
84,Oudemolsedijk,2021-12-13,03:00:00,0,0,0,FMN GV 18 Kasterlee
84,Oudemolsedijk,2021-12-13,04:00:00,0,0,0,FMN GV 18 Kasterlee
84,Oudemolsedijk,2021-12-13,05:00:00,2,2,0,FMN GV 18 Kasterlee
84,Oudemolsedijk,2021-12-13,06:00:00,17,7,10,FMN GV 18 Kasterlee
84,Oudemolsedijk,2021-12-13,07:00:00,9,3,6,FMN GV 18 Kasterlee
84,Oudemolsedijk,2021-12-13,08:00:00,13,8,5,FMN GV 18 Kasterlee
84,Oudemolsedijk,2021-12-13,09:00:00,4,2,2,FMN GV 18 Kasterlee
84,Oudemolsedijk,2021-12-13,10:00:00,11,7,4,FMN GV 18 Kasterlee
84,Oudemolsedijk,2021-12-13,11:00:00,4,2,2,FMN GV 18 Kasterlee
84,Oudemolsedijk,2021-12-13,12:00:00,15,9,6,FMN GV 18 Kasterlee
84,Oudemolsedijk,2021-12-13,13:00:00,27,13,14,FMN GV 18 Kasterlee
84,Oudemolsedijk,2021-12-13,14:00:00,24,16,8,FMN GV 18 Kasterlee
84,Oudemolsedijk,2021-12-13,15:00:00,31,13,18,FMN GV 18 Kasterlee
84,Oudemolsedijk,2021-12-13,16:00:00,29,13,16,FMN GV 18 Kasterlee
84,Oudemolsedijk,2021-12-13,17:00:00,11,6,5,FMN GV 18 Kasterlee
84,Oudemolsedijk,2021-12-13,18:00:00,4,1,3,FMN GV 18 Kasterlee
84,Oudemolsedijk,2021-12-13,19:00:00,1,0,1,FMN GV 18 Kasterlee
84,Oudemolsedijk,2021-12-13,20:00:00,4,2,2,FMN GV 18 Kasterlee
84,Oudemolsedijk,2021-12-13,21:00:00,1,1,0,FMN GV 18 Kasterlee
84,Oudemolsedijk,2021-12-13,22:00:00,1,0,1,FMN GV 18 Kasterlee
84,Oudemolsedijk,2021-12-13,23:00:00,0,0,0,FMN GV 18 Kasterlee
84,Oudemolsedijk,2021-12-14,00:00:00,0,0,0,FMN GV 18 Kasterlee
84,Oudemolsedijk,2021-12-14,01:00:00,0,0,0,FMN GV 18 Kasterlee
84,Oudemolsedijk,2021-12-14,02:00:00,0,0,0,FMN GV 18 Kasterlee
84,Oudemolsedijk,2021-12-14,03:00:00,0,0,0,FMN GV 18 Kasterlee
84,Oudemolsedijk,2021-12-14,04:00:00,0,0,0,FMN GV 18 Kasterlee
84,Oudemolsedijk,2021-12-14,05:00:00,2,2,0,FMN GV 18 Kasterlee
84,Oudemolsedijk,2021-12-14,06:00:00,14,6,8,FMN GV 18 Kasterlee
84,Oudemolsedijk,2021-12-14,07:00:00,12,7,5,FMN GV 18 Kasterlee
84,Oudemolsedijk,2021-12-14,08:00:00,14,11,3,FMN GV 18 Kasterlee
84,Oudemolsedijk,2021-12-14,09:00:00,6,3,3,FMN GV 18 Kasterlee
84,Oudemolsedijk,2021-12-14,10:00:00,11,5,6,FMN GV 18 Kasterlee
84,Oudemolsedijk,2021-12-14,11:00:00,11,5,6,FMN GV 18 Kasterlee
84,Oudemolsedijk,2021-12-14,12:00:00,26,6,20,FMN GV 18 Kasterlee
84,Oudemolsedijk,2021-12-14,13:00:00,39,7,32,FMN GV 18 Kasterlee
84,Oudemolsedijk,2021-12-14,14:00:00,23,13,10,FMN GV 18 Kasterlee
84,Oudemolsedijk,2021-12-14,15:00:00,32,24,8,FMN GV 18 Kasterlee
84,Oudemolsedijk,2021-12-14,16:00:00,30,12,18,FMN GV 18 Kasterlee
84,Oudemolsedijk,2021-12-14,17:00:00,9,4,5,FMN GV 18 Kasterlee
84,Oudemolsedijk,2021-12-14,18:00:00,4,2,2,FMN GV 18 Kasterlee
84,Oudemolsedijk,2021-12-14,19:00:00,1,1,0,FMN GV 18 Kasterlee
84,Oudemolsedijk,2021-12-14,20:00:00,1,0,1,FMN GV 18 Kasterlee
84,Oudemolsedijk,2021-12-14,21:00:00,1,1,0,FMN GV 18 Kasterlee
84,Oudemolsedijk,2021-12-14,22:00:00,5,2,3,FMN GV 18 Kasterlee
84,Oudemolsedijk,2021-12-14,23:00:00,1,0,1,FMN GV 18 Kasterlee
84,Oudemolsedijk,2021-12-15,00:00:00,0,0,0,FMN GV 18 Kasterlee
84,Oudemolsedijk,2021-12-15,01:00:00,0,0,0,FMN GV 18 Kasterlee
84,Oudemolsedijk,2021-12-15,02:00:00,0,0,0,FMN GV 18 Kasterlee
84,Oudemolsedijk,2021-12-15,03:00:00,0,0,0,FMN GV 18 Kasterlee
84,Oudemolsedijk,2021-12-15,04:00:00,0,0,0,FMN GV 18 Kasterlee
84,Oudemolsedijk,2021-12-15,05:00:00,1,1,0,FMN GV 18 Kasterlee
84,Oudemolsedijk,2021-12-15,06:00:00,14,8,6,FMN GV 18 Kasterlee
84,Oudemolsedijk,2021-12-15,07:00:00,14,10,4,FMN GV 18 Kasterlee
84,Oudemolsedijk,2021-12-15,08:00:00,10,10,0,FMN GV 18 Kasterlee
84,Oudemolsedijk,2021-12-15,09:00:00,16,6,10,FMN GV 18 Kasterlee
84,Oudemolsedijk,2021-12-15,10:00:00,13,5,8,FMN GV 18 Kasterlee
84,Oudemolsedijk,2021-12-15,11:00:00,10,4,6,FMN GV 18 Kasterlee
84,Oudemolsedijk,2021-12-15,12:00:00,28,9,19,FMN GV 18 Kasterlee
84,Oudemolsedijk,2021-12-15,13:00:00,29,12,17,FMN GV 18 Kasterlee
84,Oudemolsedijk,2021-12-15,14:00:00,45,33,12,FMN GV 18 Kasterlee
84,Oudemolsedijk,2021-12-15,15:00:00,30,13,17,FMN GV 18 Kasterlee
84,Oudemolsedijk,2021-12-15,16:00:00,19,15,4,FMN GV 18 Kasterlee
84,Oudemolsedijk,2021-12-15,17:00:00,8,3,5,FMN GV 18 Kasterlee
84,Oudemolsedijk,2021-12-15,18:00:00,7,4,3,FMN GV 18 Kasterlee
84,Oudemolsedijk,2021-12-15,19:00:00,4,3,1,FMN GV 18 Kasterlee
84,Oudemolsedijk,2021-12-15,20:00:00,13,4,9,FMN GV 18 Kasterlee
84,Oudemolsedijk,2021-12-15,21:00:00,1,0,1,FMN GV 18 Kasterlee
84,Oudemolsedijk,2021-12-15,22:00:00,2,0,2,FMN GV 18 Kasterlee
84,Oudemolsedijk,2021-12-15,23:00:00,0,0,0,FMN GV 18 Kasterlee
84,Oudemolsedijk,2021-12-16,00:00:00,0,0,0,FMN GV 18 Kasterlee
84,Oudemolsedijk,2021-12-16,01:00:00,0,0,0,FMN GV 18 Kasterlee
84,Oudemolsedijk,2021-12-16,02:00:00,0,0,0,FMN GV 18 Kasterlee
84,Oudemolsedijk,2021-12-16,03:00:00,0,0,0,FMN GV 18 Kasterlee
84,Oudemolsedijk,2021-12-16,04:00:00,1,1,0,FMN GV 18 Kasterlee
84,Oudemolsedijk,2021-12-16,05:00:00,2,2,0,FMN GV 18 Kasterlee
84,Oudemolsedijk,2021-12-16,06:00:00,17,8,9,FMN GV 18 Kasterlee
84,Oudemolsedijk,2021-12-16,07:00:00,12,7,5,FMN GV 18 Kasterlee
84,Oudemolsedijk,2021-12-16,08:00:00,12,8,4,FMN GV 18 Kasterlee
84,Oudemolsedijk,2021-12-16,09:00:00,3,1,2,FMN GV 18 Kasterlee
84,Oudemolsedijk,2021-12-16,10:00:00,8,6,2,FMN GV 18 Kasterlee
84,Oudemolsedijk,2021-12-16,11:00:00,15,11,4,FMN GV 18 Kasterlee
84,Oudemolsedijk,2021-12-16,12:00:00,27,16,11,FMN GV 18 Kasterlee
84,Oudemolsedijk,2021-12-16,13:00:00,84,36,48,FMN GV 18 Kasterlee
84,Oudemolsedijk,2021-12-16,14:00:00,73,35,38,FMN GV 18 Kasterlee
84,Oudemolsedijk,2021-12-16,15:00:00,50,27,23,FMN GV 18 Kasterlee
84,Oudemolsedijk,2021-12-16,16:00:00,30,21,9,FMN GV 18 Kasterlee
84,Oudemolsedijk,2021-12-16,17:00:00,20,5,15,FMN GV 18 Kasterlee
84,Oudemolsedijk,2021-12-16,18:00:00,3,1,2,FMN GV 18 Kasterlee
84,Oudemolsedijk,2021-12-16,19:00:00,2,2,0,FMN GV 18 Kasterlee
84,Oudemolsedijk,2021-12-16,20:00:00,5,2,3,FMN GV 18 Kasterlee
84,Oudemolsedijk,2021-12-16,21:00:00,1,0,1,FMN GV 18 Kasterlee
84,Oudemolsedijk,2021-12-16,22:00:00,5,0,5,FMN GV 18 Kasterlee
84,Oudemolsedijk,2021-12-16,23:00:00,0,0,0,FMN GV 18 Kasterlee
84,Oudemolsedijk,2021-12-17,00:00:00,0,0,0,FMN GV 18 Kasterlee
84,Oudemolsedijk,2021-12-17,01:00:00,0,0,0,FMN GV 18 Kasterlee
84,Oudemolsedijk,2021-12-17,02:00:00,0,0,0,FMN GV 18 Kasterlee
84,Oudemolsedijk,2021-12-17,03:00:00,0,0,0,FMN GV 18 Kasterlee
84,Oudemolsedijk,2021-12-17,04:00:00,1,1,0,FMN GV 18 Kasterlee
84,Oudemolsedijk,2021-12-17,05:00:00,1,1,0,FMN GV 18 Kasterlee
84,Oudemolsedijk,2021-12-17,06:00:00,12,5,7,FMN GV 18 Kasterlee
84,Oudemolsedijk,2021-12-17,07:00:00,11,6,5,FMN GV 18 Kasterlee
84,Oudemolsedijk,2021-12-17,08:00:00,9,6,3,FMN GV 18 Kasterlee
84,Oudemolsedijk,2021-12-17,09:00:00,7,4,3,FMN GV 18 Kasterlee
84,Oudemolsedijk,2021-12-17,10:00:00,12,7,5,FMN GV 18 Kasterlee
84,Oudemolsedijk,2021-12-17,11:00:00,7,4,3,FMN GV 18 Kasterlee
84,Oudemolsedijk,2021-12-17,12:00:00,7,3,4,FMN GV 18 Kasterlee
84,Oudemolsedijk,2021-12-17,13:00:00,22,13,9,FMN GV 18 Kasterlee
84,Oudemolsedijk,2021-12-17,14:00:00,20,18,2,FMN GV 18 Kasterlee
84,Oudemolsedijk,2021-12-17,15:00:00,13,6,7,FMN GV 18 Kasterlee
84,Oudemolsedijk,2021-12-17,16:00:00,22,12,10,FMN GV 18 Kasterlee
84,Oudemolsedijk,2021-12-17,17:00:00,5,2,3,FMN GV 18 Kasterlee
84,Oudemolsedijk,2021-12-17,18:00:00,4,0,4,FMN GV 18 Kasterlee
84,Oudemolsedijk,2021-12-17,19:00:00,4,2,2,FMN GV 18 Kasterlee
84,Oudemolsedijk,2021-12-17,20:00:00,1,0,1,FMN GV 18 Kasterlee
84,Oudemolsedijk,2021-12-17,21:00:00,0,0,0,FMN GV 18 Kasterlee
84,Oudemolsedijk,2021-12-17,22:00:00,0,0,0,FMN GV 18 Kasterlee
84,Oudemolsedijk,2021-12-17,23:00:00,1,1,0,FMN GV 18 Kasterlee
84,Oudemolsedijk,2021-12-18,00:00:00,0,0,0,FMN GV 18 Kasterlee
84,Oudemolsedijk,2021-12-18,01:00:00,0,0,0,FMN GV 18 Kasterlee
84,Oudemolsedijk,2021-12-18,02:00:00,0,0,0,FMN GV 18 Kasterlee
84,Oudemolsedijk,2021-12-18,03:00:00,0,0,0,FMN GV 18 Kasterlee
84,Oudemolsedijk,2021-12-18,04:00:00,0,0,0,FMN GV 18 Kasterlee
84,Oudemolsedijk,2021-12-18,05:00:00,0,0,0,FMN GV 18 Kasterlee
84,Oudemolsedijk,2021-12-18,06:00:00,1,0,1,FMN GV 18 Kasterlee
84,Oudemolsedijk,2021-12-18,07:00:00,1,0,1,FMN GV 18 Kasterlee
84,Oudemolsedijk,2021-12-18,08:00:00,3,1,2,FMN GV 18 Kasterlee
84,Oudemolsedijk,2021-12-18,09:00:00,9,4,5,FMN GV 18 Kasterlee
84,Oudemolsedijk,2021-12-18,10:00:00,22,13,9,FMN GV 18 Kasterlee
84,Oudemolsedijk,2021-12-18,11:00:00,31,23,8,FMN GV 18 Kasterlee
84,Oudemolsedijk,2021-12-18,12:00:00,26,19,7,FMN GV 18 Kasterlee
84,Oudemolsedijk,2021-12-18,13:00:00,22,11,11,FMN GV 18 Kasterlee
84,Oudemolsedijk,2021-12-18,14:00:00,40,27,13,FMN GV 18 Kasterlee
84,Oudemolsedijk,2021-12-18,15:00:00,19,12,7,FMN GV 18 Kasterlee
84,Oudemolsedijk,2021-12-18,16:00:00,20,16,4,FMN GV 18 Kasterlee
84,Oudemolsedijk,2021-12-18,17:00:00,2,2,0,FMN GV 18 Kasterlee
84,Oudemolsedijk,2021-12-18,18:00:00,2,2,0,FMN GV 18 Kasterlee
84,Oudemolsedijk,2021-12-18,19:00:00,1,0,1,FMN GV 18 Kasterlee
84,Oudemolsedijk,2021-12-18,20:00:00,2,2,0,FMN GV 18 Kasterlee
84,Oudemolsedijk,2021-12-18,21:00:00,1,0,1,FMN GV 18 Kasterlee
84,Oudemolsedijk,2021-12-18,22:00:00,0,0,0,FMN GV 18 Kasterlee
84,Oudemolsedijk,2021-12-18,23:00:00,0,0,0,FMN GV 18 Kasterlee
84,Oudemolsedijk,2021-12-19,00:00:00,2,2,0,FMN GV 18 Kasterlee
84,Oudemolsedijk,2021-12-19,01:00:00,0,0,0,FMN GV 18 Kasterlee
84,Oudemolsedijk,2021-12-19,02:00:00,0,0,0,FMN GV 18 Kasterlee
84,Oudemolsedijk,2021-12-19,03:00:00,0,0,0,FMN GV 18 Kasterlee
84,Oudemolsedijk,2021-12-19,04:00:00,0,0,0,FMN GV 18 Kasterlee
84,Oudemolsedijk,2021-12-19,05:00:00,0,0,0,FMN GV 18 Kasterlee
84,Oudemolsedijk,2021-12-19,06:00:00,0,0,0,FMN GV 18 Kasterlee
84,Oudemolsedijk,2021-12-19,07:00:00,3,3,0,FMN GV 18 Kasterlee
84,Oudemolsedijk,2021-12-19,08:00:00,112,43,69,FMN GV 18 Kasterlee
84,Oudemolsedijk,2021-12-19,09:00:00,52,44,8,FMN GV 18 Kasterlee
84,Oudemolsedijk,2021-12-19,10:00:00,80,28,52,FMN GV 18 Kasterlee
84,Oudemolsedijk,2021-12-19,11:00:00,33,13,20,FMN GV 18 Kasterlee
84,Oudemolsedijk,2021-12-19,12:00:00,38,22,16,FMN GV 18 Kasterlee
84,Oudemolsedijk,2021-12-19,13:00:00,26,17,9,FMN GV 18 Kasterlee
84,Oudemolsedijk,2021-12-19,14:00:00,128,113,15,FMN GV 18 Kasterlee
84,Oudemolsedijk,2021-12-19,15:00:00,266,255,11,FMN GV 18 Kasterlee
84,Oudemolsedijk,2021-12-19,16:00:00,270,260,10,FMN GV 18 Kasterlee
84,Oudemolsedijk,2021-12-19,17:00:00,175,164,11,FMN GV 18 Kasterlee
84,Oudemolsedijk,2021-12-19,18:00:00,86,82,4,FMN GV 18 Kasterlee
84,Oudemolsedijk,2021-12-19,19:00:00,16,15,1,FMN GV 18 Kasterlee
84,Oudemolsedijk,2021-12-19,20:00:00,4,4,0,FMN GV 18 Kasterlee
84,Oudemolsedijk,2021-12-19,21:00:00,0,0,0,FMN GV 18 Kasterlee
84,Oudemolsedijk,2021-12-19,22:00:00,0,0,0,FMN GV 18 Kasterlee
84,Oudemolsedijk,2021-12-19,23:00:00,0,0,0,FMN GV 18 Kasterlee
84,Oudemolsedijk,2021-12-20,00:00:00,0,0,0,FMN GV 18 Kasterlee
84,Oudemolsedijk,2021-12-20,01:00:00,0,0,0,FMN GV 18 Kasterlee
84,Oudemolsedijk,2021-12-20,02:00:00,0,0,0,FMN GV 18 Kasterlee
84,Oudemolsedijk,2021-12-20,03:00:00,0,0,0,FMN GV 18 Kasterlee
84,Oudemolsedijk,2021-12-20,04:00:00,0,0,0,FMN GV 18 Kasterlee
84,Oudemolsedijk,2021-12-20,05:00:00,3,3,0,FMN GV 18 Kasterlee
84,Oudemolsedijk,2021-12-20,06:00:00,12,5,7,FMN GV 18 Kasterlee
84,Oudemolsedijk,2021-12-20,07:00:00,14,5,9,FMN GV 18 Kasterlee
84,Oudemolsedijk,2021-12-20,08:00:00,12,9,3,FMN GV 18 Kasterlee
84,Oudemolsedijk,2021-12-20,09:00:00,2,0,2,FMN GV 18 Kasterlee
84,Oudemolsedijk,2021-12-20,10:00:00,14,3,11,FMN GV 18 Kasterlee
84,Oudemolsedijk,2021-12-20,11:00:00,7,6,1,FMN GV 18 Kasterlee
84,Oudemolsedijk,2021-12-20,12:00:00,17,11,6,FMN GV 18 Kasterlee
84,Oudemolsedijk,2021-12-20,13:00:00,27,8,19,FMN GV 18 Kasterlee
84,Oudemolsedijk,2021-12-20,14:00:00,30,15,15,FMN GV 18 Kasterlee
84,Oudemolsedijk,2021-12-20,15:00:00,29,14,15,FMN GV 18 Kasterlee
84,Oudemolsedijk,2021-12-20,16:00:00,21,10,11,FMN GV 18 Kasterlee
84,Oudemolsedijk,2021-12-20,17:00:00,10,6,4,FMN GV 18 Kasterlee
84,Oudemolsedijk,2021-12-20,18:00:00,2,1,1,FMN GV 18 Kasterlee
84,Oudemolsedijk,2021-12-20,19:00:00,0,0,0,FMN GV 18 Kasterlee
84,Oudemolsedijk,2021-12-20,20:00:00,1,0,1,FMN GV 18 Kasterlee
84,Oudemolsedijk,2021-12-20,21:00:00,1,1,0,FMN GV 18 Kasterlee
84,Oudemolsedijk,2021-12-20,22:00:00,0,0,0,FMN GV 18 Kasterlee
84,Oudemolsedijk,2021-12-20,23:00:00,0,0,0,FMN GV 18 Kasterlee
84,Oudemolsedijk,2021-12-21,00:00:00,0,0,0,FMN GV 18 Kasterlee
84,Oudemolsedijk,2021-12-21,01:00:00,0,0,0,FMN GV 18 Kasterlee
84,Oudemolsedijk,2021-12-21,02:00:00,0,0,0,FMN GV 18 Kasterlee
84,Oudemolsedijk,2021-12-21,03:00:00,0,0,0,FMN GV 18 Kasterlee
84,Oudemolsedijk,2021-12-21,04:00:00,1,1,0,FMN GV 18 Kasterlee
84,Oudemolsedijk,2021-12-21,05:00:00,4,3,1,FMN GV 18 Kasterlee
84,Oudemolsedijk,2021-12-21,06:00:00,11,6,5,FMN GV 18 Kasterlee
84,Oudemolsedijk,2021-12-21,07:00:00,11,2,9,FMN GV 18 Kasterlee
84,Oudemolsedijk,2021-12-21,08:00:00,8,7,1,FMN GV 18 Kasterlee
84,Oudemolsedijk,2021-12-21,09:00:00,6,3,3,FMN GV 18 Kasterlee
84,Oudemolsedijk,2021-12-21,10:00:00,6,4,2,FMN GV 18 Kasterlee
84,Oudemolsedijk,2021-12-21,11:00:00,7,3,4,FMN GV 18 Kasterlee
84,Oudemolsedijk,2021-12-21,12:00:00,12,5,7,FMN GV 18 Kasterlee
84,Oudemolsedijk,2021-12-21,13:00:00,33,11,22,FMN GV 18 Kasterlee
84,Oudemolsedijk,2021-12-21,14:00:00,33,10,23,FMN GV 18 Kasterlee
84,Oudemolsedijk,2021-12-21,15:00:00,21,16,5,FMN GV 18 Kasterlee
84,Oudemolsedijk,2021-12-21,16:00:00,19,11,8,FMN GV 18 Kasterlee
84,Oudemolsedijk,2021-12-21,17:00:00,8,5,3,FMN GV 18 Kasterlee
84,Oudemolsedijk,2021-12-21,18:00:00,2,0,2,FMN GV 18 Kasterlee
84,Oudemolsedijk,2021-12-21,19:00:00,3,3,0,FMN GV 18 Kasterlee
84,Oudemolsedijk,2021-12-21,20:00:00,0,0,0,FMN GV 18 Kasterlee
84,Oudemolsedijk,2021-12-21,21:00:00,0,0,0,FMN GV 18 Kasterlee
84,Oudemolsedijk,2021-12-21,22:00:00,0,0,0,FMN GV 18 Kasterlee
84,Oudemolsedijk,2021-12-21,23:00:00,0,0,0,FMN GV 18 Kasterlee
84,Oudemolsedijk,2021-12-22,00:00:00,0,0,0,FMN GV 18 Kasterlee
84,Oudemolsedijk,2021-12-22,01:00:00,0,0,0,FMN GV 18 Kasterlee
84,Oudemolsedijk,2021-12-22,02:00:00,0,0,0,FMN GV 18 Kasterlee
84,Oudemolsedijk,2021-12-22,03:00:00,0,0,0,FMN GV 18 Kasterlee
84,Oudemolsedijk,2021-12-22,04:00:00,3,3,0,FMN GV 18 Kasterlee
84,Oudemolsedijk,2021-12-22,05:00:00,1,1,0,FMN GV 18 Kasterlee
84,Oudemolsedijk,2021-12-22,06:00:00,7,5,2,FMN GV 18 Kasterlee
84,Oudemolsedijk,2021-12-22,07:00:00,6,2,4,FMN GV 18 Kasterlee
84,Oudemolsedijk,2021-12-22,08:00:00,6,5,1,FMN GV 18 Kasterlee
84,Oudemolsedijk,2021-12-22,09:00:00,4,3,1,FMN GV 18 Kasterlee
84,Oudemolsedijk,2021-12-22,10:00:00,5,1,4,FMN GV 18 Kasterlee
84,Oudemolsedijk,2021-12-22,11:00:00,5,1,4,FMN GV 18 Kasterlee
84,Oudemolsedijk,2021-12-22,12:00:00,17,6,11,FMN GV 18 Kasterlee
84,Oudemolsedijk,2021-12-22,13:00:00,7,3,4,FMN GV 18 Kasterlee
84,Oudemolsedijk,2021-12-22,14:00:00,23,4,19,FMN GV 18 Kasterlee
84,Oudemolsedijk,2021-12-22,15:00:00,20,7,13,FMN GV 18 Kasterlee
84,Oudemolsedijk,2021-12-22,16:00:00,11,6,5,FMN GV 18 Kasterlee
84,Oudemolsedijk,2021-12-22,17:00:00,4,1,3,FMN GV 18 Kasterlee
84,Oudemolsedijk,2021-12-22,18:00:00,2,1,1,FMN GV 18 Kasterlee
84,Oudemolsedijk,2021-12-22,19:00:00,5,1,4,FMN GV 18 Kasterlee
84,Oudemolsedijk,2021-12-22,20:00:00,16,15,1,FMN GV 18 Kasterlee
84,Oudemolsedijk,2021-12-22,21:00:00,2,1,1,FMN GV 18 Kasterlee
84,Oudemolsedijk,2021-12-22,22:00:00,0,0,0,FMN GV 18 Kasterlee
84,Oudemolsedijk,2021-12-22,23:00:00,0,0,0,FMN GV 18 Kasterlee
84,Oudemolsedijk,2021-12-23,00:00:00,1,0,1,FMN GV 18 Kasterlee
84,Oudemolsedijk,2021-12-23,01:00:00,0,0,0,FMN GV 18 Kasterlee
84,Oudemolsedijk,2021-12-23,02:00:00,0,0,0,FMN GV 18 Kasterlee
84,Oudemolsedijk,2021-12-23,03:00:00,0,0,0,FMN GV 18 Kasterlee
84,Oudemolsedijk,2021-12-23,04:00:00,1,1,0,FMN GV 18 Kasterlee
84,Oudemolsedijk,2021-12-23,05:00:00,1,1,0,FMN GV 18 Kasterlee
84,Oudemolsedijk,2021-12-23,06:00:00,6,3,3,FMN GV 18 Kasterlee
84,Oudemolsedijk,2021-12-23,07:00:00,5,3,2,FMN GV 18 Kasterlee
84,Oudemolsedijk,2021-12-23,08:00:00,8,6,2,FMN GV 18 Kasterlee
84,Oudemolsedijk,2021-12-23,09:00:00,3,1,2,FMN GV 18 Kasterlee
84,Oudemolsedijk,2021-12-23,10:00:00,5,3,2,FMN GV 18 Kasterlee
84,Oudemolsedijk,2021-12-23,11:00:00,11,8,3,FMN GV 18 Kasterlee
84,Oudemolsedijk,2021-12-23,12:00:00,19,12,7,FMN GV 18 Kasterlee
84,Oudemolsedijk,2021-12-23,13:00:00,27,9,18,FMN GV 18 Kasterlee
84,Oudemolsedijk,2021-12-23,14:00:00,26,11,15,FMN GV 18 Kasterlee
84,Oudemolsedijk,2021-12-23,15:00:00,18,14,4,FMN GV 18 Kasterlee
84,Oudemolsedijk,2021-12-23,16:00:00,7,5,2,FMN GV 18 Kasterlee
84,Oudemolsedijk,2021-12-23,17:00:00,13,5,8,FMN GV 18 Kasterlee
84,Oudemolsedijk,2021-12-23,18:00:00,2,1,1,FMN GV 18 Kasterlee
84,Oudemolsedijk,2021-12-23,19:00:00,1,1,0,FMN GV 18 Kasterlee
84,Oudemolsedijk,2021-12-23,20:00:00,0,0,0,FMN GV 18 Kasterlee
84,Oudemolsedijk,2021-12-23,21:00:00,0,0,0,FMN GV 18 Kasterlee
84,Oudemolsedijk,2021-12-23,22:00:00,0,0,0,FMN GV 18 Kasterlee
84,Oudemolsedijk,2021-12-23,23:00:00,1,0,1,FMN GV 18 Kasterlee
84,Oudemolsedijk,2021-12-24,00:00:00,0,0,0,FMN GV 18 Kasterlee
84,Oudemolsedijk,2021-12-24,01:00:00,0,0,0,FMN GV 18 Kasterlee
84,Oudemolsedijk,2021-12-24,02:00:00,1,0,1,FMN GV 18 Kasterlee
84,Oudemolsedijk,2021-12-24,03:00:00,0,0,0,FMN GV 18 Kasterlee
84,Oudemolsedijk,2021-12-24,04:00:00,1,1,0,FMN GV 18 Kasterlee
84,Oudemolsedijk,2021-12-24,05:00:00,3,3,0,FMN GV 18 Kasterlee
84,Oudemolsedijk,2021-12-24,06:00:00,1,1,0,FMN GV 18 Kasterlee
84,Oudemolsedijk,2021-12-24,07:00:00,5,3,2,FMN GV 18 Kasterlee
84,Oudemolsedijk,2021-12-24,08:00:00,5,5,0,FMN GV 18 Kasterlee
84,Oudemolsedijk,2021-12-24,09:00:00,1,1,0,FMN GV 18 Kasterlee
84,Oudemolsedijk,2021-12-24,10:00:00,2,0,2,FMN GV 18 Kasterlee
84,Oudemolsedijk,2021-12-24,11:00:00,14,11,3,FMN GV 18 Kasterlee
84,Oudemolsedijk,2021-12-24,12:00:00,12,4,8,FMN GV 18 Kasterlee
84,Oudemolsedijk,2021-12-24,13:00:00,12,5,7,FMN GV 18 Kasterlee
84,Oudemolsedijk,2021-12-24,14:00:00,25,10,15,FMN GV 18 Kasterlee
84,Oudemolsedijk,2021-12-24,15:00:00,12,6,6,FMN GV 18 Kasterlee
84,Oudemolsedijk,2021-12-24,16:00:00,3,2,1,FMN GV 18 Kasterlee
84,Oudemolsedijk,2021-12-24,17:00:00,0,0,0,FMN GV 18 Kasterlee
84,Oudemolsedijk,2021-12-24,18:00:00,0,0,0,FMN GV 18 Kasterlee
84,Oudemolsedijk,2021-12-24,19:00:00,2,2,0,FMN GV 18 Kasterlee
84,Oudemolsedijk,2021-12-24,20:00:00,0,0,0,FMN GV 18 Kasterlee
84,Oudemolsedijk,2021-12-24,21:00:00,0,0,0,FMN GV 18 Kasterlee
84,Oudemolsedijk,2021-12-24,22:00:00,1,1,0,FMN GV 18 Kasterlee
84,Oudemolsedijk,2021-12-24,23:00:00,1,1,0,FMN GV 18 Kasterlee
84,Oudemolsedijk,2021-12-25,00:00:00,0,0,0,FMN GV 18 Kasterlee
84,Oudemolsedijk,2021-12-25,01:00:00,0,0,0,FMN GV 18 Kasterlee
84,Oudemolsedijk,2021-12-25,02:00:00,1,0,1,FMN GV 18 Kasterlee
84,Oudemolsedijk,2021-12-25,03:00:00,0,0,0,FMN GV 18 Kasterlee
84,Oudemolsedijk,2021-12-25,04:00:00,0,0,0,FMN GV 18 Kasterlee
84,Oudemolsedijk,2021-12-25,05:00:00,0,0,0,FMN GV 18 Kasterlee
84,Oudemolsedijk,2021-12-25,06:00:00,1,1,0,FMN GV 18 Kasterlee
84,Oudemolsedijk,2021-12-25,07:00:00,0,0,0,FMN GV 18 Kasterlee
84,Oudemolsedijk,2021-12-25,08:00:00,0,0,0,FMN GV 18 Kasterlee
84,Oudemolsedijk,2021-12-25,09:00:00,0,0,0,FMN GV 18 Kasterlee
84,Oudemolsedijk,2021-12-25,10:00:00,2,1,1,FMN GV 18 Kasterlee
84,Oudemolsedijk,2021-12-25,11:00:00,3,1,2,FMN GV 18 Kasterlee
84,Oudemolsedijk,2021-12-25,12:00:00,4,1,3,FMN GV 18 Kasterlee
84,Oudemolsedijk,2021-12-25,13:00:00,9,5,4,FMN GV 18 Kasterlee
84,Oudemolsedijk,2021-12-25,14:00:00,8,6,2,FMN GV 18 Kasterlee
84,Oudemolsedijk,2021-12-25,15:00:00,9,5,4,FMN GV 18 Kasterlee
84,Oudemolsedijk,2021-12-25,16:00:00,0,0,0,FMN GV 18 Kasterlee
84,Oudemolsedijk,2021-12-25,17:00:00,2,1,1,FMN GV 18 Kasterlee
84,Oudemolsedijk,2021-12-25,18:00:00,1,1,0,FMN GV 18 Kasterlee
84,Oudemolsedijk,2021-12-25,19:00:00,0,0,0,FMN GV 18 Kasterlee
84,Oudemolsedijk,2021-12-25,20:00:00,0,0,0,FMN GV 18 Kasterlee
84,Oudemolsedijk,2021-12-25,21:00:00,0,0,0,FMN GV 18 Kasterlee
84,Oudemolsedijk,2021-12-25,22:00:00,0,0,0,FMN GV 18 Kasterlee
84,Oudemolsedijk,2021-12-25,23:00:00,1,0,1,FMN GV 18 Kasterlee
84,Oudemolsedijk,2021-12-26,00:00:00,0,0,0,FMN GV 18 Kasterlee
84,Oudemolsedijk,2021-12-26,01:00:00,0,0,0,FMN GV 18 Kasterlee
84,Oudemolsedijk,2021-12-26,02:00:00,0,0,0,FMN GV 18 Kasterlee
84,Oudemolsedijk,2021-12-26,03:00:00,0,0,0,FMN GV 18 Kasterlee
84,Oudemolsedijk,2021-12-26,04:00:00,0,0,0,FMN GV 18 Kasterlee
84,Oudemolsedijk,2021-12-26,05:00:00,0,0,0,FMN GV 18 Kasterlee
84,Oudemolsedijk,2021-12-26,06:00:00,0,0,0,FMN GV 18 Kasterlee
84,Oudemolsedijk,2021-12-26,07:00:00,1,0,1,FMN GV 18 Kasterlee
84,Oudemolsedijk,2021-12-26,08:00:00,6,2,4,FMN GV 18 Kasterlee
84,Oudemolsedijk,2021-12-26,09:00:00,25,8,17,FMN GV 18 Kasterlee
84,Oudemolsedijk,2021-12-26,10:00:00,28,18,10,FMN GV 18 Kasterlee
84,Oudemolsedijk,2021-12-26,11:00:00,45,33,12,FMN GV 18 Kasterlee
84,Oudemolsedijk,2021-12-26,12:00:00,24,7,17,FMN GV 18 Kasterlee
84,Oudemolsedijk,2021-12-26,13:00:00,12,6,6,FMN GV 18 Kasterlee
84,Oudemolsedijk,2021-12-26,14:00:00,21,8,13,FMN GV 18 Kasterlee
84,Oudemolsedijk,2021-12-26,15:00:00,12,9,3,FMN GV 18 Kasterlee
84,Oudemolsedijk,2021-12-26,16:00:00,2,1,1,FMN GV 18 Kasterlee
84,Oudemolsedijk,2021-12-26,17:00:00,0,0,0,FMN GV 18 Kasterlee
84,Oudemolsedijk,2021-12-26,18:00:00,2,2,0,FMN GV 18 Kasterlee
84,Oudemolsedijk,2021-12-26,19:00:00,0,0,0,FMN GV 18 Kasterlee
84,Oudemolsedijk,2021-12-26,20:00:00,1,0,1,FMN GV 18 Kasterlee
84,Oudemolsedijk,2021-12-26,21:00:00,0,0,0,FMN GV 18 Kasterlee
84,Oudemolsedijk,2021-12-26,22:00:00,1,0,1,FMN GV 18 Kasterlee
84,Oudemolsedijk,2021-12-26,23:00:00,0,0,0,FMN GV 18 Kasterlee
84,Oudemolsedijk,2021-12-27,00:00:00,1,1,0,FMN GV 18 Kasterlee
84,Oudemolsedijk,2021-12-27,01:00:00,0,0,0,FMN GV 18 Kasterlee
84,Oudemolsedijk,2021-12-27,02:00:00,0,0,0,FMN GV 18 Kasterlee
84,Oudemolsedijk,2021-12-27,03:00:00,0,0,0,FMN GV 18 Kasterlee
84,Oudemolsedijk,2021-12-27,04:00:00,1,1,0,FMN GV 18 Kasterlee
84,Oudemolsedijk,2021-12-27,05:00:00,0,0,0,FMN GV 18 Kasterlee
84,Oudemolsedijk,2021-12-27,06:00:00,1,1,0,FMN GV 18 Kasterlee
84,Oudemolsedijk,2021-12-27,07:00:00,2,0,2,FMN GV 18 Kasterlee
84,Oudemolsedijk,2021-12-27,08:00:00,1,0,1,FMN GV 18 Kasterlee
84,Oudemolsedijk,2021-12-27,09:00:00,3,1,2,FMN GV 18 Kasterlee
84,Oudemolsedijk,2021-12-27,10:00:00,23,12,11,FMN GV 18 Kasterlee
84,Oudemolsedijk,2021-12-27,11:00:00,20,5,15,FMN GV 18 Kasterlee
84,Oudemolsedijk,2021-12-27,12:00:00,14,7,7,FMN GV 18 Kasterlee
84,Oudemolsedijk,2021-12-27,13:00:00,47,18,29,FMN GV 18 Kasterlee
84,Oudemolsedijk,2021-12-27,14:00:00,21,9,12,FMN GV 18 Kasterlee
84,Oudemolsedijk,2021-12-27,15:00:00,13,7,6,FMN GV 18 Kasterlee
84,Oudemolsedijk,2021-12-27,16:00:00,3,3,0,FMN GV 18 Kasterlee
84,Oudemolsedijk,2021-12-27,17:00:00,2,2,0,FMN GV 18 Kasterlee
84,Oudemolsedijk,2021-12-27,18:00:00,1,1,0,FMN GV 18 Kasterlee
84,Oudemolsedijk,2021-12-27,19:00:00,0,0,0,FMN GV 18 Kasterlee
84,Oudemolsedijk,2021-12-27,20:00:00,1,1,0,FMN GV 18 Kasterlee
84,Oudemolsedijk,2021-12-27,21:00:00,0,0,0,FMN GV 18 Kasterlee
84,Oudemolsedijk,2021-12-27,22:00:00,0,0,0,FMN GV 18 Kasterlee
84,Oudemolsedijk,2021-12-27,23:00:00,0,0,0,FMN GV 18 Kasterlee
84,Oudemolsedijk,2021-12-28,00:00:00,0,0,0,FMN GV 18 Kasterlee
84,Oudemolsedijk,2021-12-28,01:00:00,0,0,0,FMN GV 18 Kasterlee
84,Oudemolsedijk,2021-12-28,02:00:00,0,0,0,FMN GV 18 Kasterlee
84,Oudemolsedijk,2021-12-28,03:00:00,0,0,0,FMN GV 18 Kasterlee
84,Oudemolsedijk,2021-12-28,04:00:00,1,1,0,FMN GV 18 Kasterlee
84,Oudemolsedijk,2021-12-28,05:00:00,1,1,0,FMN GV 18 Kasterlee
84,Oudemolsedijk,2021-12-28,06:00:00,2,1,1,FMN GV 18 Kasterlee
84,Oudemolsedijk,2021-12-28,07:00:00,1,1,0,FMN GV 18 Kasterlee
84,Oudemolsedijk,2021-12-28,08:00:00,2,0,2,FMN GV 18 Kasterlee
84,Oudemolsedijk,2021-12-28,09:00:00,5,0,5,FMN GV 18 Kasterlee
84,Oudemolsedijk,2021-12-28,10:00:00,7,5,2,FMN GV 18 Kasterlee
84,Oudemolsedijk,2021-12-28,11:00:00,6,3,3,FMN GV 18 Kasterlee
84,Oudemolsedijk,2021-12-28,12:00:00,6,3,3,FMN GV 18 Kasterlee
84,Oudemolsedijk,2021-12-28,13:00:00,15,9,6,FMN GV 18 Kasterlee
84,Oudemolsedijk,2021-12-28,14:00:00,9,3,6,FMN GV 18 Kasterlee
84,Oudemolsedijk,2021-12-28,15:00:00,6,3,3,FMN GV 18 Kasterlee
84,Oudemolsedijk,2021-12-28,16:00:00,1,0,1,FMN GV 18 Kasterlee
84,Oudemolsedijk,2021-12-28,17:00:00,2,1,1,FMN GV 18 Kasterlee
84,Oudemolsedijk,2021-12-28,18:00:00,1,1,0,FMN GV 18 Kasterlee
84,Oudemolsedijk,2021-12-28,19:00:00,0,0,0,FMN GV 18 Kasterlee
84,Oudemolsedijk,2021-12-28,20:00:00,0,0,0,FMN GV 18 Kasterlee
84,Oudemolsedijk,2021-12-28,21:00:00,0,0,0,FMN GV 18 Kasterlee
84,Oudemolsedijk,2021-12-28,22:00:00,0,0,0,FMN GV 18 Kasterlee
84,Oudemolsedijk,2021-12-28,23:00:00,0,0,0,FMN GV 18 Kasterlee
84,Oudemolsedijk,2021-12-29,00:00:00,0,0,0,FMN GV 18 Kasterlee
84,Oudemolsedijk,2021-12-29,01:00:00,0,0,0,FMN GV 18 Kasterlee
84,Oudemolsedijk,2021-12-29,02:00:00,0,0,0,FMN GV 18 Kasterlee
84,Oudemolsedijk,2021-12-29,03:00:00,0,0,0,FMN GV 18 Kasterlee
84,Oudemolsedijk,2021-12-29,04:00:00,1,1,0,FMN GV 18 Kasterlee
84,Oudemolsedijk,2021-12-29,05:00:00,0,0,0,FMN GV 18 Kasterlee
84,Oudemolsedijk,2021-12-29,06:00:00,4,2,2,FMN GV 18 Kasterlee
84,Oudemolsedijk,2021-12-29,07:00:00,1,1,0,FMN GV 18 Kasterlee
84,Oudemolsedijk,2021-12-29,08:00:00,1,1,0,FMN GV 18 Kasterlee
84,Oudemolsedijk,2021-12-29,09:00:00,16,12,4,FMN GV 18 Kasterlee
84,Oudemolsedijk,2021-12-29,10:00:00,14,6,8,FMN GV 18 Kasterlee
84,Oudemolsedijk,2021-12-29,11:00:00,17,12,5,FMN GV 18 Kasterlee
84,Oudemolsedijk,2021-12-29,12:00:00,7,6,1,FMN GV 18 Kasterlee
84,Oudemolsedijk,2021-12-29,13:00:00,4,2,2,FMN GV 18 Kasterlee
84,Oudemolsedijk,2021-12-29,14:00:00,9,4,5,FMN GV 18 Kasterlee
84,Oudemolsedijk,2021-12-29,15:00:00,2,2,0,FMN GV 18 Kasterlee
84,Oudemolsedijk,2021-12-29,16:00:00,2,0,2,FMN GV 18 Kasterlee
84,Oudemolsedijk,2021-12-29,17:00:00,2,1,1,FMN GV 18 Kasterlee
84,Oudemolsedijk,2021-12-29,18:00:00,6,1,5,FMN GV 18 Kasterlee
84,Oudemolsedijk,2021-12-29,19:00:00,2,2,0,FMN GV 18 Kasterlee
84,Oudemolsedijk,2021-12-29,20:00:00,0,0,0,FMN GV 18 Kasterlee
84,Oudemolsedijk,2021-12-29,21:00:00,1,1,0,FMN GV 18 Kasterlee
84,Oudemolsedijk,2021-12-29,22:00:00,1,0,1,FMN GV 18 Kasterlee
84,Oudemolsedijk,2021-12-29,23:00:00,2,0,2,FMN GV 18 Kasterlee
84,Oudemolsedijk,2021-12-30,00:00:00,0,0,0,FMN GV 18 Kasterlee
84,Oudemolsedijk,2021-12-30,01:00:00,0,0,0,FMN GV 18 Kasterlee
84,Oudemolsedijk,2021-12-30,02:00:00,0,0,0,FMN GV 18 Kasterlee
84,Oudemolsedijk,2021-12-30,03:00:00,0,0,0,FMN GV 18 Kasterlee
84,Oudemolsedijk,2021-12-30,04:00:00,1,1,0,FMN GV 18 Kasterlee
84,Oudemolsedijk,2021-12-30,05:00:00,0,0,0,FMN GV 18 Kasterlee
84,Oudemolsedijk,2021-12-30,06:00:00,1,0,1,FMN GV 18 Kasterlee
84,Oudemolsedijk,2021-12-30,07:00:00,3,2,1,FMN GV 18 Kasterlee
84,Oudemolsedijk,2021-12-30,08:00:00,1,1,0,FMN GV 18 Kasterlee
84,Oudemolsedijk,2021-12-30,09:00:00,1,1,0,FMN GV 18 Kasterlee
84,Oudemolsedijk,2021-12-30,10:00:00,12,6,6,FMN GV 18 Kasterlee
84,Oudemolsedijk,2021-12-30,11:00:00,30,10,20,FMN GV 18 Kasterlee
84,Oudemolsedijk,2021-12-30,12:00:00,18,10,8,FMN GV 18 Kasterlee
84,Oudemolsedijk,2021-12-30,13:00:00,34,23,11,FMN GV 18 Kasterlee
84,Oudemolsedijk,2021-12-30,14:00:00,29,11,18,FMN GV 18 Kasterlee
84,Oudemolsedijk,2021-12-30,15:00:00,39,28,11,FMN GV 18 Kasterlee
84,Oudemolsedijk,2021-12-30,16:00:00,11,6,5,FMN GV 18 Kasterlee
84,Oudemolsedijk,2021-12-30,17:00:00,3,2,1,FMN GV 18 Kasterlee
84,Oudemolsedijk,2021-12-30,18:00:00,0,0,0,FMN GV 18 Kasterlee
84,Oudemolsedijk,2021-12-30,19:00:00,0,0,0,FMN GV 18 Kasterlee
84,Oudemolsedijk,2021-12-30,20:00:00,0,0,0,FMN GV 18 Kasterlee
84,Oudemolsedijk,2021-12-30,21:00:00,0,0,0,FMN GV 18 Kasterlee
84,Oudemolsedijk,2021-12-30,22:00:00,2,0,2,FMN GV 18 Kasterlee
84,Oudemolsedijk,2021-12-30,23:00:00,0,0,0,FMN GV 18 Kasterlee
84,Oudemolsedijk,2021-12-31,00:00:00,0,0,0,FMN GV 18 Kasterlee
84,Oudemolsedijk,2021-12-31,01:00:00,0,0,0,FMN GV 18 Kasterlee
84,Oudemolsedijk,2021-12-31,02:00:00,0,0,0,FMN GV 18 Kasterlee
84,Oudemolsedijk,2021-12-31,03:00:00,0,0,0,FMN GV 18 Kasterlee
84,Oudemolsedijk,2021-12-31,04:00:00,1,1,0,FMN GV 18 Kasterlee
84,Oudemolsedijk,2021-12-31,05:00:00,0,0,0,FMN GV 18 Kasterlee
84,Oudemolsedijk,2021-12-31,06:00:00,3,2,1,FMN GV 18 Kasterlee
84,Oudemolsedijk,2021-12-31,07:00:00,3,3,0,FMN GV 18 Kasterlee
84,Oudemolsedijk,2021-12-31,08:00:00,5,2,3,FMN GV 18 Kasterlee
84,Oudemolsedijk,2021-12-31,09:00:00,11,7,4,FMN GV 18 Kasterlee
84,Oudemolsedijk,2021-12-31,10:00:00,16,12,4,FMN GV 18 Kasterlee
84,Oudemolsedijk,2021-12-31,11:00:00,28,20,8,FMN GV 18 Kasterlee
84,Oudemolsedijk,2021-12-31,12:00:00,14,6,8,FMN GV 18 Kasterlee
84,Oudemolsedijk,2021-12-31,13:00:00,32,18,14,FMN GV 18 Kasterlee
84,Oudemolsedijk,2021-12-31,14:00:00,34,24,10,FMN GV 18 Kasterlee
84,Oudemolsedijk,2021-12-31,15:00:00,34,15,19,FMN GV 18 Kasterlee
84,Oudemolsedijk,2021-12-31,16:00:00,8,2,6,FMN GV 18 Kasterlee
84,Oudemolsedijk,2021-12-31,17:00:00,4,3,1,FMN GV 18 Kasterlee
84,Oudemolsedijk,2021-12-31,18:00:00,5,2,3,FMN GV 18 Kasterlee
84,Oudemolsedijk,2021-12-31,19:00:00,0,0,0,FMN GV 18 Kasterlee
84,Oudemolsedijk,2021-12-31,20:00:00,0,0,0,FMN GV 18 Kasterlee
84,Oudemolsedijk,2021-12-31,21:00:00,0,0,0,FMN GV 18 Kasterlee
84,Oudemolsedijk,2021-12-31,22:00:00,0,0,0,FMN GV 18 Kasterlee
84,Oudemolsedijk,2021-12-31,23:00:00,0,0,0,FMN GV 18 Kasterlee
84,Oudemolsedijk,2022-01-01,00:00:00,5,2,3,FMN GV 18 Kasterlee
84,Oudemolsedijk,2022-01-01,01:00:00,0,0,0,FMN GV 18 Kasterlee
84,Oudemolsedijk,2022-01-01,02:00:00,3,1,2,FMN GV 18 Kasterlee
84,Oudemolsedijk,2022-01-01,03:00:00,2,2,0,FMN GV 18 Kasterlee
84,Oudemolsedijk,2022-01-01,04:00:00,0,0,0,FMN GV 18 Kasterlee
84,Oudemolsedijk,2022-01-01,05:00:00,1,0,1,FMN GV 18 Kasterlee
84,Oudemolsedijk,2022-01-01,06:00:00,1,0,1,FMN GV 18 Kasterlee
84,Oudemolsedijk,2022-01-01,07:00:00,1,0,1,FMN GV 18 Kasterlee
84,Oudemolsedijk,2022-01-01,08:00:00,0,0,0,FMN GV 18 Kasterlee
84,Oudemolsedijk,2022-01-01,09:00:00,19,13,6,FMN GV 18 Kasterlee
84,Oudemolsedijk,2022-01-01,10:00:00,23,8,15,FMN GV 18 Kasterlee
84,Oudemolsedijk,2022-01-01,11:00:00,40,20,20,FMN GV 18 Kasterlee
84,Oudemolsedijk,2022-01-01,12:00:00,46,25,21,FMN GV 18 Kasterlee
84,Oudemolsedijk,2022-01-01,13:00:00,51,27,24,FMN GV 18 Kasterlee
84,Oudemolsedijk,2022-01-01,14:00:00,99,48,51,FMN GV 18 Kasterlee
84,Oudemolsedijk,2022-01-01,15:00:00,44,26,18,FMN GV 18 Kasterlee
84,Oudemolsedijk,2022-01-01,16:00:00,26,18,8,FMN GV 18 Kasterlee
84,Oudemolsedijk,2022-01-01,17:00:00,6,6,0,FMN GV 18 Kasterlee
84,Oudemolsedijk,2022-01-01,18:00:00,4,1,3,FMN GV 18 Kasterlee
84,Oudemolsedijk,2022-01-01,19:00:00,2,2,0,FMN GV 18 Kasterlee
84,Oudemolsedijk,2022-01-01,20:00:00,0,0,0,FMN GV 18 Kasterlee
84,Oudemolsedijk,2022-01-01,21:00:00,0,0,0,FMN GV 18 Kasterlee
84,Oudemolsedijk,2022-01-01,22:00:00,1,0,1,FMN GV 18 Kasterlee
84,Oudemolsedijk,2022-01-01,23:00:00,0,0,0,FMN GV 18 Kasterlee
84,Oudemolsedijk,2022-01-02,00:00:00,0,0,0,FMN GV 18 Kasterlee
84,Oudemolsedijk,2022-01-02,01:00:00,0,0,0,FMN GV 18 Kasterlee
84,Oudemolsedijk,2022-01-02,02:00:00,0,0,0,FMN GV 18 Kasterlee
84,Oudemolsedijk,2022-01-02,03:00:00,1,1,0,FMN GV 18 Kasterlee
84,Oudemolsedijk,2022-01-02,04:00:00,0,0,0,FMN GV 18 Kasterlee
84,Oudemolsedijk,2022-01-02,05:00:00,1,1,0,FMN GV 18 Kasterlee
84,Oudemolsedijk,2022-01-02,06:00:00,0,0,0,FMN GV 18 Kasterlee
84,Oudemolsedijk,2022-01-02,07:00:00,0,0,0,FMN GV 18 Kasterlee
84,Oudemolsedijk,2022-01-02,08:00:00,10,1,9,FMN GV 18 Kasterlee
84,Oudemolsedijk,2022-01-02,09:00:00,21,2,19,FMN GV 18 Kasterlee
84,Oudemolsedijk,2022-01-02,10:00:00,59,48,11,FMN GV 18 Kasterlee
84,Oudemolsedijk,2022-01-02,11:00:00,72,38,34,FMN GV 18 Kasterlee
84,Oudemolsedijk,2022-01-02,12:00:00,23,13,10,FMN GV 18 Kasterlee
84,Oudemolsedijk,2022-01-02,13:00:00,32,15,17,FMN GV 18 Kasterlee
84,Oudemolsedijk,2022-01-02,14:00:00,34,15,19,FMN GV 18 Kasterlee
84,Oudemolsedijk,2022-01-02,15:00:00,26,17,9,FMN GV 18 Kasterlee
84,Oudemolsedijk,2022-01-02,16:00:00,16,5,11,FMN GV 18 Kasterlee
84,Oudemolsedijk,2022-01-02,17:00:00,3,0,3,FMN GV 18 Kasterlee
84,Oudemolsedijk,2022-01-02,18:00:00,1,1,0,FMN GV 18 Kasterlee
84,Oudemolsedijk,2022-01-02,19:00:00,0,0,0,FMN GV 18 Kasterlee
84,Oudemolsedijk,2022-01-02,20:00:00,0,0,0,FMN GV 18 Kasterlee
84,Oudemolsedijk,2022-01-02,21:00:00,0,0,0,FMN GV 18 Kasterlee
84,Oudemolsedijk,2022-01-02,22:00:00,1,0,1,FMN GV 18 Kasterlee
84,Oudemolsedijk,2022-01-02,23:00:00,0,0,0,FMN GV 18 Kasterlee
84,Oudemolsedijk,2022-01-03,00:00:00,1,0,1,FMN GV 18 Kasterlee
84,Oudemolsedijk,2022-01-03,01:00:00,0,0,0,FMN GV 18 Kasterlee
84,Oudemolsedijk,2022-01-03,02:00:00,0,0,0,FMN GV 18 Kasterlee
84,Oudemolsedijk,2022-01-03,03:00:00,0,0,0,FMN GV 18 Kasterlee
84,Oudemolsedijk,2022-01-03,04:00:00,2,1,1,FMN GV 18 Kasterlee
84,Oudemolsedijk,2022-01-03,05:00:00,3,3,0,FMN GV 18 Kasterlee
84,Oudemolsedijk,2022-01-03,06:00:00,6,4,2,FMN GV 18 Kasterlee
84,Oudemolsedijk,2022-01-03,07:00:00,7,3,4,FMN GV 18 Kasterlee
84,Oudemolsedijk,2022-01-03,08:00:00,3,1,2,FMN GV 18 Kasterlee
84,Oudemolsedijk,2022-01-03,09:00:00,2,0,2,FMN GV 18 Kasterlee
84,Oudemolsedijk,2022-01-03,10:00:00,6,1,5,FMN GV 18 Kasterlee
84,Oudemolsedijk,2022-01-03,11:00:00,22,3,19,FMN GV 18 Kasterlee
84,Oudemolsedijk,2022-01-03,12:00:00,7,6,1,FMN GV 18 Kasterlee
84,Oudemolsedijk,2022-01-03,13:00:00,11,10,1,FMN GV 18 Kasterlee
84,Oudemolsedijk,2022-01-03,14:00:00,15,6,9,FMN GV 18 Kasterlee
84,Oudemolsedijk,2022-01-03,15:00:00,8,4,4,FMN GV 18 Kasterlee
84,Oudemolsedijk,2022-01-03,16:00:00,11,7,4,FMN GV 18 Kasterlee
84,Oudemolsedijk,2022-01-03,17:00:00,6,3,3,FMN GV 18 Kasterlee
84,Oudemolsedijk,2022-01-03,18:00:00,1,0,1,FMN GV 18 Kasterlee
84,Oudemolsedijk,2022-01-03,19:00:00,3,1,2,FMN GV 18 Kasterlee
84,Oudemolsedijk,2022-01-03,20:00:00,1,0,1,FMN GV 18 Kasterlee
84,Oudemolsedijk,2022-01-03,21:00:00,0,0,0,FMN GV 18 Kasterlee
84,Oudemolsedijk,2022-01-03,22:00:00,1,0,1,FMN GV 18 Kasterlee
84,Oudemolsedijk,2022-01-03,23:00:00,0,0,0,FMN GV 18 Kasterlee
84,Oudemolsedijk,2022-01-04,00:00:00,0,0,0,FMN GV 18 Kasterlee
84,Oudemolsedijk,2022-01-04,01:00:00,0,0,0,FMN GV 18 Kasterlee
84,Oudemolsedijk,2022-01-04,02:00:00,0,0,0,FMN GV 18 Kasterlee
84,Oudemolsedijk,2022-01-04,03:00:00,0,0,0,FMN GV 18 Kasterlee
84,Oudemolsedijk,2022-01-04,04:00:00,2,1,1,FMN GV 18 Kasterlee
84,Oudemolsedijk,2022-01-04,05:00:00,4,3,1,FMN GV 18 Kasterlee
84,Oudemolsedijk,2022-01-04,06:00:00,5,3,2,FMN GV 18 Kasterlee
84,Oudemolsedijk,2022-01-04,07:00:00,6,3,3,FMN GV 18 Kasterlee
84,Oudemolsedijk,2022-01-04,08:00:00,3,1,2,FMN GV 18 Kasterlee
84,Oudemolsedijk,2022-01-04,09:00:00,5,4,1,FMN GV 18 Kasterlee
84,Oudemolsedijk,2022-01-04,10:00:00,13,8,5,FMN GV 18 Kasterlee
84,Oudemolsedijk,2022-01-04,11:00:00,8,2,6,FMN GV 18 Kasterlee
84,Oudemolsedijk,2022-01-04,12:00:00,13,7,6,FMN GV 18 Kasterlee
84,Oudemolsedijk,2022-01-04,13:00:00,6,3,3,FMN GV 18 Kasterlee
84,Oudemolsedijk,2022-01-04,14:00:00,7,5,2,FMN GV 18 Kasterlee
84,Oudemolsedijk,2022-01-04,15:00:00,3,1,2,FMN GV 18 Kasterlee
84,Oudemolsedijk,2022-01-04,16:00:00,4,3,1,FMN GV 18 Kasterlee
84,Oudemolsedijk,2022-01-04,17:00:00,6,2,4,FMN GV 18 Kasterlee
84,Oudemolsedijk,2022-01-04,18:00:00,1,1,0,FMN GV 18 Kasterlee
84,Oudemolsedijk,2022-01-04,19:00:00,0,0,0,FMN GV 18 Kasterlee
84,Oudemolsedijk,2022-01-04,20:00:00,0,0,0,FMN GV 18 Kasterlee
84,Oudemolsedijk,2022-01-04,21:00:00,0,0,0,FMN GV 18 Kasterlee
84,Oudemolsedijk,2022-01-04,22:00:00,2,0,2,FMN GV 18 Kasterlee
84,Oudemolsedijk,2022-01-04,23:00:00,0,0,0,FMN GV 18 Kasterlee
84,Oudemolsedijk,2022-01-05,00:00:00,0,0,0,FMN GV 18 Kasterlee
84,Oudemolsedijk,2022-01-05,01:00:00,0,0,0,FMN GV 18 Kasterlee
84,Oudemolsedijk,2022-01-05,02:00:00,0,0,0,FMN GV 18 Kasterlee
84,Oudemolsedijk,2022-01-05,03:00:00,0,0,0,FMN GV 18 Kasterlee
84,Oudemolsedijk,2022-01-05,04:00:00,1,1,0,FMN GV 18 Kasterlee
84,Oudemolsedijk,2022-01-05,05:00:00,4,3,1,FMN GV 18 Kasterlee
84,Oudemolsedijk,2022-01-05,06:00:00,7,4,3,FMN GV 18 Kasterlee
84,Oudemolsedijk,2022-01-05,07:00:00,5,3,2,FMN GV 18 Kasterlee
84,Oudemolsedijk,2022-01-05,08:00:00,3,0,3,FMN GV 18 Kasterlee
84,Oudemolsedijk,2022-01-05,09:00:00,9,6,3,FMN GV 18 Kasterlee
84,Oudemolsedijk,2022-01-05,10:00:00,11,8,3,FMN GV 18 Kasterlee
84,Oudemolsedijk,2022-01-05,11:00:00,13,8,5,FMN GV 18 Kasterlee
84,Oudemolsedijk,2022-01-05,12:00:00,8,2,6,FMN GV 18 Kasterlee
84,Oudemolsedijk,2022-01-05,13:00:00,12,8,4,FMN GV 18 Kasterlee
84,Oudemolsedijk,2022-01-05,14:00:00,15,11,4,FMN GV 18 Kasterlee
84,Oudemolsedijk,2022-01-05,15:00:00,16,12,4,FMN GV 18 Kasterlee
84,Oudemolsedijk,2022-01-05,16:00:00,18,9,9,FMN GV 18 Kasterlee
84,Oudemolsedijk,2022-01-05,17:00:00,6,3,3,FMN GV 18 Kasterlee
84,Oudemolsedijk,2022-01-05,18:00:00,0,0,0,FMN GV 18 Kasterlee
84,Oudemolsedijk,2022-01-05,19:00:00,1,0,1,FMN GV 18 Kasterlee
84,Oudemolsedijk,2022-01-05,20:00:00,0,0,0,FMN GV 18 Kasterlee
84,Oudemolsedijk,2022-01-05,21:00:00,0,0,0,FMN GV 18 Kasterlee
84,Oudemolsedijk,2022-01-05,22:00:00,1,0,1,FMN GV 18 Kasterlee
84,Oudemolsedijk,2022-01-05,23:00:00,0,0,0,FMN GV 18 Kasterlee
84,Oudemolsedijk,2022-01-06,00:00:00,1,0,1,FMN GV 18 Kasterlee
84,Oudemolsedijk,2022-01-06,01:00:00,0,0,0,FMN GV 18 Kasterlee
84,Oudemolsedijk,2022-01-06,02:00:00,0,0,0,FMN GV 18 Kasterlee
84,Oudemolsedijk,2022-01-06,03:00:00,0,0,0,FMN GV 18 Kasterlee
84,Oudemolsedijk,2022-01-06,04:00:00,1,1,0,FMN GV 18 Kasterlee
84,Oudemolsedijk,2022-01-06,05:00:00,5,3,2,FMN GV 18 Kasterlee
84,Oudemolsedijk,2022-01-06,06:00:00,9,3,6,FMN GV 18 Kasterlee
84,Oudemolsedijk,2022-01-06,07:00:00,6,1,5,FMN GV 18 Kasterlee
84,Oudemolsedijk,2022-01-06,08:00:00,7,3,4,FMN GV 18 Kasterlee
84,Oudemolsedijk,2022-01-06,09:00:00,5,2,3,FMN GV 18 Kasterlee
84,Oudemolsedijk,2022-01-06,10:00:00,5,0,5,FMN GV 18 Kasterlee
84,Oudemolsedijk,2022-01-06,11:00:00,8,5,3,FMN GV 18 Kasterlee
84,Oudemolsedijk,2022-01-06,12:00:00,10,4,6,FMN GV 18 Kasterlee
84,Oudemolsedijk,2022-01-06,13:00:00,41,22,19,FMN GV 18 Kasterlee
84,Oudemolsedijk,2022-01-06,14:00:00,45,26,19,FMN GV 18 Kasterlee
84,Oudemolsedijk,2022-01-06,15:00:00,41,26,15,FMN GV 18 Kasterlee
84,Oudemolsedijk,2022-01-06,16:00:00,29,20,9,FMN GV 18 Kasterlee
84,Oudemolsedijk,2022-01-06,17:00:00,8,3,5,FMN GV 18 Kasterlee
84,Oudemolsedijk,2022-01-06,18:00:00,5,3,2,FMN GV 18 Kasterlee
84,Oudemolsedijk,2022-01-06,19:00:00,2,0,2,FMN GV 18 Kasterlee
84,Oudemolsedijk,2022-01-06,20:00:00,1,0,1,FMN GV 18 Kasterlee
84,Oudemolsedijk,2022-01-06,21:00:00,2,2,0,FMN GV 18 Kasterlee
84,Oudemolsedijk,2022-01-06,22:00:00,2,0,2,FMN GV 18 Kasterlee
84,Oudemolsedijk,2022-01-06,23:00:00,1,1,0,FMN GV 18 Kasterlee
84,Oudemolsedijk,2022-01-07,00:00:00,0,0,0,FMN GV 18 Kasterlee
84,Oudemolsedijk,2022-01-07,01:00:00,0,0,0,FMN GV 18 Kasterlee
84,Oudemolsedijk,2022-01-07,02:00:00,0,0,0,FMN GV 18 Kasterlee
84,Oudemolsedijk,2022-01-07,03:00:00,0,0,0,FMN GV 18 Kasterlee
84,Oudemolsedijk,2022-01-07,04:00:00,1,1,0,FMN GV 18 Kasterlee
84,Oudemolsedijk,2022-01-07,05:00:00,2,1,1,FMN GV 18 Kasterlee
84,Oudemolsedijk,2022-01-07,06:00:00,5,1,4,FMN GV 18 Kasterlee
84,Oudemolsedijk,2022-01-07,07:00:00,2,2,0,FMN GV 18 Kasterlee
84,Oudemolsedijk,2022-01-07,08:00:00,2,1,1,FMN GV 18 Kasterlee
84,Oudemolsedijk,2022-01-07,09:00:00,4,1,3,FMN GV 18 Kasterlee
84,Oudemolsedijk,2022-01-07,10:00:00,10,4,6,FMN GV 18 Kasterlee
84,Oudemolsedijk,2022-01-07,11:00:00,10,9,1,FMN GV 18 Kasterlee
84,Oudemolsedijk,2022-01-07,12:00:00,8,3,5,FMN GV 18 Kasterlee
84,Oudemolsedijk,2022-01-07,13:00:00,9,6,3,FMN GV 18 Kasterlee
84,Oudemolsedijk,2022-01-07,14:00:00,8,4,4,FMN GV 18 Kasterlee
84,Oudemolsedijk,2022-01-07,15:00:00,11,4,7,FMN GV 18 Kasterlee
84,Oudemolsedijk,2022-01-07,16:00:00,3,3,0,FMN GV 18 Kasterlee
84,Oudemolsedijk,2022-01-07,17:00:00,5,2,3,FMN GV 18 Kasterlee
84,Oudemolsedijk,2022-01-07,18:00:00,4,3,1,FMN GV 18 Kasterlee
84,Oudemolsedijk,2022-01-07,19:00:00,2,2,0,FMN GV 18 Kasterlee
84,Oudemolsedijk,2022-01-07,20:00:00,1,0,1,FMN GV 18 Kasterlee
84,Oudemolsedijk,2022-01-07,21:00:00,0,0,0,FMN GV 18 Kasterlee
84,Oudemolsedijk,2022-01-07,22:00:00,1,1,0,FMN GV 18 Kasterlee
84,Oudemolsedijk,2022-01-07,23:00:00,2,2,0,FMN GV 18 Kasterlee
84,Oudemolsedijk,2022-01-08,00:00:00,2,0,2,FMN GV 18 Kasterlee
84,Oudemolsedijk,2022-01-08,01:00:00,0,0,0,FMN GV 18 Kasterlee
84,Oudemolsedijk,2022-01-08,02:00:00,0,0,0,FMN GV 18 Kasterlee
84,Oudemolsedijk,2022-01-08,03:00:00,0,0,0,FMN GV 18 Kasterlee
84,Oudemolsedijk,2022-01-08,04:00:00,0,0,0,FMN GV 18 Kasterlee
84,Oudemolsedijk,2022-01-08,05:00:00,0,0,0,FMN GV 18 Kasterlee
84,Oudemolsedijk,2022-01-08,06:00:00,6,4,2,FMN GV 18 Kasterlee
84,Oudemolsedijk,2022-01-08,07:00:00,0,0,0,FMN GV 18 Kasterlee
84,Oudemolsedijk,2022-01-08,08:00:00,2,0,2,FMN GV 18 Kasterlee
84,Oudemolsedijk,2022-01-08,09:00:00,3,0,3,FMN GV 18 Kasterlee
84,Oudemolsedijk,2022-01-08,10:00:00,22,11,11,FMN GV 18 Kasterlee
84,Oudemolsedijk,2022-01-08,11:00:00,24,16,8,FMN GV 18 Kasterlee
84,Oudemolsedijk,2022-01-08,12:00:00,27,16,11,FMN GV 18 Kasterlee
84,Oudemolsedijk,2022-01-08,13:00:00,5,2,3,FMN GV 18 Kasterlee
84,Oudemolsedijk,2022-01-08,14:00:00,9,2,7,FMN GV 18 Kasterlee
84,Oudemolsedijk,2022-01-08,15:00:00,12,4,8,FMN GV 18 Kasterlee
84,Oudemolsedijk,2022-01-08,16:00:00,4,4,0,FMN GV 18 Kasterlee
84,Oudemolsedijk,2022-01-08,17:00:00,4,3,1,FMN GV 18 Kasterlee
84,Oudemolsedijk,2022-01-08,18:00:00,0,0,0,FMN GV 18 Kasterlee
84,Oudemolsedijk,2022-01-08,19:00:00,0,0,0,FMN GV 18 Kasterlee
84,Oudemolsedijk,2022-01-08,20:00:00,0,0,0,FMN GV 18 Kasterlee
84,Oudemolsedijk,2022-01-08,21:00:00,0,0,0,FMN GV 18 Kasterlee
84,Oudemolsedijk,2022-01-08,22:00:00,0,0,0,FMN GV 18 Kasterlee
84,Oudemolsedijk,2022-01-08,23:00:00,2,0,2,FMN GV 18 Kasterlee
84,Oudemolsedijk,2022-01-09,00:00:00,0,0,0,FMN GV 18 Kasterlee
84,Oudemolsedijk,2022-01-09,01:00:00,0,0,0,FMN GV 18 Kasterlee
84,Oudemolsedijk,2022-01-09,02:00:00,0,0,0,FMN GV 18 Kasterlee
84,Oudemolsedijk,2022-01-09,03:00:00,0,0,0,FMN GV 18 Kasterlee
84,Oudemolsedijk,2022-01-09,04:00:00,1,1,0,FMN GV 18 Kasterlee
84,Oudemolsedijk,2022-01-09,05:00:00,0,0,0,FMN GV 18 Kasterlee
84,Oudemolsedijk,2022-01-09,06:00:00,0,0,0,FMN GV 18 Kasterlee
84,Oudemolsedijk,2022-01-09,07:00:00,1,0,1,FMN GV 18 Kasterlee
84,Oudemolsedijk,2022-01-09,08:00:00,5,0,5,FMN GV 18 Kasterlee
84,Oudemolsedijk,2022-01-09,09:00:00,27,10,17,FMN GV 18 Kasterlee
84,Oudemolsedijk,2022-01-09,10:00:00,52,25,27,FMN GV 18 Kasterlee
84,Oudemolsedijk,2022-01-09,11:00:00,52,21,31,FMN GV 18 Kasterlee
84,Oudemolsedijk,2022-01-09,12:00:00,25,18,7,FMN GV 18 Kasterlee
84,Oudemolsedijk,2022-01-09,13:00:00,19,8,11,FMN GV 18 Kasterlee
84,Oudemolsedijk,2022-01-09,14:00:00,18,10,8,FMN GV 18 Kasterlee
84,Oudemolsedijk,2022-01-09,15:00:00,16,12,4,FMN GV 18 Kasterlee
84,Oudemolsedijk,2022-01-09,16:00:00,10,10,0,FMN GV 18 Kasterlee
84,Oudemolsedijk,2022-01-09,17:00:00,6,1,5,FMN GV 18 Kasterlee
84,Oudemolsedijk,2022-01-09,18:00:00,3,2,1,FMN GV 18 Kasterlee
84,Oudemolsedijk,2022-01-09,19:00:00,1,1,0,FMN GV 18 Kasterlee
84,Oudemolsedijk,2022-01-09,20:00:00,0,0,0,FMN GV 18 Kasterlee
84,Oudemolsedijk,2022-01-09,21:00:00,0,0,0,FMN GV 18 Kasterlee
84,Oudemolsedijk,2022-01-09,22:00:00,1,1,0,FMN GV 18 Kasterlee
84,Oudemolsedijk,2022-01-09,23:00:00,0,0,0,FMN GV 18 Kasterlee
84,Oudemolsedijk,2022-01-10,00:00:00,0,0,0,FMN GV 18 Kasterlee
84,Oudemolsedijk,2022-01-10,01:00:00,0,0,0,FMN GV 18 Kasterlee
84,Oudemolsedijk,2022-01-10,02:00:00,0,0,0,FMN GV 18 Kasterlee
84,Oudemolsedijk,2022-01-10,03:00:00,0,0,0,FMN GV 18 Kasterlee
84,Oudemolsedijk,2022-01-10,04:00:00,0,0,0,FMN GV 18 Kasterlee
84,Oudemolsedijk,2022-01-10,05:00:00,4,4,0,FMN GV 18 Kasterlee
84,Oudemolsedijk,2022-01-10,06:00:00,13,6,7,FMN GV 18 Kasterlee
84,Oudemolsedijk,2022-01-10,07:00:00,21,14,7,FMN GV 18 Kasterlee
84,Oudemolsedijk,2022-01-10,08:00:00,7,5,2,FMN GV 18 Kasterlee
84,Oudemolsedijk,2022-01-10,09:00:00,5,2,3,FMN GV 18 Kasterlee
84,Oudemolsedijk,2022-01-10,10:00:00,6,2,4,FMN GV 18 Kasterlee
84,Oudemolsedijk,2022-01-10,11:00:00,6,3,3,FMN GV 18 Kasterlee
84,Oudemolsedijk,2022-01-10,12:00:00,6,3,3,FMN GV 18 Kasterlee
84,Oudemolsedijk,2022-01-10,13:00:00,19,8,11,FMN GV 18 Kasterlee
84,Oudemolsedijk,2022-01-10,14:00:00,26,16,10,FMN GV 18 Kasterlee
84,Oudemolsedijk,2022-01-10,15:00:00,35,7,28,FMN GV 18 Kasterlee
84,Oudemolsedijk,2022-01-10,16:00:00,30,10,20,FMN GV 18 Kasterlee
84,Oudemolsedijk,2022-01-10,17:00:00,11,4,7,FMN GV 18 Kasterlee
84,Oudemolsedijk,2022-01-10,18:00:00,5,1,4,FMN GV 18 Kasterlee
84,Oudemolsedijk,2022-01-10,19:00:00,0,0,0,FMN GV 18 Kasterlee
84,Oudemolsedijk,2022-01-10,20:00:00,1,0,1,FMN GV 18 Kasterlee
84,Oudemolsedijk,2022-01-10,21:00:00,1,0,1,FMN GV 18 Kasterlee
84,Oudemolsedijk,2022-01-10,22:00:00,3,1,2,FMN GV 18 Kasterlee
84,Oudemolsedijk,2022-01-10,23:00:00,0,0,0,FMN GV 18 Kasterlee
84,Oudemolsedijk,2022-01-11,00:00:00,0,0,0,FMN GV 18 Kasterlee
84,Oudemolsedijk,2022-01-11,01:00:00,0,0,0,FMN GV 18 Kasterlee
84,Oudemolsedijk,2022-01-11,02:00:00,0,0,0,FMN GV 18 Kasterlee
84,Oudemolsedijk,2022-01-11,03:00:00,0,0,0,FMN GV 18 Kasterlee
84,Oudemolsedijk,2022-01-11,04:00:00,4,3,1,FMN GV 18 Kasterlee
84,Oudemolsedijk,2022-01-11,05:00:00,5,5,0,FMN GV 18 Kasterlee
84,Oudemolsedijk,2022-01-11,06:00:00,11,5,6,FMN GV 18 Kasterlee
84,Oudemolsedijk,2022-01-11,07:00:00,13,7,6,FMN GV 18 Kasterlee
84,Oudemolsedijk,2022-01-11,08:00:00,14,9,5,FMN GV 18 Kasterlee
84,Oudemolsedijk,2022-01-11,09:00:00,4,0,4,FMN GV 18 Kasterlee
84,Oudemolsedijk,2022-01-11,10:00:00,3,1,2,FMN GV 18 Kasterlee
84,Oudemolsedijk,2022-01-11,11:00:00,14,4,10,FMN GV 18 Kasterlee
84,Oudemolsedijk,2022-01-11,12:00:00,14,7,7,FMN GV 18 Kasterlee
84,Oudemolsedijk,2022-01-11,13:00:00,72,32,40,FMN GV 18 Kasterlee
84,Oudemolsedijk,2022-01-11,14:00:00,36,19,17,FMN GV 18 Kasterlee
84,Oudemolsedijk,2022-01-11,15:00:00,30,16,14,FMN GV 18 Kasterlee
84,Oudemolsedijk,2022-01-11,16:00:00,34,22,12,FMN GV 18 Kasterlee
84,Oudemolsedijk,2022-01-11,17:00:00,7,3,4,FMN GV 18 Kasterlee
84,Oudemolsedijk,2022-01-11,18:00:00,2,1,1,FMN GV 18 Kasterlee
84,Oudemolsedijk,2022-01-11,19:00:00,2,1,1,FMN GV 18 Kasterlee
84,Oudemolsedijk,2022-01-11,20:00:00,1,0,1,FMN GV 18 Kasterlee
84,Oudemolsedijk,2022-01-11,21:00:00,2,0,2,FMN GV 18 Kasterlee
84,Oudemolsedijk,2022-01-11,22:00:00,6,1,5,FMN GV 18 Kasterlee
84,Oudemolsedijk,2022-01-11,23:00:00,0,0,0,FMN GV 18 Kasterlee
84,Oudemolsedijk,2022-01-12,00:00:00,0,0,0,FMN GV 18 Kasterlee
84,Oudemolsedijk,2022-01-12,01:00:00,0,0,0,FMN GV 18 Kasterlee
84,Oudemolsedijk,2022-01-12,02:00:00,0,0,0,FMN GV 18 Kasterlee
84,Oudemolsedijk,2022-01-12,03:00:00,0,0,0,FMN GV 18 Kasterlee
84,Oudemolsedijk,2022-01-12,04:00:00,1,0,1,FMN GV 18 Kasterlee
84,Oudemolsedijk,2022-01-12,05:00:00,3,3,0,FMN GV 18 Kasterlee
84,Oudemolsedijk,2022-01-12,06:00:00,5,2,3,FMN GV 18 Kasterlee
84,Oudemolsedijk,2022-01-12,07:00:00,13,9,4,FMN GV 18 Kasterlee
84,Oudemolsedijk,2022-01-12,08:00:00,8,7,1,FMN GV 18 Kasterlee
84,Oudemolsedijk,2022-01-12,09:00:00,12,10,2,FMN GV 18 Kasterlee
84,Oudemolsedijk,2022-01-12,10:00:00,4,2,2,FMN GV 18 Kasterlee
84,Oudemolsedijk,2022-01-12,11:00:00,5,3,2,FMN GV 18 Kasterlee
84,Oudemolsedijk,2022-01-12,12:00:00,19,5,14,FMN GV 18 Kasterlee
84,Oudemolsedijk,2022-01-12,13:00:00,21,10,11,FMN GV 18 Kasterlee
84,Oudemolsedijk,2022-01-12,14:00:00,19,8,11,FMN GV 18 Kasterlee
84,Oudemolsedijk,2022-01-12,15:00:00,23,12,11,FMN GV 18 Kasterlee
84,Oudemolsedijk,2022-01-12,16:00:00,7,4,3,FMN GV 18 Kasterlee
84,Oudemolsedijk,2022-01-12,17:00:00,7,3,4,FMN GV 18 Kasterlee
84,Oudemolsedijk,2022-01-12,18:00:00,2,0,2,FMN GV 18 Kasterlee
84,Oudemolsedijk,2022-01-12,19:00:00,6,6,0,FMN GV 18 Kasterlee
84,Oudemolsedijk,2022-01-12,20:00:00,3,2,1,FMN GV 18 Kasterlee
84,Oudemolsedijk,2022-01-12,21:00:00,1,0,1,FMN GV 18 Kasterlee
84,Oudemolsedijk,2022-01-12,22:00:00,5,1,4,FMN GV 18 Kasterlee
84,Oudemolsedijk,2022-01-12,23:00:00,0,0,0,FMN GV 18 Kasterlee
84,Oudemolsedijk,2022-01-13,00:00:00,0,0,0,FMN GV 18 Kasterlee
84,Oudemolsedijk,2022-01-13,01:00:00,0,0,0,FMN GV 18 Kasterlee
84,Oudemolsedijk,2022-01-13,02:00:00,0,0,0,FMN GV 18 Kasterlee
84,Oudemolsedijk,2022-01-13,03:00:00,0,0,0,FMN GV 18 Kasterlee
84,Oudemolsedijk,2022-01-13,04:00:00,0,0,0,FMN GV 18 Kasterlee
84,Oudemolsedijk,2022-01-13,05:00:00,2,2,0,FMN GV 18 Kasterlee
84,Oudemolsedijk,2022-01-13,06:00:00,9,3,6,FMN GV 18 Kasterlee
84,Oudemolsedijk,2022-01-13,07:00:00,9,4,5,FMN GV 18 Kasterlee
84,Oudemolsedijk,2022-01-13,08:00:00,16,10,6,FMN GV 18 Kasterlee
84,Oudemolsedijk,2022-01-13,09:00:00,3,0,3,FMN GV 18 Kasterlee
84,Oudemolsedijk,2022-01-13,10:00:00,3,1,2,FMN GV 18 Kasterlee
84,Oudemolsedijk,2022-01-13,11:00:00,2,1,1,FMN GV 18 Kasterlee
84,Oudemolsedijk,2022-01-13,12:00:00,14,9,5,FMN GV 18 Kasterlee
84,Oudemolsedijk,2022-01-13,13:00:00,17,7,10,FMN GV 18 Kasterlee
84,Oudemolsedijk,2022-01-13,14:00:00,22,13,9,FMN GV 18 Kasterlee
84,Oudemolsedijk,2022-01-13,15:00:00,23,18,5,FMN GV 18 Kasterlee
84,Oudemolsedijk,2022-01-13,16:00:00,25,12,13,FMN GV 18 Kasterlee
84,Oudemolsedijk,2022-01-13,17:00:00,13,5,8,FMN GV 18 Kasterlee
84,Oudemolsedijk,2022-01-13,18:00:00,5,1,4,FMN GV 18 Kasterlee
84,Oudemolsedijk,2022-01-13,19:00:00,1,0,1,FMN GV 18 Kasterlee
84,Oudemolsedijk,2022-01-13,20:00:00,1,0,1,FMN GV 18 Kasterlee
84,Oudemolsedijk,2022-01-13,21:00:00,1,0,1,FMN GV 18 Kasterlee
84,Oudemolsedijk,2022-01-13,22:00:00,3,1,2,FMN GV 18 Kasterlee
84,Oudemolsedijk,2022-01-13,23:00:00,1,1,0,FMN GV 18 Kasterlee
84,Oudemolsedijk,2022-01-14,00:00:00,0,0,0,FMN GV 18 Kasterlee
84,Oudemolsedijk,2022-01-14,01:00:00,1,1,0,FMN GV 18 Kasterlee
84,Oudemolsedijk,2022-01-14,02:00:00,0,0,0,FMN GV 18 Kasterlee
84,Oudemolsedijk,2022-01-14,03:00:00,0,0,0,FMN GV 18 Kasterlee
84,Oudemolsedijk,2022-01-14,04:00:00,0,0,0,FMN GV 18 Kasterlee
84,Oudemolsedijk,2022-01-14,05:00:00,2,2,0,FMN GV 18 Kasterlee
84,Oudemolsedijk,2022-01-14,06:00:00,8,2,6,FMN GV 18 Kasterlee
84,Oudemolsedijk,2022-01-14,07:00:00,9,6,3,FMN GV 18 Kasterlee
84,Oudemolsedijk,2022-01-14,08:00:00,6,3,3,FMN GV 18 Kasterlee
84,Oudemolsedijk,2022-01-14,09:00:00,3,1,2,FMN GV 18 Kasterlee
84,Oudemolsedijk,2022-01-14,10:00:00,6,3,3,FMN GV 18 Kasterlee
84,Oudemolsedijk,2022-01-14,11:00:00,11,9,2,FMN GV 18 Kasterlee
84,Oudemolsedijk,2022-01-14,12:00:00,14,5,9,FMN GV 18 Kasterlee
84,Oudemolsedijk,2022-01-14,13:00:00,24,13,11,FMN GV 18 Kasterlee
84,Oudemolsedijk,2022-01-14,14:00:00,16,10,6,FMN GV 18 Kasterlee
84,Oudemolsedijk,2022-01-14,15:00:00,19,13,6,FMN GV 18 Kasterlee
84,Oudemolsedijk,2022-01-14,16:00:00,19,10,9,FMN GV 18 Kasterlee
84,Oudemolsedijk,2022-01-14,17:00:00,8,3,5,FMN GV 18 Kasterlee
84,Oudemolsedijk,2022-01-14,18:00:00,6,3,3,FMN GV 18 Kasterlee
84,Oudemolsedijk,2022-01-14,19:00:00,1,1,0,FMN GV 18 Kasterlee
84,Oudemolsedijk,2022-01-14,20:00:00,2,1,1,FMN GV 18 Kasterlee
84,Oudemolsedijk,2022-01-14,21:00:00,0,0,0,FMN GV 18 Kasterlee
84,Oudemolsedijk,2022-01-14,22:00:00,3,1,2,FMN GV 18 Kasterlee
84,Oudemolsedijk,2022-01-14,23:00:00,2,0,2,FMN GV 18 Kasterlee
84,Oudemolsedijk,2022-01-15,00:00:00,0,0,0,FMN GV 18 Kasterlee
84,Oudemolsedijk,2022-01-15,01:00:00,0,0,0,FMN GV 18 Kasterlee
84,Oudemolsedijk,2022-01-15,02:00:00,0,0,0,FMN GV 18 Kasterlee
84,Oudemolsedijk,2022-01-15,03:00:00,0,0,0,FMN GV 18 Kasterlee
84,Oudemolsedijk,2022-01-15,04:00:00,0,0,0,FMN GV 18 Kasterlee
84,Oudemolsedijk,2022-01-15,05:00:00,0,0,0,FMN GV 18 Kasterlee
84,Oudemolsedijk,2022-01-15,06:00:00,2,1,1,FMN GV 18 Kasterlee
84,Oudemolsedijk,2022-01-15,07:00:00,0,0,0,FMN GV 18 Kasterlee
84,Oudemolsedijk,2022-01-15,08:00:00,3,0,3,FMN GV 18 Kasterlee
84,Oudemolsedijk,2022-01-15,09:00:00,9,4,5,FMN GV 18 Kasterlee
84,Oudemolsedijk,2022-01-15,10:00:00,12,7,5,FMN GV 18 Kasterlee
84,Oudemolsedijk,2022-01-15,11:00:00,21,5,16,FMN GV 18 Kasterlee
84,Oudemolsedijk,2022-01-15,12:00:00,26,9,17,FMN GV 18 Kasterlee
84,Oudemolsedijk,2022-01-15,13:00:00,38,23,15,FMN GV 18 Kasterlee
84,Oudemolsedijk,2022-01-15,14:00:00,75,41,34,FMN GV 18 Kasterlee
84,Oudemolsedijk,2022-01-15,15:00:00,44,25,19,FMN GV 18 Kasterlee
84,Oudemolsedijk,2022-01-15,16:00:00,33,21,12,FMN GV 18 Kasterlee
84,Oudemolsedijk,2022-01-15,17:00:00,3,3,0,FMN GV 18 Kasterlee
84,Oudemolsedijk,2022-01-15,18:00:00,1,1,0,FMN GV 18 Kasterlee
84,Oudemolsedijk,2022-01-15,19:00:00,0,0,0,FMN GV 18 Kasterlee
84,Oudemolsedijk,2022-01-15,20:00:00,0,0,0,FMN GV 18 Kasterlee
84,Oudemolsedijk,2022-01-15,21:00:00,0,0,0,FMN GV 18 Kasterlee
84,Oudemolsedijk,2022-01-15,22:00:00,2,2,0,FMN GV 18 Kasterlee
84,Oudemolsedijk,2022-01-15,23:00:00,0,0,0,FMN GV 18 Kasterlee
84,Oudemolsedijk,2022-01-16,00:00:00,0,0,0,FMN GV 18 Kasterlee
84,Oudemolsedijk,2022-01-16,01:00:00,0,0,0,FMN GV 18 Kasterlee
84,Oudemolsedijk,2022-01-16,02:00:00,0,0,0,FMN GV 18 Kasterlee
84,Oudemolsedijk,2022-01-16,03:00:00,0,0,0,FMN GV 18 Kasterlee
84,Oudemolsedijk,2022-01-16,04:00:00,0,0,0,FMN GV 18 Kasterlee
84,Oudemolsedijk,2022-01-16,05:00:00,0,0,0,FMN GV 18 Kasterlee
84,Oudemolsedijk,2022-01-16,06:00:00,2,1,1,FMN GV 18 Kasterlee
84,Oudemolsedijk,2022-01-16,07:00:00,1,0,1,FMN GV 18 Kasterlee
84,Oudemolsedijk,2022-01-16,08:00:00,6,0,6,FMN GV 18 Kasterlee
84,Oudemolsedijk,2022-01-16,09:00:00,41,27,14,FMN GV 18 Kasterlee
84,Oudemolsedijk,2022-01-16,10:00:00,84,43,41,FMN GV 18 Kasterlee
84,Oudemolsedijk,2022-01-16,11:00:00,59,18,41,FMN GV 18 Kasterlee
84,Oudemolsedijk,2022-01-16,12:00:00,17,14,3,FMN GV 18 Kasterlee
84,Oudemolsedijk,2022-01-16,13:00:00,13,7,6,FMN GV 18 Kasterlee
84,Oudemolsedijk,2022-01-16,14:00:00,30,17,13,FMN GV 18 Kasterlee
84,Oudemolsedijk,2022-01-16,15:00:00,13,7,6,FMN GV 18 Kasterlee
84,Oudemolsedijk,2022-01-16,16:00:00,7,5,2,FMN GV 18 Kasterlee
84,Oudemolsedijk,2022-01-16,17:00:00,3,0,3,FMN GV 18 Kasterlee
84,Oudemolsedijk,2022-01-16,18:00:00,1,1,0,FMN GV 18 Kasterlee
84,Oudemolsedijk,2022-01-16,19:00:00,0,0,0,FMN GV 18 Kasterlee
84,Oudemolsedijk,2022-01-16,20:00:00,0,0,0,FMN GV 18 Kasterlee
84,Oudemolsedijk,2022-01-16,21:00:00,1,1,0,FMN GV 18 Kasterlee
84,Oudemolsedijk,2022-01-16,22:00:00,0,0,0,FMN GV 18 Kasterlee
84,Oudemolsedijk,2022-01-16,23:00:00,0,0,0,FMN GV 18 Kasterlee
84,Oudemolsedijk,2022-01-17,00:00:00,0,0,0,FMN GV 18 Kasterlee
84,Oudemolsedijk,2022-01-17,01:00:00,0,0,0,FMN GV 18 Kasterlee
84,Oudemolsedijk,2022-01-17,02:00:00,0,0,0,FMN GV 18 Kasterlee
84,Oudemolsedijk,2022-01-17,03:00:00,0,0,0,FMN GV 18 Kasterlee
84,Oudemolsedijk,2022-01-17,04:00:00,2,1,1,FMN GV 18 Kasterlee
84,Oudemolsedijk,2022-01-17,05:00:00,5,5,0,FMN GV 18 Kasterlee
84,Oudemolsedijk,2022-01-17,06:00:00,15,6,9,FMN GV 18 Kasterlee
84,Oudemolsedijk,2022-01-17,07:00:00,12,9,3,FMN GV 18 Kasterlee
84,Oudemolsedijk,2022-01-17,08:00:00,13,8,5,FMN GV 18 Kasterlee
84,Oudemolsedijk,2022-01-17,09:00:00,6,5,1,FMN GV 18 Kasterlee
84,Oudemolsedijk,2022-01-17,10:00:00,10,5,5,FMN GV 18 Kasterlee
84,Oudemolsedijk,2022-01-17,11:00:00,9,3,6,FMN GV 18 Kasterlee
84,Oudemolsedijk,2022-01-17,12:00:00,23,9,14,FMN GV 18 Kasterlee
84,Oudemolsedijk,2022-01-17,13:00:00,23,12,11,FMN GV 18 Kasterlee
84,Oudemolsedijk,2022-01-17,14:00:00,47,17,30,FMN GV 18 Kasterlee
84,Oudemolsedijk,2022-01-17,15:00:00,53,40,13,FMN GV 18 Kasterlee
84,Oudemolsedijk,2022-01-17,16:00:00,31,8,23,FMN GV 18 Kasterlee
84,Oudemolsedijk,2022-01-17,17:00:00,9,4,5,FMN GV 18 Kasterlee
84,Oudemolsedijk,2022-01-17,18:00:00,5,0,5,FMN GV 18 Kasterlee
84,Oudemolsedijk,2022-01-17,19:00:00,0,0,0,FMN GV 18 Kasterlee
84,Oudemolsedijk,2022-01-17,20:00:00,0,0,0,FMN GV 18 Kasterlee
84,Oudemolsedijk,2022-01-17,21:00:00,2,2,0,FMN GV 18 Kasterlee
84,Oudemolsedijk,2022-01-17,22:00:00,1,0,1,FMN GV 18 Kasterlee
84,Oudemolsedijk,2022-01-17,23:00:00,1,1,0,FMN GV 18 Kasterlee
84,Oudemolsedijk,2022-01-18,00:00:00,0,0,0,FMN GV 18 Kasterlee
84,Oudemolsedijk,2022-01-18,01:00:00,0,0,0,FMN GV 18 Kasterlee
84,Oudemolsedijk,2022-01-18,02:00:00,0,0,0,FMN GV 18 Kasterlee
84,Oudemolsedijk,2022-01-18,03:00:00,0,0,0,FMN GV 18 Kasterlee
84,Oudemolsedijk,2022-01-18,04:00:00,1,1,0,FMN GV 18 Kasterlee
84,Oudemolsedijk,2022-01-18,05:00:00,4,4,0,FMN GV 18 Kasterlee
84,Oudemolsedijk,2022-01-18,06:00:00,17,9,8,FMN GV 18 Kasterlee
84,Oudemolsedijk,2022-01-18,07:00:00,13,9,4,FMN GV 18 Kasterlee
84,Oudemolsedijk,2022-01-18,08:00:00,15,10,5,FMN GV 18 Kasterlee
84,Oudemolsedijk,2022-01-18,09:00:00,7,4,3,FMN GV 18 Kasterlee
84,Oudemolsedijk,2022-01-18,10:00:00,17,9,8,FMN GV 18 Kasterlee
84,Oudemolsedijk,2022-01-18,11:00:00,13,9,4,FMN GV 18 Kasterlee
84,Oudemolsedijk,2022-01-18,12:00:00,17,4,13,FMN GV 18 Kasterlee
84,Oudemolsedijk,2022-01-18,13:00:00,45,24,21,FMN GV 18 Kasterlee
84,Oudemolsedijk,2022-01-18,14:00:00,61,33,28,FMN GV 18 Kasterlee
84,Oudemolsedijk,2022-01-18,15:00:00,47,34,13,FMN GV 18 Kasterlee
84,Oudemolsedijk,2022-01-18,16:00:00,58,26,32,FMN GV 18 Kasterlee
84,Oudemolsedijk,2022-01-18,17:00:00,12,8,4,FMN GV 18 Kasterlee
84,Oudemolsedijk,2022-01-18,18:00:00,4,1,3,FMN GV 18 Kasterlee
84,Oudemolsedijk,2022-01-18,19:00:00,6,1,5,FMN GV 18 Kasterlee
84,Oudemolsedijk,2022-01-18,20:00:00,7,6,1,FMN GV 18 Kasterlee
84,Oudemolsedijk,2022-01-18,21:00:00,3,2,1,FMN GV 18 Kasterlee
84,Oudemolsedijk,2022-01-18,22:00:00,2,1,1,FMN GV 18 Kasterlee
84,Oudemolsedijk,2022-01-18,23:00:00,0,0,0,FMN GV 18 Kasterlee
84,Oudemolsedijk,2022-01-19,00:00:00,0,0,0,FMN GV 18 Kasterlee
84,Oudemolsedijk,2022-01-19,01:00:00,0,0,0,FMN GV 18 Kasterlee
84,Oudemolsedijk,2022-01-19,02:00:00,0,0,0,FMN GV 18 Kasterlee
84,Oudemolsedijk,2022-01-19,03:00:00,0,0,0,FMN GV 18 Kasterlee
84,Oudemolsedijk,2022-01-19,04:00:00,1,1,0,FMN GV 18 Kasterlee
84,Oudemolsedijk,2022-01-19,05:00:00,5,5,0,FMN GV 18 Kasterlee
84,Oudemolsedijk,2022-01-19,06:00:00,16,8,8,FMN GV 18 Kasterlee
84,Oudemolsedijk,2022-01-19,07:00:00,10,7,3,FMN GV 18 Kasterlee
84,Oudemolsedijk,2022-01-19,08:00:00,4,3,1,FMN GV 18 Kasterlee
84,Oudemolsedijk,2022-01-19,09:00:00,15,13,2,FMN GV 18 Kasterlee
84,Oudemolsedijk,2022-01-19,10:00:00,12,9,3,FMN GV 18 Kasterlee
84,Oudemolsedijk,2022-01-19,11:00:00,9,4,5,FMN GV 18 Kasterlee
84,Oudemolsedijk,2022-01-19,12:00:00,16,6,10,FMN GV 18 Kasterlee
84,Oudemolsedijk,2022-01-19,13:00:00,23,14,9,FMN GV 18 Kasterlee
84,Oudemolsedijk,2022-01-19,14:00:00,15,6,9,FMN GV 18 Kasterlee
84,Oudemolsedijk,2022-01-19,15:00:00,18,11,7,FMN GV 18 Kasterlee
84,Oudemolsedijk,2022-01-19,16:00:00,20,8,12,FMN GV 18 Kasterlee
84,Oudemolsedijk,2022-01-19,17:00:00,5,2,3,FMN GV 18 Kasterlee
84,Oudemolsedijk,2022-01-19,18:00:00,4,1,3,FMN GV 18 Kasterlee
84,Oudemolsedijk,2022-01-19,19:00:00,3,3,0,FMN GV 18 Kasterlee
84,Oudemolsedijk,2022-01-19,20:00:00,1,0,1,FMN GV 18 Kasterlee
84,Oudemolsedijk,2022-01-19,21:00:00,2,1,1,FMN GV 18 Kasterlee
84,Oudemolsedijk,2022-01-19,22:00:00,1,0,1,FMN GV 18 Kasterlee
84,Oudemolsedijk,2022-01-19,23:00:00,0,0,0,FMN GV 18 Kasterlee
84,Oudemolsedijk,2022-01-20,00:00:00,0,0,0,FMN GV 18 Kasterlee
84,Oudemolsedijk,2022-01-20,01:00:00,0,0,0,FMN GV 18 Kasterlee
84,Oudemolsedijk,2022-01-20,02:00:00,0,0,0,FMN GV 18 Kasterlee
84,Oudemolsedijk,2022-01-20,03:00:00,0,0,0,FMN GV 18 Kasterlee
84,Oudemolsedijk,2022-01-20,04:00:00,1,1,0,FMN GV 18 Kasterlee
84,Oudemolsedijk,2022-01-20,05:00:00,3,3,0,FMN GV 18 Kasterlee
84,Oudemolsedijk,2022-01-20,06:00:00,11,5,6,FMN GV 18 Kasterlee
84,Oudemolsedijk,2022-01-20,07:00:00,9,7,2,FMN GV 18 Kasterlee
84,Oudemolsedijk,2022-01-20,08:00:00,8,5,3,FMN GV 18 Kasterlee
84,Oudemolsedijk,2022-01-20,09:00:00,3,0,3,FMN GV 18 Kasterlee
84,Oudemolsedijk,2022-01-20,10:00:00,9,1,8,FMN GV 18 Kasterlee
84,Oudemolsedijk,2022-01-20,11:00:00,4,2,2,FMN GV 18 Kasterlee
84,Oudemolsedijk,2022-01-20,12:00:00,7,3,4,FMN GV 18 Kasterlee
84,Oudemolsedijk,2022-01-20,13:00:00,19,9,10,FMN GV 18 Kasterlee
84,Oudemolsedijk,2022-01-20,14:00:00,21,7,14,FMN GV 18 Kasterlee
84,Oudemolsedijk,2022-01-20,15:00:00,23,14,9,FMN GV 18 Kasterlee
84,Oudemolsedijk,2022-01-20,16:00:00,20,9,11,FMN GV 18 Kasterlee
84,Oudemolsedijk,2022-01-20,17:00:00,14,6,8,FMN GV 18 Kasterlee
84,Oudemolsedijk,2022-01-20,18:00:00,4,1,3,FMN GV 18 Kasterlee
84,Oudemolsedijk,2022-01-20,19:00:00,1,1,0,FMN GV 18 Kasterlee
84,Oudemolsedijk,2022-01-20,20:00:00,1,0,1,FMN GV 18 Kasterlee
84,Oudemolsedijk,2022-01-20,21:00:00,0,0,0,FMN GV 18 Kasterlee
84,Oudemolsedijk,2022-01-20,22:00:00,2,1,1,FMN GV 18 Kasterlee
84,Oudemolsedijk,2022-01-20,23:00:00,0,0,0,FMN GV 18 Kasterlee
84,Oudemolsedijk,2022-01-21,00:00:00,0,0,0,FMN GV 18 Kasterlee
84,Oudemolsedijk,2022-01-21,01:00:00,0,0,0,FMN GV 18 Kasterlee
84,Oudemolsedijk,2022-01-21,02:00:00,0,0,0,FMN GV 18 Kasterlee
84,Oudemolsedijk,2022-01-21,03:00:00,0,0,0,FMN GV 18 Kasterlee
84,Oudemolsedijk,2022-01-21,04:00:00,3,3,0,FMN GV 18 Kasterlee
84,Oudemolsedijk,2022-01-21,05:00:00,3,3,0,FMN GV 18 Kasterlee
84,Oudemolsedijk,2022-01-21,06:00:00,8,2,6,FMN GV 18 Kasterlee
84,Oudemolsedijk,2022-01-21,07:00:00,7,5,2,FMN GV 18 Kasterlee
84,Oudemolsedijk,2022-01-21,08:00:00,7,2,5,FMN GV 18 Kasterlee
84,Oudemolsedijk,2022-01-21,09:00:00,4,2,2,FMN GV 18 Kasterlee
84,Oudemolsedijk,2022-01-21,10:00:00,6,3,3,FMN GV 18 Kasterlee
84,Oudemolsedijk,2022-01-21,11:00:00,11,4,7,FMN GV 18 Kasterlee
84,Oudemolsedijk,2022-01-21,12:00:00,12,7,5,FMN GV 18 Kasterlee
84,Oudemolsedijk,2022-01-21,13:00:00,32,17,15,FMN GV 18 Kasterlee
84,Oudemolsedijk,2022-01-21,14:00:00,40,19,21,FMN GV 18 Kasterlee
84,Oudemolsedijk,2022-01-21,15:00:00,30,15,15,FMN GV 18 Kasterlee
84,Oudemolsedijk,2022-01-21,16:00:00,13,5,8,FMN GV 18 Kasterlee
84,Oudemolsedijk,2022-01-21,17:00:00,10,6,4,FMN GV 18 Kasterlee
84,Oudemolsedijk,2022-01-21,18:00:00,4,2,2,FMN GV 18 Kasterlee
84,Oudemolsedijk,2022-01-21,19:00:00,4,0,4,FMN GV 18 Kasterlee
84,Oudemolsedijk,2022-01-21,20:00:00,3,2,1,FMN GV 18 Kasterlee
84,Oudemolsedijk,2022-01-21,21:00:00,0,0,0,FMN GV 18 Kasterlee
84,Oudemolsedijk,2022-01-21,22:00:00,2,2,0,FMN GV 18 Kasterlee
84,Oudemolsedijk,2022-01-21,23:00:00,0,0,0,FMN GV 18 Kasterlee
84,Oudemolsedijk,2022-01-22,00:00:00,0,0,0,FMN GV 18 Kasterlee
84,Oudemolsedijk,2022-01-22,01:00:00,0,0,0,FMN GV 18 Kasterlee
84,Oudemolsedijk,2022-01-22,02:00:00,1,0,1,FMN GV 18 Kasterlee
84,Oudemolsedijk,2022-01-22,03:00:00,0,0,0,FMN GV 18 Kasterlee
84,Oudemolsedijk,2022-01-22,04:00:00,1,0,1,FMN GV 18 Kasterlee
84,Oudemolsedijk,2022-01-22,05:00:00,0,0,0,FMN GV 18 Kasterlee
84,Oudemolsedijk,2022-01-22,06:00:00,1,1,0,FMN GV 18 Kasterlee
84,Oudemolsedijk,2022-01-22,07:00:00,0,0,0,FMN GV 18 Kasterlee
84,Oudemolsedijk,2022-01-22,08:00:00,1,0,1,FMN GV 18 Kasterlee
84,Oudemolsedijk,2022-01-22,09:00:00,12,9,3,FMN GV 18 Kasterlee
84,Oudemolsedijk,2022-01-22,10:00:00,20,12,8,FMN GV 18 Kasterlee
84,Oudemolsedijk,2022-01-22,11:00:00,39,19,20,FMN GV 18 Kasterlee
84,Oudemolsedijk,2022-01-22,12:00:00,31,15,16,FMN GV 18 Kasterlee
84,Oudemolsedijk,2022-01-22,13:00:00,25,14,11,FMN GV 18 Kasterlee
84,Oudemolsedijk,2022-01-22,14:00:00,26,7,19,FMN GV 18 Kasterlee
84,Oudemolsedijk,2022-01-22,15:00:00,32,19,13,FMN GV 18 Kasterlee
84,Oudemolsedijk,2022-01-22,16:00:00,24,20,4,FMN GV 18 Kasterlee
84,Oudemolsedijk,2022-01-22,17:00:00,3,3,0,FMN GV 18 Kasterlee
84,Oudemolsedijk,2022-01-22,18:00:00,2,0,2,FMN GV 18 Kasterlee
84,Oudemolsedijk,2022-01-22,19:00:00,2,1,1,FMN GV 18 Kasterlee
84,Oudemolsedijk,2022-01-22,20:00:00,0,0,0,FMN GV 18 Kasterlee
84,Oudemolsedijk,2022-01-22,21:00:00,0,0,0,FMN GV 18 Kasterlee
84,Oudemolsedijk,2022-01-22,22:00:00,0,0,0,FMN GV 18 Kasterlee
84,Oudemolsedijk,2022-01-22,23:00:00,0,0,0,FMN GV 18 Kasterlee
84,Oudemolsedijk,2022-01-23,00:00:00,0,0,0,FMN GV 18 Kasterlee
84,Oudemolsedijk,2022-01-23,01:00:00,0,0,0,FMN GV 18 Kasterlee
84,Oudemolsedijk,2022-01-23,02:00:00,0,0,0,FMN GV 18 Kasterlee
84,Oudemolsedijk,2022-01-23,03:00:00,0,0,0,FMN GV 18 Kasterlee
84,Oudemolsedijk,2022-01-23,04:00:00,0,0,0,FMN GV 18 Kasterlee
84,Oudemolsedijk,2022-01-23,05:00:00,0,0,0,FMN GV 18 Kasterlee
84,Oudemolsedijk,2022-01-23,06:00:00,0,0,0,FMN GV 18 Kasterlee
84,Oudemolsedijk,2022-01-23,07:00:00,3,1,2,FMN GV 18 Kasterlee
84,Oudemolsedijk,2022-01-23,08:00:00,12,1,11,FMN GV 18 Kasterlee
84,Oudemolsedijk,2022-01-23,09:00:00,55,23,32,FMN GV 18 Kasterlee
84,Oudemolsedijk,2022-01-23,10:00:00,37,14,23,FMN GV 18 Kasterlee
84,Oudemolsedijk,2022-01-23,11:00:00,87,52,35,FMN GV 18 Kasterlee
84,Oudemolsedijk,2022-01-23,12:00:00,30,21,9,FMN GV 18 Kasterlee
84,Oudemolsedijk,2022-01-23,13:00:00,20,12,8,FMN GV 18 Kasterlee
84,Oudemolsedijk,2022-01-23,14:00:00,43,29,14,FMN GV 18 Kasterlee
84,Oudemolsedijk,2022-01-23,15:00:00,21,12,9,FMN GV 18 Kasterlee
84,Oudemolsedijk,2022-01-23,16:00:00,17,6,11,FMN GV 18 Kasterlee
84,Oudemolsedijk,2022-01-23,17:00:00,11,9,2,FMN GV 18 Kasterlee
84,Oudemolsedijk,2022-01-23,18:00:00,3,0,3,FMN GV 18 Kasterlee
84,Oudemolsedijk,2022-01-23,19:00:00,0,0,0,FMN GV 18 Kasterlee
84,Oudemolsedijk,2022-01-23,20:00:00,0,0,0,FMN GV 18 Kasterlee
84,Oudemolsedijk,2022-01-23,21:00:00,1,1,0,FMN GV 18 Kasterlee
84,Oudemolsedijk,2022-01-23,22:00:00,0,0,0,FMN GV 18 Kasterlee
84,Oudemolsedijk,2022-01-23,23:00:00,0,0,0,FMN GV 18 Kasterlee
84,Oudemolsedijk,2022-01-24,00:00:00,0,0,0,FMN GV 18 Kasterlee
84,Oudemolsedijk,2022-01-24,01:00:00,0,0,0,FMN GV 18 Kasterlee
84,Oudemolsedijk,2022-01-24,02:00:00,0,0,0,FMN GV 18 Kasterlee
84,Oudemolsedijk,2022-01-24,03:00:00,0,0,0,FMN GV 18 Kasterlee
84,Oudemolsedijk,2022-01-24,04:00:00,1,1,0,FMN GV 18 Kasterlee
84,Oudemolsedijk,2022-01-24,05:00:00,3,3,0,FMN GV 18 Kasterlee
84,Oudemolsedijk,2022-01-24,06:00:00,13,6,7,FMN GV 18 Kasterlee
84,Oudemolsedijk,2022-01-24,07:00:00,13,7,6,FMN GV 18 Kasterlee
84,Oudemolsedijk,2022-01-24,08:00:00,17,6,11,FMN GV 18 Kasterlee
84,Oudemolsedijk,2022-01-24,09:00:00,5,2,3,FMN GV 18 Kasterlee
84,Oudemolsedijk,2022-01-24,10:00:00,8,6,2,FMN GV 18 Kasterlee
84,Oudemolsedijk,2022-01-24,11:00:00,14,9,5,FMN GV 18 Kasterlee
84,Oudemolsedijk,2022-01-24,12:00:00,38,23,15,FMN GV 18 Kasterlee
84,Oudemolsedijk,2022-01-24,13:00:00,84,28,56,FMN GV 18 Kasterlee
84,Oudemolsedijk,2022-01-24,14:00:00,89,29,60,FMN GV 18 Kasterlee
84,Oudemolsedijk,2022-01-24,15:00:00,54,24,30,FMN GV 18 Kasterlee
84,Oudemolsedijk,2022-01-24,16:00:00,53,23,30,FMN GV 18 Kasterlee
84,Oudemolsedijk,2022-01-24,17:00:00,13,4,9,FMN GV 18 Kasterlee
84,Oudemolsedijk,2022-01-24,18:00:00,7,6,1,FMN GV 18 Kasterlee
84,Oudemolsedijk,2022-01-24,19:00:00,0,0,0,FMN GV 18 Kasterlee
84,Oudemolsedijk,2022-01-24,20:00:00,2,1,1,FMN GV 18 Kasterlee
84,Oudemolsedijk,2022-01-24,21:00:00,2,2,0,FMN GV 18 Kasterlee
84,Oudemolsedijk,2022-01-24,22:00:00,7,1,6,FMN GV 18 Kasterlee
84,Oudemolsedijk,2022-01-24,23:00:00,0,0,0,FMN GV 18 Kasterlee
84,Oudemolsedijk,2022-01-25,00:00:00,0,0,0,FMN GV 18 Kasterlee
84,Oudemolsedijk,2022-01-25,01:00:00,0,0,0,FMN GV 18 Kasterlee
84,Oudemolsedijk,2022-01-25,02:00:00,0,0,0,FMN GV 18 Kasterlee
84,Oudemolsedijk,2022-01-25,03:00:00,0,0,0,FMN GV 18 Kasterlee
84,Oudemolsedijk,2022-01-25,04:00:00,3,2,1,FMN GV 18 Kasterlee
84,Oudemolsedijk,2022-01-25,05:00:00,4,3,1,FMN GV 18 Kasterlee
84,Oudemolsedijk,2022-01-25,06:00:00,16,10,6,FMN GV 18 Kasterlee
84,Oudemolsedijk,2022-01-25,07:00:00,9,4,5,FMN GV 18 Kasterlee
84,Oudemolsedijk,2022-01-25,08:00:00,10,8,2,FMN GV 18 Kasterlee
84,Oudemolsedijk,2022-01-25,09:00:00,9,1,8,FMN GV 18 Kasterlee
84,Oudemolsedijk,2022-01-25,10:00:00,14,5,9,FMN GV 18 Kasterlee
84,Oudemolsedijk,2022-01-25,11:00:00,11,9,2,FMN GV 18 Kasterlee
84,Oudemolsedijk,2022-01-25,12:00:00,11,6,5,FMN GV 18 Kasterlee
84,Oudemolsedijk,2022-01-25,13:00:00,29,13,16,FMN GV 18 Kasterlee
84,Oudemolsedijk,2022-01-25,14:00:00,18,12,6,FMN GV 18 Kasterlee
84,Oudemolsedijk,2022-01-25,15:00:00,32,11,21,FMN GV 18 Kasterlee
84,Oudemolsedijk,2022-01-25,16:00:00,20,6,14,FMN GV 18 Kasterlee
84,Oudemolsedijk,2022-01-25,17:00:00,25,13,12,FMN GV 18 Kasterlee
84,Oudemolsedijk,2022-01-25,18:00:00,3,2,1,FMN GV 18 Kasterlee
84,Oudemolsedijk,2022-01-25,19:00:00,2,2,0,FMN GV 18 Kasterlee
84,Oudemolsedijk,2022-01-25,20:00:00,2,2,0,FMN GV 18 Kasterlee
84,Oudemolsedijk,2022-01-25,21:00:00,1,1,0,FMN GV 18 Kasterlee
84,Oudemolsedijk,2022-01-25,22:00:00,4,0,4,FMN GV 18 Kasterlee
84,Oudemolsedijk,2022-01-25,23:00:00,0,0,0,FMN GV 18 Kasterlee
84,Oudemolsedijk,2022-01-26,00:00:00,0,0,0,FMN GV 18 Kasterlee
84,Oudemolsedijk,2022-01-26,01:00:00,0,0,0,FMN GV 18 Kasterlee
84,Oudemolsedijk,2022-01-26,02:00:00,0,0,0,FMN GV 18 Kasterlee
84,Oudemolsedijk,2022-01-26,03:00:00,0,0,0,FMN GV 18 Kasterlee
84,Oudemolsedijk,2022-01-26,04:00:00,0,0,0,FMN GV 18 Kasterlee
84,Oudemolsedijk,2022-01-26,05:00:00,4,3,1,FMN GV 18 Kasterlee
84,Oudemolsedijk,2022-01-26,06:00:00,17,8,9,FMN GV 18 Kasterlee
84,Oudemolsedijk,2022-01-26,07:00:00,9,5,4,FMN GV 18 Kasterlee
84,Oudemolsedijk,2022-01-26,08:00:00,10,8,2,FMN GV 18 Kasterlee
84,Oudemolsedijk,2022-01-26,09:00:00,2,2,0,FMN GV 18 Kasterlee
84,Oudemolsedijk,2022-01-26,10:00:00,8,3,5,FMN GV 18 Kasterlee
84,Oudemolsedijk,2022-01-26,11:00:00,5,4,1,FMN GV 18 Kasterlee
84,Oudemolsedijk,2022-01-26,12:00:00,17,5,12,FMN GV 18 Kasterlee
84,Oudemolsedijk,2022-01-26,13:00:00,22,15,7,FMN GV 18 Kasterlee
84,Oudemolsedijk,2022-01-26,14:00:00,13,6,7,FMN GV 18 Kasterlee
84,Oudemolsedijk,2022-01-26,15:00:00,30,19,11,FMN GV 18 Kasterlee
84,Oudemolsedijk,2022-01-26,16:00:00,27,17,10,FMN GV 18 Kasterlee
84,Oudemolsedijk,2022-01-26,17:00:00,11,7,4,FMN GV 18 Kasterlee
84,Oudemolsedijk,2022-01-26,18:00:00,4,1,3,FMN GV 18 Kasterlee
84,Oudemolsedijk,2022-01-26,19:00:00,13,11,2,FMN GV 18 Kasterlee
84,Oudemolsedijk,2022-01-26,20:00:00,4,4,0,FMN GV 18 Kasterlee
84,Oudemolsedijk,2022-01-26,21:00:00,1,1,0,FMN GV 18 Kasterlee
84,Oudemolsedijk,2022-01-26,22:00:00,3,0,3,FMN GV 18 Kasterlee
84,Oudemolsedijk,2022-01-26,23:00:00,0,0,0,FMN GV 18 Kasterlee
84,Oudemolsedijk,2022-01-27,00:00:00,0,0,0,FMN GV 18 Kasterlee
84,Oudemolsedijk,2022-01-27,01:00:00,0,0,0,FMN GV 18 Kasterlee
84,Oudemolsedijk,2022-01-27,02:00:00,0,0,0,FMN GV 18 Kasterlee
84,Oudemolsedijk,2022-01-27,03:00:00,0,0,0,FMN GV 18 Kasterlee
84,Oudemolsedijk,2022-01-27,04:00:00,1,0,1,FMN GV 18 Kasterlee
84,Oudemolsedijk,2022-01-27,05:00:00,3,3,0,FMN GV 18 Kasterlee
84,Oudemolsedijk,2022-01-27,06:00:00,11,5,6,FMN GV 18 Kasterlee
84,Oudemolsedijk,2022-01-27,07:00:00,7,4,3,FMN GV 18 Kasterlee
84,Oudemolsedijk,2022-01-27,08:00:00,12,8,4,FMN GV 18 Kasterlee
84,Oudemolsedijk,2022-01-27,09:00:00,0,0,0,FMN GV 18 Kasterlee
84,Oudemolsedijk,2022-01-27,10:00:00,4,2,2,FMN GV 18 Kasterlee
84,Oudemolsedijk,2022-01-27,11:00:00,4,1,3,FMN GV 18 Kasterlee
84,Oudemolsedijk,2022-01-27,12:00:00,13,6,7,FMN GV 18 Kasterlee
84,Oudemolsedijk,2022-01-27,13:00:00,4,2,2,FMN GV 18 Kasterlee
84,Oudemolsedijk,2022-01-27,14:00:00,2,0,2,FMN GV 18 Kasterlee
84,Oudemolsedijk,2022-01-27,15:00:00,14,7,7,FMN GV 18 Kasterlee
84,Oudemolsedijk,2022-01-27,16:00:00,17,9,8,FMN GV 18 Kasterlee
84,Oudemolsedijk,2022-01-27,17:00:00,8,2,6,FMN GV 18 Kasterlee
84,Oudemolsedijk,2022-01-27,18:00:00,2,0,2,FMN GV 18 Kasterlee
84,Oudemolsedijk,2022-01-27,19:00:00,3,1,2,FMN GV 18 Kasterlee
84,Oudemolsedijk,2022-01-27,20:00:00,1,1,0,FMN GV 18 Kasterlee
84,Oudemolsedijk,2022-01-27,21:00:00,1,1,0,FMN GV 18 Kasterlee
84,Oudemolsedijk,2022-01-27,22:00:00,2,0,2,FMN GV 18 Kasterlee
84,Oudemolsedijk,2022-01-27,23:00:00,0,0,0,FMN GV 18 Kasterlee
84,Oudemolsedijk,2022-01-28,00:00:00,0,0,0,FMN GV 18 Kasterlee
84,Oudemolsedijk,2022-01-28,01:00:00,0,0,0,FMN GV 18 Kasterlee
84,Oudemolsedijk,2022-01-28,02:00:00,0,0,0,FMN GV 18 Kasterlee
84,Oudemolsedijk,2022-01-28,03:00:00,0,0,0,FMN GV 18 Kasterlee
84,Oudemolsedijk,2022-01-28,04:00:00,0,0,0,FMN GV 18 Kasterlee
84,Oudemolsedijk,2022-01-28,05:00:00,3,2,1,FMN GV 18 Kasterlee
84,Oudemolsedijk,2022-01-28,06:00:00,17,9,8,FMN GV 18 Kasterlee
84,Oudemolsedijk,2022-01-28,07:00:00,10,8,2,FMN GV 18 Kasterlee
84,Oudemolsedijk,2022-01-28,08:00:00,9,8,1,FMN GV 18 Kasterlee
84,Oudemolsedijk,2022-01-28,09:00:00,9,6,3,FMN GV 18 Kasterlee
84,Oudemolsedijk,2022-01-28,10:00:00,15,7,8,FMN GV 18 Kasterlee
84,Oudemolsedijk,2022-01-28,11:00:00,6,1,5,FMN GV 18 Kasterlee
84,Oudemolsedijk,2022-01-28,12:00:00,25,7,18,FMN GV 18 Kasterlee
84,Oudemolsedijk,2022-01-28,13:00:00,48,22,26,FMN GV 18 Kasterlee
84,Oudemolsedijk,2022-01-28,14:00:00,48,28,20,FMN GV 18 Kasterlee
84,Oudemolsedijk,2022-01-28,15:00:00,64,40,24,FMN GV 18 Kasterlee
84,Oudemolsedijk,2022-01-28,16:00:00,32,15,17,FMN GV 18 Kasterlee
84,Oudemolsedijk,2022-01-28,17:00:00,10,6,4,FMN GV 18 Kasterlee
84,Oudemolsedijk,2022-01-28,18:00:00,2,1,1,FMN GV 18 Kasterlee
84,Oudemolsedijk,2022-01-28,19:00:00,1,1,0,FMN GV 18 Kasterlee
84,Oudemolsedijk,2022-01-28,20:00:00,1,0,1,FMN GV 18 Kasterlee
84,Oudemolsedijk,2022-01-28,21:00:00,0,0,0,FMN GV 18 Kasterlee
84,Oudemolsedijk,2022-01-28,22:00:00,4,2,2,FMN GV 18 Kasterlee
84,Oudemolsedijk,2022-01-28,23:00:00,1,1,0,FMN GV 18 Kasterlee
84,Oudemolsedijk,2022-01-29,00:00:00,0,0,0,FMN GV 18 Kasterlee
84,Oudemolsedijk,2022-01-29,01:00:00,0,0,0,FMN GV 18 Kasterlee
84,Oudemolsedijk,2022-01-29,02:00:00,0,0,0,FMN GV 18 Kasterlee
84,Oudemolsedijk,2022-01-29,03:00:00,0,0,0,FMN GV 18 Kasterlee
84,Oudemolsedijk,2022-01-29,04:00:00,1,0,1,FMN GV 18 Kasterlee
84,Oudemolsedijk,2022-01-29,05:00:00,0,0,0,FMN GV 18 Kasterlee
84,Oudemolsedijk,2022-01-29,06:00:00,0,0,0,FMN GV 18 Kasterlee
84,Oudemolsedijk,2022-01-29,07:00:00,2,0,2,FMN GV 18 Kasterlee
84,Oudemolsedijk,2022-01-29,08:00:00,1,0,1,FMN GV 18 Kasterlee
84,Oudemolsedijk,2022-01-29,09:00:00,8,1,7,FMN GV 18 Kasterlee
84,Oudemolsedijk,2022-01-29,10:00:00,18,5,13,FMN GV 18 Kasterlee
84,Oudemolsedijk,2022-01-29,11:00:00,14,7,7,FMN GV 18 Kasterlee
84,Oudemolsedijk,2022-01-29,12:00:00,15,1,14,FMN GV 18 Kasterlee
84,Oudemolsedijk,2022-01-29,13:00:00,47,18,29,FMN GV 18 Kasterlee
84,Oudemolsedijk,2022-01-29,14:00:00,54,25,29,FMN GV 18 Kasterlee
84,Oudemolsedijk,2022-01-29,15:00:00,41,21,20,FMN GV 18 Kasterlee
84,Oudemolsedijk,2022-01-29,16:00:00,51,12,39,FMN GV 18 Kasterlee
84,Oudemolsedijk,2022-01-29,17:00:00,38,9,29,FMN GV 18 Kasterlee
84,Oudemolsedijk,2022-01-29,18:00:00,2,1,1,FMN GV 18 Kasterlee
84,Oudemolsedijk,2022-01-29,19:00:00,7,2,5,FMN GV 18 Kasterlee
84,Oudemolsedijk,2022-01-29,20:00:00,2,2,0,FMN GV 18 Kasterlee
84,Oudemolsedijk,2022-01-29,21:00:00,0,0,0,FMN GV 18 Kasterlee
84,Oudemolsedijk,2022-01-29,22:00:00,4,0,4,FMN GV 18 Kasterlee
84,Oudemolsedijk,2022-01-29,23:00:00,0,0,0,FMN GV 18 Kasterlee
84,Oudemolsedijk,2022-01-30,00:00:00,0,0,0,FMN GV 18 Kasterlee
84,Oudemolsedijk,2022-01-30,01:00:00,0,0,0,FMN GV 18 Kasterlee
84,Oudemolsedijk,2022-01-30,02:00:00,5,2,3,FMN GV 18 Kasterlee
84,Oudemolsedijk,2022-01-30,03:00:00,0,0,0,FMN GV 18 Kasterlee
84,Oudemolsedijk,2022-01-30,04:00:00,0,0,0,FMN GV 18 Kasterlee
84,Oudemolsedijk,2022-01-30,05:00:00,0,0,0,FMN GV 18 Kasterlee
84,Oudemolsedijk,2022-01-30,06:00:00,0,0,0,FMN GV 18 Kasterlee
84,Oudemolsedijk,2022-01-30,07:00:00,3,2,1,FMN GV 18 Kasterlee
84,Oudemolsedijk,2022-01-30,08:00:00,12,7,5,FMN GV 18 Kasterlee
84,Oudemolsedijk,2022-01-30,09:00:00,56,22,34,FMN GV 18 Kasterlee
84,Oudemolsedijk,2022-01-30,10:00:00,100,57,43,FMN GV 18 Kasterlee
84,Oudemolsedijk,2022-01-30,11:00:00,117,71,46,FMN GV 18 Kasterlee
84,Oudemolsedijk,2022-01-30,12:00:00,44,19,25,FMN GV 18 Kasterlee
84,Oudemolsedijk,2022-01-30,13:00:00,66,42,24,FMN GV 18 Kasterlee
84,Oudemolsedijk,2022-01-30,14:00:00,95,50,45,FMN GV 18 Kasterlee
84,Oudemolsedijk,2022-01-30,15:00:00,54,35,19,FMN GV 18 Kasterlee
84,Oudemolsedijk,2022-01-30,16:00:00,20,14,6,FMN GV 18 Kasterlee
84,Oudemolsedijk,2022-01-30,17:00:00,8,7,1,FMN GV 18 Kasterlee
84,Oudemolsedijk,2022-01-30,18:00:00,1,1,0,FMN GV 18 Kasterlee
84,Oudemolsedijk,2022-01-30,19:00:00,1,0,1,FMN GV 18 Kasterlee
84,Oudemolsedijk,2022-01-30,20:00:00,2,1,1,FMN GV 18 Kasterlee
84,Oudemolsedijk,2022-01-30,21:00:00,1,1,0,FMN GV 18 Kasterlee
84,Oudemolsedijk,2022-01-30,22:00:00,0,0,0,FMN GV 18 Kasterlee
84,Oudemolsedijk,2022-01-30,23:00:00,0,0,0,FMN GV 18 Kasterlee
84,Oudemolsedijk,2022-01-31,00:00:00,0,0,0,FMN GV 18 Kasterlee
84,Oudemolsedijk,2022-01-31,01:00:00,0,0,0,FMN GV 18 Kasterlee
84,Oudemolsedijk,2022-01-31,02:00:00,0,0,0,FMN GV 18 Kasterlee
84,Oudemolsedijk,2022-01-31,03:00:00,1,1,0,FMN GV 18 Kasterlee
84,Oudemolsedijk,2022-01-31,04:00:00,1,1,0,FMN GV 18 Kasterlee
84,Oudemolsedijk,2022-01-31,05:00:00,2,2,0,FMN GV 18 Kasterlee
84,Oudemolsedijk,2022-01-31,06:00:00,4,1,3,FMN GV 18 Kasterlee
84,Oudemolsedijk,2022-01-31,07:00:00,7,4,3,FMN GV 18 Kasterlee
84,Oudemolsedijk,2022-01-31,08:00:00,6,4,2,FMN GV 18 Kasterlee
84,Oudemolsedijk,2022-01-31,09:00:00,0,0,0,FMN GV 18 Kasterlee
84,Oudemolsedijk,2022-01-31,10:00:00,2,0,2,FMN GV 18 Kasterlee
84,Oudemolsedijk,2022-01-31,11:00:00,23,0,23,FMN GV 18 Kasterlee
84,Oudemolsedijk,2022-01-31,12:00:00,3,1,2,FMN GV 18 Kasterlee
84,Oudemolsedijk,2022-01-31,13:00:00,3,3,0,FMN GV 18 Kasterlee
84,Oudemolsedijk,2022-01-31,14:00:00,3,0,3,FMN GV 18 Kasterlee
84,Oudemolsedijk,2022-01-31,15:00:00,3,2,1,FMN GV 18 Kasterlee
84,Oudemolsedijk,2022-01-31,16:00:00,31,24,7,FMN GV 18 Kasterlee
84,Oudemolsedijk,2022-01-31,17:00:00,8,4,4,FMN GV 18 Kasterlee
84,Oudemolsedijk,2022-01-31,18:00:00,2,1,1,FMN GV 18 Kasterlee
84,Oudemolsedijk,2022-01-31,19:00:00,0,0,0,FMN GV 18 Kasterlee
84,Oudemolsedijk,2022-01-31,20:00:00,0,0,0,FMN GV 18 Kasterlee
84,Oudemolsedijk,2022-01-31,21:00:00,1,1,0,FMN GV 18 Kasterlee
84,Oudemolsedijk,2022-01-31,22:00:00,1,0,1,FMN GV 18 Kasterlee
84,Oudemolsedijk,2022-01-31,23:00:00,0,0,0,FMN GV 18 Kasterlee
84,Oudemolsedijk,2022-02-01,00:00:00,0,0,0,FMN GV 18 Kasterlee
84,Oudemolsedijk,2022-02-01,01:00:00,0,0,0,FMN GV 18 Kasterlee
84,Oudemolsedijk,2022-02-01,02:00:00,0,0,0,FMN GV 18 Kasterlee
84,Oudemolsedijk,2022-02-01,03:00:00,0,0,0,FMN GV 18 Kasterlee
84,Oudemolsedijk,2022-02-01,04:00:00,1,1,0,FMN GV 18 Kasterlee
84,Oudemolsedijk,2022-02-01,05:00:00,4,4,0,FMN GV 18 Kasterlee
84,Oudemolsedijk,2022-02-01,06:00:00,10,2,8,FMN GV 18 Kasterlee
84,Oudemolsedijk,2022-02-01,07:00:00,12,8,4,FMN GV 18 Kasterlee
84,Oudemolsedijk,2022-02-01,08:00:00,7,6,1,FMN GV 18 Kasterlee
84,Oudemolsedijk,2022-02-01,09:00:00,3,2,1,FMN GV 18 Kasterlee
84,Oudemolsedijk,2022-02-01,10:00:00,1,0,1,FMN GV 18 Kasterlee
84,Oudemolsedijk,2022-02-01,11:00:00,2,0,2,FMN GV 18 Kasterlee
84,Oudemolsedijk,2022-02-01,12:00:00,4,1,3,FMN GV 18 Kasterlee
84,Oudemolsedijk,2022-02-01,13:00:00,3,1,2,FMN GV 18 Kasterlee
84,Oudemolsedijk,2022-02-01,14:00:00,12,2,10,FMN GV 18 Kasterlee
84,Oudemolsedijk,2022-02-01,15:00:00,14,5,9,FMN GV 18 Kasterlee
84,Oudemolsedijk,2022-02-01,16:00:00,21,13,8,FMN GV 18 Kasterlee
84,Oudemolsedijk,2022-02-01,17:00:00,4,2,2,FMN GV 18 Kasterlee
84,Oudemolsedijk,2022-02-01,18:00:00,1,1,0,FMN GV 18 Kasterlee
84,Oudemolsedijk,2022-02-01,19:00:00,0,0,0,FMN GV 18 Kasterlee
84,Oudemolsedijk,2022-02-01,20:00:00,1,1,0,FMN GV 18 Kasterlee
84,Oudemolsedijk,2022-02-01,21:00:00,0,0,0,FMN GV 18 Kasterlee
84,Oudemolsedijk,2022-02-01,22:00:00,1,0,1,FMN GV 18 Kasterlee
84,Oudemolsedijk,2022-02-01,23:00:00,1,1,0,FMN GV 18 Kasterlee
84,Oudemolsedijk,2022-02-02,00:00:00,0,0,0,FMN GV 18 Kasterlee
84,Oudemolsedijk,2022-02-02,01:00:00,1,0,1,FMN GV 18 Kasterlee
84,Oudemolsedijk,2022-02-02,02:00:00,1,1,0,FMN GV 18 Kasterlee
84,Oudemolsedijk,2022-02-02,03:00:00,1,0,1,FMN GV 18 Kasterlee
84,Oudemolsedijk,2022-02-02,04:00:00,1,1,0,FMN GV 18 Kasterlee
84,Oudemolsedijk,2022-02-02,05:00:00,5,5,0,FMN GV 18 Kasterlee
84,Oudemolsedijk,2022-02-02,06:00:00,14,9,5,FMN GV 18 Kasterlee
84,Oudemolsedijk,2022-02-02,07:00:00,7,6,1,FMN GV 18 Kasterlee
84,Oudemolsedijk,2022-02-02,08:00:00,10,5,5,FMN GV 18 Kasterlee
84,Oudemolsedijk,2022-02-02,09:00:00,9,1,8,FMN GV 18 Kasterlee
84,Oudemolsedijk,2022-02-02,10:00:00,12,7,5,FMN GV 18 Kasterlee
84,Oudemolsedijk,2022-02-02,11:00:00,9,6,3,FMN GV 18 Kasterlee
84,Oudemolsedijk,2022-02-02,12:00:00,19,6,13,FMN GV 18 Kasterlee
84,Oudemolsedijk,2022-02-02,13:00:00,20,11,9,FMN GV 18 Kasterlee
84,Oudemolsedijk,2022-02-02,14:00:00,22,11,11,FMN GV 18 Kasterlee
84,Oudemolsedijk,2022-02-02,15:00:00,28,17,11,FMN GV 18 Kasterlee
84,Oudemolsedijk,2022-02-02,16:00:00,34,18,16,FMN GV 18 Kasterlee
84,Oudemolsedijk,2022-02-02,17:00:00,9,8,1,FMN GV 18 Kasterlee
84,Oudemolsedijk,2022-02-02,18:00:00,6,3,3,FMN GV 18 Kasterlee
84,Oudemolsedijk,2022-02-02,19:00:00,10,9,1,FMN GV 18 Kasterlee
84,Oudemolsedijk,2022-02-02,20:00:00,1,1,0,FMN GV 18 Kasterlee
84,Oudemolsedijk,2022-02-02,21:00:00,1,0,1,FMN GV 18 Kasterlee
84,Oudemolsedijk,2022-02-02,22:00:00,2,1,1,FMN GV 18 Kasterlee
84,Oudemolsedijk,2022-02-02,23:00:00,1,1,0,FMN GV 18 Kasterlee
84,Oudemolsedijk,2022-02-03,00:00:00,0,0,0,FMN GV 18 Kasterlee
84,Oudemolsedijk,2022-02-03,01:00:00,0,0,0,FMN GV 18 Kasterlee
84,Oudemolsedijk,2022-02-03,02:00:00,0,0,0,FMN GV 18 Kasterlee
84,Oudemolsedijk,2022-02-03,03:00:00,1,1,0,FMN GV 18 Kasterlee
84,Oudemolsedijk,2022-02-03,04:00:00,2,1,1,FMN GV 18 Kasterlee
84,Oudemolsedijk,2022-02-03,05:00:00,5,5,0,FMN GV 18 Kasterlee
84,Oudemolsedijk,2022-02-03,06:00:00,17,8,9,FMN GV 18 Kasterlee
84,Oudemolsedijk,2022-02-03,07:00:00,12,7,5,FMN GV 18 Kasterlee
84,Oudemolsedijk,2022-02-03,08:00:00,15,8,7,FMN GV 18 Kasterlee
84,Oudemolsedijk,2022-02-03,09:00:00,6,1,5,FMN GV 18 Kasterlee
84,Oudemolsedijk,2022-02-03,10:00:00,8,3,5,FMN GV 18 Kasterlee
84,Oudemolsedijk,2022-02-03,11:00:00,10,10,0,FMN GV 18 Kasterlee
84,Oudemolsedijk,2022-02-03,12:00:00,14,5,9,FMN GV 18 Kasterlee
84,Oudemolsedijk,2022-02-03,13:00:00,40,14,26,FMN GV 18 Kasterlee
84,Oudemolsedijk,2022-02-03,14:00:00,44,25,19,FMN GV 18 Kasterlee
84,Oudemolsedijk,2022-02-03,15:00:00,32,20,12,FMN GV 18 Kasterlee
84,Oudemolsedijk,2022-02-03,16:00:00,41,19,22,FMN GV 18 Kasterlee
84,Oudemolsedijk,2022-02-03,17:00:00,11,3,8,FMN GV 18 Kasterlee
84,Oudemolsedijk,2022-02-03,18:00:00,4,4,0,FMN GV 18 Kasterlee
84,Oudemolsedijk,2022-02-03,19:00:00,4,3,1,FMN GV 18 Kasterlee
84,Oudemolsedijk,2022-02-03,20:00:00,1,0,1,FMN GV 18 Kasterlee
84,Oudemolsedijk,2022-02-03,21:00:00,3,3,0,FMN GV 18 Kasterlee
84,Oudemolsedijk,2022-02-03,22:00:00,0,0,0,FMN GV 18 Kasterlee
84,Oudemolsedijk,2022-02-03,23:00:00,1,1,0,FMN GV 18 Kasterlee
84,Oudemolsedijk,2022-02-04,00:00:00,0,0,0,FMN GV 18 Kasterlee
84,Oudemolsedijk,2022-02-04,01:00:00,0,0,0,FMN GV 18 Kasterlee
84,Oudemolsedijk,2022-02-04,02:00:00,0,0,0,FMN GV 18 Kasterlee
84,Oudemolsedijk,2022-02-04,03:00:00,1,0,1,FMN GV 18 Kasterlee
84,Oudemolsedijk,2022-02-04,04:00:00,2,1,1,FMN GV 18 Kasterlee
84,Oudemolsedijk,2022-02-04,05:00:00,6,6,0,FMN GV 18 Kasterlee
84,Oudemolsedijk,2022-02-04,06:00:00,6,4,2,FMN GV 18 Kasterlee
84,Oudemolsedijk,2022-02-04,07:00:00,11,7,4,FMN GV 18 Kasterlee
84,Oudemolsedijk,2022-02-04,08:00:00,5,3,2,FMN GV 18 Kasterlee
84,Oudemolsedijk,2022-02-04,09:00:00,1,1,0,FMN GV 18 Kasterlee
84,Oudemolsedijk,2022-02-04,10:00:00,15,11,4,FMN GV 18 Kasterlee
84,Oudemolsedijk,2022-02-04,11:00:00,7,3,4,FMN GV 18 Kasterlee
84,Oudemolsedijk,2022-02-04,12:00:00,2,0,2,FMN GV 18 Kasterlee
84,Oudemolsedijk,2022-02-04,13:00:00,13,8,5,FMN GV 18 Kasterlee
84,Oudemolsedijk,2022-02-04,14:00:00,13,1,12,FMN GV 18 Kasterlee
84,Oudemolsedijk,2022-02-04,15:00:00,5,2,3,FMN GV 18 Kasterlee
84,Oudemolsedijk,2022-02-04,16:00:00,10,3,7,FMN GV 18 Kasterlee
84,Oudemolsedijk,2022-02-04,17:00:00,4,2,2,FMN GV 18 Kasterlee
84,Oudemolsedijk,2022-02-04,18:00:00,3,1,2,FMN GV 18 Kasterlee
84,Oudemolsedijk,2022-02-04,19:00:00,1,0,1,FMN GV 18 Kasterlee
84,Oudemolsedijk,2022-02-04,20:00:00,1,1,0,FMN GV 18 Kasterlee
84,Oudemolsedijk,2022-02-04,21:00:00,7,5,2,FMN GV 18 Kasterlee
84,Oudemolsedijk,2022-02-04,22:00:00,1,0,1,FMN GV 18 Kasterlee
84,Oudemolsedijk,2022-02-04,23:00:00,2,2,0,FMN GV 18 Kasterlee
84,Oudemolsedijk,2022-02-05,00:00:00,1,0,1,FMN GV 18 Kasterlee
84,Oudemolsedijk,2022-02-05,01:00:00,0,0,0,FMN GV 18 Kasterlee
84,Oudemolsedijk,2022-02-05,02:00:00,0,0,0,FMN GV 18 Kasterlee
84,Oudemolsedijk,2022-02-05,03:00:00,0,0,0,FMN GV 18 Kasterlee
84,Oudemolsedijk,2022-02-05,04:00:00,0,0,0,FMN GV 18 Kasterlee
84,Oudemolsedijk,2022-02-05,05:00:00,0,0,0,FMN GV 18 Kasterlee
84,Oudemolsedijk,2022-02-05,06:00:00,2,1,1,FMN GV 18 Kasterlee
84,Oudemolsedijk,2022-02-05,07:00:00,0,0,0,FMN GV 18 Kasterlee
84,Oudemolsedijk,2022-02-05,08:00:00,11,0,11,FMN GV 18 Kasterlee
84,Oudemolsedijk,2022-02-05,09:00:00,34,12,22,FMN GV 18 Kasterlee
84,Oudemolsedijk,2022-02-05,10:00:00,23,14,9,FMN GV 18 Kasterlee
84,Oudemolsedijk,2022-02-05,11:00:00,48,30,18,FMN GV 18 Kasterlee
84,Oudemolsedijk,2022-02-05,12:00:00,54,33,21,FMN GV 18 Kasterlee
84,Oudemolsedijk,2022-02-05,13:00:00,92,49,43,FMN GV 18 Kasterlee
84,Oudemolsedijk,2022-02-05,14:00:00,90,50,40,FMN GV 18 Kasterlee
84,Oudemolsedijk,2022-02-05,15:00:00,67,27,40,FMN GV 18 Kasterlee
84,Oudemolsedijk,2022-02-05,16:00:00,27,19,8,FMN GV 18 Kasterlee
84,Oudemolsedijk,2022-02-05,17:00:00,16,11,5,FMN GV 18 Kasterlee
84,Oudemolsedijk,2022-02-05,18:00:00,6,4,2,FMN GV 18 Kasterlee
84,Oudemolsedijk,2022-02-05,19:00:00,4,3,1,FMN GV 18 Kasterlee
84,Oudemolsedijk,2022-02-05,20:00:00,3,0,3,FMN GV 18 Kasterlee
84,Oudemolsedijk,2022-02-05,21:00:00,1,1,0,FMN GV 18 Kasterlee
84,Oudemolsedijk,2022-02-05,22:00:00,1,0,1,FMN GV 18 Kasterlee
84,Oudemolsedijk,2022-02-05,23:00:00,1,1,0,FMN GV 18 Kasterlee
84,Oudemolsedijk,2022-02-06,00:00:00,1,0,1,FMN GV 18 Kasterlee
84,Oudemolsedijk,2022-02-06,01:00:00,0,0,0,FMN GV 18 Kasterlee
84,Oudemolsedijk,2022-02-06,02:00:00,0,0,0,FMN GV 18 Kasterlee
84,Oudemolsedijk,2022-02-06,03:00:00,0,0,0,FMN GV 18 Kasterlee
84,Oudemolsedijk,2022-02-06,04:00:00,1,1,0,FMN GV 18 Kasterlee
84,Oudemolsedijk,2022-02-06,05:00:00,1,0,1,FMN GV 18 Kasterlee
84,Oudemolsedijk,2022-02-06,06:00:00,0,0,0,FMN GV 18 Kasterlee
84,Oudemolsedijk,2022-02-06,07:00:00,1,1,0,FMN GV 18 Kasterlee
84,Oudemolsedijk,2022-02-06,08:00:00,2,1,1,FMN GV 18 Kasterlee
84,Oudemolsedijk,2022-02-06,09:00:00,1,0,1,FMN GV 18 Kasterlee
84,Oudemolsedijk,2022-02-06,10:00:00,9,9,0,FMN GV 18 Kasterlee
84,Oudemolsedijk,2022-02-06,11:00:00,5,4,1,FMN GV 18 Kasterlee
84,Oudemolsedijk,2022-02-06,12:00:00,0,0,0,FMN GV 18 Kasterlee
84,Oudemolsedijk,2022-02-06,13:00:00,7,0,7,FMN GV 18 Kasterlee
84,Oudemolsedijk,2022-02-06,14:00:00,3,3,0,FMN GV 18 Kasterlee
84,Oudemolsedijk,2022-02-06,15:00:00,2,1,1,FMN GV 18 Kasterlee
84,Oudemolsedijk,2022-02-06,16:00:00,8,3,5,FMN GV 18 Kasterlee
84,Oudemolsedijk,2022-02-06,17:00:00,5,2,3,FMN GV 18 Kasterlee
84,Oudemolsedijk,2022-02-06,18:00:00,4,0,4,FMN GV 18 Kasterlee
84,Oudemolsedijk,2022-02-06,19:00:00,0,0,0,FMN GV 18 Kasterlee
84,Oudemolsedijk,2022-02-06,20:00:00,0,0,0,FMN GV 18 Kasterlee
84,Oudemolsedijk,2022-02-06,21:00:00,0,0,0,FMN GV 18 Kasterlee
84,Oudemolsedijk,2022-02-06,22:00:00,0,0,0,FMN GV 18 Kasterlee
84,Oudemolsedijk,2022-02-06,23:00:00,0,0,0,FMN GV 18 Kasterlee
84,Oudemolsedijk,2022-02-07,00:00:00,0,0,0,FMN GV 18 Kasterlee
84,Oudemolsedijk,2022-02-07,01:00:00,1,1,0,FMN GV 18 Kasterlee
84,Oudemolsedijk,2022-02-07,02:00:00,0,0,0,FMN GV 18 Kasterlee
84,Oudemolsedijk,2022-02-07,03:00:00,0,0,0,FMN GV 18 Kasterlee
84,Oudemolsedijk,2022-02-07,04:00:00,0,0,0,FMN GV 18 Kasterlee
84,Oudemolsedijk,2022-02-07,05:00:00,5,5,0,FMN GV 18 Kasterlee
84,Oudemolsedijk,2022-02-07,06:00:00,13,6,7,FMN GV 18 Kasterlee
84,Oudemolsedijk,2022-02-07,07:00:00,12,7,5,FMN GV 18 Kasterlee
84,Oudemolsedijk,2022-02-07,08:00:00,13,8,5,FMN GV 18 Kasterlee
84,Oudemolsedijk,2022-02-07,09:00:00,12,9,3,FMN GV 18 Kasterlee
84,Oudemolsedijk,2022-02-07,10:00:00,10,9,1,FMN GV 18 Kasterlee
84,Oudemolsedijk,2022-02-07,11:00:00,13,8,5,FMN GV 18 Kasterlee
84,Oudemolsedijk,2022-02-07,12:00:00,27,8,19,FMN GV 18 Kasterlee
84,Oudemolsedijk,2022-02-07,13:00:00,92,34,58,FMN GV 18 Kasterlee
84,Oudemolsedijk,2022-02-07,14:00:00,64,27,37,FMN GV 18 Kasterlee
84,Oudemolsedijk,2022-02-07,15:00:00,61,36,25,FMN GV 18 Kasterlee
84,Oudemolsedijk,2022-02-07,16:00:00,52,33,19,FMN GV 18 Kasterlee
84,Oudemolsedijk,2022-02-07,17:00:00,12,0,12,FMN GV 18 Kasterlee
84,Oudemolsedijk,2022-02-07,18:00:00,4,0,4,FMN GV 18 Kasterlee
84,Oudemolsedijk,2022-02-07,19:00:00,2,0,2,FMN GV 18 Kasterlee
84,Oudemolsedijk,2022-02-07,20:00:00,2,2,0,FMN GV 18 Kasterlee
84,Oudemolsedijk,2022-02-07,21:00:00,3,2,1,FMN GV 18 Kasterlee
84,Oudemolsedijk,2022-02-07,22:00:00,4,2,2,FMN GV 18 Kasterlee
84,Oudemolsedijk,2022-02-07,23:00:00,0,0,0,FMN GV 18 Kasterlee
84,Oudemolsedijk,2022-02-08,00:00:00,0,0,0,FMN GV 18 Kasterlee
84,Oudemolsedijk,2022-02-08,01:00:00,0,0,0,FMN GV 18 Kasterlee
84,Oudemolsedijk,2022-02-08,02:00:00,0,0,0,FMN GV 18 Kasterlee
84,Oudemolsedijk,2022-02-08,03:00:00,0,0,0,FMN GV 18 Kasterlee
84,Oudemolsedijk,2022-02-08,04:00:00,0,0,0,FMN GV 18 Kasterlee
84,Oudemolsedijk,2022-02-08,05:00:00,3,3,0,FMN GV 18 Kasterlee
84,Oudemolsedijk,2022-02-08,06:00:00,12,6,6,FMN GV 18 Kasterlee
84,Oudemolsedijk,2022-02-08,07:00:00,14,6,8,FMN GV 18 Kasterlee
84,Oudemolsedijk,2022-02-08,08:00:00,15,8,7,FMN GV 18 Kasterlee
84,Oudemolsedijk,2022-02-08,09:00:00,7,1,6,FMN GV 18 Kasterlee
84,Oudemolsedijk,2022-02-08,10:00:00,12,1,11,FMN GV 18 Kasterlee
84,Oudemolsedijk,2022-02-08,11:00:00,10,5,5,FMN GV 18 Kasterlee
84,Oudemolsedijk,2022-02-08,12:00:00,18,7,11,FMN GV 18 Kasterlee
84,Oudemolsedijk,2022-02-08,13:00:00,49,24,25,FMN GV 18 Kasterlee
84,Oudemolsedijk,2022-02-08,14:00:00,36,22,14,FMN GV 18 Kasterlee
84,Oudemolsedijk,2022-02-08,15:00:00,36,16,20,FMN GV 18 Kasterlee
84,Oudemolsedijk,2022-02-08,16:00:00,50,34,16,FMN GV 18 Kasterlee
84,Oudemolsedijk,2022-02-08,17:00:00,25,13,12,FMN GV 18 Kasterlee
84,Oudemolsedijk,2022-02-08,18:00:00,9,1,8,FMN GV 18 Kasterlee
84,Oudemolsedijk,2022-02-08,19:00:00,2,0,2,FMN GV 18 Kasterlee
84,Oudemolsedijk,2022-02-08,20:00:00,6,3,3,FMN GV 18 Kasterlee
84,Oudemolsedijk,2022-02-08,21:00:00,3,1,2,FMN GV 18 Kasterlee
84,Oudemolsedijk,2022-02-08,22:00:00,2,0,2,FMN GV 18 Kasterlee
84,Oudemolsedijk,2022-02-08,23:00:00,0,0,0,FMN GV 18 Kasterlee
84,Oudemolsedijk,2022-02-09,00:00:00,0,0,0,FMN GV 18 Kasterlee
84,Oudemolsedijk,2022-02-09,01:00:00,0,0,0,FMN GV 18 Kasterlee
84,Oudemolsedijk,2022-02-09,02:00:00,0,0,0,FMN GV 18 Kasterlee
84,Oudemolsedijk,2022-02-09,03:00:00,0,0,0,FMN GV 18 Kasterlee
84,Oudemolsedijk,2022-02-09,04:00:00,0,0,0,FMN GV 18 Kasterlee
84,Oudemolsedijk,2022-02-09,05:00:00,2,2,0,FMN GV 18 Kasterlee
84,Oudemolsedijk,2022-02-09,06:00:00,20,12,8,FMN GV 18 Kasterlee
84,Oudemolsedijk,2022-02-09,07:00:00,17,10,7,FMN GV 18 Kasterlee
84,Oudemolsedijk,2022-02-09,08:00:00,14,10,4,FMN GV 18 Kasterlee
84,Oudemolsedijk,2022-02-09,09:00:00,12,5,7,FMN GV 18 Kasterlee
84,Oudemolsedijk,2022-02-09,10:00:00,14,6,8,FMN GV 18 Kasterlee
84,Oudemolsedijk,2022-02-09,11:00:00,12,10,2,FMN GV 18 Kasterlee
84,Oudemolsedijk,2022-02-09,12:00:00,30,9,21,FMN GV 18 Kasterlee
84,Oudemolsedijk,2022-02-09,13:00:00,43,21,22,FMN GV 18 Kasterlee
84,Oudemolsedijk,2022-02-09,14:00:00,41,17,24,FMN GV 18 Kasterlee
84,Oudemolsedijk,2022-02-09,15:00:00,60,30,30,FMN GV 18 Kasterlee
84,Oudemolsedijk,2022-02-09,16:00:00,44,28,16,FMN GV 18 Kasterlee
84,Oudemolsedijk,2022-02-09,17:00:00,26,16,10,FMN GV 18 Kasterlee
84,Oudemolsedijk,2022-02-09,18:00:00,4,2,2,FMN GV 18 Kasterlee
84,Oudemolsedijk,2022-02-09,19:00:00,18,15,3,FMN GV 18 Kasterlee
84,Oudemolsedijk,2022-02-09,20:00:00,5,5,0,FMN GV 18 Kasterlee
84,Oudemolsedijk,2022-02-09,21:00:00,4,2,2,FMN GV 18 Kasterlee
84,Oudemolsedijk,2022-02-09,22:00:00,3,0,3,FMN GV 18 Kasterlee
84,Oudemolsedijk,2022-02-09,23:00:00,0,0,0,FMN GV 18 Kasterlee
84,Oudemolsedijk,2022-02-10,00:00:00,0,0,0,FMN GV 18 Kasterlee
84,Oudemolsedijk,2022-02-10,01:00:00,0,0,0,FMN GV 18 Kasterlee
84,Oudemolsedijk,2022-02-10,02:00:00,0,0,0,FMN GV 18 Kasterlee
84,Oudemolsedijk,2022-02-10,03:00:00,0,0,0,FMN GV 18 Kasterlee
84,Oudemolsedijk,2022-02-10,04:00:00,0,0,0,FMN GV 18 Kasterlee
84,Oudemolsedijk,2022-02-10,05:00:00,2,2,0,FMN GV 18 Kasterlee
84,Oudemolsedijk,2022-02-10,06:00:00,11,8,3,FMN GV 18 Kasterlee
84,Oudemolsedijk,2022-02-10,07:00:00,16,8,8,FMN GV 18 Kasterlee
84,Oudemolsedijk,2022-02-10,08:00:00,16,12,4,FMN GV 18 Kasterlee
84,Oudemolsedijk,2022-02-10,09:00:00,3,2,1,FMN GV 18 Kasterlee
84,Oudemolsedijk,2022-02-10,10:00:00,2,2,0,FMN GV 18 Kasterlee
84,Oudemolsedijk,2022-02-10,11:00:00,2,0,2,FMN GV 18 Kasterlee
84,Oudemolsedijk,2022-02-10,12:00:00,2,1,1,FMN GV 18 Kasterlee
84,Oudemolsedijk,2022-02-10,13:00:00,9,3,6,FMN GV 18 Kasterlee
84,Oudemolsedijk,2022-02-10,14:00:00,11,3,8,FMN GV 18 Kasterlee
84,Oudemolsedijk,2022-02-10,15:00:00,22,12,10,FMN GV 18 Kasterlee
84,Oudemolsedijk,2022-02-10,16:00:00,19,7,12,FMN GV 18 Kasterlee
84,Oudemolsedijk,2022-02-10,17:00:00,10,3,7,FMN GV 18 Kasterlee
84,Oudemolsedijk,2022-02-10,18:00:00,2,2,0,FMN GV 18 Kasterlee
84,Oudemolsedijk,2022-02-10,19:00:00,1,0,1,FMN GV 18 Kasterlee
84,Oudemolsedijk,2022-02-10,20:00:00,2,1,1,FMN GV 18 Kasterlee
84,Oudemolsedijk,2022-02-10,21:00:00,2,1,1,FMN GV 18 Kasterlee
84,Oudemolsedijk,2022-02-10,22:00:00,0,0,0,FMN GV 18 Kasterlee
84,Oudemolsedijk,2022-02-10,23:00:00,0,0,0,FMN GV 18 Kasterlee
84,Oudemolsedijk,2022-02-11,00:00:00,0,0,0,FMN GV 18 Kasterlee
84,Oudemolsedijk,2022-02-11,01:00:00,0,0,0,FMN GV 18 Kasterlee
84,Oudemolsedijk,2022-02-11,02:00:00,0,0,0,FMN GV 18 Kasterlee
84,Oudemolsedijk,2022-02-11,03:00:00,0,0,0,FMN GV 18 Kasterlee
84,Oudemolsedijk,2022-02-11,04:00:00,1,0,1,FMN GV 18 Kasterlee
84,Oudemolsedijk,2022-02-11,05:00:00,2,1,1,FMN GV 18 Kasterlee
84,Oudemolsedijk,2022-02-11,06:00:00,10,3,7,FMN GV 18 Kasterlee
84,Oudemolsedijk,2022-02-11,07:00:00,8,8,0,FMN GV 18 Kasterlee
84,Oudemolsedijk,2022-02-11,08:00:00,17,11,6,FMN GV 18 Kasterlee
84,Oudemolsedijk,2022-02-11,09:00:00,16,7,9,FMN GV 18 Kasterlee
84,Oudemolsedijk,2022-02-11,10:00:00,7,3,4,FMN GV 18 Kasterlee
84,Oudemolsedijk,2022-02-11,11:00:00,8,7,1,FMN GV 18 Kasterlee
84,Oudemolsedijk,2022-02-11,12:00:00,7,5,2,FMN GV 18 Kasterlee
84,Oudemolsedijk,2022-02-11,13:00:00,43,27,16,FMN GV 18 Kasterlee
84,Oudemolsedijk,2022-02-11,14:00:00,42,27,15,FMN GV 18 Kasterlee
84,Oudemolsedijk,2022-02-11,15:00:00,42,17,25,FMN GV 18 Kasterlee
84,Oudemolsedijk,2022-02-11,16:00:00,39,16,23,FMN GV 18 Kasterlee
84,Oudemolsedijk,2022-02-11,17:00:00,13,6,7,FMN GV 18 Kasterlee
84,Oudemolsedijk,2022-02-11,18:00:00,8,4,4,FMN GV 18 Kasterlee
84,Oudemolsedijk,2022-02-11,19:00:00,1,0,1,FMN GV 18 Kasterlee
84,Oudemolsedijk,2022-02-11,20:00:00,0,0,0,FMN GV 18 Kasterlee
84,Oudemolsedijk,2022-02-11,21:00:00,1,1,0,FMN GV 18 Kasterlee
84,Oudemolsedijk,2022-02-11,22:00:00,2,1,1,FMN GV 18 Kasterlee
84,Oudemolsedijk,2022-02-11,23:00:00,0,0,0,FMN GV 18 Kasterlee
84,Oudemolsedijk,2022-02-12,00:00:00,0,0,0,FMN GV 18 Kasterlee
84,Oudemolsedijk,2022-02-12,01:00:00,0,0,0,FMN GV 18 Kasterlee
84,Oudemolsedijk,2022-02-12,02:00:00,0,0,0,FMN GV 18 Kasterlee
84,Oudemolsedijk,2022-02-12,03:00:00,3,0,3,FMN GV 18 Kasterlee
84,Oudemolsedijk,2022-02-12,04:00:00,1,1,0,FMN GV 18 Kasterlee
84,Oudemolsedijk,2022-02-12,05:00:00,0,0,0,FMN GV 18 Kasterlee
84,Oudemolsedijk,2022-02-12,06:00:00,0,0,0,FMN GV 18 Kasterlee
84,Oudemolsedijk,2022-02-12,07:00:00,1,1,0,FMN GV 18 Kasterlee
84,Oudemolsedijk,2022-02-12,08:00:00,6,0,6,FMN GV 18 Kasterlee
84,Oudemolsedijk,2022-02-12,09:00:00,13,1,12,FMN GV 18 Kasterlee
84,Oudemolsedijk,2022-02-12,10:00:00,14,12,2,FMN GV 18 Kasterlee
84,Oudemolsedijk,2022-02-12,11:00:00,20,12,8,FMN GV 18 Kasterlee
84,Oudemolsedijk,2022-02-12,12:00:00,26,5,21,FMN GV 18 Kasterlee
84,Oudemolsedijk,2022-02-12,13:00:00,84,52,32,FMN GV 18 Kasterlee
84,Oudemolsedijk,2022-02-12,14:00:00,94,42,52,FMN GV 18 Kasterlee
84,Oudemolsedijk,2022-02-12,15:00:00,81,64,17,FMN GV 18 Kasterlee
84,Oudemolsedijk,2022-02-12,16:00:00,53,39,14,FMN GV 18 Kasterlee
84,Oudemolsedijk,2022-02-12,17:00:00,14,10,4,FMN GV 18 Kasterlee
84,Oudemolsedijk,2022-02-12,18:00:00,5,1,4,FMN GV 18 Kasterlee
84,Oudemolsedijk,2022-02-12,19:00:00,1,1,0,FMN GV 18 Kasterlee
84,Oudemolsedijk,2022-02-12,20:00:00,0,0,0,FMN GV 18 Kasterlee
84,Oudemolsedijk,2022-02-12,21:00:00,0,0,0,FMN GV 18 Kasterlee
84,Oudemolsedijk,2022-02-12,22:00:00,1,1,0,FMN GV 18 Kasterlee
84,Oudemolsedijk,2022-02-12,23:00:00,1,0,1,FMN GV 18 Kasterlee
84,Oudemolsedijk,2022-02-13,00:00:00,0,0,0,FMN GV 18 Kasterlee
84,Oudemolsedijk,2022-02-13,01:00:00,0,0,0,FMN GV 18 Kasterlee
84,Oudemolsedijk,2022-02-13,02:00:00,0,0,0,FMN GV 18 Kasterlee
84,Oudemolsedijk,2022-02-13,03:00:00,0,0,0,FMN GV 18 Kasterlee
84,Oudemolsedijk,2022-02-13,04:00:00,1,1,0,FMN GV 18 Kasterlee
84,Oudemolsedijk,2022-02-13,05:00:00,2,2,0,FMN GV 18 Kasterlee
84,Oudemolsedijk,2022-02-13,06:00:00,0,0,0,FMN GV 18 Kasterlee
84,Oudemolsedijk,2022-02-13,07:00:00,1,0,1,FMN GV 18 Kasterlee
84,Oudemolsedijk,2022-02-13,08:00:00,14,1,13,FMN GV 18 Kasterlee
84,Oudemolsedijk,2022-02-13,09:00:00,41,6,35,FMN GV 18 Kasterlee
84,Oudemolsedijk,2022-02-13,10:00:00,34,20,14,FMN GV 18 Kasterlee
84,Oudemolsedijk,2022-02-13,11:00:00,78,63,15,FMN GV 18 Kasterlee
84,Oudemolsedijk,2022-02-13,12:00:00,39,27,12,FMN GV 18 Kasterlee
84,Oudemolsedijk,2022-02-13,13:00:00,25,9,16,FMN GV 18 Kasterlee
84,Oudemolsedijk,2022-02-13,14:00:00,73,29,44,FMN GV 18 Kasterlee
84,Oudemolsedijk,2022-02-13,15:00:00,55,39,16,FMN GV 18 Kasterlee
84,Oudemolsedijk,2022-02-13,16:00:00,40,24,16,FMN GV 18 Kasterlee
84,Oudemolsedijk,2022-02-13,17:00:00,15,7,8,FMN GV 18 Kasterlee
84,Oudemolsedijk,2022-02-13,18:00:00,3,1,2,FMN GV 18 Kasterlee
84,Oudemolsedijk,2022-02-13,19:00:00,3,3,0,FMN GV 18 Kasterlee
84,Oudemolsedijk,2022-02-13,20:00:00,1,0,1,FMN GV 18 Kasterlee
84,Oudemolsedijk,2022-02-13,21:00:00,1,1,0,FMN GV 18 Kasterlee
84,Oudemolsedijk,2022-02-13,22:00:00,4,2,2,FMN GV 18 Kasterlee
84,Oudemolsedijk,2022-02-13,23:00:00,0,0,0,FMN GV 18 Kasterlee
84,Oudemolsedijk,2022-02-14,00:00:00,0,0,0,FMN GV 18 Kasterlee
84,Oudemolsedijk,2022-02-14,01:00:00,0,0,0,FMN GV 18 Kasterlee
84,Oudemolsedijk,2022-02-14,02:00:00,0,0,0,FMN GV 18 Kasterlee
84,Oudemolsedijk,2022-02-14,03:00:00,0,0,0,FMN GV 18 Kasterlee
84,Oudemolsedijk,2022-02-14,04:00:00,2,2,0,FMN GV 18 Kasterlee
84,Oudemolsedijk,2022-02-14,05:00:00,5,4,1,FMN GV 18 Kasterlee
84,Oudemolsedijk,2022-02-14,06:00:00,9,5,4,FMN GV 18 Kasterlee
84,Oudemolsedijk,2022-02-14,07:00:00,12,8,4,FMN GV 18 Kasterlee
84,Oudemolsedijk,2022-02-14,08:00:00,12,9,3,FMN GV 18 Kasterlee
84,Oudemolsedijk,2022-02-14,09:00:00,0,0,0,FMN GV 18 Kasterlee
84,Oudemolsedijk,2022-02-14,10:00:00,2,1,1,FMN GV 18 Kasterlee
84,Oudemolsedijk,2022-02-14,11:00:00,5,4,1,FMN GV 18 Kasterlee
84,Oudemolsedijk,2022-02-14,12:00:00,11,5,6,FMN GV 18 Kasterlee
84,Oudemolsedijk,2022-02-14,13:00:00,17,7,10,FMN GV 18 Kasterlee
84,Oudemolsedijk,2022-02-14,14:00:00,18,6,12,FMN GV 18 Kasterlee
84,Oudemolsedijk,2022-02-14,15:00:00,28,19,9,FMN GV 18 Kasterlee
84,Oudemolsedijk,2022-02-14,16:00:00,34,19,15,FMN GV 18 Kasterlee
84,Oudemolsedijk,2022-02-14,17:00:00,13,3,10,FMN GV 18 Kasterlee
84,Oudemolsedijk,2022-02-14,18:00:00,6,0,6,FMN GV 18 Kasterlee
84,Oudemolsedijk,2022-02-14,19:00:00,2,1,1,FMN GV 18 Kasterlee
84,Oudemolsedijk,2022-02-14,20:00:00,1,0,1,FMN GV 18 Kasterlee
84,Oudemolsedijk,2022-02-14,21:00:00,2,2,0,FMN GV 18 Kasterlee
84,Oudemolsedijk,2022-02-14,22:00:00,1,0,1,FMN GV 18 Kasterlee
84,Oudemolsedijk,2022-02-14,23:00:00,0,0,0,FMN GV 18 Kasterlee
84,Oudemolsedijk,2022-02-15,00:00:00,0,0,0,FMN GV 18 Kasterlee
84,Oudemolsedijk,2022-02-15,01:00:00,1,0,1,FMN GV 18 Kasterlee
84,Oudemolsedijk,2022-02-15,02:00:00,0,0,0,FMN GV 18 Kasterlee
84,Oudemolsedijk,2022-02-15,03:00:00,0,0,0,FMN GV 18 Kasterlee
84,Oudemolsedijk,2022-02-15,04:00:00,2,2,0,FMN GV 18 Kasterlee
84,Oudemolsedijk,2022-02-15,05:00:00,8,7,1,FMN GV 18 Kasterlee
84,Oudemolsedijk,2022-02-15,06:00:00,15,9,6,FMN GV 18 Kasterlee
84,Oudemolsedijk,2022-02-15,07:00:00,9,5,4,FMN GV 18 Kasterlee
84,Oudemolsedijk,2022-02-15,08:00:00,15,12,3,FMN GV 18 Kasterlee
84,Oudemolsedijk,2022-02-15,09:00:00,12,5,7,FMN GV 18 Kasterlee
84,Oudemolsedijk,2022-02-15,10:00:00,10,2,8,FMN GV 18 Kasterlee
84,Oudemolsedijk,2022-02-15,11:00:00,21,6,15,FMN GV 18 Kasterlee
84,Oudemolsedijk,2022-02-15,12:00:00,16,9,7,FMN GV 18 Kasterlee
84,Oudemolsedijk,2022-02-15,13:00:00,44,24,20,FMN GV 18 Kasterlee
84,Oudemolsedijk,2022-02-15,14:00:00,27,13,14,FMN GV 18 Kasterlee
84,Oudemolsedijk,2022-02-15,15:00:00,53,35,18,FMN GV 18 Kasterlee
84,Oudemolsedijk,2022-02-15,16:00:00,17,4,13,FMN GV 18 Kasterlee
84,Oudemolsedijk,2022-02-15,17:00:00,16,6,10,FMN GV 18 Kasterlee
84,Oudemolsedijk,2022-02-15,18:00:00,5,1,4,FMN GV 18 Kasterlee
84,Oudemolsedijk,2022-02-15,19:00:00,0,0,0,FMN GV 18 Kasterlee
84,Oudemolsedijk,2022-02-15,20:00:00,1,0,1,FMN GV 18 Kasterlee
84,Oudemolsedijk,2022-02-15,21:00:00,0,0,0,FMN GV 18 Kasterlee
84,Oudemolsedijk,2022-02-15,22:00:00,2,0,2,FMN GV 18 Kasterlee
84,Oudemolsedijk,2022-02-15,23:00:00,0,0,0,FMN GV 18 Kasterlee
84,Oudemolsedijk,2022-02-16,00:00:00,0,0,0,FMN GV 18 Kasterlee
84,Oudemolsedijk,2022-02-16,01:00:00,0,0,0,FMN GV 18 Kasterlee
84,Oudemolsedijk,2022-02-16,02:00:00,0,0,0,FMN GV 18 Kasterlee
84,Oudemolsedijk,2022-02-16,03:00:00,0,0,0,FMN GV 18 Kasterlee
84,Oudemolsedijk,2022-02-16,04:00:00,1,1,0,FMN GV 18 Kasterlee
84,Oudemolsedijk,2022-02-16,05:00:00,1,1,0,FMN GV 18 Kasterlee
84,Oudemolsedijk,2022-02-16,06:00:00,3,1,2,FMN GV 18 Kasterlee
84,Oudemolsedijk,2022-02-16,07:00:00,15,11,4,FMN GV 18 Kasterlee
84,Oudemolsedijk,2022-02-16,08:00:00,7,5,2,FMN GV 18 Kasterlee
84,Oudemolsedijk,2022-02-16,09:00:00,0,0,0,FMN GV 18 Kasterlee
84,Oudemolsedijk,2022-02-16,10:00:00,3,1,2,FMN GV 18 Kasterlee
84,Oudemolsedijk,2022-02-16,11:00:00,3,1,2,FMN GV 18 Kasterlee
84,Oudemolsedijk,2022-02-16,12:00:00,12,2,10,FMN GV 18 Kasterlee
84,Oudemolsedijk,2022-02-16,13:00:00,5,1,4,FMN GV 18 Kasterlee
84,Oudemolsedijk,2022-02-16,14:00:00,21,2,19,FMN GV 18 Kasterlee
84,Oudemolsedijk,2022-02-16,15:00:00,7,6,1,FMN GV 18 Kasterlee
84,Oudemolsedijk,2022-02-16,16:00:00,15,9,6,FMN GV 18 Kasterlee
84,Oudemolsedijk,2022-02-16,17:00:00,5,3,2,FMN GV 18 Kasterlee
84,Oudemolsedijk,2022-02-16,18:00:00,3,1,2,FMN GV 18 Kasterlee
84,Oudemolsedijk,2022-02-16,19:00:00,0,0,0,FMN GV 18 Kasterlee
84,Oudemolsedijk,2022-02-16,20:00:00,0,0,0,FMN GV 18 Kasterlee
84,Oudemolsedijk,2022-02-16,21:00:00,0,0,0,FMN GV 18 Kasterlee
84,Oudemolsedijk,2022-02-16,22:00:00,1,0,1,FMN GV 18 Kasterlee
84,Oudemolsedijk,2022-02-16,23:00:00,0,0,0,FMN GV 18 Kasterlee
84,Oudemolsedijk,2022-02-17,00:00:00,0,0,0,FMN GV 18 Kasterlee
84,Oudemolsedijk,2022-02-17,01:00:00,0,0,0,FMN GV 18 Kasterlee
84,Oudemolsedijk,2022-02-17,02:00:00,0,0,0,FMN GV 18 Kasterlee
84,Oudemolsedijk,2022-02-17,03:00:00,0,0,0,FMN GV 18 Kasterlee
84,Oudemolsedijk,2022-02-17,04:00:00,1,1,0,FMN GV 18 Kasterlee
84,Oudemolsedijk,2022-02-17,05:00:00,1,1,0,FMN GV 18 Kasterlee
84,Oudemolsedijk,2022-02-17,06:00:00,4,2,2,FMN GV 18 Kasterlee
84,Oudemolsedijk,2022-02-17,07:00:00,6,4,2,FMN GV 18 Kasterlee
84,Oudemolsedijk,2022-02-17,08:00:00,15,10,5,FMN GV 18 Kasterlee
84,Oudemolsedijk,2022-02-17,09:00:00,4,1,3,FMN GV 18 Kasterlee
84,Oudemolsedijk,2022-02-17,10:00:00,4,3,1,FMN GV 18 Kasterlee
84,Oudemolsedijk,2022-02-17,11:00:00,6,2,4,FMN GV 18 Kasterlee
84,Oudemolsedijk,2022-02-17,12:00:00,25,14,11,FMN GV 18 Kasterlee
84,Oudemolsedijk,2022-02-17,13:00:00,21,14,7,FMN GV 18 Kasterlee
84,Oudemolsedijk,2022-02-17,14:00:00,26,11,15,FMN GV 18 Kasterlee
84,Oudemolsedijk,2022-02-17,15:00:00,32,24,8,FMN GV 18 Kasterlee
84,Oudemolsedijk,2022-02-17,16:00:00,14,6,8,FMN GV 18 Kasterlee
84,Oudemolsedijk,2022-02-17,17:00:00,14,8,6,FMN GV 18 Kasterlee
84,Oudemolsedijk,2022-02-17,18:00:00,6,3,3,FMN GV 18 Kasterlee
84,Oudemolsedijk,2022-02-17,19:00:00,0,0,0,FMN GV 18 Kasterlee
84,Oudemolsedijk,2022-02-17,20:00:00,2,0,2,FMN GV 18 Kasterlee
84,Oudemolsedijk,2022-02-17,21:00:00,1,1,0,FMN GV 18 Kasterlee
84,Oudemolsedijk,2022-02-17,22:00:00,0,0,0,FMN GV 18 Kasterlee
84,Oudemolsedijk,2022-02-17,23:00:00,1,0,1,FMN GV 18 Kasterlee
84,Oudemolsedijk,2022-02-18,00:00:00,1,0,1,FMN GV 18 Kasterlee
84,Oudemolsedijk,2022-02-18,01:00:00,0,0,0,FMN GV 18 Kasterlee
84,Oudemolsedijk,2022-02-18,02:00:00,1,1,0,FMN GV 18 Kasterlee
84,Oudemolsedijk,2022-02-18,03:00:00,0,0,0,FMN GV 18 Kasterlee
84,Oudemolsedijk,2022-02-18,04:00:00,1,1,0,FMN GV 18 Kasterlee
84,Oudemolsedijk,2022-02-18,05:00:00,1,1,0,FMN GV 18 Kasterlee
84,Oudemolsedijk,2022-02-18,06:00:00,7,3,4,FMN GV 18 Kasterlee
84,Oudemolsedijk,2022-02-18,07:00:00,2,2,0,FMN GV 18 Kasterlee
84,Oudemolsedijk,2022-02-18,08:00:00,8,6,2,FMN GV 18 Kasterlee
84,Oudemolsedijk,2022-02-18,09:00:00,2,0,2,FMN GV 18 Kasterlee
84,Oudemolsedijk,2022-02-18,10:00:00,2,1,1,FMN GV 18 Kasterlee
84,Oudemolsedijk,2022-02-18,11:00:00,4,2,2,FMN GV 18 Kasterlee
84,Oudemolsedijk,2022-02-18,12:00:00,7,3,4,FMN GV 18 Kasterlee
84,Oudemolsedijk,2022-02-18,13:00:00,6,1,5,FMN GV 18 Kasterlee
84,Oudemolsedijk,2022-02-18,14:00:00,2,2,0,FMN GV 18 Kasterlee
84,Oudemolsedijk,2022-02-18,15:00:00,4,2,2,FMN GV 18 Kasterlee
84,Oudemolsedijk,2022-02-18,16:00:00,2,2,0,FMN GV 18 Kasterlee
84,Oudemolsedijk,2022-02-18,17:00:00,1,0,1,FMN GV 18 Kasterlee
84,Oudemolsedijk,2022-02-18,18:00:00,0,0,0,FMN GV 18 Kasterlee
84,Oudemolsedijk,2022-02-18,19:00:00,0,0,0,FMN GV 18 Kasterlee
84,Oudemolsedijk,2022-02-18,20:00:00,0,0,0,FMN GV 18 Kasterlee
84,Oudemolsedijk,2022-02-18,21:00:00,0,0,0,FMN GV 18 Kasterlee
84,Oudemolsedijk,2022-02-18,22:00:00,1,0,1,FMN GV 18 Kasterlee
84,Oudemolsedijk,2022-02-18,23:00:00,0,0,0,FMN GV 18 Kasterlee
84,Oudemolsedijk,2022-02-19,00:00:00,1,1,0,FMN GV 18 Kasterlee
84,Oudemolsedijk,2022-02-19,01:00:00,0,0,0,FMN GV 18 Kasterlee
84,Oudemolsedijk,2022-02-19,02:00:00,0,0,0,FMN GV 18 Kasterlee
84,Oudemolsedijk,2022-02-19,03:00:00,1,0,1,FMN GV 18 Kasterlee
84,Oudemolsedijk,2022-02-19,04:00:00,0,0,0,FMN GV 18 Kasterlee
84,Oudemolsedijk,2022-02-19,05:00:00,0,0,0,FMN GV 18 Kasterlee
84,Oudemolsedijk,2022-02-19,06:00:00,2,1,1,FMN GV 18 Kasterlee
84,Oudemolsedijk,2022-02-19,07:00:00,1,1,0,FMN GV 18 Kasterlee
84,Oudemolsedijk,2022-02-19,08:00:00,1,0,1,FMN GV 18 Kasterlee
84,Oudemolsedijk,2022-02-19,09:00:00,19,3,16,FMN GV 18 Kasterlee
84,Oudemolsedijk,2022-02-19,10:00:00,13,5,8,FMN GV 18 Kasterlee
84,Oudemolsedijk,2022-02-19,11:00:00,14,12,2,FMN GV 18 Kasterlee
84,Oudemolsedijk,2022-02-19,12:00:00,42,10,32,FMN GV 18 Kasterlee
84,Oudemolsedijk,2022-02-19,13:00:00,24,9,15,FMN GV 18 Kasterlee
84,Oudemolsedijk,2022-02-19,14:00:00,24,10,14,FMN GV 18 Kasterlee
84,Oudemolsedijk,2022-02-19,15:00:00,31,15,16,FMN GV 18 Kasterlee
84,Oudemolsedijk,2022-02-19,16:00:00,26,17,9,FMN GV 18 Kasterlee
84,Oudemolsedijk,2022-02-19,17:00:00,5,4,1,FMN GV 18 Kasterlee
84,Oudemolsedijk,2022-02-19,18:00:00,5,2,3,FMN GV 18 Kasterlee
84,Oudemolsedijk,2022-02-19,19:00:00,0,0,0,FMN GV 18 Kasterlee
84,Oudemolsedijk,2022-02-19,20:00:00,0,0,0,FMN GV 18 Kasterlee
84,Oudemolsedijk,2022-02-19,21:00:00,1,1,0,FMN GV 18 Kasterlee
84,Oudemolsedijk,2022-02-19,22:00:00,1,0,1,FMN GV 18 Kasterlee
84,Oudemolsedijk,2022-02-19,23:00:00,0,0,0,FMN GV 18 Kasterlee
84,Oudemolsedijk,2022-02-20,00:00:00,0,0,0,FMN GV 18 Kasterlee
84,Oudemolsedijk,2022-02-20,01:00:00,0,0,0,FMN GV 18 Kasterlee
84,Oudemolsedijk,2022-02-20,02:00:00,0,0,0,FMN GV 18 Kasterlee
84,Oudemolsedijk,2022-02-20,03:00:00,0,0,0,FMN GV 18 Kasterlee
84,Oudemolsedijk,2022-02-20,04:00:00,0,0,0,FMN GV 18 Kasterlee
84,Oudemolsedijk,2022-02-20,05:00:00,0,0,0,FMN GV 18 Kasterlee
84,Oudemolsedijk,2022-02-20,06:00:00,2,1,1,FMN GV 18 Kasterlee
84,Oudemolsedijk,2022-02-20,07:00:00,0,0,0,FMN GV 18 Kasterlee
84,Oudemolsedijk,2022-02-20,08:00:00,9,5,4,FMN GV 18 Kasterlee
84,Oudemolsedijk,2022-02-20,09:00:00,3,0,3,FMN GV 18 Kasterlee
84,Oudemolsedijk,2022-02-20,10:00:00,10,1,9,FMN GV 18 Kasterlee
84,Oudemolsedijk,2022-02-20,11:00:00,14,7,7,FMN GV 18 Kasterlee
84,Oudemolsedijk,2022-02-20,12:00:00,5,4,1,FMN GV 18 Kasterlee
84,Oudemolsedijk,2022-02-20,13:00:00,3,2,1,FMN GV 18 Kasterlee
84,Oudemolsedijk,2022-02-20,14:00:00,3,3,0,FMN GV 18 Kasterlee
84,Oudemolsedijk,2022-02-20,15:00:00,1,1,0,FMN GV 18 Kasterlee
84,Oudemolsedijk,2022-02-20,16:00:00,1,1,0,FMN GV 18 Kasterlee
84,Oudemolsedijk,2022-02-20,17:00:00,0,0,0,FMN GV 18 Kasterlee
84,Oudemolsedijk,2022-02-20,18:00:00,0,0,0,FMN GV 18 Kasterlee
84,Oudemolsedijk,2022-02-20,19:00:00,0,0,0,FMN GV 18 Kasterlee
84,Oudemolsedijk,2022-02-20,20:00:00,0,0,0,FMN GV 18 Kasterlee
84,Oudemolsedijk,2022-02-20,21:00:00,0,0,0,FMN GV 18 Kasterlee
84,Oudemolsedijk,2022-02-20,22:00:00,1,0,1,FMN GV 18 Kasterlee
84,Oudemolsedijk,2022-02-20,23:00:00,0,0,0,FMN GV 18 Kasterlee
84,Oudemolsedijk,2022-02-21,00:00:00,0,0,0,FMN GV 18 Kasterlee
84,Oudemolsedijk,2022-02-21,01:00:00,0,0,0,FMN GV 18 Kasterlee
84,Oudemolsedijk,2022-02-21,02:00:00,0,0,0,FMN GV 18 Kasterlee
84,Oudemolsedijk,2022-02-21,03:00:00,0,0,0,FMN GV 18 Kasterlee
84,Oudemolsedijk,2022-02-21,04:00:00,0,0,0,FMN GV 18 Kasterlee
84,Oudemolsedijk,2022-02-21,05:00:00,1,1,0,FMN GV 18 Kasterlee
84,Oudemolsedijk,2022-02-21,06:00:00,9,4,5,FMN GV 18 Kasterlee
84,Oudemolsedijk,2022-02-21,07:00:00,5,4,1,FMN GV 18 Kasterlee
84,Oudemolsedijk,2022-02-21,08:00:00,3,1,2,FMN GV 18 Kasterlee
84,Oudemolsedijk,2022-02-21,09:00:00,2,1,1,FMN GV 18 Kasterlee
84,Oudemolsedijk,2022-02-21,10:00:00,4,3,1,FMN GV 18 Kasterlee
84,Oudemolsedijk,2022-02-21,11:00:00,0,0,0,FMN GV 18 Kasterlee
84,Oudemolsedijk,2022-02-21,12:00:00,2,2,0,FMN GV 18 Kasterlee
84,Oudemolsedijk,2022-02-21,13:00:00,1,0,1,FMN GV 18 Kasterlee
84,Oudemolsedijk,2022-02-21,14:00:00,1,0,1,FMN GV 18 Kasterlee
84,Oudemolsedijk,2022-02-21,15:00:00,2,1,1,FMN GV 18 Kasterlee
84,Oudemolsedijk,2022-02-21,16:00:00,7,3,4,FMN GV 18 Kasterlee
84,Oudemolsedijk,2022-02-21,17:00:00,6,3,3,FMN GV 18 Kasterlee
84,Oudemolsedijk,2022-02-21,18:00:00,1,0,1,FMN GV 18 Kasterlee
84,Oudemolsedijk,2022-02-21,19:00:00,0,0,0,FMN GV 18 Kasterlee
84,Oudemolsedijk,2022-02-21,20:00:00,0,0,0,FMN GV 18 Kasterlee
84,Oudemolsedijk,2022-02-21,21:00:00,2,0,2,FMN GV 18 Kasterlee
84,Oudemolsedijk,2022-02-21,22:00:00,0,0,0,FMN GV 18 Kasterlee
84,Oudemolsedijk,2022-02-21,23:00:00,0,0,0,FMN GV 18 Kasterlee
84,Oudemolsedijk,2022-02-22,00:00:00,0,0,0,FMN GV 18 Kasterlee
84,Oudemolsedijk,2022-02-22,01:00:00,0,0,0,FMN GV 18 Kasterlee
84,Oudemolsedijk,2022-02-22,02:00:00,0,0,0,FMN GV 18 Kasterlee
84,Oudemolsedijk,2022-02-22,03:00:00,0,0,0,FMN GV 18 Kasterlee
84,Oudemolsedijk,2022-02-22,04:00:00,1,1,0,FMN GV 18 Kasterlee
84,Oudemolsedijk,2022-02-22,05:00:00,3,3,0,FMN GV 18 Kasterlee
84,Oudemolsedijk,2022-02-22,06:00:00,9,4,5,FMN GV 18 Kasterlee
84,Oudemolsedijk,2022-02-22,07:00:00,11,4,7,FMN GV 18 Kasterlee
84,Oudemolsedijk,2022-02-22,08:00:00,21,14,7,FMN GV 18 Kasterlee
84,Oudemolsedijk,2022-02-22,09:00:00,15,9,6,FMN GV 18 Kasterlee
84,Oudemolsedijk,2022-02-22,10:00:00,11,5,6,FMN GV 18 Kasterlee
84,Oudemolsedijk,2022-02-22,11:00:00,11,6,5,FMN GV 18 Kasterlee
84,Oudemolsedijk,2022-02-22,12:00:00,10,7,3,FMN GV 18 Kasterlee
84,Oudemolsedijk,2022-02-22,13:00:00,17,3,14,FMN GV 18 Kasterlee
84,Oudemolsedijk,2022-02-22,14:00:00,7,1,6,FMN GV 18 Kasterlee
84,Oudemolsedijk,2022-02-22,15:00:00,32,23,9,FMN GV 18 Kasterlee
84,Oudemolsedijk,2022-02-22,16:00:00,22,8,14,FMN GV 18 Kasterlee
84,Oudemolsedijk,2022-02-22,17:00:00,9,4,5,FMN GV 18 Kasterlee
84,Oudemolsedijk,2022-02-22,18:00:00,2,1,1,FMN GV 18 Kasterlee
84,Oudemolsedijk,2022-02-22,19:00:00,0,0,0,FMN GV 18 Kasterlee
84,Oudemolsedijk,2022-02-22,20:00:00,1,0,1,FMN GV 18 Kasterlee
84,Oudemolsedijk,2022-02-22,21:00:00,4,2,2,FMN GV 18 Kasterlee
84,Oudemolsedijk,2022-02-22,22:00:00,3,0,3,FMN GV 18 Kasterlee
84,Oudemolsedijk,2022-02-22,23:00:00,0,0,0,FMN GV 18 Kasterlee
84,Oudemolsedijk,2022-02-23,00:00:00,0,0,0,FMN GV 18 Kasterlee
84,Oudemolsedijk,2022-02-23,01:00:00,0,0,0,FMN GV 18 Kasterlee
84,Oudemolsedijk,2022-02-23,02:00:00,0,0,0,FMN GV 18 Kasterlee
84,Oudemolsedijk,2022-02-23,03:00:00,0,0,0,FMN GV 18 Kasterlee
84,Oudemolsedijk,2022-02-23,04:00:00,0,0,0,FMN GV 18 Kasterlee
84,Oudemolsedijk,2022-02-23,05:00:00,2,2,0,FMN GV 18 Kasterlee
84,Oudemolsedijk,2022-02-23,06:00:00,16,10,6,FMN GV 18 Kasterlee
84,Oudemolsedijk,2022-02-23,07:00:00,24,11,13,FMN GV 18 Kasterlee
84,Oudemolsedijk,2022-02-23,08:00:00,17,7,10,FMN GV 18 Kasterlee
84,Oudemolsedijk,2022-02-23,09:00:00,18,11,7,FMN GV 18 Kasterlee
84,Oudemolsedijk,2022-02-23,10:00:00,20,13,7,FMN GV 18 Kasterlee
84,Oudemolsedijk,2022-02-23,11:00:00,27,21,6,FMN GV 18 Kasterlee
84,Oudemolsedijk,2022-02-23,12:00:00,44,16,28,FMN GV 18 Kasterlee
84,Oudemolsedijk,2022-02-23,13:00:00,67,29,38,FMN GV 18 Kasterlee
84,Oudemolsedijk,2022-02-23,14:00:00,99,51,48,FMN GV 18 Kasterlee
84,Oudemolsedijk,2022-02-23,15:00:00,67,38,29,FMN GV 18 Kasterlee
84,Oudemolsedijk,2022-02-23,16:00:00,75,48,27,FMN GV 18 Kasterlee
84,Oudemolsedijk,2022-02-23,17:00:00,30,16,14,FMN GV 18 Kasterlee
84,Oudemolsedijk,2022-02-23,18:00:00,13,9,4,FMN GV 18 Kasterlee
84,Oudemolsedijk,2022-02-23,19:00:00,19,17,2,FMN GV 18 Kasterlee
84,Oudemolsedijk,2022-02-23,20:00:00,16,5,11,FMN GV 18 Kasterlee
84,Oudemolsedijk,2022-02-23,21:00:00,2,1,1,FMN GV 18 Kasterlee
84,Oudemolsedijk,2022-02-23,22:00:00,2,0,2,FMN GV 18 Kasterlee
84,Oudemolsedijk,2022-02-23,23:00:00,1,1,0,FMN GV 18 Kasterlee
84,Oudemolsedijk,2022-02-24,00:00:00,0,0,0,FMN GV 18 Kasterlee
84,Oudemolsedijk,2022-02-24,01:00:00,0,0,0,FMN GV 18 Kasterlee
84,Oudemolsedijk,2022-02-24,02:00:00,0,0,0,FMN GV 18 Kasterlee
84,Oudemolsedijk,2022-02-24,03:00:00,0,0,0,FMN GV 18 Kasterlee
84,Oudemolsedijk,2022-02-24,04:00:00,2,2,0,FMN GV 18 Kasterlee
84,Oudemolsedijk,2022-02-24,05:00:00,2,2,0,FMN GV 18 Kasterlee
84,Oudemolsedijk,2022-02-24,06:00:00,13,7,6,FMN GV 18 Kasterlee
84,Oudemolsedijk,2022-02-24,07:00:00,17,8,9,FMN GV 18 Kasterlee
84,Oudemolsedijk,2022-02-24,08:00:00,21,11,10,FMN GV 18 Kasterlee
84,Oudemolsedijk,2022-02-24,09:00:00,6,2,4,FMN GV 18 Kasterlee
84,Oudemolsedijk,2022-02-24,10:00:00,19,16,3,FMN GV 18 Kasterlee
84,Oudemolsedijk,2022-02-24,11:00:00,8,4,4,FMN GV 18 Kasterlee
84,Oudemolsedijk,2022-02-24,12:00:00,14,9,5,FMN GV 18 Kasterlee
84,Oudemolsedijk,2022-02-24,13:00:00,8,4,4,FMN GV 18 Kasterlee
84,Oudemolsedijk,2022-02-24,14:00:00,4,1,3,FMN GV 18 Kasterlee
84,Oudemolsedijk,2022-02-24,15:00:00,21,12,9,FMN GV 18 Kasterlee
84,Oudemolsedijk,2022-02-24,16:00:00,26,9,17,FMN GV 18 Kasterlee
84,Oudemolsedijk,2022-02-24,17:00:00,16,6,10,FMN GV 18 Kasterlee
84,Oudemolsedijk,2022-02-24,18:00:00,4,2,2,FMN GV 18 Kasterlee
84,Oudemolsedijk,2022-02-24,19:00:00,1,0,1,FMN GV 18 Kasterlee
84,Oudemolsedijk,2022-02-24,20:00:00,1,0,1,FMN GV 18 Kasterlee
84,Oudemolsedijk,2022-02-24,21:00:00,2,1,1,FMN GV 18 Kasterlee
84,Oudemolsedijk,2022-02-24,22:00:00,3,0,3,FMN GV 18 Kasterlee
84,Oudemolsedijk,2022-02-24,23:00:00,0,0,0,FMN GV 18 Kasterlee
84,Oudemolsedijk,2022-02-25,00:00:00,0,0,0,FMN GV 18 Kasterlee
84,Oudemolsedijk,2022-02-25,01:00:00,0,0,0,FMN GV 18 Kasterlee
84,Oudemolsedijk,2022-02-25,02:00:00,0,0,0,FMN GV 18 Kasterlee
84,Oudemolsedijk,2022-02-25,03:00:00,0,0,0,FMN GV 18 Kasterlee
84,Oudemolsedijk,2022-02-25,04:00:00,1,1,0,FMN GV 18 Kasterlee
84,Oudemolsedijk,2022-02-25,05:00:00,2,2,0,FMN GV 18 Kasterlee
84,Oudemolsedijk,2022-02-25,06:00:00,11,5,6,FMN GV 18 Kasterlee
84,Oudemolsedijk,2022-02-25,07:00:00,7,5,2,FMN GV 18 Kasterlee
84,Oudemolsedijk,2022-02-25,08:00:00,13,7,6,FMN GV 18 Kasterlee
84,Oudemolsedijk,2022-02-25,09:00:00,4,2,2,FMN GV 18 Kasterlee
84,Oudemolsedijk,2022-02-25,10:00:00,5,5,0,FMN GV 18 Kasterlee
84,Oudemolsedijk,2022-02-25,11:00:00,7,3,4,FMN GV 18 Kasterlee
84,Oudemolsedijk,2022-02-25,12:00:00,3,0,3,FMN GV 18 Kasterlee
84,Oudemolsedijk,2022-02-25,13:00:00,5,2,3,FMN GV 18 Kasterlee
84,Oudemolsedijk,2022-02-25,14:00:00,9,3,6,FMN GV 18 Kasterlee
84,Oudemolsedijk,2022-02-25,15:00:00,18,7,11,FMN GV 18 Kasterlee
84,Oudemolsedijk,2022-02-25,16:00:00,24,11,13,FMN GV 18 Kasterlee
84,Oudemolsedijk,2022-02-25,17:00:00,9,4,5,FMN GV 18 Kasterlee
84,Oudemolsedijk,2022-02-25,18:00:00,4,1,3,FMN GV 18 Kasterlee
84,Oudemolsedijk,2022-02-25,19:00:00,1,1,0,FMN GV 18 Kasterlee
84,Oudemolsedijk,2022-02-25,20:00:00,0,0,0,FMN GV 18 Kasterlee
84,Oudemolsedijk,2022-02-25,21:00:00,0,0,0,FMN GV 18 Kasterlee
84,Oudemolsedijk,2022-02-25,22:00:00,1,1,0,FMN GV 18 Kasterlee
84,Oudemolsedijk,2022-02-25,23:00:00,2,0,2,FMN GV 18 Kasterlee
84,Oudemolsedijk,2022-02-26,00:00:00,0,0,0,FMN GV 18 Kasterlee
84,Oudemolsedijk,2022-02-26,01:00:00,0,0,0,FMN GV 18 Kasterlee
84,Oudemolsedijk,2022-02-26,02:00:00,1,0,1,FMN GV 18 Kasterlee
84,Oudemolsedijk,2022-02-26,03:00:00,0,0,0,FMN GV 18 Kasterlee
84,Oudemolsedijk,2022-02-26,04:00:00,1,1,0,FMN GV 18 Kasterlee
84,Oudemolsedijk,2022-02-26,05:00:00,4,3,1,FMN GV 18 Kasterlee
84,Oudemolsedijk,2022-02-26,06:00:00,1,1,0,FMN GV 18 Kasterlee
84,Oudemolsedijk,2022-02-26,07:00:00,1,0,1,FMN GV 18 Kasterlee
84,Oudemolsedijk,2022-02-26,08:00:00,1,0,1,FMN GV 18 Kasterlee
84,Oudemolsedijk,2022-02-26,09:00:00,11,6,5,FMN GV 18 Kasterlee
84,Oudemolsedijk,2022-02-26,10:00:00,38,16,22,FMN GV 18 Kasterlee
84,Oudemolsedijk,2022-02-26,11:00:00,43,16,27,FMN GV 18 Kasterlee
84,Oudemolsedijk,2022-02-26,12:00:00,62,26,36,FMN GV 18 Kasterlee
84,Oudemolsedijk,2022-02-26,13:00:00,98,50,48,FMN GV 18 Kasterlee
84,Oudemolsedijk,2022-02-26,14:00:00,107,47,60,FMN GV 18 Kasterlee
84,Oudemolsedijk,2022-02-26,15:00:00,82,57,25,FMN GV 18 Kasterlee
84,Oudemolsedijk,2022-02-26,16:00:00,24,19,5,FMN GV 18 Kasterlee
84,Oudemolsedijk,2022-02-26,17:00:00,27,19,8,FMN GV 18 Kasterlee
84,Oudemolsedijk,2022-02-26,18:00:00,6,5,1,FMN GV 18 Kasterlee
84,Oudemolsedijk,2022-02-26,19:00:00,0,0,0,FMN GV 18 Kasterlee
84,Oudemolsedijk,2022-02-26,20:00:00,2,2,0,FMN GV 18 Kasterlee
84,Oudemolsedijk,2022-02-26,21:00:00,0,0,0,FMN GV 18 Kasterlee
84,Oudemolsedijk,2022-02-26,22:00:00,1,1,0,FMN GV 18 Kasterlee
84,Oudemolsedijk,2022-02-26,23:00:00,2,2,0,FMN GV 18 Kasterlee
84,Oudemolsedijk,2022-02-27,00:00:00,0,0,0,FMN GV 18 Kasterlee
84,Oudemolsedijk,2022-02-27,01:00:00,0,0,0,FMN GV 18 Kasterlee
84,Oudemolsedijk,2022-02-27,02:00:00,0,0,0,FMN GV 18 Kasterlee
84,Oudemolsedijk,2022-02-27,03:00:00,0,0,0,FMN GV 18 Kasterlee
84,Oudemolsedijk,2022-02-27,04:00:00,2,2,0,FMN GV 18 Kasterlee
84,Oudemolsedijk,2022-02-27,05:00:00,1,0,1,FMN GV 18 Kasterlee
84,Oudemolsedijk,2022-02-27,06:00:00,4,3,1,FMN GV 18 Kasterlee
84,Oudemolsedijk,2022-02-27,07:00:00,1,0,1,FMN GV 18 Kasterlee
84,Oudemolsedijk,2022-02-27,08:00:00,28,6,22,FMN GV 18 Kasterlee
84,Oudemolsedijk,2022-02-27,09:00:00,80,12,68,FMN GV 18 Kasterlee
84,Oudemolsedijk,2022-02-27,10:00:00,125,66,59,FMN GV 18 Kasterlee
84,Oudemolsedijk,2022-02-27,11:00:00,133,75,58,FMN GV 18 Kasterlee
84,Oudemolsedijk,2022-02-27,12:00:00,52,28,24,FMN GV 18 Kasterlee
84,Oudemolsedijk,2022-02-27,13:00:00,93,29,64,FMN GV 18 Kasterlee
84,Oudemolsedijk,2022-02-27,14:00:00,129,59,70,FMN GV 18 Kasterlee
84,Oudemolsedijk,2022-02-27,15:00:00,108,57,51,FMN GV 18 Kasterlee
84,Oudemolsedijk,2022-02-27,16:00:00,59,38,21,FMN GV 18 Kasterlee
84,Oudemolsedijk,2022-02-27,17:00:00,21,19,2,FMN GV 18 Kasterlee
84,Oudemolsedijk,2022-02-27,18:00:00,11,7,4,FMN GV 18 Kasterlee
84,Oudemolsedijk,2022-02-27,19:00:00,0,0,0,FMN GV 18 Kasterlee
84,Oudemolsedijk,2022-02-27,20:00:00,0,0,0,FMN GV 18 Kasterlee
84,Oudemolsedijk,2022-02-27,21:00:00,1,1,0,FMN GV 18 Kasterlee
84,Oudemolsedijk,2022-02-27,22:00:00,0,0,0,FMN GV 18 Kasterlee
84,Oudemolsedijk,2022-02-27,23:00:00,0,0,0,FMN GV 18 Kasterlee
84,Oudemolsedijk,2022-02-28,00:00:00,0,0,0,FMN GV 18 Kasterlee
84,Oudemolsedijk,2022-02-28,01:00:00,0,0,0,FMN GV 18 Kasterlee
84,Oudemolsedijk,2022-02-28,02:00:00,0,0,0,FMN GV 18 Kasterlee
84,Oudemolsedijk,2022-02-28,03:00:00,0,0,0,FMN GV 18 Kasterlee
84,Oudemolsedijk,2022-02-28,04:00:00,1,1,0,FMN GV 18 Kasterlee
84,Oudemolsedijk,2022-02-28,05:00:00,3,3,0,FMN GV 18 Kasterlee
84,Oudemolsedijk,2022-02-28,06:00:00,17,7,10,FMN GV 18 Kasterlee
84,Oudemolsedijk,2022-02-28,07:00:00,14,8,6,FMN GV 18 Kasterlee
84,Oudemolsedijk,2022-02-28,08:00:00,3,1,2,FMN GV 18 Kasterlee
84,Oudemolsedijk,2022-02-28,09:00:00,10,5,5,FMN GV 18 Kasterlee
84,Oudemolsedijk,2022-02-28,10:00:00,10,2,8,FMN GV 18 Kasterlee
84,Oudemolsedijk,2022-02-28,11:00:00,13,6,7,FMN GV 18 Kasterlee
84,Oudemolsedijk,2022-02-28,12:00:00,27,13,14,FMN GV 18 Kasterlee
84,Oudemolsedijk,2022-02-28,13:00:00,42,17,25,FMN GV 18 Kasterlee
84,Oudemolsedijk,2022-02-28,14:00:00,90,41,49,FMN GV 18 Kasterlee
84,Oudemolsedijk,2022-02-28,15:00:00,91,55,36,FMN GV 18 Kasterlee
84,Oudemolsedijk,2022-02-28,16:00:00,58,29,29,FMN GV 18 Kasterlee
84,Oudemolsedijk,2022-02-28,17:00:00,20,7,13,FMN GV 18 Kasterlee
84,Oudemolsedijk,2022-02-28,18:00:00,5,2,3,FMN GV 18 Kasterlee
84,Oudemolsedijk,2022-02-28,19:00:00,2,1,1,FMN GV 18 Kasterlee
84,Oudemolsedijk,2022-02-28,20:00:00,0,0,0,FMN GV 18 Kasterlee
84,Oudemolsedijk,2022-02-28,21:00:00,0,0,0,FMN GV 18 Kasterlee
84,Oudemolsedijk,2022-02-28,22:00:00,4,1,3,FMN GV 18 Kasterlee
84,Oudemolsedijk,2022-02-28,23:00:00,0,0,0,FMN GV 18 Kasterlee
84,Oudemolsedijk,2022-03-01,00:00:00,1,0,1,FMN GV 18 Kasterlee
84,Oudemolsedijk,2022-03-01,01:00:00,0,0,0,FMN GV 18 Kasterlee
84,Oudemolsedijk,2022-03-01,02:00:00,0,0,0,FMN GV 18 Kasterlee
84,Oudemolsedijk,2022-03-01,03:00:00,0,0,0,FMN GV 18 Kasterlee
84,Oudemolsedijk,2022-03-01,04:00:00,1,1,0,FMN GV 18 Kasterlee
84,Oudemolsedijk,2022-03-01,05:00:00,4,4,0,FMN GV 18 Kasterlee
84,Oudemolsedijk,2022-03-01,06:00:00,16,6,10,FMN GV 18 Kasterlee
84,Oudemolsedijk,2022-03-01,07:00:00,16,5,11,FMN GV 18 Kasterlee
84,Oudemolsedijk,2022-03-01,08:00:00,9,3,6,FMN GV 18 Kasterlee
84,Oudemolsedijk,2022-03-01,09:00:00,7,4,3,FMN GV 18 Kasterlee
84,Oudemolsedijk,2022-03-01,10:00:00,18,4,14,FMN GV 18 Kasterlee
84,Oudemolsedijk,2022-03-01,11:00:00,17,6,11,FMN GV 18 Kasterlee
84,Oudemolsedijk,2022-03-01,12:00:00,16,8,8,FMN GV 18 Kasterlee
84,Oudemolsedijk,2022-03-01,13:00:00,61,14,47,FMN GV 18 Kasterlee
84,Oudemolsedijk,2022-03-01,14:00:00,39,14,25,FMN GV 18 Kasterlee
84,Oudemolsedijk,2022-03-01,15:00:00,23,17,6,FMN GV 18 Kasterlee
84,Oudemolsedijk,2022-03-01,16:00:00,47,32,15,FMN GV 18 Kasterlee
84,Oudemolsedijk,2022-03-01,17:00:00,29,22,7,FMN GV 18 Kasterlee
84,Oudemolsedijk,2022-03-01,18:00:00,9,3,6,FMN GV 18 Kasterlee
84,Oudemolsedijk,2022-03-01,19:00:00,1,0,1,FMN GV 18 Kasterlee
84,Oudemolsedijk,2022-03-01,20:00:00,3,0,3,FMN GV 18 Kasterlee
84,Oudemolsedijk,2022-03-01,21:00:00,3,3,0,FMN GV 18 Kasterlee
84,Oudemolsedijk,2022-03-01,22:00:00,4,0,4,FMN GV 18 Kasterlee
84,Oudemolsedijk,2022-03-01,23:00:00,0,0,0,FMN GV 18 Kasterlee
84,Oudemolsedijk,2022-03-02,00:00:00,0,0,0,FMN GV 18 Kasterlee
84,Oudemolsedijk,2022-03-02,01:00:00,0,0,0,FMN GV 18 Kasterlee
84,Oudemolsedijk,2022-03-02,02:00:00,0,0,0,FMN GV 18 Kasterlee
84,Oudemolsedijk,2022-03-02,03:00:00,0,0,0,FMN GV 18 Kasterlee
84,Oudemolsedijk,2022-03-02,04:00:00,1,1,0,FMN GV 18 Kasterlee
84,Oudemolsedijk,2022-03-02,05:00:00,4,4,0,FMN GV 18 Kasterlee
84,Oudemolsedijk,2022-03-02,06:00:00,21,7,14,FMN GV 18 Kasterlee
84,Oudemolsedijk,2022-03-02,07:00:00,10,5,5,FMN GV 18 Kasterlee
84,Oudemolsedijk,2022-03-02,08:00:00,10,5,5,FMN GV 18 Kasterlee
84,Oudemolsedijk,2022-03-02,09:00:00,9,7,2,FMN GV 18 Kasterlee
84,Oudemolsedijk,2022-03-02,10:00:00,23,14,9,FMN GV 18 Kasterlee
84,Oudemolsedijk,2022-03-02,11:00:00,12,7,5,FMN GV 18 Kasterlee
84,Oudemolsedijk,2022-03-02,12:00:00,36,18,18,FMN GV 18 Kasterlee
84,Oudemolsedijk,2022-03-02,13:00:00,61,28,33,FMN GV 18 Kasterlee
84,Oudemolsedijk,2022-03-02,14:00:00,66,31,35,FMN GV 18 Kasterlee
84,Oudemolsedijk,2022-03-02,15:00:00,41,22,19,FMN GV 18 Kasterlee
84,Oudemolsedijk,2022-03-02,16:00:00,67,45,22,FMN GV 18 Kasterlee
84,Oudemolsedijk,2022-03-02,17:00:00,42,25,17,FMN GV 18 Kasterlee
84,Oudemolsedijk,2022-03-02,18:00:00,9,6,3,FMN GV 18 Kasterlee
84,Oudemolsedijk,2022-03-02,19:00:00,14,12,2,FMN GV 18 Kasterlee
84,Oudemolsedijk,2022-03-02,20:00:00,10,5,5,FMN GV 18 Kasterlee
84,Oudemolsedijk,2022-03-02,21:00:00,0,0,0,FMN GV 18 Kasterlee
84,Oudemolsedijk,2022-03-02,22:00:00,2,0,2,FMN GV 18 Kasterlee
84,Oudemolsedijk,2022-03-02,23:00:00,0,0,0,FMN GV 18 Kasterlee
84,Oudemolsedijk,2022-03-03,00:00:00,0,0,0,FMN GV 18 Kasterlee
84,Oudemolsedijk,2022-03-03,01:00:00,0,0,0,FMN GV 18 Kasterlee
84,Oudemolsedijk,2022-03-03,02:00:00,0,0,0,FMN GV 18 Kasterlee
84,Oudemolsedijk,2022-03-03,03:00:00,0,0,0,FMN GV 18 Kasterlee
84,Oudemolsedijk,2022-03-03,04:00:00,1,1,0,FMN GV 18 Kasterlee
84,Oudemolsedijk,2022-03-03,05:00:00,5,5,0,FMN GV 18 Kasterlee
84,Oudemolsedijk,2022-03-03,06:00:00,19,10,9,FMN GV 18 Kasterlee
84,Oudemolsedijk,2022-03-03,07:00:00,12,8,4,FMN GV 18 Kasterlee
84,Oudemolsedijk,2022-03-03,08:00:00,13,5,8,FMN GV 18 Kasterlee
84,Oudemolsedijk,2022-03-03,09:00:00,11,5,6,FMN GV 18 Kasterlee
84,Oudemolsedijk,2022-03-03,10:00:00,12,6,6,FMN GV 18 Kasterlee
84,Oudemolsedijk,2022-03-03,11:00:00,9,6,3,FMN GV 18 Kasterlee
84,Oudemolsedijk,2022-03-03,12:00:00,22,8,14,FMN GV 18 Kasterlee
84,Oudemolsedijk,2022-03-03,13:00:00,91,42,49,FMN GV 18 Kasterlee
84,Oudemolsedijk,2022-03-03,14:00:00,115,59,56,FMN GV 18 Kasterlee
84,Oudemolsedijk,2022-03-03,15:00:00,108,63,45,FMN GV 18 Kasterlee
84,Oudemolsedijk,2022-03-03,16:00:00,82,45,37,FMN GV 18 Kasterlee
84,Oudemolsedijk,2022-03-03,17:00:00,32,18,14,FMN GV 18 Kasterlee
84,Oudemolsedijk,2022-03-03,18:00:00,24,13,11,FMN GV 18 Kasterlee
84,Oudemolsedijk,2022-03-03,19:00:00,7,6,1,FMN GV 18 Kasterlee
84,Oudemolsedijk,2022-03-03,20:00:00,0,0,0,FMN GV 18 Kasterlee
84,Oudemolsedijk,2022-03-03,21:00:00,0,0,0,FMN GV 18 Kasterlee
84,Oudemolsedijk,2022-03-03,22:00:00,3,0,3,FMN GV 18 Kasterlee
84,Oudemolsedijk,2022-03-03,23:00:00,0,0,0,FMN GV 18 Kasterlee
84,Oudemolsedijk,2022-03-04,00:00:00,0,0,0,FMN GV 18 Kasterlee
84,Oudemolsedijk,2022-03-04,01:00:00,0,0,0,FMN GV 18 Kasterlee
84,Oudemolsedijk,2022-03-04,02:00:00,0,0,0,FMN GV 18 Kasterlee
84,Oudemolsedijk,2022-03-04,03:00:00,0,0,0,FMN GV 18 Kasterlee
84,Oudemolsedijk,2022-03-04,04:00:00,1,1,0,FMN GV 18 Kasterlee
84,Oudemolsedijk,2022-03-04,05:00:00,2,2,0,FMN GV 18 Kasterlee
84,Oudemolsedijk,2022-03-04,06:00:00,17,9,8,FMN GV 18 Kasterlee
84,Oudemolsedijk,2022-03-04,07:00:00,14,6,8,FMN GV 18 Kasterlee
84,Oudemolsedijk,2022-03-04,08:00:00,7,4,3,FMN GV 18 Kasterlee
84,Oudemolsedijk,2022-03-04,09:00:00,3,0,3,FMN GV 18 Kasterlee
84,Oudemolsedijk,2022-03-04,10:00:00,14,6,8,FMN GV 18 Kasterlee
84,Oudemolsedijk,2022-03-04,11:00:00,12,6,6,FMN GV 18 Kasterlee
84,Oudemolsedijk,2022-03-04,12:00:00,32,19,13,FMN GV 18 Kasterlee
84,Oudemolsedijk,2022-03-04,13:00:00,62,27,35,FMN GV 18 Kasterlee
84,Oudemolsedijk,2022-03-04,14:00:00,66,23,43,FMN GV 18 Kasterlee
84,Oudemolsedijk,2022-03-04,15:00:00,81,42,39,FMN GV 18 Kasterlee
84,Oudemolsedijk,2022-03-04,16:00:00,57,36,21,FMN GV 18 Kasterlee
84,Oudemolsedijk,2022-03-04,17:00:00,15,8,7,FMN GV 18 Kasterlee
84,Oudemolsedijk,2022-03-04,18:00:00,6,2,4,FMN GV 18 Kasterlee
84,Oudemolsedijk,2022-03-04,19:00:00,6,5,1,FMN GV 18 Kasterlee
84,Oudemolsedijk,2022-03-04,20:00:00,1,1,0,FMN GV 18 Kasterlee
84,Oudemolsedijk,2022-03-04,21:00:00,0,0,0,FMN GV 18 Kasterlee
84,Oudemolsedijk,2022-03-04,22:00:00,3,3,0,FMN GV 18 Kasterlee
84,Oudemolsedijk,2022-03-04,23:00:00,1,0,1,FMN GV 18 Kasterlee
84,Oudemolsedijk,2022-03-05,00:00:00,0,0,0,FMN GV 18 Kasterlee
84,Oudemolsedijk,2022-03-05,01:00:00,2,1,1,FMN GV 18 Kasterlee
84,Oudemolsedijk,2022-03-05,02:00:00,4,0,4,FMN GV 18 Kasterlee
84,Oudemolsedijk,2022-03-05,03:00:00,1,0,1,FMN GV 18 Kasterlee
84,Oudemolsedijk,2022-03-05,04:00:00,0,0,0,FMN GV 18 Kasterlee
84,Oudemolsedijk,2022-03-05,05:00:00,0,0,0,FMN GV 18 Kasterlee
84,Oudemolsedijk,2022-03-05,06:00:00,2,1,1,FMN GV 18 Kasterlee
84,Oudemolsedijk,2022-03-05,07:00:00,1,0,1,FMN GV 18 Kasterlee
84,Oudemolsedijk,2022-03-05,08:00:00,11,3,8,FMN GV 18 Kasterlee
84,Oudemolsedijk,2022-03-05,09:00:00,10,4,6,FMN GV 18 Kasterlee
84,Oudemolsedijk,2022-03-05,10:00:00,50,21,29,FMN GV 18 Kasterlee
84,Oudemolsedijk,2022-03-05,11:00:00,39,24,15,FMN GV 18 Kasterlee
84,Oudemolsedijk,2022-03-05,12:00:00,84,27,57,FMN GV 18 Kasterlee
84,Oudemolsedijk,2022-03-05,13:00:00,100,64,36,FMN GV 18 Kasterlee
84,Oudemolsedijk,2022-03-05,14:00:00,138,77,61,FMN GV 18 Kasterlee
84,Oudemolsedijk,2022-03-05,15:00:00,128,72,56,FMN GV 18 Kasterlee
84,Oudemolsedijk,2022-03-05,16:00:00,60,27,33,FMN GV 18 Kasterlee
84,Oudemolsedijk,2022-03-05,17:00:00,28,23,5,FMN GV 18 Kasterlee
84,Oudemolsedijk,2022-03-05,18:00:00,2,1,1,FMN GV 18 Kasterlee
84,Oudemolsedijk,2022-03-05,19:00:00,3,2,1,FMN GV 18 Kasterlee
84,Oudemolsedijk,2022-03-05,20:00:00,1,0,1,FMN GV 18 Kasterlee
84,Oudemolsedijk,2022-03-05,21:00:00,3,3,0,FMN GV 18 Kasterlee
84,Oudemolsedijk,2022-03-05,22:00:00,5,2,3,FMN GV 18 Kasterlee
84,Oudemolsedijk,2022-03-05,23:00:00,0,0,0,FMN GV 18 Kasterlee
84,Oudemolsedijk,2022-03-06,00:00:00,0,0,0,FMN GV 18 Kasterlee
84,Oudemolsedijk,2022-03-06,01:00:00,1,0,1,FMN GV 18 Kasterlee
84,Oudemolsedijk,2022-03-06,02:00:00,0,0,0,FMN GV 18 Kasterlee
84,Oudemolsedijk,2022-03-06,03:00:00,0,0,0,FMN GV 18 Kasterlee
84,Oudemolsedijk,2022-03-06,04:00:00,0,0,0,FMN GV 18 Kasterlee
84,Oudemolsedijk,2022-03-06,05:00:00,0,0,0,FMN GV 18 Kasterlee
84,Oudemolsedijk,2022-03-06,06:00:00,2,2,0,FMN GV 18 Kasterlee
84,Oudemolsedijk,2022-03-06,07:00:00,2,1,1,FMN GV 18 Kasterlee
84,Oudemolsedijk,2022-03-06,08:00:00,32,14,18,FMN GV 18 Kasterlee
84,Oudemolsedijk,2022-03-06,09:00:00,48,36,12,FMN GV 18 Kasterlee
84,Oudemolsedijk,2022-03-06,10:00:00,126,67,59,FMN GV 18 Kasterlee
84,Oudemolsedijk,2022-03-06,11:00:00,172,128,44,FMN GV 18 Kasterlee
84,Oudemolsedijk,2022-03-06,12:00:00,59,43,16,FMN GV 18 Kasterlee
84,Oudemolsedijk,2022-03-06,13:00:00,63,44,19,FMN GV 18 Kasterlee
84,Oudemolsedijk,2022-03-06,14:00:00,65,34,31,FMN GV 18 Kasterlee
84,Oudemolsedijk,2022-03-06,15:00:00,57,39,18,FMN GV 18 Kasterlee
84,Oudemolsedijk,2022-03-06,16:00:00,31,22,9,FMN GV 18 Kasterlee
84,Oudemolsedijk,2022-03-06,17:00:00,9,6,3,FMN GV 18 Kasterlee
84,Oudemolsedijk,2022-03-06,18:00:00,11,6,5,FMN GV 18 Kasterlee
84,Oudemolsedijk,2022-03-06,19:00:00,0,0,0,FMN GV 18 Kasterlee
84,Oudemolsedijk,2022-03-06,20:00:00,1,1,0,FMN GV 18 Kasterlee
84,Oudemolsedijk,2022-03-06,21:00:00,0,0,0,FMN GV 18 Kasterlee
84,Oudemolsedijk,2022-03-06,22:00:00,1,0,1,FMN GV 18 Kasterlee
84,Oudemolsedijk,2022-03-06,23:00:00,0,0,0,FMN GV 18 Kasterlee
84,Oudemolsedijk,2022-03-07,00:00:00,0,0,0,FMN GV 18 Kasterlee
84,Oudemolsedijk,2022-03-07,01:00:00,0,0,0,FMN GV 18 Kasterlee
84,Oudemolsedijk,2022-03-07,02:00:00,0,0,0,FMN GV 18 Kasterlee
84,Oudemolsedijk,2022-03-07,03:00:00,0,0,0,FMN GV 18 Kasterlee
84,Oudemolsedijk,2022-03-07,04:00:00,1,0,1,FMN GV 18 Kasterlee
84,Oudemolsedijk,2022-03-07,05:00:00,6,6,0,FMN GV 18 Kasterlee
84,Oudemolsedijk,2022-03-07,06:00:00,23,11,12,FMN GV 18 Kasterlee
84,Oudemolsedijk,2022-03-07,07:00:00,18,8,10,FMN GV 18 Kasterlee
84,Oudemolsedijk,2022-03-07,08:00:00,18,10,8,FMN GV 18 Kasterlee
84,Oudemolsedijk,2022-03-07,09:00:00,11,2,9,FMN GV 18 Kasterlee
84,Oudemolsedijk,2022-03-07,10:00:00,9,5,4,FMN GV 18 Kasterlee
84,Oudemolsedijk,2022-03-07,11:00:00,13,5,8,FMN GV 18 Kasterlee
84,Oudemolsedijk,2022-03-07,12:00:00,18,11,7,FMN GV 18 Kasterlee
84,Oudemolsedijk,2022-03-07,13:00:00,22,16,6,FMN GV 18 Kasterlee
84,Oudemolsedijk,2022-03-07,14:00:00,37,17,20,FMN GV 18 Kasterlee
84,Oudemolsedijk,2022-03-07,15:00:00,43,22,21,FMN GV 18 Kasterlee
84,Oudemolsedijk,2022-03-07,16:00:00,76,27,49,FMN GV 18 Kasterlee
84,Oudemolsedijk,2022-03-07,17:00:00,19,10,9,FMN GV 18 Kasterlee
84,Oudemolsedijk,2022-03-07,18:00:00,8,2,6,FMN GV 18 Kasterlee
84,Oudemolsedijk,2022-03-07,19:00:00,2,2,0,FMN GV 18 Kasterlee
84,Oudemolsedijk,2022-03-07,20:00:00,1,0,1,FMN GV 18 Kasterlee
84,Oudemolsedijk,2022-03-07,21:00:00,1,0,1,FMN GV 18 Kasterlee
84,Oudemolsedijk,2022-03-07,22:00:00,8,1,7,FMN GV 18 Kasterlee
84,Oudemolsedijk,2022-03-07,23:00:00,0,0,0,FMN GV 18 Kasterlee
84,Oudemolsedijk,2022-03-08,00:00:00,0,0,0,FMN GV 18 Kasterlee
84,Oudemolsedijk,2022-03-08,01:00:00,0,0,0,FMN GV 18 Kasterlee
84,Oudemolsedijk,2022-03-08,02:00:00,0,0,0,FMN GV 18 Kasterlee
84,Oudemolsedijk,2022-03-08,03:00:00,0,0,0,FMN GV 18 Kasterlee
84,Oudemolsedijk,2022-03-08,04:00:00,1,0,1,FMN GV 18 Kasterlee
84,Oudemolsedijk,2022-03-08,05:00:00,6,6,0,FMN GV 18 Kasterlee
84,Oudemolsedijk,2022-03-08,06:00:00,21,9,12,FMN GV 18 Kasterlee
84,Oudemolsedijk,2022-03-08,07:00:00,25,13,12,FMN GV 18 Kasterlee
84,Oudemolsedijk,2022-03-08,08:00:00,20,14,6,FMN GV 18 Kasterlee
84,Oudemolsedijk,2022-03-08,09:00:00,13,7,6,FMN GV 18 Kasterlee
84,Oudemolsedijk,2022-03-08,10:00:00,10,3,7,FMN GV 18 Kasterlee
84,Oudemolsedijk,2022-03-08,11:00:00,10,6,4,FMN GV 18 Kasterlee
84,Oudemolsedijk,2022-03-08,12:00:00,20,14,6,FMN GV 18 Kasterlee
84,Oudemolsedijk,2022-03-08,13:00:00,89,22,67,FMN GV 18 Kasterlee
84,Oudemolsedijk,2022-03-08,14:00:00,58,25,33,FMN GV 18 Kasterlee
84,Oudemolsedijk,2022-03-08,15:00:00,49,32,17,FMN GV 18 Kasterlee
84,Oudemolsedijk,2022-03-08,16:00:00,57,30,27,FMN GV 18 Kasterlee
84,Oudemolsedijk,2022-03-08,17:00:00,39,23,16,FMN GV 18 Kasterlee
84,Oudemolsedijk,2022-03-08,18:00:00,12,6,6,FMN GV 18 Kasterlee
84,Oudemolsedijk,2022-03-08,19:00:00,5,3,2,FMN GV 18 Kasterlee
84,Oudemolsedijk,2022-03-08,20:00:00,6,4,2,FMN GV 18 Kasterlee
84,Oudemolsedijk,2022-03-08,21:00:00,3,1,2,FMN GV 18 Kasterlee
84,Oudemolsedijk,2022-03-08,22:00:00,5,0,5,FMN GV 18 Kasterlee
84,Oudemolsedijk,2022-03-08,23:00:00,1,0,1,FMN GV 18 Kasterlee
84,Oudemolsedijk,2022-03-09,00:00:00,0,0,0,FMN GV 18 Kasterlee
84,Oudemolsedijk,2022-03-09,01:00:00,0,0,0,FMN GV 18 Kasterlee
84,Oudemolsedijk,2022-03-09,02:00:00,0,0,0,FMN GV 18 Kasterlee
84,Oudemolsedijk,2022-03-09,03:00:00,0,0,0,FMN GV 18 Kasterlee
84,Oudemolsedijk,2022-03-09,04:00:00,0,0,0,FMN GV 18 Kasterlee
84,Oudemolsedijk,2022-03-09,05:00:00,6,5,1,FMN GV 18 Kasterlee
84,Oudemolsedijk,2022-03-09,06:00:00,22,9,13,FMN GV 18 Kasterlee
84,Oudemolsedijk,2022-03-09,07:00:00,25,16,9,FMN GV 18 Kasterlee
84,Oudemolsedijk,2022-03-09,08:00:00,15,11,4,FMN GV 18 Kasterlee
84,Oudemolsedijk,2022-03-09,09:00:00,12,6,6,FMN GV 18 Kasterlee
84,Oudemolsedijk,2022-03-09,10:00:00,23,12,11,FMN GV 18 Kasterlee
84,Oudemolsedijk,2022-03-09,11:00:00,17,9,8,FMN GV 18 Kasterlee
84,Oudemolsedijk,2022-03-09,12:00:00,44,20,24,FMN GV 18 Kasterlee
84,Oudemolsedijk,2022-03-09,13:00:00,110,45,65,FMN GV 18 Kasterlee
84,Oudemolsedijk,2022-03-09,14:00:00,110,50,60,FMN GV 18 Kasterlee
84,Oudemolsedijk,2022-03-09,15:00:00,83,33,50,FMN GV 18 Kasterlee
84,Oudemolsedijk,2022-03-09,16:00:00,85,47,38,FMN GV 18 Kasterlee
84,Oudemolsedijk,2022-03-09,17:00:00,39,20,19,FMN GV 18 Kasterlee
84,Oudemolsedijk,2022-03-09,18:00:00,17,11,6,FMN GV 18 Kasterlee
84,Oudemolsedijk,2022-03-09,19:00:00,6,5,1,FMN GV 18 Kasterlee
84,Oudemolsedijk,2022-03-09,20:00:00,23,13,10,FMN GV 18 Kasterlee
84,Oudemolsedijk,2022-03-09,21:00:00,2,1,1,FMN GV 18 Kasterlee
84,Oudemolsedijk,2022-03-09,22:00:00,7,0,7,FMN GV 18 Kasterlee
84,Oudemolsedijk,2022-03-09,23:00:00,0,0,0,FMN GV 18 Kasterlee
84,Oudemolsedijk,2022-03-10,00:00:00,0,0,0,FMN GV 18 Kasterlee
84,Oudemolsedijk,2022-03-10,01:00:00,1,0,1,FMN GV 18 Kasterlee
84,Oudemolsedijk,2022-03-10,02:00:00,0,0,0,FMN GV 18 Kasterlee
84,Oudemolsedijk,2022-03-10,03:00:00,0,0,0,FMN GV 18 Kasterlee
84,Oudemolsedijk,2022-03-10,04:00:00,1,0,1,FMN GV 18 Kasterlee
84,Oudemolsedijk,2022-03-10,05:00:00,5,5,0,FMN GV 18 Kasterlee
84,Oudemolsedijk,2022-03-10,06:00:00,27,13,14,FMN GV 18 Kasterlee
84,Oudemolsedijk,2022-03-10,07:00:00,31,18,13,FMN GV 18 Kasterlee
84,Oudemolsedijk,2022-03-10,08:00:00,31,17,14,FMN GV 18 Kasterlee
84,Oudemolsedijk,2022-03-10,09:00:00,9,3,6,FMN GV 18 Kasterlee
84,Oudemolsedijk,2022-03-10,10:00:00,23,12,11,FMN GV 18 Kasterlee
84,Oudemolsedijk,2022-03-10,11:00:00,25,12,13,FMN GV 18 Kasterlee
84,Oudemolsedijk,2022-03-10,12:00:00,55,23,32,FMN GV 18 Kasterlee
84,Oudemolsedijk,2022-03-10,13:00:00,113,44,69,FMN GV 18 Kasterlee
84,Oudemolsedijk,2022-03-10,14:00:00,121,55,66,FMN GV 18 Kasterlee
84,Oudemolsedijk,2022-03-10,15:00:00,157,85,72,FMN GV 18 Kasterlee
84,Oudemolsedijk,2022-03-10,16:00:00,93,44,49,FMN GV 18 Kasterlee
84,Oudemolsedijk,2022-03-10,17:00:00,51,30,21,FMN GV 18 Kasterlee
84,Oudemolsedijk,2022-03-10,18:00:00,17,8,9,FMN GV 18 Kasterlee
84,Oudemolsedijk,2022-03-10,19:00:00,4,1,3,FMN GV 18 Kasterlee
84,Oudemolsedijk,2022-03-10,20:00:00,3,3,0,FMN GV 18 Kasterlee
84,Oudemolsedijk,2022-03-10,21:00:00,1,0,1,FMN GV 18 Kasterlee
84,Oudemolsedijk,2022-03-10,22:00:00,6,0,6,FMN GV 18 Kasterlee
84,Oudemolsedijk,2022-03-10,23:00:00,0,0,0,FMN GV 18 Kasterlee
84,Oudemolsedijk,2022-03-11,00:00:00,0,0,0,FMN GV 18 Kasterlee
84,Oudemolsedijk,2022-03-11,01:00:00,0,0,0,FMN GV 18 Kasterlee
84,Oudemolsedijk,2022-03-11,02:00:00,0,0,0,FMN GV 18 Kasterlee
84,Oudemolsedijk,2022-03-11,03:00:00,0,0,0,FMN GV 18 Kasterlee
84,Oudemolsedijk,2022-03-11,04:00:00,0,0,0,FMN GV 18 Kasterlee
84,Oudemolsedijk,2022-03-11,05:00:00,6,4,2,FMN GV 18 Kasterlee
84,Oudemolsedijk,2022-03-11,06:00:00,21,9,12,FMN GV 18 Kasterlee
84,Oudemolsedijk,2022-03-11,07:00:00,28,18,10,FMN GV 18 Kasterlee
84,Oudemolsedijk,2022-03-11,08:00:00,19,14,5,FMN GV 18 Kasterlee
84,Oudemolsedijk,2022-03-11,09:00:00,20,7,13,FMN GV 18 Kasterlee
84,Oudemolsedijk,2022-03-11,10:00:00,27,11,16,FMN GV 18 Kasterlee
84,Oudemolsedijk,2022-03-11,11:00:00,22,13,9,FMN GV 18 Kasterlee
84,Oudemolsedijk,2022-03-11,12:00:00,31,12,19,FMN GV 18 Kasterlee
84,Oudemolsedijk,2022-03-11,13:00:00,56,35,21,FMN GV 18 Kasterlee
84,Oudemolsedijk,2022-03-11,14:00:00,46,25,21,FMN GV 18 Kasterlee
84,Oudemolsedijk,2022-03-11,15:00:00,60,29,31,FMN GV 18 Kasterlee
84,Oudemolsedijk,2022-03-11,16:00:00,55,25,30,FMN GV 18 Kasterlee
84,Oudemolsedijk,2022-03-11,17:00:00,33,19,14,FMN GV 18 Kasterlee
84,Oudemolsedijk,2022-03-11,18:00:00,15,6,9,FMN GV 18 Kasterlee
84,Oudemolsedijk,2022-03-11,19:00:00,7,3,4,FMN GV 18 Kasterlee
84,Oudemolsedijk,2022-03-11,20:00:00,3,2,1,FMN GV 18 Kasterlee
84,Oudemolsedijk,2022-03-11,21:00:00,6,0,6,FMN GV 18 Kasterlee
84,Oudemolsedijk,2022-03-11,22:00:00,2,0,2,FMN GV 18 Kasterlee
84,Oudemolsedijk,2022-03-11,23:00:00,2,0,2,FMN GV 18 Kasterlee
84,Oudemolsedijk,2022-03-12,00:00:00,2,1,1,FMN GV 18 Kasterlee
84,Oudemolsedijk,2022-03-12,01:00:00,1,0,1,FMN GV 18 Kasterlee
84,Oudemolsedijk,2022-03-12,02:00:00,0,0,0,FMN GV 18 Kasterlee
84,Oudemolsedijk,2022-03-12,03:00:00,1,0,1,FMN GV 18 Kasterlee
84,Oudemolsedijk,2022-03-12,04:00:00,0,0,0,FMN GV 18 Kasterlee
84,Oudemolsedijk,2022-03-12,05:00:00,1,1,0,FMN GV 18 Kasterlee
84,Oudemolsedijk,2022-03-12,06:00:00,0,0,0,FMN GV 18 Kasterlee
84,Oudemolsedijk,2022-03-12,07:00:00,1,0,1,FMN GV 18 Kasterlee
84,Oudemolsedijk,2022-03-12,08:00:00,8,1,7,FMN GV 18 Kasterlee
84,Oudemolsedijk,2022-03-12,09:00:00,41,7,34,FMN GV 18 Kasterlee
84,Oudemolsedijk,2022-03-12,10:00:00,37,22,15,FMN GV 18 Kasterlee
84,Oudemolsedijk,2022-03-12,11:00:00,38,24,14,FMN GV 18 Kasterlee
84,Oudemolsedijk,2022-03-12,12:00:00,52,26,26,FMN GV 18 Kasterlee
84,Oudemolsedijk,2022-03-12,13:00:00,58,29,29,FMN GV 18 Kasterlee
84,Oudemolsedijk,2022-03-12,14:00:00,85,31,54,FMN GV 18 Kasterlee
84,Oudemolsedijk,2022-03-12,15:00:00,71,27,44,FMN GV 18 Kasterlee
84,Oudemolsedijk,2022-03-12,16:00:00,51,24,27,FMN GV 18 Kasterlee
84,Oudemolsedijk,2022-03-12,17:00:00,18,9,9,FMN GV 18 Kasterlee
84,Oudemolsedijk,2022-03-12,18:00:00,6,4,2,FMN GV 18 Kasterlee
84,Oudemolsedijk,2022-03-12,19:00:00,3,3,0,FMN GV 18 Kasterlee
84,Oudemolsedijk,2022-03-12,20:00:00,0,0,0,FMN GV 18 Kasterlee
84,Oudemolsedijk,2022-03-12,21:00:00,0,0,0,FMN GV 18 Kasterlee
84,Oudemolsedijk,2022-03-12,22:00:00,4,4,0,FMN GV 18 Kasterlee
84,Oudemolsedijk,2022-03-12,23:00:00,1,1,0,FMN GV 18 Kasterlee
84,Oudemolsedijk,2022-03-13,00:00:00,0,0,0,FMN GV 18 Kasterlee
84,Oudemolsedijk,2022-03-13,01:00:00,0,0,0,FMN GV 18 Kasterlee
84,Oudemolsedijk,2022-03-13,02:00:00,2,0,2,FMN GV 18 Kasterlee
84,Oudemolsedijk,2022-03-13,03:00:00,0,0,0,FMN GV 18 Kasterlee
84,Oudemolsedijk,2022-03-13,04:00:00,1,0,1,FMN GV 18 Kasterlee
84,Oudemolsedijk,2022-03-13,05:00:00,0,0,0,FMN GV 18 Kasterlee
84,Oudemolsedijk,2022-03-13,06:00:00,0,0,0,FMN GV 18 Kasterlee
84,Oudemolsedijk,2022-03-13,07:00:00,7,0,7,FMN GV 18 Kasterlee
84,Oudemolsedijk,2022-03-13,08:00:00,17,9,8,FMN GV 18 Kasterlee
84,Oudemolsedijk,2022-03-13,09:00:00,46,21,25,FMN GV 18 Kasterlee
84,Oudemolsedijk,2022-03-13,10:00:00,82,42,40,FMN GV 18 Kasterlee
84,Oudemolsedijk,2022-03-13,11:00:00,95,79,16,FMN GV 18 Kasterlee
84,Oudemolsedijk,2022-03-13,12:00:00,60,35,25,FMN GV 18 Kasterlee
84,Oudemolsedijk,2022-03-13,13:00:00,85,31,54,FMN GV 18 Kasterlee
84,Oudemolsedijk,2022-03-13,14:00:00,148,85,63,FMN GV 18 Kasterlee
84,Oudemolsedijk,2022-03-13,15:00:00,94,54,40,FMN GV 18 Kasterlee
84,Oudemolsedijk,2022-03-13,16:00:00,59,39,20,FMN GV 18 Kasterlee
84,Oudemolsedijk,2022-03-13,17:00:00,32,20,12,FMN GV 18 Kasterlee
84,Oudemolsedijk,2022-03-13,18:00:00,11,4,7,FMN GV 18 Kasterlee
84,Oudemolsedijk,2022-03-13,19:00:00,4,0,4,FMN GV 18 Kasterlee
84,Oudemolsedijk,2022-03-13,20:00:00,4,4,0,FMN GV 18 Kasterlee
84,Oudemolsedijk,2022-03-13,21:00:00,3,3,0,FMN GV 18 Kasterlee
84,Oudemolsedijk,2022-03-13,22:00:00,2,1,1,FMN GV 18 Kasterlee
84,Oudemolsedijk,2022-03-13,23:00:00,0,0,0,FMN GV 18 Kasterlee
84,Oudemolsedijk,2022-03-14,00:00:00,0,0,0,FMN GV 18 Kasterlee
84,Oudemolsedijk,2022-03-14,01:00:00,0,0,0,FMN GV 18 Kasterlee
84,Oudemolsedijk,2022-03-14,02:00:00,0,0,0,FMN GV 18 Kasterlee
84,Oudemolsedijk,2022-03-14,03:00:00,0,0,0,FMN GV 18 Kasterlee
84,Oudemolsedijk,2022-03-14,04:00:00,1,1,0,FMN GV 18 Kasterlee
84,Oudemolsedijk,2022-03-14,05:00:00,6,6,0,FMN GV 18 Kasterlee
84,Oudemolsedijk,2022-03-14,06:00:00,29,15,14,FMN GV 18 Kasterlee
84,Oudemolsedijk,2022-03-14,07:00:00,33,22,11,FMN GV 18 Kasterlee
84,Oudemolsedijk,2022-03-14,08:00:00,14,11,3,FMN GV 18 Kasterlee
84,Oudemolsedijk,2022-03-14,09:00:00,7,1,6,FMN GV 18 Kasterlee
84,Oudemolsedijk,2022-03-14,10:00:00,15,10,5,FMN GV 18 Kasterlee
84,Oudemolsedijk,2022-03-14,11:00:00,11,6,5,FMN GV 18 Kasterlee
84,Oudemolsedijk,2022-03-14,12:00:00,24,13,11,FMN GV 18 Kasterlee
84,Oudemolsedijk,2022-03-14,13:00:00,49,19,30,FMN GV 18 Kasterlee
84,Oudemolsedijk,2022-03-14,14:00:00,38,14,24,FMN GV 18 Kasterlee
84,Oudemolsedijk,2022-03-14,15:00:00,39,22,17,FMN GV 18 Kasterlee
84,Oudemolsedijk,2022-03-14,16:00:00,64,32,32,FMN GV 18 Kasterlee
84,Oudemolsedijk,2022-03-14,17:00:00,31,7,24,FMN GV 18 Kasterlee
84,Oudemolsedijk,2022-03-14,18:00:00,10,3,7,FMN GV 18 Kasterlee
84,Oudemolsedijk,2022-03-14,19:00:00,3,1,2,FMN GV 18 Kasterlee
84,Oudemolsedijk,2022-03-14,20:00:00,2,2,0,FMN GV 18 Kasterlee
84,Oudemolsedijk,2022-03-14,21:00:00,3,1,2,FMN GV 18 Kasterlee
84,Oudemolsedijk,2022-03-14,22:00:00,5,3,2,FMN GV 18 Kasterlee
84,Oudemolsedijk,2022-03-14,23:00:00,0,0,0,FMN GV 18 Kasterlee
84,Oudemolsedijk,2022-03-15,00:00:00,0,0,0,FMN GV 18 Kasterlee
84,Oudemolsedijk,2022-03-15,01:00:00,0,0,0,FMN GV 18 Kasterlee
84,Oudemolsedijk,2022-03-15,02:00:00,0,0,0,FMN GV 18 Kasterlee
84,Oudemolsedijk,2022-03-15,03:00:00,0,0,0,FMN GV 18 Kasterlee
84,Oudemolsedijk,2022-03-15,04:00:00,1,0,1,FMN GV 18 Kasterlee
84,Oudemolsedijk,2022-03-15,05:00:00,5,5,0,FMN GV 18 Kasterlee
84,Oudemolsedijk,2022-03-15,06:00:00,29,14,15,FMN GV 18 Kasterlee
84,Oudemolsedijk,2022-03-15,07:00:00,26,17,9,FMN GV 18 Kasterlee
84,Oudemolsedijk,2022-03-15,08:00:00,28,18,10,FMN GV 18 Kasterlee
84,Oudemolsedijk,2022-03-15,09:00:00,6,2,4,FMN GV 18 Kasterlee
84,Oudemolsedijk,2022-03-15,10:00:00,14,3,11,FMN GV 18 Kasterlee
84,Oudemolsedijk,2022-03-15,11:00:00,5,2,3,FMN GV 18 Kasterlee
84,Oudemolsedijk,2022-03-15,12:00:00,9,5,4,FMN GV 18 Kasterlee
84,Oudemolsedijk,2022-03-15,13:00:00,56,25,31,FMN GV 18 Kasterlee
84,Oudemolsedijk,2022-03-15,14:00:00,33,15,18,FMN GV 18 Kasterlee
84,Oudemolsedijk,2022-03-15,15:00:00,37,26,11,FMN GV 18 Kasterlee
84,Oudemolsedijk,2022-03-15,16:00:00,43,21,22,FMN GV 18 Kasterlee
84,Oudemolsedijk,2022-03-15,17:00:00,24,10,14,FMN GV 18 Kasterlee
84,Oudemolsedijk,2022-03-15,18:00:00,15,9,6,FMN GV 18 Kasterlee
84,Oudemolsedijk,2022-03-15,19:00:00,7,3,4,FMN GV 18 Kasterlee
84,Oudemolsedijk,2022-03-15,20:00:00,4,3,1,FMN GV 18 Kasterlee
84,Oudemolsedijk,2022-03-15,21:00:00,1,1,0,FMN GV 18 Kasterlee
84,Oudemolsedijk,2022-03-15,22:00:00,6,3,3,FMN GV 18 Kasterlee
84,Oudemolsedijk,2022-03-15,23:00:00,1,0,1,FMN GV 18 Kasterlee
84,Oudemolsedijk,2022-03-16,00:00:00,0,0,0,FMN GV 18 Kasterlee
84,Oudemolsedijk,2022-03-16,01:00:00,0,0,0,FMN GV 18 Kasterlee
84,Oudemolsedijk,2022-03-16,02:00:00,0,0,0,FMN GV 18 Kasterlee
84,Oudemolsedijk,2022-03-16,03:00:00,0,0,0,FMN GV 18 Kasterlee
84,Oudemolsedijk,2022-03-16,04:00:00,1,1,0,FMN GV 18 Kasterlee
84,Oudemolsedijk,2022-03-16,05:00:00,6,6,0,FMN GV 18 Kasterlee
84,Oudemolsedijk,2022-03-16,06:00:00,25,10,15,FMN GV 18 Kasterlee
84,Oudemolsedijk,2022-03-16,07:00:00,33,21,12,FMN GV 18 Kasterlee
84,Oudemolsedijk,2022-03-16,08:00:00,31,24,7,FMN GV 18 Kasterlee
84,Oudemolsedijk,2022-03-16,09:00:00,20,11,9,FMN GV 18 Kasterlee
84,Oudemolsedijk,2022-03-16,10:00:00,44,16,28,FMN GV 18 Kasterlee
84,Oudemolsedijk,2022-03-16,11:00:00,43,23,20,FMN GV 18 Kasterlee
84,Oudemolsedijk,2022-03-16,12:00:00,69,23,46,FMN GV 18 Kasterlee
84,Oudemolsedijk,2022-03-16,13:00:00,95,49,46,FMN GV 18 Kasterlee
84,Oudemolsedijk,2022-03-16,14:00:00,140,79,61,FMN GV 18 Kasterlee
84,Oudemolsedijk,2022-03-16,15:00:00,118,71,47,FMN GV 18 Kasterlee
84,Oudemolsedijk,2022-03-16,16:00:00,97,56,41,FMN GV 18 Kasterlee
84,Oudemolsedijk,2022-03-16,17:00:00,36,19,17,FMN GV 18 Kasterlee
84,Oudemolsedijk,2022-03-16,18:00:00,35,23,12,FMN GV 18 Kasterlee
84,Oudemolsedijk,2022-03-16,19:00:00,12,11,1,FMN GV 18 Kasterlee
84,Oudemolsedijk,2022-03-16,20:00:00,18,10,8,FMN GV 18 Kasterlee
84,Oudemolsedijk,2022-03-16,21:00:00,3,2,1,FMN GV 18 Kasterlee
84,Oudemolsedijk,2022-03-16,22:00:00,4,1,3,FMN GV 18 Kasterlee
84,Oudemolsedijk,2022-03-16,23:00:00,0,0,0,FMN GV 18 Kasterlee
84,Oudemolsedijk,2022-03-17,00:00:00,0,0,0,FMN GV 18 Kasterlee
84,Oudemolsedijk,2022-03-17,01:00:00,0,0,0,FMN GV 18 Kasterlee
84,Oudemolsedijk,2022-03-17,02:00:00,1,1,0,FMN GV 18 Kasterlee
84,Oudemolsedijk,2022-03-17,03:00:00,0,0,0,FMN GV 18 Kasterlee
84,Oudemolsedijk,2022-03-17,04:00:00,0,0,0,FMN GV 18 Kasterlee
84,Oudemolsedijk,2022-03-17,05:00:00,5,5,0,FMN GV 18 Kasterlee
84,Oudemolsedijk,2022-03-17,06:00:00,19,10,9,FMN GV 18 Kasterlee
84,Oudemolsedijk,2022-03-17,07:00:00,27,18,9,FMN GV 18 Kasterlee
84,Oudemolsedijk,2022-03-17,08:00:00,21,12,9,FMN GV 18 Kasterlee
84,Oudemolsedijk,2022-03-17,09:00:00,12,1,11,FMN GV 18 Kasterlee
84,Oudemolsedijk,2022-03-17,10:00:00,13,9,4,FMN GV 18 Kasterlee
84,Oudemolsedijk,2022-03-17,11:00:00,8,6,2,FMN GV 18 Kasterlee
84,Oudemolsedijk,2022-03-17,12:00:00,28,14,14,FMN GV 18 Kasterlee
84,Oudemolsedijk,2022-03-17,13:00:00,33,17,16,FMN GV 18 Kasterlee
84,Oudemolsedijk,2022-03-17,14:00:00,63,28,35,FMN GV 18 Kasterlee
84,Oudemolsedijk,2022-03-17,15:00:00,85,30,55,FMN GV 18 Kasterlee
84,Oudemolsedijk,2022-03-17,16:00:00,51,29,22,FMN GV 18 Kasterlee
84,Oudemolsedijk,2022-03-17,17:00:00,32,12,20,FMN GV 18 Kasterlee
84,Oudemolsedijk,2022-03-17,18:00:00,12,7,5,FMN GV 18 Kasterlee
84,Oudemolsedijk,2022-03-17,19:00:00,4,0,4,FMN GV 18 Kasterlee
84,Oudemolsedijk,2022-03-17,20:00:00,6,3,3,FMN GV 18 Kasterlee
84,Oudemolsedijk,2022-03-17,21:00:00,1,0,1,FMN GV 18 Kasterlee
84,Oudemolsedijk,2022-03-17,22:00:00,5,3,2,FMN GV 18 Kasterlee
84,Oudemolsedijk,2022-03-17,23:00:00,0,0,0,FMN GV 18 Kasterlee
84,Oudemolsedijk,2022-03-18,00:00:00,0,0,0,FMN GV 18 Kasterlee
84,Oudemolsedijk,2022-03-18,01:00:00,0,0,0,FMN GV 18 Kasterlee
84,Oudemolsedijk,2022-03-18,02:00:00,0,0,0,FMN GV 18 Kasterlee
84,Oudemolsedijk,2022-03-18,03:00:00,1,1,0,FMN GV 18 Kasterlee
84,Oudemolsedijk,2022-03-18,04:00:00,0,0,0,FMN GV 18 Kasterlee
84,Oudemolsedijk,2022-03-18,05:00:00,5,5,0,FMN GV 18 Kasterlee
84,Oudemolsedijk,2022-03-18,06:00:00,20,10,10,FMN GV 18 Kasterlee
84,Oudemolsedijk,2022-03-18,07:00:00,24,16,8,FMN GV 18 Kasterlee
84,Oudemolsedijk,2022-03-18,08:00:00,18,9,9,FMN GV 18 Kasterlee
84,Oudemolsedijk,2022-03-18,09:00:00,28,17,11,FMN GV 18 Kasterlee
84,Oudemolsedijk,2022-03-18,10:00:00,17,9,8,FMN GV 18 Kasterlee
84,Oudemolsedijk,2022-03-18,11:00:00,40,20,20,FMN GV 18 Kasterlee
84,Oudemolsedijk,2022-03-18,12:00:00,34,20,14,FMN GV 18 Kasterlee
84,Oudemolsedijk,2022-03-18,13:00:00,44,25,19,FMN GV 18 Kasterlee
84,Oudemolsedijk,2022-03-18,14:00:00,70,26,44,FMN GV 18 Kasterlee
84,Oudemolsedijk,2022-03-18,15:00:00,76,46,30,FMN GV 18 Kasterlee
84,Oudemolsedijk,2022-03-18,16:00:00,61,32,29,FMN GV 18 Kasterlee
84,Oudemolsedijk,2022-03-18,17:00:00,40,15,25,FMN GV 18 Kasterlee
84,Oudemolsedijk,2022-03-18,18:00:00,12,7,5,FMN GV 18 Kasterlee
84,Oudemolsedijk,2022-03-18,19:00:00,7,4,3,FMN GV 18 Kasterlee
84,Oudemolsedijk,2022-03-18,20:00:00,1,1,0,FMN GV 18 Kasterlee
84,Oudemolsedijk,2022-03-18,21:00:00,1,0,1,FMN GV 18 Kasterlee
84,Oudemolsedijk,2022-03-18,22:00:00,4,1,3,FMN GV 18 Kasterlee
84,Oudemolsedijk,2022-03-18,23:00:00,2,2,0,FMN GV 18 Kasterlee
84,Oudemolsedijk,2022-03-19,00:00:00,2,0,2,FMN GV 18 Kasterlee
84,Oudemolsedijk,2022-03-19,01:00:00,0,0,0,FMN GV 18 Kasterlee
84,Oudemolsedijk,2022-03-19,02:00:00,0,0,0,FMN GV 18 Kasterlee
84,Oudemolsedijk,2022-03-19,03:00:00,0,0,0,FMN GV 18 Kasterlee
84,Oudemolsedijk,2022-03-19,04:00:00,2,1,1,FMN GV 18 Kasterlee
84,Oudemolsedijk,2022-03-19,05:00:00,1,0,1,FMN GV 18 Kasterlee
84,Oudemolsedijk,2022-03-19,06:00:00,1,0,1,FMN GV 18 Kasterlee
84,Oudemolsedijk,2022-03-19,07:00:00,5,2,3,FMN GV 18 Kasterlee
84,Oudemolsedijk,2022-03-19,08:00:00,6,2,4,FMN GV 18 Kasterlee
84,Oudemolsedijk,2022-03-19,09:00:00,32,17,15,FMN GV 18 Kasterlee
84,Oudemolsedijk,2022-03-19,10:00:00,34,17,17,FMN GV 18 Kasterlee
84,Oudemolsedijk,2022-03-19,11:00:00,42,24,18,FMN GV 18 Kasterlee
84,Oudemolsedijk,2022-03-19,12:00:00,42,16,26,FMN GV 18 Kasterlee
84,Oudemolsedijk,2022-03-19,13:00:00,98,67,31,FMN GV 18 Kasterlee
84,Oudemolsedijk,2022-03-19,14:00:00,62,30,32,FMN GV 18 Kasterlee
84,Oudemolsedijk,2022-03-19,15:00:00,83,40,43,FMN GV 18 Kasterlee
84,Oudemolsedijk,2022-03-19,16:00:00,23,19,4,FMN GV 18 Kasterlee
84,Oudemolsedijk,2022-03-19,17:00:00,16,12,4,FMN GV 18 Kasterlee
84,Oudemolsedijk,2022-03-19,18:00:00,13,6,7,FMN GV 18 Kasterlee
84,Oudemolsedijk,2022-03-19,19:00:00,5,5,0,FMN GV 18 Kasterlee
84,Oudemolsedijk,2022-03-19,20:00:00,7,7,0,FMN GV 18 Kasterlee
84,Oudemolsedijk,2022-03-19,21:00:00,6,6,0,FMN GV 18 Kasterlee
84,Oudemolsedijk,2022-03-19,22:00:00,1,0,1,FMN GV 18 Kasterlee
84,Oudemolsedijk,2022-03-19,23:00:00,0,0,0,FMN GV 18 Kasterlee
84,Oudemolsedijk,2022-03-20,00:00:00,0,0,0,FMN GV 18 Kasterlee
84,Oudemolsedijk,2022-03-20,01:00:00,0,0,0,FMN GV 18 Kasterlee
84,Oudemolsedijk,2022-03-20,02:00:00,1,0,1,FMN GV 18 Kasterlee
84,Oudemolsedijk,2022-03-20,03:00:00,12,0,12,FMN GV 18 Kasterlee
84,Oudemolsedijk,2022-03-20,04:00:00,2,2,0,FMN GV 18 Kasterlee
84,Oudemolsedijk,2022-03-20,05:00:00,0,0,0,FMN GV 18 Kasterlee
84,Oudemolsedijk,2022-03-20,06:00:00,0,0,0,FMN GV 18 Kasterlee
84,Oudemolsedijk,2022-03-20,07:00:00,9,3,6,FMN GV 18 Kasterlee
84,Oudemolsedijk,2022-03-20,08:00:00,42,14,28,FMN GV 18 Kasterlee
84,Oudemolsedijk,2022-03-20,09:00:00,28,14,14,FMN GV 18 Kasterlee
84,Oudemolsedijk,2022-03-20,10:00:00,62,42,20,FMN GV 18 Kasterlee
84,Oudemolsedijk,2022-03-20,11:00:00,50,31,19,FMN GV 18 Kasterlee
84,Oudemolsedijk,2022-03-20,12:00:00,24,17,7,FMN GV 18 Kasterlee
84,Oudemolsedijk,2022-03-20,13:00:00,25,13,12,FMN GV 18 Kasterlee
84,Oudemolsedijk,2022-03-20,14:00:00,76,36,40,FMN GV 18 Kasterlee
84,Oudemolsedijk,2022-03-20,15:00:00,61,31,30,FMN GV 18 Kasterlee
84,Oudemolsedijk,2022-03-20,16:00:00,32,21,11,FMN GV 18 Kasterlee
84,Oudemolsedijk,2022-03-20,17:00:00,19,16,3,FMN GV 18 Kasterlee
84,Oudemolsedijk,2022-03-20,18:00:00,8,4,4,FMN GV 18 Kasterlee
84,Oudemolsedijk,2022-03-20,19:00:00,8,3,5,FMN GV 18 Kasterlee
84,Oudemolsedijk,2022-03-20,20:00:00,0,0,0,FMN GV 18 Kasterlee
84,Oudemolsedijk,2022-03-20,21:00:00,2,2,0,FMN GV 18 Kasterlee
84,Oudemolsedijk,2022-03-20,22:00:00,0,0,0,FMN GV 18 Kasterlee
84,Oudemolsedijk,2022-03-20,23:00:00,0,0,0,FMN GV 18 Kasterlee
84,Oudemolsedijk,2022-03-21,00:00:00,0,0,0,FMN GV 18 Kasterlee
84,Oudemolsedijk,2022-03-21,01:00:00,0,0,0,FMN GV 18 Kasterlee
84,Oudemolsedijk,2022-03-21,02:00:00,0,0,0,FMN GV 18 Kasterlee
84,Oudemolsedijk,2022-03-21,03:00:00,0,0,0,FMN GV 18 Kasterlee
84,Oudemolsedijk,2022-03-21,04:00:00,2,2,0,FMN GV 18 Kasterlee
84,Oudemolsedijk,2022-03-21,05:00:00,3,2,1,FMN GV 18 Kasterlee
84,Oudemolsedijk,2022-03-21,06:00:00,22,11,11,FMN GV 18 Kasterlee
84,Oudemolsedijk,2022-03-21,07:00:00,26,15,11,FMN GV 18 Kasterlee
84,Oudemolsedijk,2022-03-21,08:00:00,15,12,3,FMN GV 18 Kasterlee
84,Oudemolsedijk,2022-03-21,09:00:00,6,2,4,FMN GV 18 Kasterlee
84,Oudemolsedijk,2022-03-21,10:00:00,28,14,14,FMN GV 18 Kasterlee
84,Oudemolsedijk,2022-03-21,11:00:00,15,8,7,FMN GV 18 Kasterlee
84,Oudemolsedijk,2022-03-21,12:00:00,41,19,22,FMN GV 18 Kasterlee
84,Oudemolsedijk,2022-03-21,13:00:00,109,69,40,FMN GV 18 Kasterlee
84,Oudemolsedijk,2022-03-21,14:00:00,96,56,40,FMN GV 18 Kasterlee
84,Oudemolsedijk,2022-03-21,15:00:00,95,61,34,FMN GV 18 Kasterlee
84,Oudemolsedijk,2022-03-21,16:00:00,88,45,43,FMN GV 18 Kasterlee
84,Oudemolsedijk,2022-03-21,17:00:00,39,18,21,FMN GV 18 Kasterlee
84,Oudemolsedijk,2022-03-21,18:00:00,25,14,11,FMN GV 18 Kasterlee
84,Oudemolsedijk,2022-03-21,19:00:00,2,1,1,FMN GV 18 Kasterlee
84,Oudemolsedijk,2022-03-21,20:00:00,2,1,1,FMN GV 18 Kasterlee
84,Oudemolsedijk,2022-03-21,21:00:00,5,4,1,FMN GV 18 Kasterlee
84,Oudemolsedijk,2022-03-21,22:00:00,4,0,4,FMN GV 18 Kasterlee
84,Oudemolsedijk,2022-03-21,23:00:00,1,1,0,FMN GV 18 Kasterlee
84,Oudemolsedijk,2022-03-22,00:00:00,0,0,0,FMN GV 18 Kasterlee
84,Oudemolsedijk,2022-03-22,01:00:00,0,0,0,FMN GV 18 Kasterlee
84,Oudemolsedijk,2022-03-22,02:00:00,1,0,1,FMN GV 18 Kasterlee
84,Oudemolsedijk,2022-03-22,03:00:00,0,0,0,FMN GV 18 Kasterlee
84,Oudemolsedijk,2022-03-22,04:00:00,3,3,0,FMN GV 18 Kasterlee
84,Oudemolsedijk,2022-03-22,05:00:00,3,2,1,FMN GV 18 Kasterlee
84,Oudemolsedijk,2022-03-22,06:00:00,23,10,13,FMN GV 18 Kasterlee
84,Oudemolsedijk,2022-03-22,07:00:00,33,16,17,FMN GV 18 Kasterlee
84,Oudemolsedijk,2022-03-22,08:00:00,32,19,13,FMN GV 18 Kasterlee
84,Oudemolsedijk,2022-03-22,09:00:00,19,11,8,FMN GV 18 Kasterlee
84,Oudemolsedijk,2022-03-22,10:00:00,14,6,8,FMN GV 18 Kasterlee
84,Oudemolsedijk,2022-03-22,11:00:00,29,20,9,FMN GV 18 Kasterlee
84,Oudemolsedijk,2022-03-22,12:00:00,49,21,28,FMN GV 18 Kasterlee
84,Oudemolsedijk,2022-03-22,13:00:00,111,54,57,FMN GV 18 Kasterlee
84,Oudemolsedijk,2022-03-22,14:00:00,164,88,76,FMN GV 18 Kasterlee
84,Oudemolsedijk,2022-03-22,15:00:00,139,90,49,FMN GV 18 Kasterlee
84,Oudemolsedijk,2022-03-22,16:00:00,131,83,48,FMN GV 18 Kasterlee
84,Oudemolsedijk,2022-03-22,17:00:00,66,35,31,FMN GV 18 Kasterlee
84,Oudemolsedijk,2022-03-22,18:00:00,34,19,15,FMN GV 18 Kasterlee
84,Oudemolsedijk,2022-03-22,19:00:00,16,3,13,FMN GV 18 Kasterlee
84,Oudemolsedijk,2022-03-22,20:00:00,6,5,1,FMN GV 18 Kasterlee
84,Oudemolsedijk,2022-03-22,21:00:00,3,2,1,FMN GV 18 Kasterlee
84,Oudemolsedijk,2022-03-22,22:00:00,4,0,4,FMN GV 18 Kasterlee
84,Oudemolsedijk,2022-03-22,23:00:00,1,0,1,FMN GV 18 Kasterlee
84,Oudemolsedijk,2022-03-23,00:00:00,0,0,0,FMN GV 18 Kasterlee
84,Oudemolsedijk,2022-03-23,01:00:00,0,0,0,FMN GV 18 Kasterlee
84,Oudemolsedijk,2022-03-23,02:00:00,1,1,0,FMN GV 18 Kasterlee
84,Oudemolsedijk,2022-03-23,03:00:00,0,0,0,FMN GV 18 Kasterlee
84,Oudemolsedijk,2022-03-23,04:00:00,2,2,0,FMN GV 18 Kasterlee
84,Oudemolsedijk,2022-03-23,05:00:00,3,2,1,FMN GV 18 Kasterlee
84,Oudemolsedijk,2022-03-23,06:00:00,29,12,17,FMN GV 18 Kasterlee
84,Oudemolsedijk,2022-03-23,07:00:00,23,14,9,FMN GV 18 Kasterlee
84,Oudemolsedijk,2022-03-23,08:00:00,17,13,4,FMN GV 18 Kasterlee
84,Oudemolsedijk,2022-03-23,09:00:00,24,8,16,FMN GV 18 Kasterlee
84,Oudemolsedijk,2022-03-23,10:00:00,34,9,25,FMN GV 18 Kasterlee
84,Oudemolsedijk,2022-03-23,11:00:00,38,21,17,FMN GV 18 Kasterlee
84,Oudemolsedijk,2022-03-23,12:00:00,63,28,35,FMN GV 18 Kasterlee
84,Oudemolsedijk,2022-03-23,13:00:00,94,52,42,FMN GV 18 Kasterlee
84,Oudemolsedijk,2022-03-23,14:00:00,109,49,60,FMN GV 18 Kasterlee
84,Oudemolsedijk,2022-03-23,15:00:00,123,58,65,FMN GV 18 Kasterlee
84,Oudemolsedijk,2022-03-23,16:00:00,99,48,51,FMN GV 18 Kasterlee
84,Oudemolsedijk,2022-03-23,17:00:00,70,31,39,FMN GV 18 Kasterlee
84,Oudemolsedijk,2022-03-23,18:00:00,27,10,17,FMN GV 18 Kasterlee
84,Oudemolsedijk,2022-03-23,19:00:00,14,13,1,FMN GV 18 Kasterlee
84,Oudemolsedijk,2022-03-23,20:00:00,17,4,13,FMN GV 18 Kasterlee
84,Oudemolsedijk,2022-03-23,21:00:00,4,3,1,FMN GV 18 Kasterlee
84,Oudemolsedijk,2022-03-23,22:00:00,4,1,3,FMN GV 18 Kasterlee
84,Oudemolsedijk,2022-03-23,23:00:00,0,0,0,FMN GV 18 Kasterlee
84,Oudemolsedijk,2022-03-24,00:00:00,0,0,0,FMN GV 18 Kasterlee
84,Oudemolsedijk,2022-03-24,01:00:00,0,0,0,FMN GV 18 Kasterlee
84,Oudemolsedijk,2022-03-24,02:00:00,0,0,0,FMN GV 18 Kasterlee
84,Oudemolsedijk,2022-03-24,03:00:00,0,0,0,FMN GV 18 Kasterlee
84,Oudemolsedijk,2022-03-24,04:00:00,1,1,0,FMN GV 18 Kasterlee
84,Oudemolsedijk,2022-03-24,05:00:00,5,3,2,FMN GV 18 Kasterlee
84,Oudemolsedijk,2022-03-24,06:00:00,28,10,18,FMN GV 18 Kasterlee
84,Oudemolsedijk,2022-03-24,07:00:00,33,19,14,FMN GV 18 Kasterlee
84,Oudemolsedijk,2022-03-24,08:00:00,25,15,10,FMN GV 18 Kasterlee
84,Oudemolsedijk,2022-03-24,09:00:00,59,45,14,FMN GV 18 Kasterlee
84,Oudemolsedijk,2022-03-24,10:00:00,51,19,32,FMN GV 18 Kasterlee
84,Oudemolsedijk,2022-03-24,11:00:00,36,21,15,FMN GV 18 Kasterlee
84,Oudemolsedijk,2022-03-24,12:00:00,39,18,21,FMN GV 18 Kasterlee
84,Oudemolsedijk,2022-03-24,13:00:00,73,37,36,FMN GV 18 Kasterlee
84,Oudemolsedijk,2022-03-24,14:00:00,151,95,56,FMN GV 18 Kasterlee
84,Oudemolsedijk,2022-03-24,15:00:00,104,57,47,FMN GV 18 Kasterlee
84,Oudemolsedijk,2022-03-24,16:00:00,99,43,56,FMN GV 18 Kasterlee
84,Oudemolsedijk,2022-03-24,17:00:00,62,27,35,FMN GV 18 Kasterlee
84,Oudemolsedijk,2022-03-24,18:00:00,30,20,10,FMN GV 18 Kasterlee
84,Oudemolsedijk,2022-03-24,19:00:00,7,3,4,FMN GV 18 Kasterlee
84,Oudemolsedijk,2022-03-24,20:00:00,4,2,2,FMN GV 18 Kasterlee
84,Oudemolsedijk,2022-03-24,21:00:00,4,2,2,FMN GV 18 Kasterlee
84,Oudemolsedijk,2022-03-24,22:00:00,5,1,4,FMN GV 18 Kasterlee
84,Oudemolsedijk,2022-03-24,23:00:00,1,1,0,FMN GV 18 Kasterlee
84,Oudemolsedijk,2022-03-25,00:00:00,0,0,0,FMN GV 18 Kasterlee
84,Oudemolsedijk,2022-03-25,01:00:00,0,0,0,FMN GV 18 Kasterlee
84,Oudemolsedijk,2022-03-25,02:00:00,0,0,0,FMN GV 18 Kasterlee
84,Oudemolsedijk,2022-03-25,03:00:00,0,0,0,FMN GV 18 Kasterlee
84,Oudemolsedijk,2022-03-25,04:00:00,0,0,0,FMN GV 18 Kasterlee
84,Oudemolsedijk,2022-03-25,05:00:00,2,1,1,FMN GV 18 Kasterlee
84,Oudemolsedijk,2022-03-25,06:00:00,18,8,10,FMN GV 18 Kasterlee
84,Oudemolsedijk,2022-03-25,07:00:00,24,14,10,FMN GV 18 Kasterlee
84,Oudemolsedijk,2022-03-25,08:00:00,21,11,10,FMN GV 18 Kasterlee
84,Oudemolsedijk,2022-03-25,09:00:00,17,6,11,FMN GV 18 Kasterlee
84,Oudemolsedijk,2022-03-25,10:00:00,28,12,16,FMN GV 18 Kasterlee
84,Oudemolsedijk,2022-03-25,11:00:00,28,13,15,FMN GV 18 Kasterlee
84,Oudemolsedijk,2022-03-25,12:00:00,38,17,21,FMN GV 18 Kasterlee
84,Oudemolsedijk,2022-03-25,13:00:00,61,27,34,FMN GV 18 Kasterlee
84,Oudemolsedijk,2022-03-25,14:00:00,80,45,35,FMN GV 18 Kasterlee
84,Oudemolsedijk,2022-03-25,15:00:00,81,34,47,FMN GV 18 Kasterlee
84,Oudemolsedijk,2022-03-25,16:00:00,91,42,49,FMN GV 18 Kasterlee
84,Oudemolsedijk,2022-03-25,17:00:00,34,20,14,FMN GV 18 Kasterlee
84,Oudemolsedijk,2022-03-25,18:00:00,18,8,10,FMN GV 18 Kasterlee
84,Oudemolsedijk,2022-03-25,19:00:00,10,5,5,FMN GV 18 Kasterlee
84,Oudemolsedijk,2022-03-25,20:00:00,3,3,0,FMN GV 18 Kasterlee
84,Oudemolsedijk,2022-03-25,21:00:00,4,1,3,FMN GV 18 Kasterlee
84,Oudemolsedijk,2022-03-25,22:00:00,2,1,1,FMN GV 18 Kasterlee
84,Oudemolsedijk,2022-03-25,23:00:00,1,0,1,FMN GV 18 Kasterlee
84,Oudemolsedijk,2022-03-26,00:00:00,1,1,0,FMN GV 18 Kasterlee
84,Oudemolsedijk,2022-03-26,01:00:00,1,0,1,FMN GV 18 Kasterlee
84,Oudemolsedijk,2022-03-26,02:00:00,2,1,1,FMN GV 18 Kasterlee
84,Oudemolsedijk,2022-03-26,03:00:00,1,0,1,FMN GV 18 Kasterlee
84,Oudemolsedijk,2022-03-26,04:00:00,1,1,0,FMN GV 18 Kasterlee
84,Oudemolsedijk,2022-03-26,05:00:00,0,0,0,FMN GV 18 Kasterlee
84,Oudemolsedijk,2022-03-26,06:00:00,3,2,1,FMN GV 18 Kasterlee
84,Oudemolsedijk,2022-03-26,07:00:00,1,0,1,FMN GV 18 Kasterlee
84,Oudemolsedijk,2022-03-26,08:00:00,11,2,9,FMN GV 18 Kasterlee
84,Oudemolsedijk,2022-03-26,09:00:00,27,20,7,FMN GV 18 Kasterlee
84,Oudemolsedijk,2022-03-26,10:00:00,36,15,21,FMN GV 18 Kasterlee
84,Oudemolsedijk,2022-03-26,11:00:00,59,22,37,FMN GV 18 Kasterlee
84,Oudemolsedijk,2022-03-26,12:00:00,70,25,45,FMN GV 18 Kasterlee
84,Oudemolsedijk,2022-03-26,13:00:00,123,61,62,FMN GV 18 Kasterlee
84,Oudemolsedijk,2022-03-26,14:00:00,134,67,67,FMN GV 18 Kasterlee
84,Oudemolsedijk,2022-03-26,15:00:00,123,57,66,FMN GV 18 Kasterlee
84,Oudemolsedijk,2022-03-26,16:00:00,83,53,30,FMN GV 18 Kasterlee
84,Oudemolsedijk,2022-03-26,17:00:00,65,38,27,FMN GV 18 Kasterlee
84,Oudemolsedijk,2022-03-26,18:00:00,14,6,8,FMN GV 18 Kasterlee
84,Oudemolsedijk,2022-03-26,19:00:00,12,7,5,FMN GV 18 Kasterlee
84,Oudemolsedijk,2022-03-26,20:00:00,1,1,0,FMN GV 18 Kasterlee
84,Oudemolsedijk,2022-03-26,21:00:00,3,3,0,FMN GV 18 Kasterlee
84,Oudemolsedijk,2022-03-26,22:00:00,0,0,0,FMN GV 18 Kasterlee
84,Oudemolsedijk,2022-03-26,23:00:00,3,3,0,FMN GV 18 Kasterlee
84,Oudemolsedijk,2022-03-27,00:00:00,0,0,0,FMN GV 18 Kasterlee
84,Oudemolsedijk,2022-03-27,01:00:00,0,0,0,FMN GV 18 Kasterlee
84,Oudemolsedijk,2022-03-27,02:00:00,0,0,0,FMN GV 18 Kasterlee
84,Oudemolsedijk,2022-03-27,03:00:00,2,0,2,FMN GV 18 Kasterlee
84,Oudemolsedijk,2022-03-27,04:00:00,1,0,1,FMN GV 18 Kasterlee
84,Oudemolsedijk,2022-03-27,05:00:00,0,0,0,FMN GV 18 Kasterlee
84,Oudemolsedijk,2022-03-27,06:00:00,3,2,1,FMN GV 18 Kasterlee
84,Oudemolsedijk,2022-03-27,07:00:00,4,1,3,FMN GV 18 Kasterlee
84,Oudemolsedijk,2022-03-27,08:00:00,6,2,4,FMN GV 18 Kasterlee
84,Oudemolsedijk,2022-03-27,09:00:00,50,20,30,FMN GV 18 Kasterlee
84,Oudemolsedijk,2022-03-27,10:00:00,125,66,59,FMN GV 18 Kasterlee
84,Oudemolsedijk,2022-03-27,11:00:00,130,99,31,FMN GV 18 Kasterlee
84,Oudemolsedijk,2022-03-27,12:00:00,44,33,11,FMN GV 18 Kasterlee
84,Oudemolsedijk,2022-03-27,13:00:00,47,13,34,FMN GV 18 Kasterlee
84,Oudemolsedijk,2022-03-27,14:00:00,64,35,29,FMN GV 18 Kasterlee
84,Oudemolsedijk,2022-03-27,15:00:00,72,44,28,FMN GV 18 Kasterlee
84,Oudemolsedijk,2022-03-27,16:00:00,41,24,17,FMN GV 18 Kasterlee
84,Oudemolsedijk,2022-03-27,17:00:00,29,20,9,FMN GV 18 Kasterlee
84,Oudemolsedijk,2022-03-27,18:00:00,23,10,13,FMN GV 18 Kasterlee
84,Oudemolsedijk,2022-03-27,19:00:00,21,13,8,FMN GV 18 Kasterlee
84,Oudemolsedijk,2022-03-27,20:00:00,4,4,0,FMN GV 18 Kasterlee
84,Oudemolsedijk,2022-03-27,21:00:00,0,0,0,FMN GV 18 Kasterlee
84,Oudemolsedijk,2022-03-27,22:00:00,2,1,1,FMN GV 18 Kasterlee
84,Oudemolsedijk,2022-03-27,23:00:00,0,0,0,FMN GV 18 Kasterlee
84,Oudemolsedijk,2022-03-28,00:00:00,0,0,0,FMN GV 18 Kasterlee
84,Oudemolsedijk,2022-03-28,01:00:00,0,0,0,FMN GV 18 Kasterlee
84,Oudemolsedijk,2022-03-28,02:00:00,1,1,0,FMN GV 18 Kasterlee
84,Oudemolsedijk,2022-03-28,03:00:00,1,1,0,FMN GV 18 Kasterlee
84,Oudemolsedijk,2022-03-28,04:00:00,0,0,0,FMN GV 18 Kasterlee
84,Oudemolsedijk,2022-03-28,05:00:00,3,3,0,FMN GV 18 Kasterlee
84,Oudemolsedijk,2022-03-28,06:00:00,26,9,17,FMN GV 18 Kasterlee
84,Oudemolsedijk,2022-03-28,07:00:00,20,11,9,FMN GV 18 Kasterlee
84,Oudemolsedijk,2022-03-28,08:00:00,24,15,9,FMN GV 18 Kasterlee
84,Oudemolsedijk,2022-03-28,09:00:00,8,2,6,FMN GV 18 Kasterlee
84,Oudemolsedijk,2022-03-28,10:00:00,14,3,11,FMN GV 18 Kasterlee
84,Oudemolsedijk,2022-03-28,11:00:00,22,12,10,FMN GV 18 Kasterlee
84,Oudemolsedijk,2022-03-28,12:00:00,30,16,14,FMN GV 18 Kasterlee
84,Oudemolsedijk,2022-03-28,13:00:00,55,36,19,FMN GV 18 Kasterlee
84,Oudemolsedijk,2022-03-28,14:00:00,98,53,45,FMN GV 18 Kasterlee
84,Oudemolsedijk,2022-03-28,15:00:00,107,66,41,FMN GV 18 Kasterlee
84,Oudemolsedijk,2022-03-28,16:00:00,119,66,53,FMN GV 18 Kasterlee
84,Oudemolsedijk,2022-03-28,17:00:00,50,21,29,FMN GV 18 Kasterlee
84,Oudemolsedijk,2022-03-28,18:00:00,31,18,13,FMN GV 18 Kasterlee
84,Oudemolsedijk,2022-03-28,19:00:00,13,9,4,FMN GV 18 Kasterlee
84,Oudemolsedijk,2022-03-28,20:00:00,3,3,0,FMN GV 18 Kasterlee
84,Oudemolsedijk,2022-03-28,21:00:00,0,0,0,FMN GV 18 Kasterlee
84,Oudemolsedijk,2022-03-28,22:00:00,5,0,5,FMN GV 18 Kasterlee
84,Oudemolsedijk,2022-03-28,23:00:00,0,0,0,FMN GV 18 Kasterlee
84,Oudemolsedijk,2022-03-29,00:00:00,1,1,0,FMN GV 18 Kasterlee
84,Oudemolsedijk,2022-03-29,01:00:00,0,0,0,FMN GV 18 Kasterlee
84,Oudemolsedijk,2022-03-29,02:00:00,0,0,0,FMN GV 18 Kasterlee
84,Oudemolsedijk,2022-03-29,03:00:00,1,1,0,FMN GV 18 Kasterlee
84,Oudemolsedijk,2022-03-29,04:00:00,1,1,0,FMN GV 18 Kasterlee
84,Oudemolsedijk,2022-03-29,05:00:00,2,2,0,FMN GV 18 Kasterlee
84,Oudemolsedijk,2022-03-29,06:00:00,24,14,10,FMN GV 18 Kasterlee
84,Oudemolsedijk,2022-03-29,07:00:00,28,14,14,FMN GV 18 Kasterlee
84,Oudemolsedijk,2022-03-29,08:00:00,22,11,11,FMN GV 18 Kasterlee
84,Oudemolsedijk,2022-03-29,09:00:00,15,8,7,FMN GV 18 Kasterlee
84,Oudemolsedijk,2022-03-29,10:00:00,10,7,3,FMN GV 18 Kasterlee
84,Oudemolsedijk,2022-03-29,11:00:00,11,8,3,FMN GV 18 Kasterlee
84,Oudemolsedijk,2022-03-29,12:00:00,19,11,8,FMN GV 18 Kasterlee
84,Oudemolsedijk,2022-03-29,13:00:00,53,30,23,FMN GV 18 Kasterlee
84,Oudemolsedijk,2022-03-29,14:00:00,61,18,43,FMN GV 18 Kasterlee
84,Oudemolsedijk,2022-03-29,15:00:00,34,14,20,FMN GV 18 Kasterlee
84,Oudemolsedijk,2022-03-29,16:00:00,72,29,43,FMN GV 18 Kasterlee
84,Oudemolsedijk,2022-03-29,17:00:00,38,20,18,FMN GV 18 Kasterlee
84,Oudemolsedijk,2022-03-29,18:00:00,14,8,6,FMN GV 18 Kasterlee
84,Oudemolsedijk,2022-03-29,19:00:00,34,12,22,FMN GV 18 Kasterlee
84,Oudemolsedijk,2022-03-29,20:00:00,11,8,3,FMN GV 18 Kasterlee
84,Oudemolsedijk,2022-03-29,21:00:00,2,2,0,FMN GV 18 Kasterlee
84,Oudemolsedijk,2022-03-29,22:00:00,5,0,5,FMN GV 18 Kasterlee
84,Oudemolsedijk,2022-03-29,23:00:00,1,1,0,FMN GV 18 Kasterlee
84,Oudemolsedijk,2022-03-30,00:00:00,0,0,0,FMN GV 18 Kasterlee
84,Oudemolsedijk,2022-03-30,01:00:00,0,0,0,FMN GV 18 Kasterlee
84,Oudemolsedijk,2022-03-30,02:00:00,0,0,0,FMN GV 18 Kasterlee
84,Oudemolsedijk,2022-03-30,03:00:00,0,0,0,FMN GV 18 Kasterlee
84,Oudemolsedijk,2022-03-30,04:00:00,1,1,0,FMN GV 18 Kasterlee
84,Oudemolsedijk,2022-03-30,05:00:00,4,3,1,FMN GV 18 Kasterlee
84,Oudemolsedijk,2022-03-30,06:00:00,20,8,12,FMN GV 18 Kasterlee
84,Oudemolsedijk,2022-03-30,07:00:00,24,13,11,FMN GV 18 Kasterlee
84,Oudemolsedijk,2022-03-30,08:00:00,19,15,4,FMN GV 18 Kasterlee
84,Oudemolsedijk,2022-03-30,09:00:00,9,6,3,FMN GV 18 Kasterlee
84,Oudemolsedijk,2022-03-30,10:00:00,24,19,5,FMN GV 18 Kasterlee
84,Oudemolsedijk,2022-03-30,11:00:00,10,7,3,FMN GV 18 Kasterlee
84,Oudemolsedijk,2022-03-30,12:00:00,28,13,15,FMN GV 18 Kasterlee
84,Oudemolsedijk,2022-03-30,13:00:00,58,27,31,FMN GV 18 Kasterlee
84,Oudemolsedijk,2022-03-30,14:00:00,67,36,31,FMN GV 18 Kasterlee
84,Oudemolsedijk,2022-03-30,15:00:00,51,17,34,FMN GV 18 Kasterlee
84,Oudemolsedijk,2022-03-30,16:00:00,47,29,18,FMN GV 18 Kasterlee
84,Oudemolsedijk,2022-03-30,17:00:00,16,10,6,FMN GV 18 Kasterlee
84,Oudemolsedijk,2022-03-30,18:00:00,16,10,6,FMN GV 18 Kasterlee
84,Oudemolsedijk,2022-03-30,19:00:00,29,14,15,FMN GV 18 Kasterlee
84,Oudemolsedijk,2022-03-30,20:00:00,24,9,15,FMN GV 18 Kasterlee
84,Oudemolsedijk,2022-03-30,21:00:00,2,0,2,FMN GV 18 Kasterlee
84,Oudemolsedijk,2022-03-30,22:00:00,5,0,5,FMN GV 18 Kasterlee
84,Oudemolsedijk,2022-03-30,23:00:00,0,0,0,FMN GV 18 Kasterlee
84,Oudemolsedijk,2022-03-31,00:00:00,0,0,0,FMN GV 18 Kasterlee
84,Oudemolsedijk,2022-03-31,01:00:00,0,0,0,FMN GV 18 Kasterlee
84,Oudemolsedijk,2022-03-31,02:00:00,0,0,0,FMN GV 18 Kasterlee
84,Oudemolsedijk,2022-03-31,03:00:00,0,0,0,FMN GV 18 Kasterlee
84,Oudemolsedijk,2022-03-31,04:00:00,2,1,1,FMN GV 18 Kasterlee
84,Oudemolsedijk,2022-03-31,05:00:00,2,2,0,FMN GV 18 Kasterlee
84,Oudemolsedijk,2022-03-31,06:00:00,12,6,6,FMN GV 18 Kasterlee
84,Oudemolsedijk,2022-03-31,07:00:00,17,14,3,FMN GV 18 Kasterlee
84,Oudemolsedijk,2022-03-31,08:00:00,10,7,3,FMN GV 18 Kasterlee
84,Oudemolsedijk,2022-03-31,09:00:00,3,1,2,FMN GV 18 Kasterlee
84,Oudemolsedijk,2022-03-31,10:00:00,1,0,1,FMN GV 18 Kasterlee
84,Oudemolsedijk,2022-03-31,11:00:00,4,4,0,FMN GV 18 Kasterlee
84,Oudemolsedijk,2022-03-31,12:00:00,7,4,3,FMN GV 18 Kasterlee
84,Oudemolsedijk,2022-03-31,13:00:00,26,13,13,FMN GV 18 Kasterlee
84,Oudemolsedijk,2022-03-31,14:00:00,4,2,2,FMN GV 18 Kasterlee
84,Oudemolsedijk,2022-03-31,15:00:00,4,2,2,FMN GV 18 Kasterlee
84,Oudemolsedijk,2022-03-31,16:00:00,18,6,12,FMN GV 18 Kasterlee
84,Oudemolsedijk,2022-03-31,17:00:00,18,7,11,FMN GV 18 Kasterlee
84,Oudemolsedijk,2022-03-31,18:00:00,13,3,10,FMN GV 18 Kasterlee
84,Oudemolsedijk,2022-03-31,19:00:00,13,2,11,FMN GV 18 Kasterlee
84,Oudemolsedijk,2022-03-31,20:00:00,3,3,0,FMN GV 18 Kasterlee
84,Oudemolsedijk,2022-03-31,21:00:00,1,0,1,FMN GV 18 Kasterlee
84,Oudemolsedijk,2022-03-31,22:00:00,2,0,2,FMN GV 18 Kasterlee
84,Oudemolsedijk,2022-03-31,23:00:00,0,0,0,FMN GV 18 Kasterlee
84,Oudemolsedijk,2022-04-01,00:00:00,0,0,0,FMN GV 18 Kasterlee
84,Oudemolsedijk,2022-04-01,01:00:00,0,0,0,FMN GV 18 Kasterlee
84,Oudemolsedijk,2022-04-01,02:00:00,0,0,0,FMN GV 18 Kasterlee
84,Oudemolsedijk,2022-04-01,03:00:00,0,0,0,FMN GV 18 Kasterlee
84,Oudemolsedijk,2022-04-01,04:00:00,3,2,1,FMN GV 18 Kasterlee
84,Oudemolsedijk,2022-04-01,05:00:00,2,1,1,FMN GV 18 Kasterlee
84,Oudemolsedijk,2022-04-01,06:00:00,7,3,4,FMN GV 18 Kasterlee
84,Oudemolsedijk,2022-04-01,07:00:00,8,5,3,FMN GV 18 Kasterlee
84,Oudemolsedijk,2022-04-01,08:00:00,8,6,2,FMN GV 18 Kasterlee
84,Oudemolsedijk,2022-04-01,09:00:00,4,2,2,FMN GV 18 Kasterlee
84,Oudemolsedijk,2022-04-01,10:00:00,1,0,1,FMN GV 18 Kasterlee
84,Oudemolsedijk,2022-04-01,11:00:00,3,1,2,FMN GV 18 Kasterlee
84,Oudemolsedijk,2022-04-01,12:00:00,5,1,4,FMN GV 18 Kasterlee
84,Oudemolsedijk,2022-04-01,13:00:00,6,3,3,FMN GV 18 Kasterlee
84,Oudemolsedijk,2022-04-01,14:00:00,6,2,4,FMN GV 18 Kasterlee
84,Oudemolsedijk,2022-04-01,15:00:00,4,2,2,FMN GV 18 Kasterlee
84,Oudemolsedijk,2022-04-01,16:00:00,11,6,5,FMN GV 18 Kasterlee
84,Oudemolsedijk,2022-04-01,17:00:00,4,2,2,FMN GV 18 Kasterlee
84,Oudemolsedijk,2022-04-01,18:00:00,10,2,8,FMN GV 18 Kasterlee
84,Oudemolsedijk,2022-04-01,19:00:00,2,1,1,FMN GV 18 Kasterlee
84,Oudemolsedijk,2022-04-01,20:00:00,4,3,1,FMN GV 18 Kasterlee
84,Oudemolsedijk,2022-04-01,21:00:00,0,0,0,FMN GV 18 Kasterlee
84,Oudemolsedijk,2022-04-01,22:00:00,2,1,1,FMN GV 18 Kasterlee
84,Oudemolsedijk,2022-04-01,23:00:00,2,2,0,FMN GV 18 Kasterlee
84,Oudemolsedijk,2022-04-02,00:00:00,3,2,1,FMN GV 18 Kasterlee
84,Oudemolsedijk,2022-04-02,01:00:00,1,1,0,FMN GV 18 Kasterlee
84,Oudemolsedijk,2022-04-02,02:00:00,0,0,0,FMN GV 18 Kasterlee
84,Oudemolsedijk,2022-04-02,03:00:00,0,0,0,FMN GV 18 Kasterlee
84,Oudemolsedijk,2022-04-02,04:00:00,2,0,2,FMN GV 18 Kasterlee
84,Oudemolsedijk,2022-04-02,05:00:00,3,2,1,FMN GV 18 Kasterlee
84,Oudemolsedijk,2022-04-02,06:00:00,1,1,0,FMN GV 18 Kasterlee
84,Oudemolsedijk,2022-04-02,07:00:00,2,0,2,FMN GV 18 Kasterlee
84,Oudemolsedijk,2022-04-02,08:00:00,68,9,59,FMN GV 18 Kasterlee
84,Oudemolsedijk,2022-04-02,09:00:00,123,7,116,FMN GV 18 Kasterlee
84,Oudemolsedijk,2022-04-02,10:00:00,65,12,53,FMN GV 18 Kasterlee
84,Oudemolsedijk,2022-04-02,11:00:00,46,4,42,FMN GV 18 Kasterlee
84,Oudemolsedijk,2022-04-02,12:00:00,31,4,27,FMN GV 18 Kasterlee
84,Oudemolsedijk,2022-04-02,13:00:00,66,22,44,FMN GV 18 Kasterlee
84,Oudemolsedijk,2022-04-02,14:00:00,71,21,50,FMN GV 18 Kasterlee
84,Oudemolsedijk,2022-04-02,15:00:00,40,15,25,FMN GV 18 Kasterlee
84,Oudemolsedijk,2022-04-02,16:00:00,19,12,7,FMN GV 18 Kasterlee
84,Oudemolsedijk,2022-04-02,17:00:00,12,9,3,FMN GV 18 Kasterlee
84,Oudemolsedijk,2022-04-02,18:00:00,3,3,0,FMN GV 18 Kasterlee
84,Oudemolsedijk,2022-04-02,19:00:00,2,2,0,FMN GV 18 Kasterlee
84,Oudemolsedijk,2022-04-02,20:00:00,0,0,0,FMN GV 18 Kasterlee
84,Oudemolsedijk,2022-04-02,21:00:00,5,3,2,FMN GV 18 Kasterlee
84,Oudemolsedijk,2022-04-02,22:00:00,1,1,0,FMN GV 18 Kasterlee
84,Oudemolsedijk,2022-04-02,23:00:00,0,0,0,FMN GV 18 Kasterlee
84,Oudemolsedijk,2022-04-03,00:00:00,0,0,0,FMN GV 18 Kasterlee
84,Oudemolsedijk,2022-04-03,01:00:00,0,0,0,FMN GV 18 Kasterlee
84,Oudemolsedijk,2022-04-03,02:00:00,1,0,1,FMN GV 18 Kasterlee
84,Oudemolsedijk,2022-04-03,03:00:00,2,0,2,FMN GV 18 Kasterlee
84,Oudemolsedijk,2022-04-03,04:00:00,1,0,1,FMN GV 18 Kasterlee
84,Oudemolsedijk,2022-04-03,05:00:00,5,3,2,FMN GV 18 Kasterlee
84,Oudemolsedijk,2022-04-03,06:00:00,1,1,0,FMN GV 18 Kasterlee
84,Oudemolsedijk,2022-04-03,07:00:00,4,0,4,FMN GV 18 Kasterlee
84,Oudemolsedijk,2022-04-03,08:00:00,15,9,6,FMN GV 18 Kasterlee
84,Oudemolsedijk,2022-04-03,09:00:00,41,27,14,FMN GV 18 Kasterlee
84,Oudemolsedijk,2022-04-03,10:00:00,63,29,34,FMN GV 18 Kasterlee
84,Oudemolsedijk,2022-04-03,11:00:00,103,46,57,FMN GV 18 Kasterlee
84,Oudemolsedijk,2022-04-03,12:00:00,39,17,22,FMN GV 18 Kasterlee
84,Oudemolsedijk,2022-04-03,13:00:00,49,21,28,FMN GV 18 Kasterlee
84,Oudemolsedijk,2022-04-03,14:00:00,34,18,16,FMN GV 18 Kasterlee
84,Oudemolsedijk,2022-04-03,15:00:00,26,13,13,FMN GV 18 Kasterlee
84,Oudemolsedijk,2022-04-03,16:00:00,10,5,5,FMN GV 18 Kasterlee
84,Oudemolsedijk,2022-04-03,17:00:00,6,5,1,FMN GV 18 Kasterlee
84,Oudemolsedijk,2022-04-03,18:00:00,0,0,0,FMN GV 18 Kasterlee
84,Oudemolsedijk,2022-04-03,19:00:00,1,1,0,FMN GV 18 Kasterlee
84,Oudemolsedijk,2022-04-03,20:00:00,3,1,2,FMN GV 18 Kasterlee
84,Oudemolsedijk,2022-04-03,21:00:00,0,0,0,FMN GV 18 Kasterlee
84,Oudemolsedijk,2022-04-03,22:00:00,0,0,0,FMN GV 18 Kasterlee
84,Oudemolsedijk,2022-04-03,23:00:00,0,0,0,FMN GV 18 Kasterlee
84,Oudemolsedijk,2022-04-04,00:00:00,0,0,0,FMN GV 18 Kasterlee
84,Oudemolsedijk,2022-04-04,01:00:00,0,0,0,FMN GV 18 Kasterlee
84,Oudemolsedijk,2022-04-04,02:00:00,0,0,0,FMN GV 18 Kasterlee
84,Oudemolsedijk,2022-04-04,03:00:00,0,0,0,FMN GV 18 Kasterlee
84,Oudemolsedijk,2022-04-04,04:00:00,0,0,0,FMN GV 18 Kasterlee
84,Oudemolsedijk,2022-04-04,05:00:00,5,5,0,FMN GV 18 Kasterlee
84,Oudemolsedijk,2022-04-04,06:00:00,12,7,5,FMN GV 18 Kasterlee
84,Oudemolsedijk,2022-04-04,07:00:00,11,5,6,FMN GV 18 Kasterlee
84,Oudemolsedijk,2022-04-04,08:00:00,4,3,1,FMN GV 18 Kasterlee
84,Oudemolsedijk,2022-04-04,09:00:00,4,2,2,FMN GV 18 Kasterlee
84,Oudemolsedijk,2022-04-04,10:00:00,5,3,2,FMN GV 18 Kasterlee
84,Oudemolsedijk,2022-04-04,11:00:00,4,2,2,FMN GV 18 Kasterlee
84,Oudemolsedijk,2022-04-04,12:00:00,4,3,1,FMN GV 18 Kasterlee
84,Oudemolsedijk,2022-04-04,13:00:00,3,2,1,FMN GV 18 Kasterlee
84,Oudemolsedijk,2022-04-04,14:00:00,7,1,6,FMN GV 18 Kasterlee
84,Oudemolsedijk,2022-04-04,15:00:00,5,3,2,FMN GV 18 Kasterlee
84,Oudemolsedijk,2022-04-04,16:00:00,11,3,8,FMN GV 18 Kasterlee
84,Oudemolsedijk,2022-04-04,17:00:00,7,3,4,FMN GV 18 Kasterlee
84,Oudemolsedijk,2022-04-04,18:00:00,2,1,1,FMN GV 18 Kasterlee
84,Oudemolsedijk,2022-04-04,19:00:00,0,0,0,FMN GV 18 Kasterlee
84,Oudemolsedijk,2022-04-04,20:00:00,3,2,1,FMN GV 18 Kasterlee
84,Oudemolsedijk,2022-04-04,21:00:00,1,0,1,FMN GV 18 Kasterlee
84,Oudemolsedijk,2022-04-04,22:00:00,2,0,2,FMN GV 18 Kasterlee
84,Oudemolsedijk,2022-04-04,23:00:00,0,0,0,FMN GV 18 Kasterlee
84,Oudemolsedijk,2022-04-05,00:00:00,0,0,0,FMN GV 18 Kasterlee
84,Oudemolsedijk,2022-04-05,01:00:00,1,0,1,FMN GV 18 Kasterlee
84,Oudemolsedijk,2022-04-05,02:00:00,0,0,0,FMN GV 18 Kasterlee
84,Oudemolsedijk,2022-04-05,03:00:00,0,0,0,FMN GV 18 Kasterlee
84,Oudemolsedijk,2022-04-05,04:00:00,0,0,0,FMN GV 18 Kasterlee
84,Oudemolsedijk,2022-04-05,05:00:00,2,2,0,FMN GV 18 Kasterlee
84,Oudemolsedijk,2022-04-05,06:00:00,5,1,4,FMN GV 18 Kasterlee
84,Oudemolsedijk,2022-04-05,07:00:00,6,3,3,FMN GV 18 Kasterlee
84,Oudemolsedijk,2022-04-05,08:00:00,4,1,3,FMN GV 18 Kasterlee
84,Oudemolsedijk,2022-04-05,09:00:00,5,0,5,FMN GV 18 Kasterlee
84,Oudemolsedijk,2022-04-05,10:00:00,1,1,0,FMN GV 18 Kasterlee
84,Oudemolsedijk,2022-04-05,11:00:00,2,1,1,FMN GV 18 Kasterlee
84,Oudemolsedijk,2022-04-05,12:00:00,5,3,2,FMN GV 18 Kasterlee
84,Oudemolsedijk,2022-04-05,13:00:00,3,2,1,FMN GV 18 Kasterlee
84,Oudemolsedijk,2022-04-05,14:00:00,12,1,11,FMN GV 18 Kasterlee
84,Oudemolsedijk,2022-04-05,15:00:00,5,3,2,FMN GV 18 Kasterlee
84,Oudemolsedijk,2022-04-05,16:00:00,11,4,7,FMN GV 18 Kasterlee
84,Oudemolsedijk,2022-04-05,17:00:00,13,12,1,FMN GV 18 Kasterlee
84,Oudemolsedijk,2022-04-05,18:00:00,5,2,3,FMN GV 18 Kasterlee
84,Oudemolsedijk,2022-04-05,19:00:00,11,11,0,FMN GV 18 Kasterlee
84,Oudemolsedijk,2022-04-05,20:00:00,6,6,0,FMN GV 18 Kasterlee
84,Oudemolsedijk,2022-04-05,21:00:00,2,1,1,FMN GV 18 Kasterlee
84,Oudemolsedijk,2022-04-05,22:00:00,2,0,2,FMN GV 18 Kasterlee
84,Oudemolsedijk,2022-04-05,23:00:00,0,0,0,FMN GV 18 Kasterlee
84,Oudemolsedijk,2022-04-06,00:00:00,0,0,0,FMN GV 18 Kasterlee
84,Oudemolsedijk,2022-04-06,01:00:00,2,1,1,FMN GV 18 Kasterlee
84,Oudemolsedijk,2022-04-06,02:00:00,0,0,0,FMN GV 18 Kasterlee
84,Oudemolsedijk,2022-04-06,03:00:00,0,0,0,FMN GV 18 Kasterlee
84,Oudemolsedijk,2022-04-06,04:00:00,0,0,0,FMN GV 18 Kasterlee
84,Oudemolsedijk,2022-04-06,05:00:00,3,3,0,FMN GV 18 Kasterlee
84,Oudemolsedijk,2022-04-06,06:00:00,9,4,5,FMN GV 18 Kasterlee
84,Oudemolsedijk,2022-04-06,07:00:00,13,5,8,FMN GV 18 Kasterlee
84,Oudemolsedijk,2022-04-06,08:00:00,10,6,4,FMN GV 18 Kasterlee
84,Oudemolsedijk,2022-04-06,09:00:00,9,6,3,FMN GV 18 Kasterlee
84,Oudemolsedijk,2022-04-06,10:00:00,19,8,11,FMN GV 18 Kasterlee
84,Oudemolsedijk,2022-04-06,11:00:00,14,13,1,FMN GV 18 Kasterlee
84,Oudemolsedijk,2022-04-06,12:00:00,7,4,3,FMN GV 18 Kasterlee
84,Oudemolsedijk,2022-04-06,13:00:00,7,5,2,FMN GV 18 Kasterlee
84,Oudemolsedijk,2022-04-06,14:00:00,21,16,5,FMN GV 18 Kasterlee
84,Oudemolsedijk,2022-04-06,15:00:00,13,8,5,FMN GV 18 Kasterlee
84,Oudemolsedijk,2022-04-06,16:00:00,15,9,6,FMN GV 18 Kasterlee
84,Oudemolsedijk,2022-04-06,17:00:00,11,6,5,FMN GV 18 Kasterlee
84,Oudemolsedijk,2022-04-06,18:00:00,1,0,1,FMN GV 18 Kasterlee
84,Oudemolsedijk,2022-04-06,19:00:00,0,0,0,FMN GV 18 Kasterlee
84,Oudemolsedijk,2022-04-06,20:00:00,3,1,2,FMN GV 18 Kasterlee
84,Oudemolsedijk,2022-04-06,21:00:00,1,0,1,FMN GV 18 Kasterlee
84,Oudemolsedijk,2022-04-06,22:00:00,1,0,1,FMN GV 18 Kasterlee
84,Oudemolsedijk,2022-04-06,23:00:00,1,1,0,FMN GV 18 Kasterlee
84,Oudemolsedijk,2022-04-07,00:00:00,0,0,0,FMN GV 18 Kasterlee
84,Oudemolsedijk,2022-04-07,01:00:00,0,0,0,FMN GV 18 Kasterlee
84,Oudemolsedijk,2022-04-07,02:00:00,1,0,1,FMN GV 18 Kasterlee
84,Oudemolsedijk,2022-04-07,03:00:00,0,0,0,FMN GV 18 Kasterlee
84,Oudemolsedijk,2022-04-07,04:00:00,2,2,0,FMN GV 18 Kasterlee
84,Oudemolsedijk,2022-04-07,05:00:00,1,1,0,FMN GV 18 Kasterlee
84,Oudemolsedijk,2022-04-07,06:00:00,4,2,2,FMN GV 18 Kasterlee
84,Oudemolsedijk,2022-04-07,07:00:00,4,1,3,FMN GV 18 Kasterlee
84,Oudemolsedijk,2022-04-07,08:00:00,8,4,4,FMN GV 18 Kasterlee
84,Oudemolsedijk,2022-04-07,09:00:00,1,1,0,FMN GV 18 Kasterlee
84,Oudemolsedijk,2022-04-07,10:00:00,3,0,3,FMN GV 18 Kasterlee
84,Oudemolsedijk,2022-04-07,11:00:00,3,2,1,FMN GV 18 Kasterlee
84,Oudemolsedijk,2022-04-07,12:00:00,8,2,6,FMN GV 18 Kasterlee
84,Oudemolsedijk,2022-04-07,13:00:00,33,14,19,FMN GV 18 Kasterlee
84,Oudemolsedijk,2022-04-07,14:00:00,19,5,14,FMN GV 18 Kasterlee
84,Oudemolsedijk,2022-04-07,15:00:00,9,5,4,FMN GV 18 Kasterlee
84,Oudemolsedijk,2022-04-07,16:00:00,16,7,9,FMN GV 18 Kasterlee
84,Oudemolsedijk,2022-04-07,17:00:00,9,4,5,FMN GV 18 Kasterlee
84,Oudemolsedijk,2022-04-07,18:00:00,4,4,0,FMN GV 18 Kasterlee
84,Oudemolsedijk,2022-04-07,19:00:00,6,1,5,FMN GV 18 Kasterlee
84,Oudemolsedijk,2022-04-07,20:00:00,3,1,2,FMN GV 18 Kasterlee
84,Oudemolsedijk,2022-04-07,21:00:00,1,0,1,FMN GV 18 Kasterlee
84,Oudemolsedijk,2022-04-07,22:00:00,3,1,2,FMN GV 18 Kasterlee
84,Oudemolsedijk,2022-04-07,23:00:00,0,0,0,FMN GV 18 Kasterlee
84,Oudemolsedijk,2022-04-08,00:00:00,0,0,0,FMN GV 18 Kasterlee
84,Oudemolsedijk,2022-04-08,01:00:00,0,0,0,FMN GV 18 Kasterlee
84,Oudemolsedijk,2022-04-08,02:00:00,0,0,0,FMN GV 18 Kasterlee
84,Oudemolsedijk,2022-04-08,03:00:00,0,0,0,FMN GV 18 Kasterlee
84,Oudemolsedijk,2022-04-08,04:00:00,0,0,0,FMN GV 18 Kasterlee
84,Oudemolsedijk,2022-04-08,05:00:00,1,1,0,FMN GV 18 Kasterlee
84,Oudemolsedijk,2022-04-08,06:00:00,7,2,5,FMN GV 18 Kasterlee
84,Oudemolsedijk,2022-04-08,07:00:00,9,4,5,FMN GV 18 Kasterlee
84,Oudemolsedijk,2022-04-08,08:00:00,1,0,1,FMN GV 18 Kasterlee
84,Oudemolsedijk,2022-04-08,09:00:00,2,1,1,FMN GV 18 Kasterlee
84,Oudemolsedijk,2022-04-08,10:00:00,14,8,6,FMN GV 18 Kasterlee
84,Oudemolsedijk,2022-04-08,11:00:00,9,4,5,FMN GV 18 Kasterlee
84,Oudemolsedijk,2022-04-08,12:00:00,4,3,1,FMN GV 18 Kasterlee
84,Oudemolsedijk,2022-04-08,13:00:00,9,6,3,FMN GV 18 Kasterlee
84,Oudemolsedijk,2022-04-08,14:00:00,28,11,17,FMN GV 18 Kasterlee
84,Oudemolsedijk,2022-04-08,15:00:00,24,11,13,FMN GV 18 Kasterlee
84,Oudemolsedijk,2022-04-08,16:00:00,13,7,6,FMN GV 18 Kasterlee
84,Oudemolsedijk,2022-04-08,17:00:00,9,5,4,FMN GV 18 Kasterlee
84,Oudemolsedijk,2022-04-08,18:00:00,10,4,6,FMN GV 18 Kasterlee
84,Oudemolsedijk,2022-04-08,19:00:00,4,0,4,FMN GV 18 Kasterlee
84,Oudemolsedijk,2022-04-08,20:00:00,2,2,0,FMN GV 18 Kasterlee
84,Oudemolsedijk,2022-04-08,21:00:00,0,0,0,FMN GV 18 Kasterlee
84,Oudemolsedijk,2022-04-08,22:00:00,7,5,2,FMN GV 18 Kasterlee
84,Oudemolsedijk,2022-04-08,23:00:00,0,0,0,FMN GV 18 Kasterlee
84,Oudemolsedijk,2022-04-09,00:00:00,0,0,0,FMN GV 18 Kasterlee
84,Oudemolsedijk,2022-04-09,01:00:00,0,0,0,FMN GV 18 Kasterlee
84,Oudemolsedijk,2022-04-09,02:00:00,0,0,0,FMN GV 18 Kasterlee
84,Oudemolsedijk,2022-04-09,03:00:00,8,0,8,FMN GV 18 Kasterlee
84,Oudemolsedijk,2022-04-09,04:00:00,0,0,0,FMN GV 18 Kasterlee
84,Oudemolsedijk,2022-04-09,05:00:00,0,0,0,FMN GV 18 Kasterlee
84,Oudemolsedijk,2022-04-09,06:00:00,0,0,0,FMN GV 18 Kasterlee
84,Oudemolsedijk,2022-04-09,07:00:00,10,3,7,FMN GV 18 Kasterlee
84,Oudemolsedijk,2022-04-09,08:00:00,10,2,8,FMN GV 18 Kasterlee
84,Oudemolsedijk,2022-04-09,09:00:00,9,4,5,FMN GV 18 Kasterlee
84,Oudemolsedijk,2022-04-09,10:00:00,27,10,17,FMN GV 18 Kasterlee
84,Oudemolsedijk,2022-04-09,11:00:00,23,12,11,FMN GV 18 Kasterlee
84,Oudemolsedijk,2022-04-09,12:00:00,27,15,12,FMN GV 18 Kasterlee
84,Oudemolsedijk,2022-04-09,13:00:00,42,16,26,FMN GV 18 Kasterlee
84,Oudemolsedijk,2022-04-09,14:00:00,52,38,14,FMN GV 18 Kasterlee
84,Oudemolsedijk,2022-04-09,15:00:00,42,21,21,FMN GV 18 Kasterlee
84,Oudemolsedijk,2022-04-09,16:00:00,21,15,6,FMN GV 18 Kasterlee
84,Oudemolsedijk,2022-04-09,17:00:00,6,3,3,FMN GV 18 Kasterlee
84,Oudemolsedijk,2022-04-09,18:00:00,6,3,3,FMN GV 18 Kasterlee
84,Oudemolsedijk,2022-04-09,19:00:00,2,1,1,FMN GV 18 Kasterlee
84,Oudemolsedijk,2022-04-09,20:00:00,3,1,2,FMN GV 18 Kasterlee
84,Oudemolsedijk,2022-04-09,21:00:00,1,1,0,FMN GV 18 Kasterlee
84,Oudemolsedijk,2022-04-09,22:00:00,1,1,0,FMN GV 18 Kasterlee
84,Oudemolsedijk,2022-04-09,23:00:00,0,0,0,FMN GV 18 Kasterlee
84,Oudemolsedijk,2022-04-10,00:00:00,0,0,0,FMN GV 18 Kasterlee
84,Oudemolsedijk,2022-04-10,01:00:00,0,0,0,FMN GV 18 Kasterlee
84,Oudemolsedijk,2022-04-10,02:00:00,1,1,0,FMN GV 18 Kasterlee
84,Oudemolsedijk,2022-04-10,03:00:00,1,0,1,FMN GV 18 Kasterlee
84,Oudemolsedijk,2022-04-10,04:00:00,0,0,0,FMN GV 18 Kasterlee
84,Oudemolsedijk,2022-04-10,05:00:00,0,0,0,FMN GV 18 Kasterlee
84,Oudemolsedijk,2022-04-10,06:00:00,0,0,0,FMN GV 18 Kasterlee
84,Oudemolsedijk,2022-04-10,07:00:00,8,1,7,FMN GV 18 Kasterlee
84,Oudemolsedijk,2022-04-10,08:00:00,5,1,4,FMN GV 18 Kasterlee
84,Oudemolsedijk,2022-04-10,09:00:00,83,38,45,FMN GV 18 Kasterlee
84,Oudemolsedijk,2022-04-10,10:00:00,128,73,55,FMN GV 18 Kasterlee
84,Oudemolsedijk,2022-04-10,11:00:00,70,38,32,FMN GV 18 Kasterlee
84,Oudemolsedijk,2022-04-10,12:00:00,56,36,20,FMN GV 18 Kasterlee
84,Oudemolsedijk,2022-04-10,13:00:00,73,44,29,FMN GV 18 Kasterlee
84,Oudemolsedijk,2022-04-10,14:00:00,102,55,47,FMN GV 18 Kasterlee
84,Oudemolsedijk,2022-04-10,15:00:00,62,33,29,FMN GV 18 Kasterlee
84,Oudemolsedijk,2022-04-10,16:00:00,86,67,19,FMN GV 18 Kasterlee
84,Oudemolsedijk,2022-04-10,17:00:00,17,9,8,FMN GV 18 Kasterlee
84,Oudemolsedijk,2022-04-10,18:00:00,26,15,11,FMN GV 18 Kasterlee
84,Oudemolsedijk,2022-04-10,19:00:00,6,1,5,FMN GV 18 Kasterlee
84,Oudemolsedijk,2022-04-10,20:00:00,3,3,0,FMN GV 18 Kasterlee
84,Oudemolsedijk,2022-04-10,21:00:00,1,1,0,FMN GV 18 Kasterlee
84,Oudemolsedijk,2022-04-10,22:00:00,0,0,0,FMN GV 18 Kasterlee
84,Oudemolsedijk,2022-04-10,23:00:00,0,0,0,FMN GV 18 Kasterlee
84,Oudemolsedijk,2022-04-11,00:00:00,0,0,0,FMN GV 18 Kasterlee
84,Oudemolsedijk,2022-04-11,01:00:00,0,0,0,FMN GV 18 Kasterlee
84,Oudemolsedijk,2022-04-11,02:00:00,0,0,0,FMN GV 18 Kasterlee
84,Oudemolsedijk,2022-04-11,03:00:00,0,0,0,FMN GV 18 Kasterlee
84,Oudemolsedijk,2022-04-11,04:00:00,1,1,0,FMN GV 18 Kasterlee
84,Oudemolsedijk,2022-04-11,05:00:00,8,8,0,FMN GV 18 Kasterlee
84,Oudemolsedijk,2022-04-11,06:00:00,20,8,12,FMN GV 18 Kasterlee
84,Oudemolsedijk,2022-04-11,07:00:00,22,12,10,FMN GV 18 Kasterlee
84,Oudemolsedijk,2022-04-11,08:00:00,9,2,7,FMN GV 18 Kasterlee
84,Oudemolsedijk,2022-04-11,09:00:00,4,1,3,FMN GV 18 Kasterlee
84,Oudemolsedijk,2022-04-11,10:00:00,17,8,9,FMN GV 18 Kasterlee
84,Oudemolsedijk,2022-04-11,11:00:00,38,20,18,FMN GV 18 Kasterlee
84,Oudemolsedijk,2022-04-11,12:00:00,27,16,11,FMN GV 18 Kasterlee
84,Oudemolsedijk,2022-04-11,13:00:00,74,26,48,FMN GV 18 Kasterlee
84,Oudemolsedijk,2022-04-11,14:00:00,100,54,46,FMN GV 18 Kasterlee
84,Oudemolsedijk,2022-04-11,15:00:00,111,76,35,FMN GV 18 Kasterlee
84,Oudemolsedijk,2022-04-11,16:00:00,77,47,30,FMN GV 18 Kasterlee
84,Oudemolsedijk,2022-04-11,17:00:00,28,15,13,FMN GV 18 Kasterlee
84,Oudemolsedijk,2022-04-11,18:00:00,13,9,4,FMN GV 18 Kasterlee
84,Oudemolsedijk,2022-04-11,19:00:00,14,6,8,FMN GV 18 Kasterlee
84,Oudemolsedijk,2022-04-11,20:00:00,7,7,0,FMN GV 18 Kasterlee
84,Oudemolsedijk,2022-04-11,21:00:00,5,4,1,FMN GV 18 Kasterlee
84,Oudemolsedijk,2022-04-11,22:00:00,2,1,1,FMN GV 18 Kasterlee
84,Oudemolsedijk,2022-04-11,23:00:00,0,0,0,FMN GV 18 Kasterlee
84,Oudemolsedijk,2022-04-12,00:00:00,0,0,0,FMN GV 18 Kasterlee
84,Oudemolsedijk,2022-04-12,01:00:00,0,0,0,FMN GV 18 Kasterlee
84,Oudemolsedijk,2022-04-12,02:00:00,0,0,0,FMN GV 18 Kasterlee
84,Oudemolsedijk,2022-04-12,03:00:00,0,0,0,FMN GV 18 Kasterlee
84,Oudemolsedijk,2022-04-12,04:00:00,1,1,0,FMN GV 18 Kasterlee
84,Oudemolsedijk,2022-04-12,05:00:00,7,7,0,FMN GV 18 Kasterlee
84,Oudemolsedijk,2022-04-12,06:00:00,23,11,12,FMN GV 18 Kasterlee
84,Oudemolsedijk,2022-04-12,07:00:00,20,10,10,FMN GV 18 Kasterlee
84,Oudemolsedijk,2022-04-12,08:00:00,13,5,8,FMN GV 18 Kasterlee
84,Oudemolsedijk,2022-04-12,09:00:00,14,2,12,FMN GV 18 Kasterlee
84,Oudemolsedijk,2022-04-12,10:00:00,29,11,18,FMN GV 18 Kasterlee
84,Oudemolsedijk,2022-04-12,11:00:00,44,22,22,FMN GV 18 Kasterlee
84,Oudemolsedijk,2022-04-12,12:00:00,63,35,28,FMN GV 18 Kasterlee
84,Oudemolsedijk,2022-04-12,13:00:00,106,36,70,FMN GV 18 Kasterlee
84,Oudemolsedijk,2022-04-12,14:00:00,157,85,72,FMN GV 18 Kasterlee
84,Oudemolsedijk,2022-04-12,15:00:00,146,73,73,FMN GV 18 Kasterlee
84,Oudemolsedijk,2022-04-12,16:00:00,137,77,60,FMN GV 18 Kasterlee
84,Oudemolsedijk,2022-04-12,17:00:00,61,31,30,FMN GV 18 Kasterlee
84,Oudemolsedijk,2022-04-12,18:00:00,28,13,15,FMN GV 18 Kasterlee
84,Oudemolsedijk,2022-04-12,19:00:00,39,25,14,FMN GV 18 Kasterlee
84,Oudemolsedijk,2022-04-12,20:00:00,15,14,1,FMN GV 18 Kasterlee
84,Oudemolsedijk,2022-04-12,21:00:00,4,3,1,FMN GV 18 Kasterlee
84,Oudemolsedijk,2022-04-12,22:00:00,5,2,3,FMN GV 18 Kasterlee
84,Oudemolsedijk,2022-04-12,23:00:00,0,0,0,FMN GV 18 Kasterlee
84,Oudemolsedijk,2022-04-13,00:00:00,0,0,0,FMN GV 18 Kasterlee
84,Oudemolsedijk,2022-04-13,01:00:00,0,0,0,FMN GV 18 Kasterlee
84,Oudemolsedijk,2022-04-13,02:00:00,0,0,0,FMN GV 18 Kasterlee
84,Oudemolsedijk,2022-04-13,03:00:00,0,0,0,FMN GV 18 Kasterlee
84,Oudemolsedijk,2022-04-13,04:00:00,1,1,0,FMN GV 18 Kasterlee
84,Oudemolsedijk,2022-04-13,05:00:00,4,4,0,FMN GV 18 Kasterlee
84,Oudemolsedijk,2022-04-13,06:00:00,22,8,14,FMN GV 18 Kasterlee
84,Oudemolsedijk,2022-04-13,07:00:00,18,10,8,FMN GV 18 Kasterlee
84,Oudemolsedijk,2022-04-13,08:00:00,8,6,2,FMN GV 18 Kasterlee
84,Oudemolsedijk,2022-04-13,09:00:00,17,13,4,FMN GV 18 Kasterlee
84,Oudemolsedijk,2022-04-13,10:00:00,22,13,9,FMN GV 18 Kasterlee
84,Oudemolsedijk,2022-04-13,11:00:00,26,15,11,FMN GV 18 Kasterlee
84,Oudemolsedijk,2022-04-13,12:00:00,19,13,6,FMN GV 18 Kasterlee
84,Oudemolsedijk,2022-04-13,13:00:00,26,20,6,FMN GV 18 Kasterlee
84,Oudemolsedijk,2022-04-13,14:00:00,23,10,13,FMN GV 18 Kasterlee
84,Oudemolsedijk,2022-04-13,15:00:00,15,12,3,FMN GV 18 Kasterlee
84,Oudemolsedijk,2022-04-13,16:00:00,35,15,20,FMN GV 18 Kasterlee
84,Oudemolsedijk,2022-04-13,17:00:00,19,9,10,FMN GV 18 Kasterlee
84,Oudemolsedijk,2022-04-13,18:00:00,15,4,11,FMN GV 18 Kasterlee
84,Oudemolsedijk,2022-04-13,19:00:00,21,17,4,FMN GV 18 Kasterlee
84,Oudemolsedijk,2022-04-13,20:00:00,18,11,7,FMN GV 18 Kasterlee
84,Oudemolsedijk,2022-04-13,21:00:00,3,3,0,FMN GV 18 Kasterlee
84,Oudemolsedijk,2022-04-13,22:00:00,1,0,1,FMN GV 18 Kasterlee
84,Oudemolsedijk,2022-04-13,23:00:00,0,0,0,FMN GV 18 Kasterlee
84,Oudemolsedijk,2022-04-14,00:00:00,0,0,0,FMN GV 18 Kasterlee
84,Oudemolsedijk,2022-04-14,01:00:00,0,0,0,FMN GV 18 Kasterlee
84,Oudemolsedijk,2022-04-14,02:00:00,1,0,1,FMN GV 18 Kasterlee
84,Oudemolsedijk,2022-04-14,03:00:00,0,0,0,FMN GV 18 Kasterlee
84,Oudemolsedijk,2022-04-14,04:00:00,1,1,0,FMN GV 18 Kasterlee
84,Oudemolsedijk,2022-04-14,05:00:00,4,4,0,FMN GV 18 Kasterlee
84,Oudemolsedijk,2022-04-14,06:00:00,21,11,10,FMN GV 18 Kasterlee
84,Oudemolsedijk,2022-04-14,07:00:00,14,6,8,FMN GV 18 Kasterlee
84,Oudemolsedijk,2022-04-14,08:00:00,11,6,5,FMN GV 18 Kasterlee
84,Oudemolsedijk,2022-04-14,09:00:00,1,1,0,FMN GV 18 Kasterlee
84,Oudemolsedijk,2022-04-14,10:00:00,16,11,5,FMN GV 18 Kasterlee
84,Oudemolsedijk,2022-04-14,11:00:00,33,22,11,FMN GV 18 Kasterlee
84,Oudemolsedijk,2022-04-14,12:00:00,34,20,14,FMN GV 18 Kasterlee
84,Oudemolsedijk,2022-04-14,13:00:00,110,47,63,FMN GV 18 Kasterlee
84,Oudemolsedijk,2022-04-14,14:00:00,102,58,44,FMN GV 18 Kasterlee
84,Oudemolsedijk,2022-04-14,15:00:00,127,76,51,FMN GV 18 Kasterlee
84,Oudemolsedijk,2022-04-14,16:00:00,80,44,36,FMN GV 18 Kasterlee
84,Oudemolsedijk,2022-04-14,17:00:00,45,27,18,FMN GV 18 Kasterlee
84,Oudemolsedijk,2022-04-14,18:00:00,60,44,16,FMN GV 18 Kasterlee
84,Oudemolsedijk,2022-04-14,19:00:00,18,5,13,FMN GV 18 Kasterlee
84,Oudemolsedijk,2022-04-14,20:00:00,19,1,18,FMN GV 18 Kasterlee
84,Oudemolsedijk,2022-04-14,21:00:00,4,3,1,FMN GV 18 Kasterlee
84,Oudemolsedijk,2022-04-14,22:00:00,1,1,0,FMN GV 18 Kasterlee
84,Oudemolsedijk,2022-04-14,23:00:00,3,3,0,FMN GV 18 Kasterlee
84,Oudemolsedijk,2022-04-15,00:00:00,0,0,0,FMN GV 18 Kasterlee
84,Oudemolsedijk,2022-04-15,01:00:00,0,0,0,FMN GV 18 Kasterlee
84,Oudemolsedijk,2022-04-15,02:00:00,0,0,0,FMN GV 18 Kasterlee
84,Oudemolsedijk,2022-04-15,03:00:00,0,0,0,FMN GV 18 Kasterlee
84,Oudemolsedijk,2022-04-15,04:00:00,1,1,0,FMN GV 18 Kasterlee
84,Oudemolsedijk,2022-04-15,05:00:00,6,6,0,FMN GV 18 Kasterlee
84,Oudemolsedijk,2022-04-15,06:00:00,13,5,8,FMN GV 18 Kasterlee
84,Oudemolsedijk,2022-04-15,07:00:00,14,4,10,FMN GV 18 Kasterlee
84,Oudemolsedijk,2022-04-15,08:00:00,6,4,2,FMN GV 18 Kasterlee
84,Oudemolsedijk,2022-04-15,09:00:00,15,13,2,FMN GV 18 Kasterlee
84,Oudemolsedijk,2022-04-15,10:00:00,10,2,8,FMN GV 18 Kasterlee
84,Oudemolsedijk,2022-04-15,11:00:00,24,8,16,FMN GV 18 Kasterlee
84,Oudemolsedijk,2022-04-15,12:00:00,27,15,12,FMN GV 18 Kasterlee
84,Oudemolsedijk,2022-04-15,13:00:00,61,36,25,FMN GV 18 Kasterlee
84,Oudemolsedijk,2022-04-15,14:00:00,54,29,25,FMN GV 18 Kasterlee
84,Oudemolsedijk,2022-04-15,15:00:00,50,26,24,FMN GV 18 Kasterlee
84,Oudemolsedijk,2022-04-15,16:00:00,56,36,20,FMN GV 18 Kasterlee
84,Oudemolsedijk,2022-04-15,17:00:00,37,18,19,FMN GV 18 Kasterlee
84,Oudemolsedijk,2022-04-15,18:00:00,23,10,13,FMN GV 18 Kasterlee
84,Oudemolsedijk,2022-04-15,19:00:00,12,9,3,FMN GV 18 Kasterlee
84,Oudemolsedijk,2022-04-15,20:00:00,5,5,0,FMN GV 18 Kasterlee
84,Oudemolsedijk,2022-04-15,21:00:00,0,0,0,FMN GV 18 Kasterlee
84,Oudemolsedijk,2022-04-15,22:00:00,0,0,0,FMN GV 18 Kasterlee
84,Oudemolsedijk,2022-04-15,23:00:00,0,0,0,FMN GV 18 Kasterlee
84,Oudemolsedijk,2022-04-16,00:00:00,0,0,0,FMN GV 18 Kasterlee
84,Oudemolsedijk,2022-04-16,01:00:00,0,0,0,FMN GV 18 Kasterlee
84,Oudemolsedijk,2022-04-16,02:00:00,1,0,1,FMN GV 18 Kasterlee
84,Oudemolsedijk,2022-04-16,03:00:00,2,0,2,FMN GV 18 Kasterlee
84,Oudemolsedijk,2022-04-16,04:00:00,1,0,1,FMN GV 18 Kasterlee
84,Oudemolsedijk,2022-04-16,05:00:00,0,0,0,FMN GV 18 Kasterlee
84,Oudemolsedijk,2022-04-16,06:00:00,4,3,1,FMN GV 18 Kasterlee
84,Oudemolsedijk,2022-04-16,07:00:00,1,0,1,FMN GV 18 Kasterlee
84,Oudemolsedijk,2022-04-16,08:00:00,5,1,4,FMN GV 18 Kasterlee
84,Oudemolsedijk,2022-04-16,09:00:00,31,5,26,FMN GV 18 Kasterlee
84,Oudemolsedijk,2022-04-16,10:00:00,36,13,23,FMN GV 18 Kasterlee
84,Oudemolsedijk,2022-04-16,11:00:00,54,44,10,FMN GV 18 Kasterlee
84,Oudemolsedijk,2022-04-16,12:00:00,75,38,37,FMN GV 18 Kasterlee
84,Oudemolsedijk,2022-04-16,13:00:00,146,78,68,FMN GV 18 Kasterlee
84,Oudemolsedijk,2022-04-16,14:00:00,134,75,59,FMN GV 18 Kasterlee
84,Oudemolsedijk,2022-04-16,15:00:00,141,57,84,FMN GV 18 Kasterlee
84,Oudemolsedijk,2022-04-16,16:00:00,80,47,33,FMN GV 18 Kasterlee
84,Oudemolsedijk,2022-04-16,17:00:00,51,34,17,FMN GV 18 Kasterlee
84,Oudemolsedijk,2022-04-16,18:00:00,13,5,8,FMN GV 18 Kasterlee
84,Oudemolsedijk,2022-04-16,19:00:00,15,8,7,FMN GV 18 Kasterlee
84,Oudemolsedijk,2022-04-16,20:00:00,0,0,0,FMN GV 18 Kasterlee
84,Oudemolsedijk,2022-04-16,21:00:00,1,0,1,FMN GV 18 Kasterlee
84,Oudemolsedijk,2022-04-16,22:00:00,1,1,0,FMN GV 18 Kasterlee
84,Oudemolsedijk,2022-04-16,23:00:00,4,1,3,FMN GV 18 Kasterlee
84,Oudemolsedijk,2022-04-17,00:00:00,0,0,0,FMN GV 18 Kasterlee
84,Oudemolsedijk,2022-04-17,01:00:00,0,0,0,FMN GV 18 Kasterlee
84,Oudemolsedijk,2022-04-17,02:00:00,0,0,0,FMN GV 18 Kasterlee
84,Oudemolsedijk,2022-04-17,03:00:00,0,0,0,FMN GV 18 Kasterlee
84,Oudemolsedijk,2022-04-17,04:00:00,1,0,1,FMN GV 18 Kasterlee
84,Oudemolsedijk,2022-04-17,05:00:00,0,0,0,FMN GV 18 Kasterlee
84,Oudemolsedijk,2022-04-17,06:00:00,0,0,0,FMN GV 18 Kasterlee
84,Oudemolsedijk,2022-04-17,07:00:00,9,0,9,FMN GV 18 Kasterlee
84,Oudemolsedijk,2022-04-17,08:00:00,17,8,9,FMN GV 18 Kasterlee
84,Oudemolsedijk,2022-04-17,09:00:00,96,24,72,FMN GV 18 Kasterlee
84,Oudemolsedijk,2022-04-17,10:00:00,107,57,50,FMN GV 18 Kasterlee
84,Oudemolsedijk,2022-04-17,11:00:00,141,93,48,FMN GV 18 Kasterlee
84,Oudemolsedijk,2022-04-17,12:00:00,58,37,21,FMN GV 18 Kasterlee
84,Oudemolsedijk,2022-04-17,13:00:00,85,36,49,FMN GV 18 Kasterlee
84,Oudemolsedijk,2022-04-17,14:00:00,127,84,43,FMN GV 18 Kasterlee
84,Oudemolsedijk,2022-04-17,15:00:00,91,52,39,FMN GV 18 Kasterlee
84,Oudemolsedijk,2022-04-17,16:00:00,91,58,33,FMN GV 18 Kasterlee
84,Oudemolsedijk,2022-04-17,17:00:00,67,37,30,FMN GV 18 Kasterlee
84,Oudemolsedijk,2022-04-17,18:00:00,40,10,30,FMN GV 18 Kasterlee
84,Oudemolsedijk,2022-04-17,19:00:00,22,9,13,FMN GV 18 Kasterlee
84,Oudemolsedijk,2022-04-17,20:00:00,14,5,9,FMN GV 18 Kasterlee
84,Oudemolsedijk,2022-04-17,21:00:00,3,1,2,FMN GV 18 Kasterlee
84,Oudemolsedijk,2022-04-17,22:00:00,4,3,1,FMN GV 18 Kasterlee
84,Oudemolsedijk,2022-04-17,23:00:00,1,1,0,FMN GV 18 Kasterlee
84,Oudemolsedijk,2022-04-18,00:00:00,0,0,0,FMN GV 18 Kasterlee
84,Oudemolsedijk,2022-04-18,01:00:00,0,0,0,FMN GV 18 Kasterlee
84,Oudemolsedijk,2022-04-18,02:00:00,1,0,1,FMN GV 18 Kasterlee
84,Oudemolsedijk,2022-04-18,03:00:00,1,1,0,FMN GV 18 Kasterlee
84,Oudemolsedijk,2022-04-18,04:00:00,0,0,0,FMN GV 18 Kasterlee
84,Oudemolsedijk,2022-04-18,05:00:00,0,0,0,FMN GV 18 Kasterlee
84,Oudemolsedijk,2022-04-18,06:00:00,1,1,0,FMN GV 18 Kasterlee
84,Oudemolsedijk,2022-04-18,07:00:00,10,6,4,FMN GV 18 Kasterlee
84,Oudemolsedijk,2022-04-18,08:00:00,17,1,16,FMN GV 18 Kasterlee
84,Oudemolsedijk,2022-04-18,09:00:00,30,13,17,FMN GV 18 Kasterlee
84,Oudemolsedijk,2022-04-18,10:00:00,84,43,41,FMN GV 18 Kasterlee
84,Oudemolsedijk,2022-04-18,11:00:00,86,55,31,FMN GV 18 Kasterlee
84,Oudemolsedijk,2022-04-18,12:00:00,83,52,31,FMN GV 18 Kasterlee
84,Oudemolsedijk,2022-04-18,13:00:00,150,70,80,FMN GV 18 Kasterlee
84,Oudemolsedijk,2022-04-18,14:00:00,216,135,81,FMN GV 18 Kasterlee
84,Oudemolsedijk,2022-04-18,15:00:00,191,106,85,FMN GV 18 Kasterlee
84,Oudemolsedijk,2022-04-18,16:00:00,109,59,50,FMN GV 18 Kasterlee
84,Oudemolsedijk,2022-04-18,17:00:00,77,37,40,FMN GV 18 Kasterlee
84,Oudemolsedijk,2022-04-18,18:00:00,40,16,24,FMN GV 18 Kasterlee
84,Oudemolsedijk,2022-04-18,19:00:00,32,4,28,FMN GV 18 Kasterlee
84,Oudemolsedijk,2022-04-18,20:00:00,7,4,3,FMN GV 18 Kasterlee
84,Oudemolsedijk,2022-04-18,21:00:00,2,1,1,FMN GV 18 Kasterlee
84,Oudemolsedijk,2022-04-18,22:00:00,2,1,1,FMN GV 18 Kasterlee
84,Oudemolsedijk,2022-04-18,23:00:00,1,1,0,FMN GV 18 Kasterlee
84,Oudemolsedijk,2022-04-19,00:00:00,0,0,0,FMN GV 18 Kasterlee
84,Oudemolsedijk,2022-04-19,01:00:00,0,0,0,FMN GV 18 Kasterlee
84,Oudemolsedijk,2022-04-19,02:00:00,0,0,0,FMN GV 18 Kasterlee
84,Oudemolsedijk,2022-04-19,03:00:00,0,0,0,FMN GV 18 Kasterlee
84,Oudemolsedijk,2022-04-19,04:00:00,1,1,0,FMN GV 18 Kasterlee
84,Oudemolsedijk,2022-04-19,05:00:00,2,1,1,FMN GV 18 Kasterlee
84,Oudemolsedijk,2022-04-19,06:00:00,23,14,9,FMN GV 18 Kasterlee
84,Oudemolsedijk,2022-04-19,07:00:00,47,23,24,FMN GV 18 Kasterlee
84,Oudemolsedijk,2022-04-19,08:00:00,35,20,15,FMN GV 18 Kasterlee
84,Oudemolsedijk,2022-04-19,09:00:00,18,8,10,FMN GV 18 Kasterlee
84,Oudemolsedijk,2022-04-19,10:00:00,25,11,14,FMN GV 18 Kasterlee
84,Oudemolsedijk,2022-04-19,11:00:00,14,8,6,FMN GV 18 Kasterlee
84,Oudemolsedijk,2022-04-19,12:00:00,30,20,10,FMN GV 18 Kasterlee
84,Oudemolsedijk,2022-04-19,13:00:00,95,39,56,FMN GV 18 Kasterlee
84,Oudemolsedijk,2022-04-19,14:00:00,87,52,35,FMN GV 18 Kasterlee
84,Oudemolsedijk,2022-04-19,15:00:00,119,51,68,FMN GV 18 Kasterlee
84,Oudemolsedijk,2022-04-19,16:00:00,69,39,30,FMN GV 18 Kasterlee
84,Oudemolsedijk,2022-04-19,17:00:00,62,31,31,FMN GV 18 Kasterlee
84,Oudemolsedijk,2022-04-19,18:00:00,37,21,16,FMN GV 18 Kasterlee
84,Oudemolsedijk,2022-04-19,19:00:00,48,25,23,FMN GV 18 Kasterlee
84,Oudemolsedijk,2022-04-19,20:00:00,29,18,11,FMN GV 18 Kasterlee
84,Oudemolsedijk,2022-04-19,21:00:00,0,0,0,FMN GV 18 Kasterlee
84,Oudemolsedijk,2022-04-19,22:00:00,5,1,4,FMN GV 18 Kasterlee
84,Oudemolsedijk,2022-04-19,23:00:00,1,0,1,FMN GV 18 Kasterlee
84,Oudemolsedijk,2022-04-20,00:00:00,0,0,0,FMN GV 18 Kasterlee
84,Oudemolsedijk,2022-04-20,01:00:00,0,0,0,FMN GV 18 Kasterlee
84,Oudemolsedijk,2022-04-20,02:00:00,0,0,0,FMN GV 18 Kasterlee
84,Oudemolsedijk,2022-04-20,03:00:00,0,0,0,FMN GV 18 Kasterlee
84,Oudemolsedijk,2022-04-20,04:00:00,1,0,1,FMN GV 18 Kasterlee
84,Oudemolsedijk,2022-04-20,05:00:00,2,2,0,FMN GV 18 Kasterlee
84,Oudemolsedijk,2022-04-20,06:00:00,28,16,12,FMN GV 18 Kasterlee
84,Oudemolsedijk,2022-04-20,07:00:00,41,21,20,FMN GV 18 Kasterlee
84,Oudemolsedijk,2022-04-20,08:00:00,24,15,9,FMN GV 18 Kasterlee
84,Oudemolsedijk,2022-04-20,09:00:00,11,4,7,FMN GV 18 Kasterlee
84,Oudemolsedijk,2022-04-20,10:00:00,32,14,18,FMN GV 18 Kasterlee
84,Oudemolsedijk,2022-04-20,11:00:00,36,8,28,FMN GV 18 Kasterlee
84,Oudemolsedijk,2022-04-20,12:00:00,44,16,28,FMN GV 18 Kasterlee
84,Oudemolsedijk,2022-04-20,13:00:00,48,21,27,FMN GV 18 Kasterlee
84,Oudemolsedijk,2022-04-20,14:00:00,97,35,62,FMN GV 18 Kasterlee
84,Oudemolsedijk,2022-04-20,15:00:00,67,39,28,FMN GV 18 Kasterlee
84,Oudemolsedijk,2022-04-20,16:00:00,73,45,28,FMN GV 18 Kasterlee
84,Oudemolsedijk,2022-04-20,17:00:00,46,30,16,FMN GV 18 Kasterlee
84,Oudemolsedijk,2022-04-20,18:00:00,38,22,16,FMN GV 18 Kasterlee
84,Oudemolsedijk,2022-04-20,19:00:00,41,22,19,FMN GV 18 Kasterlee
84,Oudemolsedijk,2022-04-20,20:00:00,13,10,3,FMN GV 18 Kasterlee
84,Oudemolsedijk,2022-04-20,21:00:00,1,0,1,FMN GV 18 Kasterlee
84,Oudemolsedijk,2022-04-20,22:00:00,4,0,4,FMN GV 18 Kasterlee
84,Oudemolsedijk,2022-04-20,23:00:00,0,0,0,FMN GV 18 Kasterlee
84,Oudemolsedijk,2022-04-21,00:00:00,0,0,0,FMN GV 18 Kasterlee
84,Oudemolsedijk,2022-04-21,01:00:00,0,0,0,FMN GV 18 Kasterlee
84,Oudemolsedijk,2022-04-21,02:00:00,0,0,0,FMN GV 18 Kasterlee
84,Oudemolsedijk,2022-04-21,03:00:00,0,0,0,FMN GV 18 Kasterlee
84,Oudemolsedijk,2022-04-21,04:00:00,2,1,1,FMN GV 18 Kasterlee
84,Oudemolsedijk,2022-04-21,05:00:00,2,2,0,FMN GV 18 Kasterlee
84,Oudemolsedijk,2022-04-21,06:00:00,27,15,12,FMN GV 18 Kasterlee
84,Oudemolsedijk,2022-04-21,07:00:00,40,23,17,FMN GV 18 Kasterlee
84,Oudemolsedijk,2022-04-21,08:00:00,23,13,10,FMN GV 18 Kasterlee
84,Oudemolsedijk,2022-04-21,09:00:00,23,11,12,FMN GV 18 Kasterlee
84,Oudemolsedijk,2022-04-21,10:00:00,25,19,6,FMN GV 18 Kasterlee
84,Oudemolsedijk,2022-04-21,11:00:00,18,7,11,FMN GV 18 Kasterlee
84,Oudemolsedijk,2022-04-21,12:00:00,45,25,20,FMN GV 18 Kasterlee
84,Oudemolsedijk,2022-04-21,13:00:00,63,28,35,FMN GV 18 Kasterlee
84,Oudemolsedijk,2022-04-21,14:00:00,133,79,54,FMN GV 18 Kasterlee
84,Oudemolsedijk,2022-04-21,15:00:00,84,33,51,FMN GV 18 Kasterlee
84,Oudemolsedijk,2022-04-21,16:00:00,97,45,52,FMN GV 18 Kasterlee
84,Oudemolsedijk,2022-04-21,17:00:00,44,21,23,FMN GV 18 Kasterlee
84,Oudemolsedijk,2022-04-21,18:00:00,33,24,9,FMN GV 18 Kasterlee
84,Oudemolsedijk,2022-04-21,19:00:00,36,17,19,FMN GV 18 Kasterlee
84,Oudemolsedijk,2022-04-21,20:00:00,25,21,4,FMN GV 18 Kasterlee
84,Oudemolsedijk,2022-04-21,21:00:00,2,0,2,FMN GV 18 Kasterlee
84,Oudemolsedijk,2022-04-21,22:00:00,7,2,5,FMN GV 18 Kasterlee
84,Oudemolsedijk,2022-04-21,23:00:00,1,1,0,FMN GV 18 Kasterlee
84,Oudemolsedijk,2022-04-22,00:00:00,5,1,4,FMN GV 18 Kasterlee
84,Oudemolsedijk,2022-04-22,01:00:00,0,0,0,FMN GV 18 Kasterlee
84,Oudemolsedijk,2022-04-22,02:00:00,0,0,0,FMN GV 18 Kasterlee
84,Oudemolsedijk,2022-04-22,03:00:00,0,0,0,FMN GV 18 Kasterlee
84,Oudemolsedijk,2022-04-22,04:00:00,2,1,1,FMN GV 18 Kasterlee
84,Oudemolsedijk,2022-04-22,05:00:00,4,3,1,FMN GV 18 Kasterlee
84,Oudemolsedijk,2022-04-22,06:00:00,17,8,9,FMN GV 18 Kasterlee
84,Oudemolsedijk,2022-04-22,07:00:00,26,15,11,FMN GV 18 Kasterlee
84,Oudemolsedijk,2022-04-22,08:00:00,23,15,8,FMN GV 18 Kasterlee
84,Oudemolsedijk,2022-04-22,09:00:00,15,11,4,FMN GV 18 Kasterlee
84,Oudemolsedijk,2022-04-22,10:00:00,19,8,11,FMN GV 18 Kasterlee
84,Oudemolsedijk,2022-04-22,11:00:00,22,10,12,FMN GV 18 Kasterlee
84,Oudemolsedijk,2022-04-22,12:00:00,27,20,7,FMN GV 18 Kasterlee
84,Oudemolsedijk,2022-04-22,13:00:00,35,14,21,FMN GV 18 Kasterlee
84,Oudemolsedijk,2022-04-22,14:00:00,43,24,19,FMN GV 18 Kasterlee
84,Oudemolsedijk,2022-04-22,15:00:00,43,10,33,FMN GV 18 Kasterlee
84,Oudemolsedijk,2022-04-22,16:00:00,59,33,26,FMN GV 18 Kasterlee
84,Oudemolsedijk,2022-04-22,17:00:00,22,11,11,FMN GV 18 Kasterlee
84,Oudemolsedijk,2022-04-22,18:00:00,17,10,7,FMN GV 18 Kasterlee
84,Oudemolsedijk,2022-04-22,19:00:00,26,13,13,FMN GV 18 Kasterlee
84,Oudemolsedijk,2022-04-22,20:00:00,3,0,3,FMN GV 18 Kasterlee
84,Oudemolsedijk,2022-04-22,21:00:00,2,1,1,FMN GV 18 Kasterlee
84,Oudemolsedijk,2022-04-22,22:00:00,2,0,2,FMN GV 18 Kasterlee
84,Oudemolsedijk,2022-04-22,23:00:00,3,3,0,FMN GV 18 Kasterlee
84,Oudemolsedijk,2022-04-23,00:00:00,0,0,0,FMN GV 18 Kasterlee
84,Oudemolsedijk,2022-04-23,01:00:00,0,0,0,FMN GV 18 Kasterlee
84,Oudemolsedijk,2022-04-23,02:00:00,0,0,0,FMN GV 18 Kasterlee
84,Oudemolsedijk,2022-04-23,03:00:00,2,0,2,FMN GV 18 Kasterlee
84,Oudemolsedijk,2022-04-23,04:00:00,1,1,0,FMN GV 18 Kasterlee
84,Oudemolsedijk,2022-04-23,05:00:00,2,2,0,FMN GV 18 Kasterlee
84,Oudemolsedijk,2022-04-23,06:00:00,0,0,0,FMN GV 18 Kasterlee
84,Oudemolsedijk,2022-04-23,07:00:00,5,3,2,FMN GV 18 Kasterlee
84,Oudemolsedijk,2022-04-23,08:00:00,23,7,16,FMN GV 18 Kasterlee
84,Oudemolsedijk,2022-04-23,09:00:00,61,37,24,FMN GV 18 Kasterlee
84,Oudemolsedijk,2022-04-23,10:00:00,73,54,19,FMN GV 18 Kasterlee
84,Oudemolsedijk,2022-04-23,11:00:00,77,58,19,FMN GV 18 Kasterlee
84,Oudemolsedijk,2022-04-23,12:00:00,54,32,22,FMN GV 18 Kasterlee
84,Oudemolsedijk,2022-04-23,13:00:00,105,69,36,FMN GV 18 Kasterlee
84,Oudemolsedijk,2022-04-23,14:00:00,135,73,62,FMN GV 18 Kasterlee
84,Oudemolsedijk,2022-04-23,15:00:00,116,62,54,FMN GV 18 Kasterlee
84,Oudemolsedijk,2022-04-23,16:00:00,66,42,24,FMN GV 18 Kasterlee
84,Oudemolsedijk,2022-04-23,17:00:00,35,24,11,FMN GV 18 Kasterlee
84,Oudemolsedijk,2022-04-23,18:00:00,16,9,7,FMN GV 18 Kasterlee
84,Oudemolsedijk,2022-04-23,19:00:00,9,7,2,FMN GV 18 Kasterlee
84,Oudemolsedijk,2022-04-23,20:00:00,2,1,1,FMN GV 18 Kasterlee
84,Oudemolsedijk,2022-04-23,21:00:00,3,3,0,FMN GV 18 Kasterlee
84,Oudemolsedijk,2022-04-23,22:00:00,1,0,1,FMN GV 18 Kasterlee
84,Oudemolsedijk,2022-04-23,23:00:00,0,0,0,FMN GV 18 Kasterlee
84,Oudemolsedijk,2022-04-24,00:00:00,0,0,0,FMN GV 18 Kasterlee
84,Oudemolsedijk,2022-04-24,01:00:00,0,0,0,FMN GV 18 Kasterlee
84,Oudemolsedijk,2022-04-24,02:00:00,0,0,0,FMN GV 18 Kasterlee
84,Oudemolsedijk,2022-04-24,03:00:00,0,0,0,FMN GV 18 Kasterlee
84,Oudemolsedijk,2022-04-24,04:00:00,2,1,1,FMN GV 18 Kasterlee
84,Oudemolsedijk,2022-04-24,05:00:00,0,0,0,FMN GV 18 Kasterlee
84,Oudemolsedijk,2022-04-24,06:00:00,1,1,0,FMN GV 18 Kasterlee
84,Oudemolsedijk,2022-04-24,07:00:00,9,4,5,FMN GV 18 Kasterlee
84,Oudemolsedijk,2022-04-24,08:00:00,33,11,22,FMN GV 18 Kasterlee
84,Oudemolsedijk,2022-04-24,09:00:00,115,60,55,FMN GV 18 Kasterlee
84,Oudemolsedijk,2022-04-24,10:00:00,189,89,100,FMN GV 18 Kasterlee
84,Oudemolsedijk,2022-04-24,11:00:00,117,66,51,FMN GV 18 Kasterlee
84,Oudemolsedijk,2022-04-24,12:00:00,74,47,27,FMN GV 18 Kasterlee
84,Oudemolsedijk,2022-04-24,13:00:00,83,34,49,FMN GV 18 Kasterlee
84,Oudemolsedijk,2022-04-24,14:00:00,98,62,36,FMN GV 18 Kasterlee
84,Oudemolsedijk,2022-04-24,15:00:00,113,66,47,FMN GV 18 Kasterlee
84,Oudemolsedijk,2022-04-24,16:00:00,39,26,13,FMN GV 18 Kasterlee
84,Oudemolsedijk,2022-04-24,17:00:00,48,18,30,FMN GV 18 Kasterlee
84,Oudemolsedijk,2022-04-24,18:00:00,17,1,16,FMN GV 18 Kasterlee
84,Oudemolsedijk,2022-04-24,19:00:00,8,2,6,FMN GV 18 Kasterlee
84,Oudemolsedijk,2022-04-24,20:00:00,10,3,7,FMN GV 18 Kasterlee
84,Oudemolsedijk,2022-04-24,21:00:00,2,0,2,FMN GV 18 Kasterlee
84,Oudemolsedijk,2022-04-24,22:00:00,8,1,7,FMN GV 18 Kasterlee
84,Oudemolsedijk,2022-04-24,23:00:00,0,0,0,FMN GV 18 Kasterlee
84,Oudemolsedijk,2022-04-25,00:00:00,0,0,0,FMN GV 18 Kasterlee
84,Oudemolsedijk,2022-04-25,01:00:00,0,0,0,FMN GV 18 Kasterlee
84,Oudemolsedijk,2022-04-25,02:00:00,0,0,0,FMN GV 18 Kasterlee
84,Oudemolsedijk,2022-04-25,03:00:00,0,0,0,FMN GV 18 Kasterlee
84,Oudemolsedijk,2022-04-25,04:00:00,2,2,0,FMN GV 18 Kasterlee
84,Oudemolsedijk,2022-04-25,05:00:00,6,6,0,FMN GV 18 Kasterlee
84,Oudemolsedijk,2022-04-25,06:00:00,20,12,8,FMN GV 18 Kasterlee
84,Oudemolsedijk,2022-04-25,07:00:00,27,16,11,FMN GV 18 Kasterlee
84,Oudemolsedijk,2022-04-25,08:00:00,18,12,6,FMN GV 18 Kasterlee
84,Oudemolsedijk,2022-04-25,09:00:00,12,7,5,FMN GV 18 Kasterlee
84,Oudemolsedijk,2022-04-25,10:00:00,10,5,5,FMN GV 18 Kasterlee
84,Oudemolsedijk,2022-04-25,11:00:00,12,3,9,FMN GV 18 Kasterlee
84,Oudemolsedijk,2022-04-25,12:00:00,11,5,6,FMN GV 18 Kasterlee
84,Oudemolsedijk,2022-04-25,13:00:00,23,18,5,FMN GV 18 Kasterlee
84,Oudemolsedijk,2022-04-25,14:00:00,23,6,17,FMN GV 18 Kasterlee
84,Oudemolsedijk,2022-04-25,15:00:00,26,9,17,FMN GV 18 Kasterlee
84,Oudemolsedijk,2022-04-25,16:00:00,37,10,27,FMN GV 18 Kasterlee
84,Oudemolsedijk,2022-04-25,17:00:00,16,5,11,FMN GV 18 Kasterlee
84,Oudemolsedijk,2022-04-25,18:00:00,4,3,1,FMN GV 18 Kasterlee
84,Oudemolsedijk,2022-04-25,19:00:00,7,1,6,FMN GV 18 Kasterlee
84,Oudemolsedijk,2022-04-25,20:00:00,5,2,3,FMN GV 18 Kasterlee
84,Oudemolsedijk,2022-04-25,21:00:00,2,1,1,FMN GV 18 Kasterlee
84,Oudemolsedijk,2022-04-25,22:00:00,2,0,2,FMN GV 18 Kasterlee
84,Oudemolsedijk,2022-04-25,23:00:00,0,0,0,FMN GV 18 Kasterlee
84,Oudemolsedijk,2022-04-26,00:00:00,0,0,0,FMN GV 18 Kasterlee
84,Oudemolsedijk,2022-04-26,01:00:00,0,0,0,FMN GV 18 Kasterlee
84,Oudemolsedijk,2022-04-26,02:00:00,0,0,0,FMN GV 18 Kasterlee
84,Oudemolsedijk,2022-04-26,03:00:00,0,0,0,FMN GV 18 Kasterlee
84,Oudemolsedijk,2022-04-26,04:00:00,2,2,0,FMN GV 18 Kasterlee
84,Oudemolsedijk,2022-04-26,05:00:00,6,6,0,FMN GV 18 Kasterlee
84,Oudemolsedijk,2022-04-26,06:00:00,20,9,11,FMN GV 18 Kasterlee
84,Oudemolsedijk,2022-04-26,07:00:00,38,19,19,FMN GV 18 Kasterlee
84,Oudemolsedijk,2022-04-26,08:00:00,29,17,12,FMN GV 18 Kasterlee
84,Oudemolsedijk,2022-04-26,09:00:00,17,8,9,FMN GV 18 Kasterlee
84,Oudemolsedijk,2022-04-26,10:00:00,5,2,3,FMN GV 18 Kasterlee
84,Oudemolsedijk,2022-04-26,11:00:00,11,8,3,FMN GV 18 Kasterlee
84,Oudemolsedijk,2022-04-26,12:00:00,30,9,21,FMN GV 18 Kasterlee
84,Oudemolsedijk,2022-04-26,13:00:00,69,23,46,FMN GV 18 Kasterlee
84,Oudemolsedijk,2022-04-26,14:00:00,68,24,44,FMN GV 18 Kasterlee
84,Oudemolsedijk,2022-04-26,15:00:00,58,29,29,FMN GV 18 Kasterlee
84,Oudemolsedijk,2022-04-26,16:00:00,70,35,35,FMN GV 18 Kasterlee
84,Oudemolsedijk,2022-04-26,17:00:00,33,15,18,FMN GV 18 Kasterlee
84,Oudemolsedijk,2022-04-26,18:00:00,32,11,21,FMN GV 18 Kasterlee
84,Oudemolsedijk,2022-04-26,19:00:00,55,22,33,FMN GV 18 Kasterlee
84,Oudemolsedijk,2022-04-26,20:00:00,12,7,5,FMN GV 18 Kasterlee
84,Oudemolsedijk,2022-04-26,21:00:00,7,3,4,FMN GV 18 Kasterlee
84,Oudemolsedijk,2022-04-26,22:00:00,7,1,6,FMN GV 18 Kasterlee
84,Oudemolsedijk,2022-04-26,23:00:00,0,0,0,FMN GV 18 Kasterlee
84,Oudemolsedijk,2022-04-27,00:00:00,1,0,1,FMN GV 18 Kasterlee
84,Oudemolsedijk,2022-04-27,01:00:00,0,0,0,FMN GV 18 Kasterlee
84,Oudemolsedijk,2022-04-27,02:00:00,0,0,0,FMN GV 18 Kasterlee
84,Oudemolsedijk,2022-04-27,03:00:00,0,0,0,FMN GV 18 Kasterlee
84,Oudemolsedijk,2022-04-27,04:00:00,2,2,0,FMN GV 18 Kasterlee
84,Oudemolsedijk,2022-04-27,05:00:00,7,7,0,FMN GV 18 Kasterlee
84,Oudemolsedijk,2022-04-27,06:00:00,28,18,10,FMN GV 18 Kasterlee
84,Oudemolsedijk,2022-04-27,07:00:00,39,20,19,FMN GV 18 Kasterlee
84,Oudemolsedijk,2022-04-27,08:00:00,21,8,13,FMN GV 18 Kasterlee
84,Oudemolsedijk,2022-04-27,09:00:00,13,5,8,FMN GV 18 Kasterlee
84,Oudemolsedijk,2022-04-27,10:00:00,21,17,4,FMN GV 18 Kasterlee
84,Oudemolsedijk,2022-04-27,11:00:00,23,11,12,FMN GV 18 Kasterlee
84,Oudemolsedijk,2022-04-27,12:00:00,41,15,26,FMN GV 18 Kasterlee
84,Oudemolsedijk,2022-04-27,13:00:00,78,36,42,FMN GV 18 Kasterlee
84,Oudemolsedijk,2022-04-27,14:00:00,102,51,51,FMN GV 18 Kasterlee
84,Oudemolsedijk,2022-04-27,15:00:00,109,68,41,FMN GV 18 Kasterlee
84,Oudemolsedijk,2022-04-27,16:00:00,71,41,30,FMN GV 18 Kasterlee
84,Oudemolsedijk,2022-04-27,17:00:00,63,30,33,FMN GV 18 Kasterlee
84,Oudemolsedijk,2022-04-27,18:00:00,43,19,24,FMN GV 18 Kasterlee
84,Oudemolsedijk,2022-04-27,19:00:00,40,18,22,FMN GV 18 Kasterlee
84,Oudemolsedijk,2022-04-27,20:00:00,41,27,14,FMN GV 18 Kasterlee
84,Oudemolsedijk,2022-04-27,21:00:00,1,0,1,FMN GV 18 Kasterlee
84,Oudemolsedijk,2022-04-27,22:00:00,3,0,3,FMN GV 18 Kasterlee
84,Oudemolsedijk,2022-04-27,23:00:00,1,1,0,FMN GV 18 Kasterlee
84,Oudemolsedijk,2022-04-28,00:00:00,0,0,0,FMN GV 18 Kasterlee
84,Oudemolsedijk,2022-04-28,01:00:00,0,0,0,FMN GV 18 Kasterlee
84,Oudemolsedijk,2022-04-28,02:00:00,0,0,0,FMN GV 18 Kasterlee
84,Oudemolsedijk,2022-04-28,03:00:00,0,0,0,FMN GV 18 Kasterlee
84,Oudemolsedijk,2022-04-28,04:00:00,1,1,0,FMN GV 18 Kasterlee
84,Oudemolsedijk,2022-04-28,05:00:00,6,6,0,FMN GV 18 Kasterlee
84,Oudemolsedijk,2022-04-28,06:00:00,28,15,13,FMN GV 18 Kasterlee
84,Oudemolsedijk,2022-04-28,07:00:00,39,19,20,FMN GV 18 Kasterlee
84,Oudemolsedijk,2022-04-28,08:00:00,37,19,18,FMN GV 18 Kasterlee
84,Oudemolsedijk,2022-04-28,09:00:00,27,14,13,FMN GV 18 Kasterlee
84,Oudemolsedijk,2022-04-28,10:00:00,36,12,24,FMN GV 18 Kasterlee
84,Oudemolsedijk,2022-04-28,11:00:00,53,32,21,FMN GV 18 Kasterlee
84,Oudemolsedijk,2022-04-28,12:00:00,35,24,11,FMN GV 18 Kasterlee
84,Oudemolsedijk,2022-04-28,13:00:00,91,40,51,FMN GV 18 Kasterlee
84,Oudemolsedijk,2022-04-28,14:00:00,120,55,65,FMN GV 18 Kasterlee
84,Oudemolsedijk,2022-04-28,15:00:00,128,58,70,FMN GV 18 Kasterlee
84,Oudemolsedijk,2022-04-28,16:00:00,153,75,78,FMN GV 18 Kasterlee
84,Oudemolsedijk,2022-04-28,17:00:00,58,33,25,FMN GV 18 Kasterlee
84,Oudemolsedijk,2022-04-28,18:00:00,41,24,17,FMN GV 18 Kasterlee
84,Oudemolsedijk,2022-04-28,19:00:00,25,9,16,FMN GV 18 Kasterlee
84,Oudemolsedijk,2022-04-28,20:00:00,38,18,20,FMN GV 18 Kasterlee
84,Oudemolsedijk,2022-04-28,21:00:00,5,2,3,FMN GV 18 Kasterlee
84,Oudemolsedijk,2022-04-28,22:00:00,7,1,6,FMN GV 18 Kasterlee
84,Oudemolsedijk,2022-04-28,23:00:00,1,1,0,FMN GV 18 Kasterlee
84,Oudemolsedijk,2022-04-29,00:00:00,0,0,0,FMN GV 18 Kasterlee
84,Oudemolsedijk,2022-04-29,01:00:00,0,0,0,FMN GV 18 Kasterlee
84,Oudemolsedijk,2022-04-29,02:00:00,0,0,0,FMN GV 18 Kasterlee
84,Oudemolsedijk,2022-04-29,03:00:00,0,0,0,FMN GV 18 Kasterlee
84,Oudemolsedijk,2022-04-29,04:00:00,1,1,0,FMN GV 18 Kasterlee
84,Oudemolsedijk,2022-04-29,05:00:00,6,6,0,FMN GV 18 Kasterlee
84,Oudemolsedijk,2022-04-29,06:00:00,21,11,10,FMN GV 18 Kasterlee
84,Oudemolsedijk,2022-04-29,07:00:00,35,18,17,FMN GV 18 Kasterlee
84,Oudemolsedijk,2022-04-29,08:00:00,17,10,7,FMN GV 18 Kasterlee
84,Oudemolsedijk,2022-04-29,09:00:00,25,6,19,FMN GV 18 Kasterlee
84,Oudemolsedijk,2022-04-29,10:00:00,13,7,6,FMN GV 18 Kasterlee
84,Oudemolsedijk,2022-04-29,11:00:00,17,5,12,FMN GV 18 Kasterlee
84,Oudemolsedijk,2022-04-29,12:00:00,24,11,13,FMN GV 18 Kasterlee
84,Oudemolsedijk,2022-04-29,13:00:00,31,12,19,FMN GV 18 Kasterlee
84,Oudemolsedijk,2022-04-29,14:00:00,30,18,12,FMN GV 18 Kasterlee
84,Oudemolsedijk,2022-04-29,15:00:00,48,26,22,FMN GV 18 Kasterlee
84,Oudemolsedijk,2022-04-29,16:00:00,64,32,32,FMN GV 18 Kasterlee
84,Oudemolsedijk,2022-04-29,17:00:00,44,23,21,FMN GV 18 Kasterlee
84,Oudemolsedijk,2022-04-29,18:00:00,17,11,6,FMN GV 18 Kasterlee
84,Oudemolsedijk,2022-04-29,19:00:00,21,15,6,FMN GV 18 Kasterlee
84,Oudemolsedijk,2022-04-29,20:00:00,5,5,0,FMN GV 18 Kasterlee
84,Oudemolsedijk,2022-04-29,21:00:00,6,2,4,FMN GV 18 Kasterlee
84,Oudemolsedijk,2022-04-29,22:00:00,5,0,5,FMN GV 18 Kasterlee
84,Oudemolsedijk,2022-04-29,23:00:00,0,0,0,FMN GV 18 Kasterlee
84,Oudemolsedijk,2022-04-30,00:00:00,1,0,1,FMN GV 18 Kasterlee
84,Oudemolsedijk,2022-04-30,01:00:00,1,0,1,FMN GV 18 Kasterlee
84,Oudemolsedijk,2022-04-30,02:00:00,1,1,0,FMN GV 18 Kasterlee
84,Oudemolsedijk,2022-04-30,03:00:00,0,0,0,FMN GV 18 Kasterlee
84,Oudemolsedijk,2022-04-30,04:00:00,0,0,0,FMN GV 18 Kasterlee
84,Oudemolsedijk,2022-04-30,05:00:00,0,0,0,FMN GV 18 Kasterlee
84,Oudemolsedijk,2022-04-30,06:00:00,2,1,1,FMN GV 18 Kasterlee
84,Oudemolsedijk,2022-04-30,07:00:00,2,1,1,FMN GV 18 Kasterlee
84,Oudemolsedijk,2022-04-30,08:00:00,9,6,3,FMN GV 18 Kasterlee
84,Oudemolsedijk,2022-04-30,09:00:00,34,21,13,FMN GV 18 Kasterlee
84,Oudemolsedijk,2022-04-30,10:00:00,53,28,25,FMN GV 18 Kasterlee
84,Oudemolsedijk,2022-04-30,11:00:00,47,23,24,FMN GV 18 Kasterlee
84,Oudemolsedijk,2022-04-30,12:00:00,43,23,20,FMN GV 18 Kasterlee
84,Oudemolsedijk,2022-04-30,13:00:00,72,39,33,FMN GV 18 Kasterlee
84,Oudemolsedijk,2022-04-30,14:00:00,72,35,37,FMN GV 18 Kasterlee
84,Oudemolsedijk,2022-04-30,15:00:00,106,52,54,FMN GV 18 Kasterlee
84,Oudemolsedijk,2022-04-30,16:00:00,72,33,39,FMN GV 18 Kasterlee
84,Oudemolsedijk,2022-04-30,17:00:00,41,16,25,FMN GV 18 Kasterlee
84,Oudemolsedijk,2022-04-30,18:00:00,4,3,1,FMN GV 18 Kasterlee
84,Oudemolsedijk,2022-04-30,19:00:00,2,1,1,FMN GV 18 Kasterlee
84,Oudemolsedijk,2022-04-30,20:00:00,3,3,0,FMN GV 18 Kasterlee
84,Oudemolsedijk,2022-04-30,21:00:00,3,3,0,FMN GV 18 Kasterlee
84,Oudemolsedijk,2022-04-30,22:00:00,2,2,0,FMN GV 18 Kasterlee
84,Oudemolsedijk,2022-04-30,23:00:00,0,0,0,FMN GV 18 Kasterlee
84,Oudemolsedijk,2022-05-01,00:00:00,0,0,0,FMN GV 18 Kasterlee
84,Oudemolsedijk,2022-05-01,01:00:00,0,0,0,FMN GV 18 Kasterlee
84,Oudemolsedijk,2022-05-01,02:00:00,4,0,4,FMN GV 18 Kasterlee
84,Oudemolsedijk,2022-05-01,03:00:00,0,0,0,FMN GV 18 Kasterlee
84,Oudemolsedijk,2022-05-01,04:00:00,1,0,1,FMN GV 18 Kasterlee
84,Oudemolsedijk,2022-05-01,05:00:00,0,0,0,FMN GV 18 Kasterlee
84,Oudemolsedijk,2022-05-01,06:00:00,2,1,1,FMN GV 18 Kasterlee
84,Oudemolsedijk,2022-05-01,07:00:00,7,1,6,FMN GV 18 Kasterlee
84,Oudemolsedijk,2022-05-01,08:00:00,39,18,21,FMN GV 18 Kasterlee
84,Oudemolsedijk,2022-05-01,09:00:00,95,50,45,FMN GV 18 Kasterlee
84,Oudemolsedijk,2022-05-01,10:00:00,203,67,136,FMN GV 18 Kasterlee
84,Oudemolsedijk,2022-05-01,11:00:00,187,47,140,FMN GV 18 Kasterlee
84,Oudemolsedijk,2022-05-01,12:00:00,74,30,44,FMN GV 18 Kasterlee
84,Oudemolsedijk,2022-05-01,13:00:00,78,29,49,FMN GV 18 Kasterlee
84,Oudemolsedijk,2022-05-01,14:00:00,125,46,79,FMN GV 18 Kasterlee
84,Oudemolsedijk,2022-05-01,15:00:00,75,45,30,FMN GV 18 Kasterlee
84,Oudemolsedijk,2022-05-01,16:00:00,115,64,51,FMN GV 18 Kasterlee
84,Oudemolsedijk,2022-05-01,17:00:00,42,29,13,FMN GV 18 Kasterlee
84,Oudemolsedijk,2022-05-01,18:00:00,32,13,19,FMN GV 18 Kasterlee
84,Oudemolsedijk,2022-05-01,19:00:00,12,4,8,FMN GV 18 Kasterlee
84,Oudemolsedijk,2022-05-01,20:00:00,1,1,0,FMN GV 18 Kasterlee
84,Oudemolsedijk,2022-05-01,21:00:00,2,1,1,FMN GV 18 Kasterlee
84,Oudemolsedijk,2022-05-01,22:00:00,1,1,0,FMN GV 18 Kasterlee
84,Oudemolsedijk,2022-05-01,23:00:00,1,1,0,FMN GV 18 Kasterlee
84,Oudemolsedijk,2022-05-02,00:00:00,0,0,0,FMN GV 18 Kasterlee
84,Oudemolsedijk,2022-05-02,01:00:00,0,0,0,FMN GV 18 Kasterlee
84,Oudemolsedijk,2022-05-02,02:00:00,0,0,0,FMN GV 18 Kasterlee
84,Oudemolsedijk,2022-05-02,03:00:00,0,0,0,FMN GV 18 Kasterlee
84,Oudemolsedijk,2022-05-02,04:00:00,0,0,0,FMN GV 18 Kasterlee
84,Oudemolsedijk,2022-05-02,05:00:00,4,4,0,FMN GV 18 Kasterlee
84,Oudemolsedijk,2022-05-02,06:00:00,22,11,11,FMN GV 18 Kasterlee
84,Oudemolsedijk,2022-05-02,07:00:00,41,18,23,FMN GV 18 Kasterlee
84,Oudemolsedijk,2022-05-02,08:00:00,18,12,6,FMN GV 18 Kasterlee
84,Oudemolsedijk,2022-05-02,09:00:00,37,6,31,FMN GV 18 Kasterlee
84,Oudemolsedijk,2022-05-02,10:00:00,14,2,12,FMN GV 18 Kasterlee
84,Oudemolsedijk,2022-05-02,11:00:00,25,13,12,FMN GV 18 Kasterlee
84,Oudemolsedijk,2022-05-02,12:00:00,48,29,19,FMN GV 18 Kasterlee
84,Oudemolsedijk,2022-05-02,13:00:00,60,31,29,FMN GV 18 Kasterlee
84,Oudemolsedijk,2022-05-02,14:00:00,103,52,51,FMN GV 18 Kasterlee
84,Oudemolsedijk,2022-05-02,15:00:00,107,45,62,FMN GV 18 Kasterlee
84,Oudemolsedijk,2022-05-02,16:00:00,101,44,57,FMN GV 18 Kasterlee
84,Oudemolsedijk,2022-05-02,17:00:00,51,30,21,FMN GV 18 Kasterlee
84,Oudemolsedijk,2022-05-02,18:00:00,32,19,13,FMN GV 18 Kasterlee
84,Oudemolsedijk,2022-05-02,19:00:00,21,13,8,FMN GV 18 Kasterlee
84,Oudemolsedijk,2022-05-02,20:00:00,20,14,6,FMN GV 18 Kasterlee
84,Oudemolsedijk,2022-05-02,21:00:00,11,2,9,FMN GV 18 Kasterlee
84,Oudemolsedijk,2022-05-02,22:00:00,6,1,5,FMN GV 18 Kasterlee
84,Oudemolsedijk,2022-05-02,23:00:00,3,2,1,FMN GV 18 Kasterlee
84,Oudemolsedijk,2022-05-03,00:00:00,0,0,0,FMN GV 18 Kasterlee
84,Oudemolsedijk,2022-05-03,01:00:00,0,0,0,FMN GV 18 Kasterlee
84,Oudemolsedijk,2022-05-03,02:00:00,0,0,0,FMN GV 18 Kasterlee
84,Oudemolsedijk,2022-05-03,03:00:00,0,0,0,FMN GV 18 Kasterlee
84,Oudemolsedijk,2022-05-03,04:00:00,1,1,0,FMN GV 18 Kasterlee
84,Oudemolsedijk,2022-05-03,05:00:00,6,6,0,FMN GV 18 Kasterlee
84,Oudemolsedijk,2022-05-03,06:00:00,24,15,9,FMN GV 18 Kasterlee
84,Oudemolsedijk,2022-05-03,07:00:00,43,25,18,FMN GV 18 Kasterlee
84,Oudemolsedijk,2022-05-03,08:00:00,33,22,11,FMN GV 18 Kasterlee
84,Oudemolsedijk,2022-05-03,09:00:00,36,6,30,FMN GV 18 Kasterlee
84,Oudemolsedijk,2022-05-03,10:00:00,26,7,19,FMN GV 18 Kasterlee
84,Oudemolsedijk,2022-05-03,11:00:00,26,18,8,FMN GV 18 Kasterlee
84,Oudemolsedijk,2022-05-03,12:00:00,36,21,15,FMN GV 18 Kasterlee
84,Oudemolsedijk,2022-05-03,13:00:00,86,47,39,FMN GV 18 Kasterlee
84,Oudemolsedijk,2022-05-03,14:00:00,75,28,47,FMN GV 18 Kasterlee
84,Oudemolsedijk,2022-05-03,15:00:00,120,45,75,FMN GV 18 Kasterlee
84,Oudemolsedijk,2022-05-03,16:00:00,97,41,56,FMN GV 18 Kasterlee
84,Oudemolsedijk,2022-05-03,17:00:00,38,15,23,FMN GV 18 Kasterlee
84,Oudemolsedijk,2022-05-03,18:00:00,45,20,25,FMN GV 18 Kasterlee
84,Oudemolsedijk,2022-05-03,19:00:00,24,9,15,FMN GV 18 Kasterlee
84,Oudemolsedijk,2022-05-03,20:00:00,23,14,9,FMN GV 18 Kasterlee
84,Oudemolsedijk,2022-05-03,21:00:00,4,3,1,FMN GV 18 Kasterlee
84,Oudemolsedijk,2022-05-03,22:00:00,9,2,7,FMN GV 18 Kasterlee
84,Oudemolsedijk,2022-05-03,23:00:00,3,2,1,FMN GV 18 Kasterlee
84,Oudemolsedijk,2022-05-04,00:00:00,0,0,0,FMN GV 18 Kasterlee
84,Oudemolsedijk,2022-05-04,01:00:00,0,0,0,FMN GV 18 Kasterlee
84,Oudemolsedijk,2022-05-04,02:00:00,0,0,0,FMN GV 18 Kasterlee
84,Oudemolsedijk,2022-05-04,03:00:00,0,0,0,FMN GV 18 Kasterlee
84,Oudemolsedijk,2022-05-04,04:00:00,2,2,0,FMN GV 18 Kasterlee
84,Oudemolsedijk,2022-05-04,05:00:00,4,4,0,FMN GV 18 Kasterlee
84,Oudemolsedijk,2022-05-04,06:00:00,23,16,7,FMN GV 18 Kasterlee
84,Oudemolsedijk,2022-05-04,07:00:00,41,24,17,FMN GV 18 Kasterlee
84,Oudemolsedijk,2022-05-04,08:00:00,21,11,10,FMN GV 18 Kasterlee
84,Oudemolsedijk,2022-05-04,09:00:00,18,8,10,FMN GV 18 Kasterlee
84,Oudemolsedijk,2022-05-04,10:00:00,25,13,12,FMN GV 18 Kasterlee
84,Oudemolsedijk,2022-05-04,11:00:00,17,11,6,FMN GV 18 Kasterlee
84,Oudemolsedijk,2022-05-04,12:00:00,43,18,25,FMN GV 18 Kasterlee
84,Oudemolsedijk,2022-05-04,13:00:00,70,35,35,FMN GV 18 Kasterlee
84,Oudemolsedijk,2022-05-04,14:00:00,109,59,50,FMN GV 18 Kasterlee
84,Oudemolsedijk,2022-05-04,15:00:00,91,39,52,FMN GV 18 Kasterlee
84,Oudemolsedijk,2022-05-04,16:00:00,95,47,48,FMN GV 18 Kasterlee
84,Oudemolsedijk,2022-05-04,17:00:00,63,26,37,FMN GV 18 Kasterlee
84,Oudemolsedijk,2022-05-04,18:00:00,36,22,14,FMN GV 18 Kasterlee
84,Oudemolsedijk,2022-05-04,19:00:00,69,22,47,FMN GV 18 Kasterlee
84,Oudemolsedijk,2022-05-04,20:00:00,47,18,29,FMN GV 18 Kasterlee
84,Oudemolsedijk,2022-05-04,21:00:00,3,1,2,FMN GV 18 Kasterlee
84,Oudemolsedijk,2022-05-04,22:00:00,10,1,9,FMN GV 18 Kasterlee
84,Oudemolsedijk,2022-05-04,23:00:00,1,1,0,FMN GV 18 Kasterlee
84,Oudemolsedijk,2022-05-05,00:00:00,1,0,1,FMN GV 18 Kasterlee
84,Oudemolsedijk,2022-05-05,01:00:00,0,0,0,FMN GV 18 Kasterlee
84,Oudemolsedijk,2022-05-05,02:00:00,0,0,0,FMN GV 18 Kasterlee
84,Oudemolsedijk,2022-05-05,03:00:00,0,0,0,FMN GV 18 Kasterlee
84,Oudemolsedijk,2022-05-05,04:00:00,2,2,0,FMN GV 18 Kasterlee
84,Oudemolsedijk,2022-05-05,05:00:00,3,3,0,FMN GV 18 Kasterlee
84,Oudemolsedijk,2022-05-05,06:00:00,25,12,13,FMN GV 18 Kasterlee
84,Oudemolsedijk,2022-05-05,07:00:00,40,22,18,FMN GV 18 Kasterlee
84,Oudemolsedijk,2022-05-05,08:00:00,25,13,12,FMN GV 18 Kasterlee
84,Oudemolsedijk,2022-05-05,09:00:00,18,6,12,FMN GV 18 Kasterlee
84,Oudemolsedijk,2022-05-05,10:00:00,17,8,9,FMN GV 18 Kasterlee
84,Oudemolsedijk,2022-05-05,11:00:00,22,9,13,FMN GV 18 Kasterlee
84,Oudemolsedijk,2022-05-05,12:00:00,46,21,25,FMN GV 18 Kasterlee
84,Oudemolsedijk,2022-05-05,13:00:00,54,27,27,FMN GV 18 Kasterlee
84,Oudemolsedijk,2022-05-05,14:00:00,55,26,29,FMN GV 18 Kasterlee
84,Oudemolsedijk,2022-05-05,15:00:00,55,32,23,FMN GV 18 Kasterlee
84,Oudemolsedijk,2022-05-05,16:00:00,90,44,46,FMN GV 18 Kasterlee
84,Oudemolsedijk,2022-05-05,17:00:00,43,27,16,FMN GV 18 Kasterlee
84,Oudemolsedijk,2022-05-05,18:00:00,24,17,7,FMN GV 18 Kasterlee
84,Oudemolsedijk,2022-05-05,19:00:00,32,18,14,FMN GV 18 Kasterlee
84,Oudemolsedijk,2022-05-05,20:00:00,26,14,12,FMN GV 18 Kasterlee
84,Oudemolsedijk,2022-05-05,21:00:00,6,4,2,FMN GV 18 Kasterlee
84,Oudemolsedijk,2022-05-05,22:00:00,9,1,8,FMN GV 18 Kasterlee
84,Oudemolsedijk,2022-05-05,23:00:00,3,1,2,FMN GV 18 Kasterlee
84,Oudemolsedijk,2022-05-06,00:00:00,1,1,0,FMN GV 18 Kasterlee
84,Oudemolsedijk,2022-05-06,01:00:00,0,0,0,FMN GV 18 Kasterlee
84,Oudemolsedijk,2022-05-06,02:00:00,0,0,0,FMN GV 18 Kasterlee
84,Oudemolsedijk,2022-05-06,03:00:00,0,0,0,FMN GV 18 Kasterlee
84,Oudemolsedijk,2022-05-06,04:00:00,3,3,0,FMN GV 18 Kasterlee
84,Oudemolsedijk,2022-05-06,05:00:00,2,2,0,FMN GV 18 Kasterlee
84,Oudemolsedijk,2022-05-06,06:00:00,21,12,9,FMN GV 18 Kasterlee
84,Oudemolsedijk,2022-05-06,07:00:00,32,14,18,FMN GV 18 Kasterlee
84,Oudemolsedijk,2022-05-06,08:00:00,19,13,6,FMN GV 18 Kasterlee
84,Oudemolsedijk,2022-05-06,09:00:00,26,16,10,FMN GV 18 Kasterlee
84,Oudemolsedijk,2022-05-06,10:00:00,27,10,17,FMN GV 18 Kasterlee
84,Oudemolsedijk,2022-05-06,11:00:00,19,15,4,FMN GV 18 Kasterlee
84,Oudemolsedijk,2022-05-06,12:00:00,33,15,18,FMN GV 18 Kasterlee
84,Oudemolsedijk,2022-05-06,13:00:00,59,26,33,FMN GV 18 Kasterlee
84,Oudemolsedijk,2022-05-06,14:00:00,67,35,32,FMN GV 18 Kasterlee
84,Oudemolsedijk,2022-05-06,15:00:00,110,62,48,FMN GV 18 Kasterlee
84,Oudemolsedijk,2022-05-06,16:00:00,75,39,36,FMN GV 18 Kasterlee
84,Oudemolsedijk,2022-05-06,17:00:00,45,14,31,FMN GV 18 Kasterlee
84,Oudemolsedijk,2022-05-06,18:00:00,31,16,15,FMN GV 18 Kasterlee
84,Oudemolsedijk,2022-05-06,19:00:00,19,9,10,FMN GV 18 Kasterlee
84,Oudemolsedijk,2022-05-06,20:00:00,15,10,5,FMN GV 18 Kasterlee
84,Oudemolsedijk,2022-05-06,21:00:00,3,2,1,FMN GV 18 Kasterlee
84,Oudemolsedijk,2022-05-06,22:00:00,3,1,2,FMN GV 18 Kasterlee
84,Oudemolsedijk,2022-05-06,23:00:00,3,1,2,FMN GV 18 Kasterlee
84,Oudemolsedijk,2022-05-07,00:00:00,3,0,3,FMN GV 18 Kasterlee
84,Oudemolsedijk,2022-05-07,01:00:00,0,0,0,FMN GV 18 Kasterlee
84,Oudemolsedijk,2022-05-07,02:00:00,0,0,0,FMN GV 18 Kasterlee
84,Oudemolsedijk,2022-05-07,03:00:00,1,1,0,FMN GV 18 Kasterlee
84,Oudemolsedijk,2022-05-07,04:00:00,1,0,1,FMN GV 18 Kasterlee
84,Oudemolsedijk,2022-05-07,05:00:00,0,0,0,FMN GV 18 Kasterlee
84,Oudemolsedijk,2022-05-07,06:00:00,1,0,1,FMN GV 18 Kasterlee
84,Oudemolsedijk,2022-05-07,07:00:00,3,1,2,FMN GV 18 Kasterlee
84,Oudemolsedijk,2022-05-07,08:00:00,11,3,8,FMN GV 18 Kasterlee
84,Oudemolsedijk,2022-05-07,09:00:00,15,6,9,FMN GV 18 Kasterlee
84,Oudemolsedijk,2022-05-07,10:00:00,41,30,11,FMN GV 18 Kasterlee
84,Oudemolsedijk,2022-05-07,11:00:00,34,12,22,FMN GV 18 Kasterlee
84,Oudemolsedijk,2022-05-07,12:00:00,36,21,15,FMN GV 18 Kasterlee
84,Oudemolsedijk,2022-05-07,13:00:00,54,27,27,FMN GV 18 Kasterlee
84,Oudemolsedijk,2022-05-07,14:00:00,56,28,28,FMN GV 18 Kasterlee
84,Oudemolsedijk,2022-05-07,15:00:00,42,20,22,FMN GV 18 Kasterlee
84,Oudemolsedijk,2022-05-07,16:00:00,17,6,11,FMN GV 18 Kasterlee
84,Oudemolsedijk,2022-05-07,17:00:00,16,11,5,FMN GV 18 Kasterlee
84,Oudemolsedijk,2022-05-07,18:00:00,28,24,4,FMN GV 18 Kasterlee
84,Oudemolsedijk,2022-05-07,19:00:00,10,4,6,FMN GV 18 Kasterlee
84,Oudemolsedijk,2022-05-07,20:00:00,3,3,0,FMN GV 18 Kasterlee
84,Oudemolsedijk,2022-05-07,21:00:00,8,7,1,FMN GV 18 Kasterlee
84,Oudemolsedijk,2022-05-07,22:00:00,2,0,2,FMN GV 18 Kasterlee
84,Oudemolsedijk,2022-05-07,23:00:00,1,0,1,FMN GV 18 Kasterlee
84,Oudemolsedijk,2022-05-08,00:00:00,0,0,0,FMN GV 18 Kasterlee
84,Oudemolsedijk,2022-05-08,01:00:00,0,0,0,FMN GV 18 Kasterlee
84,Oudemolsedijk,2022-05-08,02:00:00,0,0,0,FMN GV 18 Kasterlee
84,Oudemolsedijk,2022-05-08,03:00:00,0,0,0,FMN GV 18 Kasterlee
84,Oudemolsedijk,2022-05-08,04:00:00,1,0,1,FMN GV 18 Kasterlee
84,Oudemolsedijk,2022-05-08,05:00:00,0,0,0,FMN GV 18 Kasterlee
84,Oudemolsedijk,2022-05-08,06:00:00,0,0,0,FMN GV 18 Kasterlee
84,Oudemolsedijk,2022-05-08,07:00:00,11,5,6,FMN GV 18 Kasterlee
84,Oudemolsedijk,2022-05-08,08:00:00,20,10,10,FMN GV 18 Kasterlee
84,Oudemolsedijk,2022-05-08,09:00:00,117,50,67,FMN GV 18 Kasterlee
84,Oudemolsedijk,2022-05-08,10:00:00,115,49,66,FMN GV 18 Kasterlee
84,Oudemolsedijk,2022-05-08,11:00:00,102,67,35,FMN GV 18 Kasterlee
84,Oudemolsedijk,2022-05-08,12:00:00,81,52,29,FMN GV 18 Kasterlee
84,Oudemolsedijk,2022-05-08,13:00:00,111,35,76,FMN GV 18 Kasterlee
84,Oudemolsedijk,2022-05-08,14:00:00,145,69,76,FMN GV 18 Kasterlee
84,Oudemolsedijk,2022-05-08,15:00:00,184,88,96,FMN GV 18 Kasterlee
84,Oudemolsedijk,2022-05-08,16:00:00,100,45,55,FMN GV 18 Kasterlee
84,Oudemolsedijk,2022-05-08,17:00:00,73,48,25,FMN GV 18 Kasterlee
84,Oudemolsedijk,2022-05-08,18:00:00,37,25,12,FMN GV 18 Kasterlee
84,Oudemolsedijk,2022-05-08,19:00:00,19,9,10,FMN GV 18 Kasterlee
84,Oudemolsedijk,2022-05-08,20:00:00,11,7,4,FMN GV 18 Kasterlee
84,Oudemolsedijk,2022-05-08,21:00:00,11,8,3,FMN GV 18 Kasterlee
84,Oudemolsedijk,2022-05-08,22:00:00,0,0,0,FMN GV 18 Kasterlee
84,Oudemolsedijk,2022-05-08,23:00:00,1,1,0,FMN GV 18 Kasterlee
84,Oudemolsedijk,2022-05-09,00:00:00,0,0,0,FMN GV 18 Kasterlee
84,Oudemolsedijk,2022-05-09,01:00:00,0,0,0,FMN GV 18 Kasterlee
84,Oudemolsedijk,2022-05-09,02:00:00,0,0,0,FMN GV 18 Kasterlee
84,Oudemolsedijk,2022-05-09,03:00:00,0,0,0,FMN GV 18 Kasterlee
84,Oudemolsedijk,2022-05-09,04:00:00,1,1,0,FMN GV 18 Kasterlee
84,Oudemolsedijk,2022-05-09,05:00:00,6,5,1,FMN GV 18 Kasterlee
84,Oudemolsedijk,2022-05-09,06:00:00,21,15,6,FMN GV 18 Kasterlee
84,Oudemolsedijk,2022-05-09,07:00:00,44,24,20,FMN GV 18 Kasterlee
84,Oudemolsedijk,2022-05-09,08:00:00,25,16,9,FMN GV 18 Kasterlee
84,Oudemolsedijk,2022-05-09,09:00:00,15,5,10,FMN GV 18 Kasterlee
84,Oudemolsedijk,2022-05-09,10:00:00,20,10,10,FMN GV 18 Kasterlee
84,Oudemolsedijk,2022-05-09,11:00:00,27,23,4,FMN GV 18 Kasterlee
84,Oudemolsedijk,2022-05-09,12:00:00,49,27,22,FMN GV 18 Kasterlee
84,Oudemolsedijk,2022-05-09,13:00:00,82,43,39,FMN GV 18 Kasterlee
84,Oudemolsedijk,2022-05-09,14:00:00,123,74,49,FMN GV 18 Kasterlee
84,Oudemolsedijk,2022-05-09,15:00:00,115,60,55,FMN GV 18 Kasterlee
84,Oudemolsedijk,2022-05-09,16:00:00,102,48,54,FMN GV 18 Kasterlee
84,Oudemolsedijk,2022-05-09,17:00:00,67,32,35,FMN GV 18 Kasterlee
84,Oudemolsedijk,2022-05-09,18:00:00,33,13,20,FMN GV 18 Kasterlee
84,Oudemolsedijk,2022-05-09,19:00:00,27,9,18,FMN GV 18 Kasterlee
84,Oudemolsedijk,2022-05-09,20:00:00,21,11,10,FMN GV 18 Kasterlee
84,Oudemolsedijk,2022-05-09,21:00:00,3,3,0,FMN GV 18 Kasterlee
84,Oudemolsedijk,2022-05-09,22:00:00,7,1,6,FMN GV 18 Kasterlee
84,Oudemolsedijk,2022-05-09,23:00:00,1,0,1,FMN GV 18 Kasterlee
84,Oudemolsedijk,2022-05-10,00:00:00,0,0,0,FMN GV 18 Kasterlee
84,Oudemolsedijk,2022-05-10,01:00:00,0,0,0,FMN GV 18 Kasterlee
84,Oudemolsedijk,2022-05-10,02:00:00,0,0,0,FMN GV 18 Kasterlee
84,Oudemolsedijk,2022-05-10,03:00:00,0,0,0,FMN GV 18 Kasterlee
84,Oudemolsedijk,2022-05-10,04:00:00,1,1,0,FMN GV 18 Kasterlee
84,Oudemolsedijk,2022-05-10,05:00:00,6,5,1,FMN GV 18 Kasterlee
84,Oudemolsedijk,2022-05-10,06:00:00,27,17,10,FMN GV 18 Kasterlee
84,Oudemolsedijk,2022-05-10,07:00:00,53,29,24,FMN GV 18 Kasterlee
84,Oudemolsedijk,2022-05-10,08:00:00,39,25,14,FMN GV 18 Kasterlee
84,Oudemolsedijk,2022-05-10,09:00:00,24,6,18,FMN GV 18 Kasterlee
84,Oudemolsedijk,2022-05-10,10:00:00,41,25,16,FMN GV 18 Kasterlee
84,Oudemolsedijk,2022-05-10,11:00:00,16,9,7,FMN GV 18 Kasterlee
84,Oudemolsedijk,2022-05-10,12:00:00,27,8,19,FMN GV 18 Kasterlee
84,Oudemolsedijk,2022-05-10,13:00:00,120,65,55,FMN GV 18 Kasterlee
84,Oudemolsedijk,2022-05-10,14:00:00,122,61,61,FMN GV 18 Kasterlee
84,Oudemolsedijk,2022-05-10,15:00:00,137,36,101,FMN GV 18 Kasterlee
84,Oudemolsedijk,2022-05-10,16:00:00,133,83,50,FMN GV 18 Kasterlee
84,Oudemolsedijk,2022-05-10,17:00:00,62,29,33,FMN GV 18 Kasterlee
84,Oudemolsedijk,2022-05-10,18:00:00,32,16,16,FMN GV 18 Kasterlee
84,Oudemolsedijk,2022-05-10,19:00:00,55,23,32,FMN GV 18 Kasterlee
84,Oudemolsedijk,2022-05-10,20:00:00,14,5,9,FMN GV 18 Kasterlee
84,Oudemolsedijk,2022-05-10,21:00:00,6,4,2,FMN GV 18 Kasterlee
84,Oudemolsedijk,2022-05-10,22:00:00,9,3,6,FMN GV 18 Kasterlee
84,Oudemolsedijk,2022-05-10,23:00:00,1,0,1,FMN GV 18 Kasterlee
84,Oudemolsedijk,2022-05-11,00:00:00,0,0,0,FMN GV 18 Kasterlee
84,Oudemolsedijk,2022-05-11,01:00:00,0,0,0,FMN GV 18 Kasterlee
84,Oudemolsedijk,2022-05-11,02:00:00,0,0,0,FMN GV 18 Kasterlee
84,Oudemolsedijk,2022-05-11,03:00:00,0,0,0,FMN GV 18 Kasterlee
84,Oudemolsedijk,2022-05-11,04:00:00,2,1,1,FMN GV 18 Kasterlee
84,Oudemolsedijk,2022-05-11,05:00:00,7,5,2,FMN GV 18 Kasterlee
84,Oudemolsedijk,2022-05-11,06:00:00,21,11,10,FMN GV 18 Kasterlee
84,Oudemolsedijk,2022-05-11,07:00:00,38,23,15,FMN GV 18 Kasterlee
84,Oudemolsedijk,2022-05-11,08:00:00,36,26,10,FMN GV 18 Kasterlee
84,Oudemolsedijk,2022-05-11,09:00:00,15,6,9,FMN GV 18 Kasterlee
84,Oudemolsedijk,2022-05-11,10:00:00,29,18,11,FMN GV 18 Kasterlee
84,Oudemolsedijk,2022-05-11,11:00:00,32,17,15,FMN GV 18 Kasterlee
84,Oudemolsedijk,2022-05-11,12:00:00,67,32,35,FMN GV 18 Kasterlee
84,Oudemolsedijk,2022-05-11,13:00:00,70,42,28,FMN GV 18 Kasterlee
84,Oudemolsedijk,2022-05-11,14:00:00,72,37,35,FMN GV 18 Kasterlee
84,Oudemolsedijk,2022-05-11,15:00:00,80,47,33,FMN GV 18 Kasterlee
84,Oudemolsedijk,2022-05-11,16:00:00,94,33,61,FMN GV 18 Kasterlee
84,Oudemolsedijk,2022-05-11,17:00:00,40,22,18,FMN GV 18 Kasterlee
84,Oudemolsedijk,2022-05-11,18:00:00,33,24,9,FMN GV 18 Kasterlee
84,Oudemolsedijk,2022-05-11,19:00:00,37,21,16,FMN GV 18 Kasterlee
84,Oudemolsedijk,2022-05-11,20:00:00,60,40,20,FMN GV 18 Kasterlee
84,Oudemolsedijk,2022-05-11,21:00:00,10,3,7,FMN GV 18 Kasterlee
84,Oudemolsedijk,2022-05-11,22:00:00,4,1,3,FMN GV 18 Kasterlee
84,Oudemolsedijk,2022-05-11,23:00:00,0,0,0,FMN GV 18 Kasterlee
84,Oudemolsedijk,2022-05-12,00:00:00,0,0,0,FMN GV 18 Kasterlee
84,Oudemolsedijk,2022-05-12,01:00:00,0,0,0,FMN GV 18 Kasterlee
84,Oudemolsedijk,2022-05-12,02:00:00,0,0,0,FMN GV 18 Kasterlee
84,Oudemolsedijk,2022-05-12,03:00:00,0,0,0,FMN GV 18 Kasterlee
84,Oudemolsedijk,2022-05-12,04:00:00,2,1,1,FMN GV 18 Kasterlee
84,Oudemolsedijk,2022-05-12,05:00:00,9,7,2,FMN GV 18 Kasterlee
84,Oudemolsedijk,2022-05-12,06:00:00,23,12,11,FMN GV 18 Kasterlee
84,Oudemolsedijk,2022-05-12,07:00:00,43,21,22,FMN GV 18 Kasterlee
84,Oudemolsedijk,2022-05-12,08:00:00,23,12,11,FMN GV 18 Kasterlee
84,Oudemolsedijk,2022-05-12,09:00:00,13,7,6,FMN GV 18 Kasterlee
84,Oudemolsedijk,2022-05-12,10:00:00,18,7,11,FMN GV 18 Kasterlee
84,Oudemolsedijk,2022-05-12,11:00:00,30,24,6,FMN GV 18 Kasterlee
84,Oudemolsedijk,2022-05-12,12:00:00,40,15,25,FMN GV 18 Kasterlee
84,Oudemolsedijk,2022-05-12,13:00:00,61,30,31,FMN GV 18 Kasterlee
84,Oudemolsedijk,2022-05-12,14:00:00,94,44,50,FMN GV 18 Kasterlee
84,Oudemolsedijk,2022-05-12,15:00:00,129,49,80,FMN GV 18 Kasterlee
84,Oudemolsedijk,2022-05-12,16:00:00,90,57,33,FMN GV 18 Kasterlee
84,Oudemolsedijk,2022-05-12,17:00:00,55,36,19,FMN GV 18 Kasterlee
84,Oudemolsedijk,2022-05-12,18:00:00,35,22,13,FMN GV 18 Kasterlee
84,Oudemolsedijk,2022-05-12,19:00:00,43,26,17,FMN GV 18 Kasterlee
84,Oudemolsedijk,2022-05-12,20:00:00,20,12,8,FMN GV 18 Kasterlee
84,Oudemolsedijk,2022-05-12,21:00:00,7,7,0,FMN GV 18 Kasterlee
84,Oudemolsedijk,2022-05-12,22:00:00,5,2,3,FMN GV 18 Kasterlee
84,Oudemolsedijk,2022-05-12,23:00:00,3,2,1,FMN GV 18 Kasterlee
84,Oudemolsedijk,2022-05-13,00:00:00,0,0,0,FMN GV 18 Kasterlee
84,Oudemolsedijk,2022-05-13,01:00:00,0,0,0,FMN GV 18 Kasterlee
84,Oudemolsedijk,2022-05-13,02:00:00,0,0,0,FMN GV 18 Kasterlee
84,Oudemolsedijk,2022-05-13,03:00:00,0,0,0,FMN GV 18 Kasterlee
84,Oudemolsedijk,2022-05-13,04:00:00,2,1,1,FMN GV 18 Kasterlee
84,Oudemolsedijk,2022-05-13,05:00:00,8,5,3,FMN GV 18 Kasterlee
84,Oudemolsedijk,2022-05-13,06:00:00,20,12,8,FMN GV 18 Kasterlee
84,Oudemolsedijk,2022-05-13,07:00:00,27,13,14,FMN GV 18 Kasterlee
84,Oudemolsedijk,2022-05-13,08:00:00,25,13,12,FMN GV 18 Kasterlee
84,Oudemolsedijk,2022-05-13,09:00:00,17,8,9,FMN GV 18 Kasterlee
84,Oudemolsedijk,2022-05-13,10:00:00,30,21,9,FMN GV 18 Kasterlee
84,Oudemolsedijk,2022-05-13,11:00:00,29,14,15,FMN GV 18 Kasterlee
84,Oudemolsedijk,2022-05-13,12:00:00,36,15,21,FMN GV 18 Kasterlee
84,Oudemolsedijk,2022-05-13,13:00:00,44,21,23,FMN GV 18 Kasterlee
84,Oudemolsedijk,2022-05-13,14:00:00,55,20,35,FMN GV 18 Kasterlee
84,Oudemolsedijk,2022-05-13,15:00:00,49,22,27,FMN GV 18 Kasterlee
84,Oudemolsedijk,2022-05-13,16:00:00,64,31,33,FMN GV 18 Kasterlee
84,Oudemolsedijk,2022-05-13,17:00:00,49,27,22,FMN GV 18 Kasterlee
84,Oudemolsedijk,2022-05-13,18:00:00,11,7,4,FMN GV 18 Kasterlee
84,Oudemolsedijk,2022-05-13,19:00:00,19,11,8,FMN GV 18 Kasterlee
84,Oudemolsedijk,2022-05-13,20:00:00,8,3,5,FMN GV 18 Kasterlee
84,Oudemolsedijk,2022-05-13,21:00:00,4,4,0,FMN GV 18 Kasterlee
84,Oudemolsedijk,2022-05-13,22:00:00,0,0,0,FMN GV 18 Kasterlee
84,Oudemolsedijk,2022-05-13,23:00:00,3,0,3,FMN GV 18 Kasterlee
84,Oudemolsedijk,2022-05-14,00:00:00,1,0,1,FMN GV 18 Kasterlee
84,Oudemolsedijk,2022-05-14,01:00:00,0,0,0,FMN GV 18 Kasterlee
84,Oudemolsedijk,2022-05-14,02:00:00,2,0,2,FMN GV 18 Kasterlee
84,Oudemolsedijk,2022-05-14,03:00:00,0,0,0,FMN GV 18 Kasterlee
84,Oudemolsedijk,2022-05-14,04:00:00,0,0,0,FMN GV 18 Kasterlee
84,Oudemolsedijk,2022-05-14,05:00:00,0,0,0,FMN GV 18 Kasterlee
84,Oudemolsedijk,2022-05-14,06:00:00,2,2,0,FMN GV 18 Kasterlee
84,Oudemolsedijk,2022-05-14,07:00:00,6,2,4,FMN GV 18 Kasterlee
84,Oudemolsedijk,2022-05-14,08:00:00,17,8,9,FMN GV 18 Kasterlee
84,Oudemolsedijk,2022-05-14,09:00:00,16,4,12,FMN GV 18 Kasterlee
84,Oudemolsedijk,2022-05-14,10:00:00,59,28,31,FMN GV 18 Kasterlee
84,Oudemolsedijk,2022-05-14,11:00:00,67,35,32,FMN GV 18 Kasterlee
84,Oudemolsedijk,2022-05-14,12:00:00,59,28,31,FMN GV 18 Kasterlee
84,Oudemolsedijk,2022-05-14,13:00:00,85,47,38,FMN GV 18 Kasterlee
84,Oudemolsedijk,2022-05-14,14:00:00,163,100,63,FMN GV 18 Kasterlee
84,Oudemolsedijk,2022-05-14,15:00:00,170,101,69,FMN GV 18 Kasterlee
84,Oudemolsedijk,2022-05-14,16:00:00,123,73,50,FMN GV 18 Kasterlee
84,Oudemolsedijk,2022-05-14,17:00:00,44,25,19,FMN GV 18 Kasterlee
84,Oudemolsedijk,2022-05-14,18:00:00,34,19,15,FMN GV 18 Kasterlee
84,Oudemolsedijk,2022-05-14,19:00:00,26,15,11,FMN GV 18 Kasterlee
84,Oudemolsedijk,2022-05-14,20:00:00,15,9,6,FMN GV 18 Kasterlee
84,Oudemolsedijk,2022-05-14,21:00:00,12,3,9,FMN GV 18 Kasterlee
84,Oudemolsedijk,2022-05-14,22:00:00,3,0,3,FMN GV 18 Kasterlee
84,Oudemolsedijk,2022-05-14,23:00:00,0,0,0,FMN GV 18 Kasterlee
84,Oudemolsedijk,2022-05-15,00:00:00,0,0,0,FMN GV 18 Kasterlee
84,Oudemolsedijk,2022-05-15,01:00:00,2,0,2,FMN GV 18 Kasterlee
84,Oudemolsedijk,2022-05-15,02:00:00,0,0,0,FMN GV 18 Kasterlee
84,Oudemolsedijk,2022-05-15,03:00:00,1,0,1,FMN GV 18 Kasterlee
84,Oudemolsedijk,2022-05-15,04:00:00,0,0,0,FMN GV 18 Kasterlee
84,Oudemolsedijk,2022-05-15,05:00:00,0,0,0,FMN GV 18 Kasterlee
84,Oudemolsedijk,2022-05-15,06:00:00,0,0,0,FMN GV 18 Kasterlee
84,Oudemolsedijk,2022-05-15,07:00:00,8,4,4,FMN GV 18 Kasterlee
84,Oudemolsedijk,2022-05-15,08:00:00,40,10,30,FMN GV 18 Kasterlee
84,Oudemolsedijk,2022-05-15,09:00:00,72,30,42,FMN GV 18 Kasterlee
84,Oudemolsedijk,2022-05-15,10:00:00,174,84,90,FMN GV 18 Kasterlee
84,Oudemolsedijk,2022-05-15,11:00:00,144,84,60,FMN GV 18 Kasterlee
84,Oudemolsedijk,2022-05-15,12:00:00,110,56,54,FMN GV 18 Kasterlee
84,Oudemolsedijk,2022-05-15,13:00:00,149,64,85,FMN GV 18 Kasterlee
84,Oudemolsedijk,2022-05-15,14:00:00,221,115,106,FMN GV 18 Kasterlee
84,Oudemolsedijk,2022-05-15,15:00:00,117,56,61,FMN GV 18 Kasterlee
84,Oudemolsedijk,2022-05-15,16:00:00,134,50,84,FMN GV 18 Kasterlee
84,Oudemolsedijk,2022-05-15,17:00:00,95,64,31,FMN GV 18 Kasterlee
84,Oudemolsedijk,2022-05-15,18:00:00,52,25,27,FMN GV 18 Kasterlee
84,Oudemolsedijk,2022-05-15,19:00:00,21,11,10,FMN GV 18 Kasterlee
84,Oudemolsedijk,2022-05-15,20:00:00,10,8,2,FMN GV 18 Kasterlee
84,Oudemolsedijk,2022-05-15,21:00:00,6,3,3,FMN GV 18 Kasterlee
84,Oudemolsedijk,2022-05-15,22:00:00,8,4,4,FMN GV 18 Kasterlee
84,Oudemolsedijk,2022-05-15,23:00:00,1,0,1,FMN GV 18 Kasterlee
84,Oudemolsedijk,2022-05-16,00:00:00,0,0,0,FMN GV 18 Kasterlee
84,Oudemolsedijk,2022-05-16,01:00:00,1,1,0,FMN GV 18 Kasterlee
84,Oudemolsedijk,2022-05-16,02:00:00,0,0,0,FMN GV 18 Kasterlee
84,Oudemolsedijk,2022-05-16,03:00:00,1,0,1,FMN GV 18 Kasterlee
84,Oudemolsedijk,2022-05-16,04:00:00,1,1,0,FMN GV 18 Kasterlee
84,Oudemolsedijk,2022-05-16,05:00:00,8,7,1,FMN GV 18 Kasterlee
84,Oudemolsedijk,2022-05-16,06:00:00,24,15,9,FMN GV 18 Kasterlee
84,Oudemolsedijk,2022-05-16,07:00:00,33,16,17,FMN GV 18 Kasterlee
84,Oudemolsedijk,2022-05-16,08:00:00,74,21,53,FMN GV 18 Kasterlee
84,Oudemolsedijk,2022-05-16,09:00:00,21,10,11,FMN GV 18 Kasterlee
84,Oudemolsedijk,2022-05-16,10:00:00,15,7,8,FMN GV 18 Kasterlee
84,Oudemolsedijk,2022-05-16,11:00:00,17,8,9,FMN GV 18 Kasterlee
84,Oudemolsedijk,2022-05-16,12:00:00,15,7,8,FMN GV 18 Kasterlee
84,Oudemolsedijk,2022-05-16,13:00:00,15,12,3,FMN GV 18 Kasterlee
84,Oudemolsedijk,2022-05-16,14:00:00,51,19,32,FMN GV 18 Kasterlee
84,Oudemolsedijk,2022-05-16,15:00:00,114,77,37,FMN GV 18 Kasterlee
84,Oudemolsedijk,2022-05-16,16:00:00,52,25,27,FMN GV 18 Kasterlee
84,Oudemolsedijk,2022-05-16,17:00:00,31,18,13,FMN GV 18 Kasterlee
84,Oudemolsedijk,2022-05-16,18:00:00,29,7,22,FMN GV 18 Kasterlee
84,Oudemolsedijk,2022-05-16,19:00:00,16,12,4,FMN GV 18 Kasterlee
84,Oudemolsedijk,2022-05-16,20:00:00,29,8,21,FMN GV 18 Kasterlee
84,Oudemolsedijk,2022-05-16,21:00:00,3,1,2,FMN GV 18 Kasterlee
84,Oudemolsedijk,2022-05-16,22:00:00,6,1,5,FMN GV 18 Kasterlee
84,Oudemolsedijk,2022-05-16,23:00:00,1,1,0,FMN GV 18 Kasterlee
84,Oudemolsedijk,2022-05-17,00:00:00,0,0,0,FMN GV 18 Kasterlee
84,Oudemolsedijk,2022-05-17,01:00:00,0,0,0,FMN GV 18 Kasterlee
84,Oudemolsedijk,2022-05-17,02:00:00,0,0,0,FMN GV 18 Kasterlee
84,Oudemolsedijk,2022-05-17,03:00:00,1,1,0,FMN GV 18 Kasterlee
84,Oudemolsedijk,2022-05-17,04:00:00,1,1,0,FMN GV 18 Kasterlee
84,Oudemolsedijk,2022-05-17,05:00:00,8,8,0,FMN GV 18 Kasterlee
84,Oudemolsedijk,2022-05-17,06:00:00,26,18,8,FMN GV 18 Kasterlee
84,Oudemolsedijk,2022-05-17,07:00:00,41,17,24,FMN GV 18 Kasterlee
84,Oudemolsedijk,2022-05-17,08:00:00,25,14,11,FMN GV 18 Kasterlee
84,Oudemolsedijk,2022-05-17,09:00:00,18,5,13,FMN GV 18 Kasterlee
84,Oudemolsedijk,2022-05-17,10:00:00,16,6,10,FMN GV 18 Kasterlee
84,Oudemolsedijk,2022-05-17,11:00:00,35,21,14,FMN GV 18 Kasterlee
84,Oudemolsedijk,2022-05-17,12:00:00,58,39,19,FMN GV 18 Kasterlee
84,Oudemolsedijk,2022-05-17,13:00:00,69,34,35,FMN GV 18 Kasterlee
84,Oudemolsedijk,2022-05-17,14:00:00,105,36,69,FMN GV 18 Kasterlee
84,Oudemolsedijk,2022-05-17,15:00:00,95,48,47,FMN GV 18 Kasterlee
84,Oudemolsedijk,2022-05-17,16:00:00,112,62,50,FMN GV 18 Kasterlee
84,Oudemolsedijk,2022-05-17,17:00:00,63,27,36,FMN GV 18 Kasterlee
84,Oudemolsedijk,2022-05-17,18:00:00,68,32,36,FMN GV 18 Kasterlee
84,Oudemolsedijk,2022-05-17,19:00:00,64,33,31,FMN GV 18 Kasterlee
84,Oudemolsedijk,2022-05-17,20:00:00,30,14,16,FMN GV 18 Kasterlee
84,Oudemolsedijk,2022-05-17,21:00:00,22,10,12,FMN GV 18 Kasterlee
84,Oudemolsedijk,2022-05-17,22:00:00,4,0,4,FMN GV 18 Kasterlee
84,Oudemolsedijk,2022-05-17,23:00:00,1,0,1,FMN GV 18 Kasterlee
84,Oudemolsedijk,2022-05-18,00:00:00,1,0,1,FMN GV 18 Kasterlee
84,Oudemolsedijk,2022-05-18,01:00:00,0,0,0,FMN GV 18 Kasterlee
84,Oudemolsedijk,2022-05-18,02:00:00,0,0,0,FMN GV 18 Kasterlee
84,Oudemolsedijk,2022-05-18,03:00:00,0,0,0,FMN GV 18 Kasterlee
84,Oudemolsedijk,2022-05-18,04:00:00,1,1,0,FMN GV 18 Kasterlee
84,Oudemolsedijk,2022-05-18,05:00:00,6,6,0,FMN GV 18 Kasterlee
84,Oudemolsedijk,2022-05-18,06:00:00,25,13,12,FMN GV 18 Kasterlee
84,Oudemolsedijk,2022-05-18,07:00:00,38,16,22,FMN GV 18 Kasterlee
84,Oudemolsedijk,2022-05-18,08:00:00,30,21,9,FMN GV 18 Kasterlee
84,Oudemolsedijk,2022-05-18,09:00:00,35,13,22,FMN GV 18 Kasterlee
84,Oudemolsedijk,2022-05-18,10:00:00,41,17,24,FMN GV 18 Kasterlee
84,Oudemolsedijk,2022-05-18,11:00:00,33,21,12,FMN GV 18 Kasterlee
84,Oudemolsedijk,2022-05-18,12:00:00,55,23,32,FMN GV 18 Kasterlee
84,Oudemolsedijk,2022-05-18,13:00:00,74,34,40,FMN GV 18 Kasterlee
84,Oudemolsedijk,2022-05-18,14:00:00,98,58,40,FMN GV 18 Kasterlee
84,Oudemolsedijk,2022-05-18,15:00:00,114,75,39,FMN GV 18 Kasterlee
84,Oudemolsedijk,2022-05-18,16:00:00,97,52,45,FMN GV 18 Kasterlee
84,Oudemolsedijk,2022-05-18,17:00:00,45,27,18,FMN GV 18 Kasterlee
84,Oudemolsedijk,2022-05-18,18:00:00,71,37,34,FMN GV 18 Kasterlee
84,Oudemolsedijk,2022-05-18,19:00:00,70,21,49,FMN GV 18 Kasterlee
84,Oudemolsedijk,2022-05-18,20:00:00,51,34,17,FMN GV 18 Kasterlee
84,Oudemolsedijk,2022-05-18,21:00:00,11,9,2,FMN GV 18 Kasterlee
84,Oudemolsedijk,2022-05-18,22:00:00,10,3,7,FMN GV 18 Kasterlee
84,Oudemolsedijk,2022-05-18,23:00:00,2,1,1,FMN GV 18 Kasterlee
84,Oudemolsedijk,2022-05-19,00:00:00,0,0,0,FMN GV 18 Kasterlee
84,Oudemolsedijk,2022-05-19,01:00:00,0,0,0,FMN GV 18 Kasterlee
84,Oudemolsedijk,2022-05-19,02:00:00,0,0,0,FMN GV 18 Kasterlee
84,Oudemolsedijk,2022-05-19,03:00:00,0,0,0,FMN GV 18 Kasterlee
84,Oudemolsedijk,2022-05-19,04:00:00,1,1,0,FMN GV 18 Kasterlee
84,Oudemolsedijk,2022-05-19,05:00:00,3,3,0,FMN GV 18 Kasterlee
84,Oudemolsedijk,2022-05-19,06:00:00,9,6,3,FMN GV 18 Kasterlee
84,Oudemolsedijk,2022-05-19,07:00:00,15,7,8,FMN GV 18 Kasterlee
84,Oudemolsedijk,2022-05-19,08:00:00,21,14,7,FMN GV 18 Kasterlee
84,Oudemolsedijk,2022-05-19,09:00:00,9,2,7,FMN GV 18 Kasterlee
84,Oudemolsedijk,2022-05-19,10:00:00,18,7,11,FMN GV 18 Kasterlee
84,Oudemolsedijk,2022-05-19,11:00:00,16,7,9,FMN GV 18 Kasterlee
84,Oudemolsedijk,2022-05-19,12:00:00,28,19,9,FMN GV 18 Kasterlee
84,Oudemolsedijk,2022-05-19,13:00:00,21,9,12,FMN GV 18 Kasterlee
84,Oudemolsedijk,2022-05-19,14:00:00,8,5,3,FMN GV 18 Kasterlee
84,Oudemolsedijk,2022-05-19,15:00:00,18,17,1,FMN GV 18 Kasterlee
84,Oudemolsedijk,2022-05-19,16:00:00,23,10,13,FMN GV 18 Kasterlee
84,Oudemolsedijk,2022-05-19,17:00:00,31,19,12,FMN GV 18 Kasterlee
84,Oudemolsedijk,2022-05-19,18:00:00,19,5,14,FMN GV 18 Kasterlee
84,Oudemolsedijk,2022-05-19,19:00:00,19,11,8,FMN GV 18 Kasterlee
84,Oudemolsedijk,2022-05-19,20:00:00,20,16,4,FMN GV 18 Kasterlee
84,Oudemolsedijk,2022-05-19,21:00:00,5,3,2,FMN GV 18 Kasterlee
84,Oudemolsedijk,2022-05-19,22:00:00,7,1,6,FMN GV 18 Kasterlee
84,Oudemolsedijk,2022-05-19,23:00:00,1,1,0,FMN GV 18 Kasterlee
84,Oudemolsedijk,2022-05-20,00:00:00,0,0,0,FMN GV 18 Kasterlee
84,Oudemolsedijk,2022-05-20,01:00:00,0,0,0,FMN GV 18 Kasterlee
84,Oudemolsedijk,2022-05-20,02:00:00,0,0,0,FMN GV 18 Kasterlee
84,Oudemolsedijk,2022-05-20,03:00:00,0,0,0,FMN GV 18 Kasterlee
84,Oudemolsedijk,2022-05-20,04:00:00,1,1,0,FMN GV 18 Kasterlee
84,Oudemolsedijk,2022-05-20,05:00:00,2,2,0,FMN GV 18 Kasterlee
84,Oudemolsedijk,2022-05-20,06:00:00,11,6,5,FMN GV 18 Kasterlee
84,Oudemolsedijk,2022-05-20,07:00:00,10,7,3,FMN GV 18 Kasterlee
84,Oudemolsedijk,2022-05-20,08:00:00,25,11,14,FMN GV 18 Kasterlee
84,Oudemolsedijk,2022-05-20,09:00:00,17,7,10,FMN GV 18 Kasterlee
84,Oudemolsedijk,2022-05-20,10:00:00,18,13,5,FMN GV 18 Kasterlee
84,Oudemolsedijk,2022-05-20,11:00:00,21,7,14,FMN GV 18 Kasterlee
84,Oudemolsedijk,2022-05-20,12:00:00,14,8,6,FMN GV 18 Kasterlee
84,Oudemolsedijk,2022-05-20,13:00:00,1,0,1,FMN GV 18 Kasterlee
84,Oudemolsedijk,2022-05-20,14:00:00,4,1,3,FMN GV 18 Kasterlee
84,Oudemolsedijk,2022-05-20,15:00:00,4,1,3,FMN GV 18 Kasterlee
84,Oudemolsedijk,2022-05-20,16:00:00,13,6,7,FMN GV 18 Kasterlee
84,Oudemolsedijk,2022-05-20,17:00:00,5,0,5,FMN GV 18 Kasterlee
84,Oudemolsedijk,2022-05-20,18:00:00,8,4,4,FMN GV 18 Kasterlee
84,Oudemolsedijk,2022-05-20,19:00:00,3,0,3,FMN GV 18 Kasterlee
84,Oudemolsedijk,2022-05-20,20:00:00,5,2,3,FMN GV 18 Kasterlee
84,Oudemolsedijk,2022-05-20,21:00:00,3,1,2,FMN GV 18 Kasterlee
84,Oudemolsedijk,2022-05-20,22:00:00,2,1,1,FMN GV 18 Kasterlee
84,Oudemolsedijk,2022-05-20,23:00:00,1,0,1,FMN GV 18 Kasterlee
84,Oudemolsedijk,2022-05-21,00:00:00,0,0,0,FMN GV 18 Kasterlee
84,Oudemolsedijk,2022-05-21,01:00:00,0,0,0,FMN GV 18 Kasterlee
84,Oudemolsedijk,2022-05-21,02:00:00,2,0,2,FMN GV 18 Kasterlee
84,Oudemolsedijk,2022-05-21,03:00:00,0,0,0,FMN GV 18 Kasterlee
84,Oudemolsedijk,2022-05-21,04:00:00,0,0,0,FMN GV 18 Kasterlee
84,Oudemolsedijk,2022-05-21,05:00:00,0,0,0,FMN GV 18 Kasterlee
84,Oudemolsedijk,2022-05-21,06:00:00,2,2,0,FMN GV 18 Kasterlee
84,Oudemolsedijk,2022-05-21,07:00:00,5,1,4,FMN GV 18 Kasterlee
84,Oudemolsedijk,2022-05-21,08:00:00,12,2,10,FMN GV 18 Kasterlee
84,Oudemolsedijk,2022-05-21,09:00:00,14,4,10,FMN GV 18 Kasterlee
84,Oudemolsedijk,2022-05-21,10:00:00,24,14,10,FMN GV 18 Kasterlee
84,Oudemolsedijk,2022-05-21,11:00:00,53,36,17,FMN GV 18 Kasterlee
84,Oudemolsedijk,2022-05-21,12:00:00,50,30,20,FMN GV 18 Kasterlee
84,Oudemolsedijk,2022-05-21,13:00:00,78,44,34,FMN GV 18 Kasterlee
84,Oudemolsedijk,2022-05-21,14:00:00,68,33,35,FMN GV 18 Kasterlee
84,Oudemolsedijk,2022-05-21,15:00:00,53,41,12,FMN GV 18 Kasterlee
84,Oudemolsedijk,2022-05-21,16:00:00,60,31,29,FMN GV 18 Kasterlee
84,Oudemolsedijk,2022-05-21,17:00:00,35,24,11,FMN GV 18 Kasterlee
84,Oudemolsedijk,2022-05-21,18:00:00,22,19,3,FMN GV 18 Kasterlee
84,Oudemolsedijk,2022-05-21,19:00:00,7,7,0,FMN GV 18 Kasterlee
84,Oudemolsedijk,2022-05-21,20:00:00,8,6,2,FMN GV 18 Kasterlee
84,Oudemolsedijk,2022-05-21,21:00:00,6,1,5,FMN GV 18 Kasterlee
84,Oudemolsedijk,2022-05-21,22:00:00,2,0,2,FMN GV 18 Kasterlee
84,Oudemolsedijk,2022-05-21,23:00:00,6,0,6,FMN GV 18 Kasterlee
84,Oudemolsedijk,2022-05-22,00:00:00,6,0,6,FMN GV 18 Kasterlee
84,Oudemolsedijk,2022-05-22,01:00:00,0,0,0,FMN GV 18 Kasterlee
84,Oudemolsedijk,2022-05-22,02:00:00,1,0,1,FMN GV 18 Kasterlee
84,Oudemolsedijk,2022-05-22,03:00:00,0,0,0,FMN GV 18 Kasterlee
84,Oudemolsedijk,2022-05-22,04:00:00,2,2,0,FMN GV 18 Kasterlee
84,Oudemolsedijk,2022-05-22,05:00:00,0,0,0,FMN GV 18 Kasterlee
84,Oudemolsedijk,2022-05-22,06:00:00,0,0,0,FMN GV 18 Kasterlee
84,Oudemolsedijk,2022-05-22,07:00:00,12,3,9,FMN GV 18 Kasterlee
84,Oudemolsedijk,2022-05-22,08:00:00,31,14,17,FMN GV 18 Kasterlee
84,Oudemolsedijk,2022-05-22,09:00:00,72,35,37,FMN GV 18 Kasterlee
84,Oudemolsedijk,2022-05-22,10:00:00,131,77,54,FMN GV 18 Kasterlee
84,Oudemolsedijk,2022-05-22,11:00:00,142,83,59,FMN GV 18 Kasterlee
84,Oudemolsedijk,2022-05-22,12:00:00,111,45,66,FMN GV 18 Kasterlee
84,Oudemolsedijk,2022-05-22,13:00:00,145,76,69,FMN GV 18 Kasterlee
84,Oudemolsedijk,2022-05-22,14:00:00,224,122,102,FMN GV 18 Kasterlee
84,Oudemolsedijk,2022-05-22,15:00:00,202,120,82,FMN GV 18 Kasterlee
84,Oudemolsedijk,2022-05-22,16:00:00,135,72,63,FMN GV 18 Kasterlee
84,Oudemolsedijk,2022-05-22,17:00:00,108,48,60,FMN GV 18 Kasterlee
84,Oudemolsedijk,2022-05-22,18:00:00,73,45,28,FMN GV 18 Kasterlee
84,Oudemolsedijk,2022-05-22,19:00:00,27,14,13,FMN GV 18 Kasterlee
84,Oudemolsedijk,2022-05-22,20:00:00,11,9,2,FMN GV 18 Kasterlee
84,Oudemolsedijk,2022-05-22,21:00:00,10,5,5,FMN GV 18 Kasterlee
84,Oudemolsedijk,2022-05-22,22:00:00,3,3,0,FMN GV 18 Kasterlee
84,Oudemolsedijk,2022-05-22,23:00:00,0,0,0,FMN GV 18 Kasterlee
84,Oudemolsedijk,2022-05-23,00:00:00,0,0,0,FMN GV 18 Kasterlee
84,Oudemolsedijk,2022-05-23,01:00:00,0,0,0,FMN GV 18 Kasterlee
84,Oudemolsedijk,2022-05-23,02:00:00,0,0,0,FMN GV 18 Kasterlee
84,Oudemolsedijk,2022-05-23,03:00:00,0,0,0,FMN GV 18 Kasterlee
84,Oudemolsedijk,2022-05-23,04:00:00,2,2,0,FMN GV 18 Kasterlee
84,Oudemolsedijk,2022-05-23,05:00:00,4,4,0,FMN GV 18 Kasterlee
84,Oudemolsedijk,2022-05-23,06:00:00,21,8,13,FMN GV 18 Kasterlee
84,Oudemolsedijk,2022-05-23,07:00:00,18,11,7,FMN GV 18 Kasterlee
84,Oudemolsedijk,2022-05-23,08:00:00,13,6,7,FMN GV 18 Kasterlee
84,Oudemolsedijk,2022-05-23,09:00:00,24,6,18,FMN GV 18 Kasterlee
84,Oudemolsedijk,2022-05-23,10:00:00,12,7,5,FMN GV 18 Kasterlee
84,Oudemolsedijk,2022-05-23,11:00:00,10,3,7,FMN GV 18 Kasterlee
84,Oudemolsedijk,2022-05-23,12:00:00,20,8,12,FMN GV 18 Kasterlee
84,Oudemolsedijk,2022-05-23,13:00:00,43,31,12,FMN GV 18 Kasterlee
84,Oudemolsedijk,2022-05-23,14:00:00,34,15,19,FMN GV 18 Kasterlee
84,Oudemolsedijk,2022-05-23,15:00:00,19,6,13,FMN GV 18 Kasterlee
84,Oudemolsedijk,2022-05-23,16:00:00,31,11,20,FMN GV 18 Kasterlee
84,Oudemolsedijk,2022-05-23,17:00:00,16,7,9,FMN GV 18 Kasterlee
84,Oudemolsedijk,2022-05-23,18:00:00,7,3,4,FMN GV 18 Kasterlee
84,Oudemolsedijk,2022-05-23,19:00:00,2,0,2,FMN GV 18 Kasterlee
84,Oudemolsedijk,2022-05-23,20:00:00,2,0,2,FMN GV 18 Kasterlee
84,Oudemolsedijk,2022-05-23,21:00:00,0,0,0,FMN GV 18 Kasterlee
84,Oudemolsedijk,2022-05-23,22:00:00,2,1,1,FMN GV 18 Kasterlee
84,Oudemolsedijk,2022-05-23,23:00:00,2,0,2,FMN GV 18 Kasterlee
84,Oudemolsedijk,2022-05-24,00:00:00,0,0,0,FMN GV 18 Kasterlee
84,Oudemolsedijk,2022-05-24,01:00:00,0,0,0,FMN GV 18 Kasterlee
84,Oudemolsedijk,2022-05-24,02:00:00,0,0,0,FMN GV 18 Kasterlee
84,Oudemolsedijk,2022-05-24,03:00:00,0,0,0,FMN GV 18 Kasterlee
84,Oudemolsedijk,2022-05-24,04:00:00,1,1,0,FMN GV 18 Kasterlee
84,Oudemolsedijk,2022-05-24,05:00:00,4,3,1,FMN GV 18 Kasterlee
84,Oudemolsedijk,2022-05-24,06:00:00,19,9,10,FMN GV 18 Kasterlee
84,Oudemolsedijk,2022-05-24,07:00:00,21,13,8,FMN GV 18 Kasterlee
84,Oudemolsedijk,2022-05-24,08:00:00,10,7,3,FMN GV 18 Kasterlee
84,Oudemolsedijk,2022-05-24,09:00:00,20,8,12,FMN GV 18 Kasterlee
84,Oudemolsedijk,2022-05-24,10:00:00,14,10,4,FMN GV 18 Kasterlee
84,Oudemolsedijk,2022-05-24,11:00:00,12,10,2,FMN GV 18 Kasterlee
84,Oudemolsedijk,2022-05-24,12:00:00,12,6,6,FMN GV 18 Kasterlee
84,Oudemolsedijk,2022-05-24,13:00:00,37,18,19,FMN GV 18 Kasterlee
84,Oudemolsedijk,2022-05-24,14:00:00,18,6,12,FMN GV 18 Kasterlee
84,Oudemolsedijk,2022-05-24,15:00:00,27,18,9,FMN GV 18 Kasterlee
84,Oudemolsedijk,2022-05-24,16:00:00,28,14,14,FMN GV 18 Kasterlee
84,Oudemolsedijk,2022-05-24,17:00:00,25,15,10,FMN GV 18 Kasterlee
84,Oudemolsedijk,2022-05-24,18:00:00,17,2,15,FMN GV 18 Kasterlee
84,Oudemolsedijk,2022-05-24,19:00:00,23,18,5,FMN GV 18 Kasterlee
84,Oudemolsedijk,2022-05-24,20:00:00,19,3,16,FMN GV 18 Kasterlee
84,Oudemolsedijk,2022-05-24,21:00:00,11,2,9,FMN GV 18 Kasterlee
84,Oudemolsedijk,2022-05-24,22:00:00,7,2,5,FMN GV 18 Kasterlee
84,Oudemolsedijk,2022-05-24,23:00:00,1,1,0,FMN GV 18 Kasterlee
84,Oudemolsedijk,2022-05-25,00:00:00,1,0,1,FMN GV 18 Kasterlee
84,Oudemolsedijk,2022-05-25,01:00:00,0,0,0,FMN GV 18 Kasterlee
84,Oudemolsedijk,2022-05-25,02:00:00,1,1,0,FMN GV 18 Kasterlee
84,Oudemolsedijk,2022-05-25,03:00:00,0,0,0,FMN GV 18 Kasterlee
84,Oudemolsedijk,2022-05-25,04:00:00,1,1,0,FMN GV 18 Kasterlee
84,Oudemolsedijk,2022-05-25,05:00:00,6,5,1,FMN GV 18 Kasterlee
84,Oudemolsedijk,2022-05-25,06:00:00,21,12,9,FMN GV 18 Kasterlee
84,Oudemolsedijk,2022-05-25,07:00:00,26,15,11,FMN GV 18 Kasterlee
84,Oudemolsedijk,2022-05-25,08:00:00,11,5,6,FMN GV 18 Kasterlee
84,Oudemolsedijk,2022-05-25,09:00:00,27,14,13,FMN GV 18 Kasterlee
84,Oudemolsedijk,2022-05-25,10:00:00,16,7,9,FMN GV 18 Kasterlee
84,Oudemolsedijk,2022-05-25,11:00:00,18,12,6,FMN GV 18 Kasterlee
84,Oudemolsedijk,2022-05-25,12:00:00,31,15,16,FMN GV 18 Kasterlee
84,Oudemolsedijk,2022-05-25,13:00:00,46,31,15,FMN GV 18 Kasterlee
84,Oudemolsedijk,2022-05-25,14:00:00,72,39,33,FMN GV 18 Kasterlee
84,Oudemolsedijk,2022-05-25,15:00:00,95,50,45,FMN GV 18 Kasterlee
84,Oudemolsedijk,2022-05-25,16:00:00,46,29,17,FMN GV 18 Kasterlee
84,Oudemolsedijk,2022-05-25,17:00:00,28,19,9,FMN GV 18 Kasterlee
84,Oudemolsedijk,2022-05-25,18:00:00,24,15,9,FMN GV 18 Kasterlee
84,Oudemolsedijk,2022-05-25,19:00:00,21,11,10,FMN GV 18 Kasterlee
84,Oudemolsedijk,2022-05-25,20:00:00,21,13,8,FMN GV 18 Kasterlee
84,Oudemolsedijk,2022-05-25,21:00:00,2,2,0,FMN GV 18 Kasterlee
84,Oudemolsedijk,2022-05-25,22:00:00,3,0,3,FMN GV 18 Kasterlee
84,Oudemolsedijk,2022-05-25,23:00:00,1,0,1,FMN GV 18 Kasterlee
84,Oudemolsedijk,2022-05-26,00:00:00,3,1,2,FMN GV 18 Kasterlee
84,Oudemolsedijk,2022-05-26,01:00:00,0,0,0,FMN GV 18 Kasterlee
84,Oudemolsedijk,2022-05-26,02:00:00,0,0,0,FMN GV 18 Kasterlee
84,Oudemolsedijk,2022-05-26,03:00:00,1,0,1,FMN GV 18 Kasterlee
84,Oudemolsedijk,2022-05-26,04:00:00,0,0,0,FMN GV 18 Kasterlee
84,Oudemolsedijk,2022-05-26,05:00:00,0,0,0,FMN GV 18 Kasterlee
84,Oudemolsedijk,2022-05-26,06:00:00,1,1,0,FMN GV 18 Kasterlee
84,Oudemolsedijk,2022-05-26,07:00:00,11,2,9,FMN GV 18 Kasterlee
84,Oudemolsedijk,2022-05-26,08:00:00,36,13,23,FMN GV 18 Kasterlee
84,Oudemolsedijk,2022-05-26,09:00:00,44,27,17,FMN GV 18 Kasterlee
84,Oudemolsedijk,2022-05-26,10:00:00,47,24,23,FMN GV 18 Kasterlee
84,Oudemolsedijk,2022-05-26,11:00:00,49,36,13,FMN GV 18 Kasterlee
84,Oudemolsedijk,2022-05-26,12:00:00,72,37,35,FMN GV 18 Kasterlee
84,Oudemolsedijk,2022-05-26,13:00:00,97,49,48,FMN GV 18 Kasterlee
84,Oudemolsedijk,2022-05-26,14:00:00,125,71,54,FMN GV 18 Kasterlee
84,Oudemolsedijk,2022-05-26,15:00:00,92,49,43,FMN GV 18 Kasterlee
84,Oudemolsedijk,2022-05-26,16:00:00,89,52,37,FMN GV 18 Kasterlee
84,Oudemolsedijk,2022-05-26,17:00:00,54,32,22,FMN GV 18 Kasterlee
84,Oudemolsedijk,2022-05-26,18:00:00,8,2,6,FMN GV 18 Kasterlee
84,Oudemolsedijk,2022-05-26,19:00:00,8,1,7,FMN GV 18 Kasterlee
84,Oudemolsedijk,2022-05-26,20:00:00,5,3,2,FMN GV 18 Kasterlee
84,Oudemolsedijk,2022-05-26,21:00:00,2,0,2,FMN GV 18 Kasterlee
84,Oudemolsedijk,2022-05-26,22:00:00,0,0,0,FMN GV 18 Kasterlee
84,Oudemolsedijk,2022-05-26,23:00:00,0,0,0,FMN GV 18 Kasterlee
84,Oudemolsedijk,2022-05-27,00:00:00,2,0,2,FMN GV 18 Kasterlee
84,Oudemolsedijk,2022-05-27,01:00:00,0,0,0,FMN GV 18 Kasterlee
84,Oudemolsedijk,2022-05-27,02:00:00,0,0,0,FMN GV 18 Kasterlee
84,Oudemolsedijk,2022-05-27,03:00:00,0,0,0,FMN GV 18 Kasterlee
84,Oudemolsedijk,2022-05-27,04:00:00,1,1,0,FMN GV 18 Kasterlee
84,Oudemolsedijk,2022-05-27,05:00:00,1,1,0,FMN GV 18 Kasterlee
84,Oudemolsedijk,2022-05-27,06:00:00,1,1,0,FMN GV 18 Kasterlee
84,Oudemolsedijk,2022-05-27,07:00:00,7,2,5,FMN GV 18 Kasterlee
84,Oudemolsedijk,2022-05-27,08:00:00,4,0,4,FMN GV 18 Kasterlee
84,Oudemolsedijk,2022-05-27,09:00:00,24,6,18,FMN GV 18 Kasterlee
84,Oudemolsedijk,2022-05-27,10:00:00,30,8,22,FMN GV 18 Kasterlee
84,Oudemolsedijk,2022-05-27,11:00:00,33,18,15,FMN GV 18 Kasterlee
84,Oudemolsedijk,2022-05-27,12:00:00,27,11,16,FMN GV 18 Kasterlee
84,Oudemolsedijk,2022-05-27,13:00:00,57,28,29,FMN GV 18 Kasterlee
84,Oudemolsedijk,2022-05-27,14:00:00,64,32,32,FMN GV 18 Kasterlee
84,Oudemolsedijk,2022-05-27,15:00:00,73,35,38,FMN GV 18 Kasterlee
84,Oudemolsedijk,2022-05-27,16:00:00,54,36,18,FMN GV 18 Kasterlee
84,Oudemolsedijk,2022-05-27,17:00:00,39,32,7,FMN GV 18 Kasterlee
84,Oudemolsedijk,2022-05-27,18:00:00,16,12,4,FMN GV 18 Kasterlee
84,Oudemolsedijk,2022-05-27,19:00:00,5,3,2,FMN GV 18 Kasterlee
84,Oudemolsedijk,2022-05-27,20:00:00,13,3,10,FMN GV 18 Kasterlee
84,Oudemolsedijk,2022-05-27,21:00:00,2,2,0,FMN GV 18 Kasterlee
84,Oudemolsedijk,2022-05-27,22:00:00,7,4,3,FMN GV 18 Kasterlee
84,Oudemolsedijk,2022-05-27,23:00:00,1,0,1,FMN GV 18 Kasterlee
84,Oudemolsedijk,2022-05-28,00:00:00,4,1,3,FMN GV 18 Kasterlee
84,Oudemolsedijk,2022-05-28,01:00:00,0,0,0,FMN GV 18 Kasterlee
84,Oudemolsedijk,2022-05-28,02:00:00,0,0,0,FMN GV 18 Kasterlee
84,Oudemolsedijk,2022-05-28,03:00:00,0,0,0,FMN GV 18 Kasterlee
84,Oudemolsedijk,2022-05-28,04:00:00,1,1,0,FMN GV 18 Kasterlee
84,Oudemolsedijk,2022-05-28,05:00:00,0,0,0,FMN GV 18 Kasterlee
84,Oudemolsedijk,2022-05-28,06:00:00,3,2,1,FMN GV 18 Kasterlee
84,Oudemolsedijk,2022-05-28,07:00:00,4,3,1,FMN GV 18 Kasterlee
84,Oudemolsedijk,2022-05-28,08:00:00,15,9,6,FMN GV 18 Kasterlee
84,Oudemolsedijk,2022-05-28,09:00:00,16,8,8,FMN GV 18 Kasterlee
84,Oudemolsedijk,2022-05-28,10:00:00,66,37,29,FMN GV 18 Kasterlee
84,Oudemolsedijk,2022-05-28,11:00:00,41,17,24,FMN GV 18 Kasterlee
84,Oudemolsedijk,2022-05-28,12:00:00,83,45,38,FMN GV 18 Kasterlee
84,Oudemolsedijk,2022-05-28,13:00:00,55,31,24,FMN GV 18 Kasterlee
84,Oudemolsedijk,2022-05-28,14:00:00,106,62,44,FMN GV 18 Kasterlee
84,Oudemolsedijk,2022-05-28,15:00:00,72,34,38,FMN GV 18 Kasterlee
84,Oudemolsedijk,2022-05-28,16:00:00,46,33,13,FMN GV 18 Kasterlee
84,Oudemolsedijk,2022-05-28,17:00:00,22,15,7,FMN GV 18 Kasterlee
84,Oudemolsedijk,2022-05-28,18:00:00,20,11,9,FMN GV 18 Kasterlee
84,Oudemolsedijk,2022-05-28,19:00:00,11,8,3,FMN GV 18 Kasterlee
84,Oudemolsedijk,2022-05-28,20:00:00,10,5,5,FMN GV 18 Kasterlee
84,Oudemolsedijk,2022-05-28,21:00:00,1,0,1,FMN GV 18 Kasterlee
84,Oudemolsedijk,2022-05-28,22:00:00,9,0,9,FMN GV 18 Kasterlee
84,Oudemolsedijk,2022-05-28,23:00:00,1,1,0,FMN GV 18 Kasterlee
84,Oudemolsedijk,2022-05-29,00:00:00,0,0,0,FMN GV 18 Kasterlee
84,Oudemolsedijk,2022-05-29,01:00:00,1,1,0,FMN GV 18 Kasterlee
84,Oudemolsedijk,2022-05-29,02:00:00,2,2,0,FMN GV 18 Kasterlee
84,Oudemolsedijk,2022-05-29,03:00:00,0,0,0,FMN GV 18 Kasterlee
84,Oudemolsedijk,2022-05-29,04:00:00,1,1,0,FMN GV 18 Kasterlee
84,Oudemolsedijk,2022-05-29,05:00:00,0,0,0,FMN GV 18 Kasterlee
84,Oudemolsedijk,2022-05-29,06:00:00,1,1,0,FMN GV 18 Kasterlee
84,Oudemolsedijk,2022-05-29,07:00:00,10,1,9,FMN GV 18 Kasterlee
84,Oudemolsedijk,2022-05-29,08:00:00,25,15,10,FMN GV 18 Kasterlee
84,Oudemolsedijk,2022-05-29,09:00:00,81,51,30,FMN GV 18 Kasterlee
84,Oudemolsedijk,2022-05-29,10:00:00,69,21,48,FMN GV 18 Kasterlee
84,Oudemolsedijk,2022-05-29,11:00:00,44,23,21,FMN GV 18 Kasterlee
84,Oudemolsedijk,2022-05-29,12:00:00,31,20,11,FMN GV 18 Kasterlee
84,Oudemolsedijk,2022-05-29,13:00:00,20,7,13,FMN GV 18 Kasterlee
84,Oudemolsedijk,2022-05-29,14:00:00,17,12,5,FMN GV 18 Kasterlee
84,Oudemolsedijk,2022-05-29,15:00:00,28,19,9,FMN GV 18 Kasterlee
84,Oudemolsedijk,2022-05-29,16:00:00,21,19,2,FMN GV 18 Kasterlee
84,Oudemolsedijk,2022-05-29,17:00:00,10,4,6,FMN GV 18 Kasterlee
84,Oudemolsedijk,2022-05-29,18:00:00,10,8,2,FMN GV 18 Kasterlee
84,Oudemolsedijk,2022-05-29,19:00:00,6,4,2,FMN GV 18 Kasterlee
84,Oudemolsedijk,2022-05-29,20:00:00,3,2,1,FMN GV 18 Kasterlee
84,Oudemolsedijk,2022-05-29,21:00:00,0,0,0,FMN GV 18 Kasterlee
84,Oudemolsedijk,2022-05-29,22:00:00,0,0,0,FMN GV 18 Kasterlee
84,Oudemolsedijk,2022-05-29,23:00:00,0,0,0,FMN GV 18 Kasterlee
84,Oudemolsedijk,2022-05-30,00:00:00,0,0,0,FMN GV 18 Kasterlee
84,Oudemolsedijk,2022-05-30,01:00:00,0,0,0,FMN GV 18 Kasterlee
84,Oudemolsedijk,2022-05-30,02:00:00,0,0,0,FMN GV 18 Kasterlee
84,Oudemolsedijk,2022-05-30,03:00:00,1,1,0,FMN GV 18 Kasterlee
84,Oudemolsedijk,2022-05-30,04:00:00,3,2,1,FMN GV 18 Kasterlee
84,Oudemolsedijk,2022-05-30,05:00:00,6,6,0,FMN GV 18 Kasterlee
84,Oudemolsedijk,2022-05-30,06:00:00,20,12,8,FMN GV 18 Kasterlee
84,Oudemolsedijk,2022-05-30,07:00:00,35,14,21,FMN GV 18 Kasterlee
84,Oudemolsedijk,2022-05-30,08:00:00,19,11,8,FMN GV 18 Kasterlee
84,Oudemolsedijk,2022-05-30,09:00:00,10,6,4,FMN GV 18 Kasterlee
84,Oudemolsedijk,2022-05-30,10:00:00,30,20,10,FMN GV 18 Kasterlee
84,Oudemolsedijk,2022-05-30,11:00:00,21,12,9,FMN GV 18 Kasterlee
84,Oudemolsedijk,2022-05-30,12:00:00,21,8,13,FMN GV 18 Kasterlee
84,Oudemolsedijk,2022-05-30,13:00:00,57,22,35,FMN GV 18 Kasterlee
84,Oudemolsedijk,2022-05-30,14:00:00,51,29,22,FMN GV 18 Kasterlee
84,Oudemolsedijk,2022-05-30,15:00:00,48,24,24,FMN GV 18 Kasterlee
84,Oudemolsedijk,2022-05-30,16:00:00,52,24,28,FMN GV 18 Kasterlee
84,Oudemolsedijk,2022-05-30,17:00:00,47,24,23,FMN GV 18 Kasterlee
84,Oudemolsedijk,2022-05-30,18:00:00,37,19,18,FMN GV 18 Kasterlee
84,Oudemolsedijk,2022-05-30,19:00:00,24,15,9,FMN GV 18 Kasterlee
84,Oudemolsedijk,2022-05-30,20:00:00,33,16,17,FMN GV 18 Kasterlee
84,Oudemolsedijk,2022-05-30,21:00:00,8,2,6,FMN GV 18 Kasterlee
84,Oudemolsedijk,2022-05-30,22:00:00,9,2,7,FMN GV 18 Kasterlee
84,Oudemolsedijk,2022-05-30,23:00:00,2,2,0,FMN GV 18 Kasterlee
84,Oudemolsedijk,2022-05-31,00:00:00,1,1,0,FMN GV 18 Kasterlee
84,Oudemolsedijk,2022-05-31,01:00:00,0,0,0,FMN GV 18 Kasterlee
84,Oudemolsedijk,2022-05-31,02:00:00,0,0,0,FMN GV 18 Kasterlee
84,Oudemolsedijk,2022-05-31,03:00:00,0,0,0,FMN GV 18 Kasterlee
84,Oudemolsedijk,2022-05-31,04:00:00,2,1,1,FMN GV 18 Kasterlee
84,Oudemolsedijk,2022-05-31,05:00:00,8,7,1,FMN GV 18 Kasterlee
84,Oudemolsedijk,2022-05-31,06:00:00,20,12,8,FMN GV 18 Kasterlee
84,Oudemolsedijk,2022-05-31,07:00:00,35,12,23,FMN GV 18 Kasterlee
84,Oudemolsedijk,2022-05-31,08:00:00,19,12,7,FMN GV 18 Kasterlee
84,Oudemolsedijk,2022-05-31,09:00:00,23,7,16,FMN GV 18 Kasterlee
84,Oudemolsedijk,2022-05-31,10:00:00,28,20,8,FMN GV 18 Kasterlee
84,Oudemolsedijk,2022-05-31,11:00:00,28,15,13,FMN GV 18 Kasterlee
84,Oudemolsedijk,2022-05-31,12:00:00,27,23,4,FMN GV 18 Kasterlee
84,Oudemolsedijk,2022-05-31,13:00:00,73,27,46,FMN GV 18 Kasterlee
84,Oudemolsedijk,2022-05-31,14:00:00,66,32,34,FMN GV 18 Kasterlee
84,Oudemolsedijk,2022-05-31,15:00:00,68,30,38,FMN GV 18 Kasterlee
84,Oudemolsedijk,2022-05-31,16:00:00,74,38,36,FMN GV 18 Kasterlee
84,Oudemolsedijk,2022-05-31,17:00:00,40,27,13,FMN GV 18 Kasterlee
84,Oudemolsedijk,2022-05-31,18:00:00,16,8,8,FMN GV 18 Kasterlee
84,Oudemolsedijk,2022-05-31,19:00:00,7,4,3,FMN GV 18 Kasterlee
84,Oudemolsedijk,2022-05-31,20:00:00,20,11,9,FMN GV 18 Kasterlee
84,Oudemolsedijk,2022-05-31,21:00:00,2,0,2,FMN GV 18 Kasterlee
84,Oudemolsedijk,2022-05-31,22:00:00,8,0,8,FMN GV 18 Kasterlee
84,Oudemolsedijk,2022-05-31,23:00:00,3,1,2,FMN GV 18 Kasterlee
84,Oudemolsedijk,2022-06-01,00:00:00,0,0,0,FMN GV 18 Kasterlee
84,Oudemolsedijk,2022-06-01,01:00:00,0,0,0,FMN GV 18 Kasterlee
84,Oudemolsedijk,2022-06-01,02:00:00,0,0,0,FMN GV 18 Kasterlee
84,Oudemolsedijk,2022-06-01,03:00:00,0,0,0,FMN GV 18 Kasterlee
84,Oudemolsedijk,2022-06-01,04:00:00,2,1,1,FMN GV 18 Kasterlee
84,Oudemolsedijk,2022-06-01,05:00:00,4,4,0,FMN GV 18 Kasterlee
84,Oudemolsedijk,2022-06-01,06:00:00,17,9,8,FMN GV 18 Kasterlee
84,Oudemolsedijk,2022-06-01,07:00:00,38,21,17,FMN GV 18 Kasterlee
84,Oudemolsedijk,2022-06-01,08:00:00,17,11,6,FMN GV 18 Kasterlee
84,Oudemolsedijk,2022-06-01,09:00:00,25,18,7,FMN GV 18 Kasterlee
84,Oudemolsedijk,2022-06-01,10:00:00,18,12,6,FMN GV 18 Kasterlee
84,Oudemolsedijk,2022-06-01,11:00:00,23,13,10,FMN GV 18 Kasterlee
84,Oudemolsedijk,2022-06-01,12:00:00,44,13,31,FMN GV 18 Kasterlee
84,Oudemolsedijk,2022-06-01,13:00:00,37,25,12,FMN GV 18 Kasterlee
84,Oudemolsedijk,2022-06-01,14:00:00,42,17,25,FMN GV 18 Kasterlee
84,Oudemolsedijk,2022-06-01,15:00:00,49,22,27,FMN GV 18 Kasterlee
84,Oudemolsedijk,2022-06-01,16:00:00,43,29,14,FMN GV 18 Kasterlee
84,Oudemolsedijk,2022-06-01,17:00:00,32,19,13,FMN GV 18 Kasterlee
84,Oudemolsedijk,2022-06-01,18:00:00,33,20,13,FMN GV 18 Kasterlee
84,Oudemolsedijk,2022-06-01,19:00:00,43,22,21,FMN GV 18 Kasterlee
84,Oudemolsedijk,2022-06-01,20:00:00,41,8,33,FMN GV 18 Kasterlee
84,Oudemolsedijk,2022-06-01,21:00:00,2,1,1,FMN GV 18 Kasterlee
84,Oudemolsedijk,2022-06-01,22:00:00,7,0,7,FMN GV 18 Kasterlee
84,Oudemolsedijk,2022-06-01,23:00:00,3,2,1,FMN GV 18 Kasterlee
84,Oudemolsedijk,2022-06-02,00:00:00,0,0,0,FMN GV 18 Kasterlee
84,Oudemolsedijk,2022-06-02,01:00:00,0,0,0,FMN GV 18 Kasterlee
84,Oudemolsedijk,2022-06-02,02:00:00,0,0,0,FMN GV 18 Kasterlee
84,Oudemolsedijk,2022-06-02,03:00:00,0,0,0,FMN GV 18 Kasterlee
84,Oudemolsedijk,2022-06-02,04:00:00,3,2,1,FMN GV 18 Kasterlee
84,Oudemolsedijk,2022-06-02,05:00:00,6,5,1,FMN GV 18 Kasterlee
84,Oudemolsedijk,2022-06-02,06:00:00,22,10,12,FMN GV 18 Kasterlee
84,Oudemolsedijk,2022-06-02,07:00:00,36,17,19,FMN GV 18 Kasterlee
84,Oudemolsedijk,2022-06-02,08:00:00,32,17,15,FMN GV 18 Kasterlee
84,Oudemolsedijk,2022-06-02,09:00:00,28,10,18,FMN GV 18 Kasterlee
84,Oudemolsedijk,2022-06-02,10:00:00,27,12,15,FMN GV 18 Kasterlee
84,Oudemolsedijk,2022-06-02,11:00:00,28,10,18,FMN GV 18 Kasterlee
84,Oudemolsedijk,2022-06-02,12:00:00,39,22,17,FMN GV 18 Kasterlee
84,Oudemolsedijk,2022-06-02,13:00:00,69,34,35,FMN GV 18 Kasterlee
84,Oudemolsedijk,2022-06-02,14:00:00,126,65,61,FMN GV 18 Kasterlee
84,Oudemolsedijk,2022-06-02,15:00:00,99,64,35,FMN GV 18 Kasterlee
84,Oudemolsedijk,2022-06-02,16:00:00,78,42,36,FMN GV 18 Kasterlee
84,Oudemolsedijk,2022-06-02,17:00:00,71,47,24,FMN GV 18 Kasterlee
84,Oudemolsedijk,2022-06-02,18:00:00,33,15,18,FMN GV 18 Kasterlee
84,Oudemolsedijk,2022-06-02,19:00:00,38,12,26,FMN GV 18 Kasterlee
84,Oudemolsedijk,2022-06-02,20:00:00,52,38,14,FMN GV 18 Kasterlee
84,Oudemolsedijk,2022-06-02,21:00:00,13,7,6,FMN GV 18 Kasterlee
84,Oudemolsedijk,2022-06-02,22:00:00,8,1,7,FMN GV 18 Kasterlee
84,Oudemolsedijk,2022-06-02,23:00:00,2,1,1,FMN GV 18 Kasterlee
84,Oudemolsedijk,2022-06-03,00:00:00,1,1,0,FMN GV 18 Kasterlee
84,Oudemolsedijk,2022-06-03,01:00:00,0,0,0,FMN GV 18 Kasterlee
84,Oudemolsedijk,2022-06-03,02:00:00,0,0,0,FMN GV 18 Kasterlee
84,Oudemolsedijk,2022-06-03,03:00:00,0,0,0,FMN GV 18 Kasterlee
84,Oudemolsedijk,2022-06-03,04:00:00,1,0,1,FMN GV 18 Kasterlee
84,Oudemolsedijk,2022-06-03,05:00:00,5,5,0,FMN GV 18 Kasterlee
84,Oudemolsedijk,2022-06-03,06:00:00,13,7,6,FMN GV 18 Kasterlee
84,Oudemolsedijk,2022-06-03,07:00:00,37,16,21,FMN GV 18 Kasterlee
84,Oudemolsedijk,2022-06-03,08:00:00,27,15,12,FMN GV 18 Kasterlee
84,Oudemolsedijk,2022-06-03,09:00:00,36,11,25,FMN GV 18 Kasterlee
84,Oudemolsedijk,2022-06-03,10:00:00,32,10,22,FMN GV 18 Kasterlee
84,Oudemolsedijk,2022-06-03,11:00:00,49,26,23,FMN GV 18 Kasterlee
84,Oudemolsedijk,2022-06-03,12:00:00,44,22,22,FMN GV 18 Kasterlee
84,Oudemolsedijk,2022-06-03,13:00:00,67,35,32,FMN GV 18 Kasterlee
84,Oudemolsedijk,2022-06-03,14:00:00,112,52,60,FMN GV 18 Kasterlee
84,Oudemolsedijk,2022-06-03,15:00:00,89,50,39,FMN GV 18 Kasterlee
84,Oudemolsedijk,2022-06-03,16:00:00,67,46,21,FMN GV 18 Kasterlee
84,Oudemolsedijk,2022-06-03,17:00:00,55,34,21,FMN GV 18 Kasterlee
84,Oudemolsedijk,2022-06-03,18:00:00,37,16,21,FMN GV 18 Kasterlee
84,Oudemolsedijk,2022-06-03,19:00:00,17,7,10,FMN GV 18 Kasterlee
84,Oudemolsedijk,2022-06-03,20:00:00,14,6,8,FMN GV 18 Kasterlee
84,Oudemolsedijk,2022-06-03,21:00:00,6,1,5,FMN GV 18 Kasterlee
84,Oudemolsedijk,2022-06-03,22:00:00,3,1,2,FMN GV 18 Kasterlee
84,Oudemolsedijk,2022-06-03,23:00:00,5,2,3,FMN GV 18 Kasterlee
84,Oudemolsedijk,2022-06-04,00:00:00,1,1,0,FMN GV 18 Kasterlee
84,Oudemolsedijk,2022-06-04,01:00:00,0,0,0,FMN GV 18 Kasterlee
84,Oudemolsedijk,2022-06-04,02:00:00,4,1,3,FMN GV 18 Kasterlee
84,Oudemolsedijk,2022-06-04,03:00:00,0,0,0,FMN GV 18 Kasterlee
84,Oudemolsedijk,2022-06-04,04:00:00,0,0,0,FMN GV 18 Kasterlee
84,Oudemolsedijk,2022-06-04,05:00:00,1,0,1,FMN GV 18 Kasterlee
84,Oudemolsedijk,2022-06-04,06:00:00,0,0,0,FMN GV 18 Kasterlee
84,Oudemolsedijk,2022-06-04,07:00:00,2,1,1,FMN GV 18 Kasterlee
84,Oudemolsedijk,2022-06-04,08:00:00,8,5,3,FMN GV 18 Kasterlee
84,Oudemolsedijk,2022-06-04,09:00:00,40,19,21,FMN GV 18 Kasterlee
84,Oudemolsedijk,2022-06-04,10:00:00,41,21,20,FMN GV 18 Kasterlee
84,Oudemolsedijk,2022-06-04,11:00:00,45,30,15,FMN GV 18 Kasterlee
84,Oudemolsedijk,2022-06-04,12:00:00,61,39,22,FMN GV 18 Kasterlee
84,Oudemolsedijk,2022-06-04,13:00:00,110,45,65,FMN GV 18 Kasterlee
84,Oudemolsedijk,2022-06-04,14:00:00,125,74,51,FMN GV 18 Kasterlee
84,Oudemolsedijk,2022-06-04,15:00:00,161,81,80,FMN GV 18 Kasterlee
84,Oudemolsedijk,2022-06-04,16:00:00,147,91,56,FMN GV 18 Kasterlee
84,Oudemolsedijk,2022-06-04,17:00:00,53,35,18,FMN GV 18 Kasterlee
84,Oudemolsedijk,2022-06-04,18:00:00,33,7,26,FMN GV 18 Kasterlee
84,Oudemolsedijk,2022-06-04,19:00:00,22,12,10,FMN GV 18 Kasterlee
84,Oudemolsedijk,2022-06-04,20:00:00,14,8,6,FMN GV 18 Kasterlee
84,Oudemolsedijk,2022-06-04,21:00:00,8,5,3,FMN GV 18 Kasterlee
84,Oudemolsedijk,2022-06-04,22:00:00,11,8,3,FMN GV 18 Kasterlee
84,Oudemolsedijk,2022-06-04,23:00:00,2,0,2,FMN GV 18 Kasterlee
84,Oudemolsedijk,2022-06-05,00:00:00,1,0,1,FMN GV 18 Kasterlee
84,Oudemolsedijk,2022-06-05,01:00:00,1,0,1,FMN GV 18 Kasterlee
84,Oudemolsedijk,2022-06-05,02:00:00,2,0,2,FMN GV 18 Kasterlee
84,Oudemolsedijk,2022-06-05,03:00:00,0,0,0,FMN GV 18 Kasterlee
84,Oudemolsedijk,2022-06-05,04:00:00,0,0,0,FMN GV 18 Kasterlee
84,Oudemolsedijk,2022-06-05,05:00:00,0,0,0,FMN GV 18 Kasterlee
84,Oudemolsedijk,2022-06-05,06:00:00,3,3,0,FMN GV 18 Kasterlee
84,Oudemolsedijk,2022-06-05,07:00:00,9,1,8,FMN GV 18 Kasterlee
84,Oudemolsedijk,2022-06-05,08:00:00,40,11,29,FMN GV 18 Kasterlee
84,Oudemolsedijk,2022-06-05,09:00:00,49,18,31,FMN GV 18 Kasterlee
84,Oudemolsedijk,2022-06-05,10:00:00,122,33,89,FMN GV 18 Kasterlee
84,Oudemolsedijk,2022-06-05,11:00:00,85,27,58,FMN GV 18 Kasterlee
84,Oudemolsedijk,2022-06-05,12:00:00,25,7,18,FMN GV 18 Kasterlee
84,Oudemolsedijk,2022-06-05,13:00:00,5,2,3,FMN GV 18 Kasterlee
84,Oudemolsedijk,2022-06-05,14:00:00,1,1,0,FMN GV 18 Kasterlee
84,Oudemolsedijk,2022-06-05,15:00:00,3,2,1,FMN GV 18 Kasterlee
84,Oudemolsedijk,2022-06-05,16:00:00,4,1,3,FMN GV 18 Kasterlee
84,Oudemolsedijk,2022-06-05,17:00:00,2,2,0,FMN GV 18 Kasterlee
84,Oudemolsedijk,2022-06-05,18:00:00,4,2,2,FMN GV 18 Kasterlee
84,Oudemolsedijk,2022-06-05,19:00:00,0,0,0,FMN GV 18 Kasterlee
84,Oudemolsedijk,2022-06-05,20:00:00,5,3,2,FMN GV 18 Kasterlee
84,Oudemolsedijk,2022-06-05,21:00:00,1,0,1,FMN GV 18 Kasterlee
84,Oudemolsedijk,2022-06-05,22:00:00,1,1,0,FMN GV 18 Kasterlee
84,Oudemolsedijk,2022-06-05,23:00:00,0,0,0,FMN GV 18 Kasterlee
84,Oudemolsedijk,2022-06-06,00:00:00,0,0,0,FMN GV 18 Kasterlee
84,Oudemolsedijk,2022-06-06,01:00:00,0,0,0,FMN GV 18 Kasterlee
84,Oudemolsedijk,2022-06-06,02:00:00,0,0,0,FMN GV 18 Kasterlee
84,Oudemolsedijk,2022-06-06,03:00:00,1,0,1,FMN GV 18 Kasterlee
84,Oudemolsedijk,2022-06-06,04:00:00,0,0,0,FMN GV 18 Kasterlee
84,Oudemolsedijk,2022-06-06,05:00:00,0,0,0,FMN GV 18 Kasterlee
84,Oudemolsedijk,2022-06-06,06:00:00,0,0,0,FMN GV 18 Kasterlee
84,Oudemolsedijk,2022-06-06,07:00:00,9,0,9,FMN GV 18 Kasterlee
84,Oudemolsedijk,2022-06-06,08:00:00,39,6,33,FMN GV 18 Kasterlee
84,Oudemolsedijk,2022-06-06,09:00:00,28,15,13,FMN GV 18 Kasterlee
84,Oudemolsedijk,2022-06-06,10:00:00,91,47,44,FMN GV 18 Kasterlee
84,Oudemolsedijk,2022-06-06,11:00:00,41,24,17,FMN GV 18 Kasterlee
84,Oudemolsedijk,2022-06-06,12:00:00,49,32,17,FMN GV 18 Kasterlee
84,Oudemolsedijk,2022-06-06,13:00:00,46,30,16,FMN GV 18 Kasterlee
84,Oudemolsedijk,2022-06-06,14:00:00,50,27,23,FMN GV 18 Kasterlee
84,Oudemolsedijk,2022-06-06,15:00:00,35,16,19,FMN GV 18 Kasterlee
84,Oudemolsedijk,2022-06-06,16:00:00,84,21,63,FMN GV 18 Kasterlee
84,Oudemolsedijk,2022-06-06,17:00:00,22,7,15,FMN GV 18 Kasterlee
84,Oudemolsedijk,2022-06-06,18:00:00,10,1,9,FMN GV 18 Kasterlee
84,Oudemolsedijk,2022-06-06,19:00:00,6,2,4,FMN GV 18 Kasterlee
84,Oudemolsedijk,2022-06-06,20:00:00,14,13,1,FMN GV 18 Kasterlee
84,Oudemolsedijk,2022-06-06,21:00:00,1,0,1,FMN GV 18 Kasterlee
84,Oudemolsedijk,2022-06-06,22:00:00,4,3,1,FMN GV 18 Kasterlee
84,Oudemolsedijk,2022-06-06,23:00:00,0,0,0,FMN GV 18 Kasterlee
84,Oudemolsedijk,2022-06-07,00:00:00,0,0,0,FMN GV 18 Kasterlee
84,Oudemolsedijk,2022-06-07,01:00:00,0,0,0,FMN GV 18 Kasterlee
84,Oudemolsedijk,2022-06-07,02:00:00,0,0,0,FMN GV 18 Kasterlee
84,Oudemolsedijk,2022-06-07,03:00:00,0,0,0,FMN GV 18 Kasterlee
84,Oudemolsedijk,2022-06-07,04:00:00,2,2,0,FMN GV 18 Kasterlee
84,Oudemolsedijk,2022-06-07,05:00:00,8,8,0,FMN GV 18 Kasterlee
84,Oudemolsedijk,2022-06-07,06:00:00,22,10,12,FMN GV 18 Kasterlee
84,Oudemolsedijk,2022-06-07,07:00:00,36,17,19,FMN GV 18 Kasterlee
84,Oudemolsedijk,2022-06-07,08:00:00,29,18,11,FMN GV 18 Kasterlee
84,Oudemolsedijk,2022-06-07,09:00:00,26,6,20,FMN GV 18 Kasterlee
84,Oudemolsedijk,2022-06-07,10:00:00,17,7,10,FMN GV 18 Kasterlee
84,Oudemolsedijk,2022-06-07,11:00:00,36,13,23,FMN GV 18 Kasterlee
84,Oudemolsedijk,2022-06-07,12:00:00,12,2,10,FMN GV 18 Kasterlee
84,Oudemolsedijk,2022-06-07,13:00:00,57,23,34,FMN GV 18 Kasterlee
84,Oudemolsedijk,2022-06-07,14:00:00,51,17,34,FMN GV 18 Kasterlee
84,Oudemolsedijk,2022-06-07,15:00:00,53,22,31,FMN GV 18 Kasterlee
84,Oudemolsedijk,2022-06-07,16:00:00,73,38,35,FMN GV 18 Kasterlee
84,Oudemolsedijk,2022-06-07,17:00:00,48,25,23,FMN GV 18 Kasterlee
84,Oudemolsedijk,2022-06-07,18:00:00,29,19,10,FMN GV 18 Kasterlee
84,Oudemolsedijk,2022-06-07,19:00:00,41,14,27,FMN GV 18 Kasterlee
84,Oudemolsedijk,2022-06-07,20:00:00,29,14,15,FMN GV 18 Kasterlee
84,Oudemolsedijk,2022-06-07,21:00:00,6,4,2,FMN GV 18 Kasterlee
84,Oudemolsedijk,2022-06-07,22:00:00,4,2,2,FMN GV 18 Kasterlee
84,Oudemolsedijk,2022-06-07,23:00:00,1,0,1,FMN GV 18 Kasterlee
84,Oudemolsedijk,2022-06-08,00:00:00,3,2,1,FMN GV 18 Kasterlee
84,Oudemolsedijk,2022-06-08,01:00:00,0,0,0,FMN GV 18 Kasterlee
84,Oudemolsedijk,2022-06-08,02:00:00,0,0,0,FMN GV 18 Kasterlee
84,Oudemolsedijk,2022-06-08,03:00:00,1,1,0,FMN GV 18 Kasterlee
84,Oudemolsedijk,2022-06-08,04:00:00,1,1,0,FMN GV 18 Kasterlee
84,Oudemolsedijk,2022-06-08,05:00:00,3,3,0,FMN GV 18 Kasterlee
84,Oudemolsedijk,2022-06-08,06:00:00,15,8,7,FMN GV 18 Kasterlee
84,Oudemolsedijk,2022-06-08,07:00:00,20,13,7,FMN GV 18 Kasterlee
84,Oudemolsedijk,2022-06-08,08:00:00,18,11,7,FMN GV 18 Kasterlee
84,Oudemolsedijk,2022-06-08,09:00:00,7,4,3,FMN GV 18 Kasterlee
84,Oudemolsedijk,2022-06-08,10:00:00,5,3,2,FMN GV 18 Kasterlee
84,Oudemolsedijk,2022-06-08,11:00:00,9,4,5,FMN GV 18 Kasterlee
84,Oudemolsedijk,2022-06-08,12:00:00,16,6,10,FMN GV 18 Kasterlee
84,Oudemolsedijk,2022-06-08,13:00:00,2,1,1,FMN GV 18 Kasterlee
84,Oudemolsedijk,2022-06-08,14:00:00,10,5,5,FMN GV 18 Kasterlee
84,Oudemolsedijk,2022-06-08,15:00:00,4,3,1,FMN GV 18 Kasterlee
84,Oudemolsedijk,2022-06-08,16:00:00,14,9,5,FMN GV 18 Kasterlee
84,Oudemolsedijk,2022-06-08,17:00:00,20,9,11,FMN GV 18 Kasterlee
84,Oudemolsedijk,2022-06-08,18:00:00,18,9,9,FMN GV 18 Kasterlee
84,Oudemolsedijk,2022-06-08,19:00:00,23,7,16,FMN GV 18 Kasterlee
84,Oudemolsedijk,2022-06-08,20:00:00,4,2,2,FMN GV 18 Kasterlee
84,Oudemolsedijk,2022-06-08,21:00:00,7,4,3,FMN GV 18 Kasterlee
84,Oudemolsedijk,2022-06-08,22:00:00,2,0,2,FMN GV 18 Kasterlee
84,Oudemolsedijk,2022-06-08,23:00:00,0,0,0,FMN GV 18 Kasterlee
84,Oudemolsedijk,2022-06-09,00:00:00,0,0,0,FMN GV 18 Kasterlee
84,Oudemolsedijk,2022-06-09,01:00:00,0,0,0,FMN GV 18 Kasterlee
84,Oudemolsedijk,2022-06-09,02:00:00,0,0,0,FMN GV 18 Kasterlee
84,Oudemolsedijk,2022-06-09,03:00:00,0,0,0,FMN GV 18 Kasterlee
84,Oudemolsedijk,2022-06-09,04:00:00,1,1,0,FMN GV 18 Kasterlee
84,Oudemolsedijk,2022-06-09,05:00:00,6,6,0,FMN GV 18 Kasterlee
84,Oudemolsedijk,2022-06-09,06:00:00,19,10,9,FMN GV 18 Kasterlee
84,Oudemolsedijk,2022-06-09,07:00:00,34,19,15,FMN GV 18 Kasterlee
84,Oudemolsedijk,2022-06-09,08:00:00,23,13,10,FMN GV 18 Kasterlee
84,Oudemolsedijk,2022-06-09,09:00:00,14,7,7,FMN GV 18 Kasterlee
84,Oudemolsedijk,2022-06-09,10:00:00,24,10,14,FMN GV 18 Kasterlee
84,Oudemolsedijk,2022-06-09,11:00:00,9,7,2,FMN GV 18 Kasterlee
84,Oudemolsedijk,2022-06-09,12:00:00,26,14,12,FMN GV 18 Kasterlee
84,Oudemolsedijk,2022-06-09,13:00:00,49,19,30,FMN GV 18 Kasterlee
84,Oudemolsedijk,2022-06-09,14:00:00,48,20,28,FMN GV 18 Kasterlee
84,Oudemolsedijk,2022-06-09,15:00:00,45,23,22,FMN GV 18 Kasterlee
84,Oudemolsedijk,2022-06-09,16:00:00,90,35,55,FMN GV 18 Kasterlee
84,Oudemolsedijk,2022-06-09,17:00:00,45,24,21,FMN GV 18 Kasterlee
84,Oudemolsedijk,2022-06-09,18:00:00,40,19,21,FMN GV 18 Kasterlee
84,Oudemolsedijk,2022-06-09,19:00:00,42,26,16,FMN GV 18 Kasterlee
84,Oudemolsedijk,2022-06-09,20:00:00,45,31,14,FMN GV 18 Kasterlee
84,Oudemolsedijk,2022-06-09,21:00:00,13,9,4,FMN GV 18 Kasterlee
84,Oudemolsedijk,2022-06-09,22:00:00,2,1,1,FMN GV 18 Kasterlee
84,Oudemolsedijk,2022-06-09,23:00:00,1,0,1,FMN GV 18 Kasterlee
84,Oudemolsedijk,2022-06-10,00:00:00,0,0,0,FMN GV 18 Kasterlee
84,Oudemolsedijk,2022-06-10,01:00:00,0,0,0,FMN GV 18 Kasterlee
84,Oudemolsedijk,2022-06-10,02:00:00,0,0,0,FMN GV 18 Kasterlee
84,Oudemolsedijk,2022-06-10,03:00:00,0,0,0,FMN GV 18 Kasterlee
84,Oudemolsedijk,2022-06-10,04:00:00,1,1,0,FMN GV 18 Kasterlee
84,Oudemolsedijk,2022-06-10,05:00:00,8,8,0,FMN GV 18 Kasterlee
84,Oudemolsedijk,2022-06-10,06:00:00,17,7,10,FMN GV 18 Kasterlee
84,Oudemolsedijk,2022-06-10,07:00:00,29,17,12,FMN GV 18 Kasterlee
84,Oudemolsedijk,2022-06-10,08:00:00,13,10,3,FMN GV 18 Kasterlee
84,Oudemolsedijk,2022-06-10,09:00:00,19,8,11,FMN GV 18 Kasterlee
84,Oudemolsedijk,2022-06-10,10:00:00,33,6,27,FMN GV 18 Kasterlee
84,Oudemolsedijk,2022-06-10,11:00:00,33,16,17,FMN GV 18 Kasterlee
84,Oudemolsedijk,2022-06-10,12:00:00,22,10,12,FMN GV 18 Kasterlee
84,Oudemolsedijk,2022-06-10,13:00:00,59,15,44,FMN GV 18 Kasterlee
84,Oudemolsedijk,2022-06-10,14:00:00,89,54,35,FMN GV 18 Kasterlee
84,Oudemolsedijk,2022-06-10,15:00:00,54,43,11,FMN GV 18 Kasterlee
84,Oudemolsedijk,2022-06-10,16:00:00,51,25,26,FMN GV 18 Kasterlee
84,Oudemolsedijk,2022-06-10,17:00:00,32,15,17,FMN GV 18 Kasterlee
84,Oudemolsedijk,2022-06-10,18:00:00,20,10,10,FMN GV 18 Kasterlee
84,Oudemolsedijk,2022-06-10,19:00:00,17,6,11,FMN GV 18 Kasterlee
84,Oudemolsedijk,2022-06-10,20:00:00,12,9,3,FMN GV 18 Kasterlee
84,Oudemolsedijk,2022-06-10,21:00:00,7,4,3,FMN GV 18 Kasterlee
84,Oudemolsedijk,2022-06-10,22:00:00,6,0,6,FMN GV 18 Kasterlee
84,Oudemolsedijk,2022-06-10,23:00:00,5,0,5,FMN GV 18 Kasterlee
84,Oudemolsedijk,2022-06-11,00:00:00,8,0,8,FMN GV 18 Kasterlee
84,Oudemolsedijk,2022-06-11,01:00:00,0,0,0,FMN GV 18 Kasterlee
84,Oudemolsedijk,2022-06-11,02:00:00,0,0,0,FMN GV 18 Kasterlee
84,Oudemolsedijk,2022-06-11,03:00:00,0,0,0,FMN GV 18 Kasterlee
84,Oudemolsedijk,2022-06-11,04:00:00,1,0,1,FMN GV 18 Kasterlee
84,Oudemolsedijk,2022-06-11,05:00:00,0,0,0,FMN GV 18 Kasterlee
84,Oudemolsedijk,2022-06-11,06:00:00,3,2,1,FMN GV 18 Kasterlee
84,Oudemolsedijk,2022-06-11,07:00:00,13,0,13,FMN GV 18 Kasterlee
84,Oudemolsedijk,2022-06-11,08:00:00,102,8,94,FMN GV 18 Kasterlee
84,Oudemolsedijk,2022-06-11,09:00:00,191,14,177,FMN GV 18 Kasterlee
84,Oudemolsedijk,2022-06-11,10:00:00,124,16,108,FMN GV 18 Kasterlee
84,Oudemolsedijk,2022-06-11,11:00:00,86,27,59,FMN GV 18 Kasterlee
84,Oudemolsedijk,2022-06-11,12:00:00,53,20,33,FMN GV 18 Kasterlee
84,Oudemolsedijk,2022-06-11,13:00:00,122,60,62,FMN GV 18 Kasterlee
84,Oudemolsedijk,2022-06-11,14:00:00,150,82,68,FMN GV 18 Kasterlee
84,Oudemolsedijk,2022-06-11,15:00:00,118,63,55,FMN GV 18 Kasterlee
84,Oudemolsedijk,2022-06-11,16:00:00,71,51,20,FMN GV 18 Kasterlee
84,Oudemolsedijk,2022-06-11,17:00:00,44,19,25,FMN GV 18 Kasterlee
84,Oudemolsedijk,2022-06-11,18:00:00,30,24,6,FMN GV 18 Kasterlee
84,Oudemolsedijk,2022-06-11,19:00:00,14,5,9,FMN GV 18 Kasterlee
84,Oudemolsedijk,2022-06-11,20:00:00,15,7,8,FMN GV 18 Kasterlee
84,Oudemolsedijk,2022-06-11,21:00:00,0,0,0,FMN GV 18 Kasterlee
84,Oudemolsedijk,2022-06-11,22:00:00,2,1,1,FMN GV 18 Kasterlee
84,Oudemolsedijk,2022-06-11,23:00:00,5,1,4,FMN GV 18 Kasterlee
84,Oudemolsedijk,2022-06-12,00:00:00,3,1,2,FMN GV 18 Kasterlee
84,Oudemolsedijk,2022-06-12,01:00:00,4,1,3,FMN GV 18 Kasterlee
84,Oudemolsedijk,2022-06-12,02:00:00,0,0,0,FMN GV 18 Kasterlee
84,Oudemolsedijk,2022-06-12,03:00:00,1,0,1,FMN GV 18 Kasterlee
84,Oudemolsedijk,2022-06-12,04:00:00,0,0,0,FMN GV 18 Kasterlee
84,Oudemolsedijk,2022-06-12,05:00:00,0,0,0,FMN GV 18 Kasterlee
84,Oudemolsedijk,2022-06-12,06:00:00,1,1,0,FMN GV 18 Kasterlee
84,Oudemolsedijk,2022-06-12,07:00:00,17,5,12,FMN GV 18 Kasterlee
84,Oudemolsedijk,2022-06-12,08:00:00,51,18,33,FMN GV 18 Kasterlee
84,Oudemolsedijk,2022-06-12,09:00:00,73,35,38,FMN GV 18 Kasterlee
84,Oudemolsedijk,2022-06-12,10:00:00,93,49,44,FMN GV 18 Kasterlee
84,Oudemolsedijk,2022-06-12,11:00:00,133,76,57,FMN GV 18 Kasterlee
84,Oudemolsedijk,2022-06-12,12:00:00,62,36,26,FMN GV 18 Kasterlee
84,Oudemolsedijk,2022-06-12,13:00:00,156,72,84,FMN GV 18 Kasterlee
84,Oudemolsedijk,2022-06-12,14:00:00,151,72,79,FMN GV 18 Kasterlee
84,Oudemolsedijk,2022-06-12,15:00:00,129,68,61,FMN GV 18 Kasterlee
84,Oudemolsedijk,2022-06-12,16:00:00,131,79,52,FMN GV 18 Kasterlee
84,Oudemolsedijk,2022-06-12,17:00:00,73,37,36,FMN GV 18 Kasterlee
84,Oudemolsedijk,2022-06-12,18:00:00,50,31,19,FMN GV 18 Kasterlee
84,Oudemolsedijk,2022-06-12,19:00:00,22,13,9,FMN GV 18 Kasterlee
84,Oudemolsedijk,2022-06-12,20:00:00,18,14,4,FMN GV 18 Kasterlee
84,Oudemolsedijk,2022-06-12,21:00:00,17,10,7,FMN GV 18 Kasterlee
84,Oudemolsedijk,2022-06-12,22:00:00,1,1,0,FMN GV 18 Kasterlee
84,Oudemolsedijk,2022-06-12,23:00:00,0,0,0,FMN GV 18 Kasterlee
84,Oudemolsedijk,2022-06-13,00:00:00,1,1,0,FMN GV 18 Kasterlee
84,Oudemolsedijk,2022-06-13,01:00:00,0,0,0,FMN GV 18 Kasterlee
84,Oudemolsedijk,2022-06-13,02:00:00,0,0,0,FMN GV 18 Kasterlee
84,Oudemolsedijk,2022-06-13,03:00:00,0,0,0,FMN GV 18 Kasterlee
84,Oudemolsedijk,2022-06-13,04:00:00,0,0,0,FMN GV 18 Kasterlee
84,Oudemolsedijk,2022-06-13,05:00:00,4,3,1,FMN GV 18 Kasterlee
84,Oudemolsedijk,2022-06-13,06:00:00,28,15,13,FMN GV 18 Kasterlee
84,Oudemolsedijk,2022-06-13,07:00:00,34,19,15,FMN GV 18 Kasterlee
84,Oudemolsedijk,2022-06-13,08:00:00,26,19,7,FMN GV 18 Kasterlee
84,Oudemolsedijk,2022-06-13,09:00:00,11,6,5,FMN GV 18 Kasterlee
84,Oudemolsedijk,2022-06-13,10:00:00,62,50,12,FMN GV 18 Kasterlee
84,Oudemolsedijk,2022-06-13,11:00:00,19,10,9,FMN GV 18 Kasterlee
84,Oudemolsedijk,2022-06-13,12:00:00,33,22,11,FMN GV 18 Kasterlee
84,Oudemolsedijk,2022-06-13,13:00:00,54,35,19,FMN GV 18 Kasterlee
84,Oudemolsedijk,2022-06-13,14:00:00,42,25,17,FMN GV 18 Kasterlee
84,Oudemolsedijk,2022-06-13,15:00:00,45,21,24,FMN GV 18 Kasterlee
84,Oudemolsedijk,2022-06-13,16:00:00,80,38,42,FMN GV 18 Kasterlee
84,Oudemolsedijk,2022-06-13,17:00:00,43,15,28,FMN GV 18 Kasterlee
84,Oudemolsedijk,2022-06-13,18:00:00,11,5,6,FMN GV 18 Kasterlee
84,Oudemolsedijk,2022-06-13,19:00:00,27,6,21,FMN GV 18 Kasterlee
84,Oudemolsedijk,2022-06-13,20:00:00,8,5,3,FMN GV 18 Kasterlee
84,Oudemolsedijk,2022-06-13,21:00:00,16,2,14,FMN GV 18 Kasterlee
84,Oudemolsedijk,2022-06-13,22:00:00,7,4,3,FMN GV 18 Kasterlee
84,Oudemolsedijk,2022-06-13,23:00:00,4,1,3,FMN GV 18 Kasterlee
84,Oudemolsedijk,2022-06-14,00:00:00,1,0,1,FMN GV 18 Kasterlee
84,Oudemolsedijk,2022-06-14,01:00:00,0,0,0,FMN GV 18 Kasterlee
84,Oudemolsedijk,2022-06-14,02:00:00,0,0,0,FMN GV 18 Kasterlee
84,Oudemolsedijk,2022-06-14,03:00:00,0,0,0,FMN GV 18 Kasterlee
84,Oudemolsedijk,2022-06-14,04:00:00,2,2,0,FMN GV 18 Kasterlee
84,Oudemolsedijk,2022-06-14,05:00:00,3,3,0,FMN GV 18 Kasterlee
84,Oudemolsedijk,2022-06-14,06:00:00,25,13,12,FMN GV 18 Kasterlee
84,Oudemolsedijk,2022-06-14,07:00:00,53,22,31,FMN GV 18 Kasterlee
84,Oudemolsedijk,2022-06-14,08:00:00,29,21,8,FMN GV 18 Kasterlee
84,Oudemolsedijk,2022-06-14,09:00:00,23,2,21,FMN GV 18 Kasterlee
84,Oudemolsedijk,2022-06-14,10:00:00,43,15,28,FMN GV 18 Kasterlee
84,Oudemolsedijk,2022-06-14,11:00:00,43,17,26,FMN GV 18 Kasterlee
84,Oudemolsedijk,2022-06-14,12:00:00,41,23,18,FMN GV 18 Kasterlee
84,Oudemolsedijk,2022-06-14,13:00:00,130,56,74,FMN GV 18 Kasterlee
84,Oudemolsedijk,2022-06-14,14:00:00,112,66,46,FMN GV 18 Kasterlee
84,Oudemolsedijk,2022-06-14,15:00:00,90,53,37,FMN GV 18 Kasterlee
84,Oudemolsedijk,2022-06-14,16:00:00,101,51,50,FMN GV 18 Kasterlee
84,Oudemolsedijk,2022-06-14,17:00:00,53,29,24,FMN GV 18 Kasterlee
84,Oudemolsedijk,2022-06-14,18:00:00,76,33,43,FMN GV 18 Kasterlee
84,Oudemolsedijk,2022-06-14,19:00:00,71,27,44,FMN GV 18 Kasterlee
84,Oudemolsedijk,2022-06-14,20:00:00,50,30,20,FMN GV 18 Kasterlee
84,Oudemolsedijk,2022-06-14,21:00:00,16,12,4,FMN GV 18 Kasterlee
84,Oudemolsedijk,2022-06-14,22:00:00,15,5,10,FMN GV 18 Kasterlee
84,Oudemolsedijk,2022-06-14,23:00:00,3,0,3,FMN GV 18 Kasterlee
84,Oudemolsedijk,2022-06-15,00:00:00,0,0,0,FMN GV 18 Kasterlee
84,Oudemolsedijk,2022-06-15,01:00:00,1,1,0,FMN GV 18 Kasterlee
84,Oudemolsedijk,2022-06-15,02:00:00,0,0,0,FMN GV 18 Kasterlee
84,Oudemolsedijk,2022-06-15,03:00:00,0,0,0,FMN GV 18 Kasterlee
84,Oudemolsedijk,2022-06-15,04:00:00,1,1,0,FMN GV 18 Kasterlee
84,Oudemolsedijk,2022-06-15,05:00:00,3,3,0,FMN GV 18 Kasterlee
84,Oudemolsedijk,2022-06-15,06:00:00,27,14,13,FMN GV 18 Kasterlee
84,Oudemolsedijk,2022-06-15,07:00:00,37,23,14,FMN GV 18 Kasterlee
84,Oudemolsedijk,2022-06-15,08:00:00,31,20,11,FMN GV 18 Kasterlee
84,Oudemolsedijk,2022-06-15,09:00:00,17,7,10,FMN GV 18 Kasterlee
84,Oudemolsedijk,2022-06-15,10:00:00,30,15,15,FMN GV 18 Kasterlee
84,Oudemolsedijk,2022-06-15,11:00:00,43,32,11,FMN GV 18 Kasterlee
84,Oudemolsedijk,2022-06-15,12:00:00,54,31,23,FMN GV 18 Kasterlee
84,Oudemolsedijk,2022-06-15,13:00:00,83,47,36,FMN GV 18 Kasterlee
84,Oudemolsedijk,2022-06-15,14:00:00,151,92,59,FMN GV 18 Kasterlee
84,Oudemolsedijk,2022-06-15,15:00:00,81,47,34,FMN GV 18 Kasterlee
84,Oudemolsedijk,2022-06-15,16:00:00,97,42,55,FMN GV 18 Kasterlee
84,Oudemolsedijk,2022-06-15,17:00:00,65,31,34,FMN GV 18 Kasterlee
84,Oudemolsedijk,2022-06-15,18:00:00,77,27,50,FMN GV 18 Kasterlee
84,Oudemolsedijk,2022-06-15,19:00:00,84,56,28,FMN GV 18 Kasterlee
84,Oudemolsedijk,2022-06-15,20:00:00,58,32,26,FMN GV 18 Kasterlee
84,Oudemolsedijk,2022-06-15,21:00:00,17,7,10,FMN GV 18 Kasterlee
84,Oudemolsedijk,2022-06-15,22:00:00,11,2,9,FMN GV 18 Kasterlee
84,Oudemolsedijk,2022-06-15,23:00:00,5,2,3,FMN GV 18 Kasterlee
84,Oudemolsedijk,2022-06-16,00:00:00,0,0,0,FMN GV 18 Kasterlee
84,Oudemolsedijk,2022-06-16,01:00:00,0,0,0,FMN GV 18 Kasterlee
84,Oudemolsedijk,2022-06-16,02:00:00,0,0,0,FMN GV 18 Kasterlee
84,Oudemolsedijk,2022-06-16,03:00:00,0,0,0,FMN GV 18 Kasterlee
84,Oudemolsedijk,2022-06-16,04:00:00,1,1,0,FMN GV 18 Kasterlee
84,Oudemolsedijk,2022-06-16,05:00:00,4,4,0,FMN GV 18 Kasterlee
84,Oudemolsedijk,2022-06-16,06:00:00,27,12,15,FMN GV 18 Kasterlee
84,Oudemolsedijk,2022-06-16,07:00:00,43,22,21,FMN GV 18 Kasterlee
84,Oudemolsedijk,2022-06-16,08:00:00,27,20,7,FMN GV 18 Kasterlee
84,Oudemolsedijk,2022-06-16,09:00:00,25,10,15,FMN GV 18 Kasterlee
84,Oudemolsedijk,2022-06-16,10:00:00,48,23,25,FMN GV 18 Kasterlee
84,Oudemolsedijk,2022-06-16,11:00:00,49,27,22,FMN GV 18 Kasterlee
84,Oudemolsedijk,2022-06-16,12:00:00,49,26,23,FMN GV 18 Kasterlee
84,Oudemolsedijk,2022-06-16,13:00:00,133,64,69,FMN GV 18 Kasterlee
84,Oudemolsedijk,2022-06-16,14:00:00,120,43,77,FMN GV 18 Kasterlee
84,Oudemolsedijk,2022-06-16,15:00:00,72,31,41,FMN GV 18 Kasterlee
84,Oudemolsedijk,2022-06-16,16:00:00,96,54,42,FMN GV 18 Kasterlee
84,Oudemolsedijk,2022-06-16,17:00:00,67,33,34,FMN GV 18 Kasterlee
84,Oudemolsedijk,2022-06-16,18:00:00,36,18,18,FMN GV 18 Kasterlee
84,Oudemolsedijk,2022-06-16,19:00:00,68,17,51,FMN GV 18 Kasterlee
84,Oudemolsedijk,2022-06-16,20:00:00,47,42,5,FMN GV 18 Kasterlee
84,Oudemolsedijk,2022-06-16,21:00:00,16,10,6,FMN GV 18 Kasterlee
84,Oudemolsedijk,2022-06-16,22:00:00,10,1,9,FMN GV 18 Kasterlee
84,Oudemolsedijk,2022-06-16,23:00:00,4,1,3,FMN GV 18 Kasterlee
84,Oudemolsedijk,2022-06-17,00:00:00,0,0,0,FMN GV 18 Kasterlee
84,Oudemolsedijk,2022-06-17,01:00:00,3,2,1,FMN GV 18 Kasterlee
84,Oudemolsedijk,2022-06-17,02:00:00,0,0,0,FMN GV 18 Kasterlee
84,Oudemolsedijk,2022-06-17,03:00:00,2,1,1,FMN GV 18 Kasterlee
84,Oudemolsedijk,2022-06-17,04:00:00,0,0,0,FMN GV 18 Kasterlee
84,Oudemolsedijk,2022-06-17,05:00:00,2,2,0,FMN GV 18 Kasterlee
84,Oudemolsedijk,2022-06-17,06:00:00,21,10,11,FMN GV 18 Kasterlee
84,Oudemolsedijk,2022-06-17,07:00:00,35,18,17,FMN GV 18 Kasterlee
84,Oudemolsedijk,2022-06-17,08:00:00,24,14,10,FMN GV 18 Kasterlee
84,Oudemolsedijk,2022-06-17,09:00:00,55,20,35,FMN GV 18 Kasterlee
84,Oudemolsedijk,2022-06-17,10:00:00,49,13,36,FMN GV 18 Kasterlee
84,Oudemolsedijk,2022-06-17,11:00:00,37,23,14,FMN GV 18 Kasterlee
84,Oudemolsedijk,2022-06-17,12:00:00,37,17,20,FMN GV 18 Kasterlee
84,Oudemolsedijk,2022-06-17,13:00:00,66,38,28,FMN GV 18 Kasterlee
84,Oudemolsedijk,2022-06-17,14:00:00,58,21,37,FMN GV 18 Kasterlee
84,Oudemolsedijk,2022-06-17,15:00:00,41,21,20,FMN GV 18 Kasterlee
84,Oudemolsedijk,2022-06-17,16:00:00,65,31,34,FMN GV 18 Kasterlee
84,Oudemolsedijk,2022-06-17,17:00:00,43,23,20,FMN GV 18 Kasterlee
84,Oudemolsedijk,2022-06-17,18:00:00,25,8,17,FMN GV 18 Kasterlee
84,Oudemolsedijk,2022-06-17,19:00:00,29,14,15,FMN GV 18 Kasterlee
84,Oudemolsedijk,2022-06-17,20:00:00,20,11,9,FMN GV 18 Kasterlee
84,Oudemolsedijk,2022-06-17,21:00:00,18,12,6,FMN GV 18 Kasterlee
84,Oudemolsedijk,2022-06-17,22:00:00,11,7,4,FMN GV 18 Kasterlee
84,Oudemolsedijk,2022-06-17,23:00:00,6,5,1,FMN GV 18 Kasterlee
84,Oudemolsedijk,2022-06-18,00:00:00,2,1,1,FMN GV 18 Kasterlee
84,Oudemolsedijk,2022-06-18,01:00:00,8,5,3,FMN GV 18 Kasterlee
84,Oudemolsedijk,2022-06-18,02:00:00,1,1,0,FMN GV 18 Kasterlee
84,Oudemolsedijk,2022-06-18,03:00:00,1,1,0,FMN GV 18 Kasterlee
84,Oudemolsedijk,2022-06-18,04:00:00,0,0,0,FMN GV 18 Kasterlee
84,Oudemolsedijk,2022-06-18,05:00:00,0,0,0,FMN GV 18 Kasterlee
84,Oudemolsedijk,2022-06-18,06:00:00,5,4,1,FMN GV 18 Kasterlee
84,Oudemolsedijk,2022-06-18,07:00:00,12,4,8,FMN GV 18 Kasterlee
84,Oudemolsedijk,2022-06-18,08:00:00,21,10,11,FMN GV 18 Kasterlee
84,Oudemolsedijk,2022-06-18,09:00:00,61,34,27,FMN GV 18 Kasterlee
84,Oudemolsedijk,2022-06-18,10:00:00,72,43,29,FMN GV 18 Kasterlee
84,Oudemolsedijk,2022-06-18,11:00:00,52,24,28,FMN GV 18 Kasterlee
84,Oudemolsedijk,2022-06-18,12:00:00,54,20,34,FMN GV 18 Kasterlee
84,Oudemolsedijk,2022-06-18,13:00:00,77,29,48,FMN GV 18 Kasterlee
84,Oudemolsedijk,2022-06-18,14:00:00,45,19,26,FMN GV 18 Kasterlee
84,Oudemolsedijk,2022-06-18,15:00:00,51,36,15,FMN GV 18 Kasterlee
84,Oudemolsedijk,2022-06-18,16:00:00,39,24,15,FMN GV 18 Kasterlee
84,Oudemolsedijk,2022-06-18,17:00:00,37,21,16,FMN GV 18 Kasterlee
84,Oudemolsedijk,2022-06-18,18:00:00,42,23,19,FMN GV 18 Kasterlee
84,Oudemolsedijk,2022-06-18,19:00:00,25,17,8,FMN GV 18 Kasterlee
84,Oudemolsedijk,2022-06-18,20:00:00,14,7,7,FMN GV 18 Kasterlee
84,Oudemolsedijk,2022-06-18,21:00:00,16,11,5,FMN GV 18 Kasterlee
84,Oudemolsedijk,2022-06-18,22:00:00,16,9,7,FMN GV 18 Kasterlee
84,Oudemolsedijk,2022-06-18,23:00:00,9,5,4,FMN GV 18 Kasterlee
84,Oudemolsedijk,2022-06-19,00:00:00,2,2,0,FMN GV 18 Kasterlee
84,Oudemolsedijk,2022-06-19,01:00:00,1,0,1,FMN GV 18 Kasterlee
84,Oudemolsedijk,2022-06-19,02:00:00,0,0,0,FMN GV 18 Kasterlee
84,Oudemolsedijk,2022-06-19,03:00:00,0,0,0,FMN GV 18 Kasterlee
84,Oudemolsedijk,2022-06-19,04:00:00,0,0,0,FMN GV 18 Kasterlee
84,Oudemolsedijk,2022-06-19,05:00:00,0,0,0,FMN GV 18 Kasterlee
84,Oudemolsedijk,2022-06-19,06:00:00,0,0,0,FMN GV 18 Kasterlee
84,Oudemolsedijk,2022-06-19,07:00:00,10,5,5,FMN GV 18 Kasterlee
84,Oudemolsedijk,2022-06-19,08:00:00,41,20,21,FMN GV 18 Kasterlee
84,Oudemolsedijk,2022-06-19,09:00:00,27,20,7,FMN GV 18 Kasterlee
84,Oudemolsedijk,2022-06-19,10:00:00,22,13,9,FMN GV 18 Kasterlee
84,Oudemolsedijk,2022-06-19,11:00:00,28,12,16,FMN GV 18 Kasterlee
84,Oudemolsedijk,2022-06-19,12:00:00,20,13,7,FMN GV 18 Kasterlee
84,Oudemolsedijk,2022-06-19,13:00:00,34,8,26,FMN GV 18 Kasterlee
84,Oudemolsedijk,2022-06-19,14:00:00,80,39,41,FMN GV 18 Kasterlee
84,Oudemolsedijk,2022-06-19,15:00:00,64,37,27,FMN GV 18 Kasterlee
84,Oudemolsedijk,2022-06-19,16:00:00,54,33,21,FMN GV 18 Kasterlee
84,Oudemolsedijk,2022-06-19,17:00:00,38,29,9,FMN GV 18 Kasterlee
84,Oudemolsedijk,2022-06-19,18:00:00,24,14,10,FMN GV 18 Kasterlee
84,Oudemolsedijk,2022-06-19,19:00:00,13,12,1,FMN GV 18 Kasterlee
84,Oudemolsedijk,2022-06-19,20:00:00,7,2,5,FMN GV 18 Kasterlee
84,Oudemolsedijk,2022-06-19,21:00:00,1,0,1,FMN GV 18 Kasterlee
84,Oudemolsedijk,2022-06-19,22:00:00,1,1,0,FMN GV 18 Kasterlee
84,Oudemolsedijk,2022-06-19,23:00:00,2,0,2,FMN GV 18 Kasterlee
84,Oudemolsedijk,2022-06-20,00:00:00,0,0,0,FMN GV 18 Kasterlee
84,Oudemolsedijk,2022-06-20,01:00:00,1,1,0,FMN GV 18 Kasterlee
84,Oudemolsedijk,2022-06-20,02:00:00,0,0,0,FMN GV 18 Kasterlee
84,Oudemolsedijk,2022-06-20,03:00:00,0,0,0,FMN GV 18 Kasterlee
84,Oudemolsedijk,2022-06-20,04:00:00,1,0,1,FMN GV 18 Kasterlee
84,Oudemolsedijk,2022-06-20,05:00:00,9,8,1,FMN GV 18 Kasterlee
84,Oudemolsedijk,2022-06-20,06:00:00,22,12,10,FMN GV 18 Kasterlee
84,Oudemolsedijk,2022-06-20,07:00:00,39,26,13,FMN GV 18 Kasterlee
84,Oudemolsedijk,2022-06-20,08:00:00,18,11,7,FMN GV 18 Kasterlee
84,Oudemolsedijk,2022-06-20,09:00:00,25,14,11,FMN GV 18 Kasterlee
84,Oudemolsedijk,2022-06-20,10:00:00,27,14,13,FMN GV 18 Kasterlee
84,Oudemolsedijk,2022-06-20,11:00:00,22,14,8,FMN GV 18 Kasterlee
84,Oudemolsedijk,2022-06-20,12:00:00,24,17,7,FMN GV 18 Kasterlee
84,Oudemolsedijk,2022-06-20,13:00:00,54,26,28,FMN GV 18 Kasterlee
84,Oudemolsedijk,2022-06-20,14:00:00,82,49,33,FMN GV 18 Kasterlee
84,Oudemolsedijk,2022-06-20,15:00:00,71,51,20,FMN GV 18 Kasterlee
84,Oudemolsedijk,2022-06-20,16:00:00,83,35,48,FMN GV 18 Kasterlee
84,Oudemolsedijk,2022-06-20,17:00:00,42,15,27,FMN GV 18 Kasterlee
84,Oudemolsedijk,2022-06-20,18:00:00,28,19,9,FMN GV 18 Kasterlee
84,Oudemolsedijk,2022-06-20,19:00:00,22,7,15,FMN GV 18 Kasterlee
84,Oudemolsedijk,2022-06-20,20:00:00,20,13,7,FMN GV 18 Kasterlee
84,Oudemolsedijk,2022-06-20,21:00:00,11,6,5,FMN GV 18 Kasterlee
84,Oudemolsedijk,2022-06-20,22:00:00,10,2,8,FMN GV 18 Kasterlee
84,Oudemolsedijk,2022-06-20,23:00:00,0,0,0,FMN GV 18 Kasterlee
84,Oudemolsedijk,2022-06-21,00:00:00,0,0,0,FMN GV 18 Kasterlee
84,Oudemolsedijk,2022-06-21,01:00:00,0,0,0,FMN GV 18 Kasterlee
84,Oudemolsedijk,2022-06-21,02:00:00,0,0,0,FMN GV 18 Kasterlee
84,Oudemolsedijk,2022-06-21,03:00:00,0,0,0,FMN GV 18 Kasterlee
84,Oudemolsedijk,2022-06-21,04:00:00,2,1,1,FMN GV 18 Kasterlee
84,Oudemolsedijk,2022-06-21,05:00:00,4,4,0,FMN GV 18 Kasterlee
84,Oudemolsedijk,2022-06-21,06:00:00,26,16,10,FMN GV 18 Kasterlee
84,Oudemolsedijk,2022-06-21,07:00:00,50,27,23,FMN GV 18 Kasterlee
84,Oudemolsedijk,2022-06-21,08:00:00,35,24,11,FMN GV 18 Kasterlee
84,Oudemolsedijk,2022-06-21,09:00:00,35,2,33,FMN GV 18 Kasterlee
84,Oudemolsedijk,2022-06-21,10:00:00,39,9,30,FMN GV 18 Kasterlee
84,Oudemolsedijk,2022-06-21,11:00:00,26,15,11,FMN GV 18 Kasterlee
84,Oudemolsedijk,2022-06-21,12:00:00,56,36,20,FMN GV 18 Kasterlee
84,Oudemolsedijk,2022-06-21,13:00:00,91,42,49,FMN GV 18 Kasterlee
84,Oudemolsedijk,2022-06-21,14:00:00,95,44,51,FMN GV 18 Kasterlee
84,Oudemolsedijk,2022-06-21,15:00:00,103,59,44,FMN GV 18 Kasterlee
84,Oudemolsedijk,2022-06-21,16:00:00,99,51,48,FMN GV 18 Kasterlee
84,Oudemolsedijk,2022-06-21,17:00:00,38,18,20,FMN GV 18 Kasterlee
84,Oudemolsedijk,2022-06-21,18:00:00,34,18,16,FMN GV 18 Kasterlee
84,Oudemolsedijk,2022-06-21,19:00:00,44,16,28,FMN GV 18 Kasterlee
84,Oudemolsedijk,2022-06-21,20:00:00,25,15,10,FMN GV 18 Kasterlee
84,Oudemolsedijk,2022-06-21,21:00:00,8,3,5,FMN GV 18 Kasterlee
84,Oudemolsedijk,2022-06-21,22:00:00,9,1,8,FMN GV 18 Kasterlee
84,Oudemolsedijk,2022-06-21,23:00:00,0,0,0,FMN GV 18 Kasterlee
84,Oudemolsedijk,2022-06-22,00:00:00,2,1,1,FMN GV 18 Kasterlee
84,Oudemolsedijk,2022-06-22,01:00:00,0,0,0,FMN GV 18 Kasterlee
84,Oudemolsedijk,2022-06-22,02:00:00,1,1,0,FMN GV 18 Kasterlee
84,Oudemolsedijk,2022-06-22,03:00:00,0,0,0,FMN GV 18 Kasterlee
84,Oudemolsedijk,2022-06-22,04:00:00,1,1,0,FMN GV 18 Kasterlee
84,Oudemolsedijk,2022-06-22,05:00:00,7,6,1,FMN GV 18 Kasterlee
84,Oudemolsedijk,2022-06-22,06:00:00,18,10,8,FMN GV 18 Kasterlee
84,Oudemolsedijk,2022-06-22,07:00:00,39,24,15,FMN GV 18 Kasterlee
84,Oudemolsedijk,2022-06-22,08:00:00,30,15,15,FMN GV 18 Kasterlee
84,Oudemolsedijk,2022-06-22,09:00:00,33,20,13,FMN GV 18 Kasterlee
84,Oudemolsedijk,2022-06-22,10:00:00,30,16,14,FMN GV 18 Kasterlee
84,Oudemolsedijk,2022-06-22,11:00:00,43,29,14,FMN GV 18 Kasterlee
84,Oudemolsedijk,2022-06-22,12:00:00,51,20,31,FMN GV 18 Kasterlee
84,Oudemolsedijk,2022-06-22,13:00:00,112,55,57,FMN GV 18 Kasterlee
84,Oudemolsedijk,2022-06-22,14:00:00,105,48,57,FMN GV 18 Kasterlee
84,Oudemolsedijk,2022-06-22,15:00:00,89,44,45,FMN GV 18 Kasterlee
84,Oudemolsedijk,2022-06-22,16:00:00,116,54,62,FMN GV 18 Kasterlee
84,Oudemolsedijk,2022-06-22,17:00:00,84,46,38,FMN GV 18 Kasterlee
84,Oudemolsedijk,2022-06-22,18:00:00,57,18,39,FMN GV 18 Kasterlee
84,Oudemolsedijk,2022-06-22,19:00:00,100,57,43,FMN GV 18 Kasterlee
84,Oudemolsedijk,2022-06-22,20:00:00,80,66,14,FMN GV 18 Kasterlee
84,Oudemolsedijk,2022-06-22,21:00:00,13,10,3,FMN GV 18 Kasterlee
84,Oudemolsedijk,2022-06-22,22:00:00,16,11,5,FMN GV 18 Kasterlee
84,Oudemolsedijk,2022-06-22,23:00:00,7,1,6,FMN GV 18 Kasterlee
84,Oudemolsedijk,2022-06-23,00:00:00,0,0,0,FMN GV 18 Kasterlee
84,Oudemolsedijk,2022-06-23,01:00:00,0,0,0,FMN GV 18 Kasterlee
84,Oudemolsedijk,2022-06-23,02:00:00,1,0,1,FMN GV 18 Kasterlee
84,Oudemolsedijk,2022-06-23,03:00:00,0,0,0,FMN GV 18 Kasterlee
84,Oudemolsedijk,2022-06-23,04:00:00,4,3,1,FMN GV 18 Kasterlee
84,Oudemolsedijk,2022-06-23,05:00:00,5,5,0,FMN GV 18 Kasterlee
84,Oudemolsedijk,2022-06-23,06:00:00,19,8,11,FMN GV 18 Kasterlee
84,Oudemolsedijk,2022-06-23,07:00:00,40,25,15,FMN GV 18 Kasterlee
84,Oudemolsedijk,2022-06-23,08:00:00,68,18,50,FMN GV 18 Kasterlee
84,Oudemolsedijk,2022-06-23,09:00:00,38,12,26,FMN GV 18 Kasterlee
84,Oudemolsedijk,2022-06-23,10:00:00,61,28,33,FMN GV 18 Kasterlee
84,Oudemolsedijk,2022-06-23,11:00:00,33,14,19,FMN GV 18 Kasterlee
84,Oudemolsedijk,2022-06-23,12:00:00,33,17,16,FMN GV 18 Kasterlee
84,Oudemolsedijk,2022-06-23,13:00:00,55,24,31,FMN GV 18 Kasterlee
84,Oudemolsedijk,2022-06-23,14:00:00,107,47,60,FMN GV 18 Kasterlee
84,Oudemolsedijk,2022-06-23,15:00:00,47,22,25,FMN GV 18 Kasterlee
84,Oudemolsedijk,2022-06-23,16:00:00,123,91,32,FMN GV 18 Kasterlee
84,Oudemolsedijk,2022-06-23,17:00:00,54,34,20,FMN GV 18 Kasterlee
84,Oudemolsedijk,2022-06-23,18:00:00,21,13,8,FMN GV 18 Kasterlee
84,Oudemolsedijk,2022-06-23,19:00:00,36,12,24,FMN GV 18 Kasterlee
84,Oudemolsedijk,2022-06-23,20:00:00,31,25,6,FMN GV 18 Kasterlee
84,Oudemolsedijk,2022-06-23,21:00:00,12,11,1,FMN GV 18 Kasterlee
84,Oudemolsedijk,2022-06-23,22:00:00,5,1,4,FMN GV 18 Kasterlee
84,Oudemolsedijk,2022-06-23,23:00:00,0,0,0,FMN GV 18 Kasterlee
84,Oudemolsedijk,2022-06-24,00:00:00,1,0,1,FMN GV 18 Kasterlee
84,Oudemolsedijk,2022-06-24,01:00:00,11,9,2,FMN GV 18 Kasterlee
84,Oudemolsedijk,2022-06-24,02:00:00,5,2,3,FMN GV 18 Kasterlee
84,Oudemolsedijk,2022-06-24,03:00:00,0,0,0,FMN GV 18 Kasterlee
84,Oudemolsedijk,2022-06-24,04:00:00,3,3,0,FMN GV 18 Kasterlee
84,Oudemolsedijk,2022-06-24,05:00:00,3,2,1,FMN GV 18 Kasterlee
84,Oudemolsedijk,2022-06-24,06:00:00,11,5,6,FMN GV 18 Kasterlee
84,Oudemolsedijk,2022-06-24,07:00:00,49,28,21,FMN GV 18 Kasterlee
84,Oudemolsedijk,2022-06-24,08:00:00,4,3,1,FMN GV 18 Kasterlee
84,Oudemolsedijk,2022-06-24,09:00:00,6,4,2,FMN GV 18 Kasterlee
84,Oudemolsedijk,2022-06-24,10:00:00,7,4,3,FMN GV 18 Kasterlee
84,Oudemolsedijk,2022-06-24,11:00:00,19,12,7,FMN GV 18 Kasterlee
84,Oudemolsedijk,2022-06-24,12:00:00,9,4,5,FMN GV 18 Kasterlee
84,Oudemolsedijk,2022-06-24,13:00:00,12,2,10,FMN GV 18 Kasterlee
84,Oudemolsedijk,2022-06-24,14:00:00,56,18,38,FMN GV 18 Kasterlee
84,Oudemolsedijk,2022-06-24,15:00:00,18,11,7,FMN GV 18 Kasterlee
84,Oudemolsedijk,2022-06-24,16:00:00,39,25,14,FMN GV 18 Kasterlee
84,Oudemolsedijk,2022-06-24,17:00:00,25,7,18,FMN GV 18 Kasterlee
84,Oudemolsedijk,2022-06-24,18:00:00,14,5,9,FMN GV 18 Kasterlee
84,Oudemolsedijk,2022-06-24,19:00:00,2,2,0,FMN GV 18 Kasterlee
84,Oudemolsedijk,2022-06-24,20:00:00,6,3,3,FMN GV 18 Kasterlee
84,Oudemolsedijk,2022-06-24,21:00:00,6,3,3,FMN GV 18 Kasterlee
84,Oudemolsedijk,2022-06-24,22:00:00,13,10,3,FMN GV 18 Kasterlee
84,Oudemolsedijk,2022-06-24,23:00:00,0,0,0,FMN GV 18 Kasterlee
84,Oudemolsedijk,2022-06-25,00:00:00,3,3,0,FMN GV 18 Kasterlee
84,Oudemolsedijk,2022-06-25,01:00:00,3,0,3,FMN GV 18 Kasterlee
84,Oudemolsedijk,2022-06-25,02:00:00,1,0,1,FMN GV 18 Kasterlee
84,Oudemolsedijk,2022-06-25,03:00:00,0,0,0,FMN GV 18 Kasterlee
84,Oudemolsedijk,2022-06-25,04:00:00,0,0,0,FMN GV 18 Kasterlee
84,Oudemolsedijk,2022-06-25,05:00:00,0,0,0,FMN GV 18 Kasterlee
84,Oudemolsedijk,2022-06-25,06:00:00,2,2,0,FMN GV 18 Kasterlee
84,Oudemolsedijk,2022-06-25,07:00:00,4,1,3,FMN GV 18 Kasterlee
84,Oudemolsedijk,2022-06-25,08:00:00,16,3,13,FMN GV 18 Kasterlee
84,Oudemolsedijk,2022-06-25,09:00:00,50,33,17,FMN GV 18 Kasterlee
84,Oudemolsedijk,2022-06-25,10:00:00,44,22,22,FMN GV 18 Kasterlee
84,Oudemolsedijk,2022-06-25,11:00:00,43,17,26,FMN GV 18 Kasterlee
84,Oudemolsedijk,2022-06-25,12:00:00,33,10,23,FMN GV 18 Kasterlee
84,Oudemolsedijk,2022-06-25,13:00:00,55,32,23,FMN GV 18 Kasterlee
84,Oudemolsedijk,2022-06-25,14:00:00,61,38,23,FMN GV 18 Kasterlee
84,Oudemolsedijk,2022-06-25,15:00:00,54,23,31,FMN GV 18 Kasterlee
84,Oudemolsedijk,2022-06-25,16:00:00,48,25,23,FMN GV 18 Kasterlee
84,Oudemolsedijk,2022-06-25,17:00:00,27,17,10,FMN GV 18 Kasterlee
84,Oudemolsedijk,2022-06-25,18:00:00,2,2,0,FMN GV 18 Kasterlee
84,Oudemolsedijk,2022-06-25,19:00:00,20,7,13,FMN GV 18 Kasterlee
84,Oudemolsedijk,2022-06-25,20:00:00,2,0,2,FMN GV 18 Kasterlee
84,Oudemolsedijk,2022-06-25,21:00:00,2,0,2,FMN GV 18 Kasterlee
84,Oudemolsedijk,2022-06-25,22:00:00,6,4,2,FMN GV 18 Kasterlee
84,Oudemolsedijk,2022-06-25,23:00:00,3,1,2,FMN GV 18 Kasterlee
84,Oudemolsedijk,2022-06-26,00:00:00,2,2,0,FMN GV 18 Kasterlee
84,Oudemolsedijk,2022-06-26,01:00:00,0,0,0,FMN GV 18 Kasterlee
84,Oudemolsedijk,2022-06-26,02:00:00,0,0,0,FMN GV 18 Kasterlee
84,Oudemolsedijk,2022-06-26,03:00:00,0,0,0,FMN GV 18 Kasterlee
84,Oudemolsedijk,2022-06-26,04:00:00,0,0,0,FMN GV 18 Kasterlee
84,Oudemolsedijk,2022-06-26,05:00:00,0,0,0,FMN GV 18 Kasterlee
84,Oudemolsedijk,2022-06-26,06:00:00,0,0,0,FMN GV 18 Kasterlee
84,Oudemolsedijk,2022-06-26,07:00:00,7,1,6,FMN GV 18 Kasterlee
84,Oudemolsedijk,2022-06-26,08:00:00,23,4,19,FMN GV 18 Kasterlee
84,Oudemolsedijk,2022-06-26,09:00:00,83,35,48,FMN GV 18 Kasterlee
84,Oudemolsedijk,2022-06-26,10:00:00,76,38,38,FMN GV 18 Kasterlee
84,Oudemolsedijk,2022-06-26,11:00:00,74,46,28,FMN GV 18 Kasterlee
84,Oudemolsedijk,2022-06-26,12:00:00,42,26,16,FMN GV 18 Kasterlee
84,Oudemolsedijk,2022-06-26,13:00:00,73,29,44,FMN GV 18 Kasterlee
84,Oudemolsedijk,2022-06-26,14:00:00,107,68,39,FMN GV 18 Kasterlee
84,Oudemolsedijk,2022-06-26,15:00:00,111,51,60,FMN GV 18 Kasterlee
84,Oudemolsedijk,2022-06-26,16:00:00,71,30,41,FMN GV 18 Kasterlee
84,Oudemolsedijk,2022-06-26,17:00:00,73,45,28,FMN GV 18 Kasterlee
84,Oudemolsedijk,2022-06-26,18:00:00,19,8,11,FMN GV 18 Kasterlee
84,Oudemolsedijk,2022-06-26,19:00:00,18,7,11,FMN GV 18 Kasterlee
84,Oudemolsedijk,2022-06-26,20:00:00,11,1,10,FMN GV 18 Kasterlee
84,Oudemolsedijk,2022-06-26,21:00:00,14,10,4,FMN GV 18 Kasterlee
84,Oudemolsedijk,2022-06-26,22:00:00,4,4,0,FMN GV 18 Kasterlee
84,Oudemolsedijk,2022-06-26,23:00:00,2,2,0,FMN GV 18 Kasterlee
84,Oudemolsedijk,2022-06-27,00:00:00,2,0,2,FMN GV 18 Kasterlee
84,Oudemolsedijk,2022-06-27,01:00:00,0,0,0,FMN GV 18 Kasterlee
84,Oudemolsedijk,2022-06-27,02:00:00,0,0,0,FMN GV 18 Kasterlee
84,Oudemolsedijk,2022-06-27,03:00:00,1,0,1,FMN GV 18 Kasterlee
84,Oudemolsedijk,2022-06-27,04:00:00,1,1,0,FMN GV 18 Kasterlee
84,Oudemolsedijk,2022-06-27,05:00:00,5,5,0,FMN GV 18 Kasterlee
84,Oudemolsedijk,2022-06-27,06:00:00,30,16,14,FMN GV 18 Kasterlee
84,Oudemolsedijk,2022-06-27,07:00:00,22,14,8,FMN GV 18 Kasterlee
84,Oudemolsedijk,2022-06-27,08:00:00,16,10,6,FMN GV 18 Kasterlee
84,Oudemolsedijk,2022-06-27,09:00:00,13,3,10,FMN GV 18 Kasterlee
84,Oudemolsedijk,2022-06-27,10:00:00,12,6,6,FMN GV 18 Kasterlee
84,Oudemolsedijk,2022-06-27,11:00:00,71,11,60,FMN GV 18 Kasterlee
84,Oudemolsedijk,2022-06-27,12:00:00,19,13,6,FMN GV 18 Kasterlee
84,Oudemolsedijk,2022-06-27,13:00:00,51,19,32,FMN GV 18 Kasterlee
84,Oudemolsedijk,2022-06-27,14:00:00,10,4,6,FMN GV 18 Kasterlee
84,Oudemolsedijk,2022-06-27,15:00:00,76,59,17,FMN GV 18 Kasterlee
84,Oudemolsedijk,2022-06-27,16:00:00,42,22,20,FMN GV 18 Kasterlee
84,Oudemolsedijk,2022-06-27,17:00:00,20,8,12,FMN GV 18 Kasterlee
84,Oudemolsedijk,2022-06-27,18:00:00,9,6,3,FMN GV 18 Kasterlee
84,Oudemolsedijk,2022-06-27,19:00:00,22,13,9,FMN GV 18 Kasterlee
84,Oudemolsedijk,2022-06-27,20:00:00,10,6,4,FMN GV 18 Kasterlee
84,Oudemolsedijk,2022-06-27,21:00:00,12,1,11,FMN GV 18 Kasterlee
84,Oudemolsedijk,2022-06-27,22:00:00,8,1,7,FMN GV 18 Kasterlee
84,Oudemolsedijk,2022-06-27,23:00:00,1,0,1,FMN GV 18 Kasterlee
84,Oudemolsedijk,2022-06-28,00:00:00,0,0,0,FMN GV 18 Kasterlee
84,Oudemolsedijk,2022-06-28,01:00:00,0,0,0,FMN GV 18 Kasterlee
84,Oudemolsedijk,2022-06-28,02:00:00,0,0,0,FMN GV 18 Kasterlee
84,Oudemolsedijk,2022-06-28,03:00:00,0,0,0,FMN GV 18 Kasterlee
84,Oudemolsedijk,2022-06-28,04:00:00,1,1,0,FMN GV 18 Kasterlee
84,Oudemolsedijk,2022-06-28,05:00:00,6,6,0,FMN GV 18 Kasterlee
84,Oudemolsedijk,2022-06-28,06:00:00,27,13,14,FMN GV 18 Kasterlee
84,Oudemolsedijk,2022-06-28,07:00:00,41,21,20,FMN GV 18 Kasterlee
84,Oudemolsedijk,2022-06-28,08:00:00,43,19,24,FMN GV 18 Kasterlee
84,Oudemolsedijk,2022-06-28,09:00:00,35,11,24,FMN GV 18 Kasterlee
84,Oudemolsedijk,2022-06-28,10:00:00,75,55,20,FMN GV 18 Kasterlee
84,Oudemolsedijk,2022-06-28,11:00:00,57,36,21,FMN GV 18 Kasterlee
84,Oudemolsedijk,2022-06-28,12:00:00,42,28,14,FMN GV 18 Kasterlee
84,Oudemolsedijk,2022-06-28,13:00:00,87,34,53,FMN GV 18 Kasterlee
84,Oudemolsedijk,2022-06-28,14:00:00,142,64,78,FMN GV 18 Kasterlee
84,Oudemolsedijk,2022-06-28,15:00:00,134,69,65,FMN GV 18 Kasterlee
84,Oudemolsedijk,2022-06-28,16:00:00,119,62,57,FMN GV 18 Kasterlee
84,Oudemolsedijk,2022-06-28,17:00:00,58,24,34,FMN GV 18 Kasterlee
84,Oudemolsedijk,2022-06-28,18:00:00,68,36,32,FMN GV 18 Kasterlee
84,Oudemolsedijk,2022-06-28,19:00:00,86,37,49,FMN GV 18 Kasterlee
84,Oudemolsedijk,2022-06-28,20:00:00,58,24,34,FMN GV 18 Kasterlee
84,Oudemolsedijk,2022-06-28,21:00:00,29,18,11,FMN GV 18 Kasterlee
84,Oudemolsedijk,2022-06-28,22:00:00,15,3,12,FMN GV 18 Kasterlee
84,Oudemolsedijk,2022-06-28,23:00:00,6,3,3,FMN GV 18 Kasterlee
84,Oudemolsedijk,2022-06-29,00:00:00,1,1,0,FMN GV 18 Kasterlee
84,Oudemolsedijk,2022-06-29,01:00:00,0,0,0,FMN GV 18 Kasterlee
84,Oudemolsedijk,2022-06-29,02:00:00,1,0,1,FMN GV 18 Kasterlee
84,Oudemolsedijk,2022-06-29,03:00:00,3,0,3,FMN GV 18 Kasterlee
84,Oudemolsedijk,2022-06-29,04:00:00,1,1,0,FMN GV 18 Kasterlee
84,Oudemolsedijk,2022-06-29,05:00:00,5,5,0,FMN GV 18 Kasterlee
84,Oudemolsedijk,2022-06-29,06:00:00,29,14,15,FMN GV 18 Kasterlee
84,Oudemolsedijk,2022-06-29,07:00:00,33,21,12,FMN GV 18 Kasterlee
84,Oudemolsedijk,2022-06-29,08:00:00,25,16,9,FMN GV 18 Kasterlee
84,Oudemolsedijk,2022-06-29,09:00:00,37,11,26,FMN GV 18 Kasterlee
84,Oudemolsedijk,2022-06-29,10:00:00,63,41,22,FMN GV 18 Kasterlee
84,Oudemolsedijk,2022-06-29,11:00:00,48,20,28,FMN GV 18 Kasterlee
84,Oudemolsedijk,2022-06-29,12:00:00,46,25,21,FMN GV 18 Kasterlee
84,Oudemolsedijk,2022-06-29,13:00:00,74,40,34,FMN GV 18 Kasterlee
84,Oudemolsedijk,2022-06-29,14:00:00,121,66,55,FMN GV 18 Kasterlee
84,Oudemolsedijk,2022-06-29,15:00:00,107,72,35,FMN GV 18 Kasterlee
84,Oudemolsedijk,2022-06-29,16:00:00,106,53,53,FMN GV 18 Kasterlee
84,Oudemolsedijk,2022-06-29,17:00:00,64,30,34,FMN GV 18 Kasterlee
84,Oudemolsedijk,2022-06-29,18:00:00,55,35,20,FMN GV 18 Kasterlee
84,Oudemolsedijk,2022-06-29,19:00:00,67,27,40,FMN GV 18 Kasterlee
84,Oudemolsedijk,2022-06-29,20:00:00,77,41,36,FMN GV 18 Kasterlee
84,Oudemolsedijk,2022-06-29,21:00:00,20,12,8,FMN GV 18 Kasterlee
84,Oudemolsedijk,2022-06-29,22:00:00,14,5,9,FMN GV 18 Kasterlee
84,Oudemolsedijk,2022-06-29,23:00:00,6,0,6,FMN GV 18 Kasterlee
84,Oudemolsedijk,2022-06-30,00:00:00,3,1,2,FMN GV 18 Kasterlee
84,Oudemolsedijk,2022-06-30,01:00:00,3,2,1,FMN GV 18 Kasterlee
84,Oudemolsedijk,2022-06-30,02:00:00,0,0,0,FMN GV 18 Kasterlee
84,Oudemolsedijk,2022-06-30,03:00:00,0,0,0,FMN GV 18 Kasterlee
84,Oudemolsedijk,2022-06-30,04:00:00,2,2,0,FMN GV 18 Kasterlee
84,Oudemolsedijk,2022-06-30,05:00:00,4,4,0,FMN GV 18 Kasterlee
84,Oudemolsedijk,2022-06-30,06:00:00,26,11,15,FMN GV 18 Kasterlee
84,Oudemolsedijk,2022-06-30,07:00:00,17,10,7,FMN GV 18 Kasterlee
84,Oudemolsedijk,2022-06-30,08:00:00,16,10,6,FMN GV 18 Kasterlee
84,Oudemolsedijk,2022-06-30,09:00:00,45,14,31,FMN GV 18 Kasterlee
84,Oudemolsedijk,2022-06-30,10:00:00,50,38,12,FMN GV 18 Kasterlee
84,Oudemolsedijk,2022-06-30,11:00:00,47,20,27,FMN GV 18 Kasterlee
84,Oudemolsedijk,2022-06-30,12:00:00,17,9,8,FMN GV 18 Kasterlee
84,Oudemolsedijk,2022-06-30,13:00:00,25,17,8,FMN GV 18 Kasterlee
84,Oudemolsedijk,2022-06-30,14:00:00,26,8,18,FMN GV 18 Kasterlee
84,Oudemolsedijk,2022-06-30,15:00:00,31,21,10,FMN GV 18 Kasterlee
84,Oudemolsedijk,2022-06-30,16:00:00,41,12,29,FMN GV 18 Kasterlee
84,Oudemolsedijk,2022-06-30,17:00:00,13,6,7,FMN GV 18 Kasterlee
84,Oudemolsedijk,2022-06-30,18:00:00,3,2,1,FMN GV 18 Kasterlee
84,Oudemolsedijk,2022-06-30,19:00:00,3,2,1,FMN GV 18 Kasterlee
84,Oudemolsedijk,2022-06-30,20:00:00,3,0,3,FMN GV 18 Kasterlee
84,Oudemolsedijk,2022-06-30,21:00:00,9,3,6,FMN GV 18 Kasterlee
84,Oudemolsedijk,2022-06-30,22:00:00,7,2,5,FMN GV 18 Kasterlee
84,Oudemolsedijk,2022-06-30,23:00:00,1,1,0,FMN GV 18 Kasterlee
84,Oudemolsedijk,2022-07-01,00:00:00,0,0,0,FMN GV 18 Kasterlee
84,Oudemolsedijk,2022-07-01,01:00:00,0,0,0,FMN GV 18 Kasterlee
84,Oudemolsedijk,2022-07-01,02:00:00,0,0,0,FMN GV 18 Kasterlee
84,Oudemolsedijk,2022-07-01,03:00:00,0,0,0,FMN GV 18 Kasterlee
84,Oudemolsedijk,2022-07-01,04:00:00,0,0,0,FMN GV 18 Kasterlee
84,Oudemolsedijk,2022-07-01,05:00:00,4,4,0,FMN GV 18 Kasterlee
84,Oudemolsedijk,2022-07-01,06:00:00,12,4,8,FMN GV 18 Kasterlee
84,Oudemolsedijk,2022-07-01,07:00:00,23,11,12,FMN GV 18 Kasterlee
84,Oudemolsedijk,2022-07-01,08:00:00,17,9,8,FMN GV 18 Kasterlee
84,Oudemolsedijk,2022-07-01,09:00:00,14,5,9,FMN GV 18 Kasterlee
84,Oudemolsedijk,2022-07-01,10:00:00,41,23,18,FMN GV 18 Kasterlee
84,Oudemolsedijk,2022-07-01,11:00:00,28,14,14,FMN GV 18 Kasterlee
84,Oudemolsedijk,2022-07-01,12:00:00,50,24,26,FMN GV 18 Kasterlee
84,Oudemolsedijk,2022-07-01,13:00:00,40,18,22,FMN GV 18 Kasterlee
84,Oudemolsedijk,2022-07-01,14:00:00,47,20,27,FMN GV 18 Kasterlee
84,Oudemolsedijk,2022-07-01,15:00:00,63,41,22,FMN GV 18 Kasterlee
84,Oudemolsedijk,2022-07-01,16:00:00,50,16,34,FMN GV 18 Kasterlee
84,Oudemolsedijk,2022-07-01,17:00:00,46,22,24,FMN GV 18 Kasterlee
84,Oudemolsedijk,2022-07-01,18:00:00,19,11,8,FMN GV 18 Kasterlee
84,Oudemolsedijk,2022-07-01,19:00:00,18,10,8,FMN GV 18 Kasterlee
84,Oudemolsedijk,2022-07-01,20:00:00,14,3,11,FMN GV 18 Kasterlee
84,Oudemolsedijk,2022-07-01,21:00:00,4,2,2,FMN GV 18 Kasterlee
84,Oudemolsedijk,2022-07-01,22:00:00,6,4,2,FMN GV 18 Kasterlee
84,Oudemolsedijk,2022-07-01,23:00:00,3,2,1,FMN GV 18 Kasterlee
84,Oudemolsedijk,2022-07-02,00:00:00,0,0,0,FMN GV 18 Kasterlee
84,Oudemolsedijk,2022-07-02,01:00:00,1,0,1,FMN GV 18 Kasterlee
84,Oudemolsedijk,2022-07-02,02:00:00,0,0,0,FMN GV 18 Kasterlee
84,Oudemolsedijk,2022-07-02,03:00:00,0,0,0,FMN GV 18 Kasterlee
84,Oudemolsedijk,2022-07-02,04:00:00,1,1,0,FMN GV 18 Kasterlee
84,Oudemolsedijk,2022-07-02,05:00:00,0,0,0,FMN GV 18 Kasterlee
84,Oudemolsedijk,2022-07-02,06:00:00,7,4,3,FMN GV 18 Kasterlee
84,Oudemolsedijk,2022-07-02,07:00:00,18,3,15,FMN GV 18 Kasterlee
84,Oudemolsedijk,2022-07-02,08:00:00,9,8,1,FMN GV 18 Kasterlee
84,Oudemolsedijk,2022-07-02,09:00:00,52,24,28,FMN GV 18 Kasterlee
84,Oudemolsedijk,2022-07-02,10:00:00,50,31,19,FMN GV 18 Kasterlee
84,Oudemolsedijk,2022-07-02,11:00:00,72,50,22,FMN GV 18 Kasterlee
84,Oudemolsedijk,2022-07-02,12:00:00,69,35,34,FMN GV 18 Kasterlee
84,Oudemolsedijk,2022-07-02,13:00:00,79,40,39,FMN GV 18 Kasterlee
84,Oudemolsedijk,2022-07-02,14:00:00,112,71,41,FMN GV 18 Kasterlee
84,Oudemolsedijk,2022-07-02,15:00:00,148,91,57,FMN GV 18 Kasterlee
84,Oudemolsedijk,2022-07-02,16:00:00,81,50,31,FMN GV 18 Kasterlee
84,Oudemolsedijk,2022-07-02,17:00:00,42,25,17,FMN GV 18 Kasterlee
84,Oudemolsedijk,2022-07-02,18:00:00,24,10,14,FMN GV 18 Kasterlee
84,Oudemolsedijk,2022-07-02,19:00:00,14,9,5,FMN GV 18 Kasterlee
84,Oudemolsedijk,2022-07-02,20:00:00,11,10,1,FMN GV 18 Kasterlee
84,Oudemolsedijk,2022-07-02,21:00:00,20,15,5,FMN GV 18 Kasterlee
84,Oudemolsedijk,2022-07-02,22:00:00,5,3,2,FMN GV 18 Kasterlee
84,Oudemolsedijk,2022-07-02,23:00:00,2,1,1,FMN GV 18 Kasterlee
84,Oudemolsedijk,2022-07-03,00:00:00,1,0,1,FMN GV 18 Kasterlee
84,Oudemolsedijk,2022-07-03,01:00:00,1,1,0,FMN GV 18 Kasterlee
84,Oudemolsedijk,2022-07-03,02:00:00,0,0,0,FMN GV 18 Kasterlee
84,Oudemolsedijk,2022-07-03,03:00:00,7,0,7,FMN GV 18 Kasterlee
84,Oudemolsedijk,2022-07-03,04:00:00,1,1,0,FMN GV 18 Kasterlee
84,Oudemolsedijk,2022-07-03,05:00:00,1,0,1,FMN GV 18 Kasterlee
84,Oudemolsedijk,2022-07-03,06:00:00,2,2,0,FMN GV 18 Kasterlee
84,Oudemolsedijk,2022-07-03,07:00:00,10,6,4,FMN GV 18 Kasterlee
84,Oudemolsedijk,2022-07-03,08:00:00,43,15,28,FMN GV 18 Kasterlee
84,Oudemolsedijk,2022-07-03,09:00:00,86,26,60,FMN GV 18 Kasterlee
84,Oudemolsedijk,2022-07-03,10:00:00,124,63,61,FMN GV 18 Kasterlee
84,Oudemolsedijk,2022-07-03,11:00:00,122,72,50,FMN GV 18 Kasterlee
84,Oudemolsedijk,2022-07-03,12:00:00,84,43,41,FMN GV 18 Kasterlee
84,Oudemolsedijk,2022-07-03,13:00:00,134,76,58,FMN GV 18 Kasterlee
84,Oudemolsedijk,2022-07-03,14:00:00,182,94,88,FMN GV 18 Kasterlee
84,Oudemolsedijk,2022-07-03,15:00:00,141,81,60,FMN GV 18 Kasterlee
84,Oudemolsedijk,2022-07-03,16:00:00,105,56,49,FMN GV 18 Kasterlee
84,Oudemolsedijk,2022-07-03,17:00:00,49,29,20,FMN GV 18 Kasterlee
84,Oudemolsedijk,2022-07-03,18:00:00,43,22,21,FMN GV 18 Kasterlee
84,Oudemolsedijk,2022-07-03,19:00:00,24,16,8,FMN GV 18 Kasterlee
84,Oudemolsedijk,2022-07-03,20:00:00,22,7,15,FMN GV 18 Kasterlee
84,Oudemolsedijk,2022-07-03,21:00:00,7,0,7,FMN GV 18 Kasterlee
84,Oudemolsedijk,2022-07-03,22:00:00,12,1,11,FMN GV 18 Kasterlee
84,Oudemolsedijk,2022-07-03,23:00:00,0,0,0,FMN GV 18 Kasterlee
84,Oudemolsedijk,2022-07-04,00:00:00,0,0,0,FMN GV 18 Kasterlee
84,Oudemolsedijk,2022-07-04,01:00:00,0,0,0,FMN GV 18 Kasterlee
84,Oudemolsedijk,2022-07-04,02:00:00,2,2,0,FMN GV 18 Kasterlee
84,Oudemolsedijk,2022-07-04,03:00:00,0,0,0,FMN GV 18 Kasterlee
84,Oudemolsedijk,2022-07-04,04:00:00,1,1,0,FMN GV 18 Kasterlee
84,Oudemolsedijk,2022-07-04,05:00:00,4,4,0,FMN GV 18 Kasterlee
84,Oudemolsedijk,2022-07-04,06:00:00,26,13,13,FMN GV 18 Kasterlee
84,Oudemolsedijk,2022-07-04,07:00:00,36,27,9,FMN GV 18 Kasterlee
84,Oudemolsedijk,2022-07-04,08:00:00,17,10,7,FMN GV 18 Kasterlee
84,Oudemolsedijk,2022-07-04,09:00:00,27,14,13,FMN GV 18 Kasterlee
84,Oudemolsedijk,2022-07-04,10:00:00,31,15,16,FMN GV 18 Kasterlee
84,Oudemolsedijk,2022-07-04,11:00:00,27,16,11,FMN GV 18 Kasterlee
84,Oudemolsedijk,2022-07-04,12:00:00,32,15,17,FMN GV 18 Kasterlee
84,Oudemolsedijk,2022-07-04,13:00:00,86,46,40,FMN GV 18 Kasterlee
84,Oudemolsedijk,2022-07-04,14:00:00,91,44,47,FMN GV 18 Kasterlee
84,Oudemolsedijk,2022-07-04,15:00:00,62,36,26,FMN GV 18 Kasterlee
84,Oudemolsedijk,2022-07-04,16:00:00,93,37,56,FMN GV 18 Kasterlee
84,Oudemolsedijk,2022-07-04,17:00:00,42,17,25,FMN GV 18 Kasterlee
84,Oudemolsedijk,2022-07-04,18:00:00,41,21,20,FMN GV 18 Kasterlee
84,Oudemolsedijk,2022-07-04,19:00:00,42,27,15,FMN GV 18 Kasterlee
84,Oudemolsedijk,2022-07-04,20:00:00,31,20,11,FMN GV 18 Kasterlee
84,Oudemolsedijk,2022-07-04,21:00:00,25,14,11,FMN GV 18 Kasterlee
84,Oudemolsedijk,2022-07-04,22:00:00,15,4,11,FMN GV 18 Kasterlee
84,Oudemolsedijk,2022-07-04,23:00:00,4,0,4,FMN GV 18 Kasterlee
84,Oudemolsedijk,2022-07-05,00:00:00,2,0,2,FMN GV 18 Kasterlee
84,Oudemolsedijk,2022-07-05,01:00:00,0,0,0,FMN GV 18 Kasterlee
84,Oudemolsedijk,2022-07-05,02:00:00,0,0,0,FMN GV 18 Kasterlee
84,Oudemolsedijk,2022-07-05,03:00:00,1,0,1,FMN GV 18 Kasterlee
84,Oudemolsedijk,2022-07-05,04:00:00,2,2,0,FMN GV 18 Kasterlee
84,Oudemolsedijk,2022-07-05,05:00:00,5,4,1,FMN GV 18 Kasterlee
84,Oudemolsedijk,2022-07-05,06:00:00,29,13,16,FMN GV 18 Kasterlee
84,Oudemolsedijk,2022-07-05,07:00:00,37,23,14,FMN GV 18 Kasterlee
84,Oudemolsedijk,2022-07-05,08:00:00,20,12,8,FMN GV 18 Kasterlee
84,Oudemolsedijk,2022-07-05,09:00:00,30,11,19,FMN GV 18 Kasterlee
84,Oudemolsedijk,2022-07-05,10:00:00,61,30,31,FMN GV 18 Kasterlee
84,Oudemolsedijk,2022-07-05,11:00:00,34,23,11,FMN GV 18 Kasterlee
84,Oudemolsedijk,2022-07-05,12:00:00,48,31,17,FMN GV 18 Kasterlee
84,Oudemolsedijk,2022-07-05,13:00:00,76,44,32,FMN GV 18 Kasterlee
84,Oudemolsedijk,2022-07-05,14:00:00,85,33,52,FMN GV 18 Kasterlee
84,Oudemolsedijk,2022-07-05,15:00:00,65,32,33,FMN GV 18 Kasterlee
84,Oudemolsedijk,2022-07-05,16:00:00,91,48,43,FMN GV 18 Kasterlee
84,Oudemolsedijk,2022-07-05,17:00:00,59,41,18,FMN GV 18 Kasterlee
84,Oudemolsedijk,2022-07-05,18:00:00,30,20,10,FMN GV 18 Kasterlee
84,Oudemolsedijk,2022-07-05,19:00:00,43,18,25,FMN GV 18 Kasterlee
84,Oudemolsedijk,2022-07-05,20:00:00,40,21,19,FMN GV 18 Kasterlee
84,Oudemolsedijk,2022-07-05,21:00:00,12,8,4,FMN GV 18 Kasterlee
84,Oudemolsedijk,2022-07-05,22:00:00,8,0,8,FMN GV 18 Kasterlee
84,Oudemolsedijk,2022-07-05,23:00:00,2,1,1,FMN GV 18 Kasterlee
84,Oudemolsedijk,2022-07-06,00:00:00,1,0,1,FMN GV 18 Kasterlee
84,Oudemolsedijk,2022-07-06,01:00:00,1,0,1,FMN GV 18 Kasterlee
84,Oudemolsedijk,2022-07-06,02:00:00,0,0,0,FMN GV 18 Kasterlee
84,Oudemolsedijk,2022-07-06,03:00:00,0,0,0,FMN GV 18 Kasterlee
84,Oudemolsedijk,2022-07-06,04:00:00,2,2,0,FMN GV 18 Kasterlee
84,Oudemolsedijk,2022-07-06,05:00:00,5,4,1,FMN GV 18 Kasterlee
84,Oudemolsedijk,2022-07-06,06:00:00,24,12,12,FMN GV 18 Kasterlee
84,Oudemolsedijk,2022-07-06,07:00:00,24,15,9,FMN GV 18 Kasterlee
84,Oudemolsedijk,2022-07-06,08:00:00,20,14,6,FMN GV 18 Kasterlee
84,Oudemolsedijk,2022-07-06,09:00:00,26,9,17,FMN GV 18 Kasterlee
84,Oudemolsedijk,2022-07-06,10:00:00,42,17,25,FMN GV 18 Kasterlee
84,Oudemolsedijk,2022-07-06,11:00:00,74,52,22,FMN GV 18 Kasterlee
84,Oudemolsedijk,2022-07-06,12:00:00,32,17,15,FMN GV 18 Kasterlee
84,Oudemolsedijk,2022-07-06,13:00:00,65,40,25,FMN GV 18 Kasterlee
84,Oudemolsedijk,2022-07-06,14:00:00,79,41,38,FMN GV 18 Kasterlee
84,Oudemolsedijk,2022-07-06,15:00:00,73,37,36,FMN GV 18 Kasterlee
84,Oudemolsedijk,2022-07-06,16:00:00,86,46,40,FMN GV 18 Kasterlee
84,Oudemolsedijk,2022-07-06,17:00:00,51,17,34,FMN GV 18 Kasterlee
84,Oudemolsedijk,2022-07-06,18:00:00,80,25,55,FMN GV 18 Kasterlee
84,Oudemolsedijk,2022-07-06,19:00:00,53,19,34,FMN GV 18 Kasterlee
84,Oudemolsedijk,2022-07-06,20:00:00,39,32,7,FMN GV 18 Kasterlee
84,Oudemolsedijk,2022-07-06,21:00:00,14,11,3,FMN GV 18 Kasterlee
84,Oudemolsedijk,2022-07-06,22:00:00,15,2,13,FMN GV 18 Kasterlee
84,Oudemolsedijk,2022-07-06,23:00:00,1,0,1,FMN GV 18 Kasterlee
84,Oudemolsedijk,2022-07-07,00:00:00,1,1,0,FMN GV 18 Kasterlee
84,Oudemolsedijk,2022-07-07,01:00:00,0,0,0,FMN GV 18 Kasterlee
84,Oudemolsedijk,2022-07-07,02:00:00,0,0,0,FMN GV 18 Kasterlee
84,Oudemolsedijk,2022-07-07,03:00:00,0,0,0,FMN GV 18 Kasterlee
84,Oudemolsedijk,2022-07-07,04:00:00,1,1,0,FMN GV 18 Kasterlee
84,Oudemolsedijk,2022-07-07,05:00:00,4,3,1,FMN GV 18 Kasterlee
84,Oudemolsedijk,2022-07-07,06:00:00,16,8,8,FMN GV 18 Kasterlee
84,Oudemolsedijk,2022-07-07,07:00:00,18,6,12,FMN GV 18 Kasterlee
84,Oudemolsedijk,2022-07-07,08:00:00,48,5,43,FMN GV 18 Kasterlee
84,Oudemolsedijk,2022-07-07,09:00:00,8,5,3,FMN GV 18 Kasterlee
84,Oudemolsedijk,2022-07-07,10:00:00,12,5,7,FMN GV 18 Kasterlee
84,Oudemolsedijk,2022-07-07,11:00:00,21,17,4,FMN GV 18 Kasterlee
84,Oudemolsedijk,2022-07-07,12:00:00,10,4,6,FMN GV 18 Kasterlee
84,Oudemolsedijk,2022-07-07,13:00:00,25,9,16,FMN GV 18 Kasterlee
84,Oudemolsedijk,2022-07-07,14:00:00,14,5,9,FMN GV 18 Kasterlee
84,Oudemolsedijk,2022-07-07,15:00:00,35,17,18,FMN GV 18 Kasterlee
84,Oudemolsedijk,2022-07-07,16:00:00,24,12,12,FMN GV 18 Kasterlee
84,Oudemolsedijk,2022-07-07,17:00:00,20,10,10,FMN GV 18 Kasterlee
84,Oudemolsedijk,2022-07-07,18:00:00,34,22,12,FMN GV 18 Kasterlee
84,Oudemolsedijk,2022-07-07,19:00:00,46,40,6,FMN GV 18 Kasterlee
84,Oudemolsedijk,2022-07-07,20:00:00,41,16,25,FMN GV 18 Kasterlee
84,Oudemolsedijk,2022-07-07,21:00:00,9,0,9,FMN GV 18 Kasterlee
84,Oudemolsedijk,2022-07-07,22:00:00,8,2,6,FMN GV 18 Kasterlee
84,Oudemolsedijk,2022-07-07,23:00:00,2,1,1,FMN GV 18 Kasterlee
84,Oudemolsedijk,2022-07-08,00:00:00,0,0,0,FMN GV 18 Kasterlee
84,Oudemolsedijk,2022-07-08,01:00:00,0,0,0,FMN GV 18 Kasterlee
84,Oudemolsedijk,2022-07-08,02:00:00,0,0,0,FMN GV 18 Kasterlee
84,Oudemolsedijk,2022-07-08,03:00:00,0,0,0,FMN GV 18 Kasterlee
84,Oudemolsedijk,2022-07-08,04:00:00,1,1,0,FMN GV 18 Kasterlee
84,Oudemolsedijk,2022-07-08,05:00:00,5,5,0,FMN GV 18 Kasterlee
84,Oudemolsedijk,2022-07-08,06:00:00,18,8,10,FMN GV 18 Kasterlee
84,Oudemolsedijk,2022-07-08,07:00:00,23,15,8,FMN GV 18 Kasterlee
84,Oudemolsedijk,2022-07-08,08:00:00,19,11,8,FMN GV 18 Kasterlee
84,Oudemolsedijk,2022-07-08,09:00:00,22,9,13,FMN GV 18 Kasterlee
84,Oudemolsedijk,2022-07-08,10:00:00,46,30,16,FMN GV 18 Kasterlee
84,Oudemolsedijk,2022-07-08,11:00:00,30,16,14,FMN GV 18 Kasterlee
84,Oudemolsedijk,2022-07-08,12:00:00,40,20,20,FMN GV 18 Kasterlee
84,Oudemolsedijk,2022-07-08,13:00:00,67,35,32,FMN GV 18 Kasterlee
84,Oudemolsedijk,2022-07-08,14:00:00,83,49,34,FMN GV 18 Kasterlee
84,Oudemolsedijk,2022-07-08,15:00:00,87,40,47,FMN GV 18 Kasterlee
84,Oudemolsedijk,2022-07-08,16:00:00,63,38,25,FMN GV 18 Kasterlee
84,Oudemolsedijk,2022-07-08,17:00:00,38,23,15,FMN GV 18 Kasterlee
84,Oudemolsedijk,2022-07-08,18:00:00,29,8,21,FMN GV 18 Kasterlee
84,Oudemolsedijk,2022-07-08,19:00:00,23,9,14,FMN GV 18 Kasterlee
84,Oudemolsedijk,2022-07-08,20:00:00,10,3,7,FMN GV 18 Kasterlee
84,Oudemolsedijk,2022-07-08,21:00:00,8,7,1,FMN GV 18 Kasterlee
84,Oudemolsedijk,2022-07-08,22:00:00,7,2,5,FMN GV 18 Kasterlee
84,Oudemolsedijk,2022-07-08,23:00:00,3,2,1,FMN GV 18 Kasterlee
84,Oudemolsedijk,2022-07-09,00:00:00,1,1,0,FMN GV 18 Kasterlee
84,Oudemolsedijk,2022-07-09,01:00:00,0,0,0,FMN GV 18 Kasterlee
84,Oudemolsedijk,2022-07-09,02:00:00,0,0,0,FMN GV 18 Kasterlee
84,Oudemolsedijk,2022-07-09,03:00:00,1,1,0,FMN GV 18 Kasterlee
84,Oudemolsedijk,2022-07-09,04:00:00,2,2,0,FMN GV 18 Kasterlee
84,Oudemolsedijk,2022-07-09,05:00:00,3,1,2,FMN GV 18 Kasterlee
84,Oudemolsedijk,2022-07-09,06:00:00,6,3,3,FMN GV 18 Kasterlee
84,Oudemolsedijk,2022-07-09,07:00:00,3,2,1,FMN GV 18 Kasterlee
84,Oudemolsedijk,2022-07-09,08:00:00,9,4,5,FMN GV 18 Kasterlee
84,Oudemolsedijk,2022-07-09,09:00:00,34,13,21,FMN GV 18 Kasterlee
84,Oudemolsedijk,2022-07-09,10:00:00,61,37,24,FMN GV 18 Kasterlee
84,Oudemolsedijk,2022-07-09,11:00:00,48,26,22,FMN GV 18 Kasterlee
84,Oudemolsedijk,2022-07-09,12:00:00,55,27,28,FMN GV 18 Kasterlee
84,Oudemolsedijk,2022-07-09,13:00:00,78,32,46,FMN GV 18 Kasterlee
84,Oudemolsedijk,2022-07-09,14:00:00,161,74,87,FMN GV 18 Kasterlee
84,Oudemolsedijk,2022-07-09,15:00:00,98,54,44,FMN GV 18 Kasterlee
84,Oudemolsedijk,2022-07-09,16:00:00,81,40,41,FMN GV 18 Kasterlee
84,Oudemolsedijk,2022-07-09,17:00:00,37,16,21,FMN GV 18 Kasterlee
84,Oudemolsedijk,2022-07-09,18:00:00,28,25,3,FMN GV 18 Kasterlee
84,Oudemolsedijk,2022-07-09,19:00:00,14,9,5,FMN GV 18 Kasterlee
84,Oudemolsedijk,2022-07-09,20:00:00,11,3,8,FMN GV 18 Kasterlee
84,Oudemolsedijk,2022-07-09,21:00:00,4,1,3,FMN GV 18 Kasterlee
84,Oudemolsedijk,2022-07-09,22:00:00,5,2,3,FMN GV 18 Kasterlee
84,Oudemolsedijk,2022-07-09,23:00:00,2,0,2,FMN GV 18 Kasterlee
84,Oudemolsedijk,2022-07-10,00:00:00,1,1,0,FMN GV 18 Kasterlee
84,Oudemolsedijk,2022-07-10,01:00:00,0,0,0,FMN GV 18 Kasterlee
84,Oudemolsedijk,2022-07-10,02:00:00,4,2,2,FMN GV 18 Kasterlee
84,Oudemolsedijk,2022-07-10,03:00:00,0,0,0,FMN GV 18 Kasterlee
84,Oudemolsedijk,2022-07-10,04:00:00,3,3,0,FMN GV 18 Kasterlee
84,Oudemolsedijk,2022-07-10,05:00:00,1,0,1,FMN GV 18 Kasterlee
84,Oudemolsedijk,2022-07-10,06:00:00,3,2,1,FMN GV 18 Kasterlee
84,Oudemolsedijk,2022-07-10,07:00:00,10,2,8,FMN GV 18 Kasterlee
84,Oudemolsedijk,2022-07-10,08:00:00,41,14,27,FMN GV 18 Kasterlee
84,Oudemolsedijk,2022-07-10,09:00:00,75,45,30,FMN GV 18 Kasterlee
84,Oudemolsedijk,2022-07-10,10:00:00,112,53,59,FMN GV 18 Kasterlee
84,Oudemolsedijk,2022-07-10,11:00:00,142,66,76,FMN GV 18 Kasterlee
84,Oudemolsedijk,2022-07-10,12:00:00,83,54,29,FMN GV 18 Kasterlee
84,Oudemolsedijk,2022-07-10,13:00:00,119,71,48,FMN GV 18 Kasterlee
84,Oudemolsedijk,2022-07-10,14:00:00,158,78,80,FMN GV 18 Kasterlee
84,Oudemolsedijk,2022-07-10,15:00:00,148,97,51,FMN GV 18 Kasterlee
84,Oudemolsedijk,2022-07-10,16:00:00,92,48,44,FMN GV 18 Kasterlee
84,Oudemolsedijk,2022-07-10,17:00:00,68,19,49,FMN GV 18 Kasterlee
84,Oudemolsedijk,2022-07-10,18:00:00,41,12,29,FMN GV 18 Kasterlee
84,Oudemolsedijk,2022-07-10,19:00:00,26,13,13,FMN GV 18 Kasterlee
84,Oudemolsedijk,2022-07-10,20:00:00,23,9,14,FMN GV 18 Kasterlee
84,Oudemolsedijk,2022-07-10,21:00:00,14,1,13,FMN GV 18 Kasterlee
84,Oudemolsedijk,2022-07-10,22:00:00,12,5,7,FMN GV 18 Kasterlee
84,Oudemolsedijk,2022-07-10,23:00:00,9,1,8,FMN GV 18 Kasterlee
84,Oudemolsedijk,2022-07-11,00:00:00,0,0,0,FMN GV 18 Kasterlee
84,Oudemolsedijk,2022-07-11,01:00:00,2,0,2,FMN GV 18 Kasterlee
84,Oudemolsedijk,2022-07-11,02:00:00,2,1,1,FMN GV 18 Kasterlee
84,Oudemolsedijk,2022-07-11,03:00:00,0,0,0,FMN GV 18 Kasterlee
84,Oudemolsedijk,2022-07-11,04:00:00,1,1,0,FMN GV 18 Kasterlee
84,Oudemolsedijk,2022-07-11,05:00:00,4,3,1,FMN GV 18 Kasterlee
84,Oudemolsedijk,2022-07-11,06:00:00,15,8,7,FMN GV 18 Kasterlee
84,Oudemolsedijk,2022-07-11,07:00:00,16,10,6,FMN GV 18 Kasterlee
84,Oudemolsedijk,2022-07-11,08:00:00,12,7,5,FMN GV 18 Kasterlee
84,Oudemolsedijk,2022-07-11,09:00:00,20,11,9,FMN GV 18 Kasterlee
84,Oudemolsedijk,2022-07-11,10:00:00,27,14,13,FMN GV 18 Kasterlee
84,Oudemolsedijk,2022-07-11,11:00:00,34,16,18,FMN GV 18 Kasterlee
84,Oudemolsedijk,2022-07-11,12:00:00,26,18,8,FMN GV 18 Kasterlee
84,Oudemolsedijk,2022-07-11,13:00:00,50,17,33,FMN GV 18 Kasterlee
84,Oudemolsedijk,2022-07-11,14:00:00,101,63,38,FMN GV 18 Kasterlee
84,Oudemolsedijk,2022-07-11,15:00:00,73,37,36,FMN GV 18 Kasterlee
84,Oudemolsedijk,2022-07-11,16:00:00,93,39,54,FMN GV 18 Kasterlee
84,Oudemolsedijk,2022-07-11,17:00:00,57,32,25,FMN GV 18 Kasterlee
84,Oudemolsedijk,2022-07-11,18:00:00,53,34,19,FMN GV 18 Kasterlee
84,Oudemolsedijk,2022-07-11,19:00:00,20,9,11,FMN GV 18 Kasterlee
84,Oudemolsedijk,2022-07-11,20:00:00,44,30,14,FMN GV 18 Kasterlee
84,Oudemolsedijk,2022-07-11,21:00:00,4,4,0,FMN GV 18 Kasterlee
84,Oudemolsedijk,2022-07-11,22:00:00,11,4,7,FMN GV 18 Kasterlee
84,Oudemolsedijk,2022-07-11,23:00:00,2,1,1,FMN GV 18 Kasterlee
84,Oudemolsedijk,2022-07-12,00:00:00,1,1,0,FMN GV 18 Kasterlee
84,Oudemolsedijk,2022-07-12,01:00:00,0,0,0,FMN GV 18 Kasterlee
84,Oudemolsedijk,2022-07-12,02:00:00,0,0,0,FMN GV 18 Kasterlee
84,Oudemolsedijk,2022-07-12,03:00:00,1,1,0,FMN GV 18 Kasterlee
84,Oudemolsedijk,2022-07-12,04:00:00,0,0,0,FMN GV 18 Kasterlee
84,Oudemolsedijk,2022-07-12,05:00:00,9,6,3,FMN GV 18 Kasterlee
84,Oudemolsedijk,2022-07-12,06:00:00,17,7,10,FMN GV 18 Kasterlee
84,Oudemolsedijk,2022-07-12,07:00:00,24,14,10,FMN GV 18 Kasterlee
84,Oudemolsedijk,2022-07-12,08:00:00,18,11,7,FMN GV 18 Kasterlee
84,Oudemolsedijk,2022-07-12,09:00:00,53,9,44,FMN GV 18 Kasterlee
84,Oudemolsedijk,2022-07-12,10:00:00,51,29,22,FMN GV 18 Kasterlee
84,Oudemolsedijk,2022-07-12,11:00:00,69,33,36,FMN GV 18 Kasterlee
84,Oudemolsedijk,2022-07-12,12:00:00,54,31,23,FMN GV 18 Kasterlee
84,Oudemolsedijk,2022-07-12,13:00:00,79,45,34,FMN GV 18 Kasterlee
84,Oudemolsedijk,2022-07-12,14:00:00,85,40,45,FMN GV 18 Kasterlee
84,Oudemolsedijk,2022-07-12,15:00:00,40,21,19,FMN GV 18 Kasterlee
84,Oudemolsedijk,2022-07-12,16:00:00,73,47,26,FMN GV 18 Kasterlee
84,Oudemolsedijk,2022-07-12,17:00:00,78,43,35,FMN GV 18 Kasterlee
84,Oudemolsedijk,2022-07-12,18:00:00,53,34,19,FMN GV 18 Kasterlee
84,Oudemolsedijk,2022-07-12,19:00:00,66,27,39,FMN GV 18 Kasterlee
84,Oudemolsedijk,2022-07-12,20:00:00,43,22,21,FMN GV 18 Kasterlee
84,Oudemolsedijk,2022-07-12,21:00:00,22,6,16,FMN GV 18 Kasterlee
84,Oudemolsedijk,2022-07-12,22:00:00,9,4,5,FMN GV 18 Kasterlee
84,Oudemolsedijk,2022-07-12,23:00:00,7,2,5,FMN GV 18 Kasterlee
84,Oudemolsedijk,2022-07-13,00:00:00,1,1,0,FMN GV 18 Kasterlee
84,Oudemolsedijk,2022-07-13,01:00:00,0,0,0,FMN GV 18 Kasterlee
84,Oudemolsedijk,2022-07-13,02:00:00,2,1,1,FMN GV 18 Kasterlee
84,Oudemolsedijk,2022-07-13,03:00:00,1,1,0,FMN GV 18 Kasterlee
84,Oudemolsedijk,2022-07-13,04:00:00,1,1,0,FMN GV 18 Kasterlee
84,Oudemolsedijk,2022-07-13,05:00:00,11,8,3,FMN GV 18 Kasterlee
84,Oudemolsedijk,2022-07-13,06:00:00,21,7,14,FMN GV 18 Kasterlee
84,Oudemolsedijk,2022-07-13,07:00:00,20,12,8,FMN GV 18 Kasterlee
84,Oudemolsedijk,2022-07-13,08:00:00,19,11,8,FMN GV 18 Kasterlee
84,Oudemolsedijk,2022-07-13,09:00:00,33,18,15,FMN GV 18 Kasterlee
84,Oudemolsedijk,2022-07-13,10:00:00,84,39,45,FMN GV 18 Kasterlee
84,Oudemolsedijk,2022-07-13,11:00:00,53,30,23,FMN GV 18 Kasterlee
84,Oudemolsedijk,2022-07-13,12:00:00,34,16,18,FMN GV 18 Kasterlee
84,Oudemolsedijk,2022-07-13,13:00:00,86,37,49,FMN GV 18 Kasterlee
84,Oudemolsedijk,2022-07-13,14:00:00,72,40,32,FMN GV 18 Kasterlee
84,Oudemolsedijk,2022-07-13,15:00:00,63,35,28,FMN GV 18 Kasterlee
84,Oudemolsedijk,2022-07-13,16:00:00,70,39,31,FMN GV 18 Kasterlee
84,Oudemolsedijk,2022-07-13,17:00:00,43,17,26,FMN GV 18 Kasterlee
84,Oudemolsedijk,2022-07-13,18:00:00,34,23,11,FMN GV 18 Kasterlee
84,Oudemolsedijk,2022-07-13,19:00:00,144,98,46,FMN GV 18 Kasterlee
84,Oudemolsedijk,2022-07-13,20:00:00,54,34,20,FMN GV 18 Kasterlee
84,Oudemolsedijk,2022-07-13,21:00:00,33,28,5,FMN GV 18 Kasterlee
84,Oudemolsedijk,2022-07-13,22:00:00,11,3,8,FMN GV 18 Kasterlee
84,Oudemolsedijk,2022-07-13,23:00:00,2,2,0,FMN GV 18 Kasterlee
84,Oudemolsedijk,2022-07-14,00:00:00,0,0,0,FMN GV 18 Kasterlee
84,Oudemolsedijk,2022-07-14,01:00:00,0,0,0,FMN GV 18 Kasterlee
84,Oudemolsedijk,2022-07-14,02:00:00,0,0,0,FMN GV 18 Kasterlee
84,Oudemolsedijk,2022-07-14,03:00:00,1,1,0,FMN GV 18 Kasterlee
84,Oudemolsedijk,2022-07-14,04:00:00,1,1,0,FMN GV 18 Kasterlee
84,Oudemolsedijk,2022-07-14,05:00:00,8,6,2,FMN GV 18 Kasterlee
84,Oudemolsedijk,2022-07-14,06:00:00,19,9,10,FMN GV 18 Kasterlee
84,Oudemolsedijk,2022-07-14,07:00:00,27,16,11,FMN GV 18 Kasterlee
84,Oudemolsedijk,2022-07-14,08:00:00,19,13,6,FMN GV 18 Kasterlee
84,Oudemolsedijk,2022-07-14,09:00:00,33,13,20,FMN GV 18 Kasterlee
84,Oudemolsedijk,2022-07-14,10:00:00,28,13,15,FMN GV 18 Kasterlee
84,Oudemolsedijk,2022-07-14,11:00:00,38,26,12,FMN GV 18 Kasterlee
84,Oudemolsedijk,2022-07-14,12:00:00,45,32,13,FMN GV 18 Kasterlee
84,Oudemolsedijk,2022-07-14,13:00:00,92,52,40,FMN GV 18 Kasterlee
84,Oudemolsedijk,2022-07-14,14:00:00,106,63,43,FMN GV 18 Kasterlee
84,Oudemolsedijk,2022-07-14,15:00:00,85,43,42,FMN GV 18 Kasterlee
84,Oudemolsedijk,2022-07-14,16:00:00,96,55,41,FMN GV 18 Kasterlee
84,Oudemolsedijk,2022-07-14,17:00:00,66,30,36,FMN GV 18 Kasterlee
84,Oudemolsedijk,2022-07-14,18:00:00,31,17,14,FMN GV 18 Kasterlee
84,Oudemolsedijk,2022-07-14,19:00:00,47,18,29,FMN GV 18 Kasterlee
84,Oudemolsedijk,2022-07-14,20:00:00,64,33,31,FMN GV 18 Kasterlee
84,Oudemolsedijk,2022-07-14,21:00:00,13,5,8,FMN GV 18 Kasterlee
84,Oudemolsedijk,2022-07-14,22:00:00,6,0,6,FMN GV 18 Kasterlee
84,Oudemolsedijk,2022-07-14,23:00:00,4,2,2,FMN GV 18 Kasterlee
84,Oudemolsedijk,2022-07-15,00:00:00,1,0,1,FMN GV 18 Kasterlee
84,Oudemolsedijk,2022-07-15,01:00:00,0,0,0,FMN GV 18 Kasterlee
84,Oudemolsedijk,2022-07-15,02:00:00,2,0,2,FMN GV 18 Kasterlee
84,Oudemolsedijk,2022-07-15,03:00:00,1,1,0,FMN GV 18 Kasterlee
84,Oudemolsedijk,2022-07-15,04:00:00,0,0,0,FMN GV 18 Kasterlee
84,Oudemolsedijk,2022-07-15,05:00:00,6,4,2,FMN GV 18 Kasterlee
84,Oudemolsedijk,2022-07-15,06:00:00,21,9,12,FMN GV 18 Kasterlee
84,Oudemolsedijk,2022-07-15,07:00:00,21,14,7,FMN GV 18 Kasterlee
84,Oudemolsedijk,2022-07-15,08:00:00,29,15,14,FMN GV 18 Kasterlee
84,Oudemolsedijk,2022-07-15,09:00:00,28,20,8,FMN GV 18 Kasterlee
84,Oudemolsedijk,2022-07-15,10:00:00,33,19,14,FMN GV 18 Kasterlee
84,Oudemolsedijk,2022-07-15,11:00:00,54,26,28,FMN GV 18 Kasterlee
84,Oudemolsedijk,2022-07-15,12:00:00,32,21,11,FMN GV 18 Kasterlee
84,Oudemolsedijk,2022-07-15,13:00:00,52,27,25,FMN GV 18 Kasterlee
84,Oudemolsedijk,2022-07-15,14:00:00,85,38,47,FMN GV 18 Kasterlee
84,Oudemolsedijk,2022-07-15,15:00:00,80,39,41,FMN GV 18 Kasterlee
84,Oudemolsedijk,2022-07-15,16:00:00,73,38,35,FMN GV 18 Kasterlee
84,Oudemolsedijk,2022-07-15,17:00:00,55,21,34,FMN GV 18 Kasterlee
84,Oudemolsedijk,2022-07-15,18:00:00,42,30,12,FMN GV 18 Kasterlee
84,Oudemolsedijk,2022-07-15,19:00:00,32,15,17,FMN GV 18 Kasterlee
84,Oudemolsedijk,2022-07-15,20:00:00,15,6,9,FMN GV 18 Kasterlee
84,Oudemolsedijk,2022-07-15,21:00:00,15,8,7,FMN GV 18 Kasterlee
84,Oudemolsedijk,2022-07-15,22:00:00,15,6,9,FMN GV 18 Kasterlee
84,Oudemolsedijk,2022-07-15,23:00:00,4,3,1,FMN GV 18 Kasterlee
84,Oudemolsedijk,2022-07-16,00:00:00,1,1,0,FMN GV 18 Kasterlee
84,Oudemolsedijk,2022-07-16,01:00:00,1,0,1,FMN GV 18 Kasterlee
84,Oudemolsedijk,2022-07-16,02:00:00,0,0,0,FMN GV 18 Kasterlee
84,Oudemolsedijk,2022-07-16,03:00:00,0,0,0,FMN GV 18 Kasterlee
84,Oudemolsedijk,2022-07-16,04:00:00,0,0,0,FMN GV 18 Kasterlee
84,Oudemolsedijk,2022-07-16,05:00:00,3,1,2,FMN GV 18 Kasterlee
84,Oudemolsedijk,2022-07-16,06:00:00,1,1,0,FMN GV 18 Kasterlee
84,Oudemolsedijk,2022-07-16,07:00:00,2,0,2,FMN GV 18 Kasterlee
84,Oudemolsedijk,2022-07-16,08:00:00,13,8,5,FMN GV 18 Kasterlee
84,Oudemolsedijk,2022-07-16,09:00:00,29,10,19,FMN GV 18 Kasterlee
84,Oudemolsedijk,2022-07-16,10:00:00,93,46,47,FMN GV 18 Kasterlee
84,Oudemolsedijk,2022-07-16,11:00:00,56,34,22,FMN GV 18 Kasterlee
84,Oudemolsedijk,2022-07-16,12:00:00,89,49,40,FMN GV 18 Kasterlee
84,Oudemolsedijk,2022-07-16,13:00:00,150,59,91,FMN GV 18 Kasterlee
84,Oudemolsedijk,2022-07-16,14:00:00,142,62,80,FMN GV 18 Kasterlee
84,Oudemolsedijk,2022-07-16,15:00:00,87,51,36,FMN GV 18 Kasterlee
84,Oudemolsedijk,2022-07-16,16:00:00,89,40,49,FMN GV 18 Kasterlee
84,Oudemolsedijk,2022-07-16,17:00:00,63,42,21,FMN GV 18 Kasterlee
84,Oudemolsedijk,2022-07-16,18:00:00,40,14,26,FMN GV 18 Kasterlee
84,Oudemolsedijk,2022-07-16,19:00:00,29,20,9,FMN GV 18 Kasterlee
84,Oudemolsedijk,2022-07-16,20:00:00,36,11,25,FMN GV 18 Kasterlee
84,Oudemolsedijk,2022-07-16,21:00:00,7,2,5,FMN GV 18 Kasterlee
84,Oudemolsedijk,2022-07-16,22:00:00,7,3,4,FMN GV 18 Kasterlee
84,Oudemolsedijk,2022-07-16,23:00:00,5,3,2,FMN GV 18 Kasterlee
84,Oudemolsedijk,2022-07-17,00:00:00,0,0,0,FMN GV 18 Kasterlee
84,Oudemolsedijk,2022-07-17,01:00:00,1,0,1,FMN GV 18 Kasterlee
84,Oudemolsedijk,2022-07-17,02:00:00,2,0,2,FMN GV 18 Kasterlee
84,Oudemolsedijk,2022-07-17,03:00:00,0,0,0,FMN GV 18 Kasterlee
84,Oudemolsedijk,2022-07-17,04:00:00,3,1,2,FMN GV 18 Kasterlee
84,Oudemolsedijk,2022-07-17,05:00:00,0,0,0,FMN GV 18 Kasterlee
84,Oudemolsedijk,2022-07-17,06:00:00,1,1,0,FMN GV 18 Kasterlee
84,Oudemolsedijk,2022-07-17,07:00:00,7,2,5,FMN GV 18 Kasterlee
84,Oudemolsedijk,2022-07-17,08:00:00,59,18,41,FMN GV 18 Kasterlee
84,Oudemolsedijk,2022-07-17,09:00:00,95,51,44,FMN GV 18 Kasterlee
84,Oudemolsedijk,2022-07-17,10:00:00,180,93,87,FMN GV 18 Kasterlee
84,Oudemolsedijk,2022-07-17,11:00:00,131,71,60,FMN GV 18 Kasterlee
84,Oudemolsedijk,2022-07-17,12:00:00,114,63,51,FMN GV 18 Kasterlee
84,Oudemolsedijk,2022-07-17,13:00:00,172,99,73,FMN GV 18 Kasterlee
84,Oudemolsedijk,2022-07-17,14:00:00,192,121,71,FMN GV 18 Kasterlee
84,Oudemolsedijk,2022-07-17,15:00:00,208,116,92,FMN GV 18 Kasterlee
84,Oudemolsedijk,2022-07-17,16:00:00,123,65,58,FMN GV 18 Kasterlee
84,Oudemolsedijk,2022-07-17,17:00:00,118,49,69,FMN GV 18 Kasterlee
84,Oudemolsedijk,2022-07-17,18:00:00,53,19,34,FMN GV 18 Kasterlee
84,Oudemolsedijk,2022-07-17,19:00:00,32,14,18,FMN GV 18 Kasterlee
84,Oudemolsedijk,2022-07-17,20:00:00,32,21,11,FMN GV 18 Kasterlee
84,Oudemolsedijk,2022-07-17,21:00:00,13,10,3,FMN GV 18 Kasterlee
84,Oudemolsedijk,2022-07-17,22:00:00,8,3,5,FMN GV 18 Kasterlee
84,Oudemolsedijk,2022-07-17,23:00:00,5,3,2,FMN GV 18 Kasterlee
84,Oudemolsedijk,2022-07-18,00:00:00,1,1,0,FMN GV 18 Kasterlee
84,Oudemolsedijk,2022-07-18,01:00:00,0,0,0,FMN GV 18 Kasterlee
84,Oudemolsedijk,2022-07-18,02:00:00,0,0,0,FMN GV 18 Kasterlee
84,Oudemolsedijk,2022-07-18,03:00:00,0,0,0,FMN GV 18 Kasterlee
84,Oudemolsedijk,2022-07-18,04:00:00,0,0,0,FMN GV 18 Kasterlee
84,Oudemolsedijk,2022-07-18,05:00:00,5,4,1,FMN GV 18 Kasterlee
84,Oudemolsedijk,2022-07-18,06:00:00,22,11,11,FMN GV 18 Kasterlee
84,Oudemolsedijk,2022-07-18,07:00:00,25,10,15,FMN GV 18 Kasterlee
84,Oudemolsedijk,2022-07-18,08:00:00,16,8,8,FMN GV 18 Kasterlee
84,Oudemolsedijk,2022-07-18,09:00:00,42,20,22,FMN GV 18 Kasterlee
84,Oudemolsedijk,2022-07-18,10:00:00,41,22,19,FMN GV 18 Kasterlee
84,Oudemolsedijk,2022-07-18,11:00:00,34,15,19,FMN GV 18 Kasterlee
84,Oudemolsedijk,2022-07-18,12:00:00,23,17,6,FMN GV 18 Kasterlee
84,Oudemolsedijk,2022-07-18,13:00:00,35,19,16,FMN GV 18 Kasterlee
84,Oudemolsedijk,2022-07-18,14:00:00,39,20,19,FMN GV 18 Kasterlee
84,Oudemolsedijk,2022-07-18,15:00:00,32,12,20,FMN GV 18 Kasterlee
84,Oudemolsedijk,2022-07-18,16:00:00,37,18,19,FMN GV 18 Kasterlee
84,Oudemolsedijk,2022-07-18,17:00:00,24,7,17,FMN GV 18 Kasterlee
84,Oudemolsedijk,2022-07-18,18:00:00,21,11,10,FMN GV 18 Kasterlee
84,Oudemolsedijk,2022-07-18,19:00:00,26,9,17,FMN GV 18 Kasterlee
84,Oudemolsedijk,2022-07-18,20:00:00,40,13,27,FMN GV 18 Kasterlee
84,Oudemolsedijk,2022-07-18,21:00:00,7,4,3,FMN GV 18 Kasterlee
84,Oudemolsedijk,2022-07-18,22:00:00,6,3,3,FMN GV 18 Kasterlee
84,Oudemolsedijk,2022-07-18,23:00:00,1,0,1,FMN GV 18 Kasterlee
84,Oudemolsedijk,2022-07-19,00:00:00,2,0,2,FMN GV 18 Kasterlee
84,Oudemolsedijk,2022-07-19,01:00:00,0,0,0,FMN GV 18 Kasterlee
84,Oudemolsedijk,2022-07-19,02:00:00,0,0,0,FMN GV 18 Kasterlee
84,Oudemolsedijk,2022-07-19,03:00:00,0,0,0,FMN GV 18 Kasterlee
84,Oudemolsedijk,2022-07-19,04:00:00,0,0,0,FMN GV 18 Kasterlee
84,Oudemolsedijk,2022-07-19,05:00:00,9,6,3,FMN GV 18 Kasterlee
84,Oudemolsedijk,2022-07-19,06:00:00,20,8,12,FMN GV 18 Kasterlee
84,Oudemolsedijk,2022-07-19,07:00:00,28,16,12,FMN GV 18 Kasterlee
84,Oudemolsedijk,2022-07-19,08:00:00,41,19,22,FMN GV 18 Kasterlee
84,Oudemolsedijk,2022-07-19,09:00:00,43,25,18,FMN GV 18 Kasterlee
84,Oudemolsedijk,2022-07-19,10:00:00,63,41,22,FMN GV 18 Kasterlee
84,Oudemolsedijk,2022-07-19,11:00:00,18,10,8,FMN GV 18 Kasterlee
84,Oudemolsedijk,2022-07-19,12:00:00,14,7,7,FMN GV 18 Kasterlee
84,Oudemolsedijk,2022-07-19,13:00:00,24,7,17,FMN GV 18 Kasterlee
84,Oudemolsedijk,2022-07-19,14:00:00,20,10,10,FMN GV 18 Kasterlee
84,Oudemolsedijk,2022-07-19,15:00:00,3,1,2,FMN GV 18 Kasterlee
84,Oudemolsedijk,2022-07-19,16:00:00,18,11,7,FMN GV 18 Kasterlee
84,Oudemolsedijk,2022-07-19,17:00:00,15,9,6,FMN GV 18 Kasterlee
84,Oudemolsedijk,2022-07-19,18:00:00,8,5,3,FMN GV 18 Kasterlee
84,Oudemolsedijk,2022-07-19,19:00:00,10,9,1,FMN GV 18 Kasterlee
84,Oudemolsedijk,2022-07-19,20:00:00,28,13,15,FMN GV 18 Kasterlee
84,Oudemolsedijk,2022-07-19,21:00:00,16,9,7,FMN GV 18 Kasterlee
84,Oudemolsedijk,2022-07-19,22:00:00,4,1,3,FMN GV 18 Kasterlee
84,Oudemolsedijk,2022-07-19,23:00:00,2,0,2,FMN GV 18 Kasterlee
84,Oudemolsedijk,2022-07-20,00:00:00,4,1,3,FMN GV 18 Kasterlee
84,Oudemolsedijk,2022-07-20,01:00:00,0,0,0,FMN GV 18 Kasterlee
84,Oudemolsedijk,2022-07-20,02:00:00,1,0,1,FMN GV 18 Kasterlee
84,Oudemolsedijk,2022-07-20,03:00:00,0,0,0,FMN GV 18 Kasterlee
84,Oudemolsedijk,2022-07-20,04:00:00,0,0,0,FMN GV 18 Kasterlee
84,Oudemolsedijk,2022-07-20,05:00:00,4,4,0,FMN GV 18 Kasterlee
84,Oudemolsedijk,2022-07-20,06:00:00,18,8,10,FMN GV 18 Kasterlee
84,Oudemolsedijk,2022-07-20,07:00:00,9,6,3,FMN GV 18 Kasterlee
84,Oudemolsedijk,2022-07-20,08:00:00,25,9,16,FMN GV 18 Kasterlee
84,Oudemolsedijk,2022-07-20,09:00:00,27,15,12,FMN GV 18 Kasterlee
84,Oudemolsedijk,2022-07-20,10:00:00,27,13,14,FMN GV 18 Kasterlee
84,Oudemolsedijk,2022-07-20,11:00:00,30,23,7,FMN GV 18 Kasterlee
84,Oudemolsedijk,2022-07-20,12:00:00,25,12,13,FMN GV 18 Kasterlee
84,Oudemolsedijk,2022-07-20,13:00:00,25,5,20,FMN GV 18 Kasterlee
84,Oudemolsedijk,2022-07-20,14:00:00,45,19,26,FMN GV 18 Kasterlee
84,Oudemolsedijk,2022-07-20,15:00:00,45,29,16,FMN GV 18 Kasterlee
84,Oudemolsedijk,2022-07-20,16:00:00,37,15,22,FMN GV 18 Kasterlee
84,Oudemolsedijk,2022-07-20,17:00:00,22,8,14,FMN GV 18 Kasterlee
84,Oudemolsedijk,2022-07-20,18:00:00,16,4,12,FMN GV 18 Kasterlee
84,Oudemolsedijk,2022-07-20,19:00:00,55,25,30,FMN GV 18 Kasterlee
84,Oudemolsedijk,2022-07-20,20:00:00,40,29,11,FMN GV 18 Kasterlee
84,Oudemolsedijk,2022-07-20,21:00:00,3,0,3,FMN GV 18 Kasterlee
84,Oudemolsedijk,2022-07-20,22:00:00,4,2,2,FMN GV 18 Kasterlee
84,Oudemolsedijk,2022-07-20,23:00:00,0,0,0,FMN GV 18 Kasterlee
84,Oudemolsedijk,2022-07-21,00:00:00,2,2,0,FMN GV 18 Kasterlee
84,Oudemolsedijk,2022-07-21,01:00:00,0,0,0,FMN GV 18 Kasterlee
84,Oudemolsedijk,2022-07-21,02:00:00,1,0,1,FMN GV 18 Kasterlee
84,Oudemolsedijk,2022-07-21,03:00:00,0,0,0,FMN GV 18 Kasterlee
84,Oudemolsedijk,2022-07-21,04:00:00,0,0,0,FMN GV 18 Kasterlee
84,Oudemolsedijk,2022-07-21,05:00:00,0,0,0,FMN GV 18 Kasterlee
84,Oudemolsedijk,2022-07-21,06:00:00,1,1,0,FMN GV 18 Kasterlee
84,Oudemolsedijk,2022-07-21,07:00:00,3,0,3,FMN GV 18 Kasterlee
84,Oudemolsedijk,2022-07-21,08:00:00,8,5,3,FMN GV 18 Kasterlee
84,Oudemolsedijk,2022-07-21,09:00:00,29,15,14,FMN GV 18 Kasterlee
84,Oudemolsedijk,2022-07-21,10:00:00,14,10,4,FMN GV 18 Kasterlee
84,Oudemolsedijk,2022-07-21,11:00:00,26,8,18,FMN GV 18 Kasterlee
84,Oudemolsedijk,2022-07-21,12:00:00,9,1,8,FMN GV 18 Kasterlee
84,Oudemolsedijk,2022-07-21,13:00:00,38,18,20,FMN GV 18 Kasterlee
84,Oudemolsedijk,2022-07-21,14:00:00,20,11,9,FMN GV 18 Kasterlee
84,Oudemolsedijk,2022-07-21,15:00:00,17,12,5,FMN GV 18 Kasterlee
84,Oudemolsedijk,2022-07-21,16:00:00,18,13,5,FMN GV 18 Kasterlee
84,Oudemolsedijk,2022-07-21,17:00:00,22,3,19,FMN GV 18 Kasterlee
84,Oudemolsedijk,2022-07-21,18:00:00,9,6,3,FMN GV 18 Kasterlee
84,Oudemolsedijk,2022-07-21,19:00:00,20,14,6,FMN GV 18 Kasterlee
84,Oudemolsedijk,2022-07-21,20:00:00,8,3,5,FMN GV 18 Kasterlee
84,Oudemolsedijk,2022-07-21,21:00:00,3,1,2,FMN GV 18 Kasterlee
84,Oudemolsedijk,2022-07-21,22:00:00,2,1,1,FMN GV 18 Kasterlee
84,Oudemolsedijk,2022-07-21,23:00:00,0,0,0,FMN GV 18 Kasterlee
84,Oudemolsedijk,2022-07-22,00:00:00,0,0,0,FMN GV 18 Kasterlee
84,Oudemolsedijk,2022-07-22,01:00:00,0,0,0,FMN GV 18 Kasterlee
84,Oudemolsedijk,2022-07-22,02:00:00,1,0,1,FMN GV 18 Kasterlee
84,Oudemolsedijk,2022-07-22,03:00:00,1,0,1,FMN GV 18 Kasterlee
84,Oudemolsedijk,2022-07-22,04:00:00,0,0,0,FMN GV 18 Kasterlee
84,Oudemolsedijk,2022-07-22,05:00:00,1,1,0,FMN GV 18 Kasterlee
84,Oudemolsedijk,2022-07-22,06:00:00,7,3,4,FMN GV 18 Kasterlee
84,Oudemolsedijk,2022-07-22,07:00:00,14,3,11,FMN GV 18 Kasterlee
84,Oudemolsedijk,2022-07-22,08:00:00,9,6,3,FMN GV 18 Kasterlee
84,Oudemolsedijk,2022-07-22,09:00:00,31,14,17,FMN GV 18 Kasterlee
84,Oudemolsedijk,2022-07-22,10:00:00,46,17,29,FMN GV 18 Kasterlee
84,Oudemolsedijk,2022-07-22,11:00:00,75,37,38,FMN GV 18 Kasterlee
84,Oudemolsedijk,2022-07-22,12:00:00,78,37,41,FMN GV 18 Kasterlee
84,Oudemolsedijk,2022-07-22,13:00:00,109,58,51,FMN GV 18 Kasterlee
84,Oudemolsedijk,2022-07-22,14:00:00,124,65,59,FMN GV 18 Kasterlee
84,Oudemolsedijk,2022-07-22,15:00:00,136,75,61,FMN GV 18 Kasterlee
84,Oudemolsedijk,2022-07-22,16:00:00,84,63,21,FMN GV 18 Kasterlee
84,Oudemolsedijk,2022-07-22,17:00:00,58,31,27,FMN GV 18 Kasterlee
84,Oudemolsedijk,2022-07-22,18:00:00,42,20,22,FMN GV 18 Kasterlee
84,Oudemolsedijk,2022-07-22,19:00:00,27,11,16,FMN GV 18 Kasterlee
84,Oudemolsedijk,2022-07-22,20:00:00,28,10,18,FMN GV 18 Kasterlee
84,Oudemolsedijk,2022-07-22,21:00:00,38,9,29,FMN GV 18 Kasterlee
84,Oudemolsedijk,2022-07-22,22:00:00,28,2,26,FMN GV 18 Kasterlee
84,Oudemolsedijk,2022-07-22,23:00:00,38,3,35,FMN GV 18 Kasterlee
84,Oudemolsedijk,2022-07-23,00:00:00,21,0,21,FMN GV 18 Kasterlee
84,Oudemolsedijk,2022-07-23,01:00:00,8,5,3,FMN GV 18 Kasterlee
84,Oudemolsedijk,2022-07-23,02:00:00,35,33,2,FMN GV 18 Kasterlee
84,Oudemolsedijk,2022-07-23,03:00:00,43,43,0,FMN GV 18 Kasterlee
84,Oudemolsedijk,2022-07-23,04:00:00,48,45,3,FMN GV 18 Kasterlee
84,Oudemolsedijk,2022-07-23,05:00:00,2,1,1,FMN GV 18 Kasterlee
84,Oudemolsedijk,2022-07-23,06:00:00,1,0,1,FMN GV 18 Kasterlee
84,Oudemolsedijk,2022-07-23,07:00:00,3,1,2,FMN GV 18 Kasterlee
84,Oudemolsedijk,2022-07-23,08:00:00,5,5,0,FMN GV 18 Kasterlee
84,Oudemolsedijk,2022-07-23,09:00:00,44,24,20,FMN GV 18 Kasterlee
84,Oudemolsedijk,2022-07-23,10:00:00,63,32,31,FMN GV 18 Kasterlee
84,Oudemolsedijk,2022-07-23,11:00:00,59,34,25,FMN GV 18 Kasterlee
84,Oudemolsedijk,2022-07-23,12:00:00,87,42,45,FMN GV 18 Kasterlee
84,Oudemolsedijk,2022-07-23,13:00:00,115,46,69,FMN GV 18 Kasterlee
84,Oudemolsedijk,2022-07-23,14:00:00,162,77,85,FMN GV 18 Kasterlee
84,Oudemolsedijk,2022-07-23,15:00:00,176,78,98,FMN GV 18 Kasterlee
84,Oudemolsedijk,2022-07-23,16:00:00,119,76,43,FMN GV 18 Kasterlee
84,Oudemolsedijk,2022-07-23,17:00:00,68,42,26,FMN GV 18 Kasterlee
84,Oudemolsedijk,2022-07-23,18:00:00,39,19,20,FMN GV 18 Kasterlee
84,Oudemolsedijk,2022-07-23,19:00:00,42,21,21,FMN GV 18 Kasterlee
84,Oudemolsedijk,2022-07-23,20:00:00,34,4,30,FMN GV 18 Kasterlee
84,Oudemolsedijk,2022-07-23,21:00:00,18,7,11,FMN GV 18 Kasterlee
84,Oudemolsedijk,2022-07-23,22:00:00,19,3,16,FMN GV 18 Kasterlee
84,Oudemolsedijk,2022-07-23,23:00:00,53,0,53,FMN GV 18 Kasterlee
84,Oudemolsedijk,2022-07-24,00:00:00,18,3,15,FMN GV 18 Kasterlee
84,Oudemolsedijk,2022-07-24,01:00:00,10,3,7,FMN GV 18 Kasterlee
84,Oudemolsedijk,2022-07-24,02:00:00,23,15,8,FMN GV 18 Kasterlee
84,Oudemolsedijk,2022-07-24,03:00:00,26,26,0,FMN GV 18 Kasterlee
84,Oudemolsedijk,2022-07-24,04:00:00,33,33,0,FMN GV 18 Kasterlee
84,Oudemolsedijk,2022-07-24,05:00:00,1,1,0,FMN GV 18 Kasterlee
84,Oudemolsedijk,2022-07-24,06:00:00,2,2,0,FMN GV 18 Kasterlee
84,Oudemolsedijk,2022-07-24,07:00:00,15,2,13,FMN GV 18 Kasterlee
84,Oudemolsedijk,2022-07-24,08:00:00,22,4,18,FMN GV 18 Kasterlee
84,Oudemolsedijk,2022-07-24,09:00:00,111,45,66,FMN GV 18 Kasterlee
84,Oudemolsedijk,2022-07-24,10:00:00,125,67,58,FMN GV 18 Kasterlee
84,Oudemolsedijk,2022-07-24,11:00:00,150,88,62,FMN GV 18 Kasterlee
84,Oudemolsedijk,2022-07-24,12:00:00,81,49,32,FMN GV 18 Kasterlee
84,Oudemolsedijk,2022-07-24,13:00:00,127,61,66,FMN GV 18 Kasterlee
84,Oudemolsedijk,2022-07-24,14:00:00,125,57,68,FMN GV 18 Kasterlee
84,Oudemolsedijk,2022-07-24,15:00:00,136,91,45,FMN GV 18 Kasterlee
84,Oudemolsedijk,2022-07-24,16:00:00,111,56,55,FMN GV 18 Kasterlee
84,Oudemolsedijk,2022-07-24,17:00:00,64,43,21,FMN GV 18 Kasterlee
84,Oudemolsedijk,2022-07-24,18:00:00,47,28,19,FMN GV 18 Kasterlee
84,Oudemolsedijk,2022-07-24,19:00:00,30,11,19,FMN GV 18 Kasterlee
84,Oudemolsedijk,2022-07-24,20:00:00,23,13,10,FMN GV 18 Kasterlee
84,Oudemolsedijk,2022-07-24,21:00:00,26,12,14,FMN GV 18 Kasterlee
84,Oudemolsedijk,2022-07-24,22:00:00,22,1,21,FMN GV 18 Kasterlee
84,Oudemolsedijk,2022-07-24,23:00:00,14,0,14,FMN GV 18 Kasterlee
84,Oudemolsedijk,2022-07-25,00:00:00,2,2,0,FMN GV 18 Kasterlee
84,Oudemolsedijk,2022-07-25,01:00:00,16,13,3,FMN GV 18 Kasterlee
84,Oudemolsedijk,2022-07-25,02:00:00,17,16,1,FMN GV 18 Kasterlee
84,Oudemolsedijk,2022-07-25,03:00:00,5,5,0,FMN GV 18 Kasterlee
84,Oudemolsedijk,2022-07-25,04:00:00,14,14,0,FMN GV 18 Kasterlee
84,Oudemolsedijk,2022-07-25,05:00:00,3,3,0,FMN GV 18 Kasterlee
84,Oudemolsedijk,2022-07-25,06:00:00,21,15,6,FMN GV 18 Kasterlee
84,Oudemolsedijk,2022-07-25,07:00:00,14,9,5,FMN GV 18 Kasterlee
84,Oudemolsedijk,2022-07-25,08:00:00,11,6,5,FMN GV 18 Kasterlee
84,Oudemolsedijk,2022-07-25,09:00:00,24,10,14,FMN GV 18 Kasterlee
84,Oudemolsedijk,2022-07-25,10:00:00,37,14,23,FMN GV 18 Kasterlee
84,Oudemolsedijk,2022-07-25,11:00:00,26,12,14,FMN GV 18 Kasterlee
84,Oudemolsedijk,2022-07-25,12:00:00,59,29,30,FMN GV 18 Kasterlee
84,Oudemolsedijk,2022-07-25,13:00:00,56,39,17,FMN GV 18 Kasterlee
84,Oudemolsedijk,2022-07-25,14:00:00,68,45,23,FMN GV 18 Kasterlee
84,Oudemolsedijk,2022-07-25,15:00:00,71,40,31,FMN GV 18 Kasterlee
84,Oudemolsedijk,2022-07-25,16:00:00,60,41,19,FMN GV 18 Kasterlee
84,Oudemolsedijk,2022-07-25,17:00:00,37,17,20,FMN GV 18 Kasterlee
84,Oudemolsedijk,2022-07-25,18:00:00,30,19,11,FMN GV 18 Kasterlee
84,Oudemolsedijk,2022-07-25,19:00:00,14,10,4,FMN GV 18 Kasterlee
84,Oudemolsedijk,2022-07-25,20:00:00,21,9,12,FMN GV 18 Kasterlee
84,Oudemolsedijk,2022-07-25,21:00:00,3,3,0,FMN GV 18 Kasterlee
84,Oudemolsedijk,2022-07-25,22:00:00,5,4,1,FMN GV 18 Kasterlee
84,Oudemolsedijk,2022-07-25,23:00:00,2,1,1,FMN GV 18 Kasterlee
84,Oudemolsedijk,2022-07-26,00:00:00,0,0,0,FMN GV 18 Kasterlee
84,Oudemolsedijk,2022-07-26,01:00:00,0,0,0,FMN GV 18 Kasterlee
84,Oudemolsedijk,2022-07-26,02:00:00,0,0,0,FMN GV 18 Kasterlee
84,Oudemolsedijk,2022-07-26,03:00:00,0,0,0,FMN GV 18 Kasterlee
84,Oudemolsedijk,2022-07-26,04:00:00,1,1,0,FMN GV 18 Kasterlee
84,Oudemolsedijk,2022-07-26,05:00:00,1,1,0,FMN GV 18 Kasterlee
84,Oudemolsedijk,2022-07-26,06:00:00,9,5,4,FMN GV 18 Kasterlee
84,Oudemolsedijk,2022-07-26,07:00:00,14,9,5,FMN GV 18 Kasterlee
84,Oudemolsedijk,2022-07-26,08:00:00,20,7,13,FMN GV 18 Kasterlee
84,Oudemolsedijk,2022-07-26,09:00:00,21,10,11,FMN GV 18 Kasterlee
84,Oudemolsedijk,2022-07-26,10:00:00,50,21,29,FMN GV 18 Kasterlee
84,Oudemolsedijk,2022-07-26,11:00:00,51,39,12,FMN GV 18 Kasterlee
84,Oudemolsedijk,2022-07-26,12:00:00,18,9,9,FMN GV 18 Kasterlee
84,Oudemolsedijk,2022-07-26,13:00:00,33,23,10,FMN GV 18 Kasterlee
84,Oudemolsedijk,2022-07-26,14:00:00,54,37,17,FMN GV 18 Kasterlee
84,Oudemolsedijk,2022-07-26,15:00:00,48,23,25,FMN GV 18 Kasterlee
84,Oudemolsedijk,2022-07-26,16:00:00,46,20,26,FMN GV 18 Kasterlee
84,Oudemolsedijk,2022-07-26,17:00:00,35,17,18,FMN GV 18 Kasterlee
84,Oudemolsedijk,2022-07-26,18:00:00,51,14,37,FMN GV 18 Kasterlee
84,Oudemolsedijk,2022-07-26,19:00:00,38,19,19,FMN GV 18 Kasterlee
84,Oudemolsedijk,2022-07-26,20:00:00,17,9,8,FMN GV 18 Kasterlee
84,Oudemolsedijk,2022-07-26,21:00:00,15,1,14,FMN GV 18 Kasterlee
84,Oudemolsedijk,2022-07-26,22:00:00,5,2,3,FMN GV 18 Kasterlee
84,Oudemolsedijk,2022-07-26,23:00:00,0,0,0,FMN GV 18 Kasterlee
84,Oudemolsedijk,2022-07-27,00:00:00,0,0,0,FMN GV 18 Kasterlee
84,Oudemolsedijk,2022-07-27,01:00:00,1,1,0,FMN GV 18 Kasterlee
84,Oudemolsedijk,2022-07-27,02:00:00,0,0,0,FMN GV 18 Kasterlee
84,Oudemolsedijk,2022-07-27,03:00:00,0,0,0,FMN GV 18 Kasterlee
84,Oudemolsedijk,2022-07-27,04:00:00,2,2,0,FMN GV 18 Kasterlee
84,Oudemolsedijk,2022-07-27,05:00:00,5,3,2,FMN GV 18 Kasterlee
84,Oudemolsedijk,2022-07-27,06:00:00,14,10,4,FMN GV 18 Kasterlee
84,Oudemolsedijk,2022-07-27,07:00:00,17,11,6,FMN GV 18 Kasterlee
84,Oudemolsedijk,2022-07-27,08:00:00,18,14,4,FMN GV 18 Kasterlee
84,Oudemolsedijk,2022-07-27,09:00:00,44,21,23,FMN GV 18 Kasterlee
84,Oudemolsedijk,2022-07-27,10:00:00,50,32,18,FMN GV 18 Kasterlee
84,Oudemolsedijk,2022-07-27,11:00:00,67,25,42,FMN GV 18 Kasterlee
84,Oudemolsedijk,2022-07-27,12:00:00,64,37,27,FMN GV 18 Kasterlee
84,Oudemolsedijk,2022-07-27,13:00:00,131,65,66,FMN GV 18 Kasterlee
84,Oudemolsedijk,2022-07-27,14:00:00,90,60,30,FMN GV 18 Kasterlee
84,Oudemolsedijk,2022-07-27,15:00:00,139,82,57,FMN GV 18 Kasterlee
84,Oudemolsedijk,2022-07-27,16:00:00,84,44,40,FMN GV 18 Kasterlee
84,Oudemolsedijk,2022-07-27,17:00:00,72,21,51,FMN GV 18 Kasterlee
84,Oudemolsedijk,2022-07-27,18:00:00,56,32,24,FMN GV 18 Kasterlee
84,Oudemolsedijk,2022-07-27,19:00:00,62,21,41,FMN GV 18 Kasterlee
84,Oudemolsedijk,2022-07-27,20:00:00,49,27,22,FMN GV 18 Kasterlee
84,Oudemolsedijk,2022-07-27,21:00:00,20,20,0,FMN GV 18 Kasterlee
84,Oudemolsedijk,2022-07-27,22:00:00,11,7,4,FMN GV 18 Kasterlee
84,Oudemolsedijk,2022-07-27,23:00:00,1,1,0,FMN GV 18 Kasterlee
84,Oudemolsedijk,2022-07-28,00:00:00,1,0,1,FMN GV 18 Kasterlee
84,Oudemolsedijk,2022-07-28,01:00:00,0,0,0,FMN GV 18 Kasterlee
84,Oudemolsedijk,2022-07-28,02:00:00,0,0,0,FMN GV 18 Kasterlee
84,Oudemolsedijk,2022-07-28,03:00:00,0,0,0,FMN GV 18 Kasterlee
84,Oudemolsedijk,2022-07-28,04:00:00,0,0,0,FMN GV 18 Kasterlee
84,Oudemolsedijk,2022-07-28,05:00:00,5,5,0,FMN GV 18 Kasterlee
84,Oudemolsedijk,2022-07-28,06:00:00,13,7,6,FMN GV 18 Kasterlee
84,Oudemolsedijk,2022-07-28,07:00:00,22,13,9,FMN GV 18 Kasterlee
84,Oudemolsedijk,2022-07-28,08:00:00,10,9,1,FMN GV 18 Kasterlee
84,Oudemolsedijk,2022-07-28,09:00:00,30,10,20,FMN GV 18 Kasterlee
84,Oudemolsedijk,2022-07-28,10:00:00,41,22,19,FMN GV 18 Kasterlee
84,Oudemolsedijk,2022-07-28,11:00:00,59,34,25,FMN GV 18 Kasterlee
84,Oudemolsedijk,2022-07-28,12:00:00,62,28,34,FMN GV 18 Kasterlee
84,Oudemolsedijk,2022-07-28,13:00:00,64,13,51,FMN GV 18 Kasterlee
84,Oudemolsedijk,2022-07-28,14:00:00,101,54,47,FMN GV 18 Kasterlee
84,Oudemolsedijk,2022-07-28,15:00:00,141,71,70,FMN GV 18 Kasterlee
84,Oudemolsedijk,2022-07-28,16:00:00,99,56,43,FMN GV 18 Kasterlee
84,Oudemolsedijk,2022-07-28,17:00:00,75,49,26,FMN GV 18 Kasterlee
84,Oudemolsedijk,2022-07-28,18:00:00,42,19,23,FMN GV 18 Kasterlee
84,Oudemolsedijk,2022-07-28,19:00:00,36,24,12,FMN GV 18 Kasterlee
84,Oudemolsedijk,2022-07-28,20:00:00,39,32,7,FMN GV 18 Kasterlee
84,Oudemolsedijk,2022-07-28,21:00:00,8,1,7,FMN GV 18 Kasterlee
84,Oudemolsedijk,2022-07-28,22:00:00,2,0,2,FMN GV 18 Kasterlee
84,Oudemolsedijk,2022-07-28,23:00:00,1,0,1,FMN GV 18 Kasterlee
84,Oudemolsedijk,2022-07-29,00:00:00,1,0,1,FMN GV 18 Kasterlee
84,Oudemolsedijk,2022-07-29,01:00:00,0,0,0,FMN GV 18 Kasterlee
84,Oudemolsedijk,2022-07-29,02:00:00,0,0,0,FMN GV 18 Kasterlee
84,Oudemolsedijk,2022-07-29,03:00:00,0,0,0,FMN GV 18 Kasterlee
84,Oudemolsedijk,2022-07-29,04:00:00,0,0,0,FMN GV 18 Kasterlee
84,Oudemolsedijk,2022-07-29,05:00:00,6,5,1,FMN GV 18 Kasterlee
84,Oudemolsedijk,2022-07-29,06:00:00,9,5,4,FMN GV 18 Kasterlee
84,Oudemolsedijk,2022-07-29,07:00:00,15,7,8,FMN GV 18 Kasterlee
84,Oudemolsedijk,2022-07-29,08:00:00,14,7,7,FMN GV 18 Kasterlee
84,Oudemolsedijk,2022-07-29,09:00:00,12,5,7,FMN GV 18 Kasterlee
84,Oudemolsedijk,2022-07-29,10:00:00,56,29,27,FMN GV 18 Kasterlee
84,Oudemolsedijk,2022-07-29,11:00:00,59,38,21,FMN GV 18 Kasterlee
84,Oudemolsedijk,2022-07-29,12:00:00,49,34,15,FMN GV 18 Kasterlee
84,Oudemolsedijk,2022-07-29,13:00:00,78,35,43,FMN GV 18 Kasterlee
84,Oudemolsedijk,2022-07-29,14:00:00,135,78,57,FMN GV 18 Kasterlee
84,Oudemolsedijk,2022-07-29,15:00:00,117,55,62,FMN GV 18 Kasterlee
84,Oudemolsedijk,2022-07-29,16:00:00,92,47,45,FMN GV 18 Kasterlee
84,Oudemolsedijk,2022-07-29,17:00:00,87,56,31,FMN GV 18 Kasterlee
84,Oudemolsedijk,2022-07-29,18:00:00,48,17,31,FMN GV 18 Kasterlee
84,Oudemolsedijk,2022-07-29,19:00:00,38,8,30,FMN GV 18 Kasterlee
84,Oudemolsedijk,2022-07-29,20:00:00,30,18,12,FMN GV 18 Kasterlee
84,Oudemolsedijk,2022-07-29,21:00:00,9,4,5,FMN GV 18 Kasterlee
84,Oudemolsedijk,2022-07-29,22:00:00,3,2,1,FMN GV 18 Kasterlee
84,Oudemolsedijk,2022-07-29,23:00:00,2,0,2,FMN GV 18 Kasterlee
84,Oudemolsedijk,2022-07-30,00:00:00,2,2,0,FMN GV 18 Kasterlee
84,Oudemolsedijk,2022-07-30,01:00:00,8,0,8,FMN GV 18 Kasterlee
84,Oudemolsedijk,2022-07-30,02:00:00,9,9,0,FMN GV 18 Kasterlee
84,Oudemolsedijk,2022-07-30,03:00:00,0,0,0,FMN GV 18 Kasterlee
84,Oudemolsedijk,2022-07-30,04:00:00,0,0,0,FMN GV 18 Kasterlee
84,Oudemolsedijk,2022-07-30,05:00:00,4,0,4,FMN GV 18 Kasterlee
84,Oudemolsedijk,2022-07-30,06:00:00,1,0,1,FMN GV 18 Kasterlee
84,Oudemolsedijk,2022-07-30,07:00:00,5,2,3,FMN GV 18 Kasterlee
84,Oudemolsedijk,2022-07-30,08:00:00,14,4,10,FMN GV 18 Kasterlee
84,Oudemolsedijk,2022-07-30,09:00:00,32,26,6,FMN GV 18 Kasterlee
84,Oudemolsedijk,2022-07-30,10:00:00,123,64,59,FMN GV 18 Kasterlee
84,Oudemolsedijk,2022-07-30,11:00:00,86,39,47,FMN GV 18 Kasterlee
84,Oudemolsedijk,2022-07-30,12:00:00,66,34,32,FMN GV 18 Kasterlee
84,Oudemolsedijk,2022-07-30,13:00:00,154,72,82,FMN GV 18 Kasterlee
84,Oudemolsedijk,2022-07-30,14:00:00,165,117,48,FMN GV 18 Kasterlee
84,Oudemolsedijk,2022-07-30,15:00:00,188,89,99,FMN GV 18 Kasterlee
84,Oudemolsedijk,2022-07-30,16:00:00,122,69,53,FMN GV 18 Kasterlee
84,Oudemolsedijk,2022-07-30,17:00:00,107,51,56,FMN GV 18 Kasterlee
84,Oudemolsedijk,2022-07-30,18:00:00,46,30,16,FMN GV 18 Kasterlee
84,Oudemolsedijk,2022-07-30,19:00:00,52,16,36,FMN GV 18 Kasterlee
84,Oudemolsedijk,2022-07-30,20:00:00,39,9,30,FMN GV 18 Kasterlee
84,Oudemolsedijk,2022-07-30,21:00:00,14,4,10,FMN GV 18 Kasterlee
84,Oudemolsedijk,2022-07-30,22:00:00,9,6,3,FMN GV 18 Kasterlee
84,Oudemolsedijk,2022-07-30,23:00:00,4,3,1,FMN GV 18 Kasterlee
84,Oudemolsedijk,2022-07-31,00:00:00,0,0,0,FMN GV 18 Kasterlee
84,Oudemolsedijk,2022-07-31,01:00:00,3,1,2,FMN GV 18 Kasterlee
84,Oudemolsedijk,2022-07-31,02:00:00,4,1,3,FMN GV 18 Kasterlee
84,Oudemolsedijk,2022-07-31,03:00:00,1,1,0,FMN GV 18 Kasterlee
84,Oudemolsedijk,2022-07-31,04:00:00,0,0,0,FMN GV 18 Kasterlee
84,Oudemolsedijk,2022-07-31,05:00:00,0,0,0,FMN GV 18 Kasterlee
84,Oudemolsedijk,2022-07-31,06:00:00,2,0,2,FMN GV 18 Kasterlee
84,Oudemolsedijk,2022-07-31,07:00:00,4,0,4,FMN GV 18 Kasterlee
84,Oudemolsedijk,2022-07-31,08:00:00,37,12,25,FMN GV 18 Kasterlee
84,Oudemolsedijk,2022-07-31,09:00:00,97,60,37,FMN GV 18 Kasterlee
84,Oudemolsedijk,2022-07-31,10:00:00,117,66,51,FMN GV 18 Kasterlee
84,Oudemolsedijk,2022-07-31,11:00:00,123,61,62,FMN GV 18 Kasterlee
84,Oudemolsedijk,2022-07-31,12:00:00,77,41,36,FMN GV 18 Kasterlee
84,Oudemolsedijk,2022-07-31,13:00:00,103,52,51,FMN GV 18 Kasterlee
84,Oudemolsedijk,2022-07-31,14:00:00,152,96,56,FMN GV 18 Kasterlee
84,Oudemolsedijk,2022-07-31,15:00:00,103,68,35,FMN GV 18 Kasterlee
84,Oudemolsedijk,2022-07-31,16:00:00,86,47,39,FMN GV 18 Kasterlee
84,Oudemolsedijk,2022-07-31,17:00:00,71,28,43,FMN GV 18 Kasterlee
84,Oudemolsedijk,2022-07-31,18:00:00,27,9,18,FMN GV 18 Kasterlee
84,Oudemolsedijk,2022-07-31,19:00:00,21,13,8,FMN GV 18 Kasterlee
84,Oudemolsedijk,2022-07-31,20:00:00,14,6,8,FMN GV 18 Kasterlee
84,Oudemolsedijk,2022-07-31,21:00:00,3,0,3,FMN GV 18 Kasterlee
84,Oudemolsedijk,2022-07-31,22:00:00,5,2,3,FMN GV 18 Kasterlee
84,Oudemolsedijk,2022-07-31,23:00:00,5,5,0,FMN GV 18 Kasterlee
84,Oudemolsedijk,2022-08-01,00:00:00,1,1,0,FMN GV 18 Kasterlee
84,Oudemolsedijk,2022-08-01,01:00:00,0,0,0,FMN GV 18 Kasterlee
84,Oudemolsedijk,2022-08-01,02:00:00,0,0,0,FMN GV 18 Kasterlee
84,Oudemolsedijk,2022-08-01,03:00:00,0,0,0,FMN GV 18 Kasterlee
84,Oudemolsedijk,2022-08-01,04:00:00,2,2,0,FMN GV 18 Kasterlee
84,Oudemolsedijk,2022-08-01,05:00:00,5,5,0,FMN GV 18 Kasterlee
84,Oudemolsedijk,2022-08-01,06:00:00,16,6,10,FMN GV 18 Kasterlee
84,Oudemolsedijk,2022-08-01,07:00:00,24,13,11,FMN GV 18 Kasterlee
84,Oudemolsedijk,2022-08-01,08:00:00,18,10,8,FMN GV 18 Kasterlee
84,Oudemolsedijk,2022-08-01,09:00:00,18,8,10,FMN GV 18 Kasterlee
84,Oudemolsedijk,2022-08-01,10:00:00,22,11,11,FMN GV 18 Kasterlee
84,Oudemolsedijk,2022-08-01,11:00:00,60,13,47,FMN GV 18 Kasterlee
84,Oudemolsedijk,2022-08-01,12:00:00,31,17,14,FMN GV 18 Kasterlee
84,Oudemolsedijk,2022-08-01,13:00:00,62,22,40,FMN GV 18 Kasterlee
84,Oudemolsedijk,2022-08-01,14:00:00,117,84,33,FMN GV 18 Kasterlee
84,Oudemolsedijk,2022-08-01,15:00:00,80,43,37,FMN GV 18 Kasterlee
84,Oudemolsedijk,2022-08-01,16:00:00,116,38,78,FMN GV 18 Kasterlee
84,Oudemolsedijk,2022-08-01,17:00:00,43,19,24,FMN GV 18 Kasterlee
84,Oudemolsedijk,2022-08-01,18:00:00,38,24,14,FMN GV 18 Kasterlee
84,Oudemolsedijk,2022-08-01,19:00:00,47,31,16,FMN GV 18 Kasterlee
84,Oudemolsedijk,2022-08-01,20:00:00,33,22,11,FMN GV 18 Kasterlee
84,Oudemolsedijk,2022-08-01,21:00:00,17,9,8,FMN GV 18 Kasterlee
84,Oudemolsedijk,2022-08-01,22:00:00,3,1,2,FMN GV 18 Kasterlee
84,Oudemolsedijk,2022-08-01,23:00:00,2,0,2,FMN GV 18 Kasterlee
84,Oudemolsedijk,2022-08-02,00:00:00,0,0,0,FMN GV 18 Kasterlee
84,Oudemolsedijk,2022-08-02,01:00:00,0,0,0,FMN GV 18 Kasterlee
84,Oudemolsedijk,2022-08-02,02:00:00,0,0,0,FMN GV 18 Kasterlee
84,Oudemolsedijk,2022-08-02,03:00:00,0,0,0,FMN GV 18 Kasterlee
84,Oudemolsedijk,2022-08-02,04:00:00,1,1,0,FMN GV 18 Kasterlee
84,Oudemolsedijk,2022-08-02,05:00:00,11,9,2,FMN GV 18 Kasterlee
84,Oudemolsedijk,2022-08-02,06:00:00,27,17,10,FMN GV 18 Kasterlee
84,Oudemolsedijk,2022-08-02,07:00:00,30,15,15,FMN GV 18 Kasterlee
84,Oudemolsedijk,2022-08-02,08:00:00,29,10,19,FMN GV 18 Kasterlee
84,Oudemolsedijk,2022-08-02,09:00:00,38,11,27,FMN GV 18 Kasterlee
84,Oudemolsedijk,2022-08-02,10:00:00,46,25,21,FMN GV 18 Kasterlee
84,Oudemolsedijk,2022-08-02,11:00:00,64,21,43,FMN GV 18 Kasterlee
84,Oudemolsedijk,2022-08-02,12:00:00,83,52,31,FMN GV 18 Kasterlee
84,Oudemolsedijk,2022-08-02,13:00:00,119,51,68,FMN GV 18 Kasterlee
84,Oudemolsedijk,2022-08-02,14:00:00,114,60,54,FMN GV 18 Kasterlee
84,Oudemolsedijk,2022-08-02,15:00:00,106,69,37,FMN GV 18 Kasterlee
84,Oudemolsedijk,2022-08-02,16:00:00,100,63,37,FMN GV 18 Kasterlee
84,Oudemolsedijk,2022-08-02,17:00:00,120,73,47,FMN GV 18 Kasterlee
84,Oudemolsedijk,2022-08-02,18:00:00,44,22,22,FMN GV 18 Kasterlee
84,Oudemolsedijk,2022-08-02,19:00:00,68,24,44,FMN GV 18 Kasterlee
84,Oudemolsedijk,2022-08-02,20:00:00,56,36,20,FMN GV 18 Kasterlee
84,Oudemolsedijk,2022-08-02,21:00:00,13,6,7,FMN GV 18 Kasterlee
84,Oudemolsedijk,2022-08-02,22:00:00,14,4,10,FMN GV 18 Kasterlee
84,Oudemolsedijk,2022-08-02,23:00:00,5,2,3,FMN GV 18 Kasterlee
84,Oudemolsedijk,2022-08-03,00:00:00,0,0,0,FMN GV 18 Kasterlee
84,Oudemolsedijk,2022-08-03,01:00:00,2,2,0,FMN GV 18 Kasterlee
84,Oudemolsedijk,2022-08-03,02:00:00,1,0,1,FMN GV 18 Kasterlee
84,Oudemolsedijk,2022-08-03,03:00:00,0,0,0,FMN GV 18 Kasterlee
84,Oudemolsedijk,2022-08-03,04:00:00,2,2,0,FMN GV 18 Kasterlee
84,Oudemolsedijk,2022-08-03,05:00:00,8,7,1,FMN GV 18 Kasterlee
84,Oudemolsedijk,2022-08-03,06:00:00,26,11,15,FMN GV 18 Kasterlee
84,Oudemolsedijk,2022-08-03,07:00:00,27,14,13,FMN GV 18 Kasterlee
84,Oudemolsedijk,2022-08-03,08:00:00,19,7,12,FMN GV 18 Kasterlee
84,Oudemolsedijk,2022-08-03,09:00:00,53,20,33,FMN GV 18 Kasterlee
84,Oudemolsedijk,2022-08-03,10:00:00,65,32,33,FMN GV 18 Kasterlee
84,Oudemolsedijk,2022-08-03,11:00:00,59,31,28,FMN GV 18 Kasterlee
84,Oudemolsedijk,2022-08-03,12:00:00,44,23,21,FMN GV 18 Kasterlee
84,Oudemolsedijk,2022-08-03,13:00:00,61,30,31,FMN GV 18 Kasterlee
84,Oudemolsedijk,2022-08-03,14:00:00,66,39,27,FMN GV 18 Kasterlee
84,Oudemolsedijk,2022-08-03,15:00:00,45,27,18,FMN GV 18 Kasterlee
84,Oudemolsedijk,2022-08-03,16:00:00,71,27,44,FMN GV 18 Kasterlee
84,Oudemolsedijk,2022-08-03,17:00:00,67,26,41,FMN GV 18 Kasterlee
84,Oudemolsedijk,2022-08-03,18:00:00,50,29,21,FMN GV 18 Kasterlee
84,Oudemolsedijk,2022-08-03,19:00:00,75,28,47,FMN GV 18 Kasterlee
84,Oudemolsedijk,2022-08-03,20:00:00,58,29,29,FMN GV 18 Kasterlee
84,Oudemolsedijk,2022-08-03,21:00:00,34,25,9,FMN GV 18 Kasterlee
84,Oudemolsedijk,2022-08-03,22:00:00,7,1,6,FMN GV 18 Kasterlee
84,Oudemolsedijk,2022-08-03,23:00:00,3,1,2,FMN GV 18 Kasterlee
84,Oudemolsedijk,2022-08-04,00:00:00,3,0,3,FMN GV 18 Kasterlee
84,Oudemolsedijk,2022-08-04,01:00:00,1,1,0,FMN GV 18 Kasterlee
84,Oudemolsedijk,2022-08-04,02:00:00,0,0,0,FMN GV 18 Kasterlee
84,Oudemolsedijk,2022-08-04,03:00:00,0,0,0,FMN GV 18 Kasterlee
84,Oudemolsedijk,2022-08-04,04:00:00,2,2,0,FMN GV 18 Kasterlee
84,Oudemolsedijk,2022-08-04,05:00:00,6,6,0,FMN GV 18 Kasterlee
84,Oudemolsedijk,2022-08-04,06:00:00,21,15,6,FMN GV 18 Kasterlee
84,Oudemolsedijk,2022-08-04,07:00:00,27,16,11,FMN GV 18 Kasterlee
84,Oudemolsedijk,2022-08-04,08:00:00,23,14,9,FMN GV 18 Kasterlee
84,Oudemolsedijk,2022-08-04,09:00:00,27,14,13,FMN GV 18 Kasterlee
84,Oudemolsedijk,2022-08-04,10:00:00,46,25,21,FMN GV 18 Kasterlee
84,Oudemolsedijk,2022-08-04,11:00:00,60,27,33,FMN GV 18 Kasterlee
84,Oudemolsedijk,2022-08-04,12:00:00,29,16,13,FMN GV 18 Kasterlee
84,Oudemolsedijk,2022-08-04,13:00:00,90,44,46,FMN GV 18 Kasterlee
84,Oudemolsedijk,2022-08-04,14:00:00,67,36,31,FMN GV 18 Kasterlee
84,Oudemolsedijk,2022-08-04,15:00:00,72,41,31,FMN GV 18 Kasterlee
84,Oudemolsedijk,2022-08-04,16:00:00,74,33,41,FMN GV 18 Kasterlee
84,Oudemolsedijk,2022-08-04,17:00:00,74,48,26,FMN GV 18 Kasterlee
84,Oudemolsedijk,2022-08-04,18:00:00,40,20,20,FMN GV 18 Kasterlee
84,Oudemolsedijk,2022-08-04,19:00:00,59,32,27,FMN GV 18 Kasterlee
84,Oudemolsedijk,2022-08-04,20:00:00,47,34,13,FMN GV 18 Kasterlee
84,Oudemolsedijk,2022-08-04,21:00:00,15,10,5,FMN GV 18 Kasterlee
84,Oudemolsedijk,2022-08-04,22:00:00,1,0,1,FMN GV 18 Kasterlee
84,Oudemolsedijk,2022-08-04,23:00:00,3,1,2,FMN GV 18 Kasterlee
84,Oudemolsedijk,2022-08-05,00:00:00,1,0,1,FMN GV 18 Kasterlee
84,Oudemolsedijk,2022-08-05,01:00:00,2,0,2,FMN GV 18 Kasterlee
84,Oudemolsedijk,2022-08-05,02:00:00,0,0,0,FMN GV 18 Kasterlee
84,Oudemolsedijk,2022-08-05,03:00:00,1,0,1,FMN GV 18 Kasterlee
84,Oudemolsedijk,2022-08-05,04:00:00,4,3,1,FMN GV 18 Kasterlee
84,Oudemolsedijk,2022-08-05,05:00:00,7,6,1,FMN GV 18 Kasterlee
84,Oudemolsedijk,2022-08-05,06:00:00,13,6,7,FMN GV 18 Kasterlee
84,Oudemolsedijk,2022-08-05,07:00:00,19,9,10,FMN GV 18 Kasterlee
84,Oudemolsedijk,2022-08-05,08:00:00,10,7,3,FMN GV 18 Kasterlee
84,Oudemolsedijk,2022-08-05,09:00:00,20,10,10,FMN GV 18 Kasterlee
84,Oudemolsedijk,2022-08-05,10:00:00,35,11,24,FMN GV 18 Kasterlee
84,Oudemolsedijk,2022-08-05,11:00:00,35,17,18,FMN GV 18 Kasterlee
84,Oudemolsedijk,2022-08-05,12:00:00,51,34,17,FMN GV 18 Kasterlee
84,Oudemolsedijk,2022-08-05,13:00:00,56,25,31,FMN GV 18 Kasterlee
84,Oudemolsedijk,2022-08-05,14:00:00,88,43,45,FMN GV 18 Kasterlee
84,Oudemolsedijk,2022-08-05,15:00:00,86,48,38,FMN GV 18 Kasterlee
84,Oudemolsedijk,2022-08-05,16:00:00,73,25,48,FMN GV 18 Kasterlee
84,Oudemolsedijk,2022-08-05,17:00:00,59,36,23,FMN GV 18 Kasterlee
84,Oudemolsedijk,2022-08-05,18:00:00,31,14,17,FMN GV 18 Kasterlee
84,Oudemolsedijk,2022-08-05,19:00:00,19,8,11,FMN GV 18 Kasterlee
84,Oudemolsedijk,2022-08-05,20:00:00,19,13,6,FMN GV 18 Kasterlee
84,Oudemolsedijk,2022-08-05,21:00:00,12,8,4,FMN GV 18 Kasterlee
84,Oudemolsedijk,2022-08-05,22:00:00,3,0,3,FMN GV 18 Kasterlee
84,Oudemolsedijk,2022-08-05,23:00:00,0,0,0,FMN GV 18 Kasterlee
84,Oudemolsedijk,2022-08-06,00:00:00,2,0,2,FMN GV 18 Kasterlee
84,Oudemolsedijk,2022-08-06,01:00:00,1,0,1,FMN GV 18 Kasterlee
84,Oudemolsedijk,2022-08-06,02:00:00,2,2,0,FMN GV 18 Kasterlee
84,Oudemolsedijk,2022-08-06,03:00:00,3,0,3,FMN GV 18 Kasterlee
84,Oudemolsedijk,2022-08-06,04:00:00,1,1,0,FMN GV 18 Kasterlee
84,Oudemolsedijk,2022-08-06,05:00:00,1,0,1,FMN GV 18 Kasterlee
84,Oudemolsedijk,2022-08-06,06:00:00,1,1,0,FMN GV 18 Kasterlee
84,Oudemolsedijk,2022-08-06,07:00:00,4,0,4,FMN GV 18 Kasterlee
84,Oudemolsedijk,2022-08-06,08:00:00,10,3,7,FMN GV 18 Kasterlee
84,Oudemolsedijk,2022-08-06,09:00:00,45,14,31,FMN GV 18 Kasterlee
84,Oudemolsedijk,2022-08-06,10:00:00,71,29,42,FMN GV 18 Kasterlee
84,Oudemolsedijk,2022-08-06,11:00:00,57,40,17,FMN GV 18 Kasterlee
84,Oudemolsedijk,2022-08-06,12:00:00,61,27,34,FMN GV 18 Kasterlee
84,Oudemolsedijk,2022-08-06,13:00:00,178,51,127,FMN GV 18 Kasterlee
84,Oudemolsedijk,2022-08-06,14:00:00,146,78,68,FMN GV 18 Kasterlee
84,Oudemolsedijk,2022-08-06,15:00:00,104,51,53,FMN GV 18 Kasterlee
84,Oudemolsedijk,2022-08-06,16:00:00,98,51,47,FMN GV 18 Kasterlee
84,Oudemolsedijk,2022-08-06,17:00:00,79,35,44,FMN GV 18 Kasterlee
84,Oudemolsedijk,2022-08-06,18:00:00,55,27,28,FMN GV 18 Kasterlee
84,Oudemolsedijk,2022-08-06,19:00:00,30,13,17,FMN GV 18 Kasterlee
84,Oudemolsedijk,2022-08-06,20:00:00,24,12,12,FMN GV 18 Kasterlee
84,Oudemolsedijk,2022-08-06,21:00:00,9,9,0,FMN GV 18 Kasterlee
84,Oudemolsedijk,2022-08-06,22:00:00,10,4,6,FMN GV 18 Kasterlee
84,Oudemolsedijk,2022-08-06,23:00:00,1,0,1,FMN GV 18 Kasterlee
84,Oudemolsedijk,2022-08-07,00:00:00,9,6,3,FMN GV 18 Kasterlee
84,Oudemolsedijk,2022-08-07,01:00:00,0,0,0,FMN GV 18 Kasterlee
84,Oudemolsedijk,2022-08-07,02:00:00,2,0,2,FMN GV 18 Kasterlee
84,Oudemolsedijk,2022-08-07,03:00:00,2,0,2,FMN GV 18 Kasterlee
84,Oudemolsedijk,2022-08-07,04:00:00,6,5,1,FMN GV 18 Kasterlee
84,Oudemolsedijk,2022-08-07,05:00:00,1,1,0,FMN GV 18 Kasterlee
84,Oudemolsedijk,2022-08-07,06:00:00,5,4,1,FMN GV 18 Kasterlee
84,Oudemolsedijk,2022-08-07,07:00:00,11,5,6,FMN GV 18 Kasterlee
84,Oudemolsedijk,2022-08-07,08:00:00,40,19,21,FMN GV 18 Kasterlee
84,Oudemolsedijk,2022-08-07,09:00:00,82,47,35,FMN GV 18 Kasterlee
84,Oudemolsedijk,2022-08-07,10:00:00,140,69,71,FMN GV 18 Kasterlee
84,Oudemolsedijk,2022-08-07,11:00:00,148,63,85,FMN GV 18 Kasterlee
84,Oudemolsedijk,2022-08-07,12:00:00,100,55,45,FMN GV 18 Kasterlee
84,Oudemolsedijk,2022-08-07,13:00:00,131,69,62,FMN GV 18 Kasterlee
84,Oudemolsedijk,2022-08-07,14:00:00,183,95,88,FMN GV 18 Kasterlee
84,Oudemolsedijk,2022-08-07,15:00:00,187,120,67,FMN GV 18 Kasterlee
84,Oudemolsedijk,2022-08-07,16:00:00,141,69,72,FMN GV 18 Kasterlee
84,Oudemolsedijk,2022-08-07,17:00:00,139,81,58,FMN GV 18 Kasterlee
84,Oudemolsedijk,2022-08-07,18:00:00,78,35,43,FMN GV 18 Kasterlee
84,Oudemolsedijk,2022-08-07,19:00:00,25,11,14,FMN GV 18 Kasterlee
84,Oudemolsedijk,2022-08-07,20:00:00,24,14,10,FMN GV 18 Kasterlee
84,Oudemolsedijk,2022-08-07,21:00:00,10,4,6,FMN GV 18 Kasterlee
84,Oudemolsedijk,2022-08-07,22:00:00,2,2,0,FMN GV 18 Kasterlee
84,Oudemolsedijk,2022-08-07,23:00:00,3,3,0,FMN GV 18 Kasterlee
84,Oudemolsedijk,2022-08-08,00:00:00,1,0,1,FMN GV 18 Kasterlee
84,Oudemolsedijk,2022-08-08,01:00:00,0,0,0,FMN GV 18 Kasterlee
84,Oudemolsedijk,2022-08-08,02:00:00,0,0,0,FMN GV 18 Kasterlee
84,Oudemolsedijk,2022-08-08,03:00:00,1,1,0,FMN GV 18 Kasterlee
84,Oudemolsedijk,2022-08-08,04:00:00,1,1,0,FMN GV 18 Kasterlee
84,Oudemolsedijk,2022-08-08,05:00:00,6,5,1,FMN GV 18 Kasterlee
84,Oudemolsedijk,2022-08-08,06:00:00,19,11,8,FMN GV 18 Kasterlee
84,Oudemolsedijk,2022-08-08,07:00:00,37,23,14,FMN GV 18 Kasterlee
84,Oudemolsedijk,2022-08-08,08:00:00,31,15,16,FMN GV 18 Kasterlee
84,Oudemolsedijk,2022-08-08,09:00:00,29,11,18,FMN GV 18 Kasterlee
84,Oudemolsedijk,2022-08-08,10:00:00,41,15,26,FMN GV 18 Kasterlee
84,Oudemolsedijk,2022-08-08,11:00:00,39,17,22,FMN GV 18 Kasterlee
84,Oudemolsedijk,2022-08-08,12:00:00,33,17,16,FMN GV 18 Kasterlee
84,Oudemolsedijk,2022-08-08,13:00:00,125,49,76,FMN GV 18 Kasterlee
84,Oudemolsedijk,2022-08-08,14:00:00,131,65,66,FMN GV 18 Kasterlee
84,Oudemolsedijk,2022-08-08,15:00:00,81,32,49,FMN GV 18 Kasterlee
84,Oudemolsedijk,2022-08-08,16:00:00,89,35,54,FMN GV 18 Kasterlee
84,Oudemolsedijk,2022-08-08,17:00:00,78,30,48,FMN GV 18 Kasterlee
84,Oudemolsedijk,2022-08-08,18:00:00,40,25,15,FMN GV 18 Kasterlee
84,Oudemolsedijk,2022-08-08,19:00:00,51,33,18,FMN GV 18 Kasterlee
84,Oudemolsedijk,2022-08-08,20:00:00,22,16,6,FMN GV 18 Kasterlee
84,Oudemolsedijk,2022-08-08,21:00:00,15,9,6,FMN GV 18 Kasterlee
84,Oudemolsedijk,2022-08-08,22:00:00,7,1,6,FMN GV 18 Kasterlee
84,Oudemolsedijk,2022-08-08,23:00:00,0,0,0,FMN GV 18 Kasterlee
84,Oudemolsedijk,2022-08-09,00:00:00,1,0,1,FMN GV 18 Kasterlee
84,Oudemolsedijk,2022-08-09,01:00:00,0,0,0,FMN GV 18 Kasterlee
84,Oudemolsedijk,2022-08-09,02:00:00,1,1,0,FMN GV 18 Kasterlee
84,Oudemolsedijk,2022-08-09,03:00:00,1,1,0,FMN GV 18 Kasterlee
84,Oudemolsedijk,2022-08-09,04:00:00,2,2,0,FMN GV 18 Kasterlee
84,Oudemolsedijk,2022-08-09,05:00:00,9,9,0,FMN GV 18 Kasterlee
84,Oudemolsedijk,2022-08-09,06:00:00,26,11,15,FMN GV 18 Kasterlee
84,Oudemolsedijk,2022-08-09,07:00:00,33,18,15,FMN GV 18 Kasterlee
84,Oudemolsedijk,2022-08-09,08:00:00,44,22,22,FMN GV 18 Kasterlee
84,Oudemolsedijk,2022-08-09,09:00:00,35,15,20,FMN GV 18 Kasterlee
84,Oudemolsedijk,2022-08-09,10:00:00,79,35,44,FMN GV 18 Kasterlee
84,Oudemolsedijk,2022-08-09,11:00:00,56,33,23,FMN GV 18 Kasterlee
84,Oudemolsedijk,2022-08-09,12:00:00,36,18,18,FMN GV 18 Kasterlee
84,Oudemolsedijk,2022-08-09,13:00:00,139,58,81,FMN GV 18 Kasterlee
84,Oudemolsedijk,2022-08-09,14:00:00,100,65,35,FMN GV 18 Kasterlee
84,Oudemolsedijk,2022-08-09,15:00:00,86,46,40,FMN GV 18 Kasterlee
84,Oudemolsedijk,2022-08-09,16:00:00,110,68,42,FMN GV 18 Kasterlee
84,Oudemolsedijk,2022-08-09,17:00:00,67,30,37,FMN GV 18 Kasterlee
84,Oudemolsedijk,2022-08-09,18:00:00,72,37,35,FMN GV 18 Kasterlee
84,Oudemolsedijk,2022-08-09,19:00:00,66,43,23,FMN GV 18 Kasterlee
84,Oudemolsedijk,2022-08-09,20:00:00,49,34,15,FMN GV 18 Kasterlee
84,Oudemolsedijk,2022-08-09,21:00:00,22,8,14,FMN GV 18 Kasterlee
84,Oudemolsedijk,2022-08-09,22:00:00,13,1,12,FMN GV 18 Kasterlee
84,Oudemolsedijk,2022-08-09,23:00:00,1,0,1,FMN GV 18 Kasterlee
84,Oudemolsedijk,2022-08-10,00:00:00,1,1,0,FMN GV 18 Kasterlee
84,Oudemolsedijk,2022-08-10,01:00:00,0,0,0,FMN GV 18 Kasterlee
84,Oudemolsedijk,2022-08-10,02:00:00,0,0,0,FMN GV 18 Kasterlee
84,Oudemolsedijk,2022-08-10,03:00:00,1,1,0,FMN GV 18 Kasterlee
84,Oudemolsedijk,2022-08-10,04:00:00,1,1,0,FMN GV 18 Kasterlee
84,Oudemolsedijk,2022-08-10,05:00:00,10,9,1,FMN GV 18 Kasterlee
84,Oudemolsedijk,2022-08-10,06:00:00,19,10,9,FMN GV 18 Kasterlee
84,Oudemolsedijk,2022-08-10,07:00:00,26,16,10,FMN GV 18 Kasterlee
84,Oudemolsedijk,2022-08-10,08:00:00,20,8,12,FMN GV 18 Kasterlee
84,Oudemolsedijk,2022-08-10,09:00:00,41,13,28,FMN GV 18 Kasterlee
84,Oudemolsedijk,2022-08-10,10:00:00,60,24,36,FMN GV 18 Kasterlee
84,Oudemolsedijk,2022-08-10,11:00:00,102,47,55,FMN GV 18 Kasterlee
84,Oudemolsedijk,2022-08-10,12:00:00,68,37,31,FMN GV 18 Kasterlee
84,Oudemolsedijk,2022-08-10,13:00:00,59,24,35,FMN GV 18 Kasterlee
84,Oudemolsedijk,2022-08-10,14:00:00,79,25,54,FMN GV 18 Kasterlee
84,Oudemolsedijk,2022-08-10,15:00:00,68,39,29,FMN GV 18 Kasterlee
84,Oudemolsedijk,2022-08-10,16:00:00,76,40,36,FMN GV 18 Kasterlee
84,Oudemolsedijk,2022-08-10,17:00:00,60,28,32,FMN GV 18 Kasterlee
84,Oudemolsedijk,2022-08-10,18:00:00,68,50,18,FMN GV 18 Kasterlee
84,Oudemolsedijk,2022-08-10,19:00:00,93,58,35,FMN GV 18 Kasterlee
84,Oudemolsedijk,2022-08-10,20:00:00,101,58,43,FMN GV 18 Kasterlee
84,Oudemolsedijk,2022-08-10,21:00:00,37,23,14,FMN GV 18 Kasterlee
84,Oudemolsedijk,2022-08-10,22:00:00,9,3,6,FMN GV 18 Kasterlee
84,Oudemolsedijk,2022-08-10,23:00:00,3,2,1,FMN GV 18 Kasterlee
84,Oudemolsedijk,2022-08-11,00:00:00,0,0,0,FMN GV 18 Kasterlee
84,Oudemolsedijk,2022-08-11,01:00:00,0,0,0,FMN GV 18 Kasterlee
84,Oudemolsedijk,2022-08-11,02:00:00,0,0,0,FMN GV 18 Kasterlee
84,Oudemolsedijk,2022-08-11,03:00:00,1,1,0,FMN GV 18 Kasterlee
84,Oudemolsedijk,2022-08-11,04:00:00,1,1,0,FMN GV 18 Kasterlee
84,Oudemolsedijk,2022-08-11,05:00:00,5,4,1,FMN GV 18 Kasterlee
84,Oudemolsedijk,2022-08-11,06:00:00,24,13,11,FMN GV 18 Kasterlee
84,Oudemolsedijk,2022-08-11,07:00:00,26,15,11,FMN GV 18 Kasterlee
84,Oudemolsedijk,2022-08-11,08:00:00,33,20,13,FMN GV 18 Kasterlee
84,Oudemolsedijk,2022-08-11,09:00:00,49,21,28,FMN GV 18 Kasterlee
84,Oudemolsedijk,2022-08-11,10:00:00,116,74,42,FMN GV 18 Kasterlee
84,Oudemolsedijk,2022-08-11,11:00:00,34,18,16,FMN GV 18 Kasterlee
84,Oudemolsedijk,2022-08-11,12:00:00,32,18,14,FMN GV 18 Kasterlee
84,Oudemolsedijk,2022-08-11,13:00:00,63,33,30,FMN GV 18 Kasterlee
84,Oudemolsedijk,2022-08-11,14:00:00,75,44,31,FMN GV 18 Kasterlee
84,Oudemolsedijk,2022-08-11,15:00:00,56,30,26,FMN GV 18 Kasterlee
84,Oudemolsedijk,2022-08-11,16:00:00,56,34,22,FMN GV 18 Kasterlee
84,Oudemolsedijk,2022-08-11,17:00:00,61,20,41,FMN GV 18 Kasterlee
84,Oudemolsedijk,2022-08-11,18:00:00,39,21,18,FMN GV 18 Kasterlee
84,Oudemolsedijk,2022-08-11,19:00:00,43,20,23,FMN GV 18 Kasterlee
84,Oudemolsedijk,2022-08-11,20:00:00,47,31,16,FMN GV 18 Kasterlee
84,Oudemolsedijk,2022-08-11,21:00:00,19,13,6,FMN GV 18 Kasterlee
84,Oudemolsedijk,2022-08-11,22:00:00,7,1,6,FMN GV 18 Kasterlee
84,Oudemolsedijk,2022-08-11,23:00:00,1,1,0,FMN GV 18 Kasterlee
84,Oudemolsedijk,2022-08-12,00:00:00,1,1,0,FMN GV 18 Kasterlee
84,Oudemolsedijk,2022-08-12,01:00:00,0,0,0,FMN GV 18 Kasterlee
84,Oudemolsedijk,2022-08-12,02:00:00,0,0,0,FMN GV 18 Kasterlee
84,Oudemolsedijk,2022-08-12,03:00:00,1,1,0,FMN GV 18 Kasterlee
84,Oudemolsedijk,2022-08-12,04:00:00,0,0,0,FMN GV 18 Kasterlee
84,Oudemolsedijk,2022-08-12,05:00:00,6,5,1,FMN GV 18 Kasterlee
84,Oudemolsedijk,2022-08-12,06:00:00,24,11,13,FMN GV 18 Kasterlee
84,Oudemolsedijk,2022-08-12,07:00:00,32,17,15,FMN GV 18 Kasterlee
84,Oudemolsedijk,2022-08-12,08:00:00,33,18,15,FMN GV 18 Kasterlee
84,Oudemolsedijk,2022-08-12,09:00:00,44,22,22,FMN GV 18 Kasterlee
84,Oudemolsedijk,2022-08-12,10:00:00,56,28,28,FMN GV 18 Kasterlee
84,Oudemolsedijk,2022-08-12,11:00:00,59,34,25,FMN GV 18 Kasterlee
84,Oudemolsedijk,2022-08-12,12:00:00,32,18,14,FMN GV 18 Kasterlee
84,Oudemolsedijk,2022-08-12,13:00:00,78,30,48,FMN GV 18 Kasterlee
84,Oudemolsedijk,2022-08-12,14:00:00,52,30,22,FMN GV 18 Kasterlee
84,Oudemolsedijk,2022-08-12,15:00:00,42,21,21,FMN GV 18 Kasterlee
84,Oudemolsedijk,2022-08-12,16:00:00,54,19,35,FMN GV 18 Kasterlee
84,Oudemolsedijk,2022-08-12,17:00:00,26,13,13,FMN GV 18 Kasterlee
84,Oudemolsedijk,2022-08-12,18:00:00,31,10,21,FMN GV 18 Kasterlee
84,Oudemolsedijk,2022-08-12,19:00:00,45,29,16,FMN GV 18 Kasterlee
84,Oudemolsedijk,2022-08-12,20:00:00,26,16,10,FMN GV 18 Kasterlee
84,Oudemolsedijk,2022-08-12,21:00:00,28,22,6,FMN GV 18 Kasterlee
84,Oudemolsedijk,2022-08-12,22:00:00,17,7,10,FMN GV 18 Kasterlee
84,Oudemolsedijk,2022-08-12,23:00:00,3,1,2,FMN GV 18 Kasterlee
84,Oudemolsedijk,2022-08-13,00:00:00,5,2,3,FMN GV 18 Kasterlee
84,Oudemolsedijk,2022-08-13,01:00:00,5,3,2,FMN GV 18 Kasterlee
84,Oudemolsedijk,2022-08-13,02:00:00,1,1,0,FMN GV 18 Kasterlee
84,Oudemolsedijk,2022-08-13,03:00:00,1,0,1,FMN GV 18 Kasterlee
84,Oudemolsedijk,2022-08-13,04:00:00,0,0,0,FMN GV 18 Kasterlee
84,Oudemolsedijk,2022-08-13,05:00:00,1,1,0,FMN GV 18 Kasterlee
84,Oudemolsedijk,2022-08-13,06:00:00,7,1,6,FMN GV 18 Kasterlee
84,Oudemolsedijk,2022-08-13,07:00:00,8,6,2,FMN GV 18 Kasterlee
84,Oudemolsedijk,2022-08-13,08:00:00,35,10,25,FMN GV 18 Kasterlee
84,Oudemolsedijk,2022-08-13,09:00:00,59,31,28,FMN GV 18 Kasterlee
84,Oudemolsedijk,2022-08-13,10:00:00,113,62,51,FMN GV 18 Kasterlee
84,Oudemolsedijk,2022-08-13,11:00:00,57,27,30,FMN GV 18 Kasterlee
84,Oudemolsedijk,2022-08-13,12:00:00,68,31,37,FMN GV 18 Kasterlee
84,Oudemolsedijk,2022-08-13,13:00:00,68,31,37,FMN GV 18 Kasterlee
84,Oudemolsedijk,2022-08-13,14:00:00,42,17,25,FMN GV 18 Kasterlee
84,Oudemolsedijk,2022-08-13,15:00:00,71,36,35,FMN GV 18 Kasterlee
84,Oudemolsedijk,2022-08-13,16:00:00,69,34,35,FMN GV 18 Kasterlee
84,Oudemolsedijk,2022-08-13,17:00:00,40,19,21,FMN GV 18 Kasterlee
84,Oudemolsedijk,2022-08-13,18:00:00,37,16,21,FMN GV 18 Kasterlee
84,Oudemolsedijk,2022-08-13,19:00:00,44,20,24,FMN GV 18 Kasterlee
84,Oudemolsedijk,2022-08-13,20:00:00,30,23,7,FMN GV 18 Kasterlee
84,Oudemolsedijk,2022-08-13,21:00:00,18,9,9,FMN GV 18 Kasterlee
84,Oudemolsedijk,2022-08-13,22:00:00,5,3,2,FMN GV 18 Kasterlee
84,Oudemolsedijk,2022-08-13,23:00:00,5,4,1,FMN GV 18 Kasterlee
84,Oudemolsedijk,2022-08-14,00:00:00,2,2,0,FMN GV 18 Kasterlee
84,Oudemolsedijk,2022-08-14,01:00:00,8,8,0,FMN GV 18 Kasterlee
84,Oudemolsedijk,2022-08-14,02:00:00,2,1,1,FMN GV 18 Kasterlee
84,Oudemolsedijk,2022-08-14,03:00:00,2,0,2,FMN GV 18 Kasterlee
84,Oudemolsedijk,2022-08-14,04:00:00,0,0,0,FMN GV 18 Kasterlee
84,Oudemolsedijk,2022-08-14,05:00:00,2,0,2,FMN GV 18 Kasterlee
84,Oudemolsedijk,2022-08-14,06:00:00,4,1,3,FMN GV 18 Kasterlee
84,Oudemolsedijk,2022-08-14,07:00:00,21,5,16,FMN GV 18 Kasterlee
84,Oudemolsedijk,2022-08-14,08:00:00,74,29,45,FMN GV 18 Kasterlee
84,Oudemolsedijk,2022-08-14,09:00:00,125,50,75,FMN GV 18 Kasterlee
84,Oudemolsedijk,2022-08-14,10:00:00,178,84,94,FMN GV 18 Kasterlee
84,Oudemolsedijk,2022-08-14,11:00:00,83,40,43,FMN GV 18 Kasterlee
84,Oudemolsedijk,2022-08-14,12:00:00,39,22,17,FMN GV 18 Kasterlee
84,Oudemolsedijk,2022-08-14,13:00:00,46,29,17,FMN GV 18 Kasterlee
84,Oudemolsedijk,2022-08-14,14:00:00,65,36,29,FMN GV 18 Kasterlee
84,Oudemolsedijk,2022-08-14,15:00:00,42,14,28,FMN GV 18 Kasterlee
84,Oudemolsedijk,2022-08-14,16:00:00,45,16,29,FMN GV 18 Kasterlee
84,Oudemolsedijk,2022-08-14,17:00:00,51,29,22,FMN GV 18 Kasterlee
84,Oudemolsedijk,2022-08-14,18:00:00,45,26,19,FMN GV 18 Kasterlee
84,Oudemolsedijk,2022-08-14,19:00:00,41,28,13,FMN GV 18 Kasterlee
84,Oudemolsedijk,2022-08-14,20:00:00,30,17,13,FMN GV 18 Kasterlee
84,Oudemolsedijk,2022-08-14,21:00:00,15,9,6,FMN GV 18 Kasterlee
84,Oudemolsedijk,2022-08-14,22:00:00,8,1,7,FMN GV 18 Kasterlee
84,Oudemolsedijk,2022-08-14,23:00:00,1,0,1,FMN GV 18 Kasterlee
84,Oudemolsedijk,2022-08-15,00:00:00,0,0,0,FMN GV 18 Kasterlee
84,Oudemolsedijk,2022-08-15,01:00:00,2,0,2,FMN GV 18 Kasterlee
84,Oudemolsedijk,2022-08-15,02:00:00,1,1,0,FMN GV 18 Kasterlee
84,Oudemolsedijk,2022-08-15,03:00:00,1,1,0,FMN GV 18 Kasterlee
84,Oudemolsedijk,2022-08-15,04:00:00,0,0,0,FMN GV 18 Kasterlee
84,Oudemolsedijk,2022-08-15,05:00:00,1,0,1,FMN GV 18 Kasterlee
84,Oudemolsedijk,2022-08-15,06:00:00,4,2,2,FMN GV 18 Kasterlee
84,Oudemolsedijk,2022-08-15,07:00:00,6,2,4,FMN GV 18 Kasterlee
84,Oudemolsedijk,2022-08-15,08:00:00,24,10,14,FMN GV 18 Kasterlee
84,Oudemolsedijk,2022-08-15,09:00:00,57,27,30,FMN GV 18 Kasterlee
84,Oudemolsedijk,2022-08-15,10:00:00,67,43,24,FMN GV 18 Kasterlee
84,Oudemolsedijk,2022-08-15,11:00:00,60,23,37,FMN GV 18 Kasterlee
84,Oudemolsedijk,2022-08-15,12:00:00,63,36,27,FMN GV 18 Kasterlee
84,Oudemolsedijk,2022-08-15,13:00:00,77,31,46,FMN GV 18 Kasterlee
84,Oudemolsedijk,2022-08-15,14:00:00,99,57,42,FMN GV 18 Kasterlee
84,Oudemolsedijk,2022-08-15,15:00:00,94,58,36,FMN GV 18 Kasterlee
84,Oudemolsedijk,2022-08-15,16:00:00,32,29,3,FMN GV 18 Kasterlee
84,Oudemolsedijk,2022-08-15,17:00:00,33,23,10,FMN GV 18 Kasterlee
84,Oudemolsedijk,2022-08-15,18:00:00,39,10,29,FMN GV 18 Kasterlee
84,Oudemolsedijk,2022-08-15,19:00:00,13,4,9,FMN GV 18 Kasterlee
84,Oudemolsedijk,2022-08-15,20:00:00,11,5,6,FMN GV 18 Kasterlee
84,Oudemolsedijk,2022-08-15,21:00:00,4,4,0,FMN GV 18 Kasterlee
84,Oudemolsedijk,2022-08-15,22:00:00,4,1,3,FMN GV 18 Kasterlee
84,Oudemolsedijk,2022-08-15,23:00:00,0,0,0,FMN GV 18 Kasterlee
84,Oudemolsedijk,2022-08-16,00:00:00,0,0,0,FMN GV 18 Kasterlee
84,Oudemolsedijk,2022-08-16,01:00:00,1,1,0,FMN GV 18 Kasterlee
84,Oudemolsedijk,2022-08-16,02:00:00,1,1,0,FMN GV 18 Kasterlee
84,Oudemolsedijk,2022-08-16,03:00:00,1,1,0,FMN GV 18 Kasterlee
84,Oudemolsedijk,2022-08-16,04:00:00,0,0,0,FMN GV 18 Kasterlee
84,Oudemolsedijk,2022-08-16,05:00:00,7,7,0,FMN GV 18 Kasterlee
84,Oudemolsedijk,2022-08-16,06:00:00,17,8,9,FMN GV 18 Kasterlee
84,Oudemolsedijk,2022-08-16,07:00:00,38,19,19,FMN GV 18 Kasterlee
84,Oudemolsedijk,2022-08-16,08:00:00,19,12,7,FMN GV 18 Kasterlee
84,Oudemolsedijk,2022-08-16,09:00:00,25,12,13,FMN GV 18 Kasterlee
84,Oudemolsedijk,2022-08-16,10:00:00,45,18,27,FMN GV 18 Kasterlee
84,Oudemolsedijk,2022-08-16,11:00:00,71,31,40,FMN GV 18 Kasterlee
84,Oudemolsedijk,2022-08-16,12:00:00,59,27,32,FMN GV 18 Kasterlee
84,Oudemolsedijk,2022-08-16,13:00:00,107,71,36,FMN GV 18 Kasterlee
84,Oudemolsedijk,2022-08-16,14:00:00,122,58,64,FMN GV 18 Kasterlee
84,Oudemolsedijk,2022-08-16,15:00:00,100,69,31,FMN GV 18 Kasterlee
84,Oudemolsedijk,2022-08-16,16:00:00,116,53,63,FMN GV 18 Kasterlee
84,Oudemolsedijk,2022-08-16,17:00:00,83,45,38,FMN GV 18 Kasterlee
84,Oudemolsedijk,2022-08-16,18:00:00,44,26,18,FMN GV 18 Kasterlee
84,Oudemolsedijk,2022-08-16,19:00:00,52,34,18,FMN GV 18 Kasterlee
84,Oudemolsedijk,2022-08-16,20:00:00,22,8,14,FMN GV 18 Kasterlee
84,Oudemolsedijk,2022-08-16,21:00:00,12,6,6,FMN GV 18 Kasterlee
84,Oudemolsedijk,2022-08-16,22:00:00,6,1,5,FMN GV 18 Kasterlee
84,Oudemolsedijk,2022-08-16,23:00:00,5,1,4,FMN GV 18 Kasterlee
84,Oudemolsedijk,2022-08-17,00:00:00,2,1,1,FMN GV 18 Kasterlee
84,Oudemolsedijk,2022-08-17,01:00:00,2,0,2,FMN GV 18 Kasterlee
84,Oudemolsedijk,2022-08-17,02:00:00,0,0,0,FMN GV 18 Kasterlee
84,Oudemolsedijk,2022-08-17,03:00:00,1,1,0,FMN GV 18 Kasterlee
84,Oudemolsedijk,2022-08-17,04:00:00,0,0,0,FMN GV 18 Kasterlee
84,Oudemolsedijk,2022-08-17,05:00:00,5,5,0,FMN GV 18 Kasterlee
84,Oudemolsedijk,2022-08-17,06:00:00,11,2,9,FMN GV 18 Kasterlee
84,Oudemolsedijk,2022-08-17,07:00:00,14,10,4,FMN GV 18 Kasterlee
84,Oudemolsedijk,2022-08-17,08:00:00,19,9,10,FMN GV 18 Kasterlee
84,Oudemolsedijk,2022-08-17,09:00:00,10,4,6,FMN GV 18 Kasterlee
84,Oudemolsedijk,2022-08-17,10:00:00,18,8,10,FMN GV 18 Kasterlee
84,Oudemolsedijk,2022-08-17,11:00:00,8,5,3,FMN GV 18 Kasterlee
84,Oudemolsedijk,2022-08-17,12:00:00,8,3,5,FMN GV 18 Kasterlee
84,Oudemolsedijk,2022-08-17,13:00:00,7,3,4,FMN GV 18 Kasterlee
84,Oudemolsedijk,2022-08-17,14:00:00,12,9,3,FMN GV 18 Kasterlee
84,Oudemolsedijk,2022-08-17,15:00:00,14,7,7,FMN GV 18 Kasterlee
84,Oudemolsedijk,2022-08-17,16:00:00,15,8,7,FMN GV 18 Kasterlee
84,Oudemolsedijk,2022-08-17,17:00:00,16,3,13,FMN GV 18 Kasterlee
84,Oudemolsedijk,2022-08-17,18:00:00,13,7,6,FMN GV 18 Kasterlee
84,Oudemolsedijk,2022-08-17,19:00:00,29,9,20,FMN GV 18 Kasterlee
84,Oudemolsedijk,2022-08-17,20:00:00,34,23,11,FMN GV 18 Kasterlee
84,Oudemolsedijk,2022-08-17,21:00:00,8,7,1,FMN GV 18 Kasterlee
84,Oudemolsedijk,2022-08-17,22:00:00,1,0,1,FMN GV 18 Kasterlee
84,Oudemolsedijk,2022-08-17,23:00:00,3,0,3,FMN GV 18 Kasterlee
84,Oudemolsedijk,2022-08-18,00:00:00,0,0,0,FMN GV 18 Kasterlee
84,Oudemolsedijk,2022-08-18,01:00:00,0,0,0,FMN GV 18 Kasterlee
84,Oudemolsedijk,2022-08-18,02:00:00,1,1,0,FMN GV 18 Kasterlee
84,Oudemolsedijk,2022-08-18,03:00:00,1,1,0,FMN GV 18 Kasterlee
84,Oudemolsedijk,2022-08-18,04:00:00,1,1,0,FMN GV 18 Kasterlee
84,Oudemolsedijk,2022-08-18,05:00:00,4,4,0,FMN GV 18 Kasterlee
84,Oudemolsedijk,2022-08-18,06:00:00,17,7,10,FMN GV 18 Kasterlee
84,Oudemolsedijk,2022-08-18,07:00:00,27,20,7,FMN GV 18 Kasterlee
84,Oudemolsedijk,2022-08-18,08:00:00,16,12,4,FMN GV 18 Kasterlee
84,Oudemolsedijk,2022-08-18,09:00:00,27,9,18,FMN GV 18 Kasterlee
84,Oudemolsedijk,2022-08-18,10:00:00,19,7,12,FMN GV 18 Kasterlee
84,Oudemolsedijk,2022-08-18,11:00:00,40,23,17,FMN GV 18 Kasterlee
84,Oudemolsedijk,2022-08-18,12:00:00,60,50,10,FMN GV 18 Kasterlee
84,Oudemolsedijk,2022-08-18,13:00:00,106,61,45,FMN GV 18 Kasterlee
84,Oudemolsedijk,2022-08-18,14:00:00,92,49,43,FMN GV 18 Kasterlee
84,Oudemolsedijk,2022-08-18,15:00:00,97,56,41,FMN GV 18 Kasterlee
84,Oudemolsedijk,2022-08-18,16:00:00,90,50,40,FMN GV 18 Kasterlee
84,Oudemolsedijk,2022-08-18,17:00:00,63,39,24,FMN GV 18 Kasterlee
84,Oudemolsedijk,2022-08-18,18:00:00,58,32,26,FMN GV 18 Kasterlee
84,Oudemolsedijk,2022-08-18,19:00:00,63,43,20,FMN GV 18 Kasterlee
84,Oudemolsedijk,2022-08-18,20:00:00,44,22,22,FMN GV 18 Kasterlee
84,Oudemolsedijk,2022-08-18,21:00:00,16,7,9,FMN GV 18 Kasterlee
84,Oudemolsedijk,2022-08-18,22:00:00,7,5,2,FMN GV 18 Kasterlee
84,Oudemolsedijk,2022-08-18,23:00:00,2,1,1,FMN GV 18 Kasterlee
84,Oudemolsedijk,2022-08-19,00:00:00,0,0,0,FMN GV 18 Kasterlee
84,Oudemolsedijk,2022-08-19,01:00:00,0,0,0,FMN GV 18 Kasterlee
84,Oudemolsedijk,2022-08-19,02:00:00,0,0,0,FMN GV 18 Kasterlee
84,Oudemolsedijk,2022-08-19,03:00:00,0,0,0,FMN GV 18 Kasterlee
84,Oudemolsedijk,2022-08-19,04:00:00,2,2,0,FMN GV 18 Kasterlee
84,Oudemolsedijk,2022-08-19,05:00:00,5,5,0,FMN GV 18 Kasterlee
84,Oudemolsedijk,2022-08-19,06:00:00,11,4,7,FMN GV 18 Kasterlee
84,Oudemolsedijk,2022-08-19,07:00:00,21,9,12,FMN GV 18 Kasterlee
84,Oudemolsedijk,2022-08-19,08:00:00,16,8,8,FMN GV 18 Kasterlee
84,Oudemolsedijk,2022-08-19,09:00:00,21,11,10,FMN GV 18 Kasterlee
84,Oudemolsedijk,2022-08-19,10:00:00,15,9,6,FMN GV 18 Kasterlee
84,Oudemolsedijk,2022-08-19,11:00:00,46,29,17,FMN GV 18 Kasterlee
84,Oudemolsedijk,2022-08-19,12:00:00,22,7,15,FMN GV 18 Kasterlee
84,Oudemolsedijk,2022-08-19,13:00:00,30,18,12,FMN GV 18 Kasterlee
84,Oudemolsedijk,2022-08-19,14:00:00,56,25,31,FMN GV 18 Kasterlee
84,Oudemolsedijk,2022-08-19,15:00:00,47,24,23,FMN GV 18 Kasterlee
84,Oudemolsedijk,2022-08-19,16:00:00,94,22,72,FMN GV 18 Kasterlee
84,Oudemolsedijk,2022-08-19,17:00:00,28,15,13,FMN GV 18 Kasterlee
84,Oudemolsedijk,2022-08-19,18:00:00,14,4,10,FMN GV 18 Kasterlee
84,Oudemolsedijk,2022-08-19,19:00:00,2,1,1,FMN GV 18 Kasterlee
84,Oudemolsedijk,2022-08-19,20:00:00,11,7,4,FMN GV 18 Kasterlee
84,Oudemolsedijk,2022-08-19,21:00:00,5,4,1,FMN GV 18 Kasterlee
84,Oudemolsedijk,2022-08-19,22:00:00,5,4,1,FMN GV 18 Kasterlee
84,Oudemolsedijk,2022-08-19,23:00:00,3,2,1,FMN GV 18 Kasterlee
84,Oudemolsedijk,2022-08-20,00:00:00,0,0,0,FMN GV 18 Kasterlee
84,Oudemolsedijk,2022-08-20,01:00:00,0,0,0,FMN GV 18 Kasterlee
84,Oudemolsedijk,2022-08-20,02:00:00,0,0,0,FMN GV 18 Kasterlee
84,Oudemolsedijk,2022-08-20,03:00:00,1,0,1,FMN GV 18 Kasterlee
84,Oudemolsedijk,2022-08-20,04:00:00,0,0,0,FMN GV 18 Kasterlee
84,Oudemolsedijk,2022-08-20,05:00:00,0,0,0,FMN GV 18 Kasterlee
84,Oudemolsedijk,2022-08-20,06:00:00,5,3,2,FMN GV 18 Kasterlee
84,Oudemolsedijk,2022-08-20,07:00:00,1,1,0,FMN GV 18 Kasterlee
84,Oudemolsedijk,2022-08-20,08:00:00,6,2,4,FMN GV 18 Kasterlee
84,Oudemolsedijk,2022-08-20,09:00:00,33,12,21,FMN GV 18 Kasterlee
84,Oudemolsedijk,2022-08-20,10:00:00,31,19,12,FMN GV 18 Kasterlee
84,Oudemolsedijk,2022-08-20,11:00:00,61,24,37,FMN GV 18 Kasterlee
84,Oudemolsedijk,2022-08-20,12:00:00,87,36,51,FMN GV 18 Kasterlee
84,Oudemolsedijk,2022-08-20,13:00:00,141,60,81,FMN GV 18 Kasterlee
84,Oudemolsedijk,2022-08-20,14:00:00,132,86,46,FMN GV 18 Kasterlee
84,Oudemolsedijk,2022-08-20,15:00:00,136,75,61,FMN GV 18 Kasterlee
84,Oudemolsedijk,2022-08-20,16:00:00,110,68,42,FMN GV 18 Kasterlee
84,Oudemolsedijk,2022-08-20,17:00:00,53,31,22,FMN GV 18 Kasterlee
84,Oudemolsedijk,2022-08-20,18:00:00,54,27,27,FMN GV 18 Kasterlee
84,Oudemolsedijk,2022-08-20,19:00:00,20,16,4,FMN GV 18 Kasterlee
84,Oudemolsedijk,2022-08-20,20:00:00,17,13,4,FMN GV 18 Kasterlee
84,Oudemolsedijk,2022-08-20,21:00:00,10,8,2,FMN GV 18 Kasterlee
84,Oudemolsedijk,2022-08-20,22:00:00,3,3,0,FMN GV 18 Kasterlee
84,Oudemolsedijk,2022-08-20,23:00:00,3,2,1,FMN GV 18 Kasterlee
84,Oudemolsedijk,2022-08-21,00:00:00,2,2,0,FMN GV 18 Kasterlee
84,Oudemolsedijk,2022-08-21,01:00:00,2,0,2,FMN GV 18 Kasterlee
84,Oudemolsedijk,2022-08-21,02:00:00,0,0,0,FMN GV 18 Kasterlee
84,Oudemolsedijk,2022-08-21,03:00:00,3,0,3,FMN GV 18 Kasterlee
84,Oudemolsedijk,2022-08-21,04:00:00,0,0,0,FMN GV 18 Kasterlee
84,Oudemolsedijk,2022-08-21,05:00:00,0,0,0,FMN GV 18 Kasterlee
84,Oudemolsedijk,2022-08-21,06:00:00,0,0,0,FMN GV 18 Kasterlee
84,Oudemolsedijk,2022-08-21,07:00:00,13,0,13,FMN GV 18 Kasterlee
84,Oudemolsedijk,2022-08-21,08:00:00,44,20,24,FMN GV 18 Kasterlee
84,Oudemolsedijk,2022-08-21,09:00:00,117,71,46,FMN GV 18 Kasterlee
84,Oudemolsedijk,2022-08-21,10:00:00,131,58,73,FMN GV 18 Kasterlee
84,Oudemolsedijk,2022-08-21,11:00:00,130,76,54,FMN GV 18 Kasterlee
84,Oudemolsedijk,2022-08-21,12:00:00,91,37,54,FMN GV 18 Kasterlee
84,Oudemolsedijk,2022-08-21,13:00:00,140,76,64,FMN GV 18 Kasterlee
84,Oudemolsedijk,2022-08-21,14:00:00,177,80,97,FMN GV 18 Kasterlee
84,Oudemolsedijk,2022-08-21,15:00:00,155,89,66,FMN GV 18 Kasterlee
84,Oudemolsedijk,2022-08-21,16:00:00,191,91,100,FMN GV 18 Kasterlee
84,Oudemolsedijk,2022-08-21,17:00:00,93,42,51,FMN GV 18 Kasterlee
84,Oudemolsedijk,2022-08-21,18:00:00,59,35,24,FMN GV 18 Kasterlee
84,Oudemolsedijk,2022-08-21,19:00:00,36,24,12,FMN GV 18 Kasterlee
84,Oudemolsedijk,2022-08-21,20:00:00,18,7,11,FMN GV 18 Kasterlee
84,Oudemolsedijk,2022-08-21,21:00:00,24,14,10,FMN GV 18 Kasterlee
84,Oudemolsedijk,2022-08-21,22:00:00,3,0,3,FMN GV 18 Kasterlee
84,Oudemolsedijk,2022-08-21,23:00:00,4,4,0,FMN GV 18 Kasterlee
84,Oudemolsedijk,2022-08-22,00:00:00,2,2,0,FMN GV 18 Kasterlee
84,Oudemolsedijk,2022-08-22,01:00:00,0,0,0,FMN GV 18 Kasterlee
84,Oudemolsedijk,2022-08-22,02:00:00,0,0,0,FMN GV 18 Kasterlee
84,Oudemolsedijk,2022-08-22,03:00:00,3,3,0,FMN GV 18 Kasterlee
84,Oudemolsedijk,2022-08-22,04:00:00,0,0,0,FMN GV 18 Kasterlee
84,Oudemolsedijk,2022-08-22,05:00:00,4,4,0,FMN GV 18 Kasterlee
84,Oudemolsedijk,2022-08-22,06:00:00,20,10,10,FMN GV 18 Kasterlee
84,Oudemolsedijk,2022-08-22,07:00:00,26,14,12,FMN GV 18 Kasterlee
84,Oudemolsedijk,2022-08-22,08:00:00,18,8,10,FMN GV 18 Kasterlee
84,Oudemolsedijk,2022-08-22,09:00:00,14,6,8,FMN GV 18 Kasterlee
84,Oudemolsedijk,2022-08-22,10:00:00,18,11,7,FMN GV 18 Kasterlee
84,Oudemolsedijk,2022-08-22,11:00:00,28,16,12,FMN GV 18 Kasterlee
84,Oudemolsedijk,2022-08-22,12:00:00,35,9,26,FMN GV 18 Kasterlee
84,Oudemolsedijk,2022-08-22,13:00:00,78,36,42,FMN GV 18 Kasterlee
84,Oudemolsedijk,2022-08-22,14:00:00,74,31,43,FMN GV 18 Kasterlee
84,Oudemolsedijk,2022-08-22,15:00:00,90,57,33,FMN GV 18 Kasterlee
84,Oudemolsedijk,2022-08-22,16:00:00,116,65,51,FMN GV 18 Kasterlee
84,Oudemolsedijk,2022-08-22,17:00:00,61,25,36,FMN GV 18 Kasterlee
84,Oudemolsedijk,2022-08-22,18:00:00,28,18,10,FMN GV 18 Kasterlee
84,Oudemolsedijk,2022-08-22,19:00:00,46,29,17,FMN GV 18 Kasterlee
84,Oudemolsedijk,2022-08-22,20:00:00,41,22,19,FMN GV 18 Kasterlee
84,Oudemolsedijk,2022-08-22,21:00:00,12,8,4,FMN GV 18 Kasterlee
84,Oudemolsedijk,2022-08-22,22:00:00,5,3,2,FMN GV 18 Kasterlee
84,Oudemolsedijk,2022-08-22,23:00:00,2,1,1,FMN GV 18 Kasterlee
84,Oudemolsedijk,2022-08-23,00:00:00,0,0,0,FMN GV 18 Kasterlee
84,Oudemolsedijk,2022-08-23,01:00:00,0,0,0,FMN GV 18 Kasterlee
84,Oudemolsedijk,2022-08-23,02:00:00,0,0,0,FMN GV 18 Kasterlee
84,Oudemolsedijk,2022-08-23,03:00:00,1,1,0,FMN GV 18 Kasterlee
84,Oudemolsedijk,2022-08-23,04:00:00,0,0,0,FMN GV 18 Kasterlee
84,Oudemolsedijk,2022-08-23,05:00:00,3,2,1,FMN GV 18 Kasterlee
84,Oudemolsedijk,2022-08-23,06:00:00,17,8,9,FMN GV 18 Kasterlee
84,Oudemolsedijk,2022-08-23,07:00:00,28,15,13,FMN GV 18 Kasterlee
84,Oudemolsedijk,2022-08-23,08:00:00,21,9,12,FMN GV 18 Kasterlee
84,Oudemolsedijk,2022-08-23,09:00:00,24,12,12,FMN GV 18 Kasterlee
84,Oudemolsedijk,2022-08-23,10:00:00,33,15,18,FMN GV 18 Kasterlee
84,Oudemolsedijk,2022-08-23,11:00:00,56,24,32,FMN GV 18 Kasterlee
84,Oudemolsedijk,2022-08-23,12:00:00,51,29,22,FMN GV 18 Kasterlee
84,Oudemolsedijk,2022-08-23,13:00:00,92,48,44,FMN GV 18 Kasterlee
84,Oudemolsedijk,2022-08-23,14:00:00,105,66,39,FMN GV 18 Kasterlee
84,Oudemolsedijk,2022-08-23,15:00:00,134,78,56,FMN GV 18 Kasterlee
84,Oudemolsedijk,2022-08-23,16:00:00,80,41,39,FMN GV 18 Kasterlee
84,Oudemolsedijk,2022-08-23,17:00:00,55,33,22,FMN GV 18 Kasterlee
84,Oudemolsedijk,2022-08-23,18:00:00,48,24,24,FMN GV 18 Kasterlee
84,Oudemolsedijk,2022-08-23,19:00:00,63,44,19,FMN GV 18 Kasterlee
84,Oudemolsedijk,2022-08-23,20:00:00,67,23,44,FMN GV 18 Kasterlee
84,Oudemolsedijk,2022-08-23,21:00:00,12,8,4,FMN GV 18 Kasterlee
84,Oudemolsedijk,2022-08-23,22:00:00,12,1,11,FMN GV 18 Kasterlee
84,Oudemolsedijk,2022-08-23,23:00:00,1,1,0,FMN GV 18 Kasterlee
84,Oudemolsedijk,2022-08-24,00:00:00,1,0,1,FMN GV 18 Kasterlee
84,Oudemolsedijk,2022-08-24,01:00:00,0,0,0,FMN GV 18 Kasterlee
84,Oudemolsedijk,2022-08-24,02:00:00,0,0,0,FMN GV 18 Kasterlee
84,Oudemolsedijk,2022-08-24,03:00:00,2,2,0,FMN GV 18 Kasterlee
84,Oudemolsedijk,2022-08-24,04:00:00,1,1,0,FMN GV 18 Kasterlee
84,Oudemolsedijk,2022-08-24,05:00:00,4,3,1,FMN GV 18 Kasterlee
84,Oudemolsedijk,2022-08-24,06:00:00,18,6,12,FMN GV 18 Kasterlee
84,Oudemolsedijk,2022-08-24,07:00:00,26,14,12,FMN GV 18 Kasterlee
84,Oudemolsedijk,2022-08-24,08:00:00,19,11,8,FMN GV 18 Kasterlee
84,Oudemolsedijk,2022-08-24,09:00:00,33,8,25,FMN GV 18 Kasterlee
84,Oudemolsedijk,2022-08-24,10:00:00,53,37,16,FMN GV 18 Kasterlee
84,Oudemolsedijk,2022-08-24,11:00:00,57,29,28,FMN GV 18 Kasterlee
84,Oudemolsedijk,2022-08-24,12:00:00,29,19,10,FMN GV 18 Kasterlee
84,Oudemolsedijk,2022-08-24,13:00:00,66,43,23,FMN GV 18 Kasterlee
84,Oudemolsedijk,2022-08-24,14:00:00,60,39,21,FMN GV 18 Kasterlee
84,Oudemolsedijk,2022-08-24,15:00:00,68,36,32,FMN GV 18 Kasterlee
84,Oudemolsedijk,2022-08-24,16:00:00,69,43,26,FMN GV 18 Kasterlee
84,Oudemolsedijk,2022-08-24,17:00:00,62,27,35,FMN GV 18 Kasterlee
84,Oudemolsedijk,2022-08-24,18:00:00,43,27,16,FMN GV 18 Kasterlee
84,Oudemolsedijk,2022-08-24,19:00:00,54,24,30,FMN GV 18 Kasterlee
84,Oudemolsedijk,2022-08-24,20:00:00,68,35,33,FMN GV 18 Kasterlee
84,Oudemolsedijk,2022-08-24,21:00:00,15,13,2,FMN GV 18 Kasterlee
84,Oudemolsedijk,2022-08-24,22:00:00,11,5,6,FMN GV 18 Kasterlee
84,Oudemolsedijk,2022-08-24,23:00:00,11,3,8,FMN GV 18 Kasterlee
84,Oudemolsedijk,2022-08-25,00:00:00,0,0,0,FMN GV 18 Kasterlee
84,Oudemolsedijk,2022-08-25,01:00:00,0,0,0,FMN GV 18 Kasterlee
84,Oudemolsedijk,2022-08-25,02:00:00,0,0,0,FMN GV 18 Kasterlee
84,Oudemolsedijk,2022-08-25,03:00:00,2,2,0,FMN GV 18 Kasterlee
84,Oudemolsedijk,2022-08-25,04:00:00,0,0,0,FMN GV 18 Kasterlee
84,Oudemolsedijk,2022-08-25,05:00:00,5,4,1,FMN GV 18 Kasterlee
84,Oudemolsedijk,2022-08-25,06:00:00,22,11,11,FMN GV 18 Kasterlee
84,Oudemolsedijk,2022-08-25,07:00:00,29,18,11,FMN GV 18 Kasterlee
84,Oudemolsedijk,2022-08-25,08:00:00,32,20,12,FMN GV 18 Kasterlee
84,Oudemolsedijk,2022-08-25,09:00:00,53,19,34,FMN GV 18 Kasterlee
84,Oudemolsedijk,2022-08-25,10:00:00,73,27,46,FMN GV 18 Kasterlee
84,Oudemolsedijk,2022-08-25,11:00:00,45,27,18,FMN GV 18 Kasterlee
84,Oudemolsedijk,2022-08-25,12:00:00,52,26,26,FMN GV 18 Kasterlee
84,Oudemolsedijk,2022-08-25,13:00:00,69,22,47,FMN GV 18 Kasterlee
84,Oudemolsedijk,2022-08-25,14:00:00,45,25,20,FMN GV 18 Kasterlee
84,Oudemolsedijk,2022-08-25,15:00:00,51,26,25,FMN GV 18 Kasterlee
84,Oudemolsedijk,2022-08-25,16:00:00,59,30,29,FMN GV 18 Kasterlee
84,Oudemolsedijk,2022-08-25,17:00:00,57,25,32,FMN GV 18 Kasterlee
84,Oudemolsedijk,2022-08-25,18:00:00,35,21,14,FMN GV 18 Kasterlee
84,Oudemolsedijk,2022-08-25,19:00:00,39,28,11,FMN GV 18 Kasterlee
84,Oudemolsedijk,2022-08-25,20:00:00,34,12,22,FMN GV 18 Kasterlee
84,Oudemolsedijk,2022-08-25,21:00:00,18,10,8,FMN GV 18 Kasterlee
84,Oudemolsedijk,2022-08-25,22:00:00,5,1,4,FMN GV 18 Kasterlee
84,Oudemolsedijk,2022-08-25,23:00:00,1,0,1,FMN GV 18 Kasterlee
84,Oudemolsedijk,2022-08-26,00:00:00,0,0,0,FMN GV 18 Kasterlee
84,Oudemolsedijk,2022-08-26,01:00:00,0,0,0,FMN GV 18 Kasterlee
84,Oudemolsedijk,2022-08-26,02:00:00,0,0,0,FMN GV 18 Kasterlee
84,Oudemolsedijk,2022-08-26,03:00:00,0,0,0,FMN GV 18 Kasterlee
84,Oudemolsedijk,2022-08-26,04:00:00,1,1,0,FMN GV 18 Kasterlee
84,Oudemolsedijk,2022-08-26,05:00:00,1,1,0,FMN GV 18 Kasterlee
84,Oudemolsedijk,2022-08-26,06:00:00,17,6,11,FMN GV 18 Kasterlee
84,Oudemolsedijk,2022-08-26,07:00:00,19,13,6,FMN GV 18 Kasterlee
84,Oudemolsedijk,2022-08-26,08:00:00,22,12,10,FMN GV 18 Kasterlee
84,Oudemolsedijk,2022-08-26,09:00:00,24,12,12,FMN GV 18 Kasterlee
84,Oudemolsedijk,2022-08-26,10:00:00,30,6,24,FMN GV 18 Kasterlee
84,Oudemolsedijk,2022-08-26,11:00:00,20,12,8,FMN GV 18 Kasterlee
84,Oudemolsedijk,2022-08-26,12:00:00,23,16,7,FMN GV 18 Kasterlee
84,Oudemolsedijk,2022-08-26,13:00:00,41,19,22,FMN GV 18 Kasterlee
84,Oudemolsedijk,2022-08-26,14:00:00,58,36,22,FMN GV 18 Kasterlee
84,Oudemolsedijk,2022-08-26,15:00:00,39,23,16,FMN GV 18 Kasterlee
84,Oudemolsedijk,2022-08-26,16:00:00,45,21,24,FMN GV 18 Kasterlee
84,Oudemolsedijk,2022-08-26,17:00:00,22,12,10,FMN GV 18 Kasterlee
84,Oudemolsedijk,2022-08-26,18:00:00,36,16,20,FMN GV 18 Kasterlee
84,Oudemolsedijk,2022-08-26,19:00:00,21,14,7,FMN GV 18 Kasterlee
84,Oudemolsedijk,2022-08-26,20:00:00,31,30,1,FMN GV 18 Kasterlee
84,Oudemolsedijk,2022-08-26,21:00:00,20,15,5,FMN GV 18 Kasterlee
84,Oudemolsedijk,2022-08-26,22:00:00,3,1,2,FMN GV 18 Kasterlee
84,Oudemolsedijk,2022-08-26,23:00:00,1,1,0,FMN GV 18 Kasterlee
84,Oudemolsedijk,2022-08-27,00:00:00,0,0,0,FMN GV 18 Kasterlee
84,Oudemolsedijk,2022-08-27,01:00:00,1,0,1,FMN GV 18 Kasterlee
84,Oudemolsedijk,2022-08-27,02:00:00,0,0,0,FMN GV 18 Kasterlee
84,Oudemolsedijk,2022-08-27,03:00:00,0,0,0,FMN GV 18 Kasterlee
84,Oudemolsedijk,2022-08-27,04:00:00,3,2,1,FMN GV 18 Kasterlee
84,Oudemolsedijk,2022-08-27,05:00:00,2,2,0,FMN GV 18 Kasterlee
84,Oudemolsedijk,2022-08-27,06:00:00,3,1,2,FMN GV 18 Kasterlee
84,Oudemolsedijk,2022-08-27,07:00:00,3,1,2,FMN GV 18 Kasterlee
84,Oudemolsedijk,2022-08-27,08:00:00,24,13,11,FMN GV 18 Kasterlee
84,Oudemolsedijk,2022-08-27,09:00:00,50,30,20,FMN GV 18 Kasterlee
84,Oudemolsedijk,2022-08-27,10:00:00,68,44,24,FMN GV 18 Kasterlee
84,Oudemolsedijk,2022-08-27,11:00:00,57,28,29,FMN GV 18 Kasterlee
84,Oudemolsedijk,2022-08-27,12:00:00,65,33,32,FMN GV 18 Kasterlee
84,Oudemolsedijk,2022-08-27,13:00:00,101,46,55,FMN GV 18 Kasterlee
84,Oudemolsedijk,2022-08-27,14:00:00,116,71,45,FMN GV 18 Kasterlee
84,Oudemolsedijk,2022-08-27,15:00:00,113,58,55,FMN GV 18 Kasterlee
84,Oudemolsedijk,2022-08-27,16:00:00,68,35,33,FMN GV 18 Kasterlee
84,Oudemolsedijk,2022-08-27,17:00:00,52,30,22,FMN GV 18 Kasterlee
84,Oudemolsedijk,2022-08-27,18:00:00,19,11,8,FMN GV 18 Kasterlee
84,Oudemolsedijk,2022-08-27,19:00:00,6,3,3,FMN GV 18 Kasterlee
84,Oudemolsedijk,2022-08-27,20:00:00,17,10,7,FMN GV 18 Kasterlee
84,Oudemolsedijk,2022-08-27,21:00:00,2,1,1,FMN GV 18 Kasterlee
84,Oudemolsedijk,2022-08-27,22:00:00,3,0,3,FMN GV 18 Kasterlee
84,Oudemolsedijk,2022-08-27,23:00:00,1,0,1,FMN GV 18 Kasterlee
84,Oudemolsedijk,2022-08-28,00:00:00,0,0,0,FMN GV 18 Kasterlee
84,Oudemolsedijk,2022-08-28,01:00:00,1,1,0,FMN GV 18 Kasterlee
84,Oudemolsedijk,2022-08-28,02:00:00,2,2,0,FMN GV 18 Kasterlee
84,Oudemolsedijk,2022-08-28,03:00:00,0,0,0,FMN GV 18 Kasterlee
84,Oudemolsedijk,2022-08-28,04:00:00,1,1,0,FMN GV 18 Kasterlee
84,Oudemolsedijk,2022-08-28,05:00:00,0,0,0,FMN GV 18 Kasterlee
84,Oudemolsedijk,2022-08-28,06:00:00,3,1,2,FMN GV 18 Kasterlee
84,Oudemolsedijk,2022-08-28,07:00:00,20,12,8,FMN GV 18 Kasterlee
84,Oudemolsedijk,2022-08-28,08:00:00,56,46,10,FMN GV 18 Kasterlee
84,Oudemolsedijk,2022-08-28,09:00:00,164,90,74,FMN GV 18 Kasterlee
84,Oudemolsedijk,2022-08-28,10:00:00,131,83,48,FMN GV 18 Kasterlee
84,Oudemolsedijk,2022-08-28,11:00:00,132,97,35,FMN GV 18 Kasterlee
84,Oudemolsedijk,2022-08-28,12:00:00,85,47,38,FMN GV 18 Kasterlee
84,Oudemolsedijk,2022-08-28,13:00:00,89,61,28,FMN GV 18 Kasterlee
84,Oudemolsedijk,2022-08-28,14:00:00,179,110,69,FMN GV 18 Kasterlee
84,Oudemolsedijk,2022-08-28,15:00:00,95,50,45,FMN GV 18 Kasterlee
84,Oudemolsedijk,2022-08-28,16:00:00,134,77,57,FMN GV 18 Kasterlee
84,Oudemolsedijk,2022-08-28,17:00:00,94,40,54,FMN GV 18 Kasterlee
84,Oudemolsedijk,2022-08-28,18:00:00,60,25,35,FMN GV 18 Kasterlee
84,Oudemolsedijk,2022-08-28,19:00:00,29,8,21,FMN GV 18 Kasterlee
84,Oudemolsedijk,2022-08-28,20:00:00,21,13,8,FMN GV 18 Kasterlee
84,Oudemolsedijk,2022-08-28,21:00:00,6,2,4,FMN GV 18 Kasterlee
84,Oudemolsedijk,2022-08-28,22:00:00,2,1,1,FMN GV 18 Kasterlee
84,Oudemolsedijk,2022-08-28,23:00:00,4,0,4,FMN GV 18 Kasterlee
84,Oudemolsedijk,2022-08-29,00:00:00,0,0,0,FMN GV 18 Kasterlee
84,Oudemolsedijk,2022-08-29,01:00:00,1,1,0,FMN GV 18 Kasterlee
84,Oudemolsedijk,2022-08-29,02:00:00,0,0,0,FMN GV 18 Kasterlee
84,Oudemolsedijk,2022-08-29,03:00:00,0,0,0,FMN GV 18 Kasterlee
84,Oudemolsedijk,2022-08-29,04:00:00,2,2,0,FMN GV 18 Kasterlee
84,Oudemolsedijk,2022-08-29,05:00:00,6,5,1,FMN GV 18 Kasterlee
84,Oudemolsedijk,2022-08-29,06:00:00,22,13,9,FMN GV 18 Kasterlee
84,Oudemolsedijk,2022-08-29,07:00:00,34,18,16,FMN GV 18 Kasterlee
84,Oudemolsedijk,2022-08-29,08:00:00,25,20,5,FMN GV 18 Kasterlee
84,Oudemolsedijk,2022-08-29,09:00:00,8,4,4,FMN GV 18 Kasterlee
84,Oudemolsedijk,2022-08-29,10:00:00,16,4,12,FMN GV 18 Kasterlee
84,Oudemolsedijk,2022-08-29,11:00:00,23,14,9,FMN GV 18 Kasterlee
84,Oudemolsedijk,2022-08-29,12:00:00,22,15,7,FMN GV 18 Kasterlee
84,Oudemolsedijk,2022-08-29,13:00:00,97,34,63,FMN GV 18 Kasterlee
84,Oudemolsedijk,2022-08-29,14:00:00,60,40,20,FMN GV 18 Kasterlee
84,Oudemolsedijk,2022-08-29,15:00:00,60,28,32,FMN GV 18 Kasterlee
84,Oudemolsedijk,2022-08-29,16:00:00,110,74,36,FMN GV 18 Kasterlee
84,Oudemolsedijk,2022-08-29,17:00:00,52,22,30,FMN GV 18 Kasterlee
84,Oudemolsedijk,2022-08-29,18:00:00,44,26,18,FMN GV 18 Kasterlee
84,Oudemolsedijk,2022-08-29,19:00:00,37,16,21,FMN GV 18 Kasterlee
84,Oudemolsedijk,2022-08-29,20:00:00,23,13,10,FMN GV 18 Kasterlee
84,Oudemolsedijk,2022-08-29,21:00:00,2,2,0,FMN GV 18 Kasterlee
84,Oudemolsedijk,2022-08-29,22:00:00,7,1,6,FMN GV 18 Kasterlee
84,Oudemolsedijk,2022-08-29,23:00:00,1,1,0,FMN GV 18 Kasterlee
84,Oudemolsedijk,2022-08-30,00:00:00,1,0,1,FMN GV 18 Kasterlee
84,Oudemolsedijk,2022-08-30,01:00:00,0,0,0,FMN GV 18 Kasterlee
84,Oudemolsedijk,2022-08-30,02:00:00,0,0,0,FMN GV 18 Kasterlee
84,Oudemolsedijk,2022-08-30,03:00:00,0,0,0,FMN GV 18 Kasterlee
84,Oudemolsedijk,2022-08-30,04:00:00,3,3,0,FMN GV 18 Kasterlee
84,Oudemolsedijk,2022-08-30,05:00:00,7,7,0,FMN GV 18 Kasterlee
84,Oudemolsedijk,2022-08-30,06:00:00,28,16,12,FMN GV 18 Kasterlee
84,Oudemolsedijk,2022-08-30,07:00:00,39,24,15,FMN GV 18 Kasterlee
84,Oudemolsedijk,2022-08-30,08:00:00,28,16,12,FMN GV 18 Kasterlee
84,Oudemolsedijk,2022-08-30,09:00:00,22,8,14,FMN GV 18 Kasterlee
84,Oudemolsedijk,2022-08-30,10:00:00,60,15,45,FMN GV 18 Kasterlee
84,Oudemolsedijk,2022-08-30,11:00:00,35,24,11,FMN GV 18 Kasterlee
84,Oudemolsedijk,2022-08-30,12:00:00,52,37,15,FMN GV 18 Kasterlee
84,Oudemolsedijk,2022-08-30,13:00:00,67,24,43,FMN GV 18 Kasterlee
84,Oudemolsedijk,2022-08-30,14:00:00,114,44,70,FMN GV 18 Kasterlee
84,Oudemolsedijk,2022-08-30,15:00:00,67,14,53,FMN GV 18 Kasterlee
84,Oudemolsedijk,2022-08-30,16:00:00,100,57,43,FMN GV 18 Kasterlee
84,Oudemolsedijk,2022-08-30,17:00:00,51,22,29,FMN GV 18 Kasterlee
84,Oudemolsedijk,2022-08-30,18:00:00,41,22,19,FMN GV 18 Kasterlee
84,Oudemolsedijk,2022-08-30,19:00:00,42,28,14,FMN GV 18 Kasterlee
84,Oudemolsedijk,2022-08-30,20:00:00,20,12,8,FMN GV 18 Kasterlee
84,Oudemolsedijk,2022-08-30,21:00:00,11,6,5,FMN GV 18 Kasterlee
84,Oudemolsedijk,2022-08-30,22:00:00,4,2,2,FMN GV 18 Kasterlee
84,Oudemolsedijk,2022-08-30,23:00:00,1,0,1,FMN GV 18 Kasterlee
84,Oudemolsedijk,2022-08-31,00:00:00,1,0,1,FMN GV 18 Kasterlee
84,Oudemolsedijk,2022-08-31,01:00:00,0,0,0,FMN GV 18 Kasterlee
84,Oudemolsedijk,2022-08-31,02:00:00,0,0,0,FMN GV 18 Kasterlee
84,Oudemolsedijk,2022-08-31,03:00:00,0,0,0,FMN GV 18 Kasterlee
84,Oudemolsedijk,2022-08-31,04:00:00,2,2,0,FMN GV 18 Kasterlee
84,Oudemolsedijk,2022-08-31,05:00:00,8,7,1,FMN GV 18 Kasterlee
84,Oudemolsedijk,2022-08-31,06:00:00,21,9,12,FMN GV 18 Kasterlee
84,Oudemolsedijk,2022-08-31,07:00:00,25,13,12,FMN GV 18 Kasterlee
84,Oudemolsedijk,2022-08-31,08:00:00,32,20,12,FMN GV 18 Kasterlee
84,Oudemolsedijk,2022-08-31,09:00:00,18,7,11,FMN GV 18 Kasterlee
84,Oudemolsedijk,2022-08-31,10:00:00,32,14,18,FMN GV 18 Kasterlee
84,Oudemolsedijk,2022-08-31,11:00:00,21,7,14,FMN GV 18 Kasterlee
84,Oudemolsedijk,2022-08-31,12:00:00,35,19,16,FMN GV 18 Kasterlee
84,Oudemolsedijk,2022-08-31,13:00:00,62,43,19,FMN GV 18 Kasterlee
84,Oudemolsedijk,2022-08-31,14:00:00,88,46,42,FMN GV 18 Kasterlee
84,Oudemolsedijk,2022-08-31,15:00:00,77,43,34,FMN GV 18 Kasterlee
84,Oudemolsedijk,2022-08-31,16:00:00,74,42,32,FMN GV 18 Kasterlee
84,Oudemolsedijk,2022-08-31,17:00:00,60,28,32,FMN GV 18 Kasterlee
84,Oudemolsedijk,2022-08-31,18:00:00,31,19,12,FMN GV 18 Kasterlee
84,Oudemolsedijk,2022-08-31,19:00:00,46,16,30,FMN GV 18 Kasterlee
84,Oudemolsedijk,2022-08-31,20:00:00,59,41,18,FMN GV 18 Kasterlee
84,Oudemolsedijk,2022-08-31,21:00:00,11,7,4,FMN GV 18 Kasterlee
84,Oudemolsedijk,2022-08-31,22:00:00,4,2,2,FMN GV 18 Kasterlee
84,Oudemolsedijk,2022-08-31,23:00:00,1,0,1,FMN GV 18 Kasterlee
84,Oudemolsedijk,2022-09-01,00:00:00,0,0,0,FMN GV 18 Kasterlee
84,Oudemolsedijk,2022-09-01,01:00:00,0,0,0,FMN GV 18 Kasterlee
84,Oudemolsedijk,2022-09-01,02:00:00,0,0,0,FMN GV 18 Kasterlee
84,Oudemolsedijk,2022-09-01,03:00:00,0,0,0,FMN GV 18 Kasterlee
84,Oudemolsedijk,2022-09-01,04:00:00,3,3,0,FMN GV 18 Kasterlee
84,Oudemolsedijk,2022-09-01,05:00:00,7,7,0,FMN GV 18 Kasterlee
84,Oudemolsedijk,2022-09-01,06:00:00,23,8,15,FMN GV 18 Kasterlee
84,Oudemolsedijk,2022-09-01,07:00:00,34,20,14,FMN GV 18 Kasterlee
84,Oudemolsedijk,2022-09-01,08:00:00,50,29,21,FMN GV 18 Kasterlee
84,Oudemolsedijk,2022-09-01,09:00:00,29,5,24,FMN GV 18 Kasterlee
84,Oudemolsedijk,2022-09-01,10:00:00,38,25,13,FMN GV 18 Kasterlee
84,Oudemolsedijk,2022-09-01,11:00:00,49,26,23,FMN GV 18 Kasterlee
84,Oudemolsedijk,2022-09-01,12:00:00,48,23,25,FMN GV 18 Kasterlee
84,Oudemolsedijk,2022-09-01,13:00:00,85,44,41,FMN GV 18 Kasterlee
84,Oudemolsedijk,2022-09-01,14:00:00,111,53,58,FMN GV 18 Kasterlee
84,Oudemolsedijk,2022-09-01,15:00:00,99,54,45,FMN GV 18 Kasterlee
84,Oudemolsedijk,2022-09-01,16:00:00,101,49,52,FMN GV 18 Kasterlee
84,Oudemolsedijk,2022-09-01,17:00:00,70,36,34,FMN GV 18 Kasterlee
84,Oudemolsedijk,2022-09-01,18:00:00,36,16,20,FMN GV 18 Kasterlee
84,Oudemolsedijk,2022-09-01,19:00:00,43,24,19,FMN GV 18 Kasterlee
84,Oudemolsedijk,2022-09-01,20:00:00,29,25,4,FMN GV 18 Kasterlee
84,Oudemolsedijk,2022-09-01,21:00:00,6,6,0,FMN GV 18 Kasterlee
84,Oudemolsedijk,2022-09-01,22:00:00,1,0,1,FMN GV 18 Kasterlee
84,Oudemolsedijk,2022-09-01,23:00:00,7,2,5,FMN GV 18 Kasterlee
84,Oudemolsedijk,2022-09-02,00:00:00,0,0,0,FMN GV 18 Kasterlee
84,Oudemolsedijk,2022-09-02,01:00:00,0,0,0,FMN GV 18 Kasterlee
84,Oudemolsedijk,2022-09-02,02:00:00,0,0,0,FMN GV 18 Kasterlee
84,Oudemolsedijk,2022-09-02,03:00:00,0,0,0,FMN GV 18 Kasterlee
84,Oudemolsedijk,2022-09-02,04:00:00,3,3,0,FMN GV 18 Kasterlee
84,Oudemolsedijk,2022-09-02,05:00:00,7,7,0,FMN GV 18 Kasterlee
84,Oudemolsedijk,2022-09-02,06:00:00,21,11,10,FMN GV 18 Kasterlee
84,Oudemolsedijk,2022-09-02,07:00:00,39,25,14,FMN GV 18 Kasterlee
84,Oudemolsedijk,2022-09-02,08:00:00,34,24,10,FMN GV 18 Kasterlee
84,Oudemolsedijk,2022-09-02,09:00:00,27,13,14,FMN GV 18 Kasterlee
84,Oudemolsedijk,2022-09-02,10:00:00,28,18,10,FMN GV 18 Kasterlee
84,Oudemolsedijk,2022-09-02,11:00:00,39,31,8,FMN GV 18 Kasterlee
84,Oudemolsedijk,2022-09-02,12:00:00,43,21,22,FMN GV 18 Kasterlee
84,Oudemolsedijk,2022-09-02,13:00:00,55,29,26,FMN GV 18 Kasterlee
84,Oudemolsedijk,2022-09-02,14:00:00,87,29,58,FMN GV 18 Kasterlee
84,Oudemolsedijk,2022-09-02,15:00:00,96,57,39,FMN GV 18 Kasterlee
84,Oudemolsedijk,2022-09-02,16:00:00,97,46,51,FMN GV 18 Kasterlee
84,Oudemolsedijk,2022-09-02,17:00:00,38,20,18,FMN GV 18 Kasterlee
84,Oudemolsedijk,2022-09-02,18:00:00,53,30,23,FMN GV 18 Kasterlee
84,Oudemolsedijk,2022-09-02,19:00:00,27,14,13,FMN GV 18 Kasterlee
84,Oudemolsedijk,2022-09-02,20:00:00,11,5,6,FMN GV 18 Kasterlee
84,Oudemolsedijk,2022-09-02,21:00:00,1,0,1,FMN GV 18 Kasterlee
84,Oudemolsedijk,2022-09-02,22:00:00,3,3,0,FMN GV 18 Kasterlee
84,Oudemolsedijk,2022-09-02,23:00:00,2,1,1,FMN GV 18 Kasterlee
84,Oudemolsedijk,2022-09-03,00:00:00,1,0,1,FMN GV 18 Kasterlee
84,Oudemolsedijk,2022-09-03,01:00:00,1,0,1,FMN GV 18 Kasterlee
84,Oudemolsedijk,2022-09-03,02:00:00,1,0,1,FMN GV 18 Kasterlee
84,Oudemolsedijk,2022-09-03,03:00:00,1,0,1,FMN GV 18 Kasterlee
84,Oudemolsedijk,2022-09-03,04:00:00,1,0,1,FMN GV 18 Kasterlee
84,Oudemolsedijk,2022-09-03,05:00:00,0,0,0,FMN GV 18 Kasterlee
84,Oudemolsedijk,2022-09-03,06:00:00,6,4,2,FMN GV 18 Kasterlee
84,Oudemolsedijk,2022-09-03,07:00:00,6,4,2,FMN GV 18 Kasterlee
84,Oudemolsedijk,2022-09-03,08:00:00,10,6,4,FMN GV 18 Kasterlee
84,Oudemolsedijk,2022-09-03,09:00:00,16,8,8,FMN GV 18 Kasterlee
84,Oudemolsedijk,2022-09-03,10:00:00,35,25,10,FMN GV 18 Kasterlee
84,Oudemolsedijk,2022-09-03,11:00:00,65,33,32,FMN GV 18 Kasterlee
84,Oudemolsedijk,2022-09-03,12:00:00,63,38,25,FMN GV 18 Kasterlee
84,Oudemolsedijk,2022-09-03,13:00:00,72,46,26,FMN GV 18 Kasterlee
84,Oudemolsedijk,2022-09-03,14:00:00,104,55,49,FMN GV 18 Kasterlee
84,Oudemolsedijk,2022-09-03,15:00:00,106,59,47,FMN GV 18 Kasterlee
84,Oudemolsedijk,2022-09-03,16:00:00,41,29,12,FMN GV 18 Kasterlee
84,Oudemolsedijk,2022-09-03,17:00:00,46,18,28,FMN GV 18 Kasterlee
84,Oudemolsedijk,2022-09-03,18:00:00,20,11,9,FMN GV 18 Kasterlee
84,Oudemolsedijk,2022-09-03,19:00:00,14,11,3,FMN GV 18 Kasterlee
84,Oudemolsedijk,2022-09-03,20:00:00,5,3,2,FMN GV 18 Kasterlee
84,Oudemolsedijk,2022-09-03,21:00:00,4,3,1,FMN GV 18 Kasterlee
84,Oudemolsedijk,2022-09-03,22:00:00,1,0,1,FMN GV 18 Kasterlee
84,Oudemolsedijk,2022-09-03,23:00:00,2,2,0,FMN GV 18 Kasterlee
84,Oudemolsedijk,2022-09-04,00:00:00,0,0,0,FMN GV 18 Kasterlee
84,Oudemolsedijk,2022-09-04,01:00:00,0,0,0,FMN GV 18 Kasterlee
84,Oudemolsedijk,2022-09-04,02:00:00,1,0,1,FMN GV 18 Kasterlee
84,Oudemolsedijk,2022-09-04,03:00:00,1,0,1,FMN GV 18 Kasterlee
84,Oudemolsedijk,2022-09-04,04:00:00,0,0,0,FMN GV 18 Kasterlee
84,Oudemolsedijk,2022-09-04,05:00:00,0,0,0,FMN GV 18 Kasterlee
84,Oudemolsedijk,2022-09-04,06:00:00,4,0,4,FMN GV 18 Kasterlee
84,Oudemolsedijk,2022-09-04,07:00:00,21,10,11,FMN GV 18 Kasterlee
84,Oudemolsedijk,2022-09-04,08:00:00,39,9,30,FMN GV 18 Kasterlee
84,Oudemolsedijk,2022-09-04,09:00:00,91,40,51,FMN GV 18 Kasterlee
84,Oudemolsedijk,2022-09-04,10:00:00,159,101,58,FMN GV 18 Kasterlee
84,Oudemolsedijk,2022-09-04,11:00:00,136,80,56,FMN GV 18 Kasterlee
84,Oudemolsedijk,2022-09-04,12:00:00,73,36,37,FMN GV 18 Kasterlee
84,Oudemolsedijk,2022-09-04,13:00:00,129,61,68,FMN GV 18 Kasterlee
84,Oudemolsedijk,2022-09-04,14:00:00,206,109,97,FMN GV 18 Kasterlee
84,Oudemolsedijk,2022-09-04,15:00:00,152,81,71,FMN GV 18 Kasterlee
84,Oudemolsedijk,2022-09-04,16:00:00,140,65,75,FMN GV 18 Kasterlee
84,Oudemolsedijk,2022-09-04,17:00:00,96,71,25,FMN GV 18 Kasterlee
84,Oudemolsedijk,2022-09-04,18:00:00,37,13,24,FMN GV 18 Kasterlee
84,Oudemolsedijk,2022-09-04,19:00:00,27,23,4,FMN GV 18 Kasterlee
84,Oudemolsedijk,2022-09-04,20:00:00,12,7,5,FMN GV 18 Kasterlee
84,Oudemolsedijk,2022-09-04,21:00:00,5,4,1,FMN GV 18 Kasterlee
84,Oudemolsedijk,2022-09-04,22:00:00,3,1,2,FMN GV 18 Kasterlee
84,Oudemolsedijk,2022-09-04,23:00:00,0,0,0,FMN GV 18 Kasterlee
84,Oudemolsedijk,2022-09-05,00:00:00,0,0,0,FMN GV 18 Kasterlee
84,Oudemolsedijk,2022-09-05,01:00:00,0,0,0,FMN GV 18 Kasterlee
84,Oudemolsedijk,2022-09-05,02:00:00,0,0,0,FMN GV 18 Kasterlee
84,Oudemolsedijk,2022-09-05,03:00:00,0,0,0,FMN GV 18 Kasterlee
84,Oudemolsedijk,2022-09-05,04:00:00,1,1,0,FMN GV 18 Kasterlee
84,Oudemolsedijk,2022-09-05,05:00:00,6,5,1,FMN GV 18 Kasterlee
84,Oudemolsedijk,2022-09-05,06:00:00,26,14,12,FMN GV 18 Kasterlee
84,Oudemolsedijk,2022-09-05,07:00:00,47,21,26,FMN GV 18 Kasterlee
84,Oudemolsedijk,2022-09-05,08:00:00,34,25,9,FMN GV 18 Kasterlee
84,Oudemolsedijk,2022-09-05,09:00:00,29,12,17,FMN GV 18 Kasterlee
84,Oudemolsedijk,2022-09-05,10:00:00,35,22,13,FMN GV 18 Kasterlee
84,Oudemolsedijk,2022-09-05,11:00:00,42,20,22,FMN GV 18 Kasterlee
84,Oudemolsedijk,2022-09-05,12:00:00,58,35,23,FMN GV 18 Kasterlee
84,Oudemolsedijk,2022-09-05,13:00:00,78,39,39,FMN GV 18 Kasterlee
84,Oudemolsedijk,2022-09-05,14:00:00,91,34,57,FMN GV 18 Kasterlee
84,Oudemolsedijk,2022-09-05,15:00:00,80,52,28,FMN GV 18 Kasterlee
84,Oudemolsedijk,2022-09-05,16:00:00,101,52,49,FMN GV 18 Kasterlee
84,Oudemolsedijk,2022-09-05,17:00:00,44,16,28,FMN GV 18 Kasterlee
84,Oudemolsedijk,2022-09-05,18:00:00,33,12,21,FMN GV 18 Kasterlee
84,Oudemolsedijk,2022-09-05,19:00:00,8,6,2,FMN GV 18 Kasterlee
84,Oudemolsedijk,2022-09-05,20:00:00,1,1,0,FMN GV 18 Kasterlee
84,Oudemolsedijk,2022-09-05,21:00:00,5,4,1,FMN GV 18 Kasterlee
84,Oudemolsedijk,2022-09-05,22:00:00,4,1,3,FMN GV 18 Kasterlee
84,Oudemolsedijk,2022-09-05,23:00:00,1,0,1,FMN GV 18 Kasterlee
84,Oudemolsedijk,2022-09-06,00:00:00,0,0,0,FMN GV 18 Kasterlee
84,Oudemolsedijk,2022-09-06,01:00:00,0,0,0,FMN GV 18 Kasterlee
84,Oudemolsedijk,2022-09-06,02:00:00,0,0,0,FMN GV 18 Kasterlee
84,Oudemolsedijk,2022-09-06,03:00:00,0,0,0,FMN GV 18 Kasterlee
84,Oudemolsedijk,2022-09-06,04:00:00,1,1,0,FMN GV 18 Kasterlee
84,Oudemolsedijk,2022-09-06,05:00:00,5,5,0,FMN GV 18 Kasterlee
84,Oudemolsedijk,2022-09-06,06:00:00,25,12,13,FMN GV 18 Kasterlee
84,Oudemolsedijk,2022-09-06,07:00:00,41,21,20,FMN GV 18 Kasterlee
84,Oudemolsedijk,2022-09-06,08:00:00,30,17,13,FMN GV 18 Kasterlee
84,Oudemolsedijk,2022-09-06,09:00:00,16,5,11,FMN GV 18 Kasterlee
84,Oudemolsedijk,2022-09-06,10:00:00,30,9,21,FMN GV 18 Kasterlee
84,Oudemolsedijk,2022-09-06,11:00:00,39,23,16,FMN GV 18 Kasterlee
84,Oudemolsedijk,2022-09-06,12:00:00,34,28,6,FMN GV 18 Kasterlee
84,Oudemolsedijk,2022-09-06,13:00:00,73,41,32,FMN GV 18 Kasterlee
84,Oudemolsedijk,2022-09-06,14:00:00,116,58,58,FMN GV 18 Kasterlee
84,Oudemolsedijk,2022-09-06,15:00:00,76,40,36,FMN GV 18 Kasterlee
84,Oudemolsedijk,2022-09-06,16:00:00,109,69,40,FMN GV 18 Kasterlee
84,Oudemolsedijk,2022-09-06,17:00:00,71,37,34,FMN GV 18 Kasterlee
84,Oudemolsedijk,2022-09-06,18:00:00,31,17,14,FMN GV 18 Kasterlee
84,Oudemolsedijk,2022-09-06,19:00:00,36,16,20,FMN GV 18 Kasterlee
84,Oudemolsedijk,2022-09-06,20:00:00,20,8,12,FMN GV 18 Kasterlee
84,Oudemolsedijk,2022-09-06,21:00:00,6,2,4,FMN GV 18 Kasterlee
84,Oudemolsedijk,2022-09-06,22:00:00,4,2,2,FMN GV 18 Kasterlee
84,Oudemolsedijk,2022-09-06,23:00:00,2,0,2,FMN GV 18 Kasterlee
84,Oudemolsedijk,2022-09-07,00:00:00,3,0,3,FMN GV 18 Kasterlee
84,Oudemolsedijk,2022-09-07,01:00:00,0,0,0,FMN GV 18 Kasterlee
84,Oudemolsedijk,2022-09-07,02:00:00,0,0,0,FMN GV 18 Kasterlee
84,Oudemolsedijk,2022-09-07,03:00:00,0,0,0,FMN GV 18 Kasterlee
84,Oudemolsedijk,2022-09-07,04:00:00,5,5,0,FMN GV 18 Kasterlee
84,Oudemolsedijk,2022-09-07,05:00:00,4,3,1,FMN GV 18 Kasterlee
84,Oudemolsedijk,2022-09-07,06:00:00,28,13,15,FMN GV 18 Kasterlee
84,Oudemolsedijk,2022-09-07,07:00:00,38,19,19,FMN GV 18 Kasterlee
84,Oudemolsedijk,2022-09-07,08:00:00,34,21,13,FMN GV 18 Kasterlee
84,Oudemolsedijk,2022-09-07,09:00:00,18,9,9,FMN GV 18 Kasterlee
84,Oudemolsedijk,2022-09-07,10:00:00,30,14,16,FMN GV 18 Kasterlee
84,Oudemolsedijk,2022-09-07,11:00:00,27,14,13,FMN GV 18 Kasterlee
84,Oudemolsedijk,2022-09-07,12:00:00,45,22,23,FMN GV 18 Kasterlee
84,Oudemolsedijk,2022-09-07,13:00:00,83,45,38,FMN GV 18 Kasterlee
84,Oudemolsedijk,2022-09-07,14:00:00,78,36,42,FMN GV 18 Kasterlee
84,Oudemolsedijk,2022-09-07,15:00:00,92,42,50,FMN GV 18 Kasterlee
84,Oudemolsedijk,2022-09-07,16:00:00,59,32,27,FMN GV 18 Kasterlee
84,Oudemolsedijk,2022-09-07,17:00:00,60,25,35,FMN GV 18 Kasterlee
84,Oudemolsedijk,2022-09-07,18:00:00,52,21,31,FMN GV 18 Kasterlee
84,Oudemolsedijk,2022-09-07,19:00:00,48,25,23,FMN GV 18 Kasterlee
84,Oudemolsedijk,2022-09-07,20:00:00,47,38,9,FMN GV 18 Kasterlee
84,Oudemolsedijk,2022-09-07,21:00:00,4,4,0,FMN GV 18 Kasterlee
84,Oudemolsedijk,2022-09-07,22:00:00,4,1,3,FMN GV 18 Kasterlee
84,Oudemolsedijk,2022-09-07,23:00:00,2,1,1,FMN GV 18 Kasterlee
84,Oudemolsedijk,2022-09-08,00:00:00,0,0,0,FMN GV 18 Kasterlee
84,Oudemolsedijk,2022-09-08,01:00:00,0,0,0,FMN GV 18 Kasterlee
84,Oudemolsedijk,2022-09-08,02:00:00,0,0,0,FMN GV 18 Kasterlee
84,Oudemolsedijk,2022-09-08,03:00:00,0,0,0,FMN GV 18 Kasterlee
84,Oudemolsedijk,2022-09-08,04:00:00,3,2,1,FMN GV 18 Kasterlee
84,Oudemolsedijk,2022-09-08,05:00:00,3,3,0,FMN GV 18 Kasterlee
84,Oudemolsedijk,2022-09-08,06:00:00,12,2,10,FMN GV 18 Kasterlee
84,Oudemolsedijk,2022-09-08,07:00:00,16,10,6,FMN GV 18 Kasterlee
84,Oudemolsedijk,2022-09-08,08:00:00,21,15,6,FMN GV 18 Kasterlee
84,Oudemolsedijk,2022-09-08,09:00:00,28,11,17,FMN GV 18 Kasterlee
84,Oudemolsedijk,2022-09-08,10:00:00,33,16,17,FMN GV 18 Kasterlee
84,Oudemolsedijk,2022-09-08,11:00:00,17,7,10,FMN GV 18 Kasterlee
84,Oudemolsedijk,2022-09-08,12:00:00,17,9,8,FMN GV 18 Kasterlee
84,Oudemolsedijk,2022-09-08,13:00:00,34,19,15,FMN GV 18 Kasterlee
84,Oudemolsedijk,2022-09-08,14:00:00,32,15,17,FMN GV 18 Kasterlee
84,Oudemolsedijk,2022-09-08,15:00:00,31,17,14,FMN GV 18 Kasterlee
84,Oudemolsedijk,2022-09-08,16:00:00,42,15,27,FMN GV 18 Kasterlee
84,Oudemolsedijk,2022-09-08,17:00:00,32,17,15,FMN GV 18 Kasterlee
84,Oudemolsedijk,2022-09-08,18:00:00,18,13,5,FMN GV 18 Kasterlee
84,Oudemolsedijk,2022-09-08,19:00:00,14,8,6,FMN GV 18 Kasterlee
84,Oudemolsedijk,2022-09-08,20:00:00,13,11,2,FMN GV 18 Kasterlee
84,Oudemolsedijk,2022-09-08,21:00:00,2,0,2,FMN GV 18 Kasterlee
84,Oudemolsedijk,2022-09-08,22:00:00,4,1,3,FMN GV 18 Kasterlee
84,Oudemolsedijk,2022-09-08,23:00:00,1,0,1,FMN GV 18 Kasterlee
84,Oudemolsedijk,2022-09-09,00:00:00,0,0,0,FMN GV 18 Kasterlee
84,Oudemolsedijk,2022-09-09,01:00:00,0,0,0,FMN GV 18 Kasterlee
84,Oudemolsedijk,2022-09-09,02:00:00,0,0,0,FMN GV 18 Kasterlee
84,Oudemolsedijk,2022-09-09,03:00:00,0,0,0,FMN GV 18 Kasterlee
84,Oudemolsedijk,2022-09-09,04:00:00,0,0,0,FMN GV 18 Kasterlee
84,Oudemolsedijk,2022-09-09,05:00:00,3,3,0,FMN GV 18 Kasterlee
84,Oudemolsedijk,2022-09-09,06:00:00,14,6,8,FMN GV 18 Kasterlee
84,Oudemolsedijk,2022-09-09,07:00:00,26,17,9,FMN GV 18 Kasterlee
84,Oudemolsedijk,2022-09-09,08:00:00,22,15,7,FMN GV 18 Kasterlee
84,Oudemolsedijk,2022-09-09,09:00:00,16,9,7,FMN GV 18 Kasterlee
84,Oudemolsedijk,2022-09-09,10:00:00,7,2,5,FMN GV 18 Kasterlee
84,Oudemolsedijk,2022-09-09,11:00:00,11,8,3,FMN GV 18 Kasterlee
84,Oudemolsedijk,2022-09-09,12:00:00,8,4,4,FMN GV 18 Kasterlee
84,Oudemolsedijk,2022-09-09,13:00:00,10,4,6,FMN GV 18 Kasterlee
84,Oudemolsedijk,2022-09-09,14:00:00,11,4,7,FMN GV 18 Kasterlee
84,Oudemolsedijk,2022-09-09,15:00:00,17,6,11,FMN GV 18 Kasterlee
84,Oudemolsedijk,2022-09-09,16:00:00,27,14,13,FMN GV 18 Kasterlee
84,Oudemolsedijk,2022-09-09,17:00:00,19,7,12,FMN GV 18 Kasterlee
84,Oudemolsedijk,2022-09-09,18:00:00,4,2,2,FMN GV 18 Kasterlee
84,Oudemolsedijk,2022-09-09,19:00:00,5,2,3,FMN GV 18 Kasterlee
84,Oudemolsedijk,2022-09-09,20:00:00,4,1,3,FMN GV 18 Kasterlee
84,Oudemolsedijk,2022-09-09,21:00:00,1,1,0,FMN GV 18 Kasterlee
84,Oudemolsedijk,2022-09-09,22:00:00,1,0,1,FMN GV 18 Kasterlee
84,Oudemolsedijk,2022-09-09,23:00:00,1,0,1,FMN GV 18 Kasterlee
84,Oudemolsedijk,2022-09-10,00:00:00,0,0,0,FMN GV 18 Kasterlee
84,Oudemolsedijk,2022-09-10,01:00:00,4,2,2,FMN GV 18 Kasterlee
84,Oudemolsedijk,2022-09-10,02:00:00,0,0,0,FMN GV 18 Kasterlee
84,Oudemolsedijk,2022-09-10,03:00:00,3,0,3,FMN GV 18 Kasterlee
84,Oudemolsedijk,2022-09-10,04:00:00,1,1,0,FMN GV 18 Kasterlee
84,Oudemolsedijk,2022-09-10,05:00:00,0,0,0,FMN GV 18 Kasterlee
84,Oudemolsedijk,2022-09-10,06:00:00,2,2,0,FMN GV 18 Kasterlee
84,Oudemolsedijk,2022-09-10,07:00:00,2,1,1,FMN GV 18 Kasterlee
84,Oudemolsedijk,2022-09-10,08:00:00,4,1,3,FMN GV 18 Kasterlee
84,Oudemolsedijk,2022-09-10,09:00:00,5,3,2,FMN GV 18 Kasterlee
84,Oudemolsedijk,2022-09-10,10:00:00,4,3,1,FMN GV 18 Kasterlee
84,Oudemolsedijk,2022-09-10,11:00:00,9,8,1,FMN GV 18 Kasterlee
84,Oudemolsedijk,2022-09-10,12:00:00,6,4,2,FMN GV 18 Kasterlee
84,Oudemolsedijk,2022-09-10,13:00:00,12,7,5,FMN GV 18 Kasterlee
84,Oudemolsedijk,2022-09-10,14:00:00,9,8,1,FMN GV 18 Kasterlee
84,Oudemolsedijk,2022-09-10,15:00:00,16,7,9,FMN GV 18 Kasterlee
84,Oudemolsedijk,2022-09-10,16:00:00,16,7,9,FMN GV 18 Kasterlee
84,Oudemolsedijk,2022-09-10,17:00:00,8,3,5,FMN GV 18 Kasterlee
84,Oudemolsedijk,2022-09-10,18:00:00,10,6,4,FMN GV 18 Kasterlee
84,Oudemolsedijk,2022-09-10,19:00:00,6,2,4,FMN GV 18 Kasterlee
84,Oudemolsedijk,2022-09-10,20:00:00,2,2,0,FMN GV 18 Kasterlee
84,Oudemolsedijk,2022-09-10,21:00:00,1,1,0,FMN GV 18 Kasterlee
84,Oudemolsedijk,2022-09-10,22:00:00,3,0,3,FMN GV 18 Kasterlee
84,Oudemolsedijk,2022-09-10,23:00:00,1,1,0,FMN GV 18 Kasterlee
84,Oudemolsedijk,2022-09-11,00:00:00,3,1,2,FMN GV 18 Kasterlee
84,Oudemolsedijk,2022-09-11,01:00:00,2,1,1,FMN GV 18 Kasterlee
84,Oudemolsedijk,2022-09-11,02:00:00,3,0,3,FMN GV 18 Kasterlee
84,Oudemolsedijk,2022-09-11,03:00:00,1,0,1,FMN GV 18 Kasterlee
84,Oudemolsedijk,2022-09-11,04:00:00,1,1,0,FMN GV 18 Kasterlee
84,Oudemolsedijk,2022-09-11,05:00:00,2,0,2,FMN GV 18 Kasterlee
84,Oudemolsedijk,2022-09-11,06:00:00,0,0,0,FMN GV 18 Kasterlee
84,Oudemolsedijk,2022-09-11,07:00:00,9,1,8,FMN GV 18 Kasterlee
84,Oudemolsedijk,2022-09-11,08:00:00,24,7,17,FMN GV 18 Kasterlee
84,Oudemolsedijk,2022-09-11,09:00:00,57,40,17,FMN GV 18 Kasterlee
84,Oudemolsedijk,2022-09-11,10:00:00,111,71,40,FMN GV 18 Kasterlee
84,Oudemolsedijk,2022-09-11,11:00:00,116,78,38,FMN GV 18 Kasterlee
84,Oudemolsedijk,2022-09-11,12:00:00,60,33,27,FMN GV 18 Kasterlee
84,Oudemolsedijk,2022-09-11,13:00:00,105,43,62,FMN GV 18 Kasterlee
84,Oudemolsedijk,2022-09-11,14:00:00,183,85,98,FMN GV 18 Kasterlee
84,Oudemolsedijk,2022-09-11,15:00:00,163,82,81,FMN GV 18 Kasterlee
84,Oudemolsedijk,2022-09-11,16:00:00,138,89,49,FMN GV 18 Kasterlee
84,Oudemolsedijk,2022-09-11,17:00:00,69,27,42,FMN GV 18 Kasterlee
84,Oudemolsedijk,2022-09-11,18:00:00,44,19,25,FMN GV 18 Kasterlee
84,Oudemolsedijk,2022-09-11,19:00:00,18,12,6,FMN GV 18 Kasterlee
84,Oudemolsedijk,2022-09-11,20:00:00,14,8,6,FMN GV 18 Kasterlee
84,Oudemolsedijk,2022-09-11,21:00:00,2,2,0,FMN GV 18 Kasterlee
84,Oudemolsedijk,2022-09-11,22:00:00,2,1,1,FMN GV 18 Kasterlee
84,Oudemolsedijk,2022-09-11,23:00:00,0,0,0,FMN GV 18 Kasterlee
84,Oudemolsedijk,2022-09-12,00:00:00,0,0,0,FMN GV 18 Kasterlee
84,Oudemolsedijk,2022-09-12,01:00:00,0,0,0,FMN GV 18 Kasterlee
84,Oudemolsedijk,2022-09-12,02:00:00,0,0,0,FMN GV 18 Kasterlee
84,Oudemolsedijk,2022-09-12,03:00:00,0,0,0,FMN GV 18 Kasterlee
84,Oudemolsedijk,2022-09-12,04:00:00,1,1,0,FMN GV 18 Kasterlee
84,Oudemolsedijk,2022-09-12,05:00:00,10,8,2,FMN GV 18 Kasterlee
84,Oudemolsedijk,2022-09-12,06:00:00,20,13,7,FMN GV 18 Kasterlee
84,Oudemolsedijk,2022-09-12,07:00:00,47,26,21,FMN GV 18 Kasterlee
84,Oudemolsedijk,2022-09-12,08:00:00,37,18,19,FMN GV 18 Kasterlee
84,Oudemolsedijk,2022-09-12,09:00:00,25,10,15,FMN GV 18 Kasterlee
84,Oudemolsedijk,2022-09-12,10:00:00,30,17,13,FMN GV 18 Kasterlee
84,Oudemolsedijk,2022-09-12,11:00:00,28,12,16,FMN GV 18 Kasterlee
84,Oudemolsedijk,2022-09-12,12:00:00,57,32,25,FMN GV 18 Kasterlee
84,Oudemolsedijk,2022-09-12,13:00:00,81,34,47,FMN GV 18 Kasterlee
84,Oudemolsedijk,2022-09-12,14:00:00,142,82,60,FMN GV 18 Kasterlee
84,Oudemolsedijk,2022-09-12,15:00:00,128,67,61,FMN GV 18 Kasterlee
84,Oudemolsedijk,2022-09-12,16:00:00,105,41,64,FMN GV 18 Kasterlee
84,Oudemolsedijk,2022-09-12,17:00:00,61,21,40,FMN GV 18 Kasterlee
84,Oudemolsedijk,2022-09-12,18:00:00,40,27,13,FMN GV 18 Kasterlee
84,Oudemolsedijk,2022-09-12,19:00:00,37,13,24,FMN GV 18 Kasterlee
84,Oudemolsedijk,2022-09-12,20:00:00,8,8,0,FMN GV 18 Kasterlee
84,Oudemolsedijk,2022-09-12,21:00:00,3,1,2,FMN GV 18 Kasterlee
84,Oudemolsedijk,2022-09-12,22:00:00,8,3,5,FMN GV 18 Kasterlee
84,Oudemolsedijk,2022-09-12,23:00:00,0,0,0,FMN GV 18 Kasterlee
84,Oudemolsedijk,2022-09-13,00:00:00,1,1,0,FMN GV 18 Kasterlee
84,Oudemolsedijk,2022-09-13,01:00:00,0,0,0,FMN GV 18 Kasterlee
84,Oudemolsedijk,2022-09-13,02:00:00,0,0,0,FMN GV 18 Kasterlee
84,Oudemolsedijk,2022-09-13,03:00:00,0,0,0,FMN GV 18 Kasterlee
84,Oudemolsedijk,2022-09-13,04:00:00,0,0,0,FMN GV 18 Kasterlee
84,Oudemolsedijk,2022-09-13,05:00:00,8,7,1,FMN GV 18 Kasterlee
84,Oudemolsedijk,2022-09-13,06:00:00,25,16,9,FMN GV 18 Kasterlee
84,Oudemolsedijk,2022-09-13,07:00:00,40,26,14,FMN GV 18 Kasterlee
84,Oudemolsedijk,2022-09-13,08:00:00,27,15,12,FMN GV 18 Kasterlee
84,Oudemolsedijk,2022-09-13,09:00:00,27,2,25,FMN GV 18 Kasterlee
84,Oudemolsedijk,2022-09-13,10:00:00,23,10,13,FMN GV 18 Kasterlee
84,Oudemolsedijk,2022-09-13,11:00:00,24,14,10,FMN GV 18 Kasterlee
84,Oudemolsedijk,2022-09-13,12:00:00,25,19,6,FMN GV 18 Kasterlee
84,Oudemolsedijk,2022-09-13,13:00:00,58,36,22,FMN GV 18 Kasterlee
84,Oudemolsedijk,2022-09-13,14:00:00,122,82,40,FMN GV 18 Kasterlee
84,Oudemolsedijk,2022-09-13,15:00:00,88,35,53,FMN GV 18 Kasterlee
84,Oudemolsedijk,2022-09-13,16:00:00,61,29,32,FMN GV 18 Kasterlee
84,Oudemolsedijk,2022-09-13,17:00:00,43,20,23,FMN GV 18 Kasterlee
84,Oudemolsedijk,2022-09-13,18:00:00,16,3,13,FMN GV 18 Kasterlee
84,Oudemolsedijk,2022-09-13,19:00:00,6,5,1,FMN GV 18 Kasterlee
84,Oudemolsedijk,2022-09-13,20:00:00,7,4,3,FMN GV 18 Kasterlee
84,Oudemolsedijk,2022-09-13,21:00:00,1,0,1,FMN GV 18 Kasterlee
84,Oudemolsedijk,2022-09-13,22:00:00,5,0,5,FMN GV 18 Kasterlee
84,Oudemolsedijk,2022-09-13,23:00:00,1,0,1,FMN GV 18 Kasterlee
84,Oudemolsedijk,2022-09-14,00:00:00,0,0,0,FMN GV 18 Kasterlee
84,Oudemolsedijk,2022-09-14,01:00:00,0,0,0,FMN GV 18 Kasterlee
84,Oudemolsedijk,2022-09-14,02:00:00,0,0,0,FMN GV 18 Kasterlee
84,Oudemolsedijk,2022-09-14,03:00:00,0,0,0,FMN GV 18 Kasterlee
84,Oudemolsedijk,2022-09-14,04:00:00,1,0,1,FMN GV 18 Kasterlee
84,Oudemolsedijk,2022-09-14,05:00:00,3,2,1,FMN GV 18 Kasterlee
84,Oudemolsedijk,2022-09-14,06:00:00,11,4,7,FMN GV 18 Kasterlee
84,Oudemolsedijk,2022-09-14,07:00:00,9,5,4,FMN GV 18 Kasterlee
84,Oudemolsedijk,2022-09-14,08:00:00,14,6,8,FMN GV 18 Kasterlee
84,Oudemolsedijk,2022-09-14,09:00:00,2,0,2,FMN GV 18 Kasterlee
84,Oudemolsedijk,2022-09-14,10:00:00,3,2,1,FMN GV 18 Kasterlee
84,Oudemolsedijk,2022-09-14,11:00:00,2,0,2,FMN GV 18 Kasterlee
84,Oudemolsedijk,2022-09-14,12:00:00,11,5,6,FMN GV 18 Kasterlee
84,Oudemolsedijk,2022-09-14,13:00:00,4,1,3,FMN GV 18 Kasterlee
84,Oudemolsedijk,2022-09-14,14:00:00,3,1,2,FMN GV 18 Kasterlee
84,Oudemolsedijk,2022-09-14,15:00:00,3,1,2,FMN GV 18 Kasterlee
84,Oudemolsedijk,2022-09-14,16:00:00,11,8,3,FMN GV 18 Kasterlee
84,Oudemolsedijk,2022-09-14,17:00:00,10,4,6,FMN GV 18 Kasterlee
84,Oudemolsedijk,2022-09-14,18:00:00,5,4,1,FMN GV 18 Kasterlee
84,Oudemolsedijk,2022-09-14,19:00:00,14,10,4,FMN GV 18 Kasterlee
84,Oudemolsedijk,2022-09-14,20:00:00,1,1,0,FMN GV 18 Kasterlee
84,Oudemolsedijk,2022-09-14,21:00:00,1,0,1,FMN GV 18 Kasterlee
84,Oudemolsedijk,2022-09-14,22:00:00,3,1,2,FMN GV 18 Kasterlee
84,Oudemolsedijk,2022-09-14,23:00:00,0,0,0,FMN GV 18 Kasterlee
84,Oudemolsedijk,2022-09-15,00:00:00,0,0,0,FMN GV 18 Kasterlee
84,Oudemolsedijk,2022-09-15,01:00:00,0,0,0,FMN GV 18 Kasterlee
84,Oudemolsedijk,2022-09-15,02:00:00,0,0,0,FMN GV 18 Kasterlee
84,Oudemolsedijk,2022-09-15,03:00:00,0,0,0,FMN GV 18 Kasterlee
84,Oudemolsedijk,2022-09-15,04:00:00,0,0,0,FMN GV 18 Kasterlee
84,Oudemolsedijk,2022-09-15,05:00:00,6,4,2,FMN GV 18 Kasterlee
84,Oudemolsedijk,2022-09-15,06:00:00,20,12,8,FMN GV 18 Kasterlee
84,Oudemolsedijk,2022-09-15,07:00:00,39,26,13,FMN GV 18 Kasterlee
84,Oudemolsedijk,2022-09-15,08:00:00,34,22,12,FMN GV 18 Kasterlee
84,Oudemolsedijk,2022-09-15,09:00:00,13,8,5,FMN GV 18 Kasterlee
84,Oudemolsedijk,2022-09-15,10:00:00,33,25,8,FMN GV 18 Kasterlee
84,Oudemolsedijk,2022-09-15,11:00:00,15,9,6,FMN GV 18 Kasterlee
84,Oudemolsedijk,2022-09-15,12:00:00,28,14,14,FMN GV 18 Kasterlee
84,Oudemolsedijk,2022-09-15,13:00:00,55,42,13,FMN GV 18 Kasterlee
84,Oudemolsedijk,2022-09-15,14:00:00,86,64,22,FMN GV 18 Kasterlee
84,Oudemolsedijk,2022-09-15,15:00:00,54,38,16,FMN GV 18 Kasterlee
84,Oudemolsedijk,2022-09-15,16:00:00,81,30,51,FMN GV 18 Kasterlee
84,Oudemolsedijk,2022-09-15,17:00:00,43,18,25,FMN GV 18 Kasterlee
84,Oudemolsedijk,2022-09-15,18:00:00,39,23,16,FMN GV 18 Kasterlee
84,Oudemolsedijk,2022-09-15,19:00:00,19,12,7,FMN GV 18 Kasterlee
84,Oudemolsedijk,2022-09-15,20:00:00,15,13,2,FMN GV 18 Kasterlee
84,Oudemolsedijk,2022-09-15,21:00:00,8,1,7,FMN GV 18 Kasterlee
84,Oudemolsedijk,2022-09-15,22:00:00,4,0,4,FMN GV 18 Kasterlee
84,Oudemolsedijk,2022-09-15,23:00:00,1,0,1,FMN GV 18 Kasterlee
84,Oudemolsedijk,2022-09-16,00:00:00,0,0,0,FMN GV 18 Kasterlee
84,Oudemolsedijk,2022-09-16,01:00:00,0,0,0,FMN GV 18 Kasterlee
84,Oudemolsedijk,2022-09-16,02:00:00,0,0,0,FMN GV 18 Kasterlee
84,Oudemolsedijk,2022-09-16,03:00:00,0,0,0,FMN GV 18 Kasterlee
84,Oudemolsedijk,2022-09-16,04:00:00,0,0,0,FMN GV 18 Kasterlee
84,Oudemolsedijk,2022-09-16,05:00:00,2,2,0,FMN GV 18 Kasterlee
84,Oudemolsedijk,2022-09-16,06:00:00,13,6,7,FMN GV 18 Kasterlee
84,Oudemolsedijk,2022-09-16,07:00:00,18,14,4,FMN GV 18 Kasterlee
84,Oudemolsedijk,2022-09-16,08:00:00,18,10,8,FMN GV 18 Kasterlee
84,Oudemolsedijk,2022-09-16,09:00:00,2,1,1,FMN GV 18 Kasterlee
84,Oudemolsedijk,2022-09-16,10:00:00,8,4,4,FMN GV 18 Kasterlee
84,Oudemolsedijk,2022-09-16,11:00:00,8,8,0,FMN GV 18 Kasterlee
84,Oudemolsedijk,2022-09-16,12:00:00,11,5,6,FMN GV 18 Kasterlee
84,Oudemolsedijk,2022-09-16,13:00:00,34,28,6,FMN GV 18 Kasterlee
84,Oudemolsedijk,2022-09-16,14:00:00,6,2,4,FMN GV 18 Kasterlee
84,Oudemolsedijk,2022-09-16,15:00:00,13,5,8,FMN GV 18 Kasterlee
84,Oudemolsedijk,2022-09-16,16:00:00,25,10,15,FMN GV 18 Kasterlee
84,Oudemolsedijk,2022-09-16,17:00:00,17,6,11,FMN GV 18 Kasterlee
84,Oudemolsedijk,2022-09-16,18:00:00,4,1,3,FMN GV 18 Kasterlee
84,Oudemolsedijk,2022-09-16,19:00:00,6,2,4,FMN GV 18 Kasterlee
84,Oudemolsedijk,2022-09-16,20:00:00,3,2,1,FMN GV 18 Kasterlee
84,Oudemolsedijk,2022-09-16,21:00:00,2,1,1,FMN GV 18 Kasterlee
84,Oudemolsedijk,2022-09-16,22:00:00,2,1,1,FMN GV 18 Kasterlee
84,Oudemolsedijk,2022-09-16,23:00:00,1,0,1,FMN GV 18 Kasterlee
84,Oudemolsedijk,2022-09-17,00:00:00,0,0,0,FMN GV 18 Kasterlee
84,Oudemolsedijk,2022-09-17,01:00:00,0,0,0,FMN GV 18 Kasterlee
84,Oudemolsedijk,2022-09-17,02:00:00,1,1,0,FMN GV 18 Kasterlee
84,Oudemolsedijk,2022-09-17,03:00:00,0,0,0,FMN GV 18 Kasterlee
84,Oudemolsedijk,2022-09-17,04:00:00,1,1,0,FMN GV 18 Kasterlee
84,Oudemolsedijk,2022-09-17,05:00:00,0,0,0,FMN GV 18 Kasterlee
84,Oudemolsedijk,2022-09-17,06:00:00,1,0,1,FMN GV 18 Kasterlee
84,Oudemolsedijk,2022-09-17,07:00:00,1,0,1,FMN GV 18 Kasterlee
84,Oudemolsedijk,2022-09-17,08:00:00,2,1,1,FMN GV 18 Kasterlee
84,Oudemolsedijk,2022-09-17,09:00:00,6,1,5,FMN GV 18 Kasterlee
84,Oudemolsedijk,2022-09-17,10:00:00,8,4,4,FMN GV 18 Kasterlee
84,Oudemolsedijk,2022-09-17,11:00:00,17,10,7,FMN GV 18 Kasterlee
84,Oudemolsedijk,2022-09-17,12:00:00,13,3,10,FMN GV 18 Kasterlee
84,Oudemolsedijk,2022-09-17,13:00:00,10,1,9,FMN GV 18 Kasterlee
84,Oudemolsedijk,2022-09-17,14:00:00,26,18,8,FMN GV 18 Kasterlee
84,Oudemolsedijk,2022-09-17,15:00:00,6,4,2,FMN GV 18 Kasterlee
84,Oudemolsedijk,2022-09-17,16:00:00,20,13,7,FMN GV 18 Kasterlee
84,Oudemolsedijk,2022-09-17,17:00:00,7,7,0,FMN GV 18 Kasterlee
84,Oudemolsedijk,2022-09-17,18:00:00,3,2,1,FMN GV 18 Kasterlee
84,Oudemolsedijk,2022-09-17,19:00:00,3,0,3,FMN GV 18 Kasterlee
84,Oudemolsedijk,2022-09-17,20:00:00,2,1,1,FMN GV 18 Kasterlee
84,Oudemolsedijk,2022-09-17,21:00:00,2,1,1,FMN GV 18 Kasterlee
84,Oudemolsedijk,2022-09-17,22:00:00,3,2,1,FMN GV 18 Kasterlee
84,Oudemolsedijk,2022-09-17,23:00:00,3,1,2,FMN GV 18 Kasterlee
84,Oudemolsedijk,2022-09-18,00:00:00,2,1,1,FMN GV 18 Kasterlee
84,Oudemolsedijk,2022-09-18,01:00:00,1,1,0,FMN GV 18 Kasterlee
84,Oudemolsedijk,2022-09-18,02:00:00,1,1,0,FMN GV 18 Kasterlee
84,Oudemolsedijk,2022-09-18,03:00:00,1,0,1,FMN GV 18 Kasterlee
84,Oudemolsedijk,2022-09-18,04:00:00,2,2,0,FMN GV 18 Kasterlee
84,Oudemolsedijk,2022-09-18,05:00:00,0,0,0,FMN GV 18 Kasterlee
84,Oudemolsedijk,2022-09-18,06:00:00,1,0,1,FMN GV 18 Kasterlee
84,Oudemolsedijk,2022-09-18,07:00:00,2,0,2,FMN GV 18 Kasterlee
84,Oudemolsedijk,2022-09-18,08:00:00,3,0,3,FMN GV 18 Kasterlee
84,Oudemolsedijk,2022-09-18,09:00:00,13,11,2,FMN GV 18 Kasterlee
84,Oudemolsedijk,2022-09-18,10:00:00,15,7,8,FMN GV 18 Kasterlee
84,Oudemolsedijk,2022-09-18,11:00:00,17,6,11,FMN GV 18 Kasterlee
84,Oudemolsedijk,2022-09-18,12:00:00,5,5,0,FMN GV 18 Kasterlee
84,Oudemolsedijk,2022-09-18,13:00:00,4,2,2,FMN GV 18 Kasterlee
84,Oudemolsedijk,2022-09-18,14:00:00,5,3,2,FMN GV 18 Kasterlee
84,Oudemolsedijk,2022-09-18,15:00:00,6,5,1,FMN GV 18 Kasterlee
84,Oudemolsedijk,2022-09-18,16:00:00,3,2,1,FMN GV 18 Kasterlee
84,Oudemolsedijk,2022-09-18,17:00:00,1,1,0,FMN GV 18 Kasterlee
84,Oudemolsedijk,2022-09-18,18:00:00,1,1,0,FMN GV 18 Kasterlee
84,Oudemolsedijk,2022-09-18,19:00:00,2,1,1,FMN GV 18 Kasterlee
84,Oudemolsedijk,2022-09-18,20:00:00,2,1,1,FMN GV 18 Kasterlee
84,Oudemolsedijk,2022-09-18,21:00:00,0,0,0,FMN GV 18 Kasterlee
84,Oudemolsedijk,2022-09-18,22:00:00,1,0,1,FMN GV 18 Kasterlee
84,Oudemolsedijk,2022-09-18,23:00:00,0,0,0,FMN GV 18 Kasterlee
84,Oudemolsedijk,2022-09-19,00:00:00,0,0,0,FMN GV 18 Kasterlee
84,Oudemolsedijk,2022-09-19,01:00:00,0,0,0,FMN GV 18 Kasterlee
84,Oudemolsedijk,2022-09-19,02:00:00,0,0,0,FMN GV 18 Kasterlee
84,Oudemolsedijk,2022-09-19,03:00:00,0,0,0,FMN GV 18 Kasterlee
84,Oudemolsedijk,2022-09-19,04:00:00,1,1,0,FMN GV 18 Kasterlee
84,Oudemolsedijk,2022-09-19,05:00:00,6,6,0,FMN GV 18 Kasterlee
84,Oudemolsedijk,2022-09-19,06:00:00,17,9,8,FMN GV 18 Kasterlee
84,Oudemolsedijk,2022-09-19,07:00:00,26,20,6,FMN GV 18 Kasterlee
84,Oudemolsedijk,2022-09-19,08:00:00,30,20,10,FMN GV 18 Kasterlee
84,Oudemolsedijk,2022-09-19,09:00:00,11,9,2,FMN GV 18 Kasterlee
84,Oudemolsedijk,2022-09-19,10:00:00,14,11,3,FMN GV 18 Kasterlee
84,Oudemolsedijk,2022-09-19,11:00:00,22,9,13,FMN GV 18 Kasterlee
84,Oudemolsedijk,2022-09-19,12:00:00,29,13,16,FMN GV 18 Kasterlee
84,Oudemolsedijk,2022-09-19,13:00:00,41,21,20,FMN GV 18 Kasterlee
84,Oudemolsedijk,2022-09-19,14:00:00,67,26,41,FMN GV 18 Kasterlee
84,Oudemolsedijk,2022-09-19,15:00:00,41,17,24,FMN GV 18 Kasterlee
84,Oudemolsedijk,2022-09-19,16:00:00,107,45,62,FMN GV 18 Kasterlee
84,Oudemolsedijk,2022-09-19,17:00:00,34,18,16,FMN GV 18 Kasterlee
84,Oudemolsedijk,2022-09-19,18:00:00,14,5,9,FMN GV 18 Kasterlee
84,Oudemolsedijk,2022-09-19,19:00:00,6,4,2,FMN GV 18 Kasterlee
84,Oudemolsedijk,2022-09-19,20:00:00,2,2,0,FMN GV 18 Kasterlee
84,Oudemolsedijk,2022-09-19,21:00:00,4,2,2,FMN GV 18 Kasterlee
84,Oudemolsedijk,2022-09-19,22:00:00,5,0,5,FMN GV 18 Kasterlee
84,Oudemolsedijk,2022-09-19,23:00:00,0,0,0,FMN GV 18 Kasterlee
84,Oudemolsedijk,2022-09-20,00:00:00,0,0,0,FMN GV 18 Kasterlee
84,Oudemolsedijk,2022-09-20,01:00:00,0,0,0,FMN GV 18 Kasterlee
84,Oudemolsedijk,2022-09-20,02:00:00,0,0,0,FMN GV 18 Kasterlee
84,Oudemolsedijk,2022-09-20,03:00:00,0,0,0,FMN GV 18 Kasterlee
84,Oudemolsedijk,2022-09-20,04:00:00,1,1,0,FMN GV 18 Kasterlee
84,Oudemolsedijk,2022-09-20,05:00:00,12,9,3,FMN GV 18 Kasterlee
84,Oudemolsedijk,2022-09-20,06:00:00,24,17,7,FMN GV 18 Kasterlee
84,Oudemolsedijk,2022-09-20,07:00:00,37,20,17,FMN GV 18 Kasterlee
84,Oudemolsedijk,2022-09-20,08:00:00,31,17,14,FMN GV 18 Kasterlee
84,Oudemolsedijk,2022-09-20,09:00:00,13,5,8,FMN GV 18 Kasterlee
84,Oudemolsedijk,2022-09-20,10:00:00,16,11,5,FMN GV 18 Kasterlee
84,Oudemolsedijk,2022-09-20,11:00:00,17,7,10,FMN GV 18 Kasterlee
84,Oudemolsedijk,2022-09-20,12:00:00,32,23,9,FMN GV 18 Kasterlee
84,Oudemolsedijk,2022-09-20,13:00:00,35,21,14,FMN GV 18 Kasterlee
84,Oudemolsedijk,2022-09-20,14:00:00,45,16,29,FMN GV 18 Kasterlee
84,Oudemolsedijk,2022-09-20,15:00:00,72,19,53,FMN GV 18 Kasterlee
84,Oudemolsedijk,2022-09-20,16:00:00,52,24,28,FMN GV 18 Kasterlee
84,Oudemolsedijk,2022-09-20,17:00:00,44,19,25,FMN GV 18 Kasterlee
84,Oudemolsedijk,2022-09-20,18:00:00,26,12,14,FMN GV 18 Kasterlee
84,Oudemolsedijk,2022-09-20,19:00:00,17,4,13,FMN GV 18 Kasterlee
84,Oudemolsedijk,2022-09-20,20:00:00,10,5,5,FMN GV 18 Kasterlee
84,Oudemolsedijk,2022-09-20,21:00:00,4,1,3,FMN GV 18 Kasterlee
84,Oudemolsedijk,2022-09-20,22:00:00,6,0,6,FMN GV 18 Kasterlee
84,Oudemolsedijk,2022-09-20,23:00:00,0,0,0,FMN GV 18 Kasterlee
84,Oudemolsedijk,2022-09-21,00:00:00,0,0,0,FMN GV 18 Kasterlee
84,Oudemolsedijk,2022-09-21,01:00:00,0,0,0,FMN GV 18 Kasterlee
84,Oudemolsedijk,2022-09-21,02:00:00,1,0,1,FMN GV 18 Kasterlee
84,Oudemolsedijk,2022-09-21,03:00:00,0,0,0,FMN GV 18 Kasterlee
84,Oudemolsedijk,2022-09-21,04:00:00,0,0,0,FMN GV 18 Kasterlee
84,Oudemolsedijk,2022-09-21,05:00:00,13,10,3,FMN GV 18 Kasterlee
84,Oudemolsedijk,2022-09-21,06:00:00,24,10,14,FMN GV 18 Kasterlee
84,Oudemolsedijk,2022-09-21,07:00:00,37,23,14,FMN GV 18 Kasterlee
84,Oudemolsedijk,2022-09-21,08:00:00,30,19,11,FMN GV 18 Kasterlee
84,Oudemolsedijk,2022-09-21,09:00:00,13,10,3,FMN GV 18 Kasterlee
84,Oudemolsedijk,2022-09-21,10:00:00,26,15,11,FMN GV 18 Kasterlee
84,Oudemolsedijk,2022-09-21,11:00:00,23,14,9,FMN GV 18 Kasterlee
84,Oudemolsedijk,2022-09-21,12:00:00,43,18,25,FMN GV 18 Kasterlee
84,Oudemolsedijk,2022-09-21,13:00:00,70,39,31,FMN GV 18 Kasterlee
84,Oudemolsedijk,2022-09-21,14:00:00,76,52,24,FMN GV 18 Kasterlee
84,Oudemolsedijk,2022-09-21,15:00:00,68,30,38,FMN GV 18 Kasterlee
84,Oudemolsedijk,2022-09-21,16:00:00,65,31,34,FMN GV 18 Kasterlee
84,Oudemolsedijk,2022-09-21,17:00:00,45,14,31,FMN GV 18 Kasterlee
84,Oudemolsedijk,2022-09-21,18:00:00,31,22,9,FMN GV 18 Kasterlee
84,Oudemolsedijk,2022-09-21,19:00:00,35,21,14,FMN GV 18 Kasterlee
84,Oudemolsedijk,2022-09-21,20:00:00,30,29,1,FMN GV 18 Kasterlee
84,Oudemolsedijk,2022-09-21,21:00:00,2,1,1,FMN GV 18 Kasterlee
84,Oudemolsedijk,2022-09-21,22:00:00,5,1,4,FMN GV 18 Kasterlee
84,Oudemolsedijk,2022-09-21,23:00:00,0,0,0,FMN GV 18 Kasterlee
84,Oudemolsedijk,2022-09-22,00:00:00,1,1,0,FMN GV 18 Kasterlee
84,Oudemolsedijk,2022-09-22,01:00:00,0,0,0,FMN GV 18 Kasterlee
84,Oudemolsedijk,2022-09-22,02:00:00,0,0,0,FMN GV 18 Kasterlee
84,Oudemolsedijk,2022-09-22,03:00:00,1,1,0,FMN GV 18 Kasterlee
84,Oudemolsedijk,2022-09-22,04:00:00,2,2,0,FMN GV 18 Kasterlee
84,Oudemolsedijk,2022-09-22,05:00:00,11,9,2,FMN GV 18 Kasterlee
84,Oudemolsedijk,2022-09-22,06:00:00,25,15,10,FMN GV 18 Kasterlee
84,Oudemolsedijk,2022-09-22,07:00:00,46,31,15,FMN GV 18 Kasterlee
84,Oudemolsedijk,2022-09-22,08:00:00,33,27,6,FMN GV 18 Kasterlee
84,Oudemolsedijk,2022-09-22,09:00:00,8,4,4,FMN GV 18 Kasterlee
84,Oudemolsedijk,2022-09-22,10:00:00,31,9,22,FMN GV 18 Kasterlee
84,Oudemolsedijk,2022-09-22,11:00:00,41,15,26,FMN GV 18 Kasterlee
84,Oudemolsedijk,2022-09-22,12:00:00,56,24,32,FMN GV 18 Kasterlee
84,Oudemolsedijk,2022-09-22,13:00:00,67,32,35,FMN GV 18 Kasterlee
84,Oudemolsedijk,2022-09-22,14:00:00,140,76,64,FMN GV 18 Kasterlee
84,Oudemolsedijk,2022-09-22,15:00:00,134,79,55,FMN GV 18 Kasterlee
84,Oudemolsedijk,2022-09-22,16:00:00,118,60,58,FMN GV 18 Kasterlee
84,Oudemolsedijk,2022-09-22,17:00:00,37,18,19,FMN GV 18 Kasterlee
84,Oudemolsedijk,2022-09-22,18:00:00,46,23,23,FMN GV 18 Kasterlee
84,Oudemolsedijk,2022-09-22,19:00:00,21,13,8,FMN GV 18 Kasterlee
84,Oudemolsedijk,2022-09-22,20:00:00,16,14,2,FMN GV 18 Kasterlee
84,Oudemolsedijk,2022-09-22,21:00:00,5,3,2,FMN GV 18 Kasterlee
84,Oudemolsedijk,2022-09-22,22:00:00,8,0,8,FMN GV 18 Kasterlee
84,Oudemolsedijk,2022-09-22,23:00:00,4,1,3,FMN GV 18 Kasterlee
84,Oudemolsedijk,2022-09-23,00:00:00,0,0,0,FMN GV 18 Kasterlee
84,Oudemolsedijk,2022-09-23,01:00:00,0,0,0,FMN GV 18 Kasterlee
84,Oudemolsedijk,2022-09-23,02:00:00,0,0,0,FMN GV 18 Kasterlee
84,Oudemolsedijk,2022-09-23,03:00:00,0,0,0,FMN GV 18 Kasterlee
84,Oudemolsedijk,2022-09-23,04:00:00,1,1,0,FMN GV 18 Kasterlee
84,Oudemolsedijk,2022-09-23,05:00:00,9,7,2,FMN GV 18 Kasterlee
84,Oudemolsedijk,2022-09-23,06:00:00,18,8,10,FMN GV 18 Kasterlee
84,Oudemolsedijk,2022-09-23,07:00:00,30,22,8,FMN GV 18 Kasterlee
84,Oudemolsedijk,2022-09-23,08:00:00,26,15,11,FMN GV 18 Kasterlee
84,Oudemolsedijk,2022-09-23,09:00:00,14,9,5,FMN GV 18 Kasterlee
84,Oudemolsedijk,2022-09-23,10:00:00,31,18,13,FMN GV 18 Kasterlee
84,Oudemolsedijk,2022-09-23,11:00:00,21,12,9,FMN GV 18 Kasterlee
84,Oudemolsedijk,2022-09-23,12:00:00,38,20,18,FMN GV 18 Kasterlee
84,Oudemolsedijk,2022-09-23,13:00:00,49,17,32,FMN GV 18 Kasterlee
84,Oudemolsedijk,2022-09-23,14:00:00,59,26,33,FMN GV 18 Kasterlee
84,Oudemolsedijk,2022-09-23,15:00:00,64,32,32,FMN GV 18 Kasterlee
84,Oudemolsedijk,2022-09-23,16:00:00,79,39,40,FMN GV 18 Kasterlee
84,Oudemolsedijk,2022-09-23,17:00:00,27,14,13,FMN GV 18 Kasterlee
84,Oudemolsedijk,2022-09-23,18:00:00,18,8,10,FMN GV 18 Kasterlee
84,Oudemolsedijk,2022-09-23,19:00:00,17,5,12,FMN GV 18 Kasterlee
84,Oudemolsedijk,2022-09-23,20:00:00,1,0,1,FMN GV 18 Kasterlee
84,Oudemolsedijk,2022-09-23,21:00:00,2,2,0,FMN GV 18 Kasterlee
84,Oudemolsedijk,2022-09-23,22:00:00,1,0,1,FMN GV 18 Kasterlee
84,Oudemolsedijk,2022-09-23,23:00:00,1,1,0,FMN GV 18 Kasterlee
84,Oudemolsedijk,2022-09-24,00:00:00,1,0,1,FMN GV 18 Kasterlee
84,Oudemolsedijk,2022-09-24,01:00:00,0,0,0,FMN GV 18 Kasterlee
84,Oudemolsedijk,2022-09-24,02:00:00,0,0,0,FMN GV 18 Kasterlee
84,Oudemolsedijk,2022-09-24,03:00:00,1,0,1,FMN GV 18 Kasterlee
84,Oudemolsedijk,2022-09-24,04:00:00,0,0,0,FMN GV 18 Kasterlee
84,Oudemolsedijk,2022-09-24,05:00:00,0,0,0,FMN GV 18 Kasterlee
84,Oudemolsedijk,2022-09-24,06:00:00,1,1,0,FMN GV 18 Kasterlee
84,Oudemolsedijk,2022-09-24,07:00:00,1,0,1,FMN GV 18 Kasterlee
84,Oudemolsedijk,2022-09-24,08:00:00,1,0,1,FMN GV 18 Kasterlee
84,Oudemolsedijk,2022-09-24,09:00:00,1,1,0,FMN GV 18 Kasterlee
84,Oudemolsedijk,2022-09-24,10:00:00,0,0,0,FMN GV 18 Kasterlee
84,Oudemolsedijk,2022-09-24,11:00:00,2,1,1,FMN GV 18 Kasterlee
84,Oudemolsedijk,2022-09-24,12:00:00,4,2,2,FMN GV 18 Kasterlee
84,Oudemolsedijk,2022-09-24,13:00:00,5,4,1,FMN GV 18 Kasterlee
84,Oudemolsedijk,2022-09-24,14:00:00,6,1,5,FMN GV 18 Kasterlee
84,Oudemolsedijk,2022-09-24,15:00:00,9,3,6,FMN GV 18 Kasterlee
84,Oudemolsedijk,2022-09-24,16:00:00,14,4,10,FMN GV 18 Kasterlee
84,Oudemolsedijk,2022-09-24,17:00:00,7,4,3,FMN GV 18 Kasterlee
84,Oudemolsedijk,2022-09-24,18:00:00,14,10,4,FMN GV 18 Kasterlee
84,Oudemolsedijk,2022-09-24,19:00:00,3,2,1,FMN GV 18 Kasterlee
84,Oudemolsedijk,2022-09-24,20:00:00,0,0,0,FMN GV 18 Kasterlee
84,Oudemolsedijk,2022-09-24,21:00:00,1,0,1,FMN GV 18 Kasterlee
84,Oudemolsedijk,2022-09-24,22:00:00,0,0,0,FMN GV 18 Kasterlee
84,Oudemolsedijk,2022-09-24,23:00:00,9,9,0,FMN GV 18 Kasterlee
84,Oudemolsedijk,2022-09-25,00:00:00,0,0,0,FMN GV 18 Kasterlee
84,Oudemolsedijk,2022-09-25,01:00:00,0,0,0,FMN GV 18 Kasterlee
84,Oudemolsedijk,2022-09-25,02:00:00,0,0,0,FMN GV 18 Kasterlee
84,Oudemolsedijk,2022-09-25,03:00:00,0,0,0,FMN GV 18 Kasterlee
84,Oudemolsedijk,2022-09-25,04:00:00,13,0,13,FMN GV 18 Kasterlee
84,Oudemolsedijk,2022-09-25,05:00:00,0,0,0,FMN GV 18 Kasterlee
84,Oudemolsedijk,2022-09-25,06:00:00,1,1,0,FMN GV 18 Kasterlee
84,Oudemolsedijk,2022-09-25,07:00:00,5,0,5,FMN GV 18 Kasterlee
84,Oudemolsedijk,2022-09-25,08:00:00,22,16,6,FMN GV 18 Kasterlee
84,Oudemolsedijk,2022-09-25,09:00:00,56,24,32,FMN GV 18 Kasterlee
84,Oudemolsedijk,2022-09-25,10:00:00,99,74,25,FMN GV 18 Kasterlee
84,Oudemolsedijk,2022-09-25,11:00:00,148,75,73,FMN GV 18 Kasterlee
84,Oudemolsedijk,2022-09-25,12:00:00,90,58,32,FMN GV 18 Kasterlee
84,Oudemolsedijk,2022-09-25,13:00:00,92,46,46,FMN GV 18 Kasterlee
84,Oudemolsedijk,2022-09-25,14:00:00,146,92,54,FMN GV 18 Kasterlee
84,Oudemolsedijk,2022-09-25,15:00:00,102,65,37,FMN GV 18 Kasterlee
84,Oudemolsedijk,2022-09-25,16:00:00,64,40,24,FMN GV 18 Kasterlee
84,Oudemolsedijk,2022-09-25,17:00:00,21,8,13,FMN GV 18 Kasterlee
84,Oudemolsedijk,2022-09-25,18:00:00,22,9,13,FMN GV 18 Kasterlee
84,Oudemolsedijk,2022-09-25,19:00:00,6,4,2,FMN GV 18 Kasterlee
84,Oudemolsedijk,2022-09-25,20:00:00,7,6,1,FMN GV 18 Kasterlee
84,Oudemolsedijk,2022-09-25,21:00:00,5,5,0,FMN GV 18 Kasterlee
84,Oudemolsedijk,2022-09-25,22:00:00,2,0,2,FMN GV 18 Kasterlee
84,Oudemolsedijk,2022-09-25,23:00:00,0,0,0,FMN GV 18 Kasterlee
84,Oudemolsedijk,2022-09-26,00:00:00,0,0,0,FMN GV 18 Kasterlee
84,Oudemolsedijk,2022-09-26,01:00:00,0,0,0,FMN GV 18 Kasterlee
84,Oudemolsedijk,2022-09-26,02:00:00,0,0,0,FMN GV 18 Kasterlee
84,Oudemolsedijk,2022-09-26,03:00:00,0,0,0,FMN GV 18 Kasterlee
84,Oudemolsedijk,2022-09-26,04:00:00,3,3,0,FMN GV 18 Kasterlee
84,Oudemolsedijk,2022-09-26,05:00:00,4,4,0,FMN GV 18 Kasterlee
84,Oudemolsedijk,2022-09-26,06:00:00,16,10,6,FMN GV 18 Kasterlee
84,Oudemolsedijk,2022-09-26,07:00:00,23,15,8,FMN GV 18 Kasterlee
84,Oudemolsedijk,2022-09-26,08:00:00,14,8,6,FMN GV 18 Kasterlee
84,Oudemolsedijk,2022-09-26,09:00:00,3,0,3,FMN GV 18 Kasterlee
84,Oudemolsedijk,2022-09-26,10:00:00,6,1,5,FMN GV 18 Kasterlee
84,Oudemolsedijk,2022-09-26,11:00:00,4,4,0,FMN GV 18 Kasterlee
84,Oudemolsedijk,2022-09-26,12:00:00,6,2,4,FMN GV 18 Kasterlee
84,Oudemolsedijk,2022-09-26,13:00:00,6,1,5,FMN GV 18 Kasterlee
84,Oudemolsedijk,2022-09-26,14:00:00,6,1,5,FMN GV 18 Kasterlee
84,Oudemolsedijk,2022-09-26,15:00:00,13,4,9,FMN GV 18 Kasterlee
84,Oudemolsedijk,2022-09-26,16:00:00,23,10,13,FMN GV 18 Kasterlee
84,Oudemolsedijk,2022-09-26,17:00:00,13,5,8,FMN GV 18 Kasterlee
84,Oudemolsedijk,2022-09-26,18:00:00,5,3,2,FMN GV 18 Kasterlee
84,Oudemolsedijk,2022-09-26,19:00:00,2,0,2,FMN GV 18 Kasterlee
84,Oudemolsedijk,2022-09-26,20:00:00,1,1,0,FMN GV 18 Kasterlee
84,Oudemolsedijk,2022-09-26,21:00:00,0,0,0,FMN GV 18 Kasterlee
84,Oudemolsedijk,2022-09-26,22:00:00,3,2,1,FMN GV 18 Kasterlee
84,Oudemolsedijk,2022-09-26,23:00:00,1,1,0,FMN GV 18 Kasterlee
84,Oudemolsedijk,2022-09-27,00:00:00,0,0,0,FMN GV 18 Kasterlee
84,Oudemolsedijk,2022-09-27,01:00:00,0,0,0,FMN GV 18 Kasterlee
84,Oudemolsedijk,2022-09-27,02:00:00,0,0,0,FMN GV 18 Kasterlee
84,Oudemolsedijk,2022-09-27,03:00:00,2,1,1,FMN GV 18 Kasterlee
84,Oudemolsedijk,2022-09-27,04:00:00,3,3,0,FMN GV 18 Kasterlee
84,Oudemolsedijk,2022-09-27,05:00:00,3,3,0,FMN GV 18 Kasterlee
84,Oudemolsedijk,2022-09-27,06:00:00,11,4,7,FMN GV 18 Kasterlee
84,Oudemolsedijk,2022-09-27,07:00:00,12,6,6,FMN GV 18 Kasterlee
84,Oudemolsedijk,2022-09-27,08:00:00,18,12,6,FMN GV 18 Kasterlee
84,Oudemolsedijk,2022-09-27,09:00:00,10,3,7,FMN GV 18 Kasterlee
84,Oudemolsedijk,2022-09-27,10:00:00,1,0,1,FMN GV 18 Kasterlee
84,Oudemolsedijk,2022-09-27,11:00:00,9,4,5,FMN GV 18 Kasterlee
84,Oudemolsedijk,2022-09-27,12:00:00,4,3,1,FMN GV 18 Kasterlee
84,Oudemolsedijk,2022-09-27,13:00:00,7,5,2,FMN GV 18 Kasterlee
84,Oudemolsedijk,2022-09-27,14:00:00,13,5,8,FMN GV 18 Kasterlee
84,Oudemolsedijk,2022-09-27,15:00:00,8,2,6,FMN GV 18 Kasterlee
84,Oudemolsedijk,2022-09-27,16:00:00,21,9,12,FMN GV 18 Kasterlee
84,Oudemolsedijk,2022-09-27,17:00:00,16,8,8,FMN GV 18 Kasterlee
84,Oudemolsedijk,2022-09-27,18:00:00,5,2,3,FMN GV 18 Kasterlee
84,Oudemolsedijk,2022-09-27,19:00:00,1,0,1,FMN GV 18 Kasterlee
84,Oudemolsedijk,2022-09-27,20:00:00,5,4,1,FMN GV 18 Kasterlee
84,Oudemolsedijk,2022-09-27,21:00:00,1,0,1,FMN GV 18 Kasterlee
84,Oudemolsedijk,2022-09-27,22:00:00,1,1,0,FMN GV 18 Kasterlee
84,Oudemolsedijk,2022-09-27,23:00:00,1,1,0,FMN GV 18 Kasterlee
84,Oudemolsedijk,2022-09-28,00:00:00,0,0,0,FMN GV 18 Kasterlee
84,Oudemolsedijk,2022-09-28,01:00:00,0,0,0,FMN GV 18 Kasterlee
84,Oudemolsedijk,2022-09-28,02:00:00,0,0,0,FMN GV 18 Kasterlee
84,Oudemolsedijk,2022-09-28,03:00:00,0,0,0,FMN GV 18 Kasterlee
84,Oudemolsedijk,2022-09-28,04:00:00,2,2,0,FMN GV 18 Kasterlee
84,Oudemolsedijk,2022-09-28,05:00:00,7,7,0,FMN GV 18 Kasterlee
84,Oudemolsedijk,2022-09-28,06:00:00,15,6,9,FMN GV 18 Kasterlee
84,Oudemolsedijk,2022-09-28,07:00:00,16,10,6,FMN GV 18 Kasterlee
84,Oudemolsedijk,2022-09-28,08:00:00,18,14,4,FMN GV 18 Kasterlee
84,Oudemolsedijk,2022-09-28,09:00:00,6,4,2,FMN GV 18 Kasterlee
84,Oudemolsedijk,2022-09-28,10:00:00,14,8,6,FMN GV 18 Kasterlee
84,Oudemolsedijk,2022-09-28,11:00:00,28,11,17,FMN GV 18 Kasterlee
84,Oudemolsedijk,2022-09-28,12:00:00,26,9,17,FMN GV 18 Kasterlee
84,Oudemolsedijk,2022-09-28,13:00:00,24,13,11,FMN GV 18 Kasterlee
84,Oudemolsedijk,2022-09-28,14:00:00,22,9,13,FMN GV 18 Kasterlee
84,Oudemolsedijk,2022-09-28,15:00:00,21,6,15,FMN GV 18 Kasterlee
84,Oudemolsedijk,2022-09-28,16:00:00,17,8,9,FMN GV 18 Kasterlee
84,Oudemolsedijk,2022-09-28,17:00:00,20,13,7,FMN GV 18 Kasterlee
84,Oudemolsedijk,2022-09-28,18:00:00,18,8,10,FMN GV 18 Kasterlee
84,Oudemolsedijk,2022-09-28,19:00:00,11,9,2,FMN GV 18 Kasterlee
84,Oudemolsedijk,2022-09-28,20:00:00,3,2,1,FMN GV 18 Kasterlee
84,Oudemolsedijk,2022-09-28,21:00:00,1,1,0,FMN GV 18 Kasterlee
84,Oudemolsedijk,2022-09-28,22:00:00,3,1,2,FMN GV 18 Kasterlee
84,Oudemolsedijk,2022-09-28,23:00:00,0,0,0,FMN GV 18 Kasterlee
84,Oudemolsedijk,2022-09-29,00:00:00,0,0,0,FMN GV 18 Kasterlee
84,Oudemolsedijk,2022-09-29,01:00:00,0,0,0,FMN GV 18 Kasterlee
84,Oudemolsedijk,2022-09-29,02:00:00,0,0,0,FMN GV 18 Kasterlee
84,Oudemolsedijk,2022-09-29,03:00:00,1,1,0,FMN GV 18 Kasterlee
84,Oudemolsedijk,2022-09-29,04:00:00,2,2,0,FMN GV 18 Kasterlee
84,Oudemolsedijk,2022-09-29,05:00:00,6,6,0,FMN GV 18 Kasterlee
84,Oudemolsedijk,2022-09-29,06:00:00,23,14,9,FMN GV 18 Kasterlee
84,Oudemolsedijk,2022-09-29,07:00:00,29,15,14,FMN GV 18 Kasterlee
84,Oudemolsedijk,2022-09-29,08:00:00,27,19,8,FMN GV 18 Kasterlee
84,Oudemolsedijk,2022-09-29,09:00:00,14,4,10,FMN GV 18 Kasterlee
84,Oudemolsedijk,2022-09-29,10:00:00,24,10,14,FMN GV 18 Kasterlee
84,Oudemolsedijk,2022-09-29,11:00:00,18,9,9,FMN GV 18 Kasterlee
84,Oudemolsedijk,2022-09-29,12:00:00,31,13,18,FMN GV 18 Kasterlee
84,Oudemolsedijk,2022-09-29,13:00:00,59,33,26,FMN GV 18 Kasterlee
84,Oudemolsedijk,2022-09-29,14:00:00,88,36,52,FMN GV 18 Kasterlee
84,Oudemolsedijk,2022-09-29,15:00:00,53,22,31,FMN GV 18 Kasterlee
84,Oudemolsedijk,2022-09-29,16:00:00,118,68,50,FMN GV 18 Kasterlee
84,Oudemolsedijk,2022-09-29,17:00:00,34,17,17,FMN GV 18 Kasterlee
84,Oudemolsedijk,2022-09-29,18:00:00,31,6,25,FMN GV 18 Kasterlee
84,Oudemolsedijk,2022-09-29,19:00:00,15,12,3,FMN GV 18 Kasterlee
84,Oudemolsedijk,2022-09-29,20:00:00,8,7,1,FMN GV 18 Kasterlee
84,Oudemolsedijk,2022-09-29,21:00:00,2,2,0,FMN GV 18 Kasterlee
84,Oudemolsedijk,2022-09-29,22:00:00,1,0,1,FMN GV 18 Kasterlee
84,Oudemolsedijk,2022-09-29,23:00:00,2,0,2,FMN GV 18 Kasterlee
84,Oudemolsedijk,2022-09-30,00:00:00,1,1,0,FMN GV 18 Kasterlee
84,Oudemolsedijk,2022-09-30,01:00:00,1,0,1,FMN GV 18 Kasterlee
84,Oudemolsedijk,2022-09-30,02:00:00,0,0,0,FMN GV 18 Kasterlee
84,Oudemolsedijk,2022-09-30,03:00:00,0,0,0,FMN GV 18 Kasterlee
84,Oudemolsedijk,2022-09-30,04:00:00,1,1,0,FMN GV 18 Kasterlee
84,Oudemolsedijk,2022-09-30,05:00:00,9,8,1,FMN GV 18 Kasterlee
84,Oudemolsedijk,2022-09-30,06:00:00,17,7,10,FMN GV 18 Kasterlee
84,Oudemolsedijk,2022-09-30,07:00:00,37,25,12,FMN GV 18 Kasterlee
84,Oudemolsedijk,2022-09-30,08:00:00,34,20,14,FMN GV 18 Kasterlee
84,Oudemolsedijk,2022-09-30,09:00:00,12,8,4,FMN GV 18 Kasterlee
84,Oudemolsedijk,2022-09-30,10:00:00,27,11,16,FMN GV 18 Kasterlee
84,Oudemolsedijk,2022-09-30,11:00:00,19,10,9,FMN GV 18 Kasterlee
84,Oudemolsedijk,2022-09-30,12:00:00,33,16,17,FMN GV 18 Kasterlee
84,Oudemolsedijk,2022-09-30,13:00:00,48,27,21,FMN GV 18 Kasterlee
84,Oudemolsedijk,2022-09-30,14:00:00,88,43,45,FMN GV 18 Kasterlee
84,Oudemolsedijk,2022-09-30,15:00:00,57,34,23,FMN GV 18 Kasterlee
84,Oudemolsedijk,2022-09-30,16:00:00,52,30,22,FMN GV 18 Kasterlee
84,Oudemolsedijk,2022-09-30,17:00:00,45,17,28,FMN GV 18 Kasterlee
84,Oudemolsedijk,2022-09-30,18:00:00,19,11,8,FMN GV 18 Kasterlee
84,Oudemolsedijk,2022-09-30,19:00:00,2,1,1,FMN GV 18 Kasterlee
84,Oudemolsedijk,2022-09-30,20:00:00,6,4,2,FMN GV 18 Kasterlee
84,Oudemolsedijk,2022-09-30,21:00:00,7,7,0,FMN GV 18 Kasterlee
84,Oudemolsedijk,2022-09-30,22:00:00,1,0,1,FMN GV 18 Kasterlee
84,Oudemolsedijk,2022-09-30,23:00:00,1,1,0,FMN GV 18 Kasterlee
84,Oudemolsedijk,2022-10-01,00:00:00,0,0,0,FMN GV 18 Kasterlee
84,Oudemolsedijk,2022-10-01,01:00:00,3,0,3,FMN GV 18 Kasterlee
84,Oudemolsedijk,2022-10-01,02:00:00,2,0,2,FMN GV 18 Kasterlee
84,Oudemolsedijk,2022-10-01,03:00:00,3,1,2,FMN GV 18 Kasterlee
84,Oudemolsedijk,2022-10-01,04:00:00,0,0,0,FMN GV 18 Kasterlee
84,Oudemolsedijk,2022-10-01,05:00:00,0,0,0,FMN GV 18 Kasterlee
84,Oudemolsedijk,2022-10-01,06:00:00,1,1,0,FMN GV 18 Kasterlee
84,Oudemolsedijk,2022-10-01,07:00:00,2,1,1,FMN GV 18 Kasterlee
84,Oudemolsedijk,2022-10-01,08:00:00,3,2,1,FMN GV 18 Kasterlee
84,Oudemolsedijk,2022-10-01,09:00:00,54,26,28,FMN GV 18 Kasterlee
84,Oudemolsedijk,2022-10-01,10:00:00,21,16,5,FMN GV 18 Kasterlee
84,Oudemolsedijk,2022-10-01,11:00:00,17,11,6,FMN GV 18 Kasterlee
84,Oudemolsedijk,2022-10-01,12:00:00,30,19,11,FMN GV 18 Kasterlee
84,Oudemolsedijk,2022-10-01,13:00:00,19,11,8,FMN GV 18 Kasterlee
84,Oudemolsedijk,2022-10-01,14:00:00,24,14,10,FMN GV 18 Kasterlee
84,Oudemolsedijk,2022-10-01,15:00:00,33,6,27,FMN GV 18 Kasterlee
84,Oudemolsedijk,2022-10-01,16:00:00,14,7,7,FMN GV 18 Kasterlee
84,Oudemolsedijk,2022-10-01,17:00:00,8,6,2,FMN GV 18 Kasterlee
84,Oudemolsedijk,2022-10-01,18:00:00,13,8,5,FMN GV 18 Kasterlee
84,Oudemolsedijk,2022-10-01,19:00:00,3,2,1,FMN GV 18 Kasterlee
84,Oudemolsedijk,2022-10-01,20:00:00,1,0,1,FMN GV 18 Kasterlee
84,Oudemolsedijk,2022-10-01,21:00:00,1,0,1,FMN GV 18 Kasterlee
84,Oudemolsedijk,2022-10-01,22:00:00,10,10,0,FMN GV 18 Kasterlee
84,Oudemolsedijk,2022-10-01,23:00:00,2,1,1,FMN GV 18 Kasterlee
84,Oudemolsedijk,2022-10-02,00:00:00,0,0,0,FMN GV 18 Kasterlee
84,Oudemolsedijk,2022-10-02,01:00:00,0,0,0,FMN GV 18 Kasterlee
84,Oudemolsedijk,2022-10-02,02:00:00,5,0,5,FMN GV 18 Kasterlee
84,Oudemolsedijk,2022-10-02,03:00:00,0,0,0,FMN GV 18 Kasterlee
84,Oudemolsedijk,2022-10-02,04:00:00,8,0,8,FMN GV 18 Kasterlee
84,Oudemolsedijk,2022-10-02,05:00:00,0,0,0,FMN GV 18 Kasterlee
84,Oudemolsedijk,2022-10-02,06:00:00,1,1,0,FMN GV 18 Kasterlee
84,Oudemolsedijk,2022-10-02,07:00:00,5,0,5,FMN GV 18 Kasterlee
84,Oudemolsedijk,2022-10-02,08:00:00,18,10,8,FMN GV 18 Kasterlee
84,Oudemolsedijk,2022-10-02,09:00:00,20,16,4,FMN GV 18 Kasterlee
84,Oudemolsedijk,2022-10-02,10:00:00,72,35,37,FMN GV 18 Kasterlee
84,Oudemolsedijk,2022-10-02,11:00:00,23,10,13,FMN GV 18 Kasterlee
84,Oudemolsedijk,2022-10-02,12:00:00,18,16,2,FMN GV 18 Kasterlee
84,Oudemolsedijk,2022-10-02,13:00:00,28,14,14,FMN GV 18 Kasterlee
84,Oudemolsedijk,2022-10-02,14:00:00,54,29,25,FMN GV 18 Kasterlee
84,Oudemolsedijk,2022-10-02,15:00:00,43,23,20,FMN GV 18 Kasterlee
84,Oudemolsedijk,2022-10-02,16:00:00,33,14,19,FMN GV 18 Kasterlee
84,Oudemolsedijk,2022-10-02,17:00:00,24,9,15,FMN GV 18 Kasterlee
84,Oudemolsedijk,2022-10-02,18:00:00,10,7,3,FMN GV 18 Kasterlee
84,Oudemolsedijk,2022-10-02,19:00:00,5,3,2,FMN GV 18 Kasterlee
84,Oudemolsedijk,2022-10-02,20:00:00,3,1,2,FMN GV 18 Kasterlee
84,Oudemolsedijk,2022-10-02,21:00:00,0,0,0,FMN GV 18 Kasterlee
84,Oudemolsedijk,2022-10-02,22:00:00,1,0,1,FMN GV 18 Kasterlee
84,Oudemolsedijk,2022-10-02,23:00:00,1,1,0,FMN GV 18 Kasterlee
84,Oudemolsedijk,2022-10-03,00:00:00,0,0,0,FMN GV 18 Kasterlee
84,Oudemolsedijk,2022-10-03,01:00:00,0,0,0,FMN GV 18 Kasterlee
84,Oudemolsedijk,2022-10-03,02:00:00,0,0,0,FMN GV 18 Kasterlee
84,Oudemolsedijk,2022-10-03,03:00:00,0,0,0,FMN GV 18 Kasterlee
84,Oudemolsedijk,2022-10-03,04:00:00,1,0,1,FMN GV 18 Kasterlee
84,Oudemolsedijk,2022-10-03,05:00:00,9,9,0,FMN GV 18 Kasterlee
84,Oudemolsedijk,2022-10-03,06:00:00,24,13,11,FMN GV 18 Kasterlee
84,Oudemolsedijk,2022-10-03,07:00:00,34,16,18,FMN GV 18 Kasterlee
84,Oudemolsedijk,2022-10-03,08:00:00,30,21,9,FMN GV 18 Kasterlee
84,Oudemolsedijk,2022-10-03,09:00:00,25,5,20,FMN GV 18 Kasterlee
84,Oudemolsedijk,2022-10-03,10:00:00,15,7,8,FMN GV 18 Kasterlee
84,Oudemolsedijk,2022-10-03,11:00:00,9,3,6,FMN GV 18 Kasterlee
84,Oudemolsedijk,2022-10-03,12:00:00,35,25,10,FMN GV 18 Kasterlee
84,Oudemolsedijk,2022-10-03,13:00:00,32,20,12,FMN GV 18 Kasterlee
84,Oudemolsedijk,2022-10-03,14:00:00,77,44,33,FMN GV 18 Kasterlee
84,Oudemolsedijk,2022-10-03,15:00:00,71,28,43,FMN GV 18 Kasterlee
84,Oudemolsedijk,2022-10-03,16:00:00,128,43,85,FMN GV 18 Kasterlee
84,Oudemolsedijk,2022-10-03,17:00:00,46,19,27,FMN GV 18 Kasterlee
84,Oudemolsedijk,2022-10-03,18:00:00,13,7,6,FMN GV 18 Kasterlee
84,Oudemolsedijk,2022-10-03,19:00:00,9,7,2,FMN GV 18 Kasterlee
84,Oudemolsedijk,2022-10-03,20:00:00,3,2,1,FMN GV 18 Kasterlee
84,Oudemolsedijk,2022-10-03,21:00:00,4,3,1,FMN GV 18 Kasterlee
84,Oudemolsedijk,2022-10-03,22:00:00,7,0,7,FMN GV 18 Kasterlee
84,Oudemolsedijk,2022-10-03,23:00:00,0,0,0,FMN GV 18 Kasterlee
84,Oudemolsedijk,2022-10-04,00:00:00,0,0,0,FMN GV 18 Kasterlee
84,Oudemolsedijk,2022-10-04,01:00:00,0,0,0,FMN GV 18 Kasterlee
84,Oudemolsedijk,2022-10-04,02:00:00,0,0,0,FMN GV 18 Kasterlee
84,Oudemolsedijk,2022-10-04,03:00:00,1,1,0,FMN GV 18 Kasterlee
84,Oudemolsedijk,2022-10-04,04:00:00,4,3,1,FMN GV 18 Kasterlee
84,Oudemolsedijk,2022-10-04,05:00:00,9,8,1,FMN GV 18 Kasterlee
84,Oudemolsedijk,2022-10-04,06:00:00,26,12,14,FMN GV 18 Kasterlee
84,Oudemolsedijk,2022-10-04,07:00:00,47,30,17,FMN GV 18 Kasterlee
84,Oudemolsedijk,2022-10-04,08:00:00,34,20,14,FMN GV 18 Kasterlee
84,Oudemolsedijk,2022-10-04,09:00:00,19,7,12,FMN GV 18 Kasterlee
84,Oudemolsedijk,2022-10-04,10:00:00,17,12,5,FMN GV 18 Kasterlee
84,Oudemolsedijk,2022-10-04,11:00:00,24,11,13,FMN GV 18 Kasterlee
84,Oudemolsedijk,2022-10-04,12:00:00,37,28,9,FMN GV 18 Kasterlee
84,Oudemolsedijk,2022-10-04,13:00:00,69,25,44,FMN GV 18 Kasterlee
84,Oudemolsedijk,2022-10-04,14:00:00,126,69,57,FMN GV 18 Kasterlee
84,Oudemolsedijk,2022-10-04,15:00:00,101,41,60,FMN GV 18 Kasterlee
84,Oudemolsedijk,2022-10-04,16:00:00,141,73,68,FMN GV 18 Kasterlee
84,Oudemolsedijk,2022-10-04,17:00:00,65,34,31,FMN GV 18 Kasterlee
84,Oudemolsedijk,2022-10-04,18:00:00,20,4,16,FMN GV 18 Kasterlee
84,Oudemolsedijk,2022-10-04,19:00:00,8,2,6,FMN GV 18 Kasterlee
84,Oudemolsedijk,2022-10-04,20:00:00,6,3,3,FMN GV 18 Kasterlee
84,Oudemolsedijk,2022-10-04,21:00:00,5,3,2,FMN GV 18 Kasterlee
84,Oudemolsedijk,2022-10-04,22:00:00,7,2,5,FMN GV 18 Kasterlee
84,Oudemolsedijk,2022-10-04,23:00:00,0,0,0,FMN GV 18 Kasterlee
84,Oudemolsedijk,2022-10-05,00:00:00,0,0,0,FMN GV 18 Kasterlee
84,Oudemolsedijk,2022-10-05,01:00:00,0,0,0,FMN GV 18 Kasterlee
84,Oudemolsedijk,2022-10-05,02:00:00,0,0,0,FMN GV 18 Kasterlee
84,Oudemolsedijk,2022-10-05,03:00:00,0,0,0,FMN GV 18 Kasterlee
84,Oudemolsedijk,2022-10-05,04:00:00,3,2,1,FMN GV 18 Kasterlee
84,Oudemolsedijk,2022-10-05,05:00:00,8,7,1,FMN GV 18 Kasterlee
84,Oudemolsedijk,2022-10-05,06:00:00,26,15,11,FMN GV 18 Kasterlee
84,Oudemolsedijk,2022-10-05,07:00:00,33,18,15,FMN GV 18 Kasterlee
84,Oudemolsedijk,2022-10-05,08:00:00,33,26,7,FMN GV 18 Kasterlee
84,Oudemolsedijk,2022-10-05,09:00:00,22,9,13,FMN GV 18 Kasterlee
84,Oudemolsedijk,2022-10-05,10:00:00,18,6,12,FMN GV 18 Kasterlee
84,Oudemolsedijk,2022-10-05,11:00:00,25,14,11,FMN GV 18 Kasterlee
84,Oudemolsedijk,2022-10-05,12:00:00,37,12,25,FMN GV 18 Kasterlee
84,Oudemolsedijk,2022-10-05,13:00:00,62,31,31,FMN GV 18 Kasterlee
84,Oudemolsedijk,2022-10-05,14:00:00,87,46,41,FMN GV 18 Kasterlee
84,Oudemolsedijk,2022-10-05,15:00:00,51,29,22,FMN GV 18 Kasterlee
84,Oudemolsedijk,2022-10-05,16:00:00,67,38,29,FMN GV 18 Kasterlee
84,Oudemolsedijk,2022-10-05,17:00:00,45,18,27,FMN GV 18 Kasterlee
84,Oudemolsedijk,2022-10-05,18:00:00,24,12,12,FMN GV 18 Kasterlee
84,Oudemolsedijk,2022-10-05,19:00:00,20,14,6,FMN GV 18 Kasterlee
84,Oudemolsedijk,2022-10-05,20:00:00,23,16,7,FMN GV 18 Kasterlee
84,Oudemolsedijk,2022-10-05,21:00:00,4,1,3,FMN GV 18 Kasterlee
84,Oudemolsedijk,2022-10-05,22:00:00,3,0,3,FMN GV 18 Kasterlee
84,Oudemolsedijk,2022-10-05,23:00:00,0,0,0,FMN GV 18 Kasterlee
84,Oudemolsedijk,2022-10-06,00:00:00,0,0,0,FMN GV 18 Kasterlee
84,Oudemolsedijk,2022-10-06,01:00:00,0,0,0,FMN GV 18 Kasterlee
84,Oudemolsedijk,2022-10-06,02:00:00,0,0,0,FMN GV 18 Kasterlee
84,Oudemolsedijk,2022-10-06,03:00:00,0,0,0,FMN GV 18 Kasterlee
84,Oudemolsedijk,2022-10-06,04:00:00,2,2,0,FMN GV 18 Kasterlee
84,Oudemolsedijk,2022-10-06,05:00:00,9,8,1,FMN GV 18 Kasterlee
84,Oudemolsedijk,2022-10-06,06:00:00,23,11,12,FMN GV 18 Kasterlee
84,Oudemolsedijk,2022-10-06,07:00:00,39,25,14,FMN GV 18 Kasterlee
84,Oudemolsedijk,2022-10-06,08:00:00,27,20,7,FMN GV 18 Kasterlee
84,Oudemolsedijk,2022-10-06,09:00:00,15,12,3,FMN GV 18 Kasterlee
84,Oudemolsedijk,2022-10-06,10:00:00,19,8,11,FMN GV 18 Kasterlee
84,Oudemolsedijk,2022-10-06,11:00:00,31,14,17,FMN GV 18 Kasterlee
84,Oudemolsedijk,2022-10-06,12:00:00,40,26,14,FMN GV 18 Kasterlee
84,Oudemolsedijk,2022-10-06,13:00:00,63,44,19,FMN GV 18 Kasterlee
84,Oudemolsedijk,2022-10-06,14:00:00,89,54,35,FMN GV 18 Kasterlee
84,Oudemolsedijk,2022-10-06,15:00:00,88,45,43,FMN GV 18 Kasterlee
84,Oudemolsedijk,2022-10-06,16:00:00,83,39,44,FMN GV 18 Kasterlee
84,Oudemolsedijk,2022-10-06,17:00:00,52,21,31,FMN GV 18 Kasterlee
84,Oudemolsedijk,2022-10-06,18:00:00,23,11,12,FMN GV 18 Kasterlee
84,Oudemolsedijk,2022-10-06,19:00:00,13,4,9,FMN GV 18 Kasterlee
84,Oudemolsedijk,2022-10-06,20:00:00,6,4,2,FMN GV 18 Kasterlee
84,Oudemolsedijk,2022-10-06,21:00:00,1,0,1,FMN GV 18 Kasterlee
84,Oudemolsedijk,2022-10-06,22:00:00,6,0,6,FMN GV 18 Kasterlee
84,Oudemolsedijk,2022-10-06,23:00:00,2,1,1,FMN GV 18 Kasterlee
84,Oudemolsedijk,2022-10-07,00:00:00,0,0,0,FMN GV 18 Kasterlee
84,Oudemolsedijk,2022-10-07,01:00:00,0,0,0,FMN GV 18 Kasterlee
84,Oudemolsedijk,2022-10-07,02:00:00,0,0,0,FMN GV 18 Kasterlee
84,Oudemolsedijk,2022-10-07,03:00:00,0,0,0,FMN GV 18 Kasterlee
84,Oudemolsedijk,2022-10-07,04:00:00,1,0,1,FMN GV 18 Kasterlee
84,Oudemolsedijk,2022-10-07,05:00:00,8,8,0,FMN GV 18 Kasterlee
84,Oudemolsedijk,2022-10-07,06:00:00,15,7,8,FMN GV 18 Kasterlee
84,Oudemolsedijk,2022-10-07,07:00:00,27,17,10,FMN GV 18 Kasterlee
84,Oudemolsedijk,2022-10-07,08:00:00,28,18,10,FMN GV 18 Kasterlee
84,Oudemolsedijk,2022-10-07,09:00:00,15,9,6,FMN GV 18 Kasterlee
84,Oudemolsedijk,2022-10-07,10:00:00,19,13,6,FMN GV 18 Kasterlee
84,Oudemolsedijk,2022-10-07,11:00:00,26,11,15,FMN GV 18 Kasterlee
84,Oudemolsedijk,2022-10-07,12:00:00,38,25,13,FMN GV 18 Kasterlee
84,Oudemolsedijk,2022-10-07,13:00:00,49,20,29,FMN GV 18 Kasterlee
84,Oudemolsedijk,2022-10-07,14:00:00,75,28,47,FMN GV 18 Kasterlee
84,Oudemolsedijk,2022-10-07,15:00:00,72,53,19,FMN GV 18 Kasterlee
84,Oudemolsedijk,2022-10-07,16:00:00,69,28,41,FMN GV 18 Kasterlee
84,Oudemolsedijk,2022-10-07,17:00:00,41,22,19,FMN GV 18 Kasterlee
84,Oudemolsedijk,2022-10-07,18:00:00,29,12,17,FMN GV 18 Kasterlee
84,Oudemolsedijk,2022-10-07,19:00:00,10,4,6,FMN GV 18 Kasterlee
84,Oudemolsedijk,2022-10-07,20:00:00,5,1,4,FMN GV 18 Kasterlee
84,Oudemolsedijk,2022-10-07,21:00:00,5,3,2,FMN GV 18 Kasterlee
84,Oudemolsedijk,2022-10-07,22:00:00,3,1,2,FMN GV 18 Kasterlee
84,Oudemolsedijk,2022-10-07,23:00:00,3,2,1,FMN GV 18 Kasterlee
84,Oudemolsedijk,2022-10-08,00:00:00,2,0,2,FMN GV 18 Kasterlee
84,Oudemolsedijk,2022-10-08,01:00:00,1,0,1,FMN GV 18 Kasterlee
84,Oudemolsedijk,2022-10-08,02:00:00,1,0,1,FMN GV 18 Kasterlee
84,Oudemolsedijk,2022-10-08,03:00:00,1,0,1,FMN GV 18 Kasterlee
84,Oudemolsedijk,2022-10-08,04:00:00,0,0,0,FMN GV 18 Kasterlee
84,Oudemolsedijk,2022-10-08,05:00:00,1,1,0,FMN GV 18 Kasterlee
84,Oudemolsedijk,2022-10-08,06:00:00,2,2,0,FMN GV 18 Kasterlee
84,Oudemolsedijk,2022-10-08,07:00:00,3,2,1,FMN GV 18 Kasterlee
84,Oudemolsedijk,2022-10-08,08:00:00,6,3,3,FMN GV 18 Kasterlee
84,Oudemolsedijk,2022-10-08,09:00:00,46,24,22,FMN GV 18 Kasterlee
84,Oudemolsedijk,2022-10-08,10:00:00,58,31,27,FMN GV 18 Kasterlee
84,Oudemolsedijk,2022-10-08,11:00:00,44,29,15,FMN GV 18 Kasterlee
84,Oudemolsedijk,2022-10-08,12:00:00,59,34,25,FMN GV 18 Kasterlee
84,Oudemolsedijk,2022-10-08,13:00:00,78,56,22,FMN GV 18 Kasterlee
84,Oudemolsedijk,2022-10-08,14:00:00,110,73,37,FMN GV 18 Kasterlee
84,Oudemolsedijk,2022-10-08,15:00:00,69,39,30,FMN GV 18 Kasterlee
84,Oudemolsedijk,2022-10-08,16:00:00,57,22,35,FMN GV 18 Kasterlee
84,Oudemolsedijk,2022-10-08,17:00:00,26,20,6,FMN GV 18 Kasterlee
84,Oudemolsedijk,2022-10-08,18:00:00,10,3,7,FMN GV 18 Kasterlee
84,Oudemolsedijk,2022-10-08,19:00:00,5,3,2,FMN GV 18 Kasterlee
84,Oudemolsedijk,2022-10-08,20:00:00,4,0,4,FMN GV 18 Kasterlee
84,Oudemolsedijk,2022-10-08,21:00:00,4,4,0,FMN GV 18 Kasterlee
84,Oudemolsedijk,2022-10-08,22:00:00,0,0,0,FMN GV 18 Kasterlee
84,Oudemolsedijk,2022-10-08,23:00:00,1,1,0,FMN GV 18 Kasterlee
84,Oudemolsedijk,2022-10-09,00:00:00,2,0,2,FMN GV 18 Kasterlee
84,Oudemolsedijk,2022-10-09,01:00:00,0,0,0,FMN GV 18 Kasterlee
84,Oudemolsedijk,2022-10-09,02:00:00,0,0,0,FMN GV 18 Kasterlee
84,Oudemolsedijk,2022-10-09,03:00:00,0,0,0,FMN GV 18 Kasterlee
84,Oudemolsedijk,2022-10-09,04:00:00,0,0,0,FMN GV 18 Kasterlee
84,Oudemolsedijk,2022-10-09,05:00:00,0,0,0,FMN GV 18 Kasterlee
84,Oudemolsedijk,2022-10-09,06:00:00,3,2,1,FMN GV 18 Kasterlee
84,Oudemolsedijk,2022-10-09,07:00:00,4,2,2,FMN GV 18 Kasterlee
84,Oudemolsedijk,2022-10-09,08:00:00,12,1,11,FMN GV 18 Kasterlee
84,Oudemolsedijk,2022-10-09,09:00:00,67,15,52,FMN GV 18 Kasterlee
84,Oudemolsedijk,2022-10-09,10:00:00,77,42,35,FMN GV 18 Kasterlee
84,Oudemolsedijk,2022-10-09,11:00:00,104,91,13,FMN GV 18 Kasterlee
84,Oudemolsedijk,2022-10-09,12:00:00,63,33,30,FMN GV 18 Kasterlee
84,Oudemolsedijk,2022-10-09,13:00:00,113,63,50,FMN GV 18 Kasterlee
84,Oudemolsedijk,2022-10-09,14:00:00,168,98,70,FMN GV 18 Kasterlee
84,Oudemolsedijk,2022-10-09,15:00:00,162,79,83,FMN GV 18 Kasterlee
84,Oudemolsedijk,2022-10-09,16:00:00,98,34,64,FMN GV 18 Kasterlee
84,Oudemolsedijk,2022-10-09,17:00:00,41,24,17,FMN GV 18 Kasterlee
84,Oudemolsedijk,2022-10-09,18:00:00,19,10,9,FMN GV 18 Kasterlee
84,Oudemolsedijk,2022-10-09,19:00:00,16,9,7,FMN GV 18 Kasterlee
84,Oudemolsedijk,2022-10-09,20:00:00,1,0,1,FMN GV 18 Kasterlee
84,Oudemolsedijk,2022-10-09,21:00:00,0,0,0,FMN GV 18 Kasterlee
84,Oudemolsedijk,2022-10-09,22:00:00,3,2,1,FMN GV 18 Kasterlee
84,Oudemolsedijk,2022-10-09,23:00:00,0,0,0,FMN GV 18 Kasterlee
84,Oudemolsedijk,2022-10-10,00:00:00,1,1,0,FMN GV 18 Kasterlee
84,Oudemolsedijk,2022-10-10,01:00:00,0,0,0,FMN GV 18 Kasterlee
84,Oudemolsedijk,2022-10-10,02:00:00,0,0,0,FMN GV 18 Kasterlee
84,Oudemolsedijk,2022-10-10,03:00:00,0,0,0,FMN GV 18 Kasterlee
84,Oudemolsedijk,2022-10-10,04:00:00,1,1,0,FMN GV 18 Kasterlee
84,Oudemolsedijk,2022-10-10,05:00:00,7,7,0,FMN GV 18 Kasterlee
84,Oudemolsedijk,2022-10-10,06:00:00,24,13,11,FMN GV 18 Kasterlee
84,Oudemolsedijk,2022-10-10,07:00:00,42,29,13,FMN GV 18 Kasterlee
84,Oudemolsedijk,2022-10-10,08:00:00,33,21,12,FMN GV 18 Kasterlee
84,Oudemolsedijk,2022-10-10,09:00:00,11,6,5,FMN GV 18 Kasterlee
84,Oudemolsedijk,2022-10-10,10:00:00,10,5,5,FMN GV 18 Kasterlee
84,Oudemolsedijk,2022-10-10,11:00:00,17,10,7,FMN GV 18 Kasterlee
84,Oudemolsedijk,2022-10-10,12:00:00,22,12,10,FMN GV 18 Kasterlee
84,Oudemolsedijk,2022-10-10,13:00:00,55,17,38,FMN GV 18 Kasterlee
84,Oudemolsedijk,2022-10-10,14:00:00,38,14,24,FMN GV 18 Kasterlee
84,Oudemolsedijk,2022-10-10,15:00:00,61,39,22,FMN GV 18 Kasterlee
84,Oudemolsedijk,2022-10-10,16:00:00,60,26,34,FMN GV 18 Kasterlee
84,Oudemolsedijk,2022-10-10,17:00:00,35,14,21,FMN GV 18 Kasterlee
84,Oudemolsedijk,2022-10-10,18:00:00,13,5,8,FMN GV 18 Kasterlee
84,Oudemolsedijk,2022-10-10,19:00:00,3,1,2,FMN GV 18 Kasterlee
84,Oudemolsedijk,2022-10-10,20:00:00,5,2,3,FMN GV 18 Kasterlee
84,Oudemolsedijk,2022-10-10,21:00:00,2,1,1,FMN GV 18 Kasterlee
84,Oudemolsedijk,2022-10-10,22:00:00,3,0,3,FMN GV 18 Kasterlee
84,Oudemolsedijk,2022-10-10,23:00:00,0,0,0,FMN GV 18 Kasterlee
84,Oudemolsedijk,2022-10-11,00:00:00,0,0,0,FMN GV 18 Kasterlee
84,Oudemolsedijk,2022-10-11,01:00:00,0,0,0,FMN GV 18 Kasterlee
84,Oudemolsedijk,2022-10-11,02:00:00,0,0,0,FMN GV 18 Kasterlee
84,Oudemolsedijk,2022-10-11,03:00:00,0,0,0,FMN GV 18 Kasterlee
84,Oudemolsedijk,2022-10-11,04:00:00,1,1,0,FMN GV 18 Kasterlee
84,Oudemolsedijk,2022-10-11,05:00:00,6,5,1,FMN GV 18 Kasterlee
84,Oudemolsedijk,2022-10-11,06:00:00,26,13,13,FMN GV 18 Kasterlee
84,Oudemolsedijk,2022-10-11,07:00:00,43,21,22,FMN GV 18 Kasterlee
84,Oudemolsedijk,2022-10-11,08:00:00,30,17,13,FMN GV 18 Kasterlee
84,Oudemolsedijk,2022-10-11,09:00:00,22,6,16,FMN GV 18 Kasterlee
84,Oudemolsedijk,2022-10-11,10:00:00,18,3,15,FMN GV 18 Kasterlee
84,Oudemolsedijk,2022-10-11,11:00:00,26,15,11,FMN GV 18 Kasterlee
84,Oudemolsedijk,2022-10-11,12:00:00,28,13,15,FMN GV 18 Kasterlee
84,Oudemolsedijk,2022-10-11,13:00:00,107,61,46,FMN GV 18 Kasterlee
84,Oudemolsedijk,2022-10-11,14:00:00,83,43,40,FMN GV 18 Kasterlee
84,Oudemolsedijk,2022-10-11,15:00:00,113,57,56,FMN GV 18 Kasterlee
84,Oudemolsedijk,2022-10-11,16:00:00,95,56,39,FMN GV 18 Kasterlee
84,Oudemolsedijk,2022-10-11,17:00:00,60,34,26,FMN GV 18 Kasterlee
84,Oudemolsedijk,2022-10-11,18:00:00,26,15,11,FMN GV 18 Kasterlee
84,Oudemolsedijk,2022-10-11,19:00:00,5,3,2,FMN GV 18 Kasterlee
84,Oudemolsedijk,2022-10-11,20:00:00,3,0,3,FMN GV 18 Kasterlee
84,Oudemolsedijk,2022-10-11,21:00:00,3,2,1,FMN GV 18 Kasterlee
84,Oudemolsedijk,2022-10-11,22:00:00,2,0,2,FMN GV 18 Kasterlee
84,Oudemolsedijk,2022-10-11,23:00:00,0,0,0,FMN GV 18 Kasterlee
84,Oudemolsedijk,2022-10-12,00:00:00,0,0,0,FMN GV 18 Kasterlee
84,Oudemolsedijk,2022-10-12,01:00:00,0,0,0,FMN GV 18 Kasterlee
84,Oudemolsedijk,2022-10-12,02:00:00,0,0,0,FMN GV 18 Kasterlee
84,Oudemolsedijk,2022-10-12,03:00:00,0,0,0,FMN GV 18 Kasterlee
84,Oudemolsedijk,2022-10-12,04:00:00,0,0,0,FMN GV 18 Kasterlee
84,Oudemolsedijk,2022-10-12,05:00:00,8,7,1,FMN GV 18 Kasterlee
84,Oudemolsedijk,2022-10-12,06:00:00,27,14,13,FMN GV 18 Kasterlee
84,Oudemolsedijk,2022-10-12,07:00:00,44,25,19,FMN GV 18 Kasterlee
84,Oudemolsedijk,2022-10-12,08:00:00,29,19,10,FMN GV 18 Kasterlee
84,Oudemolsedijk,2022-10-12,09:00:00,11,7,4,FMN GV 18 Kasterlee
84,Oudemolsedijk,2022-10-12,10:00:00,15,9,6,FMN GV 18 Kasterlee
84,Oudemolsedijk,2022-10-12,11:00:00,20,5,15,FMN GV 18 Kasterlee
84,Oudemolsedijk,2022-10-12,12:00:00,31,13,18,FMN GV 18 Kasterlee
84,Oudemolsedijk,2022-10-12,13:00:00,59,17,42,FMN GV 18 Kasterlee
84,Oudemolsedijk,2022-10-12,14:00:00,88,44,44,FMN GV 18 Kasterlee
84,Oudemolsedijk,2022-10-12,15:00:00,57,28,29,FMN GV 18 Kasterlee
84,Oudemolsedijk,2022-10-12,16:00:00,46,21,25,FMN GV 18 Kasterlee
84,Oudemolsedijk,2022-10-12,17:00:00,45,26,19,FMN GV 18 Kasterlee
84,Oudemolsedijk,2022-10-12,18:00:00,27,14,13,FMN GV 18 Kasterlee
84,Oudemolsedijk,2022-10-12,19:00:00,18,17,1,FMN GV 18 Kasterlee
84,Oudemolsedijk,2022-10-12,20:00:00,18,7,11,FMN GV 18 Kasterlee
84,Oudemolsedijk,2022-10-12,21:00:00,1,1,0,FMN GV 18 Kasterlee
84,Oudemolsedijk,2022-10-12,22:00:00,6,0,6,FMN GV 18 Kasterlee
84,Oudemolsedijk,2022-10-12,23:00:00,0,0,0,FMN GV 18 Kasterlee
84,Oudemolsedijk,2022-10-13,00:00:00,0,0,0,FMN GV 18 Kasterlee
84,Oudemolsedijk,2022-10-13,01:00:00,0,0,0,FMN GV 18 Kasterlee
84,Oudemolsedijk,2022-10-13,02:00:00,0,0,0,FMN GV 18 Kasterlee
84,Oudemolsedijk,2022-10-13,03:00:00,0,0,0,FMN GV 18 Kasterlee
84,Oudemolsedijk,2022-10-13,04:00:00,1,1,0,FMN GV 18 Kasterlee
84,Oudemolsedijk,2022-10-13,05:00:00,8,8,0,FMN GV 18 Kasterlee
84,Oudemolsedijk,2022-10-13,06:00:00,19,13,6,FMN GV 18 Kasterlee
84,Oudemolsedijk,2022-10-13,07:00:00,30,17,13,FMN GV 18 Kasterlee
84,Oudemolsedijk,2022-10-13,08:00:00,17,11,6,FMN GV 18 Kasterlee
84,Oudemolsedijk,2022-10-13,09:00:00,12,7,5,FMN GV 18 Kasterlee
84,Oudemolsedijk,2022-10-13,10:00:00,12,7,5,FMN GV 18 Kasterlee
84,Oudemolsedijk,2022-10-13,11:00:00,7,3,4,FMN GV 18 Kasterlee
84,Oudemolsedijk,2022-10-13,12:00:00,10,8,2,FMN GV 18 Kasterlee
84,Oudemolsedijk,2022-10-13,13:00:00,11,7,4,FMN GV 18 Kasterlee
84,Oudemolsedijk,2022-10-13,14:00:00,6,0,6,FMN GV 18 Kasterlee
84,Oudemolsedijk,2022-10-13,15:00:00,24,6,18,FMN GV 18 Kasterlee
84,Oudemolsedijk,2022-10-13,16:00:00,31,15,16,FMN GV 18 Kasterlee
84,Oudemolsedijk,2022-10-13,17:00:00,20,11,9,FMN GV 18 Kasterlee
84,Oudemolsedijk,2022-10-13,18:00:00,15,3,12,FMN GV 18 Kasterlee
84,Oudemolsedijk,2022-10-13,19:00:00,1,1,0,FMN GV 18 Kasterlee
84,Oudemolsedijk,2022-10-13,20:00:00,4,0,4,FMN GV 18 Kasterlee
84,Oudemolsedijk,2022-10-13,21:00:00,0,0,0,FMN GV 18 Kasterlee
84,Oudemolsedijk,2022-10-13,22:00:00,4,1,3,FMN GV 18 Kasterlee
84,Oudemolsedijk,2022-10-13,23:00:00,1,0,1,FMN GV 18 Kasterlee
84,Oudemolsedijk,2022-10-14,00:00:00,0,0,0,FMN GV 18 Kasterlee
84,Oudemolsedijk,2022-10-14,01:00:00,1,1,0,FMN GV 18 Kasterlee
84,Oudemolsedijk,2022-10-14,02:00:00,4,3,1,FMN GV 18 Kasterlee
84,Oudemolsedijk,2022-10-14,03:00:00,0,0,0,FMN GV 18 Kasterlee
84,Oudemolsedijk,2022-10-14,04:00:00,0,0,0,FMN GV 18 Kasterlee
84,Oudemolsedijk,2022-10-14,05:00:00,6,6,0,FMN GV 18 Kasterlee
84,Oudemolsedijk,2022-10-14,06:00:00,16,7,9,FMN GV 18 Kasterlee
84,Oudemolsedijk,2022-10-14,07:00:00,25,14,11,FMN GV 18 Kasterlee
84,Oudemolsedijk,2022-10-14,08:00:00,25,15,10,FMN GV 18 Kasterlee
84,Oudemolsedijk,2022-10-14,09:00:00,6,5,1,FMN GV 18 Kasterlee
84,Oudemolsedijk,2022-10-14,10:00:00,13,7,6,FMN GV 18 Kasterlee
84,Oudemolsedijk,2022-10-14,11:00:00,5,3,2,FMN GV 18 Kasterlee
84,Oudemolsedijk,2022-10-14,12:00:00,11,5,6,FMN GV 18 Kasterlee
84,Oudemolsedijk,2022-10-14,13:00:00,8,2,6,FMN GV 18 Kasterlee
84,Oudemolsedijk,2022-10-14,14:00:00,9,1,8,FMN GV 18 Kasterlee
84,Oudemolsedijk,2022-10-14,15:00:00,15,5,10,FMN GV 18 Kasterlee
84,Oudemolsedijk,2022-10-14,16:00:00,37,25,12,FMN GV 18 Kasterlee
84,Oudemolsedijk,2022-10-14,17:00:00,21,10,11,FMN GV 18 Kasterlee
84,Oudemolsedijk,2022-10-14,18:00:00,6,2,4,FMN GV 18 Kasterlee
84,Oudemolsedijk,2022-10-14,19:00:00,5,3,2,FMN GV 18 Kasterlee
84,Oudemolsedijk,2022-10-14,20:00:00,7,2,5,FMN GV 18 Kasterlee
84,Oudemolsedijk,2022-10-14,21:00:00,1,1,0,FMN GV 18 Kasterlee
84,Oudemolsedijk,2022-10-14,22:00:00,0,0,0,FMN GV 18 Kasterlee
84,Oudemolsedijk,2022-10-14,23:00:00,1,1,0,FMN GV 18 Kasterlee
84,Oudemolsedijk,2022-10-15,00:00:00,0,0,0,FMN GV 18 Kasterlee
84,Oudemolsedijk,2022-10-15,01:00:00,1,1,0,FMN GV 18 Kasterlee
84,Oudemolsedijk,2022-10-15,02:00:00,3,0,3,FMN GV 18 Kasterlee
84,Oudemolsedijk,2022-10-15,03:00:00,1,0,1,FMN GV 18 Kasterlee
84,Oudemolsedijk,2022-10-15,04:00:00,1,1,0,FMN GV 18 Kasterlee
84,Oudemolsedijk,2022-10-15,05:00:00,1,1,0,FMN GV 18 Kasterlee
84,Oudemolsedijk,2022-10-15,06:00:00,0,0,0,FMN GV 18 Kasterlee
84,Oudemolsedijk,2022-10-15,07:00:00,5,5,0,FMN GV 18 Kasterlee
84,Oudemolsedijk,2022-10-15,08:00:00,7,0,7,FMN GV 18 Kasterlee
84,Oudemolsedijk,2022-10-15,09:00:00,20,8,12,FMN GV 18 Kasterlee
84,Oudemolsedijk,2022-10-15,10:00:00,35,4,31,FMN GV 18 Kasterlee
84,Oudemolsedijk,2022-10-15,11:00:00,30,22,8,FMN GV 18 Kasterlee
84,Oudemolsedijk,2022-10-15,12:00:00,13,9,4,FMN GV 18 Kasterlee
84,Oudemolsedijk,2022-10-15,13:00:00,26,22,4,FMN GV 18 Kasterlee
84,Oudemolsedijk,2022-10-15,14:00:00,26,16,10,FMN GV 18 Kasterlee
84,Oudemolsedijk,2022-10-15,15:00:00,29,19,10,FMN GV 18 Kasterlee
84,Oudemolsedijk,2022-10-15,16:00:00,31,14,17,FMN GV 18 Kasterlee
84,Oudemolsedijk,2022-10-15,17:00:00,42,29,13,FMN GV 18 Kasterlee
84,Oudemolsedijk,2022-10-15,18:00:00,24,15,9,FMN GV 18 Kasterlee
84,Oudemolsedijk,2022-10-15,19:00:00,7,4,3,FMN GV 18 Kasterlee
84,Oudemolsedijk,2022-10-15,20:00:00,1,1,0,FMN GV 18 Kasterlee
84,Oudemolsedijk,2022-10-15,21:00:00,6,5,1,FMN GV 18 Kasterlee
84,Oudemolsedijk,2022-10-15,22:00:00,3,0,3,FMN GV 18 Kasterlee
84,Oudemolsedijk,2022-10-15,23:00:00,3,1,2,FMN GV 18 Kasterlee
84,Oudemolsedijk,2022-10-16,00:00:00,2,2,0,FMN GV 18 Kasterlee
84,Oudemolsedijk,2022-10-16,01:00:00,1,0,1,FMN GV 18 Kasterlee
84,Oudemolsedijk,2022-10-16,02:00:00,1,1,0,FMN GV 18 Kasterlee
84,Oudemolsedijk,2022-10-16,03:00:00,1,1,0,FMN GV 18 Kasterlee
84,Oudemolsedijk,2022-10-16,04:00:00,2,2,0,FMN GV 18 Kasterlee
84,Oudemolsedijk,2022-10-16,05:00:00,0,0,0,FMN GV 18 Kasterlee
84,Oudemolsedijk,2022-10-16,06:00:00,0,0,0,FMN GV 18 Kasterlee
84,Oudemolsedijk,2022-10-16,07:00:00,3,2,1,FMN GV 18 Kasterlee
84,Oudemolsedijk,2022-10-16,08:00:00,21,4,17,FMN GV 18 Kasterlee
84,Oudemolsedijk,2022-10-16,09:00:00,51,30,21,FMN GV 18 Kasterlee
84,Oudemolsedijk,2022-10-16,10:00:00,81,42,39,FMN GV 18 Kasterlee
84,Oudemolsedijk,2022-10-16,11:00:00,75,50,25,FMN GV 18 Kasterlee
84,Oudemolsedijk,2022-10-16,12:00:00,36,23,13,FMN GV 18 Kasterlee
84,Oudemolsedijk,2022-10-16,13:00:00,120,62,58,FMN GV 18 Kasterlee
84,Oudemolsedijk,2022-10-16,14:00:00,130,70,60,FMN GV 18 Kasterlee
84,Oudemolsedijk,2022-10-16,15:00:00,115,59,56,FMN GV 18 Kasterlee
84,Oudemolsedijk,2022-10-16,16:00:00,80,26,54,FMN GV 18 Kasterlee
84,Oudemolsedijk,2022-10-16,17:00:00,30,12,18,FMN GV 18 Kasterlee
84,Oudemolsedijk,2022-10-16,18:00:00,11,4,7,FMN GV 18 Kasterlee
84,Oudemolsedijk,2022-10-16,19:00:00,10,6,4,FMN GV 18 Kasterlee
84,Oudemolsedijk,2022-10-16,20:00:00,1,0,1,FMN GV 18 Kasterlee
84,Oudemolsedijk,2022-10-16,21:00:00,2,0,2,FMN GV 18 Kasterlee
84,Oudemolsedijk,2022-10-16,22:00:00,3,0,3,FMN GV 18 Kasterlee
84,Oudemolsedijk,2022-10-16,23:00:00,0,0,0,FMN GV 18 Kasterlee
84,Oudemolsedijk,2022-10-17,00:00:00,0,0,0,FMN GV 18 Kasterlee
84,Oudemolsedijk,2022-10-17,01:00:00,0,0,0,FMN GV 18 Kasterlee
84,Oudemolsedijk,2022-10-17,02:00:00,0,0,0,FMN GV 18 Kasterlee
84,Oudemolsedijk,2022-10-17,03:00:00,1,1,0,FMN GV 18 Kasterlee
84,Oudemolsedijk,2022-10-17,04:00:00,0,0,0,FMN GV 18 Kasterlee
84,Oudemolsedijk,2022-10-17,05:00:00,3,3,0,FMN GV 18 Kasterlee
84,Oudemolsedijk,2022-10-17,06:00:00,22,13,9,FMN GV 18 Kasterlee
84,Oudemolsedijk,2022-10-17,07:00:00,26,16,10,FMN GV 18 Kasterlee
84,Oudemolsedijk,2022-10-17,08:00:00,20,14,6,FMN GV 18 Kasterlee
84,Oudemolsedijk,2022-10-17,09:00:00,9,3,6,FMN GV 18 Kasterlee
84,Oudemolsedijk,2022-10-17,10:00:00,7,4,3,FMN GV 18 Kasterlee
84,Oudemolsedijk,2022-10-17,11:00:00,3,2,1,FMN GV 18 Kasterlee
84,Oudemolsedijk,2022-10-17,12:00:00,9,7,2,FMN GV 18 Kasterlee
84,Oudemolsedijk,2022-10-17,13:00:00,5,3,2,FMN GV 18 Kasterlee
84,Oudemolsedijk,2022-10-17,14:00:00,12,8,4,FMN GV 18 Kasterlee
84,Oudemolsedijk,2022-10-17,15:00:00,12,2,10,FMN GV 18 Kasterlee
84,Oudemolsedijk,2022-10-17,16:00:00,40,15,25,FMN GV 18 Kasterlee
84,Oudemolsedijk,2022-10-17,17:00:00,22,7,15,FMN GV 18 Kasterlee
84,Oudemolsedijk,2022-10-17,18:00:00,5,3,2,FMN GV 18 Kasterlee
84,Oudemolsedijk,2022-10-17,19:00:00,4,0,4,FMN GV 18 Kasterlee
84,Oudemolsedijk,2022-10-17,20:00:00,0,0,0,FMN GV 18 Kasterlee
84,Oudemolsedijk,2022-10-17,21:00:00,2,1,1,FMN GV 18 Kasterlee
84,Oudemolsedijk,2022-10-17,22:00:00,3,0,3,FMN GV 18 Kasterlee
84,Oudemolsedijk,2022-10-17,23:00:00,1,1,0,FMN GV 18 Kasterlee
84,Oudemolsedijk,2022-10-18,00:00:00,0,0,0,FMN GV 18 Kasterlee
84,Oudemolsedijk,2022-10-18,01:00:00,0,0,0,FMN GV 18 Kasterlee
84,Oudemolsedijk,2022-10-18,02:00:00,0,0,0,FMN GV 18 Kasterlee
84,Oudemolsedijk,2022-10-18,03:00:00,0,0,0,FMN GV 18 Kasterlee
84,Oudemolsedijk,2022-10-18,04:00:00,0,0,0,FMN GV 18 Kasterlee
84,Oudemolsedijk,2022-10-18,05:00:00,5,5,0,FMN GV 18 Kasterlee
84,Oudemolsedijk,2022-10-18,06:00:00,20,9,11,FMN GV 18 Kasterlee
84,Oudemolsedijk,2022-10-18,07:00:00,38,20,18,FMN GV 18 Kasterlee
84,Oudemolsedijk,2022-10-18,08:00:00,24,14,10,FMN GV 18 Kasterlee
84,Oudemolsedijk,2022-10-18,09:00:00,33,5,28,FMN GV 18 Kasterlee
84,Oudemolsedijk,2022-10-18,10:00:00,23,11,12,FMN GV 18 Kasterlee
84,Oudemolsedijk,2022-10-18,11:00:00,25,10,15,FMN GV 18 Kasterlee
84,Oudemolsedijk,2022-10-18,12:00:00,33,11,22,FMN GV 18 Kasterlee
84,Oudemolsedijk,2022-10-18,13:00:00,117,29,88,FMN GV 18 Kasterlee
84,Oudemolsedijk,2022-10-18,14:00:00,112,72,40,FMN GV 18 Kasterlee
84,Oudemolsedijk,2022-10-18,15:00:00,94,59,35,FMN GV 18 Kasterlee
84,Oudemolsedijk,2022-10-18,16:00:00,91,45,46,FMN GV 18 Kasterlee
84,Oudemolsedijk,2022-10-18,17:00:00,62,29,33,FMN GV 18 Kasterlee
84,Oudemolsedijk,2022-10-18,18:00:00,16,11,5,FMN GV 18 Kasterlee
84,Oudemolsedijk,2022-10-18,19:00:00,4,2,2,FMN GV 18 Kasterlee
84,Oudemolsedijk,2022-10-18,20:00:00,11,0,11,FMN GV 18 Kasterlee
84,Oudemolsedijk,2022-10-18,21:00:00,3,2,1,FMN GV 18 Kasterlee
84,Oudemolsedijk,2022-10-18,22:00:00,6,2,4,FMN GV 18 Kasterlee
84,Oudemolsedijk,2022-10-18,23:00:00,0,0,0,FMN GV 18 Kasterlee
84,Oudemolsedijk,2022-10-19,00:00:00,0,0,0,FMN GV 18 Kasterlee
84,Oudemolsedijk,2022-10-19,01:00:00,0,0,0,FMN GV 18 Kasterlee
84,Oudemolsedijk,2022-10-19,02:00:00,0,0,0,FMN GV 18 Kasterlee
84,Oudemolsedijk,2022-10-19,03:00:00,1,1,0,FMN GV 18 Kasterlee
84,Oudemolsedijk,2022-10-19,04:00:00,1,0,1,FMN GV 18 Kasterlee
84,Oudemolsedijk,2022-10-19,05:00:00,7,6,1,FMN GV 18 Kasterlee
84,Oudemolsedijk,2022-10-19,06:00:00,20,8,12,FMN GV 18 Kasterlee
84,Oudemolsedijk,2022-10-19,07:00:00,29,16,13,FMN GV 18 Kasterlee
84,Oudemolsedijk,2022-10-19,08:00:00,31,20,11,FMN GV 18 Kasterlee
84,Oudemolsedijk,2022-10-19,09:00:00,14,6,8,FMN GV 18 Kasterlee
84,Oudemolsedijk,2022-10-19,10:00:00,26,11,15,FMN GV 18 Kasterlee
84,Oudemolsedijk,2022-10-19,11:00:00,32,15,17,FMN GV 18 Kasterlee
84,Oudemolsedijk,2022-10-19,12:00:00,41,17,24,FMN GV 18 Kasterlee
84,Oudemolsedijk,2022-10-19,13:00:00,61,26,35,FMN GV 18 Kasterlee
84,Oudemolsedijk,2022-10-19,14:00:00,85,38,47,FMN GV 18 Kasterlee
84,Oudemolsedijk,2022-10-19,15:00:00,79,27,52,FMN GV 18 Kasterlee
84,Oudemolsedijk,2022-10-19,16:00:00,63,43,20,FMN GV 18 Kasterlee
84,Oudemolsedijk,2022-10-19,17:00:00,38,18,20,FMN GV 18 Kasterlee
84,Oudemolsedijk,2022-10-19,18:00:00,33,22,11,FMN GV 18 Kasterlee
84,Oudemolsedijk,2022-10-19,19:00:00,13,9,4,FMN GV 18 Kasterlee
84,Oudemolsedijk,2022-10-19,20:00:00,20,8,12,FMN GV 18 Kasterlee
84,Oudemolsedijk,2022-10-19,21:00:00,4,2,2,FMN GV 18 Kasterlee
84,Oudemolsedijk,2022-10-19,22:00:00,3,1,2,FMN GV 18 Kasterlee
84,Oudemolsedijk,2022-10-19,23:00:00,1,0,1,FMN GV 18 Kasterlee
84,Oudemolsedijk,2022-10-20,00:00:00,0,0,0,FMN GV 18 Kasterlee
84,Oudemolsedijk,2022-10-20,01:00:00,0,0,0,FMN GV 18 Kasterlee
84,Oudemolsedijk,2022-10-20,02:00:00,0,0,0,FMN GV 18 Kasterlee
84,Oudemolsedijk,2022-10-20,03:00:00,1,1,0,FMN GV 18 Kasterlee
84,Oudemolsedijk,2022-10-20,04:00:00,0,0,0,FMN GV 18 Kasterlee
84,Oudemolsedijk,2022-10-20,05:00:00,2,2,0,FMN GV 18 Kasterlee
84,Oudemolsedijk,2022-10-20,06:00:00,17,9,8,FMN GV 18 Kasterlee
84,Oudemolsedijk,2022-10-20,07:00:00,27,16,11,FMN GV 18 Kasterlee
84,Oudemolsedijk,2022-10-20,08:00:00,18,10,8,FMN GV 18 Kasterlee
84,Oudemolsedijk,2022-10-20,09:00:00,10,6,4,FMN GV 18 Kasterlee
84,Oudemolsedijk,2022-10-20,10:00:00,12,7,5,FMN GV 18 Kasterlee
84,Oudemolsedijk,2022-10-20,11:00:00,12,8,4,FMN GV 18 Kasterlee
84,Oudemolsedijk,2022-10-20,12:00:00,9,7,2,FMN GV 18 Kasterlee
84,Oudemolsedijk,2022-10-20,13:00:00,6,3,3,FMN GV 18 Kasterlee
84,Oudemolsedijk,2022-10-20,14:00:00,20,7,13,FMN GV 18 Kasterlee
84,Oudemolsedijk,2022-10-20,15:00:00,38,27,11,FMN GV 18 Kasterlee
84,Oudemolsedijk,2022-10-20,16:00:00,43,15,28,FMN GV 18 Kasterlee
84,Oudemolsedijk,2022-10-20,17:00:00,29,9,20,FMN GV 18 Kasterlee
84,Oudemolsedijk,2022-10-20,18:00:00,20,11,9,FMN GV 18 Kasterlee
84,Oudemolsedijk,2022-10-20,19:00:00,6,2,4,FMN GV 18 Kasterlee
84,Oudemolsedijk,2022-10-20,20:00:00,0,0,0,FMN GV 18 Kasterlee
84,Oudemolsedijk,2022-10-20,21:00:00,1,0,1,FMN GV 18 Kasterlee
84,Oudemolsedijk,2022-10-20,22:00:00,1,0,1,FMN GV 18 Kasterlee
84,Oudemolsedijk,2022-10-20,23:00:00,0,0,0,FMN GV 18 Kasterlee
84,Oudemolsedijk,2022-10-21,00:00:00,0,0,0,FMN GV 18 Kasterlee
84,Oudemolsedijk,2022-10-21,01:00:00,0,0,0,FMN GV 18 Kasterlee
84,Oudemolsedijk,2022-10-21,02:00:00,0,0,0,FMN GV 18 Kasterlee
84,Oudemolsedijk,2022-10-21,03:00:00,1,0,1,FMN GV 18 Kasterlee
84,Oudemolsedijk,2022-10-21,04:00:00,0,0,0,FMN GV 18 Kasterlee
84,Oudemolsedijk,2022-10-21,05:00:00,3,3,0,FMN GV 18 Kasterlee
84,Oudemolsedijk,2022-10-21,06:00:00,17,9,8,FMN GV 18 Kasterlee
84,Oudemolsedijk,2022-10-21,07:00:00,32,20,12,FMN GV 18 Kasterlee
84,Oudemolsedijk,2022-10-21,08:00:00,23,14,9,FMN GV 18 Kasterlee
84,Oudemolsedijk,2022-10-21,09:00:00,21,10,11,FMN GV 18 Kasterlee
84,Oudemolsedijk,2022-10-21,10:00:00,9,7,2,FMN GV 18 Kasterlee
84,Oudemolsedijk,2022-10-21,11:00:00,13,8,5,FMN GV 18 Kasterlee
84,Oudemolsedijk,2022-10-21,12:00:00,21,12,9,FMN GV 18 Kasterlee
84,Oudemolsedijk,2022-10-21,13:00:00,33,18,15,FMN GV 18 Kasterlee
84,Oudemolsedijk,2022-10-21,14:00:00,35,16,19,FMN GV 18 Kasterlee
84,Oudemolsedijk,2022-10-21,15:00:00,76,30,46,FMN GV 18 Kasterlee
84,Oudemolsedijk,2022-10-21,16:00:00,50,27,23,FMN GV 18 Kasterlee
84,Oudemolsedijk,2022-10-21,17:00:00,40,22,18,FMN GV 18 Kasterlee
84,Oudemolsedijk,2022-10-21,18:00:00,20,10,10,FMN GV 18 Kasterlee
84,Oudemolsedijk,2022-10-21,19:00:00,7,2,5,FMN GV 18 Kasterlee
84,Oudemolsedijk,2022-10-21,20:00:00,7,5,2,FMN GV 18 Kasterlee
84,Oudemolsedijk,2022-10-21,21:00:00,12,0,12,FMN GV 18 Kasterlee
84,Oudemolsedijk,2022-10-21,22:00:00,2,0,2,FMN GV 18 Kasterlee
84,Oudemolsedijk,2022-10-21,23:00:00,1,1,0,FMN GV 18 Kasterlee
84,Oudemolsedijk,2022-10-22,00:00:00,0,0,0,FMN GV 18 Kasterlee
84,Oudemolsedijk,2022-10-22,01:00:00,1,0,1,FMN GV 18 Kasterlee
84,Oudemolsedijk,2022-10-22,02:00:00,3,2,1,FMN GV 18 Kasterlee
84,Oudemolsedijk,2022-10-22,03:00:00,0,0,0,FMN GV 18 Kasterlee
84,Oudemolsedijk,2022-10-22,04:00:00,0,0,0,FMN GV 18 Kasterlee
84,Oudemolsedijk,2022-10-22,05:00:00,0,0,0,FMN GV 18 Kasterlee
84,Oudemolsedijk,2022-10-22,06:00:00,4,2,2,FMN GV 18 Kasterlee
84,Oudemolsedijk,2022-10-22,07:00:00,1,1,0,FMN GV 18 Kasterlee
84,Oudemolsedijk,2022-10-22,08:00:00,7,4,3,FMN GV 18 Kasterlee
84,Oudemolsedijk,2022-10-22,09:00:00,20,8,12,FMN GV 18 Kasterlee
84,Oudemolsedijk,2022-10-22,10:00:00,34,10,24,FMN GV 18 Kasterlee
84,Oudemolsedijk,2022-10-22,11:00:00,33,18,15,FMN GV 18 Kasterlee
84,Oudemolsedijk,2022-10-22,12:00:00,28,9,19,FMN GV 18 Kasterlee
84,Oudemolsedijk,2022-10-22,13:00:00,75,50,25,FMN GV 18 Kasterlee
84,Oudemolsedijk,2022-10-22,14:00:00,94,35,59,FMN GV 18 Kasterlee
84,Oudemolsedijk,2022-10-22,15:00:00,103,74,29,FMN GV 18 Kasterlee
84,Oudemolsedijk,2022-10-22,16:00:00,46,28,18,FMN GV 18 Kasterlee
84,Oudemolsedijk,2022-10-22,17:00:00,38,30,8,FMN GV 18 Kasterlee
84,Oudemolsedijk,2022-10-22,18:00:00,16,7,9,FMN GV 18 Kasterlee
84,Oudemolsedijk,2022-10-22,19:00:00,13,8,5,FMN GV 18 Kasterlee
84,Oudemolsedijk,2022-10-22,20:00:00,1,1,0,FMN GV 18 Kasterlee
84,Oudemolsedijk,2022-10-22,21:00:00,3,1,2,FMN GV 18 Kasterlee
84,Oudemolsedijk,2022-10-22,22:00:00,2,0,2,FMN GV 18 Kasterlee
84,Oudemolsedijk,2022-10-22,23:00:00,0,0,0,FMN GV 18 Kasterlee
84,Oudemolsedijk,2022-10-23,00:00:00,3,3,0,FMN GV 18 Kasterlee
84,Oudemolsedijk,2022-10-23,01:00:00,2,0,2,FMN GV 18 Kasterlee
84,Oudemolsedijk,2022-10-23,02:00:00,0,0,0,FMN GV 18 Kasterlee
84,Oudemolsedijk,2022-10-23,03:00:00,0,0,0,FMN GV 18 Kasterlee
84,Oudemolsedijk,2022-10-23,04:00:00,0,0,0,FMN GV 18 Kasterlee
84,Oudemolsedijk,2022-10-23,05:00:00,1,1,0,FMN GV 18 Kasterlee
84,Oudemolsedijk,2022-10-23,06:00:00,2,0,2,FMN GV 18 Kasterlee
84,Oudemolsedijk,2022-10-23,07:00:00,5,3,2,FMN GV 18 Kasterlee
84,Oudemolsedijk,2022-10-23,08:00:00,33,12,21,FMN GV 18 Kasterlee
84,Oudemolsedijk,2022-10-23,09:00:00,74,22,52,FMN GV 18 Kasterlee
84,Oudemolsedijk,2022-10-23,10:00:00,82,51,31,FMN GV 18 Kasterlee
84,Oudemolsedijk,2022-10-23,11:00:00,70,46,24,FMN GV 18 Kasterlee
84,Oudemolsedijk,2022-10-23,12:00:00,42,21,21,FMN GV 18 Kasterlee
84,Oudemolsedijk,2022-10-23,13:00:00,53,32,21,FMN GV 18 Kasterlee
84,Oudemolsedijk,2022-10-23,14:00:00,79,36,43,FMN GV 18 Kasterlee
84,Oudemolsedijk,2022-10-23,15:00:00,83,47,36,FMN GV 18 Kasterlee
84,Oudemolsedijk,2022-10-23,16:00:00,70,41,29,FMN GV 18 Kasterlee
84,Oudemolsedijk,2022-10-23,17:00:00,24,17,7,FMN GV 18 Kasterlee
84,Oudemolsedijk,2022-10-23,18:00:00,7,6,1,FMN GV 18 Kasterlee
84,Oudemolsedijk,2022-10-23,19:00:00,4,4,0,FMN GV 18 Kasterlee
84,Oudemolsedijk,2022-10-23,20:00:00,17,11,6,FMN GV 18 Kasterlee
84,Oudemolsedijk,2022-10-23,21:00:00,0,0,0,FMN GV 18 Kasterlee
84,Oudemolsedijk,2022-10-23,22:00:00,2,0,2,FMN GV 18 Kasterlee
84,Oudemolsedijk,2022-10-23,23:00:00,2,0,2,FMN GV 18 Kasterlee
84,Oudemolsedijk,2022-10-24,00:00:00,0,0,0,FMN GV 18 Kasterlee
84,Oudemolsedijk,2022-10-24,01:00:00,0,0,0,FMN GV 18 Kasterlee
84,Oudemolsedijk,2022-10-24,02:00:00,1,0,1,FMN GV 18 Kasterlee
84,Oudemolsedijk,2022-10-24,03:00:00,0,0,0,FMN GV 18 Kasterlee
84,Oudemolsedijk,2022-10-24,04:00:00,4,2,2,FMN GV 18 Kasterlee
84,Oudemolsedijk,2022-10-24,05:00:00,7,7,0,FMN GV 18 Kasterlee
84,Oudemolsedijk,2022-10-24,06:00:00,20,9,11,FMN GV 18 Kasterlee
84,Oudemolsedijk,2022-10-24,07:00:00,18,9,9,FMN GV 18 Kasterlee
84,Oudemolsedijk,2022-10-24,08:00:00,19,15,4,FMN GV 18 Kasterlee
84,Oudemolsedijk,2022-10-24,09:00:00,18,9,9,FMN GV 18 Kasterlee
84,Oudemolsedijk,2022-10-24,10:00:00,13,9,4,FMN GV 18 Kasterlee
84,Oudemolsedijk,2022-10-24,11:00:00,5,5,0,FMN GV 18 Kasterlee
84,Oudemolsedijk,2022-10-24,12:00:00,13,6,7,FMN GV 18 Kasterlee
84,Oudemolsedijk,2022-10-24,13:00:00,16,5,11,FMN GV 18 Kasterlee
84,Oudemolsedijk,2022-10-24,14:00:00,23,9,14,FMN GV 18 Kasterlee
84,Oudemolsedijk,2022-10-24,15:00:00,11,3,8,FMN GV 18 Kasterlee
84,Oudemolsedijk,2022-10-24,16:00:00,64,41,23,FMN GV 18 Kasterlee
84,Oudemolsedijk,2022-10-24,17:00:00,26,11,15,FMN GV 18 Kasterlee
84,Oudemolsedijk,2022-10-24,18:00:00,8,3,5,FMN GV 18 Kasterlee
84,Oudemolsedijk,2022-10-24,19:00:00,3,1,2,FMN GV 18 Kasterlee
84,Oudemolsedijk,2022-10-24,20:00:00,3,0,3,FMN GV 18 Kasterlee
84,Oudemolsedijk,2022-10-24,21:00:00,2,1,1,FMN GV 18 Kasterlee
84,Oudemolsedijk,2022-10-24,22:00:00,4,0,4,FMN GV 18 Kasterlee
84,Oudemolsedijk,2022-10-24,23:00:00,0,0,0,FMN GV 18 Kasterlee
84,Oudemolsedijk,2022-10-25,00:00:00,0,0,0,FMN GV 18 Kasterlee
84,Oudemolsedijk,2022-10-25,01:00:00,0,0,0,FMN GV 18 Kasterlee
84,Oudemolsedijk,2022-10-25,02:00:00,0,0,0,FMN GV 18 Kasterlee
84,Oudemolsedijk,2022-10-25,03:00:00,0,0,0,FMN GV 18 Kasterlee
84,Oudemolsedijk,2022-10-25,04:00:00,4,3,1,FMN GV 18 Kasterlee
84,Oudemolsedijk,2022-10-25,05:00:00,10,9,1,FMN GV 18 Kasterlee
84,Oudemolsedijk,2022-10-25,06:00:00,21,13,8,FMN GV 18 Kasterlee
84,Oudemolsedijk,2022-10-25,07:00:00,34,17,17,FMN GV 18 Kasterlee
84,Oudemolsedijk,2022-10-25,08:00:00,46,17,29,FMN GV 18 Kasterlee
84,Oudemolsedijk,2022-10-25,09:00:00,24,6,18,FMN GV 18 Kasterlee
84,Oudemolsedijk,2022-10-25,10:00:00,9,5,4,FMN GV 18 Kasterlee
84,Oudemolsedijk,2022-10-25,11:00:00,18,14,4,FMN GV 18 Kasterlee
84,Oudemolsedijk,2022-10-25,12:00:00,26,9,17,FMN GV 18 Kasterlee
84,Oudemolsedijk,2022-10-25,13:00:00,65,29,36,FMN GV 18 Kasterlee
84,Oudemolsedijk,2022-10-25,14:00:00,73,58,15,FMN GV 18 Kasterlee
84,Oudemolsedijk,2022-10-25,15:00:00,74,33,41,FMN GV 18 Kasterlee
84,Oudemolsedijk,2022-10-25,16:00:00,67,36,31,FMN GV 18 Kasterlee
84,Oudemolsedijk,2022-10-25,17:00:00,45,25,20,FMN GV 18 Kasterlee
84,Oudemolsedijk,2022-10-25,18:00:00,19,11,8,FMN GV 18 Kasterlee
84,Oudemolsedijk,2022-10-25,19:00:00,11,6,5,FMN GV 18 Kasterlee
84,Oudemolsedijk,2022-10-25,20:00:00,4,0,4,FMN GV 18 Kasterlee
84,Oudemolsedijk,2022-10-25,21:00:00,4,4,0,FMN GV 18 Kasterlee
84,Oudemolsedijk,2022-10-25,22:00:00,5,1,4,FMN GV 18 Kasterlee
84,Oudemolsedijk,2022-10-25,23:00:00,2,1,1,FMN GV 18 Kasterlee
84,Oudemolsedijk,2022-10-26,00:00:00,0,0,0,FMN GV 18 Kasterlee
84,Oudemolsedijk,2022-10-26,01:00:00,0,0,0,FMN GV 18 Kasterlee
84,Oudemolsedijk,2022-10-26,02:00:00,1,0,1,FMN GV 18 Kasterlee
84,Oudemolsedijk,2022-10-26,03:00:00,0,0,0,FMN GV 18 Kasterlee
84,Oudemolsedijk,2022-10-26,04:00:00,1,1,0,FMN GV 18 Kasterlee
84,Oudemolsedijk,2022-10-26,05:00:00,7,5,2,FMN GV 18 Kasterlee
84,Oudemolsedijk,2022-10-26,06:00:00,21,13,8,FMN GV 18 Kasterlee
84,Oudemolsedijk,2022-10-26,07:00:00,31,18,13,FMN GV 18 Kasterlee
84,Oudemolsedijk,2022-10-26,08:00:00,33,16,17,FMN GV 18 Kasterlee
84,Oudemolsedijk,2022-10-26,09:00:00,33,7,26,FMN GV 18 Kasterlee
84,Oudemolsedijk,2022-10-26,10:00:00,36,24,12,FMN GV 18 Kasterlee
84,Oudemolsedijk,2022-10-26,11:00:00,22,7,15,FMN GV 18 Kasterlee
84,Oudemolsedijk,2022-10-26,12:00:00,37,18,19,FMN GV 18 Kasterlee
84,Oudemolsedijk,2022-10-26,13:00:00,56,17,39,FMN GV 18 Kasterlee
84,Oudemolsedijk,2022-10-26,14:00:00,112,46,66,FMN GV 18 Kasterlee
84,Oudemolsedijk,2022-10-26,15:00:00,74,31,43,FMN GV 18 Kasterlee
84,Oudemolsedijk,2022-10-26,16:00:00,74,41,33,FMN GV 18 Kasterlee
84,Oudemolsedijk,2022-10-26,17:00:00,43,29,14,FMN GV 18 Kasterlee
84,Oudemolsedijk,2022-10-26,18:00:00,24,18,6,FMN GV 18 Kasterlee
84,Oudemolsedijk,2022-10-26,19:00:00,18,16,2,FMN GV 18 Kasterlee
84,Oudemolsedijk,2022-10-26,20:00:00,11,7,4,FMN GV 18 Kasterlee
84,Oudemolsedijk,2022-10-26,21:00:00,2,1,1,FMN GV 18 Kasterlee
84,Oudemolsedijk,2022-10-26,22:00:00,3,0,3,FMN GV 18 Kasterlee
84,Oudemolsedijk,2022-10-26,23:00:00,0,0,0,FMN GV 18 Kasterlee
84,Oudemolsedijk,2022-10-27,00:00:00,1,1,0,FMN GV 18 Kasterlee
84,Oudemolsedijk,2022-10-27,01:00:00,0,0,0,FMN GV 18 Kasterlee
84,Oudemolsedijk,2022-10-27,02:00:00,0,0,0,FMN GV 18 Kasterlee
84,Oudemolsedijk,2022-10-27,03:00:00,1,1,0,FMN GV 18 Kasterlee
84,Oudemolsedijk,2022-10-27,04:00:00,1,1,0,FMN GV 18 Kasterlee
84,Oudemolsedijk,2022-10-27,05:00:00,11,10,1,FMN GV 18 Kasterlee
84,Oudemolsedijk,2022-10-27,06:00:00,24,12,12,FMN GV 18 Kasterlee
84,Oudemolsedijk,2022-10-27,07:00:00,31,21,10,FMN GV 18 Kasterlee
84,Oudemolsedijk,2022-10-27,08:00:00,36,18,18,FMN GV 18 Kasterlee
84,Oudemolsedijk,2022-10-27,09:00:00,16,7,9,FMN GV 18 Kasterlee
84,Oudemolsedijk,2022-10-27,10:00:00,48,30,18,FMN GV 18 Kasterlee
84,Oudemolsedijk,2022-10-27,11:00:00,27,14,13,FMN GV 18 Kasterlee
84,Oudemolsedijk,2022-10-27,12:00:00,39,15,24,FMN GV 18 Kasterlee
84,Oudemolsedijk,2022-10-27,13:00:00,93,34,59,FMN GV 18 Kasterlee
84,Oudemolsedijk,2022-10-27,14:00:00,100,48,52,FMN GV 18 Kasterlee
84,Oudemolsedijk,2022-10-27,15:00:00,92,49,43,FMN GV 18 Kasterlee
84,Oudemolsedijk,2022-10-27,16:00:00,76,41,35,FMN GV 18 Kasterlee
84,Oudemolsedijk,2022-10-27,17:00:00,76,36,40,FMN GV 18 Kasterlee
84,Oudemolsedijk,2022-10-27,18:00:00,19,11,8,FMN GV 18 Kasterlee
84,Oudemolsedijk,2022-10-27,19:00:00,7,4,3,FMN GV 18 Kasterlee
84,Oudemolsedijk,2022-10-27,20:00:00,2,1,1,FMN GV 18 Kasterlee
84,Oudemolsedijk,2022-10-27,21:00:00,1,1,0,FMN GV 18 Kasterlee
84,Oudemolsedijk,2022-10-27,22:00:00,7,1,6,FMN GV 18 Kasterlee
84,Oudemolsedijk,2022-10-27,23:00:00,1,1,0,FMN GV 18 Kasterlee
84,Oudemolsedijk,2022-10-28,00:00:00,1,0,1,FMN GV 18 Kasterlee
84,Oudemolsedijk,2022-10-28,01:00:00,1,0,1,FMN GV 18 Kasterlee
84,Oudemolsedijk,2022-10-28,02:00:00,2,1,1,FMN GV 18 Kasterlee
84,Oudemolsedijk,2022-10-28,03:00:00,1,1,0,FMN GV 18 Kasterlee
84,Oudemolsedijk,2022-10-28,04:00:00,3,2,1,FMN GV 18 Kasterlee
84,Oudemolsedijk,2022-10-28,05:00:00,9,9,0,FMN GV 18 Kasterlee
84,Oudemolsedijk,2022-10-28,06:00:00,19,10,9,FMN GV 18 Kasterlee
84,Oudemolsedijk,2022-10-28,07:00:00,23,13,10,FMN GV 18 Kasterlee
84,Oudemolsedijk,2022-10-28,08:00:00,24,20,4,FMN GV 18 Kasterlee
84,Oudemolsedijk,2022-10-28,09:00:00,23,12,11,FMN GV 18 Kasterlee
84,Oudemolsedijk,2022-10-28,10:00:00,26,7,19,FMN GV 18 Kasterlee
84,Oudemolsedijk,2022-10-28,11:00:00,23,14,9,FMN GV 18 Kasterlee
84,Oudemolsedijk,2022-10-28,12:00:00,36,19,17,FMN GV 18 Kasterlee
84,Oudemolsedijk,2022-10-28,13:00:00,61,24,37,FMN GV 18 Kasterlee
84,Oudemolsedijk,2022-10-28,14:00:00,78,32,46,FMN GV 18 Kasterlee
84,Oudemolsedijk,2022-10-28,15:00:00,67,32,35,FMN GV 18 Kasterlee
84,Oudemolsedijk,2022-10-28,16:00:00,69,31,38,FMN GV 18 Kasterlee
84,Oudemolsedijk,2022-10-28,17:00:00,43,25,18,FMN GV 18 Kasterlee
84,Oudemolsedijk,2022-10-28,18:00:00,19,10,9,FMN GV 18 Kasterlee
84,Oudemolsedijk,2022-10-28,19:00:00,8,1,7,FMN GV 18 Kasterlee
84,Oudemolsedijk,2022-10-28,20:00:00,3,0,3,FMN GV 18 Kasterlee
84,Oudemolsedijk,2022-10-28,21:00:00,1,0,1,FMN GV 18 Kasterlee
84,Oudemolsedijk,2022-10-28,22:00:00,2,2,0,FMN GV 18 Kasterlee
84,Oudemolsedijk,2022-10-28,23:00:00,1,0,1,FMN GV 18 Kasterlee
84,Oudemolsedijk,2022-10-29,00:00:00,1,0,1,FMN GV 18 Kasterlee
84,Oudemolsedijk,2022-10-29,01:00:00,3,0,3,FMN GV 18 Kasterlee
84,Oudemolsedijk,2022-10-29,02:00:00,0,0,0,FMN GV 18 Kasterlee
84,Oudemolsedijk,2022-10-29,03:00:00,0,0,0,FMN GV 18 Kasterlee
84,Oudemolsedijk,2022-10-29,04:00:00,0,0,0,FMN GV 18 Kasterlee
84,Oudemolsedijk,2022-10-29,05:00:00,1,0,1,FMN GV 18 Kasterlee
84,Oudemolsedijk,2022-10-29,06:00:00,6,4,2,FMN GV 18 Kasterlee
84,Oudemolsedijk,2022-10-29,07:00:00,2,2,0,FMN GV 18 Kasterlee
84,Oudemolsedijk,2022-10-29,08:00:00,5,1,4,FMN GV 18 Kasterlee
84,Oudemolsedijk,2022-10-29,09:00:00,9,3,6,FMN GV 18 Kasterlee
84,Oudemolsedijk,2022-10-29,10:00:00,23,11,12,FMN GV 18 Kasterlee
84,Oudemolsedijk,2022-10-29,11:00:00,44,28,16,FMN GV 18 Kasterlee
84,Oudemolsedijk,2022-10-29,12:00:00,37,15,22,FMN GV 18 Kasterlee
84,Oudemolsedijk,2022-10-29,13:00:00,110,57,53,FMN GV 18 Kasterlee
84,Oudemolsedijk,2022-10-29,14:00:00,141,68,73,FMN GV 18 Kasterlee
84,Oudemolsedijk,2022-10-29,15:00:00,136,84,52,FMN GV 18 Kasterlee
84,Oudemolsedijk,2022-10-29,16:00:00,91,52,39,FMN GV 18 Kasterlee
84,Oudemolsedijk,2022-10-29,17:00:00,34,17,17,FMN GV 18 Kasterlee
84,Oudemolsedijk,2022-10-29,18:00:00,15,5,10,FMN GV 18 Kasterlee
84,Oudemolsedijk,2022-10-29,19:00:00,3,2,1,FMN GV 18 Kasterlee
84,Oudemolsedijk,2022-10-29,20:00:00,3,2,1,FMN GV 18 Kasterlee
84,Oudemolsedijk,2022-10-29,21:00:00,1,1,0,FMN GV 18 Kasterlee
84,Oudemolsedijk,2022-10-29,22:00:00,6,4,2,FMN GV 18 Kasterlee
84,Oudemolsedijk,2022-10-29,23:00:00,0,0,0,FMN GV 18 Kasterlee
84,Oudemolsedijk,2022-10-30,00:00:00,2,2,0,FMN GV 18 Kasterlee
84,Oudemolsedijk,2022-10-30,01:00:00,2,1,1,FMN GV 18 Kasterlee
84,Oudemolsedijk,2022-10-30,02:00:00,1,0,1,FMN GV 18 Kasterlee
84,Oudemolsedijk,2022-10-30,03:00:00,0,0,0,FMN GV 18 Kasterlee
84,Oudemolsedijk,2022-10-30,04:00:00,2,0,2,FMN GV 18 Kasterlee
84,Oudemolsedijk,2022-10-30,05:00:00,0,0,0,FMN GV 18 Kasterlee
84,Oudemolsedijk,2022-10-30,06:00:00,3,2,1,FMN GV 18 Kasterlee
84,Oudemolsedijk,2022-10-30,07:00:00,4,3,1,FMN GV 18 Kasterlee
84,Oudemolsedijk,2022-10-30,08:00:00,19,5,14,FMN GV 18 Kasterlee
84,Oudemolsedijk,2022-10-30,09:00:00,62,28,34,FMN GV 18 Kasterlee
84,Oudemolsedijk,2022-10-30,10:00:00,139,66,73,FMN GV 18 Kasterlee
84,Oudemolsedijk,2022-10-30,11:00:00,91,44,47,FMN GV 18 Kasterlee
84,Oudemolsedijk,2022-10-30,12:00:00,68,34,34,FMN GV 18 Kasterlee
84,Oudemolsedijk,2022-10-30,13:00:00,124,68,56,FMN GV 18 Kasterlee
84,Oudemolsedijk,2022-10-30,14:00:00,136,61,75,FMN GV 18 Kasterlee
84,Oudemolsedijk,2022-10-30,15:00:00,141,68,73,FMN GV 18 Kasterlee
84,Oudemolsedijk,2022-10-30,16:00:00,110,59,51,FMN GV 18 Kasterlee
84,Oudemolsedijk,2022-10-30,17:00:00,10,7,3,FMN GV 18 Kasterlee
84,Oudemolsedijk,2022-10-30,18:00:00,6,0,6,FMN GV 18 Kasterlee
84,Oudemolsedijk,2022-10-30,19:00:00,1,0,1,FMN GV 18 Kasterlee
84,Oudemolsedijk,2022-10-30,20:00:00,2,0,2,FMN GV 18 Kasterlee
84,Oudemolsedijk,2022-10-30,21:00:00,2,0,2,FMN GV 18 Kasterlee
84,Oudemolsedijk,2022-10-30,22:00:00,2,0,2,FMN GV 18 Kasterlee
84,Oudemolsedijk,2022-10-30,23:00:00,2,2,0,FMN GV 18 Kasterlee
84,Oudemolsedijk,2022-10-31,00:00:00,3,3,0,FMN GV 18 Kasterlee
84,Oudemolsedijk,2022-10-31,01:00:00,0,0,0,FMN GV 18 Kasterlee
84,Oudemolsedijk,2022-10-31,02:00:00,0,0,0,FMN GV 18 Kasterlee
84,Oudemolsedijk,2022-10-31,03:00:00,0,0,0,FMN GV 18 Kasterlee
84,Oudemolsedijk,2022-10-31,04:00:00,3,1,2,FMN GV 18 Kasterlee
84,Oudemolsedijk,2022-10-31,05:00:00,0,0,0,FMN GV 18 Kasterlee
84,Oudemolsedijk,2022-10-31,06:00:00,4,4,0,FMN GV 18 Kasterlee
84,Oudemolsedijk,2022-10-31,07:00:00,6,2,4,FMN GV 18 Kasterlee
84,Oudemolsedijk,2022-10-31,08:00:00,11,8,3,FMN GV 18 Kasterlee
84,Oudemolsedijk,2022-10-31,09:00:00,12,8,4,FMN GV 18 Kasterlee
84,Oudemolsedijk,2022-10-31,10:00:00,9,4,5,FMN GV 18 Kasterlee
84,Oudemolsedijk,2022-10-31,11:00:00,13,4,9,FMN GV 18 Kasterlee
84,Oudemolsedijk,2022-10-31,12:00:00,19,13,6,FMN GV 18 Kasterlee
84,Oudemolsedijk,2022-10-31,13:00:00,52,17,35,FMN GV 18 Kasterlee
84,Oudemolsedijk,2022-10-31,14:00:00,66,32,34,FMN GV 18 Kasterlee
84,Oudemolsedijk,2022-10-31,15:00:00,53,27,26,FMN GV 18 Kasterlee
84,Oudemolsedijk,2022-10-31,16:00:00,60,38,22,FMN GV 18 Kasterlee
84,Oudemolsedijk,2022-10-31,17:00:00,15,11,4,FMN GV 18 Kasterlee
84,Oudemolsedijk,2022-10-31,18:00:00,3,2,1,FMN GV 18 Kasterlee
84,Oudemolsedijk,2022-10-31,19:00:00,1,0,1,FMN GV 18 Kasterlee
84,Oudemolsedijk,2022-10-31,20:00:00,0,0,0,FMN GV 18 Kasterlee
84,Oudemolsedijk,2022-10-31,21:00:00,3,1,2,FMN GV 18 Kasterlee
84,Oudemolsedijk,2022-10-31,22:00:00,3,3,0,FMN GV 18 Kasterlee
84,Oudemolsedijk,2022-10-31,23:00:00,1,0,1,FMN GV 18 Kasterlee
84,Oudemolsedijk,2022-11-01,00:00:00,0,0,0,FMN GV 18 Kasterlee
84,Oudemolsedijk,2022-11-01,01:00:00,0,0,0,FMN GV 18 Kasterlee
84,Oudemolsedijk,2022-11-01,02:00:00,0,0,0,FMN GV 18 Kasterlee
84,Oudemolsedijk,2022-11-01,03:00:00,0,0,0,FMN GV 18 Kasterlee
84,Oudemolsedijk,2022-11-01,04:00:00,0,0,0,FMN GV 18 Kasterlee
84,Oudemolsedijk,2022-11-01,05:00:00,0,0,0,FMN GV 18 Kasterlee
84,Oudemolsedijk,2022-11-01,06:00:00,2,1,1,FMN GV 18 Kasterlee
84,Oudemolsedijk,2022-11-01,07:00:00,2,1,1,FMN GV 18 Kasterlee
84,Oudemolsedijk,2022-11-01,08:00:00,16,9,7,FMN GV 18 Kasterlee
84,Oudemolsedijk,2022-11-01,09:00:00,25,12,13,FMN GV 18 Kasterlee
84,Oudemolsedijk,2022-11-01,10:00:00,35,14,21,FMN GV 18 Kasterlee
84,Oudemolsedijk,2022-11-01,11:00:00,29,16,13,FMN GV 18 Kasterlee
84,Oudemolsedijk,2022-11-01,12:00:00,30,20,10,FMN GV 18 Kasterlee
84,Oudemolsedijk,2022-11-01,13:00:00,57,32,25,FMN GV 18 Kasterlee
84,Oudemolsedijk,2022-11-01,14:00:00,73,38,35,FMN GV 18 Kasterlee
84,Oudemolsedijk,2022-11-01,15:00:00,55,18,37,FMN GV 18 Kasterlee
84,Oudemolsedijk,2022-11-01,16:00:00,37,29,8,FMN GV 18 Kasterlee
84,Oudemolsedijk,2022-11-01,17:00:00,11,11,0,FMN GV 18 Kasterlee
84,Oudemolsedijk,2022-11-01,18:00:00,7,5,2,FMN GV 18 Kasterlee
84,Oudemolsedijk,2022-11-01,19:00:00,10,5,5,FMN GV 18 Kasterlee
84,Oudemolsedijk,2022-11-01,20:00:00,0,0,0,FMN GV 18 Kasterlee
84,Oudemolsedijk,2022-11-01,21:00:00,0,0,0,FMN GV 18 Kasterlee
84,Oudemolsedijk,2022-11-01,22:00:00,2,2,0,FMN GV 18 Kasterlee
84,Oudemolsedijk,2022-11-01,23:00:00,0,0,0,FMN GV 18 Kasterlee
84,Oudemolsedijk,2022-11-02,00:00:00,1,1,0,FMN GV 18 Kasterlee
84,Oudemolsedijk,2022-11-02,01:00:00,3,2,1,FMN GV 18 Kasterlee
84,Oudemolsedijk,2022-11-02,02:00:00,0,0,0,FMN GV 18 Kasterlee
84,Oudemolsedijk,2022-11-02,03:00:00,0,0,0,FMN GV 18 Kasterlee
84,Oudemolsedijk,2022-11-02,04:00:00,1,1,0,FMN GV 18 Kasterlee
84,Oudemolsedijk,2022-11-02,05:00:00,3,3,0,FMN GV 18 Kasterlee
84,Oudemolsedijk,2022-11-02,06:00:00,9,5,4,FMN GV 18 Kasterlee
84,Oudemolsedijk,2022-11-02,07:00:00,9,4,5,FMN GV 18 Kasterlee
84,Oudemolsedijk,2022-11-02,08:00:00,6,5,1,FMN GV 18 Kasterlee
84,Oudemolsedijk,2022-11-02,09:00:00,12,8,4,FMN GV 18 Kasterlee
84,Oudemolsedijk,2022-11-02,10:00:00,18,9,9,FMN GV 18 Kasterlee
84,Oudemolsedijk,2022-11-02,11:00:00,26,11,15,FMN GV 18 Kasterlee
84,Oudemolsedijk,2022-11-02,12:00:00,23,13,10,FMN GV 18 Kasterlee
84,Oudemolsedijk,2022-11-02,13:00:00,36,22,14,FMN GV 18 Kasterlee
84,Oudemolsedijk,2022-11-02,14:00:00,78,46,32,FMN GV 18 Kasterlee
84,Oudemolsedijk,2022-11-02,15:00:00,63,35,28,FMN GV 18 Kasterlee
84,Oudemolsedijk,2022-11-02,16:00:00,45,18,27,FMN GV 18 Kasterlee
84,Oudemolsedijk,2022-11-02,17:00:00,22,9,13,FMN GV 18 Kasterlee
84,Oudemolsedijk,2022-11-02,18:00:00,7,2,5,FMN GV 18 Kasterlee
84,Oudemolsedijk,2022-11-02,19:00:00,3,2,1,FMN GV 18 Kasterlee
84,Oudemolsedijk,2022-11-02,20:00:00,7,5,2,FMN GV 18 Kasterlee
84,Oudemolsedijk,2022-11-02,21:00:00,4,3,1,FMN GV 18 Kasterlee
84,Oudemolsedijk,2022-11-02,22:00:00,1,0,1,FMN GV 18 Kasterlee
84,Oudemolsedijk,2022-11-02,23:00:00,1,1,0,FMN GV 18 Kasterlee
84,Oudemolsedijk,2022-11-03,00:00:00,0,0,0,FMN GV 18 Kasterlee
84,Oudemolsedijk,2022-11-03,01:00:00,0,0,0,FMN GV 18 Kasterlee
84,Oudemolsedijk,2022-11-03,02:00:00,0,0,0,FMN GV 18 Kasterlee
84,Oudemolsedijk,2022-11-03,03:00:00,1,0,1,FMN GV 18 Kasterlee
84,Oudemolsedijk,2022-11-03,04:00:00,2,2,0,FMN GV 18 Kasterlee
84,Oudemolsedijk,2022-11-03,05:00:00,4,4,0,FMN GV 18 Kasterlee
84,Oudemolsedijk,2022-11-03,06:00:00,17,7,10,FMN GV 18 Kasterlee
84,Oudemolsedijk,2022-11-03,07:00:00,9,2,7,FMN GV 18 Kasterlee
84,Oudemolsedijk,2022-11-03,08:00:00,14,8,6,FMN GV 18 Kasterlee
84,Oudemolsedijk,2022-11-03,09:00:00,14,10,4,FMN GV 18 Kasterlee
84,Oudemolsedijk,2022-11-03,10:00:00,27,11,16,FMN GV 18 Kasterlee
84,Oudemolsedijk,2022-11-03,11:00:00,7,4,3,FMN GV 18 Kasterlee
84,Oudemolsedijk,2022-11-03,12:00:00,23,12,11,FMN GV 18 Kasterlee
84,Oudemolsedijk,2022-11-03,13:00:00,37,11,26,FMN GV 18 Kasterlee
84,Oudemolsedijk,2022-11-03,14:00:00,20,16,4,FMN GV 18 Kasterlee
84,Oudemolsedijk,2022-11-03,15:00:00,17,13,4,FMN GV 18 Kasterlee
84,Oudemolsedijk,2022-11-03,16:00:00,16,8,8,FMN GV 18 Kasterlee
84,Oudemolsedijk,2022-11-03,17:00:00,9,5,4,FMN GV 18 Kasterlee
84,Oudemolsedijk,2022-11-03,18:00:00,3,1,2,FMN GV 18 Kasterlee
84,Oudemolsedijk,2022-11-03,19:00:00,1,0,1,FMN GV 18 Kasterlee
84,Oudemolsedijk,2022-11-03,20:00:00,0,0,0,FMN GV 18 Kasterlee
84,Oudemolsedijk,2022-11-03,21:00:00,6,1,5,FMN GV 18 Kasterlee
84,Oudemolsedijk,2022-11-03,22:00:00,2,0,2,FMN GV 18 Kasterlee
84,Oudemolsedijk,2022-11-03,23:00:00,0,0,0,FMN GV 18 Kasterlee
84,Oudemolsedijk,2022-11-04,00:00:00,0,0,0,FMN GV 18 Kasterlee
84,Oudemolsedijk,2022-11-04,01:00:00,1,0,1,FMN GV 18 Kasterlee
84,Oudemolsedijk,2022-11-04,02:00:00,0,0,0,FMN GV 18 Kasterlee
84,Oudemolsedijk,2022-11-04,03:00:00,0,0,0,FMN GV 18 Kasterlee
84,Oudemolsedijk,2022-11-04,04:00:00,0,0,0,FMN GV 18 Kasterlee
84,Oudemolsedijk,2022-11-04,05:00:00,3,3,0,FMN GV 18 Kasterlee
84,Oudemolsedijk,2022-11-04,06:00:00,12,7,5,FMN GV 18 Kasterlee
84,Oudemolsedijk,2022-11-04,07:00:00,6,3,3,FMN GV 18 Kasterlee
84,Oudemolsedijk,2022-11-04,08:00:00,8,5,3,FMN GV 18 Kasterlee
84,Oudemolsedijk,2022-11-04,09:00:00,1,0,1,FMN GV 18 Kasterlee
84,Oudemolsedijk,2022-11-04,10:00:00,7,6,1,FMN GV 18 Kasterlee
84,Oudemolsedijk,2022-11-04,11:00:00,5,3,2,FMN GV 18 Kasterlee
84,Oudemolsedijk,2022-11-04,12:00:00,13,4,9,FMN GV 18 Kasterlee
84,Oudemolsedijk,2022-11-04,13:00:00,18,12,6,FMN GV 18 Kasterlee
84,Oudemolsedijk,2022-11-04,14:00:00,28,15,13,FMN GV 18 Kasterlee
84,Oudemolsedijk,2022-11-04,15:00:00,22,6,16,FMN GV 18 Kasterlee
84,Oudemolsedijk,2022-11-04,16:00:00,11,7,4,FMN GV 18 Kasterlee
84,Oudemolsedijk,2022-11-04,17:00:00,11,9,2,FMN GV 18 Kasterlee
84,Oudemolsedijk,2022-11-04,18:00:00,5,1,4,FMN GV 18 Kasterlee
84,Oudemolsedijk,2022-11-04,19:00:00,3,2,1,FMN GV 18 Kasterlee
84,Oudemolsedijk,2022-11-04,20:00:00,1,1,0,FMN GV 18 Kasterlee
84,Oudemolsedijk,2022-11-04,21:00:00,1,1,0,FMN GV 18 Kasterlee
84,Oudemolsedijk,2022-11-04,22:00:00,1,1,0,FMN GV 18 Kasterlee
84,Oudemolsedijk,2022-11-04,23:00:00,0,0,0,FMN GV 18 Kasterlee
84,Oudemolsedijk,2022-11-05,00:00:00,1,1,0,FMN GV 18 Kasterlee
84,Oudemolsedijk,2022-11-05,01:00:00,0,0,0,FMN GV 18 Kasterlee
84,Oudemolsedijk,2022-11-05,02:00:00,0,0,0,FMN GV 18 Kasterlee
84,Oudemolsedijk,2022-11-05,03:00:00,3,0,3,FMN GV 18 Kasterlee
84,Oudemolsedijk,2022-11-05,04:00:00,0,0,0,FMN GV 18 Kasterlee
84,Oudemolsedijk,2022-11-05,05:00:00,0,0,0,FMN GV 18 Kasterlee
84,Oudemolsedijk,2022-11-05,06:00:00,0,0,0,FMN GV 18 Kasterlee
84,Oudemolsedijk,2022-11-05,07:00:00,3,2,1,FMN GV 18 Kasterlee
84,Oudemolsedijk,2022-11-05,08:00:00,3,1,2,FMN GV 18 Kasterlee
84,Oudemolsedijk,2022-11-05,09:00:00,17,2,15,FMN GV 18 Kasterlee
84,Oudemolsedijk,2022-11-05,10:00:00,16,7,9,FMN GV 18 Kasterlee
84,Oudemolsedijk,2022-11-05,11:00:00,21,13,8,FMN GV 18 Kasterlee
84,Oudemolsedijk,2022-11-05,12:00:00,35,12,23,FMN GV 18 Kasterlee
84,Oudemolsedijk,2022-11-05,13:00:00,80,48,32,FMN GV 18 Kasterlee
84,Oudemolsedijk,2022-11-05,14:00:00,58,37,21,FMN GV 18 Kasterlee
84,Oudemolsedijk,2022-11-05,15:00:00,31,15,16,FMN GV 18 Kasterlee
84,Oudemolsedijk,2022-11-05,16:00:00,30,14,16,FMN GV 18 Kasterlee
84,Oudemolsedijk,2022-11-05,17:00:00,4,4,0,FMN GV 18 Kasterlee
84,Oudemolsedijk,2022-11-05,18:00:00,3,2,1,FMN GV 18 Kasterlee
84,Oudemolsedijk,2022-11-05,19:00:00,2,2,0,FMN GV 18 Kasterlee
84,Oudemolsedijk,2022-11-05,20:00:00,1,1,0,FMN GV 18 Kasterlee
84,Oudemolsedijk,2022-11-05,21:00:00,0,0,0,FMN GV 18 Kasterlee
84,Oudemolsedijk,2022-11-05,22:00:00,1,0,1,FMN GV 18 Kasterlee
84,Oudemolsedijk,2022-11-05,23:00:00,2,0,2,FMN GV 18 Kasterlee
84,Oudemolsedijk,2022-11-06,00:00:00,0,0,0,FMN GV 18 Kasterlee
84,Oudemolsedijk,2022-11-06,01:00:00,1,1,0,FMN GV 18 Kasterlee
84,Oudemolsedijk,2022-11-06,02:00:00,1,1,0,FMN GV 18 Kasterlee
84,Oudemolsedijk,2022-11-06,03:00:00,0,0,0,FMN GV 18 Kasterlee
84,Oudemolsedijk,2022-11-06,04:00:00,0,0,0,FMN GV 18 Kasterlee
84,Oudemolsedijk,2022-11-06,05:00:00,0,0,0,FMN GV 18 Kasterlee
84,Oudemolsedijk,2022-11-06,06:00:00,1,1,0,FMN GV 18 Kasterlee
84,Oudemolsedijk,2022-11-06,07:00:00,3,1,2,FMN GV 18 Kasterlee
84,Oudemolsedijk,2022-11-06,08:00:00,21,7,14,FMN GV 18 Kasterlee
84,Oudemolsedijk,2022-11-06,09:00:00,70,25,45,FMN GV 18 Kasterlee
84,Oudemolsedijk,2022-11-06,10:00:00,60,29,31,FMN GV 18 Kasterlee
84,Oudemolsedijk,2022-11-06,11:00:00,50,31,19,FMN GV 18 Kasterlee
84,Oudemolsedijk,2022-11-06,12:00:00,16,6,10,FMN GV 18 Kasterlee
84,Oudemolsedijk,2022-11-06,13:00:00,10,5,5,FMN GV 18 Kasterlee
84,Oudemolsedijk,2022-11-06,14:00:00,6,5,1,FMN GV 18 Kasterlee
84,Oudemolsedijk,2022-11-06,15:00:00,1,1,0,FMN GV 18 Kasterlee
84,Oudemolsedijk,2022-11-06,16:00:00,4,3,1,FMN GV 18 Kasterlee
84,Oudemolsedijk,2022-11-06,17:00:00,5,3,2,FMN GV 18 Kasterlee
84,Oudemolsedijk,2022-11-06,18:00:00,1,0,1,FMN GV 18 Kasterlee
84,Oudemolsedijk,2022-11-06,19:00:00,0,0,0,FMN GV 18 Kasterlee
84,Oudemolsedijk,2022-11-06,20:00:00,0,0,0,FMN GV 18 Kasterlee
84,Oudemolsedijk,2022-11-06,21:00:00,0,0,0,FMN GV 18 Kasterlee
84,Oudemolsedijk,2022-11-06,22:00:00,3,0,3,FMN GV 18 Kasterlee
84,Oudemolsedijk,2022-11-06,23:00:00,0,0,0,FMN GV 18 Kasterlee
84,Oudemolsedijk,2022-11-07,00:00:00,0,0,0,FMN GV 18 Kasterlee
84,Oudemolsedijk,2022-11-07,01:00:00,0,0,0,FMN GV 18 Kasterlee
84,Oudemolsedijk,2022-11-07,02:00:00,0,0,0,FMN GV 18 Kasterlee
84,Oudemolsedijk,2022-11-07,03:00:00,0,0,0,FMN GV 18 Kasterlee
84,Oudemolsedijk,2022-11-07,04:00:00,1,1,0,FMN GV 18 Kasterlee
84,Oudemolsedijk,2022-11-07,05:00:00,3,3,0,FMN GV 18 Kasterlee
84,Oudemolsedijk,2022-11-07,06:00:00,19,13,6,FMN GV 18 Kasterlee
84,Oudemolsedijk,2022-11-07,07:00:00,26,15,11,FMN GV 18 Kasterlee
84,Oudemolsedijk,2022-11-07,08:00:00,20,11,9,FMN GV 18 Kasterlee
84,Oudemolsedijk,2022-11-07,09:00:00,10,5,5,FMN GV 18 Kasterlee
84,Oudemolsedijk,2022-11-07,10:00:00,7,4,3,FMN GV 18 Kasterlee
84,Oudemolsedijk,2022-11-07,11:00:00,7,4,3,FMN GV 18 Kasterlee
84,Oudemolsedijk,2022-11-07,12:00:00,7,5,2,FMN GV 18 Kasterlee
84,Oudemolsedijk,2022-11-07,13:00:00,25,13,12,FMN GV 18 Kasterlee
84,Oudemolsedijk,2022-11-07,14:00:00,25,15,10,FMN GV 18 Kasterlee
84,Oudemolsedijk,2022-11-07,15:00:00,40,9,31,FMN GV 18 Kasterlee
84,Oudemolsedijk,2022-11-07,16:00:00,30,15,15,FMN GV 18 Kasterlee
84,Oudemolsedijk,2022-11-07,17:00:00,16,4,12,FMN GV 18 Kasterlee
84,Oudemolsedijk,2022-11-07,18:00:00,6,2,4,FMN GV 18 Kasterlee
84,Oudemolsedijk,2022-11-07,19:00:00,3,1,2,FMN GV 18 Kasterlee
84,Oudemolsedijk,2022-11-07,20:00:00,4,3,1,FMN GV 18 Kasterlee
84,Oudemolsedijk,2022-11-07,21:00:00,2,1,1,FMN GV 18 Kasterlee
84,Oudemolsedijk,2022-11-07,22:00:00,5,1,4,FMN GV 18 Kasterlee
84,Oudemolsedijk,2022-11-07,23:00:00,1,0,1,FMN GV 18 Kasterlee
84,Oudemolsedijk,2022-11-08,00:00:00,0,0,0,FMN GV 18 Kasterlee
84,Oudemolsedijk,2022-11-08,01:00:00,0,0,0,FMN GV 18 Kasterlee
84,Oudemolsedijk,2022-11-08,02:00:00,0,0,0,FMN GV 18 Kasterlee
84,Oudemolsedijk,2022-11-08,03:00:00,0,0,0,FMN GV 18 Kasterlee
84,Oudemolsedijk,2022-11-08,04:00:00,2,2,0,FMN GV 18 Kasterlee
84,Oudemolsedijk,2022-11-08,05:00:00,5,5,0,FMN GV 18 Kasterlee
84,Oudemolsedijk,2022-11-08,06:00:00,24,13,11,FMN GV 18 Kasterlee
84,Oudemolsedijk,2022-11-08,07:00:00,36,19,17,FMN GV 18 Kasterlee
84,Oudemolsedijk,2022-11-08,08:00:00,24,13,11,FMN GV 18 Kasterlee
84,Oudemolsedijk,2022-11-08,09:00:00,16,5,11,FMN GV 18 Kasterlee
84,Oudemolsedijk,2022-11-08,10:00:00,15,8,7,FMN GV 18 Kasterlee
84,Oudemolsedijk,2022-11-08,11:00:00,31,18,13,FMN GV 18 Kasterlee
84,Oudemolsedijk,2022-11-08,12:00:00,18,15,3,FMN GV 18 Kasterlee
84,Oudemolsedijk,2022-11-08,13:00:00,34,14,20,FMN GV 18 Kasterlee
84,Oudemolsedijk,2022-11-08,14:00:00,42,20,22,FMN GV 18 Kasterlee
84,Oudemolsedijk,2022-11-08,15:00:00,40,21,19,FMN GV 18 Kasterlee
84,Oudemolsedijk,2022-11-08,16:00:00,76,43,33,FMN GV 18 Kasterlee
84,Oudemolsedijk,2022-11-08,17:00:00,26,7,19,FMN GV 18 Kasterlee
84,Oudemolsedijk,2022-11-08,18:00:00,10,3,7,FMN GV 18 Kasterlee
84,Oudemolsedijk,2022-11-08,19:00:00,6,5,1,FMN GV 18 Kasterlee
84,Oudemolsedijk,2022-11-08,20:00:00,8,3,5,FMN GV 18 Kasterlee
84,Oudemolsedijk,2022-11-08,21:00:00,3,2,1,FMN GV 18 Kasterlee
84,Oudemolsedijk,2022-11-08,22:00:00,6,1,5,FMN GV 18 Kasterlee
84,Oudemolsedijk,2022-11-08,23:00:00,4,3,1,FMN GV 18 Kasterlee
84,Oudemolsedijk,2022-11-09,00:00:00,0,0,0,FMN GV 18 Kasterlee
84,Oudemolsedijk,2022-11-09,01:00:00,0,0,0,FMN GV 18 Kasterlee
84,Oudemolsedijk,2022-11-09,02:00:00,0,0,0,FMN GV 18 Kasterlee
84,Oudemolsedijk,2022-11-09,03:00:00,0,0,0,FMN GV 18 Kasterlee
84,Oudemolsedijk,2022-11-09,04:00:00,0,0,0,FMN GV 18 Kasterlee
84,Oudemolsedijk,2022-11-09,05:00:00,3,3,0,FMN GV 18 Kasterlee
84,Oudemolsedijk,2022-11-09,06:00:00,20,12,8,FMN GV 18 Kasterlee
84,Oudemolsedijk,2022-11-09,07:00:00,27,15,12,FMN GV 18 Kasterlee
84,Oudemolsedijk,2022-11-09,08:00:00,25,16,9,FMN GV 18 Kasterlee
84,Oudemolsedijk,2022-11-09,09:00:00,14,12,2,FMN GV 18 Kasterlee
84,Oudemolsedijk,2022-11-09,10:00:00,17,6,11,FMN GV 18 Kasterlee
84,Oudemolsedijk,2022-11-09,11:00:00,11,6,5,FMN GV 18 Kasterlee
84,Oudemolsedijk,2022-11-09,12:00:00,28,12,16,FMN GV 18 Kasterlee
84,Oudemolsedijk,2022-11-09,13:00:00,40,27,13,FMN GV 18 Kasterlee
84,Oudemolsedijk,2022-11-09,14:00:00,19,10,9,FMN GV 18 Kasterlee
84,Oudemolsedijk,2022-11-09,15:00:00,24,8,16,FMN GV 18 Kasterlee
84,Oudemolsedijk,2022-11-09,16:00:00,32,20,12,FMN GV 18 Kasterlee
84,Oudemolsedijk,2022-11-09,17:00:00,25,12,13,FMN GV 18 Kasterlee
84,Oudemolsedijk,2022-11-09,18:00:00,7,1,6,FMN GV 18 Kasterlee
84,Oudemolsedijk,2022-11-09,19:00:00,3,2,1,FMN GV 18 Kasterlee
84,Oudemolsedijk,2022-11-09,20:00:00,9,8,1,FMN GV 18 Kasterlee
84,Oudemolsedijk,2022-11-09,21:00:00,0,0,0,FMN GV 18 Kasterlee
84,Oudemolsedijk,2022-11-09,22:00:00,5,4,1,FMN GV 18 Kasterlee
84,Oudemolsedijk,2022-11-09,23:00:00,2,0,2,FMN GV 18 Kasterlee
84,Oudemolsedijk,2022-11-10,00:00:00,0,0,0,FMN GV 18 Kasterlee
84,Oudemolsedijk,2022-11-10,01:00:00,0,0,0,FMN GV 18 Kasterlee
84,Oudemolsedijk,2022-11-10,02:00:00,0,0,0,FMN GV 18 Kasterlee
84,Oudemolsedijk,2022-11-10,03:00:00,1,0,1,FMN GV 18 Kasterlee
84,Oudemolsedijk,2022-11-10,04:00:00,1,1,0,FMN GV 18 Kasterlee
84,Oudemolsedijk,2022-11-10,05:00:00,5,5,0,FMN GV 18 Kasterlee
84,Oudemolsedijk,2022-11-10,06:00:00,24,14,10,FMN GV 18 Kasterlee
84,Oudemolsedijk,2022-11-10,07:00:00,32,22,10,FMN GV 18 Kasterlee
84,Oudemolsedijk,2022-11-10,08:00:00,25,16,9,FMN GV 18 Kasterlee
84,Oudemolsedijk,2022-11-10,09:00:00,10,6,4,FMN GV 18 Kasterlee
84,Oudemolsedijk,2022-11-10,10:00:00,20,9,11,FMN GV 18 Kasterlee
84,Oudemolsedijk,2022-11-10,11:00:00,19,10,9,FMN GV 18 Kasterlee
84,Oudemolsedijk,2022-11-10,12:00:00,37,18,19,FMN GV 18 Kasterlee
84,Oudemolsedijk,2022-11-10,13:00:00,53,29,24,FMN GV 18 Kasterlee
84,Oudemolsedijk,2022-11-10,14:00:00,65,29,36,FMN GV 18 Kasterlee
84,Oudemolsedijk,2022-11-10,15:00:00,66,34,32,FMN GV 18 Kasterlee
84,Oudemolsedijk,2022-11-10,16:00:00,58,32,26,FMN GV 18 Kasterlee
84,Oudemolsedijk,2022-11-10,17:00:00,25,9,16,FMN GV 18 Kasterlee
84,Oudemolsedijk,2022-11-10,18:00:00,5,4,1,FMN GV 18 Kasterlee
84,Oudemolsedijk,2022-11-10,19:00:00,6,2,4,FMN GV 18 Kasterlee
84,Oudemolsedijk,2022-11-10,20:00:00,2,1,1,FMN GV 18 Kasterlee
84,Oudemolsedijk,2022-11-10,21:00:00,1,1,0,FMN GV 18 Kasterlee
84,Oudemolsedijk,2022-11-10,22:00:00,6,1,5,FMN GV 18 Kasterlee
84,Oudemolsedijk,2022-11-10,23:00:00,4,2,2,FMN GV 18 Kasterlee
84,Oudemolsedijk,2022-11-11,00:00:00,2,2,0,FMN GV 18 Kasterlee
84,Oudemolsedijk,2022-11-11,01:00:00,0,0,0,FMN GV 18 Kasterlee
84,Oudemolsedijk,2022-11-11,02:00:00,0,0,0,FMN GV 18 Kasterlee
84,Oudemolsedijk,2022-11-11,03:00:00,1,0,1,FMN GV 18 Kasterlee
84,Oudemolsedijk,2022-11-11,04:00:00,0,0,0,FMN GV 18 Kasterlee
84,Oudemolsedijk,2022-11-11,05:00:00,1,0,1,FMN GV 18 Kasterlee
84,Oudemolsedijk,2022-11-11,06:00:00,1,1,0,FMN GV 18 Kasterlee
84,Oudemolsedijk,2022-11-11,07:00:00,17,0,17,FMN GV 18 Kasterlee
84,Oudemolsedijk,2022-11-11,08:00:00,94,5,89,FMN GV 18 Kasterlee
84,Oudemolsedijk,2022-11-11,09:00:00,65,7,58,FMN GV 18 Kasterlee
84,Oudemolsedijk,2022-11-11,10:00:00,94,19,75,FMN GV 18 Kasterlee
84,Oudemolsedijk,2022-11-11,11:00:00,262,67,195,FMN GV 18 Kasterlee
84,Oudemolsedijk,2022-11-11,12:00:00,148,76,72,FMN GV 18 Kasterlee
84,Oudemolsedijk,2022-11-11,13:00:00,78,40,38,FMN GV 18 Kasterlee
84,Oudemolsedijk,2022-11-11,14:00:00,93,61,32,FMN GV 18 Kasterlee
84,Oudemolsedijk,2022-11-11,15:00:00,62,29,33,FMN GV 18 Kasterlee
84,Oudemolsedijk,2022-11-11,16:00:00,34,20,14,FMN GV 18 Kasterlee
84,Oudemolsedijk,2022-11-11,17:00:00,15,9,6,FMN GV 18 Kasterlee
84,Oudemolsedijk,2022-11-11,18:00:00,1,1,0,FMN GV 18 Kasterlee
84,Oudemolsedijk,2022-11-11,19:00:00,0,0,0,FMN GV 18 Kasterlee
84,Oudemolsedijk,2022-11-11,20:00:00,7,4,3,FMN GV 18 Kasterlee
84,Oudemolsedijk,2022-11-11,21:00:00,3,3,0,FMN GV 18 Kasterlee
84,Oudemolsedijk,2022-11-11,22:00:00,2,2,0,FMN GV 18 Kasterlee
84,Oudemolsedijk,2022-11-11,23:00:00,0,0,0,FMN GV 18 Kasterlee
84,Oudemolsedijk,2022-11-12,00:00:00,1,1,0,FMN GV 18 Kasterlee
84,Oudemolsedijk,2022-11-12,01:00:00,3,0,3,FMN GV 18 Kasterlee
84,Oudemolsedijk,2022-11-12,02:00:00,0,0,0,FMN GV 18 Kasterlee
84,Oudemolsedijk,2022-11-12,03:00:00,0,0,0,FMN GV 18 Kasterlee
84,Oudemolsedijk,2022-11-12,04:00:00,0,0,0,FMN GV 18 Kasterlee
84,Oudemolsedijk,2022-11-12,05:00:00,0,0,0,FMN GV 18 Kasterlee
84,Oudemolsedijk,2022-11-12,06:00:00,2,2,0,FMN GV 18 Kasterlee
84,Oudemolsedijk,2022-11-12,07:00:00,3,2,1,FMN GV 18 Kasterlee
84,Oudemolsedijk,2022-11-12,08:00:00,6,3,3,FMN GV 18 Kasterlee
84,Oudemolsedijk,2022-11-12,09:00:00,13,4,9,FMN GV 18 Kasterlee
84,Oudemolsedijk,2022-11-12,10:00:00,24,6,18,FMN GV 18 Kasterlee
84,Oudemolsedijk,2022-11-12,11:00:00,54,17,37,FMN GV 18 Kasterlee
84,Oudemolsedijk,2022-11-12,12:00:00,35,17,18,FMN GV 18 Kasterlee
84,Oudemolsedijk,2022-11-12,13:00:00,127,69,58,FMN GV 18 Kasterlee
84,Oudemolsedijk,2022-11-12,14:00:00,128,67,61,FMN GV 18 Kasterlee
84,Oudemolsedijk,2022-11-12,15:00:00,107,58,49,FMN GV 18 Kasterlee
84,Oudemolsedijk,2022-11-12,16:00:00,47,30,17,FMN GV 18 Kasterlee
84,Oudemolsedijk,2022-11-12,17:00:00,9,6,3,FMN GV 18 Kasterlee
84,Oudemolsedijk,2022-11-12,18:00:00,3,3,0,FMN GV 18 Kasterlee
84,Oudemolsedijk,2022-11-12,19:00:00,4,4,0,FMN GV 18 Kasterlee
84,Oudemolsedijk,2022-11-12,20:00:00,2,0,2,FMN GV 18 Kasterlee
84,Oudemolsedijk,2022-11-12,21:00:00,2,1,1,FMN GV 18 Kasterlee
84,Oudemolsedijk,2022-11-12,22:00:00,1,0,1,FMN GV 18 Kasterlee
84,Oudemolsedijk,2022-11-12,23:00:00,1,0,1,FMN GV 18 Kasterlee
84,Oudemolsedijk,2022-11-13,00:00:00,0,0,0,FMN GV 18 Kasterlee
84,Oudemolsedijk,2022-11-13,01:00:00,2,0,2,FMN GV 18 Kasterlee
84,Oudemolsedijk,2022-11-13,02:00:00,0,0,0,FMN GV 18 Kasterlee
84,Oudemolsedijk,2022-11-13,03:00:00,0,0,0,FMN GV 18 Kasterlee
84,Oudemolsedijk,2022-11-13,04:00:00,0,0,0,FMN GV 18 Kasterlee
84,Oudemolsedijk,2022-11-13,05:00:00,1,1,0,FMN GV 18 Kasterlee
84,Oudemolsedijk,2022-11-13,06:00:00,0,0,0,FMN GV 18 Kasterlee
84,Oudemolsedijk,2022-11-13,07:00:00,5,0,5,FMN GV 18 Kasterlee
84,Oudemolsedijk,2022-11-13,08:00:00,15,7,8,FMN GV 18 Kasterlee
84,Oudemolsedijk,2022-11-13,09:00:00,54,20,34,FMN GV 18 Kasterlee
84,Oudemolsedijk,2022-11-13,10:00:00,57,48,9,FMN GV 18 Kasterlee
84,Oudemolsedijk,2022-11-13,11:00:00,68,39,29,FMN GV 18 Kasterlee
84,Oudemolsedijk,2022-11-13,12:00:00,52,33,19,FMN GV 18 Kasterlee
84,Oudemolsedijk,2022-11-13,13:00:00,87,37,50,FMN GV 18 Kasterlee
84,Oudemolsedijk,2022-11-13,14:00:00,124,63,61,FMN GV 18 Kasterlee
84,Oudemolsedijk,2022-11-13,15:00:00,91,41,50,FMN GV 18 Kasterlee
84,Oudemolsedijk,2022-11-13,16:00:00,47,23,24,FMN GV 18 Kasterlee
84,Oudemolsedijk,2022-11-13,17:00:00,14,10,4,FMN GV 18 Kasterlee
84,Oudemolsedijk,2022-11-13,18:00:00,2,0,2,FMN GV 18 Kasterlee
84,Oudemolsedijk,2022-11-13,19:00:00,2,1,1,FMN GV 18 Kasterlee
84,Oudemolsedijk,2022-11-13,20:00:00,2,1,1,FMN GV 18 Kasterlee
84,Oudemolsedijk,2022-11-13,21:00:00,1,1,0,FMN GV 18 Kasterlee
84,Oudemolsedijk,2022-11-13,22:00:00,1,0,1,FMN GV 18 Kasterlee
84,Oudemolsedijk,2022-11-13,23:00:00,1,1,0,FMN GV 18 Kasterlee
84,Oudemolsedijk,2022-11-14,00:00:00,0,0,0,FMN GV 18 Kasterlee
84,Oudemolsedijk,2022-11-14,01:00:00,0,0,0,FMN GV 18 Kasterlee
84,Oudemolsedijk,2022-11-14,02:00:00,0,0,0,FMN GV 18 Kasterlee
84,Oudemolsedijk,2022-11-14,03:00:00,0,0,0,FMN GV 18 Kasterlee
84,Oudemolsedijk,2022-11-14,04:00:00,0,0,0,FMN GV 18 Kasterlee
84,Oudemolsedijk,2022-11-14,05:00:00,9,9,0,FMN GV 18 Kasterlee
84,Oudemolsedijk,2022-11-14,06:00:00,20,10,10,FMN GV 18 Kasterlee
84,Oudemolsedijk,2022-11-14,07:00:00,24,17,7,FMN GV 18 Kasterlee
84,Oudemolsedijk,2022-11-14,08:00:00,21,12,9,FMN GV 18 Kasterlee
84,Oudemolsedijk,2022-11-14,09:00:00,5,1,4,FMN GV 18 Kasterlee
84,Oudemolsedijk,2022-11-14,10:00:00,11,7,4,FMN GV 18 Kasterlee
84,Oudemolsedijk,2022-11-14,11:00:00,8,2,6,FMN GV 18 Kasterlee
84,Oudemolsedijk,2022-11-14,12:00:00,24,19,5,FMN GV 18 Kasterlee
84,Oudemolsedijk,2022-11-14,13:00:00,57,32,25,FMN GV 18 Kasterlee
84,Oudemolsedijk,2022-11-14,14:00:00,44,20,24,FMN GV 18 Kasterlee
84,Oudemolsedijk,2022-11-14,15:00:00,42,21,21,FMN GV 18 Kasterlee
84,Oudemolsedijk,2022-11-14,16:00:00,40,22,18,FMN GV 18 Kasterlee
84,Oudemolsedijk,2022-11-14,17:00:00,24,5,19,FMN GV 18 Kasterlee
84,Oudemolsedijk,2022-11-14,18:00:00,5,2,3,FMN GV 18 Kasterlee
84,Oudemolsedijk,2022-11-14,19:00:00,3,1,2,FMN GV 18 Kasterlee
84,Oudemolsedijk,2022-11-14,20:00:00,1,0,1,FMN GV 18 Kasterlee
84,Oudemolsedijk,2022-11-14,21:00:00,1,0,1,FMN GV 18 Kasterlee
84,Oudemolsedijk,2022-11-14,22:00:00,5,0,5,FMN GV 18 Kasterlee
84,Oudemolsedijk,2022-11-14,23:00:00,0,0,0,FMN GV 18 Kasterlee
84,Oudemolsedijk,2022-11-15,00:00:00,0,0,0,FMN GV 18 Kasterlee
84,Oudemolsedijk,2022-11-15,01:00:00,0,0,0,FMN GV 18 Kasterlee
84,Oudemolsedijk,2022-11-15,02:00:00,0,0,0,FMN GV 18 Kasterlee
84,Oudemolsedijk,2022-11-15,03:00:00,0,0,0,FMN GV 18 Kasterlee
84,Oudemolsedijk,2022-11-15,04:00:00,2,1,1,FMN GV 18 Kasterlee
84,Oudemolsedijk,2022-11-15,05:00:00,3,3,0,FMN GV 18 Kasterlee
84,Oudemolsedijk,2022-11-15,06:00:00,12,6,6,FMN GV 18 Kasterlee
84,Oudemolsedijk,2022-11-15,07:00:00,18,7,11,FMN GV 18 Kasterlee
84,Oudemolsedijk,2022-11-15,08:00:00,15,7,8,FMN GV 18 Kasterlee
84,Oudemolsedijk,2022-11-15,09:00:00,16,8,8,FMN GV 18 Kasterlee
84,Oudemolsedijk,2022-11-15,10:00:00,14,7,7,FMN GV 18 Kasterlee
84,Oudemolsedijk,2022-11-15,11:00:00,17,8,9,FMN GV 18 Kasterlee
84,Oudemolsedijk,2022-11-15,12:00:00,17,11,6,FMN GV 18 Kasterlee
84,Oudemolsedijk,2022-11-15,13:00:00,56,26,30,FMN GV 18 Kasterlee
84,Oudemolsedijk,2022-11-15,14:00:00,40,25,15,FMN GV 18 Kasterlee
84,Oudemolsedijk,2022-11-15,15:00:00,44,30,14,FMN GV 18 Kasterlee
84,Oudemolsedijk,2022-11-15,16:00:00,24,11,13,FMN GV 18 Kasterlee
84,Oudemolsedijk,2022-11-15,17:00:00,15,9,6,FMN GV 18 Kasterlee
84,Oudemolsedijk,2022-11-15,18:00:00,5,3,2,FMN GV 18 Kasterlee
84,Oudemolsedijk,2022-11-15,19:00:00,1,1,0,FMN GV 18 Kasterlee
84,Oudemolsedijk,2022-11-15,20:00:00,4,0,4,FMN GV 18 Kasterlee
84,Oudemolsedijk,2022-11-15,21:00:00,0,0,0,FMN GV 18 Kasterlee
84,Oudemolsedijk,2022-11-15,22:00:00,7,0,7,FMN GV 18 Kasterlee
84,Oudemolsedijk,2022-11-15,23:00:00,0,0,0,FMN GV 18 Kasterlee
84,Oudemolsedijk,2022-11-16,00:00:00,0,0,0,FMN GV 18 Kasterlee
84,Oudemolsedijk,2022-11-16,01:00:00,0,0,0,FMN GV 18 Kasterlee
84,Oudemolsedijk,2022-11-16,02:00:00,3,1,2,FMN GV 18 Kasterlee
84,Oudemolsedijk,2022-11-16,03:00:00,0,0,0,FMN GV 18 Kasterlee
84,Oudemolsedijk,2022-11-16,04:00:00,1,0,1,FMN GV 18 Kasterlee
84,Oudemolsedijk,2022-11-16,05:00:00,6,5,1,FMN GV 18 Kasterlee
84,Oudemolsedijk,2022-11-16,06:00:00,20,9,11,FMN GV 18 Kasterlee
84,Oudemolsedijk,2022-11-16,07:00:00,17,7,10,FMN GV 18 Kasterlee
84,Oudemolsedijk,2022-11-16,08:00:00,25,20,5,FMN GV 18 Kasterlee
84,Oudemolsedijk,2022-11-16,09:00:00,21,2,19,FMN GV 18 Kasterlee
84,Oudemolsedijk,2022-11-16,10:00:00,11,7,4,FMN GV 18 Kasterlee
84,Oudemolsedijk,2022-11-16,11:00:00,16,6,10,FMN GV 18 Kasterlee
84,Oudemolsedijk,2022-11-16,12:00:00,36,14,22,FMN GV 18 Kasterlee
84,Oudemolsedijk,2022-11-16,13:00:00,30,20,10,FMN GV 18 Kasterlee
84,Oudemolsedijk,2022-11-16,14:00:00,36,10,26,FMN GV 18 Kasterlee
84,Oudemolsedijk,2022-11-16,15:00:00,20,7,13,FMN GV 18 Kasterlee
84,Oudemolsedijk,2022-11-16,16:00:00,25,17,8,FMN GV 18 Kasterlee
84,Oudemolsedijk,2022-11-16,17:00:00,18,8,10,FMN GV 18 Kasterlee
84,Oudemolsedijk,2022-11-16,18:00:00,6,3,3,FMN GV 18 Kasterlee
84,Oudemolsedijk,2022-11-16,19:00:00,8,7,1,FMN GV 18 Kasterlee
84,Oudemolsedijk,2022-11-16,20:00:00,16,3,13,FMN GV 18 Kasterlee
84,Oudemolsedijk,2022-11-16,21:00:00,6,5,1,FMN GV 18 Kasterlee
84,Oudemolsedijk,2022-11-16,22:00:00,5,0,5,FMN GV 18 Kasterlee
84,Oudemolsedijk,2022-11-16,23:00:00,0,0,0,FMN GV 18 Kasterlee
84,Oudemolsedijk,2022-11-17,00:00:00,1,1,0,FMN GV 18 Kasterlee
84,Oudemolsedijk,2022-11-17,01:00:00,2,2,0,FMN GV 18 Kasterlee
84,Oudemolsedijk,2022-11-17,02:00:00,0,0,0,FMN GV 18 Kasterlee
84,Oudemolsedijk,2022-11-17,03:00:00,0,0,0,FMN GV 18 Kasterlee
84,Oudemolsedijk,2022-11-17,04:00:00,0,0,0,FMN GV 18 Kasterlee
84,Oudemolsedijk,2022-11-17,05:00:00,2,2,0,FMN GV 18 Kasterlee
84,Oudemolsedijk,2022-11-17,06:00:00,13,7,6,FMN GV 18 Kasterlee
84,Oudemolsedijk,2022-11-17,07:00:00,14,10,4,FMN GV 18 Kasterlee
84,Oudemolsedijk,2022-11-17,08:00:00,11,8,3,FMN GV 18 Kasterlee
84,Oudemolsedijk,2022-11-17,09:00:00,3,1,2,FMN GV 18 Kasterlee
84,Oudemolsedijk,2022-11-17,10:00:00,6,4,2,FMN GV 18 Kasterlee
84,Oudemolsedijk,2022-11-17,11:00:00,0,0,0,FMN GV 18 Kasterlee
84,Oudemolsedijk,2022-11-17,12:00:00,4,3,1,FMN GV 18 Kasterlee
84,Oudemolsedijk,2022-11-17,13:00:00,17,11,6,FMN GV 18 Kasterlee
84,Oudemolsedijk,2022-11-17,14:00:00,17,2,15,FMN GV 18 Kasterlee
84,Oudemolsedijk,2022-11-17,15:00:00,23,5,18,FMN GV 18 Kasterlee
84,Oudemolsedijk,2022-11-17,16:00:00,27,9,18,FMN GV 18 Kasterlee
84,Oudemolsedijk,2022-11-17,17:00:00,9,4,5,FMN GV 18 Kasterlee
84,Oudemolsedijk,2022-11-17,18:00:00,4,2,2,FMN GV 18 Kasterlee
84,Oudemolsedijk,2022-11-17,19:00:00,2,1,1,FMN GV 18 Kasterlee
84,Oudemolsedijk,2022-11-17,20:00:00,2,0,2,FMN GV 18 Kasterlee
84,Oudemolsedijk,2022-11-17,21:00:00,0,0,0,FMN GV 18 Kasterlee
84,Oudemolsedijk,2022-11-17,22:00:00,3,0,3,FMN GV 18 Kasterlee
84,Oudemolsedijk,2022-11-17,23:00:00,0,0,0,FMN GV 18 Kasterlee
84,Oudemolsedijk,2022-11-18,00:00:00,0,0,0,FMN GV 18 Kasterlee
84,Oudemolsedijk,2022-11-18,01:00:00,0,0,0,FMN GV 18 Kasterlee
84,Oudemolsedijk,2022-11-18,02:00:00,0,0,0,FMN GV 18 Kasterlee
84,Oudemolsedijk,2022-11-18,03:00:00,0,0,0,FMN GV 18 Kasterlee
84,Oudemolsedijk,2022-11-18,04:00:00,1,0,1,FMN GV 18 Kasterlee
84,Oudemolsedijk,2022-11-18,05:00:00,3,3,0,FMN GV 18 Kasterlee
84,Oudemolsedijk,2022-11-18,06:00:00,16,9,7,FMN GV 18 Kasterlee
84,Oudemolsedijk,2022-11-18,07:00:00,23,13,10,FMN GV 18 Kasterlee
84,Oudemolsedijk,2022-11-18,08:00:00,18,12,6,FMN GV 18 Kasterlee
84,Oudemolsedijk,2022-11-18,09:00:00,13,7,6,FMN GV 18 Kasterlee
84,Oudemolsedijk,2022-11-18,10:00:00,13,5,8,FMN GV 18 Kasterlee
84,Oudemolsedijk,2022-11-18,11:00:00,14,14,0,FMN GV 18 Kasterlee
84,Oudemolsedijk,2022-11-18,12:00:00,13,5,8,FMN GV 18 Kasterlee
84,Oudemolsedijk,2022-11-18,13:00:00,18,10,8,FMN GV 18 Kasterlee
84,Oudemolsedijk,2022-11-18,14:00:00,13,6,7,FMN GV 18 Kasterlee
84,Oudemolsedijk,2022-11-18,15:00:00,13,5,8,FMN GV 18 Kasterlee
84,Oudemolsedijk,2022-11-18,16:00:00,27,11,16,FMN GV 18 Kasterlee
84,Oudemolsedijk,2022-11-18,17:00:00,20,5,15,FMN GV 18 Kasterlee
84,Oudemolsedijk,2022-11-18,18:00:00,8,0,8,FMN GV 18 Kasterlee
84,Oudemolsedijk,2022-11-18,19:00:00,3,3,0,FMN GV 18 Kasterlee
84,Oudemolsedijk,2022-11-18,20:00:00,1,0,1,FMN GV 18 Kasterlee
84,Oudemolsedijk,2022-11-18,21:00:00,0,0,0,FMN GV 18 Kasterlee
84,Oudemolsedijk,2022-11-18,22:00:00,2,2,0,FMN GV 18 Kasterlee
84,Oudemolsedijk,2022-11-18,23:00:00,2,0,2,FMN GV 18 Kasterlee
84,Oudemolsedijk,2022-11-19,00:00:00,1,1,0,FMN GV 18 Kasterlee
84,Oudemolsedijk,2022-11-19,01:00:00,2,1,1,FMN GV 18 Kasterlee
84,Oudemolsedijk,2022-11-19,02:00:00,0,0,0,FMN GV 18 Kasterlee
84,Oudemolsedijk,2022-11-19,03:00:00,0,0,0,FMN GV 18 Kasterlee
84,Oudemolsedijk,2022-11-19,04:00:00,0,0,0,FMN GV 18 Kasterlee
84,Oudemolsedijk,2022-11-19,05:00:00,0,0,0,FMN GV 18 Kasterlee
84,Oudemolsedijk,2022-11-19,06:00:00,3,3,0,FMN GV 18 Kasterlee
84,Oudemolsedijk,2022-11-19,07:00:00,2,1,1,FMN GV 18 Kasterlee
84,Oudemolsedijk,2022-11-19,08:00:00,0,0,0,FMN GV 18 Kasterlee
84,Oudemolsedijk,2022-11-19,09:00:00,0,0,0,FMN GV 18 Kasterlee
84,Oudemolsedijk,2022-11-19,10:00:00,2,2,0,FMN GV 18 Kasterlee
84,Oudemolsedijk,2022-11-19,11:00:00,6,2,4,FMN GV 18 Kasterlee
84,Oudemolsedijk,2022-11-19,12:00:00,4,2,2,FMN GV 18 Kasterlee
84,Oudemolsedijk,2022-11-19,13:00:00,9,4,5,FMN GV 18 Kasterlee
84,Oudemolsedijk,2022-11-19,14:00:00,38,10,28,FMN GV 18 Kasterlee
84,Oudemolsedijk,2022-11-19,15:00:00,12,6,6,FMN GV 18 Kasterlee
84,Oudemolsedijk,2022-11-19,16:00:00,10,4,6,FMN GV 18 Kasterlee
84,Oudemolsedijk,2022-11-19,17:00:00,6,5,1,FMN GV 18 Kasterlee
84,Oudemolsedijk,2022-11-19,18:00:00,4,1,3,FMN GV 18 Kasterlee
84,Oudemolsedijk,2022-11-19,19:00:00,10,5,5,FMN GV 18 Kasterlee
84,Oudemolsedijk,2022-11-19,20:00:00,4,2,2,FMN GV 18 Kasterlee
84,Oudemolsedijk,2022-11-19,21:00:00,0,0,0,FMN GV 18 Kasterlee
84,Oudemolsedijk,2022-11-19,22:00:00,1,0,1,FMN GV 18 Kasterlee
84,Oudemolsedijk,2022-11-19,23:00:00,1,1,0,FMN GV 18 Kasterlee
84,Oudemolsedijk,2022-11-20,00:00:00,0,0,0,FMN GV 18 Kasterlee
84,Oudemolsedijk,2022-11-20,01:00:00,1,0,1,FMN GV 18 Kasterlee
84,Oudemolsedijk,2022-11-20,02:00:00,0,0,0,FMN GV 18 Kasterlee
84,Oudemolsedijk,2022-11-20,03:00:00,0,0,0,FMN GV 18 Kasterlee
84,Oudemolsedijk,2022-11-20,04:00:00,0,0,0,FMN GV 18 Kasterlee
84,Oudemolsedijk,2022-11-20,05:00:00,1,1,0,FMN GV 18 Kasterlee
84,Oudemolsedijk,2022-11-20,06:00:00,6,5,1,FMN GV 18 Kasterlee
84,Oudemolsedijk,2022-11-20,07:00:00,0,0,0,FMN GV 18 Kasterlee
84,Oudemolsedijk,2022-11-20,08:00:00,5,1,4,FMN GV 18 Kasterlee
84,Oudemolsedijk,2022-11-20,09:00:00,20,9,11,FMN GV 18 Kasterlee
84,Oudemolsedijk,2022-11-20,10:00:00,45,28,17,FMN GV 18 Kasterlee
84,Oudemolsedijk,2022-11-20,11:00:00,30,18,12,FMN GV 18 Kasterlee
84,Oudemolsedijk,2022-11-20,12:00:00,8,2,6,FMN GV 18 Kasterlee
84,Oudemolsedijk,2022-11-20,13:00:00,9,7,2,FMN GV 18 Kasterlee
84,Oudemolsedijk,2022-11-20,14:00:00,10,7,3,FMN GV 18 Kasterlee
84,Oudemolsedijk,2022-11-20,15:00:00,5,1,4,FMN GV 18 Kasterlee
84,Oudemolsedijk,2022-11-20,16:00:00,0,0,0,FMN GV 18 Kasterlee
84,Oudemolsedijk,2022-11-20,17:00:00,0,0,0,FMN GV 18 Kasterlee
84,Oudemolsedijk,2022-11-20,18:00:00,3,0,3,FMN GV 18 Kasterlee
84,Oudemolsedijk,2022-11-20,19:00:00,1,0,1,FMN GV 18 Kasterlee
84,Oudemolsedijk,2022-11-20,20:00:00,0,0,0,FMN GV 18 Kasterlee
84,Oudemolsedijk,2022-11-20,21:00:00,2,1,1,FMN GV 18 Kasterlee
84,Oudemolsedijk,2022-11-20,22:00:00,0,0,0,FMN GV 18 Kasterlee
84,Oudemolsedijk,2022-11-20,23:00:00,0,0,0,FMN GV 18 Kasterlee
84,Oudemolsedijk,2022-11-21,00:00:00,1,1,0,FMN GV 18 Kasterlee
84,Oudemolsedijk,2022-11-21,01:00:00,0,0,0,FMN GV 18 Kasterlee
84,Oudemolsedijk,2022-11-21,02:00:00,0,0,0,FMN GV 18 Kasterlee
84,Oudemolsedijk,2022-11-21,03:00:00,0,0,0,FMN GV 18 Kasterlee
84,Oudemolsedijk,2022-11-21,04:00:00,1,1,0,FMN GV 18 Kasterlee
84,Oudemolsedijk,2022-11-21,05:00:00,4,4,0,FMN GV 18 Kasterlee
84,Oudemolsedijk,2022-11-21,06:00:00,18,8,10,FMN GV 18 Kasterlee
84,Oudemolsedijk,2022-11-21,07:00:00,27,16,11,FMN GV 18 Kasterlee
84,Oudemolsedijk,2022-11-21,08:00:00,24,15,9,FMN GV 18 Kasterlee
84,Oudemolsedijk,2022-11-21,09:00:00,7,4,3,FMN GV 18 Kasterlee
84,Oudemolsedijk,2022-11-21,10:00:00,12,8,4,FMN GV 18 Kasterlee
84,Oudemolsedijk,2022-11-21,11:00:00,14,3,11,FMN GV 18 Kasterlee
84,Oudemolsedijk,2022-11-21,12:00:00,16,13,3,FMN GV 18 Kasterlee
84,Oudemolsedijk,2022-11-21,13:00:00,50,18,32,FMN GV 18 Kasterlee
84,Oudemolsedijk,2022-11-21,14:00:00,35,12,23,FMN GV 18 Kasterlee
84,Oudemolsedijk,2022-11-21,15:00:00,26,8,18,FMN GV 18 Kasterlee
84,Oudemolsedijk,2022-11-21,16:00:00,37,20,17,FMN GV 18 Kasterlee
84,Oudemolsedijk,2022-11-21,17:00:00,15,5,10,FMN GV 18 Kasterlee
84,Oudemolsedijk,2022-11-21,18:00:00,7,2,5,FMN GV 18 Kasterlee
84,Oudemolsedijk,2022-11-21,19:00:00,3,0,3,FMN GV 18 Kasterlee
84,Oudemolsedijk,2022-11-21,20:00:00,2,0,2,FMN GV 18 Kasterlee
84,Oudemolsedijk,2022-11-21,21:00:00,2,1,1,FMN GV 18 Kasterlee
84,Oudemolsedijk,2022-11-21,22:00:00,1,0,1,FMN GV 18 Kasterlee
84,Oudemolsedijk,2022-11-21,23:00:00,0,0,0,FMN GV 18 Kasterlee
84,Oudemolsedijk,2022-11-22,00:00:00,1,0,1,FMN GV 18 Kasterlee
84,Oudemolsedijk,2022-11-22,01:00:00,0,0,0,FMN GV 18 Kasterlee
84,Oudemolsedijk,2022-11-22,02:00:00,0,0,0,FMN GV 18 Kasterlee
84,Oudemolsedijk,2022-11-22,03:00:00,0,0,0,FMN GV 18 Kasterlee
84,Oudemolsedijk,2022-11-22,04:00:00,1,1,0,FMN GV 18 Kasterlee
84,Oudemolsedijk,2022-11-22,05:00:00,5,5,0,FMN GV 18 Kasterlee
84,Oudemolsedijk,2022-11-22,06:00:00,17,10,7,FMN GV 18 Kasterlee
84,Oudemolsedijk,2022-11-22,07:00:00,26,16,10,FMN GV 18 Kasterlee
84,Oudemolsedijk,2022-11-22,08:00:00,17,10,7,FMN GV 18 Kasterlee
84,Oudemolsedijk,2022-11-22,09:00:00,4,3,1,FMN GV 18 Kasterlee
84,Oudemolsedijk,2022-11-22,10:00:00,13,7,6,FMN GV 18 Kasterlee
84,Oudemolsedijk,2022-11-22,11:00:00,12,7,5,FMN GV 18 Kasterlee
84,Oudemolsedijk,2022-11-22,12:00:00,13,7,6,FMN GV 18 Kasterlee
84,Oudemolsedijk,2022-11-22,13:00:00,11,5,6,FMN GV 18 Kasterlee
84,Oudemolsedijk,2022-11-22,14:00:00,25,13,12,FMN GV 18 Kasterlee
84,Oudemolsedijk,2022-11-22,15:00:00,20,9,11,FMN GV 18 Kasterlee
84,Oudemolsedijk,2022-11-22,16:00:00,34,13,21,FMN GV 18 Kasterlee
84,Oudemolsedijk,2022-11-22,17:00:00,17,8,9,FMN GV 18 Kasterlee
84,Oudemolsedijk,2022-11-22,18:00:00,11,2,9,FMN GV 18 Kasterlee
84,Oudemolsedijk,2022-11-22,19:00:00,7,1,6,FMN GV 18 Kasterlee
84,Oudemolsedijk,2022-11-22,20:00:00,7,4,3,FMN GV 18 Kasterlee
84,Oudemolsedijk,2022-11-22,21:00:00,2,2,0,FMN GV 18 Kasterlee
84,Oudemolsedijk,2022-11-22,22:00:00,3,1,2,FMN GV 18 Kasterlee
84,Oudemolsedijk,2022-11-22,23:00:00,2,0,2,FMN GV 18 Kasterlee
84,Oudemolsedijk,2022-11-23,00:00:00,0,0,0,FMN GV 18 Kasterlee
84,Oudemolsedijk,2022-11-23,01:00:00,0,0,0,FMN GV 18 Kasterlee
84,Oudemolsedijk,2022-11-23,02:00:00,0,0,0,FMN GV 18 Kasterlee
84,Oudemolsedijk,2022-11-23,03:00:00,0,0,0,FMN GV 18 Kasterlee
84,Oudemolsedijk,2022-11-23,04:00:00,1,1,0,FMN GV 18 Kasterlee
84,Oudemolsedijk,2022-11-23,05:00:00,4,4,0,FMN GV 18 Kasterlee
84,Oudemolsedijk,2022-11-23,06:00:00,16,9,7,FMN GV 18 Kasterlee
84,Oudemolsedijk,2022-11-23,07:00:00,16,9,7,FMN GV 18 Kasterlee
84,Oudemolsedijk,2022-11-23,08:00:00,21,16,5,FMN GV 18 Kasterlee
84,Oudemolsedijk,2022-11-23,09:00:00,11,5,6,FMN GV 18 Kasterlee
84,Oudemolsedijk,2022-11-23,10:00:00,18,11,7,FMN GV 18 Kasterlee
84,Oudemolsedijk,2022-11-23,11:00:00,17,15,2,FMN GV 18 Kasterlee
84,Oudemolsedijk,2022-11-23,12:00:00,18,5,13,FMN GV 18 Kasterlee
84,Oudemolsedijk,2022-11-23,13:00:00,20,10,10,FMN GV 18 Kasterlee
84,Oudemolsedijk,2022-11-23,14:00:00,15,5,10,FMN GV 18 Kasterlee
84,Oudemolsedijk,2022-11-23,15:00:00,3,1,2,FMN GV 18 Kasterlee
84,Oudemolsedijk,2022-11-23,16:00:00,14,6,8,FMN GV 18 Kasterlee
84,Oudemolsedijk,2022-11-23,17:00:00,18,8,10,FMN GV 18 Kasterlee
84,Oudemolsedijk,2022-11-23,18:00:00,5,1,4,FMN GV 18 Kasterlee
84,Oudemolsedijk,2022-11-23,19:00:00,7,6,1,FMN GV 18 Kasterlee
84,Oudemolsedijk,2022-11-23,20:00:00,6,4,2,FMN GV 18 Kasterlee
84,Oudemolsedijk,2022-11-23,21:00:00,2,1,1,FMN GV 18 Kasterlee
84,Oudemolsedijk,2022-11-23,22:00:00,2,0,2,FMN GV 18 Kasterlee
84,Oudemolsedijk,2022-11-23,23:00:00,1,1,0,FMN GV 18 Kasterlee
84,Oudemolsedijk,2022-11-24,00:00:00,0,0,0,FMN GV 18 Kasterlee
84,Oudemolsedijk,2022-11-24,01:00:00,0,0,0,FMN GV 18 Kasterlee
84,Oudemolsedijk,2022-11-24,02:00:00,1,0,1,FMN GV 18 Kasterlee
84,Oudemolsedijk,2022-11-24,03:00:00,0,0,0,FMN GV 18 Kasterlee
84,Oudemolsedijk,2022-11-24,04:00:00,1,1,0,FMN GV 18 Kasterlee
84,Oudemolsedijk,2022-11-24,05:00:00,7,7,0,FMN GV 18 Kasterlee
84,Oudemolsedijk,2022-11-24,06:00:00,19,10,9,FMN GV 18 Kasterlee
84,Oudemolsedijk,2022-11-24,07:00:00,31,21,10,FMN GV 18 Kasterlee
84,Oudemolsedijk,2022-11-24,08:00:00,22,15,7,FMN GV 18 Kasterlee
84,Oudemolsedijk,2022-11-24,09:00:00,10,5,5,FMN GV 18 Kasterlee
84,Oudemolsedijk,2022-11-24,10:00:00,11,7,4,FMN GV 18 Kasterlee
84,Oudemolsedijk,2022-11-24,11:00:00,10,9,1,FMN GV 18 Kasterlee
84,Oudemolsedijk,2022-11-24,12:00:00,27,15,12,FMN GV 18 Kasterlee
84,Oudemolsedijk,2022-11-24,13:00:00,32,19,13,FMN GV 18 Kasterlee
84,Oudemolsedijk,2022-11-24,14:00:00,48,23,25,FMN GV 18 Kasterlee
84,Oudemolsedijk,2022-11-24,15:00:00,45,19,26,FMN GV 18 Kasterlee
84,Oudemolsedijk,2022-11-24,16:00:00,41,17,24,FMN GV 18 Kasterlee
84,Oudemolsedijk,2022-11-24,17:00:00,23,6,17,FMN GV 18 Kasterlee
84,Oudemolsedijk,2022-11-24,18:00:00,4,2,2,FMN GV 18 Kasterlee
84,Oudemolsedijk,2022-11-24,19:00:00,4,1,3,FMN GV 18 Kasterlee
84,Oudemolsedijk,2022-11-24,20:00:00,3,3,0,FMN GV 18 Kasterlee
84,Oudemolsedijk,2022-11-24,21:00:00,3,3,0,FMN GV 18 Kasterlee
84,Oudemolsedijk,2022-11-24,22:00:00,3,0,3,FMN GV 18 Kasterlee
84,Oudemolsedijk,2022-11-24,23:00:00,1,0,1,FMN GV 18 Kasterlee
84,Oudemolsedijk,2022-11-25,00:00:00,0,0,0,FMN GV 18 Kasterlee
84,Oudemolsedijk,2022-11-25,01:00:00,0,0,0,FMN GV 18 Kasterlee
84,Oudemolsedijk,2022-11-25,02:00:00,0,0,0,FMN GV 18 Kasterlee
84,Oudemolsedijk,2022-11-25,03:00:00,0,0,0,FMN GV 18 Kasterlee
84,Oudemolsedijk,2022-11-25,04:00:00,1,1,0,FMN GV 18 Kasterlee
84,Oudemolsedijk,2022-11-25,05:00:00,6,6,0,FMN GV 18 Kasterlee
84,Oudemolsedijk,2022-11-25,06:00:00,17,7,10,FMN GV 18 Kasterlee
84,Oudemolsedijk,2022-11-25,07:00:00,19,13,6,FMN GV 18 Kasterlee
84,Oudemolsedijk,2022-11-25,08:00:00,23,18,5,FMN GV 18 Kasterlee
84,Oudemolsedijk,2022-11-25,09:00:00,13,9,4,FMN GV 18 Kasterlee
84,Oudemolsedijk,2022-11-25,10:00:00,27,18,9,FMN GV 18 Kasterlee
84,Oudemolsedijk,2022-11-25,11:00:00,13,6,7,FMN GV 18 Kasterlee
84,Oudemolsedijk,2022-11-25,12:00:00,19,8,11,FMN GV 18 Kasterlee
84,Oudemolsedijk,2022-11-25,13:00:00,30,13,17,FMN GV 18 Kasterlee
84,Oudemolsedijk,2022-11-25,14:00:00,32,15,17,FMN GV 18 Kasterlee
84,Oudemolsedijk,2022-11-25,15:00:00,26,13,13,FMN GV 18 Kasterlee
84,Oudemolsedijk,2022-11-25,16:00:00,37,21,16,FMN GV 18 Kasterlee
84,Oudemolsedijk,2022-11-25,17:00:00,18,8,10,FMN GV 18 Kasterlee
84,Oudemolsedijk,2022-11-25,18:00:00,14,1,13,FMN GV 18 Kasterlee
84,Oudemolsedijk,2022-11-25,19:00:00,2,1,1,FMN GV 18 Kasterlee
84,Oudemolsedijk,2022-11-25,20:00:00,1,0,1,FMN GV 18 Kasterlee
84,Oudemolsedijk,2022-11-25,21:00:00,15,12,3,FMN GV 18 Kasterlee
84,Oudemolsedijk,2022-11-25,22:00:00,4,3,1,FMN GV 18 Kasterlee
84,Oudemolsedijk,2022-11-25,23:00:00,2,1,1,FMN GV 18 Kasterlee
84,Oudemolsedijk,2022-11-26,00:00:00,2,1,1,FMN GV 18 Kasterlee
84,Oudemolsedijk,2022-11-26,01:00:00,1,0,1,FMN GV 18 Kasterlee
84,Oudemolsedijk,2022-11-26,02:00:00,1,0,1,FMN GV 18 Kasterlee
84,Oudemolsedijk,2022-11-26,03:00:00,0,0,0,FMN GV 18 Kasterlee
84,Oudemolsedijk,2022-11-26,04:00:00,1,1,0,FMN GV 18 Kasterlee
84,Oudemolsedijk,2022-11-26,05:00:00,0,0,0,FMN GV 18 Kasterlee
84,Oudemolsedijk,2022-11-26,06:00:00,3,1,2,FMN GV 18 Kasterlee
84,Oudemolsedijk,2022-11-26,07:00:00,5,1,4,FMN GV 18 Kasterlee
84,Oudemolsedijk,2022-11-26,08:00:00,5,3,2,FMN GV 18 Kasterlee
84,Oudemolsedijk,2022-11-26,09:00:00,10,0,10,FMN GV 18 Kasterlee
84,Oudemolsedijk,2022-11-26,10:00:00,31,12,19,FMN GV 18 Kasterlee
84,Oudemolsedijk,2022-11-26,11:00:00,32,19,13,FMN GV 18 Kasterlee
84,Oudemolsedijk,2022-11-26,12:00:00,29,16,13,FMN GV 18 Kasterlee
84,Oudemolsedijk,2022-11-26,13:00:00,81,38,43,FMN GV 18 Kasterlee
84,Oudemolsedijk,2022-11-26,14:00:00,59,30,29,FMN GV 18 Kasterlee
84,Oudemolsedijk,2022-11-26,15:00:00,32,22,10,FMN GV 18 Kasterlee
84,Oudemolsedijk,2022-11-26,16:00:00,22,14,8,FMN GV 18 Kasterlee
84,Oudemolsedijk,2022-11-26,17:00:00,5,4,1,FMN GV 18 Kasterlee
84,Oudemolsedijk,2022-11-26,18:00:00,1,1,0,FMN GV 18 Kasterlee
84,Oudemolsedijk,2022-11-26,19:00:00,3,3,0,FMN GV 18 Kasterlee
84,Oudemolsedijk,2022-11-26,20:00:00,8,5,3,FMN GV 18 Kasterlee
84,Oudemolsedijk,2022-11-26,21:00:00,5,1,4,FMN GV 18 Kasterlee
84,Oudemolsedijk,2022-11-26,22:00:00,3,2,1,FMN GV 18 Kasterlee
84,Oudemolsedijk,2022-11-26,23:00:00,3,0,3,FMN GV 18 Kasterlee
84,Oudemolsedijk,2022-11-27,00:00:00,0,0,0,FMN GV 18 Kasterlee
84,Oudemolsedijk,2022-11-27,01:00:00,0,0,0,FMN GV 18 Kasterlee
84,Oudemolsedijk,2022-11-27,02:00:00,0,0,0,FMN GV 18 Kasterlee
84,Oudemolsedijk,2022-11-27,03:00:00,3,0,3,FMN GV 18 Kasterlee
84,Oudemolsedijk,2022-11-27,04:00:00,2,0,2,FMN GV 18 Kasterlee
84,Oudemolsedijk,2022-11-27,05:00:00,0,0,0,FMN GV 18 Kasterlee
84,Oudemolsedijk,2022-11-27,06:00:00,4,4,0,FMN GV 18 Kasterlee
84,Oudemolsedijk,2022-11-27,07:00:00,1,0,1,FMN GV 18 Kasterlee
84,Oudemolsedijk,2022-11-27,08:00:00,3,1,2,FMN GV 18 Kasterlee
84,Oudemolsedijk,2022-11-27,09:00:00,7,3,4,FMN GV 18 Kasterlee
84,Oudemolsedijk,2022-11-27,10:00:00,21,5,16,FMN GV 18 Kasterlee
84,Oudemolsedijk,2022-11-27,11:00:00,2,2,0,FMN GV 18 Kasterlee
84,Oudemolsedijk,2022-11-27,12:00:00,13,6,7,FMN GV 18 Kasterlee
84,Oudemolsedijk,2022-11-27,13:00:00,3,0,3,FMN GV 18 Kasterlee
84,Oudemolsedijk,2022-11-27,14:00:00,6,5,1,FMN GV 18 Kasterlee
84,Oudemolsedijk,2022-11-27,15:00:00,1,1,0,FMN GV 18 Kasterlee
84,Oudemolsedijk,2022-11-27,16:00:00,5,3,2,FMN GV 18 Kasterlee
84,Oudemolsedijk,2022-11-27,17:00:00,2,0,2,FMN GV 18 Kasterlee
84,Oudemolsedijk,2022-11-27,18:00:00,4,3,1,FMN GV 18 Kasterlee
84,Oudemolsedijk,2022-11-27,19:00:00,1,1,0,FMN GV 18 Kasterlee
84,Oudemolsedijk,2022-11-27,20:00:00,0,0,0,FMN GV 18 Kasterlee
84,Oudemolsedijk,2022-11-27,21:00:00,0,0,0,FMN GV 18 Kasterlee
84,Oudemolsedijk,2022-11-27,22:00:00,2,1,1,FMN GV 18 Kasterlee
84,Oudemolsedijk,2022-11-27,23:00:00,0,0,0,FMN GV 18 Kasterlee
84,Oudemolsedijk,2022-11-28,00:00:00,0,0,0,FMN GV 18 Kasterlee
84,Oudemolsedijk,2022-11-28,01:00:00,0,0,0,FMN GV 18 Kasterlee
84,Oudemolsedijk,2022-11-28,02:00:00,0,0,0,FMN GV 18 Kasterlee
84,Oudemolsedijk,2022-11-28,03:00:00,0,0,0,FMN GV 18 Kasterlee
84,Oudemolsedijk,2022-11-28,04:00:00,1,1,0,FMN GV 18 Kasterlee
84,Oudemolsedijk,2022-11-28,05:00:00,2,2,0,FMN GV 18 Kasterlee
84,Oudemolsedijk,2022-11-28,06:00:00,12,6,6,FMN GV 18 Kasterlee
84,Oudemolsedijk,2022-11-28,07:00:00,15,9,6,FMN GV 18 Kasterlee
84,Oudemolsedijk,2022-11-28,08:00:00,15,11,4,FMN GV 18 Kasterlee
84,Oudemolsedijk,2022-11-28,09:00:00,5,2,3,FMN GV 18 Kasterlee
84,Oudemolsedijk,2022-11-28,10:00:00,10,6,4,FMN GV 18 Kasterlee
84,Oudemolsedijk,2022-11-28,11:00:00,6,1,5,FMN GV 18 Kasterlee
84,Oudemolsedijk,2022-11-28,12:00:00,8,4,4,FMN GV 18 Kasterlee
84,Oudemolsedijk,2022-11-28,13:00:00,15,10,5,FMN GV 18 Kasterlee
84,Oudemolsedijk,2022-11-28,14:00:00,17,8,9,FMN GV 18 Kasterlee
84,Oudemolsedijk,2022-11-28,15:00:00,20,17,3,FMN GV 18 Kasterlee
84,Oudemolsedijk,2022-11-28,16:00:00,27,14,13,FMN GV 18 Kasterlee
84,Oudemolsedijk,2022-11-28,17:00:00,13,3,10,FMN GV 18 Kasterlee
84,Oudemolsedijk,2022-11-28,18:00:00,8,4,4,FMN GV 18 Kasterlee
84,Oudemolsedijk,2022-11-28,19:00:00,1,1,0,FMN GV 18 Kasterlee
84,Oudemolsedijk,2022-11-28,20:00:00,1,1,0,FMN GV 18 Kasterlee
84,Oudemolsedijk,2022-11-28,21:00:00,3,1,2,FMN GV 18 Kasterlee
84,Oudemolsedijk,2022-11-28,22:00:00,6,1,5,FMN GV 18 Kasterlee
84,Oudemolsedijk,2022-11-28,23:00:00,0,0,0,FMN GV 18 Kasterlee
84,Oudemolsedijk,2022-11-29,00:00:00,0,0,0,FMN GV 18 Kasterlee
84,Oudemolsedijk,2022-11-29,01:00:00,0,0,0,FMN GV 18 Kasterlee
84,Oudemolsedijk,2022-11-29,02:00:00,0,0,0,FMN GV 18 Kasterlee
84,Oudemolsedijk,2022-11-29,03:00:00,0,0,0,FMN GV 18 Kasterlee
84,Oudemolsedijk,2022-11-29,04:00:00,1,1,0,FMN GV 18 Kasterlee
84,Oudemolsedijk,2022-11-29,05:00:00,3,3,0,FMN GV 18 Kasterlee
84,Oudemolsedijk,2022-11-29,06:00:00,17,6,11,FMN GV 18 Kasterlee
84,Oudemolsedijk,2022-11-29,07:00:00,25,15,10,FMN GV 18 Kasterlee
84,Oudemolsedijk,2022-11-29,08:00:00,21,11,10,FMN GV 18 Kasterlee
84,Oudemolsedijk,2022-11-29,09:00:00,16,1,15,FMN GV 18 Kasterlee
84,Oudemolsedijk,2022-11-29,10:00:00,8,4,4,FMN GV 18 Kasterlee
84,Oudemolsedijk,2022-11-29,11:00:00,22,13,9,FMN GV 18 Kasterlee
84,Oudemolsedijk,2022-11-29,12:00:00,16,11,5,FMN GV 18 Kasterlee
84,Oudemolsedijk,2022-11-29,13:00:00,28,14,14,FMN GV 18 Kasterlee
84,Oudemolsedijk,2022-11-29,14:00:00,23,8,15,FMN GV 18 Kasterlee
84,Oudemolsedijk,2022-11-29,15:00:00,37,20,17,FMN GV 18 Kasterlee
84,Oudemolsedijk,2022-11-29,16:00:00,21,14,7,FMN GV 18 Kasterlee
84,Oudemolsedijk,2022-11-29,17:00:00,29,15,14,FMN GV 18 Kasterlee
84,Oudemolsedijk,2022-11-29,18:00:00,8,4,4,FMN GV 18 Kasterlee
84,Oudemolsedijk,2022-11-29,19:00:00,1,0,1,FMN GV 18 Kasterlee
84,Oudemolsedijk,2022-11-29,20:00:00,2,1,1,FMN GV 18 Kasterlee
84,Oudemolsedijk,2022-11-29,21:00:00,4,1,3,FMN GV 18 Kasterlee
84,Oudemolsedijk,2022-11-29,22:00:00,7,1,6,FMN GV 18 Kasterlee
84,Oudemolsedijk,2022-11-29,23:00:00,1,0,1,FMN GV 18 Kasterlee
84,Oudemolsedijk,2022-11-30,00:00:00,0,0,0,FMN GV 18 Kasterlee
84,Oudemolsedijk,2022-11-30,01:00:00,0,0,0,FMN GV 18 Kasterlee
84,Oudemolsedijk,2022-11-30,02:00:00,0,0,0,FMN GV 18 Kasterlee
84,Oudemolsedijk,2022-11-30,03:00:00,0,0,0,FMN GV 18 Kasterlee
84,Oudemolsedijk,2022-11-30,04:00:00,1,1,0,FMN GV 18 Kasterlee
84,Oudemolsedijk,2022-11-30,05:00:00,3,2,1,FMN GV 18 Kasterlee
84,Oudemolsedijk,2022-11-30,06:00:00,21,12,9,FMN GV 18 Kasterlee
84,Oudemolsedijk,2022-11-30,07:00:00,21,13,8,FMN GV 18 Kasterlee
84,Oudemolsedijk,2022-11-30,08:00:00,21,16,5,FMN GV 18 Kasterlee
84,Oudemolsedijk,2022-11-30,09:00:00,17,5,12,FMN GV 18 Kasterlee
84,Oudemolsedijk,2022-11-30,10:00:00,13,1,12,FMN GV 18 Kasterlee
84,Oudemolsedijk,2022-11-30,11:00:00,4,1,3,FMN GV 18 Kasterlee
84,Oudemolsedijk,2022-11-30,12:00:00,30,18,12,FMN GV 18 Kasterlee
84,Oudemolsedijk,2022-11-30,13:00:00,39,16,23,FMN GV 18 Kasterlee
84,Oudemolsedijk,2022-11-30,14:00:00,29,19,10,FMN GV 18 Kasterlee
84,Oudemolsedijk,2022-11-30,15:00:00,28,11,17,FMN GV 18 Kasterlee
84,Oudemolsedijk,2022-11-30,16:00:00,28,18,10,FMN GV 18 Kasterlee
84,Oudemolsedijk,2022-11-30,17:00:00,17,7,10,FMN GV 18 Kasterlee
84,Oudemolsedijk,2022-11-30,18:00:00,8,3,5,FMN GV 18 Kasterlee
84,Oudemolsedijk,2022-11-30,19:00:00,9,7,2,FMN GV 18 Kasterlee
84,Oudemolsedijk,2022-11-30,20:00:00,22,7,15,FMN GV 18 Kasterlee
84,Oudemolsedijk,2022-11-30,21:00:00,4,2,2,FMN GV 18 Kasterlee
84,Oudemolsedijk,2022-11-30,22:00:00,5,0,5,FMN GV 18 Kasterlee
84,Oudemolsedijk,2022-11-30,23:00:00,1,1,0,FMN GV 18 Kasterlee
84,Oudemolsedijk,2022-12-01,00:00:00,0,0,0,FMN GV 18 Kasterlee
84,Oudemolsedijk,2022-12-01,01:00:00,0,0,0,FMN GV 18 Kasterlee
84,Oudemolsedijk,2022-12-01,02:00:00,0,0,0,FMN GV 18 Kasterlee
84,Oudemolsedijk,2022-12-01,03:00:00,0,0,0,FMN GV 18 Kasterlee
84,Oudemolsedijk,2022-12-01,04:00:00,1,1,0,FMN GV 18 Kasterlee
84,Oudemolsedijk,2022-12-01,05:00:00,3,3,0,FMN GV 18 Kasterlee
84,Oudemolsedijk,2022-12-01,06:00:00,14,8,6,FMN GV 18 Kasterlee
84,Oudemolsedijk,2022-12-01,07:00:00,25,12,13,FMN GV 18 Kasterlee
84,Oudemolsedijk,2022-12-01,08:00:00,24,18,6,FMN GV 18 Kasterlee
84,Oudemolsedijk,2022-12-01,09:00:00,10,9,1,FMN GV 18 Kasterlee
84,Oudemolsedijk,2022-12-01,10:00:00,11,9,2,FMN GV 18 Kasterlee
84,Oudemolsedijk,2022-12-01,11:00:00,16,9,7,FMN GV 18 Kasterlee
84,Oudemolsedijk,2022-12-01,12:00:00,19,10,9,FMN GV 18 Kasterlee
84,Oudemolsedijk,2022-12-01,13:00:00,46,23,23,FMN GV 18 Kasterlee
84,Oudemolsedijk,2022-12-01,14:00:00,36,19,17,FMN GV 18 Kasterlee
84,Oudemolsedijk,2022-12-01,15:00:00,25,3,22,FMN GV 18 Kasterlee
84,Oudemolsedijk,2022-12-01,16:00:00,31,15,16,FMN GV 18 Kasterlee
84,Oudemolsedijk,2022-12-01,17:00:00,11,4,7,FMN GV 18 Kasterlee
84,Oudemolsedijk,2022-12-01,18:00:00,13,7,6,FMN GV 18 Kasterlee
84,Oudemolsedijk,2022-12-01,19:00:00,8,7,1,FMN GV 18 Kasterlee
84,Oudemolsedijk,2022-12-01,20:00:00,1,0,1,FMN GV 18 Kasterlee
84,Oudemolsedijk,2022-12-01,21:00:00,2,1,1,FMN GV 18 Kasterlee
84,Oudemolsedijk,2022-12-01,22:00:00,4,2,2,FMN GV 18 Kasterlee
84,Oudemolsedijk,2022-12-01,23:00:00,0,0,0,FMN GV 18 Kasterlee
84,Oudemolsedijk,2022-12-02,00:00:00,0,0,0,FMN GV 18 Kasterlee
84,Oudemolsedijk,2022-12-02,01:00:00,1,0,1,FMN GV 18 Kasterlee
84,Oudemolsedijk,2022-12-02,02:00:00,0,0,0,FMN GV 18 Kasterlee
84,Oudemolsedijk,2022-12-02,03:00:00,0,0,0,FMN GV 18 Kasterlee
84,Oudemolsedijk,2022-12-02,04:00:00,0,0,0,FMN GV 18 Kasterlee
84,Oudemolsedijk,2022-12-02,05:00:00,2,2,0,FMN GV 18 Kasterlee
84,Oudemolsedijk,2022-12-02,06:00:00,17,7,10,FMN GV 18 Kasterlee
84,Oudemolsedijk,2022-12-02,07:00:00,17,11,6,FMN GV 18 Kasterlee
84,Oudemolsedijk,2022-12-02,08:00:00,24,16,8,FMN GV 18 Kasterlee
84,Oudemolsedijk,2022-12-02,09:00:00,13,7,6,FMN GV 18 Kasterlee
84,Oudemolsedijk,2022-12-02,10:00:00,12,6,6,FMN GV 18 Kasterlee
84,Oudemolsedijk,2022-12-02,11:00:00,9,2,7,FMN GV 18 Kasterlee
84,Oudemolsedijk,2022-12-02,12:00:00,13,8,5,FMN GV 18 Kasterlee
84,Oudemolsedijk,2022-12-02,13:00:00,23,10,13,FMN GV 18 Kasterlee
84,Oudemolsedijk,2022-12-02,14:00:00,15,3,12,FMN GV 18 Kasterlee
84,Oudemolsedijk,2022-12-02,15:00:00,9,4,5,FMN GV 18 Kasterlee
84,Oudemolsedijk,2022-12-02,16:00:00,25,12,13,FMN GV 18 Kasterlee
84,Oudemolsedijk,2022-12-02,17:00:00,14,8,6,FMN GV 18 Kasterlee
84,Oudemolsedijk,2022-12-02,18:00:00,14,4,10,FMN GV 18 Kasterlee
84,Oudemolsedijk,2022-12-02,19:00:00,4,1,3,FMN GV 18 Kasterlee
84,Oudemolsedijk,2022-12-02,20:00:00,2,1,1,FMN GV 18 Kasterlee
84,Oudemolsedijk,2022-12-02,21:00:00,0,0,0,FMN GV 18 Kasterlee
84,Oudemolsedijk,2022-12-02,22:00:00,4,1,3,FMN GV 18 Kasterlee
84,Oudemolsedijk,2022-12-02,23:00:00,2,0,2,FMN GV 18 Kasterlee
84,Oudemolsedijk,2022-12-03,00:00:00,0,0,0,FMN GV 18 Kasterlee
84,Oudemolsedijk,2022-12-03,01:00:00,0,0,0,FMN GV 18 Kasterlee
84,Oudemolsedijk,2022-12-03,02:00:00,0,0,0,FMN GV 18 Kasterlee
84,Oudemolsedijk,2022-12-03,03:00:00,0,0,0,FMN GV 18 Kasterlee
84,Oudemolsedijk,2022-12-03,04:00:00,2,0,2,FMN GV 18 Kasterlee
84,Oudemolsedijk,2022-12-03,05:00:00,1,1,0,FMN GV 18 Kasterlee
84,Oudemolsedijk,2022-12-03,06:00:00,2,2,0,FMN GV 18 Kasterlee
84,Oudemolsedijk,2022-12-03,07:00:00,1,1,0,FMN GV 18 Kasterlee
84,Oudemolsedijk,2022-12-03,08:00:00,6,2,4,FMN GV 18 Kasterlee
84,Oudemolsedijk,2022-12-03,09:00:00,11,7,4,FMN GV 18 Kasterlee
84,Oudemolsedijk,2022-12-03,10:00:00,9,1,8,FMN GV 18 Kasterlee
84,Oudemolsedijk,2022-12-03,11:00:00,23,15,8,FMN GV 18 Kasterlee
84,Oudemolsedijk,2022-12-03,12:00:00,13,9,4,FMN GV 18 Kasterlee
84,Oudemolsedijk,2022-12-03,13:00:00,33,17,16,FMN GV 18 Kasterlee
84,Oudemolsedijk,2022-12-03,14:00:00,25,14,11,FMN GV 18 Kasterlee
84,Oudemolsedijk,2022-12-03,15:00:00,32,13,19,FMN GV 18 Kasterlee
84,Oudemolsedijk,2022-12-03,16:00:00,11,6,5,FMN GV 18 Kasterlee
84,Oudemolsedijk,2022-12-03,17:00:00,8,3,5,FMN GV 18 Kasterlee
84,Oudemolsedijk,2022-12-03,18:00:00,2,1,1,FMN GV 18 Kasterlee
84,Oudemolsedijk,2022-12-03,19:00:00,1,0,1,FMN GV 18 Kasterlee
84,Oudemolsedijk,2022-12-03,20:00:00,5,2,3,FMN GV 18 Kasterlee
84,Oudemolsedijk,2022-12-03,21:00:00,3,2,1,FMN GV 18 Kasterlee
84,Oudemolsedijk,2022-12-03,22:00:00,3,1,2,FMN GV 18 Kasterlee
84,Oudemolsedijk,2022-12-03,23:00:00,0,0,0,FMN GV 18 Kasterlee
84,Oudemolsedijk,2022-12-04,00:00:00,1,1,0,FMN GV 18 Kasterlee
84,Oudemolsedijk,2022-12-04,01:00:00,1,0,1,FMN GV 18 Kasterlee
84,Oudemolsedijk,2022-12-04,02:00:00,1,0,1,FMN GV 18 Kasterlee
84,Oudemolsedijk,2022-12-04,03:00:00,0,0,0,FMN GV 18 Kasterlee
84,Oudemolsedijk,2022-12-04,04:00:00,0,0,0,FMN GV 18 Kasterlee
84,Oudemolsedijk,2022-12-04,05:00:00,0,0,0,FMN GV 18 Kasterlee
84,Oudemolsedijk,2022-12-04,06:00:00,1,1,0,FMN GV 18 Kasterlee
84,Oudemolsedijk,2022-12-04,07:00:00,3,3,0,FMN GV 18 Kasterlee
84,Oudemolsedijk,2022-12-04,08:00:00,14,0,14,FMN GV 18 Kasterlee
84,Oudemolsedijk,2022-12-04,09:00:00,21,9,12,FMN GV 18 Kasterlee
84,Oudemolsedijk,2022-12-04,10:00:00,36,14,22,FMN GV 18 Kasterlee
84,Oudemolsedijk,2022-12-04,11:00:00,51,26,25,FMN GV 18 Kasterlee
84,Oudemolsedijk,2022-12-04,12:00:00,21,12,9,FMN GV 18 Kasterlee
84,Oudemolsedijk,2022-12-04,13:00:00,12,8,4,FMN GV 18 Kasterlee
84,Oudemolsedijk,2022-12-04,14:00:00,12,8,4,FMN GV 18 Kasterlee
84,Oudemolsedijk,2022-12-04,15:00:00,14,7,7,FMN GV 18 Kasterlee
84,Oudemolsedijk,2022-12-04,16:00:00,6,3,3,FMN GV 18 Kasterlee
84,Oudemolsedijk,2022-12-04,17:00:00,2,1,1,FMN GV 18 Kasterlee
84,Oudemolsedijk,2022-12-04,18:00:00,2,1,1,FMN GV 18 Kasterlee
84,Oudemolsedijk,2022-12-04,19:00:00,3,2,1,FMN GV 18 Kasterlee
84,Oudemolsedijk,2022-12-04,20:00:00,3,3,0,FMN GV 18 Kasterlee
84,Oudemolsedijk,2022-12-04,21:00:00,1,1,0,FMN GV 18 Kasterlee
84,Oudemolsedijk,2022-12-04,22:00:00,3,0,3,FMN GV 18 Kasterlee
84,Oudemolsedijk,2022-12-04,23:00:00,1,1,0,FMN GV 18 Kasterlee
84,Oudemolsedijk,2022-12-05,00:00:00,1,0,1,FMN GV 18 Kasterlee
84,Oudemolsedijk,2022-12-05,01:00:00,0,0,0,FMN GV 18 Kasterlee
84,Oudemolsedijk,2022-12-05,02:00:00,1,0,1,FMN GV 18 Kasterlee
84,Oudemolsedijk,2022-12-05,03:00:00,0,0,0,FMN GV 18 Kasterlee
84,Oudemolsedijk,2022-12-05,04:00:00,1,1,0,FMN GV 18 Kasterlee
84,Oudemolsedijk,2022-12-05,05:00:00,5,5,0,FMN GV 18 Kasterlee
84,Oudemolsedijk,2022-12-05,06:00:00,13,6,7,FMN GV 18 Kasterlee
84,Oudemolsedijk,2022-12-05,07:00:00,16,9,7,FMN GV 18 Kasterlee
84,Oudemolsedijk,2022-12-05,08:00:00,16,9,7,FMN GV 18 Kasterlee
84,Oudemolsedijk,2022-12-05,09:00:00,2,1,1,FMN GV 18 Kasterlee
84,Oudemolsedijk,2022-12-05,10:00:00,1,1,0,FMN GV 18 Kasterlee
84,Oudemolsedijk,2022-12-05,11:00:00,2,1,1,FMN GV 18 Kasterlee
84,Oudemolsedijk,2022-12-05,12:00:00,4,1,3,FMN GV 18 Kasterlee
84,Oudemolsedijk,2022-12-05,13:00:00,9,3,6,FMN GV 18 Kasterlee
84,Oudemolsedijk,2022-12-05,14:00:00,6,0,6,FMN GV 18 Kasterlee
84,Oudemolsedijk,2022-12-05,15:00:00,13,4,9,FMN GV 18 Kasterlee
84,Oudemolsedijk,2022-12-05,16:00:00,11,6,5,FMN GV 18 Kasterlee
84,Oudemolsedijk,2022-12-05,17:00:00,9,2,7,FMN GV 18 Kasterlee
84,Oudemolsedijk,2022-12-05,18:00:00,2,0,2,FMN GV 18 Kasterlee
84,Oudemolsedijk,2022-12-05,19:00:00,3,0,3,FMN GV 18 Kasterlee
84,Oudemolsedijk,2022-12-05,20:00:00,0,0,0,FMN GV 18 Kasterlee
84,Oudemolsedijk,2022-12-05,21:00:00,0,0,0,FMN GV 18 Kasterlee
84,Oudemolsedijk,2022-12-05,22:00:00,1,1,0,FMN GV 18 Kasterlee
84,Oudemolsedijk,2022-12-05,23:00:00,1,1,0,FMN GV 18 Kasterlee
84,Oudemolsedijk,2022-12-06,00:00:00,0,0,0,FMN GV 18 Kasterlee
84,Oudemolsedijk,2022-12-06,01:00:00,0,0,0,FMN GV 18 Kasterlee
84,Oudemolsedijk,2022-12-06,02:00:00,0,0,0,FMN GV 18 Kasterlee
84,Oudemolsedijk,2022-12-06,03:00:00,0,0,0,FMN GV 18 Kasterlee
84,Oudemolsedijk,2022-12-06,04:00:00,2,1,1,FMN GV 18 Kasterlee
84,Oudemolsedijk,2022-12-06,05:00:00,3,3,0,FMN GV 18 Kasterlee
84,Oudemolsedijk,2022-12-06,06:00:00,12,6,6,FMN GV 18 Kasterlee
84,Oudemolsedijk,2022-12-06,07:00:00,20,8,12,FMN GV 18 Kasterlee
84,Oudemolsedijk,2022-12-06,08:00:00,19,12,7,FMN GV 18 Kasterlee
84,Oudemolsedijk,2022-12-06,09:00:00,11,5,6,FMN GV 18 Kasterlee
84,Oudemolsedijk,2022-12-06,10:00:00,10,5,5,FMN GV 18 Kasterlee
84,Oudemolsedijk,2022-12-06,11:00:00,12,6,6,FMN GV 18 Kasterlee
84,Oudemolsedijk,2022-12-06,12:00:00,16,12,4,FMN GV 18 Kasterlee
84,Oudemolsedijk,2022-12-06,13:00:00,48,27,21,FMN GV 18 Kasterlee
84,Oudemolsedijk,2022-12-06,14:00:00,45,29,16,FMN GV 18 Kasterlee
84,Oudemolsedijk,2022-12-06,15:00:00,36,29,7,FMN GV 18 Kasterlee
84,Oudemolsedijk,2022-12-06,16:00:00,25,14,11,FMN GV 18 Kasterlee
84,Oudemolsedijk,2022-12-06,17:00:00,17,7,10,FMN GV 18 Kasterlee
84,Oudemolsedijk,2022-12-06,18:00:00,11,3,8,FMN GV 18 Kasterlee
84,Oudemolsedijk,2022-12-06,19:00:00,1,0,1,FMN GV 18 Kasterlee
84,Oudemolsedijk,2022-12-06,20:00:00,9,8,1,FMN GV 18 Kasterlee
84,Oudemolsedijk,2022-12-06,21:00:00,1,0,1,FMN GV 18 Kasterlee
84,Oudemolsedijk,2022-12-06,22:00:00,6,0,6,FMN GV 18 Kasterlee
84,Oudemolsedijk,2022-12-06,23:00:00,3,2,1,FMN GV 18 Kasterlee
84,Oudemolsedijk,2022-12-07,00:00:00,0,0,0,FMN GV 18 Kasterlee
84,Oudemolsedijk,2022-12-07,01:00:00,0,0,0,FMN GV 18 Kasterlee
84,Oudemolsedijk,2022-12-07,02:00:00,1,0,1,FMN GV 18 Kasterlee
84,Oudemolsedijk,2022-12-07,03:00:00,0,0,0,FMN GV 18 Kasterlee
84,Oudemolsedijk,2022-12-07,04:00:00,1,1,0,FMN GV 18 Kasterlee
84,Oudemolsedijk,2022-12-07,05:00:00,7,6,1,FMN GV 18 Kasterlee
84,Oudemolsedijk,2022-12-07,06:00:00,14,9,5,FMN GV 18 Kasterlee
84,Oudemolsedijk,2022-12-07,07:00:00,12,7,5,FMN GV 18 Kasterlee
84,Oudemolsedijk,2022-12-07,08:00:00,25,21,4,FMN GV 18 Kasterlee
84,Oudemolsedijk,2022-12-07,09:00:00,15,7,8,FMN GV 18 Kasterlee
84,Oudemolsedijk,2022-12-07,10:00:00,16,12,4,FMN GV 18 Kasterlee
84,Oudemolsedijk,2022-12-07,11:00:00,8,3,5,FMN GV 18 Kasterlee
84,Oudemolsedijk,2022-12-07,12:00:00,19,6,13,FMN GV 18 Kasterlee
84,Oudemolsedijk,2022-12-07,13:00:00,15,7,8,FMN GV 18 Kasterlee
84,Oudemolsedijk,2022-12-07,14:00:00,26,15,11,FMN GV 18 Kasterlee
84,Oudemolsedijk,2022-12-07,15:00:00,7,3,4,FMN GV 18 Kasterlee
84,Oudemolsedijk,2022-12-07,16:00:00,12,9,3,FMN GV 18 Kasterlee
84,Oudemolsedijk,2022-12-07,17:00:00,15,5,10,FMN GV 18 Kasterlee
84,Oudemolsedijk,2022-12-07,18:00:00,5,1,4,FMN GV 18 Kasterlee
84,Oudemolsedijk,2022-12-07,19:00:00,4,4,0,FMN GV 18 Kasterlee
84,Oudemolsedijk,2022-12-07,20:00:00,6,5,1,FMN GV 18 Kasterlee
84,Oudemolsedijk,2022-12-07,21:00:00,2,0,2,FMN GV 18 Kasterlee
84,Oudemolsedijk,2022-12-07,22:00:00,4,0,4,FMN GV 18 Kasterlee
84,Oudemolsedijk,2022-12-07,23:00:00,2,2,0,FMN GV 18 Kasterlee
84,Oudemolsedijk,2022-12-08,00:00:00,0,0,0,FMN GV 18 Kasterlee
84,Oudemolsedijk,2022-12-08,01:00:00,0,0,0,FMN GV 18 Kasterlee
84,Oudemolsedijk,2022-12-08,02:00:00,0,0,0,FMN GV 18 Kasterlee
84,Oudemolsedijk,2022-12-08,03:00:00,0,0,0,FMN GV 18 Kasterlee
84,Oudemolsedijk,2022-12-08,04:00:00,2,1,1,FMN GV 18 Kasterlee
84,Oudemolsedijk,2022-12-08,05:00:00,6,6,0,FMN GV 18 Kasterlee
84,Oudemolsedijk,2022-12-08,06:00:00,11,6,5,FMN GV 18 Kasterlee
84,Oudemolsedijk,2022-12-08,07:00:00,13,9,4,FMN GV 18 Kasterlee
84,Oudemolsedijk,2022-12-08,08:00:00,15,11,4,FMN GV 18 Kasterlee
84,Oudemolsedijk,2022-12-08,09:00:00,4,2,2,FMN GV 18 Kasterlee
84,Oudemolsedijk,2022-12-08,10:00:00,6,1,5,FMN GV 18 Kasterlee
84,Oudemolsedijk,2022-12-08,11:00:00,12,7,5,FMN GV 18 Kasterlee
84,Oudemolsedijk,2022-12-08,12:00:00,13,9,4,FMN GV 18 Kasterlee
84,Oudemolsedijk,2022-12-08,13:00:00,14,8,6,FMN GV 18 Kasterlee
84,Oudemolsedijk,2022-12-08,14:00:00,11,3,8,FMN GV 18 Kasterlee
84,Oudemolsedijk,2022-12-08,15:00:00,7,2,5,FMN GV 18 Kasterlee
84,Oudemolsedijk,2022-12-08,16:00:00,27,10,17,FMN GV 18 Kasterlee
84,Oudemolsedijk,2022-12-08,17:00:00,11,3,8,FMN GV 18 Kasterlee
84,Oudemolsedijk,2022-12-08,18:00:00,2,1,1,FMN GV 18 Kasterlee
84,Oudemolsedijk,2022-12-08,19:00:00,0,0,0,FMN GV 18 Kasterlee
84,Oudemolsedijk,2022-12-08,20:00:00,2,1,1,FMN GV 18 Kasterlee
84,Oudemolsedijk,2022-12-08,21:00:00,2,1,1,FMN GV 18 Kasterlee
84,Oudemolsedijk,2022-12-08,22:00:00,3,0,3,FMN GV 18 Kasterlee
84,Oudemolsedijk,2022-12-08,23:00:00,0,0,0,FMN GV 18 Kasterlee
84,Oudemolsedijk,2022-12-09,00:00:00,0,0,0,FMN GV 18 Kasterlee
84,Oudemolsedijk,2022-12-09,01:00:00,0,0,0,FMN GV 18 Kasterlee
84,Oudemolsedijk,2022-12-09,02:00:00,0,0,0,FMN GV 18 Kasterlee
84,Oudemolsedijk,2022-12-09,03:00:00,0,0,0,FMN GV 18 Kasterlee
84,Oudemolsedijk,2022-12-09,04:00:00,1,1,0,FMN GV 18 Kasterlee
84,Oudemolsedijk,2022-12-09,05:00:00,9,8,1,FMN GV 18 Kasterlee
84,Oudemolsedijk,2022-12-09,06:00:00,10,4,6,FMN GV 18 Kasterlee
84,Oudemolsedijk,2022-12-09,07:00:00,17,7,10,FMN GV 18 Kasterlee
84,Oudemolsedijk,2022-12-09,08:00:00,12,6,6,FMN GV 18 Kasterlee
84,Oudemolsedijk,2022-12-09,09:00:00,6,2,4,FMN GV 18 Kasterlee
84,Oudemolsedijk,2022-12-09,10:00:00,6,5,1,FMN GV 18 Kasterlee
84,Oudemolsedijk,2022-12-09,11:00:00,11,6,5,FMN GV 18 Kasterlee
84,Oudemolsedijk,2022-12-09,12:00:00,14,6,8,FMN GV 18 Kasterlee
84,Oudemolsedijk,2022-12-09,13:00:00,5,0,5,FMN GV 18 Kasterlee
84,Oudemolsedijk,2022-12-09,14:00:00,17,11,6,FMN GV 18 Kasterlee
84,Oudemolsedijk,2022-12-09,15:00:00,8,5,3,FMN GV 18 Kasterlee
84,Oudemolsedijk,2022-12-09,16:00:00,11,6,5,FMN GV 18 Kasterlee
84,Oudemolsedijk,2022-12-09,17:00:00,10,6,4,FMN GV 18 Kasterlee
84,Oudemolsedijk,2022-12-09,18:00:00,17,6,11,FMN GV 18 Kasterlee
84,Oudemolsedijk,2022-12-09,19:00:00,12,1,11,FMN GV 18 Kasterlee
84,Oudemolsedijk,2022-12-09,20:00:00,2,1,1,FMN GV 18 Kasterlee
84,Oudemolsedijk,2022-12-09,21:00:00,1,1,0,FMN GV 18 Kasterlee
84,Oudemolsedijk,2022-12-09,22:00:00,3,0,3,FMN GV 18 Kasterlee
84,Oudemolsedijk,2022-12-09,23:00:00,1,1,0,FMN GV 18 Kasterlee
84,Oudemolsedijk,2022-12-10,00:00:00,2,2,0,FMN GV 18 Kasterlee
84,Oudemolsedijk,2022-12-10,01:00:00,0,0,0,FMN GV 18 Kasterlee
84,Oudemolsedijk,2022-12-10,02:00:00,0,0,0,FMN GV 18 Kasterlee
84,Oudemolsedijk,2022-12-10,03:00:00,2,0,2,FMN GV 18 Kasterlee
84,Oudemolsedijk,2022-12-10,04:00:00,1,0,1,FMN GV 18 Kasterlee
84,Oudemolsedijk,2022-12-10,05:00:00,0,0,0,FMN GV 18 Kasterlee
84,Oudemolsedijk,2022-12-10,06:00:00,0,0,0,FMN GV 18 Kasterlee
84,Oudemolsedijk,2022-12-10,07:00:00,1,0,1,FMN GV 18 Kasterlee
84,Oudemolsedijk,2022-12-10,08:00:00,0,0,0,FMN GV 18 Kasterlee
84,Oudemolsedijk,2022-12-10,09:00:00,1,1,0,FMN GV 18 Kasterlee
84,Oudemolsedijk,2022-12-10,10:00:00,9,4,5,FMN GV 18 Kasterlee
84,Oudemolsedijk,2022-12-10,11:00:00,16,10,6,FMN GV 18 Kasterlee
84,Oudemolsedijk,2022-12-10,12:00:00,7,1,6,FMN GV 18 Kasterlee
84,Oudemolsedijk,2022-12-10,13:00:00,5,2,3,FMN GV 18 Kasterlee
84,Oudemolsedijk,2022-12-10,14:00:00,18,15,3,FMN GV 18 Kasterlee
84,Oudemolsedijk,2022-12-10,15:00:00,26,7,19,FMN GV 18 Kasterlee
84,Oudemolsedijk,2022-12-10,16:00:00,6,6,0,FMN GV 18 Kasterlee
84,Oudemolsedijk,2022-12-10,17:00:00,1,1,0,FMN GV 18 Kasterlee
84,Oudemolsedijk,2022-12-10,18:00:00,4,4,0,FMN GV 18 Kasterlee
84,Oudemolsedijk,2022-12-10,19:00:00,2,2,0,FMN GV 18 Kasterlee
84,Oudemolsedijk,2022-12-10,20:00:00,2,2,0,FMN GV 18 Kasterlee
84,Oudemolsedijk,2022-12-10,21:00:00,9,5,4,FMN GV 18 Kasterlee
84,Oudemolsedijk,2022-12-10,22:00:00,0,0,0,FMN GV 18 Kasterlee
84,Oudemolsedijk,2022-12-10,23:00:00,1,1,0,FMN GV 18 Kasterlee
84,Oudemolsedijk,2022-12-11,00:00:00,0,0,0,FMN GV 18 Kasterlee
84,Oudemolsedijk,2022-12-11,01:00:00,2,0,2,FMN GV 18 Kasterlee
84,Oudemolsedijk,2022-12-11,02:00:00,0,0,0,FMN GV 18 Kasterlee
84,Oudemolsedijk,2022-12-11,03:00:00,4,2,2,FMN GV 18 Kasterlee
84,Oudemolsedijk,2022-12-11,04:00:00,0,0,0,FMN GV 18 Kasterlee
84,Oudemolsedijk,2022-12-11,05:00:00,0,0,0,FMN GV 18 Kasterlee
84,Oudemolsedijk,2022-12-11,06:00:00,1,0,1,FMN GV 18 Kasterlee
84,Oudemolsedijk,2022-12-11,07:00:00,2,2,0,FMN GV 18 Kasterlee
84,Oudemolsedijk,2022-12-11,08:00:00,13,10,3,FMN GV 18 Kasterlee
84,Oudemolsedijk,2022-12-11,09:00:00,28,21,7,FMN GV 18 Kasterlee
84,Oudemolsedijk,2022-12-11,10:00:00,35,18,17,FMN GV 18 Kasterlee
84,Oudemolsedijk,2022-12-11,11:00:00,29,13,16,FMN GV 18 Kasterlee
84,Oudemolsedijk,2022-12-11,12:00:00,25,21,4,FMN GV 18 Kasterlee
84,Oudemolsedijk,2022-12-11,13:00:00,15,10,5,FMN GV 18 Kasterlee
84,Oudemolsedijk,2022-12-11,14:00:00,7,4,3,FMN GV 18 Kasterlee
84,Oudemolsedijk,2022-12-11,15:00:00,8,3,5,FMN GV 18 Kasterlee
84,Oudemolsedijk,2022-12-11,16:00:00,4,3,1,FMN GV 18 Kasterlee
84,Oudemolsedijk,2022-12-11,17:00:00,2,1,1,FMN GV 18 Kasterlee
84,Oudemolsedijk,2022-12-11,18:00:00,1,0,1,FMN GV 18 Kasterlee
84,Oudemolsedijk,2022-12-11,19:00:00,1,0,1,FMN GV 18 Kasterlee
84,Oudemolsedijk,2022-12-11,20:00:00,0,0,0,FMN GV 18 Kasterlee
84,Oudemolsedijk,2022-12-11,21:00:00,0,0,0,FMN GV 18 Kasterlee
84,Oudemolsedijk,2022-12-11,22:00:00,2,0,2,FMN GV 18 Kasterlee
84,Oudemolsedijk,2022-12-11,23:00:00,0,0,0,FMN GV 18 Kasterlee
84,Oudemolsedijk,2022-12-12,00:00:00,0,0,0,FMN GV 18 Kasterlee
84,Oudemolsedijk,2022-12-12,01:00:00,0,0,0,FMN GV 18 Kasterlee
84,Oudemolsedijk,2022-12-12,02:00:00,0,0,0,FMN GV 18 Kasterlee
84,Oudemolsedijk,2022-12-12,03:00:00,0,0,0,FMN GV 18 Kasterlee
84,Oudemolsedijk,2022-12-12,04:00:00,2,1,1,FMN GV 18 Kasterlee
84,Oudemolsedijk,2022-12-12,05:00:00,2,2,0,FMN GV 18 Kasterlee
84,Oudemolsedijk,2022-12-12,06:00:00,12,7,5,FMN GV 18 Kasterlee
84,Oudemolsedijk,2022-12-12,07:00:00,14,7,7,FMN GV 18 Kasterlee
84,Oudemolsedijk,2022-12-12,08:00:00,21,18,3,FMN GV 18 Kasterlee
84,Oudemolsedijk,2022-12-12,09:00:00,4,1,3,FMN GV 18 Kasterlee
84,Oudemolsedijk,2022-12-12,10:00:00,2,1,1,FMN GV 18 Kasterlee
84,Oudemolsedijk,2022-12-12,11:00:00,5,3,2,FMN GV 18 Kasterlee
84,Oudemolsedijk,2022-12-12,12:00:00,16,7,9,FMN GV 18 Kasterlee
84,Oudemolsedijk,2022-12-12,13:00:00,7,2,5,FMN GV 18 Kasterlee
84,Oudemolsedijk,2022-12-12,14:00:00,22,12,10,FMN GV 18 Kasterlee
84,Oudemolsedijk,2022-12-12,15:00:00,17,6,11,FMN GV 18 Kasterlee
84,Oudemolsedijk,2022-12-12,16:00:00,19,6,13,FMN GV 18 Kasterlee
84,Oudemolsedijk,2022-12-12,17:00:00,11,7,4,FMN GV 18 Kasterlee
84,Oudemolsedijk,2022-12-12,18:00:00,6,2,4,FMN GV 18 Kasterlee
84,Oudemolsedijk,2022-12-12,19:00:00,1,0,1,FMN GV 18 Kasterlee
84,Oudemolsedijk,2022-12-12,20:00:00,5,0,5,FMN GV 18 Kasterlee
84,Oudemolsedijk,2022-12-12,21:00:00,0,0,0,FMN GV 18 Kasterlee
84,Oudemolsedijk,2022-12-12,22:00:00,2,0,2,FMN GV 18 Kasterlee
84,Oudemolsedijk,2022-12-12,23:00:00,0,0,0,FMN GV 18 Kasterlee
84,Oudemolsedijk,2022-12-13,00:00:00,1,1,0,FMN GV 18 Kasterlee
84,Oudemolsedijk,2022-12-13,01:00:00,0,0,0,FMN GV 18 Kasterlee
84,Oudemolsedijk,2022-12-13,02:00:00,0,0,0,FMN GV 18 Kasterlee
84,Oudemolsedijk,2022-12-13,03:00:00,0,0,0,FMN GV 18 Kasterlee
84,Oudemolsedijk,2022-12-13,04:00:00,5,4,1,FMN GV 18 Kasterlee
84,Oudemolsedijk,2022-12-13,05:00:00,1,1,0,FMN GV 18 Kasterlee
84,Oudemolsedijk,2022-12-13,06:00:00,12,6,6,FMN GV 18 Kasterlee
84,Oudemolsedijk,2022-12-13,07:00:00,13,5,8,FMN GV 18 Kasterlee
84,Oudemolsedijk,2022-12-13,08:00:00,10,6,4,FMN GV 18 Kasterlee
84,Oudemolsedijk,2022-12-13,09:00:00,3,1,2,FMN GV 18 Kasterlee
84,Oudemolsedijk,2022-12-13,10:00:00,5,0,5,FMN GV 18 Kasterlee
84,Oudemolsedijk,2022-12-13,11:00:00,6,4,2,FMN GV 18 Kasterlee
84,Oudemolsedijk,2022-12-13,12:00:00,10,7,3,FMN GV 18 Kasterlee
84,Oudemolsedijk,2022-12-13,13:00:00,9,3,6,FMN GV 18 Kasterlee
84,Oudemolsedijk,2022-12-13,14:00:00,18,9,9,FMN GV 18 Kasterlee
84,Oudemolsedijk,2022-12-13,15:00:00,14,10,4,FMN GV 18 Kasterlee
84,Oudemolsedijk,2022-12-13,16:00:00,13,6,7,FMN GV 18 Kasterlee
84,Oudemolsedijk,2022-12-13,17:00:00,13,9,4,FMN GV 18 Kasterlee
84,Oudemolsedijk,2022-12-13,18:00:00,0,0,0,FMN GV 18 Kasterlee
84,Oudemolsedijk,2022-12-13,19:00:00,0,0,0,FMN GV 18 Kasterlee
84,Oudemolsedijk,2022-12-13,20:00:00,1,1,0,FMN GV 18 Kasterlee
84,Oudemolsedijk,2022-12-13,21:00:00,2,0,2,FMN GV 18 Kasterlee
84,Oudemolsedijk,2022-12-13,22:00:00,2,0,2,FMN GV 18 Kasterlee
84,Oudemolsedijk,2022-12-13,23:00:00,1,1,0,FMN GV 18 Kasterlee
84,Oudemolsedijk,2022-12-14,00:00:00,0,0,0,FMN GV 18 Kasterlee
84,Oudemolsedijk,2022-12-14,01:00:00,0,0,0,FMN GV 18 Kasterlee
84,Oudemolsedijk,2022-12-14,02:00:00,0,0,0,FMN GV 18 Kasterlee
84,Oudemolsedijk,2022-12-14,03:00:00,0,0,0,FMN GV 18 Kasterlee
84,Oudemolsedijk,2022-12-14,04:00:00,1,1,0,FMN GV 18 Kasterlee
84,Oudemolsedijk,2022-12-14,05:00:00,2,2,0,FMN GV 18 Kasterlee
84,Oudemolsedijk,2022-12-14,06:00:00,11,4,7,FMN GV 18 Kasterlee
84,Oudemolsedijk,2022-12-14,07:00:00,12,6,6,FMN GV 18 Kasterlee
84,Oudemolsedijk,2022-12-14,08:00:00,17,13,4,FMN GV 18 Kasterlee
84,Oudemolsedijk,2022-12-14,09:00:00,1,0,1,FMN GV 18 Kasterlee
84,Oudemolsedijk,2022-12-14,10:00:00,9,6,3,FMN GV 18 Kasterlee
84,Oudemolsedijk,2022-12-14,11:00:00,7,1,6,FMN GV 18 Kasterlee
84,Oudemolsedijk,2022-12-14,12:00:00,17,13,4,FMN GV 18 Kasterlee
84,Oudemolsedijk,2022-12-14,13:00:00,18,12,6,FMN GV 18 Kasterlee
84,Oudemolsedijk,2022-12-14,14:00:00,8,4,4,FMN GV 18 Kasterlee
84,Oudemolsedijk,2022-12-14,15:00:00,20,10,10,FMN GV 18 Kasterlee
84,Oudemolsedijk,2022-12-14,16:00:00,15,6,9,FMN GV 18 Kasterlee
84,Oudemolsedijk,2022-12-14,17:00:00,6,3,3,FMN GV 18 Kasterlee
84,Oudemolsedijk,2022-12-14,18:00:00,2,1,1,FMN GV 18 Kasterlee
84,Oudemolsedijk,2022-12-14,19:00:00,15,12,3,FMN GV 18 Kasterlee
84,Oudemolsedijk,2022-12-14,20:00:00,3,3,0,FMN GV 18 Kasterlee
84,Oudemolsedijk,2022-12-14,21:00:00,2,0,2,FMN GV 18 Kasterlee
84,Oudemolsedijk,2022-12-14,22:00:00,0,0,0,FMN GV 18 Kasterlee
84,Oudemolsedijk,2022-12-14,23:00:00,1,0,1,FMN GV 18 Kasterlee
84,Oudemolsedijk,2022-12-15,00:00:00,0,0,0,FMN GV 18 Kasterlee
84,Oudemolsedijk,2022-12-15,01:00:00,0,0,0,FMN GV 18 Kasterlee
84,Oudemolsedijk,2022-12-15,02:00:00,0,0,0,FMN GV 18 Kasterlee
84,Oudemolsedijk,2022-12-15,03:00:00,0,0,0,FMN GV 18 Kasterlee
84,Oudemolsedijk,2022-12-15,04:00:00,1,1,0,FMN GV 18 Kasterlee
84,Oudemolsedijk,2022-12-15,05:00:00,1,1,0,FMN GV 18 Kasterlee
84,Oudemolsedijk,2022-12-15,06:00:00,10,3,7,FMN GV 18 Kasterlee
84,Oudemolsedijk,2022-12-15,07:00:00,16,11,5,FMN GV 18 Kasterlee
84,Oudemolsedijk,2022-12-15,08:00:00,12,7,5,FMN GV 18 Kasterlee
84,Oudemolsedijk,2022-12-15,09:00:00,2,0,2,FMN GV 18 Kasterlee
84,Oudemolsedijk,2022-12-15,10:00:00,5,0,5,FMN GV 18 Kasterlee
84,Oudemolsedijk,2022-12-15,11:00:00,2,2,0,FMN GV 18 Kasterlee
84,Oudemolsedijk,2022-12-15,12:00:00,13,6,7,FMN GV 18 Kasterlee
84,Oudemolsedijk,2022-12-15,13:00:00,12,8,4,FMN GV 18 Kasterlee
84,Oudemolsedijk,2022-12-15,14:00:00,13,5,8,FMN GV 18 Kasterlee
84,Oudemolsedijk,2022-12-15,15:00:00,16,7,9,FMN GV 18 Kasterlee
84,Oudemolsedijk,2022-12-15,16:00:00,15,6,9,FMN GV 18 Kasterlee
84,Oudemolsedijk,2022-12-15,17:00:00,9,6,3,FMN GV 18 Kasterlee
84,Oudemolsedijk,2022-12-15,18:00:00,6,5,1,FMN GV 18 Kasterlee
84,Oudemolsedijk,2022-12-15,19:00:00,1,0,1,FMN GV 18 Kasterlee
84,Oudemolsedijk,2022-12-15,20:00:00,3,2,1,FMN GV 18 Kasterlee
84,Oudemolsedijk,2022-12-15,21:00:00,4,0,4,FMN GV 18 Kasterlee
84,Oudemolsedijk,2022-12-15,22:00:00,0,0,0,FMN GV 18 Kasterlee
84,Oudemolsedijk,2022-12-15,23:00:00,1,0,1,FMN GV 18 Kasterlee
84,Oudemolsedijk,2022-12-16,00:00:00,0,0,0,FMN GV 18 Kasterlee
84,Oudemolsedijk,2022-12-16,01:00:00,0,0,0,FMN GV 18 Kasterlee
84,Oudemolsedijk,2022-12-16,02:00:00,0,0,0,FMN GV 18 Kasterlee
84,Oudemolsedijk,2022-12-16,03:00:00,0,0,0,FMN GV 18 Kasterlee
84,Oudemolsedijk,2022-12-16,04:00:00,2,2,0,FMN GV 18 Kasterlee
84,Oudemolsedijk,2022-12-16,05:00:00,0,0,0,FMN GV 18 Kasterlee
84,Oudemolsedijk,2022-12-16,06:00:00,10,4,6,FMN GV 18 Kasterlee
84,Oudemolsedijk,2022-12-16,07:00:00,8,4,4,FMN GV 18 Kasterlee
84,Oudemolsedijk,2022-12-16,08:00:00,13,7,6,FMN GV 18 Kasterlee
84,Oudemolsedijk,2022-12-16,09:00:00,4,1,3,FMN GV 18 Kasterlee
84,Oudemolsedijk,2022-12-16,10:00:00,6,1,5,FMN GV 18 Kasterlee
84,Oudemolsedijk,2022-12-16,11:00:00,3,1,2,FMN GV 18 Kasterlee
84,Oudemolsedijk,2022-12-16,12:00:00,6,4,2,FMN GV 18 Kasterlee
84,Oudemolsedijk,2022-12-16,13:00:00,7,7,0,FMN GV 18 Kasterlee
84,Oudemolsedijk,2022-12-16,14:00:00,13,6,7,FMN GV 18 Kasterlee
84,Oudemolsedijk,2022-12-16,15:00:00,11,6,5,FMN GV 18 Kasterlee
84,Oudemolsedijk,2022-12-16,16:00:00,10,6,4,FMN GV 18 Kasterlee
84,Oudemolsedijk,2022-12-16,17:00:00,5,2,3,FMN GV 18 Kasterlee
84,Oudemolsedijk,2022-12-16,18:00:00,9,1,8,FMN GV 18 Kasterlee
84,Oudemolsedijk,2022-12-16,19:00:00,3,0,3,FMN GV 18 Kasterlee
84,Oudemolsedijk,2022-12-16,20:00:00,0,0,0,FMN GV 18 Kasterlee
84,Oudemolsedijk,2022-12-16,21:00:00,2,2,0,FMN GV 18 Kasterlee
84,Oudemolsedijk,2022-12-16,22:00:00,0,0,0,FMN GV 18 Kasterlee
84,Oudemolsedijk,2022-12-16,23:00:00,0,0,0,FMN GV 18 Kasterlee
84,Oudemolsedijk,2022-12-17,00:00:00,0,0,0,FMN GV 18 Kasterlee
84,Oudemolsedijk,2022-12-17,01:00:00,0,0,0,FMN GV 18 Kasterlee
84,Oudemolsedijk,2022-12-17,02:00:00,2,1,1,FMN GV 18 Kasterlee
84,Oudemolsedijk,2022-12-17,03:00:00,1,0,1,FMN GV 18 Kasterlee
84,Oudemolsedijk,2022-12-17,04:00:00,2,2,0,FMN GV 18 Kasterlee
84,Oudemolsedijk,2022-12-17,05:00:00,0,0,0,FMN GV 18 Kasterlee
84,Oudemolsedijk,2022-12-17,06:00:00,2,1,1,FMN GV 18 Kasterlee
84,Oudemolsedijk,2022-12-17,07:00:00,0,0,0,FMN GV 18 Kasterlee
84,Oudemolsedijk,2022-12-17,08:00:00,0,0,0,FMN GV 18 Kasterlee
84,Oudemolsedijk,2022-12-17,09:00:00,3,2,1,FMN GV 18 Kasterlee
84,Oudemolsedijk,2022-12-17,10:00:00,1,1,0,FMN GV 18 Kasterlee
84,Oudemolsedijk,2022-12-17,11:00:00,9,8,1,FMN GV 18 Kasterlee
84,Oudemolsedijk,2022-12-17,12:00:00,4,2,2,FMN GV 18 Kasterlee
84,Oudemolsedijk,2022-12-17,13:00:00,8,3,5,FMN GV 18 Kasterlee
84,Oudemolsedijk,2022-12-17,14:00:00,9,5,4,FMN GV 18 Kasterlee
84,Oudemolsedijk,2022-12-17,15:00:00,9,4,5,FMN GV 18 Kasterlee
84,Oudemolsedijk,2022-12-17,16:00:00,4,0,4,FMN GV 18 Kasterlee
84,Oudemolsedijk,2022-12-17,17:00:00,0,0,0,FMN GV 18 Kasterlee
84,Oudemolsedijk,2022-12-17,18:00:00,2,2,0,FMN GV 18 Kasterlee
84,Oudemolsedijk,2022-12-17,19:00:00,1,0,1,FMN GV 18 Kasterlee
84,Oudemolsedijk,2022-12-17,20:00:00,4,4,0,FMN GV 18 Kasterlee
84,Oudemolsedijk,2022-12-17,21:00:00,0,0,0,FMN GV 18 Kasterlee
84,Oudemolsedijk,2022-12-17,22:00:00,0,0,0,FMN GV 18 Kasterlee
84,Oudemolsedijk,2022-12-17,23:00:00,0,0,0,FMN GV 18 Kasterlee
84,Oudemolsedijk,2022-12-18,00:00:00,2,2,0,FMN GV 18 Kasterlee
84,Oudemolsedijk,2022-12-18,01:00:00,1,0,1,FMN GV 18 Kasterlee
84,Oudemolsedijk,2022-12-18,02:00:00,0,0,0,FMN GV 18 Kasterlee
84,Oudemolsedijk,2022-12-18,03:00:00,0,0,0,FMN GV 18 Kasterlee
84,Oudemolsedijk,2022-12-18,04:00:00,3,3,0,FMN GV 18 Kasterlee
84,Oudemolsedijk,2022-12-18,05:00:00,0,0,0,FMN GV 18 Kasterlee
84,Oudemolsedijk,2022-12-18,06:00:00,1,1,0,FMN GV 18 Kasterlee
84,Oudemolsedijk,2022-12-18,07:00:00,8,6,2,FMN GV 18 Kasterlee
84,Oudemolsedijk,2022-12-18,08:00:00,56,18,38,FMN GV 18 Kasterlee
84,Oudemolsedijk,2022-12-18,09:00:00,29,25,4,FMN GV 18 Kasterlee
84,Oudemolsedijk,2022-12-18,10:00:00,16,8,8,FMN GV 18 Kasterlee
84,Oudemolsedijk,2022-12-18,11:00:00,20,11,9,FMN GV 18 Kasterlee
84,Oudemolsedijk,2022-12-18,12:00:00,9,5,4,FMN GV 18 Kasterlee
84,Oudemolsedijk,2022-12-18,13:00:00,21,7,14,FMN GV 18 Kasterlee
84,Oudemolsedijk,2022-12-18,14:00:00,114,106,8,FMN GV 18 Kasterlee
84,Oudemolsedijk,2022-12-18,15:00:00,220,205,15,FMN GV 18 Kasterlee
84,Oudemolsedijk,2022-12-18,16:00:00,227,217,10,FMN GV 18 Kasterlee
84,Oudemolsedijk,2022-12-18,17:00:00,176,172,4,FMN GV 18 Kasterlee
84,Oudemolsedijk,2022-12-18,18:00:00,54,48,6,FMN GV 18 Kasterlee
84,Oudemolsedijk,2022-12-18,19:00:00,16,16,0,FMN GV 18 Kasterlee
84,Oudemolsedijk,2022-12-18,20:00:00,3,2,1,FMN GV 18 Kasterlee
84,Oudemolsedijk,2022-12-18,21:00:00,2,1,1,FMN GV 18 Kasterlee
84,Oudemolsedijk,2022-12-18,22:00:00,1,0,1,FMN GV 18 Kasterlee
84,Oudemolsedijk,2022-12-18,23:00:00,0,0,0,FMN GV 18 Kasterlee
84,Oudemolsedijk,2022-12-19,00:00:00,0,0,0,FMN GV 18 Kasterlee
84,Oudemolsedijk,2022-12-19,01:00:00,0,0,0,FMN GV 18 Kasterlee
84,Oudemolsedijk,2022-12-19,02:00:00,0,0,0,FMN GV 18 Kasterlee
84,Oudemolsedijk,2022-12-19,03:00:00,0,0,0,FMN GV 18 Kasterlee
84,Oudemolsedijk,2022-12-19,04:00:00,1,1,0,FMN GV 18 Kasterlee
84,Oudemolsedijk,2022-12-19,05:00:00,0,0,0,FMN GV 18 Kasterlee
84,Oudemolsedijk,2022-12-19,06:00:00,6,2,4,FMN GV 18 Kasterlee
84,Oudemolsedijk,2022-12-19,07:00:00,10,5,5,FMN GV 18 Kasterlee
84,Oudemolsedijk,2022-12-19,08:00:00,12,9,3,FMN GV 18 Kasterlee
84,Oudemolsedijk,2022-12-19,09:00:00,4,0,4,FMN GV 18 Kasterlee
84,Oudemolsedijk,2022-12-19,10:00:00,4,4,0,FMN GV 18 Kasterlee
84,Oudemolsedijk,2022-12-19,11:00:00,3,1,2,FMN GV 18 Kasterlee
84,Oudemolsedijk,2022-12-19,12:00:00,2,1,1,FMN GV 18 Kasterlee
84,Oudemolsedijk,2022-12-19,13:00:00,7,3,4,FMN GV 18 Kasterlee
84,Oudemolsedijk,2022-12-19,14:00:00,10,5,5,FMN GV 18 Kasterlee
84,Oudemolsedijk,2022-12-19,15:00:00,2,1,1,FMN GV 18 Kasterlee
84,Oudemolsedijk,2022-12-19,16:00:00,16,8,8,FMN GV 18 Kasterlee
84,Oudemolsedijk,2022-12-19,17:00:00,7,5,2,FMN GV 18 Kasterlee
84,Oudemolsedijk,2022-12-19,18:00:00,6,2,4,FMN GV 18 Kasterlee
84,Oudemolsedijk,2022-12-19,19:00:00,3,1,2,FMN GV 18 Kasterlee
84,Oudemolsedijk,2022-12-19,20:00:00,1,0,1,FMN GV 18 Kasterlee
84,Oudemolsedijk,2022-12-19,21:00:00,1,1,0,FMN GV 18 Kasterlee
84,Oudemolsedijk,2022-12-19,22:00:00,0,0,0,FMN GV 18 Kasterlee
84,Oudemolsedijk,2022-12-19,23:00:00,0,0,0,FMN GV 18 Kasterlee
84,Oudemolsedijk,2022-12-20,00:00:00,0,0,0,FMN GV 18 Kasterlee
84,Oudemolsedijk,2022-12-20,01:00:00,0,0,0,FMN GV 18 Kasterlee
84,Oudemolsedijk,2022-12-20,02:00:00,0,0,0,FMN GV 18 Kasterlee
84,Oudemolsedijk,2022-12-20,03:00:00,0,0,0,FMN GV 18 Kasterlee
84,Oudemolsedijk,2022-12-20,04:00:00,1,1,0,FMN GV 18 Kasterlee
84,Oudemolsedijk,2022-12-20,05:00:00,1,1,0,FMN GV 18 Kasterlee
84,Oudemolsedijk,2022-12-20,06:00:00,13,6,7,FMN GV 18 Kasterlee
84,Oudemolsedijk,2022-12-20,07:00:00,17,10,7,FMN GV 18 Kasterlee
84,Oudemolsedijk,2022-12-20,08:00:00,6,5,1,FMN GV 18 Kasterlee
84,Oudemolsedijk,2022-12-20,09:00:00,3,1,2,FMN GV 18 Kasterlee
84,Oudemolsedijk,2022-12-20,10:00:00,1,0,1,FMN GV 18 Kasterlee
84,Oudemolsedijk,2022-12-20,11:00:00,2,0,2,FMN GV 18 Kasterlee
84,Oudemolsedijk,2022-12-20,12:00:00,10,6,4,FMN GV 18 Kasterlee
84,Oudemolsedijk,2022-12-20,13:00:00,7,6,1,FMN GV 18 Kasterlee
84,Oudemolsedijk,2022-12-20,14:00:00,3,0,3,FMN GV 18 Kasterlee
84,Oudemolsedijk,2022-12-20,15:00:00,6,1,5,FMN GV 18 Kasterlee
84,Oudemolsedijk,2022-12-20,16:00:00,13,7,6,FMN GV 18 Kasterlee
84,Oudemolsedijk,2022-12-20,17:00:00,9,3,6,FMN GV 18 Kasterlee
84,Oudemolsedijk,2022-12-20,18:00:00,4,0,4,FMN GV 18 Kasterlee
84,Oudemolsedijk,2022-12-20,19:00:00,0,0,0,FMN GV 18 Kasterlee
84,Oudemolsedijk,2022-12-20,20:00:00,0,0,0,FMN GV 18 Kasterlee
84,Oudemolsedijk,2022-12-20,21:00:00,1,0,1,FMN GV 18 Kasterlee
84,Oudemolsedijk,2022-12-20,22:00:00,0,0,0,FMN GV 18 Kasterlee
84,Oudemolsedijk,2022-12-20,23:00:00,0,0,0,FMN GV 18 Kasterlee
84,Oudemolsedijk,2022-12-21,00:00:00,0,0,0,FMN GV 18 Kasterlee
84,Oudemolsedijk,2022-12-21,01:00:00,0,0,0,FMN GV 18 Kasterlee
84,Oudemolsedijk,2022-12-21,02:00:00,0,0,0,FMN GV 18 Kasterlee
84,Oudemolsedijk,2022-12-21,03:00:00,0,0,0,FMN GV 18 Kasterlee
84,Oudemolsedijk,2022-12-21,04:00:00,1,1,0,FMN GV 18 Kasterlee
84,Oudemolsedijk,2022-12-21,05:00:00,2,2,0,FMN GV 18 Kasterlee
84,Oudemolsedijk,2022-12-21,06:00:00,16,6,10,FMN GV 18 Kasterlee
84,Oudemolsedijk,2022-12-21,07:00:00,12,6,6,FMN GV 18 Kasterlee
84,Oudemolsedijk,2022-12-21,08:00:00,10,6,4,FMN GV 18 Kasterlee
84,Oudemolsedijk,2022-12-21,09:00:00,14,7,7,FMN GV 18 Kasterlee
84,Oudemolsedijk,2022-12-21,10:00:00,10,5,5,FMN GV 18 Kasterlee
84,Oudemolsedijk,2022-12-21,11:00:00,23,8,15,FMN GV 18 Kasterlee
84,Oudemolsedijk,2022-12-21,12:00:00,8,4,4,FMN GV 18 Kasterlee
84,Oudemolsedijk,2022-12-21,13:00:00,24,15,9,FMN GV 18 Kasterlee
84,Oudemolsedijk,2022-12-21,14:00:00,32,20,12,FMN GV 18 Kasterlee
84,Oudemolsedijk,2022-12-21,15:00:00,18,6,12,FMN GV 18 Kasterlee
84,Oudemolsedijk,2022-12-21,16:00:00,18,13,5,FMN GV 18 Kasterlee
84,Oudemolsedijk,2022-12-21,17:00:00,7,3,4,FMN GV 18 Kasterlee
84,Oudemolsedijk,2022-12-21,18:00:00,3,1,2,FMN GV 18 Kasterlee
84,Oudemolsedijk,2022-12-21,19:00:00,0,0,0,FMN GV 18 Kasterlee
84,Oudemolsedijk,2022-12-21,20:00:00,3,0,3,FMN GV 18 Kasterlee
84,Oudemolsedijk,2022-12-21,21:00:00,4,4,0,FMN GV 18 Kasterlee
84,Oudemolsedijk,2022-12-21,22:00:00,1,0,1,FMN GV 18 Kasterlee
84,Oudemolsedijk,2022-12-21,23:00:00,1,1,0,FMN GV 18 Kasterlee
84,Oudemolsedijk,2022-12-22,00:00:00,0,0,0,FMN GV 18 Kasterlee
84,Oudemolsedijk,2022-12-22,01:00:00,1,1,0,FMN GV 18 Kasterlee
84,Oudemolsedijk,2022-12-22,02:00:00,0,0,0,FMN GV 18 Kasterlee
84,Oudemolsedijk,2022-12-22,03:00:00,0,0,0,FMN GV 18 Kasterlee
84,Oudemolsedijk,2022-12-22,04:00:00,1,1,0,FMN GV 18 Kasterlee
84,Oudemolsedijk,2022-12-22,05:00:00,0,0,0,FMN GV 18 Kasterlee
84,Oudemolsedijk,2022-12-22,06:00:00,8,4,4,FMN GV 18 Kasterlee
84,Oudemolsedijk,2022-12-22,07:00:00,9,6,3,FMN GV 18 Kasterlee
84,Oudemolsedijk,2022-12-22,08:00:00,8,4,4,FMN GV 18 Kasterlee
84,Oudemolsedijk,2022-12-22,09:00:00,3,0,3,FMN GV 18 Kasterlee
84,Oudemolsedijk,2022-12-22,10:00:00,10,5,5,FMN GV 18 Kasterlee
84,Oudemolsedijk,2022-12-22,11:00:00,12,7,5,FMN GV 18 Kasterlee
84,Oudemolsedijk,2022-12-22,12:00:00,20,16,4,FMN GV 18 Kasterlee
84,Oudemolsedijk,2022-12-22,13:00:00,24,8,16,FMN GV 18 Kasterlee
84,Oudemolsedijk,2022-12-22,14:00:00,19,11,8,FMN GV 18 Kasterlee
84,Oudemolsedijk,2022-12-22,15:00:00,6,3,3,FMN GV 18 Kasterlee
84,Oudemolsedijk,2022-12-22,16:00:00,10,5,5,FMN GV 18 Kasterlee
84,Oudemolsedijk,2022-12-22,17:00:00,4,1,3,FMN GV 18 Kasterlee
84,Oudemolsedijk,2022-12-22,18:00:00,9,7,2,FMN GV 18 Kasterlee
84,Oudemolsedijk,2022-12-22,19:00:00,0,0,0,FMN GV 18 Kasterlee
84,Oudemolsedijk,2022-12-22,20:00:00,2,0,2,FMN GV 18 Kasterlee
84,Oudemolsedijk,2022-12-22,21:00:00,2,0,2,FMN GV 18 Kasterlee
84,Oudemolsedijk,2022-12-22,22:00:00,1,0,1,FMN GV 18 Kasterlee
84,Oudemolsedijk,2022-12-22,23:00:00,0,0,0,FMN GV 18 Kasterlee
84,Oudemolsedijk,2022-12-23,00:00:00,0,0,0,FMN GV 18 Kasterlee
84,Oudemolsedijk,2022-12-23,01:00:00,3,2,1,FMN GV 18 Kasterlee
84,Oudemolsedijk,2022-12-23,02:00:00,0,0,0,FMN GV 18 Kasterlee
84,Oudemolsedijk,2022-12-23,03:00:00,0,0,0,FMN GV 18 Kasterlee
84,Oudemolsedijk,2022-12-23,04:00:00,3,3,0,FMN GV 18 Kasterlee
84,Oudemolsedijk,2022-12-23,05:00:00,1,1,0,FMN GV 18 Kasterlee
84,Oudemolsedijk,2022-12-23,06:00:00,5,4,1,FMN GV 18 Kasterlee
84,Oudemolsedijk,2022-12-23,07:00:00,11,5,6,FMN GV 18 Kasterlee
84,Oudemolsedijk,2022-12-23,08:00:00,13,10,3,FMN GV 18 Kasterlee
84,Oudemolsedijk,2022-12-23,09:00:00,7,4,3,FMN GV 18 Kasterlee
84,Oudemolsedijk,2022-12-23,10:00:00,5,1,4,FMN GV 18 Kasterlee
84,Oudemolsedijk,2022-12-23,11:00:00,2,0,2,FMN GV 18 Kasterlee
84,Oudemolsedijk,2022-12-23,12:00:00,7,3,4,FMN GV 18 Kasterlee
84,Oudemolsedijk,2022-12-23,13:00:00,3,1,2,FMN GV 18 Kasterlee
84,Oudemolsedijk,2022-12-23,14:00:00,5,3,2,FMN GV 18 Kasterlee
84,Oudemolsedijk,2022-12-23,15:00:00,5,3,2,FMN GV 18 Kasterlee
84,Oudemolsedijk,2022-12-23,16:00:00,7,3,4,FMN GV 18 Kasterlee
84,Oudemolsedijk,2022-12-23,17:00:00,6,3,3,FMN GV 18 Kasterlee
84,Oudemolsedijk,2022-12-23,18:00:00,6,5,1,FMN GV 18 Kasterlee
84,Oudemolsedijk,2022-12-23,19:00:00,0,0,0,FMN GV 18 Kasterlee
84,Oudemolsedijk,2022-12-23,20:00:00,1,0,1,FMN GV 18 Kasterlee
84,Oudemolsedijk,2022-12-23,21:00:00,2,1,1,FMN GV 18 Kasterlee
84,Oudemolsedijk,2022-12-23,22:00:00,2,0,2,FMN GV 18 Kasterlee
84,Oudemolsedijk,2022-12-23,23:00:00,1,1,0,FMN GV 18 Kasterlee
84,Oudemolsedijk,2022-12-24,00:00:00,0,0,0,FMN GV 18 Kasterlee
84,Oudemolsedijk,2022-12-24,01:00:00,3,0,3,FMN GV 18 Kasterlee
84,Oudemolsedijk,2022-12-24,02:00:00,1,0,1,FMN GV 18 Kasterlee
84,Oudemolsedijk,2022-12-24,03:00:00,0,0,0,FMN GV 18 Kasterlee
84,Oudemolsedijk,2022-12-24,04:00:00,0,0,0,FMN GV 18 Kasterlee
84,Oudemolsedijk,2022-12-24,05:00:00,1,0,1,FMN GV 18 Kasterlee
84,Oudemolsedijk,2022-12-24,06:00:00,2,2,0,FMN GV 18 Kasterlee
84,Oudemolsedijk,2022-12-24,07:00:00,0,0,0,FMN GV 18 Kasterlee
84,Oudemolsedijk,2022-12-24,08:00:00,1,1,0,FMN GV 18 Kasterlee
84,Oudemolsedijk,2022-12-24,09:00:00,21,17,4,FMN GV 18 Kasterlee
84,Oudemolsedijk,2022-12-24,10:00:00,22,15,7,FMN GV 18 Kasterlee
84,Oudemolsedijk,2022-12-24,11:00:00,33,9,24,FMN GV 18 Kasterlee
84,Oudemolsedijk,2022-12-24,12:00:00,32,20,12,FMN GV 18 Kasterlee
84,Oudemolsedijk,2022-12-24,13:00:00,33,13,20,FMN GV 18 Kasterlee
84,Oudemolsedijk,2022-12-24,14:00:00,29,18,11,FMN GV 18 Kasterlee
84,Oudemolsedijk,2022-12-24,15:00:00,22,14,8,FMN GV 18 Kasterlee
84,Oudemolsedijk,2022-12-24,16:00:00,15,10,5,FMN GV 18 Kasterlee
84,Oudemolsedijk,2022-12-24,17:00:00,3,1,2,FMN GV 18 Kasterlee
84,Oudemolsedijk,2022-12-24,18:00:00,3,3,0,FMN GV 18 Kasterlee
84,Oudemolsedijk,2022-12-24,19:00:00,0,0,0,FMN GV 18 Kasterlee
84,Oudemolsedijk,2022-12-24,20:00:00,0,0,0,FMN GV 18 Kasterlee
84,Oudemolsedijk,2022-12-24,21:00:00,2,1,1,FMN GV 18 Kasterlee
84,Oudemolsedijk,2022-12-24,22:00:00,0,0,0,FMN GV 18 Kasterlee
84,Oudemolsedijk,2022-12-24,23:00:00,0,0,0,FMN GV 18 Kasterlee
84,Oudemolsedijk,2022-12-25,00:00:00,0,0,0,FMN GV 18 Kasterlee
84,Oudemolsedijk,2022-12-25,01:00:00,0,0,0,FMN GV 18 Kasterlee
84,Oudemolsedijk,2022-12-25,02:00:00,0,0,0,FMN GV 18 Kasterlee
84,Oudemolsedijk,2022-12-25,03:00:00,0,0,0,FMN GV 18 Kasterlee
84,Oudemolsedijk,2022-12-25,04:00:00,0,0,0,FMN GV 18 Kasterlee
84,Oudemolsedijk,2022-12-25,05:00:00,0,0,0,FMN GV 18 Kasterlee
84,Oudemolsedijk,2022-12-25,06:00:00,3,2,1,FMN GV 18 Kasterlee
84,Oudemolsedijk,2022-12-25,07:00:00,0,0,0,FMN GV 18 Kasterlee
84,Oudemolsedijk,2022-12-25,08:00:00,2,1,1,FMN GV 18 Kasterlee
84,Oudemolsedijk,2022-12-25,09:00:00,6,1,5,FMN GV 18 Kasterlee
84,Oudemolsedijk,2022-12-25,10:00:00,9,5,4,FMN GV 18 Kasterlee
84,Oudemolsedijk,2022-12-25,11:00:00,5,0,5,FMN GV 18 Kasterlee
84,Oudemolsedijk,2022-12-25,12:00:00,1,1,0,FMN GV 18 Kasterlee
84,Oudemolsedijk,2022-12-25,13:00:00,0,0,0,FMN GV 18 Kasterlee
84,Oudemolsedijk,2022-12-25,14:00:00,1,0,1,FMN GV 18 Kasterlee
84,Oudemolsedijk,2022-12-25,15:00:00,0,0,0,FMN GV 18 Kasterlee
84,Oudemolsedijk,2022-12-25,16:00:00,0,0,0,FMN GV 18 Kasterlee
84,Oudemolsedijk,2022-12-25,17:00:00,2,1,1,FMN GV 18 Kasterlee
84,Oudemolsedijk,2022-12-25,18:00:00,0,0,0,FMN GV 18 Kasterlee
84,Oudemolsedijk,2022-12-25,19:00:00,1,0,1,FMN GV 18 Kasterlee
84,Oudemolsedijk,2022-12-25,20:00:00,0,0,0,FMN GV 18 Kasterlee
84,Oudemolsedijk,2022-12-25,21:00:00,0,0,0,FMN GV 18 Kasterlee
84,Oudemolsedijk,2022-12-25,22:00:00,0,0,0,FMN GV 18 Kasterlee
84,Oudemolsedijk,2022-12-25,23:00:00,0,0,0,FMN GV 18 Kasterlee
84,Oudemolsedijk,2022-12-26,00:00:00,0,0,0,FMN GV 18 Kasterlee
84,Oudemolsedijk,2022-12-26,01:00:00,0,0,0,FMN GV 18 Kasterlee
84,Oudemolsedijk,2022-12-26,02:00:00,0,0,0,FMN GV 18 Kasterlee
84,Oudemolsedijk,2022-12-26,03:00:00,0,0,0,FMN GV 18 Kasterlee
84,Oudemolsedijk,2022-12-26,04:00:00,1,1,0,FMN GV 18 Kasterlee
84,Oudemolsedijk,2022-12-26,05:00:00,0,0,0,FMN GV 18 Kasterlee
84,Oudemolsedijk,2022-12-26,06:00:00,2,2,0,FMN GV 18 Kasterlee
84,Oudemolsedijk,2022-12-26,07:00:00,2,0,2,FMN GV 18 Kasterlee
84,Oudemolsedijk,2022-12-26,08:00:00,3,2,1,FMN GV 18 Kasterlee
84,Oudemolsedijk,2022-12-26,09:00:00,15,7,8,FMN GV 18 Kasterlee
84,Oudemolsedijk,2022-12-26,10:00:00,15,9,6,FMN GV 18 Kasterlee
84,Oudemolsedijk,2022-12-26,11:00:00,7,6,1,FMN GV 18 Kasterlee
84,Oudemolsedijk,2022-12-26,12:00:00,11,5,6,FMN GV 18 Kasterlee
84,Oudemolsedijk,2022-12-26,13:00:00,14,7,7,FMN GV 18 Kasterlee
84,Oudemolsedijk,2022-12-26,14:00:00,12,4,8,FMN GV 18 Kasterlee
84,Oudemolsedijk,2022-12-26,15:00:00,23,7,16,FMN GV 18 Kasterlee
84,Oudemolsedijk,2022-12-26,16:00:00,15,10,5,FMN GV 18 Kasterlee
84,Oudemolsedijk,2022-12-26,17:00:00,2,2,0,FMN GV 18 Kasterlee
84,Oudemolsedijk,2022-12-26,18:00:00,3,3,0,FMN GV 18 Kasterlee
84,Oudemolsedijk,2022-12-26,19:00:00,0,0,0,FMN GV 18 Kasterlee
84,Oudemolsedijk,2022-12-26,20:00:00,1,0,1,FMN GV 18 Kasterlee
84,Oudemolsedijk,2022-12-26,21:00:00,2,2,0,FMN GV 18 Kasterlee
84,Oudemolsedijk,2022-12-26,22:00:00,0,0,0,FMN GV 18 Kasterlee
84,Oudemolsedijk,2022-12-26,23:00:00,3,2,1,FMN GV 18 Kasterlee
84,Oudemolsedijk,2022-12-27,00:00:00,1,1,0,FMN GV 18 Kasterlee
84,Oudemolsedijk,2022-12-27,01:00:00,1,0,1,FMN GV 18 Kasterlee
84,Oudemolsedijk,2022-12-27,02:00:00,0,0,0,FMN GV 18 Kasterlee
84,Oudemolsedijk,2022-12-27,03:00:00,0,0,0,FMN GV 18 Kasterlee
84,Oudemolsedijk,2022-12-27,04:00:00,1,1,0,FMN GV 18 Kasterlee
84,Oudemolsedijk,2022-12-27,05:00:00,3,3,0,FMN GV 18 Kasterlee
84,Oudemolsedijk,2022-12-27,06:00:00,3,2,1,FMN GV 18 Kasterlee
84,Oudemolsedijk,2022-12-27,07:00:00,4,3,1,FMN GV 18 Kasterlee
84,Oudemolsedijk,2022-12-27,08:00:00,5,0,5,FMN GV 18 Kasterlee
84,Oudemolsedijk,2022-12-27,09:00:00,8,2,6,FMN GV 18 Kasterlee
84,Oudemolsedijk,2022-12-27,10:00:00,26,13,13,FMN GV 18 Kasterlee
84,Oudemolsedijk,2022-12-27,11:00:00,26,16,10,FMN GV 18 Kasterlee
84,Oudemolsedijk,2022-12-27,12:00:00,21,16,5,FMN GV 18 Kasterlee
84,Oudemolsedijk,2022-12-27,13:00:00,34,26,8,FMN GV 18 Kasterlee
84,Oudemolsedijk,2022-12-27,14:00:00,38,17,21,FMN GV 18 Kasterlee
84,Oudemolsedijk,2022-12-27,15:00:00,18,10,8,FMN GV 18 Kasterlee
84,Oudemolsedijk,2022-12-27,16:00:00,7,5,2,FMN GV 18 Kasterlee
84,Oudemolsedijk,2022-12-27,17:00:00,7,1,6,FMN GV 18 Kasterlee
84,Oudemolsedijk,2022-12-27,18:00:00,8,0,8,FMN GV 18 Kasterlee
84,Oudemolsedijk,2022-12-27,19:00:00,2,1,1,FMN GV 18 Kasterlee
84,Oudemolsedijk,2022-12-27,20:00:00,9,8,1,FMN GV 18 Kasterlee
84,Oudemolsedijk,2022-12-27,21:00:00,1,1,0,FMN GV 18 Kasterlee
84,Oudemolsedijk,2022-12-27,22:00:00,0,0,0,FMN GV 18 Kasterlee
84,Oudemolsedijk,2022-12-27,23:00:00,1,1,0,FMN GV 18 Kasterlee
84,Oudemolsedijk,2022-12-28,00:00:00,0,0,0,FMN GV 18 Kasterlee
84,Oudemolsedijk,2022-12-28,01:00:00,0,0,0,FMN GV 18 Kasterlee
84,Oudemolsedijk,2022-12-28,02:00:00,0,0,0,FMN GV 18 Kasterlee
84,Oudemolsedijk,2022-12-28,03:00:00,0,0,0,FMN GV 18 Kasterlee
84,Oudemolsedijk,2022-12-28,04:00:00,1,1,0,FMN GV 18 Kasterlee
84,Oudemolsedijk,2022-12-28,05:00:00,1,0,1,FMN GV 18 Kasterlee
84,Oudemolsedijk,2022-12-28,06:00:00,3,2,1,FMN GV 18 Kasterlee
84,Oudemolsedijk,2022-12-28,07:00:00,2,2,0,FMN GV 18 Kasterlee
84,Oudemolsedijk,2022-12-28,08:00:00,1,1,0,FMN GV 18 Kasterlee
84,Oudemolsedijk,2022-12-28,09:00:00,7,6,1,FMN GV 18 Kasterlee
84,Oudemolsedijk,2022-12-28,10:00:00,8,3,5,FMN GV 18 Kasterlee
84,Oudemolsedijk,2022-12-28,11:00:00,1,1,0,FMN GV 18 Kasterlee
84,Oudemolsedijk,2022-12-28,12:00:00,4,3,1,FMN GV 18 Kasterlee
84,Oudemolsedijk,2022-12-28,13:00:00,5,4,1,FMN GV 18 Kasterlee
84,Oudemolsedijk,2022-12-28,14:00:00,10,5,5,FMN GV 18 Kasterlee
84,Oudemolsedijk,2022-12-28,15:00:00,8,2,6,FMN GV 18 Kasterlee
84,Oudemolsedijk,2022-12-28,16:00:00,2,1,1,FMN GV 18 Kasterlee
84,Oudemolsedijk,2022-12-28,17:00:00,2,0,2,FMN GV 18 Kasterlee
84,Oudemolsedijk,2022-12-28,18:00:00,2,0,2,FMN GV 18 Kasterlee
84,Oudemolsedijk,2022-12-28,19:00:00,0,0,0,FMN GV 18 Kasterlee
84,Oudemolsedijk,2022-12-28,20:00:00,0,0,0,FMN GV 18 Kasterlee
84,Oudemolsedijk,2022-12-28,21:00:00,0,0,0,FMN GV 18 Kasterlee
84,Oudemolsedijk,2022-12-28,22:00:00,1,0,1,FMN GV 18 Kasterlee
84,Oudemolsedijk,2022-12-28,23:00:00,2,0,2,FMN GV 18 Kasterlee
84,Oudemolsedijk,2022-12-29,00:00:00,0,0,0,FMN GV 18 Kasterlee
84,Oudemolsedijk,2022-12-29,01:00:00,0,0,0,FMN GV 18 Kasterlee
84,Oudemolsedijk,2022-12-29,02:00:00,0,0,0,FMN GV 18 Kasterlee
84,Oudemolsedijk,2022-12-29,03:00:00,0,0,0,FMN GV 18 Kasterlee
84,Oudemolsedijk,2022-12-29,04:00:00,1,1,0,FMN GV 18 Kasterlee
84,Oudemolsedijk,2022-12-29,05:00:00,1,1,0,FMN GV 18 Kasterlee
84,Oudemolsedijk,2022-12-29,06:00:00,1,0,1,FMN GV 18 Kasterlee
84,Oudemolsedijk,2022-12-29,07:00:00,6,4,2,FMN GV 18 Kasterlee
84,Oudemolsedijk,2022-12-29,08:00:00,2,1,1,FMN GV 18 Kasterlee
84,Oudemolsedijk,2022-12-29,09:00:00,11,8,3,FMN GV 18 Kasterlee
84,Oudemolsedijk,2022-12-29,10:00:00,3,3,0,FMN GV 18 Kasterlee
84,Oudemolsedijk,2022-12-29,11:00:00,10,7,3,FMN GV 18 Kasterlee
84,Oudemolsedijk,2022-12-29,12:00:00,7,4,3,FMN GV 18 Kasterlee
84,Oudemolsedijk,2022-12-29,13:00:00,6,5,1,FMN GV 18 Kasterlee
84,Oudemolsedijk,2022-12-29,14:00:00,16,2,14,FMN GV 18 Kasterlee
84,Oudemolsedijk,2022-12-29,15:00:00,5,3,2,FMN GV 18 Kasterlee
84,Oudemolsedijk,2022-12-29,16:00:00,3,2,1,FMN GV 18 Kasterlee
84,Oudemolsedijk,2022-12-29,17:00:00,4,2,2,FMN GV 18 Kasterlee
84,Oudemolsedijk,2022-12-29,18:00:00,3,1,2,FMN GV 18 Kasterlee
84,Oudemolsedijk,2022-12-29,19:00:00,3,3,0,FMN GV 18 Kasterlee
84,Oudemolsedijk,2022-12-29,20:00:00,1,1,0,FMN GV 18 Kasterlee
84,Oudemolsedijk,2022-12-29,21:00:00,0,0,0,FMN GV 18 Kasterlee
84,Oudemolsedijk,2022-12-29,22:00:00,2,1,1,FMN GV 18 Kasterlee
84,Oudemolsedijk,2022-12-29,23:00:00,0,0,0,FMN GV 18 Kasterlee
84,Oudemolsedijk,2022-12-30,00:00:00,0,0,0,FMN GV 18 Kasterlee
84,Oudemolsedijk,2022-12-30,01:00:00,3,0,3,FMN GV 18 Kasterlee
84,Oudemolsedijk,2022-12-30,02:00:00,0,0,0,FMN GV 18 Kasterlee
84,Oudemolsedijk,2022-12-30,03:00:00,0,0,0,FMN GV 18 Kasterlee
84,Oudemolsedijk,2022-12-30,04:00:00,2,1,1,FMN GV 18 Kasterlee
84,Oudemolsedijk,2022-12-30,05:00:00,0,0,0,FMN GV 18 Kasterlee
84,Oudemolsedijk,2022-12-30,06:00:00,2,1,1,FMN GV 18 Kasterlee
84,Oudemolsedijk,2022-12-30,07:00:00,3,1,2,FMN GV 18 Kasterlee
84,Oudemolsedijk,2022-12-30,08:00:00,3,1,2,FMN GV 18 Kasterlee
84,Oudemolsedijk,2022-12-30,09:00:00,10,6,4,FMN GV 18 Kasterlee
84,Oudemolsedijk,2022-12-30,10:00:00,14,6,8,FMN GV 18 Kasterlee
84,Oudemolsedijk,2022-12-30,11:00:00,19,9,10,FMN GV 18 Kasterlee
84,Oudemolsedijk,2022-12-30,12:00:00,5,2,3,FMN GV 18 Kasterlee
84,Oudemolsedijk,2022-12-30,13:00:00,0,0,0,FMN GV 18 Kasterlee
84,Oudemolsedijk,2022-12-30,14:00:00,2,0,2,FMN GV 18 Kasterlee
84,Oudemolsedijk,2022-12-30,15:00:00,0,0,0,FMN GV 18 Kasterlee
84,Oudemolsedijk,2022-12-30,16:00:00,5,0,5,FMN GV 18 Kasterlee
84,Oudemolsedijk,2022-12-30,17:00:00,2,1,1,FMN GV 18 Kasterlee
84,Oudemolsedijk,2022-12-30,18:00:00,4,0,4,FMN GV 18 Kasterlee
84,Oudemolsedijk,2022-12-30,19:00:00,2,2,0,FMN GV 18 Kasterlee
84,Oudemolsedijk,2022-12-30,20:00:00,2,2,0,FMN GV 18 Kasterlee
84,Oudemolsedijk,2022-12-30,21:00:00,1,1,0,FMN GV 18 Kasterlee
84,Oudemolsedijk,2022-12-30,22:00:00,0,0,0,FMN GV 18 Kasterlee
84,Oudemolsedijk,2022-12-30,23:00:00,0,0,0,FMN GV 18 Kasterlee
84,Oudemolsedijk,2022-12-31,00:00:00,0,0,0,FMN GV 18 Kasterlee
84,Oudemolsedijk,2022-12-31,01:00:00,1,0,1,FMN GV 18 Kasterlee
84,Oudemolsedijk,2022-12-31,02:00:00,3,1,2,FMN GV 18 Kasterlee
84,Oudemolsedijk,2022-12-31,03:00:00,0,0,0,FMN GV 18 Kasterlee
84,Oudemolsedijk,2022-12-31,04:00:00,1,0,1,FMN GV 18 Kasterlee
84,Oudemolsedijk,2022-12-31,05:00:00,0,0,0,FMN GV 18 Kasterlee
84,Oudemolsedijk,2022-12-31,06:00:00,0,0,0,FMN GV 18 Kasterlee
84,Oudemolsedijk,2022-12-31,07:00:00,1,0,1,FMN GV 18 Kasterlee
84,Oudemolsedijk,2022-12-31,08:00:00,4,3,1,FMN GV 18 Kasterlee
84,Oudemolsedijk,2022-12-31,09:00:00,1,0,1,FMN GV 18 Kasterlee
84,Oudemolsedijk,2022-12-31,10:00:00,12,10,2,FMN GV 18 Kasterlee
84,Oudemolsedijk,2022-12-31,11:00:00,5,1,4,FMN GV 18 Kasterlee
84,Oudemolsedijk,2022-12-31,12:00:00,4,2,2,FMN GV 18 Kasterlee
84,Oudemolsedijk,2022-12-31,13:00:00,9,6,3,FMN GV 18 Kasterlee
84,Oudemolsedijk,2022-12-31,14:00:00,16,7,9,FMN GV 18 Kasterlee
84,Oudemolsedijk,2022-12-31,15:00:00,11,6,5,FMN GV 18 Kasterlee
84,Oudemolsedijk,2022-12-31,16:00:00,11,5,6,FMN GV 18 Kasterlee
84,Oudemolsedijk,2022-12-31,17:00:00,2,0,2,FMN GV 18 Kasterlee
84,Oudemolsedijk,2022-12-31,18:00:00,4,4,0,FMN GV 18 Kasterlee
84,Oudemolsedijk,2022-12-31,19:00:00,1,0,1,FMN GV 18 Kasterlee
84,Oudemolsedijk,2022-12-31,20:00:00,0,0,0,FMN GV 18 Kasterlee
84,Oudemolsedijk,2022-12-31,21:00:00,0,0,0,FMN GV 18 Kasterlee
84,Oudemolsedijk,2022-12-31,22:00:00,0,0,0,FMN GV 18 Kasterlee
84,Oudemolsedijk,2022-12-31,23:00:00,0,0,0,FMN GV 18 Kasterlee
84,Oudemolsedijk,2023-01-01,00:00:00,0,0,0,FMN GV 18 Kasterlee
84,Oudemolsedijk,2023-01-01,01:00:00,0,0,0,FMN GV 18 Kasterlee
84,Oudemolsedijk,2023-01-01,02:00:00,0,0,0,FMN GV 18 Kasterlee
84,Oudemolsedijk,2023-01-01,03:00:00,6,4,2,FMN GV 18 Kasterlee
84,Oudemolsedijk,2023-01-01,04:00:00,1,1,0,FMN GV 18 Kasterlee
84,Oudemolsedijk,2023-01-01,05:00:00,10,2,8,FMN GV 18 Kasterlee
84,Oudemolsedijk,2023-01-01,06:00:00,1,1,0,FMN GV 18 Kasterlee
84,Oudemolsedijk,2023-01-01,07:00:00,0,0,0,FMN GV 18 Kasterlee
84,Oudemolsedijk,2023-01-01,08:00:00,1,0,1,FMN GV 18 Kasterlee
84,Oudemolsedijk,2023-01-01,09:00:00,3,1,2,FMN GV 18 Kasterlee
84,Oudemolsedijk,2023-01-01,10:00:00,19,12,7,FMN GV 18 Kasterlee
84,Oudemolsedijk,2023-01-01,11:00:00,16,8,8,FMN GV 18 Kasterlee
84,Oudemolsedijk,2023-01-01,12:00:00,12,10,2,FMN GV 18 Kasterlee
84,Oudemolsedijk,2023-01-01,13:00:00,17,11,6,FMN GV 18 Kasterlee
84,Oudemolsedijk,2023-01-01,14:00:00,9,5,4,FMN GV 18 Kasterlee
84,Oudemolsedijk,2023-01-01,15:00:00,6,3,3,FMN GV 18 Kasterlee
84,Oudemolsedijk,2023-01-01,16:00:00,4,2,2,FMN GV 18 Kasterlee
84,Oudemolsedijk,2023-01-01,17:00:00,1,1,0,FMN GV 18 Kasterlee
84,Oudemolsedijk,2023-01-01,18:00:00,1,0,1,FMN GV 18 Kasterlee
84,Oudemolsedijk,2023-01-01,19:00:00,0,0,0,FMN GV 18 Kasterlee
84,Oudemolsedijk,2023-01-01,20:00:00,0,0,0,FMN GV 18 Kasterlee
84,Oudemolsedijk,2023-01-01,21:00:00,0,0,0,FMN GV 18 Kasterlee
84,Oudemolsedijk,2023-01-01,22:00:00,0,0,0,FMN GV 18 Kasterlee
84,Oudemolsedijk,2023-01-01,23:00:00,1,1,0,FMN GV 18 Kasterlee
84,Oudemolsedijk,2023-01-02,00:00:00,0,0,0,FMN GV 18 Kasterlee
84,Oudemolsedijk,2023-01-02,01:00:00,0,0,0,FMN GV 18 Kasterlee
84,Oudemolsedijk,2023-01-02,02:00:00,0,0,0,FMN GV 18 Kasterlee
84,Oudemolsedijk,2023-01-02,03:00:00,0,0,0,FMN GV 18 Kasterlee
84,Oudemolsedijk,2023-01-02,04:00:00,1,1,0,FMN GV 18 Kasterlee
84,Oudemolsedijk,2023-01-02,05:00:00,4,4,0,FMN GV 18 Kasterlee
84,Oudemolsedijk,2023-01-02,06:00:00,1,0,1,FMN GV 18 Kasterlee
84,Oudemolsedijk,2023-01-02,07:00:00,4,2,2,FMN GV 18 Kasterlee
84,Oudemolsedijk,2023-01-02,08:00:00,4,3,1,FMN GV 18 Kasterlee
84,Oudemolsedijk,2023-01-02,09:00:00,2,1,1,FMN GV 18 Kasterlee
84,Oudemolsedijk,2023-01-02,10:00:00,1,0,1,FMN GV 18 Kasterlee
84,Oudemolsedijk,2023-01-02,11:00:00,3,2,1,FMN GV 18 Kasterlee
84,Oudemolsedijk,2023-01-02,12:00:00,5,2,3,FMN GV 18 Kasterlee
84,Oudemolsedijk,2023-01-02,13:00:00,20,11,9,FMN GV 18 Kasterlee
84,Oudemolsedijk,2023-01-02,14:00:00,26,14,12,FMN GV 18 Kasterlee
84,Oudemolsedijk,2023-01-02,15:00:00,8,5,3,FMN GV 18 Kasterlee
84,Oudemolsedijk,2023-01-02,16:00:00,6,1,5,FMN GV 18 Kasterlee
84,Oudemolsedijk,2023-01-02,17:00:00,2,0,2,FMN GV 18 Kasterlee
84,Oudemolsedijk,2023-01-02,18:00:00,2,0,2,FMN GV 18 Kasterlee
84,Oudemolsedijk,2023-01-02,19:00:00,0,0,0,FMN GV 18 Kasterlee
84,Oudemolsedijk,2023-01-02,20:00:00,2,2,0,FMN GV 18 Kasterlee
84,Oudemolsedijk,2023-01-02,21:00:00,0,0,0,FMN GV 18 Kasterlee
84,Oudemolsedijk,2023-01-02,22:00:00,1,1,0,FMN GV 18 Kasterlee
84,Oudemolsedijk,2023-01-02,23:00:00,1,1,0,FMN GV 18 Kasterlee
84,Oudemolsedijk,2023-01-03,00:00:00,0,0,0,FMN GV 18 Kasterlee
84,Oudemolsedijk,2023-01-03,01:00:00,0,0,0,FMN GV 18 Kasterlee
84,Oudemolsedijk,2023-01-03,02:00:00,0,0,0,FMN GV 18 Kasterlee
84,Oudemolsedijk,2023-01-03,03:00:00,0,0,0,FMN GV 18 Kasterlee
84,Oudemolsedijk,2023-01-03,04:00:00,1,1,0,FMN GV 18 Kasterlee
84,Oudemolsedijk,2023-01-03,05:00:00,6,6,0,FMN GV 18 Kasterlee
84,Oudemolsedijk,2023-01-03,06:00:00,10,6,4,FMN GV 18 Kasterlee
84,Oudemolsedijk,2023-01-03,07:00:00,9,3,6,FMN GV 18 Kasterlee
84,Oudemolsedijk,2023-01-03,08:00:00,11,7,4,FMN GV 18 Kasterlee
84,Oudemolsedijk,2023-01-03,09:00:00,10,3,7,FMN GV 18 Kasterlee
84,Oudemolsedijk,2023-01-03,10:00:00,12,8,4,FMN GV 18 Kasterlee
84,Oudemolsedijk,2023-01-03,11:00:00,33,24,9,FMN GV 18 Kasterlee
84,Oudemolsedijk,2023-01-03,12:00:00,14,6,8,FMN GV 18 Kasterlee
84,Oudemolsedijk,2023-01-03,13:00:00,64,20,44,FMN GV 18 Kasterlee
84,Oudemolsedijk,2023-01-03,14:00:00,30,17,13,FMN GV 18 Kasterlee
84,Oudemolsedijk,2023-01-03,15:00:00,19,9,10,FMN GV 18 Kasterlee
84,Oudemolsedijk,2023-01-03,16:00:00,22,6,16,FMN GV 18 Kasterlee
84,Oudemolsedijk,2023-01-03,17:00:00,12,5,7,FMN GV 18 Kasterlee
84,Oudemolsedijk,2023-01-03,18:00:00,21,5,16,FMN GV 18 Kasterlee
84,Oudemolsedijk,2023-01-03,19:00:00,1,1,0,FMN GV 18 Kasterlee
84,Oudemolsedijk,2023-01-03,20:00:00,1,1,0,FMN GV 18 Kasterlee
84,Oudemolsedijk,2023-01-03,21:00:00,1,0,1,FMN GV 18 Kasterlee
84,Oudemolsedijk,2023-01-03,22:00:00,0,0,0,FMN GV 18 Kasterlee
84,Oudemolsedijk,2023-01-03,23:00:00,1,0,1,FMN GV 18 Kasterlee
84,Oudemolsedijk,2023-01-04,00:00:00,0,0,0,FMN GV 18 Kasterlee
84,Oudemolsedijk,2023-01-04,01:00:00,0,0,0,FMN GV 18 Kasterlee
84,Oudemolsedijk,2023-01-04,02:00:00,0,0,0,FMN GV 18 Kasterlee
84,Oudemolsedijk,2023-01-04,03:00:00,0,0,0,FMN GV 18 Kasterlee
84,Oudemolsedijk,2023-01-04,04:00:00,2,2,0,FMN GV 18 Kasterlee
84,Oudemolsedijk,2023-01-04,05:00:00,3,3,0,FMN GV 18 Kasterlee
84,Oudemolsedijk,2023-01-04,06:00:00,7,2,5,FMN GV 18 Kasterlee
84,Oudemolsedijk,2023-01-04,07:00:00,6,3,3,FMN GV 18 Kasterlee
84,Oudemolsedijk,2023-01-04,08:00:00,6,5,1,FMN GV 18 Kasterlee
84,Oudemolsedijk,2023-01-04,09:00:00,7,3,4,FMN GV 18 Kasterlee
84,Oudemolsedijk,2023-01-04,10:00:00,0,0,0,FMN GV 18 Kasterlee
84,Oudemolsedijk,2023-01-04,11:00:00,2,1,1,FMN GV 18 Kasterlee
84,Oudemolsedijk,2023-01-04,12:00:00,1,1,0,FMN GV 18 Kasterlee
84,Oudemolsedijk,2023-01-04,13:00:00,7,6,1,FMN GV 18 Kasterlee
84,Oudemolsedijk,2023-01-04,14:00:00,3,0,3,FMN GV 18 Kasterlee
84,Oudemolsedijk,2023-01-04,15:00:00,6,1,5,FMN GV 18 Kasterlee
84,Oudemolsedijk,2023-01-04,16:00:00,10,5,5,FMN GV 18 Kasterlee
84,Oudemolsedijk,2023-01-04,17:00:00,6,4,2,FMN GV 18 Kasterlee
84,Oudemolsedijk,2023-01-04,18:00:00,3,0,3,FMN GV 18 Kasterlee
84,Oudemolsedijk,2023-01-04,19:00:00,2,0,2,FMN GV 18 Kasterlee
84,Oudemolsedijk,2023-01-04,20:00:00,11,5,6,FMN GV 18 Kasterlee
84,Oudemolsedijk,2023-01-04,21:00:00,0,0,0,FMN GV 18 Kasterlee
84,Oudemolsedijk,2023-01-04,22:00:00,1,0,1,FMN GV 18 Kasterlee
84,Oudemolsedijk,2023-01-04,23:00:00,0,0,0,FMN GV 18 Kasterlee
84,Oudemolsedijk,2023-01-05,00:00:00,0,0,0,FMN GV 18 Kasterlee
84,Oudemolsedijk,2023-01-05,01:00:00,0,0,0,FMN GV 18 Kasterlee
84,Oudemolsedijk,2023-01-05,02:00:00,0,0,0,FMN GV 18 Kasterlee
84,Oudemolsedijk,2023-01-05,03:00:00,0,0,0,FMN GV 18 Kasterlee
84,Oudemolsedijk,2023-01-05,04:00:00,1,1,0,FMN GV 18 Kasterlee
84,Oudemolsedijk,2023-01-05,05:00:00,6,6,0,FMN GV 18 Kasterlee
84,Oudemolsedijk,2023-01-05,06:00:00,15,7,8,FMN GV 18 Kasterlee
84,Oudemolsedijk,2023-01-05,07:00:00,9,3,6,FMN GV 18 Kasterlee
84,Oudemolsedijk,2023-01-05,08:00:00,5,2,3,FMN GV 18 Kasterlee
84,Oudemolsedijk,2023-01-05,09:00:00,13,8,5,FMN GV 18 Kasterlee
84,Oudemolsedijk,2023-01-05,10:00:00,17,8,9,FMN GV 18 Kasterlee
84,Oudemolsedijk,2023-01-05,11:00:00,28,16,12,FMN GV 18 Kasterlee
84,Oudemolsedijk,2023-01-05,12:00:00,34,19,15,FMN GV 18 Kasterlee
84,Oudemolsedijk,2023-01-05,13:00:00,36,24,12,FMN GV 18 Kasterlee
84,Oudemolsedijk,2023-01-05,14:00:00,27,14,13,FMN GV 18 Kasterlee
84,Oudemolsedijk,2023-01-05,15:00:00,21,12,9,FMN GV 18 Kasterlee
84,Oudemolsedijk,2023-01-05,16:00:00,15,6,9,FMN GV 18 Kasterlee
84,Oudemolsedijk,2023-01-05,17:00:00,13,7,6,FMN GV 18 Kasterlee
84,Oudemolsedijk,2023-01-05,18:00:00,3,2,1,FMN GV 18 Kasterlee
84,Oudemolsedijk,2023-01-05,19:00:00,1,0,1,FMN GV 18 Kasterlee
84,Oudemolsedijk,2023-01-05,20:00:00,3,1,2,FMN GV 18 Kasterlee
84,Oudemolsedijk,2023-01-05,21:00:00,0,0,0,FMN GV 18 Kasterlee
84,Oudemolsedijk,2023-01-05,22:00:00,1,0,1,FMN GV 18 Kasterlee
84,Oudemolsedijk,2023-01-05,23:00:00,1,0,1,FMN GV 18 Kasterlee
84,Oudemolsedijk,2023-01-06,00:00:00,0,0,0,FMN GV 18 Kasterlee
84,Oudemolsedijk,2023-01-06,01:00:00,0,0,0,FMN GV 18 Kasterlee
84,Oudemolsedijk,2023-01-06,02:00:00,1,1,0,FMN GV 18 Kasterlee
84,Oudemolsedijk,2023-01-06,03:00:00,0,0,0,FMN GV 18 Kasterlee
84,Oudemolsedijk,2023-01-06,04:00:00,1,1,0,FMN GV 18 Kasterlee
84,Oudemolsedijk,2023-01-06,05:00:00,3,3,0,FMN GV 18 Kasterlee
84,Oudemolsedijk,2023-01-06,06:00:00,11,5,6,FMN GV 18 Kasterlee
84,Oudemolsedijk,2023-01-06,07:00:00,6,1,5,FMN GV 18 Kasterlee
84,Oudemolsedijk,2023-01-06,08:00:00,4,3,1,FMN GV 18 Kasterlee
84,Oudemolsedijk,2023-01-06,09:00:00,3,0,3,FMN GV 18 Kasterlee
84,Oudemolsedijk,2023-01-06,10:00:00,7,3,4,FMN GV 18 Kasterlee
84,Oudemolsedijk,2023-01-06,11:00:00,11,5,6,FMN GV 18 Kasterlee
84,Oudemolsedijk,2023-01-06,12:00:00,14,6,8,FMN GV 18 Kasterlee
84,Oudemolsedijk,2023-01-06,13:00:00,15,7,8,FMN GV 18 Kasterlee
84,Oudemolsedijk,2023-01-06,14:00:00,24,16,8,FMN GV 18 Kasterlee
84,Oudemolsedijk,2023-01-06,15:00:00,24,17,7,FMN GV 18 Kasterlee
84,Oudemolsedijk,2023-01-06,16:00:00,9,6,3,FMN GV 18 Kasterlee
84,Oudemolsedijk,2023-01-06,17:00:00,5,3,2,FMN GV 18 Kasterlee
84,Oudemolsedijk,2023-01-06,18:00:00,12,2,10,FMN GV 18 Kasterlee
84,Oudemolsedijk,2023-01-06,19:00:00,0,0,0,FMN GV 18 Kasterlee
84,Oudemolsedijk,2023-01-06,20:00:00,2,1,1,FMN GV 18 Kasterlee
84,Oudemolsedijk,2023-01-06,21:00:00,1,1,0,FMN GV 18 Kasterlee
84,Oudemolsedijk,2023-01-06,22:00:00,2,2,0,FMN GV 18 Kasterlee
84,Oudemolsedijk,2023-01-06,23:00:00,0,0,0,FMN GV 18 Kasterlee
84,Oudemolsedijk,2023-01-07,00:00:00,0,0,0,FMN GV 18 Kasterlee
84,Oudemolsedijk,2023-01-07,01:00:00,1,0,1,FMN GV 18 Kasterlee
84,Oudemolsedijk,2023-01-07,02:00:00,0,0,0,FMN GV 18 Kasterlee
84,Oudemolsedijk,2023-01-07,03:00:00,0,0,0,FMN GV 18 Kasterlee
84,Oudemolsedijk,2023-01-07,04:00:00,0,0,0,FMN GV 18 Kasterlee
84,Oudemolsedijk,2023-01-07,05:00:00,1,0,1,FMN GV 18 Kasterlee
84,Oudemolsedijk,2023-01-07,06:00:00,2,0,2,FMN GV 18 Kasterlee
84,Oudemolsedijk,2023-01-07,07:00:00,2,0,2,FMN GV 18 Kasterlee
84,Oudemolsedijk,2023-01-07,08:00:00,3,0,3,FMN GV 18 Kasterlee
84,Oudemolsedijk,2023-01-07,09:00:00,15,5,10,FMN GV 18 Kasterlee
84,Oudemolsedijk,2023-01-07,10:00:00,35,11,24,FMN GV 18 Kasterlee
84,Oudemolsedijk,2023-01-07,11:00:00,31,15,16,FMN GV 18 Kasterlee
84,Oudemolsedijk,2023-01-07,12:00:00,38,19,19,FMN GV 18 Kasterlee
84,Oudemolsedijk,2023-01-07,13:00:00,60,36,24,FMN GV 18 Kasterlee
84,Oudemolsedijk,2023-01-07,14:00:00,50,28,22,FMN GV 18 Kasterlee
84,Oudemolsedijk,2023-01-07,15:00:00,34,20,14,FMN GV 18 Kasterlee
84,Oudemolsedijk,2023-01-07,16:00:00,21,11,10,FMN GV 18 Kasterlee
84,Oudemolsedijk,2023-01-07,17:00:00,6,3,3,FMN GV 18 Kasterlee
84,Oudemolsedijk,2023-01-07,18:00:00,6,4,2,FMN GV 18 Kasterlee
84,Oudemolsedijk,2023-01-07,19:00:00,2,1,1,FMN GV 18 Kasterlee
84,Oudemolsedijk,2023-01-07,20:00:00,224,82,142,FMN GV 18 Kasterlee
84,Oudemolsedijk,2023-01-07,21:00:00,0,0,0,FMN GV 18 Kasterlee
84,Oudemolsedijk,2023-01-07,22:00:00,0,0,0,FMN GV 18 Kasterlee
84,Oudemolsedijk,2023-01-07,23:00:00,0,0,0,FMN GV 18 Kasterlee
84,Oudemolsedijk,2023-01-08,00:00:00,1,0,1,FMN GV 18 Kasterlee
84,Oudemolsedijk,2023-01-08,01:00:00,0,0,0,FMN GV 18 Kasterlee
84,Oudemolsedijk,2023-01-08,02:00:00,0,0,0,FMN GV 18 Kasterlee
84,Oudemolsedijk,2023-01-08,03:00:00,0,0,0,FMN GV 18 Kasterlee
84,Oudemolsedijk,2023-01-08,04:00:00,0,0,0,FMN GV 18 Kasterlee
84,Oudemolsedijk,2023-01-08,05:00:00,0,0,0,FMN GV 18 Kasterlee
84,Oudemolsedijk,2023-01-08,06:00:00,0,0,0,FMN GV 18 Kasterlee
84,Oudemolsedijk,2023-01-08,07:00:00,1,1,0,FMN GV 18 Kasterlee
84,Oudemolsedijk,2023-01-08,08:00:00,9,1,8,FMN GV 18 Kasterlee
84,Oudemolsedijk,2023-01-08,09:00:00,39,25,14,FMN GV 18 Kasterlee
84,Oudemolsedijk,2023-01-08,10:00:00,108,77,31,FMN GV 18 Kasterlee
84,Oudemolsedijk,2023-01-08,11:00:00,53,30,23,FMN GV 18 Kasterlee
84,Oudemolsedijk,2023-01-08,12:00:00,25,12,13,FMN GV 18 Kasterlee
84,Oudemolsedijk,2023-01-08,13:00:00,29,13,16,FMN GV 18 Kasterlee
84,Oudemolsedijk,2023-01-08,14:00:00,29,11,18,FMN GV 18 Kasterlee
84,Oudemolsedijk,2023-01-08,15:00:00,22,12,10,FMN GV 18 Kasterlee
84,Oudemolsedijk,2023-01-08,16:00:00,17,6,11,FMN GV 18 Kasterlee
84,Oudemolsedijk,2023-01-08,17:00:00,2,1,1,FMN GV 18 Kasterlee
84,Oudemolsedijk,2023-01-08,18:00:00,0,0,0,FMN GV 18 Kasterlee
84,Oudemolsedijk,2023-01-08,19:00:00,0,0,0,FMN GV 18 Kasterlee
84,Oudemolsedijk,2023-01-08,20:00:00,0,0,0,FMN GV 18 Kasterlee
84,Oudemolsedijk,2023-01-08,21:00:00,1,0,1,FMN GV 18 Kasterlee
84,Oudemolsedijk,2023-01-08,22:00:00,2,1,1,FMN GV 18 Kasterlee
84,Oudemolsedijk,2023-01-08,23:00:00,0,0,0,FMN GV 18 Kasterlee
84,Oudemolsedijk,2023-01-09,00:00:00,0,0,0,FMN GV 18 Kasterlee
84,Oudemolsedijk,2023-01-09,01:00:00,0,0,0,FMN GV 18 Kasterlee
84,Oudemolsedijk,2023-01-09,02:00:00,0,0,0,FMN GV 18 Kasterlee
84,Oudemolsedijk,2023-01-09,03:00:00,0,0,0,FMN GV 18 Kasterlee
84,Oudemolsedijk,2023-01-09,04:00:00,1,1,0,FMN GV 18 Kasterlee
84,Oudemolsedijk,2023-01-09,05:00:00,4,3,1,FMN GV 18 Kasterlee
84,Oudemolsedijk,2023-01-09,06:00:00,15,8,7,FMN GV 18 Kasterlee
84,Oudemolsedijk,2023-01-09,07:00:00,22,13,9,FMN GV 18 Kasterlee
84,Oudemolsedijk,2023-01-09,08:00:00,21,17,4,FMN GV 18 Kasterlee
84,Oudemolsedijk,2023-01-09,09:00:00,10,2,8,FMN GV 18 Kasterlee
84,Oudemolsedijk,2023-01-09,10:00:00,3,2,1,FMN GV 18 Kasterlee
84,Oudemolsedijk,2023-01-09,11:00:00,5,2,3,FMN GV 18 Kasterlee
84,Oudemolsedijk,2023-01-09,12:00:00,6,5,1,FMN GV 18 Kasterlee
84,Oudemolsedijk,2023-01-09,13:00:00,20,16,4,FMN GV 18 Kasterlee
84,Oudemolsedijk,2023-01-09,14:00:00,11,5,6,FMN GV 18 Kasterlee
84,Oudemolsedijk,2023-01-09,15:00:00,24,6,18,FMN GV 18 Kasterlee
84,Oudemolsedijk,2023-01-09,16:00:00,47,18,29,FMN GV 18 Kasterlee
84,Oudemolsedijk,2023-01-09,17:00:00,23,13,10,FMN GV 18 Kasterlee
84,Oudemolsedijk,2023-01-09,18:00:00,2,1,1,FMN GV 18 Kasterlee
84,Oudemolsedijk,2023-01-09,19:00:00,0,0,0,FMN GV 18 Kasterlee
84,Oudemolsedijk,2023-01-09,20:00:00,1,0,1,FMN GV 18 Kasterlee
84,Oudemolsedijk,2023-01-09,21:00:00,2,1,1,FMN GV 18 Kasterlee
84,Oudemolsedijk,2023-01-09,22:00:00,2,1,1,FMN GV 18 Kasterlee
84,Oudemolsedijk,2023-01-09,23:00:00,0,0,0,FMN GV 18 Kasterlee
84,Oudemolsedijk,2023-01-10,00:00:00,0,0,0,FMN GV 18 Kasterlee
84,Oudemolsedijk,2023-01-10,01:00:00,0,0,0,FMN GV 18 Kasterlee
84,Oudemolsedijk,2023-01-10,02:00:00,1,0,1,FMN GV 18 Kasterlee
84,Oudemolsedijk,2023-01-10,03:00:00,0,0,0,FMN GV 18 Kasterlee
84,Oudemolsedijk,2023-01-10,04:00:00,1,1,0,FMN GV 18 Kasterlee
84,Oudemolsedijk,2023-01-10,05:00:00,1,1,0,FMN GV 18 Kasterlee
84,Oudemolsedijk,2023-01-10,06:00:00,14,8,6,FMN GV 18 Kasterlee
84,Oudemolsedijk,2023-01-10,07:00:00,22,12,10,FMN GV 18 Kasterlee
84,Oudemolsedijk,2023-01-10,08:00:00,15,11,4,FMN GV 18 Kasterlee
84,Oudemolsedijk,2023-01-10,09:00:00,6,1,5,FMN GV 18 Kasterlee
84,Oudemolsedijk,2023-01-10,10:00:00,11,6,5,FMN GV 18 Kasterlee
84,Oudemolsedijk,2023-01-10,11:00:00,13,11,2,FMN GV 18 Kasterlee
84,Oudemolsedijk,2023-01-10,12:00:00,14,9,5,FMN GV 18 Kasterlee
84,Oudemolsedijk,2023-01-10,13:00:00,27,11,16,FMN GV 18 Kasterlee
84,Oudemolsedijk,2023-01-10,14:00:00,13,11,2,FMN GV 18 Kasterlee
84,Oudemolsedijk,2023-01-10,15:00:00,18,4,14,FMN GV 18 Kasterlee
84,Oudemolsedijk,2023-01-10,16:00:00,21,8,13,FMN GV 18 Kasterlee
84,Oudemolsedijk,2023-01-10,17:00:00,14,6,8,FMN GV 18 Kasterlee
84,Oudemolsedijk,2023-01-10,18:00:00,5,2,3,FMN GV 18 Kasterlee
84,Oudemolsedijk,2023-01-10,19:00:00,0,0,0,FMN GV 18 Kasterlee
84,Oudemolsedijk,2023-01-10,20:00:00,4,2,2,FMN GV 18 Kasterlee
84,Oudemolsedijk,2023-01-10,21:00:00,8,6,2,FMN GV 18 Kasterlee
84,Oudemolsedijk,2023-01-10,22:00:00,1,0,1,FMN GV 18 Kasterlee
84,Oudemolsedijk,2023-01-10,23:00:00,0,0,0,FMN GV 18 Kasterlee
84,Oudemolsedijk,2023-01-11,00:00:00,0,0,0,FMN GV 18 Kasterlee
84,Oudemolsedijk,2023-01-11,01:00:00,0,0,0,FMN GV 18 Kasterlee
84,Oudemolsedijk,2023-01-11,02:00:00,0,0,0,FMN GV 18 Kasterlee
84,Oudemolsedijk,2023-01-11,03:00:00,0,0,0,FMN GV 18 Kasterlee
84,Oudemolsedijk,2023-01-11,04:00:00,0,0,0,FMN GV 18 Kasterlee
84,Oudemolsedijk,2023-01-11,05:00:00,3,3,0,FMN GV 18 Kasterlee
84,Oudemolsedijk,2023-01-11,06:00:00,15,6,9,FMN GV 18 Kasterlee
84,Oudemolsedijk,2023-01-11,07:00:00,18,12,6,FMN GV 18 Kasterlee
84,Oudemolsedijk,2023-01-11,08:00:00,23,13,10,FMN GV 18 Kasterlee
84,Oudemolsedijk,2023-01-11,09:00:00,5,2,3,FMN GV 18 Kasterlee
84,Oudemolsedijk,2023-01-11,10:00:00,17,13,4,FMN GV 18 Kasterlee
84,Oudemolsedijk,2023-01-11,11:00:00,7,4,3,FMN GV 18 Kasterlee
84,Oudemolsedijk,2023-01-11,12:00:00,34,15,19,FMN GV 18 Kasterlee
84,Oudemolsedijk,2023-01-11,13:00:00,41,15,26,FMN GV 18 Kasterlee
84,Oudemolsedijk,2023-01-11,14:00:00,42,25,17,FMN GV 18 Kasterlee
84,Oudemolsedijk,2023-01-11,15:00:00,34,21,13,FMN GV 18 Kasterlee
84,Oudemolsedijk,2023-01-11,16:00:00,32,25,7,FMN GV 18 Kasterlee
84,Oudemolsedijk,2023-01-11,17:00:00,18,10,8,FMN GV 18 Kasterlee
84,Oudemolsedijk,2023-01-11,18:00:00,13,2,11,FMN GV 18 Kasterlee
84,Oudemolsedijk,2023-01-11,19:00:00,4,3,1,FMN GV 18 Kasterlee
84,Oudemolsedijk,2023-01-11,20:00:00,2,2,0,FMN GV 18 Kasterlee
84,Oudemolsedijk,2023-01-11,21:00:00,2,0,2,FMN GV 18 Kasterlee
84,Oudemolsedijk,2023-01-11,22:00:00,1,1,0,FMN GV 18 Kasterlee
84,Oudemolsedijk,2023-01-11,23:00:00,1,1,0,FMN GV 18 Kasterlee
84,Oudemolsedijk,2023-01-12,00:00:00,0,0,0,FMN GV 18 Kasterlee
84,Oudemolsedijk,2023-01-12,01:00:00,0,0,0,FMN GV 18 Kasterlee
84,Oudemolsedijk,2023-01-12,02:00:00,0,0,0,FMN GV 18 Kasterlee
84,Oudemolsedijk,2023-01-12,03:00:00,0,0,0,FMN GV 18 Kasterlee
84,Oudemolsedijk,2023-01-12,04:00:00,0,0,0,FMN GV 18 Kasterlee
84,Oudemolsedijk,2023-01-12,05:00:00,0,0,0,FMN GV 18 Kasterlee
84,Oudemolsedijk,2023-01-12,06:00:00,9,5,4,FMN GV 18 Kasterlee
84,Oudemolsedijk,2023-01-12,07:00:00,11,9,2,FMN GV 18 Kasterlee
84,Oudemolsedijk,2023-01-12,08:00:00,4,2,2,FMN GV 18 Kasterlee
84,Oudemolsedijk,2023-01-12,09:00:00,1,0,1,FMN GV 18 Kasterlee
84,Oudemolsedijk,2023-01-12,10:00:00,0,0,0,FMN GV 18 Kasterlee
84,Oudemolsedijk,2023-01-12,11:00:00,0,0,0,FMN GV 18 Kasterlee
84,Oudemolsedijk,2023-01-12,12:00:00,2,2,0,FMN GV 18 Kasterlee
84,Oudemolsedijk,2023-01-12,13:00:00,1,1,0,FMN GV 18 Kasterlee
84,Oudemolsedijk,2023-01-12,14:00:00,2,0,2,FMN GV 18 Kasterlee
84,Oudemolsedijk,2023-01-12,15:00:00,6,1,5,FMN GV 18 Kasterlee
84,Oudemolsedijk,2023-01-12,16:00:00,12,4,8,FMN GV 18 Kasterlee
84,Oudemolsedijk,2023-01-12,17:00:00,3,0,3,FMN GV 18 Kasterlee
84,Oudemolsedijk,2023-01-12,18:00:00,1,0,1,FMN GV 18 Kasterlee
84,Oudemolsedijk,2023-01-12,19:00:00,1,0,1,FMN GV 18 Kasterlee
84,Oudemolsedijk,2023-01-12,20:00:00,2,1,1,FMN GV 18 Kasterlee
84,Oudemolsedijk,2023-01-12,21:00:00,1,0,1,FMN GV 18 Kasterlee
84,Oudemolsedijk,2023-01-12,22:00:00,0,0,0,FMN GV 18 Kasterlee
84,Oudemolsedijk,2023-01-12,23:00:00,0,0,0,FMN GV 18 Kasterlee
84,Oudemolsedijk,2023-01-13,00:00:00,0,0,0,FMN GV 18 Kasterlee
84,Oudemolsedijk,2023-01-13,01:00:00,0,0,0,FMN GV 18 Kasterlee
84,Oudemolsedijk,2023-01-13,02:00:00,0,0,0,FMN GV 18 Kasterlee
84,Oudemolsedijk,2023-01-13,03:00:00,0,0,0,FMN GV 18 Kasterlee
84,Oudemolsedijk,2023-01-13,04:00:00,0,0,0,FMN GV 18 Kasterlee
84,Oudemolsedijk,2023-01-13,05:00:00,1,1,0,FMN GV 18 Kasterlee
84,Oudemolsedijk,2023-01-13,06:00:00,18,9,9,FMN GV 18 Kasterlee
84,Oudemolsedijk,2023-01-13,07:00:00,17,11,6,FMN GV 18 Kasterlee
84,Oudemolsedijk,2023-01-13,08:00:00,20,17,3,FMN GV 18 Kasterlee
84,Oudemolsedijk,2023-01-13,09:00:00,19,11,8,FMN GV 18 Kasterlee
84,Oudemolsedijk,2023-01-13,10:00:00,15,11,4,FMN GV 18 Kasterlee
84,Oudemolsedijk,2023-01-13,11:00:00,9,7,2,FMN GV 18 Kasterlee
84,Oudemolsedijk,2023-01-13,12:00:00,9,4,5,FMN GV 18 Kasterlee
84,Oudemolsedijk,2023-01-13,13:00:00,14,9,5,FMN GV 18 Kasterlee
84,Oudemolsedijk,2023-01-13,14:00:00,11,5,6,FMN GV 18 Kasterlee
84,Oudemolsedijk,2023-01-13,15:00:00,19,9,10,FMN GV 18 Kasterlee
84,Oudemolsedijk,2023-01-13,16:00:00,22,7,15,FMN GV 18 Kasterlee
84,Oudemolsedijk,2023-01-13,17:00:00,12,3,9,FMN GV 18 Kasterlee
84,Oudemolsedijk,2023-01-13,18:00:00,6,1,5,FMN GV 18 Kasterlee
84,Oudemolsedijk,2023-01-13,19:00:00,1,1,0,FMN GV 18 Kasterlee
84,Oudemolsedijk,2023-01-13,20:00:00,0,0,0,FMN GV 18 Kasterlee
84,Oudemolsedijk,2023-01-13,21:00:00,3,1,2,FMN GV 18 Kasterlee
84,Oudemolsedijk,2023-01-13,22:00:00,1,1,0,FMN GV 18 Kasterlee
84,Oudemolsedijk,2023-01-13,23:00:00,3,2,1,FMN GV 18 Kasterlee
84,Oudemolsedijk,2023-01-14,00:00:00,0,0,0,FMN GV 18 Kasterlee
84,Oudemolsedijk,2023-01-14,01:00:00,2,0,2,FMN GV 18 Kasterlee
84,Oudemolsedijk,2023-01-14,02:00:00,0,0,0,FMN GV 18 Kasterlee
84,Oudemolsedijk,2023-01-14,03:00:00,1,0,1,FMN GV 18 Kasterlee
84,Oudemolsedijk,2023-01-14,04:00:00,0,0,0,FMN GV 18 Kasterlee
84,Oudemolsedijk,2023-01-14,05:00:00,0,0,0,FMN GV 18 Kasterlee
84,Oudemolsedijk,2023-01-14,06:00:00,3,2,1,FMN GV 18 Kasterlee
84,Oudemolsedijk,2023-01-14,07:00:00,0,0,0,FMN GV 18 Kasterlee
84,Oudemolsedijk,2023-01-14,08:00:00,1,1,0,FMN GV 18 Kasterlee
84,Oudemolsedijk,2023-01-14,09:00:00,1,1,0,FMN GV 18 Kasterlee
84,Oudemolsedijk,2023-01-14,10:00:00,1,0,1,FMN GV 18 Kasterlee
84,Oudemolsedijk,2023-01-14,11:00:00,0,0,0,FMN GV 18 Kasterlee
84,Oudemolsedijk,2023-01-14,12:00:00,5,2,3,FMN GV 18 Kasterlee
84,Oudemolsedijk,2023-01-14,13:00:00,5,1,4,FMN GV 18 Kasterlee
84,Oudemolsedijk,2023-01-14,14:00:00,2,0,2,FMN GV 18 Kasterlee
84,Oudemolsedijk,2023-01-14,15:00:00,0,0,0,FMN GV 18 Kasterlee
84,Oudemolsedijk,2023-01-14,16:00:00,4,0,4,FMN GV 18 Kasterlee
84,Oudemolsedijk,2023-01-14,17:00:00,0,0,0,FMN GV 18 Kasterlee
84,Oudemolsedijk,2023-01-14,18:00:00,0,0,0,FMN GV 18 Kasterlee
84,Oudemolsedijk,2023-01-14,19:00:00,1,0,1,FMN GV 18 Kasterlee
84,Oudemolsedijk,2023-01-14,20:00:00,0,0,0,FMN GV 18 Kasterlee
84,Oudemolsedijk,2023-01-14,21:00:00,2,2,0,FMN GV 18 Kasterlee
84,Oudemolsedijk,2023-01-14,22:00:00,3,2,1,FMN GV 18 Kasterlee
84,Oudemolsedijk,2023-01-14,23:00:00,2,2,0,FMN GV 18 Kasterlee
84,Oudemolsedijk,2023-01-15,00:00:00,0,0,0,FMN GV 18 Kasterlee
84,Oudemolsedijk,2023-01-15,01:00:00,6,4,2,FMN GV 18 Kasterlee
84,Oudemolsedijk,2023-01-15,02:00:00,0,0,0,FMN GV 18 Kasterlee
84,Oudemolsedijk,2023-01-15,03:00:00,0,0,0,FMN GV 18 Kasterlee
84,Oudemolsedijk,2023-01-15,04:00:00,1,0,1,FMN GV 18 Kasterlee
84,Oudemolsedijk,2023-01-15,05:00:00,0,0,0,FMN GV 18 Kasterlee
84,Oudemolsedijk,2023-01-15,06:00:00,1,1,0,FMN GV 18 Kasterlee
84,Oudemolsedijk,2023-01-15,07:00:00,0,0,0,FMN GV 18 Kasterlee
84,Oudemolsedijk,2023-01-15,08:00:00,17,3,14,FMN GV 18 Kasterlee
84,Oudemolsedijk,2023-01-15,09:00:00,42,26,16,FMN GV 18 Kasterlee
84,Oudemolsedijk,2023-01-15,10:00:00,78,44,34,FMN GV 18 Kasterlee
84,Oudemolsedijk,2023-01-15,11:00:00,57,31,26,FMN GV 18 Kasterlee
84,Oudemolsedijk,2023-01-15,12:00:00,22,14,8,FMN GV 18 Kasterlee
84,Oudemolsedijk,2023-01-15,13:00:00,11,8,3,FMN GV 18 Kasterlee
84,Oudemolsedijk,2023-01-15,14:00:00,11,4,7,FMN GV 18 Kasterlee
84,Oudemolsedijk,2023-01-15,15:00:00,10,8,2,FMN GV 18 Kasterlee
84,Oudemolsedijk,2023-01-15,16:00:00,0,0,0,FMN GV 18 Kasterlee
84,Oudemolsedijk,2023-01-15,17:00:00,1,0,1,FMN GV 18 Kasterlee
84,Oudemolsedijk,2023-01-15,18:00:00,2,1,1,FMN GV 18 Kasterlee
84,Oudemolsedijk,2023-01-15,19:00:00,0,0,0,FMN GV 18 Kasterlee
84,Oudemolsedijk,2023-01-15,20:00:00,0,0,0,FMN GV 18 Kasterlee
84,Oudemolsedijk,2023-01-15,21:00:00,0,0,0,FMN GV 18 Kasterlee
84,Oudemolsedijk,2023-01-15,22:00:00,5,3,2,FMN GV 18 Kasterlee
84,Oudemolsedijk,2023-01-15,23:00:00,0,0,0,FMN GV 18 Kasterlee
84,Oudemolsedijk,2023-01-16,00:00:00,0,0,0,FMN GV 18 Kasterlee
84,Oudemolsedijk,2023-01-16,01:00:00,0,0,0,FMN GV 18 Kasterlee
84,Oudemolsedijk,2023-01-16,02:00:00,0,0,0,FMN GV 18 Kasterlee
84,Oudemolsedijk,2023-01-16,03:00:00,0,0,0,FMN GV 18 Kasterlee
84,Oudemolsedijk,2023-01-16,04:00:00,1,1,0,FMN GV 18 Kasterlee
84,Oudemolsedijk,2023-01-16,05:00:00,4,4,0,FMN GV 18 Kasterlee
84,Oudemolsedijk,2023-01-16,06:00:00,12,6,6,FMN GV 18 Kasterlee
84,Oudemolsedijk,2023-01-16,07:00:00,11,8,3,FMN GV 18 Kasterlee
84,Oudemolsedijk,2023-01-16,08:00:00,11,9,2,FMN GV 18 Kasterlee
84,Oudemolsedijk,2023-01-16,09:00:00,1,0,1,FMN GV 18 Kasterlee
84,Oudemolsedijk,2023-01-16,10:00:00,3,1,2,FMN GV 18 Kasterlee
84,Oudemolsedijk,2023-01-16,11:00:00,7,2,5,FMN GV 18 Kasterlee
84,Oudemolsedijk,2023-01-16,12:00:00,3,1,2,FMN GV 18 Kasterlee
84,Oudemolsedijk,2023-01-16,13:00:00,10,3,7,FMN GV 18 Kasterlee
84,Oudemolsedijk,2023-01-16,14:00:00,5,0,5,FMN GV 18 Kasterlee
84,Oudemolsedijk,2023-01-16,15:00:00,8,2,6,FMN GV 18 Kasterlee
84,Oudemolsedijk,2023-01-16,16:00:00,22,9,13,FMN GV 18 Kasterlee
84,Oudemolsedijk,2023-01-16,17:00:00,6,2,4,FMN GV 18 Kasterlee
84,Oudemolsedijk,2023-01-16,18:00:00,2,0,2,FMN GV 18 Kasterlee
84,Oudemolsedijk,2023-01-16,19:00:00,1,0,1,FMN GV 18 Kasterlee
84,Oudemolsedijk,2023-01-16,20:00:00,1,0,1,FMN GV 18 Kasterlee
84,Oudemolsedijk,2023-01-16,21:00:00,0,0,0,FMN GV 18 Kasterlee
84,Oudemolsedijk,2023-01-16,22:00:00,0,0,0,FMN GV 18 Kasterlee
84,Oudemolsedijk,2023-01-16,23:00:00,2,0,2,FMN GV 18 Kasterlee
84,Oudemolsedijk,2023-01-17,00:00:00,0,0,0,FMN GV 18 Kasterlee
84,Oudemolsedijk,2023-01-17,01:00:00,0,0,0,FMN GV 18 Kasterlee
84,Oudemolsedijk,2023-01-17,02:00:00,0,0,0,FMN GV 18 Kasterlee
84,Oudemolsedijk,2023-01-17,03:00:00,0,0,0,FMN GV 18 Kasterlee
84,Oudemolsedijk,2023-01-17,04:00:00,0,0,0,FMN GV 18 Kasterlee
84,Oudemolsedijk,2023-01-17,05:00:00,4,3,1,FMN GV 18 Kasterlee
84,Oudemolsedijk,2023-01-17,06:00:00,22,13,9,FMN GV 18 Kasterlee
84,Oudemolsedijk,2023-01-17,07:00:00,18,6,12,FMN GV 18 Kasterlee
84,Oudemolsedijk,2023-01-17,08:00:00,12,7,5,FMN GV 18 Kasterlee
84,Oudemolsedijk,2023-01-17,09:00:00,6,2,4,FMN GV 18 Kasterlee
84,Oudemolsedijk,2023-01-17,10:00:00,3,0,3,FMN GV 18 Kasterlee
84,Oudemolsedijk,2023-01-17,11:00:00,15,7,8,FMN GV 18 Kasterlee
84,Oudemolsedijk,2023-01-17,12:00:00,12,9,3,FMN GV 18 Kasterlee
84,Oudemolsedijk,2023-01-17,13:00:00,46,23,23,FMN GV 18 Kasterlee
84,Oudemolsedijk,2023-01-17,14:00:00,26,4,22,FMN GV 18 Kasterlee
84,Oudemolsedijk,2023-01-17,15:00:00,39,23,16,FMN GV 18 Kasterlee
84,Oudemolsedijk,2023-01-17,16:00:00,21,10,11,FMN GV 18 Kasterlee
84,Oudemolsedijk,2023-01-17,17:00:00,21,14,7,FMN GV 18 Kasterlee
84,Oudemolsedijk,2023-01-17,18:00:00,2,1,1,FMN GV 18 Kasterlee
84,Oudemolsedijk,2023-01-17,19:00:00,0,0,0,FMN GV 18 Kasterlee
84,Oudemolsedijk,2023-01-17,20:00:00,1,1,0,FMN GV 18 Kasterlee
84,Oudemolsedijk,2023-01-17,21:00:00,9,7,2,FMN GV 18 Kasterlee
84,Oudemolsedijk,2023-01-17,22:00:00,3,1,2,FMN GV 18 Kasterlee
84,Oudemolsedijk,2023-01-17,23:00:00,1,1,0,FMN GV 18 Kasterlee
84,Oudemolsedijk,2023-01-18,00:00:00,0,0,0,FMN GV 18 Kasterlee
84,Oudemolsedijk,2023-01-18,01:00:00,0,0,0,FMN GV 18 Kasterlee
84,Oudemolsedijk,2023-01-18,02:00:00,0,0,0,FMN GV 18 Kasterlee
84,Oudemolsedijk,2023-01-18,03:00:00,0,0,0,FMN GV 18 Kasterlee
84,Oudemolsedijk,2023-01-18,04:00:00,1,0,1,FMN GV 18 Kasterlee
84,Oudemolsedijk,2023-01-18,05:00:00,2,2,0,FMN GV 18 Kasterlee
84,Oudemolsedijk,2023-01-18,06:00:00,16,10,6,FMN GV 18 Kasterlee
84,Oudemolsedijk,2023-01-18,07:00:00,17,9,8,FMN GV 18 Kasterlee
84,Oudemolsedijk,2023-01-18,08:00:00,15,10,5,FMN GV 18 Kasterlee
84,Oudemolsedijk,2023-01-18,09:00:00,6,3,3,FMN GV 18 Kasterlee
84,Oudemolsedijk,2023-01-18,10:00:00,4,3,1,FMN GV 18 Kasterlee
84,Oudemolsedijk,2023-01-18,11:00:00,6,2,4,FMN GV 18 Kasterlee
84,Oudemolsedijk,2023-01-18,12:00:00,20,4,16,FMN GV 18 Kasterlee
84,Oudemolsedijk,2023-01-18,13:00:00,23,14,9,FMN GV 18 Kasterlee
84,Oudemolsedijk,2023-01-18,14:00:00,25,14,11,FMN GV 18 Kasterlee
84,Oudemolsedijk,2023-01-18,15:00:00,20,10,10,FMN GV 18 Kasterlee
84,Oudemolsedijk,2023-01-18,16:00:00,26,17,9,FMN GV 18 Kasterlee
84,Oudemolsedijk,2023-01-18,17:00:00,11,5,6,FMN GV 18 Kasterlee
84,Oudemolsedijk,2023-01-18,18:00:00,7,3,4,FMN GV 18 Kasterlee
84,Oudemolsedijk,2023-01-18,19:00:00,5,3,2,FMN GV 18 Kasterlee
84,Oudemolsedijk,2023-01-18,20:00:00,17,9,8,FMN GV 18 Kasterlee
84,Oudemolsedijk,2023-01-18,21:00:00,2,1,1,FMN GV 18 Kasterlee
84,Oudemolsedijk,2023-01-18,22:00:00,3,0,3,FMN GV 18 Kasterlee
84,Oudemolsedijk,2023-01-18,23:00:00,0,0,0,FMN GV 18 Kasterlee
84,Oudemolsedijk,2023-01-19,00:00:00,0,0,0,FMN GV 18 Kasterlee
84,Oudemolsedijk,2023-01-19,01:00:00,0,0,0,FMN GV 18 Kasterlee
84,Oudemolsedijk,2023-01-19,02:00:00,0,0,0,FMN GV 18 Kasterlee
84,Oudemolsedijk,2023-01-19,03:00:00,0,0,0,FMN GV 18 Kasterlee
84,Oudemolsedijk,2023-01-19,04:00:00,0,0,0,FMN GV 18 Kasterlee
84,Oudemolsedijk,2023-01-19,05:00:00,2,2,0,FMN GV 18 Kasterlee
84,Oudemolsedijk,2023-01-19,06:00:00,14,2,12,FMN GV 18 Kasterlee
84,Oudemolsedijk,2023-01-19,07:00:00,12,7,5,FMN GV 18 Kasterlee
84,Oudemolsedijk,2023-01-19,08:00:00,9,7,2,FMN GV 18 Kasterlee
84,Oudemolsedijk,2023-01-19,09:00:00,3,1,2,FMN GV 18 Kasterlee
84,Oudemolsedijk,2023-01-19,10:00:00,2,2,0,FMN GV 18 Kasterlee
84,Oudemolsedijk,2023-01-19,11:00:00,1,0,1,FMN GV 18 Kasterlee
84,Oudemolsedijk,2023-01-19,12:00:00,11,8,3,FMN GV 18 Kasterlee
84,Oudemolsedijk,2023-01-19,13:00:00,11,7,4,FMN GV 18 Kasterlee
84,Oudemolsedijk,2023-01-19,14:00:00,11,4,7,FMN GV 18 Kasterlee
84,Oudemolsedijk,2023-01-19,15:00:00,10,4,6,FMN GV 18 Kasterlee
84,Oudemolsedijk,2023-01-19,16:00:00,16,7,9,FMN GV 18 Kasterlee
84,Oudemolsedijk,2023-01-19,17:00:00,12,9,3,FMN GV 18 Kasterlee
84,Oudemolsedijk,2023-01-19,18:00:00,4,2,2,FMN GV 18 Kasterlee
84,Oudemolsedijk,2023-01-19,19:00:00,1,1,0,FMN GV 18 Kasterlee
84,Oudemolsedijk,2023-01-19,20:00:00,0,0,0,FMN GV 18 Kasterlee
84,Oudemolsedijk,2023-01-19,21:00:00,1,0,1,FMN GV 18 Kasterlee
84,Oudemolsedijk,2023-01-19,22:00:00,2,0,2,FMN GV 18 Kasterlee
84,Oudemolsedijk,2023-01-19,23:00:00,1,0,1,FMN GV 18 Kasterlee
84,Oudemolsedijk,2023-01-20,00:00:00,0,0,0,FMN GV 18 Kasterlee
84,Oudemolsedijk,2023-01-20,01:00:00,0,0,0,FMN GV 18 Kasterlee
84,Oudemolsedijk,2023-01-20,02:00:00,0,0,0,FMN GV 18 Kasterlee
84,Oudemolsedijk,2023-01-20,03:00:00,0,0,0,FMN GV 18 Kasterlee
84,Oudemolsedijk,2023-01-20,04:00:00,0,0,0,FMN GV 18 Kasterlee
84,Oudemolsedijk,2023-01-20,05:00:00,4,4,0,FMN GV 18 Kasterlee
84,Oudemolsedijk,2023-01-20,06:00:00,9,5,4,FMN GV 18 Kasterlee
84,Oudemolsedijk,2023-01-20,07:00:00,8,2,6,FMN GV 18 Kasterlee
84,Oudemolsedijk,2023-01-20,08:00:00,7,4,3,FMN GV 18 Kasterlee
84,Oudemolsedijk,2023-01-20,09:00:00,1,1,0,FMN GV 18 Kasterlee
84,Oudemolsedijk,2023-01-20,10:00:00,0,0,0,FMN GV 18 Kasterlee
84,Oudemolsedijk,2023-01-20,11:00:00,0,0,0,FMN GV 18 Kasterlee
84,Oudemolsedijk,2023-01-20,12:00:00,1,0,1,FMN GV 18 Kasterlee
84,Oudemolsedijk,2023-01-20,13:00:00,3,2,1,FMN GV 18 Kasterlee
84,Oudemolsedijk,2023-01-20,14:00:00,6,3,3,FMN GV 18 Kasterlee
84,Oudemolsedijk,2023-01-20,15:00:00,7,2,5,FMN GV 18 Kasterlee
84,Oudemolsedijk,2023-01-20,16:00:00,7,4,3,FMN GV 18 Kasterlee
84,Oudemolsedijk,2023-01-20,17:00:00,4,2,2,FMN GV 18 Kasterlee
84,Oudemolsedijk,2023-01-20,18:00:00,1,1,0,FMN GV 18 Kasterlee
84,Oudemolsedijk,2023-01-20,19:00:00,0,0,0,FMN GV 18 Kasterlee
84,Oudemolsedijk,2023-01-20,20:00:00,3,3,0,FMN GV 18 Kasterlee
84,Oudemolsedijk,2023-01-20,21:00:00,1,0,1,FMN GV 18 Kasterlee
84,Oudemolsedijk,2023-01-20,22:00:00,0,0,0,FMN GV 18 Kasterlee
84,Oudemolsedijk,2023-01-20,23:00:00,0,0,0,FMN GV 18 Kasterlee
84,Oudemolsedijk,2023-01-21,00:00:00,1,1,0,FMN GV 18 Kasterlee
84,Oudemolsedijk,2023-01-21,01:00:00,1,0,1,FMN GV 18 Kasterlee
84,Oudemolsedijk,2023-01-21,02:00:00,0,0,0,FMN GV 18 Kasterlee
84,Oudemolsedijk,2023-01-21,03:00:00,0,0,0,FMN GV 18 Kasterlee
84,Oudemolsedijk,2023-01-21,04:00:00,0,0,0,FMN GV 18 Kasterlee
84,Oudemolsedijk,2023-01-21,05:00:00,2,2,0,FMN GV 18 Kasterlee
84,Oudemolsedijk,2023-01-21,06:00:00,1,0,1,FMN GV 18 Kasterlee
84,Oudemolsedijk,2023-01-21,07:00:00,0,0,0,FMN GV 18 Kasterlee
84,Oudemolsedijk,2023-01-21,08:00:00,0,0,0,FMN GV 18 Kasterlee
84,Oudemolsedijk,2023-01-21,09:00:00,1,1,0,FMN GV 18 Kasterlee
84,Oudemolsedijk,2023-01-21,10:00:00,3,2,1,FMN GV 18 Kasterlee
84,Oudemolsedijk,2023-01-21,11:00:00,0,0,0,FMN GV 18 Kasterlee
84,Oudemolsedijk,2023-01-21,12:00:00,1,1,0,FMN GV 18 Kasterlee
84,Oudemolsedijk,2023-01-21,13:00:00,2,2,0,FMN GV 18 Kasterlee
84,Oudemolsedijk,2023-01-21,14:00:00,3,1,2,FMN GV 18 Kasterlee
84,Oudemolsedijk,2023-01-21,15:00:00,0,0,0,FMN GV 18 Kasterlee
84,Oudemolsedijk,2023-01-21,16:00:00,2,0,2,FMN GV 18 Kasterlee
84,Oudemolsedijk,2023-01-21,17:00:00,2,0,2,FMN GV 18 Kasterlee
84,Oudemolsedijk,2023-01-21,18:00:00,0,0,0,FMN GV 18 Kasterlee
84,Oudemolsedijk,2023-01-21,19:00:00,0,0,0,FMN GV 18 Kasterlee
84,Oudemolsedijk,2023-01-21,20:00:00,0,0,0,FMN GV 18 Kasterlee
84,Oudemolsedijk,2023-01-21,21:00:00,1,1,0,FMN GV 18 Kasterlee
84,Oudemolsedijk,2023-01-21,22:00:00,0,0,0,FMN GV 18 Kasterlee
84,Oudemolsedijk,2023-01-21,23:00:00,0,0,0,FMN GV 18 Kasterlee
84,Oudemolsedijk,2023-01-22,00:00:00,0,0,0,FMN GV 18 Kasterlee
84,Oudemolsedijk,2023-01-22,01:00:00,0,0,0,FMN GV 18 Kasterlee
84,Oudemolsedijk,2023-01-22,02:00:00,0,0,0,FMN GV 18 Kasterlee
84,Oudemolsedijk,2023-01-22,03:00:00,0,0,0,FMN GV 18 Kasterlee
84,Oudemolsedijk,2023-01-22,04:00:00,0,0,0,FMN GV 18 Kasterlee
84,Oudemolsedijk,2023-01-22,05:00:00,0,0,0,FMN GV 18 Kasterlee
84,Oudemolsedijk,2023-01-22,06:00:00,0,0,0,FMN GV 18 Kasterlee
84,Oudemolsedijk,2023-01-22,07:00:00,4,2,2,FMN GV 18 Kasterlee
84,Oudemolsedijk,2023-01-22,08:00:00,1,0,1,FMN GV 18 Kasterlee
84,Oudemolsedijk,2023-01-22,09:00:00,3,2,1,FMN GV 18 Kasterlee
84,Oudemolsedijk,2023-01-22,10:00:00,1,0,1,FMN GV 18 Kasterlee
84,Oudemolsedijk,2023-01-22,11:00:00,10,1,9,FMN GV 18 Kasterlee
84,Oudemolsedijk,2023-01-22,12:00:00,4,1,3,FMN GV 18 Kasterlee
84,Oudemolsedijk,2023-01-22,13:00:00,5,2,3,FMN GV 18 Kasterlee
84,Oudemolsedijk,2023-01-22,14:00:00,0,0,0,FMN GV 18 Kasterlee
84,Oudemolsedijk,2023-01-22,15:00:00,5,4,1,FMN GV 18 Kasterlee
84,Oudemolsedijk,2023-01-22,16:00:00,2,1,1,FMN GV 18 Kasterlee
84,Oudemolsedijk,2023-01-22,17:00:00,1,0,1,FMN GV 18 Kasterlee
84,Oudemolsedijk,2023-01-22,18:00:00,1,0,1,FMN GV 18 Kasterlee
84,Oudemolsedijk,2023-01-22,19:00:00,0,0,0,FMN GV 18 Kasterlee
84,Oudemolsedijk,2023-01-22,20:00:00,0,0,0,FMN GV 18 Kasterlee
84,Oudemolsedijk,2023-01-22,21:00:00,0,0,0,FMN GV 18 Kasterlee
84,Oudemolsedijk,2023-01-22,22:00:00,0,0,0,FMN GV 18 Kasterlee
84,Oudemolsedijk,2023-01-22,23:00:00,0,0,0,FMN GV 18 Kasterlee
84,Oudemolsedijk,2023-01-23,00:00:00,0,0,0,FMN GV 18 Kasterlee
84,Oudemolsedijk,2023-01-23,01:00:00,0,0,0,FMN GV 18 Kasterlee
84,Oudemolsedijk,2023-01-23,02:00:00,0,0,0,FMN GV 18 Kasterlee
84,Oudemolsedijk,2023-01-23,03:00:00,0,0,0,FMN GV 18 Kasterlee
84,Oudemolsedijk,2023-01-23,04:00:00,1,1,0,FMN GV 18 Kasterlee
84,Oudemolsedijk,2023-01-23,05:00:00,4,4,0,FMN GV 18 Kasterlee
84,Oudemolsedijk,2023-01-23,06:00:00,8,2,6,FMN GV 18 Kasterlee
84,Oudemolsedijk,2023-01-23,07:00:00,9,5,4,FMN GV 18 Kasterlee
84,Oudemolsedijk,2023-01-23,08:00:00,7,5,2,FMN GV 18 Kasterlee
84,Oudemolsedijk,2023-01-23,09:00:00,2,0,2,FMN GV 18 Kasterlee
84,Oudemolsedijk,2023-01-23,10:00:00,3,1,2,FMN GV 18 Kasterlee
84,Oudemolsedijk,2023-01-23,11:00:00,2,1,1,FMN GV 18 Kasterlee
84,Oudemolsedijk,2023-01-23,12:00:00,4,2,2,FMN GV 18 Kasterlee
84,Oudemolsedijk,2023-01-23,13:00:00,2,1,1,FMN GV 18 Kasterlee
84,Oudemolsedijk,2023-01-23,14:00:00,6,3,3,FMN GV 18 Kasterlee
84,Oudemolsedijk,2023-01-23,15:00:00,7,2,5,FMN GV 18 Kasterlee
84,Oudemolsedijk,2023-01-23,16:00:00,11,3,8,FMN GV 18 Kasterlee
84,Oudemolsedijk,2023-01-23,17:00:00,11,8,3,FMN GV 18 Kasterlee
84,Oudemolsedijk,2023-01-23,18:00:00,1,0,1,FMN GV 18 Kasterlee
84,Oudemolsedijk,2023-01-23,19:00:00,4,2,2,FMN GV 18 Kasterlee
84,Oudemolsedijk,2023-01-23,20:00:00,1,0,1,FMN GV 18 Kasterlee
84,Oudemolsedijk,2023-01-23,21:00:00,1,1,0,FMN GV 18 Kasterlee
84,Oudemolsedijk,2023-01-23,22:00:00,0,0,0,FMN GV 18 Kasterlee
84,Oudemolsedijk,2023-01-23,23:00:00,0,0,0,FMN GV 18 Kasterlee
84,Oudemolsedijk,2023-01-24,00:00:00,0,0,0,FMN GV 18 Kasterlee
84,Oudemolsedijk,2023-01-24,01:00:00,0,0,0,FMN GV 18 Kasterlee
84,Oudemolsedijk,2023-01-24,02:00:00,0,0,0,FMN GV 18 Kasterlee
84,Oudemolsedijk,2023-01-24,03:00:00,0,0,0,FMN GV 18 Kasterlee
84,Oudemolsedijk,2023-01-24,04:00:00,3,3,0,FMN GV 18 Kasterlee
84,Oudemolsedijk,2023-01-24,05:00:00,4,4,0,FMN GV 18 Kasterlee
84,Oudemolsedijk,2023-01-24,06:00:00,15,8,7,FMN GV 18 Kasterlee
84,Oudemolsedijk,2023-01-24,07:00:00,15,9,6,FMN GV 18 Kasterlee
84,Oudemolsedijk,2023-01-24,08:00:00,13,9,4,FMN GV 18 Kasterlee
84,Oudemolsedijk,2023-01-24,09:00:00,6,3,3,FMN GV 18 Kasterlee
84,Oudemolsedijk,2023-01-24,10:00:00,3,1,2,FMN GV 18 Kasterlee
84,Oudemolsedijk,2023-01-24,11:00:00,10,10,0,FMN GV 18 Kasterlee
84,Oudemolsedijk,2023-01-24,12:00:00,8,7,1,FMN GV 18 Kasterlee
84,Oudemolsedijk,2023-01-24,13:00:00,20,5,15,FMN GV 18 Kasterlee
84,Oudemolsedijk,2023-01-24,14:00:00,20,8,12,FMN GV 18 Kasterlee
84,Oudemolsedijk,2023-01-24,15:00:00,20,8,12,FMN GV 18 Kasterlee
84,Oudemolsedijk,2023-01-24,16:00:00,19,6,13,FMN GV 18 Kasterlee
84,Oudemolsedijk,2023-01-24,17:00:00,17,7,10,FMN GV 18 Kasterlee
84,Oudemolsedijk,2023-01-24,18:00:00,4,2,2,FMN GV 18 Kasterlee
84,Oudemolsedijk,2023-01-24,19:00:00,3,1,2,FMN GV 18 Kasterlee
84,Oudemolsedijk,2023-01-24,20:00:00,4,2,2,FMN GV 18 Kasterlee
84,Oudemolsedijk,2023-01-24,21:00:00,7,7,0,FMN GV 18 Kasterlee
84,Oudemolsedijk,2023-01-24,22:00:00,3,0,3,FMN GV 18 Kasterlee
84,Oudemolsedijk,2023-01-24,23:00:00,1,1,0,FMN GV 18 Kasterlee
84,Oudemolsedijk,2023-01-25,00:00:00,0,0,0,FMN GV 18 Kasterlee
84,Oudemolsedijk,2023-01-25,01:00:00,0,0,0,FMN GV 18 Kasterlee
84,Oudemolsedijk,2023-01-25,02:00:00,0,0,0,FMN GV 18 Kasterlee
84,Oudemolsedijk,2023-01-25,03:00:00,0,0,0,FMN GV 18 Kasterlee
84,Oudemolsedijk,2023-01-25,04:00:00,3,3,0,FMN GV 18 Kasterlee
84,Oudemolsedijk,2023-01-25,05:00:00,4,4,0,FMN GV 18 Kasterlee
84,Oudemolsedijk,2023-01-25,06:00:00,15,8,7,FMN GV 18 Kasterlee
84,Oudemolsedijk,2023-01-25,07:00:00,11,4,7,FMN GV 18 Kasterlee
84,Oudemolsedijk,2023-01-25,08:00:00,25,19,6,FMN GV 18 Kasterlee
84,Oudemolsedijk,2023-01-25,09:00:00,5,3,2,FMN GV 18 Kasterlee
84,Oudemolsedijk,2023-01-25,10:00:00,2,2,0,FMN GV 18 Kasterlee
84,Oudemolsedijk,2023-01-25,11:00:00,5,2,3,FMN GV 18 Kasterlee
84,Oudemolsedijk,2023-01-25,12:00:00,18,5,13,FMN GV 18 Kasterlee
84,Oudemolsedijk,2023-01-25,13:00:00,14,10,4,FMN GV 18 Kasterlee
84,Oudemolsedijk,2023-01-25,14:00:00,10,3,7,FMN GV 18 Kasterlee
84,Oudemolsedijk,2023-01-25,15:00:00,18,11,7,FMN GV 18 Kasterlee
84,Oudemolsedijk,2023-01-25,16:00:00,16,7,9,FMN GV 18 Kasterlee
84,Oudemolsedijk,2023-01-25,17:00:00,12,5,7,FMN GV 18 Kasterlee
84,Oudemolsedijk,2023-01-25,18:00:00,3,1,2,FMN GV 18 Kasterlee
84,Oudemolsedijk,2023-01-25,19:00:00,3,2,1,FMN GV 18 Kasterlee
84,Oudemolsedijk,2023-01-25,20:00:00,20,13,7,FMN GV 18 Kasterlee
84,Oudemolsedijk,2023-01-25,21:00:00,1,1,0,FMN GV 18 Kasterlee
84,Oudemolsedijk,2023-01-25,22:00:00,5,4,1,FMN GV 18 Kasterlee
84,Oudemolsedijk,2023-01-25,23:00:00,0,0,0,FMN GV 18 Kasterlee
84,Oudemolsedijk,2023-01-26,00:00:00,0,0,0,FMN GV 18 Kasterlee
84,Oudemolsedijk,2023-01-26,01:00:00,0,0,0,FMN GV 18 Kasterlee
84,Oudemolsedijk,2023-01-26,02:00:00,0,0,0,FMN GV 18 Kasterlee
84,Oudemolsedijk,2023-01-26,03:00:00,0,0,0,FMN GV 18 Kasterlee
84,Oudemolsedijk,2023-01-26,04:00:00,0,0,0,FMN GV 18 Kasterlee
84,Oudemolsedijk,2023-01-26,05:00:00,3,3,0,FMN GV 18 Kasterlee
84,Oudemolsedijk,2023-01-26,06:00:00,8,2,6,FMN GV 18 Kasterlee
84,Oudemolsedijk,2023-01-26,07:00:00,16,10,6,FMN GV 18 Kasterlee
84,Oudemolsedijk,2023-01-26,08:00:00,13,9,4,FMN GV 18 Kasterlee
84,Oudemolsedijk,2023-01-26,09:00:00,2,1,1,FMN GV 18 Kasterlee
84,Oudemolsedijk,2023-01-26,10:00:00,2,2,0,FMN GV 18 Kasterlee
84,Oudemolsedijk,2023-01-26,11:00:00,0,0,0,FMN GV 18 Kasterlee
84,Oudemolsedijk,2023-01-26,12:00:00,10,3,7,FMN GV 18 Kasterlee
84,Oudemolsedijk,2023-01-26,13:00:00,25,16,9,FMN GV 18 Kasterlee
84,Oudemolsedijk,2023-01-26,14:00:00,28,6,22,FMN GV 18 Kasterlee
84,Oudemolsedijk,2023-01-26,15:00:00,20,11,9,FMN GV 18 Kasterlee
84,Oudemolsedijk,2023-01-26,16:00:00,23,10,13,FMN GV 18 Kasterlee
84,Oudemolsedijk,2023-01-26,17:00:00,10,5,5,FMN GV 18 Kasterlee
84,Oudemolsedijk,2023-01-26,18:00:00,5,1,4,FMN GV 18 Kasterlee
84,Oudemolsedijk,2023-01-26,19:00:00,5,3,2,FMN GV 18 Kasterlee
84,Oudemolsedijk,2023-01-26,20:00:00,2,1,1,FMN GV 18 Kasterlee
84,Oudemolsedijk,2023-01-26,21:00:00,1,1,0,FMN GV 18 Kasterlee
84,Oudemolsedijk,2023-01-26,22:00:00,0,0,0,FMN GV 18 Kasterlee
84,Oudemolsedijk,2023-01-26,23:00:00,0,0,0,FMN GV 18 Kasterlee
84,Oudemolsedijk,2023-01-27,00:00:00,1,1,0,FMN GV 18 Kasterlee
84,Oudemolsedijk,2023-01-27,01:00:00,2,0,2,FMN GV 18 Kasterlee
84,Oudemolsedijk,2023-01-27,02:00:00,0,0,0,FMN GV 18 Kasterlee
84,Oudemolsedijk,2023-01-27,03:00:00,0,0,0,FMN GV 18 Kasterlee
84,Oudemolsedijk,2023-01-27,04:00:00,1,0,1,FMN GV 18 Kasterlee
84,Oudemolsedijk,2023-01-27,05:00:00,4,4,0,FMN GV 18 Kasterlee
84,Oudemolsedijk,2023-01-27,06:00:00,14,7,7,FMN GV 18 Kasterlee
84,Oudemolsedijk,2023-01-27,07:00:00,14,9,5,FMN GV 18 Kasterlee
84,Oudemolsedijk,2023-01-27,08:00:00,16,14,2,FMN GV 18 Kasterlee
84,Oudemolsedijk,2023-01-27,09:00:00,14,6,8,FMN GV 18 Kasterlee
84,Oudemolsedijk,2023-01-27,10:00:00,8,4,4,FMN GV 18 Kasterlee
84,Oudemolsedijk,2023-01-27,11:00:00,14,9,5,FMN GV 18 Kasterlee
84,Oudemolsedijk,2023-01-27,12:00:00,13,11,2,FMN GV 18 Kasterlee
84,Oudemolsedijk,2023-01-27,13:00:00,22,11,11,FMN GV 18 Kasterlee
84,Oudemolsedijk,2023-01-27,14:00:00,19,5,14,FMN GV 18 Kasterlee
84,Oudemolsedijk,2023-01-27,15:00:00,26,12,14,FMN GV 18 Kasterlee
84,Oudemolsedijk,2023-01-27,16:00:00,23,15,8,FMN GV 18 Kasterlee
84,Oudemolsedijk,2023-01-27,17:00:00,13,7,6,FMN GV 18 Kasterlee
84,Oudemolsedijk,2023-01-27,18:00:00,18,4,14,FMN GV 18 Kasterlee
84,Oudemolsedijk,2023-01-27,19:00:00,2,0,2,FMN GV 18 Kasterlee
84,Oudemolsedijk,2023-01-27,20:00:00,1,1,0,FMN GV 18 Kasterlee
84,Oudemolsedijk,2023-01-27,21:00:00,0,0,0,FMN GV 18 Kasterlee
84,Oudemolsedijk,2023-01-27,22:00:00,0,0,0,FMN GV 18 Kasterlee
84,Oudemolsedijk,2023-01-27,23:00:00,1,0,1,FMN GV 18 Kasterlee
84,Oudemolsedijk,2023-01-28,00:00:00,5,5,0,FMN GV 18 Kasterlee
84,Oudemolsedijk,2023-01-28,01:00:00,0,0,0,FMN GV 18 Kasterlee
84,Oudemolsedijk,2023-01-28,02:00:00,2,0,2,FMN GV 18 Kasterlee
84,Oudemolsedijk,2023-01-28,03:00:00,0,0,0,FMN GV 18 Kasterlee
84,Oudemolsedijk,2023-01-28,04:00:00,0,0,0,FMN GV 18 Kasterlee
84,Oudemolsedijk,2023-01-28,05:00:00,0,0,0,FMN GV 18 Kasterlee
84,Oudemolsedijk,2023-01-28,06:00:00,1,0,1,FMN GV 18 Kasterlee
84,Oudemolsedijk,2023-01-28,07:00:00,1,0,1,FMN GV 18 Kasterlee
84,Oudemolsedijk,2023-01-28,08:00:00,5,2,3,FMN GV 18 Kasterlee
84,Oudemolsedijk,2023-01-28,09:00:00,8,2,6,FMN GV 18 Kasterlee
84,Oudemolsedijk,2023-01-28,10:00:00,44,34,10,FMN GV 18 Kasterlee
84,Oudemolsedijk,2023-01-28,11:00:00,76,55,21,FMN GV 18 Kasterlee
84,Oudemolsedijk,2023-01-28,12:00:00,38,14,24,FMN GV 18 Kasterlee
84,Oudemolsedijk,2023-01-28,13:00:00,46,28,18,FMN GV 18 Kasterlee
84,Oudemolsedijk,2023-01-28,14:00:00,59,21,38,FMN GV 18 Kasterlee
84,Oudemolsedijk,2023-01-28,15:00:00,62,34,28,FMN GV 18 Kasterlee
84,Oudemolsedijk,2023-01-28,16:00:00,34,26,8,FMN GV 18 Kasterlee
84,Oudemolsedijk,2023-01-28,17:00:00,8,5,3,FMN GV 18 Kasterlee
84,Oudemolsedijk,2023-01-28,18:00:00,3,2,1,FMN GV 18 Kasterlee
84,Oudemolsedijk,2023-01-28,19:00:00,0,0,0,FMN GV 18 Kasterlee
84,Oudemolsedijk,2023-01-28,20:00:00,2,2,0,FMN GV 18 Kasterlee
84,Oudemolsedijk,2023-01-28,21:00:00,0,0,0,FMN GV 18 Kasterlee
84,Oudemolsedijk,2023-01-28,22:00:00,0,0,0,FMN GV 18 Kasterlee
84,Oudemolsedijk,2023-01-28,23:00:00,0,0,0,FMN GV 18 Kasterlee
84,Oudemolsedijk,2023-01-29,00:00:00,0,0,0,FMN GV 18 Kasterlee
84,Oudemolsedijk,2023-01-29,01:00:00,1,0,1,FMN GV 18 Kasterlee
84,Oudemolsedijk,2023-01-29,02:00:00,1,1,0,FMN GV 18 Kasterlee
84,Oudemolsedijk,2023-01-29,03:00:00,0,0,0,FMN GV 18 Kasterlee
84,Oudemolsedijk,2023-01-29,04:00:00,0,0,0,FMN GV 18 Kasterlee
84,Oudemolsedijk,2023-01-29,05:00:00,1,1,0,FMN GV 18 Kasterlee
84,Oudemolsedijk,2023-01-29,06:00:00,1,1,0,FMN GV 18 Kasterlee
84,Oudemolsedijk,2023-01-29,07:00:00,1,1,0,FMN GV 18 Kasterlee
84,Oudemolsedijk,2023-01-29,08:00:00,2,0,2,FMN GV 18 Kasterlee
84,Oudemolsedijk,2023-01-29,09:00:00,14,5,9,FMN GV 18 Kasterlee
84,Oudemolsedijk,2023-01-29,10:00:00,36,19,17,FMN GV 18 Kasterlee
84,Oudemolsedijk,2023-01-29,11:00:00,38,23,15,FMN GV 18 Kasterlee
84,Oudemolsedijk,2023-01-29,12:00:00,16,10,6,FMN GV 18 Kasterlee
84,Oudemolsedijk,2023-01-29,13:00:00,10,9,1,FMN GV 18 Kasterlee
84,Oudemolsedijk,2023-01-29,14:00:00,22,10,12,FMN GV 18 Kasterlee
84,Oudemolsedijk,2023-01-29,15:00:00,12,6,6,FMN GV 18 Kasterlee
84,Oudemolsedijk,2023-01-29,16:00:00,6,1,5,FMN GV 18 Kasterlee
84,Oudemolsedijk,2023-01-29,17:00:00,7,5,2,FMN GV 18 Kasterlee
84,Oudemolsedijk,2023-01-29,18:00:00,2,2,0,FMN GV 18 Kasterlee
84,Oudemolsedijk,2023-01-29,19:00:00,1,0,1,FMN GV 18 Kasterlee
84,Oudemolsedijk,2023-01-29,20:00:00,1,0,1,FMN GV 18 Kasterlee
84,Oudemolsedijk,2023-01-29,21:00:00,1,1,0,FMN GV 18 Kasterlee
84,Oudemolsedijk,2023-01-29,22:00:00,3,1,2,FMN GV 18 Kasterlee
84,Oudemolsedijk,2023-01-29,23:00:00,0,0,0,FMN GV 18 Kasterlee
84,Oudemolsedijk,2023-01-30,00:00:00,0,0,0,FMN GV 18 Kasterlee
84,Oudemolsedijk,2023-01-30,01:00:00,0,0,0,FMN GV 18 Kasterlee
84,Oudemolsedijk,2023-01-30,02:00:00,0,0,0,FMN GV 18 Kasterlee
84,Oudemolsedijk,2023-01-30,03:00:00,1,1,0,FMN GV 18 Kasterlee
84,Oudemolsedijk,2023-01-30,04:00:00,0,0,0,FMN GV 18 Kasterlee
84,Oudemolsedijk,2023-01-30,05:00:00,3,3,0,FMN GV 18 Kasterlee
84,Oudemolsedijk,2023-01-30,06:00:00,15,7,8,FMN GV 18 Kasterlee
84,Oudemolsedijk,2023-01-30,07:00:00,21,14,7,FMN GV 18 Kasterlee
84,Oudemolsedijk,2023-01-30,08:00:00,20,11,9,FMN GV 18 Kasterlee
84,Oudemolsedijk,2023-01-30,09:00:00,13,6,7,FMN GV 18 Kasterlee
84,Oudemolsedijk,2023-01-30,10:00:00,7,4,3,FMN GV 18 Kasterlee
84,Oudemolsedijk,2023-01-30,11:00:00,30,10,20,FMN GV 18 Kasterlee
84,Oudemolsedijk,2023-01-30,12:00:00,15,10,5,FMN GV 18 Kasterlee
84,Oudemolsedijk,2023-01-30,13:00:00,45,20,25,FMN GV 18 Kasterlee
84,Oudemolsedijk,2023-01-30,14:00:00,29,20,9,FMN GV 18 Kasterlee
84,Oudemolsedijk,2023-01-30,15:00:00,30,18,12,FMN GV 18 Kasterlee
84,Oudemolsedijk,2023-01-30,16:00:00,30,15,15,FMN GV 18 Kasterlee
84,Oudemolsedijk,2023-01-30,17:00:00,15,4,11,FMN GV 18 Kasterlee
84,Oudemolsedijk,2023-01-30,18:00:00,6,4,2,FMN GV 18 Kasterlee
84,Oudemolsedijk,2023-01-30,19:00:00,2,0,2,FMN GV 18 Kasterlee
84,Oudemolsedijk,2023-01-30,20:00:00,3,2,1,FMN GV 18 Kasterlee
84,Oudemolsedijk,2023-01-30,21:00:00,0,0,0,FMN GV 18 Kasterlee
84,Oudemolsedijk,2023-01-30,22:00:00,2,0,2,FMN GV 18 Kasterlee
84,Oudemolsedijk,2023-01-30,23:00:00,1,1,0,FMN GV 18 Kasterlee
84,Oudemolsedijk,2023-01-31,00:00:00,0,0,0,FMN GV 18 Kasterlee
84,Oudemolsedijk,2023-01-31,01:00:00,0,0,0,FMN GV 18 Kasterlee
84,Oudemolsedijk,2023-01-31,02:00:00,0,0,0,FMN GV 18 Kasterlee
84,Oudemolsedijk,2023-01-31,03:00:00,0,0,0,FMN GV 18 Kasterlee
84,Oudemolsedijk,2023-01-31,04:00:00,0,0,0,FMN GV 18 Kasterlee
84,Oudemolsedijk,2023-01-31,05:00:00,7,7,0,FMN GV 18 Kasterlee
84,Oudemolsedijk,2023-01-31,06:00:00,19,10,9,FMN GV 18 Kasterlee
84,Oudemolsedijk,2023-01-31,07:00:00,22,10,12,FMN GV 18 Kasterlee
84,Oudemolsedijk,2023-01-31,08:00:00,21,12,9,FMN GV 18 Kasterlee
84,Oudemolsedijk,2023-01-31,09:00:00,10,3,7,FMN GV 18 Kasterlee
84,Oudemolsedijk,2023-01-31,10:00:00,9,4,5,FMN GV 18 Kasterlee
84,Oudemolsedijk,2023-01-31,11:00:00,22,4,18,FMN GV 18 Kasterlee
84,Oudemolsedijk,2023-01-31,12:00:00,9,6,3,FMN GV 18 Kasterlee
84,Oudemolsedijk,2023-01-31,13:00:00,53,18,35,FMN GV 18 Kasterlee
84,Oudemolsedijk,2023-01-31,14:00:00,16,8,8,FMN GV 18 Kasterlee
84,Oudemolsedijk,2023-01-31,15:00:00,28,20,8,FMN GV 18 Kasterlee
84,Oudemolsedijk,2023-01-31,16:00:00,25,13,12,FMN GV 18 Kasterlee
84,Oudemolsedijk,2023-01-31,17:00:00,21,8,13,FMN GV 18 Kasterlee
84,Oudemolsedijk,2023-01-31,18:00:00,7,5,2,FMN GV 18 Kasterlee
84,Oudemolsedijk,2023-01-31,19:00:00,3,1,2,FMN GV 18 Kasterlee
84,Oudemolsedijk,2023-01-31,20:00:00,0,0,0,FMN GV 18 Kasterlee
84,Oudemolsedijk,2023-01-31,21:00:00,10,9,1,FMN GV 18 Kasterlee
84,Oudemolsedijk,2023-01-31,22:00:00,4,0,4,FMN GV 18 Kasterlee
84,Oudemolsedijk,2023-01-31,23:00:00,0,0,0,FMN GV 18 Kasterlee
84,Oudemolsedijk,2023-02-01,00:00:00,0,0,0,FMN GV 18 Kasterlee
84,Oudemolsedijk,2023-02-01,01:00:00,0,0,0,FMN GV 18 Kasterlee
84,Oudemolsedijk,2023-02-01,02:00:00,0,0,0,FMN GV 18 Kasterlee
84,Oudemolsedijk,2023-02-01,03:00:00,0,0,0,FMN GV 18 Kasterlee
84,Oudemolsedijk,2023-02-01,04:00:00,1,1,0,FMN GV 18 Kasterlee
84,Oudemolsedijk,2023-02-01,05:00:00,5,5,0,FMN GV 18 Kasterlee
84,Oudemolsedijk,2023-02-01,06:00:00,17,9,8,FMN GV 18 Kasterlee
84,Oudemolsedijk,2023-02-01,07:00:00,16,10,6,FMN GV 18 Kasterlee
84,Oudemolsedijk,2023-02-01,08:00:00,24,15,9,FMN GV 18 Kasterlee
84,Oudemolsedijk,2023-02-01,09:00:00,5,2,3,FMN GV 18 Kasterlee
84,Oudemolsedijk,2023-02-01,10:00:00,3,2,1,FMN GV 18 Kasterlee
84,Oudemolsedijk,2023-02-01,11:00:00,11,5,6,FMN GV 18 Kasterlee
84,Oudemolsedijk,2023-02-01,12:00:00,24,7,17,FMN GV 18 Kasterlee
84,Oudemolsedijk,2023-02-01,13:00:00,22,16,6,FMN GV 18 Kasterlee
84,Oudemolsedijk,2023-02-01,14:00:00,19,10,9,FMN GV 18 Kasterlee
84,Oudemolsedijk,2023-02-01,15:00:00,23,14,9,FMN GV 18 Kasterlee
84,Oudemolsedijk,2023-02-01,16:00:00,24,12,12,FMN GV 18 Kasterlee
84,Oudemolsedijk,2023-02-01,17:00:00,17,12,5,FMN GV 18 Kasterlee
84,Oudemolsedijk,2023-02-01,18:00:00,5,1,4,FMN GV 18 Kasterlee
84,Oudemolsedijk,2023-02-01,19:00:00,12,11,1,FMN GV 18 Kasterlee
84,Oudemolsedijk,2023-02-01,20:00:00,16,10,6,FMN GV 18 Kasterlee
84,Oudemolsedijk,2023-02-01,21:00:00,0,0,0,FMN GV 18 Kasterlee
84,Oudemolsedijk,2023-02-01,22:00:00,8,3,5,FMN GV 18 Kasterlee
84,Oudemolsedijk,2023-02-01,23:00:00,0,0,0,FMN GV 18 Kasterlee
84,Oudemolsedijk,2023-02-02,00:00:00,0,0,0,FMN GV 18 Kasterlee
84,Oudemolsedijk,2023-02-02,01:00:00,1,0,1,FMN GV 18 Kasterlee
84,Oudemolsedijk,2023-02-02,02:00:00,1,0,1,FMN GV 18 Kasterlee
84,Oudemolsedijk,2023-02-02,03:00:00,0,0,0,FMN GV 18 Kasterlee
84,Oudemolsedijk,2023-02-02,04:00:00,1,1,0,FMN GV 18 Kasterlee
84,Oudemolsedijk,2023-02-02,05:00:00,5,5,0,FMN GV 18 Kasterlee
84,Oudemolsedijk,2023-02-02,06:00:00,15,5,10,FMN GV 18 Kasterlee
84,Oudemolsedijk,2023-02-02,07:00:00,20,13,7,FMN GV 18 Kasterlee
84,Oudemolsedijk,2023-02-02,08:00:00,10,6,4,FMN GV 18 Kasterlee
84,Oudemolsedijk,2023-02-02,09:00:00,5,2,3,FMN GV 18 Kasterlee
84,Oudemolsedijk,2023-02-02,10:00:00,4,2,2,FMN GV 18 Kasterlee
84,Oudemolsedijk,2023-02-02,11:00:00,5,5,0,FMN GV 18 Kasterlee
84,Oudemolsedijk,2023-02-02,12:00:00,21,14,7,FMN GV 18 Kasterlee
84,Oudemolsedijk,2023-02-02,13:00:00,41,23,18,FMN GV 18 Kasterlee
84,Oudemolsedijk,2023-02-02,14:00:00,23,7,16,FMN GV 18 Kasterlee
84,Oudemolsedijk,2023-02-02,15:00:00,25,6,19,FMN GV 18 Kasterlee
84,Oudemolsedijk,2023-02-02,16:00:00,37,20,17,FMN GV 18 Kasterlee
84,Oudemolsedijk,2023-02-02,17:00:00,19,7,12,FMN GV 18 Kasterlee
84,Oudemolsedijk,2023-02-02,18:00:00,5,4,1,FMN GV 18 Kasterlee
84,Oudemolsedijk,2023-02-02,19:00:00,0,0,0,FMN GV 18 Kasterlee
84,Oudemolsedijk,2023-02-02,20:00:00,1,1,0,FMN GV 18 Kasterlee
84,Oudemolsedijk,2023-02-02,21:00:00,0,0,0,FMN GV 18 Kasterlee
84,Oudemolsedijk,2023-02-02,22:00:00,4,0,4,FMN GV 18 Kasterlee
84,Oudemolsedijk,2023-02-02,23:00:00,1,1,0,FMN GV 18 Kasterlee
84,Oudemolsedijk,2023-02-03,00:00:00,1,0,1,FMN GV 18 Kasterlee
84,Oudemolsedijk,2023-02-03,01:00:00,1,0,1,FMN GV 18 Kasterlee
84,Oudemolsedijk,2023-02-03,02:00:00,0,0,0,FMN GV 18 Kasterlee
84,Oudemolsedijk,2023-02-03,03:00:00,0,0,0,FMN GV 18 Kasterlee
84,Oudemolsedijk,2023-02-03,04:00:00,1,1,0,FMN GV 18 Kasterlee
84,Oudemolsedijk,2023-02-03,05:00:00,5,5,0,FMN GV 18 Kasterlee
84,Oudemolsedijk,2023-02-03,06:00:00,17,8,9,FMN GV 18 Kasterlee
84,Oudemolsedijk,2023-02-03,07:00:00,19,10,9,FMN GV 18 Kasterlee
84,Oudemolsedijk,2023-02-03,08:00:00,20,12,8,FMN GV 18 Kasterlee
84,Oudemolsedijk,2023-02-03,09:00:00,9,6,3,FMN GV 18 Kasterlee
84,Oudemolsedijk,2023-02-03,10:00:00,7,4,3,FMN GV 18 Kasterlee
84,Oudemolsedijk,2023-02-03,11:00:00,11,7,4,FMN GV 18 Kasterlee
84,Oudemolsedijk,2023-02-03,12:00:00,12,5,7,FMN GV 18 Kasterlee
84,Oudemolsedijk,2023-02-03,13:00:00,14,9,5,FMN GV 18 Kasterlee
84,Oudemolsedijk,2023-02-03,14:00:00,19,9,10,FMN GV 18 Kasterlee
84,Oudemolsedijk,2023-02-03,15:00:00,23,12,11,FMN GV 18 Kasterlee
84,Oudemolsedijk,2023-02-03,16:00:00,29,15,14,FMN GV 18 Kasterlee
84,Oudemolsedijk,2023-02-03,17:00:00,14,7,7,FMN GV 18 Kasterlee
84,Oudemolsedijk,2023-02-03,18:00:00,14,3,11,FMN GV 18 Kasterlee
84,Oudemolsedijk,2023-02-03,19:00:00,1,1,0,FMN GV 18 Kasterlee
84,Oudemolsedijk,2023-02-03,20:00:00,1,1,0,FMN GV 18 Kasterlee
84,Oudemolsedijk,2023-02-03,21:00:00,0,0,0,FMN GV 18 Kasterlee
84,Oudemolsedijk,2023-02-03,22:00:00,1,0,1,FMN GV 18 Kasterlee
84,Oudemolsedijk,2023-02-03,23:00:00,1,1,0,FMN GV 18 Kasterlee
84,Oudemolsedijk,2023-02-04,00:00:00,1,0,1,FMN GV 18 Kasterlee
84,Oudemolsedijk,2023-02-04,01:00:00,2,1,1,FMN GV 18 Kasterlee
84,Oudemolsedijk,2023-02-04,02:00:00,2,1,1,FMN GV 18 Kasterlee
84,Oudemolsedijk,2023-02-04,03:00:00,0,0,0,FMN GV 18 Kasterlee
84,Oudemolsedijk,2023-02-04,04:00:00,0,0,0,FMN GV 18 Kasterlee
84,Oudemolsedijk,2023-02-04,05:00:00,0,0,0,FMN GV 18 Kasterlee
84,Oudemolsedijk,2023-02-04,06:00:00,4,3,1,FMN GV 18 Kasterlee
84,Oudemolsedijk,2023-02-04,07:00:00,1,0,1,FMN GV 18 Kasterlee
84,Oudemolsedijk,2023-02-04,08:00:00,16,3,13,FMN GV 18 Kasterlee
84,Oudemolsedijk,2023-02-04,09:00:00,25,11,14,FMN GV 18 Kasterlee
84,Oudemolsedijk,2023-02-04,10:00:00,18,10,8,FMN GV 18 Kasterlee
84,Oudemolsedijk,2023-02-04,11:00:00,17,4,13,FMN GV 18 Kasterlee
84,Oudemolsedijk,2023-02-04,12:00:00,46,34,12,FMN GV 18 Kasterlee
84,Oudemolsedijk,2023-02-04,13:00:00,18,15,3,FMN GV 18 Kasterlee
84,Oudemolsedijk,2023-02-04,14:00:00,29,13,16,FMN GV 18 Kasterlee
84,Oudemolsedijk,2023-02-04,15:00:00,22,14,8,FMN GV 18 Kasterlee
84,Oudemolsedijk,2023-02-04,16:00:00,16,9,7,FMN GV 18 Kasterlee
84,Oudemolsedijk,2023-02-04,17:00:00,4,3,1,FMN GV 18 Kasterlee
84,Oudemolsedijk,2023-02-04,18:00:00,1,1,0,FMN GV 18 Kasterlee
84,Oudemolsedijk,2023-02-04,19:00:00,0,0,0,FMN GV 18 Kasterlee
84,Oudemolsedijk,2023-02-04,20:00:00,0,0,0,FMN GV 18 Kasterlee
84,Oudemolsedijk,2023-02-04,21:00:00,5,4,1,FMN GV 18 Kasterlee
84,Oudemolsedijk,2023-02-04,22:00:00,2,1,1,FMN GV 18 Kasterlee
84,Oudemolsedijk,2023-02-04,23:00:00,0,0,0,FMN GV 18 Kasterlee
84,Oudemolsedijk,2023-02-05,00:00:00,0,0,0,FMN GV 18 Kasterlee
84,Oudemolsedijk,2023-02-05,01:00:00,0,0,0,FMN GV 18 Kasterlee
84,Oudemolsedijk,2023-02-05,02:00:00,2,0,2,FMN GV 18 Kasterlee
84,Oudemolsedijk,2023-02-05,03:00:00,4,0,4,FMN GV 18 Kasterlee
84,Oudemolsedijk,2023-02-05,04:00:00,0,0,0,FMN GV 18 Kasterlee
84,Oudemolsedijk,2023-02-05,05:00:00,0,0,0,FMN GV 18 Kasterlee
84,Oudemolsedijk,2023-02-05,06:00:00,1,1,0,FMN GV 18 Kasterlee
84,Oudemolsedijk,2023-02-05,07:00:00,2,1,1,FMN GV 18 Kasterlee
84,Oudemolsedijk,2023-02-05,08:00:00,8,5,3,FMN GV 18 Kasterlee
84,Oudemolsedijk,2023-02-05,09:00:00,38,18,20,FMN GV 18 Kasterlee
84,Oudemolsedijk,2023-02-05,10:00:00,43,15,28,FMN GV 18 Kasterlee
84,Oudemolsedijk,2023-02-05,11:00:00,33,13,20,FMN GV 18 Kasterlee
84,Oudemolsedijk,2023-02-05,12:00:00,22,9,13,FMN GV 18 Kasterlee
84,Oudemolsedijk,2023-02-05,13:00:00,16,5,11,FMN GV 18 Kasterlee
84,Oudemolsedijk,2023-02-05,14:00:00,59,14,45,FMN GV 18 Kasterlee
84,Oudemolsedijk,2023-02-05,15:00:00,3,2,1,FMN GV 18 Kasterlee
84,Oudemolsedijk,2023-02-05,16:00:00,8,5,3,FMN GV 18 Kasterlee
84,Oudemolsedijk,2023-02-05,17:00:00,17,13,4,FMN GV 18 Kasterlee
84,Oudemolsedijk,2023-02-05,18:00:00,5,5,0,FMN GV 18 Kasterlee
84,Oudemolsedijk,2023-02-05,19:00:00,2,1,1,FMN GV 18 Kasterlee
84,Oudemolsedijk,2023-02-05,20:00:00,4,3,1,FMN GV 18 Kasterlee
84,Oudemolsedijk,2023-02-05,21:00:00,2,1,1,FMN GV 18 Kasterlee
84,Oudemolsedijk,2023-02-05,22:00:00,2,0,2,FMN GV 18 Kasterlee
84,Oudemolsedijk,2023-02-05,23:00:00,1,1,0,FMN GV 18 Kasterlee
84,Oudemolsedijk,2023-02-06,00:00:00,0,0,0,FMN GV 18 Kasterlee
84,Oudemolsedijk,2023-02-06,01:00:00,0,0,0,FMN GV 18 Kasterlee
84,Oudemolsedijk,2023-02-06,02:00:00,0,0,0,FMN GV 18 Kasterlee
84,Oudemolsedijk,2023-02-06,03:00:00,0,0,0,FMN GV 18 Kasterlee
84,Oudemolsedijk,2023-02-06,04:00:00,2,1,1,FMN GV 18 Kasterlee
84,Oudemolsedijk,2023-02-06,05:00:00,1,1,0,FMN GV 18 Kasterlee
84,Oudemolsedijk,2023-02-06,06:00:00,21,12,9,FMN GV 18 Kasterlee
84,Oudemolsedijk,2023-02-06,07:00:00,17,9,8,FMN GV 18 Kasterlee
84,Oudemolsedijk,2023-02-06,08:00:00,20,13,7,FMN GV 18 Kasterlee
84,Oudemolsedijk,2023-02-06,09:00:00,10,1,9,FMN GV 18 Kasterlee
84,Oudemolsedijk,2023-02-06,10:00:00,5,3,2,FMN GV 18 Kasterlee
84,Oudemolsedijk,2023-02-06,11:00:00,6,2,4,FMN GV 18 Kasterlee
84,Oudemolsedijk,2023-02-06,12:00:00,17,9,8,FMN GV 18 Kasterlee
84,Oudemolsedijk,2023-02-06,13:00:00,34,17,17,FMN GV 18 Kasterlee
84,Oudemolsedijk,2023-02-06,14:00:00,39,25,14,FMN GV 18 Kasterlee
84,Oudemolsedijk,2023-02-06,15:00:00,31,16,15,FMN GV 18 Kasterlee
84,Oudemolsedijk,2023-02-06,16:00:00,53,17,36,FMN GV 18 Kasterlee
84,Oudemolsedijk,2023-02-06,17:00:00,18,11,7,FMN GV 18 Kasterlee
84,Oudemolsedijk,2023-02-06,18:00:00,6,3,3,FMN GV 18 Kasterlee
84,Oudemolsedijk,2023-02-06,19:00:00,2,1,1,FMN GV 18 Kasterlee
84,Oudemolsedijk,2023-02-06,20:00:00,0,0,0,FMN GV 18 Kasterlee
84,Oudemolsedijk,2023-02-06,21:00:00,1,0,1,FMN GV 18 Kasterlee
84,Oudemolsedijk,2023-02-06,22:00:00,6,1,5,FMN GV 18 Kasterlee
84,Oudemolsedijk,2023-02-06,23:00:00,0,0,0,FMN GV 18 Kasterlee
84,Oudemolsedijk,2023-02-07,00:00:00,0,0,0,FMN GV 18 Kasterlee
84,Oudemolsedijk,2023-02-07,01:00:00,0,0,0,FMN GV 18 Kasterlee
84,Oudemolsedijk,2023-02-07,02:00:00,0,0,0,FMN GV 18 Kasterlee
84,Oudemolsedijk,2023-02-07,03:00:00,0,0,0,FMN GV 18 Kasterlee
84,Oudemolsedijk,2023-02-07,04:00:00,4,3,1,FMN GV 18 Kasterlee
84,Oudemolsedijk,2023-02-07,05:00:00,4,4,0,FMN GV 18 Kasterlee
84,Oudemolsedijk,2023-02-07,06:00:00,16,10,6,FMN GV 18 Kasterlee
84,Oudemolsedijk,2023-02-07,07:00:00,24,13,11,FMN GV 18 Kasterlee
84,Oudemolsedijk,2023-02-07,08:00:00,19,14,5,FMN GV 18 Kasterlee
84,Oudemolsedijk,2023-02-07,09:00:00,6,0,6,FMN GV 18 Kasterlee
84,Oudemolsedijk,2023-02-07,10:00:00,9,2,7,FMN GV 18 Kasterlee
84,Oudemolsedijk,2023-02-07,11:00:00,9,7,2,FMN GV 18 Kasterlee
84,Oudemolsedijk,2023-02-07,12:00:00,16,11,5,FMN GV 18 Kasterlee
84,Oudemolsedijk,2023-02-07,13:00:00,58,29,29,FMN GV 18 Kasterlee
84,Oudemolsedijk,2023-02-07,14:00:00,64,24,40,FMN GV 18 Kasterlee
84,Oudemolsedijk,2023-02-07,15:00:00,73,62,11,FMN GV 18 Kasterlee
84,Oudemolsedijk,2023-02-07,16:00:00,42,23,19,FMN GV 18 Kasterlee
84,Oudemolsedijk,2023-02-07,17:00:00,33,17,16,FMN GV 18 Kasterlee
84,Oudemolsedijk,2023-02-07,18:00:00,15,4,11,FMN GV 18 Kasterlee
84,Oudemolsedijk,2023-02-07,19:00:00,2,1,1,FMN GV 18 Kasterlee
84,Oudemolsedijk,2023-02-07,20:00:00,9,9,0,FMN GV 18 Kasterlee
84,Oudemolsedijk,2023-02-07,21:00:00,2,0,2,FMN GV 18 Kasterlee
84,Oudemolsedijk,2023-02-07,22:00:00,6,0,6,FMN GV 18 Kasterlee
84,Oudemolsedijk,2023-02-07,23:00:00,0,0,0,FMN GV 18 Kasterlee
84,Oudemolsedijk,2023-02-08,00:00:00,0,0,0,FMN GV 18 Kasterlee
84,Oudemolsedijk,2023-02-08,01:00:00,0,0,0,FMN GV 18 Kasterlee
84,Oudemolsedijk,2023-02-08,02:00:00,2,1,1,FMN GV 18 Kasterlee
84,Oudemolsedijk,2023-02-08,03:00:00,3,3,0,FMN GV 18 Kasterlee
84,Oudemolsedijk,2023-02-08,04:00:00,0,0,0,FMN GV 18 Kasterlee
84,Oudemolsedijk,2023-02-08,05:00:00,6,6,0,FMN GV 18 Kasterlee
84,Oudemolsedijk,2023-02-08,06:00:00,14,7,7,FMN GV 18 Kasterlee
84,Oudemolsedijk,2023-02-08,07:00:00,13,9,4,FMN GV 18 Kasterlee
84,Oudemolsedijk,2023-02-08,08:00:00,21,14,7,FMN GV 18 Kasterlee
84,Oudemolsedijk,2023-02-08,09:00:00,4,4,0,FMN GV 18 Kasterlee
84,Oudemolsedijk,2023-02-08,10:00:00,10,8,2,FMN GV 18 Kasterlee
84,Oudemolsedijk,2023-02-08,11:00:00,6,3,3,FMN GV 18 Kasterlee
84,Oudemolsedijk,2023-02-08,12:00:00,31,15,16,FMN GV 18 Kasterlee
84,Oudemolsedijk,2023-02-08,13:00:00,43,25,18,FMN GV 18 Kasterlee
84,Oudemolsedijk,2023-02-08,14:00:00,40,23,17,FMN GV 18 Kasterlee
84,Oudemolsedijk,2023-02-08,15:00:00,45,28,17,FMN GV 18 Kasterlee
84,Oudemolsedijk,2023-02-08,16:00:00,43,24,19,FMN GV 18 Kasterlee
84,Oudemolsedijk,2023-02-08,17:00:00,29,22,7,FMN GV 18 Kasterlee
84,Oudemolsedijk,2023-02-08,18:00:00,5,1,4,FMN GV 18 Kasterlee
84,Oudemolsedijk,2023-02-08,19:00:00,4,3,1,FMN GV 18 Kasterlee
84,Oudemolsedijk,2023-02-08,20:00:00,20,13,7,FMN GV 18 Kasterlee
84,Oudemolsedijk,2023-02-08,21:00:00,1,0,1,FMN GV 18 Kasterlee
84,Oudemolsedijk,2023-02-08,22:00:00,3,0,3,FMN GV 18 Kasterlee
84,Oudemolsedijk,2023-02-08,23:00:00,0,0,0,FMN GV 18 Kasterlee
84,Oudemolsedijk,2023-02-09,00:00:00,0,0,0,FMN GV 18 Kasterlee
84,Oudemolsedijk,2023-02-09,01:00:00,0,0,0,FMN GV 18 Kasterlee
84,Oudemolsedijk,2023-02-09,02:00:00,0,0,0,FMN GV 18 Kasterlee
84,Oudemolsedijk,2023-02-09,03:00:00,0,0,0,FMN GV 18 Kasterlee
84,Oudemolsedijk,2023-02-09,04:00:00,1,0,1,FMN GV 18 Kasterlee
84,Oudemolsedijk,2023-02-09,05:00:00,6,6,0,FMN GV 18 Kasterlee
84,Oudemolsedijk,2023-02-09,06:00:00,20,14,6,FMN GV 18 Kasterlee
84,Oudemolsedijk,2023-02-09,07:00:00,14,6,8,FMN GV 18 Kasterlee
84,Oudemolsedijk,2023-02-09,08:00:00,16,13,3,FMN GV 18 Kasterlee
84,Oudemolsedijk,2023-02-09,09:00:00,14,3,11,FMN GV 18 Kasterlee
84,Oudemolsedijk,2023-02-09,10:00:00,3,1,2,FMN GV 18 Kasterlee
84,Oudemolsedijk,2023-02-09,11:00:00,7,4,3,FMN GV 18 Kasterlee
84,Oudemolsedijk,2023-02-09,12:00:00,17,6,11,FMN GV 18 Kasterlee
84,Oudemolsedijk,2023-02-09,13:00:00,39,21,18,FMN GV 18 Kasterlee
84,Oudemolsedijk,2023-02-09,14:00:00,32,17,15,FMN GV 18 Kasterlee
84,Oudemolsedijk,2023-02-09,15:00:00,42,23,19,FMN GV 18 Kasterlee
84,Oudemolsedijk,2023-02-09,16:00:00,41,14,27,FMN GV 18 Kasterlee
84,Oudemolsedijk,2023-02-09,17:00:00,18,8,10,FMN GV 18 Kasterlee
84,Oudemolsedijk,2023-02-09,18:00:00,13,4,9,FMN GV 18 Kasterlee
84,Oudemolsedijk,2023-02-09,19:00:00,1,1,0,FMN GV 18 Kasterlee
84,Oudemolsedijk,2023-02-09,20:00:00,4,4,0,FMN GV 18 Kasterlee
84,Oudemolsedijk,2023-02-09,21:00:00,6,4,2,FMN GV 18 Kasterlee
84,Oudemolsedijk,2023-02-09,22:00:00,3,1,2,FMN GV 18 Kasterlee
84,Oudemolsedijk,2023-02-09,23:00:00,1,1,0,FMN GV 18 Kasterlee
84,Oudemolsedijk,2023-02-10,00:00:00,0,0,0,FMN GV 18 Kasterlee
84,Oudemolsedijk,2023-02-10,01:00:00,0,0,0,FMN GV 18 Kasterlee
84,Oudemolsedijk,2023-02-10,02:00:00,1,0,1,FMN GV 18 Kasterlee
84,Oudemolsedijk,2023-02-10,03:00:00,1,0,1,FMN GV 18 Kasterlee
84,Oudemolsedijk,2023-02-10,04:00:00,1,0,1,FMN GV 18 Kasterlee
84,Oudemolsedijk,2023-02-10,05:00:00,5,5,0,FMN GV 18 Kasterlee
84,Oudemolsedijk,2023-02-10,06:00:00,17,9,8,FMN GV 18 Kasterlee
84,Oudemolsedijk,2023-02-10,07:00:00,21,12,9,FMN GV 18 Kasterlee
84,Oudemolsedijk,2023-02-10,08:00:00,17,13,4,FMN GV 18 Kasterlee
84,Oudemolsedijk,2023-02-10,09:00:00,7,4,3,FMN GV 18 Kasterlee
84,Oudemolsedijk,2023-02-10,10:00:00,13,6,7,FMN GV 18 Kasterlee
84,Oudemolsedijk,2023-02-10,11:00:00,8,4,4,FMN GV 18 Kasterlee
84,Oudemolsedijk,2023-02-10,12:00:00,23,12,11,FMN GV 18 Kasterlee
84,Oudemolsedijk,2023-02-10,13:00:00,22,15,7,FMN GV 18 Kasterlee
84,Oudemolsedijk,2023-02-10,14:00:00,39,23,16,FMN GV 18 Kasterlee
84,Oudemolsedijk,2023-02-10,15:00:00,42,24,18,FMN GV 18 Kasterlee
84,Oudemolsedijk,2023-02-10,16:00:00,31,13,18,FMN GV 18 Kasterlee
84,Oudemolsedijk,2023-02-10,17:00:00,23,10,13,FMN GV 18 Kasterlee
84,Oudemolsedijk,2023-02-10,18:00:00,18,7,11,FMN GV 18 Kasterlee
84,Oudemolsedijk,2023-02-10,19:00:00,0,0,0,FMN GV 18 Kasterlee
84,Oudemolsedijk,2023-02-10,20:00:00,1,0,1,FMN GV 18 Kasterlee
84,Oudemolsedijk,2023-02-10,21:00:00,1,1,0,FMN GV 18 Kasterlee
84,Oudemolsedijk,2023-02-10,22:00:00,3,1,2,FMN GV 18 Kasterlee
84,Oudemolsedijk,2023-02-10,23:00:00,2,2,0,FMN GV 18 Kasterlee
84,Oudemolsedijk,2023-02-11,00:00:00,0,0,0,FMN GV 18 Kasterlee
84,Oudemolsedijk,2023-02-11,01:00:00,1,0,1,FMN GV 18 Kasterlee
84,Oudemolsedijk,2023-02-11,02:00:00,0,0,0,FMN GV 18 Kasterlee
84,Oudemolsedijk,2023-02-11,03:00:00,1,0,1,FMN GV 18 Kasterlee
84,Oudemolsedijk,2023-02-11,04:00:00,0,0,0,FMN GV 18 Kasterlee
84,Oudemolsedijk,2023-02-11,05:00:00,1,0,1,FMN GV 18 Kasterlee
84,Oudemolsedijk,2023-02-11,06:00:00,3,2,1,FMN GV 18 Kasterlee
84,Oudemolsedijk,2023-02-11,07:00:00,1,0,1,FMN GV 18 Kasterlee
84,Oudemolsedijk,2023-02-11,08:00:00,8,2,6,FMN GV 18 Kasterlee
84,Oudemolsedijk,2023-02-11,09:00:00,18,4,14,FMN GV 18 Kasterlee
84,Oudemolsedijk,2023-02-11,10:00:00,32,25,7,FMN GV 18 Kasterlee
84,Oudemolsedijk,2023-02-11,11:00:00,12,5,7,FMN GV 18 Kasterlee
84,Oudemolsedijk,2023-02-11,12:00:00,46,11,35,FMN GV 18 Kasterlee
84,Oudemolsedijk,2023-02-11,13:00:00,31,26,5,FMN GV 18 Kasterlee
84,Oudemolsedijk,2023-02-11,14:00:00,35,19,16,FMN GV 18 Kasterlee
84,Oudemolsedijk,2023-02-11,15:00:00,24,15,9,FMN GV 18 Kasterlee
84,Oudemolsedijk,2023-02-11,16:00:00,21,13,8,FMN GV 18 Kasterlee
84,Oudemolsedijk,2023-02-11,17:00:00,5,5,0,FMN GV 18 Kasterlee
84,Oudemolsedijk,2023-02-11,18:00:00,9,8,1,FMN GV 18 Kasterlee
84,Oudemolsedijk,2023-02-11,19:00:00,0,0,0,FMN GV 18 Kasterlee
84,Oudemolsedijk,2023-02-11,20:00:00,2,1,1,FMN GV 18 Kasterlee
84,Oudemolsedijk,2023-02-11,21:00:00,0,0,0,FMN GV 18 Kasterlee
84,Oudemolsedijk,2023-02-11,22:00:00,2,0,2,FMN GV 18 Kasterlee
84,Oudemolsedijk,2023-02-11,23:00:00,5,2,3,FMN GV 18 Kasterlee
84,Oudemolsedijk,2023-02-12,00:00:00,0,0,0,FMN GV 18 Kasterlee
84,Oudemolsedijk,2023-02-12,01:00:00,2,1,1,FMN GV 18 Kasterlee
84,Oudemolsedijk,2023-02-12,02:00:00,0,0,0,FMN GV 18 Kasterlee
84,Oudemolsedijk,2023-02-12,03:00:00,0,0,0,FMN GV 18 Kasterlee
84,Oudemolsedijk,2023-02-12,04:00:00,0,0,0,FMN GV 18 Kasterlee
84,Oudemolsedijk,2023-02-12,05:00:00,1,1,0,FMN GV 18 Kasterlee
84,Oudemolsedijk,2023-02-12,06:00:00,1,1,0,FMN GV 18 Kasterlee
84,Oudemolsedijk,2023-02-12,07:00:00,1,0,1,FMN GV 18 Kasterlee
84,Oudemolsedijk,2023-02-12,08:00:00,20,3,17,FMN GV 18 Kasterlee
84,Oudemolsedijk,2023-02-12,09:00:00,79,33,46,FMN GV 18 Kasterlee
84,Oudemolsedijk,2023-02-12,10:00:00,58,34,24,FMN GV 18 Kasterlee
84,Oudemolsedijk,2023-02-12,11:00:00,78,37,41,FMN GV 18 Kasterlee
84,Oudemolsedijk,2023-02-12,12:00:00,30,18,12,FMN GV 18 Kasterlee
84,Oudemolsedijk,2023-02-12,13:00:00,30,16,14,FMN GV 18 Kasterlee
84,Oudemolsedijk,2023-02-12,14:00:00,37,15,22,FMN GV 18 Kasterlee
84,Oudemolsedijk,2023-02-12,15:00:00,25,12,13,FMN GV 18 Kasterlee
84,Oudemolsedijk,2023-02-12,16:00:00,12,8,4,FMN GV 18 Kasterlee
84,Oudemolsedijk,2023-02-12,17:00:00,12,9,3,FMN GV 18 Kasterlee
84,Oudemolsedijk,2023-02-12,18:00:00,5,0,5,FMN GV 18 Kasterlee
84,Oudemolsedijk,2023-02-12,19:00:00,1,0,1,FMN GV 18 Kasterlee
84,Oudemolsedijk,2023-02-12,20:00:00,2,0,2,FMN GV 18 Kasterlee
84,Oudemolsedijk,2023-02-12,21:00:00,0,0,0,FMN GV 18 Kasterlee
84,Oudemolsedijk,2023-02-12,22:00:00,4,2,2,FMN GV 18 Kasterlee
84,Oudemolsedijk,2023-02-12,23:00:00,0,0,0,FMN GV 18 Kasterlee
84,Oudemolsedijk,2023-02-13,00:00:00,0,0,0,FMN GV 18 Kasterlee
84,Oudemolsedijk,2023-02-13,01:00:00,0,0,0,FMN GV 18 Kasterlee
84,Oudemolsedijk,2023-02-13,02:00:00,0,0,0,FMN GV 18 Kasterlee
84,Oudemolsedijk,2023-02-13,03:00:00,1,0,1,FMN GV 18 Kasterlee
84,Oudemolsedijk,2023-02-13,04:00:00,2,1,1,FMN GV 18 Kasterlee
84,Oudemolsedijk,2023-02-13,05:00:00,4,4,0,FMN GV 18 Kasterlee
84,Oudemolsedijk,2023-02-13,06:00:00,17,10,7,FMN GV 18 Kasterlee
84,Oudemolsedijk,2023-02-13,07:00:00,30,15,15,FMN GV 18 Kasterlee
84,Oudemolsedijk,2023-02-13,08:00:00,26,17,9,FMN GV 18 Kasterlee
84,Oudemolsedijk,2023-02-13,09:00:00,9,1,8,FMN GV 18 Kasterlee
84,Oudemolsedijk,2023-02-13,10:00:00,8,6,2,FMN GV 18 Kasterlee
84,Oudemolsedijk,2023-02-13,11:00:00,12,6,6,FMN GV 18 Kasterlee
84,Oudemolsedijk,2023-02-13,12:00:00,27,19,8,FMN GV 18 Kasterlee
84,Oudemolsedijk,2023-02-13,13:00:00,44,13,31,FMN GV 18 Kasterlee
84,Oudemolsedijk,2023-02-13,14:00:00,48,24,24,FMN GV 18 Kasterlee
84,Oudemolsedijk,2023-02-13,15:00:00,41,19,22,FMN GV 18 Kasterlee
84,Oudemolsedijk,2023-02-13,16:00:00,78,53,25,FMN GV 18 Kasterlee
84,Oudemolsedijk,2023-02-13,17:00:00,28,12,16,FMN GV 18 Kasterlee
84,Oudemolsedijk,2023-02-13,18:00:00,10,5,5,FMN GV 18 Kasterlee
84,Oudemolsedijk,2023-02-13,19:00:00,1,0,1,FMN GV 18 Kasterlee
84,Oudemolsedijk,2023-02-13,20:00:00,2,1,1,FMN GV 18 Kasterlee
84,Oudemolsedijk,2023-02-13,21:00:00,2,2,0,FMN GV 18 Kasterlee
84,Oudemolsedijk,2023-02-13,22:00:00,4,1,3,FMN GV 18 Kasterlee
84,Oudemolsedijk,2023-02-13,23:00:00,0,0,0,FMN GV 18 Kasterlee
84,Oudemolsedijk,2023-02-14,00:00:00,1,1,0,FMN GV 18 Kasterlee
84,Oudemolsedijk,2023-02-14,01:00:00,0,0,0,FMN GV 18 Kasterlee
84,Oudemolsedijk,2023-02-14,02:00:00,0,0,0,FMN GV 18 Kasterlee
84,Oudemolsedijk,2023-02-14,03:00:00,1,0,1,FMN GV 18 Kasterlee
84,Oudemolsedijk,2023-02-14,04:00:00,1,1,0,FMN GV 18 Kasterlee
84,Oudemolsedijk,2023-02-14,05:00:00,7,7,0,FMN GV 18 Kasterlee
84,Oudemolsedijk,2023-02-14,06:00:00,23,12,11,FMN GV 18 Kasterlee
84,Oudemolsedijk,2023-02-14,07:00:00,38,16,22,FMN GV 18 Kasterlee
84,Oudemolsedijk,2023-02-14,08:00:00,22,11,11,FMN GV 18 Kasterlee
84,Oudemolsedijk,2023-02-14,09:00:00,12,4,8,FMN GV 18 Kasterlee
84,Oudemolsedijk,2023-02-14,10:00:00,7,4,3,FMN GV 18 Kasterlee
84,Oudemolsedijk,2023-02-14,11:00:00,17,3,14,FMN GV 18 Kasterlee
84,Oudemolsedijk,2023-02-14,12:00:00,29,19,10,FMN GV 18 Kasterlee
84,Oudemolsedijk,2023-02-14,13:00:00,106,39,67,FMN GV 18 Kasterlee
84,Oudemolsedijk,2023-02-14,14:00:00,95,61,34,FMN GV 18 Kasterlee
84,Oudemolsedijk,2023-02-14,15:00:00,80,51,29,FMN GV 18 Kasterlee
84,Oudemolsedijk,2023-02-14,16:00:00,61,38,23,FMN GV 18 Kasterlee
84,Oudemolsedijk,2023-02-14,17:00:00,41,20,21,FMN GV 18 Kasterlee
84,Oudemolsedijk,2023-02-14,18:00:00,8,5,3,FMN GV 18 Kasterlee
84,Oudemolsedijk,2023-02-14,19:00:00,5,1,4,FMN GV 18 Kasterlee
84,Oudemolsedijk,2023-02-14,20:00:00,4,2,2,FMN GV 18 Kasterlee
84,Oudemolsedijk,2023-02-14,21:00:00,1,1,0,FMN GV 18 Kasterlee
84,Oudemolsedijk,2023-02-14,22:00:00,4,0,4,FMN GV 18 Kasterlee
84,Oudemolsedijk,2023-02-14,23:00:00,1,0,1,FMN GV 18 Kasterlee
84,Oudemolsedijk,2023-02-15,00:00:00,0,0,0,FMN GV 18 Kasterlee
84,Oudemolsedijk,2023-02-15,01:00:00,0,0,0,FMN GV 18 Kasterlee
84,Oudemolsedijk,2023-02-15,02:00:00,0,0,0,FMN GV 18 Kasterlee
84,Oudemolsedijk,2023-02-15,03:00:00,1,0,1,FMN GV 18 Kasterlee
84,Oudemolsedijk,2023-02-15,04:00:00,1,1,0,FMN GV 18 Kasterlee
84,Oudemolsedijk,2023-02-15,05:00:00,4,4,0,FMN GV 18 Kasterlee
84,Oudemolsedijk,2023-02-15,06:00:00,25,11,14,FMN GV 18 Kasterlee
84,Oudemolsedijk,2023-02-15,07:00:00,24,9,15,FMN GV 18 Kasterlee
84,Oudemolsedijk,2023-02-15,08:00:00,19,14,5,FMN GV 18 Kasterlee
84,Oudemolsedijk,2023-02-15,09:00:00,13,8,5,FMN GV 18 Kasterlee
84,Oudemolsedijk,2023-02-15,10:00:00,20,6,14,FMN GV 18 Kasterlee
84,Oudemolsedijk,2023-02-15,11:00:00,23,8,15,FMN GV 18 Kasterlee
84,Oudemolsedijk,2023-02-15,12:00:00,47,19,28,FMN GV 18 Kasterlee
84,Oudemolsedijk,2023-02-15,13:00:00,64,25,39,FMN GV 18 Kasterlee
84,Oudemolsedijk,2023-02-15,14:00:00,92,61,31,FMN GV 18 Kasterlee
84,Oudemolsedijk,2023-02-15,15:00:00,47,31,16,FMN GV 18 Kasterlee
84,Oudemolsedijk,2023-02-15,16:00:00,54,27,27,FMN GV 18 Kasterlee
84,Oudemolsedijk,2023-02-15,17:00:00,37,23,14,FMN GV 18 Kasterlee
84,Oudemolsedijk,2023-02-15,18:00:00,6,2,4,FMN GV 18 Kasterlee
84,Oudemolsedijk,2023-02-15,19:00:00,14,13,1,FMN GV 18 Kasterlee
84,Oudemolsedijk,2023-02-15,20:00:00,17,6,11,FMN GV 18 Kasterlee
84,Oudemolsedijk,2023-02-15,21:00:00,2,2,0,FMN GV 18 Kasterlee
84,Oudemolsedijk,2023-02-15,22:00:00,6,2,4,FMN GV 18 Kasterlee
84,Oudemolsedijk,2023-02-15,23:00:00,0,0,0,FMN GV 18 Kasterlee
84,Oudemolsedijk,2023-02-16,00:00:00,1,1,0,FMN GV 18 Kasterlee
84,Oudemolsedijk,2023-02-16,01:00:00,0,0,0,FMN GV 18 Kasterlee
84,Oudemolsedijk,2023-02-16,02:00:00,0,0,0,FMN GV 18 Kasterlee
84,Oudemolsedijk,2023-02-16,03:00:00,1,0,1,FMN GV 18 Kasterlee
84,Oudemolsedijk,2023-02-16,04:00:00,1,1,0,FMN GV 18 Kasterlee
84,Oudemolsedijk,2023-02-16,05:00:00,6,6,0,FMN GV 18 Kasterlee
84,Oudemolsedijk,2023-02-16,06:00:00,26,12,14,FMN GV 18 Kasterlee
84,Oudemolsedijk,2023-02-16,07:00:00,25,13,12,FMN GV 18 Kasterlee
84,Oudemolsedijk,2023-02-16,08:00:00,18,12,6,FMN GV 18 Kasterlee
84,Oudemolsedijk,2023-02-16,09:00:00,10,5,5,FMN GV 18 Kasterlee
84,Oudemolsedijk,2023-02-16,10:00:00,3,2,1,FMN GV 18 Kasterlee
84,Oudemolsedijk,2023-02-16,11:00:00,6,5,1,FMN GV 18 Kasterlee
84,Oudemolsedijk,2023-02-16,12:00:00,15,8,7,FMN GV 18 Kasterlee
84,Oudemolsedijk,2023-02-16,13:00:00,18,6,12,FMN GV 18 Kasterlee
84,Oudemolsedijk,2023-02-16,14:00:00,23,14,9,FMN GV 18 Kasterlee
84,Oudemolsedijk,2023-02-16,15:00:00,40,25,15,FMN GV 18 Kasterlee
84,Oudemolsedijk,2023-02-16,16:00:00,41,24,17,FMN GV 18 Kasterlee
84,Oudemolsedijk,2023-02-16,17:00:00,25,7,18,FMN GV 18 Kasterlee
84,Oudemolsedijk,2023-02-16,18:00:00,10,6,4,FMN GV 18 Kasterlee
84,Oudemolsedijk,2023-02-16,19:00:00,2,0,2,FMN GV 18 Kasterlee
84,Oudemolsedijk,2023-02-16,20:00:00,3,1,2,FMN GV 18 Kasterlee
84,Oudemolsedijk,2023-02-16,21:00:00,0,0,0,FMN GV 18 Kasterlee
84,Oudemolsedijk,2023-02-16,22:00:00,0,0,0,FMN GV 18 Kasterlee
84,Oudemolsedijk,2023-02-16,23:00:00,2,2,0,FMN GV 18 Kasterlee
84,Oudemolsedijk,2023-02-17,00:00:00,0,0,0,FMN GV 18 Kasterlee
84,Oudemolsedijk,2023-02-17,01:00:00,0,0,0,FMN GV 18 Kasterlee
84,Oudemolsedijk,2023-02-17,02:00:00,0,0,0,FMN GV 18 Kasterlee
84,Oudemolsedijk,2023-02-17,03:00:00,2,0,2,FMN GV 18 Kasterlee
84,Oudemolsedijk,2023-02-17,04:00:00,1,1,0,FMN GV 18 Kasterlee
84,Oudemolsedijk,2023-02-17,05:00:00,7,7,0,FMN GV 18 Kasterlee
84,Oudemolsedijk,2023-02-17,06:00:00,17,6,11,FMN GV 18 Kasterlee
84,Oudemolsedijk,2023-02-17,07:00:00,19,9,10,FMN GV 18 Kasterlee
84,Oudemolsedijk,2023-02-17,08:00:00,16,11,5,FMN GV 18 Kasterlee
84,Oudemolsedijk,2023-02-17,09:00:00,6,0,6,FMN GV 18 Kasterlee
84,Oudemolsedijk,2023-02-17,10:00:00,6,4,2,FMN GV 18 Kasterlee
84,Oudemolsedijk,2023-02-17,11:00:00,11,7,4,FMN GV 18 Kasterlee
84,Oudemolsedijk,2023-02-17,12:00:00,10,9,1,FMN GV 18 Kasterlee
84,Oudemolsedijk,2023-02-17,13:00:00,16,4,12,FMN GV 18 Kasterlee
84,Oudemolsedijk,2023-02-17,14:00:00,23,13,10,FMN GV 18 Kasterlee
84,Oudemolsedijk,2023-02-17,15:00:00,20,7,13,FMN GV 18 Kasterlee
84,Oudemolsedijk,2023-02-17,16:00:00,24,13,11,FMN GV 18 Kasterlee
84,Oudemolsedijk,2023-02-17,17:00:00,11,4,7,FMN GV 18 Kasterlee
84,Oudemolsedijk,2023-02-17,18:00:00,13,2,11,FMN GV 18 Kasterlee
84,Oudemolsedijk,2023-02-17,19:00:00,1,0,1,FMN GV 18 Kasterlee
84,Oudemolsedijk,2023-02-17,20:00:00,0,0,0,FMN GV 18 Kasterlee
84,Oudemolsedijk,2023-02-17,21:00:00,4,2,2,FMN GV 18 Kasterlee
84,Oudemolsedijk,2023-02-17,22:00:00,1,0,1,FMN GV 18 Kasterlee
84,Oudemolsedijk,2023-02-17,23:00:00,3,3,0,FMN GV 18 Kasterlee
84,Oudemolsedijk,2023-02-18,00:00:00,2,1,1,FMN GV 18 Kasterlee
84,Oudemolsedijk,2023-02-18,01:00:00,1,0,1,FMN GV 18 Kasterlee
84,Oudemolsedijk,2023-02-18,02:00:00,0,0,0,FMN GV 18 Kasterlee
84,Oudemolsedijk,2023-02-18,03:00:00,0,0,0,FMN GV 18 Kasterlee
84,Oudemolsedijk,2023-02-18,04:00:00,1,0,1,FMN GV 18 Kasterlee
84,Oudemolsedijk,2023-02-18,05:00:00,0,0,0,FMN GV 18 Kasterlee
84,Oudemolsedijk,2023-02-18,06:00:00,1,0,1,FMN GV 18 Kasterlee
84,Oudemolsedijk,2023-02-18,07:00:00,1,1,0,FMN GV 18 Kasterlee
84,Oudemolsedijk,2023-02-18,08:00:00,6,2,4,FMN GV 18 Kasterlee
84,Oudemolsedijk,2023-02-18,09:00:00,7,2,5,FMN GV 18 Kasterlee
84,Oudemolsedijk,2023-02-18,10:00:00,9,4,5,FMN GV 18 Kasterlee
84,Oudemolsedijk,2023-02-18,11:00:00,9,6,3,FMN GV 18 Kasterlee
84,Oudemolsedijk,2023-02-18,12:00:00,20,10,10,FMN GV 18 Kasterlee
84,Oudemolsedijk,2023-02-18,13:00:00,16,5,11,FMN GV 18 Kasterlee
84,Oudemolsedijk,2023-02-18,14:00:00,34,22,12,FMN GV 18 Kasterlee
84,Oudemolsedijk,2023-02-18,15:00:00,11,2,9,FMN GV 18 Kasterlee
84,Oudemolsedijk,2023-02-18,16:00:00,23,16,7,FMN GV 18 Kasterlee
84,Oudemolsedijk,2023-02-18,17:00:00,5,4,1,FMN GV 18 Kasterlee
84,Oudemolsedijk,2023-02-18,18:00:00,4,2,2,FMN GV 18 Kasterlee
84,Oudemolsedijk,2023-02-18,19:00:00,3,3,0,FMN GV 18 Kasterlee
84,Oudemolsedijk,2023-02-18,20:00:00,2,1,1,FMN GV 18 Kasterlee
84,Oudemolsedijk,2023-02-18,21:00:00,0,0,0,FMN GV 18 Kasterlee
84,Oudemolsedijk,2023-02-18,22:00:00,0,0,0,FMN GV 18 Kasterlee
84,Oudemolsedijk,2023-02-18,23:00:00,1,1,0,FMN GV 18 Kasterlee
84,Oudemolsedijk,2023-02-19,00:00:00,0,0,0,FMN GV 18 Kasterlee
84,Oudemolsedijk,2023-02-19,01:00:00,0,0,0,FMN GV 18 Kasterlee
84,Oudemolsedijk,2023-02-19,02:00:00,1,0,1,FMN GV 18 Kasterlee
84,Oudemolsedijk,2023-02-19,03:00:00,0,0,0,FMN GV 18 Kasterlee
84,Oudemolsedijk,2023-02-19,04:00:00,0,0,0,FMN GV 18 Kasterlee
84,Oudemolsedijk,2023-02-19,05:00:00,0,0,0,FMN GV 18 Kasterlee
84,Oudemolsedijk,2023-02-19,06:00:00,0,0,0,FMN GV 18 Kasterlee
84,Oudemolsedijk,2023-02-19,07:00:00,1,1,0,FMN GV 18 Kasterlee
84,Oudemolsedijk,2023-02-19,08:00:00,43,34,9,FMN GV 18 Kasterlee
84,Oudemolsedijk,2023-02-19,09:00:00,57,49,8,FMN GV 18 Kasterlee
84,Oudemolsedijk,2023-02-19,10:00:00,58,31,27,FMN GV 18 Kasterlee
84,Oudemolsedijk,2023-02-19,11:00:00,35,9,26,FMN GV 18 Kasterlee
84,Oudemolsedijk,2023-02-19,12:00:00,25,16,9,FMN GV 18 Kasterlee
84,Oudemolsedijk,2023-02-19,13:00:00,24,15,9,FMN GV 18 Kasterlee
84,Oudemolsedijk,2023-02-19,14:00:00,33,15,18,FMN GV 18 Kasterlee
84,Oudemolsedijk,2023-02-19,15:00:00,28,18,10,FMN GV 18 Kasterlee
84,Oudemolsedijk,2023-02-19,16:00:00,3,1,2,FMN GV 18 Kasterlee
84,Oudemolsedijk,2023-02-19,17:00:00,6,5,1,FMN GV 18 Kasterlee
84,Oudemolsedijk,2023-02-19,18:00:00,3,2,1,FMN GV 18 Kasterlee
84,Oudemolsedijk,2023-02-19,19:00:00,1,0,1,FMN GV 18 Kasterlee
84,Oudemolsedijk,2023-02-19,20:00:00,3,2,1,FMN GV 18 Kasterlee
84,Oudemolsedijk,2023-02-19,21:00:00,0,0,0,FMN GV 18 Kasterlee
84,Oudemolsedijk,2023-02-19,22:00:00,3,2,1,FMN GV 18 Kasterlee
84,Oudemolsedijk,2023-02-19,23:00:00,0,0,0,FMN GV 18 Kasterlee
84,Oudemolsedijk,2023-02-20,00:00:00,0,0,0,FMN GV 18 Kasterlee
84,Oudemolsedijk,2023-02-20,01:00:00,0,0,0,FMN GV 18 Kasterlee
84,Oudemolsedijk,2023-02-20,02:00:00,0,0,0,FMN GV 18 Kasterlee
84,Oudemolsedijk,2023-02-20,03:00:00,0,0,0,FMN GV 18 Kasterlee
84,Oudemolsedijk,2023-02-20,04:00:00,0,0,0,FMN GV 18 Kasterlee
84,Oudemolsedijk,2023-02-20,05:00:00,6,6,0,FMN GV 18 Kasterlee
84,Oudemolsedijk,2023-02-20,06:00:00,15,7,8,FMN GV 18 Kasterlee
84,Oudemolsedijk,2023-02-20,07:00:00,14,4,10,FMN GV 18 Kasterlee
84,Oudemolsedijk,2023-02-20,08:00:00,11,6,5,FMN GV 18 Kasterlee
84,Oudemolsedijk,2023-02-20,09:00:00,3,2,1,FMN GV 18 Kasterlee
84,Oudemolsedijk,2023-02-20,10:00:00,13,8,5,FMN GV 18 Kasterlee
84,Oudemolsedijk,2023-02-20,11:00:00,9,5,4,FMN GV 18 Kasterlee
84,Oudemolsedijk,2023-02-20,12:00:00,14,9,5,FMN GV 18 Kasterlee
84,Oudemolsedijk,2023-02-20,13:00:00,50,16,34,FMN GV 18 Kasterlee
84,Oudemolsedijk,2023-02-20,14:00:00,23,9,14,FMN GV 18 Kasterlee
84,Oudemolsedijk,2023-02-20,15:00:00,36,27,9,FMN GV 18 Kasterlee
84,Oudemolsedijk,2023-02-20,16:00:00,32,16,16,FMN GV 18 Kasterlee
84,Oudemolsedijk,2023-02-20,17:00:00,22,13,9,FMN GV 18 Kasterlee
84,Oudemolsedijk,2023-02-20,18:00:00,9,5,4,FMN GV 18 Kasterlee
84,Oudemolsedijk,2023-02-20,19:00:00,3,3,0,FMN GV 18 Kasterlee
84,Oudemolsedijk,2023-02-20,20:00:00,2,1,1,FMN GV 18 Kasterlee
84,Oudemolsedijk,2023-02-20,21:00:00,6,3,3,FMN GV 18 Kasterlee
84,Oudemolsedijk,2023-02-20,22:00:00,4,1,3,FMN GV 18 Kasterlee
84,Oudemolsedijk,2023-02-20,23:00:00,7,5,2,FMN GV 18 Kasterlee
84,Oudemolsedijk,2023-02-21,00:00:00,0,0,0,FMN GV 18 Kasterlee
84,Oudemolsedijk,2023-02-21,01:00:00,0,0,0,FMN GV 18 Kasterlee
84,Oudemolsedijk,2023-02-21,02:00:00,0,0,0,FMN GV 18 Kasterlee
84,Oudemolsedijk,2023-02-21,03:00:00,0,0,0,FMN GV 18 Kasterlee
84,Oudemolsedijk,2023-02-21,04:00:00,1,1,0,FMN GV 18 Kasterlee
84,Oudemolsedijk,2023-02-21,05:00:00,3,3,0,FMN GV 18 Kasterlee
84,Oudemolsedijk,2023-02-21,06:00:00,20,11,9,FMN GV 18 Kasterlee
84,Oudemolsedijk,2023-02-21,07:00:00,20,8,12,FMN GV 18 Kasterlee
84,Oudemolsedijk,2023-02-21,08:00:00,12,9,3,FMN GV 18 Kasterlee
84,Oudemolsedijk,2023-02-21,09:00:00,10,3,7,FMN GV 18 Kasterlee
84,Oudemolsedijk,2023-02-21,10:00:00,9,2,7,FMN GV 18 Kasterlee
84,Oudemolsedijk,2023-02-21,11:00:00,7,4,3,FMN GV 18 Kasterlee
84,Oudemolsedijk,2023-02-21,12:00:00,19,14,5,FMN GV 18 Kasterlee
84,Oudemolsedijk,2023-02-21,13:00:00,29,14,15,FMN GV 18 Kasterlee
84,Oudemolsedijk,2023-02-21,14:00:00,36,13,23,FMN GV 18 Kasterlee
84,Oudemolsedijk,2023-02-21,15:00:00,41,26,15,FMN GV 18 Kasterlee
84,Oudemolsedijk,2023-02-21,16:00:00,53,39,14,FMN GV 18 Kasterlee
84,Oudemolsedijk,2023-02-21,17:00:00,20,6,14,FMN GV 18 Kasterlee
84,Oudemolsedijk,2023-02-21,18:00:00,12,10,2,FMN GV 18 Kasterlee
84,Oudemolsedijk,2023-02-21,19:00:00,7,5,2,FMN GV 18 Kasterlee
84,Oudemolsedijk,2023-02-21,20:00:00,7,6,1,FMN GV 18 Kasterlee
84,Oudemolsedijk,2023-02-21,21:00:00,3,2,1,FMN GV 18 Kasterlee
84,Oudemolsedijk,2023-02-21,22:00:00,6,2,4,FMN GV 18 Kasterlee
84,Oudemolsedijk,2023-02-21,23:00:00,1,1,0,FMN GV 18 Kasterlee
84,Oudemolsedijk,2023-02-22,00:00:00,0,0,0,FMN GV 18 Kasterlee
84,Oudemolsedijk,2023-02-22,01:00:00,0,0,0,FMN GV 18 Kasterlee
84,Oudemolsedijk,2023-02-22,02:00:00,0,0,0,FMN GV 18 Kasterlee
84,Oudemolsedijk,2023-02-22,03:00:00,0,0,0,FMN GV 18 Kasterlee
84,Oudemolsedijk,2023-02-22,04:00:00,1,1,0,FMN GV 18 Kasterlee
84,Oudemolsedijk,2023-02-22,05:00:00,3,3,0,FMN GV 18 Kasterlee
84,Oudemolsedijk,2023-02-22,06:00:00,17,5,12,FMN GV 18 Kasterlee
84,Oudemolsedijk,2023-02-22,07:00:00,9,4,5,FMN GV 18 Kasterlee
84,Oudemolsedijk,2023-02-22,08:00:00,11,6,5,FMN GV 18 Kasterlee
84,Oudemolsedijk,2023-02-22,09:00:00,6,3,3,FMN GV 18 Kasterlee
84,Oudemolsedijk,2023-02-22,10:00:00,21,11,10,FMN GV 18 Kasterlee
84,Oudemolsedijk,2023-02-22,11:00:00,17,7,10,FMN GV 18 Kasterlee
84,Oudemolsedijk,2023-02-22,12:00:00,10,9,1,FMN GV 18 Kasterlee
84,Oudemolsedijk,2023-02-22,13:00:00,29,18,11,FMN GV 18 Kasterlee
84,Oudemolsedijk,2023-02-22,14:00:00,19,11,8,FMN GV 18 Kasterlee
84,Oudemolsedijk,2023-02-22,15:00:00,34,22,12,FMN GV 18 Kasterlee
84,Oudemolsedijk,2023-02-22,16:00:00,37,14,23,FMN GV 18 Kasterlee
84,Oudemolsedijk,2023-02-22,17:00:00,12,5,7,FMN GV 18 Kasterlee
84,Oudemolsedijk,2023-02-22,18:00:00,9,6,3,FMN GV 18 Kasterlee
84,Oudemolsedijk,2023-02-22,19:00:00,13,10,3,FMN GV 18 Kasterlee
84,Oudemolsedijk,2023-02-22,20:00:00,5,5,0,FMN GV 18 Kasterlee
84,Oudemolsedijk,2023-02-22,21:00:00,2,1,1,FMN GV 18 Kasterlee
84,Oudemolsedijk,2023-02-22,22:00:00,4,1,3,FMN GV 18 Kasterlee
84,Oudemolsedijk,2023-02-22,23:00:00,2,2,0,FMN GV 18 Kasterlee
84,Oudemolsedijk,2023-02-23,00:00:00,1,1,0,FMN GV 18 Kasterlee
84,Oudemolsedijk,2023-02-23,01:00:00,0,0,0,FMN GV 18 Kasterlee
84,Oudemolsedijk,2023-02-23,02:00:00,0,0,0,FMN GV 18 Kasterlee
84,Oudemolsedijk,2023-02-23,03:00:00,0,0,0,FMN GV 18 Kasterlee
84,Oudemolsedijk,2023-02-23,04:00:00,1,1,0,FMN GV 18 Kasterlee
84,Oudemolsedijk,2023-02-23,05:00:00,2,2,0,FMN GV 18 Kasterlee
84,Oudemolsedijk,2023-02-23,06:00:00,13,5,8,FMN GV 18 Kasterlee
84,Oudemolsedijk,2023-02-23,07:00:00,18,4,14,FMN GV 18 Kasterlee
84,Oudemolsedijk,2023-02-23,08:00:00,8,3,5,FMN GV 18 Kasterlee
84,Oudemolsedijk,2023-02-23,09:00:00,5,3,2,FMN GV 18 Kasterlee
84,Oudemolsedijk,2023-02-23,10:00:00,9,6,3,FMN GV 18 Kasterlee
84,Oudemolsedijk,2023-02-23,11:00:00,13,9,4,FMN GV 18 Kasterlee
84,Oudemolsedijk,2023-02-23,12:00:00,24,11,13,FMN GV 18 Kasterlee
84,Oudemolsedijk,2023-02-23,13:00:00,50,30,20,FMN GV 18 Kasterlee
84,Oudemolsedijk,2023-02-23,14:00:00,31,17,14,FMN GV 18 Kasterlee
84,Oudemolsedijk,2023-02-23,15:00:00,32,15,17,FMN GV 18 Kasterlee
84,Oudemolsedijk,2023-02-23,16:00:00,60,38,22,FMN GV 18 Kasterlee
84,Oudemolsedijk,2023-02-23,17:00:00,20,13,7,FMN GV 18 Kasterlee
84,Oudemolsedijk,2023-02-23,18:00:00,2,0,2,FMN GV 18 Kasterlee
84,Oudemolsedijk,2023-02-23,19:00:00,1,0,1,FMN GV 18 Kasterlee
84,Oudemolsedijk,2023-02-23,20:00:00,0,0,0,FMN GV 18 Kasterlee
84,Oudemolsedijk,2023-02-23,21:00:00,1,0,1,FMN GV 18 Kasterlee
84,Oudemolsedijk,2023-02-23,22:00:00,5,2,3,FMN GV 18 Kasterlee
84,Oudemolsedijk,2023-02-23,23:00:00,1,1,0,FMN GV 18 Kasterlee
84,Oudemolsedijk,2023-02-24,00:00:00,0,0,0,FMN GV 18 Kasterlee
84,Oudemolsedijk,2023-02-24,01:00:00,0,0,0,FMN GV 18 Kasterlee
84,Oudemolsedijk,2023-02-24,02:00:00,0,0,0,FMN GV 18 Kasterlee
84,Oudemolsedijk,2023-02-24,03:00:00,1,0,1,FMN GV 18 Kasterlee
84,Oudemolsedijk,2023-02-24,04:00:00,0,0,0,FMN GV 18 Kasterlee
84,Oudemolsedijk,2023-02-24,05:00:00,5,5,0,FMN GV 18 Kasterlee
84,Oudemolsedijk,2023-02-24,06:00:00,13,7,6,FMN GV 18 Kasterlee
84,Oudemolsedijk,2023-02-24,07:00:00,16,4,12,FMN GV 18 Kasterlee
84,Oudemolsedijk,2023-02-24,08:00:00,7,4,3,FMN GV 18 Kasterlee
84,Oudemolsedijk,2023-02-24,09:00:00,7,1,6,FMN GV 18 Kasterlee
84,Oudemolsedijk,2023-02-24,10:00:00,14,12,2,FMN GV 18 Kasterlee
84,Oudemolsedijk,2023-02-24,11:00:00,10,6,4,FMN GV 18 Kasterlee
84,Oudemolsedijk,2023-02-24,12:00:00,15,7,8,FMN GV 18 Kasterlee
84,Oudemolsedijk,2023-02-24,13:00:00,8,2,6,FMN GV 18 Kasterlee
84,Oudemolsedijk,2023-02-24,14:00:00,7,4,3,FMN GV 18 Kasterlee
84,Oudemolsedijk,2023-02-24,15:00:00,12,4,8,FMN GV 18 Kasterlee
84,Oudemolsedijk,2023-02-24,16:00:00,14,11,3,FMN GV 18 Kasterlee
84,Oudemolsedijk,2023-02-24,17:00:00,12,5,7,FMN GV 18 Kasterlee
84,Oudemolsedijk,2023-02-24,18:00:00,10,7,3,FMN GV 18 Kasterlee
84,Oudemolsedijk,2023-02-24,19:00:00,3,0,3,FMN GV 18 Kasterlee
84,Oudemolsedijk,2023-02-24,20:00:00,2,1,1,FMN GV 18 Kasterlee
84,Oudemolsedijk,2023-02-24,21:00:00,2,2,0,FMN GV 18 Kasterlee
84,Oudemolsedijk,2023-02-24,22:00:00,1,1,0,FMN GV 18 Kasterlee
84,Oudemolsedijk,2023-02-24,23:00:00,3,2,1,FMN GV 18 Kasterlee
84,Oudemolsedijk,2023-02-25,00:00:00,3,2,1,FMN GV 18 Kasterlee
84,Oudemolsedijk,2023-02-25,01:00:00,2,1,1,FMN GV 18 Kasterlee
84,Oudemolsedijk,2023-02-25,02:00:00,0,0,0,FMN GV 18 Kasterlee
84,Oudemolsedijk,2023-02-25,03:00:00,0,0,0,FMN GV 18 Kasterlee
84,Oudemolsedijk,2023-02-25,04:00:00,0,0,0,FMN GV 18 Kasterlee
84,Oudemolsedijk,2023-02-25,05:00:00,0,0,0,FMN GV 18 Kasterlee
84,Oudemolsedijk,2023-02-25,06:00:00,3,2,1,FMN GV 18 Kasterlee
84,Oudemolsedijk,2023-02-25,07:00:00,2,2,0,FMN GV 18 Kasterlee
84,Oudemolsedijk,2023-02-25,08:00:00,3,0,3,FMN GV 18 Kasterlee
84,Oudemolsedijk,2023-02-25,09:00:00,20,7,13,FMN GV 18 Kasterlee
84,Oudemolsedijk,2023-02-25,10:00:00,36,17,19,FMN GV 18 Kasterlee
84,Oudemolsedijk,2023-02-25,11:00:00,31,13,18,FMN GV 18 Kasterlee
84,Oudemolsedijk,2023-02-25,12:00:00,31,12,19,FMN GV 18 Kasterlee
84,Oudemolsedijk,2023-02-25,13:00:00,33,10,23,FMN GV 18 Kasterlee
84,Oudemolsedijk,2023-02-25,14:00:00,54,31,23,FMN GV 18 Kasterlee
84,Oudemolsedijk,2023-02-25,15:00:00,77,39,38,FMN GV 18 Kasterlee
84,Oudemolsedijk,2023-02-25,16:00:00,11,3,8,FMN GV 18 Kasterlee
84,Oudemolsedijk,2023-02-25,17:00:00,18,13,5,FMN GV 18 Kasterlee
84,Oudemolsedijk,2023-02-25,18:00:00,4,3,1,FMN GV 18 Kasterlee
84,Oudemolsedijk,2023-02-25,19:00:00,1,1,0,FMN GV 18 Kasterlee
84,Oudemolsedijk,2023-02-25,20:00:00,0,0,0,FMN GV 18 Kasterlee
84,Oudemolsedijk,2023-02-25,21:00:00,1,1,0,FMN GV 18 Kasterlee
84,Oudemolsedijk,2023-02-25,22:00:00,2,0,2,FMN GV 18 Kasterlee
84,Oudemolsedijk,2023-02-25,23:00:00,0,0,0,FMN GV 18 Kasterlee
84,Oudemolsedijk,2023-02-26,00:00:00,1,1,0,FMN GV 18 Kasterlee
84,Oudemolsedijk,2023-02-26,01:00:00,0,0,0,FMN GV 18 Kasterlee
84,Oudemolsedijk,2023-02-26,02:00:00,0,0,0,FMN GV 18 Kasterlee
84,Oudemolsedijk,2023-02-26,03:00:00,0,0,0,FMN GV 18 Kasterlee
84,Oudemolsedijk,2023-02-26,04:00:00,1,0,1,FMN GV 18 Kasterlee
84,Oudemolsedijk,2023-02-26,05:00:00,0,0,0,FMN GV 18 Kasterlee
84,Oudemolsedijk,2023-02-26,06:00:00,3,2,1,FMN GV 18 Kasterlee
84,Oudemolsedijk,2023-02-26,07:00:00,3,0,3,FMN GV 18 Kasterlee
84,Oudemolsedijk,2023-02-26,08:00:00,18,6,12,FMN GV 18 Kasterlee
84,Oudemolsedijk,2023-02-26,09:00:00,40,24,16,FMN GV 18 Kasterlee
84,Oudemolsedijk,2023-02-26,10:00:00,88,56,32,FMN GV 18 Kasterlee
84,Oudemolsedijk,2023-02-26,11:00:00,50,21,29,FMN GV 18 Kasterlee
84,Oudemolsedijk,2023-02-26,12:00:00,39,17,22,FMN GV 18 Kasterlee
84,Oudemolsedijk,2023-02-26,13:00:00,23,12,11,FMN GV 18 Kasterlee
84,Oudemolsedijk,2023-02-26,14:00:00,31,17,14,FMN GV 18 Kasterlee
84,Oudemolsedijk,2023-02-26,15:00:00,36,12,24,FMN GV 18 Kasterlee
84,Oudemolsedijk,2023-02-26,16:00:00,8,8,0,FMN GV 18 Kasterlee
84,Oudemolsedijk,2023-02-26,17:00:00,8,4,4,FMN GV 18 Kasterlee
84,Oudemolsedijk,2023-02-26,18:00:00,1,0,1,FMN GV 18 Kasterlee
84,Oudemolsedijk,2023-02-26,19:00:00,3,0,3,FMN GV 18 Kasterlee
84,Oudemolsedijk,2023-02-26,20:00:00,0,0,0,FMN GV 18 Kasterlee
84,Oudemolsedijk,2023-02-26,21:00:00,1,0,1,FMN GV 18 Kasterlee
84,Oudemolsedijk,2023-02-26,22:00:00,2,0,2,FMN GV 18 Kasterlee
84,Oudemolsedijk,2023-02-26,23:00:00,1,1,0,FMN GV 18 Kasterlee
84,Oudemolsedijk,2023-02-27,00:00:00,1,1,0,FMN GV 18 Kasterlee
84,Oudemolsedijk,2023-02-27,01:00:00,0,0,0,FMN GV 18 Kasterlee
84,Oudemolsedijk,2023-02-27,02:00:00,0,0,0,FMN GV 18 Kasterlee
84,Oudemolsedijk,2023-02-27,03:00:00,0,0,0,FMN GV 18 Kasterlee
84,Oudemolsedijk,2023-02-27,04:00:00,1,1,0,FMN GV 18 Kasterlee
84,Oudemolsedijk,2023-02-27,05:00:00,6,6,0,FMN GV 18 Kasterlee
84,Oudemolsedijk,2023-02-27,06:00:00,14,6,8,FMN GV 18 Kasterlee
84,Oudemolsedijk,2023-02-27,07:00:00,28,13,15,FMN GV 18 Kasterlee
84,Oudemolsedijk,2023-02-27,08:00:00,26,19,7,FMN GV 18 Kasterlee
84,Oudemolsedijk,2023-02-27,09:00:00,9,1,8,FMN GV 18 Kasterlee
84,Oudemolsedijk,2023-02-27,10:00:00,4,2,2,FMN GV 18 Kasterlee
84,Oudemolsedijk,2023-02-27,11:00:00,5,1,4,FMN GV 18 Kasterlee
84,Oudemolsedijk,2023-02-27,12:00:00,19,10,9,FMN GV 18 Kasterlee
84,Oudemolsedijk,2023-02-27,13:00:00,26,15,11,FMN GV 18 Kasterlee
84,Oudemolsedijk,2023-02-27,14:00:00,30,15,15,FMN GV 18 Kasterlee
84,Oudemolsedijk,2023-02-27,15:00:00,18,10,8,FMN GV 18 Kasterlee
84,Oudemolsedijk,2023-02-27,16:00:00,46,18,28,FMN GV 18 Kasterlee
84,Oudemolsedijk,2023-02-27,17:00:00,27,17,10,FMN GV 18 Kasterlee
84,Oudemolsedijk,2023-02-27,18:00:00,4,2,2,FMN GV 18 Kasterlee
84,Oudemolsedijk,2023-02-27,19:00:00,2,1,1,FMN GV 18 Kasterlee
84,Oudemolsedijk,2023-02-27,20:00:00,1,0,1,FMN GV 18 Kasterlee
84,Oudemolsedijk,2023-02-27,21:00:00,1,0,1,FMN GV 18 Kasterlee
84,Oudemolsedijk,2023-02-27,22:00:00,7,1,6,FMN GV 18 Kasterlee
84,Oudemolsedijk,2023-02-27,23:00:00,0,0,0,FMN GV 18 Kasterlee
84,Oudemolsedijk,2023-02-28,00:00:00,0,0,0,FMN GV 18 Kasterlee
84,Oudemolsedijk,2023-02-28,01:00:00,1,1,0,FMN GV 18 Kasterlee
84,Oudemolsedijk,2023-02-28,02:00:00,0,0,0,FMN GV 18 Kasterlee
84,Oudemolsedijk,2023-02-28,03:00:00,0,0,0,FMN GV 18 Kasterlee
84,Oudemolsedijk,2023-02-28,04:00:00,2,1,1,FMN GV 18 Kasterlee
84,Oudemolsedijk,2023-02-28,05:00:00,6,6,0,FMN GV 18 Kasterlee
84,Oudemolsedijk,2023-02-28,06:00:00,20,10,10,FMN GV 18 Kasterlee
84,Oudemolsedijk,2023-02-28,07:00:00,30,13,17,FMN GV 18 Kasterlee
84,Oudemolsedijk,2023-02-28,08:00:00,21,10,11,FMN GV 18 Kasterlee
84,Oudemolsedijk,2023-02-28,09:00:00,5,1,4,FMN GV 18 Kasterlee
84,Oudemolsedijk,2023-02-28,10:00:00,11,3,8,FMN GV 18 Kasterlee
84,Oudemolsedijk,2023-02-28,11:00:00,24,13,11,FMN GV 18 Kasterlee
84,Oudemolsedijk,2023-02-28,12:00:00,19,11,8,FMN GV 18 Kasterlee
84,Oudemolsedijk,2023-02-28,13:00:00,43,16,27,FMN GV 18 Kasterlee
84,Oudemolsedijk,2023-02-28,14:00:00,41,11,30,FMN GV 18 Kasterlee
84,Oudemolsedijk,2023-02-28,15:00:00,36,13,23,FMN GV 18 Kasterlee
84,Oudemolsedijk,2023-02-28,16:00:00,30,20,10,FMN GV 18 Kasterlee
84,Oudemolsedijk,2023-02-28,17:00:00,41,17,24,FMN GV 18 Kasterlee
84,Oudemolsedijk,2023-02-28,18:00:00,8,5,3,FMN GV 18 Kasterlee
84,Oudemolsedijk,2023-02-28,19:00:00,1,1,0,FMN GV 18 Kasterlee
84,Oudemolsedijk,2023-02-28,20:00:00,9,7,2,FMN GV 18 Kasterlee
84,Oudemolsedijk,2023-02-28,21:00:00,2,1,1,FMN GV 18 Kasterlee
84,Oudemolsedijk,2023-02-28,22:00:00,5,0,5,FMN GV 18 Kasterlee
84,Oudemolsedijk,2023-02-28,23:00:00,1,1,0,FMN GV 18 Kasterlee
84,Oudemolsedijk,2023-03-01,00:00:00,0,0,0,FMN GV 18 Kasterlee
84,Oudemolsedijk,2023-03-01,01:00:00,0,0,0,FMN GV 18 Kasterlee
84,Oudemolsedijk,2023-03-01,02:00:00,0,0,0,FMN GV 18 Kasterlee
84,Oudemolsedijk,2023-03-01,03:00:00,0,0,0,FMN GV 18 Kasterlee
84,Oudemolsedijk,2023-03-01,04:00:00,2,1,1,FMN GV 18 Kasterlee
84,Oudemolsedijk,2023-03-01,05:00:00,5,4,1,FMN GV 18 Kasterlee
84,Oudemolsedijk,2023-03-01,06:00:00,13,7,6,FMN GV 18 Kasterlee
84,Oudemolsedijk,2023-03-01,07:00:00,22,10,12,FMN GV 18 Kasterlee
84,Oudemolsedijk,2023-03-01,08:00:00,20,11,9,FMN GV 18 Kasterlee
84,Oudemolsedijk,2023-03-01,09:00:00,7,4,3,FMN GV 18 Kasterlee
84,Oudemolsedijk,2023-03-01,10:00:00,8,5,3,FMN GV 18 Kasterlee
84,Oudemolsedijk,2023-03-01,11:00:00,9,6,3,FMN GV 18 Kasterlee
84,Oudemolsedijk,2023-03-01,12:00:00,29,14,15,FMN GV 18 Kasterlee
84,Oudemolsedijk,2023-03-01,13:00:00,46,16,30,FMN GV 18 Kasterlee
84,Oudemolsedijk,2023-03-01,14:00:00,34,17,17,FMN GV 18 Kasterlee
84,Oudemolsedijk,2023-03-01,15:00:00,33,15,18,FMN GV 18 Kasterlee
84,Oudemolsedijk,2023-03-01,16:00:00,41,24,17,FMN GV 18 Kasterlee
84,Oudemolsedijk,2023-03-01,17:00:00,27,17,10,FMN GV 18 Kasterlee
84,Oudemolsedijk,2023-03-01,18:00:00,8,4,4,FMN GV 18 Kasterlee
84,Oudemolsedijk,2023-03-01,19:00:00,4,3,1,FMN GV 18 Kasterlee
84,Oudemolsedijk,2023-03-01,20:00:00,30,25,5,FMN GV 18 Kasterlee
84,Oudemolsedijk,2023-03-01,21:00:00,1,0,1,FMN GV 18 Kasterlee
84,Oudemolsedijk,2023-03-01,22:00:00,7,1,6,FMN GV 18 Kasterlee
84,Oudemolsedijk,2023-03-01,23:00:00,2,1,1,FMN GV 18 Kasterlee
84,Oudemolsedijk,2023-03-02,00:00:00,0,0,0,FMN GV 18 Kasterlee
84,Oudemolsedijk,2023-03-02,01:00:00,0,0,0,FMN GV 18 Kasterlee
84,Oudemolsedijk,2023-03-02,02:00:00,0,0,0,FMN GV 18 Kasterlee
84,Oudemolsedijk,2023-03-02,03:00:00,0,0,0,FMN GV 18 Kasterlee
84,Oudemolsedijk,2023-03-02,04:00:00,2,1,1,FMN GV 18 Kasterlee
84,Oudemolsedijk,2023-03-02,05:00:00,6,6,0,FMN GV 18 Kasterlee
84,Oudemolsedijk,2023-03-02,06:00:00,18,9,9,FMN GV 18 Kasterlee
84,Oudemolsedijk,2023-03-02,07:00:00,33,13,20,FMN GV 18 Kasterlee
84,Oudemolsedijk,2023-03-02,08:00:00,20,11,9,FMN GV 18 Kasterlee
84,Oudemolsedijk,2023-03-02,09:00:00,9,3,6,FMN GV 18 Kasterlee
84,Oudemolsedijk,2023-03-02,10:00:00,23,7,16,FMN GV 18 Kasterlee
84,Oudemolsedijk,2023-03-02,11:00:00,8,6,2,FMN GV 18 Kasterlee
84,Oudemolsedijk,2023-03-02,12:00:00,36,12,24,FMN GV 18 Kasterlee
84,Oudemolsedijk,2023-03-02,13:00:00,41,26,15,FMN GV 18 Kasterlee
84,Oudemolsedijk,2023-03-02,14:00:00,81,41,40,FMN GV 18 Kasterlee
84,Oudemolsedijk,2023-03-02,15:00:00,55,29,26,FMN GV 18 Kasterlee
84,Oudemolsedijk,2023-03-02,16:00:00,57,34,23,FMN GV 18 Kasterlee
84,Oudemolsedijk,2023-03-02,17:00:00,29,18,11,FMN GV 18 Kasterlee
84,Oudemolsedijk,2023-03-02,18:00:00,9,5,4,FMN GV 18 Kasterlee
84,Oudemolsedijk,2023-03-02,19:00:00,1,1,0,FMN GV 18 Kasterlee
84,Oudemolsedijk,2023-03-02,20:00:00,2,0,2,FMN GV 18 Kasterlee
84,Oudemolsedijk,2023-03-02,21:00:00,1,0,1,FMN GV 18 Kasterlee
84,Oudemolsedijk,2023-03-02,22:00:00,6,1,5,FMN GV 18 Kasterlee
84,Oudemolsedijk,2023-03-02,23:00:00,1,1,0,FMN GV 18 Kasterlee
84,Oudemolsedijk,2023-03-03,00:00:00,0,0,0,FMN GV 18 Kasterlee
84,Oudemolsedijk,2023-03-03,01:00:00,0,0,0,FMN GV 18 Kasterlee
84,Oudemolsedijk,2023-03-03,02:00:00,0,0,0,FMN GV 18 Kasterlee
84,Oudemolsedijk,2023-03-03,03:00:00,0,0,0,FMN GV 18 Kasterlee
84,Oudemolsedijk,2023-03-03,04:00:00,1,1,0,FMN GV 18 Kasterlee
84,Oudemolsedijk,2023-03-03,05:00:00,6,6,0,FMN GV 18 Kasterlee
84,Oudemolsedijk,2023-03-03,06:00:00,14,9,5,FMN GV 18 Kasterlee
84,Oudemolsedijk,2023-03-03,07:00:00,23,12,11,FMN GV 18 Kasterlee
84,Oudemolsedijk,2023-03-03,08:00:00,20,14,6,FMN GV 18 Kasterlee
84,Oudemolsedijk,2023-03-03,09:00:00,7,4,3,FMN GV 18 Kasterlee
84,Oudemolsedijk,2023-03-03,10:00:00,7,4,3,FMN GV 18 Kasterlee
84,Oudemolsedijk,2023-03-03,11:00:00,13,10,3,FMN GV 18 Kasterlee
84,Oudemolsedijk,2023-03-03,12:00:00,18,7,11,FMN GV 18 Kasterlee
84,Oudemolsedijk,2023-03-03,13:00:00,28,13,15,FMN GV 18 Kasterlee
84,Oudemolsedijk,2023-03-03,14:00:00,26,8,18,FMN GV 18 Kasterlee
84,Oudemolsedijk,2023-03-03,15:00:00,35,18,17,FMN GV 18 Kasterlee
84,Oudemolsedijk,2023-03-03,16:00:00,38,20,18,FMN GV 18 Kasterlee
84,Oudemolsedijk,2023-03-03,17:00:00,26,15,11,FMN GV 18 Kasterlee
84,Oudemolsedijk,2023-03-03,18:00:00,14,5,9,FMN GV 18 Kasterlee
84,Oudemolsedijk,2023-03-03,19:00:00,3,1,2,FMN GV 18 Kasterlee
84,Oudemolsedijk,2023-03-03,20:00:00,0,0,0,FMN GV 18 Kasterlee
84,Oudemolsedijk,2023-03-03,21:00:00,0,0,0,FMN GV 18 Kasterlee
84,Oudemolsedijk,2023-03-03,22:00:00,4,2,2,FMN GV 18 Kasterlee
84,Oudemolsedijk,2023-03-03,23:00:00,1,0,1,FMN GV 18 Kasterlee
84,Oudemolsedijk,2023-03-04,00:00:00,2,1,1,FMN GV 18 Kasterlee
84,Oudemolsedijk,2023-03-04,01:00:00,1,0,1,FMN GV 18 Kasterlee
84,Oudemolsedijk,2023-03-04,02:00:00,0,0,0,FMN GV 18 Kasterlee
84,Oudemolsedijk,2023-03-04,03:00:00,0,0,0,FMN GV 18 Kasterlee
84,Oudemolsedijk,2023-03-04,04:00:00,0,0,0,FMN GV 18 Kasterlee
84,Oudemolsedijk,2023-03-04,05:00:00,0,0,0,FMN GV 18 Kasterlee
84,Oudemolsedijk,2023-03-04,06:00:00,2,1,1,FMN GV 18 Kasterlee
84,Oudemolsedijk,2023-03-04,07:00:00,0,0,0,FMN GV 18 Kasterlee
84,Oudemolsedijk,2023-03-04,08:00:00,5,2,3,FMN GV 18 Kasterlee
84,Oudemolsedijk,2023-03-04,09:00:00,27,12,15,FMN GV 18 Kasterlee
84,Oudemolsedijk,2023-03-04,10:00:00,32,20,12,FMN GV 18 Kasterlee
84,Oudemolsedijk,2023-03-04,11:00:00,31,15,16,FMN GV 18 Kasterlee
84,Oudemolsedijk,2023-03-04,12:00:00,33,18,15,FMN GV 18 Kasterlee
84,Oudemolsedijk,2023-03-04,13:00:00,31,19,12,FMN GV 18 Kasterlee
84,Oudemolsedijk,2023-03-04,14:00:00,54,35,19,FMN GV 18 Kasterlee
84,Oudemolsedijk,2023-03-04,15:00:00,70,31,39,FMN GV 18 Kasterlee
84,Oudemolsedijk,2023-03-04,16:00:00,11,6,5,FMN GV 18 Kasterlee
84,Oudemolsedijk,2023-03-04,17:00:00,17,11,6,FMN GV 18 Kasterlee
84,Oudemolsedijk,2023-03-04,18:00:00,0,0,0,FMN GV 18 Kasterlee
84,Oudemolsedijk,2023-03-04,19:00:00,3,2,1,FMN GV 18 Kasterlee
84,Oudemolsedijk,2023-03-04,20:00:00,3,0,3,FMN GV 18 Kasterlee
84,Oudemolsedijk,2023-03-04,21:00:00,0,0,0,FMN GV 18 Kasterlee
84,Oudemolsedijk,2023-03-04,22:00:00,1,0,1,FMN GV 18 Kasterlee
84,Oudemolsedijk,2023-03-04,23:00:00,0,0,0,FMN GV 18 Kasterlee
84,Oudemolsedijk,2023-03-05,00:00:00,1,1,0,FMN GV 18 Kasterlee
84,Oudemolsedijk,2023-03-05,01:00:00,0,0,0,FMN GV 18 Kasterlee
84,Oudemolsedijk,2023-03-05,02:00:00,0,0,0,FMN GV 18 Kasterlee
84,Oudemolsedijk,2023-03-05,03:00:00,0,0,0,FMN GV 18 Kasterlee
84,Oudemolsedijk,2023-03-05,04:00:00,4,2,2,FMN GV 18 Kasterlee
84,Oudemolsedijk,2023-03-05,05:00:00,0,0,0,FMN GV 18 Kasterlee
84,Oudemolsedijk,2023-03-05,06:00:00,2,2,0,FMN GV 18 Kasterlee
84,Oudemolsedijk,2023-03-05,07:00:00,1,0,1,FMN GV 18 Kasterlee
84,Oudemolsedijk,2023-03-05,08:00:00,33,18,15,FMN GV 18 Kasterlee
84,Oudemolsedijk,2023-03-05,09:00:00,61,48,13,FMN GV 18 Kasterlee
84,Oudemolsedijk,2023-03-05,10:00:00,174,116,58,FMN GV 18 Kasterlee
84,Oudemolsedijk,2023-03-05,11:00:00,111,103,8,FMN GV 18 Kasterlee
84,Oudemolsedijk,2023-03-05,12:00:00,21,15,6,FMN GV 18 Kasterlee
84,Oudemolsedijk,2023-03-05,13:00:00,22,7,15,FMN GV 18 Kasterlee
84,Oudemolsedijk,2023-03-05,14:00:00,17,4,13,FMN GV 18 Kasterlee
84,Oudemolsedijk,2023-03-05,15:00:00,10,6,4,FMN GV 18 Kasterlee
84,Oudemolsedijk,2023-03-05,16:00:00,6,3,3,FMN GV 18 Kasterlee
84,Oudemolsedijk,2023-03-05,17:00:00,4,2,2,FMN GV 18 Kasterlee
84,Oudemolsedijk,2023-03-05,18:00:00,1,1,0,FMN GV 18 Kasterlee
84,Oudemolsedijk,2023-03-05,19:00:00,1,1,0,FMN GV 18 Kasterlee
84,Oudemolsedijk,2023-03-05,20:00:00,2,0,2,FMN GV 18 Kasterlee
84,Oudemolsedijk,2023-03-05,21:00:00,1,1,0,FMN GV 18 Kasterlee
84,Oudemolsedijk,2023-03-05,22:00:00,3,2,1,FMN GV 18 Kasterlee
84,Oudemolsedijk,2023-03-05,23:00:00,1,0,1,FMN GV 18 Kasterlee
84,Oudemolsedijk,2023-03-06,00:00:00,0,0,0,FMN GV 18 Kasterlee
84,Oudemolsedijk,2023-03-06,01:00:00,0,0,0,FMN GV 18 Kasterlee
84,Oudemolsedijk,2023-03-06,02:00:00,0,0,0,FMN GV 18 Kasterlee
84,Oudemolsedijk,2023-03-06,03:00:00,0,0,0,FMN GV 18 Kasterlee
84,Oudemolsedijk,2023-03-06,04:00:00,1,1,0,FMN GV 18 Kasterlee
84,Oudemolsedijk,2023-03-06,05:00:00,3,3,0,FMN GV 18 Kasterlee
84,Oudemolsedijk,2023-03-06,06:00:00,22,13,9,FMN GV 18 Kasterlee
84,Oudemolsedijk,2023-03-06,07:00:00,25,16,9,FMN GV 18 Kasterlee
84,Oudemolsedijk,2023-03-06,08:00:00,19,13,6,FMN GV 18 Kasterlee
84,Oudemolsedijk,2023-03-06,09:00:00,6,3,3,FMN GV 18 Kasterlee
84,Oudemolsedijk,2023-03-06,10:00:00,1,1,0,FMN GV 18 Kasterlee
84,Oudemolsedijk,2023-03-06,11:00:00,3,1,2,FMN GV 18 Kasterlee
84,Oudemolsedijk,2023-03-06,12:00:00,7,4,3,FMN GV 18 Kasterlee
84,Oudemolsedijk,2023-03-06,13:00:00,10,5,5,FMN GV 18 Kasterlee
84,Oudemolsedijk,2023-03-06,14:00:00,12,5,7,FMN GV 18 Kasterlee
84,Oudemolsedijk,2023-03-06,15:00:00,12,2,10,FMN GV 18 Kasterlee
84,Oudemolsedijk,2023-03-06,16:00:00,25,12,13,FMN GV 18 Kasterlee
84,Oudemolsedijk,2023-03-06,17:00:00,17,5,12,FMN GV 18 Kasterlee
84,Oudemolsedijk,2023-03-06,18:00:00,6,3,3,FMN GV 18 Kasterlee
84,Oudemolsedijk,2023-03-06,19:00:00,3,1,2,FMN GV 18 Kasterlee
84,Oudemolsedijk,2023-03-06,20:00:00,1,0,1,FMN GV 18 Kasterlee
84,Oudemolsedijk,2023-03-06,21:00:00,1,0,1,FMN GV 18 Kasterlee
84,Oudemolsedijk,2023-03-06,22:00:00,0,0,0,FMN GV 18 Kasterlee
84,Oudemolsedijk,2023-03-06,23:00:00,0,0,0,FMN GV 18 Kasterlee
84,Oudemolsedijk,2023-03-07,00:00:00,0,0,0,FMN GV 18 Kasterlee
84,Oudemolsedijk,2023-03-07,01:00:00,0,0,0,FMN GV 18 Kasterlee
84,Oudemolsedijk,2023-03-07,02:00:00,0,0,0,FMN GV 18 Kasterlee
84,Oudemolsedijk,2023-03-07,03:00:00,0,0,0,FMN GV 18 Kasterlee
84,Oudemolsedijk,2023-03-07,04:00:00,1,1,0,FMN GV 18 Kasterlee
84,Oudemolsedijk,2023-03-07,05:00:00,2,2,0,FMN GV 18 Kasterlee
84,Oudemolsedijk,2023-03-07,06:00:00,11,6,5,FMN GV 18 Kasterlee
84,Oudemolsedijk,2023-03-07,07:00:00,14,8,6,FMN GV 18 Kasterlee
84,Oudemolsedijk,2023-03-07,08:00:00,13,10,3,FMN GV 18 Kasterlee
84,Oudemolsedijk,2023-03-07,09:00:00,2,0,2,FMN GV 18 Kasterlee
84,Oudemolsedijk,2023-03-07,10:00:00,0,0,0,FMN GV 18 Kasterlee
84,Oudemolsedijk,2023-03-07,11:00:00,1,0,1,FMN GV 18 Kasterlee
84,Oudemolsedijk,2023-03-07,12:00:00,2,2,0,FMN GV 18 Kasterlee
84,Oudemolsedijk,2023-03-07,13:00:00,1,0,1,FMN GV 18 Kasterlee
84,Oudemolsedijk,2023-03-07,14:00:00,3,0,3,FMN GV 18 Kasterlee
84,Oudemolsedijk,2023-03-07,15:00:00,8,1,7,FMN GV 18 Kasterlee
84,Oudemolsedijk,2023-03-07,16:00:00,15,8,7,FMN GV 18 Kasterlee
84,Oudemolsedijk,2023-03-07,17:00:00,13,5,8,FMN GV 18 Kasterlee
84,Oudemolsedijk,2023-03-07,18:00:00,3,2,1,FMN GV 18 Kasterlee
84,Oudemolsedijk,2023-03-07,19:00:00,2,1,1,FMN GV 18 Kasterlee
84,Oudemolsedijk,2023-03-07,20:00:00,3,1,2,FMN GV 18 Kasterlee
84,Oudemolsedijk,2023-03-07,21:00:00,1,0,1,FMN GV 18 Kasterlee
84,Oudemolsedijk,2023-03-07,22:00:00,0,0,0,FMN GV 18 Kasterlee
84,Oudemolsedijk,2023-03-07,23:00:00,1,0,1,FMN GV 18 Kasterlee
84,Oudemolsedijk,2023-03-08,00:00:00,0,0,0,FMN GV 18 Kasterlee
84,Oudemolsedijk,2023-03-08,01:00:00,0,0,0,FMN GV 18 Kasterlee
84,Oudemolsedijk,2023-03-08,02:00:00,0,0,0,FMN GV 18 Kasterlee
84,Oudemolsedijk,2023-03-08,03:00:00,0,0,0,FMN GV 18 Kasterlee
84,Oudemolsedijk,2023-03-08,04:00:00,4,4,0,FMN GV 18 Kasterlee
84,Oudemolsedijk,2023-03-08,05:00:00,3,3,0,FMN GV 18 Kasterlee
84,Oudemolsedijk,2023-03-08,06:00:00,13,3,10,FMN GV 18 Kasterlee
84,Oudemolsedijk,2023-03-08,07:00:00,8,6,2,FMN GV 18 Kasterlee
84,Oudemolsedijk,2023-03-08,08:00:00,6,5,1,FMN GV 18 Kasterlee
84,Oudemolsedijk,2023-03-08,09:00:00,0,0,0,FMN GV 18 Kasterlee
84,Oudemolsedijk,2023-03-08,10:00:00,0,0,0,FMN GV 18 Kasterlee
84,Oudemolsedijk,2023-03-08,11:00:00,2,2,0,FMN GV 18 Kasterlee
84,Oudemolsedijk,2023-03-08,12:00:00,6,1,5,FMN GV 18 Kasterlee
84,Oudemolsedijk,2023-03-08,13:00:00,3,3,0,FMN GV 18 Kasterlee
84,Oudemolsedijk,2023-03-08,14:00:00,8,3,5,FMN GV 18 Kasterlee
84,Oudemolsedijk,2023-03-08,15:00:00,8,2,6,FMN GV 18 Kasterlee
84,Oudemolsedijk,2023-03-08,16:00:00,18,10,8,FMN GV 18 Kasterlee
84,Oudemolsedijk,2023-03-08,17:00:00,3,1,2,FMN GV 18 Kasterlee
84,Oudemolsedijk,2023-03-08,18:00:00,2,0,2,FMN GV 18 Kasterlee
84,Oudemolsedijk,2023-03-08,19:00:00,0,0,0,FMN GV 18 Kasterlee
84,Oudemolsedijk,2023-03-08,20:00:00,0,0,0,FMN GV 18 Kasterlee
84,Oudemolsedijk,2023-03-08,21:00:00,1,0,1,FMN GV 18 Kasterlee
84,Oudemolsedijk,2023-03-08,22:00:00,0,0,0,FMN GV 18 Kasterlee
84,Oudemolsedijk,2023-03-08,23:00:00,0,0,0,FMN GV 18 Kasterlee
84,Oudemolsedijk,2023-03-09,00:00:00,0,0,0,FMN GV 18 Kasterlee
84,Oudemolsedijk,2023-03-09,01:00:00,0,0,0,FMN GV 18 Kasterlee
84,Oudemolsedijk,2023-03-09,02:00:00,0,0,0,FMN GV 18 Kasterlee
84,Oudemolsedijk,2023-03-09,03:00:00,0,0,0,FMN GV 18 Kasterlee
84,Oudemolsedijk,2023-03-09,04:00:00,0,0,0,FMN GV 18 Kasterlee
84,Oudemolsedijk,2023-03-09,05:00:00,3,3,0,FMN GV 18 Kasterlee
84,Oudemolsedijk,2023-03-09,06:00:00,7,1,6,FMN GV 18 Kasterlee
84,Oudemolsedijk,2023-03-09,07:00:00,15,7,8,FMN GV 18 Kasterlee
84,Oudemolsedijk,2023-03-09,08:00:00,13,9,4,FMN GV 18 Kasterlee
84,Oudemolsedijk,2023-03-09,09:00:00,4,2,2,FMN GV 18 Kasterlee
84,Oudemolsedijk,2023-03-09,10:00:00,4,2,2,FMN GV 18 Kasterlee
84,Oudemolsedijk,2023-03-09,11:00:00,10,6,4,FMN GV 18 Kasterlee
84,Oudemolsedijk,2023-03-09,12:00:00,7,5,2,FMN GV 18 Kasterlee
84,Oudemolsedijk,2023-03-09,13:00:00,3,1,2,FMN GV 18 Kasterlee
84,Oudemolsedijk,2023-03-09,14:00:00,2,1,1,FMN GV 18 Kasterlee
84,Oudemolsedijk,2023-03-09,15:00:00,7,1,6,FMN GV 18 Kasterlee
84,Oudemolsedijk,2023-03-09,16:00:00,21,9,12,FMN GV 18 Kasterlee
84,Oudemolsedijk,2023-03-09,17:00:00,17,9,8,FMN GV 18 Kasterlee
84,Oudemolsedijk,2023-03-09,18:00:00,4,1,3,FMN GV 18 Kasterlee
84,Oudemolsedijk,2023-03-09,19:00:00,0,0,0,FMN GV 18 Kasterlee
84,Oudemolsedijk,2023-03-09,20:00:00,0,0,0,FMN GV 18 Kasterlee
84,Oudemolsedijk,2023-03-09,21:00:00,1,0,1,FMN GV 18 Kasterlee
84,Oudemolsedijk,2023-03-09,22:00:00,0,0,0,FMN GV 18 Kasterlee
84,Oudemolsedijk,2023-03-09,23:00:00,0,0,0,FMN GV 18 Kasterlee
84,Oudemolsedijk,2023-03-10,00:00:00,1,1,0,FMN GV 18 Kasterlee
84,Oudemolsedijk,2023-03-10,01:00:00,0,0,0,FMN GV 18 Kasterlee
84,Oudemolsedijk,2023-03-10,02:00:00,0,0,0,FMN GV 18 Kasterlee
84,Oudemolsedijk,2023-03-10,03:00:00,0,0,0,FMN GV 18 Kasterlee
84,Oudemolsedijk,2023-03-10,04:00:00,0,0,0,FMN GV 18 Kasterlee
84,Oudemolsedijk,2023-03-10,05:00:00,3,3,0,FMN GV 18 Kasterlee
84,Oudemolsedijk,2023-03-10,06:00:00,16,7,9,FMN GV 18 Kasterlee
84,Oudemolsedijk,2023-03-10,07:00:00,8,4,4,FMN GV 18 Kasterlee
84,Oudemolsedijk,2023-03-10,08:00:00,12,10,2,FMN GV 18 Kasterlee
84,Oudemolsedijk,2023-03-10,09:00:00,1,1,0,FMN GV 18 Kasterlee
84,Oudemolsedijk,2023-03-10,10:00:00,10,5,5,FMN GV 18 Kasterlee
84,Oudemolsedijk,2023-03-10,11:00:00,3,1,2,FMN GV 18 Kasterlee
84,Oudemolsedijk,2023-03-10,12:00:00,3,0,3,FMN GV 18 Kasterlee
84,Oudemolsedijk,2023-03-10,13:00:00,9,3,6,FMN GV 18 Kasterlee
84,Oudemolsedijk,2023-03-10,14:00:00,10,1,9,FMN GV 18 Kasterlee
84,Oudemolsedijk,2023-03-10,15:00:00,11,6,5,FMN GV 18 Kasterlee
84,Oudemolsedijk,2023-03-10,16:00:00,10,3,7,FMN GV 18 Kasterlee
84,Oudemolsedijk,2023-03-10,17:00:00,11,5,6,FMN GV 18 Kasterlee
84,Oudemolsedijk,2023-03-10,18:00:00,6,2,4,FMN GV 18 Kasterlee
84,Oudemolsedijk,2023-03-10,19:00:00,1,0,1,FMN GV 18 Kasterlee
84,Oudemolsedijk,2023-03-10,20:00:00,0,0,0,FMN GV 18 Kasterlee
84,Oudemolsedijk,2023-03-10,21:00:00,0,0,0,FMN GV 18 Kasterlee
84,Oudemolsedijk,2023-03-10,22:00:00,0,0,0,FMN GV 18 Kasterlee
84,Oudemolsedijk,2023-03-10,23:00:00,0,0,0,FMN GV 18 Kasterlee
84,Oudemolsedijk,2023-03-11,00:00:00,0,0,0,FMN GV 18 Kasterlee
84,Oudemolsedijk,2023-03-11,01:00:00,0,0,0,FMN GV 18 Kasterlee
84,Oudemolsedijk,2023-03-11,02:00:00,0,0,0,FMN GV 18 Kasterlee
84,Oudemolsedijk,2023-03-11,03:00:00,0,0,0,FMN GV 18 Kasterlee
84,Oudemolsedijk,2023-03-11,04:00:00,2,2,0,FMN GV 18 Kasterlee
84,Oudemolsedijk,2023-03-11,05:00:00,0,0,0,FMN GV 18 Kasterlee
84,Oudemolsedijk,2023-03-11,06:00:00,2,1,1,FMN GV 18 Kasterlee
84,Oudemolsedijk,2023-03-11,07:00:00,0,0,0,FMN GV 18 Kasterlee
84,Oudemolsedijk,2023-03-11,08:00:00,2,1,1,FMN GV 18 Kasterlee
84,Oudemolsedijk,2023-03-11,09:00:00,27,4,23,FMN GV 18 Kasterlee
84,Oudemolsedijk,2023-03-11,10:00:00,10,4,6,FMN GV 18 Kasterlee
84,Oudemolsedijk,2023-03-11,11:00:00,42,26,16,FMN GV 18 Kasterlee
84,Oudemolsedijk,2023-03-11,12:00:00,38,22,16,FMN GV 18 Kasterlee
84,Oudemolsedijk,2023-03-11,13:00:00,84,49,35,FMN GV 18 Kasterlee
84,Oudemolsedijk,2023-03-11,14:00:00,113,58,55,FMN GV 18 Kasterlee
84,Oudemolsedijk,2023-03-11,15:00:00,61,32,29,FMN GV 18 Kasterlee
84,Oudemolsedijk,2023-03-11,16:00:00,56,33,23,FMN GV 18 Kasterlee
84,Oudemolsedijk,2023-03-11,17:00:00,24,14,10,FMN GV 18 Kasterlee
84,Oudemolsedijk,2023-03-11,18:00:00,10,7,3,FMN GV 18 Kasterlee
84,Oudemolsedijk,2023-03-11,19:00:00,5,5,0,FMN GV 18 Kasterlee
84,Oudemolsedijk,2023-03-11,20:00:00,0,0,0,FMN GV 18 Kasterlee
84,Oudemolsedijk,2023-03-11,21:00:00,1,1,0,FMN GV 18 Kasterlee
84,Oudemolsedijk,2023-03-11,22:00:00,2,0,2,FMN GV 18 Kasterlee
84,Oudemolsedijk,2023-03-11,23:00:00,1,0,1,FMN GV 18 Kasterlee
84,Oudemolsedijk,2023-03-12,00:00:00,2,0,2,FMN GV 18 Kasterlee
84,Oudemolsedijk,2023-03-12,01:00:00,1,0,1,FMN GV 18 Kasterlee
84,Oudemolsedijk,2023-03-12,02:00:00,0,0,0,FMN GV 18 Kasterlee
84,Oudemolsedijk,2023-03-12,03:00:00,0,0,0,FMN GV 18 Kasterlee
84,Oudemolsedijk,2023-03-12,04:00:00,3,0,3,FMN GV 18 Kasterlee
84,Oudemolsedijk,2023-03-12,05:00:00,1,1,0,FMN GV 18 Kasterlee
84,Oudemolsedijk,2023-03-12,06:00:00,3,3,0,FMN GV 18 Kasterlee
84,Oudemolsedijk,2023-03-12,07:00:00,4,0,4,FMN GV 18 Kasterlee
84,Oudemolsedijk,2023-03-12,08:00:00,5,3,2,FMN GV 18 Kasterlee
84,Oudemolsedijk,2023-03-12,09:00:00,27,13,14,FMN GV 18 Kasterlee
84,Oudemolsedijk,2023-03-12,10:00:00,47,31,16,FMN GV 18 Kasterlee
84,Oudemolsedijk,2023-03-12,11:00:00,48,37,11,FMN GV 18 Kasterlee
84,Oudemolsedijk,2023-03-12,12:00:00,14,8,6,FMN GV 18 Kasterlee
84,Oudemolsedijk,2023-03-12,13:00:00,13,10,3,FMN GV 18 Kasterlee
84,Oudemolsedijk,2023-03-12,14:00:00,44,28,16,FMN GV 18 Kasterlee
84,Oudemolsedijk,2023-03-12,15:00:00,27,7,20,FMN GV 18 Kasterlee
84,Oudemolsedijk,2023-03-12,16:00:00,12,9,3,FMN GV 18 Kasterlee
84,Oudemolsedijk,2023-03-12,17:00:00,16,6,10,FMN GV 18 Kasterlee
84,Oudemolsedijk,2023-03-12,18:00:00,2,1,1,FMN GV 18 Kasterlee
84,Oudemolsedijk,2023-03-12,19:00:00,1,0,1,FMN GV 18 Kasterlee
84,Oudemolsedijk,2023-03-12,20:00:00,2,1,1,FMN GV 18 Kasterlee
84,Oudemolsedijk,2023-03-12,21:00:00,0,0,0,FMN GV 18 Kasterlee
84,Oudemolsedijk,2023-03-12,22:00:00,1,1,0,FMN GV 18 Kasterlee
84,Oudemolsedijk,2023-03-12,23:00:00,0,0,0,FMN GV 18 Kasterlee
84,Oudemolsedijk,2023-03-13,00:00:00,0,0,0,FMN GV 18 Kasterlee
84,Oudemolsedijk,2023-03-13,01:00:00,0,0,0,FMN GV 18 Kasterlee
84,Oudemolsedijk,2023-03-13,02:00:00,0,0,0,FMN GV 18 Kasterlee
84,Oudemolsedijk,2023-03-13,03:00:00,0,0,0,FMN GV 18 Kasterlee
84,Oudemolsedijk,2023-03-13,04:00:00,1,1,0,FMN GV 18 Kasterlee
84,Oudemolsedijk,2023-03-13,05:00:00,4,4,0,FMN GV 18 Kasterlee
84,Oudemolsedijk,2023-03-13,06:00:00,13,6,7,FMN GV 18 Kasterlee
84,Oudemolsedijk,2023-03-13,07:00:00,17,10,7,FMN GV 18 Kasterlee
84,Oudemolsedijk,2023-03-13,08:00:00,20,14,6,FMN GV 18 Kasterlee
84,Oudemolsedijk,2023-03-13,09:00:00,7,4,3,FMN GV 18 Kasterlee
84,Oudemolsedijk,2023-03-13,10:00:00,1,0,1,FMN GV 18 Kasterlee
84,Oudemolsedijk,2023-03-13,11:00:00,4,2,2,FMN GV 18 Kasterlee
84,Oudemolsedijk,2023-03-13,12:00:00,10,6,4,FMN GV 18 Kasterlee
84,Oudemolsedijk,2023-03-13,13:00:00,29,26,3,FMN GV 18 Kasterlee
84,Oudemolsedijk,2023-03-13,14:00:00,30,14,16,FMN GV 18 Kasterlee
84,Oudemolsedijk,2023-03-13,15:00:00,17,8,9,FMN GV 18 Kasterlee
84,Oudemolsedijk,2023-03-13,16:00:00,22,9,13,FMN GV 18 Kasterlee
84,Oudemolsedijk,2023-03-13,17:00:00,24,10,14,FMN GV 18 Kasterlee
84,Oudemolsedijk,2023-03-13,18:00:00,10,4,6,FMN GV 18 Kasterlee
84,Oudemolsedijk,2023-03-13,19:00:00,5,2,3,FMN GV 18 Kasterlee
84,Oudemolsedijk,2023-03-13,20:00:00,1,1,0,FMN GV 18 Kasterlee
84,Oudemolsedijk,2023-03-13,21:00:00,1,0,1,FMN GV 18 Kasterlee
84,Oudemolsedijk,2023-03-13,22:00:00,4,2,2,FMN GV 18 Kasterlee
84,Oudemolsedijk,2023-03-13,23:00:00,0,0,0,FMN GV 18 Kasterlee
84,Oudemolsedijk,2023-03-14,00:00:00,0,0,0,FMN GV 18 Kasterlee
84,Oudemolsedijk,2023-03-14,01:00:00,0,0,0,FMN GV 18 Kasterlee
84,Oudemolsedijk,2023-03-14,02:00:00,0,0,0,FMN GV 18 Kasterlee
84,Oudemolsedijk,2023-03-14,03:00:00,1,1,0,FMN GV 18 Kasterlee
84,Oudemolsedijk,2023-03-14,04:00:00,1,1,0,FMN GV 18 Kasterlee
84,Oudemolsedijk,2023-03-14,05:00:00,1,1,0,FMN GV 18 Kasterlee
84,Oudemolsedijk,2023-03-14,06:00:00,18,7,11,FMN GV 18 Kasterlee
84,Oudemolsedijk,2023-03-14,07:00:00,14,4,10,FMN GV 18 Kasterlee
84,Oudemolsedijk,2023-03-14,08:00:00,12,7,5,FMN GV 18 Kasterlee
84,Oudemolsedijk,2023-03-14,09:00:00,3,0,3,FMN GV 18 Kasterlee
84,Oudemolsedijk,2023-03-14,10:00:00,6,0,6,FMN GV 18 Kasterlee
84,Oudemolsedijk,2023-03-14,11:00:00,1,1,0,FMN GV 18 Kasterlee
84,Oudemolsedijk,2023-03-14,12:00:00,4,2,2,FMN GV 18 Kasterlee
84,Oudemolsedijk,2023-03-14,13:00:00,4,4,0,FMN GV 18 Kasterlee
84,Oudemolsedijk,2023-03-14,14:00:00,15,7,8,FMN GV 18 Kasterlee
84,Oudemolsedijk,2023-03-14,15:00:00,14,7,7,FMN GV 18 Kasterlee
84,Oudemolsedijk,2023-03-14,16:00:00,25,12,13,FMN GV 18 Kasterlee
84,Oudemolsedijk,2023-03-14,17:00:00,12,9,3,FMN GV 18 Kasterlee
84,Oudemolsedijk,2023-03-14,18:00:00,4,2,2,FMN GV 18 Kasterlee
84,Oudemolsedijk,2023-03-14,19:00:00,7,6,1,FMN GV 18 Kasterlee
84,Oudemolsedijk,2023-03-14,20:00:00,9,8,1,FMN GV 18 Kasterlee
84,Oudemolsedijk,2023-03-14,21:00:00,0,0,0,FMN GV 18 Kasterlee
84,Oudemolsedijk,2023-03-14,22:00:00,3,1,2,FMN GV 18 Kasterlee
84,Oudemolsedijk,2023-03-14,23:00:00,1,1,0,FMN GV 18 Kasterlee
84,Oudemolsedijk,2023-03-15,00:00:00,0,0,0,FMN GV 18 Kasterlee
84,Oudemolsedijk,2023-03-15,01:00:00,0,0,0,FMN GV 18 Kasterlee
84,Oudemolsedijk,2023-03-15,02:00:00,0,0,0,FMN GV 18 Kasterlee
84,Oudemolsedijk,2023-03-15,03:00:00,0,0,0,FMN GV 18 Kasterlee
84,Oudemolsedijk,2023-03-15,04:00:00,1,1,0,FMN GV 18 Kasterlee
84,Oudemolsedijk,2023-03-15,05:00:00,2,2,0,FMN GV 18 Kasterlee
84,Oudemolsedijk,2023-03-15,06:00:00,15,11,4,FMN GV 18 Kasterlee
84,Oudemolsedijk,2023-03-15,07:00:00,21,9,12,FMN GV 18 Kasterlee
84,Oudemolsedijk,2023-03-15,08:00:00,24,13,11,FMN GV 18 Kasterlee
84,Oudemolsedijk,2023-03-15,09:00:00,6,3,3,FMN GV 18 Kasterlee
84,Oudemolsedijk,2023-03-15,10:00:00,36,13,23,FMN GV 18 Kasterlee
84,Oudemolsedijk,2023-03-15,11:00:00,18,10,8,FMN GV 18 Kasterlee
84,Oudemolsedijk,2023-03-15,12:00:00,19,10,9,FMN GV 18 Kasterlee
84,Oudemolsedijk,2023-03-15,13:00:00,36,19,17,FMN GV 18 Kasterlee
84,Oudemolsedijk,2023-03-15,14:00:00,40,16,24,FMN GV 18 Kasterlee
84,Oudemolsedijk,2023-03-15,15:00:00,57,36,21,FMN GV 18 Kasterlee
84,Oudemolsedijk,2023-03-15,16:00:00,49,23,26,FMN GV 18 Kasterlee
84,Oudemolsedijk,2023-03-15,17:00:00,26,13,13,FMN GV 18 Kasterlee
84,Oudemolsedijk,2023-03-15,18:00:00,15,8,7,FMN GV 18 Kasterlee
84,Oudemolsedijk,2023-03-15,19:00:00,12,9,3,FMN GV 18 Kasterlee
84,Oudemolsedijk,2023-03-15,20:00:00,9,4,5,FMN GV 18 Kasterlee
84,Oudemolsedijk,2023-03-15,21:00:00,1,1,0,FMN GV 18 Kasterlee
84,Oudemolsedijk,2023-03-15,22:00:00,4,1,3,FMN GV 18 Kasterlee
84,Oudemolsedijk,2023-03-15,23:00:00,0,0,0,FMN GV 18 Kasterlee
84,Oudemolsedijk,2023-03-16,00:00:00,1,1,0,FMN GV 18 Kasterlee
84,Oudemolsedijk,2023-03-16,01:00:00,0,0,0,FMN GV 18 Kasterlee
84,Oudemolsedijk,2023-03-16,02:00:00,0,0,0,FMN GV 18 Kasterlee
84,Oudemolsedijk,2023-03-16,03:00:00,0,0,0,FMN GV 18 Kasterlee
84,Oudemolsedijk,2023-03-16,04:00:00,1,1,0,FMN GV 18 Kasterlee
84,Oudemolsedijk,2023-03-16,05:00:00,4,4,0,FMN GV 18 Kasterlee
84,Oudemolsedijk,2023-03-16,06:00:00,14,4,10,FMN GV 18 Kasterlee
84,Oudemolsedijk,2023-03-16,07:00:00,23,16,7,FMN GV 18 Kasterlee
84,Oudemolsedijk,2023-03-16,08:00:00,18,7,11,FMN GV 18 Kasterlee
84,Oudemolsedijk,2023-03-16,09:00:00,15,5,10,FMN GV 18 Kasterlee
84,Oudemolsedijk,2023-03-16,10:00:00,10,3,7,FMN GV 18 Kasterlee
84,Oudemolsedijk,2023-03-16,11:00:00,16,6,10,FMN GV 18 Kasterlee
84,Oudemolsedijk,2023-03-16,12:00:00,29,14,15,FMN GV 18 Kasterlee
84,Oudemolsedijk,2023-03-16,13:00:00,64,19,45,FMN GV 18 Kasterlee
84,Oudemolsedijk,2023-03-16,14:00:00,77,54,23,FMN GV 18 Kasterlee
84,Oudemolsedijk,2023-03-16,15:00:00,84,48,36,FMN GV 18 Kasterlee
84,Oudemolsedijk,2023-03-16,16:00:00,67,42,25,FMN GV 18 Kasterlee
84,Oudemolsedijk,2023-03-16,17:00:00,51,32,19,FMN GV 18 Kasterlee
84,Oudemolsedijk,2023-03-16,18:00:00,18,11,7,FMN GV 18 Kasterlee
84,Oudemolsedijk,2023-03-16,19:00:00,13,8,5,FMN GV 18 Kasterlee
84,Oudemolsedijk,2023-03-16,20:00:00,0,0,0,FMN GV 18 Kasterlee
84,Oudemolsedijk,2023-03-16,21:00:00,1,1,0,FMN GV 18 Kasterlee
84,Oudemolsedijk,2023-03-16,22:00:00,6,0,6,FMN GV 18 Kasterlee
84,Oudemolsedijk,2023-03-16,23:00:00,0,0,0,FMN GV 18 Kasterlee
84,Oudemolsedijk,2023-03-17,00:00:00,0,0,0,FMN GV 18 Kasterlee
84,Oudemolsedijk,2023-03-17,01:00:00,0,0,0,FMN GV 18 Kasterlee
84,Oudemolsedijk,2023-03-17,02:00:00,0,0,0,FMN GV 18 Kasterlee
84,Oudemolsedijk,2023-03-17,03:00:00,0,0,0,FMN GV 18 Kasterlee
84,Oudemolsedijk,2023-03-17,04:00:00,1,1,0,FMN GV 18 Kasterlee
84,Oudemolsedijk,2023-03-17,05:00:00,5,5,0,FMN GV 18 Kasterlee
84,Oudemolsedijk,2023-03-17,06:00:00,21,12,9,FMN GV 18 Kasterlee
84,Oudemolsedijk,2023-03-17,07:00:00,30,14,16,FMN GV 18 Kasterlee
84,Oudemolsedijk,2023-03-17,08:00:00,21,13,8,FMN GV 18 Kasterlee
84,Oudemolsedijk,2023-03-17,09:00:00,12,8,4,FMN GV 18 Kasterlee
84,Oudemolsedijk,2023-03-17,10:00:00,13,6,7,FMN GV 18 Kasterlee
84,Oudemolsedijk,2023-03-17,11:00:00,13,10,3,FMN GV 18 Kasterlee
84,Oudemolsedijk,2023-03-17,12:00:00,25,9,16,FMN GV 18 Kasterlee
84,Oudemolsedijk,2023-03-17,13:00:00,36,14,22,FMN GV 18 Kasterlee
84,Oudemolsedijk,2023-03-17,14:00:00,65,27,38,FMN GV 18 Kasterlee
84,Oudemolsedijk,2023-03-17,15:00:00,71,42,29,FMN GV 18 Kasterlee
84,Oudemolsedijk,2023-03-17,16:00:00,42,26,16,FMN GV 18 Kasterlee
84,Oudemolsedijk,2023-03-17,17:00:00,34,16,18,FMN GV 18 Kasterlee
84,Oudemolsedijk,2023-03-17,18:00:00,16,8,8,FMN GV 18 Kasterlee
84,Oudemolsedijk,2023-03-17,19:00:00,2,0,2,FMN GV 18 Kasterlee
84,Oudemolsedijk,2023-03-17,20:00:00,6,3,3,FMN GV 18 Kasterlee
84,Oudemolsedijk,2023-03-17,21:00:00,0,0,0,FMN GV 18 Kasterlee
84,Oudemolsedijk,2023-03-17,22:00:00,2,1,1,FMN GV 18 Kasterlee
84,Oudemolsedijk,2023-03-17,23:00:00,1,0,1,FMN GV 18 Kasterlee
84,Oudemolsedijk,2023-03-18,00:00:00,2,1,1,FMN GV 18 Kasterlee
84,Oudemolsedijk,2023-03-18,01:00:00,1,0,1,FMN GV 18 Kasterlee
84,Oudemolsedijk,2023-03-18,02:00:00,3,2,1,FMN GV 18 Kasterlee
84,Oudemolsedijk,2023-03-18,03:00:00,0,0,0,FMN GV 18 Kasterlee
84,Oudemolsedijk,2023-03-18,04:00:00,3,1,2,FMN GV 18 Kasterlee
84,Oudemolsedijk,2023-03-18,05:00:00,0,0,0,FMN GV 18 Kasterlee
84,Oudemolsedijk,2023-03-18,06:00:00,4,2,2,FMN GV 18 Kasterlee
84,Oudemolsedijk,2023-03-18,07:00:00,5,4,1,FMN GV 18 Kasterlee
84,Oudemolsedijk,2023-03-18,08:00:00,24,4,20,FMN GV 18 Kasterlee
84,Oudemolsedijk,2023-03-18,09:00:00,28,10,18,FMN GV 18 Kasterlee
84,Oudemolsedijk,2023-03-18,10:00:00,33,18,15,FMN GV 18 Kasterlee
84,Oudemolsedijk,2023-03-18,11:00:00,36,19,17,FMN GV 18 Kasterlee
84,Oudemolsedijk,2023-03-18,12:00:00,42,21,21,FMN GV 18 Kasterlee
84,Oudemolsedijk,2023-03-18,13:00:00,33,24,9,FMN GV 18 Kasterlee
84,Oudemolsedijk,2023-03-18,14:00:00,43,25,18,FMN GV 18 Kasterlee
84,Oudemolsedijk,2023-03-18,15:00:00,86,53,33,FMN GV 18 Kasterlee
84,Oudemolsedijk,2023-03-18,16:00:00,23,14,9,FMN GV 18 Kasterlee
84,Oudemolsedijk,2023-03-18,17:00:00,17,13,4,FMN GV 18 Kasterlee
84,Oudemolsedijk,2023-03-18,18:00:00,2,2,0,FMN GV 18 Kasterlee
84,Oudemolsedijk,2023-03-18,19:00:00,4,3,1,FMN GV 18 Kasterlee
84,Oudemolsedijk,2023-03-18,20:00:00,1,0,1,FMN GV 18 Kasterlee
84,Oudemolsedijk,2023-03-18,21:00:00,1,1,0,FMN GV 18 Kasterlee
84,Oudemolsedijk,2023-03-18,22:00:00,1,1,0,FMN GV 18 Kasterlee
84,Oudemolsedijk,2023-03-18,23:00:00,1,0,1,FMN GV 18 Kasterlee
84,Oudemolsedijk,2023-03-19,00:00:00,0,0,0,FMN GV 18 Kasterlee
84,Oudemolsedijk,2023-03-19,01:00:00,0,0,0,FMN GV 18 Kasterlee
84,Oudemolsedijk,2023-03-19,02:00:00,0,0,0,FMN GV 18 Kasterlee
84,Oudemolsedijk,2023-03-19,03:00:00,1,0,1,FMN GV 18 Kasterlee
84,Oudemolsedijk,2023-03-19,04:00:00,0,0,0,FMN GV 18 Kasterlee
84,Oudemolsedijk,2023-03-19,05:00:00,0,0,0,FMN GV 18 Kasterlee
84,Oudemolsedijk,2023-03-19,06:00:00,0,0,0,FMN GV 18 Kasterlee
84,Oudemolsedijk,2023-03-19,07:00:00,11,2,9,FMN GV 18 Kasterlee
84,Oudemolsedijk,2023-03-19,08:00:00,25,8,17,FMN GV 18 Kasterlee
84,Oudemolsedijk,2023-03-19,09:00:00,115,65,50,FMN GV 18 Kasterlee
84,Oudemolsedijk,2023-03-19,10:00:00,117,84,33,FMN GV 18 Kasterlee
84,Oudemolsedijk,2023-03-19,11:00:00,78,49,29,FMN GV 18 Kasterlee
84,Oudemolsedijk,2023-03-19,12:00:00,31,19,12,FMN GV 18 Kasterlee
84,Oudemolsedijk,2023-03-19,13:00:00,58,34,24,FMN GV 18 Kasterlee
84,Oudemolsedijk,2023-03-19,14:00:00,66,32,34,FMN GV 18 Kasterlee
84,Oudemolsedijk,2023-03-19,15:00:00,69,39,30,FMN GV 18 Kasterlee
84,Oudemolsedijk,2023-03-19,16:00:00,39,31,8,FMN GV 18 Kasterlee
84,Oudemolsedijk,2023-03-19,17:00:00,23,12,11,FMN GV 18 Kasterlee
84,Oudemolsedijk,2023-03-19,18:00:00,9,8,1,FMN GV 18 Kasterlee
84,Oudemolsedijk,2023-03-19,19:00:00,5,2,3,FMN GV 18 Kasterlee
84,Oudemolsedijk,2023-03-19,20:00:00,3,0,3,FMN GV 18 Kasterlee
84,Oudemolsedijk,2023-03-19,21:00:00,3,1,2,FMN GV 18 Kasterlee
84,Oudemolsedijk,2023-03-19,22:00:00,4,2,2,FMN GV 18 Kasterlee
84,Oudemolsedijk,2023-03-19,23:00:00,2,2,0,FMN GV 18 Kasterlee
84,Oudemolsedijk,2023-03-20,00:00:00,0,0,0,FMN GV 18 Kasterlee
84,Oudemolsedijk,2023-03-20,01:00:00,0,0,0,FMN GV 18 Kasterlee
84,Oudemolsedijk,2023-03-20,02:00:00,0,0,0,FMN GV 18 Kasterlee
84,Oudemolsedijk,2023-03-20,03:00:00,0,0,0,FMN GV 18 Kasterlee
84,Oudemolsedijk,2023-03-20,04:00:00,1,1,0,FMN GV 18 Kasterlee
84,Oudemolsedijk,2023-03-20,05:00:00,3,3,0,FMN GV 18 Kasterlee
84,Oudemolsedijk,2023-03-20,06:00:00,17,9,8,FMN GV 18 Kasterlee
84,Oudemolsedijk,2023-03-20,07:00:00,36,20,16,FMN GV 18 Kasterlee
84,Oudemolsedijk,2023-03-20,08:00:00,22,11,11,FMN GV 18 Kasterlee
84,Oudemolsedijk,2023-03-20,09:00:00,8,2,6,FMN GV 18 Kasterlee
84,Oudemolsedijk,2023-03-20,10:00:00,11,9,2,FMN GV 18 Kasterlee
84,Oudemolsedijk,2023-03-20,11:00:00,4,2,2,FMN GV 18 Kasterlee
84,Oudemolsedijk,2023-03-20,12:00:00,7,3,4,FMN GV 18 Kasterlee
84,Oudemolsedijk,2023-03-20,13:00:00,31,4,27,FMN GV 18 Kasterlee
84,Oudemolsedijk,2023-03-20,14:00:00,25,15,10,FMN GV 18 Kasterlee
84,Oudemolsedijk,2023-03-20,15:00:00,28,10,18,FMN GV 18 Kasterlee
84,Oudemolsedijk,2023-03-20,16:00:00,49,18,31,FMN GV 18 Kasterlee
84,Oudemolsedijk,2023-03-20,17:00:00,22,11,11,FMN GV 18 Kasterlee
84,Oudemolsedijk,2023-03-20,18:00:00,10,7,3,FMN GV 18 Kasterlee
84,Oudemolsedijk,2023-03-20,19:00:00,5,1,4,FMN GV 18 Kasterlee
84,Oudemolsedijk,2023-03-20,20:00:00,4,1,3,FMN GV 18 Kasterlee
84,Oudemolsedijk,2023-03-20,21:00:00,2,1,1,FMN GV 18 Kasterlee
84,Oudemolsedijk,2023-03-20,22:00:00,5,3,2,FMN GV 18 Kasterlee
84,Oudemolsedijk,2023-03-20,23:00:00,0,0,0,FMN GV 18 Kasterlee
84,Oudemolsedijk,2023-03-21,00:00:00,0,0,0,FMN GV 18 Kasterlee
84,Oudemolsedijk,2023-03-21,01:00:00,0,0,0,FMN GV 18 Kasterlee
84,Oudemolsedijk,2023-03-21,02:00:00,0,0,0,FMN GV 18 Kasterlee
84,Oudemolsedijk,2023-03-21,03:00:00,0,0,0,FMN GV 18 Kasterlee
84,Oudemolsedijk,2023-03-21,04:00:00,3,2,1,FMN GV 18 Kasterlee
84,Oudemolsedijk,2023-03-21,05:00:00,6,6,0,FMN GV 18 Kasterlee
84,Oudemolsedijk,2023-03-21,06:00:00,14,5,9,FMN GV 18 Kasterlee
84,Oudemolsedijk,2023-03-21,07:00:00,16,9,7,FMN GV 18 Kasterlee
84,Oudemolsedijk,2023-03-21,08:00:00,7,4,3,FMN GV 18 Kasterlee
84,Oudemolsedijk,2023-03-21,09:00:00,3,0,3,FMN GV 18 Kasterlee
84,Oudemolsedijk,2023-03-21,10:00:00,12,3,9,FMN GV 18 Kasterlee
84,Oudemolsedijk,2023-03-21,11:00:00,4,3,1,FMN GV 18 Kasterlee
84,Oudemolsedijk,2023-03-21,12:00:00,26,16,10,FMN GV 18 Kasterlee
84,Oudemolsedijk,2023-03-21,13:00:00,47,23,24,FMN GV 18 Kasterlee
84,Oudemolsedijk,2023-03-21,14:00:00,36,22,14,FMN GV 18 Kasterlee
84,Oudemolsedijk,2023-03-21,15:00:00,43,27,16,FMN GV 18 Kasterlee
84,Oudemolsedijk,2023-03-21,16:00:00,41,21,20,FMN GV 18 Kasterlee
84,Oudemolsedijk,2023-03-21,17:00:00,20,10,10,FMN GV 18 Kasterlee
84,Oudemolsedijk,2023-03-21,18:00:00,13,3,10,FMN GV 18 Kasterlee
84,Oudemolsedijk,2023-03-21,19:00:00,10,2,8,FMN GV 18 Kasterlee
84,Oudemolsedijk,2023-03-21,20:00:00,4,2,2,FMN GV 18 Kasterlee
84,Oudemolsedijk,2023-03-21,21:00:00,3,1,2,FMN GV 18 Kasterlee
84,Oudemolsedijk,2023-03-21,22:00:00,4,0,4,FMN GV 18 Kasterlee
84,Oudemolsedijk,2023-03-21,23:00:00,1,1,0,FMN GV 18 Kasterlee
84,Oudemolsedijk,2023-03-22,00:00:00,0,0,0,FMN GV 18 Kasterlee
84,Oudemolsedijk,2023-03-22,01:00:00,0,0,0,FMN GV 18 Kasterlee
84,Oudemolsedijk,2023-03-22,02:00:00,0,0,0,FMN GV 18 Kasterlee
84,Oudemolsedijk,2023-03-22,03:00:00,0,0,0,FMN GV 18 Kasterlee
84,Oudemolsedijk,2023-03-22,04:00:00,2,1,1,FMN GV 18 Kasterlee
84,Oudemolsedijk,2023-03-22,05:00:00,3,3,0,FMN GV 18 Kasterlee
84,Oudemolsedijk,2023-03-22,06:00:00,17,6,11,FMN GV 18 Kasterlee
84,Oudemolsedijk,2023-03-22,07:00:00,22,10,12,FMN GV 18 Kasterlee
84,Oudemolsedijk,2023-03-22,08:00:00,26,18,8,FMN GV 18 Kasterlee
84,Oudemolsedijk,2023-03-22,09:00:00,10,3,7,FMN GV 18 Kasterlee
84,Oudemolsedijk,2023-03-22,10:00:00,6,3,3,FMN GV 18 Kasterlee
84,Oudemolsedijk,2023-03-22,11:00:00,11,4,7,FMN GV 18 Kasterlee
84,Oudemolsedijk,2023-03-22,12:00:00,26,11,15,FMN GV 18 Kasterlee
84,Oudemolsedijk,2023-03-22,13:00:00,11,3,8,FMN GV 18 Kasterlee
84,Oudemolsedijk,2023-03-22,14:00:00,17,5,12,FMN GV 18 Kasterlee
84,Oudemolsedijk,2023-03-22,15:00:00,17,8,9,FMN GV 18 Kasterlee
84,Oudemolsedijk,2023-03-22,16:00:00,22,12,10,FMN GV 18 Kasterlee
84,Oudemolsedijk,2023-03-22,17:00:00,19,8,11,FMN GV 18 Kasterlee
84,Oudemolsedijk,2023-03-22,18:00:00,8,5,3,FMN GV 18 Kasterlee
84,Oudemolsedijk,2023-03-22,19:00:00,6,4,2,FMN GV 18 Kasterlee
84,Oudemolsedijk,2023-03-22,20:00:00,7,7,0,FMN GV 18 Kasterlee
84,Oudemolsedijk,2023-03-22,21:00:00,1,0,1,FMN GV 18 Kasterlee
84,Oudemolsedijk,2023-03-22,22:00:00,2,1,1,FMN GV 18 Kasterlee
84,Oudemolsedijk,2023-03-22,23:00:00,1,1,0,FMN GV 18 Kasterlee
84,Oudemolsedijk,2023-03-23,00:00:00,0,0,0,FMN GV 18 Kasterlee
84,Oudemolsedijk,2023-03-23,01:00:00,0,0,0,FMN GV 18 Kasterlee
84,Oudemolsedijk,2023-03-23,02:00:00,0,0,0,FMN GV 18 Kasterlee
84,Oudemolsedijk,2023-03-23,03:00:00,0,0,0,FMN GV 18 Kasterlee
84,Oudemolsedijk,2023-03-23,04:00:00,2,1,1,FMN GV 18 Kasterlee
84,Oudemolsedijk,2023-03-23,05:00:00,3,3,0,FMN GV 18 Kasterlee
84,Oudemolsedijk,2023-03-23,06:00:00,11,5,6,FMN GV 18 Kasterlee
84,Oudemolsedijk,2023-03-23,07:00:00,15,10,5,FMN GV 18 Kasterlee
84,Oudemolsedijk,2023-03-23,08:00:00,11,7,4,FMN GV 18 Kasterlee
84,Oudemolsedijk,2023-03-23,09:00:00,3,2,1,FMN GV 18 Kasterlee
84,Oudemolsedijk,2023-03-23,10:00:00,8,0,8,FMN GV 18 Kasterlee
84,Oudemolsedijk,2023-03-23,11:00:00,8,2,6,FMN GV 18 Kasterlee
84,Oudemolsedijk,2023-03-23,12:00:00,18,12,6,FMN GV 18 Kasterlee
84,Oudemolsedijk,2023-03-23,13:00:00,28,16,12,FMN GV 18 Kasterlee
84,Oudemolsedijk,2023-03-23,14:00:00,41,28,13,FMN GV 18 Kasterlee
84,Oudemolsedijk,2023-03-23,15:00:00,26,18,8,FMN GV 18 Kasterlee
84,Oudemolsedijk,2023-03-23,16:00:00,31,20,11,FMN GV 18 Kasterlee
84,Oudemolsedijk,2023-03-23,17:00:00,14,4,10,FMN GV 18 Kasterlee
84,Oudemolsedijk,2023-03-23,18:00:00,7,3,4,FMN GV 18 Kasterlee
84,Oudemolsedijk,2023-03-23,19:00:00,7,2,5,FMN GV 18 Kasterlee
84,Oudemolsedijk,2023-03-23,20:00:00,2,1,1,FMN GV 18 Kasterlee
84,Oudemolsedijk,2023-03-23,21:00:00,4,3,1,FMN GV 18 Kasterlee
84,Oudemolsedijk,2023-03-23,22:00:00,1,0,1,FMN GV 18 Kasterlee
84,Oudemolsedijk,2023-03-23,23:00:00,0,0,0,FMN GV 18 Kasterlee
84,Oudemolsedijk,2023-03-24,00:00:00,0,0,0,FMN GV 18 Kasterlee
84,Oudemolsedijk,2023-03-24,01:00:00,1,0,1,FMN GV 18 Kasterlee
84,Oudemolsedijk,2023-03-24,02:00:00,0,0,0,FMN GV 18 Kasterlee
84,Oudemolsedijk,2023-03-24,03:00:00,0,0,0,FMN GV 18 Kasterlee
84,Oudemolsedijk,2023-03-24,04:00:00,1,1,0,FMN GV 18 Kasterlee
84,Oudemolsedijk,2023-03-24,05:00:00,4,4,0,FMN GV 18 Kasterlee
84,Oudemolsedijk,2023-03-24,06:00:00,10,5,5,FMN GV 18 Kasterlee
84,Oudemolsedijk,2023-03-24,07:00:00,20,12,8,FMN GV 18 Kasterlee
84,Oudemolsedijk,2023-03-24,08:00:00,23,13,10,FMN GV 18 Kasterlee
84,Oudemolsedijk,2023-03-24,09:00:00,18,11,7,FMN GV 18 Kasterlee
84,Oudemolsedijk,2023-03-24,10:00:00,32,23,9,FMN GV 18 Kasterlee
84,Oudemolsedijk,2023-03-24,11:00:00,16,12,4,FMN GV 18 Kasterlee
84,Oudemolsedijk,2023-03-24,12:00:00,10,6,4,FMN GV 18 Kasterlee
84,Oudemolsedijk,2023-03-24,13:00:00,9,4,5,FMN GV 18 Kasterlee
84,Oudemolsedijk,2023-03-24,14:00:00,4,1,3,FMN GV 18 Kasterlee
84,Oudemolsedijk,2023-03-24,15:00:00,10,2,8,FMN GV 18 Kasterlee
84,Oudemolsedijk,2023-03-24,16:00:00,12,6,6,FMN GV 18 Kasterlee
84,Oudemolsedijk,2023-03-24,17:00:00,22,13,9,FMN GV 18 Kasterlee
84,Oudemolsedijk,2023-03-24,18:00:00,10,3,7,FMN GV 18 Kasterlee
84,Oudemolsedijk,2023-03-24,19:00:00,2,1,1,FMN GV 18 Kasterlee
84,Oudemolsedijk,2023-03-24,20:00:00,3,2,1,FMN GV 18 Kasterlee
84,Oudemolsedijk,2023-03-24,21:00:00,1,1,0,FMN GV 18 Kasterlee
84,Oudemolsedijk,2023-03-24,22:00:00,3,1,2,FMN GV 18 Kasterlee
84,Oudemolsedijk,2023-03-24,23:00:00,3,3,0,FMN GV 18 Kasterlee
84,Oudemolsedijk,2023-03-25,00:00:00,2,0,2,FMN GV 18 Kasterlee
84,Oudemolsedijk,2023-03-25,01:00:00,0,0,0,FMN GV 18 Kasterlee
84,Oudemolsedijk,2023-03-25,02:00:00,0,0,0,FMN GV 18 Kasterlee
84,Oudemolsedijk,2023-03-25,03:00:00,1,0,1,FMN GV 18 Kasterlee
84,Oudemolsedijk,2023-03-25,04:00:00,1,1,0,FMN GV 18 Kasterlee
84,Oudemolsedijk,2023-03-25,05:00:00,0,0,0,FMN GV 18 Kasterlee
84,Oudemolsedijk,2023-03-25,06:00:00,3,2,1,FMN GV 18 Kasterlee
84,Oudemolsedijk,2023-03-25,07:00:00,1,0,1,FMN GV 18 Kasterlee
84,Oudemolsedijk,2023-03-25,08:00:00,2,0,2,FMN GV 18 Kasterlee
84,Oudemolsedijk,2023-03-25,09:00:00,22,16,6,FMN GV 18 Kasterlee
84,Oudemolsedijk,2023-03-25,10:00:00,25,10,15,FMN GV 18 Kasterlee
84,Oudemolsedijk,2023-03-25,11:00:00,4,1,3,FMN GV 18 Kasterlee
84,Oudemolsedijk,2023-03-25,12:00:00,10,3,7,FMN GV 18 Kasterlee
84,Oudemolsedijk,2023-03-25,13:00:00,21,9,12,FMN GV 18 Kasterlee
84,Oudemolsedijk,2023-03-25,14:00:00,8,5,3,FMN GV 18 Kasterlee
84,Oudemolsedijk,2023-03-25,15:00:00,9,4,5,FMN GV 18 Kasterlee
84,Oudemolsedijk,2023-03-25,16:00:00,9,6,3,FMN GV 18 Kasterlee
84,Oudemolsedijk,2023-03-25,17:00:00,8,5,3,FMN GV 18 Kasterlee
84,Oudemolsedijk,2023-03-25,18:00:00,3,0,3,FMN GV 18 Kasterlee
84,Oudemolsedijk,2023-03-25,19:00:00,1,0,1,FMN GV 18 Kasterlee
84,Oudemolsedijk,2023-03-25,20:00:00,4,3,1,FMN GV 18 Kasterlee
84,Oudemolsedijk,2023-03-25,21:00:00,2,2,0,FMN GV 18 Kasterlee
84,Oudemolsedijk,2023-03-25,22:00:00,1,0,1,FMN GV 18 Kasterlee
84,Oudemolsedijk,2023-03-25,23:00:00,1,1,0,FMN GV 18 Kasterlee
84,Oudemolsedijk,2023-03-26,00:00:00,0,0,0,FMN GV 18 Kasterlee
84,Oudemolsedijk,2023-03-26,01:00:00,1,1,0,FMN GV 18 Kasterlee
84,Oudemolsedijk,2023-03-26,02:00:00,0,0,0,FMN GV 18 Kasterlee
84,Oudemolsedijk,2023-03-26,03:00:00,0,0,0,FMN GV 18 Kasterlee
84,Oudemolsedijk,2023-03-26,04:00:00,1,0,1,FMN GV 18 Kasterlee
84,Oudemolsedijk,2023-03-26,05:00:00,0,0,0,FMN GV 18 Kasterlee
84,Oudemolsedijk,2023-03-26,06:00:00,0,0,0,FMN GV 18 Kasterlee
84,Oudemolsedijk,2023-03-26,07:00:00,2,1,1,FMN GV 18 Kasterlee
84,Oudemolsedijk,2023-03-26,08:00:00,3,2,1,FMN GV 18 Kasterlee
84,Oudemolsedijk,2023-03-26,09:00:00,3,1,2,FMN GV 18 Kasterlee
84,Oudemolsedijk,2023-03-26,10:00:00,8,7,1,FMN GV 18 Kasterlee
84,Oudemolsedijk,2023-03-26,11:00:00,1,1,0,FMN GV 18 Kasterlee
84,Oudemolsedijk,2023-03-26,12:00:00,3,2,1,FMN GV 18 Kasterlee
84,Oudemolsedijk,2023-03-26,13:00:00,2,2,0,FMN GV 18 Kasterlee
84,Oudemolsedijk,2023-03-26,14:00:00,6,2,4,FMN GV 18 Kasterlee
84,Oudemolsedijk,2023-03-26,15:00:00,5,2,3,FMN GV 18 Kasterlee
84,Oudemolsedijk,2023-03-26,16:00:00,0,0,0,FMN GV 18 Kasterlee
84,Oudemolsedijk,2023-03-26,17:00:00,4,3,1,FMN GV 18 Kasterlee
84,Oudemolsedijk,2023-03-26,18:00:00,0,0,0,FMN GV 18 Kasterlee
84,Oudemolsedijk,2023-03-26,19:00:00,5,2,3,FMN GV 18 Kasterlee
84,Oudemolsedijk,2023-03-26,20:00:00,1,1,0,FMN GV 18 Kasterlee
84,Oudemolsedijk,2023-03-26,21:00:00,0,0,0,FMN GV 18 Kasterlee
84,Oudemolsedijk,2023-03-26,22:00:00,1,0,1,FMN GV 18 Kasterlee
84,Oudemolsedijk,2023-03-26,23:00:00,6,5,1,FMN GV 18 Kasterlee
84,Oudemolsedijk,2023-03-27,00:00:00,0,0,0,FMN GV 18 Kasterlee
84,Oudemolsedijk,2023-03-27,01:00:00,0,0,0,FMN GV 18 Kasterlee
84,Oudemolsedijk,2023-03-27,02:00:00,0,0,0,FMN GV 18 Kasterlee
84,Oudemolsedijk,2023-03-27,03:00:00,0,0,0,FMN GV 18 Kasterlee
84,Oudemolsedijk,2023-03-27,04:00:00,1,1,0,FMN GV 18 Kasterlee
84,Oudemolsedijk,2023-03-27,05:00:00,3,3,0,FMN GV 18 Kasterlee
84,Oudemolsedijk,2023-03-27,06:00:00,10,2,8,FMN GV 18 Kasterlee
84,Oudemolsedijk,2023-03-27,07:00:00,18,10,8,FMN GV 18 Kasterlee
84,Oudemolsedijk,2023-03-27,08:00:00,20,12,8,FMN GV 18 Kasterlee
84,Oudemolsedijk,2023-03-27,09:00:00,8,4,4,FMN GV 18 Kasterlee
84,Oudemolsedijk,2023-03-27,10:00:00,14,6,8,FMN GV 18 Kasterlee
84,Oudemolsedijk,2023-03-27,11:00:00,13,7,6,FMN GV 18 Kasterlee
84,Oudemolsedijk,2023-03-27,12:00:00,12,6,6,FMN GV 18 Kasterlee
84,Oudemolsedijk,2023-03-27,13:00:00,13,5,8,FMN GV 18 Kasterlee
84,Oudemolsedijk,2023-03-27,14:00:00,22,6,16,FMN GV 18 Kasterlee
84,Oudemolsedijk,2023-03-27,15:00:00,79,62,17,FMN GV 18 Kasterlee
84,Oudemolsedijk,2023-03-27,16:00:00,32,17,15,FMN GV 18 Kasterlee
84,Oudemolsedijk,2023-03-27,17:00:00,19,11,8,FMN GV 18 Kasterlee
84,Oudemolsedijk,2023-03-27,18:00:00,33,23,10,FMN GV 18 Kasterlee
84,Oudemolsedijk,2023-03-27,19:00:00,10,8,2,FMN GV 18 Kasterlee
84,Oudemolsedijk,2023-03-27,20:00:00,4,2,2,FMN GV 18 Kasterlee
84,Oudemolsedijk,2023-03-27,21:00:00,0,0,0,FMN GV 18 Kasterlee
84,Oudemolsedijk,2023-03-27,22:00:00,2,1,1,FMN GV 18 Kasterlee
84,Oudemolsedijk,2023-03-27,23:00:00,1,0,1,FMN GV 18 Kasterlee
84,Oudemolsedijk,2023-03-28,00:00:00,0,0,0,FMN GV 18 Kasterlee
84,Oudemolsedijk,2023-03-28,01:00:00,0,0,0,FMN GV 18 Kasterlee
84,Oudemolsedijk,2023-03-28,02:00:00,0,0,0,FMN GV 18 Kasterlee
84,Oudemolsedijk,2023-03-28,03:00:00,0,0,0,FMN GV 18 Kasterlee
84,Oudemolsedijk,2023-03-28,04:00:00,1,1,0,FMN GV 18 Kasterlee
84,Oudemolsedijk,2023-03-28,05:00:00,3,3,0,FMN GV 18 Kasterlee
84,Oudemolsedijk,2023-03-28,06:00:00,14,4,10,FMN GV 18 Kasterlee
84,Oudemolsedijk,2023-03-28,07:00:00,28,11,17,FMN GV 18 Kasterlee
84,Oudemolsedijk,2023-03-28,08:00:00,17,8,9,FMN GV 18 Kasterlee
84,Oudemolsedijk,2023-03-28,09:00:00,16,7,9,FMN GV 18 Kasterlee
84,Oudemolsedijk,2023-03-28,10:00:00,21,11,10,FMN GV 18 Kasterlee
84,Oudemolsedijk,2023-03-28,11:00:00,13,7,6,FMN GV 18 Kasterlee
84,Oudemolsedijk,2023-03-28,12:00:00,15,8,7,FMN GV 18 Kasterlee
84,Oudemolsedijk,2023-03-28,13:00:00,58,28,30,FMN GV 18 Kasterlee
84,Oudemolsedijk,2023-03-28,14:00:00,53,25,28,FMN GV 18 Kasterlee
84,Oudemolsedijk,2023-03-28,15:00:00,51,20,31,FMN GV 18 Kasterlee
84,Oudemolsedijk,2023-03-28,16:00:00,63,42,21,FMN GV 18 Kasterlee
84,Oudemolsedijk,2023-03-28,17:00:00,27,17,10,FMN GV 18 Kasterlee
84,Oudemolsedijk,2023-03-28,18:00:00,25,11,14,FMN GV 18 Kasterlee
84,Oudemolsedijk,2023-03-28,19:00:00,19,6,13,FMN GV 18 Kasterlee
84,Oudemolsedijk,2023-03-28,20:00:00,6,5,1,FMN GV 18 Kasterlee
84,Oudemolsedijk,2023-03-28,21:00:00,6,5,1,FMN GV 18 Kasterlee
84,Oudemolsedijk,2023-03-28,22:00:00,2,0,2,FMN GV 18 Kasterlee
84,Oudemolsedijk,2023-03-28,23:00:00,4,2,2,FMN GV 18 Kasterlee
84,Oudemolsedijk,2023-03-29,00:00:00,1,0,1,FMN GV 18 Kasterlee
84,Oudemolsedijk,2023-03-29,01:00:00,0,0,0,FMN GV 18 Kasterlee
84,Oudemolsedijk,2023-03-29,02:00:00,1,0,1,FMN GV 18 Kasterlee
84,Oudemolsedijk,2023-03-29,03:00:00,1,1,0,FMN GV 18 Kasterlee
84,Oudemolsedijk,2023-03-29,04:00:00,2,2,0,FMN GV 18 Kasterlee
84,Oudemolsedijk,2023-03-29,05:00:00,7,7,0,FMN GV 18 Kasterlee
84,Oudemolsedijk,2023-03-29,06:00:00,16,8,8,FMN GV 18 Kasterlee
84,Oudemolsedijk,2023-03-29,07:00:00,27,13,14,FMN GV 18 Kasterlee
84,Oudemolsedijk,2023-03-29,08:00:00,20,12,8,FMN GV 18 Kasterlee
84,Oudemolsedijk,2023-03-29,09:00:00,21,10,11,FMN GV 18 Kasterlee
84,Oudemolsedijk,2023-03-29,10:00:00,17,12,5,FMN GV 18 Kasterlee
84,Oudemolsedijk,2023-03-29,11:00:00,12,4,8,FMN GV 18 Kasterlee
84,Oudemolsedijk,2023-03-29,12:00:00,26,5,21,FMN GV 18 Kasterlee
84,Oudemolsedijk,2023-03-29,13:00:00,40,24,16,FMN GV 18 Kasterlee
84,Oudemolsedijk,2023-03-29,14:00:00,56,29,27,FMN GV 18 Kasterlee
84,Oudemolsedijk,2023-03-29,15:00:00,48,15,33,FMN GV 18 Kasterlee
84,Oudemolsedijk,2023-03-29,16:00:00,43,21,22,FMN GV 18 Kasterlee
84,Oudemolsedijk,2023-03-29,17:00:00,24,12,12,FMN GV 18 Kasterlee
84,Oudemolsedijk,2023-03-29,18:00:00,27,16,11,FMN GV 18 Kasterlee
84,Oudemolsedijk,2023-03-29,19:00:00,60,33,27,FMN GV 18 Kasterlee
84,Oudemolsedijk,2023-03-29,20:00:00,35,24,11,FMN GV 18 Kasterlee
84,Oudemolsedijk,2023-03-29,21:00:00,4,2,2,FMN GV 18 Kasterlee
84,Oudemolsedijk,2023-03-29,22:00:00,1,1,0,FMN GV 18 Kasterlee
84,Oudemolsedijk,2023-03-29,23:00:00,0,0,0,FMN GV 18 Kasterlee
84,Oudemolsedijk,2023-03-30,00:00:00,0,0,0,FMN GV 18 Kasterlee
84,Oudemolsedijk,2023-03-30,01:00:00,0,0,0,FMN GV 18 Kasterlee
84,Oudemolsedijk,2023-03-30,02:00:00,0,0,0,FMN GV 18 Kasterlee
84,Oudemolsedijk,2023-03-30,03:00:00,0,0,0,FMN GV 18 Kasterlee
84,Oudemolsedijk,2023-03-30,04:00:00,2,2,0,FMN GV 18 Kasterlee
84,Oudemolsedijk,2023-03-30,05:00:00,5,5,0,FMN GV 18 Kasterlee
84,Oudemolsedijk,2023-03-30,06:00:00,15,8,7,FMN GV 18 Kasterlee
84,Oudemolsedijk,2023-03-30,07:00:00,19,10,9,FMN GV 18 Kasterlee
84,Oudemolsedijk,2023-03-30,08:00:00,16,7,9,FMN GV 18 Kasterlee
84,Oudemolsedijk,2023-03-30,09:00:00,6,2,4,FMN GV 18 Kasterlee
84,Oudemolsedijk,2023-03-30,10:00:00,8,4,4,FMN GV 18 Kasterlee
84,Oudemolsedijk,2023-03-30,11:00:00,8,6,2,FMN GV 18 Kasterlee
84,Oudemolsedijk,2023-03-30,12:00:00,11,5,6,FMN GV 18 Kasterlee
84,Oudemolsedijk,2023-03-30,13:00:00,21,11,10,FMN GV 18 Kasterlee
84,Oudemolsedijk,2023-03-30,14:00:00,23,6,17,FMN GV 18 Kasterlee
84,Oudemolsedijk,2023-03-30,15:00:00,13,6,7,FMN GV 18 Kasterlee
84,Oudemolsedijk,2023-03-30,16:00:00,30,13,17,FMN GV 18 Kasterlee
84,Oudemolsedijk,2023-03-30,17:00:00,14,7,7,FMN GV 18 Kasterlee
84,Oudemolsedijk,2023-03-30,18:00:00,3,2,1,FMN GV 18 Kasterlee
84,Oudemolsedijk,2023-03-30,19:00:00,7,3,4,FMN GV 18 Kasterlee
84,Oudemolsedijk,2023-03-30,20:00:00,16,14,2,FMN GV 18 Kasterlee
84,Oudemolsedijk,2023-03-30,21:00:00,1,0,1,FMN GV 18 Kasterlee
84,Oudemolsedijk,2023-03-30,22:00:00,2,0,2,FMN GV 18 Kasterlee
84,Oudemolsedijk,2023-03-30,23:00:00,0,0,0,FMN GV 18 Kasterlee
84,Oudemolsedijk,2023-03-31,00:00:00,0,0,0,FMN GV 18 Kasterlee
84,Oudemolsedijk,2023-03-31,01:00:00,0,0,0,FMN GV 18 Kasterlee
84,Oudemolsedijk,2023-03-31,02:00:00,0,0,0,FMN GV 18 Kasterlee
84,Oudemolsedijk,2023-03-31,03:00:00,0,0,0,FMN GV 18 Kasterlee
84,Oudemolsedijk,2023-03-31,04:00:00,1,1,0,FMN GV 18 Kasterlee
84,Oudemolsedijk,2023-03-31,05:00:00,1,1,0,FMN GV 18 Kasterlee
84,Oudemolsedijk,2023-03-31,06:00:00,6,2,4,FMN GV 18 Kasterlee
84,Oudemolsedijk,2023-03-31,07:00:00,9,4,5,FMN GV 18 Kasterlee
84,Oudemolsedijk,2023-03-31,08:00:00,5,3,2,FMN GV 18 Kasterlee
84,Oudemolsedijk,2023-03-31,09:00:00,0,0,0,FMN GV 18 Kasterlee
84,Oudemolsedijk,2023-03-31,10:00:00,53,3,50,FMN GV 18 Kasterlee
84,Oudemolsedijk,2023-03-31,11:00:00,4,2,2,FMN GV 18 Kasterlee
84,Oudemolsedijk,2023-03-31,12:00:00,11,4,7,FMN GV 18 Kasterlee
84,Oudemolsedijk,2023-03-31,13:00:00,7,3,4,FMN GV 18 Kasterlee
84,Oudemolsedijk,2023-03-31,14:00:00,6,3,3,FMN GV 18 Kasterlee
84,Oudemolsedijk,2023-03-31,15:00:00,4,2,2,FMN GV 18 Kasterlee
84,Oudemolsedijk,2023-03-31,16:00:00,7,4,3,FMN GV 18 Kasterlee
84,Oudemolsedijk,2023-03-31,17:00:00,11,2,9,FMN GV 18 Kasterlee
84,Oudemolsedijk,2023-03-31,18:00:00,5,2,3,FMN GV 18 Kasterlee
84,Oudemolsedijk,2023-03-31,19:00:00,0,0,0,FMN GV 18 Kasterlee
84,Oudemolsedijk,2023-03-31,20:00:00,2,1,1,FMN GV 18 Kasterlee
84,Oudemolsedijk,2023-03-31,21:00:00,0,0,0,FMN GV 18 Kasterlee
84,Oudemolsedijk,2023-03-31,22:00:00,1,1,0,FMN GV 18 Kasterlee
84,Oudemolsedijk,2023-03-31,23:00:00,1,1,0,FMN GV 18 Kasterlee
84,Oudemolsedijk,2023-04-01,00:00:00,0,0,0,FMN GV 18 Kasterlee
84,Oudemolsedijk,2023-04-01,01:00:00,0,0,0,FMN GV 18 Kasterlee
84,Oudemolsedijk,2023-04-01,02:00:00,0,0,0,FMN GV 18 Kasterlee
84,Oudemolsedijk,2023-04-01,03:00:00,0,0,0,FMN GV 18 Kasterlee
84,Oudemolsedijk,2023-04-01,04:00:00,0,0,0,FMN GV 18 Kasterlee
84,Oudemolsedijk,2023-04-01,05:00:00,1,0,1,FMN GV 18 Kasterlee
84,Oudemolsedijk,2023-04-01,06:00:00,1,0,1,FMN GV 18 Kasterlee
84,Oudemolsedijk,2023-04-01,07:00:00,1,0,1,FMN GV 18 Kasterlee
84,Oudemolsedijk,2023-04-01,08:00:00,2,1,1,FMN GV 18 Kasterlee
84,Oudemolsedijk,2023-04-01,09:00:00,1,1,0,FMN GV 18 Kasterlee
84,Oudemolsedijk,2023-04-01,10:00:00,1,1,0,FMN GV 18 Kasterlee
84,Oudemolsedijk,2023-04-01,11:00:00,3,2,1,FMN GV 18 Kasterlee
84,Oudemolsedijk,2023-04-01,12:00:00,5,3,2,FMN GV 18 Kasterlee
84,Oudemolsedijk,2023-04-01,13:00:00,3,3,0,FMN GV 18 Kasterlee
84,Oudemolsedijk,2023-04-01,14:00:00,4,2,2,FMN GV 18 Kasterlee
84,Oudemolsedijk,2023-04-01,15:00:00,11,6,5,FMN GV 18 Kasterlee
84,Oudemolsedijk,2023-04-01,16:00:00,5,4,1,FMN GV 18 Kasterlee
84,Oudemolsedijk,2023-04-01,17:00:00,6,2,4,FMN GV 18 Kasterlee
84,Oudemolsedijk,2023-04-01,18:00:00,3,2,1,FMN GV 18 Kasterlee
84,Oudemolsedijk,2023-04-01,19:00:00,2,0,2,FMN GV 18 Kasterlee
84,Oudemolsedijk,2023-04-01,20:00:00,1,1,0,FMN GV 18 Kasterlee
84,Oudemolsedijk,2023-04-01,21:00:00,1,1,0,FMN GV 18 Kasterlee
84,Oudemolsedijk,2023-04-01,22:00:00,1,0,1,FMN GV 18 Kasterlee
84,Oudemolsedijk,2023-04-01,23:00:00,1,0,1,FMN GV 18 Kasterlee
84,Oudemolsedijk,2023-04-02,00:00:00,1,0,1,FMN GV 18 Kasterlee
84,Oudemolsedijk,2023-04-02,01:00:00,0,0,0,FMN GV 18 Kasterlee
84,Oudemolsedijk,2023-04-02,02:00:00,1,0,1,FMN GV 18 Kasterlee
84,Oudemolsedijk,2023-04-02,03:00:00,0,0,0,FMN GV 18 Kasterlee
84,Oudemolsedijk,2023-04-02,04:00:00,0,0,0,FMN GV 18 Kasterlee
84,Oudemolsedijk,2023-04-02,05:00:00,0,0,0,FMN GV 18 Kasterlee
84,Oudemolsedijk,2023-04-02,06:00:00,2,2,0,FMN GV 18 Kasterlee
84,Oudemolsedijk,2023-04-02,07:00:00,8,2,6,FMN GV 18 Kasterlee
84,Oudemolsedijk,2023-04-02,08:00:00,36,6,30,FMN GV 18 Kasterlee
84,Oudemolsedijk,2023-04-02,09:00:00,79,35,44,FMN GV 18 Kasterlee
84,Oudemolsedijk,2023-04-02,10:00:00,82,49,33,FMN GV 18 Kasterlee
84,Oudemolsedijk,2023-04-02,11:00:00,105,47,58,FMN GV 18 Kasterlee
84,Oudemolsedijk,2023-04-02,12:00:00,48,19,29,FMN GV 18 Kasterlee
84,Oudemolsedijk,2023-04-02,13:00:00,26,15,11,FMN GV 18 Kasterlee
84,Oudemolsedijk,2023-04-02,14:00:00,40,17,23,FMN GV 18 Kasterlee
84,Oudemolsedijk,2023-04-02,15:00:00,27,24,3,FMN GV 18 Kasterlee
84,Oudemolsedijk,2023-04-02,16:00:00,5,2,3,FMN GV 18 Kasterlee
84,Oudemolsedijk,2023-04-02,17:00:00,15,10,5,FMN GV 18 Kasterlee
84,Oudemolsedijk,2023-04-02,18:00:00,6,4,2,FMN GV 18 Kasterlee
84,Oudemolsedijk,2023-04-02,19:00:00,13,9,4,FMN GV 18 Kasterlee
84,Oudemolsedijk,2023-04-02,20:00:00,3,2,1,FMN GV 18 Kasterlee
84,Oudemolsedijk,2023-04-02,21:00:00,3,1,2,FMN GV 18 Kasterlee
84,Oudemolsedijk,2023-04-02,22:00:00,1,0,1,FMN GV 18 Kasterlee
84,Oudemolsedijk,2023-04-02,23:00:00,1,1,0,FMN GV 18 Kasterlee
84,Oudemolsedijk,2023-04-03,00:00:00,0,0,0,FMN GV 18 Kasterlee
84,Oudemolsedijk,2023-04-03,01:00:00,1,1,0,FMN GV 18 Kasterlee
84,Oudemolsedijk,2023-04-03,02:00:00,0,0,0,FMN GV 18 Kasterlee
84,Oudemolsedijk,2023-04-03,03:00:00,0,0,0,FMN GV 18 Kasterlee
84,Oudemolsedijk,2023-04-03,04:00:00,1,1,0,FMN GV 18 Kasterlee
84,Oudemolsedijk,2023-04-03,05:00:00,6,5,1,FMN GV 18 Kasterlee
84,Oudemolsedijk,2023-04-03,06:00:00,15,7,8,FMN GV 18 Kasterlee
84,Oudemolsedijk,2023-04-03,07:00:00,19,6,13,FMN GV 18 Kasterlee
84,Oudemolsedijk,2023-04-03,08:00:00,16,9,7,FMN GV 18 Kasterlee
84,Oudemolsedijk,2023-04-03,09:00:00,12,5,7,FMN GV 18 Kasterlee
84,Oudemolsedijk,2023-04-03,10:00:00,7,3,4,FMN GV 18 Kasterlee
84,Oudemolsedijk,2023-04-03,11:00:00,13,8,5,FMN GV 18 Kasterlee
84,Oudemolsedijk,2023-04-03,12:00:00,19,11,8,FMN GV 18 Kasterlee
84,Oudemolsedijk,2023-04-03,13:00:00,54,21,33,FMN GV 18 Kasterlee
84,Oudemolsedijk,2023-04-03,14:00:00,77,36,41,FMN GV 18 Kasterlee
84,Oudemolsedijk,2023-04-03,15:00:00,82,32,50,FMN GV 18 Kasterlee
84,Oudemolsedijk,2023-04-03,16:00:00,61,22,39,FMN GV 18 Kasterlee
84,Oudemolsedijk,2023-04-03,17:00:00,39,19,20,FMN GV 18 Kasterlee
84,Oudemolsedijk,2023-04-03,18:00:00,32,10,22,FMN GV 18 Kasterlee
84,Oudemolsedijk,2023-04-03,19:00:00,13,7,6,FMN GV 18 Kasterlee
84,Oudemolsedijk,2023-04-03,20:00:00,6,4,2,FMN GV 18 Kasterlee
84,Oudemolsedijk,2023-04-03,21:00:00,3,1,2,FMN GV 18 Kasterlee
84,Oudemolsedijk,2023-04-03,22:00:00,6,3,3,FMN GV 18 Kasterlee
84,Oudemolsedijk,2023-04-03,23:00:00,1,0,1,FMN GV 18 Kasterlee
84,Oudemolsedijk,2023-04-04,00:00:00,0,0,0,FMN GV 18 Kasterlee
84,Oudemolsedijk,2023-04-04,01:00:00,0,0,0,FMN GV 18 Kasterlee
84,Oudemolsedijk,2023-04-04,02:00:00,0,0,0,FMN GV 18 Kasterlee
84,Oudemolsedijk,2023-04-04,03:00:00,0,0,0,FMN GV 18 Kasterlee
84,Oudemolsedijk,2023-04-04,04:00:00,2,2,0,FMN GV 18 Kasterlee
84,Oudemolsedijk,2023-04-04,05:00:00,6,5,1,FMN GV 18 Kasterlee
84,Oudemolsedijk,2023-04-04,06:00:00,15,7,8,FMN GV 18 Kasterlee
84,Oudemolsedijk,2023-04-04,07:00:00,29,13,16,FMN GV 18 Kasterlee
84,Oudemolsedijk,2023-04-04,08:00:00,13,5,8,FMN GV 18 Kasterlee
84,Oudemolsedijk,2023-04-04,09:00:00,8,4,4,FMN GV 18 Kasterlee
84,Oudemolsedijk,2023-04-04,10:00:00,23,10,13,FMN GV 18 Kasterlee
84,Oudemolsedijk,2023-04-04,11:00:00,9,6,3,FMN GV 18 Kasterlee
84,Oudemolsedijk,2023-04-04,12:00:00,31,23,8,FMN GV 18 Kasterlee
84,Oudemolsedijk,2023-04-04,13:00:00,30,21,9,FMN GV 18 Kasterlee
84,Oudemolsedijk,2023-04-04,14:00:00,129,81,48,FMN GV 18 Kasterlee
84,Oudemolsedijk,2023-04-04,15:00:00,58,34,24,FMN GV 18 Kasterlee
84,Oudemolsedijk,2023-04-04,16:00:00,65,28,37,FMN GV 18 Kasterlee
84,Oudemolsedijk,2023-04-04,17:00:00,39,18,21,FMN GV 18 Kasterlee
84,Oudemolsedijk,2023-04-04,18:00:00,35,21,14,FMN GV 18 Kasterlee
84,Oudemolsedijk,2023-04-04,19:00:00,39,34,5,FMN GV 18 Kasterlee
84,Oudemolsedijk,2023-04-04,20:00:00,13,11,2,FMN GV 18 Kasterlee
84,Oudemolsedijk,2023-04-04,21:00:00,4,1,3,FMN GV 18 Kasterlee
84,Oudemolsedijk,2023-04-04,22:00:00,3,1,2,FMN GV 18 Kasterlee
84,Oudemolsedijk,2023-04-04,23:00:00,2,1,1,FMN GV 18 Kasterlee
84,Oudemolsedijk,2023-04-05,00:00:00,1,1,0,FMN GV 18 Kasterlee
84,Oudemolsedijk,2023-04-05,01:00:00,0,0,0,FMN GV 18 Kasterlee
84,Oudemolsedijk,2023-04-05,02:00:00,0,0,0,FMN GV 18 Kasterlee
84,Oudemolsedijk,2023-04-05,03:00:00,0,0,0,FMN GV 18 Kasterlee
84,Oudemolsedijk,2023-04-05,04:00:00,1,1,0,FMN GV 18 Kasterlee
84,Oudemolsedijk,2023-04-05,05:00:00,6,5,1,FMN GV 18 Kasterlee
84,Oudemolsedijk,2023-04-05,06:00:00,18,9,9,FMN GV 18 Kasterlee
84,Oudemolsedijk,2023-04-05,07:00:00,19,6,13,FMN GV 18 Kasterlee
84,Oudemolsedijk,2023-04-05,08:00:00,16,8,8,FMN GV 18 Kasterlee
84,Oudemolsedijk,2023-04-05,09:00:00,26,8,18,FMN GV 18 Kasterlee
84,Oudemolsedijk,2023-04-05,10:00:00,8,5,3,FMN GV 18 Kasterlee
84,Oudemolsedijk,2023-04-05,11:00:00,17,8,9,FMN GV 18 Kasterlee
84,Oudemolsedijk,2023-04-05,12:00:00,29,17,12,FMN GV 18 Kasterlee
84,Oudemolsedijk,2023-04-05,13:00:00,68,25,43,FMN GV 18 Kasterlee
84,Oudemolsedijk,2023-04-05,14:00:00,100,50,50,FMN GV 18 Kasterlee
84,Oudemolsedijk,2023-04-05,15:00:00,82,40,42,FMN GV 18 Kasterlee
84,Oudemolsedijk,2023-04-05,16:00:00,65,30,35,FMN GV 18 Kasterlee
84,Oudemolsedijk,2023-04-05,17:00:00,45,29,16,FMN GV 18 Kasterlee
84,Oudemolsedijk,2023-04-05,18:00:00,35,12,23,FMN GV 18 Kasterlee
84,Oudemolsedijk,2023-04-05,19:00:00,73,46,27,FMN GV 18 Kasterlee
84,Oudemolsedijk,2023-04-05,20:00:00,41,34,7,FMN GV 18 Kasterlee
84,Oudemolsedijk,2023-04-05,21:00:00,4,1,3,FMN GV 18 Kasterlee
84,Oudemolsedijk,2023-04-05,22:00:00,5,1,4,FMN GV 18 Kasterlee
84,Oudemolsedijk,2023-04-05,23:00:00,0,0,0,FMN GV 18 Kasterlee
84,Oudemolsedijk,2023-04-06,00:00:00,1,1,0,FMN GV 18 Kasterlee
84,Oudemolsedijk,2023-04-06,01:00:00,0,0,0,FMN GV 18 Kasterlee
84,Oudemolsedijk,2023-04-06,02:00:00,0,0,0,FMN GV 18 Kasterlee
84,Oudemolsedijk,2023-04-06,03:00:00,0,0,0,FMN GV 18 Kasterlee
84,Oudemolsedijk,2023-04-06,04:00:00,1,1,0,FMN GV 18 Kasterlee
84,Oudemolsedijk,2023-04-06,05:00:00,4,3,1,FMN GV 18 Kasterlee
84,Oudemolsedijk,2023-04-06,06:00:00,14,3,11,FMN GV 18 Kasterlee
84,Oudemolsedijk,2023-04-06,07:00:00,12,5,7,FMN GV 18 Kasterlee
84,Oudemolsedijk,2023-04-06,08:00:00,8,5,3,FMN GV 18 Kasterlee
84,Oudemolsedijk,2023-04-06,09:00:00,5,3,2,FMN GV 18 Kasterlee
84,Oudemolsedijk,2023-04-06,10:00:00,8,3,5,FMN GV 18 Kasterlee
84,Oudemolsedijk,2023-04-06,11:00:00,8,8,0,FMN GV 18 Kasterlee
84,Oudemolsedijk,2023-04-06,12:00:00,9,6,3,FMN GV 18 Kasterlee
84,Oudemolsedijk,2023-04-06,13:00:00,2,1,1,FMN GV 18 Kasterlee
84,Oudemolsedijk,2023-04-06,14:00:00,5,3,2,FMN GV 18 Kasterlee
84,Oudemolsedijk,2023-04-06,15:00:00,6,4,2,FMN GV 18 Kasterlee
84,Oudemolsedijk,2023-04-06,16:00:00,18,14,4,FMN GV 18 Kasterlee
84,Oudemolsedijk,2023-04-06,17:00:00,15,8,7,FMN GV 18 Kasterlee
84,Oudemolsedijk,2023-04-06,18:00:00,3,3,0,FMN GV 18 Kasterlee
84,Oudemolsedijk,2023-04-06,19:00:00,1,1,0,FMN GV 18 Kasterlee
84,Oudemolsedijk,2023-04-06,20:00:00,2,0,2,FMN GV 18 Kasterlee
84,Oudemolsedijk,2023-04-06,21:00:00,3,0,3,FMN GV 18 Kasterlee
84,Oudemolsedijk,2023-04-06,22:00:00,3,1,2,FMN GV 18 Kasterlee
84,Oudemolsedijk,2023-04-06,23:00:00,0,0,0,FMN GV 18 Kasterlee
84,Oudemolsedijk,2023-04-07,00:00:00,1,0,1,FMN GV 18 Kasterlee
84,Oudemolsedijk,2023-04-07,01:00:00,2,2,0,FMN GV 18 Kasterlee
84,Oudemolsedijk,2023-04-07,02:00:00,0,0,0,FMN GV 18 Kasterlee
84,Oudemolsedijk,2023-04-07,03:00:00,0,0,0,FMN GV 18 Kasterlee
84,Oudemolsedijk,2023-04-07,04:00:00,0,0,0,FMN GV 18 Kasterlee
84,Oudemolsedijk,2023-04-07,05:00:00,4,4,0,FMN GV 18 Kasterlee
84,Oudemolsedijk,2023-04-07,06:00:00,12,3,9,FMN GV 18 Kasterlee
84,Oudemolsedijk,2023-04-07,07:00:00,14,5,9,FMN GV 18 Kasterlee
84,Oudemolsedijk,2023-04-07,08:00:00,6,3,3,FMN GV 18 Kasterlee
84,Oudemolsedijk,2023-04-07,09:00:00,11,5,6,FMN GV 18 Kasterlee
84,Oudemolsedijk,2023-04-07,10:00:00,16,9,7,FMN GV 18 Kasterlee
84,Oudemolsedijk,2023-04-07,11:00:00,17,9,8,FMN GV 18 Kasterlee
84,Oudemolsedijk,2023-04-07,12:00:00,18,11,7,FMN GV 18 Kasterlee
84,Oudemolsedijk,2023-04-07,13:00:00,12,6,6,FMN GV 18 Kasterlee
84,Oudemolsedijk,2023-04-07,14:00:00,35,14,21,FMN GV 18 Kasterlee
84,Oudemolsedijk,2023-04-07,15:00:00,29,15,14,FMN GV 18 Kasterlee
84,Oudemolsedijk,2023-04-07,16:00:00,26,17,9,FMN GV 18 Kasterlee
84,Oudemolsedijk,2023-04-07,17:00:00,17,7,10,FMN GV 18 Kasterlee
84,Oudemolsedijk,2023-04-07,18:00:00,23,13,10,FMN GV 18 Kasterlee
84,Oudemolsedijk,2023-04-07,19:00:00,10,4,6,FMN GV 18 Kasterlee
84,Oudemolsedijk,2023-04-07,20:00:00,8,6,2,FMN GV 18 Kasterlee
84,Oudemolsedijk,2023-04-07,21:00:00,2,1,1,FMN GV 18 Kasterlee
84,Oudemolsedijk,2023-04-07,22:00:00,4,4,0,FMN GV 18 Kasterlee
84,Oudemolsedijk,2023-04-07,23:00:00,0,0,0,FMN GV 18 Kasterlee
84,Oudemolsedijk,2023-04-08,00:00:00,1,1,0,FMN GV 18 Kasterlee
84,Oudemolsedijk,2023-04-08,01:00:00,0,0,0,FMN GV 18 Kasterlee
84,Oudemolsedijk,2023-04-08,02:00:00,1,0,1,FMN GV 18 Kasterlee
84,Oudemolsedijk,2023-04-08,03:00:00,0,0,0,FMN GV 18 Kasterlee
84,Oudemolsedijk,2023-04-08,04:00:00,1,1,0,FMN GV 18 Kasterlee
84,Oudemolsedijk,2023-04-08,05:00:00,2,1,1,FMN GV 18 Kasterlee
84,Oudemolsedijk,2023-04-08,06:00:00,5,4,1,FMN GV 18 Kasterlee
84,Oudemolsedijk,2023-04-08,07:00:00,11,4,7,FMN GV 18 Kasterlee
84,Oudemolsedijk,2023-04-08,08:00:00,20,6,14,FMN GV 18 Kasterlee
84,Oudemolsedijk,2023-04-08,09:00:00,42,8,34,FMN GV 18 Kasterlee
84,Oudemolsedijk,2023-04-08,10:00:00,65,15,50,FMN GV 18 Kasterlee
84,Oudemolsedijk,2023-04-08,11:00:00,35,17,18,FMN GV 18 Kasterlee
84,Oudemolsedijk,2023-04-08,12:00:00,39,23,16,FMN GV 18 Kasterlee
84,Oudemolsedijk,2023-04-08,13:00:00,97,28,69,FMN GV 18 Kasterlee
84,Oudemolsedijk,2023-04-08,14:00:00,94,35,59,FMN GV 18 Kasterlee
84,Oudemolsedijk,2023-04-08,15:00:00,79,37,42,FMN GV 18 Kasterlee
84,Oudemolsedijk,2023-04-08,16:00:00,89,48,41,FMN GV 18 Kasterlee
84,Oudemolsedijk,2023-04-08,17:00:00,26,19,7,FMN GV 18 Kasterlee
84,Oudemolsedijk,2023-04-08,18:00:00,21,9,12,FMN GV 18 Kasterlee
84,Oudemolsedijk,2023-04-08,19:00:00,9,1,8,FMN GV 18 Kasterlee
84,Oudemolsedijk,2023-04-08,20:00:00,6,3,3,FMN GV 18 Kasterlee
84,Oudemolsedijk,2023-04-08,21:00:00,0,0,0,FMN GV 18 Kasterlee
84,Oudemolsedijk,2023-04-08,22:00:00,1,1,0,FMN GV 18 Kasterlee
84,Oudemolsedijk,2023-04-08,23:00:00,0,0,0,FMN GV 18 Kasterlee
84,Oudemolsedijk,2023-04-09,00:00:00,7,1,6,FMN GV 18 Kasterlee
84,Oudemolsedijk,2023-04-09,01:00:00,2,2,0,FMN GV 18 Kasterlee
84,Oudemolsedijk,2023-04-09,02:00:00,1,0,1,FMN GV 18 Kasterlee
84,Oudemolsedijk,2023-04-09,03:00:00,0,0,0,FMN GV 18 Kasterlee
84,Oudemolsedijk,2023-04-09,04:00:00,0,0,0,FMN GV 18 Kasterlee
84,Oudemolsedijk,2023-04-09,05:00:00,0,0,0,FMN GV 18 Kasterlee
84,Oudemolsedijk,2023-04-09,06:00:00,3,2,1,FMN GV 18 Kasterlee
84,Oudemolsedijk,2023-04-09,07:00:00,13,2,11,FMN GV 18 Kasterlee
84,Oudemolsedijk,2023-04-09,08:00:00,28,11,17,FMN GV 18 Kasterlee
84,Oudemolsedijk,2023-04-09,09:00:00,115,44,71,FMN GV 18 Kasterlee
84,Oudemolsedijk,2023-04-09,10:00:00,115,69,46,FMN GV 18 Kasterlee
84,Oudemolsedijk,2023-04-09,11:00:00,117,63,54,FMN GV 18 Kasterlee
84,Oudemolsedijk,2023-04-09,12:00:00,78,40,38,FMN GV 18 Kasterlee
84,Oudemolsedijk,2023-04-09,13:00:00,83,41,42,FMN GV 18 Kasterlee
84,Oudemolsedijk,2023-04-09,14:00:00,107,70,37,FMN GV 18 Kasterlee
84,Oudemolsedijk,2023-04-09,15:00:00,62,28,34,FMN GV 18 Kasterlee
84,Oudemolsedijk,2023-04-09,16:00:00,55,19,36,FMN GV 18 Kasterlee
84,Oudemolsedijk,2023-04-09,17:00:00,16,10,6,FMN GV 18 Kasterlee
84,Oudemolsedijk,2023-04-09,18:00:00,29,8,21,FMN GV 18 Kasterlee
84,Oudemolsedijk,2023-04-09,19:00:00,10,3,7,FMN GV 18 Kasterlee
84,Oudemolsedijk,2023-04-09,20:00:00,8,5,3,FMN GV 18 Kasterlee
84,Oudemolsedijk,2023-04-09,21:00:00,2,0,2,FMN GV 18 Kasterlee
84,Oudemolsedijk,2023-04-09,22:00:00,2,1,1,FMN GV 18 Kasterlee
84,Oudemolsedijk,2023-04-09,23:00:00,3,0,3,FMN GV 18 Kasterlee
84,Oudemolsedijk,2023-04-10,00:00:00,0,0,0,FMN GV 18 Kasterlee
84,Oudemolsedijk,2023-04-10,01:00:00,0,0,0,FMN GV 18 Kasterlee
84,Oudemolsedijk,2023-04-10,02:00:00,0,0,0,FMN GV 18 Kasterlee
84,Oudemolsedijk,2023-04-10,03:00:00,0,0,0,FMN GV 18 Kasterlee
84,Oudemolsedijk,2023-04-10,04:00:00,0,0,0,FMN GV 18 Kasterlee
84,Oudemolsedijk,2023-04-10,05:00:00,1,1,0,FMN GV 18 Kasterlee
84,Oudemolsedijk,2023-04-10,06:00:00,0,0,0,FMN GV 18 Kasterlee
84,Oudemolsedijk,2023-04-10,07:00:00,14,10,4,FMN GV 18 Kasterlee
84,Oudemolsedijk,2023-04-10,08:00:00,17,5,12,FMN GV 18 Kasterlee
84,Oudemolsedijk,2023-04-10,09:00:00,28,13,15,FMN GV 18 Kasterlee
84,Oudemolsedijk,2023-04-10,10:00:00,63,29,34,FMN GV 18 Kasterlee
84,Oudemolsedijk,2023-04-10,11:00:00,87,51,36,FMN GV 18 Kasterlee
84,Oudemolsedijk,2023-04-10,12:00:00,41,18,23,FMN GV 18 Kasterlee
84,Oudemolsedijk,2023-04-10,13:00:00,74,49,25,FMN GV 18 Kasterlee
84,Oudemolsedijk,2023-04-10,14:00:00,80,47,33,FMN GV 18 Kasterlee
84,Oudemolsedijk,2023-04-10,15:00:00,26,10,16,FMN GV 18 Kasterlee
84,Oudemolsedijk,2023-04-10,16:00:00,29,27,2,FMN GV 18 Kasterlee
84,Oudemolsedijk,2023-04-10,17:00:00,2,2,0,FMN GV 18 Kasterlee
84,Oudemolsedijk,2023-04-10,18:00:00,3,1,2,FMN GV 18 Kasterlee
84,Oudemolsedijk,2023-04-10,19:00:00,1,1,0,FMN GV 18 Kasterlee
84,Oudemolsedijk,2023-04-10,20:00:00,2,0,2,FMN GV 18 Kasterlee
84,Oudemolsedijk,2023-04-10,21:00:00,1,0,1,FMN GV 18 Kasterlee
84,Oudemolsedijk,2023-04-10,22:00:00,2,1,1,FMN GV 18 Kasterlee
84,Oudemolsedijk,2023-04-10,23:00:00,0,0,0,FMN GV 18 Kasterlee
84,Oudemolsedijk,2023-04-11,00:00:00,0,0,0,FMN GV 18 Kasterlee
84,Oudemolsedijk,2023-04-11,01:00:00,0,0,0,FMN GV 18 Kasterlee
84,Oudemolsedijk,2023-04-11,02:00:00,1,0,1,FMN GV 18 Kasterlee
84,Oudemolsedijk,2023-04-11,03:00:00,0,0,0,FMN GV 18 Kasterlee
84,Oudemolsedijk,2023-04-11,04:00:00,3,2,1,FMN GV 18 Kasterlee
84,Oudemolsedijk,2023-04-11,05:00:00,4,4,0,FMN GV 18 Kasterlee
84,Oudemolsedijk,2023-04-11,06:00:00,15,8,7,FMN GV 18 Kasterlee
84,Oudemolsedijk,2023-04-11,07:00:00,29,19,10,FMN GV 18 Kasterlee
84,Oudemolsedijk,2023-04-11,08:00:00,11,7,4,FMN GV 18 Kasterlee
84,Oudemolsedijk,2023-04-11,09:00:00,9,5,4,FMN GV 18 Kasterlee
84,Oudemolsedijk,2023-04-11,10:00:00,22,10,12,FMN GV 18 Kasterlee
84,Oudemolsedijk,2023-04-11,11:00:00,16,6,10,FMN GV 18 Kasterlee
84,Oudemolsedijk,2023-04-11,12:00:00,17,9,8,FMN GV 18 Kasterlee
84,Oudemolsedijk,2023-04-11,13:00:00,35,14,21,FMN GV 18 Kasterlee
84,Oudemolsedijk,2023-04-11,14:00:00,42,24,18,FMN GV 18 Kasterlee
84,Oudemolsedijk,2023-04-11,15:00:00,73,28,45,FMN GV 18 Kasterlee
84,Oudemolsedijk,2023-04-11,16:00:00,31,18,13,FMN GV 18 Kasterlee
84,Oudemolsedijk,2023-04-11,17:00:00,38,22,16,FMN GV 18 Kasterlee
84,Oudemolsedijk,2023-04-11,18:00:00,33,24,9,FMN GV 18 Kasterlee
84,Oudemolsedijk,2023-04-11,19:00:00,24,11,13,FMN GV 18 Kasterlee
84,Oudemolsedijk,2023-04-11,20:00:00,4,2,2,FMN GV 18 Kasterlee
84,Oudemolsedijk,2023-04-11,21:00:00,2,0,2,FMN GV 18 Kasterlee
84,Oudemolsedijk,2023-04-11,22:00:00,4,1,3,FMN GV 18 Kasterlee
84,Oudemolsedijk,2023-04-11,23:00:00,1,0,1,FMN GV 18 Kasterlee
84,Oudemolsedijk,2023-04-12,00:00:00,0,0,0,FMN GV 18 Kasterlee
84,Oudemolsedijk,2023-04-12,01:00:00,0,0,0,FMN GV 18 Kasterlee
84,Oudemolsedijk,2023-04-12,02:00:00,0,0,0,FMN GV 18 Kasterlee
84,Oudemolsedijk,2023-04-12,03:00:00,0,0,0,FMN GV 18 Kasterlee
84,Oudemolsedijk,2023-04-12,04:00:00,1,1,0,FMN GV 18 Kasterlee
84,Oudemolsedijk,2023-04-12,05:00:00,2,2,0,FMN GV 18 Kasterlee
84,Oudemolsedijk,2023-04-12,06:00:00,8,1,7,FMN GV 18 Kasterlee
84,Oudemolsedijk,2023-04-12,07:00:00,7,5,2,FMN GV 18 Kasterlee
84,Oudemolsedijk,2023-04-12,08:00:00,4,3,1,FMN GV 18 Kasterlee
84,Oudemolsedijk,2023-04-12,09:00:00,3,2,1,FMN GV 18 Kasterlee
84,Oudemolsedijk,2023-04-12,10:00:00,5,4,1,FMN GV 18 Kasterlee
84,Oudemolsedijk,2023-04-12,11:00:00,4,2,2,FMN GV 18 Kasterlee
84,Oudemolsedijk,2023-04-12,12:00:00,7,6,1,FMN GV 18 Kasterlee
84,Oudemolsedijk,2023-04-12,13:00:00,7,4,3,FMN GV 18 Kasterlee
84,Oudemolsedijk,2023-04-12,14:00:00,10,4,6,FMN GV 18 Kasterlee
84,Oudemolsedijk,2023-04-12,15:00:00,9,5,4,FMN GV 18 Kasterlee
84,Oudemolsedijk,2023-04-12,16:00:00,10,6,4,FMN GV 18 Kasterlee
84,Oudemolsedijk,2023-04-12,17:00:00,2,2,0,FMN GV 18 Kasterlee
84,Oudemolsedijk,2023-04-12,18:00:00,9,4,5,FMN GV 18 Kasterlee
84,Oudemolsedijk,2023-04-12,19:00:00,34,18,16,FMN GV 18 Kasterlee
84,Oudemolsedijk,2023-04-12,20:00:00,16,12,4,FMN GV 18 Kasterlee
84,Oudemolsedijk,2023-04-12,21:00:00,2,1,1,FMN GV 18 Kasterlee
84,Oudemolsedijk,2023-04-12,22:00:00,1,0,1,FMN GV 18 Kasterlee
84,Oudemolsedijk,2023-04-12,23:00:00,0,0,0,FMN GV 18 Kasterlee
84,Oudemolsedijk,2023-04-13,00:00:00,1,1,0,FMN GV 18 Kasterlee
84,Oudemolsedijk,2023-04-13,01:00:00,0,0,0,FMN GV 18 Kasterlee
84,Oudemolsedijk,2023-04-13,02:00:00,0,0,0,FMN GV 18 Kasterlee
84,Oudemolsedijk,2023-04-13,03:00:00,2,1,1,FMN GV 18 Kasterlee
84,Oudemolsedijk,2023-04-13,04:00:00,1,1,0,FMN GV 18 Kasterlee
84,Oudemolsedijk,2023-04-13,05:00:00,3,3,0,FMN GV 18 Kasterlee
84,Oudemolsedijk,2023-04-13,06:00:00,10,6,4,FMN GV 18 Kasterlee
84,Oudemolsedijk,2023-04-13,07:00:00,14,7,7,FMN GV 18 Kasterlee
84,Oudemolsedijk,2023-04-13,08:00:00,10,5,5,FMN GV 18 Kasterlee
84,Oudemolsedijk,2023-04-13,09:00:00,4,2,2,FMN GV 18 Kasterlee
84,Oudemolsedijk,2023-04-13,10:00:00,8,5,3,FMN GV 18 Kasterlee
84,Oudemolsedijk,2023-04-13,11:00:00,12,10,2,FMN GV 18 Kasterlee
84,Oudemolsedijk,2023-04-13,12:00:00,27,18,9,FMN GV 18 Kasterlee
84,Oudemolsedijk,2023-04-13,13:00:00,28,15,13,FMN GV 18 Kasterlee
84,Oudemolsedijk,2023-04-13,14:00:00,41,20,21,FMN GV 18 Kasterlee
84,Oudemolsedijk,2023-04-13,15:00:00,31,6,25,FMN GV 18 Kasterlee
84,Oudemolsedijk,2023-04-13,16:00:00,31,24,7,FMN GV 18 Kasterlee
84,Oudemolsedijk,2023-04-13,17:00:00,36,17,19,FMN GV 18 Kasterlee
84,Oudemolsedijk,2023-04-13,18:00:00,43,29,14,FMN GV 18 Kasterlee
84,Oudemolsedijk,2023-04-13,19:00:00,28,20,8,FMN GV 18 Kasterlee
84,Oudemolsedijk,2023-04-13,20:00:00,25,16,9,FMN GV 18 Kasterlee
84,Oudemolsedijk,2023-04-13,21:00:00,0,0,0,FMN GV 18 Kasterlee
84,Oudemolsedijk,2023-04-13,22:00:00,4,2,2,FMN GV 18 Kasterlee
84,Oudemolsedijk,2023-04-13,23:00:00,0,0,0,FMN GV 18 Kasterlee
84,Oudemolsedijk,2023-04-14,00:00:00,0,0,0,FMN GV 18 Kasterlee
84,Oudemolsedijk,2023-04-14,01:00:00,0,0,0,FMN GV 18 Kasterlee
84,Oudemolsedijk,2023-04-14,02:00:00,0,0,0,FMN GV 18 Kasterlee
84,Oudemolsedijk,2023-04-14,03:00:00,0,0,0,FMN GV 18 Kasterlee
84,Oudemolsedijk,2023-04-14,04:00:00,1,1,0,FMN GV 18 Kasterlee
84,Oudemolsedijk,2023-04-14,05:00:00,6,6,0,FMN GV 18 Kasterlee
84,Oudemolsedijk,2023-04-14,06:00:00,14,6,8,FMN GV 18 Kasterlee
84,Oudemolsedijk,2023-04-14,07:00:00,14,8,6,FMN GV 18 Kasterlee
84,Oudemolsedijk,2023-04-14,08:00:00,10,6,4,FMN GV 18 Kasterlee
84,Oudemolsedijk,2023-04-14,09:00:00,18,5,13,FMN GV 18 Kasterlee
84,Oudemolsedijk,2023-04-14,10:00:00,16,6,10,FMN GV 18 Kasterlee
84,Oudemolsedijk,2023-04-14,11:00:00,25,16,9,FMN GV 18 Kasterlee
84,Oudemolsedijk,2023-04-14,12:00:00,24,15,9,FMN GV 18 Kasterlee
84,Oudemolsedijk,2023-04-14,13:00:00,46,20,26,FMN GV 18 Kasterlee
84,Oudemolsedijk,2023-04-14,14:00:00,66,36,30,FMN GV 18 Kasterlee
84,Oudemolsedijk,2023-04-14,15:00:00,46,28,18,FMN GV 18 Kasterlee
84,Oudemolsedijk,2023-04-14,16:00:00,36,20,16,FMN GV 18 Kasterlee
84,Oudemolsedijk,2023-04-14,17:00:00,36,19,17,FMN GV 18 Kasterlee
84,Oudemolsedijk,2023-04-14,18:00:00,18,10,8,FMN GV 18 Kasterlee
84,Oudemolsedijk,2023-04-14,19:00:00,13,7,6,FMN GV 18 Kasterlee
84,Oudemolsedijk,2023-04-14,20:00:00,9,3,6,FMN GV 18 Kasterlee
84,Oudemolsedijk,2023-04-14,21:00:00,2,0,2,FMN GV 18 Kasterlee
84,Oudemolsedijk,2023-04-14,22:00:00,3,0,3,FMN GV 18 Kasterlee
84,Oudemolsedijk,2023-04-14,23:00:00,2,2,0,FMN GV 18 Kasterlee
84,Oudemolsedijk,2023-04-15,00:00:00,0,0,0,FMN GV 18 Kasterlee
84,Oudemolsedijk,2023-04-15,01:00:00,1,0,1,FMN GV 18 Kasterlee
84,Oudemolsedijk,2023-04-15,02:00:00,0,0,0,FMN GV 18 Kasterlee
84,Oudemolsedijk,2023-04-15,03:00:00,2,0,2,FMN GV 18 Kasterlee
84,Oudemolsedijk,2023-04-15,04:00:00,4,2,2,FMN GV 18 Kasterlee
84,Oudemolsedijk,2023-04-15,05:00:00,2,0,2,FMN GV 18 Kasterlee
84,Oudemolsedijk,2023-04-15,06:00:00,2,1,1,FMN GV 18 Kasterlee
84,Oudemolsedijk,2023-04-15,07:00:00,3,1,2,FMN GV 18 Kasterlee
84,Oudemolsedijk,2023-04-15,08:00:00,8,5,3,FMN GV 18 Kasterlee
84,Oudemolsedijk,2023-04-15,09:00:00,25,9,16,FMN GV 18 Kasterlee
84,Oudemolsedijk,2023-04-15,10:00:00,30,11,19,FMN GV 18 Kasterlee
84,Oudemolsedijk,2023-04-15,11:00:00,64,22,42,FMN GV 18 Kasterlee
84,Oudemolsedijk,2023-04-15,12:00:00,59,28,31,FMN GV 18 Kasterlee
84,Oudemolsedijk,2023-04-15,13:00:00,158,116,42,FMN GV 18 Kasterlee
84,Oudemolsedijk,2023-04-15,14:00:00,139,82,57,FMN GV 18 Kasterlee
84,Oudemolsedijk,2023-04-15,15:00:00,117,73,44,FMN GV 18 Kasterlee
84,Oudemolsedijk,2023-04-15,16:00:00,82,41,41,FMN GV 18 Kasterlee
84,Oudemolsedijk,2023-04-15,17:00:00,34,17,17,FMN GV 18 Kasterlee
84,Oudemolsedijk,2023-04-15,18:00:00,18,11,7,FMN GV 18 Kasterlee
84,Oudemolsedijk,2023-04-15,19:00:00,3,2,1,FMN GV 18 Kasterlee
84,Oudemolsedijk,2023-04-15,20:00:00,3,2,1,FMN GV 18 Kasterlee
84,Oudemolsedijk,2023-04-15,21:00:00,7,7,0,FMN GV 18 Kasterlee
84,Oudemolsedijk,2023-04-15,22:00:00,2,0,2,FMN GV 18 Kasterlee
84,Oudemolsedijk,2023-04-15,23:00:00,2,0,2,FMN GV 18 Kasterlee
84,Oudemolsedijk,2023-04-16,00:00:00,1,0,1,FMN GV 18 Kasterlee
84,Oudemolsedijk,2023-04-16,01:00:00,0,0,0,FMN GV 18 Kasterlee
84,Oudemolsedijk,2023-04-16,02:00:00,0,0,0,FMN GV 18 Kasterlee
84,Oudemolsedijk,2023-04-16,03:00:00,1,0,1,FMN GV 18 Kasterlee
84,Oudemolsedijk,2023-04-16,04:00:00,1,1,0,FMN GV 18 Kasterlee
84,Oudemolsedijk,2023-04-16,05:00:00,0,0,0,FMN GV 18 Kasterlee
84,Oudemolsedijk,2023-04-16,06:00:00,4,2,2,FMN GV 18 Kasterlee
84,Oudemolsedijk,2023-04-16,07:00:00,11,6,5,FMN GV 18 Kasterlee
84,Oudemolsedijk,2023-04-16,08:00:00,25,14,11,FMN GV 18 Kasterlee
84,Oudemolsedijk,2023-04-16,09:00:00,80,59,21,FMN GV 18 Kasterlee
84,Oudemolsedijk,2023-04-16,10:00:00,112,59,53,FMN GV 18 Kasterlee
84,Oudemolsedijk,2023-04-16,11:00:00,75,30,45,FMN GV 18 Kasterlee
84,Oudemolsedijk,2023-04-16,12:00:00,35,18,17,FMN GV 18 Kasterlee
84,Oudemolsedijk,2023-04-16,13:00:00,17,10,7,FMN GV 18 Kasterlee
84,Oudemolsedijk,2023-04-16,14:00:00,39,10,29,FMN GV 18 Kasterlee
84,Oudemolsedijk,2023-04-16,15:00:00,15,13,2,FMN GV 18 Kasterlee
84,Oudemolsedijk,2023-04-16,16:00:00,20,14,6,FMN GV 18 Kasterlee
84,Oudemolsedijk,2023-04-16,17:00:00,12,6,6,FMN GV 18 Kasterlee
84,Oudemolsedijk,2023-04-16,18:00:00,8,2,6,FMN GV 18 Kasterlee
84,Oudemolsedijk,2023-04-16,19:00:00,4,4,0,FMN GV 18 Kasterlee
84,Oudemolsedijk,2023-04-16,20:00:00,1,1,0,FMN GV 18 Kasterlee
84,Oudemolsedijk,2023-04-16,21:00:00,4,2,2,FMN GV 18 Kasterlee
84,Oudemolsedijk,2023-04-16,22:00:00,4,1,3,FMN GV 18 Kasterlee
84,Oudemolsedijk,2023-04-16,23:00:00,0,0,0,FMN GV 18 Kasterlee
84,Oudemolsedijk,2023-04-17,00:00:00,0,0,0,FMN GV 18 Kasterlee
84,Oudemolsedijk,2023-04-17,01:00:00,0,0,0,FMN GV 18 Kasterlee
84,Oudemolsedijk,2023-04-17,02:00:00,3,0,3,FMN GV 18 Kasterlee
84,Oudemolsedijk,2023-04-17,03:00:00,0,0,0,FMN GV 18 Kasterlee
84,Oudemolsedijk,2023-04-17,04:00:00,2,2,0,FMN GV 18 Kasterlee
84,Oudemolsedijk,2023-04-17,05:00:00,7,6,1,FMN GV 18 Kasterlee
84,Oudemolsedijk,2023-04-17,06:00:00,21,10,11,FMN GV 18 Kasterlee
84,Oudemolsedijk,2023-04-17,07:00:00,45,23,22,FMN GV 18 Kasterlee
84,Oudemolsedijk,2023-04-17,08:00:00,29,20,9,FMN GV 18 Kasterlee
84,Oudemolsedijk,2023-04-17,09:00:00,19,7,12,FMN GV 18 Kasterlee
84,Oudemolsedijk,2023-04-17,10:00:00,25,12,13,FMN GV 18 Kasterlee
84,Oudemolsedijk,2023-04-17,11:00:00,16,13,3,FMN GV 18 Kasterlee
84,Oudemolsedijk,2023-04-17,12:00:00,17,13,4,FMN GV 18 Kasterlee
84,Oudemolsedijk,2023-04-17,13:00:00,28,11,17,FMN GV 18 Kasterlee
84,Oudemolsedijk,2023-04-17,14:00:00,64,23,41,FMN GV 18 Kasterlee
84,Oudemolsedijk,2023-04-17,15:00:00,43,26,17,FMN GV 18 Kasterlee
84,Oudemolsedijk,2023-04-17,16:00:00,85,47,38,FMN GV 18 Kasterlee
84,Oudemolsedijk,2023-04-17,17:00:00,49,28,21,FMN GV 18 Kasterlee
84,Oudemolsedijk,2023-04-17,18:00:00,18,7,11,FMN GV 18 Kasterlee
84,Oudemolsedijk,2023-04-17,19:00:00,14,7,7,FMN GV 18 Kasterlee
84,Oudemolsedijk,2023-04-17,20:00:00,20,16,4,FMN GV 18 Kasterlee
84,Oudemolsedijk,2023-04-17,21:00:00,4,1,3,FMN GV 18 Kasterlee
84,Oudemolsedijk,2023-04-17,22:00:00,3,0,3,FMN GV 18 Kasterlee
84,Oudemolsedijk,2023-04-17,23:00:00,2,1,1,FMN GV 18 Kasterlee
84,Oudemolsedijk,2023-04-18,00:00:00,0,0,0,FMN GV 18 Kasterlee
84,Oudemolsedijk,2023-04-18,01:00:00,0,0,0,FMN GV 18 Kasterlee
84,Oudemolsedijk,2023-04-18,02:00:00,0,0,0,FMN GV 18 Kasterlee
84,Oudemolsedijk,2023-04-18,03:00:00,0,0,0,FMN GV 18 Kasterlee
84,Oudemolsedijk,2023-04-18,04:00:00,2,2,0,FMN GV 18 Kasterlee
84,Oudemolsedijk,2023-04-18,05:00:00,9,9,0,FMN GV 18 Kasterlee
84,Oudemolsedijk,2023-04-18,06:00:00,27,14,13,FMN GV 18 Kasterlee
84,Oudemolsedijk,2023-04-18,07:00:00,44,21,23,FMN GV 18 Kasterlee
84,Oudemolsedijk,2023-04-18,08:00:00,32,17,15,FMN GV 18 Kasterlee
84,Oudemolsedijk,2023-04-18,09:00:00,27,5,22,FMN GV 18 Kasterlee
84,Oudemolsedijk,2023-04-18,10:00:00,16,7,9,FMN GV 18 Kasterlee
84,Oudemolsedijk,2023-04-18,11:00:00,27,8,19,FMN GV 18 Kasterlee
84,Oudemolsedijk,2023-04-18,12:00:00,27,18,9,FMN GV 18 Kasterlee
84,Oudemolsedijk,2023-04-18,13:00:00,48,18,30,FMN GV 18 Kasterlee
84,Oudemolsedijk,2023-04-18,14:00:00,58,25,33,FMN GV 18 Kasterlee
84,Oudemolsedijk,2023-04-18,15:00:00,110,35,75,FMN GV 18 Kasterlee
84,Oudemolsedijk,2023-04-18,16:00:00,74,44,30,FMN GV 18 Kasterlee
84,Oudemolsedijk,2023-04-18,17:00:00,51,26,25,FMN GV 18 Kasterlee
84,Oudemolsedijk,2023-04-18,18:00:00,32,15,17,FMN GV 18 Kasterlee
84,Oudemolsedijk,2023-04-18,19:00:00,30,6,24,FMN GV 18 Kasterlee
84,Oudemolsedijk,2023-04-18,20:00:00,14,7,7,FMN GV 18 Kasterlee
84,Oudemolsedijk,2023-04-18,21:00:00,1,0,1,FMN GV 18 Kasterlee
84,Oudemolsedijk,2023-04-18,22:00:00,6,2,4,FMN GV 18 Kasterlee
84,Oudemolsedijk,2023-04-18,23:00:00,1,1,0,FMN GV 18 Kasterlee
84,Oudemolsedijk,2023-04-19,00:00:00,0,0,0,FMN GV 18 Kasterlee
84,Oudemolsedijk,2023-04-19,01:00:00,0,0,0,FMN GV 18 Kasterlee
84,Oudemolsedijk,2023-04-19,02:00:00,0,0,0,FMN GV 18 Kasterlee
84,Oudemolsedijk,2023-04-19,03:00:00,0,0,0,FMN GV 18 Kasterlee
84,Oudemolsedijk,2023-04-19,04:00:00,1,1,0,FMN GV 18 Kasterlee
84,Oudemolsedijk,2023-04-19,05:00:00,8,7,1,FMN GV 18 Kasterlee
84,Oudemolsedijk,2023-04-19,06:00:00,21,12,9,FMN GV 18 Kasterlee
84,Oudemolsedijk,2023-04-19,07:00:00,40,23,17,FMN GV 18 Kasterlee
84,Oudemolsedijk,2023-04-19,08:00:00,30,19,11,FMN GV 18 Kasterlee
84,Oudemolsedijk,2023-04-19,09:00:00,15,8,7,FMN GV 18 Kasterlee
84,Oudemolsedijk,2023-04-19,10:00:00,28,11,17,FMN GV 18 Kasterlee
84,Oudemolsedijk,2023-04-19,11:00:00,36,25,11,FMN GV 18 Kasterlee
84,Oudemolsedijk,2023-04-19,12:00:00,36,19,17,FMN GV 18 Kasterlee
84,Oudemolsedijk,2023-04-19,13:00:00,46,23,23,FMN GV 18 Kasterlee
84,Oudemolsedijk,2023-04-19,14:00:00,86,52,34,FMN GV 18 Kasterlee
84,Oudemolsedijk,2023-04-19,15:00:00,68,28,40,FMN GV 18 Kasterlee
84,Oudemolsedijk,2023-04-19,16:00:00,77,41,36,FMN GV 18 Kasterlee
84,Oudemolsedijk,2023-04-19,17:00:00,49,25,24,FMN GV 18 Kasterlee
84,Oudemolsedijk,2023-04-19,18:00:00,43,19,24,FMN GV 18 Kasterlee
84,Oudemolsedijk,2023-04-19,19:00:00,26,8,18,FMN GV 18 Kasterlee
84,Oudemolsedijk,2023-04-19,20:00:00,79,68,11,FMN GV 18 Kasterlee
84,Oudemolsedijk,2023-04-19,21:00:00,3,2,1,FMN GV 18 Kasterlee
84,Oudemolsedijk,2023-04-19,22:00:00,4,2,2,FMN GV 18 Kasterlee
84,Oudemolsedijk,2023-04-19,23:00:00,1,1,0,FMN GV 18 Kasterlee
84,Oudemolsedijk,2023-04-20,00:00:00,0,0,0,FMN GV 18 Kasterlee
84,Oudemolsedijk,2023-04-20,01:00:00,0,0,0,FMN GV 18 Kasterlee
84,Oudemolsedijk,2023-04-20,02:00:00,0,0,0,FMN GV 18 Kasterlee
84,Oudemolsedijk,2023-04-20,03:00:00,0,0,0,FMN GV 18 Kasterlee
84,Oudemolsedijk,2023-04-20,04:00:00,1,1,0,FMN GV 18 Kasterlee
84,Oudemolsedijk,2023-04-20,05:00:00,5,5,0,FMN GV 18 Kasterlee
84,Oudemolsedijk,2023-04-20,06:00:00,18,5,13,FMN GV 18 Kasterlee
84,Oudemolsedijk,2023-04-20,07:00:00,24,14,10,FMN GV 18 Kasterlee
84,Oudemolsedijk,2023-04-20,08:00:00,19,13,6,FMN GV 18 Kasterlee
84,Oudemolsedijk,2023-04-20,09:00:00,21,3,18,FMN GV 18 Kasterlee
84,Oudemolsedijk,2023-04-20,10:00:00,13,5,8,FMN GV 18 Kasterlee
84,Oudemolsedijk,2023-04-20,11:00:00,3,2,1,FMN GV 18 Kasterlee
84,Oudemolsedijk,2023-04-20,12:00:00,16,7,9,FMN GV 18 Kasterlee
84,Oudemolsedijk,2023-04-20,13:00:00,26,9,17,FMN GV 18 Kasterlee
84,Oudemolsedijk,2023-04-20,14:00:00,17,1,16,FMN GV 18 Kasterlee
84,Oudemolsedijk,2023-04-20,15:00:00,16,8,8,FMN GV 18 Kasterlee
84,Oudemolsedijk,2023-04-20,16:00:00,23,10,13,FMN GV 18 Kasterlee
84,Oudemolsedijk,2023-04-20,17:00:00,22,11,11,FMN GV 18 Kasterlee
84,Oudemolsedijk,2023-04-20,18:00:00,10,5,5,FMN GV 18 Kasterlee
84,Oudemolsedijk,2023-04-20,19:00:00,9,7,2,FMN GV 18 Kasterlee
84,Oudemolsedijk,2023-04-20,20:00:00,16,11,5,FMN GV 18 Kasterlee
84,Oudemolsedijk,2023-04-20,21:00:00,2,1,1,FMN GV 18 Kasterlee
84,Oudemolsedijk,2023-04-20,22:00:00,4,1,3,FMN GV 18 Kasterlee
84,Oudemolsedijk,2023-04-20,23:00:00,1,0,1,FMN GV 18 Kasterlee
84,Oudemolsedijk,2023-04-21,00:00:00,0,0,0,FMN GV 18 Kasterlee
84,Oudemolsedijk,2023-04-21,01:00:00,0,0,0,FMN GV 18 Kasterlee
84,Oudemolsedijk,2023-04-21,02:00:00,0,0,0,FMN GV 18 Kasterlee
84,Oudemolsedijk,2023-04-21,03:00:00,0,0,0,FMN GV 18 Kasterlee
84,Oudemolsedijk,2023-04-21,04:00:00,1,1,0,FMN GV 18 Kasterlee
84,Oudemolsedijk,2023-04-21,05:00:00,5,5,0,FMN GV 18 Kasterlee
84,Oudemolsedijk,2023-04-21,06:00:00,12,7,5,FMN GV 18 Kasterlee
84,Oudemolsedijk,2023-04-21,07:00:00,32,16,16,FMN GV 18 Kasterlee
84,Oudemolsedijk,2023-04-21,08:00:00,35,20,15,FMN GV 18 Kasterlee
84,Oudemolsedijk,2023-04-21,09:00:00,13,7,6,FMN GV 18 Kasterlee
84,Oudemolsedijk,2023-04-21,10:00:00,15,7,8,FMN GV 18 Kasterlee
84,Oudemolsedijk,2023-04-21,11:00:00,21,12,9,FMN GV 18 Kasterlee
84,Oudemolsedijk,2023-04-21,12:00:00,22,12,10,FMN GV 18 Kasterlee
84,Oudemolsedijk,2023-04-21,13:00:00,57,19,38,FMN GV 18 Kasterlee
84,Oudemolsedijk,2023-04-21,14:00:00,97,26,71,FMN GV 18 Kasterlee
84,Oudemolsedijk,2023-04-21,15:00:00,67,26,41,FMN GV 18 Kasterlee
84,Oudemolsedijk,2023-04-21,16:00:00,67,32,35,FMN GV 18 Kasterlee
84,Oudemolsedijk,2023-04-21,17:00:00,37,20,17,FMN GV 18 Kasterlee
84,Oudemolsedijk,2023-04-21,18:00:00,12,2,10,FMN GV 18 Kasterlee
84,Oudemolsedijk,2023-04-21,19:00:00,83,77,6,FMN GV 18 Kasterlee
84,Oudemolsedijk,2023-04-21,20:00:00,6,4,2,FMN GV 18 Kasterlee
84,Oudemolsedijk,2023-04-21,21:00:00,1,0,1,FMN GV 18 Kasterlee
84,Oudemolsedijk,2023-04-21,22:00:00,2,0,2,FMN GV 18 Kasterlee
84,Oudemolsedijk,2023-04-21,23:00:00,3,2,1,FMN GV 18 Kasterlee
84,Oudemolsedijk,2023-04-22,00:00:00,1,1,0,FMN GV 18 Kasterlee
84,Oudemolsedijk,2023-04-22,01:00:00,1,1,0,FMN GV 18 Kasterlee
84,Oudemolsedijk,2023-04-22,02:00:00,2,1,1,FMN GV 18 Kasterlee
84,Oudemolsedijk,2023-04-22,03:00:00,0,0,0,FMN GV 18 Kasterlee
84,Oudemolsedijk,2023-04-22,04:00:00,0,0,0,FMN GV 18 Kasterlee
84,Oudemolsedijk,2023-04-22,05:00:00,2,2,0,FMN GV 18 Kasterlee
84,Oudemolsedijk,2023-04-22,06:00:00,3,2,1,FMN GV 18 Kasterlee
84,Oudemolsedijk,2023-04-22,07:00:00,10,0,10,FMN GV 18 Kasterlee
84,Oudemolsedijk,2023-04-22,08:00:00,18,6,12,FMN GV 18 Kasterlee
84,Oudemolsedijk,2023-04-22,09:00:00,37,11,26,FMN GV 18 Kasterlee
84,Oudemolsedijk,2023-04-22,10:00:00,73,27,46,FMN GV 18 Kasterlee
84,Oudemolsedijk,2023-04-22,11:00:00,32,22,10,FMN GV 18 Kasterlee
84,Oudemolsedijk,2023-04-22,12:00:00,33,20,13,FMN GV 18 Kasterlee
84,Oudemolsedijk,2023-04-22,13:00:00,13,10,3,FMN GV 18 Kasterlee
84,Oudemolsedijk,2023-04-22,14:00:00,19,14,5,FMN GV 18 Kasterlee
84,Oudemolsedijk,2023-04-22,15:00:00,16,13,3,FMN GV 18 Kasterlee
84,Oudemolsedijk,2023-04-22,16:00:00,16,9,7,FMN GV 18 Kasterlee
84,Oudemolsedijk,2023-04-22,17:00:00,5,5,0,FMN GV 18 Kasterlee
84,Oudemolsedijk,2023-04-22,18:00:00,4,2,2,FMN GV 18 Kasterlee
84,Oudemolsedijk,2023-04-22,19:00:00,1,1,0,FMN GV 18 Kasterlee
84,Oudemolsedijk,2023-04-22,20:00:00,6,5,1,FMN GV 18 Kasterlee
84,Oudemolsedijk,2023-04-22,21:00:00,2,1,1,FMN GV 18 Kasterlee
84,Oudemolsedijk,2023-04-22,22:00:00,1,0,1,FMN GV 18 Kasterlee
84,Oudemolsedijk,2023-04-22,23:00:00,2,1,1,FMN GV 18 Kasterlee
84,Oudemolsedijk,2023-04-23,00:00:00,2,2,0,FMN GV 18 Kasterlee
84,Oudemolsedijk,2023-04-23,01:00:00,0,0,0,FMN GV 18 Kasterlee
84,Oudemolsedijk,2023-04-23,02:00:00,1,0,1,FMN GV 18 Kasterlee
84,Oudemolsedijk,2023-04-23,03:00:00,0,0,0,FMN GV 18 Kasterlee
84,Oudemolsedijk,2023-04-23,04:00:00,0,0,0,FMN GV 18 Kasterlee
84,Oudemolsedijk,2023-04-23,05:00:00,0,0,0,FMN GV 18 Kasterlee
84,Oudemolsedijk,2023-04-23,06:00:00,3,3,0,FMN GV 18 Kasterlee
84,Oudemolsedijk,2023-04-23,07:00:00,14,4,10,FMN GV 18 Kasterlee
84,Oudemolsedijk,2023-04-23,08:00:00,39,3,36,FMN GV 18 Kasterlee
84,Oudemolsedijk,2023-04-23,09:00:00,110,36,74,FMN GV 18 Kasterlee
84,Oudemolsedijk,2023-04-23,10:00:00,179,95,84,FMN GV 18 Kasterlee
84,Oudemolsedijk,2023-04-23,11:00:00,115,80,35,FMN GV 18 Kasterlee
84,Oudemolsedijk,2023-04-23,12:00:00,66,26,40,FMN GV 18 Kasterlee
84,Oudemolsedijk,2023-04-23,13:00:00,99,21,78,FMN GV 18 Kasterlee
84,Oudemolsedijk,2023-04-23,14:00:00,20,8,12,FMN GV 18 Kasterlee
84,Oudemolsedijk,2023-04-23,15:00:00,12,1,11,FMN GV 18 Kasterlee
84,Oudemolsedijk,2023-04-23,16:00:00,2,0,2,FMN GV 18 Kasterlee
84,Oudemolsedijk,2023-04-23,17:00:00,0,0,0,FMN GV 18 Kasterlee
84,Oudemolsedijk,2023-04-23,18:00:00,4,1,3,FMN GV 18 Kasterlee
84,Oudemolsedijk,2023-04-23,19:00:00,0,0,0,FMN GV 18 Kasterlee
84,Oudemolsedijk,2023-04-23,20:00:00,0,0,0,FMN GV 18 Kasterlee
84,Oudemolsedijk,2023-04-23,21:00:00,0,0,0,FMN GV 18 Kasterlee
84,Oudemolsedijk,2023-04-23,22:00:00,3,0,3,FMN GV 18 Kasterlee
84,Oudemolsedijk,2023-04-23,23:00:00,1,1,0,FMN GV 18 Kasterlee
84,Oudemolsedijk,2023-04-24,00:00:00,0,0,0,FMN GV 18 Kasterlee
84,Oudemolsedijk,2023-04-24,01:00:00,0,0,0,FMN GV 18 Kasterlee
84,Oudemolsedijk,2023-04-24,02:00:00,0,0,0,FMN GV 18 Kasterlee
84,Oudemolsedijk,2023-04-24,03:00:00,0,0,0,FMN GV 18 Kasterlee
84,Oudemolsedijk,2023-04-24,04:00:00,1,1,0,FMN GV 18 Kasterlee
84,Oudemolsedijk,2023-04-24,05:00:00,2,2,0,FMN GV 18 Kasterlee
84,Oudemolsedijk,2023-04-24,06:00:00,8,2,6,FMN GV 18 Kasterlee
84,Oudemolsedijk,2023-04-24,07:00:00,9,5,4,FMN GV 18 Kasterlee
84,Oudemolsedijk,2023-04-24,08:00:00,3,3,0,FMN GV 18 Kasterlee
84,Oudemolsedijk,2023-04-24,09:00:00,0,0,0,FMN GV 18 Kasterlee
84,Oudemolsedijk,2023-04-24,10:00:00,2,1,1,FMN GV 18 Kasterlee
84,Oudemolsedijk,2023-04-24,11:00:00,0,0,0,FMN GV 18 Kasterlee
84,Oudemolsedijk,2023-04-24,12:00:00,29,6,23,FMN GV 18 Kasterlee
84,Oudemolsedijk,2023-04-24,13:00:00,26,8,18,FMN GV 18 Kasterlee
84,Oudemolsedijk,2023-04-24,14:00:00,23,11,12,FMN GV 18 Kasterlee
84,Oudemolsedijk,2023-04-24,15:00:00,31,21,10,FMN GV 18 Kasterlee
84,Oudemolsedijk,2023-04-24,16:00:00,24,16,8,FMN GV 18 Kasterlee
84,Oudemolsedijk,2023-04-24,17:00:00,11,6,5,FMN GV 18 Kasterlee
84,Oudemolsedijk,2023-04-24,18:00:00,10,5,5,FMN GV 18 Kasterlee
84,Oudemolsedijk,2023-04-24,19:00:00,17,3,14,FMN GV 18 Kasterlee
84,Oudemolsedijk,2023-04-24,20:00:00,9,2,7,FMN GV 18 Kasterlee
84,Oudemolsedijk,2023-04-24,21:00:00,4,2,2,FMN GV 18 Kasterlee
84,Oudemolsedijk,2023-04-24,22:00:00,5,2,3,FMN GV 18 Kasterlee
84,Oudemolsedijk,2023-04-24,23:00:00,1,1,0,FMN GV 18 Kasterlee
84,Oudemolsedijk,2023-04-25,00:00:00,0,0,0,FMN GV 18 Kasterlee
84,Oudemolsedijk,2023-04-25,01:00:00,0,0,0,FMN GV 18 Kasterlee
84,Oudemolsedijk,2023-04-25,02:00:00,0,0,0,FMN GV 18 Kasterlee
84,Oudemolsedijk,2023-04-25,03:00:00,0,0,0,FMN GV 18 Kasterlee
84,Oudemolsedijk,2023-04-25,04:00:00,2,2,0,FMN GV 18 Kasterlee
84,Oudemolsedijk,2023-04-25,05:00:00,3,3,0,FMN GV 18 Kasterlee
84,Oudemolsedijk,2023-04-25,06:00:00,17,5,12,FMN GV 18 Kasterlee
84,Oudemolsedijk,2023-04-25,07:00:00,40,19,21,FMN GV 18 Kasterlee
84,Oudemolsedijk,2023-04-25,08:00:00,30,14,16,FMN GV 18 Kasterlee
84,Oudemolsedijk,2023-04-25,09:00:00,23,14,9,FMN GV 18 Kasterlee
84,Oudemolsedijk,2023-04-25,10:00:00,10,4,6,FMN GV 18 Kasterlee
84,Oudemolsedijk,2023-04-25,11:00:00,15,12,3,FMN GV 18 Kasterlee
84,Oudemolsedijk,2023-04-25,12:00:00,40,13,27,FMN GV 18 Kasterlee
84,Oudemolsedijk,2023-04-25,13:00:00,62,25,37,FMN GV 18 Kasterlee
84,Oudemolsedijk,2023-04-25,14:00:00,48,28,20,FMN GV 18 Kasterlee
84,Oudemolsedijk,2023-04-25,15:00:00,53,38,15,FMN GV 18 Kasterlee
84,Oudemolsedijk,2023-04-25,16:00:00,65,33,32,FMN GV 18 Kasterlee
84,Oudemolsedijk,2023-04-25,17:00:00,39,14,25,FMN GV 18 Kasterlee
84,Oudemolsedijk,2023-04-25,18:00:00,33,24,9,FMN GV 18 Kasterlee
84,Oudemolsedijk,2023-04-25,19:00:00,38,8,30,FMN GV 18 Kasterlee
84,Oudemolsedijk,2023-04-25,20:00:00,19,12,7,FMN GV 18 Kasterlee
84,Oudemolsedijk,2023-04-25,21:00:00,3,1,2,FMN GV 18 Kasterlee
84,Oudemolsedijk,2023-04-25,22:00:00,2,1,1,FMN GV 18 Kasterlee
84,Oudemolsedijk,2023-04-25,23:00:00,2,2,0,FMN GV 18 Kasterlee
84,Oudemolsedijk,2023-04-26,00:00:00,1,0,1,FMN GV 18 Kasterlee
84,Oudemolsedijk,2023-04-26,01:00:00,2,2,0,FMN GV 18 Kasterlee
84,Oudemolsedijk,2023-04-26,02:00:00,0,0,0,FMN GV 18 Kasterlee
84,Oudemolsedijk,2023-04-26,03:00:00,3,3,0,FMN GV 18 Kasterlee
84,Oudemolsedijk,2023-04-26,04:00:00,2,2,0,FMN GV 18 Kasterlee
84,Oudemolsedijk,2023-04-26,05:00:00,2,2,0,FMN GV 18 Kasterlee
84,Oudemolsedijk,2023-04-26,06:00:00,18,7,11,FMN GV 18 Kasterlee
84,Oudemolsedijk,2023-04-26,07:00:00,33,15,18,FMN GV 18 Kasterlee
84,Oudemolsedijk,2023-04-26,08:00:00,25,18,7,FMN GV 18 Kasterlee
84,Oudemolsedijk,2023-04-26,09:00:00,13,6,7,FMN GV 18 Kasterlee
84,Oudemolsedijk,2023-04-26,10:00:00,17,12,5,FMN GV 18 Kasterlee
84,Oudemolsedijk,2023-04-26,11:00:00,24,13,11,FMN GV 18 Kasterlee
84,Oudemolsedijk,2023-04-26,12:00:00,25,10,15,FMN GV 18 Kasterlee
84,Oudemolsedijk,2023-04-26,13:00:00,66,37,29,FMN GV 18 Kasterlee
84,Oudemolsedijk,2023-04-26,14:00:00,87,41,46,FMN GV 18 Kasterlee
84,Oudemolsedijk,2023-04-26,15:00:00,75,36,39,FMN GV 18 Kasterlee
84,Oudemolsedijk,2023-04-26,16:00:00,88,59,29,FMN GV 18 Kasterlee
84,Oudemolsedijk,2023-04-26,17:00:00,39,22,17,FMN GV 18 Kasterlee
84,Oudemolsedijk,2023-04-26,18:00:00,46,20,26,FMN GV 18 Kasterlee
84,Oudemolsedijk,2023-04-26,19:00:00,48,29,19,FMN GV 18 Kasterlee
84,Oudemolsedijk,2023-04-26,20:00:00,113,80,33,FMN GV 18 Kasterlee
84,Oudemolsedijk,2023-04-26,21:00:00,2,2,0,FMN GV 18 Kasterlee
84,Oudemolsedijk,2023-04-26,22:00:00,5,1,4,FMN GV 18 Kasterlee
84,Oudemolsedijk,2023-04-26,23:00:00,2,1,1,FMN GV 18 Kasterlee
84,Oudemolsedijk,2023-04-27,00:00:00,4,1,3,FMN GV 18 Kasterlee
84,Oudemolsedijk,2023-04-27,01:00:00,0,0,0,FMN GV 18 Kasterlee
84,Oudemolsedijk,2023-04-27,02:00:00,0,0,0,FMN GV 18 Kasterlee
84,Oudemolsedijk,2023-04-27,03:00:00,0,0,0,FMN GV 18 Kasterlee
84,Oudemolsedijk,2023-04-27,04:00:00,2,2,0,FMN GV 18 Kasterlee
84,Oudemolsedijk,2023-04-27,05:00:00,2,2,0,FMN GV 18 Kasterlee
84,Oudemolsedijk,2023-04-27,06:00:00,16,8,8,FMN GV 18 Kasterlee
84,Oudemolsedijk,2023-04-27,07:00:00,34,18,16,FMN GV 18 Kasterlee
84,Oudemolsedijk,2023-04-27,08:00:00,26,17,9,FMN GV 18 Kasterlee
84,Oudemolsedijk,2023-04-27,09:00:00,32,5,27,FMN GV 18 Kasterlee
84,Oudemolsedijk,2023-04-27,10:00:00,28,13,15,FMN GV 18 Kasterlee
84,Oudemolsedijk,2023-04-27,11:00:00,27,17,10,FMN GV 18 Kasterlee
84,Oudemolsedijk,2023-04-27,12:00:00,42,21,21,FMN GV 18 Kasterlee
84,Oudemolsedijk,2023-04-27,13:00:00,66,22,44,FMN GV 18 Kasterlee
84,Oudemolsedijk,2023-04-27,14:00:00,67,19,48,FMN GV 18 Kasterlee
84,Oudemolsedijk,2023-04-27,15:00:00,85,47,38,FMN GV 18 Kasterlee
84,Oudemolsedijk,2023-04-27,16:00:00,72,41,31,FMN GV 18 Kasterlee
84,Oudemolsedijk,2023-04-27,17:00:00,50,34,16,FMN GV 18 Kasterlee
84,Oudemolsedijk,2023-04-27,18:00:00,21,11,10,FMN GV 18 Kasterlee
84,Oudemolsedijk,2023-04-27,19:00:00,23,8,15,FMN GV 18 Kasterlee
84,Oudemolsedijk,2023-04-27,20:00:00,35,29,6,FMN GV 18 Kasterlee
84,Oudemolsedijk,2023-04-27,21:00:00,3,1,2,FMN GV 18 Kasterlee
84,Oudemolsedijk,2023-04-27,22:00:00,6,4,2,FMN GV 18 Kasterlee
84,Oudemolsedijk,2023-04-27,23:00:00,3,1,2,FMN GV 18 Kasterlee
84,Oudemolsedijk,2023-04-28,00:00:00,0,0,0,FMN GV 18 Kasterlee
84,Oudemolsedijk,2023-04-28,01:00:00,1,0,1,FMN GV 18 Kasterlee
84,Oudemolsedijk,2023-04-28,02:00:00,0,0,0,FMN GV 18 Kasterlee
84,Oudemolsedijk,2023-04-28,03:00:00,0,0,0,FMN GV 18 Kasterlee
84,Oudemolsedijk,2023-04-28,04:00:00,1,1,0,FMN GV 18 Kasterlee
84,Oudemolsedijk,2023-04-28,05:00:00,3,3,0,FMN GV 18 Kasterlee
84,Oudemolsedijk,2023-04-28,06:00:00,16,6,10,FMN GV 18 Kasterlee
84,Oudemolsedijk,2023-04-28,07:00:00,15,5,10,FMN GV 18 Kasterlee
84,Oudemolsedijk,2023-04-28,08:00:00,21,17,4,FMN GV 18 Kasterlee
84,Oudemolsedijk,2023-04-28,09:00:00,16,6,10,FMN GV 18 Kasterlee
84,Oudemolsedijk,2023-04-28,10:00:00,3,1,2,FMN GV 18 Kasterlee
84,Oudemolsedijk,2023-04-28,11:00:00,6,5,1,FMN GV 18 Kasterlee
84,Oudemolsedijk,2023-04-28,12:00:00,9,4,5,FMN GV 18 Kasterlee
84,Oudemolsedijk,2023-04-28,13:00:00,23,9,14,FMN GV 18 Kasterlee
84,Oudemolsedijk,2023-04-28,14:00:00,27,14,13,FMN GV 18 Kasterlee
84,Oudemolsedijk,2023-04-28,15:00:00,25,12,13,FMN GV 18 Kasterlee
84,Oudemolsedijk,2023-04-28,16:00:00,122,100,22,FMN GV 18 Kasterlee
84,Oudemolsedijk,2023-04-28,17:00:00,17,8,9,FMN GV 18 Kasterlee
84,Oudemolsedijk,2023-04-28,18:00:00,7,4,3,FMN GV 18 Kasterlee
84,Oudemolsedijk,2023-04-28,19:00:00,7,3,4,FMN GV 18 Kasterlee
84,Oudemolsedijk,2023-04-28,20:00:00,19,17,2,FMN GV 18 Kasterlee
84,Oudemolsedijk,2023-04-28,21:00:00,4,2,2,FMN GV 18 Kasterlee
84,Oudemolsedijk,2023-04-28,22:00:00,1,0,1,FMN GV 18 Kasterlee
84,Oudemolsedijk,2023-04-28,23:00:00,0,0,0,FMN GV 18 Kasterlee
84,Oudemolsedijk,2023-04-29,00:00:00,0,0,0,FMN GV 18 Kasterlee
84,Oudemolsedijk,2023-04-29,01:00:00,0,0,0,FMN GV 18 Kasterlee
84,Oudemolsedijk,2023-04-29,02:00:00,1,1,0,FMN GV 18 Kasterlee
84,Oudemolsedijk,2023-04-29,03:00:00,0,0,0,FMN GV 18 Kasterlee
84,Oudemolsedijk,2023-04-29,04:00:00,0,0,0,FMN GV 18 Kasterlee
84,Oudemolsedijk,2023-04-29,05:00:00,2,1,1,FMN GV 18 Kasterlee
84,Oudemolsedijk,2023-04-29,06:00:00,3,2,1,FMN GV 18 Kasterlee
84,Oudemolsedijk,2023-04-29,07:00:00,8,2,6,FMN GV 18 Kasterlee
84,Oudemolsedijk,2023-04-29,08:00:00,4,3,1,FMN GV 18 Kasterlee
84,Oudemolsedijk,2023-04-29,09:00:00,21,14,7,FMN GV 18 Kasterlee
84,Oudemolsedijk,2023-04-29,10:00:00,28,18,10,FMN GV 18 Kasterlee
84,Oudemolsedijk,2023-04-29,11:00:00,38,26,12,FMN GV 18 Kasterlee
84,Oudemolsedijk,2023-04-29,12:00:00,26,7,19,FMN GV 18 Kasterlee
84,Oudemolsedijk,2023-04-29,13:00:00,60,34,26,FMN GV 18 Kasterlee
84,Oudemolsedijk,2023-04-29,14:00:00,121,75,46,FMN GV 18 Kasterlee
84,Oudemolsedijk,2023-04-29,15:00:00,110,53,57,FMN GV 18 Kasterlee
84,Oudemolsedijk,2023-04-29,16:00:00,63,42,21,FMN GV 18 Kasterlee
84,Oudemolsedijk,2023-04-29,17:00:00,35,21,14,FMN GV 18 Kasterlee
84,Oudemolsedijk,2023-04-29,18:00:00,12,3,9,FMN GV 18 Kasterlee
84,Oudemolsedijk,2023-04-29,19:00:00,6,4,2,FMN GV 18 Kasterlee
84,Oudemolsedijk,2023-04-29,20:00:00,14,10,4,FMN GV 18 Kasterlee
84,Oudemolsedijk,2023-04-29,21:00:00,0,0,0,FMN GV 18 Kasterlee
84,Oudemolsedijk,2023-04-29,22:00:00,1,0,1,FMN GV 18 Kasterlee
84,Oudemolsedijk,2023-04-29,23:00:00,0,0,0,FMN GV 18 Kasterlee
84,Oudemolsedijk,2023-04-30,00:00:00,1,1,0,FMN GV 18 Kasterlee
84,Oudemolsedijk,2023-04-30,01:00:00,1,1,0,FMN GV 18 Kasterlee
84,Oudemolsedijk,2023-04-30,02:00:00,0,0,0,FMN GV 18 Kasterlee
84,Oudemolsedijk,2023-04-30,03:00:00,0,0,0,FMN GV 18 Kasterlee
84,Oudemolsedijk,2023-04-30,04:00:00,0,0,0,FMN GV 18 Kasterlee
84,Oudemolsedijk,2023-04-30,05:00:00,2,1,1,FMN GV 18 Kasterlee
84,Oudemolsedijk,2023-04-30,06:00:00,4,3,1,FMN GV 18 Kasterlee
84,Oudemolsedijk,2023-04-30,07:00:00,6,1,5,FMN GV 18 Kasterlee
84,Oudemolsedijk,2023-04-30,08:00:00,14,7,7,FMN GV 18 Kasterlee
84,Oudemolsedijk,2023-04-30,09:00:00,111,71,40,FMN GV 18 Kasterlee
84,Oudemolsedijk,2023-04-30,10:00:00,159,75,84,FMN GV 18 Kasterlee
84,Oudemolsedijk,2023-04-30,11:00:00,131,81,50,FMN GV 18 Kasterlee
84,Oudemolsedijk,2023-04-30,12:00:00,66,43,23,FMN GV 18 Kasterlee
84,Oudemolsedijk,2023-04-30,13:00:00,134,68,66,FMN GV 18 Kasterlee
84,Oudemolsedijk,2023-04-30,14:00:00,186,106,80,FMN GV 18 Kasterlee
84,Oudemolsedijk,2023-04-30,15:00:00,136,83,53,FMN GV 18 Kasterlee
84,Oudemolsedijk,2023-04-30,16:00:00,101,58,43,FMN GV 18 Kasterlee
84,Oudemolsedijk,2023-04-30,17:00:00,69,39,30,FMN GV 18 Kasterlee
84,Oudemolsedijk,2023-04-30,18:00:00,44,24,20,FMN GV 18 Kasterlee
84,Oudemolsedijk,2023-04-30,19:00:00,12,7,5,FMN GV 18 Kasterlee
84,Oudemolsedijk,2023-04-30,20:00:00,10,9,1,FMN GV 18 Kasterlee
84,Oudemolsedijk,2023-04-30,21:00:00,4,1,3,FMN GV 18 Kasterlee
84,Oudemolsedijk,2023-04-30,22:00:00,2,0,2,FMN GV 18 Kasterlee
84,Oudemolsedijk,2023-04-30,23:00:00,0,0,0,FMN GV 18 Kasterlee
84,Oudemolsedijk,2023-05-01,00:00:00,0,0,0,FMN GV 18 Kasterlee
84,Oudemolsedijk,2023-05-01,01:00:00,0,0,0,FMN GV 18 Kasterlee
84,Oudemolsedijk,2023-05-01,02:00:00,0,0,0,FMN GV 18 Kasterlee
84,Oudemolsedijk,2023-05-01,03:00:00,0,0,0,FMN GV 18 Kasterlee
84,Oudemolsedijk,2023-05-01,04:00:00,1,1,0,FMN GV 18 Kasterlee
84,Oudemolsedijk,2023-05-01,05:00:00,4,3,1,FMN GV 18 Kasterlee
84,Oudemolsedijk,2023-05-01,06:00:00,0,0,0,FMN GV 18 Kasterlee
84,Oudemolsedijk,2023-05-01,07:00:00,7,1,6,FMN GV 18 Kasterlee
84,Oudemolsedijk,2023-05-01,08:00:00,71,15,56,FMN GV 18 Kasterlee
84,Oudemolsedijk,2023-05-01,09:00:00,51,24,27,FMN GV 18 Kasterlee
84,Oudemolsedijk,2023-05-01,10:00:00,123,61,62,FMN GV 18 Kasterlee
84,Oudemolsedijk,2023-05-01,11:00:00,59,31,28,FMN GV 18 Kasterlee
84,Oudemolsedijk,2023-05-01,12:00:00,88,48,40,FMN GV 18 Kasterlee
84,Oudemolsedijk,2023-05-01,13:00:00,59,39,20,FMN GV 18 Kasterlee
84,Oudemolsedijk,2023-05-01,14:00:00,106,40,66,FMN GV 18 Kasterlee
84,Oudemolsedijk,2023-05-01,15:00:00,88,44,44,FMN GV 18 Kasterlee
84,Oudemolsedijk,2023-05-01,16:00:00,72,28,44,FMN GV 18 Kasterlee
84,Oudemolsedijk,2023-05-01,17:00:00,57,35,22,FMN GV 18 Kasterlee
84,Oudemolsedijk,2023-05-01,18:00:00,12,3,9,FMN GV 18 Kasterlee
84,Oudemolsedijk,2023-05-01,19:00:00,6,1,5,FMN GV 18 Kasterlee
84,Oudemolsedijk,2023-05-01,20:00:00,9,8,1,FMN GV 18 Kasterlee
84,Oudemolsedijk,2023-05-01,21:00:00,3,3,0,FMN GV 18 Kasterlee
84,Oudemolsedijk,2023-05-01,22:00:00,4,0,4,FMN GV 18 Kasterlee
84,Oudemolsedijk,2023-05-01,23:00:00,1,0,1,FMN GV 18 Kasterlee
84,Oudemolsedijk,2023-05-02,00:00:00,0,0,0,FMN GV 18 Kasterlee
84,Oudemolsedijk,2023-05-02,01:00:00,0,0,0,FMN GV 18 Kasterlee
84,Oudemolsedijk,2023-05-02,02:00:00,0,0,0,FMN GV 18 Kasterlee
84,Oudemolsedijk,2023-05-02,03:00:00,2,2,0,FMN GV 18 Kasterlee
84,Oudemolsedijk,2023-05-02,04:00:00,3,2,1,FMN GV 18 Kasterlee
84,Oudemolsedijk,2023-05-02,05:00:00,3,3,0,FMN GV 18 Kasterlee
84,Oudemolsedijk,2023-05-02,06:00:00,13,7,6,FMN GV 18 Kasterlee
84,Oudemolsedijk,2023-05-02,07:00:00,35,14,21,FMN GV 18 Kasterlee
84,Oudemolsedijk,2023-05-02,08:00:00,27,10,17,FMN GV 18 Kasterlee
84,Oudemolsedijk,2023-05-02,09:00:00,35,9,26,FMN GV 18 Kasterlee
84,Oudemolsedijk,2023-05-02,10:00:00,12,9,3,FMN GV 18 Kasterlee
84,Oudemolsedijk,2023-05-02,11:00:00,18,9,9,FMN GV 18 Kasterlee
84,Oudemolsedijk,2023-05-02,12:00:00,27,16,11,FMN GV 18 Kasterlee
84,Oudemolsedijk,2023-05-02,13:00:00,91,35,56,FMN GV 18 Kasterlee
84,Oudemolsedijk,2023-05-02,14:00:00,78,32,46,FMN GV 18 Kasterlee
84,Oudemolsedijk,2023-05-02,15:00:00,77,17,60,FMN GV 18 Kasterlee
84,Oudemolsedijk,2023-05-02,16:00:00,62,40,22,FMN GV 18 Kasterlee
84,Oudemolsedijk,2023-05-02,17:00:00,49,28,21,FMN GV 18 Kasterlee
84,Oudemolsedijk,2023-05-02,18:00:00,29,20,9,FMN GV 18 Kasterlee
84,Oudemolsedijk,2023-05-02,19:00:00,27,9,18,FMN GV 18 Kasterlee
84,Oudemolsedijk,2023-05-02,20:00:00,12,11,1,FMN GV 18 Kasterlee
84,Oudemolsedijk,2023-05-02,21:00:00,5,0,5,FMN GV 18 Kasterlee
84,Oudemolsedijk,2023-05-02,22:00:00,6,2,4,FMN GV 18 Kasterlee
84,Oudemolsedijk,2023-05-02,23:00:00,1,0,1,FMN GV 18 Kasterlee
84,Oudemolsedijk,2023-05-03,00:00:00,0,0,0,FMN GV 18 Kasterlee
84,Oudemolsedijk,2023-05-03,01:00:00,0,0,0,FMN GV 18 Kasterlee
84,Oudemolsedijk,2023-05-03,02:00:00,1,1,0,FMN GV 18 Kasterlee
84,Oudemolsedijk,2023-05-03,03:00:00,1,1,0,FMN GV 18 Kasterlee
84,Oudemolsedijk,2023-05-03,04:00:00,2,1,1,FMN GV 18 Kasterlee
84,Oudemolsedijk,2023-05-03,05:00:00,6,5,1,FMN GV 18 Kasterlee
84,Oudemolsedijk,2023-05-03,06:00:00,18,11,7,FMN GV 18 Kasterlee
84,Oudemolsedijk,2023-05-03,07:00:00,43,26,17,FMN GV 18 Kasterlee
84,Oudemolsedijk,2023-05-03,08:00:00,39,24,15,FMN GV 18 Kasterlee
84,Oudemolsedijk,2023-05-03,09:00:00,21,5,16,FMN GV 18 Kasterlee
84,Oudemolsedijk,2023-05-03,10:00:00,16,10,6,FMN GV 18 Kasterlee
84,Oudemolsedijk,2023-05-03,11:00:00,26,19,7,FMN GV 18 Kasterlee
84,Oudemolsedijk,2023-05-03,12:00:00,46,20,26,FMN GV 18 Kasterlee
84,Oudemolsedijk,2023-05-03,13:00:00,76,24,52,FMN GV 18 Kasterlee
84,Oudemolsedijk,2023-05-03,14:00:00,95,65,30,FMN GV 18 Kasterlee
84,Oudemolsedijk,2023-05-03,15:00:00,74,40,34,FMN GV 18 Kasterlee
84,Oudemolsedijk,2023-05-03,16:00:00,77,46,31,FMN GV 18 Kasterlee
84,Oudemolsedijk,2023-05-03,17:00:00,56,27,29,FMN GV 18 Kasterlee
84,Oudemolsedijk,2023-05-03,18:00:00,40,18,22,FMN GV 18 Kasterlee
84,Oudemolsedijk,2023-05-03,19:00:00,61,25,36,FMN GV 18 Kasterlee
84,Oudemolsedijk,2023-05-03,20:00:00,61,50,11,FMN GV 18 Kasterlee
84,Oudemolsedijk,2023-05-03,21:00:00,10,5,5,FMN GV 18 Kasterlee
84,Oudemolsedijk,2023-05-03,22:00:00,7,2,5,FMN GV 18 Kasterlee
84,Oudemolsedijk,2023-05-03,23:00:00,2,2,0,FMN GV 18 Kasterlee
84,Oudemolsedijk,2023-05-04,00:00:00,1,1,0,FMN GV 18 Kasterlee
84,Oudemolsedijk,2023-05-04,01:00:00,1,1,0,FMN GV 18 Kasterlee
84,Oudemolsedijk,2023-05-04,02:00:00,1,0,1,FMN GV 18 Kasterlee
84,Oudemolsedijk,2023-05-04,03:00:00,0,0,0,FMN GV 18 Kasterlee
84,Oudemolsedijk,2023-05-04,04:00:00,2,1,1,FMN GV 18 Kasterlee
84,Oudemolsedijk,2023-05-04,05:00:00,5,5,0,FMN GV 18 Kasterlee
84,Oudemolsedijk,2023-05-04,06:00:00,20,12,8,FMN GV 18 Kasterlee
84,Oudemolsedijk,2023-05-04,07:00:00,52,28,24,FMN GV 18 Kasterlee
84,Oudemolsedijk,2023-05-04,08:00:00,32,23,9,FMN GV 18 Kasterlee
84,Oudemolsedijk,2023-05-04,09:00:00,42,12,30,FMN GV 18 Kasterlee
84,Oudemolsedijk,2023-05-04,10:00:00,54,10,44,FMN GV 18 Kasterlee
84,Oudemolsedijk,2023-05-04,11:00:00,37,14,23,FMN GV 18 Kasterlee
84,Oudemolsedijk,2023-05-04,12:00:00,56,31,25,FMN GV 18 Kasterlee
84,Oudemolsedijk,2023-05-04,13:00:00,133,65,68,FMN GV 18 Kasterlee
84,Oudemolsedijk,2023-05-04,14:00:00,143,96,47,FMN GV 18 Kasterlee
84,Oudemolsedijk,2023-05-04,15:00:00,116,53,63,FMN GV 18 Kasterlee
84,Oudemolsedijk,2023-05-04,16:00:00,109,59,50,FMN GV 18 Kasterlee
84,Oudemolsedijk,2023-05-04,17:00:00,70,32,38,FMN GV 18 Kasterlee
84,Oudemolsedijk,2023-05-04,18:00:00,58,24,34,FMN GV 18 Kasterlee
84,Oudemolsedijk,2023-05-04,19:00:00,45,19,26,FMN GV 18 Kasterlee
84,Oudemolsedijk,2023-05-04,20:00:00,73,58,15,FMN GV 18 Kasterlee
84,Oudemolsedijk,2023-05-04,21:00:00,5,2,3,FMN GV 18 Kasterlee
84,Oudemolsedijk,2023-05-04,22:00:00,2,0,2,FMN GV 18 Kasterlee
84,Oudemolsedijk,2023-05-04,23:00:00,0,0,0,FMN GV 18 Kasterlee
84,Oudemolsedijk,2023-05-05,00:00:00,1,1,0,FMN GV 18 Kasterlee
84,Oudemolsedijk,2023-05-05,01:00:00,1,0,1,FMN GV 18 Kasterlee
84,Oudemolsedijk,2023-05-05,02:00:00,0,0,0,FMN GV 18 Kasterlee
84,Oudemolsedijk,2023-05-05,03:00:00,0,0,0,FMN GV 18 Kasterlee
84,Oudemolsedijk,2023-05-05,04:00:00,0,0,0,FMN GV 18 Kasterlee
84,Oudemolsedijk,2023-05-05,05:00:00,5,4,1,FMN GV 18 Kasterlee
84,Oudemolsedijk,2023-05-05,06:00:00,23,14,9,FMN GV 18 Kasterlee
84,Oudemolsedijk,2023-05-05,07:00:00,26,14,12,FMN GV 18 Kasterlee
84,Oudemolsedijk,2023-05-05,08:00:00,19,13,6,FMN GV 18 Kasterlee
84,Oudemolsedijk,2023-05-05,09:00:00,24,4,20,FMN GV 18 Kasterlee
84,Oudemolsedijk,2023-05-05,10:00:00,27,10,17,FMN GV 18 Kasterlee
84,Oudemolsedijk,2023-05-05,11:00:00,17,10,7,FMN GV 18 Kasterlee
84,Oudemolsedijk,2023-05-05,12:00:00,9,6,3,FMN GV 18 Kasterlee
84,Oudemolsedijk,2023-05-05,13:00:00,12,4,8,FMN GV 18 Kasterlee
84,Oudemolsedijk,2023-05-05,14:00:00,6,1,5,FMN GV 18 Kasterlee
84,Oudemolsedijk,2023-05-05,15:00:00,19,10,9,FMN GV 18 Kasterlee
84,Oudemolsedijk,2023-05-05,16:00:00,25,11,14,FMN GV 18 Kasterlee
84,Oudemolsedijk,2023-05-05,17:00:00,20,8,12,FMN GV 18 Kasterlee
84,Oudemolsedijk,2023-05-05,18:00:00,10,5,5,FMN GV 18 Kasterlee
84,Oudemolsedijk,2023-05-05,19:00:00,7,5,2,FMN GV 18 Kasterlee
84,Oudemolsedijk,2023-05-05,20:00:00,4,0,4,FMN GV 18 Kasterlee
84,Oudemolsedijk,2023-05-05,21:00:00,4,4,0,FMN GV 18 Kasterlee
84,Oudemolsedijk,2023-05-05,22:00:00,3,1,2,FMN GV 18 Kasterlee
84,Oudemolsedijk,2023-05-05,23:00:00,1,0,1,FMN GV 18 Kasterlee
84,Oudemolsedijk,2023-05-06,00:00:00,1,0,1,FMN GV 18 Kasterlee
84,Oudemolsedijk,2023-05-06,01:00:00,1,0,1,FMN GV 18 Kasterlee
84,Oudemolsedijk,2023-05-06,02:00:00,0,0,0,FMN GV 18 Kasterlee
84,Oudemolsedijk,2023-05-06,03:00:00,1,1,0,FMN GV 18 Kasterlee
84,Oudemolsedijk,2023-05-06,04:00:00,1,0,1,FMN GV 18 Kasterlee
84,Oudemolsedijk,2023-05-06,05:00:00,1,1,0,FMN GV 18 Kasterlee
84,Oudemolsedijk,2023-05-06,06:00:00,5,4,1,FMN GV 18 Kasterlee
84,Oudemolsedijk,2023-05-06,07:00:00,11,5,6,FMN GV 18 Kasterlee
84,Oudemolsedijk,2023-05-06,08:00:00,14,4,10,FMN GV 18 Kasterlee
84,Oudemolsedijk,2023-05-06,09:00:00,31,12,19,FMN GV 18 Kasterlee
84,Oudemolsedijk,2023-05-06,10:00:00,56,19,37,FMN GV 18 Kasterlee
84,Oudemolsedijk,2023-05-06,11:00:00,53,31,22,FMN GV 18 Kasterlee
84,Oudemolsedijk,2023-05-06,12:00:00,48,25,23,FMN GV 18 Kasterlee
84,Oudemolsedijk,2023-05-06,13:00:00,48,21,27,FMN GV 18 Kasterlee
84,Oudemolsedijk,2023-05-06,14:00:00,103,50,53,FMN GV 18 Kasterlee
84,Oudemolsedijk,2023-05-06,15:00:00,73,53,20,FMN GV 18 Kasterlee
84,Oudemolsedijk,2023-05-06,16:00:00,32,13,19,FMN GV 18 Kasterlee
84,Oudemolsedijk,2023-05-06,17:00:00,39,36,3,FMN GV 18 Kasterlee
84,Oudemolsedijk,2023-05-06,18:00:00,6,4,2,FMN GV 18 Kasterlee
84,Oudemolsedijk,2023-05-06,19:00:00,12,6,6,FMN GV 18 Kasterlee
84,Oudemolsedijk,2023-05-06,20:00:00,2,2,0,FMN GV 18 Kasterlee
84,Oudemolsedijk,2023-05-06,21:00:00,3,2,1,FMN GV 18 Kasterlee
84,Oudemolsedijk,2023-05-06,22:00:00,2,0,2,FMN GV 18 Kasterlee
84,Oudemolsedijk,2023-05-06,23:00:00,0,0,0,FMN GV 18 Kasterlee
84,Oudemolsedijk,2023-05-07,00:00:00,0,0,0,FMN GV 18 Kasterlee
84,Oudemolsedijk,2023-05-07,01:00:00,0,0,0,FMN GV 18 Kasterlee
84,Oudemolsedijk,2023-05-07,02:00:00,3,0,3,FMN GV 18 Kasterlee
84,Oudemolsedijk,2023-05-07,03:00:00,0,0,0,FMN GV 18 Kasterlee
84,Oudemolsedijk,2023-05-07,04:00:00,0,0,0,FMN GV 18 Kasterlee
84,Oudemolsedijk,2023-05-07,05:00:00,0,0,0,FMN GV 18 Kasterlee
84,Oudemolsedijk,2023-05-07,06:00:00,2,2,0,FMN GV 18 Kasterlee
84,Oudemolsedijk,2023-05-07,07:00:00,4,2,2,FMN GV 18 Kasterlee
84,Oudemolsedijk,2023-05-07,08:00:00,73,10,63,FMN GV 18 Kasterlee
84,Oudemolsedijk,2023-05-07,09:00:00,32,20,12,FMN GV 18 Kasterlee
84,Oudemolsedijk,2023-05-07,10:00:00,85,48,37,FMN GV 18 Kasterlee
84,Oudemolsedijk,2023-05-07,11:00:00,81,18,63,FMN GV 18 Kasterlee
84,Oudemolsedijk,2023-05-07,12:00:00,13,8,5,FMN GV 18 Kasterlee
84,Oudemolsedijk,2023-05-07,13:00:00,11,5,6,FMN GV 18 Kasterlee
84,Oudemolsedijk,2023-05-07,14:00:00,6,2,4,FMN GV 18 Kasterlee
84,Oudemolsedijk,2023-05-07,15:00:00,10,2,8,FMN GV 18 Kasterlee
84,Oudemolsedijk,2023-05-07,16:00:00,4,2,2,FMN GV 18 Kasterlee
84,Oudemolsedijk,2023-05-07,17:00:00,8,6,2,FMN GV 18 Kasterlee
84,Oudemolsedijk,2023-05-07,18:00:00,20,4,16,FMN GV 18 Kasterlee
84,Oudemolsedijk,2023-05-07,19:00:00,12,6,6,FMN GV 18 Kasterlee
84,Oudemolsedijk,2023-05-07,20:00:00,6,3,3,FMN GV 18 Kasterlee
84,Oudemolsedijk,2023-05-07,21:00:00,3,1,2,FMN GV 18 Kasterlee
84,Oudemolsedijk,2023-05-07,22:00:00,2,1,1,FMN GV 18 Kasterlee
84,Oudemolsedijk,2023-05-07,23:00:00,0,0,0,FMN GV 18 Kasterlee
84,Oudemolsedijk,2023-05-08,00:00:00,0,0,0,FMN GV 18 Kasterlee
84,Oudemolsedijk,2023-05-08,01:00:00,0,0,0,FMN GV 18 Kasterlee
84,Oudemolsedijk,2023-05-08,02:00:00,0,0,0,FMN GV 18 Kasterlee
84,Oudemolsedijk,2023-05-08,03:00:00,0,0,0,FMN GV 18 Kasterlee
84,Oudemolsedijk,2023-05-08,04:00:00,1,1,0,FMN GV 18 Kasterlee
84,Oudemolsedijk,2023-05-08,05:00:00,6,6,0,FMN GV 18 Kasterlee
84,Oudemolsedijk,2023-05-08,06:00:00,20,10,10,FMN GV 18 Kasterlee
84,Oudemolsedijk,2023-05-08,07:00:00,45,31,14,FMN GV 18 Kasterlee
84,Oudemolsedijk,2023-05-08,08:00:00,24,15,9,FMN GV 18 Kasterlee
84,Oudemolsedijk,2023-05-08,09:00:00,18,8,10,FMN GV 18 Kasterlee
84,Oudemolsedijk,2023-05-08,10:00:00,12,3,9,FMN GV 18 Kasterlee
84,Oudemolsedijk,2023-05-08,11:00:00,11,5,6,FMN GV 18 Kasterlee
84,Oudemolsedijk,2023-05-08,12:00:00,15,8,7,FMN GV 18 Kasterlee
84,Oudemolsedijk,2023-05-08,13:00:00,87,38,49,FMN GV 18 Kasterlee
84,Oudemolsedijk,2023-05-08,14:00:00,63,36,27,FMN GV 18 Kasterlee
84,Oudemolsedijk,2023-05-08,15:00:00,77,41,36,FMN GV 18 Kasterlee
84,Oudemolsedijk,2023-05-08,16:00:00,73,32,41,FMN GV 18 Kasterlee
84,Oudemolsedijk,2023-05-08,17:00:00,51,25,26,FMN GV 18 Kasterlee
84,Oudemolsedijk,2023-05-08,18:00:00,22,11,11,FMN GV 18 Kasterlee
84,Oudemolsedijk,2023-05-08,19:00:00,30,14,16,FMN GV 18 Kasterlee
84,Oudemolsedijk,2023-05-08,20:00:00,17,12,5,FMN GV 18 Kasterlee
84,Oudemolsedijk,2023-05-08,21:00:00,4,3,1,FMN GV 18 Kasterlee
84,Oudemolsedijk,2023-05-08,22:00:00,6,0,6,FMN GV 18 Kasterlee
84,Oudemolsedijk,2023-05-08,23:00:00,1,1,0,FMN GV 18 Kasterlee
84,Oudemolsedijk,2023-05-09,00:00:00,2,1,1,FMN GV 18 Kasterlee
84,Oudemolsedijk,2023-05-09,01:00:00,0,0,0,FMN GV 18 Kasterlee
84,Oudemolsedijk,2023-05-09,02:00:00,1,0,1,FMN GV 18 Kasterlee
84,Oudemolsedijk,2023-05-09,03:00:00,0,0,0,FMN GV 18 Kasterlee
84,Oudemolsedijk,2023-05-09,04:00:00,1,1,0,FMN GV 18 Kasterlee
84,Oudemolsedijk,2023-05-09,05:00:00,2,2,0,FMN GV 18 Kasterlee
84,Oudemolsedijk,2023-05-09,06:00:00,12,4,8,FMN GV 18 Kasterlee
84,Oudemolsedijk,2023-05-09,07:00:00,19,13,6,FMN GV 18 Kasterlee
84,Oudemolsedijk,2023-05-09,08:00:00,7,5,2,FMN GV 18 Kasterlee
84,Oudemolsedijk,2023-05-09,09:00:00,8,6,2,FMN GV 18 Kasterlee
84,Oudemolsedijk,2023-05-09,10:00:00,2,1,1,FMN GV 18 Kasterlee
84,Oudemolsedijk,2023-05-09,11:00:00,4,1,3,FMN GV 18 Kasterlee
84,Oudemolsedijk,2023-05-09,12:00:00,4,3,1,FMN GV 18 Kasterlee
84,Oudemolsedijk,2023-05-09,13:00:00,3,2,1,FMN GV 18 Kasterlee
84,Oudemolsedijk,2023-05-09,14:00:00,5,0,5,FMN GV 18 Kasterlee
84,Oudemolsedijk,2023-05-09,15:00:00,8,2,6,FMN GV 18 Kasterlee
84,Oudemolsedijk,2023-05-09,16:00:00,14,5,9,FMN GV 18 Kasterlee
84,Oudemolsedijk,2023-05-09,17:00:00,14,5,9,FMN GV 18 Kasterlee
84,Oudemolsedijk,2023-05-09,18:00:00,6,3,3,FMN GV 18 Kasterlee
84,Oudemolsedijk,2023-05-09,19:00:00,0,0,0,FMN GV 18 Kasterlee
84,Oudemolsedijk,2023-05-09,20:00:00,1,1,0,FMN GV 18 Kasterlee
84,Oudemolsedijk,2023-05-09,21:00:00,1,0,1,FMN GV 18 Kasterlee
84,Oudemolsedijk,2023-05-09,22:00:00,1,0,1,FMN GV 18 Kasterlee
84,Oudemolsedijk,2023-05-09,23:00:00,0,0,0,FMN GV 18 Kasterlee
84,Oudemolsedijk,2023-05-10,00:00:00,0,0,0,FMN GV 18 Kasterlee
84,Oudemolsedijk,2023-05-10,01:00:00,0,0,0,FMN GV 18 Kasterlee
84,Oudemolsedijk,2023-05-10,02:00:00,0,0,0,FMN GV 18 Kasterlee
84,Oudemolsedijk,2023-05-10,03:00:00,0,0,0,FMN GV 18 Kasterlee
84,Oudemolsedijk,2023-05-10,04:00:00,1,1,0,FMN GV 18 Kasterlee
84,Oudemolsedijk,2023-05-10,05:00:00,3,3,0,FMN GV 18 Kasterlee
84,Oudemolsedijk,2023-05-10,06:00:00,13,4,9,FMN GV 18 Kasterlee
84,Oudemolsedijk,2023-05-10,07:00:00,18,11,7,FMN GV 18 Kasterlee
84,Oudemolsedijk,2023-05-10,08:00:00,22,12,10,FMN GV 18 Kasterlee
84,Oudemolsedijk,2023-05-10,09:00:00,18,6,12,FMN GV 18 Kasterlee
84,Oudemolsedijk,2023-05-10,10:00:00,15,12,3,FMN GV 18 Kasterlee
84,Oudemolsedijk,2023-05-10,11:00:00,14,7,7,FMN GV 18 Kasterlee
84,Oudemolsedijk,2023-05-10,12:00:00,29,12,17,FMN GV 18 Kasterlee
84,Oudemolsedijk,2023-05-10,13:00:00,22,6,16,FMN GV 18 Kasterlee
84,Oudemolsedijk,2023-05-10,14:00:00,31,17,14,FMN GV 18 Kasterlee
84,Oudemolsedijk,2023-05-10,15:00:00,40,27,13,FMN GV 18 Kasterlee
84,Oudemolsedijk,2023-05-10,16:00:00,36,21,15,FMN GV 18 Kasterlee
84,Oudemolsedijk,2023-05-10,17:00:00,27,16,11,FMN GV 18 Kasterlee
84,Oudemolsedijk,2023-05-10,18:00:00,12,7,5,FMN GV 18 Kasterlee
84,Oudemolsedijk,2023-05-10,19:00:00,36,25,11,FMN GV 18 Kasterlee
84,Oudemolsedijk,2023-05-10,20:00:00,40,20,20,FMN GV 18 Kasterlee
84,Oudemolsedijk,2023-05-10,21:00:00,5,4,1,FMN GV 18 Kasterlee
84,Oudemolsedijk,2023-05-10,22:00:00,3,1,2,FMN GV 18 Kasterlee
84,Oudemolsedijk,2023-05-10,23:00:00,2,2,0,FMN GV 18 Kasterlee
84,Oudemolsedijk,2023-05-11,00:00:00,0,0,0,FMN GV 18 Kasterlee
84,Oudemolsedijk,2023-05-11,01:00:00,0,0,0,FMN GV 18 Kasterlee
84,Oudemolsedijk,2023-05-11,02:00:00,0,0,0,FMN GV 18 Kasterlee
84,Oudemolsedijk,2023-05-11,03:00:00,0,0,0,FMN GV 18 Kasterlee
84,Oudemolsedijk,2023-05-11,04:00:00,1,1,0,FMN GV 18 Kasterlee
84,Oudemolsedijk,2023-05-11,05:00:00,3,3,0,FMN GV 18 Kasterlee
84,Oudemolsedijk,2023-05-11,06:00:00,18,6,12,FMN GV 18 Kasterlee
84,Oudemolsedijk,2023-05-11,07:00:00,33,20,13,FMN GV 18 Kasterlee
84,Oudemolsedijk,2023-05-11,08:00:00,23,13,10,FMN GV 18 Kasterlee
84,Oudemolsedijk,2023-05-11,09:00:00,12,8,4,FMN GV 18 Kasterlee
84,Oudemolsedijk,2023-05-11,10:00:00,17,12,5,FMN GV 18 Kasterlee
84,Oudemolsedijk,2023-05-11,11:00:00,18,12,6,FMN GV 18 Kasterlee
84,Oudemolsedijk,2023-05-11,12:00:00,23,11,12,FMN GV 18 Kasterlee
84,Oudemolsedijk,2023-05-11,13:00:00,59,34,25,FMN GV 18 Kasterlee
84,Oudemolsedijk,2023-05-11,14:00:00,51,23,28,FMN GV 18 Kasterlee
84,Oudemolsedijk,2023-05-11,15:00:00,35,22,13,FMN GV 18 Kasterlee
84,Oudemolsedijk,2023-05-11,16:00:00,46,25,21,FMN GV 18 Kasterlee
84,Oudemolsedijk,2023-05-11,17:00:00,36,15,21,FMN GV 18 Kasterlee
84,Oudemolsedijk,2023-05-11,18:00:00,21,11,10,FMN GV 18 Kasterlee
84,Oudemolsedijk,2023-05-11,19:00:00,27,16,11,FMN GV 18 Kasterlee
84,Oudemolsedijk,2023-05-11,20:00:00,34,19,15,FMN GV 18 Kasterlee
84,Oudemolsedijk,2023-05-11,21:00:00,2,2,0,FMN GV 18 Kasterlee
84,Oudemolsedijk,2023-05-11,22:00:00,8,0,8,FMN GV 18 Kasterlee
84,Oudemolsedijk,2023-05-11,23:00:00,0,0,0,FMN GV 18 Kasterlee
84,Oudemolsedijk,2023-05-12,00:00:00,0,0,0,FMN GV 18 Kasterlee
84,Oudemolsedijk,2023-05-12,01:00:00,0,0,0,FMN GV 18 Kasterlee
84,Oudemolsedijk,2023-05-12,02:00:00,1,0,1,FMN GV 18 Kasterlee
84,Oudemolsedijk,2023-05-12,03:00:00,0,0,0,FMN GV 18 Kasterlee
84,Oudemolsedijk,2023-05-12,04:00:00,1,1,0,FMN GV 18 Kasterlee
84,Oudemolsedijk,2023-05-12,05:00:00,1,0,1,FMN GV 18 Kasterlee
84,Oudemolsedijk,2023-05-12,06:00:00,9,4,5,FMN GV 18 Kasterlee
84,Oudemolsedijk,2023-05-12,07:00:00,15,6,9,FMN GV 18 Kasterlee
84,Oudemolsedijk,2023-05-12,08:00:00,15,11,4,FMN GV 18 Kasterlee
84,Oudemolsedijk,2023-05-12,09:00:00,9,4,5,FMN GV 18 Kasterlee
84,Oudemolsedijk,2023-05-12,10:00:00,5,2,3,FMN GV 18 Kasterlee
84,Oudemolsedijk,2023-05-12,11:00:00,12,4,8,FMN GV 18 Kasterlee
84,Oudemolsedijk,2023-05-12,12:00:00,9,5,4,FMN GV 18 Kasterlee
84,Oudemolsedijk,2023-05-12,13:00:00,29,9,20,FMN GV 18 Kasterlee
84,Oudemolsedijk,2023-05-12,14:00:00,30,11,19,FMN GV 18 Kasterlee
84,Oudemolsedijk,2023-05-12,15:00:00,36,16,20,FMN GV 18 Kasterlee
84,Oudemolsedijk,2023-05-12,16:00:00,36,25,11,FMN GV 18 Kasterlee
84,Oudemolsedijk,2023-05-12,17:00:00,18,12,6,FMN GV 18 Kasterlee
84,Oudemolsedijk,2023-05-12,18:00:00,15,11,4,FMN GV 18 Kasterlee
84,Oudemolsedijk,2023-05-12,19:00:00,13,10,3,FMN GV 18 Kasterlee
84,Oudemolsedijk,2023-05-12,20:00:00,8,5,3,FMN GV 18 Kasterlee
84,Oudemolsedijk,2023-05-12,21:00:00,1,0,1,FMN GV 18 Kasterlee
84,Oudemolsedijk,2023-05-12,22:00:00,6,0,6,FMN GV 18 Kasterlee
84,Oudemolsedijk,2023-05-12,23:00:00,1,0,1,FMN GV 18 Kasterlee
84,Oudemolsedijk,2023-05-13,00:00:00,1,1,0,FMN GV 18 Kasterlee
84,Oudemolsedijk,2023-05-13,01:00:00,0,0,0,FMN GV 18 Kasterlee
84,Oudemolsedijk,2023-05-13,02:00:00,1,0,1,FMN GV 18 Kasterlee
84,Oudemolsedijk,2023-05-13,03:00:00,0,0,0,FMN GV 18 Kasterlee
84,Oudemolsedijk,2023-05-13,04:00:00,1,1,0,FMN GV 18 Kasterlee
84,Oudemolsedijk,2023-05-13,05:00:00,4,1,3,FMN GV 18 Kasterlee
84,Oudemolsedijk,2023-05-13,06:00:00,4,1,3,FMN GV 18 Kasterlee
84,Oudemolsedijk,2023-05-13,07:00:00,4,1,3,FMN GV 18 Kasterlee
84,Oudemolsedijk,2023-05-13,08:00:00,26,13,13,FMN GV 18 Kasterlee
84,Oudemolsedijk,2023-05-13,09:00:00,29,17,12,FMN GV 18 Kasterlee
84,Oudemolsedijk,2023-05-13,10:00:00,55,38,17,FMN GV 18 Kasterlee
84,Oudemolsedijk,2023-05-13,11:00:00,71,35,36,FMN GV 18 Kasterlee
84,Oudemolsedijk,2023-05-13,12:00:00,120,39,81,FMN GV 18 Kasterlee
84,Oudemolsedijk,2023-05-13,13:00:00,100,45,55,FMN GV 18 Kasterlee
84,Oudemolsedijk,2023-05-13,14:00:00,160,87,73,FMN GV 18 Kasterlee
84,Oudemolsedijk,2023-05-13,15:00:00,118,63,55,FMN GV 18 Kasterlee
84,Oudemolsedijk,2023-05-13,16:00:00,102,58,44,FMN GV 18 Kasterlee
84,Oudemolsedijk,2023-05-13,17:00:00,78,38,40,FMN GV 18 Kasterlee
84,Oudemolsedijk,2023-05-13,18:00:00,54,26,28,FMN GV 18 Kasterlee
84,Oudemolsedijk,2023-05-13,19:00:00,28,13,15,FMN GV 18 Kasterlee
84,Oudemolsedijk,2023-05-13,20:00:00,26,9,17,FMN GV 18 Kasterlee
84,Oudemolsedijk,2023-05-13,21:00:00,4,4,0,FMN GV 18 Kasterlee
84,Oudemolsedijk,2023-05-13,22:00:00,5,3,2,FMN GV 18 Kasterlee
84,Oudemolsedijk,2023-05-13,23:00:00,5,0,5,FMN GV 18 Kasterlee
84,Oudemolsedijk,2023-05-14,00:00:00,2,0,2,FMN GV 18 Kasterlee
84,Oudemolsedijk,2023-05-14,01:00:00,2,0,2,FMN GV 18 Kasterlee
84,Oudemolsedijk,2023-05-14,02:00:00,0,0,0,FMN GV 18 Kasterlee
84,Oudemolsedijk,2023-05-14,03:00:00,2,0,2,FMN GV 18 Kasterlee
84,Oudemolsedijk,2023-05-14,04:00:00,1,1,0,FMN GV 18 Kasterlee
84,Oudemolsedijk,2023-05-14,05:00:00,2,1,1,FMN GV 18 Kasterlee
84,Oudemolsedijk,2023-05-14,06:00:00,4,3,1,FMN GV 18 Kasterlee
84,Oudemolsedijk,2023-05-14,07:00:00,15,3,12,FMN GV 18 Kasterlee
84,Oudemolsedijk,2023-05-14,08:00:00,33,18,15,FMN GV 18 Kasterlee
84,Oudemolsedijk,2023-05-14,09:00:00,107,58,49,FMN GV 18 Kasterlee
84,Oudemolsedijk,2023-05-14,10:00:00,144,57,87,FMN GV 18 Kasterlee
84,Oudemolsedijk,2023-05-14,11:00:00,86,51,35,FMN GV 18 Kasterlee
84,Oudemolsedijk,2023-05-14,12:00:00,74,42,32,FMN GV 18 Kasterlee
84,Oudemolsedijk,2023-05-14,13:00:00,125,59,66,FMN GV 18 Kasterlee
84,Oudemolsedijk,2023-05-14,14:00:00,183,79,104,FMN GV 18 Kasterlee
84,Oudemolsedijk,2023-05-14,15:00:00,162,82,80,FMN GV 18 Kasterlee
84,Oudemolsedijk,2023-05-14,16:00:00,87,43,44,FMN GV 18 Kasterlee
84,Oudemolsedijk,2023-05-14,17:00:00,97,47,50,FMN GV 18 Kasterlee
84,Oudemolsedijk,2023-05-14,18:00:00,40,20,20,FMN GV 18 Kasterlee
84,Oudemolsedijk,2023-05-14,19:00:00,19,10,9,FMN GV 18 Kasterlee
84,Oudemolsedijk,2023-05-14,20:00:00,7,5,2,FMN GV 18 Kasterlee
84,Oudemolsedijk,2023-05-14,21:00:00,1,1,0,FMN GV 18 Kasterlee
84,Oudemolsedijk,2023-05-14,22:00:00,0,0,0,FMN GV 18 Kasterlee
84,Oudemolsedijk,2023-05-14,23:00:00,0,0,0,FMN GV 18 Kasterlee
84,Oudemolsedijk,2023-05-15,00:00:00,0,0,0,FMN GV 18 Kasterlee
84,Oudemolsedijk,2023-05-15,01:00:00,0,0,0,FMN GV 18 Kasterlee
84,Oudemolsedijk,2023-05-15,02:00:00,0,0,0,FMN GV 18 Kasterlee
84,Oudemolsedijk,2023-05-15,03:00:00,0,0,0,FMN GV 18 Kasterlee
84,Oudemolsedijk,2023-05-15,04:00:00,0,0,0,FMN GV 18 Kasterlee
84,Oudemolsedijk,2023-05-15,05:00:00,5,4,1,FMN GV 18 Kasterlee
84,Oudemolsedijk,2023-05-15,06:00:00,18,9,9,FMN GV 18 Kasterlee
84,Oudemolsedijk,2023-05-15,07:00:00,31,16,15,FMN GV 18 Kasterlee
84,Oudemolsedijk,2023-05-15,08:00:00,15,6,9,FMN GV 18 Kasterlee
84,Oudemolsedijk,2023-05-15,09:00:00,15,10,5,FMN GV 18 Kasterlee
84,Oudemolsedijk,2023-05-15,10:00:00,15,6,9,FMN GV 18 Kasterlee
84,Oudemolsedijk,2023-05-15,11:00:00,9,4,5,FMN GV 18 Kasterlee
84,Oudemolsedijk,2023-05-15,12:00:00,22,14,8,FMN GV 18 Kasterlee
84,Oudemolsedijk,2023-05-15,13:00:00,34,7,27,FMN GV 18 Kasterlee
84,Oudemolsedijk,2023-05-15,14:00:00,31,18,13,FMN GV 18 Kasterlee
84,Oudemolsedijk,2023-05-15,15:00:00,28,10,18,FMN GV 18 Kasterlee
84,Oudemolsedijk,2023-05-15,16:00:00,42,26,16,FMN GV 18 Kasterlee
84,Oudemolsedijk,2023-05-15,17:00:00,21,9,12,FMN GV 18 Kasterlee
84,Oudemolsedijk,2023-05-15,18:00:00,7,3,4,FMN GV 18 Kasterlee
84,Oudemolsedijk,2023-05-15,19:00:00,5,1,4,FMN GV 18 Kasterlee
84,Oudemolsedijk,2023-05-15,20:00:00,1,0,1,FMN GV 18 Kasterlee
84,Oudemolsedijk,2023-05-15,21:00:00,2,1,1,FMN GV 18 Kasterlee
84,Oudemolsedijk,2023-05-15,22:00:00,4,1,3,FMN GV 18 Kasterlee
84,Oudemolsedijk,2023-05-15,23:00:00,0,0,0,FMN GV 18 Kasterlee
84,Oudemolsedijk,2023-05-16,00:00:00,0,0,0,FMN GV 18 Kasterlee
84,Oudemolsedijk,2023-05-16,01:00:00,0,0,0,FMN GV 18 Kasterlee
84,Oudemolsedijk,2023-05-16,02:00:00,0,0,0,FMN GV 18 Kasterlee
84,Oudemolsedijk,2023-05-16,03:00:00,0,0,0,FMN GV 18 Kasterlee
84,Oudemolsedijk,2023-05-16,04:00:00,1,1,0,FMN GV 18 Kasterlee
84,Oudemolsedijk,2023-05-16,05:00:00,6,6,0,FMN GV 18 Kasterlee
84,Oudemolsedijk,2023-05-16,06:00:00,21,13,8,FMN GV 18 Kasterlee
84,Oudemolsedijk,2023-05-16,07:00:00,34,21,13,FMN GV 18 Kasterlee
84,Oudemolsedijk,2023-05-16,08:00:00,26,13,13,FMN GV 18 Kasterlee
84,Oudemolsedijk,2023-05-16,09:00:00,26,7,19,FMN GV 18 Kasterlee
84,Oudemolsedijk,2023-05-16,10:00:00,38,10,28,FMN GV 18 Kasterlee
84,Oudemolsedijk,2023-05-16,11:00:00,16,8,8,FMN GV 18 Kasterlee
84,Oudemolsedijk,2023-05-16,12:00:00,27,12,15,FMN GV 18 Kasterlee
84,Oudemolsedijk,2023-05-16,13:00:00,40,31,9,FMN GV 18 Kasterlee
84,Oudemolsedijk,2023-05-16,14:00:00,58,35,23,FMN GV 18 Kasterlee
84,Oudemolsedijk,2023-05-16,15:00:00,67,24,43,FMN GV 18 Kasterlee
84,Oudemolsedijk,2023-05-16,16:00:00,49,22,27,FMN GV 18 Kasterlee
84,Oudemolsedijk,2023-05-16,17:00:00,42,21,21,FMN GV 18 Kasterlee
84,Oudemolsedijk,2023-05-16,18:00:00,32,16,16,FMN GV 18 Kasterlee
84,Oudemolsedijk,2023-05-16,19:00:00,19,10,9,FMN GV 18 Kasterlee
84,Oudemolsedijk,2023-05-16,20:00:00,26,2,24,FMN GV 18 Kasterlee
84,Oudemolsedijk,2023-05-16,21:00:00,19,11,8,FMN GV 18 Kasterlee
84,Oudemolsedijk,2023-05-16,22:00:00,9,3,6,FMN GV 18 Kasterlee
84,Oudemolsedijk,2023-05-16,23:00:00,0,0,0,FMN GV 18 Kasterlee
84,Oudemolsedijk,2023-05-17,00:00:00,1,1,0,FMN GV 18 Kasterlee
84,Oudemolsedijk,2023-05-17,01:00:00,0,0,0,FMN GV 18 Kasterlee
84,Oudemolsedijk,2023-05-17,02:00:00,1,1,0,FMN GV 18 Kasterlee
84,Oudemolsedijk,2023-05-17,03:00:00,1,0,1,FMN GV 18 Kasterlee
84,Oudemolsedijk,2023-05-17,04:00:00,2,2,0,FMN GV 18 Kasterlee
84,Oudemolsedijk,2023-05-17,05:00:00,5,5,0,FMN GV 18 Kasterlee
84,Oudemolsedijk,2023-05-17,06:00:00,16,8,8,FMN GV 18 Kasterlee
84,Oudemolsedijk,2023-05-17,07:00:00,27,16,11,FMN GV 18 Kasterlee
84,Oudemolsedijk,2023-05-17,08:00:00,16,10,6,FMN GV 18 Kasterlee
84,Oudemolsedijk,2023-05-17,09:00:00,17,10,7,FMN GV 18 Kasterlee
84,Oudemolsedijk,2023-05-17,10:00:00,17,6,11,FMN GV 18 Kasterlee
84,Oudemolsedijk,2023-05-17,11:00:00,12,7,5,FMN GV 18 Kasterlee
84,Oudemolsedijk,2023-05-17,12:00:00,34,16,18,FMN GV 18 Kasterlee
84,Oudemolsedijk,2023-05-17,13:00:00,73,53,20,FMN GV 18 Kasterlee
84,Oudemolsedijk,2023-05-17,14:00:00,91,35,56,FMN GV 18 Kasterlee
84,Oudemolsedijk,2023-05-17,15:00:00,59,37,22,FMN GV 18 Kasterlee
84,Oudemolsedijk,2023-05-17,16:00:00,51,29,22,FMN GV 18 Kasterlee
84,Oudemolsedijk,2023-05-17,17:00:00,37,14,23,FMN GV 18 Kasterlee
84,Oudemolsedijk,2023-05-17,18:00:00,23,13,10,FMN GV 18 Kasterlee
84,Oudemolsedijk,2023-05-17,19:00:00,25,15,10,FMN GV 18 Kasterlee
84,Oudemolsedijk,2023-05-17,20:00:00,22,16,6,FMN GV 18 Kasterlee
84,Oudemolsedijk,2023-05-17,21:00:00,4,2,2,FMN GV 18 Kasterlee
84,Oudemolsedijk,2023-05-17,22:00:00,3,1,2,FMN GV 18 Kasterlee
84,Oudemolsedijk,2023-05-17,23:00:00,0,0,0,FMN GV 18 Kasterlee
84,Oudemolsedijk,2023-05-18,00:00:00,1,0,1,FMN GV 18 Kasterlee
84,Oudemolsedijk,2023-05-18,01:00:00,0,0,0,FMN GV 18 Kasterlee
84,Oudemolsedijk,2023-05-18,02:00:00,2,0,2,FMN GV 18 Kasterlee
84,Oudemolsedijk,2023-05-18,03:00:00,0,0,0,FMN GV 18 Kasterlee
84,Oudemolsedijk,2023-05-18,04:00:00,0,0,0,FMN GV 18 Kasterlee
84,Oudemolsedijk,2023-05-18,05:00:00,2,1,1,FMN GV 18 Kasterlee
84,Oudemolsedijk,2023-05-18,06:00:00,3,1,2,FMN GV 18 Kasterlee
84,Oudemolsedijk,2023-05-18,07:00:00,20,1,19,FMN GV 18 Kasterlee
84,Oudemolsedijk,2023-05-18,08:00:00,26,14,12,FMN GV 18 Kasterlee
84,Oudemolsedijk,2023-05-18,09:00:00,52,19,33,FMN GV 18 Kasterlee
84,Oudemolsedijk,2023-05-18,10:00:00,90,49,41,FMN GV 18 Kasterlee
84,Oudemolsedijk,2023-05-18,11:00:00,61,33,28,FMN GV 18 Kasterlee
84,Oudemolsedijk,2023-05-18,12:00:00,59,51,8,FMN GV 18 Kasterlee
84,Oudemolsedijk,2023-05-18,13:00:00,82,47,35,FMN GV 18 Kasterlee
84,Oudemolsedijk,2023-05-18,14:00:00,143,88,55,FMN GV 18 Kasterlee
84,Oudemolsedijk,2023-05-18,15:00:00,112,60,52,FMN GV 18 Kasterlee
84,Oudemolsedijk,2023-05-18,16:00:00,116,53,63,FMN GV 18 Kasterlee
84,Oudemolsedijk,2023-05-18,17:00:00,39,25,14,FMN GV 18 Kasterlee
84,Oudemolsedijk,2023-05-18,18:00:00,24,6,18,FMN GV 18 Kasterlee
84,Oudemolsedijk,2023-05-18,19:00:00,11,6,5,FMN GV 18 Kasterlee
84,Oudemolsedijk,2023-05-18,20:00:00,11,5,6,FMN GV 18 Kasterlee
84,Oudemolsedijk,2023-05-18,21:00:00,12,10,2,FMN GV 18 Kasterlee
84,Oudemolsedijk,2023-05-18,22:00:00,3,0,3,FMN GV 18 Kasterlee
84,Oudemolsedijk,2023-05-18,23:00:00,0,0,0,FMN GV 18 Kasterlee
84,Oudemolsedijk,2023-05-19,00:00:00,2,0,2,FMN GV 18 Kasterlee
84,Oudemolsedijk,2023-05-19,01:00:00,1,0,1,FMN GV 18 Kasterlee
84,Oudemolsedijk,2023-05-19,02:00:00,0,0,0,FMN GV 18 Kasterlee
84,Oudemolsedijk,2023-05-19,03:00:00,0,0,0,FMN GV 18 Kasterlee
84,Oudemolsedijk,2023-05-19,04:00:00,1,1,0,FMN GV 18 Kasterlee
84,Oudemolsedijk,2023-05-19,05:00:00,3,3,0,FMN GV 18 Kasterlee
84,Oudemolsedijk,2023-05-19,06:00:00,6,5,1,FMN GV 18 Kasterlee
84,Oudemolsedijk,2023-05-19,07:00:00,10,7,3,FMN GV 18 Kasterlee
84,Oudemolsedijk,2023-05-19,08:00:00,13,7,6,FMN GV 18 Kasterlee
84,Oudemolsedijk,2023-05-19,09:00:00,18,8,10,FMN GV 18 Kasterlee
84,Oudemolsedijk,2023-05-19,10:00:00,41,21,20,FMN GV 18 Kasterlee
84,Oudemolsedijk,2023-05-19,11:00:00,44,22,22,FMN GV 18 Kasterlee
84,Oudemolsedijk,2023-05-19,12:00:00,51,26,25,FMN GV 18 Kasterlee
84,Oudemolsedijk,2023-05-19,13:00:00,59,42,17,FMN GV 18 Kasterlee
84,Oudemolsedijk,2023-05-19,14:00:00,105,53,52,FMN GV 18 Kasterlee
84,Oudemolsedijk,2023-05-19,15:00:00,95,51,44,FMN GV 18 Kasterlee
84,Oudemolsedijk,2023-05-19,16:00:00,94,56,38,FMN GV 18 Kasterlee
84,Oudemolsedijk,2023-05-19,17:00:00,60,32,28,FMN GV 18 Kasterlee
84,Oudemolsedijk,2023-05-19,18:00:00,31,12,19,FMN GV 18 Kasterlee
84,Oudemolsedijk,2023-05-19,19:00:00,27,8,19,FMN GV 18 Kasterlee
84,Oudemolsedijk,2023-05-19,20:00:00,16,14,2,FMN GV 18 Kasterlee
84,Oudemolsedijk,2023-05-19,21:00:00,3,0,3,FMN GV 18 Kasterlee
84,Oudemolsedijk,2023-05-19,22:00:00,3,1,2,FMN GV 18 Kasterlee
84,Oudemolsedijk,2023-05-19,23:00:00,1,1,0,FMN GV 18 Kasterlee
84,Oudemolsedijk,2023-05-20,00:00:00,0,0,0,FMN GV 18 Kasterlee
84,Oudemolsedijk,2023-05-20,01:00:00,2,2,0,FMN GV 18 Kasterlee
84,Oudemolsedijk,2023-05-20,02:00:00,3,0,3,FMN GV 18 Kasterlee
84,Oudemolsedijk,2023-05-20,03:00:00,0,0,0,FMN GV 18 Kasterlee
84,Oudemolsedijk,2023-05-20,04:00:00,1,0,1,FMN GV 18 Kasterlee
84,Oudemolsedijk,2023-05-20,05:00:00,1,1,0,FMN GV 18 Kasterlee
84,Oudemolsedijk,2023-05-20,06:00:00,3,1,2,FMN GV 18 Kasterlee
84,Oudemolsedijk,2023-05-20,07:00:00,9,3,6,FMN GV 18 Kasterlee
84,Oudemolsedijk,2023-05-20,08:00:00,43,7,36,FMN GV 18 Kasterlee
84,Oudemolsedijk,2023-05-20,09:00:00,14,7,7,FMN GV 18 Kasterlee
84,Oudemolsedijk,2023-05-20,10:00:00,69,32,37,FMN GV 18 Kasterlee
84,Oudemolsedijk,2023-05-20,11:00:00,64,31,33,FMN GV 18 Kasterlee
84,Oudemolsedijk,2023-05-20,12:00:00,60,21,39,FMN GV 18 Kasterlee
84,Oudemolsedijk,2023-05-20,13:00:00,117,54,63,FMN GV 18 Kasterlee
84,Oudemolsedijk,2023-05-20,14:00:00,123,61,62,FMN GV 18 Kasterlee
84,Oudemolsedijk,2023-05-20,15:00:00,118,66,52,FMN GV 18 Kasterlee
84,Oudemolsedijk,2023-05-20,16:00:00,66,33,33,FMN GV 18 Kasterlee
84,Oudemolsedijk,2023-05-20,17:00:00,50,25,25,FMN GV 18 Kasterlee
84,Oudemolsedijk,2023-05-20,18:00:00,30,14,16,FMN GV 18 Kasterlee
84,Oudemolsedijk,2023-05-20,19:00:00,28,5,23,FMN GV 18 Kasterlee
84,Oudemolsedijk,2023-05-20,20:00:00,3,0,3,FMN GV 18 Kasterlee
84,Oudemolsedijk,2023-05-20,21:00:00,4,1,3,FMN GV 18 Kasterlee
84,Oudemolsedijk,2023-05-20,22:00:00,5,2,3,FMN GV 18 Kasterlee
84,Oudemolsedijk,2023-05-20,23:00:00,1,1,0,FMN GV 18 Kasterlee
84,Oudemolsedijk,2023-05-21,00:00:00,2,0,2,FMN GV 18 Kasterlee
84,Oudemolsedijk,2023-05-21,01:00:00,0,0,0,FMN GV 18 Kasterlee
84,Oudemolsedijk,2023-05-21,02:00:00,1,0,1,FMN GV 18 Kasterlee
84,Oudemolsedijk,2023-05-21,03:00:00,0,0,0,FMN GV 18 Kasterlee
84,Oudemolsedijk,2023-05-21,04:00:00,0,0,0,FMN GV 18 Kasterlee
84,Oudemolsedijk,2023-05-21,05:00:00,1,1,0,FMN GV 18 Kasterlee
84,Oudemolsedijk,2023-05-21,06:00:00,4,1,3,FMN GV 18 Kasterlee
84,Oudemolsedijk,2023-05-21,07:00:00,7,2,5,FMN GV 18 Kasterlee
84,Oudemolsedijk,2023-05-21,08:00:00,35,14,21,FMN GV 18 Kasterlee
84,Oudemolsedijk,2023-05-21,09:00:00,128,65,63,FMN GV 18 Kasterlee
84,Oudemolsedijk,2023-05-21,10:00:00,148,60,88,FMN GV 18 Kasterlee
84,Oudemolsedijk,2023-05-21,11:00:00,135,79,56,FMN GV 18 Kasterlee
84,Oudemolsedijk,2023-05-21,12:00:00,94,45,49,FMN GV 18 Kasterlee
84,Oudemolsedijk,2023-05-21,13:00:00,127,57,70,FMN GV 18 Kasterlee
84,Oudemolsedijk,2023-05-21,14:00:00,211,112,99,FMN GV 18 Kasterlee
84,Oudemolsedijk,2023-05-21,15:00:00,138,66,72,FMN GV 18 Kasterlee
84,Oudemolsedijk,2023-05-21,16:00:00,124,40,84,FMN GV 18 Kasterlee
84,Oudemolsedijk,2023-05-21,17:00:00,93,52,41,FMN GV 18 Kasterlee
84,Oudemolsedijk,2023-05-21,18:00:00,33,4,29,FMN GV 18 Kasterlee
84,Oudemolsedijk,2023-05-21,19:00:00,30,24,6,FMN GV 18 Kasterlee
84,Oudemolsedijk,2023-05-21,20:00:00,25,9,16,FMN GV 18 Kasterlee
84,Oudemolsedijk,2023-05-21,21:00:00,2,2,0,FMN GV 18 Kasterlee
84,Oudemolsedijk,2023-05-21,22:00:00,3,1,2,FMN GV 18 Kasterlee
84,Oudemolsedijk,2023-05-21,23:00:00,0,0,0,FMN GV 18 Kasterlee
84,Oudemolsedijk,2023-05-22,00:00:00,0,0,0,FMN GV 18 Kasterlee
84,Oudemolsedijk,2023-05-22,01:00:00,0,0,0,FMN GV 18 Kasterlee
84,Oudemolsedijk,2023-05-22,02:00:00,0,0,0,FMN GV 18 Kasterlee
84,Oudemolsedijk,2023-05-22,03:00:00,0,0,0,FMN GV 18 Kasterlee
84,Oudemolsedijk,2023-05-22,04:00:00,0,0,0,FMN GV 18 Kasterlee
84,Oudemolsedijk,2023-05-22,05:00:00,6,5,1,FMN GV 18 Kasterlee
84,Oudemolsedijk,2023-05-22,06:00:00,24,15,9,FMN GV 18 Kasterlee
84,Oudemolsedijk,2023-05-22,07:00:00,48,31,17,FMN GV 18 Kasterlee
84,Oudemolsedijk,2023-05-22,08:00:00,25,17,8,FMN GV 18 Kasterlee
84,Oudemolsedijk,2023-05-22,09:00:00,12,4,8,FMN GV 18 Kasterlee
84,Oudemolsedijk,2023-05-22,10:00:00,30,19,11,FMN GV 18 Kasterlee
84,Oudemolsedijk,2023-05-22,11:00:00,29,15,14,FMN GV 18 Kasterlee
84,Oudemolsedijk,2023-05-22,12:00:00,14,7,7,FMN GV 18 Kasterlee
84,Oudemolsedijk,2023-05-22,13:00:00,53,31,22,FMN GV 18 Kasterlee
84,Oudemolsedijk,2023-05-22,14:00:00,64,24,40,FMN GV 18 Kasterlee
84,Oudemolsedijk,2023-05-22,15:00:00,43,15,28,FMN GV 18 Kasterlee
84,Oudemolsedijk,2023-05-22,16:00:00,95,46,49,FMN GV 18 Kasterlee
84,Oudemolsedijk,2023-05-22,17:00:00,56,18,38,FMN GV 18 Kasterlee
84,Oudemolsedijk,2023-05-22,18:00:00,26,9,17,FMN GV 18 Kasterlee
84,Oudemolsedijk,2023-05-22,19:00:00,20,7,13,FMN GV 18 Kasterlee
84,Oudemolsedijk,2023-05-22,20:00:00,15,8,7,FMN GV 18 Kasterlee
84,Oudemolsedijk,2023-05-22,21:00:00,11,4,7,FMN GV 18 Kasterlee
84,Oudemolsedijk,2023-05-22,22:00:00,7,1,6,FMN GV 18 Kasterlee
84,Oudemolsedijk,2023-05-22,23:00:00,2,0,2,FMN GV 18 Kasterlee
84,Oudemolsedijk,2023-05-23,00:00:00,2,1,1,FMN GV 18 Kasterlee
84,Oudemolsedijk,2023-05-23,01:00:00,0,0,0,FMN GV 18 Kasterlee
84,Oudemolsedijk,2023-05-23,02:00:00,2,2,0,FMN GV 18 Kasterlee
84,Oudemolsedijk,2023-05-23,03:00:00,0,0,0,FMN GV 18 Kasterlee
84,Oudemolsedijk,2023-05-23,04:00:00,1,1,0,FMN GV 18 Kasterlee
84,Oudemolsedijk,2023-05-23,05:00:00,8,7,1,FMN GV 18 Kasterlee
84,Oudemolsedijk,2023-05-23,06:00:00,22,16,6,FMN GV 18 Kasterlee
84,Oudemolsedijk,2023-05-23,07:00:00,43,27,16,FMN GV 18 Kasterlee
84,Oudemolsedijk,2023-05-23,08:00:00,30,16,14,FMN GV 18 Kasterlee
84,Oudemolsedijk,2023-05-23,09:00:00,14,4,10,FMN GV 18 Kasterlee
84,Oudemolsedijk,2023-05-23,10:00:00,30,20,10,FMN GV 18 Kasterlee
84,Oudemolsedijk,2023-05-23,11:00:00,24,11,13,FMN GV 18 Kasterlee
84,Oudemolsedijk,2023-05-23,12:00:00,21,12,9,FMN GV 18 Kasterlee
84,Oudemolsedijk,2023-05-23,13:00:00,97,52,45,FMN GV 18 Kasterlee
84,Oudemolsedijk,2023-05-23,14:00:00,56,25,31,FMN GV 18 Kasterlee
84,Oudemolsedijk,2023-05-23,15:00:00,79,35,44,FMN GV 18 Kasterlee
84,Oudemolsedijk,2023-05-23,16:00:00,54,19,35,FMN GV 18 Kasterlee
84,Oudemolsedijk,2023-05-23,17:00:00,47,26,21,FMN GV 18 Kasterlee
84,Oudemolsedijk,2023-05-23,18:00:00,43,28,15,FMN GV 18 Kasterlee
84,Oudemolsedijk,2023-05-23,19:00:00,50,27,23,FMN GV 18 Kasterlee
84,Oudemolsedijk,2023-05-23,20:00:00,50,29,21,FMN GV 18 Kasterlee
84,Oudemolsedijk,2023-05-23,21:00:00,7,4,3,FMN GV 18 Kasterlee
84,Oudemolsedijk,2023-05-23,22:00:00,12,2,10,FMN GV 18 Kasterlee
84,Oudemolsedijk,2023-05-23,23:00:00,0,0,0,FMN GV 18 Kasterlee
84,Oudemolsedijk,2023-05-24,00:00:00,0,0,0,FMN GV 18 Kasterlee
84,Oudemolsedijk,2023-05-24,01:00:00,0,0,0,FMN GV 18 Kasterlee
84,Oudemolsedijk,2023-05-24,02:00:00,2,0,2,FMN GV 18 Kasterlee
84,Oudemolsedijk,2023-05-24,03:00:00,0,0,0,FMN GV 18 Kasterlee
84,Oudemolsedijk,2023-05-24,04:00:00,1,1,0,FMN GV 18 Kasterlee
84,Oudemolsedijk,2023-05-24,05:00:00,5,3,2,FMN GV 18 Kasterlee
84,Oudemolsedijk,2023-05-24,06:00:00,16,7,9,FMN GV 18 Kasterlee
84,Oudemolsedijk,2023-05-24,07:00:00,38,17,21,FMN GV 18 Kasterlee
84,Oudemolsedijk,2023-05-24,08:00:00,31,23,8,FMN GV 18 Kasterlee
84,Oudemolsedijk,2023-05-24,09:00:00,16,8,8,FMN GV 18 Kasterlee
84,Oudemolsedijk,2023-05-24,10:00:00,19,5,14,FMN GV 18 Kasterlee
84,Oudemolsedijk,2023-05-24,11:00:00,32,22,10,FMN GV 18 Kasterlee
84,Oudemolsedijk,2023-05-24,12:00:00,35,14,21,FMN GV 18 Kasterlee
84,Oudemolsedijk,2023-05-24,13:00:00,58,31,27,FMN GV 18 Kasterlee
84,Oudemolsedijk,2023-05-24,14:00:00,40,21,19,FMN GV 18 Kasterlee
84,Oudemolsedijk,2023-05-24,15:00:00,57,35,22,FMN GV 18 Kasterlee
84,Oudemolsedijk,2023-05-24,16:00:00,37,21,16,FMN GV 18 Kasterlee
84,Oudemolsedijk,2023-05-24,17:00:00,41,15,26,FMN GV 18 Kasterlee
84,Oudemolsedijk,2023-05-24,18:00:00,48,25,23,FMN GV 18 Kasterlee
84,Oudemolsedijk,2023-05-24,19:00:00,63,27,36,FMN GV 18 Kasterlee
84,Oudemolsedijk,2023-05-24,20:00:00,86,43,43,FMN GV 18 Kasterlee
84,Oudemolsedijk,2023-05-24,21:00:00,3,3,0,FMN GV 18 Kasterlee
84,Oudemolsedijk,2023-05-24,22:00:00,4,0,4,FMN GV 18 Kasterlee
84,Oudemolsedijk,2023-05-24,23:00:00,0,0,0,FMN GV 18 Kasterlee
84,Oudemolsedijk,2023-05-25,00:00:00,0,0,0,FMN GV 18 Kasterlee
84,Oudemolsedijk,2023-05-25,01:00:00,0,0,0,FMN GV 18 Kasterlee
84,Oudemolsedijk,2023-05-25,02:00:00,1,1,0,FMN GV 18 Kasterlee
84,Oudemolsedijk,2023-05-25,03:00:00,0,0,0,FMN GV 18 Kasterlee
84,Oudemolsedijk,2023-05-25,04:00:00,2,2,0,FMN GV 18 Kasterlee
84,Oudemolsedijk,2023-05-25,05:00:00,6,6,0,FMN GV 18 Kasterlee
84,Oudemolsedijk,2023-05-25,06:00:00,17,9,8,FMN GV 18 Kasterlee
84,Oudemolsedijk,2023-05-25,07:00:00,42,28,14,FMN GV 18 Kasterlee
84,Oudemolsedijk,2023-05-25,08:00:00,36,22,14,FMN GV 18 Kasterlee
84,Oudemolsedijk,2023-05-25,09:00:00,13,7,6,FMN GV 18 Kasterlee
84,Oudemolsedijk,2023-05-25,10:00:00,44,22,22,FMN GV 18 Kasterlee
84,Oudemolsedijk,2023-05-25,11:00:00,41,18,23,FMN GV 18 Kasterlee
84,Oudemolsedijk,2023-05-25,12:00:00,48,35,13,FMN GV 18 Kasterlee
84,Oudemolsedijk,2023-05-25,13:00:00,47,13,34,FMN GV 18 Kasterlee
84,Oudemolsedijk,2023-05-25,14:00:00,80,27,53,FMN GV 18 Kasterlee
84,Oudemolsedijk,2023-05-25,15:00:00,77,31,46,FMN GV 18 Kasterlee
84,Oudemolsedijk,2023-05-25,16:00:00,83,34,49,FMN GV 18 Kasterlee
84,Oudemolsedijk,2023-05-25,17:00:00,52,22,30,FMN GV 18 Kasterlee
84,Oudemolsedijk,2023-05-25,18:00:00,27,13,14,FMN GV 18 Kasterlee
84,Oudemolsedijk,2023-05-25,19:00:00,31,16,15,FMN GV 18 Kasterlee
84,Oudemolsedijk,2023-05-25,20:00:00,64,32,32,FMN GV 18 Kasterlee
84,Oudemolsedijk,2023-05-25,21:00:00,7,4,3,FMN GV 18 Kasterlee
84,Oudemolsedijk,2023-05-25,22:00:00,5,1,4,FMN GV 18 Kasterlee
84,Oudemolsedijk,2023-05-25,23:00:00,1,0,1,FMN GV 18 Kasterlee
84,Oudemolsedijk,2023-05-26,00:00:00,1,1,0,FMN GV 18 Kasterlee
84,Oudemolsedijk,2023-05-26,01:00:00,0,0,0,FMN GV 18 Kasterlee
84,Oudemolsedijk,2023-05-26,02:00:00,1,0,1,FMN GV 18 Kasterlee
84,Oudemolsedijk,2023-05-26,03:00:00,0,0,0,FMN GV 18 Kasterlee
84,Oudemolsedijk,2023-05-26,04:00:00,3,3,0,FMN GV 18 Kasterlee
84,Oudemolsedijk,2023-05-26,05:00:00,3,2,1,FMN GV 18 Kasterlee
84,Oudemolsedijk,2023-05-26,06:00:00,12,6,6,FMN GV 18 Kasterlee
84,Oudemolsedijk,2023-05-26,07:00:00,34,18,16,FMN GV 18 Kasterlee
84,Oudemolsedijk,2023-05-26,08:00:00,24,17,7,FMN GV 18 Kasterlee
84,Oudemolsedijk,2023-05-26,09:00:00,14,7,7,FMN GV 18 Kasterlee
84,Oudemolsedijk,2023-05-26,10:00:00,34,23,11,FMN GV 18 Kasterlee
84,Oudemolsedijk,2023-05-26,11:00:00,38,23,15,FMN GV 18 Kasterlee
84,Oudemolsedijk,2023-05-26,12:00:00,46,20,26,FMN GV 18 Kasterlee
84,Oudemolsedijk,2023-05-26,13:00:00,76,32,44,FMN GV 18 Kasterlee
84,Oudemolsedijk,2023-05-26,14:00:00,59,35,24,FMN GV 18 Kasterlee
84,Oudemolsedijk,2023-05-26,15:00:00,79,43,36,FMN GV 18 Kasterlee
84,Oudemolsedijk,2023-05-26,16:00:00,59,28,31,FMN GV 18 Kasterlee
84,Oudemolsedijk,2023-05-26,17:00:00,33,17,16,FMN GV 18 Kasterlee
84,Oudemolsedijk,2023-05-26,18:00:00,23,16,7,FMN GV 18 Kasterlee
84,Oudemolsedijk,2023-05-26,19:00:00,14,3,11,FMN GV 18 Kasterlee
84,Oudemolsedijk,2023-05-26,20:00:00,8,4,4,FMN GV 18 Kasterlee
84,Oudemolsedijk,2023-05-26,21:00:00,3,0,3,FMN GV 18 Kasterlee
84,Oudemolsedijk,2023-05-26,22:00:00,6,2,4,FMN GV 18 Kasterlee
84,Oudemolsedijk,2023-05-26,23:00:00,2,0,2,FMN GV 18 Kasterlee
84,Oudemolsedijk,2023-05-27,00:00:00,1,1,0,FMN GV 18 Kasterlee
84,Oudemolsedijk,2023-05-27,01:00:00,0,0,0,FMN GV 18 Kasterlee
84,Oudemolsedijk,2023-05-27,02:00:00,0,0,0,FMN GV 18 Kasterlee
84,Oudemolsedijk,2023-05-27,03:00:00,1,0,1,FMN GV 18 Kasterlee
84,Oudemolsedijk,2023-05-27,04:00:00,0,0,0,FMN GV 18 Kasterlee
84,Oudemolsedijk,2023-05-27,05:00:00,3,2,1,FMN GV 18 Kasterlee
84,Oudemolsedijk,2023-05-27,06:00:00,5,4,1,FMN GV 18 Kasterlee
84,Oudemolsedijk,2023-05-27,07:00:00,8,2,6,FMN GV 18 Kasterlee
84,Oudemolsedijk,2023-05-27,08:00:00,14,5,9,FMN GV 18 Kasterlee
84,Oudemolsedijk,2023-05-27,09:00:00,23,6,17,FMN GV 18 Kasterlee
84,Oudemolsedijk,2023-05-27,10:00:00,29,14,15,FMN GV 18 Kasterlee
84,Oudemolsedijk,2023-05-27,11:00:00,54,32,22,FMN GV 18 Kasterlee
84,Oudemolsedijk,2023-05-27,12:00:00,70,40,30,FMN GV 18 Kasterlee
84,Oudemolsedijk,2023-05-27,13:00:00,133,80,53,FMN GV 18 Kasterlee
84,Oudemolsedijk,2023-05-27,14:00:00,121,77,44,FMN GV 18 Kasterlee
84,Oudemolsedijk,2023-05-27,15:00:00,111,50,61,FMN GV 18 Kasterlee
84,Oudemolsedijk,2023-05-27,16:00:00,104,63,41,FMN GV 18 Kasterlee
84,Oudemolsedijk,2023-05-27,17:00:00,48,25,23,FMN GV 18 Kasterlee
84,Oudemolsedijk,2023-05-27,18:00:00,25,18,7,FMN GV 18 Kasterlee
84,Oudemolsedijk,2023-05-27,19:00:00,24,11,13,FMN GV 18 Kasterlee
84,Oudemolsedijk,2023-05-27,20:00:00,23,16,7,FMN GV 18 Kasterlee
84,Oudemolsedijk,2023-05-27,21:00:00,8,1,7,FMN GV 18 Kasterlee
84,Oudemolsedijk,2023-05-27,22:00:00,5,1,4,FMN GV 18 Kasterlee
84,Oudemolsedijk,2023-05-27,23:00:00,3,0,3,FMN GV 18 Kasterlee
84,Oudemolsedijk,2023-05-28,00:00:00,0,0,0,FMN GV 18 Kasterlee
84,Oudemolsedijk,2023-05-28,01:00:00,4,2,2,FMN GV 18 Kasterlee
84,Oudemolsedijk,2023-05-28,02:00:00,1,1,0,FMN GV 18 Kasterlee
84,Oudemolsedijk,2023-05-28,03:00:00,1,1,0,FMN GV 18 Kasterlee
84,Oudemolsedijk,2023-05-28,04:00:00,0,0,0,FMN GV 18 Kasterlee
84,Oudemolsedijk,2023-05-28,05:00:00,1,1,0,FMN GV 18 Kasterlee
84,Oudemolsedijk,2023-05-28,06:00:00,4,2,2,FMN GV 18 Kasterlee
84,Oudemolsedijk,2023-05-28,07:00:00,4,3,1,FMN GV 18 Kasterlee
84,Oudemolsedijk,2023-05-28,08:00:00,57,13,44,FMN GV 18 Kasterlee
84,Oudemolsedijk,2023-05-28,09:00:00,92,51,41,FMN GV 18 Kasterlee
84,Oudemolsedijk,2023-05-28,10:00:00,113,54,59,FMN GV 18 Kasterlee
84,Oudemolsedijk,2023-05-28,11:00:00,160,109,51,FMN GV 18 Kasterlee
84,Oudemolsedijk,2023-05-28,12:00:00,138,93,45,FMN GV 18 Kasterlee
84,Oudemolsedijk,2023-05-28,13:00:00,99,52,47,FMN GV 18 Kasterlee
84,Oudemolsedijk,2023-05-28,14:00:00,188,101,87,FMN GV 18 Kasterlee
84,Oudemolsedijk,2023-05-28,15:00:00,158,91,67,FMN GV 18 Kasterlee
84,Oudemolsedijk,2023-05-28,16:00:00,109,54,55,FMN GV 18 Kasterlee
84,Oudemolsedijk,2023-05-28,17:00:00,92,43,49,FMN GV 18 Kasterlee
84,Oudemolsedijk,2023-05-28,18:00:00,44,27,17,FMN GV 18 Kasterlee
84,Oudemolsedijk,2023-05-28,19:00:00,42,5,37,FMN GV 18 Kasterlee
84,Oudemolsedijk,2023-05-28,20:00:00,21,9,12,FMN GV 18 Kasterlee
84,Oudemolsedijk,2023-05-28,21:00:00,8,5,3,FMN GV 18 Kasterlee
84,Oudemolsedijk,2023-05-28,22:00:00,5,4,1,FMN GV 18 Kasterlee
84,Oudemolsedijk,2023-05-28,23:00:00,3,2,1,FMN GV 18 Kasterlee
84,Oudemolsedijk,2023-05-29,00:00:00,0,0,0,FMN GV 18 Kasterlee
84,Oudemolsedijk,2023-05-29,01:00:00,0,0,0,FMN GV 18 Kasterlee
84,Oudemolsedijk,2023-05-29,02:00:00,0,0,0,FMN GV 18 Kasterlee
84,Oudemolsedijk,2023-05-29,03:00:00,0,0,0,FMN GV 18 Kasterlee
84,Oudemolsedijk,2023-05-29,04:00:00,0,0,0,FMN GV 18 Kasterlee
84,Oudemolsedijk,2023-05-29,05:00:00,1,1,0,FMN GV 18 Kasterlee
84,Oudemolsedijk,2023-05-29,06:00:00,2,2,0,FMN GV 18 Kasterlee
84,Oudemolsedijk,2023-05-29,07:00:00,4,0,4,FMN GV 18 Kasterlee
84,Oudemolsedijk,2023-05-29,08:00:00,78,34,44,FMN GV 18 Kasterlee
84,Oudemolsedijk,2023-05-29,09:00:00,63,26,37,FMN GV 18 Kasterlee
84,Oudemolsedijk,2023-05-29,10:00:00,89,49,40,FMN GV 18 Kasterlee
84,Oudemolsedijk,2023-05-29,11:00:00,115,71,44,FMN GV 18 Kasterlee
84,Oudemolsedijk,2023-05-29,12:00:00,97,33,64,FMN GV 18 Kasterlee
84,Oudemolsedijk,2023-05-29,13:00:00,142,60,82,FMN GV 18 Kasterlee
84,Oudemolsedijk,2023-05-29,14:00:00,142,89,53,FMN GV 18 Kasterlee
84,Oudemolsedijk,2023-05-29,15:00:00,189,108,81,FMN GV 18 Kasterlee
84,Oudemolsedijk,2023-05-29,16:00:00,151,43,108,FMN GV 18 Kasterlee
84,Oudemolsedijk,2023-05-29,17:00:00,50,25,25,FMN GV 18 Kasterlee
84,Oudemolsedijk,2023-05-29,18:00:00,40,17,23,FMN GV 18 Kasterlee
84,Oudemolsedijk,2023-05-29,19:00:00,23,14,9,FMN GV 18 Kasterlee
84,Oudemolsedijk,2023-05-29,20:00:00,9,3,6,FMN GV 18 Kasterlee
84,Oudemolsedijk,2023-05-29,21:00:00,7,4,3,FMN GV 18 Kasterlee
84,Oudemolsedijk,2023-05-29,22:00:00,4,3,1,FMN GV 18 Kasterlee
84,Oudemolsedijk,2023-05-29,23:00:00,1,0,1,FMN GV 18 Kasterlee
84,Oudemolsedijk,2023-05-30,00:00:00,0,0,0,FMN GV 18 Kasterlee
84,Oudemolsedijk,2023-05-30,01:00:00,0,0,0,FMN GV 18 Kasterlee
84,Oudemolsedijk,2023-05-30,02:00:00,0,0,0,FMN GV 18 Kasterlee
84,Oudemolsedijk,2023-05-30,03:00:00,0,0,0,FMN GV 18 Kasterlee
84,Oudemolsedijk,2023-05-30,04:00:00,1,1,0,FMN GV 18 Kasterlee
84,Oudemolsedijk,2023-05-30,05:00:00,7,6,1,FMN GV 18 Kasterlee
84,Oudemolsedijk,2023-05-30,06:00:00,24,11,13,FMN GV 18 Kasterlee
84,Oudemolsedijk,2023-05-30,07:00:00,44,30,14,FMN GV 18 Kasterlee
84,Oudemolsedijk,2023-05-30,08:00:00,35,22,13,FMN GV 18 Kasterlee
84,Oudemolsedijk,2023-05-30,09:00:00,20,14,6,FMN GV 18 Kasterlee
84,Oudemolsedijk,2023-05-30,10:00:00,24,10,14,FMN GV 18 Kasterlee
84,Oudemolsedijk,2023-05-30,11:00:00,20,10,10,FMN GV 18 Kasterlee
84,Oudemolsedijk,2023-05-30,12:00:00,30,17,13,FMN GV 18 Kasterlee
84,Oudemolsedijk,2023-05-30,13:00:00,40,17,23,FMN GV 18 Kasterlee
84,Oudemolsedijk,2023-05-30,14:00:00,84,44,40,FMN GV 18 Kasterlee
84,Oudemolsedijk,2023-05-30,15:00:00,134,70,64,FMN GV 18 Kasterlee
84,Oudemolsedijk,2023-05-30,16:00:00,58,29,29,FMN GV 18 Kasterlee
84,Oudemolsedijk,2023-05-30,17:00:00,59,26,33,FMN GV 18 Kasterlee
84,Oudemolsedijk,2023-05-30,18:00:00,44,22,22,FMN GV 18 Kasterlee
84,Oudemolsedijk,2023-05-30,19:00:00,66,35,31,FMN GV 18 Kasterlee
84,Oudemolsedijk,2023-05-30,20:00:00,22,9,13,FMN GV 18 Kasterlee
84,Oudemolsedijk,2023-05-30,21:00:00,29,24,5,FMN GV 18 Kasterlee
84,Oudemolsedijk,2023-05-30,22:00:00,3,1,2,FMN GV 18 Kasterlee
84,Oudemolsedijk,2023-05-30,23:00:00,3,2,1,FMN GV 18 Kasterlee
84,Oudemolsedijk,2023-05-31,00:00:00,0,0,0,FMN GV 18 Kasterlee
84,Oudemolsedijk,2023-05-31,01:00:00,0,0,0,FMN GV 18 Kasterlee
84,Oudemolsedijk,2023-05-31,02:00:00,0,0,0,FMN GV 18 Kasterlee
84,Oudemolsedijk,2023-05-31,03:00:00,1,0,1,FMN GV 18 Kasterlee
84,Oudemolsedijk,2023-05-31,04:00:00,1,1,0,FMN GV 18 Kasterlee
84,Oudemolsedijk,2023-05-31,05:00:00,7,6,1,FMN GV 18 Kasterlee
84,Oudemolsedijk,2023-05-31,06:00:00,23,9,14,FMN GV 18 Kasterlee
84,Oudemolsedijk,2023-05-31,07:00:00,56,28,28,FMN GV 18 Kasterlee
84,Oudemolsedijk,2023-05-31,08:00:00,36,25,11,FMN GV 18 Kasterlee
84,Oudemolsedijk,2023-05-31,09:00:00,16,6,10,FMN GV 18 Kasterlee
84,Oudemolsedijk,2023-05-31,10:00:00,45,35,10,FMN GV 18 Kasterlee
84,Oudemolsedijk,2023-05-31,11:00:00,36,21,15,FMN GV 18 Kasterlee
84,Oudemolsedijk,2023-05-31,12:00:00,57,31,26,FMN GV 18 Kasterlee
84,Oudemolsedijk,2023-05-31,13:00:00,67,35,32,FMN GV 18 Kasterlee
84,Oudemolsedijk,2023-05-31,14:00:00,138,69,69,FMN GV 18 Kasterlee
84,Oudemolsedijk,2023-05-31,15:00:00,118,64,54,FMN GV 18 Kasterlee
84,Oudemolsedijk,2023-05-31,16:00:00,126,49,77,FMN GV 18 Kasterlee
84,Oudemolsedijk,2023-05-31,17:00:00,62,26,36,FMN GV 18 Kasterlee
84,Oudemolsedijk,2023-05-31,18:00:00,71,30,41,FMN GV 18 Kasterlee
84,Oudemolsedijk,2023-05-31,19:00:00,67,33,34,FMN GV 18 Kasterlee
84,Oudemolsedijk,2023-05-31,20:00:00,78,58,20,FMN GV 18 Kasterlee
84,Oudemolsedijk,2023-05-31,21:00:00,13,8,5,FMN GV 18 Kasterlee
84,Oudemolsedijk,2023-05-31,22:00:00,5,2,3,FMN GV 18 Kasterlee
84,Oudemolsedijk,2023-05-31,23:00:00,1,0,1,FMN GV 18 Kasterlee
84,Oudemolsedijk,2023-06-01,00:00:00,1,1,0,FMN GV 18 Kasterlee
84,Oudemolsedijk,2023-06-01,01:00:00,0,0,0,FMN GV 18 Kasterlee
84,Oudemolsedijk,2023-06-01,02:00:00,0,0,0,FMN GV 18 Kasterlee
84,Oudemolsedijk,2023-06-01,03:00:00,0,0,0,FMN GV 18 Kasterlee
84,Oudemolsedijk,2023-06-01,04:00:00,0,0,0,FMN GV 18 Kasterlee
84,Oudemolsedijk,2023-06-01,05:00:00,6,6,0,FMN GV 18 Kasterlee
84,Oudemolsedijk,2023-06-01,06:00:00,29,13,16,FMN GV 18 Kasterlee
84,Oudemolsedijk,2023-06-01,07:00:00,51,35,16,FMN GV 18 Kasterlee
84,Oudemolsedijk,2023-06-01,08:00:00,41,25,16,FMN GV 18 Kasterlee
84,Oudemolsedijk,2023-06-01,09:00:00,57,7,50,FMN GV 18 Kasterlee
84,Oudemolsedijk,2023-06-01,10:00:00,22,8,14,FMN GV 18 Kasterlee
84,Oudemolsedijk,2023-06-01,11:00:00,27,12,15,FMN GV 18 Kasterlee
84,Oudemolsedijk,2023-06-01,12:00:00,40,20,20,FMN GV 18 Kasterlee
84,Oudemolsedijk,2023-06-01,13:00:00,76,38,38,FMN GV 18 Kasterlee
84,Oudemolsedijk,2023-06-01,14:00:00,133,86,47,FMN GV 18 Kasterlee
84,Oudemolsedijk,2023-06-01,15:00:00,116,47,69,FMN GV 18 Kasterlee
84,Oudemolsedijk,2023-06-01,16:00:00,135,46,89,FMN GV 18 Kasterlee
84,Oudemolsedijk,2023-06-01,17:00:00,64,21,43,FMN GV 18 Kasterlee
84,Oudemolsedijk,2023-06-01,18:00:00,56,31,25,FMN GV 18 Kasterlee
84,Oudemolsedijk,2023-06-01,19:00:00,41,21,20,FMN GV 18 Kasterlee
84,Oudemolsedijk,2023-06-01,20:00:00,76,44,32,FMN GV 18 Kasterlee
84,Oudemolsedijk,2023-06-01,21:00:00,15,11,4,FMN GV 18 Kasterlee
84,Oudemolsedijk,2023-06-01,22:00:00,3,1,2,FMN GV 18 Kasterlee
84,Oudemolsedijk,2023-06-01,23:00:00,3,0,3,FMN GV 18 Kasterlee
84,Oudemolsedijk,2023-06-02,00:00:00,0,0,0,FMN GV 18 Kasterlee
84,Oudemolsedijk,2023-06-02,01:00:00,1,0,1,FMN GV 18 Kasterlee
84,Oudemolsedijk,2023-06-02,02:00:00,0,0,0,FMN GV 18 Kasterlee
84,Oudemolsedijk,2023-06-02,03:00:00,0,0,0,FMN GV 18 Kasterlee
84,Oudemolsedijk,2023-06-02,04:00:00,1,1,0,FMN GV 18 Kasterlee
84,Oudemolsedijk,2023-06-02,05:00:00,9,8,1,FMN GV 18 Kasterlee
84,Oudemolsedijk,2023-06-02,06:00:00,20,12,8,FMN GV 18 Kasterlee
84,Oudemolsedijk,2023-06-02,07:00:00,34,19,15,FMN GV 18 Kasterlee
84,Oudemolsedijk,2023-06-02,08:00:00,25,16,9,FMN GV 18 Kasterlee
84,Oudemolsedijk,2023-06-02,09:00:00,13,7,6,FMN GV 18 Kasterlee
84,Oudemolsedijk,2023-06-02,10:00:00,18,7,11,FMN GV 18 Kasterlee
84,Oudemolsedijk,2023-06-02,11:00:00,15,12,3,FMN GV 18 Kasterlee
84,Oudemolsedijk,2023-06-02,12:00:00,24,9,15,FMN GV 18 Kasterlee
84,Oudemolsedijk,2023-06-02,13:00:00,32,8,24,FMN GV 18 Kasterlee
84,Oudemolsedijk,2023-06-02,14:00:00,61,17,44,FMN GV 18 Kasterlee
84,Oudemolsedijk,2023-06-02,15:00:00,51,30,21,FMN GV 18 Kasterlee
84,Oudemolsedijk,2023-06-02,16:00:00,56,29,27,FMN GV 18 Kasterlee
84,Oudemolsedijk,2023-06-02,17:00:00,50,23,27,FMN GV 18 Kasterlee
84,Oudemolsedijk,2023-06-02,18:00:00,21,8,13,FMN GV 18 Kasterlee
84,Oudemolsedijk,2023-06-02,19:00:00,15,7,8,FMN GV 18 Kasterlee
84,Oudemolsedijk,2023-06-02,20:00:00,12,10,2,FMN GV 18 Kasterlee
84,Oudemolsedijk,2023-06-02,21:00:00,6,5,1,FMN GV 18 Kasterlee
84,Oudemolsedijk,2023-06-02,22:00:00,22,15,7,FMN GV 18 Kasterlee
84,Oudemolsedijk,2023-06-02,23:00:00,7,2,5,FMN GV 18 Kasterlee
84,Oudemolsedijk,2023-06-03,00:00:00,1,0,1,FMN GV 18 Kasterlee
84,Oudemolsedijk,2023-06-03,01:00:00,2,1,1,FMN GV 18 Kasterlee
84,Oudemolsedijk,2023-06-03,02:00:00,0,0,0,FMN GV 18 Kasterlee
84,Oudemolsedijk,2023-06-03,03:00:00,0,0,0,FMN GV 18 Kasterlee
84,Oudemolsedijk,2023-06-03,04:00:00,2,2,0,FMN GV 18 Kasterlee
84,Oudemolsedijk,2023-06-03,05:00:00,1,0,1,FMN GV 18 Kasterlee
84,Oudemolsedijk,2023-06-03,06:00:00,3,2,1,FMN GV 18 Kasterlee
84,Oudemolsedijk,2023-06-03,07:00:00,6,3,3,FMN GV 18 Kasterlee
84,Oudemolsedijk,2023-06-03,08:00:00,13,8,5,FMN GV 18 Kasterlee
84,Oudemolsedijk,2023-06-03,09:00:00,43,20,23,FMN GV 18 Kasterlee
84,Oudemolsedijk,2023-06-03,10:00:00,74,15,59,FMN GV 18 Kasterlee
84,Oudemolsedijk,2023-06-03,11:00:00,51,30,21,FMN GV 18 Kasterlee
84,Oudemolsedijk,2023-06-03,12:00:00,58,31,27,FMN GV 18 Kasterlee
84,Oudemolsedijk,2023-06-03,13:00:00,90,55,35,FMN GV 18 Kasterlee
84,Oudemolsedijk,2023-06-03,14:00:00,133,68,65,FMN GV 18 Kasterlee
84,Oudemolsedijk,2023-06-03,15:00:00,127,70,57,FMN GV 18 Kasterlee
84,Oudemolsedijk,2023-06-03,16:00:00,159,86,73,FMN GV 18 Kasterlee
84,Oudemolsedijk,2023-06-03,17:00:00,47,28,19,FMN GV 18 Kasterlee
84,Oudemolsedijk,2023-06-03,18:00:00,41,24,17,FMN GV 18 Kasterlee
84,Oudemolsedijk,2023-06-03,19:00:00,18,11,7,FMN GV 18 Kasterlee
84,Oudemolsedijk,2023-06-03,20:00:00,14,9,5,FMN GV 18 Kasterlee
84,Oudemolsedijk,2023-06-03,21:00:00,6,1,5,FMN GV 18 Kasterlee
84,Oudemolsedijk,2023-06-03,22:00:00,2,1,1,FMN GV 18 Kasterlee
84,Oudemolsedijk,2023-06-03,23:00:00,1,0,1,FMN GV 18 Kasterlee
84,Oudemolsedijk,2023-06-04,00:00:00,0,0,0,FMN GV 18 Kasterlee
84,Oudemolsedijk,2023-06-04,01:00:00,3,2,1,FMN GV 18 Kasterlee
84,Oudemolsedijk,2023-06-04,02:00:00,1,1,0,FMN GV 18 Kasterlee
84,Oudemolsedijk,2023-06-04,03:00:00,1,1,0,FMN GV 18 Kasterlee
84,Oudemolsedijk,2023-06-04,04:00:00,0,0,0,FMN GV 18 Kasterlee
84,Oudemolsedijk,2023-06-04,05:00:00,1,1,0,FMN GV 18 Kasterlee
84,Oudemolsedijk,2023-06-04,06:00:00,5,1,4,FMN GV 18 Kasterlee
84,Oudemolsedijk,2023-06-04,07:00:00,41,33,8,FMN GV 18 Kasterlee
84,Oudemolsedijk,2023-06-04,08:00:00,252,179,73,FMN GV 18 Kasterlee
84,Oudemolsedijk,2023-06-04,09:00:00,228,147,81,FMN GV 18 Kasterlee
84,Oudemolsedijk,2023-06-04,10:00:00,173,99,74,FMN GV 18 Kasterlee
84,Oudemolsedijk,2023-06-04,11:00:00,181,129,52,FMN GV 18 Kasterlee
84,Oudemolsedijk,2023-06-04,12:00:00,135,85,50,FMN GV 18 Kasterlee
84,Oudemolsedijk,2023-06-04,13:00:00,205,116,89,FMN GV 18 Kasterlee
84,Oudemolsedijk,2023-06-04,14:00:00,247,157,90,FMN GV 18 Kasterlee
84,Oudemolsedijk,2023-06-04,15:00:00,160,99,61,FMN GV 18 Kasterlee
84,Oudemolsedijk,2023-06-04,16:00:00,147,89,58,FMN GV 18 Kasterlee
84,Oudemolsedijk,2023-06-04,17:00:00,79,34,45,FMN GV 18 Kasterlee
84,Oudemolsedijk,2023-06-04,18:00:00,68,42,26,FMN GV 18 Kasterlee
84,Oudemolsedijk,2023-06-04,19:00:00,43,29,14,FMN GV 18 Kasterlee
84,Oudemolsedijk,2023-06-04,20:00:00,23,12,11,FMN GV 18 Kasterlee
84,Oudemolsedijk,2023-06-04,21:00:00,11,9,2,FMN GV 18 Kasterlee
84,Oudemolsedijk,2023-06-04,22:00:00,9,6,3,FMN GV 18 Kasterlee
84,Oudemolsedijk,2023-06-04,23:00:00,3,0,3,FMN GV 18 Kasterlee
84,Oudemolsedijk,2023-06-05,00:00:00,0,0,0,FMN GV 18 Kasterlee
84,Oudemolsedijk,2023-06-05,01:00:00,0,0,0,FMN GV 18 Kasterlee
84,Oudemolsedijk,2023-06-05,02:00:00,0,0,0,FMN GV 18 Kasterlee
84,Oudemolsedijk,2023-06-05,03:00:00,1,1,0,FMN GV 18 Kasterlee
84,Oudemolsedijk,2023-06-05,04:00:00,5,5,0,FMN GV 18 Kasterlee
84,Oudemolsedijk,2023-06-05,05:00:00,8,7,1,FMN GV 18 Kasterlee
84,Oudemolsedijk,2023-06-05,06:00:00,25,10,15,FMN GV 18 Kasterlee
84,Oudemolsedijk,2023-06-05,07:00:00,50,36,14,FMN GV 18 Kasterlee
84,Oudemolsedijk,2023-06-05,08:00:00,33,17,16,FMN GV 18 Kasterlee
84,Oudemolsedijk,2023-06-05,09:00:00,13,5,8,FMN GV 18 Kasterlee
84,Oudemolsedijk,2023-06-05,10:00:00,16,6,10,FMN GV 18 Kasterlee
84,Oudemolsedijk,2023-06-05,11:00:00,29,14,15,FMN GV 18 Kasterlee
84,Oudemolsedijk,2023-06-05,12:00:00,41,25,16,FMN GV 18 Kasterlee
84,Oudemolsedijk,2023-06-05,13:00:00,87,41,46,FMN GV 18 Kasterlee
84,Oudemolsedijk,2023-06-05,14:00:00,63,33,30,FMN GV 18 Kasterlee
84,Oudemolsedijk,2023-06-05,15:00:00,69,28,41,FMN GV 18 Kasterlee
84,Oudemolsedijk,2023-06-05,16:00:00,108,57,51,FMN GV 18 Kasterlee
84,Oudemolsedijk,2023-06-05,17:00:00,56,20,36,FMN GV 18 Kasterlee
84,Oudemolsedijk,2023-06-05,18:00:00,33,19,14,FMN GV 18 Kasterlee
84,Oudemolsedijk,2023-06-05,19:00:00,29,17,12,FMN GV 18 Kasterlee
84,Oudemolsedijk,2023-06-05,20:00:00,11,6,5,FMN GV 18 Kasterlee
84,Oudemolsedijk,2023-06-05,21:00:00,7,4,3,FMN GV 18 Kasterlee
84,Oudemolsedijk,2023-06-05,22:00:00,4,0,4,FMN GV 18 Kasterlee
84,Oudemolsedijk,2023-06-05,23:00:00,1,1,0,FMN GV 18 Kasterlee
84,Oudemolsedijk,2023-06-06,00:00:00,1,1,0,FMN GV 18 Kasterlee
84,Oudemolsedijk,2023-06-06,01:00:00,0,0,0,FMN GV 18 Kasterlee
84,Oudemolsedijk,2023-06-06,02:00:00,0,0,0,FMN GV 18 Kasterlee
84,Oudemolsedijk,2023-06-06,03:00:00,1,1,0,FMN GV 18 Kasterlee
84,Oudemolsedijk,2023-06-06,04:00:00,2,2,0,FMN GV 18 Kasterlee
84,Oudemolsedijk,2023-06-06,05:00:00,9,8,1,FMN GV 18 Kasterlee
84,Oudemolsedijk,2023-06-06,06:00:00,20,10,10,FMN GV 18 Kasterlee
84,Oudemolsedijk,2023-06-06,07:00:00,57,37,20,FMN GV 18 Kasterlee
84,Oudemolsedijk,2023-06-06,08:00:00,41,18,23,FMN GV 18 Kasterlee
84,Oudemolsedijk,2023-06-06,09:00:00,18,7,11,FMN GV 18 Kasterlee
84,Oudemolsedijk,2023-06-06,10:00:00,36,13,23,FMN GV 18 Kasterlee
84,Oudemolsedijk,2023-06-06,11:00:00,30,16,14,FMN GV 18 Kasterlee
84,Oudemolsedijk,2023-06-06,12:00:00,36,20,16,FMN GV 18 Kasterlee
84,Oudemolsedijk,2023-06-06,13:00:00,83,54,29,FMN GV 18 Kasterlee
84,Oudemolsedijk,2023-06-06,14:00:00,97,50,47,FMN GV 18 Kasterlee
84,Oudemolsedijk,2023-06-06,15:00:00,128,57,71,FMN GV 18 Kasterlee
84,Oudemolsedijk,2023-06-06,16:00:00,96,62,34,FMN GV 18 Kasterlee
84,Oudemolsedijk,2023-06-06,17:00:00,93,43,50,FMN GV 18 Kasterlee
84,Oudemolsedijk,2023-06-06,18:00:00,55,25,30,FMN GV 18 Kasterlee
84,Oudemolsedijk,2023-06-06,19:00:00,34,22,12,FMN GV 18 Kasterlee
84,Oudemolsedijk,2023-06-06,20:00:00,45,17,28,FMN GV 18 Kasterlee
84,Oudemolsedijk,2023-06-06,21:00:00,10,7,3,FMN GV 18 Kasterlee
84,Oudemolsedijk,2023-06-06,22:00:00,14,6,8,FMN GV 18 Kasterlee
84,Oudemolsedijk,2023-06-06,23:00:00,1,0,1,FMN GV 18 Kasterlee
84,Oudemolsedijk,2023-06-07,00:00:00,0,0,0,FMN GV 18 Kasterlee
84,Oudemolsedijk,2023-06-07,01:00:00,1,0,1,FMN GV 18 Kasterlee
84,Oudemolsedijk,2023-06-07,02:00:00,1,0,1,FMN GV 18 Kasterlee
84,Oudemolsedijk,2023-06-07,03:00:00,1,1,0,FMN GV 18 Kasterlee
84,Oudemolsedijk,2023-06-07,04:00:00,1,1,0,FMN GV 18 Kasterlee
84,Oudemolsedijk,2023-06-07,05:00:00,8,5,3,FMN GV 18 Kasterlee
84,Oudemolsedijk,2023-06-07,06:00:00,28,12,16,FMN GV 18 Kasterlee
84,Oudemolsedijk,2023-06-07,07:00:00,39,25,14,FMN GV 18 Kasterlee
84,Oudemolsedijk,2023-06-07,08:00:00,35,25,10,FMN GV 18 Kasterlee
84,Oudemolsedijk,2023-06-07,09:00:00,22,8,14,FMN GV 18 Kasterlee
84,Oudemolsedijk,2023-06-07,10:00:00,29,9,20,FMN GV 18 Kasterlee
84,Oudemolsedijk,2023-06-07,11:00:00,23,7,16,FMN GV 18 Kasterlee
84,Oudemolsedijk,2023-06-07,12:00:00,40,18,22,FMN GV 18 Kasterlee
84,Oudemolsedijk,2023-06-07,13:00:00,78,28,50,FMN GV 18 Kasterlee
84,Oudemolsedijk,2023-06-07,14:00:00,45,11,34,FMN GV 18 Kasterlee
84,Oudemolsedijk,2023-06-07,15:00:00,39,23,16,FMN GV 18 Kasterlee
84,Oudemolsedijk,2023-06-07,16:00:00,60,22,38,FMN GV 18 Kasterlee
84,Oudemolsedijk,2023-06-07,17:00:00,70,33,37,FMN GV 18 Kasterlee
84,Oudemolsedijk,2023-06-07,18:00:00,46,20,26,FMN GV 18 Kasterlee
84,Oudemolsedijk,2023-06-07,19:00:00,39,26,13,FMN GV 18 Kasterlee
84,Oudemolsedijk,2023-06-07,20:00:00,57,44,13,FMN GV 18 Kasterlee
84,Oudemolsedijk,2023-06-07,21:00:00,36,34,2,FMN GV 18 Kasterlee
84,Oudemolsedijk,2023-06-07,22:00:00,12,5,7,FMN GV 18 Kasterlee
84,Oudemolsedijk,2023-06-07,23:00:00,0,0,0,FMN GV 18 Kasterlee
84,Oudemolsedijk,2023-06-08,00:00:00,0,0,0,FMN GV 18 Kasterlee
84,Oudemolsedijk,2023-06-08,01:00:00,0,0,0,FMN GV 18 Kasterlee
84,Oudemolsedijk,2023-06-08,02:00:00,0,0,0,FMN GV 18 Kasterlee
84,Oudemolsedijk,2023-06-08,03:00:00,1,1,0,FMN GV 18 Kasterlee
84,Oudemolsedijk,2023-06-08,04:00:00,1,1,0,FMN GV 18 Kasterlee
84,Oudemolsedijk,2023-06-08,05:00:00,7,6,1,FMN GV 18 Kasterlee
84,Oudemolsedijk,2023-06-08,06:00:00,24,10,14,FMN GV 18 Kasterlee
84,Oudemolsedijk,2023-06-08,07:00:00,47,31,16,FMN GV 18 Kasterlee
84,Oudemolsedijk,2023-06-08,08:00:00,48,27,21,FMN GV 18 Kasterlee
84,Oudemolsedijk,2023-06-08,09:00:00,23,11,12,FMN GV 18 Kasterlee
84,Oudemolsedijk,2023-06-08,10:00:00,44,15,29,FMN GV 18 Kasterlee
84,Oudemolsedijk,2023-06-08,11:00:00,32,18,14,FMN GV 18 Kasterlee
84,Oudemolsedijk,2023-06-08,12:00:00,43,14,29,FMN GV 18 Kasterlee
84,Oudemolsedijk,2023-06-08,13:00:00,60,38,22,FMN GV 18 Kasterlee
84,Oudemolsedijk,2023-06-08,14:00:00,93,61,32,FMN GV 18 Kasterlee
84,Oudemolsedijk,2023-06-08,15:00:00,80,45,35,FMN GV 18 Kasterlee
84,Oudemolsedijk,2023-06-08,16:00:00,112,52,60,FMN GV 18 Kasterlee
84,Oudemolsedijk,2023-06-08,17:00:00,77,36,41,FMN GV 18 Kasterlee
84,Oudemolsedijk,2023-06-08,18:00:00,55,36,19,FMN GV 18 Kasterlee
84,Oudemolsedijk,2023-06-08,19:00:00,101,51,50,FMN GV 18 Kasterlee
84,Oudemolsedijk,2023-06-08,20:00:00,57,46,11,FMN GV 18 Kasterlee
84,Oudemolsedijk,2023-06-08,21:00:00,17,7,10,FMN GV 18 Kasterlee
84,Oudemolsedijk,2023-06-08,22:00:00,19,5,14,FMN GV 18 Kasterlee
84,Oudemolsedijk,2023-06-08,23:00:00,2,0,2,FMN GV 18 Kasterlee
84,Oudemolsedijk,2023-06-09,00:00:00,0,0,0,FMN GV 18 Kasterlee
84,Oudemolsedijk,2023-06-09,01:00:00,0,0,0,FMN GV 18 Kasterlee
84,Oudemolsedijk,2023-06-09,02:00:00,0,0,0,FMN GV 18 Kasterlee
84,Oudemolsedijk,2023-06-09,03:00:00,0,0,0,FMN GV 18 Kasterlee
84,Oudemolsedijk,2023-06-09,04:00:00,1,1,0,FMN GV 18 Kasterlee
84,Oudemolsedijk,2023-06-09,05:00:00,7,6,1,FMN GV 18 Kasterlee
84,Oudemolsedijk,2023-06-09,06:00:00,20,11,9,FMN GV 18 Kasterlee
84,Oudemolsedijk,2023-06-09,07:00:00,45,27,18,FMN GV 18 Kasterlee
84,Oudemolsedijk,2023-06-09,08:00:00,38,21,17,FMN GV 18 Kasterlee
84,Oudemolsedijk,2023-06-09,09:00:00,62,14,48,FMN GV 18 Kasterlee
84,Oudemolsedijk,2023-06-09,10:00:00,40,10,30,FMN GV 18 Kasterlee
84,Oudemolsedijk,2023-06-09,11:00:00,44,18,26,FMN GV 18 Kasterlee
84,Oudemolsedijk,2023-06-09,12:00:00,40,22,18,FMN GV 18 Kasterlee
84,Oudemolsedijk,2023-06-09,13:00:00,55,30,25,FMN GV 18 Kasterlee
84,Oudemolsedijk,2023-06-09,14:00:00,89,42,47,FMN GV 18 Kasterlee
84,Oudemolsedijk,2023-06-09,15:00:00,50,29,21,FMN GV 18 Kasterlee
84,Oudemolsedijk,2023-06-09,16:00:00,68,35,33,FMN GV 18 Kasterlee
84,Oudemolsedijk,2023-06-09,17:00:00,64,29,35,FMN GV 18 Kasterlee
84,Oudemolsedijk,2023-06-09,18:00:00,54,29,25,FMN GV 18 Kasterlee
84,Oudemolsedijk,2023-06-09,19:00:00,35,10,25,FMN GV 18 Kasterlee
84,Oudemolsedijk,2023-06-09,20:00:00,14,5,9,FMN GV 18 Kasterlee
84,Oudemolsedijk,2023-06-09,21:00:00,6,2,4,FMN GV 18 Kasterlee
84,Oudemolsedijk,2023-06-09,22:00:00,9,5,4,FMN GV 18 Kasterlee
84,Oudemolsedijk,2023-06-09,23:00:00,7,4,3,FMN GV 18 Kasterlee
84,Oudemolsedijk,2023-06-10,00:00:00,7,3,4,FMN GV 18 Kasterlee
84,Oudemolsedijk,2023-06-10,01:00:00,2,0,2,FMN GV 18 Kasterlee
84,Oudemolsedijk,2023-06-10,02:00:00,4,2,2,FMN GV 18 Kasterlee
84,Oudemolsedijk,2023-06-10,03:00:00,0,0,0,FMN GV 18 Kasterlee
84,Oudemolsedijk,2023-06-10,04:00:00,0,0,0,FMN GV 18 Kasterlee
84,Oudemolsedijk,2023-06-10,05:00:00,3,2,1,FMN GV 18 Kasterlee
84,Oudemolsedijk,2023-06-10,06:00:00,6,1,5,FMN GV 18 Kasterlee
84,Oudemolsedijk,2023-06-10,07:00:00,16,5,11,FMN GV 18 Kasterlee
84,Oudemolsedijk,2023-06-10,08:00:00,201,13,188,FMN GV 18 Kasterlee
84,Oudemolsedijk,2023-06-10,09:00:00,286,39,247,FMN GV 18 Kasterlee
84,Oudemolsedijk,2023-06-10,10:00:00,184,71,113,FMN GV 18 Kasterlee
84,Oudemolsedijk,2023-06-10,11:00:00,97,35,62,FMN GV 18 Kasterlee
84,Oudemolsedijk,2023-06-10,12:00:00,92,45,47,FMN GV 18 Kasterlee
84,Oudemolsedijk,2023-06-10,13:00:00,64,21,43,FMN GV 18 Kasterlee
84,Oudemolsedijk,2023-06-10,14:00:00,98,57,41,FMN GV 18 Kasterlee
84,Oudemolsedijk,2023-06-10,15:00:00,90,42,48,FMN GV 18 Kasterlee
84,Oudemolsedijk,2023-06-10,16:00:00,59,41,18,FMN GV 18 Kasterlee
84,Oudemolsedijk,2023-06-10,17:00:00,53,26,27,FMN GV 18 Kasterlee
84,Oudemolsedijk,2023-06-10,18:00:00,31,15,16,FMN GV 18 Kasterlee
84,Oudemolsedijk,2023-06-10,19:00:00,29,14,15,FMN GV 18 Kasterlee
84,Oudemolsedijk,2023-06-10,20:00:00,30,11,19,FMN GV 18 Kasterlee
84,Oudemolsedijk,2023-06-10,21:00:00,14,4,10,FMN GV 18 Kasterlee
84,Oudemolsedijk,2023-06-10,22:00:00,5,3,2,FMN GV 18 Kasterlee
84,Oudemolsedijk,2023-06-10,23:00:00,4,2,2,FMN GV 18 Kasterlee
84,Oudemolsedijk,2023-06-11,00:00:00,8,2,6,FMN GV 18 Kasterlee
84,Oudemolsedijk,2023-06-11,01:00:00,5,5,0,FMN GV 18 Kasterlee
84,Oudemolsedijk,2023-06-11,02:00:00,1,1,0,FMN GV 18 Kasterlee
84,Oudemolsedijk,2023-06-11,03:00:00,0,0,0,FMN GV 18 Kasterlee
84,Oudemolsedijk,2023-06-11,04:00:00,2,2,0,FMN GV 18 Kasterlee
84,Oudemolsedijk,2023-06-11,05:00:00,1,0,1,FMN GV 18 Kasterlee
84,Oudemolsedijk,2023-06-11,06:00:00,2,0,2,FMN GV 18 Kasterlee
84,Oudemolsedijk,2023-06-11,07:00:00,15,6,9,FMN GV 18 Kasterlee
84,Oudemolsedijk,2023-06-11,08:00:00,49,9,40,FMN GV 18 Kasterlee
84,Oudemolsedijk,2023-06-11,09:00:00,161,82,79,FMN GV 18 Kasterlee
84,Oudemolsedijk,2023-06-11,10:00:00,170,95,75,FMN GV 18 Kasterlee
84,Oudemolsedijk,2023-06-11,11:00:00,138,88,50,FMN GV 18 Kasterlee
84,Oudemolsedijk,2023-06-11,12:00:00,53,30,23,FMN GV 18 Kasterlee
84,Oudemolsedijk,2023-06-11,13:00:00,89,34,55,FMN GV 18 Kasterlee
84,Oudemolsedijk,2023-06-11,14:00:00,106,58,48,FMN GV 18 Kasterlee
84,Oudemolsedijk,2023-06-11,15:00:00,83,53,30,FMN GV 18 Kasterlee
84,Oudemolsedijk,2023-06-11,16:00:00,64,23,41,FMN GV 18 Kasterlee
84,Oudemolsedijk,2023-06-11,17:00:00,57,32,25,FMN GV 18 Kasterlee
84,Oudemolsedijk,2023-06-11,18:00:00,28,18,10,FMN GV 18 Kasterlee
84,Oudemolsedijk,2023-06-11,19:00:00,26,13,13,FMN GV 18 Kasterlee
84,Oudemolsedijk,2023-06-11,20:00:00,36,13,23,FMN GV 18 Kasterlee
84,Oudemolsedijk,2023-06-11,21:00:00,12,7,5,FMN GV 18 Kasterlee
84,Oudemolsedijk,2023-06-11,22:00:00,5,2,3,FMN GV 18 Kasterlee
84,Oudemolsedijk,2023-06-11,23:00:00,0,0,0,FMN GV 18 Kasterlee
84,Oudemolsedijk,2023-06-12,00:00:00,0,0,0,FMN GV 18 Kasterlee
84,Oudemolsedijk,2023-06-12,01:00:00,0,0,0,FMN GV 18 Kasterlee
84,Oudemolsedijk,2023-06-12,02:00:00,1,1,0,FMN GV 18 Kasterlee
84,Oudemolsedijk,2023-06-12,03:00:00,0,0,0,FMN GV 18 Kasterlee
84,Oudemolsedijk,2023-06-12,04:00:00,5,5,0,FMN GV 18 Kasterlee
84,Oudemolsedijk,2023-06-12,05:00:00,12,10,2,FMN GV 18 Kasterlee
84,Oudemolsedijk,2023-06-12,06:00:00,23,10,13,FMN GV 18 Kasterlee
84,Oudemolsedijk,2023-06-12,07:00:00,47,26,21,FMN GV 18 Kasterlee
84,Oudemolsedijk,2023-06-12,08:00:00,34,24,10,FMN GV 18 Kasterlee
84,Oudemolsedijk,2023-06-12,09:00:00,46,13,33,FMN GV 18 Kasterlee
84,Oudemolsedijk,2023-06-12,10:00:00,46,18,28,FMN GV 18 Kasterlee
84,Oudemolsedijk,2023-06-12,11:00:00,26,15,11,FMN GV 18 Kasterlee
84,Oudemolsedijk,2023-06-12,12:00:00,39,19,20,FMN GV 18 Kasterlee
84,Oudemolsedijk,2023-06-12,13:00:00,55,35,20,FMN GV 18 Kasterlee
84,Oudemolsedijk,2023-06-12,14:00:00,53,26,27,FMN GV 18 Kasterlee
84,Oudemolsedijk,2023-06-12,15:00:00,67,27,40,FMN GV 18 Kasterlee
84,Oudemolsedijk,2023-06-12,16:00:00,107,45,62,FMN GV 18 Kasterlee
84,Oudemolsedijk,2023-06-12,17:00:00,60,25,35,FMN GV 18 Kasterlee
84,Oudemolsedijk,2023-06-12,18:00:00,28,13,15,FMN GV 18 Kasterlee
84,Oudemolsedijk,2023-06-12,19:00:00,16,7,9,FMN GV 18 Kasterlee
84,Oudemolsedijk,2023-06-12,20:00:00,38,17,21,FMN GV 18 Kasterlee
84,Oudemolsedijk,2023-06-12,21:00:00,13,6,7,FMN GV 18 Kasterlee
84,Oudemolsedijk,2023-06-12,22:00:00,6,2,4,FMN GV 18 Kasterlee
84,Oudemolsedijk,2023-06-12,23:00:00,4,3,1,FMN GV 18 Kasterlee
84,Oudemolsedijk,2023-06-13,00:00:00,0,0,0,FMN GV 18 Kasterlee
84,Oudemolsedijk,2023-06-13,01:00:00,1,1,0,FMN GV 18 Kasterlee
84,Oudemolsedijk,2023-06-13,02:00:00,1,1,0,FMN GV 18 Kasterlee
84,Oudemolsedijk,2023-06-13,03:00:00,0,0,0,FMN GV 18 Kasterlee
84,Oudemolsedijk,2023-06-13,04:00:00,3,2,1,FMN GV 18 Kasterlee
84,Oudemolsedijk,2023-06-13,05:00:00,11,10,1,FMN GV 18 Kasterlee
84,Oudemolsedijk,2023-06-13,06:00:00,26,11,15,FMN GV 18 Kasterlee
84,Oudemolsedijk,2023-06-13,07:00:00,75,33,42,FMN GV 18 Kasterlee
84,Oudemolsedijk,2023-06-13,08:00:00,39,21,18,FMN GV 18 Kasterlee
84,Oudemolsedijk,2023-06-13,09:00:00,91,75,16,FMN GV 18 Kasterlee
84,Oudemolsedijk,2023-06-13,10:00:00,54,26,28,FMN GV 18 Kasterlee
84,Oudemolsedijk,2023-06-13,11:00:00,62,29,33,FMN GV 18 Kasterlee
84,Oudemolsedijk,2023-06-13,12:00:00,36,24,12,FMN GV 18 Kasterlee
84,Oudemolsedijk,2023-06-13,13:00:00,69,44,25,FMN GV 18 Kasterlee
84,Oudemolsedijk,2023-06-13,14:00:00,61,41,20,FMN GV 18 Kasterlee
84,Oudemolsedijk,2023-06-13,15:00:00,62,16,46,FMN GV 18 Kasterlee
84,Oudemolsedijk,2023-06-13,16:00:00,83,44,39,FMN GV 18 Kasterlee
84,Oudemolsedijk,2023-06-13,17:00:00,48,27,21,FMN GV 18 Kasterlee
84,Oudemolsedijk,2023-06-13,18:00:00,33,19,14,FMN GV 18 Kasterlee
84,Oudemolsedijk,2023-06-13,19:00:00,47,27,20,FMN GV 18 Kasterlee
84,Oudemolsedijk,2023-06-13,20:00:00,79,56,23,FMN GV 18 Kasterlee
84,Oudemolsedijk,2023-06-13,21:00:00,21,15,6,FMN GV 18 Kasterlee
84,Oudemolsedijk,2023-06-13,22:00:00,12,3,9,FMN GV 18 Kasterlee
84,Oudemolsedijk,2023-06-13,23:00:00,4,1,3,FMN GV 18 Kasterlee
84,Oudemolsedijk,2023-06-14,00:00:00,1,1,0,FMN GV 18 Kasterlee
84,Oudemolsedijk,2023-06-14,01:00:00,0,0,0,FMN GV 18 Kasterlee
84,Oudemolsedijk,2023-06-14,02:00:00,2,1,1,FMN GV 18 Kasterlee
84,Oudemolsedijk,2023-06-14,03:00:00,0,0,0,FMN GV 18 Kasterlee
84,Oudemolsedijk,2023-06-14,04:00:00,3,2,1,FMN GV 18 Kasterlee
84,Oudemolsedijk,2023-06-14,05:00:00,12,11,1,FMN GV 18 Kasterlee
84,Oudemolsedijk,2023-06-14,06:00:00,35,17,18,FMN GV 18 Kasterlee
84,Oudemolsedijk,2023-06-14,07:00:00,53,31,22,FMN GV 18 Kasterlee
84,Oudemolsedijk,2023-06-14,08:00:00,43,31,12,FMN GV 18 Kasterlee
84,Oudemolsedijk,2023-06-14,09:00:00,37,10,27,FMN GV 18 Kasterlee
84,Oudemolsedijk,2023-06-14,10:00:00,58,30,28,FMN GV 18 Kasterlee
84,Oudemolsedijk,2023-06-14,11:00:00,31,17,14,FMN GV 18 Kasterlee
84,Oudemolsedijk,2023-06-14,12:00:00,56,25,31,FMN GV 18 Kasterlee
84,Oudemolsedijk,2023-06-14,13:00:00,80,29,51,FMN GV 18 Kasterlee
84,Oudemolsedijk,2023-06-14,14:00:00,91,47,44,FMN GV 18 Kasterlee
84,Oudemolsedijk,2023-06-14,15:00:00,81,45,36,FMN GV 18 Kasterlee
84,Oudemolsedijk,2023-06-14,16:00:00,66,43,23,FMN GV 18 Kasterlee
84,Oudemolsedijk,2023-06-14,17:00:00,57,22,35,FMN GV 18 Kasterlee
84,Oudemolsedijk,2023-06-14,18:00:00,66,25,41,FMN GV 18 Kasterlee
84,Oudemolsedijk,2023-06-14,19:00:00,69,35,34,FMN GV 18 Kasterlee
84,Oudemolsedijk,2023-06-14,20:00:00,98,52,46,FMN GV 18 Kasterlee
84,Oudemolsedijk,2023-06-14,21:00:00,31,17,14,FMN GV 18 Kasterlee
84,Oudemolsedijk,2023-06-14,22:00:00,14,6,8,FMN GV 18 Kasterlee
84,Oudemolsedijk,2023-06-14,23:00:00,2,2,0,FMN GV 18 Kasterlee
84,Oudemolsedijk,2023-06-15,00:00:00,0,0,0,FMN GV 18 Kasterlee
84,Oudemolsedijk,2023-06-15,01:00:00,1,0,1,FMN GV 18 Kasterlee
84,Oudemolsedijk,2023-06-15,02:00:00,0,0,0,FMN GV 18 Kasterlee
84,Oudemolsedijk,2023-06-15,03:00:00,0,0,0,FMN GV 18 Kasterlee
84,Oudemolsedijk,2023-06-15,04:00:00,2,1,1,FMN GV 18 Kasterlee
84,Oudemolsedijk,2023-06-15,05:00:00,12,11,1,FMN GV 18 Kasterlee
84,Oudemolsedijk,2023-06-15,06:00:00,25,10,15,FMN GV 18 Kasterlee
84,Oudemolsedijk,2023-06-15,07:00:00,57,32,25,FMN GV 18 Kasterlee
84,Oudemolsedijk,2023-06-15,08:00:00,40,22,18,FMN GV 18 Kasterlee
84,Oudemolsedijk,2023-06-15,09:00:00,41,13,28,FMN GV 18 Kasterlee
84,Oudemolsedijk,2023-06-15,10:00:00,43,23,20,FMN GV 18 Kasterlee
84,Oudemolsedijk,2023-06-15,11:00:00,30,13,17,FMN GV 18 Kasterlee
84,Oudemolsedijk,2023-06-15,12:00:00,75,33,42,FMN GV 18 Kasterlee
84,Oudemolsedijk,2023-06-15,13:00:00,72,37,35,FMN GV 18 Kasterlee
84,Oudemolsedijk,2023-06-15,14:00:00,97,39,58,FMN GV 18 Kasterlee
84,Oudemolsedijk,2023-06-15,15:00:00,78,37,41,FMN GV 18 Kasterlee
84,Oudemolsedijk,2023-06-15,16:00:00,68,31,37,FMN GV 18 Kasterlee
84,Oudemolsedijk,2023-06-15,17:00:00,78,36,42,FMN GV 18 Kasterlee
84,Oudemolsedijk,2023-06-15,18:00:00,66,34,32,FMN GV 18 Kasterlee
84,Oudemolsedijk,2023-06-15,19:00:00,66,35,31,FMN GV 18 Kasterlee
84,Oudemolsedijk,2023-06-15,20:00:00,79,47,32,FMN GV 18 Kasterlee
84,Oudemolsedijk,2023-06-15,21:00:00,19,13,6,FMN GV 18 Kasterlee
84,Oudemolsedijk,2023-06-15,22:00:00,17,10,7,FMN GV 18 Kasterlee
84,Oudemolsedijk,2023-06-15,23:00:00,1,1,0,FMN GV 18 Kasterlee
84,Oudemolsedijk,2023-06-16,00:00:00,0,0,0,FMN GV 18 Kasterlee
84,Oudemolsedijk,2023-06-16,01:00:00,0,0,0,FMN GV 18 Kasterlee
84,Oudemolsedijk,2023-06-16,02:00:00,1,0,1,FMN GV 18 Kasterlee
84,Oudemolsedijk,2023-06-16,03:00:00,0,0,0,FMN GV 18 Kasterlee
84,Oudemolsedijk,2023-06-16,04:00:00,0,0,0,FMN GV 18 Kasterlee
84,Oudemolsedijk,2023-06-16,05:00:00,9,7,2,FMN GV 18 Kasterlee
84,Oudemolsedijk,2023-06-16,06:00:00,20,9,11,FMN GV 18 Kasterlee
84,Oudemolsedijk,2023-06-16,07:00:00,51,27,24,FMN GV 18 Kasterlee
84,Oudemolsedijk,2023-06-16,08:00:00,30,19,11,FMN GV 18 Kasterlee
84,Oudemolsedijk,2023-06-16,09:00:00,26,11,15,FMN GV 18 Kasterlee
84,Oudemolsedijk,2023-06-16,10:00:00,43,20,23,FMN GV 18 Kasterlee
84,Oudemolsedijk,2023-06-16,11:00:00,102,23,79,FMN GV 18 Kasterlee
84,Oudemolsedijk,2023-06-16,12:00:00,54,14,40,FMN GV 18 Kasterlee
84,Oudemolsedijk,2023-06-16,13:00:00,48,26,22,FMN GV 18 Kasterlee
84,Oudemolsedijk,2023-06-16,14:00:00,67,29,38,FMN GV 18 Kasterlee
84,Oudemolsedijk,2023-06-16,15:00:00,74,41,33,FMN GV 18 Kasterlee
84,Oudemolsedijk,2023-06-16,16:00:00,72,40,32,FMN GV 18 Kasterlee
84,Oudemolsedijk,2023-06-16,17:00:00,51,27,24,FMN GV 18 Kasterlee
84,Oudemolsedijk,2023-06-16,18:00:00,53,23,30,FMN GV 18 Kasterlee
84,Oudemolsedijk,2023-06-16,19:00:00,42,24,18,FMN GV 18 Kasterlee
84,Oudemolsedijk,2023-06-16,20:00:00,25,18,7,FMN GV 18 Kasterlee
84,Oudemolsedijk,2023-06-16,21:00:00,20,10,10,FMN GV 18 Kasterlee
84,Oudemolsedijk,2023-06-16,22:00:00,17,4,13,FMN GV 18 Kasterlee
84,Oudemolsedijk,2023-06-16,23:00:00,9,6,3,FMN GV 18 Kasterlee
84,Oudemolsedijk,2023-06-17,00:00:00,0,0,0,FMN GV 18 Kasterlee
84,Oudemolsedijk,2023-06-17,01:00:00,4,1,3,FMN GV 18 Kasterlee
84,Oudemolsedijk,2023-06-17,02:00:00,0,0,0,FMN GV 18 Kasterlee
84,Oudemolsedijk,2023-06-17,03:00:00,0,0,0,FMN GV 18 Kasterlee
84,Oudemolsedijk,2023-06-17,04:00:00,1,1,0,FMN GV 18 Kasterlee
84,Oudemolsedijk,2023-06-17,05:00:00,3,1,2,FMN GV 18 Kasterlee
84,Oudemolsedijk,2023-06-17,06:00:00,8,7,1,FMN GV 18 Kasterlee
84,Oudemolsedijk,2023-06-17,07:00:00,7,3,4,FMN GV 18 Kasterlee
84,Oudemolsedijk,2023-06-17,08:00:00,10,2,8,FMN GV 18 Kasterlee
84,Oudemolsedijk,2023-06-17,09:00:00,60,21,39,FMN GV 18 Kasterlee
84,Oudemolsedijk,2023-06-17,10:00:00,78,48,30,FMN GV 18 Kasterlee
84,Oudemolsedijk,2023-06-17,11:00:00,97,33,64,FMN GV 18 Kasterlee
84,Oudemolsedijk,2023-06-17,12:00:00,59,28,31,FMN GV 18 Kasterlee
84,Oudemolsedijk,2023-06-17,13:00:00,63,38,25,FMN GV 18 Kasterlee
84,Oudemolsedijk,2023-06-17,14:00:00,94,43,51,FMN GV 18 Kasterlee
84,Oudemolsedijk,2023-06-17,15:00:00,109,56,53,FMN GV 18 Kasterlee
84,Oudemolsedijk,2023-06-17,16:00:00,51,34,17,FMN GV 18 Kasterlee
84,Oudemolsedijk,2023-06-17,17:00:00,58,18,40,FMN GV 18 Kasterlee
84,Oudemolsedijk,2023-06-17,18:00:00,50,19,31,FMN GV 18 Kasterlee
84,Oudemolsedijk,2023-06-17,19:00:00,29,12,17,FMN GV 18 Kasterlee
84,Oudemolsedijk,2023-06-17,20:00:00,12,8,4,FMN GV 18 Kasterlee
84,Oudemolsedijk,2023-06-17,21:00:00,8,4,4,FMN GV 18 Kasterlee
84,Oudemolsedijk,2023-06-17,22:00:00,7,7,0,FMN GV 18 Kasterlee
84,Oudemolsedijk,2023-06-17,23:00:00,3,2,1,FMN GV 18 Kasterlee
84,Oudemolsedijk,2023-06-18,00:00:00,2,2,0,FMN GV 18 Kasterlee
84,Oudemolsedijk,2023-06-18,01:00:00,1,0,1,FMN GV 18 Kasterlee
84,Oudemolsedijk,2023-06-18,02:00:00,0,0,0,FMN GV 18 Kasterlee
84,Oudemolsedijk,2023-06-18,03:00:00,0,0,0,FMN GV 18 Kasterlee
84,Oudemolsedijk,2023-06-18,04:00:00,1,1,0,FMN GV 18 Kasterlee
84,Oudemolsedijk,2023-06-18,05:00:00,0,0,0,FMN GV 18 Kasterlee
84,Oudemolsedijk,2023-06-18,06:00:00,3,2,1,FMN GV 18 Kasterlee
84,Oudemolsedijk,2023-06-18,07:00:00,12,3,9,FMN GV 18 Kasterlee
84,Oudemolsedijk,2023-06-18,08:00:00,55,24,31,FMN GV 18 Kasterlee
84,Oudemolsedijk,2023-06-18,09:00:00,108,48,60,FMN GV 18 Kasterlee
84,Oudemolsedijk,2023-06-18,10:00:00,153,55,98,FMN GV 18 Kasterlee
84,Oudemolsedijk,2023-06-18,11:00:00,83,55,28,FMN GV 18 Kasterlee
84,Oudemolsedijk,2023-06-18,12:00:00,21,17,4,FMN GV 18 Kasterlee
84,Oudemolsedijk,2023-06-18,13:00:00,30,18,12,FMN GV 18 Kasterlee
84,Oudemolsedijk,2023-06-18,14:00:00,58,37,21,FMN GV 18 Kasterlee
84,Oudemolsedijk,2023-06-18,15:00:00,52,38,14,FMN GV 18 Kasterlee
84,Oudemolsedijk,2023-06-18,16:00:00,71,32,39,FMN GV 18 Kasterlee
84,Oudemolsedijk,2023-06-18,17:00:00,46,35,11,FMN GV 18 Kasterlee
84,Oudemolsedijk,2023-06-18,18:00:00,42,27,15,FMN GV 18 Kasterlee
84,Oudemolsedijk,2023-06-18,19:00:00,21,11,10,FMN GV 18 Kasterlee
84,Oudemolsedijk,2023-06-18,20:00:00,17,10,7,FMN GV 18 Kasterlee
84,Oudemolsedijk,2023-06-18,21:00:00,9,7,2,FMN GV 18 Kasterlee
84,Oudemolsedijk,2023-06-18,22:00:00,3,1,2,FMN GV 18 Kasterlee
84,Oudemolsedijk,2023-06-18,23:00:00,1,0,1,FMN GV 18 Kasterlee
84,Oudemolsedijk,2023-06-19,00:00:00,0,0,0,FMN GV 18 Kasterlee
84,Oudemolsedijk,2023-06-19,01:00:00,1,1,0,FMN GV 18 Kasterlee
84,Oudemolsedijk,2023-06-19,02:00:00,0,0,0,FMN GV 18 Kasterlee
84,Oudemolsedijk,2023-06-19,03:00:00,1,1,0,FMN GV 18 Kasterlee
84,Oudemolsedijk,2023-06-19,04:00:00,2,2,0,FMN GV 18 Kasterlee
84,Oudemolsedijk,2023-06-19,05:00:00,9,8,1,FMN GV 18 Kasterlee
84,Oudemolsedijk,2023-06-19,06:00:00,20,8,12,FMN GV 18 Kasterlee
84,Oudemolsedijk,2023-06-19,07:00:00,53,31,22,FMN GV 18 Kasterlee
84,Oudemolsedijk,2023-06-19,08:00:00,36,20,16,FMN GV 18 Kasterlee
84,Oudemolsedijk,2023-06-19,09:00:00,17,5,12,FMN GV 18 Kasterlee
84,Oudemolsedijk,2023-06-19,10:00:00,11,9,2,FMN GV 18 Kasterlee
84,Oudemolsedijk,2023-06-19,11:00:00,28,12,16,FMN GV 18 Kasterlee
84,Oudemolsedijk,2023-06-19,12:00:00,18,9,9,FMN GV 18 Kasterlee
84,Oudemolsedijk,2023-06-19,13:00:00,45,28,17,FMN GV 18 Kasterlee
84,Oudemolsedijk,2023-06-19,14:00:00,102,52,50,FMN GV 18 Kasterlee
84,Oudemolsedijk,2023-06-19,15:00:00,70,38,32,FMN GV 18 Kasterlee
84,Oudemolsedijk,2023-06-19,16:00:00,140,81,59,FMN GV 18 Kasterlee
84,Oudemolsedijk,2023-06-19,17:00:00,63,19,44,FMN GV 18 Kasterlee
84,Oudemolsedijk,2023-06-19,18:00:00,41,19,22,FMN GV 18 Kasterlee
84,Oudemolsedijk,2023-06-19,19:00:00,33,18,15,FMN GV 18 Kasterlee
84,Oudemolsedijk,2023-06-19,20:00:00,46,22,24,FMN GV 18 Kasterlee
84,Oudemolsedijk,2023-06-19,21:00:00,12,5,7,FMN GV 18 Kasterlee
84,Oudemolsedijk,2023-06-19,22:00:00,11,1,10,FMN GV 18 Kasterlee
84,Oudemolsedijk,2023-06-19,23:00:00,0,0,0,FMN GV 18 Kasterlee
84,Oudemolsedijk,2023-06-20,00:00:00,3,1,2,FMN GV 18 Kasterlee
84,Oudemolsedijk,2023-06-20,01:00:00,0,0,0,FMN GV 18 Kasterlee
84,Oudemolsedijk,2023-06-20,02:00:00,0,0,0,FMN GV 18 Kasterlee
84,Oudemolsedijk,2023-06-20,03:00:00,1,1,0,FMN GV 18 Kasterlee
84,Oudemolsedijk,2023-06-20,04:00:00,1,1,0,FMN GV 18 Kasterlee
84,Oudemolsedijk,2023-06-20,05:00:00,7,7,0,FMN GV 18 Kasterlee
84,Oudemolsedijk,2023-06-20,06:00:00,24,9,15,FMN GV 18 Kasterlee
84,Oudemolsedijk,2023-06-20,07:00:00,32,16,16,FMN GV 18 Kasterlee
84,Oudemolsedijk,2023-06-20,08:00:00,25,13,12,FMN GV 18 Kasterlee
84,Oudemolsedijk,2023-06-20,09:00:00,34,16,18,FMN GV 18 Kasterlee
84,Oudemolsedijk,2023-06-20,10:00:00,49,33,16,FMN GV 18 Kasterlee
84,Oudemolsedijk,2023-06-20,11:00:00,43,17,26,FMN GV 18 Kasterlee
84,Oudemolsedijk,2023-06-20,12:00:00,25,14,11,FMN GV 18 Kasterlee
84,Oudemolsedijk,2023-06-20,13:00:00,51,22,29,FMN GV 18 Kasterlee
84,Oudemolsedijk,2023-06-20,14:00:00,57,31,26,FMN GV 18 Kasterlee
84,Oudemolsedijk,2023-06-20,15:00:00,58,31,27,FMN GV 18 Kasterlee
84,Oudemolsedijk,2023-06-20,16:00:00,47,23,24,FMN GV 18 Kasterlee
84,Oudemolsedijk,2023-06-20,17:00:00,23,10,13,FMN GV 18 Kasterlee
84,Oudemolsedijk,2023-06-20,18:00:00,8,5,3,FMN GV 18 Kasterlee
84,Oudemolsedijk,2023-06-20,19:00:00,9,7,2,FMN GV 18 Kasterlee
84,Oudemolsedijk,2023-06-20,20:00:00,7,3,4,FMN GV 18 Kasterlee
84,Oudemolsedijk,2023-06-20,21:00:00,1,0,1,FMN GV 18 Kasterlee
84,Oudemolsedijk,2023-06-20,22:00:00,3,1,2,FMN GV 18 Kasterlee
84,Oudemolsedijk,2023-06-20,23:00:00,0,0,0,FMN GV 18 Kasterlee
84,Oudemolsedijk,2023-06-21,00:00:00,0,0,0,FMN GV 18 Kasterlee
84,Oudemolsedijk,2023-06-21,01:00:00,2,0,2,FMN GV 18 Kasterlee
84,Oudemolsedijk,2023-06-21,02:00:00,1,0,1,FMN GV 18 Kasterlee
84,Oudemolsedijk,2023-06-21,03:00:00,0,0,0,FMN GV 18 Kasterlee
84,Oudemolsedijk,2023-06-21,04:00:00,2,2,0,FMN GV 18 Kasterlee
84,Oudemolsedijk,2023-06-21,05:00:00,7,7,0,FMN GV 18 Kasterlee
84,Oudemolsedijk,2023-06-21,06:00:00,20,9,11,FMN GV 18 Kasterlee
84,Oudemolsedijk,2023-06-21,07:00:00,48,25,23,FMN GV 18 Kasterlee
84,Oudemolsedijk,2023-06-21,08:00:00,25,13,12,FMN GV 18 Kasterlee
84,Oudemolsedijk,2023-06-21,09:00:00,25,15,10,FMN GV 18 Kasterlee
84,Oudemolsedijk,2023-06-21,10:00:00,40,21,19,FMN GV 18 Kasterlee
84,Oudemolsedijk,2023-06-21,11:00:00,33,19,14,FMN GV 18 Kasterlee
84,Oudemolsedijk,2023-06-21,12:00:00,29,17,12,FMN GV 18 Kasterlee
84,Oudemolsedijk,2023-06-21,13:00:00,60,34,26,FMN GV 18 Kasterlee
84,Oudemolsedijk,2023-06-21,14:00:00,76,43,33,FMN GV 18 Kasterlee
84,Oudemolsedijk,2023-06-21,15:00:00,91,43,48,FMN GV 18 Kasterlee
84,Oudemolsedijk,2023-06-21,16:00:00,72,35,37,FMN GV 18 Kasterlee
84,Oudemolsedijk,2023-06-21,17:00:00,80,45,35,FMN GV 18 Kasterlee
84,Oudemolsedijk,2023-06-21,18:00:00,61,41,20,FMN GV 18 Kasterlee
84,Oudemolsedijk,2023-06-21,19:00:00,80,49,31,FMN GV 18 Kasterlee
84,Oudemolsedijk,2023-06-21,20:00:00,70,40,30,FMN GV 18 Kasterlee
84,Oudemolsedijk,2023-06-21,21:00:00,47,33,14,FMN GV 18 Kasterlee
84,Oudemolsedijk,2023-06-21,22:00:00,14,3,11,FMN GV 18 Kasterlee
84,Oudemolsedijk,2023-06-21,23:00:00,1,0,1,FMN GV 18 Kasterlee
84,Oudemolsedijk,2023-06-22,00:00:00,0,0,0,FMN GV 18 Kasterlee
84,Oudemolsedijk,2023-06-22,01:00:00,1,0,1,FMN GV 18 Kasterlee
84,Oudemolsedijk,2023-06-22,02:00:00,1,0,1,FMN GV 18 Kasterlee
84,Oudemolsedijk,2023-06-22,03:00:00,0,0,0,FMN GV 18 Kasterlee
84,Oudemolsedijk,2023-06-22,04:00:00,1,1,0,FMN GV 18 Kasterlee
84,Oudemolsedijk,2023-06-22,05:00:00,3,3,0,FMN GV 18 Kasterlee
84,Oudemolsedijk,2023-06-22,06:00:00,20,6,14,FMN GV 18 Kasterlee
84,Oudemolsedijk,2023-06-22,07:00:00,26,15,11,FMN GV 18 Kasterlee
84,Oudemolsedijk,2023-06-22,08:00:00,66,10,56,FMN GV 18 Kasterlee
84,Oudemolsedijk,2023-06-22,09:00:00,9,1,8,FMN GV 18 Kasterlee
84,Oudemolsedijk,2023-06-22,10:00:00,10,6,4,FMN GV 18 Kasterlee
84,Oudemolsedijk,2023-06-22,11:00:00,19,3,16,FMN GV 18 Kasterlee
84,Oudemolsedijk,2023-06-22,12:00:00,8,1,7,FMN GV 18 Kasterlee
84,Oudemolsedijk,2023-06-22,13:00:00,36,21,15,FMN GV 18 Kasterlee
84,Oudemolsedijk,2023-06-22,14:00:00,4,0,4,FMN GV 18 Kasterlee
84,Oudemolsedijk,2023-06-22,15:00:00,54,50,4,FMN GV 18 Kasterlee
84,Oudemolsedijk,2023-06-22,16:00:00,28,19,9,FMN GV 18 Kasterlee
84,Oudemolsedijk,2023-06-22,17:00:00,9,3,6,FMN GV 18 Kasterlee
84,Oudemolsedijk,2023-06-22,18:00:00,4,2,2,FMN GV 18 Kasterlee
84,Oudemolsedijk,2023-06-22,19:00:00,2,2,0,FMN GV 18 Kasterlee
84,Oudemolsedijk,2023-06-22,20:00:00,3,1,2,FMN GV 18 Kasterlee
84,Oudemolsedijk,2023-06-22,21:00:00,1,1,0,FMN GV 18 Kasterlee
84,Oudemolsedijk,2023-06-22,22:00:00,1,1,0,FMN GV 18 Kasterlee
84,Oudemolsedijk,2023-06-22,23:00:00,0,0,0,FMN GV 18 Kasterlee
84,Oudemolsedijk,2023-06-23,00:00:00,0,0,0,FMN GV 18 Kasterlee
84,Oudemolsedijk,2023-06-23,01:00:00,0,0,0,FMN GV 18 Kasterlee
84,Oudemolsedijk,2023-06-23,02:00:00,0,0,0,FMN GV 18 Kasterlee
84,Oudemolsedijk,2023-06-23,03:00:00,1,1,0,FMN GV 18 Kasterlee
84,Oudemolsedijk,2023-06-23,04:00:00,1,1,0,FMN GV 18 Kasterlee
84,Oudemolsedijk,2023-06-23,05:00:00,8,7,1,FMN GV 18 Kasterlee
84,Oudemolsedijk,2023-06-23,06:00:00,12,6,6,FMN GV 18 Kasterlee
84,Oudemolsedijk,2023-06-23,07:00:00,38,21,17,FMN GV 18 Kasterlee
84,Oudemolsedijk,2023-06-23,08:00:00,30,20,10,FMN GV 18 Kasterlee
84,Oudemolsedijk,2023-06-23,09:00:00,18,9,9,FMN GV 18 Kasterlee
84,Oudemolsedijk,2023-06-23,10:00:00,36,16,20,FMN GV 18 Kasterlee
84,Oudemolsedijk,2023-06-23,11:00:00,45,20,25,FMN GV 18 Kasterlee
84,Oudemolsedijk,2023-06-23,12:00:00,46,23,23,FMN GV 18 Kasterlee
84,Oudemolsedijk,2023-06-23,13:00:00,60,14,46,FMN GV 18 Kasterlee
84,Oudemolsedijk,2023-06-23,14:00:00,116,58,58,FMN GV 18 Kasterlee
84,Oudemolsedijk,2023-06-23,15:00:00,69,29,40,FMN GV 18 Kasterlee
84,Oudemolsedijk,2023-06-23,16:00:00,59,35,24,FMN GV 18 Kasterlee
84,Oudemolsedijk,2023-06-23,17:00:00,54,32,22,FMN GV 18 Kasterlee
84,Oudemolsedijk,2023-06-23,18:00:00,36,13,23,FMN GV 18 Kasterlee
84,Oudemolsedijk,2023-06-23,19:00:00,39,24,15,FMN GV 18 Kasterlee
84,Oudemolsedijk,2023-06-23,20:00:00,14,9,5,FMN GV 18 Kasterlee
84,Oudemolsedijk,2023-06-23,21:00:00,10,9,1,FMN GV 18 Kasterlee
84,Oudemolsedijk,2023-06-23,22:00:00,11,1,10,FMN GV 18 Kasterlee
84,Oudemolsedijk,2023-06-23,23:00:00,6,2,4,FMN GV 18 Kasterlee
84,Oudemolsedijk,2023-06-24,00:00:00,2,1,1,FMN GV 18 Kasterlee
84,Oudemolsedijk,2023-06-24,01:00:00,1,0,1,FMN GV 18 Kasterlee
84,Oudemolsedijk,2023-06-24,02:00:00,2,0,2,FMN GV 18 Kasterlee
84,Oudemolsedijk,2023-06-24,03:00:00,1,1,0,FMN GV 18 Kasterlee
84,Oudemolsedijk,2023-06-24,04:00:00,3,2,1,FMN GV 18 Kasterlee
84,Oudemolsedijk,2023-06-24,05:00:00,1,1,0,FMN GV 18 Kasterlee
84,Oudemolsedijk,2023-06-24,06:00:00,2,0,2,FMN GV 18 Kasterlee
84,Oudemolsedijk,2023-06-24,07:00:00,10,4,6,FMN GV 18 Kasterlee
84,Oudemolsedijk,2023-06-24,08:00:00,14,4,10,FMN GV 18 Kasterlee
84,Oudemolsedijk,2023-06-24,09:00:00,24,9,15,FMN GV 18 Kasterlee
84,Oudemolsedijk,2023-06-24,10:00:00,85,45,40,FMN GV 18 Kasterlee
84,Oudemolsedijk,2023-06-24,11:00:00,71,53,18,FMN GV 18 Kasterlee
84,Oudemolsedijk,2023-06-24,12:00:00,62,39,23,FMN GV 18 Kasterlee
84,Oudemolsedijk,2023-06-24,13:00:00,96,47,49,FMN GV 18 Kasterlee
84,Oudemolsedijk,2023-06-24,14:00:00,121,71,50,FMN GV 18 Kasterlee
84,Oudemolsedijk,2023-06-24,15:00:00,63,24,39,FMN GV 18 Kasterlee
84,Oudemolsedijk,2023-06-24,16:00:00,81,57,24,FMN GV 18 Kasterlee
84,Oudemolsedijk,2023-06-24,17:00:00,68,35,33,FMN GV 18 Kasterlee
84,Oudemolsedijk,2023-06-24,18:00:00,48,29,19,FMN GV 18 Kasterlee
84,Oudemolsedijk,2023-06-24,19:00:00,32,12,20,FMN GV 18 Kasterlee
84,Oudemolsedijk,2023-06-24,20:00:00,22,13,9,FMN GV 18 Kasterlee
84,Oudemolsedijk,2023-06-24,21:00:00,19,18,1,FMN GV 18 Kasterlee
84,Oudemolsedijk,2023-06-24,22:00:00,12,1,11,FMN GV 18 Kasterlee
84,Oudemolsedijk,2023-06-24,23:00:00,10,1,9,FMN GV 18 Kasterlee
84,Oudemolsedijk,2023-06-25,00:00:00,1,0,1,FMN GV 18 Kasterlee
84,Oudemolsedijk,2023-06-25,01:00:00,0,0,0,FMN GV 18 Kasterlee
84,Oudemolsedijk,2023-06-25,02:00:00,0,0,0,FMN GV 18 Kasterlee
84,Oudemolsedijk,2023-06-25,03:00:00,0,0,0,FMN GV 18 Kasterlee
84,Oudemolsedijk,2023-06-25,04:00:00,1,1,0,FMN GV 18 Kasterlee
84,Oudemolsedijk,2023-06-25,05:00:00,0,0,0,FMN GV 18 Kasterlee
84,Oudemolsedijk,2023-06-25,06:00:00,3,1,2,FMN GV 18 Kasterlee
84,Oudemolsedijk,2023-06-25,07:00:00,17,5,12,FMN GV 18 Kasterlee
84,Oudemolsedijk,2023-06-25,08:00:00,151,106,45,FMN GV 18 Kasterlee
84,Oudemolsedijk,2023-06-25,09:00:00,317,191,126,FMN GV 18 Kasterlee
84,Oudemolsedijk,2023-06-25,10:00:00,238,120,118,FMN GV 18 Kasterlee
84,Oudemolsedijk,2023-06-25,11:00:00,170,104,66,FMN GV 18 Kasterlee
84,Oudemolsedijk,2023-06-25,12:00:00,110,68,42,FMN GV 18 Kasterlee
84,Oudemolsedijk,2023-06-25,13:00:00,126,48,78,FMN GV 18 Kasterlee
84,Oudemolsedijk,2023-06-25,14:00:00,71,36,35,FMN GV 18 Kasterlee
84,Oudemolsedijk,2023-06-25,15:00:00,67,41,26,FMN GV 18 Kasterlee
84,Oudemolsedijk,2023-06-25,16:00:00,68,52,16,FMN GV 18 Kasterlee
84,Oudemolsedijk,2023-06-25,17:00:00,44,13,31,FMN GV 18 Kasterlee
84,Oudemolsedijk,2023-06-25,18:00:00,36,14,22,FMN GV 18 Kasterlee
84,Oudemolsedijk,2023-06-25,19:00:00,29,15,14,FMN GV 18 Kasterlee
84,Oudemolsedijk,2023-06-25,20:00:00,25,13,12,FMN GV 18 Kasterlee
84,Oudemolsedijk,2023-06-25,21:00:00,13,1,12,FMN GV 18 Kasterlee
84,Oudemolsedijk,2023-06-25,22:00:00,10,4,6,FMN GV 18 Kasterlee
84,Oudemolsedijk,2023-06-25,23:00:00,0,0,0,FMN GV 18 Kasterlee
84,Oudemolsedijk,2023-06-26,00:00:00,1,0,1,FMN GV 18 Kasterlee
84,Oudemolsedijk,2023-06-26,01:00:00,0,0,0,FMN GV 18 Kasterlee
84,Oudemolsedijk,2023-06-26,02:00:00,2,0,2,FMN GV 18 Kasterlee
84,Oudemolsedijk,2023-06-26,03:00:00,0,0,0,FMN GV 18 Kasterlee
84,Oudemolsedijk,2023-06-26,04:00:00,5,5,0,FMN GV 18 Kasterlee
84,Oudemolsedijk,2023-06-26,05:00:00,6,5,1,FMN GV 18 Kasterlee
84,Oudemolsedijk,2023-06-26,06:00:00,30,12,18,FMN GV 18 Kasterlee
84,Oudemolsedijk,2023-06-26,07:00:00,40,18,22,FMN GV 18 Kasterlee
84,Oudemolsedijk,2023-06-26,08:00:00,39,26,13,FMN GV 18 Kasterlee
84,Oudemolsedijk,2023-06-26,09:00:00,25,12,13,FMN GV 18 Kasterlee
84,Oudemolsedijk,2023-06-26,10:00:00,26,18,8,FMN GV 18 Kasterlee
84,Oudemolsedijk,2023-06-26,11:00:00,27,15,12,FMN GV 18 Kasterlee
84,Oudemolsedijk,2023-06-26,12:00:00,43,26,17,FMN GV 18 Kasterlee
84,Oudemolsedijk,2023-06-26,13:00:00,81,43,38,FMN GV 18 Kasterlee
84,Oudemolsedijk,2023-06-26,14:00:00,60,30,30,FMN GV 18 Kasterlee
84,Oudemolsedijk,2023-06-26,15:00:00,70,40,30,FMN GV 18 Kasterlee
84,Oudemolsedijk,2023-06-26,16:00:00,98,57,41,FMN GV 18 Kasterlee
84,Oudemolsedijk,2023-06-26,17:00:00,62,29,33,FMN GV 18 Kasterlee
84,Oudemolsedijk,2023-06-26,18:00:00,25,14,11,FMN GV 18 Kasterlee
84,Oudemolsedijk,2023-06-26,19:00:00,38,27,11,FMN GV 18 Kasterlee
84,Oudemolsedijk,2023-06-26,20:00:00,15,7,8,FMN GV 18 Kasterlee
84,Oudemolsedijk,2023-06-26,21:00:00,20,10,10,FMN GV 18 Kasterlee
84,Oudemolsedijk,2023-06-26,22:00:00,5,1,4,FMN GV 18 Kasterlee
84,Oudemolsedijk,2023-06-26,23:00:00,1,0,1,FMN GV 18 Kasterlee
84,Oudemolsedijk,2023-06-27,00:00:00,0,0,0,FMN GV 18 Kasterlee
84,Oudemolsedijk,2023-06-27,01:00:00,0,0,0,FMN GV 18 Kasterlee
84,Oudemolsedijk,2023-06-27,02:00:00,0,0,0,FMN GV 18 Kasterlee
84,Oudemolsedijk,2023-06-27,03:00:00,0,0,0,FMN GV 18 Kasterlee
84,Oudemolsedijk,2023-06-27,04:00:00,2,2,0,FMN GV 18 Kasterlee
84,Oudemolsedijk,2023-06-27,05:00:00,8,7,1,FMN GV 18 Kasterlee
84,Oudemolsedijk,2023-06-27,06:00:00,24,11,13,FMN GV 18 Kasterlee
84,Oudemolsedijk,2023-06-27,07:00:00,45,21,24,FMN GV 18 Kasterlee
84,Oudemolsedijk,2023-06-27,08:00:00,30,19,11,FMN GV 18 Kasterlee
84,Oudemolsedijk,2023-06-27,09:00:00,32,15,17,FMN GV 18 Kasterlee
84,Oudemolsedijk,2023-06-27,10:00:00,87,60,27,FMN GV 18 Kasterlee
84,Oudemolsedijk,2023-06-27,11:00:00,28,16,12,FMN GV 18 Kasterlee
84,Oudemolsedijk,2023-06-27,12:00:00,36,21,15,FMN GV 18 Kasterlee
84,Oudemolsedijk,2023-06-27,13:00:00,116,34,82,FMN GV 18 Kasterlee
84,Oudemolsedijk,2023-06-27,14:00:00,88,55,33,FMN GV 18 Kasterlee
84,Oudemolsedijk,2023-06-27,15:00:00,62,43,19,FMN GV 18 Kasterlee
84,Oudemolsedijk,2023-06-27,16:00:00,138,73,65,FMN GV 18 Kasterlee
84,Oudemolsedijk,2023-06-27,17:00:00,54,30,24,FMN GV 18 Kasterlee
84,Oudemolsedijk,2023-06-27,18:00:00,52,20,32,FMN GV 18 Kasterlee
84,Oudemolsedijk,2023-06-27,19:00:00,70,49,21,FMN GV 18 Kasterlee
84,Oudemolsedijk,2023-06-27,20:00:00,38,12,26,FMN GV 18 Kasterlee
84,Oudemolsedijk,2023-06-27,21:00:00,25,14,11,FMN GV 18 Kasterlee
84,Oudemolsedijk,2023-06-27,22:00:00,9,3,6,FMN GV 18 Kasterlee
84,Oudemolsedijk,2023-06-27,23:00:00,1,0,1,FMN GV 18 Kasterlee
84,Oudemolsedijk,2023-06-28,00:00:00,0,0,0,FMN GV 18 Kasterlee
84,Oudemolsedijk,2023-06-28,01:00:00,0,0,0,FMN GV 18 Kasterlee
84,Oudemolsedijk,2023-06-28,02:00:00,1,0,1,FMN GV 18 Kasterlee
84,Oudemolsedijk,2023-06-28,03:00:00,0,0,0,FMN GV 18 Kasterlee
84,Oudemolsedijk,2023-06-28,04:00:00,2,2,0,FMN GV 18 Kasterlee
84,Oudemolsedijk,2023-06-28,05:00:00,5,5,0,FMN GV 18 Kasterlee
84,Oudemolsedijk,2023-06-28,06:00:00,15,5,10,FMN GV 18 Kasterlee
84,Oudemolsedijk,2023-06-28,07:00:00,37,19,18,FMN GV 18 Kasterlee
84,Oudemolsedijk,2023-06-28,08:00:00,20,14,6,FMN GV 18 Kasterlee
84,Oudemolsedijk,2023-06-28,09:00:00,30,15,15,FMN GV 18 Kasterlee
84,Oudemolsedijk,2023-06-28,10:00:00,29,8,21,FMN GV 18 Kasterlee
84,Oudemolsedijk,2023-06-28,11:00:00,22,14,8,FMN GV 18 Kasterlee
84,Oudemolsedijk,2023-06-28,12:00:00,42,20,22,FMN GV 18 Kasterlee
84,Oudemolsedijk,2023-06-28,13:00:00,34,21,13,FMN GV 18 Kasterlee
84,Oudemolsedijk,2023-06-28,14:00:00,85,47,38,FMN GV 18 Kasterlee
84,Oudemolsedijk,2023-06-28,15:00:00,77,40,37,FMN GV 18 Kasterlee
84,Oudemolsedijk,2023-06-28,16:00:00,86,33,53,FMN GV 18 Kasterlee
84,Oudemolsedijk,2023-06-28,17:00:00,38,19,19,FMN GV 18 Kasterlee
84,Oudemolsedijk,2023-06-28,18:00:00,46,19,27,FMN GV 18 Kasterlee
84,Oudemolsedijk,2023-06-28,19:00:00,21,16,5,FMN GV 18 Kasterlee
84,Oudemolsedijk,2023-06-28,20:00:00,35,17,18,FMN GV 18 Kasterlee
84,Oudemolsedijk,2023-06-28,21:00:00,7,2,5,FMN GV 18 Kasterlee
84,Oudemolsedijk,2023-06-28,22:00:00,17,7,10,FMN GV 18 Kasterlee
84,Oudemolsedijk,2023-06-28,23:00:00,0,0,0,FMN GV 18 Kasterlee
84,Oudemolsedijk,2023-06-29,00:00:00,1,1,0,FMN GV 18 Kasterlee
84,Oudemolsedijk,2023-06-29,01:00:00,0,0,0,FMN GV 18 Kasterlee
84,Oudemolsedijk,2023-06-29,02:00:00,1,0,1,FMN GV 18 Kasterlee
84,Oudemolsedijk,2023-06-29,03:00:00,0,0,0,FMN GV 18 Kasterlee
84,Oudemolsedijk,2023-06-29,04:00:00,3,3,0,FMN GV 18 Kasterlee
84,Oudemolsedijk,2023-06-29,05:00:00,2,2,0,FMN GV 18 Kasterlee
84,Oudemolsedijk,2023-06-29,06:00:00,14,6,8,FMN GV 18 Kasterlee
84,Oudemolsedijk,2023-06-29,07:00:00,31,18,13,FMN GV 18 Kasterlee
84,Oudemolsedijk,2023-06-29,08:00:00,34,18,16,FMN GV 18 Kasterlee
84,Oudemolsedijk,2023-06-29,09:00:00,18,8,10,FMN GV 18 Kasterlee
84,Oudemolsedijk,2023-06-29,10:00:00,22,9,13,FMN GV 18 Kasterlee
84,Oudemolsedijk,2023-06-29,11:00:00,29,15,14,FMN GV 18 Kasterlee
84,Oudemolsedijk,2023-06-29,12:00:00,24,16,8,FMN GV 18 Kasterlee
84,Oudemolsedijk,2023-06-29,13:00:00,50,20,30,FMN GV 18 Kasterlee
84,Oudemolsedijk,2023-06-29,14:00:00,49,28,21,FMN GV 18 Kasterlee
84,Oudemolsedijk,2023-06-29,15:00:00,41,19,22,FMN GV 18 Kasterlee
84,Oudemolsedijk,2023-06-29,16:00:00,43,29,14,FMN GV 18 Kasterlee
84,Oudemolsedijk,2023-06-29,17:00:00,26,13,13,FMN GV 18 Kasterlee
84,Oudemolsedijk,2023-06-29,18:00:00,20,10,10,FMN GV 18 Kasterlee
84,Oudemolsedijk,2023-06-29,19:00:00,25,11,14,FMN GV 18 Kasterlee
84,Oudemolsedijk,2023-06-29,20:00:00,28,17,11,FMN GV 18 Kasterlee
84,Oudemolsedijk,2023-06-29,21:00:00,18,14,4,FMN GV 18 Kasterlee
84,Oudemolsedijk,2023-06-29,22:00:00,9,4,5,FMN GV 18 Kasterlee
84,Oudemolsedijk,2023-06-29,23:00:00,3,0,3,FMN GV 18 Kasterlee
84,Oudemolsedijk,2023-06-30,00:00:00,0,0,0,FMN GV 18 Kasterlee
84,Oudemolsedijk,2023-06-30,01:00:00,0,0,0,FMN GV 18 Kasterlee
84,Oudemolsedijk,2023-06-30,02:00:00,1,0,1,FMN GV 18 Kasterlee
84,Oudemolsedijk,2023-06-30,03:00:00,0,0,0,FMN GV 18 Kasterlee
84,Oudemolsedijk,2023-06-30,04:00:00,3,3,0,FMN GV 18 Kasterlee
84,Oudemolsedijk,2023-06-30,05:00:00,6,4,2,FMN GV 18 Kasterlee
84,Oudemolsedijk,2023-06-30,06:00:00,18,5,13,FMN GV 18 Kasterlee
84,Oudemolsedijk,2023-06-30,07:00:00,28,15,13,FMN GV 18 Kasterlee
84,Oudemolsedijk,2023-06-30,08:00:00,32,17,15,FMN GV 18 Kasterlee
84,Oudemolsedijk,2023-06-30,09:00:00,38,24,14,FMN GV 18 Kasterlee
84,Oudemolsedijk,2023-06-30,10:00:00,28,11,17,FMN GV 18 Kasterlee
84,Oudemolsedijk,2023-06-30,11:00:00,32,15,17,FMN GV 18 Kasterlee
84,Oudemolsedijk,2023-06-30,12:00:00,32,18,14,FMN GV 18 Kasterlee
84,Oudemolsedijk,2023-06-30,13:00:00,74,36,38,FMN GV 18 Kasterlee
84,Oudemolsedijk,2023-06-30,14:00:00,95,52,43,FMN GV 18 Kasterlee
84,Oudemolsedijk,2023-06-30,15:00:00,82,38,44,FMN GV 18 Kasterlee
84,Oudemolsedijk,2023-06-30,16:00:00,75,41,34,FMN GV 18 Kasterlee
84,Oudemolsedijk,2023-06-30,17:00:00,53,32,21,FMN GV 18 Kasterlee
84,Oudemolsedijk,2023-06-30,18:00:00,35,14,21,FMN GV 18 Kasterlee
84,Oudemolsedijk,2023-06-30,19:00:00,15,8,7,FMN GV 18 Kasterlee
84,Oudemolsedijk,2023-06-30,20:00:00,19,7,12,FMN GV 18 Kasterlee
84,Oudemolsedijk,2023-06-30,21:00:00,11,5,6,FMN GV 18 Kasterlee
84,Oudemolsedijk,2023-06-30,22:00:00,1,0,1,FMN GV 18 Kasterlee
84,Oudemolsedijk,2023-06-30,23:00:00,4,3,1,FMN GV 18 Kasterlee
84,Oudemolsedijk,2023-07-01,00:00:00,4,2,2,FMN GV 18 Kasterlee
84,Oudemolsedijk,2023-07-01,01:00:00,1,0,1,FMN GV 18 Kasterlee
84,Oudemolsedijk,2023-07-01,02:00:00,1,0,1,FMN GV 18 Kasterlee
84,Oudemolsedijk,2023-07-01,03:00:00,0,0,0,FMN GV 18 Kasterlee
84,Oudemolsedijk,2023-07-01,04:00:00,2,2,0,FMN GV 18 Kasterlee
84,Oudemolsedijk,2023-07-01,05:00:00,1,1,0,FMN GV 18 Kasterlee
84,Oudemolsedijk,2023-07-01,06:00:00,4,2,2,FMN GV 18 Kasterlee
84,Oudemolsedijk,2023-07-01,07:00:00,1,1,0,FMN GV 18 Kasterlee
84,Oudemolsedijk,2023-07-01,08:00:00,4,0,4,FMN GV 18 Kasterlee
84,Oudemolsedijk,2023-07-01,09:00:00,9,3,6,FMN GV 18 Kasterlee
84,Oudemolsedijk,2023-07-01,10:00:00,4,1,3,FMN GV 18 Kasterlee
84,Oudemolsedijk,2023-07-01,11:00:00,9,8,1,FMN GV 18 Kasterlee
84,Oudemolsedijk,2023-07-01,12:00:00,10,1,9,FMN GV 18 Kasterlee
84,Oudemolsedijk,2023-07-01,13:00:00,20,13,7,FMN GV 18 Kasterlee
84,Oudemolsedijk,2023-07-01,14:00:00,6,3,3,FMN GV 18 Kasterlee
84,Oudemolsedijk,2023-07-01,15:00:00,28,20,8,FMN GV 18 Kasterlee
84,Oudemolsedijk,2023-07-01,16:00:00,14,12,2,FMN GV 18 Kasterlee
84,Oudemolsedijk,2023-07-01,17:00:00,16,15,1,FMN GV 18 Kasterlee
84,Oudemolsedijk,2023-07-01,18:00:00,6,3,3,FMN GV 18 Kasterlee
84,Oudemolsedijk,2023-07-01,19:00:00,7,5,2,FMN GV 18 Kasterlee
84,Oudemolsedijk,2023-07-01,20:00:00,9,7,2,FMN GV 18 Kasterlee
84,Oudemolsedijk,2023-07-01,21:00:00,0,0,0,FMN GV 18 Kasterlee
84,Oudemolsedijk,2023-07-01,22:00:00,3,3,0,FMN GV 18 Kasterlee
84,Oudemolsedijk,2023-07-01,23:00:00,0,0,0,FMN GV 18 Kasterlee
84,Oudemolsedijk,2023-07-02,00:00:00,1,1,0,FMN GV 18 Kasterlee
84,Oudemolsedijk,2023-07-02,01:00:00,2,0,2,FMN GV 18 Kasterlee
84,Oudemolsedijk,2023-07-02,02:00:00,0,0,0,FMN GV 18 Kasterlee
84,Oudemolsedijk,2023-07-02,03:00:00,1,0,1,FMN GV 18 Kasterlee
84,Oudemolsedijk,2023-07-02,04:00:00,0,0,0,FMN GV 18 Kasterlee
84,Oudemolsedijk,2023-07-02,05:00:00,2,1,1,FMN GV 18 Kasterlee
84,Oudemolsedijk,2023-07-02,06:00:00,1,0,1,FMN GV 18 Kasterlee
84,Oudemolsedijk,2023-07-02,07:00:00,13,3,10,FMN GV 18 Kasterlee
84,Oudemolsedijk,2023-07-02,08:00:00,52,21,31,FMN GV 18 Kasterlee
84,Oudemolsedijk,2023-07-02,09:00:00,248,55,193,FMN GV 18 Kasterlee
84,Oudemolsedijk,2023-07-02,10:00:00,190,85,105,FMN GV 18 Kasterlee
84,Oudemolsedijk,2023-07-02,11:00:00,193,77,116,FMN GV 18 Kasterlee
84,Oudemolsedijk,2023-07-02,12:00:00,71,43,28,FMN GV 18 Kasterlee
84,Oudemolsedijk,2023-07-02,13:00:00,71,32,39,FMN GV 18 Kasterlee
84,Oudemolsedijk,2023-07-02,14:00:00,88,50,38,FMN GV 18 Kasterlee
84,Oudemolsedijk,2023-07-02,15:00:00,111,53,58,FMN GV 18 Kasterlee
84,Oudemolsedijk,2023-07-02,16:00:00,88,45,43,FMN GV 18 Kasterlee
84,Oudemolsedijk,2023-07-02,17:00:00,79,40,39,FMN GV 18 Kasterlee
84,Oudemolsedijk,2023-07-02,18:00:00,17,12,5,FMN GV 18 Kasterlee
84,Oudemolsedijk,2023-07-02,19:00:00,26,6,20,FMN GV 18 Kasterlee
84,Oudemolsedijk,2023-07-02,20:00:00,14,8,6,FMN GV 18 Kasterlee
84,Oudemolsedijk,2023-07-02,21:00:00,12,5,7,FMN GV 18 Kasterlee
84,Oudemolsedijk,2023-07-02,22:00:00,6,0,6,FMN GV 18 Kasterlee
84,Oudemolsedijk,2023-07-02,23:00:00,0,0,0,FMN GV 18 Kasterlee
84,Oudemolsedijk,2023-07-03,00:00:00,1,0,1,FMN GV 18 Kasterlee
84,Oudemolsedijk,2023-07-03,01:00:00,0,0,0,FMN GV 18 Kasterlee
84,Oudemolsedijk,2023-07-03,02:00:00,0,0,0,FMN GV 18 Kasterlee
84,Oudemolsedijk,2023-07-03,03:00:00,0,0,0,FMN GV 18 Kasterlee
84,Oudemolsedijk,2023-07-03,04:00:00,3,2,1,FMN GV 18 Kasterlee
84,Oudemolsedijk,2023-07-03,05:00:00,9,9,0,FMN GV 18 Kasterlee
84,Oudemolsedijk,2023-07-03,06:00:00,19,10,9,FMN GV 18 Kasterlee
84,Oudemolsedijk,2023-07-03,07:00:00,33,16,17,FMN GV 18 Kasterlee
84,Oudemolsedijk,2023-07-03,08:00:00,20,10,10,FMN GV 18 Kasterlee
84,Oudemolsedijk,2023-07-03,09:00:00,17,13,4,FMN GV 18 Kasterlee
84,Oudemolsedijk,2023-07-03,10:00:00,19,8,11,FMN GV 18 Kasterlee
84,Oudemolsedijk,2023-07-03,11:00:00,28,13,15,FMN GV 18 Kasterlee
84,Oudemolsedijk,2023-07-03,12:00:00,19,6,13,FMN GV 18 Kasterlee
84,Oudemolsedijk,2023-07-03,13:00:00,46,26,20,FMN GV 18 Kasterlee
84,Oudemolsedijk,2023-07-03,14:00:00,59,37,22,FMN GV 18 Kasterlee
84,Oudemolsedijk,2023-07-03,15:00:00,39,19,20,FMN GV 18 Kasterlee
84,Oudemolsedijk,2023-07-03,16:00:00,89,32,57,FMN GV 18 Kasterlee
84,Oudemolsedijk,2023-07-03,17:00:00,36,13,23,FMN GV 18 Kasterlee
84,Oudemolsedijk,2023-07-03,18:00:00,18,12,6,FMN GV 18 Kasterlee
84,Oudemolsedijk,2023-07-03,19:00:00,35,14,21,FMN GV 18 Kasterlee
84,Oudemolsedijk,2023-07-03,20:00:00,12,5,7,FMN GV 18 Kasterlee
84,Oudemolsedijk,2023-07-03,21:00:00,4,3,1,FMN GV 18 Kasterlee
84,Oudemolsedijk,2023-07-03,22:00:00,1,0,1,FMN GV 18 Kasterlee
84,Oudemolsedijk,2023-07-03,23:00:00,1,1,0,FMN GV 18 Kasterlee
84,Oudemolsedijk,2023-07-04,00:00:00,0,0,0,FMN GV 18 Kasterlee
84,Oudemolsedijk,2023-07-04,01:00:00,0,0,0,FMN GV 18 Kasterlee
84,Oudemolsedijk,2023-07-04,02:00:00,0,0,0,FMN GV 18 Kasterlee
84,Oudemolsedijk,2023-07-04,03:00:00,0,0,0,FMN GV 18 Kasterlee
84,Oudemolsedijk,2023-07-04,04:00:00,3,2,1,FMN GV 18 Kasterlee
84,Oudemolsedijk,2023-07-04,05:00:00,9,8,1,FMN GV 18 Kasterlee
84,Oudemolsedijk,2023-07-04,06:00:00,23,11,12,FMN GV 18 Kasterlee
84,Oudemolsedijk,2023-07-04,07:00:00,35,19,16,FMN GV 18 Kasterlee
84,Oudemolsedijk,2023-07-04,08:00:00,12,6,6,FMN GV 18 Kasterlee
84,Oudemolsedijk,2023-07-04,09:00:00,17,9,8,FMN GV 18 Kasterlee
84,Oudemolsedijk,2023-07-04,10:00:00,20,5,15,FMN GV 18 Kasterlee
84,Oudemolsedijk,2023-07-04,11:00:00,35,24,11,FMN GV 18 Kasterlee
84,Oudemolsedijk,2023-07-04,12:00:00,31,10,21,FMN GV 18 Kasterlee
84,Oudemolsedijk,2023-07-04,13:00:00,69,27,42,FMN GV 18 Kasterlee
84,Oudemolsedijk,2023-07-04,14:00:00,74,36,38,FMN GV 18 Kasterlee
84,Oudemolsedijk,2023-07-04,15:00:00,83,57,26,FMN GV 18 Kasterlee
84,Oudemolsedijk,2023-07-04,16:00:00,65,33,32,FMN GV 18 Kasterlee
84,Oudemolsedijk,2023-07-04,17:00:00,36,19,17,FMN GV 18 Kasterlee
84,Oudemolsedijk,2023-07-04,18:00:00,29,7,22,FMN GV 18 Kasterlee
84,Oudemolsedijk,2023-07-04,19:00:00,20,7,13,FMN GV 18 Kasterlee
84,Oudemolsedijk,2023-07-04,20:00:00,21,11,10,FMN GV 18 Kasterlee
84,Oudemolsedijk,2023-07-04,21:00:00,5,5,0,FMN GV 18 Kasterlee
84,Oudemolsedijk,2023-07-04,22:00:00,5,0,5,FMN GV 18 Kasterlee
84,Oudemolsedijk,2023-07-04,23:00:00,0,0,0,FMN GV 18 Kasterlee
84,Oudemolsedijk,2023-07-05,00:00:00,1,0,1,FMN GV 18 Kasterlee
84,Oudemolsedijk,2023-07-05,01:00:00,0,0,0,FMN GV 18 Kasterlee
84,Oudemolsedijk,2023-07-05,02:00:00,3,3,0,FMN GV 18 Kasterlee
84,Oudemolsedijk,2023-07-05,03:00:00,0,0,0,FMN GV 18 Kasterlee
84,Oudemolsedijk,2023-07-05,04:00:00,3,2,1,FMN GV 18 Kasterlee
84,Oudemolsedijk,2023-07-05,05:00:00,3,3,0,FMN GV 18 Kasterlee
84,Oudemolsedijk,2023-07-05,06:00:00,12,6,6,FMN GV 18 Kasterlee
84,Oudemolsedijk,2023-07-05,07:00:00,12,6,6,FMN GV 18 Kasterlee
84,Oudemolsedijk,2023-07-05,08:00:00,10,1,9,FMN GV 18 Kasterlee
84,Oudemolsedijk,2023-07-05,09:00:00,5,2,3,FMN GV 18 Kasterlee
84,Oudemolsedijk,2023-07-05,10:00:00,6,2,4,FMN GV 18 Kasterlee
84,Oudemolsedijk,2023-07-05,11:00:00,5,4,1,FMN GV 18 Kasterlee
84,Oudemolsedijk,2023-07-05,12:00:00,11,5,6,FMN GV 18 Kasterlee
84,Oudemolsedijk,2023-07-05,13:00:00,12,2,10,FMN GV 18 Kasterlee
84,Oudemolsedijk,2023-07-05,14:00:00,61,5,56,FMN GV 18 Kasterlee
84,Oudemolsedijk,2023-07-05,15:00:00,14,8,6,FMN GV 18 Kasterlee
84,Oudemolsedijk,2023-07-05,16:00:00,27,18,9,FMN GV 18 Kasterlee
84,Oudemolsedijk,2023-07-05,17:00:00,14,4,10,FMN GV 18 Kasterlee
84,Oudemolsedijk,2023-07-05,18:00:00,6,2,4,FMN GV 18 Kasterlee
84,Oudemolsedijk,2023-07-05,19:00:00,18,9,9,FMN GV 18 Kasterlee
84,Oudemolsedijk,2023-07-05,20:00:00,11,10,1,FMN GV 18 Kasterlee
84,Oudemolsedijk,2023-07-05,21:00:00,1,1,0,FMN GV 18 Kasterlee
84,Oudemolsedijk,2023-07-05,22:00:00,0,0,0,FMN GV 18 Kasterlee
84,Oudemolsedijk,2023-07-05,23:00:00,1,1,0,FMN GV 18 Kasterlee
84,Oudemolsedijk,2023-07-06,00:00:00,0,0,0,FMN GV 18 Kasterlee
84,Oudemolsedijk,2023-07-06,01:00:00,0,0,0,FMN GV 18 Kasterlee
84,Oudemolsedijk,2023-07-06,02:00:00,0,0,0,FMN GV 18 Kasterlee
84,Oudemolsedijk,2023-07-06,03:00:00,0,0,0,FMN GV 18 Kasterlee
84,Oudemolsedijk,2023-07-06,04:00:00,2,2,0,FMN GV 18 Kasterlee
84,Oudemolsedijk,2023-07-06,05:00:00,6,6,0,FMN GV 18 Kasterlee
84,Oudemolsedijk,2023-07-06,06:00:00,19,5,14,FMN GV 18 Kasterlee
84,Oudemolsedijk,2023-07-06,07:00:00,33,17,16,FMN GV 18 Kasterlee
84,Oudemolsedijk,2023-07-06,08:00:00,15,9,6,FMN GV 18 Kasterlee
84,Oudemolsedijk,2023-07-06,09:00:00,33,11,22,FMN GV 18 Kasterlee
84,Oudemolsedijk,2023-07-06,10:00:00,45,12,33,FMN GV 18 Kasterlee
84,Oudemolsedijk,2023-07-06,11:00:00,32,18,14,FMN GV 18 Kasterlee
84,Oudemolsedijk,2023-07-06,12:00:00,29,11,18,FMN GV 18 Kasterlee
84,Oudemolsedijk,2023-07-06,13:00:00,54,33,21,FMN GV 18 Kasterlee
84,Oudemolsedijk,2023-07-06,14:00:00,86,46,40,FMN GV 18 Kasterlee
84,Oudemolsedijk,2023-07-06,15:00:00,98,43,55,FMN GV 18 Kasterlee
84,Oudemolsedijk,2023-07-06,16:00:00,54,34,20,FMN GV 18 Kasterlee
84,Oudemolsedijk,2023-07-06,17:00:00,56,29,27,FMN GV 18 Kasterlee
84,Oudemolsedijk,2023-07-06,18:00:00,54,38,16,FMN GV 18 Kasterlee
84,Oudemolsedijk,2023-07-06,19:00:00,36,10,26,FMN GV 18 Kasterlee
84,Oudemolsedijk,2023-07-06,20:00:00,59,42,17,FMN GV 18 Kasterlee
84,Oudemolsedijk,2023-07-06,21:00:00,10,6,4,FMN GV 18 Kasterlee
84,Oudemolsedijk,2023-07-06,22:00:00,3,1,2,FMN GV 18 Kasterlee
84,Oudemolsedijk,2023-07-06,23:00:00,4,1,3,FMN GV 18 Kasterlee
84,Oudemolsedijk,2023-07-07,00:00:00,2,1,1,FMN GV 18 Kasterlee
84,Oudemolsedijk,2023-07-07,01:00:00,1,1,0,FMN GV 18 Kasterlee
84,Oudemolsedijk,2023-07-07,02:00:00,1,0,1,FMN GV 18 Kasterlee
84,Oudemolsedijk,2023-07-07,03:00:00,0,0,0,FMN GV 18 Kasterlee
84,Oudemolsedijk,2023-07-07,04:00:00,1,1,0,FMN GV 18 Kasterlee
84,Oudemolsedijk,2023-07-07,05:00:00,6,5,1,FMN GV 18 Kasterlee
84,Oudemolsedijk,2023-07-07,06:00:00,25,14,11,FMN GV 18 Kasterlee
84,Oudemolsedijk,2023-07-07,07:00:00,24,12,12,FMN GV 18 Kasterlee
84,Oudemolsedijk,2023-07-07,08:00:00,13,7,6,FMN GV 18 Kasterlee
84,Oudemolsedijk,2023-07-07,09:00:00,25,6,19,FMN GV 18 Kasterlee
84,Oudemolsedijk,2023-07-07,10:00:00,47,28,19,FMN GV 18 Kasterlee
84,Oudemolsedijk,2023-07-07,11:00:00,51,27,24,FMN GV 18 Kasterlee
84,Oudemolsedijk,2023-07-07,12:00:00,67,34,33,FMN GV 18 Kasterlee
84,Oudemolsedijk,2023-07-07,13:00:00,68,29,39,FMN GV 18 Kasterlee
84,Oudemolsedijk,2023-07-07,14:00:00,90,42,48,FMN GV 18 Kasterlee
84,Oudemolsedijk,2023-07-07,15:00:00,87,35,52,FMN GV 18 Kasterlee
84,Oudemolsedijk,2023-07-07,16:00:00,84,43,41,FMN GV 18 Kasterlee
84,Oudemolsedijk,2023-07-07,17:00:00,51,29,22,FMN GV 18 Kasterlee
84,Oudemolsedijk,2023-07-07,18:00:00,50,16,34,FMN GV 18 Kasterlee
84,Oudemolsedijk,2023-07-07,19:00:00,53,31,22,FMN GV 18 Kasterlee
84,Oudemolsedijk,2023-07-07,20:00:00,22,12,10,FMN GV 18 Kasterlee
84,Oudemolsedijk,2023-07-07,21:00:00,12,5,7,FMN GV 18 Kasterlee
84,Oudemolsedijk,2023-07-07,22:00:00,9,2,7,FMN GV 18 Kasterlee
84,Oudemolsedijk,2023-07-07,23:00:00,3,2,1,FMN GV 18 Kasterlee
84,Oudemolsedijk,2023-07-08,00:00:00,5,1,4,FMN GV 18 Kasterlee
84,Oudemolsedijk,2023-07-08,01:00:00,0,0,0,FMN GV 18 Kasterlee
84,Oudemolsedijk,2023-07-08,02:00:00,0,0,0,FMN GV 18 Kasterlee
84,Oudemolsedijk,2023-07-08,03:00:00,2,0,2,FMN GV 18 Kasterlee
84,Oudemolsedijk,2023-07-08,04:00:00,2,1,1,FMN GV 18 Kasterlee
84,Oudemolsedijk,2023-07-08,05:00:00,3,0,3,FMN GV 18 Kasterlee
84,Oudemolsedijk,2023-07-08,06:00:00,2,0,2,FMN GV 18 Kasterlee
84,Oudemolsedijk,2023-07-08,07:00:00,7,3,4,FMN GV 18 Kasterlee
84,Oudemolsedijk,2023-07-08,08:00:00,23,2,21,FMN GV 18 Kasterlee
84,Oudemolsedijk,2023-07-08,09:00:00,96,37,59,FMN GV 18 Kasterlee
84,Oudemolsedijk,2023-07-08,10:00:00,56,29,27,FMN GV 18 Kasterlee
84,Oudemolsedijk,2023-07-08,11:00:00,73,48,25,FMN GV 18 Kasterlee
84,Oudemolsedijk,2023-07-08,12:00:00,62,30,32,FMN GV 18 Kasterlee
84,Oudemolsedijk,2023-07-08,13:00:00,93,42,51,FMN GV 18 Kasterlee
84,Oudemolsedijk,2023-07-08,14:00:00,77,40,37,FMN GV 18 Kasterlee
84,Oudemolsedijk,2023-07-08,15:00:00,65,39,26,FMN GV 18 Kasterlee
84,Oudemolsedijk,2023-07-08,16:00:00,57,41,16,FMN GV 18 Kasterlee
84,Oudemolsedijk,2023-07-08,17:00:00,25,18,7,FMN GV 18 Kasterlee
84,Oudemolsedijk,2023-07-08,18:00:00,25,17,8,FMN GV 18 Kasterlee
84,Oudemolsedijk,2023-07-08,19:00:00,33,23,10,FMN GV 18 Kasterlee
84,Oudemolsedijk,2023-07-08,20:00:00,24,9,15,FMN GV 18 Kasterlee
84,Oudemolsedijk,2023-07-08,21:00:00,19,9,10,FMN GV 18 Kasterlee
84,Oudemolsedijk,2023-07-08,22:00:00,5,2,3,FMN GV 18 Kasterlee
84,Oudemolsedijk,2023-07-08,23:00:00,2,0,2,FMN GV 18 Kasterlee
84,Oudemolsedijk,2023-07-09,00:00:00,0,0,0,FMN GV 18 Kasterlee
84,Oudemolsedijk,2023-07-09,01:00:00,0,0,0,FMN GV 18 Kasterlee
84,Oudemolsedijk,2023-07-09,02:00:00,0,0,0,FMN GV 18 Kasterlee
84,Oudemolsedijk,2023-07-09,03:00:00,4,1,3,FMN GV 18 Kasterlee
84,Oudemolsedijk,2023-07-09,04:00:00,0,0,0,FMN GV 18 Kasterlee
84,Oudemolsedijk,2023-07-09,05:00:00,0,0,0,FMN GV 18 Kasterlee
84,Oudemolsedijk,2023-07-09,06:00:00,3,3,0,FMN GV 18 Kasterlee
84,Oudemolsedijk,2023-07-09,07:00:00,20,7,13,FMN GV 18 Kasterlee
84,Oudemolsedijk,2023-07-09,08:00:00,131,27,104,FMN GV 18 Kasterlee
84,Oudemolsedijk,2023-07-09,09:00:00,143,62,81,FMN GV 18 Kasterlee
84,Oudemolsedijk,2023-07-09,10:00:00,151,89,62,FMN GV 18 Kasterlee
84,Oudemolsedijk,2023-07-09,11:00:00,126,43,83,FMN GV 18 Kasterlee
84,Oudemolsedijk,2023-07-09,12:00:00,59,32,27,FMN GV 18 Kasterlee
84,Oudemolsedijk,2023-07-09,13:00:00,67,39,28,FMN GV 18 Kasterlee
84,Oudemolsedijk,2023-07-09,14:00:00,19,15,4,FMN GV 18 Kasterlee
84,Oudemolsedijk,2023-07-09,15:00:00,40,18,22,FMN GV 18 Kasterlee
84,Oudemolsedijk,2023-07-09,16:00:00,7,4,3,FMN GV 18 Kasterlee
84,Oudemolsedijk,2023-07-09,17:00:00,13,6,7,FMN GV 18 Kasterlee
84,Oudemolsedijk,2023-07-09,18:00:00,22,12,10,FMN GV 18 Kasterlee
84,Oudemolsedijk,2023-07-09,19:00:00,24,11,13,FMN GV 18 Kasterlee
84,Oudemolsedijk,2023-07-09,20:00:00,28,12,16,FMN GV 18 Kasterlee
84,Oudemolsedijk,2023-07-09,21:00:00,8,4,4,FMN GV 18 Kasterlee
84,Oudemolsedijk,2023-07-09,22:00:00,4,2,2,FMN GV 18 Kasterlee
84,Oudemolsedijk,2023-07-09,23:00:00,1,0,1,FMN GV 18 Kasterlee
84,Oudemolsedijk,2023-07-10,00:00:00,0,0,0,FMN GV 18 Kasterlee
84,Oudemolsedijk,2023-07-10,01:00:00,0,0,0,FMN GV 18 Kasterlee
84,Oudemolsedijk,2023-07-10,02:00:00,1,0,1,FMN GV 18 Kasterlee
84,Oudemolsedijk,2023-07-10,03:00:00,0,0,0,FMN GV 18 Kasterlee
84,Oudemolsedijk,2023-07-10,04:00:00,2,2,0,FMN GV 18 Kasterlee
84,Oudemolsedijk,2023-07-10,05:00:00,4,4,0,FMN GV 18 Kasterlee
84,Oudemolsedijk,2023-07-10,06:00:00,20,9,11,FMN GV 18 Kasterlee
84,Oudemolsedijk,2023-07-10,07:00:00,22,12,10,FMN GV 18 Kasterlee
84,Oudemolsedijk,2023-07-10,08:00:00,20,8,12,FMN GV 18 Kasterlee
84,Oudemolsedijk,2023-07-10,09:00:00,54,38,16,FMN GV 18 Kasterlee
84,Oudemolsedijk,2023-07-10,10:00:00,32,19,13,FMN GV 18 Kasterlee
84,Oudemolsedijk,2023-07-10,11:00:00,48,22,26,FMN GV 18 Kasterlee
84,Oudemolsedijk,2023-07-10,12:00:00,34,18,16,FMN GV 18 Kasterlee
84,Oudemolsedijk,2023-07-10,13:00:00,76,32,44,FMN GV 18 Kasterlee
84,Oudemolsedijk,2023-07-10,14:00:00,86,44,42,FMN GV 18 Kasterlee
84,Oudemolsedijk,2023-07-10,15:00:00,88,48,40,FMN GV 18 Kasterlee
84,Oudemolsedijk,2023-07-10,16:00:00,86,37,49,FMN GV 18 Kasterlee
84,Oudemolsedijk,2023-07-10,17:00:00,39,19,20,FMN GV 18 Kasterlee
84,Oudemolsedijk,2023-07-10,18:00:00,71,20,51,FMN GV 18 Kasterlee
84,Oudemolsedijk,2023-07-10,19:00:00,31,15,16,FMN GV 18 Kasterlee
84,Oudemolsedijk,2023-07-10,20:00:00,33,15,18,FMN GV 18 Kasterlee
84,Oudemolsedijk,2023-07-10,21:00:00,8,5,3,FMN GV 18 Kasterlee
84,Oudemolsedijk,2023-07-10,22:00:00,9,1,8,FMN GV 18 Kasterlee
84,Oudemolsedijk,2023-07-10,23:00:00,2,0,2,FMN GV 18 Kasterlee
84,Oudemolsedijk,2023-07-11,00:00:00,0,0,0,FMN GV 18 Kasterlee
84,Oudemolsedijk,2023-07-11,01:00:00,0,0,0,FMN GV 18 Kasterlee
84,Oudemolsedijk,2023-07-11,02:00:00,1,0,1,FMN GV 18 Kasterlee
84,Oudemolsedijk,2023-07-11,03:00:00,0,0,0,FMN GV 18 Kasterlee
84,Oudemolsedijk,2023-07-11,04:00:00,1,1,0,FMN GV 18 Kasterlee
84,Oudemolsedijk,2023-07-11,05:00:00,4,4,0,FMN GV 18 Kasterlee
84,Oudemolsedijk,2023-07-11,06:00:00,24,11,13,FMN GV 18 Kasterlee
84,Oudemolsedijk,2023-07-11,07:00:00,33,21,12,FMN GV 18 Kasterlee
84,Oudemolsedijk,2023-07-11,08:00:00,22,12,10,FMN GV 18 Kasterlee
84,Oudemolsedijk,2023-07-11,09:00:00,28,14,14,FMN GV 18 Kasterlee
84,Oudemolsedijk,2023-07-11,10:00:00,49,19,30,FMN GV 18 Kasterlee
84,Oudemolsedijk,2023-07-11,11:00:00,41,24,17,FMN GV 18 Kasterlee
84,Oudemolsedijk,2023-07-11,12:00:00,43,27,16,FMN GV 18 Kasterlee
84,Oudemolsedijk,2023-07-11,13:00:00,62,29,33,FMN GV 18 Kasterlee
84,Oudemolsedijk,2023-07-11,14:00:00,74,48,26,FMN GV 18 Kasterlee
84,Oudemolsedijk,2023-07-11,15:00:00,65,26,39,FMN GV 18 Kasterlee
84,Oudemolsedijk,2023-07-11,16:00:00,56,26,30,FMN GV 18 Kasterlee
84,Oudemolsedijk,2023-07-11,17:00:00,68,40,28,FMN GV 18 Kasterlee
84,Oudemolsedijk,2023-07-11,18:00:00,32,16,16,FMN GV 18 Kasterlee
84,Oudemolsedijk,2023-07-11,19:00:00,50,18,32,FMN GV 18 Kasterlee
84,Oudemolsedijk,2023-07-11,20:00:00,39,22,17,FMN GV 18 Kasterlee
84,Oudemolsedijk,2023-07-11,21:00:00,13,4,9,FMN GV 18 Kasterlee
84,Oudemolsedijk,2023-07-11,22:00:00,9,3,6,FMN GV 18 Kasterlee
84,Oudemolsedijk,2023-07-11,23:00:00,2,0,2,FMN GV 18 Kasterlee
84,Oudemolsedijk,2023-07-12,00:00:00,0,0,0,FMN GV 18 Kasterlee
84,Oudemolsedijk,2023-07-12,01:00:00,0,0,0,FMN GV 18 Kasterlee
84,Oudemolsedijk,2023-07-12,02:00:00,1,0,1,FMN GV 18 Kasterlee
84,Oudemolsedijk,2023-07-12,03:00:00,0,0,0,FMN GV 18 Kasterlee
84,Oudemolsedijk,2023-07-12,04:00:00,1,1,0,FMN GV 18 Kasterlee
84,Oudemolsedijk,2023-07-12,05:00:00,3,3,0,FMN GV 18 Kasterlee
84,Oudemolsedijk,2023-07-12,06:00:00,18,8,10,FMN GV 18 Kasterlee
84,Oudemolsedijk,2023-07-12,07:00:00,19,10,9,FMN GV 18 Kasterlee
84,Oudemolsedijk,2023-07-12,08:00:00,15,7,8,FMN GV 18 Kasterlee
84,Oudemolsedijk,2023-07-12,09:00:00,32,5,27,FMN GV 18 Kasterlee
84,Oudemolsedijk,2023-07-12,10:00:00,21,11,10,FMN GV 18 Kasterlee
84,Oudemolsedijk,2023-07-12,11:00:00,40,24,16,FMN GV 18 Kasterlee
84,Oudemolsedijk,2023-07-12,12:00:00,25,9,16,FMN GV 18 Kasterlee
84,Oudemolsedijk,2023-07-12,13:00:00,51,24,27,FMN GV 18 Kasterlee
84,Oudemolsedijk,2023-07-12,14:00:00,58,37,21,FMN GV 18 Kasterlee
84,Oudemolsedijk,2023-07-12,15:00:00,87,50,37,FMN GV 18 Kasterlee
84,Oudemolsedijk,2023-07-12,16:00:00,53,32,21,FMN GV 18 Kasterlee
84,Oudemolsedijk,2023-07-12,17:00:00,51,28,23,FMN GV 18 Kasterlee
84,Oudemolsedijk,2023-07-12,18:00:00,24,13,11,FMN GV 18 Kasterlee
84,Oudemolsedijk,2023-07-12,19:00:00,39,18,21,FMN GV 18 Kasterlee
84,Oudemolsedijk,2023-07-12,20:00:00,39,24,15,FMN GV 18 Kasterlee
84,Oudemolsedijk,2023-07-12,21:00:00,7,6,1,FMN GV 18 Kasterlee
84,Oudemolsedijk,2023-07-12,22:00:00,3,0,3,FMN GV 18 Kasterlee
84,Oudemolsedijk,2023-07-12,23:00:00,0,0,0,FMN GV 18 Kasterlee
84,Oudemolsedijk,2023-07-13,00:00:00,1,1,0,FMN GV 18 Kasterlee
84,Oudemolsedijk,2023-07-13,01:00:00,0,0,0,FMN GV 18 Kasterlee
84,Oudemolsedijk,2023-07-13,02:00:00,0,0,0,FMN GV 18 Kasterlee
84,Oudemolsedijk,2023-07-13,03:00:00,1,1,0,FMN GV 18 Kasterlee
84,Oudemolsedijk,2023-07-13,04:00:00,1,1,0,FMN GV 18 Kasterlee
84,Oudemolsedijk,2023-07-13,05:00:00,5,5,0,FMN GV 18 Kasterlee
84,Oudemolsedijk,2023-07-13,06:00:00,17,9,8,FMN GV 18 Kasterlee
84,Oudemolsedijk,2023-07-13,07:00:00,25,15,10,FMN GV 18 Kasterlee
84,Oudemolsedijk,2023-07-13,08:00:00,11,6,5,FMN GV 18 Kasterlee
84,Oudemolsedijk,2023-07-13,09:00:00,44,22,22,FMN GV 18 Kasterlee
84,Oudemolsedijk,2023-07-13,10:00:00,22,13,9,FMN GV 18 Kasterlee
84,Oudemolsedijk,2023-07-13,11:00:00,24,11,13,FMN GV 18 Kasterlee
84,Oudemolsedijk,2023-07-13,12:00:00,35,19,16,FMN GV 18 Kasterlee
84,Oudemolsedijk,2023-07-13,13:00:00,64,30,34,FMN GV 18 Kasterlee
84,Oudemolsedijk,2023-07-13,14:00:00,53,39,14,FMN GV 18 Kasterlee
84,Oudemolsedijk,2023-07-13,15:00:00,48,33,15,FMN GV 18 Kasterlee
84,Oudemolsedijk,2023-07-13,16:00:00,33,12,21,FMN GV 18 Kasterlee
84,Oudemolsedijk,2023-07-13,17:00:00,25,12,13,FMN GV 18 Kasterlee
84,Oudemolsedijk,2023-07-13,18:00:00,28,15,13,FMN GV 18 Kasterlee
84,Oudemolsedijk,2023-07-13,19:00:00,18,7,11,FMN GV 18 Kasterlee
84,Oudemolsedijk,2023-07-13,20:00:00,47,32,15,FMN GV 18 Kasterlee
84,Oudemolsedijk,2023-07-13,21:00:00,5,5,0,FMN GV 18 Kasterlee
84,Oudemolsedijk,2023-07-13,22:00:00,8,2,6,FMN GV 18 Kasterlee
84,Oudemolsedijk,2023-07-13,23:00:00,0,0,0,FMN GV 18 Kasterlee
84,Oudemolsedijk,2023-07-14,00:00:00,0,0,0,FMN GV 18 Kasterlee
84,Oudemolsedijk,2023-07-14,01:00:00,1,0,1,FMN GV 18 Kasterlee
84,Oudemolsedijk,2023-07-14,02:00:00,0,0,0,FMN GV 18 Kasterlee
84,Oudemolsedijk,2023-07-14,03:00:00,1,1,0,FMN GV 18 Kasterlee
84,Oudemolsedijk,2023-07-14,04:00:00,1,0,1,FMN GV 18 Kasterlee
84,Oudemolsedijk,2023-07-14,05:00:00,5,5,0,FMN GV 18 Kasterlee
84,Oudemolsedijk,2023-07-14,06:00:00,18,8,10,FMN GV 18 Kasterlee
84,Oudemolsedijk,2023-07-14,07:00:00,28,15,13,FMN GV 18 Kasterlee
84,Oudemolsedijk,2023-07-14,08:00:00,12,5,7,FMN GV 18 Kasterlee
84,Oudemolsedijk,2023-07-14,09:00:00,31,14,17,FMN GV 18 Kasterlee
84,Oudemolsedijk,2023-07-14,10:00:00,27,14,13,FMN GV 18 Kasterlee
84,Oudemolsedijk,2023-07-14,11:00:00,33,22,11,FMN GV 18 Kasterlee
84,Oudemolsedijk,2023-07-14,12:00:00,44,29,15,FMN GV 18 Kasterlee
84,Oudemolsedijk,2023-07-14,13:00:00,57,37,20,FMN GV 18 Kasterlee
84,Oudemolsedijk,2023-07-14,14:00:00,114,41,73,FMN GV 18 Kasterlee
84,Oudemolsedijk,2023-07-14,15:00:00,90,50,40,FMN GV 18 Kasterlee
84,Oudemolsedijk,2023-07-14,16:00:00,75,45,30,FMN GV 18 Kasterlee
84,Oudemolsedijk,2023-07-14,17:00:00,48,20,28,FMN GV 18 Kasterlee
84,Oudemolsedijk,2023-07-14,18:00:00,34,12,22,FMN GV 18 Kasterlee
84,Oudemolsedijk,2023-07-14,19:00:00,25,14,11,FMN GV 18 Kasterlee
84,Oudemolsedijk,2023-07-14,20:00:00,18,9,9,FMN GV 18 Kasterlee
84,Oudemolsedijk,2023-07-14,21:00:00,14,8,6,FMN GV 18 Kasterlee
84,Oudemolsedijk,2023-07-14,22:00:00,5,1,4,FMN GV 18 Kasterlee
84,Oudemolsedijk,2023-07-14,23:00:00,2,2,0,FMN GV 18 Kasterlee
84,Oudemolsedijk,2023-07-15,00:00:00,3,1,2,FMN GV 18 Kasterlee
84,Oudemolsedijk,2023-07-15,01:00:00,4,1,3,FMN GV 18 Kasterlee
84,Oudemolsedijk,2023-07-15,02:00:00,1,0,1,FMN GV 18 Kasterlee
84,Oudemolsedijk,2023-07-15,03:00:00,3,3,0,FMN GV 18 Kasterlee
84,Oudemolsedijk,2023-07-15,04:00:00,0,0,0,FMN GV 18 Kasterlee
84,Oudemolsedijk,2023-07-15,05:00:00,1,0,1,FMN GV 18 Kasterlee
84,Oudemolsedijk,2023-07-15,06:00:00,1,1,0,FMN GV 18 Kasterlee
84,Oudemolsedijk,2023-07-15,07:00:00,5,2,3,FMN GV 18 Kasterlee
84,Oudemolsedijk,2023-07-15,08:00:00,10,2,8,FMN GV 18 Kasterlee
84,Oudemolsedijk,2023-07-15,09:00:00,29,7,22,FMN GV 18 Kasterlee
84,Oudemolsedijk,2023-07-15,10:00:00,56,23,33,FMN GV 18 Kasterlee
84,Oudemolsedijk,2023-07-15,11:00:00,41,24,17,FMN GV 18 Kasterlee
84,Oudemolsedijk,2023-07-15,12:00:00,41,22,19,FMN GV 18 Kasterlee
84,Oudemolsedijk,2023-07-15,13:00:00,61,25,36,FMN GV 18 Kasterlee
84,Oudemolsedijk,2023-07-15,14:00:00,72,39,33,FMN GV 18 Kasterlee
84,Oudemolsedijk,2023-07-15,15:00:00,49,33,16,FMN GV 18 Kasterlee
84,Oudemolsedijk,2023-07-15,16:00:00,66,28,38,FMN GV 18 Kasterlee
84,Oudemolsedijk,2023-07-15,17:00:00,23,11,12,FMN GV 18 Kasterlee
84,Oudemolsedijk,2023-07-15,18:00:00,21,17,4,FMN GV 18 Kasterlee
84,Oudemolsedijk,2023-07-15,19:00:00,21,15,6,FMN GV 18 Kasterlee
84,Oudemolsedijk,2023-07-15,20:00:00,12,6,6,FMN GV 18 Kasterlee
84,Oudemolsedijk,2023-07-15,21:00:00,2,2,0,FMN GV 18 Kasterlee
84,Oudemolsedijk,2023-07-15,22:00:00,1,0,1,FMN GV 18 Kasterlee
84,Oudemolsedijk,2023-07-15,23:00:00,0,0,0,FMN GV 18 Kasterlee
84,Oudemolsedijk,2023-07-16,00:00:00,1,1,0,FMN GV 18 Kasterlee
84,Oudemolsedijk,2023-07-16,01:00:00,2,0,2,FMN GV 18 Kasterlee
84,Oudemolsedijk,2023-07-16,02:00:00,0,0,0,FMN GV 18 Kasterlee
84,Oudemolsedijk,2023-07-16,03:00:00,2,1,1,FMN GV 18 Kasterlee
84,Oudemolsedijk,2023-07-16,04:00:00,1,0,1,FMN GV 18 Kasterlee
84,Oudemolsedijk,2023-07-16,05:00:00,1,1,0,FMN GV 18 Kasterlee
84,Oudemolsedijk,2023-07-16,06:00:00,2,2,0,FMN GV 18 Kasterlee
84,Oudemolsedijk,2023-07-16,07:00:00,7,0,7,FMN GV 18 Kasterlee
84,Oudemolsedijk,2023-07-16,08:00:00,41,6,35,FMN GV 18 Kasterlee
84,Oudemolsedijk,2023-07-16,09:00:00,82,53,29,FMN GV 18 Kasterlee
84,Oudemolsedijk,2023-07-16,10:00:00,125,68,57,FMN GV 18 Kasterlee
84,Oudemolsedijk,2023-07-16,11:00:00,107,70,37,FMN GV 18 Kasterlee
84,Oudemolsedijk,2023-07-16,12:00:00,48,35,13,FMN GV 18 Kasterlee
84,Oudemolsedijk,2023-07-16,13:00:00,38,17,21,FMN GV 18 Kasterlee
84,Oudemolsedijk,2023-07-16,14:00:00,81,39,42,FMN GV 18 Kasterlee
84,Oudemolsedijk,2023-07-16,15:00:00,52,32,20,FMN GV 18 Kasterlee
84,Oudemolsedijk,2023-07-16,16:00:00,36,22,14,FMN GV 18 Kasterlee
84,Oudemolsedijk,2023-07-16,17:00:00,41,27,14,FMN GV 18 Kasterlee
84,Oudemolsedijk,2023-07-16,18:00:00,12,5,7,FMN GV 18 Kasterlee
84,Oudemolsedijk,2023-07-16,19:00:00,19,6,13,FMN GV 18 Kasterlee
84,Oudemolsedijk,2023-07-16,20:00:00,20,7,13,FMN GV 18 Kasterlee
84,Oudemolsedijk,2023-07-16,21:00:00,11,9,2,FMN GV 18 Kasterlee
84,Oudemolsedijk,2023-07-16,22:00:00,1,1,0,FMN GV 18 Kasterlee
84,Oudemolsedijk,2023-07-16,23:00:00,1,0,1,FMN GV 18 Kasterlee
84,Oudemolsedijk,2023-07-17,00:00:00,0,0,0,FMN GV 18 Kasterlee
84,Oudemolsedijk,2023-07-17,01:00:00,0,0,0,FMN GV 18 Kasterlee
84,Oudemolsedijk,2023-07-17,02:00:00,0,0,0,FMN GV 18 Kasterlee
84,Oudemolsedijk,2023-07-17,03:00:00,0,0,0,FMN GV 18 Kasterlee
84,Oudemolsedijk,2023-07-17,04:00:00,3,2,1,FMN GV 18 Kasterlee
84,Oudemolsedijk,2023-07-17,05:00:00,4,4,0,FMN GV 18 Kasterlee
84,Oudemolsedijk,2023-07-17,06:00:00,18,10,8,FMN GV 18 Kasterlee
84,Oudemolsedijk,2023-07-17,07:00:00,22,12,10,FMN GV 18 Kasterlee
84,Oudemolsedijk,2023-07-17,08:00:00,16,12,4,FMN GV 18 Kasterlee
84,Oudemolsedijk,2023-07-17,09:00:00,22,9,13,FMN GV 18 Kasterlee
84,Oudemolsedijk,2023-07-17,10:00:00,27,14,13,FMN GV 18 Kasterlee
84,Oudemolsedijk,2023-07-17,11:00:00,24,13,11,FMN GV 18 Kasterlee
84,Oudemolsedijk,2023-07-17,12:00:00,29,10,19,FMN GV 18 Kasterlee
84,Oudemolsedijk,2023-07-17,13:00:00,56,19,37,FMN GV 18 Kasterlee
84,Oudemolsedijk,2023-07-17,14:00:00,34,20,14,FMN GV 18 Kasterlee
84,Oudemolsedijk,2023-07-17,15:00:00,38,25,13,FMN GV 18 Kasterlee
84,Oudemolsedijk,2023-07-17,16:00:00,30,10,20,FMN GV 18 Kasterlee
84,Oudemolsedijk,2023-07-17,17:00:00,40,16,24,FMN GV 18 Kasterlee
84,Oudemolsedijk,2023-07-17,18:00:00,10,2,8,FMN GV 18 Kasterlee
84,Oudemolsedijk,2023-07-17,19:00:00,26,15,11,FMN GV 18 Kasterlee
84,Oudemolsedijk,2023-07-17,20:00:00,16,9,7,FMN GV 18 Kasterlee
84,Oudemolsedijk,2023-07-17,21:00:00,8,6,2,FMN GV 18 Kasterlee
84,Oudemolsedijk,2023-07-17,22:00:00,9,3,6,FMN GV 18 Kasterlee
84,Oudemolsedijk,2023-07-17,23:00:00,0,0,0,FMN GV 18 Kasterlee
84,Oudemolsedijk,2023-07-18,00:00:00,0,0,0,FMN GV 18 Kasterlee
84,Oudemolsedijk,2023-07-18,01:00:00,0,0,0,FMN GV 18 Kasterlee
84,Oudemolsedijk,2023-07-18,02:00:00,0,0,0,FMN GV 18 Kasterlee
84,Oudemolsedijk,2023-07-18,03:00:00,0,0,0,FMN GV 18 Kasterlee
84,Oudemolsedijk,2023-07-18,04:00:00,1,1,0,FMN GV 18 Kasterlee
84,Oudemolsedijk,2023-07-18,05:00:00,5,4,1,FMN GV 18 Kasterlee
84,Oudemolsedijk,2023-07-18,06:00:00,18,11,7,FMN GV 18 Kasterlee
84,Oudemolsedijk,2023-07-18,07:00:00,28,16,12,FMN GV 18 Kasterlee
84,Oudemolsedijk,2023-07-18,08:00:00,26,12,14,FMN GV 18 Kasterlee
84,Oudemolsedijk,2023-07-18,09:00:00,54,20,34,FMN GV 18 Kasterlee
84,Oudemolsedijk,2023-07-18,10:00:00,51,23,28,FMN GV 18 Kasterlee
84,Oudemolsedijk,2023-07-18,11:00:00,87,36,51,FMN GV 18 Kasterlee
84,Oudemolsedijk,2023-07-18,12:00:00,65,43,22,FMN GV 18 Kasterlee
84,Oudemolsedijk,2023-07-18,13:00:00,116,60,56,FMN GV 18 Kasterlee
84,Oudemolsedijk,2023-07-18,14:00:00,178,104,74,FMN GV 18 Kasterlee
84,Oudemolsedijk,2023-07-18,15:00:00,164,75,89,FMN GV 18 Kasterlee
84,Oudemolsedijk,2023-07-18,16:00:00,111,50,61,FMN GV 18 Kasterlee
84,Oudemolsedijk,2023-07-18,17:00:00,79,42,37,FMN GV 18 Kasterlee
84,Oudemolsedijk,2023-07-18,18:00:00,42,26,16,FMN GV 18 Kasterlee
84,Oudemolsedijk,2023-07-18,19:00:00,51,20,31,FMN GV 18 Kasterlee
84,Oudemolsedijk,2023-07-18,20:00:00,31,10,21,FMN GV 18 Kasterlee
84,Oudemolsedijk,2023-07-18,21:00:00,11,7,4,FMN GV 18 Kasterlee
84,Oudemolsedijk,2023-07-18,22:00:00,8,3,5,FMN GV 18 Kasterlee
84,Oudemolsedijk,2023-07-18,23:00:00,4,4,0,FMN GV 18 Kasterlee
84,Oudemolsedijk,2023-07-19,00:00:00,0,0,0,FMN GV 18 Kasterlee
84,Oudemolsedijk,2023-07-19,01:00:00,1,1,0,FMN GV 18 Kasterlee
84,Oudemolsedijk,2023-07-19,02:00:00,0,0,0,FMN GV 18 Kasterlee
84,Oudemolsedijk,2023-07-19,03:00:00,0,0,0,FMN GV 18 Kasterlee
84,Oudemolsedijk,2023-07-19,04:00:00,1,1,0,FMN GV 18 Kasterlee
84,Oudemolsedijk,2023-07-19,05:00:00,4,4,0,FMN GV 18 Kasterlee
84,Oudemolsedijk,2023-07-19,06:00:00,19,8,11,FMN GV 18 Kasterlee
84,Oudemolsedijk,2023-07-19,07:00:00,21,14,7,FMN GV 18 Kasterlee
84,Oudemolsedijk,2023-07-19,08:00:00,17,11,6,FMN GV 18 Kasterlee
84,Oudemolsedijk,2023-07-19,09:00:00,27,14,13,FMN GV 18 Kasterlee
84,Oudemolsedijk,2023-07-19,10:00:00,44,21,23,FMN GV 18 Kasterlee
84,Oudemolsedijk,2023-07-19,11:00:00,39,28,11,FMN GV 18 Kasterlee
84,Oudemolsedijk,2023-07-19,12:00:00,37,13,24,FMN GV 18 Kasterlee
84,Oudemolsedijk,2023-07-19,13:00:00,36,22,14,FMN GV 18 Kasterlee
84,Oudemolsedijk,2023-07-19,14:00:00,79,36,43,FMN GV 18 Kasterlee
84,Oudemolsedijk,2023-07-19,15:00:00,37,20,17,FMN GV 18 Kasterlee
84,Oudemolsedijk,2023-07-19,16:00:00,99,52,47,FMN GV 18 Kasterlee
84,Oudemolsedijk,2023-07-19,17:00:00,33,12,21,FMN GV 18 Kasterlee
84,Oudemolsedijk,2023-07-19,18:00:00,32,12,20,FMN GV 18 Kasterlee
84,Oudemolsedijk,2023-07-19,19:00:00,66,41,25,FMN GV 18 Kasterlee
84,Oudemolsedijk,2023-07-19,20:00:00,34,19,15,FMN GV 18 Kasterlee
84,Oudemolsedijk,2023-07-19,21:00:00,10,6,4,FMN GV 18 Kasterlee
84,Oudemolsedijk,2023-07-19,22:00:00,6,0,6,FMN GV 18 Kasterlee
84,Oudemolsedijk,2023-07-19,23:00:00,2,1,1,FMN GV 18 Kasterlee
84,Oudemolsedijk,2023-07-20,00:00:00,0,0,0,FMN GV 18 Kasterlee
84,Oudemolsedijk,2023-07-20,01:00:00,0,0,0,FMN GV 18 Kasterlee
84,Oudemolsedijk,2023-07-20,02:00:00,1,1,0,FMN GV 18 Kasterlee
84,Oudemolsedijk,2023-07-20,03:00:00,0,0,0,FMN GV 18 Kasterlee
84,Oudemolsedijk,2023-07-20,04:00:00,0,0,0,FMN GV 18 Kasterlee
84,Oudemolsedijk,2023-07-20,05:00:00,4,4,0,FMN GV 18 Kasterlee
84,Oudemolsedijk,2023-07-20,06:00:00,18,10,8,FMN GV 18 Kasterlee
84,Oudemolsedijk,2023-07-20,07:00:00,19,10,9,FMN GV 18 Kasterlee
84,Oudemolsedijk,2023-07-20,08:00:00,16,10,6,FMN GV 18 Kasterlee
84,Oudemolsedijk,2023-07-20,09:00:00,42,20,22,FMN GV 18 Kasterlee
84,Oudemolsedijk,2023-07-20,10:00:00,37,18,19,FMN GV 18 Kasterlee
84,Oudemolsedijk,2023-07-20,11:00:00,39,15,24,FMN GV 18 Kasterlee
84,Oudemolsedijk,2023-07-20,12:00:00,38,21,17,FMN GV 18 Kasterlee
84,Oudemolsedijk,2023-07-20,13:00:00,102,34,68,FMN GV 18 Kasterlee
84,Oudemolsedijk,2023-07-20,14:00:00,102,49,53,FMN GV 18 Kasterlee
84,Oudemolsedijk,2023-07-20,15:00:00,103,58,45,FMN GV 18 Kasterlee
84,Oudemolsedijk,2023-07-20,16:00:00,72,43,29,FMN GV 18 Kasterlee
84,Oudemolsedijk,2023-07-20,17:00:00,39,20,19,FMN GV 18 Kasterlee
84,Oudemolsedijk,2023-07-20,18:00:00,43,27,16,FMN GV 18 Kasterlee
84,Oudemolsedijk,2023-07-20,19:00:00,13,11,2,FMN GV 18 Kasterlee
84,Oudemolsedijk,2023-07-20,20:00:00,15,6,9,FMN GV 18 Kasterlee
84,Oudemolsedijk,2023-07-20,21:00:00,14,1,13,FMN GV 18 Kasterlee
84,Oudemolsedijk,2023-07-20,22:00:00,16,7,9,FMN GV 18 Kasterlee
84,Oudemolsedijk,2023-07-20,23:00:00,1,0,1,FMN GV 18 Kasterlee
84,Oudemolsedijk,2023-07-21,00:00:00,0,0,0,FMN GV 18 Kasterlee
84,Oudemolsedijk,2023-07-21,01:00:00,0,0,0,FMN GV 18 Kasterlee
84,Oudemolsedijk,2023-07-21,02:00:00,0,0,0,FMN GV 18 Kasterlee
84,Oudemolsedijk,2023-07-21,03:00:00,0,0,0,FMN GV 18 Kasterlee
84,Oudemolsedijk,2023-07-21,04:00:00,0,0,0,FMN GV 18 Kasterlee
84,Oudemolsedijk,2023-07-21,05:00:00,0,0,0,FMN GV 18 Kasterlee
84,Oudemolsedijk,2023-07-21,06:00:00,6,4,2,FMN GV 18 Kasterlee
84,Oudemolsedijk,2023-07-21,07:00:00,5,2,3,FMN GV 18 Kasterlee
84,Oudemolsedijk,2023-07-21,08:00:00,29,5,24,FMN GV 18 Kasterlee
84,Oudemolsedijk,2023-07-21,09:00:00,42,28,14,FMN GV 18 Kasterlee
84,Oudemolsedijk,2023-07-21,10:00:00,95,48,47,FMN GV 18 Kasterlee
84,Oudemolsedijk,2023-07-21,11:00:00,101,45,56,FMN GV 18 Kasterlee
84,Oudemolsedijk,2023-07-21,12:00:00,61,46,15,FMN GV 18 Kasterlee
84,Oudemolsedijk,2023-07-21,13:00:00,20,10,10,FMN GV 18 Kasterlee
84,Oudemolsedijk,2023-07-21,14:00:00,68,4,64,FMN GV 18 Kasterlee
84,Oudemolsedijk,2023-07-21,15:00:00,25,16,9,FMN GV 18 Kasterlee
84,Oudemolsedijk,2023-07-21,16:00:00,32,24,8,FMN GV 18 Kasterlee
84,Oudemolsedijk,2023-07-21,17:00:00,38,15,23,FMN GV 18 Kasterlee
84,Oudemolsedijk,2023-07-21,18:00:00,45,16,29,FMN GV 18 Kasterlee
84,Oudemolsedijk,2023-07-21,19:00:00,24,12,12,FMN GV 18 Kasterlee
84,Oudemolsedijk,2023-07-21,20:00:00,16,8,8,FMN GV 18 Kasterlee
84,Oudemolsedijk,2023-07-21,21:00:00,8,3,5,FMN GV 18 Kasterlee
84,Oudemolsedijk,2023-07-21,22:00:00,20,1,19,FMN GV 18 Kasterlee
84,Oudemolsedijk,2023-07-21,23:00:00,35,4,31,FMN GV 18 Kasterlee
84,Oudemolsedijk,2023-07-22,00:00:00,6,3,3,FMN GV 18 Kasterlee
84,Oudemolsedijk,2023-07-22,01:00:00,8,5,3,FMN GV 18 Kasterlee
84,Oudemolsedijk,2023-07-22,02:00:00,6,4,2,FMN GV 18 Kasterlee
84,Oudemolsedijk,2023-07-22,03:00:00,28,28,0,FMN GV 18 Kasterlee
84,Oudemolsedijk,2023-07-22,04:00:00,12,12,0,FMN GV 18 Kasterlee
84,Oudemolsedijk,2023-07-22,05:00:00,0,0,0,FMN GV 18 Kasterlee
84,Oudemolsedijk,2023-07-22,06:00:00,3,3,0,FMN GV 18 Kasterlee
84,Oudemolsedijk,2023-07-22,07:00:00,3,0,3,FMN GV 18 Kasterlee
84,Oudemolsedijk,2023-07-22,08:00:00,9,3,6,FMN GV 18 Kasterlee
84,Oudemolsedijk,2023-07-22,09:00:00,31,15,16,FMN GV 18 Kasterlee
84,Oudemolsedijk,2023-07-22,10:00:00,53,26,27,FMN GV 18 Kasterlee
84,Oudemolsedijk,2023-07-22,11:00:00,62,40,22,FMN GV 18 Kasterlee
84,Oudemolsedijk,2023-07-22,12:00:00,57,31,26,FMN GV 18 Kasterlee
84,Oudemolsedijk,2023-07-22,13:00:00,112,48,64,FMN GV 18 Kasterlee
84,Oudemolsedijk,2023-07-22,14:00:00,110,64,46,FMN GV 18 Kasterlee
84,Oudemolsedijk,2023-07-22,15:00:00,117,61,56,FMN GV 18 Kasterlee
84,Oudemolsedijk,2023-07-22,16:00:00,101,36,65,FMN GV 18 Kasterlee
84,Oudemolsedijk,2023-07-22,17:00:00,48,29,19,FMN GV 18 Kasterlee
84,Oudemolsedijk,2023-07-22,18:00:00,25,15,10,FMN GV 18 Kasterlee
84,Oudemolsedijk,2023-07-22,19:00:00,25,10,15,FMN GV 18 Kasterlee
84,Oudemolsedijk,2023-07-22,20:00:00,15,6,9,FMN GV 18 Kasterlee
84,Oudemolsedijk,2023-07-22,21:00:00,17,5,12,FMN GV 18 Kasterlee
84,Oudemolsedijk,2023-07-22,22:00:00,10,1,9,FMN GV 18 Kasterlee
84,Oudemolsedijk,2023-07-22,23:00:00,32,1,31,FMN GV 18 Kasterlee
84,Oudemolsedijk,2023-07-23,00:00:00,8,0,8,FMN GV 18 Kasterlee
84,Oudemolsedijk,2023-07-23,01:00:00,5,5,0,FMN GV 18 Kasterlee
84,Oudemolsedijk,2023-07-23,02:00:00,23,22,1,FMN GV 18 Kasterlee
84,Oudemolsedijk,2023-07-23,03:00:00,26,26,0,FMN GV 18 Kasterlee
84,Oudemolsedijk,2023-07-23,04:00:00,20,20,0,FMN GV 18 Kasterlee
84,Oudemolsedijk,2023-07-23,05:00:00,0,0,0,FMN GV 18 Kasterlee
84,Oudemolsedijk,2023-07-23,06:00:00,1,1,0,FMN GV 18 Kasterlee
84,Oudemolsedijk,2023-07-23,07:00:00,7,0,7,FMN GV 18 Kasterlee
84,Oudemolsedijk,2023-07-23,08:00:00,5,1,4,FMN GV 18 Kasterlee
84,Oudemolsedijk,2023-07-23,09:00:00,20,11,9,FMN GV 18 Kasterlee
84,Oudemolsedijk,2023-07-23,10:00:00,25,4,21,FMN GV 18 Kasterlee
84,Oudemolsedijk,2023-07-23,11:00:00,10,7,3,FMN GV 18 Kasterlee
84,Oudemolsedijk,2023-07-23,12:00:00,21,15,6,FMN GV 18 Kasterlee
84,Oudemolsedijk,2023-07-23,13:00:00,18,9,9,FMN GV 18 Kasterlee
84,Oudemolsedijk,2023-07-23,14:00:00,27,13,14,FMN GV 18 Kasterlee
84,Oudemolsedijk,2023-07-23,15:00:00,35,15,20,FMN GV 18 Kasterlee
84,Oudemolsedijk,2023-07-23,16:00:00,8,3,5,FMN GV 18 Kasterlee
84,Oudemolsedijk,2023-07-23,17:00:00,14,12,2,FMN GV 18 Kasterlee
84,Oudemolsedijk,2023-07-23,18:00:00,13,4,9,FMN GV 18 Kasterlee
84,Oudemolsedijk,2023-07-23,19:00:00,15,6,9,FMN GV 18 Kasterlee
84,Oudemolsedijk,2023-07-23,20:00:00,16,7,9,FMN GV 18 Kasterlee
84,Oudemolsedijk,2023-07-23,21:00:00,9,1,8,FMN GV 18 Kasterlee
84,Oudemolsedijk,2023-07-23,22:00:00,10,0,10,FMN GV 18 Kasterlee
84,Oudemolsedijk,2023-07-23,23:00:00,3,2,1,FMN GV 18 Kasterlee
84,Oudemolsedijk,2023-07-24,00:00:00,3,0,3,FMN GV 18 Kasterlee
84,Oudemolsedijk,2023-07-24,01:00:00,5,5,0,FMN GV 18 Kasterlee
84,Oudemolsedijk,2023-07-24,02:00:00,16,15,1,FMN GV 18 Kasterlee
84,Oudemolsedijk,2023-07-24,03:00:00,23,10,13,FMN GV 18 Kasterlee
84,Oudemolsedijk,2023-07-24,04:00:00,64,33,31,FMN GV 18 Kasterlee
84,Oudemolsedijk,2023-07-24,05:00:00,17,8,9,FMN GV 18 Kasterlee
84,Oudemolsedijk,2023-07-24,06:00:00,8,5,3,FMN GV 18 Kasterlee
84,Oudemolsedijk,2023-07-24,07:00:00,9,3,6,FMN GV 18 Kasterlee
84,Oudemolsedijk,2023-07-24,08:00:00,6,3,3,FMN GV 18 Kasterlee
84,Oudemolsedijk,2023-07-24,09:00:00,39,23,16,FMN GV 18 Kasterlee
84,Oudemolsedijk,2023-07-24,10:00:00,10,5,5,FMN GV 18 Kasterlee
84,Oudemolsedijk,2023-07-24,11:00:00,22,18,4,FMN GV 18 Kasterlee
84,Oudemolsedijk,2023-07-24,12:00:00,15,12,3,FMN GV 18 Kasterlee
84,Oudemolsedijk,2023-07-24,13:00:00,13,10,3,FMN GV 18 Kasterlee
84,Oudemolsedijk,2023-07-24,14:00:00,17,8,9,FMN GV 18 Kasterlee
84,Oudemolsedijk,2023-07-24,15:00:00,24,14,10,FMN GV 18 Kasterlee
84,Oudemolsedijk,2023-07-24,16:00:00,14,4,10,FMN GV 18 Kasterlee
84,Oudemolsedijk,2023-07-24,17:00:00,13,2,11,FMN GV 18 Kasterlee
84,Oudemolsedijk,2023-07-24,18:00:00,18,3,15,FMN GV 18 Kasterlee
84,Oudemolsedijk,2023-07-24,19:00:00,19,3,16,FMN GV 18 Kasterlee
84,Oudemolsedijk,2023-07-24,20:00:00,9,3,6,FMN GV 18 Kasterlee
84,Oudemolsedijk,2023-07-24,21:00:00,3,1,2,FMN GV 18 Kasterlee
84,Oudemolsedijk,2023-07-24,22:00:00,2,0,2,FMN GV 18 Kasterlee
84,Oudemolsedijk,2023-07-24,23:00:00,0,0,0,FMN GV 18 Kasterlee
84,Oudemolsedijk,2023-07-25,00:00:00,0,0,0,FMN GV 18 Kasterlee
84,Oudemolsedijk,2023-07-25,01:00:00,0,0,0,FMN GV 18 Kasterlee
84,Oudemolsedijk,2023-07-25,02:00:00,0,0,0,FMN GV 18 Kasterlee
84,Oudemolsedijk,2023-07-25,03:00:00,0,0,0,FMN GV 18 Kasterlee
84,Oudemolsedijk,2023-07-25,04:00:00,3,2,1,FMN GV 18 Kasterlee
84,Oudemolsedijk,2023-07-25,05:00:00,5,3,2,FMN GV 18 Kasterlee
84,Oudemolsedijk,2023-07-25,06:00:00,16,10,6,FMN GV 18 Kasterlee
84,Oudemolsedijk,2023-07-25,07:00:00,11,8,3,FMN GV 18 Kasterlee
84,Oudemolsedijk,2023-07-25,08:00:00,15,5,10,FMN GV 18 Kasterlee
84,Oudemolsedijk,2023-07-25,09:00:00,33,7,26,FMN GV 18 Kasterlee
84,Oudemolsedijk,2023-07-25,10:00:00,27,11,16,FMN GV 18 Kasterlee
84,Oudemolsedijk,2023-07-25,11:00:00,20,12,8,FMN GV 18 Kasterlee
84,Oudemolsedijk,2023-07-25,12:00:00,59,41,18,FMN GV 18 Kasterlee
84,Oudemolsedijk,2023-07-25,13:00:00,86,53,33,FMN GV 18 Kasterlee
84,Oudemolsedijk,2023-07-25,14:00:00,112,74,38,FMN GV 18 Kasterlee
84,Oudemolsedijk,2023-07-25,15:00:00,87,54,33,FMN GV 18 Kasterlee
84,Oudemolsedijk,2023-07-25,16:00:00,82,29,53,FMN GV 18 Kasterlee
84,Oudemolsedijk,2023-07-25,17:00:00,41,21,20,FMN GV 18 Kasterlee
84,Oudemolsedijk,2023-07-25,18:00:00,31,17,14,FMN GV 18 Kasterlee
84,Oudemolsedijk,2023-07-25,19:00:00,52,40,12,FMN GV 18 Kasterlee
84,Oudemolsedijk,2023-07-25,20:00:00,33,10,23,FMN GV 18 Kasterlee
84,Oudemolsedijk,2023-07-25,21:00:00,23,15,8,FMN GV 18 Kasterlee
84,Oudemolsedijk,2023-07-25,22:00:00,5,3,2,FMN GV 18 Kasterlee
84,Oudemolsedijk,2023-07-25,23:00:00,1,0,1,FMN GV 18 Kasterlee
84,Oudemolsedijk,2023-07-26,00:00:00,0,0,0,FMN GV 18 Kasterlee
84,Oudemolsedijk,2023-07-26,01:00:00,1,1,0,FMN GV 18 Kasterlee
84,Oudemolsedijk,2023-07-26,02:00:00,0,0,0,FMN GV 18 Kasterlee
84,Oudemolsedijk,2023-07-26,03:00:00,1,0,1,FMN GV 18 Kasterlee
84,Oudemolsedijk,2023-07-26,04:00:00,3,2,1,FMN GV 18 Kasterlee
84,Oudemolsedijk,2023-07-26,05:00:00,7,6,1,FMN GV 18 Kasterlee
84,Oudemolsedijk,2023-07-26,06:00:00,15,9,6,FMN GV 18 Kasterlee
84,Oudemolsedijk,2023-07-26,07:00:00,16,14,2,FMN GV 18 Kasterlee
84,Oudemolsedijk,2023-07-26,08:00:00,13,10,3,FMN GV 18 Kasterlee
84,Oudemolsedijk,2023-07-26,09:00:00,19,12,7,FMN GV 18 Kasterlee
84,Oudemolsedijk,2023-07-26,10:00:00,49,19,30,FMN GV 18 Kasterlee
84,Oudemolsedijk,2023-07-26,11:00:00,35,20,15,FMN GV 18 Kasterlee
84,Oudemolsedijk,2023-07-26,12:00:00,42,20,22,FMN GV 18 Kasterlee
84,Oudemolsedijk,2023-07-26,13:00:00,89,42,47,FMN GV 18 Kasterlee
84,Oudemolsedijk,2023-07-26,14:00:00,102,51,51,FMN GV 18 Kasterlee
84,Oudemolsedijk,2023-07-26,15:00:00,97,60,37,FMN GV 18 Kasterlee
84,Oudemolsedijk,2023-07-26,16:00:00,91,58,33,FMN GV 18 Kasterlee
84,Oudemolsedijk,2023-07-26,17:00:00,78,28,50,FMN GV 18 Kasterlee
84,Oudemolsedijk,2023-07-26,18:00:00,78,36,42,FMN GV 18 Kasterlee
84,Oudemolsedijk,2023-07-26,19:00:00,86,35,51,FMN GV 18 Kasterlee
84,Oudemolsedijk,2023-07-26,20:00:00,53,47,6,FMN GV 18 Kasterlee
84,Oudemolsedijk,2023-07-26,21:00:00,13,10,3,FMN GV 18 Kasterlee
84,Oudemolsedijk,2023-07-26,22:00:00,5,0,5,FMN GV 18 Kasterlee
84,Oudemolsedijk,2023-07-26,23:00:00,3,3,0,FMN GV 18 Kasterlee
84,Oudemolsedijk,2023-07-27,00:00:00,0,0,0,FMN GV 18 Kasterlee
84,Oudemolsedijk,2023-07-27,01:00:00,3,0,3,FMN GV 18 Kasterlee
84,Oudemolsedijk,2023-07-27,02:00:00,0,0,0,FMN GV 18 Kasterlee
84,Oudemolsedijk,2023-07-27,03:00:00,1,0,1,FMN GV 18 Kasterlee
84,Oudemolsedijk,2023-07-27,04:00:00,1,0,1,FMN GV 18 Kasterlee
84,Oudemolsedijk,2023-07-27,05:00:00,5,3,2,FMN GV 18 Kasterlee
84,Oudemolsedijk,2023-07-27,06:00:00,8,5,3,FMN GV 18 Kasterlee
84,Oudemolsedijk,2023-07-27,07:00:00,9,3,6,FMN GV 18 Kasterlee
84,Oudemolsedijk,2023-07-27,08:00:00,4,2,2,FMN GV 18 Kasterlee
84,Oudemolsedijk,2023-07-27,09:00:00,4,1,3,FMN GV 18 Kasterlee
84,Oudemolsedijk,2023-07-27,10:00:00,5,1,4,FMN GV 18 Kasterlee
84,Oudemolsedijk,2023-07-27,11:00:00,0,0,0,FMN GV 18 Kasterlee
84,Oudemolsedijk,2023-07-27,12:00:00,7,4,3,FMN GV 18 Kasterlee
84,Oudemolsedijk,2023-07-27,13:00:00,2,0,2,FMN GV 18 Kasterlee
84,Oudemolsedijk,2023-07-27,14:00:00,6,5,1,FMN GV 18 Kasterlee
84,Oudemolsedijk,2023-07-27,15:00:00,7,1,6,FMN GV 18 Kasterlee
84,Oudemolsedijk,2023-07-27,16:00:00,12,8,4,FMN GV 18 Kasterlee
84,Oudemolsedijk,2023-07-27,17:00:00,5,2,3,FMN GV 18 Kasterlee
84,Oudemolsedijk,2023-07-27,18:00:00,1,0,1,FMN GV 18 Kasterlee
84,Oudemolsedijk,2023-07-27,19:00:00,4,4,0,FMN GV 18 Kasterlee
84,Oudemolsedijk,2023-07-27,20:00:00,0,0,0,FMN GV 18 Kasterlee
84,Oudemolsedijk,2023-07-27,21:00:00,3,0,3,FMN GV 18 Kasterlee
84,Oudemolsedijk,2023-07-27,22:00:00,4,1,3,FMN GV 18 Kasterlee
84,Oudemolsedijk,2023-07-27,23:00:00,1,1,0,FMN GV 18 Kasterlee
84,Oudemolsedijk,2023-07-28,00:00:00,0,0,0,FMN GV 18 Kasterlee
84,Oudemolsedijk,2023-07-28,01:00:00,0,0,0,FMN GV 18 Kasterlee
84,Oudemolsedijk,2023-07-28,02:00:00,0,0,0,FMN GV 18 Kasterlee
84,Oudemolsedijk,2023-07-28,03:00:00,0,0,0,FMN GV 18 Kasterlee
84,Oudemolsedijk,2023-07-28,04:00:00,0,0,0,FMN GV 18 Kasterlee
84,Oudemolsedijk,2023-07-28,05:00:00,2,1,1,FMN GV 18 Kasterlee
84,Oudemolsedijk,2023-07-28,06:00:00,10,6,4,FMN GV 18 Kasterlee
84,Oudemolsedijk,2023-07-28,07:00:00,11,6,5,FMN GV 18 Kasterlee
84,Oudemolsedijk,2023-07-28,08:00:00,10,4,6,FMN GV 18 Kasterlee
84,Oudemolsedijk,2023-07-28,09:00:00,11,9,2,FMN GV 18 Kasterlee
84,Oudemolsedijk,2023-07-28,10:00:00,42,33,9,FMN GV 18 Kasterlee
84,Oudemolsedijk,2023-07-28,11:00:00,35,16,19,FMN GV 18 Kasterlee
84,Oudemolsedijk,2023-07-28,12:00:00,20,11,9,FMN GV 18 Kasterlee
84,Oudemolsedijk,2023-07-28,13:00:00,67,45,22,FMN GV 18 Kasterlee
84,Oudemolsedijk,2023-07-28,14:00:00,57,32,25,FMN GV 18 Kasterlee
84,Oudemolsedijk,2023-07-28,15:00:00,66,40,26,FMN GV 18 Kasterlee
84,Oudemolsedijk,2023-07-28,16:00:00,69,41,28,FMN GV 18 Kasterlee
84,Oudemolsedijk,2023-07-28,17:00:00,43,18,25,FMN GV 18 Kasterlee
84,Oudemolsedijk,2023-07-28,18:00:00,22,16,6,FMN GV 18 Kasterlee
84,Oudemolsedijk,2023-07-28,19:00:00,17,6,11,FMN GV 18 Kasterlee
84,Oudemolsedijk,2023-07-28,20:00:00,21,14,7,FMN GV 18 Kasterlee
84,Oudemolsedijk,2023-07-28,21:00:00,5,4,1,FMN GV 18 Kasterlee
84,Oudemolsedijk,2023-07-28,22:00:00,9,2,7,FMN GV 18 Kasterlee
84,Oudemolsedijk,2023-07-28,23:00:00,0,0,0,FMN GV 18 Kasterlee
84,Oudemolsedijk,2023-07-29,00:00:00,2,2,0,FMN GV 18 Kasterlee
84,Oudemolsedijk,2023-07-29,01:00:00,4,0,4,FMN GV 18 Kasterlee
84,Oudemolsedijk,2023-07-29,02:00:00,0,0,0,FMN GV 18 Kasterlee
84,Oudemolsedijk,2023-07-29,03:00:00,0,0,0,FMN GV 18 Kasterlee
84,Oudemolsedijk,2023-07-29,04:00:00,0,0,0,FMN GV 18 Kasterlee
84,Oudemolsedijk,2023-07-29,05:00:00,0,0,0,FMN GV 18 Kasterlee
84,Oudemolsedijk,2023-07-29,06:00:00,3,1,2,FMN GV 18 Kasterlee
84,Oudemolsedijk,2023-07-29,07:00:00,2,0,2,FMN GV 18 Kasterlee
84,Oudemolsedijk,2023-07-29,08:00:00,16,0,16,FMN GV 18 Kasterlee
84,Oudemolsedijk,2023-07-29,09:00:00,51,17,34,FMN GV 18 Kasterlee
84,Oudemolsedijk,2023-07-29,10:00:00,29,15,14,FMN GV 18 Kasterlee
84,Oudemolsedijk,2023-07-29,11:00:00,56,43,13,FMN GV 18 Kasterlee
84,Oudemolsedijk,2023-07-29,12:00:00,49,26,23,FMN GV 18 Kasterlee
84,Oudemolsedijk,2023-07-29,13:00:00,56,22,34,FMN GV 18 Kasterlee
84,Oudemolsedijk,2023-07-29,14:00:00,37,14,23,FMN GV 18 Kasterlee
84,Oudemolsedijk,2023-07-29,15:00:00,29,13,16,FMN GV 18 Kasterlee
84,Oudemolsedijk,2023-07-29,16:00:00,68,21,47,FMN GV 18 Kasterlee
84,Oudemolsedijk,2023-07-29,17:00:00,34,21,13,FMN GV 18 Kasterlee
84,Oudemolsedijk,2023-07-29,18:00:00,11,4,7,FMN GV 18 Kasterlee
84,Oudemolsedijk,2023-07-29,19:00:00,14,3,11,FMN GV 18 Kasterlee
84,Oudemolsedijk,2023-07-29,20:00:00,20,14,6,FMN GV 18 Kasterlee
84,Oudemolsedijk,2023-07-29,21:00:00,7,7,0,FMN GV 18 Kasterlee
84,Oudemolsedijk,2023-07-29,22:00:00,5,0,5,FMN GV 18 Kasterlee
84,Oudemolsedijk,2023-07-29,23:00:00,0,0,0,FMN GV 18 Kasterlee
84,Oudemolsedijk,2023-07-30,00:00:00,2,0,2,FMN GV 18 Kasterlee
84,Oudemolsedijk,2023-07-30,01:00:00,1,0,1,FMN GV 18 Kasterlee
84,Oudemolsedijk,2023-07-30,02:00:00,0,0,0,FMN GV 18 Kasterlee
84,Oudemolsedijk,2023-07-30,03:00:00,0,0,0,FMN GV 18 Kasterlee
84,Oudemolsedijk,2023-07-30,04:00:00,0,0,0,FMN GV 18 Kasterlee
84,Oudemolsedijk,2023-07-30,05:00:00,1,1,0,FMN GV 18 Kasterlee
84,Oudemolsedijk,2023-07-30,06:00:00,2,1,1,FMN GV 18 Kasterlee
84,Oudemolsedijk,2023-07-30,07:00:00,9,2,7,FMN GV 18 Kasterlee
84,Oudemolsedijk,2023-07-30,08:00:00,25,16,9,FMN GV 18 Kasterlee
84,Oudemolsedijk,2023-07-30,09:00:00,101,69,32,FMN GV 18 Kasterlee
84,Oudemolsedijk,2023-07-30,10:00:00,104,41,63,FMN GV 18 Kasterlee
84,Oudemolsedijk,2023-07-30,11:00:00,110,64,46,FMN GV 18 Kasterlee
84,Oudemolsedijk,2023-07-30,12:00:00,62,31,31,FMN GV 18 Kasterlee
84,Oudemolsedijk,2023-07-30,13:00:00,74,31,43,FMN GV 18 Kasterlee
84,Oudemolsedijk,2023-07-30,14:00:00,94,48,46,FMN GV 18 Kasterlee
84,Oudemolsedijk,2023-07-30,15:00:00,92,63,29,FMN GV 18 Kasterlee
84,Oudemolsedijk,2023-07-30,16:00:00,87,50,37,FMN GV 18 Kasterlee
84,Oudemolsedijk,2023-07-30,17:00:00,59,41,18,FMN GV 18 Kasterlee
84,Oudemolsedijk,2023-07-30,18:00:00,37,13,24,FMN GV 18 Kasterlee
84,Oudemolsedijk,2023-07-30,19:00:00,15,9,6,FMN GV 18 Kasterlee
84,Oudemolsedijk,2023-07-30,20:00:00,2,2,0,FMN GV 18 Kasterlee
84,Oudemolsedijk,2023-07-30,21:00:00,1,0,1,FMN GV 18 Kasterlee
84,Oudemolsedijk,2023-07-30,22:00:00,6,2,4,FMN GV 18 Kasterlee
84,Oudemolsedijk,2023-07-30,23:00:00,0,0,0,FMN GV 18 Kasterlee
84,Oudemolsedijk,2023-07-31,00:00:00,1,0,1,FMN GV 18 Kasterlee
84,Oudemolsedijk,2023-07-31,01:00:00,0,0,0,FMN GV 18 Kasterlee
84,Oudemolsedijk,2023-07-31,02:00:00,0,0,0,FMN GV 18 Kasterlee
84,Oudemolsedijk,2023-07-31,03:00:00,0,0,0,FMN GV 18 Kasterlee
84,Oudemolsedijk,2023-07-31,04:00:00,0,0,0,FMN GV 18 Kasterlee
84,Oudemolsedijk,2023-07-31,05:00:00,4,3,1,FMN GV 18 Kasterlee
84,Oudemolsedijk,2023-07-31,06:00:00,12,6,6,FMN GV 18 Kasterlee
84,Oudemolsedijk,2023-07-31,07:00:00,6,4,2,FMN GV 18 Kasterlee
84,Oudemolsedijk,2023-07-31,08:00:00,2,1,1,FMN GV 18 Kasterlee
84,Oudemolsedijk,2023-07-31,09:00:00,16,16,0,FMN GV 18 Kasterlee
84,Oudemolsedijk,2023-07-31,10:00:00,20,1,19,FMN GV 18 Kasterlee
84,Oudemolsedijk,2023-07-31,11:00:00,6,4,2,FMN GV 18 Kasterlee
84,Oudemolsedijk,2023-07-31,12:00:00,20,3,17,FMN GV 18 Kasterlee
84,Oudemolsedijk,2023-07-31,13:00:00,40,24,16,FMN GV 18 Kasterlee
84,Oudemolsedijk,2023-07-31,14:00:00,23,16,7,FMN GV 18 Kasterlee
84,Oudemolsedijk,2023-07-31,15:00:00,10,6,4,FMN GV 18 Kasterlee
84,Oudemolsedijk,2023-07-31,16:00:00,3,0,3,FMN GV 18 Kasterlee
84,Oudemolsedijk,2023-07-31,17:00:00,17,10,7,FMN GV 18 Kasterlee
84,Oudemolsedijk,2023-07-31,18:00:00,2,1,1,FMN GV 18 Kasterlee
84,Oudemolsedijk,2023-07-31,19:00:00,4,2,2,FMN GV 18 Kasterlee
84,Oudemolsedijk,2023-07-31,20:00:00,3,0,3,FMN GV 18 Kasterlee
84,Oudemolsedijk,2023-07-31,21:00:00,0,0,0,FMN GV 18 Kasterlee
84,Oudemolsedijk,2023-07-31,22:00:00,1,1,0,FMN GV 18 Kasterlee
84,Oudemolsedijk,2023-07-31,23:00:00,2,0,2,FMN GV 18 Kasterlee
84,Oudemolsedijk,2023-08-01,00:00:00,0,0,0,FMN GV 18 Kasterlee
84,Oudemolsedijk,2023-08-01,01:00:00,0,0,0,FMN GV 18 Kasterlee
84,Oudemolsedijk,2023-08-01,02:00:00,0,0,0,FMN GV 18 Kasterlee
84,Oudemolsedijk,2023-08-01,03:00:00,0,0,0,FMN GV 18 Kasterlee
84,Oudemolsedijk,2023-08-01,04:00:00,0,0,0,FMN GV 18 Kasterlee
84,Oudemolsedijk,2023-08-01,05:00:00,5,5,0,FMN GV 18 Kasterlee
84,Oudemolsedijk,2023-08-01,06:00:00,13,7,6,FMN GV 18 Kasterlee
84,Oudemolsedijk,2023-08-01,07:00:00,22,12,10,FMN GV 18 Kasterlee
84,Oudemolsedijk,2023-08-01,08:00:00,10,2,8,FMN GV 18 Kasterlee
84,Oudemolsedijk,2023-08-01,09:00:00,16,5,11,FMN GV 18 Kasterlee
84,Oudemolsedijk,2023-08-01,10:00:00,34,6,28,FMN GV 18 Kasterlee
84,Oudemolsedijk,2023-08-01,11:00:00,33,27,6,FMN GV 18 Kasterlee
84,Oudemolsedijk,2023-08-01,12:00:00,12,7,5,FMN GV 18 Kasterlee
84,Oudemolsedijk,2023-08-01,13:00:00,36,15,21,FMN GV 18 Kasterlee
84,Oudemolsedijk,2023-08-01,14:00:00,38,19,19,FMN GV 18 Kasterlee
84,Oudemolsedijk,2023-08-01,15:00:00,63,42,21,FMN GV 18 Kasterlee
84,Oudemolsedijk,2023-08-01,16:00:00,49,25,24,FMN GV 18 Kasterlee
84,Oudemolsedijk,2023-08-01,17:00:00,44,24,20,FMN GV 18 Kasterlee
84,Oudemolsedijk,2023-08-01,18:00:00,18,8,10,FMN GV 18 Kasterlee
84,Oudemolsedijk,2023-08-01,19:00:00,35,16,19,FMN GV 18 Kasterlee
84,Oudemolsedijk,2023-08-01,20:00:00,18,10,8,FMN GV 18 Kasterlee
84,Oudemolsedijk,2023-08-01,21:00:00,11,8,3,FMN GV 18 Kasterlee
84,Oudemolsedijk,2023-08-01,22:00:00,2,0,2,FMN GV 18 Kasterlee
84,Oudemolsedijk,2023-08-01,23:00:00,1,0,1,FMN GV 18 Kasterlee
84,Oudemolsedijk,2023-08-02,00:00:00,0,0,0,FMN GV 18 Kasterlee
84,Oudemolsedijk,2023-08-02,01:00:00,0,0,0,FMN GV 18 Kasterlee
84,Oudemolsedijk,2023-08-02,02:00:00,0,0,0,FMN GV 18 Kasterlee
84,Oudemolsedijk,2023-08-02,03:00:00,0,0,0,FMN GV 18 Kasterlee
84,Oudemolsedijk,2023-08-02,04:00:00,1,1,0,FMN GV 18 Kasterlee
84,Oudemolsedijk,2023-08-02,05:00:00,3,3,0,FMN GV 18 Kasterlee
84,Oudemolsedijk,2023-08-02,06:00:00,6,5,1,FMN GV 18 Kasterlee
84,Oudemolsedijk,2023-08-02,07:00:00,5,3,2,FMN GV 18 Kasterlee
84,Oudemolsedijk,2023-08-02,08:00:00,2,1,1,FMN GV 18 Kasterlee
84,Oudemolsedijk,2023-08-02,09:00:00,2,2,0,FMN GV 18 Kasterlee
84,Oudemolsedijk,2023-08-02,10:00:00,1,0,1,FMN GV 18 Kasterlee
84,Oudemolsedijk,2023-08-02,11:00:00,6,0,6,FMN GV 18 Kasterlee
84,Oudemolsedijk,2023-08-02,12:00:00,23,18,5,FMN GV 18 Kasterlee
84,Oudemolsedijk,2023-08-02,13:00:00,14,8,6,FMN GV 18 Kasterlee
84,Oudemolsedijk,2023-08-02,14:00:00,22,8,14,FMN GV 18 Kasterlee
84,Oudemolsedijk,2023-08-02,15:00:00,14,10,4,FMN GV 18 Kasterlee
84,Oudemolsedijk,2023-08-02,16:00:00,18,14,4,FMN GV 18 Kasterlee
84,Oudemolsedijk,2023-08-02,17:00:00,18,8,10,FMN GV 18 Kasterlee
84,Oudemolsedijk,2023-08-02,18:00:00,8,1,7,FMN GV 18 Kasterlee
84,Oudemolsedijk,2023-08-02,19:00:00,5,2,3,FMN GV 18 Kasterlee
84,Oudemolsedijk,2023-08-02,20:00:00,9,6,3,FMN GV 18 Kasterlee
84,Oudemolsedijk,2023-08-02,21:00:00,4,3,1,FMN GV 18 Kasterlee
84,Oudemolsedijk,2023-08-02,22:00:00,3,1,2,FMN GV 18 Kasterlee
84,Oudemolsedijk,2023-08-02,23:00:00,0,0,0,FMN GV 18 Kasterlee
84,Oudemolsedijk,2023-08-03,00:00:00,1,0,1,FMN GV 18 Kasterlee
84,Oudemolsedijk,2023-08-03,01:00:00,8,2,6,FMN GV 18 Kasterlee
84,Oudemolsedijk,2023-08-03,02:00:00,1,0,1,FMN GV 18 Kasterlee
84,Oudemolsedijk,2023-08-03,03:00:00,0,0,0,FMN GV 18 Kasterlee
84,Oudemolsedijk,2023-08-03,04:00:00,1,1,0,FMN GV 18 Kasterlee
84,Oudemolsedijk,2023-08-03,05:00:00,9,5,4,FMN GV 18 Kasterlee
84,Oudemolsedijk,2023-08-03,06:00:00,17,7,10,FMN GV 18 Kasterlee
84,Oudemolsedijk,2023-08-03,07:00:00,10,3,7,FMN GV 18 Kasterlee
84,Oudemolsedijk,2023-08-03,08:00:00,3,0,3,FMN GV 18 Kasterlee
84,Oudemolsedijk,2023-08-03,09:00:00,4,2,2,FMN GV 18 Kasterlee
84,Oudemolsedijk,2023-08-03,10:00:00,4,2,2,FMN GV 18 Kasterlee
84,Oudemolsedijk,2023-08-03,11:00:00,3,3,0,FMN GV 18 Kasterlee
84,Oudemolsedijk,2023-08-03,12:00:00,5,2,3,FMN GV 18 Kasterlee
84,Oudemolsedijk,2023-08-03,13:00:00,6,6,0,FMN GV 18 Kasterlee
84,Oudemolsedijk,2023-08-03,14:00:00,1,0,1,FMN GV 18 Kasterlee
84,Oudemolsedijk,2023-08-03,15:00:00,11,8,3,FMN GV 18 Kasterlee
84,Oudemolsedijk,2023-08-03,16:00:00,13,9,4,FMN GV 18 Kasterlee
84,Oudemolsedijk,2023-08-03,17:00:00,13,6,7,FMN GV 18 Kasterlee
84,Oudemolsedijk,2023-08-03,18:00:00,22,14,8,FMN GV 18 Kasterlee
84,Oudemolsedijk,2023-08-03,19:00:00,23,6,17,FMN GV 18 Kasterlee
84,Oudemolsedijk,2023-08-03,20:00:00,32,22,10,FMN GV 18 Kasterlee
84,Oudemolsedijk,2023-08-03,21:00:00,6,4,2,FMN GV 18 Kasterlee
84,Oudemolsedijk,2023-08-03,22:00:00,5,2,3,FMN GV 18 Kasterlee
84,Oudemolsedijk,2023-08-03,23:00:00,3,1,2,FMN GV 18 Kasterlee
84,Oudemolsedijk,2023-08-04,00:00:00,0,0,0,FMN GV 18 Kasterlee
84,Oudemolsedijk,2023-08-04,01:00:00,1,1,0,FMN GV 18 Kasterlee
84,Oudemolsedijk,2023-08-04,02:00:00,1,0,1,FMN GV 18 Kasterlee
84,Oudemolsedijk,2023-08-04,03:00:00,0,0,0,FMN GV 18 Kasterlee
84,Oudemolsedijk,2023-08-04,04:00:00,1,1,0,FMN GV 18 Kasterlee
84,Oudemolsedijk,2023-08-04,05:00:00,4,4,0,FMN GV 18 Kasterlee
84,Oudemolsedijk,2023-08-04,06:00:00,9,5,4,FMN GV 18 Kasterlee
84,Oudemolsedijk,2023-08-04,07:00:00,12,5,7,FMN GV 18 Kasterlee
84,Oudemolsedijk,2023-08-04,08:00:00,4,3,1,FMN GV 18 Kasterlee
84,Oudemolsedijk,2023-08-04,09:00:00,10,5,5,FMN GV 18 Kasterlee
84,Oudemolsedijk,2023-08-04,10:00:00,47,32,15,FMN GV 18 Kasterlee
84,Oudemolsedijk,2023-08-04,11:00:00,40,16,24,FMN GV 18 Kasterlee
84,Oudemolsedijk,2023-08-04,12:00:00,16,11,5,FMN GV 18 Kasterlee
84,Oudemolsedijk,2023-08-04,13:00:00,31,14,17,FMN GV 18 Kasterlee
84,Oudemolsedijk,2023-08-04,14:00:00,35,13,22,FMN GV 18 Kasterlee
84,Oudemolsedijk,2023-08-04,15:00:00,33,13,20,FMN GV 18 Kasterlee
84,Oudemolsedijk,2023-08-04,16:00:00,44,19,25,FMN GV 18 Kasterlee
84,Oudemolsedijk,2023-08-04,17:00:00,28,18,10,FMN GV 18 Kasterlee
84,Oudemolsedijk,2023-08-04,18:00:00,37,14,23,FMN GV 18 Kasterlee
84,Oudemolsedijk,2023-08-04,19:00:00,17,6,11,FMN GV 18 Kasterlee
84,Oudemolsedijk,2023-08-04,20:00:00,7,2,5,FMN GV 18 Kasterlee
84,Oudemolsedijk,2023-08-04,21:00:00,2,2,0,FMN GV 18 Kasterlee
84,Oudemolsedijk,2023-08-04,22:00:00,8,4,4,FMN GV 18 Kasterlee
84,Oudemolsedijk,2023-08-04,23:00:00,1,0,1,FMN GV 18 Kasterlee
84,Oudemolsedijk,2023-08-05,00:00:00,0,0,0,FMN GV 18 Kasterlee
84,Oudemolsedijk,2023-08-05,01:00:00,0,0,0,FMN GV 18 Kasterlee
84,Oudemolsedijk,2023-08-05,02:00:00,0,0,0,FMN GV 18 Kasterlee
84,Oudemolsedijk,2023-08-05,03:00:00,0,0,0,FMN GV 18 Kasterlee
84,Oudemolsedijk,2023-08-05,04:00:00,2,0,2,FMN GV 18 Kasterlee
84,Oudemolsedijk,2023-08-05,05:00:00,1,1,0,FMN GV 18 Kasterlee
84,Oudemolsedijk,2023-08-05,06:00:00,4,1,3,FMN GV 18 Kasterlee
84,Oudemolsedijk,2023-08-05,07:00:00,3,0,3,FMN GV 18 Kasterlee
84,Oudemolsedijk,2023-08-05,08:00:00,18,5,13,FMN GV 18 Kasterlee
84,Oudemolsedijk,2023-08-05,09:00:00,50,17,33,FMN GV 18 Kasterlee
84,Oudemolsedijk,2023-08-05,10:00:00,65,26,39,FMN GV 18 Kasterlee
84,Oudemolsedijk,2023-08-05,11:00:00,69,20,49,FMN GV 18 Kasterlee
84,Oudemolsedijk,2023-08-05,12:00:00,45,23,22,FMN GV 18 Kasterlee
84,Oudemolsedijk,2023-08-05,13:00:00,41,8,33,FMN GV 18 Kasterlee
84,Oudemolsedijk,2023-08-05,14:00:00,43,17,26,FMN GV 18 Kasterlee
84,Oudemolsedijk,2023-08-05,15:00:00,28,17,11,FMN GV 18 Kasterlee
84,Oudemolsedijk,2023-08-05,16:00:00,3,2,1,FMN GV 18 Kasterlee
84,Oudemolsedijk,2023-08-05,17:00:00,6,2,4,FMN GV 18 Kasterlee
84,Oudemolsedijk,2023-08-05,18:00:00,9,4,5,FMN GV 18 Kasterlee
84,Oudemolsedijk,2023-08-05,19:00:00,10,4,6,FMN GV 18 Kasterlee
84,Oudemolsedijk,2023-08-05,20:00:00,3,3,0,FMN GV 18 Kasterlee
84,Oudemolsedijk,2023-08-05,21:00:00,2,2,0,FMN GV 18 Kasterlee
84,Oudemolsedijk,2023-08-05,22:00:00,3,3,0,FMN GV 18 Kasterlee
84,Oudemolsedijk,2023-08-05,23:00:00,1,0,1,FMN GV 18 Kasterlee
84,Oudemolsedijk,2023-08-06,00:00:00,1,1,0,FMN GV 18 Kasterlee
84,Oudemolsedijk,2023-08-06,01:00:00,3,0,3,FMN GV 18 Kasterlee
84,Oudemolsedijk,2023-08-06,02:00:00,1,0,1,FMN GV 18 Kasterlee
84,Oudemolsedijk,2023-08-06,03:00:00,2,0,2,FMN GV 18 Kasterlee
84,Oudemolsedijk,2023-08-06,04:00:00,1,1,0,FMN GV 18 Kasterlee
84,Oudemolsedijk,2023-08-06,05:00:00,0,0,0,FMN GV 18 Kasterlee
84,Oudemolsedijk,2023-08-06,06:00:00,1,0,1,FMN GV 18 Kasterlee
84,Oudemolsedijk,2023-08-06,07:00:00,12,6,6,FMN GV 18 Kasterlee
84,Oudemolsedijk,2023-08-06,08:00:00,6,2,4,FMN GV 18 Kasterlee
84,Oudemolsedijk,2023-08-06,09:00:00,9,7,2,FMN GV 18 Kasterlee
84,Oudemolsedijk,2023-08-06,10:00:00,5,4,1,FMN GV 18 Kasterlee
84,Oudemolsedijk,2023-08-06,11:00:00,1,1,0,FMN GV 18 Kasterlee
84,Oudemolsedijk,2023-08-06,12:00:00,6,4,2,FMN GV 18 Kasterlee
84,Oudemolsedijk,2023-08-06,13:00:00,4,4,0,FMN GV 18 Kasterlee
84,Oudemolsedijk,2023-08-06,14:00:00,5,2,3,FMN GV 18 Kasterlee
84,Oudemolsedijk,2023-08-06,15:00:00,5,1,4,FMN GV 18 Kasterlee
84,Oudemolsedijk,2023-08-06,16:00:00,0,0,0,FMN GV 18 Kasterlee
84,Oudemolsedijk,2023-08-06,17:00:00,9,0,9,FMN GV 18 Kasterlee
84,Oudemolsedijk,2023-08-06,18:00:00,2,1,1,FMN GV 18 Kasterlee
84,Oudemolsedijk,2023-08-06,19:00:00,4,2,2,FMN GV 18 Kasterlee
84,Oudemolsedijk,2023-08-06,20:00:00,0,0,0,FMN GV 18 Kasterlee
84,Oudemolsedijk,2023-08-06,21:00:00,0,0,0,FMN GV 18 Kasterlee
84,Oudemolsedijk,2023-08-06,22:00:00,2,0,2,FMN GV 18 Kasterlee
84,Oudemolsedijk,2023-08-06,23:00:00,0,0,0,FMN GV 18 Kasterlee
84,Oudemolsedijk,2023-08-07,00:00:00,0,0,0,FMN GV 18 Kasterlee
84,Oudemolsedijk,2023-08-07,01:00:00,0,0,0,FMN GV 18 Kasterlee
84,Oudemolsedijk,2023-08-07,02:00:00,0,0,0,FMN GV 18 Kasterlee
84,Oudemolsedijk,2023-08-07,03:00:00,3,3,0,FMN GV 18 Kasterlee
84,Oudemolsedijk,2023-08-07,04:00:00,1,1,0,FMN GV 18 Kasterlee
84,Oudemolsedijk,2023-08-07,05:00:00,6,6,0,FMN GV 18 Kasterlee
84,Oudemolsedijk,2023-08-07,06:00:00,12,8,4,FMN GV 18 Kasterlee
84,Oudemolsedijk,2023-08-07,07:00:00,23,8,15,FMN GV 18 Kasterlee
84,Oudemolsedijk,2023-08-07,08:00:00,8,5,3,FMN GV 18 Kasterlee
84,Oudemolsedijk,2023-08-07,09:00:00,12,4,8,FMN GV 18 Kasterlee
84,Oudemolsedijk,2023-08-07,10:00:00,18,5,13,FMN GV 18 Kasterlee
84,Oudemolsedijk,2023-08-07,11:00:00,23,19,4,FMN GV 18 Kasterlee
84,Oudemolsedijk,2023-08-07,12:00:00,12,9,3,FMN GV 18 Kasterlee
84,Oudemolsedijk,2023-08-07,13:00:00,31,14,17,FMN GV 18 Kasterlee
84,Oudemolsedijk,2023-08-07,14:00:00,46,27,19,FMN GV 18 Kasterlee
84,Oudemolsedijk,2023-08-07,15:00:00,49,30,19,FMN GV 18 Kasterlee
84,Oudemolsedijk,2023-08-07,16:00:00,50,29,21,FMN GV 18 Kasterlee
84,Oudemolsedijk,2023-08-07,17:00:00,41,17,24,FMN GV 18 Kasterlee
84,Oudemolsedijk,2023-08-07,18:00:00,24,16,8,FMN GV 18 Kasterlee
84,Oudemolsedijk,2023-08-07,19:00:00,44,17,27,FMN GV 18 Kasterlee
84,Oudemolsedijk,2023-08-07,20:00:00,20,11,9,FMN GV 18 Kasterlee
84,Oudemolsedijk,2023-08-07,21:00:00,5,3,2,FMN GV 18 Kasterlee
84,Oudemolsedijk,2023-08-07,22:00:00,3,2,1,FMN GV 18 Kasterlee
84,Oudemolsedijk,2023-08-07,23:00:00,0,0,0,FMN GV 18 Kasterlee
84,Oudemolsedijk,2023-08-08,00:00:00,0,0,0,FMN GV 18 Kasterlee
84,Oudemolsedijk,2023-08-08,01:00:00,0,0,0,FMN GV 18 Kasterlee
84,Oudemolsedijk,2023-08-08,02:00:00,0,0,0,FMN GV 18 Kasterlee
84,Oudemolsedijk,2023-08-08,03:00:00,1,1,0,FMN GV 18 Kasterlee
84,Oudemolsedijk,2023-08-08,04:00:00,0,0,0,FMN GV 18 Kasterlee
84,Oudemolsedijk,2023-08-08,05:00:00,7,7,0,FMN GV 18 Kasterlee
84,Oudemolsedijk,2023-08-08,06:00:00,16,9,7,FMN GV 18 Kasterlee
84,Oudemolsedijk,2023-08-08,07:00:00,24,10,14,FMN GV 18 Kasterlee
84,Oudemolsedijk,2023-08-08,08:00:00,18,7,11,FMN GV 18 Kasterlee
84,Oudemolsedijk,2023-08-08,09:00:00,33,4,29,FMN GV 18 Kasterlee
84,Oudemolsedijk,2023-08-08,10:00:00,28,13,15,FMN GV 18 Kasterlee
84,Oudemolsedijk,2023-08-08,11:00:00,31,17,14,FMN GV 18 Kasterlee
84,Oudemolsedijk,2023-08-08,12:00:00,45,25,20,FMN GV 18 Kasterlee
84,Oudemolsedijk,2023-08-08,13:00:00,51,28,23,FMN GV 18 Kasterlee
84,Oudemolsedijk,2023-08-08,14:00:00,55,24,31,FMN GV 18 Kasterlee
84,Oudemolsedijk,2023-08-08,15:00:00,45,27,18,FMN GV 18 Kasterlee
84,Oudemolsedijk,2023-08-08,16:00:00,74,44,30,FMN GV 18 Kasterlee
84,Oudemolsedijk,2023-08-08,17:00:00,46,26,20,FMN GV 18 Kasterlee
84,Oudemolsedijk,2023-08-08,18:00:00,35,25,10,FMN GV 18 Kasterlee
84,Oudemolsedijk,2023-08-08,19:00:00,16,7,9,FMN GV 18 Kasterlee
84,Oudemolsedijk,2023-08-08,20:00:00,3,2,1,FMN GV 18 Kasterlee
84,Oudemolsedijk,2023-08-08,21:00:00,1,1,0,FMN GV 18 Kasterlee
84,Oudemolsedijk,2023-08-08,22:00:00,0,0,0,FMN GV 18 Kasterlee
84,Oudemolsedijk,2023-08-08,23:00:00,0,0,0,FMN GV 18 Kasterlee
84,Oudemolsedijk,2023-08-09,00:00:00,0,0,0,FMN GV 18 Kasterlee
84,Oudemolsedijk,2023-08-09,01:00:00,0,0,0,FMN GV 18 Kasterlee
84,Oudemolsedijk,2023-08-09,02:00:00,4,1,3,FMN GV 18 Kasterlee
84,Oudemolsedijk,2023-08-09,03:00:00,2,1,1,FMN GV 18 Kasterlee
84,Oudemolsedijk,2023-08-09,04:00:00,1,1,0,FMN GV 18 Kasterlee
84,Oudemolsedijk,2023-08-09,05:00:00,6,6,0,FMN GV 18 Kasterlee
84,Oudemolsedijk,2023-08-09,06:00:00,12,6,6,FMN GV 18 Kasterlee
84,Oudemolsedijk,2023-08-09,07:00:00,22,8,14,FMN GV 18 Kasterlee
84,Oudemolsedijk,2023-08-09,08:00:00,15,9,6,FMN GV 18 Kasterlee
84,Oudemolsedijk,2023-08-09,09:00:00,29,18,11,FMN GV 18 Kasterlee
84,Oudemolsedijk,2023-08-09,10:00:00,17,6,11,FMN GV 18 Kasterlee
84,Oudemolsedijk,2023-08-09,11:00:00,49,15,34,FMN GV 18 Kasterlee
84,Oudemolsedijk,2023-08-09,12:00:00,45,23,22,FMN GV 18 Kasterlee
84,Oudemolsedijk,2023-08-09,13:00:00,71,39,32,FMN GV 18 Kasterlee
84,Oudemolsedijk,2023-08-09,14:00:00,159,105,54,FMN GV 18 Kasterlee
84,Oudemolsedijk,2023-08-09,15:00:00,113,57,56,FMN GV 18 Kasterlee
84,Oudemolsedijk,2023-08-09,16:00:00,93,55,38,FMN GV 18 Kasterlee
84,Oudemolsedijk,2023-08-09,17:00:00,76,36,40,FMN GV 18 Kasterlee
84,Oudemolsedijk,2023-08-09,18:00:00,36,23,13,FMN GV 18 Kasterlee
84,Oudemolsedijk,2023-08-09,19:00:00,86,43,43,FMN GV 18 Kasterlee
84,Oudemolsedijk,2023-08-09,20:00:00,49,34,15,FMN GV 18 Kasterlee
84,Oudemolsedijk,2023-08-09,21:00:00,8,4,4,FMN GV 18 Kasterlee
84,Oudemolsedijk,2023-08-09,22:00:00,6,1,5,FMN GV 18 Kasterlee
84,Oudemolsedijk,2023-08-09,23:00:00,0,0,0,FMN GV 18 Kasterlee
84,Oudemolsedijk,2023-08-10,00:00:00,1,0,1,FMN GV 18 Kasterlee
84,Oudemolsedijk,2023-08-10,01:00:00,0,0,0,FMN GV 18 Kasterlee
84,Oudemolsedijk,2023-08-10,02:00:00,1,1,0,FMN GV 18 Kasterlee
84,Oudemolsedijk,2023-08-10,03:00:00,0,0,0,FMN GV 18 Kasterlee
84,Oudemolsedijk,2023-08-10,04:00:00,1,1,0,FMN GV 18 Kasterlee
84,Oudemolsedijk,2023-08-10,05:00:00,6,6,0,FMN GV 18 Kasterlee
84,Oudemolsedijk,2023-08-10,06:00:00,28,13,15,FMN GV 18 Kasterlee
84,Oudemolsedijk,2023-08-10,07:00:00,26,14,12,FMN GV 18 Kasterlee
84,Oudemolsedijk,2023-08-10,08:00:00,21,8,13,FMN GV 18 Kasterlee
84,Oudemolsedijk,2023-08-10,09:00:00,38,30,8,FMN GV 18 Kasterlee
84,Oudemolsedijk,2023-08-10,10:00:00,37,16,21,FMN GV 18 Kasterlee
84,Oudemolsedijk,2023-08-10,11:00:00,61,37,24,FMN GV 18 Kasterlee
84,Oudemolsedijk,2023-08-10,12:00:00,98,44,54,FMN GV 18 Kasterlee
84,Oudemolsedijk,2023-08-10,13:00:00,126,51,75,FMN GV 18 Kasterlee
84,Oudemolsedijk,2023-08-10,14:00:00,174,109,65,FMN GV 18 Kasterlee
84,Oudemolsedijk,2023-08-10,15:00:00,157,107,50,FMN GV 18 Kasterlee
84,Oudemolsedijk,2023-08-10,16:00:00,149,64,85,FMN GV 18 Kasterlee
84,Oudemolsedijk,2023-08-10,17:00:00,87,39,48,FMN GV 18 Kasterlee
84,Oudemolsedijk,2023-08-10,18:00:00,63,32,31,FMN GV 18 Kasterlee
84,Oudemolsedijk,2023-08-10,19:00:00,52,28,24,FMN GV 18 Kasterlee
84,Oudemolsedijk,2023-08-10,20:00:00,61,44,17,FMN GV 18 Kasterlee
84,Oudemolsedijk,2023-08-10,21:00:00,5,1,4,FMN GV 18 Kasterlee
84,Oudemolsedijk,2023-08-10,22:00:00,10,2,8,FMN GV 18 Kasterlee
84,Oudemolsedijk,2023-08-10,23:00:00,1,1,0,FMN GV 18 Kasterlee
84,Oudemolsedijk,2023-08-11,00:00:00,3,0,3,FMN GV 18 Kasterlee
84,Oudemolsedijk,2023-08-11,01:00:00,0,0,0,FMN GV 18 Kasterlee
84,Oudemolsedijk,2023-08-11,02:00:00,0,0,0,FMN GV 18 Kasterlee
84,Oudemolsedijk,2023-08-11,03:00:00,0,0,0,FMN GV 18 Kasterlee
84,Oudemolsedijk,2023-08-11,04:00:00,0,0,0,FMN GV 18 Kasterlee
84,Oudemolsedijk,2023-08-11,05:00:00,8,8,0,FMN GV 18 Kasterlee
84,Oudemolsedijk,2023-08-11,06:00:00,12,5,7,FMN GV 18 Kasterlee
84,Oudemolsedijk,2023-08-11,07:00:00,16,8,8,FMN GV 18 Kasterlee
84,Oudemolsedijk,2023-08-11,08:00:00,20,10,10,FMN GV 18 Kasterlee
84,Oudemolsedijk,2023-08-11,09:00:00,25,10,15,FMN GV 18 Kasterlee
84,Oudemolsedijk,2023-08-11,10:00:00,32,13,19,FMN GV 18 Kasterlee
84,Oudemolsedijk,2023-08-11,11:00:00,45,29,16,FMN GV 18 Kasterlee
84,Oudemolsedijk,2023-08-11,12:00:00,61,36,25,FMN GV 18 Kasterlee
84,Oudemolsedijk,2023-08-11,13:00:00,78,29,49,FMN GV 18 Kasterlee
84,Oudemolsedijk,2023-08-11,14:00:00,92,45,47,FMN GV 18 Kasterlee
84,Oudemolsedijk,2023-08-11,15:00:00,85,54,31,FMN GV 18 Kasterlee
84,Oudemolsedijk,2023-08-11,16:00:00,70,36,34,FMN GV 18 Kasterlee
84,Oudemolsedijk,2023-08-11,17:00:00,57,34,23,FMN GV 18 Kasterlee
84,Oudemolsedijk,2023-08-11,18:00:00,29,23,6,FMN GV 18 Kasterlee
84,Oudemolsedijk,2023-08-11,19:00:00,10,5,5,FMN GV 18 Kasterlee
84,Oudemolsedijk,2023-08-11,20:00:00,3,2,1,FMN GV 18 Kasterlee
84,Oudemolsedijk,2023-08-11,21:00:00,8,6,2,FMN GV 18 Kasterlee
84,Oudemolsedijk,2023-08-11,22:00:00,3,1,2,FMN GV 18 Kasterlee
84,Oudemolsedijk,2023-08-11,23:00:00,0,0,0,FMN GV 18 Kasterlee
84,Oudemolsedijk,2023-08-12,00:00:00,3,1,2,FMN GV 18 Kasterlee
84,Oudemolsedijk,2023-08-12,01:00:00,1,0,1,FMN GV 18 Kasterlee
84,Oudemolsedijk,2023-08-12,02:00:00,2,0,2,FMN GV 18 Kasterlee
84,Oudemolsedijk,2023-08-12,03:00:00,0,0,0,FMN GV 18 Kasterlee
84,Oudemolsedijk,2023-08-12,04:00:00,1,0,1,FMN GV 18 Kasterlee
84,Oudemolsedijk,2023-08-12,05:00:00,0,0,0,FMN GV 18 Kasterlee
84,Oudemolsedijk,2023-08-12,06:00:00,22,10,12,FMN GV 18 Kasterlee
84,Oudemolsedijk,2023-08-12,07:00:00,1,0,1,FMN GV 18 Kasterlee
84,Oudemolsedijk,2023-08-12,08:00:00,5,2,3,FMN GV 18 Kasterlee
84,Oudemolsedijk,2023-08-12,09:00:00,8,2,6,FMN GV 18 Kasterlee
84,Oudemolsedijk,2023-08-12,10:00:00,39,2,37,FMN GV 18 Kasterlee
84,Oudemolsedijk,2023-08-12,11:00:00,12,7,5,FMN GV 18 Kasterlee
84,Oudemolsedijk,2023-08-12,12:00:00,24,11,13,FMN GV 18 Kasterlee
84,Oudemolsedijk,2023-08-12,13:00:00,75,34,41,FMN GV 18 Kasterlee
84,Oudemolsedijk,2023-08-12,14:00:00,79,46,33,FMN GV 18 Kasterlee
84,Oudemolsedijk,2023-08-12,15:00:00,88,52,36,FMN GV 18 Kasterlee
84,Oudemolsedijk,2023-08-12,16:00:00,74,26,48,FMN GV 18 Kasterlee
84,Oudemolsedijk,2023-08-12,17:00:00,51,31,20,FMN GV 18 Kasterlee
84,Oudemolsedijk,2023-08-12,18:00:00,25,20,5,FMN GV 18 Kasterlee
84,Oudemolsedijk,2023-08-12,19:00:00,19,12,7,FMN GV 18 Kasterlee
84,Oudemolsedijk,2023-08-12,20:00:00,12,8,4,FMN GV 18 Kasterlee
84,Oudemolsedijk,2023-08-12,21:00:00,5,2,3,FMN GV 18 Kasterlee
84,Oudemolsedijk,2023-08-12,22:00:00,3,1,2,FMN GV 18 Kasterlee
84,Oudemolsedijk,2023-08-12,23:00:00,2,2,0,FMN GV 18 Kasterlee
84,Oudemolsedijk,2023-08-13,00:00:00,1,0,1,FMN GV 18 Kasterlee
84,Oudemolsedijk,2023-08-13,01:00:00,0,0,0,FMN GV 18 Kasterlee
84,Oudemolsedijk,2023-08-13,02:00:00,1,1,0,FMN GV 18 Kasterlee
84,Oudemolsedijk,2023-08-13,03:00:00,1,0,1,FMN GV 18 Kasterlee
84,Oudemolsedijk,2023-08-13,04:00:00,1,0,1,FMN GV 18 Kasterlee
84,Oudemolsedijk,2023-08-13,05:00:00,1,0,1,FMN GV 18 Kasterlee
84,Oudemolsedijk,2023-08-13,06:00:00,2,1,1,FMN GV 18 Kasterlee
84,Oudemolsedijk,2023-08-13,07:00:00,6,2,4,FMN GV 18 Kasterlee
84,Oudemolsedijk,2023-08-13,08:00:00,75,16,59,FMN GV 18 Kasterlee
84,Oudemolsedijk,2023-08-13,09:00:00,108,28,80,FMN GV 18 Kasterlee
84,Oudemolsedijk,2023-08-13,10:00:00,192,74,118,FMN GV 18 Kasterlee
84,Oudemolsedijk,2023-08-13,11:00:00,119,74,45,FMN GV 18 Kasterlee
84,Oudemolsedijk,2023-08-13,12:00:00,73,40,33,FMN GV 18 Kasterlee
84,Oudemolsedijk,2023-08-13,13:00:00,99,39,60,FMN GV 18 Kasterlee
84,Oudemolsedijk,2023-08-13,14:00:00,194,104,90,FMN GV 18 Kasterlee
84,Oudemolsedijk,2023-08-13,15:00:00,137,95,42,FMN GV 18 Kasterlee
84,Oudemolsedijk,2023-08-13,16:00:00,99,43,56,FMN GV 18 Kasterlee
84,Oudemolsedijk,2023-08-13,17:00:00,84,29,55,FMN GV 18 Kasterlee
84,Oudemolsedijk,2023-08-13,18:00:00,58,43,15,FMN GV 18 Kasterlee
84,Oudemolsedijk,2023-08-13,19:00:00,29,13,16,FMN GV 18 Kasterlee
84,Oudemolsedijk,2023-08-13,20:00:00,34,22,12,FMN GV 18 Kasterlee
84,Oudemolsedijk,2023-08-13,21:00:00,18,13,5,FMN GV 18 Kasterlee
84,Oudemolsedijk,2023-08-13,22:00:00,2,1,1,FMN GV 18 Kasterlee
84,Oudemolsedijk,2023-08-13,23:00:00,0,0,0,FMN GV 18 Kasterlee
84,Oudemolsedijk,2023-08-14,00:00:00,0,0,0,FMN GV 18 Kasterlee
84,Oudemolsedijk,2023-08-14,01:00:00,0,0,0,FMN GV 18 Kasterlee
84,Oudemolsedijk,2023-08-14,02:00:00,1,0,1,FMN GV 18 Kasterlee
84,Oudemolsedijk,2023-08-14,03:00:00,1,1,0,FMN GV 18 Kasterlee
84,Oudemolsedijk,2023-08-14,04:00:00,0,0,0,FMN GV 18 Kasterlee
84,Oudemolsedijk,2023-08-14,05:00:00,5,5,0,FMN GV 18 Kasterlee
84,Oudemolsedijk,2023-08-14,06:00:00,8,7,1,FMN GV 18 Kasterlee
84,Oudemolsedijk,2023-08-14,07:00:00,11,5,6,FMN GV 18 Kasterlee
84,Oudemolsedijk,2023-08-14,08:00:00,12,3,9,FMN GV 18 Kasterlee
84,Oudemolsedijk,2023-08-14,09:00:00,18,8,10,FMN GV 18 Kasterlee
84,Oudemolsedijk,2023-08-14,10:00:00,37,23,14,FMN GV 18 Kasterlee
84,Oudemolsedijk,2023-08-14,11:00:00,72,34,38,FMN GV 18 Kasterlee
84,Oudemolsedijk,2023-08-14,12:00:00,85,48,37,FMN GV 18 Kasterlee
84,Oudemolsedijk,2023-08-14,13:00:00,87,53,34,FMN GV 18 Kasterlee
84,Oudemolsedijk,2023-08-14,14:00:00,148,78,70,FMN GV 18 Kasterlee
84,Oudemolsedijk,2023-08-14,15:00:00,121,60,61,FMN GV 18 Kasterlee
84,Oudemolsedijk,2023-08-14,16:00:00,142,70,72,FMN GV 18 Kasterlee
84,Oudemolsedijk,2023-08-14,17:00:00,72,36,36,FMN GV 18 Kasterlee
84,Oudemolsedijk,2023-08-14,18:00:00,47,23,24,FMN GV 18 Kasterlee
84,Oudemolsedijk,2023-08-14,19:00:00,52,26,26,FMN GV 18 Kasterlee
84,Oudemolsedijk,2023-08-14,20:00:00,26,11,15,FMN GV 18 Kasterlee
84,Oudemolsedijk,2023-08-14,21:00:00,20,11,9,FMN GV 18 Kasterlee
84,Oudemolsedijk,2023-08-14,22:00:00,1,0,1,FMN GV 18 Kasterlee
84,Oudemolsedijk,2023-08-14,23:00:00,5,2,3,FMN GV 18 Kasterlee
84,Oudemolsedijk,2023-08-15,00:00:00,0,0,0,FMN GV 18 Kasterlee
84,Oudemolsedijk,2023-08-15,01:00:00,0,0,0,FMN GV 18 Kasterlee
84,Oudemolsedijk,2023-08-15,02:00:00,1,0,1,FMN GV 18 Kasterlee
84,Oudemolsedijk,2023-08-15,03:00:00,0,0,0,FMN GV 18 Kasterlee
84,Oudemolsedijk,2023-08-15,04:00:00,0,0,0,FMN GV 18 Kasterlee
84,Oudemolsedijk,2023-08-15,05:00:00,0,0,0,FMN GV 18 Kasterlee
84,Oudemolsedijk,2023-08-15,06:00:00,4,4,0,FMN GV 18 Kasterlee
84,Oudemolsedijk,2023-08-15,07:00:00,11,2,9,FMN GV 18 Kasterlee
84,Oudemolsedijk,2023-08-15,08:00:00,79,36,43,FMN GV 18 Kasterlee
84,Oudemolsedijk,2023-08-15,09:00:00,43,17,26,FMN GV 18 Kasterlee
84,Oudemolsedijk,2023-08-15,10:00:00,73,32,41,FMN GV 18 Kasterlee
84,Oudemolsedijk,2023-08-15,11:00:00,169,103,66,FMN GV 18 Kasterlee
84,Oudemolsedijk,2023-08-15,12:00:00,74,33,41,FMN GV 18 Kasterlee
84,Oudemolsedijk,2023-08-15,13:00:00,127,68,59,FMN GV 18 Kasterlee
84,Oudemolsedijk,2023-08-15,14:00:00,181,122,59,FMN GV 18 Kasterlee
84,Oudemolsedijk,2023-08-15,15:00:00,154,72,82,FMN GV 18 Kasterlee
84,Oudemolsedijk,2023-08-15,16:00:00,149,81,68,FMN GV 18 Kasterlee
84,Oudemolsedijk,2023-08-15,17:00:00,83,34,49,FMN GV 18 Kasterlee
84,Oudemolsedijk,2023-08-15,18:00:00,49,31,18,FMN GV 18 Kasterlee
84,Oudemolsedijk,2023-08-15,19:00:00,42,23,19,FMN GV 18 Kasterlee
84,Oudemolsedijk,2023-08-15,20:00:00,23,8,15,FMN GV 18 Kasterlee
84,Oudemolsedijk,2023-08-15,21:00:00,9,7,2,FMN GV 18 Kasterlee
84,Oudemolsedijk,2023-08-15,22:00:00,3,2,1,FMN GV 18 Kasterlee
84,Oudemolsedijk,2023-08-15,23:00:00,2,0,2,FMN GV 18 Kasterlee
84,Oudemolsedijk,2023-08-16,00:00:00,0,0,0,FMN GV 18 Kasterlee
84,Oudemolsedijk,2023-08-16,01:00:00,1,0,1,FMN GV 18 Kasterlee
84,Oudemolsedijk,2023-08-16,02:00:00,1,0,1,FMN GV 18 Kasterlee
84,Oudemolsedijk,2023-08-16,03:00:00,1,1,0,FMN GV 18 Kasterlee
84,Oudemolsedijk,2023-08-16,04:00:00,2,2,0,FMN GV 18 Kasterlee
84,Oudemolsedijk,2023-08-16,05:00:00,6,5,1,FMN GV 18 Kasterlee
84,Oudemolsedijk,2023-08-16,06:00:00,14,8,6,FMN GV 18 Kasterlee
84,Oudemolsedijk,2023-08-16,07:00:00,23,13,10,FMN GV 18 Kasterlee
84,Oudemolsedijk,2023-08-16,08:00:00,24,13,11,FMN GV 18 Kasterlee
84,Oudemolsedijk,2023-08-16,09:00:00,37,15,22,FMN GV 18 Kasterlee
84,Oudemolsedijk,2023-08-16,10:00:00,25,12,13,FMN GV 18 Kasterlee
84,Oudemolsedijk,2023-08-16,11:00:00,37,23,14,FMN GV 18 Kasterlee
84,Oudemolsedijk,2023-08-16,12:00:00,58,23,35,FMN GV 18 Kasterlee
84,Oudemolsedijk,2023-08-16,13:00:00,64,40,24,FMN GV 18 Kasterlee
84,Oudemolsedijk,2023-08-16,14:00:00,112,69,43,FMN GV 18 Kasterlee
84,Oudemolsedijk,2023-08-16,15:00:00,96,40,56,FMN GV 18 Kasterlee
84,Oudemolsedijk,2023-08-16,16:00:00,101,64,37,FMN GV 18 Kasterlee
84,Oudemolsedijk,2023-08-16,17:00:00,67,33,34,FMN GV 18 Kasterlee
84,Oudemolsedijk,2023-08-16,18:00:00,54,23,31,FMN GV 18 Kasterlee
84,Oudemolsedijk,2023-08-16,19:00:00,45,17,28,FMN GV 18 Kasterlee
84,Oudemolsedijk,2023-08-16,20:00:00,100,34,66,FMN GV 18 Kasterlee
84,Oudemolsedijk,2023-08-16,21:00:00,3,2,1,FMN GV 18 Kasterlee
84,Oudemolsedijk,2023-08-16,22:00:00,7,2,5,FMN GV 18 Kasterlee
84,Oudemolsedijk,2023-08-16,23:00:00,0,0,0,FMN GV 18 Kasterlee
84,Oudemolsedijk,2023-08-17,00:00:00,0,0,0,FMN GV 18 Kasterlee
84,Oudemolsedijk,2023-08-17,01:00:00,0,0,0,FMN GV 18 Kasterlee
84,Oudemolsedijk,2023-08-17,02:00:00,0,0,0,FMN GV 18 Kasterlee
84,Oudemolsedijk,2023-08-17,03:00:00,0,0,0,FMN GV 18 Kasterlee
84,Oudemolsedijk,2023-08-17,04:00:00,2,2,0,FMN GV 18 Kasterlee
84,Oudemolsedijk,2023-08-17,05:00:00,8,7,1,FMN GV 18 Kasterlee
84,Oudemolsedijk,2023-08-17,06:00:00,21,10,11,FMN GV 18 Kasterlee
84,Oudemolsedijk,2023-08-17,07:00:00,24,12,12,FMN GV 18 Kasterlee
84,Oudemolsedijk,2023-08-17,08:00:00,24,14,10,FMN GV 18 Kasterlee
84,Oudemolsedijk,2023-08-17,09:00:00,27,9,18,FMN GV 18 Kasterlee
84,Oudemolsedijk,2023-08-17,10:00:00,19,7,12,FMN GV 18 Kasterlee
84,Oudemolsedijk,2023-08-17,11:00:00,55,28,27,FMN GV 18 Kasterlee
84,Oudemolsedijk,2023-08-17,12:00:00,34,14,20,FMN GV 18 Kasterlee
84,Oudemolsedijk,2023-08-17,13:00:00,68,19,49,FMN GV 18 Kasterlee
84,Oudemolsedijk,2023-08-17,14:00:00,81,47,34,FMN GV 18 Kasterlee
84,Oudemolsedijk,2023-08-17,15:00:00,90,59,31,FMN GV 18 Kasterlee
84,Oudemolsedijk,2023-08-17,16:00:00,72,37,35,FMN GV 18 Kasterlee
84,Oudemolsedijk,2023-08-17,17:00:00,60,32,28,FMN GV 18 Kasterlee
84,Oudemolsedijk,2023-08-17,18:00:00,30,20,10,FMN GV 18 Kasterlee
84,Oudemolsedijk,2023-08-17,19:00:00,39,22,17,FMN GV 18 Kasterlee
84,Oudemolsedijk,2023-08-17,20:00:00,34,10,24,FMN GV 18 Kasterlee
84,Oudemolsedijk,2023-08-17,21:00:00,10,0,10,FMN GV 18 Kasterlee
84,Oudemolsedijk,2023-08-17,22:00:00,14,1,13,FMN GV 18 Kasterlee
84,Oudemolsedijk,2023-08-17,23:00:00,3,1,2,FMN GV 18 Kasterlee
84,Oudemolsedijk,2023-08-18,00:00:00,0,0,0,FMN GV 18 Kasterlee
84,Oudemolsedijk,2023-08-18,01:00:00,0,0,0,FMN GV 18 Kasterlee
84,Oudemolsedijk,2023-08-18,02:00:00,0,0,0,FMN GV 18 Kasterlee
84,Oudemolsedijk,2023-08-18,03:00:00,0,0,0,FMN GV 18 Kasterlee
84,Oudemolsedijk,2023-08-18,04:00:00,1,1,0,FMN GV 18 Kasterlee
84,Oudemolsedijk,2023-08-18,05:00:00,5,4,1,FMN GV 18 Kasterlee
84,Oudemolsedijk,2023-08-18,06:00:00,17,8,9,FMN GV 18 Kasterlee
84,Oudemolsedijk,2023-08-18,07:00:00,19,10,9,FMN GV 18 Kasterlee
84,Oudemolsedijk,2023-08-18,08:00:00,18,13,5,FMN GV 18 Kasterlee
84,Oudemolsedijk,2023-08-18,09:00:00,23,8,15,FMN GV 18 Kasterlee
84,Oudemolsedijk,2023-08-18,10:00:00,22,9,13,FMN GV 18 Kasterlee
84,Oudemolsedijk,2023-08-18,11:00:00,30,15,15,FMN GV 18 Kasterlee
84,Oudemolsedijk,2023-08-18,12:00:00,46,23,23,FMN GV 18 Kasterlee
84,Oudemolsedijk,2023-08-18,13:00:00,58,23,35,FMN GV 18 Kasterlee
84,Oudemolsedijk,2023-08-18,14:00:00,110,57,53,FMN GV 18 Kasterlee
84,Oudemolsedijk,2023-08-18,15:00:00,72,38,34,FMN GV 18 Kasterlee
84,Oudemolsedijk,2023-08-18,16:00:00,101,51,50,FMN GV 18 Kasterlee
84,Oudemolsedijk,2023-08-18,17:00:00,58,33,25,FMN GV 18 Kasterlee
84,Oudemolsedijk,2023-08-18,18:00:00,53,30,23,FMN GV 18 Kasterlee
84,Oudemolsedijk,2023-08-18,19:00:00,45,25,20,FMN GV 18 Kasterlee
84,Oudemolsedijk,2023-08-18,20:00:00,12,7,5,FMN GV 18 Kasterlee
84,Oudemolsedijk,2023-08-18,21:00:00,11,6,5,FMN GV 18 Kasterlee
84,Oudemolsedijk,2023-08-18,22:00:00,11,1,10,FMN GV 18 Kasterlee
84,Oudemolsedijk,2023-08-18,23:00:00,9,4,5,FMN GV 18 Kasterlee
84,Oudemolsedijk,2023-08-19,00:00:00,2,1,1,FMN GV 18 Kasterlee
84,Oudemolsedijk,2023-08-19,01:00:00,0,0,0,FMN GV 18 Kasterlee
84,Oudemolsedijk,2023-08-19,02:00:00,1,1,0,FMN GV 18 Kasterlee
84,Oudemolsedijk,2023-08-19,03:00:00,1,1,0,FMN GV 18 Kasterlee
84,Oudemolsedijk,2023-08-19,04:00:00,0,0,0,FMN GV 18 Kasterlee
84,Oudemolsedijk,2023-08-19,05:00:00,1,1,0,FMN GV 18 Kasterlee
84,Oudemolsedijk,2023-08-19,06:00:00,1,0,1,FMN GV 18 Kasterlee
84,Oudemolsedijk,2023-08-19,07:00:00,8,2,6,FMN GV 18 Kasterlee
84,Oudemolsedijk,2023-08-19,08:00:00,22,8,14,FMN GV 18 Kasterlee
84,Oudemolsedijk,2023-08-19,09:00:00,25,9,16,FMN GV 18 Kasterlee
84,Oudemolsedijk,2023-08-19,10:00:00,54,27,27,FMN GV 18 Kasterlee
84,Oudemolsedijk,2023-08-19,11:00:00,62,41,21,FMN GV 18 Kasterlee
84,Oudemolsedijk,2023-08-19,12:00:00,47,17,30,FMN GV 18 Kasterlee
84,Oudemolsedijk,2023-08-19,13:00:00,70,33,37,FMN GV 18 Kasterlee
84,Oudemolsedijk,2023-08-19,14:00:00,73,49,24,FMN GV 18 Kasterlee
84,Oudemolsedijk,2023-08-19,15:00:00,80,48,32,FMN GV 18 Kasterlee
84,Oudemolsedijk,2023-08-19,16:00:00,74,54,20,FMN GV 18 Kasterlee
84,Oudemolsedijk,2023-08-19,17:00:00,47,12,35,FMN GV 18 Kasterlee
84,Oudemolsedijk,2023-08-19,18:00:00,47,29,18,FMN GV 18 Kasterlee
84,Oudemolsedijk,2023-08-19,19:00:00,50,27,23,FMN GV 18 Kasterlee
84,Oudemolsedijk,2023-08-19,20:00:00,11,6,5,FMN GV 18 Kasterlee
84,Oudemolsedijk,2023-08-19,21:00:00,11,8,3,FMN GV 18 Kasterlee
84,Oudemolsedijk,2023-08-19,22:00:00,5,2,3,FMN GV 18 Kasterlee
84,Oudemolsedijk,2023-08-19,23:00:00,1,0,1,FMN GV 18 Kasterlee
84,Oudemolsedijk,2023-08-20,00:00:00,1,0,1,FMN GV 18 Kasterlee
84,Oudemolsedijk,2023-08-20,01:00:00,3,2,1,FMN GV 18 Kasterlee
84,Oudemolsedijk,2023-08-20,02:00:00,3,3,0,FMN GV 18 Kasterlee
84,Oudemolsedijk,2023-08-20,03:00:00,1,0,1,FMN GV 18 Kasterlee
84,Oudemolsedijk,2023-08-20,04:00:00,1,1,0,FMN GV 18 Kasterlee
84,Oudemolsedijk,2023-08-20,05:00:00,1,0,1,FMN GV 18 Kasterlee
84,Oudemolsedijk,2023-08-20,06:00:00,1,1,0,FMN GV 18 Kasterlee
84,Oudemolsedijk,2023-08-20,07:00:00,19,4,15,FMN GV 18 Kasterlee
84,Oudemolsedijk,2023-08-20,08:00:00,41,23,18,FMN GV 18 Kasterlee
84,Oudemolsedijk,2023-08-20,09:00:00,214,77,137,FMN GV 18 Kasterlee
84,Oudemolsedijk,2023-08-20,10:00:00,131,59,72,FMN GV 18 Kasterlee
84,Oudemolsedijk,2023-08-20,11:00:00,147,93,54,FMN GV 18 Kasterlee
84,Oudemolsedijk,2023-08-20,12:00:00,102,61,41,FMN GV 18 Kasterlee
84,Oudemolsedijk,2023-08-20,13:00:00,108,43,65,FMN GV 18 Kasterlee
84,Oudemolsedijk,2023-08-20,14:00:00,152,82,70,FMN GV 18 Kasterlee
84,Oudemolsedijk,2023-08-20,15:00:00,131,68,63,FMN GV 18 Kasterlee
84,Oudemolsedijk,2023-08-20,16:00:00,147,73,74,FMN GV 18 Kasterlee
84,Oudemolsedijk,2023-08-20,17:00:00,74,38,36,FMN GV 18 Kasterlee
84,Oudemolsedijk,2023-08-20,18:00:00,29,19,10,FMN GV 18 Kasterlee
84,Oudemolsedijk,2023-08-20,19:00:00,31,6,25,FMN GV 18 Kasterlee
84,Oudemolsedijk,2023-08-20,20:00:00,20,15,5,FMN GV 18 Kasterlee
84,Oudemolsedijk,2023-08-20,21:00:00,2,2,0,FMN GV 18 Kasterlee
84,Oudemolsedijk,2023-08-20,22:00:00,3,2,1,FMN GV 18 Kasterlee
84,Oudemolsedijk,2023-08-20,23:00:00,1,0,1,FMN GV 18 Kasterlee
84,Oudemolsedijk,2023-08-21,00:00:00,1,1,0,FMN GV 18 Kasterlee
84,Oudemolsedijk,2023-08-21,01:00:00,2,0,2,FMN GV 18 Kasterlee
84,Oudemolsedijk,2023-08-21,02:00:00,1,0,1,FMN GV 18 Kasterlee
84,Oudemolsedijk,2023-08-21,03:00:00,0,0,0,FMN GV 18 Kasterlee
84,Oudemolsedijk,2023-08-21,04:00:00,0,0,0,FMN GV 18 Kasterlee
84,Oudemolsedijk,2023-08-21,05:00:00,4,4,0,FMN GV 18 Kasterlee
84,Oudemolsedijk,2023-08-21,06:00:00,20,11,9,FMN GV 18 Kasterlee
84,Oudemolsedijk,2023-08-21,07:00:00,27,12,15,FMN GV 18 Kasterlee
84,Oudemolsedijk,2023-08-21,08:00:00,23,11,12,FMN GV 18 Kasterlee
84,Oudemolsedijk,2023-08-21,09:00:00,25,9,16,FMN GV 18 Kasterlee
84,Oudemolsedijk,2023-08-21,10:00:00,33,18,15,FMN GV 18 Kasterlee
84,Oudemolsedijk,2023-08-21,11:00:00,36,15,21,FMN GV 18 Kasterlee
84,Oudemolsedijk,2023-08-21,12:00:00,41,27,14,FMN GV 18 Kasterlee
84,Oudemolsedijk,2023-08-21,13:00:00,90,54,36,FMN GV 18 Kasterlee
84,Oudemolsedijk,2023-08-21,14:00:00,92,56,36,FMN GV 18 Kasterlee
84,Oudemolsedijk,2023-08-21,15:00:00,94,48,46,FMN GV 18 Kasterlee
84,Oudemolsedijk,2023-08-21,16:00:00,88,46,42,FMN GV 18 Kasterlee
84,Oudemolsedijk,2023-08-21,17:00:00,55,27,28,FMN GV 18 Kasterlee
84,Oudemolsedijk,2023-08-21,18:00:00,34,12,22,FMN GV 18 Kasterlee
84,Oudemolsedijk,2023-08-21,19:00:00,37,27,10,FMN GV 18 Kasterlee
84,Oudemolsedijk,2023-08-21,20:00:00,31,17,14,FMN GV 18 Kasterlee
84,Oudemolsedijk,2023-08-21,21:00:00,9,4,5,FMN GV 18 Kasterlee
84,Oudemolsedijk,2023-08-21,22:00:00,5,1,4,FMN GV 18 Kasterlee
84,Oudemolsedijk,2023-08-21,23:00:00,2,1,1,FMN GV 18 Kasterlee
84,Oudemolsedijk,2023-08-22,00:00:00,0,0,0,FMN GV 18 Kasterlee
84,Oudemolsedijk,2023-08-22,01:00:00,0,0,0,FMN GV 18 Kasterlee
84,Oudemolsedijk,2023-08-22,02:00:00,0,0,0,FMN GV 18 Kasterlee
84,Oudemolsedijk,2023-08-22,03:00:00,0,0,0,FMN GV 18 Kasterlee
84,Oudemolsedijk,2023-08-22,04:00:00,1,1,0,FMN GV 18 Kasterlee
84,Oudemolsedijk,2023-08-22,05:00:00,7,6,1,FMN GV 18 Kasterlee
84,Oudemolsedijk,2023-08-22,06:00:00,21,8,13,FMN GV 18 Kasterlee
84,Oudemolsedijk,2023-08-22,07:00:00,32,15,17,FMN GV 18 Kasterlee
84,Oudemolsedijk,2023-08-22,08:00:00,26,12,14,FMN GV 18 Kasterlee
84,Oudemolsedijk,2023-08-22,09:00:00,30,12,18,FMN GV 18 Kasterlee
84,Oudemolsedijk,2023-08-22,10:00:00,78,35,43,FMN GV 18 Kasterlee
84,Oudemolsedijk,2023-08-22,11:00:00,29,19,10,FMN GV 18 Kasterlee
84,Oudemolsedijk,2023-08-22,12:00:00,29,18,11,FMN GV 18 Kasterlee
84,Oudemolsedijk,2023-08-22,13:00:00,83,42,41,FMN GV 18 Kasterlee
84,Oudemolsedijk,2023-08-22,14:00:00,111,57,54,FMN GV 18 Kasterlee
84,Oudemolsedijk,2023-08-22,15:00:00,107,62,45,FMN GV 18 Kasterlee
84,Oudemolsedijk,2023-08-22,16:00:00,75,41,34,FMN GV 18 Kasterlee
84,Oudemolsedijk,2023-08-22,17:00:00,86,43,43,FMN GV 18 Kasterlee
84,Oudemolsedijk,2023-08-22,18:00:00,53,25,28,FMN GV 18 Kasterlee
84,Oudemolsedijk,2023-08-22,19:00:00,26,12,14,FMN GV 18 Kasterlee
84,Oudemolsedijk,2023-08-22,20:00:00,22,11,11,FMN GV 18 Kasterlee
84,Oudemolsedijk,2023-08-22,21:00:00,17,9,8,FMN GV 18 Kasterlee
84,Oudemolsedijk,2023-08-22,22:00:00,5,1,4,FMN GV 18 Kasterlee
84,Oudemolsedijk,2023-08-22,23:00:00,0,0,0,FMN GV 18 Kasterlee
84,Oudemolsedijk,2023-08-23,00:00:00,2,1,1,FMN GV 18 Kasterlee
84,Oudemolsedijk,2023-08-23,01:00:00,0,0,0,FMN GV 18 Kasterlee
84,Oudemolsedijk,2023-08-23,02:00:00,0,0,0,FMN GV 18 Kasterlee
84,Oudemolsedijk,2023-08-23,03:00:00,0,0,0,FMN GV 18 Kasterlee
84,Oudemolsedijk,2023-08-23,04:00:00,0,0,0,FMN GV 18 Kasterlee
84,Oudemolsedijk,2023-08-23,05:00:00,6,5,1,FMN GV 18 Kasterlee
84,Oudemolsedijk,2023-08-23,06:00:00,18,4,14,FMN GV 18 Kasterlee
84,Oudemolsedijk,2023-08-23,07:00:00,24,11,13,FMN GV 18 Kasterlee
84,Oudemolsedijk,2023-08-23,08:00:00,24,9,15,FMN GV 18 Kasterlee
84,Oudemolsedijk,2023-08-23,09:00:00,33,15,18,FMN GV 18 Kasterlee
84,Oudemolsedijk,2023-08-23,10:00:00,39,25,14,FMN GV 18 Kasterlee
84,Oudemolsedijk,2023-08-23,11:00:00,65,52,13,FMN GV 18 Kasterlee
84,Oudemolsedijk,2023-08-23,12:00:00,35,19,16,FMN GV 18 Kasterlee
84,Oudemolsedijk,2023-08-23,13:00:00,95,54,41,FMN GV 18 Kasterlee
84,Oudemolsedijk,2023-08-23,14:00:00,114,49,65,FMN GV 18 Kasterlee
84,Oudemolsedijk,2023-08-23,15:00:00,72,40,32,FMN GV 18 Kasterlee
84,Oudemolsedijk,2023-08-23,16:00:00,108,67,41,FMN GV 18 Kasterlee
84,Oudemolsedijk,2023-08-23,17:00:00,87,45,42,FMN GV 18 Kasterlee
84,Oudemolsedijk,2023-08-23,18:00:00,63,37,26,FMN GV 18 Kasterlee
84,Oudemolsedijk,2023-08-23,19:00:00,66,39,27,FMN GV 18 Kasterlee
84,Oudemolsedijk,2023-08-23,20:00:00,61,45,16,FMN GV 18 Kasterlee
84,Oudemolsedijk,2023-08-23,21:00:00,17,6,11,FMN GV 18 Kasterlee
84,Oudemolsedijk,2023-08-23,22:00:00,7,0,7,FMN GV 18 Kasterlee
84,Oudemolsedijk,2023-08-23,23:00:00,1,0,1,FMN GV 18 Kasterlee
84,Oudemolsedijk,2023-08-24,00:00:00,4,2,2,FMN GV 18 Kasterlee
84,Oudemolsedijk,2023-08-24,01:00:00,0,0,0,FMN GV 18 Kasterlee
84,Oudemolsedijk,2023-08-24,02:00:00,2,2,0,FMN GV 18 Kasterlee
84,Oudemolsedijk,2023-08-24,03:00:00,1,1,0,FMN GV 18 Kasterlee
84,Oudemolsedijk,2023-08-24,04:00:00,1,0,1,FMN GV 18 Kasterlee
84,Oudemolsedijk,2023-08-24,05:00:00,3,3,0,FMN GV 18 Kasterlee
84,Oudemolsedijk,2023-08-24,06:00:00,17,8,9,FMN GV 18 Kasterlee
84,Oudemolsedijk,2023-08-24,07:00:00,26,11,15,FMN GV 18 Kasterlee
84,Oudemolsedijk,2023-08-24,08:00:00,29,16,13,FMN GV 18 Kasterlee
84,Oudemolsedijk,2023-08-24,09:00:00,49,17,32,FMN GV 18 Kasterlee
84,Oudemolsedijk,2023-08-24,10:00:00,29,15,14,FMN GV 18 Kasterlee
84,Oudemolsedijk,2023-08-24,11:00:00,34,18,16,FMN GV 18 Kasterlee
84,Oudemolsedijk,2023-08-24,12:00:00,30,17,13,FMN GV 18 Kasterlee
84,Oudemolsedijk,2023-08-24,13:00:00,8,3,5,FMN GV 18 Kasterlee
84,Oudemolsedijk,2023-08-24,14:00:00,21,18,3,FMN GV 18 Kasterlee
84,Oudemolsedijk,2023-08-24,15:00:00,42,12,30,FMN GV 18 Kasterlee
84,Oudemolsedijk,2023-08-24,16:00:00,18,8,10,FMN GV 18 Kasterlee
84,Oudemolsedijk,2023-08-24,17:00:00,29,12,17,FMN GV 18 Kasterlee
84,Oudemolsedijk,2023-08-24,18:00:00,25,12,13,FMN GV 18 Kasterlee
84,Oudemolsedijk,2023-08-24,19:00:00,30,19,11,FMN GV 18 Kasterlee
84,Oudemolsedijk,2023-08-24,20:00:00,48,35,13,FMN GV 18 Kasterlee
84,Oudemolsedijk,2023-08-24,21:00:00,7,2,5,FMN GV 18 Kasterlee
84,Oudemolsedijk,2023-08-24,22:00:00,6,1,5,FMN GV 18 Kasterlee
84,Oudemolsedijk,2023-08-24,23:00:00,1,1,0,FMN GV 18 Kasterlee
84,Oudemolsedijk,2023-08-25,00:00:00,1,1,0,FMN GV 18 Kasterlee
84,Oudemolsedijk,2023-08-25,01:00:00,0,0,0,FMN GV 18 Kasterlee
84,Oudemolsedijk,2023-08-25,02:00:00,0,0,0,FMN GV 18 Kasterlee
84,Oudemolsedijk,2023-08-25,03:00:00,0,0,0,FMN GV 18 Kasterlee
84,Oudemolsedijk,2023-08-25,04:00:00,1,1,0,FMN GV 18 Kasterlee
84,Oudemolsedijk,2023-08-25,05:00:00,2,2,0,FMN GV 18 Kasterlee
84,Oudemolsedijk,2023-08-25,06:00:00,13,6,7,FMN GV 18 Kasterlee
84,Oudemolsedijk,2023-08-25,07:00:00,10,5,5,FMN GV 18 Kasterlee
84,Oudemolsedijk,2023-08-25,08:00:00,20,10,10,FMN GV 18 Kasterlee
84,Oudemolsedijk,2023-08-25,09:00:00,7,3,4,FMN GV 18 Kasterlee
84,Oudemolsedijk,2023-08-25,10:00:00,11,6,5,FMN GV 18 Kasterlee
84,Oudemolsedijk,2023-08-25,11:00:00,21,7,14,FMN GV 18 Kasterlee
84,Oudemolsedijk,2023-08-25,12:00:00,8,4,4,FMN GV 18 Kasterlee
84,Oudemolsedijk,2023-08-25,13:00:00,5,3,2,FMN GV 18 Kasterlee
84,Oudemolsedijk,2023-08-25,14:00:00,7,6,1,FMN GV 18 Kasterlee
84,Oudemolsedijk,2023-08-25,15:00:00,25,13,12,FMN GV 18 Kasterlee
84,Oudemolsedijk,2023-08-25,16:00:00,26,17,9,FMN GV 18 Kasterlee
84,Oudemolsedijk,2023-08-25,17:00:00,10,4,6,FMN GV 18 Kasterlee
84,Oudemolsedijk,2023-08-25,18:00:00,12,7,5,FMN GV 18 Kasterlee
84,Oudemolsedijk,2023-08-25,19:00:00,2,2,0,FMN GV 18 Kasterlee
84,Oudemolsedijk,2023-08-25,20:00:00,28,16,12,FMN GV 18 Kasterlee
84,Oudemolsedijk,2023-08-25,21:00:00,3,1,2,FMN GV 18 Kasterlee
84,Oudemolsedijk,2023-08-25,22:00:00,2,1,1,FMN GV 18 Kasterlee
84,Oudemolsedijk,2023-08-25,23:00:00,4,3,1,FMN GV 18 Kasterlee
84,Oudemolsedijk,2023-08-26,00:00:00,1,1,0,FMN GV 18 Kasterlee
84,Oudemolsedijk,2023-08-26,01:00:00,1,1,0,FMN GV 18 Kasterlee
84,Oudemolsedijk,2023-08-26,02:00:00,0,0,0,FMN GV 18 Kasterlee
84,Oudemolsedijk,2023-08-26,03:00:00,0,0,0,FMN GV 18 Kasterlee
84,Oudemolsedijk,2023-08-26,04:00:00,2,1,1,FMN GV 18 Kasterlee
84,Oudemolsedijk,2023-08-26,05:00:00,0,0,0,FMN GV 18 Kasterlee
84,Oudemolsedijk,2023-08-26,06:00:00,3,2,1,FMN GV 18 Kasterlee
84,Oudemolsedijk,2023-08-26,07:00:00,4,0,4,FMN GV 18 Kasterlee
84,Oudemolsedijk,2023-08-26,08:00:00,19,2,17,FMN GV 18 Kasterlee
84,Oudemolsedijk,2023-08-26,09:00:00,25,10,15,FMN GV 18 Kasterlee
84,Oudemolsedijk,2023-08-26,10:00:00,53,13,40,FMN GV 18 Kasterlee
84,Oudemolsedijk,2023-08-26,11:00:00,49,33,16,FMN GV 18 Kasterlee
84,Oudemolsedijk,2023-08-26,12:00:00,39,16,23,FMN GV 18 Kasterlee
84,Oudemolsedijk,2023-08-26,13:00:00,82,40,42,FMN GV 18 Kasterlee
84,Oudemolsedijk,2023-08-26,14:00:00,79,42,37,FMN GV 18 Kasterlee
84,Oudemolsedijk,2023-08-26,15:00:00,72,36,36,FMN GV 18 Kasterlee
84,Oudemolsedijk,2023-08-26,16:00:00,64,31,33,FMN GV 18 Kasterlee
84,Oudemolsedijk,2023-08-26,17:00:00,22,19,3,FMN GV 18 Kasterlee
84,Oudemolsedijk,2023-08-26,18:00:00,15,6,9,FMN GV 18 Kasterlee
84,Oudemolsedijk,2023-08-26,19:00:00,6,2,4,FMN GV 18 Kasterlee
84,Oudemolsedijk,2023-08-26,20:00:00,10,4,6,FMN GV 18 Kasterlee
84,Oudemolsedijk,2023-08-26,21:00:00,0,0,0,FMN GV 18 Kasterlee
84,Oudemolsedijk,2023-08-26,22:00:00,1,1,0,FMN GV 18 Kasterlee
84,Oudemolsedijk,2023-08-26,23:00:00,1,1,0,FMN GV 18 Kasterlee
84,Oudemolsedijk,2023-08-27,00:00:00,1,1,0,FMN GV 18 Kasterlee
84,Oudemolsedijk,2023-08-27,01:00:00,1,1,0,FMN GV 18 Kasterlee
84,Oudemolsedijk,2023-08-27,02:00:00,0,0,0,FMN GV 18 Kasterlee
84,Oudemolsedijk,2023-08-27,03:00:00,0,0,0,FMN GV 18 Kasterlee
84,Oudemolsedijk,2023-08-27,04:00:00,1,1,0,FMN GV 18 Kasterlee
84,Oudemolsedijk,2023-08-27,05:00:00,0,0,0,FMN GV 18 Kasterlee
84,Oudemolsedijk,2023-08-27,06:00:00,2,2,0,FMN GV 18 Kasterlee
84,Oudemolsedijk,2023-08-27,07:00:00,7,1,6,FMN GV 18 Kasterlee
84,Oudemolsedijk,2023-08-27,08:00:00,34,17,17,FMN GV 18 Kasterlee
84,Oudemolsedijk,2023-08-27,09:00:00,106,42,64,FMN GV 18 Kasterlee
84,Oudemolsedijk,2023-08-27,10:00:00,102,53,49,FMN GV 18 Kasterlee
84,Oudemolsedijk,2023-08-27,11:00:00,66,42,24,FMN GV 18 Kasterlee
84,Oudemolsedijk,2023-08-27,12:00:00,55,33,22,FMN GV 18 Kasterlee
84,Oudemolsedijk,2023-08-27,13:00:00,30,13,17,FMN GV 18 Kasterlee
84,Oudemolsedijk,2023-08-27,14:00:00,22,9,13,FMN GV 18 Kasterlee
84,Oudemolsedijk,2023-08-27,15:00:00,22,11,11,FMN GV 18 Kasterlee
84,Oudemolsedijk,2023-08-27,16:00:00,22,15,7,FMN GV 18 Kasterlee
84,Oudemolsedijk,2023-08-27,17:00:00,22,9,13,FMN GV 18 Kasterlee
84,Oudemolsedijk,2023-08-27,18:00:00,15,5,10,FMN GV 18 Kasterlee
84,Oudemolsedijk,2023-08-27,19:00:00,12,5,7,FMN GV 18 Kasterlee
84,Oudemolsedijk,2023-08-27,20:00:00,14,7,7,FMN GV 18 Kasterlee
84,Oudemolsedijk,2023-08-27,21:00:00,2,1,1,FMN GV 18 Kasterlee
84,Oudemolsedijk,2023-08-27,22:00:00,2,1,1,FMN GV 18 Kasterlee
84,Oudemolsedijk,2023-08-27,23:00:00,2,0,2,FMN GV 18 Kasterlee
84,Oudemolsedijk,2023-08-28,00:00:00,0,0,0,FMN GV 18 Kasterlee
84,Oudemolsedijk,2023-08-28,01:00:00,0,0,0,FMN GV 18 Kasterlee
84,Oudemolsedijk,2023-08-28,02:00:00,0,0,0,FMN GV 18 Kasterlee
84,Oudemolsedijk,2023-08-28,03:00:00,1,1,0,FMN GV 18 Kasterlee
84,Oudemolsedijk,2023-08-28,04:00:00,1,1,0,FMN GV 18 Kasterlee
84,Oudemolsedijk,2023-08-28,05:00:00,6,6,0,FMN GV 18 Kasterlee
84,Oudemolsedijk,2023-08-28,06:00:00,14,5,9,FMN GV 18 Kasterlee
84,Oudemolsedijk,2023-08-28,07:00:00,32,17,15,FMN GV 18 Kasterlee
84,Oudemolsedijk,2023-08-28,08:00:00,23,19,4,FMN GV 18 Kasterlee
84,Oudemolsedijk,2023-08-28,09:00:00,10,4,6,FMN GV 18 Kasterlee
84,Oudemolsedijk,2023-08-28,10:00:00,20,13,7,FMN GV 18 Kasterlee
84,Oudemolsedijk,2023-08-28,11:00:00,20,13,7,FMN GV 18 Kasterlee
84,Oudemolsedijk,2023-08-28,12:00:00,24,15,9,FMN GV 18 Kasterlee
84,Oudemolsedijk,2023-08-28,13:00:00,22,4,18,FMN GV 18 Kasterlee
84,Oudemolsedijk,2023-08-28,14:00:00,16,7,9,FMN GV 18 Kasterlee
84,Oudemolsedijk,2023-08-28,15:00:00,32,15,17,FMN GV 18 Kasterlee
84,Oudemolsedijk,2023-08-28,16:00:00,43,23,20,FMN GV 18 Kasterlee
84,Oudemolsedijk,2023-08-28,17:00:00,40,25,15,FMN GV 18 Kasterlee
84,Oudemolsedijk,2023-08-28,18:00:00,15,8,7,FMN GV 18 Kasterlee
84,Oudemolsedijk,2023-08-28,19:00:00,11,5,6,FMN GV 18 Kasterlee
84,Oudemolsedijk,2023-08-28,20:00:00,7,5,2,FMN GV 18 Kasterlee
84,Oudemolsedijk,2023-08-28,21:00:00,3,3,0,FMN GV 18 Kasterlee
84,Oudemolsedijk,2023-08-28,22:00:00,3,2,1,FMN GV 18 Kasterlee
84,Oudemolsedijk,2023-08-28,23:00:00,1,1,0,FMN GV 18 Kasterlee
84,Oudemolsedijk,2023-08-29,00:00:00,0,0,0,FMN GV 18 Kasterlee
84,Oudemolsedijk,2023-08-29,01:00:00,0,0,0,FMN GV 18 Kasterlee
84,Oudemolsedijk,2023-08-29,02:00:00,0,0,0,FMN GV 18 Kasterlee
84,Oudemolsedijk,2023-08-29,03:00:00,1,1,0,FMN GV 18 Kasterlee
84,Oudemolsedijk,2023-08-29,04:00:00,0,0,0,FMN GV 18 Kasterlee
84,Oudemolsedijk,2023-08-29,05:00:00,8,8,0,FMN GV 18 Kasterlee
84,Oudemolsedijk,2023-08-29,06:00:00,18,8,10,FMN GV 18 Kasterlee
84,Oudemolsedijk,2023-08-29,07:00:00,28,14,14,FMN GV 18 Kasterlee
84,Oudemolsedijk,2023-08-29,08:00:00,30,8,22,FMN GV 18 Kasterlee
84,Oudemolsedijk,2023-08-29,09:00:00,21,6,15,FMN GV 18 Kasterlee
84,Oudemolsedijk,2023-08-29,10:00:00,25,11,14,FMN GV 18 Kasterlee
84,Oudemolsedijk,2023-08-29,11:00:00,16,9,7,FMN GV 18 Kasterlee
84,Oudemolsedijk,2023-08-29,12:00:00,29,11,18,FMN GV 18 Kasterlee
84,Oudemolsedijk,2023-08-29,13:00:00,65,27,38,FMN GV 18 Kasterlee
84,Oudemolsedijk,2023-08-29,14:00:00,80,51,29,FMN GV 18 Kasterlee
84,Oudemolsedijk,2023-08-29,15:00:00,97,47,50,FMN GV 18 Kasterlee
84,Oudemolsedijk,2023-08-29,16:00:00,72,51,21,FMN GV 18 Kasterlee
84,Oudemolsedijk,2023-08-29,17:00:00,51,33,18,FMN GV 18 Kasterlee
84,Oudemolsedijk,2023-08-29,18:00:00,28,11,17,FMN GV 18 Kasterlee
84,Oudemolsedijk,2023-08-29,19:00:00,49,36,13,FMN GV 18 Kasterlee
84,Oudemolsedijk,2023-08-29,20:00:00,36,27,9,FMN GV 18 Kasterlee
84,Oudemolsedijk,2023-08-29,21:00:00,17,14,3,FMN GV 18 Kasterlee
84,Oudemolsedijk,2023-08-29,22:00:00,3,2,1,FMN GV 18 Kasterlee
84,Oudemolsedijk,2023-08-29,23:00:00,4,1,3,FMN GV 18 Kasterlee
84,Oudemolsedijk,2023-08-30,00:00:00,2,0,2,FMN GV 18 Kasterlee
84,Oudemolsedijk,2023-08-30,01:00:00,0,0,0,FMN GV 18 Kasterlee
84,Oudemolsedijk,2023-08-30,02:00:00,0,0,0,FMN GV 18 Kasterlee
84,Oudemolsedijk,2023-08-30,03:00:00,0,0,0,FMN GV 18 Kasterlee
84,Oudemolsedijk,2023-08-30,04:00:00,2,0,2,FMN GV 18 Kasterlee
84,Oudemolsedijk,2023-08-30,05:00:00,5,5,0,FMN GV 18 Kasterlee
84,Oudemolsedijk,2023-08-30,06:00:00,16,5,11,FMN GV 18 Kasterlee
84,Oudemolsedijk,2023-08-30,07:00:00,22,12,10,FMN GV 18 Kasterlee
84,Oudemolsedijk,2023-08-30,08:00:00,9,7,2,FMN GV 18 Kasterlee
84,Oudemolsedijk,2023-08-30,09:00:00,3,1,2,FMN GV 18 Kasterlee
84,Oudemolsedijk,2023-08-30,10:00:00,5,4,1,FMN GV 18 Kasterlee
84,Oudemolsedijk,2023-08-30,11:00:00,8,3,5,FMN GV 18 Kasterlee
84,Oudemolsedijk,2023-08-30,12:00:00,20,5,15,FMN GV 18 Kasterlee
84,Oudemolsedijk,2023-08-30,13:00:00,15,5,10,FMN GV 18 Kasterlee
84,Oudemolsedijk,2023-08-30,14:00:00,34,27,7,FMN GV 18 Kasterlee
84,Oudemolsedijk,2023-08-30,15:00:00,40,11,29,FMN GV 18 Kasterlee
84,Oudemolsedijk,2023-08-30,16:00:00,34,23,11,FMN GV 18 Kasterlee
84,Oudemolsedijk,2023-08-30,17:00:00,37,22,15,FMN GV 18 Kasterlee
84,Oudemolsedijk,2023-08-30,18:00:00,38,17,21,FMN GV 18 Kasterlee
84,Oudemolsedijk,2023-08-30,19:00:00,56,17,39,FMN GV 18 Kasterlee
84,Oudemolsedijk,2023-08-30,20:00:00,21,19,2,FMN GV 18 Kasterlee
84,Oudemolsedijk,2023-08-30,21:00:00,9,7,2,FMN GV 18 Kasterlee
84,Oudemolsedijk,2023-08-30,22:00:00,2,1,1,FMN GV 18 Kasterlee
84,Oudemolsedijk,2023-08-30,23:00:00,0,0,0,FMN GV 18 Kasterlee
84,Oudemolsedijk,2023-08-31,00:00:00,0,0,0,FMN GV 18 Kasterlee
84,Oudemolsedijk,2023-08-31,01:00:00,0,0,0,FMN GV 18 Kasterlee
84,Oudemolsedijk,2023-08-31,02:00:00,0,0,0,FMN GV 18 Kasterlee
84,Oudemolsedijk,2023-08-31,03:00:00,0,0,0,FMN GV 18 Kasterlee
84,Oudemolsedijk,2023-08-31,04:00:00,0,0,0,FMN GV 18 Kasterlee
84,Oudemolsedijk,2023-08-31,05:00:00,6,6,0,FMN GV 18 Kasterlee
84,Oudemolsedijk,2023-08-31,06:00:00,22,9,13,FMN GV 18 Kasterlee
84,Oudemolsedijk,2023-08-31,07:00:00,30,18,12,FMN GV 18 Kasterlee
84,Oudemolsedijk,2023-08-31,08:00:00,13,3,10,FMN GV 18 Kasterlee
84,Oudemolsedijk,2023-08-31,09:00:00,16,11,5,FMN GV 18 Kasterlee
84,Oudemolsedijk,2023-08-31,10:00:00,34,11,23,FMN GV 18 Kasterlee
84,Oudemolsedijk,2023-08-31,11:00:00,28,17,11,FMN GV 18 Kasterlee
84,Oudemolsedijk,2023-08-31,12:00:00,39,15,24,FMN GV 18 Kasterlee
84,Oudemolsedijk,2023-08-31,13:00:00,48,25,23,FMN GV 18 Kasterlee
84,Oudemolsedijk,2023-08-31,14:00:00,112,55,57,FMN GV 18 Kasterlee
84,Oudemolsedijk,2023-08-31,15:00:00,65,39,26,FMN GV 18 Kasterlee
84,Oudemolsedijk,2023-08-31,16:00:00,68,46,22,FMN GV 18 Kasterlee
84,Oudemolsedijk,2023-08-31,17:00:00,37,19,18,FMN GV 18 Kasterlee
84,Oudemolsedijk,2023-08-31,18:00:00,25,16,9,FMN GV 18 Kasterlee
84,Oudemolsedijk,2023-08-31,19:00:00,31,17,14,FMN GV 18 Kasterlee
84,Oudemolsedijk,2023-08-31,20:00:00,29,26,3,FMN GV 18 Kasterlee
84,Oudemolsedijk,2023-08-31,21:00:00,5,4,1,FMN GV 18 Kasterlee
84,Oudemolsedijk,2023-08-31,22:00:00,5,1,4,FMN GV 18 Kasterlee
84,Oudemolsedijk,2023-08-31,23:00:00,0,0,0,FMN GV 18 Kasterlee
84,Oudemolsedijk,2023-09-01,00:00:00,0,0,0,FMN GV 18 Kasterlee
84,Oudemolsedijk,2023-09-01,01:00:00,0,0,0,FMN GV 18 Kasterlee
84,Oudemolsedijk,2023-09-01,02:00:00,0,0,0,FMN GV 18 Kasterlee
84,Oudemolsedijk,2023-09-01,03:00:00,0,0,0,FMN GV 18 Kasterlee
84,Oudemolsedijk,2023-09-01,04:00:00,1,0,1,FMN GV 18 Kasterlee
84,Oudemolsedijk,2023-09-01,05:00:00,3,3,0,FMN GV 18 Kasterlee
84,Oudemolsedijk,2023-09-01,06:00:00,6,2,4,FMN GV 18 Kasterlee
84,Oudemolsedijk,2023-09-01,07:00:00,12,5,7,FMN GV 18 Kasterlee
84,Oudemolsedijk,2023-09-01,08:00:00,8,7,1,FMN GV 18 Kasterlee
84,Oudemolsedijk,2023-09-01,09:00:00,6,4,2,FMN GV 18 Kasterlee
84,Oudemolsedijk,2023-09-01,10:00:00,5,1,4,FMN GV 18 Kasterlee
84,Oudemolsedijk,2023-09-01,11:00:00,3,3,0,FMN GV 18 Kasterlee
84,Oudemolsedijk,2023-09-01,12:00:00,6,4,2,FMN GV 18 Kasterlee
84,Oudemolsedijk,2023-09-01,13:00:00,9,2,7,FMN GV 18 Kasterlee
84,Oudemolsedijk,2023-09-01,14:00:00,9,3,6,FMN GV 18 Kasterlee
84,Oudemolsedijk,2023-09-01,15:00:00,21,8,13,FMN GV 18 Kasterlee
84,Oudemolsedijk,2023-09-01,16:00:00,25,13,12,FMN GV 18 Kasterlee
84,Oudemolsedijk,2023-09-01,17:00:00,32,16,16,FMN GV 18 Kasterlee
84,Oudemolsedijk,2023-09-01,18:00:00,17,10,7,FMN GV 18 Kasterlee
84,Oudemolsedijk,2023-09-01,19:00:00,4,4,0,FMN GV 18 Kasterlee
84,Oudemolsedijk,2023-09-01,20:00:00,8,8,0,FMN GV 18 Kasterlee
84,Oudemolsedijk,2023-09-01,21:00:00,1,0,1,FMN GV 18 Kasterlee
84,Oudemolsedijk,2023-09-01,22:00:00,2,0,2,FMN GV 18 Kasterlee
84,Oudemolsedijk,2023-09-01,23:00:00,5,1,4,FMN GV 18 Kasterlee
84,Oudemolsedijk,2023-09-02,00:00:00,0,0,0,FMN GV 18 Kasterlee
84,Oudemolsedijk,2023-09-02,01:00:00,0,0,0,FMN GV 18 Kasterlee
84,Oudemolsedijk,2023-09-02,02:00:00,0,0,0,FMN GV 18 Kasterlee
84,Oudemolsedijk,2023-09-02,03:00:00,1,0,1,FMN GV 18 Kasterlee
84,Oudemolsedijk,2023-09-02,04:00:00,0,0,0,FMN GV 18 Kasterlee
84,Oudemolsedijk,2023-09-02,05:00:00,1,1,0,FMN GV 18 Kasterlee
84,Oudemolsedijk,2023-09-02,06:00:00,3,1,2,FMN GV 18 Kasterlee
84,Oudemolsedijk,2023-09-02,07:00:00,4,1,3,FMN GV 18 Kasterlee
84,Oudemolsedijk,2023-09-02,08:00:00,27,5,22,FMN GV 18 Kasterlee
84,Oudemolsedijk,2023-09-02,09:00:00,46,23,23,FMN GV 18 Kasterlee
84,Oudemolsedijk,2023-09-02,10:00:00,32,17,15,FMN GV 18 Kasterlee
84,Oudemolsedijk,2023-09-02,11:00:00,79,31,48,FMN GV 18 Kasterlee
84,Oudemolsedijk,2023-09-02,12:00:00,38,16,22,FMN GV 18 Kasterlee
84,Oudemolsedijk,2023-09-02,13:00:00,64,32,32,FMN GV 18 Kasterlee
84,Oudemolsedijk,2023-09-02,14:00:00,110,61,49,FMN GV 18 Kasterlee
84,Oudemolsedijk,2023-09-02,15:00:00,126,54,72,FMN GV 18 Kasterlee
84,Oudemolsedijk,2023-09-02,16:00:00,73,45,28,FMN GV 18 Kasterlee
84,Oudemolsedijk,2023-09-02,17:00:00,56,35,21,FMN GV 18 Kasterlee
84,Oudemolsedijk,2023-09-02,18:00:00,26,14,12,FMN GV 18 Kasterlee
84,Oudemolsedijk,2023-09-02,19:00:00,30,18,12,FMN GV 18 Kasterlee
84,Oudemolsedijk,2023-09-02,20:00:00,9,4,5,FMN GV 18 Kasterlee
84,Oudemolsedijk,2023-09-02,21:00:00,13,9,4,FMN GV 18 Kasterlee
84,Oudemolsedijk,2023-09-02,22:00:00,4,0,4,FMN GV 18 Kasterlee
84,Oudemolsedijk,2023-09-02,23:00:00,4,1,3,FMN GV 18 Kasterlee
84,Oudemolsedijk,2023-09-03,00:00:00,6,1,5,FMN GV 18 Kasterlee
84,Oudemolsedijk,2023-09-03,01:00:00,0,0,0,FMN GV 18 Kasterlee
84,Oudemolsedijk,2023-09-03,02:00:00,3,0,3,FMN GV 18 Kasterlee
84,Oudemolsedijk,2023-09-03,03:00:00,0,0,0,FMN GV 18 Kasterlee
84,Oudemolsedijk,2023-09-03,04:00:00,0,0,0,FMN GV 18 Kasterlee
84,Oudemolsedijk,2023-09-03,05:00:00,0,0,0,FMN GV 18 Kasterlee
84,Oudemolsedijk,2023-09-03,06:00:00,2,1,1,FMN GV 18 Kasterlee
84,Oudemolsedijk,2023-09-03,07:00:00,11,3,8,FMN GV 18 Kasterlee
84,Oudemolsedijk,2023-09-03,08:00:00,34,16,18,FMN GV 18 Kasterlee
84,Oudemolsedijk,2023-09-03,09:00:00,107,49,58,FMN GV 18 Kasterlee
84,Oudemolsedijk,2023-09-03,10:00:00,175,133,42,FMN GV 18 Kasterlee
84,Oudemolsedijk,2023-09-03,11:00:00,121,70,51,FMN GV 18 Kasterlee
84,Oudemolsedijk,2023-09-03,12:00:00,77,42,35,FMN GV 18 Kasterlee
84,Oudemolsedijk,2023-09-03,13:00:00,122,59,63,FMN GV 18 Kasterlee
84,Oudemolsedijk,2023-09-03,14:00:00,212,115,97,FMN GV 18 Kasterlee
84,Oudemolsedijk,2023-09-03,15:00:00,180,82,98,FMN GV 18 Kasterlee
84,Oudemolsedijk,2023-09-03,16:00:00,160,70,90,FMN GV 18 Kasterlee
84,Oudemolsedijk,2023-09-03,17:00:00,79,50,29,FMN GV 18 Kasterlee
84,Oudemolsedijk,2023-09-03,18:00:00,39,19,20,FMN GV 18 Kasterlee
84,Oudemolsedijk,2023-09-03,19:00:00,20,13,7,FMN GV 18 Kasterlee
84,Oudemolsedijk,2023-09-03,20:00:00,6,2,4,FMN GV 18 Kasterlee
84,Oudemolsedijk,2023-09-03,21:00:00,1,0,1,FMN GV 18 Kasterlee
84,Oudemolsedijk,2023-09-03,22:00:00,2,1,1,FMN GV 18 Kasterlee
84,Oudemolsedijk,2023-09-03,23:00:00,0,0,0,FMN GV 18 Kasterlee
84,Oudemolsedijk,2023-09-04,00:00:00,0,0,0,FMN GV 18 Kasterlee
84,Oudemolsedijk,2023-09-04,01:00:00,0,0,0,FMN GV 18 Kasterlee
84,Oudemolsedijk,2023-09-04,02:00:00,0,0,0,FMN GV 18 Kasterlee
84,Oudemolsedijk,2023-09-04,03:00:00,0,0,0,FMN GV 18 Kasterlee
84,Oudemolsedijk,2023-09-04,04:00:00,1,0,1,FMN GV 18 Kasterlee
84,Oudemolsedijk,2023-09-04,05:00:00,10,9,1,FMN GV 18 Kasterlee
84,Oudemolsedijk,2023-09-04,06:00:00,23,13,10,FMN GV 18 Kasterlee
84,Oudemolsedijk,2023-09-04,07:00:00,52,28,24,FMN GV 18 Kasterlee
84,Oudemolsedijk,2023-09-04,08:00:00,32,19,13,FMN GV 18 Kasterlee
84,Oudemolsedijk,2023-09-04,09:00:00,19,9,10,FMN GV 18 Kasterlee
84,Oudemolsedijk,2023-09-04,10:00:00,39,20,19,FMN GV 18 Kasterlee
84,Oudemolsedijk,2023-09-04,11:00:00,41,27,14,FMN GV 18 Kasterlee
84,Oudemolsedijk,2023-09-04,12:00:00,34,19,15,FMN GV 18 Kasterlee
84,Oudemolsedijk,2023-09-04,13:00:00,104,46,58,FMN GV 18 Kasterlee
84,Oudemolsedijk,2023-09-04,14:00:00,88,43,45,FMN GV 18 Kasterlee
84,Oudemolsedijk,2023-09-04,15:00:00,109,64,45,FMN GV 18 Kasterlee
84,Oudemolsedijk,2023-09-04,16:00:00,92,49,43,FMN GV 18 Kasterlee
84,Oudemolsedijk,2023-09-04,17:00:00,72,33,39,FMN GV 18 Kasterlee
84,Oudemolsedijk,2023-09-04,18:00:00,34,16,18,FMN GV 18 Kasterlee
84,Oudemolsedijk,2023-09-04,19:00:00,31,15,16,FMN GV 18 Kasterlee
84,Oudemolsedijk,2023-09-04,20:00:00,13,5,8,FMN GV 18 Kasterlee
84,Oudemolsedijk,2023-09-04,21:00:00,4,3,1,FMN GV 18 Kasterlee
84,Oudemolsedijk,2023-09-04,22:00:00,2,0,2,FMN GV 18 Kasterlee
84,Oudemolsedijk,2023-09-04,23:00:00,0,0,0,FMN GV 18 Kasterlee
84,Oudemolsedijk,2023-09-05,00:00:00,0,0,0,FMN GV 18 Kasterlee
84,Oudemolsedijk,2023-09-05,01:00:00,0,0,0,FMN GV 18 Kasterlee
84,Oudemolsedijk,2023-09-05,02:00:00,0,0,0,FMN GV 18 Kasterlee
84,Oudemolsedijk,2023-09-05,03:00:00,0,0,0,FMN GV 18 Kasterlee
84,Oudemolsedijk,2023-09-05,04:00:00,2,1,1,FMN GV 18 Kasterlee
84,Oudemolsedijk,2023-09-05,05:00:00,10,9,1,FMN GV 18 Kasterlee
84,Oudemolsedijk,2023-09-05,06:00:00,29,13,16,FMN GV 18 Kasterlee
84,Oudemolsedijk,2023-09-05,07:00:00,55,28,27,FMN GV 18 Kasterlee
84,Oudemolsedijk,2023-09-05,08:00:00,27,19,8,FMN GV 18 Kasterlee
84,Oudemolsedijk,2023-09-05,09:00:00,41,8,33,FMN GV 18 Kasterlee
84,Oudemolsedijk,2023-09-05,10:00:00,41,25,16,FMN GV 18 Kasterlee
84,Oudemolsedijk,2023-09-05,11:00:00,54,30,24,FMN GV 18 Kasterlee
84,Oudemolsedijk,2023-09-05,12:00:00,49,29,20,FMN GV 18 Kasterlee
84,Oudemolsedijk,2023-09-05,13:00:00,102,51,51,FMN GV 18 Kasterlee
84,Oudemolsedijk,2023-09-05,14:00:00,112,66,46,FMN GV 18 Kasterlee
84,Oudemolsedijk,2023-09-05,15:00:00,116,58,58,FMN GV 18 Kasterlee
84,Oudemolsedijk,2023-09-05,16:00:00,119,64,55,FMN GV 18 Kasterlee
84,Oudemolsedijk,2023-09-05,17:00:00,68,37,31,FMN GV 18 Kasterlee
84,Oudemolsedijk,2023-09-05,18:00:00,57,26,31,FMN GV 18 Kasterlee
84,Oudemolsedijk,2023-09-05,19:00:00,67,41,26,FMN GV 18 Kasterlee
84,Oudemolsedijk,2023-09-05,20:00:00,17,8,9,FMN GV 18 Kasterlee
84,Oudemolsedijk,2023-09-05,21:00:00,13,6,7,FMN GV 18 Kasterlee
84,Oudemolsedijk,2023-09-05,22:00:00,3,0,3,FMN GV 18 Kasterlee
84,Oudemolsedijk,2023-09-05,23:00:00,0,0,0,FMN GV 18 Kasterlee
84,Oudemolsedijk,2023-09-06,00:00:00,1,0,1,FMN GV 18 Kasterlee
84,Oudemolsedijk,2023-09-06,01:00:00,0,0,0,FMN GV 18 Kasterlee
84,Oudemolsedijk,2023-09-06,02:00:00,0,0,0,FMN GV 18 Kasterlee
84,Oudemolsedijk,2023-09-06,03:00:00,0,0,0,FMN GV 18 Kasterlee
84,Oudemolsedijk,2023-09-06,04:00:00,3,2,1,FMN GV 18 Kasterlee
84,Oudemolsedijk,2023-09-06,05:00:00,9,7,2,FMN GV 18 Kasterlee
84,Oudemolsedijk,2023-09-06,06:00:00,22,6,16,FMN GV 18 Kasterlee
84,Oudemolsedijk,2023-09-06,07:00:00,42,24,18,FMN GV 18 Kasterlee
84,Oudemolsedijk,2023-09-06,08:00:00,35,23,12,FMN GV 18 Kasterlee
84,Oudemolsedijk,2023-09-06,09:00:00,35,14,21,FMN GV 18 Kasterlee
84,Oudemolsedijk,2023-09-06,10:00:00,61,28,33,FMN GV 18 Kasterlee
84,Oudemolsedijk,2023-09-06,11:00:00,44,24,20,FMN GV 18 Kasterlee
84,Oudemolsedijk,2023-09-06,12:00:00,63,28,35,FMN GV 18 Kasterlee
84,Oudemolsedijk,2023-09-06,13:00:00,76,36,40,FMN GV 18 Kasterlee
84,Oudemolsedijk,2023-09-06,14:00:00,80,33,47,FMN GV 18 Kasterlee
84,Oudemolsedijk,2023-09-06,15:00:00,90,59,31,FMN GV 18 Kasterlee
84,Oudemolsedijk,2023-09-06,16:00:00,72,44,28,FMN GV 18 Kasterlee
84,Oudemolsedijk,2023-09-06,17:00:00,54,23,31,FMN GV 18 Kasterlee
84,Oudemolsedijk,2023-09-06,18:00:00,92,41,51,FMN GV 18 Kasterlee
84,Oudemolsedijk,2023-09-06,19:00:00,65,47,18,FMN GV 18 Kasterlee
84,Oudemolsedijk,2023-09-06,20:00:00,81,50,31,FMN GV 18 Kasterlee
84,Oudemolsedijk,2023-09-06,21:00:00,9,7,2,FMN GV 18 Kasterlee
84,Oudemolsedijk,2023-09-06,22:00:00,8,3,5,FMN GV 18 Kasterlee
84,Oudemolsedijk,2023-09-06,23:00:00,0,0,0,FMN GV 18 Kasterlee
84,Oudemolsedijk,2023-09-07,00:00:00,0,0,0,FMN GV 18 Kasterlee
84,Oudemolsedijk,2023-09-07,01:00:00,0,0,0,FMN GV 18 Kasterlee
84,Oudemolsedijk,2023-09-07,02:00:00,0,0,0,FMN GV 18 Kasterlee
84,Oudemolsedijk,2023-09-07,03:00:00,0,0,0,FMN GV 18 Kasterlee
84,Oudemolsedijk,2023-09-07,04:00:00,3,2,1,FMN GV 18 Kasterlee
84,Oudemolsedijk,2023-09-07,05:00:00,11,9,2,FMN GV 18 Kasterlee
84,Oudemolsedijk,2023-09-07,06:00:00,19,12,7,FMN GV 18 Kasterlee
84,Oudemolsedijk,2023-09-07,07:00:00,50,26,24,FMN GV 18 Kasterlee
84,Oudemolsedijk,2023-09-07,08:00:00,32,17,15,FMN GV 18 Kasterlee
84,Oudemolsedijk,2023-09-07,09:00:00,39,19,20,FMN GV 18 Kasterlee
84,Oudemolsedijk,2023-09-07,10:00:00,76,39,37,FMN GV 18 Kasterlee
84,Oudemolsedijk,2023-09-07,11:00:00,57,38,19,FMN GV 18 Kasterlee
84,Oudemolsedijk,2023-09-07,12:00:00,56,34,22,FMN GV 18 Kasterlee
84,Oudemolsedijk,2023-09-07,13:00:00,78,31,47,FMN GV 18 Kasterlee
84,Oudemolsedijk,2023-09-07,14:00:00,115,77,38,FMN GV 18 Kasterlee
84,Oudemolsedijk,2023-09-07,15:00:00,87,40,47,FMN GV 18 Kasterlee
84,Oudemolsedijk,2023-09-07,16:00:00,85,34,51,FMN GV 18 Kasterlee
84,Oudemolsedijk,2023-09-07,17:00:00,56,26,30,FMN GV 18 Kasterlee
84,Oudemolsedijk,2023-09-07,18:00:00,36,20,16,FMN GV 18 Kasterlee
84,Oudemolsedijk,2023-09-07,19:00:00,30,15,15,FMN GV 18 Kasterlee
84,Oudemolsedijk,2023-09-07,20:00:00,46,34,12,FMN GV 18 Kasterlee
84,Oudemolsedijk,2023-09-07,21:00:00,9,6,3,FMN GV 18 Kasterlee
84,Oudemolsedijk,2023-09-07,22:00:00,6,2,4,FMN GV 18 Kasterlee
84,Oudemolsedijk,2023-09-07,23:00:00,0,0,0,FMN GV 18 Kasterlee
84,Oudemolsedijk,2023-09-08,00:00:00,0,0,0,FMN GV 18 Kasterlee
84,Oudemolsedijk,2023-09-08,01:00:00,0,0,0,FMN GV 18 Kasterlee
84,Oudemolsedijk,2023-09-08,02:00:00,0,0,0,FMN GV 18 Kasterlee
84,Oudemolsedijk,2023-09-08,03:00:00,0,0,0,FMN GV 18 Kasterlee
84,Oudemolsedijk,2023-09-08,04:00:00,2,1,1,FMN GV 18 Kasterlee
84,Oudemolsedijk,2023-09-08,05:00:00,10,8,2,FMN GV 18 Kasterlee
84,Oudemolsedijk,2023-09-08,06:00:00,20,9,11,FMN GV 18 Kasterlee
84,Oudemolsedijk,2023-09-08,07:00:00,38,19,19,FMN GV 18 Kasterlee
84,Oudemolsedijk,2023-09-08,08:00:00,65,27,38,FMN GV 18 Kasterlee
84,Oudemolsedijk,2023-09-08,09:00:00,33,11,22,FMN GV 18 Kasterlee
84,Oudemolsedijk,2023-09-08,10:00:00,48,21,27,FMN GV 18 Kasterlee
84,Oudemolsedijk,2023-09-08,11:00:00,48,25,23,FMN GV 18 Kasterlee
84,Oudemolsedijk,2023-09-08,12:00:00,40,21,19,FMN GV 18 Kasterlee
84,Oudemolsedijk,2023-09-08,13:00:00,41,20,21,FMN GV 18 Kasterlee
84,Oudemolsedijk,2023-09-08,14:00:00,58,21,37,FMN GV 18 Kasterlee
84,Oudemolsedijk,2023-09-08,15:00:00,56,28,28,FMN GV 18 Kasterlee
84,Oudemolsedijk,2023-09-08,16:00:00,78,41,37,FMN GV 18 Kasterlee
84,Oudemolsedijk,2023-09-08,17:00:00,52,30,22,FMN GV 18 Kasterlee
84,Oudemolsedijk,2023-09-08,18:00:00,33,16,17,FMN GV 18 Kasterlee
84,Oudemolsedijk,2023-09-08,19:00:00,33,18,15,FMN GV 18 Kasterlee
84,Oudemolsedijk,2023-09-08,20:00:00,18,12,6,FMN GV 18 Kasterlee
84,Oudemolsedijk,2023-09-08,21:00:00,7,1,6,FMN GV 18 Kasterlee
84,Oudemolsedijk,2023-09-08,22:00:00,12,3,9,FMN GV 18 Kasterlee
84,Oudemolsedijk,2023-09-08,23:00:00,6,2,4,FMN GV 18 Kasterlee
84,Oudemolsedijk,2023-09-09,00:00:00,2,0,2,FMN GV 18 Kasterlee
84,Oudemolsedijk,2023-09-09,01:00:00,2,0,2,FMN GV 18 Kasterlee
84,Oudemolsedijk,2023-09-09,02:00:00,1,1,0,FMN GV 18 Kasterlee
84,Oudemolsedijk,2023-09-09,03:00:00,0,0,0,FMN GV 18 Kasterlee
84,Oudemolsedijk,2023-09-09,04:00:00,0,0,0,FMN GV 18 Kasterlee
84,Oudemolsedijk,2023-09-09,05:00:00,3,1,2,FMN GV 18 Kasterlee
84,Oudemolsedijk,2023-09-09,06:00:00,3,1,2,FMN GV 18 Kasterlee
84,Oudemolsedijk,2023-09-09,07:00:00,10,4,6,FMN GV 18 Kasterlee
84,Oudemolsedijk,2023-09-09,08:00:00,26,6,20,FMN GV 18 Kasterlee
84,Oudemolsedijk,2023-09-09,09:00:00,53,15,38,FMN GV 18 Kasterlee
84,Oudemolsedijk,2023-09-09,10:00:00,77,38,39,FMN GV 18 Kasterlee
84,Oudemolsedijk,2023-09-09,11:00:00,89,59,30,FMN GV 18 Kasterlee
84,Oudemolsedijk,2023-09-09,12:00:00,65,31,34,FMN GV 18 Kasterlee
84,Oudemolsedijk,2023-09-09,13:00:00,71,46,25,FMN GV 18 Kasterlee
84,Oudemolsedijk,2023-09-09,14:00:00,77,52,25,FMN GV 18 Kasterlee
84,Oudemolsedijk,2023-09-09,15:00:00,87,51,36,FMN GV 18 Kasterlee
84,Oudemolsedijk,2023-09-09,16:00:00,53,21,32,FMN GV 18 Kasterlee
84,Oudemolsedijk,2023-09-09,17:00:00,49,31,18,FMN GV 18 Kasterlee
84,Oudemolsedijk,2023-09-09,18:00:00,52,32,20,FMN GV 18 Kasterlee
84,Oudemolsedijk,2023-09-09,19:00:00,29,7,22,FMN GV 18 Kasterlee
84,Oudemolsedijk,2023-09-09,20:00:00,19,9,10,FMN GV 18 Kasterlee
84,Oudemolsedijk,2023-09-09,21:00:00,6,3,3,FMN GV 18 Kasterlee
84,Oudemolsedijk,2023-09-09,22:00:00,5,1,4,FMN GV 18 Kasterlee
84,Oudemolsedijk,2023-09-09,23:00:00,0,0,0,FMN GV 18 Kasterlee
84,Oudemolsedijk,2023-09-10,00:00:00,3,2,1,FMN GV 18 Kasterlee
84,Oudemolsedijk,2023-09-10,01:00:00,1,0,1,FMN GV 18 Kasterlee
84,Oudemolsedijk,2023-09-10,02:00:00,1,0,1,FMN GV 18 Kasterlee
84,Oudemolsedijk,2023-09-10,03:00:00,0,0,0,FMN GV 18 Kasterlee
84,Oudemolsedijk,2023-09-10,04:00:00,1,0,1,FMN GV 18 Kasterlee
84,Oudemolsedijk,2023-09-10,05:00:00,0,0,0,FMN GV 18 Kasterlee
84,Oudemolsedijk,2023-09-10,06:00:00,2,2,0,FMN GV 18 Kasterlee
84,Oudemolsedijk,2023-09-10,07:00:00,9,3,6,FMN GV 18 Kasterlee
84,Oudemolsedijk,2023-09-10,08:00:00,87,41,46,FMN GV 18 Kasterlee
84,Oudemolsedijk,2023-09-10,09:00:00,116,62,54,FMN GV 18 Kasterlee
84,Oudemolsedijk,2023-09-10,10:00:00,194,140,54,FMN GV 18 Kasterlee
84,Oudemolsedijk,2023-09-10,11:00:00,136,68,68,FMN GV 18 Kasterlee
84,Oudemolsedijk,2023-09-10,12:00:00,62,39,23,FMN GV 18 Kasterlee
84,Oudemolsedijk,2023-09-10,13:00:00,84,30,54,FMN GV 18 Kasterlee
84,Oudemolsedijk,2023-09-10,14:00:00,96,44,52,FMN GV 18 Kasterlee
84,Oudemolsedijk,2023-09-10,15:00:00,70,35,35,FMN GV 18 Kasterlee
84,Oudemolsedijk,2023-09-10,16:00:00,81,40,41,FMN GV 18 Kasterlee
84,Oudemolsedijk,2023-09-10,17:00:00,45,17,28,FMN GV 18 Kasterlee
84,Oudemolsedijk,2023-09-10,18:00:00,28,13,15,FMN GV 18 Kasterlee
84,Oudemolsedijk,2023-09-10,19:00:00,38,28,10,FMN GV 18 Kasterlee
84,Oudemolsedijk,2023-09-10,20:00:00,8,7,1,FMN GV 18 Kasterlee
84,Oudemolsedijk,2023-09-10,21:00:00,5,4,1,FMN GV 18 Kasterlee
84,Oudemolsedijk,2023-09-10,22:00:00,3,1,2,FMN GV 18 Kasterlee
84,Oudemolsedijk,2023-09-10,23:00:00,0,0,0,FMN GV 18 Kasterlee
84,Oudemolsedijk,2023-09-11,00:00:00,0,0,0,FMN GV 18 Kasterlee
84,Oudemolsedijk,2023-09-11,01:00:00,0,0,0,FMN GV 18 Kasterlee
84,Oudemolsedijk,2023-09-11,02:00:00,0,0,0,FMN GV 18 Kasterlee
84,Oudemolsedijk,2023-09-11,03:00:00,0,0,0,FMN GV 18 Kasterlee
84,Oudemolsedijk,2023-09-11,04:00:00,3,2,1,FMN GV 18 Kasterlee
84,Oudemolsedijk,2023-09-11,05:00:00,7,7,0,FMN GV 18 Kasterlee
84,Oudemolsedijk,2023-09-11,06:00:00,18,8,10,FMN GV 18 Kasterlee
84,Oudemolsedijk,2023-09-11,07:00:00,47,24,23,FMN GV 18 Kasterlee
84,Oudemolsedijk,2023-09-11,08:00:00,39,24,15,FMN GV 18 Kasterlee
84,Oudemolsedijk,2023-09-11,09:00:00,34,17,17,FMN GV 18 Kasterlee
84,Oudemolsedijk,2023-09-11,10:00:00,42,26,16,FMN GV 18 Kasterlee
84,Oudemolsedijk,2023-09-11,11:00:00,49,32,17,FMN GV 18 Kasterlee
84,Oudemolsedijk,2023-09-11,12:00:00,30,13,17,FMN GV 18 Kasterlee
84,Oudemolsedijk,2023-09-11,13:00:00,60,24,36,FMN GV 18 Kasterlee
84,Oudemolsedijk,2023-09-11,14:00:00,88,52,36,FMN GV 18 Kasterlee
84,Oudemolsedijk,2023-09-11,15:00:00,58,20,38,FMN GV 18 Kasterlee
84,Oudemolsedijk,2023-09-11,16:00:00,129,59,70,FMN GV 18 Kasterlee
84,Oudemolsedijk,2023-09-11,17:00:00,61,25,36,FMN GV 18 Kasterlee
84,Oudemolsedijk,2023-09-11,18:00:00,37,19,18,FMN GV 18 Kasterlee
84,Oudemolsedijk,2023-09-11,19:00:00,16,9,7,FMN GV 18 Kasterlee
84,Oudemolsedijk,2023-09-11,20:00:00,27,14,13,FMN GV 18 Kasterlee
84,Oudemolsedijk,2023-09-11,21:00:00,5,5,0,FMN GV 18 Kasterlee
84,Oudemolsedijk,2023-09-11,22:00:00,4,1,3,FMN GV 18 Kasterlee
84,Oudemolsedijk,2023-09-11,23:00:00,1,1,0,FMN GV 18 Kasterlee
84,Oudemolsedijk,2023-09-12,00:00:00,0,0,0,FMN GV 18 Kasterlee
84,Oudemolsedijk,2023-09-12,01:00:00,0,0,0,FMN GV 18 Kasterlee
84,Oudemolsedijk,2023-09-12,02:00:00,0,0,0,FMN GV 18 Kasterlee
84,Oudemolsedijk,2023-09-12,03:00:00,0,0,0,FMN GV 18 Kasterlee
84,Oudemolsedijk,2023-09-12,04:00:00,1,1,0,FMN GV 18 Kasterlee
84,Oudemolsedijk,2023-09-12,05:00:00,8,8,0,FMN GV 18 Kasterlee
84,Oudemolsedijk,2023-09-12,06:00:00,18,7,11,FMN GV 18 Kasterlee
84,Oudemolsedijk,2023-09-12,07:00:00,34,18,16,FMN GV 18 Kasterlee
84,Oudemolsedijk,2023-09-12,08:00:00,46,19,27,FMN GV 18 Kasterlee
84,Oudemolsedijk,2023-09-12,09:00:00,31,14,17,FMN GV 18 Kasterlee
84,Oudemolsedijk,2023-09-12,10:00:00,39,8,31,FMN GV 18 Kasterlee
84,Oudemolsedijk,2023-09-12,11:00:00,24,13,11,FMN GV 18 Kasterlee
84,Oudemolsedijk,2023-09-12,12:00:00,35,14,21,FMN GV 18 Kasterlee
84,Oudemolsedijk,2023-09-12,13:00:00,75,44,31,FMN GV 18 Kasterlee
84,Oudemolsedijk,2023-09-12,14:00:00,46,19,27,FMN GV 18 Kasterlee
84,Oudemolsedijk,2023-09-12,15:00:00,88,65,23,FMN GV 18 Kasterlee
84,Oudemolsedijk,2023-09-12,16:00:00,68,42,26,FMN GV 18 Kasterlee
84,Oudemolsedijk,2023-09-12,17:00:00,49,22,27,FMN GV 18 Kasterlee
84,Oudemolsedijk,2023-09-12,18:00:00,15,7,8,FMN GV 18 Kasterlee
84,Oudemolsedijk,2023-09-12,19:00:00,8,8,0,FMN GV 18 Kasterlee
84,Oudemolsedijk,2023-09-12,20:00:00,2,1,1,FMN GV 18 Kasterlee
84,Oudemolsedijk,2023-09-12,21:00:00,2,0,2,FMN GV 18 Kasterlee
84,Oudemolsedijk,2023-09-12,22:00:00,0,0,0,FMN GV 18 Kasterlee
84,Oudemolsedijk,2023-09-12,23:00:00,0,0,0,FMN GV 18 Kasterlee
84,Oudemolsedijk,2023-09-13,00:00:00,1,0,1,FMN GV 18 Kasterlee
84,Oudemolsedijk,2023-09-13,01:00:00,0,0,0,FMN GV 18 Kasterlee
84,Oudemolsedijk,2023-09-13,02:00:00,0,0,0,FMN GV 18 Kasterlee
84,Oudemolsedijk,2023-09-13,03:00:00,1,1,0,FMN GV 18 Kasterlee
84,Oudemolsedijk,2023-09-13,04:00:00,1,1,0,FMN GV 18 Kasterlee
84,Oudemolsedijk,2023-09-13,05:00:00,6,6,0,FMN GV 18 Kasterlee
84,Oudemolsedijk,2023-09-13,06:00:00,15,6,9,FMN GV 18 Kasterlee
84,Oudemolsedijk,2023-09-13,07:00:00,40,20,20,FMN GV 18 Kasterlee
84,Oudemolsedijk,2023-09-13,08:00:00,26,19,7,FMN GV 18 Kasterlee
84,Oudemolsedijk,2023-09-13,09:00:00,20,12,8,FMN GV 18 Kasterlee
84,Oudemolsedijk,2023-09-13,10:00:00,12,9,3,FMN GV 18 Kasterlee
84,Oudemolsedijk,2023-09-13,11:00:00,9,5,4,FMN GV 18 Kasterlee
84,Oudemolsedijk,2023-09-13,12:00:00,38,13,25,FMN GV 18 Kasterlee
84,Oudemolsedijk,2023-09-13,13:00:00,41,20,21,FMN GV 18 Kasterlee
84,Oudemolsedijk,2023-09-13,14:00:00,70,33,37,FMN GV 18 Kasterlee
84,Oudemolsedijk,2023-09-13,15:00:00,75,24,51,FMN GV 18 Kasterlee
84,Oudemolsedijk,2023-09-13,16:00:00,69,46,23,FMN GV 18 Kasterlee
84,Oudemolsedijk,2023-09-13,17:00:00,47,21,26,FMN GV 18 Kasterlee
84,Oudemolsedijk,2023-09-13,18:00:00,36,10,26,FMN GV 18 Kasterlee
84,Oudemolsedijk,2023-09-13,19:00:00,52,30,22,FMN GV 18 Kasterlee
84,Oudemolsedijk,2023-09-13,20:00:00,54,41,13,FMN GV 18 Kasterlee
84,Oudemolsedijk,2023-09-13,21:00:00,5,2,3,FMN GV 18 Kasterlee
84,Oudemolsedijk,2023-09-13,22:00:00,4,0,4,FMN GV 18 Kasterlee
84,Oudemolsedijk,2023-09-13,23:00:00,0,0,0,FMN GV 18 Kasterlee
84,Oudemolsedijk,2023-09-14,00:00:00,0,0,0,FMN GV 18 Kasterlee
84,Oudemolsedijk,2023-09-14,01:00:00,0,0,0,FMN GV 18 Kasterlee
84,Oudemolsedijk,2023-09-14,02:00:00,0,0,0,FMN GV 18 Kasterlee
84,Oudemolsedijk,2023-09-14,03:00:00,0,0,0,FMN GV 18 Kasterlee
84,Oudemolsedijk,2023-09-14,04:00:00,5,5,0,FMN GV 18 Kasterlee
84,Oudemolsedijk,2023-09-14,05:00:00,11,9,2,FMN GV 18 Kasterlee
84,Oudemolsedijk,2023-09-14,06:00:00,21,7,14,FMN GV 18 Kasterlee
84,Oudemolsedijk,2023-09-14,07:00:00,38,22,16,FMN GV 18 Kasterlee
84,Oudemolsedijk,2023-09-14,08:00:00,29,21,8,FMN GV 18 Kasterlee
84,Oudemolsedijk,2023-09-14,09:00:00,19,14,5,FMN GV 18 Kasterlee
84,Oudemolsedijk,2023-09-14,10:00:00,33,14,19,FMN GV 18 Kasterlee
84,Oudemolsedijk,2023-09-14,11:00:00,34,12,22,FMN GV 18 Kasterlee
84,Oudemolsedijk,2023-09-14,12:00:00,37,20,17,FMN GV 18 Kasterlee
84,Oudemolsedijk,2023-09-14,13:00:00,80,38,42,FMN GV 18 Kasterlee
84,Oudemolsedijk,2023-09-14,14:00:00,104,46,58,FMN GV 18 Kasterlee
84,Oudemolsedijk,2023-09-14,15:00:00,109,54,55,FMN GV 18 Kasterlee
84,Oudemolsedijk,2023-09-14,16:00:00,117,50,67,FMN GV 18 Kasterlee
84,Oudemolsedijk,2023-09-14,17:00:00,69,28,41,FMN GV 18 Kasterlee
84,Oudemolsedijk,2023-09-14,18:00:00,44,22,22,FMN GV 18 Kasterlee
84,Oudemolsedijk,2023-09-14,19:00:00,35,21,14,FMN GV 18 Kasterlee
84,Oudemolsedijk,2023-09-14,20:00:00,29,24,5,FMN GV 18 Kasterlee
84,Oudemolsedijk,2023-09-14,21:00:00,7,6,1,FMN GV 18 Kasterlee
84,Oudemolsedijk,2023-09-14,22:00:00,7,4,3,FMN GV 18 Kasterlee
84,Oudemolsedijk,2023-09-14,23:00:00,0,0,0,FMN GV 18 Kasterlee
84,Oudemolsedijk,2023-09-15,00:00:00,1,1,0,FMN GV 18 Kasterlee
84,Oudemolsedijk,2023-09-15,01:00:00,0,0,0,FMN GV 18 Kasterlee
84,Oudemolsedijk,2023-09-15,02:00:00,0,0,0,FMN GV 18 Kasterlee
84,Oudemolsedijk,2023-09-15,03:00:00,0,0,0,FMN GV 18 Kasterlee
84,Oudemolsedijk,2023-09-15,04:00:00,1,1,0,FMN GV 18 Kasterlee
84,Oudemolsedijk,2023-09-15,05:00:00,9,8,1,FMN GV 18 Kasterlee
84,Oudemolsedijk,2023-09-15,06:00:00,15,6,9,FMN GV 18 Kasterlee
84,Oudemolsedijk,2023-09-15,07:00:00,52,32,20,FMN GV 18 Kasterlee
84,Oudemolsedijk,2023-09-15,08:00:00,35,24,11,FMN GV 18 Kasterlee
84,Oudemolsedijk,2023-09-15,09:00:00,21,9,12,FMN GV 18 Kasterlee
84,Oudemolsedijk,2023-09-15,10:00:00,28,10,18,FMN GV 18 Kasterlee
84,Oudemolsedijk,2023-09-15,11:00:00,23,13,10,FMN GV 18 Kasterlee
84,Oudemolsedijk,2023-09-15,12:00:00,43,29,14,FMN GV 18 Kasterlee
84,Oudemolsedijk,2023-09-15,13:00:00,57,27,30,FMN GV 18 Kasterlee
84,Oudemolsedijk,2023-09-15,14:00:00,62,27,35,FMN GV 18 Kasterlee
84,Oudemolsedijk,2023-09-15,15:00:00,98,38,60,FMN GV 18 Kasterlee
84,Oudemolsedijk,2023-09-15,16:00:00,88,34,54,FMN GV 18 Kasterlee
84,Oudemolsedijk,2023-09-15,17:00:00,59,28,31,FMN GV 18 Kasterlee
84,Oudemolsedijk,2023-09-15,18:00:00,24,9,15,FMN GV 18 Kasterlee
84,Oudemolsedijk,2023-09-15,19:00:00,25,13,12,FMN GV 18 Kasterlee
84,Oudemolsedijk,2023-09-15,20:00:00,3,0,3,FMN GV 18 Kasterlee
84,Oudemolsedijk,2023-09-15,21:00:00,8,1,7,FMN GV 18 Kasterlee
84,Oudemolsedijk,2023-09-15,22:00:00,4,2,2,FMN GV 18 Kasterlee
84,Oudemolsedijk,2023-09-15,23:00:00,3,0,3,FMN GV 18 Kasterlee
84,Oudemolsedijk,2023-09-16,00:00:00,7,7,0,FMN GV 18 Kasterlee
84,Oudemolsedijk,2023-09-16,01:00:00,0,0,0,FMN GV 18 Kasterlee
84,Oudemolsedijk,2023-09-16,02:00:00,0,0,0,FMN GV 18 Kasterlee
84,Oudemolsedijk,2023-09-16,03:00:00,3,0,3,FMN GV 18 Kasterlee
84,Oudemolsedijk,2023-09-16,04:00:00,1,1,0,FMN GV 18 Kasterlee
84,Oudemolsedijk,2023-09-16,05:00:00,3,1,2,FMN GV 18 Kasterlee
84,Oudemolsedijk,2023-09-16,06:00:00,4,1,3,FMN GV 18 Kasterlee
84,Oudemolsedijk,2023-09-16,07:00:00,4,0,4,FMN GV 18 Kasterlee
84,Oudemolsedijk,2023-09-16,08:00:00,6,2,4,FMN GV 18 Kasterlee
84,Oudemolsedijk,2023-09-16,09:00:00,37,6,31,FMN GV 18 Kasterlee
84,Oudemolsedijk,2023-09-16,10:00:00,40,25,15,FMN GV 18 Kasterlee
84,Oudemolsedijk,2023-09-16,11:00:00,57,36,21,FMN GV 18 Kasterlee
84,Oudemolsedijk,2023-09-16,12:00:00,72,26,46,FMN GV 18 Kasterlee
84,Oudemolsedijk,2023-09-16,13:00:00,114,54,60,FMN GV 18 Kasterlee
84,Oudemolsedijk,2023-09-16,14:00:00,125,75,50,FMN GV 18 Kasterlee
84,Oudemolsedijk,2023-09-16,15:00:00,129,85,44,FMN GV 18 Kasterlee
84,Oudemolsedijk,2023-09-16,16:00:00,103,64,39,FMN GV 18 Kasterlee
84,Oudemolsedijk,2023-09-16,17:00:00,54,31,23,FMN GV 18 Kasterlee
84,Oudemolsedijk,2023-09-16,18:00:00,26,12,14,FMN GV 18 Kasterlee
84,Oudemolsedijk,2023-09-16,19:00:00,9,1,8,FMN GV 18 Kasterlee
84,Oudemolsedijk,2023-09-16,20:00:00,9,4,5,FMN GV 18 Kasterlee
84,Oudemolsedijk,2023-09-16,21:00:00,1,0,1,FMN GV 18 Kasterlee
84,Oudemolsedijk,2023-09-16,22:00:00,2,1,1,FMN GV 18 Kasterlee
84,Oudemolsedijk,2023-09-16,23:00:00,1,1,0,FMN GV 18 Kasterlee
84,Oudemolsedijk,2023-09-17,00:00:00,2,0,2,FMN GV 18 Kasterlee
84,Oudemolsedijk,2023-09-17,01:00:00,0,0,0,FMN GV 18 Kasterlee
84,Oudemolsedijk,2023-09-17,02:00:00,1,1,0,FMN GV 18 Kasterlee
84,Oudemolsedijk,2023-09-17,03:00:00,0,0,0,FMN GV 18 Kasterlee
84,Oudemolsedijk,2023-09-17,04:00:00,0,0,0,FMN GV 18 Kasterlee
84,Oudemolsedijk,2023-09-17,05:00:00,0,0,0,FMN GV 18 Kasterlee
84,Oudemolsedijk,2023-09-17,06:00:00,1,1,0,FMN GV 18 Kasterlee
84,Oudemolsedijk,2023-09-17,07:00:00,13,7,6,FMN GV 18 Kasterlee
84,Oudemolsedijk,2023-09-17,08:00:00,57,15,42,FMN GV 18 Kasterlee
84,Oudemolsedijk,2023-09-17,09:00:00,111,46,65,FMN GV 18 Kasterlee
84,Oudemolsedijk,2023-09-17,10:00:00,158,113,45,FMN GV 18 Kasterlee
84,Oudemolsedijk,2023-09-17,11:00:00,100,43,57,FMN GV 18 Kasterlee
84,Oudemolsedijk,2023-09-17,12:00:00,79,43,36,FMN GV 18 Kasterlee
84,Oudemolsedijk,2023-09-17,13:00:00,74,31,43,FMN GV 18 Kasterlee
84,Oudemolsedijk,2023-09-17,14:00:00,142,76,66,FMN GV 18 Kasterlee
84,Oudemolsedijk,2023-09-17,15:00:00,106,68,38,FMN GV 18 Kasterlee
84,Oudemolsedijk,2023-09-17,16:00:00,136,68,68,FMN GV 18 Kasterlee
84,Oudemolsedijk,2023-09-17,17:00:00,86,50,36,FMN GV 18 Kasterlee
84,Oudemolsedijk,2023-09-17,18:00:00,33,24,9,FMN GV 18 Kasterlee
84,Oudemolsedijk,2023-09-17,19:00:00,19,9,10,FMN GV 18 Kasterlee
84,Oudemolsedijk,2023-09-17,20:00:00,7,5,2,FMN GV 18 Kasterlee
84,Oudemolsedijk,2023-09-17,21:00:00,1,1,0,FMN GV 18 Kasterlee
84,Oudemolsedijk,2023-09-17,22:00:00,2,0,2,FMN GV 18 Kasterlee
84,Oudemolsedijk,2023-09-17,23:00:00,1,1,0,FMN GV 18 Kasterlee
84,Oudemolsedijk,2023-09-18,00:00:00,1,1,0,FMN GV 18 Kasterlee
84,Oudemolsedijk,2023-09-18,01:00:00,0,0,0,FMN GV 18 Kasterlee
84,Oudemolsedijk,2023-09-18,02:00:00,0,0,0,FMN GV 18 Kasterlee
84,Oudemolsedijk,2023-09-18,03:00:00,0,0,0,FMN GV 18 Kasterlee
84,Oudemolsedijk,2023-09-18,04:00:00,2,2,0,FMN GV 18 Kasterlee
84,Oudemolsedijk,2023-09-18,05:00:00,2,2,0,FMN GV 18 Kasterlee
84,Oudemolsedijk,2023-09-18,06:00:00,16,8,8,FMN GV 18 Kasterlee
84,Oudemolsedijk,2023-09-18,07:00:00,29,17,12,FMN GV 18 Kasterlee
84,Oudemolsedijk,2023-09-18,08:00:00,31,22,9,FMN GV 18 Kasterlee
84,Oudemolsedijk,2023-09-18,09:00:00,10,6,4,FMN GV 18 Kasterlee
84,Oudemolsedijk,2023-09-18,10:00:00,13,7,6,FMN GV 18 Kasterlee
84,Oudemolsedijk,2023-09-18,11:00:00,20,16,4,FMN GV 18 Kasterlee
84,Oudemolsedijk,2023-09-18,12:00:00,28,15,13,FMN GV 18 Kasterlee
84,Oudemolsedijk,2023-09-18,13:00:00,28,12,16,FMN GV 18 Kasterlee
84,Oudemolsedijk,2023-09-18,14:00:00,40,16,24,FMN GV 18 Kasterlee
84,Oudemolsedijk,2023-09-18,15:00:00,40,12,28,FMN GV 18 Kasterlee
84,Oudemolsedijk,2023-09-18,16:00:00,61,28,33,FMN GV 18 Kasterlee
84,Oudemolsedijk,2023-09-18,17:00:00,56,22,34,FMN GV 18 Kasterlee
84,Oudemolsedijk,2023-09-18,18:00:00,12,3,9,FMN GV 18 Kasterlee
84,Oudemolsedijk,2023-09-18,19:00:00,5,1,4,FMN GV 18 Kasterlee
84,Oudemolsedijk,2023-09-18,20:00:00,2,1,1,FMN GV 18 Kasterlee
84,Oudemolsedijk,2023-09-18,21:00:00,6,2,4,FMN GV 18 Kasterlee
84,Oudemolsedijk,2023-09-18,22:00:00,5,2,3,FMN GV 18 Kasterlee
84,Oudemolsedijk,2023-09-18,23:00:00,1,1,0,FMN GV 18 Kasterlee
84,Oudemolsedijk,2023-09-19,00:00:00,0,0,0,FMN GV 18 Kasterlee
84,Oudemolsedijk,2023-09-19,01:00:00,0,0,0,FMN GV 18 Kasterlee
84,Oudemolsedijk,2023-09-19,02:00:00,0,0,0,FMN GV 18 Kasterlee
84,Oudemolsedijk,2023-09-19,03:00:00,1,1,0,FMN GV 18 Kasterlee
84,Oudemolsedijk,2023-09-19,04:00:00,1,1,0,FMN GV 18 Kasterlee
84,Oudemolsedijk,2023-09-19,05:00:00,3,2,1,FMN GV 18 Kasterlee
84,Oudemolsedijk,2023-09-19,06:00:00,20,9,11,FMN GV 18 Kasterlee
84,Oudemolsedijk,2023-09-19,07:00:00,44,20,24,FMN GV 18 Kasterlee
84,Oudemolsedijk,2023-09-19,08:00:00,26,17,9,FMN GV 18 Kasterlee
84,Oudemolsedijk,2023-09-19,09:00:00,32,3,29,FMN GV 18 Kasterlee
84,Oudemolsedijk,2023-09-19,10:00:00,40,13,27,FMN GV 18 Kasterlee
84,Oudemolsedijk,2023-09-19,11:00:00,21,8,13,FMN GV 18 Kasterlee
84,Oudemolsedijk,2023-09-19,12:00:00,24,18,6,FMN GV 18 Kasterlee
84,Oudemolsedijk,2023-09-19,13:00:00,76,22,54,FMN GV 18 Kasterlee
84,Oudemolsedijk,2023-09-19,14:00:00,68,53,15,FMN GV 18 Kasterlee
84,Oudemolsedijk,2023-09-19,15:00:00,49,24,25,FMN GV 18 Kasterlee
84,Oudemolsedijk,2023-09-19,16:00:00,54,37,17,FMN GV 18 Kasterlee
84,Oudemolsedijk,2023-09-19,17:00:00,65,27,38,FMN GV 18 Kasterlee
84,Oudemolsedijk,2023-09-19,18:00:00,9,6,3,FMN GV 18 Kasterlee
84,Oudemolsedijk,2023-09-19,19:00:00,9,4,5,FMN GV 18 Kasterlee
84,Oudemolsedijk,2023-09-19,20:00:00,12,11,1,FMN GV 18 Kasterlee
84,Oudemolsedijk,2023-09-19,21:00:00,4,1,3,FMN GV 18 Kasterlee
84,Oudemolsedijk,2023-09-19,22:00:00,6,1,5,FMN GV 18 Kasterlee
84,Oudemolsedijk,2023-09-19,23:00:00,1,0,1,FMN GV 18 Kasterlee
84,Oudemolsedijk,2023-09-20,00:00:00,0,0,0,FMN GV 18 Kasterlee
84,Oudemolsedijk,2023-09-20,01:00:00,0,0,0,FMN GV 18 Kasterlee
84,Oudemolsedijk,2023-09-20,02:00:00,0,0,0,FMN GV 18 Kasterlee
84,Oudemolsedijk,2023-09-20,03:00:00,1,1,0,FMN GV 18 Kasterlee
84,Oudemolsedijk,2023-09-20,04:00:00,1,1,0,FMN GV 18 Kasterlee
84,Oudemolsedijk,2023-09-20,05:00:00,2,2,0,FMN GV 18 Kasterlee
84,Oudemolsedijk,2023-09-20,06:00:00,17,7,10,FMN GV 18 Kasterlee
84,Oudemolsedijk,2023-09-20,07:00:00,44,23,21,FMN GV 18 Kasterlee
84,Oudemolsedijk,2023-09-20,08:00:00,30,21,9,FMN GV 18 Kasterlee
84,Oudemolsedijk,2023-09-20,09:00:00,28,14,14,FMN GV 18 Kasterlee
84,Oudemolsedijk,2023-09-20,10:00:00,27,17,10,FMN GV 18 Kasterlee
84,Oudemolsedijk,2023-09-20,11:00:00,28,21,7,FMN GV 18 Kasterlee
84,Oudemolsedijk,2023-09-20,12:00:00,49,25,24,FMN GV 18 Kasterlee
84,Oudemolsedijk,2023-09-20,13:00:00,65,25,40,FMN GV 18 Kasterlee
84,Oudemolsedijk,2023-09-20,14:00:00,52,31,21,FMN GV 18 Kasterlee
84,Oudemolsedijk,2023-09-20,15:00:00,78,37,41,FMN GV 18 Kasterlee
84,Oudemolsedijk,2023-09-20,16:00:00,67,39,28,FMN GV 18 Kasterlee
84,Oudemolsedijk,2023-09-20,17:00:00,39,19,20,FMN GV 18 Kasterlee
84,Oudemolsedijk,2023-09-20,18:00:00,18,8,10,FMN GV 18 Kasterlee
84,Oudemolsedijk,2023-09-20,19:00:00,20,11,9,FMN GV 18 Kasterlee
84,Oudemolsedijk,2023-09-20,20:00:00,25,17,8,FMN GV 18 Kasterlee
84,Oudemolsedijk,2023-09-20,21:00:00,4,1,3,FMN GV 18 Kasterlee
84,Oudemolsedijk,2023-09-20,22:00:00,9,3,6,FMN GV 18 Kasterlee
84,Oudemolsedijk,2023-09-20,23:00:00,1,0,1,FMN GV 18 Kasterlee
84,Oudemolsedijk,2023-09-21,00:00:00,0,0,0,FMN GV 18 Kasterlee
84,Oudemolsedijk,2023-09-21,01:00:00,0,0,0,FMN GV 18 Kasterlee
84,Oudemolsedijk,2023-09-21,02:00:00,0,0,0,FMN GV 18 Kasterlee
84,Oudemolsedijk,2023-09-21,03:00:00,0,0,0,FMN GV 18 Kasterlee
84,Oudemolsedijk,2023-09-21,04:00:00,1,1,0,FMN GV 18 Kasterlee
84,Oudemolsedijk,2023-09-21,05:00:00,4,4,0,FMN GV 18 Kasterlee
84,Oudemolsedijk,2023-09-21,06:00:00,7,1,6,FMN GV 18 Kasterlee
84,Oudemolsedijk,2023-09-21,07:00:00,15,9,6,FMN GV 18 Kasterlee
84,Oudemolsedijk,2023-09-21,08:00:00,8,6,2,FMN GV 18 Kasterlee
84,Oudemolsedijk,2023-09-21,09:00:00,2,0,2,FMN GV 18 Kasterlee
84,Oudemolsedijk,2023-09-21,10:00:00,2,0,2,FMN GV 18 Kasterlee
84,Oudemolsedijk,2023-09-21,11:00:00,4,1,3,FMN GV 18 Kasterlee
84,Oudemolsedijk,2023-09-21,12:00:00,9,6,3,FMN GV 18 Kasterlee
84,Oudemolsedijk,2023-09-21,13:00:00,0,0,0,FMN GV 18 Kasterlee
84,Oudemolsedijk,2023-09-21,14:00:00,6,1,5,FMN GV 18 Kasterlee
84,Oudemolsedijk,2023-09-21,15:00:00,7,4,3,FMN GV 18 Kasterlee
84,Oudemolsedijk,2023-09-21,16:00:00,34,15,19,FMN GV 18 Kasterlee
84,Oudemolsedijk,2023-09-21,17:00:00,13,3,10,FMN GV 18 Kasterlee
84,Oudemolsedijk,2023-09-21,18:00:00,4,2,2,FMN GV 18 Kasterlee
84,Oudemolsedijk,2023-09-21,19:00:00,0,0,0,FMN GV 18 Kasterlee
84,Oudemolsedijk,2023-09-21,20:00:00,1,0,1,FMN GV 18 Kasterlee
84,Oudemolsedijk,2023-09-21,21:00:00,2,0,2,FMN GV 18 Kasterlee
84,Oudemolsedijk,2023-09-21,22:00:00,3,1,2,FMN GV 18 Kasterlee
84,Oudemolsedijk,2023-09-21,23:00:00,1,0,1,FMN GV 18 Kasterlee
84,Oudemolsedijk,2023-09-22,00:00:00,0,0,0,FMN GV 18 Kasterlee
84,Oudemolsedijk,2023-09-22,01:00:00,0,0,0,FMN GV 18 Kasterlee
84,Oudemolsedijk,2023-09-22,02:00:00,0,0,0,FMN GV 18 Kasterlee
84,Oudemolsedijk,2023-09-22,03:00:00,0,0,0,FMN GV 18 Kasterlee
84,Oudemolsedijk,2023-09-22,04:00:00,1,1,0,FMN GV 18 Kasterlee
84,Oudemolsedijk,2023-09-22,05:00:00,5,4,1,FMN GV 18 Kasterlee
84,Oudemolsedijk,2023-09-22,06:00:00,15,7,8,FMN GV 18 Kasterlee
84,Oudemolsedijk,2023-09-22,07:00:00,26,15,11,FMN GV 18 Kasterlee
84,Oudemolsedijk,2023-09-22,08:00:00,20,12,8,FMN GV 18 Kasterlee
84,Oudemolsedijk,2023-09-22,09:00:00,19,10,9,FMN GV 18 Kasterlee
84,Oudemolsedijk,2023-09-22,10:00:00,29,23,6,FMN GV 18 Kasterlee
84,Oudemolsedijk,2023-09-22,11:00:00,20,18,2,FMN GV 18 Kasterlee
84,Oudemolsedijk,2023-09-22,12:00:00,18,9,9,FMN GV 18 Kasterlee
84,Oudemolsedijk,2023-09-22,13:00:00,33,22,11,FMN GV 18 Kasterlee
84,Oudemolsedijk,2023-09-22,14:00:00,39,23,16,FMN GV 18 Kasterlee
84,Oudemolsedijk,2023-09-22,15:00:00,10,5,5,FMN GV 18 Kasterlee
84,Oudemolsedijk,2023-09-22,16:00:00,28,10,18,FMN GV 18 Kasterlee
84,Oudemolsedijk,2023-09-22,17:00:00,20,10,10,FMN GV 18 Kasterlee
84,Oudemolsedijk,2023-09-22,18:00:00,12,3,9,FMN GV 18 Kasterlee
84,Oudemolsedijk,2023-09-22,19:00:00,9,4,5,FMN GV 18 Kasterlee
84,Oudemolsedijk,2023-09-22,20:00:00,3,0,3,FMN GV 18 Kasterlee
84,Oudemolsedijk,2023-09-22,21:00:00,0,0,0,FMN GV 18 Kasterlee
84,Oudemolsedijk,2023-09-22,22:00:00,4,0,4,FMN GV 18 Kasterlee
84,Oudemolsedijk,2023-09-22,23:00:00,1,0,1,FMN GV 18 Kasterlee
84,Oudemolsedijk,2023-09-23,00:00:00,0,0,0,FMN GV 18 Kasterlee
84,Oudemolsedijk,2023-09-23,01:00:00,0,0,0,FMN GV 18 Kasterlee
84,Oudemolsedijk,2023-09-23,02:00:00,0,0,0,FMN GV 18 Kasterlee
84,Oudemolsedijk,2023-09-23,03:00:00,1,0,1,FMN GV 18 Kasterlee
84,Oudemolsedijk,2023-09-23,04:00:00,0,0,0,FMN GV 18 Kasterlee
84,Oudemolsedijk,2023-09-23,05:00:00,4,4,0,FMN GV 18 Kasterlee
84,Oudemolsedijk,2023-09-23,06:00:00,2,1,1,FMN GV 18 Kasterlee
84,Oudemolsedijk,2023-09-23,07:00:00,4,1,3,FMN GV 18 Kasterlee
84,Oudemolsedijk,2023-09-23,08:00:00,17,1,16,FMN GV 18 Kasterlee
84,Oudemolsedijk,2023-09-23,09:00:00,21,11,10,FMN GV 18 Kasterlee
84,Oudemolsedijk,2023-09-23,10:00:00,34,17,17,FMN GV 18 Kasterlee
84,Oudemolsedijk,2023-09-23,11:00:00,36,21,15,FMN GV 18 Kasterlee
84,Oudemolsedijk,2023-09-23,12:00:00,55,34,21,FMN GV 18 Kasterlee
84,Oudemolsedijk,2023-09-23,13:00:00,96,54,42,FMN GV 18 Kasterlee
84,Oudemolsedijk,2023-09-23,14:00:00,83,53,30,FMN GV 18 Kasterlee
84,Oudemolsedijk,2023-09-23,15:00:00,53,23,30,FMN GV 18 Kasterlee
84,Oudemolsedijk,2023-09-23,16:00:00,44,19,25,FMN GV 18 Kasterlee
84,Oudemolsedijk,2023-09-23,17:00:00,29,24,5,FMN GV 18 Kasterlee
84,Oudemolsedijk,2023-09-23,18:00:00,31,24,7,FMN GV 18 Kasterlee
84,Oudemolsedijk,2023-09-23,19:00:00,7,3,4,FMN GV 18 Kasterlee
84,Oudemolsedijk,2023-09-23,20:00:00,1,1,0,FMN GV 18 Kasterlee
84,Oudemolsedijk,2023-09-23,21:00:00,1,1,0,FMN GV 18 Kasterlee
84,Oudemolsedijk,2023-09-23,22:00:00,0,0,0,FMN GV 18 Kasterlee
84,Oudemolsedijk,2023-09-23,23:00:00,1,1,0,FMN GV 18 Kasterlee
84,Oudemolsedijk,2023-09-24,00:00:00,0,0,0,FMN GV 18 Kasterlee
84,Oudemolsedijk,2023-09-24,01:00:00,2,0,2,FMN GV 18 Kasterlee
84,Oudemolsedijk,2023-09-24,02:00:00,0,0,0,FMN GV 18 Kasterlee
84,Oudemolsedijk,2023-09-24,03:00:00,3,0,3,FMN GV 18 Kasterlee
84,Oudemolsedijk,2023-09-24,04:00:00,0,0,0,FMN GV 18 Kasterlee
84,Oudemolsedijk,2023-09-24,05:00:00,3,2,1,FMN GV 18 Kasterlee
84,Oudemolsedijk,2023-09-24,06:00:00,0,0,0,FMN GV 18 Kasterlee
84,Oudemolsedijk,2023-09-24,07:00:00,10,3,7,FMN GV 18 Kasterlee
84,Oudemolsedijk,2023-09-24,08:00:00,36,10,26,FMN GV 18 Kasterlee
84,Oudemolsedijk,2023-09-24,09:00:00,69,20,49,FMN GV 18 Kasterlee
84,Oudemolsedijk,2023-09-24,10:00:00,103,64,39,FMN GV 18 Kasterlee
84,Oudemolsedijk,2023-09-24,11:00:00,120,74,46,FMN GV 18 Kasterlee
84,Oudemolsedijk,2023-09-24,12:00:00,66,36,30,FMN GV 18 Kasterlee
84,Oudemolsedijk,2023-09-24,13:00:00,112,49,63,FMN GV 18 Kasterlee
84,Oudemolsedijk,2023-09-24,14:00:00,125,68,57,FMN GV 18 Kasterlee
84,Oudemolsedijk,2023-09-24,15:00:00,146,73,73,FMN GV 18 Kasterlee
84,Oudemolsedijk,2023-09-24,16:00:00,133,74,59,FMN GV 18 Kasterlee
84,Oudemolsedijk,2023-09-24,17:00:00,57,28,29,FMN GV 18 Kasterlee
84,Oudemolsedijk,2023-09-24,18:00:00,34,21,13,FMN GV 18 Kasterlee
84,Oudemolsedijk,2023-09-24,19:00:00,13,6,7,FMN GV 18 Kasterlee
84,Oudemolsedijk,2023-09-24,20:00:00,3,1,2,FMN GV 18 Kasterlee
84,Oudemolsedijk,2023-09-24,21:00:00,3,1,2,FMN GV 18 Kasterlee
84,Oudemolsedijk,2023-09-24,22:00:00,1,0,1,FMN GV 18 Kasterlee
84,Oudemolsedijk,2023-09-24,23:00:00,1,0,1,FMN GV 18 Kasterlee
84,Oudemolsedijk,2023-09-25,00:00:00,0,0,0,FMN GV 18 Kasterlee
84,Oudemolsedijk,2023-09-25,01:00:00,0,0,0,FMN GV 18 Kasterlee
84,Oudemolsedijk,2023-09-25,02:00:00,0,0,0,FMN GV 18 Kasterlee
84,Oudemolsedijk,2023-09-25,03:00:00,0,0,0,FMN GV 18 Kasterlee
84,Oudemolsedijk,2023-09-25,04:00:00,1,1,0,FMN GV 18 Kasterlee
84,Oudemolsedijk,2023-09-25,05:00:00,8,6,2,FMN GV 18 Kasterlee
84,Oudemolsedijk,2023-09-25,06:00:00,24,12,12,FMN GV 18 Kasterlee
84,Oudemolsedijk,2023-09-25,07:00:00,52,31,21,FMN GV 18 Kasterlee
84,Oudemolsedijk,2023-09-25,08:00:00,36,23,13,FMN GV 18 Kasterlee
84,Oudemolsedijk,2023-09-25,09:00:00,18,8,10,FMN GV 18 Kasterlee
84,Oudemolsedijk,2023-09-25,10:00:00,17,9,8,FMN GV 18 Kasterlee
84,Oudemolsedijk,2023-09-25,11:00:00,20,11,9,FMN GV 18 Kasterlee
84,Oudemolsedijk,2023-09-25,12:00:00,32,17,15,FMN GV 18 Kasterlee
84,Oudemolsedijk,2023-09-25,13:00:00,56,16,40,FMN GV 18 Kasterlee
84,Oudemolsedijk,2023-09-25,14:00:00,76,40,36,FMN GV 18 Kasterlee
84,Oudemolsedijk,2023-09-25,15:00:00,95,49,46,FMN GV 18 Kasterlee
84,Oudemolsedijk,2023-09-25,16:00:00,76,42,34,FMN GV 18 Kasterlee
84,Oudemolsedijk,2023-09-25,17:00:00,76,36,40,FMN GV 18 Kasterlee
84,Oudemolsedijk,2023-09-25,18:00:00,23,7,16,FMN GV 18 Kasterlee
84,Oudemolsedijk,2023-09-25,19:00:00,9,6,3,FMN GV 18 Kasterlee
84,Oudemolsedijk,2023-09-25,20:00:00,1,0,1,FMN GV 18 Kasterlee
84,Oudemolsedijk,2023-09-25,21:00:00,1,1,0,FMN GV 18 Kasterlee
84,Oudemolsedijk,2023-09-25,22:00:00,3,0,3,FMN GV 18 Kasterlee
84,Oudemolsedijk,2023-09-25,23:00:00,1,0,1,FMN GV 18 Kasterlee
84,Oudemolsedijk,2023-09-26,00:00:00,1,0,1,FMN GV 18 Kasterlee
84,Oudemolsedijk,2023-09-26,01:00:00,0,0,0,FMN GV 18 Kasterlee
84,Oudemolsedijk,2023-09-26,02:00:00,0,0,0,FMN GV 18 Kasterlee
84,Oudemolsedijk,2023-09-26,03:00:00,0,0,0,FMN GV 18 Kasterlee
84,Oudemolsedijk,2023-09-26,04:00:00,1,1,0,FMN GV 18 Kasterlee
84,Oudemolsedijk,2023-09-26,05:00:00,8,8,0,FMN GV 18 Kasterlee
84,Oudemolsedijk,2023-09-26,06:00:00,22,9,13,FMN GV 18 Kasterlee
84,Oudemolsedijk,2023-09-26,07:00:00,50,28,22,FMN GV 18 Kasterlee
84,Oudemolsedijk,2023-09-26,08:00:00,38,25,13,FMN GV 18 Kasterlee
84,Oudemolsedijk,2023-09-26,09:00:00,32,14,18,FMN GV 18 Kasterlee
84,Oudemolsedijk,2023-09-26,10:00:00,64,27,37,FMN GV 18 Kasterlee
84,Oudemolsedijk,2023-09-26,11:00:00,29,9,20,FMN GV 18 Kasterlee
84,Oudemolsedijk,2023-09-26,12:00:00,39,20,19,FMN GV 18 Kasterlee
84,Oudemolsedijk,2023-09-26,13:00:00,65,33,32,FMN GV 18 Kasterlee
84,Oudemolsedijk,2023-09-26,14:00:00,92,54,38,FMN GV 18 Kasterlee
84,Oudemolsedijk,2023-09-26,15:00:00,110,73,37,FMN GV 18 Kasterlee
84,Oudemolsedijk,2023-09-26,16:00:00,119,68,51,FMN GV 18 Kasterlee
84,Oudemolsedijk,2023-09-26,17:00:00,72,30,42,FMN GV 18 Kasterlee
84,Oudemolsedijk,2023-09-26,18:00:00,29,15,14,FMN GV 18 Kasterlee
84,Oudemolsedijk,2023-09-26,19:00:00,8,5,3,FMN GV 18 Kasterlee
84,Oudemolsedijk,2023-09-26,20:00:00,9,3,6,FMN GV 18 Kasterlee
84,Oudemolsedijk,2023-09-26,21:00:00,1,1,0,FMN GV 18 Kasterlee
84,Oudemolsedijk,2023-09-26,22:00:00,6,1,5,FMN GV 18 Kasterlee
84,Oudemolsedijk,2023-09-26,23:00:00,1,0,1,FMN GV 18 Kasterlee
84,Oudemolsedijk,2023-09-27,00:00:00,1,1,0,FMN GV 18 Kasterlee
84,Oudemolsedijk,2023-09-27,01:00:00,0,0,0,FMN GV 18 Kasterlee
84,Oudemolsedijk,2023-09-27,02:00:00,0,0,0,FMN GV 18 Kasterlee
84,Oudemolsedijk,2023-09-27,03:00:00,0,0,0,FMN GV 18 Kasterlee
84,Oudemolsedijk,2023-09-27,04:00:00,2,1,1,FMN GV 18 Kasterlee
84,Oudemolsedijk,2023-09-27,05:00:00,7,6,1,FMN GV 18 Kasterlee
84,Oudemolsedijk,2023-09-27,06:00:00,16,4,12,FMN GV 18 Kasterlee
84,Oudemolsedijk,2023-09-27,07:00:00,0,0,0,FMN GV 18 Kasterlee
84,Oudemolsedijk,2023-09-27,08:00:00,0,0,0,FMN GV 18 Kasterlee
84,Oudemolsedijk,2023-09-27,09:00:00,0,0,0,FMN GV 18 Kasterlee
84,Oudemolsedijk,2023-09-27,10:00:00,0,0,0,FMN GV 18 Kasterlee
84,Oudemolsedijk,2023-09-27,11:00:00,0,0,0,FMN GV 18 Kasterlee
84,Oudemolsedijk,2023-09-27,12:00:00,0,0,0,FMN GV 18 Kasterlee
84,Oudemolsedijk,2023-09-27,13:00:00,0,0,0,FMN GV 18 Kasterlee
84,Oudemolsedijk,2023-09-27,14:00:00,0,0,0,FMN GV 18 Kasterlee
84,Oudemolsedijk,2023-09-27,15:00:00,0,0,0,FMN GV 18 Kasterlee
84,Oudemolsedijk,2023-09-27,16:00:00,0,0,0,FMN GV 18 Kasterlee
84,Oudemolsedijk,2023-09-27,17:00:00,0,0,0,FMN GV 18 Kasterlee
84,Oudemolsedijk,2023-09-27,18:00:00,0,0,0,FMN GV 18 Kasterlee
84,Oudemolsedijk,2023-09-27,19:00:00,0,0,0,FMN GV 18 Kasterlee
84,Oudemolsedijk,2023-09-27,20:00:00,0,0,0,FMN GV 18 Kasterlee
84,Oudemolsedijk,2023-09-27,21:00:00,0,0,0,FMN GV 18 Kasterlee
84,Oudemolsedijk,2023-09-27,22:00:00,0,0,0,FMN GV 18 Kasterlee
84,Oudemolsedijk,2023-09-27,23:00:00,0,0,0,FMN GV 18 Kasterlee
