Meetpunt surrogate key,Meetpunt locatie,Datum,Tijd,Aantal fietsers,Aantal fietsers van,Aantal fietsers naar,Meetpunt code
7,Victor Heylenlei 41,2020-07-02,00:00:00,0,0,0,FMN GV 22 Boechout
7,Victor Heylenlei 41,2020-07-02,01:00:00,0,0,0,FMN GV 22 Boechout
7,Victor Heylenlei 41,2020-07-02,02:00:00,0,0,0,FMN GV 22 Boechout
7,Victor Heylenlei 41,2020-07-02,03:00:00,0,0,0,FMN GV 22 Boechout
7,Victor Heylenlei 41,2020-07-02,04:00:00,0,0,0,FMN GV 22 Boechout
7,Victor Heylenlei 41,2020-07-02,05:00:00,0,0,0,FMN GV 22 Boechout
7,Victor Heylenlei 41,2020-07-02,06:00:00,0,0,0,FMN GV 22 Boechout
7,Victor Heylenlei 41,2020-07-02,07:00:00,0,0,0,FMN GV 22 Boechout
7,Victor Heylenlei 41,2020-07-02,08:00:00,0,0,0,FMN GV 22 Boechout
7,Victor Heylenlei 41,2020-07-02,09:00:00,41,22,19,FMN GV 22 Boechout
7,Victor Heylenlei 41,2020-07-02,10:00:00,50,30,20,FMN GV 22 Boechout
7,Victor Heylenlei 41,2020-07-02,11:00:00,40,20,20,FMN GV 22 Boechout
7,Victor Heylenlei 41,2020-07-02,12:00:00,50,23,27,FMN GV 22 Boechout
7,Victor Heylenlei 41,2020-07-02,13:00:00,49,29,20,FMN GV 22 Boechout
7,Victor Heylenlei 41,2020-07-02,14:00:00,84,55,29,FMN GV 22 Boechout
7,Victor Heylenlei 41,2020-07-02,15:00:00,68,19,49,FMN GV 22 Boechout
7,Victor Heylenlei 41,2020-07-02,16:00:00,99,36,63,FMN GV 22 Boechout
7,Victor Heylenlei 41,2020-07-02,17:00:00,100,32,68,FMN GV 22 Boechout
7,Victor Heylenlei 41,2020-07-02,18:00:00,98,41,57,FMN GV 22 Boechout
7,Victor Heylenlei 41,2020-07-02,19:00:00,76,27,49,FMN GV 22 Boechout
7,Victor Heylenlei 41,2020-07-02,20:00:00,68,30,38,FMN GV 22 Boechout
7,Victor Heylenlei 41,2020-07-02,21:00:00,46,26,20,FMN GV 22 Boechout
7,Victor Heylenlei 41,2020-07-02,22:00:00,37,32,5,FMN GV 22 Boechout
7,Victor Heylenlei 41,2020-07-02,23:00:00,7,4,3,FMN GV 22 Boechout
7,Victor Heylenlei 41,2020-07-03,00:00:00,8,5,3,FMN GV 22 Boechout
7,Victor Heylenlei 41,2020-07-03,01:00:00,8,0,8,FMN GV 22 Boechout
7,Victor Heylenlei 41,2020-07-03,02:00:00,0,0,0,FMN GV 22 Boechout
7,Victor Heylenlei 41,2020-07-03,03:00:00,3,3,0,FMN GV 22 Boechout
7,Victor Heylenlei 41,2020-07-03,04:00:00,2,2,0,FMN GV 22 Boechout
7,Victor Heylenlei 41,2020-07-03,05:00:00,10,8,2,FMN GV 22 Boechout
7,Victor Heylenlei 41,2020-07-03,06:00:00,28,19,9,FMN GV 22 Boechout
7,Victor Heylenlei 41,2020-07-03,07:00:00,61,41,20,FMN GV 22 Boechout
7,Victor Heylenlei 41,2020-07-03,08:00:00,76,51,25,FMN GV 22 Boechout
7,Victor Heylenlei 41,2020-07-03,09:00:00,54,26,28,FMN GV 22 Boechout
7,Victor Heylenlei 41,2020-07-03,10:00:00,56,34,22,FMN GV 22 Boechout
7,Victor Heylenlei 41,2020-07-03,11:00:00,45,22,23,FMN GV 22 Boechout
7,Victor Heylenlei 41,2020-07-03,12:00:00,51,22,29,FMN GV 22 Boechout
7,Victor Heylenlei 41,2020-07-03,13:00:00,72,34,38,FMN GV 22 Boechout
7,Victor Heylenlei 41,2020-07-03,14:00:00,80,41,39,FMN GV 22 Boechout
7,Victor Heylenlei 41,2020-07-03,15:00:00,109,49,60,FMN GV 22 Boechout
7,Victor Heylenlei 41,2020-07-03,16:00:00,120,43,77,FMN GV 22 Boechout
7,Victor Heylenlei 41,2020-07-03,17:00:00,92,40,52,FMN GV 22 Boechout
7,Victor Heylenlei 41,2020-07-03,18:00:00,89,35,54,FMN GV 22 Boechout
7,Victor Heylenlei 41,2020-07-03,19:00:00,64,34,30,FMN GV 22 Boechout
7,Victor Heylenlei 41,2020-07-03,20:00:00,34,14,20,FMN GV 22 Boechout
7,Victor Heylenlei 41,2020-07-03,21:00:00,22,12,10,FMN GV 22 Boechout
7,Victor Heylenlei 41,2020-07-03,22:00:00,60,31,29,FMN GV 22 Boechout
7,Victor Heylenlei 41,2020-07-03,23:00:00,9,2,7,FMN GV 22 Boechout
7,Victor Heylenlei 41,2020-07-04,00:00:00,10,8,2,FMN GV 22 Boechout
7,Victor Heylenlei 41,2020-07-04,01:00:00,14,8,6,FMN GV 22 Boechout
7,Victor Heylenlei 41,2020-07-04,02:00:00,10,4,6,FMN GV 22 Boechout
7,Victor Heylenlei 41,2020-07-04,03:00:00,1,1,0,FMN GV 22 Boechout
7,Victor Heylenlei 41,2020-07-04,04:00:00,4,3,1,FMN GV 22 Boechout
7,Victor Heylenlei 41,2020-07-04,05:00:00,8,4,4,FMN GV 22 Boechout
7,Victor Heylenlei 41,2020-07-04,06:00:00,4,3,1,FMN GV 22 Boechout
7,Victor Heylenlei 41,2020-07-04,07:00:00,3,1,2,FMN GV 22 Boechout
7,Victor Heylenlei 41,2020-07-04,08:00:00,6,1,5,FMN GV 22 Boechout
7,Victor Heylenlei 41,2020-07-04,09:00:00,38,10,28,FMN GV 22 Boechout
7,Victor Heylenlei 41,2020-07-04,10:00:00,51,17,34,FMN GV 22 Boechout
7,Victor Heylenlei 41,2020-07-04,11:00:00,25,9,16,FMN GV 22 Boechout
7,Victor Heylenlei 41,2020-07-04,12:00:00,32,18,14,FMN GV 22 Boechout
7,Victor Heylenlei 41,2020-07-04,13:00:00,45,26,19,FMN GV 22 Boechout
7,Victor Heylenlei 41,2020-07-04,14:00:00,50,23,27,FMN GV 22 Boechout
7,Victor Heylenlei 41,2020-07-04,15:00:00,35,16,19,FMN GV 22 Boechout
7,Victor Heylenlei 41,2020-07-04,16:00:00,42,23,19,FMN GV 22 Boechout
7,Victor Heylenlei 41,2020-07-04,17:00:00,40,23,17,FMN GV 22 Boechout
7,Victor Heylenlei 41,2020-07-04,18:00:00,26,14,12,FMN GV 22 Boechout
7,Victor Heylenlei 41,2020-07-04,19:00:00,25,11,14,FMN GV 22 Boechout
7,Victor Heylenlei 41,2020-07-04,20:00:00,19,12,7,FMN GV 22 Boechout
7,Victor Heylenlei 41,2020-07-04,21:00:00,13,7,6,FMN GV 22 Boechout
7,Victor Heylenlei 41,2020-07-04,22:00:00,12,9,3,FMN GV 22 Boechout
7,Victor Heylenlei 41,2020-07-04,23:00:00,7,4,3,FMN GV 22 Boechout
7,Victor Heylenlei 41,2020-07-05,00:00:00,8,4,4,FMN GV 22 Boechout
7,Victor Heylenlei 41,2020-07-05,01:00:00,9,1,8,FMN GV 22 Boechout
7,Victor Heylenlei 41,2020-07-05,02:00:00,2,2,0,FMN GV 22 Boechout
7,Victor Heylenlei 41,2020-07-05,03:00:00,3,2,1,FMN GV 22 Boechout
7,Victor Heylenlei 41,2020-07-05,04:00:00,1,1,0,FMN GV 22 Boechout
7,Victor Heylenlei 41,2020-07-05,05:00:00,2,2,0,FMN GV 22 Boechout
7,Victor Heylenlei 41,2020-07-05,06:00:00,6,3,3,FMN GV 22 Boechout
7,Victor Heylenlei 41,2020-07-05,07:00:00,6,4,2,FMN GV 22 Boechout
7,Victor Heylenlei 41,2020-07-05,08:00:00,34,11,23,FMN GV 22 Boechout
7,Victor Heylenlei 41,2020-07-05,09:00:00,72,30,42,FMN GV 22 Boechout
7,Victor Heylenlei 41,2020-07-05,10:00:00,49,15,34,FMN GV 22 Boechout
7,Victor Heylenlei 41,2020-07-05,11:00:00,69,35,34,FMN GV 22 Boechout
7,Victor Heylenlei 41,2020-07-05,12:00:00,51,30,21,FMN GV 22 Boechout
7,Victor Heylenlei 41,2020-07-05,13:00:00,67,40,27,FMN GV 22 Boechout
7,Victor Heylenlei 41,2020-07-05,14:00:00,60,22,38,FMN GV 22 Boechout
7,Victor Heylenlei 41,2020-07-05,15:00:00,64,32,32,FMN GV 22 Boechout
7,Victor Heylenlei 41,2020-07-05,16:00:00,94,42,52,FMN GV 22 Boechout
7,Victor Heylenlei 41,2020-07-05,17:00:00,59,39,20,FMN GV 22 Boechout
7,Victor Heylenlei 41,2020-07-05,18:00:00,39,20,19,FMN GV 22 Boechout
7,Victor Heylenlei 41,2020-07-05,19:00:00,130,68,62,FMN GV 22 Boechout
7,Victor Heylenlei 41,2020-07-05,20:00:00,30,16,14,FMN GV 22 Boechout
7,Victor Heylenlei 41,2020-07-05,21:00:00,19,11,8,FMN GV 22 Boechout
7,Victor Heylenlei 41,2020-07-05,22:00:00,16,11,5,FMN GV 22 Boechout
7,Victor Heylenlei 41,2020-07-05,23:00:00,5,3,2,FMN GV 22 Boechout
7,Victor Heylenlei 41,2020-07-06,00:00:00,1,0,1,FMN GV 22 Boechout
7,Victor Heylenlei 41,2020-07-06,01:00:00,1,0,1,FMN GV 22 Boechout
7,Victor Heylenlei 41,2020-07-06,02:00:00,0,0,0,FMN GV 22 Boechout
7,Victor Heylenlei 41,2020-07-06,03:00:00,0,0,0,FMN GV 22 Boechout
7,Victor Heylenlei 41,2020-07-06,04:00:00,6,5,1,FMN GV 22 Boechout
7,Victor Heylenlei 41,2020-07-06,05:00:00,6,5,1,FMN GV 22 Boechout
7,Victor Heylenlei 41,2020-07-06,06:00:00,22,18,4,FMN GV 22 Boechout
7,Victor Heylenlei 41,2020-07-06,07:00:00,54,39,15,FMN GV 22 Boechout
7,Victor Heylenlei 41,2020-07-06,08:00:00,58,48,10,FMN GV 22 Boechout
7,Victor Heylenlei 41,2020-07-06,09:00:00,35,17,18,FMN GV 22 Boechout
7,Victor Heylenlei 41,2020-07-06,10:00:00,39,27,12,FMN GV 22 Boechout
7,Victor Heylenlei 41,2020-07-06,11:00:00,34,21,13,FMN GV 22 Boechout
7,Victor Heylenlei 41,2020-07-06,12:00:00,30,14,16,FMN GV 22 Boechout
7,Victor Heylenlei 41,2020-07-06,13:00:00,41,25,16,FMN GV 22 Boechout
7,Victor Heylenlei 41,2020-07-06,14:00:00,61,32,29,FMN GV 22 Boechout
7,Victor Heylenlei 41,2020-07-06,15:00:00,62,29,33,FMN GV 22 Boechout
7,Victor Heylenlei 41,2020-07-06,16:00:00,88,35,53,FMN GV 22 Boechout
7,Victor Heylenlei 41,2020-07-06,17:00:00,116,40,76,FMN GV 22 Boechout
7,Victor Heylenlei 41,2020-07-06,18:00:00,95,32,63,FMN GV 22 Boechout
7,Victor Heylenlei 41,2020-07-06,19:00:00,375,189,186,FMN GV 22 Boechout
7,Victor Heylenlei 41,2020-07-06,20:00:00,43,16,27,FMN GV 22 Boechout
7,Victor Heylenlei 41,2020-07-06,21:00:00,25,15,10,FMN GV 22 Boechout
7,Victor Heylenlei 41,2020-07-06,22:00:00,12,7,5,FMN GV 22 Boechout
7,Victor Heylenlei 41,2020-07-06,23:00:00,13,5,8,FMN GV 22 Boechout
7,Victor Heylenlei 41,2020-07-07,00:00:00,49,25,24,FMN GV 22 Boechout
7,Victor Heylenlei 41,2020-07-07,01:00:00,3,0,3,FMN GV 22 Boechout
7,Victor Heylenlei 41,2020-07-07,02:00:00,0,0,0,FMN GV 22 Boechout
7,Victor Heylenlei 41,2020-07-07,03:00:00,1,0,1,FMN GV 22 Boechout
7,Victor Heylenlei 41,2020-07-07,04:00:00,3,3,0,FMN GV 22 Boechout
7,Victor Heylenlei 41,2020-07-07,05:00:00,9,4,5,FMN GV 22 Boechout
7,Victor Heylenlei 41,2020-07-07,06:00:00,27,20,7,FMN GV 22 Boechout
7,Victor Heylenlei 41,2020-07-07,07:00:00,72,49,23,FMN GV 22 Boechout
7,Victor Heylenlei 41,2020-07-07,08:00:00,87,60,27,FMN GV 22 Boechout
7,Victor Heylenlei 41,2020-07-07,09:00:00,72,40,32,FMN GV 22 Boechout
7,Victor Heylenlei 41,2020-07-07,10:00:00,37,22,15,FMN GV 22 Boechout
7,Victor Heylenlei 41,2020-07-07,11:00:00,70,32,38,FMN GV 22 Boechout
7,Victor Heylenlei 41,2020-07-07,12:00:00,82,30,52,FMN GV 22 Boechout
7,Victor Heylenlei 41,2020-07-07,13:00:00,111,65,46,FMN GV 22 Boechout
7,Victor Heylenlei 41,2020-07-07,14:00:00,108,66,42,FMN GV 22 Boechout
7,Victor Heylenlei 41,2020-07-07,15:00:00,130,42,88,FMN GV 22 Boechout
7,Victor Heylenlei 41,2020-07-07,16:00:00,157,63,94,FMN GV 22 Boechout
7,Victor Heylenlei 41,2020-07-07,17:00:00,144,56,88,FMN GV 22 Boechout
7,Victor Heylenlei 41,2020-07-07,18:00:00,87,36,51,FMN GV 22 Boechout
7,Victor Heylenlei 41,2020-07-07,19:00:00,46,25,21,FMN GV 22 Boechout
7,Victor Heylenlei 41,2020-07-07,20:00:00,53,34,19,FMN GV 22 Boechout
7,Victor Heylenlei 41,2020-07-07,21:00:00,66,43,23,FMN GV 22 Boechout
7,Victor Heylenlei 41,2020-07-07,22:00:00,17,12,5,FMN GV 22 Boechout
7,Victor Heylenlei 41,2020-07-07,23:00:00,10,3,7,FMN GV 22 Boechout
7,Victor Heylenlei 41,2020-07-08,00:00:00,2,0,2,FMN GV 22 Boechout
7,Victor Heylenlei 41,2020-07-08,01:00:00,0,0,0,FMN GV 22 Boechout
7,Victor Heylenlei 41,2020-07-08,02:00:00,1,1,0,FMN GV 22 Boechout
7,Victor Heylenlei 41,2020-07-08,03:00:00,0,0,0,FMN GV 22 Boechout
7,Victor Heylenlei 41,2020-07-08,04:00:00,2,2,0,FMN GV 22 Boechout
7,Victor Heylenlei 41,2020-07-08,05:00:00,5,3,2,FMN GV 22 Boechout
7,Victor Heylenlei 41,2020-07-08,06:00:00,12,7,5,FMN GV 22 Boechout
7,Victor Heylenlei 41,2020-07-08,07:00:00,50,33,17,FMN GV 22 Boechout
7,Victor Heylenlei 41,2020-07-08,08:00:00,30,21,9,FMN GV 22 Boechout
7,Victor Heylenlei 41,2020-07-08,09:00:00,9,9,0,FMN GV 22 Boechout
7,Victor Heylenlei 41,2020-07-08,10:00:00,7,5,2,FMN GV 22 Boechout
7,Victor Heylenlei 41,2020-07-08,11:00:00,6,3,3,FMN GV 22 Boechout
7,Victor Heylenlei 41,2020-07-08,12:00:00,16,7,9,FMN GV 22 Boechout
7,Victor Heylenlei 41,2020-07-08,13:00:00,12,8,4,FMN GV 22 Boechout
7,Victor Heylenlei 41,2020-07-08,14:00:00,8,4,4,FMN GV 22 Boechout
7,Victor Heylenlei 41,2020-07-08,15:00:00,11,4,7,FMN GV 22 Boechout
7,Victor Heylenlei 41,2020-07-08,16:00:00,41,16,25,FMN GV 22 Boechout
7,Victor Heylenlei 41,2020-07-08,17:00:00,43,14,29,FMN GV 22 Boechout
7,Victor Heylenlei 41,2020-07-08,18:00:00,28,12,16,FMN GV 22 Boechout
7,Victor Heylenlei 41,2020-07-08,19:00:00,24,8,16,FMN GV 22 Boechout
7,Victor Heylenlei 41,2020-07-08,20:00:00,14,11,3,FMN GV 22 Boechout
7,Victor Heylenlei 41,2020-07-08,21:00:00,19,11,8,FMN GV 22 Boechout
7,Victor Heylenlei 41,2020-07-08,22:00:00,6,2,4,FMN GV 22 Boechout
7,Victor Heylenlei 41,2020-07-08,23:00:00,2,0,2,FMN GV 22 Boechout
7,Victor Heylenlei 41,2020-07-09,00:00:00,3,2,1,FMN GV 22 Boechout
7,Victor Heylenlei 41,2020-07-09,01:00:00,1,0,1,FMN GV 22 Boechout
7,Victor Heylenlei 41,2020-07-09,02:00:00,0,0,0,FMN GV 22 Boechout
7,Victor Heylenlei 41,2020-07-09,03:00:00,1,1,0,FMN GV 22 Boechout
7,Victor Heylenlei 41,2020-07-09,04:00:00,1,1,0,FMN GV 22 Boechout
7,Victor Heylenlei 41,2020-07-09,05:00:00,3,2,1,FMN GV 22 Boechout
7,Victor Heylenlei 41,2020-07-09,06:00:00,22,16,6,FMN GV 22 Boechout
7,Victor Heylenlei 41,2020-07-09,07:00:00,46,34,12,FMN GV 22 Boechout
7,Victor Heylenlei 41,2020-07-09,08:00:00,53,37,16,FMN GV 22 Boechout
7,Victor Heylenlei 41,2020-07-09,09:00:00,34,23,11,FMN GV 22 Boechout
7,Victor Heylenlei 41,2020-07-09,10:00:00,17,8,9,FMN GV 22 Boechout
7,Victor Heylenlei 41,2020-07-09,11:00:00,26,20,6,FMN GV 22 Boechout
7,Victor Heylenlei 41,2020-07-09,12:00:00,38,17,21,FMN GV 22 Boechout
7,Victor Heylenlei 41,2020-07-09,13:00:00,47,29,18,FMN GV 22 Boechout
7,Victor Heylenlei 41,2020-07-09,14:00:00,64,36,28,FMN GV 22 Boechout
7,Victor Heylenlei 41,2020-07-09,15:00:00,80,43,37,FMN GV 22 Boechout
7,Victor Heylenlei 41,2020-07-09,16:00:00,85,33,52,FMN GV 22 Boechout
7,Victor Heylenlei 41,2020-07-09,17:00:00,72,19,53,FMN GV 22 Boechout
7,Victor Heylenlei 41,2020-07-09,18:00:00,60,19,41,FMN GV 22 Boechout
7,Victor Heylenlei 41,2020-07-09,19:00:00,71,27,44,FMN GV 22 Boechout
7,Victor Heylenlei 41,2020-07-09,20:00:00,55,35,20,FMN GV 22 Boechout
7,Victor Heylenlei 41,2020-07-09,21:00:00,47,35,12,FMN GV 22 Boechout
7,Victor Heylenlei 41,2020-07-09,22:00:00,20,13,7,FMN GV 22 Boechout
7,Victor Heylenlei 41,2020-07-09,23:00:00,10,5,5,FMN GV 22 Boechout
7,Victor Heylenlei 41,2020-07-10,00:00:00,7,1,6,FMN GV 22 Boechout
7,Victor Heylenlei 41,2020-07-10,01:00:00,5,0,5,FMN GV 22 Boechout
7,Victor Heylenlei 41,2020-07-10,02:00:00,2,1,1,FMN GV 22 Boechout
7,Victor Heylenlei 41,2020-07-10,03:00:00,1,1,0,FMN GV 22 Boechout
7,Victor Heylenlei 41,2020-07-10,04:00:00,4,4,0,FMN GV 22 Boechout
7,Victor Heylenlei 41,2020-07-10,05:00:00,5,4,1,FMN GV 22 Boechout
7,Victor Heylenlei 41,2020-07-10,06:00:00,24,16,8,FMN GV 22 Boechout
7,Victor Heylenlei 41,2020-07-10,07:00:00,40,29,11,FMN GV 22 Boechout
7,Victor Heylenlei 41,2020-07-10,08:00:00,38,26,12,FMN GV 22 Boechout
7,Victor Heylenlei 41,2020-07-10,09:00:00,18,10,8,FMN GV 22 Boechout
7,Victor Heylenlei 41,2020-07-10,10:00:00,26,12,14,FMN GV 22 Boechout
7,Victor Heylenlei 41,2020-07-10,11:00:00,24,13,11,FMN GV 22 Boechout
7,Victor Heylenlei 41,2020-07-10,12:00:00,21,5,16,FMN GV 22 Boechout
7,Victor Heylenlei 41,2020-07-10,13:00:00,33,17,16,FMN GV 22 Boechout
7,Victor Heylenlei 41,2020-07-10,14:00:00,48,30,18,FMN GV 22 Boechout
7,Victor Heylenlei 41,2020-07-10,15:00:00,58,20,38,FMN GV 22 Boechout
7,Victor Heylenlei 41,2020-07-10,16:00:00,77,36,41,FMN GV 22 Boechout
7,Victor Heylenlei 41,2020-07-10,17:00:00,70,22,48,FMN GV 22 Boechout
7,Victor Heylenlei 41,2020-07-10,18:00:00,69,34,35,FMN GV 22 Boechout
7,Victor Heylenlei 41,2020-07-10,19:00:00,57,21,36,FMN GV 22 Boechout
7,Victor Heylenlei 41,2020-07-10,20:00:00,50,27,23,FMN GV 22 Boechout
7,Victor Heylenlei 41,2020-07-10,21:00:00,37,21,16,FMN GV 22 Boechout
7,Victor Heylenlei 41,2020-07-10,22:00:00,18,10,8,FMN GV 22 Boechout
7,Victor Heylenlei 41,2020-07-10,23:00:00,7,4,3,FMN GV 22 Boechout
7,Victor Heylenlei 41,2020-07-11,00:00:00,5,2,3,FMN GV 22 Boechout
7,Victor Heylenlei 41,2020-07-11,01:00:00,16,7,9,FMN GV 22 Boechout
7,Victor Heylenlei 41,2020-07-11,02:00:00,7,4,3,FMN GV 22 Boechout
7,Victor Heylenlei 41,2020-07-11,03:00:00,7,6,1,FMN GV 22 Boechout
7,Victor Heylenlei 41,2020-07-11,04:00:00,4,2,2,FMN GV 22 Boechout
7,Victor Heylenlei 41,2020-07-11,05:00:00,3,2,1,FMN GV 22 Boechout
7,Victor Heylenlei 41,2020-07-11,06:00:00,8,5,3,FMN GV 22 Boechout
7,Victor Heylenlei 41,2020-07-11,07:00:00,13,4,9,FMN GV 22 Boechout
7,Victor Heylenlei 41,2020-07-11,08:00:00,14,5,9,FMN GV 22 Boechout
7,Victor Heylenlei 41,2020-07-11,09:00:00,61,27,34,FMN GV 22 Boechout
7,Victor Heylenlei 41,2020-07-11,10:00:00,81,32,49,FMN GV 22 Boechout
7,Victor Heylenlei 41,2020-07-11,11:00:00,108,64,44,FMN GV 22 Boechout
7,Victor Heylenlei 41,2020-07-11,12:00:00,82,42,40,FMN GV 22 Boechout
7,Victor Heylenlei 41,2020-07-11,13:00:00,82,43,39,FMN GV 22 Boechout
7,Victor Heylenlei 41,2020-07-11,14:00:00,131,65,66,FMN GV 22 Boechout
7,Victor Heylenlei 41,2020-07-11,15:00:00,124,66,58,FMN GV 22 Boechout
7,Victor Heylenlei 41,2020-07-11,16:00:00,141,66,75,FMN GV 22 Boechout
7,Victor Heylenlei 41,2020-07-11,17:00:00,72,38,34,FMN GV 22 Boechout
7,Victor Heylenlei 41,2020-07-11,18:00:00,53,33,20,FMN GV 22 Boechout
7,Victor Heylenlei 41,2020-07-11,19:00:00,50,23,27,FMN GV 22 Boechout
7,Victor Heylenlei 41,2020-07-11,20:00:00,35,21,14,FMN GV 22 Boechout
7,Victor Heylenlei 41,2020-07-11,21:00:00,20,9,11,FMN GV 22 Boechout
7,Victor Heylenlei 41,2020-07-11,22:00:00,23,11,12,FMN GV 22 Boechout
7,Victor Heylenlei 41,2020-07-11,23:00:00,3,1,2,FMN GV 22 Boechout
7,Victor Heylenlei 41,2020-07-12,00:00:00,6,4,2,FMN GV 22 Boechout
7,Victor Heylenlei 41,2020-07-12,01:00:00,10,1,9,FMN GV 22 Boechout
7,Victor Heylenlei 41,2020-07-12,02:00:00,5,4,1,FMN GV 22 Boechout
7,Victor Heylenlei 41,2020-07-12,03:00:00,1,1,0,FMN GV 22 Boechout
7,Victor Heylenlei 41,2020-07-12,04:00:00,1,1,0,FMN GV 22 Boechout
7,Victor Heylenlei 41,2020-07-12,05:00:00,3,3,0,FMN GV 22 Boechout
7,Victor Heylenlei 41,2020-07-12,06:00:00,7,3,4,FMN GV 22 Boechout
7,Victor Heylenlei 41,2020-07-12,07:00:00,9,6,3,FMN GV 22 Boechout
7,Victor Heylenlei 41,2020-07-12,08:00:00,50,20,30,FMN GV 22 Boechout
7,Victor Heylenlei 41,2020-07-12,09:00:00,84,41,43,FMN GV 22 Boechout
7,Victor Heylenlei 41,2020-07-12,10:00:00,117,50,67,FMN GV 22 Boechout
7,Victor Heylenlei 41,2020-07-12,11:00:00,124,59,65,FMN GV 22 Boechout
7,Victor Heylenlei 41,2020-07-12,12:00:00,178,113,65,FMN GV 22 Boechout
7,Victor Heylenlei 41,2020-07-12,13:00:00,194,99,95,FMN GV 22 Boechout
7,Victor Heylenlei 41,2020-07-12,14:00:00,272,138,134,FMN GV 22 Boechout
7,Victor Heylenlei 41,2020-07-12,15:00:00,276,112,164,FMN GV 22 Boechout
7,Victor Heylenlei 41,2020-07-12,16:00:00,225,100,125,FMN GV 22 Boechout
7,Victor Heylenlei 41,2020-07-12,17:00:00,151,91,60,FMN GV 22 Boechout
7,Victor Heylenlei 41,2020-07-12,18:00:00,113,59,54,FMN GV 22 Boechout
7,Victor Heylenlei 41,2020-07-12,19:00:00,69,35,34,FMN GV 22 Boechout
7,Victor Heylenlei 41,2020-07-12,20:00:00,43,23,20,FMN GV 22 Boechout
7,Victor Heylenlei 41,2020-07-12,21:00:00,21,10,11,FMN GV 22 Boechout
7,Victor Heylenlei 41,2020-07-12,22:00:00,5,3,2,FMN GV 22 Boechout
7,Victor Heylenlei 41,2020-07-12,23:00:00,2,1,1,FMN GV 22 Boechout
7,Victor Heylenlei 41,2020-07-13,00:00:00,2,1,1,FMN GV 22 Boechout
7,Victor Heylenlei 41,2020-07-13,01:00:00,3,2,1,FMN GV 22 Boechout
7,Victor Heylenlei 41,2020-07-13,02:00:00,0,0,0,FMN GV 22 Boechout
7,Victor Heylenlei 41,2020-07-13,03:00:00,2,2,0,FMN GV 22 Boechout
7,Victor Heylenlei 41,2020-07-13,04:00:00,3,3,0,FMN GV 22 Boechout
7,Victor Heylenlei 41,2020-07-13,05:00:00,11,8,3,FMN GV 22 Boechout
7,Victor Heylenlei 41,2020-07-13,06:00:00,24,17,7,FMN GV 22 Boechout
7,Victor Heylenlei 41,2020-07-13,07:00:00,66,54,12,FMN GV 22 Boechout
7,Victor Heylenlei 41,2020-07-13,08:00:00,60,50,10,FMN GV 22 Boechout
7,Victor Heylenlei 41,2020-07-13,09:00:00,47,30,17,FMN GV 22 Boechout
7,Victor Heylenlei 41,2020-07-13,10:00:00,75,41,34,FMN GV 22 Boechout
7,Victor Heylenlei 41,2020-07-13,11:00:00,72,43,29,FMN GV 22 Boechout
7,Victor Heylenlei 41,2020-07-13,12:00:00,68,40,28,FMN GV 22 Boechout
7,Victor Heylenlei 41,2020-07-13,13:00:00,97,46,51,FMN GV 22 Boechout
7,Victor Heylenlei 41,2020-07-13,14:00:00,150,64,86,FMN GV 22 Boechout
7,Victor Heylenlei 41,2020-07-13,15:00:00,155,62,93,FMN GV 22 Boechout
7,Victor Heylenlei 41,2020-07-13,16:00:00,204,100,104,FMN GV 22 Boechout
7,Victor Heylenlei 41,2020-07-13,17:00:00,148,42,106,FMN GV 22 Boechout
7,Victor Heylenlei 41,2020-07-13,18:00:00,113,56,57,FMN GV 22 Boechout
7,Victor Heylenlei 41,2020-07-13,19:00:00,107,53,54,FMN GV 22 Boechout
7,Victor Heylenlei 41,2020-07-13,20:00:00,94,50,44,FMN GV 22 Boechout
7,Victor Heylenlei 41,2020-07-13,21:00:00,32,20,12,FMN GV 22 Boechout
7,Victor Heylenlei 41,2020-07-13,22:00:00,29,12,17,FMN GV 22 Boechout
7,Victor Heylenlei 41,2020-07-13,23:00:00,6,2,4,FMN GV 22 Boechout
7,Victor Heylenlei 41,2020-07-14,00:00:00,0,0,0,FMN GV 22 Boechout
7,Victor Heylenlei 41,2020-07-14,01:00:00,3,2,1,FMN GV 22 Boechout
7,Victor Heylenlei 41,2020-07-14,02:00:00,2,1,1,FMN GV 22 Boechout
7,Victor Heylenlei 41,2020-07-14,03:00:00,0,0,0,FMN GV 22 Boechout
7,Victor Heylenlei 41,2020-07-14,04:00:00,2,2,0,FMN GV 22 Boechout
7,Victor Heylenlei 41,2020-07-14,05:00:00,10,5,5,FMN GV 22 Boechout
7,Victor Heylenlei 41,2020-07-14,06:00:00,19,16,3,FMN GV 22 Boechout
7,Victor Heylenlei 41,2020-07-14,07:00:00,60,46,14,FMN GV 22 Boechout
7,Victor Heylenlei 41,2020-07-14,08:00:00,53,37,16,FMN GV 22 Boechout
7,Victor Heylenlei 41,2020-07-14,09:00:00,39,26,13,FMN GV 22 Boechout
7,Victor Heylenlei 41,2020-07-14,10:00:00,35,9,26,FMN GV 22 Boechout
7,Victor Heylenlei 41,2020-07-14,11:00:00,18,13,5,FMN GV 22 Boechout
7,Victor Heylenlei 41,2020-07-14,12:00:00,15,6,9,FMN GV 22 Boechout
7,Victor Heylenlei 41,2020-07-14,13:00:00,27,13,14,FMN GV 22 Boechout
7,Victor Heylenlei 41,2020-07-14,14:00:00,46,18,28,FMN GV 22 Boechout
7,Victor Heylenlei 41,2020-07-14,15:00:00,44,23,21,FMN GV 22 Boechout
7,Victor Heylenlei 41,2020-07-14,16:00:00,57,16,41,FMN GV 22 Boechout
7,Victor Heylenlei 41,2020-07-14,17:00:00,44,13,31,FMN GV 22 Boechout
7,Victor Heylenlei 41,2020-07-14,18:00:00,49,22,27,FMN GV 22 Boechout
7,Victor Heylenlei 41,2020-07-14,19:00:00,51,14,37,FMN GV 22 Boechout
7,Victor Heylenlei 41,2020-07-14,20:00:00,27,16,11,FMN GV 22 Boechout
7,Victor Heylenlei 41,2020-07-14,21:00:00,21,10,11,FMN GV 22 Boechout
7,Victor Heylenlei 41,2020-07-14,22:00:00,9,2,7,FMN GV 22 Boechout
7,Victor Heylenlei 41,2020-07-14,23:00:00,7,3,4,FMN GV 22 Boechout
7,Victor Heylenlei 41,2020-07-15,00:00:00,0,0,0,FMN GV 22 Boechout
7,Victor Heylenlei 41,2020-07-15,01:00:00,3,1,2,FMN GV 22 Boechout
7,Victor Heylenlei 41,2020-07-15,02:00:00,0,0,0,FMN GV 22 Boechout
7,Victor Heylenlei 41,2020-07-15,03:00:00,3,3,0,FMN GV 22 Boechout
7,Victor Heylenlei 41,2020-07-15,04:00:00,3,2,1,FMN GV 22 Boechout
7,Victor Heylenlei 41,2020-07-15,05:00:00,8,3,5,FMN GV 22 Boechout
7,Victor Heylenlei 41,2020-07-15,06:00:00,23,15,8,FMN GV 22 Boechout
7,Victor Heylenlei 41,2020-07-15,07:00:00,51,40,11,FMN GV 22 Boechout
7,Victor Heylenlei 41,2020-07-15,08:00:00,57,37,20,FMN GV 22 Boechout
7,Victor Heylenlei 41,2020-07-15,09:00:00,37,23,14,FMN GV 22 Boechout
7,Victor Heylenlei 41,2020-07-15,10:00:00,61,49,12,FMN GV 22 Boechout
7,Victor Heylenlei 41,2020-07-15,11:00:00,61,34,27,FMN GV 22 Boechout
7,Victor Heylenlei 41,2020-07-15,12:00:00,69,27,42,FMN GV 22 Boechout
7,Victor Heylenlei 41,2020-07-15,13:00:00,63,30,33,FMN GV 22 Boechout
7,Victor Heylenlei 41,2020-07-15,14:00:00,127,79,48,FMN GV 22 Boechout
7,Victor Heylenlei 41,2020-07-15,15:00:00,90,45,45,FMN GV 22 Boechout
7,Victor Heylenlei 41,2020-07-15,16:00:00,114,43,71,FMN GV 22 Boechout
7,Victor Heylenlei 41,2020-07-15,17:00:00,76,31,45,FMN GV 22 Boechout
7,Victor Heylenlei 41,2020-07-15,18:00:00,82,32,50,FMN GV 22 Boechout
7,Victor Heylenlei 41,2020-07-15,19:00:00,60,15,45,FMN GV 22 Boechout
7,Victor Heylenlei 41,2020-07-15,20:00:00,94,68,26,FMN GV 22 Boechout
7,Victor Heylenlei 41,2020-07-15,21:00:00,40,31,9,FMN GV 22 Boechout
7,Victor Heylenlei 41,2020-07-15,22:00:00,13,4,9,FMN GV 22 Boechout
7,Victor Heylenlei 41,2020-07-15,23:00:00,23,11,12,FMN GV 22 Boechout
7,Victor Heylenlei 41,2020-07-16,00:00:00,4,0,4,FMN GV 22 Boechout
7,Victor Heylenlei 41,2020-07-16,01:00:00,5,1,4,FMN GV 22 Boechout
7,Victor Heylenlei 41,2020-07-16,02:00:00,6,2,4,FMN GV 22 Boechout
7,Victor Heylenlei 41,2020-07-16,03:00:00,2,2,0,FMN GV 22 Boechout
7,Victor Heylenlei 41,2020-07-16,04:00:00,3,3,0,FMN GV 22 Boechout
7,Victor Heylenlei 41,2020-07-16,05:00:00,7,4,3,FMN GV 22 Boechout
7,Victor Heylenlei 41,2020-07-16,06:00:00,18,14,4,FMN GV 22 Boechout
7,Victor Heylenlei 41,2020-07-16,07:00:00,47,35,12,FMN GV 22 Boechout
7,Victor Heylenlei 41,2020-07-16,08:00:00,41,28,13,FMN GV 22 Boechout
7,Victor Heylenlei 41,2020-07-16,09:00:00,15,10,5,FMN GV 22 Boechout
7,Victor Heylenlei 41,2020-07-16,10:00:00,3,2,1,FMN GV 22 Boechout
7,Victor Heylenlei 41,2020-07-16,11:00:00,17,13,4,FMN GV 22 Boechout
7,Victor Heylenlei 41,2020-07-16,12:00:00,10,4,6,FMN GV 22 Boechout
7,Victor Heylenlei 41,2020-07-16,13:00:00,27,16,11,FMN GV 22 Boechout
7,Victor Heylenlei 41,2020-07-16,14:00:00,31,12,19,FMN GV 22 Boechout
7,Victor Heylenlei 41,2020-07-16,15:00:00,27,14,13,FMN GV 22 Boechout
7,Victor Heylenlei 41,2020-07-16,16:00:00,72,19,53,FMN GV 22 Boechout
7,Victor Heylenlei 41,2020-07-16,17:00:00,66,18,48,FMN GV 22 Boechout
7,Victor Heylenlei 41,2020-07-16,18:00:00,54,24,30,FMN GV 22 Boechout
7,Victor Heylenlei 41,2020-07-16,19:00:00,49,21,28,FMN GV 22 Boechout
7,Victor Heylenlei 41,2020-07-16,20:00:00,49,32,17,FMN GV 22 Boechout
7,Victor Heylenlei 41,2020-07-16,21:00:00,47,38,9,FMN GV 22 Boechout
7,Victor Heylenlei 41,2020-07-16,22:00:00,10,5,5,FMN GV 22 Boechout
7,Victor Heylenlei 41,2020-07-16,23:00:00,6,2,4,FMN GV 22 Boechout
7,Victor Heylenlei 41,2020-07-17,00:00:00,4,1,3,FMN GV 22 Boechout
7,Victor Heylenlei 41,2020-07-17,01:00:00,4,0,4,FMN GV 22 Boechout
7,Victor Heylenlei 41,2020-07-17,02:00:00,3,1,2,FMN GV 22 Boechout
7,Victor Heylenlei 41,2020-07-17,03:00:00,2,1,1,FMN GV 22 Boechout
7,Victor Heylenlei 41,2020-07-17,04:00:00,4,4,0,FMN GV 22 Boechout
7,Victor Heylenlei 41,2020-07-17,05:00:00,7,4,3,FMN GV 22 Boechout
7,Victor Heylenlei 41,2020-07-17,06:00:00,20,16,4,FMN GV 22 Boechout
7,Victor Heylenlei 41,2020-07-17,07:00:00,51,36,15,FMN GV 22 Boechout
7,Victor Heylenlei 41,2020-07-17,08:00:00,53,34,19,FMN GV 22 Boechout
7,Victor Heylenlei 41,2020-07-17,09:00:00,39,20,19,FMN GV 22 Boechout
7,Victor Heylenlei 41,2020-07-17,10:00:00,33,8,25,FMN GV 22 Boechout
7,Victor Heylenlei 41,2020-07-17,11:00:00,43,30,13,FMN GV 22 Boechout
7,Victor Heylenlei 41,2020-07-17,12:00:00,49,31,18,FMN GV 22 Boechout
7,Victor Heylenlei 41,2020-07-17,13:00:00,41,15,26,FMN GV 22 Boechout
7,Victor Heylenlei 41,2020-07-17,14:00:00,58,25,33,FMN GV 22 Boechout
7,Victor Heylenlei 41,2020-07-17,15:00:00,87,55,32,FMN GV 22 Boechout
7,Victor Heylenlei 41,2020-07-17,16:00:00,92,40,52,FMN GV 22 Boechout
7,Victor Heylenlei 41,2020-07-17,17:00:00,81,29,52,FMN GV 22 Boechout
7,Victor Heylenlei 41,2020-07-17,18:00:00,80,47,33,FMN GV 22 Boechout
7,Victor Heylenlei 41,2020-07-17,19:00:00,45,25,20,FMN GV 22 Boechout
7,Victor Heylenlei 41,2020-07-17,20:00:00,54,25,29,FMN GV 22 Boechout
7,Victor Heylenlei 41,2020-07-17,21:00:00,32,21,11,FMN GV 22 Boechout
7,Victor Heylenlei 41,2020-07-17,22:00:00,19,5,14,FMN GV 22 Boechout
7,Victor Heylenlei 41,2020-07-17,23:00:00,13,9,4,FMN GV 22 Boechout
7,Victor Heylenlei 41,2020-07-18,00:00:00,15,8,7,FMN GV 22 Boechout
7,Victor Heylenlei 41,2020-07-18,01:00:00,20,3,17,FMN GV 22 Boechout
7,Victor Heylenlei 41,2020-07-18,02:00:00,1,0,1,FMN GV 22 Boechout
7,Victor Heylenlei 41,2020-07-18,03:00:00,1,1,0,FMN GV 22 Boechout
7,Victor Heylenlei 41,2020-07-18,04:00:00,0,0,0,FMN GV 22 Boechout
7,Victor Heylenlei 41,2020-07-18,05:00:00,3,2,1,FMN GV 22 Boechout
7,Victor Heylenlei 41,2020-07-18,06:00:00,7,2,5,FMN GV 22 Boechout
7,Victor Heylenlei 41,2020-07-18,07:00:00,39,33,6,FMN GV 22 Boechout
7,Victor Heylenlei 41,2020-07-18,08:00:00,26,19,7,FMN GV 22 Boechout
7,Victor Heylenlei 41,2020-07-18,09:00:00,44,18,26,FMN GV 22 Boechout
7,Victor Heylenlei 41,2020-07-18,10:00:00,76,18,58,FMN GV 22 Boechout
7,Victor Heylenlei 41,2020-07-18,11:00:00,90,42,48,FMN GV 22 Boechout
7,Victor Heylenlei 41,2020-07-18,12:00:00,108,41,67,FMN GV 22 Boechout
7,Victor Heylenlei 41,2020-07-18,13:00:00,168,89,79,FMN GV 22 Boechout
7,Victor Heylenlei 41,2020-07-18,14:00:00,201,105,96,FMN GV 22 Boechout
7,Victor Heylenlei 41,2020-07-18,15:00:00,152,72,80,FMN GV 22 Boechout
7,Victor Heylenlei 41,2020-07-18,16:00:00,142,82,60,FMN GV 22 Boechout
7,Victor Heylenlei 41,2020-07-18,17:00:00,129,77,52,FMN GV 22 Boechout
7,Victor Heylenlei 41,2020-07-18,18:00:00,70,32,38,FMN GV 22 Boechout
7,Victor Heylenlei 41,2020-07-18,19:00:00,49,28,21,FMN GV 22 Boechout
7,Victor Heylenlei 41,2020-07-18,20:00:00,51,29,22,FMN GV 22 Boechout
7,Victor Heylenlei 41,2020-07-18,21:00:00,43,22,21,FMN GV 22 Boechout
7,Victor Heylenlei 41,2020-07-18,22:00:00,8,6,2,FMN GV 22 Boechout
7,Victor Heylenlei 41,2020-07-18,23:00:00,10,8,2,FMN GV 22 Boechout
7,Victor Heylenlei 41,2020-07-19,00:00:00,4,3,1,FMN GV 22 Boechout
7,Victor Heylenlei 41,2020-07-19,01:00:00,14,3,11,FMN GV 22 Boechout
7,Victor Heylenlei 41,2020-07-19,02:00:00,5,3,2,FMN GV 22 Boechout
7,Victor Heylenlei 41,2020-07-19,03:00:00,7,4,3,FMN GV 22 Boechout
7,Victor Heylenlei 41,2020-07-19,04:00:00,2,0,2,FMN GV 22 Boechout
7,Victor Heylenlei 41,2020-07-19,05:00:00,2,2,0,FMN GV 22 Boechout
7,Victor Heylenlei 41,2020-07-19,06:00:00,5,3,2,FMN GV 22 Boechout
7,Victor Heylenlei 41,2020-07-19,07:00:00,15,7,8,FMN GV 22 Boechout
7,Victor Heylenlei 41,2020-07-19,08:00:00,35,23,12,FMN GV 22 Boechout
7,Victor Heylenlei 41,2020-07-19,09:00:00,79,26,53,FMN GV 22 Boechout
7,Victor Heylenlei 41,2020-07-19,10:00:00,114,51,63,FMN GV 22 Boechout
7,Victor Heylenlei 41,2020-07-19,11:00:00,147,64,83,FMN GV 22 Boechout
7,Victor Heylenlei 41,2020-07-19,12:00:00,176,82,94,FMN GV 22 Boechout
7,Victor Heylenlei 41,2020-07-19,13:00:00,122,54,68,FMN GV 22 Boechout
7,Victor Heylenlei 41,2020-07-19,14:00:00,210,96,114,FMN GV 22 Boechout
7,Victor Heylenlei 41,2020-07-19,15:00:00,221,121,100,FMN GV 22 Boechout
7,Victor Heylenlei 41,2020-07-19,16:00:00,195,98,97,FMN GV 22 Boechout
7,Victor Heylenlei 41,2020-07-19,17:00:00,555,258,297,FMN GV 22 Boechout
7,Victor Heylenlei 41,2020-07-19,18:00:00,489,231,258,FMN GV 22 Boechout
7,Victor Heylenlei 41,2020-07-19,19:00:00,38,27,11,FMN GV 22 Boechout
7,Victor Heylenlei 41,2020-07-19,20:00:00,55,37,18,FMN GV 22 Boechout
7,Victor Heylenlei 41,2020-07-19,21:00:00,49,47,2,FMN GV 22 Boechout
7,Victor Heylenlei 41,2020-07-19,22:00:00,15,7,8,FMN GV 22 Boechout
7,Victor Heylenlei 41,2020-07-19,23:00:00,7,6,1,FMN GV 22 Boechout
7,Victor Heylenlei 41,2020-07-20,00:00:00,1,0,1,FMN GV 22 Boechout
7,Victor Heylenlei 41,2020-07-20,01:00:00,3,2,1,FMN GV 22 Boechout
7,Victor Heylenlei 41,2020-07-20,02:00:00,3,2,1,FMN GV 22 Boechout
7,Victor Heylenlei 41,2020-07-20,03:00:00,3,3,0,FMN GV 22 Boechout
7,Victor Heylenlei 41,2020-07-20,04:00:00,2,2,0,FMN GV 22 Boechout
7,Victor Heylenlei 41,2020-07-20,05:00:00,4,4,0,FMN GV 22 Boechout
7,Victor Heylenlei 41,2020-07-20,06:00:00,16,13,3,FMN GV 22 Boechout
7,Victor Heylenlei 41,2020-07-20,07:00:00,24,23,1,FMN GV 22 Boechout
7,Victor Heylenlei 41,2020-07-20,08:00:00,37,27,10,FMN GV 22 Boechout
7,Victor Heylenlei 41,2020-07-20,09:00:00,24,14,10,FMN GV 22 Boechout
7,Victor Heylenlei 41,2020-07-20,10:00:00,50,25,25,FMN GV 22 Boechout
7,Victor Heylenlei 41,2020-07-20,11:00:00,62,32,30,FMN GV 22 Boechout
7,Victor Heylenlei 41,2020-07-20,12:00:00,54,18,36,FMN GV 22 Boechout
7,Victor Heylenlei 41,2020-07-20,13:00:00,102,54,48,FMN GV 22 Boechout
7,Victor Heylenlei 41,2020-07-20,14:00:00,122,62,60,FMN GV 22 Boechout
7,Victor Heylenlei 41,2020-07-20,15:00:00,122,58,64,FMN GV 22 Boechout
7,Victor Heylenlei 41,2020-07-20,16:00:00,130,75,55,FMN GV 22 Boechout
7,Victor Heylenlei 41,2020-07-20,17:00:00,99,40,59,FMN GV 22 Boechout
7,Victor Heylenlei 41,2020-07-20,18:00:00,56,26,30,FMN GV 22 Boechout
7,Victor Heylenlei 41,2020-07-20,19:00:00,51,33,18,FMN GV 22 Boechout
7,Victor Heylenlei 41,2020-07-20,20:00:00,38,17,21,FMN GV 22 Boechout
7,Victor Heylenlei 41,2020-07-20,21:00:00,30,15,15,FMN GV 22 Boechout
7,Victor Heylenlei 41,2020-07-20,22:00:00,21,10,11,FMN GV 22 Boechout
7,Victor Heylenlei 41,2020-07-20,23:00:00,6,4,2,FMN GV 22 Boechout
7,Victor Heylenlei 41,2020-07-21,00:00:00,5,2,3,FMN GV 22 Boechout
7,Victor Heylenlei 41,2020-07-21,01:00:00,1,1,0,FMN GV 22 Boechout
7,Victor Heylenlei 41,2020-07-21,02:00:00,3,0,3,FMN GV 22 Boechout
7,Victor Heylenlei 41,2020-07-21,03:00:00,1,1,0,FMN GV 22 Boechout
7,Victor Heylenlei 41,2020-07-21,04:00:00,1,1,0,FMN GV 22 Boechout
7,Victor Heylenlei 41,2020-07-21,05:00:00,1,1,0,FMN GV 22 Boechout
7,Victor Heylenlei 41,2020-07-21,06:00:00,7,4,3,FMN GV 22 Boechout
7,Victor Heylenlei 41,2020-07-21,07:00:00,24,21,3,FMN GV 22 Boechout
7,Victor Heylenlei 41,2020-07-21,08:00:00,31,15,16,FMN GV 22 Boechout
7,Victor Heylenlei 41,2020-07-21,09:00:00,79,33,46,FMN GV 22 Boechout
7,Victor Heylenlei 41,2020-07-21,10:00:00,95,42,53,FMN GV 22 Boechout
7,Victor Heylenlei 41,2020-07-21,11:00:00,121,58,63,FMN GV 22 Boechout
7,Victor Heylenlei 41,2020-07-21,12:00:00,83,40,43,FMN GV 22 Boechout
7,Victor Heylenlei 41,2020-07-21,13:00:00,190,98,92,FMN GV 22 Boechout
7,Victor Heylenlei 41,2020-07-21,14:00:00,278,130,148,FMN GV 22 Boechout
7,Victor Heylenlei 41,2020-07-21,15:00:00,255,171,84,FMN GV 22 Boechout
7,Victor Heylenlei 41,2020-07-21,16:00:00,245,150,95,FMN GV 22 Boechout
7,Victor Heylenlei 41,2020-07-21,17:00:00,141,84,57,FMN GV 22 Boechout
7,Victor Heylenlei 41,2020-07-21,18:00:00,95,51,44,FMN GV 22 Boechout
7,Victor Heylenlei 41,2020-07-21,19:00:00,61,23,38,FMN GV 22 Boechout
7,Victor Heylenlei 41,2020-07-21,20:00:00,87,58,29,FMN GV 22 Boechout
7,Victor Heylenlei 41,2020-07-21,21:00:00,47,29,18,FMN GV 22 Boechout
7,Victor Heylenlei 41,2020-07-21,22:00:00,26,18,8,FMN GV 22 Boechout
7,Victor Heylenlei 41,2020-07-21,23:00:00,6,4,2,FMN GV 22 Boechout
7,Victor Heylenlei 41,2020-07-22,00:00:00,1,1,0,FMN GV 22 Boechout
7,Victor Heylenlei 41,2020-07-22,01:00:00,1,1,0,FMN GV 22 Boechout
7,Victor Heylenlei 41,2020-07-22,02:00:00,0,0,0,FMN GV 22 Boechout
7,Victor Heylenlei 41,2020-07-22,03:00:00,2,2,0,FMN GV 22 Boechout
7,Victor Heylenlei 41,2020-07-22,04:00:00,1,1,0,FMN GV 22 Boechout
7,Victor Heylenlei 41,2020-07-22,05:00:00,8,7,1,FMN GV 22 Boechout
7,Victor Heylenlei 41,2020-07-22,06:00:00,28,22,6,FMN GV 22 Boechout
7,Victor Heylenlei 41,2020-07-22,07:00:00,55,47,8,FMN GV 22 Boechout
7,Victor Heylenlei 41,2020-07-22,08:00:00,48,27,21,FMN GV 22 Boechout
7,Victor Heylenlei 41,2020-07-22,09:00:00,31,19,12,FMN GV 22 Boechout
7,Victor Heylenlei 41,2020-07-22,10:00:00,29,19,10,FMN GV 22 Boechout
7,Victor Heylenlei 41,2020-07-22,11:00:00,79,35,44,FMN GV 22 Boechout
7,Victor Heylenlei 41,2020-07-22,12:00:00,62,32,30,FMN GV 22 Boechout
7,Victor Heylenlei 41,2020-07-22,13:00:00,66,36,30,FMN GV 22 Boechout
7,Victor Heylenlei 41,2020-07-22,14:00:00,109,41,68,FMN GV 22 Boechout
7,Victor Heylenlei 41,2020-07-22,15:00:00,104,72,32,FMN GV 22 Boechout
7,Victor Heylenlei 41,2020-07-22,16:00:00,114,42,72,FMN GV 22 Boechout
7,Victor Heylenlei 41,2020-07-22,17:00:00,97,39,58,FMN GV 22 Boechout
7,Victor Heylenlei 41,2020-07-22,18:00:00,73,36,37,FMN GV 22 Boechout
7,Victor Heylenlei 41,2020-07-22,19:00:00,100,39,61,FMN GV 22 Boechout
7,Victor Heylenlei 41,2020-07-22,20:00:00,83,54,29,FMN GV 22 Boechout
7,Victor Heylenlei 41,2020-07-22,21:00:00,54,29,25,FMN GV 22 Boechout
7,Victor Heylenlei 41,2020-07-22,22:00:00,17,7,10,FMN GV 22 Boechout
7,Victor Heylenlei 41,2020-07-22,23:00:00,7,4,3,FMN GV 22 Boechout
7,Victor Heylenlei 41,2020-07-23,00:00:00,5,4,1,FMN GV 22 Boechout
7,Victor Heylenlei 41,2020-07-23,01:00:00,2,2,0,FMN GV 22 Boechout
7,Victor Heylenlei 41,2020-07-23,02:00:00,0,0,0,FMN GV 22 Boechout
7,Victor Heylenlei 41,2020-07-23,03:00:00,0,0,0,FMN GV 22 Boechout
7,Victor Heylenlei 41,2020-07-23,04:00:00,2,2,0,FMN GV 22 Boechout
7,Victor Heylenlei 41,2020-07-23,05:00:00,7,7,0,FMN GV 22 Boechout
7,Victor Heylenlei 41,2020-07-23,06:00:00,20,20,0,FMN GV 22 Boechout
7,Victor Heylenlei 41,2020-07-23,07:00:00,50,47,3,FMN GV 22 Boechout
7,Victor Heylenlei 41,2020-07-23,08:00:00,46,38,8,FMN GV 22 Boechout
7,Victor Heylenlei 41,2020-07-23,09:00:00,60,42,18,FMN GV 22 Boechout
7,Victor Heylenlei 41,2020-07-23,10:00:00,48,24,24,FMN GV 22 Boechout
7,Victor Heylenlei 41,2020-07-23,11:00:00,64,31,33,FMN GV 22 Boechout
7,Victor Heylenlei 41,2020-07-23,12:00:00,66,44,22,FMN GV 22 Boechout
7,Victor Heylenlei 41,2020-07-23,13:00:00,117,64,53,FMN GV 22 Boechout
7,Victor Heylenlei 41,2020-07-23,14:00:00,128,67,61,FMN GV 22 Boechout
7,Victor Heylenlei 41,2020-07-23,15:00:00,151,68,83,FMN GV 22 Boechout
7,Victor Heylenlei 41,2020-07-23,16:00:00,164,86,78,FMN GV 22 Boechout
7,Victor Heylenlei 41,2020-07-23,17:00:00,123,51,72,FMN GV 22 Boechout
7,Victor Heylenlei 41,2020-07-23,18:00:00,94,37,57,FMN GV 22 Boechout
7,Victor Heylenlei 41,2020-07-23,19:00:00,84,31,53,FMN GV 22 Boechout
7,Victor Heylenlei 41,2020-07-23,20:00:00,72,44,28,FMN GV 22 Boechout
7,Victor Heylenlei 41,2020-07-23,21:00:00,42,26,16,FMN GV 22 Boechout
7,Victor Heylenlei 41,2020-07-23,22:00:00,27,14,13,FMN GV 22 Boechout
7,Victor Heylenlei 41,2020-07-23,23:00:00,18,12,6,FMN GV 22 Boechout
7,Victor Heylenlei 41,2020-07-24,00:00:00,2,0,2,FMN GV 22 Boechout
7,Victor Heylenlei 41,2020-07-24,01:00:00,1,0,1,FMN GV 22 Boechout
7,Victor Heylenlei 41,2020-07-24,02:00:00,0,0,0,FMN GV 22 Boechout
7,Victor Heylenlei 41,2020-07-24,03:00:00,0,0,0,FMN GV 22 Boechout
7,Victor Heylenlei 41,2020-07-24,04:00:00,4,3,1,FMN GV 22 Boechout
7,Victor Heylenlei 41,2020-07-24,05:00:00,7,6,1,FMN GV 22 Boechout
7,Victor Heylenlei 41,2020-07-24,06:00:00,18,11,7,FMN GV 22 Boechout
7,Victor Heylenlei 41,2020-07-24,07:00:00,34,22,12,FMN GV 22 Boechout
7,Victor Heylenlei 41,2020-07-24,08:00:00,45,27,18,FMN GV 22 Boechout
7,Victor Heylenlei 41,2020-07-24,09:00:00,18,10,8,FMN GV 22 Boechout
7,Victor Heylenlei 41,2020-07-24,10:00:00,37,16,21,FMN GV 22 Boechout
7,Victor Heylenlei 41,2020-07-24,11:00:00,37,28,9,FMN GV 22 Boechout
7,Victor Heylenlei 41,2020-07-24,12:00:00,42,31,11,FMN GV 22 Boechout
7,Victor Heylenlei 41,2020-07-24,13:00:00,28,17,11,FMN GV 22 Boechout
7,Victor Heylenlei 41,2020-07-24,14:00:00,45,34,11,FMN GV 22 Boechout
7,Victor Heylenlei 41,2020-07-24,15:00:00,44,16,28,FMN GV 22 Boechout
7,Victor Heylenlei 41,2020-07-24,16:00:00,51,30,21,FMN GV 22 Boechout
7,Victor Heylenlei 41,2020-07-24,17:00:00,60,49,11,FMN GV 22 Boechout
7,Victor Heylenlei 41,2020-07-24,18:00:00,41,35,6,FMN GV 22 Boechout
7,Victor Heylenlei 41,2020-07-24,19:00:00,29,23,6,FMN GV 22 Boechout
7,Victor Heylenlei 41,2020-07-24,20:00:00,32,14,18,FMN GV 22 Boechout
7,Victor Heylenlei 41,2020-07-24,21:00:00,21,9,12,FMN GV 22 Boechout
7,Victor Heylenlei 41,2020-07-24,22:00:00,7,4,3,FMN GV 22 Boechout
7,Victor Heylenlei 41,2020-07-24,23:00:00,7,5,2,FMN GV 22 Boechout
7,Victor Heylenlei 41,2020-07-25,00:00:00,3,2,1,FMN GV 22 Boechout
7,Victor Heylenlei 41,2020-07-25,01:00:00,5,5,0,FMN GV 22 Boechout
7,Victor Heylenlei 41,2020-07-25,02:00:00,2,0,2,FMN GV 22 Boechout
7,Victor Heylenlei 41,2020-07-25,03:00:00,0,0,0,FMN GV 22 Boechout
7,Victor Heylenlei 41,2020-07-25,04:00:00,3,3,0,FMN GV 22 Boechout
7,Victor Heylenlei 41,2020-07-25,05:00:00,1,1,0,FMN GV 22 Boechout
7,Victor Heylenlei 41,2020-07-25,06:00:00,5,3,2,FMN GV 22 Boechout
7,Victor Heylenlei 41,2020-07-25,07:00:00,5,2,3,FMN GV 22 Boechout
7,Victor Heylenlei 41,2020-07-25,08:00:00,21,11,10,FMN GV 22 Boechout
7,Victor Heylenlei 41,2020-07-25,09:00:00,27,20,7,FMN GV 22 Boechout
7,Victor Heylenlei 41,2020-07-25,10:00:00,37,28,9,FMN GV 22 Boechout
7,Victor Heylenlei 41,2020-07-25,11:00:00,55,39,16,FMN GV 22 Boechout
7,Victor Heylenlei 41,2020-07-25,12:00:00,41,24,17,FMN GV 22 Boechout
7,Victor Heylenlei 41,2020-07-25,13:00:00,43,19,24,FMN GV 22 Boechout
7,Victor Heylenlei 41,2020-07-25,14:00:00,94,34,60,FMN GV 22 Boechout
7,Victor Heylenlei 41,2020-07-25,15:00:00,99,56,43,FMN GV 22 Boechout
7,Victor Heylenlei 41,2020-07-25,16:00:00,91,60,31,FMN GV 22 Boechout
7,Victor Heylenlei 41,2020-07-25,17:00:00,46,29,17,FMN GV 22 Boechout
7,Victor Heylenlei 41,2020-07-25,18:00:00,31,18,13,FMN GV 22 Boechout
7,Victor Heylenlei 41,2020-07-25,19:00:00,36,18,18,FMN GV 22 Boechout
7,Victor Heylenlei 41,2020-07-25,20:00:00,18,6,12,FMN GV 22 Boechout
7,Victor Heylenlei 41,2020-07-25,21:00:00,7,3,4,FMN GV 22 Boechout
7,Victor Heylenlei 41,2020-07-25,22:00:00,3,2,1,FMN GV 22 Boechout
7,Victor Heylenlei 41,2020-07-25,23:00:00,7,3,4,FMN GV 22 Boechout
7,Victor Heylenlei 41,2020-07-26,00:00:00,4,3,1,FMN GV 22 Boechout
7,Victor Heylenlei 41,2020-07-26,01:00:00,6,5,1,FMN GV 22 Boechout
7,Victor Heylenlei 41,2020-07-26,02:00:00,0,0,0,FMN GV 22 Boechout
7,Victor Heylenlei 41,2020-07-26,03:00:00,1,1,0,FMN GV 22 Boechout
7,Victor Heylenlei 41,2020-07-26,04:00:00,1,1,0,FMN GV 22 Boechout
7,Victor Heylenlei 41,2020-07-26,05:00:00,1,1,0,FMN GV 22 Boechout
7,Victor Heylenlei 41,2020-07-26,06:00:00,6,6,0,FMN GV 22 Boechout
7,Victor Heylenlei 41,2020-07-26,07:00:00,6,3,3,FMN GV 22 Boechout
7,Victor Heylenlei 41,2020-07-26,08:00:00,26,9,17,FMN GV 22 Boechout
7,Victor Heylenlei 41,2020-07-26,09:00:00,71,26,45,FMN GV 22 Boechout
7,Victor Heylenlei 41,2020-07-26,10:00:00,86,40,46,FMN GV 22 Boechout
7,Victor Heylenlei 41,2020-07-26,11:00:00,103,53,50,FMN GV 22 Boechout
7,Victor Heylenlei 41,2020-07-26,12:00:00,111,72,39,FMN GV 22 Boechout
7,Victor Heylenlei 41,2020-07-26,13:00:00,145,84,61,FMN GV 22 Boechout
7,Victor Heylenlei 41,2020-07-26,14:00:00,211,95,116,FMN GV 22 Boechout
7,Victor Heylenlei 41,2020-07-26,15:00:00,241,113,128,FMN GV 22 Boechout
7,Victor Heylenlei 41,2020-07-26,16:00:00,175,98,77,FMN GV 22 Boechout
7,Victor Heylenlei 41,2020-07-26,17:00:00,140,85,55,FMN GV 22 Boechout
7,Victor Heylenlei 41,2020-07-26,18:00:00,77,55,22,FMN GV 22 Boechout
7,Victor Heylenlei 41,2020-07-26,19:00:00,38,23,15,FMN GV 22 Boechout
7,Victor Heylenlei 41,2020-07-26,20:00:00,35,19,16,FMN GV 22 Boechout
7,Victor Heylenlei 41,2020-07-26,21:00:00,118,72,46,FMN GV 22 Boechout
7,Victor Heylenlei 41,2020-07-26,22:00:00,10,4,6,FMN GV 22 Boechout
7,Victor Heylenlei 41,2020-07-26,23:00:00,4,1,3,FMN GV 22 Boechout
7,Victor Heylenlei 41,2020-07-27,00:00:00,2,1,1,FMN GV 22 Boechout
7,Victor Heylenlei 41,2020-07-27,01:00:00,1,1,0,FMN GV 22 Boechout
7,Victor Heylenlei 41,2020-07-27,02:00:00,1,1,0,FMN GV 22 Boechout
7,Victor Heylenlei 41,2020-07-27,03:00:00,1,1,0,FMN GV 22 Boechout
7,Victor Heylenlei 41,2020-07-27,04:00:00,1,1,0,FMN GV 22 Boechout
7,Victor Heylenlei 41,2020-07-27,05:00:00,6,4,2,FMN GV 22 Boechout
7,Victor Heylenlei 41,2020-07-27,06:00:00,14,8,6,FMN GV 22 Boechout
7,Victor Heylenlei 41,2020-07-27,07:00:00,41,34,7,FMN GV 22 Boechout
7,Victor Heylenlei 41,2020-07-27,08:00:00,40,33,7,FMN GV 22 Boechout
7,Victor Heylenlei 41,2020-07-27,09:00:00,21,11,10,FMN GV 22 Boechout
7,Victor Heylenlei 41,2020-07-27,10:00:00,12,7,5,FMN GV 22 Boechout
7,Victor Heylenlei 41,2020-07-27,11:00:00,10,2,8,FMN GV 22 Boechout
7,Victor Heylenlei 41,2020-07-27,12:00:00,35,21,14,FMN GV 22 Boechout
7,Victor Heylenlei 41,2020-07-27,13:00:00,41,25,16,FMN GV 22 Boechout
7,Victor Heylenlei 41,2020-07-27,14:00:00,87,40,47,FMN GV 22 Boechout
7,Victor Heylenlei 41,2020-07-27,15:00:00,107,50,57,FMN GV 22 Boechout
7,Victor Heylenlei 41,2020-07-27,16:00:00,79,35,44,FMN GV 22 Boechout
7,Victor Heylenlei 41,2020-07-27,17:00:00,80,49,31,FMN GV 22 Boechout
7,Victor Heylenlei 41,2020-07-27,18:00:00,67,19,48,FMN GV 22 Boechout
7,Victor Heylenlei 41,2020-07-27,19:00:00,51,22,29,FMN GV 22 Boechout
7,Victor Heylenlei 41,2020-07-27,20:00:00,84,56,28,FMN GV 22 Boechout
7,Victor Heylenlei 41,2020-07-27,21:00:00,142,86,56,FMN GV 22 Boechout
7,Victor Heylenlei 41,2020-07-27,22:00:00,12,9,3,FMN GV 22 Boechout
7,Victor Heylenlei 41,2020-07-27,23:00:00,11,8,3,FMN GV 22 Boechout
7,Victor Heylenlei 41,2020-07-28,00:00:00,5,2,3,FMN GV 22 Boechout
7,Victor Heylenlei 41,2020-07-28,01:00:00,0,0,0,FMN GV 22 Boechout
7,Victor Heylenlei 41,2020-07-28,02:00:00,1,1,0,FMN GV 22 Boechout
7,Victor Heylenlei 41,2020-07-28,03:00:00,2,1,1,FMN GV 22 Boechout
7,Victor Heylenlei 41,2020-07-28,04:00:00,1,1,0,FMN GV 22 Boechout
7,Victor Heylenlei 41,2020-07-28,05:00:00,8,7,1,FMN GV 22 Boechout
7,Victor Heylenlei 41,2020-07-28,06:00:00,22,21,1,FMN GV 22 Boechout
7,Victor Heylenlei 41,2020-07-28,07:00:00,47,47,0,FMN GV 22 Boechout
7,Victor Heylenlei 41,2020-07-28,08:00:00,27,27,0,FMN GV 22 Boechout
7,Victor Heylenlei 41,2020-07-28,09:00:00,19,17,2,FMN GV 22 Boechout
7,Victor Heylenlei 41,2020-07-28,10:00:00,37,19,18,FMN GV 22 Boechout
7,Victor Heylenlei 41,2020-07-28,11:00:00,37,22,15,FMN GV 22 Boechout
7,Victor Heylenlei 41,2020-07-28,12:00:00,54,38,16,FMN GV 22 Boechout
7,Victor Heylenlei 41,2020-07-28,13:00:00,49,38,11,FMN GV 22 Boechout
7,Victor Heylenlei 41,2020-07-28,14:00:00,120,60,60,FMN GV 22 Boechout
7,Victor Heylenlei 41,2020-07-28,15:00:00,117,54,63,FMN GV 22 Boechout
7,Victor Heylenlei 41,2020-07-28,16:00:00,98,53,45,FMN GV 22 Boechout
7,Victor Heylenlei 41,2020-07-28,17:00:00,110,59,51,FMN GV 22 Boechout
7,Victor Heylenlei 41,2020-07-28,18:00:00,61,30,31,FMN GV 22 Boechout
7,Victor Heylenlei 41,2020-07-28,19:00:00,85,41,44,FMN GV 22 Boechout
7,Victor Heylenlei 41,2020-07-28,20:00:00,69,42,27,FMN GV 22 Boechout
7,Victor Heylenlei 41,2020-07-28,21:00:00,27,25,2,FMN GV 22 Boechout
7,Victor Heylenlei 41,2020-07-28,22:00:00,17,16,1,FMN GV 22 Boechout
7,Victor Heylenlei 41,2020-07-28,23:00:00,4,4,0,FMN GV 22 Boechout
7,Victor Heylenlei 41,2020-07-29,00:00:00,2,2,0,FMN GV 22 Boechout
7,Victor Heylenlei 41,2020-07-29,01:00:00,2,1,1,FMN GV 22 Boechout
7,Victor Heylenlei 41,2020-07-29,02:00:00,0,0,0,FMN GV 22 Boechout
7,Victor Heylenlei 41,2020-07-29,03:00:00,2,1,1,FMN GV 22 Boechout
7,Victor Heylenlei 41,2020-07-29,04:00:00,3,3,0,FMN GV 22 Boechout
7,Victor Heylenlei 41,2020-07-29,05:00:00,7,6,1,FMN GV 22 Boechout
7,Victor Heylenlei 41,2020-07-29,06:00:00,24,24,0,FMN GV 22 Boechout
7,Victor Heylenlei 41,2020-07-29,07:00:00,33,33,0,FMN GV 22 Boechout
7,Victor Heylenlei 41,2020-07-29,08:00:00,45,42,3,FMN GV 22 Boechout
7,Victor Heylenlei 41,2020-07-29,09:00:00,30,23,7,FMN GV 22 Boechout
7,Victor Heylenlei 41,2020-07-29,10:00:00,59,34,25,FMN GV 22 Boechout
7,Victor Heylenlei 41,2020-07-29,11:00:00,52,37,15,FMN GV 22 Boechout
7,Victor Heylenlei 41,2020-07-29,12:00:00,69,37,32,FMN GV 22 Boechout
7,Victor Heylenlei 41,2020-07-29,13:00:00,80,33,47,FMN GV 22 Boechout
7,Victor Heylenlei 41,2020-07-29,14:00:00,110,66,44,FMN GV 22 Boechout
7,Victor Heylenlei 41,2020-07-29,15:00:00,109,59,50,FMN GV 22 Boechout
7,Victor Heylenlei 41,2020-07-29,16:00:00,86,61,25,FMN GV 22 Boechout
7,Victor Heylenlei 41,2020-07-29,17:00:00,93,65,28,FMN GV 22 Boechout
7,Victor Heylenlei 41,2020-07-29,18:00:00,87,44,43,FMN GV 22 Boechout
7,Victor Heylenlei 41,2020-07-29,19:00:00,104,56,48,FMN GV 22 Boechout
7,Victor Heylenlei 41,2020-07-29,20:00:00,84,74,10,FMN GV 22 Boechout
7,Victor Heylenlei 41,2020-07-29,21:00:00,58,47,11,FMN GV 22 Boechout
7,Victor Heylenlei 41,2020-07-29,22:00:00,29,17,12,FMN GV 22 Boechout
7,Victor Heylenlei 41,2020-07-29,23:00:00,9,8,1,FMN GV 22 Boechout
7,Victor Heylenlei 41,2020-07-30,00:00:00,0,0,0,FMN GV 22 Boechout
7,Victor Heylenlei 41,2020-07-30,01:00:00,0,0,0,FMN GV 22 Boechout
7,Victor Heylenlei 41,2020-07-30,02:00:00,0,0,0,FMN GV 22 Boechout
7,Victor Heylenlei 41,2020-07-30,03:00:00,1,1,0,FMN GV 22 Boechout
7,Victor Heylenlei 41,2020-07-30,04:00:00,2,0,2,FMN GV 22 Boechout
7,Victor Heylenlei 41,2020-07-30,05:00:00,8,7,1,FMN GV 22 Boechout
7,Victor Heylenlei 41,2020-07-30,06:00:00,24,17,7,FMN GV 22 Boechout
7,Victor Heylenlei 41,2020-07-30,07:00:00,44,24,20,FMN GV 22 Boechout
7,Victor Heylenlei 41,2020-07-30,08:00:00,57,33,24,FMN GV 22 Boechout
7,Victor Heylenlei 41,2020-07-30,09:00:00,48,20,28,FMN GV 22 Boechout
7,Victor Heylenlei 41,2020-07-30,10:00:00,70,31,39,FMN GV 22 Boechout
7,Victor Heylenlei 41,2020-07-30,11:00:00,60,31,29,FMN GV 22 Boechout
7,Victor Heylenlei 41,2020-07-30,12:00:00,80,43,37,FMN GV 22 Boechout
7,Victor Heylenlei 41,2020-07-30,13:00:00,79,40,39,FMN GV 22 Boechout
7,Victor Heylenlei 41,2020-07-30,14:00:00,117,51,66,FMN GV 22 Boechout
7,Victor Heylenlei 41,2020-07-30,15:00:00,96,44,52,FMN GV 22 Boechout
7,Victor Heylenlei 41,2020-07-30,16:00:00,126,56,70,FMN GV 22 Boechout
7,Victor Heylenlei 41,2020-07-30,17:00:00,107,41,66,FMN GV 22 Boechout
7,Victor Heylenlei 41,2020-07-30,18:00:00,99,53,46,FMN GV 22 Boechout
7,Victor Heylenlei 41,2020-07-30,19:00:00,86,31,55,FMN GV 22 Boechout
7,Victor Heylenlei 41,2020-07-30,20:00:00,114,76,38,FMN GV 22 Boechout
7,Victor Heylenlei 41,2020-07-30,21:00:00,66,45,21,FMN GV 22 Boechout
7,Victor Heylenlei 41,2020-07-30,22:00:00,27,21,6,FMN GV 22 Boechout
7,Victor Heylenlei 41,2020-07-30,23:00:00,5,4,1,FMN GV 22 Boechout
7,Victor Heylenlei 41,2020-07-31,00:00:00,0,0,0,FMN GV 22 Boechout
7,Victor Heylenlei 41,2020-07-31,01:00:00,0,0,0,FMN GV 22 Boechout
7,Victor Heylenlei 41,2020-07-31,02:00:00,3,3,0,FMN GV 22 Boechout
7,Victor Heylenlei 41,2020-07-31,03:00:00,0,0,0,FMN GV 22 Boechout
7,Victor Heylenlei 41,2020-07-31,04:00:00,2,1,1,FMN GV 22 Boechout
7,Victor Heylenlei 41,2020-07-31,05:00:00,8,8,0,FMN GV 22 Boechout
7,Victor Heylenlei 41,2020-07-31,06:00:00,18,18,0,FMN GV 22 Boechout
7,Victor Heylenlei 41,2020-07-31,07:00:00,27,26,1,FMN GV 22 Boechout
7,Victor Heylenlei 41,2020-07-31,08:00:00,50,35,15,FMN GV 22 Boechout
7,Victor Heylenlei 41,2020-07-31,09:00:00,38,22,16,FMN GV 22 Boechout
7,Victor Heylenlei 41,2020-07-31,10:00:00,53,38,15,FMN GV 22 Boechout
7,Victor Heylenlei 41,2020-07-31,11:00:00,63,46,17,FMN GV 22 Boechout
7,Victor Heylenlei 41,2020-07-31,12:00:00,59,36,23,FMN GV 22 Boechout
7,Victor Heylenlei 41,2020-07-31,13:00:00,44,21,23,FMN GV 22 Boechout
7,Victor Heylenlei 41,2020-07-31,14:00:00,66,26,40,FMN GV 22 Boechout
7,Victor Heylenlei 41,2020-07-31,15:00:00,62,22,40,FMN GV 22 Boechout
7,Victor Heylenlei 41,2020-07-31,16:00:00,46,14,32,FMN GV 22 Boechout
7,Victor Heylenlei 41,2020-07-31,17:00:00,160,71,89,FMN GV 22 Boechout
7,Victor Heylenlei 41,2020-07-31,18:00:00,54,19,35,FMN GV 22 Boechout
7,Victor Heylenlei 41,2020-07-31,19:00:00,47,23,24,FMN GV 22 Boechout
7,Victor Heylenlei 41,2020-07-31,20:00:00,53,30,23,FMN GV 22 Boechout
7,Victor Heylenlei 41,2020-07-31,21:00:00,52,27,25,FMN GV 22 Boechout
7,Victor Heylenlei 41,2020-07-31,22:00:00,21,8,13,FMN GV 22 Boechout
7,Victor Heylenlei 41,2020-07-31,23:00:00,11,8,3,FMN GV 22 Boechout
7,Victor Heylenlei 41,2020-08-01,00:00:00,1,1,0,FMN GV 22 Boechout
7,Victor Heylenlei 41,2020-08-01,01:00:00,1,0,1,FMN GV 22 Boechout
7,Victor Heylenlei 41,2020-08-01,02:00:00,0,0,0,FMN GV 22 Boechout
7,Victor Heylenlei 41,2020-08-01,03:00:00,1,1,0,FMN GV 22 Boechout
7,Victor Heylenlei 41,2020-08-01,04:00:00,2,1,1,FMN GV 22 Boechout
7,Victor Heylenlei 41,2020-08-01,05:00:00,3,2,1,FMN GV 22 Boechout
7,Victor Heylenlei 41,2020-08-01,06:00:00,7,4,3,FMN GV 22 Boechout
7,Victor Heylenlei 41,2020-08-01,07:00:00,12,5,7,FMN GV 22 Boechout
7,Victor Heylenlei 41,2020-08-01,08:00:00,21,11,10,FMN GV 22 Boechout
7,Victor Heylenlei 41,2020-08-01,09:00:00,36,11,25,FMN GV 22 Boechout
7,Victor Heylenlei 41,2020-08-01,10:00:00,80,35,45,FMN GV 22 Boechout
7,Victor Heylenlei 41,2020-08-01,11:00:00,89,46,43,FMN GV 22 Boechout
7,Victor Heylenlei 41,2020-08-01,12:00:00,77,42,35,FMN GV 22 Boechout
7,Victor Heylenlei 41,2020-08-01,13:00:00,91,38,53,FMN GV 22 Boechout
7,Victor Heylenlei 41,2020-08-01,14:00:00,118,50,68,FMN GV 22 Boechout
7,Victor Heylenlei 41,2020-08-01,15:00:00,121,60,61,FMN GV 22 Boechout
7,Victor Heylenlei 41,2020-08-01,16:00:00,90,41,49,FMN GV 22 Boechout
7,Victor Heylenlei 41,2020-08-01,17:00:00,97,55,42,FMN GV 22 Boechout
7,Victor Heylenlei 41,2020-08-01,18:00:00,65,44,21,FMN GV 22 Boechout
7,Victor Heylenlei 41,2020-08-01,19:00:00,43,15,28,FMN GV 22 Boechout
7,Victor Heylenlei 41,2020-08-01,20:00:00,51,33,18,FMN GV 22 Boechout
7,Victor Heylenlei 41,2020-08-01,21:00:00,35,30,5,FMN GV 22 Boechout
7,Victor Heylenlei 41,2020-08-01,22:00:00,14,4,10,FMN GV 22 Boechout
7,Victor Heylenlei 41,2020-08-01,23:00:00,6,2,4,FMN GV 22 Boechout
7,Victor Heylenlei 41,2020-08-02,00:00:00,3,1,2,FMN GV 22 Boechout
7,Victor Heylenlei 41,2020-08-02,01:00:00,0,0,0,FMN GV 22 Boechout
7,Victor Heylenlei 41,2020-08-02,02:00:00,1,0,1,FMN GV 22 Boechout
7,Victor Heylenlei 41,2020-08-02,03:00:00,1,1,0,FMN GV 22 Boechout
7,Victor Heylenlei 41,2020-08-02,04:00:00,0,0,0,FMN GV 22 Boechout
7,Victor Heylenlei 41,2020-08-02,05:00:00,2,1,1,FMN GV 22 Boechout
7,Victor Heylenlei 41,2020-08-02,06:00:00,2,2,0,FMN GV 22 Boechout
7,Victor Heylenlei 41,2020-08-02,07:00:00,7,4,3,FMN GV 22 Boechout
7,Victor Heylenlei 41,2020-08-02,08:00:00,16,10,6,FMN GV 22 Boechout
7,Victor Heylenlei 41,2020-08-02,09:00:00,89,35,54,FMN GV 22 Boechout
7,Victor Heylenlei 41,2020-08-02,10:00:00,70,29,41,FMN GV 22 Boechout
7,Victor Heylenlei 41,2020-08-02,11:00:00,76,34,42,FMN GV 22 Boechout
7,Victor Heylenlei 41,2020-08-02,12:00:00,108,58,50,FMN GV 22 Boechout
7,Victor Heylenlei 41,2020-08-02,13:00:00,119,51,68,FMN GV 22 Boechout
7,Victor Heylenlei 41,2020-08-02,14:00:00,181,77,104,FMN GV 22 Boechout
7,Victor Heylenlei 41,2020-08-02,15:00:00,193,85,108,FMN GV 22 Boechout
7,Victor Heylenlei 41,2020-08-02,16:00:00,154,90,64,FMN GV 22 Boechout
7,Victor Heylenlei 41,2020-08-02,17:00:00,118,74,44,FMN GV 22 Boechout
7,Victor Heylenlei 41,2020-08-02,18:00:00,58,34,24,FMN GV 22 Boechout
7,Victor Heylenlei 41,2020-08-02,19:00:00,34,18,16,FMN GV 22 Boechout
7,Victor Heylenlei 41,2020-08-02,20:00:00,59,38,21,FMN GV 22 Boechout
7,Victor Heylenlei 41,2020-08-02,21:00:00,34,25,9,FMN GV 22 Boechout
7,Victor Heylenlei 41,2020-08-02,22:00:00,13,12,1,FMN GV 22 Boechout
7,Victor Heylenlei 41,2020-08-02,23:00:00,8,5,3,FMN GV 22 Boechout
7,Victor Heylenlei 41,2020-08-03,00:00:00,1,1,0,FMN GV 22 Boechout
7,Victor Heylenlei 41,2020-08-03,01:00:00,0,0,0,FMN GV 22 Boechout
7,Victor Heylenlei 41,2020-08-03,02:00:00,1,1,0,FMN GV 22 Boechout
7,Victor Heylenlei 41,2020-08-03,03:00:00,2,2,0,FMN GV 22 Boechout
7,Victor Heylenlei 41,2020-08-03,04:00:00,3,3,0,FMN GV 22 Boechout
7,Victor Heylenlei 41,2020-08-03,05:00:00,7,6,1,FMN GV 22 Boechout
7,Victor Heylenlei 41,2020-08-03,06:00:00,16,16,0,FMN GV 22 Boechout
7,Victor Heylenlei 41,2020-08-03,07:00:00,37,36,1,FMN GV 22 Boechout
7,Victor Heylenlei 41,2020-08-03,08:00:00,32,32,0,FMN GV 22 Boechout
7,Victor Heylenlei 41,2020-08-03,09:00:00,27,25,2,FMN GV 22 Boechout
7,Victor Heylenlei 41,2020-08-03,10:00:00,47,36,11,FMN GV 22 Boechout
7,Victor Heylenlei 41,2020-08-03,11:00:00,56,35,21,FMN GV 22 Boechout
7,Victor Heylenlei 41,2020-08-03,12:00:00,38,18,20,FMN GV 22 Boechout
7,Victor Heylenlei 41,2020-08-03,13:00:00,68,56,12,FMN GV 22 Boechout
7,Victor Heylenlei 41,2020-08-03,14:00:00,81,52,29,FMN GV 22 Boechout
7,Victor Heylenlei 41,2020-08-03,15:00:00,75,39,36,FMN GV 22 Boechout
7,Victor Heylenlei 41,2020-08-03,16:00:00,49,42,7,FMN GV 22 Boechout
7,Victor Heylenlei 41,2020-08-03,17:00:00,50,26,24,FMN GV 22 Boechout
7,Victor Heylenlei 41,2020-08-03,18:00:00,25,19,6,FMN GV 22 Boechout
7,Victor Heylenlei 41,2020-08-03,19:00:00,43,27,16,FMN GV 22 Boechout
7,Victor Heylenlei 41,2020-08-03,20:00:00,21,17,4,FMN GV 22 Boechout
7,Victor Heylenlei 41,2020-08-03,21:00:00,13,4,9,FMN GV 22 Boechout
7,Victor Heylenlei 41,2020-08-03,22:00:00,13,9,4,FMN GV 22 Boechout
7,Victor Heylenlei 41,2020-08-03,23:00:00,8,2,6,FMN GV 22 Boechout
7,Victor Heylenlei 41,2020-08-04,00:00:00,0,0,0,FMN GV 22 Boechout
7,Victor Heylenlei 41,2020-08-04,01:00:00,0,0,0,FMN GV 22 Boechout
7,Victor Heylenlei 41,2020-08-04,02:00:00,0,0,0,FMN GV 22 Boechout
7,Victor Heylenlei 41,2020-08-04,03:00:00,0,0,0,FMN GV 22 Boechout
7,Victor Heylenlei 41,2020-08-04,04:00:00,1,1,0,FMN GV 22 Boechout
7,Victor Heylenlei 41,2020-08-04,05:00:00,9,5,4,FMN GV 22 Boechout
7,Victor Heylenlei 41,2020-08-04,06:00:00,15,11,4,FMN GV 22 Boechout
7,Victor Heylenlei 41,2020-08-04,07:00:00,51,33,18,FMN GV 22 Boechout
7,Victor Heylenlei 41,2020-08-04,08:00:00,47,29,18,FMN GV 22 Boechout
7,Victor Heylenlei 41,2020-08-04,09:00:00,31,15,16,FMN GV 22 Boechout
7,Victor Heylenlei 41,2020-08-04,10:00:00,53,23,30,FMN GV 22 Boechout
7,Victor Heylenlei 41,2020-08-04,11:00:00,68,38,30,FMN GV 22 Boechout
7,Victor Heylenlei 41,2020-08-04,12:00:00,70,40,30,FMN GV 22 Boechout
7,Victor Heylenlei 41,2020-08-04,13:00:00,89,58,31,FMN GV 22 Boechout
7,Victor Heylenlei 41,2020-08-04,14:00:00,114,70,44,FMN GV 22 Boechout
7,Victor Heylenlei 41,2020-08-04,15:00:00,142,64,78,FMN GV 22 Boechout
7,Victor Heylenlei 41,2020-08-04,16:00:00,141,79,62,FMN GV 22 Boechout
7,Victor Heylenlei 41,2020-08-04,17:00:00,139,78,61,FMN GV 22 Boechout
7,Victor Heylenlei 41,2020-08-04,18:00:00,93,36,57,FMN GV 22 Boechout
7,Victor Heylenlei 41,2020-08-04,19:00:00,75,65,10,FMN GV 22 Boechout
7,Victor Heylenlei 41,2020-08-04,20:00:00,101,71,30,FMN GV 22 Boechout
7,Victor Heylenlei 41,2020-08-04,21:00:00,52,48,4,FMN GV 22 Boechout
7,Victor Heylenlei 41,2020-08-04,22:00:00,12,8,4,FMN GV 22 Boechout
7,Victor Heylenlei 41,2020-08-04,23:00:00,11,9,2,FMN GV 22 Boechout
7,Victor Heylenlei 41,2020-08-05,00:00:00,0,0,0,FMN GV 22 Boechout
7,Victor Heylenlei 41,2020-08-05,01:00:00,0,0,0,FMN GV 22 Boechout
7,Victor Heylenlei 41,2020-08-05,02:00:00,0,0,0,FMN GV 22 Boechout
7,Victor Heylenlei 41,2020-08-05,03:00:00,1,1,0,FMN GV 22 Boechout
7,Victor Heylenlei 41,2020-08-05,04:00:00,4,4,0,FMN GV 22 Boechout
7,Victor Heylenlei 41,2020-08-05,05:00:00,7,6,1,FMN GV 22 Boechout
7,Victor Heylenlei 41,2020-08-05,06:00:00,20,16,4,FMN GV 22 Boechout
7,Victor Heylenlei 41,2020-08-05,07:00:00,50,40,10,FMN GV 22 Boechout
7,Victor Heylenlei 41,2020-08-05,08:00:00,57,46,11,FMN GV 22 Boechout
7,Victor Heylenlei 41,2020-08-05,09:00:00,64,37,27,FMN GV 22 Boechout
7,Victor Heylenlei 41,2020-08-05,10:00:00,72,66,6,FMN GV 22 Boechout
7,Victor Heylenlei 41,2020-08-05,11:00:00,68,55,13,FMN GV 22 Boechout
7,Victor Heylenlei 41,2020-08-05,12:00:00,71,41,30,FMN GV 22 Boechout
7,Victor Heylenlei 41,2020-08-05,13:00:00,70,43,27,FMN GV 22 Boechout
7,Victor Heylenlei 41,2020-08-05,14:00:00,81,33,48,FMN GV 22 Boechout
7,Victor Heylenlei 41,2020-08-05,15:00:00,81,48,33,FMN GV 22 Boechout
7,Victor Heylenlei 41,2020-08-05,16:00:00,82,73,9,FMN GV 22 Boechout
7,Victor Heylenlei 41,2020-08-05,17:00:00,104,55,49,FMN GV 22 Boechout
7,Victor Heylenlei 41,2020-08-05,18:00:00,112,52,60,FMN GV 22 Boechout
7,Victor Heylenlei 41,2020-08-05,19:00:00,92,36,56,FMN GV 22 Boechout
7,Victor Heylenlei 41,2020-08-05,20:00:00,99,55,44,FMN GV 22 Boechout
7,Victor Heylenlei 41,2020-08-05,21:00:00,63,35,28,FMN GV 22 Boechout
7,Victor Heylenlei 41,2020-08-05,22:00:00,24,18,6,FMN GV 22 Boechout
7,Victor Heylenlei 41,2020-08-05,23:00:00,12,5,7,FMN GV 22 Boechout
7,Victor Heylenlei 41,2020-08-06,00:00:00,1,0,1,FMN GV 22 Boechout
7,Victor Heylenlei 41,2020-08-06,01:00:00,0,0,0,FMN GV 22 Boechout
7,Victor Heylenlei 41,2020-08-06,02:00:00,0,0,0,FMN GV 22 Boechout
7,Victor Heylenlei 41,2020-08-06,03:00:00,1,1,0,FMN GV 22 Boechout
7,Victor Heylenlei 41,2020-08-06,04:00:00,3,3,0,FMN GV 22 Boechout
7,Victor Heylenlei 41,2020-08-06,05:00:00,13,11,2,FMN GV 22 Boechout
7,Victor Heylenlei 41,2020-08-06,06:00:00,35,21,14,FMN GV 22 Boechout
7,Victor Heylenlei 41,2020-08-06,07:00:00,60,40,20,FMN GV 22 Boechout
7,Victor Heylenlei 41,2020-08-06,08:00:00,58,37,21,FMN GV 22 Boechout
7,Victor Heylenlei 41,2020-08-06,09:00:00,63,36,27,FMN GV 22 Boechout
7,Victor Heylenlei 41,2020-08-06,10:00:00,68,34,34,FMN GV 22 Boechout
7,Victor Heylenlei 41,2020-08-06,11:00:00,71,39,32,FMN GV 22 Boechout
7,Victor Heylenlei 41,2020-08-06,12:00:00,60,26,34,FMN GV 22 Boechout
7,Victor Heylenlei 41,2020-08-06,13:00:00,58,30,28,FMN GV 22 Boechout
7,Victor Heylenlei 41,2020-08-06,14:00:00,44,20,24,FMN GV 22 Boechout
7,Victor Heylenlei 41,2020-08-06,15:00:00,63,25,38,FMN GV 22 Boechout
7,Victor Heylenlei 41,2020-08-06,16:00:00,83,34,49,FMN GV 22 Boechout
7,Victor Heylenlei 41,2020-08-06,17:00:00,59,14,45,FMN GV 22 Boechout
7,Victor Heylenlei 41,2020-08-06,18:00:00,77,31,46,FMN GV 22 Boechout
7,Victor Heylenlei 41,2020-08-06,19:00:00,71,34,37,FMN GV 22 Boechout
7,Victor Heylenlei 41,2020-08-06,20:00:00,76,42,34,FMN GV 22 Boechout
7,Victor Heylenlei 41,2020-08-06,21:00:00,87,61,26,FMN GV 22 Boechout
7,Victor Heylenlei 41,2020-08-06,22:00:00,36,23,13,FMN GV 22 Boechout
7,Victor Heylenlei 41,2020-08-06,23:00:00,11,4,7,FMN GV 22 Boechout
7,Victor Heylenlei 41,2020-08-07,00:00:00,0,0,0,FMN GV 22 Boechout
7,Victor Heylenlei 41,2020-08-07,01:00:00,2,0,2,FMN GV 22 Boechout
7,Victor Heylenlei 41,2020-08-07,02:00:00,0,0,0,FMN GV 22 Boechout
7,Victor Heylenlei 41,2020-08-07,03:00:00,4,4,0,FMN GV 22 Boechout
7,Victor Heylenlei 41,2020-08-07,04:00:00,4,3,1,FMN GV 22 Boechout
7,Victor Heylenlei 41,2020-08-07,05:00:00,7,4,3,FMN GV 22 Boechout
7,Victor Heylenlei 41,2020-08-07,06:00:00,25,20,5,FMN GV 22 Boechout
7,Victor Heylenlei 41,2020-08-07,07:00:00,42,24,18,FMN GV 22 Boechout
7,Victor Heylenlei 41,2020-08-07,08:00:00,66,27,39,FMN GV 22 Boechout
7,Victor Heylenlei 41,2020-08-07,09:00:00,78,45,33,FMN GV 22 Boechout
7,Victor Heylenlei 41,2020-08-07,10:00:00,71,40,31,FMN GV 22 Boechout
7,Victor Heylenlei 41,2020-08-07,11:00:00,63,41,22,FMN GV 22 Boechout
7,Victor Heylenlei 41,2020-08-07,12:00:00,42,23,19,FMN GV 22 Boechout
7,Victor Heylenlei 41,2020-08-07,13:00:00,54,31,23,FMN GV 22 Boechout
7,Victor Heylenlei 41,2020-08-07,14:00:00,60,24,36,FMN GV 22 Boechout
7,Victor Heylenlei 41,2020-08-07,15:00:00,33,12,21,FMN GV 22 Boechout
7,Victor Heylenlei 41,2020-08-07,16:00:00,48,25,23,FMN GV 22 Boechout
7,Victor Heylenlei 41,2020-08-07,17:00:00,50,18,32,FMN GV 22 Boechout
7,Victor Heylenlei 41,2020-08-07,18:00:00,55,22,33,FMN GV 22 Boechout
7,Victor Heylenlei 41,2020-08-07,19:00:00,75,30,45,FMN GV 22 Boechout
7,Victor Heylenlei 41,2020-08-07,20:00:00,51,29,22,FMN GV 22 Boechout
7,Victor Heylenlei 41,2020-08-07,21:00:00,45,28,17,FMN GV 22 Boechout
7,Victor Heylenlei 41,2020-08-07,22:00:00,42,27,15,FMN GV 22 Boechout
7,Victor Heylenlei 41,2020-08-07,23:00:00,10,3,7,FMN GV 22 Boechout
7,Victor Heylenlei 41,2020-08-08,00:00:00,9,4,5,FMN GV 22 Boechout
7,Victor Heylenlei 41,2020-08-08,01:00:00,1,0,1,FMN GV 22 Boechout
7,Victor Heylenlei 41,2020-08-08,02:00:00,7,4,3,FMN GV 22 Boechout
7,Victor Heylenlei 41,2020-08-08,03:00:00,1,1,0,FMN GV 22 Boechout
7,Victor Heylenlei 41,2020-08-08,04:00:00,2,2,0,FMN GV 22 Boechout
7,Victor Heylenlei 41,2020-08-08,05:00:00,2,2,0,FMN GV 22 Boechout
7,Victor Heylenlei 41,2020-08-08,06:00:00,26,16,10,FMN GV 22 Boechout
7,Victor Heylenlei 41,2020-08-08,07:00:00,23,6,17,FMN GV 22 Boechout
7,Victor Heylenlei 41,2020-08-08,08:00:00,64,30,34,FMN GV 22 Boechout
7,Victor Heylenlei 41,2020-08-08,09:00:00,88,40,48,FMN GV 22 Boechout
7,Victor Heylenlei 41,2020-08-08,10:00:00,72,40,32,FMN GV 22 Boechout
7,Victor Heylenlei 41,2020-08-08,11:00:00,59,31,28,FMN GV 22 Boechout
7,Victor Heylenlei 41,2020-08-08,12:00:00,44,16,28,FMN GV 22 Boechout
7,Victor Heylenlei 41,2020-08-08,13:00:00,38,14,24,FMN GV 22 Boechout
7,Victor Heylenlei 41,2020-08-08,14:00:00,41,19,22,FMN GV 22 Boechout
7,Victor Heylenlei 41,2020-08-08,15:00:00,51,29,22,FMN GV 22 Boechout
7,Victor Heylenlei 41,2020-08-08,16:00:00,32,11,21,FMN GV 22 Boechout
7,Victor Heylenlei 41,2020-08-08,17:00:00,40,18,22,FMN GV 22 Boechout
7,Victor Heylenlei 41,2020-08-08,18:00:00,24,11,13,FMN GV 22 Boechout
7,Victor Heylenlei 41,2020-08-08,19:00:00,44,22,22,FMN GV 22 Boechout
7,Victor Heylenlei 41,2020-08-08,20:00:00,70,25,45,FMN GV 22 Boechout
7,Victor Heylenlei 41,2020-08-08,21:00:00,38,24,14,FMN GV 22 Boechout
7,Victor Heylenlei 41,2020-08-08,22:00:00,22,16,6,FMN GV 22 Boechout
7,Victor Heylenlei 41,2020-08-08,23:00:00,21,12,9,FMN GV 22 Boechout
7,Victor Heylenlei 41,2020-08-09,00:00:00,10,3,7,FMN GV 22 Boechout
7,Victor Heylenlei 41,2020-08-09,01:00:00,14,10,4,FMN GV 22 Boechout
7,Victor Heylenlei 41,2020-08-09,02:00:00,6,1,5,FMN GV 22 Boechout
7,Victor Heylenlei 41,2020-08-09,03:00:00,1,0,1,FMN GV 22 Boechout
7,Victor Heylenlei 41,2020-08-09,04:00:00,0,0,0,FMN GV 22 Boechout
7,Victor Heylenlei 41,2020-08-09,05:00:00,1,1,0,FMN GV 22 Boechout
7,Victor Heylenlei 41,2020-08-09,06:00:00,12,5,7,FMN GV 22 Boechout
7,Victor Heylenlei 41,2020-08-09,07:00:00,21,4,17,FMN GV 22 Boechout
7,Victor Heylenlei 41,2020-08-09,08:00:00,66,23,43,FMN GV 22 Boechout
7,Victor Heylenlei 41,2020-08-09,09:00:00,102,56,46,FMN GV 22 Boechout
7,Victor Heylenlei 41,2020-08-09,10:00:00,126,76,50,FMN GV 22 Boechout
7,Victor Heylenlei 41,2020-08-09,11:00:00,68,40,28,FMN GV 22 Boechout
7,Victor Heylenlei 41,2020-08-09,12:00:00,77,43,34,FMN GV 22 Boechout
7,Victor Heylenlei 41,2020-08-09,13:00:00,45,15,30,FMN GV 22 Boechout
7,Victor Heylenlei 41,2020-08-09,14:00:00,39,17,22,FMN GV 22 Boechout
7,Victor Heylenlei 41,2020-08-09,15:00:00,47,19,28,FMN GV 22 Boechout
7,Victor Heylenlei 41,2020-08-09,16:00:00,46,18,28,FMN GV 22 Boechout
7,Victor Heylenlei 41,2020-08-09,17:00:00,50,33,17,FMN GV 22 Boechout
7,Victor Heylenlei 41,2020-08-09,18:00:00,35,19,16,FMN GV 22 Boechout
7,Victor Heylenlei 41,2020-08-09,19:00:00,36,19,17,FMN GV 22 Boechout
7,Victor Heylenlei 41,2020-08-09,20:00:00,53,32,21,FMN GV 22 Boechout
7,Victor Heylenlei 41,2020-08-09,21:00:00,63,32,31,FMN GV 22 Boechout
7,Victor Heylenlei 41,2020-08-09,22:00:00,27,19,8,FMN GV 22 Boechout
7,Victor Heylenlei 41,2020-08-09,23:00:00,15,11,4,FMN GV 22 Boechout
7,Victor Heylenlei 41,2020-08-10,00:00:00,3,1,2,FMN GV 22 Boechout
7,Victor Heylenlei 41,2020-08-10,01:00:00,3,3,0,FMN GV 22 Boechout
7,Victor Heylenlei 41,2020-08-10,02:00:00,0,0,0,FMN GV 22 Boechout
7,Victor Heylenlei 41,2020-08-10,03:00:00,2,2,0,FMN GV 22 Boechout
7,Victor Heylenlei 41,2020-08-10,04:00:00,4,4,0,FMN GV 22 Boechout
7,Victor Heylenlei 41,2020-08-10,05:00:00,11,4,7,FMN GV 22 Boechout
7,Victor Heylenlei 41,2020-08-10,06:00:00,29,20,9,FMN GV 22 Boechout
7,Victor Heylenlei 41,2020-08-10,07:00:00,49,30,19,FMN GV 22 Boechout
7,Victor Heylenlei 41,2020-08-10,08:00:00,60,27,33,FMN GV 22 Boechout
7,Victor Heylenlei 41,2020-08-10,09:00:00,49,29,20,FMN GV 22 Boechout
7,Victor Heylenlei 41,2020-08-10,10:00:00,56,31,25,FMN GV 22 Boechout
7,Victor Heylenlei 41,2020-08-10,11:00:00,44,32,12,FMN GV 22 Boechout
7,Victor Heylenlei 41,2020-08-10,12:00:00,36,16,20,FMN GV 22 Boechout
7,Victor Heylenlei 41,2020-08-10,13:00:00,42,17,25,FMN GV 22 Boechout
7,Victor Heylenlei 41,2020-08-10,14:00:00,45,25,20,FMN GV 22 Boechout
7,Victor Heylenlei 41,2020-08-10,15:00:00,47,23,24,FMN GV 22 Boechout
7,Victor Heylenlei 41,2020-08-10,16:00:00,43,17,26,FMN GV 22 Boechout
7,Victor Heylenlei 41,2020-08-10,17:00:00,55,26,29,FMN GV 22 Boechout
7,Victor Heylenlei 41,2020-08-10,18:00:00,43,25,18,FMN GV 22 Boechout
7,Victor Heylenlei 41,2020-08-10,19:00:00,61,24,37,FMN GV 22 Boechout
7,Victor Heylenlei 41,2020-08-10,20:00:00,84,46,38,FMN GV 22 Boechout
7,Victor Heylenlei 41,2020-08-10,21:00:00,45,28,17,FMN GV 22 Boechout
7,Victor Heylenlei 41,2020-08-10,22:00:00,31,19,12,FMN GV 22 Boechout
7,Victor Heylenlei 41,2020-08-10,23:00:00,11,4,7,FMN GV 22 Boechout
7,Victor Heylenlei 41,2020-08-11,00:00:00,14,6,8,FMN GV 22 Boechout
7,Victor Heylenlei 41,2020-08-11,01:00:00,3,2,1,FMN GV 22 Boechout
7,Victor Heylenlei 41,2020-08-11,02:00:00,0,0,0,FMN GV 22 Boechout
7,Victor Heylenlei 41,2020-08-11,03:00:00,0,0,0,FMN GV 22 Boechout
7,Victor Heylenlei 41,2020-08-11,04:00:00,2,2,0,FMN GV 22 Boechout
7,Victor Heylenlei 41,2020-08-11,05:00:00,13,5,8,FMN GV 22 Boechout
7,Victor Heylenlei 41,2020-08-11,06:00:00,26,16,10,FMN GV 22 Boechout
7,Victor Heylenlei 41,2020-08-11,07:00:00,57,35,22,FMN GV 22 Boechout
7,Victor Heylenlei 41,2020-08-11,08:00:00,91,47,44,FMN GV 22 Boechout
7,Victor Heylenlei 41,2020-08-11,09:00:00,62,40,22,FMN GV 22 Boechout
7,Victor Heylenlei 41,2020-08-11,10:00:00,56,30,26,FMN GV 22 Boechout
7,Victor Heylenlei 41,2020-08-11,11:00:00,59,23,36,FMN GV 22 Boechout
7,Victor Heylenlei 41,2020-08-11,12:00:00,31,14,17,FMN GV 22 Boechout
7,Victor Heylenlei 41,2020-08-11,13:00:00,52,31,21,FMN GV 22 Boechout
7,Victor Heylenlei 41,2020-08-11,14:00:00,56,26,30,FMN GV 22 Boechout
7,Victor Heylenlei 41,2020-08-11,15:00:00,45,15,30,FMN GV 22 Boechout
7,Victor Heylenlei 41,2020-08-11,16:00:00,57,22,35,FMN GV 22 Boechout
7,Victor Heylenlei 41,2020-08-11,17:00:00,61,26,35,FMN GV 22 Boechout
7,Victor Heylenlei 41,2020-08-11,18:00:00,61,24,37,FMN GV 22 Boechout
7,Victor Heylenlei 41,2020-08-11,19:00:00,80,32,48,FMN GV 22 Boechout
7,Victor Heylenlei 41,2020-08-11,20:00:00,42,23,19,FMN GV 22 Boechout
7,Victor Heylenlei 41,2020-08-11,21:00:00,40,33,7,FMN GV 22 Boechout
7,Victor Heylenlei 41,2020-08-11,22:00:00,9,3,6,FMN GV 22 Boechout
7,Victor Heylenlei 41,2020-08-11,23:00:00,1,0,1,FMN GV 22 Boechout
7,Victor Heylenlei 41,2020-08-12,00:00:00,2,1,1,FMN GV 22 Boechout
7,Victor Heylenlei 41,2020-08-12,01:00:00,1,0,1,FMN GV 22 Boechout
7,Victor Heylenlei 41,2020-08-12,02:00:00,3,3,0,FMN GV 22 Boechout
7,Victor Heylenlei 41,2020-08-12,03:00:00,0,0,0,FMN GV 22 Boechout
7,Victor Heylenlei 41,2020-08-12,04:00:00,3,2,1,FMN GV 22 Boechout
7,Victor Heylenlei 41,2020-08-12,05:00:00,12,5,7,FMN GV 22 Boechout
7,Victor Heylenlei 41,2020-08-12,06:00:00,23,11,12,FMN GV 22 Boechout
7,Victor Heylenlei 41,2020-08-12,07:00:00,73,40,33,FMN GV 22 Boechout
7,Victor Heylenlei 41,2020-08-12,08:00:00,81,41,40,FMN GV 22 Boechout
7,Victor Heylenlei 41,2020-08-12,09:00:00,71,42,29,FMN GV 22 Boechout
7,Victor Heylenlei 41,2020-08-12,10:00:00,72,41,31,FMN GV 22 Boechout
7,Victor Heylenlei 41,2020-08-12,11:00:00,49,32,17,FMN GV 22 Boechout
7,Victor Heylenlei 41,2020-08-12,12:00:00,32,15,17,FMN GV 22 Boechout
7,Victor Heylenlei 41,2020-08-12,13:00:00,33,14,19,FMN GV 22 Boechout
7,Victor Heylenlei 41,2020-08-12,14:00:00,42,21,21,FMN GV 22 Boechout
7,Victor Heylenlei 41,2020-08-12,15:00:00,47,20,27,FMN GV 22 Boechout
7,Victor Heylenlei 41,2020-08-12,16:00:00,71,33,38,FMN GV 22 Boechout
7,Victor Heylenlei 41,2020-08-12,17:00:00,51,20,31,FMN GV 22 Boechout
7,Victor Heylenlei 41,2020-08-12,18:00:00,60,28,32,FMN GV 22 Boechout
7,Victor Heylenlei 41,2020-08-12,19:00:00,57,18,39,FMN GV 22 Boechout
7,Victor Heylenlei 41,2020-08-12,20:00:00,82,46,36,FMN GV 22 Boechout
7,Victor Heylenlei 41,2020-08-12,21:00:00,59,37,22,FMN GV 22 Boechout
7,Victor Heylenlei 41,2020-08-12,22:00:00,26,9,17,FMN GV 22 Boechout
7,Victor Heylenlei 41,2020-08-12,23:00:00,16,6,10,FMN GV 22 Boechout
7,Victor Heylenlei 41,2020-08-13,00:00:00,6,5,1,FMN GV 22 Boechout
7,Victor Heylenlei 41,2020-08-13,01:00:00,10,6,4,FMN GV 22 Boechout
7,Victor Heylenlei 41,2020-08-13,02:00:00,1,0,1,FMN GV 22 Boechout
7,Victor Heylenlei 41,2020-08-13,03:00:00,1,1,0,FMN GV 22 Boechout
7,Victor Heylenlei 41,2020-08-13,04:00:00,1,0,1,FMN GV 22 Boechout
7,Victor Heylenlei 41,2020-08-13,05:00:00,10,4,6,FMN GV 22 Boechout
7,Victor Heylenlei 41,2020-08-13,06:00:00,28,14,14,FMN GV 22 Boechout
7,Victor Heylenlei 41,2020-08-13,07:00:00,48,27,21,FMN GV 22 Boechout
7,Victor Heylenlei 41,2020-08-13,08:00:00,51,23,28,FMN GV 22 Boechout
7,Victor Heylenlei 41,2020-08-13,09:00:00,42,21,21,FMN GV 22 Boechout
7,Victor Heylenlei 41,2020-08-13,10:00:00,47,29,18,FMN GV 22 Boechout
7,Victor Heylenlei 41,2020-08-13,11:00:00,48,25,23,FMN GV 22 Boechout
7,Victor Heylenlei 41,2020-08-13,12:00:00,46,25,21,FMN GV 22 Boechout
7,Victor Heylenlei 41,2020-08-13,13:00:00,29,10,19,FMN GV 22 Boechout
7,Victor Heylenlei 41,2020-08-13,14:00:00,56,28,28,FMN GV 22 Boechout
7,Victor Heylenlei 41,2020-08-13,15:00:00,56,25,31,FMN GV 22 Boechout
7,Victor Heylenlei 41,2020-08-13,16:00:00,47,19,28,FMN GV 22 Boechout
7,Victor Heylenlei 41,2020-08-13,17:00:00,63,19,44,FMN GV 22 Boechout
7,Victor Heylenlei 41,2020-08-13,18:00:00,46,24,22,FMN GV 22 Boechout
7,Victor Heylenlei 41,2020-08-13,19:00:00,38,16,22,FMN GV 22 Boechout
7,Victor Heylenlei 41,2020-08-13,20:00:00,71,32,39,FMN GV 22 Boechout
7,Victor Heylenlei 41,2020-08-13,21:00:00,43,26,17,FMN GV 22 Boechout
7,Victor Heylenlei 41,2020-08-13,22:00:00,15,8,7,FMN GV 22 Boechout
7,Victor Heylenlei 41,2020-08-13,23:00:00,6,4,2,FMN GV 22 Boechout
7,Victor Heylenlei 41,2020-08-14,00:00:00,5,2,3,FMN GV 22 Boechout
7,Victor Heylenlei 41,2020-08-14,01:00:00,2,1,1,FMN GV 22 Boechout
7,Victor Heylenlei 41,2020-08-14,02:00:00,0,0,0,FMN GV 22 Boechout
7,Victor Heylenlei 41,2020-08-14,03:00:00,2,0,2,FMN GV 22 Boechout
7,Victor Heylenlei 41,2020-08-14,04:00:00,3,2,1,FMN GV 22 Boechout
7,Victor Heylenlei 41,2020-08-14,05:00:00,10,4,6,FMN GV 22 Boechout
7,Victor Heylenlei 41,2020-08-14,06:00:00,17,9,8,FMN GV 22 Boechout
7,Victor Heylenlei 41,2020-08-14,07:00:00,40,24,16,FMN GV 22 Boechout
7,Victor Heylenlei 41,2020-08-14,08:00:00,64,39,25,FMN GV 22 Boechout
7,Victor Heylenlei 41,2020-08-14,09:00:00,56,26,30,FMN GV 22 Boechout
7,Victor Heylenlei 41,2020-08-14,10:00:00,67,37,30,FMN GV 22 Boechout
7,Victor Heylenlei 41,2020-08-14,11:00:00,75,47,28,FMN GV 22 Boechout
7,Victor Heylenlei 41,2020-08-14,12:00:00,59,33,26,FMN GV 22 Boechout
7,Victor Heylenlei 41,2020-08-14,13:00:00,39,23,16,FMN GV 22 Boechout
7,Victor Heylenlei 41,2020-08-14,14:00:00,42,21,21,FMN GV 22 Boechout
7,Victor Heylenlei 41,2020-08-14,15:00:00,54,23,31,FMN GV 22 Boechout
7,Victor Heylenlei 41,2020-08-14,16:00:00,50,29,21,FMN GV 22 Boechout
7,Victor Heylenlei 41,2020-08-14,17:00:00,75,26,49,FMN GV 22 Boechout
7,Victor Heylenlei 41,2020-08-14,18:00:00,69,35,34,FMN GV 22 Boechout
7,Victor Heylenlei 41,2020-08-14,19:00:00,60,31,29,FMN GV 22 Boechout
7,Victor Heylenlei 41,2020-08-14,20:00:00,42,14,28,FMN GV 22 Boechout
7,Victor Heylenlei 41,2020-08-14,21:00:00,48,28,20,FMN GV 22 Boechout
7,Victor Heylenlei 41,2020-08-14,22:00:00,14,6,8,FMN GV 22 Boechout
7,Victor Heylenlei 41,2020-08-14,23:00:00,13,11,2,FMN GV 22 Boechout
7,Victor Heylenlei 41,2020-08-15,00:00:00,5,1,4,FMN GV 22 Boechout
7,Victor Heylenlei 41,2020-08-15,01:00:00,11,6,5,FMN GV 22 Boechout
7,Victor Heylenlei 41,2020-08-15,02:00:00,1,1,0,FMN GV 22 Boechout
7,Victor Heylenlei 41,2020-08-15,03:00:00,0,0,0,FMN GV 22 Boechout
7,Victor Heylenlei 41,2020-08-15,04:00:00,1,1,0,FMN GV 22 Boechout
7,Victor Heylenlei 41,2020-08-15,05:00:00,1,1,0,FMN GV 22 Boechout
7,Victor Heylenlei 41,2020-08-15,06:00:00,2,2,0,FMN GV 22 Boechout
7,Victor Heylenlei 41,2020-08-15,07:00:00,6,3,3,FMN GV 22 Boechout
7,Victor Heylenlei 41,2020-08-15,08:00:00,20,5,15,FMN GV 22 Boechout
7,Victor Heylenlei 41,2020-08-15,09:00:00,115,58,57,FMN GV 22 Boechout
7,Victor Heylenlei 41,2020-08-15,10:00:00,121,53,68,FMN GV 22 Boechout
7,Victor Heylenlei 41,2020-08-15,11:00:00,113,59,54,FMN GV 22 Boechout
7,Victor Heylenlei 41,2020-08-15,12:00:00,124,63,61,FMN GV 22 Boechout
7,Victor Heylenlei 41,2020-08-15,13:00:00,89,44,45,FMN GV 22 Boechout
7,Victor Heylenlei 41,2020-08-15,14:00:00,155,80,75,FMN GV 22 Boechout
7,Victor Heylenlei 41,2020-08-15,15:00:00,133,71,62,FMN GV 22 Boechout
7,Victor Heylenlei 41,2020-08-15,16:00:00,138,67,71,FMN GV 22 Boechout
7,Victor Heylenlei 41,2020-08-15,17:00:00,104,66,38,FMN GV 22 Boechout
7,Victor Heylenlei 41,2020-08-15,18:00:00,32,20,12,FMN GV 22 Boechout
7,Victor Heylenlei 41,2020-08-15,19:00:00,27,10,17,FMN GV 22 Boechout
7,Victor Heylenlei 41,2020-08-15,20:00:00,29,20,9,FMN GV 22 Boechout
7,Victor Heylenlei 41,2020-08-15,21:00:00,38,21,17,FMN GV 22 Boechout
7,Victor Heylenlei 41,2020-08-15,22:00:00,14,6,8,FMN GV 22 Boechout
7,Victor Heylenlei 41,2020-08-15,23:00:00,4,4,0,FMN GV 22 Boechout
7,Victor Heylenlei 41,2020-08-16,00:00:00,5,3,2,FMN GV 22 Boechout
7,Victor Heylenlei 41,2020-08-16,01:00:00,10,5,5,FMN GV 22 Boechout
7,Victor Heylenlei 41,2020-08-16,02:00:00,0,0,0,FMN GV 22 Boechout
7,Victor Heylenlei 41,2020-08-16,03:00:00,2,2,0,FMN GV 22 Boechout
7,Victor Heylenlei 41,2020-08-16,04:00:00,0,0,0,FMN GV 22 Boechout
7,Victor Heylenlei 41,2020-08-16,05:00:00,1,1,0,FMN GV 22 Boechout
7,Victor Heylenlei 41,2020-08-16,06:00:00,4,1,3,FMN GV 22 Boechout
7,Victor Heylenlei 41,2020-08-16,07:00:00,20,5,15,FMN GV 22 Boechout
7,Victor Heylenlei 41,2020-08-16,08:00:00,41,16,25,FMN GV 22 Boechout
7,Victor Heylenlei 41,2020-08-16,09:00:00,119,58,61,FMN GV 22 Boechout
7,Victor Heylenlei 41,2020-08-16,10:00:00,163,78,85,FMN GV 22 Boechout
7,Victor Heylenlei 41,2020-08-16,11:00:00,179,97,82,FMN GV 22 Boechout
7,Victor Heylenlei 41,2020-08-16,12:00:00,137,69,68,FMN GV 22 Boechout
7,Victor Heylenlei 41,2020-08-16,13:00:00,163,94,69,FMN GV 22 Boechout
7,Victor Heylenlei 41,2020-08-16,14:00:00,165,82,83,FMN GV 22 Boechout
7,Victor Heylenlei 41,2020-08-16,15:00:00,103,55,48,FMN GV 22 Boechout
7,Victor Heylenlei 41,2020-08-16,16:00:00,82,43,39,FMN GV 22 Boechout
7,Victor Heylenlei 41,2020-08-16,17:00:00,44,27,17,FMN GV 22 Boechout
7,Victor Heylenlei 41,2020-08-16,18:00:00,24,7,17,FMN GV 22 Boechout
7,Victor Heylenlei 41,2020-08-16,19:00:00,15,10,5,FMN GV 22 Boechout
7,Victor Heylenlei 41,2020-08-16,20:00:00,42,28,14,FMN GV 22 Boechout
7,Victor Heylenlei 41,2020-08-16,21:00:00,18,11,7,FMN GV 22 Boechout
7,Victor Heylenlei 41,2020-08-16,22:00:00,9,6,3,FMN GV 22 Boechout
7,Victor Heylenlei 41,2020-08-16,23:00:00,4,3,1,FMN GV 22 Boechout
7,Victor Heylenlei 41,2020-08-17,00:00:00,0,0,0,FMN GV 22 Boechout
7,Victor Heylenlei 41,2020-08-17,01:00:00,1,0,1,FMN GV 22 Boechout
7,Victor Heylenlei 41,2020-08-17,02:00:00,1,1,0,FMN GV 22 Boechout
7,Victor Heylenlei 41,2020-08-17,03:00:00,1,1,0,FMN GV 22 Boechout
7,Victor Heylenlei 41,2020-08-17,04:00:00,1,1,0,FMN GV 22 Boechout
7,Victor Heylenlei 41,2020-08-17,05:00:00,6,2,4,FMN GV 22 Boechout
7,Victor Heylenlei 41,2020-08-17,06:00:00,14,10,4,FMN GV 22 Boechout
7,Victor Heylenlei 41,2020-08-17,07:00:00,41,23,18,FMN GV 22 Boechout
7,Victor Heylenlei 41,2020-08-17,08:00:00,43,25,18,FMN GV 22 Boechout
7,Victor Heylenlei 41,2020-08-17,09:00:00,82,58,24,FMN GV 22 Boechout
7,Victor Heylenlei 41,2020-08-17,10:00:00,69,33,36,FMN GV 22 Boechout
7,Victor Heylenlei 41,2020-08-17,11:00:00,43,27,16,FMN GV 22 Boechout
7,Victor Heylenlei 41,2020-08-17,12:00:00,51,16,35,FMN GV 22 Boechout
7,Victor Heylenlei 41,2020-08-17,13:00:00,71,36,35,FMN GV 22 Boechout
7,Victor Heylenlei 41,2020-08-17,14:00:00,99,46,53,FMN GV 22 Boechout
7,Victor Heylenlei 41,2020-08-17,15:00:00,86,49,37,FMN GV 22 Boechout
7,Victor Heylenlei 41,2020-08-17,16:00:00,73,42,31,FMN GV 22 Boechout
7,Victor Heylenlei 41,2020-08-17,17:00:00,85,40,45,FMN GV 22 Boechout
7,Victor Heylenlei 41,2020-08-17,18:00:00,85,26,59,FMN GV 22 Boechout
7,Victor Heylenlei 41,2020-08-17,19:00:00,53,28,25,FMN GV 22 Boechout
7,Victor Heylenlei 41,2020-08-17,20:00:00,69,39,30,FMN GV 22 Boechout
7,Victor Heylenlei 41,2020-08-17,21:00:00,27,19,8,FMN GV 22 Boechout
7,Victor Heylenlei 41,2020-08-17,22:00:00,21,11,10,FMN GV 22 Boechout
7,Victor Heylenlei 41,2020-08-17,23:00:00,4,3,1,FMN GV 22 Boechout
7,Victor Heylenlei 41,2020-08-18,00:00:00,3,1,2,FMN GV 22 Boechout
7,Victor Heylenlei 41,2020-08-18,01:00:00,3,1,2,FMN GV 22 Boechout
7,Victor Heylenlei 41,2020-08-18,02:00:00,0,0,0,FMN GV 22 Boechout
7,Victor Heylenlei 41,2020-08-18,03:00:00,0,0,0,FMN GV 22 Boechout
7,Victor Heylenlei 41,2020-08-18,04:00:00,2,1,1,FMN GV 22 Boechout
7,Victor Heylenlei 41,2020-08-18,05:00:00,11,6,5,FMN GV 22 Boechout
7,Victor Heylenlei 41,2020-08-18,06:00:00,22,14,8,FMN GV 22 Boechout
7,Victor Heylenlei 41,2020-08-18,07:00:00,44,26,18,FMN GV 22 Boechout
7,Victor Heylenlei 41,2020-08-18,08:00:00,65,42,23,FMN GV 22 Boechout
7,Victor Heylenlei 41,2020-08-18,09:00:00,50,28,22,FMN GV 22 Boechout
7,Victor Heylenlei 41,2020-08-18,10:00:00,64,37,27,FMN GV 22 Boechout
7,Victor Heylenlei 41,2020-08-18,11:00:00,53,31,22,FMN GV 22 Boechout
7,Victor Heylenlei 41,2020-08-18,12:00:00,74,36,38,FMN GV 22 Boechout
7,Victor Heylenlei 41,2020-08-18,13:00:00,74,39,35,FMN GV 22 Boechout
7,Victor Heylenlei 41,2020-08-18,14:00:00,85,46,39,FMN GV 22 Boechout
7,Victor Heylenlei 41,2020-08-18,15:00:00,107,50,57,FMN GV 22 Boechout
7,Victor Heylenlei 41,2020-08-18,16:00:00,97,47,50,FMN GV 22 Boechout
7,Victor Heylenlei 41,2020-08-18,17:00:00,75,29,46,FMN GV 22 Boechout
7,Victor Heylenlei 41,2020-08-18,18:00:00,77,27,50,FMN GV 22 Boechout
7,Victor Heylenlei 41,2020-08-18,19:00:00,119,57,62,FMN GV 22 Boechout
7,Victor Heylenlei 41,2020-08-18,20:00:00,83,48,35,FMN GV 22 Boechout
7,Victor Heylenlei 41,2020-08-18,21:00:00,34,20,14,FMN GV 22 Boechout
7,Victor Heylenlei 41,2020-08-18,22:00:00,13,10,3,FMN GV 22 Boechout
7,Victor Heylenlei 41,2020-08-18,23:00:00,9,6,3,FMN GV 22 Boechout
7,Victor Heylenlei 41,2020-08-19,00:00:00,3,2,1,FMN GV 22 Boechout
7,Victor Heylenlei 41,2020-08-19,01:00:00,4,2,2,FMN GV 22 Boechout
7,Victor Heylenlei 41,2020-08-19,02:00:00,0,0,0,FMN GV 22 Boechout
7,Victor Heylenlei 41,2020-08-19,03:00:00,1,0,1,FMN GV 22 Boechout
7,Victor Heylenlei 41,2020-08-19,04:00:00,2,2,0,FMN GV 22 Boechout
7,Victor Heylenlei 41,2020-08-19,05:00:00,9,5,4,FMN GV 22 Boechout
7,Victor Heylenlei 41,2020-08-19,06:00:00,22,16,6,FMN GV 22 Boechout
7,Victor Heylenlei 41,2020-08-19,07:00:00,57,32,25,FMN GV 22 Boechout
7,Victor Heylenlei 41,2020-08-19,08:00:00,61,34,27,FMN GV 22 Boechout
7,Victor Heylenlei 41,2020-08-19,09:00:00,38,22,16,FMN GV 22 Boechout
7,Victor Heylenlei 41,2020-08-19,10:00:00,56,32,24,FMN GV 22 Boechout
7,Victor Heylenlei 41,2020-08-19,11:00:00,72,34,38,FMN GV 22 Boechout
7,Victor Heylenlei 41,2020-08-19,12:00:00,78,40,38,FMN GV 22 Boechout
7,Victor Heylenlei 41,2020-08-19,13:00:00,92,39,53,FMN GV 22 Boechout
7,Victor Heylenlei 41,2020-08-19,14:00:00,107,49,58,FMN GV 22 Boechout
7,Victor Heylenlei 41,2020-08-19,15:00:00,100,42,58,FMN GV 22 Boechout
7,Victor Heylenlei 41,2020-08-19,16:00:00,116,55,61,FMN GV 22 Boechout
7,Victor Heylenlei 41,2020-08-19,17:00:00,105,48,57,FMN GV 22 Boechout
7,Victor Heylenlei 41,2020-08-19,18:00:00,55,24,31,FMN GV 22 Boechout
7,Victor Heylenlei 41,2020-08-19,19:00:00,49,22,27,FMN GV 22 Boechout
7,Victor Heylenlei 41,2020-08-19,20:00:00,38,19,19,FMN GV 22 Boechout
7,Victor Heylenlei 41,2020-08-19,21:00:00,16,15,1,FMN GV 22 Boechout
7,Victor Heylenlei 41,2020-08-19,22:00:00,4,1,3,FMN GV 22 Boechout
7,Victor Heylenlei 41,2020-08-19,23:00:00,25,12,13,FMN GV 22 Boechout
7,Victor Heylenlei 41,2020-08-20,00:00:00,3,2,1,FMN GV 22 Boechout
7,Victor Heylenlei 41,2020-08-20,01:00:00,3,0,3,FMN GV 22 Boechout
7,Victor Heylenlei 41,2020-08-20,02:00:00,0,0,0,FMN GV 22 Boechout
7,Victor Heylenlei 41,2020-08-20,03:00:00,1,0,1,FMN GV 22 Boechout
7,Victor Heylenlei 41,2020-08-20,04:00:00,3,2,1,FMN GV 22 Boechout
7,Victor Heylenlei 41,2020-08-20,05:00:00,5,3,2,FMN GV 22 Boechout
7,Victor Heylenlei 41,2020-08-20,06:00:00,18,10,8,FMN GV 22 Boechout
7,Victor Heylenlei 41,2020-08-20,07:00:00,47,28,19,FMN GV 22 Boechout
7,Victor Heylenlei 41,2020-08-20,08:00:00,68,45,23,FMN GV 22 Boechout
7,Victor Heylenlei 41,2020-08-20,09:00:00,58,32,26,FMN GV 22 Boechout
7,Victor Heylenlei 41,2020-08-20,10:00:00,59,30,29,FMN GV 22 Boechout
7,Victor Heylenlei 41,2020-08-20,11:00:00,29,11,18,FMN GV 22 Boechout
7,Victor Heylenlei 41,2020-08-20,12:00:00,56,24,32,FMN GV 22 Boechout
7,Victor Heylenlei 41,2020-08-20,13:00:00,63,31,32,FMN GV 22 Boechout
7,Victor Heylenlei 41,2020-08-20,14:00:00,74,40,34,FMN GV 22 Boechout
7,Victor Heylenlei 41,2020-08-20,15:00:00,97,41,56,FMN GV 22 Boechout
7,Victor Heylenlei 41,2020-08-20,16:00:00,107,51,56,FMN GV 22 Boechout
7,Victor Heylenlei 41,2020-08-20,17:00:00,110,45,65,FMN GV 22 Boechout
7,Victor Heylenlei 41,2020-08-20,18:00:00,101,55,46,FMN GV 22 Boechout
7,Victor Heylenlei 41,2020-08-20,19:00:00,128,56,72,FMN GV 22 Boechout
7,Victor Heylenlei 41,2020-08-20,20:00:00,95,66,29,FMN GV 22 Boechout
7,Victor Heylenlei 41,2020-08-20,21:00:00,46,29,17,FMN GV 22 Boechout
7,Victor Heylenlei 41,2020-08-20,22:00:00,21,11,10,FMN GV 22 Boechout
7,Victor Heylenlei 41,2020-08-20,23:00:00,8,2,6,FMN GV 22 Boechout
7,Victor Heylenlei 41,2020-08-21,00:00:00,11,7,4,FMN GV 22 Boechout
7,Victor Heylenlei 41,2020-08-21,01:00:00,10,7,3,FMN GV 22 Boechout
7,Victor Heylenlei 41,2020-08-21,02:00:00,1,0,1,FMN GV 22 Boechout
7,Victor Heylenlei 41,2020-08-21,03:00:00,0,0,0,FMN GV 22 Boechout
7,Victor Heylenlei 41,2020-08-21,04:00:00,4,3,1,FMN GV 22 Boechout
7,Victor Heylenlei 41,2020-08-21,05:00:00,7,5,2,FMN GV 22 Boechout
7,Victor Heylenlei 41,2020-08-21,06:00:00,18,9,9,FMN GV 22 Boechout
7,Victor Heylenlei 41,2020-08-21,07:00:00,31,18,13,FMN GV 22 Boechout
7,Victor Heylenlei 41,2020-08-21,08:00:00,41,22,19,FMN GV 22 Boechout
7,Victor Heylenlei 41,2020-08-21,09:00:00,34,16,18,FMN GV 22 Boechout
7,Victor Heylenlei 41,2020-08-21,10:00:00,44,15,29,FMN GV 22 Boechout
7,Victor Heylenlei 41,2020-08-21,11:00:00,53,25,28,FMN GV 22 Boechout
7,Victor Heylenlei 41,2020-08-21,12:00:00,49,29,20,FMN GV 22 Boechout
7,Victor Heylenlei 41,2020-08-21,13:00:00,83,33,50,FMN GV 22 Boechout
7,Victor Heylenlei 41,2020-08-21,14:00:00,107,44,63,FMN GV 22 Boechout
7,Victor Heylenlei 41,2020-08-21,15:00:00,92,39,53,FMN GV 22 Boechout
7,Victor Heylenlei 41,2020-08-21,16:00:00,83,35,48,FMN GV 22 Boechout
7,Victor Heylenlei 41,2020-08-21,17:00:00,90,38,52,FMN GV 22 Boechout
7,Victor Heylenlei 41,2020-08-21,18:00:00,97,49,48,FMN GV 22 Boechout
7,Victor Heylenlei 41,2020-08-21,19:00:00,61,32,29,FMN GV 22 Boechout
7,Victor Heylenlei 41,2020-08-21,20:00:00,70,34,36,FMN GV 22 Boechout
7,Victor Heylenlei 41,2020-08-21,21:00:00,44,26,18,FMN GV 22 Boechout
7,Victor Heylenlei 41,2020-08-21,22:00:00,19,2,17,FMN GV 22 Boechout
7,Victor Heylenlei 41,2020-08-21,23:00:00,7,7,0,FMN GV 22 Boechout
7,Victor Heylenlei 41,2020-08-22,00:00:00,11,8,3,FMN GV 22 Boechout
7,Victor Heylenlei 41,2020-08-22,01:00:00,10,7,3,FMN GV 22 Boechout
7,Victor Heylenlei 41,2020-08-22,02:00:00,2,1,1,FMN GV 22 Boechout
7,Victor Heylenlei 41,2020-08-22,03:00:00,0,0,0,FMN GV 22 Boechout
7,Victor Heylenlei 41,2020-08-22,04:00:00,1,1,0,FMN GV 22 Boechout
7,Victor Heylenlei 41,2020-08-22,05:00:00,4,2,2,FMN GV 22 Boechout
7,Victor Heylenlei 41,2020-08-22,06:00:00,9,5,4,FMN GV 22 Boechout
7,Victor Heylenlei 41,2020-08-22,07:00:00,9,2,7,FMN GV 22 Boechout
7,Victor Heylenlei 41,2020-08-22,08:00:00,15,7,8,FMN GV 22 Boechout
7,Victor Heylenlei 41,2020-08-22,09:00:00,36,18,18,FMN GV 22 Boechout
7,Victor Heylenlei 41,2020-08-22,10:00:00,90,29,61,FMN GV 22 Boechout
7,Victor Heylenlei 41,2020-08-22,11:00:00,82,46,36,FMN GV 22 Boechout
7,Victor Heylenlei 41,2020-08-22,12:00:00,87,43,44,FMN GV 22 Boechout
7,Victor Heylenlei 41,2020-08-22,13:00:00,66,37,29,FMN GV 22 Boechout
7,Victor Heylenlei 41,2020-08-22,14:00:00,62,24,38,FMN GV 22 Boechout
7,Victor Heylenlei 41,2020-08-22,15:00:00,41,25,16,FMN GV 22 Boechout
7,Victor Heylenlei 41,2020-08-22,16:00:00,82,39,43,FMN GV 22 Boechout
7,Victor Heylenlei 41,2020-08-22,17:00:00,73,35,38,FMN GV 22 Boechout
7,Victor Heylenlei 41,2020-08-22,18:00:00,63,25,38,FMN GV 22 Boechout
7,Victor Heylenlei 41,2020-08-22,19:00:00,28,11,17,FMN GV 22 Boechout
7,Victor Heylenlei 41,2020-08-22,20:00:00,43,24,19,FMN GV 22 Boechout
7,Victor Heylenlei 41,2020-08-22,21:00:00,18,15,3,FMN GV 22 Boechout
7,Victor Heylenlei 41,2020-08-22,22:00:00,13,6,7,FMN GV 22 Boechout
7,Victor Heylenlei 41,2020-08-22,23:00:00,2,0,2,FMN GV 22 Boechout
7,Victor Heylenlei 41,2020-08-23,00:00:00,8,3,5,FMN GV 22 Boechout
7,Victor Heylenlei 41,2020-08-23,01:00:00,7,2,5,FMN GV 22 Boechout
7,Victor Heylenlei 41,2020-08-23,02:00:00,2,2,0,FMN GV 22 Boechout
7,Victor Heylenlei 41,2020-08-23,03:00:00,2,2,0,FMN GV 22 Boechout
7,Victor Heylenlei 41,2020-08-23,04:00:00,1,1,0,FMN GV 22 Boechout
7,Victor Heylenlei 41,2020-08-23,05:00:00,2,0,2,FMN GV 22 Boechout
7,Victor Heylenlei 41,2020-08-23,06:00:00,5,1,4,FMN GV 22 Boechout
7,Victor Heylenlei 41,2020-08-23,07:00:00,5,3,2,FMN GV 22 Boechout
7,Victor Heylenlei 41,2020-08-23,08:00:00,27,11,16,FMN GV 22 Boechout
7,Victor Heylenlei 41,2020-08-23,09:00:00,76,27,49,FMN GV 22 Boechout
7,Victor Heylenlei 41,2020-08-23,10:00:00,50,19,31,FMN GV 22 Boechout
7,Victor Heylenlei 41,2020-08-23,11:00:00,77,40,37,FMN GV 22 Boechout
7,Victor Heylenlei 41,2020-08-23,12:00:00,81,45,36,FMN GV 22 Boechout
7,Victor Heylenlei 41,2020-08-23,13:00:00,90,46,44,FMN GV 22 Boechout
7,Victor Heylenlei 41,2020-08-23,14:00:00,154,73,81,FMN GV 22 Boechout
7,Victor Heylenlei 41,2020-08-23,15:00:00,118,49,69,FMN GV 22 Boechout
7,Victor Heylenlei 41,2020-08-23,16:00:00,105,61,44,FMN GV 22 Boechout
7,Victor Heylenlei 41,2020-08-23,17:00:00,101,51,50,FMN GV 22 Boechout
7,Victor Heylenlei 41,2020-08-23,18:00:00,50,28,22,FMN GV 22 Boechout
7,Victor Heylenlei 41,2020-08-23,19:00:00,46,30,16,FMN GV 22 Boechout
7,Victor Heylenlei 41,2020-08-23,20:00:00,50,26,24,FMN GV 22 Boechout
7,Victor Heylenlei 41,2020-08-23,21:00:00,24,12,12,FMN GV 22 Boechout
7,Victor Heylenlei 41,2020-08-23,22:00:00,10,2,8,FMN GV 22 Boechout
7,Victor Heylenlei 41,2020-08-23,23:00:00,1,1,0,FMN GV 22 Boechout
7,Victor Heylenlei 41,2020-08-24,00:00:00,3,2,1,FMN GV 22 Boechout
7,Victor Heylenlei 41,2020-08-24,01:00:00,5,4,1,FMN GV 22 Boechout
7,Victor Heylenlei 41,2020-08-24,02:00:00,0,0,0,FMN GV 22 Boechout
7,Victor Heylenlei 41,2020-08-24,03:00:00,1,1,0,FMN GV 22 Boechout
7,Victor Heylenlei 41,2020-08-24,04:00:00,1,1,0,FMN GV 22 Boechout
7,Victor Heylenlei 41,2020-08-24,05:00:00,12,8,4,FMN GV 22 Boechout
7,Victor Heylenlei 41,2020-08-24,06:00:00,20,15,5,FMN GV 22 Boechout
7,Victor Heylenlei 41,2020-08-24,07:00:00,64,46,18,FMN GV 22 Boechout
7,Victor Heylenlei 41,2020-08-24,08:00:00,58,37,21,FMN GV 22 Boechout
7,Victor Heylenlei 41,2020-08-24,09:00:00,42,25,17,FMN GV 22 Boechout
7,Victor Heylenlei 41,2020-08-24,10:00:00,40,25,15,FMN GV 22 Boechout
7,Victor Heylenlei 41,2020-08-24,11:00:00,46,17,29,FMN GV 22 Boechout
7,Victor Heylenlei 41,2020-08-24,12:00:00,43,25,18,FMN GV 22 Boechout
7,Victor Heylenlei 41,2020-08-24,13:00:00,66,30,36,FMN GV 22 Boechout
7,Victor Heylenlei 41,2020-08-24,14:00:00,81,39,42,FMN GV 22 Boechout
7,Victor Heylenlei 41,2020-08-24,15:00:00,72,27,45,FMN GV 22 Boechout
7,Victor Heylenlei 41,2020-08-24,16:00:00,94,43,51,FMN GV 22 Boechout
7,Victor Heylenlei 41,2020-08-24,17:00:00,71,26,45,FMN GV 22 Boechout
7,Victor Heylenlei 41,2020-08-24,18:00:00,71,23,48,FMN GV 22 Boechout
7,Victor Heylenlei 41,2020-08-24,19:00:00,55,24,31,FMN GV 22 Boechout
7,Victor Heylenlei 41,2020-08-24,20:00:00,47,20,27,FMN GV 22 Boechout
7,Victor Heylenlei 41,2020-08-24,21:00:00,18,15,3,FMN GV 22 Boechout
7,Victor Heylenlei 41,2020-08-24,22:00:00,18,3,15,FMN GV 22 Boechout
7,Victor Heylenlei 41,2020-08-24,23:00:00,4,3,1,FMN GV 22 Boechout
7,Victor Heylenlei 41,2020-08-25,00:00:00,3,2,1,FMN GV 22 Boechout
7,Victor Heylenlei 41,2020-08-25,01:00:00,4,2,2,FMN GV 22 Boechout
7,Victor Heylenlei 41,2020-08-25,02:00:00,0,0,0,FMN GV 22 Boechout
7,Victor Heylenlei 41,2020-08-25,03:00:00,0,0,0,FMN GV 22 Boechout
7,Victor Heylenlei 41,2020-08-25,04:00:00,3,2,1,FMN GV 22 Boechout
7,Victor Heylenlei 41,2020-08-25,05:00:00,9,4,5,FMN GV 22 Boechout
7,Victor Heylenlei 41,2020-08-25,06:00:00,19,12,7,FMN GV 22 Boechout
7,Victor Heylenlei 41,2020-08-25,07:00:00,52,33,19,FMN GV 22 Boechout
7,Victor Heylenlei 41,2020-08-25,08:00:00,56,38,18,FMN GV 22 Boechout
7,Victor Heylenlei 41,2020-08-25,09:00:00,23,19,4,FMN GV 22 Boechout
7,Victor Heylenlei 41,2020-08-25,10:00:00,29,14,15,FMN GV 22 Boechout
7,Victor Heylenlei 41,2020-08-25,11:00:00,22,13,9,FMN GV 22 Boechout
7,Victor Heylenlei 41,2020-08-25,12:00:00,16,7,9,FMN GV 22 Boechout
7,Victor Heylenlei 41,2020-08-25,13:00:00,25,9,16,FMN GV 22 Boechout
7,Victor Heylenlei 41,2020-08-25,14:00:00,36,13,23,FMN GV 22 Boechout
7,Victor Heylenlei 41,2020-08-25,15:00:00,50,22,28,FMN GV 22 Boechout
7,Victor Heylenlei 41,2020-08-25,16:00:00,69,20,49,FMN GV 22 Boechout
7,Victor Heylenlei 41,2020-08-25,17:00:00,66,28,38,FMN GV 22 Boechout
7,Victor Heylenlei 41,2020-08-25,18:00:00,58,22,36,FMN GV 22 Boechout
7,Victor Heylenlei 41,2020-08-25,19:00:00,62,28,34,FMN GV 22 Boechout
7,Victor Heylenlei 41,2020-08-25,20:00:00,65,42,23,FMN GV 22 Boechout
7,Victor Heylenlei 41,2020-08-25,21:00:00,24,14,10,FMN GV 22 Boechout
7,Victor Heylenlei 41,2020-08-25,22:00:00,17,7,10,FMN GV 22 Boechout
7,Victor Heylenlei 41,2020-08-25,23:00:00,12,5,7,FMN GV 22 Boechout
7,Victor Heylenlei 41,2020-08-26,00:00:00,12,4,8,FMN GV 22 Boechout
7,Victor Heylenlei 41,2020-08-26,01:00:00,3,1,2,FMN GV 22 Boechout
7,Victor Heylenlei 41,2020-08-26,02:00:00,0,0,0,FMN GV 22 Boechout
7,Victor Heylenlei 41,2020-08-26,03:00:00,0,0,0,FMN GV 22 Boechout
7,Victor Heylenlei 41,2020-08-26,04:00:00,2,2,0,FMN GV 22 Boechout
7,Victor Heylenlei 41,2020-08-26,05:00:00,5,2,3,FMN GV 22 Boechout
7,Victor Heylenlei 41,2020-08-26,06:00:00,19,12,7,FMN GV 22 Boechout
7,Victor Heylenlei 41,2020-08-26,07:00:00,39,21,18,FMN GV 22 Boechout
7,Victor Heylenlei 41,2020-08-26,08:00:00,47,35,12,FMN GV 22 Boechout
7,Victor Heylenlei 41,2020-08-26,09:00:00,21,12,9,FMN GV 22 Boechout
7,Victor Heylenlei 41,2020-08-26,10:00:00,17,5,12,FMN GV 22 Boechout
7,Victor Heylenlei 41,2020-08-26,11:00:00,30,16,14,FMN GV 22 Boechout
7,Victor Heylenlei 41,2020-08-26,12:00:00,48,21,27,FMN GV 22 Boechout
7,Victor Heylenlei 41,2020-08-26,13:00:00,20,9,11,FMN GV 22 Boechout
7,Victor Heylenlei 41,2020-08-26,14:00:00,33,21,12,FMN GV 22 Boechout
7,Victor Heylenlei 41,2020-08-26,15:00:00,37,14,23,FMN GV 22 Boechout
7,Victor Heylenlei 41,2020-08-26,16:00:00,75,36,39,FMN GV 22 Boechout
7,Victor Heylenlei 41,2020-08-26,17:00:00,57,23,34,FMN GV 22 Boechout
7,Victor Heylenlei 41,2020-08-26,18:00:00,66,31,35,FMN GV 22 Boechout
7,Victor Heylenlei 41,2020-08-26,19:00:00,90,32,58,FMN GV 22 Boechout
7,Victor Heylenlei 41,2020-08-26,20:00:00,60,39,21,FMN GV 22 Boechout
7,Victor Heylenlei 41,2020-08-26,21:00:00,12,6,6,FMN GV 22 Boechout
7,Victor Heylenlei 41,2020-08-26,22:00:00,7,2,5,FMN GV 22 Boechout
7,Victor Heylenlei 41,2020-08-26,23:00:00,4,1,3,FMN GV 22 Boechout
7,Victor Heylenlei 41,2020-08-27,00:00:00,4,1,3,FMN GV 22 Boechout
7,Victor Heylenlei 41,2020-08-27,01:00:00,2,1,1,FMN GV 22 Boechout
7,Victor Heylenlei 41,2020-08-27,02:00:00,0,0,0,FMN GV 22 Boechout
7,Victor Heylenlei 41,2020-08-27,03:00:00,1,1,0,FMN GV 22 Boechout
7,Victor Heylenlei 41,2020-08-27,04:00:00,3,2,1,FMN GV 22 Boechout
7,Victor Heylenlei 41,2020-08-27,05:00:00,9,3,6,FMN GV 22 Boechout
7,Victor Heylenlei 41,2020-08-27,06:00:00,30,21,9,FMN GV 22 Boechout
7,Victor Heylenlei 41,2020-08-27,07:00:00,58,34,24,FMN GV 22 Boechout
7,Victor Heylenlei 41,2020-08-27,08:00:00,71,46,25,FMN GV 22 Boechout
7,Victor Heylenlei 41,2020-08-27,09:00:00,50,16,34,FMN GV 22 Boechout
7,Victor Heylenlei 41,2020-08-27,10:00:00,104,53,51,FMN GV 22 Boechout
7,Victor Heylenlei 41,2020-08-27,11:00:00,70,42,28,FMN GV 22 Boechout
7,Victor Heylenlei 41,2020-08-27,12:00:00,71,41,30,FMN GV 22 Boechout
7,Victor Heylenlei 41,2020-08-27,13:00:00,79,45,34,FMN GV 22 Boechout
7,Victor Heylenlei 41,2020-08-27,14:00:00,132,84,48,FMN GV 22 Boechout
7,Victor Heylenlei 41,2020-08-27,15:00:00,137,62,75,FMN GV 22 Boechout
7,Victor Heylenlei 41,2020-08-27,16:00:00,114,49,65,FMN GV 22 Boechout
7,Victor Heylenlei 41,2020-08-27,17:00:00,111,45,66,FMN GV 22 Boechout
7,Victor Heylenlei 41,2020-08-27,18:00:00,110,47,63,FMN GV 22 Boechout
7,Victor Heylenlei 41,2020-08-27,19:00:00,70,38,32,FMN GV 22 Boechout
7,Victor Heylenlei 41,2020-08-27,20:00:00,63,46,17,FMN GV 22 Boechout
7,Victor Heylenlei 41,2020-08-27,21:00:00,17,6,11,FMN GV 22 Boechout
7,Victor Heylenlei 41,2020-08-27,22:00:00,17,7,10,FMN GV 22 Boechout
7,Victor Heylenlei 41,2020-08-27,23:00:00,12,4,8,FMN GV 22 Boechout
7,Victor Heylenlei 41,2020-08-28,00:00:00,5,4,1,FMN GV 22 Boechout
7,Victor Heylenlei 41,2020-08-28,01:00:00,7,6,1,FMN GV 22 Boechout
7,Victor Heylenlei 41,2020-08-28,02:00:00,2,1,1,FMN GV 22 Boechout
7,Victor Heylenlei 41,2020-08-28,03:00:00,1,1,0,FMN GV 22 Boechout
7,Victor Heylenlei 41,2020-08-28,04:00:00,2,1,1,FMN GV 22 Boechout
7,Victor Heylenlei 41,2020-08-28,05:00:00,11,6,5,FMN GV 22 Boechout
7,Victor Heylenlei 41,2020-08-28,06:00:00,19,12,7,FMN GV 22 Boechout
7,Victor Heylenlei 41,2020-08-28,07:00:00,40,24,16,FMN GV 22 Boechout
7,Victor Heylenlei 41,2020-08-28,08:00:00,44,32,12,FMN GV 22 Boechout
7,Victor Heylenlei 41,2020-08-28,09:00:00,31,17,14,FMN GV 22 Boechout
7,Victor Heylenlei 41,2020-08-28,10:00:00,33,17,16,FMN GV 22 Boechout
7,Victor Heylenlei 41,2020-08-28,11:00:00,52,37,15,FMN GV 22 Boechout
7,Victor Heylenlei 41,2020-08-28,12:00:00,40,19,21,FMN GV 22 Boechout
7,Victor Heylenlei 41,2020-08-28,13:00:00,85,36,49,FMN GV 22 Boechout
7,Victor Heylenlei 41,2020-08-28,14:00:00,59,26,33,FMN GV 22 Boechout
7,Victor Heylenlei 41,2020-08-28,15:00:00,60,26,34,FMN GV 22 Boechout
7,Victor Heylenlei 41,2020-08-28,16:00:00,47,17,30,FMN GV 22 Boechout
7,Victor Heylenlei 41,2020-08-28,17:00:00,33,12,21,FMN GV 22 Boechout
7,Victor Heylenlei 41,2020-08-28,18:00:00,39,16,23,FMN GV 22 Boechout
7,Victor Heylenlei 41,2020-08-28,19:00:00,27,10,17,FMN GV 22 Boechout
7,Victor Heylenlei 41,2020-08-28,20:00:00,37,18,19,FMN GV 22 Boechout
7,Victor Heylenlei 41,2020-08-28,21:00:00,23,6,17,FMN GV 22 Boechout
7,Victor Heylenlei 41,2020-08-28,22:00:00,5,1,4,FMN GV 22 Boechout
7,Victor Heylenlei 41,2020-08-28,23:00:00,7,4,3,FMN GV 22 Boechout
7,Victor Heylenlei 41,2020-08-29,00:00:00,5,4,1,FMN GV 22 Boechout
7,Victor Heylenlei 41,2020-08-29,01:00:00,11,7,4,FMN GV 22 Boechout
7,Victor Heylenlei 41,2020-08-29,02:00:00,4,4,0,FMN GV 22 Boechout
7,Victor Heylenlei 41,2020-08-29,03:00:00,2,1,1,FMN GV 22 Boechout
7,Victor Heylenlei 41,2020-08-29,04:00:00,2,1,1,FMN GV 22 Boechout
7,Victor Heylenlei 41,2020-08-29,05:00:00,2,1,1,FMN GV 22 Boechout
7,Victor Heylenlei 41,2020-08-29,06:00:00,8,5,3,FMN GV 22 Boechout
7,Victor Heylenlei 41,2020-08-29,07:00:00,7,2,5,FMN GV 22 Boechout
7,Victor Heylenlei 41,2020-08-29,08:00:00,14,9,5,FMN GV 22 Boechout
7,Victor Heylenlei 41,2020-08-29,09:00:00,73,36,37,FMN GV 22 Boechout
7,Victor Heylenlei 41,2020-08-29,10:00:00,72,38,34,FMN GV 22 Boechout
7,Victor Heylenlei 41,2020-08-29,11:00:00,80,52,28,FMN GV 22 Boechout
7,Victor Heylenlei 41,2020-08-29,12:00:00,53,28,25,FMN GV 22 Boechout
7,Victor Heylenlei 41,2020-08-29,13:00:00,72,35,37,FMN GV 22 Boechout
7,Victor Heylenlei 41,2020-08-29,14:00:00,85,38,47,FMN GV 22 Boechout
7,Victor Heylenlei 41,2020-08-29,15:00:00,122,67,55,FMN GV 22 Boechout
7,Victor Heylenlei 41,2020-08-29,16:00:00,48,29,19,FMN GV 22 Boechout
7,Victor Heylenlei 41,2020-08-29,17:00:00,53,28,25,FMN GV 22 Boechout
7,Victor Heylenlei 41,2020-08-29,18:00:00,28,12,16,FMN GV 22 Boechout
7,Victor Heylenlei 41,2020-08-29,19:00:00,22,10,12,FMN GV 22 Boechout
7,Victor Heylenlei 41,2020-08-29,20:00:00,28,13,15,FMN GV 22 Boechout
7,Victor Heylenlei 41,2020-08-29,21:00:00,18,11,7,FMN GV 22 Boechout
7,Victor Heylenlei 41,2020-08-29,22:00:00,4,3,1,FMN GV 22 Boechout
7,Victor Heylenlei 41,2020-08-29,23:00:00,1,1,0,FMN GV 22 Boechout
7,Victor Heylenlei 41,2020-08-30,00:00:00,3,0,3,FMN GV 22 Boechout
7,Victor Heylenlei 41,2020-08-30,01:00:00,15,9,6,FMN GV 22 Boechout
7,Victor Heylenlei 41,2020-08-30,02:00:00,0,0,0,FMN GV 22 Boechout
7,Victor Heylenlei 41,2020-08-30,03:00:00,3,1,2,FMN GV 22 Boechout
7,Victor Heylenlei 41,2020-08-30,04:00:00,1,1,0,FMN GV 22 Boechout
7,Victor Heylenlei 41,2020-08-30,05:00:00,7,4,3,FMN GV 22 Boechout
7,Victor Heylenlei 41,2020-08-30,06:00:00,2,1,1,FMN GV 22 Boechout
7,Victor Heylenlei 41,2020-08-30,07:00:00,4,2,2,FMN GV 22 Boechout
7,Victor Heylenlei 41,2020-08-30,08:00:00,43,13,30,FMN GV 22 Boechout
7,Victor Heylenlei 41,2020-08-30,09:00:00,73,45,28,FMN GV 22 Boechout
7,Victor Heylenlei 41,2020-08-30,10:00:00,127,57,70,FMN GV 22 Boechout
7,Victor Heylenlei 41,2020-08-30,11:00:00,144,82,62,FMN GV 22 Boechout
7,Victor Heylenlei 41,2020-08-30,12:00:00,90,52,38,FMN GV 22 Boechout
7,Victor Heylenlei 41,2020-08-30,13:00:00,58,37,21,FMN GV 22 Boechout
7,Victor Heylenlei 41,2020-08-30,14:00:00,35,16,19,FMN GV 22 Boechout
7,Victor Heylenlei 41,2020-08-30,15:00:00,37,17,20,FMN GV 22 Boechout
7,Victor Heylenlei 41,2020-08-30,16:00:00,38,28,10,FMN GV 22 Boechout
7,Victor Heylenlei 41,2020-08-30,17:00:00,41,20,21,FMN GV 22 Boechout
7,Victor Heylenlei 41,2020-08-30,18:00:00,26,16,10,FMN GV 22 Boechout
7,Victor Heylenlei 41,2020-08-30,19:00:00,27,9,18,FMN GV 22 Boechout
7,Victor Heylenlei 41,2020-08-30,20:00:00,23,13,10,FMN GV 22 Boechout
7,Victor Heylenlei 41,2020-08-30,21:00:00,13,8,5,FMN GV 22 Boechout
7,Victor Heylenlei 41,2020-08-30,22:00:00,3,2,1,FMN GV 22 Boechout
7,Victor Heylenlei 41,2020-08-30,23:00:00,2,1,1,FMN GV 22 Boechout
7,Victor Heylenlei 41,2020-08-31,00:00:00,1,1,0,FMN GV 22 Boechout
7,Victor Heylenlei 41,2020-08-31,01:00:00,2,2,0,FMN GV 22 Boechout
7,Victor Heylenlei 41,2020-08-31,02:00:00,1,0,1,FMN GV 22 Boechout
7,Victor Heylenlei 41,2020-08-31,03:00:00,0,0,0,FMN GV 22 Boechout
7,Victor Heylenlei 41,2020-08-31,04:00:00,2,1,1,FMN GV 22 Boechout
7,Victor Heylenlei 41,2020-08-31,05:00:00,12,8,4,FMN GV 22 Boechout
7,Victor Heylenlei 41,2020-08-31,06:00:00,33,25,8,FMN GV 22 Boechout
7,Victor Heylenlei 41,2020-08-31,07:00:00,64,43,21,FMN GV 22 Boechout
7,Victor Heylenlei 41,2020-08-31,08:00:00,64,45,19,FMN GV 22 Boechout
7,Victor Heylenlei 41,2020-08-31,09:00:00,55,30,25,FMN GV 22 Boechout
7,Victor Heylenlei 41,2020-08-31,10:00:00,44,23,21,FMN GV 22 Boechout
7,Victor Heylenlei 41,2020-08-31,11:00:00,47,28,19,FMN GV 22 Boechout
7,Victor Heylenlei 41,2020-08-31,12:00:00,73,39,34,FMN GV 22 Boechout
7,Victor Heylenlei 41,2020-08-31,13:00:00,76,38,38,FMN GV 22 Boechout
7,Victor Heylenlei 41,2020-08-31,14:00:00,131,45,86,FMN GV 22 Boechout
7,Victor Heylenlei 41,2020-08-31,15:00:00,115,53,62,FMN GV 22 Boechout
7,Victor Heylenlei 41,2020-08-31,16:00:00,93,29,64,FMN GV 22 Boechout
7,Victor Heylenlei 41,2020-08-31,17:00:00,117,41,76,FMN GV 22 Boechout
7,Victor Heylenlei 41,2020-08-31,18:00:00,87,35,52,FMN GV 22 Boechout
7,Victor Heylenlei 41,2020-08-31,19:00:00,92,43,49,FMN GV 22 Boechout
7,Victor Heylenlei 41,2020-08-31,20:00:00,52,30,22,FMN GV 22 Boechout
7,Victor Heylenlei 41,2020-08-31,21:00:00,19,13,6,FMN GV 22 Boechout
7,Victor Heylenlei 41,2020-08-31,22:00:00,16,4,12,FMN GV 22 Boechout
7,Victor Heylenlei 41,2020-08-31,23:00:00,2,1,1,FMN GV 22 Boechout
7,Victor Heylenlei 41,2020-09-01,00:00:00,3,0,3,FMN GV 22 Boechout
7,Victor Heylenlei 41,2020-09-01,01:00:00,3,1,2,FMN GV 22 Boechout
7,Victor Heylenlei 41,2020-09-01,02:00:00,4,2,2,FMN GV 22 Boechout
7,Victor Heylenlei 41,2020-09-01,03:00:00,1,1,0,FMN GV 22 Boechout
7,Victor Heylenlei 41,2020-09-01,04:00:00,2,1,1,FMN GV 22 Boechout
7,Victor Heylenlei 41,2020-09-01,05:00:00,12,8,4,FMN GV 22 Boechout
7,Victor Heylenlei 41,2020-09-01,06:00:00,28,19,9,FMN GV 22 Boechout
7,Victor Heylenlei 41,2020-09-01,07:00:00,103,70,33,FMN GV 22 Boechout
7,Victor Heylenlei 41,2020-09-01,08:00:00,167,83,84,FMN GV 22 Boechout
7,Victor Heylenlei 41,2020-09-01,09:00:00,80,33,47,FMN GV 22 Boechout
7,Victor Heylenlei 41,2020-09-01,10:00:00,74,37,37,FMN GV 22 Boechout
7,Victor Heylenlei 41,2020-09-01,11:00:00,107,82,25,FMN GV 22 Boechout
7,Victor Heylenlei 41,2020-09-01,12:00:00,85,58,27,FMN GV 22 Boechout
7,Victor Heylenlei 41,2020-09-01,13:00:00,108,64,44,FMN GV 22 Boechout
7,Victor Heylenlei 41,2020-09-01,14:00:00,119,50,69,FMN GV 22 Boechout
7,Victor Heylenlei 41,2020-09-01,15:00:00,143,45,98,FMN GV 22 Boechout
7,Victor Heylenlei 41,2020-09-01,16:00:00,147,38,109,FMN GV 22 Boechout
7,Victor Heylenlei 41,2020-09-01,17:00:00,136,48,88,FMN GV 22 Boechout
7,Victor Heylenlei 41,2020-09-01,18:00:00,90,32,58,FMN GV 22 Boechout
7,Victor Heylenlei 41,2020-09-01,19:00:00,82,38,44,FMN GV 22 Boechout
7,Victor Heylenlei 41,2020-09-01,20:00:00,70,39,31,FMN GV 22 Boechout
7,Victor Heylenlei 41,2020-09-01,21:00:00,18,3,15,FMN GV 22 Boechout
7,Victor Heylenlei 41,2020-09-01,22:00:00,16,6,10,FMN GV 22 Boechout
7,Victor Heylenlei 41,2020-09-01,23:00:00,9,3,6,FMN GV 22 Boechout
7,Victor Heylenlei 41,2020-09-02,00:00:00,0,0,0,FMN GV 22 Boechout
7,Victor Heylenlei 41,2020-09-02,01:00:00,1,0,1,FMN GV 22 Boechout
7,Victor Heylenlei 41,2020-09-02,02:00:00,2,0,2,FMN GV 22 Boechout
7,Victor Heylenlei 41,2020-09-02,03:00:00,5,5,0,FMN GV 22 Boechout
7,Victor Heylenlei 41,2020-09-02,04:00:00,1,0,1,FMN GV 22 Boechout
7,Victor Heylenlei 41,2020-09-02,05:00:00,13,6,7,FMN GV 22 Boechout
7,Victor Heylenlei 41,2020-09-02,06:00:00,31,28,3,FMN GV 22 Boechout
7,Victor Heylenlei 41,2020-09-02,07:00:00,123,87,36,FMN GV 22 Boechout
7,Victor Heylenlei 41,2020-09-02,08:00:00,127,61,66,FMN GV 22 Boechout
7,Victor Heylenlei 41,2020-09-02,09:00:00,71,37,34,FMN GV 22 Boechout
7,Victor Heylenlei 41,2020-09-02,10:00:00,71,26,45,FMN GV 22 Boechout
7,Victor Heylenlei 41,2020-09-02,11:00:00,70,54,16,FMN GV 22 Boechout
7,Victor Heylenlei 41,2020-09-02,12:00:00,156,100,56,FMN GV 22 Boechout
7,Victor Heylenlei 41,2020-09-02,13:00:00,137,66,71,FMN GV 22 Boechout
7,Victor Heylenlei 41,2020-09-02,14:00:00,128,67,61,FMN GV 22 Boechout
7,Victor Heylenlei 41,2020-09-02,15:00:00,141,64,77,FMN GV 22 Boechout
7,Victor Heylenlei 41,2020-09-02,16:00:00,142,58,84,FMN GV 22 Boechout
7,Victor Heylenlei 41,2020-09-02,17:00:00,131,44,87,FMN GV 22 Boechout
7,Victor Heylenlei 41,2020-09-02,18:00:00,174,57,117,FMN GV 22 Boechout
7,Victor Heylenlei 41,2020-09-02,19:00:00,105,45,60,FMN GV 22 Boechout
7,Victor Heylenlei 41,2020-09-02,20:00:00,77,49,28,FMN GV 22 Boechout
7,Victor Heylenlei 41,2020-09-02,21:00:00,26,19,7,FMN GV 22 Boechout
7,Victor Heylenlei 41,2020-09-02,22:00:00,19,12,7,FMN GV 22 Boechout
7,Victor Heylenlei 41,2020-09-02,23:00:00,9,2,7,FMN GV 22 Boechout
7,Victor Heylenlei 41,2020-09-03,00:00:00,2,1,1,FMN GV 22 Boechout
7,Victor Heylenlei 41,2020-09-03,01:00:00,3,1,2,FMN GV 22 Boechout
7,Victor Heylenlei 41,2020-09-03,02:00:00,1,0,1,FMN GV 22 Boechout
7,Victor Heylenlei 41,2020-09-03,03:00:00,5,3,2,FMN GV 22 Boechout
7,Victor Heylenlei 41,2020-09-03,04:00:00,1,1,0,FMN GV 22 Boechout
7,Victor Heylenlei 41,2020-09-03,05:00:00,11,7,4,FMN GV 22 Boechout
7,Victor Heylenlei 41,2020-09-03,06:00:00,23,11,12,FMN GV 22 Boechout
7,Victor Heylenlei 41,2020-09-03,07:00:00,93,66,27,FMN GV 22 Boechout
7,Victor Heylenlei 41,2020-09-03,08:00:00,155,58,97,FMN GV 22 Boechout
7,Victor Heylenlei 41,2020-09-03,09:00:00,45,9,36,FMN GV 22 Boechout
7,Victor Heylenlei 41,2020-09-03,10:00:00,19,8,11,FMN GV 22 Boechout
7,Victor Heylenlei 41,2020-09-03,11:00:00,12,8,4,FMN GV 22 Boechout
7,Victor Heylenlei 41,2020-09-03,12:00:00,31,15,16,FMN GV 22 Boechout
7,Victor Heylenlei 41,2020-09-03,13:00:00,37,21,16,FMN GV 22 Boechout
7,Victor Heylenlei 41,2020-09-03,14:00:00,53,25,28,FMN GV 22 Boechout
7,Victor Heylenlei 41,2020-09-03,15:00:00,72,28,44,FMN GV 22 Boechout
7,Victor Heylenlei 41,2020-09-03,16:00:00,151,91,60,FMN GV 22 Boechout
7,Victor Heylenlei 41,2020-09-03,17:00:00,140,77,63,FMN GV 22 Boechout
7,Victor Heylenlei 41,2020-09-03,18:00:00,85,25,60,FMN GV 22 Boechout
7,Victor Heylenlei 41,2020-09-03,19:00:00,78,43,35,FMN GV 22 Boechout
7,Victor Heylenlei 41,2020-09-03,20:00:00,68,43,25,FMN GV 22 Boechout
7,Victor Heylenlei 41,2020-09-03,21:00:00,26,14,12,FMN GV 22 Boechout
7,Victor Heylenlei 41,2020-09-03,22:00:00,21,13,8,FMN GV 22 Boechout
7,Victor Heylenlei 41,2020-09-03,23:00:00,7,3,4,FMN GV 22 Boechout
7,Victor Heylenlei 41,2020-09-04,00:00:00,7,1,6,FMN GV 22 Boechout
7,Victor Heylenlei 41,2020-09-04,01:00:00,7,2,5,FMN GV 22 Boechout
7,Victor Heylenlei 41,2020-09-04,02:00:00,2,0,2,FMN GV 22 Boechout
7,Victor Heylenlei 41,2020-09-04,03:00:00,3,3,0,FMN GV 22 Boechout
7,Victor Heylenlei 41,2020-09-04,04:00:00,2,1,1,FMN GV 22 Boechout
7,Victor Heylenlei 41,2020-09-04,05:00:00,9,4,5,FMN GV 22 Boechout
7,Victor Heylenlei 41,2020-09-04,06:00:00,24,16,8,FMN GV 22 Boechout
7,Victor Heylenlei 41,2020-09-04,07:00:00,88,61,27,FMN GV 22 Boechout
7,Victor Heylenlei 41,2020-09-04,08:00:00,166,72,94,FMN GV 22 Boechout
7,Victor Heylenlei 41,2020-09-04,09:00:00,60,23,37,FMN GV 22 Boechout
7,Victor Heylenlei 41,2020-09-04,10:00:00,32,12,20,FMN GV 22 Boechout
7,Victor Heylenlei 41,2020-09-04,11:00:00,35,21,14,FMN GV 22 Boechout
7,Victor Heylenlei 41,2020-09-04,12:00:00,45,15,30,FMN GV 22 Boechout
7,Victor Heylenlei 41,2020-09-04,13:00:00,79,27,52,FMN GV 22 Boechout
7,Victor Heylenlei 41,2020-09-04,14:00:00,99,45,54,FMN GV 22 Boechout
7,Victor Heylenlei 41,2020-09-04,15:00:00,109,47,62,FMN GV 22 Boechout
7,Victor Heylenlei 41,2020-09-04,16:00:00,241,144,97,FMN GV 22 Boechout
7,Victor Heylenlei 41,2020-09-04,17:00:00,158,80,78,FMN GV 22 Boechout
7,Victor Heylenlei 41,2020-09-04,18:00:00,94,38,56,FMN GV 22 Boechout
7,Victor Heylenlei 41,2020-09-04,19:00:00,66,38,28,FMN GV 22 Boechout
7,Victor Heylenlei 41,2020-09-04,20:00:00,50,23,27,FMN GV 22 Boechout
7,Victor Heylenlei 41,2020-09-04,21:00:00,22,11,11,FMN GV 22 Boechout
7,Victor Heylenlei 41,2020-09-04,22:00:00,17,8,9,FMN GV 22 Boechout
7,Victor Heylenlei 41,2020-09-04,23:00:00,5,2,3,FMN GV 22 Boechout
7,Victor Heylenlei 41,2020-09-05,00:00:00,11,6,5,FMN GV 22 Boechout
7,Victor Heylenlei 41,2020-09-05,01:00:00,9,3,6,FMN GV 22 Boechout
7,Victor Heylenlei 41,2020-09-05,02:00:00,3,1,2,FMN GV 22 Boechout
7,Victor Heylenlei 41,2020-09-05,03:00:00,2,2,0,FMN GV 22 Boechout
7,Victor Heylenlei 41,2020-09-05,04:00:00,0,0,0,FMN GV 22 Boechout
7,Victor Heylenlei 41,2020-09-05,05:00:00,2,1,1,FMN GV 22 Boechout
7,Victor Heylenlei 41,2020-09-05,06:00:00,4,2,2,FMN GV 22 Boechout
7,Victor Heylenlei 41,2020-09-05,07:00:00,5,0,5,FMN GV 22 Boechout
7,Victor Heylenlei 41,2020-09-05,08:00:00,15,10,5,FMN GV 22 Boechout
7,Victor Heylenlei 41,2020-09-05,09:00:00,55,25,30,FMN GV 22 Boechout
7,Victor Heylenlei 41,2020-09-05,10:00:00,90,47,43,FMN GV 22 Boechout
7,Victor Heylenlei 41,2020-09-05,11:00:00,98,48,50,FMN GV 22 Boechout
7,Victor Heylenlei 41,2020-09-05,12:00:00,67,35,32,FMN GV 22 Boechout
7,Victor Heylenlei 41,2020-09-05,13:00:00,122,45,77,FMN GV 22 Boechout
7,Victor Heylenlei 41,2020-09-05,14:00:00,135,55,80,FMN GV 22 Boechout
7,Victor Heylenlei 41,2020-09-05,15:00:00,108,61,47,FMN GV 22 Boechout
7,Victor Heylenlei 41,2020-09-05,16:00:00,94,40,54,FMN GV 22 Boechout
7,Victor Heylenlei 41,2020-09-05,17:00:00,87,41,46,FMN GV 22 Boechout
7,Victor Heylenlei 41,2020-09-05,18:00:00,95,49,46,FMN GV 22 Boechout
7,Victor Heylenlei 41,2020-09-05,19:00:00,46,18,28,FMN GV 22 Boechout
7,Victor Heylenlei 41,2020-09-05,20:00:00,60,35,25,FMN GV 22 Boechout
7,Victor Heylenlei 41,2020-09-05,21:00:00,29,19,10,FMN GV 22 Boechout
7,Victor Heylenlei 41,2020-09-05,22:00:00,10,6,4,FMN GV 22 Boechout
7,Victor Heylenlei 41,2020-09-05,23:00:00,16,10,6,FMN GV 22 Boechout
7,Victor Heylenlei 41,2020-09-06,00:00:00,2,1,1,FMN GV 22 Boechout
7,Victor Heylenlei 41,2020-09-06,01:00:00,12,4,8,FMN GV 22 Boechout
7,Victor Heylenlei 41,2020-09-06,02:00:00,2,0,2,FMN GV 22 Boechout
7,Victor Heylenlei 41,2020-09-06,03:00:00,2,2,0,FMN GV 22 Boechout
7,Victor Heylenlei 41,2020-09-06,04:00:00,1,1,0,FMN GV 22 Boechout
7,Victor Heylenlei 41,2020-09-06,05:00:00,0,0,0,FMN GV 22 Boechout
7,Victor Heylenlei 41,2020-09-06,06:00:00,2,2,0,FMN GV 22 Boechout
7,Victor Heylenlei 41,2020-09-06,07:00:00,3,0,3,FMN GV 22 Boechout
7,Victor Heylenlei 41,2020-09-06,08:00:00,23,10,13,FMN GV 22 Boechout
7,Victor Heylenlei 41,2020-09-06,09:00:00,61,27,34,FMN GV 22 Boechout
7,Victor Heylenlei 41,2020-09-06,10:00:00,117,54,63,FMN GV 22 Boechout
7,Victor Heylenlei 41,2020-09-06,11:00:00,194,133,61,FMN GV 22 Boechout
7,Victor Heylenlei 41,2020-09-06,12:00:00,135,70,65,FMN GV 22 Boechout
7,Victor Heylenlei 41,2020-09-06,13:00:00,137,79,58,FMN GV 22 Boechout
7,Victor Heylenlei 41,2020-09-06,14:00:00,182,94,88,FMN GV 22 Boechout
7,Victor Heylenlei 41,2020-09-06,15:00:00,205,103,102,FMN GV 22 Boechout
7,Victor Heylenlei 41,2020-09-06,16:00:00,157,85,72,FMN GV 22 Boechout
7,Victor Heylenlei 41,2020-09-06,17:00:00,112,57,55,FMN GV 22 Boechout
7,Victor Heylenlei 41,2020-09-06,18:00:00,49,24,25,FMN GV 22 Boechout
7,Victor Heylenlei 41,2020-09-06,19:00:00,63,29,34,FMN GV 22 Boechout
7,Victor Heylenlei 41,2020-09-06,20:00:00,35,19,16,FMN GV 22 Boechout
7,Victor Heylenlei 41,2020-09-06,21:00:00,23,12,11,FMN GV 22 Boechout
7,Victor Heylenlei 41,2020-09-06,22:00:00,6,3,3,FMN GV 22 Boechout
7,Victor Heylenlei 41,2020-09-06,23:00:00,4,2,2,FMN GV 22 Boechout
7,Victor Heylenlei 41,2020-09-07,00:00:00,0,0,0,FMN GV 22 Boechout
7,Victor Heylenlei 41,2020-09-07,01:00:00,2,1,1,FMN GV 22 Boechout
7,Victor Heylenlei 41,2020-09-07,02:00:00,2,2,0,FMN GV 22 Boechout
7,Victor Heylenlei 41,2020-09-07,03:00:00,0,0,0,FMN GV 22 Boechout
7,Victor Heylenlei 41,2020-09-07,04:00:00,3,2,1,FMN GV 22 Boechout
7,Victor Heylenlei 41,2020-09-07,05:00:00,14,8,6,FMN GV 22 Boechout
7,Victor Heylenlei 41,2020-09-07,06:00:00,35,28,7,FMN GV 22 Boechout
7,Victor Heylenlei 41,2020-09-07,07:00:00,129,101,28,FMN GV 22 Boechout
7,Victor Heylenlei 41,2020-09-07,08:00:00,162,67,95,FMN GV 22 Boechout
7,Victor Heylenlei 41,2020-09-07,09:00:00,80,24,56,FMN GV 22 Boechout
7,Victor Heylenlei 41,2020-09-07,10:00:00,36,14,22,FMN GV 22 Boechout
7,Victor Heylenlei 41,2020-09-07,11:00:00,40,21,19,FMN GV 22 Boechout
7,Victor Heylenlei 41,2020-09-07,12:00:00,48,28,20,FMN GV 22 Boechout
7,Victor Heylenlei 41,2020-09-07,13:00:00,87,49,38,FMN GV 22 Boechout
7,Victor Heylenlei 41,2020-09-07,14:00:00,120,63,57,FMN GV 22 Boechout
7,Victor Heylenlei 41,2020-09-07,15:00:00,123,38,85,FMN GV 22 Boechout
7,Victor Heylenlei 41,2020-09-07,16:00:00,229,118,111,FMN GV 22 Boechout
7,Victor Heylenlei 41,2020-09-07,17:00:00,172,73,99,FMN GV 22 Boechout
7,Victor Heylenlei 41,2020-09-07,18:00:00,103,36,67,FMN GV 22 Boechout
7,Victor Heylenlei 41,2020-09-07,19:00:00,85,42,43,FMN GV 22 Boechout
7,Victor Heylenlei 41,2020-09-07,20:00:00,63,24,39,FMN GV 22 Boechout
7,Victor Heylenlei 41,2020-09-07,21:00:00,25,17,8,FMN GV 22 Boechout
7,Victor Heylenlei 41,2020-09-07,22:00:00,16,9,7,FMN GV 22 Boechout
7,Victor Heylenlei 41,2020-09-07,23:00:00,1,1,0,FMN GV 22 Boechout
7,Victor Heylenlei 41,2020-09-08,00:00:00,1,0,1,FMN GV 22 Boechout
7,Victor Heylenlei 41,2020-09-08,01:00:00,1,1,0,FMN GV 22 Boechout
7,Victor Heylenlei 41,2020-09-08,02:00:00,0,0,0,FMN GV 22 Boechout
7,Victor Heylenlei 41,2020-09-08,03:00:00,0,0,0,FMN GV 22 Boechout
7,Victor Heylenlei 41,2020-09-08,04:00:00,2,1,1,FMN GV 22 Boechout
7,Victor Heylenlei 41,2020-09-08,05:00:00,15,11,4,FMN GV 22 Boechout
7,Victor Heylenlei 41,2020-09-08,06:00:00,30,21,9,FMN GV 22 Boechout
7,Victor Heylenlei 41,2020-09-08,07:00:00,129,98,31,FMN GV 22 Boechout
7,Victor Heylenlei 41,2020-09-08,08:00:00,191,94,97,FMN GV 22 Boechout
7,Victor Heylenlei 41,2020-09-08,09:00:00,67,23,44,FMN GV 22 Boechout
7,Victor Heylenlei 41,2020-09-08,10:00:00,58,41,17,FMN GV 22 Boechout
7,Victor Heylenlei 41,2020-09-08,11:00:00,31,18,13,FMN GV 22 Boechout
7,Victor Heylenlei 41,2020-09-08,12:00:00,52,20,32,FMN GV 22 Boechout
7,Victor Heylenlei 41,2020-09-08,13:00:00,73,17,56,FMN GV 22 Boechout
7,Victor Heylenlei 41,2020-09-08,14:00:00,73,28,45,FMN GV 22 Boechout
7,Victor Heylenlei 41,2020-09-08,15:00:00,91,35,56,FMN GV 22 Boechout
7,Victor Heylenlei 41,2020-09-08,16:00:00,232,117,115,FMN GV 22 Boechout
7,Victor Heylenlei 41,2020-09-08,17:00:00,167,77,90,FMN GV 22 Boechout
7,Victor Heylenlei 41,2020-09-08,18:00:00,105,37,68,FMN GV 22 Boechout
7,Victor Heylenlei 41,2020-09-08,19:00:00,55,26,29,FMN GV 22 Boechout
7,Victor Heylenlei 41,2020-09-08,20:00:00,53,26,27,FMN GV 22 Boechout
7,Victor Heylenlei 41,2020-09-08,21:00:00,19,10,9,FMN GV 22 Boechout
7,Victor Heylenlei 41,2020-09-08,22:00:00,11,5,6,FMN GV 22 Boechout
7,Victor Heylenlei 41,2020-09-08,23:00:00,5,2,3,FMN GV 22 Boechout
7,Victor Heylenlei 41,2020-09-09,00:00:00,1,1,0,FMN GV 22 Boechout
7,Victor Heylenlei 41,2020-09-09,01:00:00,2,2,0,FMN GV 22 Boechout
7,Victor Heylenlei 41,2020-09-09,02:00:00,3,2,1,FMN GV 22 Boechout
7,Victor Heylenlei 41,2020-09-09,03:00:00,0,0,0,FMN GV 22 Boechout
7,Victor Heylenlei 41,2020-09-09,04:00:00,2,2,0,FMN GV 22 Boechout
7,Victor Heylenlei 41,2020-09-09,05:00:00,10,4,6,FMN GV 22 Boechout
7,Victor Heylenlei 41,2020-09-09,06:00:00,25,19,6,FMN GV 22 Boechout
7,Victor Heylenlei 41,2020-09-09,07:00:00,115,84,31,FMN GV 22 Boechout
7,Victor Heylenlei 41,2020-09-09,08:00:00,171,56,115,FMN GV 22 Boechout
7,Victor Heylenlei 41,2020-09-09,09:00:00,60,26,34,FMN GV 22 Boechout
7,Victor Heylenlei 41,2020-09-09,10:00:00,37,22,15,FMN GV 22 Boechout
7,Victor Heylenlei 41,2020-09-09,11:00:00,30,13,17,FMN GV 22 Boechout
7,Victor Heylenlei 41,2020-09-09,12:00:00,159,109,50,FMN GV 22 Boechout
7,Victor Heylenlei 41,2020-09-09,13:00:00,153,84,69,FMN GV 22 Boechout
7,Victor Heylenlei 41,2020-09-09,14:00:00,111,45,66,FMN GV 22 Boechout
7,Victor Heylenlei 41,2020-09-09,15:00:00,113,49,64,FMN GV 22 Boechout
7,Victor Heylenlei 41,2020-09-09,16:00:00,105,40,65,FMN GV 22 Boechout
7,Victor Heylenlei 41,2020-09-09,17:00:00,97,44,53,FMN GV 22 Boechout
7,Victor Heylenlei 41,2020-09-09,18:00:00,105,25,80,FMN GV 22 Boechout
7,Victor Heylenlei 41,2020-09-09,19:00:00,82,33,49,FMN GV 22 Boechout
7,Victor Heylenlei 41,2020-09-09,20:00:00,57,40,17,FMN GV 22 Boechout
7,Victor Heylenlei 41,2020-09-09,21:00:00,22,13,9,FMN GV 22 Boechout
7,Victor Heylenlei 41,2020-09-09,22:00:00,8,5,3,FMN GV 22 Boechout
7,Victor Heylenlei 41,2020-09-09,23:00:00,6,2,4,FMN GV 22 Boechout
7,Victor Heylenlei 41,2020-09-10,00:00:00,0,0,0,FMN GV 22 Boechout
7,Victor Heylenlei 41,2020-09-10,01:00:00,2,1,1,FMN GV 22 Boechout
7,Victor Heylenlei 41,2020-09-10,02:00:00,1,1,0,FMN GV 22 Boechout
7,Victor Heylenlei 41,2020-09-10,03:00:00,3,2,1,FMN GV 22 Boechout
7,Victor Heylenlei 41,2020-09-10,04:00:00,3,2,1,FMN GV 22 Boechout
7,Victor Heylenlei 41,2020-09-10,05:00:00,13,7,6,FMN GV 22 Boechout
7,Victor Heylenlei 41,2020-09-10,06:00:00,31,18,13,FMN GV 22 Boechout
7,Victor Heylenlei 41,2020-09-10,07:00:00,120,86,34,FMN GV 22 Boechout
7,Victor Heylenlei 41,2020-09-10,08:00:00,194,86,108,FMN GV 22 Boechout
7,Victor Heylenlei 41,2020-09-10,09:00:00,64,22,42,FMN GV 22 Boechout
7,Victor Heylenlei 41,2020-09-10,10:00:00,48,23,25,FMN GV 22 Boechout
7,Victor Heylenlei 41,2020-09-10,11:00:00,61,31,30,FMN GV 22 Boechout
7,Victor Heylenlei 41,2020-09-10,12:00:00,78,42,36,FMN GV 22 Boechout
7,Victor Heylenlei 41,2020-09-10,13:00:00,69,36,33,FMN GV 22 Boechout
7,Victor Heylenlei 41,2020-09-10,14:00:00,111,58,53,FMN GV 22 Boechout
7,Victor Heylenlei 41,2020-09-10,15:00:00,159,53,106,FMN GV 22 Boechout
7,Victor Heylenlei 41,2020-09-10,16:00:00,241,134,107,FMN GV 22 Boechout
7,Victor Heylenlei 41,2020-09-10,17:00:00,185,87,98,FMN GV 22 Boechout
7,Victor Heylenlei 41,2020-09-10,18:00:00,135,48,87,FMN GV 22 Boechout
7,Victor Heylenlei 41,2020-09-10,19:00:00,103,57,46,FMN GV 22 Boechout
7,Victor Heylenlei 41,2020-09-10,20:00:00,91,56,35,FMN GV 22 Boechout
7,Victor Heylenlei 41,2020-09-10,21:00:00,18,12,6,FMN GV 22 Boechout
7,Victor Heylenlei 41,2020-09-10,22:00:00,18,10,8,FMN GV 22 Boechout
7,Victor Heylenlei 41,2020-09-10,23:00:00,9,5,4,FMN GV 22 Boechout
7,Victor Heylenlei 41,2020-09-11,00:00:00,12,6,6,FMN GV 22 Boechout
7,Victor Heylenlei 41,2020-09-11,01:00:00,1,1,0,FMN GV 22 Boechout
7,Victor Heylenlei 41,2020-09-11,02:00:00,2,2,0,FMN GV 22 Boechout
7,Victor Heylenlei 41,2020-09-11,03:00:00,0,0,0,FMN GV 22 Boechout
7,Victor Heylenlei 41,2020-09-11,04:00:00,2,2,0,FMN GV 22 Boechout
7,Victor Heylenlei 41,2020-09-11,05:00:00,5,3,2,FMN GV 22 Boechout
7,Victor Heylenlei 41,2020-09-11,06:00:00,26,18,8,FMN GV 22 Boechout
7,Victor Heylenlei 41,2020-09-11,07:00:00,100,73,27,FMN GV 22 Boechout
7,Victor Heylenlei 41,2020-09-11,08:00:00,178,77,101,FMN GV 22 Boechout
7,Victor Heylenlei 41,2020-09-11,09:00:00,69,26,43,FMN GV 22 Boechout
7,Victor Heylenlei 41,2020-09-11,10:00:00,43,24,19,FMN GV 22 Boechout
7,Victor Heylenlei 41,2020-09-11,11:00:00,46,20,26,FMN GV 22 Boechout
7,Victor Heylenlei 41,2020-09-11,12:00:00,60,17,43,FMN GV 22 Boechout
7,Victor Heylenlei 41,2020-09-11,13:00:00,79,36,43,FMN GV 22 Boechout
7,Victor Heylenlei 41,2020-09-11,14:00:00,101,53,48,FMN GV 22 Boechout
7,Victor Heylenlei 41,2020-09-11,15:00:00,137,49,88,FMN GV 22 Boechout
7,Victor Heylenlei 41,2020-09-11,16:00:00,268,157,111,FMN GV 22 Boechout
7,Victor Heylenlei 41,2020-09-11,17:00:00,163,101,62,FMN GV 22 Boechout
7,Victor Heylenlei 41,2020-09-11,18:00:00,107,59,48,FMN GV 22 Boechout
7,Victor Heylenlei 41,2020-09-11,19:00:00,95,55,40,FMN GV 22 Boechout
7,Victor Heylenlei 41,2020-09-11,20:00:00,50,22,28,FMN GV 22 Boechout
7,Victor Heylenlei 41,2020-09-11,21:00:00,28,11,17,FMN GV 22 Boechout
7,Victor Heylenlei 41,2020-09-11,22:00:00,20,3,17,FMN GV 22 Boechout
7,Victor Heylenlei 41,2020-09-11,23:00:00,11,5,6,FMN GV 22 Boechout
7,Victor Heylenlei 41,2020-09-12,00:00:00,7,1,6,FMN GV 22 Boechout
7,Victor Heylenlei 41,2020-09-12,01:00:00,5,5,0,FMN GV 22 Boechout
7,Victor Heylenlei 41,2020-09-12,02:00:00,7,4,3,FMN GV 22 Boechout
7,Victor Heylenlei 41,2020-09-12,03:00:00,1,1,0,FMN GV 22 Boechout
7,Victor Heylenlei 41,2020-09-12,04:00:00,0,0,0,FMN GV 22 Boechout
7,Victor Heylenlei 41,2020-09-12,05:00:00,1,1,0,FMN GV 22 Boechout
7,Victor Heylenlei 41,2020-09-12,06:00:00,8,3,5,FMN GV 22 Boechout
7,Victor Heylenlei 41,2020-09-12,07:00:00,5,3,2,FMN GV 22 Boechout
7,Victor Heylenlei 41,2020-09-12,08:00:00,23,11,12,FMN GV 22 Boechout
7,Victor Heylenlei 41,2020-09-12,09:00:00,54,31,23,FMN GV 22 Boechout
7,Victor Heylenlei 41,2020-09-12,10:00:00,89,51,38,FMN GV 22 Boechout
7,Victor Heylenlei 41,2020-09-12,11:00:00,114,58,56,FMN GV 22 Boechout
7,Victor Heylenlei 41,2020-09-12,12:00:00,90,38,52,FMN GV 22 Boechout
7,Victor Heylenlei 41,2020-09-12,13:00:00,101,57,44,FMN GV 22 Boechout
7,Victor Heylenlei 41,2020-09-12,14:00:00,164,68,96,FMN GV 22 Boechout
7,Victor Heylenlei 41,2020-09-12,15:00:00,156,72,84,FMN GV 22 Boechout
7,Victor Heylenlei 41,2020-09-12,16:00:00,139,72,67,FMN GV 22 Boechout
7,Victor Heylenlei 41,2020-09-12,17:00:00,148,94,54,FMN GV 22 Boechout
7,Victor Heylenlei 41,2020-09-12,18:00:00,77,47,30,FMN GV 22 Boechout
7,Victor Heylenlei 41,2020-09-12,19:00:00,37,16,21,FMN GV 22 Boechout
7,Victor Heylenlei 41,2020-09-12,20:00:00,13,9,4,FMN GV 22 Boechout
7,Victor Heylenlei 41,2020-09-12,21:00:00,21,8,13,FMN GV 22 Boechout
7,Victor Heylenlei 41,2020-09-12,22:00:00,12,6,6,FMN GV 22 Boechout
7,Victor Heylenlei 41,2020-09-12,23:00:00,10,5,5,FMN GV 22 Boechout
7,Victor Heylenlei 41,2020-09-13,00:00:00,6,5,1,FMN GV 22 Boechout
7,Victor Heylenlei 41,2020-09-13,01:00:00,5,2,3,FMN GV 22 Boechout
7,Victor Heylenlei 41,2020-09-13,02:00:00,3,3,0,FMN GV 22 Boechout
7,Victor Heylenlei 41,2020-09-13,03:00:00,2,2,0,FMN GV 22 Boechout
7,Victor Heylenlei 41,2020-09-13,04:00:00,1,0,1,FMN GV 22 Boechout
7,Victor Heylenlei 41,2020-09-13,05:00:00,2,1,1,FMN GV 22 Boechout
7,Victor Heylenlei 41,2020-09-13,06:00:00,4,3,1,FMN GV 22 Boechout
7,Victor Heylenlei 41,2020-09-13,07:00:00,1,1,0,FMN GV 22 Boechout
7,Victor Heylenlei 41,2020-09-13,08:00:00,36,18,18,FMN GV 22 Boechout
7,Victor Heylenlei 41,2020-09-13,09:00:00,65,24,41,FMN GV 22 Boechout
7,Victor Heylenlei 41,2020-09-13,10:00:00,135,48,87,FMN GV 22 Boechout
7,Victor Heylenlei 41,2020-09-13,11:00:00,161,74,87,FMN GV 22 Boechout
7,Victor Heylenlei 41,2020-09-13,12:00:00,219,115,104,FMN GV 22 Boechout
7,Victor Heylenlei 41,2020-09-13,13:00:00,215,87,128,FMN GV 22 Boechout
7,Victor Heylenlei 41,2020-09-13,14:00:00,368,191,177,FMN GV 22 Boechout
7,Victor Heylenlei 41,2020-09-13,15:00:00,274,122,152,FMN GV 22 Boechout
7,Victor Heylenlei 41,2020-09-13,16:00:00,241,136,105,FMN GV 22 Boechout
7,Victor Heylenlei 41,2020-09-13,17:00:00,217,118,99,FMN GV 22 Boechout
7,Victor Heylenlei 41,2020-09-13,18:00:00,99,50,49,FMN GV 22 Boechout
7,Victor Heylenlei 41,2020-09-13,19:00:00,84,55,29,FMN GV 22 Boechout
7,Victor Heylenlei 41,2020-09-13,20:00:00,48,27,21,FMN GV 22 Boechout
7,Victor Heylenlei 41,2020-09-13,21:00:00,11,6,5,FMN GV 22 Boechout
7,Victor Heylenlei 41,2020-09-13,22:00:00,18,7,11,FMN GV 22 Boechout
7,Victor Heylenlei 41,2020-09-13,23:00:00,3,2,1,FMN GV 22 Boechout
7,Victor Heylenlei 41,2020-09-14,00:00:00,7,3,4,FMN GV 22 Boechout
7,Victor Heylenlei 41,2020-09-14,01:00:00,6,0,6,FMN GV 22 Boechout
7,Victor Heylenlei 41,2020-09-14,02:00:00,2,1,1,FMN GV 22 Boechout
7,Victor Heylenlei 41,2020-09-14,03:00:00,1,1,0,FMN GV 22 Boechout
7,Victor Heylenlei 41,2020-09-14,04:00:00,2,2,0,FMN GV 22 Boechout
7,Victor Heylenlei 41,2020-09-14,05:00:00,8,4,4,FMN GV 22 Boechout
7,Victor Heylenlei 41,2020-09-14,06:00:00,23,16,7,FMN GV 22 Boechout
7,Victor Heylenlei 41,2020-09-14,07:00:00,146,105,41,FMN GV 22 Boechout
7,Victor Heylenlei 41,2020-09-14,08:00:00,180,92,88,FMN GV 22 Boechout
7,Victor Heylenlei 41,2020-09-14,09:00:00,80,35,45,FMN GV 22 Boechout
7,Victor Heylenlei 41,2020-09-14,10:00:00,57,27,30,FMN GV 22 Boechout
7,Victor Heylenlei 41,2020-09-14,11:00:00,64,34,30,FMN GV 22 Boechout
7,Victor Heylenlei 41,2020-09-14,12:00:00,70,35,35,FMN GV 22 Boechout
7,Victor Heylenlei 41,2020-09-14,13:00:00,97,55,42,FMN GV 22 Boechout
7,Victor Heylenlei 41,2020-09-14,14:00:00,120,66,54,FMN GV 22 Boechout
7,Victor Heylenlei 41,2020-09-14,15:00:00,148,67,81,FMN GV 22 Boechout
7,Victor Heylenlei 41,2020-09-14,16:00:00,293,155,138,FMN GV 22 Boechout
7,Victor Heylenlei 41,2020-09-14,17:00:00,179,84,95,FMN GV 22 Boechout
7,Victor Heylenlei 41,2020-09-14,18:00:00,141,42,99,FMN GV 22 Boechout
7,Victor Heylenlei 41,2020-09-14,19:00:00,79,22,57,FMN GV 22 Boechout
7,Victor Heylenlei 41,2020-09-14,20:00:00,75,45,30,FMN GV 22 Boechout
7,Victor Heylenlei 41,2020-09-14,21:00:00,34,15,19,FMN GV 22 Boechout
7,Victor Heylenlei 41,2020-09-14,22:00:00,29,11,18,FMN GV 22 Boechout
7,Victor Heylenlei 41,2020-09-14,23:00:00,7,4,3,FMN GV 22 Boechout
7,Victor Heylenlei 41,2020-09-15,00:00:00,2,2,0,FMN GV 22 Boechout
7,Victor Heylenlei 41,2020-09-15,01:00:00,0,0,0,FMN GV 22 Boechout
7,Victor Heylenlei 41,2020-09-15,02:00:00,2,2,0,FMN GV 22 Boechout
7,Victor Heylenlei 41,2020-09-15,03:00:00,0,0,0,FMN GV 22 Boechout
7,Victor Heylenlei 41,2020-09-15,04:00:00,4,4,0,FMN GV 22 Boechout
7,Victor Heylenlei 41,2020-09-15,05:00:00,18,13,5,FMN GV 22 Boechout
7,Victor Heylenlei 41,2020-09-15,06:00:00,28,22,6,FMN GV 22 Boechout
7,Victor Heylenlei 41,2020-09-15,07:00:00,150,110,40,FMN GV 22 Boechout
7,Victor Heylenlei 41,2020-09-15,08:00:00,189,85,104,FMN GV 22 Boechout
7,Victor Heylenlei 41,2020-09-15,09:00:00,93,34,59,FMN GV 22 Boechout
7,Victor Heylenlei 41,2020-09-15,10:00:00,56,31,25,FMN GV 22 Boechout
7,Victor Heylenlei 41,2020-09-15,11:00:00,62,32,30,FMN GV 22 Boechout
7,Victor Heylenlei 41,2020-09-15,12:00:00,71,35,36,FMN GV 22 Boechout
7,Victor Heylenlei 41,2020-09-15,13:00:00,101,47,54,FMN GV 22 Boechout
7,Victor Heylenlei 41,2020-09-15,14:00:00,72,35,37,FMN GV 22 Boechout
7,Victor Heylenlei 41,2020-09-15,15:00:00,133,61,72,FMN GV 22 Boechout
7,Victor Heylenlei 41,2020-09-15,16:00:00,248,142,106,FMN GV 22 Boechout
7,Victor Heylenlei 41,2020-09-15,17:00:00,192,95,97,FMN GV 22 Boechout
7,Victor Heylenlei 41,2020-09-15,18:00:00,114,50,64,FMN GV 22 Boechout
7,Victor Heylenlei 41,2020-09-15,19:00:00,105,56,49,FMN GV 22 Boechout
7,Victor Heylenlei 41,2020-09-15,20:00:00,91,54,37,FMN GV 22 Boechout
7,Victor Heylenlei 41,2020-09-15,21:00:00,27,17,10,FMN GV 22 Boechout
7,Victor Heylenlei 41,2020-09-15,22:00:00,23,13,10,FMN GV 22 Boechout
7,Victor Heylenlei 41,2020-09-15,23:00:00,21,10,11,FMN GV 22 Boechout
7,Victor Heylenlei 41,2020-09-16,00:00:00,7,3,4,FMN GV 22 Boechout
7,Victor Heylenlei 41,2020-09-16,01:00:00,3,1,2,FMN GV 22 Boechout
7,Victor Heylenlei 41,2020-09-16,02:00:00,0,0,0,FMN GV 22 Boechout
7,Victor Heylenlei 41,2020-09-16,03:00:00,3,3,0,FMN GV 22 Boechout
7,Victor Heylenlei 41,2020-09-16,04:00:00,2,2,0,FMN GV 22 Boechout
7,Victor Heylenlei 41,2020-09-16,05:00:00,8,3,5,FMN GV 22 Boechout
7,Victor Heylenlei 41,2020-09-16,06:00:00,33,23,10,FMN GV 22 Boechout
7,Victor Heylenlei 41,2020-09-16,07:00:00,138,96,42,FMN GV 22 Boechout
7,Victor Heylenlei 41,2020-09-16,08:00:00,190,74,116,FMN GV 22 Boechout
7,Victor Heylenlei 41,2020-09-16,09:00:00,79,30,49,FMN GV 22 Boechout
7,Victor Heylenlei 41,2020-09-16,10:00:00,73,33,40,FMN GV 22 Boechout
7,Victor Heylenlei 41,2020-09-16,11:00:00,71,37,34,FMN GV 22 Boechout
7,Victor Heylenlei 41,2020-09-16,12:00:00,194,131,63,FMN GV 22 Boechout
7,Victor Heylenlei 41,2020-09-16,13:00:00,132,78,54,FMN GV 22 Boechout
7,Victor Heylenlei 41,2020-09-16,14:00:00,114,49,65,FMN GV 22 Boechout
7,Victor Heylenlei 41,2020-09-16,15:00:00,131,66,65,FMN GV 22 Boechout
7,Victor Heylenlei 41,2020-09-16,16:00:00,119,54,65,FMN GV 22 Boechout
7,Victor Heylenlei 41,2020-09-16,17:00:00,127,41,86,FMN GV 22 Boechout
7,Victor Heylenlei 41,2020-09-16,18:00:00,155,52,103,FMN GV 22 Boechout
7,Victor Heylenlei 41,2020-09-16,19:00:00,101,48,53,FMN GV 22 Boechout
7,Victor Heylenlei 41,2020-09-16,20:00:00,98,74,24,FMN GV 22 Boechout
7,Victor Heylenlei 41,2020-09-16,21:00:00,23,7,16,FMN GV 22 Boechout
7,Victor Heylenlei 41,2020-09-16,22:00:00,28,12,16,FMN GV 22 Boechout
7,Victor Heylenlei 41,2020-09-16,23:00:00,13,3,10,FMN GV 22 Boechout
7,Victor Heylenlei 41,2020-09-17,00:00:00,5,3,2,FMN GV 22 Boechout
7,Victor Heylenlei 41,2020-09-17,01:00:00,0,0,0,FMN GV 22 Boechout
7,Victor Heylenlei 41,2020-09-17,02:00:00,1,1,0,FMN GV 22 Boechout
7,Victor Heylenlei 41,2020-09-17,03:00:00,2,2,0,FMN GV 22 Boechout
7,Victor Heylenlei 41,2020-09-17,04:00:00,2,2,0,FMN GV 22 Boechout
7,Victor Heylenlei 41,2020-09-17,05:00:00,11,6,5,FMN GV 22 Boechout
7,Victor Heylenlei 41,2020-09-17,06:00:00,22,17,5,FMN GV 22 Boechout
7,Victor Heylenlei 41,2020-09-17,07:00:00,123,89,34,FMN GV 22 Boechout
7,Victor Heylenlei 41,2020-09-17,08:00:00,190,93,97,FMN GV 22 Boechout
7,Victor Heylenlei 41,2020-09-17,09:00:00,86,32,54,FMN GV 22 Boechout
7,Victor Heylenlei 41,2020-09-17,10:00:00,46,32,14,FMN GV 22 Boechout
7,Victor Heylenlei 41,2020-09-17,11:00:00,54,25,29,FMN GV 22 Boechout
7,Victor Heylenlei 41,2020-09-17,12:00:00,73,42,31,FMN GV 22 Boechout
7,Victor Heylenlei 41,2020-09-17,13:00:00,78,32,46,FMN GV 22 Boechout
7,Victor Heylenlei 41,2020-09-17,14:00:00,101,49,52,FMN GV 22 Boechout
7,Victor Heylenlei 41,2020-09-17,15:00:00,117,42,75,FMN GV 22 Boechout
7,Victor Heylenlei 41,2020-09-17,16:00:00,249,135,114,FMN GV 22 Boechout
7,Victor Heylenlei 41,2020-09-17,17:00:00,189,92,97,FMN GV 22 Boechout
7,Victor Heylenlei 41,2020-09-17,18:00:00,135,49,86,FMN GV 22 Boechout
7,Victor Heylenlei 41,2020-09-17,19:00:00,86,38,48,FMN GV 22 Boechout
7,Victor Heylenlei 41,2020-09-17,20:00:00,60,40,20,FMN GV 22 Boechout
7,Victor Heylenlei 41,2020-09-17,21:00:00,25,17,8,FMN GV 22 Boechout
7,Victor Heylenlei 41,2020-09-17,22:00:00,28,13,15,FMN GV 22 Boechout
7,Victor Heylenlei 41,2020-09-17,23:00:00,9,2,7,FMN GV 22 Boechout
7,Victor Heylenlei 41,2020-09-18,00:00:00,2,1,1,FMN GV 22 Boechout
7,Victor Heylenlei 41,2020-09-18,01:00:00,2,1,1,FMN GV 22 Boechout
7,Victor Heylenlei 41,2020-09-18,02:00:00,1,0,1,FMN GV 22 Boechout
7,Victor Heylenlei 41,2020-09-18,03:00:00,4,2,2,FMN GV 22 Boechout
7,Victor Heylenlei 41,2020-09-18,04:00:00,1,1,0,FMN GV 22 Boechout
7,Victor Heylenlei 41,2020-09-18,05:00:00,9,7,2,FMN GV 22 Boechout
7,Victor Heylenlei 41,2020-09-18,06:00:00,28,20,8,FMN GV 22 Boechout
7,Victor Heylenlei 41,2020-09-18,07:00:00,99,73,26,FMN GV 22 Boechout
7,Victor Heylenlei 41,2020-09-18,08:00:00,157,77,80,FMN GV 22 Boechout
7,Victor Heylenlei 41,2020-09-18,09:00:00,72,19,53,FMN GV 22 Boechout
7,Victor Heylenlei 41,2020-09-18,10:00:00,44,26,18,FMN GV 22 Boechout
7,Victor Heylenlei 41,2020-09-18,11:00:00,65,35,30,FMN GV 22 Boechout
7,Victor Heylenlei 41,2020-09-18,12:00:00,79,42,37,FMN GV 22 Boechout
7,Victor Heylenlei 41,2020-09-18,13:00:00,75,33,42,FMN GV 22 Boechout
7,Victor Heylenlei 41,2020-09-18,14:00:00,162,53,109,FMN GV 22 Boechout
7,Victor Heylenlei 41,2020-09-18,15:00:00,144,71,73,FMN GV 22 Boechout
7,Victor Heylenlei 41,2020-09-18,16:00:00,189,111,78,FMN GV 22 Boechout
7,Victor Heylenlei 41,2020-09-18,17:00:00,170,84,86,FMN GV 22 Boechout
7,Victor Heylenlei 41,2020-09-18,18:00:00,121,44,77,FMN GV 22 Boechout
7,Victor Heylenlei 41,2020-09-18,19:00:00,72,41,31,FMN GV 22 Boechout
7,Victor Heylenlei 41,2020-09-18,20:00:00,44,25,19,FMN GV 22 Boechout
7,Victor Heylenlei 41,2020-09-18,21:00:00,26,15,11,FMN GV 22 Boechout
7,Victor Heylenlei 41,2020-09-18,22:00:00,18,6,12,FMN GV 22 Boechout
7,Victor Heylenlei 41,2020-09-18,23:00:00,7,3,4,FMN GV 22 Boechout
7,Victor Heylenlei 41,2020-09-19,00:00:00,7,1,6,FMN GV 22 Boechout
7,Victor Heylenlei 41,2020-09-19,01:00:00,17,9,8,FMN GV 22 Boechout
7,Victor Heylenlei 41,2020-09-19,02:00:00,2,0,2,FMN GV 22 Boechout
7,Victor Heylenlei 41,2020-09-19,03:00:00,2,0,2,FMN GV 22 Boechout
7,Victor Heylenlei 41,2020-09-19,04:00:00,2,2,0,FMN GV 22 Boechout
7,Victor Heylenlei 41,2020-09-19,05:00:00,3,2,1,FMN GV 22 Boechout
7,Victor Heylenlei 41,2020-09-19,06:00:00,5,2,3,FMN GV 22 Boechout
7,Victor Heylenlei 41,2020-09-19,07:00:00,7,1,6,FMN GV 22 Boechout
7,Victor Heylenlei 41,2020-09-19,08:00:00,20,8,12,FMN GV 22 Boechout
7,Victor Heylenlei 41,2020-09-19,09:00:00,53,26,27,FMN GV 22 Boechout
7,Victor Heylenlei 41,2020-09-19,10:00:00,75,40,35,FMN GV 22 Boechout
7,Victor Heylenlei 41,2020-09-19,11:00:00,89,43,46,FMN GV 22 Boechout
7,Victor Heylenlei 41,2020-09-19,12:00:00,91,48,43,FMN GV 22 Boechout
7,Victor Heylenlei 41,2020-09-19,13:00:00,138,61,77,FMN GV 22 Boechout
7,Victor Heylenlei 41,2020-09-19,14:00:00,184,87,97,FMN GV 22 Boechout
7,Victor Heylenlei 41,2020-09-19,15:00:00,165,73,92,FMN GV 22 Boechout
7,Victor Heylenlei 41,2020-09-19,16:00:00,168,79,89,FMN GV 22 Boechout
7,Victor Heylenlei 41,2020-09-19,17:00:00,107,61,46,FMN GV 22 Boechout
7,Victor Heylenlei 41,2020-09-19,18:00:00,75,31,44,FMN GV 22 Boechout
7,Victor Heylenlei 41,2020-09-19,19:00:00,60,30,30,FMN GV 22 Boechout
7,Victor Heylenlei 41,2020-09-19,20:00:00,61,30,31,FMN GV 22 Boechout
7,Victor Heylenlei 41,2020-09-19,21:00:00,26,16,10,FMN GV 22 Boechout
7,Victor Heylenlei 41,2020-09-19,22:00:00,12,5,7,FMN GV 22 Boechout
7,Victor Heylenlei 41,2020-09-19,23:00:00,16,12,4,FMN GV 22 Boechout
7,Victor Heylenlei 41,2020-09-20,00:00:00,8,3,5,FMN GV 22 Boechout
7,Victor Heylenlei 41,2020-09-20,01:00:00,10,4,6,FMN GV 22 Boechout
7,Victor Heylenlei 41,2020-09-20,02:00:00,4,1,3,FMN GV 22 Boechout
7,Victor Heylenlei 41,2020-09-20,03:00:00,5,4,1,FMN GV 22 Boechout
7,Victor Heylenlei 41,2020-09-20,04:00:00,2,0,2,FMN GV 22 Boechout
7,Victor Heylenlei 41,2020-09-20,05:00:00,4,4,0,FMN GV 22 Boechout
7,Victor Heylenlei 41,2020-09-20,06:00:00,1,0,1,FMN GV 22 Boechout
7,Victor Heylenlei 41,2020-09-20,07:00:00,7,4,3,FMN GV 22 Boechout
7,Victor Heylenlei 41,2020-09-20,08:00:00,34,19,15,FMN GV 22 Boechout
7,Victor Heylenlei 41,2020-09-20,09:00:00,124,57,67,FMN GV 22 Boechout
7,Victor Heylenlei 41,2020-09-20,10:00:00,150,56,94,FMN GV 22 Boechout
7,Victor Heylenlei 41,2020-09-20,11:00:00,185,98,87,FMN GV 22 Boechout
7,Victor Heylenlei 41,2020-09-20,12:00:00,169,88,81,FMN GV 22 Boechout
7,Victor Heylenlei 41,2020-09-20,13:00:00,216,103,113,FMN GV 22 Boechout
7,Victor Heylenlei 41,2020-09-20,14:00:00,303,146,157,FMN GV 22 Boechout
7,Victor Heylenlei 41,2020-09-20,15:00:00,295,148,147,FMN GV 22 Boechout
7,Victor Heylenlei 41,2020-09-20,16:00:00,238,129,109,FMN GV 22 Boechout
7,Victor Heylenlei 41,2020-09-20,17:00:00,197,103,94,FMN GV 22 Boechout
7,Victor Heylenlei 41,2020-09-20,18:00:00,95,43,52,FMN GV 22 Boechout
7,Victor Heylenlei 41,2020-09-20,19:00:00,54,34,20,FMN GV 22 Boechout
7,Victor Heylenlei 41,2020-09-20,20:00:00,35,18,17,FMN GV 22 Boechout
7,Victor Heylenlei 41,2020-09-20,21:00:00,24,15,9,FMN GV 22 Boechout
7,Victor Heylenlei 41,2020-09-20,22:00:00,20,6,14,FMN GV 22 Boechout
7,Victor Heylenlei 41,2020-09-20,23:00:00,2,1,1,FMN GV 22 Boechout
7,Victor Heylenlei 41,2020-09-21,00:00:00,3,3,0,FMN GV 22 Boechout
7,Victor Heylenlei 41,2020-09-21,01:00:00,1,1,0,FMN GV 22 Boechout
7,Victor Heylenlei 41,2020-09-21,02:00:00,2,1,1,FMN GV 22 Boechout
7,Victor Heylenlei 41,2020-09-21,03:00:00,0,0,0,FMN GV 22 Boechout
7,Victor Heylenlei 41,2020-09-21,04:00:00,4,4,0,FMN GV 22 Boechout
7,Victor Heylenlei 41,2020-09-21,05:00:00,12,10,2,FMN GV 22 Boechout
7,Victor Heylenlei 41,2020-09-21,06:00:00,26,22,4,FMN GV 22 Boechout
7,Victor Heylenlei 41,2020-09-21,07:00:00,127,95,32,FMN GV 22 Boechout
7,Victor Heylenlei 41,2020-09-21,08:00:00,174,89,85,FMN GV 22 Boechout
7,Victor Heylenlei 41,2020-09-21,09:00:00,79,33,46,FMN GV 22 Boechout
7,Victor Heylenlei 41,2020-09-21,10:00:00,54,28,26,FMN GV 22 Boechout
7,Victor Heylenlei 41,2020-09-21,11:00:00,48,28,20,FMN GV 22 Boechout
7,Victor Heylenlei 41,2020-09-21,12:00:00,97,50,47,FMN GV 22 Boechout
7,Victor Heylenlei 41,2020-09-21,13:00:00,100,47,53,FMN GV 22 Boechout
7,Victor Heylenlei 41,2020-09-21,14:00:00,143,65,78,FMN GV 22 Boechout
7,Victor Heylenlei 41,2020-09-21,15:00:00,151,50,101,FMN GV 22 Boechout
7,Victor Heylenlei 41,2020-09-21,16:00:00,231,141,90,FMN GV 22 Boechout
7,Victor Heylenlei 41,2020-09-21,17:00:00,191,87,104,FMN GV 22 Boechout
7,Victor Heylenlei 41,2020-09-21,18:00:00,99,34,65,FMN GV 22 Boechout
7,Victor Heylenlei 41,2020-09-21,19:00:00,72,35,37,FMN GV 22 Boechout
7,Victor Heylenlei 41,2020-09-21,20:00:00,50,25,25,FMN GV 22 Boechout
7,Victor Heylenlei 41,2020-09-21,21:00:00,21,8,13,FMN GV 22 Boechout
7,Victor Heylenlei 41,2020-09-21,22:00:00,23,5,18,FMN GV 22 Boechout
7,Victor Heylenlei 41,2020-09-21,23:00:00,2,2,0,FMN GV 22 Boechout
7,Victor Heylenlei 41,2020-09-22,00:00:00,2,1,1,FMN GV 22 Boechout
7,Victor Heylenlei 41,2020-09-22,01:00:00,3,3,0,FMN GV 22 Boechout
7,Victor Heylenlei 41,2020-09-22,02:00:00,2,1,1,FMN GV 22 Boechout
7,Victor Heylenlei 41,2020-09-22,03:00:00,0,0,0,FMN GV 22 Boechout
7,Victor Heylenlei 41,2020-09-22,04:00:00,3,3,0,FMN GV 22 Boechout
7,Victor Heylenlei 41,2020-09-22,05:00:00,10,8,2,FMN GV 22 Boechout
7,Victor Heylenlei 41,2020-09-22,06:00:00,31,24,7,FMN GV 22 Boechout
7,Victor Heylenlei 41,2020-09-22,07:00:00,116,89,27,FMN GV 22 Boechout
7,Victor Heylenlei 41,2020-09-22,08:00:00,214,125,89,FMN GV 22 Boechout
7,Victor Heylenlei 41,2020-09-22,09:00:00,79,31,48,FMN GV 22 Boechout
7,Victor Heylenlei 41,2020-09-22,10:00:00,45,24,21,FMN GV 22 Boechout
7,Victor Heylenlei 41,2020-09-22,11:00:00,51,32,19,FMN GV 22 Boechout
7,Victor Heylenlei 41,2020-09-22,12:00:00,81,54,27,FMN GV 22 Boechout
7,Victor Heylenlei 41,2020-09-22,13:00:00,100,47,53,FMN GV 22 Boechout
7,Victor Heylenlei 41,2020-09-22,14:00:00,129,57,72,FMN GV 22 Boechout
7,Victor Heylenlei 41,2020-09-22,15:00:00,153,73,80,FMN GV 22 Boechout
7,Victor Heylenlei 41,2020-09-22,16:00:00,269,135,134,FMN GV 22 Boechout
7,Victor Heylenlei 41,2020-09-22,17:00:00,210,91,119,FMN GV 22 Boechout
7,Victor Heylenlei 41,2020-09-22,18:00:00,151,74,77,FMN GV 22 Boechout
7,Victor Heylenlei 41,2020-09-22,19:00:00,116,61,55,FMN GV 22 Boechout
7,Victor Heylenlei 41,2020-09-22,20:00:00,68,37,31,FMN GV 22 Boechout
7,Victor Heylenlei 41,2020-09-22,21:00:00,18,8,10,FMN GV 22 Boechout
7,Victor Heylenlei 41,2020-09-22,22:00:00,21,12,9,FMN GV 22 Boechout
7,Victor Heylenlei 41,2020-09-22,23:00:00,15,4,11,FMN GV 22 Boechout
7,Victor Heylenlei 41,2020-09-23,00:00:00,6,3,3,FMN GV 22 Boechout
7,Victor Heylenlei 41,2020-09-23,01:00:00,2,1,1,FMN GV 22 Boechout
7,Victor Heylenlei 41,2020-09-23,02:00:00,3,3,0,FMN GV 22 Boechout
7,Victor Heylenlei 41,2020-09-23,03:00:00,0,0,0,FMN GV 22 Boechout
7,Victor Heylenlei 41,2020-09-23,04:00:00,0,0,0,FMN GV 22 Boechout
7,Victor Heylenlei 41,2020-09-23,05:00:00,16,12,4,FMN GV 22 Boechout
7,Victor Heylenlei 41,2020-09-23,06:00:00,25,16,9,FMN GV 22 Boechout
7,Victor Heylenlei 41,2020-09-23,07:00:00,103,78,25,FMN GV 22 Boechout
7,Victor Heylenlei 41,2020-09-23,08:00:00,201,92,109,FMN GV 22 Boechout
7,Victor Heylenlei 41,2020-09-23,09:00:00,70,33,37,FMN GV 22 Boechout
7,Victor Heylenlei 41,2020-09-23,10:00:00,55,27,28,FMN GV 22 Boechout
7,Victor Heylenlei 41,2020-09-23,11:00:00,63,33,30,FMN GV 22 Boechout
7,Victor Heylenlei 41,2020-09-23,12:00:00,146,107,39,FMN GV 22 Boechout
7,Victor Heylenlei 41,2020-09-23,13:00:00,109,64,45,FMN GV 22 Boechout
7,Victor Heylenlei 41,2020-09-23,14:00:00,59,34,25,FMN GV 22 Boechout
7,Victor Heylenlei 41,2020-09-23,15:00:00,62,29,33,FMN GV 22 Boechout
7,Victor Heylenlei 41,2020-09-23,16:00:00,90,29,61,FMN GV 22 Boechout
7,Victor Heylenlei 41,2020-09-23,17:00:00,105,27,78,FMN GV 22 Boechout
7,Victor Heylenlei 41,2020-09-23,18:00:00,73,29,44,FMN GV 22 Boechout
7,Victor Heylenlei 41,2020-09-23,19:00:00,49,28,21,FMN GV 22 Boechout
7,Victor Heylenlei 41,2020-09-23,20:00:00,54,31,23,FMN GV 22 Boechout
7,Victor Heylenlei 41,2020-09-23,21:00:00,10,7,3,FMN GV 22 Boechout
7,Victor Heylenlei 41,2020-09-23,22:00:00,9,4,5,FMN GV 22 Boechout
7,Victor Heylenlei 41,2020-09-23,23:00:00,6,3,3,FMN GV 22 Boechout
7,Victor Heylenlei 41,2020-09-24,00:00:00,4,1,3,FMN GV 22 Boechout
7,Victor Heylenlei 41,2020-09-24,01:00:00,0,0,0,FMN GV 22 Boechout
7,Victor Heylenlei 41,2020-09-24,02:00:00,0,0,0,FMN GV 22 Boechout
7,Victor Heylenlei 41,2020-09-24,03:00:00,0,0,0,FMN GV 22 Boechout
7,Victor Heylenlei 41,2020-09-24,04:00:00,3,3,0,FMN GV 22 Boechout
7,Victor Heylenlei 41,2020-09-24,05:00:00,8,6,2,FMN GV 22 Boechout
7,Victor Heylenlei 41,2020-09-24,06:00:00,22,16,6,FMN GV 22 Boechout
7,Victor Heylenlei 41,2020-09-24,07:00:00,104,82,22,FMN GV 22 Boechout
7,Victor Heylenlei 41,2020-09-24,08:00:00,154,82,72,FMN GV 22 Boechout
7,Victor Heylenlei 41,2020-09-24,09:00:00,70,22,48,FMN GV 22 Boechout
7,Victor Heylenlei 41,2020-09-24,10:00:00,39,19,20,FMN GV 22 Boechout
7,Victor Heylenlei 41,2020-09-24,11:00:00,42,22,20,FMN GV 22 Boechout
7,Victor Heylenlei 41,2020-09-24,12:00:00,45,22,23,FMN GV 22 Boechout
7,Victor Heylenlei 41,2020-09-24,13:00:00,39,21,18,FMN GV 22 Boechout
7,Victor Heylenlei 41,2020-09-24,14:00:00,58,25,33,FMN GV 22 Boechout
7,Victor Heylenlei 41,2020-09-24,15:00:00,66,29,37,FMN GV 22 Boechout
7,Victor Heylenlei 41,2020-09-24,16:00:00,694,389,305,FMN GV 22 Boechout
7,Victor Heylenlei 41,2020-09-24,17:00:00,156,83,73,FMN GV 22 Boechout
7,Victor Heylenlei 41,2020-09-24,18:00:00,53,15,38,FMN GV 22 Boechout
7,Victor Heylenlei 41,2020-09-24,19:00:00,30,16,14,FMN GV 22 Boechout
7,Victor Heylenlei 41,2020-09-24,20:00:00,19,5,14,FMN GV 22 Boechout
7,Victor Heylenlei 41,2020-09-24,21:00:00,11,5,6,FMN GV 22 Boechout
7,Victor Heylenlei 41,2020-09-24,22:00:00,17,7,10,FMN GV 22 Boechout
7,Victor Heylenlei 41,2020-09-24,23:00:00,1,0,1,FMN GV 22 Boechout
7,Victor Heylenlei 41,2020-09-25,00:00:00,2,0,2,FMN GV 22 Boechout
7,Victor Heylenlei 41,2020-09-25,01:00:00,0,0,0,FMN GV 22 Boechout
7,Victor Heylenlei 41,2020-09-25,02:00:00,1,1,0,FMN GV 22 Boechout
7,Victor Heylenlei 41,2020-09-25,03:00:00,2,2,0,FMN GV 22 Boechout
7,Victor Heylenlei 41,2020-09-25,04:00:00,1,1,0,FMN GV 22 Boechout
7,Victor Heylenlei 41,2020-09-25,05:00:00,5,4,1,FMN GV 22 Boechout
7,Victor Heylenlei 41,2020-09-25,06:00:00,10,10,0,FMN GV 22 Boechout
7,Victor Heylenlei 41,2020-09-25,07:00:00,74,55,19,FMN GV 22 Boechout
7,Victor Heylenlei 41,2020-09-25,08:00:00,114,59,55,FMN GV 22 Boechout
7,Victor Heylenlei 41,2020-09-25,09:00:00,50,24,26,FMN GV 22 Boechout
7,Victor Heylenlei 41,2020-09-25,10:00:00,16,9,7,FMN GV 22 Boechout
7,Victor Heylenlei 41,2020-09-25,11:00:00,23,11,12,FMN GV 22 Boechout
7,Victor Heylenlei 41,2020-09-25,12:00:00,36,12,24,FMN GV 22 Boechout
7,Victor Heylenlei 41,2020-09-25,13:00:00,39,16,23,FMN GV 22 Boechout
7,Victor Heylenlei 41,2020-09-25,14:00:00,39,16,23,FMN GV 22 Boechout
7,Victor Heylenlei 41,2020-09-25,15:00:00,43,13,30,FMN GV 22 Boechout
7,Victor Heylenlei 41,2020-09-25,16:00:00,127,70,57,FMN GV 22 Boechout
7,Victor Heylenlei 41,2020-09-25,17:00:00,87,45,42,FMN GV 22 Boechout
7,Victor Heylenlei 41,2020-09-25,18:00:00,25,9,16,FMN GV 22 Boechout
7,Victor Heylenlei 41,2020-09-25,19:00:00,13,4,9,FMN GV 22 Boechout
7,Victor Heylenlei 41,2020-09-25,20:00:00,10,5,5,FMN GV 22 Boechout
7,Victor Heylenlei 41,2020-09-25,21:00:00,8,5,3,FMN GV 22 Boechout
7,Victor Heylenlei 41,2020-09-25,22:00:00,3,2,1,FMN GV 22 Boechout
7,Victor Heylenlei 41,2020-09-25,23:00:00,2,2,0,FMN GV 22 Boechout
7,Victor Heylenlei 41,2020-09-26,00:00:00,2,2,0,FMN GV 22 Boechout
7,Victor Heylenlei 41,2020-09-26,01:00:00,6,4,2,FMN GV 22 Boechout
7,Victor Heylenlei 41,2020-09-26,02:00:00,4,1,3,FMN GV 22 Boechout
7,Victor Heylenlei 41,2020-09-26,03:00:00,0,0,0,FMN GV 22 Boechout
7,Victor Heylenlei 41,2020-09-26,04:00:00,1,1,0,FMN GV 22 Boechout
7,Victor Heylenlei 41,2020-09-26,05:00:00,4,3,1,FMN GV 22 Boechout
7,Victor Heylenlei 41,2020-09-26,06:00:00,1,0,1,FMN GV 22 Boechout
7,Victor Heylenlei 41,2020-09-26,07:00:00,1,1,0,FMN GV 22 Boechout
7,Victor Heylenlei 41,2020-09-26,08:00:00,7,1,6,FMN GV 22 Boechout
7,Victor Heylenlei 41,2020-09-26,09:00:00,14,10,4,FMN GV 22 Boechout
7,Victor Heylenlei 41,2020-09-26,10:00:00,27,4,23,FMN GV 22 Boechout
7,Victor Heylenlei 41,2020-09-26,11:00:00,16,8,8,FMN GV 22 Boechout
7,Victor Heylenlei 41,2020-09-26,12:00:00,10,3,7,FMN GV 22 Boechout
7,Victor Heylenlei 41,2020-09-26,13:00:00,46,17,29,FMN GV 22 Boechout
7,Victor Heylenlei 41,2020-09-26,14:00:00,48,26,22,FMN GV 22 Boechout
7,Victor Heylenlei 41,2020-09-26,15:00:00,67,27,40,FMN GV 22 Boechout
7,Victor Heylenlei 41,2020-09-26,16:00:00,85,36,49,FMN GV 22 Boechout
7,Victor Heylenlei 41,2020-09-26,17:00:00,56,45,11,FMN GV 22 Boechout
7,Victor Heylenlei 41,2020-09-26,18:00:00,22,17,5,FMN GV 22 Boechout
7,Victor Heylenlei 41,2020-09-26,19:00:00,15,11,4,FMN GV 22 Boechout
7,Victor Heylenlei 41,2020-09-26,20:00:00,9,6,3,FMN GV 22 Boechout
7,Victor Heylenlei 41,2020-09-26,21:00:00,4,4,0,FMN GV 22 Boechout
7,Victor Heylenlei 41,2020-09-26,22:00:00,1,0,1,FMN GV 22 Boechout
7,Victor Heylenlei 41,2020-09-26,23:00:00,7,3,4,FMN GV 22 Boechout
7,Victor Heylenlei 41,2020-09-27,00:00:00,4,2,2,FMN GV 22 Boechout
7,Victor Heylenlei 41,2020-09-27,01:00:00,3,2,1,FMN GV 22 Boechout
7,Victor Heylenlei 41,2020-09-27,02:00:00,1,1,0,FMN GV 22 Boechout
7,Victor Heylenlei 41,2020-09-27,03:00:00,1,1,0,FMN GV 22 Boechout
7,Victor Heylenlei 41,2020-09-27,04:00:00,1,1,0,FMN GV 22 Boechout
7,Victor Heylenlei 41,2020-09-27,05:00:00,5,5,0,FMN GV 22 Boechout
7,Victor Heylenlei 41,2020-09-27,06:00:00,1,1,0,FMN GV 22 Boechout
7,Victor Heylenlei 41,2020-09-27,07:00:00,4,0,4,FMN GV 22 Boechout
7,Victor Heylenlei 41,2020-09-27,08:00:00,7,4,3,FMN GV 22 Boechout
7,Victor Heylenlei 41,2020-09-27,09:00:00,27,19,8,FMN GV 22 Boechout
7,Victor Heylenlei 41,2020-09-27,10:00:00,50,27,23,FMN GV 22 Boechout
7,Victor Heylenlei 41,2020-09-27,11:00:00,41,27,14,FMN GV 22 Boechout
7,Victor Heylenlei 41,2020-09-27,12:00:00,54,31,23,FMN GV 22 Boechout
7,Victor Heylenlei 41,2020-09-27,13:00:00,83,51,32,FMN GV 22 Boechout
7,Victor Heylenlei 41,2020-09-27,14:00:00,76,36,40,FMN GV 22 Boechout
7,Victor Heylenlei 41,2020-09-27,15:00:00,97,52,45,FMN GV 22 Boechout
7,Victor Heylenlei 41,2020-09-27,16:00:00,60,37,23,FMN GV 22 Boechout
7,Victor Heylenlei 41,2020-09-27,17:00:00,78,37,41,FMN GV 22 Boechout
7,Victor Heylenlei 41,2020-09-27,18:00:00,52,25,27,FMN GV 22 Boechout
7,Victor Heylenlei 41,2020-09-27,19:00:00,19,11,8,FMN GV 22 Boechout
7,Victor Heylenlei 41,2020-09-27,20:00:00,9,4,5,FMN GV 22 Boechout
7,Victor Heylenlei 41,2020-09-27,21:00:00,9,6,3,FMN GV 22 Boechout
7,Victor Heylenlei 41,2020-09-27,22:00:00,5,3,2,FMN GV 22 Boechout
7,Victor Heylenlei 41,2020-09-27,23:00:00,9,3,6,FMN GV 22 Boechout
7,Victor Heylenlei 41,2020-09-28,00:00:00,1,1,0,FMN GV 22 Boechout
7,Victor Heylenlei 41,2020-09-28,01:00:00,3,2,1,FMN GV 22 Boechout
7,Victor Heylenlei 41,2020-09-28,02:00:00,2,1,1,FMN GV 22 Boechout
7,Victor Heylenlei 41,2020-09-28,03:00:00,1,0,1,FMN GV 22 Boechout
7,Victor Heylenlei 41,2020-09-28,04:00:00,3,2,1,FMN GV 22 Boechout
7,Victor Heylenlei 41,2020-09-28,05:00:00,4,1,3,FMN GV 22 Boechout
7,Victor Heylenlei 41,2020-09-28,06:00:00,21,10,11,FMN GV 22 Boechout
7,Victor Heylenlei 41,2020-09-28,07:00:00,54,36,18,FMN GV 22 Boechout
7,Victor Heylenlei 41,2020-09-28,08:00:00,92,31,61,FMN GV 22 Boechout
7,Victor Heylenlei 41,2020-09-28,09:00:00,36,14,22,FMN GV 22 Boechout
7,Victor Heylenlei 41,2020-09-28,10:00:00,12,6,6,FMN GV 22 Boechout
7,Victor Heylenlei 41,2020-09-28,11:00:00,8,2,6,FMN GV 22 Boechout
7,Victor Heylenlei 41,2020-09-28,12:00:00,14,4,10,FMN GV 22 Boechout
7,Victor Heylenlei 41,2020-09-28,13:00:00,23,10,13,FMN GV 22 Boechout
7,Victor Heylenlei 41,2020-09-28,14:00:00,21,11,10,FMN GV 22 Boechout
7,Victor Heylenlei 41,2020-09-28,15:00:00,41,15,26,FMN GV 22 Boechout
7,Victor Heylenlei 41,2020-09-28,16:00:00,113,66,47,FMN GV 22 Boechout
7,Victor Heylenlei 41,2020-09-28,17:00:00,81,39,42,FMN GV 22 Boechout
7,Victor Heylenlei 41,2020-09-28,18:00:00,37,8,29,FMN GV 22 Boechout
7,Victor Heylenlei 41,2020-09-28,19:00:00,21,5,16,FMN GV 22 Boechout
7,Victor Heylenlei 41,2020-09-28,20:00:00,4,2,2,FMN GV 22 Boechout
7,Victor Heylenlei 41,2020-09-28,21:00:00,5,4,1,FMN GV 22 Boechout
7,Victor Heylenlei 41,2020-09-28,22:00:00,11,5,6,FMN GV 22 Boechout
7,Victor Heylenlei 41,2020-09-28,23:00:00,3,2,1,FMN GV 22 Boechout
7,Victor Heylenlei 41,2020-09-29,00:00:00,2,0,2,FMN GV 22 Boechout
7,Victor Heylenlei 41,2020-09-29,01:00:00,0,0,0,FMN GV 22 Boechout
7,Victor Heylenlei 41,2020-09-29,02:00:00,0,0,0,FMN GV 22 Boechout
7,Victor Heylenlei 41,2020-09-29,03:00:00,1,1,0,FMN GV 22 Boechout
7,Victor Heylenlei 41,2020-09-29,04:00:00,2,2,0,FMN GV 22 Boechout
7,Victor Heylenlei 41,2020-09-29,05:00:00,8,6,2,FMN GV 22 Boechout
7,Victor Heylenlei 41,2020-09-29,06:00:00,23,17,6,FMN GV 22 Boechout
7,Victor Heylenlei 41,2020-09-29,07:00:00,91,70,21,FMN GV 22 Boechout
7,Victor Heylenlei 41,2020-09-29,08:00:00,162,79,83,FMN GV 22 Boechout
7,Victor Heylenlei 41,2020-09-29,09:00:00,80,27,53,FMN GV 22 Boechout
7,Victor Heylenlei 41,2020-09-29,10:00:00,77,24,53,FMN GV 22 Boechout
7,Victor Heylenlei 41,2020-09-29,11:00:00,53,28,25,FMN GV 22 Boechout
7,Victor Heylenlei 41,2020-09-29,12:00:00,63,32,31,FMN GV 22 Boechout
7,Victor Heylenlei 41,2020-09-29,13:00:00,93,41,52,FMN GV 22 Boechout
7,Victor Heylenlei 41,2020-09-29,14:00:00,118,63,55,FMN GV 22 Boechout
7,Victor Heylenlei 41,2020-09-29,15:00:00,128,62,66,FMN GV 22 Boechout
7,Victor Heylenlei 41,2020-09-29,16:00:00,211,112,99,FMN GV 22 Boechout
7,Victor Heylenlei 41,2020-09-29,17:00:00,192,100,92,FMN GV 22 Boechout
7,Victor Heylenlei 41,2020-09-29,18:00:00,82,41,41,FMN GV 22 Boechout
7,Victor Heylenlei 41,2020-09-29,19:00:00,44,25,19,FMN GV 22 Boechout
7,Victor Heylenlei 41,2020-09-29,20:00:00,27,14,13,FMN GV 22 Boechout
7,Victor Heylenlei 41,2020-09-29,21:00:00,9,7,2,FMN GV 22 Boechout
7,Victor Heylenlei 41,2020-09-29,22:00:00,16,2,14,FMN GV 22 Boechout
7,Victor Heylenlei 41,2020-09-29,23:00:00,2,0,2,FMN GV 22 Boechout
7,Victor Heylenlei 41,2020-09-30,00:00:00,5,3,2,FMN GV 22 Boechout
7,Victor Heylenlei 41,2020-09-30,01:00:00,1,0,1,FMN GV 22 Boechout
7,Victor Heylenlei 41,2020-09-30,02:00:00,0,0,0,FMN GV 22 Boechout
7,Victor Heylenlei 41,2020-09-30,03:00:00,0,0,0,FMN GV 22 Boechout
7,Victor Heylenlei 41,2020-09-30,04:00:00,5,4,1,FMN GV 22 Boechout
7,Victor Heylenlei 41,2020-09-30,05:00:00,7,6,1,FMN GV 22 Boechout
7,Victor Heylenlei 41,2020-09-30,06:00:00,34,22,12,FMN GV 22 Boechout
7,Victor Heylenlei 41,2020-09-30,07:00:00,106,82,24,FMN GV 22 Boechout
7,Victor Heylenlei 41,2020-09-30,08:00:00,153,72,81,FMN GV 22 Boechout
7,Victor Heylenlei 41,2020-09-30,09:00:00,74,31,43,FMN GV 22 Boechout
7,Victor Heylenlei 41,2020-09-30,10:00:00,53,33,20,FMN GV 22 Boechout
7,Victor Heylenlei 41,2020-09-30,11:00:00,49,27,22,FMN GV 22 Boechout
7,Victor Heylenlei 41,2020-09-30,12:00:00,149,96,53,FMN GV 22 Boechout
7,Victor Heylenlei 41,2020-09-30,13:00:00,115,71,44,FMN GV 22 Boechout
7,Victor Heylenlei 41,2020-09-30,14:00:00,60,24,36,FMN GV 22 Boechout
7,Victor Heylenlei 41,2020-09-30,15:00:00,87,39,48,FMN GV 22 Boechout
7,Victor Heylenlei 41,2020-09-30,16:00:00,97,39,58,FMN GV 22 Boechout
7,Victor Heylenlei 41,2020-09-30,17:00:00,110,32,78,FMN GV 22 Boechout
7,Victor Heylenlei 41,2020-09-30,18:00:00,84,31,53,FMN GV 22 Boechout
7,Victor Heylenlei 41,2020-09-30,19:00:00,69,40,29,FMN GV 22 Boechout
7,Victor Heylenlei 41,2020-09-30,20:00:00,20,9,11,FMN GV 22 Boechout
7,Victor Heylenlei 41,2020-09-30,21:00:00,22,13,9,FMN GV 22 Boechout
7,Victor Heylenlei 41,2020-09-30,22:00:00,12,8,4,FMN GV 22 Boechout
7,Victor Heylenlei 41,2020-09-30,23:00:00,4,1,3,FMN GV 22 Boechout
7,Victor Heylenlei 41,2020-10-01,00:00:00,2,1,1,FMN GV 22 Boechout
7,Victor Heylenlei 41,2020-10-01,01:00:00,2,2,0,FMN GV 22 Boechout
7,Victor Heylenlei 41,2020-10-01,02:00:00,0,0,0,FMN GV 22 Boechout
7,Victor Heylenlei 41,2020-10-01,03:00:00,0,0,0,FMN GV 22 Boechout
7,Victor Heylenlei 41,2020-10-01,04:00:00,3,2,1,FMN GV 22 Boechout
7,Victor Heylenlei 41,2020-10-01,05:00:00,8,6,2,FMN GV 22 Boechout
7,Victor Heylenlei 41,2020-10-01,06:00:00,26,20,6,FMN GV 22 Boechout
7,Victor Heylenlei 41,2020-10-01,07:00:00,81,62,19,FMN GV 22 Boechout
7,Victor Heylenlei 41,2020-10-01,08:00:00,120,49,71,FMN GV 22 Boechout
7,Victor Heylenlei 41,2020-10-01,09:00:00,39,10,29,FMN GV 22 Boechout
7,Victor Heylenlei 41,2020-10-01,10:00:00,11,5,6,FMN GV 22 Boechout
7,Victor Heylenlei 41,2020-10-01,11:00:00,11,7,4,FMN GV 22 Boechout
7,Victor Heylenlei 41,2020-10-01,12:00:00,23,8,15,FMN GV 22 Boechout
7,Victor Heylenlei 41,2020-10-01,13:00:00,24,12,12,FMN GV 22 Boechout
7,Victor Heylenlei 41,2020-10-01,14:00:00,26,8,18,FMN GV 22 Boechout
7,Victor Heylenlei 41,2020-10-01,15:00:00,32,9,23,FMN GV 22 Boechout
7,Victor Heylenlei 41,2020-10-01,16:00:00,116,67,49,FMN GV 22 Boechout
7,Victor Heylenlei 41,2020-10-01,17:00:00,103,56,47,FMN GV 22 Boechout
7,Victor Heylenlei 41,2020-10-01,18:00:00,44,11,33,FMN GV 22 Boechout
7,Victor Heylenlei 41,2020-10-01,19:00:00,31,10,21,FMN GV 22 Boechout
7,Victor Heylenlei 41,2020-10-01,20:00:00,20,12,8,FMN GV 22 Boechout
7,Victor Heylenlei 41,2020-10-01,21:00:00,17,10,7,FMN GV 22 Boechout
7,Victor Heylenlei 41,2020-10-01,22:00:00,9,5,4,FMN GV 22 Boechout
7,Victor Heylenlei 41,2020-10-01,23:00:00,5,2,3,FMN GV 22 Boechout
7,Victor Heylenlei 41,2020-10-02,00:00:00,5,3,2,FMN GV 22 Boechout
7,Victor Heylenlei 41,2020-10-02,01:00:00,2,0,2,FMN GV 22 Boechout
7,Victor Heylenlei 41,2020-10-02,02:00:00,1,0,1,FMN GV 22 Boechout
7,Victor Heylenlei 41,2020-10-02,03:00:00,0,0,0,FMN GV 22 Boechout
7,Victor Heylenlei 41,2020-10-02,04:00:00,2,2,0,FMN GV 22 Boechout
7,Victor Heylenlei 41,2020-10-02,05:00:00,6,5,1,FMN GV 22 Boechout
7,Victor Heylenlei 41,2020-10-02,06:00:00,15,9,6,FMN GV 22 Boechout
7,Victor Heylenlei 41,2020-10-02,07:00:00,54,36,18,FMN GV 22 Boechout
7,Victor Heylenlei 41,2020-10-02,08:00:00,85,38,47,FMN GV 22 Boechout
7,Victor Heylenlei 41,2020-10-02,09:00:00,42,18,24,FMN GV 22 Boechout
7,Victor Heylenlei 41,2020-10-02,10:00:00,25,13,12,FMN GV 22 Boechout
7,Victor Heylenlei 41,2020-10-02,11:00:00,22,14,8,FMN GV 22 Boechout
7,Victor Heylenlei 41,2020-10-02,12:00:00,28,8,20,FMN GV 22 Boechout
7,Victor Heylenlei 41,2020-10-02,13:00:00,27,15,12,FMN GV 22 Boechout
7,Victor Heylenlei 41,2020-10-02,14:00:00,26,8,18,FMN GV 22 Boechout
7,Victor Heylenlei 41,2020-10-02,15:00:00,52,17,35,FMN GV 22 Boechout
7,Victor Heylenlei 41,2020-10-02,16:00:00,144,86,58,FMN GV 22 Boechout
7,Victor Heylenlei 41,2020-10-02,17:00:00,69,45,24,FMN GV 22 Boechout
7,Victor Heylenlei 41,2020-10-02,18:00:00,43,18,25,FMN GV 22 Boechout
7,Victor Heylenlei 41,2020-10-02,19:00:00,23,16,7,FMN GV 22 Boechout
7,Victor Heylenlei 41,2020-10-02,20:00:00,15,7,8,FMN GV 22 Boechout
7,Victor Heylenlei 41,2020-10-02,21:00:00,15,1,14,FMN GV 22 Boechout
7,Victor Heylenlei 41,2020-10-02,22:00:00,4,0,4,FMN GV 22 Boechout
7,Victor Heylenlei 41,2020-10-02,23:00:00,5,0,5,FMN GV 22 Boechout
7,Victor Heylenlei 41,2020-10-03,00:00:00,2,0,2,FMN GV 22 Boechout
7,Victor Heylenlei 41,2020-10-03,01:00:00,7,1,6,FMN GV 22 Boechout
7,Victor Heylenlei 41,2020-10-03,02:00:00,2,0,2,FMN GV 22 Boechout
7,Victor Heylenlei 41,2020-10-03,03:00:00,18,13,5,FMN GV 22 Boechout
7,Victor Heylenlei 41,2020-10-03,04:00:00,1,1,0,FMN GV 22 Boechout
7,Victor Heylenlei 41,2020-10-03,05:00:00,4,3,1,FMN GV 22 Boechout
7,Victor Heylenlei 41,2020-10-03,06:00:00,2,0,2,FMN GV 22 Boechout
7,Victor Heylenlei 41,2020-10-03,07:00:00,5,1,4,FMN GV 22 Boechout
7,Victor Heylenlei 41,2020-10-03,08:00:00,6,4,2,FMN GV 22 Boechout
7,Victor Heylenlei 41,2020-10-03,09:00:00,7,3,4,FMN GV 22 Boechout
7,Victor Heylenlei 41,2020-10-03,10:00:00,8,3,5,FMN GV 22 Boechout
7,Victor Heylenlei 41,2020-10-03,11:00:00,9,4,5,FMN GV 22 Boechout
7,Victor Heylenlei 41,2020-10-03,12:00:00,19,12,7,FMN GV 22 Boechout
7,Victor Heylenlei 41,2020-10-03,13:00:00,28,12,16,FMN GV 22 Boechout
7,Victor Heylenlei 41,2020-10-03,14:00:00,20,8,12,FMN GV 22 Boechout
7,Victor Heylenlei 41,2020-10-03,15:00:00,21,5,16,FMN GV 22 Boechout
7,Victor Heylenlei 41,2020-10-03,16:00:00,26,9,17,FMN GV 22 Boechout
7,Victor Heylenlei 41,2020-10-03,17:00:00,20,11,9,FMN GV 22 Boechout
7,Victor Heylenlei 41,2020-10-03,18:00:00,31,7,24,FMN GV 22 Boechout
7,Victor Heylenlei 41,2020-10-03,19:00:00,14,4,10,FMN GV 22 Boechout
7,Victor Heylenlei 41,2020-10-03,20:00:00,17,6,11,FMN GV 22 Boechout
7,Victor Heylenlei 41,2020-10-03,21:00:00,2,1,1,FMN GV 22 Boechout
7,Victor Heylenlei 41,2020-10-03,22:00:00,2,0,2,FMN GV 22 Boechout
7,Victor Heylenlei 41,2020-10-03,23:00:00,3,0,3,FMN GV 22 Boechout
7,Victor Heylenlei 41,2020-10-04,00:00:00,3,2,1,FMN GV 22 Boechout
7,Victor Heylenlei 41,2020-10-04,01:00:00,3,1,2,FMN GV 22 Boechout
7,Victor Heylenlei 41,2020-10-04,02:00:00,1,0,1,FMN GV 22 Boechout
7,Victor Heylenlei 41,2020-10-04,03:00:00,4,2,2,FMN GV 22 Boechout
7,Victor Heylenlei 41,2020-10-04,04:00:00,3,1,2,FMN GV 22 Boechout
7,Victor Heylenlei 41,2020-10-04,05:00:00,0,0,0,FMN GV 22 Boechout
7,Victor Heylenlei 41,2020-10-04,06:00:00,1,1,0,FMN GV 22 Boechout
7,Victor Heylenlei 41,2020-10-04,07:00:00,0,0,0,FMN GV 22 Boechout
7,Victor Heylenlei 41,2020-10-04,08:00:00,4,0,4,FMN GV 22 Boechout
7,Victor Heylenlei 41,2020-10-04,09:00:00,33,12,21,FMN GV 22 Boechout
7,Victor Heylenlei 41,2020-10-04,10:00:00,37,19,18,FMN GV 22 Boechout
7,Victor Heylenlei 41,2020-10-04,11:00:00,44,22,22,FMN GV 22 Boechout
7,Victor Heylenlei 41,2020-10-04,12:00:00,18,13,5,FMN GV 22 Boechout
7,Victor Heylenlei 41,2020-10-04,13:00:00,43,32,11,FMN GV 22 Boechout
7,Victor Heylenlei 41,2020-10-04,14:00:00,63,49,14,FMN GV 22 Boechout
7,Victor Heylenlei 41,2020-10-04,15:00:00,51,36,15,FMN GV 22 Boechout
7,Victor Heylenlei 41,2020-10-04,16:00:00,31,21,10,FMN GV 22 Boechout
7,Victor Heylenlei 41,2020-10-04,17:00:00,59,32,27,FMN GV 22 Boechout
7,Victor Heylenlei 41,2020-10-04,18:00:00,28,20,8,FMN GV 22 Boechout
7,Victor Heylenlei 41,2020-10-04,19:00:00,13,4,9,FMN GV 22 Boechout
7,Victor Heylenlei 41,2020-10-04,20:00:00,10,2,8,FMN GV 22 Boechout
7,Victor Heylenlei 41,2020-10-04,21:00:00,12,10,2,FMN GV 22 Boechout
7,Victor Heylenlei 41,2020-10-04,22:00:00,5,4,1,FMN GV 22 Boechout
7,Victor Heylenlei 41,2020-10-04,23:00:00,0,0,0,FMN GV 22 Boechout
7,Victor Heylenlei 41,2020-10-05,00:00:00,3,0,3,FMN GV 22 Boechout
7,Victor Heylenlei 41,2020-10-05,01:00:00,3,2,1,FMN GV 22 Boechout
7,Victor Heylenlei 41,2020-10-05,02:00:00,1,1,0,FMN GV 22 Boechout
7,Victor Heylenlei 41,2020-10-05,03:00:00,3,3,0,FMN GV 22 Boechout
7,Victor Heylenlei 41,2020-10-05,04:00:00,2,2,0,FMN GV 22 Boechout
7,Victor Heylenlei 41,2020-10-05,05:00:00,10,5,5,FMN GV 22 Boechout
7,Victor Heylenlei 41,2020-10-05,06:00:00,14,10,4,FMN GV 22 Boechout
7,Victor Heylenlei 41,2020-10-05,07:00:00,49,41,8,FMN GV 22 Boechout
7,Victor Heylenlei 41,2020-10-05,08:00:00,39,32,7,FMN GV 22 Boechout
7,Victor Heylenlei 41,2020-10-05,09:00:00,17,5,12,FMN GV 22 Boechout
7,Victor Heylenlei 41,2020-10-05,10:00:00,14,6,8,FMN GV 22 Boechout
7,Victor Heylenlei 41,2020-10-05,11:00:00,17,14,3,FMN GV 22 Boechout
7,Victor Heylenlei 41,2020-10-05,12:00:00,45,26,19,FMN GV 22 Boechout
7,Victor Heylenlei 41,2020-10-05,13:00:00,44,28,16,FMN GV 22 Boechout
7,Victor Heylenlei 41,2020-10-05,14:00:00,44,24,20,FMN GV 22 Boechout
7,Victor Heylenlei 41,2020-10-05,15:00:00,67,28,39,FMN GV 22 Boechout
7,Victor Heylenlei 41,2020-10-05,16:00:00,72,19,53,FMN GV 22 Boechout
7,Victor Heylenlei 41,2020-10-05,17:00:00,65,17,48,FMN GV 22 Boechout
7,Victor Heylenlei 41,2020-10-05,18:00:00,43,14,29,FMN GV 22 Boechout
7,Victor Heylenlei 41,2020-10-05,19:00:00,33,15,18,FMN GV 22 Boechout
7,Victor Heylenlei 41,2020-10-05,20:00:00,17,7,10,FMN GV 22 Boechout
7,Victor Heylenlei 41,2020-10-05,21:00:00,12,3,9,FMN GV 22 Boechout
7,Victor Heylenlei 41,2020-10-05,22:00:00,10,5,5,FMN GV 22 Boechout
7,Victor Heylenlei 41,2020-10-05,23:00:00,6,3,3,FMN GV 22 Boechout
7,Victor Heylenlei 41,2020-10-06,00:00:00,5,3,2,FMN GV 22 Boechout
7,Victor Heylenlei 41,2020-10-06,01:00:00,0,0,0,FMN GV 22 Boechout
7,Victor Heylenlei 41,2020-10-06,02:00:00,0,0,0,FMN GV 22 Boechout
7,Victor Heylenlei 41,2020-10-06,03:00:00,0,0,0,FMN GV 22 Boechout
7,Victor Heylenlei 41,2020-10-06,04:00:00,5,4,1,FMN GV 22 Boechout
7,Victor Heylenlei 41,2020-10-06,05:00:00,7,6,1,FMN GV 22 Boechout
7,Victor Heylenlei 41,2020-10-06,06:00:00,25,22,3,FMN GV 22 Boechout
7,Victor Heylenlei 41,2020-10-06,07:00:00,80,69,11,FMN GV 22 Boechout
7,Victor Heylenlei 41,2020-10-06,08:00:00,119,51,68,FMN GV 22 Boechout
7,Victor Heylenlei 41,2020-10-06,09:00:00,48,19,29,FMN GV 22 Boechout
7,Victor Heylenlei 41,2020-10-06,10:00:00,16,8,8,FMN GV 22 Boechout
7,Victor Heylenlei 41,2020-10-06,11:00:00,23,8,15,FMN GV 22 Boechout
7,Victor Heylenlei 41,2020-10-06,12:00:00,34,15,19,FMN GV 22 Boechout
7,Victor Heylenlei 41,2020-10-06,13:00:00,34,15,19,FMN GV 22 Boechout
7,Victor Heylenlei 41,2020-10-06,14:00:00,42,16,26,FMN GV 22 Boechout
7,Victor Heylenlei 41,2020-10-06,15:00:00,69,33,36,FMN GV 22 Boechout
7,Victor Heylenlei 41,2020-10-06,16:00:00,171,92,79,FMN GV 22 Boechout
7,Victor Heylenlei 41,2020-10-06,17:00:00,111,55,56,FMN GV 22 Boechout
7,Victor Heylenlei 41,2020-10-06,18:00:00,42,15,27,FMN GV 22 Boechout
7,Victor Heylenlei 41,2020-10-06,19:00:00,28,11,17,FMN GV 22 Boechout
7,Victor Heylenlei 41,2020-10-06,20:00:00,23,12,11,FMN GV 22 Boechout
7,Victor Heylenlei 41,2020-10-06,21:00:00,12,8,4,FMN GV 22 Boechout
7,Victor Heylenlei 41,2020-10-06,22:00:00,5,0,5,FMN GV 22 Boechout
7,Victor Heylenlei 41,2020-10-06,23:00:00,7,2,5,FMN GV 22 Boechout
7,Victor Heylenlei 41,2020-10-07,00:00:00,0,0,0,FMN GV 22 Boechout
7,Victor Heylenlei 41,2020-10-07,01:00:00,4,3,1,FMN GV 22 Boechout
7,Victor Heylenlei 41,2020-10-07,02:00:00,2,2,0,FMN GV 22 Boechout
7,Victor Heylenlei 41,2020-10-07,03:00:00,1,1,0,FMN GV 22 Boechout
7,Victor Heylenlei 41,2020-10-07,04:00:00,3,2,1,FMN GV 22 Boechout
7,Victor Heylenlei 41,2020-10-07,05:00:00,11,7,4,FMN GV 22 Boechout
7,Victor Heylenlei 41,2020-10-07,06:00:00,19,14,5,FMN GV 22 Boechout
7,Victor Heylenlei 41,2020-10-07,07:00:00,89,62,27,FMN GV 22 Boechout
7,Victor Heylenlei 41,2020-10-07,08:00:00,150,73,77,FMN GV 22 Boechout
7,Victor Heylenlei 41,2020-10-07,09:00:00,38,17,21,FMN GV 22 Boechout
7,Victor Heylenlei 41,2020-10-07,10:00:00,32,18,14,FMN GV 22 Boechout
7,Victor Heylenlei 41,2020-10-07,11:00:00,25,13,12,FMN GV 22 Boechout
7,Victor Heylenlei 41,2020-10-07,12:00:00,132,87,45,FMN GV 22 Boechout
7,Victor Heylenlei 41,2020-10-07,13:00:00,89,54,35,FMN GV 22 Boechout
7,Victor Heylenlei 41,2020-10-07,14:00:00,54,21,33,FMN GV 22 Boechout
7,Victor Heylenlei 41,2020-10-07,15:00:00,45,21,24,FMN GV 22 Boechout
7,Victor Heylenlei 41,2020-10-07,16:00:00,76,22,54,FMN GV 22 Boechout
7,Victor Heylenlei 41,2020-10-07,17:00:00,78,21,57,FMN GV 22 Boechout
7,Victor Heylenlei 41,2020-10-07,18:00:00,66,33,33,FMN GV 22 Boechout
7,Victor Heylenlei 41,2020-10-07,19:00:00,34,16,18,FMN GV 22 Boechout
7,Victor Heylenlei 41,2020-10-07,20:00:00,19,10,9,FMN GV 22 Boechout
7,Victor Heylenlei 41,2020-10-07,21:00:00,19,5,14,FMN GV 22 Boechout
7,Victor Heylenlei 41,2020-10-07,22:00:00,9,7,2,FMN GV 22 Boechout
7,Victor Heylenlei 41,2020-10-07,23:00:00,7,4,3,FMN GV 22 Boechout
7,Victor Heylenlei 41,2020-10-08,00:00:00,2,1,1,FMN GV 22 Boechout
7,Victor Heylenlei 41,2020-10-08,01:00:00,0,0,0,FMN GV 22 Boechout
7,Victor Heylenlei 41,2020-10-08,02:00:00,1,1,0,FMN GV 22 Boechout
7,Victor Heylenlei 41,2020-10-08,03:00:00,1,1,0,FMN GV 22 Boechout
7,Victor Heylenlei 41,2020-10-08,04:00:00,2,2,0,FMN GV 22 Boechout
7,Victor Heylenlei 41,2020-10-08,05:00:00,9,7,2,FMN GV 22 Boechout
7,Victor Heylenlei 41,2020-10-08,06:00:00,17,13,4,FMN GV 22 Boechout
7,Victor Heylenlei 41,2020-10-08,07:00:00,94,76,18,FMN GV 22 Boechout
7,Victor Heylenlei 41,2020-10-08,08:00:00,138,67,71,FMN GV 22 Boechout
7,Victor Heylenlei 41,2020-10-08,09:00:00,53,18,35,FMN GV 22 Boechout
7,Victor Heylenlei 41,2020-10-08,10:00:00,19,9,10,FMN GV 22 Boechout
7,Victor Heylenlei 41,2020-10-08,11:00:00,27,11,16,FMN GV 22 Boechout
7,Victor Heylenlei 41,2020-10-08,12:00:00,28,13,15,FMN GV 22 Boechout
7,Victor Heylenlei 41,2020-10-08,13:00:00,39,21,18,FMN GV 22 Boechout
7,Victor Heylenlei 41,2020-10-08,14:00:00,43,18,25,FMN GV 22 Boechout
7,Victor Heylenlei 41,2020-10-08,15:00:00,41,15,26,FMN GV 22 Boechout
7,Victor Heylenlei 41,2020-10-08,16:00:00,134,75,59,FMN GV 22 Boechout
7,Victor Heylenlei 41,2020-10-08,17:00:00,93,45,48,FMN GV 22 Boechout
7,Victor Heylenlei 41,2020-10-08,18:00:00,52,16,36,FMN GV 22 Boechout
7,Victor Heylenlei 41,2020-10-08,19:00:00,21,10,11,FMN GV 22 Boechout
7,Victor Heylenlei 41,2020-10-08,20:00:00,15,5,10,FMN GV 22 Boechout
7,Victor Heylenlei 41,2020-10-08,21:00:00,6,3,3,FMN GV 22 Boechout
7,Victor Heylenlei 41,2020-10-08,22:00:00,11,5,6,FMN GV 22 Boechout
7,Victor Heylenlei 41,2020-10-08,23:00:00,5,1,4,FMN GV 22 Boechout
7,Victor Heylenlei 41,2020-10-09,00:00:00,2,1,1,FMN GV 22 Boechout
7,Victor Heylenlei 41,2020-10-09,01:00:00,0,0,0,FMN GV 22 Boechout
7,Victor Heylenlei 41,2020-10-09,02:00:00,2,0,2,FMN GV 22 Boechout
7,Victor Heylenlei 41,2020-10-09,03:00:00,2,2,0,FMN GV 22 Boechout
7,Victor Heylenlei 41,2020-10-09,04:00:00,3,2,1,FMN GV 22 Boechout
7,Victor Heylenlei 41,2020-10-09,05:00:00,15,8,7,FMN GV 22 Boechout
7,Victor Heylenlei 41,2020-10-09,06:00:00,23,18,5,FMN GV 22 Boechout
7,Victor Heylenlei 41,2020-10-09,07:00:00,95,70,25,FMN GV 22 Boechout
7,Victor Heylenlei 41,2020-10-09,08:00:00,156,69,87,FMN GV 22 Boechout
7,Victor Heylenlei 41,2020-10-09,09:00:00,58,28,30,FMN GV 22 Boechout
7,Victor Heylenlei 41,2020-10-09,10:00:00,56,29,27,FMN GV 22 Boechout
7,Victor Heylenlei 41,2020-10-09,11:00:00,59,34,25,FMN GV 22 Boechout
7,Victor Heylenlei 41,2020-10-09,12:00:00,72,34,38,FMN GV 22 Boechout
7,Victor Heylenlei 41,2020-10-09,13:00:00,74,32,42,FMN GV 22 Boechout
7,Victor Heylenlei 41,2020-10-09,14:00:00,102,50,52,FMN GV 22 Boechout
7,Victor Heylenlei 41,2020-10-09,15:00:00,122,55,67,FMN GV 22 Boechout
7,Victor Heylenlei 41,2020-10-09,16:00:00,205,118,87,FMN GV 22 Boechout
7,Victor Heylenlei 41,2020-10-09,17:00:00,152,89,63,FMN GV 22 Boechout
7,Victor Heylenlei 41,2020-10-09,18:00:00,162,70,92,FMN GV 22 Boechout
7,Victor Heylenlei 41,2020-10-09,19:00:00,28,18,10,FMN GV 22 Boechout
7,Victor Heylenlei 41,2020-10-09,20:00:00,14,8,6,FMN GV 22 Boechout
7,Victor Heylenlei 41,2020-10-09,21:00:00,10,5,5,FMN GV 22 Boechout
7,Victor Heylenlei 41,2020-10-09,22:00:00,7,4,3,FMN GV 22 Boechout
7,Victor Heylenlei 41,2020-10-09,23:00:00,5,2,3,FMN GV 22 Boechout
7,Victor Heylenlei 41,2020-10-10,00:00:00,2,0,2,FMN GV 22 Boechout
7,Victor Heylenlei 41,2020-10-10,01:00:00,2,0,2,FMN GV 22 Boechout
7,Victor Heylenlei 41,2020-10-10,02:00:00,1,0,1,FMN GV 22 Boechout
7,Victor Heylenlei 41,2020-10-10,03:00:00,0,0,0,FMN GV 22 Boechout
7,Victor Heylenlei 41,2020-10-10,04:00:00,1,0,1,FMN GV 22 Boechout
7,Victor Heylenlei 41,2020-10-10,05:00:00,2,0,2,FMN GV 22 Boechout
7,Victor Heylenlei 41,2020-10-10,06:00:00,2,1,1,FMN GV 22 Boechout
7,Victor Heylenlei 41,2020-10-10,07:00:00,1,0,1,FMN GV 22 Boechout
7,Victor Heylenlei 41,2020-10-10,08:00:00,4,1,3,FMN GV 22 Boechout
7,Victor Heylenlei 41,2020-10-10,09:00:00,20,8,12,FMN GV 22 Boechout
7,Victor Heylenlei 41,2020-10-10,10:00:00,63,30,33,FMN GV 22 Boechout
7,Victor Heylenlei 41,2020-10-10,11:00:00,94,44,50,FMN GV 22 Boechout
7,Victor Heylenlei 41,2020-10-10,12:00:00,55,33,22,FMN GV 22 Boechout
7,Victor Heylenlei 41,2020-10-10,13:00:00,62,38,24,FMN GV 22 Boechout
7,Victor Heylenlei 41,2020-10-10,14:00:00,53,37,16,FMN GV 22 Boechout
7,Victor Heylenlei 41,2020-10-10,15:00:00,66,49,17,FMN GV 22 Boechout
7,Victor Heylenlei 41,2020-10-10,16:00:00,28,19,9,FMN GV 22 Boechout
7,Victor Heylenlei 41,2020-10-10,17:00:00,18,11,7,FMN GV 22 Boechout
7,Victor Heylenlei 41,2020-10-10,18:00:00,12,9,3,FMN GV 22 Boechout
7,Victor Heylenlei 41,2020-10-10,19:00:00,2,1,1,FMN GV 22 Boechout
7,Victor Heylenlei 41,2020-10-10,20:00:00,1,1,0,FMN GV 22 Boechout
7,Victor Heylenlei 41,2020-10-10,21:00:00,8,5,3,FMN GV 22 Boechout
7,Victor Heylenlei 41,2020-10-10,22:00:00,1,1,0,FMN GV 22 Boechout
7,Victor Heylenlei 41,2020-10-10,23:00:00,2,2,0,FMN GV 22 Boechout
7,Victor Heylenlei 41,2020-10-11,00:00:00,4,3,1,FMN GV 22 Boechout
7,Victor Heylenlei 41,2020-10-11,01:00:00,3,2,1,FMN GV 22 Boechout
7,Victor Heylenlei 41,2020-10-11,02:00:00,0,0,0,FMN GV 22 Boechout
7,Victor Heylenlei 41,2020-10-11,03:00:00,1,0,1,FMN GV 22 Boechout
7,Victor Heylenlei 41,2020-10-11,04:00:00,0,0,0,FMN GV 22 Boechout
7,Victor Heylenlei 41,2020-10-11,05:00:00,0,0,0,FMN GV 22 Boechout
7,Victor Heylenlei 41,2020-10-11,06:00:00,2,1,1,FMN GV 22 Boechout
7,Victor Heylenlei 41,2020-10-11,07:00:00,1,1,0,FMN GV 22 Boechout
7,Victor Heylenlei 41,2020-10-11,08:00:00,6,5,1,FMN GV 22 Boechout
7,Victor Heylenlei 41,2020-10-11,09:00:00,30,18,12,FMN GV 22 Boechout
7,Victor Heylenlei 41,2020-10-11,10:00:00,53,27,26,FMN GV 22 Boechout
7,Victor Heylenlei 41,2020-10-11,11:00:00,57,27,30,FMN GV 22 Boechout
7,Victor Heylenlei 41,2020-10-11,12:00:00,82,49,33,FMN GV 22 Boechout
7,Victor Heylenlei 41,2020-10-11,13:00:00,103,66,37,FMN GV 22 Boechout
7,Victor Heylenlei 41,2020-10-11,14:00:00,118,78,40,FMN GV 22 Boechout
7,Victor Heylenlei 41,2020-10-11,15:00:00,100,62,38,FMN GV 22 Boechout
7,Victor Heylenlei 41,2020-10-11,16:00:00,82,34,48,FMN GV 22 Boechout
7,Victor Heylenlei 41,2020-10-11,17:00:00,53,29,24,FMN GV 22 Boechout
7,Victor Heylenlei 41,2020-10-11,18:00:00,20,8,12,FMN GV 22 Boechout
7,Victor Heylenlei 41,2020-10-11,19:00:00,20,11,9,FMN GV 22 Boechout
7,Victor Heylenlei 41,2020-10-11,20:00:00,5,4,1,FMN GV 22 Boechout
7,Victor Heylenlei 41,2020-10-11,21:00:00,3,2,1,FMN GV 22 Boechout
7,Victor Heylenlei 41,2020-10-11,22:00:00,4,2,2,FMN GV 22 Boechout
7,Victor Heylenlei 41,2020-10-11,23:00:00,2,0,2,FMN GV 22 Boechout
7,Victor Heylenlei 41,2020-10-12,00:00:00,1,1,0,FMN GV 22 Boechout
7,Victor Heylenlei 41,2020-10-12,01:00:00,0,0,0,FMN GV 22 Boechout
7,Victor Heylenlei 41,2020-10-12,02:00:00,2,2,0,FMN GV 22 Boechout
7,Victor Heylenlei 41,2020-10-12,03:00:00,1,1,0,FMN GV 22 Boechout
7,Victor Heylenlei 41,2020-10-12,04:00:00,2,2,0,FMN GV 22 Boechout
7,Victor Heylenlei 41,2020-10-12,05:00:00,6,4,2,FMN GV 22 Boechout
7,Victor Heylenlei 41,2020-10-12,06:00:00,19,16,3,FMN GV 22 Boechout
7,Victor Heylenlei 41,2020-10-12,07:00:00,77,66,11,FMN GV 22 Boechout
7,Victor Heylenlei 41,2020-10-12,08:00:00,102,52,50,FMN GV 22 Boechout
7,Victor Heylenlei 41,2020-10-12,09:00:00,49,21,28,FMN GV 22 Boechout
7,Victor Heylenlei 41,2020-10-12,10:00:00,15,8,7,FMN GV 22 Boechout
7,Victor Heylenlei 41,2020-10-12,11:00:00,24,13,11,FMN GV 22 Boechout
7,Victor Heylenlei 41,2020-10-12,12:00:00,42,22,20,FMN GV 22 Boechout
7,Victor Heylenlei 41,2020-10-12,13:00:00,58,29,29,FMN GV 22 Boechout
7,Victor Heylenlei 41,2020-10-12,14:00:00,92,43,49,FMN GV 22 Boechout
7,Victor Heylenlei 41,2020-10-12,15:00:00,100,38,62,FMN GV 22 Boechout
7,Victor Heylenlei 41,2020-10-12,16:00:00,184,99,85,FMN GV 22 Boechout
7,Victor Heylenlei 41,2020-10-12,17:00:00,137,58,79,FMN GV 22 Boechout
7,Victor Heylenlei 41,2020-10-12,18:00:00,54,19,35,FMN GV 22 Boechout
7,Victor Heylenlei 41,2020-10-12,19:00:00,29,11,18,FMN GV 22 Boechout
7,Victor Heylenlei 41,2020-10-12,20:00:00,15,11,4,FMN GV 22 Boechout
7,Victor Heylenlei 41,2020-10-12,21:00:00,6,3,3,FMN GV 22 Boechout
7,Victor Heylenlei 41,2020-10-12,22:00:00,12,1,11,FMN GV 22 Boechout
7,Victor Heylenlei 41,2020-10-12,23:00:00,6,4,2,FMN GV 22 Boechout
7,Victor Heylenlei 41,2020-10-13,00:00:00,3,1,2,FMN GV 22 Boechout
7,Victor Heylenlei 41,2020-10-13,01:00:00,3,2,1,FMN GV 22 Boechout
7,Victor Heylenlei 41,2020-10-13,02:00:00,0,0,0,FMN GV 22 Boechout
7,Victor Heylenlei 41,2020-10-13,03:00:00,0,0,0,FMN GV 22 Boechout
7,Victor Heylenlei 41,2020-10-13,04:00:00,3,1,2,FMN GV 22 Boechout
7,Victor Heylenlei 41,2020-10-13,05:00:00,12,8,4,FMN GV 22 Boechout
7,Victor Heylenlei 41,2020-10-13,06:00:00,20,18,2,FMN GV 22 Boechout
7,Victor Heylenlei 41,2020-10-13,07:00:00,99,76,23,FMN GV 22 Boechout
7,Victor Heylenlei 41,2020-10-13,08:00:00,128,68,60,FMN GV 22 Boechout
7,Victor Heylenlei 41,2020-10-13,09:00:00,70,28,42,FMN GV 22 Boechout
7,Victor Heylenlei 41,2020-10-13,10:00:00,32,12,20,FMN GV 22 Boechout
7,Victor Heylenlei 41,2020-10-13,11:00:00,54,28,26,FMN GV 22 Boechout
7,Victor Heylenlei 41,2020-10-13,12:00:00,34,14,20,FMN GV 22 Boechout
7,Victor Heylenlei 41,2020-10-13,13:00:00,63,28,35,FMN GV 22 Boechout
7,Victor Heylenlei 41,2020-10-13,14:00:00,53,23,30,FMN GV 22 Boechout
7,Victor Heylenlei 41,2020-10-13,15:00:00,61,29,32,FMN GV 22 Boechout
7,Victor Heylenlei 41,2020-10-13,16:00:00,203,114,89,FMN GV 22 Boechout
7,Victor Heylenlei 41,2020-10-13,17:00:00,142,67,75,FMN GV 22 Boechout
7,Victor Heylenlei 41,2020-10-13,18:00:00,62,18,44,FMN GV 22 Boechout
7,Victor Heylenlei 41,2020-10-13,19:00:00,28,10,18,FMN GV 22 Boechout
7,Victor Heylenlei 41,2020-10-13,20:00:00,16,6,10,FMN GV 22 Boechout
7,Victor Heylenlei 41,2020-10-13,21:00:00,11,6,5,FMN GV 22 Boechout
7,Victor Heylenlei 41,2020-10-13,22:00:00,17,7,10,FMN GV 22 Boechout
7,Victor Heylenlei 41,2020-10-13,23:00:00,6,2,4,FMN GV 22 Boechout
7,Victor Heylenlei 41,2020-10-14,00:00:00,0,0,0,FMN GV 22 Boechout
7,Victor Heylenlei 41,2020-10-14,01:00:00,0,0,0,FMN GV 22 Boechout
7,Victor Heylenlei 41,2020-10-14,02:00:00,2,1,1,FMN GV 22 Boechout
7,Victor Heylenlei 41,2020-10-14,03:00:00,1,1,0,FMN GV 22 Boechout
7,Victor Heylenlei 41,2020-10-14,04:00:00,3,1,2,FMN GV 22 Boechout
7,Victor Heylenlei 41,2020-10-14,05:00:00,6,5,1,FMN GV 22 Boechout
7,Victor Heylenlei 41,2020-10-14,06:00:00,16,12,4,FMN GV 22 Boechout
7,Victor Heylenlei 41,2020-10-14,07:00:00,90,67,23,FMN GV 22 Boechout
7,Victor Heylenlei 41,2020-10-14,08:00:00,65,45,20,FMN GV 22 Boechout
7,Victor Heylenlei 41,2020-10-14,09:00:00,34,23,11,FMN GV 22 Boechout
7,Victor Heylenlei 41,2020-10-14,10:00:00,58,29,29,FMN GV 22 Boechout
7,Victor Heylenlei 41,2020-10-14,11:00:00,61,40,21,FMN GV 22 Boechout
7,Victor Heylenlei 41,2020-10-14,12:00:00,75,36,39,FMN GV 22 Boechout
7,Victor Heylenlei 41,2020-10-14,13:00:00,69,23,46,FMN GV 22 Boechout
7,Victor Heylenlei 41,2020-10-14,14:00:00,82,41,41,FMN GV 22 Boechout
7,Victor Heylenlei 41,2020-10-14,15:00:00,76,32,44,FMN GV 22 Boechout
7,Victor Heylenlei 41,2020-10-14,16:00:00,103,44,59,FMN GV 22 Boechout
7,Victor Heylenlei 41,2020-10-14,17:00:00,109,36,73,FMN GV 22 Boechout
7,Victor Heylenlei 41,2020-10-14,18:00:00,62,28,34,FMN GV 22 Boechout
7,Victor Heylenlei 41,2020-10-14,19:00:00,42,23,19,FMN GV 22 Boechout
7,Victor Heylenlei 41,2020-10-14,20:00:00,25,7,18,FMN GV 22 Boechout
7,Victor Heylenlei 41,2020-10-14,21:00:00,14,10,4,FMN GV 22 Boechout
7,Victor Heylenlei 41,2020-10-14,22:00:00,11,6,5,FMN GV 22 Boechout
7,Victor Heylenlei 41,2020-10-14,23:00:00,11,6,5,FMN GV 22 Boechout
7,Victor Heylenlei 41,2020-10-15,00:00:00,4,1,3,FMN GV 22 Boechout
7,Victor Heylenlei 41,2020-10-15,01:00:00,2,2,0,FMN GV 22 Boechout
7,Victor Heylenlei 41,2020-10-15,02:00:00,0,0,0,FMN GV 22 Boechout
7,Victor Heylenlei 41,2020-10-15,03:00:00,0,0,0,FMN GV 22 Boechout
7,Victor Heylenlei 41,2020-10-15,04:00:00,5,5,0,FMN GV 22 Boechout
7,Victor Heylenlei 41,2020-10-15,05:00:00,10,6,4,FMN GV 22 Boechout
7,Victor Heylenlei 41,2020-10-15,06:00:00,29,22,7,FMN GV 22 Boechout
7,Victor Heylenlei 41,2020-10-15,07:00:00,118,84,34,FMN GV 22 Boechout
7,Victor Heylenlei 41,2020-10-15,08:00:00,134,53,81,FMN GV 22 Boechout
7,Victor Heylenlei 41,2020-10-15,09:00:00,59,25,34,FMN GV 22 Boechout
7,Victor Heylenlei 41,2020-10-15,10:00:00,27,14,13,FMN GV 22 Boechout
7,Victor Heylenlei 41,2020-10-15,11:00:00,29,13,16,FMN GV 22 Boechout
7,Victor Heylenlei 41,2020-10-15,12:00:00,46,24,22,FMN GV 22 Boechout
7,Victor Heylenlei 41,2020-10-15,13:00:00,66,37,29,FMN GV 22 Boechout
7,Victor Heylenlei 41,2020-10-15,14:00:00,78,28,50,FMN GV 22 Boechout
7,Victor Heylenlei 41,2020-10-15,15:00:00,89,27,62,FMN GV 22 Boechout
7,Victor Heylenlei 41,2020-10-15,16:00:00,186,105,81,FMN GV 22 Boechout
7,Victor Heylenlei 41,2020-10-15,17:00:00,138,70,68,FMN GV 22 Boechout
7,Victor Heylenlei 41,2020-10-15,18:00:00,66,25,41,FMN GV 22 Boechout
7,Victor Heylenlei 41,2020-10-15,19:00:00,36,17,19,FMN GV 22 Boechout
7,Victor Heylenlei 41,2020-10-15,20:00:00,14,7,7,FMN GV 22 Boechout
7,Victor Heylenlei 41,2020-10-15,21:00:00,10,5,5,FMN GV 22 Boechout
7,Victor Heylenlei 41,2020-10-15,22:00:00,9,5,4,FMN GV 22 Boechout
7,Victor Heylenlei 41,2020-10-15,23:00:00,6,3,3,FMN GV 22 Boechout
7,Victor Heylenlei 41,2020-10-16,00:00:00,0,0,0,FMN GV 22 Boechout
7,Victor Heylenlei 41,2020-10-16,01:00:00,3,2,1,FMN GV 22 Boechout
7,Victor Heylenlei 41,2020-10-16,02:00:00,0,0,0,FMN GV 22 Boechout
7,Victor Heylenlei 41,2020-10-16,03:00:00,0,0,0,FMN GV 22 Boechout
7,Victor Heylenlei 41,2020-10-16,04:00:00,3,2,1,FMN GV 22 Boechout
7,Victor Heylenlei 41,2020-10-16,05:00:00,10,7,3,FMN GV 22 Boechout
7,Victor Heylenlei 41,2020-10-16,06:00:00,19,13,6,FMN GV 22 Boechout
7,Victor Heylenlei 41,2020-10-16,07:00:00,93,58,35,FMN GV 22 Boechout
7,Victor Heylenlei 41,2020-10-16,08:00:00,124,55,69,FMN GV 22 Boechout
7,Victor Heylenlei 41,2020-10-16,09:00:00,65,33,32,FMN GV 22 Boechout
7,Victor Heylenlei 41,2020-10-16,10:00:00,37,14,23,FMN GV 22 Boechout
7,Victor Heylenlei 41,2020-10-16,11:00:00,32,20,12,FMN GV 22 Boechout
7,Victor Heylenlei 41,2020-10-16,12:00:00,48,28,20,FMN GV 22 Boechout
7,Victor Heylenlei 41,2020-10-16,13:00:00,50,17,33,FMN GV 22 Boechout
7,Victor Heylenlei 41,2020-10-16,14:00:00,83,32,51,FMN GV 22 Boechout
7,Victor Heylenlei 41,2020-10-16,15:00:00,97,43,54,FMN GV 22 Boechout
7,Victor Heylenlei 41,2020-10-16,16:00:00,171,105,66,FMN GV 22 Boechout
7,Victor Heylenlei 41,2020-10-16,17:00:00,121,68,53,FMN GV 22 Boechout
7,Victor Heylenlei 41,2020-10-16,18:00:00,55,22,33,FMN GV 22 Boechout
7,Victor Heylenlei 41,2020-10-16,19:00:00,36,16,20,FMN GV 22 Boechout
7,Victor Heylenlei 41,2020-10-16,20:00:00,16,5,11,FMN GV 22 Boechout
7,Victor Heylenlei 41,2020-10-16,21:00:00,22,15,7,FMN GV 22 Boechout
7,Victor Heylenlei 41,2020-10-16,22:00:00,3,0,3,FMN GV 22 Boechout
7,Victor Heylenlei 41,2020-10-16,23:00:00,11,6,5,FMN GV 22 Boechout
7,Victor Heylenlei 41,2020-10-17,00:00:00,7,3,4,FMN GV 22 Boechout
7,Victor Heylenlei 41,2020-10-17,01:00:00,4,3,1,FMN GV 22 Boechout
7,Victor Heylenlei 41,2020-10-17,02:00:00,0,0,0,FMN GV 22 Boechout
7,Victor Heylenlei 41,2020-10-17,03:00:00,1,1,0,FMN GV 22 Boechout
7,Victor Heylenlei 41,2020-10-17,04:00:00,0,0,0,FMN GV 22 Boechout
7,Victor Heylenlei 41,2020-10-17,05:00:00,2,2,0,FMN GV 22 Boechout
7,Victor Heylenlei 41,2020-10-17,06:00:00,6,5,1,FMN GV 22 Boechout
7,Victor Heylenlei 41,2020-10-17,07:00:00,6,1,5,FMN GV 22 Boechout
7,Victor Heylenlei 41,2020-10-17,08:00:00,20,9,11,FMN GV 22 Boechout
7,Victor Heylenlei 41,2020-10-17,09:00:00,31,15,16,FMN GV 22 Boechout
7,Victor Heylenlei 41,2020-10-17,10:00:00,57,26,31,FMN GV 22 Boechout
7,Victor Heylenlei 41,2020-10-17,11:00:00,67,48,19,FMN GV 22 Boechout
7,Victor Heylenlei 41,2020-10-17,12:00:00,70,33,37,FMN GV 22 Boechout
7,Victor Heylenlei 41,2020-10-17,13:00:00,88,45,43,FMN GV 22 Boechout
7,Victor Heylenlei 41,2020-10-17,14:00:00,136,64,72,FMN GV 22 Boechout
7,Victor Heylenlei 41,2020-10-17,15:00:00,115,54,61,FMN GV 22 Boechout
7,Victor Heylenlei 41,2020-10-17,16:00:00,137,75,62,FMN GV 22 Boechout
7,Victor Heylenlei 41,2020-10-17,17:00:00,65,39,26,FMN GV 22 Boechout
7,Victor Heylenlei 41,2020-10-17,18:00:00,38,22,16,FMN GV 22 Boechout
7,Victor Heylenlei 41,2020-10-17,19:00:00,18,9,9,FMN GV 22 Boechout
7,Victor Heylenlei 41,2020-10-17,20:00:00,17,11,6,FMN GV 22 Boechout
7,Victor Heylenlei 41,2020-10-17,21:00:00,12,6,6,FMN GV 22 Boechout
7,Victor Heylenlei 41,2020-10-17,22:00:00,12,5,7,FMN GV 22 Boechout
7,Victor Heylenlei 41,2020-10-17,23:00:00,6,5,1,FMN GV 22 Boechout
7,Victor Heylenlei 41,2020-10-18,00:00:00,5,3,2,FMN GV 22 Boechout
7,Victor Heylenlei 41,2020-10-18,01:00:00,9,6,3,FMN GV 22 Boechout
7,Victor Heylenlei 41,2020-10-18,02:00:00,7,3,4,FMN GV 22 Boechout
7,Victor Heylenlei 41,2020-10-18,03:00:00,1,1,0,FMN GV 22 Boechout
7,Victor Heylenlei 41,2020-10-18,04:00:00,0,0,0,FMN GV 22 Boechout
7,Victor Heylenlei 41,2020-10-18,05:00:00,1,0,1,FMN GV 22 Boechout
7,Victor Heylenlei 41,2020-10-18,06:00:00,7,6,1,FMN GV 22 Boechout
7,Victor Heylenlei 41,2020-10-18,07:00:00,3,1,2,FMN GV 22 Boechout
7,Victor Heylenlei 41,2020-10-18,08:00:00,24,5,19,FMN GV 22 Boechout
7,Victor Heylenlei 41,2020-10-18,09:00:00,56,23,33,FMN GV 22 Boechout
7,Victor Heylenlei 41,2020-10-18,10:00:00,70,27,43,FMN GV 22 Boechout
7,Victor Heylenlei 41,2020-10-18,11:00:00,132,80,52,FMN GV 22 Boechout
7,Victor Heylenlei 41,2020-10-18,12:00:00,128,67,61,FMN GV 22 Boechout
7,Victor Heylenlei 41,2020-10-18,13:00:00,106,60,46,FMN GV 22 Boechout
7,Victor Heylenlei 41,2020-10-18,14:00:00,124,66,58,FMN GV 22 Boechout
7,Victor Heylenlei 41,2020-10-18,15:00:00,95,49,46,FMN GV 22 Boechout
7,Victor Heylenlei 41,2020-10-18,16:00:00,88,53,35,FMN GV 22 Boechout
7,Victor Heylenlei 41,2020-10-18,17:00:00,44,21,23,FMN GV 22 Boechout
7,Victor Heylenlei 41,2020-10-18,18:00:00,28,13,15,FMN GV 22 Boechout
7,Victor Heylenlei 41,2020-10-18,19:00:00,20,8,12,FMN GV 22 Boechout
7,Victor Heylenlei 41,2020-10-18,20:00:00,10,5,5,FMN GV 22 Boechout
7,Victor Heylenlei 41,2020-10-18,21:00:00,10,7,3,FMN GV 22 Boechout
7,Victor Heylenlei 41,2020-10-18,22:00:00,8,4,4,FMN GV 22 Boechout
7,Victor Heylenlei 41,2020-10-18,23:00:00,1,1,0,FMN GV 22 Boechout
7,Victor Heylenlei 41,2020-10-19,00:00:00,5,3,2,FMN GV 22 Boechout
7,Victor Heylenlei 41,2020-10-19,01:00:00,6,5,1,FMN GV 22 Boechout
7,Victor Heylenlei 41,2020-10-19,02:00:00,3,3,0,FMN GV 22 Boechout
7,Victor Heylenlei 41,2020-10-19,03:00:00,0,0,0,FMN GV 22 Boechout
7,Victor Heylenlei 41,2020-10-19,04:00:00,1,1,0,FMN GV 22 Boechout
7,Victor Heylenlei 41,2020-10-19,05:00:00,10,8,2,FMN GV 22 Boechout
7,Victor Heylenlei 41,2020-10-19,06:00:00,17,14,3,FMN GV 22 Boechout
7,Victor Heylenlei 41,2020-10-19,07:00:00,76,52,24,FMN GV 22 Boechout
7,Victor Heylenlei 41,2020-10-19,08:00:00,110,41,69,FMN GV 22 Boechout
7,Victor Heylenlei 41,2020-10-19,09:00:00,57,19,38,FMN GV 22 Boechout
7,Victor Heylenlei 41,2020-10-19,10:00:00,35,17,18,FMN GV 22 Boechout
7,Victor Heylenlei 41,2020-10-19,11:00:00,25,10,15,FMN GV 22 Boechout
7,Victor Heylenlei 41,2020-10-19,12:00:00,51,32,19,FMN GV 22 Boechout
7,Victor Heylenlei 41,2020-10-19,13:00:00,66,29,37,FMN GV 22 Boechout
7,Victor Heylenlei 41,2020-10-19,14:00:00,111,46,65,FMN GV 22 Boechout
7,Victor Heylenlei 41,2020-10-19,15:00:00,125,48,77,FMN GV 22 Boechout
7,Victor Heylenlei 41,2020-10-19,16:00:00,195,115,80,FMN GV 22 Boechout
7,Victor Heylenlei 41,2020-10-19,17:00:00,135,75,60,FMN GV 22 Boechout
7,Victor Heylenlei 41,2020-10-19,18:00:00,53,17,36,FMN GV 22 Boechout
7,Victor Heylenlei 41,2020-10-19,19:00:00,30,16,14,FMN GV 22 Boechout
7,Victor Heylenlei 41,2020-10-19,20:00:00,21,8,13,FMN GV 22 Boechout
7,Victor Heylenlei 41,2020-10-19,21:00:00,8,2,6,FMN GV 22 Boechout
7,Victor Heylenlei 41,2020-10-19,22:00:00,9,3,6,FMN GV 22 Boechout
7,Victor Heylenlei 41,2020-10-19,23:00:00,1,0,1,FMN GV 22 Boechout
7,Victor Heylenlei 41,2020-10-20,00:00:00,0,0,0,FMN GV 22 Boechout
7,Victor Heylenlei 41,2020-10-20,01:00:00,1,0,1,FMN GV 22 Boechout
7,Victor Heylenlei 41,2020-10-20,02:00:00,0,0,0,FMN GV 22 Boechout
7,Victor Heylenlei 41,2020-10-20,03:00:00,1,1,0,FMN GV 22 Boechout
7,Victor Heylenlei 41,2020-10-20,04:00:00,5,3,2,FMN GV 22 Boechout
7,Victor Heylenlei 41,2020-10-20,05:00:00,12,10,2,FMN GV 22 Boechout
7,Victor Heylenlei 41,2020-10-20,06:00:00,23,12,11,FMN GV 22 Boechout
7,Victor Heylenlei 41,2020-10-20,07:00:00,84,60,24,FMN GV 22 Boechout
7,Victor Heylenlei 41,2020-10-20,08:00:00,131,56,75,FMN GV 22 Boechout
7,Victor Heylenlei 41,2020-10-20,09:00:00,46,15,31,FMN GV 22 Boechout
7,Victor Heylenlei 41,2020-10-20,10:00:00,14,8,6,FMN GV 22 Boechout
7,Victor Heylenlei 41,2020-10-20,11:00:00,17,7,10,FMN GV 22 Boechout
7,Victor Heylenlei 41,2020-10-20,12:00:00,23,10,13,FMN GV 22 Boechout
7,Victor Heylenlei 41,2020-10-20,13:00:00,38,13,25,FMN GV 22 Boechout
7,Victor Heylenlei 41,2020-10-20,14:00:00,41,18,23,FMN GV 22 Boechout
7,Victor Heylenlei 41,2020-10-20,15:00:00,53,18,35,FMN GV 22 Boechout
7,Victor Heylenlei 41,2020-10-20,16:00:00,133,88,45,FMN GV 22 Boechout
7,Victor Heylenlei 41,2020-10-20,17:00:00,158,89,69,FMN GV 22 Boechout
7,Victor Heylenlei 41,2020-10-20,18:00:00,38,16,22,FMN GV 22 Boechout
7,Victor Heylenlei 41,2020-10-20,19:00:00,26,7,19,FMN GV 22 Boechout
7,Victor Heylenlei 41,2020-10-20,20:00:00,14,6,8,FMN GV 22 Boechout
7,Victor Heylenlei 41,2020-10-20,21:00:00,9,2,7,FMN GV 22 Boechout
7,Victor Heylenlei 41,2020-10-20,22:00:00,10,6,4,FMN GV 22 Boechout
7,Victor Heylenlei 41,2020-10-20,23:00:00,1,0,1,FMN GV 22 Boechout
7,Victor Heylenlei 41,2020-10-21,00:00:00,1,0,1,FMN GV 22 Boechout
7,Victor Heylenlei 41,2020-10-21,01:00:00,0,0,0,FMN GV 22 Boechout
7,Victor Heylenlei 41,2020-10-21,02:00:00,1,0,1,FMN GV 22 Boechout
7,Victor Heylenlei 41,2020-10-21,03:00:00,0,0,0,FMN GV 22 Boechout
7,Victor Heylenlei 41,2020-10-21,04:00:00,1,1,0,FMN GV 22 Boechout
7,Victor Heylenlei 41,2020-10-21,05:00:00,10,9,1,FMN GV 22 Boechout
7,Victor Heylenlei 41,2020-10-21,06:00:00,15,10,5,FMN GV 22 Boechout
7,Victor Heylenlei 41,2020-10-21,07:00:00,55,39,16,FMN GV 22 Boechout
7,Victor Heylenlei 41,2020-10-21,08:00:00,98,36,62,FMN GV 22 Boechout
7,Victor Heylenlei 41,2020-10-21,09:00:00,36,9,27,FMN GV 22 Boechout
7,Victor Heylenlei 41,2020-10-21,10:00:00,7,2,5,FMN GV 22 Boechout
7,Victor Heylenlei 41,2020-10-21,11:00:00,24,10,14,FMN GV 22 Boechout
7,Victor Heylenlei 41,2020-10-21,12:00:00,113,86,27,FMN GV 22 Boechout
7,Victor Heylenlei 41,2020-10-21,13:00:00,93,59,34,FMN GV 22 Boechout
7,Victor Heylenlei 41,2020-10-21,14:00:00,61,25,36,FMN GV 22 Boechout
7,Victor Heylenlei 41,2020-10-21,15:00:00,57,25,32,FMN GV 22 Boechout
7,Victor Heylenlei 41,2020-10-21,16:00:00,53,23,30,FMN GV 22 Boechout
7,Victor Heylenlei 41,2020-10-21,17:00:00,61,28,33,FMN GV 22 Boechout
7,Victor Heylenlei 41,2020-10-21,18:00:00,50,21,29,FMN GV 22 Boechout
7,Victor Heylenlei 41,2020-10-21,19:00:00,20,8,12,FMN GV 22 Boechout
7,Victor Heylenlei 41,2020-10-21,20:00:00,19,13,6,FMN GV 22 Boechout
7,Victor Heylenlei 41,2020-10-21,21:00:00,8,7,1,FMN GV 22 Boechout
7,Victor Heylenlei 41,2020-10-21,22:00:00,11,5,6,FMN GV 22 Boechout
7,Victor Heylenlei 41,2020-10-21,23:00:00,3,2,1,FMN GV 22 Boechout
7,Victor Heylenlei 41,2020-10-22,00:00:00,2,0,2,FMN GV 22 Boechout
7,Victor Heylenlei 41,2020-10-22,01:00:00,0,0,0,FMN GV 22 Boechout
7,Victor Heylenlei 41,2020-10-22,02:00:00,1,0,1,FMN GV 22 Boechout
7,Victor Heylenlei 41,2020-10-22,03:00:00,0,0,0,FMN GV 22 Boechout
7,Victor Heylenlei 41,2020-10-22,04:00:00,2,1,1,FMN GV 22 Boechout
7,Victor Heylenlei 41,2020-10-22,05:00:00,13,10,3,FMN GV 22 Boechout
7,Victor Heylenlei 41,2020-10-22,06:00:00,15,12,3,FMN GV 22 Boechout
7,Victor Heylenlei 41,2020-10-22,07:00:00,95,73,22,FMN GV 22 Boechout
7,Victor Heylenlei 41,2020-10-22,08:00:00,144,56,88,FMN GV 22 Boechout
7,Victor Heylenlei 41,2020-10-22,09:00:00,66,29,37,FMN GV 22 Boechout
7,Victor Heylenlei 41,2020-10-22,10:00:00,51,32,19,FMN GV 22 Boechout
7,Victor Heylenlei 41,2020-10-22,11:00:00,47,19,28,FMN GV 22 Boechout
7,Victor Heylenlei 41,2020-10-22,12:00:00,52,30,22,FMN GV 22 Boechout
7,Victor Heylenlei 41,2020-10-22,13:00:00,63,31,32,FMN GV 22 Boechout
7,Victor Heylenlei 41,2020-10-22,14:00:00,76,29,47,FMN GV 22 Boechout
7,Victor Heylenlei 41,2020-10-22,15:00:00,77,35,42,FMN GV 22 Boechout
7,Victor Heylenlei 41,2020-10-22,16:00:00,179,92,87,FMN GV 22 Boechout
7,Victor Heylenlei 41,2020-10-22,17:00:00,144,74,70,FMN GV 22 Boechout
7,Victor Heylenlei 41,2020-10-22,18:00:00,76,37,39,FMN GV 22 Boechout
7,Victor Heylenlei 41,2020-10-22,19:00:00,33,7,26,FMN GV 22 Boechout
7,Victor Heylenlei 41,2020-10-22,20:00:00,17,8,9,FMN GV 22 Boechout
7,Victor Heylenlei 41,2020-10-22,21:00:00,12,6,6,FMN GV 22 Boechout
7,Victor Heylenlei 41,2020-10-22,22:00:00,10,6,4,FMN GV 22 Boechout
7,Victor Heylenlei 41,2020-10-22,23:00:00,2,0,2,FMN GV 22 Boechout
7,Victor Heylenlei 41,2020-10-23,00:00:00,0,0,0,FMN GV 22 Boechout
7,Victor Heylenlei 41,2020-10-23,01:00:00,0,0,0,FMN GV 22 Boechout
7,Victor Heylenlei 41,2020-10-23,02:00:00,0,0,0,FMN GV 22 Boechout
7,Victor Heylenlei 41,2020-10-23,03:00:00,0,0,0,FMN GV 22 Boechout
7,Victor Heylenlei 41,2020-10-23,04:00:00,2,1,1,FMN GV 22 Boechout
7,Victor Heylenlei 41,2020-10-23,05:00:00,11,8,3,FMN GV 22 Boechout
7,Victor Heylenlei 41,2020-10-23,06:00:00,13,8,5,FMN GV 22 Boechout
7,Victor Heylenlei 41,2020-10-23,07:00:00,85,61,24,FMN GV 22 Boechout
7,Victor Heylenlei 41,2020-10-23,08:00:00,114,39,75,FMN GV 22 Boechout
7,Victor Heylenlei 41,2020-10-23,09:00:00,48,22,26,FMN GV 22 Boechout
7,Victor Heylenlei 41,2020-10-23,10:00:00,25,11,14,FMN GV 22 Boechout
7,Victor Heylenlei 41,2020-10-23,11:00:00,41,16,25,FMN GV 22 Boechout
7,Victor Heylenlei 41,2020-10-23,12:00:00,60,28,32,FMN GV 22 Boechout
7,Victor Heylenlei 41,2020-10-23,13:00:00,64,30,34,FMN GV 22 Boechout
7,Victor Heylenlei 41,2020-10-23,14:00:00,80,34,46,FMN GV 22 Boechout
7,Victor Heylenlei 41,2020-10-23,15:00:00,146,81,65,FMN GV 22 Boechout
7,Victor Heylenlei 41,2020-10-23,16:00:00,175,80,95,FMN GV 22 Boechout
7,Victor Heylenlei 41,2020-10-23,17:00:00,159,84,75,FMN GV 22 Boechout
7,Victor Heylenlei 41,2020-10-23,18:00:00,84,35,49,FMN GV 22 Boechout
7,Victor Heylenlei 41,2020-10-23,19:00:00,30,11,19,FMN GV 22 Boechout
7,Victor Heylenlei 41,2020-10-23,20:00:00,24,12,12,FMN GV 22 Boechout
7,Victor Heylenlei 41,2020-10-23,21:00:00,6,5,1,FMN GV 22 Boechout
7,Victor Heylenlei 41,2020-10-23,22:00:00,9,5,4,FMN GV 22 Boechout
7,Victor Heylenlei 41,2020-10-23,23:00:00,15,8,7,FMN GV 22 Boechout
7,Victor Heylenlei 41,2020-10-24,00:00:00,0,0,0,FMN GV 22 Boechout
7,Victor Heylenlei 41,2020-10-24,01:00:00,0,0,0,FMN GV 22 Boechout
7,Victor Heylenlei 41,2020-10-24,02:00:00,0,0,0,FMN GV 22 Boechout
7,Victor Heylenlei 41,2020-10-24,03:00:00,1,1,0,FMN GV 22 Boechout
7,Victor Heylenlei 41,2020-10-24,04:00:00,2,1,1,FMN GV 22 Boechout
7,Victor Heylenlei 41,2020-10-24,05:00:00,3,3,0,FMN GV 22 Boechout
7,Victor Heylenlei 41,2020-10-24,06:00:00,1,0,1,FMN GV 22 Boechout
7,Victor Heylenlei 41,2020-10-24,07:00:00,10,2,8,FMN GV 22 Boechout
7,Victor Heylenlei 41,2020-10-24,08:00:00,18,6,12,FMN GV 22 Boechout
7,Victor Heylenlei 41,2020-10-24,09:00:00,24,14,10,FMN GV 22 Boechout
7,Victor Heylenlei 41,2020-10-24,10:00:00,59,27,32,FMN GV 22 Boechout
7,Victor Heylenlei 41,2020-10-24,11:00:00,48,24,24,FMN GV 22 Boechout
7,Victor Heylenlei 41,2020-10-24,12:00:00,32,17,15,FMN GV 22 Boechout
7,Victor Heylenlei 41,2020-10-24,13:00:00,71,39,32,FMN GV 22 Boechout
7,Victor Heylenlei 41,2020-10-24,14:00:00,100,57,43,FMN GV 22 Boechout
7,Victor Heylenlei 41,2020-10-24,15:00:00,83,37,46,FMN GV 22 Boechout
7,Victor Heylenlei 41,2020-10-24,16:00:00,82,41,41,FMN GV 22 Boechout
7,Victor Heylenlei 41,2020-10-24,17:00:00,52,32,20,FMN GV 22 Boechout
7,Victor Heylenlei 41,2020-10-24,18:00:00,36,21,15,FMN GV 22 Boechout
7,Victor Heylenlei 41,2020-10-24,19:00:00,16,8,8,FMN GV 22 Boechout
7,Victor Heylenlei 41,2020-10-24,20:00:00,10,5,5,FMN GV 22 Boechout
7,Victor Heylenlei 41,2020-10-24,21:00:00,6,0,6,FMN GV 22 Boechout
7,Victor Heylenlei 41,2020-10-24,22:00:00,4,3,1,FMN GV 22 Boechout
7,Victor Heylenlei 41,2020-10-24,23:00:00,9,2,7,FMN GV 22 Boechout
7,Victor Heylenlei 41,2020-10-25,00:00:00,1,0,1,FMN GV 22 Boechout
7,Victor Heylenlei 41,2020-10-25,01:00:00,0,0,0,FMN GV 22 Boechout
7,Victor Heylenlei 41,2020-10-25,02:00:00,1,0,1,FMN GV 22 Boechout
7,Victor Heylenlei 41,2020-10-25,03:00:00,1,1,0,FMN GV 22 Boechout
7,Victor Heylenlei 41,2020-10-25,04:00:00,0,0,0,FMN GV 22 Boechout
7,Victor Heylenlei 41,2020-10-25,05:00:00,2,2,0,FMN GV 22 Boechout
7,Victor Heylenlei 41,2020-10-25,06:00:00,4,4,0,FMN GV 22 Boechout
7,Victor Heylenlei 41,2020-10-25,07:00:00,3,1,2,FMN GV 22 Boechout
7,Victor Heylenlei 41,2020-10-25,08:00:00,21,6,15,FMN GV 22 Boechout
7,Victor Heylenlei 41,2020-10-25,09:00:00,56,26,30,FMN GV 22 Boechout
7,Victor Heylenlei 41,2020-10-25,10:00:00,60,26,34,FMN GV 22 Boechout
7,Victor Heylenlei 41,2020-10-25,11:00:00,31,16,15,FMN GV 22 Boechout
7,Victor Heylenlei 41,2020-10-25,12:00:00,53,33,20,FMN GV 22 Boechout
7,Victor Heylenlei 41,2020-10-25,13:00:00,51,21,30,FMN GV 22 Boechout
7,Victor Heylenlei 41,2020-10-25,14:00:00,77,41,36,FMN GV 22 Boechout
7,Victor Heylenlei 41,2020-10-25,15:00:00,73,42,31,FMN GV 22 Boechout
7,Victor Heylenlei 41,2020-10-25,16:00:00,71,28,43,FMN GV 22 Boechout
7,Victor Heylenlei 41,2020-10-25,17:00:00,35,20,15,FMN GV 22 Boechout
7,Victor Heylenlei 41,2020-10-25,18:00:00,12,7,5,FMN GV 22 Boechout
7,Victor Heylenlei 41,2020-10-25,19:00:00,7,2,5,FMN GV 22 Boechout
7,Victor Heylenlei 41,2020-10-25,20:00:00,4,3,1,FMN GV 22 Boechout
7,Victor Heylenlei 41,2020-10-25,21:00:00,6,6,0,FMN GV 22 Boechout
7,Victor Heylenlei 41,2020-10-25,22:00:00,3,2,1,FMN GV 22 Boechout
7,Victor Heylenlei 41,2020-10-25,23:00:00,3,1,2,FMN GV 22 Boechout
7,Victor Heylenlei 41,2020-10-26,00:00:00,0,0,0,FMN GV 22 Boechout
7,Victor Heylenlei 41,2020-10-26,01:00:00,0,0,0,FMN GV 22 Boechout
7,Victor Heylenlei 41,2020-10-26,02:00:00,0,0,0,FMN GV 22 Boechout
7,Victor Heylenlei 41,2020-10-26,03:00:00,0,0,0,FMN GV 22 Boechout
7,Victor Heylenlei 41,2020-10-26,04:00:00,2,2,0,FMN GV 22 Boechout
7,Victor Heylenlei 41,2020-10-26,05:00:00,7,6,1,FMN GV 22 Boechout
7,Victor Heylenlei 41,2020-10-26,06:00:00,15,10,5,FMN GV 22 Boechout
7,Victor Heylenlei 41,2020-10-26,07:00:00,87,68,19,FMN GV 22 Boechout
7,Victor Heylenlei 41,2020-10-26,08:00:00,125,42,83,FMN GV 22 Boechout
7,Victor Heylenlei 41,2020-10-26,09:00:00,51,22,29,FMN GV 22 Boechout
7,Victor Heylenlei 41,2020-10-26,10:00:00,29,14,15,FMN GV 22 Boechout
7,Victor Heylenlei 41,2020-10-26,11:00:00,42,21,21,FMN GV 22 Boechout
7,Victor Heylenlei 41,2020-10-26,12:00:00,50,26,24,FMN GV 22 Boechout
7,Victor Heylenlei 41,2020-10-26,13:00:00,54,27,27,FMN GV 22 Boechout
7,Victor Heylenlei 41,2020-10-26,14:00:00,66,28,38,FMN GV 22 Boechout
7,Victor Heylenlei 41,2020-10-26,15:00:00,62,21,41,FMN GV 22 Boechout
7,Victor Heylenlei 41,2020-10-26,16:00:00,171,99,72,FMN GV 22 Boechout
7,Victor Heylenlei 41,2020-10-26,17:00:00,130,64,66,FMN GV 22 Boechout
7,Victor Heylenlei 41,2020-10-26,18:00:00,38,7,31,FMN GV 22 Boechout
7,Victor Heylenlei 41,2020-10-26,19:00:00,17,3,14,FMN GV 22 Boechout
7,Victor Heylenlei 41,2020-10-26,20:00:00,8,4,4,FMN GV 22 Boechout
7,Victor Heylenlei 41,2020-10-26,21:00:00,6,1,5,FMN GV 22 Boechout
7,Victor Heylenlei 41,2020-10-26,22:00:00,15,8,7,FMN GV 22 Boechout
7,Victor Heylenlei 41,2020-10-26,23:00:00,4,1,3,FMN GV 22 Boechout
7,Victor Heylenlei 41,2020-10-27,00:00:00,1,0,1,FMN GV 22 Boechout
7,Victor Heylenlei 41,2020-10-27,01:00:00,1,0,1,FMN GV 22 Boechout
7,Victor Heylenlei 41,2020-10-27,02:00:00,0,0,0,FMN GV 22 Boechout
7,Victor Heylenlei 41,2020-10-27,03:00:00,0,0,0,FMN GV 22 Boechout
7,Victor Heylenlei 41,2020-10-27,04:00:00,2,0,2,FMN GV 22 Boechout
7,Victor Heylenlei 41,2020-10-27,05:00:00,9,7,2,FMN GV 22 Boechout
7,Victor Heylenlei 41,2020-10-27,06:00:00,18,12,6,FMN GV 22 Boechout
7,Victor Heylenlei 41,2020-10-27,07:00:00,81,56,25,FMN GV 22 Boechout
7,Victor Heylenlei 41,2020-10-27,08:00:00,130,46,84,FMN GV 22 Boechout
7,Victor Heylenlei 41,2020-10-27,09:00:00,52,19,33,FMN GV 22 Boechout
7,Victor Heylenlei 41,2020-10-27,10:00:00,18,8,10,FMN GV 22 Boechout
7,Victor Heylenlei 41,2020-10-27,11:00:00,24,13,11,FMN GV 22 Boechout
7,Victor Heylenlei 41,2020-10-27,12:00:00,22,9,13,FMN GV 22 Boechout
7,Victor Heylenlei 41,2020-10-27,13:00:00,28,13,15,FMN GV 22 Boechout
7,Victor Heylenlei 41,2020-10-27,14:00:00,65,35,30,FMN GV 22 Boechout
7,Victor Heylenlei 41,2020-10-27,15:00:00,67,22,45,FMN GV 22 Boechout
7,Victor Heylenlei 41,2020-10-27,16:00:00,154,91,63,FMN GV 22 Boechout
7,Victor Heylenlei 41,2020-10-27,17:00:00,109,58,51,FMN GV 22 Boechout
7,Victor Heylenlei 41,2020-10-27,18:00:00,34,14,20,FMN GV 22 Boechout
7,Victor Heylenlei 41,2020-10-27,19:00:00,14,5,9,FMN GV 22 Boechout
7,Victor Heylenlei 41,2020-10-27,20:00:00,14,3,11,FMN GV 22 Boechout
7,Victor Heylenlei 41,2020-10-27,21:00:00,6,6,0,FMN GV 22 Boechout
7,Victor Heylenlei 41,2020-10-27,22:00:00,11,3,8,FMN GV 22 Boechout
7,Victor Heylenlei 41,2020-10-27,23:00:00,4,1,3,FMN GV 22 Boechout
7,Victor Heylenlei 41,2020-10-28,00:00:00,0,0,0,FMN GV 22 Boechout
7,Victor Heylenlei 41,2020-10-28,01:00:00,1,0,1,FMN GV 22 Boechout
7,Victor Heylenlei 41,2020-10-28,02:00:00,0,0,0,FMN GV 22 Boechout
7,Victor Heylenlei 41,2020-10-28,03:00:00,0,0,0,FMN GV 22 Boechout
7,Victor Heylenlei 41,2020-10-28,04:00:00,4,3,1,FMN GV 22 Boechout
7,Victor Heylenlei 41,2020-10-28,05:00:00,6,5,1,FMN GV 22 Boechout
7,Victor Heylenlei 41,2020-10-28,06:00:00,14,11,3,FMN GV 22 Boechout
7,Victor Heylenlei 41,2020-10-28,07:00:00,87,58,29,FMN GV 22 Boechout
7,Victor Heylenlei 41,2020-10-28,08:00:00,86,28,58,FMN GV 22 Boechout
7,Victor Heylenlei 41,2020-10-28,09:00:00,37,17,20,FMN GV 22 Boechout
7,Victor Heylenlei 41,2020-10-28,10:00:00,24,14,10,FMN GV 22 Boechout
7,Victor Heylenlei 41,2020-10-28,11:00:00,39,15,24,FMN GV 22 Boechout
7,Victor Heylenlei 41,2020-10-28,12:00:00,111,78,33,FMN GV 22 Boechout
7,Victor Heylenlei 41,2020-10-28,13:00:00,66,43,23,FMN GV 22 Boechout
7,Victor Heylenlei 41,2020-10-28,14:00:00,58,26,32,FMN GV 22 Boechout
7,Victor Heylenlei 41,2020-10-28,15:00:00,39,15,24,FMN GV 22 Boechout
7,Victor Heylenlei 41,2020-10-28,16:00:00,54,18,36,FMN GV 22 Boechout
7,Victor Heylenlei 41,2020-10-28,17:00:00,42,13,29,FMN GV 22 Boechout
7,Victor Heylenlei 41,2020-10-28,18:00:00,23,9,14,FMN GV 22 Boechout
7,Victor Heylenlei 41,2020-10-28,19:00:00,16,5,11,FMN GV 22 Boechout
7,Victor Heylenlei 41,2020-10-28,20:00:00,10,3,7,FMN GV 22 Boechout
7,Victor Heylenlei 41,2020-10-28,21:00:00,3,3,0,FMN GV 22 Boechout
7,Victor Heylenlei 41,2020-10-28,22:00:00,3,2,1,FMN GV 22 Boechout
7,Victor Heylenlei 41,2020-10-28,23:00:00,0,0,0,FMN GV 22 Boechout
7,Victor Heylenlei 41,2020-10-29,00:00:00,0,0,0,FMN GV 22 Boechout
7,Victor Heylenlei 41,2020-10-29,01:00:00,0,0,0,FMN GV 22 Boechout
7,Victor Heylenlei 41,2020-10-29,02:00:00,0,0,0,FMN GV 22 Boechout
7,Victor Heylenlei 41,2020-10-29,03:00:00,0,0,0,FMN GV 22 Boechout
7,Victor Heylenlei 41,2020-10-29,04:00:00,4,3,1,FMN GV 22 Boechout
7,Victor Heylenlei 41,2020-10-29,05:00:00,9,7,2,FMN GV 22 Boechout
7,Victor Heylenlei 41,2020-10-29,06:00:00,18,15,3,FMN GV 22 Boechout
7,Victor Heylenlei 41,2020-10-29,07:00:00,64,50,14,FMN GV 22 Boechout
7,Victor Heylenlei 41,2020-10-29,08:00:00,102,42,60,FMN GV 22 Boechout
7,Victor Heylenlei 41,2020-10-29,09:00:00,62,27,35,FMN GV 22 Boechout
7,Victor Heylenlei 41,2020-10-29,10:00:00,30,17,13,FMN GV 22 Boechout
7,Victor Heylenlei 41,2020-10-29,11:00:00,52,26,26,FMN GV 22 Boechout
7,Victor Heylenlei 41,2020-10-29,12:00:00,40,14,26,FMN GV 22 Boechout
7,Victor Heylenlei 41,2020-10-29,13:00:00,29,15,14,FMN GV 22 Boechout
7,Victor Heylenlei 41,2020-10-29,14:00:00,43,22,21,FMN GV 22 Boechout
7,Victor Heylenlei 41,2020-10-29,15:00:00,39,14,25,FMN GV 22 Boechout
7,Victor Heylenlei 41,2020-10-29,16:00:00,118,77,41,FMN GV 22 Boechout
7,Victor Heylenlei 41,2020-10-29,17:00:00,80,40,40,FMN GV 22 Boechout
7,Victor Heylenlei 41,2020-10-29,18:00:00,33,9,24,FMN GV 22 Boechout
7,Victor Heylenlei 41,2020-10-29,19:00:00,17,5,12,FMN GV 22 Boechout
7,Victor Heylenlei 41,2020-10-29,20:00:00,14,4,10,FMN GV 22 Boechout
7,Victor Heylenlei 41,2020-10-29,21:00:00,5,5,0,FMN GV 22 Boechout
7,Victor Heylenlei 41,2020-10-29,22:00:00,1,0,1,FMN GV 22 Boechout
7,Victor Heylenlei 41,2020-10-29,23:00:00,2,1,1,FMN GV 22 Boechout
7,Victor Heylenlei 41,2020-10-30,00:00:00,0,0,0,FMN GV 22 Boechout
7,Victor Heylenlei 41,2020-10-30,01:00:00,0,0,0,FMN GV 22 Boechout
7,Victor Heylenlei 41,2020-10-30,02:00:00,0,0,0,FMN GV 22 Boechout
7,Victor Heylenlei 41,2020-10-30,03:00:00,0,0,0,FMN GV 22 Boechout
7,Victor Heylenlei 41,2020-10-30,04:00:00,3,3,0,FMN GV 22 Boechout
7,Victor Heylenlei 41,2020-10-30,05:00:00,6,6,0,FMN GV 22 Boechout
7,Victor Heylenlei 41,2020-10-30,06:00:00,20,18,2,FMN GV 22 Boechout
7,Victor Heylenlei 41,2020-10-30,07:00:00,72,49,23,FMN GV 22 Boechout
7,Victor Heylenlei 41,2020-10-30,08:00:00,109,39,70,FMN GV 22 Boechout
7,Victor Heylenlei 41,2020-10-30,09:00:00,63,30,33,FMN GV 22 Boechout
7,Victor Heylenlei 41,2020-10-30,10:00:00,38,18,20,FMN GV 22 Boechout
7,Victor Heylenlei 41,2020-10-30,11:00:00,31,15,16,FMN GV 22 Boechout
7,Victor Heylenlei 41,2020-10-30,12:00:00,36,20,16,FMN GV 22 Boechout
7,Victor Heylenlei 41,2020-10-30,13:00:00,51,24,27,FMN GV 22 Boechout
7,Victor Heylenlei 41,2020-10-30,14:00:00,64,36,28,FMN GV 22 Boechout
7,Victor Heylenlei 41,2020-10-30,15:00:00,86,36,50,FMN GV 22 Boechout
7,Victor Heylenlei 41,2020-10-30,16:00:00,134,91,43,FMN GV 22 Boechout
7,Victor Heylenlei 41,2020-10-30,17:00:00,97,56,41,FMN GV 22 Boechout
7,Victor Heylenlei 41,2020-10-30,18:00:00,40,17,23,FMN GV 22 Boechout
7,Victor Heylenlei 41,2020-10-30,19:00:00,24,7,17,FMN GV 22 Boechout
7,Victor Heylenlei 41,2020-10-30,20:00:00,7,1,6,FMN GV 22 Boechout
7,Victor Heylenlei 41,2020-10-30,21:00:00,7,5,2,FMN GV 22 Boechout
7,Victor Heylenlei 41,2020-10-30,22:00:00,5,4,1,FMN GV 22 Boechout
7,Victor Heylenlei 41,2020-10-30,23:00:00,11,4,7,FMN GV 22 Boechout
7,Victor Heylenlei 41,2020-10-31,00:00:00,1,0,1,FMN GV 22 Boechout
7,Victor Heylenlei 41,2020-10-31,01:00:00,1,0,1,FMN GV 22 Boechout
7,Victor Heylenlei 41,2020-10-31,02:00:00,1,0,1,FMN GV 22 Boechout
7,Victor Heylenlei 41,2020-10-31,03:00:00,2,0,2,FMN GV 22 Boechout
7,Victor Heylenlei 41,2020-10-31,04:00:00,3,3,0,FMN GV 22 Boechout
7,Victor Heylenlei 41,2020-10-31,05:00:00,3,2,1,FMN GV 22 Boechout
7,Victor Heylenlei 41,2020-10-31,06:00:00,8,5,3,FMN GV 22 Boechout
7,Victor Heylenlei 41,2020-10-31,07:00:00,4,0,4,FMN GV 22 Boechout
7,Victor Heylenlei 41,2020-10-31,08:00:00,15,3,12,FMN GV 22 Boechout
7,Victor Heylenlei 41,2020-10-31,09:00:00,80,29,51,FMN GV 22 Boechout
7,Victor Heylenlei 41,2020-10-31,10:00:00,142,54,88,FMN GV 22 Boechout
7,Victor Heylenlei 41,2020-10-31,11:00:00,169,95,74,FMN GV 22 Boechout
7,Victor Heylenlei 41,2020-10-31,12:00:00,169,90,79,FMN GV 22 Boechout
7,Victor Heylenlei 41,2020-10-31,13:00:00,207,106,101,FMN GV 22 Boechout
7,Victor Heylenlei 41,2020-10-31,14:00:00,241,105,136,FMN GV 22 Boechout
7,Victor Heylenlei 41,2020-10-31,15:00:00,202,105,97,FMN GV 22 Boechout
7,Victor Heylenlei 41,2020-10-31,16:00:00,178,103,75,FMN GV 22 Boechout
7,Victor Heylenlei 41,2020-10-31,17:00:00,51,29,22,FMN GV 22 Boechout
7,Victor Heylenlei 41,2020-10-31,18:00:00,13,9,4,FMN GV 22 Boechout
7,Victor Heylenlei 41,2020-10-31,19:00:00,12,6,6,FMN GV 22 Boechout
7,Victor Heylenlei 41,2020-10-31,20:00:00,4,2,2,FMN GV 22 Boechout
7,Victor Heylenlei 41,2020-10-31,21:00:00,2,0,2,FMN GV 22 Boechout
7,Victor Heylenlei 41,2020-10-31,22:00:00,3,1,2,FMN GV 22 Boechout
7,Victor Heylenlei 41,2020-10-31,23:00:00,7,3,4,FMN GV 22 Boechout
7,Victor Heylenlei 41,2020-11-01,00:00:00,0,0,0,FMN GV 22 Boechout
7,Victor Heylenlei 41,2020-11-01,01:00:00,0,0,0,FMN GV 22 Boechout
7,Victor Heylenlei 41,2020-11-01,02:00:00,0,0,0,FMN GV 22 Boechout
7,Victor Heylenlei 41,2020-11-01,03:00:00,0,0,0,FMN GV 22 Boechout
7,Victor Heylenlei 41,2020-11-01,04:00:00,1,0,1,FMN GV 22 Boechout
7,Victor Heylenlei 41,2020-11-01,05:00:00,1,1,0,FMN GV 22 Boechout
7,Victor Heylenlei 41,2020-11-01,06:00:00,4,3,1,FMN GV 22 Boechout
7,Victor Heylenlei 41,2020-11-01,07:00:00,5,2,3,FMN GV 22 Boechout
7,Victor Heylenlei 41,2020-11-01,08:00:00,11,5,6,FMN GV 22 Boechout
7,Victor Heylenlei 41,2020-11-01,09:00:00,51,26,25,FMN GV 22 Boechout
7,Victor Heylenlei 41,2020-11-01,10:00:00,91,42,49,FMN GV 22 Boechout
7,Victor Heylenlei 41,2020-11-01,11:00:00,85,42,43,FMN GV 22 Boechout
7,Victor Heylenlei 41,2020-11-01,12:00:00,48,36,12,FMN GV 22 Boechout
7,Victor Heylenlei 41,2020-11-01,13:00:00,41,15,26,FMN GV 22 Boechout
7,Victor Heylenlei 41,2020-11-01,14:00:00,43,19,24,FMN GV 22 Boechout
7,Victor Heylenlei 41,2020-11-01,15:00:00,77,43,34,FMN GV 22 Boechout
7,Victor Heylenlei 41,2020-11-01,16:00:00,90,47,43,FMN GV 22 Boechout
7,Victor Heylenlei 41,2020-11-01,17:00:00,86,52,34,FMN GV 22 Boechout
7,Victor Heylenlei 41,2020-11-01,18:00:00,5,3,2,FMN GV 22 Boechout
7,Victor Heylenlei 41,2020-11-01,19:00:00,5,3,2,FMN GV 22 Boechout
7,Victor Heylenlei 41,2020-11-01,20:00:00,8,5,3,FMN GV 22 Boechout
7,Victor Heylenlei 41,2020-11-01,21:00:00,5,1,4,FMN GV 22 Boechout
7,Victor Heylenlei 41,2020-11-01,22:00:00,4,2,2,FMN GV 22 Boechout
7,Victor Heylenlei 41,2020-11-01,23:00:00,1,1,0,FMN GV 22 Boechout
7,Victor Heylenlei 41,2020-11-02,00:00:00,0,0,0,FMN GV 22 Boechout
7,Victor Heylenlei 41,2020-11-02,01:00:00,0,0,0,FMN GV 22 Boechout
7,Victor Heylenlei 41,2020-11-02,02:00:00,0,0,0,FMN GV 22 Boechout
7,Victor Heylenlei 41,2020-11-02,03:00:00,0,0,0,FMN GV 22 Boechout
7,Victor Heylenlei 41,2020-11-02,04:00:00,1,1,0,FMN GV 22 Boechout
7,Victor Heylenlei 41,2020-11-02,05:00:00,7,3,4,FMN GV 22 Boechout
7,Victor Heylenlei 41,2020-11-02,06:00:00,11,9,2,FMN GV 22 Boechout
7,Victor Heylenlei 41,2020-11-02,07:00:00,31,24,7,FMN GV 22 Boechout
7,Victor Heylenlei 41,2020-11-02,08:00:00,31,20,11,FMN GV 22 Boechout
7,Victor Heylenlei 41,2020-11-02,09:00:00,24,14,10,FMN GV 22 Boechout
7,Victor Heylenlei 41,2020-11-02,10:00:00,54,28,26,FMN GV 22 Boechout
7,Victor Heylenlei 41,2020-11-02,11:00:00,45,21,24,FMN GV 22 Boechout
7,Victor Heylenlei 41,2020-11-02,12:00:00,48,23,25,FMN GV 22 Boechout
7,Victor Heylenlei 41,2020-11-02,13:00:00,39,22,17,FMN GV 22 Boechout
7,Victor Heylenlei 41,2020-11-02,14:00:00,30,20,10,FMN GV 22 Boechout
7,Victor Heylenlei 41,2020-11-02,15:00:00,20,3,17,FMN GV 22 Boechout
7,Victor Heylenlei 41,2020-11-02,16:00:00,44,15,29,FMN GV 22 Boechout
7,Victor Heylenlei 41,2020-11-02,17:00:00,51,23,28,FMN GV 22 Boechout
7,Victor Heylenlei 41,2020-11-02,18:00:00,18,8,10,FMN GV 22 Boechout
7,Victor Heylenlei 41,2020-11-02,19:00:00,22,5,17,FMN GV 22 Boechout
7,Victor Heylenlei 41,2020-11-02,20:00:00,35,13,22,FMN GV 22 Boechout
7,Victor Heylenlei 41,2020-11-02,21:00:00,6,4,2,FMN GV 22 Boechout
7,Victor Heylenlei 41,2020-11-02,22:00:00,6,2,4,FMN GV 22 Boechout
7,Victor Heylenlei 41,2020-11-02,23:00:00,3,2,1,FMN GV 22 Boechout
7,Victor Heylenlei 41,2020-11-03,00:00:00,0,0,0,FMN GV 22 Boechout
7,Victor Heylenlei 41,2020-11-03,01:00:00,0,0,0,FMN GV 22 Boechout
7,Victor Heylenlei 41,2020-11-03,02:00:00,2,0,2,FMN GV 22 Boechout
7,Victor Heylenlei 41,2020-11-03,03:00:00,2,2,0,FMN GV 22 Boechout
7,Victor Heylenlei 41,2020-11-03,04:00:00,1,1,0,FMN GV 22 Boechout
7,Victor Heylenlei 41,2020-11-03,05:00:00,11,8,3,FMN GV 22 Boechout
7,Victor Heylenlei 41,2020-11-03,06:00:00,13,9,4,FMN GV 22 Boechout
7,Victor Heylenlei 41,2020-11-03,07:00:00,36,25,11,FMN GV 22 Boechout
7,Victor Heylenlei 41,2020-11-03,08:00:00,28,18,10,FMN GV 22 Boechout
7,Victor Heylenlei 41,2020-11-03,09:00:00,37,19,18,FMN GV 22 Boechout
7,Victor Heylenlei 41,2020-11-03,10:00:00,44,30,14,FMN GV 22 Boechout
7,Victor Heylenlei 41,2020-11-03,11:00:00,75,37,38,FMN GV 22 Boechout
7,Victor Heylenlei 41,2020-11-03,12:00:00,71,35,36,FMN GV 22 Boechout
7,Victor Heylenlei 41,2020-11-03,13:00:00,72,31,41,FMN GV 22 Boechout
7,Victor Heylenlei 41,2020-11-03,14:00:00,114,55,59,FMN GV 22 Boechout
7,Victor Heylenlei 41,2020-11-03,15:00:00,78,30,48,FMN GV 22 Boechout
7,Victor Heylenlei 41,2020-11-03,16:00:00,149,65,84,FMN GV 22 Boechout
7,Victor Heylenlei 41,2020-11-03,17:00:00,52,22,30,FMN GV 22 Boechout
7,Victor Heylenlei 41,2020-11-03,18:00:00,37,21,16,FMN GV 22 Boechout
7,Victor Heylenlei 41,2020-11-03,19:00:00,28,13,15,FMN GV 22 Boechout
7,Victor Heylenlei 41,2020-11-03,20:00:00,14,7,7,FMN GV 22 Boechout
7,Victor Heylenlei 41,2020-11-03,21:00:00,3,2,1,FMN GV 22 Boechout
7,Victor Heylenlei 41,2020-11-03,22:00:00,7,3,4,FMN GV 22 Boechout
7,Victor Heylenlei 41,2020-11-03,23:00:00,2,2,0,FMN GV 22 Boechout
7,Victor Heylenlei 41,2020-11-04,00:00:00,1,0,1,FMN GV 22 Boechout
7,Victor Heylenlei 41,2020-11-04,01:00:00,0,0,0,FMN GV 22 Boechout
7,Victor Heylenlei 41,2020-11-04,02:00:00,0,0,0,FMN GV 22 Boechout
7,Victor Heylenlei 41,2020-11-04,03:00:00,0,0,0,FMN GV 22 Boechout
7,Victor Heylenlei 41,2020-11-04,04:00:00,0,0,0,FMN GV 22 Boechout
7,Victor Heylenlei 41,2020-11-04,05:00:00,7,5,2,FMN GV 22 Boechout
7,Victor Heylenlei 41,2020-11-04,06:00:00,12,8,4,FMN GV 22 Boechout
7,Victor Heylenlei 41,2020-11-04,07:00:00,23,18,5,FMN GV 22 Boechout
7,Victor Heylenlei 41,2020-11-04,08:00:00,24,17,7,FMN GV 22 Boechout
7,Victor Heylenlei 41,2020-11-04,09:00:00,37,17,20,FMN GV 22 Boechout
7,Victor Heylenlei 41,2020-11-04,10:00:00,58,30,28,FMN GV 22 Boechout
7,Victor Heylenlei 41,2020-11-04,11:00:00,62,27,35,FMN GV 22 Boechout
7,Victor Heylenlei 41,2020-11-04,12:00:00,77,42,35,FMN GV 22 Boechout
7,Victor Heylenlei 41,2020-11-04,13:00:00,130,69,61,FMN GV 22 Boechout
7,Victor Heylenlei 41,2020-11-04,14:00:00,190,85,105,FMN GV 22 Boechout
7,Victor Heylenlei 41,2020-11-04,15:00:00,138,52,86,FMN GV 22 Boechout
7,Victor Heylenlei 41,2020-11-04,16:00:00,138,73,65,FMN GV 22 Boechout
7,Victor Heylenlei 41,2020-11-04,17:00:00,81,31,50,FMN GV 22 Boechout
7,Victor Heylenlei 41,2020-11-04,18:00:00,40,24,16,FMN GV 22 Boechout
7,Victor Heylenlei 41,2020-11-04,19:00:00,11,4,7,FMN GV 22 Boechout
7,Victor Heylenlei 41,2020-11-04,20:00:00,12,8,4,FMN GV 22 Boechout
7,Victor Heylenlei 41,2020-11-04,21:00:00,6,3,3,FMN GV 22 Boechout
7,Victor Heylenlei 41,2020-11-04,22:00:00,7,4,3,FMN GV 22 Boechout
7,Victor Heylenlei 41,2020-11-04,23:00:00,0,0,0,FMN GV 22 Boechout
7,Victor Heylenlei 41,2020-11-05,00:00:00,1,0,1,FMN GV 22 Boechout
7,Victor Heylenlei 41,2020-11-05,01:00:00,1,0,1,FMN GV 22 Boechout
7,Victor Heylenlei 41,2020-11-05,02:00:00,0,0,0,FMN GV 22 Boechout
7,Victor Heylenlei 41,2020-11-05,03:00:00,0,0,0,FMN GV 22 Boechout
7,Victor Heylenlei 41,2020-11-05,04:00:00,0,0,0,FMN GV 22 Boechout
7,Victor Heylenlei 41,2020-11-05,05:00:00,4,3,1,FMN GV 22 Boechout
7,Victor Heylenlei 41,2020-11-05,06:00:00,9,5,4,FMN GV 22 Boechout
7,Victor Heylenlei 41,2020-11-05,07:00:00,24,17,7,FMN GV 22 Boechout
7,Victor Heylenlei 41,2020-11-05,08:00:00,25,16,9,FMN GV 22 Boechout
7,Victor Heylenlei 41,2020-11-05,09:00:00,37,23,14,FMN GV 22 Boechout
7,Victor Heylenlei 41,2020-11-05,10:00:00,50,23,27,FMN GV 22 Boechout
7,Victor Heylenlei 41,2020-11-05,11:00:00,84,48,36,FMN GV 22 Boechout
7,Victor Heylenlei 41,2020-11-05,12:00:00,89,49,40,FMN GV 22 Boechout
7,Victor Heylenlei 41,2020-11-05,13:00:00,131,69,62,FMN GV 22 Boechout
7,Victor Heylenlei 41,2020-11-05,14:00:00,200,103,97,FMN GV 22 Boechout
7,Victor Heylenlei 41,2020-11-05,15:00:00,150,70,80,FMN GV 22 Boechout
7,Victor Heylenlei 41,2020-11-05,16:00:00,114,63,51,FMN GV 22 Boechout
7,Victor Heylenlei 41,2020-11-05,17:00:00,71,35,36,FMN GV 22 Boechout
7,Victor Heylenlei 41,2020-11-05,18:00:00,43,25,18,FMN GV 22 Boechout
7,Victor Heylenlei 41,2020-11-05,19:00:00,24,12,12,FMN GV 22 Boechout
7,Victor Heylenlei 41,2020-11-05,20:00:00,11,6,5,FMN GV 22 Boechout
7,Victor Heylenlei 41,2020-11-05,21:00:00,8,2,6,FMN GV 22 Boechout
7,Victor Heylenlei 41,2020-11-05,22:00:00,3,1,2,FMN GV 22 Boechout
7,Victor Heylenlei 41,2020-11-05,23:00:00,4,3,1,FMN GV 22 Boechout
7,Victor Heylenlei 41,2020-11-06,00:00:00,0,0,0,FMN GV 22 Boechout
7,Victor Heylenlei 41,2020-11-06,01:00:00,0,0,0,FMN GV 22 Boechout
7,Victor Heylenlei 41,2020-11-06,02:00:00,0,0,0,FMN GV 22 Boechout
7,Victor Heylenlei 41,2020-11-06,03:00:00,0,0,0,FMN GV 22 Boechout
7,Victor Heylenlei 41,2020-11-06,04:00:00,0,0,0,FMN GV 22 Boechout
7,Victor Heylenlei 41,2020-11-06,05:00:00,3,1,2,FMN GV 22 Boechout
7,Victor Heylenlei 41,2020-11-06,06:00:00,12,9,3,FMN GV 22 Boechout
7,Victor Heylenlei 41,2020-11-06,07:00:00,23,13,10,FMN GV 22 Boechout
7,Victor Heylenlei 41,2020-11-06,08:00:00,20,13,7,FMN GV 22 Boechout
7,Victor Heylenlei 41,2020-11-06,09:00:00,17,10,7,FMN GV 22 Boechout
7,Victor Heylenlei 41,2020-11-06,10:00:00,44,19,25,FMN GV 22 Boechout
7,Victor Heylenlei 41,2020-11-06,11:00:00,66,33,33,FMN GV 22 Boechout
7,Victor Heylenlei 41,2020-11-06,12:00:00,109,60,49,FMN GV 22 Boechout
7,Victor Heylenlei 41,2020-11-06,13:00:00,184,101,83,FMN GV 22 Boechout
7,Victor Heylenlei 41,2020-11-06,14:00:00,255,143,112,FMN GV 22 Boechout
7,Victor Heylenlei 41,2020-11-06,15:00:00,156,92,64,FMN GV 22 Boechout
7,Victor Heylenlei 41,2020-11-06,16:00:00,88,65,23,FMN GV 22 Boechout
7,Victor Heylenlei 41,2020-11-06,17:00:00,52,37,15,FMN GV 22 Boechout
7,Victor Heylenlei 41,2020-11-06,18:00:00,21,15,6,FMN GV 22 Boechout
7,Victor Heylenlei 41,2020-11-06,19:00:00,6,5,1,FMN GV 22 Boechout
7,Victor Heylenlei 41,2020-11-06,20:00:00,19,14,5,FMN GV 22 Boechout
7,Victor Heylenlei 41,2020-11-06,21:00:00,5,3,2,FMN GV 22 Boechout
7,Victor Heylenlei 41,2020-11-06,22:00:00,4,4,0,FMN GV 22 Boechout
7,Victor Heylenlei 41,2020-11-06,23:00:00,1,1,0,FMN GV 22 Boechout
7,Victor Heylenlei 41,2020-11-07,00:00:00,0,0,0,FMN GV 22 Boechout
7,Victor Heylenlei 41,2020-11-07,01:00:00,0,0,0,FMN GV 22 Boechout
7,Victor Heylenlei 41,2020-11-07,02:00:00,0,0,0,FMN GV 22 Boechout
7,Victor Heylenlei 41,2020-11-07,03:00:00,0,0,0,FMN GV 22 Boechout
7,Victor Heylenlei 41,2020-11-07,04:00:00,1,1,0,FMN GV 22 Boechout
7,Victor Heylenlei 41,2020-11-07,05:00:00,0,0,0,FMN GV 22 Boechout
7,Victor Heylenlei 41,2020-11-07,06:00:00,1,1,0,FMN GV 22 Boechout
7,Victor Heylenlei 41,2020-11-07,07:00:00,3,3,0,FMN GV 22 Boechout
7,Victor Heylenlei 41,2020-11-07,08:00:00,3,2,1,FMN GV 22 Boechout
7,Victor Heylenlei 41,2020-11-07,09:00:00,30,20,10,FMN GV 22 Boechout
7,Victor Heylenlei 41,2020-11-07,10:00:00,68,41,27,FMN GV 22 Boechout
7,Victor Heylenlei 41,2020-11-07,11:00:00,100,71,29,FMN GV 22 Boechout
7,Victor Heylenlei 41,2020-11-07,12:00:00,127,82,45,FMN GV 22 Boechout
7,Victor Heylenlei 41,2020-11-07,13:00:00,219,93,126,FMN GV 22 Boechout
7,Victor Heylenlei 41,2020-11-07,14:00:00,366,220,146,FMN GV 22 Boechout
7,Victor Heylenlei 41,2020-11-07,15:00:00,303,180,123,FMN GV 22 Boechout
7,Victor Heylenlei 41,2020-11-07,16:00:00,155,79,76,FMN GV 22 Boechout
7,Victor Heylenlei 41,2020-11-07,17:00:00,77,52,25,FMN GV 22 Boechout
7,Victor Heylenlei 41,2020-11-07,18:00:00,14,7,7,FMN GV 22 Boechout
7,Victor Heylenlei 41,2020-11-07,19:00:00,11,5,6,FMN GV 22 Boechout
7,Victor Heylenlei 41,2020-11-07,20:00:00,5,3,2,FMN GV 22 Boechout
7,Victor Heylenlei 41,2020-11-07,21:00:00,3,2,1,FMN GV 22 Boechout
7,Victor Heylenlei 41,2020-11-07,22:00:00,4,3,1,FMN GV 22 Boechout
7,Victor Heylenlei 41,2020-11-07,23:00:00,5,2,3,FMN GV 22 Boechout
7,Victor Heylenlei 41,2020-11-08,00:00:00,0,0,0,FMN GV 22 Boechout
7,Victor Heylenlei 41,2020-11-08,01:00:00,0,0,0,FMN GV 22 Boechout
7,Victor Heylenlei 41,2020-11-08,02:00:00,0,0,0,FMN GV 22 Boechout
7,Victor Heylenlei 41,2020-11-08,03:00:00,0,0,0,FMN GV 22 Boechout
7,Victor Heylenlei 41,2020-11-08,04:00:00,0,0,0,FMN GV 22 Boechout
7,Victor Heylenlei 41,2020-11-08,05:00:00,0,0,0,FMN GV 22 Boechout
7,Victor Heylenlei 41,2020-11-08,06:00:00,0,0,0,FMN GV 22 Boechout
7,Victor Heylenlei 41,2020-11-08,07:00:00,1,0,1,FMN GV 22 Boechout
7,Victor Heylenlei 41,2020-11-08,08:00:00,1,0,1,FMN GV 22 Boechout
7,Victor Heylenlei 41,2020-11-08,09:00:00,55,25,30,FMN GV 22 Boechout
7,Victor Heylenlei 41,2020-11-08,10:00:00,97,34,63,FMN GV 22 Boechout
7,Victor Heylenlei 41,2020-11-08,11:00:00,180,88,92,FMN GV 22 Boechout
7,Victor Heylenlei 41,2020-11-08,12:00:00,158,61,97,FMN GV 22 Boechout
7,Victor Heylenlei 41,2020-11-08,13:00:00,168,65,103,FMN GV 22 Boechout
7,Victor Heylenlei 41,2020-11-08,14:00:00,274,172,102,FMN GV 22 Boechout
7,Victor Heylenlei 41,2020-11-08,15:00:00,212,177,35,FMN GV 22 Boechout
7,Victor Heylenlei 41,2020-11-08,16:00:00,172,94,78,FMN GV 22 Boechout
7,Victor Heylenlei 41,2020-11-08,17:00:00,74,48,26,FMN GV 22 Boechout
7,Victor Heylenlei 41,2020-11-08,18:00:00,11,4,7,FMN GV 22 Boechout
7,Victor Heylenlei 41,2020-11-08,19:00:00,8,3,5,FMN GV 22 Boechout
7,Victor Heylenlei 41,2020-11-08,20:00:00,5,4,1,FMN GV 22 Boechout
7,Victor Heylenlei 41,2020-11-08,21:00:00,11,5,6,FMN GV 22 Boechout
7,Victor Heylenlei 41,2020-11-08,22:00:00,2,1,1,FMN GV 22 Boechout
7,Victor Heylenlei 41,2020-11-08,23:00:00,2,2,0,FMN GV 22 Boechout
7,Victor Heylenlei 41,2020-11-09,00:00:00,0,0,0,FMN GV 22 Boechout
7,Victor Heylenlei 41,2020-11-09,01:00:00,0,0,0,FMN GV 22 Boechout
7,Victor Heylenlei 41,2020-11-09,02:00:00,0,0,0,FMN GV 22 Boechout
7,Victor Heylenlei 41,2020-11-09,03:00:00,0,0,0,FMN GV 22 Boechout
7,Victor Heylenlei 41,2020-11-09,04:00:00,0,0,0,FMN GV 22 Boechout
7,Victor Heylenlei 41,2020-11-09,05:00:00,7,5,2,FMN GV 22 Boechout
7,Victor Heylenlei 41,2020-11-09,06:00:00,17,9,8,FMN GV 22 Boechout
7,Victor Heylenlei 41,2020-11-09,07:00:00,36,26,10,FMN GV 22 Boechout
7,Victor Heylenlei 41,2020-11-09,08:00:00,11,7,4,FMN GV 22 Boechout
7,Victor Heylenlei 41,2020-11-09,09:00:00,17,14,3,FMN GV 22 Boechout
7,Victor Heylenlei 41,2020-11-09,10:00:00,14,11,3,FMN GV 22 Boechout
7,Victor Heylenlei 41,2020-11-09,11:00:00,32,19,13,FMN GV 22 Boechout
7,Victor Heylenlei 41,2020-11-09,12:00:00,54,30,24,FMN GV 22 Boechout
7,Victor Heylenlei 41,2020-11-09,13:00:00,98,57,41,FMN GV 22 Boechout
7,Victor Heylenlei 41,2020-11-09,14:00:00,149,87,62,FMN GV 22 Boechout
7,Victor Heylenlei 41,2020-11-09,15:00:00,138,63,75,FMN GV 22 Boechout
7,Victor Heylenlei 41,2020-11-09,16:00:00,133,58,75,FMN GV 22 Boechout
7,Victor Heylenlei 41,2020-11-09,17:00:00,66,24,42,FMN GV 22 Boechout
7,Victor Heylenlei 41,2020-11-09,18:00:00,24,11,13,FMN GV 22 Boechout
7,Victor Heylenlei 41,2020-11-09,19:00:00,14,8,6,FMN GV 22 Boechout
7,Victor Heylenlei 41,2020-11-09,20:00:00,16,11,5,FMN GV 22 Boechout
7,Victor Heylenlei 41,2020-11-09,21:00:00,14,9,5,FMN GV 22 Boechout
7,Victor Heylenlei 41,2020-11-09,22:00:00,5,4,1,FMN GV 22 Boechout
7,Victor Heylenlei 41,2020-11-09,23:00:00,3,2,1,FMN GV 22 Boechout
7,Victor Heylenlei 41,2020-11-10,00:00:00,1,1,0,FMN GV 22 Boechout
7,Victor Heylenlei 41,2020-11-10,01:00:00,0,0,0,FMN GV 22 Boechout
7,Victor Heylenlei 41,2020-11-10,02:00:00,0,0,0,FMN GV 22 Boechout
7,Victor Heylenlei 41,2020-11-10,03:00:00,0,0,0,FMN GV 22 Boechout
7,Victor Heylenlei 41,2020-11-10,04:00:00,0,0,0,FMN GV 22 Boechout
7,Victor Heylenlei 41,2020-11-10,05:00:00,4,4,0,FMN GV 22 Boechout
7,Victor Heylenlei 41,2020-11-10,06:00:00,12,12,0,FMN GV 22 Boechout
7,Victor Heylenlei 41,2020-11-10,07:00:00,30,26,4,FMN GV 22 Boechout
7,Victor Heylenlei 41,2020-11-10,08:00:00,40,33,7,FMN GV 22 Boechout
7,Victor Heylenlei 41,2020-11-10,09:00:00,29,19,10,FMN GV 22 Boechout
7,Victor Heylenlei 41,2020-11-10,10:00:00,31,17,14,FMN GV 22 Boechout
7,Victor Heylenlei 41,2020-11-10,11:00:00,51,33,18,FMN GV 22 Boechout
7,Victor Heylenlei 41,2020-11-10,12:00:00,55,31,24,FMN GV 22 Boechout
7,Victor Heylenlei 41,2020-11-10,13:00:00,75,49,26,FMN GV 22 Boechout
7,Victor Heylenlei 41,2020-11-10,14:00:00,77,46,31,FMN GV 22 Boechout
7,Victor Heylenlei 41,2020-11-10,15:00:00,45,26,19,FMN GV 22 Boechout
7,Victor Heylenlei 41,2020-11-10,16:00:00,40,26,14,FMN GV 22 Boechout
7,Victor Heylenlei 41,2020-11-10,17:00:00,41,25,16,FMN GV 22 Boechout
7,Victor Heylenlei 41,2020-11-10,18:00:00,28,12,16,FMN GV 22 Boechout
7,Victor Heylenlei 41,2020-11-10,19:00:00,10,6,4,FMN GV 22 Boechout
7,Victor Heylenlei 41,2020-11-10,20:00:00,28,15,13,FMN GV 22 Boechout
7,Victor Heylenlei 41,2020-11-10,21:00:00,6,3,3,FMN GV 22 Boechout
7,Victor Heylenlei 41,2020-11-10,22:00:00,5,1,4,FMN GV 22 Boechout
7,Victor Heylenlei 41,2020-11-10,23:00:00,4,3,1,FMN GV 22 Boechout
7,Victor Heylenlei 41,2020-11-11,00:00:00,2,0,2,FMN GV 22 Boechout
7,Victor Heylenlei 41,2020-11-11,01:00:00,0,0,0,FMN GV 22 Boechout
7,Victor Heylenlei 41,2020-11-11,02:00:00,0,0,0,FMN GV 22 Boechout
7,Victor Heylenlei 41,2020-11-11,03:00:00,0,0,0,FMN GV 22 Boechout
7,Victor Heylenlei 41,2020-11-11,04:00:00,0,0,0,FMN GV 22 Boechout
7,Victor Heylenlei 41,2020-11-11,05:00:00,3,3,0,FMN GV 22 Boechout
7,Victor Heylenlei 41,2020-11-11,06:00:00,2,1,1,FMN GV 22 Boechout
7,Victor Heylenlei 41,2020-11-11,07:00:00,9,5,4,FMN GV 22 Boechout
7,Victor Heylenlei 41,2020-11-11,08:00:00,10,5,5,FMN GV 22 Boechout
7,Victor Heylenlei 41,2020-11-11,09:00:00,71,37,34,FMN GV 22 Boechout
7,Victor Heylenlei 41,2020-11-11,10:00:00,78,56,22,FMN GV 22 Boechout
7,Victor Heylenlei 41,2020-11-11,11:00:00,124,67,57,FMN GV 22 Boechout
7,Victor Heylenlei 41,2020-11-11,12:00:00,147,68,79,FMN GV 22 Boechout
7,Victor Heylenlei 41,2020-11-11,13:00:00,151,62,89,FMN GV 22 Boechout
7,Victor Heylenlei 41,2020-11-11,14:00:00,240,106,134,FMN GV 22 Boechout
7,Victor Heylenlei 41,2020-11-11,15:00:00,211,95,116,FMN GV 22 Boechout
7,Victor Heylenlei 41,2020-11-11,16:00:00,118,73,45,FMN GV 22 Boechout
7,Victor Heylenlei 41,2020-11-11,17:00:00,49,38,11,FMN GV 22 Boechout
7,Victor Heylenlei 41,2020-11-11,18:00:00,19,15,4,FMN GV 22 Boechout
7,Victor Heylenlei 41,2020-11-11,19:00:00,5,4,1,FMN GV 22 Boechout
7,Victor Heylenlei 41,2020-11-11,20:00:00,12,12,0,FMN GV 22 Boechout
7,Victor Heylenlei 41,2020-11-11,21:00:00,3,3,0,FMN GV 22 Boechout
7,Victor Heylenlei 41,2020-11-11,22:00:00,9,9,0,FMN GV 22 Boechout
7,Victor Heylenlei 41,2020-11-11,23:00:00,1,0,1,FMN GV 22 Boechout
7,Victor Heylenlei 41,2020-11-12,00:00:00,1,0,1,FMN GV 22 Boechout
7,Victor Heylenlei 41,2020-11-12,01:00:00,0,0,0,FMN GV 22 Boechout
7,Victor Heylenlei 41,2020-11-12,02:00:00,0,0,0,FMN GV 22 Boechout
7,Victor Heylenlei 41,2020-11-12,03:00:00,0,0,0,FMN GV 22 Boechout
7,Victor Heylenlei 41,2020-11-12,04:00:00,3,3,0,FMN GV 22 Boechout
7,Victor Heylenlei 41,2020-11-12,05:00:00,6,6,0,FMN GV 22 Boechout
7,Victor Heylenlei 41,2020-11-12,06:00:00,11,11,0,FMN GV 22 Boechout
7,Victor Heylenlei 41,2020-11-12,07:00:00,32,29,3,FMN GV 22 Boechout
7,Victor Heylenlei 41,2020-11-12,08:00:00,33,21,12,FMN GV 22 Boechout
7,Victor Heylenlei 41,2020-11-12,09:00:00,22,12,10,FMN GV 22 Boechout
7,Victor Heylenlei 41,2020-11-12,10:00:00,40,21,19,FMN GV 22 Boechout
7,Victor Heylenlei 41,2020-11-12,11:00:00,51,18,33,FMN GV 22 Boechout
7,Victor Heylenlei 41,2020-11-12,12:00:00,39,23,16,FMN GV 22 Boechout
7,Victor Heylenlei 41,2020-11-12,13:00:00,69,31,38,FMN GV 22 Boechout
7,Victor Heylenlei 41,2020-11-12,14:00:00,80,44,36,FMN GV 22 Boechout
7,Victor Heylenlei 41,2020-11-12,15:00:00,83,44,39,FMN GV 22 Boechout
7,Victor Heylenlei 41,2020-11-12,16:00:00,61,25,36,FMN GV 22 Boechout
7,Victor Heylenlei 41,2020-11-12,17:00:00,50,15,35,FMN GV 22 Boechout
7,Victor Heylenlei 41,2020-11-12,18:00:00,32,12,20,FMN GV 22 Boechout
7,Victor Heylenlei 41,2020-11-12,19:00:00,20,9,11,FMN GV 22 Boechout
7,Victor Heylenlei 41,2020-11-12,20:00:00,20,7,13,FMN GV 22 Boechout
7,Victor Heylenlei 41,2020-11-12,21:00:00,6,6,0,FMN GV 22 Boechout
7,Victor Heylenlei 41,2020-11-12,22:00:00,7,3,4,FMN GV 22 Boechout
7,Victor Heylenlei 41,2020-11-12,23:00:00,1,1,0,FMN GV 22 Boechout
7,Victor Heylenlei 41,2020-11-13,00:00:00,0,0,0,FMN GV 22 Boechout
7,Victor Heylenlei 41,2020-11-13,01:00:00,0,0,0,FMN GV 22 Boechout
7,Victor Heylenlei 41,2020-11-13,02:00:00,0,0,0,FMN GV 22 Boechout
7,Victor Heylenlei 41,2020-11-13,03:00:00,0,0,0,FMN GV 22 Boechout
7,Victor Heylenlei 41,2020-11-13,04:00:00,0,0,0,FMN GV 22 Boechout
7,Victor Heylenlei 41,2020-11-13,05:00:00,5,4,1,FMN GV 22 Boechout
7,Victor Heylenlei 41,2020-11-13,06:00:00,10,8,2,FMN GV 22 Boechout
7,Victor Heylenlei 41,2020-11-13,07:00:00,34,23,11,FMN GV 22 Boechout
7,Victor Heylenlei 41,2020-11-13,08:00:00,29,16,13,FMN GV 22 Boechout
7,Victor Heylenlei 41,2020-11-13,09:00:00,35,21,14,FMN GV 22 Boechout
7,Victor Heylenlei 41,2020-11-13,10:00:00,41,23,18,FMN GV 22 Boechout
7,Victor Heylenlei 41,2020-11-13,11:00:00,39,23,16,FMN GV 22 Boechout
7,Victor Heylenlei 41,2020-11-13,12:00:00,41,24,17,FMN GV 22 Boechout
7,Victor Heylenlei 41,2020-11-13,13:00:00,45,16,29,FMN GV 22 Boechout
7,Victor Heylenlei 41,2020-11-13,14:00:00,55,29,26,FMN GV 22 Boechout
7,Victor Heylenlei 41,2020-11-13,15:00:00,56,21,35,FMN GV 22 Boechout
7,Victor Heylenlei 41,2020-11-13,16:00:00,64,23,41,FMN GV 22 Boechout
7,Victor Heylenlei 41,2020-11-13,17:00:00,38,15,23,FMN GV 22 Boechout
7,Victor Heylenlei 41,2020-11-13,18:00:00,19,9,10,FMN GV 22 Boechout
7,Victor Heylenlei 41,2020-11-13,19:00:00,13,5,8,FMN GV 22 Boechout
7,Victor Heylenlei 41,2020-11-13,20:00:00,4,1,3,FMN GV 22 Boechout
7,Victor Heylenlei 41,2020-11-13,21:00:00,6,4,2,FMN GV 22 Boechout
7,Victor Heylenlei 41,2020-11-13,22:00:00,1,1,0,FMN GV 22 Boechout
7,Victor Heylenlei 41,2020-11-13,23:00:00,7,6,1,FMN GV 22 Boechout
7,Victor Heylenlei 41,2020-11-14,00:00:00,1,0,1,FMN GV 22 Boechout
7,Victor Heylenlei 41,2020-11-14,01:00:00,0,0,0,FMN GV 22 Boechout
7,Victor Heylenlei 41,2020-11-14,02:00:00,0,0,0,FMN GV 22 Boechout
7,Victor Heylenlei 41,2020-11-14,03:00:00,0,0,0,FMN GV 22 Boechout
7,Victor Heylenlei 41,2020-11-14,04:00:00,0,0,0,FMN GV 22 Boechout
7,Victor Heylenlei 41,2020-11-14,05:00:00,4,3,1,FMN GV 22 Boechout
7,Victor Heylenlei 41,2020-11-14,06:00:00,5,5,0,FMN GV 22 Boechout
7,Victor Heylenlei 41,2020-11-14,07:00:00,4,2,2,FMN GV 22 Boechout
7,Victor Heylenlei 41,2020-11-14,08:00:00,14,7,7,FMN GV 22 Boechout
7,Victor Heylenlei 41,2020-11-14,09:00:00,67,31,36,FMN GV 22 Boechout
7,Victor Heylenlei 41,2020-11-14,10:00:00,98,45,53,FMN GV 22 Boechout
7,Victor Heylenlei 41,2020-11-14,11:00:00,129,46,83,FMN GV 22 Boechout
7,Victor Heylenlei 41,2020-11-14,12:00:00,152,78,74,FMN GV 22 Boechout
7,Victor Heylenlei 41,2020-11-14,13:00:00,175,89,86,FMN GV 22 Boechout
7,Victor Heylenlei 41,2020-11-14,14:00:00,288,125,163,FMN GV 22 Boechout
7,Victor Heylenlei 41,2020-11-14,15:00:00,291,141,150,FMN GV 22 Boechout
7,Victor Heylenlei 41,2020-11-14,16:00:00,189,117,72,FMN GV 22 Boechout
7,Victor Heylenlei 41,2020-11-14,17:00:00,72,45,27,FMN GV 22 Boechout
7,Victor Heylenlei 41,2020-11-14,18:00:00,25,12,13,FMN GV 22 Boechout
7,Victor Heylenlei 41,2020-11-14,19:00:00,8,4,4,FMN GV 22 Boechout
7,Victor Heylenlei 41,2020-11-14,20:00:00,13,5,8,FMN GV 22 Boechout
7,Victor Heylenlei 41,2020-11-14,21:00:00,7,4,3,FMN GV 22 Boechout
7,Victor Heylenlei 41,2020-11-14,22:00:00,9,7,2,FMN GV 22 Boechout
7,Victor Heylenlei 41,2020-11-14,23:00:00,4,2,2,FMN GV 22 Boechout
7,Victor Heylenlei 41,2020-11-15,00:00:00,0,0,0,FMN GV 22 Boechout
7,Victor Heylenlei 41,2020-11-15,01:00:00,3,2,1,FMN GV 22 Boechout
7,Victor Heylenlei 41,2020-11-15,02:00:00,0,0,0,FMN GV 22 Boechout
7,Victor Heylenlei 41,2020-11-15,03:00:00,0,0,0,FMN GV 22 Boechout
7,Victor Heylenlei 41,2020-11-15,04:00:00,0,0,0,FMN GV 22 Boechout
7,Victor Heylenlei 41,2020-11-15,05:00:00,3,2,1,FMN GV 22 Boechout
7,Victor Heylenlei 41,2020-11-15,06:00:00,4,3,1,FMN GV 22 Boechout
7,Victor Heylenlei 41,2020-11-15,07:00:00,2,1,1,FMN GV 22 Boechout
7,Victor Heylenlei 41,2020-11-15,08:00:00,18,6,12,FMN GV 22 Boechout
7,Victor Heylenlei 41,2020-11-15,09:00:00,95,44,51,FMN GV 22 Boechout
7,Victor Heylenlei 41,2020-11-15,10:00:00,129,60,69,FMN GV 22 Boechout
7,Victor Heylenlei 41,2020-11-15,11:00:00,123,76,47,FMN GV 22 Boechout
7,Victor Heylenlei 41,2020-11-15,12:00:00,82,50,32,FMN GV 22 Boechout
7,Victor Heylenlei 41,2020-11-15,13:00:00,18,11,7,FMN GV 22 Boechout
7,Victor Heylenlei 41,2020-11-15,14:00:00,19,12,7,FMN GV 22 Boechout
7,Victor Heylenlei 41,2020-11-15,15:00:00,14,6,8,FMN GV 22 Boechout
7,Victor Heylenlei 41,2020-11-15,16:00:00,8,2,6,FMN GV 22 Boechout
7,Victor Heylenlei 41,2020-11-15,17:00:00,12,7,5,FMN GV 22 Boechout
7,Victor Heylenlei 41,2020-11-15,18:00:00,44,25,19,FMN GV 22 Boechout
7,Victor Heylenlei 41,2020-11-15,19:00:00,5,3,2,FMN GV 22 Boechout
7,Victor Heylenlei 41,2020-11-15,20:00:00,3,2,1,FMN GV 22 Boechout
7,Victor Heylenlei 41,2020-11-15,21:00:00,4,2,2,FMN GV 22 Boechout
7,Victor Heylenlei 41,2020-11-15,22:00:00,5,1,4,FMN GV 22 Boechout
7,Victor Heylenlei 41,2020-11-15,23:00:00,2,0,2,FMN GV 22 Boechout
7,Victor Heylenlei 41,2020-11-16,00:00:00,0,0,0,FMN GV 22 Boechout
7,Victor Heylenlei 41,2020-11-16,01:00:00,0,0,0,FMN GV 22 Boechout
7,Victor Heylenlei 41,2020-11-16,02:00:00,0,0,0,FMN GV 22 Boechout
7,Victor Heylenlei 41,2020-11-16,03:00:00,0,0,0,FMN GV 22 Boechout
7,Victor Heylenlei 41,2020-11-16,04:00:00,0,0,0,FMN GV 22 Boechout
7,Victor Heylenlei 41,2020-11-16,05:00:00,9,5,4,FMN GV 22 Boechout
7,Victor Heylenlei 41,2020-11-16,06:00:00,12,11,1,FMN GV 22 Boechout
7,Victor Heylenlei 41,2020-11-16,07:00:00,81,56,25,FMN GV 22 Boechout
7,Victor Heylenlei 41,2020-11-16,08:00:00,87,40,47,FMN GV 22 Boechout
7,Victor Heylenlei 41,2020-11-16,09:00:00,23,14,9,FMN GV 22 Boechout
7,Victor Heylenlei 41,2020-11-16,10:00:00,23,8,15,FMN GV 22 Boechout
7,Victor Heylenlei 41,2020-11-16,11:00:00,23,13,10,FMN GV 22 Boechout
7,Victor Heylenlei 41,2020-11-16,12:00:00,49,35,14,FMN GV 22 Boechout
7,Victor Heylenlei 41,2020-11-16,13:00:00,60,37,23,FMN GV 22 Boechout
7,Victor Heylenlei 41,2020-11-16,14:00:00,42,16,26,FMN GV 22 Boechout
7,Victor Heylenlei 41,2020-11-16,15:00:00,49,13,36,FMN GV 22 Boechout
7,Victor Heylenlei 41,2020-11-16,16:00:00,101,35,66,FMN GV 22 Boechout
7,Victor Heylenlei 41,2020-11-16,17:00:00,53,11,42,FMN GV 22 Boechout
7,Victor Heylenlei 41,2020-11-16,18:00:00,23,1,22,FMN GV 22 Boechout
7,Victor Heylenlei 41,2020-11-16,19:00:00,11,0,11,FMN GV 22 Boechout
7,Victor Heylenlei 41,2020-11-16,20:00:00,11,6,5,FMN GV 22 Boechout
7,Victor Heylenlei 41,2020-11-16,21:00:00,12,7,5,FMN GV 22 Boechout
7,Victor Heylenlei 41,2020-11-16,22:00:00,13,4,9,FMN GV 22 Boechout
7,Victor Heylenlei 41,2020-11-16,23:00:00,4,3,1,FMN GV 22 Boechout
7,Victor Heylenlei 41,2020-11-17,00:00:00,0,0,0,FMN GV 22 Boechout
7,Victor Heylenlei 41,2020-11-17,01:00:00,0,0,0,FMN GV 22 Boechout
7,Victor Heylenlei 41,2020-11-17,02:00:00,0,0,0,FMN GV 22 Boechout
7,Victor Heylenlei 41,2020-11-17,03:00:00,0,0,0,FMN GV 22 Boechout
7,Victor Heylenlei 41,2020-11-17,04:00:00,3,2,1,FMN GV 22 Boechout
7,Victor Heylenlei 41,2020-11-17,05:00:00,9,5,4,FMN GV 22 Boechout
7,Victor Heylenlei 41,2020-11-17,06:00:00,18,15,3,FMN GV 22 Boechout
7,Victor Heylenlei 41,2020-11-17,07:00:00,94,72,22,FMN GV 22 Boechout
7,Victor Heylenlei 41,2020-11-17,08:00:00,111,62,49,FMN GV 22 Boechout
7,Victor Heylenlei 41,2020-11-17,09:00:00,25,16,9,FMN GV 22 Boechout
7,Victor Heylenlei 41,2020-11-17,10:00:00,24,15,9,FMN GV 22 Boechout
7,Victor Heylenlei 41,2020-11-17,11:00:00,34,22,12,FMN GV 22 Boechout
7,Victor Heylenlei 41,2020-11-17,12:00:00,75,46,29,FMN GV 22 Boechout
7,Victor Heylenlei 41,2020-11-17,13:00:00,66,32,34,FMN GV 22 Boechout
7,Victor Heylenlei 41,2020-11-17,14:00:00,64,33,31,FMN GV 22 Boechout
7,Victor Heylenlei 41,2020-11-17,15:00:00,83,33,50,FMN GV 22 Boechout
7,Victor Heylenlei 41,2020-11-17,16:00:00,153,87,66,FMN GV 22 Boechout
7,Victor Heylenlei 41,2020-11-17,17:00:00,92,43,49,FMN GV 22 Boechout
7,Victor Heylenlei 41,2020-11-17,18:00:00,46,21,25,FMN GV 22 Boechout
7,Victor Heylenlei 41,2020-11-17,19:00:00,36,16,20,FMN GV 22 Boechout
7,Victor Heylenlei 41,2020-11-17,20:00:00,19,5,14,FMN GV 22 Boechout
7,Victor Heylenlei 41,2020-11-17,21:00:00,9,8,1,FMN GV 22 Boechout
7,Victor Heylenlei 41,2020-11-17,22:00:00,15,3,12,FMN GV 22 Boechout
7,Victor Heylenlei 41,2020-11-17,23:00:00,5,4,1,FMN GV 22 Boechout
7,Victor Heylenlei 41,2020-11-18,00:00:00,0,0,0,FMN GV 22 Boechout
7,Victor Heylenlei 41,2020-11-18,01:00:00,0,0,0,FMN GV 22 Boechout
7,Victor Heylenlei 41,2020-11-18,02:00:00,0,0,0,FMN GV 22 Boechout
7,Victor Heylenlei 41,2020-11-18,03:00:00,0,0,0,FMN GV 22 Boechout
7,Victor Heylenlei 41,2020-11-18,04:00:00,2,1,1,FMN GV 22 Boechout
7,Victor Heylenlei 41,2020-11-18,05:00:00,11,8,3,FMN GV 22 Boechout
7,Victor Heylenlei 41,2020-11-18,06:00:00,20,11,9,FMN GV 22 Boechout
7,Victor Heylenlei 41,2020-11-18,07:00:00,91,71,20,FMN GV 22 Boechout
7,Victor Heylenlei 41,2020-11-18,08:00:00,101,47,54,FMN GV 22 Boechout
7,Victor Heylenlei 41,2020-11-18,09:00:00,45,16,29,FMN GV 22 Boechout
7,Victor Heylenlei 41,2020-11-18,10:00:00,58,22,36,FMN GV 22 Boechout
7,Victor Heylenlei 41,2020-11-18,11:00:00,101,64,37,FMN GV 22 Boechout
7,Victor Heylenlei 41,2020-11-18,12:00:00,168,93,75,FMN GV 22 Boechout
7,Victor Heylenlei 41,2020-11-18,13:00:00,195,96,99,FMN GV 22 Boechout
7,Victor Heylenlei 41,2020-11-18,14:00:00,243,98,145,FMN GV 22 Boechout
7,Victor Heylenlei 41,2020-11-18,15:00:00,224,116,108,FMN GV 22 Boechout
7,Victor Heylenlei 41,2020-11-18,16:00:00,164,92,72,FMN GV 22 Boechout
7,Victor Heylenlei 41,2020-11-18,17:00:00,95,40,55,FMN GV 22 Boechout
7,Victor Heylenlei 41,2020-11-18,18:00:00,46,17,29,FMN GV 22 Boechout
7,Victor Heylenlei 41,2020-11-18,19:00:00,34,14,20,FMN GV 22 Boechout
7,Victor Heylenlei 41,2020-11-18,20:00:00,18,7,11,FMN GV 22 Boechout
7,Victor Heylenlei 41,2020-11-18,21:00:00,15,10,5,FMN GV 22 Boechout
7,Victor Heylenlei 41,2020-11-18,22:00:00,4,1,3,FMN GV 22 Boechout
7,Victor Heylenlei 41,2020-11-18,23:00:00,1,1,0,FMN GV 22 Boechout
7,Victor Heylenlei 41,2020-11-19,00:00:00,2,0,2,FMN GV 22 Boechout
7,Victor Heylenlei 41,2020-11-19,01:00:00,0,0,0,FMN GV 22 Boechout
7,Victor Heylenlei 41,2020-11-19,02:00:00,0,0,0,FMN GV 22 Boechout
7,Victor Heylenlei 41,2020-11-19,03:00:00,0,0,0,FMN GV 22 Boechout
7,Victor Heylenlei 41,2020-11-19,04:00:00,3,2,1,FMN GV 22 Boechout
7,Victor Heylenlei 41,2020-11-19,05:00:00,10,8,2,FMN GV 22 Boechout
7,Victor Heylenlei 41,2020-11-19,06:00:00,12,8,4,FMN GV 22 Boechout
7,Victor Heylenlei 41,2020-11-19,07:00:00,71,53,18,FMN GV 22 Boechout
7,Victor Heylenlei 41,2020-11-19,08:00:00,82,35,47,FMN GV 22 Boechout
7,Victor Heylenlei 41,2020-11-19,09:00:00,25,21,4,FMN GV 22 Boechout
7,Victor Heylenlei 41,2020-11-19,10:00:00,24,15,9,FMN GV 22 Boechout
7,Victor Heylenlei 41,2020-11-19,11:00:00,14,4,10,FMN GV 22 Boechout
7,Victor Heylenlei 41,2020-11-19,12:00:00,44,29,15,FMN GV 22 Boechout
7,Victor Heylenlei 41,2020-11-19,13:00:00,30,13,17,FMN GV 22 Boechout
7,Victor Heylenlei 41,2020-11-19,14:00:00,34,11,23,FMN GV 22 Boechout
7,Victor Heylenlei 41,2020-11-19,15:00:00,44,18,26,FMN GV 22 Boechout
7,Victor Heylenlei 41,2020-11-19,16:00:00,110,56,54,FMN GV 22 Boechout
7,Victor Heylenlei 41,2020-11-19,17:00:00,74,36,38,FMN GV 22 Boechout
7,Victor Heylenlei 41,2020-11-19,18:00:00,33,8,25,FMN GV 22 Boechout
7,Victor Heylenlei 41,2020-11-19,19:00:00,9,2,7,FMN GV 22 Boechout
7,Victor Heylenlei 41,2020-11-19,20:00:00,12,4,8,FMN GV 22 Boechout
7,Victor Heylenlei 41,2020-11-19,21:00:00,4,2,2,FMN GV 22 Boechout
7,Victor Heylenlei 41,2020-11-19,22:00:00,7,1,6,FMN GV 22 Boechout
7,Victor Heylenlei 41,2020-11-19,23:00:00,2,1,1,FMN GV 22 Boechout
7,Victor Heylenlei 41,2020-11-20,00:00:00,0,0,0,FMN GV 22 Boechout
7,Victor Heylenlei 41,2020-11-20,01:00:00,0,0,0,FMN GV 22 Boechout
7,Victor Heylenlei 41,2020-11-20,02:00:00,0,0,0,FMN GV 22 Boechout
7,Victor Heylenlei 41,2020-11-20,03:00:00,0,0,0,FMN GV 22 Boechout
7,Victor Heylenlei 41,2020-11-20,04:00:00,4,3,1,FMN GV 22 Boechout
7,Victor Heylenlei 41,2020-11-20,05:00:00,7,3,4,FMN GV 22 Boechout
7,Victor Heylenlei 41,2020-11-20,06:00:00,16,12,4,FMN GV 22 Boechout
7,Victor Heylenlei 41,2020-11-20,07:00:00,52,37,15,FMN GV 22 Boechout
7,Victor Heylenlei 41,2020-11-20,08:00:00,67,30,37,FMN GV 22 Boechout
7,Victor Heylenlei 41,2020-11-20,09:00:00,34,23,11,FMN GV 22 Boechout
7,Victor Heylenlei 41,2020-11-20,10:00:00,30,14,16,FMN GV 22 Boechout
7,Victor Heylenlei 41,2020-11-20,11:00:00,59,26,33,FMN GV 22 Boechout
7,Victor Heylenlei 41,2020-11-20,12:00:00,96,52,44,FMN GV 22 Boechout
7,Victor Heylenlei 41,2020-11-20,13:00:00,121,65,56,FMN GV 22 Boechout
7,Victor Heylenlei 41,2020-11-20,14:00:00,124,57,67,FMN GV 22 Boechout
7,Victor Heylenlei 41,2020-11-20,15:00:00,109,61,48,FMN GV 22 Boechout
7,Victor Heylenlei 41,2020-11-20,16:00:00,110,60,50,FMN GV 22 Boechout
7,Victor Heylenlei 41,2020-11-20,17:00:00,49,27,22,FMN GV 22 Boechout
7,Victor Heylenlei 41,2020-11-20,18:00:00,18,8,10,FMN GV 22 Boechout
7,Victor Heylenlei 41,2020-11-20,19:00:00,9,4,5,FMN GV 22 Boechout
7,Victor Heylenlei 41,2020-11-20,20:00:00,4,2,2,FMN GV 22 Boechout
7,Victor Heylenlei 41,2020-11-20,21:00:00,4,3,1,FMN GV 22 Boechout
7,Victor Heylenlei 41,2020-11-20,22:00:00,5,0,5,FMN GV 22 Boechout
7,Victor Heylenlei 41,2020-11-20,23:00:00,4,3,1,FMN GV 22 Boechout
7,Victor Heylenlei 41,2020-11-21,00:00:00,0,0,0,FMN GV 22 Boechout
7,Victor Heylenlei 41,2020-11-21,01:00:00,0,0,0,FMN GV 22 Boechout
7,Victor Heylenlei 41,2020-11-21,02:00:00,1,0,1,FMN GV 22 Boechout
7,Victor Heylenlei 41,2020-11-21,03:00:00,0,0,0,FMN GV 22 Boechout
7,Victor Heylenlei 41,2020-11-21,04:00:00,1,0,1,FMN GV 22 Boechout
7,Victor Heylenlei 41,2020-11-21,05:00:00,1,1,0,FMN GV 22 Boechout
7,Victor Heylenlei 41,2020-11-21,06:00:00,2,1,1,FMN GV 22 Boechout
7,Victor Heylenlei 41,2020-11-21,07:00:00,3,1,2,FMN GV 22 Boechout
7,Victor Heylenlei 41,2020-11-21,08:00:00,9,4,5,FMN GV 22 Boechout
7,Victor Heylenlei 41,2020-11-21,09:00:00,34,16,18,FMN GV 22 Boechout
7,Victor Heylenlei 41,2020-11-21,10:00:00,76,38,38,FMN GV 22 Boechout
7,Victor Heylenlei 41,2020-11-21,11:00:00,82,39,43,FMN GV 22 Boechout
7,Victor Heylenlei 41,2020-11-21,12:00:00,132,71,61,FMN GV 22 Boechout
7,Victor Heylenlei 41,2020-11-21,13:00:00,132,59,73,FMN GV 22 Boechout
7,Victor Heylenlei 41,2020-11-21,14:00:00,127,61,66,FMN GV 22 Boechout
7,Victor Heylenlei 41,2020-11-21,15:00:00,110,56,54,FMN GV 22 Boechout
7,Victor Heylenlei 41,2020-11-21,16:00:00,69,39,30,FMN GV 22 Boechout
7,Victor Heylenlei 41,2020-11-21,17:00:00,55,37,18,FMN GV 22 Boechout
7,Victor Heylenlei 41,2020-11-21,18:00:00,27,12,15,FMN GV 22 Boechout
7,Victor Heylenlei 41,2020-11-21,19:00:00,10,7,3,FMN GV 22 Boechout
7,Victor Heylenlei 41,2020-11-21,20:00:00,7,6,1,FMN GV 22 Boechout
7,Victor Heylenlei 41,2020-11-21,21:00:00,1,1,0,FMN GV 22 Boechout
7,Victor Heylenlei 41,2020-11-21,22:00:00,6,1,5,FMN GV 22 Boechout
7,Victor Heylenlei 41,2020-11-21,23:00:00,7,6,1,FMN GV 22 Boechout
7,Victor Heylenlei 41,2020-11-22,00:00:00,1,0,1,FMN GV 22 Boechout
7,Victor Heylenlei 41,2020-11-22,01:00:00,0,0,0,FMN GV 22 Boechout
7,Victor Heylenlei 41,2020-11-22,02:00:00,0,0,0,FMN GV 22 Boechout
7,Victor Heylenlei 41,2020-11-22,03:00:00,0,0,0,FMN GV 22 Boechout
7,Victor Heylenlei 41,2020-11-22,04:00:00,0,0,0,FMN GV 22 Boechout
7,Victor Heylenlei 41,2020-11-22,05:00:00,2,2,0,FMN GV 22 Boechout
7,Victor Heylenlei 41,2020-11-22,06:00:00,3,1,2,FMN GV 22 Boechout
7,Victor Heylenlei 41,2020-11-22,07:00:00,5,2,3,FMN GV 22 Boechout
7,Victor Heylenlei 41,2020-11-22,08:00:00,14,6,8,FMN GV 22 Boechout
7,Victor Heylenlei 41,2020-11-22,09:00:00,44,18,26,FMN GV 22 Boechout
7,Victor Heylenlei 41,2020-11-22,10:00:00,69,30,39,FMN GV 22 Boechout
7,Victor Heylenlei 41,2020-11-22,11:00:00,53,30,23,FMN GV 22 Boechout
7,Victor Heylenlei 41,2020-11-22,12:00:00,49,28,21,FMN GV 22 Boechout
7,Victor Heylenlei 41,2020-11-22,13:00:00,17,9,8,FMN GV 22 Boechout
7,Victor Heylenlei 41,2020-11-22,14:00:00,35,13,22,FMN GV 22 Boechout
7,Victor Heylenlei 41,2020-11-22,15:00:00,29,16,13,FMN GV 22 Boechout
7,Victor Heylenlei 41,2020-11-22,16:00:00,32,14,18,FMN GV 22 Boechout
7,Victor Heylenlei 41,2020-11-22,17:00:00,16,7,9,FMN GV 22 Boechout
7,Victor Heylenlei 41,2020-11-22,18:00:00,11,7,4,FMN GV 22 Boechout
7,Victor Heylenlei 41,2020-11-22,19:00:00,8,3,5,FMN GV 22 Boechout
7,Victor Heylenlei 41,2020-11-22,20:00:00,7,3,4,FMN GV 22 Boechout
7,Victor Heylenlei 41,2020-11-22,21:00:00,2,2,0,FMN GV 22 Boechout
7,Victor Heylenlei 41,2020-11-22,22:00:00,3,2,1,FMN GV 22 Boechout
7,Victor Heylenlei 41,2020-11-22,23:00:00,5,1,4,FMN GV 22 Boechout
7,Victor Heylenlei 41,2020-11-23,00:00:00,0,0,0,FMN GV 22 Boechout
7,Victor Heylenlei 41,2020-11-23,01:00:00,0,0,0,FMN GV 22 Boechout
7,Victor Heylenlei 41,2020-11-23,02:00:00,0,0,0,FMN GV 22 Boechout
7,Victor Heylenlei 41,2020-11-23,03:00:00,0,0,0,FMN GV 22 Boechout
7,Victor Heylenlei 41,2020-11-23,04:00:00,2,1,1,FMN GV 22 Boechout
7,Victor Heylenlei 41,2020-11-23,05:00:00,6,4,2,FMN GV 22 Boechout
7,Victor Heylenlei 41,2020-11-23,06:00:00,14,9,5,FMN GV 22 Boechout
7,Victor Heylenlei 41,2020-11-23,07:00:00,56,39,17,FMN GV 22 Boechout
7,Victor Heylenlei 41,2020-11-23,08:00:00,52,24,28,FMN GV 22 Boechout
7,Victor Heylenlei 41,2020-11-23,09:00:00,26,14,12,FMN GV 22 Boechout
7,Victor Heylenlei 41,2020-11-23,10:00:00,32,21,11,FMN GV 22 Boechout
7,Victor Heylenlei 41,2020-11-23,11:00:00,52,27,25,FMN GV 22 Boechout
7,Victor Heylenlei 41,2020-11-23,12:00:00,69,31,38,FMN GV 22 Boechout
7,Victor Heylenlei 41,2020-11-23,13:00:00,120,56,64,FMN GV 22 Boechout
7,Victor Heylenlei 41,2020-11-23,14:00:00,164,68,96,FMN GV 22 Boechout
7,Victor Heylenlei 41,2020-11-23,15:00:00,125,67,58,FMN GV 22 Boechout
7,Victor Heylenlei 41,2020-11-23,16:00:00,121,69,52,FMN GV 22 Boechout
7,Victor Heylenlei 41,2020-11-23,17:00:00,55,18,37,FMN GV 22 Boechout
7,Victor Heylenlei 41,2020-11-23,18:00:00,28,10,18,FMN GV 22 Boechout
7,Victor Heylenlei 41,2020-11-23,19:00:00,20,4,16,FMN GV 22 Boechout
7,Victor Heylenlei 41,2020-11-23,20:00:00,10,8,2,FMN GV 22 Boechout
7,Victor Heylenlei 41,2020-11-23,21:00:00,3,2,1,FMN GV 22 Boechout
7,Victor Heylenlei 41,2020-11-23,22:00:00,7,1,6,FMN GV 22 Boechout
7,Victor Heylenlei 41,2020-11-23,23:00:00,2,1,1,FMN GV 22 Boechout
7,Victor Heylenlei 41,2020-11-24,00:00:00,0,0,0,FMN GV 22 Boechout
7,Victor Heylenlei 41,2020-11-24,01:00:00,0,0,0,FMN GV 22 Boechout
7,Victor Heylenlei 41,2020-11-24,02:00:00,0,0,0,FMN GV 22 Boechout
7,Victor Heylenlei 41,2020-11-24,03:00:00,0,0,0,FMN GV 22 Boechout
7,Victor Heylenlei 41,2020-11-24,04:00:00,1,0,1,FMN GV 22 Boechout
7,Victor Heylenlei 41,2020-11-24,05:00:00,5,4,1,FMN GV 22 Boechout
7,Victor Heylenlei 41,2020-11-24,06:00:00,16,13,3,FMN GV 22 Boechout
7,Victor Heylenlei 41,2020-11-24,07:00:00,73,53,20,FMN GV 22 Boechout
7,Victor Heylenlei 41,2020-11-24,08:00:00,88,43,45,FMN GV 22 Boechout
7,Victor Heylenlei 41,2020-11-24,09:00:00,46,20,26,FMN GV 22 Boechout
7,Victor Heylenlei 41,2020-11-24,10:00:00,34,11,23,FMN GV 22 Boechout
7,Victor Heylenlei 41,2020-11-24,11:00:00,64,33,31,FMN GV 22 Boechout
7,Victor Heylenlei 41,2020-11-24,12:00:00,85,41,44,FMN GV 22 Boechout
7,Victor Heylenlei 41,2020-11-24,13:00:00,156,75,81,FMN GV 22 Boechout
7,Victor Heylenlei 41,2020-11-24,14:00:00,151,66,85,FMN GV 22 Boechout
7,Victor Heylenlei 41,2020-11-24,15:00:00,140,64,76,FMN GV 22 Boechout
7,Victor Heylenlei 41,2020-11-24,16:00:00,184,104,80,FMN GV 22 Boechout
7,Victor Heylenlei 41,2020-11-24,17:00:00,49,22,27,FMN GV 22 Boechout
7,Victor Heylenlei 41,2020-11-24,18:00:00,32,14,18,FMN GV 22 Boechout
7,Victor Heylenlei 41,2020-11-24,19:00:00,21,7,14,FMN GV 22 Boechout
7,Victor Heylenlei 41,2020-11-24,20:00:00,16,9,7,FMN GV 22 Boechout
7,Victor Heylenlei 41,2020-11-24,21:00:00,8,3,5,FMN GV 22 Boechout
7,Victor Heylenlei 41,2020-11-24,22:00:00,8,2,6,FMN GV 22 Boechout
7,Victor Heylenlei 41,2020-11-24,23:00:00,3,1,2,FMN GV 22 Boechout
7,Victor Heylenlei 41,2020-11-25,00:00:00,0,0,0,FMN GV 22 Boechout
7,Victor Heylenlei 41,2020-11-25,01:00:00,0,0,0,FMN GV 22 Boechout
7,Victor Heylenlei 41,2020-11-25,02:00:00,0,0,0,FMN GV 22 Boechout
7,Victor Heylenlei 41,2020-11-25,03:00:00,0,0,0,FMN GV 22 Boechout
7,Victor Heylenlei 41,2020-11-25,04:00:00,1,0,1,FMN GV 22 Boechout
7,Victor Heylenlei 41,2020-11-25,05:00:00,4,3,1,FMN GV 22 Boechout
7,Victor Heylenlei 41,2020-11-25,06:00:00,14,11,3,FMN GV 22 Boechout
7,Victor Heylenlei 41,2020-11-25,07:00:00,58,44,14,FMN GV 22 Boechout
7,Victor Heylenlei 41,2020-11-25,08:00:00,55,24,31,FMN GV 22 Boechout
7,Victor Heylenlei 41,2020-11-25,09:00:00,25,10,15,FMN GV 22 Boechout
7,Victor Heylenlei 41,2020-11-25,10:00:00,36,16,20,FMN GV 22 Boechout
7,Victor Heylenlei 41,2020-11-25,11:00:00,65,39,26,FMN GV 22 Boechout
7,Victor Heylenlei 41,2020-11-25,12:00:00,145,90,55,FMN GV 22 Boechout
7,Victor Heylenlei 41,2020-11-25,13:00:00,115,53,62,FMN GV 22 Boechout
7,Victor Heylenlei 41,2020-11-25,14:00:00,335,179,156,FMN GV 22 Boechout
7,Victor Heylenlei 41,2020-11-25,15:00:00,112,61,51,FMN GV 22 Boechout
7,Victor Heylenlei 41,2020-11-25,16:00:00,122,56,66,FMN GV 22 Boechout
7,Victor Heylenlei 41,2020-11-25,17:00:00,66,25,41,FMN GV 22 Boechout
7,Victor Heylenlei 41,2020-11-25,18:00:00,29,9,20,FMN GV 22 Boechout
7,Victor Heylenlei 41,2020-11-25,19:00:00,25,12,13,FMN GV 22 Boechout
7,Victor Heylenlei 41,2020-11-25,20:00:00,10,3,7,FMN GV 22 Boechout
7,Victor Heylenlei 41,2020-11-25,21:00:00,15,8,7,FMN GV 22 Boechout
7,Victor Heylenlei 41,2020-11-25,22:00:00,7,3,4,FMN GV 22 Boechout
7,Victor Heylenlei 41,2020-11-25,23:00:00,4,1,3,FMN GV 22 Boechout
7,Victor Heylenlei 41,2020-11-26,00:00:00,1,0,1,FMN GV 22 Boechout
7,Victor Heylenlei 41,2020-11-26,01:00:00,1,0,1,FMN GV 22 Boechout
7,Victor Heylenlei 41,2020-11-26,02:00:00,0,0,0,FMN GV 22 Boechout
7,Victor Heylenlei 41,2020-11-26,03:00:00,1,1,0,FMN GV 22 Boechout
7,Victor Heylenlei 41,2020-11-26,04:00:00,0,0,0,FMN GV 22 Boechout
7,Victor Heylenlei 41,2020-11-26,05:00:00,4,3,1,FMN GV 22 Boechout
7,Victor Heylenlei 41,2020-11-26,06:00:00,22,15,7,FMN GV 22 Boechout
7,Victor Heylenlei 41,2020-11-26,07:00:00,82,62,20,FMN GV 22 Boechout
7,Victor Heylenlei 41,2020-11-26,08:00:00,97,45,52,FMN GV 22 Boechout
7,Victor Heylenlei 41,2020-11-26,09:00:00,43,17,26,FMN GV 22 Boechout
7,Victor Heylenlei 41,2020-11-26,10:00:00,21,11,10,FMN GV 22 Boechout
7,Victor Heylenlei 41,2020-11-26,11:00:00,34,15,19,FMN GV 22 Boechout
7,Victor Heylenlei 41,2020-11-26,12:00:00,54,23,31,FMN GV 22 Boechout
7,Victor Heylenlei 41,2020-11-26,13:00:00,111,55,56,FMN GV 22 Boechout
7,Victor Heylenlei 41,2020-11-26,14:00:00,106,43,63,FMN GV 22 Boechout
7,Victor Heylenlei 41,2020-11-26,15:00:00,114,52,62,FMN GV 22 Boechout
7,Victor Heylenlei 41,2020-11-26,16:00:00,175,100,75,FMN GV 22 Boechout
7,Victor Heylenlei 41,2020-11-26,17:00:00,71,26,45,FMN GV 22 Boechout
7,Victor Heylenlei 41,2020-11-26,18:00:00,41,18,23,FMN GV 22 Boechout
7,Victor Heylenlei 41,2020-11-26,19:00:00,17,7,10,FMN GV 22 Boechout
7,Victor Heylenlei 41,2020-11-26,20:00:00,35,11,24,FMN GV 22 Boechout
7,Victor Heylenlei 41,2020-11-26,21:00:00,10,8,2,FMN GV 22 Boechout
7,Victor Heylenlei 41,2020-11-26,22:00:00,6,3,3,FMN GV 22 Boechout
7,Victor Heylenlei 41,2020-11-26,23:00:00,3,1,2,FMN GV 22 Boechout
7,Victor Heylenlei 41,2020-11-27,00:00:00,0,0,0,FMN GV 22 Boechout
7,Victor Heylenlei 41,2020-11-27,01:00:00,0,0,0,FMN GV 22 Boechout
7,Victor Heylenlei 41,2020-11-27,02:00:00,0,0,0,FMN GV 22 Boechout
7,Victor Heylenlei 41,2020-11-27,03:00:00,0,0,0,FMN GV 22 Boechout
7,Victor Heylenlei 41,2020-11-27,04:00:00,2,2,0,FMN GV 22 Boechout
7,Victor Heylenlei 41,2020-11-27,05:00:00,4,2,2,FMN GV 22 Boechout
7,Victor Heylenlei 41,2020-11-27,06:00:00,19,14,5,FMN GV 22 Boechout
7,Victor Heylenlei 41,2020-11-27,07:00:00,73,52,21,FMN GV 22 Boechout
7,Victor Heylenlei 41,2020-11-27,08:00:00,83,37,46,FMN GV 22 Boechout
7,Victor Heylenlei 41,2020-11-27,09:00:00,38,16,22,FMN GV 22 Boechout
7,Victor Heylenlei 41,2020-11-27,10:00:00,35,13,22,FMN GV 22 Boechout
7,Victor Heylenlei 41,2020-11-27,11:00:00,60,37,23,FMN GV 22 Boechout
7,Victor Heylenlei 41,2020-11-27,12:00:00,57,31,26,FMN GV 22 Boechout
7,Victor Heylenlei 41,2020-11-27,13:00:00,103,60,43,FMN GV 22 Boechout
7,Victor Heylenlei 41,2020-11-27,14:00:00,73,32,41,FMN GV 22 Boechout
7,Victor Heylenlei 41,2020-11-27,15:00:00,71,32,39,FMN GV 22 Boechout
7,Victor Heylenlei 41,2020-11-27,16:00:00,149,88,61,FMN GV 22 Boechout
7,Victor Heylenlei 41,2020-11-27,17:00:00,52,20,32,FMN GV 22 Boechout
7,Victor Heylenlei 41,2020-11-27,18:00:00,37,12,25,FMN GV 22 Boechout
7,Victor Heylenlei 41,2020-11-27,19:00:00,18,9,9,FMN GV 22 Boechout
7,Victor Heylenlei 41,2020-11-27,20:00:00,20,12,8,FMN GV 22 Boechout
7,Victor Heylenlei 41,2020-11-27,21:00:00,20,10,10,FMN GV 22 Boechout
7,Victor Heylenlei 41,2020-11-27,22:00:00,110,57,53,FMN GV 22 Boechout
7,Victor Heylenlei 41,2020-11-27,23:00:00,11,6,5,FMN GV 22 Boechout
7,Victor Heylenlei 41,2020-11-28,00:00:00,3,1,2,FMN GV 22 Boechout
7,Victor Heylenlei 41,2020-11-28,01:00:00,0,0,0,FMN GV 22 Boechout
7,Victor Heylenlei 41,2020-11-28,02:00:00,0,0,0,FMN GV 22 Boechout
7,Victor Heylenlei 41,2020-11-28,03:00:00,1,0,1,FMN GV 22 Boechout
7,Victor Heylenlei 41,2020-11-28,04:00:00,1,0,1,FMN GV 22 Boechout
7,Victor Heylenlei 41,2020-11-28,05:00:00,1,1,0,FMN GV 22 Boechout
7,Victor Heylenlei 41,2020-11-28,06:00:00,6,3,3,FMN GV 22 Boechout
7,Victor Heylenlei 41,2020-11-28,07:00:00,1,1,0,FMN GV 22 Boechout
7,Victor Heylenlei 41,2020-11-28,08:00:00,7,3,4,FMN GV 22 Boechout
7,Victor Heylenlei 41,2020-11-28,09:00:00,21,12,9,FMN GV 22 Boechout
7,Victor Heylenlei 41,2020-11-28,10:00:00,80,35,45,FMN GV 22 Boechout
7,Victor Heylenlei 41,2020-11-28,11:00:00,91,39,52,FMN GV 22 Boechout
7,Victor Heylenlei 41,2020-11-28,12:00:00,140,66,74,FMN GV 22 Boechout
7,Victor Heylenlei 41,2020-11-28,13:00:00,157,69,88,FMN GV 22 Boechout
7,Victor Heylenlei 41,2020-11-28,14:00:00,242,111,131,FMN GV 22 Boechout
7,Victor Heylenlei 41,2020-11-28,15:00:00,217,113,104,FMN GV 22 Boechout
7,Victor Heylenlei 41,2020-11-28,16:00:00,96,63,33,FMN GV 22 Boechout
7,Victor Heylenlei 41,2020-11-28,17:00:00,33,15,18,FMN GV 22 Boechout
7,Victor Heylenlei 41,2020-11-28,18:00:00,16,10,6,FMN GV 22 Boechout
7,Victor Heylenlei 41,2020-11-28,19:00:00,6,4,2,FMN GV 22 Boechout
7,Victor Heylenlei 41,2020-11-28,20:00:00,8,4,4,FMN GV 22 Boechout
7,Victor Heylenlei 41,2020-11-28,21:00:00,5,0,5,FMN GV 22 Boechout
7,Victor Heylenlei 41,2020-11-28,22:00:00,7,4,3,FMN GV 22 Boechout
7,Victor Heylenlei 41,2020-11-28,23:00:00,6,5,1,FMN GV 22 Boechout
7,Victor Heylenlei 41,2020-11-29,00:00:00,1,0,1,FMN GV 22 Boechout
7,Victor Heylenlei 41,2020-11-29,01:00:00,0,0,0,FMN GV 22 Boechout
7,Victor Heylenlei 41,2020-11-29,02:00:00,0,0,0,FMN GV 22 Boechout
7,Victor Heylenlei 41,2020-11-29,03:00:00,0,0,0,FMN GV 22 Boechout
7,Victor Heylenlei 41,2020-11-29,04:00:00,0,0,0,FMN GV 22 Boechout
7,Victor Heylenlei 41,2020-11-29,05:00:00,1,1,0,FMN GV 22 Boechout
7,Victor Heylenlei 41,2020-11-29,06:00:00,4,4,0,FMN GV 22 Boechout
7,Victor Heylenlei 41,2020-11-29,07:00:00,4,0,4,FMN GV 22 Boechout
7,Victor Heylenlei 41,2020-11-29,08:00:00,16,8,8,FMN GV 22 Boechout
7,Victor Heylenlei 41,2020-11-29,09:00:00,42,20,22,FMN GV 22 Boechout
7,Victor Heylenlei 41,2020-11-29,10:00:00,45,16,29,FMN GV 22 Boechout
7,Victor Heylenlei 41,2020-11-29,11:00:00,89,49,40,FMN GV 22 Boechout
7,Victor Heylenlei 41,2020-11-29,12:00:00,71,43,28,FMN GV 22 Boechout
7,Victor Heylenlei 41,2020-11-29,13:00:00,84,34,50,FMN GV 22 Boechout
7,Victor Heylenlei 41,2020-11-29,14:00:00,100,57,43,FMN GV 22 Boechout
7,Victor Heylenlei 41,2020-11-29,15:00:00,106,52,54,FMN GV 22 Boechout
7,Victor Heylenlei 41,2020-11-29,16:00:00,55,25,30,FMN GV 22 Boechout
7,Victor Heylenlei 41,2020-11-29,17:00:00,15,8,7,FMN GV 22 Boechout
7,Victor Heylenlei 41,2020-11-29,18:00:00,12,4,8,FMN GV 22 Boechout
7,Victor Heylenlei 41,2020-11-29,19:00:00,5,2,3,FMN GV 22 Boechout
7,Victor Heylenlei 41,2020-11-29,20:00:00,14,5,9,FMN GV 22 Boechout
7,Victor Heylenlei 41,2020-11-29,21:00:00,4,3,1,FMN GV 22 Boechout
7,Victor Heylenlei 41,2020-11-29,22:00:00,1,1,0,FMN GV 22 Boechout
7,Victor Heylenlei 41,2020-11-29,23:00:00,1,0,1,FMN GV 22 Boechout
7,Victor Heylenlei 41,2020-11-30,00:00:00,0,0,0,FMN GV 22 Boechout
7,Victor Heylenlei 41,2020-11-30,01:00:00,0,0,0,FMN GV 22 Boechout
7,Victor Heylenlei 41,2020-11-30,02:00:00,2,1,1,FMN GV 22 Boechout
7,Victor Heylenlei 41,2020-11-30,03:00:00,0,0,0,FMN GV 22 Boechout
7,Victor Heylenlei 41,2020-11-30,04:00:00,0,0,0,FMN GV 22 Boechout
7,Victor Heylenlei 41,2020-11-30,05:00:00,2,1,1,FMN GV 22 Boechout
7,Victor Heylenlei 41,2020-11-30,06:00:00,5,3,2,FMN GV 22 Boechout
7,Victor Heylenlei 41,2020-11-30,07:00:00,29,21,8,FMN GV 22 Boechout
7,Victor Heylenlei 41,2020-11-30,08:00:00,37,18,19,FMN GV 22 Boechout
7,Victor Heylenlei 41,2020-11-30,09:00:00,18,7,11,FMN GV 22 Boechout
7,Victor Heylenlei 41,2020-11-30,10:00:00,16,9,7,FMN GV 22 Boechout
7,Victor Heylenlei 41,2020-11-30,11:00:00,6,2,4,FMN GV 22 Boechout
7,Victor Heylenlei 41,2020-11-30,12:00:00,23,18,5,FMN GV 22 Boechout
7,Victor Heylenlei 41,2020-11-30,13:00:00,19,12,7,FMN GV 22 Boechout
7,Victor Heylenlei 41,2020-11-30,14:00:00,22,10,12,FMN GV 22 Boechout
7,Victor Heylenlei 41,2020-11-30,15:00:00,30,15,15,FMN GV 22 Boechout
7,Victor Heylenlei 41,2020-11-30,16:00:00,61,34,27,FMN GV 22 Boechout
7,Victor Heylenlei 41,2020-11-30,17:00:00,23,7,16,FMN GV 22 Boechout
7,Victor Heylenlei 41,2020-11-30,18:00:00,15,5,10,FMN GV 22 Boechout
7,Victor Heylenlei 41,2020-11-30,19:00:00,11,0,11,FMN GV 22 Boechout
7,Victor Heylenlei 41,2020-11-30,20:00:00,6,3,3,FMN GV 22 Boechout
7,Victor Heylenlei 41,2020-11-30,21:00:00,4,2,2,FMN GV 22 Boechout
7,Victor Heylenlei 41,2020-11-30,22:00:00,1,0,1,FMN GV 22 Boechout
7,Victor Heylenlei 41,2020-11-30,23:00:00,0,0,0,FMN GV 22 Boechout
7,Victor Heylenlei 41,2020-12-01,00:00:00,0,0,0,FMN GV 22 Boechout
7,Victor Heylenlei 41,2020-12-01,01:00:00,0,0,0,FMN GV 22 Boechout
7,Victor Heylenlei 41,2020-12-01,02:00:00,0,0,0,FMN GV 22 Boechout
7,Victor Heylenlei 41,2020-12-01,03:00:00,0,0,0,FMN GV 22 Boechout
7,Victor Heylenlei 41,2020-12-01,04:00:00,0,0,0,FMN GV 22 Boechout
7,Victor Heylenlei 41,2020-12-01,05:00:00,5,2,3,FMN GV 22 Boechout
7,Victor Heylenlei 41,2020-12-01,06:00:00,12,8,4,FMN GV 22 Boechout
7,Victor Heylenlei 41,2020-12-01,07:00:00,53,37,16,FMN GV 22 Boechout
7,Victor Heylenlei 41,2020-12-01,08:00:00,91,38,53,FMN GV 22 Boechout
7,Victor Heylenlei 41,2020-12-01,09:00:00,13,8,5,FMN GV 22 Boechout
7,Victor Heylenlei 41,2020-12-01,10:00:00,16,12,4,FMN GV 22 Boechout
7,Victor Heylenlei 41,2020-12-01,11:00:00,19,13,6,FMN GV 22 Boechout
7,Victor Heylenlei 41,2020-12-01,12:00:00,66,39,27,FMN GV 22 Boechout
7,Victor Heylenlei 41,2020-12-01,13:00:00,38,23,15,FMN GV 22 Boechout
7,Victor Heylenlei 41,2020-12-01,14:00:00,46,23,23,FMN GV 22 Boechout
7,Victor Heylenlei 41,2020-12-01,15:00:00,52,23,29,FMN GV 22 Boechout
7,Victor Heylenlei 41,2020-12-01,16:00:00,103,55,48,FMN GV 22 Boechout
7,Victor Heylenlei 41,2020-12-01,17:00:00,29,14,15,FMN GV 22 Boechout
7,Victor Heylenlei 41,2020-12-01,18:00:00,27,11,16,FMN GV 22 Boechout
7,Victor Heylenlei 41,2020-12-01,19:00:00,13,5,8,FMN GV 22 Boechout
7,Victor Heylenlei 41,2020-12-01,20:00:00,19,9,10,FMN GV 22 Boechout
7,Victor Heylenlei 41,2020-12-01,21:00:00,12,10,2,FMN GV 22 Boechout
7,Victor Heylenlei 41,2020-12-01,22:00:00,5,3,2,FMN GV 22 Boechout
7,Victor Heylenlei 41,2020-12-01,23:00:00,3,2,1,FMN GV 22 Boechout
7,Victor Heylenlei 41,2020-12-02,00:00:00,0,0,0,FMN GV 22 Boechout
7,Victor Heylenlei 41,2020-12-02,01:00:00,0,0,0,FMN GV 22 Boechout
7,Victor Heylenlei 41,2020-12-02,02:00:00,0,0,0,FMN GV 22 Boechout
7,Victor Heylenlei 41,2020-12-02,03:00:00,0,0,0,FMN GV 22 Boechout
7,Victor Heylenlei 41,2020-12-02,04:00:00,1,0,1,FMN GV 22 Boechout
7,Victor Heylenlei 41,2020-12-02,05:00:00,5,2,3,FMN GV 22 Boechout
7,Victor Heylenlei 41,2020-12-02,06:00:00,18,9,9,FMN GV 22 Boechout
7,Victor Heylenlei 41,2020-12-02,07:00:00,67,46,21,FMN GV 22 Boechout
7,Victor Heylenlei 41,2020-12-02,08:00:00,108,51,57,FMN GV 22 Boechout
7,Victor Heylenlei 41,2020-12-02,09:00:00,26,15,11,FMN GV 22 Boechout
7,Victor Heylenlei 41,2020-12-02,10:00:00,53,24,29,FMN GV 22 Boechout
7,Victor Heylenlei 41,2020-12-02,11:00:00,40,27,13,FMN GV 22 Boechout
7,Victor Heylenlei 41,2020-12-02,12:00:00,116,79,37,FMN GV 22 Boechout
7,Victor Heylenlei 41,2020-12-02,13:00:00,47,20,27,FMN GV 22 Boechout
7,Victor Heylenlei 41,2020-12-02,14:00:00,65,31,34,FMN GV 22 Boechout
7,Victor Heylenlei 41,2020-12-02,15:00:00,58,32,26,FMN GV 22 Boechout
7,Victor Heylenlei 41,2020-12-02,16:00:00,58,25,33,FMN GV 22 Boechout
7,Victor Heylenlei 41,2020-12-02,17:00:00,37,12,25,FMN GV 22 Boechout
7,Victor Heylenlei 41,2020-12-02,18:00:00,25,13,12,FMN GV 22 Boechout
7,Victor Heylenlei 41,2020-12-02,19:00:00,14,6,8,FMN GV 22 Boechout
7,Victor Heylenlei 41,2020-12-02,20:00:00,13,2,11,FMN GV 22 Boechout
7,Victor Heylenlei 41,2020-12-02,21:00:00,14,9,5,FMN GV 22 Boechout
7,Victor Heylenlei 41,2020-12-02,22:00:00,53,21,32,FMN GV 22 Boechout
7,Victor Heylenlei 41,2020-12-02,23:00:00,4,3,1,FMN GV 22 Boechout
7,Victor Heylenlei 41,2020-12-03,00:00:00,0,0,0,FMN GV 22 Boechout
7,Victor Heylenlei 41,2020-12-03,01:00:00,0,0,0,FMN GV 22 Boechout
7,Victor Heylenlei 41,2020-12-03,02:00:00,0,0,0,FMN GV 22 Boechout
7,Victor Heylenlei 41,2020-12-03,03:00:00,0,0,0,FMN GV 22 Boechout
7,Victor Heylenlei 41,2020-12-03,04:00:00,0,0,0,FMN GV 22 Boechout
7,Victor Heylenlei 41,2020-12-03,05:00:00,6,2,4,FMN GV 22 Boechout
7,Victor Heylenlei 41,2020-12-03,06:00:00,12,9,3,FMN GV 22 Boechout
7,Victor Heylenlei 41,2020-12-03,07:00:00,53,40,13,FMN GV 22 Boechout
7,Victor Heylenlei 41,2020-12-03,08:00:00,101,37,64,FMN GV 22 Boechout
7,Victor Heylenlei 41,2020-12-03,09:00:00,19,15,4,FMN GV 22 Boechout
7,Victor Heylenlei 41,2020-12-03,10:00:00,39,28,11,FMN GV 22 Boechout
7,Victor Heylenlei 41,2020-12-03,11:00:00,23,15,8,FMN GV 22 Boechout
7,Victor Heylenlei 41,2020-12-03,12:00:00,43,26,17,FMN GV 22 Boechout
7,Victor Heylenlei 41,2020-12-03,13:00:00,17,9,8,FMN GV 22 Boechout
7,Victor Heylenlei 41,2020-12-03,14:00:00,10,3,7,FMN GV 22 Boechout
7,Victor Heylenlei 41,2020-12-03,15:00:00,29,8,21,FMN GV 22 Boechout
7,Victor Heylenlei 41,2020-12-03,16:00:00,59,35,24,FMN GV 22 Boechout
7,Victor Heylenlei 41,2020-12-03,17:00:00,42,12,30,FMN GV 22 Boechout
7,Victor Heylenlei 41,2020-12-03,18:00:00,32,14,18,FMN GV 22 Boechout
7,Victor Heylenlei 41,2020-12-03,19:00:00,13,2,11,FMN GV 22 Boechout
7,Victor Heylenlei 41,2020-12-03,20:00:00,6,2,4,FMN GV 22 Boechout
7,Victor Heylenlei 41,2020-12-03,21:00:00,8,4,4,FMN GV 22 Boechout
7,Victor Heylenlei 41,2020-12-03,22:00:00,3,1,2,FMN GV 22 Boechout
7,Victor Heylenlei 41,2020-12-03,23:00:00,4,2,2,FMN GV 22 Boechout
7,Victor Heylenlei 41,2020-12-04,00:00:00,0,0,0,FMN GV 22 Boechout
7,Victor Heylenlei 41,2020-12-04,01:00:00,0,0,0,FMN GV 22 Boechout
7,Victor Heylenlei 41,2020-12-04,02:00:00,0,0,0,FMN GV 22 Boechout
7,Victor Heylenlei 41,2020-12-04,03:00:00,0,0,0,FMN GV 22 Boechout
7,Victor Heylenlei 41,2020-12-04,04:00:00,0,0,0,FMN GV 22 Boechout
7,Victor Heylenlei 41,2020-12-04,05:00:00,5,1,4,FMN GV 22 Boechout
7,Victor Heylenlei 41,2020-12-04,06:00:00,18,11,7,FMN GV 22 Boechout
7,Victor Heylenlei 41,2020-12-04,07:00:00,47,34,13,FMN GV 22 Boechout
7,Victor Heylenlei 41,2020-12-04,08:00:00,76,22,54,FMN GV 22 Boechout
7,Victor Heylenlei 41,2020-12-04,09:00:00,17,8,9,FMN GV 22 Boechout
7,Victor Heylenlei 41,2020-12-04,10:00:00,12,5,7,FMN GV 22 Boechout
7,Victor Heylenlei 41,2020-12-04,11:00:00,30,18,12,FMN GV 22 Boechout
7,Victor Heylenlei 41,2020-12-04,12:00:00,61,43,18,FMN GV 22 Boechout
7,Victor Heylenlei 41,2020-12-04,13:00:00,46,25,21,FMN GV 22 Boechout
7,Victor Heylenlei 41,2020-12-04,14:00:00,53,17,36,FMN GV 22 Boechout
7,Victor Heylenlei 41,2020-12-04,15:00:00,49,27,22,FMN GV 22 Boechout
7,Victor Heylenlei 41,2020-12-04,16:00:00,83,46,37,FMN GV 22 Boechout
7,Victor Heylenlei 41,2020-12-04,17:00:00,32,10,22,FMN GV 22 Boechout
7,Victor Heylenlei 41,2020-12-04,18:00:00,12,6,6,FMN GV 22 Boechout
7,Victor Heylenlei 41,2020-12-04,19:00:00,12,5,7,FMN GV 22 Boechout
7,Victor Heylenlei 41,2020-12-04,20:00:00,12,7,5,FMN GV 22 Boechout
7,Victor Heylenlei 41,2020-12-04,21:00:00,2,1,1,FMN GV 22 Boechout
7,Victor Heylenlei 41,2020-12-04,22:00:00,1,1,0,FMN GV 22 Boechout
7,Victor Heylenlei 41,2020-12-04,23:00:00,4,2,2,FMN GV 22 Boechout
7,Victor Heylenlei 41,2020-12-05,00:00:00,2,1,1,FMN GV 22 Boechout
7,Victor Heylenlei 41,2020-12-05,01:00:00,0,0,0,FMN GV 22 Boechout
7,Victor Heylenlei 41,2020-12-05,02:00:00,0,0,0,FMN GV 22 Boechout
7,Victor Heylenlei 41,2020-12-05,03:00:00,0,0,0,FMN GV 22 Boechout
7,Victor Heylenlei 41,2020-12-05,04:00:00,0,0,0,FMN GV 22 Boechout
7,Victor Heylenlei 41,2020-12-05,05:00:00,0,0,0,FMN GV 22 Boechout
7,Victor Heylenlei 41,2020-12-05,06:00:00,4,1,3,FMN GV 22 Boechout
7,Victor Heylenlei 41,2020-12-05,07:00:00,0,0,0,FMN GV 22 Boechout
7,Victor Heylenlei 41,2020-12-05,08:00:00,2,0,2,FMN GV 22 Boechout
7,Victor Heylenlei 41,2020-12-05,09:00:00,15,5,10,FMN GV 22 Boechout
7,Victor Heylenlei 41,2020-12-05,10:00:00,45,29,16,FMN GV 22 Boechout
7,Victor Heylenlei 41,2020-12-05,11:00:00,72,34,38,FMN GV 22 Boechout
7,Victor Heylenlei 41,2020-12-05,12:00:00,60,32,28,FMN GV 22 Boechout
7,Victor Heylenlei 41,2020-12-05,13:00:00,84,44,40,FMN GV 22 Boechout
7,Victor Heylenlei 41,2020-12-05,14:00:00,85,45,40,FMN GV 22 Boechout
7,Victor Heylenlei 41,2020-12-05,15:00:00,74,46,28,FMN GV 22 Boechout
7,Victor Heylenlei 41,2020-12-05,16:00:00,48,27,21,FMN GV 22 Boechout
7,Victor Heylenlei 41,2020-12-05,17:00:00,18,7,11,FMN GV 22 Boechout
7,Victor Heylenlei 41,2020-12-05,18:00:00,8,2,6,FMN GV 22 Boechout
7,Victor Heylenlei 41,2020-12-05,19:00:00,2,1,1,FMN GV 22 Boechout
7,Victor Heylenlei 41,2020-12-05,20:00:00,1,0,1,FMN GV 22 Boechout
7,Victor Heylenlei 41,2020-12-05,21:00:00,2,1,1,FMN GV 22 Boechout
7,Victor Heylenlei 41,2020-12-05,22:00:00,3,2,1,FMN GV 22 Boechout
7,Victor Heylenlei 41,2020-12-05,23:00:00,1,1,0,FMN GV 22 Boechout
7,Victor Heylenlei 41,2020-12-06,00:00:00,0,0,0,FMN GV 22 Boechout
7,Victor Heylenlei 41,2020-12-06,01:00:00,0,0,0,FMN GV 22 Boechout
7,Victor Heylenlei 41,2020-12-06,02:00:00,0,0,0,FMN GV 22 Boechout
7,Victor Heylenlei 41,2020-12-06,03:00:00,0,0,0,FMN GV 22 Boechout
7,Victor Heylenlei 41,2020-12-06,04:00:00,0,0,0,FMN GV 22 Boechout
7,Victor Heylenlei 41,2020-12-06,05:00:00,0,0,0,FMN GV 22 Boechout
7,Victor Heylenlei 41,2020-12-06,06:00:00,0,0,0,FMN GV 22 Boechout
7,Victor Heylenlei 41,2020-12-06,07:00:00,2,1,1,FMN GV 22 Boechout
7,Victor Heylenlei 41,2020-12-06,08:00:00,2,1,1,FMN GV 22 Boechout
7,Victor Heylenlei 41,2020-12-06,09:00:00,14,6,8,FMN GV 22 Boechout
7,Victor Heylenlei 41,2020-12-06,10:00:00,43,18,25,FMN GV 22 Boechout
7,Victor Heylenlei 41,2020-12-06,11:00:00,54,36,18,FMN GV 22 Boechout
7,Victor Heylenlei 41,2020-12-06,12:00:00,51,24,27,FMN GV 22 Boechout
7,Victor Heylenlei 41,2020-12-06,13:00:00,52,24,28,FMN GV 22 Boechout
7,Victor Heylenlei 41,2020-12-06,14:00:00,46,30,16,FMN GV 22 Boechout
7,Victor Heylenlei 41,2020-12-06,15:00:00,44,25,19,FMN GV 22 Boechout
7,Victor Heylenlei 41,2020-12-06,16:00:00,40,14,26,FMN GV 22 Boechout
7,Victor Heylenlei 41,2020-12-06,17:00:00,11,5,6,FMN GV 22 Boechout
7,Victor Heylenlei 41,2020-12-06,18:00:00,7,3,4,FMN GV 22 Boechout
7,Victor Heylenlei 41,2020-12-06,19:00:00,4,2,2,FMN GV 22 Boechout
7,Victor Heylenlei 41,2020-12-06,20:00:00,5,4,1,FMN GV 22 Boechout
7,Victor Heylenlei 41,2020-12-06,21:00:00,3,3,0,FMN GV 22 Boechout
7,Victor Heylenlei 41,2020-12-06,22:00:00,2,1,1,FMN GV 22 Boechout
7,Victor Heylenlei 41,2020-12-06,23:00:00,1,1,0,FMN GV 22 Boechout
7,Victor Heylenlei 41,2020-12-07,00:00:00,2,1,1,FMN GV 22 Boechout
7,Victor Heylenlei 41,2020-12-07,01:00:00,0,0,0,FMN GV 22 Boechout
7,Victor Heylenlei 41,2020-12-07,02:00:00,0,0,0,FMN GV 22 Boechout
7,Victor Heylenlei 41,2020-12-07,03:00:00,0,0,0,FMN GV 22 Boechout
7,Victor Heylenlei 41,2020-12-07,04:00:00,1,0,1,FMN GV 22 Boechout
7,Victor Heylenlei 41,2020-12-07,05:00:00,2,1,1,FMN GV 22 Boechout
7,Victor Heylenlei 41,2020-12-07,06:00:00,9,6,3,FMN GV 22 Boechout
7,Victor Heylenlei 41,2020-12-07,07:00:00,28,18,10,FMN GV 22 Boechout
7,Victor Heylenlei 41,2020-12-07,08:00:00,38,12,26,FMN GV 22 Boechout
7,Victor Heylenlei 41,2020-12-07,09:00:00,7,4,3,FMN GV 22 Boechout
7,Victor Heylenlei 41,2020-12-07,10:00:00,20,14,6,FMN GV 22 Boechout
7,Victor Heylenlei 41,2020-12-07,11:00:00,12,6,6,FMN GV 22 Boechout
7,Victor Heylenlei 41,2020-12-07,12:00:00,33,24,9,FMN GV 22 Boechout
7,Victor Heylenlei 41,2020-12-07,13:00:00,26,17,9,FMN GV 22 Boechout
7,Victor Heylenlei 41,2020-12-07,14:00:00,14,8,6,FMN GV 22 Boechout
7,Victor Heylenlei 41,2020-12-07,15:00:00,36,17,19,FMN GV 22 Boechout
7,Victor Heylenlei 41,2020-12-07,16:00:00,35,13,22,FMN GV 22 Boechout
7,Victor Heylenlei 41,2020-12-07,17:00:00,25,9,16,FMN GV 22 Boechout
7,Victor Heylenlei 41,2020-12-07,18:00:00,14,3,11,FMN GV 22 Boechout
7,Victor Heylenlei 41,2020-12-07,19:00:00,4,1,3,FMN GV 22 Boechout
7,Victor Heylenlei 41,2020-12-07,20:00:00,3,2,1,FMN GV 22 Boechout
7,Victor Heylenlei 41,2020-12-07,21:00:00,16,7,9,FMN GV 22 Boechout
7,Victor Heylenlei 41,2020-12-07,22:00:00,5,3,2,FMN GV 22 Boechout
7,Victor Heylenlei 41,2020-12-07,23:00:00,3,3,0,FMN GV 22 Boechout
7,Victor Heylenlei 41,2020-12-08,00:00:00,0,0,0,FMN GV 22 Boechout
7,Victor Heylenlei 41,2020-12-08,01:00:00,0,0,0,FMN GV 22 Boechout
7,Victor Heylenlei 41,2020-12-08,02:00:00,0,0,0,FMN GV 22 Boechout
7,Victor Heylenlei 41,2020-12-08,03:00:00,0,0,0,FMN GV 22 Boechout
7,Victor Heylenlei 41,2020-12-08,04:00:00,1,0,1,FMN GV 22 Boechout
7,Victor Heylenlei 41,2020-12-08,05:00:00,3,1,2,FMN GV 22 Boechout
7,Victor Heylenlei 41,2020-12-08,06:00:00,9,7,2,FMN GV 22 Boechout
7,Victor Heylenlei 41,2020-12-08,07:00:00,28,24,4,FMN GV 22 Boechout
7,Victor Heylenlei 41,2020-12-08,08:00:00,36,17,19,FMN GV 22 Boechout
7,Victor Heylenlei 41,2020-12-08,09:00:00,9,6,3,FMN GV 22 Boechout
7,Victor Heylenlei 41,2020-12-08,10:00:00,36,26,10,FMN GV 22 Boechout
7,Victor Heylenlei 41,2020-12-08,11:00:00,35,27,8,FMN GV 22 Boechout
7,Victor Heylenlei 41,2020-12-08,12:00:00,77,56,21,FMN GV 22 Boechout
7,Victor Heylenlei 41,2020-12-08,13:00:00,69,34,35,FMN GV 22 Boechout
7,Victor Heylenlei 41,2020-12-08,14:00:00,61,33,28,FMN GV 22 Boechout
7,Victor Heylenlei 41,2020-12-08,15:00:00,38,13,25,FMN GV 22 Boechout
7,Victor Heylenlei 41,2020-12-08,16:00:00,58,21,37,FMN GV 22 Boechout
7,Victor Heylenlei 41,2020-12-08,17:00:00,18,9,9,FMN GV 22 Boechout
7,Victor Heylenlei 41,2020-12-08,18:00:00,9,4,5,FMN GV 22 Boechout
7,Victor Heylenlei 41,2020-12-08,19:00:00,6,2,4,FMN GV 22 Boechout
7,Victor Heylenlei 41,2020-12-08,20:00:00,7,3,4,FMN GV 22 Boechout
7,Victor Heylenlei 41,2020-12-08,21:00:00,2,1,1,FMN GV 22 Boechout
7,Victor Heylenlei 41,2020-12-08,22:00:00,1,0,1,FMN GV 22 Boechout
7,Victor Heylenlei 41,2020-12-08,23:00:00,2,1,1,FMN GV 22 Boechout
7,Victor Heylenlei 41,2020-12-09,00:00:00,0,0,0,FMN GV 22 Boechout
7,Victor Heylenlei 41,2020-12-09,01:00:00,0,0,0,FMN GV 22 Boechout
7,Victor Heylenlei 41,2020-12-09,02:00:00,2,1,1,FMN GV 22 Boechout
7,Victor Heylenlei 41,2020-12-09,03:00:00,0,0,0,FMN GV 22 Boechout
7,Victor Heylenlei 41,2020-12-09,04:00:00,1,1,0,FMN GV 22 Boechout
7,Victor Heylenlei 41,2020-12-09,05:00:00,1,1,0,FMN GV 22 Boechout
7,Victor Heylenlei 41,2020-12-09,06:00:00,10,7,3,FMN GV 22 Boechout
7,Victor Heylenlei 41,2020-12-09,07:00:00,24,16,8,FMN GV 22 Boechout
7,Victor Heylenlei 41,2020-12-09,08:00:00,38,7,31,FMN GV 22 Boechout
7,Victor Heylenlei 41,2020-12-09,09:00:00,9,5,4,FMN GV 22 Boechout
7,Victor Heylenlei 41,2020-12-09,10:00:00,30,18,12,FMN GV 22 Boechout
7,Victor Heylenlei 41,2020-12-09,11:00:00,24,13,11,FMN GV 22 Boechout
7,Victor Heylenlei 41,2020-12-09,12:00:00,39,18,21,FMN GV 22 Boechout
7,Victor Heylenlei 41,2020-12-09,13:00:00,34,14,20,FMN GV 22 Boechout
7,Victor Heylenlei 41,2020-12-09,14:00:00,33,16,17,FMN GV 22 Boechout
7,Victor Heylenlei 41,2020-12-09,15:00:00,29,13,16,FMN GV 22 Boechout
7,Victor Heylenlei 41,2020-12-09,16:00:00,41,19,22,FMN GV 22 Boechout
7,Victor Heylenlei 41,2020-12-09,17:00:00,30,14,16,FMN GV 22 Boechout
7,Victor Heylenlei 41,2020-12-09,18:00:00,17,9,8,FMN GV 22 Boechout
7,Victor Heylenlei 41,2020-12-09,19:00:00,17,7,10,FMN GV 22 Boechout
7,Victor Heylenlei 41,2020-12-09,20:00:00,8,3,5,FMN GV 22 Boechout
7,Victor Heylenlei 41,2020-12-09,21:00:00,8,5,3,FMN GV 22 Boechout
7,Victor Heylenlei 41,2020-12-09,22:00:00,4,1,3,FMN GV 22 Boechout
7,Victor Heylenlei 41,2020-12-09,23:00:00,6,3,3,FMN GV 22 Boechout
7,Victor Heylenlei 41,2020-12-10,00:00:00,0,0,0,FMN GV 22 Boechout
7,Victor Heylenlei 41,2020-12-10,01:00:00,0,0,0,FMN GV 22 Boechout
7,Victor Heylenlei 41,2020-12-10,02:00:00,0,0,0,FMN GV 22 Boechout
7,Victor Heylenlei 41,2020-12-10,03:00:00,0,0,0,FMN GV 22 Boechout
7,Victor Heylenlei 41,2020-12-10,04:00:00,1,0,1,FMN GV 22 Boechout
7,Victor Heylenlei 41,2020-12-10,05:00:00,0,0,0,FMN GV 22 Boechout
7,Victor Heylenlei 41,2020-12-10,06:00:00,12,8,4,FMN GV 22 Boechout
7,Victor Heylenlei 41,2020-12-10,07:00:00,42,33,9,FMN GV 22 Boechout
7,Victor Heylenlei 41,2020-12-10,08:00:00,62,24,38,FMN GV 22 Boechout
7,Victor Heylenlei 41,2020-12-10,09:00:00,6,4,2,FMN GV 22 Boechout
7,Victor Heylenlei 41,2020-12-10,10:00:00,47,33,14,FMN GV 22 Boechout
7,Victor Heylenlei 41,2020-12-10,11:00:00,29,14,15,FMN GV 22 Boechout
7,Victor Heylenlei 41,2020-12-10,12:00:00,46,30,16,FMN GV 22 Boechout
7,Victor Heylenlei 41,2020-12-10,13:00:00,42,28,14,FMN GV 22 Boechout
7,Victor Heylenlei 41,2020-12-10,14:00:00,62,29,33,FMN GV 22 Boechout
7,Victor Heylenlei 41,2020-12-10,15:00:00,74,33,41,FMN GV 22 Boechout
7,Victor Heylenlei 41,2020-12-10,16:00:00,60,26,34,FMN GV 22 Boechout
7,Victor Heylenlei 41,2020-12-10,17:00:00,12,1,11,FMN GV 22 Boechout
7,Victor Heylenlei 41,2020-12-10,18:00:00,13,5,8,FMN GV 22 Boechout
7,Victor Heylenlei 41,2020-12-10,19:00:00,7,5,2,FMN GV 22 Boechout
7,Victor Heylenlei 41,2020-12-10,20:00:00,7,2,5,FMN GV 22 Boechout
7,Victor Heylenlei 41,2020-12-10,21:00:00,2,1,1,FMN GV 22 Boechout
7,Victor Heylenlei 41,2020-12-10,22:00:00,1,1,0,FMN GV 22 Boechout
7,Victor Heylenlei 41,2020-12-10,23:00:00,1,1,0,FMN GV 22 Boechout
7,Victor Heylenlei 41,2020-12-11,00:00:00,0,0,0,FMN GV 22 Boechout
7,Victor Heylenlei 41,2020-12-11,01:00:00,0,0,0,FMN GV 22 Boechout
7,Victor Heylenlei 41,2020-12-11,02:00:00,1,0,1,FMN GV 22 Boechout
7,Victor Heylenlei 41,2020-12-11,03:00:00,0,0,0,FMN GV 22 Boechout
7,Victor Heylenlei 41,2020-12-11,04:00:00,0,0,0,FMN GV 22 Boechout
7,Victor Heylenlei 41,2020-12-11,05:00:00,1,1,0,FMN GV 22 Boechout
7,Victor Heylenlei 41,2020-12-11,06:00:00,8,7,1,FMN GV 22 Boechout
7,Victor Heylenlei 41,2020-12-11,07:00:00,28,16,12,FMN GV 22 Boechout
7,Victor Heylenlei 41,2020-12-11,08:00:00,38,11,27,FMN GV 22 Boechout
7,Victor Heylenlei 41,2020-12-11,09:00:00,12,9,3,FMN GV 22 Boechout
7,Victor Heylenlei 41,2020-12-11,10:00:00,28,21,7,FMN GV 22 Boechout
7,Victor Heylenlei 41,2020-12-11,11:00:00,13,11,2,FMN GV 22 Boechout
7,Victor Heylenlei 41,2020-12-11,12:00:00,21,12,9,FMN GV 22 Boechout
7,Victor Heylenlei 41,2020-12-11,13:00:00,16,12,4,FMN GV 22 Boechout
7,Victor Heylenlei 41,2020-12-11,14:00:00,12,4,8,FMN GV 22 Boechout
7,Victor Heylenlei 41,2020-12-11,15:00:00,16,10,6,FMN GV 22 Boechout
7,Victor Heylenlei 41,2020-12-11,16:00:00,25,4,21,FMN GV 22 Boechout
7,Victor Heylenlei 41,2020-12-11,17:00:00,25,10,15,FMN GV 22 Boechout
7,Victor Heylenlei 41,2020-12-11,18:00:00,14,7,7,FMN GV 22 Boechout
7,Victor Heylenlei 41,2020-12-11,19:00:00,11,5,6,FMN GV 22 Boechout
7,Victor Heylenlei 41,2020-12-11,20:00:00,3,0,3,FMN GV 22 Boechout
7,Victor Heylenlei 41,2020-12-11,21:00:00,6,0,6,FMN GV 22 Boechout
7,Victor Heylenlei 41,2020-12-11,22:00:00,3,1,2,FMN GV 22 Boechout
7,Victor Heylenlei 41,2020-12-11,23:00:00,6,4,2,FMN GV 22 Boechout
7,Victor Heylenlei 41,2020-12-12,00:00:00,3,3,0,FMN GV 22 Boechout
7,Victor Heylenlei 41,2020-12-12,01:00:00,0,0,0,FMN GV 22 Boechout
7,Victor Heylenlei 41,2020-12-12,02:00:00,0,0,0,FMN GV 22 Boechout
7,Victor Heylenlei 41,2020-12-12,03:00:00,0,0,0,FMN GV 22 Boechout
7,Victor Heylenlei 41,2020-12-12,04:00:00,1,1,0,FMN GV 22 Boechout
7,Victor Heylenlei 41,2020-12-12,05:00:00,1,0,1,FMN GV 22 Boechout
7,Victor Heylenlei 41,2020-12-12,06:00:00,3,3,0,FMN GV 22 Boechout
7,Victor Heylenlei 41,2020-12-12,07:00:00,2,1,1,FMN GV 22 Boechout
7,Victor Heylenlei 41,2020-12-12,08:00:00,4,1,3,FMN GV 22 Boechout
7,Victor Heylenlei 41,2020-12-12,09:00:00,20,10,10,FMN GV 22 Boechout
7,Victor Heylenlei 41,2020-12-12,10:00:00,25,15,10,FMN GV 22 Boechout
7,Victor Heylenlei 41,2020-12-12,11:00:00,31,16,15,FMN GV 22 Boechout
7,Victor Heylenlei 41,2020-12-12,12:00:00,28,19,9,FMN GV 22 Boechout
7,Victor Heylenlei 41,2020-12-12,13:00:00,52,20,32,FMN GV 22 Boechout
7,Victor Heylenlei 41,2020-12-12,14:00:00,58,28,30,FMN GV 22 Boechout
7,Victor Heylenlei 41,2020-12-12,15:00:00,45,21,24,FMN GV 22 Boechout
7,Victor Heylenlei 41,2020-12-12,16:00:00,53,26,27,FMN GV 22 Boechout
7,Victor Heylenlei 41,2020-12-12,17:00:00,18,11,7,FMN GV 22 Boechout
7,Victor Heylenlei 41,2020-12-12,18:00:00,9,5,4,FMN GV 22 Boechout
7,Victor Heylenlei 41,2020-12-12,19:00:00,5,2,3,FMN GV 22 Boechout
7,Victor Heylenlei 41,2020-12-12,20:00:00,5,2,3,FMN GV 22 Boechout
7,Victor Heylenlei 41,2020-12-12,21:00:00,1,0,1,FMN GV 22 Boechout
7,Victor Heylenlei 41,2020-12-12,22:00:00,6,3,3,FMN GV 22 Boechout
7,Victor Heylenlei 41,2020-12-12,23:00:00,9,6,3,FMN GV 22 Boechout
7,Victor Heylenlei 41,2020-12-13,00:00:00,1,1,0,FMN GV 22 Boechout
7,Victor Heylenlei 41,2020-12-13,01:00:00,1,1,0,FMN GV 22 Boechout
7,Victor Heylenlei 41,2020-12-13,02:00:00,0,0,0,FMN GV 22 Boechout
7,Victor Heylenlei 41,2020-12-13,03:00:00,0,0,0,FMN GV 22 Boechout
7,Victor Heylenlei 41,2020-12-13,04:00:00,0,0,0,FMN GV 22 Boechout
7,Victor Heylenlei 41,2020-12-13,05:00:00,1,1,0,FMN GV 22 Boechout
7,Victor Heylenlei 41,2020-12-13,06:00:00,3,3,0,FMN GV 22 Boechout
7,Victor Heylenlei 41,2020-12-13,07:00:00,5,3,2,FMN GV 22 Boechout
7,Victor Heylenlei 41,2020-12-13,08:00:00,14,4,10,FMN GV 22 Boechout
7,Victor Heylenlei 41,2020-12-13,09:00:00,72,32,40,FMN GV 22 Boechout
7,Victor Heylenlei 41,2020-12-13,10:00:00,115,45,70,FMN GV 22 Boechout
7,Victor Heylenlei 41,2020-12-13,11:00:00,144,77,67,FMN GV 22 Boechout
7,Victor Heylenlei 41,2020-12-13,12:00:00,133,74,59,FMN GV 22 Boechout
7,Victor Heylenlei 41,2020-12-13,13:00:00,119,68,51,FMN GV 22 Boechout
7,Victor Heylenlei 41,2020-12-13,14:00:00,150,68,82,FMN GV 22 Boechout
7,Victor Heylenlei 41,2020-12-13,15:00:00,117,67,50,FMN GV 22 Boechout
7,Victor Heylenlei 41,2020-12-13,16:00:00,56,28,28,FMN GV 22 Boechout
7,Victor Heylenlei 41,2020-12-13,17:00:00,19,12,7,FMN GV 22 Boechout
7,Victor Heylenlei 41,2020-12-13,18:00:00,13,9,4,FMN GV 22 Boechout
7,Victor Heylenlei 41,2020-12-13,19:00:00,5,3,2,FMN GV 22 Boechout
7,Victor Heylenlei 41,2020-12-13,20:00:00,7,6,1,FMN GV 22 Boechout
7,Victor Heylenlei 41,2020-12-13,21:00:00,9,5,4,FMN GV 22 Boechout
7,Victor Heylenlei 41,2020-12-13,22:00:00,5,2,3,FMN GV 22 Boechout
7,Victor Heylenlei 41,2020-12-13,23:00:00,3,0,3,FMN GV 22 Boechout
7,Victor Heylenlei 41,2020-12-14,00:00:00,0,0,0,FMN GV 22 Boechout
7,Victor Heylenlei 41,2020-12-14,01:00:00,1,1,0,FMN GV 22 Boechout
7,Victor Heylenlei 41,2020-12-14,02:00:00,0,0,0,FMN GV 22 Boechout
7,Victor Heylenlei 41,2020-12-14,03:00:00,0,0,0,FMN GV 22 Boechout
7,Victor Heylenlei 41,2020-12-14,04:00:00,1,1,0,FMN GV 22 Boechout
7,Victor Heylenlei 41,2020-12-14,05:00:00,7,3,4,FMN GV 22 Boechout
7,Victor Heylenlei 41,2020-12-14,06:00:00,16,12,4,FMN GV 22 Boechout
7,Victor Heylenlei 41,2020-12-14,07:00:00,59,45,14,FMN GV 22 Boechout
7,Victor Heylenlei 41,2020-12-14,08:00:00,106,35,71,FMN GV 22 Boechout
7,Victor Heylenlei 41,2020-12-14,09:00:00,22,12,10,FMN GV 22 Boechout
7,Victor Heylenlei 41,2020-12-14,10:00:00,46,35,11,FMN GV 22 Boechout
7,Victor Heylenlei 41,2020-12-14,11:00:00,26,15,11,FMN GV 22 Boechout
7,Victor Heylenlei 41,2020-12-14,12:00:00,110,68,42,FMN GV 22 Boechout
7,Victor Heylenlei 41,2020-12-14,13:00:00,65,39,26,FMN GV 22 Boechout
7,Victor Heylenlei 41,2020-12-14,14:00:00,53,21,32,FMN GV 22 Boechout
7,Victor Heylenlei 41,2020-12-14,15:00:00,85,33,52,FMN GV 22 Boechout
7,Victor Heylenlei 41,2020-12-14,16:00:00,66,25,41,FMN GV 22 Boechout
7,Victor Heylenlei 41,2020-12-14,17:00:00,46,13,33,FMN GV 22 Boechout
7,Victor Heylenlei 41,2020-12-14,18:00:00,31,12,19,FMN GV 22 Boechout
7,Victor Heylenlei 41,2020-12-14,19:00:00,7,1,6,FMN GV 22 Boechout
7,Victor Heylenlei 41,2020-12-14,20:00:00,9,3,6,FMN GV 22 Boechout
7,Victor Heylenlei 41,2020-12-14,21:00:00,4,2,2,FMN GV 22 Boechout
7,Victor Heylenlei 41,2020-12-14,22:00:00,1,0,1,FMN GV 22 Boechout
7,Victor Heylenlei 41,2020-12-14,23:00:00,7,7,0,FMN GV 22 Boechout
7,Victor Heylenlei 41,2020-12-15,00:00:00,0,0,0,FMN GV 22 Boechout
7,Victor Heylenlei 41,2020-12-15,01:00:00,1,0,1,FMN GV 22 Boechout
7,Victor Heylenlei 41,2020-12-15,02:00:00,0,0,0,FMN GV 22 Boechout
7,Victor Heylenlei 41,2020-12-15,03:00:00,0,0,0,FMN GV 22 Boechout
7,Victor Heylenlei 41,2020-12-15,04:00:00,2,2,0,FMN GV 22 Boechout
7,Victor Heylenlei 41,2020-12-15,05:00:00,5,1,4,FMN GV 22 Boechout
7,Victor Heylenlei 41,2020-12-15,06:00:00,16,13,3,FMN GV 22 Boechout
7,Victor Heylenlei 41,2020-12-15,07:00:00,60,44,16,FMN GV 22 Boechout
7,Victor Heylenlei 41,2020-12-15,08:00:00,123,45,78,FMN GV 22 Boechout
7,Victor Heylenlei 41,2020-12-15,09:00:00,23,16,7,FMN GV 22 Boechout
7,Victor Heylenlei 41,2020-12-15,10:00:00,68,55,13,FMN GV 22 Boechout
7,Victor Heylenlei 41,2020-12-15,11:00:00,32,18,14,FMN GV 22 Boechout
7,Victor Heylenlei 41,2020-12-15,12:00:00,27,14,13,FMN GV 22 Boechout
7,Victor Heylenlei 41,2020-12-15,13:00:00,23,11,12,FMN GV 22 Boechout
7,Victor Heylenlei 41,2020-12-15,14:00:00,26,10,16,FMN GV 22 Boechout
7,Victor Heylenlei 41,2020-12-15,15:00:00,63,34,29,FMN GV 22 Boechout
7,Victor Heylenlei 41,2020-12-15,16:00:00,68,20,48,FMN GV 22 Boechout
7,Victor Heylenlei 41,2020-12-15,17:00:00,45,19,26,FMN GV 22 Boechout
7,Victor Heylenlei 41,2020-12-15,18:00:00,25,9,16,FMN GV 22 Boechout
7,Victor Heylenlei 41,2020-12-15,19:00:00,25,11,14,FMN GV 22 Boechout
7,Victor Heylenlei 41,2020-12-15,20:00:00,11,5,6,FMN GV 22 Boechout
7,Victor Heylenlei 41,2020-12-15,21:00:00,9,5,4,FMN GV 22 Boechout
7,Victor Heylenlei 41,2020-12-15,22:00:00,9,3,6,FMN GV 22 Boechout
7,Victor Heylenlei 41,2020-12-15,23:00:00,8,5,3,FMN GV 22 Boechout
7,Victor Heylenlei 41,2020-12-16,00:00:00,0,0,0,FMN GV 22 Boechout
7,Victor Heylenlei 41,2020-12-16,01:00:00,0,0,0,FMN GV 22 Boechout
7,Victor Heylenlei 41,2020-12-16,02:00:00,0,0,0,FMN GV 22 Boechout
7,Victor Heylenlei 41,2020-12-16,03:00:00,0,0,0,FMN GV 22 Boechout
7,Victor Heylenlei 41,2020-12-16,04:00:00,4,2,2,FMN GV 22 Boechout
7,Victor Heylenlei 41,2020-12-16,05:00:00,1,0,1,FMN GV 22 Boechout
7,Victor Heylenlei 41,2020-12-16,06:00:00,12,11,1,FMN GV 22 Boechout
7,Victor Heylenlei 41,2020-12-16,07:00:00,43,33,10,FMN GV 22 Boechout
7,Victor Heylenlei 41,2020-12-16,08:00:00,45,29,16,FMN GV 22 Boechout
7,Victor Heylenlei 41,2020-12-16,09:00:00,29,15,14,FMN GV 22 Boechout
7,Victor Heylenlei 41,2020-12-16,10:00:00,37,14,23,FMN GV 22 Boechout
7,Victor Heylenlei 41,2020-12-16,11:00:00,52,28,24,FMN GV 22 Boechout
7,Victor Heylenlei 41,2020-12-16,12:00:00,84,34,50,FMN GV 22 Boechout
7,Victor Heylenlei 41,2020-12-16,13:00:00,116,56,60,FMN GV 22 Boechout
7,Victor Heylenlei 41,2020-12-16,14:00:00,90,46,44,FMN GV 22 Boechout
7,Victor Heylenlei 41,2020-12-16,15:00:00,120,61,59,FMN GV 22 Boechout
7,Victor Heylenlei 41,2020-12-16,16:00:00,65,40,25,FMN GV 22 Boechout
7,Victor Heylenlei 41,2020-12-16,17:00:00,45,14,31,FMN GV 22 Boechout
7,Victor Heylenlei 41,2020-12-16,18:00:00,36,10,26,FMN GV 22 Boechout
7,Victor Heylenlei 41,2020-12-16,19:00:00,16,9,7,FMN GV 22 Boechout
7,Victor Heylenlei 41,2020-12-16,20:00:00,7,4,3,FMN GV 22 Boechout
7,Victor Heylenlei 41,2020-12-16,21:00:00,3,2,1,FMN GV 22 Boechout
7,Victor Heylenlei 41,2020-12-16,22:00:00,7,2,5,FMN GV 22 Boechout
7,Victor Heylenlei 41,2020-12-16,23:00:00,7,3,4,FMN GV 22 Boechout
7,Victor Heylenlei 41,2020-12-17,00:00:00,0,0,0,FMN GV 22 Boechout
7,Victor Heylenlei 41,2020-12-17,01:00:00,0,0,0,FMN GV 22 Boechout
7,Victor Heylenlei 41,2020-12-17,02:00:00,0,0,0,FMN GV 22 Boechout
7,Victor Heylenlei 41,2020-12-17,03:00:00,0,0,0,FMN GV 22 Boechout
7,Victor Heylenlei 41,2020-12-17,04:00:00,1,1,0,FMN GV 22 Boechout
7,Victor Heylenlei 41,2020-12-17,05:00:00,2,1,1,FMN GV 22 Boechout
7,Victor Heylenlei 41,2020-12-17,06:00:00,15,11,4,FMN GV 22 Boechout
7,Victor Heylenlei 41,2020-12-17,07:00:00,42,30,12,FMN GV 22 Boechout
7,Victor Heylenlei 41,2020-12-17,08:00:00,56,29,27,FMN GV 22 Boechout
7,Victor Heylenlei 41,2020-12-17,09:00:00,26,12,14,FMN GV 22 Boechout
7,Victor Heylenlei 41,2020-12-17,10:00:00,21,16,5,FMN GV 22 Boechout
7,Victor Heylenlei 41,2020-12-17,11:00:00,39,20,19,FMN GV 22 Boechout
7,Victor Heylenlei 41,2020-12-17,12:00:00,33,17,16,FMN GV 22 Boechout
7,Victor Heylenlei 41,2020-12-17,13:00:00,73,39,34,FMN GV 22 Boechout
7,Victor Heylenlei 41,2020-12-17,14:00:00,55,30,25,FMN GV 22 Boechout
7,Victor Heylenlei 41,2020-12-17,15:00:00,75,34,41,FMN GV 22 Boechout
7,Victor Heylenlei 41,2020-12-17,16:00:00,80,34,46,FMN GV 22 Boechout
7,Victor Heylenlei 41,2020-12-17,17:00:00,54,18,36,FMN GV 22 Boechout
7,Victor Heylenlei 41,2020-12-17,18:00:00,25,19,6,FMN GV 22 Boechout
7,Victor Heylenlei 41,2020-12-17,19:00:00,17,17,0,FMN GV 22 Boechout
7,Victor Heylenlei 41,2020-12-17,20:00:00,11,5,6,FMN GV 22 Boechout
7,Victor Heylenlei 41,2020-12-17,21:00:00,6,1,5,FMN GV 22 Boechout
7,Victor Heylenlei 41,2020-12-17,22:00:00,6,1,5,FMN GV 22 Boechout
7,Victor Heylenlei 41,2020-12-17,23:00:00,6,6,0,FMN GV 22 Boechout
7,Victor Heylenlei 41,2020-12-18,00:00:00,1,0,1,FMN GV 22 Boechout
7,Victor Heylenlei 41,2020-12-18,01:00:00,0,0,0,FMN GV 22 Boechout
7,Victor Heylenlei 41,2020-12-18,02:00:00,0,0,0,FMN GV 22 Boechout
7,Victor Heylenlei 41,2020-12-18,03:00:00,0,0,0,FMN GV 22 Boechout
7,Victor Heylenlei 41,2020-12-18,04:00:00,0,0,0,FMN GV 22 Boechout
7,Victor Heylenlei 41,2020-12-18,05:00:00,0,0,0,FMN GV 22 Boechout
7,Victor Heylenlei 41,2020-12-18,06:00:00,13,13,0,FMN GV 22 Boechout
7,Victor Heylenlei 41,2020-12-18,07:00:00,45,36,9,FMN GV 22 Boechout
7,Victor Heylenlei 41,2020-12-18,08:00:00,75,28,47,FMN GV 22 Boechout
7,Victor Heylenlei 41,2020-12-18,09:00:00,24,13,11,FMN GV 22 Boechout
7,Victor Heylenlei 41,2020-12-18,10:00:00,83,67,16,FMN GV 22 Boechout
7,Victor Heylenlei 41,2020-12-18,11:00:00,75,42,33,FMN GV 22 Boechout
7,Victor Heylenlei 41,2020-12-18,12:00:00,72,38,34,FMN GV 22 Boechout
7,Victor Heylenlei 41,2020-12-18,13:00:00,123,56,67,FMN GV 22 Boechout
7,Victor Heylenlei 41,2020-12-18,14:00:00,115,63,52,FMN GV 22 Boechout
7,Victor Heylenlei 41,2020-12-18,15:00:00,101,49,52,FMN GV 22 Boechout
7,Victor Heylenlei 41,2020-12-18,16:00:00,56,27,29,FMN GV 22 Boechout
7,Victor Heylenlei 41,2020-12-18,17:00:00,43,16,27,FMN GV 22 Boechout
7,Victor Heylenlei 41,2020-12-18,18:00:00,23,12,11,FMN GV 22 Boechout
7,Victor Heylenlei 41,2020-12-18,19:00:00,23,11,12,FMN GV 22 Boechout
7,Victor Heylenlei 41,2020-12-18,20:00:00,9,2,7,FMN GV 22 Boechout
7,Victor Heylenlei 41,2020-12-18,21:00:00,5,0,5,FMN GV 22 Boechout
7,Victor Heylenlei 41,2020-12-18,22:00:00,9,3,6,FMN GV 22 Boechout
7,Victor Heylenlei 41,2020-12-18,23:00:00,7,3,4,FMN GV 22 Boechout
7,Victor Heylenlei 41,2020-12-19,00:00:00,2,1,1,FMN GV 22 Boechout
7,Victor Heylenlei 41,2020-12-19,01:00:00,0,0,0,FMN GV 22 Boechout
7,Victor Heylenlei 41,2020-12-19,02:00:00,0,0,0,FMN GV 22 Boechout
7,Victor Heylenlei 41,2020-12-19,03:00:00,0,0,0,FMN GV 22 Boechout
7,Victor Heylenlei 41,2020-12-19,04:00:00,0,0,0,FMN GV 22 Boechout
7,Victor Heylenlei 41,2020-12-19,05:00:00,2,1,1,FMN GV 22 Boechout
7,Victor Heylenlei 41,2020-12-19,06:00:00,1,1,0,FMN GV 22 Boechout
7,Victor Heylenlei 41,2020-12-19,07:00:00,2,1,1,FMN GV 22 Boechout
7,Victor Heylenlei 41,2020-12-19,08:00:00,4,1,3,FMN GV 22 Boechout
7,Victor Heylenlei 41,2020-12-19,09:00:00,34,12,22,FMN GV 22 Boechout
7,Victor Heylenlei 41,2020-12-19,10:00:00,43,18,25,FMN GV 22 Boechout
7,Victor Heylenlei 41,2020-12-19,11:00:00,56,26,30,FMN GV 22 Boechout
7,Victor Heylenlei 41,2020-12-19,12:00:00,45,29,16,FMN GV 22 Boechout
7,Victor Heylenlei 41,2020-12-19,13:00:00,45,28,17,FMN GV 22 Boechout
7,Victor Heylenlei 41,2020-12-19,14:00:00,23,13,10,FMN GV 22 Boechout
7,Victor Heylenlei 41,2020-12-19,15:00:00,61,28,33,FMN GV 22 Boechout
7,Victor Heylenlei 41,2020-12-19,16:00:00,35,17,18,FMN GV 22 Boechout
7,Victor Heylenlei 41,2020-12-19,17:00:00,13,8,5,FMN GV 22 Boechout
7,Victor Heylenlei 41,2020-12-19,18:00:00,24,18,6,FMN GV 22 Boechout
7,Victor Heylenlei 41,2020-12-19,19:00:00,4,3,1,FMN GV 22 Boechout
7,Victor Heylenlei 41,2020-12-19,20:00:00,7,3,4,FMN GV 22 Boechout
7,Victor Heylenlei 41,2020-12-19,21:00:00,3,1,2,FMN GV 22 Boechout
7,Victor Heylenlei 41,2020-12-19,22:00:00,1,1,0,FMN GV 22 Boechout
7,Victor Heylenlei 41,2020-12-19,23:00:00,9,9,0,FMN GV 22 Boechout
7,Victor Heylenlei 41,2020-12-20,00:00:00,1,1,0,FMN GV 22 Boechout
7,Victor Heylenlei 41,2020-12-20,01:00:00,0,0,0,FMN GV 22 Boechout
7,Victor Heylenlei 41,2020-12-20,02:00:00,0,0,0,FMN GV 22 Boechout
7,Victor Heylenlei 41,2020-12-20,03:00:00,0,0,0,FMN GV 22 Boechout
7,Victor Heylenlei 41,2020-12-20,04:00:00,1,0,1,FMN GV 22 Boechout
7,Victor Heylenlei 41,2020-12-20,05:00:00,2,2,0,FMN GV 22 Boechout
7,Victor Heylenlei 41,2020-12-20,06:00:00,3,3,0,FMN GV 22 Boechout
7,Victor Heylenlei 41,2020-12-20,07:00:00,0,0,0,FMN GV 22 Boechout
7,Victor Heylenlei 41,2020-12-20,08:00:00,13,1,12,FMN GV 22 Boechout
7,Victor Heylenlei 41,2020-12-20,09:00:00,50,15,35,FMN GV 22 Boechout
7,Victor Heylenlei 41,2020-12-20,10:00:00,90,32,58,FMN GV 22 Boechout
7,Victor Heylenlei 41,2020-12-20,11:00:00,122,65,57,FMN GV 22 Boechout
7,Victor Heylenlei 41,2020-12-20,12:00:00,115,71,44,FMN GV 22 Boechout
7,Victor Heylenlei 41,2020-12-20,13:00:00,109,64,45,FMN GV 22 Boechout
7,Victor Heylenlei 41,2020-12-20,14:00:00,98,48,50,FMN GV 22 Boechout
7,Victor Heylenlei 41,2020-12-20,15:00:00,91,50,41,FMN GV 22 Boechout
7,Victor Heylenlei 41,2020-12-20,16:00:00,54,39,15,FMN GV 22 Boechout
7,Victor Heylenlei 41,2020-12-20,17:00:00,20,10,10,FMN GV 22 Boechout
7,Victor Heylenlei 41,2020-12-20,18:00:00,10,6,4,FMN GV 22 Boechout
7,Victor Heylenlei 41,2020-12-20,19:00:00,10,8,2,FMN GV 22 Boechout
7,Victor Heylenlei 41,2020-12-20,20:00:00,10,8,2,FMN GV 22 Boechout
7,Victor Heylenlei 41,2020-12-20,21:00:00,11,7,4,FMN GV 22 Boechout
7,Victor Heylenlei 41,2020-12-20,22:00:00,2,1,1,FMN GV 22 Boechout
7,Victor Heylenlei 41,2020-12-20,23:00:00,1,1,0,FMN GV 22 Boechout
7,Victor Heylenlei 41,2020-12-21,00:00:00,0,0,0,FMN GV 22 Boechout
7,Victor Heylenlei 41,2020-12-21,01:00:00,0,0,0,FMN GV 22 Boechout
7,Victor Heylenlei 41,2020-12-21,02:00:00,0,0,0,FMN GV 22 Boechout
7,Victor Heylenlei 41,2020-12-21,03:00:00,0,0,0,FMN GV 22 Boechout
7,Victor Heylenlei 41,2020-12-21,04:00:00,1,0,1,FMN GV 22 Boechout
7,Victor Heylenlei 41,2020-12-21,05:00:00,1,1,0,FMN GV 22 Boechout
7,Victor Heylenlei 41,2020-12-21,06:00:00,8,8,0,FMN GV 22 Boechout
7,Victor Heylenlei 41,2020-12-21,07:00:00,23,14,9,FMN GV 22 Boechout
7,Victor Heylenlei 41,2020-12-21,08:00:00,21,17,4,FMN GV 22 Boechout
7,Victor Heylenlei 41,2020-12-21,09:00:00,12,8,4,FMN GV 22 Boechout
7,Victor Heylenlei 41,2020-12-21,10:00:00,12,7,5,FMN GV 22 Boechout
7,Victor Heylenlei 41,2020-12-21,11:00:00,8,6,2,FMN GV 22 Boechout
7,Victor Heylenlei 41,2020-12-21,12:00:00,8,3,5,FMN GV 22 Boechout
7,Victor Heylenlei 41,2020-12-21,13:00:00,20,8,12,FMN GV 22 Boechout
7,Victor Heylenlei 41,2020-12-21,14:00:00,11,6,5,FMN GV 22 Boechout
7,Victor Heylenlei 41,2020-12-21,15:00:00,9,2,7,FMN GV 22 Boechout
7,Victor Heylenlei 41,2020-12-21,16:00:00,20,8,12,FMN GV 22 Boechout
7,Victor Heylenlei 41,2020-12-21,17:00:00,26,9,17,FMN GV 22 Boechout
7,Victor Heylenlei 41,2020-12-21,18:00:00,13,6,7,FMN GV 22 Boechout
7,Victor Heylenlei 41,2020-12-21,19:00:00,12,5,7,FMN GV 22 Boechout
7,Victor Heylenlei 41,2020-12-21,20:00:00,12,3,9,FMN GV 22 Boechout
7,Victor Heylenlei 41,2020-12-21,21:00:00,8,6,2,FMN GV 22 Boechout
7,Victor Heylenlei 41,2020-12-21,22:00:00,7,5,2,FMN GV 22 Boechout
7,Victor Heylenlei 41,2020-12-21,23:00:00,4,4,0,FMN GV 22 Boechout
7,Victor Heylenlei 41,2020-12-22,00:00:00,0,0,0,FMN GV 22 Boechout
7,Victor Heylenlei 41,2020-12-22,01:00:00,0,0,0,FMN GV 22 Boechout
7,Victor Heylenlei 41,2020-12-22,02:00:00,0,0,0,FMN GV 22 Boechout
7,Victor Heylenlei 41,2020-12-22,03:00:00,0,0,0,FMN GV 22 Boechout
7,Victor Heylenlei 41,2020-12-22,04:00:00,0,0,0,FMN GV 22 Boechout
7,Victor Heylenlei 41,2020-12-22,05:00:00,2,2,0,FMN GV 22 Boechout
7,Victor Heylenlei 41,2020-12-22,06:00:00,5,5,0,FMN GV 22 Boechout
7,Victor Heylenlei 41,2020-12-22,07:00:00,29,16,13,FMN GV 22 Boechout
7,Victor Heylenlei 41,2020-12-22,08:00:00,26,17,9,FMN GV 22 Boechout
7,Victor Heylenlei 41,2020-12-22,09:00:00,16,8,8,FMN GV 22 Boechout
7,Victor Heylenlei 41,2020-12-22,10:00:00,18,12,6,FMN GV 22 Boechout
7,Victor Heylenlei 41,2020-12-22,11:00:00,42,27,15,FMN GV 22 Boechout
7,Victor Heylenlei 41,2020-12-22,12:00:00,54,34,20,FMN GV 22 Boechout
7,Victor Heylenlei 41,2020-12-22,13:00:00,65,33,32,FMN GV 22 Boechout
7,Victor Heylenlei 41,2020-12-22,14:00:00,65,39,26,FMN GV 22 Boechout
7,Victor Heylenlei 41,2020-12-22,15:00:00,50,24,26,FMN GV 22 Boechout
7,Victor Heylenlei 41,2020-12-22,16:00:00,51,32,19,FMN GV 22 Boechout
7,Victor Heylenlei 41,2020-12-22,17:00:00,45,20,25,FMN GV 22 Boechout
7,Victor Heylenlei 41,2020-12-22,18:00:00,21,7,14,FMN GV 22 Boechout
7,Victor Heylenlei 41,2020-12-22,19:00:00,17,5,12,FMN GV 22 Boechout
7,Victor Heylenlei 41,2020-12-22,20:00:00,7,1,6,FMN GV 22 Boechout
7,Victor Heylenlei 41,2020-12-22,21:00:00,9,6,3,FMN GV 22 Boechout
7,Victor Heylenlei 41,2020-12-22,22:00:00,3,2,1,FMN GV 22 Boechout
7,Victor Heylenlei 41,2020-12-22,23:00:00,2,1,1,FMN GV 22 Boechout
7,Victor Heylenlei 41,2020-12-23,00:00:00,0,0,0,FMN GV 22 Boechout
7,Victor Heylenlei 41,2020-12-23,01:00:00,0,0,0,FMN GV 22 Boechout
7,Victor Heylenlei 41,2020-12-23,02:00:00,0,0,0,FMN GV 22 Boechout
7,Victor Heylenlei 41,2020-12-23,03:00:00,0,0,0,FMN GV 22 Boechout
7,Victor Heylenlei 41,2020-12-23,04:00:00,4,4,0,FMN GV 22 Boechout
7,Victor Heylenlei 41,2020-12-23,05:00:00,1,0,1,FMN GV 22 Boechout
7,Victor Heylenlei 41,2020-12-23,06:00:00,7,6,1,FMN GV 22 Boechout
7,Victor Heylenlei 41,2020-12-23,07:00:00,22,14,8,FMN GV 22 Boechout
7,Victor Heylenlei 41,2020-12-23,08:00:00,19,13,6,FMN GV 22 Boechout
7,Victor Heylenlei 41,2020-12-23,09:00:00,15,8,7,FMN GV 22 Boechout
7,Victor Heylenlei 41,2020-12-23,10:00:00,6,4,2,FMN GV 22 Boechout
7,Victor Heylenlei 41,2020-12-23,11:00:00,13,8,5,FMN GV 22 Boechout
7,Victor Heylenlei 41,2020-12-23,12:00:00,4,2,2,FMN GV 22 Boechout
7,Victor Heylenlei 41,2020-12-23,13:00:00,19,11,8,FMN GV 22 Boechout
7,Victor Heylenlei 41,2020-12-23,14:00:00,44,27,17,FMN GV 22 Boechout
7,Victor Heylenlei 41,2020-12-23,15:00:00,20,12,8,FMN GV 22 Boechout
7,Victor Heylenlei 41,2020-12-23,16:00:00,31,20,11,FMN GV 22 Boechout
7,Victor Heylenlei 41,2020-12-23,17:00:00,29,13,16,FMN GV 22 Boechout
7,Victor Heylenlei 41,2020-12-23,18:00:00,17,7,10,FMN GV 22 Boechout
7,Victor Heylenlei 41,2020-12-23,19:00:00,9,4,5,FMN GV 22 Boechout
7,Victor Heylenlei 41,2020-12-23,20:00:00,12,3,9,FMN GV 22 Boechout
7,Victor Heylenlei 41,2020-12-23,21:00:00,5,0,5,FMN GV 22 Boechout
7,Victor Heylenlei 41,2020-12-23,22:00:00,8,6,2,FMN GV 22 Boechout
7,Victor Heylenlei 41,2020-12-23,23:00:00,6,4,2,FMN GV 22 Boechout
7,Victor Heylenlei 41,2020-12-24,00:00:00,1,0,1,FMN GV 22 Boechout
7,Victor Heylenlei 41,2020-12-24,01:00:00,0,0,0,FMN GV 22 Boechout
7,Victor Heylenlei 41,2020-12-24,02:00:00,0,0,0,FMN GV 22 Boechout
7,Victor Heylenlei 41,2020-12-24,03:00:00,0,0,0,FMN GV 22 Boechout
7,Victor Heylenlei 41,2020-12-24,04:00:00,1,1,0,FMN GV 22 Boechout
7,Victor Heylenlei 41,2020-12-24,05:00:00,2,2,0,FMN GV 22 Boechout
7,Victor Heylenlei 41,2020-12-24,06:00:00,6,6,0,FMN GV 22 Boechout
7,Victor Heylenlei 41,2020-12-24,07:00:00,14,11,3,FMN GV 22 Boechout
7,Victor Heylenlei 41,2020-12-24,08:00:00,14,3,11,FMN GV 22 Boechout
7,Victor Heylenlei 41,2020-12-24,09:00:00,8,5,3,FMN GV 22 Boechout
7,Victor Heylenlei 41,2020-12-24,10:00:00,19,7,12,FMN GV 22 Boechout
7,Victor Heylenlei 41,2020-12-24,11:00:00,16,13,3,FMN GV 22 Boechout
7,Victor Heylenlei 41,2020-12-24,12:00:00,25,10,15,FMN GV 22 Boechout
7,Victor Heylenlei 41,2020-12-24,13:00:00,31,12,19,FMN GV 22 Boechout
7,Victor Heylenlei 41,2020-12-24,14:00:00,39,18,21,FMN GV 22 Boechout
7,Victor Heylenlei 41,2020-12-24,15:00:00,45,19,26,FMN GV 22 Boechout
7,Victor Heylenlei 41,2020-12-24,16:00:00,17,8,9,FMN GV 22 Boechout
7,Victor Heylenlei 41,2020-12-24,17:00:00,8,2,6,FMN GV 22 Boechout
7,Victor Heylenlei 41,2020-12-24,18:00:00,1,0,1,FMN GV 22 Boechout
7,Victor Heylenlei 41,2020-12-24,19:00:00,4,1,3,FMN GV 22 Boechout
7,Victor Heylenlei 41,2020-12-24,20:00:00,1,1,0,FMN GV 22 Boechout
7,Victor Heylenlei 41,2020-12-24,21:00:00,4,2,2,FMN GV 22 Boechout
7,Victor Heylenlei 41,2020-12-24,22:00:00,8,6,2,FMN GV 22 Boechout
7,Victor Heylenlei 41,2020-12-24,23:00:00,6,6,0,FMN GV 22 Boechout
7,Victor Heylenlei 41,2020-12-25,00:00:00,1,0,1,FMN GV 22 Boechout
7,Victor Heylenlei 41,2020-12-25,01:00:00,0,0,0,FMN GV 22 Boechout
7,Victor Heylenlei 41,2020-12-25,02:00:00,1,0,1,FMN GV 22 Boechout
7,Victor Heylenlei 41,2020-12-25,03:00:00,0,0,0,FMN GV 22 Boechout
7,Victor Heylenlei 41,2020-12-25,04:00:00,0,0,0,FMN GV 22 Boechout
7,Victor Heylenlei 41,2020-12-25,05:00:00,1,1,0,FMN GV 22 Boechout
7,Victor Heylenlei 41,2020-12-25,06:00:00,1,1,0,FMN GV 22 Boechout
7,Victor Heylenlei 41,2020-12-25,07:00:00,0,0,0,FMN GV 22 Boechout
7,Victor Heylenlei 41,2020-12-25,08:00:00,1,1,0,FMN GV 22 Boechout
7,Victor Heylenlei 41,2020-12-25,09:00:00,23,12,11,FMN GV 22 Boechout
7,Victor Heylenlei 41,2020-12-25,10:00:00,36,16,20,FMN GV 22 Boechout
7,Victor Heylenlei 41,2020-12-25,11:00:00,68,33,35,FMN GV 22 Boechout
7,Victor Heylenlei 41,2020-12-25,12:00:00,72,47,25,FMN GV 22 Boechout
7,Victor Heylenlei 41,2020-12-25,13:00:00,102,60,42,FMN GV 22 Boechout
7,Victor Heylenlei 41,2020-12-25,14:00:00,106,53,53,FMN GV 22 Boechout
7,Victor Heylenlei 41,2020-12-25,15:00:00,65,30,35,FMN GV 22 Boechout
7,Victor Heylenlei 41,2020-12-25,16:00:00,40,22,18,FMN GV 22 Boechout
7,Victor Heylenlei 41,2020-12-25,17:00:00,11,5,6,FMN GV 22 Boechout
7,Victor Heylenlei 41,2020-12-25,18:00:00,6,4,2,FMN GV 22 Boechout
7,Victor Heylenlei 41,2020-12-25,19:00:00,3,1,2,FMN GV 22 Boechout
7,Victor Heylenlei 41,2020-12-25,20:00:00,16,9,7,FMN GV 22 Boechout
7,Victor Heylenlei 41,2020-12-25,21:00:00,1,0,1,FMN GV 22 Boechout
7,Victor Heylenlei 41,2020-12-25,22:00:00,1,0,1,FMN GV 22 Boechout
7,Victor Heylenlei 41,2020-12-25,23:00:00,1,1,0,FMN GV 22 Boechout
7,Victor Heylenlei 41,2020-12-26,00:00:00,0,0,0,FMN GV 22 Boechout
7,Victor Heylenlei 41,2020-12-26,01:00:00,0,0,0,FMN GV 22 Boechout
7,Victor Heylenlei 41,2020-12-26,02:00:00,0,0,0,FMN GV 22 Boechout
7,Victor Heylenlei 41,2020-12-26,03:00:00,0,0,0,FMN GV 22 Boechout
7,Victor Heylenlei 41,2020-12-26,04:00:00,1,1,0,FMN GV 22 Boechout
7,Victor Heylenlei 41,2020-12-26,05:00:00,0,0,0,FMN GV 22 Boechout
7,Victor Heylenlei 41,2020-12-26,06:00:00,1,1,0,FMN GV 22 Boechout
7,Victor Heylenlei 41,2020-12-26,07:00:00,2,1,1,FMN GV 22 Boechout
7,Victor Heylenlei 41,2020-12-26,08:00:00,2,0,2,FMN GV 22 Boechout
7,Victor Heylenlei 41,2020-12-26,09:00:00,16,6,10,FMN GV 22 Boechout
7,Victor Heylenlei 41,2020-12-26,10:00:00,27,10,17,FMN GV 22 Boechout
7,Victor Heylenlei 41,2020-12-26,11:00:00,48,25,23,FMN GV 22 Boechout
7,Victor Heylenlei 41,2020-12-26,12:00:00,66,38,28,FMN GV 22 Boechout
7,Victor Heylenlei 41,2020-12-26,13:00:00,56,27,29,FMN GV 22 Boechout
7,Victor Heylenlei 41,2020-12-26,14:00:00,39,19,20,FMN GV 22 Boechout
7,Victor Heylenlei 41,2020-12-26,15:00:00,40,19,21,FMN GV 22 Boechout
7,Victor Heylenlei 41,2020-12-26,16:00:00,28,21,7,FMN GV 22 Boechout
7,Victor Heylenlei 41,2020-12-26,17:00:00,18,9,9,FMN GV 22 Boechout
7,Victor Heylenlei 41,2020-12-26,18:00:00,12,9,3,FMN GV 22 Boechout
7,Victor Heylenlei 41,2020-12-26,19:00:00,5,0,5,FMN GV 22 Boechout
7,Victor Heylenlei 41,2020-12-26,20:00:00,3,1,2,FMN GV 22 Boechout
7,Victor Heylenlei 41,2020-12-26,21:00:00,2,2,0,FMN GV 22 Boechout
7,Victor Heylenlei 41,2020-12-26,22:00:00,2,0,2,FMN GV 22 Boechout
7,Victor Heylenlei 41,2020-12-26,23:00:00,6,4,2,FMN GV 22 Boechout
7,Victor Heylenlei 41,2020-12-27,00:00:00,0,0,0,FMN GV 22 Boechout
7,Victor Heylenlei 41,2020-12-27,01:00:00,0,0,0,FMN GV 22 Boechout
7,Victor Heylenlei 41,2020-12-27,02:00:00,0,0,0,FMN GV 22 Boechout
7,Victor Heylenlei 41,2020-12-27,03:00:00,0,0,0,FMN GV 22 Boechout
7,Victor Heylenlei 41,2020-12-27,04:00:00,0,0,0,FMN GV 22 Boechout
7,Victor Heylenlei 41,2020-12-27,05:00:00,1,0,1,FMN GV 22 Boechout
7,Victor Heylenlei 41,2020-12-27,06:00:00,3,3,0,FMN GV 22 Boechout
7,Victor Heylenlei 41,2020-12-27,07:00:00,2,0,2,FMN GV 22 Boechout
7,Victor Heylenlei 41,2020-12-27,08:00:00,0,0,0,FMN GV 22 Boechout
7,Victor Heylenlei 41,2020-12-27,09:00:00,2,1,1,FMN GV 22 Boechout
7,Victor Heylenlei 41,2020-12-27,10:00:00,10,2,8,FMN GV 22 Boechout
7,Victor Heylenlei 41,2020-12-27,11:00:00,17,10,7,FMN GV 22 Boechout
7,Victor Heylenlei 41,2020-12-27,12:00:00,8,4,4,FMN GV 22 Boechout
7,Victor Heylenlei 41,2020-12-27,13:00:00,5,1,4,FMN GV 22 Boechout
7,Victor Heylenlei 41,2020-12-27,14:00:00,3,3,0,FMN GV 22 Boechout
7,Victor Heylenlei 41,2020-12-27,15:00:00,6,2,4,FMN GV 22 Boechout
7,Victor Heylenlei 41,2020-12-27,16:00:00,25,6,19,FMN GV 22 Boechout
7,Victor Heylenlei 41,2020-12-27,17:00:00,2,2,0,FMN GV 22 Boechout
7,Victor Heylenlei 41,2020-12-27,18:00:00,5,5,0,FMN GV 22 Boechout
7,Victor Heylenlei 41,2020-12-27,19:00:00,6,5,1,FMN GV 22 Boechout
7,Victor Heylenlei 41,2020-12-27,20:00:00,4,2,2,FMN GV 22 Boechout
7,Victor Heylenlei 41,2020-12-27,21:00:00,2,2,0,FMN GV 22 Boechout
7,Victor Heylenlei 41,2020-12-27,22:00:00,2,2,0,FMN GV 22 Boechout
7,Victor Heylenlei 41,2020-12-27,23:00:00,1,1,0,FMN GV 22 Boechout
7,Victor Heylenlei 41,2020-12-28,00:00:00,0,0,0,FMN GV 22 Boechout
7,Victor Heylenlei 41,2020-12-28,01:00:00,0,0,0,FMN GV 22 Boechout
7,Victor Heylenlei 41,2020-12-28,02:00:00,0,0,0,FMN GV 22 Boechout
7,Victor Heylenlei 41,2020-12-28,03:00:00,0,0,0,FMN GV 22 Boechout
7,Victor Heylenlei 41,2020-12-28,04:00:00,1,0,1,FMN GV 22 Boechout
7,Victor Heylenlei 41,2020-12-28,05:00:00,1,0,1,FMN GV 22 Boechout
7,Victor Heylenlei 41,2020-12-28,06:00:00,3,2,1,FMN GV 22 Boechout
7,Victor Heylenlei 41,2020-12-28,07:00:00,4,2,2,FMN GV 22 Boechout
7,Victor Heylenlei 41,2020-12-28,08:00:00,5,3,2,FMN GV 22 Boechout
7,Victor Heylenlei 41,2020-12-28,09:00:00,10,5,5,FMN GV 22 Boechout
7,Victor Heylenlei 41,2020-12-28,10:00:00,21,9,12,FMN GV 22 Boechout
7,Victor Heylenlei 41,2020-12-28,11:00:00,35,13,22,FMN GV 22 Boechout
7,Victor Heylenlei 41,2020-12-28,12:00:00,32,13,19,FMN GV 22 Boechout
7,Victor Heylenlei 41,2020-12-28,13:00:00,28,16,12,FMN GV 22 Boechout
7,Victor Heylenlei 41,2020-12-28,14:00:00,38,21,17,FMN GV 22 Boechout
7,Victor Heylenlei 41,2020-12-28,15:00:00,51,32,19,FMN GV 22 Boechout
7,Victor Heylenlei 41,2020-12-28,16:00:00,36,29,7,FMN GV 22 Boechout
7,Victor Heylenlei 41,2020-12-28,17:00:00,32,17,15,FMN GV 22 Boechout
7,Victor Heylenlei 41,2020-12-28,18:00:00,13,7,6,FMN GV 22 Boechout
7,Victor Heylenlei 41,2020-12-28,19:00:00,6,3,3,FMN GV 22 Boechout
7,Victor Heylenlei 41,2020-12-28,20:00:00,6,6,0,FMN GV 22 Boechout
7,Victor Heylenlei 41,2020-12-28,21:00:00,4,3,1,FMN GV 22 Boechout
7,Victor Heylenlei 41,2020-12-28,22:00:00,3,2,1,FMN GV 22 Boechout
7,Victor Heylenlei 41,2020-12-28,23:00:00,3,2,1,FMN GV 22 Boechout
7,Victor Heylenlei 41,2020-12-29,00:00:00,0,0,0,FMN GV 22 Boechout
7,Victor Heylenlei 41,2020-12-29,01:00:00,2,1,1,FMN GV 22 Boechout
7,Victor Heylenlei 41,2020-12-29,02:00:00,0,0,0,FMN GV 22 Boechout
7,Victor Heylenlei 41,2020-12-29,03:00:00,0,0,0,FMN GV 22 Boechout
7,Victor Heylenlei 41,2020-12-29,04:00:00,2,2,0,FMN GV 22 Boechout
7,Victor Heylenlei 41,2020-12-29,05:00:00,1,0,1,FMN GV 22 Boechout
7,Victor Heylenlei 41,2020-12-29,06:00:00,3,2,1,FMN GV 22 Boechout
7,Victor Heylenlei 41,2020-12-29,07:00:00,5,2,3,FMN GV 22 Boechout
7,Victor Heylenlei 41,2020-12-29,08:00:00,10,4,6,FMN GV 22 Boechout
7,Victor Heylenlei 41,2020-12-29,09:00:00,8,5,3,FMN GV 22 Boechout
7,Victor Heylenlei 41,2020-12-29,10:00:00,19,11,8,FMN GV 22 Boechout
7,Victor Heylenlei 41,2020-12-29,11:00:00,8,4,4,FMN GV 22 Boechout
7,Victor Heylenlei 41,2020-12-29,12:00:00,21,10,11,FMN GV 22 Boechout
7,Victor Heylenlei 41,2020-12-29,13:00:00,38,23,15,FMN GV 22 Boechout
7,Victor Heylenlei 41,2020-12-29,14:00:00,52,26,26,FMN GV 22 Boechout
7,Victor Heylenlei 41,2020-12-29,15:00:00,47,20,27,FMN GV 22 Boechout
7,Victor Heylenlei 41,2020-12-29,16:00:00,47,23,24,FMN GV 22 Boechout
7,Victor Heylenlei 41,2020-12-29,17:00:00,11,8,3,FMN GV 22 Boechout
7,Victor Heylenlei 41,2020-12-29,18:00:00,6,2,4,FMN GV 22 Boechout
7,Victor Heylenlei 41,2020-12-29,19:00:00,4,1,3,FMN GV 22 Boechout
7,Victor Heylenlei 41,2020-12-29,20:00:00,3,1,2,FMN GV 22 Boechout
7,Victor Heylenlei 41,2020-12-29,21:00:00,1,0,1,FMN GV 22 Boechout
7,Victor Heylenlei 41,2020-12-29,22:00:00,1,1,0,FMN GV 22 Boechout
7,Victor Heylenlei 41,2020-12-29,23:00:00,1,0,1,FMN GV 22 Boechout
7,Victor Heylenlei 41,2020-12-30,00:00:00,0,0,0,FMN GV 22 Boechout
7,Victor Heylenlei 41,2020-12-30,01:00:00,0,0,0,FMN GV 22 Boechout
7,Victor Heylenlei 41,2020-12-30,02:00:00,0,0,0,FMN GV 22 Boechout
7,Victor Heylenlei 41,2020-12-30,03:00:00,0,0,0,FMN GV 22 Boechout
7,Victor Heylenlei 41,2020-12-30,04:00:00,0,0,0,FMN GV 22 Boechout
7,Victor Heylenlei 41,2020-12-30,05:00:00,0,0,0,FMN GV 22 Boechout
7,Victor Heylenlei 41,2020-12-30,06:00:00,6,5,1,FMN GV 22 Boechout
7,Victor Heylenlei 41,2020-12-30,07:00:00,4,4,0,FMN GV 22 Boechout
7,Victor Heylenlei 41,2020-12-30,08:00:00,6,3,3,FMN GV 22 Boechout
7,Victor Heylenlei 41,2020-12-30,09:00:00,10,5,5,FMN GV 22 Boechout
7,Victor Heylenlei 41,2020-12-30,10:00:00,14,10,4,FMN GV 22 Boechout
7,Victor Heylenlei 41,2020-12-30,11:00:00,18,10,8,FMN GV 22 Boechout
7,Victor Heylenlei 41,2020-12-30,12:00:00,28,14,14,FMN GV 22 Boechout
7,Victor Heylenlei 41,2020-12-30,13:00:00,43,22,21,FMN GV 22 Boechout
7,Victor Heylenlei 41,2020-12-30,14:00:00,45,22,23,FMN GV 22 Boechout
7,Victor Heylenlei 41,2020-12-30,15:00:00,32,20,12,FMN GV 22 Boechout
7,Victor Heylenlei 41,2020-12-30,16:00:00,23,8,15,FMN GV 22 Boechout
7,Victor Heylenlei 41,2020-12-30,17:00:00,19,9,10,FMN GV 22 Boechout
7,Victor Heylenlei 41,2020-12-30,18:00:00,7,5,2,FMN GV 22 Boechout
7,Victor Heylenlei 41,2020-12-30,19:00:00,4,2,2,FMN GV 22 Boechout
7,Victor Heylenlei 41,2020-12-30,20:00:00,4,2,2,FMN GV 22 Boechout
7,Victor Heylenlei 41,2020-12-30,21:00:00,3,3,0,FMN GV 22 Boechout
7,Victor Heylenlei 41,2020-12-30,22:00:00,0,0,0,FMN GV 22 Boechout
7,Victor Heylenlei 41,2020-12-30,23:00:00,6,4,2,FMN GV 22 Boechout
7,Victor Heylenlei 41,2020-12-31,00:00:00,0,0,0,FMN GV 22 Boechout
7,Victor Heylenlei 41,2020-12-31,01:00:00,0,0,0,FMN GV 22 Boechout
7,Victor Heylenlei 41,2020-12-31,02:00:00,0,0,0,FMN GV 22 Boechout
7,Victor Heylenlei 41,2020-12-31,03:00:00,0,0,0,FMN GV 22 Boechout
7,Victor Heylenlei 41,2020-12-31,04:00:00,1,1,0,FMN GV 22 Boechout
7,Victor Heylenlei 41,2020-12-31,05:00:00,0,0,0,FMN GV 22 Boechout
7,Victor Heylenlei 41,2020-12-31,06:00:00,3,3,0,FMN GV 22 Boechout
7,Victor Heylenlei 41,2020-12-31,07:00:00,3,3,0,FMN GV 22 Boechout
7,Victor Heylenlei 41,2020-12-31,08:00:00,5,3,2,FMN GV 22 Boechout
7,Victor Heylenlei 41,2020-12-31,09:00:00,7,5,2,FMN GV 22 Boechout
7,Victor Heylenlei 41,2020-12-31,10:00:00,8,5,3,FMN GV 22 Boechout
7,Victor Heylenlei 41,2020-12-31,11:00:00,25,14,11,FMN GV 22 Boechout
7,Victor Heylenlei 41,2020-12-31,12:00:00,34,17,17,FMN GV 22 Boechout
7,Victor Heylenlei 41,2020-12-31,13:00:00,41,18,23,FMN GV 22 Boechout
7,Victor Heylenlei 41,2020-12-31,14:00:00,33,18,15,FMN GV 22 Boechout
7,Victor Heylenlei 41,2020-12-31,15:00:00,45,32,13,FMN GV 22 Boechout
7,Victor Heylenlei 41,2020-12-31,16:00:00,21,16,5,FMN GV 22 Boechout
7,Victor Heylenlei 41,2020-12-31,17:00:00,14,9,5,FMN GV 22 Boechout
7,Victor Heylenlei 41,2020-12-31,18:00:00,4,2,2,FMN GV 22 Boechout
7,Victor Heylenlei 41,2020-12-31,19:00:00,0,0,0,FMN GV 22 Boechout
7,Victor Heylenlei 41,2020-12-31,20:00:00,6,4,2,FMN GV 22 Boechout
7,Victor Heylenlei 41,2020-12-31,21:00:00,28,15,13,FMN GV 22 Boechout
7,Victor Heylenlei 41,2020-12-31,22:00:00,8,3,5,FMN GV 22 Boechout
7,Victor Heylenlei 41,2020-12-31,23:00:00,28,14,14,FMN GV 22 Boechout
7,Victor Heylenlei 41,2021-01-01,00:00:00,0,0,0,FMN GV 22 Boechout
7,Victor Heylenlei 41,2021-01-01,01:00:00,0,0,0,FMN GV 22 Boechout
7,Victor Heylenlei 41,2021-01-01,02:00:00,2,1,1,FMN GV 22 Boechout
7,Victor Heylenlei 41,2021-01-01,03:00:00,0,0,0,FMN GV 22 Boechout
7,Victor Heylenlei 41,2021-01-01,04:00:00,1,1,0,FMN GV 22 Boechout
7,Victor Heylenlei 41,2021-01-01,05:00:00,1,1,0,FMN GV 22 Boechout
7,Victor Heylenlei 41,2021-01-01,06:00:00,0,0,0,FMN GV 22 Boechout
7,Victor Heylenlei 41,2021-01-01,07:00:00,0,0,0,FMN GV 22 Boechout
7,Victor Heylenlei 41,2021-01-01,08:00:00,1,0,1,FMN GV 22 Boechout
7,Victor Heylenlei 41,2021-01-01,09:00:00,8,5,3,FMN GV 22 Boechout
7,Victor Heylenlei 41,2021-01-01,10:00:00,6,2,4,FMN GV 22 Boechout
7,Victor Heylenlei 41,2021-01-01,11:00:00,24,14,10,FMN GV 22 Boechout
7,Victor Heylenlei 41,2021-01-01,12:00:00,29,10,19,FMN GV 22 Boechout
7,Victor Heylenlei 41,2021-01-01,13:00:00,72,32,40,FMN GV 22 Boechout
7,Victor Heylenlei 41,2021-01-01,14:00:00,58,32,26,FMN GV 22 Boechout
7,Victor Heylenlei 41,2021-01-01,15:00:00,66,35,31,FMN GV 22 Boechout
7,Victor Heylenlei 41,2021-01-01,16:00:00,30,19,11,FMN GV 22 Boechout
7,Victor Heylenlei 41,2021-01-01,17:00:00,11,7,4,FMN GV 22 Boechout
7,Victor Heylenlei 41,2021-01-01,18:00:00,9,3,6,FMN GV 22 Boechout
7,Victor Heylenlei 41,2021-01-01,19:00:00,5,3,2,FMN GV 22 Boechout
7,Victor Heylenlei 41,2021-01-01,20:00:00,12,8,4,FMN GV 22 Boechout
7,Victor Heylenlei 41,2021-01-01,21:00:00,4,3,1,FMN GV 22 Boechout
7,Victor Heylenlei 41,2021-01-01,22:00:00,1,1,0,FMN GV 22 Boechout
7,Victor Heylenlei 41,2021-01-01,23:00:00,1,1,0,FMN GV 22 Boechout
7,Victor Heylenlei 41,2021-01-02,00:00:00,0,0,0,FMN GV 22 Boechout
7,Victor Heylenlei 41,2021-01-02,01:00:00,0,0,0,FMN GV 22 Boechout
7,Victor Heylenlei 41,2021-01-02,02:00:00,0,0,0,FMN GV 22 Boechout
7,Victor Heylenlei 41,2021-01-02,03:00:00,0,0,0,FMN GV 22 Boechout
7,Victor Heylenlei 41,2021-01-02,04:00:00,0,0,0,FMN GV 22 Boechout
7,Victor Heylenlei 41,2021-01-02,05:00:00,1,1,0,FMN GV 22 Boechout
7,Victor Heylenlei 41,2021-01-02,06:00:00,1,0,1,FMN GV 22 Boechout
7,Victor Heylenlei 41,2021-01-02,07:00:00,2,1,1,FMN GV 22 Boechout
7,Victor Heylenlei 41,2021-01-02,08:00:00,2,1,1,FMN GV 22 Boechout
7,Victor Heylenlei 41,2021-01-02,09:00:00,6,3,3,FMN GV 22 Boechout
7,Victor Heylenlei 41,2021-01-02,10:00:00,21,8,13,FMN GV 22 Boechout
7,Victor Heylenlei 41,2021-01-02,11:00:00,23,16,7,FMN GV 22 Boechout
7,Victor Heylenlei 41,2021-01-02,12:00:00,26,11,15,FMN GV 22 Boechout
7,Victor Heylenlei 41,2021-01-02,13:00:00,38,23,15,FMN GV 22 Boechout
7,Victor Heylenlei 41,2021-01-02,14:00:00,88,48,40,FMN GV 22 Boechout
7,Victor Heylenlei 41,2021-01-02,15:00:00,99,63,36,FMN GV 22 Boechout
7,Victor Heylenlei 41,2021-01-02,16:00:00,35,25,10,FMN GV 22 Boechout
7,Victor Heylenlei 41,2021-01-02,17:00:00,16,11,5,FMN GV 22 Boechout
7,Victor Heylenlei 41,2021-01-02,18:00:00,11,8,3,FMN GV 22 Boechout
7,Victor Heylenlei 41,2021-01-02,19:00:00,4,1,3,FMN GV 22 Boechout
7,Victor Heylenlei 41,2021-01-02,20:00:00,2,0,2,FMN GV 22 Boechout
7,Victor Heylenlei 41,2021-01-02,21:00:00,4,2,2,FMN GV 22 Boechout
7,Victor Heylenlei 41,2021-01-02,22:00:00,2,2,0,FMN GV 22 Boechout
7,Victor Heylenlei 41,2021-01-02,23:00:00,4,2,2,FMN GV 22 Boechout
7,Victor Heylenlei 41,2021-01-03,00:00:00,0,0,0,FMN GV 22 Boechout
7,Victor Heylenlei 41,2021-01-03,01:00:00,0,0,0,FMN GV 22 Boechout
7,Victor Heylenlei 41,2021-01-03,02:00:00,0,0,0,FMN GV 22 Boechout
7,Victor Heylenlei 41,2021-01-03,03:00:00,0,0,0,FMN GV 22 Boechout
7,Victor Heylenlei 41,2021-01-03,04:00:00,0,0,0,FMN GV 22 Boechout
7,Victor Heylenlei 41,2021-01-03,05:00:00,0,0,0,FMN GV 22 Boechout
7,Victor Heylenlei 41,2021-01-03,06:00:00,1,0,1,FMN GV 22 Boechout
7,Victor Heylenlei 41,2021-01-03,07:00:00,2,1,1,FMN GV 22 Boechout
7,Victor Heylenlei 41,2021-01-03,08:00:00,6,2,4,FMN GV 22 Boechout
7,Victor Heylenlei 41,2021-01-03,09:00:00,21,7,14,FMN GV 22 Boechout
7,Victor Heylenlei 41,2021-01-03,10:00:00,44,23,21,FMN GV 22 Boechout
7,Victor Heylenlei 41,2021-01-03,11:00:00,52,26,26,FMN GV 22 Boechout
7,Victor Heylenlei 41,2021-01-03,12:00:00,72,41,31,FMN GV 22 Boechout
7,Victor Heylenlei 41,2021-01-03,13:00:00,38,20,18,FMN GV 22 Boechout
7,Victor Heylenlei 41,2021-01-03,14:00:00,39,20,19,FMN GV 22 Boechout
7,Victor Heylenlei 41,2021-01-03,15:00:00,63,24,39,FMN GV 22 Boechout
7,Victor Heylenlei 41,2021-01-03,16:00:00,15,7,8,FMN GV 22 Boechout
7,Victor Heylenlei 41,2021-01-03,17:00:00,6,3,3,FMN GV 22 Boechout
7,Victor Heylenlei 41,2021-01-03,18:00:00,6,4,2,FMN GV 22 Boechout
7,Victor Heylenlei 41,2021-01-03,19:00:00,4,3,1,FMN GV 22 Boechout
7,Victor Heylenlei 41,2021-01-03,20:00:00,2,1,1,FMN GV 22 Boechout
7,Victor Heylenlei 41,2021-01-03,21:00:00,3,2,1,FMN GV 22 Boechout
7,Victor Heylenlei 41,2021-01-03,22:00:00,1,1,0,FMN GV 22 Boechout
7,Victor Heylenlei 41,2021-01-03,23:00:00,1,1,0,FMN GV 22 Boechout
7,Victor Heylenlei 41,2021-01-04,00:00:00,0,0,0,FMN GV 22 Boechout
7,Victor Heylenlei 41,2021-01-04,01:00:00,1,0,1,FMN GV 22 Boechout
7,Victor Heylenlei 41,2021-01-04,02:00:00,0,0,0,FMN GV 22 Boechout
7,Victor Heylenlei 41,2021-01-04,03:00:00,0,0,0,FMN GV 22 Boechout
7,Victor Heylenlei 41,2021-01-04,04:00:00,0,0,0,FMN GV 22 Boechout
7,Victor Heylenlei 41,2021-01-04,05:00:00,3,2,1,FMN GV 22 Boechout
7,Victor Heylenlei 41,2021-01-04,06:00:00,4,1,3,FMN GV 22 Boechout
7,Victor Heylenlei 41,2021-01-04,07:00:00,25,17,8,FMN GV 22 Boechout
7,Victor Heylenlei 41,2021-01-04,08:00:00,36,16,20,FMN GV 22 Boechout
7,Victor Heylenlei 41,2021-01-04,09:00:00,9,7,2,FMN GV 22 Boechout
7,Victor Heylenlei 41,2021-01-04,10:00:00,12,6,6,FMN GV 22 Boechout
7,Victor Heylenlei 41,2021-01-04,11:00:00,6,4,2,FMN GV 22 Boechout
7,Victor Heylenlei 41,2021-01-04,12:00:00,11,8,3,FMN GV 22 Boechout
7,Victor Heylenlei 41,2021-01-04,13:00:00,22,18,4,FMN GV 22 Boechout
7,Victor Heylenlei 41,2021-01-04,14:00:00,17,4,13,FMN GV 22 Boechout
7,Victor Heylenlei 41,2021-01-04,15:00:00,24,10,14,FMN GV 22 Boechout
7,Victor Heylenlei 41,2021-01-04,16:00:00,49,28,21,FMN GV 22 Boechout
7,Victor Heylenlei 41,2021-01-04,17:00:00,26,9,17,FMN GV 22 Boechout
7,Victor Heylenlei 41,2021-01-04,18:00:00,11,0,11,FMN GV 22 Boechout
7,Victor Heylenlei 41,2021-01-04,19:00:00,7,3,4,FMN GV 22 Boechout
7,Victor Heylenlei 41,2021-01-04,20:00:00,2,0,2,FMN GV 22 Boechout
7,Victor Heylenlei 41,2021-01-04,21:00:00,3,1,2,FMN GV 22 Boechout
7,Victor Heylenlei 41,2021-01-04,22:00:00,2,0,2,FMN GV 22 Boechout
7,Victor Heylenlei 41,2021-01-04,23:00:00,4,2,2,FMN GV 22 Boechout
7,Victor Heylenlei 41,2021-01-05,00:00:00,0,0,0,FMN GV 22 Boechout
7,Victor Heylenlei 41,2021-01-05,01:00:00,3,1,2,FMN GV 22 Boechout
7,Victor Heylenlei 41,2021-01-05,02:00:00,0,0,0,FMN GV 22 Boechout
7,Victor Heylenlei 41,2021-01-05,03:00:00,0,0,0,FMN GV 22 Boechout
7,Victor Heylenlei 41,2021-01-05,04:00:00,1,1,0,FMN GV 22 Boechout
7,Victor Heylenlei 41,2021-01-05,05:00:00,5,4,1,FMN GV 22 Boechout
7,Victor Heylenlei 41,2021-01-05,06:00:00,9,5,4,FMN GV 22 Boechout
7,Victor Heylenlei 41,2021-01-05,07:00:00,35,25,10,FMN GV 22 Boechout
7,Victor Heylenlei 41,2021-01-05,08:00:00,34,12,22,FMN GV 22 Boechout
7,Victor Heylenlei 41,2021-01-05,09:00:00,16,9,7,FMN GV 22 Boechout
7,Victor Heylenlei 41,2021-01-05,10:00:00,10,5,5,FMN GV 22 Boechout
7,Victor Heylenlei 41,2021-01-05,11:00:00,16,10,6,FMN GV 22 Boechout
7,Victor Heylenlei 41,2021-01-05,12:00:00,16,5,11,FMN GV 22 Boechout
7,Victor Heylenlei 41,2021-01-05,13:00:00,32,14,18,FMN GV 22 Boechout
7,Victor Heylenlei 41,2021-01-05,14:00:00,26,8,18,FMN GV 22 Boechout
7,Victor Heylenlei 41,2021-01-05,15:00:00,29,9,20,FMN GV 22 Boechout
7,Victor Heylenlei 41,2021-01-05,16:00:00,72,42,30,FMN GV 22 Boechout
7,Victor Heylenlei 41,2021-01-05,17:00:00,36,11,25,FMN GV 22 Boechout
7,Victor Heylenlei 41,2021-01-05,18:00:00,22,6,16,FMN GV 22 Boechout
7,Victor Heylenlei 41,2021-01-05,19:00:00,10,4,6,FMN GV 22 Boechout
7,Victor Heylenlei 41,2021-01-05,20:00:00,12,6,6,FMN GV 22 Boechout
7,Victor Heylenlei 41,2021-01-05,21:00:00,10,8,2,FMN GV 22 Boechout
7,Victor Heylenlei 41,2021-01-05,22:00:00,4,1,3,FMN GV 22 Boechout
7,Victor Heylenlei 41,2021-01-05,23:00:00,1,0,1,FMN GV 22 Boechout
7,Victor Heylenlei 41,2021-01-06,00:00:00,0,0,0,FMN GV 22 Boechout
7,Victor Heylenlei 41,2021-01-06,01:00:00,0,0,0,FMN GV 22 Boechout
7,Victor Heylenlei 41,2021-01-06,02:00:00,0,0,0,FMN GV 22 Boechout
7,Victor Heylenlei 41,2021-01-06,03:00:00,0,0,0,FMN GV 22 Boechout
7,Victor Heylenlei 41,2021-01-06,04:00:00,1,1,0,FMN GV 22 Boechout
7,Victor Heylenlei 41,2021-01-06,05:00:00,3,1,2,FMN GV 22 Boechout
7,Victor Heylenlei 41,2021-01-06,06:00:00,8,5,3,FMN GV 22 Boechout
7,Victor Heylenlei 41,2021-01-06,07:00:00,47,35,12,FMN GV 22 Boechout
7,Victor Heylenlei 41,2021-01-06,08:00:00,40,17,23,FMN GV 22 Boechout
7,Victor Heylenlei 41,2021-01-06,09:00:00,7,5,2,FMN GV 22 Boechout
7,Victor Heylenlei 41,2021-01-06,10:00:00,16,7,9,FMN GV 22 Boechout
7,Victor Heylenlei 41,2021-01-06,11:00:00,7,4,3,FMN GV 22 Boechout
7,Victor Heylenlei 41,2021-01-06,12:00:00,49,33,16,FMN GV 22 Boechout
7,Victor Heylenlei 41,2021-01-06,13:00:00,37,15,22,FMN GV 22 Boechout
7,Victor Heylenlei 41,2021-01-06,14:00:00,43,25,18,FMN GV 22 Boechout
7,Victor Heylenlei 41,2021-01-06,15:00:00,25,8,17,FMN GV 22 Boechout
7,Victor Heylenlei 41,2021-01-06,16:00:00,38,14,24,FMN GV 22 Boechout
7,Victor Heylenlei 41,2021-01-06,17:00:00,24,13,11,FMN GV 22 Boechout
7,Victor Heylenlei 41,2021-01-06,18:00:00,18,8,10,FMN GV 22 Boechout
7,Victor Heylenlei 41,2021-01-06,19:00:00,8,3,5,FMN GV 22 Boechout
7,Victor Heylenlei 41,2021-01-06,20:00:00,7,2,5,FMN GV 22 Boechout
7,Victor Heylenlei 41,2021-01-06,21:00:00,5,2,3,FMN GV 22 Boechout
7,Victor Heylenlei 41,2021-01-06,22:00:00,3,2,1,FMN GV 22 Boechout
7,Victor Heylenlei 41,2021-01-06,23:00:00,0,0,0,FMN GV 22 Boechout
7,Victor Heylenlei 41,2021-01-07,00:00:00,1,0,1,FMN GV 22 Boechout
7,Victor Heylenlei 41,2021-01-07,01:00:00,0,0,0,FMN GV 22 Boechout
7,Victor Heylenlei 41,2021-01-07,02:00:00,0,0,0,FMN GV 22 Boechout
7,Victor Heylenlei 41,2021-01-07,03:00:00,0,0,0,FMN GV 22 Boechout
7,Victor Heylenlei 41,2021-01-07,04:00:00,0,0,0,FMN GV 22 Boechout
7,Victor Heylenlei 41,2021-01-07,05:00:00,1,0,1,FMN GV 22 Boechout
7,Victor Heylenlei 41,2021-01-07,06:00:00,6,5,1,FMN GV 22 Boechout
7,Victor Heylenlei 41,2021-01-07,07:00:00,27,21,6,FMN GV 22 Boechout
7,Victor Heylenlei 41,2021-01-07,08:00:00,43,19,24,FMN GV 22 Boechout
7,Victor Heylenlei 41,2021-01-07,09:00:00,8,5,3,FMN GV 22 Boechout
7,Victor Heylenlei 41,2021-01-07,10:00:00,5,3,2,FMN GV 22 Boechout
7,Victor Heylenlei 41,2021-01-07,11:00:00,7,4,3,FMN GV 22 Boechout
7,Victor Heylenlei 41,2021-01-07,12:00:00,14,8,6,FMN GV 22 Boechout
7,Victor Heylenlei 41,2021-01-07,13:00:00,45,29,16,FMN GV 22 Boechout
7,Victor Heylenlei 41,2021-01-07,14:00:00,36,11,25,FMN GV 22 Boechout
7,Victor Heylenlei 41,2021-01-07,15:00:00,18,8,10,FMN GV 22 Boechout
7,Victor Heylenlei 41,2021-01-07,16:00:00,49,29,20,FMN GV 22 Boechout
7,Victor Heylenlei 41,2021-01-07,17:00:00,37,12,25,FMN GV 22 Boechout
7,Victor Heylenlei 41,2021-01-07,18:00:00,16,5,11,FMN GV 22 Boechout
7,Victor Heylenlei 41,2021-01-07,19:00:00,4,2,2,FMN GV 22 Boechout
7,Victor Heylenlei 41,2021-01-07,20:00:00,4,3,1,FMN GV 22 Boechout
7,Victor Heylenlei 41,2021-01-07,21:00:00,2,1,1,FMN GV 22 Boechout
7,Victor Heylenlei 41,2021-01-07,22:00:00,5,3,2,FMN GV 22 Boechout
7,Victor Heylenlei 41,2021-01-07,23:00:00,2,0,2,FMN GV 22 Boechout
7,Victor Heylenlei 41,2021-01-08,00:00:00,0,0,0,FMN GV 22 Boechout
7,Victor Heylenlei 41,2021-01-08,01:00:00,1,0,1,FMN GV 22 Boechout
7,Victor Heylenlei 41,2021-01-08,02:00:00,0,0,0,FMN GV 22 Boechout
7,Victor Heylenlei 41,2021-01-08,03:00:00,0,0,0,FMN GV 22 Boechout
7,Victor Heylenlei 41,2021-01-08,04:00:00,0,0,0,FMN GV 22 Boechout
7,Victor Heylenlei 41,2021-01-08,05:00:00,1,1,0,FMN GV 22 Boechout
7,Victor Heylenlei 41,2021-01-08,06:00:00,6,5,1,FMN GV 22 Boechout
7,Victor Heylenlei 41,2021-01-08,07:00:00,29,23,6,FMN GV 22 Boechout
7,Victor Heylenlei 41,2021-01-08,08:00:00,41,18,23,FMN GV 22 Boechout
7,Victor Heylenlei 41,2021-01-08,09:00:00,13,9,4,FMN GV 22 Boechout
7,Victor Heylenlei 41,2021-01-08,10:00:00,7,1,6,FMN GV 22 Boechout
7,Victor Heylenlei 41,2021-01-08,11:00:00,11,8,3,FMN GV 22 Boechout
7,Victor Heylenlei 41,2021-01-08,12:00:00,14,7,7,FMN GV 22 Boechout
7,Victor Heylenlei 41,2021-01-08,13:00:00,52,31,21,FMN GV 22 Boechout
7,Victor Heylenlei 41,2021-01-08,14:00:00,31,16,15,FMN GV 22 Boechout
7,Victor Heylenlei 41,2021-01-08,15:00:00,43,21,22,FMN GV 22 Boechout
7,Victor Heylenlei 41,2021-01-08,16:00:00,73,40,33,FMN GV 22 Boechout
7,Victor Heylenlei 41,2021-01-08,17:00:00,25,11,14,FMN GV 22 Boechout
7,Victor Heylenlei 41,2021-01-08,18:00:00,11,6,5,FMN GV 22 Boechout
7,Victor Heylenlei 41,2021-01-08,19:00:00,7,2,5,FMN GV 22 Boechout
7,Victor Heylenlei 41,2021-01-08,20:00:00,4,2,2,FMN GV 22 Boechout
7,Victor Heylenlei 41,2021-01-08,21:00:00,3,1,2,FMN GV 22 Boechout
7,Victor Heylenlei 41,2021-01-08,22:00:00,0,0,0,FMN GV 22 Boechout
7,Victor Heylenlei 41,2021-01-08,23:00:00,3,1,2,FMN GV 22 Boechout
7,Victor Heylenlei 41,2021-01-09,00:00:00,4,2,2,FMN GV 22 Boechout
7,Victor Heylenlei 41,2021-01-09,01:00:00,0,0,0,FMN GV 22 Boechout
7,Victor Heylenlei 41,2021-01-09,02:00:00,0,0,0,FMN GV 22 Boechout
7,Victor Heylenlei 41,2021-01-09,03:00:00,0,0,0,FMN GV 22 Boechout
7,Victor Heylenlei 41,2021-01-09,04:00:00,0,0,0,FMN GV 22 Boechout
7,Victor Heylenlei 41,2021-01-09,05:00:00,1,0,1,FMN GV 22 Boechout
7,Victor Heylenlei 41,2021-01-09,06:00:00,0,0,0,FMN GV 22 Boechout
7,Victor Heylenlei 41,2021-01-09,07:00:00,0,0,0,FMN GV 22 Boechout
7,Victor Heylenlei 41,2021-01-09,08:00:00,1,1,0,FMN GV 22 Boechout
7,Victor Heylenlei 41,2021-01-09,09:00:00,1,0,1,FMN GV 22 Boechout
7,Victor Heylenlei 41,2021-01-09,10:00:00,5,2,3,FMN GV 22 Boechout
7,Victor Heylenlei 41,2021-01-09,11:00:00,20,15,5,FMN GV 22 Boechout
7,Victor Heylenlei 41,2021-01-09,12:00:00,37,26,11,FMN GV 22 Boechout
7,Victor Heylenlei 41,2021-01-09,13:00:00,32,23,9,FMN GV 22 Boechout
7,Victor Heylenlei 41,2021-01-09,14:00:00,75,54,21,FMN GV 22 Boechout
7,Victor Heylenlei 41,2021-01-09,15:00:00,43,37,6,FMN GV 22 Boechout
7,Victor Heylenlei 41,2021-01-09,16:00:00,23,13,10,FMN GV 22 Boechout
7,Victor Heylenlei 41,2021-01-09,17:00:00,6,5,1,FMN GV 22 Boechout
7,Victor Heylenlei 41,2021-01-09,18:00:00,4,3,1,FMN GV 22 Boechout
7,Victor Heylenlei 41,2021-01-09,19:00:00,1,1,0,FMN GV 22 Boechout
7,Victor Heylenlei 41,2021-01-09,20:00:00,2,2,0,FMN GV 22 Boechout
7,Victor Heylenlei 41,2021-01-09,21:00:00,1,1,0,FMN GV 22 Boechout
7,Victor Heylenlei 41,2021-01-09,22:00:00,1,1,0,FMN GV 22 Boechout
7,Victor Heylenlei 41,2021-01-09,23:00:00,0,0,0,FMN GV 22 Boechout
7,Victor Heylenlei 41,2021-01-10,00:00:00,2,1,1,FMN GV 22 Boechout
7,Victor Heylenlei 41,2021-01-10,01:00:00,0,0,0,FMN GV 22 Boechout
7,Victor Heylenlei 41,2021-01-10,02:00:00,0,0,0,FMN GV 22 Boechout
7,Victor Heylenlei 41,2021-01-10,03:00:00,0,0,0,FMN GV 22 Boechout
7,Victor Heylenlei 41,2021-01-10,04:00:00,0,0,0,FMN GV 22 Boechout
7,Victor Heylenlei 41,2021-01-10,05:00:00,0,0,0,FMN GV 22 Boechout
7,Victor Heylenlei 41,2021-01-10,06:00:00,1,1,0,FMN GV 22 Boechout
7,Victor Heylenlei 41,2021-01-10,07:00:00,0,0,0,FMN GV 22 Boechout
7,Victor Heylenlei 41,2021-01-10,08:00:00,1,1,0,FMN GV 22 Boechout
7,Victor Heylenlei 41,2021-01-10,09:00:00,4,2,2,FMN GV 22 Boechout
7,Victor Heylenlei 41,2021-01-10,10:00:00,16,9,7,FMN GV 22 Boechout
7,Victor Heylenlei 41,2021-01-10,11:00:00,56,25,31,FMN GV 22 Boechout
7,Victor Heylenlei 41,2021-01-10,12:00:00,62,39,23,FMN GV 22 Boechout
7,Victor Heylenlei 41,2021-01-10,13:00:00,50,29,21,FMN GV 22 Boechout
7,Victor Heylenlei 41,2021-01-10,14:00:00,91,52,39,FMN GV 22 Boechout
7,Victor Heylenlei 41,2021-01-10,15:00:00,51,35,16,FMN GV 22 Boechout
7,Victor Heylenlei 41,2021-01-10,16:00:00,31,25,6,FMN GV 22 Boechout
7,Victor Heylenlei 41,2021-01-10,17:00:00,9,7,2,FMN GV 22 Boechout
7,Victor Heylenlei 41,2021-01-10,18:00:00,2,2,0,FMN GV 22 Boechout
7,Victor Heylenlei 41,2021-01-10,19:00:00,5,3,2,FMN GV 22 Boechout
7,Victor Heylenlei 41,2021-01-10,20:00:00,3,2,1,FMN GV 22 Boechout
7,Victor Heylenlei 41,2021-01-10,21:00:00,0,0,0,FMN GV 22 Boechout
7,Victor Heylenlei 41,2021-01-10,22:00:00,1,1,0,FMN GV 22 Boechout
7,Victor Heylenlei 41,2021-01-10,23:00:00,2,1,1,FMN GV 22 Boechout
7,Victor Heylenlei 41,2021-01-11,00:00:00,0,0,0,FMN GV 22 Boechout
7,Victor Heylenlei 41,2021-01-11,01:00:00,0,0,0,FMN GV 22 Boechout
7,Victor Heylenlei 41,2021-01-11,02:00:00,0,0,0,FMN GV 22 Boechout
7,Victor Heylenlei 41,2021-01-11,03:00:00,0,0,0,FMN GV 22 Boechout
7,Victor Heylenlei 41,2021-01-11,04:00:00,0,0,0,FMN GV 22 Boechout
7,Victor Heylenlei 41,2021-01-11,05:00:00,5,4,1,FMN GV 22 Boechout
7,Victor Heylenlei 41,2021-01-11,06:00:00,5,5,0,FMN GV 22 Boechout
7,Victor Heylenlei 41,2021-01-11,07:00:00,31,24,7,FMN GV 22 Boechout
7,Victor Heylenlei 41,2021-01-11,08:00:00,41,17,24,FMN GV 22 Boechout
7,Victor Heylenlei 41,2021-01-11,09:00:00,5,4,1,FMN GV 22 Boechout
7,Victor Heylenlei 41,2021-01-11,10:00:00,13,7,6,FMN GV 22 Boechout
7,Victor Heylenlei 41,2021-01-11,11:00:00,9,7,2,FMN GV 22 Boechout
7,Victor Heylenlei 41,2021-01-11,12:00:00,32,19,13,FMN GV 22 Boechout
7,Victor Heylenlei 41,2021-01-11,13:00:00,34,19,15,FMN GV 22 Boechout
7,Victor Heylenlei 41,2021-01-11,14:00:00,40,18,22,FMN GV 22 Boechout
7,Victor Heylenlei 41,2021-01-11,15:00:00,50,22,28,FMN GV 22 Boechout
7,Victor Heylenlei 41,2021-01-11,16:00:00,66,33,33,FMN GV 22 Boechout
7,Victor Heylenlei 41,2021-01-11,17:00:00,44,14,30,FMN GV 22 Boechout
7,Victor Heylenlei 41,2021-01-11,18:00:00,23,5,18,FMN GV 22 Boechout
7,Victor Heylenlei 41,2021-01-11,19:00:00,13,6,7,FMN GV 22 Boechout
7,Victor Heylenlei 41,2021-01-11,20:00:00,14,4,10,FMN GV 22 Boechout
7,Victor Heylenlei 41,2021-01-11,21:00:00,8,4,4,FMN GV 22 Boechout
7,Victor Heylenlei 41,2021-01-11,22:00:00,5,2,3,FMN GV 22 Boechout
7,Victor Heylenlei 41,2021-01-11,23:00:00,1,0,1,FMN GV 22 Boechout
7,Victor Heylenlei 41,2021-01-12,00:00:00,0,0,0,FMN GV 22 Boechout
7,Victor Heylenlei 41,2021-01-12,01:00:00,0,0,0,FMN GV 22 Boechout
7,Victor Heylenlei 41,2021-01-12,02:00:00,0,0,0,FMN GV 22 Boechout
7,Victor Heylenlei 41,2021-01-12,03:00:00,0,0,0,FMN GV 22 Boechout
7,Victor Heylenlei 41,2021-01-12,04:00:00,0,0,0,FMN GV 22 Boechout
7,Victor Heylenlei 41,2021-01-12,05:00:00,5,2,3,FMN GV 22 Boechout
7,Victor Heylenlei 41,2021-01-12,06:00:00,6,3,3,FMN GV 22 Boechout
7,Victor Heylenlei 41,2021-01-12,07:00:00,43,36,7,FMN GV 22 Boechout
7,Victor Heylenlei 41,2021-01-12,08:00:00,62,30,32,FMN GV 22 Boechout
7,Victor Heylenlei 41,2021-01-12,09:00:00,15,12,3,FMN GV 22 Boechout
7,Victor Heylenlei 41,2021-01-12,10:00:00,5,3,2,FMN GV 22 Boechout
7,Victor Heylenlei 41,2021-01-12,11:00:00,10,5,5,FMN GV 22 Boechout
7,Victor Heylenlei 41,2021-01-12,12:00:00,30,14,16,FMN GV 22 Boechout
7,Victor Heylenlei 41,2021-01-12,13:00:00,29,15,14,FMN GV 22 Boechout
7,Victor Heylenlei 41,2021-01-12,14:00:00,37,11,26,FMN GV 22 Boechout
7,Victor Heylenlei 41,2021-01-12,15:00:00,66,32,34,FMN GV 22 Boechout
7,Victor Heylenlei 41,2021-01-12,16:00:00,65,25,40,FMN GV 22 Boechout
7,Victor Heylenlei 41,2021-01-12,17:00:00,52,17,35,FMN GV 22 Boechout
7,Victor Heylenlei 41,2021-01-12,18:00:00,18,5,13,FMN GV 22 Boechout
7,Victor Heylenlei 41,2021-01-12,19:00:00,1,0,1,FMN GV 22 Boechout
7,Victor Heylenlei 41,2021-01-12,20:00:00,8,2,6,FMN GV 22 Boechout
7,Victor Heylenlei 41,2021-01-12,21:00:00,7,2,5,FMN GV 22 Boechout
7,Victor Heylenlei 41,2021-01-12,22:00:00,4,2,2,FMN GV 22 Boechout
7,Victor Heylenlei 41,2021-01-12,23:00:00,2,0,2,FMN GV 22 Boechout
7,Victor Heylenlei 41,2021-01-13,00:00:00,0,0,0,FMN GV 22 Boechout
7,Victor Heylenlei 41,2021-01-13,01:00:00,0,0,0,FMN GV 22 Boechout
7,Victor Heylenlei 41,2021-01-13,02:00:00,0,0,0,FMN GV 22 Boechout
7,Victor Heylenlei 41,2021-01-13,03:00:00,0,0,0,FMN GV 22 Boechout
7,Victor Heylenlei 41,2021-01-13,04:00:00,0,0,0,FMN GV 22 Boechout
7,Victor Heylenlei 41,2021-01-13,05:00:00,1,0,1,FMN GV 22 Boechout
7,Victor Heylenlei 41,2021-01-13,06:00:00,2,1,1,FMN GV 22 Boechout
7,Victor Heylenlei 41,2021-01-13,07:00:00,16,14,2,FMN GV 22 Boechout
7,Victor Heylenlei 41,2021-01-13,08:00:00,33,14,19,FMN GV 22 Boechout
7,Victor Heylenlei 41,2021-01-13,09:00:00,19,7,12,FMN GV 22 Boechout
7,Victor Heylenlei 41,2021-01-13,10:00:00,20,12,8,FMN GV 22 Boechout
7,Victor Heylenlei 41,2021-01-13,11:00:00,30,17,13,FMN GV 22 Boechout
7,Victor Heylenlei 41,2021-01-13,12:00:00,77,45,32,FMN GV 22 Boechout
7,Victor Heylenlei 41,2021-01-13,13:00:00,74,39,35,FMN GV 22 Boechout
7,Victor Heylenlei 41,2021-01-13,14:00:00,53,30,23,FMN GV 22 Boechout
7,Victor Heylenlei 41,2021-01-13,15:00:00,48,19,29,FMN GV 22 Boechout
7,Victor Heylenlei 41,2021-01-13,16:00:00,48,20,28,FMN GV 22 Boechout
7,Victor Heylenlei 41,2021-01-13,17:00:00,40,16,24,FMN GV 22 Boechout
7,Victor Heylenlei 41,2021-01-13,18:00:00,28,12,16,FMN GV 22 Boechout
7,Victor Heylenlei 41,2021-01-13,19:00:00,18,8,10,FMN GV 22 Boechout
7,Victor Heylenlei 41,2021-01-13,20:00:00,9,3,6,FMN GV 22 Boechout
7,Victor Heylenlei 41,2021-01-13,21:00:00,3,1,2,FMN GV 22 Boechout
7,Victor Heylenlei 41,2021-01-13,22:00:00,8,4,4,FMN GV 22 Boechout
7,Victor Heylenlei 41,2021-01-13,23:00:00,1,0,1,FMN GV 22 Boechout
7,Victor Heylenlei 41,2021-01-14,00:00:00,0,0,0,FMN GV 22 Boechout
7,Victor Heylenlei 41,2021-01-14,01:00:00,0,0,0,FMN GV 22 Boechout
7,Victor Heylenlei 41,2021-01-14,02:00:00,0,0,0,FMN GV 22 Boechout
7,Victor Heylenlei 41,2021-01-14,03:00:00,0,0,0,FMN GV 22 Boechout
7,Victor Heylenlei 41,2021-01-14,04:00:00,0,0,0,FMN GV 22 Boechout
7,Victor Heylenlei 41,2021-01-14,05:00:00,3,2,1,FMN GV 22 Boechout
7,Victor Heylenlei 41,2021-01-14,06:00:00,8,6,2,FMN GV 22 Boechout
7,Victor Heylenlei 41,2021-01-14,07:00:00,20,14,6,FMN GV 22 Boechout
7,Victor Heylenlei 41,2021-01-14,08:00:00,34,15,19,FMN GV 22 Boechout
7,Victor Heylenlei 41,2021-01-14,09:00:00,9,3,6,FMN GV 22 Boechout
7,Victor Heylenlei 41,2021-01-14,10:00:00,8,5,3,FMN GV 22 Boechout
7,Victor Heylenlei 41,2021-01-14,11:00:00,14,3,11,FMN GV 22 Boechout
7,Victor Heylenlei 41,2021-01-14,12:00:00,21,10,11,FMN GV 22 Boechout
7,Victor Heylenlei 41,2021-01-14,13:00:00,24,13,11,FMN GV 22 Boechout
7,Victor Heylenlei 41,2021-01-14,14:00:00,26,10,16,FMN GV 22 Boechout
7,Victor Heylenlei 41,2021-01-14,15:00:00,37,14,23,FMN GV 22 Boechout
7,Victor Heylenlei 41,2021-01-14,16:00:00,49,25,24,FMN GV 22 Boechout
7,Victor Heylenlei 41,2021-01-14,17:00:00,28,11,17,FMN GV 22 Boechout
7,Victor Heylenlei 41,2021-01-14,18:00:00,15,4,11,FMN GV 22 Boechout
7,Victor Heylenlei 41,2021-01-14,19:00:00,10,4,6,FMN GV 22 Boechout
7,Victor Heylenlei 41,2021-01-14,20:00:00,5,1,4,FMN GV 22 Boechout
7,Victor Heylenlei 41,2021-01-14,21:00:00,7,4,3,FMN GV 22 Boechout
7,Victor Heylenlei 41,2021-01-14,22:00:00,6,2,4,FMN GV 22 Boechout
7,Victor Heylenlei 41,2021-01-14,23:00:00,3,2,1,FMN GV 22 Boechout
7,Victor Heylenlei 41,2021-01-15,00:00:00,0,0,0,FMN GV 22 Boechout
7,Victor Heylenlei 41,2021-01-15,01:00:00,0,0,0,FMN GV 22 Boechout
7,Victor Heylenlei 41,2021-01-15,02:00:00,0,0,0,FMN GV 22 Boechout
7,Victor Heylenlei 41,2021-01-15,03:00:00,0,0,0,FMN GV 22 Boechout
7,Victor Heylenlei 41,2021-01-15,04:00:00,0,0,0,FMN GV 22 Boechout
7,Victor Heylenlei 41,2021-01-15,05:00:00,2,2,0,FMN GV 22 Boechout
7,Victor Heylenlei 41,2021-01-15,06:00:00,8,5,3,FMN GV 22 Boechout
7,Victor Heylenlei 41,2021-01-15,07:00:00,29,23,6,FMN GV 22 Boechout
7,Victor Heylenlei 41,2021-01-15,08:00:00,27,16,11,FMN GV 22 Boechout
7,Victor Heylenlei 41,2021-01-15,09:00:00,11,4,7,FMN GV 22 Boechout
7,Victor Heylenlei 41,2021-01-15,10:00:00,11,6,5,FMN GV 22 Boechout
7,Victor Heylenlei 41,2021-01-15,11:00:00,12,8,4,FMN GV 22 Boechout
7,Victor Heylenlei 41,2021-01-15,12:00:00,23,13,10,FMN GV 22 Boechout
7,Victor Heylenlei 41,2021-01-15,13:00:00,23,11,12,FMN GV 22 Boechout
7,Victor Heylenlei 41,2021-01-15,14:00:00,47,13,34,FMN GV 22 Boechout
7,Victor Heylenlei 41,2021-01-15,15:00:00,38,18,20,FMN GV 22 Boechout
7,Victor Heylenlei 41,2021-01-15,16:00:00,61,34,27,FMN GV 22 Boechout
7,Victor Heylenlei 41,2021-01-15,17:00:00,66,42,24,FMN GV 22 Boechout
7,Victor Heylenlei 41,2021-01-15,18:00:00,5,4,1,FMN GV 22 Boechout
7,Victor Heylenlei 41,2021-01-15,19:00:00,12,5,7,FMN GV 22 Boechout
7,Victor Heylenlei 41,2021-01-15,20:00:00,7,4,3,FMN GV 22 Boechout
7,Victor Heylenlei 41,2021-01-15,21:00:00,2,1,1,FMN GV 22 Boechout
7,Victor Heylenlei 41,2021-01-15,22:00:00,2,1,1,FMN GV 22 Boechout
7,Victor Heylenlei 41,2021-01-15,23:00:00,3,1,2,FMN GV 22 Boechout
7,Victor Heylenlei 41,2021-01-16,00:00:00,1,0,1,FMN GV 22 Boechout
7,Victor Heylenlei 41,2021-01-16,01:00:00,0,0,0,FMN GV 22 Boechout
7,Victor Heylenlei 41,2021-01-16,02:00:00,0,0,0,FMN GV 22 Boechout
7,Victor Heylenlei 41,2021-01-16,03:00:00,0,0,0,FMN GV 22 Boechout
7,Victor Heylenlei 41,2021-01-16,04:00:00,2,1,1,FMN GV 22 Boechout
7,Victor Heylenlei 41,2021-01-16,05:00:00,1,1,0,FMN GV 22 Boechout
7,Victor Heylenlei 41,2021-01-16,06:00:00,2,0,2,FMN GV 22 Boechout
7,Victor Heylenlei 41,2021-01-16,07:00:00,0,0,0,FMN GV 22 Boechout
7,Victor Heylenlei 41,2021-01-16,08:00:00,2,0,2,FMN GV 22 Boechout
7,Victor Heylenlei 41,2021-01-16,09:00:00,8,4,4,FMN GV 22 Boechout
7,Victor Heylenlei 41,2021-01-16,10:00:00,19,13,6,FMN GV 22 Boechout
7,Victor Heylenlei 41,2021-01-16,11:00:00,34,18,16,FMN GV 22 Boechout
7,Victor Heylenlei 41,2021-01-16,12:00:00,23,9,14,FMN GV 22 Boechout
7,Victor Heylenlei 41,2021-01-16,13:00:00,16,9,7,FMN GV 22 Boechout
7,Victor Heylenlei 41,2021-01-16,14:00:00,9,4,5,FMN GV 22 Boechout
7,Victor Heylenlei 41,2021-01-16,15:00:00,13,5,8,FMN GV 22 Boechout
7,Victor Heylenlei 41,2021-01-16,16:00:00,2,1,1,FMN GV 22 Boechout
7,Victor Heylenlei 41,2021-01-16,17:00:00,3,2,1,FMN GV 22 Boechout
7,Victor Heylenlei 41,2021-01-16,18:00:00,2,0,2,FMN GV 22 Boechout
7,Victor Heylenlei 41,2021-01-16,19:00:00,3,3,0,FMN GV 22 Boechout
7,Victor Heylenlei 41,2021-01-16,20:00:00,4,1,3,FMN GV 22 Boechout
7,Victor Heylenlei 41,2021-01-16,21:00:00,0,0,0,FMN GV 22 Boechout
7,Victor Heylenlei 41,2021-01-16,22:00:00,1,0,1,FMN GV 22 Boechout
7,Victor Heylenlei 41,2021-01-16,23:00:00,0,0,0,FMN GV 22 Boechout
7,Victor Heylenlei 41,2021-01-17,00:00:00,0,0,0,FMN GV 22 Boechout
7,Victor Heylenlei 41,2021-01-17,01:00:00,0,0,0,FMN GV 22 Boechout
7,Victor Heylenlei 41,2021-01-17,02:00:00,1,0,1,FMN GV 22 Boechout
7,Victor Heylenlei 41,2021-01-17,03:00:00,0,0,0,FMN GV 22 Boechout
7,Victor Heylenlei 41,2021-01-17,04:00:00,0,0,0,FMN GV 22 Boechout
7,Victor Heylenlei 41,2021-01-17,05:00:00,0,0,0,FMN GV 22 Boechout
7,Victor Heylenlei 41,2021-01-17,06:00:00,0,0,0,FMN GV 22 Boechout
7,Victor Heylenlei 41,2021-01-17,07:00:00,0,0,0,FMN GV 22 Boechout
7,Victor Heylenlei 41,2021-01-17,08:00:00,1,0,1,FMN GV 22 Boechout
7,Victor Heylenlei 41,2021-01-17,09:00:00,14,5,9,FMN GV 22 Boechout
7,Victor Heylenlei 41,2021-01-17,10:00:00,28,14,14,FMN GV 22 Boechout
7,Victor Heylenlei 41,2021-01-17,11:00:00,35,14,21,FMN GV 22 Boechout
7,Victor Heylenlei 41,2021-01-17,12:00:00,50,20,30,FMN GV 22 Boechout
7,Victor Heylenlei 41,2021-01-17,13:00:00,54,21,33,FMN GV 22 Boechout
7,Victor Heylenlei 41,2021-01-17,14:00:00,54,26,28,FMN GV 22 Boechout
7,Victor Heylenlei 41,2021-01-17,15:00:00,66,29,37,FMN GV 22 Boechout
7,Victor Heylenlei 41,2021-01-17,16:00:00,42,25,17,FMN GV 22 Boechout
7,Victor Heylenlei 41,2021-01-17,17:00:00,18,12,6,FMN GV 22 Boechout
7,Victor Heylenlei 41,2021-01-17,18:00:00,2,1,1,FMN GV 22 Boechout
7,Victor Heylenlei 41,2021-01-17,19:00:00,3,3,0,FMN GV 22 Boechout
7,Victor Heylenlei 41,2021-01-17,20:00:00,3,1,2,FMN GV 22 Boechout
7,Victor Heylenlei 41,2021-01-17,21:00:00,1,1,0,FMN GV 22 Boechout
7,Victor Heylenlei 41,2021-01-17,22:00:00,3,1,2,FMN GV 22 Boechout
7,Victor Heylenlei 41,2021-01-17,23:00:00,0,0,0,FMN GV 22 Boechout
7,Victor Heylenlei 41,2021-01-18,00:00:00,0,0,0,FMN GV 22 Boechout
7,Victor Heylenlei 41,2021-01-18,01:00:00,0,0,0,FMN GV 22 Boechout
7,Victor Heylenlei 41,2021-01-18,02:00:00,0,0,0,FMN GV 22 Boechout
7,Victor Heylenlei 41,2021-01-18,03:00:00,0,0,0,FMN GV 22 Boechout
7,Victor Heylenlei 41,2021-01-18,04:00:00,1,1,0,FMN GV 22 Boechout
7,Victor Heylenlei 41,2021-01-18,05:00:00,2,2,0,FMN GV 22 Boechout
7,Victor Heylenlei 41,2021-01-18,06:00:00,11,9,2,FMN GV 22 Boechout
7,Victor Heylenlei 41,2021-01-18,07:00:00,35,27,8,FMN GV 22 Boechout
7,Victor Heylenlei 41,2021-01-18,08:00:00,38,19,19,FMN GV 22 Boechout
7,Victor Heylenlei 41,2021-01-18,09:00:00,18,9,9,FMN GV 22 Boechout
7,Victor Heylenlei 41,2021-01-18,10:00:00,19,10,9,FMN GV 22 Boechout
7,Victor Heylenlei 41,2021-01-18,11:00:00,21,13,8,FMN GV 22 Boechout
7,Victor Heylenlei 41,2021-01-18,12:00:00,33,16,17,FMN GV 22 Boechout
7,Victor Heylenlei 41,2021-01-18,13:00:00,58,36,22,FMN GV 22 Boechout
7,Victor Heylenlei 41,2021-01-18,14:00:00,54,36,18,FMN GV 22 Boechout
7,Victor Heylenlei 41,2021-01-18,15:00:00,53,20,33,FMN GV 22 Boechout
7,Victor Heylenlei 41,2021-01-18,16:00:00,93,51,42,FMN GV 22 Boechout
7,Victor Heylenlei 41,2021-01-18,17:00:00,49,15,34,FMN GV 22 Boechout
7,Victor Heylenlei 41,2021-01-18,18:00:00,16,4,12,FMN GV 22 Boechout
7,Victor Heylenlei 41,2021-01-18,19:00:00,8,2,6,FMN GV 22 Boechout
7,Victor Heylenlei 41,2021-01-18,20:00:00,13,5,8,FMN GV 22 Boechout
7,Victor Heylenlei 41,2021-01-18,21:00:00,2,1,1,FMN GV 22 Boechout
7,Victor Heylenlei 41,2021-01-18,22:00:00,7,3,4,FMN GV 22 Boechout
7,Victor Heylenlei 41,2021-01-18,23:00:00,5,2,3,FMN GV 22 Boechout
7,Victor Heylenlei 41,2021-01-19,00:00:00,0,0,0,FMN GV 22 Boechout
7,Victor Heylenlei 41,2021-01-19,01:00:00,0,0,0,FMN GV 22 Boechout
7,Victor Heylenlei 41,2021-01-19,02:00:00,0,0,0,FMN GV 22 Boechout
7,Victor Heylenlei 41,2021-01-19,03:00:00,0,0,0,FMN GV 22 Boechout
7,Victor Heylenlei 41,2021-01-19,04:00:00,1,1,0,FMN GV 22 Boechout
7,Victor Heylenlei 41,2021-01-19,05:00:00,3,2,1,FMN GV 22 Boechout
7,Victor Heylenlei 41,2021-01-19,06:00:00,6,6,0,FMN GV 22 Boechout
7,Victor Heylenlei 41,2021-01-19,07:00:00,28,24,4,FMN GV 22 Boechout
7,Victor Heylenlei 41,2021-01-19,08:00:00,50,26,24,FMN GV 22 Boechout
7,Victor Heylenlei 41,2021-01-19,09:00:00,32,17,15,FMN GV 22 Boechout
7,Victor Heylenlei 41,2021-01-19,10:00:00,7,5,2,FMN GV 22 Boechout
7,Victor Heylenlei 41,2021-01-19,11:00:00,10,4,6,FMN GV 22 Boechout
7,Victor Heylenlei 41,2021-01-19,12:00:00,13,4,9,FMN GV 22 Boechout
7,Victor Heylenlei 41,2021-01-19,13:00:00,32,20,12,FMN GV 22 Boechout
7,Victor Heylenlei 41,2021-01-19,14:00:00,25,9,16,FMN GV 22 Boechout
7,Victor Heylenlei 41,2021-01-19,15:00:00,25,12,13,FMN GV 22 Boechout
7,Victor Heylenlei 41,2021-01-19,16:00:00,75,40,35,FMN GV 22 Boechout
7,Victor Heylenlei 41,2021-01-19,17:00:00,32,13,19,FMN GV 22 Boechout
7,Victor Heylenlei 41,2021-01-19,18:00:00,20,9,11,FMN GV 22 Boechout
7,Victor Heylenlei 41,2021-01-19,19:00:00,15,7,8,FMN GV 22 Boechout
7,Victor Heylenlei 41,2021-01-19,20:00:00,22,10,12,FMN GV 22 Boechout
7,Victor Heylenlei 41,2021-01-19,21:00:00,5,2,3,FMN GV 22 Boechout
7,Victor Heylenlei 41,2021-01-19,22:00:00,3,1,2,FMN GV 22 Boechout
7,Victor Heylenlei 41,2021-01-19,23:00:00,2,1,1,FMN GV 22 Boechout
7,Victor Heylenlei 41,2021-01-20,00:00:00,0,0,0,FMN GV 22 Boechout
7,Victor Heylenlei 41,2021-01-20,01:00:00,0,0,0,FMN GV 22 Boechout
7,Victor Heylenlei 41,2021-01-20,02:00:00,0,0,0,FMN GV 22 Boechout
7,Victor Heylenlei 41,2021-01-20,03:00:00,0,0,0,FMN GV 22 Boechout
7,Victor Heylenlei 41,2021-01-20,04:00:00,1,1,0,FMN GV 22 Boechout
7,Victor Heylenlei 41,2021-01-20,05:00:00,6,4,2,FMN GV 22 Boechout
7,Victor Heylenlei 41,2021-01-20,06:00:00,13,10,3,FMN GV 22 Boechout
7,Victor Heylenlei 41,2021-01-20,07:00:00,61,43,18,FMN GV 22 Boechout
7,Victor Heylenlei 41,2021-01-20,08:00:00,78,27,51,FMN GV 22 Boechout
7,Victor Heylenlei 41,2021-01-20,09:00:00,18,6,12,FMN GV 22 Boechout
7,Victor Heylenlei 41,2021-01-20,10:00:00,22,9,13,FMN GV 22 Boechout
7,Victor Heylenlei 41,2021-01-20,11:00:00,19,5,14,FMN GV 22 Boechout
7,Victor Heylenlei 41,2021-01-20,12:00:00,67,37,30,FMN GV 22 Boechout
7,Victor Heylenlei 41,2021-01-20,13:00:00,52,12,40,FMN GV 22 Boechout
7,Victor Heylenlei 41,2021-01-20,14:00:00,47,10,37,FMN GV 22 Boechout
7,Victor Heylenlei 41,2021-01-20,15:00:00,53,17,36,FMN GV 22 Boechout
7,Victor Heylenlei 41,2021-01-20,16:00:00,57,15,42,FMN GV 22 Boechout
7,Victor Heylenlei 41,2021-01-20,17:00:00,44,12,32,FMN GV 22 Boechout
7,Victor Heylenlei 41,2021-01-20,18:00:00,26,4,22,FMN GV 22 Boechout
7,Victor Heylenlei 41,2021-01-20,19:00:00,28,8,20,FMN GV 22 Boechout
7,Victor Heylenlei 41,2021-01-20,20:00:00,11,4,7,FMN GV 22 Boechout
7,Victor Heylenlei 41,2021-01-20,21:00:00,12,8,4,FMN GV 22 Boechout
7,Victor Heylenlei 41,2021-01-20,22:00:00,6,2,4,FMN GV 22 Boechout
7,Victor Heylenlei 41,2021-01-20,23:00:00,5,4,1,FMN GV 22 Boechout
7,Victor Heylenlei 41,2021-01-21,00:00:00,0,0,0,FMN GV 22 Boechout
7,Victor Heylenlei 41,2021-01-21,01:00:00,0,0,0,FMN GV 22 Boechout
7,Victor Heylenlei 41,2021-01-21,02:00:00,0,0,0,FMN GV 22 Boechout
7,Victor Heylenlei 41,2021-01-21,03:00:00,0,0,0,FMN GV 22 Boechout
7,Victor Heylenlei 41,2021-01-21,04:00:00,2,2,0,FMN GV 22 Boechout
7,Victor Heylenlei 41,2021-01-21,05:00:00,4,3,1,FMN GV 22 Boechout
7,Victor Heylenlei 41,2021-01-21,06:00:00,10,5,5,FMN GV 22 Boechout
7,Victor Heylenlei 41,2021-01-21,07:00:00,48,34,14,FMN GV 22 Boechout
7,Victor Heylenlei 41,2021-01-21,08:00:00,57,27,30,FMN GV 22 Boechout
7,Victor Heylenlei 41,2021-01-21,09:00:00,28,10,18,FMN GV 22 Boechout
7,Victor Heylenlei 41,2021-01-21,10:00:00,31,13,18,FMN GV 22 Boechout
7,Victor Heylenlei 41,2021-01-21,11:00:00,36,21,15,FMN GV 22 Boechout
7,Victor Heylenlei 41,2021-01-21,12:00:00,24,9,15,FMN GV 22 Boechout
7,Victor Heylenlei 41,2021-01-21,13:00:00,84,46,38,FMN GV 22 Boechout
7,Victor Heylenlei 41,2021-01-21,14:00:00,41,17,24,FMN GV 22 Boechout
7,Victor Heylenlei 41,2021-01-21,15:00:00,40,14,26,FMN GV 22 Boechout
7,Victor Heylenlei 41,2021-01-21,16:00:00,105,61,44,FMN GV 22 Boechout
7,Victor Heylenlei 41,2021-01-21,17:00:00,41,15,26,FMN GV 22 Boechout
7,Victor Heylenlei 41,2021-01-21,18:00:00,23,7,16,FMN GV 22 Boechout
7,Victor Heylenlei 41,2021-01-21,19:00:00,6,2,4,FMN GV 22 Boechout
7,Victor Heylenlei 41,2021-01-21,20:00:00,5,3,2,FMN GV 22 Boechout
7,Victor Heylenlei 41,2021-01-21,21:00:00,5,1,4,FMN GV 22 Boechout
7,Victor Heylenlei 41,2021-01-21,22:00:00,6,1,5,FMN GV 22 Boechout
7,Victor Heylenlei 41,2021-01-21,23:00:00,2,1,1,FMN GV 22 Boechout
7,Victor Heylenlei 41,2021-01-22,00:00:00,0,0,0,FMN GV 22 Boechout
7,Victor Heylenlei 41,2021-01-22,01:00:00,1,0,1,FMN GV 22 Boechout
7,Victor Heylenlei 41,2021-01-22,02:00:00,0,0,0,FMN GV 22 Boechout
7,Victor Heylenlei 41,2021-01-22,03:00:00,0,0,0,FMN GV 22 Boechout
7,Victor Heylenlei 41,2021-01-22,04:00:00,1,1,0,FMN GV 22 Boechout
7,Victor Heylenlei 41,2021-01-22,05:00:00,3,2,1,FMN GV 22 Boechout
7,Victor Heylenlei 41,2021-01-22,06:00:00,10,8,2,FMN GV 22 Boechout
7,Victor Heylenlei 41,2021-01-22,07:00:00,42,27,15,FMN GV 22 Boechout
7,Victor Heylenlei 41,2021-01-22,08:00:00,39,15,24,FMN GV 22 Boechout
7,Victor Heylenlei 41,2021-01-22,09:00:00,21,8,13,FMN GV 22 Boechout
7,Victor Heylenlei 41,2021-01-22,10:00:00,16,5,11,FMN GV 22 Boechout
7,Victor Heylenlei 41,2021-01-22,11:00:00,38,17,21,FMN GV 22 Boechout
7,Victor Heylenlei 41,2021-01-22,12:00:00,33,14,19,FMN GV 22 Boechout
7,Victor Heylenlei 41,2021-01-22,13:00:00,88,53,35,FMN GV 22 Boechout
7,Victor Heylenlei 41,2021-01-22,14:00:00,93,31,62,FMN GV 22 Boechout
7,Victor Heylenlei 41,2021-01-22,15:00:00,81,33,48,FMN GV 22 Boechout
7,Victor Heylenlei 41,2021-01-22,16:00:00,85,47,38,FMN GV 22 Boechout
7,Victor Heylenlei 41,2021-01-22,17:00:00,37,16,21,FMN GV 22 Boechout
7,Victor Heylenlei 41,2021-01-22,18:00:00,12,3,9,FMN GV 22 Boechout
7,Victor Heylenlei 41,2021-01-22,19:00:00,17,6,11,FMN GV 22 Boechout
7,Victor Heylenlei 41,2021-01-22,20:00:00,66,29,37,FMN GV 22 Boechout
7,Victor Heylenlei 41,2021-01-22,21:00:00,2,0,2,FMN GV 22 Boechout
7,Victor Heylenlei 41,2021-01-22,22:00:00,11,5,6,FMN GV 22 Boechout
7,Victor Heylenlei 41,2021-01-22,23:00:00,4,2,2,FMN GV 22 Boechout
7,Victor Heylenlei 41,2021-01-23,00:00:00,0,0,0,FMN GV 22 Boechout
7,Victor Heylenlei 41,2021-01-23,01:00:00,0,0,0,FMN GV 22 Boechout
7,Victor Heylenlei 41,2021-01-23,02:00:00,0,0,0,FMN GV 22 Boechout
7,Victor Heylenlei 41,2021-01-23,03:00:00,1,1,0,FMN GV 22 Boechout
7,Victor Heylenlei 41,2021-01-23,04:00:00,1,0,1,FMN GV 22 Boechout
7,Victor Heylenlei 41,2021-01-23,05:00:00,0,0,0,FMN GV 22 Boechout
7,Victor Heylenlei 41,2021-01-23,06:00:00,0,0,0,FMN GV 22 Boechout
7,Victor Heylenlei 41,2021-01-23,07:00:00,0,0,0,FMN GV 22 Boechout
7,Victor Heylenlei 41,2021-01-23,08:00:00,4,1,3,FMN GV 22 Boechout
7,Victor Heylenlei 41,2021-01-23,09:00:00,8,1,7,FMN GV 22 Boechout
7,Victor Heylenlei 41,2021-01-23,10:00:00,18,5,13,FMN GV 22 Boechout
7,Victor Heylenlei 41,2021-01-23,11:00:00,31,11,20,FMN GV 22 Boechout
7,Victor Heylenlei 41,2021-01-23,12:00:00,25,6,19,FMN GV 22 Boechout
7,Victor Heylenlei 41,2021-01-23,13:00:00,46,19,27,FMN GV 22 Boechout
7,Victor Heylenlei 41,2021-01-23,14:00:00,80,40,40,FMN GV 22 Boechout
7,Victor Heylenlei 41,2021-01-23,15:00:00,24,10,14,FMN GV 22 Boechout
7,Victor Heylenlei 41,2021-01-23,16:00:00,11,7,4,FMN GV 22 Boechout
7,Victor Heylenlei 41,2021-01-23,17:00:00,3,1,2,FMN GV 22 Boechout
7,Victor Heylenlei 41,2021-01-23,18:00:00,3,2,1,FMN GV 22 Boechout
7,Victor Heylenlei 41,2021-01-23,19:00:00,3,1,2,FMN GV 22 Boechout
7,Victor Heylenlei 41,2021-01-23,20:00:00,0,0,0,FMN GV 22 Boechout
7,Victor Heylenlei 41,2021-01-23,21:00:00,3,2,1,FMN GV 22 Boechout
7,Victor Heylenlei 41,2021-01-23,22:00:00,0,0,0,FMN GV 22 Boechout
7,Victor Heylenlei 41,2021-01-23,23:00:00,1,1,0,FMN GV 22 Boechout
7,Victor Heylenlei 41,2021-01-24,00:00:00,1,1,0,FMN GV 22 Boechout
7,Victor Heylenlei 41,2021-01-24,01:00:00,0,0,0,FMN GV 22 Boechout
7,Victor Heylenlei 41,2021-01-24,02:00:00,0,0,0,FMN GV 22 Boechout
7,Victor Heylenlei 41,2021-01-24,03:00:00,0,0,0,FMN GV 22 Boechout
7,Victor Heylenlei 41,2021-01-24,04:00:00,0,0,0,FMN GV 22 Boechout
7,Victor Heylenlei 41,2021-01-24,05:00:00,1,0,1,FMN GV 22 Boechout
7,Victor Heylenlei 41,2021-01-24,06:00:00,0,0,0,FMN GV 22 Boechout
7,Victor Heylenlei 41,2021-01-24,07:00:00,1,0,1,FMN GV 22 Boechout
7,Victor Heylenlei 41,2021-01-24,08:00:00,1,0,1,FMN GV 22 Boechout
7,Victor Heylenlei 41,2021-01-24,09:00:00,13,7,6,FMN GV 22 Boechout
7,Victor Heylenlei 41,2021-01-24,10:00:00,69,34,35,FMN GV 22 Boechout
7,Victor Heylenlei 41,2021-01-24,11:00:00,76,44,32,FMN GV 22 Boechout
7,Victor Heylenlei 41,2021-01-24,12:00:00,70,39,31,FMN GV 22 Boechout
7,Victor Heylenlei 41,2021-01-24,13:00:00,79,42,37,FMN GV 22 Boechout
7,Victor Heylenlei 41,2021-01-24,14:00:00,48,22,26,FMN GV 22 Boechout
7,Victor Heylenlei 41,2021-01-24,15:00:00,55,31,24,FMN GV 22 Boechout
7,Victor Heylenlei 41,2021-01-24,16:00:00,28,19,9,FMN GV 22 Boechout
7,Victor Heylenlei 41,2021-01-24,17:00:00,14,10,4,FMN GV 22 Boechout
7,Victor Heylenlei 41,2021-01-24,18:00:00,6,1,5,FMN GV 22 Boechout
7,Victor Heylenlei 41,2021-01-24,19:00:00,5,3,2,FMN GV 22 Boechout
7,Victor Heylenlei 41,2021-01-24,20:00:00,7,2,5,FMN GV 22 Boechout
7,Victor Heylenlei 41,2021-01-24,21:00:00,2,1,1,FMN GV 22 Boechout
7,Victor Heylenlei 41,2021-01-24,22:00:00,0,0,0,FMN GV 22 Boechout
7,Victor Heylenlei 41,2021-01-24,23:00:00,1,1,0,FMN GV 22 Boechout
7,Victor Heylenlei 41,2021-01-25,00:00:00,0,0,0,FMN GV 22 Boechout
7,Victor Heylenlei 41,2021-01-25,01:00:00,0,0,0,FMN GV 22 Boechout
7,Victor Heylenlei 41,2021-01-25,02:00:00,0,0,0,FMN GV 22 Boechout
7,Victor Heylenlei 41,2021-01-25,03:00:00,0,0,0,FMN GV 22 Boechout
7,Victor Heylenlei 41,2021-01-25,04:00:00,1,1,0,FMN GV 22 Boechout
7,Victor Heylenlei 41,2021-01-25,05:00:00,3,2,1,FMN GV 22 Boechout
7,Victor Heylenlei 41,2021-01-25,06:00:00,7,7,0,FMN GV 22 Boechout
7,Victor Heylenlei 41,2021-01-25,07:00:00,43,33,10,FMN GV 22 Boechout
7,Victor Heylenlei 41,2021-01-25,08:00:00,39,17,22,FMN GV 22 Boechout
7,Victor Heylenlei 41,2021-01-25,09:00:00,16,7,9,FMN GV 22 Boechout
7,Victor Heylenlei 41,2021-01-25,10:00:00,18,5,13,FMN GV 22 Boechout
7,Victor Heylenlei 41,2021-01-25,11:00:00,24,12,12,FMN GV 22 Boechout
7,Victor Heylenlei 41,2021-01-25,12:00:00,56,32,24,FMN GV 22 Boechout
7,Victor Heylenlei 41,2021-01-25,13:00:00,59,28,31,FMN GV 22 Boechout
7,Victor Heylenlei 41,2021-01-25,14:00:00,99,42,57,FMN GV 22 Boechout
7,Victor Heylenlei 41,2021-01-25,15:00:00,82,44,38,FMN GV 22 Boechout
7,Victor Heylenlei 41,2021-01-25,16:00:00,71,30,41,FMN GV 22 Boechout
7,Victor Heylenlei 41,2021-01-25,17:00:00,52,25,27,FMN GV 22 Boechout
7,Victor Heylenlei 41,2021-01-25,18:00:00,15,3,12,FMN GV 22 Boechout
7,Victor Heylenlei 41,2021-01-25,19:00:00,8,2,6,FMN GV 22 Boechout
7,Victor Heylenlei 41,2021-01-25,20:00:00,6,4,2,FMN GV 22 Boechout
7,Victor Heylenlei 41,2021-01-25,21:00:00,9,3,6,FMN GV 22 Boechout
7,Victor Heylenlei 41,2021-01-25,22:00:00,1,0,1,FMN GV 22 Boechout
7,Victor Heylenlei 41,2021-01-25,23:00:00,1,1,0,FMN GV 22 Boechout
7,Victor Heylenlei 41,2021-01-26,00:00:00,1,0,1,FMN GV 22 Boechout
7,Victor Heylenlei 41,2021-01-26,01:00:00,0,0,0,FMN GV 22 Boechout
7,Victor Heylenlei 41,2021-01-26,02:00:00,0,0,0,FMN GV 22 Boechout
7,Victor Heylenlei 41,2021-01-26,03:00:00,0,0,0,FMN GV 22 Boechout
7,Victor Heylenlei 41,2021-01-26,04:00:00,2,2,0,FMN GV 22 Boechout
7,Victor Heylenlei 41,2021-01-26,05:00:00,4,3,1,FMN GV 22 Boechout
7,Victor Heylenlei 41,2021-01-26,06:00:00,7,5,2,FMN GV 22 Boechout
7,Victor Heylenlei 41,2021-01-26,07:00:00,44,40,4,FMN GV 22 Boechout
7,Victor Heylenlei 41,2021-01-26,08:00:00,67,27,40,FMN GV 22 Boechout
7,Victor Heylenlei 41,2021-01-26,09:00:00,17,13,4,FMN GV 22 Boechout
7,Victor Heylenlei 41,2021-01-26,10:00:00,27,6,21,FMN GV 22 Boechout
7,Victor Heylenlei 41,2021-01-26,11:00:00,44,25,19,FMN GV 22 Boechout
7,Victor Heylenlei 41,2021-01-26,12:00:00,80,43,37,FMN GV 22 Boechout
7,Victor Heylenlei 41,2021-01-26,13:00:00,80,34,46,FMN GV 22 Boechout
7,Victor Heylenlei 41,2021-01-26,14:00:00,89,36,53,FMN GV 22 Boechout
7,Victor Heylenlei 41,2021-01-26,15:00:00,83,51,32,FMN GV 22 Boechout
7,Victor Heylenlei 41,2021-01-26,16:00:00,91,57,34,FMN GV 22 Boechout
7,Victor Heylenlei 41,2021-01-26,17:00:00,46,20,26,FMN GV 22 Boechout
7,Victor Heylenlei 41,2021-01-26,18:00:00,25,6,19,FMN GV 22 Boechout
7,Victor Heylenlei 41,2021-01-26,19:00:00,16,7,9,FMN GV 22 Boechout
7,Victor Heylenlei 41,2021-01-26,20:00:00,10,3,7,FMN GV 22 Boechout
7,Victor Heylenlei 41,2021-01-26,21:00:00,5,2,3,FMN GV 22 Boechout
7,Victor Heylenlei 41,2021-01-26,22:00:00,4,2,2,FMN GV 22 Boechout
7,Victor Heylenlei 41,2021-01-26,23:00:00,6,2,4,FMN GV 22 Boechout
7,Victor Heylenlei 41,2021-01-27,00:00:00,0,0,0,FMN GV 22 Boechout
7,Victor Heylenlei 41,2021-01-27,01:00:00,0,0,0,FMN GV 22 Boechout
7,Victor Heylenlei 41,2021-01-27,02:00:00,0,0,0,FMN GV 22 Boechout
7,Victor Heylenlei 41,2021-01-27,03:00:00,0,0,0,FMN GV 22 Boechout
7,Victor Heylenlei 41,2021-01-27,04:00:00,0,0,0,FMN GV 22 Boechout
7,Victor Heylenlei 41,2021-01-27,05:00:00,3,3,0,FMN GV 22 Boechout
7,Victor Heylenlei 41,2021-01-27,06:00:00,6,3,3,FMN GV 22 Boechout
7,Victor Heylenlei 41,2021-01-27,07:00:00,25,17,8,FMN GV 22 Boechout
7,Victor Heylenlei 41,2021-01-27,08:00:00,22,13,9,FMN GV 22 Boechout
7,Victor Heylenlei 41,2021-01-27,09:00:00,13,3,10,FMN GV 22 Boechout
7,Victor Heylenlei 41,2021-01-27,10:00:00,11,8,3,FMN GV 22 Boechout
7,Victor Heylenlei 41,2021-01-27,11:00:00,16,8,8,FMN GV 22 Boechout
7,Victor Heylenlei 41,2021-01-27,12:00:00,48,29,19,FMN GV 22 Boechout
7,Victor Heylenlei 41,2021-01-27,13:00:00,36,17,19,FMN GV 22 Boechout
7,Victor Heylenlei 41,2021-01-27,14:00:00,30,17,13,FMN GV 22 Boechout
7,Victor Heylenlei 41,2021-01-27,15:00:00,34,13,21,FMN GV 22 Boechout
7,Victor Heylenlei 41,2021-01-27,16:00:00,39,17,22,FMN GV 22 Boechout
7,Victor Heylenlei 41,2021-01-27,17:00:00,45,20,25,FMN GV 22 Boechout
7,Victor Heylenlei 41,2021-01-27,18:00:00,23,10,13,FMN GV 22 Boechout
7,Victor Heylenlei 41,2021-01-27,19:00:00,16,3,13,FMN GV 22 Boechout
7,Victor Heylenlei 41,2021-01-27,20:00:00,11,5,6,FMN GV 22 Boechout
7,Victor Heylenlei 41,2021-01-27,21:00:00,6,5,1,FMN GV 22 Boechout
7,Victor Heylenlei 41,2021-01-27,22:00:00,5,3,2,FMN GV 22 Boechout
7,Victor Heylenlei 41,2021-01-27,23:00:00,55,29,26,FMN GV 22 Boechout
7,Victor Heylenlei 41,2021-01-28,00:00:00,0,0,0,FMN GV 22 Boechout
7,Victor Heylenlei 41,2021-01-28,01:00:00,0,0,0,FMN GV 22 Boechout
7,Victor Heylenlei 41,2021-01-28,02:00:00,0,0,0,FMN GV 22 Boechout
7,Victor Heylenlei 41,2021-01-28,03:00:00,0,0,0,FMN GV 22 Boechout
7,Victor Heylenlei 41,2021-01-28,04:00:00,0,0,0,FMN GV 22 Boechout
7,Victor Heylenlei 41,2021-01-28,05:00:00,3,2,1,FMN GV 22 Boechout
7,Victor Heylenlei 41,2021-01-28,06:00:00,8,1,7,FMN GV 22 Boechout
7,Victor Heylenlei 41,2021-01-28,07:00:00,20,3,17,FMN GV 22 Boechout
7,Victor Heylenlei 41,2021-01-28,08:00:00,41,19,22,FMN GV 22 Boechout
7,Victor Heylenlei 41,2021-01-28,09:00:00,13,6,7,FMN GV 22 Boechout
7,Victor Heylenlei 41,2021-01-28,10:00:00,6,2,4,FMN GV 22 Boechout
7,Victor Heylenlei 41,2021-01-28,11:00:00,3,1,2,FMN GV 22 Boechout
7,Victor Heylenlei 41,2021-01-28,12:00:00,16,8,8,FMN GV 22 Boechout
7,Victor Heylenlei 41,2021-01-28,13:00:00,28,14,14,FMN GV 22 Boechout
7,Victor Heylenlei 41,2021-01-28,14:00:00,18,6,12,FMN GV 22 Boechout
7,Victor Heylenlei 41,2021-01-28,15:00:00,20,6,14,FMN GV 22 Boechout
7,Victor Heylenlei 41,2021-01-28,16:00:00,66,31,35,FMN GV 22 Boechout
7,Victor Heylenlei 41,2021-01-28,17:00:00,31,7,24,FMN GV 22 Boechout
7,Victor Heylenlei 41,2021-01-28,18:00:00,19,4,15,FMN GV 22 Boechout
7,Victor Heylenlei 41,2021-01-28,19:00:00,17,4,13,FMN GV 22 Boechout
7,Victor Heylenlei 41,2021-01-28,20:00:00,16,7,9,FMN GV 22 Boechout
7,Victor Heylenlei 41,2021-01-28,21:00:00,9,5,4,FMN GV 22 Boechout
7,Victor Heylenlei 41,2021-01-28,22:00:00,5,3,2,FMN GV 22 Boechout
7,Victor Heylenlei 41,2021-01-28,23:00:00,10,8,2,FMN GV 22 Boechout
7,Victor Heylenlei 41,2021-01-29,00:00:00,1,1,0,FMN GV 22 Boechout
7,Victor Heylenlei 41,2021-01-29,01:00:00,0,0,0,FMN GV 22 Boechout
7,Victor Heylenlei 41,2021-01-29,02:00:00,0,0,0,FMN GV 22 Boechout
7,Victor Heylenlei 41,2021-01-29,03:00:00,0,0,0,FMN GV 22 Boechout
7,Victor Heylenlei 41,2021-01-29,04:00:00,1,1,0,FMN GV 22 Boechout
7,Victor Heylenlei 41,2021-01-29,05:00:00,5,3,2,FMN GV 22 Boechout
7,Victor Heylenlei 41,2021-01-29,06:00:00,16,11,5,FMN GV 22 Boechout
7,Victor Heylenlei 41,2021-01-29,07:00:00,49,38,11,FMN GV 22 Boechout
7,Victor Heylenlei 41,2021-01-29,08:00:00,39,22,17,FMN GV 22 Boechout
7,Victor Heylenlei 41,2021-01-29,09:00:00,16,8,8,FMN GV 22 Boechout
7,Victor Heylenlei 41,2021-01-29,10:00:00,34,21,13,FMN GV 22 Boechout
7,Victor Heylenlei 41,2021-01-29,11:00:00,34,21,13,FMN GV 22 Boechout
7,Victor Heylenlei 41,2021-01-29,12:00:00,54,20,34,FMN GV 22 Boechout
7,Victor Heylenlei 41,2021-01-29,13:00:00,32,14,18,FMN GV 22 Boechout
7,Victor Heylenlei 41,2021-01-29,14:00:00,29,16,13,FMN GV 22 Boechout
7,Victor Heylenlei 41,2021-01-29,15:00:00,56,26,30,FMN GV 22 Boechout
7,Victor Heylenlei 41,2021-01-29,16:00:00,71,27,44,FMN GV 22 Boechout
7,Victor Heylenlei 41,2021-01-29,17:00:00,41,25,16,FMN GV 22 Boechout
7,Victor Heylenlei 41,2021-01-29,18:00:00,24,9,15,FMN GV 22 Boechout
7,Victor Heylenlei 41,2021-01-29,19:00:00,13,3,10,FMN GV 22 Boechout
7,Victor Heylenlei 41,2021-01-29,20:00:00,16,6,10,FMN GV 22 Boechout
7,Victor Heylenlei 41,2021-01-29,21:00:00,3,1,2,FMN GV 22 Boechout
7,Victor Heylenlei 41,2021-01-29,22:00:00,6,1,5,FMN GV 22 Boechout
7,Victor Heylenlei 41,2021-01-29,23:00:00,15,12,3,FMN GV 22 Boechout
7,Victor Heylenlei 41,2021-01-30,00:00:00,0,0,0,FMN GV 22 Boechout
7,Victor Heylenlei 41,2021-01-30,01:00:00,1,0,1,FMN GV 22 Boechout
7,Victor Heylenlei 41,2021-01-30,02:00:00,0,0,0,FMN GV 22 Boechout
7,Victor Heylenlei 41,2021-01-30,03:00:00,0,0,0,FMN GV 22 Boechout
7,Victor Heylenlei 41,2021-01-30,04:00:00,0,0,0,FMN GV 22 Boechout
7,Victor Heylenlei 41,2021-01-30,05:00:00,0,0,0,FMN GV 22 Boechout
7,Victor Heylenlei 41,2021-01-30,06:00:00,0,0,0,FMN GV 22 Boechout
7,Victor Heylenlei 41,2021-01-30,07:00:00,2,0,2,FMN GV 22 Boechout
7,Victor Heylenlei 41,2021-01-30,08:00:00,2,1,1,FMN GV 22 Boechout
7,Victor Heylenlei 41,2021-01-30,09:00:00,5,3,2,FMN GV 22 Boechout
7,Victor Heylenlei 41,2021-01-30,10:00:00,6,2,4,FMN GV 22 Boechout
7,Victor Heylenlei 41,2021-01-30,11:00:00,7,2,5,FMN GV 22 Boechout
7,Victor Heylenlei 41,2021-01-30,12:00:00,7,3,4,FMN GV 22 Boechout
7,Victor Heylenlei 41,2021-01-30,13:00:00,4,2,2,FMN GV 22 Boechout
7,Victor Heylenlei 41,2021-01-30,14:00:00,26,11,15,FMN GV 22 Boechout
7,Victor Heylenlei 41,2021-01-30,15:00:00,12,7,5,FMN GV 22 Boechout
7,Victor Heylenlei 41,2021-01-30,16:00:00,7,3,4,FMN GV 22 Boechout
7,Victor Heylenlei 41,2021-01-30,17:00:00,14,10,4,FMN GV 22 Boechout
7,Victor Heylenlei 41,2021-01-30,18:00:00,3,2,1,FMN GV 22 Boechout
7,Victor Heylenlei 41,2021-01-30,19:00:00,6,3,3,FMN GV 22 Boechout
7,Victor Heylenlei 41,2021-01-30,20:00:00,4,2,2,FMN GV 22 Boechout
7,Victor Heylenlei 41,2021-01-30,21:00:00,0,0,0,FMN GV 22 Boechout
7,Victor Heylenlei 41,2021-01-30,22:00:00,0,0,0,FMN GV 22 Boechout
7,Victor Heylenlei 41,2021-01-30,23:00:00,3,2,1,FMN GV 22 Boechout
7,Victor Heylenlei 41,2021-01-31,00:00:00,1,0,1,FMN GV 22 Boechout
7,Victor Heylenlei 41,2021-01-31,01:00:00,3,2,1,FMN GV 22 Boechout
7,Victor Heylenlei 41,2021-01-31,02:00:00,0,0,0,FMN GV 22 Boechout
7,Victor Heylenlei 41,2021-01-31,03:00:00,0,0,0,FMN GV 22 Boechout
7,Victor Heylenlei 41,2021-01-31,04:00:00,0,0,0,FMN GV 22 Boechout
7,Victor Heylenlei 41,2021-01-31,05:00:00,1,1,0,FMN GV 22 Boechout
7,Victor Heylenlei 41,2021-01-31,06:00:00,0,0,0,FMN GV 22 Boechout
7,Victor Heylenlei 41,2021-01-31,07:00:00,1,0,1,FMN GV 22 Boechout
7,Victor Heylenlei 41,2021-01-31,08:00:00,0,0,0,FMN GV 22 Boechout
7,Victor Heylenlei 41,2021-01-31,09:00:00,5,2,3,FMN GV 22 Boechout
7,Victor Heylenlei 41,2021-01-31,10:00:00,20,6,14,FMN GV 22 Boechout
7,Victor Heylenlei 41,2021-01-31,11:00:00,56,19,37,FMN GV 22 Boechout
7,Victor Heylenlei 41,2021-01-31,12:00:00,69,29,40,FMN GV 22 Boechout
7,Victor Heylenlei 41,2021-01-31,13:00:00,81,47,34,FMN GV 22 Boechout
7,Victor Heylenlei 41,2021-01-31,14:00:00,111,55,56,FMN GV 22 Boechout
7,Victor Heylenlei 41,2021-01-31,15:00:00,65,28,37,FMN GV 22 Boechout
7,Victor Heylenlei 41,2021-01-31,16:00:00,21,13,8,FMN GV 22 Boechout
7,Victor Heylenlei 41,2021-01-31,17:00:00,15,7,8,FMN GV 22 Boechout
7,Victor Heylenlei 41,2021-01-31,18:00:00,7,4,3,FMN GV 22 Boechout
7,Victor Heylenlei 41,2021-01-31,19:00:00,5,1,4,FMN GV 22 Boechout
7,Victor Heylenlei 41,2021-01-31,20:00:00,1,1,0,FMN GV 22 Boechout
7,Victor Heylenlei 41,2021-01-31,21:00:00,1,1,0,FMN GV 22 Boechout
7,Victor Heylenlei 41,2021-01-31,22:00:00,6,1,5,FMN GV 22 Boechout
7,Victor Heylenlei 41,2021-01-31,23:00:00,0,0,0,FMN GV 22 Boechout
7,Victor Heylenlei 41,2021-02-01,00:00:00,0,0,0,FMN GV 22 Boechout
7,Victor Heylenlei 41,2021-02-01,01:00:00,0,0,0,FMN GV 22 Boechout
7,Victor Heylenlei 41,2021-02-01,02:00:00,0,0,0,FMN GV 22 Boechout
7,Victor Heylenlei 41,2021-02-01,03:00:00,0,0,0,FMN GV 22 Boechout
7,Victor Heylenlei 41,2021-02-01,04:00:00,0,0,0,FMN GV 22 Boechout
7,Victor Heylenlei 41,2021-02-01,05:00:00,6,5,1,FMN GV 22 Boechout
7,Victor Heylenlei 41,2021-02-01,06:00:00,7,6,1,FMN GV 22 Boechout
7,Victor Heylenlei 41,2021-02-01,07:00:00,40,30,10,FMN GV 22 Boechout
7,Victor Heylenlei 41,2021-02-01,08:00:00,41,20,21,FMN GV 22 Boechout
7,Victor Heylenlei 41,2021-02-01,09:00:00,18,10,8,FMN GV 22 Boechout
7,Victor Heylenlei 41,2021-02-01,10:00:00,18,8,10,FMN GV 22 Boechout
7,Victor Heylenlei 41,2021-02-01,11:00:00,22,17,5,FMN GV 22 Boechout
7,Victor Heylenlei 41,2021-02-01,12:00:00,18,11,7,FMN GV 22 Boechout
7,Victor Heylenlei 41,2021-02-01,13:00:00,49,39,10,FMN GV 22 Boechout
7,Victor Heylenlei 41,2021-02-01,14:00:00,23,15,8,FMN GV 22 Boechout
7,Victor Heylenlei 41,2021-02-01,15:00:00,33,15,18,FMN GV 22 Boechout
7,Victor Heylenlei 41,2021-02-01,16:00:00,83,56,27,FMN GV 22 Boechout
7,Victor Heylenlei 41,2021-02-01,17:00:00,34,16,18,FMN GV 22 Boechout
7,Victor Heylenlei 41,2021-02-01,18:00:00,15,8,7,FMN GV 22 Boechout
7,Victor Heylenlei 41,2021-02-01,19:00:00,10,4,6,FMN GV 22 Boechout
7,Victor Heylenlei 41,2021-02-01,20:00:00,9,2,7,FMN GV 22 Boechout
7,Victor Heylenlei 41,2021-02-01,21:00:00,8,4,4,FMN GV 22 Boechout
7,Victor Heylenlei 41,2021-02-01,22:00:00,5,1,4,FMN GV 22 Boechout
7,Victor Heylenlei 41,2021-02-01,23:00:00,2,2,0,FMN GV 22 Boechout
7,Victor Heylenlei 41,2021-02-02,00:00:00,0,0,0,FMN GV 22 Boechout
7,Victor Heylenlei 41,2021-02-02,01:00:00,0,0,0,FMN GV 22 Boechout
7,Victor Heylenlei 41,2021-02-02,02:00:00,0,0,0,FMN GV 22 Boechout
7,Victor Heylenlei 41,2021-02-02,03:00:00,0,0,0,FMN GV 22 Boechout
7,Victor Heylenlei 41,2021-02-02,04:00:00,0,0,0,FMN GV 22 Boechout
7,Victor Heylenlei 41,2021-02-02,05:00:00,7,5,2,FMN GV 22 Boechout
7,Victor Heylenlei 41,2021-02-02,06:00:00,10,8,2,FMN GV 22 Boechout
7,Victor Heylenlei 41,2021-02-02,07:00:00,32,28,4,FMN GV 22 Boechout
7,Victor Heylenlei 41,2021-02-02,08:00:00,43,22,21,FMN GV 22 Boechout
7,Victor Heylenlei 41,2021-02-02,09:00:00,17,7,10,FMN GV 22 Boechout
7,Victor Heylenlei 41,2021-02-02,10:00:00,6,6,0,FMN GV 22 Boechout
7,Victor Heylenlei 41,2021-02-02,11:00:00,8,6,2,FMN GV 22 Boechout
7,Victor Heylenlei 41,2021-02-02,12:00:00,19,11,8,FMN GV 22 Boechout
7,Victor Heylenlei 41,2021-02-02,13:00:00,47,32,15,FMN GV 22 Boechout
7,Victor Heylenlei 41,2021-02-02,14:00:00,19,7,12,FMN GV 22 Boechout
7,Victor Heylenlei 41,2021-02-02,15:00:00,45,16,29,FMN GV 22 Boechout
7,Victor Heylenlei 41,2021-02-02,16:00:00,116,63,53,FMN GV 22 Boechout
7,Victor Heylenlei 41,2021-02-02,17:00:00,53,32,21,FMN GV 22 Boechout
7,Victor Heylenlei 41,2021-02-02,18:00:00,28,16,12,FMN GV 22 Boechout
7,Victor Heylenlei 41,2021-02-02,19:00:00,10,7,3,FMN GV 22 Boechout
7,Victor Heylenlei 41,2021-02-02,20:00:00,14,9,5,FMN GV 22 Boechout
7,Victor Heylenlei 41,2021-02-02,21:00:00,5,4,1,FMN GV 22 Boechout
7,Victor Heylenlei 41,2021-02-02,22:00:00,9,8,1,FMN GV 22 Boechout
7,Victor Heylenlei 41,2021-02-02,23:00:00,2,1,1,FMN GV 22 Boechout
7,Victor Heylenlei 41,2021-02-03,00:00:00,0,0,0,FMN GV 22 Boechout
7,Victor Heylenlei 41,2021-02-03,01:00:00,0,0,0,FMN GV 22 Boechout
7,Victor Heylenlei 41,2021-02-03,02:00:00,0,0,0,FMN GV 22 Boechout
7,Victor Heylenlei 41,2021-02-03,03:00:00,0,0,0,FMN GV 22 Boechout
7,Victor Heylenlei 41,2021-02-03,04:00:00,0,0,0,FMN GV 22 Boechout
7,Victor Heylenlei 41,2021-02-03,05:00:00,5,5,0,FMN GV 22 Boechout
7,Victor Heylenlei 41,2021-02-03,06:00:00,11,10,1,FMN GV 22 Boechout
7,Victor Heylenlei 41,2021-02-03,07:00:00,40,35,5,FMN GV 22 Boechout
7,Victor Heylenlei 41,2021-02-03,08:00:00,48,30,18,FMN GV 22 Boechout
7,Victor Heylenlei 41,2021-02-03,09:00:00,7,4,3,FMN GV 22 Boechout
7,Victor Heylenlei 41,2021-02-03,10:00:00,5,1,4,FMN GV 22 Boechout
7,Victor Heylenlei 41,2021-02-03,11:00:00,8,7,1,FMN GV 22 Boechout
7,Victor Heylenlei 41,2021-02-03,12:00:00,63,52,11,FMN GV 22 Boechout
7,Victor Heylenlei 41,2021-02-03,13:00:00,22,9,13,FMN GV 22 Boechout
7,Victor Heylenlei 41,2021-02-03,14:00:00,8,4,4,FMN GV 22 Boechout
7,Victor Heylenlei 41,2021-02-03,15:00:00,17,8,9,FMN GV 22 Boechout
7,Victor Heylenlei 41,2021-02-03,16:00:00,23,14,9,FMN GV 22 Boechout
7,Victor Heylenlei 41,2021-02-03,17:00:00,24,14,10,FMN GV 22 Boechout
7,Victor Heylenlei 41,2021-02-03,18:00:00,15,15,0,FMN GV 22 Boechout
7,Victor Heylenlei 41,2021-02-03,19:00:00,11,9,2,FMN GV 22 Boechout
7,Victor Heylenlei 41,2021-02-03,20:00:00,5,4,1,FMN GV 22 Boechout
7,Victor Heylenlei 41,2021-02-03,21:00:00,3,3,0,FMN GV 22 Boechout
7,Victor Heylenlei 41,2021-02-03,22:00:00,5,2,3,FMN GV 22 Boechout
7,Victor Heylenlei 41,2021-02-03,23:00:00,5,2,3,FMN GV 22 Boechout
7,Victor Heylenlei 41,2021-02-04,00:00:00,0,0,0,FMN GV 22 Boechout
7,Victor Heylenlei 41,2021-02-04,01:00:00,0,0,0,FMN GV 22 Boechout
7,Victor Heylenlei 41,2021-02-04,02:00:00,0,0,0,FMN GV 22 Boechout
7,Victor Heylenlei 41,2021-02-04,03:00:00,0,0,0,FMN GV 22 Boechout
7,Victor Heylenlei 41,2021-02-04,04:00:00,1,1,0,FMN GV 22 Boechout
7,Victor Heylenlei 41,2021-02-04,05:00:00,3,2,1,FMN GV 22 Boechout
7,Victor Heylenlei 41,2021-02-04,06:00:00,7,3,4,FMN GV 22 Boechout
7,Victor Heylenlei 41,2021-02-04,07:00:00,23,14,9,FMN GV 22 Boechout
7,Victor Heylenlei 41,2021-02-04,08:00:00,41,26,15,FMN GV 22 Boechout
7,Victor Heylenlei 41,2021-02-04,09:00:00,36,23,13,FMN GV 22 Boechout
7,Victor Heylenlei 41,2021-02-04,10:00:00,51,30,21,FMN GV 22 Boechout
7,Victor Heylenlei 41,2021-02-04,11:00:00,51,26,25,FMN GV 22 Boechout
7,Victor Heylenlei 41,2021-02-04,12:00:00,54,22,32,FMN GV 22 Boechout
7,Victor Heylenlei 41,2021-02-04,13:00:00,113,63,50,FMN GV 22 Boechout
7,Victor Heylenlei 41,2021-02-04,14:00:00,0,0,0,FMN GV 22 Boechout
7,Victor Heylenlei 41,2021-02-04,15:00:00,2,0,2,FMN GV 22 Boechout
7,Victor Heylenlei 41,2021-02-04,16:00:00,9,3,6,FMN GV 22 Boechout
7,Victor Heylenlei 41,2021-02-04,17:00:00,7,6,1,FMN GV 22 Boechout
7,Victor Heylenlei 41,2021-02-04,18:00:00,50,13,37,FMN GV 22 Boechout
7,Victor Heylenlei 41,2021-02-04,19:00:00,20,6,14,FMN GV 22 Boechout
7,Victor Heylenlei 41,2021-02-04,20:00:00,17,10,7,FMN GV 22 Boechout
7,Victor Heylenlei 41,2021-02-04,21:00:00,10,7,3,FMN GV 22 Boechout
7,Victor Heylenlei 41,2021-02-04,22:00:00,10,5,5,FMN GV 22 Boechout
7,Victor Heylenlei 41,2021-02-04,23:00:00,10,6,4,FMN GV 22 Boechout
7,Victor Heylenlei 41,2021-02-05,00:00:00,0,0,0,FMN GV 22 Boechout
7,Victor Heylenlei 41,2021-02-05,01:00:00,0,0,0,FMN GV 22 Boechout
7,Victor Heylenlei 41,2021-02-05,02:00:00,0,0,0,FMN GV 22 Boechout
7,Victor Heylenlei 41,2021-02-05,03:00:00,0,0,0,FMN GV 22 Boechout
7,Victor Heylenlei 41,2021-02-05,04:00:00,2,1,1,FMN GV 22 Boechout
7,Victor Heylenlei 41,2021-02-05,05:00:00,6,4,2,FMN GV 22 Boechout
7,Victor Heylenlei 41,2021-02-05,06:00:00,17,12,5,FMN GV 22 Boechout
7,Victor Heylenlei 41,2021-02-05,07:00:00,86,60,26,FMN GV 22 Boechout
7,Victor Heylenlei 41,2021-02-05,08:00:00,112,49,63,FMN GV 22 Boechout
7,Victor Heylenlei 41,2021-02-05,09:00:00,49,20,29,FMN GV 22 Boechout
7,Victor Heylenlei 41,2021-02-05,10:00:00,35,20,15,FMN GV 22 Boechout
7,Victor Heylenlei 41,2021-02-05,11:00:00,50,26,24,FMN GV 22 Boechout
7,Victor Heylenlei 41,2021-02-05,12:00:00,42,24,18,FMN GV 22 Boechout
7,Victor Heylenlei 41,2021-02-05,13:00:00,123,67,56,FMN GV 22 Boechout
7,Victor Heylenlei 41,2021-02-05,14:00:00,114,46,68,FMN GV 22 Boechout
7,Victor Heylenlei 41,2021-02-05,15:00:00,125,65,60,FMN GV 22 Boechout
7,Victor Heylenlei 41,2021-02-05,16:00:00,183,105,78,FMN GV 22 Boechout
7,Victor Heylenlei 41,2021-02-05,17:00:00,72,34,38,FMN GV 22 Boechout
7,Victor Heylenlei 41,2021-02-05,18:00:00,46,22,24,FMN GV 22 Boechout
7,Victor Heylenlei 41,2021-02-05,19:00:00,27,7,20,FMN GV 22 Boechout
7,Victor Heylenlei 41,2021-02-05,20:00:00,19,6,13,FMN GV 22 Boechout
7,Victor Heylenlei 41,2021-02-05,21:00:00,17,8,9,FMN GV 22 Boechout
7,Victor Heylenlei 41,2021-02-05,22:00:00,9,3,6,FMN GV 22 Boechout
7,Victor Heylenlei 41,2021-02-05,23:00:00,12,9,3,FMN GV 22 Boechout
7,Victor Heylenlei 41,2021-02-06,00:00:00,1,0,1,FMN GV 22 Boechout
7,Victor Heylenlei 41,2021-02-06,01:00:00,0,0,0,FMN GV 22 Boechout
7,Victor Heylenlei 41,2021-02-06,02:00:00,2,2,0,FMN GV 22 Boechout
7,Victor Heylenlei 41,2021-02-06,03:00:00,0,0,0,FMN GV 22 Boechout
7,Victor Heylenlei 41,2021-02-06,04:00:00,0,0,0,FMN GV 22 Boechout
7,Victor Heylenlei 41,2021-02-06,05:00:00,1,1,0,FMN GV 22 Boechout
7,Victor Heylenlei 41,2021-02-06,06:00:00,8,4,4,FMN GV 22 Boechout
7,Victor Heylenlei 41,2021-02-06,07:00:00,9,2,7,FMN GV 22 Boechout
7,Victor Heylenlei 41,2021-02-06,08:00:00,14,2,12,FMN GV 22 Boechout
7,Victor Heylenlei 41,2021-02-06,09:00:00,42,18,24,FMN GV 22 Boechout
7,Victor Heylenlei 41,2021-02-06,10:00:00,49,25,24,FMN GV 22 Boechout
7,Victor Heylenlei 41,2021-02-06,11:00:00,64,35,29,FMN GV 22 Boechout
7,Victor Heylenlei 41,2021-02-06,12:00:00,80,47,33,FMN GV 22 Boechout
7,Victor Heylenlei 41,2021-02-06,13:00:00,65,32,33,FMN GV 22 Boechout
7,Victor Heylenlei 41,2021-02-06,14:00:00,43,24,19,FMN GV 22 Boechout
7,Victor Heylenlei 41,2021-02-06,15:00:00,48,15,33,FMN GV 22 Boechout
7,Victor Heylenlei 41,2021-02-06,16:00:00,59,39,20,FMN GV 22 Boechout
7,Victor Heylenlei 41,2021-02-06,17:00:00,23,8,15,FMN GV 22 Boechout
7,Victor Heylenlei 41,2021-02-06,18:00:00,8,2,6,FMN GV 22 Boechout
7,Victor Heylenlei 41,2021-02-06,19:00:00,6,4,2,FMN GV 22 Boechout
7,Victor Heylenlei 41,2021-02-06,20:00:00,2,2,0,FMN GV 22 Boechout
7,Victor Heylenlei 41,2021-02-06,21:00:00,2,2,0,FMN GV 22 Boechout
7,Victor Heylenlei 41,2021-02-06,22:00:00,2,0,2,FMN GV 22 Boechout
7,Victor Heylenlei 41,2021-02-06,23:00:00,1,1,0,FMN GV 22 Boechout
7,Victor Heylenlei 41,2021-02-07,00:00:00,1,0,1,FMN GV 22 Boechout
7,Victor Heylenlei 41,2021-02-07,01:00:00,0,0,0,FMN GV 22 Boechout
7,Victor Heylenlei 41,2021-02-07,02:00:00,0,0,0,FMN GV 22 Boechout
7,Victor Heylenlei 41,2021-02-07,03:00:00,0,0,0,FMN GV 22 Boechout
7,Victor Heylenlei 41,2021-02-07,04:00:00,0,0,0,FMN GV 22 Boechout
7,Victor Heylenlei 41,2021-02-07,05:00:00,3,1,2,FMN GV 22 Boechout
7,Victor Heylenlei 41,2021-02-07,06:00:00,0,0,0,FMN GV 22 Boechout
7,Victor Heylenlei 41,2021-02-07,07:00:00,0,0,0,FMN GV 22 Boechout
7,Victor Heylenlei 41,2021-02-07,08:00:00,1,1,0,FMN GV 22 Boechout
7,Victor Heylenlei 41,2021-02-07,09:00:00,4,3,1,FMN GV 22 Boechout
7,Victor Heylenlei 41,2021-02-07,10:00:00,3,3,0,FMN GV 22 Boechout
7,Victor Heylenlei 41,2021-02-07,11:00:00,11,7,4,FMN GV 22 Boechout
7,Victor Heylenlei 41,2021-02-07,12:00:00,9,9,0,FMN GV 22 Boechout
7,Victor Heylenlei 41,2021-02-07,13:00:00,13,8,5,FMN GV 22 Boechout
7,Victor Heylenlei 41,2021-02-07,14:00:00,14,10,4,FMN GV 22 Boechout
7,Victor Heylenlei 41,2021-02-07,15:00:00,15,8,7,FMN GV 22 Boechout
7,Victor Heylenlei 41,2021-02-07,16:00:00,7,4,3,FMN GV 22 Boechout
7,Victor Heylenlei 41,2021-02-07,17:00:00,2,0,2,FMN GV 22 Boechout
7,Victor Heylenlei 41,2021-02-07,18:00:00,1,0,1,FMN GV 22 Boechout
7,Victor Heylenlei 41,2021-02-07,19:00:00,0,0,0,FMN GV 22 Boechout
7,Victor Heylenlei 41,2021-02-07,20:00:00,2,1,1,FMN GV 22 Boechout
7,Victor Heylenlei 41,2021-02-07,21:00:00,0,0,0,FMN GV 22 Boechout
7,Victor Heylenlei 41,2021-02-07,22:00:00,3,3,0,FMN GV 22 Boechout
7,Victor Heylenlei 41,2021-02-07,23:00:00,0,0,0,FMN GV 22 Boechout
7,Victor Heylenlei 41,2021-02-08,00:00:00,3,3,0,FMN GV 22 Boechout
7,Victor Heylenlei 41,2021-02-08,01:00:00,2,1,1,FMN GV 22 Boechout
7,Victor Heylenlei 41,2021-02-08,02:00:00,0,0,0,FMN GV 22 Boechout
7,Victor Heylenlei 41,2021-02-08,03:00:00,0,0,0,FMN GV 22 Boechout
7,Victor Heylenlei 41,2021-02-08,04:00:00,1,1,0,FMN GV 22 Boechout
7,Victor Heylenlei 41,2021-02-08,05:00:00,1,0,1,FMN GV 22 Boechout
7,Victor Heylenlei 41,2021-02-08,06:00:00,0,0,0,FMN GV 22 Boechout
7,Victor Heylenlei 41,2021-02-08,07:00:00,2,2,0,FMN GV 22 Boechout
7,Victor Heylenlei 41,2021-02-08,08:00:00,0,0,0,FMN GV 22 Boechout
7,Victor Heylenlei 41,2021-02-08,09:00:00,3,2,1,FMN GV 22 Boechout
7,Victor Heylenlei 41,2021-02-08,10:00:00,6,3,3,FMN GV 22 Boechout
7,Victor Heylenlei 41,2021-02-08,11:00:00,1,0,1,FMN GV 22 Boechout
7,Victor Heylenlei 41,2021-02-08,12:00:00,1,0,1,FMN GV 22 Boechout
7,Victor Heylenlei 41,2021-02-08,13:00:00,2,1,1,FMN GV 22 Boechout
7,Victor Heylenlei 41,2021-02-08,14:00:00,9,6,3,FMN GV 22 Boechout
7,Victor Heylenlei 41,2021-02-08,15:00:00,6,2,4,FMN GV 22 Boechout
7,Victor Heylenlei 41,2021-02-08,16:00:00,3,1,2,FMN GV 22 Boechout
7,Victor Heylenlei 41,2021-02-08,17:00:00,1,0,1,FMN GV 22 Boechout
7,Victor Heylenlei 41,2021-02-08,18:00:00,0,0,0,FMN GV 22 Boechout
7,Victor Heylenlei 41,2021-02-08,19:00:00,0,0,0,FMN GV 22 Boechout
7,Victor Heylenlei 41,2021-02-08,20:00:00,12,7,5,FMN GV 22 Boechout
7,Victor Heylenlei 41,2021-02-08,21:00:00,0,0,0,FMN GV 22 Boechout
7,Victor Heylenlei 41,2021-02-08,22:00:00,0,0,0,FMN GV 22 Boechout
7,Victor Heylenlei 41,2021-02-08,23:00:00,0,0,0,FMN GV 22 Boechout
7,Victor Heylenlei 41,2021-02-09,00:00:00,3,2,1,FMN GV 22 Boechout
7,Victor Heylenlei 41,2021-02-09,01:00:00,0,0,0,FMN GV 22 Boechout
7,Victor Heylenlei 41,2021-02-09,02:00:00,0,0,0,FMN GV 22 Boechout
7,Victor Heylenlei 41,2021-02-09,03:00:00,2,1,1,FMN GV 22 Boechout
7,Victor Heylenlei 41,2021-02-09,04:00:00,0,0,0,FMN GV 22 Boechout
7,Victor Heylenlei 41,2021-02-09,05:00:00,0,0,0,FMN GV 22 Boechout
7,Victor Heylenlei 41,2021-02-09,06:00:00,0,0,0,FMN GV 22 Boechout
7,Victor Heylenlei 41,2021-02-09,07:00:00,1,0,1,FMN GV 22 Boechout
7,Victor Heylenlei 41,2021-02-09,08:00:00,0,0,0,FMN GV 22 Boechout
7,Victor Heylenlei 41,2021-02-09,09:00:00,1,0,1,FMN GV 22 Boechout
7,Victor Heylenlei 41,2021-02-09,10:00:00,2,1,1,FMN GV 22 Boechout
7,Victor Heylenlei 41,2021-02-09,11:00:00,1,1,0,FMN GV 22 Boechout
7,Victor Heylenlei 41,2021-02-09,12:00:00,2,1,1,FMN GV 22 Boechout
7,Victor Heylenlei 41,2021-02-09,13:00:00,4,2,2,FMN GV 22 Boechout
7,Victor Heylenlei 41,2021-02-09,14:00:00,8,5,3,FMN GV 22 Boechout
7,Victor Heylenlei 41,2021-02-09,15:00:00,10,4,6,FMN GV 22 Boechout
7,Victor Heylenlei 41,2021-02-09,16:00:00,8,6,2,FMN GV 22 Boechout
7,Victor Heylenlei 41,2021-02-09,17:00:00,9,5,4,FMN GV 22 Boechout
7,Victor Heylenlei 41,2021-02-09,18:00:00,3,2,1,FMN GV 22 Boechout
7,Victor Heylenlei 41,2021-02-09,19:00:00,0,0,0,FMN GV 22 Boechout
7,Victor Heylenlei 41,2021-02-09,20:00:00,0,0,0,FMN GV 22 Boechout
7,Victor Heylenlei 41,2021-02-09,21:00:00,0,0,0,FMN GV 22 Boechout
7,Victor Heylenlei 41,2021-02-09,22:00:00,0,0,0,FMN GV 22 Boechout
7,Victor Heylenlei 41,2021-02-09,23:00:00,0,0,0,FMN GV 22 Boechout
7,Victor Heylenlei 41,2021-02-10,00:00:00,0,0,0,FMN GV 22 Boechout
7,Victor Heylenlei 41,2021-02-10,01:00:00,5,2,3,FMN GV 22 Boechout
7,Victor Heylenlei 41,2021-02-10,02:00:00,0,0,0,FMN GV 22 Boechout
7,Victor Heylenlei 41,2021-02-10,03:00:00,0,0,0,FMN GV 22 Boechout
7,Victor Heylenlei 41,2021-02-10,04:00:00,0,0,0,FMN GV 22 Boechout
7,Victor Heylenlei 41,2021-02-10,05:00:00,0,0,0,FMN GV 22 Boechout
7,Victor Heylenlei 41,2021-02-10,06:00:00,2,1,1,FMN GV 22 Boechout
7,Victor Heylenlei 41,2021-02-10,07:00:00,1,1,0,FMN GV 22 Boechout
7,Victor Heylenlei 41,2021-02-10,08:00:00,0,0,0,FMN GV 22 Boechout
7,Victor Heylenlei 41,2021-02-10,09:00:00,1,1,0,FMN GV 22 Boechout
7,Victor Heylenlei 41,2021-02-10,10:00:00,0,0,0,FMN GV 22 Boechout
7,Victor Heylenlei 41,2021-02-10,11:00:00,2,0,2,FMN GV 22 Boechout
7,Victor Heylenlei 41,2021-02-10,12:00:00,4,2,2,FMN GV 22 Boechout
7,Victor Heylenlei 41,2021-02-10,13:00:00,13,11,2,FMN GV 22 Boechout
7,Victor Heylenlei 41,2021-02-10,14:00:00,17,6,11,FMN GV 22 Boechout
7,Victor Heylenlei 41,2021-02-10,15:00:00,25,15,10,FMN GV 22 Boechout
7,Victor Heylenlei 41,2021-02-10,16:00:00,9,4,5,FMN GV 22 Boechout
7,Victor Heylenlei 41,2021-02-10,17:00:00,7,3,4,FMN GV 22 Boechout
7,Victor Heylenlei 41,2021-02-10,18:00:00,4,1,3,FMN GV 22 Boechout
7,Victor Heylenlei 41,2021-02-10,19:00:00,2,0,2,FMN GV 22 Boechout
7,Victor Heylenlei 41,2021-02-10,20:00:00,3,1,2,FMN GV 22 Boechout
7,Victor Heylenlei 41,2021-02-10,21:00:00,0,0,0,FMN GV 22 Boechout
7,Victor Heylenlei 41,2021-02-10,22:00:00,2,1,1,FMN GV 22 Boechout
7,Victor Heylenlei 41,2021-02-10,23:00:00,0,0,0,FMN GV 22 Boechout
7,Victor Heylenlei 41,2021-02-11,00:00:00,0,0,0,FMN GV 22 Boechout
7,Victor Heylenlei 41,2021-02-11,01:00:00,0,0,0,FMN GV 22 Boechout
7,Victor Heylenlei 41,2021-02-11,02:00:00,0,0,0,FMN GV 22 Boechout
7,Victor Heylenlei 41,2021-02-11,03:00:00,0,0,0,FMN GV 22 Boechout
7,Victor Heylenlei 41,2021-02-11,04:00:00,0,0,0,FMN GV 22 Boechout
7,Victor Heylenlei 41,2021-02-11,05:00:00,0,0,0,FMN GV 22 Boechout
7,Victor Heylenlei 41,2021-02-11,06:00:00,3,2,1,FMN GV 22 Boechout
7,Victor Heylenlei 41,2021-02-11,07:00:00,0,0,0,FMN GV 22 Boechout
7,Victor Heylenlei 41,2021-02-11,08:00:00,0,0,0,FMN GV 22 Boechout
7,Victor Heylenlei 41,2021-02-11,09:00:00,1,0,1,FMN GV 22 Boechout
7,Victor Heylenlei 41,2021-02-11,10:00:00,3,3,0,FMN GV 22 Boechout
7,Victor Heylenlei 41,2021-02-11,11:00:00,5,1,4,FMN GV 22 Boechout
7,Victor Heylenlei 41,2021-02-11,12:00:00,8,4,4,FMN GV 22 Boechout
7,Victor Heylenlei 41,2021-02-11,13:00:00,4,3,1,FMN GV 22 Boechout
7,Victor Heylenlei 41,2021-02-11,14:00:00,23,13,10,FMN GV 22 Boechout
7,Victor Heylenlei 41,2021-02-11,15:00:00,34,16,18,FMN GV 22 Boechout
7,Victor Heylenlei 41,2021-02-11,16:00:00,17,5,12,FMN GV 22 Boechout
7,Victor Heylenlei 41,2021-02-11,17:00:00,8,3,5,FMN GV 22 Boechout
7,Victor Heylenlei 41,2021-02-11,18:00:00,0,0,0,FMN GV 22 Boechout
7,Victor Heylenlei 41,2021-02-11,19:00:00,1,0,1,FMN GV 22 Boechout
7,Victor Heylenlei 41,2021-02-11,20:00:00,2,0,2,FMN GV 22 Boechout
7,Victor Heylenlei 41,2021-02-11,21:00:00,0,0,0,FMN GV 22 Boechout
7,Victor Heylenlei 41,2021-02-11,22:00:00,2,1,1,FMN GV 22 Boechout
7,Victor Heylenlei 41,2021-02-11,23:00:00,0,0,0,FMN GV 22 Boechout
7,Victor Heylenlei 41,2021-02-12,00:00:00,1,1,0,FMN GV 22 Boechout
7,Victor Heylenlei 41,2021-02-12,01:00:00,0,0,0,FMN GV 22 Boechout
7,Victor Heylenlei 41,2021-02-12,02:00:00,0,0,0,FMN GV 22 Boechout
7,Victor Heylenlei 41,2021-02-12,03:00:00,0,0,0,FMN GV 22 Boechout
7,Victor Heylenlei 41,2021-02-12,04:00:00,0,0,0,FMN GV 22 Boechout
7,Victor Heylenlei 41,2021-02-12,05:00:00,0,0,0,FMN GV 22 Boechout
7,Victor Heylenlei 41,2021-02-12,06:00:00,3,2,1,FMN GV 22 Boechout
7,Victor Heylenlei 41,2021-02-12,07:00:00,0,0,0,FMN GV 22 Boechout
7,Victor Heylenlei 41,2021-02-12,08:00:00,1,0,1,FMN GV 22 Boechout
7,Victor Heylenlei 41,2021-02-12,09:00:00,0,0,0,FMN GV 22 Boechout
7,Victor Heylenlei 41,2021-02-12,10:00:00,1,1,0,FMN GV 22 Boechout
7,Victor Heylenlei 41,2021-02-12,11:00:00,2,1,1,FMN GV 22 Boechout
7,Victor Heylenlei 41,2021-02-12,12:00:00,9,3,6,FMN GV 22 Boechout
7,Victor Heylenlei 41,2021-02-12,13:00:00,3,3,0,FMN GV 22 Boechout
7,Victor Heylenlei 41,2021-02-12,14:00:00,11,3,8,FMN GV 22 Boechout
7,Victor Heylenlei 41,2021-02-12,15:00:00,8,4,4,FMN GV 22 Boechout
7,Victor Heylenlei 41,2021-02-12,16:00:00,2,0,2,FMN GV 22 Boechout
7,Victor Heylenlei 41,2021-02-12,17:00:00,1,0,1,FMN GV 22 Boechout
7,Victor Heylenlei 41,2021-02-12,18:00:00,0,0,0,FMN GV 22 Boechout
7,Victor Heylenlei 41,2021-02-12,19:00:00,1,0,1,FMN GV 22 Boechout
7,Victor Heylenlei 41,2021-02-12,20:00:00,2,1,1,FMN GV 22 Boechout
7,Victor Heylenlei 41,2021-02-12,21:00:00,0,0,0,FMN GV 22 Boechout
7,Victor Heylenlei 41,2021-02-12,22:00:00,0,0,0,FMN GV 22 Boechout
7,Victor Heylenlei 41,2021-02-12,23:00:00,2,2,0,FMN GV 22 Boechout
7,Victor Heylenlei 41,2021-02-13,00:00:00,0,0,0,FMN GV 22 Boechout
7,Victor Heylenlei 41,2021-02-13,01:00:00,0,0,0,FMN GV 22 Boechout
7,Victor Heylenlei 41,2021-02-13,02:00:00,0,0,0,FMN GV 22 Boechout
7,Victor Heylenlei 41,2021-02-13,03:00:00,0,0,0,FMN GV 22 Boechout
7,Victor Heylenlei 41,2021-02-13,04:00:00,0,0,0,FMN GV 22 Boechout
7,Victor Heylenlei 41,2021-02-13,05:00:00,0,0,0,FMN GV 22 Boechout
7,Victor Heylenlei 41,2021-02-13,06:00:00,0,0,0,FMN GV 22 Boechout
7,Victor Heylenlei 41,2021-02-13,07:00:00,0,0,0,FMN GV 22 Boechout
7,Victor Heylenlei 41,2021-02-13,08:00:00,0,0,0,FMN GV 22 Boechout
7,Victor Heylenlei 41,2021-02-13,09:00:00,1,1,0,FMN GV 22 Boechout
7,Victor Heylenlei 41,2021-02-13,10:00:00,8,7,1,FMN GV 22 Boechout
7,Victor Heylenlei 41,2021-02-13,11:00:00,14,8,6,FMN GV 22 Boechout
7,Victor Heylenlei 41,2021-02-13,12:00:00,16,13,3,FMN GV 22 Boechout
7,Victor Heylenlei 41,2021-02-13,13:00:00,6,3,3,FMN GV 22 Boechout
7,Victor Heylenlei 41,2021-02-13,14:00:00,28,10,18,FMN GV 22 Boechout
7,Victor Heylenlei 41,2021-02-13,15:00:00,27,12,15,FMN GV 22 Boechout
7,Victor Heylenlei 41,2021-02-13,16:00:00,15,7,8,FMN GV 22 Boechout
7,Victor Heylenlei 41,2021-02-13,17:00:00,3,2,1,FMN GV 22 Boechout
7,Victor Heylenlei 41,2021-02-13,18:00:00,1,1,0,FMN GV 22 Boechout
7,Victor Heylenlei 41,2021-02-13,19:00:00,0,0,0,FMN GV 22 Boechout
7,Victor Heylenlei 41,2021-02-13,20:00:00,1,0,1,FMN GV 22 Boechout
7,Victor Heylenlei 41,2021-02-13,21:00:00,0,0,0,FMN GV 22 Boechout
7,Victor Heylenlei 41,2021-02-13,22:00:00,0,0,0,FMN GV 22 Boechout
7,Victor Heylenlei 41,2021-02-13,23:00:00,0,0,0,FMN GV 22 Boechout
7,Victor Heylenlei 41,2021-02-14,00:00:00,0,0,0,FMN GV 22 Boechout
7,Victor Heylenlei 41,2021-02-14,01:00:00,0,0,0,FMN GV 22 Boechout
7,Victor Heylenlei 41,2021-02-14,02:00:00,0,0,0,FMN GV 22 Boechout
7,Victor Heylenlei 41,2021-02-14,03:00:00,0,0,0,FMN GV 22 Boechout
7,Victor Heylenlei 41,2021-02-14,04:00:00,0,0,0,FMN GV 22 Boechout
7,Victor Heylenlei 41,2021-02-14,05:00:00,0,0,0,FMN GV 22 Boechout
7,Victor Heylenlei 41,2021-02-14,06:00:00,0,0,0,FMN GV 22 Boechout
7,Victor Heylenlei 41,2021-02-14,07:00:00,1,1,0,FMN GV 22 Boechout
7,Victor Heylenlei 41,2021-02-14,08:00:00,0,0,0,FMN GV 22 Boechout
7,Victor Heylenlei 41,2021-02-14,09:00:00,5,4,1,FMN GV 22 Boechout
7,Victor Heylenlei 41,2021-02-14,10:00:00,9,5,4,FMN GV 22 Boechout
7,Victor Heylenlei 41,2021-02-14,11:00:00,30,17,13,FMN GV 22 Boechout
7,Victor Heylenlei 41,2021-02-14,12:00:00,40,23,17,FMN GV 22 Boechout
7,Victor Heylenlei 41,2021-02-14,13:00:00,36,14,22,FMN GV 22 Boechout
7,Victor Heylenlei 41,2021-02-14,14:00:00,70,33,37,FMN GV 22 Boechout
7,Victor Heylenlei 41,2021-02-14,15:00:00,59,29,30,FMN GV 22 Boechout
7,Victor Heylenlei 41,2021-02-14,16:00:00,42,24,18,FMN GV 22 Boechout
7,Victor Heylenlei 41,2021-02-14,17:00:00,9,9,0,FMN GV 22 Boechout
7,Victor Heylenlei 41,2021-02-14,18:00:00,4,3,1,FMN GV 22 Boechout
7,Victor Heylenlei 41,2021-02-14,19:00:00,4,1,3,FMN GV 22 Boechout
7,Victor Heylenlei 41,2021-02-14,20:00:00,0,0,0,FMN GV 22 Boechout
7,Victor Heylenlei 41,2021-02-14,21:00:00,2,0,2,FMN GV 22 Boechout
7,Victor Heylenlei 41,2021-02-14,22:00:00,4,3,1,FMN GV 22 Boechout
7,Victor Heylenlei 41,2021-02-14,23:00:00,0,0,0,FMN GV 22 Boechout
7,Victor Heylenlei 41,2021-02-15,00:00:00,3,1,2,FMN GV 22 Boechout
7,Victor Heylenlei 41,2021-02-15,01:00:00,0,0,0,FMN GV 22 Boechout
7,Victor Heylenlei 41,2021-02-15,02:00:00,0,0,0,FMN GV 22 Boechout
7,Victor Heylenlei 41,2021-02-15,03:00:00,0,0,0,FMN GV 22 Boechout
7,Victor Heylenlei 41,2021-02-15,04:00:00,0,0,0,FMN GV 22 Boechout
7,Victor Heylenlei 41,2021-02-15,05:00:00,3,2,1,FMN GV 22 Boechout
7,Victor Heylenlei 41,2021-02-15,06:00:00,7,6,1,FMN GV 22 Boechout
7,Victor Heylenlei 41,2021-02-15,07:00:00,29,16,13,FMN GV 22 Boechout
7,Victor Heylenlei 41,2021-02-15,08:00:00,13,8,5,FMN GV 22 Boechout
7,Victor Heylenlei 41,2021-02-15,09:00:00,14,10,4,FMN GV 22 Boechout
7,Victor Heylenlei 41,2021-02-15,10:00:00,13,7,6,FMN GV 22 Boechout
7,Victor Heylenlei 41,2021-02-15,11:00:00,5,4,1,FMN GV 22 Boechout
7,Victor Heylenlei 41,2021-02-15,12:00:00,11,4,7,FMN GV 22 Boechout
7,Victor Heylenlei 41,2021-02-15,13:00:00,18,11,7,FMN GV 22 Boechout
7,Victor Heylenlei 41,2021-02-15,14:00:00,30,16,14,FMN GV 22 Boechout
7,Victor Heylenlei 41,2021-02-15,15:00:00,28,16,12,FMN GV 22 Boechout
7,Victor Heylenlei 41,2021-02-15,16:00:00,38,16,22,FMN GV 22 Boechout
7,Victor Heylenlei 41,2021-02-15,17:00:00,26,7,19,FMN GV 22 Boechout
7,Victor Heylenlei 41,2021-02-15,18:00:00,17,5,12,FMN GV 22 Boechout
7,Victor Heylenlei 41,2021-02-15,19:00:00,12,3,9,FMN GV 22 Boechout
7,Victor Heylenlei 41,2021-02-15,20:00:00,7,2,5,FMN GV 22 Boechout
7,Victor Heylenlei 41,2021-02-15,21:00:00,10,4,6,FMN GV 22 Boechout
7,Victor Heylenlei 41,2021-02-15,22:00:00,6,1,5,FMN GV 22 Boechout
7,Victor Heylenlei 41,2021-02-15,23:00:00,2,2,0,FMN GV 22 Boechout
7,Victor Heylenlei 41,2021-02-16,00:00:00,4,4,0,FMN GV 22 Boechout
7,Victor Heylenlei 41,2021-02-16,01:00:00,2,1,1,FMN GV 22 Boechout
7,Victor Heylenlei 41,2021-02-16,02:00:00,0,0,0,FMN GV 22 Boechout
7,Victor Heylenlei 41,2021-02-16,03:00:00,0,0,0,FMN GV 22 Boechout
7,Victor Heylenlei 41,2021-02-16,04:00:00,2,2,0,FMN GV 22 Boechout
7,Victor Heylenlei 41,2021-02-16,05:00:00,9,8,1,FMN GV 22 Boechout
7,Victor Heylenlei 41,2021-02-16,06:00:00,14,10,4,FMN GV 22 Boechout
7,Victor Heylenlei 41,2021-02-16,07:00:00,48,29,19,FMN GV 22 Boechout
7,Victor Heylenlei 41,2021-02-16,08:00:00,46,33,13,FMN GV 22 Boechout
7,Victor Heylenlei 41,2021-02-16,09:00:00,33,20,13,FMN GV 22 Boechout
7,Victor Heylenlei 41,2021-02-16,10:00:00,30,14,16,FMN GV 22 Boechout
7,Victor Heylenlei 41,2021-02-16,11:00:00,47,24,23,FMN GV 22 Boechout
7,Victor Heylenlei 41,2021-02-16,12:00:00,32,10,22,FMN GV 22 Boechout
7,Victor Heylenlei 41,2021-02-16,13:00:00,50,22,28,FMN GV 22 Boechout
7,Victor Heylenlei 41,2021-02-16,14:00:00,84,45,39,FMN GV 22 Boechout
7,Victor Heylenlei 41,2021-02-16,15:00:00,55,35,20,FMN GV 22 Boechout
7,Victor Heylenlei 41,2021-02-16,16:00:00,66,26,40,FMN GV 22 Boechout
7,Victor Heylenlei 41,2021-02-16,17:00:00,63,28,35,FMN GV 22 Boechout
7,Victor Heylenlei 41,2021-02-16,18:00:00,25,9,16,FMN GV 22 Boechout
7,Victor Heylenlei 41,2021-02-16,19:00:00,15,8,7,FMN GV 22 Boechout
7,Victor Heylenlei 41,2021-02-16,20:00:00,10,5,5,FMN GV 22 Boechout
7,Victor Heylenlei 41,2021-02-16,21:00:00,8,5,3,FMN GV 22 Boechout
7,Victor Heylenlei 41,2021-02-16,22:00:00,4,2,2,FMN GV 22 Boechout
7,Victor Heylenlei 41,2021-02-16,23:00:00,5,3,2,FMN GV 22 Boechout
7,Victor Heylenlei 41,2021-02-17,00:00:00,0,0,0,FMN GV 22 Boechout
7,Victor Heylenlei 41,2021-02-17,01:00:00,1,1,0,FMN GV 22 Boechout
7,Victor Heylenlei 41,2021-02-17,02:00:00,0,0,0,FMN GV 22 Boechout
7,Victor Heylenlei 41,2021-02-17,03:00:00,0,0,0,FMN GV 22 Boechout
7,Victor Heylenlei 41,2021-02-17,04:00:00,2,2,0,FMN GV 22 Boechout
7,Victor Heylenlei 41,2021-02-17,05:00:00,5,3,2,FMN GV 22 Boechout
7,Victor Heylenlei 41,2021-02-17,06:00:00,13,11,2,FMN GV 22 Boechout
7,Victor Heylenlei 41,2021-02-17,07:00:00,57,36,21,FMN GV 22 Boechout
7,Victor Heylenlei 41,2021-02-17,08:00:00,45,32,13,FMN GV 22 Boechout
7,Victor Heylenlei 41,2021-02-17,09:00:00,28,15,13,FMN GV 22 Boechout
7,Victor Heylenlei 41,2021-02-17,10:00:00,46,19,27,FMN GV 22 Boechout
7,Victor Heylenlei 41,2021-02-17,11:00:00,58,29,29,FMN GV 22 Boechout
7,Victor Heylenlei 41,2021-02-17,12:00:00,51,26,25,FMN GV 22 Boechout
7,Victor Heylenlei 41,2021-02-17,13:00:00,74,36,38,FMN GV 22 Boechout
7,Victor Heylenlei 41,2021-02-17,14:00:00,106,53,53,FMN GV 22 Boechout
7,Victor Heylenlei 41,2021-02-17,15:00:00,110,64,46,FMN GV 22 Boechout
7,Victor Heylenlei 41,2021-02-17,16:00:00,98,35,63,FMN GV 22 Boechout
7,Victor Heylenlei 41,2021-02-17,17:00:00,81,43,38,FMN GV 22 Boechout
7,Victor Heylenlei 41,2021-02-17,18:00:00,47,24,23,FMN GV 22 Boechout
7,Victor Heylenlei 41,2021-02-17,19:00:00,28,13,15,FMN GV 22 Boechout
7,Victor Heylenlei 41,2021-02-17,20:00:00,20,11,9,FMN GV 22 Boechout
7,Victor Heylenlei 41,2021-02-17,21:00:00,11,6,5,FMN GV 22 Boechout
7,Victor Heylenlei 41,2021-02-17,22:00:00,13,4,9,FMN GV 22 Boechout
7,Victor Heylenlei 41,2021-02-17,23:00:00,9,5,4,FMN GV 22 Boechout
7,Victor Heylenlei 41,2021-02-18,00:00:00,0,0,0,FMN GV 22 Boechout
7,Victor Heylenlei 41,2021-02-18,01:00:00,1,1,0,FMN GV 22 Boechout
7,Victor Heylenlei 41,2021-02-18,02:00:00,1,0,1,FMN GV 22 Boechout
7,Victor Heylenlei 41,2021-02-18,03:00:00,0,0,0,FMN GV 22 Boechout
7,Victor Heylenlei 41,2021-02-18,04:00:00,2,2,0,FMN GV 22 Boechout
7,Victor Heylenlei 41,2021-02-18,05:00:00,5,3,2,FMN GV 22 Boechout
7,Victor Heylenlei 41,2021-02-18,06:00:00,17,13,4,FMN GV 22 Boechout
7,Victor Heylenlei 41,2021-02-18,07:00:00,48,27,21,FMN GV 22 Boechout
7,Victor Heylenlei 41,2021-02-18,08:00:00,42,23,19,FMN GV 22 Boechout
7,Victor Heylenlei 41,2021-02-18,09:00:00,39,21,18,FMN GV 22 Boechout
7,Victor Heylenlei 41,2021-02-18,10:00:00,18,12,6,FMN GV 22 Boechout
7,Victor Heylenlei 41,2021-02-18,11:00:00,27,16,11,FMN GV 22 Boechout
7,Victor Heylenlei 41,2021-02-18,12:00:00,42,26,16,FMN GV 22 Boechout
7,Victor Heylenlei 41,2021-02-18,13:00:00,35,14,21,FMN GV 22 Boechout
7,Victor Heylenlei 41,2021-02-18,14:00:00,18,10,8,FMN GV 22 Boechout
7,Victor Heylenlei 41,2021-02-18,15:00:00,27,7,20,FMN GV 22 Boechout
7,Victor Heylenlei 41,2021-02-18,16:00:00,46,16,30,FMN GV 22 Boechout
7,Victor Heylenlei 41,2021-02-18,17:00:00,32,13,19,FMN GV 22 Boechout
7,Victor Heylenlei 41,2021-02-18,18:00:00,24,11,13,FMN GV 22 Boechout
7,Victor Heylenlei 41,2021-02-18,19:00:00,17,4,13,FMN GV 22 Boechout
7,Victor Heylenlei 41,2021-02-18,20:00:00,11,4,7,FMN GV 22 Boechout
7,Victor Heylenlei 41,2021-02-18,21:00:00,5,4,1,FMN GV 22 Boechout
7,Victor Heylenlei 41,2021-02-18,22:00:00,6,3,3,FMN GV 22 Boechout
7,Victor Heylenlei 41,2021-02-18,23:00:00,4,2,2,FMN GV 22 Boechout
7,Victor Heylenlei 41,2021-02-19,00:00:00,4,0,4,FMN GV 22 Boechout
7,Victor Heylenlei 41,2021-02-19,01:00:00,1,1,0,FMN GV 22 Boechout
7,Victor Heylenlei 41,2021-02-19,02:00:00,0,0,0,FMN GV 22 Boechout
7,Victor Heylenlei 41,2021-02-19,03:00:00,0,0,0,FMN GV 22 Boechout
7,Victor Heylenlei 41,2021-02-19,04:00:00,2,2,0,FMN GV 22 Boechout
7,Victor Heylenlei 41,2021-02-19,05:00:00,5,3,2,FMN GV 22 Boechout
7,Victor Heylenlei 41,2021-02-19,06:00:00,13,11,2,FMN GV 22 Boechout
7,Victor Heylenlei 41,2021-02-19,07:00:00,47,28,19,FMN GV 22 Boechout
7,Victor Heylenlei 41,2021-02-19,08:00:00,36,16,20,FMN GV 22 Boechout
7,Victor Heylenlei 41,2021-02-19,09:00:00,40,28,12,FMN GV 22 Boechout
7,Victor Heylenlei 41,2021-02-19,10:00:00,42,19,23,FMN GV 22 Boechout
7,Victor Heylenlei 41,2021-02-19,11:00:00,62,33,29,FMN GV 22 Boechout
7,Victor Heylenlei 41,2021-02-19,12:00:00,69,32,37,FMN GV 22 Boechout
7,Victor Heylenlei 41,2021-02-19,13:00:00,92,47,45,FMN GV 22 Boechout
7,Victor Heylenlei 41,2021-02-19,14:00:00,131,52,79,FMN GV 22 Boechout
7,Victor Heylenlei 41,2021-02-19,15:00:00,121,57,64,FMN GV 22 Boechout
7,Victor Heylenlei 41,2021-02-19,16:00:00,94,51,43,FMN GV 22 Boechout
7,Victor Heylenlei 41,2021-02-19,17:00:00,71,35,36,FMN GV 22 Boechout
7,Victor Heylenlei 41,2021-02-19,18:00:00,31,11,20,FMN GV 22 Boechout
7,Victor Heylenlei 41,2021-02-19,19:00:00,21,8,13,FMN GV 22 Boechout
7,Victor Heylenlei 41,2021-02-19,20:00:00,27,14,13,FMN GV 22 Boechout
7,Victor Heylenlei 41,2021-02-19,21:00:00,12,7,5,FMN GV 22 Boechout
7,Victor Heylenlei 41,2021-02-19,22:00:00,9,5,4,FMN GV 22 Boechout
7,Victor Heylenlei 41,2021-02-19,23:00:00,11,5,6,FMN GV 22 Boechout
7,Victor Heylenlei 41,2021-02-20,00:00:00,1,1,0,FMN GV 22 Boechout
7,Victor Heylenlei 41,2021-02-20,01:00:00,0,0,0,FMN GV 22 Boechout
7,Victor Heylenlei 41,2021-02-20,02:00:00,0,0,0,FMN GV 22 Boechout
7,Victor Heylenlei 41,2021-02-20,03:00:00,0,0,0,FMN GV 22 Boechout
7,Victor Heylenlei 41,2021-02-20,04:00:00,2,2,0,FMN GV 22 Boechout
7,Victor Heylenlei 41,2021-02-20,05:00:00,2,1,1,FMN GV 22 Boechout
7,Victor Heylenlei 41,2021-02-20,06:00:00,11,7,4,FMN GV 22 Boechout
7,Victor Heylenlei 41,2021-02-20,07:00:00,1,1,0,FMN GV 22 Boechout
7,Victor Heylenlei 41,2021-02-20,08:00:00,20,7,13,FMN GV 22 Boechout
7,Victor Heylenlei 41,2021-02-20,09:00:00,81,31,50,FMN GV 22 Boechout
7,Victor Heylenlei 41,2021-02-20,10:00:00,135,55,80,FMN GV 22 Boechout
7,Victor Heylenlei 41,2021-02-20,11:00:00,160,86,74,FMN GV 22 Boechout
7,Victor Heylenlei 41,2021-02-20,12:00:00,162,102,60,FMN GV 22 Boechout
7,Victor Heylenlei 41,2021-02-20,13:00:00,210,99,111,FMN GV 22 Boechout
7,Victor Heylenlei 41,2021-02-20,14:00:00,331,154,177,FMN GV 22 Boechout
7,Victor Heylenlei 41,2021-02-20,15:00:00,311,154,157,FMN GV 22 Boechout
7,Victor Heylenlei 41,2021-02-20,16:00:00,269,149,120,FMN GV 22 Boechout
7,Victor Heylenlei 41,2021-02-20,17:00:00,143,82,61,FMN GV 22 Boechout
7,Victor Heylenlei 41,2021-02-20,18:00:00,57,40,17,FMN GV 22 Boechout
7,Victor Heylenlei 41,2021-02-20,19:00:00,34,15,19,FMN GV 22 Boechout
7,Victor Heylenlei 41,2021-02-20,20:00:00,228,124,104,FMN GV 22 Boechout
7,Victor Heylenlei 41,2021-02-20,21:00:00,13,8,5,FMN GV 22 Boechout
7,Victor Heylenlei 41,2021-02-20,22:00:00,11,4,7,FMN GV 22 Boechout
7,Victor Heylenlei 41,2021-02-20,23:00:00,19,9,10,FMN GV 22 Boechout
7,Victor Heylenlei 41,2021-02-21,00:00:00,0,0,0,FMN GV 22 Boechout
7,Victor Heylenlei 41,2021-02-21,01:00:00,0,0,0,FMN GV 22 Boechout
7,Victor Heylenlei 41,2021-02-21,02:00:00,0,0,0,FMN GV 22 Boechout
7,Victor Heylenlei 41,2021-02-21,03:00:00,0,0,0,FMN GV 22 Boechout
7,Victor Heylenlei 41,2021-02-21,04:00:00,0,0,0,FMN GV 22 Boechout
7,Victor Heylenlei 41,2021-02-21,05:00:00,2,2,0,FMN GV 22 Boechout
7,Victor Heylenlei 41,2021-02-21,06:00:00,5,4,1,FMN GV 22 Boechout
7,Victor Heylenlei 41,2021-02-21,07:00:00,10,5,5,FMN GV 22 Boechout
7,Victor Heylenlei 41,2021-02-21,08:00:00,20,7,13,FMN GV 22 Boechout
7,Victor Heylenlei 41,2021-02-21,09:00:00,152,62,90,FMN GV 22 Boechout
7,Victor Heylenlei 41,2021-02-21,10:00:00,198,74,124,FMN GV 22 Boechout
7,Victor Heylenlei 41,2021-02-21,11:00:00,297,153,144,FMN GV 22 Boechout
7,Victor Heylenlei 41,2021-02-21,12:00:00,279,158,121,FMN GV 22 Boechout
7,Victor Heylenlei 41,2021-02-21,13:00:00,386,191,195,FMN GV 22 Boechout
7,Victor Heylenlei 41,2021-02-21,14:00:00,525,229,296,FMN GV 22 Boechout
7,Victor Heylenlei 41,2021-02-21,15:00:00,384,204,180,FMN GV 22 Boechout
7,Victor Heylenlei 41,2021-02-21,16:00:00,268,138,130,FMN GV 22 Boechout
7,Victor Heylenlei 41,2021-02-21,17:00:00,157,110,47,FMN GV 22 Boechout
7,Victor Heylenlei 41,2021-02-21,18:00:00,56,38,18,FMN GV 22 Boechout
7,Victor Heylenlei 41,2021-02-21,19:00:00,13,12,1,FMN GV 22 Boechout
7,Victor Heylenlei 41,2021-02-21,20:00:00,13,6,7,FMN GV 22 Boechout
7,Victor Heylenlei 41,2021-02-21,21:00:00,11,5,6,FMN GV 22 Boechout
7,Victor Heylenlei 41,2021-02-21,22:00:00,9,3,6,FMN GV 22 Boechout
7,Victor Heylenlei 41,2021-02-21,23:00:00,3,1,2,FMN GV 22 Boechout
7,Victor Heylenlei 41,2021-02-22,00:00:00,0,0,0,FMN GV 22 Boechout
7,Victor Heylenlei 41,2021-02-22,01:00:00,0,0,0,FMN GV 22 Boechout
7,Victor Heylenlei 41,2021-02-22,02:00:00,0,0,0,FMN GV 22 Boechout
7,Victor Heylenlei 41,2021-02-22,03:00:00,0,0,0,FMN GV 22 Boechout
7,Victor Heylenlei 41,2021-02-22,04:00:00,2,2,0,FMN GV 22 Boechout
7,Victor Heylenlei 41,2021-02-22,05:00:00,33,27,6,FMN GV 22 Boechout
7,Victor Heylenlei 41,2021-02-22,06:00:00,30,22,8,FMN GV 22 Boechout
7,Victor Heylenlei 41,2021-02-22,07:00:00,132,92,40,FMN GV 22 Boechout
7,Victor Heylenlei 41,2021-02-22,08:00:00,129,58,71,FMN GV 22 Boechout
7,Victor Heylenlei 41,2021-02-22,09:00:00,63,31,32,FMN GV 22 Boechout
7,Victor Heylenlei 41,2021-02-22,10:00:00,32,11,21,FMN GV 22 Boechout
7,Victor Heylenlei 41,2021-02-22,11:00:00,44,27,17,FMN GV 22 Boechout
7,Victor Heylenlei 41,2021-02-22,12:00:00,66,40,26,FMN GV 22 Boechout
7,Victor Heylenlei 41,2021-02-22,13:00:00,147,71,76,FMN GV 22 Boechout
7,Victor Heylenlei 41,2021-02-22,14:00:00,151,77,74,FMN GV 22 Boechout
7,Victor Heylenlei 41,2021-02-22,15:00:00,132,61,71,FMN GV 22 Boechout
7,Victor Heylenlei 41,2021-02-22,16:00:00,227,116,111,FMN GV 22 Boechout
7,Victor Heylenlei 41,2021-02-22,17:00:00,136,49,87,FMN GV 22 Boechout
7,Victor Heylenlei 41,2021-02-22,18:00:00,187,85,102,FMN GV 22 Boechout
7,Victor Heylenlei 41,2021-02-22,19:00:00,33,9,24,FMN GV 22 Boechout
7,Victor Heylenlei 41,2021-02-22,20:00:00,15,10,5,FMN GV 22 Boechout
7,Victor Heylenlei 41,2021-02-22,21:00:00,16,12,4,FMN GV 22 Boechout
7,Victor Heylenlei 41,2021-02-22,22:00:00,10,3,7,FMN GV 22 Boechout
7,Victor Heylenlei 41,2021-02-22,23:00:00,5,2,3,FMN GV 22 Boechout
7,Victor Heylenlei 41,2021-02-23,00:00:00,0,0,0,FMN GV 22 Boechout
7,Victor Heylenlei 41,2021-02-23,01:00:00,0,0,0,FMN GV 22 Boechout
7,Victor Heylenlei 41,2021-02-23,02:00:00,0,0,0,FMN GV 22 Boechout
7,Victor Heylenlei 41,2021-02-23,03:00:00,1,1,0,FMN GV 22 Boechout
7,Victor Heylenlei 41,2021-02-23,04:00:00,2,2,0,FMN GV 22 Boechout
7,Victor Heylenlei 41,2021-02-23,05:00:00,9,4,5,FMN GV 22 Boechout
7,Victor Heylenlei 41,2021-02-23,06:00:00,34,29,5,FMN GV 22 Boechout
7,Victor Heylenlei 41,2021-02-23,07:00:00,134,93,41,FMN GV 22 Boechout
7,Victor Heylenlei 41,2021-02-23,08:00:00,162,75,87,FMN GV 22 Boechout
7,Victor Heylenlei 41,2021-02-23,09:00:00,57,24,33,FMN GV 22 Boechout
7,Victor Heylenlei 41,2021-02-23,10:00:00,59,30,29,FMN GV 22 Boechout
7,Victor Heylenlei 41,2021-02-23,11:00:00,57,30,27,FMN GV 22 Boechout
7,Victor Heylenlei 41,2021-02-23,12:00:00,58,32,26,FMN GV 22 Boechout
7,Victor Heylenlei 41,2021-02-23,13:00:00,155,78,77,FMN GV 22 Boechout
7,Victor Heylenlei 41,2021-02-23,14:00:00,128,43,85,FMN GV 22 Boechout
7,Victor Heylenlei 41,2021-02-23,15:00:00,156,72,84,FMN GV 22 Boechout
7,Victor Heylenlei 41,2021-02-23,16:00:00,239,125,114,FMN GV 22 Boechout
7,Victor Heylenlei 41,2021-02-23,17:00:00,189,73,116,FMN GV 22 Boechout
7,Victor Heylenlei 41,2021-02-23,18:00:00,77,36,41,FMN GV 22 Boechout
7,Victor Heylenlei 41,2021-02-23,19:00:00,47,25,22,FMN GV 22 Boechout
7,Victor Heylenlei 41,2021-02-23,20:00:00,27,10,17,FMN GV 22 Boechout
7,Victor Heylenlei 41,2021-02-23,21:00:00,30,20,10,FMN GV 22 Boechout
7,Victor Heylenlei 41,2021-02-23,22:00:00,15,2,13,FMN GV 22 Boechout
7,Victor Heylenlei 41,2021-02-23,23:00:00,12,11,1,FMN GV 22 Boechout
7,Victor Heylenlei 41,2021-02-24,00:00:00,0,0,0,FMN GV 22 Boechout
7,Victor Heylenlei 41,2021-02-24,01:00:00,0,0,0,FMN GV 22 Boechout
7,Victor Heylenlei 41,2021-02-24,02:00:00,0,0,0,FMN GV 22 Boechout
7,Victor Heylenlei 41,2021-02-24,03:00:00,2,2,0,FMN GV 22 Boechout
7,Victor Heylenlei 41,2021-02-24,04:00:00,2,1,1,FMN GV 22 Boechout
7,Victor Heylenlei 41,2021-02-24,05:00:00,5,3,2,FMN GV 22 Boechout
7,Victor Heylenlei 41,2021-02-24,06:00:00,42,33,9,FMN GV 22 Boechout
7,Victor Heylenlei 41,2021-02-24,07:00:00,113,74,39,FMN GV 22 Boechout
7,Victor Heylenlei 41,2021-02-24,08:00:00,169,59,110,FMN GV 22 Boechout
7,Victor Heylenlei 41,2021-02-24,09:00:00,59,31,28,FMN GV 22 Boechout
7,Victor Heylenlei 41,2021-02-24,10:00:00,75,36,39,FMN GV 22 Boechout
7,Victor Heylenlei 41,2021-02-24,11:00:00,84,43,41,FMN GV 22 Boechout
7,Victor Heylenlei 41,2021-02-24,12:00:00,191,124,67,FMN GV 22 Boechout
7,Victor Heylenlei 41,2021-02-24,13:00:00,180,82,98,FMN GV 22 Boechout
7,Victor Heylenlei 41,2021-02-24,14:00:00,241,114,127,FMN GV 22 Boechout
7,Victor Heylenlei 41,2021-02-24,15:00:00,209,92,117,FMN GV 22 Boechout
7,Victor Heylenlei 41,2021-02-24,16:00:00,242,133,109,FMN GV 22 Boechout
7,Victor Heylenlei 41,2021-02-24,17:00:00,217,108,109,FMN GV 22 Boechout
7,Victor Heylenlei 41,2021-02-24,18:00:00,89,46,43,FMN GV 22 Boechout
7,Victor Heylenlei 41,2021-02-24,19:00:00,49,21,28,FMN GV 22 Boechout
7,Victor Heylenlei 41,2021-02-24,20:00:00,50,29,21,FMN GV 22 Boechout
7,Victor Heylenlei 41,2021-02-24,21:00:00,25,9,16,FMN GV 22 Boechout
7,Victor Heylenlei 41,2021-02-24,22:00:00,16,10,6,FMN GV 22 Boechout
7,Victor Heylenlei 41,2021-02-24,23:00:00,5,2,3,FMN GV 22 Boechout
7,Victor Heylenlei 41,2021-02-25,00:00:00,0,0,0,FMN GV 22 Boechout
7,Victor Heylenlei 41,2021-02-25,01:00:00,0,0,0,FMN GV 22 Boechout
7,Victor Heylenlei 41,2021-02-25,02:00:00,0,0,0,FMN GV 22 Boechout
7,Victor Heylenlei 41,2021-02-25,03:00:00,1,1,0,FMN GV 22 Boechout
7,Victor Heylenlei 41,2021-02-25,04:00:00,5,3,2,FMN GV 22 Boechout
7,Victor Heylenlei 41,2021-02-25,05:00:00,10,6,4,FMN GV 22 Boechout
7,Victor Heylenlei 41,2021-02-25,06:00:00,33,29,4,FMN GV 22 Boechout
7,Victor Heylenlei 41,2021-02-25,07:00:00,110,76,34,FMN GV 22 Boechout
7,Victor Heylenlei 41,2021-02-25,08:00:00,147,62,85,FMN GV 22 Boechout
7,Victor Heylenlei 41,2021-02-25,09:00:00,70,29,41,FMN GV 22 Boechout
7,Victor Heylenlei 41,2021-02-25,10:00:00,50,18,32,FMN GV 22 Boechout
7,Victor Heylenlei 41,2021-02-25,11:00:00,76,45,31,FMN GV 22 Boechout
7,Victor Heylenlei 41,2021-02-25,12:00:00,98,45,53,FMN GV 22 Boechout
7,Victor Heylenlei 41,2021-02-25,13:00:00,133,57,76,FMN GV 22 Boechout
7,Victor Heylenlei 41,2021-02-25,14:00:00,117,48,69,FMN GV 22 Boechout
7,Victor Heylenlei 41,2021-02-25,15:00:00,125,62,63,FMN GV 22 Boechout
7,Victor Heylenlei 41,2021-02-25,16:00:00,203,121,82,FMN GV 22 Boechout
7,Victor Heylenlei 41,2021-02-25,17:00:00,86,34,52,FMN GV 22 Boechout
7,Victor Heylenlei 41,2021-02-25,18:00:00,49,19,30,FMN GV 22 Boechout
7,Victor Heylenlei 41,2021-02-25,19:00:00,16,4,12,FMN GV 22 Boechout
7,Victor Heylenlei 41,2021-02-25,20:00:00,26,13,13,FMN GV 22 Boechout
7,Victor Heylenlei 41,2021-02-25,21:00:00,7,3,4,FMN GV 22 Boechout
7,Victor Heylenlei 41,2021-02-25,22:00:00,6,4,2,FMN GV 22 Boechout
7,Victor Heylenlei 41,2021-02-25,23:00:00,3,2,1,FMN GV 22 Boechout
7,Victor Heylenlei 41,2021-02-26,00:00:00,1,1,0,FMN GV 22 Boechout
7,Victor Heylenlei 41,2021-02-26,01:00:00,0,0,0,FMN GV 22 Boechout
7,Victor Heylenlei 41,2021-02-26,02:00:00,0,0,0,FMN GV 22 Boechout
7,Victor Heylenlei 41,2021-02-26,03:00:00,0,0,0,FMN GV 22 Boechout
7,Victor Heylenlei 41,2021-02-26,04:00:00,3,3,0,FMN GV 22 Boechout
7,Victor Heylenlei 41,2021-02-26,05:00:00,6,4,2,FMN GV 22 Boechout
7,Victor Heylenlei 41,2021-02-26,06:00:00,19,15,4,FMN GV 22 Boechout
7,Victor Heylenlei 41,2021-02-26,07:00:00,99,65,34,FMN GV 22 Boechout
7,Victor Heylenlei 41,2021-02-26,08:00:00,138,58,80,FMN GV 22 Boechout
7,Victor Heylenlei 41,2021-02-26,09:00:00,45,16,29,FMN GV 22 Boechout
7,Victor Heylenlei 41,2021-02-26,10:00:00,42,19,23,FMN GV 22 Boechout
7,Victor Heylenlei 41,2021-02-26,11:00:00,38,16,22,FMN GV 22 Boechout
7,Victor Heylenlei 41,2021-02-26,12:00:00,66,35,31,FMN GV 22 Boechout
7,Victor Heylenlei 41,2021-02-26,13:00:00,140,76,64,FMN GV 22 Boechout
7,Victor Heylenlei 41,2021-02-26,14:00:00,137,70,67,FMN GV 22 Boechout
7,Victor Heylenlei 41,2021-02-26,15:00:00,115,46,69,FMN GV 22 Boechout
7,Victor Heylenlei 41,2021-02-26,16:00:00,205,127,78,FMN GV 22 Boechout
7,Victor Heylenlei 41,2021-02-26,17:00:00,127,51,76,FMN GV 22 Boechout
7,Victor Heylenlei 41,2021-02-26,18:00:00,52,22,30,FMN GV 22 Boechout
7,Victor Heylenlei 41,2021-02-26,19:00:00,98,44,54,FMN GV 22 Boechout
7,Victor Heylenlei 41,2021-02-26,20:00:00,21,6,15,FMN GV 22 Boechout
7,Victor Heylenlei 41,2021-02-26,21:00:00,15,12,3,FMN GV 22 Boechout
7,Victor Heylenlei 41,2021-02-26,22:00:00,13,7,6,FMN GV 22 Boechout
7,Victor Heylenlei 41,2021-02-26,23:00:00,13,6,7,FMN GV 22 Boechout
7,Victor Heylenlei 41,2021-02-27,00:00:00,2,0,2,FMN GV 22 Boechout
7,Victor Heylenlei 41,2021-02-27,01:00:00,1,0,1,FMN GV 22 Boechout
7,Victor Heylenlei 41,2021-02-27,02:00:00,0,0,0,FMN GV 22 Boechout
7,Victor Heylenlei 41,2021-02-27,03:00:00,0,0,0,FMN GV 22 Boechout
7,Victor Heylenlei 41,2021-02-27,04:00:00,1,1,0,FMN GV 22 Boechout
7,Victor Heylenlei 41,2021-02-27,05:00:00,0,0,0,FMN GV 22 Boechout
7,Victor Heylenlei 41,2021-02-27,06:00:00,4,1,3,FMN GV 22 Boechout
7,Victor Heylenlei 41,2021-02-27,07:00:00,5,2,3,FMN GV 22 Boechout
7,Victor Heylenlei 41,2021-02-27,08:00:00,16,4,12,FMN GV 22 Boechout
7,Victor Heylenlei 41,2021-02-27,09:00:00,51,23,28,FMN GV 22 Boechout
7,Victor Heylenlei 41,2021-02-27,10:00:00,83,34,49,FMN GV 22 Boechout
7,Victor Heylenlei 41,2021-02-27,11:00:00,91,49,42,FMN GV 22 Boechout
7,Victor Heylenlei 41,2021-02-27,12:00:00,83,55,28,FMN GV 22 Boechout
7,Victor Heylenlei 41,2021-02-27,13:00:00,132,71,61,FMN GV 22 Boechout
7,Victor Heylenlei 41,2021-02-27,14:00:00,81,46,35,FMN GV 22 Boechout
7,Victor Heylenlei 41,2021-02-27,15:00:00,76,36,40,FMN GV 22 Boechout
7,Victor Heylenlei 41,2021-02-27,16:00:00,108,63,45,FMN GV 22 Boechout
7,Victor Heylenlei 41,2021-02-27,17:00:00,57,45,12,FMN GV 22 Boechout
7,Victor Heylenlei 41,2021-02-27,18:00:00,29,13,16,FMN GV 22 Boechout
7,Victor Heylenlei 41,2021-02-27,19:00:00,8,5,3,FMN GV 22 Boechout
7,Victor Heylenlei 41,2021-02-27,20:00:00,11,5,6,FMN GV 22 Boechout
7,Victor Heylenlei 41,2021-02-27,21:00:00,12,5,7,FMN GV 22 Boechout
7,Victor Heylenlei 41,2021-02-27,22:00:00,5,2,3,FMN GV 22 Boechout
7,Victor Heylenlei 41,2021-02-27,23:00:00,13,9,4,FMN GV 22 Boechout
7,Victor Heylenlei 41,2021-02-28,00:00:00,0,0,0,FMN GV 22 Boechout
7,Victor Heylenlei 41,2021-02-28,01:00:00,0,0,0,FMN GV 22 Boechout
7,Victor Heylenlei 41,2021-02-28,02:00:00,0,0,0,FMN GV 22 Boechout
7,Victor Heylenlei 41,2021-02-28,03:00:00,1,0,1,FMN GV 22 Boechout
7,Victor Heylenlei 41,2021-02-28,04:00:00,0,0,0,FMN GV 22 Boechout
7,Victor Heylenlei 41,2021-02-28,05:00:00,0,0,0,FMN GV 22 Boechout
7,Victor Heylenlei 41,2021-02-28,06:00:00,2,0,2,FMN GV 22 Boechout
7,Victor Heylenlei 41,2021-02-28,07:00:00,8,5,3,FMN GV 22 Boechout
7,Victor Heylenlei 41,2021-02-28,08:00:00,27,12,15,FMN GV 22 Boechout
7,Victor Heylenlei 41,2021-02-28,09:00:00,77,33,44,FMN GV 22 Boechout
7,Victor Heylenlei 41,2021-02-28,10:00:00,184,68,116,FMN GV 22 Boechout
7,Victor Heylenlei 41,2021-02-28,11:00:00,256,137,119,FMN GV 22 Boechout
7,Victor Heylenlei 41,2021-02-28,12:00:00,210,119,91,FMN GV 22 Boechout
7,Victor Heylenlei 41,2021-02-28,13:00:00,208,98,110,FMN GV 22 Boechout
7,Victor Heylenlei 41,2021-02-28,14:00:00,243,124,119,FMN GV 22 Boechout
7,Victor Heylenlei 41,2021-02-28,15:00:00,262,141,121,FMN GV 22 Boechout
7,Victor Heylenlei 41,2021-02-28,16:00:00,201,108,93,FMN GV 22 Boechout
7,Victor Heylenlei 41,2021-02-28,17:00:00,94,52,42,FMN GV 22 Boechout
7,Victor Heylenlei 41,2021-02-28,18:00:00,32,16,16,FMN GV 22 Boechout
7,Victor Heylenlei 41,2021-02-28,19:00:00,22,14,8,FMN GV 22 Boechout
7,Victor Heylenlei 41,2021-02-28,20:00:00,7,5,2,FMN GV 22 Boechout
7,Victor Heylenlei 41,2021-02-28,21:00:00,10,7,3,FMN GV 22 Boechout
7,Victor Heylenlei 41,2021-02-28,22:00:00,11,6,5,FMN GV 22 Boechout
7,Victor Heylenlei 41,2021-02-28,23:00:00,3,2,1,FMN GV 22 Boechout
7,Victor Heylenlei 41,2021-03-01,00:00:00,1,0,1,FMN GV 22 Boechout
7,Victor Heylenlei 41,2021-03-01,01:00:00,0,0,0,FMN GV 22 Boechout
7,Victor Heylenlei 41,2021-03-01,02:00:00,0,0,0,FMN GV 22 Boechout
7,Victor Heylenlei 41,2021-03-01,03:00:00,1,0,1,FMN GV 22 Boechout
7,Victor Heylenlei 41,2021-03-01,04:00:00,4,4,0,FMN GV 22 Boechout
7,Victor Heylenlei 41,2021-03-01,05:00:00,8,7,1,FMN GV 22 Boechout
7,Victor Heylenlei 41,2021-03-01,06:00:00,26,22,4,FMN GV 22 Boechout
7,Victor Heylenlei 41,2021-03-01,07:00:00,95,70,25,FMN GV 22 Boechout
7,Victor Heylenlei 41,2021-03-01,08:00:00,153,62,91,FMN GV 22 Boechout
7,Victor Heylenlei 41,2021-03-01,09:00:00,37,24,13,FMN GV 22 Boechout
7,Victor Heylenlei 41,2021-03-01,10:00:00,26,12,14,FMN GV 22 Boechout
7,Victor Heylenlei 41,2021-03-01,11:00:00,30,20,10,FMN GV 22 Boechout
7,Victor Heylenlei 41,2021-03-01,12:00:00,58,36,22,FMN GV 22 Boechout
7,Victor Heylenlei 41,2021-03-01,13:00:00,85,45,40,FMN GV 22 Boechout
7,Victor Heylenlei 41,2021-03-01,14:00:00,121,50,71,FMN GV 22 Boechout
7,Victor Heylenlei 41,2021-03-01,15:00:00,121,50,71,FMN GV 22 Boechout
7,Victor Heylenlei 41,2021-03-01,16:00:00,182,96,86,FMN GV 22 Boechout
7,Victor Heylenlei 41,2021-03-01,17:00:00,127,66,61,FMN GV 22 Boechout
7,Victor Heylenlei 41,2021-03-01,18:00:00,63,23,40,FMN GV 22 Boechout
7,Victor Heylenlei 41,2021-03-01,19:00:00,21,5,16,FMN GV 22 Boechout
7,Victor Heylenlei 41,2021-03-01,20:00:00,20,12,8,FMN GV 22 Boechout
7,Victor Heylenlei 41,2021-03-01,21:00:00,9,5,4,FMN GV 22 Boechout
7,Victor Heylenlei 41,2021-03-01,22:00:00,13,10,3,FMN GV 22 Boechout
7,Victor Heylenlei 41,2021-03-01,23:00:00,4,2,2,FMN GV 22 Boechout
7,Victor Heylenlei 41,2021-03-02,00:00:00,0,0,0,FMN GV 22 Boechout
7,Victor Heylenlei 41,2021-03-02,01:00:00,0,0,0,FMN GV 22 Boechout
7,Victor Heylenlei 41,2021-03-02,02:00:00,0,0,0,FMN GV 22 Boechout
7,Victor Heylenlei 41,2021-03-02,03:00:00,2,1,1,FMN GV 22 Boechout
7,Victor Heylenlei 41,2021-03-02,04:00:00,1,1,0,FMN GV 22 Boechout
7,Victor Heylenlei 41,2021-03-02,05:00:00,10,8,2,FMN GV 22 Boechout
7,Victor Heylenlei 41,2021-03-02,06:00:00,29,23,6,FMN GV 22 Boechout
7,Victor Heylenlei 41,2021-03-02,07:00:00,103,72,31,FMN GV 22 Boechout
7,Victor Heylenlei 41,2021-03-02,08:00:00,179,62,117,FMN GV 22 Boechout
7,Victor Heylenlei 41,2021-03-02,09:00:00,39,25,14,FMN GV 22 Boechout
7,Victor Heylenlei 41,2021-03-02,10:00:00,50,31,19,FMN GV 22 Boechout
7,Victor Heylenlei 41,2021-03-02,11:00:00,56,34,22,FMN GV 22 Boechout
7,Victor Heylenlei 41,2021-03-02,12:00:00,117,60,57,FMN GV 22 Boechout
7,Victor Heylenlei 41,2021-03-02,13:00:00,171,67,104,FMN GV 22 Boechout
7,Victor Heylenlei 41,2021-03-02,14:00:00,194,88,106,FMN GV 22 Boechout
7,Victor Heylenlei 41,2021-03-02,15:00:00,193,92,101,FMN GV 22 Boechout
7,Victor Heylenlei 41,2021-03-02,16:00:00,250,115,135,FMN GV 22 Boechout
7,Victor Heylenlei 41,2021-03-02,17:00:00,191,90,101,FMN GV 22 Boechout
7,Victor Heylenlei 41,2021-03-02,18:00:00,116,66,50,FMN GV 22 Boechout
7,Victor Heylenlei 41,2021-03-02,19:00:00,39,17,22,FMN GV 22 Boechout
7,Victor Heylenlei 41,2021-03-02,20:00:00,27,17,10,FMN GV 22 Boechout
7,Victor Heylenlei 41,2021-03-02,21:00:00,7,4,3,FMN GV 22 Boechout
7,Victor Heylenlei 41,2021-03-02,22:00:00,13,3,10,FMN GV 22 Boechout
7,Victor Heylenlei 41,2021-03-02,23:00:00,32,25,7,FMN GV 22 Boechout
7,Victor Heylenlei 41,2021-03-03,00:00:00,2,0,2,FMN GV 22 Boechout
7,Victor Heylenlei 41,2021-03-03,01:00:00,0,0,0,FMN GV 22 Boechout
7,Victor Heylenlei 41,2021-03-03,02:00:00,1,0,1,FMN GV 22 Boechout
7,Victor Heylenlei 41,2021-03-03,03:00:00,0,0,0,FMN GV 22 Boechout
7,Victor Heylenlei 41,2021-03-03,04:00:00,2,2,0,FMN GV 22 Boechout
7,Victor Heylenlei 41,2021-03-03,05:00:00,11,9,2,FMN GV 22 Boechout
7,Victor Heylenlei 41,2021-03-03,06:00:00,28,24,4,FMN GV 22 Boechout
7,Victor Heylenlei 41,2021-03-03,07:00:00,107,71,36,FMN GV 22 Boechout
7,Victor Heylenlei 41,2021-03-03,08:00:00,142,54,88,FMN GV 22 Boechout
7,Victor Heylenlei 41,2021-03-03,09:00:00,50,14,36,FMN GV 22 Boechout
7,Victor Heylenlei 41,2021-03-03,10:00:00,44,29,15,FMN GV 22 Boechout
7,Victor Heylenlei 41,2021-03-03,11:00:00,81,45,36,FMN GV 22 Boechout
7,Victor Heylenlei 41,2021-03-03,12:00:00,141,88,53,FMN GV 22 Boechout
7,Victor Heylenlei 41,2021-03-03,13:00:00,197,99,98,FMN GV 22 Boechout
7,Victor Heylenlei 41,2021-03-03,14:00:00,226,92,134,FMN GV 22 Boechout
7,Victor Heylenlei 41,2021-03-03,15:00:00,155,83,72,FMN GV 22 Boechout
7,Victor Heylenlei 41,2021-03-03,16:00:00,183,82,101,FMN GV 22 Boechout
7,Victor Heylenlei 41,2021-03-03,17:00:00,164,70,94,FMN GV 22 Boechout
7,Victor Heylenlei 41,2021-03-03,18:00:00,99,54,45,FMN GV 22 Boechout
7,Victor Heylenlei 41,2021-03-03,19:00:00,50,24,26,FMN GV 22 Boechout
7,Victor Heylenlei 41,2021-03-03,20:00:00,15,6,9,FMN GV 22 Boechout
7,Victor Heylenlei 41,2021-03-03,21:00:00,12,4,8,FMN GV 22 Boechout
7,Victor Heylenlei 41,2021-03-03,22:00:00,11,5,6,FMN GV 22 Boechout
7,Victor Heylenlei 41,2021-03-03,23:00:00,3,3,0,FMN GV 22 Boechout
7,Victor Heylenlei 41,2021-03-04,00:00:00,0,0,0,FMN GV 22 Boechout
7,Victor Heylenlei 41,2021-03-04,01:00:00,0,0,0,FMN GV 22 Boechout
7,Victor Heylenlei 41,2021-03-04,02:00:00,0,0,0,FMN GV 22 Boechout
7,Victor Heylenlei 41,2021-03-04,03:00:00,0,0,0,FMN GV 22 Boechout
7,Victor Heylenlei 41,2021-03-04,04:00:00,2,2,0,FMN GV 22 Boechout
7,Victor Heylenlei 41,2021-03-04,05:00:00,9,6,3,FMN GV 22 Boechout
7,Victor Heylenlei 41,2021-03-04,06:00:00,14,13,1,FMN GV 22 Boechout
7,Victor Heylenlei 41,2021-03-04,07:00:00,81,58,23,FMN GV 22 Boechout
7,Victor Heylenlei 41,2021-03-04,08:00:00,139,49,90,FMN GV 22 Boechout
7,Victor Heylenlei 41,2021-03-04,09:00:00,21,10,11,FMN GV 22 Boechout
7,Victor Heylenlei 41,2021-03-04,10:00:00,11,5,6,FMN GV 22 Boechout
7,Victor Heylenlei 41,2021-03-04,11:00:00,11,7,4,FMN GV 22 Boechout
7,Victor Heylenlei 41,2021-03-04,12:00:00,39,22,17,FMN GV 22 Boechout
7,Victor Heylenlei 41,2021-03-04,13:00:00,52,25,27,FMN GV 22 Boechout
7,Victor Heylenlei 41,2021-03-04,14:00:00,50,9,41,FMN GV 22 Boechout
7,Victor Heylenlei 41,2021-03-04,15:00:00,54,23,31,FMN GV 22 Boechout
7,Victor Heylenlei 41,2021-03-04,16:00:00,118,73,45,FMN GV 22 Boechout
7,Victor Heylenlei 41,2021-03-04,17:00:00,79,39,40,FMN GV 22 Boechout
7,Victor Heylenlei 41,2021-03-04,18:00:00,36,16,20,FMN GV 22 Boechout
7,Victor Heylenlei 41,2021-03-04,19:00:00,24,9,15,FMN GV 22 Boechout
7,Victor Heylenlei 41,2021-03-04,20:00:00,8,5,3,FMN GV 22 Boechout
7,Victor Heylenlei 41,2021-03-04,21:00:00,8,3,5,FMN GV 22 Boechout
7,Victor Heylenlei 41,2021-03-04,22:00:00,11,6,5,FMN GV 22 Boechout
7,Victor Heylenlei 41,2021-03-04,23:00:00,6,4,2,FMN GV 22 Boechout
7,Victor Heylenlei 41,2021-03-05,00:00:00,3,2,1,FMN GV 22 Boechout
7,Victor Heylenlei 41,2021-03-05,01:00:00,0,0,0,FMN GV 22 Boechout
7,Victor Heylenlei 41,2021-03-05,02:00:00,0,0,0,FMN GV 22 Boechout
7,Victor Heylenlei 41,2021-03-05,03:00:00,0,0,0,FMN GV 22 Boechout
7,Victor Heylenlei 41,2021-03-05,04:00:00,2,2,0,FMN GV 22 Boechout
7,Victor Heylenlei 41,2021-03-05,05:00:00,7,5,2,FMN GV 22 Boechout
7,Victor Heylenlei 41,2021-03-05,06:00:00,17,12,5,FMN GV 22 Boechout
7,Victor Heylenlei 41,2021-03-05,07:00:00,96,64,32,FMN GV 22 Boechout
7,Victor Heylenlei 41,2021-03-05,08:00:00,125,46,79,FMN GV 22 Boechout
7,Victor Heylenlei 41,2021-03-05,09:00:00,38,17,21,FMN GV 22 Boechout
7,Victor Heylenlei 41,2021-03-05,10:00:00,43,19,24,FMN GV 22 Boechout
7,Victor Heylenlei 41,2021-03-05,11:00:00,47,24,23,FMN GV 22 Boechout
7,Victor Heylenlei 41,2021-03-05,12:00:00,71,44,27,FMN GV 22 Boechout
7,Victor Heylenlei 41,2021-03-05,13:00:00,99,52,47,FMN GV 22 Boechout
7,Victor Heylenlei 41,2021-03-05,14:00:00,113,47,66,FMN GV 22 Boechout
7,Victor Heylenlei 41,2021-03-05,15:00:00,110,52,58,FMN GV 22 Boechout
7,Victor Heylenlei 41,2021-03-05,16:00:00,178,87,91,FMN GV 22 Boechout
7,Victor Heylenlei 41,2021-03-05,17:00:00,123,60,63,FMN GV 22 Boechout
7,Victor Heylenlei 41,2021-03-05,18:00:00,43,16,27,FMN GV 22 Boechout
7,Victor Heylenlei 41,2021-03-05,19:00:00,23,10,13,FMN GV 22 Boechout
7,Victor Heylenlei 41,2021-03-05,20:00:00,32,10,22,FMN GV 22 Boechout
7,Victor Heylenlei 41,2021-03-05,21:00:00,17,8,9,FMN GV 22 Boechout
7,Victor Heylenlei 41,2021-03-05,22:00:00,11,5,6,FMN GV 22 Boechout
7,Victor Heylenlei 41,2021-03-05,23:00:00,16,9,7,FMN GV 22 Boechout
7,Victor Heylenlei 41,2021-03-06,00:00:00,2,2,0,FMN GV 22 Boechout
7,Victor Heylenlei 41,2021-03-06,01:00:00,2,0,2,FMN GV 22 Boechout
7,Victor Heylenlei 41,2021-03-06,02:00:00,0,0,0,FMN GV 22 Boechout
7,Victor Heylenlei 41,2021-03-06,03:00:00,0,0,0,FMN GV 22 Boechout
7,Victor Heylenlei 41,2021-03-06,04:00:00,0,0,0,FMN GV 22 Boechout
7,Victor Heylenlei 41,2021-03-06,05:00:00,3,2,1,FMN GV 22 Boechout
7,Victor Heylenlei 41,2021-03-06,06:00:00,6,4,2,FMN GV 22 Boechout
7,Victor Heylenlei 41,2021-03-06,07:00:00,2,1,1,FMN GV 22 Boechout
7,Victor Heylenlei 41,2021-03-06,08:00:00,12,2,10,FMN GV 22 Boechout
7,Victor Heylenlei 41,2021-03-06,09:00:00,57,19,38,FMN GV 22 Boechout
7,Victor Heylenlei 41,2021-03-06,10:00:00,72,33,39,FMN GV 22 Boechout
7,Victor Heylenlei 41,2021-03-06,11:00:00,77,34,43,FMN GV 22 Boechout
7,Victor Heylenlei 41,2021-03-06,12:00:00,103,56,47,FMN GV 22 Boechout
7,Victor Heylenlei 41,2021-03-06,13:00:00,113,48,65,FMN GV 22 Boechout
7,Victor Heylenlei 41,2021-03-06,14:00:00,167,89,78,FMN GV 22 Boechout
7,Victor Heylenlei 41,2021-03-06,15:00:00,179,81,98,FMN GV 22 Boechout
7,Victor Heylenlei 41,2021-03-06,16:00:00,127,71,56,FMN GV 22 Boechout
7,Victor Heylenlei 41,2021-03-06,17:00:00,85,50,35,FMN GV 22 Boechout
7,Victor Heylenlei 41,2021-03-06,18:00:00,44,27,17,FMN GV 22 Boechout
7,Victor Heylenlei 41,2021-03-06,19:00:00,118,67,51,FMN GV 22 Boechout
7,Victor Heylenlei 41,2021-03-06,20:00:00,16,8,8,FMN GV 22 Boechout
7,Victor Heylenlei 41,2021-03-06,21:00:00,2,1,1,FMN GV 22 Boechout
7,Victor Heylenlei 41,2021-03-06,22:00:00,7,2,5,FMN GV 22 Boechout
7,Victor Heylenlei 41,2021-03-06,23:00:00,14,10,4,FMN GV 22 Boechout
7,Victor Heylenlei 41,2021-03-07,00:00:00,2,0,2,FMN GV 22 Boechout
7,Victor Heylenlei 41,2021-03-07,01:00:00,0,0,0,FMN GV 22 Boechout
7,Victor Heylenlei 41,2021-03-07,02:00:00,0,0,0,FMN GV 22 Boechout
7,Victor Heylenlei 41,2021-03-07,03:00:00,0,0,0,FMN GV 22 Boechout
7,Victor Heylenlei 41,2021-03-07,04:00:00,0,0,0,FMN GV 22 Boechout
7,Victor Heylenlei 41,2021-03-07,05:00:00,2,1,1,FMN GV 22 Boechout
7,Victor Heylenlei 41,2021-03-07,06:00:00,2,2,0,FMN GV 22 Boechout
7,Victor Heylenlei 41,2021-03-07,07:00:00,7,4,3,FMN GV 22 Boechout
7,Victor Heylenlei 41,2021-03-07,08:00:00,11,5,6,FMN GV 22 Boechout
7,Victor Heylenlei 41,2021-03-07,09:00:00,78,21,57,FMN GV 22 Boechout
7,Victor Heylenlei 41,2021-03-07,10:00:00,157,67,90,FMN GV 22 Boechout
7,Victor Heylenlei 41,2021-03-07,11:00:00,178,94,84,FMN GV 22 Boechout
7,Victor Heylenlei 41,2021-03-07,12:00:00,184,111,73,FMN GV 22 Boechout
7,Victor Heylenlei 41,2021-03-07,13:00:00,189,85,104,FMN GV 22 Boechout
7,Victor Heylenlei 41,2021-03-07,14:00:00,199,91,108,FMN GV 22 Boechout
7,Victor Heylenlei 41,2021-03-07,15:00:00,173,89,84,FMN GV 22 Boechout
7,Victor Heylenlei 41,2021-03-07,16:00:00,116,62,54,FMN GV 22 Boechout
7,Victor Heylenlei 41,2021-03-07,17:00:00,65,40,25,FMN GV 22 Boechout
7,Victor Heylenlei 41,2021-03-07,18:00:00,62,30,32,FMN GV 22 Boechout
7,Victor Heylenlei 41,2021-03-07,19:00:00,23,8,15,FMN GV 22 Boechout
7,Victor Heylenlei 41,2021-03-07,20:00:00,6,4,2,FMN GV 22 Boechout
7,Victor Heylenlei 41,2021-03-07,21:00:00,13,6,7,FMN GV 22 Boechout
7,Victor Heylenlei 41,2021-03-07,22:00:00,6,2,4,FMN GV 22 Boechout
7,Victor Heylenlei 41,2021-03-07,23:00:00,3,2,1,FMN GV 22 Boechout
7,Victor Heylenlei 41,2021-03-08,00:00:00,0,0,0,FMN GV 22 Boechout
7,Victor Heylenlei 41,2021-03-08,01:00:00,0,0,0,FMN GV 22 Boechout
7,Victor Heylenlei 41,2021-03-08,02:00:00,0,0,0,FMN GV 22 Boechout
7,Victor Heylenlei 41,2021-03-08,03:00:00,0,0,0,FMN GV 22 Boechout
7,Victor Heylenlei 41,2021-03-08,04:00:00,3,3,0,FMN GV 22 Boechout
7,Victor Heylenlei 41,2021-03-08,05:00:00,12,8,4,FMN GV 22 Boechout
7,Victor Heylenlei 41,2021-03-08,06:00:00,24,17,7,FMN GV 22 Boechout
7,Victor Heylenlei 41,2021-03-08,07:00:00,98,66,32,FMN GV 22 Boechout
7,Victor Heylenlei 41,2021-03-08,08:00:00,116,58,58,FMN GV 22 Boechout
7,Victor Heylenlei 41,2021-03-08,09:00:00,44,13,31,FMN GV 22 Boechout
7,Victor Heylenlei 41,2021-03-08,10:00:00,41,19,22,FMN GV 22 Boechout
7,Victor Heylenlei 41,2021-03-08,11:00:00,49,27,22,FMN GV 22 Boechout
7,Victor Heylenlei 41,2021-03-08,12:00:00,59,31,28,FMN GV 22 Boechout
7,Victor Heylenlei 41,2021-03-08,13:00:00,146,81,65,FMN GV 22 Boechout
7,Victor Heylenlei 41,2021-03-08,14:00:00,136,61,75,FMN GV 22 Boechout
7,Victor Heylenlei 41,2021-03-08,15:00:00,133,65,68,FMN GV 22 Boechout
7,Victor Heylenlei 41,2021-03-08,16:00:00,201,110,91,FMN GV 22 Boechout
7,Victor Heylenlei 41,2021-03-08,17:00:00,115,36,79,FMN GV 22 Boechout
7,Victor Heylenlei 41,2021-03-08,18:00:00,57,25,32,FMN GV 22 Boechout
7,Victor Heylenlei 41,2021-03-08,19:00:00,22,11,11,FMN GV 22 Boechout
7,Victor Heylenlei 41,2021-03-08,20:00:00,15,8,7,FMN GV 22 Boechout
7,Victor Heylenlei 41,2021-03-08,21:00:00,9,6,3,FMN GV 22 Boechout
7,Victor Heylenlei 41,2021-03-08,22:00:00,12,3,9,FMN GV 22 Boechout
7,Victor Heylenlei 41,2021-03-08,23:00:00,2,1,1,FMN GV 22 Boechout
7,Victor Heylenlei 41,2021-03-09,00:00:00,0,0,0,FMN GV 22 Boechout
7,Victor Heylenlei 41,2021-03-09,01:00:00,0,0,0,FMN GV 22 Boechout
7,Victor Heylenlei 41,2021-03-09,02:00:00,0,0,0,FMN GV 22 Boechout
7,Victor Heylenlei 41,2021-03-09,03:00:00,1,1,0,FMN GV 22 Boechout
7,Victor Heylenlei 41,2021-03-09,04:00:00,2,2,0,FMN GV 22 Boechout
7,Victor Heylenlei 41,2021-03-09,05:00:00,10,7,3,FMN GV 22 Boechout
7,Victor Heylenlei 41,2021-03-09,06:00:00,29,24,5,FMN GV 22 Boechout
7,Victor Heylenlei 41,2021-03-09,07:00:00,82,61,21,FMN GV 22 Boechout
7,Victor Heylenlei 41,2021-03-09,08:00:00,125,57,68,FMN GV 22 Boechout
7,Victor Heylenlei 41,2021-03-09,09:00:00,50,21,29,FMN GV 22 Boechout
7,Victor Heylenlei 41,2021-03-09,10:00:00,23,15,8,FMN GV 22 Boechout
7,Victor Heylenlei 41,2021-03-09,11:00:00,20,12,8,FMN GV 22 Boechout
7,Victor Heylenlei 41,2021-03-09,12:00:00,28,8,20,FMN GV 22 Boechout
7,Victor Heylenlei 41,2021-03-09,13:00:00,65,33,32,FMN GV 22 Boechout
7,Victor Heylenlei 41,2021-03-09,14:00:00,60,23,37,FMN GV 22 Boechout
7,Victor Heylenlei 41,2021-03-09,15:00:00,51,15,36,FMN GV 22 Boechout
7,Victor Heylenlei 41,2021-03-09,16:00:00,137,86,51,FMN GV 22 Boechout
7,Victor Heylenlei 41,2021-03-09,17:00:00,79,31,48,FMN GV 22 Boechout
7,Victor Heylenlei 41,2021-03-09,18:00:00,73,27,46,FMN GV 22 Boechout
7,Victor Heylenlei 41,2021-03-09,19:00:00,17,8,9,FMN GV 22 Boechout
7,Victor Heylenlei 41,2021-03-09,20:00:00,24,14,10,FMN GV 22 Boechout
7,Victor Heylenlei 41,2021-03-09,21:00:00,13,8,5,FMN GV 22 Boechout
7,Victor Heylenlei 41,2021-03-09,22:00:00,18,6,12,FMN GV 22 Boechout
7,Victor Heylenlei 41,2021-03-09,23:00:00,4,2,2,FMN GV 22 Boechout
7,Victor Heylenlei 41,2021-03-10,00:00:00,0,0,0,FMN GV 22 Boechout
7,Victor Heylenlei 41,2021-03-10,01:00:00,0,0,0,FMN GV 22 Boechout
7,Victor Heylenlei 41,2021-03-10,02:00:00,0,0,0,FMN GV 22 Boechout
7,Victor Heylenlei 41,2021-03-10,03:00:00,0,0,0,FMN GV 22 Boechout
7,Victor Heylenlei 41,2021-03-10,04:00:00,3,2,1,FMN GV 22 Boechout
7,Victor Heylenlei 41,2021-03-10,05:00:00,6,5,1,FMN GV 22 Boechout
7,Victor Heylenlei 41,2021-03-10,06:00:00,22,15,7,FMN GV 22 Boechout
7,Victor Heylenlei 41,2021-03-10,07:00:00,80,53,27,FMN GV 22 Boechout
7,Victor Heylenlei 41,2021-03-10,08:00:00,119,44,75,FMN GV 22 Boechout
7,Victor Heylenlei 41,2021-03-10,09:00:00,52,30,22,FMN GV 22 Boechout
7,Victor Heylenlei 41,2021-03-10,10:00:00,37,15,22,FMN GV 22 Boechout
7,Victor Heylenlei 41,2021-03-10,11:00:00,43,22,21,FMN GV 22 Boechout
7,Victor Heylenlei 41,2021-03-10,12:00:00,129,88,41,FMN GV 22 Boechout
7,Victor Heylenlei 41,2021-03-10,13:00:00,55,30,25,FMN GV 22 Boechout
7,Victor Heylenlei 41,2021-03-10,14:00:00,48,25,23,FMN GV 22 Boechout
7,Victor Heylenlei 41,2021-03-10,15:00:00,54,23,31,FMN GV 22 Boechout
7,Victor Heylenlei 41,2021-03-10,16:00:00,48,22,26,FMN GV 22 Boechout
7,Victor Heylenlei 41,2021-03-10,17:00:00,54,20,34,FMN GV 22 Boechout
7,Victor Heylenlei 41,2021-03-10,18:00:00,47,23,24,FMN GV 22 Boechout
7,Victor Heylenlei 41,2021-03-10,19:00:00,16,8,8,FMN GV 22 Boechout
7,Victor Heylenlei 41,2021-03-10,20:00:00,16,7,9,FMN GV 22 Boechout
7,Victor Heylenlei 41,2021-03-10,21:00:00,6,5,1,FMN GV 22 Boechout
7,Victor Heylenlei 41,2021-03-10,22:00:00,9,5,4,FMN GV 22 Boechout
7,Victor Heylenlei 41,2021-03-10,23:00:00,7,3,4,FMN GV 22 Boechout
7,Victor Heylenlei 41,2021-03-11,00:00:00,1,0,1,FMN GV 22 Boechout
7,Victor Heylenlei 41,2021-03-11,01:00:00,0,0,0,FMN GV 22 Boechout
7,Victor Heylenlei 41,2021-03-11,02:00:00,0,0,0,FMN GV 22 Boechout
7,Victor Heylenlei 41,2021-03-11,03:00:00,0,0,0,FMN GV 22 Boechout
7,Victor Heylenlei 41,2021-03-11,04:00:00,1,1,0,FMN GV 22 Boechout
7,Victor Heylenlei 41,2021-03-11,05:00:00,5,3,2,FMN GV 22 Boechout
7,Victor Heylenlei 41,2021-03-11,06:00:00,10,9,1,FMN GV 22 Boechout
7,Victor Heylenlei 41,2021-03-11,07:00:00,56,40,16,FMN GV 22 Boechout
7,Victor Heylenlei 41,2021-03-11,08:00:00,83,33,50,FMN GV 22 Boechout
7,Victor Heylenlei 41,2021-03-11,09:00:00,35,14,21,FMN GV 22 Boechout
7,Victor Heylenlei 41,2021-03-11,10:00:00,13,6,7,FMN GV 22 Boechout
7,Victor Heylenlei 41,2021-03-11,11:00:00,10,3,7,FMN GV 22 Boechout
7,Victor Heylenlei 41,2021-03-11,12:00:00,20,10,10,FMN GV 22 Boechout
7,Victor Heylenlei 41,2021-03-11,13:00:00,43,23,20,FMN GV 22 Boechout
7,Victor Heylenlei 41,2021-03-11,14:00:00,27,9,18,FMN GV 22 Boechout
7,Victor Heylenlei 41,2021-03-11,15:00:00,30,8,22,FMN GV 22 Boechout
7,Victor Heylenlei 41,2021-03-11,16:00:00,109,73,36,FMN GV 22 Boechout
7,Victor Heylenlei 41,2021-03-11,17:00:00,45,16,29,FMN GV 22 Boechout
7,Victor Heylenlei 41,2021-03-11,18:00:00,41,20,21,FMN GV 22 Boechout
7,Victor Heylenlei 41,2021-03-11,19:00:00,17,7,10,FMN GV 22 Boechout
7,Victor Heylenlei 41,2021-03-11,20:00:00,13,6,7,FMN GV 22 Boechout
7,Victor Heylenlei 41,2021-03-11,21:00:00,4,3,1,FMN GV 22 Boechout
7,Victor Heylenlei 41,2021-03-11,22:00:00,8,2,6,FMN GV 22 Boechout
7,Victor Heylenlei 41,2021-03-11,23:00:00,2,1,1,FMN GV 22 Boechout
7,Victor Heylenlei 41,2021-03-12,00:00:00,0,0,0,FMN GV 22 Boechout
7,Victor Heylenlei 41,2021-03-12,01:00:00,0,0,0,FMN GV 22 Boechout
7,Victor Heylenlei 41,2021-03-12,02:00:00,0,0,0,FMN GV 22 Boechout
7,Victor Heylenlei 41,2021-03-12,03:00:00,0,0,0,FMN GV 22 Boechout
7,Victor Heylenlei 41,2021-03-12,04:00:00,3,2,1,FMN GV 22 Boechout
7,Victor Heylenlei 41,2021-03-12,05:00:00,6,3,3,FMN GV 22 Boechout
7,Victor Heylenlei 41,2021-03-12,06:00:00,20,14,6,FMN GV 22 Boechout
7,Victor Heylenlei 41,2021-03-12,07:00:00,65,40,25,FMN GV 22 Boechout
7,Victor Heylenlei 41,2021-03-12,08:00:00,104,36,68,FMN GV 22 Boechout
7,Victor Heylenlei 41,2021-03-12,09:00:00,39,13,26,FMN GV 22 Boechout
7,Victor Heylenlei 41,2021-03-12,10:00:00,43,24,19,FMN GV 22 Boechout
7,Victor Heylenlei 41,2021-03-12,11:00:00,25,13,12,FMN GV 22 Boechout
7,Victor Heylenlei 41,2021-03-12,12:00:00,40,24,16,FMN GV 22 Boechout
7,Victor Heylenlei 41,2021-03-12,13:00:00,74,42,32,FMN GV 22 Boechout
7,Victor Heylenlei 41,2021-03-12,14:00:00,30,10,20,FMN GV 22 Boechout
7,Victor Heylenlei 41,2021-03-12,15:00:00,23,12,11,FMN GV 22 Boechout
7,Victor Heylenlei 41,2021-03-12,16:00:00,122,75,47,FMN GV 22 Boechout
7,Victor Heylenlei 41,2021-03-12,17:00:00,43,17,26,FMN GV 22 Boechout
7,Victor Heylenlei 41,2021-03-12,18:00:00,34,19,15,FMN GV 22 Boechout
7,Victor Heylenlei 41,2021-03-12,19:00:00,23,8,15,FMN GV 22 Boechout
7,Victor Heylenlei 41,2021-03-12,20:00:00,16,9,7,FMN GV 22 Boechout
7,Victor Heylenlei 41,2021-03-12,21:00:00,6,5,1,FMN GV 22 Boechout
7,Victor Heylenlei 41,2021-03-12,22:00:00,11,5,6,FMN GV 22 Boechout
7,Victor Heylenlei 41,2021-03-12,23:00:00,17,10,7,FMN GV 22 Boechout
7,Victor Heylenlei 41,2021-03-13,00:00:00,11,5,6,FMN GV 22 Boechout
7,Victor Heylenlei 41,2021-03-13,01:00:00,3,1,2,FMN GV 22 Boechout
7,Victor Heylenlei 41,2021-03-13,02:00:00,2,1,1,FMN GV 22 Boechout
7,Victor Heylenlei 41,2021-03-13,03:00:00,1,1,0,FMN GV 22 Boechout
7,Victor Heylenlei 41,2021-03-13,04:00:00,0,0,0,FMN GV 22 Boechout
7,Victor Heylenlei 41,2021-03-13,05:00:00,3,3,0,FMN GV 22 Boechout
7,Victor Heylenlei 41,2021-03-13,06:00:00,0,0,0,FMN GV 22 Boechout
7,Victor Heylenlei 41,2021-03-13,07:00:00,5,2,3,FMN GV 22 Boechout
7,Victor Heylenlei 41,2021-03-13,08:00:00,12,4,8,FMN GV 22 Boechout
7,Victor Heylenlei 41,2021-03-13,09:00:00,29,23,6,FMN GV 22 Boechout
7,Victor Heylenlei 41,2021-03-13,10:00:00,40,25,15,FMN GV 22 Boechout
7,Victor Heylenlei 41,2021-03-13,11:00:00,53,26,27,FMN GV 22 Boechout
7,Victor Heylenlei 41,2021-03-13,12:00:00,20,9,11,FMN GV 22 Boechout
7,Victor Heylenlei 41,2021-03-13,13:00:00,23,8,15,FMN GV 22 Boechout
7,Victor Heylenlei 41,2021-03-13,14:00:00,27,9,18,FMN GV 22 Boechout
7,Victor Heylenlei 41,2021-03-13,15:00:00,28,15,13,FMN GV 22 Boechout
7,Victor Heylenlei 41,2021-03-13,16:00:00,32,12,20,FMN GV 22 Boechout
7,Victor Heylenlei 41,2021-03-13,17:00:00,31,18,13,FMN GV 22 Boechout
7,Victor Heylenlei 41,2021-03-13,18:00:00,10,10,0,FMN GV 22 Boechout
7,Victor Heylenlei 41,2021-03-13,19:00:00,18,10,8,FMN GV 22 Boechout
7,Victor Heylenlei 41,2021-03-13,20:00:00,26,19,7,FMN GV 22 Boechout
7,Victor Heylenlei 41,2021-03-13,21:00:00,5,2,3,FMN GV 22 Boechout
7,Victor Heylenlei 41,2021-03-13,22:00:00,4,2,2,FMN GV 22 Boechout
7,Victor Heylenlei 41,2021-03-13,23:00:00,12,4,8,FMN GV 22 Boechout
7,Victor Heylenlei 41,2021-03-14,00:00:00,0,0,0,FMN GV 22 Boechout
7,Victor Heylenlei 41,2021-03-14,01:00:00,0,0,0,FMN GV 22 Boechout
7,Victor Heylenlei 41,2021-03-14,02:00:00,0,0,0,FMN GV 22 Boechout
7,Victor Heylenlei 41,2021-03-14,03:00:00,0,0,0,FMN GV 22 Boechout
7,Victor Heylenlei 41,2021-03-14,04:00:00,1,0,1,FMN GV 22 Boechout
7,Victor Heylenlei 41,2021-03-14,05:00:00,1,1,0,FMN GV 22 Boechout
7,Victor Heylenlei 41,2021-03-14,06:00:00,0,0,0,FMN GV 22 Boechout
7,Victor Heylenlei 41,2021-03-14,07:00:00,29,16,13,FMN GV 22 Boechout
7,Victor Heylenlei 41,2021-03-14,08:00:00,19,8,11,FMN GV 22 Boechout
7,Victor Heylenlei 41,2021-03-14,09:00:00,26,15,11,FMN GV 22 Boechout
7,Victor Heylenlei 41,2021-03-14,10:00:00,49,28,21,FMN GV 22 Boechout
7,Victor Heylenlei 41,2021-03-14,11:00:00,104,72,32,FMN GV 22 Boechout
7,Victor Heylenlei 41,2021-03-14,12:00:00,90,67,23,FMN GV 22 Boechout
7,Victor Heylenlei 41,2021-03-14,13:00:00,69,42,27,FMN GV 22 Boechout
7,Victor Heylenlei 41,2021-03-14,14:00:00,91,41,50,FMN GV 22 Boechout
7,Victor Heylenlei 41,2021-03-14,15:00:00,721,383,338,FMN GV 22 Boechout
7,Victor Heylenlei 41,2021-03-14,16:00:00,64,27,37,FMN GV 22 Boechout
7,Victor Heylenlei 41,2021-03-14,17:00:00,67,35,32,FMN GV 22 Boechout
7,Victor Heylenlei 41,2021-03-14,18:00:00,23,10,13,FMN GV 22 Boechout
7,Victor Heylenlei 41,2021-03-14,19:00:00,11,4,7,FMN GV 22 Boechout
7,Victor Heylenlei 41,2021-03-14,20:00:00,14,9,5,FMN GV 22 Boechout
7,Victor Heylenlei 41,2021-03-14,21:00:00,8,5,3,FMN GV 22 Boechout
7,Victor Heylenlei 41,2021-03-14,22:00:00,3,2,1,FMN GV 22 Boechout
7,Victor Heylenlei 41,2021-03-14,23:00:00,2,1,1,FMN GV 22 Boechout
7,Victor Heylenlei 41,2021-03-15,00:00:00,0,0,0,FMN GV 22 Boechout
7,Victor Heylenlei 41,2021-03-15,01:00:00,0,0,0,FMN GV 22 Boechout
7,Victor Heylenlei 41,2021-03-15,02:00:00,0,0,0,FMN GV 22 Boechout
7,Victor Heylenlei 41,2021-03-15,03:00:00,0,0,0,FMN GV 22 Boechout
7,Victor Heylenlei 41,2021-03-15,04:00:00,2,2,0,FMN GV 22 Boechout
7,Victor Heylenlei 41,2021-03-15,05:00:00,6,4,2,FMN GV 22 Boechout
7,Victor Heylenlei 41,2021-03-15,06:00:00,20,16,4,FMN GV 22 Boechout
7,Victor Heylenlei 41,2021-03-15,07:00:00,81,61,20,FMN GV 22 Boechout
7,Victor Heylenlei 41,2021-03-15,08:00:00,132,48,84,FMN GV 22 Boechout
7,Victor Heylenlei 41,2021-03-15,09:00:00,24,14,10,FMN GV 22 Boechout
7,Victor Heylenlei 41,2021-03-15,10:00:00,40,20,20,FMN GV 22 Boechout
7,Victor Heylenlei 41,2021-03-15,11:00:00,27,15,12,FMN GV 22 Boechout
7,Victor Heylenlei 41,2021-03-15,12:00:00,40,25,15,FMN GV 22 Boechout
7,Victor Heylenlei 41,2021-03-15,13:00:00,46,22,24,FMN GV 22 Boechout
7,Victor Heylenlei 41,2021-03-15,14:00:00,55,17,38,FMN GV 22 Boechout
7,Victor Heylenlei 41,2021-03-15,15:00:00,47,19,28,FMN GV 22 Boechout
7,Victor Heylenlei 41,2021-03-15,16:00:00,125,64,61,FMN GV 22 Boechout
7,Victor Heylenlei 41,2021-03-15,17:00:00,100,41,59,FMN GV 22 Boechout
7,Victor Heylenlei 41,2021-03-15,18:00:00,26,10,16,FMN GV 22 Boechout
7,Victor Heylenlei 41,2021-03-15,19:00:00,15,4,11,FMN GV 22 Boechout
7,Victor Heylenlei 41,2021-03-15,20:00:00,11,4,7,FMN GV 22 Boechout
7,Victor Heylenlei 41,2021-03-15,21:00:00,10,8,2,FMN GV 22 Boechout
7,Victor Heylenlei 41,2021-03-15,22:00:00,7,3,4,FMN GV 22 Boechout
7,Victor Heylenlei 41,2021-03-15,23:00:00,14,14,0,FMN GV 22 Boechout
7,Victor Heylenlei 41,2021-03-16,00:00:00,6,4,2,FMN GV 22 Boechout
7,Victor Heylenlei 41,2021-03-16,01:00:00,1,1,0,FMN GV 22 Boechout
7,Victor Heylenlei 41,2021-03-16,02:00:00,17,11,6,FMN GV 22 Boechout
7,Victor Heylenlei 41,2021-03-16,03:00:00,18,9,9,FMN GV 22 Boechout
7,Victor Heylenlei 41,2021-03-16,04:00:00,5,3,2,FMN GV 22 Boechout
7,Victor Heylenlei 41,2021-03-16,05:00:00,12,10,2,FMN GV 22 Boechout
7,Victor Heylenlei 41,2021-03-16,06:00:00,21,15,6,FMN GV 22 Boechout
7,Victor Heylenlei 41,2021-03-16,07:00:00,73,55,18,FMN GV 22 Boechout
7,Victor Heylenlei 41,2021-03-16,08:00:00,118,43,75,FMN GV 22 Boechout
7,Victor Heylenlei 41,2021-03-16,09:00:00,21,13,8,FMN GV 22 Boechout
7,Victor Heylenlei 41,2021-03-16,10:00:00,12,7,5,FMN GV 22 Boechout
7,Victor Heylenlei 41,2021-03-16,11:00:00,11,8,3,FMN GV 22 Boechout
7,Victor Heylenlei 41,2021-03-16,12:00:00,46,30,16,FMN GV 22 Boechout
7,Victor Heylenlei 41,2021-03-16,13:00:00,37,19,18,FMN GV 22 Boechout
7,Victor Heylenlei 41,2021-03-16,14:00:00,35,4,31,FMN GV 22 Boechout
7,Victor Heylenlei 41,2021-03-16,15:00:00,41,22,19,FMN GV 22 Boechout
7,Victor Heylenlei 41,2021-03-16,16:00:00,99,53,46,FMN GV 22 Boechout
7,Victor Heylenlei 41,2021-03-16,17:00:00,81,40,41,FMN GV 22 Boechout
7,Victor Heylenlei 41,2021-03-16,18:00:00,38,13,25,FMN GV 22 Boechout
7,Victor Heylenlei 41,2021-03-16,19:00:00,11,4,7,FMN GV 22 Boechout
7,Victor Heylenlei 41,2021-03-16,20:00:00,13,7,6,FMN GV 22 Boechout
7,Victor Heylenlei 41,2021-03-16,21:00:00,7,3,4,FMN GV 22 Boechout
7,Victor Heylenlei 41,2021-03-16,22:00:00,20,9,11,FMN GV 22 Boechout
7,Victor Heylenlei 41,2021-03-16,23:00:00,5,5,0,FMN GV 22 Boechout
7,Victor Heylenlei 41,2021-03-17,00:00:00,5,4,1,FMN GV 22 Boechout
7,Victor Heylenlei 41,2021-03-17,01:00:00,0,0,0,FMN GV 22 Boechout
7,Victor Heylenlei 41,2021-03-17,02:00:00,16,16,0,FMN GV 22 Boechout
7,Victor Heylenlei 41,2021-03-17,03:00:00,0,0,0,FMN GV 22 Boechout
7,Victor Heylenlei 41,2021-03-17,04:00:00,4,3,1,FMN GV 22 Boechout
7,Victor Heylenlei 41,2021-03-17,05:00:00,9,7,2,FMN GV 22 Boechout
7,Victor Heylenlei 41,2021-03-17,06:00:00,19,13,6,FMN GV 22 Boechout
7,Victor Heylenlei 41,2021-03-17,07:00:00,78,51,27,FMN GV 22 Boechout
7,Victor Heylenlei 41,2021-03-17,08:00:00,116,45,71,FMN GV 22 Boechout
7,Victor Heylenlei 41,2021-03-17,09:00:00,37,13,24,FMN GV 22 Boechout
7,Victor Heylenlei 41,2021-03-17,10:00:00,42,15,27,FMN GV 22 Boechout
7,Victor Heylenlei 41,2021-03-17,11:00:00,38,23,15,FMN GV 22 Boechout
7,Victor Heylenlei 41,2021-03-17,12:00:00,89,56,33,FMN GV 22 Boechout
7,Victor Heylenlei 41,2021-03-17,13:00:00,60,40,20,FMN GV 22 Boechout
7,Victor Heylenlei 41,2021-03-17,14:00:00,54,18,36,FMN GV 22 Boechout
7,Victor Heylenlei 41,2021-03-17,15:00:00,64,27,37,FMN GV 22 Boechout
7,Victor Heylenlei 41,2021-03-17,16:00:00,102,38,64,FMN GV 22 Boechout
7,Victor Heylenlei 41,2021-03-17,17:00:00,87,30,57,FMN GV 22 Boechout
7,Victor Heylenlei 41,2021-03-17,18:00:00,70,39,31,FMN GV 22 Boechout
7,Victor Heylenlei 41,2021-03-17,19:00:00,25,15,10,FMN GV 22 Boechout
7,Victor Heylenlei 41,2021-03-17,20:00:00,14,6,8,FMN GV 22 Boechout
7,Victor Heylenlei 41,2021-03-17,21:00:00,17,10,7,FMN GV 22 Boechout
7,Victor Heylenlei 41,2021-03-17,22:00:00,14,7,7,FMN GV 22 Boechout
7,Victor Heylenlei 41,2021-03-17,23:00:00,11,6,5,FMN GV 22 Boechout
7,Victor Heylenlei 41,2021-03-18,00:00:00,6,5,1,FMN GV 22 Boechout
7,Victor Heylenlei 41,2021-03-18,01:00:00,1,0,1,FMN GV 22 Boechout
7,Victor Heylenlei 41,2021-03-18,02:00:00,13,7,6,FMN GV 22 Boechout
7,Victor Heylenlei 41,2021-03-18,03:00:00,1,1,0,FMN GV 22 Boechout
7,Victor Heylenlei 41,2021-03-18,04:00:00,4,4,0,FMN GV 22 Boechout
7,Victor Heylenlei 41,2021-03-18,05:00:00,9,7,2,FMN GV 22 Boechout
7,Victor Heylenlei 41,2021-03-18,06:00:00,21,13,8,FMN GV 22 Boechout
7,Victor Heylenlei 41,2021-03-18,07:00:00,80,56,24,FMN GV 22 Boechout
7,Victor Heylenlei 41,2021-03-18,08:00:00,135,54,81,FMN GV 22 Boechout
7,Victor Heylenlei 41,2021-03-18,09:00:00,26,18,8,FMN GV 22 Boechout
7,Victor Heylenlei 41,2021-03-18,10:00:00,28,13,15,FMN GV 22 Boechout
7,Victor Heylenlei 41,2021-03-18,11:00:00,31,17,14,FMN GV 22 Boechout
7,Victor Heylenlei 41,2021-03-18,12:00:00,62,35,27,FMN GV 22 Boechout
7,Victor Heylenlei 41,2021-03-18,13:00:00,50,31,19,FMN GV 22 Boechout
7,Victor Heylenlei 41,2021-03-18,14:00:00,67,24,43,FMN GV 22 Boechout
7,Victor Heylenlei 41,2021-03-18,15:00:00,41,15,26,FMN GV 22 Boechout
7,Victor Heylenlei 41,2021-03-18,16:00:00,128,68,60,FMN GV 22 Boechout
7,Victor Heylenlei 41,2021-03-18,17:00:00,89,45,44,FMN GV 22 Boechout
7,Victor Heylenlei 41,2021-03-18,18:00:00,58,31,27,FMN GV 22 Boechout
7,Victor Heylenlei 41,2021-03-18,19:00:00,21,12,9,FMN GV 22 Boechout
7,Victor Heylenlei 41,2021-03-18,20:00:00,29,16,13,FMN GV 22 Boechout
7,Victor Heylenlei 41,2021-03-18,21:00:00,80,35,45,FMN GV 22 Boechout
7,Victor Heylenlei 41,2021-03-18,22:00:00,11,5,6,FMN GV 22 Boechout
7,Victor Heylenlei 41,2021-03-18,23:00:00,7,2,5,FMN GV 22 Boechout
7,Victor Heylenlei 41,2021-03-19,00:00:00,1,0,1,FMN GV 22 Boechout
7,Victor Heylenlei 41,2021-03-19,01:00:00,5,4,1,FMN GV 22 Boechout
7,Victor Heylenlei 41,2021-03-19,02:00:00,0,0,0,FMN GV 22 Boechout
7,Victor Heylenlei 41,2021-03-19,03:00:00,3,3,0,FMN GV 22 Boechout
7,Victor Heylenlei 41,2021-03-19,04:00:00,2,2,0,FMN GV 22 Boechout
7,Victor Heylenlei 41,2021-03-19,05:00:00,8,5,3,FMN GV 22 Boechout
7,Victor Heylenlei 41,2021-03-19,06:00:00,18,11,7,FMN GV 22 Boechout
7,Victor Heylenlei 41,2021-03-19,07:00:00,92,58,34,FMN GV 22 Boechout
7,Victor Heylenlei 41,2021-03-19,08:00:00,135,55,80,FMN GV 22 Boechout
7,Victor Heylenlei 41,2021-03-19,09:00:00,51,26,25,FMN GV 22 Boechout
7,Victor Heylenlei 41,2021-03-19,10:00:00,36,15,21,FMN GV 22 Boechout
7,Victor Heylenlei 41,2021-03-19,11:00:00,73,40,33,FMN GV 22 Boechout
7,Victor Heylenlei 41,2021-03-19,12:00:00,79,53,26,FMN GV 22 Boechout
7,Victor Heylenlei 41,2021-03-19,13:00:00,107,48,59,FMN GV 22 Boechout
7,Victor Heylenlei 41,2021-03-19,14:00:00,139,56,83,FMN GV 22 Boechout
7,Victor Heylenlei 41,2021-03-19,15:00:00,117,55,62,FMN GV 22 Boechout
7,Victor Heylenlei 41,2021-03-19,16:00:00,175,91,84,FMN GV 22 Boechout
7,Victor Heylenlei 41,2021-03-19,17:00:00,129,64,65,FMN GV 22 Boechout
7,Victor Heylenlei 41,2021-03-19,18:00:00,72,41,31,FMN GV 22 Boechout
7,Victor Heylenlei 41,2021-03-19,19:00:00,42,13,29,FMN GV 22 Boechout
7,Victor Heylenlei 41,2021-03-19,20:00:00,13,5,8,FMN GV 22 Boechout
7,Victor Heylenlei 41,2021-03-19,21:00:00,14,9,5,FMN GV 22 Boechout
7,Victor Heylenlei 41,2021-03-19,22:00:00,7,2,5,FMN GV 22 Boechout
7,Victor Heylenlei 41,2021-03-19,23:00:00,33,21,12,FMN GV 22 Boechout
7,Victor Heylenlei 41,2021-03-20,00:00:00,2,1,1,FMN GV 22 Boechout
7,Victor Heylenlei 41,2021-03-20,01:00:00,0,0,0,FMN GV 22 Boechout
7,Victor Heylenlei 41,2021-03-20,02:00:00,0,0,0,FMN GV 22 Boechout
7,Victor Heylenlei 41,2021-03-20,03:00:00,0,0,0,FMN GV 22 Boechout
7,Victor Heylenlei 41,2021-03-20,04:00:00,3,3,0,FMN GV 22 Boechout
7,Victor Heylenlei 41,2021-03-20,05:00:00,2,1,1,FMN GV 22 Boechout
7,Victor Heylenlei 41,2021-03-20,06:00:00,4,2,2,FMN GV 22 Boechout
7,Victor Heylenlei 41,2021-03-20,07:00:00,6,5,1,FMN GV 22 Boechout
7,Victor Heylenlei 41,2021-03-20,08:00:00,16,5,11,FMN GV 22 Boechout
7,Victor Heylenlei 41,2021-03-20,09:00:00,79,31,48,FMN GV 22 Boechout
7,Victor Heylenlei 41,2021-03-20,10:00:00,100,47,53,FMN GV 22 Boechout
7,Victor Heylenlei 41,2021-03-20,11:00:00,137,72,65,FMN GV 22 Boechout
7,Victor Heylenlei 41,2021-03-20,12:00:00,152,83,69,FMN GV 22 Boechout
7,Victor Heylenlei 41,2021-03-20,13:00:00,164,74,90,FMN GV 22 Boechout
7,Victor Heylenlei 41,2021-03-20,14:00:00,270,128,142,FMN GV 22 Boechout
7,Victor Heylenlei 41,2021-03-20,15:00:00,197,103,94,FMN GV 22 Boechout
7,Victor Heylenlei 41,2021-03-20,16:00:00,126,73,53,FMN GV 22 Boechout
7,Victor Heylenlei 41,2021-03-20,17:00:00,101,54,47,FMN GV 22 Boechout
7,Victor Heylenlei 41,2021-03-20,18:00:00,36,22,14,FMN GV 22 Boechout
7,Victor Heylenlei 41,2021-03-20,19:00:00,41,24,17,FMN GV 22 Boechout
7,Victor Heylenlei 41,2021-03-20,20:00:00,15,10,5,FMN GV 22 Boechout
7,Victor Heylenlei 41,2021-03-20,21:00:00,10,3,7,FMN GV 22 Boechout
7,Victor Heylenlei 41,2021-03-20,22:00:00,2,0,2,FMN GV 22 Boechout
7,Victor Heylenlei 41,2021-03-20,23:00:00,16,11,5,FMN GV 22 Boechout
7,Victor Heylenlei 41,2021-03-21,00:00:00,6,2,4,FMN GV 22 Boechout
7,Victor Heylenlei 41,2021-03-21,01:00:00,1,0,1,FMN GV 22 Boechout
7,Victor Heylenlei 41,2021-03-21,02:00:00,0,0,0,FMN GV 22 Boechout
7,Victor Heylenlei 41,2021-03-21,03:00:00,0,0,0,FMN GV 22 Boechout
7,Victor Heylenlei 41,2021-03-21,04:00:00,1,1,0,FMN GV 22 Boechout
7,Victor Heylenlei 41,2021-03-21,05:00:00,1,1,0,FMN GV 22 Boechout
7,Victor Heylenlei 41,2021-03-21,06:00:00,1,1,0,FMN GV 22 Boechout
7,Victor Heylenlei 41,2021-03-21,07:00:00,8,3,5,FMN GV 22 Boechout
7,Victor Heylenlei 41,2021-03-21,08:00:00,18,10,8,FMN GV 22 Boechout
7,Victor Heylenlei 41,2021-03-21,09:00:00,81,26,55,FMN GV 22 Boechout
7,Victor Heylenlei 41,2021-03-21,10:00:00,149,68,81,FMN GV 22 Boechout
7,Victor Heylenlei 41,2021-03-21,11:00:00,139,95,44,FMN GV 22 Boechout
7,Victor Heylenlei 41,2021-03-21,12:00:00,113,74,39,FMN GV 22 Boechout
7,Victor Heylenlei 41,2021-03-21,13:00:00,122,64,58,FMN GV 22 Boechout
7,Victor Heylenlei 41,2021-03-21,14:00:00,123,52,71,FMN GV 22 Boechout
7,Victor Heylenlei 41,2021-03-21,15:00:00,114,57,57,FMN GV 22 Boechout
7,Victor Heylenlei 41,2021-03-21,16:00:00,91,51,40,FMN GV 22 Boechout
7,Victor Heylenlei 41,2021-03-21,17:00:00,62,39,23,FMN GV 22 Boechout
7,Victor Heylenlei 41,2021-03-21,18:00:00,32,13,19,FMN GV 22 Boechout
7,Victor Heylenlei 41,2021-03-21,19:00:00,11,6,5,FMN GV 22 Boechout
7,Victor Heylenlei 41,2021-03-21,20:00:00,8,3,5,FMN GV 22 Boechout
7,Victor Heylenlei 41,2021-03-21,21:00:00,12,4,8,FMN GV 22 Boechout
7,Victor Heylenlei 41,2021-03-21,22:00:00,4,2,2,FMN GV 22 Boechout
7,Victor Heylenlei 41,2021-03-21,23:00:00,6,1,5,FMN GV 22 Boechout
7,Victor Heylenlei 41,2021-03-22,00:00:00,1,0,1,FMN GV 22 Boechout
7,Victor Heylenlei 41,2021-03-22,01:00:00,0,0,0,FMN GV 22 Boechout
7,Victor Heylenlei 41,2021-03-22,02:00:00,0,0,0,FMN GV 22 Boechout
7,Victor Heylenlei 41,2021-03-22,03:00:00,0,0,0,FMN GV 22 Boechout
7,Victor Heylenlei 41,2021-03-22,04:00:00,4,3,1,FMN GV 22 Boechout
7,Victor Heylenlei 41,2021-03-22,05:00:00,4,3,1,FMN GV 22 Boechout
7,Victor Heylenlei 41,2021-03-22,06:00:00,23,19,4,FMN GV 22 Boechout
7,Victor Heylenlei 41,2021-03-22,07:00:00,101,77,24,FMN GV 22 Boechout
7,Victor Heylenlei 41,2021-03-22,08:00:00,139,53,86,FMN GV 22 Boechout
7,Victor Heylenlei 41,2021-03-22,09:00:00,57,24,33,FMN GV 22 Boechout
7,Victor Heylenlei 41,2021-03-22,10:00:00,37,20,17,FMN GV 22 Boechout
7,Victor Heylenlei 41,2021-03-22,11:00:00,31,17,14,FMN GV 22 Boechout
7,Victor Heylenlei 41,2021-03-22,12:00:00,84,63,21,FMN GV 22 Boechout
7,Victor Heylenlei 41,2021-03-22,13:00:00,74,55,19,FMN GV 22 Boechout
7,Victor Heylenlei 41,2021-03-22,14:00:00,52,25,27,FMN GV 22 Boechout
7,Victor Heylenlei 41,2021-03-22,15:00:00,99,51,48,FMN GV 22 Boechout
7,Victor Heylenlei 41,2021-03-22,16:00:00,88,19,69,FMN GV 22 Boechout
7,Victor Heylenlei 41,2021-03-22,17:00:00,94,28,66,FMN GV 22 Boechout
7,Victor Heylenlei 41,2021-03-22,18:00:00,49,16,33,FMN GV 22 Boechout
7,Victor Heylenlei 41,2021-03-22,19:00:00,31,9,22,FMN GV 22 Boechout
7,Victor Heylenlei 41,2021-03-22,20:00:00,15,9,6,FMN GV 22 Boechout
7,Victor Heylenlei 41,2021-03-22,21:00:00,8,6,2,FMN GV 22 Boechout
7,Victor Heylenlei 41,2021-03-22,22:00:00,25,16,9,FMN GV 22 Boechout
7,Victor Heylenlei 41,2021-03-22,23:00:00,1,0,1,FMN GV 22 Boechout
7,Victor Heylenlei 41,2021-03-23,00:00:00,0,0,0,FMN GV 22 Boechout
7,Victor Heylenlei 41,2021-03-23,01:00:00,2,1,1,FMN GV 22 Boechout
7,Victor Heylenlei 41,2021-03-23,02:00:00,12,10,2,FMN GV 22 Boechout
7,Victor Heylenlei 41,2021-03-23,03:00:00,1,0,1,FMN GV 22 Boechout
7,Victor Heylenlei 41,2021-03-23,04:00:00,4,3,1,FMN GV 22 Boechout
7,Victor Heylenlei 41,2021-03-23,05:00:00,7,5,2,FMN GV 22 Boechout
7,Victor Heylenlei 41,2021-03-23,06:00:00,28,22,6,FMN GV 22 Boechout
7,Victor Heylenlei 41,2021-03-23,07:00:00,88,65,23,FMN GV 22 Boechout
7,Victor Heylenlei 41,2021-03-23,08:00:00,140,55,85,FMN GV 22 Boechout
7,Victor Heylenlei 41,2021-03-23,09:00:00,75,28,47,FMN GV 22 Boechout
7,Victor Heylenlei 41,2021-03-23,10:00:00,68,46,22,FMN GV 22 Boechout
7,Victor Heylenlei 41,2021-03-23,11:00:00,26,16,10,FMN GV 22 Boechout
7,Victor Heylenlei 41,2021-03-23,12:00:00,72,34,38,FMN GV 22 Boechout
7,Victor Heylenlei 41,2021-03-23,13:00:00,112,63,49,FMN GV 22 Boechout
7,Victor Heylenlei 41,2021-03-23,14:00:00,127,69,58,FMN GV 22 Boechout
7,Victor Heylenlei 41,2021-03-23,15:00:00,118,59,59,FMN GV 22 Boechout
7,Victor Heylenlei 41,2021-03-23,16:00:00,141,45,96,FMN GV 22 Boechout
7,Victor Heylenlei 41,2021-03-23,17:00:00,129,53,76,FMN GV 22 Boechout
7,Victor Heylenlei 41,2021-03-23,18:00:00,95,46,49,FMN GV 22 Boechout
7,Victor Heylenlei 41,2021-03-23,19:00:00,60,26,34,FMN GV 22 Boechout
7,Victor Heylenlei 41,2021-03-23,20:00:00,45,20,25,FMN GV 22 Boechout
7,Victor Heylenlei 41,2021-03-23,21:00:00,30,26,4,FMN GV 22 Boechout
7,Victor Heylenlei 41,2021-03-23,22:00:00,14,4,10,FMN GV 22 Boechout
7,Victor Heylenlei 41,2021-03-23,23:00:00,6,4,2,FMN GV 22 Boechout
7,Victor Heylenlei 41,2021-03-24,00:00:00,6,3,3,FMN GV 22 Boechout
7,Victor Heylenlei 41,2021-03-24,01:00:00,0,0,0,FMN GV 22 Boechout
7,Victor Heylenlei 41,2021-03-24,02:00:00,1,0,1,FMN GV 22 Boechout
7,Victor Heylenlei 41,2021-03-24,03:00:00,2,0,2,FMN GV 22 Boechout
7,Victor Heylenlei 41,2021-03-24,04:00:00,2,2,0,FMN GV 22 Boechout
7,Victor Heylenlei 41,2021-03-24,05:00:00,8,3,5,FMN GV 22 Boechout
7,Victor Heylenlei 41,2021-03-24,06:00:00,12,8,4,FMN GV 22 Boechout
7,Victor Heylenlei 41,2021-03-24,07:00:00,789,217,572,FMN GV 22 Boechout
7,Victor Heylenlei 41,2021-03-24,08:00:00,63,28,35,FMN GV 22 Boechout
7,Victor Heylenlei 41,2021-03-24,09:00:00,24,5,19,FMN GV 22 Boechout
7,Victor Heylenlei 41,2021-03-24,10:00:00,8,6,2,FMN GV 22 Boechout
7,Victor Heylenlei 41,2021-03-24,11:00:00,27,19,8,FMN GV 22 Boechout
7,Victor Heylenlei 41,2021-03-24,12:00:00,51,36,15,FMN GV 22 Boechout
7,Victor Heylenlei 41,2021-03-24,13:00:00,75,33,42,FMN GV 22 Boechout
7,Victor Heylenlei 41,2021-03-24,14:00:00,68,38,30,FMN GV 22 Boechout
7,Victor Heylenlei 41,2021-03-24,15:00:00,71,42,29,FMN GV 22 Boechout
7,Victor Heylenlei 41,2021-03-24,16:00:00,90,41,49,FMN GV 22 Boechout
7,Victor Heylenlei 41,2021-03-24,17:00:00,93,42,51,FMN GV 22 Boechout
7,Victor Heylenlei 41,2021-03-24,18:00:00,73,50,23,FMN GV 22 Boechout
7,Victor Heylenlei 41,2021-03-24,19:00:00,43,25,18,FMN GV 22 Boechout
7,Victor Heylenlei 41,2021-03-24,20:00:00,12,8,4,FMN GV 22 Boechout
7,Victor Heylenlei 41,2021-03-24,21:00:00,6,1,5,FMN GV 22 Boechout
7,Victor Heylenlei 41,2021-03-24,22:00:00,7,2,5,FMN GV 22 Boechout
7,Victor Heylenlei 41,2021-03-24,23:00:00,5,3,2,FMN GV 22 Boechout
7,Victor Heylenlei 41,2021-03-25,00:00:00,1,1,0,FMN GV 22 Boechout
7,Victor Heylenlei 41,2021-03-25,01:00:00,0,0,0,FMN GV 22 Boechout
7,Victor Heylenlei 41,2021-03-25,02:00:00,1,1,0,FMN GV 22 Boechout
7,Victor Heylenlei 41,2021-03-25,03:00:00,2,1,1,FMN GV 22 Boechout
7,Victor Heylenlei 41,2021-03-25,04:00:00,3,2,1,FMN GV 22 Boechout
7,Victor Heylenlei 41,2021-03-25,05:00:00,9,4,5,FMN GV 22 Boechout
7,Victor Heylenlei 41,2021-03-25,06:00:00,18,13,5,FMN GV 22 Boechout
7,Victor Heylenlei 41,2021-03-25,07:00:00,99,81,18,FMN GV 22 Boechout
7,Victor Heylenlei 41,2021-03-25,08:00:00,136,51,85,FMN GV 22 Boechout
7,Victor Heylenlei 41,2021-03-25,09:00:00,48,27,21,FMN GV 22 Boechout
7,Victor Heylenlei 41,2021-03-25,10:00:00,52,38,14,FMN GV 22 Boechout
7,Victor Heylenlei 41,2021-03-25,11:00:00,49,31,18,FMN GV 22 Boechout
7,Victor Heylenlei 41,2021-03-25,12:00:00,65,38,27,FMN GV 22 Boechout
7,Victor Heylenlei 41,2021-03-25,13:00:00,51,28,23,FMN GV 22 Boechout
7,Victor Heylenlei 41,2021-03-25,14:00:00,84,29,55,FMN GV 22 Boechout
7,Victor Heylenlei 41,2021-03-25,15:00:00,80,30,50,FMN GV 22 Boechout
7,Victor Heylenlei 41,2021-03-25,16:00:00,153,70,83,FMN GV 22 Boechout
7,Victor Heylenlei 41,2021-03-25,17:00:00,139,68,71,FMN GV 22 Boechout
7,Victor Heylenlei 41,2021-03-25,18:00:00,97,49,48,FMN GV 22 Boechout
7,Victor Heylenlei 41,2021-03-25,19:00:00,40,23,17,FMN GV 22 Boechout
7,Victor Heylenlei 41,2021-03-25,20:00:00,25,13,12,FMN GV 22 Boechout
7,Victor Heylenlei 41,2021-03-25,21:00:00,14,7,7,FMN GV 22 Boechout
7,Victor Heylenlei 41,2021-03-25,22:00:00,11,9,2,FMN GV 22 Boechout
7,Victor Heylenlei 41,2021-03-25,23:00:00,10,6,4,FMN GV 22 Boechout
7,Victor Heylenlei 41,2021-03-26,00:00:00,0,0,0,FMN GV 22 Boechout
7,Victor Heylenlei 41,2021-03-26,01:00:00,1,0,1,FMN GV 22 Boechout
7,Victor Heylenlei 41,2021-03-26,02:00:00,0,0,0,FMN GV 22 Boechout
7,Victor Heylenlei 41,2021-03-26,03:00:00,5,3,2,FMN GV 22 Boechout
7,Victor Heylenlei 41,2021-03-26,04:00:00,6,5,1,FMN GV 22 Boechout
7,Victor Heylenlei 41,2021-03-26,05:00:00,18,13,5,FMN GV 22 Boechout
7,Victor Heylenlei 41,2021-03-26,06:00:00,29,25,4,FMN GV 22 Boechout
7,Victor Heylenlei 41,2021-03-26,07:00:00,105,69,36,FMN GV 22 Boechout
7,Victor Heylenlei 41,2021-03-26,08:00:00,146,54,92,FMN GV 22 Boechout
7,Victor Heylenlei 41,2021-03-26,09:00:00,40,22,18,FMN GV 22 Boechout
7,Victor Heylenlei 41,2021-03-26,10:00:00,83,48,35,FMN GV 22 Boechout
7,Victor Heylenlei 41,2021-03-26,11:00:00,69,47,22,FMN GV 22 Boechout
7,Victor Heylenlei 41,2021-03-26,12:00:00,84,50,34,FMN GV 22 Boechout
7,Victor Heylenlei 41,2021-03-26,13:00:00,74,39,35,FMN GV 22 Boechout
7,Victor Heylenlei 41,2021-03-26,14:00:00,96,44,52,FMN GV 22 Boechout
7,Victor Heylenlei 41,2021-03-26,15:00:00,90,40,50,FMN GV 22 Boechout
7,Victor Heylenlei 41,2021-03-26,16:00:00,117,54,63,FMN GV 22 Boechout
7,Victor Heylenlei 41,2021-03-26,17:00:00,104,46,58,FMN GV 22 Boechout
7,Victor Heylenlei 41,2021-03-26,18:00:00,82,32,50,FMN GV 22 Boechout
7,Victor Heylenlei 41,2021-03-26,19:00:00,22,8,14,FMN GV 22 Boechout
7,Victor Heylenlei 41,2021-03-26,20:00:00,14,6,8,FMN GV 22 Boechout
7,Victor Heylenlei 41,2021-03-26,21:00:00,4,3,1,FMN GV 22 Boechout
7,Victor Heylenlei 41,2021-03-26,22:00:00,9,4,5,FMN GV 22 Boechout
7,Victor Heylenlei 41,2021-03-26,23:00:00,8,3,5,FMN GV 22 Boechout
7,Victor Heylenlei 41,2021-03-27,00:00:00,6,2,4,FMN GV 22 Boechout
7,Victor Heylenlei 41,2021-03-27,01:00:00,3,1,2,FMN GV 22 Boechout
7,Victor Heylenlei 41,2021-03-27,02:00:00,0,0,0,FMN GV 22 Boechout
7,Victor Heylenlei 41,2021-03-27,03:00:00,2,1,1,FMN GV 22 Boechout
7,Victor Heylenlei 41,2021-03-27,04:00:00,0,0,0,FMN GV 22 Boechout
7,Victor Heylenlei 41,2021-03-27,05:00:00,2,1,1,FMN GV 22 Boechout
7,Victor Heylenlei 41,2021-03-27,06:00:00,7,4,3,FMN GV 22 Boechout
7,Victor Heylenlei 41,2021-03-27,07:00:00,17,13,4,FMN GV 22 Boechout
7,Victor Heylenlei 41,2021-03-27,08:00:00,18,10,8,FMN GV 22 Boechout
7,Victor Heylenlei 41,2021-03-27,09:00:00,25,11,14,FMN GV 22 Boechout
7,Victor Heylenlei 41,2021-03-27,10:00:00,59,17,42,FMN GV 22 Boechout
7,Victor Heylenlei 41,2021-03-27,11:00:00,66,38,28,FMN GV 22 Boechout
7,Victor Heylenlei 41,2021-03-27,12:00:00,52,33,19,FMN GV 22 Boechout
7,Victor Heylenlei 41,2021-03-27,13:00:00,60,37,23,FMN GV 22 Boechout
7,Victor Heylenlei 41,2021-03-27,14:00:00,74,38,36,FMN GV 22 Boechout
7,Victor Heylenlei 41,2021-03-27,15:00:00,104,46,58,FMN GV 22 Boechout
7,Victor Heylenlei 41,2021-03-27,16:00:00,103,58,45,FMN GV 22 Boechout
7,Victor Heylenlei 41,2021-03-27,17:00:00,63,27,36,FMN GV 22 Boechout
7,Victor Heylenlei 41,2021-03-27,18:00:00,95,44,51,FMN GV 22 Boechout
7,Victor Heylenlei 41,2021-03-27,19:00:00,34,21,13,FMN GV 22 Boechout
7,Victor Heylenlei 41,2021-03-27,20:00:00,13,3,10,FMN GV 22 Boechout
7,Victor Heylenlei 41,2021-03-27,21:00:00,6,5,1,FMN GV 22 Boechout
7,Victor Heylenlei 41,2021-03-27,22:00:00,6,3,3,FMN GV 22 Boechout
7,Victor Heylenlei 41,2021-03-27,23:00:00,7,2,5,FMN GV 22 Boechout
7,Victor Heylenlei 41,2021-03-28,00:00:00,7,5,2,FMN GV 22 Boechout
7,Victor Heylenlei 41,2021-03-28,01:00:00,2,1,1,FMN GV 22 Boechout
7,Victor Heylenlei 41,2021-03-28,02:00:00,0,0,0,FMN GV 22 Boechout
7,Victor Heylenlei 41,2021-03-28,03:00:00,1,0,1,FMN GV 22 Boechout
7,Victor Heylenlei 41,2021-03-28,04:00:00,0,0,0,FMN GV 22 Boechout
7,Victor Heylenlei 41,2021-03-28,05:00:00,1,1,0,FMN GV 22 Boechout
7,Victor Heylenlei 41,2021-03-28,06:00:00,4,2,2,FMN GV 22 Boechout
7,Victor Heylenlei 41,2021-03-28,07:00:00,11,2,9,FMN GV 22 Boechout
7,Victor Heylenlei 41,2021-03-28,08:00:00,20,7,13,FMN GV 22 Boechout
7,Victor Heylenlei 41,2021-03-28,09:00:00,103,26,77,FMN GV 22 Boechout
7,Victor Heylenlei 41,2021-03-28,10:00:00,173,49,124,FMN GV 22 Boechout
7,Victor Heylenlei 41,2021-03-28,11:00:00,201,107,94,FMN GV 22 Boechout
7,Victor Heylenlei 41,2021-03-28,12:00:00,238,163,75,FMN GV 22 Boechout
7,Victor Heylenlei 41,2021-03-28,13:00:00,178,90,88,FMN GV 22 Boechout
7,Victor Heylenlei 41,2021-03-28,14:00:00,163,86,77,FMN GV 22 Boechout
7,Victor Heylenlei 41,2021-03-28,15:00:00,105,61,44,FMN GV 22 Boechout
7,Victor Heylenlei 41,2021-03-28,16:00:00,134,74,60,FMN GV 22 Boechout
7,Victor Heylenlei 41,2021-03-28,17:00:00,284,162,122,FMN GV 22 Boechout
7,Victor Heylenlei 41,2021-03-28,18:00:00,65,35,30,FMN GV 22 Boechout
7,Victor Heylenlei 41,2021-03-28,19:00:00,27,14,13,FMN GV 22 Boechout
7,Victor Heylenlei 41,2021-03-28,20:00:00,30,13,17,FMN GV 22 Boechout
7,Victor Heylenlei 41,2021-03-28,21:00:00,9,8,1,FMN GV 22 Boechout
7,Victor Heylenlei 41,2021-03-28,22:00:00,5,1,4,FMN GV 22 Boechout
7,Victor Heylenlei 41,2021-03-28,23:00:00,2,0,2,FMN GV 22 Boechout
7,Victor Heylenlei 41,2021-03-29,00:00:00,0,0,0,FMN GV 22 Boechout
7,Victor Heylenlei 41,2021-03-29,01:00:00,0,0,0,FMN GV 22 Boechout
7,Victor Heylenlei 41,2021-03-29,02:00:00,0,0,0,FMN GV 22 Boechout
7,Victor Heylenlei 41,2021-03-29,03:00:00,0,0,0,FMN GV 22 Boechout
7,Victor Heylenlei 41,2021-03-29,04:00:00,1,1,0,FMN GV 22 Boechout
7,Victor Heylenlei 41,2021-03-29,05:00:00,10,8,2,FMN GV 22 Boechout
7,Victor Heylenlei 41,2021-03-29,06:00:00,24,18,6,FMN GV 22 Boechout
7,Victor Heylenlei 41,2021-03-29,07:00:00,84,52,32,FMN GV 22 Boechout
7,Victor Heylenlei 41,2021-03-29,08:00:00,140,47,93,FMN GV 22 Boechout
7,Victor Heylenlei 41,2021-03-29,09:00:00,56,31,25,FMN GV 22 Boechout
7,Victor Heylenlei 41,2021-03-29,10:00:00,58,33,25,FMN GV 22 Boechout
7,Victor Heylenlei 41,2021-03-29,11:00:00,91,48,43,FMN GV 22 Boechout
7,Victor Heylenlei 41,2021-03-29,12:00:00,120,79,41,FMN GV 22 Boechout
7,Victor Heylenlei 41,2021-03-29,13:00:00,133,60,73,FMN GV 22 Boechout
7,Victor Heylenlei 41,2021-03-29,14:00:00,188,90,98,FMN GV 22 Boechout
7,Victor Heylenlei 41,2021-03-29,15:00:00,254,124,130,FMN GV 22 Boechout
7,Victor Heylenlei 41,2021-03-29,16:00:00,203,95,108,FMN GV 22 Boechout
7,Victor Heylenlei 41,2021-03-29,17:00:00,187,94,93,FMN GV 22 Boechout
7,Victor Heylenlei 41,2021-03-29,18:00:00,142,83,59,FMN GV 22 Boechout
7,Victor Heylenlei 41,2021-03-29,19:00:00,118,76,42,FMN GV 22 Boechout
7,Victor Heylenlei 41,2021-03-29,20:00:00,47,23,24,FMN GV 22 Boechout
7,Victor Heylenlei 41,2021-03-29,21:00:00,27,8,19,FMN GV 22 Boechout
7,Victor Heylenlei 41,2021-03-29,22:00:00,7,3,4,FMN GV 22 Boechout
7,Victor Heylenlei 41,2021-03-29,23:00:00,9,6,3,FMN GV 22 Boechout
7,Victor Heylenlei 41,2021-03-30,00:00:00,0,0,0,FMN GV 22 Boechout
7,Victor Heylenlei 41,2021-03-30,01:00:00,0,0,0,FMN GV 22 Boechout
7,Victor Heylenlei 41,2021-03-30,02:00:00,0,0,0,FMN GV 22 Boechout
7,Victor Heylenlei 41,2021-03-30,03:00:00,0,0,0,FMN GV 22 Boechout
7,Victor Heylenlei 41,2021-03-30,04:00:00,2,1,1,FMN GV 22 Boechout
7,Victor Heylenlei 41,2021-03-30,05:00:00,7,4,3,FMN GV 22 Boechout
7,Victor Heylenlei 41,2021-03-30,06:00:00,41,33,8,FMN GV 22 Boechout
7,Victor Heylenlei 41,2021-03-30,07:00:00,84,60,24,FMN GV 22 Boechout
7,Victor Heylenlei 41,2021-03-30,08:00:00,134,42,92,FMN GV 22 Boechout
7,Victor Heylenlei 41,2021-03-30,09:00:00,52,23,29,FMN GV 22 Boechout
7,Victor Heylenlei 41,2021-03-30,10:00:00,108,63,45,FMN GV 22 Boechout
7,Victor Heylenlei 41,2021-03-30,11:00:00,138,70,68,FMN GV 22 Boechout
7,Victor Heylenlei 41,2021-03-30,12:00:00,120,70,50,FMN GV 22 Boechout
7,Victor Heylenlei 41,2021-03-30,13:00:00,191,92,99,FMN GV 22 Boechout
7,Victor Heylenlei 41,2021-03-30,14:00:00,199,106,93,FMN GV 22 Boechout
7,Victor Heylenlei 41,2021-03-30,15:00:00,250,128,122,FMN GV 22 Boechout
7,Victor Heylenlei 41,2021-03-30,16:00:00,265,138,127,FMN GV 22 Boechout
7,Victor Heylenlei 41,2021-03-30,17:00:00,251,99,152,FMN GV 22 Boechout
7,Victor Heylenlei 41,2021-03-30,18:00:00,208,80,128,FMN GV 22 Boechout
7,Victor Heylenlei 41,2021-03-30,19:00:00,162,105,57,FMN GV 22 Boechout
7,Victor Heylenlei 41,2021-03-30,20:00:00,114,63,51,FMN GV 22 Boechout
7,Victor Heylenlei 41,2021-03-30,21:00:00,24,13,11,FMN GV 22 Boechout
7,Victor Heylenlei 41,2021-03-30,22:00:00,14,6,8,FMN GV 22 Boechout
7,Victor Heylenlei 41,2021-03-30,23:00:00,11,7,4,FMN GV 22 Boechout
7,Victor Heylenlei 41,2021-03-31,00:00:00,4,0,4,FMN GV 22 Boechout
7,Victor Heylenlei 41,2021-03-31,01:00:00,0,0,0,FMN GV 22 Boechout
7,Victor Heylenlei 41,2021-03-31,02:00:00,0,0,0,FMN GV 22 Boechout
7,Victor Heylenlei 41,2021-03-31,03:00:00,0,0,0,FMN GV 22 Boechout
7,Victor Heylenlei 41,2021-03-31,04:00:00,2,2,0,FMN GV 22 Boechout
7,Victor Heylenlei 41,2021-03-31,05:00:00,7,3,4,FMN GV 22 Boechout
7,Victor Heylenlei 41,2021-03-31,06:00:00,32,24,8,FMN GV 22 Boechout
7,Victor Heylenlei 41,2021-03-31,07:00:00,73,50,23,FMN GV 22 Boechout
7,Victor Heylenlei 41,2021-03-31,08:00:00,81,43,38,FMN GV 22 Boechout
7,Victor Heylenlei 41,2021-03-31,09:00:00,55,23,32,FMN GV 22 Boechout
7,Victor Heylenlei 41,2021-03-31,10:00:00,56,25,31,FMN GV 22 Boechout
7,Victor Heylenlei 41,2021-03-31,11:00:00,100,55,45,FMN GV 22 Boechout
7,Victor Heylenlei 41,2021-03-31,12:00:00,114,64,50,FMN GV 22 Boechout
7,Victor Heylenlei 41,2021-03-31,13:00:00,183,85,98,FMN GV 22 Boechout
7,Victor Heylenlei 41,2021-03-31,14:00:00,238,118,120,FMN GV 22 Boechout
7,Victor Heylenlei 41,2021-03-31,15:00:00,224,130,94,FMN GV 22 Boechout
7,Victor Heylenlei 41,2021-03-31,16:00:00,197,79,118,FMN GV 22 Boechout
7,Victor Heylenlei 41,2021-03-31,17:00:00,248,105,143,FMN GV 22 Boechout
7,Victor Heylenlei 41,2021-03-31,18:00:00,191,89,102,FMN GV 22 Boechout
7,Victor Heylenlei 41,2021-03-31,19:00:00,119,67,52,FMN GV 22 Boechout
7,Victor Heylenlei 41,2021-03-31,20:00:00,116,80,36,FMN GV 22 Boechout
7,Victor Heylenlei 41,2021-03-31,21:00:00,18,12,6,FMN GV 22 Boechout
7,Victor Heylenlei 41,2021-03-31,22:00:00,20,7,13,FMN GV 22 Boechout
7,Victor Heylenlei 41,2021-03-31,23:00:00,12,6,6,FMN GV 22 Boechout
7,Victor Heylenlei 41,2021-04-01,00:00:00,0,0,0,FMN GV 22 Boechout
7,Victor Heylenlei 41,2021-04-01,01:00:00,0,0,0,FMN GV 22 Boechout
7,Victor Heylenlei 41,2021-04-01,02:00:00,0,0,0,FMN GV 22 Boechout
7,Victor Heylenlei 41,2021-04-01,03:00:00,0,0,0,FMN GV 22 Boechout
7,Victor Heylenlei 41,2021-04-01,04:00:00,2,1,1,FMN GV 22 Boechout
7,Victor Heylenlei 41,2021-04-01,05:00:00,9,6,3,FMN GV 22 Boechout
7,Victor Heylenlei 41,2021-04-01,06:00:00,29,20,9,FMN GV 22 Boechout
7,Victor Heylenlei 41,2021-04-01,07:00:00,65,44,21,FMN GV 22 Boechout
7,Victor Heylenlei 41,2021-04-01,08:00:00,88,57,31,FMN GV 22 Boechout
7,Victor Heylenlei 41,2021-04-01,09:00:00,40,26,14,FMN GV 22 Boechout
7,Victor Heylenlei 41,2021-04-01,10:00:00,76,45,31,FMN GV 22 Boechout
7,Victor Heylenlei 41,2021-04-01,11:00:00,72,28,44,FMN GV 22 Boechout
7,Victor Heylenlei 41,2021-04-01,12:00:00,108,45,63,FMN GV 22 Boechout
7,Victor Heylenlei 41,2021-04-01,13:00:00,142,71,71,FMN GV 22 Boechout
7,Victor Heylenlei 41,2021-04-01,14:00:00,74,46,28,FMN GV 22 Boechout
7,Victor Heylenlei 41,2021-04-01,15:00:00,167,95,72,FMN GV 22 Boechout
7,Victor Heylenlei 41,2021-04-01,16:00:00,187,89,98,FMN GV 22 Boechout
7,Victor Heylenlei 41,2021-04-01,17:00:00,159,58,101,FMN GV 22 Boechout
7,Victor Heylenlei 41,2021-04-01,18:00:00,129,48,81,FMN GV 22 Boechout
7,Victor Heylenlei 41,2021-04-01,19:00:00,103,78,25,FMN GV 22 Boechout
7,Victor Heylenlei 41,2021-04-01,20:00:00,63,41,22,FMN GV 22 Boechout
7,Victor Heylenlei 41,2021-04-01,21:00:00,18,9,9,FMN GV 22 Boechout
7,Victor Heylenlei 41,2021-04-01,22:00:00,19,8,11,FMN GV 22 Boechout
7,Victor Heylenlei 41,2021-04-01,23:00:00,14,5,9,FMN GV 22 Boechout
7,Victor Heylenlei 41,2021-04-02,00:00:00,0,0,0,FMN GV 22 Boechout
7,Victor Heylenlei 41,2021-04-02,01:00:00,0,0,0,FMN GV 22 Boechout
7,Victor Heylenlei 41,2021-04-02,02:00:00,0,0,0,FMN GV 22 Boechout
7,Victor Heylenlei 41,2021-04-02,03:00:00,0,0,0,FMN GV 22 Boechout
7,Victor Heylenlei 41,2021-04-02,04:00:00,1,0,1,FMN GV 22 Boechout
7,Victor Heylenlei 41,2021-04-02,05:00:00,6,3,3,FMN GV 22 Boechout
7,Victor Heylenlei 41,2021-04-02,06:00:00,24,17,7,FMN GV 22 Boechout
7,Victor Heylenlei 41,2021-04-02,07:00:00,45,30,15,FMN GV 22 Boechout
7,Victor Heylenlei 41,2021-04-02,08:00:00,62,41,21,FMN GV 22 Boechout
7,Victor Heylenlei 41,2021-04-02,09:00:00,20,9,11,FMN GV 22 Boechout
7,Victor Heylenlei 41,2021-04-02,10:00:00,49,27,22,FMN GV 22 Boechout
7,Victor Heylenlei 41,2021-04-02,11:00:00,63,30,33,FMN GV 22 Boechout
7,Victor Heylenlei 41,2021-04-02,12:00:00,57,31,26,FMN GV 22 Boechout
7,Victor Heylenlei 41,2021-04-02,13:00:00,61,23,38,FMN GV 22 Boechout
7,Victor Heylenlei 41,2021-04-02,14:00:00,78,32,46,FMN GV 22 Boechout
7,Victor Heylenlei 41,2021-04-02,15:00:00,93,34,59,FMN GV 22 Boechout
7,Victor Heylenlei 41,2021-04-02,16:00:00,84,37,47,FMN GV 22 Boechout
7,Victor Heylenlei 41,2021-04-02,17:00:00,96,44,52,FMN GV 22 Boechout
7,Victor Heylenlei 41,2021-04-02,18:00:00,57,26,31,FMN GV 22 Boechout
7,Victor Heylenlei 41,2021-04-02,19:00:00,40,19,21,FMN GV 22 Boechout
7,Victor Heylenlei 41,2021-04-02,20:00:00,22,11,11,FMN GV 22 Boechout
7,Victor Heylenlei 41,2021-04-02,21:00:00,12,7,5,FMN GV 22 Boechout
7,Victor Heylenlei 41,2021-04-02,22:00:00,7,2,5,FMN GV 22 Boechout
7,Victor Heylenlei 41,2021-04-02,23:00:00,19,9,10,FMN GV 22 Boechout
7,Victor Heylenlei 41,2021-04-03,00:00:00,3,1,2,FMN GV 22 Boechout
7,Victor Heylenlei 41,2021-04-03,01:00:00,0,0,0,FMN GV 22 Boechout
7,Victor Heylenlei 41,2021-04-03,02:00:00,2,0,2,FMN GV 22 Boechout
7,Victor Heylenlei 41,2021-04-03,03:00:00,0,0,0,FMN GV 22 Boechout
7,Victor Heylenlei 41,2021-04-03,04:00:00,1,1,0,FMN GV 22 Boechout
7,Victor Heylenlei 41,2021-04-03,05:00:00,6,5,1,FMN GV 22 Boechout
7,Victor Heylenlei 41,2021-04-03,06:00:00,10,7,3,FMN GV 22 Boechout
7,Victor Heylenlei 41,2021-04-03,07:00:00,7,6,1,FMN GV 22 Boechout
7,Victor Heylenlei 41,2021-04-03,08:00:00,15,2,13,FMN GV 22 Boechout
7,Victor Heylenlei 41,2021-04-03,09:00:00,48,17,31,FMN GV 22 Boechout
7,Victor Heylenlei 41,2021-04-03,10:00:00,80,29,51,FMN GV 22 Boechout
7,Victor Heylenlei 41,2021-04-03,11:00:00,59,36,23,FMN GV 22 Boechout
7,Victor Heylenlei 41,2021-04-03,12:00:00,89,53,36,FMN GV 22 Boechout
7,Victor Heylenlei 41,2021-04-03,13:00:00,119,63,56,FMN GV 22 Boechout
7,Victor Heylenlei 41,2021-04-03,14:00:00,128,54,74,FMN GV 22 Boechout
7,Victor Heylenlei 41,2021-04-03,15:00:00,155,74,81,FMN GV 22 Boechout
7,Victor Heylenlei 41,2021-04-03,16:00:00,195,93,102,FMN GV 22 Boechout
7,Victor Heylenlei 41,2021-04-03,17:00:00,207,116,91,FMN GV 22 Boechout
7,Victor Heylenlei 41,2021-04-03,18:00:00,143,79,64,FMN GV 22 Boechout
7,Victor Heylenlei 41,2021-04-03,19:00:00,28,19,9,FMN GV 22 Boechout
7,Victor Heylenlei 41,2021-04-03,20:00:00,29,14,15,FMN GV 22 Boechout
7,Victor Heylenlei 41,2021-04-03,21:00:00,13,9,4,FMN GV 22 Boechout
7,Victor Heylenlei 41,2021-04-03,22:00:00,8,0,8,FMN GV 22 Boechout
7,Victor Heylenlei 41,2021-04-03,23:00:00,12,6,6,FMN GV 22 Boechout
7,Victor Heylenlei 41,2021-04-04,00:00:00,0,0,0,FMN GV 22 Boechout
7,Victor Heylenlei 41,2021-04-04,01:00:00,0,0,0,FMN GV 22 Boechout
7,Victor Heylenlei 41,2021-04-04,02:00:00,2,1,1,FMN GV 22 Boechout
7,Victor Heylenlei 41,2021-04-04,03:00:00,0,0,0,FMN GV 22 Boechout
7,Victor Heylenlei 41,2021-04-04,04:00:00,0,0,0,FMN GV 22 Boechout
7,Victor Heylenlei 41,2021-04-04,05:00:00,1,1,0,FMN GV 22 Boechout
7,Victor Heylenlei 41,2021-04-04,06:00:00,4,2,2,FMN GV 22 Boechout
7,Victor Heylenlei 41,2021-04-04,07:00:00,7,4,3,FMN GV 22 Boechout
7,Victor Heylenlei 41,2021-04-04,08:00:00,22,7,15,FMN GV 22 Boechout
7,Victor Heylenlei 41,2021-04-04,09:00:00,84,36,48,FMN GV 22 Boechout
7,Victor Heylenlei 41,2021-04-04,10:00:00,121,61,60,FMN GV 22 Boechout
7,Victor Heylenlei 41,2021-04-04,11:00:00,149,94,55,FMN GV 22 Boechout
7,Victor Heylenlei 41,2021-04-04,12:00:00,142,96,46,FMN GV 22 Boechout
7,Victor Heylenlei 41,2021-04-04,13:00:00,102,55,47,FMN GV 22 Boechout
7,Victor Heylenlei 41,2021-04-04,14:00:00,83,38,45,FMN GV 22 Boechout
7,Victor Heylenlei 41,2021-04-04,15:00:00,334,174,160,FMN GV 22 Boechout
7,Victor Heylenlei 41,2021-04-04,16:00:00,70,35,35,FMN GV 22 Boechout
7,Victor Heylenlei 41,2021-04-04,17:00:00,70,33,37,FMN GV 22 Boechout
7,Victor Heylenlei 41,2021-04-04,18:00:00,60,41,19,FMN GV 22 Boechout
7,Victor Heylenlei 41,2021-04-04,19:00:00,34,21,13,FMN GV 22 Boechout
7,Victor Heylenlei 41,2021-04-04,20:00:00,17,9,8,FMN GV 22 Boechout
7,Victor Heylenlei 41,2021-04-04,21:00:00,14,12,2,FMN GV 22 Boechout
7,Victor Heylenlei 41,2021-04-04,22:00:00,11,9,2,FMN GV 22 Boechout
7,Victor Heylenlei 41,2021-04-04,23:00:00,5,5,0,FMN GV 22 Boechout
7,Victor Heylenlei 41,2021-04-05,00:00:00,1,0,1,FMN GV 22 Boechout
7,Victor Heylenlei 41,2021-04-05,01:00:00,1,1,0,FMN GV 22 Boechout
7,Victor Heylenlei 41,2021-04-05,02:00:00,0,0,0,FMN GV 22 Boechout
7,Victor Heylenlei 41,2021-04-05,03:00:00,1,1,0,FMN GV 22 Boechout
7,Victor Heylenlei 41,2021-04-05,04:00:00,0,0,0,FMN GV 22 Boechout
7,Victor Heylenlei 41,2021-04-05,05:00:00,1,1,0,FMN GV 22 Boechout
7,Victor Heylenlei 41,2021-04-05,06:00:00,3,2,1,FMN GV 22 Boechout
7,Victor Heylenlei 41,2021-04-05,07:00:00,4,3,1,FMN GV 22 Boechout
7,Victor Heylenlei 41,2021-04-05,08:00:00,5,3,2,FMN GV 22 Boechout
7,Victor Heylenlei 41,2021-04-05,09:00:00,13,8,5,FMN GV 22 Boechout
7,Victor Heylenlei 41,2021-04-05,10:00:00,2,1,1,FMN GV 22 Boechout
7,Victor Heylenlei 41,2021-04-05,11:00:00,30,18,12,FMN GV 22 Boechout
7,Victor Heylenlei 41,2021-04-05,12:00:00,24,14,10,FMN GV 22 Boechout
7,Victor Heylenlei 41,2021-04-05,13:00:00,27,12,15,FMN GV 22 Boechout
7,Victor Heylenlei 41,2021-04-05,14:00:00,53,25,28,FMN GV 22 Boechout
7,Victor Heylenlei 41,2021-04-05,15:00:00,53,25,28,FMN GV 22 Boechout
7,Victor Heylenlei 41,2021-04-05,16:00:00,68,40,28,FMN GV 22 Boechout
7,Victor Heylenlei 41,2021-04-05,17:00:00,20,13,7,FMN GV 22 Boechout
7,Victor Heylenlei 41,2021-04-05,18:00:00,14,8,6,FMN GV 22 Boechout
7,Victor Heylenlei 41,2021-04-05,19:00:00,20,15,5,FMN GV 22 Boechout
7,Victor Heylenlei 41,2021-04-05,20:00:00,23,13,10,FMN GV 22 Boechout
7,Victor Heylenlei 41,2021-04-05,21:00:00,6,3,3,FMN GV 22 Boechout
7,Victor Heylenlei 41,2021-04-05,22:00:00,14,10,4,FMN GV 22 Boechout
7,Victor Heylenlei 41,2021-04-05,23:00:00,4,3,1,FMN GV 22 Boechout
7,Victor Heylenlei 41,2021-04-06,00:00:00,1,1,0,FMN GV 22 Boechout
7,Victor Heylenlei 41,2021-04-06,01:00:00,2,1,1,FMN GV 22 Boechout
7,Victor Heylenlei 41,2021-04-06,02:00:00,0,0,0,FMN GV 22 Boechout
7,Victor Heylenlei 41,2021-04-06,03:00:00,5,3,2,FMN GV 22 Boechout
7,Victor Heylenlei 41,2021-04-06,04:00:00,3,1,2,FMN GV 22 Boechout
7,Victor Heylenlei 41,2021-04-06,05:00:00,8,4,4,FMN GV 22 Boechout
7,Victor Heylenlei 41,2021-04-06,06:00:00,7,3,4,FMN GV 22 Boechout
7,Victor Heylenlei 41,2021-04-06,07:00:00,29,16,13,FMN GV 22 Boechout
7,Victor Heylenlei 41,2021-04-06,08:00:00,26,12,14,FMN GV 22 Boechout
7,Victor Heylenlei 41,2021-04-06,09:00:00,18,5,13,FMN GV 22 Boechout
7,Victor Heylenlei 41,2021-04-06,10:00:00,7,3,4,FMN GV 22 Boechout
7,Victor Heylenlei 41,2021-04-06,11:00:00,12,8,4,FMN GV 22 Boechout
7,Victor Heylenlei 41,2021-04-06,12:00:00,8,3,5,FMN GV 22 Boechout
7,Victor Heylenlei 41,2021-04-06,13:00:00,12,6,6,FMN GV 22 Boechout
7,Victor Heylenlei 41,2021-04-06,14:00:00,2,0,2,FMN GV 22 Boechout
7,Victor Heylenlei 41,2021-04-06,15:00:00,6,3,3,FMN GV 22 Boechout
7,Victor Heylenlei 41,2021-04-06,16:00:00,17,6,11,FMN GV 22 Boechout
7,Victor Heylenlei 41,2021-04-06,17:00:00,23,13,10,FMN GV 22 Boechout
7,Victor Heylenlei 41,2021-04-06,18:00:00,12,2,10,FMN GV 22 Boechout
7,Victor Heylenlei 41,2021-04-06,19:00:00,53,42,11,FMN GV 22 Boechout
7,Victor Heylenlei 41,2021-04-06,20:00:00,7,5,2,FMN GV 22 Boechout
7,Victor Heylenlei 41,2021-04-06,21:00:00,21,16,5,FMN GV 22 Boechout
7,Victor Heylenlei 41,2021-04-06,22:00:00,1,0,1,FMN GV 22 Boechout
7,Victor Heylenlei 41,2021-04-06,23:00:00,12,7,5,FMN GV 22 Boechout
7,Victor Heylenlei 41,2021-04-07,00:00:00,0,0,0,FMN GV 22 Boechout
7,Victor Heylenlei 41,2021-04-07,01:00:00,9,4,5,FMN GV 22 Boechout
7,Victor Heylenlei 41,2021-04-07,02:00:00,0,0,0,FMN GV 22 Boechout
7,Victor Heylenlei 41,2021-04-07,03:00:00,15,8,7,FMN GV 22 Boechout
7,Victor Heylenlei 41,2021-04-07,04:00:00,3,2,1,FMN GV 22 Boechout
7,Victor Heylenlei 41,2021-04-07,05:00:00,7,3,4,FMN GV 22 Boechout
7,Victor Heylenlei 41,2021-04-07,06:00:00,14,8,6,FMN GV 22 Boechout
7,Victor Heylenlei 41,2021-04-07,07:00:00,18,9,9,FMN GV 22 Boechout
7,Victor Heylenlei 41,2021-04-07,08:00:00,43,32,11,FMN GV 22 Boechout
7,Victor Heylenlei 41,2021-04-07,09:00:00,9,5,4,FMN GV 22 Boechout
7,Victor Heylenlei 41,2021-04-07,10:00:00,5,3,2,FMN GV 22 Boechout
7,Victor Heylenlei 41,2021-04-07,11:00:00,8,3,5,FMN GV 22 Boechout
7,Victor Heylenlei 41,2021-04-07,12:00:00,10,6,4,FMN GV 22 Boechout
7,Victor Heylenlei 41,2021-04-07,13:00:00,32,18,14,FMN GV 22 Boechout
7,Victor Heylenlei 41,2021-04-07,14:00:00,55,26,29,FMN GV 22 Boechout
7,Victor Heylenlei 41,2021-04-07,15:00:00,30,13,17,FMN GV 22 Boechout
7,Victor Heylenlei 41,2021-04-07,16:00:00,37,16,21,FMN GV 22 Boechout
7,Victor Heylenlei 41,2021-04-07,17:00:00,47,16,31,FMN GV 22 Boechout
7,Victor Heylenlei 41,2021-04-07,18:00:00,46,17,29,FMN GV 22 Boechout
7,Victor Heylenlei 41,2021-04-07,19:00:00,33,20,13,FMN GV 22 Boechout
7,Victor Heylenlei 41,2021-04-07,20:00:00,40,32,8,FMN GV 22 Boechout
7,Victor Heylenlei 41,2021-04-07,21:00:00,15,9,6,FMN GV 22 Boechout
7,Victor Heylenlei 41,2021-04-07,22:00:00,6,4,2,FMN GV 22 Boechout
7,Victor Heylenlei 41,2021-04-07,23:00:00,4,2,2,FMN GV 22 Boechout
7,Victor Heylenlei 41,2021-04-08,00:00:00,36,31,5,FMN GV 22 Boechout
7,Victor Heylenlei 41,2021-04-08,01:00:00,1,0,1,FMN GV 22 Boechout
7,Victor Heylenlei 41,2021-04-08,02:00:00,10,10,0,FMN GV 22 Boechout
7,Victor Heylenlei 41,2021-04-08,03:00:00,29,24,5,FMN GV 22 Boechout
7,Victor Heylenlei 41,2021-04-08,04:00:00,13,8,5,FMN GV 22 Boechout
7,Victor Heylenlei 41,2021-04-08,05:00:00,12,5,7,FMN GV 22 Boechout
7,Victor Heylenlei 41,2021-04-08,06:00:00,13,12,1,FMN GV 22 Boechout
7,Victor Heylenlei 41,2021-04-08,07:00:00,51,33,18,FMN GV 22 Boechout
7,Victor Heylenlei 41,2021-04-08,08:00:00,82,57,25,FMN GV 22 Boechout
7,Victor Heylenlei 41,2021-04-08,09:00:00,35,15,20,FMN GV 22 Boechout
7,Victor Heylenlei 41,2021-04-08,10:00:00,42,17,25,FMN GV 22 Boechout
7,Victor Heylenlei 41,2021-04-08,11:00:00,45,29,16,FMN GV 22 Boechout
7,Victor Heylenlei 41,2021-04-08,12:00:00,43,22,21,FMN GV 22 Boechout
7,Victor Heylenlei 41,2021-04-08,13:00:00,74,38,36,FMN GV 22 Boechout
7,Victor Heylenlei 41,2021-04-08,14:00:00,100,46,54,FMN GV 22 Boechout
7,Victor Heylenlei 41,2021-04-08,15:00:00,104,54,50,FMN GV 22 Boechout
7,Victor Heylenlei 41,2021-04-08,16:00:00,139,59,80,FMN GV 22 Boechout
7,Victor Heylenlei 41,2021-04-08,17:00:00,155,67,88,FMN GV 22 Boechout
7,Victor Heylenlei 41,2021-04-08,18:00:00,126,66,60,FMN GV 22 Boechout
7,Victor Heylenlei 41,2021-04-08,19:00:00,112,69,43,FMN GV 22 Boechout
7,Victor Heylenlei 41,2021-04-08,20:00:00,71,45,26,FMN GV 22 Boechout
7,Victor Heylenlei 41,2021-04-08,21:00:00,21,14,7,FMN GV 22 Boechout
7,Victor Heylenlei 41,2021-04-08,22:00:00,10,8,2,FMN GV 22 Boechout
7,Victor Heylenlei 41,2021-04-08,23:00:00,39,33,6,FMN GV 22 Boechout
7,Victor Heylenlei 41,2021-04-09,00:00:00,11,7,4,FMN GV 22 Boechout
7,Victor Heylenlei 41,2021-04-09,01:00:00,0,0,0,FMN GV 22 Boechout
7,Victor Heylenlei 41,2021-04-09,02:00:00,0,0,0,FMN GV 22 Boechout
7,Victor Heylenlei 41,2021-04-09,03:00:00,43,35,8,FMN GV 22 Boechout
7,Victor Heylenlei 41,2021-04-09,04:00:00,8,3,5,FMN GV 22 Boechout
7,Victor Heylenlei 41,2021-04-09,05:00:00,10,6,4,FMN GV 22 Boechout
7,Victor Heylenlei 41,2021-04-09,06:00:00,56,47,9,FMN GV 22 Boechout
7,Victor Heylenlei 41,2021-04-09,07:00:00,54,29,25,FMN GV 22 Boechout
7,Victor Heylenlei 41,2021-04-09,08:00:00,55,35,20,FMN GV 22 Boechout
7,Victor Heylenlei 41,2021-04-09,09:00:00,30,12,18,FMN GV 22 Boechout
7,Victor Heylenlei 41,2021-04-09,10:00:00,48,15,33,FMN GV 22 Boechout
7,Victor Heylenlei 41,2021-04-09,11:00:00,57,29,28,FMN GV 22 Boechout
7,Victor Heylenlei 41,2021-04-09,12:00:00,85,41,44,FMN GV 22 Boechout
7,Victor Heylenlei 41,2021-04-09,13:00:00,99,48,51,FMN GV 22 Boechout
7,Victor Heylenlei 41,2021-04-09,14:00:00,151,72,79,FMN GV 22 Boechout
7,Victor Heylenlei 41,2021-04-09,15:00:00,174,100,74,FMN GV 22 Boechout
7,Victor Heylenlei 41,2021-04-09,16:00:00,148,74,74,FMN GV 22 Boechout
7,Victor Heylenlei 41,2021-04-09,17:00:00,128,64,64,FMN GV 22 Boechout
7,Victor Heylenlei 41,2021-04-09,18:00:00,104,63,41,FMN GV 22 Boechout
7,Victor Heylenlei 41,2021-04-09,19:00:00,53,33,20,FMN GV 22 Boechout
7,Victor Heylenlei 41,2021-04-09,20:00:00,35,19,16,FMN GV 22 Boechout
7,Victor Heylenlei 41,2021-04-09,21:00:00,20,10,10,FMN GV 22 Boechout
7,Victor Heylenlei 41,2021-04-09,22:00:00,4,1,3,FMN GV 22 Boechout
7,Victor Heylenlei 41,2021-04-09,23:00:00,19,13,6,FMN GV 22 Boechout
7,Victor Heylenlei 41,2021-04-10,00:00:00,8,0,8,FMN GV 22 Boechout
7,Victor Heylenlei 41,2021-04-10,01:00:00,1,1,0,FMN GV 22 Boechout
7,Victor Heylenlei 41,2021-04-10,02:00:00,0,0,0,FMN GV 22 Boechout
7,Victor Heylenlei 41,2021-04-10,03:00:00,0,0,0,FMN GV 22 Boechout
7,Victor Heylenlei 41,2021-04-10,04:00:00,1,0,1,FMN GV 22 Boechout
7,Victor Heylenlei 41,2021-04-10,05:00:00,21,19,2,FMN GV 22 Boechout
7,Victor Heylenlei 41,2021-04-10,06:00:00,4,0,4,FMN GV 22 Boechout
7,Victor Heylenlei 41,2021-04-10,07:00:00,4,1,3,FMN GV 22 Boechout
7,Victor Heylenlei 41,2021-04-10,08:00:00,14,8,6,FMN GV 22 Boechout
7,Victor Heylenlei 41,2021-04-10,09:00:00,16,7,9,FMN GV 22 Boechout
7,Victor Heylenlei 41,2021-04-10,10:00:00,12,6,6,FMN GV 22 Boechout
7,Victor Heylenlei 41,2021-04-10,11:00:00,18,8,10,FMN GV 22 Boechout
7,Victor Heylenlei 41,2021-04-10,12:00:00,17,11,6,FMN GV 22 Boechout
7,Victor Heylenlei 41,2021-04-10,13:00:00,24,11,13,FMN GV 22 Boechout
7,Victor Heylenlei 41,2021-04-10,14:00:00,17,8,9,FMN GV 22 Boechout
7,Victor Heylenlei 41,2021-04-10,15:00:00,47,19,28,FMN GV 22 Boechout
7,Victor Heylenlei 41,2021-04-10,16:00:00,19,10,9,FMN GV 22 Boechout
7,Victor Heylenlei 41,2021-04-10,17:00:00,173,82,91,FMN GV 22 Boechout
7,Victor Heylenlei 41,2021-04-10,18:00:00,7,3,4,FMN GV 22 Boechout
7,Victor Heylenlei 41,2021-04-10,19:00:00,3,1,2,FMN GV 22 Boechout
7,Victor Heylenlei 41,2021-04-10,20:00:00,8,5,3,FMN GV 22 Boechout
7,Victor Heylenlei 41,2021-04-10,21:00:00,11,7,4,FMN GV 22 Boechout
7,Victor Heylenlei 41,2021-04-10,22:00:00,3,1,2,FMN GV 22 Boechout
7,Victor Heylenlei 41,2021-04-10,23:00:00,7,5,2,FMN GV 22 Boechout
7,Victor Heylenlei 41,2021-04-11,00:00:00,3,2,1,FMN GV 22 Boechout
7,Victor Heylenlei 41,2021-04-11,01:00:00,0,0,0,FMN GV 22 Boechout
7,Victor Heylenlei 41,2021-04-11,02:00:00,0,0,0,FMN GV 22 Boechout
7,Victor Heylenlei 41,2021-04-11,03:00:00,0,0,0,FMN GV 22 Boechout
7,Victor Heylenlei 41,2021-04-11,04:00:00,0,0,0,FMN GV 22 Boechout
7,Victor Heylenlei 41,2021-04-11,05:00:00,1,1,0,FMN GV 22 Boechout
7,Victor Heylenlei 41,2021-04-11,06:00:00,3,1,2,FMN GV 22 Boechout
7,Victor Heylenlei 41,2021-04-11,07:00:00,7,5,2,FMN GV 22 Boechout
7,Victor Heylenlei 41,2021-04-11,08:00:00,16,9,7,FMN GV 22 Boechout
7,Victor Heylenlei 41,2021-04-11,09:00:00,64,30,34,FMN GV 22 Boechout
7,Victor Heylenlei 41,2021-04-11,10:00:00,97,49,48,FMN GV 22 Boechout
7,Victor Heylenlei 41,2021-04-11,11:00:00,76,36,40,FMN GV 22 Boechout
7,Victor Heylenlei 41,2021-04-11,12:00:00,86,45,41,FMN GV 22 Boechout
7,Victor Heylenlei 41,2021-04-11,13:00:00,109,46,63,FMN GV 22 Boechout
7,Victor Heylenlei 41,2021-04-11,14:00:00,142,65,77,FMN GV 22 Boechout
7,Victor Heylenlei 41,2021-04-11,15:00:00,123,54,69,FMN GV 22 Boechout
7,Victor Heylenlei 41,2021-04-11,16:00:00,93,53,40,FMN GV 22 Boechout
7,Victor Heylenlei 41,2021-04-11,17:00:00,70,34,36,FMN GV 22 Boechout
7,Victor Heylenlei 41,2021-04-11,18:00:00,38,26,12,FMN GV 22 Boechout
7,Victor Heylenlei 41,2021-04-11,19:00:00,44,21,23,FMN GV 22 Boechout
7,Victor Heylenlei 41,2021-04-11,20:00:00,17,13,4,FMN GV 22 Boechout
7,Victor Heylenlei 41,2021-04-11,21:00:00,4,4,0,FMN GV 22 Boechout
7,Victor Heylenlei 41,2021-04-11,22:00:00,7,2,5,FMN GV 22 Boechout
7,Victor Heylenlei 41,2021-04-11,23:00:00,14,11,3,FMN GV 22 Boechout
7,Victor Heylenlei 41,2021-04-12,00:00:00,6,5,1,FMN GV 22 Boechout
7,Victor Heylenlei 41,2021-04-12,01:00:00,4,3,1,FMN GV 22 Boechout
7,Victor Heylenlei 41,2021-04-12,02:00:00,0,0,0,FMN GV 22 Boechout
7,Victor Heylenlei 41,2021-04-12,03:00:00,1,1,0,FMN GV 22 Boechout
7,Victor Heylenlei 41,2021-04-12,04:00:00,4,2,2,FMN GV 22 Boechout
7,Victor Heylenlei 41,2021-04-12,05:00:00,10,7,3,FMN GV 22 Boechout
7,Victor Heylenlei 41,2021-04-12,06:00:00,30,21,9,FMN GV 22 Boechout
7,Victor Heylenlei 41,2021-04-12,07:00:00,66,46,20,FMN GV 22 Boechout
7,Victor Heylenlei 41,2021-04-12,08:00:00,38,27,11,FMN GV 22 Boechout
7,Victor Heylenlei 41,2021-04-12,09:00:00,24,16,8,FMN GV 22 Boechout
7,Victor Heylenlei 41,2021-04-12,10:00:00,38,23,15,FMN GV 22 Boechout
7,Victor Heylenlei 41,2021-04-12,11:00:00,25,16,9,FMN GV 22 Boechout
7,Victor Heylenlei 41,2021-04-12,12:00:00,28,13,15,FMN GV 22 Boechout
7,Victor Heylenlei 41,2021-04-12,13:00:00,39,22,17,FMN GV 22 Boechout
7,Victor Heylenlei 41,2021-04-12,14:00:00,43,25,18,FMN GV 22 Boechout
7,Victor Heylenlei 41,2021-04-12,15:00:00,81,38,43,FMN GV 22 Boechout
7,Victor Heylenlei 41,2021-04-12,16:00:00,85,37,48,FMN GV 22 Boechout
7,Victor Heylenlei 41,2021-04-12,17:00:00,83,29,54,FMN GV 22 Boechout
7,Victor Heylenlei 41,2021-04-12,18:00:00,58,14,44,FMN GV 22 Boechout
7,Victor Heylenlei 41,2021-04-12,19:00:00,50,34,16,FMN GV 22 Boechout
7,Victor Heylenlei 41,2021-04-12,20:00:00,36,23,13,FMN GV 22 Boechout
7,Victor Heylenlei 41,2021-04-12,21:00:00,26,16,10,FMN GV 22 Boechout
7,Victor Heylenlei 41,2021-04-12,22:00:00,23,14,9,FMN GV 22 Boechout
7,Victor Heylenlei 41,2021-04-12,23:00:00,5,4,1,FMN GV 22 Boechout
7,Victor Heylenlei 41,2021-04-13,00:00:00,1,0,1,FMN GV 22 Boechout
7,Victor Heylenlei 41,2021-04-13,01:00:00,1,0,1,FMN GV 22 Boechout
7,Victor Heylenlei 41,2021-04-13,02:00:00,0,0,0,FMN GV 22 Boechout
7,Victor Heylenlei 41,2021-04-13,03:00:00,0,0,0,FMN GV 22 Boechout
7,Victor Heylenlei 41,2021-04-13,04:00:00,30,24,6,FMN GV 22 Boechout
7,Victor Heylenlei 41,2021-04-13,05:00:00,4,3,1,FMN GV 22 Boechout
7,Victor Heylenlei 41,2021-04-13,06:00:00,22,14,8,FMN GV 22 Boechout
7,Victor Heylenlei 41,2021-04-13,07:00:00,41,28,13,FMN GV 22 Boechout
7,Victor Heylenlei 41,2021-04-13,08:00:00,64,36,28,FMN GV 22 Boechout
7,Victor Heylenlei 41,2021-04-13,09:00:00,48,27,21,FMN GV 22 Boechout
7,Victor Heylenlei 41,2021-04-13,10:00:00,31,15,16,FMN GV 22 Boechout
7,Victor Heylenlei 41,2021-04-13,11:00:00,46,23,23,FMN GV 22 Boechout
7,Victor Heylenlei 41,2021-04-13,12:00:00,60,31,29,FMN GV 22 Boechout
7,Victor Heylenlei 41,2021-04-13,13:00:00,66,31,35,FMN GV 22 Boechout
7,Victor Heylenlei 41,2021-04-13,14:00:00,93,43,50,FMN GV 22 Boechout
7,Victor Heylenlei 41,2021-04-13,15:00:00,133,53,80,FMN GV 22 Boechout
7,Victor Heylenlei 41,2021-04-13,16:00:00,118,65,53,FMN GV 22 Boechout
7,Victor Heylenlei 41,2021-04-13,17:00:00,128,57,71,FMN GV 22 Boechout
7,Victor Heylenlei 41,2021-04-13,18:00:00,103,54,49,FMN GV 22 Boechout
7,Victor Heylenlei 41,2021-04-13,19:00:00,95,53,42,FMN GV 22 Boechout
7,Victor Heylenlei 41,2021-04-13,20:00:00,50,32,18,FMN GV 22 Boechout
7,Victor Heylenlei 41,2021-04-13,21:00:00,25,12,13,FMN GV 22 Boechout
7,Victor Heylenlei 41,2021-04-13,22:00:00,11,8,3,FMN GV 22 Boechout
7,Victor Heylenlei 41,2021-04-13,23:00:00,15,12,3,FMN GV 22 Boechout
7,Victor Heylenlei 41,2021-04-14,00:00:00,0,0,0,FMN GV 22 Boechout
7,Victor Heylenlei 41,2021-04-14,01:00:00,0,0,0,FMN GV 22 Boechout
7,Victor Heylenlei 41,2021-04-14,02:00:00,1,0,1,FMN GV 22 Boechout
7,Victor Heylenlei 41,2021-04-14,03:00:00,0,0,0,FMN GV 22 Boechout
7,Victor Heylenlei 41,2021-04-14,04:00:00,5,4,1,FMN GV 22 Boechout
7,Victor Heylenlei 41,2021-04-14,05:00:00,20,19,1,FMN GV 22 Boechout
7,Victor Heylenlei 41,2021-04-14,06:00:00,49,37,12,FMN GV 22 Boechout
7,Victor Heylenlei 41,2021-04-14,07:00:00,52,34,18,FMN GV 22 Boechout
7,Victor Heylenlei 41,2021-04-14,08:00:00,59,37,22,FMN GV 22 Boechout
7,Victor Heylenlei 41,2021-04-14,09:00:00,59,33,26,FMN GV 22 Boechout
7,Victor Heylenlei 41,2021-04-14,10:00:00,48,21,27,FMN GV 22 Boechout
7,Victor Heylenlei 41,2021-04-14,11:00:00,63,28,35,FMN GV 22 Boechout
7,Victor Heylenlei 41,2021-04-14,12:00:00,43,26,17,FMN GV 22 Boechout
7,Victor Heylenlei 41,2021-04-14,13:00:00,96,31,65,FMN GV 22 Boechout
7,Victor Heylenlei 41,2021-04-14,14:00:00,62,38,24,FMN GV 22 Boechout
7,Victor Heylenlei 41,2021-04-14,15:00:00,80,35,45,FMN GV 22 Boechout
7,Victor Heylenlei 41,2021-04-14,16:00:00,93,46,47,FMN GV 22 Boechout
7,Victor Heylenlei 41,2021-04-14,17:00:00,93,43,50,FMN GV 22 Boechout
7,Victor Heylenlei 41,2021-04-14,18:00:00,74,31,43,FMN GV 22 Boechout
7,Victor Heylenlei 41,2021-04-14,19:00:00,57,33,24,FMN GV 22 Boechout
7,Victor Heylenlei 41,2021-04-14,20:00:00,80,49,31,FMN GV 22 Boechout
7,Victor Heylenlei 41,2021-04-14,21:00:00,22,17,5,FMN GV 22 Boechout
7,Victor Heylenlei 41,2021-04-14,22:00:00,7,2,5,FMN GV 22 Boechout
7,Victor Heylenlei 41,2021-04-14,23:00:00,5,2,3,FMN GV 22 Boechout
7,Victor Heylenlei 41,2021-04-15,00:00:00,1,1,0,FMN GV 22 Boechout
7,Victor Heylenlei 41,2021-04-15,01:00:00,0,0,0,FMN GV 22 Boechout
7,Victor Heylenlei 41,2021-04-15,02:00:00,1,0,1,FMN GV 22 Boechout
7,Victor Heylenlei 41,2021-04-15,03:00:00,1,0,1,FMN GV 22 Boechout
7,Victor Heylenlei 41,2021-04-15,04:00:00,37,28,9,FMN GV 22 Boechout
7,Victor Heylenlei 41,2021-04-15,05:00:00,5,4,1,FMN GV 22 Boechout
7,Victor Heylenlei 41,2021-04-15,06:00:00,25,17,8,FMN GV 22 Boechout
7,Victor Heylenlei 41,2021-04-15,07:00:00,53,29,24,FMN GV 22 Boechout
7,Victor Heylenlei 41,2021-04-15,08:00:00,47,34,13,FMN GV 22 Boechout
7,Victor Heylenlei 41,2021-04-15,09:00:00,31,14,17,FMN GV 22 Boechout
7,Victor Heylenlei 41,2021-04-15,10:00:00,31,17,14,FMN GV 22 Boechout
7,Victor Heylenlei 41,2021-04-15,11:00:00,39,22,17,FMN GV 22 Boechout
7,Victor Heylenlei 41,2021-04-15,12:00:00,43,17,26,FMN GV 22 Boechout
7,Victor Heylenlei 41,2021-04-15,13:00:00,149,71,78,FMN GV 22 Boechout
7,Victor Heylenlei 41,2021-04-15,14:00:00,94,46,48,FMN GV 22 Boechout
7,Victor Heylenlei 41,2021-04-15,15:00:00,81,37,44,FMN GV 22 Boechout
7,Victor Heylenlei 41,2021-04-15,16:00:00,140,72,68,FMN GV 22 Boechout
7,Victor Heylenlei 41,2021-04-15,17:00:00,260,122,138,FMN GV 22 Boechout
7,Victor Heylenlei 41,2021-04-15,18:00:00,76,38,38,FMN GV 22 Boechout
7,Victor Heylenlei 41,2021-04-15,19:00:00,114,61,53,FMN GV 22 Boechout
7,Victor Heylenlei 41,2021-04-15,20:00:00,64,51,13,FMN GV 22 Boechout
7,Victor Heylenlei 41,2021-04-15,21:00:00,18,5,13,FMN GV 22 Boechout
7,Victor Heylenlei 41,2021-04-15,22:00:00,8,4,4,FMN GV 22 Boechout
7,Victor Heylenlei 41,2021-04-15,23:00:00,46,40,6,FMN GV 22 Boechout
7,Victor Heylenlei 41,2021-04-16,00:00:00,4,0,4,FMN GV 22 Boechout
7,Victor Heylenlei 41,2021-04-16,01:00:00,1,0,1,FMN GV 22 Boechout
7,Victor Heylenlei 41,2021-04-16,02:00:00,0,0,0,FMN GV 22 Boechout
7,Victor Heylenlei 41,2021-04-16,03:00:00,0,0,0,FMN GV 22 Boechout
7,Victor Heylenlei 41,2021-04-16,04:00:00,24,15,9,FMN GV 22 Boechout
7,Victor Heylenlei 41,2021-04-16,05:00:00,37,29,8,FMN GV 22 Boechout
7,Victor Heylenlei 41,2021-04-16,06:00:00,27,20,7,FMN GV 22 Boechout
7,Victor Heylenlei 41,2021-04-16,07:00:00,57,29,28,FMN GV 22 Boechout
7,Victor Heylenlei 41,2021-04-16,08:00:00,75,50,25,FMN GV 22 Boechout
7,Victor Heylenlei 41,2021-04-16,09:00:00,39,21,18,FMN GV 22 Boechout
7,Victor Heylenlei 41,2021-04-16,10:00:00,53,14,39,FMN GV 22 Boechout
7,Victor Heylenlei 41,2021-04-16,11:00:00,62,32,30,FMN GV 22 Boechout
7,Victor Heylenlei 41,2021-04-16,12:00:00,84,45,39,FMN GV 22 Boechout
7,Victor Heylenlei 41,2021-04-16,13:00:00,111,64,47,FMN GV 22 Boechout
7,Victor Heylenlei 41,2021-04-16,14:00:00,122,54,68,FMN GV 22 Boechout
7,Victor Heylenlei 41,2021-04-16,15:00:00,143,58,85,FMN GV 22 Boechout
7,Victor Heylenlei 41,2021-04-16,16:00:00,143,72,71,FMN GV 22 Boechout
7,Victor Heylenlei 41,2021-04-16,17:00:00,114,51,63,FMN GV 22 Boechout
7,Victor Heylenlei 41,2021-04-16,18:00:00,66,27,39,FMN GV 22 Boechout
7,Victor Heylenlei 41,2021-04-16,19:00:00,81,48,33,FMN GV 22 Boechout
7,Victor Heylenlei 41,2021-04-16,20:00:00,29,13,16,FMN GV 22 Boechout
7,Victor Heylenlei 41,2021-04-16,21:00:00,15,5,10,FMN GV 22 Boechout
7,Victor Heylenlei 41,2021-04-16,22:00:00,11,7,4,FMN GV 22 Boechout
7,Victor Heylenlei 41,2021-04-16,23:00:00,22,11,11,FMN GV 22 Boechout
7,Victor Heylenlei 41,2021-04-17,00:00:00,8,4,4,FMN GV 22 Boechout
7,Victor Heylenlei 41,2021-04-17,01:00:00,0,0,0,FMN GV 22 Boechout
7,Victor Heylenlei 41,2021-04-17,02:00:00,33,29,4,FMN GV 22 Boechout
7,Victor Heylenlei 41,2021-04-17,03:00:00,0,0,0,FMN GV 22 Boechout
7,Victor Heylenlei 41,2021-04-17,04:00:00,2,2,0,FMN GV 22 Boechout
7,Victor Heylenlei 41,2021-04-17,05:00:00,5,4,1,FMN GV 22 Boechout
7,Victor Heylenlei 41,2021-04-17,06:00:00,11,8,3,FMN GV 22 Boechout
7,Victor Heylenlei 41,2021-04-17,07:00:00,35,30,5,FMN GV 22 Boechout
7,Victor Heylenlei 41,2021-04-17,08:00:00,23,15,8,FMN GV 22 Boechout
7,Victor Heylenlei 41,2021-04-17,09:00:00,61,39,22,FMN GV 22 Boechout
7,Victor Heylenlei 41,2021-04-17,10:00:00,117,60,57,FMN GV 22 Boechout
7,Victor Heylenlei 41,2021-04-17,11:00:00,107,48,59,FMN GV 22 Boechout
7,Victor Heylenlei 41,2021-04-17,12:00:00,133,60,73,FMN GV 22 Boechout
7,Victor Heylenlei 41,2021-04-17,13:00:00,157,78,79,FMN GV 22 Boechout
7,Victor Heylenlei 41,2021-04-17,14:00:00,258,111,147,FMN GV 22 Boechout
7,Victor Heylenlei 41,2021-04-17,15:00:00,211,91,120,FMN GV 22 Boechout
7,Victor Heylenlei 41,2021-04-17,16:00:00,220,115,105,FMN GV 22 Boechout
7,Victor Heylenlei 41,2021-04-17,17:00:00,102,61,41,FMN GV 22 Boechout
7,Victor Heylenlei 41,2021-04-17,18:00:00,63,32,31,FMN GV 22 Boechout
7,Victor Heylenlei 41,2021-04-17,19:00:00,75,33,42,FMN GV 22 Boechout
7,Victor Heylenlei 41,2021-04-17,20:00:00,41,29,12,FMN GV 22 Boechout
7,Victor Heylenlei 41,2021-04-17,21:00:00,16,14,2,FMN GV 22 Boechout
7,Victor Heylenlei 41,2021-04-17,22:00:00,5,3,2,FMN GV 22 Boechout
7,Victor Heylenlei 41,2021-04-17,23:00:00,16,9,7,FMN GV 22 Boechout
7,Victor Heylenlei 41,2021-04-18,00:00:00,4,1,3,FMN GV 22 Boechout
7,Victor Heylenlei 41,2021-04-18,01:00:00,0,0,0,FMN GV 22 Boechout
7,Victor Heylenlei 41,2021-04-18,02:00:00,0,0,0,FMN GV 22 Boechout
7,Victor Heylenlei 41,2021-04-18,03:00:00,1,0,1,FMN GV 22 Boechout
7,Victor Heylenlei 41,2021-04-18,04:00:00,0,0,0,FMN GV 22 Boechout
7,Victor Heylenlei 41,2021-04-18,05:00:00,3,2,1,FMN GV 22 Boechout
7,Victor Heylenlei 41,2021-04-18,06:00:00,6,6,0,FMN GV 22 Boechout
7,Victor Heylenlei 41,2021-04-18,07:00:00,18,8,10,FMN GV 22 Boechout
7,Victor Heylenlei 41,2021-04-18,08:00:00,34,16,18,FMN GV 22 Boechout
7,Victor Heylenlei 41,2021-04-18,09:00:00,155,72,83,FMN GV 22 Boechout
7,Victor Heylenlei 41,2021-04-18,10:00:00,195,84,111,FMN GV 22 Boechout
7,Victor Heylenlei 41,2021-04-18,11:00:00,236,114,122,FMN GV 22 Boechout
7,Victor Heylenlei 41,2021-04-18,12:00:00,226,133,93,FMN GV 22 Boechout
7,Victor Heylenlei 41,2021-04-18,13:00:00,284,144,140,FMN GV 22 Boechout
7,Victor Heylenlei 41,2021-04-18,14:00:00,360,174,186,FMN GV 22 Boechout
7,Victor Heylenlei 41,2021-04-18,15:00:00,318,163,155,FMN GV 22 Boechout
7,Victor Heylenlei 41,2021-04-18,16:00:00,294,146,148,FMN GV 22 Boechout
7,Victor Heylenlei 41,2021-04-18,17:00:00,209,124,85,FMN GV 22 Boechout
7,Victor Heylenlei 41,2021-04-18,18:00:00,108,60,48,FMN GV 22 Boechout
7,Victor Heylenlei 41,2021-04-18,19:00:00,42,25,17,FMN GV 22 Boechout
7,Victor Heylenlei 41,2021-04-18,20:00:00,30,19,11,FMN GV 22 Boechout
7,Victor Heylenlei 41,2021-04-18,21:00:00,11,7,4,FMN GV 22 Boechout
7,Victor Heylenlei 41,2021-04-18,22:00:00,4,1,3,FMN GV 22 Boechout
7,Victor Heylenlei 41,2021-04-18,23:00:00,5,3,2,FMN GV 22 Boechout
7,Victor Heylenlei 41,2021-04-19,00:00:00,1,0,1,FMN GV 22 Boechout
7,Victor Heylenlei 41,2021-04-19,01:00:00,0,0,0,FMN GV 22 Boechout
7,Victor Heylenlei 41,2021-04-19,02:00:00,13,8,5,FMN GV 22 Boechout
7,Victor Heylenlei 41,2021-04-19,03:00:00,1,1,0,FMN GV 22 Boechout
7,Victor Heylenlei 41,2021-04-19,04:00:00,3,3,0,FMN GV 22 Boechout
7,Victor Heylenlei 41,2021-04-19,05:00:00,12,8,4,FMN GV 22 Boechout
7,Victor Heylenlei 41,2021-04-19,06:00:00,27,21,6,FMN GV 22 Boechout
7,Victor Heylenlei 41,2021-04-19,07:00:00,114,85,29,FMN GV 22 Boechout
7,Victor Heylenlei 41,2021-04-19,08:00:00,116,52,64,FMN GV 22 Boechout
7,Victor Heylenlei 41,2021-04-19,09:00:00,65,28,37,FMN GV 22 Boechout
7,Victor Heylenlei 41,2021-04-19,10:00:00,45,24,21,FMN GV 22 Boechout
7,Victor Heylenlei 41,2021-04-19,11:00:00,59,28,31,FMN GV 22 Boechout
7,Victor Heylenlei 41,2021-04-19,12:00:00,43,22,21,FMN GV 22 Boechout
7,Victor Heylenlei 41,2021-04-19,13:00:00,86,56,30,FMN GV 22 Boechout
7,Victor Heylenlei 41,2021-04-19,14:00:00,42,12,30,FMN GV 22 Boechout
7,Victor Heylenlei 41,2021-04-19,15:00:00,47,19,28,FMN GV 22 Boechout
7,Victor Heylenlei 41,2021-04-19,16:00:00,189,92,97,FMN GV 22 Boechout
7,Victor Heylenlei 41,2021-04-19,17:00:00,97,34,63,FMN GV 22 Boechout
7,Victor Heylenlei 41,2021-04-19,18:00:00,46,14,32,FMN GV 22 Boechout
7,Victor Heylenlei 41,2021-04-19,19:00:00,49,20,29,FMN GV 22 Boechout
7,Victor Heylenlei 41,2021-04-19,20:00:00,51,28,23,FMN GV 22 Boechout
7,Victor Heylenlei 41,2021-04-19,21:00:00,13,6,7,FMN GV 22 Boechout
7,Victor Heylenlei 41,2021-04-19,22:00:00,14,6,8,FMN GV 22 Boechout
7,Victor Heylenlei 41,2021-04-19,23:00:00,4,1,3,FMN GV 22 Boechout
7,Victor Heylenlei 41,2021-04-20,00:00:00,0,0,0,FMN GV 22 Boechout
7,Victor Heylenlei 41,2021-04-20,01:00:00,0,0,0,FMN GV 22 Boechout
7,Victor Heylenlei 41,2021-04-20,02:00:00,0,0,0,FMN GV 22 Boechout
7,Victor Heylenlei 41,2021-04-20,03:00:00,0,0,0,FMN GV 22 Boechout
7,Victor Heylenlei 41,2021-04-20,04:00:00,4,3,1,FMN GV 22 Boechout
7,Victor Heylenlei 41,2021-04-20,05:00:00,12,8,4,FMN GV 22 Boechout
7,Victor Heylenlei 41,2021-04-20,06:00:00,35,25,10,FMN GV 22 Boechout
7,Victor Heylenlei 41,2021-04-20,07:00:00,154,110,44,FMN GV 22 Boechout
7,Victor Heylenlei 41,2021-04-20,08:00:00,151,66,85,FMN GV 22 Boechout
7,Victor Heylenlei 41,2021-04-20,09:00:00,65,27,38,FMN GV 22 Boechout
7,Victor Heylenlei 41,2021-04-20,10:00:00,54,26,28,FMN GV 22 Boechout
7,Victor Heylenlei 41,2021-04-20,11:00:00,68,46,22,FMN GV 22 Boechout
7,Victor Heylenlei 41,2021-04-20,12:00:00,79,38,41,FMN GV 22 Boechout
7,Victor Heylenlei 41,2021-04-20,13:00:00,160,90,70,FMN GV 22 Boechout
7,Victor Heylenlei 41,2021-04-20,14:00:00,142,67,75,FMN GV 22 Boechout
7,Victor Heylenlei 41,2021-04-20,15:00:00,147,75,72,FMN GV 22 Boechout
7,Victor Heylenlei 41,2021-04-20,16:00:00,272,137,135,FMN GV 22 Boechout
7,Victor Heylenlei 41,2021-04-20,17:00:00,188,63,125,FMN GV 22 Boechout
7,Victor Heylenlei 41,2021-04-20,18:00:00,137,56,81,FMN GV 22 Boechout
7,Victor Heylenlei 41,2021-04-20,19:00:00,116,65,51,FMN GV 22 Boechout
7,Victor Heylenlei 41,2021-04-20,20:00:00,85,65,20,FMN GV 22 Boechout
7,Victor Heylenlei 41,2021-04-20,21:00:00,25,12,13,FMN GV 22 Boechout
7,Victor Heylenlei 41,2021-04-20,22:00:00,12,4,8,FMN GV 22 Boechout
7,Victor Heylenlei 41,2021-04-20,23:00:00,10,5,5,FMN GV 22 Boechout
7,Victor Heylenlei 41,2021-04-21,00:00:00,1,0,1,FMN GV 22 Boechout
7,Victor Heylenlei 41,2021-04-21,01:00:00,1,1,0,FMN GV 22 Boechout
7,Victor Heylenlei 41,2021-04-21,02:00:00,0,0,0,FMN GV 22 Boechout
7,Victor Heylenlei 41,2021-04-21,03:00:00,0,0,0,FMN GV 22 Boechout
7,Victor Heylenlei 41,2021-04-21,04:00:00,3,2,1,FMN GV 22 Boechout
7,Victor Heylenlei 41,2021-04-21,05:00:00,13,11,2,FMN GV 22 Boechout
7,Victor Heylenlei 41,2021-04-21,06:00:00,32,16,16,FMN GV 22 Boechout
7,Victor Heylenlei 41,2021-04-21,07:00:00,122,81,41,FMN GV 22 Boechout
7,Victor Heylenlei 41,2021-04-21,08:00:00,129,55,74,FMN GV 22 Boechout
7,Victor Heylenlei 41,2021-04-21,09:00:00,37,22,15,FMN GV 22 Boechout
7,Victor Heylenlei 41,2021-04-21,10:00:00,59,27,32,FMN GV 22 Boechout
7,Victor Heylenlei 41,2021-04-21,11:00:00,72,34,38,FMN GV 22 Boechout
7,Victor Heylenlei 41,2021-04-21,12:00:00,145,99,46,FMN GV 22 Boechout
7,Victor Heylenlei 41,2021-04-21,13:00:00,122,47,75,FMN GV 22 Boechout
7,Victor Heylenlei 41,2021-04-21,14:00:00,100,51,49,FMN GV 22 Boechout
7,Victor Heylenlei 41,2021-04-21,15:00:00,132,67,65,FMN GV 22 Boechout
7,Victor Heylenlei 41,2021-04-21,16:00:00,174,82,92,FMN GV 22 Boechout
7,Victor Heylenlei 41,2021-04-21,17:00:00,183,76,107,FMN GV 22 Boechout
7,Victor Heylenlei 41,2021-04-21,18:00:00,152,70,82,FMN GV 22 Boechout
7,Victor Heylenlei 41,2021-04-21,19:00:00,137,72,65,FMN GV 22 Boechout
7,Victor Heylenlei 41,2021-04-21,20:00:00,92,61,31,FMN GV 22 Boechout
7,Victor Heylenlei 41,2021-04-21,21:00:00,24,13,11,FMN GV 22 Boechout
7,Victor Heylenlei 41,2021-04-21,22:00:00,20,9,11,FMN GV 22 Boechout
7,Victor Heylenlei 41,2021-04-21,23:00:00,5,2,3,FMN GV 22 Boechout
7,Victor Heylenlei 41,2021-04-22,00:00:00,0,0,0,FMN GV 22 Boechout
7,Victor Heylenlei 41,2021-04-22,01:00:00,0,0,0,FMN GV 22 Boechout
7,Victor Heylenlei 41,2021-04-22,02:00:00,0,0,0,FMN GV 22 Boechout
7,Victor Heylenlei 41,2021-04-22,03:00:00,0,0,0,FMN GV 22 Boechout
7,Victor Heylenlei 41,2021-04-22,04:00:00,5,5,0,FMN GV 22 Boechout
7,Victor Heylenlei 41,2021-04-22,05:00:00,14,11,3,FMN GV 22 Boechout
7,Victor Heylenlei 41,2021-04-22,06:00:00,26,19,7,FMN GV 22 Boechout
7,Victor Heylenlei 41,2021-04-22,07:00:00,131,94,37,FMN GV 22 Boechout
7,Victor Heylenlei 41,2021-04-22,08:00:00,196,103,93,FMN GV 22 Boechout
7,Victor Heylenlei 41,2021-04-22,09:00:00,72,32,40,FMN GV 22 Boechout
7,Victor Heylenlei 41,2021-04-22,10:00:00,49,20,29,FMN GV 22 Boechout
7,Victor Heylenlei 41,2021-04-22,11:00:00,45,21,24,FMN GV 22 Boechout
7,Victor Heylenlei 41,2021-04-22,12:00:00,69,32,37,FMN GV 22 Boechout
7,Victor Heylenlei 41,2021-04-22,13:00:00,120,69,51,FMN GV 22 Boechout
7,Victor Heylenlei 41,2021-04-22,14:00:00,110,46,64,FMN GV 22 Boechout
7,Victor Heylenlei 41,2021-04-22,15:00:00,137,50,87,FMN GV 22 Boechout
7,Victor Heylenlei 41,2021-04-22,16:00:00,231,131,100,FMN GV 22 Boechout
7,Victor Heylenlei 41,2021-04-22,17:00:00,147,54,93,FMN GV 22 Boechout
7,Victor Heylenlei 41,2021-04-22,18:00:00,152,56,96,FMN GV 22 Boechout
7,Victor Heylenlei 41,2021-04-22,19:00:00,127,74,53,FMN GV 22 Boechout
7,Victor Heylenlei 41,2021-04-22,20:00:00,365,218,147,FMN GV 22 Boechout
7,Victor Heylenlei 41,2021-04-22,21:00:00,22,14,8,FMN GV 22 Boechout
7,Victor Heylenlei 41,2021-04-22,22:00:00,9,5,4,FMN GV 22 Boechout
7,Victor Heylenlei 41,2021-04-22,23:00:00,10,4,6,FMN GV 22 Boechout
7,Victor Heylenlei 41,2021-04-23,00:00:00,2,0,2,FMN GV 22 Boechout
7,Victor Heylenlei 41,2021-04-23,01:00:00,0,0,0,FMN GV 22 Boechout
7,Victor Heylenlei 41,2021-04-23,02:00:00,1,0,1,FMN GV 22 Boechout
7,Victor Heylenlei 41,2021-04-23,03:00:00,0,0,0,FMN GV 22 Boechout
7,Victor Heylenlei 41,2021-04-23,04:00:00,2,1,1,FMN GV 22 Boechout
7,Victor Heylenlei 41,2021-04-23,05:00:00,8,6,2,FMN GV 22 Boechout
7,Victor Heylenlei 41,2021-04-23,06:00:00,39,31,8,FMN GV 22 Boechout
7,Victor Heylenlei 41,2021-04-23,07:00:00,111,68,43,FMN GV 22 Boechout
7,Victor Heylenlei 41,2021-04-23,08:00:00,138,60,78,FMN GV 22 Boechout
7,Victor Heylenlei 41,2021-04-23,09:00:00,50,25,25,FMN GV 22 Boechout
7,Victor Heylenlei 41,2021-04-23,10:00:00,52,24,28,FMN GV 22 Boechout
7,Victor Heylenlei 41,2021-04-23,11:00:00,49,26,23,FMN GV 22 Boechout
7,Victor Heylenlei 41,2021-04-23,12:00:00,86,31,55,FMN GV 22 Boechout
7,Victor Heylenlei 41,2021-04-23,13:00:00,139,67,72,FMN GV 22 Boechout
7,Victor Heylenlei 41,2021-04-23,14:00:00,156,58,98,FMN GV 22 Boechout
7,Victor Heylenlei 41,2021-04-23,15:00:00,166,106,60,FMN GV 22 Boechout
7,Victor Heylenlei 41,2021-04-23,16:00:00,230,121,109,FMN GV 22 Boechout
7,Victor Heylenlei 41,2021-04-23,17:00:00,139,66,73,FMN GV 22 Boechout
7,Victor Heylenlei 41,2021-04-23,18:00:00,99,56,43,FMN GV 22 Boechout
7,Victor Heylenlei 41,2021-04-23,19:00:00,60,32,28,FMN GV 22 Boechout
7,Victor Heylenlei 41,2021-04-23,20:00:00,45,25,20,FMN GV 22 Boechout
7,Victor Heylenlei 41,2021-04-23,21:00:00,27,11,16,FMN GV 22 Boechout
7,Victor Heylenlei 41,2021-04-23,22:00:00,14,3,11,FMN GV 22 Boechout
7,Victor Heylenlei 41,2021-04-23,23:00:00,24,20,4,FMN GV 22 Boechout
7,Victor Heylenlei 41,2021-04-24,00:00:00,10,0,10,FMN GV 22 Boechout
7,Victor Heylenlei 41,2021-04-24,01:00:00,1,1,0,FMN GV 22 Boechout
7,Victor Heylenlei 41,2021-04-24,02:00:00,2,2,0,FMN GV 22 Boechout
7,Victor Heylenlei 41,2021-04-24,03:00:00,2,0,2,FMN GV 22 Boechout
7,Victor Heylenlei 41,2021-04-24,04:00:00,0,0,0,FMN GV 22 Boechout
7,Victor Heylenlei 41,2021-04-24,05:00:00,5,4,1,FMN GV 22 Boechout
7,Victor Heylenlei 41,2021-04-24,06:00:00,6,2,4,FMN GV 22 Boechout
7,Victor Heylenlei 41,2021-04-24,07:00:00,10,4,6,FMN GV 22 Boechout
7,Victor Heylenlei 41,2021-04-24,08:00:00,22,12,10,FMN GV 22 Boechout
7,Victor Heylenlei 41,2021-04-24,09:00:00,61,28,33,FMN GV 22 Boechout
7,Victor Heylenlei 41,2021-04-24,10:00:00,99,56,43,FMN GV 22 Boechout
7,Victor Heylenlei 41,2021-04-24,11:00:00,124,49,75,FMN GV 22 Boechout
7,Victor Heylenlei 41,2021-04-24,12:00:00,91,39,52,FMN GV 22 Boechout
7,Victor Heylenlei 41,2021-04-24,13:00:00,201,105,96,FMN GV 22 Boechout
7,Victor Heylenlei 41,2021-04-24,14:00:00,231,90,141,FMN GV 22 Boechout
7,Victor Heylenlei 41,2021-04-24,15:00:00,254,123,131,FMN GV 22 Boechout
7,Victor Heylenlei 41,2021-04-24,16:00:00,201,129,72,FMN GV 22 Boechout
7,Victor Heylenlei 41,2021-04-24,17:00:00,146,84,62,FMN GV 22 Boechout
7,Victor Heylenlei 41,2021-04-24,18:00:00,77,39,38,FMN GV 22 Boechout
7,Victor Heylenlei 41,2021-04-24,19:00:00,52,29,23,FMN GV 22 Boechout
7,Victor Heylenlei 41,2021-04-24,20:00:00,49,22,27,FMN GV 22 Boechout
7,Victor Heylenlei 41,2021-04-24,21:00:00,8,4,4,FMN GV 22 Boechout
7,Victor Heylenlei 41,2021-04-24,22:00:00,5,3,2,FMN GV 22 Boechout
7,Victor Heylenlei 41,2021-04-24,23:00:00,14,6,8,FMN GV 22 Boechout
7,Victor Heylenlei 41,2021-04-25,00:00:00,2,2,0,FMN GV 22 Boechout
7,Victor Heylenlei 41,2021-04-25,01:00:00,0,0,0,FMN GV 22 Boechout
7,Victor Heylenlei 41,2021-04-25,02:00:00,0,0,0,FMN GV 22 Boechout
7,Victor Heylenlei 41,2021-04-25,03:00:00,0,0,0,FMN GV 22 Boechout
7,Victor Heylenlei 41,2021-04-25,04:00:00,1,0,1,FMN GV 22 Boechout
7,Victor Heylenlei 41,2021-04-25,05:00:00,3,1,2,FMN GV 22 Boechout
7,Victor Heylenlei 41,2021-04-25,06:00:00,6,2,4,FMN GV 22 Boechout
7,Victor Heylenlei 41,2021-04-25,07:00:00,10,4,6,FMN GV 22 Boechout
7,Victor Heylenlei 41,2021-04-25,08:00:00,22,11,11,FMN GV 22 Boechout
7,Victor Heylenlei 41,2021-04-25,09:00:00,83,34,49,FMN GV 22 Boechout
7,Victor Heylenlei 41,2021-04-25,10:00:00,129,72,57,FMN GV 22 Boechout
7,Victor Heylenlei 41,2021-04-25,11:00:00,167,81,86,FMN GV 22 Boechout
7,Victor Heylenlei 41,2021-04-25,12:00:00,192,98,94,FMN GV 22 Boechout
7,Victor Heylenlei 41,2021-04-25,13:00:00,181,105,76,FMN GV 22 Boechout
7,Victor Heylenlei 41,2021-04-25,14:00:00,258,119,139,FMN GV 22 Boechout
7,Victor Heylenlei 41,2021-04-25,15:00:00,300,144,156,FMN GV 22 Boechout
7,Victor Heylenlei 41,2021-04-25,16:00:00,191,96,95,FMN GV 22 Boechout
7,Victor Heylenlei 41,2021-04-25,17:00:00,77,43,34,FMN GV 22 Boechout
7,Victor Heylenlei 41,2021-04-25,18:00:00,68,45,23,FMN GV 22 Boechout
7,Victor Heylenlei 41,2021-04-25,19:00:00,46,29,17,FMN GV 22 Boechout
7,Victor Heylenlei 41,2021-04-25,20:00:00,23,9,14,FMN GV 22 Boechout
7,Victor Heylenlei 41,2021-04-25,21:00:00,14,11,3,FMN GV 22 Boechout
7,Victor Heylenlei 41,2021-04-25,22:00:00,3,2,1,FMN GV 22 Boechout
7,Victor Heylenlei 41,2021-04-25,23:00:00,5,4,1,FMN GV 22 Boechout
7,Victor Heylenlei 41,2021-04-26,00:00:00,2,2,0,FMN GV 22 Boechout
7,Victor Heylenlei 41,2021-04-26,01:00:00,0,0,0,FMN GV 22 Boechout
7,Victor Heylenlei 41,2021-04-26,02:00:00,4,0,4,FMN GV 22 Boechout
7,Victor Heylenlei 41,2021-04-26,03:00:00,0,0,0,FMN GV 22 Boechout
7,Victor Heylenlei 41,2021-04-26,04:00:00,2,1,1,FMN GV 22 Boechout
7,Victor Heylenlei 41,2021-04-26,05:00:00,14,10,4,FMN GV 22 Boechout
7,Victor Heylenlei 41,2021-04-26,06:00:00,32,24,8,FMN GV 22 Boechout
7,Victor Heylenlei 41,2021-04-26,07:00:00,118,81,37,FMN GV 22 Boechout
7,Victor Heylenlei 41,2021-04-26,08:00:00,153,63,90,FMN GV 22 Boechout
7,Victor Heylenlei 41,2021-04-26,09:00:00,38,23,15,FMN GV 22 Boechout
7,Victor Heylenlei 41,2021-04-26,10:00:00,45,24,21,FMN GV 22 Boechout
7,Victor Heylenlei 41,2021-04-26,11:00:00,54,33,21,FMN GV 22 Boechout
7,Victor Heylenlei 41,2021-04-26,12:00:00,77,45,32,FMN GV 22 Boechout
7,Victor Heylenlei 41,2021-04-26,13:00:00,108,61,47,FMN GV 22 Boechout
7,Victor Heylenlei 41,2021-04-26,14:00:00,156,66,90,FMN GV 22 Boechout
7,Victor Heylenlei 41,2021-04-26,15:00:00,163,77,86,FMN GV 22 Boechout
7,Victor Heylenlei 41,2021-04-26,16:00:00,163,81,82,FMN GV 22 Boechout
7,Victor Heylenlei 41,2021-04-26,17:00:00,212,110,102,FMN GV 22 Boechout
7,Victor Heylenlei 41,2021-04-26,18:00:00,126,55,71,FMN GV 22 Boechout
7,Victor Heylenlei 41,2021-04-26,19:00:00,87,48,39,FMN GV 22 Boechout
7,Victor Heylenlei 41,2021-04-26,20:00:00,48,29,19,FMN GV 22 Boechout
7,Victor Heylenlei 41,2021-04-26,21:00:00,40,21,19,FMN GV 22 Boechout
7,Victor Heylenlei 41,2021-04-26,22:00:00,14,5,9,FMN GV 22 Boechout
7,Victor Heylenlei 41,2021-04-26,23:00:00,7,5,2,FMN GV 22 Boechout
7,Victor Heylenlei 41,2021-04-27,00:00:00,2,0,2,FMN GV 22 Boechout
7,Victor Heylenlei 41,2021-04-27,01:00:00,0,0,0,FMN GV 22 Boechout
7,Victor Heylenlei 41,2021-04-27,02:00:00,0,0,0,FMN GV 22 Boechout
7,Victor Heylenlei 41,2021-04-27,03:00:00,0,0,0,FMN GV 22 Boechout
7,Victor Heylenlei 41,2021-04-27,04:00:00,2,2,0,FMN GV 22 Boechout
7,Victor Heylenlei 41,2021-04-27,05:00:00,11,7,4,FMN GV 22 Boechout
7,Victor Heylenlei 41,2021-04-27,06:00:00,35,25,10,FMN GV 22 Boechout
7,Victor Heylenlei 41,2021-04-27,07:00:00,139,94,45,FMN GV 22 Boechout
7,Victor Heylenlei 41,2021-04-27,08:00:00,157,69,88,FMN GV 22 Boechout
7,Victor Heylenlei 41,2021-04-27,09:00:00,42,26,16,FMN GV 22 Boechout
7,Victor Heylenlei 41,2021-04-27,10:00:00,40,23,17,FMN GV 22 Boechout
7,Victor Heylenlei 41,2021-04-27,11:00:00,53,28,25,FMN GV 22 Boechout
7,Victor Heylenlei 41,2021-04-27,12:00:00,76,33,43,FMN GV 22 Boechout
7,Victor Heylenlei 41,2021-04-27,13:00:00,112,55,57,FMN GV 22 Boechout
7,Victor Heylenlei 41,2021-04-27,14:00:00,162,80,82,FMN GV 22 Boechout
7,Victor Heylenlei 41,2021-04-27,15:00:00,190,94,96,FMN GV 22 Boechout
7,Victor Heylenlei 41,2021-04-27,16:00:00,225,97,128,FMN GV 22 Boechout
7,Victor Heylenlei 41,2021-04-27,17:00:00,240,96,144,FMN GV 22 Boechout
7,Victor Heylenlei 41,2021-04-27,18:00:00,174,70,104,FMN GV 22 Boechout
7,Victor Heylenlei 41,2021-04-27,19:00:00,117,62,55,FMN GV 22 Boechout
7,Victor Heylenlei 41,2021-04-27,20:00:00,110,57,53,FMN GV 22 Boechout
7,Victor Heylenlei 41,2021-04-27,21:00:00,39,22,17,FMN GV 22 Boechout
7,Victor Heylenlei 41,2021-04-27,22:00:00,15,5,10,FMN GV 22 Boechout
7,Victor Heylenlei 41,2021-04-27,23:00:00,11,6,5,FMN GV 22 Boechout
7,Victor Heylenlei 41,2021-04-28,00:00:00,1,0,1,FMN GV 22 Boechout
7,Victor Heylenlei 41,2021-04-28,01:00:00,0,0,0,FMN GV 22 Boechout
7,Victor Heylenlei 41,2021-04-28,02:00:00,0,0,0,FMN GV 22 Boechout
7,Victor Heylenlei 41,2021-04-28,03:00:00,0,0,0,FMN GV 22 Boechout
7,Victor Heylenlei 41,2021-04-28,04:00:00,2,2,0,FMN GV 22 Boechout
7,Victor Heylenlei 41,2021-04-28,05:00:00,10,8,2,FMN GV 22 Boechout
7,Victor Heylenlei 41,2021-04-28,06:00:00,35,21,14,FMN GV 22 Boechout
7,Victor Heylenlei 41,2021-04-28,07:00:00,112,70,42,FMN GV 22 Boechout
7,Victor Heylenlei 41,2021-04-28,08:00:00,130,50,80,FMN GV 22 Boechout
7,Victor Heylenlei 41,2021-04-28,09:00:00,62,29,33,FMN GV 22 Boechout
7,Victor Heylenlei 41,2021-04-28,10:00:00,45,22,23,FMN GV 22 Boechout
7,Victor Heylenlei 41,2021-04-28,11:00:00,111,53,58,FMN GV 22 Boechout
7,Victor Heylenlei 41,2021-04-28,12:00:00,125,77,48,FMN GV 22 Boechout
7,Victor Heylenlei 41,2021-04-28,13:00:00,155,72,83,FMN GV 22 Boechout
7,Victor Heylenlei 41,2021-04-28,14:00:00,173,74,99,FMN GV 22 Boechout
7,Victor Heylenlei 41,2021-04-28,15:00:00,154,89,65,FMN GV 22 Boechout
7,Victor Heylenlei 41,2021-04-28,16:00:00,176,71,105,FMN GV 22 Boechout
7,Victor Heylenlei 41,2021-04-28,17:00:00,157,56,101,FMN GV 22 Boechout
7,Victor Heylenlei 41,2021-04-28,18:00:00,172,81,91,FMN GV 22 Boechout
7,Victor Heylenlei 41,2021-04-28,19:00:00,122,71,51,FMN GV 22 Boechout
7,Victor Heylenlei 41,2021-04-28,20:00:00,108,73,35,FMN GV 22 Boechout
7,Victor Heylenlei 41,2021-04-28,21:00:00,30,22,8,FMN GV 22 Boechout
7,Victor Heylenlei 41,2021-04-28,22:00:00,14,7,7,FMN GV 22 Boechout
7,Victor Heylenlei 41,2021-04-28,23:00:00,15,8,7,FMN GV 22 Boechout
7,Victor Heylenlei 41,2021-04-29,00:00:00,0,0,0,FMN GV 22 Boechout
7,Victor Heylenlei 41,2021-04-29,01:00:00,0,0,0,FMN GV 22 Boechout
7,Victor Heylenlei 41,2021-04-29,02:00:00,2,0,2,FMN GV 22 Boechout
7,Victor Heylenlei 41,2021-04-29,03:00:00,1,1,0,FMN GV 22 Boechout
7,Victor Heylenlei 41,2021-04-29,04:00:00,1,0,1,FMN GV 22 Boechout
7,Victor Heylenlei 41,2021-04-29,05:00:00,6,4,2,FMN GV 22 Boechout
7,Victor Heylenlei 41,2021-04-29,06:00:00,27,17,10,FMN GV 22 Boechout
7,Victor Heylenlei 41,2021-04-29,07:00:00,100,71,29,FMN GV 22 Boechout
7,Victor Heylenlei 41,2021-04-29,08:00:00,121,42,79,FMN GV 22 Boechout
7,Victor Heylenlei 41,2021-04-29,09:00:00,19,11,8,FMN GV 22 Boechout
7,Victor Heylenlei 41,2021-04-29,10:00:00,9,5,4,FMN GV 22 Boechout
7,Victor Heylenlei 41,2021-04-29,11:00:00,7,4,3,FMN GV 22 Boechout
7,Victor Heylenlei 41,2021-04-29,12:00:00,36,20,16,FMN GV 22 Boechout
7,Victor Heylenlei 41,2021-04-29,13:00:00,47,28,19,FMN GV 22 Boechout
7,Victor Heylenlei 41,2021-04-29,14:00:00,42,15,27,FMN GV 22 Boechout
7,Victor Heylenlei 41,2021-04-29,15:00:00,49,14,35,FMN GV 22 Boechout
7,Victor Heylenlei 41,2021-04-29,16:00:00,140,71,69,FMN GV 22 Boechout
7,Victor Heylenlei 41,2021-04-29,17:00:00,99,52,47,FMN GV 22 Boechout
7,Victor Heylenlei 41,2021-04-29,18:00:00,77,31,46,FMN GV 22 Boechout
7,Victor Heylenlei 41,2021-04-29,19:00:00,39,19,20,FMN GV 22 Boechout
7,Victor Heylenlei 41,2021-04-29,20:00:00,92,68,24,FMN GV 22 Boechout
7,Victor Heylenlei 41,2021-04-29,21:00:00,22,12,10,FMN GV 22 Boechout
7,Victor Heylenlei 41,2021-04-29,22:00:00,12,5,7,FMN GV 22 Boechout
7,Victor Heylenlei 41,2021-04-29,23:00:00,5,1,4,FMN GV 22 Boechout
7,Victor Heylenlei 41,2021-04-30,00:00:00,1,0,1,FMN GV 22 Boechout
7,Victor Heylenlei 41,2021-04-30,01:00:00,0,0,0,FMN GV 22 Boechout
7,Victor Heylenlei 41,2021-04-30,02:00:00,0,0,0,FMN GV 22 Boechout
7,Victor Heylenlei 41,2021-04-30,03:00:00,4,4,0,FMN GV 22 Boechout
7,Victor Heylenlei 41,2021-04-30,04:00:00,1,0,1,FMN GV 22 Boechout
7,Victor Heylenlei 41,2021-04-30,05:00:00,10,8,2,FMN GV 22 Boechout
7,Victor Heylenlei 41,2021-04-30,06:00:00,32,24,8,FMN GV 22 Boechout
7,Victor Heylenlei 41,2021-04-30,07:00:00,100,65,35,FMN GV 22 Boechout
7,Victor Heylenlei 41,2021-04-30,08:00:00,153,60,93,FMN GV 22 Boechout
7,Victor Heylenlei 41,2021-04-30,09:00:00,58,31,27,FMN GV 22 Boechout
7,Victor Heylenlei 41,2021-04-30,10:00:00,40,21,19,FMN GV 22 Boechout
7,Victor Heylenlei 41,2021-04-30,11:00:00,51,27,24,FMN GV 22 Boechout
7,Victor Heylenlei 41,2021-04-30,12:00:00,73,47,26,FMN GV 22 Boechout
7,Victor Heylenlei 41,2021-04-30,13:00:00,86,43,43,FMN GV 22 Boechout
7,Victor Heylenlei 41,2021-04-30,14:00:00,88,24,64,FMN GV 22 Boechout
7,Victor Heylenlei 41,2021-04-30,15:00:00,99,46,53,FMN GV 22 Boechout
7,Victor Heylenlei 41,2021-04-30,16:00:00,273,136,137,FMN GV 22 Boechout
7,Victor Heylenlei 41,2021-04-30,17:00:00,146,85,61,FMN GV 22 Boechout
7,Victor Heylenlei 41,2021-04-30,18:00:00,72,37,35,FMN GV 22 Boechout
7,Victor Heylenlei 41,2021-04-30,19:00:00,64,23,41,FMN GV 22 Boechout
7,Victor Heylenlei 41,2021-04-30,20:00:00,23,12,11,FMN GV 22 Boechout
7,Victor Heylenlei 41,2021-04-30,21:00:00,25,7,18,FMN GV 22 Boechout
7,Victor Heylenlei 41,2021-04-30,22:00:00,6,3,3,FMN GV 22 Boechout
7,Victor Heylenlei 41,2021-04-30,23:00:00,24,17,7,FMN GV 22 Boechout
7,Victor Heylenlei 41,2021-05-01,00:00:00,14,10,4,FMN GV 22 Boechout
7,Victor Heylenlei 41,2021-05-01,01:00:00,35,32,3,FMN GV 22 Boechout
7,Victor Heylenlei 41,2021-05-01,02:00:00,8,6,2,FMN GV 22 Boechout
7,Victor Heylenlei 41,2021-05-01,03:00:00,0,0,0,FMN GV 22 Boechout
7,Victor Heylenlei 41,2021-05-01,04:00:00,0,0,0,FMN GV 22 Boechout
7,Victor Heylenlei 41,2021-05-01,05:00:00,21,18,3,FMN GV 22 Boechout
7,Victor Heylenlei 41,2021-05-01,06:00:00,7,6,1,FMN GV 22 Boechout
7,Victor Heylenlei 41,2021-05-01,07:00:00,16,12,4,FMN GV 22 Boechout
7,Victor Heylenlei 41,2021-05-01,08:00:00,20,6,14,FMN GV 22 Boechout
7,Victor Heylenlei 41,2021-05-01,09:00:00,76,29,47,FMN GV 22 Boechout
7,Victor Heylenlei 41,2021-05-01,10:00:00,126,55,71,FMN GV 22 Boechout
7,Victor Heylenlei 41,2021-05-01,11:00:00,132,65,67,FMN GV 22 Boechout
7,Victor Heylenlei 41,2021-05-01,12:00:00,128,76,52,FMN GV 22 Boechout
7,Victor Heylenlei 41,2021-05-01,13:00:00,128,60,68,FMN GV 22 Boechout
7,Victor Heylenlei 41,2021-05-01,14:00:00,198,89,109,FMN GV 22 Boechout
7,Victor Heylenlei 41,2021-05-01,15:00:00,202,98,104,FMN GV 22 Boechout
7,Victor Heylenlei 41,2021-05-01,16:00:00,127,64,63,FMN GV 22 Boechout
7,Victor Heylenlei 41,2021-05-01,17:00:00,82,44,38,FMN GV 22 Boechout
7,Victor Heylenlei 41,2021-05-01,18:00:00,45,25,20,FMN GV 22 Boechout
7,Victor Heylenlei 41,2021-05-01,19:00:00,46,27,19,FMN GV 22 Boechout
7,Victor Heylenlei 41,2021-05-01,20:00:00,30,15,15,FMN GV 22 Boechout
7,Victor Heylenlei 41,2021-05-01,21:00:00,27,13,14,FMN GV 22 Boechout
7,Victor Heylenlei 41,2021-05-01,22:00:00,16,7,9,FMN GV 22 Boechout
7,Victor Heylenlei 41,2021-05-01,23:00:00,15,11,4,FMN GV 22 Boechout
7,Victor Heylenlei 41,2021-05-02,00:00:00,2,2,0,FMN GV 22 Boechout
7,Victor Heylenlei 41,2021-05-02,01:00:00,0,0,0,FMN GV 22 Boechout
7,Victor Heylenlei 41,2021-05-02,02:00:00,0,0,0,FMN GV 22 Boechout
7,Victor Heylenlei 41,2021-05-02,03:00:00,2,1,1,FMN GV 22 Boechout
7,Victor Heylenlei 41,2021-05-02,04:00:00,0,0,0,FMN GV 22 Boechout
7,Victor Heylenlei 41,2021-05-02,05:00:00,5,2,3,FMN GV 22 Boechout
7,Victor Heylenlei 41,2021-05-02,06:00:00,29,28,1,FMN GV 22 Boechout
7,Victor Heylenlei 41,2021-05-02,07:00:00,9,4,5,FMN GV 22 Boechout
7,Victor Heylenlei 41,2021-05-02,08:00:00,37,17,20,FMN GV 22 Boechout
7,Victor Heylenlei 41,2021-05-02,09:00:00,136,49,87,FMN GV 22 Boechout
7,Victor Heylenlei 41,2021-05-02,10:00:00,133,47,86,FMN GV 22 Boechout
7,Victor Heylenlei 41,2021-05-02,11:00:00,194,118,76,FMN GV 22 Boechout
7,Victor Heylenlei 41,2021-05-02,12:00:00,148,100,48,FMN GV 22 Boechout
7,Victor Heylenlei 41,2021-05-02,13:00:00,127,70,57,FMN GV 22 Boechout
7,Victor Heylenlei 41,2021-05-02,14:00:00,170,86,84,FMN GV 22 Boechout
7,Victor Heylenlei 41,2021-05-02,15:00:00,151,68,83,FMN GV 22 Boechout
7,Victor Heylenlei 41,2021-05-02,16:00:00,143,77,66,FMN GV 22 Boechout
7,Victor Heylenlei 41,2021-05-02,17:00:00,116,54,62,FMN GV 22 Boechout
7,Victor Heylenlei 41,2021-05-02,18:00:00,63,34,29,FMN GV 22 Boechout
7,Victor Heylenlei 41,2021-05-02,19:00:00,38,19,19,FMN GV 22 Boechout
7,Victor Heylenlei 41,2021-05-02,20:00:00,22,14,8,FMN GV 22 Boechout
7,Victor Heylenlei 41,2021-05-02,21:00:00,17,13,4,FMN GV 22 Boechout
7,Victor Heylenlei 41,2021-05-02,22:00:00,10,6,4,FMN GV 22 Boechout
7,Victor Heylenlei 41,2021-05-02,23:00:00,5,3,2,FMN GV 22 Boechout
7,Victor Heylenlei 41,2021-05-03,00:00:00,0,0,0,FMN GV 22 Boechout
7,Victor Heylenlei 41,2021-05-03,01:00:00,0,0,0,FMN GV 22 Boechout
7,Victor Heylenlei 41,2021-05-03,02:00:00,1,0,1,FMN GV 22 Boechout
7,Victor Heylenlei 41,2021-05-03,03:00:00,0,0,0,FMN GV 22 Boechout
7,Victor Heylenlei 41,2021-05-03,04:00:00,30,25,5,FMN GV 22 Boechout
7,Victor Heylenlei 41,2021-05-03,05:00:00,18,13,5,FMN GV 22 Boechout
7,Victor Heylenlei 41,2021-05-03,06:00:00,30,24,6,FMN GV 22 Boechout
7,Victor Heylenlei 41,2021-05-03,07:00:00,93,64,29,FMN GV 22 Boechout
7,Victor Heylenlei 41,2021-05-03,08:00:00,120,54,66,FMN GV 22 Boechout
7,Victor Heylenlei 41,2021-05-03,09:00:00,69,26,43,FMN GV 22 Boechout
7,Victor Heylenlei 41,2021-05-03,10:00:00,50,24,26,FMN GV 22 Boechout
7,Victor Heylenlei 41,2021-05-03,11:00:00,32,21,11,FMN GV 22 Boechout
7,Victor Heylenlei 41,2021-05-03,12:00:00,52,25,27,FMN GV 22 Boechout
7,Victor Heylenlei 41,2021-05-03,13:00:00,114,61,53,FMN GV 22 Boechout
7,Victor Heylenlei 41,2021-05-03,14:00:00,76,34,42,FMN GV 22 Boechout
7,Victor Heylenlei 41,2021-05-03,15:00:00,117,52,65,FMN GV 22 Boechout
7,Victor Heylenlei 41,2021-05-03,16:00:00,186,108,78,FMN GV 22 Boechout
7,Victor Heylenlei 41,2021-05-03,17:00:00,110,37,73,FMN GV 22 Boechout
7,Victor Heylenlei 41,2021-05-03,18:00:00,83,46,37,FMN GV 22 Boechout
7,Victor Heylenlei 41,2021-05-03,19:00:00,47,19,28,FMN GV 22 Boechout
7,Victor Heylenlei 41,2021-05-03,20:00:00,38,26,12,FMN GV 22 Boechout
7,Victor Heylenlei 41,2021-05-03,21:00:00,11,7,4,FMN GV 22 Boechout
7,Victor Heylenlei 41,2021-05-03,22:00:00,9,5,4,FMN GV 22 Boechout
7,Victor Heylenlei 41,2021-05-03,23:00:00,10,6,4,FMN GV 22 Boechout
7,Victor Heylenlei 41,2021-05-04,00:00:00,2,2,0,FMN GV 22 Boechout
7,Victor Heylenlei 41,2021-05-04,01:00:00,0,0,0,FMN GV 22 Boechout
7,Victor Heylenlei 41,2021-05-04,02:00:00,1,0,1,FMN GV 22 Boechout
7,Victor Heylenlei 41,2021-05-04,03:00:00,0,0,0,FMN GV 22 Boechout
7,Victor Heylenlei 41,2021-05-04,04:00:00,1,1,0,FMN GV 22 Boechout
7,Victor Heylenlei 41,2021-05-04,05:00:00,7,3,4,FMN GV 22 Boechout
7,Victor Heylenlei 41,2021-05-04,06:00:00,17,12,5,FMN GV 22 Boechout
7,Victor Heylenlei 41,2021-05-04,07:00:00,52,35,17,FMN GV 22 Boechout
7,Victor Heylenlei 41,2021-05-04,08:00:00,71,29,42,FMN GV 22 Boechout
7,Victor Heylenlei 41,2021-05-04,09:00:00,42,18,24,FMN GV 22 Boechout
7,Victor Heylenlei 41,2021-05-04,10:00:00,8,3,5,FMN GV 22 Boechout
7,Victor Heylenlei 41,2021-05-04,11:00:00,12,5,7,FMN GV 22 Boechout
7,Victor Heylenlei 41,2021-05-04,12:00:00,20,9,11,FMN GV 22 Boechout
7,Victor Heylenlei 41,2021-05-04,13:00:00,54,28,26,FMN GV 22 Boechout
7,Victor Heylenlei 41,2021-05-04,14:00:00,16,5,11,FMN GV 22 Boechout
7,Victor Heylenlei 41,2021-05-04,15:00:00,105,49,56,FMN GV 22 Boechout
7,Victor Heylenlei 41,2021-05-04,16:00:00,95,58,37,FMN GV 22 Boechout
7,Victor Heylenlei 41,2021-05-04,17:00:00,42,13,29,FMN GV 22 Boechout
7,Victor Heylenlei 41,2021-05-04,18:00:00,28,11,17,FMN GV 22 Boechout
7,Victor Heylenlei 41,2021-05-04,19:00:00,78,31,47,FMN GV 22 Boechout
7,Victor Heylenlei 41,2021-05-04,20:00:00,25,10,15,FMN GV 22 Boechout
7,Victor Heylenlei 41,2021-05-04,21:00:00,10,9,1,FMN GV 22 Boechout
7,Victor Heylenlei 41,2021-05-04,22:00:00,3,2,1,FMN GV 22 Boechout
7,Victor Heylenlei 41,2021-05-04,23:00:00,7,6,1,FMN GV 22 Boechout
7,Victor Heylenlei 41,2021-05-05,00:00:00,5,4,1,FMN GV 22 Boechout
7,Victor Heylenlei 41,2021-05-05,01:00:00,22,21,1,FMN GV 22 Boechout
7,Victor Heylenlei 41,2021-05-05,02:00:00,4,4,0,FMN GV 22 Boechout
7,Victor Heylenlei 41,2021-05-05,03:00:00,6,6,0,FMN GV 22 Boechout
7,Victor Heylenlei 41,2021-05-05,04:00:00,2,2,0,FMN GV 22 Boechout
7,Victor Heylenlei 41,2021-05-05,05:00:00,8,4,4,FMN GV 22 Boechout
7,Victor Heylenlei 41,2021-05-05,06:00:00,23,13,10,FMN GV 22 Boechout
7,Victor Heylenlei 41,2021-05-05,07:00:00,69,40,29,FMN GV 22 Boechout
7,Victor Heylenlei 41,2021-05-05,08:00:00,105,40,65,FMN GV 22 Boechout
7,Victor Heylenlei 41,2021-05-05,09:00:00,16,11,5,FMN GV 22 Boechout
7,Victor Heylenlei 41,2021-05-05,10:00:00,14,8,6,FMN GV 22 Boechout
7,Victor Heylenlei 41,2021-05-05,11:00:00,23,11,12,FMN GV 22 Boechout
7,Victor Heylenlei 41,2021-05-05,12:00:00,93,60,33,FMN GV 22 Boechout
7,Victor Heylenlei 41,2021-05-05,13:00:00,37,19,18,FMN GV 22 Boechout
7,Victor Heylenlei 41,2021-05-05,14:00:00,54,18,36,FMN GV 22 Boechout
7,Victor Heylenlei 41,2021-05-05,15:00:00,62,23,39,FMN GV 22 Boechout
7,Victor Heylenlei 41,2021-05-05,16:00:00,81,45,36,FMN GV 22 Boechout
7,Victor Heylenlei 41,2021-05-05,17:00:00,100,37,63,FMN GV 22 Boechout
7,Victor Heylenlei 41,2021-05-05,18:00:00,375,196,179,FMN GV 22 Boechout
7,Victor Heylenlei 41,2021-05-05,19:00:00,86,42,44,FMN GV 22 Boechout
7,Victor Heylenlei 41,2021-05-05,20:00:00,49,35,14,FMN GV 22 Boechout
7,Victor Heylenlei 41,2021-05-05,21:00:00,16,11,5,FMN GV 22 Boechout
7,Victor Heylenlei 41,2021-05-05,22:00:00,7,4,3,FMN GV 22 Boechout
7,Victor Heylenlei 41,2021-05-05,23:00:00,5,3,2,FMN GV 22 Boechout
7,Victor Heylenlei 41,2021-05-06,00:00:00,1,1,0,FMN GV 22 Boechout
7,Victor Heylenlei 41,2021-05-06,01:00:00,2,1,1,FMN GV 22 Boechout
7,Victor Heylenlei 41,2021-05-06,02:00:00,14,9,5,FMN GV 22 Boechout
7,Victor Heylenlei 41,2021-05-06,03:00:00,3,3,0,FMN GV 22 Boechout
7,Victor Heylenlei 41,2021-05-06,04:00:00,19,17,2,FMN GV 22 Boechout
7,Victor Heylenlei 41,2021-05-06,05:00:00,12,8,4,FMN GV 22 Boechout
7,Victor Heylenlei 41,2021-05-06,06:00:00,25,16,9,FMN GV 22 Boechout
7,Victor Heylenlei 41,2021-05-06,07:00:00,103,63,40,FMN GV 22 Boechout
7,Victor Heylenlei 41,2021-05-06,08:00:00,117,51,66,FMN GV 22 Boechout
7,Victor Heylenlei 41,2021-05-06,09:00:00,52,29,23,FMN GV 22 Boechout
7,Victor Heylenlei 41,2021-05-06,10:00:00,39,22,17,FMN GV 22 Boechout
7,Victor Heylenlei 41,2021-05-06,11:00:00,32,18,14,FMN GV 22 Boechout
7,Victor Heylenlei 41,2021-05-06,12:00:00,64,27,37,FMN GV 22 Boechout
7,Victor Heylenlei 41,2021-05-06,13:00:00,116,56,60,FMN GV 22 Boechout
7,Victor Heylenlei 41,2021-05-06,14:00:00,59,20,39,FMN GV 22 Boechout
7,Victor Heylenlei 41,2021-05-06,15:00:00,73,27,46,FMN GV 22 Boechout
7,Victor Heylenlei 41,2021-05-06,16:00:00,144,89,55,FMN GV 22 Boechout
7,Victor Heylenlei 41,2021-05-06,17:00:00,88,37,51,FMN GV 22 Boechout
7,Victor Heylenlei 41,2021-05-06,18:00:00,59,21,38,FMN GV 22 Boechout
7,Victor Heylenlei 41,2021-05-06,19:00:00,30,10,20,FMN GV 22 Boechout
7,Victor Heylenlei 41,2021-05-06,20:00:00,30,17,13,FMN GV 22 Boechout
7,Victor Heylenlei 41,2021-05-06,21:00:00,12,8,4,FMN GV 22 Boechout
7,Victor Heylenlei 41,2021-05-06,22:00:00,7,2,5,FMN GV 22 Boechout
7,Victor Heylenlei 41,2021-05-06,23:00:00,7,5,2,FMN GV 22 Boechout
7,Victor Heylenlei 41,2021-05-07,00:00:00,2,2,0,FMN GV 22 Boechout
7,Victor Heylenlei 41,2021-05-07,01:00:00,2,0,2,FMN GV 22 Boechout
7,Victor Heylenlei 41,2021-05-07,02:00:00,0,0,0,FMN GV 22 Boechout
7,Victor Heylenlei 41,2021-05-07,03:00:00,0,0,0,FMN GV 22 Boechout
7,Victor Heylenlei 41,2021-05-07,04:00:00,6,6,0,FMN GV 22 Boechout
7,Victor Heylenlei 41,2021-05-07,05:00:00,11,7,4,FMN GV 22 Boechout
7,Victor Heylenlei 41,2021-05-07,06:00:00,17,13,4,FMN GV 22 Boechout
7,Victor Heylenlei 41,2021-05-07,07:00:00,83,53,30,FMN GV 22 Boechout
7,Victor Heylenlei 41,2021-05-07,08:00:00,108,59,49,FMN GV 22 Boechout
7,Victor Heylenlei 41,2021-05-07,09:00:00,43,24,19,FMN GV 22 Boechout
7,Victor Heylenlei 41,2021-05-07,10:00:00,47,21,26,FMN GV 22 Boechout
7,Victor Heylenlei 41,2021-05-07,11:00:00,38,27,11,FMN GV 22 Boechout
7,Victor Heylenlei 41,2021-05-07,12:00:00,58,21,37,FMN GV 22 Boechout
7,Victor Heylenlei 41,2021-05-07,13:00:00,92,37,55,FMN GV 22 Boechout
7,Victor Heylenlei 41,2021-05-07,14:00:00,105,58,47,FMN GV 22 Boechout
7,Victor Heylenlei 41,2021-05-07,15:00:00,168,93,75,FMN GV 22 Boechout
7,Victor Heylenlei 41,2021-05-07,16:00:00,177,93,84,FMN GV 22 Boechout
7,Victor Heylenlei 41,2021-05-07,17:00:00,125,49,76,FMN GV 22 Boechout
7,Victor Heylenlei 41,2021-05-07,18:00:00,90,37,53,FMN GV 22 Boechout
7,Victor Heylenlei 41,2021-05-07,19:00:00,81,47,34,FMN GV 22 Boechout
7,Victor Heylenlei 41,2021-05-07,20:00:00,60,40,20,FMN GV 22 Boechout
7,Victor Heylenlei 41,2021-05-07,21:00:00,48,22,26,FMN GV 22 Boechout
7,Victor Heylenlei 41,2021-05-07,22:00:00,17,4,13,FMN GV 22 Boechout
7,Victor Heylenlei 41,2021-05-07,23:00:00,19,10,9,FMN GV 22 Boechout
7,Victor Heylenlei 41,2021-05-08,00:00:00,12,9,3,FMN GV 22 Boechout
7,Victor Heylenlei 41,2021-05-08,01:00:00,4,0,4,FMN GV 22 Boechout
7,Victor Heylenlei 41,2021-05-08,02:00:00,3,2,1,FMN GV 22 Boechout
7,Victor Heylenlei 41,2021-05-08,03:00:00,2,0,2,FMN GV 22 Boechout
7,Victor Heylenlei 41,2021-05-08,04:00:00,1,0,1,FMN GV 22 Boechout
7,Victor Heylenlei 41,2021-05-08,05:00:00,5,5,0,FMN GV 22 Boechout
7,Victor Heylenlei 41,2021-05-08,06:00:00,14,8,6,FMN GV 22 Boechout
7,Victor Heylenlei 41,2021-05-08,07:00:00,9,3,6,FMN GV 22 Boechout
7,Victor Heylenlei 41,2021-05-08,08:00:00,13,8,5,FMN GV 22 Boechout
7,Victor Heylenlei 41,2021-05-08,09:00:00,52,22,30,FMN GV 22 Boechout
7,Victor Heylenlei 41,2021-05-08,10:00:00,61,28,33,FMN GV 22 Boechout
7,Victor Heylenlei 41,2021-05-08,11:00:00,42,25,17,FMN GV 22 Boechout
7,Victor Heylenlei 41,2021-05-08,12:00:00,35,19,16,FMN GV 22 Boechout
7,Victor Heylenlei 41,2021-05-08,13:00:00,59,35,24,FMN GV 22 Boechout
7,Victor Heylenlei 41,2021-05-08,14:00:00,52,21,31,FMN GV 22 Boechout
7,Victor Heylenlei 41,2021-05-08,15:00:00,61,34,27,FMN GV 22 Boechout
7,Victor Heylenlei 41,2021-05-08,16:00:00,76,31,45,FMN GV 22 Boechout
7,Victor Heylenlei 41,2021-05-08,17:00:00,79,36,43,FMN GV 22 Boechout
7,Victor Heylenlei 41,2021-05-08,18:00:00,58,31,27,FMN GV 22 Boechout
7,Victor Heylenlei 41,2021-05-08,19:00:00,61,38,23,FMN GV 22 Boechout
7,Victor Heylenlei 41,2021-05-08,20:00:00,93,53,40,FMN GV 22 Boechout
7,Victor Heylenlei 41,2021-05-08,21:00:00,30,19,11,FMN GV 22 Boechout
7,Victor Heylenlei 41,2021-05-08,22:00:00,23,15,8,FMN GV 22 Boechout
7,Victor Heylenlei 41,2021-05-08,23:00:00,8,6,2,FMN GV 22 Boechout
7,Victor Heylenlei 41,2021-05-09,00:00:00,11,5,6,FMN GV 22 Boechout
7,Victor Heylenlei 41,2021-05-09,01:00:00,9,7,2,FMN GV 22 Boechout
7,Victor Heylenlei 41,2021-05-09,02:00:00,1,0,1,FMN GV 22 Boechout
7,Victor Heylenlei 41,2021-05-09,03:00:00,0,0,0,FMN GV 22 Boechout
7,Victor Heylenlei 41,2021-05-09,04:00:00,5,2,3,FMN GV 22 Boechout
7,Victor Heylenlei 41,2021-05-09,05:00:00,2,2,0,FMN GV 22 Boechout
7,Victor Heylenlei 41,2021-05-09,06:00:00,5,4,1,FMN GV 22 Boechout
7,Victor Heylenlei 41,2021-05-09,07:00:00,9,2,7,FMN GV 22 Boechout
7,Victor Heylenlei 41,2021-05-09,08:00:00,35,19,16,FMN GV 22 Boechout
7,Victor Heylenlei 41,2021-05-09,09:00:00,112,26,86,FMN GV 22 Boechout
7,Victor Heylenlei 41,2021-05-09,10:00:00,151,58,93,FMN GV 22 Boechout
7,Victor Heylenlei 41,2021-05-09,11:00:00,185,96,89,FMN GV 22 Boechout
7,Victor Heylenlei 41,2021-05-09,12:00:00,160,115,45,FMN GV 22 Boechout
7,Victor Heylenlei 41,2021-05-09,13:00:00,289,149,140,FMN GV 22 Boechout
7,Victor Heylenlei 41,2021-05-09,14:00:00,260,98,162,FMN GV 22 Boechout
7,Victor Heylenlei 41,2021-05-09,15:00:00,228,116,112,FMN GV 22 Boechout
7,Victor Heylenlei 41,2021-05-09,16:00:00,204,122,82,FMN GV 22 Boechout
7,Victor Heylenlei 41,2021-05-09,17:00:00,160,116,44,FMN GV 22 Boechout
7,Victor Heylenlei 41,2021-05-09,18:00:00,97,62,35,FMN GV 22 Boechout
7,Victor Heylenlei 41,2021-05-09,19:00:00,52,28,24,FMN GV 22 Boechout
7,Victor Heylenlei 41,2021-05-09,20:00:00,39,27,12,FMN GV 22 Boechout
7,Victor Heylenlei 41,2021-05-09,21:00:00,15,9,6,FMN GV 22 Boechout
7,Victor Heylenlei 41,2021-05-09,22:00:00,14,2,12,FMN GV 22 Boechout
7,Victor Heylenlei 41,2021-05-09,23:00:00,2,2,0,FMN GV 22 Boechout
7,Victor Heylenlei 41,2021-05-10,00:00:00,1,1,0,FMN GV 22 Boechout
7,Victor Heylenlei 41,2021-05-10,01:00:00,2,2,0,FMN GV 22 Boechout
7,Victor Heylenlei 41,2021-05-10,02:00:00,2,2,0,FMN GV 22 Boechout
7,Victor Heylenlei 41,2021-05-10,03:00:00,0,0,0,FMN GV 22 Boechout
7,Victor Heylenlei 41,2021-05-10,04:00:00,2,2,0,FMN GV 22 Boechout
7,Victor Heylenlei 41,2021-05-10,05:00:00,8,6,2,FMN GV 22 Boechout
7,Victor Heylenlei 41,2021-05-10,06:00:00,18,13,5,FMN GV 22 Boechout
7,Victor Heylenlei 41,2021-05-10,07:00:00,80,58,22,FMN GV 22 Boechout
7,Victor Heylenlei 41,2021-05-10,08:00:00,123,41,82,FMN GV 22 Boechout
7,Victor Heylenlei 41,2021-05-10,09:00:00,34,13,21,FMN GV 22 Boechout
7,Victor Heylenlei 41,2021-05-10,10:00:00,20,12,8,FMN GV 22 Boechout
7,Victor Heylenlei 41,2021-05-10,11:00:00,20,12,8,FMN GV 22 Boechout
7,Victor Heylenlei 41,2021-05-10,12:00:00,54,30,24,FMN GV 22 Boechout
7,Victor Heylenlei 41,2021-05-10,13:00:00,39,21,18,FMN GV 22 Boechout
7,Victor Heylenlei 41,2021-05-10,14:00:00,70,32,38,FMN GV 22 Boechout
7,Victor Heylenlei 41,2021-05-10,15:00:00,92,41,51,FMN GV 22 Boechout
7,Victor Heylenlei 41,2021-05-10,16:00:00,153,84,69,FMN GV 22 Boechout
7,Victor Heylenlei 41,2021-05-10,17:00:00,106,48,58,FMN GV 22 Boechout
7,Victor Heylenlei 41,2021-05-10,18:00:00,90,41,49,FMN GV 22 Boechout
7,Victor Heylenlei 41,2021-05-10,19:00:00,63,32,31,FMN GV 22 Boechout
7,Victor Heylenlei 41,2021-05-10,20:00:00,65,44,21,FMN GV 22 Boechout
7,Victor Heylenlei 41,2021-05-10,21:00:00,28,15,13,FMN GV 22 Boechout
7,Victor Heylenlei 41,2021-05-10,22:00:00,12,7,5,FMN GV 22 Boechout
7,Victor Heylenlei 41,2021-05-10,23:00:00,3,1,2,FMN GV 22 Boechout
7,Victor Heylenlei 41,2021-05-11,00:00:00,0,0,0,FMN GV 22 Boechout
7,Victor Heylenlei 41,2021-05-11,01:00:00,2,2,0,FMN GV 22 Boechout
7,Victor Heylenlei 41,2021-05-11,02:00:00,1,1,0,FMN GV 22 Boechout
7,Victor Heylenlei 41,2021-05-11,03:00:00,2,1,1,FMN GV 22 Boechout
7,Victor Heylenlei 41,2021-05-11,04:00:00,2,2,0,FMN GV 22 Boechout
7,Victor Heylenlei 41,2021-05-11,05:00:00,12,9,3,FMN GV 22 Boechout
7,Victor Heylenlei 41,2021-05-11,06:00:00,29,20,9,FMN GV 22 Boechout
7,Victor Heylenlei 41,2021-05-11,07:00:00,109,72,37,FMN GV 22 Boechout
7,Victor Heylenlei 41,2021-05-11,08:00:00,175,72,103,FMN GV 22 Boechout
7,Victor Heylenlei 41,2021-05-11,09:00:00,49,27,22,FMN GV 22 Boechout
7,Victor Heylenlei 41,2021-05-11,10:00:00,48,27,21,FMN GV 22 Boechout
7,Victor Heylenlei 41,2021-05-11,11:00:00,57,37,20,FMN GV 22 Boechout
7,Victor Heylenlei 41,2021-05-11,12:00:00,87,37,50,FMN GV 22 Boechout
7,Victor Heylenlei 41,2021-05-11,13:00:00,76,28,48,FMN GV 22 Boechout
7,Victor Heylenlei 41,2021-05-11,14:00:00,78,27,51,FMN GV 22 Boechout
7,Victor Heylenlei 41,2021-05-11,15:00:00,60,25,35,FMN GV 22 Boechout
7,Victor Heylenlei 41,2021-05-11,16:00:00,140,76,64,FMN GV 22 Boechout
7,Victor Heylenlei 41,2021-05-11,17:00:00,78,31,47,FMN GV 22 Boechout
7,Victor Heylenlei 41,2021-05-11,18:00:00,52,21,31,FMN GV 22 Boechout
7,Victor Heylenlei 41,2021-05-11,19:00:00,38,18,20,FMN GV 22 Boechout
7,Victor Heylenlei 41,2021-05-11,20:00:00,34,16,18,FMN GV 22 Boechout
7,Victor Heylenlei 41,2021-05-11,21:00:00,33,21,12,FMN GV 22 Boechout
7,Victor Heylenlei 41,2021-05-11,22:00:00,10,6,4,FMN GV 22 Boechout
7,Victor Heylenlei 41,2021-05-11,23:00:00,3,2,1,FMN GV 22 Boechout
7,Victor Heylenlei 41,2021-05-12,00:00:00,6,4,2,FMN GV 22 Boechout
7,Victor Heylenlei 41,2021-05-12,01:00:00,3,2,1,FMN GV 22 Boechout
7,Victor Heylenlei 41,2021-05-12,02:00:00,2,2,0,FMN GV 22 Boechout
7,Victor Heylenlei 41,2021-05-12,03:00:00,2,1,1,FMN GV 22 Boechout
7,Victor Heylenlei 41,2021-05-12,04:00:00,10,6,4,FMN GV 22 Boechout
7,Victor Heylenlei 41,2021-05-12,05:00:00,16,12,4,FMN GV 22 Boechout
7,Victor Heylenlei 41,2021-05-12,06:00:00,35,26,9,FMN GV 22 Boechout
7,Victor Heylenlei 41,2021-05-12,07:00:00,89,58,31,FMN GV 22 Boechout
7,Victor Heylenlei 41,2021-05-12,08:00:00,130,45,85,FMN GV 22 Boechout
7,Victor Heylenlei 41,2021-05-12,09:00:00,49,27,22,FMN GV 22 Boechout
7,Victor Heylenlei 41,2021-05-12,10:00:00,45,22,23,FMN GV 22 Boechout
7,Victor Heylenlei 41,2021-05-12,11:00:00,88,48,40,FMN GV 22 Boechout
7,Victor Heylenlei 41,2021-05-12,12:00:00,129,87,42,FMN GV 22 Boechout
7,Victor Heylenlei 41,2021-05-12,13:00:00,94,35,59,FMN GV 22 Boechout
7,Victor Heylenlei 41,2021-05-12,14:00:00,77,38,39,FMN GV 22 Boechout
7,Victor Heylenlei 41,2021-05-12,15:00:00,75,43,32,FMN GV 22 Boechout
7,Victor Heylenlei 41,2021-05-12,16:00:00,101,38,63,FMN GV 22 Boechout
7,Victor Heylenlei 41,2021-05-12,17:00:00,89,34,55,FMN GV 22 Boechout
7,Victor Heylenlei 41,2021-05-12,18:00:00,109,47,62,FMN GV 22 Boechout
7,Victor Heylenlei 41,2021-05-12,19:00:00,71,24,47,FMN GV 22 Boechout
7,Victor Heylenlei 41,2021-05-12,20:00:00,68,46,22,FMN GV 22 Boechout
7,Victor Heylenlei 41,2021-05-12,21:00:00,71,44,27,FMN GV 22 Boechout
7,Victor Heylenlei 41,2021-05-12,22:00:00,17,8,9,FMN GV 22 Boechout
7,Victor Heylenlei 41,2021-05-12,23:00:00,12,8,4,FMN GV 22 Boechout
7,Victor Heylenlei 41,2021-05-13,00:00:00,5,3,2,FMN GV 22 Boechout
7,Victor Heylenlei 41,2021-05-13,01:00:00,13,8,5,FMN GV 22 Boechout
7,Victor Heylenlei 41,2021-05-13,02:00:00,6,3,3,FMN GV 22 Boechout
7,Victor Heylenlei 41,2021-05-13,03:00:00,1,0,1,FMN GV 22 Boechout
7,Victor Heylenlei 41,2021-05-13,04:00:00,0,0,0,FMN GV 22 Boechout
7,Victor Heylenlei 41,2021-05-13,05:00:00,3,3,0,FMN GV 22 Boechout
7,Victor Heylenlei 41,2021-05-13,06:00:00,8,5,3,FMN GV 22 Boechout
7,Victor Heylenlei 41,2021-05-13,07:00:00,11,3,8,FMN GV 22 Boechout
7,Victor Heylenlei 41,2021-05-13,08:00:00,47,21,26,FMN GV 22 Boechout
7,Victor Heylenlei 41,2021-05-13,09:00:00,92,40,52,FMN GV 22 Boechout
7,Victor Heylenlei 41,2021-05-13,10:00:00,166,55,111,FMN GV 22 Boechout
7,Victor Heylenlei 41,2021-05-13,11:00:00,175,104,71,FMN GV 22 Boechout
7,Victor Heylenlei 41,2021-05-13,12:00:00,204,118,86,FMN GV 22 Boechout
7,Victor Heylenlei 41,2021-05-13,13:00:00,176,105,71,FMN GV 22 Boechout
7,Victor Heylenlei 41,2021-05-13,14:00:00,288,152,136,FMN GV 22 Boechout
7,Victor Heylenlei 41,2021-05-13,15:00:00,99,46,53,FMN GV 22 Boechout
7,Victor Heylenlei 41,2021-05-13,16:00:00,71,41,30,FMN GV 22 Boechout
7,Victor Heylenlei 41,2021-05-13,17:00:00,57,30,27,FMN GV 22 Boechout
7,Victor Heylenlei 41,2021-05-13,18:00:00,38,24,14,FMN GV 22 Boechout
7,Victor Heylenlei 41,2021-05-13,19:00:00,32,17,15,FMN GV 22 Boechout
7,Victor Heylenlei 41,2021-05-13,20:00:00,41,27,14,FMN GV 22 Boechout
7,Victor Heylenlei 41,2021-05-13,21:00:00,39,21,18,FMN GV 22 Boechout
7,Victor Heylenlei 41,2021-05-13,22:00:00,13,2,11,FMN GV 22 Boechout
7,Victor Heylenlei 41,2021-05-13,23:00:00,4,2,2,FMN GV 22 Boechout
7,Victor Heylenlei 41,2021-05-14,00:00:00,5,1,4,FMN GV 22 Boechout
7,Victor Heylenlei 41,2021-05-14,01:00:00,6,5,1,FMN GV 22 Boechout
7,Victor Heylenlei 41,2021-05-14,02:00:00,3,2,1,FMN GV 22 Boechout
7,Victor Heylenlei 41,2021-05-14,03:00:00,0,0,0,FMN GV 22 Boechout
7,Victor Heylenlei 41,2021-05-14,04:00:00,2,2,0,FMN GV 22 Boechout
7,Victor Heylenlei 41,2021-05-14,05:00:00,2,1,1,FMN GV 22 Boechout
7,Victor Heylenlei 41,2021-05-14,06:00:00,14,7,7,FMN GV 22 Boechout
7,Victor Heylenlei 41,2021-05-14,07:00:00,28,15,13,FMN GV 22 Boechout
7,Victor Heylenlei 41,2021-05-14,08:00:00,40,13,27,FMN GV 22 Boechout
7,Victor Heylenlei 41,2021-05-14,09:00:00,74,32,42,FMN GV 22 Boechout
7,Victor Heylenlei 41,2021-05-14,10:00:00,95,45,50,FMN GV 22 Boechout
7,Victor Heylenlei 41,2021-05-14,11:00:00,113,67,46,FMN GV 22 Boechout
7,Victor Heylenlei 41,2021-05-14,12:00:00,79,56,23,FMN GV 22 Boechout
7,Victor Heylenlei 41,2021-05-14,13:00:00,54,28,26,FMN GV 22 Boechout
7,Victor Heylenlei 41,2021-05-14,14:00:00,47,22,25,FMN GV 22 Boechout
7,Victor Heylenlei 41,2021-05-14,15:00:00,29,13,16,FMN GV 22 Boechout
7,Victor Heylenlei 41,2021-05-14,16:00:00,37,21,16,FMN GV 22 Boechout
7,Victor Heylenlei 41,2021-05-14,17:00:00,86,43,43,FMN GV 22 Boechout
7,Victor Heylenlei 41,2021-05-14,18:00:00,53,30,23,FMN GV 22 Boechout
7,Victor Heylenlei 41,2021-05-14,19:00:00,277,144,133,FMN GV 22 Boechout
7,Victor Heylenlei 41,2021-05-14,20:00:00,21,9,12,FMN GV 22 Boechout
7,Victor Heylenlei 41,2021-05-14,21:00:00,16,6,10,FMN GV 22 Boechout
7,Victor Heylenlei 41,2021-05-14,22:00:00,13,3,10,FMN GV 22 Boechout
7,Victor Heylenlei 41,2021-05-14,23:00:00,4,4,0,FMN GV 22 Boechout
7,Victor Heylenlei 41,2021-05-15,00:00:00,1,0,1,FMN GV 22 Boechout
7,Victor Heylenlei 41,2021-05-15,01:00:00,10,5,5,FMN GV 22 Boechout
7,Victor Heylenlei 41,2021-05-15,02:00:00,5,3,2,FMN GV 22 Boechout
7,Victor Heylenlei 41,2021-05-15,03:00:00,2,1,1,FMN GV 22 Boechout
7,Victor Heylenlei 41,2021-05-15,04:00:00,4,3,1,FMN GV 22 Boechout
7,Victor Heylenlei 41,2021-05-15,05:00:00,3,0,3,FMN GV 22 Boechout
7,Victor Heylenlei 41,2021-05-15,06:00:00,9,4,5,FMN GV 22 Boechout
7,Victor Heylenlei 41,2021-05-15,07:00:00,9,3,6,FMN GV 22 Boechout
7,Victor Heylenlei 41,2021-05-15,08:00:00,17,7,10,FMN GV 22 Boechout
7,Victor Heylenlei 41,2021-05-15,09:00:00,58,21,37,FMN GV 22 Boechout
7,Victor Heylenlei 41,2021-05-15,10:00:00,68,26,42,FMN GV 22 Boechout
7,Victor Heylenlei 41,2021-05-15,11:00:00,73,42,31,FMN GV 22 Boechout
7,Victor Heylenlei 41,2021-05-15,12:00:00,35,18,17,FMN GV 22 Boechout
7,Victor Heylenlei 41,2021-05-15,13:00:00,32,14,18,FMN GV 22 Boechout
7,Victor Heylenlei 41,2021-05-15,14:00:00,33,13,20,FMN GV 22 Boechout
7,Victor Heylenlei 41,2021-05-15,15:00:00,28,10,18,FMN GV 22 Boechout
7,Victor Heylenlei 41,2021-05-15,16:00:00,30,14,16,FMN GV 22 Boechout
7,Victor Heylenlei 41,2021-05-15,17:00:00,28,17,11,FMN GV 22 Boechout
7,Victor Heylenlei 41,2021-05-15,18:00:00,22,15,7,FMN GV 22 Boechout
7,Victor Heylenlei 41,2021-05-15,19:00:00,21,11,10,FMN GV 22 Boechout
7,Victor Heylenlei 41,2021-05-15,20:00:00,48,20,28,FMN GV 22 Boechout
7,Victor Heylenlei 41,2021-05-15,21:00:00,17,11,6,FMN GV 22 Boechout
7,Victor Heylenlei 41,2021-05-15,22:00:00,13,7,6,FMN GV 22 Boechout
7,Victor Heylenlei 41,2021-05-15,23:00:00,8,4,4,FMN GV 22 Boechout
7,Victor Heylenlei 41,2021-05-16,00:00:00,10,4,6,FMN GV 22 Boechout
7,Victor Heylenlei 41,2021-05-16,01:00:00,5,4,1,FMN GV 22 Boechout
7,Victor Heylenlei 41,2021-05-16,02:00:00,3,3,0,FMN GV 22 Boechout
7,Victor Heylenlei 41,2021-05-16,03:00:00,2,1,1,FMN GV 22 Boechout
7,Victor Heylenlei 41,2021-05-16,04:00:00,1,0,1,FMN GV 22 Boechout
7,Victor Heylenlei 41,2021-05-16,05:00:00,3,1,2,FMN GV 22 Boechout
7,Victor Heylenlei 41,2021-05-16,06:00:00,6,5,1,FMN GV 22 Boechout
7,Victor Heylenlei 41,2021-05-16,07:00:00,6,1,5,FMN GV 22 Boechout
7,Victor Heylenlei 41,2021-05-16,08:00:00,55,18,37,FMN GV 22 Boechout
7,Victor Heylenlei 41,2021-05-16,09:00:00,105,43,62,FMN GV 22 Boechout
7,Victor Heylenlei 41,2021-05-16,10:00:00,144,81,63,FMN GV 22 Boechout
7,Victor Heylenlei 41,2021-05-16,11:00:00,119,77,42,FMN GV 22 Boechout
7,Victor Heylenlei 41,2021-05-16,12:00:00,106,74,32,FMN GV 22 Boechout
7,Victor Heylenlei 41,2021-05-16,13:00:00,120,64,56,FMN GV 22 Boechout
7,Victor Heylenlei 41,2021-05-16,14:00:00,78,34,44,FMN GV 22 Boechout
7,Victor Heylenlei 41,2021-05-16,15:00:00,36,20,16,FMN GV 22 Boechout
7,Victor Heylenlei 41,2021-05-16,16:00:00,60,28,32,FMN GV 22 Boechout
7,Victor Heylenlei 41,2021-05-16,17:00:00,39,27,12,FMN GV 22 Boechout
7,Victor Heylenlei 41,2021-05-16,18:00:00,35,20,15,FMN GV 22 Boechout
7,Victor Heylenlei 41,2021-05-16,19:00:00,19,13,6,FMN GV 22 Boechout
7,Victor Heylenlei 41,2021-05-16,20:00:00,35,19,16,FMN GV 22 Boechout
7,Victor Heylenlei 41,2021-05-16,21:00:00,15,7,8,FMN GV 22 Boechout
7,Victor Heylenlei 41,2021-05-16,22:00:00,31,22,9,FMN GV 22 Boechout
7,Victor Heylenlei 41,2021-05-16,23:00:00,3,1,2,FMN GV 22 Boechout
7,Victor Heylenlei 41,2021-05-17,00:00:00,1,0,1,FMN GV 22 Boechout
7,Victor Heylenlei 41,2021-05-17,01:00:00,3,2,1,FMN GV 22 Boechout
7,Victor Heylenlei 41,2021-05-17,02:00:00,2,2,0,FMN GV 22 Boechout
7,Victor Heylenlei 41,2021-05-17,03:00:00,0,0,0,FMN GV 22 Boechout
7,Victor Heylenlei 41,2021-05-17,04:00:00,4,4,0,FMN GV 22 Boechout
7,Victor Heylenlei 41,2021-05-17,05:00:00,11,8,3,FMN GV 22 Boechout
7,Victor Heylenlei 41,2021-05-17,06:00:00,22,14,8,FMN GV 22 Boechout
7,Victor Heylenlei 41,2021-05-17,07:00:00,72,49,23,FMN GV 22 Boechout
7,Victor Heylenlei 41,2021-05-17,08:00:00,118,38,80,FMN GV 22 Boechout
7,Victor Heylenlei 41,2021-05-17,09:00:00,40,18,22,FMN GV 22 Boechout
7,Victor Heylenlei 41,2021-05-17,10:00:00,10,5,5,FMN GV 22 Boechout
7,Victor Heylenlei 41,2021-05-17,11:00:00,13,8,5,FMN GV 22 Boechout
7,Victor Heylenlei 41,2021-05-17,12:00:00,16,9,7,FMN GV 22 Boechout
7,Victor Heylenlei 41,2021-05-17,13:00:00,25,15,10,FMN GV 22 Boechout
7,Victor Heylenlei 41,2021-05-17,14:00:00,26,12,14,FMN GV 22 Boechout
7,Victor Heylenlei 41,2021-05-17,15:00:00,47,15,32,FMN GV 22 Boechout
7,Victor Heylenlei 41,2021-05-17,16:00:00,142,87,55,FMN GV 22 Boechout
7,Victor Heylenlei 41,2021-05-17,17:00:00,90,48,42,FMN GV 22 Boechout
7,Victor Heylenlei 41,2021-05-17,18:00:00,69,29,40,FMN GV 22 Boechout
7,Victor Heylenlei 41,2021-05-17,19:00:00,69,21,48,FMN GV 22 Boechout
7,Victor Heylenlei 41,2021-05-17,20:00:00,48,25,23,FMN GV 22 Boechout
7,Victor Heylenlei 41,2021-05-17,21:00:00,25,15,10,FMN GV 22 Boechout
7,Victor Heylenlei 41,2021-05-17,22:00:00,12,8,4,FMN GV 22 Boechout
7,Victor Heylenlei 41,2021-05-17,23:00:00,3,1,2,FMN GV 22 Boechout
7,Victor Heylenlei 41,2021-05-18,00:00:00,0,0,0,FMN GV 22 Boechout
7,Victor Heylenlei 41,2021-05-18,01:00:00,10,6,4,FMN GV 22 Boechout
7,Victor Heylenlei 41,2021-05-18,02:00:00,1,1,0,FMN GV 22 Boechout
7,Victor Heylenlei 41,2021-05-18,03:00:00,0,0,0,FMN GV 22 Boechout
7,Victor Heylenlei 41,2021-05-18,04:00:00,4,4,0,FMN GV 22 Boechout
7,Victor Heylenlei 41,2021-05-18,05:00:00,15,12,3,FMN GV 22 Boechout
7,Victor Heylenlei 41,2021-05-18,06:00:00,27,16,11,FMN GV 22 Boechout
7,Victor Heylenlei 41,2021-05-18,07:00:00,93,66,27,FMN GV 22 Boechout
7,Victor Heylenlei 41,2021-05-18,08:00:00,164,66,98,FMN GV 22 Boechout
7,Victor Heylenlei 41,2021-05-18,09:00:00,54,27,27,FMN GV 22 Boechout
7,Victor Heylenlei 41,2021-05-18,10:00:00,62,44,18,FMN GV 22 Boechout
7,Victor Heylenlei 41,2021-05-18,11:00:00,43,23,20,FMN GV 22 Boechout
7,Victor Heylenlei 41,2021-05-18,12:00:00,58,27,31,FMN GV 22 Boechout
7,Victor Heylenlei 41,2021-05-18,13:00:00,86,31,55,FMN GV 22 Boechout
7,Victor Heylenlei 41,2021-05-18,14:00:00,83,38,45,FMN GV 22 Boechout
7,Victor Heylenlei 41,2021-05-18,15:00:00,113,44,69,FMN GV 22 Boechout
7,Victor Heylenlei 41,2021-05-18,16:00:00,193,107,86,FMN GV 22 Boechout
7,Victor Heylenlei 41,2021-05-18,17:00:00,207,108,99,FMN GV 22 Boechout
7,Victor Heylenlei 41,2021-05-18,18:00:00,134,70,64,FMN GV 22 Boechout
7,Victor Heylenlei 41,2021-05-18,19:00:00,152,82,70,FMN GV 22 Boechout
7,Victor Heylenlei 41,2021-05-18,20:00:00,104,64,40,FMN GV 22 Boechout
7,Victor Heylenlei 41,2021-05-18,21:00:00,48,21,27,FMN GV 22 Boechout
7,Victor Heylenlei 41,2021-05-18,22:00:00,27,12,15,FMN GV 22 Boechout
7,Victor Heylenlei 41,2021-05-18,23:00:00,5,1,4,FMN GV 22 Boechout
7,Victor Heylenlei 41,2021-05-19,00:00:00,4,3,1,FMN GV 22 Boechout
7,Victor Heylenlei 41,2021-05-19,01:00:00,1,1,0,FMN GV 22 Boechout
7,Victor Heylenlei 41,2021-05-19,02:00:00,1,1,0,FMN GV 22 Boechout
7,Victor Heylenlei 41,2021-05-19,03:00:00,0,0,0,FMN GV 22 Boechout
7,Victor Heylenlei 41,2021-05-19,04:00:00,5,5,0,FMN GV 22 Boechout
7,Victor Heylenlei 41,2021-05-19,05:00:00,13,8,5,FMN GV 22 Boechout
7,Victor Heylenlei 41,2021-05-19,06:00:00,34,20,14,FMN GV 22 Boechout
7,Victor Heylenlei 41,2021-05-19,07:00:00,97,54,43,FMN GV 22 Boechout
7,Victor Heylenlei 41,2021-05-19,08:00:00,160,65,95,FMN GV 22 Boechout
7,Victor Heylenlei 41,2021-05-19,09:00:00,54,25,29,FMN GV 22 Boechout
7,Victor Heylenlei 41,2021-05-19,10:00:00,30,12,18,FMN GV 22 Boechout
7,Victor Heylenlei 41,2021-05-19,11:00:00,48,26,22,FMN GV 22 Boechout
7,Victor Heylenlei 41,2021-05-19,12:00:00,137,84,53,FMN GV 22 Boechout
7,Victor Heylenlei 41,2021-05-19,13:00:00,82,47,35,FMN GV 22 Boechout
7,Victor Heylenlei 41,2021-05-19,14:00:00,40,16,24,FMN GV 22 Boechout
7,Victor Heylenlei 41,2021-05-19,15:00:00,106,33,73,FMN GV 22 Boechout
7,Victor Heylenlei 41,2021-05-19,16:00:00,285,143,142,FMN GV 22 Boechout
7,Victor Heylenlei 41,2021-05-19,17:00:00,59,21,38,FMN GV 22 Boechout
7,Victor Heylenlei 41,2021-05-19,18:00:00,84,31,53,FMN GV 22 Boechout
7,Victor Heylenlei 41,2021-05-19,19:00:00,68,32,36,FMN GV 22 Boechout
7,Victor Heylenlei 41,2021-05-19,20:00:00,74,45,29,FMN GV 22 Boechout
7,Victor Heylenlei 41,2021-05-19,21:00:00,37,29,8,FMN GV 22 Boechout
7,Victor Heylenlei 41,2021-05-19,22:00:00,18,14,4,FMN GV 22 Boechout
7,Victor Heylenlei 41,2021-05-19,23:00:00,14,6,8,FMN GV 22 Boechout
7,Victor Heylenlei 41,2021-05-20,00:00:00,3,3,0,FMN GV 22 Boechout
7,Victor Heylenlei 41,2021-05-20,01:00:00,0,0,0,FMN GV 22 Boechout
7,Victor Heylenlei 41,2021-05-20,02:00:00,1,1,0,FMN GV 22 Boechout
7,Victor Heylenlei 41,2021-05-20,03:00:00,1,1,0,FMN GV 22 Boechout
7,Victor Heylenlei 41,2021-05-20,04:00:00,7,5,2,FMN GV 22 Boechout
7,Victor Heylenlei 41,2021-05-20,05:00:00,14,10,4,FMN GV 22 Boechout
7,Victor Heylenlei 41,2021-05-20,06:00:00,35,25,10,FMN GV 22 Boechout
7,Victor Heylenlei 41,2021-05-20,07:00:00,107,73,34,FMN GV 22 Boechout
7,Victor Heylenlei 41,2021-05-20,08:00:00,168,56,112,FMN GV 22 Boechout
7,Victor Heylenlei 41,2021-05-20,09:00:00,130,90,40,FMN GV 22 Boechout
7,Victor Heylenlei 41,2021-05-20,10:00:00,85,35,50,FMN GV 22 Boechout
7,Victor Heylenlei 41,2021-05-20,11:00:00,71,36,35,FMN GV 22 Boechout
7,Victor Heylenlei 41,2021-05-20,12:00:00,63,26,37,FMN GV 22 Boechout
7,Victor Heylenlei 41,2021-05-20,13:00:00,113,72,41,FMN GV 22 Boechout
7,Victor Heylenlei 41,2021-05-20,14:00:00,109,67,42,FMN GV 22 Boechout
7,Victor Heylenlei 41,2021-05-20,15:00:00,138,68,70,FMN GV 22 Boechout
7,Victor Heylenlei 41,2021-05-20,16:00:00,249,112,137,FMN GV 22 Boechout
7,Victor Heylenlei 41,2021-05-20,17:00:00,147,70,77,FMN GV 22 Boechout
7,Victor Heylenlei 41,2021-05-20,18:00:00,125,41,84,FMN GV 22 Boechout
7,Victor Heylenlei 41,2021-05-20,19:00:00,82,37,45,FMN GV 22 Boechout
7,Victor Heylenlei 41,2021-05-20,20:00:00,110,91,19,FMN GV 22 Boechout
7,Victor Heylenlei 41,2021-05-20,21:00:00,61,47,14,FMN GV 22 Boechout
7,Victor Heylenlei 41,2021-05-20,22:00:00,25,17,8,FMN GV 22 Boechout
7,Victor Heylenlei 41,2021-05-20,23:00:00,3,2,1,FMN GV 22 Boechout
7,Victor Heylenlei 41,2021-05-21,00:00:00,1,0,1,FMN GV 22 Boechout
7,Victor Heylenlei 41,2021-05-21,01:00:00,2,2,0,FMN GV 22 Boechout
7,Victor Heylenlei 41,2021-05-21,02:00:00,3,3,0,FMN GV 22 Boechout
7,Victor Heylenlei 41,2021-05-21,03:00:00,1,0,1,FMN GV 22 Boechout
7,Victor Heylenlei 41,2021-05-21,04:00:00,3,3,0,FMN GV 22 Boechout
7,Victor Heylenlei 41,2021-05-21,05:00:00,6,5,1,FMN GV 22 Boechout
7,Victor Heylenlei 41,2021-05-21,06:00:00,27,20,7,FMN GV 22 Boechout
7,Victor Heylenlei 41,2021-05-21,07:00:00,86,56,30,FMN GV 22 Boechout
7,Victor Heylenlei 41,2021-05-21,08:00:00,130,35,95,FMN GV 22 Boechout
7,Victor Heylenlei 41,2021-05-21,09:00:00,37,15,22,FMN GV 22 Boechout
7,Victor Heylenlei 41,2021-05-21,10:00:00,22,10,12,FMN GV 22 Boechout
7,Victor Heylenlei 41,2021-05-21,11:00:00,32,18,14,FMN GV 22 Boechout
7,Victor Heylenlei 41,2021-05-21,12:00:00,30,14,16,FMN GV 22 Boechout
7,Victor Heylenlei 41,2021-05-21,13:00:00,34,13,21,FMN GV 22 Boechout
7,Victor Heylenlei 41,2021-05-21,14:00:00,39,14,25,FMN GV 22 Boechout
7,Victor Heylenlei 41,2021-05-21,15:00:00,64,26,38,FMN GV 22 Boechout
7,Victor Heylenlei 41,2021-05-21,16:00:00,152,103,49,FMN GV 22 Boechout
7,Victor Heylenlei 41,2021-05-21,17:00:00,72,28,44,FMN GV 22 Boechout
7,Victor Heylenlei 41,2021-05-21,18:00:00,54,26,28,FMN GV 22 Boechout
7,Victor Heylenlei 41,2021-05-21,19:00:00,29,11,18,FMN GV 22 Boechout
7,Victor Heylenlei 41,2021-05-21,20:00:00,22,6,16,FMN GV 22 Boechout
7,Victor Heylenlei 41,2021-05-21,21:00:00,23,15,8,FMN GV 22 Boechout
7,Victor Heylenlei 41,2021-05-21,22:00:00,10,4,6,FMN GV 22 Boechout
7,Victor Heylenlei 41,2021-05-21,23:00:00,9,6,3,FMN GV 22 Boechout
7,Victor Heylenlei 41,2021-05-22,00:00:00,16,11,5,FMN GV 22 Boechout
7,Victor Heylenlei 41,2021-05-22,01:00:00,12,4,8,FMN GV 22 Boechout
7,Victor Heylenlei 41,2021-05-22,02:00:00,1,1,0,FMN GV 22 Boechout
7,Victor Heylenlei 41,2021-05-22,03:00:00,1,0,1,FMN GV 22 Boechout
7,Victor Heylenlei 41,2021-05-22,04:00:00,0,0,0,FMN GV 22 Boechout
7,Victor Heylenlei 41,2021-05-22,05:00:00,1,0,1,FMN GV 22 Boechout
7,Victor Heylenlei 41,2021-05-22,06:00:00,5,1,4,FMN GV 22 Boechout
7,Victor Heylenlei 41,2021-05-22,07:00:00,2,0,2,FMN GV 22 Boechout
7,Victor Heylenlei 41,2021-05-22,08:00:00,7,2,5,FMN GV 22 Boechout
7,Victor Heylenlei 41,2021-05-22,09:00:00,14,8,6,FMN GV 22 Boechout
7,Victor Heylenlei 41,2021-05-22,10:00:00,25,15,10,FMN GV 22 Boechout
7,Victor Heylenlei 41,2021-05-22,11:00:00,23,8,15,FMN GV 22 Boechout
7,Victor Heylenlei 41,2021-05-22,12:00:00,12,7,5,FMN GV 22 Boechout
7,Victor Heylenlei 41,2021-05-22,13:00:00,7,5,2,FMN GV 22 Boechout
7,Victor Heylenlei 41,2021-05-22,14:00:00,13,3,10,FMN GV 22 Boechout
7,Victor Heylenlei 41,2021-05-22,15:00:00,12,8,4,FMN GV 22 Boechout
7,Victor Heylenlei 41,2021-05-22,16:00:00,17,9,8,FMN GV 22 Boechout
7,Victor Heylenlei 41,2021-05-22,17:00:00,25,15,10,FMN GV 22 Boechout
7,Victor Heylenlei 41,2021-05-22,18:00:00,8,3,5,FMN GV 22 Boechout
7,Victor Heylenlei 41,2021-05-22,19:00:00,8,6,2,FMN GV 22 Boechout
7,Victor Heylenlei 41,2021-05-22,20:00:00,14,8,6,FMN GV 22 Boechout
7,Victor Heylenlei 41,2021-05-22,21:00:00,2,1,1,FMN GV 22 Boechout
7,Victor Heylenlei 41,2021-05-22,22:00:00,2,1,1,FMN GV 22 Boechout
7,Victor Heylenlei 41,2021-05-22,23:00:00,4,3,1,FMN GV 22 Boechout
7,Victor Heylenlei 41,2021-05-23,00:00:00,3,3,0,FMN GV 22 Boechout
7,Victor Heylenlei 41,2021-05-23,01:00:00,0,0,0,FMN GV 22 Boechout
7,Victor Heylenlei 41,2021-05-23,02:00:00,1,0,1,FMN GV 22 Boechout
7,Victor Heylenlei 41,2021-05-23,03:00:00,0,0,0,FMN GV 22 Boechout
7,Victor Heylenlei 41,2021-05-23,04:00:00,0,0,0,FMN GV 22 Boechout
7,Victor Heylenlei 41,2021-05-23,05:00:00,3,1,2,FMN GV 22 Boechout
7,Victor Heylenlei 41,2021-05-23,06:00:00,6,3,3,FMN GV 22 Boechout
7,Victor Heylenlei 41,2021-05-23,07:00:00,10,3,7,FMN GV 22 Boechout
7,Victor Heylenlei 41,2021-05-23,08:00:00,35,10,25,FMN GV 22 Boechout
7,Victor Heylenlei 41,2021-05-23,09:00:00,142,34,108,FMN GV 22 Boechout
7,Victor Heylenlei 41,2021-05-23,10:00:00,178,61,117,FMN GV 22 Boechout
7,Victor Heylenlei 41,2021-05-23,11:00:00,204,97,107,FMN GV 22 Boechout
7,Victor Heylenlei 41,2021-05-23,12:00:00,145,85,60,FMN GV 22 Boechout
7,Victor Heylenlei 41,2021-05-23,13:00:00,136,85,51,FMN GV 22 Boechout
7,Victor Heylenlei 41,2021-05-23,14:00:00,135,64,71,FMN GV 22 Boechout
7,Victor Heylenlei 41,2021-05-23,15:00:00,154,71,83,FMN GV 22 Boechout
7,Victor Heylenlei 41,2021-05-23,16:00:00,162,96,66,FMN GV 22 Boechout
7,Victor Heylenlei 41,2021-05-23,17:00:00,121,71,50,FMN GV 22 Boechout
7,Victor Heylenlei 41,2021-05-23,18:00:00,73,38,35,FMN GV 22 Boechout
7,Victor Heylenlei 41,2021-05-23,19:00:00,29,18,11,FMN GV 22 Boechout
7,Victor Heylenlei 41,2021-05-23,20:00:00,35,21,14,FMN GV 22 Boechout
7,Victor Heylenlei 41,2021-05-23,21:00:00,17,7,10,FMN GV 22 Boechout
7,Victor Heylenlei 41,2021-05-23,22:00:00,29,20,9,FMN GV 22 Boechout
7,Victor Heylenlei 41,2021-05-23,23:00:00,6,6,0,FMN GV 22 Boechout
7,Victor Heylenlei 41,2021-05-24,00:00:00,3,1,2,FMN GV 22 Boechout
7,Victor Heylenlei 41,2021-05-24,01:00:00,2,0,2,FMN GV 22 Boechout
7,Victor Heylenlei 41,2021-05-24,02:00:00,5,2,3,FMN GV 22 Boechout
7,Victor Heylenlei 41,2021-05-24,03:00:00,2,2,0,FMN GV 22 Boechout
7,Victor Heylenlei 41,2021-05-24,04:00:00,0,0,0,FMN GV 22 Boechout
7,Victor Heylenlei 41,2021-05-24,05:00:00,1,1,0,FMN GV 22 Boechout
7,Victor Heylenlei 41,2021-05-24,06:00:00,4,2,2,FMN GV 22 Boechout
7,Victor Heylenlei 41,2021-05-24,07:00:00,3,0,3,FMN GV 22 Boechout
7,Victor Heylenlei 41,2021-05-24,08:00:00,3,2,1,FMN GV 22 Boechout
7,Victor Heylenlei 41,2021-05-24,09:00:00,4,2,2,FMN GV 22 Boechout
7,Victor Heylenlei 41,2021-05-24,10:00:00,8,1,7,FMN GV 22 Boechout
7,Victor Heylenlei 41,2021-05-24,11:00:00,20,11,9,FMN GV 22 Boechout
7,Victor Heylenlei 41,2021-05-24,12:00:00,31,21,10,FMN GV 22 Boechout
7,Victor Heylenlei 41,2021-05-24,13:00:00,49,34,15,FMN GV 22 Boechout
7,Victor Heylenlei 41,2021-05-24,14:00:00,56,24,32,FMN GV 22 Boechout
7,Victor Heylenlei 41,2021-05-24,15:00:00,113,59,54,FMN GV 22 Boechout
7,Victor Heylenlei 41,2021-05-24,16:00:00,125,60,65,FMN GV 22 Boechout
7,Victor Heylenlei 41,2021-05-24,17:00:00,47,20,27,FMN GV 22 Boechout
7,Victor Heylenlei 41,2021-05-24,18:00:00,16,8,8,FMN GV 22 Boechout
7,Victor Heylenlei 41,2021-05-24,19:00:00,10,4,6,FMN GV 22 Boechout
7,Victor Heylenlei 41,2021-05-24,20:00:00,13,9,4,FMN GV 22 Boechout
7,Victor Heylenlei 41,2021-05-24,21:00:00,6,3,3,FMN GV 22 Boechout
7,Victor Heylenlei 41,2021-05-24,22:00:00,13,7,6,FMN GV 22 Boechout
7,Victor Heylenlei 41,2021-05-24,23:00:00,2,0,2,FMN GV 22 Boechout
7,Victor Heylenlei 41,2021-05-25,00:00:00,4,1,3,FMN GV 22 Boechout
7,Victor Heylenlei 41,2021-05-25,01:00:00,3,2,1,FMN GV 22 Boechout
7,Victor Heylenlei 41,2021-05-25,02:00:00,0,0,0,FMN GV 22 Boechout
7,Victor Heylenlei 41,2021-05-25,03:00:00,2,2,0,FMN GV 22 Boechout
7,Victor Heylenlei 41,2021-05-25,04:00:00,1,1,0,FMN GV 22 Boechout
7,Victor Heylenlei 41,2021-05-25,05:00:00,2,1,1,FMN GV 22 Boechout
7,Victor Heylenlei 41,2021-05-25,06:00:00,23,16,7,FMN GV 22 Boechout
7,Victor Heylenlei 41,2021-05-25,07:00:00,52,37,15,FMN GV 22 Boechout
7,Victor Heylenlei 41,2021-05-25,08:00:00,113,35,78,FMN GV 22 Boechout
7,Victor Heylenlei 41,2021-05-25,09:00:00,40,19,21,FMN GV 22 Boechout
7,Victor Heylenlei 41,2021-05-25,10:00:00,14,9,5,FMN GV 22 Boechout
7,Victor Heylenlei 41,2021-05-25,11:00:00,31,19,12,FMN GV 22 Boechout
7,Victor Heylenlei 41,2021-05-25,12:00:00,24,10,14,FMN GV 22 Boechout
7,Victor Heylenlei 41,2021-05-25,13:00:00,21,6,15,FMN GV 22 Boechout
7,Victor Heylenlei 41,2021-05-25,14:00:00,29,18,11,FMN GV 22 Boechout
7,Victor Heylenlei 41,2021-05-25,15:00:00,43,16,27,FMN GV 22 Boechout
7,Victor Heylenlei 41,2021-05-25,16:00:00,94,59,35,FMN GV 22 Boechout
7,Victor Heylenlei 41,2021-05-25,17:00:00,94,52,42,FMN GV 22 Boechout
7,Victor Heylenlei 41,2021-05-25,18:00:00,34,14,20,FMN GV 22 Boechout
7,Victor Heylenlei 41,2021-05-25,19:00:00,35,9,26,FMN GV 22 Boechout
7,Victor Heylenlei 41,2021-05-25,20:00:00,33,21,12,FMN GV 22 Boechout
7,Victor Heylenlei 41,2021-05-25,21:00:00,25,10,15,FMN GV 22 Boechout
7,Victor Heylenlei 41,2021-05-25,22:00:00,19,14,5,FMN GV 22 Boechout
7,Victor Heylenlei 41,2021-05-25,23:00:00,9,4,5,FMN GV 22 Boechout
7,Victor Heylenlei 41,2021-05-26,00:00:00,4,4,0,FMN GV 22 Boechout
7,Victor Heylenlei 41,2021-05-26,01:00:00,2,1,1,FMN GV 22 Boechout
7,Victor Heylenlei 41,2021-05-26,02:00:00,6,5,1,FMN GV 22 Boechout
7,Victor Heylenlei 41,2021-05-26,03:00:00,1,1,0,FMN GV 22 Boechout
7,Victor Heylenlei 41,2021-05-26,04:00:00,0,0,0,FMN GV 22 Boechout
7,Victor Heylenlei 41,2021-05-26,05:00:00,7,4,3,FMN GV 22 Boechout
7,Victor Heylenlei 41,2021-05-26,06:00:00,31,21,10,FMN GV 22 Boechout
7,Victor Heylenlei 41,2021-05-26,07:00:00,93,62,31,FMN GV 22 Boechout
7,Victor Heylenlei 41,2021-05-26,08:00:00,147,51,96,FMN GV 22 Boechout
7,Victor Heylenlei 41,2021-05-26,09:00:00,55,19,36,FMN GV 22 Boechout
7,Victor Heylenlei 41,2021-05-26,10:00:00,57,29,28,FMN GV 22 Boechout
7,Victor Heylenlei 41,2021-05-26,11:00:00,35,25,10,FMN GV 22 Boechout
7,Victor Heylenlei 41,2021-05-26,12:00:00,116,81,35,FMN GV 22 Boechout
7,Victor Heylenlei 41,2021-05-26,13:00:00,98,54,44,FMN GV 22 Boechout
7,Victor Heylenlei 41,2021-05-26,14:00:00,44,24,20,FMN GV 22 Boechout
7,Victor Heylenlei 41,2021-05-26,15:00:00,45,17,28,FMN GV 22 Boechout
7,Victor Heylenlei 41,2021-05-26,16:00:00,76,33,43,FMN GV 22 Boechout
7,Victor Heylenlei 41,2021-05-26,17:00:00,75,27,48,FMN GV 22 Boechout
7,Victor Heylenlei 41,2021-05-26,18:00:00,86,34,52,FMN GV 22 Boechout
7,Victor Heylenlei 41,2021-05-26,19:00:00,79,40,39,FMN GV 22 Boechout
7,Victor Heylenlei 41,2021-05-26,20:00:00,61,47,14,FMN GV 22 Boechout
7,Victor Heylenlei 41,2021-05-26,21:00:00,31,21,10,FMN GV 22 Boechout
7,Victor Heylenlei 41,2021-05-26,22:00:00,16,6,10,FMN GV 22 Boechout
7,Victor Heylenlei 41,2021-05-26,23:00:00,2,0,2,FMN GV 22 Boechout
7,Victor Heylenlei 41,2021-05-27,00:00:00,3,1,2,FMN GV 22 Boechout
7,Victor Heylenlei 41,2021-05-27,01:00:00,1,1,0,FMN GV 22 Boechout
7,Victor Heylenlei 41,2021-05-27,02:00:00,0,0,0,FMN GV 22 Boechout
7,Victor Heylenlei 41,2021-05-27,03:00:00,0,0,0,FMN GV 22 Boechout
7,Victor Heylenlei 41,2021-05-27,04:00:00,0,0,0,FMN GV 22 Boechout
7,Victor Heylenlei 41,2021-05-27,05:00:00,9,8,1,FMN GV 22 Boechout
7,Victor Heylenlei 41,2021-05-27,06:00:00,34,24,10,FMN GV 22 Boechout
7,Victor Heylenlei 41,2021-05-27,07:00:00,93,65,28,FMN GV 22 Boechout
7,Victor Heylenlei 41,2021-05-27,08:00:00,185,73,112,FMN GV 22 Boechout
7,Victor Heylenlei 41,2021-05-27,09:00:00,68,33,35,FMN GV 22 Boechout
7,Victor Heylenlei 41,2021-05-27,10:00:00,48,20,28,FMN GV 22 Boechout
7,Victor Heylenlei 41,2021-05-27,11:00:00,30,20,10,FMN GV 22 Boechout
7,Victor Heylenlei 41,2021-05-27,12:00:00,48,21,27,FMN GV 22 Boechout
7,Victor Heylenlei 41,2021-05-27,13:00:00,75,29,46,FMN GV 22 Boechout
7,Victor Heylenlei 41,2021-05-27,14:00:00,52,25,27,FMN GV 22 Boechout
7,Victor Heylenlei 41,2021-05-27,15:00:00,86,34,52,FMN GV 22 Boechout
7,Victor Heylenlei 41,2021-05-27,16:00:00,211,126,85,FMN GV 22 Boechout
7,Victor Heylenlei 41,2021-05-27,17:00:00,126,53,73,FMN GV 22 Boechout
7,Victor Heylenlei 41,2021-05-27,18:00:00,90,34,56,FMN GV 22 Boechout
7,Victor Heylenlei 41,2021-05-27,19:00:00,96,37,59,FMN GV 22 Boechout
7,Victor Heylenlei 41,2021-05-27,20:00:00,112,87,25,FMN GV 22 Boechout
7,Victor Heylenlei 41,2021-05-27,21:00:00,50,38,12,FMN GV 22 Boechout
7,Victor Heylenlei 41,2021-05-27,22:00:00,28,15,13,FMN GV 22 Boechout
7,Victor Heylenlei 41,2021-05-27,23:00:00,9,3,6,FMN GV 22 Boechout
7,Victor Heylenlei 41,2021-05-28,00:00:00,3,1,2,FMN GV 22 Boechout
7,Victor Heylenlei 41,2021-05-28,01:00:00,2,2,0,FMN GV 22 Boechout
7,Victor Heylenlei 41,2021-05-28,02:00:00,10,9,1,FMN GV 22 Boechout
7,Victor Heylenlei 41,2021-05-28,03:00:00,4,4,0,FMN GV 22 Boechout
7,Victor Heylenlei 41,2021-05-28,04:00:00,4,4,0,FMN GV 22 Boechout
7,Victor Heylenlei 41,2021-05-28,05:00:00,15,13,2,FMN GV 22 Boechout
7,Victor Heylenlei 41,2021-05-28,06:00:00,25,19,6,FMN GV 22 Boechout
7,Victor Heylenlei 41,2021-05-28,07:00:00,109,70,39,FMN GV 22 Boechout
7,Victor Heylenlei 41,2021-05-28,08:00:00,164,64,100,FMN GV 22 Boechout
7,Victor Heylenlei 41,2021-05-28,09:00:00,120,35,85,FMN GV 22 Boechout
7,Victor Heylenlei 41,2021-05-28,10:00:00,48,22,26,FMN GV 22 Boechout
7,Victor Heylenlei 41,2021-05-28,11:00:00,54,29,25,FMN GV 22 Boechout
7,Victor Heylenlei 41,2021-05-28,12:00:00,77,38,39,FMN GV 22 Boechout
7,Victor Heylenlei 41,2021-05-28,13:00:00,85,39,46,FMN GV 22 Boechout
7,Victor Heylenlei 41,2021-05-28,14:00:00,193,118,75,FMN GV 22 Boechout
7,Victor Heylenlei 41,2021-05-28,15:00:00,124,61,63,FMN GV 22 Boechout
7,Victor Heylenlei 41,2021-05-28,16:00:00,242,142,100,FMN GV 22 Boechout
7,Victor Heylenlei 41,2021-05-28,17:00:00,180,100,80,FMN GV 22 Boechout
7,Victor Heylenlei 41,2021-05-28,18:00:00,119,54,65,FMN GV 22 Boechout
7,Victor Heylenlei 41,2021-05-28,19:00:00,91,54,37,FMN GV 22 Boechout
7,Victor Heylenlei 41,2021-05-28,20:00:00,64,34,30,FMN GV 22 Boechout
7,Victor Heylenlei 41,2021-05-28,21:00:00,38,17,21,FMN GV 22 Boechout
7,Victor Heylenlei 41,2021-05-28,22:00:00,32,8,24,FMN GV 22 Boechout
7,Victor Heylenlei 41,2021-05-28,23:00:00,11,6,5,FMN GV 22 Boechout
7,Victor Heylenlei 41,2021-05-29,00:00:00,17,5,12,FMN GV 22 Boechout
7,Victor Heylenlei 41,2021-05-29,01:00:00,6,3,3,FMN GV 22 Boechout
7,Victor Heylenlei 41,2021-05-29,02:00:00,4,2,2,FMN GV 22 Boechout
7,Victor Heylenlei 41,2021-05-29,03:00:00,1,1,0,FMN GV 22 Boechout
7,Victor Heylenlei 41,2021-05-29,04:00:00,4,4,0,FMN GV 22 Boechout
7,Victor Heylenlei 41,2021-05-29,05:00:00,3,3,0,FMN GV 22 Boechout
7,Victor Heylenlei 41,2021-05-29,06:00:00,8,4,4,FMN GV 22 Boechout
7,Victor Heylenlei 41,2021-05-29,07:00:00,12,8,4,FMN GV 22 Boechout
7,Victor Heylenlei 41,2021-05-29,08:00:00,23,11,12,FMN GV 22 Boechout
7,Victor Heylenlei 41,2021-05-29,09:00:00,100,34,66,FMN GV 22 Boechout
7,Victor Heylenlei 41,2021-05-29,10:00:00,127,45,82,FMN GV 22 Boechout
7,Victor Heylenlei 41,2021-05-29,11:00:00,110,48,62,FMN GV 22 Boechout
7,Victor Heylenlei 41,2021-05-29,12:00:00,129,75,54,FMN GV 22 Boechout
7,Victor Heylenlei 41,2021-05-29,13:00:00,172,88,84,FMN GV 22 Boechout
7,Victor Heylenlei 41,2021-05-29,14:00:00,181,71,110,FMN GV 22 Boechout
7,Victor Heylenlei 41,2021-05-29,15:00:00,232,95,137,FMN GV 22 Boechout
7,Victor Heylenlei 41,2021-05-29,16:00:00,231,138,93,FMN GV 22 Boechout
7,Victor Heylenlei 41,2021-05-29,17:00:00,197,121,76,FMN GV 22 Boechout
7,Victor Heylenlei 41,2021-05-29,18:00:00,91,58,33,FMN GV 22 Boechout
7,Victor Heylenlei 41,2021-05-29,19:00:00,192,94,98,FMN GV 22 Boechout
7,Victor Heylenlei 41,2021-05-29,20:00:00,71,36,35,FMN GV 22 Boechout
7,Victor Heylenlei 41,2021-05-29,21:00:00,43,30,13,FMN GV 22 Boechout
7,Victor Heylenlei 41,2021-05-29,22:00:00,28,14,14,FMN GV 22 Boechout
7,Victor Heylenlei 41,2021-05-29,23:00:00,22,8,14,FMN GV 22 Boechout
7,Victor Heylenlei 41,2021-05-30,00:00:00,7,5,2,FMN GV 22 Boechout
7,Victor Heylenlei 41,2021-05-30,01:00:00,7,6,1,FMN GV 22 Boechout
7,Victor Heylenlei 41,2021-05-30,02:00:00,3,2,1,FMN GV 22 Boechout
7,Victor Heylenlei 41,2021-05-30,03:00:00,6,2,4,FMN GV 22 Boechout
7,Victor Heylenlei 41,2021-05-30,04:00:00,1,1,0,FMN GV 22 Boechout
7,Victor Heylenlei 41,2021-05-30,05:00:00,1,0,1,FMN GV 22 Boechout
7,Victor Heylenlei 41,2021-05-30,06:00:00,7,5,2,FMN GV 22 Boechout
7,Victor Heylenlei 41,2021-05-30,07:00:00,7,2,5,FMN GV 22 Boechout
7,Victor Heylenlei 41,2021-05-30,08:00:00,39,14,25,FMN GV 22 Boechout
7,Victor Heylenlei 41,2021-05-30,09:00:00,140,61,79,FMN GV 22 Boechout
7,Victor Heylenlei 41,2021-05-30,10:00:00,209,84,125,FMN GV 22 Boechout
7,Victor Heylenlei 41,2021-05-30,11:00:00,257,134,123,FMN GV 22 Boechout
7,Victor Heylenlei 41,2021-05-30,12:00:00,228,129,99,FMN GV 22 Boechout
7,Victor Heylenlei 41,2021-05-30,13:00:00,294,168,126,FMN GV 22 Boechout
7,Victor Heylenlei 41,2021-05-30,14:00:00,336,184,152,FMN GV 22 Boechout
7,Victor Heylenlei 41,2021-05-30,15:00:00,333,150,183,FMN GV 22 Boechout
7,Victor Heylenlei 41,2021-05-30,16:00:00,259,131,128,FMN GV 22 Boechout
7,Victor Heylenlei 41,2021-05-30,17:00:00,193,125,68,FMN GV 22 Boechout
7,Victor Heylenlei 41,2021-05-30,18:00:00,90,59,31,FMN GV 22 Boechout
7,Victor Heylenlei 41,2021-05-30,19:00:00,77,49,28,FMN GV 22 Boechout
7,Victor Heylenlei 41,2021-05-30,20:00:00,69,38,31,FMN GV 22 Boechout
7,Victor Heylenlei 41,2021-05-30,21:00:00,54,34,20,FMN GV 22 Boechout
7,Victor Heylenlei 41,2021-05-30,22:00:00,23,14,9,FMN GV 22 Boechout
7,Victor Heylenlei 41,2021-05-30,23:00:00,12,5,7,FMN GV 22 Boechout
7,Victor Heylenlei 41,2021-05-31,00:00:00,6,3,3,FMN GV 22 Boechout
7,Victor Heylenlei 41,2021-05-31,01:00:00,2,1,1,FMN GV 22 Boechout
7,Victor Heylenlei 41,2021-05-31,02:00:00,0,0,0,FMN GV 22 Boechout
7,Victor Heylenlei 41,2021-05-31,03:00:00,2,2,0,FMN GV 22 Boechout
7,Victor Heylenlei 41,2021-05-31,04:00:00,3,3,0,FMN GV 22 Boechout
7,Victor Heylenlei 41,2021-05-31,05:00:00,9,6,3,FMN GV 22 Boechout
7,Victor Heylenlei 41,2021-05-31,06:00:00,39,29,10,FMN GV 22 Boechout
7,Victor Heylenlei 41,2021-05-31,07:00:00,127,91,36,FMN GV 22 Boechout
7,Victor Heylenlei 41,2021-05-31,08:00:00,176,69,107,FMN GV 22 Boechout
7,Victor Heylenlei 41,2021-05-31,09:00:00,172,22,150,FMN GV 22 Boechout
7,Victor Heylenlei 41,2021-05-31,10:00:00,68,26,42,FMN GV 22 Boechout
7,Victor Heylenlei 41,2021-05-31,11:00:00,73,44,29,FMN GV 22 Boechout
7,Victor Heylenlei 41,2021-05-31,12:00:00,67,42,25,FMN GV 22 Boechout
7,Victor Heylenlei 41,2021-05-31,13:00:00,105,56,49,FMN GV 22 Boechout
7,Victor Heylenlei 41,2021-05-31,14:00:00,131,61,70,FMN GV 22 Boechout
7,Victor Heylenlei 41,2021-05-31,15:00:00,170,90,80,FMN GV 22 Boechout
7,Victor Heylenlei 41,2021-05-31,16:00:00,348,228,120,FMN GV 22 Boechout
7,Victor Heylenlei 41,2021-05-31,17:00:00,172,72,100,FMN GV 22 Boechout
7,Victor Heylenlei 41,2021-05-31,18:00:00,130,54,76,FMN GV 22 Boechout
7,Victor Heylenlei 41,2021-05-31,19:00:00,123,50,73,FMN GV 22 Boechout
7,Victor Heylenlei 41,2021-05-31,20:00:00,124,50,74,FMN GV 22 Boechout
7,Victor Heylenlei 41,2021-05-31,21:00:00,61,44,17,FMN GV 22 Boechout
7,Victor Heylenlei 41,2021-05-31,22:00:00,26,13,13,FMN GV 22 Boechout
7,Victor Heylenlei 41,2021-05-31,23:00:00,11,6,5,FMN GV 22 Boechout
7,Victor Heylenlei 41,2021-06-01,00:00:00,2,1,1,FMN GV 22 Boechout
7,Victor Heylenlei 41,2021-06-01,01:00:00,0,0,0,FMN GV 22 Boechout
7,Victor Heylenlei 41,2021-06-01,02:00:00,1,1,0,FMN GV 22 Boechout
7,Victor Heylenlei 41,2021-06-01,03:00:00,0,0,0,FMN GV 22 Boechout
7,Victor Heylenlei 41,2021-06-01,04:00:00,3,3,0,FMN GV 22 Boechout
7,Victor Heylenlei 41,2021-06-01,05:00:00,17,12,5,FMN GV 22 Boechout
7,Victor Heylenlei 41,2021-06-01,06:00:00,38,32,6,FMN GV 22 Boechout
7,Victor Heylenlei 41,2021-06-01,07:00:00,152,102,50,FMN GV 22 Boechout
7,Victor Heylenlei 41,2021-06-01,08:00:00,197,85,112,FMN GV 22 Boechout
7,Victor Heylenlei 41,2021-06-01,09:00:00,185,34,151,FMN GV 22 Boechout
7,Victor Heylenlei 41,2021-06-01,10:00:00,80,42,38,FMN GV 22 Boechout
7,Victor Heylenlei 41,2021-06-01,11:00:00,70,38,32,FMN GV 22 Boechout
7,Victor Heylenlei 41,2021-06-01,12:00:00,95,46,49,FMN GV 22 Boechout
7,Victor Heylenlei 41,2021-06-01,13:00:00,96,52,44,FMN GV 22 Boechout
7,Victor Heylenlei 41,2021-06-01,14:00:00,107,51,56,FMN GV 22 Boechout
7,Victor Heylenlei 41,2021-06-01,15:00:00,126,54,72,FMN GV 22 Boechout
7,Victor Heylenlei 41,2021-06-01,16:00:00,435,250,185,FMN GV 22 Boechout
7,Victor Heylenlei 41,2021-06-01,17:00:00,211,102,109,FMN GV 22 Boechout
7,Victor Heylenlei 41,2021-06-01,18:00:00,204,66,138,FMN GV 22 Boechout
7,Victor Heylenlei 41,2021-06-01,19:00:00,167,52,115,FMN GV 22 Boechout
7,Victor Heylenlei 41,2021-06-01,20:00:00,169,106,63,FMN GV 22 Boechout
7,Victor Heylenlei 41,2021-06-01,21:00:00,115,86,29,FMN GV 22 Boechout
7,Victor Heylenlei 41,2021-06-01,22:00:00,45,31,14,FMN GV 22 Boechout
7,Victor Heylenlei 41,2021-06-01,23:00:00,20,10,10,FMN GV 22 Boechout
7,Victor Heylenlei 41,2021-06-02,00:00:00,5,3,2,FMN GV 22 Boechout
7,Victor Heylenlei 41,2021-06-02,01:00:00,3,1,2,FMN GV 22 Boechout
7,Victor Heylenlei 41,2021-06-02,02:00:00,4,4,0,FMN GV 22 Boechout
7,Victor Heylenlei 41,2021-06-02,03:00:00,1,1,0,FMN GV 22 Boechout
7,Victor Heylenlei 41,2021-06-02,04:00:00,4,2,2,FMN GV 22 Boechout
7,Victor Heylenlei 41,2021-06-02,05:00:00,19,14,5,FMN GV 22 Boechout
7,Victor Heylenlei 41,2021-06-02,06:00:00,40,29,11,FMN GV 22 Boechout
7,Victor Heylenlei 41,2021-06-02,07:00:00,129,87,42,FMN GV 22 Boechout
7,Victor Heylenlei 41,2021-06-02,08:00:00,201,72,129,FMN GV 22 Boechout
7,Victor Heylenlei 41,2021-06-02,09:00:00,175,38,137,FMN GV 22 Boechout
7,Victor Heylenlei 41,2021-06-02,10:00:00,70,39,31,FMN GV 22 Boechout
7,Victor Heylenlei 41,2021-06-02,11:00:00,90,53,37,FMN GV 22 Boechout
7,Victor Heylenlei 41,2021-06-02,12:00:00,172,116,56,FMN GV 22 Boechout
7,Victor Heylenlei 41,2021-06-02,13:00:00,157,83,74,FMN GV 22 Boechout
7,Victor Heylenlei 41,2021-06-02,14:00:00,130,66,64,FMN GV 22 Boechout
7,Victor Heylenlei 41,2021-06-02,15:00:00,170,59,111,FMN GV 22 Boechout
7,Victor Heylenlei 41,2021-06-02,16:00:00,212,113,99,FMN GV 22 Boechout
7,Victor Heylenlei 41,2021-06-02,17:00:00,205,104,101,FMN GV 22 Boechout
7,Victor Heylenlei 41,2021-06-02,18:00:00,192,76,116,FMN GV 22 Boechout
7,Victor Heylenlei 41,2021-06-02,19:00:00,203,90,113,FMN GV 22 Boechout
7,Victor Heylenlei 41,2021-06-02,20:00:00,127,73,54,FMN GV 22 Boechout
7,Victor Heylenlei 41,2021-06-02,21:00:00,83,63,20,FMN GV 22 Boechout
7,Victor Heylenlei 41,2021-06-02,22:00:00,38,25,13,FMN GV 22 Boechout
7,Victor Heylenlei 41,2021-06-02,23:00:00,5,4,1,FMN GV 22 Boechout
7,Victor Heylenlei 41,2021-06-03,00:00:00,1,1,0,FMN GV 22 Boechout
7,Victor Heylenlei 41,2021-06-03,01:00:00,4,3,1,FMN GV 22 Boechout
7,Victor Heylenlei 41,2021-06-03,02:00:00,1,1,0,FMN GV 22 Boechout
7,Victor Heylenlei 41,2021-06-03,03:00:00,0,0,0,FMN GV 22 Boechout
7,Victor Heylenlei 41,2021-06-03,04:00:00,2,2,0,FMN GV 22 Boechout
7,Victor Heylenlei 41,2021-06-03,05:00:00,14,11,3,FMN GV 22 Boechout
7,Victor Heylenlei 41,2021-06-03,06:00:00,30,23,7,FMN GV 22 Boechout
7,Victor Heylenlei 41,2021-06-03,07:00:00,113,78,35,FMN GV 22 Boechout
7,Victor Heylenlei 41,2021-06-03,08:00:00,257,81,176,FMN GV 22 Boechout
7,Victor Heylenlei 41,2021-06-03,09:00:00,134,38,96,FMN GV 22 Boechout
7,Victor Heylenlei 41,2021-06-03,10:00:00,39,19,20,FMN GV 22 Boechout
7,Victor Heylenlei 41,2021-06-03,11:00:00,44,19,25,FMN GV 22 Boechout
7,Victor Heylenlei 41,2021-06-03,12:00:00,53,25,28,FMN GV 22 Boechout
7,Victor Heylenlei 41,2021-06-03,13:00:00,52,28,24,FMN GV 22 Boechout
7,Victor Heylenlei 41,2021-06-03,14:00:00,78,33,45,FMN GV 22 Boechout
7,Victor Heylenlei 41,2021-06-03,15:00:00,91,28,63,FMN GV 22 Boechout
7,Victor Heylenlei 41,2021-06-03,16:00:00,353,250,103,FMN GV 22 Boechout
7,Victor Heylenlei 41,2021-06-03,17:00:00,141,60,81,FMN GV 22 Boechout
7,Victor Heylenlei 41,2021-06-03,18:00:00,109,37,72,FMN GV 22 Boechout
7,Victor Heylenlei 41,2021-06-03,19:00:00,100,54,46,FMN GV 22 Boechout
7,Victor Heylenlei 41,2021-06-03,20:00:00,141,94,47,FMN GV 22 Boechout
7,Victor Heylenlei 41,2021-06-03,21:00:00,84,57,27,FMN GV 22 Boechout
7,Victor Heylenlei 41,2021-06-03,22:00:00,33,16,17,FMN GV 22 Boechout
7,Victor Heylenlei 41,2021-06-03,23:00:00,6,3,3,FMN GV 22 Boechout
7,Victor Heylenlei 41,2021-06-04,00:00:00,2,2,0,FMN GV 22 Boechout
7,Victor Heylenlei 41,2021-06-04,01:00:00,1,1,0,FMN GV 22 Boechout
7,Victor Heylenlei 41,2021-06-04,02:00:00,1,1,0,FMN GV 22 Boechout
7,Victor Heylenlei 41,2021-06-04,03:00:00,0,0,0,FMN GV 22 Boechout
7,Victor Heylenlei 41,2021-06-04,04:00:00,3,1,2,FMN GV 22 Boechout
7,Victor Heylenlei 41,2021-06-04,05:00:00,11,7,4,FMN GV 22 Boechout
7,Victor Heylenlei 41,2021-06-04,06:00:00,30,24,6,FMN GV 22 Boechout
7,Victor Heylenlei 41,2021-06-04,07:00:00,110,68,42,FMN GV 22 Boechout
7,Victor Heylenlei 41,2021-06-04,08:00:00,173,67,106,FMN GV 22 Boechout
7,Victor Heylenlei 41,2021-06-04,09:00:00,227,37,190,FMN GV 22 Boechout
7,Victor Heylenlei 41,2021-06-04,10:00:00,81,27,54,FMN GV 22 Boechout
7,Victor Heylenlei 41,2021-06-04,11:00:00,88,45,43,FMN GV 22 Boechout
7,Victor Heylenlei 41,2021-06-04,12:00:00,73,32,41,FMN GV 22 Boechout
7,Victor Heylenlei 41,2021-06-04,13:00:00,96,53,43,FMN GV 22 Boechout
7,Victor Heylenlei 41,2021-06-04,14:00:00,137,86,51,FMN GV 22 Boechout
7,Victor Heylenlei 41,2021-06-04,15:00:00,109,61,48,FMN GV 22 Boechout
7,Victor Heylenlei 41,2021-06-04,16:00:00,236,185,51,FMN GV 22 Boechout
7,Victor Heylenlei 41,2021-06-04,17:00:00,103,51,52,FMN GV 22 Boechout
7,Victor Heylenlei 41,2021-06-04,18:00:00,74,32,42,FMN GV 22 Boechout
7,Victor Heylenlei 41,2021-06-04,19:00:00,37,20,17,FMN GV 22 Boechout
7,Victor Heylenlei 41,2021-06-04,20:00:00,14,7,7,FMN GV 22 Boechout
7,Victor Heylenlei 41,2021-06-04,21:00:00,9,2,7,FMN GV 22 Boechout
7,Victor Heylenlei 41,2021-06-04,22:00:00,14,8,6,FMN GV 22 Boechout
7,Victor Heylenlei 41,2021-06-04,23:00:00,9,5,4,FMN GV 22 Boechout
7,Victor Heylenlei 41,2021-06-05,00:00:00,1,1,0,FMN GV 22 Boechout
7,Victor Heylenlei 41,2021-06-05,01:00:00,6,4,2,FMN GV 22 Boechout
7,Victor Heylenlei 41,2021-06-05,02:00:00,5,2,3,FMN GV 22 Boechout
7,Victor Heylenlei 41,2021-06-05,03:00:00,2,2,0,FMN GV 22 Boechout
7,Victor Heylenlei 41,2021-06-05,04:00:00,2,1,1,FMN GV 22 Boechout
7,Victor Heylenlei 41,2021-06-05,05:00:00,3,2,1,FMN GV 22 Boechout
7,Victor Heylenlei 41,2021-06-05,06:00:00,4,1,3,FMN GV 22 Boechout
7,Victor Heylenlei 41,2021-06-05,07:00:00,10,5,5,FMN GV 22 Boechout
7,Victor Heylenlei 41,2021-06-05,08:00:00,25,10,15,FMN GV 22 Boechout
7,Victor Heylenlei 41,2021-06-05,09:00:00,98,57,41,FMN GV 22 Boechout
7,Victor Heylenlei 41,2021-06-05,10:00:00,72,23,49,FMN GV 22 Boechout
7,Victor Heylenlei 41,2021-06-05,11:00:00,54,31,23,FMN GV 22 Boechout
7,Victor Heylenlei 41,2021-06-05,12:00:00,62,30,32,FMN GV 22 Boechout
7,Victor Heylenlei 41,2021-06-05,13:00:00,81,46,35,FMN GV 22 Boechout
7,Victor Heylenlei 41,2021-06-05,14:00:00,100,47,53,FMN GV 22 Boechout
7,Victor Heylenlei 41,2021-06-05,15:00:00,117,52,65,FMN GV 22 Boechout
7,Victor Heylenlei 41,2021-06-05,16:00:00,81,45,36,FMN GV 22 Boechout
7,Victor Heylenlei 41,2021-06-05,17:00:00,83,34,49,FMN GV 22 Boechout
7,Victor Heylenlei 41,2021-06-05,18:00:00,53,34,19,FMN GV 22 Boechout
7,Victor Heylenlei 41,2021-06-05,19:00:00,33,18,15,FMN GV 22 Boechout
7,Victor Heylenlei 41,2021-06-05,20:00:00,23,7,16,FMN GV 22 Boechout
7,Victor Heylenlei 41,2021-06-05,21:00:00,29,12,17,FMN GV 22 Boechout
7,Victor Heylenlei 41,2021-06-05,22:00:00,18,11,7,FMN GV 22 Boechout
7,Victor Heylenlei 41,2021-06-05,23:00:00,16,7,9,FMN GV 22 Boechout
7,Victor Heylenlei 41,2021-06-06,00:00:00,10,4,6,FMN GV 22 Boechout
7,Victor Heylenlei 41,2021-06-06,01:00:00,12,9,3,FMN GV 22 Boechout
7,Victor Heylenlei 41,2021-06-06,02:00:00,5,5,0,FMN GV 22 Boechout
7,Victor Heylenlei 41,2021-06-06,03:00:00,4,1,3,FMN GV 22 Boechout
7,Victor Heylenlei 41,2021-06-06,04:00:00,2,1,1,FMN GV 22 Boechout
7,Victor Heylenlei 41,2021-06-06,05:00:00,3,3,0,FMN GV 22 Boechout
7,Victor Heylenlei 41,2021-06-06,06:00:00,6,3,3,FMN GV 22 Boechout
7,Victor Heylenlei 41,2021-06-06,07:00:00,13,4,9,FMN GV 22 Boechout
7,Victor Heylenlei 41,2021-06-06,08:00:00,46,14,32,FMN GV 22 Boechout
7,Victor Heylenlei 41,2021-06-06,09:00:00,175,81,94,FMN GV 22 Boechout
7,Victor Heylenlei 41,2021-06-06,10:00:00,197,101,96,FMN GV 22 Boechout
7,Victor Heylenlei 41,2021-06-06,11:00:00,241,122,119,FMN GV 22 Boechout
7,Victor Heylenlei 41,2021-06-06,12:00:00,261,148,113,FMN GV 22 Boechout
7,Victor Heylenlei 41,2021-06-06,13:00:00,244,145,99,FMN GV 22 Boechout
7,Victor Heylenlei 41,2021-06-06,14:00:00,336,177,159,FMN GV 22 Boechout
7,Victor Heylenlei 41,2021-06-06,15:00:00,293,137,156,FMN GV 22 Boechout
7,Victor Heylenlei 41,2021-06-06,16:00:00,272,130,142,FMN GV 22 Boechout
7,Victor Heylenlei 41,2021-06-06,17:00:00,219,121,98,FMN GV 22 Boechout
7,Victor Heylenlei 41,2021-06-06,18:00:00,126,74,52,FMN GV 22 Boechout
7,Victor Heylenlei 41,2021-06-06,19:00:00,91,59,32,FMN GV 22 Boechout
7,Victor Heylenlei 41,2021-06-06,20:00:00,69,43,26,FMN GV 22 Boechout
7,Victor Heylenlei 41,2021-06-06,21:00:00,38,22,16,FMN GV 22 Boechout
7,Victor Heylenlei 41,2021-06-06,22:00:00,27,13,14,FMN GV 22 Boechout
7,Victor Heylenlei 41,2021-06-06,23:00:00,14,4,10,FMN GV 22 Boechout
7,Victor Heylenlei 41,2021-06-07,00:00:00,4,3,1,FMN GV 22 Boechout
7,Victor Heylenlei 41,2021-06-07,01:00:00,1,1,0,FMN GV 22 Boechout
7,Victor Heylenlei 41,2021-06-07,02:00:00,1,1,0,FMN GV 22 Boechout
7,Victor Heylenlei 41,2021-06-07,03:00:00,0,0,0,FMN GV 22 Boechout
7,Victor Heylenlei 41,2021-06-07,04:00:00,6,4,2,FMN GV 22 Boechout
7,Victor Heylenlei 41,2021-06-07,05:00:00,8,5,3,FMN GV 22 Boechout
7,Victor Heylenlei 41,2021-06-07,06:00:00,42,37,5,FMN GV 22 Boechout
7,Victor Heylenlei 41,2021-06-07,07:00:00,136,88,48,FMN GV 22 Boechout
7,Victor Heylenlei 41,2021-06-07,08:00:00,222,93,129,FMN GV 22 Boechout
7,Victor Heylenlei 41,2021-06-07,09:00:00,70,32,38,FMN GV 22 Boechout
7,Victor Heylenlei 41,2021-06-07,10:00:00,124,94,30,FMN GV 22 Boechout
7,Victor Heylenlei 41,2021-06-07,11:00:00,62,34,28,FMN GV 22 Boechout
7,Victor Heylenlei 41,2021-06-07,12:00:00,85,56,29,FMN GV 22 Boechout
7,Victor Heylenlei 41,2021-06-07,13:00:00,97,53,44,FMN GV 22 Boechout
7,Victor Heylenlei 41,2021-06-07,14:00:00,115,52,63,FMN GV 22 Boechout
7,Victor Heylenlei 41,2021-06-07,15:00:00,142,52,90,FMN GV 22 Boechout
7,Victor Heylenlei 41,2021-06-07,16:00:00,240,124,116,FMN GV 22 Boechout
7,Victor Heylenlei 41,2021-06-07,17:00:00,172,71,101,FMN GV 22 Boechout
7,Victor Heylenlei 41,2021-06-07,18:00:00,133,55,78,FMN GV 22 Boechout
7,Victor Heylenlei 41,2021-06-07,19:00:00,141,58,83,FMN GV 22 Boechout
7,Victor Heylenlei 41,2021-06-07,20:00:00,84,42,42,FMN GV 22 Boechout
7,Victor Heylenlei 41,2021-06-07,21:00:00,70,40,30,FMN GV 22 Boechout
7,Victor Heylenlei 41,2021-06-07,22:00:00,41,22,19,FMN GV 22 Boechout
7,Victor Heylenlei 41,2021-06-07,23:00:00,6,4,2,FMN GV 22 Boechout
7,Victor Heylenlei 41,2021-06-08,00:00:00,4,3,1,FMN GV 22 Boechout
7,Victor Heylenlei 41,2021-06-08,01:00:00,4,3,1,FMN GV 22 Boechout
7,Victor Heylenlei 41,2021-06-08,02:00:00,1,1,0,FMN GV 22 Boechout
7,Victor Heylenlei 41,2021-06-08,03:00:00,1,1,0,FMN GV 22 Boechout
7,Victor Heylenlei 41,2021-06-08,04:00:00,7,5,2,FMN GV 22 Boechout
7,Victor Heylenlei 41,2021-06-08,05:00:00,10,8,2,FMN GV 22 Boechout
7,Victor Heylenlei 41,2021-06-08,06:00:00,52,44,8,FMN GV 22 Boechout
7,Victor Heylenlei 41,2021-06-08,07:00:00,157,100,57,FMN GV 22 Boechout
7,Victor Heylenlei 41,2021-06-08,08:00:00,231,85,146,FMN GV 22 Boechout
7,Victor Heylenlei 41,2021-06-08,09:00:00,96,44,52,FMN GV 22 Boechout
7,Victor Heylenlei 41,2021-06-08,10:00:00,79,41,38,FMN GV 22 Boechout
7,Victor Heylenlei 41,2021-06-08,11:00:00,71,39,32,FMN GV 22 Boechout
7,Victor Heylenlei 41,2021-06-08,12:00:00,100,55,45,FMN GV 22 Boechout
7,Victor Heylenlei 41,2021-06-08,13:00:00,104,48,56,FMN GV 22 Boechout
7,Victor Heylenlei 41,2021-06-08,14:00:00,112,55,57,FMN GV 22 Boechout
7,Victor Heylenlei 41,2021-06-08,15:00:00,160,85,75,FMN GV 22 Boechout
7,Victor Heylenlei 41,2021-06-08,16:00:00,248,126,122,FMN GV 22 Boechout
7,Victor Heylenlei 41,2021-06-08,17:00:00,184,63,121,FMN GV 22 Boechout
7,Victor Heylenlei 41,2021-06-08,18:00:00,152,57,95,FMN GV 22 Boechout
7,Victor Heylenlei 41,2021-06-08,19:00:00,187,68,119,FMN GV 22 Boechout
7,Victor Heylenlei 41,2021-06-08,20:00:00,118,82,36,FMN GV 22 Boechout
7,Victor Heylenlei 41,2021-06-08,21:00:00,73,48,25,FMN GV 22 Boechout
7,Victor Heylenlei 41,2021-06-08,22:00:00,46,24,22,FMN GV 22 Boechout
7,Victor Heylenlei 41,2021-06-08,23:00:00,9,5,4,FMN GV 22 Boechout
7,Victor Heylenlei 41,2021-06-09,00:00:00,2,1,1,FMN GV 22 Boechout
7,Victor Heylenlei 41,2021-06-09,01:00:00,1,0,1,FMN GV 22 Boechout
7,Victor Heylenlei 41,2021-06-09,02:00:00,3,3,0,FMN GV 22 Boechout
7,Victor Heylenlei 41,2021-06-09,03:00:00,0,0,0,FMN GV 22 Boechout
7,Victor Heylenlei 41,2021-06-09,04:00:00,6,3,3,FMN GV 22 Boechout
7,Victor Heylenlei 41,2021-06-09,05:00:00,13,11,2,FMN GV 22 Boechout
7,Victor Heylenlei 41,2021-06-09,06:00:00,42,29,13,FMN GV 22 Boechout
7,Victor Heylenlei 41,2021-06-09,07:00:00,157,96,61,FMN GV 22 Boechout
7,Victor Heylenlei 41,2021-06-09,08:00:00,201,78,123,FMN GV 22 Boechout
7,Victor Heylenlei 41,2021-06-09,09:00:00,63,41,22,FMN GV 22 Boechout
7,Victor Heylenlei 41,2021-06-09,10:00:00,61,39,22,FMN GV 22 Boechout
7,Victor Heylenlei 41,2021-06-09,11:00:00,91,43,48,FMN GV 22 Boechout
7,Victor Heylenlei 41,2021-06-09,12:00:00,190,121,69,FMN GV 22 Boechout
7,Victor Heylenlei 41,2021-06-09,13:00:00,118,45,73,FMN GV 22 Boechout
7,Victor Heylenlei 41,2021-06-09,14:00:00,87,38,49,FMN GV 22 Boechout
7,Victor Heylenlei 41,2021-06-09,15:00:00,171,80,91,FMN GV 22 Boechout
7,Victor Heylenlei 41,2021-06-09,16:00:00,162,80,82,FMN GV 22 Boechout
7,Victor Heylenlei 41,2021-06-09,17:00:00,188,83,105,FMN GV 22 Boechout
7,Victor Heylenlei 41,2021-06-09,18:00:00,167,59,108,FMN GV 22 Boechout
7,Victor Heylenlei 41,2021-06-09,19:00:00,147,68,79,FMN GV 22 Boechout
7,Victor Heylenlei 41,2021-06-09,20:00:00,165,117,48,FMN GV 22 Boechout
7,Victor Heylenlei 41,2021-06-09,21:00:00,76,49,27,FMN GV 22 Boechout
7,Victor Heylenlei 41,2021-06-09,22:00:00,44,25,19,FMN GV 22 Boechout
7,Victor Heylenlei 41,2021-06-09,23:00:00,17,5,12,FMN GV 22 Boechout
7,Victor Heylenlei 41,2021-06-10,00:00:00,3,2,1,FMN GV 22 Boechout
7,Victor Heylenlei 41,2021-06-10,01:00:00,1,1,0,FMN GV 22 Boechout
7,Victor Heylenlei 41,2021-06-10,02:00:00,0,0,0,FMN GV 22 Boechout
7,Victor Heylenlei 41,2021-06-10,03:00:00,5,4,1,FMN GV 22 Boechout
7,Victor Heylenlei 41,2021-06-10,04:00:00,7,5,2,FMN GV 22 Boechout
7,Victor Heylenlei 41,2021-06-10,05:00:00,13,9,4,FMN GV 22 Boechout
7,Victor Heylenlei 41,2021-06-10,06:00:00,42,30,12,FMN GV 22 Boechout
7,Victor Heylenlei 41,2021-06-10,07:00:00,153,108,45,FMN GV 22 Boechout
7,Victor Heylenlei 41,2021-06-10,08:00:00,244,100,144,FMN GV 22 Boechout
7,Victor Heylenlei 41,2021-06-10,09:00:00,100,56,44,FMN GV 22 Boechout
7,Victor Heylenlei 41,2021-06-10,10:00:00,119,58,61,FMN GV 22 Boechout
7,Victor Heylenlei 41,2021-06-10,11:00:00,96,64,32,FMN GV 22 Boechout
7,Victor Heylenlei 41,2021-06-10,12:00:00,145,71,74,FMN GV 22 Boechout
7,Victor Heylenlei 41,2021-06-10,13:00:00,82,41,41,FMN GV 22 Boechout
7,Victor Heylenlei 41,2021-06-10,14:00:00,141,82,59,FMN GV 22 Boechout
7,Victor Heylenlei 41,2021-06-10,15:00:00,120,37,83,FMN GV 22 Boechout
7,Victor Heylenlei 41,2021-06-10,16:00:00,210,118,92,FMN GV 22 Boechout
7,Victor Heylenlei 41,2021-06-10,17:00:00,181,61,120,FMN GV 22 Boechout
7,Victor Heylenlei 41,2021-06-10,18:00:00,145,54,91,FMN GV 22 Boechout
7,Victor Heylenlei 41,2021-06-10,19:00:00,179,82,97,FMN GV 22 Boechout
7,Victor Heylenlei 41,2021-06-10,20:00:00,125,72,53,FMN GV 22 Boechout
7,Victor Heylenlei 41,2021-06-10,21:00:00,116,71,45,FMN GV 22 Boechout
7,Victor Heylenlei 41,2021-06-10,22:00:00,31,12,19,FMN GV 22 Boechout
7,Victor Heylenlei 41,2021-06-10,23:00:00,24,10,14,FMN GV 22 Boechout
7,Victor Heylenlei 41,2021-06-11,00:00:00,6,1,5,FMN GV 22 Boechout
7,Victor Heylenlei 41,2021-06-11,01:00:00,3,1,2,FMN GV 22 Boechout
7,Victor Heylenlei 41,2021-06-11,02:00:00,2,2,0,FMN GV 22 Boechout
7,Victor Heylenlei 41,2021-06-11,03:00:00,1,1,0,FMN GV 22 Boechout
7,Victor Heylenlei 41,2021-06-11,04:00:00,5,4,1,FMN GV 22 Boechout
7,Victor Heylenlei 41,2021-06-11,05:00:00,9,5,4,FMN GV 22 Boechout
7,Victor Heylenlei 41,2021-06-11,06:00:00,35,24,11,FMN GV 22 Boechout
7,Victor Heylenlei 41,2021-06-11,07:00:00,147,94,53,FMN GV 22 Boechout
7,Victor Heylenlei 41,2021-06-11,08:00:00,202,72,130,FMN GV 22 Boechout
7,Victor Heylenlei 41,2021-06-11,09:00:00,72,45,27,FMN GV 22 Boechout
7,Victor Heylenlei 41,2021-06-11,10:00:00,104,65,39,FMN GV 22 Boechout
7,Victor Heylenlei 41,2021-06-11,11:00:00,91,51,40,FMN GV 22 Boechout
7,Victor Heylenlei 41,2021-06-11,12:00:00,109,60,49,FMN GV 22 Boechout
7,Victor Heylenlei 41,2021-06-11,13:00:00,113,59,54,FMN GV 22 Boechout
7,Victor Heylenlei 41,2021-06-11,14:00:00,105,44,61,FMN GV 22 Boechout
7,Victor Heylenlei 41,2021-06-11,15:00:00,128,59,69,FMN GV 22 Boechout
7,Victor Heylenlei 41,2021-06-11,16:00:00,259,93,166,FMN GV 22 Boechout
7,Victor Heylenlei 41,2021-06-11,17:00:00,176,78,98,FMN GV 22 Boechout
7,Victor Heylenlei 41,2021-06-11,18:00:00,121,60,61,FMN GV 22 Boechout
7,Victor Heylenlei 41,2021-06-11,19:00:00,82,43,39,FMN GV 22 Boechout
7,Victor Heylenlei 41,2021-06-11,20:00:00,90,51,39,FMN GV 22 Boechout
7,Victor Heylenlei 41,2021-06-11,21:00:00,39,22,17,FMN GV 22 Boechout
7,Victor Heylenlei 41,2021-06-11,22:00:00,58,23,35,FMN GV 22 Boechout
7,Victor Heylenlei 41,2021-06-11,23:00:00,29,25,4,FMN GV 22 Boechout
7,Victor Heylenlei 41,2021-06-12,00:00:00,23,16,7,FMN GV 22 Boechout
7,Victor Heylenlei 41,2021-06-12,01:00:00,6,2,4,FMN GV 22 Boechout
7,Victor Heylenlei 41,2021-06-12,02:00:00,5,2,3,FMN GV 22 Boechout
7,Victor Heylenlei 41,2021-06-12,03:00:00,2,1,1,FMN GV 22 Boechout
7,Victor Heylenlei 41,2021-06-12,04:00:00,2,2,0,FMN GV 22 Boechout
7,Victor Heylenlei 41,2021-06-12,05:00:00,2,1,1,FMN GV 22 Boechout
7,Victor Heylenlei 41,2021-06-12,06:00:00,11,5,6,FMN GV 22 Boechout
7,Victor Heylenlei 41,2021-06-12,07:00:00,8,4,4,FMN GV 22 Boechout
7,Victor Heylenlei 41,2021-06-12,08:00:00,36,16,20,FMN GV 22 Boechout
7,Victor Heylenlei 41,2021-06-12,09:00:00,76,41,35,FMN GV 22 Boechout
7,Victor Heylenlei 41,2021-06-12,10:00:00,60,25,35,FMN GV 22 Boechout
7,Victor Heylenlei 41,2021-06-12,11:00:00,77,34,43,FMN GV 22 Boechout
7,Victor Heylenlei 41,2021-06-12,12:00:00,66,40,26,FMN GV 22 Boechout
7,Victor Heylenlei 41,2021-06-12,13:00:00,92,44,48,FMN GV 22 Boechout
7,Victor Heylenlei 41,2021-06-12,14:00:00,150,68,82,FMN GV 22 Boechout
7,Victor Heylenlei 41,2021-06-12,15:00:00,157,75,82,FMN GV 22 Boechout
7,Victor Heylenlei 41,2021-06-12,16:00:00,113,51,62,FMN GV 22 Boechout
7,Victor Heylenlei 41,2021-06-12,17:00:00,89,39,50,FMN GV 22 Boechout
7,Victor Heylenlei 41,2021-06-12,18:00:00,86,37,49,FMN GV 22 Boechout
7,Victor Heylenlei 41,2021-06-12,19:00:00,93,51,42,FMN GV 22 Boechout
7,Victor Heylenlei 41,2021-06-12,20:00:00,57,31,26,FMN GV 22 Boechout
7,Victor Heylenlei 41,2021-06-12,21:00:00,26,13,13,FMN GV 22 Boechout
7,Victor Heylenlei 41,2021-06-12,22:00:00,26,20,6,FMN GV 22 Boechout
7,Victor Heylenlei 41,2021-06-12,23:00:00,30,22,8,FMN GV 22 Boechout
7,Victor Heylenlei 41,2021-06-13,00:00:00,21,13,8,FMN GV 22 Boechout
7,Victor Heylenlei 41,2021-06-13,01:00:00,9,4,5,FMN GV 22 Boechout
7,Victor Heylenlei 41,2021-06-13,02:00:00,6,3,3,FMN GV 22 Boechout
7,Victor Heylenlei 41,2021-06-13,03:00:00,4,3,1,FMN GV 22 Boechout
7,Victor Heylenlei 41,2021-06-13,04:00:00,3,0,3,FMN GV 22 Boechout
7,Victor Heylenlei 41,2021-06-13,05:00:00,1,1,0,FMN GV 22 Boechout
7,Victor Heylenlei 41,2021-06-13,06:00:00,7,5,2,FMN GV 22 Boechout
7,Victor Heylenlei 41,2021-06-13,07:00:00,7,2,5,FMN GV 22 Boechout
7,Victor Heylenlei 41,2021-06-13,08:00:00,34,17,17,FMN GV 22 Boechout
7,Victor Heylenlei 41,2021-06-13,09:00:00,110,58,52,FMN GV 22 Boechout
7,Victor Heylenlei 41,2021-06-13,10:00:00,187,105,82,FMN GV 22 Boechout
7,Victor Heylenlei 41,2021-06-13,11:00:00,196,91,105,FMN GV 22 Boechout
7,Victor Heylenlei 41,2021-06-13,12:00:00,202,112,90,FMN GV 22 Boechout
7,Victor Heylenlei 41,2021-06-13,13:00:00,207,88,119,FMN GV 22 Boechout
7,Victor Heylenlei 41,2021-06-13,14:00:00,277,129,148,FMN GV 22 Boechout
7,Victor Heylenlei 41,2021-06-13,15:00:00,247,128,119,FMN GV 22 Boechout
7,Victor Heylenlei 41,2021-06-13,16:00:00,233,123,110,FMN GV 22 Boechout
7,Victor Heylenlei 41,2021-06-13,17:00:00,171,94,77,FMN GV 22 Boechout
7,Victor Heylenlei 41,2021-06-13,18:00:00,116,74,42,FMN GV 22 Boechout
7,Victor Heylenlei 41,2021-06-13,19:00:00,73,41,32,FMN GV 22 Boechout
7,Victor Heylenlei 41,2021-06-13,20:00:00,86,54,32,FMN GV 22 Boechout
7,Victor Heylenlei 41,2021-06-13,21:00:00,47,30,17,FMN GV 22 Boechout
7,Victor Heylenlei 41,2021-06-13,22:00:00,24,14,10,FMN GV 22 Boechout
7,Victor Heylenlei 41,2021-06-13,23:00:00,5,3,2,FMN GV 22 Boechout
7,Victor Heylenlei 41,2021-06-14,00:00:00,1,0,1,FMN GV 22 Boechout
7,Victor Heylenlei 41,2021-06-14,01:00:00,7,7,0,FMN GV 22 Boechout
7,Victor Heylenlei 41,2021-06-14,02:00:00,0,0,0,FMN GV 22 Boechout
7,Victor Heylenlei 41,2021-06-14,03:00:00,0,0,0,FMN GV 22 Boechout
7,Victor Heylenlei 41,2021-06-14,04:00:00,5,5,0,FMN GV 22 Boechout
7,Victor Heylenlei 41,2021-06-14,05:00:00,9,4,5,FMN GV 22 Boechout
7,Victor Heylenlei 41,2021-06-14,06:00:00,45,36,9,FMN GV 22 Boechout
7,Victor Heylenlei 41,2021-06-14,07:00:00,127,91,36,FMN GV 22 Boechout
7,Victor Heylenlei 41,2021-06-14,08:00:00,201,80,121,FMN GV 22 Boechout
7,Victor Heylenlei 41,2021-06-14,09:00:00,60,31,29,FMN GV 22 Boechout
7,Victor Heylenlei 41,2021-06-14,10:00:00,70,39,31,FMN GV 22 Boechout
7,Victor Heylenlei 41,2021-06-14,11:00:00,80,55,25,FMN GV 22 Boechout
7,Victor Heylenlei 41,2021-06-14,12:00:00,154,113,41,FMN GV 22 Boechout
7,Victor Heylenlei 41,2021-06-14,13:00:00,61,29,32,FMN GV 22 Boechout
7,Victor Heylenlei 41,2021-06-14,14:00:00,106,46,60,FMN GV 22 Boechout
7,Victor Heylenlei 41,2021-06-14,15:00:00,94,37,57,FMN GV 22 Boechout
7,Victor Heylenlei 41,2021-06-14,16:00:00,144,50,94,FMN GV 22 Boechout
7,Victor Heylenlei 41,2021-06-14,17:00:00,125,42,83,FMN GV 22 Boechout
7,Victor Heylenlei 41,2021-06-14,18:00:00,122,52,70,FMN GV 22 Boechout
7,Victor Heylenlei 41,2021-06-14,19:00:00,115,50,65,FMN GV 22 Boechout
7,Victor Heylenlei 41,2021-06-14,20:00:00,117,59,58,FMN GV 22 Boechout
7,Victor Heylenlei 41,2021-06-14,21:00:00,82,56,26,FMN GV 22 Boechout
7,Victor Heylenlei 41,2021-06-14,22:00:00,50,24,26,FMN GV 22 Boechout
7,Victor Heylenlei 41,2021-06-14,23:00:00,10,5,5,FMN GV 22 Boechout
7,Victor Heylenlei 41,2021-06-15,00:00:00,7,2,5,FMN GV 22 Boechout
7,Victor Heylenlei 41,2021-06-15,01:00:00,3,2,1,FMN GV 22 Boechout
7,Victor Heylenlei 41,2021-06-15,02:00:00,3,2,1,FMN GV 22 Boechout
7,Victor Heylenlei 41,2021-06-15,03:00:00,0,0,0,FMN GV 22 Boechout
7,Victor Heylenlei 41,2021-06-15,04:00:00,9,8,1,FMN GV 22 Boechout
7,Victor Heylenlei 41,2021-06-15,05:00:00,17,12,5,FMN GV 22 Boechout
7,Victor Heylenlei 41,2021-06-15,06:00:00,43,28,15,FMN GV 22 Boechout
7,Victor Heylenlei 41,2021-06-15,07:00:00,160,111,49,FMN GV 22 Boechout
7,Victor Heylenlei 41,2021-06-15,08:00:00,215,100,115,FMN GV 22 Boechout
7,Victor Heylenlei 41,2021-06-15,09:00:00,59,30,29,FMN GV 22 Boechout
7,Victor Heylenlei 41,2021-06-15,10:00:00,105,76,29,FMN GV 22 Boechout
7,Victor Heylenlei 41,2021-06-15,11:00:00,81,52,29,FMN GV 22 Boechout
7,Victor Heylenlei 41,2021-06-15,12:00:00,112,65,47,FMN GV 22 Boechout
7,Victor Heylenlei 41,2021-06-15,13:00:00,88,35,53,FMN GV 22 Boechout
7,Victor Heylenlei 41,2021-06-15,14:00:00,90,48,42,FMN GV 22 Boechout
7,Victor Heylenlei 41,2021-06-15,15:00:00,116,49,67,FMN GV 22 Boechout
7,Victor Heylenlei 41,2021-06-15,16:00:00,147,55,92,FMN GV 22 Boechout
7,Victor Heylenlei 41,2021-06-15,17:00:00,158,53,105,FMN GV 22 Boechout
7,Victor Heylenlei 41,2021-06-15,18:00:00,187,82,105,FMN GV 22 Boechout
7,Victor Heylenlei 41,2021-06-15,19:00:00,143,68,75,FMN GV 22 Boechout
7,Victor Heylenlei 41,2021-06-15,20:00:00,147,80,67,FMN GV 22 Boechout
7,Victor Heylenlei 41,2021-06-15,21:00:00,95,65,30,FMN GV 22 Boechout
7,Victor Heylenlei 41,2021-06-15,22:00:00,35,19,16,FMN GV 22 Boechout
7,Victor Heylenlei 41,2021-06-15,23:00:00,21,9,12,FMN GV 22 Boechout
7,Victor Heylenlei 41,2021-06-16,00:00:00,3,1,2,FMN GV 22 Boechout
7,Victor Heylenlei 41,2021-06-16,01:00:00,3,3,0,FMN GV 22 Boechout
7,Victor Heylenlei 41,2021-06-16,02:00:00,1,1,0,FMN GV 22 Boechout
7,Victor Heylenlei 41,2021-06-16,03:00:00,0,0,0,FMN GV 22 Boechout
7,Victor Heylenlei 41,2021-06-16,04:00:00,6,5,1,FMN GV 22 Boechout
7,Victor Heylenlei 41,2021-06-16,05:00:00,15,9,6,FMN GV 22 Boechout
7,Victor Heylenlei 41,2021-06-16,06:00:00,46,26,20,FMN GV 22 Boechout
7,Victor Heylenlei 41,2021-06-16,07:00:00,131,87,44,FMN GV 22 Boechout
7,Victor Heylenlei 41,2021-06-16,08:00:00,206,75,131,FMN GV 22 Boechout
7,Victor Heylenlei 41,2021-06-16,09:00:00,75,51,24,FMN GV 22 Boechout
7,Victor Heylenlei 41,2021-06-16,10:00:00,128,84,44,FMN GV 22 Boechout
7,Victor Heylenlei 41,2021-06-16,11:00:00,106,67,39,FMN GV 22 Boechout
7,Victor Heylenlei 41,2021-06-16,12:00:00,69,36,33,FMN GV 22 Boechout
7,Victor Heylenlei 41,2021-06-16,13:00:00,0,0,0,FMN GV 22 Boechout
7,Victor Heylenlei 41,2021-06-16,14:00:00,0,0,0,FMN GV 22 Boechout
7,Victor Heylenlei 41,2021-06-16,15:00:00,0,0,0,FMN GV 22 Boechout
7,Victor Heylenlei 41,2021-06-16,16:00:00,81,40,41,FMN GV 22 Boechout
7,Victor Heylenlei 41,2021-06-16,17:00:00,156,60,96,FMN GV 22 Boechout
7,Victor Heylenlei 41,2021-06-16,18:00:00,137,54,83,FMN GV 22 Boechout
7,Victor Heylenlei 41,2021-06-16,19:00:00,127,58,69,FMN GV 22 Boechout
7,Victor Heylenlei 41,2021-06-16,20:00:00,129,85,44,FMN GV 22 Boechout
7,Victor Heylenlei 41,2021-06-16,21:00:00,93,60,33,FMN GV 22 Boechout
7,Victor Heylenlei 41,2021-06-16,22:00:00,57,30,27,FMN GV 22 Boechout
7,Victor Heylenlei 41,2021-06-16,23:00:00,20,9,11,FMN GV 22 Boechout
7,Victor Heylenlei 41,2021-06-17,00:00:00,6,3,3,FMN GV 22 Boechout
7,Victor Heylenlei 41,2021-06-17,01:00:00,1,1,0,FMN GV 22 Boechout
7,Victor Heylenlei 41,2021-06-17,02:00:00,0,0,0,FMN GV 22 Boechout
7,Victor Heylenlei 41,2021-06-17,03:00:00,2,2,0,FMN GV 22 Boechout
7,Victor Heylenlei 41,2021-06-17,04:00:00,4,3,1,FMN GV 22 Boechout
7,Victor Heylenlei 41,2021-06-17,05:00:00,12,8,4,FMN GV 22 Boechout
7,Victor Heylenlei 41,2021-06-17,06:00:00,35,23,12,FMN GV 22 Boechout
7,Victor Heylenlei 41,2021-06-17,07:00:00,140,99,41,FMN GV 22 Boechout
7,Victor Heylenlei 41,2021-06-17,08:00:00,231,92,139,FMN GV 22 Boechout
7,Victor Heylenlei 41,2021-06-17,09:00:00,72,43,29,FMN GV 22 Boechout
7,Victor Heylenlei 41,2021-06-17,10:00:00,111,88,23,FMN GV 22 Boechout
7,Victor Heylenlei 41,2021-06-17,11:00:00,62,42,20,FMN GV 22 Boechout
7,Victor Heylenlei 41,2021-06-17,12:00:00,77,50,27,FMN GV 22 Boechout
7,Victor Heylenlei 41,2021-06-17,13:00:00,59,32,27,FMN GV 22 Boechout
7,Victor Heylenlei 41,2021-06-17,14:00:00,50,26,24,FMN GV 22 Boechout
7,Victor Heylenlei 41,2021-06-17,15:00:00,106,29,77,FMN GV 22 Boechout
7,Victor Heylenlei 41,2021-06-17,16:00:00,125,59,66,FMN GV 22 Boechout
7,Victor Heylenlei 41,2021-06-17,17:00:00,139,46,93,FMN GV 22 Boechout
7,Victor Heylenlei 41,2021-06-17,18:00:00,55,23,32,FMN GV 22 Boechout
7,Victor Heylenlei 41,2021-06-17,19:00:00,36,19,17,FMN GV 22 Boechout
7,Victor Heylenlei 41,2021-06-17,20:00:00,87,42,45,FMN GV 22 Boechout
7,Victor Heylenlei 41,2021-06-17,21:00:00,39,25,14,FMN GV 22 Boechout
7,Victor Heylenlei 41,2021-06-17,22:00:00,37,19,18,FMN GV 22 Boechout
7,Victor Heylenlei 41,2021-06-17,23:00:00,15,9,6,FMN GV 22 Boechout
7,Victor Heylenlei 41,2021-06-18,00:00:00,14,5,9,FMN GV 22 Boechout
7,Victor Heylenlei 41,2021-06-18,01:00:00,0,0,0,FMN GV 22 Boechout
7,Victor Heylenlei 41,2021-06-18,02:00:00,3,1,2,FMN GV 22 Boechout
7,Victor Heylenlei 41,2021-06-18,03:00:00,1,1,0,FMN GV 22 Boechout
7,Victor Heylenlei 41,2021-06-18,04:00:00,6,5,1,FMN GV 22 Boechout
7,Victor Heylenlei 41,2021-06-18,05:00:00,9,5,4,FMN GV 22 Boechout
7,Victor Heylenlei 41,2021-06-18,06:00:00,13,10,3,FMN GV 22 Boechout
7,Victor Heylenlei 41,2021-06-18,07:00:00,89,59,30,FMN GV 22 Boechout
7,Victor Heylenlei 41,2021-06-18,08:00:00,176,61,115,FMN GV 22 Boechout
7,Victor Heylenlei 41,2021-06-18,09:00:00,57,37,20,FMN GV 22 Boechout
7,Victor Heylenlei 41,2021-06-18,10:00:00,132,95,37,FMN GV 22 Boechout
7,Victor Heylenlei 41,2021-06-18,11:00:00,62,43,19,FMN GV 22 Boechout
7,Victor Heylenlei 41,2021-06-18,12:00:00,29,22,7,FMN GV 22 Boechout
7,Victor Heylenlei 41,2021-06-18,13:00:00,0,0,0,FMN GV 22 Boechout
7,Victor Heylenlei 41,2021-06-18,14:00:00,0,0,0,FMN GV 22 Boechout
7,Victor Heylenlei 41,2021-06-18,15:00:00,0,0,0,FMN GV 22 Boechout
7,Victor Heylenlei 41,2021-06-18,16:00:00,0,0,0,FMN GV 22 Boechout
7,Victor Heylenlei 41,2021-06-18,17:00:00,0,0,0,FMN GV 22 Boechout
7,Victor Heylenlei 41,2021-06-18,18:00:00,30,12,18,FMN GV 22 Boechout
7,Victor Heylenlei 41,2021-06-18,19:00:00,65,28,37,FMN GV 22 Boechout
7,Victor Heylenlei 41,2021-06-18,20:00:00,92,32,60,FMN GV 22 Boechout
7,Victor Heylenlei 41,2021-06-18,21:00:00,53,31,22,FMN GV 22 Boechout
7,Victor Heylenlei 41,2021-06-18,22:00:00,18,9,9,FMN GV 22 Boechout
7,Victor Heylenlei 41,2021-06-18,23:00:00,15,2,13,FMN GV 22 Boechout
7,Victor Heylenlei 41,2021-06-19,00:00:00,9,4,5,FMN GV 22 Boechout
7,Victor Heylenlei 41,2021-06-19,01:00:00,11,3,8,FMN GV 22 Boechout
7,Victor Heylenlei 41,2021-06-19,02:00:00,3,3,0,FMN GV 22 Boechout
7,Victor Heylenlei 41,2021-06-19,03:00:00,0,0,0,FMN GV 22 Boechout
7,Victor Heylenlei 41,2021-06-19,04:00:00,1,0,1,FMN GV 22 Boechout
7,Victor Heylenlei 41,2021-06-19,05:00:00,5,3,2,FMN GV 22 Boechout
7,Victor Heylenlei 41,2021-06-19,06:00:00,10,7,3,FMN GV 22 Boechout
7,Victor Heylenlei 41,2021-06-19,07:00:00,10,3,7,FMN GV 22 Boechout
7,Victor Heylenlei 41,2021-06-19,08:00:00,27,18,9,FMN GV 22 Boechout
7,Victor Heylenlei 41,2021-06-19,09:00:00,69,30,39,FMN GV 22 Boechout
7,Victor Heylenlei 41,2021-06-19,10:00:00,97,43,54,FMN GV 22 Boechout
7,Victor Heylenlei 41,2021-06-19,11:00:00,78,46,32,FMN GV 22 Boechout
7,Victor Heylenlei 41,2021-06-19,12:00:00,100,49,51,FMN GV 22 Boechout
7,Victor Heylenlei 41,2021-06-19,13:00:00,124,72,52,FMN GV 22 Boechout
7,Victor Heylenlei 41,2021-06-19,14:00:00,53,30,23,FMN GV 22 Boechout
7,Victor Heylenlei 41,2021-06-19,15:00:00,0,0,0,FMN GV 22 Boechout
7,Victor Heylenlei 41,2021-06-19,16:00:00,0,0,0,FMN GV 22 Boechout
7,Victor Heylenlei 41,2021-06-19,17:00:00,0,0,0,FMN GV 22 Boechout
7,Victor Heylenlei 41,2021-06-19,18:00:00,0,0,0,FMN GV 22 Boechout
7,Victor Heylenlei 41,2021-06-19,19:00:00,0,0,0,FMN GV 22 Boechout
7,Victor Heylenlei 41,2021-06-19,20:00:00,17,10,7,FMN GV 22 Boechout
7,Victor Heylenlei 41,2021-06-19,21:00:00,25,14,11,FMN GV 22 Boechout
7,Victor Heylenlei 41,2021-06-19,22:00:00,22,9,13,FMN GV 22 Boechout
7,Victor Heylenlei 41,2021-06-19,23:00:00,3,1,2,FMN GV 22 Boechout
7,Victor Heylenlei 41,2021-06-20,00:00:00,3,3,0,FMN GV 22 Boechout
7,Victor Heylenlei 41,2021-06-20,01:00:00,2,1,1,FMN GV 22 Boechout
7,Victor Heylenlei 41,2021-06-20,02:00:00,4,2,2,FMN GV 22 Boechout
7,Victor Heylenlei 41,2021-06-20,03:00:00,4,2,2,FMN GV 22 Boechout
7,Victor Heylenlei 41,2021-06-20,04:00:00,2,2,0,FMN GV 22 Boechout
7,Victor Heylenlei 41,2021-06-20,05:00:00,2,1,1,FMN GV 22 Boechout
7,Victor Heylenlei 41,2021-06-20,06:00:00,8,3,5,FMN GV 22 Boechout
7,Victor Heylenlei 41,2021-06-20,07:00:00,10,3,7,FMN GV 22 Boechout
7,Victor Heylenlei 41,2021-06-20,08:00:00,52,10,42,FMN GV 22 Boechout
7,Victor Heylenlei 41,2021-06-20,09:00:00,153,35,118,FMN GV 22 Boechout
7,Victor Heylenlei 41,2021-06-20,10:00:00,132,63,69,FMN GV 22 Boechout
7,Victor Heylenlei 41,2021-06-20,11:00:00,168,96,72,FMN GV 22 Boechout
7,Victor Heylenlei 41,2021-06-20,12:00:00,64,40,24,FMN GV 22 Boechout
7,Victor Heylenlei 41,2021-06-20,13:00:00,0,0,0,FMN GV 22 Boechout
7,Victor Heylenlei 41,2021-06-20,14:00:00,0,0,0,FMN GV 22 Boechout
7,Victor Heylenlei 41,2021-06-20,15:00:00,0,0,0,FMN GV 22 Boechout
7,Victor Heylenlei 41,2021-06-20,16:00:00,126,70,56,FMN GV 22 Boechout
7,Victor Heylenlei 41,2021-06-20,17:00:00,173,103,70,FMN GV 22 Boechout
7,Victor Heylenlei 41,2021-06-20,18:00:00,113,68,45,FMN GV 22 Boechout
7,Victor Heylenlei 41,2021-06-20,19:00:00,74,41,33,FMN GV 22 Boechout
7,Victor Heylenlei 41,2021-06-20,20:00:00,64,40,24,FMN GV 22 Boechout
7,Victor Heylenlei 41,2021-06-20,21:00:00,60,43,17,FMN GV 22 Boechout
7,Victor Heylenlei 41,2021-06-20,22:00:00,17,10,7,FMN GV 22 Boechout
7,Victor Heylenlei 41,2021-06-20,23:00:00,7,2,5,FMN GV 22 Boechout
7,Victor Heylenlei 41,2021-06-21,00:00:00,3,2,1,FMN GV 22 Boechout
7,Victor Heylenlei 41,2021-06-21,01:00:00,2,2,0,FMN GV 22 Boechout
7,Victor Heylenlei 41,2021-06-21,02:00:00,3,1,2,FMN GV 22 Boechout
7,Victor Heylenlei 41,2021-06-21,03:00:00,0,0,0,FMN GV 22 Boechout
7,Victor Heylenlei 41,2021-06-21,04:00:00,0,0,0,FMN GV 22 Boechout
7,Victor Heylenlei 41,2021-06-21,05:00:00,6,4,2,FMN GV 22 Boechout
7,Victor Heylenlei 41,2021-06-21,06:00:00,16,9,7,FMN GV 22 Boechout
7,Victor Heylenlei 41,2021-06-21,07:00:00,74,42,32,FMN GV 22 Boechout
7,Victor Heylenlei 41,2021-06-21,08:00:00,128,44,84,FMN GV 22 Boechout
7,Victor Heylenlei 41,2021-06-21,09:00:00,69,19,50,FMN GV 22 Boechout
7,Victor Heylenlei 41,2021-06-21,10:00:00,62,56,6,FMN GV 22 Boechout
7,Victor Heylenlei 41,2021-06-21,11:00:00,22,18,4,FMN GV 22 Boechout
7,Victor Heylenlei 41,2021-06-21,12:00:00,51,34,17,FMN GV 22 Boechout
7,Victor Heylenlei 41,2021-06-21,13:00:00,30,13,17,FMN GV 22 Boechout
7,Victor Heylenlei 41,2021-06-21,14:00:00,69,57,12,FMN GV 22 Boechout
7,Victor Heylenlei 41,2021-06-21,15:00:00,39,19,20,FMN GV 22 Boechout
7,Victor Heylenlei 41,2021-06-21,16:00:00,48,18,30,FMN GV 22 Boechout
7,Victor Heylenlei 41,2021-06-21,17:00:00,65,28,37,FMN GV 22 Boechout
7,Victor Heylenlei 41,2021-06-21,18:00:00,44,12,32,FMN GV 22 Boechout
7,Victor Heylenlei 41,2021-06-21,19:00:00,29,13,16,FMN GV 22 Boechout
7,Victor Heylenlei 41,2021-06-21,20:00:00,41,22,19,FMN GV 22 Boechout
7,Victor Heylenlei 41,2021-06-21,21:00:00,6,4,2,FMN GV 22 Boechout
7,Victor Heylenlei 41,2021-06-21,22:00:00,9,5,4,FMN GV 22 Boechout
7,Victor Heylenlei 41,2021-06-21,23:00:00,13,11,2,FMN GV 22 Boechout
7,Victor Heylenlei 41,2021-06-22,00:00:00,9,6,3,FMN GV 22 Boechout
7,Victor Heylenlei 41,2021-06-22,01:00:00,4,3,1,FMN GV 22 Boechout
7,Victor Heylenlei 41,2021-06-22,02:00:00,3,3,0,FMN GV 22 Boechout
7,Victor Heylenlei 41,2021-06-22,03:00:00,0,0,0,FMN GV 22 Boechout
7,Victor Heylenlei 41,2021-06-22,04:00:00,2,2,0,FMN GV 22 Boechout
7,Victor Heylenlei 41,2021-06-22,05:00:00,12,9,3,FMN GV 22 Boechout
7,Victor Heylenlei 41,2021-06-22,06:00:00,25,18,7,FMN GV 22 Boechout
7,Victor Heylenlei 41,2021-06-22,07:00:00,116,81,35,FMN GV 22 Boechout
7,Victor Heylenlei 41,2021-06-22,08:00:00,176,76,100,FMN GV 22 Boechout
7,Victor Heylenlei 41,2021-06-22,09:00:00,34,20,14,FMN GV 22 Boechout
7,Victor Heylenlei 41,2021-06-22,10:00:00,89,75,14,FMN GV 22 Boechout
7,Victor Heylenlei 41,2021-06-22,11:00:00,22,13,9,FMN GV 22 Boechout
7,Victor Heylenlei 41,2021-06-22,12:00:00,36,19,17,FMN GV 22 Boechout
7,Victor Heylenlei 41,2021-06-22,13:00:00,35,11,24,FMN GV 22 Boechout
7,Victor Heylenlei 41,2021-06-22,14:00:00,32,12,20,FMN GV 22 Boechout
7,Victor Heylenlei 41,2021-06-22,15:00:00,68,22,46,FMN GV 22 Boechout
7,Victor Heylenlei 41,2021-06-22,16:00:00,58,17,41,FMN GV 22 Boechout
7,Victor Heylenlei 41,2021-06-22,17:00:00,113,44,69,FMN GV 22 Boechout
7,Victor Heylenlei 41,2021-06-22,18:00:00,56,21,35,FMN GV 22 Boechout
7,Victor Heylenlei 41,2021-06-22,19:00:00,49,10,39,FMN GV 22 Boechout
7,Victor Heylenlei 41,2021-06-22,20:00:00,30,21,9,FMN GV 22 Boechout
7,Victor Heylenlei 41,2021-06-22,21:00:00,15,4,11,FMN GV 22 Boechout
7,Victor Heylenlei 41,2021-06-22,22:00:00,21,10,11,FMN GV 22 Boechout
7,Victor Heylenlei 41,2021-06-22,23:00:00,1,0,1,FMN GV 22 Boechout
7,Victor Heylenlei 41,2021-06-23,00:00:00,5,3,2,FMN GV 22 Boechout
7,Victor Heylenlei 41,2021-06-23,01:00:00,3,3,0,FMN GV 22 Boechout
7,Victor Heylenlei 41,2021-06-23,02:00:00,1,1,0,FMN GV 22 Boechout
7,Victor Heylenlei 41,2021-06-23,03:00:00,1,1,0,FMN GV 22 Boechout
7,Victor Heylenlei 41,2021-06-23,04:00:00,1,1,0,FMN GV 22 Boechout
7,Victor Heylenlei 41,2021-06-23,05:00:00,6,3,3,FMN GV 22 Boechout
7,Victor Heylenlei 41,2021-06-23,06:00:00,31,22,9,FMN GV 22 Boechout
7,Victor Heylenlei 41,2021-06-23,07:00:00,86,63,23,FMN GV 22 Boechout
7,Victor Heylenlei 41,2021-06-23,08:00:00,116,56,60,FMN GV 22 Boechout
7,Victor Heylenlei 41,2021-06-23,09:00:00,66,33,33,FMN GV 22 Boechout
7,Victor Heylenlei 41,2021-06-23,10:00:00,68,44,24,FMN GV 22 Boechout
7,Victor Heylenlei 41,2021-06-23,11:00:00,71,36,35,FMN GV 22 Boechout
7,Victor Heylenlei 41,2021-06-23,12:00:00,91,56,35,FMN GV 22 Boechout
7,Victor Heylenlei 41,2021-06-23,13:00:00,118,43,75,FMN GV 22 Boechout
7,Victor Heylenlei 41,2021-06-23,14:00:00,96,52,44,FMN GV 22 Boechout
7,Victor Heylenlei 41,2021-06-23,15:00:00,99,52,47,FMN GV 22 Boechout
7,Victor Heylenlei 41,2021-06-23,16:00:00,105,52,53,FMN GV 22 Boechout
7,Victor Heylenlei 41,2021-06-23,17:00:00,126,60,66,FMN GV 22 Boechout
7,Victor Heylenlei 41,2021-06-23,18:00:00,106,51,55,FMN GV 22 Boechout
7,Victor Heylenlei 41,2021-06-23,19:00:00,84,28,56,FMN GV 22 Boechout
7,Victor Heylenlei 41,2021-06-23,20:00:00,113,88,25,FMN GV 22 Boechout
7,Victor Heylenlei 41,2021-06-23,21:00:00,44,23,21,FMN GV 22 Boechout
7,Victor Heylenlei 41,2021-06-23,22:00:00,29,11,18,FMN GV 22 Boechout
7,Victor Heylenlei 41,2021-06-23,23:00:00,15,11,4,FMN GV 22 Boechout
7,Victor Heylenlei 41,2021-06-24,00:00:00,7,2,5,FMN GV 22 Boechout
7,Victor Heylenlei 41,2021-06-24,01:00:00,7,2,5,FMN GV 22 Boechout
7,Victor Heylenlei 41,2021-06-24,02:00:00,4,2,2,FMN GV 22 Boechout
7,Victor Heylenlei 41,2021-06-24,03:00:00,1,1,0,FMN GV 22 Boechout
7,Victor Heylenlei 41,2021-06-24,04:00:00,1,1,0,FMN GV 22 Boechout
7,Victor Heylenlei 41,2021-06-24,05:00:00,10,7,3,FMN GV 22 Boechout
7,Victor Heylenlei 41,2021-06-24,06:00:00,32,23,9,FMN GV 22 Boechout
7,Victor Heylenlei 41,2021-06-24,07:00:00,108,81,27,FMN GV 22 Boechout
7,Victor Heylenlei 41,2021-06-24,08:00:00,115,73,42,FMN GV 22 Boechout
7,Victor Heylenlei 41,2021-06-24,09:00:00,63,37,26,FMN GV 22 Boechout
7,Victor Heylenlei 41,2021-06-24,10:00:00,48,23,25,FMN GV 22 Boechout
7,Victor Heylenlei 41,2021-06-24,11:00:00,56,31,25,FMN GV 22 Boechout
7,Victor Heylenlei 41,2021-06-24,12:00:00,72,38,34,FMN GV 22 Boechout
7,Victor Heylenlei 41,2021-06-24,13:00:00,122,57,65,FMN GV 22 Boechout
7,Victor Heylenlei 41,2021-06-24,14:00:00,134,70,64,FMN GV 22 Boechout
7,Victor Heylenlei 41,2021-06-24,15:00:00,90,51,39,FMN GV 22 Boechout
7,Victor Heylenlei 41,2021-06-24,16:00:00,154,70,84,FMN GV 22 Boechout
7,Victor Heylenlei 41,2021-06-24,17:00:00,161,66,95,FMN GV 22 Boechout
7,Victor Heylenlei 41,2021-06-24,18:00:00,122,57,65,FMN GV 22 Boechout
7,Victor Heylenlei 41,2021-06-24,19:00:00,108,57,51,FMN GV 22 Boechout
7,Victor Heylenlei 41,2021-06-24,20:00:00,94,61,33,FMN GV 22 Boechout
7,Victor Heylenlei 41,2021-06-24,21:00:00,67,44,23,FMN GV 22 Boechout
7,Victor Heylenlei 41,2021-06-24,22:00:00,36,17,19,FMN GV 22 Boechout
7,Victor Heylenlei 41,2021-06-24,23:00:00,19,9,10,FMN GV 22 Boechout
7,Victor Heylenlei 41,2021-06-25,00:00:00,15,8,7,FMN GV 22 Boechout
7,Victor Heylenlei 41,2021-06-25,01:00:00,1,0,1,FMN GV 22 Boechout
7,Victor Heylenlei 41,2021-06-25,02:00:00,5,4,1,FMN GV 22 Boechout
7,Victor Heylenlei 41,2021-06-25,03:00:00,1,0,1,FMN GV 22 Boechout
7,Victor Heylenlei 41,2021-06-25,04:00:00,2,1,1,FMN GV 22 Boechout
7,Victor Heylenlei 41,2021-06-25,05:00:00,12,10,2,FMN GV 22 Boechout
7,Victor Heylenlei 41,2021-06-25,06:00:00,26,19,7,FMN GV 22 Boechout
7,Victor Heylenlei 41,2021-06-25,07:00:00,73,49,24,FMN GV 22 Boechout
7,Victor Heylenlei 41,2021-06-25,08:00:00,112,69,43,FMN GV 22 Boechout
7,Victor Heylenlei 41,2021-06-25,09:00:00,69,34,35,FMN GV 22 Boechout
7,Victor Heylenlei 41,2021-06-25,10:00:00,63,31,32,FMN GV 22 Boechout
7,Victor Heylenlei 41,2021-06-25,11:00:00,70,41,29,FMN GV 22 Boechout
7,Victor Heylenlei 41,2021-06-25,12:00:00,69,36,33,FMN GV 22 Boechout
7,Victor Heylenlei 41,2021-06-25,13:00:00,71,35,36,FMN GV 22 Boechout
7,Victor Heylenlei 41,2021-06-25,14:00:00,72,28,44,FMN GV 22 Boechout
7,Victor Heylenlei 41,2021-06-25,15:00:00,94,40,54,FMN GV 22 Boechout
7,Victor Heylenlei 41,2021-06-25,16:00:00,123,54,69,FMN GV 22 Boechout
7,Victor Heylenlei 41,2021-06-25,17:00:00,111,45,66,FMN GV 22 Boechout
7,Victor Heylenlei 41,2021-06-25,18:00:00,55,28,27,FMN GV 22 Boechout
7,Victor Heylenlei 41,2021-06-25,19:00:00,32,14,18,FMN GV 22 Boechout
7,Victor Heylenlei 41,2021-06-25,20:00:00,21,4,17,FMN GV 22 Boechout
7,Victor Heylenlei 41,2021-06-25,21:00:00,24,9,15,FMN GV 22 Boechout
7,Victor Heylenlei 41,2021-06-25,22:00:00,17,5,12,FMN GV 22 Boechout
7,Victor Heylenlei 41,2021-06-25,23:00:00,13,4,9,FMN GV 22 Boechout
7,Victor Heylenlei 41,2021-06-26,00:00:00,12,7,5,FMN GV 22 Boechout
7,Victor Heylenlei 41,2021-06-26,01:00:00,4,3,1,FMN GV 22 Boechout
7,Victor Heylenlei 41,2021-06-26,02:00:00,3,3,0,FMN GV 22 Boechout
7,Victor Heylenlei 41,2021-06-26,03:00:00,5,4,1,FMN GV 22 Boechout
7,Victor Heylenlei 41,2021-06-26,04:00:00,1,1,0,FMN GV 22 Boechout
7,Victor Heylenlei 41,2021-06-26,05:00:00,4,3,1,FMN GV 22 Boechout
7,Victor Heylenlei 41,2021-06-26,06:00:00,8,5,3,FMN GV 22 Boechout
7,Victor Heylenlei 41,2021-06-26,07:00:00,8,2,6,FMN GV 22 Boechout
7,Victor Heylenlei 41,2021-06-26,08:00:00,24,9,15,FMN GV 22 Boechout
7,Victor Heylenlei 41,2021-06-26,09:00:00,46,24,22,FMN GV 22 Boechout
7,Victor Heylenlei 41,2021-06-26,10:00:00,86,39,47,FMN GV 22 Boechout
7,Victor Heylenlei 41,2021-06-26,11:00:00,69,34,35,FMN GV 22 Boechout
7,Victor Heylenlei 41,2021-06-26,12:00:00,86,49,37,FMN GV 22 Boechout
7,Victor Heylenlei 41,2021-06-26,13:00:00,80,42,38,FMN GV 22 Boechout
7,Victor Heylenlei 41,2021-06-26,14:00:00,101,37,64,FMN GV 22 Boechout
7,Victor Heylenlei 41,2021-06-26,15:00:00,130,77,53,FMN GV 22 Boechout
7,Victor Heylenlei 41,2021-06-26,16:00:00,92,47,45,FMN GV 22 Boechout
7,Victor Heylenlei 41,2021-06-26,17:00:00,67,27,40,FMN GV 22 Boechout
7,Victor Heylenlei 41,2021-06-26,18:00:00,80,48,32,FMN GV 22 Boechout
7,Victor Heylenlei 41,2021-06-26,19:00:00,48,23,25,FMN GV 22 Boechout
7,Victor Heylenlei 41,2021-06-26,20:00:00,60,27,33,FMN GV 22 Boechout
7,Victor Heylenlei 41,2021-06-26,21:00:00,40,26,14,FMN GV 22 Boechout
7,Victor Heylenlei 41,2021-06-26,22:00:00,26,13,13,FMN GV 22 Boechout
7,Victor Heylenlei 41,2021-06-26,23:00:00,9,5,4,FMN GV 22 Boechout
7,Victor Heylenlei 41,2021-06-27,00:00:00,15,4,11,FMN GV 22 Boechout
7,Victor Heylenlei 41,2021-06-27,01:00:00,6,2,4,FMN GV 22 Boechout
7,Victor Heylenlei 41,2021-06-27,02:00:00,3,1,2,FMN GV 22 Boechout
7,Victor Heylenlei 41,2021-06-27,03:00:00,4,1,3,FMN GV 22 Boechout
7,Victor Heylenlei 41,2021-06-27,04:00:00,1,1,0,FMN GV 22 Boechout
7,Victor Heylenlei 41,2021-06-27,05:00:00,3,1,2,FMN GV 22 Boechout
7,Victor Heylenlei 41,2021-06-27,06:00:00,9,5,4,FMN GV 22 Boechout
7,Victor Heylenlei 41,2021-06-27,07:00:00,14,4,10,FMN GV 22 Boechout
7,Victor Heylenlei 41,2021-06-27,08:00:00,27,10,17,FMN GV 22 Boechout
7,Victor Heylenlei 41,2021-06-27,09:00:00,140,54,86,FMN GV 22 Boechout
7,Victor Heylenlei 41,2021-06-27,10:00:00,190,85,105,FMN GV 22 Boechout
7,Victor Heylenlei 41,2021-06-27,11:00:00,168,80,88,FMN GV 22 Boechout
7,Victor Heylenlei 41,2021-06-27,12:00:00,175,99,76,FMN GV 22 Boechout
7,Victor Heylenlei 41,2021-06-27,13:00:00,192,108,84,FMN GV 22 Boechout
7,Victor Heylenlei 41,2021-06-27,14:00:00,189,105,84,FMN GV 22 Boechout
7,Victor Heylenlei 41,2021-06-27,15:00:00,179,90,89,FMN GV 22 Boechout
7,Victor Heylenlei 41,2021-06-27,16:00:00,130,82,48,FMN GV 22 Boechout
7,Victor Heylenlei 41,2021-06-27,17:00:00,41,30,11,FMN GV 22 Boechout
7,Victor Heylenlei 41,2021-06-27,18:00:00,29,16,13,FMN GV 22 Boechout
7,Victor Heylenlei 41,2021-06-27,19:00:00,14,5,9,FMN GV 22 Boechout
7,Victor Heylenlei 41,2021-06-27,20:00:00,38,13,25,FMN GV 22 Boechout
7,Victor Heylenlei 41,2021-06-27,21:00:00,10,6,4,FMN GV 22 Boechout
7,Victor Heylenlei 41,2021-06-27,22:00:00,5,3,2,FMN GV 22 Boechout
7,Victor Heylenlei 41,2021-06-27,23:00:00,29,17,12,FMN GV 22 Boechout
7,Victor Heylenlei 41,2021-06-28,00:00:00,10,6,4,FMN GV 22 Boechout
7,Victor Heylenlei 41,2021-06-28,01:00:00,7,3,4,FMN GV 22 Boechout
7,Victor Heylenlei 41,2021-06-28,02:00:00,4,4,0,FMN GV 22 Boechout
7,Victor Heylenlei 41,2021-06-28,03:00:00,2,1,1,FMN GV 22 Boechout
7,Victor Heylenlei 41,2021-06-28,04:00:00,3,3,0,FMN GV 22 Boechout
7,Victor Heylenlei 41,2021-06-28,05:00:00,8,5,3,FMN GV 22 Boechout
7,Victor Heylenlei 41,2021-06-28,06:00:00,38,31,7,FMN GV 22 Boechout
7,Victor Heylenlei 41,2021-06-28,07:00:00,86,64,22,FMN GV 22 Boechout
7,Victor Heylenlei 41,2021-06-28,08:00:00,110,69,41,FMN GV 22 Boechout
7,Victor Heylenlei 41,2021-06-28,09:00:00,111,24,87,FMN GV 22 Boechout
7,Victor Heylenlei 41,2021-06-28,10:00:00,29,18,11,FMN GV 22 Boechout
7,Victor Heylenlei 41,2021-06-28,11:00:00,38,24,14,FMN GV 22 Boechout
7,Victor Heylenlei 41,2021-06-28,12:00:00,42,25,17,FMN GV 22 Boechout
7,Victor Heylenlei 41,2021-06-28,13:00:00,32,16,16,FMN GV 22 Boechout
7,Victor Heylenlei 41,2021-06-28,14:00:00,96,66,30,FMN GV 22 Boechout
7,Victor Heylenlei 41,2021-06-28,15:00:00,95,50,45,FMN GV 22 Boechout
7,Victor Heylenlei 41,2021-06-28,16:00:00,106,37,69,FMN GV 22 Boechout
7,Victor Heylenlei 41,2021-06-28,17:00:00,98,33,65,FMN GV 22 Boechout
7,Victor Heylenlei 41,2021-06-28,18:00:00,98,38,60,FMN GV 22 Boechout
7,Victor Heylenlei 41,2021-06-28,19:00:00,80,44,36,FMN GV 22 Boechout
7,Victor Heylenlei 41,2021-06-28,20:00:00,76,26,50,FMN GV 22 Boechout
7,Victor Heylenlei 41,2021-06-28,21:00:00,54,26,28,FMN GV 22 Boechout
7,Victor Heylenlei 41,2021-06-28,22:00:00,36,15,21,FMN GV 22 Boechout
7,Victor Heylenlei 41,2021-06-28,23:00:00,7,4,3,FMN GV 22 Boechout
7,Victor Heylenlei 41,2021-06-29,00:00:00,13,6,7,FMN GV 22 Boechout
7,Victor Heylenlei 41,2021-06-29,01:00:00,2,0,2,FMN GV 22 Boechout
7,Victor Heylenlei 41,2021-06-29,02:00:00,1,1,0,FMN GV 22 Boechout
7,Victor Heylenlei 41,2021-06-29,03:00:00,3,2,1,FMN GV 22 Boechout
7,Victor Heylenlei 41,2021-06-29,04:00:00,5,4,1,FMN GV 22 Boechout
7,Victor Heylenlei 41,2021-06-29,05:00:00,7,4,3,FMN GV 22 Boechout
7,Victor Heylenlei 41,2021-06-29,06:00:00,37,28,9,FMN GV 22 Boechout
7,Victor Heylenlei 41,2021-06-29,07:00:00,101,64,37,FMN GV 22 Boechout
7,Victor Heylenlei 41,2021-06-29,08:00:00,186,77,109,FMN GV 22 Boechout
7,Victor Heylenlei 41,2021-06-29,09:00:00,132,108,24,FMN GV 22 Boechout
7,Victor Heylenlei 41,2021-06-29,10:00:00,133,99,34,FMN GV 22 Boechout
7,Victor Heylenlei 41,2021-06-29,11:00:00,77,44,33,FMN GV 22 Boechout
7,Victor Heylenlei 41,2021-06-29,12:00:00,76,41,35,FMN GV 22 Boechout
7,Victor Heylenlei 41,2021-06-29,13:00:00,85,37,48,FMN GV 22 Boechout
7,Victor Heylenlei 41,2021-06-29,14:00:00,77,36,41,FMN GV 22 Boechout
7,Victor Heylenlei 41,2021-06-29,15:00:00,145,38,107,FMN GV 22 Boechout
7,Victor Heylenlei 41,2021-06-29,16:00:00,116,43,73,FMN GV 22 Boechout
7,Victor Heylenlei 41,2021-06-29,17:00:00,128,41,87,FMN GV 22 Boechout
7,Victor Heylenlei 41,2021-06-29,18:00:00,88,38,50,FMN GV 22 Boechout
7,Victor Heylenlei 41,2021-06-29,19:00:00,78,25,53,FMN GV 22 Boechout
7,Victor Heylenlei 41,2021-06-29,20:00:00,70,38,32,FMN GV 22 Boechout
7,Victor Heylenlei 41,2021-06-29,21:00:00,37,15,22,FMN GV 22 Boechout
7,Victor Heylenlei 41,2021-06-29,22:00:00,18,12,6,FMN GV 22 Boechout
7,Victor Heylenlei 41,2021-06-29,23:00:00,6,2,4,FMN GV 22 Boechout
7,Victor Heylenlei 41,2021-06-30,00:00:00,6,5,1,FMN GV 22 Boechout
7,Victor Heylenlei 41,2021-06-30,01:00:00,0,0,0,FMN GV 22 Boechout
7,Victor Heylenlei 41,2021-06-30,02:00:00,2,1,1,FMN GV 22 Boechout
7,Victor Heylenlei 41,2021-06-30,03:00:00,3,2,1,FMN GV 22 Boechout
7,Victor Heylenlei 41,2021-06-30,04:00:00,2,2,0,FMN GV 22 Boechout
7,Victor Heylenlei 41,2021-06-30,05:00:00,7,4,3,FMN GV 22 Boechout
7,Victor Heylenlei 41,2021-06-30,06:00:00,23,15,8,FMN GV 22 Boechout
7,Victor Heylenlei 41,2021-06-30,07:00:00,47,27,20,FMN GV 22 Boechout
7,Victor Heylenlei 41,2021-06-30,08:00:00,47,34,13,FMN GV 22 Boechout
7,Victor Heylenlei 41,2021-06-30,09:00:00,27,17,10,FMN GV 22 Boechout
7,Victor Heylenlei 41,2021-06-30,10:00:00,31,14,17,FMN GV 22 Boechout
7,Victor Heylenlei 41,2021-06-30,11:00:00,23,12,11,FMN GV 22 Boechout
7,Victor Heylenlei 41,2021-06-30,12:00:00,33,20,13,FMN GV 22 Boechout
7,Victor Heylenlei 41,2021-06-30,13:00:00,25,7,18,FMN GV 22 Boechout
7,Victor Heylenlei 41,2021-06-30,14:00:00,26,10,16,FMN GV 22 Boechout
7,Victor Heylenlei 41,2021-06-30,15:00:00,44,21,23,FMN GV 22 Boechout
7,Victor Heylenlei 41,2021-06-30,16:00:00,34,17,17,FMN GV 22 Boechout
7,Victor Heylenlei 41,2021-06-30,17:00:00,38,12,26,FMN GV 22 Boechout
7,Victor Heylenlei 41,2021-06-30,18:00:00,28,9,19,FMN GV 22 Boechout
7,Victor Heylenlei 41,2021-06-30,19:00:00,37,12,25,FMN GV 22 Boechout
7,Victor Heylenlei 41,2021-06-30,20:00:00,36,25,11,FMN GV 22 Boechout
7,Victor Heylenlei 41,2021-06-30,21:00:00,16,12,4,FMN GV 22 Boechout
7,Victor Heylenlei 41,2021-06-30,22:00:00,15,7,8,FMN GV 22 Boechout
7,Victor Heylenlei 41,2021-06-30,23:00:00,7,5,2,FMN GV 22 Boechout
7,Victor Heylenlei 41,2021-07-01,00:00:00,8,3,5,FMN GV 22 Boechout
7,Victor Heylenlei 41,2021-07-01,01:00:00,2,2,0,FMN GV 22 Boechout
7,Victor Heylenlei 41,2021-07-01,02:00:00,2,0,2,FMN GV 22 Boechout
7,Victor Heylenlei 41,2021-07-01,03:00:00,2,2,0,FMN GV 22 Boechout
7,Victor Heylenlei 41,2021-07-01,04:00:00,3,3,0,FMN GV 22 Boechout
7,Victor Heylenlei 41,2021-07-01,05:00:00,10,7,3,FMN GV 22 Boechout
7,Victor Heylenlei 41,2021-07-01,06:00:00,32,24,8,FMN GV 22 Boechout
7,Victor Heylenlei 41,2021-07-01,07:00:00,65,41,24,FMN GV 22 Boechout
7,Victor Heylenlei 41,2021-07-01,08:00:00,87,56,31,FMN GV 22 Boechout
7,Victor Heylenlei 41,2021-07-01,09:00:00,51,31,20,FMN GV 22 Boechout
7,Victor Heylenlei 41,2021-07-01,10:00:00,43,26,17,FMN GV 22 Boechout
7,Victor Heylenlei 41,2021-07-01,11:00:00,56,34,22,FMN GV 22 Boechout
7,Victor Heylenlei 41,2021-07-01,12:00:00,50,27,23,FMN GV 22 Boechout
7,Victor Heylenlei 41,2021-07-01,13:00:00,77,48,29,FMN GV 22 Boechout
7,Victor Heylenlei 41,2021-07-01,14:00:00,59,34,25,FMN GV 22 Boechout
7,Victor Heylenlei 41,2021-07-01,15:00:00,100,54,46,FMN GV 22 Boechout
7,Victor Heylenlei 41,2021-07-01,16:00:00,102,39,63,FMN GV 22 Boechout
7,Victor Heylenlei 41,2021-07-01,17:00:00,117,31,86,FMN GV 22 Boechout
7,Victor Heylenlei 41,2021-07-01,18:00:00,120,55,65,FMN GV 22 Boechout
7,Victor Heylenlei 41,2021-07-01,19:00:00,424,206,218,FMN GV 22 Boechout
7,Victor Heylenlei 41,2021-07-01,20:00:00,64,41,23,FMN GV 22 Boechout
7,Victor Heylenlei 41,2021-07-01,21:00:00,65,49,16,FMN GV 22 Boechout
7,Victor Heylenlei 41,2021-07-01,22:00:00,18,5,13,FMN GV 22 Boechout
7,Victor Heylenlei 41,2021-07-01,23:00:00,18,8,10,FMN GV 22 Boechout
7,Victor Heylenlei 41,2021-07-02,00:00:00,7,2,5,FMN GV 22 Boechout
7,Victor Heylenlei 41,2021-07-02,01:00:00,6,3,3,FMN GV 22 Boechout
7,Victor Heylenlei 41,2021-07-02,02:00:00,1,1,0,FMN GV 22 Boechout
7,Victor Heylenlei 41,2021-07-02,03:00:00,1,1,0,FMN GV 22 Boechout
7,Victor Heylenlei 41,2021-07-02,04:00:00,3,3,0,FMN GV 22 Boechout
7,Victor Heylenlei 41,2021-07-02,05:00:00,12,8,4,FMN GV 22 Boechout
7,Victor Heylenlei 41,2021-07-02,06:00:00,28,22,6,FMN GV 22 Boechout
7,Victor Heylenlei 41,2021-07-02,07:00:00,71,40,31,FMN GV 22 Boechout
7,Victor Heylenlei 41,2021-07-02,08:00:00,66,37,29,FMN GV 22 Boechout
7,Victor Heylenlei 41,2021-07-02,09:00:00,54,28,26,FMN GV 22 Boechout
7,Victor Heylenlei 41,2021-07-02,10:00:00,62,30,32,FMN GV 22 Boechout
7,Victor Heylenlei 41,2021-07-02,11:00:00,83,43,40,FMN GV 22 Boechout
7,Victor Heylenlei 41,2021-07-02,12:00:00,102,56,46,FMN GV 22 Boechout
7,Victor Heylenlei 41,2021-07-02,13:00:00,94,51,43,FMN GV 22 Boechout
7,Victor Heylenlei 41,2021-07-02,14:00:00,104,51,53,FMN GV 22 Boechout
7,Victor Heylenlei 41,2021-07-02,15:00:00,149,63,86,FMN GV 22 Boechout
7,Victor Heylenlei 41,2021-07-02,16:00:00,147,72,75,FMN GV 22 Boechout
7,Victor Heylenlei 41,2021-07-02,17:00:00,116,61,55,FMN GV 22 Boechout
7,Victor Heylenlei 41,2021-07-02,18:00:00,104,39,65,FMN GV 22 Boechout
7,Victor Heylenlei 41,2021-07-02,19:00:00,74,41,33,FMN GV 22 Boechout
7,Victor Heylenlei 41,2021-07-02,20:00:00,77,34,43,FMN GV 22 Boechout
7,Victor Heylenlei 41,2021-07-02,21:00:00,29,15,14,FMN GV 22 Boechout
7,Victor Heylenlei 41,2021-07-02,22:00:00,24,11,13,FMN GV 22 Boechout
7,Victor Heylenlei 41,2021-07-02,23:00:00,15,7,8,FMN GV 22 Boechout
7,Victor Heylenlei 41,2021-07-03,00:00:00,18,11,7,FMN GV 22 Boechout
7,Victor Heylenlei 41,2021-07-03,01:00:00,24,16,8,FMN GV 22 Boechout
7,Victor Heylenlei 41,2021-07-03,02:00:00,3,0,3,FMN GV 22 Boechout
7,Victor Heylenlei 41,2021-07-03,03:00:00,4,2,2,FMN GV 22 Boechout
7,Victor Heylenlei 41,2021-07-03,04:00:00,2,2,0,FMN GV 22 Boechout
7,Victor Heylenlei 41,2021-07-03,05:00:00,3,3,0,FMN GV 22 Boechout
7,Victor Heylenlei 41,2021-07-03,06:00:00,3,1,2,FMN GV 22 Boechout
7,Victor Heylenlei 41,2021-07-03,07:00:00,8,4,4,FMN GV 22 Boechout
7,Victor Heylenlei 41,2021-07-03,08:00:00,11,5,6,FMN GV 22 Boechout
7,Victor Heylenlei 41,2021-07-03,09:00:00,52,15,37,FMN GV 22 Boechout
7,Victor Heylenlei 41,2021-07-03,10:00:00,67,33,34,FMN GV 22 Boechout
7,Victor Heylenlei 41,2021-07-03,11:00:00,74,45,29,FMN GV 22 Boechout
7,Victor Heylenlei 41,2021-07-03,12:00:00,97,64,33,FMN GV 22 Boechout
7,Victor Heylenlei 41,2021-07-03,13:00:00,83,39,44,FMN GV 22 Boechout
7,Victor Heylenlei 41,2021-07-03,14:00:00,106,67,39,FMN GV 22 Boechout
7,Victor Heylenlei 41,2021-07-03,15:00:00,85,43,42,FMN GV 22 Boechout
7,Victor Heylenlei 41,2021-07-03,16:00:00,73,45,28,FMN GV 22 Boechout
7,Victor Heylenlei 41,2021-07-03,17:00:00,29,18,11,FMN GV 22 Boechout
7,Victor Heylenlei 41,2021-07-03,18:00:00,39,28,11,FMN GV 22 Boechout
7,Victor Heylenlei 41,2021-07-03,19:00:00,18,4,14,FMN GV 22 Boechout
7,Victor Heylenlei 41,2021-07-03,20:00:00,14,5,9,FMN GV 22 Boechout
7,Victor Heylenlei 41,2021-07-03,21:00:00,14,9,5,FMN GV 22 Boechout
7,Victor Heylenlei 41,2021-07-03,22:00:00,5,0,5,FMN GV 22 Boechout
7,Victor Heylenlei 41,2021-07-03,23:00:00,8,3,5,FMN GV 22 Boechout
7,Victor Heylenlei 41,2021-07-04,00:00:00,3,2,1,FMN GV 22 Boechout
7,Victor Heylenlei 41,2021-07-04,01:00:00,4,2,2,FMN GV 22 Boechout
7,Victor Heylenlei 41,2021-07-04,02:00:00,1,1,0,FMN GV 22 Boechout
7,Victor Heylenlei 41,2021-07-04,03:00:00,1,0,1,FMN GV 22 Boechout
7,Victor Heylenlei 41,2021-07-04,04:00:00,0,0,0,FMN GV 22 Boechout
7,Victor Heylenlei 41,2021-07-04,05:00:00,1,1,0,FMN GV 22 Boechout
7,Victor Heylenlei 41,2021-07-04,06:00:00,9,5,4,FMN GV 22 Boechout
7,Victor Heylenlei 41,2021-07-04,07:00:00,10,5,5,FMN GV 22 Boechout
7,Victor Heylenlei 41,2021-07-04,08:00:00,14,4,10,FMN GV 22 Boechout
7,Victor Heylenlei 41,2021-07-04,09:00:00,77,27,50,FMN GV 22 Boechout
7,Victor Heylenlei 41,2021-07-04,10:00:00,150,78,72,FMN GV 22 Boechout
7,Victor Heylenlei 41,2021-07-04,11:00:00,199,125,74,FMN GV 22 Boechout
7,Victor Heylenlei 41,2021-07-04,12:00:00,85,57,28,FMN GV 22 Boechout
7,Victor Heylenlei 41,2021-07-04,13:00:00,28,19,9,FMN GV 22 Boechout
7,Victor Heylenlei 41,2021-07-04,14:00:00,10,6,4,FMN GV 22 Boechout
7,Victor Heylenlei 41,2021-07-04,15:00:00,16,10,6,FMN GV 22 Boechout
7,Victor Heylenlei 41,2021-07-04,16:00:00,55,23,32,FMN GV 22 Boechout
7,Victor Heylenlei 41,2021-07-04,17:00:00,73,29,44,FMN GV 22 Boechout
7,Victor Heylenlei 41,2021-07-04,18:00:00,65,28,37,FMN GV 22 Boechout
7,Victor Heylenlei 41,2021-07-04,19:00:00,87,47,40,FMN GV 22 Boechout
7,Victor Heylenlei 41,2021-07-04,20:00:00,40,22,18,FMN GV 22 Boechout
7,Victor Heylenlei 41,2021-07-04,21:00:00,61,41,20,FMN GV 22 Boechout
7,Victor Heylenlei 41,2021-07-04,22:00:00,12,8,4,FMN GV 22 Boechout
7,Victor Heylenlei 41,2021-07-04,23:00:00,3,2,1,FMN GV 22 Boechout
7,Victor Heylenlei 41,2021-07-05,00:00:00,1,1,0,FMN GV 22 Boechout
7,Victor Heylenlei 41,2021-07-05,01:00:00,8,4,4,FMN GV 22 Boechout
7,Victor Heylenlei 41,2021-07-05,02:00:00,0,0,0,FMN GV 22 Boechout
7,Victor Heylenlei 41,2021-07-05,03:00:00,1,1,0,FMN GV 22 Boechout
7,Victor Heylenlei 41,2021-07-05,04:00:00,3,3,0,FMN GV 22 Boechout
7,Victor Heylenlei 41,2021-07-05,05:00:00,11,7,4,FMN GV 22 Boechout
7,Victor Heylenlei 41,2021-07-05,06:00:00,22,16,6,FMN GV 22 Boechout
7,Victor Heylenlei 41,2021-07-05,07:00:00,61,40,21,FMN GV 22 Boechout
7,Victor Heylenlei 41,2021-07-05,08:00:00,62,39,23,FMN GV 22 Boechout
7,Victor Heylenlei 41,2021-07-05,09:00:00,33,19,14,FMN GV 22 Boechout
7,Victor Heylenlei 41,2021-07-05,10:00:00,23,13,10,FMN GV 22 Boechout
7,Victor Heylenlei 41,2021-07-05,11:00:00,19,13,6,FMN GV 22 Boechout
7,Victor Heylenlei 41,2021-07-05,12:00:00,33,13,20,FMN GV 22 Boechout
7,Victor Heylenlei 41,2021-07-05,13:00:00,44,32,12,FMN GV 22 Boechout
7,Victor Heylenlei 41,2021-07-05,14:00:00,56,25,31,FMN GV 22 Boechout
7,Victor Heylenlei 41,2021-07-05,15:00:00,42,17,25,FMN GV 22 Boechout
7,Victor Heylenlei 41,2021-07-05,16:00:00,69,23,46,FMN GV 22 Boechout
7,Victor Heylenlei 41,2021-07-05,17:00:00,92,40,52,FMN GV 22 Boechout
7,Victor Heylenlei 41,2021-07-05,18:00:00,72,31,41,FMN GV 22 Boechout
7,Victor Heylenlei 41,2021-07-05,19:00:00,92,34,58,FMN GV 22 Boechout
7,Victor Heylenlei 41,2021-07-05,20:00:00,60,35,25,FMN GV 22 Boechout
7,Victor Heylenlei 41,2021-07-05,21:00:00,30,19,11,FMN GV 22 Boechout
7,Victor Heylenlei 41,2021-07-05,22:00:00,15,10,5,FMN GV 22 Boechout
7,Victor Heylenlei 41,2021-07-05,23:00:00,13,8,5,FMN GV 22 Boechout
7,Victor Heylenlei 41,2021-07-06,00:00:00,6,2,4,FMN GV 22 Boechout
7,Victor Heylenlei 41,2021-07-06,01:00:00,1,0,1,FMN GV 22 Boechout
7,Victor Heylenlei 41,2021-07-06,02:00:00,4,3,1,FMN GV 22 Boechout
7,Victor Heylenlei 41,2021-07-06,03:00:00,0,0,0,FMN GV 22 Boechout
7,Victor Heylenlei 41,2021-07-06,04:00:00,4,4,0,FMN GV 22 Boechout
7,Victor Heylenlei 41,2021-07-06,05:00:00,10,5,5,FMN GV 22 Boechout
7,Victor Heylenlei 41,2021-07-06,06:00:00,32,27,5,FMN GV 22 Boechout
7,Victor Heylenlei 41,2021-07-06,07:00:00,61,38,23,FMN GV 22 Boechout
7,Victor Heylenlei 41,2021-07-06,08:00:00,77,53,24,FMN GV 22 Boechout
7,Victor Heylenlei 41,2021-07-06,09:00:00,32,19,13,FMN GV 22 Boechout
7,Victor Heylenlei 41,2021-07-06,10:00:00,31,17,14,FMN GV 22 Boechout
7,Victor Heylenlei 41,2021-07-06,11:00:00,31,13,18,FMN GV 22 Boechout
7,Victor Heylenlei 41,2021-07-06,12:00:00,28,15,13,FMN GV 22 Boechout
7,Victor Heylenlei 41,2021-07-06,13:00:00,34,19,15,FMN GV 22 Boechout
7,Victor Heylenlei 41,2021-07-06,14:00:00,46,29,17,FMN GV 22 Boechout
7,Victor Heylenlei 41,2021-07-06,15:00:00,52,19,33,FMN GV 22 Boechout
7,Victor Heylenlei 41,2021-07-06,16:00:00,59,17,42,FMN GV 22 Boechout
7,Victor Heylenlei 41,2021-07-06,17:00:00,83,21,62,FMN GV 22 Boechout
7,Victor Heylenlei 41,2021-07-06,18:00:00,70,22,48,FMN GV 22 Boechout
7,Victor Heylenlei 41,2021-07-06,19:00:00,79,34,45,FMN GV 22 Boechout
7,Victor Heylenlei 41,2021-07-06,20:00:00,59,36,23,FMN GV 22 Boechout
7,Victor Heylenlei 41,2021-07-06,21:00:00,32,19,13,FMN GV 22 Boechout
7,Victor Heylenlei 41,2021-07-06,22:00:00,20,8,12,FMN GV 22 Boechout
7,Victor Heylenlei 41,2021-07-06,23:00:00,8,3,5,FMN GV 22 Boechout
7,Victor Heylenlei 41,2021-07-07,00:00:00,5,1,4,FMN GV 22 Boechout
7,Victor Heylenlei 41,2021-07-07,01:00:00,1,0,1,FMN GV 22 Boechout
7,Victor Heylenlei 41,2021-07-07,02:00:00,1,1,0,FMN GV 22 Boechout
7,Victor Heylenlei 41,2021-07-07,03:00:00,2,2,0,FMN GV 22 Boechout
7,Victor Heylenlei 41,2021-07-07,04:00:00,3,3,0,FMN GV 22 Boechout
7,Victor Heylenlei 41,2021-07-07,05:00:00,9,8,1,FMN GV 22 Boechout
7,Victor Heylenlei 41,2021-07-07,06:00:00,29,24,5,FMN GV 22 Boechout
7,Victor Heylenlei 41,2021-07-07,07:00:00,70,45,25,FMN GV 22 Boechout
7,Victor Heylenlei 41,2021-07-07,08:00:00,83,53,30,FMN GV 22 Boechout
7,Victor Heylenlei 41,2021-07-07,09:00:00,54,31,23,FMN GV 22 Boechout
7,Victor Heylenlei 41,2021-07-07,10:00:00,49,24,25,FMN GV 22 Boechout
7,Victor Heylenlei 41,2021-07-07,11:00:00,59,34,25,FMN GV 22 Boechout
7,Victor Heylenlei 41,2021-07-07,12:00:00,52,18,34,FMN GV 22 Boechout
7,Victor Heylenlei 41,2021-07-07,13:00:00,80,48,32,FMN GV 22 Boechout
7,Victor Heylenlei 41,2021-07-07,14:00:00,100,60,40,FMN GV 22 Boechout
7,Victor Heylenlei 41,2021-07-07,15:00:00,83,32,51,FMN GV 22 Boechout
7,Victor Heylenlei 41,2021-07-07,16:00:00,24,11,13,FMN GV 22 Boechout
7,Victor Heylenlei 41,2021-07-07,17:00:00,0,0,0,FMN GV 22 Boechout
7,Victor Heylenlei 41,2021-07-07,18:00:00,0,0,0,FMN GV 22 Boechout
7,Victor Heylenlei 41,2021-07-07,19:00:00,0,0,0,FMN GV 22 Boechout
7,Victor Heylenlei 41,2021-07-07,20:00:00,0,0,0,FMN GV 22 Boechout
7,Victor Heylenlei 41,2021-07-07,21:00:00,0,0,0,FMN GV 22 Boechout
7,Victor Heylenlei 41,2021-07-07,22:00:00,10,2,8,FMN GV 22 Boechout
7,Victor Heylenlei 41,2021-07-07,23:00:00,11,4,7,FMN GV 22 Boechout
7,Victor Heylenlei 41,2021-07-08,00:00:00,13,6,7,FMN GV 22 Boechout
7,Victor Heylenlei 41,2021-07-08,01:00:00,1,0,1,FMN GV 22 Boechout
7,Victor Heylenlei 41,2021-07-08,02:00:00,0,0,0,FMN GV 22 Boechout
7,Victor Heylenlei 41,2021-07-08,03:00:00,2,2,0,FMN GV 22 Boechout
7,Victor Heylenlei 41,2021-07-08,04:00:00,3,3,0,FMN GV 22 Boechout
7,Victor Heylenlei 41,2021-07-08,05:00:00,13,10,3,FMN GV 22 Boechout
7,Victor Heylenlei 41,2021-07-08,06:00:00,30,22,8,FMN GV 22 Boechout
7,Victor Heylenlei 41,2021-07-08,07:00:00,70,41,29,FMN GV 22 Boechout
7,Victor Heylenlei 41,2021-07-08,08:00:00,90,62,28,FMN GV 22 Boechout
7,Victor Heylenlei 41,2021-07-08,09:00:00,53,32,21,FMN GV 22 Boechout
7,Victor Heylenlei 41,2021-07-08,10:00:00,52,21,31,FMN GV 22 Boechout
7,Victor Heylenlei 41,2021-07-08,11:00:00,74,28,46,FMN GV 22 Boechout
7,Victor Heylenlei 41,2021-07-08,12:00:00,71,40,31,FMN GV 22 Boechout
7,Victor Heylenlei 41,2021-07-08,13:00:00,73,38,35,FMN GV 22 Boechout
7,Victor Heylenlei 41,2021-07-08,14:00:00,37,18,19,FMN GV 22 Boechout
7,Victor Heylenlei 41,2021-07-08,15:00:00,0,0,0,FMN GV 22 Boechout
7,Victor Heylenlei 41,2021-07-08,16:00:00,0,0,0,FMN GV 22 Boechout
7,Victor Heylenlei 41,2021-07-08,17:00:00,0,0,0,FMN GV 22 Boechout
7,Victor Heylenlei 41,2021-07-08,18:00:00,0,0,0,FMN GV 22 Boechout
7,Victor Heylenlei 41,2021-07-08,19:00:00,0,0,0,FMN GV 22 Boechout
7,Victor Heylenlei 41,2021-07-08,20:00:00,0,0,0,FMN GV 22 Boechout
7,Victor Heylenlei 41,2021-07-08,21:00:00,0,0,0,FMN GV 22 Boechout
7,Victor Heylenlei 41,2021-07-08,22:00:00,12,3,9,FMN GV 22 Boechout
7,Victor Heylenlei 41,2021-07-08,23:00:00,8,2,6,FMN GV 22 Boechout
7,Victor Heylenlei 41,2021-07-09,00:00:00,16,10,6,FMN GV 22 Boechout
7,Victor Heylenlei 41,2021-07-09,01:00:00,11,5,6,FMN GV 22 Boechout
7,Victor Heylenlei 41,2021-07-09,02:00:00,1,0,1,FMN GV 22 Boechout
7,Victor Heylenlei 41,2021-07-09,03:00:00,1,1,0,FMN GV 22 Boechout
7,Victor Heylenlei 41,2021-07-09,04:00:00,4,3,1,FMN GV 22 Boechout
7,Victor Heylenlei 41,2021-07-09,05:00:00,11,7,4,FMN GV 22 Boechout
7,Victor Heylenlei 41,2021-07-09,06:00:00,33,26,7,FMN GV 22 Boechout
7,Victor Heylenlei 41,2021-07-09,07:00:00,70,43,27,FMN GV 22 Boechout
7,Victor Heylenlei 41,2021-07-09,08:00:00,73,47,26,FMN GV 22 Boechout
7,Victor Heylenlei 41,2021-07-09,09:00:00,55,24,31,FMN GV 22 Boechout
7,Victor Heylenlei 41,2021-07-09,10:00:00,75,34,41,FMN GV 22 Boechout
7,Victor Heylenlei 41,2021-07-09,11:00:00,73,36,37,FMN GV 22 Boechout
7,Victor Heylenlei 41,2021-07-09,12:00:00,95,52,43,FMN GV 22 Boechout
7,Victor Heylenlei 41,2021-07-09,13:00:00,82,44,38,FMN GV 22 Boechout
7,Victor Heylenlei 41,2021-07-09,14:00:00,129,75,54,FMN GV 22 Boechout
7,Victor Heylenlei 41,2021-07-09,15:00:00,107,51,56,FMN GV 22 Boechout
7,Victor Heylenlei 41,2021-07-09,16:00:00,116,55,61,FMN GV 22 Boechout
7,Victor Heylenlei 41,2021-07-09,17:00:00,133,67,66,FMN GV 22 Boechout
7,Victor Heylenlei 41,2021-07-09,18:00:00,98,44,54,FMN GV 22 Boechout
7,Victor Heylenlei 41,2021-07-09,19:00:00,104,45,59,FMN GV 22 Boechout
7,Victor Heylenlei 41,2021-07-09,20:00:00,72,41,31,FMN GV 22 Boechout
7,Victor Heylenlei 41,2021-07-09,21:00:00,47,28,19,FMN GV 22 Boechout
7,Victor Heylenlei 41,2021-07-09,22:00:00,23,11,12,FMN GV 22 Boechout
7,Victor Heylenlei 41,2021-07-09,23:00:00,13,11,2,FMN GV 22 Boechout
7,Victor Heylenlei 41,2021-07-10,00:00:00,8,4,4,FMN GV 22 Boechout
7,Victor Heylenlei 41,2021-07-10,01:00:00,9,1,8,FMN GV 22 Boechout
7,Victor Heylenlei 41,2021-07-10,02:00:00,0,0,0,FMN GV 22 Boechout
7,Victor Heylenlei 41,2021-07-10,03:00:00,1,0,1,FMN GV 22 Boechout
7,Victor Heylenlei 41,2021-07-10,04:00:00,8,8,0,FMN GV 22 Boechout
7,Victor Heylenlei 41,2021-07-10,05:00:00,2,1,1,FMN GV 22 Boechout
7,Victor Heylenlei 41,2021-07-10,06:00:00,7,3,4,FMN GV 22 Boechout
7,Victor Heylenlei 41,2021-07-10,07:00:00,12,6,6,FMN GV 22 Boechout
7,Victor Heylenlei 41,2021-07-10,08:00:00,23,11,12,FMN GV 22 Boechout
7,Victor Heylenlei 41,2021-07-10,09:00:00,53,25,28,FMN GV 22 Boechout
7,Victor Heylenlei 41,2021-07-10,10:00:00,68,33,35,FMN GV 22 Boechout
7,Victor Heylenlei 41,2021-07-10,11:00:00,90,55,35,FMN GV 22 Boechout
7,Victor Heylenlei 41,2021-07-10,12:00:00,83,47,36,FMN GV 22 Boechout
7,Victor Heylenlei 41,2021-07-10,13:00:00,55,26,29,FMN GV 22 Boechout
7,Victor Heylenlei 41,2021-07-10,14:00:00,91,49,42,FMN GV 22 Boechout
7,Victor Heylenlei 41,2021-07-10,15:00:00,66,36,30,FMN GV 22 Boechout
7,Victor Heylenlei 41,2021-07-10,16:00:00,23,8,15,FMN GV 22 Boechout
7,Victor Heylenlei 41,2021-07-10,17:00:00,16,8,8,FMN GV 22 Boechout
7,Victor Heylenlei 41,2021-07-10,18:00:00,10,2,8,FMN GV 22 Boechout
7,Victor Heylenlei 41,2021-07-10,19:00:00,8,4,4,FMN GV 22 Boechout
7,Victor Heylenlei 41,2021-07-10,20:00:00,11,5,6,FMN GV 22 Boechout
7,Victor Heylenlei 41,2021-07-10,21:00:00,20,10,10,FMN GV 22 Boechout
7,Victor Heylenlei 41,2021-07-10,22:00:00,13,6,7,FMN GV 22 Boechout
7,Victor Heylenlei 41,2021-07-10,23:00:00,4,2,2,FMN GV 22 Boechout
7,Victor Heylenlei 41,2021-07-11,00:00:00,3,1,2,FMN GV 22 Boechout
7,Victor Heylenlei 41,2021-07-11,01:00:00,6,4,2,FMN GV 22 Boechout
7,Victor Heylenlei 41,2021-07-11,02:00:00,1,1,0,FMN GV 22 Boechout
7,Victor Heylenlei 41,2021-07-11,03:00:00,1,1,0,FMN GV 22 Boechout
7,Victor Heylenlei 41,2021-07-11,04:00:00,4,2,2,FMN GV 22 Boechout
7,Victor Heylenlei 41,2021-07-11,05:00:00,5,3,2,FMN GV 22 Boechout
7,Victor Heylenlei 41,2021-07-11,06:00:00,6,6,0,FMN GV 22 Boechout
7,Victor Heylenlei 41,2021-07-11,07:00:00,7,2,5,FMN GV 22 Boechout
7,Victor Heylenlei 41,2021-07-11,08:00:00,33,11,22,FMN GV 22 Boechout
7,Victor Heylenlei 41,2021-07-11,09:00:00,134,55,79,FMN GV 22 Boechout
7,Victor Heylenlei 41,2021-07-11,10:00:00,167,72,95,FMN GV 22 Boechout
7,Victor Heylenlei 41,2021-07-11,11:00:00,190,105,85,FMN GV 22 Boechout
7,Victor Heylenlei 41,2021-07-11,12:00:00,177,98,79,FMN GV 22 Boechout
7,Victor Heylenlei 41,2021-07-11,13:00:00,200,119,81,FMN GV 22 Boechout
7,Victor Heylenlei 41,2021-07-11,14:00:00,216,119,97,FMN GV 22 Boechout
7,Victor Heylenlei 41,2021-07-11,15:00:00,232,118,114,FMN GV 22 Boechout
7,Victor Heylenlei 41,2021-07-11,16:00:00,177,93,84,FMN GV 22 Boechout
7,Victor Heylenlei 41,2021-07-11,17:00:00,108,59,49,FMN GV 22 Boechout
7,Victor Heylenlei 41,2021-07-11,18:00:00,90,48,42,FMN GV 22 Boechout
7,Victor Heylenlei 41,2021-07-11,19:00:00,187,106,81,FMN GV 22 Boechout
7,Victor Heylenlei 41,2021-07-11,20:00:00,47,22,25,FMN GV 22 Boechout
7,Victor Heylenlei 41,2021-07-11,21:00:00,22,13,9,FMN GV 22 Boechout
7,Victor Heylenlei 41,2021-07-11,22:00:00,18,11,7,FMN GV 22 Boechout
7,Victor Heylenlei 41,2021-07-11,23:00:00,8,3,5,FMN GV 22 Boechout
7,Victor Heylenlei 41,2021-07-12,00:00:00,8,4,4,FMN GV 22 Boechout
7,Victor Heylenlei 41,2021-07-12,01:00:00,4,2,2,FMN GV 22 Boechout
7,Victor Heylenlei 41,2021-07-12,02:00:00,2,1,1,FMN GV 22 Boechout
7,Victor Heylenlei 41,2021-07-12,03:00:00,2,1,1,FMN GV 22 Boechout
7,Victor Heylenlei 41,2021-07-12,04:00:00,5,2,3,FMN GV 22 Boechout
7,Victor Heylenlei 41,2021-07-12,05:00:00,8,3,5,FMN GV 22 Boechout
7,Victor Heylenlei 41,2021-07-12,06:00:00,22,18,4,FMN GV 22 Boechout
7,Victor Heylenlei 41,2021-07-12,07:00:00,54,38,16,FMN GV 22 Boechout
7,Victor Heylenlei 41,2021-07-12,08:00:00,82,56,26,FMN GV 22 Boechout
7,Victor Heylenlei 41,2021-07-12,09:00:00,47,23,24,FMN GV 22 Boechout
7,Victor Heylenlei 41,2021-07-12,10:00:00,65,31,34,FMN GV 22 Boechout
7,Victor Heylenlei 41,2021-07-12,11:00:00,54,29,25,FMN GV 22 Boechout
7,Victor Heylenlei 41,2021-07-12,12:00:00,63,33,30,FMN GV 22 Boechout
7,Victor Heylenlei 41,2021-07-12,13:00:00,68,38,30,FMN GV 22 Boechout
7,Victor Heylenlei 41,2021-07-12,14:00:00,50,28,22,FMN GV 22 Boechout
7,Victor Heylenlei 41,2021-07-12,15:00:00,69,34,35,FMN GV 22 Boechout
7,Victor Heylenlei 41,2021-07-12,16:00:00,65,25,40,FMN GV 22 Boechout
7,Victor Heylenlei 41,2021-07-12,17:00:00,100,38,62,FMN GV 22 Boechout
7,Victor Heylenlei 41,2021-07-12,18:00:00,67,22,45,FMN GV 22 Boechout
7,Victor Heylenlei 41,2021-07-12,19:00:00,48,13,35,FMN GV 22 Boechout
7,Victor Heylenlei 41,2021-07-12,20:00:00,38,17,21,FMN GV 22 Boechout
7,Victor Heylenlei 41,2021-07-12,21:00:00,51,39,12,FMN GV 22 Boechout
7,Victor Heylenlei 41,2021-07-12,22:00:00,56,26,30,FMN GV 22 Boechout
7,Victor Heylenlei 41,2021-07-12,23:00:00,13,7,6,FMN GV 22 Boechout
7,Victor Heylenlei 41,2021-07-13,00:00:00,6,4,2,FMN GV 22 Boechout
7,Victor Heylenlei 41,2021-07-13,01:00:00,2,0,2,FMN GV 22 Boechout
7,Victor Heylenlei 41,2021-07-13,02:00:00,2,2,0,FMN GV 22 Boechout
7,Victor Heylenlei 41,2021-07-13,03:00:00,0,0,0,FMN GV 22 Boechout
7,Victor Heylenlei 41,2021-07-13,04:00:00,7,7,0,FMN GV 22 Boechout
7,Victor Heylenlei 41,2021-07-13,05:00:00,8,5,3,FMN GV 22 Boechout
7,Victor Heylenlei 41,2021-07-13,06:00:00,17,13,4,FMN GV 22 Boechout
7,Victor Heylenlei 41,2021-07-13,07:00:00,46,34,12,FMN GV 22 Boechout
7,Victor Heylenlei 41,2021-07-13,08:00:00,60,41,19,FMN GV 22 Boechout
7,Victor Heylenlei 41,2021-07-13,09:00:00,37,22,15,FMN GV 22 Boechout
7,Victor Heylenlei 41,2021-07-13,10:00:00,35,19,16,FMN GV 22 Boechout
7,Victor Heylenlei 41,2021-07-13,11:00:00,31,18,13,FMN GV 22 Boechout
7,Victor Heylenlei 41,2021-07-13,12:00:00,21,16,5,FMN GV 22 Boechout
7,Victor Heylenlei 41,2021-07-13,13:00:00,28,17,11,FMN GV 22 Boechout
7,Victor Heylenlei 41,2021-07-13,14:00:00,18,5,13,FMN GV 22 Boechout
7,Victor Heylenlei 41,2021-07-13,15:00:00,34,18,16,FMN GV 22 Boechout
7,Victor Heylenlei 41,2021-07-13,16:00:00,45,22,23,FMN GV 22 Boechout
7,Victor Heylenlei 41,2021-07-13,17:00:00,73,22,51,FMN GV 22 Boechout
7,Victor Heylenlei 41,2021-07-13,18:00:00,50,13,37,FMN GV 22 Boechout
7,Victor Heylenlei 41,2021-07-13,19:00:00,39,16,23,FMN GV 22 Boechout
7,Victor Heylenlei 41,2021-07-13,20:00:00,57,27,30,FMN GV 22 Boechout
7,Victor Heylenlei 41,2021-07-13,21:00:00,21,11,10,FMN GV 22 Boechout
7,Victor Heylenlei 41,2021-07-13,22:00:00,13,6,7,FMN GV 22 Boechout
7,Victor Heylenlei 41,2021-07-13,23:00:00,4,3,1,FMN GV 22 Boechout
7,Victor Heylenlei 41,2021-07-14,00:00:00,4,0,4,FMN GV 22 Boechout
7,Victor Heylenlei 41,2021-07-14,01:00:00,2,1,1,FMN GV 22 Boechout
7,Victor Heylenlei 41,2021-07-14,02:00:00,0,0,0,FMN GV 22 Boechout
7,Victor Heylenlei 41,2021-07-14,03:00:00,1,0,1,FMN GV 22 Boechout
7,Victor Heylenlei 41,2021-07-14,04:00:00,6,5,1,FMN GV 22 Boechout
7,Victor Heylenlei 41,2021-07-14,05:00:00,7,3,4,FMN GV 22 Boechout
7,Victor Heylenlei 41,2021-07-14,06:00:00,10,7,3,FMN GV 22 Boechout
7,Victor Heylenlei 41,2021-07-14,07:00:00,31,20,11,FMN GV 22 Boechout
7,Victor Heylenlei 41,2021-07-14,08:00:00,39,29,10,FMN GV 22 Boechout
7,Victor Heylenlei 41,2021-07-14,09:00:00,30,13,17,FMN GV 22 Boechout
7,Victor Heylenlei 41,2021-07-14,10:00:00,20,13,7,FMN GV 22 Boechout
7,Victor Heylenlei 41,2021-07-14,11:00:00,26,10,16,FMN GV 22 Boechout
7,Victor Heylenlei 41,2021-07-14,12:00:00,16,8,8,FMN GV 22 Boechout
7,Victor Heylenlei 41,2021-07-14,13:00:00,32,8,24,FMN GV 22 Boechout
7,Victor Heylenlei 41,2021-07-14,14:00:00,63,28,35,FMN GV 22 Boechout
7,Victor Heylenlei 41,2021-07-14,15:00:00,94,50,44,FMN GV 22 Boechout
7,Victor Heylenlei 41,2021-07-14,16:00:00,43,14,29,FMN GV 22 Boechout
7,Victor Heylenlei 41,2021-07-14,17:00:00,66,28,38,FMN GV 22 Boechout
7,Victor Heylenlei 41,2021-07-14,18:00:00,58,30,28,FMN GV 22 Boechout
7,Victor Heylenlei 41,2021-07-14,19:00:00,43,21,22,FMN GV 22 Boechout
7,Victor Heylenlei 41,2021-07-14,20:00:00,30,15,15,FMN GV 22 Boechout
7,Victor Heylenlei 41,2021-07-14,21:00:00,17,9,8,FMN GV 22 Boechout
7,Victor Heylenlei 41,2021-07-14,22:00:00,13,2,11,FMN GV 22 Boechout
7,Victor Heylenlei 41,2021-07-14,23:00:00,4,3,1,FMN GV 22 Boechout
7,Victor Heylenlei 41,2021-07-15,00:00:00,6,2,4,FMN GV 22 Boechout
7,Victor Heylenlei 41,2021-07-15,01:00:00,1,1,0,FMN GV 22 Boechout
7,Victor Heylenlei 41,2021-07-15,02:00:00,0,0,0,FMN GV 22 Boechout
7,Victor Heylenlei 41,2021-07-15,03:00:00,2,2,0,FMN GV 22 Boechout
7,Victor Heylenlei 41,2021-07-15,04:00:00,1,0,1,FMN GV 22 Boechout
7,Victor Heylenlei 41,2021-07-15,05:00:00,6,2,4,FMN GV 22 Boechout
7,Victor Heylenlei 41,2021-07-15,06:00:00,11,8,3,FMN GV 22 Boechout
7,Victor Heylenlei 41,2021-07-15,07:00:00,35,23,12,FMN GV 22 Boechout
7,Victor Heylenlei 41,2021-07-15,08:00:00,36,17,19,FMN GV 22 Boechout
7,Victor Heylenlei 41,2021-07-15,09:00:00,15,8,7,FMN GV 22 Boechout
7,Victor Heylenlei 41,2021-07-15,10:00:00,5,2,3,FMN GV 22 Boechout
7,Victor Heylenlei 41,2021-07-15,11:00:00,10,4,6,FMN GV 22 Boechout
7,Victor Heylenlei 41,2021-07-15,12:00:00,10,4,6,FMN GV 22 Boechout
7,Victor Heylenlei 41,2021-07-15,13:00:00,8,2,6,FMN GV 22 Boechout
7,Victor Heylenlei 41,2021-07-15,14:00:00,17,9,8,FMN GV 22 Boechout
7,Victor Heylenlei 41,2021-07-15,15:00:00,21,12,9,FMN GV 22 Boechout
7,Victor Heylenlei 41,2021-07-15,16:00:00,26,13,13,FMN GV 22 Boechout
7,Victor Heylenlei 41,2021-07-15,17:00:00,31,11,20,FMN GV 22 Boechout
7,Victor Heylenlei 41,2021-07-15,18:00:00,23,7,16,FMN GV 22 Boechout
7,Victor Heylenlei 41,2021-07-15,19:00:00,16,7,9,FMN GV 22 Boechout
7,Victor Heylenlei 41,2021-07-15,20:00:00,14,12,2,FMN GV 22 Boechout
7,Victor Heylenlei 41,2021-07-15,21:00:00,7,3,4,FMN GV 22 Boechout
7,Victor Heylenlei 41,2021-07-15,22:00:00,8,4,4,FMN GV 22 Boechout
7,Victor Heylenlei 41,2021-07-15,23:00:00,4,3,1,FMN GV 22 Boechout
7,Victor Heylenlei 41,2021-07-16,00:00:00,1,0,1,FMN GV 22 Boechout
7,Victor Heylenlei 41,2021-07-16,01:00:00,12,5,7,FMN GV 22 Boechout
7,Victor Heylenlei 41,2021-07-16,02:00:00,0,0,0,FMN GV 22 Boechout
7,Victor Heylenlei 41,2021-07-16,03:00:00,1,1,0,FMN GV 22 Boechout
7,Victor Heylenlei 41,2021-07-16,04:00:00,2,1,1,FMN GV 22 Boechout
7,Victor Heylenlei 41,2021-07-16,05:00:00,9,5,4,FMN GV 22 Boechout
7,Victor Heylenlei 41,2021-07-16,06:00:00,17,14,3,FMN GV 22 Boechout
7,Victor Heylenlei 41,2021-07-16,07:00:00,52,37,15,FMN GV 22 Boechout
7,Victor Heylenlei 41,2021-07-16,08:00:00,49,28,21,FMN GV 22 Boechout
7,Victor Heylenlei 41,2021-07-16,09:00:00,57,25,32,FMN GV 22 Boechout
7,Victor Heylenlei 41,2021-07-16,10:00:00,45,26,19,FMN GV 22 Boechout
7,Victor Heylenlei 41,2021-07-16,11:00:00,51,26,25,FMN GV 22 Boechout
7,Victor Heylenlei 41,2021-07-16,12:00:00,58,39,19,FMN GV 22 Boechout
7,Victor Heylenlei 41,2021-07-16,13:00:00,76,32,44,FMN GV 22 Boechout
7,Victor Heylenlei 41,2021-07-16,14:00:00,81,36,45,FMN GV 22 Boechout
7,Victor Heylenlei 41,2021-07-16,15:00:00,95,39,56,FMN GV 22 Boechout
7,Victor Heylenlei 41,2021-07-16,16:00:00,101,37,64,FMN GV 22 Boechout
7,Victor Heylenlei 41,2021-07-16,17:00:00,84,32,52,FMN GV 22 Boechout
7,Victor Heylenlei 41,2021-07-16,18:00:00,84,42,42,FMN GV 22 Boechout
7,Victor Heylenlei 41,2021-07-16,19:00:00,51,22,29,FMN GV 22 Boechout
7,Victor Heylenlei 41,2021-07-16,20:00:00,46,26,20,FMN GV 22 Boechout
7,Victor Heylenlei 41,2021-07-16,21:00:00,45,21,24,FMN GV 22 Boechout
7,Victor Heylenlei 41,2021-07-16,22:00:00,16,6,10,FMN GV 22 Boechout
7,Victor Heylenlei 41,2021-07-16,23:00:00,14,10,4,FMN GV 22 Boechout
7,Victor Heylenlei 41,2021-07-17,00:00:00,11,7,4,FMN GV 22 Boechout
7,Victor Heylenlei 41,2021-07-17,01:00:00,15,12,3,FMN GV 22 Boechout
7,Victor Heylenlei 41,2021-07-17,02:00:00,6,3,3,FMN GV 22 Boechout
7,Victor Heylenlei 41,2021-07-17,03:00:00,4,1,3,FMN GV 22 Boechout
7,Victor Heylenlei 41,2021-07-17,04:00:00,7,6,1,FMN GV 22 Boechout
7,Victor Heylenlei 41,2021-07-17,05:00:00,5,3,2,FMN GV 22 Boechout
7,Victor Heylenlei 41,2021-07-17,06:00:00,5,3,2,FMN GV 22 Boechout
7,Victor Heylenlei 41,2021-07-17,07:00:00,12,9,3,FMN GV 22 Boechout
7,Victor Heylenlei 41,2021-07-17,08:00:00,18,9,9,FMN GV 22 Boechout
7,Victor Heylenlei 41,2021-07-17,09:00:00,59,23,36,FMN GV 22 Boechout
7,Victor Heylenlei 41,2021-07-17,10:00:00,68,27,41,FMN GV 22 Boechout
7,Victor Heylenlei 41,2021-07-17,11:00:00,146,70,76,FMN GV 22 Boechout
7,Victor Heylenlei 41,2021-07-17,12:00:00,149,89,60,FMN GV 22 Boechout
7,Victor Heylenlei 41,2021-07-17,13:00:00,115,60,55,FMN GV 22 Boechout
7,Victor Heylenlei 41,2021-07-17,14:00:00,190,82,108,FMN GV 22 Boechout
7,Victor Heylenlei 41,2021-07-17,15:00:00,161,78,83,FMN GV 22 Boechout
7,Victor Heylenlei 41,2021-07-17,16:00:00,133,63,70,FMN GV 22 Boechout
7,Victor Heylenlei 41,2021-07-17,17:00:00,121,59,62,FMN GV 22 Boechout
7,Victor Heylenlei 41,2021-07-17,18:00:00,122,64,58,FMN GV 22 Boechout
7,Victor Heylenlei 41,2021-07-17,19:00:00,62,36,26,FMN GV 22 Boechout
7,Victor Heylenlei 41,2021-07-17,20:00:00,78,42,36,FMN GV 22 Boechout
7,Victor Heylenlei 41,2021-07-17,21:00:00,36,24,12,FMN GV 22 Boechout
7,Victor Heylenlei 41,2021-07-17,22:00:00,25,13,12,FMN GV 22 Boechout
7,Victor Heylenlei 41,2021-07-17,23:00:00,9,2,7,FMN GV 22 Boechout
7,Victor Heylenlei 41,2021-07-18,00:00:00,16,4,12,FMN GV 22 Boechout
7,Victor Heylenlei 41,2021-07-18,01:00:00,10,5,5,FMN GV 22 Boechout
7,Victor Heylenlei 41,2021-07-18,02:00:00,2,0,2,FMN GV 22 Boechout
7,Victor Heylenlei 41,2021-07-18,03:00:00,2,1,1,FMN GV 22 Boechout
7,Victor Heylenlei 41,2021-07-18,04:00:00,7,4,3,FMN GV 22 Boechout
7,Victor Heylenlei 41,2021-07-18,05:00:00,1,0,1,FMN GV 22 Boechout
7,Victor Heylenlei 41,2021-07-18,06:00:00,7,5,2,FMN GV 22 Boechout
7,Victor Heylenlei 41,2021-07-18,07:00:00,10,5,5,FMN GV 22 Boechout
7,Victor Heylenlei 41,2021-07-18,08:00:00,63,46,17,FMN GV 22 Boechout
7,Victor Heylenlei 41,2021-07-18,09:00:00,113,52,61,FMN GV 22 Boechout
7,Victor Heylenlei 41,2021-07-18,10:00:00,141,63,78,FMN GV 22 Boechout
7,Victor Heylenlei 41,2021-07-18,11:00:00,240,118,122,FMN GV 22 Boechout
7,Victor Heylenlei 41,2021-07-18,12:00:00,213,130,83,FMN GV 22 Boechout
7,Victor Heylenlei 41,2021-07-18,13:00:00,221,129,92,FMN GV 22 Boechout
7,Victor Heylenlei 41,2021-07-18,14:00:00,232,103,129,FMN GV 22 Boechout
7,Victor Heylenlei 41,2021-07-18,15:00:00,213,96,117,FMN GV 22 Boechout
7,Victor Heylenlei 41,2021-07-18,16:00:00,155,93,62,FMN GV 22 Boechout
7,Victor Heylenlei 41,2021-07-18,17:00:00,151,87,64,FMN GV 22 Boechout
7,Victor Heylenlei 41,2021-07-18,18:00:00,88,47,41,FMN GV 22 Boechout
7,Victor Heylenlei 41,2021-07-18,19:00:00,64,35,29,FMN GV 22 Boechout
7,Victor Heylenlei 41,2021-07-18,20:00:00,64,39,25,FMN GV 22 Boechout
7,Victor Heylenlei 41,2021-07-18,21:00:00,47,26,21,FMN GV 22 Boechout
7,Victor Heylenlei 41,2021-07-18,22:00:00,23,13,10,FMN GV 22 Boechout
7,Victor Heylenlei 41,2021-07-18,23:00:00,10,4,6,FMN GV 22 Boechout
7,Victor Heylenlei 41,2021-07-19,00:00:00,6,4,2,FMN GV 22 Boechout
7,Victor Heylenlei 41,2021-07-19,01:00:00,10,6,4,FMN GV 22 Boechout
7,Victor Heylenlei 41,2021-07-19,02:00:00,2,2,0,FMN GV 22 Boechout
7,Victor Heylenlei 41,2021-07-19,03:00:00,1,1,0,FMN GV 22 Boechout
7,Victor Heylenlei 41,2021-07-19,04:00:00,7,5,2,FMN GV 22 Boechout
7,Victor Heylenlei 41,2021-07-19,05:00:00,6,3,3,FMN GV 22 Boechout
7,Victor Heylenlei 41,2021-07-19,06:00:00,27,20,7,FMN GV 22 Boechout
7,Victor Heylenlei 41,2021-07-19,07:00:00,61,46,15,FMN GV 22 Boechout
7,Victor Heylenlei 41,2021-07-19,08:00:00,75,46,29,FMN GV 22 Boechout
7,Victor Heylenlei 41,2021-07-19,09:00:00,46,21,25,FMN GV 22 Boechout
7,Victor Heylenlei 41,2021-07-19,10:00:00,70,36,34,FMN GV 22 Boechout
7,Victor Heylenlei 41,2021-07-19,11:00:00,53,25,28,FMN GV 22 Boechout
7,Victor Heylenlei 41,2021-07-19,12:00:00,63,27,36,FMN GV 22 Boechout
7,Victor Heylenlei 41,2021-07-19,13:00:00,66,31,35,FMN GV 22 Boechout
7,Victor Heylenlei 41,2021-07-19,14:00:00,100,42,58,FMN GV 22 Boechout
7,Victor Heylenlei 41,2021-07-19,15:00:00,99,43,56,FMN GV 22 Boechout
7,Victor Heylenlei 41,2021-07-19,16:00:00,155,61,94,FMN GV 22 Boechout
7,Victor Heylenlei 41,2021-07-19,17:00:00,109,50,59,FMN GV 22 Boechout
7,Victor Heylenlei 41,2021-07-19,18:00:00,78,26,52,FMN GV 22 Boechout
7,Victor Heylenlei 41,2021-07-19,19:00:00,77,35,42,FMN GV 22 Boechout
7,Victor Heylenlei 41,2021-07-19,20:00:00,86,40,46,FMN GV 22 Boechout
7,Victor Heylenlei 41,2021-07-19,21:00:00,58,37,21,FMN GV 22 Boechout
7,Victor Heylenlei 41,2021-07-19,22:00:00,22,8,14,FMN GV 22 Boechout
7,Victor Heylenlei 41,2021-07-19,23:00:00,13,6,7,FMN GV 22 Boechout
7,Victor Heylenlei 41,2021-07-20,00:00:00,3,0,3,FMN GV 22 Boechout
7,Victor Heylenlei 41,2021-07-20,01:00:00,2,0,2,FMN GV 22 Boechout
7,Victor Heylenlei 41,2021-07-20,02:00:00,1,0,1,FMN GV 22 Boechout
7,Victor Heylenlei 41,2021-07-20,03:00:00,2,2,0,FMN GV 22 Boechout
7,Victor Heylenlei 41,2021-07-20,04:00:00,5,4,1,FMN GV 22 Boechout
7,Victor Heylenlei 41,2021-07-20,05:00:00,4,3,1,FMN GV 22 Boechout
7,Victor Heylenlei 41,2021-07-20,06:00:00,31,22,9,FMN GV 22 Boechout
7,Victor Heylenlei 41,2021-07-20,07:00:00,63,46,17,FMN GV 22 Boechout
7,Victor Heylenlei 41,2021-07-20,08:00:00,78,50,28,FMN GV 22 Boechout
7,Victor Heylenlei 41,2021-07-20,09:00:00,45,24,21,FMN GV 22 Boechout
7,Victor Heylenlei 41,2021-07-20,10:00:00,65,30,35,FMN GV 22 Boechout
7,Victor Heylenlei 41,2021-07-20,11:00:00,77,31,46,FMN GV 22 Boechout
7,Victor Heylenlei 41,2021-07-20,12:00:00,69,32,37,FMN GV 22 Boechout
7,Victor Heylenlei 41,2021-07-20,13:00:00,95,50,45,FMN GV 22 Boechout
7,Victor Heylenlei 41,2021-07-20,14:00:00,89,47,42,FMN GV 22 Boechout
7,Victor Heylenlei 41,2021-07-20,15:00:00,133,59,74,FMN GV 22 Boechout
7,Victor Heylenlei 41,2021-07-20,16:00:00,136,62,74,FMN GV 22 Boechout
7,Victor Heylenlei 41,2021-07-20,17:00:00,142,52,90,FMN GV 22 Boechout
7,Victor Heylenlei 41,2021-07-20,18:00:00,113,41,72,FMN GV 22 Boechout
7,Victor Heylenlei 41,2021-07-20,19:00:00,62,29,33,FMN GV 22 Boechout
7,Victor Heylenlei 41,2021-07-20,20:00:00,89,52,37,FMN GV 22 Boechout
7,Victor Heylenlei 41,2021-07-20,21:00:00,52,29,23,FMN GV 22 Boechout
7,Victor Heylenlei 41,2021-07-20,22:00:00,15,8,7,FMN GV 22 Boechout
7,Victor Heylenlei 41,2021-07-20,23:00:00,14,5,9,FMN GV 22 Boechout
7,Victor Heylenlei 41,2021-07-21,00:00:00,18,10,8,FMN GV 22 Boechout
7,Victor Heylenlei 41,2021-07-21,01:00:00,7,5,2,FMN GV 22 Boechout
7,Victor Heylenlei 41,2021-07-21,02:00:00,3,3,0,FMN GV 22 Boechout
7,Victor Heylenlei 41,2021-07-21,03:00:00,5,4,1,FMN GV 22 Boechout
7,Victor Heylenlei 41,2021-07-21,04:00:00,3,3,0,FMN GV 22 Boechout
7,Victor Heylenlei 41,2021-07-21,05:00:00,3,1,2,FMN GV 22 Boechout
7,Victor Heylenlei 41,2021-07-21,06:00:00,5,5,0,FMN GV 22 Boechout
7,Victor Heylenlei 41,2021-07-21,07:00:00,10,8,2,FMN GV 22 Boechout
7,Victor Heylenlei 41,2021-07-21,08:00:00,32,6,26,FMN GV 22 Boechout
7,Victor Heylenlei 41,2021-07-21,09:00:00,105,45,60,FMN GV 22 Boechout
7,Victor Heylenlei 41,2021-07-21,10:00:00,153,52,101,FMN GV 22 Boechout
7,Victor Heylenlei 41,2021-07-21,11:00:00,205,103,102,FMN GV 22 Boechout
7,Victor Heylenlei 41,2021-07-21,12:00:00,237,135,102,FMN GV 22 Boechout
7,Victor Heylenlei 41,2021-07-21,13:00:00,186,98,88,FMN GV 22 Boechout
7,Victor Heylenlei 41,2021-07-21,14:00:00,179,83,96,FMN GV 22 Boechout
7,Victor Heylenlei 41,2021-07-21,15:00:00,228,134,94,FMN GV 22 Boechout
7,Victor Heylenlei 41,2021-07-21,16:00:00,192,81,111,FMN GV 22 Boechout
7,Victor Heylenlei 41,2021-07-21,17:00:00,128,70,58,FMN GV 22 Boechout
7,Victor Heylenlei 41,2021-07-21,18:00:00,97,62,35,FMN GV 22 Boechout
7,Victor Heylenlei 41,2021-07-21,19:00:00,73,34,39,FMN GV 22 Boechout
7,Victor Heylenlei 41,2021-07-21,20:00:00,78,44,34,FMN GV 22 Boechout
7,Victor Heylenlei 41,2021-07-21,21:00:00,34,20,14,FMN GV 22 Boechout
7,Victor Heylenlei 41,2021-07-21,22:00:00,37,14,23,FMN GV 22 Boechout
7,Victor Heylenlei 41,2021-07-21,23:00:00,8,0,8,FMN GV 22 Boechout
7,Victor Heylenlei 41,2021-07-22,00:00:00,10,4,6,FMN GV 22 Boechout
7,Victor Heylenlei 41,2021-07-22,01:00:00,3,2,1,FMN GV 22 Boechout
7,Victor Heylenlei 41,2021-07-22,02:00:00,2,1,1,FMN GV 22 Boechout
7,Victor Heylenlei 41,2021-07-22,03:00:00,0,0,0,FMN GV 22 Boechout
7,Victor Heylenlei 41,2021-07-22,04:00:00,4,4,0,FMN GV 22 Boechout
7,Victor Heylenlei 41,2021-07-22,05:00:00,7,6,1,FMN GV 22 Boechout
7,Victor Heylenlei 41,2021-07-22,06:00:00,25,18,7,FMN GV 22 Boechout
7,Victor Heylenlei 41,2021-07-22,07:00:00,70,51,19,FMN GV 22 Boechout
7,Victor Heylenlei 41,2021-07-22,08:00:00,72,46,26,FMN GV 22 Boechout
7,Victor Heylenlei 41,2021-07-22,09:00:00,49,32,17,FMN GV 22 Boechout
7,Victor Heylenlei 41,2021-07-22,10:00:00,54,24,30,FMN GV 22 Boechout
7,Victor Heylenlei 41,2021-07-22,11:00:00,80,41,39,FMN GV 22 Boechout
7,Victor Heylenlei 41,2021-07-22,12:00:00,80,48,32,FMN GV 22 Boechout
7,Victor Heylenlei 41,2021-07-22,13:00:00,100,52,48,FMN GV 22 Boechout
7,Victor Heylenlei 41,2021-07-22,14:00:00,38,18,20,FMN GV 22 Boechout
7,Victor Heylenlei 41,2021-07-22,15:00:00,0,0,0,FMN GV 22 Boechout
7,Victor Heylenlei 41,2021-07-22,16:00:00,0,0,0,FMN GV 22 Boechout
7,Victor Heylenlei 41,2021-07-22,17:00:00,0,0,0,FMN GV 22 Boechout
7,Victor Heylenlei 41,2021-07-22,18:00:00,0,0,0,FMN GV 22 Boechout
7,Victor Heylenlei 41,2021-07-22,19:00:00,0,0,0,FMN GV 22 Boechout
7,Victor Heylenlei 41,2021-07-22,20:00:00,85,44,41,FMN GV 22 Boechout
7,Victor Heylenlei 41,2021-07-22,21:00:00,52,35,17,FMN GV 22 Boechout
7,Victor Heylenlei 41,2021-07-22,22:00:00,32,11,21,FMN GV 22 Boechout
7,Victor Heylenlei 41,2021-07-22,23:00:00,14,3,11,FMN GV 22 Boechout
7,Victor Heylenlei 41,2021-07-23,00:00:00,7,3,4,FMN GV 22 Boechout
7,Victor Heylenlei 41,2021-07-23,01:00:00,5,1,4,FMN GV 22 Boechout
7,Victor Heylenlei 41,2021-07-23,02:00:00,2,0,2,FMN GV 22 Boechout
7,Victor Heylenlei 41,2021-07-23,03:00:00,0,0,0,FMN GV 22 Boechout
7,Victor Heylenlei 41,2021-07-23,04:00:00,8,6,2,FMN GV 22 Boechout
7,Victor Heylenlei 41,2021-07-23,05:00:00,12,7,5,FMN GV 22 Boechout
7,Victor Heylenlei 41,2021-07-23,06:00:00,20,18,2,FMN GV 22 Boechout
7,Victor Heylenlei 41,2021-07-23,07:00:00,48,32,16,FMN GV 22 Boechout
7,Victor Heylenlei 41,2021-07-23,08:00:00,60,36,24,FMN GV 22 Boechout
7,Victor Heylenlei 41,2021-07-23,09:00:00,51,24,27,FMN GV 22 Boechout
7,Victor Heylenlei 41,2021-07-23,10:00:00,70,32,38,FMN GV 22 Boechout
7,Victor Heylenlei 41,2021-07-23,11:00:00,110,57,53,FMN GV 22 Boechout
7,Victor Heylenlei 41,2021-07-23,12:00:00,106,59,47,FMN GV 22 Boechout
7,Victor Heylenlei 41,2021-07-23,13:00:00,114,69,45,FMN GV 22 Boechout
7,Victor Heylenlei 41,2021-07-23,14:00:00,103,50,53,FMN GV 22 Boechout
7,Victor Heylenlei 41,2021-07-23,15:00:00,123,52,71,FMN GV 22 Boechout
7,Victor Heylenlei 41,2021-07-23,16:00:00,131,53,78,FMN GV 22 Boechout
7,Victor Heylenlei 41,2021-07-23,17:00:00,116,56,60,FMN GV 22 Boechout
7,Victor Heylenlei 41,2021-07-23,18:00:00,92,33,59,FMN GV 22 Boechout
7,Victor Heylenlei 41,2021-07-23,19:00:00,64,32,32,FMN GV 22 Boechout
7,Victor Heylenlei 41,2021-07-23,20:00:00,70,39,31,FMN GV 22 Boechout
7,Victor Heylenlei 41,2021-07-23,21:00:00,39,29,10,FMN GV 22 Boechout
7,Victor Heylenlei 41,2021-07-23,22:00:00,28,10,18,FMN GV 22 Boechout
7,Victor Heylenlei 41,2021-07-23,23:00:00,6,2,4,FMN GV 22 Boechout
7,Victor Heylenlei 41,2021-07-24,00:00:00,19,11,8,FMN GV 22 Boechout
7,Victor Heylenlei 41,2021-07-24,01:00:00,10,5,5,FMN GV 22 Boechout
7,Victor Heylenlei 41,2021-07-24,02:00:00,1,0,1,FMN GV 22 Boechout
7,Victor Heylenlei 41,2021-07-24,03:00:00,1,1,0,FMN GV 22 Boechout
7,Victor Heylenlei 41,2021-07-24,04:00:00,1,1,0,FMN GV 22 Boechout
7,Victor Heylenlei 41,2021-07-24,05:00:00,6,3,3,FMN GV 22 Boechout
7,Victor Heylenlei 41,2021-07-24,06:00:00,13,9,4,FMN GV 22 Boechout
7,Victor Heylenlei 41,2021-07-24,07:00:00,6,2,4,FMN GV 22 Boechout
7,Victor Heylenlei 41,2021-07-24,08:00:00,10,3,7,FMN GV 22 Boechout
7,Victor Heylenlei 41,2021-07-24,09:00:00,44,21,23,FMN GV 22 Boechout
7,Victor Heylenlei 41,2021-07-24,10:00:00,63,29,34,FMN GV 22 Boechout
7,Victor Heylenlei 41,2021-07-24,11:00:00,42,23,19,FMN GV 22 Boechout
7,Victor Heylenlei 41,2021-07-24,12:00:00,59,33,26,FMN GV 22 Boechout
7,Victor Heylenlei 41,2021-07-24,13:00:00,64,38,26,FMN GV 22 Boechout
7,Victor Heylenlei 41,2021-07-24,14:00:00,65,41,24,FMN GV 22 Boechout
7,Victor Heylenlei 41,2021-07-24,15:00:00,49,28,21,FMN GV 22 Boechout
7,Victor Heylenlei 41,2021-07-24,16:00:00,42,26,16,FMN GV 22 Boechout
7,Victor Heylenlei 41,2021-07-24,17:00:00,46,19,27,FMN GV 22 Boechout
7,Victor Heylenlei 41,2021-07-24,18:00:00,39,19,20,FMN GV 22 Boechout
7,Victor Heylenlei 41,2021-07-24,19:00:00,18,7,11,FMN GV 22 Boechout
7,Victor Heylenlei 41,2021-07-24,20:00:00,6,2,4,FMN GV 22 Boechout
7,Victor Heylenlei 41,2021-07-24,21:00:00,6,0,6,FMN GV 22 Boechout
7,Victor Heylenlei 41,2021-07-24,22:00:00,4,2,2,FMN GV 22 Boechout
7,Victor Heylenlei 41,2021-07-24,23:00:00,4,3,1,FMN GV 22 Boechout
7,Victor Heylenlei 41,2021-07-25,00:00:00,4,2,2,FMN GV 22 Boechout
7,Victor Heylenlei 41,2021-07-25,01:00:00,4,2,2,FMN GV 22 Boechout
7,Victor Heylenlei 41,2021-07-25,02:00:00,1,0,1,FMN GV 22 Boechout
7,Victor Heylenlei 41,2021-07-25,03:00:00,4,1,3,FMN GV 22 Boechout
7,Victor Heylenlei 41,2021-07-25,04:00:00,1,1,0,FMN GV 22 Boechout
7,Victor Heylenlei 41,2021-07-25,05:00:00,1,0,1,FMN GV 22 Boechout
7,Victor Heylenlei 41,2021-07-25,06:00:00,6,4,2,FMN GV 22 Boechout
7,Victor Heylenlei 41,2021-07-25,07:00:00,3,1,2,FMN GV 22 Boechout
7,Victor Heylenlei 41,2021-07-25,08:00:00,25,7,18,FMN GV 22 Boechout
7,Victor Heylenlei 41,2021-07-25,09:00:00,88,44,44,FMN GV 22 Boechout
7,Victor Heylenlei 41,2021-07-25,10:00:00,128,64,64,FMN GV 22 Boechout
7,Victor Heylenlei 41,2021-07-25,11:00:00,139,80,59,FMN GV 22 Boechout
7,Victor Heylenlei 41,2021-07-25,12:00:00,119,62,57,FMN GV 22 Boechout
7,Victor Heylenlei 41,2021-07-25,13:00:00,73,44,29,FMN GV 22 Boechout
7,Victor Heylenlei 41,2021-07-25,14:00:00,35,14,21,FMN GV 22 Boechout
7,Victor Heylenlei 41,2021-07-25,15:00:00,57,34,23,FMN GV 22 Boechout
7,Victor Heylenlei 41,2021-07-25,16:00:00,63,33,30,FMN GV 22 Boechout
7,Victor Heylenlei 41,2021-07-25,17:00:00,49,32,17,FMN GV 22 Boechout
7,Victor Heylenlei 41,2021-07-25,18:00:00,45,26,19,FMN GV 22 Boechout
7,Victor Heylenlei 41,2021-07-25,19:00:00,22,10,12,FMN GV 22 Boechout
7,Victor Heylenlei 41,2021-07-25,20:00:00,21,11,10,FMN GV 22 Boechout
7,Victor Heylenlei 41,2021-07-25,21:00:00,8,4,4,FMN GV 22 Boechout
7,Victor Heylenlei 41,2021-07-25,22:00:00,10,4,6,FMN GV 22 Boechout
7,Victor Heylenlei 41,2021-07-25,23:00:00,10,5,5,FMN GV 22 Boechout
7,Victor Heylenlei 41,2021-07-26,00:00:00,4,2,2,FMN GV 22 Boechout
7,Victor Heylenlei 41,2021-07-26,01:00:00,1,0,1,FMN GV 22 Boechout
7,Victor Heylenlei 41,2021-07-26,02:00:00,4,3,1,FMN GV 22 Boechout
7,Victor Heylenlei 41,2021-07-26,03:00:00,4,4,0,FMN GV 22 Boechout
7,Victor Heylenlei 41,2021-07-26,04:00:00,5,4,1,FMN GV 22 Boechout
7,Victor Heylenlei 41,2021-07-26,05:00:00,11,7,4,FMN GV 22 Boechout
7,Victor Heylenlei 41,2021-07-26,06:00:00,16,11,5,FMN GV 22 Boechout
7,Victor Heylenlei 41,2021-07-26,07:00:00,50,42,8,FMN GV 22 Boechout
7,Victor Heylenlei 41,2021-07-26,08:00:00,48,32,16,FMN GV 22 Boechout
7,Victor Heylenlei 41,2021-07-26,09:00:00,28,17,11,FMN GV 22 Boechout
7,Victor Heylenlei 41,2021-07-26,10:00:00,24,14,10,FMN GV 22 Boechout
7,Victor Heylenlei 41,2021-07-26,11:00:00,23,9,14,FMN GV 22 Boechout
7,Victor Heylenlei 41,2021-07-26,12:00:00,19,12,7,FMN GV 22 Boechout
7,Victor Heylenlei 41,2021-07-26,13:00:00,23,13,10,FMN GV 22 Boechout
7,Victor Heylenlei 41,2021-07-26,14:00:00,33,16,17,FMN GV 22 Boechout
7,Victor Heylenlei 41,2021-07-26,15:00:00,23,13,10,FMN GV 22 Boechout
7,Victor Heylenlei 41,2021-07-26,16:00:00,49,16,33,FMN GV 22 Boechout
7,Victor Heylenlei 41,2021-07-26,17:00:00,58,19,39,FMN GV 22 Boechout
7,Victor Heylenlei 41,2021-07-26,18:00:00,32,4,28,FMN GV 22 Boechout
7,Victor Heylenlei 41,2021-07-26,19:00:00,31,8,23,FMN GV 22 Boechout
7,Victor Heylenlei 41,2021-07-26,20:00:00,36,21,15,FMN GV 22 Boechout
7,Victor Heylenlei 41,2021-07-26,21:00:00,23,16,7,FMN GV 22 Boechout
7,Victor Heylenlei 41,2021-07-26,22:00:00,13,8,5,FMN GV 22 Boechout
7,Victor Heylenlei 41,2021-07-26,23:00:00,2,1,1,FMN GV 22 Boechout
7,Victor Heylenlei 41,2021-07-27,00:00:00,0,0,0,FMN GV 22 Boechout
7,Victor Heylenlei 41,2021-07-27,01:00:00,2,0,2,FMN GV 22 Boechout
7,Victor Heylenlei 41,2021-07-27,02:00:00,1,1,0,FMN GV 22 Boechout
7,Victor Heylenlei 41,2021-07-27,03:00:00,1,1,0,FMN GV 22 Boechout
7,Victor Heylenlei 41,2021-07-27,04:00:00,8,6,2,FMN GV 22 Boechout
7,Victor Heylenlei 41,2021-07-27,05:00:00,12,7,5,FMN GV 22 Boechout
7,Victor Heylenlei 41,2021-07-27,06:00:00,10,8,2,FMN GV 22 Boechout
7,Victor Heylenlei 41,2021-07-27,07:00:00,51,39,12,FMN GV 22 Boechout
7,Victor Heylenlei 41,2021-07-27,08:00:00,59,41,18,FMN GV 22 Boechout
7,Victor Heylenlei 41,2021-07-27,09:00:00,46,24,22,FMN GV 22 Boechout
7,Victor Heylenlei 41,2021-07-27,10:00:00,37,17,20,FMN GV 22 Boechout
7,Victor Heylenlei 41,2021-07-27,11:00:00,41,27,14,FMN GV 22 Boechout
7,Victor Heylenlei 41,2021-07-27,12:00:00,32,19,13,FMN GV 22 Boechout
7,Victor Heylenlei 41,2021-07-27,13:00:00,55,27,28,FMN GV 22 Boechout
7,Victor Heylenlei 41,2021-07-27,14:00:00,54,22,32,FMN GV 22 Boechout
7,Victor Heylenlei 41,2021-07-27,15:00:00,68,32,36,FMN GV 22 Boechout
7,Victor Heylenlei 41,2021-07-27,16:00:00,69,27,42,FMN GV 22 Boechout
7,Victor Heylenlei 41,2021-07-27,17:00:00,92,25,67,FMN GV 22 Boechout
7,Victor Heylenlei 41,2021-07-27,18:00:00,75,33,42,FMN GV 22 Boechout
7,Victor Heylenlei 41,2021-07-27,19:00:00,34,15,19,FMN GV 22 Boechout
7,Victor Heylenlei 41,2021-07-27,20:00:00,30,19,11,FMN GV 22 Boechout
7,Victor Heylenlei 41,2021-07-27,21:00:00,15,10,5,FMN GV 22 Boechout
7,Victor Heylenlei 41,2021-07-27,22:00:00,16,7,9,FMN GV 22 Boechout
7,Victor Heylenlei 41,2021-07-27,23:00:00,10,6,4,FMN GV 22 Boechout
7,Victor Heylenlei 41,2021-07-28,00:00:00,4,2,2,FMN GV 22 Boechout
7,Victor Heylenlei 41,2021-07-28,01:00:00,32,16,16,FMN GV 22 Boechout
7,Victor Heylenlei 41,2021-07-28,02:00:00,0,0,0,FMN GV 22 Boechout
7,Victor Heylenlei 41,2021-07-28,03:00:00,1,1,0,FMN GV 22 Boechout
7,Victor Heylenlei 41,2021-07-28,04:00:00,6,4,2,FMN GV 22 Boechout
7,Victor Heylenlei 41,2021-07-28,05:00:00,10,6,4,FMN GV 22 Boechout
7,Victor Heylenlei 41,2021-07-28,06:00:00,17,12,5,FMN GV 22 Boechout
7,Victor Heylenlei 41,2021-07-28,07:00:00,45,29,16,FMN GV 22 Boechout
7,Victor Heylenlei 41,2021-07-28,08:00:00,51,30,21,FMN GV 22 Boechout
7,Victor Heylenlei 41,2021-07-28,09:00:00,37,19,18,FMN GV 22 Boechout
7,Victor Heylenlei 41,2021-07-28,10:00:00,37,20,17,FMN GV 22 Boechout
7,Victor Heylenlei 41,2021-07-28,11:00:00,49,26,23,FMN GV 22 Boechout
7,Victor Heylenlei 41,2021-07-28,12:00:00,43,20,23,FMN GV 22 Boechout
7,Victor Heylenlei 41,2021-07-28,13:00:00,33,13,20,FMN GV 22 Boechout
7,Victor Heylenlei 41,2021-07-28,14:00:00,64,32,32,FMN GV 22 Boechout
7,Victor Heylenlei 41,2021-07-28,15:00:00,49,21,28,FMN GV 22 Boechout
7,Victor Heylenlei 41,2021-07-28,16:00:00,68,32,36,FMN GV 22 Boechout
7,Victor Heylenlei 41,2021-07-28,17:00:00,92,38,54,FMN GV 22 Boechout
7,Victor Heylenlei 41,2021-07-28,18:00:00,84,33,51,FMN GV 22 Boechout
7,Victor Heylenlei 41,2021-07-28,19:00:00,106,61,45,FMN GV 22 Boechout
7,Victor Heylenlei 41,2021-07-28,20:00:00,47,31,16,FMN GV 22 Boechout
7,Victor Heylenlei 41,2021-07-28,21:00:00,22,17,5,FMN GV 22 Boechout
7,Victor Heylenlei 41,2021-07-28,22:00:00,12,3,9,FMN GV 22 Boechout
7,Victor Heylenlei 41,2021-07-28,23:00:00,15,10,5,FMN GV 22 Boechout
7,Victor Heylenlei 41,2021-07-29,00:00:00,3,1,2,FMN GV 22 Boechout
7,Victor Heylenlei 41,2021-07-29,01:00:00,3,0,3,FMN GV 22 Boechout
7,Victor Heylenlei 41,2021-07-29,02:00:00,0,0,0,FMN GV 22 Boechout
7,Victor Heylenlei 41,2021-07-29,03:00:00,2,1,1,FMN GV 22 Boechout
7,Victor Heylenlei 41,2021-07-29,04:00:00,6,5,1,FMN GV 22 Boechout
7,Victor Heylenlei 41,2021-07-29,05:00:00,8,4,4,FMN GV 22 Boechout
7,Victor Heylenlei 41,2021-07-29,06:00:00,13,10,3,FMN GV 22 Boechout
7,Victor Heylenlei 41,2021-07-29,07:00:00,58,41,17,FMN GV 22 Boechout
7,Victor Heylenlei 41,2021-07-29,08:00:00,62,41,21,FMN GV 22 Boechout
7,Victor Heylenlei 41,2021-07-29,09:00:00,60,30,30,FMN GV 22 Boechout
7,Victor Heylenlei 41,2021-07-29,10:00:00,48,20,28,FMN GV 22 Boechout
7,Victor Heylenlei 41,2021-07-29,11:00:00,60,35,25,FMN GV 22 Boechout
7,Victor Heylenlei 41,2021-07-29,12:00:00,63,42,21,FMN GV 22 Boechout
7,Victor Heylenlei 41,2021-07-29,13:00:00,106,57,49,FMN GV 22 Boechout
7,Victor Heylenlei 41,2021-07-29,14:00:00,107,67,40,FMN GV 22 Boechout
7,Victor Heylenlei 41,2021-07-29,15:00:00,102,51,51,FMN GV 22 Boechout
7,Victor Heylenlei 41,2021-07-29,16:00:00,119,41,78,FMN GV 22 Boechout
7,Victor Heylenlei 41,2021-07-29,17:00:00,132,42,90,FMN GV 22 Boechout
7,Victor Heylenlei 41,2021-07-29,18:00:00,99,47,52,FMN GV 22 Boechout
7,Victor Heylenlei 41,2021-07-29,19:00:00,89,44,45,FMN GV 22 Boechout
7,Victor Heylenlei 41,2021-07-29,20:00:00,79,60,19,FMN GV 22 Boechout
7,Victor Heylenlei 41,2021-07-29,21:00:00,40,31,9,FMN GV 22 Boechout
7,Victor Heylenlei 41,2021-07-29,22:00:00,28,13,15,FMN GV 22 Boechout
7,Victor Heylenlei 41,2021-07-29,23:00:00,15,9,6,FMN GV 22 Boechout
7,Victor Heylenlei 41,2021-07-30,00:00:00,5,3,2,FMN GV 22 Boechout
7,Victor Heylenlei 41,2021-07-30,01:00:00,2,0,2,FMN GV 22 Boechout
7,Victor Heylenlei 41,2021-07-30,02:00:00,3,1,2,FMN GV 22 Boechout
7,Victor Heylenlei 41,2021-07-30,03:00:00,0,0,0,FMN GV 22 Boechout
7,Victor Heylenlei 41,2021-07-30,04:00:00,4,3,1,FMN GV 22 Boechout
7,Victor Heylenlei 41,2021-07-30,05:00:00,16,10,6,FMN GV 22 Boechout
7,Victor Heylenlei 41,2021-07-30,06:00:00,20,14,6,FMN GV 22 Boechout
7,Victor Heylenlei 41,2021-07-30,07:00:00,38,25,13,FMN GV 22 Boechout
7,Victor Heylenlei 41,2021-07-30,08:00:00,53,28,25,FMN GV 22 Boechout
7,Victor Heylenlei 41,2021-07-30,09:00:00,41,24,17,FMN GV 22 Boechout
7,Victor Heylenlei 41,2021-07-30,10:00:00,64,42,22,FMN GV 22 Boechout
7,Victor Heylenlei 41,2021-07-30,11:00:00,76,45,31,FMN GV 22 Boechout
7,Victor Heylenlei 41,2021-07-30,12:00:00,62,33,29,FMN GV 22 Boechout
7,Victor Heylenlei 41,2021-07-30,13:00:00,65,31,34,FMN GV 22 Boechout
7,Victor Heylenlei 41,2021-07-30,14:00:00,78,42,36,FMN GV 22 Boechout
7,Victor Heylenlei 41,2021-07-30,15:00:00,60,29,31,FMN GV 22 Boechout
7,Victor Heylenlei 41,2021-07-30,16:00:00,83,25,58,FMN GV 22 Boechout
7,Victor Heylenlei 41,2021-07-30,17:00:00,81,39,42,FMN GV 22 Boechout
7,Victor Heylenlei 41,2021-07-30,18:00:00,60,42,18,FMN GV 22 Boechout
7,Victor Heylenlei 41,2021-07-30,19:00:00,37,11,26,FMN GV 22 Boechout
7,Victor Heylenlei 41,2021-07-30,20:00:00,27,10,17,FMN GV 22 Boechout
7,Victor Heylenlei 41,2021-07-30,21:00:00,25,9,16,FMN GV 22 Boechout
7,Victor Heylenlei 41,2021-07-30,22:00:00,17,4,13,FMN GV 22 Boechout
7,Victor Heylenlei 41,2021-07-30,23:00:00,11,7,4,FMN GV 22 Boechout
7,Victor Heylenlei 41,2021-07-31,00:00:00,14,3,11,FMN GV 22 Boechout
7,Victor Heylenlei 41,2021-07-31,01:00:00,2,1,1,FMN GV 22 Boechout
7,Victor Heylenlei 41,2021-07-31,02:00:00,2,0,2,FMN GV 22 Boechout
7,Victor Heylenlei 41,2021-07-31,03:00:00,0,0,0,FMN GV 22 Boechout
7,Victor Heylenlei 41,2021-07-31,04:00:00,3,0,3,FMN GV 22 Boechout
7,Victor Heylenlei 41,2021-07-31,05:00:00,5,4,1,FMN GV 22 Boechout
7,Victor Heylenlei 41,2021-07-31,06:00:00,2,2,0,FMN GV 22 Boechout
7,Victor Heylenlei 41,2021-07-31,07:00:00,6,2,4,FMN GV 22 Boechout
7,Victor Heylenlei 41,2021-07-31,08:00:00,11,7,4,FMN GV 22 Boechout
7,Victor Heylenlei 41,2021-07-31,09:00:00,44,18,26,FMN GV 22 Boechout
7,Victor Heylenlei 41,2021-07-31,10:00:00,59,19,40,FMN GV 22 Boechout
7,Victor Heylenlei 41,2021-07-31,11:00:00,89,44,45,FMN GV 22 Boechout
7,Victor Heylenlei 41,2021-07-31,12:00:00,70,48,22,FMN GV 22 Boechout
7,Victor Heylenlei 41,2021-07-31,13:00:00,62,41,21,FMN GV 22 Boechout
7,Victor Heylenlei 41,2021-07-31,14:00:00,101,76,25,FMN GV 22 Boechout
7,Victor Heylenlei 41,2021-07-31,15:00:00,108,72,36,FMN GV 22 Boechout
7,Victor Heylenlei 41,2021-07-31,16:00:00,86,49,37,FMN GV 22 Boechout
7,Victor Heylenlei 41,2021-07-31,17:00:00,87,37,50,FMN GV 22 Boechout
7,Victor Heylenlei 41,2021-07-31,18:00:00,54,28,26,FMN GV 22 Boechout
7,Victor Heylenlei 41,2021-07-31,19:00:00,21,14,7,FMN GV 22 Boechout
7,Victor Heylenlei 41,2021-07-31,20:00:00,20,8,12,FMN GV 22 Boechout
7,Victor Heylenlei 41,2021-07-31,21:00:00,9,5,4,FMN GV 22 Boechout
7,Victor Heylenlei 41,2021-07-31,22:00:00,18,7,11,FMN GV 22 Boechout
7,Victor Heylenlei 41,2021-07-31,23:00:00,9,7,2,FMN GV 22 Boechout
7,Victor Heylenlei 41,2021-08-01,00:00:00,6,2,4,FMN GV 22 Boechout
7,Victor Heylenlei 41,2021-08-01,01:00:00,8,3,5,FMN GV 22 Boechout
7,Victor Heylenlei 41,2021-08-01,02:00:00,4,4,0,FMN GV 22 Boechout
7,Victor Heylenlei 41,2021-08-01,03:00:00,5,1,4,FMN GV 22 Boechout
7,Victor Heylenlei 41,2021-08-01,04:00:00,2,2,0,FMN GV 22 Boechout
7,Victor Heylenlei 41,2021-08-01,05:00:00,0,0,0,FMN GV 22 Boechout
7,Victor Heylenlei 41,2021-08-01,06:00:00,7,2,5,FMN GV 22 Boechout
7,Victor Heylenlei 41,2021-08-01,07:00:00,12,2,10,FMN GV 22 Boechout
7,Victor Heylenlei 41,2021-08-01,08:00:00,21,9,12,FMN GV 22 Boechout
7,Victor Heylenlei 41,2021-08-01,09:00:00,63,16,47,FMN GV 22 Boechout
7,Victor Heylenlei 41,2021-08-01,10:00:00,61,23,38,FMN GV 22 Boechout
7,Victor Heylenlei 41,2021-08-01,11:00:00,78,45,33,FMN GV 22 Boechout
7,Victor Heylenlei 41,2021-08-01,12:00:00,59,48,11,FMN GV 22 Boechout
7,Victor Heylenlei 41,2021-08-01,13:00:00,37,26,11,FMN GV 22 Boechout
7,Victor Heylenlei 41,2021-08-01,14:00:00,52,18,34,FMN GV 22 Boechout
7,Victor Heylenlei 41,2021-08-01,15:00:00,28,16,12,FMN GV 22 Boechout
7,Victor Heylenlei 41,2021-08-01,16:00:00,29,21,8,FMN GV 22 Boechout
7,Victor Heylenlei 41,2021-08-01,17:00:00,36,19,17,FMN GV 22 Boechout
7,Victor Heylenlei 41,2021-08-01,18:00:00,9,5,4,FMN GV 22 Boechout
7,Victor Heylenlei 41,2021-08-01,19:00:00,17,12,5,FMN GV 22 Boechout
7,Victor Heylenlei 41,2021-08-01,20:00:00,31,13,18,FMN GV 22 Boechout
7,Victor Heylenlei 41,2021-08-01,21:00:00,17,13,4,FMN GV 22 Boechout
7,Victor Heylenlei 41,2021-08-01,22:00:00,5,2,3,FMN GV 22 Boechout
7,Victor Heylenlei 41,2021-08-01,23:00:00,3,3,0,FMN GV 22 Boechout
7,Victor Heylenlei 41,2021-08-02,00:00:00,1,0,1,FMN GV 22 Boechout
7,Victor Heylenlei 41,2021-08-02,01:00:00,0,0,0,FMN GV 22 Boechout
7,Victor Heylenlei 41,2021-08-02,02:00:00,0,0,0,FMN GV 22 Boechout
7,Victor Heylenlei 41,2021-08-02,03:00:00,0,0,0,FMN GV 22 Boechout
7,Victor Heylenlei 41,2021-08-02,04:00:00,5,5,0,FMN GV 22 Boechout
7,Victor Heylenlei 41,2021-08-02,05:00:00,7,5,2,FMN GV 22 Boechout
7,Victor Heylenlei 41,2021-08-02,06:00:00,18,12,6,FMN GV 22 Boechout
7,Victor Heylenlei 41,2021-08-02,07:00:00,43,30,13,FMN GV 22 Boechout
7,Victor Heylenlei 41,2021-08-02,08:00:00,54,37,17,FMN GV 22 Boechout
7,Victor Heylenlei 41,2021-08-02,09:00:00,30,19,11,FMN GV 22 Boechout
7,Victor Heylenlei 41,2021-08-02,10:00:00,36,28,8,FMN GV 22 Boechout
7,Victor Heylenlei 41,2021-08-02,11:00:00,40,22,18,FMN GV 22 Boechout
7,Victor Heylenlei 41,2021-08-02,12:00:00,35,18,17,FMN GV 22 Boechout
7,Victor Heylenlei 41,2021-08-02,13:00:00,57,22,35,FMN GV 22 Boechout
7,Victor Heylenlei 41,2021-08-02,14:00:00,74,36,38,FMN GV 22 Boechout
7,Victor Heylenlei 41,2021-08-02,15:00:00,86,39,47,FMN GV 22 Boechout
7,Victor Heylenlei 41,2021-08-02,16:00:00,105,36,69,FMN GV 22 Boechout
7,Victor Heylenlei 41,2021-08-02,17:00:00,90,37,53,FMN GV 22 Boechout
7,Victor Heylenlei 41,2021-08-02,18:00:00,88,30,58,FMN GV 22 Boechout
7,Victor Heylenlei 41,2021-08-02,19:00:00,81,40,41,FMN GV 22 Boechout
7,Victor Heylenlei 41,2021-08-02,20:00:00,69,34,35,FMN GV 22 Boechout
7,Victor Heylenlei 41,2021-08-02,21:00:00,40,29,11,FMN GV 22 Boechout
7,Victor Heylenlei 41,2021-08-02,22:00:00,30,13,17,FMN GV 22 Boechout
7,Victor Heylenlei 41,2021-08-02,23:00:00,10,1,9,FMN GV 22 Boechout
7,Victor Heylenlei 41,2021-08-03,00:00:00,2,1,1,FMN GV 22 Boechout
7,Victor Heylenlei 41,2021-08-03,01:00:00,2,1,1,FMN GV 22 Boechout
7,Victor Heylenlei 41,2021-08-03,02:00:00,1,1,0,FMN GV 22 Boechout
7,Victor Heylenlei 41,2021-08-03,03:00:00,1,1,0,FMN GV 22 Boechout
7,Victor Heylenlei 41,2021-08-03,04:00:00,1,1,0,FMN GV 22 Boechout
7,Victor Heylenlei 41,2021-08-03,05:00:00,18,16,2,FMN GV 22 Boechout
7,Victor Heylenlei 41,2021-08-03,06:00:00,20,10,10,FMN GV 22 Boechout
7,Victor Heylenlei 41,2021-08-03,07:00:00,48,36,12,FMN GV 22 Boechout
7,Victor Heylenlei 41,2021-08-03,08:00:00,57,42,15,FMN GV 22 Boechout
7,Victor Heylenlei 41,2021-08-03,09:00:00,35,22,13,FMN GV 22 Boechout
7,Victor Heylenlei 41,2021-08-03,10:00:00,50,24,26,FMN GV 22 Boechout
7,Victor Heylenlei 41,2021-08-03,11:00:00,51,26,25,FMN GV 22 Boechout
7,Victor Heylenlei 41,2021-08-03,12:00:00,65,37,28,FMN GV 22 Boechout
7,Victor Heylenlei 41,2021-08-03,13:00:00,117,59,58,FMN GV 22 Boechout
7,Victor Heylenlei 41,2021-08-03,14:00:00,125,58,67,FMN GV 22 Boechout
7,Victor Heylenlei 41,2021-08-03,15:00:00,147,74,73,FMN GV 22 Boechout
7,Victor Heylenlei 41,2021-08-03,16:00:00,152,77,75,FMN GV 22 Boechout
7,Victor Heylenlei 41,2021-08-03,17:00:00,131,50,81,FMN GV 22 Boechout
7,Victor Heylenlei 41,2021-08-03,18:00:00,96,45,51,FMN GV 22 Boechout
7,Victor Heylenlei 41,2021-08-03,19:00:00,80,35,45,FMN GV 22 Boechout
7,Victor Heylenlei 41,2021-08-03,20:00:00,59,42,17,FMN GV 22 Boechout
7,Victor Heylenlei 41,2021-08-03,21:00:00,33,25,8,FMN GV 22 Boechout
7,Victor Heylenlei 41,2021-08-03,22:00:00,16,4,12,FMN GV 22 Boechout
7,Victor Heylenlei 41,2021-08-03,23:00:00,13,6,7,FMN GV 22 Boechout
7,Victor Heylenlei 41,2021-08-04,00:00:00,2,1,1,FMN GV 22 Boechout
7,Victor Heylenlei 41,2021-08-04,01:00:00,8,8,0,FMN GV 22 Boechout
7,Victor Heylenlei 41,2021-08-04,02:00:00,4,3,1,FMN GV 22 Boechout
7,Victor Heylenlei 41,2021-08-04,03:00:00,5,3,2,FMN GV 22 Boechout
7,Victor Heylenlei 41,2021-08-04,04:00:00,4,3,1,FMN GV 22 Boechout
7,Victor Heylenlei 41,2021-08-04,05:00:00,10,8,2,FMN GV 22 Boechout
7,Victor Heylenlei 41,2021-08-04,06:00:00,28,20,8,FMN GV 22 Boechout
7,Victor Heylenlei 41,2021-08-04,07:00:00,53,34,19,FMN GV 22 Boechout
7,Victor Heylenlei 41,2021-08-04,08:00:00,53,36,17,FMN GV 22 Boechout
7,Victor Heylenlei 41,2021-08-04,09:00:00,46,24,22,FMN GV 22 Boechout
7,Victor Heylenlei 41,2021-08-04,10:00:00,56,28,28,FMN GV 22 Boechout
7,Victor Heylenlei 41,2021-08-04,11:00:00,66,29,37,FMN GV 22 Boechout
7,Victor Heylenlei 41,2021-08-04,12:00:00,54,21,33,FMN GV 22 Boechout
7,Victor Heylenlei 41,2021-08-04,13:00:00,84,40,44,FMN GV 22 Boechout
7,Victor Heylenlei 41,2021-08-04,14:00:00,88,37,51,FMN GV 22 Boechout
7,Victor Heylenlei 41,2021-08-04,15:00:00,98,49,49,FMN GV 22 Boechout
7,Victor Heylenlei 41,2021-08-04,16:00:00,65,23,42,FMN GV 22 Boechout
7,Victor Heylenlei 41,2021-08-04,17:00:00,91,31,60,FMN GV 22 Boechout
7,Victor Heylenlei 41,2021-08-04,18:00:00,94,40,54,FMN GV 22 Boechout
7,Victor Heylenlei 41,2021-08-04,19:00:00,69,23,46,FMN GV 22 Boechout
7,Victor Heylenlei 41,2021-08-04,20:00:00,57,23,34,FMN GV 22 Boechout
7,Victor Heylenlei 41,2021-08-04,21:00:00,42,24,18,FMN GV 22 Boechout
7,Victor Heylenlei 41,2021-08-04,22:00:00,17,7,10,FMN GV 22 Boechout
7,Victor Heylenlei 41,2021-08-04,23:00:00,10,5,5,FMN GV 22 Boechout
7,Victor Heylenlei 41,2021-08-05,00:00:00,39,21,18,FMN GV 22 Boechout
7,Victor Heylenlei 41,2021-08-05,01:00:00,319,160,159,FMN GV 22 Boechout
7,Victor Heylenlei 41,2021-08-05,02:00:00,2,1,1,FMN GV 22 Boechout
7,Victor Heylenlei 41,2021-08-05,03:00:00,1,1,0,FMN GV 22 Boechout
7,Victor Heylenlei 41,2021-08-05,04:00:00,4,3,1,FMN GV 22 Boechout
7,Victor Heylenlei 41,2021-08-05,05:00:00,14,10,4,FMN GV 22 Boechout
7,Victor Heylenlei 41,2021-08-05,06:00:00,28,19,9,FMN GV 22 Boechout
7,Victor Heylenlei 41,2021-08-05,07:00:00,53,32,21,FMN GV 22 Boechout
7,Victor Heylenlei 41,2021-08-05,08:00:00,68,52,16,FMN GV 22 Boechout
7,Victor Heylenlei 41,2021-08-05,09:00:00,41,25,16,FMN GV 22 Boechout
7,Victor Heylenlei 41,2021-08-05,10:00:00,93,45,48,FMN GV 22 Boechout
7,Victor Heylenlei 41,2021-08-05,11:00:00,54,29,25,FMN GV 22 Boechout
7,Victor Heylenlei 41,2021-08-05,12:00:00,66,39,27,FMN GV 22 Boechout
7,Victor Heylenlei 41,2021-08-05,13:00:00,101,53,48,FMN GV 22 Boechout
7,Victor Heylenlei 41,2021-08-05,14:00:00,121,54,67,FMN GV 22 Boechout
7,Victor Heylenlei 41,2021-08-05,15:00:00,102,49,53,FMN GV 22 Boechout
7,Victor Heylenlei 41,2021-08-05,16:00:00,120,54,66,FMN GV 22 Boechout
7,Victor Heylenlei 41,2021-08-05,17:00:00,146,59,87,FMN GV 22 Boechout
7,Victor Heylenlei 41,2021-08-05,18:00:00,109,39,70,FMN GV 22 Boechout
7,Victor Heylenlei 41,2021-08-05,19:00:00,112,49,63,FMN GV 22 Boechout
7,Victor Heylenlei 41,2021-08-05,20:00:00,116,87,29,FMN GV 22 Boechout
7,Victor Heylenlei 41,2021-08-05,21:00:00,47,37,10,FMN GV 22 Boechout
7,Victor Heylenlei 41,2021-08-05,22:00:00,17,12,5,FMN GV 22 Boechout
7,Victor Heylenlei 41,2021-08-05,23:00:00,14,6,8,FMN GV 22 Boechout
7,Victor Heylenlei 41,2021-08-06,00:00:00,7,6,1,FMN GV 22 Boechout
7,Victor Heylenlei 41,2021-08-06,01:00:00,0,0,0,FMN GV 22 Boechout
7,Victor Heylenlei 41,2021-08-06,02:00:00,1,1,0,FMN GV 22 Boechout
7,Victor Heylenlei 41,2021-08-06,03:00:00,4,4,0,FMN GV 22 Boechout
7,Victor Heylenlei 41,2021-08-06,04:00:00,5,4,1,FMN GV 22 Boechout
7,Victor Heylenlei 41,2021-08-06,05:00:00,6,5,1,FMN GV 22 Boechout
7,Victor Heylenlei 41,2021-08-06,06:00:00,21,11,10,FMN GV 22 Boechout
7,Victor Heylenlei 41,2021-08-06,07:00:00,48,27,21,FMN GV 22 Boechout
7,Victor Heylenlei 41,2021-08-06,08:00:00,47,30,17,FMN GV 22 Boechout
7,Victor Heylenlei 41,2021-08-06,09:00:00,34,20,14,FMN GV 22 Boechout
7,Victor Heylenlei 41,2021-08-06,10:00:00,40,14,26,FMN GV 22 Boechout
7,Victor Heylenlei 41,2021-08-06,11:00:00,28,20,8,FMN GV 22 Boechout
7,Victor Heylenlei 41,2021-08-06,12:00:00,26,17,9,FMN GV 22 Boechout
7,Victor Heylenlei 41,2021-08-06,13:00:00,49,14,35,FMN GV 22 Boechout
7,Victor Heylenlei 41,2021-08-06,14:00:00,33,17,16,FMN GV 22 Boechout
7,Victor Heylenlei 41,2021-08-06,15:00:00,39,15,24,FMN GV 22 Boechout
7,Victor Heylenlei 41,2021-08-06,16:00:00,63,31,32,FMN GV 22 Boechout
7,Victor Heylenlei 41,2021-08-06,17:00:00,86,42,44,FMN GV 22 Boechout
7,Victor Heylenlei 41,2021-08-06,18:00:00,72,33,39,FMN GV 22 Boechout
7,Victor Heylenlei 41,2021-08-06,19:00:00,56,34,22,FMN GV 22 Boechout
7,Victor Heylenlei 41,2021-08-06,20:00:00,45,18,27,FMN GV 22 Boechout
7,Victor Heylenlei 41,2021-08-06,21:00:00,23,16,7,FMN GV 22 Boechout
7,Victor Heylenlei 41,2021-08-06,22:00:00,21,9,12,FMN GV 22 Boechout
7,Victor Heylenlei 41,2021-08-06,23:00:00,12,4,8,FMN GV 22 Boechout
7,Victor Heylenlei 41,2021-08-07,00:00:00,17,6,11,FMN GV 22 Boechout
7,Victor Heylenlei 41,2021-08-07,01:00:00,3,2,1,FMN GV 22 Boechout
7,Victor Heylenlei 41,2021-08-07,02:00:00,0,0,0,FMN GV 22 Boechout
7,Victor Heylenlei 41,2021-08-07,03:00:00,2,0,2,FMN GV 22 Boechout
7,Victor Heylenlei 41,2021-08-07,04:00:00,8,6,2,FMN GV 22 Boechout
7,Victor Heylenlei 41,2021-08-07,05:00:00,2,0,2,FMN GV 22 Boechout
7,Victor Heylenlei 41,2021-08-07,06:00:00,3,2,1,FMN GV 22 Boechout
7,Victor Heylenlei 41,2021-08-07,07:00:00,4,1,3,FMN GV 22 Boechout
7,Victor Heylenlei 41,2021-08-07,08:00:00,17,10,7,FMN GV 22 Boechout
7,Victor Heylenlei 41,2021-08-07,09:00:00,41,13,28,FMN GV 22 Boechout
7,Victor Heylenlei 41,2021-08-07,10:00:00,87,37,50,FMN GV 22 Boechout
7,Victor Heylenlei 41,2021-08-07,11:00:00,78,45,33,FMN GV 22 Boechout
7,Victor Heylenlei 41,2021-08-07,12:00:00,108,74,34,FMN GV 22 Boechout
7,Victor Heylenlei 41,2021-08-07,13:00:00,96,46,50,FMN GV 22 Boechout
7,Victor Heylenlei 41,2021-08-07,14:00:00,87,47,40,FMN GV 22 Boechout
7,Victor Heylenlei 41,2021-08-07,15:00:00,71,45,26,FMN GV 22 Boechout
7,Victor Heylenlei 41,2021-08-07,16:00:00,46,35,11,FMN GV 22 Boechout
7,Victor Heylenlei 41,2021-08-07,17:00:00,24,9,15,FMN GV 22 Boechout
7,Victor Heylenlei 41,2021-08-07,18:00:00,18,11,7,FMN GV 22 Boechout
7,Victor Heylenlei 41,2021-08-07,19:00:00,19,10,9,FMN GV 22 Boechout
7,Victor Heylenlei 41,2021-08-07,20:00:00,13,7,6,FMN GV 22 Boechout
7,Victor Heylenlei 41,2021-08-07,21:00:00,17,9,8,FMN GV 22 Boechout
7,Victor Heylenlei 41,2021-08-07,22:00:00,4,3,1,FMN GV 22 Boechout
7,Victor Heylenlei 41,2021-08-07,23:00:00,7,3,4,FMN GV 22 Boechout
7,Victor Heylenlei 41,2021-08-08,00:00:00,6,2,4,FMN GV 22 Boechout
7,Victor Heylenlei 41,2021-08-08,01:00:00,4,3,1,FMN GV 22 Boechout
7,Victor Heylenlei 41,2021-08-08,02:00:00,7,5,2,FMN GV 22 Boechout
7,Victor Heylenlei 41,2021-08-08,03:00:00,1,1,0,FMN GV 22 Boechout
7,Victor Heylenlei 41,2021-08-08,04:00:00,1,0,1,FMN GV 22 Boechout
7,Victor Heylenlei 41,2021-08-08,05:00:00,1,1,0,FMN GV 22 Boechout
7,Victor Heylenlei 41,2021-08-08,06:00:00,4,2,2,FMN GV 22 Boechout
7,Victor Heylenlei 41,2021-08-08,07:00:00,7,1,6,FMN GV 22 Boechout
7,Victor Heylenlei 41,2021-08-08,08:00:00,16,12,4,FMN GV 22 Boechout
7,Victor Heylenlei 41,2021-08-08,09:00:00,89,22,67,FMN GV 22 Boechout
7,Victor Heylenlei 41,2021-08-08,10:00:00,90,46,44,FMN GV 22 Boechout
7,Victor Heylenlei 41,2021-08-08,11:00:00,77,52,25,FMN GV 22 Boechout
7,Victor Heylenlei 41,2021-08-08,12:00:00,89,57,32,FMN GV 22 Boechout
7,Victor Heylenlei 41,2021-08-08,13:00:00,47,33,14,FMN GV 22 Boechout
7,Victor Heylenlei 41,2021-08-08,14:00:00,35,24,11,FMN GV 22 Boechout
7,Victor Heylenlei 41,2021-08-08,15:00:00,55,21,34,FMN GV 22 Boechout
7,Victor Heylenlei 41,2021-08-08,16:00:00,63,28,35,FMN GV 22 Boechout
7,Victor Heylenlei 41,2021-08-08,17:00:00,48,26,22,FMN GV 22 Boechout
7,Victor Heylenlei 41,2021-08-08,18:00:00,32,20,12,FMN GV 22 Boechout
7,Victor Heylenlei 41,2021-08-08,19:00:00,21,14,7,FMN GV 22 Boechout
7,Victor Heylenlei 41,2021-08-08,20:00:00,14,11,3,FMN GV 22 Boechout
7,Victor Heylenlei 41,2021-08-08,21:00:00,9,1,8,FMN GV 22 Boechout
7,Victor Heylenlei 41,2021-08-08,22:00:00,5,5,0,FMN GV 22 Boechout
7,Victor Heylenlei 41,2021-08-08,23:00:00,3,2,1,FMN GV 22 Boechout
7,Victor Heylenlei 41,2021-08-09,00:00:00,7,4,3,FMN GV 22 Boechout
7,Victor Heylenlei 41,2021-08-09,01:00:00,0,0,0,FMN GV 22 Boechout
7,Victor Heylenlei 41,2021-08-09,02:00:00,1,0,1,FMN GV 22 Boechout
7,Victor Heylenlei 41,2021-08-09,03:00:00,2,1,1,FMN GV 22 Boechout
7,Victor Heylenlei 41,2021-08-09,04:00:00,1,1,0,FMN GV 22 Boechout
7,Victor Heylenlei 41,2021-08-09,05:00:00,12,7,5,FMN GV 22 Boechout
7,Victor Heylenlei 41,2021-08-09,06:00:00,24,19,5,FMN GV 22 Boechout
7,Victor Heylenlei 41,2021-08-09,07:00:00,51,36,15,FMN GV 22 Boechout
7,Victor Heylenlei 41,2021-08-09,08:00:00,54,34,20,FMN GV 22 Boechout
7,Victor Heylenlei 41,2021-08-09,09:00:00,31,19,12,FMN GV 22 Boechout
7,Victor Heylenlei 41,2021-08-09,10:00:00,13,8,5,FMN GV 22 Boechout
7,Victor Heylenlei 41,2021-08-09,11:00:00,22,9,13,FMN GV 22 Boechout
7,Victor Heylenlei 41,2021-08-09,12:00:00,19,12,7,FMN GV 22 Boechout
7,Victor Heylenlei 41,2021-08-09,13:00:00,40,27,13,FMN GV 22 Boechout
7,Victor Heylenlei 41,2021-08-09,14:00:00,42,14,28,FMN GV 22 Boechout
7,Victor Heylenlei 41,2021-08-09,15:00:00,30,13,17,FMN GV 22 Boechout
7,Victor Heylenlei 41,2021-08-09,16:00:00,86,35,51,FMN GV 22 Boechout
7,Victor Heylenlei 41,2021-08-09,17:00:00,93,35,58,FMN GV 22 Boechout
7,Victor Heylenlei 41,2021-08-09,18:00:00,98,29,69,FMN GV 22 Boechout
7,Victor Heylenlei 41,2021-08-09,19:00:00,52,25,27,FMN GV 22 Boechout
7,Victor Heylenlei 41,2021-08-09,20:00:00,36,16,20,FMN GV 22 Boechout
7,Victor Heylenlei 41,2021-08-09,21:00:00,23,14,9,FMN GV 22 Boechout
7,Victor Heylenlei 41,2021-08-09,22:00:00,8,3,5,FMN GV 22 Boechout
7,Victor Heylenlei 41,2021-08-09,23:00:00,10,2,8,FMN GV 22 Boechout
7,Victor Heylenlei 41,2021-08-10,00:00:00,2,2,0,FMN GV 22 Boechout
7,Victor Heylenlei 41,2021-08-10,01:00:00,1,0,1,FMN GV 22 Boechout
7,Victor Heylenlei 41,2021-08-10,02:00:00,0,0,0,FMN GV 22 Boechout
7,Victor Heylenlei 41,2021-08-10,03:00:00,2,2,0,FMN GV 22 Boechout
7,Victor Heylenlei 41,2021-08-10,04:00:00,4,3,1,FMN GV 22 Boechout
7,Victor Heylenlei 41,2021-08-10,05:00:00,10,6,4,FMN GV 22 Boechout
7,Victor Heylenlei 41,2021-08-10,06:00:00,17,13,4,FMN GV 22 Boechout
7,Victor Heylenlei 41,2021-08-10,07:00:00,56,41,15,FMN GV 22 Boechout
7,Victor Heylenlei 41,2021-08-10,08:00:00,69,43,26,FMN GV 22 Boechout
7,Victor Heylenlei 41,2021-08-10,09:00:00,38,26,12,FMN GV 22 Boechout
7,Victor Heylenlei 41,2021-08-10,10:00:00,37,18,19,FMN GV 22 Boechout
7,Victor Heylenlei 41,2021-08-10,11:00:00,38,22,16,FMN GV 22 Boechout
7,Victor Heylenlei 41,2021-08-10,12:00:00,26,13,13,FMN GV 22 Boechout
7,Victor Heylenlei 41,2021-08-10,13:00:00,21,14,7,FMN GV 22 Boechout
7,Victor Heylenlei 41,2021-08-10,14:00:00,39,24,15,FMN GV 22 Boechout
7,Victor Heylenlei 41,2021-08-10,15:00:00,29,12,17,FMN GV 22 Boechout
7,Victor Heylenlei 41,2021-08-10,16:00:00,74,19,55,FMN GV 22 Boechout
7,Victor Heylenlei 41,2021-08-10,17:00:00,83,33,50,FMN GV 22 Boechout
7,Victor Heylenlei 41,2021-08-10,18:00:00,107,45,62,FMN GV 22 Boechout
7,Victor Heylenlei 41,2021-08-10,19:00:00,71,38,33,FMN GV 22 Boechout
7,Victor Heylenlei 41,2021-08-10,20:00:00,207,115,92,FMN GV 22 Boechout
7,Victor Heylenlei 41,2021-08-10,21:00:00,45,26,19,FMN GV 22 Boechout
7,Victor Heylenlei 41,2021-08-10,22:00:00,12,1,11,FMN GV 22 Boechout
7,Victor Heylenlei 41,2021-08-10,23:00:00,13,4,9,FMN GV 22 Boechout
7,Victor Heylenlei 41,2021-08-11,00:00:00,12,8,4,FMN GV 22 Boechout
7,Victor Heylenlei 41,2021-08-11,01:00:00,6,1,5,FMN GV 22 Boechout
7,Victor Heylenlei 41,2021-08-11,02:00:00,0,0,0,FMN GV 22 Boechout
7,Victor Heylenlei 41,2021-08-11,03:00:00,1,0,1,FMN GV 22 Boechout
7,Victor Heylenlei 41,2021-08-11,04:00:00,2,2,0,FMN GV 22 Boechout
7,Victor Heylenlei 41,2021-08-11,05:00:00,5,3,2,FMN GV 22 Boechout
7,Victor Heylenlei 41,2021-08-11,06:00:00,29,17,12,FMN GV 22 Boechout
7,Victor Heylenlei 41,2021-08-11,07:00:00,62,44,18,FMN GV 22 Boechout
7,Victor Heylenlei 41,2021-08-11,08:00:00,77,52,25,FMN GV 22 Boechout
7,Victor Heylenlei 41,2021-08-11,09:00:00,57,31,26,FMN GV 22 Boechout
7,Victor Heylenlei 41,2021-08-11,10:00:00,100,63,37,FMN GV 22 Boechout
7,Victor Heylenlei 41,2021-08-11,11:00:00,119,73,46,FMN GV 22 Boechout
7,Victor Heylenlei 41,2021-08-11,12:00:00,104,63,41,FMN GV 22 Boechout
7,Victor Heylenlei 41,2021-08-11,13:00:00,150,76,74,FMN GV 22 Boechout
7,Victor Heylenlei 41,2021-08-11,14:00:00,188,84,104,FMN GV 22 Boechout
7,Victor Heylenlei 41,2021-08-11,15:00:00,155,84,71,FMN GV 22 Boechout
7,Victor Heylenlei 41,2021-08-11,16:00:00,167,79,88,FMN GV 22 Boechout
7,Victor Heylenlei 41,2021-08-11,17:00:00,181,66,115,FMN GV 22 Boechout
7,Victor Heylenlei 41,2021-08-11,18:00:00,133,58,75,FMN GV 22 Boechout
7,Victor Heylenlei 41,2021-08-11,19:00:00,140,72,68,FMN GV 22 Boechout
7,Victor Heylenlei 41,2021-08-11,20:00:00,122,72,50,FMN GV 22 Boechout
7,Victor Heylenlei 41,2021-08-11,21:00:00,64,51,13,FMN GV 22 Boechout
7,Victor Heylenlei 41,2021-08-11,22:00:00,27,15,12,FMN GV 22 Boechout
7,Victor Heylenlei 41,2021-08-11,23:00:00,11,5,6,FMN GV 22 Boechout
7,Victor Heylenlei 41,2021-08-12,00:00:00,7,4,3,FMN GV 22 Boechout
7,Victor Heylenlei 41,2021-08-12,01:00:00,6,3,3,FMN GV 22 Boechout
7,Victor Heylenlei 41,2021-08-12,02:00:00,2,0,2,FMN GV 22 Boechout
7,Victor Heylenlei 41,2021-08-12,03:00:00,1,1,0,FMN GV 22 Boechout
7,Victor Heylenlei 41,2021-08-12,04:00:00,2,2,0,FMN GV 22 Boechout
7,Victor Heylenlei 41,2021-08-12,05:00:00,8,3,5,FMN GV 22 Boechout
7,Victor Heylenlei 41,2021-08-12,06:00:00,21,16,5,FMN GV 22 Boechout
7,Victor Heylenlei 41,2021-08-12,07:00:00,50,28,22,FMN GV 22 Boechout
7,Victor Heylenlei 41,2021-08-12,08:00:00,94,61,33,FMN GV 22 Boechout
7,Victor Heylenlei 41,2021-08-12,09:00:00,59,28,31,FMN GV 22 Boechout
7,Victor Heylenlei 41,2021-08-12,10:00:00,69,33,36,FMN GV 22 Boechout
7,Victor Heylenlei 41,2021-08-12,11:00:00,107,56,51,FMN GV 22 Boechout
7,Victor Heylenlei 41,2021-08-12,12:00:00,140,92,48,FMN GV 22 Boechout
7,Victor Heylenlei 41,2021-08-12,13:00:00,105,60,45,FMN GV 22 Boechout
7,Victor Heylenlei 41,2021-08-12,14:00:00,161,83,78,FMN GV 22 Boechout
7,Victor Heylenlei 41,2021-08-12,15:00:00,126,63,63,FMN GV 22 Boechout
7,Victor Heylenlei 41,2021-08-12,16:00:00,144,66,78,FMN GV 22 Boechout
7,Victor Heylenlei 41,2021-08-12,17:00:00,153,60,93,FMN GV 22 Boechout
7,Victor Heylenlei 41,2021-08-12,18:00:00,113,50,63,FMN GV 22 Boechout
7,Victor Heylenlei 41,2021-08-12,19:00:00,77,39,38,FMN GV 22 Boechout
7,Victor Heylenlei 41,2021-08-12,20:00:00,80,51,29,FMN GV 22 Boechout
7,Victor Heylenlei 41,2021-08-12,21:00:00,56,39,17,FMN GV 22 Boechout
7,Victor Heylenlei 41,2021-08-12,22:00:00,23,10,13,FMN GV 22 Boechout
7,Victor Heylenlei 41,2021-08-12,23:00:00,11,5,6,FMN GV 22 Boechout
7,Victor Heylenlei 41,2021-08-13,00:00:00,10,4,6,FMN GV 22 Boechout
7,Victor Heylenlei 41,2021-08-13,01:00:00,5,1,4,FMN GV 22 Boechout
7,Victor Heylenlei 41,2021-08-13,02:00:00,4,1,3,FMN GV 22 Boechout
7,Victor Heylenlei 41,2021-08-13,03:00:00,1,1,0,FMN GV 22 Boechout
7,Victor Heylenlei 41,2021-08-13,04:00:00,3,2,1,FMN GV 22 Boechout
7,Victor Heylenlei 41,2021-08-13,05:00:00,5,1,4,FMN GV 22 Boechout
7,Victor Heylenlei 41,2021-08-13,06:00:00,26,21,5,FMN GV 22 Boechout
7,Victor Heylenlei 41,2021-08-13,07:00:00,52,29,23,FMN GV 22 Boechout
7,Victor Heylenlei 41,2021-08-13,08:00:00,57,37,20,FMN GV 22 Boechout
7,Victor Heylenlei 41,2021-08-13,09:00:00,28,20,8,FMN GV 22 Boechout
7,Victor Heylenlei 41,2021-08-13,10:00:00,68,28,40,FMN GV 22 Boechout
7,Victor Heylenlei 41,2021-08-13,11:00:00,60,32,28,FMN GV 22 Boechout
7,Victor Heylenlei 41,2021-08-13,12:00:00,97,51,46,FMN GV 22 Boechout
7,Victor Heylenlei 41,2021-08-13,13:00:00,105,71,34,FMN GV 22 Boechout
7,Victor Heylenlei 41,2021-08-13,14:00:00,108,53,55,FMN GV 22 Boechout
7,Victor Heylenlei 41,2021-08-13,15:00:00,165,76,89,FMN GV 22 Boechout
7,Victor Heylenlei 41,2021-08-13,16:00:00,128,59,69,FMN GV 22 Boechout
7,Victor Heylenlei 41,2021-08-13,17:00:00,89,41,48,FMN GV 22 Boechout
7,Victor Heylenlei 41,2021-08-13,18:00:00,91,53,38,FMN GV 22 Boechout
7,Victor Heylenlei 41,2021-08-13,19:00:00,63,37,26,FMN GV 22 Boechout
7,Victor Heylenlei 41,2021-08-13,20:00:00,47,29,18,FMN GV 22 Boechout
7,Victor Heylenlei 41,2021-08-13,21:00:00,21,10,11,FMN GV 22 Boechout
7,Victor Heylenlei 41,2021-08-13,22:00:00,24,6,18,FMN GV 22 Boechout
7,Victor Heylenlei 41,2021-08-13,23:00:00,8,5,3,FMN GV 22 Boechout
7,Victor Heylenlei 41,2021-08-14,00:00:00,9,4,5,FMN GV 22 Boechout
7,Victor Heylenlei 41,2021-08-14,01:00:00,11,3,8,FMN GV 22 Boechout
7,Victor Heylenlei 41,2021-08-14,02:00:00,9,3,6,FMN GV 22 Boechout
7,Victor Heylenlei 41,2021-08-14,03:00:00,2,0,2,FMN GV 22 Boechout
7,Victor Heylenlei 41,2021-08-14,04:00:00,4,2,2,FMN GV 22 Boechout
7,Victor Heylenlei 41,2021-08-14,05:00:00,2,2,0,FMN GV 22 Boechout
7,Victor Heylenlei 41,2021-08-14,06:00:00,6,4,2,FMN GV 22 Boechout
7,Victor Heylenlei 41,2021-08-14,07:00:00,14,9,5,FMN GV 22 Boechout
7,Victor Heylenlei 41,2021-08-14,08:00:00,42,19,23,FMN GV 22 Boechout
7,Victor Heylenlei 41,2021-08-14,09:00:00,46,19,27,FMN GV 22 Boechout
7,Victor Heylenlei 41,2021-08-14,10:00:00,68,33,35,FMN GV 22 Boechout
7,Victor Heylenlei 41,2021-08-14,11:00:00,95,52,43,FMN GV 22 Boechout
7,Victor Heylenlei 41,2021-08-14,12:00:00,111,75,36,FMN GV 22 Boechout
7,Victor Heylenlei 41,2021-08-14,13:00:00,133,61,72,FMN GV 22 Boechout
7,Victor Heylenlei 41,2021-08-14,14:00:00,193,89,104,FMN GV 22 Boechout
7,Victor Heylenlei 41,2021-08-14,15:00:00,147,77,70,FMN GV 22 Boechout
7,Victor Heylenlei 41,2021-08-14,16:00:00,161,74,87,FMN GV 22 Boechout
7,Victor Heylenlei 41,2021-08-14,17:00:00,103,59,44,FMN GV 22 Boechout
7,Victor Heylenlei 41,2021-08-14,18:00:00,80,51,29,FMN GV 22 Boechout
7,Victor Heylenlei 41,2021-08-14,19:00:00,137,76,61,FMN GV 22 Boechout
7,Victor Heylenlei 41,2021-08-14,20:00:00,35,18,17,FMN GV 22 Boechout
7,Victor Heylenlei 41,2021-08-14,21:00:00,29,11,18,FMN GV 22 Boechout
7,Victor Heylenlei 41,2021-08-14,22:00:00,16,7,9,FMN GV 22 Boechout
7,Victor Heylenlei 41,2021-08-14,23:00:00,20,11,9,FMN GV 22 Boechout
7,Victor Heylenlei 41,2021-08-15,00:00:00,14,7,7,FMN GV 22 Boechout
7,Victor Heylenlei 41,2021-08-15,01:00:00,13,7,6,FMN GV 22 Boechout
7,Victor Heylenlei 41,2021-08-15,02:00:00,3,0,3,FMN GV 22 Boechout
7,Victor Heylenlei 41,2021-08-15,03:00:00,5,3,2,FMN GV 22 Boechout
7,Victor Heylenlei 41,2021-08-15,04:00:00,5,3,2,FMN GV 22 Boechout
7,Victor Heylenlei 41,2021-08-15,05:00:00,1,1,0,FMN GV 22 Boechout
7,Victor Heylenlei 41,2021-08-15,06:00:00,4,2,2,FMN GV 22 Boechout
7,Victor Heylenlei 41,2021-08-15,07:00:00,7,2,5,FMN GV 22 Boechout
7,Victor Heylenlei 41,2021-08-15,08:00:00,19,9,10,FMN GV 22 Boechout
7,Victor Heylenlei 41,2021-08-15,09:00:00,102,31,71,FMN GV 22 Boechout
7,Victor Heylenlei 41,2021-08-15,10:00:00,141,72,69,FMN GV 22 Boechout
7,Victor Heylenlei 41,2021-08-15,11:00:00,125,68,57,FMN GV 22 Boechout
7,Victor Heylenlei 41,2021-08-15,12:00:00,106,58,48,FMN GV 22 Boechout
7,Victor Heylenlei 41,2021-08-15,13:00:00,160,82,78,FMN GV 22 Boechout
7,Victor Heylenlei 41,2021-08-15,14:00:00,224,117,107,FMN GV 22 Boechout
7,Victor Heylenlei 41,2021-08-15,15:00:00,220,111,109,FMN GV 22 Boechout
7,Victor Heylenlei 41,2021-08-15,16:00:00,170,90,80,FMN GV 22 Boechout
7,Victor Heylenlei 41,2021-08-15,17:00:00,106,54,52,FMN GV 22 Boechout
7,Victor Heylenlei 41,2021-08-15,18:00:00,70,37,33,FMN GV 22 Boechout
7,Victor Heylenlei 41,2021-08-15,19:00:00,54,33,21,FMN GV 22 Boechout
7,Victor Heylenlei 41,2021-08-15,20:00:00,74,50,24,FMN GV 22 Boechout
7,Victor Heylenlei 41,2021-08-15,21:00:00,49,26,23,FMN GV 22 Boechout
7,Victor Heylenlei 41,2021-08-15,22:00:00,18,7,11,FMN GV 22 Boechout
7,Victor Heylenlei 41,2021-08-15,23:00:00,7,6,1,FMN GV 22 Boechout
7,Victor Heylenlei 41,2021-08-16,00:00:00,5,3,2,FMN GV 22 Boechout
7,Victor Heylenlei 41,2021-08-16,01:00:00,4,1,3,FMN GV 22 Boechout
7,Victor Heylenlei 41,2021-08-16,02:00:00,12,1,11,FMN GV 22 Boechout
7,Victor Heylenlei 41,2021-08-16,03:00:00,1,1,0,FMN GV 22 Boechout
7,Victor Heylenlei 41,2021-08-16,04:00:00,3,2,1,FMN GV 22 Boechout
7,Victor Heylenlei 41,2021-08-16,05:00:00,7,4,3,FMN GV 22 Boechout
7,Victor Heylenlei 41,2021-08-16,06:00:00,21,17,4,FMN GV 22 Boechout
7,Victor Heylenlei 41,2021-08-16,07:00:00,51,31,20,FMN GV 22 Boechout
7,Victor Heylenlei 41,2021-08-16,08:00:00,48,30,18,FMN GV 22 Boechout
7,Victor Heylenlei 41,2021-08-16,09:00:00,16,12,4,FMN GV 22 Boechout
7,Victor Heylenlei 41,2021-08-16,10:00:00,15,12,3,FMN GV 22 Boechout
7,Victor Heylenlei 41,2021-08-16,11:00:00,16,2,14,FMN GV 22 Boechout
7,Victor Heylenlei 41,2021-08-16,12:00:00,22,13,9,FMN GV 22 Boechout
7,Victor Heylenlei 41,2021-08-16,13:00:00,41,28,13,FMN GV 22 Boechout
7,Victor Heylenlei 41,2021-08-16,14:00:00,35,21,14,FMN GV 22 Boechout
7,Victor Heylenlei 41,2021-08-16,15:00:00,23,10,13,FMN GV 22 Boechout
7,Victor Heylenlei 41,2021-08-16,16:00:00,53,19,34,FMN GV 22 Boechout
7,Victor Heylenlei 41,2021-08-16,17:00:00,41,14,27,FMN GV 22 Boechout
7,Victor Heylenlei 41,2021-08-16,18:00:00,33,9,24,FMN GV 22 Boechout
7,Victor Heylenlei 41,2021-08-16,19:00:00,86,41,45,FMN GV 22 Boechout
7,Victor Heylenlei 41,2021-08-16,20:00:00,54,28,26,FMN GV 22 Boechout
7,Victor Heylenlei 41,2021-08-16,21:00:00,19,12,7,FMN GV 22 Boechout
7,Victor Heylenlei 41,2021-08-16,22:00:00,11,8,3,FMN GV 22 Boechout
7,Victor Heylenlei 41,2021-08-16,23:00:00,5,1,4,FMN GV 22 Boechout
7,Victor Heylenlei 41,2021-08-17,00:00:00,3,2,1,FMN GV 22 Boechout
7,Victor Heylenlei 41,2021-08-17,01:00:00,0,0,0,FMN GV 22 Boechout
7,Victor Heylenlei 41,2021-08-17,02:00:00,1,1,0,FMN GV 22 Boechout
7,Victor Heylenlei 41,2021-08-17,03:00:00,0,0,0,FMN GV 22 Boechout
7,Victor Heylenlei 41,2021-08-17,04:00:00,7,5,2,FMN GV 22 Boechout
7,Victor Heylenlei 41,2021-08-17,05:00:00,7,5,2,FMN GV 22 Boechout
7,Victor Heylenlei 41,2021-08-17,06:00:00,20,17,3,FMN GV 22 Boechout
7,Victor Heylenlei 41,2021-08-17,07:00:00,59,43,16,FMN GV 22 Boechout
7,Victor Heylenlei 41,2021-08-17,08:00:00,74,48,26,FMN GV 22 Boechout
7,Victor Heylenlei 41,2021-08-17,09:00:00,49,32,17,FMN GV 22 Boechout
7,Victor Heylenlei 41,2021-08-17,10:00:00,41,33,8,FMN GV 22 Boechout
7,Victor Heylenlei 41,2021-08-17,11:00:00,43,20,23,FMN GV 22 Boechout
7,Victor Heylenlei 41,2021-08-17,12:00:00,26,17,9,FMN GV 22 Boechout
7,Victor Heylenlei 41,2021-08-17,13:00:00,15,5,10,FMN GV 22 Boechout
7,Victor Heylenlei 41,2021-08-17,14:00:00,22,10,12,FMN GV 22 Boechout
7,Victor Heylenlei 41,2021-08-17,15:00:00,25,7,18,FMN GV 22 Boechout
7,Victor Heylenlei 41,2021-08-17,16:00:00,41,15,26,FMN GV 22 Boechout
7,Victor Heylenlei 41,2021-08-17,17:00:00,67,21,46,FMN GV 22 Boechout
7,Victor Heylenlei 41,2021-08-17,18:00:00,43,14,29,FMN GV 22 Boechout
7,Victor Heylenlei 41,2021-08-17,19:00:00,29,15,14,FMN GV 22 Boechout
7,Victor Heylenlei 41,2021-08-17,20:00:00,14,7,7,FMN GV 22 Boechout
7,Victor Heylenlei 41,2021-08-17,21:00:00,5,1,4,FMN GV 22 Boechout
7,Victor Heylenlei 41,2021-08-17,22:00:00,12,4,8,FMN GV 22 Boechout
7,Victor Heylenlei 41,2021-08-17,23:00:00,0,0,0,FMN GV 22 Boechout
7,Victor Heylenlei 41,2021-08-18,00:00:00,2,2,0,FMN GV 22 Boechout
7,Victor Heylenlei 41,2021-08-18,01:00:00,1,1,0,FMN GV 22 Boechout
7,Victor Heylenlei 41,2021-08-18,02:00:00,0,0,0,FMN GV 22 Boechout
7,Victor Heylenlei 41,2021-08-18,03:00:00,0,0,0,FMN GV 22 Boechout
7,Victor Heylenlei 41,2021-08-18,04:00:00,2,2,0,FMN GV 22 Boechout
7,Victor Heylenlei 41,2021-08-18,05:00:00,4,3,1,FMN GV 22 Boechout
7,Victor Heylenlei 41,2021-08-18,06:00:00,22,18,4,FMN GV 22 Boechout
7,Victor Heylenlei 41,2021-08-18,07:00:00,48,27,21,FMN GV 22 Boechout
7,Victor Heylenlei 41,2021-08-18,08:00:00,47,30,17,FMN GV 22 Boechout
7,Victor Heylenlei 41,2021-08-18,09:00:00,33,18,15,FMN GV 22 Boechout
7,Victor Heylenlei 41,2021-08-18,10:00:00,45,26,19,FMN GV 22 Boechout
7,Victor Heylenlei 41,2021-08-18,11:00:00,23,15,8,FMN GV 22 Boechout
7,Victor Heylenlei 41,2021-08-18,12:00:00,33,16,17,FMN GV 22 Boechout
7,Victor Heylenlei 41,2021-08-18,13:00:00,34,14,20,FMN GV 22 Boechout
7,Victor Heylenlei 41,2021-08-18,14:00:00,77,51,26,FMN GV 22 Boechout
7,Victor Heylenlei 41,2021-08-18,15:00:00,58,27,31,FMN GV 22 Boechout
7,Victor Heylenlei 41,2021-08-18,16:00:00,77,45,32,FMN GV 22 Boechout
7,Victor Heylenlei 41,2021-08-18,17:00:00,94,46,48,FMN GV 22 Boechout
7,Victor Heylenlei 41,2021-08-18,18:00:00,82,35,47,FMN GV 22 Boechout
7,Victor Heylenlei 41,2021-08-18,19:00:00,53,25,28,FMN GV 22 Boechout
7,Victor Heylenlei 41,2021-08-18,20:00:00,68,42,26,FMN GV 22 Boechout
7,Victor Heylenlei 41,2021-08-18,21:00:00,16,8,8,FMN GV 22 Boechout
7,Victor Heylenlei 41,2021-08-18,22:00:00,25,6,19,FMN GV 22 Boechout
7,Victor Heylenlei 41,2021-08-18,23:00:00,11,5,6,FMN GV 22 Boechout
7,Victor Heylenlei 41,2021-08-19,00:00:00,8,6,2,FMN GV 22 Boechout
7,Victor Heylenlei 41,2021-08-19,01:00:00,7,3,4,FMN GV 22 Boechout
7,Victor Heylenlei 41,2021-08-19,02:00:00,5,3,2,FMN GV 22 Boechout
7,Victor Heylenlei 41,2021-08-19,03:00:00,0,0,0,FMN GV 22 Boechout
7,Victor Heylenlei 41,2021-08-19,04:00:00,5,4,1,FMN GV 22 Boechout
7,Victor Heylenlei 41,2021-08-19,05:00:00,8,6,2,FMN GV 22 Boechout
7,Victor Heylenlei 41,2021-08-19,06:00:00,29,24,5,FMN GV 22 Boechout
7,Victor Heylenlei 41,2021-08-19,07:00:00,58,36,22,FMN GV 22 Boechout
7,Victor Heylenlei 41,2021-08-19,08:00:00,70,44,26,FMN GV 22 Boechout
7,Victor Heylenlei 41,2021-08-19,09:00:00,47,30,17,FMN GV 22 Boechout
7,Victor Heylenlei 41,2021-08-19,10:00:00,39,17,22,FMN GV 22 Boechout
7,Victor Heylenlei 41,2021-08-19,11:00:00,56,25,31,FMN GV 22 Boechout
7,Victor Heylenlei 41,2021-08-19,12:00:00,48,29,19,FMN GV 22 Boechout
7,Victor Heylenlei 41,2021-08-19,13:00:00,97,59,38,FMN GV 22 Boechout
7,Victor Heylenlei 41,2021-08-19,14:00:00,78,38,40,FMN GV 22 Boechout
7,Victor Heylenlei 41,2021-08-19,15:00:00,88,53,35,FMN GV 22 Boechout
7,Victor Heylenlei 41,2021-08-19,16:00:00,112,40,72,FMN GV 22 Boechout
7,Victor Heylenlei 41,2021-08-19,17:00:00,105,35,70,FMN GV 22 Boechout
7,Victor Heylenlei 41,2021-08-19,18:00:00,87,41,46,FMN GV 22 Boechout
7,Victor Heylenlei 41,2021-08-19,19:00:00,66,40,26,FMN GV 22 Boechout
7,Victor Heylenlei 41,2021-08-19,20:00:00,91,58,33,FMN GV 22 Boechout
7,Victor Heylenlei 41,2021-08-19,21:00:00,37,17,20,FMN GV 22 Boechout
7,Victor Heylenlei 41,2021-08-19,22:00:00,18,4,14,FMN GV 22 Boechout
7,Victor Heylenlei 41,2021-08-19,23:00:00,16,4,12,FMN GV 22 Boechout
7,Victor Heylenlei 41,2021-08-20,00:00:00,10,5,5,FMN GV 22 Boechout
7,Victor Heylenlei 41,2021-08-20,01:00:00,9,5,4,FMN GV 22 Boechout
7,Victor Heylenlei 41,2021-08-20,02:00:00,5,3,2,FMN GV 22 Boechout
7,Victor Heylenlei 41,2021-08-20,03:00:00,2,2,0,FMN GV 22 Boechout
7,Victor Heylenlei 41,2021-08-20,04:00:00,1,1,0,FMN GV 22 Boechout
7,Victor Heylenlei 41,2021-08-20,05:00:00,6,3,3,FMN GV 22 Boechout
7,Victor Heylenlei 41,2021-08-20,06:00:00,17,11,6,FMN GV 22 Boechout
7,Victor Heylenlei 41,2021-08-20,07:00:00,41,26,15,FMN GV 22 Boechout
7,Victor Heylenlei 41,2021-08-20,08:00:00,68,36,32,FMN GV 22 Boechout
7,Victor Heylenlei 41,2021-08-20,09:00:00,27,16,11,FMN GV 22 Boechout
7,Victor Heylenlei 41,2021-08-20,10:00:00,42,21,21,FMN GV 22 Boechout
7,Victor Heylenlei 41,2021-08-20,11:00:00,47,24,23,FMN GV 22 Boechout
7,Victor Heylenlei 41,2021-08-20,12:00:00,43,31,12,FMN GV 22 Boechout
7,Victor Heylenlei 41,2021-08-20,13:00:00,48,29,19,FMN GV 22 Boechout
7,Victor Heylenlei 41,2021-08-20,14:00:00,83,40,43,FMN GV 22 Boechout
7,Victor Heylenlei 41,2021-08-20,15:00:00,84,46,38,FMN GV 22 Boechout
7,Victor Heylenlei 41,2021-08-20,16:00:00,164,62,102,FMN GV 22 Boechout
7,Victor Heylenlei 41,2021-08-20,17:00:00,96,40,56,FMN GV 22 Boechout
7,Victor Heylenlei 41,2021-08-20,18:00:00,88,45,43,FMN GV 22 Boechout
7,Victor Heylenlei 41,2021-08-20,19:00:00,54,18,36,FMN GV 22 Boechout
7,Victor Heylenlei 41,2021-08-20,20:00:00,48,30,18,FMN GV 22 Boechout
7,Victor Heylenlei 41,2021-08-20,21:00:00,22,12,10,FMN GV 22 Boechout
7,Victor Heylenlei 41,2021-08-20,22:00:00,22,8,14,FMN GV 22 Boechout
7,Victor Heylenlei 41,2021-08-20,23:00:00,11,10,1,FMN GV 22 Boechout
7,Victor Heylenlei 41,2021-08-21,00:00:00,19,10,9,FMN GV 22 Boechout
7,Victor Heylenlei 41,2021-08-21,01:00:00,8,1,7,FMN GV 22 Boechout
7,Victor Heylenlei 41,2021-08-21,02:00:00,4,1,3,FMN GV 22 Boechout
7,Victor Heylenlei 41,2021-08-21,03:00:00,4,1,3,FMN GV 22 Boechout
7,Victor Heylenlei 41,2021-08-21,04:00:00,6,4,2,FMN GV 22 Boechout
7,Victor Heylenlei 41,2021-08-21,05:00:00,7,5,2,FMN GV 22 Boechout
7,Victor Heylenlei 41,2021-08-21,06:00:00,8,6,2,FMN GV 22 Boechout
7,Victor Heylenlei 41,2021-08-21,07:00:00,10,7,3,FMN GV 22 Boechout
7,Victor Heylenlei 41,2021-08-21,08:00:00,35,16,19,FMN GV 22 Boechout
7,Victor Heylenlei 41,2021-08-21,09:00:00,87,33,54,FMN GV 22 Boechout
7,Victor Heylenlei 41,2021-08-21,10:00:00,115,54,61,FMN GV 22 Boechout
7,Victor Heylenlei 41,2021-08-21,11:00:00,109,49,60,FMN GV 22 Boechout
7,Victor Heylenlei 41,2021-08-21,12:00:00,198,134,64,FMN GV 22 Boechout
7,Victor Heylenlei 41,2021-08-21,13:00:00,181,90,91,FMN GV 22 Boechout
7,Victor Heylenlei 41,2021-08-21,14:00:00,225,92,133,FMN GV 22 Boechout
7,Victor Heylenlei 41,2021-08-21,15:00:00,154,96,58,FMN GV 22 Boechout
7,Victor Heylenlei 41,2021-08-21,16:00:00,135,71,64,FMN GV 22 Boechout
7,Victor Heylenlei 41,2021-08-21,17:00:00,100,66,34,FMN GV 22 Boechout
7,Victor Heylenlei 41,2021-08-21,18:00:00,74,38,36,FMN GV 22 Boechout
7,Victor Heylenlei 41,2021-08-21,19:00:00,38,23,15,FMN GV 22 Boechout
7,Victor Heylenlei 41,2021-08-21,20:00:00,24,9,15,FMN GV 22 Boechout
7,Victor Heylenlei 41,2021-08-21,21:00:00,14,7,7,FMN GV 22 Boechout
7,Victor Heylenlei 41,2021-08-21,22:00:00,11,2,9,FMN GV 22 Boechout
7,Victor Heylenlei 41,2021-08-21,23:00:00,14,11,3,FMN GV 22 Boechout
7,Victor Heylenlei 41,2021-08-22,00:00:00,3,2,1,FMN GV 22 Boechout
7,Victor Heylenlei 41,2021-08-22,01:00:00,4,3,1,FMN GV 22 Boechout
7,Victor Heylenlei 41,2021-08-22,02:00:00,10,4,6,FMN GV 22 Boechout
7,Victor Heylenlei 41,2021-08-22,03:00:00,4,3,1,FMN GV 22 Boechout
7,Victor Heylenlei 41,2021-08-22,04:00:00,0,0,0,FMN GV 22 Boechout
7,Victor Heylenlei 41,2021-08-22,05:00:00,4,3,1,FMN GV 22 Boechout
7,Victor Heylenlei 41,2021-08-22,06:00:00,6,2,4,FMN GV 22 Boechout
7,Victor Heylenlei 41,2021-08-22,07:00:00,7,2,5,FMN GV 22 Boechout
7,Victor Heylenlei 41,2021-08-22,08:00:00,23,18,5,FMN GV 22 Boechout
7,Victor Heylenlei 41,2021-08-22,09:00:00,47,24,23,FMN GV 22 Boechout
7,Victor Heylenlei 41,2021-08-22,10:00:00,69,21,48,FMN GV 22 Boechout
7,Victor Heylenlei 41,2021-08-22,11:00:00,65,29,36,FMN GV 22 Boechout
7,Victor Heylenlei 41,2021-08-22,12:00:00,31,13,18,FMN GV 22 Boechout
7,Victor Heylenlei 41,2021-08-22,13:00:00,76,39,37,FMN GV 22 Boechout
7,Victor Heylenlei 41,2021-08-22,14:00:00,21,11,10,FMN GV 22 Boechout
7,Victor Heylenlei 41,2021-08-22,15:00:00,22,14,8,FMN GV 22 Boechout
7,Victor Heylenlei 41,2021-08-22,16:00:00,20,11,9,FMN GV 22 Boechout
7,Victor Heylenlei 41,2021-08-22,17:00:00,32,13,19,FMN GV 22 Boechout
7,Victor Heylenlei 41,2021-08-22,18:00:00,26,16,10,FMN GV 22 Boechout
7,Victor Heylenlei 41,2021-08-22,19:00:00,58,32,26,FMN GV 22 Boechout
7,Victor Heylenlei 41,2021-08-22,20:00:00,20,15,5,FMN GV 22 Boechout
7,Victor Heylenlei 41,2021-08-22,21:00:00,4,2,2,FMN GV 22 Boechout
7,Victor Heylenlei 41,2021-08-22,22:00:00,4,1,3,FMN GV 22 Boechout
7,Victor Heylenlei 41,2021-08-22,23:00:00,1,1,0,FMN GV 22 Boechout
7,Victor Heylenlei 41,2021-08-23,00:00:00,6,5,1,FMN GV 22 Boechout
7,Victor Heylenlei 41,2021-08-23,01:00:00,3,1,2,FMN GV 22 Boechout
7,Victor Heylenlei 41,2021-08-23,02:00:00,1,1,0,FMN GV 22 Boechout
7,Victor Heylenlei 41,2021-08-23,03:00:00,0,0,0,FMN GV 22 Boechout
7,Victor Heylenlei 41,2021-08-23,04:00:00,3,3,0,FMN GV 22 Boechout
7,Victor Heylenlei 41,2021-08-23,05:00:00,7,3,4,FMN GV 22 Boechout
7,Victor Heylenlei 41,2021-08-23,06:00:00,19,15,4,FMN GV 22 Boechout
7,Victor Heylenlei 41,2021-08-23,07:00:00,58,43,15,FMN GV 22 Boechout
7,Victor Heylenlei 41,2021-08-23,08:00:00,64,43,21,FMN GV 22 Boechout
7,Victor Heylenlei 41,2021-08-23,09:00:00,28,19,9,FMN GV 22 Boechout
7,Victor Heylenlei 41,2021-08-23,10:00:00,31,17,14,FMN GV 22 Boechout
7,Victor Heylenlei 41,2021-08-23,11:00:00,29,12,17,FMN GV 22 Boechout
7,Victor Heylenlei 41,2021-08-23,12:00:00,44,24,20,FMN GV 22 Boechout
7,Victor Heylenlei 41,2021-08-23,13:00:00,47,31,16,FMN GV 22 Boechout
7,Victor Heylenlei 41,2021-08-23,14:00:00,75,41,34,FMN GV 22 Boechout
7,Victor Heylenlei 41,2021-08-23,15:00:00,78,30,48,FMN GV 22 Boechout
7,Victor Heylenlei 41,2021-08-23,16:00:00,69,32,37,FMN GV 22 Boechout
7,Victor Heylenlei 41,2021-08-23,17:00:00,110,33,77,FMN GV 22 Boechout
7,Victor Heylenlei 41,2021-08-23,18:00:00,88,34,54,FMN GV 22 Boechout
7,Victor Heylenlei 41,2021-08-23,19:00:00,59,30,29,FMN GV 22 Boechout
7,Victor Heylenlei 41,2021-08-23,20:00:00,139,57,82,FMN GV 22 Boechout
7,Victor Heylenlei 41,2021-08-23,21:00:00,27,15,12,FMN GV 22 Boechout
7,Victor Heylenlei 41,2021-08-23,22:00:00,12,9,3,FMN GV 22 Boechout
7,Victor Heylenlei 41,2021-08-23,23:00:00,5,1,4,FMN GV 22 Boechout
7,Victor Heylenlei 41,2021-08-24,00:00:00,6,2,4,FMN GV 22 Boechout
7,Victor Heylenlei 41,2021-08-24,01:00:00,1,0,1,FMN GV 22 Boechout
7,Victor Heylenlei 41,2021-08-24,02:00:00,2,0,2,FMN GV 22 Boechout
7,Victor Heylenlei 41,2021-08-24,03:00:00,1,1,0,FMN GV 22 Boechout
7,Victor Heylenlei 41,2021-08-24,04:00:00,4,4,0,FMN GV 22 Boechout
7,Victor Heylenlei 41,2021-08-24,05:00:00,11,6,5,FMN GV 22 Boechout
7,Victor Heylenlei 41,2021-08-24,06:00:00,31,27,4,FMN GV 22 Boechout
7,Victor Heylenlei 41,2021-08-24,07:00:00,89,63,26,FMN GV 22 Boechout
7,Victor Heylenlei 41,2021-08-24,08:00:00,115,84,31,FMN GV 22 Boechout
7,Victor Heylenlei 41,2021-08-24,09:00:00,65,42,23,FMN GV 22 Boechout
7,Victor Heylenlei 41,2021-08-24,10:00:00,69,26,43,FMN GV 22 Boechout
7,Victor Heylenlei 41,2021-08-24,11:00:00,65,37,28,FMN GV 22 Boechout
7,Victor Heylenlei 41,2021-08-24,12:00:00,65,37,28,FMN GV 22 Boechout
7,Victor Heylenlei 41,2021-08-24,13:00:00,109,52,57,FMN GV 22 Boechout
7,Victor Heylenlei 41,2021-08-24,14:00:00,132,43,89,FMN GV 22 Boechout
7,Victor Heylenlei 41,2021-08-24,15:00:00,135,54,81,FMN GV 22 Boechout
7,Victor Heylenlei 41,2021-08-24,16:00:00,176,67,109,FMN GV 22 Boechout
7,Victor Heylenlei 41,2021-08-24,17:00:00,179,69,110,FMN GV 22 Boechout
7,Victor Heylenlei 41,2021-08-24,18:00:00,132,61,71,FMN GV 22 Boechout
7,Victor Heylenlei 41,2021-08-24,19:00:00,127,77,50,FMN GV 22 Boechout
7,Victor Heylenlei 41,2021-08-24,20:00:00,120,79,41,FMN GV 22 Boechout
7,Victor Heylenlei 41,2021-08-24,21:00:00,49,27,22,FMN GV 22 Boechout
7,Victor Heylenlei 41,2021-08-24,22:00:00,18,5,13,FMN GV 22 Boechout
7,Victor Heylenlei 41,2021-08-24,23:00:00,15,2,13,FMN GV 22 Boechout
7,Victor Heylenlei 41,2021-08-25,00:00:00,6,1,5,FMN GV 22 Boechout
7,Victor Heylenlei 41,2021-08-25,01:00:00,3,1,2,FMN GV 22 Boechout
7,Victor Heylenlei 41,2021-08-25,02:00:00,4,2,2,FMN GV 22 Boechout
7,Victor Heylenlei 41,2021-08-25,03:00:00,3,3,0,FMN GV 22 Boechout
7,Victor Heylenlei 41,2021-08-25,04:00:00,6,6,0,FMN GV 22 Boechout
7,Victor Heylenlei 41,2021-08-25,05:00:00,13,9,4,FMN GV 22 Boechout
7,Victor Heylenlei 41,2021-08-25,06:00:00,33,24,9,FMN GV 22 Boechout
7,Victor Heylenlei 41,2021-08-25,07:00:00,70,48,22,FMN GV 22 Boechout
7,Victor Heylenlei 41,2021-08-25,08:00:00,105,69,36,FMN GV 22 Boechout
7,Victor Heylenlei 41,2021-08-25,09:00:00,60,38,22,FMN GV 22 Boechout
7,Victor Heylenlei 41,2021-08-25,10:00:00,86,49,37,FMN GV 22 Boechout
7,Victor Heylenlei 41,2021-08-25,11:00:00,101,52,49,FMN GV 22 Boechout
7,Victor Heylenlei 41,2021-08-25,12:00:00,110,70,40,FMN GV 22 Boechout
7,Victor Heylenlei 41,2021-08-25,13:00:00,117,57,60,FMN GV 22 Boechout
7,Victor Heylenlei 41,2021-08-25,14:00:00,168,57,111,FMN GV 22 Boechout
7,Victor Heylenlei 41,2021-08-25,15:00:00,161,69,92,FMN GV 22 Boechout
7,Victor Heylenlei 41,2021-08-25,16:00:00,187,86,101,FMN GV 22 Boechout
7,Victor Heylenlei 41,2021-08-25,17:00:00,183,67,116,FMN GV 22 Boechout
7,Victor Heylenlei 41,2021-08-25,18:00:00,156,71,85,FMN GV 22 Boechout
7,Victor Heylenlei 41,2021-08-25,19:00:00,131,62,69,FMN GV 22 Boechout
7,Victor Heylenlei 41,2021-08-25,20:00:00,117,67,50,FMN GV 22 Boechout
7,Victor Heylenlei 41,2021-08-25,21:00:00,62,44,18,FMN GV 22 Boechout
7,Victor Heylenlei 41,2021-08-25,22:00:00,41,14,27,FMN GV 22 Boechout
7,Victor Heylenlei 41,2021-08-25,23:00:00,10,4,6,FMN GV 22 Boechout
7,Victor Heylenlei 41,2021-08-26,00:00:00,8,2,6,FMN GV 22 Boechout
7,Victor Heylenlei 41,2021-08-26,01:00:00,3,0,3,FMN GV 22 Boechout
7,Victor Heylenlei 41,2021-08-26,02:00:00,2,1,1,FMN GV 22 Boechout
7,Victor Heylenlei 41,2021-08-26,03:00:00,3,3,0,FMN GV 22 Boechout
7,Victor Heylenlei 41,2021-08-26,04:00:00,5,5,0,FMN GV 22 Boechout
7,Victor Heylenlei 41,2021-08-26,05:00:00,7,4,3,FMN GV 22 Boechout
7,Victor Heylenlei 41,2021-08-26,06:00:00,24,22,2,FMN GV 22 Boechout
7,Victor Heylenlei 41,2021-08-26,07:00:00,67,43,24,FMN GV 22 Boechout
7,Victor Heylenlei 41,2021-08-26,08:00:00,109,74,35,FMN GV 22 Boechout
7,Victor Heylenlei 41,2021-08-26,09:00:00,51,27,24,FMN GV 22 Boechout
7,Victor Heylenlei 41,2021-08-26,10:00:00,56,29,27,FMN GV 22 Boechout
7,Victor Heylenlei 41,2021-08-26,11:00:00,46,24,22,FMN GV 22 Boechout
7,Victor Heylenlei 41,2021-08-26,12:00:00,53,32,21,FMN GV 22 Boechout
7,Victor Heylenlei 41,2021-08-26,13:00:00,60,32,28,FMN GV 22 Boechout
7,Victor Heylenlei 41,2021-08-26,14:00:00,69,21,48,FMN GV 22 Boechout
7,Victor Heylenlei 41,2021-08-26,15:00:00,80,30,50,FMN GV 22 Boechout
7,Victor Heylenlei 41,2021-08-26,16:00:00,102,49,53,FMN GV 22 Boechout
7,Victor Heylenlei 41,2021-08-26,17:00:00,126,38,88,FMN GV 22 Boechout
7,Victor Heylenlei 41,2021-08-26,18:00:00,82,37,45,FMN GV 22 Boechout
7,Victor Heylenlei 41,2021-08-26,19:00:00,102,42,60,FMN GV 22 Boechout
7,Victor Heylenlei 41,2021-08-26,20:00:00,80,44,36,FMN GV 22 Boechout
7,Victor Heylenlei 41,2021-08-26,21:00:00,44,22,22,FMN GV 22 Boechout
7,Victor Heylenlei 41,2021-08-26,22:00:00,24,13,11,FMN GV 22 Boechout
7,Victor Heylenlei 41,2021-08-26,23:00:00,28,15,13,FMN GV 22 Boechout
7,Victor Heylenlei 41,2021-08-27,00:00:00,35,24,11,FMN GV 22 Boechout
7,Victor Heylenlei 41,2021-08-27,01:00:00,15,8,7,FMN GV 22 Boechout
7,Victor Heylenlei 41,2021-08-27,02:00:00,0,0,0,FMN GV 22 Boechout
7,Victor Heylenlei 41,2021-08-27,03:00:00,7,6,1,FMN GV 22 Boechout
7,Victor Heylenlei 41,2021-08-27,04:00:00,2,2,0,FMN GV 22 Boechout
7,Victor Heylenlei 41,2021-08-27,05:00:00,5,3,2,FMN GV 22 Boechout
7,Victor Heylenlei 41,2021-08-27,06:00:00,22,15,7,FMN GV 22 Boechout
7,Victor Heylenlei 41,2021-08-27,07:00:00,60,35,25,FMN GV 22 Boechout
7,Victor Heylenlei 41,2021-08-27,08:00:00,92,63,29,FMN GV 22 Boechout
7,Victor Heylenlei 41,2021-08-27,09:00:00,42,29,13,FMN GV 22 Boechout
7,Victor Heylenlei 41,2021-08-27,10:00:00,57,28,29,FMN GV 22 Boechout
7,Victor Heylenlei 41,2021-08-27,11:00:00,64,33,31,FMN GV 22 Boechout
7,Victor Heylenlei 41,2021-08-27,12:00:00,105,73,32,FMN GV 22 Boechout
7,Victor Heylenlei 41,2021-08-27,13:00:00,76,36,40,FMN GV 22 Boechout
7,Victor Heylenlei 41,2021-08-27,14:00:00,77,38,39,FMN GV 22 Boechout
7,Victor Heylenlei 41,2021-08-27,15:00:00,104,42,62,FMN GV 22 Boechout
7,Victor Heylenlei 41,2021-08-27,16:00:00,172,64,108,FMN GV 22 Boechout
7,Victor Heylenlei 41,2021-08-27,17:00:00,106,34,72,FMN GV 22 Boechout
7,Victor Heylenlei 41,2021-08-27,18:00:00,113,45,68,FMN GV 22 Boechout
7,Victor Heylenlei 41,2021-08-27,19:00:00,102,21,81,FMN GV 22 Boechout
7,Victor Heylenlei 41,2021-08-27,20:00:00,88,18,70,FMN GV 22 Boechout
7,Victor Heylenlei 41,2021-08-27,21:00:00,41,17,24,FMN GV 22 Boechout
7,Victor Heylenlei 41,2021-08-27,22:00:00,58,32,26,FMN GV 22 Boechout
7,Victor Heylenlei 41,2021-08-27,23:00:00,27,18,9,FMN GV 22 Boechout
7,Victor Heylenlei 41,2021-08-28,00:00:00,77,71,6,FMN GV 22 Boechout
7,Victor Heylenlei 41,2021-08-28,01:00:00,63,58,5,FMN GV 22 Boechout
7,Victor Heylenlei 41,2021-08-28,02:00:00,13,11,2,FMN GV 22 Boechout
7,Victor Heylenlei 41,2021-08-28,03:00:00,3,2,1,FMN GV 22 Boechout
7,Victor Heylenlei 41,2021-08-28,04:00:00,4,4,0,FMN GV 22 Boechout
7,Victor Heylenlei 41,2021-08-28,05:00:00,4,3,1,FMN GV 22 Boechout
7,Victor Heylenlei 41,2021-08-28,06:00:00,2,1,1,FMN GV 22 Boechout
7,Victor Heylenlei 41,2021-08-28,07:00:00,13,8,5,FMN GV 22 Boechout
7,Victor Heylenlei 41,2021-08-28,08:00:00,27,14,13,FMN GV 22 Boechout
7,Victor Heylenlei 41,2021-08-28,09:00:00,54,11,43,FMN GV 22 Boechout
7,Victor Heylenlei 41,2021-08-28,10:00:00,77,32,45,FMN GV 22 Boechout
7,Victor Heylenlei 41,2021-08-28,11:00:00,81,45,36,FMN GV 22 Boechout
7,Victor Heylenlei 41,2021-08-28,12:00:00,112,84,28,FMN GV 22 Boechout
7,Victor Heylenlei 41,2021-08-28,13:00:00,111,38,73,FMN GV 22 Boechout
7,Victor Heylenlei 41,2021-08-28,14:00:00,116,46,70,FMN GV 22 Boechout
7,Victor Heylenlei 41,2021-08-28,15:00:00,233,104,129,FMN GV 22 Boechout
7,Victor Heylenlei 41,2021-08-28,16:00:00,133,50,83,FMN GV 22 Boechout
7,Victor Heylenlei 41,2021-08-28,17:00:00,137,67,70,FMN GV 22 Boechout
7,Victor Heylenlei 41,2021-08-28,18:00:00,97,45,52,FMN GV 22 Boechout
7,Victor Heylenlei 41,2021-08-28,19:00:00,97,55,42,FMN GV 22 Boechout
7,Victor Heylenlei 41,2021-08-28,20:00:00,84,38,46,FMN GV 22 Boechout
7,Victor Heylenlei 41,2021-08-28,21:00:00,77,32,45,FMN GV 22 Boechout
7,Victor Heylenlei 41,2021-08-28,22:00:00,39,23,16,FMN GV 22 Boechout
7,Victor Heylenlei 41,2021-08-28,23:00:00,37,35,2,FMN GV 22 Boechout
7,Victor Heylenlei 41,2021-08-29,00:00:00,61,57,4,FMN GV 22 Boechout
7,Victor Heylenlei 41,2021-08-29,01:00:00,99,95,4,FMN GV 22 Boechout
7,Victor Heylenlei 41,2021-08-29,02:00:00,15,11,4,FMN GV 22 Boechout
7,Victor Heylenlei 41,2021-08-29,03:00:00,5,4,1,FMN GV 22 Boechout
7,Victor Heylenlei 41,2021-08-29,04:00:00,3,1,2,FMN GV 22 Boechout
7,Victor Heylenlei 41,2021-08-29,05:00:00,3,3,0,FMN GV 22 Boechout
7,Victor Heylenlei 41,2021-08-29,06:00:00,7,4,3,FMN GV 22 Boechout
7,Victor Heylenlei 41,2021-08-29,07:00:00,8,3,5,FMN GV 22 Boechout
7,Victor Heylenlei 41,2021-08-29,08:00:00,23,6,17,FMN GV 22 Boechout
7,Victor Heylenlei 41,2021-08-29,09:00:00,108,41,67,FMN GV 22 Boechout
7,Victor Heylenlei 41,2021-08-29,10:00:00,97,36,61,FMN GV 22 Boechout
7,Victor Heylenlei 41,2021-08-29,11:00:00,157,72,85,FMN GV 22 Boechout
7,Victor Heylenlei 41,2021-08-29,12:00:00,104,58,46,FMN GV 22 Boechout
7,Victor Heylenlei 41,2021-08-29,13:00:00,110,54,56,FMN GV 22 Boechout
7,Victor Heylenlei 41,2021-08-29,14:00:00,114,54,60,FMN GV 22 Boechout
7,Victor Heylenlei 41,2021-08-29,15:00:00,101,47,54,FMN GV 22 Boechout
7,Victor Heylenlei 41,2021-08-29,16:00:00,91,53,38,FMN GV 22 Boechout
7,Victor Heylenlei 41,2021-08-29,17:00:00,71,40,31,FMN GV 22 Boechout
7,Victor Heylenlei 41,2021-08-29,18:00:00,63,34,29,FMN GV 22 Boechout
7,Victor Heylenlei 41,2021-08-29,19:00:00,43,28,15,FMN GV 22 Boechout
7,Victor Heylenlei 41,2021-08-29,20:00:00,34,17,17,FMN GV 22 Boechout
7,Victor Heylenlei 41,2021-08-29,21:00:00,29,16,13,FMN GV 22 Boechout
7,Victor Heylenlei 41,2021-08-29,22:00:00,38,29,9,FMN GV 22 Boechout
7,Victor Heylenlei 41,2021-08-29,23:00:00,9,9,0,FMN GV 22 Boechout
7,Victor Heylenlei 41,2021-08-30,00:00:00,20,19,1,FMN GV 22 Boechout
7,Victor Heylenlei 41,2021-08-30,01:00:00,12,10,2,FMN GV 22 Boechout
7,Victor Heylenlei 41,2021-08-30,02:00:00,3,2,1,FMN GV 22 Boechout
7,Victor Heylenlei 41,2021-08-30,03:00:00,2,2,0,FMN GV 22 Boechout
7,Victor Heylenlei 41,2021-08-30,04:00:00,5,4,1,FMN GV 22 Boechout
7,Victor Heylenlei 41,2021-08-30,05:00:00,5,2,3,FMN GV 22 Boechout
7,Victor Heylenlei 41,2021-08-30,06:00:00,27,21,6,FMN GV 22 Boechout
7,Victor Heylenlei 41,2021-08-30,07:00:00,77,62,15,FMN GV 22 Boechout
7,Victor Heylenlei 41,2021-08-30,08:00:00,102,75,27,FMN GV 22 Boechout
7,Victor Heylenlei 41,2021-08-30,09:00:00,47,36,11,FMN GV 22 Boechout
7,Victor Heylenlei 41,2021-08-30,10:00:00,39,24,15,FMN GV 22 Boechout
7,Victor Heylenlei 41,2021-08-30,11:00:00,41,24,17,FMN GV 22 Boechout
7,Victor Heylenlei 41,2021-08-30,12:00:00,51,25,26,FMN GV 22 Boechout
7,Victor Heylenlei 41,2021-08-30,13:00:00,43,19,24,FMN GV 22 Boechout
7,Victor Heylenlei 41,2021-08-30,14:00:00,84,41,43,FMN GV 22 Boechout
7,Victor Heylenlei 41,2021-08-30,15:00:00,88,39,49,FMN GV 22 Boechout
7,Victor Heylenlei 41,2021-08-30,16:00:00,108,35,73,FMN GV 22 Boechout
7,Victor Heylenlei 41,2021-08-30,17:00:00,122,43,79,FMN GV 22 Boechout
7,Victor Heylenlei 41,2021-08-30,18:00:00,115,45,70,FMN GV 22 Boechout
7,Victor Heylenlei 41,2021-08-30,19:00:00,73,32,41,FMN GV 22 Boechout
7,Victor Heylenlei 41,2021-08-30,20:00:00,54,29,25,FMN GV 22 Boechout
7,Victor Heylenlei 41,2021-08-30,21:00:00,41,23,18,FMN GV 22 Boechout
7,Victor Heylenlei 41,2021-08-30,22:00:00,17,9,8,FMN GV 22 Boechout
7,Victor Heylenlei 41,2021-08-30,23:00:00,6,2,4,FMN GV 22 Boechout
7,Victor Heylenlei 41,2021-08-31,00:00:00,5,5,0,FMN GV 22 Boechout
7,Victor Heylenlei 41,2021-08-31,01:00:00,4,2,2,FMN GV 22 Boechout
7,Victor Heylenlei 41,2021-08-31,02:00:00,1,1,0,FMN GV 22 Boechout
7,Victor Heylenlei 41,2021-08-31,03:00:00,1,0,1,FMN GV 22 Boechout
7,Victor Heylenlei 41,2021-08-31,04:00:00,5,4,1,FMN GV 22 Boechout
7,Victor Heylenlei 41,2021-08-31,05:00:00,10,9,1,FMN GV 22 Boechout
7,Victor Heylenlei 41,2021-08-31,06:00:00,45,33,12,FMN GV 22 Boechout
7,Victor Heylenlei 41,2021-08-31,07:00:00,90,72,18,FMN GV 22 Boechout
7,Victor Heylenlei 41,2021-08-31,08:00:00,111,79,32,FMN GV 22 Boechout
7,Victor Heylenlei 41,2021-08-31,09:00:00,57,36,21,FMN GV 22 Boechout
7,Victor Heylenlei 41,2021-08-31,10:00:00,31,16,15,FMN GV 22 Boechout
7,Victor Heylenlei 41,2021-08-31,11:00:00,43,21,22,FMN GV 22 Boechout
7,Victor Heylenlei 41,2021-08-31,12:00:00,60,27,33,FMN GV 22 Boechout
7,Victor Heylenlei 41,2021-08-31,13:00:00,87,43,44,FMN GV 22 Boechout
7,Victor Heylenlei 41,2021-08-31,14:00:00,118,54,64,FMN GV 22 Boechout
7,Victor Heylenlei 41,2021-08-31,15:00:00,130,53,77,FMN GV 22 Boechout
7,Victor Heylenlei 41,2021-08-31,16:00:00,188,75,113,FMN GV 22 Boechout
7,Victor Heylenlei 41,2021-08-31,17:00:00,147,52,95,FMN GV 22 Boechout
7,Victor Heylenlei 41,2021-08-31,18:00:00,189,65,124,FMN GV 22 Boechout
7,Victor Heylenlei 41,2021-08-31,19:00:00,113,47,66,FMN GV 22 Boechout
7,Victor Heylenlei 41,2021-08-31,20:00:00,110,73,37,FMN GV 22 Boechout
7,Victor Heylenlei 41,2021-08-31,21:00:00,29,21,8,FMN GV 22 Boechout
7,Victor Heylenlei 41,2021-08-31,22:00:00,16,4,12,FMN GV 22 Boechout
7,Victor Heylenlei 41,2021-08-31,23:00:00,11,4,7,FMN GV 22 Boechout
7,Victor Heylenlei 41,2021-09-01,00:00:00,7,5,2,FMN GV 22 Boechout
7,Victor Heylenlei 41,2021-09-01,01:00:00,1,0,1,FMN GV 22 Boechout
7,Victor Heylenlei 41,2021-09-01,02:00:00,0,0,0,FMN GV 22 Boechout
7,Victor Heylenlei 41,2021-09-01,03:00:00,0,0,0,FMN GV 22 Boechout
7,Victor Heylenlei 41,2021-09-01,04:00:00,4,3,1,FMN GV 22 Boechout
7,Victor Heylenlei 41,2021-09-01,05:00:00,10,9,1,FMN GV 22 Boechout
7,Victor Heylenlei 41,2021-09-01,06:00:00,35,22,13,FMN GV 22 Boechout
7,Victor Heylenlei 41,2021-09-01,07:00:00,125,94,31,FMN GV 22 Boechout
7,Victor Heylenlei 41,2021-09-01,08:00:00,294,109,185,FMN GV 22 Boechout
7,Victor Heylenlei 41,2021-09-01,09:00:00,64,46,18,FMN GV 22 Boechout
7,Victor Heylenlei 41,2021-09-01,10:00:00,46,25,21,FMN GV 22 Boechout
7,Victor Heylenlei 41,2021-09-01,11:00:00,45,25,20,FMN GV 22 Boechout
7,Victor Heylenlei 41,2021-09-01,12:00:00,53,40,13,FMN GV 22 Boechout
7,Victor Heylenlei 41,2021-09-01,13:00:00,0,0,0,FMN GV 22 Boechout
7,Victor Heylenlei 41,2021-09-01,14:00:00,0,0,0,FMN GV 22 Boechout
7,Victor Heylenlei 41,2021-09-01,15:00:00,0,0,0,FMN GV 22 Boechout
7,Victor Heylenlei 41,2021-09-01,16:00:00,0,0,0,FMN GV 22 Boechout
7,Victor Heylenlei 41,2021-09-01,17:00:00,0,0,0,FMN GV 22 Boechout
7,Victor Heylenlei 41,2021-09-01,18:00:00,55,20,35,FMN GV 22 Boechout
7,Victor Heylenlei 41,2021-09-01,19:00:00,106,51,55,FMN GV 22 Boechout
7,Victor Heylenlei 41,2021-09-01,20:00:00,60,38,22,FMN GV 22 Boechout
7,Victor Heylenlei 41,2021-09-01,21:00:00,27,22,5,FMN GV 22 Boechout
7,Victor Heylenlei 41,2021-09-01,22:00:00,17,4,13,FMN GV 22 Boechout
7,Victor Heylenlei 41,2021-09-01,23:00:00,10,5,5,FMN GV 22 Boechout
7,Victor Heylenlei 41,2021-09-02,00:00:00,5,2,3,FMN GV 22 Boechout
7,Victor Heylenlei 41,2021-09-02,01:00:00,0,0,0,FMN GV 22 Boechout
7,Victor Heylenlei 41,2021-09-02,02:00:00,5,5,0,FMN GV 22 Boechout
7,Victor Heylenlei 41,2021-09-02,03:00:00,1,1,0,FMN GV 22 Boechout
7,Victor Heylenlei 41,2021-09-02,04:00:00,4,4,0,FMN GV 22 Boechout
7,Victor Heylenlei 41,2021-09-02,05:00:00,9,5,4,FMN GV 22 Boechout
7,Victor Heylenlei 41,2021-09-02,06:00:00,41,35,6,FMN GV 22 Boechout
7,Victor Heylenlei 41,2021-09-02,07:00:00,147,112,35,FMN GV 22 Boechout
7,Victor Heylenlei 41,2021-09-02,08:00:00,305,161,144,FMN GV 22 Boechout
7,Victor Heylenlei 41,2021-09-02,09:00:00,68,35,33,FMN GV 22 Boechout
7,Victor Heylenlei 41,2021-09-02,10:00:00,17,8,9,FMN GV 22 Boechout
7,Victor Heylenlei 41,2021-09-02,11:00:00,0,0,0,FMN GV 22 Boechout
7,Victor Heylenlei 41,2021-09-02,12:00:00,0,0,0,FMN GV 22 Boechout
7,Victor Heylenlei 41,2021-09-02,13:00:00,0,0,0,FMN GV 22 Boechout
7,Victor Heylenlei 41,2021-09-02,14:00:00,0,0,0,FMN GV 22 Boechout
7,Victor Heylenlei 41,2021-09-02,15:00:00,0,0,0,FMN GV 22 Boechout
7,Victor Heylenlei 41,2021-09-02,16:00:00,0,0,0,FMN GV 22 Boechout
7,Victor Heylenlei 41,2021-09-02,17:00:00,0,0,0,FMN GV 22 Boechout
7,Victor Heylenlei 41,2021-09-02,18:00:00,0,0,0,FMN GV 22 Boechout
7,Victor Heylenlei 41,2021-09-02,19:00:00,0,0,0,FMN GV 22 Boechout
7,Victor Heylenlei 41,2021-09-02,20:00:00,77,43,34,FMN GV 22 Boechout
7,Victor Heylenlei 41,2021-09-02,21:00:00,43,22,21,FMN GV 22 Boechout
7,Victor Heylenlei 41,2021-09-02,22:00:00,21,11,10,FMN GV 22 Boechout
7,Victor Heylenlei 41,2021-09-02,23:00:00,18,4,14,FMN GV 22 Boechout
7,Victor Heylenlei 41,2021-09-03,00:00:00,7,5,2,FMN GV 22 Boechout
7,Victor Heylenlei 41,2021-09-03,01:00:00,3,0,3,FMN GV 22 Boechout
7,Victor Heylenlei 41,2021-09-03,02:00:00,1,1,0,FMN GV 22 Boechout
7,Victor Heylenlei 41,2021-09-03,03:00:00,2,2,0,FMN GV 22 Boechout
7,Victor Heylenlei 41,2021-09-03,04:00:00,9,7,2,FMN GV 22 Boechout
7,Victor Heylenlei 41,2021-09-03,05:00:00,10,7,3,FMN GV 22 Boechout
7,Victor Heylenlei 41,2021-09-03,06:00:00,31,23,8,FMN GV 22 Boechout
7,Victor Heylenlei 41,2021-09-03,07:00:00,133,98,35,FMN GV 22 Boechout
7,Victor Heylenlei 41,2021-09-03,08:00:00,246,96,150,FMN GV 22 Boechout
7,Victor Heylenlei 41,2021-09-03,09:00:00,59,36,23,FMN GV 22 Boechout
7,Victor Heylenlei 41,2021-09-03,10:00:00,85,41,44,FMN GV 22 Boechout
7,Victor Heylenlei 41,2021-09-03,11:00:00,71,35,36,FMN GV 22 Boechout
7,Victor Heylenlei 41,2021-09-03,12:00:00,104,59,45,FMN GV 22 Boechout
7,Victor Heylenlei 41,2021-09-03,13:00:00,104,51,53,FMN GV 22 Boechout
7,Victor Heylenlei 41,2021-09-03,14:00:00,147,55,92,FMN GV 22 Boechout
7,Victor Heylenlei 41,2021-09-03,15:00:00,147,79,68,FMN GV 22 Boechout
7,Victor Heylenlei 41,2021-09-03,16:00:00,324,214,110,FMN GV 22 Boechout
7,Victor Heylenlei 41,2021-09-03,17:00:00,152,59,93,FMN GV 22 Boechout
7,Victor Heylenlei 41,2021-09-03,18:00:00,115,54,61,FMN GV 22 Boechout
7,Victor Heylenlei 41,2021-09-03,19:00:00,99,50,49,FMN GV 22 Boechout
7,Victor Heylenlei 41,2021-09-03,20:00:00,63,31,32,FMN GV 22 Boechout
7,Victor Heylenlei 41,2021-09-03,21:00:00,29,18,11,FMN GV 22 Boechout
7,Victor Heylenlei 41,2021-09-03,22:00:00,21,8,13,FMN GV 22 Boechout
7,Victor Heylenlei 41,2021-09-03,23:00:00,14,5,9,FMN GV 22 Boechout
7,Victor Heylenlei 41,2021-09-04,00:00:00,19,10,9,FMN GV 22 Boechout
7,Victor Heylenlei 41,2021-09-04,01:00:00,12,9,3,FMN GV 22 Boechout
7,Victor Heylenlei 41,2021-09-04,02:00:00,4,3,1,FMN GV 22 Boechout
7,Victor Heylenlei 41,2021-09-04,03:00:00,1,0,1,FMN GV 22 Boechout
7,Victor Heylenlei 41,2021-09-04,04:00:00,6,5,1,FMN GV 22 Boechout
7,Victor Heylenlei 41,2021-09-04,05:00:00,4,3,1,FMN GV 22 Boechout
7,Victor Heylenlei 41,2021-09-04,06:00:00,8,5,3,FMN GV 22 Boechout
7,Victor Heylenlei 41,2021-09-04,07:00:00,15,4,11,FMN GV 22 Boechout
7,Victor Heylenlei 41,2021-09-04,08:00:00,40,18,22,FMN GV 22 Boechout
7,Victor Heylenlei 41,2021-09-04,09:00:00,71,23,48,FMN GV 22 Boechout
7,Victor Heylenlei 41,2021-09-04,10:00:00,98,43,55,FMN GV 22 Boechout
7,Victor Heylenlei 41,2021-09-04,11:00:00,83,44,39,FMN GV 22 Boechout
7,Victor Heylenlei 41,2021-09-04,12:00:00,140,100,40,FMN GV 22 Boechout
7,Victor Heylenlei 41,2021-09-04,13:00:00,106,47,59,FMN GV 22 Boechout
7,Victor Heylenlei 41,2021-09-04,14:00:00,136,78,58,FMN GV 22 Boechout
7,Victor Heylenlei 41,2021-09-04,15:00:00,136,64,72,FMN GV 22 Boechout
7,Victor Heylenlei 41,2021-09-04,16:00:00,145,69,76,FMN GV 22 Boechout
7,Victor Heylenlei 41,2021-09-04,17:00:00,76,42,34,FMN GV 22 Boechout
7,Victor Heylenlei 41,2021-09-04,18:00:00,65,30,35,FMN GV 22 Boechout
7,Victor Heylenlei 41,2021-09-04,19:00:00,61,44,17,FMN GV 22 Boechout
7,Victor Heylenlei 41,2021-09-04,20:00:00,42,21,21,FMN GV 22 Boechout
7,Victor Heylenlei 41,2021-09-04,21:00:00,18,8,10,FMN GV 22 Boechout
7,Victor Heylenlei 41,2021-09-04,22:00:00,10,7,3,FMN GV 22 Boechout
7,Victor Heylenlei 41,2021-09-04,23:00:00,14,3,11,FMN GV 22 Boechout
7,Victor Heylenlei 41,2021-09-05,00:00:00,4,2,2,FMN GV 22 Boechout
7,Victor Heylenlei 41,2021-09-05,01:00:00,8,3,5,FMN GV 22 Boechout
7,Victor Heylenlei 41,2021-09-05,02:00:00,5,1,4,FMN GV 22 Boechout
7,Victor Heylenlei 41,2021-09-05,03:00:00,4,4,0,FMN GV 22 Boechout
7,Victor Heylenlei 41,2021-09-05,04:00:00,1,1,0,FMN GV 22 Boechout
7,Victor Heylenlei 41,2021-09-05,05:00:00,6,5,1,FMN GV 22 Boechout
7,Victor Heylenlei 41,2021-09-05,06:00:00,8,4,4,FMN GV 22 Boechout
7,Victor Heylenlei 41,2021-09-05,07:00:00,9,2,7,FMN GV 22 Boechout
7,Victor Heylenlei 41,2021-09-05,08:00:00,39,19,20,FMN GV 22 Boechout
7,Victor Heylenlei 41,2021-09-05,09:00:00,77,28,49,FMN GV 22 Boechout
7,Victor Heylenlei 41,2021-09-05,10:00:00,117,71,46,FMN GV 22 Boechout
7,Victor Heylenlei 41,2021-09-05,11:00:00,177,98,79,FMN GV 22 Boechout
7,Victor Heylenlei 41,2021-09-05,12:00:00,187,96,91,FMN GV 22 Boechout
7,Victor Heylenlei 41,2021-09-05,13:00:00,207,115,92,FMN GV 22 Boechout
7,Victor Heylenlei 41,2021-09-05,14:00:00,266,126,140,FMN GV 22 Boechout
7,Victor Heylenlei 41,2021-09-05,15:00:00,271,116,155,FMN GV 22 Boechout
7,Victor Heylenlei 41,2021-09-05,16:00:00,205,100,105,FMN GV 22 Boechout
7,Victor Heylenlei 41,2021-09-05,17:00:00,161,80,81,FMN GV 22 Boechout
7,Victor Heylenlei 41,2021-09-05,18:00:00,110,61,49,FMN GV 22 Boechout
7,Victor Heylenlei 41,2021-09-05,19:00:00,97,63,34,FMN GV 22 Boechout
7,Victor Heylenlei 41,2021-09-05,20:00:00,113,57,56,FMN GV 22 Boechout
7,Victor Heylenlei 41,2021-09-05,21:00:00,23,18,5,FMN GV 22 Boechout
7,Victor Heylenlei 41,2021-09-05,22:00:00,14,5,9,FMN GV 22 Boechout
7,Victor Heylenlei 41,2021-09-05,23:00:00,8,4,4,FMN GV 22 Boechout
7,Victor Heylenlei 41,2021-09-06,00:00:00,4,2,2,FMN GV 22 Boechout
7,Victor Heylenlei 41,2021-09-06,01:00:00,3,1,2,FMN GV 22 Boechout
7,Victor Heylenlei 41,2021-09-06,02:00:00,2,0,2,FMN GV 22 Boechout
7,Victor Heylenlei 41,2021-09-06,03:00:00,3,2,1,FMN GV 22 Boechout
7,Victor Heylenlei 41,2021-09-06,04:00:00,6,5,1,FMN GV 22 Boechout
7,Victor Heylenlei 41,2021-09-06,05:00:00,17,11,6,FMN GV 22 Boechout
7,Victor Heylenlei 41,2021-09-06,06:00:00,46,38,8,FMN GV 22 Boechout
7,Victor Heylenlei 41,2021-09-06,07:00:00,155,112,43,FMN GV 22 Boechout
7,Victor Heylenlei 41,2021-09-06,08:00:00,260,114,146,FMN GV 22 Boechout
7,Victor Heylenlei 41,2021-09-06,09:00:00,47,26,21,FMN GV 22 Boechout
7,Victor Heylenlei 41,2021-09-06,10:00:00,50,31,19,FMN GV 22 Boechout
7,Victor Heylenlei 41,2021-09-06,11:00:00,64,27,37,FMN GV 22 Boechout
7,Victor Heylenlei 41,2021-09-06,12:00:00,82,46,36,FMN GV 22 Boechout
7,Victor Heylenlei 41,2021-09-06,13:00:00,83,33,50,FMN GV 22 Boechout
7,Victor Heylenlei 41,2021-09-06,14:00:00,131,63,68,FMN GV 22 Boechout
7,Victor Heylenlei 41,2021-09-06,15:00:00,121,50,71,FMN GV 22 Boechout
7,Victor Heylenlei 41,2021-09-06,16:00:00,327,197,130,FMN GV 22 Boechout
7,Victor Heylenlei 41,2021-09-06,17:00:00,184,64,120,FMN GV 22 Boechout
7,Victor Heylenlei 41,2021-09-06,18:00:00,137,46,91,FMN GV 22 Boechout
7,Victor Heylenlei 41,2021-09-06,19:00:00,93,40,53,FMN GV 22 Boechout
7,Victor Heylenlei 41,2021-09-06,20:00:00,49,22,27,FMN GV 22 Boechout
7,Victor Heylenlei 41,2021-09-06,21:00:00,23,11,12,FMN GV 22 Boechout
7,Victor Heylenlei 41,2021-09-06,22:00:00,31,11,20,FMN GV 22 Boechout
7,Victor Heylenlei 41,2021-09-06,23:00:00,6,3,3,FMN GV 22 Boechout
7,Victor Heylenlei 41,2021-09-07,00:00:00,1,0,1,FMN GV 22 Boechout
7,Victor Heylenlei 41,2021-09-07,01:00:00,3,3,0,FMN GV 22 Boechout
7,Victor Heylenlei 41,2021-09-07,02:00:00,1,1,0,FMN GV 22 Boechout
7,Victor Heylenlei 41,2021-09-07,03:00:00,1,1,0,FMN GV 22 Boechout
7,Victor Heylenlei 41,2021-09-07,04:00:00,3,3,0,FMN GV 22 Boechout
7,Victor Heylenlei 41,2021-09-07,05:00:00,15,12,3,FMN GV 22 Boechout
7,Victor Heylenlei 41,2021-09-07,06:00:00,48,38,10,FMN GV 22 Boechout
7,Victor Heylenlei 41,2021-09-07,07:00:00,157,117,40,FMN GV 22 Boechout
7,Victor Heylenlei 41,2021-09-07,08:00:00,291,121,170,FMN GV 22 Boechout
7,Victor Heylenlei 41,2021-09-07,09:00:00,72,42,30,FMN GV 22 Boechout
7,Victor Heylenlei 41,2021-09-07,10:00:00,41,21,20,FMN GV 22 Boechout
7,Victor Heylenlei 41,2021-09-07,11:00:00,79,39,40,FMN GV 22 Boechout
7,Victor Heylenlei 41,2021-09-07,12:00:00,70,38,32,FMN GV 22 Boechout
7,Victor Heylenlei 41,2021-09-07,13:00:00,100,45,55,FMN GV 22 Boechout
7,Victor Heylenlei 41,2021-09-07,14:00:00,118,49,69,FMN GV 22 Boechout
7,Victor Heylenlei 41,2021-09-07,15:00:00,119,46,73,FMN GV 22 Boechout
7,Victor Heylenlei 41,2021-09-07,16:00:00,341,199,142,FMN GV 22 Boechout
7,Victor Heylenlei 41,2021-09-07,17:00:00,221,76,145,FMN GV 22 Boechout
7,Victor Heylenlei 41,2021-09-07,18:00:00,140,45,95,FMN GV 22 Boechout
7,Victor Heylenlei 41,2021-09-07,19:00:00,107,54,53,FMN GV 22 Boechout
7,Victor Heylenlei 41,2021-09-07,20:00:00,78,47,31,FMN GV 22 Boechout
7,Victor Heylenlei 41,2021-09-07,21:00:00,34,13,21,FMN GV 22 Boechout
7,Victor Heylenlei 41,2021-09-07,22:00:00,24,10,14,FMN GV 22 Boechout
7,Victor Heylenlei 41,2021-09-07,23:00:00,13,9,4,FMN GV 22 Boechout
7,Victor Heylenlei 41,2021-09-08,00:00:00,2,1,1,FMN GV 22 Boechout
7,Victor Heylenlei 41,2021-09-08,01:00:00,3,2,1,FMN GV 22 Boechout
7,Victor Heylenlei 41,2021-09-08,02:00:00,2,2,0,FMN GV 22 Boechout
7,Victor Heylenlei 41,2021-09-08,03:00:00,0,0,0,FMN GV 22 Boechout
7,Victor Heylenlei 41,2021-09-08,04:00:00,1,1,0,FMN GV 22 Boechout
7,Victor Heylenlei 41,2021-09-08,05:00:00,14,9,5,FMN GV 22 Boechout
7,Victor Heylenlei 41,2021-09-08,06:00:00,40,28,12,FMN GV 22 Boechout
7,Victor Heylenlei 41,2021-09-08,07:00:00,144,105,39,FMN GV 22 Boechout
7,Victor Heylenlei 41,2021-09-08,08:00:00,298,121,177,FMN GV 22 Boechout
7,Victor Heylenlei 41,2021-09-08,09:00:00,77,37,40,FMN GV 22 Boechout
7,Victor Heylenlei 41,2021-09-08,10:00:00,23,11,12,FMN GV 22 Boechout
7,Victor Heylenlei 41,2021-09-08,11:00:00,0,0,0,FMN GV 22 Boechout
7,Victor Heylenlei 41,2021-09-08,12:00:00,0,0,0,FMN GV 22 Boechout
7,Victor Heylenlei 41,2021-09-08,13:00:00,0,0,0,FMN GV 22 Boechout
7,Victor Heylenlei 41,2021-09-08,14:00:00,58,19,39,FMN GV 22 Boechout
7,Victor Heylenlei 41,2021-09-08,15:00:00,130,53,77,FMN GV 22 Boechout
7,Victor Heylenlei 41,2021-09-08,16:00:00,189,74,115,FMN GV 22 Boechout
7,Victor Heylenlei 41,2021-09-08,17:00:00,178,67,111,FMN GV 22 Boechout
7,Victor Heylenlei 41,2021-09-08,18:00:00,175,66,109,FMN GV 22 Boechout
7,Victor Heylenlei 41,2021-09-08,19:00:00,143,78,65,FMN GV 22 Boechout
7,Victor Heylenlei 41,2021-09-08,20:00:00,98,60,38,FMN GV 22 Boechout
7,Victor Heylenlei 41,2021-09-08,21:00:00,44,22,22,FMN GV 22 Boechout
7,Victor Heylenlei 41,2021-09-08,22:00:00,37,17,20,FMN GV 22 Boechout
7,Victor Heylenlei 41,2021-09-08,23:00:00,10,3,7,FMN GV 22 Boechout
7,Victor Heylenlei 41,2021-09-09,00:00:00,11,7,4,FMN GV 22 Boechout
7,Victor Heylenlei 41,2021-09-09,01:00:00,0,0,0,FMN GV 22 Boechout
7,Victor Heylenlei 41,2021-09-09,02:00:00,2,1,1,FMN GV 22 Boechout
7,Victor Heylenlei 41,2021-09-09,03:00:00,1,1,0,FMN GV 22 Boechout
7,Victor Heylenlei 41,2021-09-09,04:00:00,6,4,2,FMN GV 22 Boechout
7,Victor Heylenlei 41,2021-09-09,05:00:00,11,7,4,FMN GV 22 Boechout
7,Victor Heylenlei 41,2021-09-09,06:00:00,43,33,10,FMN GV 22 Boechout
7,Victor Heylenlei 41,2021-09-09,07:00:00,141,105,36,FMN GV 22 Boechout
7,Victor Heylenlei 41,2021-09-09,08:00:00,277,117,160,FMN GV 22 Boechout
7,Victor Heylenlei 41,2021-09-09,09:00:00,56,26,30,FMN GV 22 Boechout
7,Victor Heylenlei 41,2021-09-09,10:00:00,60,31,29,FMN GV 22 Boechout
7,Victor Heylenlei 41,2021-09-09,11:00:00,59,35,24,FMN GV 22 Boechout
7,Victor Heylenlei 41,2021-09-09,12:00:00,55,30,25,FMN GV 22 Boechout
7,Victor Heylenlei 41,2021-09-09,13:00:00,99,52,47,FMN GV 22 Boechout
7,Victor Heylenlei 41,2021-09-09,14:00:00,70,31,39,FMN GV 22 Boechout
7,Victor Heylenlei 41,2021-09-09,15:00:00,117,45,72,FMN GV 22 Boechout
7,Victor Heylenlei 41,2021-09-09,16:00:00,289,200,89,FMN GV 22 Boechout
7,Victor Heylenlei 41,2021-09-09,17:00:00,166,72,94,FMN GV 22 Boechout
7,Victor Heylenlei 41,2021-09-09,18:00:00,106,38,68,FMN GV 22 Boechout
7,Victor Heylenlei 41,2021-09-09,19:00:00,60,35,25,FMN GV 22 Boechout
7,Victor Heylenlei 41,2021-09-09,20:00:00,38,28,10,FMN GV 22 Boechout
7,Victor Heylenlei 41,2021-09-09,21:00:00,17,3,14,FMN GV 22 Boechout
7,Victor Heylenlei 41,2021-09-09,22:00:00,17,4,13,FMN GV 22 Boechout
7,Victor Heylenlei 41,2021-09-09,23:00:00,9,3,6,FMN GV 22 Boechout
7,Victor Heylenlei 41,2021-09-10,00:00:00,9,3,6,FMN GV 22 Boechout
7,Victor Heylenlei 41,2021-09-10,01:00:00,4,1,3,FMN GV 22 Boechout
7,Victor Heylenlei 41,2021-09-10,02:00:00,0,0,0,FMN GV 22 Boechout
7,Victor Heylenlei 41,2021-09-10,03:00:00,0,0,0,FMN GV 22 Boechout
7,Victor Heylenlei 41,2021-09-10,04:00:00,5,4,1,FMN GV 22 Boechout
7,Victor Heylenlei 41,2021-09-10,05:00:00,12,8,4,FMN GV 22 Boechout
7,Victor Heylenlei 41,2021-09-10,06:00:00,33,29,4,FMN GV 22 Boechout
7,Victor Heylenlei 41,2021-09-10,07:00:00,125,83,42,FMN GV 22 Boechout
7,Victor Heylenlei 41,2021-09-10,08:00:00,230,81,149,FMN GV 22 Boechout
7,Victor Heylenlei 41,2021-09-10,09:00:00,44,31,13,FMN GV 22 Boechout
7,Victor Heylenlei 41,2021-09-10,10:00:00,44,22,22,FMN GV 22 Boechout
7,Victor Heylenlei 41,2021-09-10,11:00:00,39,20,19,FMN GV 22 Boechout
7,Victor Heylenlei 41,2021-09-10,12:00:00,49,26,23,FMN GV 22 Boechout
7,Victor Heylenlei 41,2021-09-10,13:00:00,32,17,15,FMN GV 22 Boechout
7,Victor Heylenlei 41,2021-09-10,14:00:00,12,5,7,FMN GV 22 Boechout
7,Victor Heylenlei 41,2021-09-10,15:00:00,0,0,0,FMN GV 22 Boechout
7,Victor Heylenlei 41,2021-09-10,16:00:00,0,0,0,FMN GV 22 Boechout
7,Victor Heylenlei 41,2021-09-10,17:00:00,0,0,0,FMN GV 22 Boechout
7,Victor Heylenlei 41,2021-09-10,18:00:00,0,0,0,FMN GV 22 Boechout
7,Victor Heylenlei 41,2021-09-10,19:00:00,0,0,0,FMN GV 22 Boechout
7,Victor Heylenlei 41,2021-09-10,20:00:00,47,11,36,FMN GV 22 Boechout
7,Victor Heylenlei 41,2021-09-10,21:00:00,55,6,49,FMN GV 22 Boechout
7,Victor Heylenlei 41,2021-09-10,22:00:00,60,13,47,FMN GV 22 Boechout
7,Victor Heylenlei 41,2021-09-10,23:00:00,68,15,53,FMN GV 22 Boechout
7,Victor Heylenlei 41,2021-09-11,00:00:00,30,11,19,FMN GV 22 Boechout
7,Victor Heylenlei 41,2021-09-11,01:00:00,66,55,11,FMN GV 22 Boechout
7,Victor Heylenlei 41,2021-09-11,02:00:00,31,29,2,FMN GV 22 Boechout
7,Victor Heylenlei 41,2021-09-11,03:00:00,59,54,5,FMN GV 22 Boechout
7,Victor Heylenlei 41,2021-09-11,04:00:00,11,4,7,FMN GV 22 Boechout
7,Victor Heylenlei 41,2021-09-11,05:00:00,4,3,1,FMN GV 22 Boechout
7,Victor Heylenlei 41,2021-09-11,06:00:00,6,5,1,FMN GV 22 Boechout
7,Victor Heylenlei 41,2021-09-11,07:00:00,8,4,4,FMN GV 22 Boechout
7,Victor Heylenlei 41,2021-09-11,08:00:00,27,17,10,FMN GV 22 Boechout
7,Victor Heylenlei 41,2021-09-11,09:00:00,36,25,11,FMN GV 22 Boechout
7,Victor Heylenlei 41,2021-09-11,10:00:00,72,44,28,FMN GV 22 Boechout
7,Victor Heylenlei 41,2021-09-11,11:00:00,83,46,37,FMN GV 22 Boechout
7,Victor Heylenlei 41,2021-09-11,12:00:00,81,57,24,FMN GV 22 Boechout
7,Victor Heylenlei 41,2021-09-11,13:00:00,92,49,43,FMN GV 22 Boechout
7,Victor Heylenlei 41,2021-09-11,14:00:00,59,40,19,FMN GV 22 Boechout
7,Victor Heylenlei 41,2021-09-11,15:00:00,53,25,28,FMN GV 22 Boechout
7,Victor Heylenlei 41,2021-09-11,16:00:00,69,33,36,FMN GV 22 Boechout
7,Victor Heylenlei 41,2021-09-11,17:00:00,48,26,22,FMN GV 22 Boechout
7,Victor Heylenlei 41,2021-09-11,18:00:00,44,21,23,FMN GV 22 Boechout
7,Victor Heylenlei 41,2021-09-11,19:00:00,38,21,17,FMN GV 22 Boechout
7,Victor Heylenlei 41,2021-09-11,20:00:00,27,13,14,FMN GV 22 Boechout
7,Victor Heylenlei 41,2021-09-11,21:00:00,10,5,5,FMN GV 22 Boechout
7,Victor Heylenlei 41,2021-09-11,22:00:00,24,9,15,FMN GV 22 Boechout
7,Victor Heylenlei 41,2021-09-11,23:00:00,12,5,7,FMN GV 22 Boechout
7,Victor Heylenlei 41,2021-09-12,00:00:00,21,8,13,FMN GV 22 Boechout
7,Victor Heylenlei 41,2021-09-12,01:00:00,10,3,7,FMN GV 22 Boechout
7,Victor Heylenlei 41,2021-09-12,02:00:00,6,2,4,FMN GV 22 Boechout
7,Victor Heylenlei 41,2021-09-12,03:00:00,1,1,0,FMN GV 22 Boechout
7,Victor Heylenlei 41,2021-09-12,04:00:00,5,3,2,FMN GV 22 Boechout
7,Victor Heylenlei 41,2021-09-12,05:00:00,3,3,0,FMN GV 22 Boechout
7,Victor Heylenlei 41,2021-09-12,06:00:00,3,2,1,FMN GV 22 Boechout
7,Victor Heylenlei 41,2021-09-12,07:00:00,9,1,8,FMN GV 22 Boechout
7,Victor Heylenlei 41,2021-09-12,08:00:00,27,11,16,FMN GV 22 Boechout
7,Victor Heylenlei 41,2021-09-12,09:00:00,91,41,50,FMN GV 22 Boechout
7,Victor Heylenlei 41,2021-09-12,10:00:00,125,57,68,FMN GV 22 Boechout
7,Victor Heylenlei 41,2021-09-12,11:00:00,176,120,56,FMN GV 22 Boechout
7,Victor Heylenlei 41,2021-09-12,12:00:00,180,114,66,FMN GV 22 Boechout
7,Victor Heylenlei 41,2021-09-12,13:00:00,158,84,74,FMN GV 22 Boechout
7,Victor Heylenlei 41,2021-09-12,14:00:00,213,115,98,FMN GV 22 Boechout
7,Victor Heylenlei 41,2021-09-12,15:00:00,212,111,101,FMN GV 22 Boechout
7,Victor Heylenlei 41,2021-09-12,16:00:00,125,63,62,FMN GV 22 Boechout
7,Victor Heylenlei 41,2021-09-12,17:00:00,101,54,47,FMN GV 22 Boechout
7,Victor Heylenlei 41,2021-09-12,18:00:00,82,34,48,FMN GV 22 Boechout
7,Victor Heylenlei 41,2021-09-12,19:00:00,49,28,21,FMN GV 22 Boechout
7,Victor Heylenlei 41,2021-09-12,20:00:00,27,16,11,FMN GV 22 Boechout
7,Victor Heylenlei 41,2021-09-12,21:00:00,12,5,7,FMN GV 22 Boechout
7,Victor Heylenlei 41,2021-09-12,22:00:00,8,3,5,FMN GV 22 Boechout
7,Victor Heylenlei 41,2021-09-12,23:00:00,8,5,3,FMN GV 22 Boechout
7,Victor Heylenlei 41,2021-09-13,00:00:00,7,4,3,FMN GV 22 Boechout
7,Victor Heylenlei 41,2021-09-13,01:00:00,2,0,2,FMN GV 22 Boechout
7,Victor Heylenlei 41,2021-09-13,02:00:00,2,2,0,FMN GV 22 Boechout
7,Victor Heylenlei 41,2021-09-13,03:00:00,0,0,0,FMN GV 22 Boechout
7,Victor Heylenlei 41,2021-09-13,04:00:00,3,3,0,FMN GV 22 Boechout
7,Victor Heylenlei 41,2021-09-13,05:00:00,16,11,5,FMN GV 22 Boechout
7,Victor Heylenlei 41,2021-09-13,06:00:00,43,36,7,FMN GV 22 Boechout
7,Victor Heylenlei 41,2021-09-13,07:00:00,155,114,41,FMN GV 22 Boechout
7,Victor Heylenlei 41,2021-09-13,08:00:00,283,126,157,FMN GV 22 Boechout
7,Victor Heylenlei 41,2021-09-13,09:00:00,56,28,28,FMN GV 22 Boechout
7,Victor Heylenlei 41,2021-09-13,10:00:00,53,32,21,FMN GV 22 Boechout
7,Victor Heylenlei 41,2021-09-13,11:00:00,43,25,18,FMN GV 22 Boechout
7,Victor Heylenlei 41,2021-09-13,12:00:00,74,39,35,FMN GV 22 Boechout
7,Victor Heylenlei 41,2021-09-13,13:00:00,88,36,52,FMN GV 22 Boechout
7,Victor Heylenlei 41,2021-09-13,14:00:00,150,58,92,FMN GV 22 Boechout
7,Victor Heylenlei 41,2021-09-13,15:00:00,138,59,79,FMN GV 22 Boechout
7,Victor Heylenlei 41,2021-09-13,16:00:00,319,204,115,FMN GV 22 Boechout
7,Victor Heylenlei 41,2021-09-13,17:00:00,203,66,137,FMN GV 22 Boechout
7,Victor Heylenlei 41,2021-09-13,18:00:00,132,59,73,FMN GV 22 Boechout
7,Victor Heylenlei 41,2021-09-13,19:00:00,67,27,40,FMN GV 22 Boechout
7,Victor Heylenlei 41,2021-09-13,20:00:00,48,25,23,FMN GV 22 Boechout
7,Victor Heylenlei 41,2021-09-13,21:00:00,21,10,11,FMN GV 22 Boechout
7,Victor Heylenlei 41,2021-09-13,22:00:00,28,10,18,FMN GV 22 Boechout
7,Victor Heylenlei 41,2021-09-13,23:00:00,4,2,2,FMN GV 22 Boechout
7,Victor Heylenlei 41,2021-09-14,00:00:00,0,0,0,FMN GV 22 Boechout
7,Victor Heylenlei 41,2021-09-14,01:00:00,2,2,0,FMN GV 22 Boechout
7,Victor Heylenlei 41,2021-09-14,02:00:00,0,0,0,FMN GV 22 Boechout
7,Victor Heylenlei 41,2021-09-14,03:00:00,2,2,0,FMN GV 22 Boechout
7,Victor Heylenlei 41,2021-09-14,04:00:00,2,1,1,FMN GV 22 Boechout
7,Victor Heylenlei 41,2021-09-14,05:00:00,10,6,4,FMN GV 22 Boechout
7,Victor Heylenlei 41,2021-09-14,06:00:00,31,22,9,FMN GV 22 Boechout
7,Victor Heylenlei 41,2021-09-14,07:00:00,137,104,33,FMN GV 22 Boechout
7,Victor Heylenlei 41,2021-09-14,08:00:00,273,110,163,FMN GV 22 Boechout
7,Victor Heylenlei 41,2021-09-14,09:00:00,63,42,21,FMN GV 22 Boechout
7,Victor Heylenlei 41,2021-09-14,10:00:00,64,29,35,FMN GV 22 Boechout
7,Victor Heylenlei 41,2021-09-14,11:00:00,75,44,31,FMN GV 22 Boechout
7,Victor Heylenlei 41,2021-09-14,12:00:00,78,30,48,FMN GV 22 Boechout
7,Victor Heylenlei 41,2021-09-14,13:00:00,82,39,43,FMN GV 22 Boechout
7,Victor Heylenlei 41,2021-09-14,14:00:00,62,33,29,FMN GV 22 Boechout
7,Victor Heylenlei 41,2021-09-14,15:00:00,73,25,48,FMN GV 22 Boechout
7,Victor Heylenlei 41,2021-09-14,16:00:00,292,178,114,FMN GV 22 Boechout
7,Victor Heylenlei 41,2021-09-14,17:00:00,154,42,112,FMN GV 22 Boechout
7,Victor Heylenlei 41,2021-09-14,18:00:00,89,26,63,FMN GV 22 Boechout
7,Victor Heylenlei 41,2021-09-14,19:00:00,67,31,36,FMN GV 22 Boechout
7,Victor Heylenlei 41,2021-09-14,20:00:00,34,20,14,FMN GV 22 Boechout
7,Victor Heylenlei 41,2021-09-14,21:00:00,19,11,8,FMN GV 22 Boechout
7,Victor Heylenlei 41,2021-09-14,22:00:00,17,6,11,FMN GV 22 Boechout
7,Victor Heylenlei 41,2021-09-14,23:00:00,5,2,3,FMN GV 22 Boechout
7,Victor Heylenlei 41,2021-09-15,00:00:00,4,4,0,FMN GV 22 Boechout
7,Victor Heylenlei 41,2021-09-15,01:00:00,4,3,1,FMN GV 22 Boechout
7,Victor Heylenlei 41,2021-09-15,02:00:00,0,0,0,FMN GV 22 Boechout
7,Victor Heylenlei 41,2021-09-15,03:00:00,4,3,1,FMN GV 22 Boechout
7,Victor Heylenlei 41,2021-09-15,04:00:00,1,1,0,FMN GV 22 Boechout
7,Victor Heylenlei 41,2021-09-15,05:00:00,12,9,3,FMN GV 22 Boechout
7,Victor Heylenlei 41,2021-09-15,06:00:00,35,28,7,FMN GV 22 Boechout
7,Victor Heylenlei 41,2021-09-15,07:00:00,118,81,37,FMN GV 22 Boechout
7,Victor Heylenlei 41,2021-09-15,08:00:00,218,71,147,FMN GV 22 Boechout
7,Victor Heylenlei 41,2021-09-15,09:00:00,47,26,21,FMN GV 22 Boechout
7,Victor Heylenlei 41,2021-09-15,10:00:00,29,15,14,FMN GV 22 Boechout
7,Victor Heylenlei 41,2021-09-15,11:00:00,35,19,16,FMN GV 22 Boechout
7,Victor Heylenlei 41,2021-09-15,12:00:00,202,161,41,FMN GV 22 Boechout
7,Victor Heylenlei 41,2021-09-15,13:00:00,78,32,46,FMN GV 22 Boechout
7,Victor Heylenlei 41,2021-09-15,14:00:00,89,46,43,FMN GV 22 Boechout
7,Victor Heylenlei 41,2021-09-15,15:00:00,92,48,44,FMN GV 22 Boechout
7,Victor Heylenlei 41,2021-09-15,16:00:00,86,33,53,FMN GV 22 Boechout
7,Victor Heylenlei 41,2021-09-15,17:00:00,126,38,88,FMN GV 22 Boechout
7,Victor Heylenlei 41,2021-09-15,18:00:00,119,37,82,FMN GV 22 Boechout
7,Victor Heylenlei 41,2021-09-15,19:00:00,83,35,48,FMN GV 22 Boechout
7,Victor Heylenlei 41,2021-09-15,20:00:00,65,51,14,FMN GV 22 Boechout
7,Victor Heylenlei 41,2021-09-15,21:00:00,12,5,7,FMN GV 22 Boechout
7,Victor Heylenlei 41,2021-09-15,22:00:00,18,5,13,FMN GV 22 Boechout
7,Victor Heylenlei 41,2021-09-15,23:00:00,12,5,7,FMN GV 22 Boechout
7,Victor Heylenlei 41,2021-09-16,00:00:00,5,1,4,FMN GV 22 Boechout
7,Victor Heylenlei 41,2021-09-16,01:00:00,1,1,0,FMN GV 22 Boechout
7,Victor Heylenlei 41,2021-09-16,02:00:00,2,0,2,FMN GV 22 Boechout
7,Victor Heylenlei 41,2021-09-16,03:00:00,3,2,1,FMN GV 22 Boechout
7,Victor Heylenlei 41,2021-09-16,04:00:00,2,2,0,FMN GV 22 Boechout
7,Victor Heylenlei 41,2021-09-16,05:00:00,8,5,3,FMN GV 22 Boechout
7,Victor Heylenlei 41,2021-09-16,06:00:00,40,33,7,FMN GV 22 Boechout
7,Victor Heylenlei 41,2021-09-16,07:00:00,147,113,34,FMN GV 22 Boechout
7,Victor Heylenlei 41,2021-09-16,08:00:00,258,111,147,FMN GV 22 Boechout
7,Victor Heylenlei 41,2021-09-16,09:00:00,73,38,35,FMN GV 22 Boechout
7,Victor Heylenlei 41,2021-09-16,10:00:00,46,23,23,FMN GV 22 Boechout
7,Victor Heylenlei 41,2021-09-16,11:00:00,54,32,22,FMN GV 22 Boechout
7,Victor Heylenlei 41,2021-09-16,12:00:00,13,9,4,FMN GV 22 Boechout
7,Victor Heylenlei 41,2021-09-16,13:00:00,0,0,0,FMN GV 22 Boechout
7,Victor Heylenlei 41,2021-09-16,14:00:00,0,0,0,FMN GV 22 Boechout
7,Victor Heylenlei 41,2021-09-16,15:00:00,0,0,0,FMN GV 22 Boechout
7,Victor Heylenlei 41,2021-09-16,16:00:00,0,0,0,FMN GV 22 Boechout
7,Victor Heylenlei 41,2021-09-16,17:00:00,0,0,0,FMN GV 22 Boechout
7,Victor Heylenlei 41,2021-09-16,18:00:00,70,32,38,FMN GV 22 Boechout
7,Victor Heylenlei 41,2021-09-16,19:00:00,93,54,39,FMN GV 22 Boechout
7,Victor Heylenlei 41,2021-09-16,20:00:00,91,57,34,FMN GV 22 Boechout
7,Victor Heylenlei 41,2021-09-16,21:00:00,27,4,23,FMN GV 22 Boechout
7,Victor Heylenlei 41,2021-09-16,22:00:00,26,6,20,FMN GV 22 Boechout
7,Victor Heylenlei 41,2021-09-16,23:00:00,12,3,9,FMN GV 22 Boechout
7,Victor Heylenlei 41,2021-09-17,00:00:00,8,2,6,FMN GV 22 Boechout
7,Victor Heylenlei 41,2021-09-17,01:00:00,4,1,3,FMN GV 22 Boechout
7,Victor Heylenlei 41,2021-09-17,02:00:00,2,1,1,FMN GV 22 Boechout
7,Victor Heylenlei 41,2021-09-17,03:00:00,2,2,0,FMN GV 22 Boechout
7,Victor Heylenlei 41,2021-09-17,04:00:00,1,1,0,FMN GV 22 Boechout
7,Victor Heylenlei 41,2021-09-17,05:00:00,11,7,4,FMN GV 22 Boechout
7,Victor Heylenlei 41,2021-09-17,06:00:00,30,29,1,FMN GV 22 Boechout
7,Victor Heylenlei 41,2021-09-17,07:00:00,123,86,37,FMN GV 22 Boechout
7,Victor Heylenlei 41,2021-09-17,08:00:00,260,106,154,FMN GV 22 Boechout
7,Victor Heylenlei 41,2021-09-17,09:00:00,48,29,19,FMN GV 22 Boechout
7,Victor Heylenlei 41,2021-09-17,10:00:00,64,28,36,FMN GV 22 Boechout
7,Victor Heylenlei 41,2021-09-17,11:00:00,50,27,23,FMN GV 22 Boechout
7,Victor Heylenlei 41,2021-09-17,12:00:00,79,38,41,FMN GV 22 Boechout
7,Victor Heylenlei 41,2021-09-17,13:00:00,109,65,44,FMN GV 22 Boechout
7,Victor Heylenlei 41,2021-09-17,14:00:00,177,69,108,FMN GV 22 Boechout
7,Victor Heylenlei 41,2021-09-17,15:00:00,144,66,78,FMN GV 22 Boechout
7,Victor Heylenlei 41,2021-09-17,16:00:00,267,173,94,FMN GV 22 Boechout
7,Victor Heylenlei 41,2021-09-17,17:00:00,159,61,98,FMN GV 22 Boechout
7,Victor Heylenlei 41,2021-09-17,18:00:00,126,66,60,FMN GV 22 Boechout
7,Victor Heylenlei 41,2021-09-17,19:00:00,76,41,35,FMN GV 22 Boechout
7,Victor Heylenlei 41,2021-09-17,20:00:00,44,15,29,FMN GV 22 Boechout
7,Victor Heylenlei 41,2021-09-17,21:00:00,25,9,16,FMN GV 22 Boechout
7,Victor Heylenlei 41,2021-09-17,22:00:00,18,7,11,FMN GV 22 Boechout
7,Victor Heylenlei 41,2021-09-17,23:00:00,23,11,12,FMN GV 22 Boechout
7,Victor Heylenlei 41,2021-09-18,00:00:00,16,7,9,FMN GV 22 Boechout
7,Victor Heylenlei 41,2021-09-18,01:00:00,11,3,8,FMN GV 22 Boechout
7,Victor Heylenlei 41,2021-09-18,02:00:00,5,1,4,FMN GV 22 Boechout
7,Victor Heylenlei 41,2021-09-18,03:00:00,5,1,4,FMN GV 22 Boechout
7,Victor Heylenlei 41,2021-09-18,04:00:00,4,1,3,FMN GV 22 Boechout
7,Victor Heylenlei 41,2021-09-18,05:00:00,6,3,3,FMN GV 22 Boechout
7,Victor Heylenlei 41,2021-09-18,06:00:00,7,5,2,FMN GV 22 Boechout
7,Victor Heylenlei 41,2021-09-18,07:00:00,8,2,6,FMN GV 22 Boechout
7,Victor Heylenlei 41,2021-09-18,08:00:00,44,29,15,FMN GV 22 Boechout
7,Victor Heylenlei 41,2021-09-18,09:00:00,80,44,36,FMN GV 22 Boechout
7,Victor Heylenlei 41,2021-09-18,10:00:00,99,59,40,FMN GV 22 Boechout
7,Victor Heylenlei 41,2021-09-18,11:00:00,117,59,58,FMN GV 22 Boechout
7,Victor Heylenlei 41,2021-09-18,12:00:00,123,81,42,FMN GV 22 Boechout
7,Victor Heylenlei 41,2021-09-18,13:00:00,177,95,82,FMN GV 22 Boechout
7,Victor Heylenlei 41,2021-09-18,14:00:00,158,68,90,FMN GV 22 Boechout
7,Victor Heylenlei 41,2021-09-18,15:00:00,153,65,88,FMN GV 22 Boechout
7,Victor Heylenlei 41,2021-09-18,16:00:00,144,87,57,FMN GV 22 Boechout
7,Victor Heylenlei 41,2021-09-18,17:00:00,99,64,35,FMN GV 22 Boechout
7,Victor Heylenlei 41,2021-09-18,18:00:00,86,58,28,FMN GV 22 Boechout
7,Victor Heylenlei 41,2021-09-18,19:00:00,61,36,25,FMN GV 22 Boechout
7,Victor Heylenlei 41,2021-09-18,20:00:00,49,27,22,FMN GV 22 Boechout
7,Victor Heylenlei 41,2021-09-18,21:00:00,19,10,9,FMN GV 22 Boechout
7,Victor Heylenlei 41,2021-09-18,22:00:00,10,9,1,FMN GV 22 Boechout
7,Victor Heylenlei 41,2021-09-18,23:00:00,8,3,5,FMN GV 22 Boechout
7,Victor Heylenlei 41,2021-09-19,00:00:00,11,3,8,FMN GV 22 Boechout
7,Victor Heylenlei 41,2021-09-19,01:00:00,9,2,7,FMN GV 22 Boechout
7,Victor Heylenlei 41,2021-09-19,02:00:00,4,0,4,FMN GV 22 Boechout
7,Victor Heylenlei 41,2021-09-19,03:00:00,4,0,4,FMN GV 22 Boechout
7,Victor Heylenlei 41,2021-09-19,04:00:00,4,2,2,FMN GV 22 Boechout
7,Victor Heylenlei 41,2021-09-19,05:00:00,7,3,4,FMN GV 22 Boechout
7,Victor Heylenlei 41,2021-09-19,06:00:00,1,0,1,FMN GV 22 Boechout
7,Victor Heylenlei 41,2021-09-19,07:00:00,10,4,6,FMN GV 22 Boechout
7,Victor Heylenlei 41,2021-09-19,08:00:00,35,10,25,FMN GV 22 Boechout
7,Victor Heylenlei 41,2021-09-19,09:00:00,54,18,36,FMN GV 22 Boechout
7,Victor Heylenlei 41,2021-09-19,10:00:00,121,63,58,FMN GV 22 Boechout
7,Victor Heylenlei 41,2021-09-19,11:00:00,154,85,69,FMN GV 22 Boechout
7,Victor Heylenlei 41,2021-09-19,12:00:00,150,91,59,FMN GV 22 Boechout
7,Victor Heylenlei 41,2021-09-19,13:00:00,181,111,70,FMN GV 22 Boechout
7,Victor Heylenlei 41,2021-09-19,14:00:00,235,106,129,FMN GV 22 Boechout
7,Victor Heylenlei 41,2021-09-19,15:00:00,171,71,100,FMN GV 22 Boechout
7,Victor Heylenlei 41,2021-09-19,16:00:00,132,61,71,FMN GV 22 Boechout
7,Victor Heylenlei 41,2021-09-19,17:00:00,119,57,62,FMN GV 22 Boechout
7,Victor Heylenlei 41,2021-09-19,18:00:00,65,34,31,FMN GV 22 Boechout
7,Victor Heylenlei 41,2021-09-19,19:00:00,55,31,24,FMN GV 22 Boechout
7,Victor Heylenlei 41,2021-09-19,20:00:00,29,13,16,FMN GV 22 Boechout
7,Victor Heylenlei 41,2021-09-19,21:00:00,23,12,11,FMN GV 22 Boechout
7,Victor Heylenlei 41,2021-09-19,22:00:00,7,1,6,FMN GV 22 Boechout
7,Victor Heylenlei 41,2021-09-19,23:00:00,7,1,6,FMN GV 22 Boechout
7,Victor Heylenlei 41,2021-09-20,00:00:00,2,1,1,FMN GV 22 Boechout
7,Victor Heylenlei 41,2021-09-20,01:00:00,0,0,0,FMN GV 22 Boechout
7,Victor Heylenlei 41,2021-09-20,02:00:00,0,0,0,FMN GV 22 Boechout
7,Victor Heylenlei 41,2021-09-20,03:00:00,2,2,0,FMN GV 22 Boechout
7,Victor Heylenlei 41,2021-09-20,04:00:00,6,5,1,FMN GV 22 Boechout
7,Victor Heylenlei 41,2021-09-20,05:00:00,11,5,6,FMN GV 22 Boechout
7,Victor Heylenlei 41,2021-09-20,06:00:00,45,39,6,FMN GV 22 Boechout
7,Victor Heylenlei 41,2021-09-20,07:00:00,148,111,37,FMN GV 22 Boechout
7,Victor Heylenlei 41,2021-09-20,08:00:00,271,112,159,FMN GV 22 Boechout
7,Victor Heylenlei 41,2021-09-20,09:00:00,59,38,21,FMN GV 22 Boechout
7,Victor Heylenlei 41,2021-09-20,10:00:00,42,19,23,FMN GV 22 Boechout
7,Victor Heylenlei 41,2021-09-20,11:00:00,33,27,6,FMN GV 22 Boechout
7,Victor Heylenlei 41,2021-09-20,12:00:00,68,37,31,FMN GV 22 Boechout
7,Victor Heylenlei 41,2021-09-20,13:00:00,70,32,38,FMN GV 22 Boechout
7,Victor Heylenlei 41,2021-09-20,14:00:00,91,46,45,FMN GV 22 Boechout
7,Victor Heylenlei 41,2021-09-20,15:00:00,127,45,82,FMN GV 22 Boechout
7,Victor Heylenlei 41,2021-09-20,16:00:00,283,173,110,FMN GV 22 Boechout
7,Victor Heylenlei 41,2021-09-20,17:00:00,160,50,110,FMN GV 22 Boechout
7,Victor Heylenlei 41,2021-09-20,18:00:00,107,34,73,FMN GV 22 Boechout
7,Victor Heylenlei 41,2021-09-20,19:00:00,49,24,25,FMN GV 22 Boechout
7,Victor Heylenlei 41,2021-09-20,20:00:00,42,25,17,FMN GV 22 Boechout
7,Victor Heylenlei 41,2021-09-20,21:00:00,16,9,7,FMN GV 22 Boechout
7,Victor Heylenlei 41,2021-09-20,22:00:00,10,4,6,FMN GV 22 Boechout
7,Victor Heylenlei 41,2021-09-20,23:00:00,0,0,0,FMN GV 22 Boechout
7,Victor Heylenlei 41,2021-09-21,00:00:00,4,3,1,FMN GV 22 Boechout
7,Victor Heylenlei 41,2021-09-21,01:00:00,2,0,2,FMN GV 22 Boechout
7,Victor Heylenlei 41,2021-09-21,02:00:00,1,0,1,FMN GV 22 Boechout
7,Victor Heylenlei 41,2021-09-21,03:00:00,0,0,0,FMN GV 22 Boechout
7,Victor Heylenlei 41,2021-09-21,04:00:00,5,4,1,FMN GV 22 Boechout
7,Victor Heylenlei 41,2021-09-21,05:00:00,14,9,5,FMN GV 22 Boechout
7,Victor Heylenlei 41,2021-09-21,06:00:00,48,38,10,FMN GV 22 Boechout
7,Victor Heylenlei 41,2021-09-21,07:00:00,172,116,56,FMN GV 22 Boechout
7,Victor Heylenlei 41,2021-09-21,08:00:00,267,115,152,FMN GV 22 Boechout
7,Victor Heylenlei 41,2021-09-21,09:00:00,65,46,19,FMN GV 22 Boechout
7,Victor Heylenlei 41,2021-09-21,10:00:00,42,24,18,FMN GV 22 Boechout
7,Victor Heylenlei 41,2021-09-21,11:00:00,58,32,26,FMN GV 22 Boechout
7,Victor Heylenlei 41,2021-09-21,12:00:00,69,34,35,FMN GV 22 Boechout
7,Victor Heylenlei 41,2021-09-21,13:00:00,91,37,54,FMN GV 22 Boechout
7,Victor Heylenlei 41,2021-09-21,14:00:00,132,66,66,FMN GV 22 Boechout
7,Victor Heylenlei 41,2021-09-21,15:00:00,141,66,75,FMN GV 22 Boechout
7,Victor Heylenlei 41,2021-09-21,16:00:00,192,142,50,FMN GV 22 Boechout
7,Victor Heylenlei 41,2021-09-21,17:00:00,0,0,0,FMN GV 22 Boechout
7,Victor Heylenlei 41,2021-09-21,18:00:00,0,0,0,FMN GV 22 Boechout
7,Victor Heylenlei 41,2021-09-21,19:00:00,0,0,0,FMN GV 22 Boechout
7,Victor Heylenlei 41,2021-09-21,20:00:00,18,9,9,FMN GV 22 Boechout
7,Victor Heylenlei 41,2021-09-21,21:00:00,21,14,7,FMN GV 22 Boechout
7,Victor Heylenlei 41,2021-09-21,22:00:00,16,6,10,FMN GV 22 Boechout
7,Victor Heylenlei 41,2021-09-21,23:00:00,5,2,3,FMN GV 22 Boechout
7,Victor Heylenlei 41,2021-09-22,00:00:00,2,2,0,FMN GV 22 Boechout
7,Victor Heylenlei 41,2021-09-22,01:00:00,0,0,0,FMN GV 22 Boechout
7,Victor Heylenlei 41,2021-09-22,02:00:00,1,1,0,FMN GV 22 Boechout
7,Victor Heylenlei 41,2021-09-22,03:00:00,1,0,1,FMN GV 22 Boechout
7,Victor Heylenlei 41,2021-09-22,04:00:00,2,2,0,FMN GV 22 Boechout
7,Victor Heylenlei 41,2021-09-22,05:00:00,10,4,6,FMN GV 22 Boechout
7,Victor Heylenlei 41,2021-09-22,06:00:00,46,33,13,FMN GV 22 Boechout
7,Victor Heylenlei 41,2021-09-22,07:00:00,132,97,35,FMN GV 22 Boechout
7,Victor Heylenlei 41,2021-09-22,08:00:00,249,104,145,FMN GV 22 Boechout
7,Victor Heylenlei 41,2021-09-22,09:00:00,58,28,30,FMN GV 22 Boechout
7,Victor Heylenlei 41,2021-09-22,10:00:00,59,37,22,FMN GV 22 Boechout
7,Victor Heylenlei 41,2021-09-22,11:00:00,67,41,26,FMN GV 22 Boechout
7,Victor Heylenlei 41,2021-09-22,12:00:00,244,184,60,FMN GV 22 Boechout
7,Victor Heylenlei 41,2021-09-22,13:00:00,150,66,84,FMN GV 22 Boechout
7,Victor Heylenlei 41,2021-09-22,14:00:00,121,60,61,FMN GV 22 Boechout
7,Victor Heylenlei 41,2021-09-22,15:00:00,131,66,65,FMN GV 22 Boechout
7,Victor Heylenlei 41,2021-09-22,16:00:00,158,58,100,FMN GV 22 Boechout
7,Victor Heylenlei 41,2021-09-22,17:00:00,154,58,96,FMN GV 22 Boechout
7,Victor Heylenlei 41,2021-09-22,18:00:00,135,61,74,FMN GV 22 Boechout
7,Victor Heylenlei 41,2021-09-22,19:00:00,97,59,38,FMN GV 22 Boechout
7,Victor Heylenlei 41,2021-09-22,20:00:00,61,40,21,FMN GV 22 Boechout
7,Victor Heylenlei 41,2021-09-22,21:00:00,23,10,13,FMN GV 22 Boechout
7,Victor Heylenlei 41,2021-09-22,22:00:00,21,12,9,FMN GV 22 Boechout
7,Victor Heylenlei 41,2021-09-22,23:00:00,19,7,12,FMN GV 22 Boechout
7,Victor Heylenlei 41,2021-09-23,00:00:00,8,0,8,FMN GV 22 Boechout
7,Victor Heylenlei 41,2021-09-23,01:00:00,4,0,4,FMN GV 22 Boechout
7,Victor Heylenlei 41,2021-09-23,02:00:00,2,1,1,FMN GV 22 Boechout
7,Victor Heylenlei 41,2021-09-23,03:00:00,2,1,1,FMN GV 22 Boechout
7,Victor Heylenlei 41,2021-09-23,04:00:00,7,4,3,FMN GV 22 Boechout
7,Victor Heylenlei 41,2021-09-23,05:00:00,15,9,6,FMN GV 22 Boechout
7,Victor Heylenlei 41,2021-09-23,06:00:00,29,23,6,FMN GV 22 Boechout
7,Victor Heylenlei 41,2021-09-23,07:00:00,151,112,39,FMN GV 22 Boechout
7,Victor Heylenlei 41,2021-09-23,08:00:00,285,132,153,FMN GV 22 Boechout
7,Victor Heylenlei 41,2021-09-23,09:00:00,59,37,22,FMN GV 22 Boechout
7,Victor Heylenlei 41,2021-09-23,10:00:00,59,27,32,FMN GV 22 Boechout
7,Victor Heylenlei 41,2021-09-23,11:00:00,86,54,32,FMN GV 22 Boechout
7,Victor Heylenlei 41,2021-09-23,12:00:00,90,46,44,FMN GV 22 Boechout
7,Victor Heylenlei 41,2021-09-23,13:00:00,65,31,34,FMN GV 22 Boechout
7,Victor Heylenlei 41,2021-09-23,14:00:00,82,45,37,FMN GV 22 Boechout
7,Victor Heylenlei 41,2021-09-23,15:00:00,90,39,51,FMN GV 22 Boechout
7,Victor Heylenlei 41,2021-09-23,16:00:00,315,191,124,FMN GV 22 Boechout
7,Victor Heylenlei 41,2021-09-23,17:00:00,159,59,100,FMN GV 22 Boechout
7,Victor Heylenlei 41,2021-09-23,18:00:00,125,48,77,FMN GV 22 Boechout
7,Victor Heylenlei 41,2021-09-23,19:00:00,78,30,48,FMN GV 22 Boechout
7,Victor Heylenlei 41,2021-09-23,20:00:00,42,25,17,FMN GV 22 Boechout
7,Victor Heylenlei 41,2021-09-23,21:00:00,27,8,19,FMN GV 22 Boechout
7,Victor Heylenlei 41,2021-09-23,22:00:00,25,8,17,FMN GV 22 Boechout
7,Victor Heylenlei 41,2021-09-23,23:00:00,3,0,3,FMN GV 22 Boechout
7,Victor Heylenlei 41,2021-09-24,00:00:00,4,2,2,FMN GV 22 Boechout
7,Victor Heylenlei 41,2021-09-24,01:00:00,4,2,2,FMN GV 22 Boechout
7,Victor Heylenlei 41,2021-09-24,02:00:00,1,0,1,FMN GV 22 Boechout
7,Victor Heylenlei 41,2021-09-24,03:00:00,2,2,0,FMN GV 22 Boechout
7,Victor Heylenlei 41,2021-09-24,04:00:00,4,4,0,FMN GV 22 Boechout
7,Victor Heylenlei 41,2021-09-24,05:00:00,11,5,6,FMN GV 22 Boechout
7,Victor Heylenlei 41,2021-09-24,06:00:00,30,22,8,FMN GV 22 Boechout
7,Victor Heylenlei 41,2021-09-24,07:00:00,120,84,36,FMN GV 22 Boechout
7,Victor Heylenlei 41,2021-09-24,08:00:00,239,95,144,FMN GV 22 Boechout
7,Victor Heylenlei 41,2021-09-24,09:00:00,51,35,16,FMN GV 22 Boechout
7,Victor Heylenlei 41,2021-09-24,10:00:00,50,22,28,FMN GV 22 Boechout
7,Victor Heylenlei 41,2021-09-24,11:00:00,46,27,19,FMN GV 22 Boechout
7,Victor Heylenlei 41,2021-09-24,12:00:00,68,34,34,FMN GV 22 Boechout
7,Victor Heylenlei 41,2021-09-24,13:00:00,61,32,29,FMN GV 22 Boechout
7,Victor Heylenlei 41,2021-09-24,14:00:00,99,43,56,FMN GV 22 Boechout
7,Victor Heylenlei 41,2021-09-24,15:00:00,118,58,60,FMN GV 22 Boechout
7,Victor Heylenlei 41,2021-09-24,16:00:00,240,145,95,FMN GV 22 Boechout
7,Victor Heylenlei 41,2021-09-24,17:00:00,121,50,71,FMN GV 22 Boechout
7,Victor Heylenlei 41,2021-09-24,18:00:00,88,33,55,FMN GV 22 Boechout
7,Victor Heylenlei 41,2021-09-24,19:00:00,117,45,72,FMN GV 22 Boechout
7,Victor Heylenlei 41,2021-09-24,20:00:00,64,30,34,FMN GV 22 Boechout
7,Victor Heylenlei 41,2021-09-24,21:00:00,40,27,13,FMN GV 22 Boechout
7,Victor Heylenlei 41,2021-09-24,22:00:00,14,3,11,FMN GV 22 Boechout
7,Victor Heylenlei 41,2021-09-24,23:00:00,15,8,7,FMN GV 22 Boechout
7,Victor Heylenlei 41,2021-09-25,00:00:00,13,6,7,FMN GV 22 Boechout
7,Victor Heylenlei 41,2021-09-25,01:00:00,14,5,9,FMN GV 22 Boechout
7,Victor Heylenlei 41,2021-09-25,02:00:00,6,2,4,FMN GV 22 Boechout
7,Victor Heylenlei 41,2021-09-25,03:00:00,2,2,0,FMN GV 22 Boechout
7,Victor Heylenlei 41,2021-09-25,04:00:00,13,7,6,FMN GV 22 Boechout
7,Victor Heylenlei 41,2021-09-25,05:00:00,3,3,0,FMN GV 22 Boechout
7,Victor Heylenlei 41,2021-09-25,06:00:00,4,2,2,FMN GV 22 Boechout
7,Victor Heylenlei 41,2021-09-25,07:00:00,11,6,5,FMN GV 22 Boechout
7,Victor Heylenlei 41,2021-09-25,08:00:00,28,14,14,FMN GV 22 Boechout
7,Victor Heylenlei 41,2021-09-25,09:00:00,106,38,68,FMN GV 22 Boechout
7,Victor Heylenlei 41,2021-09-25,10:00:00,93,48,45,FMN GV 22 Boechout
7,Victor Heylenlei 41,2021-09-25,11:00:00,126,65,61,FMN GV 22 Boechout
7,Victor Heylenlei 41,2021-09-25,12:00:00,107,68,39,FMN GV 22 Boechout
7,Victor Heylenlei 41,2021-09-25,13:00:00,151,84,67,FMN GV 22 Boechout
7,Victor Heylenlei 41,2021-09-25,14:00:00,72,33,39,FMN GV 22 Boechout
7,Victor Heylenlei 41,2021-09-25,15:00:00,0,0,0,FMN GV 22 Boechout
7,Victor Heylenlei 41,2021-09-25,16:00:00,0,0,0,FMN GV 22 Boechout
7,Victor Heylenlei 41,2021-09-25,17:00:00,0,0,0,FMN GV 22 Boechout
7,Victor Heylenlei 41,2021-09-25,18:00:00,64,36,28,FMN GV 22 Boechout
7,Victor Heylenlei 41,2021-09-25,19:00:00,59,28,31,FMN GV 22 Boechout
7,Victor Heylenlei 41,2021-09-25,20:00:00,50,24,26,FMN GV 22 Boechout
7,Victor Heylenlei 41,2021-09-25,21:00:00,35,16,19,FMN GV 22 Boechout
7,Victor Heylenlei 41,2021-09-25,22:00:00,6,1,5,FMN GV 22 Boechout
7,Victor Heylenlei 41,2021-09-25,23:00:00,10,3,7,FMN GV 22 Boechout
7,Victor Heylenlei 41,2021-09-26,00:00:00,9,1,8,FMN GV 22 Boechout
7,Victor Heylenlei 41,2021-09-26,01:00:00,12,3,9,FMN GV 22 Boechout
7,Victor Heylenlei 41,2021-09-26,02:00:00,0,0,0,FMN GV 22 Boechout
7,Victor Heylenlei 41,2021-09-26,03:00:00,9,1,8,FMN GV 22 Boechout
7,Victor Heylenlei 41,2021-09-26,04:00:00,5,2,3,FMN GV 22 Boechout
7,Victor Heylenlei 41,2021-09-26,05:00:00,6,0,6,FMN GV 22 Boechout
7,Victor Heylenlei 41,2021-09-26,06:00:00,7,4,3,FMN GV 22 Boechout
7,Victor Heylenlei 41,2021-09-26,07:00:00,15,8,7,FMN GV 22 Boechout
7,Victor Heylenlei 41,2021-09-26,08:00:00,30,11,19,FMN GV 22 Boechout
7,Victor Heylenlei 41,2021-09-26,09:00:00,86,39,47,FMN GV 22 Boechout
7,Victor Heylenlei 41,2021-09-26,10:00:00,106,45,61,FMN GV 22 Boechout
7,Victor Heylenlei 41,2021-09-26,11:00:00,170,95,75,FMN GV 22 Boechout
7,Victor Heylenlei 41,2021-09-26,12:00:00,127,76,51,FMN GV 22 Boechout
7,Victor Heylenlei 41,2021-09-26,13:00:00,146,70,76,FMN GV 22 Boechout
7,Victor Heylenlei 41,2021-09-26,14:00:00,116,56,60,FMN GV 22 Boechout
7,Victor Heylenlei 41,2021-09-26,15:00:00,127,65,62,FMN GV 22 Boechout
7,Victor Heylenlei 41,2021-09-26,16:00:00,95,41,54,FMN GV 22 Boechout
7,Victor Heylenlei 41,2021-09-26,17:00:00,80,37,43,FMN GV 22 Boechout
7,Victor Heylenlei 41,2021-09-26,18:00:00,79,35,44,FMN GV 22 Boechout
7,Victor Heylenlei 41,2021-09-26,19:00:00,39,23,16,FMN GV 22 Boechout
7,Victor Heylenlei 41,2021-09-26,20:00:00,26,17,9,FMN GV 22 Boechout
7,Victor Heylenlei 41,2021-09-26,21:00:00,14,7,7,FMN GV 22 Boechout
7,Victor Heylenlei 41,2021-09-26,22:00:00,15,4,11,FMN GV 22 Boechout
7,Victor Heylenlei 41,2021-09-26,23:00:00,9,5,4,FMN GV 22 Boechout
7,Victor Heylenlei 41,2021-09-27,00:00:00,7,6,1,FMN GV 22 Boechout
7,Victor Heylenlei 41,2021-09-27,01:00:00,3,0,3,FMN GV 22 Boechout
7,Victor Heylenlei 41,2021-09-27,02:00:00,0,0,0,FMN GV 22 Boechout
7,Victor Heylenlei 41,2021-09-27,03:00:00,1,1,0,FMN GV 22 Boechout
7,Victor Heylenlei 41,2021-09-27,04:00:00,2,2,0,FMN GV 22 Boechout
7,Victor Heylenlei 41,2021-09-27,05:00:00,7,4,3,FMN GV 22 Boechout
7,Victor Heylenlei 41,2021-09-27,06:00:00,39,31,8,FMN GV 22 Boechout
7,Victor Heylenlei 41,2021-09-27,07:00:00,137,104,33,FMN GV 22 Boechout
7,Victor Heylenlei 41,2021-09-27,08:00:00,275,113,162,FMN GV 22 Boechout
7,Victor Heylenlei 41,2021-09-27,09:00:00,46,29,17,FMN GV 22 Boechout
7,Victor Heylenlei 41,2021-09-27,10:00:00,27,16,11,FMN GV 22 Boechout
7,Victor Heylenlei 41,2021-09-27,11:00:00,36,20,16,FMN GV 22 Boechout
7,Victor Heylenlei 41,2021-09-27,12:00:00,41,22,19,FMN GV 22 Boechout
7,Victor Heylenlei 41,2021-09-27,13:00:00,32,15,17,FMN GV 22 Boechout
7,Victor Heylenlei 41,2021-09-27,14:00:00,34,15,19,FMN GV 22 Boechout
7,Victor Heylenlei 41,2021-09-27,15:00:00,116,79,37,FMN GV 22 Boechout
7,Victor Heylenlei 41,2021-09-27,16:00:00,151,77,74,FMN GV 22 Boechout
7,Victor Heylenlei 41,2021-09-27,17:00:00,97,21,76,FMN GV 22 Boechout
7,Victor Heylenlei 41,2021-09-27,18:00:00,83,23,60,FMN GV 22 Boechout
7,Victor Heylenlei 41,2021-09-27,19:00:00,60,26,34,FMN GV 22 Boechout
7,Victor Heylenlei 41,2021-09-27,20:00:00,34,20,14,FMN GV 22 Boechout
7,Victor Heylenlei 41,2021-09-27,21:00:00,17,7,10,FMN GV 22 Boechout
7,Victor Heylenlei 41,2021-09-27,22:00:00,21,9,12,FMN GV 22 Boechout
7,Victor Heylenlei 41,2021-09-27,23:00:00,3,3,0,FMN GV 22 Boechout
7,Victor Heylenlei 41,2021-09-28,00:00:00,5,3,2,FMN GV 22 Boechout
7,Victor Heylenlei 41,2021-09-28,01:00:00,2,0,2,FMN GV 22 Boechout
7,Victor Heylenlei 41,2021-09-28,02:00:00,1,1,0,FMN GV 22 Boechout
7,Victor Heylenlei 41,2021-09-28,03:00:00,2,2,0,FMN GV 22 Boechout
7,Victor Heylenlei 41,2021-09-28,04:00:00,4,2,2,FMN GV 22 Boechout
7,Victor Heylenlei 41,2021-09-28,05:00:00,5,2,3,FMN GV 22 Boechout
7,Victor Heylenlei 41,2021-09-28,06:00:00,37,32,5,FMN GV 22 Boechout
7,Victor Heylenlei 41,2021-09-28,07:00:00,161,118,43,FMN GV 22 Boechout
7,Victor Heylenlei 41,2021-09-28,08:00:00,258,109,149,FMN GV 22 Boechout
7,Victor Heylenlei 41,2021-09-28,09:00:00,67,44,23,FMN GV 22 Boechout
7,Victor Heylenlei 41,2021-09-28,10:00:00,60,25,35,FMN GV 22 Boechout
7,Victor Heylenlei 41,2021-09-28,11:00:00,56,36,20,FMN GV 22 Boechout
7,Victor Heylenlei 41,2021-09-28,12:00:00,78,40,38,FMN GV 22 Boechout
7,Victor Heylenlei 41,2021-09-28,13:00:00,79,27,52,FMN GV 22 Boechout
7,Victor Heylenlei 41,2021-09-28,14:00:00,78,32,46,FMN GV 22 Boechout
7,Victor Heylenlei 41,2021-09-28,15:00:00,107,44,63,FMN GV 22 Boechout
7,Victor Heylenlei 41,2021-09-28,16:00:00,315,195,120,FMN GV 22 Boechout
7,Victor Heylenlei 41,2021-09-28,17:00:00,175,56,119,FMN GV 22 Boechout
7,Victor Heylenlei 41,2021-09-28,18:00:00,130,42,88,FMN GV 22 Boechout
7,Victor Heylenlei 41,2021-09-28,19:00:00,77,38,39,FMN GV 22 Boechout
7,Victor Heylenlei 41,2021-09-28,20:00:00,53,32,21,FMN GV 22 Boechout
7,Victor Heylenlei 41,2021-09-28,21:00:00,19,8,11,FMN GV 22 Boechout
7,Victor Heylenlei 41,2021-09-28,22:00:00,48,25,23,FMN GV 22 Boechout
7,Victor Heylenlei 41,2021-09-28,23:00:00,8,4,4,FMN GV 22 Boechout
7,Victor Heylenlei 41,2021-09-29,00:00:00,5,3,2,FMN GV 22 Boechout
7,Victor Heylenlei 41,2021-09-29,01:00:00,1,1,0,FMN GV 22 Boechout
7,Victor Heylenlei 41,2021-09-29,02:00:00,0,0,0,FMN GV 22 Boechout
7,Victor Heylenlei 41,2021-09-29,03:00:00,0,0,0,FMN GV 22 Boechout
7,Victor Heylenlei 41,2021-09-29,04:00:00,2,2,0,FMN GV 22 Boechout
7,Victor Heylenlei 41,2021-09-29,05:00:00,7,4,3,FMN GV 22 Boechout
7,Victor Heylenlei 41,2021-09-29,06:00:00,25,21,4,FMN GV 22 Boechout
7,Victor Heylenlei 41,2021-09-29,07:00:00,93,68,25,FMN GV 22 Boechout
7,Victor Heylenlei 41,2021-09-29,08:00:00,184,65,119,FMN GV 22 Boechout
7,Victor Heylenlei 41,2021-09-29,09:00:00,27,16,11,FMN GV 22 Boechout
7,Victor Heylenlei 41,2021-09-29,10:00:00,18,13,5,FMN GV 22 Boechout
7,Victor Heylenlei 41,2021-09-29,11:00:00,24,16,8,FMN GV 22 Boechout
7,Victor Heylenlei 41,2021-09-29,12:00:00,154,121,33,FMN GV 22 Boechout
7,Victor Heylenlei 41,2021-09-29,13:00:00,48,22,26,FMN GV 22 Boechout
7,Victor Heylenlei 41,2021-09-29,14:00:00,42,14,28,FMN GV 22 Boechout
7,Victor Heylenlei 41,2021-09-29,15:00:00,25,7,18,FMN GV 22 Boechout
7,Victor Heylenlei 41,2021-09-29,16:00:00,60,10,50,FMN GV 22 Boechout
7,Victor Heylenlei 41,2021-09-29,17:00:00,66,13,53,FMN GV 22 Boechout
7,Victor Heylenlei 41,2021-09-29,18:00:00,46,20,26,FMN GV 22 Boechout
7,Victor Heylenlei 41,2021-09-29,19:00:00,30,14,16,FMN GV 22 Boechout
7,Victor Heylenlei 41,2021-09-29,20:00:00,20,6,14,FMN GV 22 Boechout
7,Victor Heylenlei 41,2021-09-29,21:00:00,15,7,8,FMN GV 22 Boechout
7,Victor Heylenlei 41,2021-09-29,22:00:00,18,7,11,FMN GV 22 Boechout
7,Victor Heylenlei 41,2021-09-29,23:00:00,5,2,3,FMN GV 22 Boechout
7,Victor Heylenlei 41,2021-09-30,00:00:00,5,4,1,FMN GV 22 Boechout
7,Victor Heylenlei 41,2021-09-30,01:00:00,1,1,0,FMN GV 22 Boechout
7,Victor Heylenlei 41,2021-09-30,02:00:00,0,0,0,FMN GV 22 Boechout
7,Victor Heylenlei 41,2021-09-30,03:00:00,2,2,0,FMN GV 22 Boechout
7,Victor Heylenlei 41,2021-09-30,04:00:00,1,1,0,FMN GV 22 Boechout
7,Victor Heylenlei 41,2021-09-30,05:00:00,8,5,3,FMN GV 22 Boechout
7,Victor Heylenlei 41,2021-09-30,06:00:00,35,29,6,FMN GV 22 Boechout
7,Victor Heylenlei 41,2021-09-30,07:00:00,140,105,35,FMN GV 22 Boechout
7,Victor Heylenlei 41,2021-09-30,08:00:00,266,112,154,FMN GV 22 Boechout
7,Victor Heylenlei 41,2021-09-30,09:00:00,87,46,41,FMN GV 22 Boechout
7,Victor Heylenlei 41,2021-09-30,10:00:00,27,17,10,FMN GV 22 Boechout
7,Victor Heylenlei 41,2021-09-30,11:00:00,0,0,0,FMN GV 22 Boechout
7,Victor Heylenlei 41,2021-09-30,12:00:00,0,0,0,FMN GV 22 Boechout
7,Victor Heylenlei 41,2021-09-30,13:00:00,0,0,0,FMN GV 22 Boechout
7,Victor Heylenlei 41,2021-09-30,14:00:00,0,0,0,FMN GV 22 Boechout
7,Victor Heylenlei 41,2021-09-30,15:00:00,0,0,0,FMN GV 22 Boechout
7,Victor Heylenlei 41,2021-09-30,16:00:00,0,0,0,FMN GV 22 Boechout
7,Victor Heylenlei 41,2021-09-30,17:00:00,0,0,0,FMN GV 22 Boechout
7,Victor Heylenlei 41,2021-09-30,18:00:00,49,16,33,FMN GV 22 Boechout
7,Victor Heylenlei 41,2021-09-30,19:00:00,47,25,22,FMN GV 22 Boechout
7,Victor Heylenlei 41,2021-09-30,20:00:00,27,14,13,FMN GV 22 Boechout
7,Victor Heylenlei 41,2021-09-30,21:00:00,18,5,13,FMN GV 22 Boechout
7,Victor Heylenlei 41,2021-09-30,22:00:00,26,16,10,FMN GV 22 Boechout
7,Victor Heylenlei 41,2021-09-30,23:00:00,18,7,11,FMN GV 22 Boechout
7,Victor Heylenlei 41,2021-10-01,00:00:00,5,1,4,FMN GV 22 Boechout
7,Victor Heylenlei 41,2021-10-01,01:00:00,4,1,3,FMN GV 22 Boechout
7,Victor Heylenlei 41,2021-10-01,02:00:00,1,1,0,FMN GV 22 Boechout
7,Victor Heylenlei 41,2021-10-01,03:00:00,0,0,0,FMN GV 22 Boechout
7,Victor Heylenlei 41,2021-10-01,04:00:00,3,3,0,FMN GV 22 Boechout
7,Victor Heylenlei 41,2021-10-01,05:00:00,8,4,4,FMN GV 22 Boechout
7,Victor Heylenlei 41,2021-10-01,06:00:00,22,18,4,FMN GV 22 Boechout
7,Victor Heylenlei 41,2021-10-01,07:00:00,121,92,29,FMN GV 22 Boechout
7,Victor Heylenlei 41,2021-10-01,08:00:00,248,90,158,FMN GV 22 Boechout
7,Victor Heylenlei 41,2021-10-01,09:00:00,42,25,17,FMN GV 22 Boechout
7,Victor Heylenlei 41,2021-10-01,10:00:00,35,21,14,FMN GV 22 Boechout
7,Victor Heylenlei 41,2021-10-01,11:00:00,31,17,14,FMN GV 22 Boechout
7,Victor Heylenlei 41,2021-10-01,12:00:00,45,26,19,FMN GV 22 Boechout
7,Victor Heylenlei 41,2021-10-01,13:00:00,48,22,26,FMN GV 22 Boechout
7,Victor Heylenlei 41,2021-10-01,14:00:00,49,12,37,FMN GV 22 Boechout
7,Victor Heylenlei 41,2021-10-01,15:00:00,61,20,41,FMN GV 22 Boechout
7,Victor Heylenlei 41,2021-10-01,16:00:00,196,143,53,FMN GV 22 Boechout
7,Victor Heylenlei 41,2021-10-01,17:00:00,72,18,54,FMN GV 22 Boechout
7,Victor Heylenlei 41,2021-10-01,18:00:00,44,12,32,FMN GV 22 Boechout
7,Victor Heylenlei 41,2021-10-01,19:00:00,32,12,20,FMN GV 22 Boechout
7,Victor Heylenlei 41,2021-10-01,20:00:00,15,5,10,FMN GV 22 Boechout
7,Victor Heylenlei 41,2021-10-01,21:00:00,54,6,48,FMN GV 22 Boechout
7,Victor Heylenlei 41,2021-10-01,22:00:00,54,9,45,FMN GV 22 Boechout
7,Victor Heylenlei 41,2021-10-01,23:00:00,17,5,12,FMN GV 22 Boechout
7,Victor Heylenlei 41,2021-10-02,00:00:00,7,4,3,FMN GV 22 Boechout
7,Victor Heylenlei 41,2021-10-02,01:00:00,52,38,14,FMN GV 22 Boechout
7,Victor Heylenlei 41,2021-10-02,02:00:00,48,42,6,FMN GV 22 Boechout
7,Victor Heylenlei 41,2021-10-02,03:00:00,54,48,6,FMN GV 22 Boechout
7,Victor Heylenlei 41,2021-10-02,04:00:00,8,8,0,FMN GV 22 Boechout
7,Victor Heylenlei 41,2021-10-02,05:00:00,4,4,0,FMN GV 22 Boechout
7,Victor Heylenlei 41,2021-10-02,06:00:00,8,2,6,FMN GV 22 Boechout
7,Victor Heylenlei 41,2021-10-02,07:00:00,11,8,3,FMN GV 22 Boechout
7,Victor Heylenlei 41,2021-10-02,08:00:00,16,5,11,FMN GV 22 Boechout
7,Victor Heylenlei 41,2021-10-02,09:00:00,42,14,28,FMN GV 22 Boechout
7,Victor Heylenlei 41,2021-10-02,10:00:00,70,24,46,FMN GV 22 Boechout
7,Victor Heylenlei 41,2021-10-02,11:00:00,73,47,26,FMN GV 22 Boechout
7,Victor Heylenlei 41,2021-10-02,12:00:00,72,49,23,FMN GV 22 Boechout
7,Victor Heylenlei 41,2021-10-02,13:00:00,83,50,33,FMN GV 22 Boechout
7,Victor Heylenlei 41,2021-10-02,14:00:00,70,36,34,FMN GV 22 Boechout
7,Victor Heylenlei 41,2021-10-02,15:00:00,55,29,26,FMN GV 22 Boechout
7,Victor Heylenlei 41,2021-10-02,16:00:00,56,22,34,FMN GV 22 Boechout
7,Victor Heylenlei 41,2021-10-02,17:00:00,48,28,20,FMN GV 22 Boechout
7,Victor Heylenlei 41,2021-10-02,18:00:00,17,10,7,FMN GV 22 Boechout
7,Victor Heylenlei 41,2021-10-02,19:00:00,15,6,9,FMN GV 22 Boechout
7,Victor Heylenlei 41,2021-10-02,20:00:00,6,4,2,FMN GV 22 Boechout
7,Victor Heylenlei 41,2021-10-02,21:00:00,9,4,5,FMN GV 22 Boechout
7,Victor Heylenlei 41,2021-10-02,22:00:00,4,0,4,FMN GV 22 Boechout
7,Victor Heylenlei 41,2021-10-02,23:00:00,10,2,8,FMN GV 22 Boechout
7,Victor Heylenlei 41,2021-10-03,00:00:00,6,5,1,FMN GV 22 Boechout
7,Victor Heylenlei 41,2021-10-03,01:00:00,5,2,3,FMN GV 22 Boechout
7,Victor Heylenlei 41,2021-10-03,02:00:00,4,4,0,FMN GV 22 Boechout
7,Victor Heylenlei 41,2021-10-03,03:00:00,2,2,0,FMN GV 22 Boechout
7,Victor Heylenlei 41,2021-10-03,04:00:00,3,1,2,FMN GV 22 Boechout
7,Victor Heylenlei 41,2021-10-03,05:00:00,1,1,0,FMN GV 22 Boechout
7,Victor Heylenlei 41,2021-10-03,06:00:00,3,3,0,FMN GV 22 Boechout
7,Victor Heylenlei 41,2021-10-03,07:00:00,6,4,2,FMN GV 22 Boechout
7,Victor Heylenlei 41,2021-10-03,08:00:00,2,0,2,FMN GV 22 Boechout
7,Victor Heylenlei 41,2021-10-03,09:00:00,10,7,3,FMN GV 22 Boechout
7,Victor Heylenlei 41,2021-10-03,10:00:00,21,5,16,FMN GV 22 Boechout
7,Victor Heylenlei 41,2021-10-03,11:00:00,15,6,9,FMN GV 22 Boechout
7,Victor Heylenlei 41,2021-10-03,12:00:00,15,9,6,FMN GV 22 Boechout
7,Victor Heylenlei 41,2021-10-03,13:00:00,22,7,15,FMN GV 22 Boechout
7,Victor Heylenlei 41,2021-10-03,14:00:00,10,6,4,FMN GV 22 Boechout
7,Victor Heylenlei 41,2021-10-03,15:00:00,18,8,10,FMN GV 22 Boechout
7,Victor Heylenlei 41,2021-10-03,16:00:00,29,16,13,FMN GV 22 Boechout
7,Victor Heylenlei 41,2021-10-03,17:00:00,28,14,14,FMN GV 22 Boechout
7,Victor Heylenlei 41,2021-10-03,18:00:00,29,19,10,FMN GV 22 Boechout
7,Victor Heylenlei 41,2021-10-03,19:00:00,21,15,6,FMN GV 22 Boechout
7,Victor Heylenlei 41,2021-10-03,20:00:00,7,4,3,FMN GV 22 Boechout
7,Victor Heylenlei 41,2021-10-03,21:00:00,10,7,3,FMN GV 22 Boechout
7,Victor Heylenlei 41,2021-10-03,22:00:00,11,2,9,FMN GV 22 Boechout
7,Victor Heylenlei 41,2021-10-03,23:00:00,5,3,2,FMN GV 22 Boechout
7,Victor Heylenlei 41,2021-10-04,00:00:00,2,1,1,FMN GV 22 Boechout
7,Victor Heylenlei 41,2021-10-04,01:00:00,2,2,0,FMN GV 22 Boechout
7,Victor Heylenlei 41,2021-10-04,02:00:00,1,1,0,FMN GV 22 Boechout
7,Victor Heylenlei 41,2021-10-04,03:00:00,1,0,1,FMN GV 22 Boechout
7,Victor Heylenlei 41,2021-10-04,04:00:00,3,3,0,FMN GV 22 Boechout
7,Victor Heylenlei 41,2021-10-04,05:00:00,14,9,5,FMN GV 22 Boechout
7,Victor Heylenlei 41,2021-10-04,06:00:00,36,31,5,FMN GV 22 Boechout
7,Victor Heylenlei 41,2021-10-04,07:00:00,137,106,31,FMN GV 22 Boechout
7,Victor Heylenlei 41,2021-10-04,08:00:00,270,110,160,FMN GV 22 Boechout
7,Victor Heylenlei 41,2021-10-04,09:00:00,48,31,17,FMN GV 22 Boechout
7,Victor Heylenlei 41,2021-10-04,10:00:00,39,19,20,FMN GV 22 Boechout
7,Victor Heylenlei 41,2021-10-04,11:00:00,47,28,19,FMN GV 22 Boechout
7,Victor Heylenlei 41,2021-10-04,12:00:00,59,36,23,FMN GV 22 Boechout
7,Victor Heylenlei 41,2021-10-04,13:00:00,69,34,35,FMN GV 22 Boechout
7,Victor Heylenlei 41,2021-10-04,14:00:00,103,35,68,FMN GV 22 Boechout
7,Victor Heylenlei 41,2021-10-04,15:00:00,115,53,62,FMN GV 22 Boechout
7,Victor Heylenlei 41,2021-10-04,16:00:00,259,150,109,FMN GV 22 Boechout
7,Victor Heylenlei 41,2021-10-04,17:00:00,173,69,104,FMN GV 22 Boechout
7,Victor Heylenlei 41,2021-10-04,18:00:00,112,37,75,FMN GV 22 Boechout
7,Victor Heylenlei 41,2021-10-04,19:00:00,43,29,14,FMN GV 22 Boechout
7,Victor Heylenlei 41,2021-10-04,20:00:00,23,11,12,FMN GV 22 Boechout
7,Victor Heylenlei 41,2021-10-04,21:00:00,17,5,12,FMN GV 22 Boechout
7,Victor Heylenlei 41,2021-10-04,22:00:00,20,8,12,FMN GV 22 Boechout
7,Victor Heylenlei 41,2021-10-04,23:00:00,10,3,7,FMN GV 22 Boechout
7,Victor Heylenlei 41,2021-10-05,00:00:00,3,2,1,FMN GV 22 Boechout
7,Victor Heylenlei 41,2021-10-05,01:00:00,1,0,1,FMN GV 22 Boechout
7,Victor Heylenlei 41,2021-10-05,02:00:00,1,1,0,FMN GV 22 Boechout
7,Victor Heylenlei 41,2021-10-05,03:00:00,0,0,0,FMN GV 22 Boechout
7,Victor Heylenlei 41,2021-10-05,04:00:00,6,3,3,FMN GV 22 Boechout
7,Victor Heylenlei 41,2021-10-05,05:00:00,12,6,6,FMN GV 22 Boechout
7,Victor Heylenlei 41,2021-10-05,06:00:00,21,19,2,FMN GV 22 Boechout
7,Victor Heylenlei 41,2021-10-05,07:00:00,122,98,24,FMN GV 22 Boechout
7,Victor Heylenlei 41,2021-10-05,08:00:00,125,92,33,FMN GV 22 Boechout
7,Victor Heylenlei 41,2021-10-05,09:00:00,58,36,22,FMN GV 22 Boechout
7,Victor Heylenlei 41,2021-10-05,10:00:00,45,22,23,FMN GV 22 Boechout
7,Victor Heylenlei 41,2021-10-05,11:00:00,34,19,15,FMN GV 22 Boechout
7,Victor Heylenlei 41,2021-10-05,12:00:00,40,16,24,FMN GV 22 Boechout
7,Victor Heylenlei 41,2021-10-05,13:00:00,29,8,21,FMN GV 22 Boechout
7,Victor Heylenlei 41,2021-10-05,14:00:00,35,18,17,FMN GV 22 Boechout
7,Victor Heylenlei 41,2021-10-05,15:00:00,43,17,26,FMN GV 22 Boechout
7,Victor Heylenlei 41,2021-10-05,16:00:00,125,30,95,FMN GV 22 Boechout
7,Victor Heylenlei 41,2021-10-05,17:00:00,132,35,97,FMN GV 22 Boechout
7,Victor Heylenlei 41,2021-10-05,18:00:00,97,34,63,FMN GV 22 Boechout
7,Victor Heylenlei 41,2021-10-05,19:00:00,64,19,45,FMN GV 22 Boechout
7,Victor Heylenlei 41,2021-10-05,20:00:00,37,15,22,FMN GV 22 Boechout
7,Victor Heylenlei 41,2021-10-05,21:00:00,16,8,8,FMN GV 22 Boechout
7,Victor Heylenlei 41,2021-10-05,22:00:00,20,12,8,FMN GV 22 Boechout
7,Victor Heylenlei 41,2021-10-05,23:00:00,9,7,2,FMN GV 22 Boechout
7,Victor Heylenlei 41,2021-10-06,00:00:00,21,17,4,FMN GV 22 Boechout
7,Victor Heylenlei 41,2021-10-06,01:00:00,7,6,1,FMN GV 22 Boechout
7,Victor Heylenlei 41,2021-10-06,02:00:00,2,2,0,FMN GV 22 Boechout
7,Victor Heylenlei 41,2021-10-06,03:00:00,1,1,0,FMN GV 22 Boechout
7,Victor Heylenlei 41,2021-10-06,04:00:00,4,4,0,FMN GV 22 Boechout
7,Victor Heylenlei 41,2021-10-06,05:00:00,9,5,4,FMN GV 22 Boechout
7,Victor Heylenlei 41,2021-10-06,06:00:00,17,13,4,FMN GV 22 Boechout
7,Victor Heylenlei 41,2021-10-06,07:00:00,78,51,27,FMN GV 22 Boechout
7,Victor Heylenlei 41,2021-10-06,08:00:00,170,60,110,FMN GV 22 Boechout
7,Victor Heylenlei 41,2021-10-06,09:00:00,23,14,9,FMN GV 22 Boechout
7,Victor Heylenlei 41,2021-10-06,10:00:00,13,11,2,FMN GV 22 Boechout
7,Victor Heylenlei 41,2021-10-06,11:00:00,19,12,7,FMN GV 22 Boechout
7,Victor Heylenlei 41,2021-10-06,12:00:00,144,118,26,FMN GV 22 Boechout
7,Victor Heylenlei 41,2021-10-06,13:00:00,44,18,26,FMN GV 22 Boechout
7,Victor Heylenlei 41,2021-10-06,14:00:00,40,12,28,FMN GV 22 Boechout
7,Victor Heylenlei 41,2021-10-06,15:00:00,30,15,15,FMN GV 22 Boechout
7,Victor Heylenlei 41,2021-10-06,16:00:00,50,15,35,FMN GV 22 Boechout
7,Victor Heylenlei 41,2021-10-06,17:00:00,70,21,49,FMN GV 22 Boechout
7,Victor Heylenlei 41,2021-10-06,18:00:00,58,18,40,FMN GV 22 Boechout
7,Victor Heylenlei 41,2021-10-06,19:00:00,24,10,14,FMN GV 22 Boechout
7,Victor Heylenlei 41,2021-10-06,20:00:00,22,14,8,FMN GV 22 Boechout
7,Victor Heylenlei 41,2021-10-06,21:00:00,12,6,6,FMN GV 22 Boechout
7,Victor Heylenlei 41,2021-10-06,22:00:00,9,6,3,FMN GV 22 Boechout
7,Victor Heylenlei 41,2021-10-06,23:00:00,6,0,6,FMN GV 22 Boechout
7,Victor Heylenlei 41,2021-10-07,00:00:00,2,2,0,FMN GV 22 Boechout
7,Victor Heylenlei 41,2021-10-07,01:00:00,2,0,2,FMN GV 22 Boechout
7,Victor Heylenlei 41,2021-10-07,02:00:00,1,0,1,FMN GV 22 Boechout
7,Victor Heylenlei 41,2021-10-07,03:00:00,1,1,0,FMN GV 22 Boechout
7,Victor Heylenlei 41,2021-10-07,04:00:00,2,2,0,FMN GV 22 Boechout
7,Victor Heylenlei 41,2021-10-07,05:00:00,14,7,7,FMN GV 22 Boechout
7,Victor Heylenlei 41,2021-10-07,06:00:00,33,28,5,FMN GV 22 Boechout
7,Victor Heylenlei 41,2021-10-07,07:00:00,153,108,45,FMN GV 22 Boechout
7,Victor Heylenlei 41,2021-10-07,08:00:00,286,127,159,FMN GV 22 Boechout
7,Victor Heylenlei 41,2021-10-07,09:00:00,50,35,15,FMN GV 22 Boechout
7,Victor Heylenlei 41,2021-10-07,10:00:00,53,32,21,FMN GV 22 Boechout
7,Victor Heylenlei 41,2021-10-07,11:00:00,56,36,20,FMN GV 22 Boechout
7,Victor Heylenlei 41,2021-10-07,12:00:00,15,13,2,FMN GV 22 Boechout
7,Victor Heylenlei 41,2021-10-07,13:00:00,0,0,0,FMN GV 22 Boechout
7,Victor Heylenlei 41,2021-10-07,14:00:00,0,0,0,FMN GV 22 Boechout
7,Victor Heylenlei 41,2021-10-07,15:00:00,0,0,0,FMN GV 22 Boechout
7,Victor Heylenlei 41,2021-10-07,16:00:00,0,0,0,FMN GV 22 Boechout
7,Victor Heylenlei 41,2021-10-07,17:00:00,0,0,0,FMN GV 22 Boechout
7,Victor Heylenlei 41,2021-10-07,18:00:00,76,30,46,FMN GV 22 Boechout
7,Victor Heylenlei 41,2021-10-07,19:00:00,70,35,35,FMN GV 22 Boechout
7,Victor Heylenlei 41,2021-10-07,20:00:00,28,14,14,FMN GV 22 Boechout
7,Victor Heylenlei 41,2021-10-07,21:00:00,15,5,10,FMN GV 22 Boechout
7,Victor Heylenlei 41,2021-10-07,22:00:00,28,9,19,FMN GV 22 Boechout
7,Victor Heylenlei 41,2021-10-07,23:00:00,12,5,7,FMN GV 22 Boechout
7,Victor Heylenlei 41,2021-10-08,00:00:00,7,1,6,FMN GV 22 Boechout
7,Victor Heylenlei 41,2021-10-08,01:00:00,2,0,2,FMN GV 22 Boechout
7,Victor Heylenlei 41,2021-10-08,02:00:00,0,0,0,FMN GV 22 Boechout
7,Victor Heylenlei 41,2021-10-08,03:00:00,2,2,0,FMN GV 22 Boechout
7,Victor Heylenlei 41,2021-10-08,04:00:00,5,4,1,FMN GV 22 Boechout
7,Victor Heylenlei 41,2021-10-08,05:00:00,14,7,7,FMN GV 22 Boechout
7,Victor Heylenlei 41,2021-10-08,06:00:00,24,22,2,FMN GV 22 Boechout
7,Victor Heylenlei 41,2021-10-08,07:00:00,119,79,40,FMN GV 22 Boechout
7,Victor Heylenlei 41,2021-10-08,08:00:00,234,87,147,FMN GV 22 Boechout
7,Victor Heylenlei 41,2021-10-08,09:00:00,45,30,15,FMN GV 22 Boechout
7,Victor Heylenlei 41,2021-10-08,10:00:00,42,16,26,FMN GV 22 Boechout
7,Victor Heylenlei 41,2021-10-08,11:00:00,60,32,28,FMN GV 22 Boechout
7,Victor Heylenlei 41,2021-10-08,12:00:00,85,43,42,FMN GV 22 Boechout
7,Victor Heylenlei 41,2021-10-08,13:00:00,129,76,53,FMN GV 22 Boechout
7,Victor Heylenlei 41,2021-10-08,14:00:00,118,44,74,FMN GV 22 Boechout
7,Victor Heylenlei 41,2021-10-08,15:00:00,166,81,85,FMN GV 22 Boechout
7,Victor Heylenlei 41,2021-10-08,16:00:00,320,185,135,FMN GV 22 Boechout
7,Victor Heylenlei 41,2021-10-08,17:00:00,172,65,107,FMN GV 22 Boechout
7,Victor Heylenlei 41,2021-10-08,18:00:00,84,44,40,FMN GV 22 Boechout
7,Victor Heylenlei 41,2021-10-08,19:00:00,56,29,27,FMN GV 22 Boechout
7,Victor Heylenlei 41,2021-10-08,20:00:00,32,7,25,FMN GV 22 Boechout
7,Victor Heylenlei 41,2021-10-08,21:00:00,22,9,13,FMN GV 22 Boechout
7,Victor Heylenlei 41,2021-10-08,22:00:00,30,11,19,FMN GV 22 Boechout
7,Victor Heylenlei 41,2021-10-08,23:00:00,10,3,7,FMN GV 22 Boechout
7,Victor Heylenlei 41,2021-10-09,00:00:00,22,14,8,FMN GV 22 Boechout
7,Victor Heylenlei 41,2021-10-09,01:00:00,10,5,5,FMN GV 22 Boechout
7,Victor Heylenlei 41,2021-10-09,02:00:00,3,0,3,FMN GV 22 Boechout
7,Victor Heylenlei 41,2021-10-09,03:00:00,6,3,3,FMN GV 22 Boechout
7,Victor Heylenlei 41,2021-10-09,04:00:00,3,2,1,FMN GV 22 Boechout
7,Victor Heylenlei 41,2021-10-09,05:00:00,4,2,2,FMN GV 22 Boechout
7,Victor Heylenlei 41,2021-10-09,06:00:00,7,5,2,FMN GV 22 Boechout
7,Victor Heylenlei 41,2021-10-09,07:00:00,3,1,2,FMN GV 22 Boechout
7,Victor Heylenlei 41,2021-10-09,08:00:00,23,9,14,FMN GV 22 Boechout
7,Victor Heylenlei 41,2021-10-09,09:00:00,71,26,45,FMN GV 22 Boechout
7,Victor Heylenlei 41,2021-10-09,10:00:00,89,42,47,FMN GV 22 Boechout
7,Victor Heylenlei 41,2021-10-09,11:00:00,100,51,49,FMN GV 22 Boechout
7,Victor Heylenlei 41,2021-10-09,12:00:00,108,51,57,FMN GV 22 Boechout
7,Victor Heylenlei 41,2021-10-09,13:00:00,162,85,77,FMN GV 22 Boechout
7,Victor Heylenlei 41,2021-10-09,14:00:00,167,70,97,FMN GV 22 Boechout
7,Victor Heylenlei 41,2021-10-09,15:00:00,141,73,68,FMN GV 22 Boechout
7,Victor Heylenlei 41,2021-10-09,16:00:00,133,78,55,FMN GV 22 Boechout
7,Victor Heylenlei 41,2021-10-09,17:00:00,130,70,60,FMN GV 22 Boechout
7,Victor Heylenlei 41,2021-10-09,18:00:00,50,24,26,FMN GV 22 Boechout
7,Victor Heylenlei 41,2021-10-09,19:00:00,36,23,13,FMN GV 22 Boechout
7,Victor Heylenlei 41,2021-10-09,20:00:00,27,16,11,FMN GV 22 Boechout
7,Victor Heylenlei 41,2021-10-09,21:00:00,21,10,11,FMN GV 22 Boechout
7,Victor Heylenlei 41,2021-10-09,22:00:00,20,9,11,FMN GV 22 Boechout
7,Victor Heylenlei 41,2021-10-09,23:00:00,16,10,6,FMN GV 22 Boechout
7,Victor Heylenlei 41,2021-10-10,00:00:00,9,1,8,FMN GV 22 Boechout
7,Victor Heylenlei 41,2021-10-10,01:00:00,3,2,1,FMN GV 22 Boechout
7,Victor Heylenlei 41,2021-10-10,02:00:00,4,1,3,FMN GV 22 Boechout
7,Victor Heylenlei 41,2021-10-10,03:00:00,2,0,2,FMN GV 22 Boechout
7,Victor Heylenlei 41,2021-10-10,04:00:00,2,2,0,FMN GV 22 Boechout
7,Victor Heylenlei 41,2021-10-10,05:00:00,2,1,1,FMN GV 22 Boechout
7,Victor Heylenlei 41,2021-10-10,06:00:00,8,4,4,FMN GV 22 Boechout
7,Victor Heylenlei 41,2021-10-10,07:00:00,0,0,0,FMN GV 22 Boechout
7,Victor Heylenlei 41,2021-10-10,08:00:00,24,9,15,FMN GV 22 Boechout
7,Victor Heylenlei 41,2021-10-10,09:00:00,75,20,55,FMN GV 22 Boechout
7,Victor Heylenlei 41,2021-10-10,10:00:00,101,51,50,FMN GV 22 Boechout
7,Victor Heylenlei 41,2021-10-10,11:00:00,132,91,41,FMN GV 22 Boechout
7,Victor Heylenlei 41,2021-10-10,12:00:00,113,76,37,FMN GV 22 Boechout
7,Victor Heylenlei 41,2021-10-10,13:00:00,136,71,65,FMN GV 22 Boechout
7,Victor Heylenlei 41,2021-10-10,14:00:00,204,109,95,FMN GV 22 Boechout
7,Victor Heylenlei 41,2021-10-10,15:00:00,157,68,89,FMN GV 22 Boechout
7,Victor Heylenlei 41,2021-10-10,16:00:00,169,82,87,FMN GV 22 Boechout
7,Victor Heylenlei 41,2021-10-10,17:00:00,134,63,71,FMN GV 22 Boechout
7,Victor Heylenlei 41,2021-10-10,18:00:00,59,19,40,FMN GV 22 Boechout
7,Victor Heylenlei 41,2021-10-10,19:00:00,35,24,11,FMN GV 22 Boechout
7,Victor Heylenlei 41,2021-10-10,20:00:00,16,13,3,FMN GV 22 Boechout
7,Victor Heylenlei 41,2021-10-10,21:00:00,10,5,5,FMN GV 22 Boechout
7,Victor Heylenlei 41,2021-10-10,22:00:00,14,5,9,FMN GV 22 Boechout
7,Victor Heylenlei 41,2021-10-10,23:00:00,10,2,8,FMN GV 22 Boechout
7,Victor Heylenlei 41,2021-10-11,00:00:00,3,1,2,FMN GV 22 Boechout
7,Victor Heylenlei 41,2021-10-11,01:00:00,2,1,1,FMN GV 22 Boechout
7,Victor Heylenlei 41,2021-10-11,02:00:00,1,0,1,FMN GV 22 Boechout
7,Victor Heylenlei 41,2021-10-11,03:00:00,0,0,0,FMN GV 22 Boechout
7,Victor Heylenlei 41,2021-10-11,04:00:00,4,4,0,FMN GV 22 Boechout
7,Victor Heylenlei 41,2021-10-11,05:00:00,8,2,6,FMN GV 22 Boechout
7,Victor Heylenlei 41,2021-10-11,06:00:00,46,36,10,FMN GV 22 Boechout
7,Victor Heylenlei 41,2021-10-11,07:00:00,130,96,34,FMN GV 22 Boechout
7,Victor Heylenlei 41,2021-10-11,08:00:00,288,127,161,FMN GV 22 Boechout
7,Victor Heylenlei 41,2021-10-11,09:00:00,46,33,13,FMN GV 22 Boechout
7,Victor Heylenlei 41,2021-10-11,10:00:00,24,14,10,FMN GV 22 Boechout
7,Victor Heylenlei 41,2021-10-11,11:00:00,24,10,14,FMN GV 22 Boechout
7,Victor Heylenlei 41,2021-10-11,12:00:00,38,17,21,FMN GV 22 Boechout
7,Victor Heylenlei 41,2021-10-11,13:00:00,54,24,30,FMN GV 22 Boechout
7,Victor Heylenlei 41,2021-10-11,14:00:00,76,37,39,FMN GV 22 Boechout
7,Victor Heylenlei 41,2021-10-11,15:00:00,95,42,53,FMN GV 22 Boechout
7,Victor Heylenlei 41,2021-10-11,16:00:00,248,163,85,FMN GV 22 Boechout
7,Victor Heylenlei 41,2021-10-11,17:00:00,138,37,101,FMN GV 22 Boechout
7,Victor Heylenlei 41,2021-10-11,18:00:00,74,24,50,FMN GV 22 Boechout
7,Victor Heylenlei 41,2021-10-11,19:00:00,44,14,30,FMN GV 22 Boechout
7,Victor Heylenlei 41,2021-10-11,20:00:00,16,6,10,FMN GV 22 Boechout
7,Victor Heylenlei 41,2021-10-11,21:00:00,18,13,5,FMN GV 22 Boechout
7,Victor Heylenlei 41,2021-10-11,22:00:00,18,10,8,FMN GV 22 Boechout
7,Victor Heylenlei 41,2021-10-11,23:00:00,7,5,2,FMN GV 22 Boechout
7,Victor Heylenlei 41,2021-10-12,00:00:00,4,0,4,FMN GV 22 Boechout
7,Victor Heylenlei 41,2021-10-12,01:00:00,1,0,1,FMN GV 22 Boechout
7,Victor Heylenlei 41,2021-10-12,02:00:00,2,1,1,FMN GV 22 Boechout
7,Victor Heylenlei 41,2021-10-12,03:00:00,0,0,0,FMN GV 22 Boechout
7,Victor Heylenlei 41,2021-10-12,04:00:00,3,3,0,FMN GV 22 Boechout
7,Victor Heylenlei 41,2021-10-12,05:00:00,9,3,6,FMN GV 22 Boechout
7,Victor Heylenlei 41,2021-10-12,06:00:00,35,26,9,FMN GV 22 Boechout
7,Victor Heylenlei 41,2021-10-12,07:00:00,122,94,28,FMN GV 22 Boechout
7,Victor Heylenlei 41,2021-10-12,08:00:00,250,99,151,FMN GV 22 Boechout
7,Victor Heylenlei 41,2021-10-12,09:00:00,52,30,22,FMN GV 22 Boechout
7,Victor Heylenlei 41,2021-10-12,10:00:00,20,12,8,FMN GV 22 Boechout
7,Victor Heylenlei 41,2021-10-12,11:00:00,34,21,13,FMN GV 22 Boechout
7,Victor Heylenlei 41,2021-10-12,12:00:00,33,17,16,FMN GV 22 Boechout
7,Victor Heylenlei 41,2021-10-12,13:00:00,31,10,21,FMN GV 22 Boechout
7,Victor Heylenlei 41,2021-10-12,14:00:00,25,15,10,FMN GV 22 Boechout
7,Victor Heylenlei 41,2021-10-12,15:00:00,42,15,27,FMN GV 22 Boechout
7,Victor Heylenlei 41,2021-10-12,16:00:00,217,129,88,FMN GV 22 Boechout
7,Victor Heylenlei 41,2021-10-12,17:00:00,129,40,89,FMN GV 22 Boechout
7,Victor Heylenlei 41,2021-10-12,18:00:00,69,19,50,FMN GV 22 Boechout
7,Victor Heylenlei 41,2021-10-12,19:00:00,27,7,20,FMN GV 22 Boechout
7,Victor Heylenlei 41,2021-10-12,20:00:00,32,11,21,FMN GV 22 Boechout
7,Victor Heylenlei 41,2021-10-12,21:00:00,22,14,8,FMN GV 22 Boechout
7,Victor Heylenlei 41,2021-10-12,22:00:00,16,9,7,FMN GV 22 Boechout
7,Victor Heylenlei 41,2021-10-12,23:00:00,5,2,3,FMN GV 22 Boechout
7,Victor Heylenlei 41,2021-10-13,00:00:00,2,1,1,FMN GV 22 Boechout
7,Victor Heylenlei 41,2021-10-13,01:00:00,0,0,0,FMN GV 22 Boechout
7,Victor Heylenlei 41,2021-10-13,02:00:00,1,1,0,FMN GV 22 Boechout
7,Victor Heylenlei 41,2021-10-13,03:00:00,0,0,0,FMN GV 22 Boechout
7,Victor Heylenlei 41,2021-10-13,04:00:00,2,2,0,FMN GV 22 Boechout
7,Victor Heylenlei 41,2021-10-13,05:00:00,10,5,5,FMN GV 22 Boechout
7,Victor Heylenlei 41,2021-10-13,06:00:00,36,25,11,FMN GV 22 Boechout
7,Victor Heylenlei 41,2021-10-13,07:00:00,118,86,32,FMN GV 22 Boechout
7,Victor Heylenlei 41,2021-10-13,08:00:00,131,94,37,FMN GV 22 Boechout
7,Victor Heylenlei 41,2021-10-13,09:00:00,41,23,18,FMN GV 22 Boechout
7,Victor Heylenlei 41,2021-10-13,10:00:00,29,16,13,FMN GV 22 Boechout
7,Victor Heylenlei 41,2021-10-13,11:00:00,53,21,32,FMN GV 22 Boechout
7,Victor Heylenlei 41,2021-10-13,12:00:00,65,31,34,FMN GV 22 Boechout
7,Victor Heylenlei 41,2021-10-13,13:00:00,87,46,41,FMN GV 22 Boechout
7,Victor Heylenlei 41,2021-10-13,14:00:00,81,31,50,FMN GV 22 Boechout
7,Victor Heylenlei 41,2021-10-13,15:00:00,80,38,42,FMN GV 22 Boechout
7,Victor Heylenlei 41,2021-10-13,16:00:00,118,39,79,FMN GV 22 Boechout
7,Victor Heylenlei 41,2021-10-13,17:00:00,110,40,70,FMN GV 22 Boechout
7,Victor Heylenlei 41,2021-10-13,18:00:00,98,51,47,FMN GV 22 Boechout
7,Victor Heylenlei 41,2021-10-13,19:00:00,42,30,12,FMN GV 22 Boechout
7,Victor Heylenlei 41,2021-10-13,20:00:00,26,11,15,FMN GV 22 Boechout
7,Victor Heylenlei 41,2021-10-13,21:00:00,10,8,2,FMN GV 22 Boechout
7,Victor Heylenlei 41,2021-10-13,22:00:00,14,6,8,FMN GV 22 Boechout
7,Victor Heylenlei 41,2021-10-13,23:00:00,10,1,9,FMN GV 22 Boechout
7,Victor Heylenlei 41,2021-10-14,00:00:00,7,2,5,FMN GV 22 Boechout
7,Victor Heylenlei 41,2021-10-14,01:00:00,3,1,2,FMN GV 22 Boechout
7,Victor Heylenlei 41,2021-10-14,02:00:00,0,0,0,FMN GV 22 Boechout
7,Victor Heylenlei 41,2021-10-14,03:00:00,1,1,0,FMN GV 22 Boechout
7,Victor Heylenlei 41,2021-10-14,04:00:00,1,1,0,FMN GV 22 Boechout
7,Victor Heylenlei 41,2021-10-14,05:00:00,12,7,5,FMN GV 22 Boechout
7,Victor Heylenlei 41,2021-10-14,06:00:00,36,30,6,FMN GV 22 Boechout
7,Victor Heylenlei 41,2021-10-14,07:00:00,136,99,37,FMN GV 22 Boechout
7,Victor Heylenlei 41,2021-10-14,08:00:00,267,118,149,FMN GV 22 Boechout
7,Victor Heylenlei 41,2021-10-14,09:00:00,34,24,10,FMN GV 22 Boechout
7,Victor Heylenlei 41,2021-10-14,10:00:00,52,27,25,FMN GV 22 Boechout
7,Victor Heylenlei 41,2021-10-14,11:00:00,29,15,14,FMN GV 22 Boechout
7,Victor Heylenlei 41,2021-10-14,12:00:00,51,29,22,FMN GV 22 Boechout
7,Victor Heylenlei 41,2021-10-14,13:00:00,59,24,35,FMN GV 22 Boechout
7,Victor Heylenlei 41,2021-10-14,14:00:00,48,23,25,FMN GV 22 Boechout
7,Victor Heylenlei 41,2021-10-14,15:00:00,88,28,60,FMN GV 22 Boechout
7,Victor Heylenlei 41,2021-10-14,16:00:00,230,151,79,FMN GV 22 Boechout
7,Victor Heylenlei 41,2021-10-14,17:00:00,153,39,114,FMN GV 22 Boechout
7,Victor Heylenlei 41,2021-10-14,18:00:00,81,23,58,FMN GV 22 Boechout
7,Victor Heylenlei 41,2021-10-14,19:00:00,53,27,26,FMN GV 22 Boechout
7,Victor Heylenlei 41,2021-10-14,20:00:00,24,13,11,FMN GV 22 Boechout
7,Victor Heylenlei 41,2021-10-14,21:00:00,18,12,6,FMN GV 22 Boechout
7,Victor Heylenlei 41,2021-10-14,22:00:00,20,10,10,FMN GV 22 Boechout
7,Victor Heylenlei 41,2021-10-14,23:00:00,9,4,5,FMN GV 22 Boechout
7,Victor Heylenlei 41,2021-10-15,00:00:00,7,3,4,FMN GV 22 Boechout
7,Victor Heylenlei 41,2021-10-15,01:00:00,1,0,1,FMN GV 22 Boechout
7,Victor Heylenlei 41,2021-10-15,02:00:00,4,2,2,FMN GV 22 Boechout
7,Victor Heylenlei 41,2021-10-15,03:00:00,1,1,0,FMN GV 22 Boechout
7,Victor Heylenlei 41,2021-10-15,04:00:00,3,2,1,FMN GV 22 Boechout
7,Victor Heylenlei 41,2021-10-15,05:00:00,9,1,8,FMN GV 22 Boechout
7,Victor Heylenlei 41,2021-10-15,06:00:00,25,20,5,FMN GV 22 Boechout
7,Victor Heylenlei 41,2021-10-15,07:00:00,118,85,33,FMN GV 22 Boechout
7,Victor Heylenlei 41,2021-10-15,08:00:00,218,77,141,FMN GV 22 Boechout
7,Victor Heylenlei 41,2021-10-15,09:00:00,45,27,18,FMN GV 22 Boechout
7,Victor Heylenlei 41,2021-10-15,10:00:00,22,9,13,FMN GV 22 Boechout
7,Victor Heylenlei 41,2021-10-15,11:00:00,13,7,6,FMN GV 22 Boechout
7,Victor Heylenlei 41,2021-10-15,12:00:00,35,18,17,FMN GV 22 Boechout
7,Victor Heylenlei 41,2021-10-15,13:00:00,41,20,21,FMN GV 22 Boechout
7,Victor Heylenlei 41,2021-10-15,14:00:00,50,13,37,FMN GV 22 Boechout
7,Victor Heylenlei 41,2021-10-15,15:00:00,91,39,52,FMN GV 22 Boechout
7,Victor Heylenlei 41,2021-10-15,16:00:00,210,119,91,FMN GV 22 Boechout
7,Victor Heylenlei 41,2021-10-15,17:00:00,142,73,69,FMN GV 22 Boechout
7,Victor Heylenlei 41,2021-10-15,18:00:00,81,33,48,FMN GV 22 Boechout
7,Victor Heylenlei 41,2021-10-15,19:00:00,48,23,25,FMN GV 22 Boechout
7,Victor Heylenlei 41,2021-10-15,20:00:00,33,15,18,FMN GV 22 Boechout
7,Victor Heylenlei 41,2021-10-15,21:00:00,11,3,8,FMN GV 22 Boechout
7,Victor Heylenlei 41,2021-10-15,22:00:00,10,2,8,FMN GV 22 Boechout
7,Victor Heylenlei 41,2021-10-15,23:00:00,9,2,7,FMN GV 22 Boechout
7,Victor Heylenlei 41,2021-10-16,00:00:00,8,2,6,FMN GV 22 Boechout
7,Victor Heylenlei 41,2021-10-16,01:00:00,11,3,8,FMN GV 22 Boechout
7,Victor Heylenlei 41,2021-10-16,02:00:00,2,0,2,FMN GV 22 Boechout
7,Victor Heylenlei 41,2021-10-16,03:00:00,2,2,0,FMN GV 22 Boechout
7,Victor Heylenlei 41,2021-10-16,04:00:00,1,1,0,FMN GV 22 Boechout
7,Victor Heylenlei 41,2021-10-16,05:00:00,5,3,2,FMN GV 22 Boechout
7,Victor Heylenlei 41,2021-10-16,06:00:00,12,5,7,FMN GV 22 Boechout
7,Victor Heylenlei 41,2021-10-16,07:00:00,6,4,2,FMN GV 22 Boechout
7,Victor Heylenlei 41,2021-10-16,08:00:00,23,10,13,FMN GV 22 Boechout
7,Victor Heylenlei 41,2021-10-16,09:00:00,36,17,19,FMN GV 22 Boechout
7,Victor Heylenlei 41,2021-10-16,10:00:00,76,38,38,FMN GV 22 Boechout
7,Victor Heylenlei 41,2021-10-16,11:00:00,71,40,31,FMN GV 22 Boechout
7,Victor Heylenlei 41,2021-10-16,12:00:00,76,46,30,FMN GV 22 Boechout
7,Victor Heylenlei 41,2021-10-16,13:00:00,90,37,53,FMN GV 22 Boechout
7,Victor Heylenlei 41,2021-10-16,14:00:00,141,64,77,FMN GV 22 Boechout
7,Victor Heylenlei 41,2021-10-16,15:00:00,163,73,90,FMN GV 22 Boechout
7,Victor Heylenlei 41,2021-10-16,16:00:00,125,76,49,FMN GV 22 Boechout
7,Victor Heylenlei 41,2021-10-16,17:00:00,95,50,45,FMN GV 22 Boechout
7,Victor Heylenlei 41,2021-10-16,18:00:00,53,29,24,FMN GV 22 Boechout
7,Victor Heylenlei 41,2021-10-16,19:00:00,33,18,15,FMN GV 22 Boechout
7,Victor Heylenlei 41,2021-10-16,20:00:00,23,14,9,FMN GV 22 Boechout
7,Victor Heylenlei 41,2021-10-16,21:00:00,19,12,7,FMN GV 22 Boechout
7,Victor Heylenlei 41,2021-10-16,22:00:00,10,6,4,FMN GV 22 Boechout
7,Victor Heylenlei 41,2021-10-16,23:00:00,18,9,9,FMN GV 22 Boechout
7,Victor Heylenlei 41,2021-10-17,00:00:00,10,4,6,FMN GV 22 Boechout
7,Victor Heylenlei 41,2021-10-17,01:00:00,6,3,3,FMN GV 22 Boechout
7,Victor Heylenlei 41,2021-10-17,02:00:00,3,0,3,FMN GV 22 Boechout
7,Victor Heylenlei 41,2021-10-17,03:00:00,7,3,4,FMN GV 22 Boechout
7,Victor Heylenlei 41,2021-10-17,04:00:00,1,1,0,FMN GV 22 Boechout
7,Victor Heylenlei 41,2021-10-17,05:00:00,6,4,2,FMN GV 22 Boechout
7,Victor Heylenlei 41,2021-10-17,06:00:00,6,4,2,FMN GV 22 Boechout
7,Victor Heylenlei 41,2021-10-17,07:00:00,12,7,5,FMN GV 22 Boechout
7,Victor Heylenlei 41,2021-10-17,08:00:00,21,7,14,FMN GV 22 Boechout
7,Victor Heylenlei 41,2021-10-17,09:00:00,106,20,86,FMN GV 22 Boechout
7,Victor Heylenlei 41,2021-10-17,10:00:00,117,47,70,FMN GV 22 Boechout
7,Victor Heylenlei 41,2021-10-17,11:00:00,144,85,59,FMN GV 22 Boechout
7,Victor Heylenlei 41,2021-10-17,12:00:00,122,75,47,FMN GV 22 Boechout
7,Victor Heylenlei 41,2021-10-17,13:00:00,123,56,67,FMN GV 22 Boechout
7,Victor Heylenlei 41,2021-10-17,14:00:00,188,100,88,FMN GV 22 Boechout
7,Victor Heylenlei 41,2021-10-17,15:00:00,120,71,49,FMN GV 22 Boechout
7,Victor Heylenlei 41,2021-10-17,16:00:00,119,65,54,FMN GV 22 Boechout
7,Victor Heylenlei 41,2021-10-17,17:00:00,77,45,32,FMN GV 22 Boechout
7,Victor Heylenlei 41,2021-10-17,18:00:00,44,28,16,FMN GV 22 Boechout
7,Victor Heylenlei 41,2021-10-17,19:00:00,27,16,11,FMN GV 22 Boechout
7,Victor Heylenlei 41,2021-10-17,20:00:00,10,2,8,FMN GV 22 Boechout
7,Victor Heylenlei 41,2021-10-17,21:00:00,14,8,6,FMN GV 22 Boechout
7,Victor Heylenlei 41,2021-10-17,22:00:00,15,9,6,FMN GV 22 Boechout
7,Victor Heylenlei 41,2021-10-17,23:00:00,3,1,2,FMN GV 22 Boechout
7,Victor Heylenlei 41,2021-10-18,00:00:00,5,1,4,FMN GV 22 Boechout
7,Victor Heylenlei 41,2021-10-18,01:00:00,1,0,1,FMN GV 22 Boechout
7,Victor Heylenlei 41,2021-10-18,02:00:00,0,0,0,FMN GV 22 Boechout
7,Victor Heylenlei 41,2021-10-18,03:00:00,2,2,0,FMN GV 22 Boechout
7,Victor Heylenlei 41,2021-10-18,04:00:00,1,1,0,FMN GV 22 Boechout
7,Victor Heylenlei 41,2021-10-18,05:00:00,14,7,7,FMN GV 22 Boechout
7,Victor Heylenlei 41,2021-10-18,06:00:00,40,35,5,FMN GV 22 Boechout
7,Victor Heylenlei 41,2021-10-18,07:00:00,126,103,23,FMN GV 22 Boechout
7,Victor Heylenlei 41,2021-10-18,08:00:00,252,108,144,FMN GV 22 Boechout
7,Victor Heylenlei 41,2021-10-18,09:00:00,50,29,21,FMN GV 22 Boechout
7,Victor Heylenlei 41,2021-10-18,10:00:00,42,29,13,FMN GV 22 Boechout
7,Victor Heylenlei 41,2021-10-18,11:00:00,47,24,23,FMN GV 22 Boechout
7,Victor Heylenlei 41,2021-10-18,12:00:00,57,32,25,FMN GV 22 Boechout
7,Victor Heylenlei 41,2021-10-18,13:00:00,74,42,32,FMN GV 22 Boechout
7,Victor Heylenlei 41,2021-10-18,14:00:00,75,38,37,FMN GV 22 Boechout
7,Victor Heylenlei 41,2021-10-18,15:00:00,124,53,71,FMN GV 22 Boechout
7,Victor Heylenlei 41,2021-10-18,16:00:00,261,157,104,FMN GV 22 Boechout
7,Victor Heylenlei 41,2021-10-18,17:00:00,166,59,107,FMN GV 22 Boechout
7,Victor Heylenlei 41,2021-10-18,18:00:00,88,33,55,FMN GV 22 Boechout
7,Victor Heylenlei 41,2021-10-18,19:00:00,40,17,23,FMN GV 22 Boechout
7,Victor Heylenlei 41,2021-10-18,20:00:00,23,10,13,FMN GV 22 Boechout
7,Victor Heylenlei 41,2021-10-18,21:00:00,9,5,4,FMN GV 22 Boechout
7,Victor Heylenlei 41,2021-10-18,22:00:00,17,4,13,FMN GV 22 Boechout
7,Victor Heylenlei 41,2021-10-18,23:00:00,4,0,4,FMN GV 22 Boechout
7,Victor Heylenlei 41,2021-10-19,00:00:00,1,1,0,FMN GV 22 Boechout
7,Victor Heylenlei 41,2021-10-19,01:00:00,1,0,1,FMN GV 22 Boechout
7,Victor Heylenlei 41,2021-10-19,02:00:00,1,0,1,FMN GV 22 Boechout
7,Victor Heylenlei 41,2021-10-19,03:00:00,0,0,0,FMN GV 22 Boechout
7,Victor Heylenlei 41,2021-10-19,04:00:00,1,1,0,FMN GV 22 Boechout
7,Victor Heylenlei 41,2021-10-19,05:00:00,12,6,6,FMN GV 22 Boechout
7,Victor Heylenlei 41,2021-10-19,06:00:00,29,25,4,FMN GV 22 Boechout
7,Victor Heylenlei 41,2021-10-19,07:00:00,122,93,29,FMN GV 22 Boechout
7,Victor Heylenlei 41,2021-10-19,08:00:00,242,120,122,FMN GV 22 Boechout
7,Victor Heylenlei 41,2021-10-19,09:00:00,43,20,23,FMN GV 22 Boechout
7,Victor Heylenlei 41,2021-10-19,10:00:00,17,8,9,FMN GV 22 Boechout
7,Victor Heylenlei 41,2021-10-19,11:00:00,29,19,10,FMN GV 22 Boechout
7,Victor Heylenlei 41,2021-10-19,12:00:00,47,23,24,FMN GV 22 Boechout
7,Victor Heylenlei 41,2021-10-19,13:00:00,48,27,21,FMN GV 22 Boechout
7,Victor Heylenlei 41,2021-10-19,14:00:00,56,26,30,FMN GV 22 Boechout
7,Victor Heylenlei 41,2021-10-19,15:00:00,72,34,38,FMN GV 22 Boechout
7,Victor Heylenlei 41,2021-10-19,16:00:00,240,146,94,FMN GV 22 Boechout
7,Victor Heylenlei 41,2021-10-19,17:00:00,151,47,104,FMN GV 22 Boechout
7,Victor Heylenlei 41,2021-10-19,18:00:00,77,30,47,FMN GV 22 Boechout
7,Victor Heylenlei 41,2021-10-19,19:00:00,58,31,27,FMN GV 22 Boechout
7,Victor Heylenlei 41,2021-10-19,20:00:00,29,9,20,FMN GV 22 Boechout
7,Victor Heylenlei 41,2021-10-19,21:00:00,14,7,7,FMN GV 22 Boechout
7,Victor Heylenlei 41,2021-10-19,22:00:00,27,9,18,FMN GV 22 Boechout
7,Victor Heylenlei 41,2021-10-19,23:00:00,4,2,2,FMN GV 22 Boechout
7,Victor Heylenlei 41,2021-10-20,00:00:00,5,3,2,FMN GV 22 Boechout
7,Victor Heylenlei 41,2021-10-20,01:00:00,1,1,0,FMN GV 22 Boechout
7,Victor Heylenlei 41,2021-10-20,02:00:00,0,0,0,FMN GV 22 Boechout
7,Victor Heylenlei 41,2021-10-20,03:00:00,1,1,0,FMN GV 22 Boechout
7,Victor Heylenlei 41,2021-10-20,04:00:00,2,1,1,FMN GV 22 Boechout
7,Victor Heylenlei 41,2021-10-20,05:00:00,13,7,6,FMN GV 22 Boechout
7,Victor Heylenlei 41,2021-10-20,06:00:00,36,27,9,FMN GV 22 Boechout
7,Victor Heylenlei 41,2021-10-20,07:00:00,111,77,34,FMN GV 22 Boechout
7,Victor Heylenlei 41,2021-10-20,08:00:00,196,68,128,FMN GV 22 Boechout
7,Victor Heylenlei 41,2021-10-20,09:00:00,30,22,8,FMN GV 22 Boechout
7,Victor Heylenlei 41,2021-10-20,10:00:00,25,15,10,FMN GV 22 Boechout
7,Victor Heylenlei 41,2021-10-20,11:00:00,27,14,13,FMN GV 22 Boechout
7,Victor Heylenlei 41,2021-10-20,12:00:00,151,129,22,FMN GV 22 Boechout
7,Victor Heylenlei 41,2021-10-20,13:00:00,69,35,34,FMN GV 22 Boechout
7,Victor Heylenlei 41,2021-10-20,14:00:00,40,15,25,FMN GV 22 Boechout
7,Victor Heylenlei 41,2021-10-20,15:00:00,58,27,31,FMN GV 22 Boechout
7,Victor Heylenlei 41,2021-10-20,16:00:00,81,23,58,FMN GV 22 Boechout
7,Victor Heylenlei 41,2021-10-20,17:00:00,102,26,76,FMN GV 22 Boechout
7,Victor Heylenlei 41,2021-10-20,18:00:00,70,28,42,FMN GV 22 Boechout
7,Victor Heylenlei 41,2021-10-20,19:00:00,36,18,18,FMN GV 22 Boechout
7,Victor Heylenlei 41,2021-10-20,20:00:00,15,6,9,FMN GV 22 Boechout
7,Victor Heylenlei 41,2021-10-20,21:00:00,6,1,5,FMN GV 22 Boechout
7,Victor Heylenlei 41,2021-10-20,22:00:00,10,2,8,FMN GV 22 Boechout
7,Victor Heylenlei 41,2021-10-20,23:00:00,5,1,4,FMN GV 22 Boechout
7,Victor Heylenlei 41,2021-10-21,00:00:00,6,2,4,FMN GV 22 Boechout
7,Victor Heylenlei 41,2021-10-21,01:00:00,1,1,0,FMN GV 22 Boechout
7,Victor Heylenlei 41,2021-10-21,02:00:00,1,0,1,FMN GV 22 Boechout
7,Victor Heylenlei 41,2021-10-21,03:00:00,1,1,0,FMN GV 22 Boechout
7,Victor Heylenlei 41,2021-10-21,04:00:00,0,0,0,FMN GV 22 Boechout
7,Victor Heylenlei 41,2021-10-21,05:00:00,10,6,4,FMN GV 22 Boechout
7,Victor Heylenlei 41,2021-10-21,06:00:00,16,13,3,FMN GV 22 Boechout
7,Victor Heylenlei 41,2021-10-21,07:00:00,49,33,16,FMN GV 22 Boechout
7,Victor Heylenlei 41,2021-10-21,08:00:00,146,71,75,FMN GV 22 Boechout
7,Victor Heylenlei 41,2021-10-21,09:00:00,32,19,13,FMN GV 22 Boechout
7,Victor Heylenlei 41,2021-10-21,10:00:00,26,12,14,FMN GV 22 Boechout
7,Victor Heylenlei 41,2021-10-21,11:00:00,15,8,7,FMN GV 22 Boechout
7,Victor Heylenlei 41,2021-10-21,12:00:00,19,12,7,FMN GV 22 Boechout
7,Victor Heylenlei 41,2021-10-21,13:00:00,22,10,12,FMN GV 22 Boechout
7,Victor Heylenlei 41,2021-10-21,14:00:00,20,14,6,FMN GV 22 Boechout
7,Victor Heylenlei 41,2021-10-21,15:00:00,31,12,19,FMN GV 22 Boechout
7,Victor Heylenlei 41,2021-10-21,16:00:00,118,71,47,FMN GV 22 Boechout
7,Victor Heylenlei 41,2021-10-21,17:00:00,68,20,48,FMN GV 22 Boechout
7,Victor Heylenlei 41,2021-10-21,18:00:00,50,24,26,FMN GV 22 Boechout
7,Victor Heylenlei 41,2021-10-21,19:00:00,26,13,13,FMN GV 22 Boechout
7,Victor Heylenlei 41,2021-10-21,20:00:00,11,6,5,FMN GV 22 Boechout
7,Victor Heylenlei 41,2021-10-21,21:00:00,7,3,4,FMN GV 22 Boechout
7,Victor Heylenlei 41,2021-10-21,22:00:00,16,5,11,FMN GV 22 Boechout
7,Victor Heylenlei 41,2021-10-21,23:00:00,11,2,9,FMN GV 22 Boechout
7,Victor Heylenlei 41,2021-10-22,00:00:00,5,2,3,FMN GV 22 Boechout
7,Victor Heylenlei 41,2021-10-22,01:00:00,0,0,0,FMN GV 22 Boechout
7,Victor Heylenlei 41,2021-10-22,02:00:00,1,0,1,FMN GV 22 Boechout
7,Victor Heylenlei 41,2021-10-22,03:00:00,2,2,0,FMN GV 22 Boechout
7,Victor Heylenlei 41,2021-10-22,04:00:00,1,1,0,FMN GV 22 Boechout
7,Victor Heylenlei 41,2021-10-22,05:00:00,14,10,4,FMN GV 22 Boechout
7,Victor Heylenlei 41,2021-10-22,06:00:00,24,21,3,FMN GV 22 Boechout
7,Victor Heylenlei 41,2021-10-22,07:00:00,95,63,32,FMN GV 22 Boechout
7,Victor Heylenlei 41,2021-10-22,08:00:00,210,81,129,FMN GV 22 Boechout
7,Victor Heylenlei 41,2021-10-22,09:00:00,34,15,19,FMN GV 22 Boechout
7,Victor Heylenlei 41,2021-10-22,10:00:00,26,16,10,FMN GV 22 Boechout
7,Victor Heylenlei 41,2021-10-22,11:00:00,34,15,19,FMN GV 22 Boechout
7,Victor Heylenlei 41,2021-10-22,12:00:00,59,29,30,FMN GV 22 Boechout
7,Victor Heylenlei 41,2021-10-22,13:00:00,49,30,19,FMN GV 22 Boechout
7,Victor Heylenlei 41,2021-10-22,14:00:00,27,10,17,FMN GV 22 Boechout
7,Victor Heylenlei 41,2021-10-22,15:00:00,59,20,39,FMN GV 22 Boechout
7,Victor Heylenlei 41,2021-10-22,16:00:00,169,108,61,FMN GV 22 Boechout
7,Victor Heylenlei 41,2021-10-22,17:00:00,85,27,58,FMN GV 22 Boechout
7,Victor Heylenlei 41,2021-10-22,18:00:00,49,27,22,FMN GV 22 Boechout
7,Victor Heylenlei 41,2021-10-22,19:00:00,29,7,22,FMN GV 22 Boechout
7,Victor Heylenlei 41,2021-10-22,20:00:00,16,4,12,FMN GV 22 Boechout
7,Victor Heylenlei 41,2021-10-22,21:00:00,11,6,5,FMN GV 22 Boechout
7,Victor Heylenlei 41,2021-10-22,22:00:00,9,3,6,FMN GV 22 Boechout
7,Victor Heylenlei 41,2021-10-22,23:00:00,8,1,7,FMN GV 22 Boechout
7,Victor Heylenlei 41,2021-10-23,00:00:00,4,3,1,FMN GV 22 Boechout
7,Victor Heylenlei 41,2021-10-23,01:00:00,8,2,6,FMN GV 22 Boechout
7,Victor Heylenlei 41,2021-10-23,02:00:00,7,2,5,FMN GV 22 Boechout
7,Victor Heylenlei 41,2021-10-23,03:00:00,2,0,2,FMN GV 22 Boechout
7,Victor Heylenlei 41,2021-10-23,04:00:00,2,0,2,FMN GV 22 Boechout
7,Victor Heylenlei 41,2021-10-23,05:00:00,8,6,2,FMN GV 22 Boechout
7,Victor Heylenlei 41,2021-10-23,06:00:00,8,6,2,FMN GV 22 Boechout
7,Victor Heylenlei 41,2021-10-23,07:00:00,3,0,3,FMN GV 22 Boechout
7,Victor Heylenlei 41,2021-10-23,08:00:00,12,6,6,FMN GV 22 Boechout
7,Victor Heylenlei 41,2021-10-23,09:00:00,45,16,29,FMN GV 22 Boechout
7,Victor Heylenlei 41,2021-10-23,10:00:00,68,40,28,FMN GV 22 Boechout
7,Victor Heylenlei 41,2021-10-23,11:00:00,63,41,22,FMN GV 22 Boechout
7,Victor Heylenlei 41,2021-10-23,12:00:00,43,25,18,FMN GV 22 Boechout
7,Victor Heylenlei 41,2021-10-23,13:00:00,100,59,41,FMN GV 22 Boechout
7,Victor Heylenlei 41,2021-10-23,14:00:00,123,75,48,FMN GV 22 Boechout
7,Victor Heylenlei 41,2021-10-23,15:00:00,111,58,53,FMN GV 22 Boechout
7,Victor Heylenlei 41,2021-10-23,16:00:00,86,41,45,FMN GV 22 Boechout
7,Victor Heylenlei 41,2021-10-23,17:00:00,64,33,31,FMN GV 22 Boechout
7,Victor Heylenlei 41,2021-10-23,18:00:00,36,20,16,FMN GV 22 Boechout
7,Victor Heylenlei 41,2021-10-23,19:00:00,35,12,23,FMN GV 22 Boechout
7,Victor Heylenlei 41,2021-10-23,20:00:00,15,12,3,FMN GV 22 Boechout
7,Victor Heylenlei 41,2021-10-23,21:00:00,6,1,5,FMN GV 22 Boechout
7,Victor Heylenlei 41,2021-10-23,22:00:00,18,7,11,FMN GV 22 Boechout
7,Victor Heylenlei 41,2021-10-23,23:00:00,9,6,3,FMN GV 22 Boechout
7,Victor Heylenlei 41,2021-10-24,00:00:00,9,4,5,FMN GV 22 Boechout
7,Victor Heylenlei 41,2021-10-24,01:00:00,8,4,4,FMN GV 22 Boechout
7,Victor Heylenlei 41,2021-10-24,02:00:00,4,2,2,FMN GV 22 Boechout
7,Victor Heylenlei 41,2021-10-24,03:00:00,2,1,1,FMN GV 22 Boechout
7,Victor Heylenlei 41,2021-10-24,04:00:00,4,2,2,FMN GV 22 Boechout
7,Victor Heylenlei 41,2021-10-24,05:00:00,5,3,2,FMN GV 22 Boechout
7,Victor Heylenlei 41,2021-10-24,06:00:00,6,4,2,FMN GV 22 Boechout
7,Victor Heylenlei 41,2021-10-24,07:00:00,4,0,4,FMN GV 22 Boechout
7,Victor Heylenlei 41,2021-10-24,08:00:00,18,4,14,FMN GV 22 Boechout
7,Victor Heylenlei 41,2021-10-24,09:00:00,55,15,40,FMN GV 22 Boechout
7,Victor Heylenlei 41,2021-10-24,10:00:00,95,38,57,FMN GV 22 Boechout
7,Victor Heylenlei 41,2021-10-24,11:00:00,139,82,57,FMN GV 22 Boechout
7,Victor Heylenlei 41,2021-10-24,12:00:00,116,73,43,FMN GV 22 Boechout
7,Victor Heylenlei 41,2021-10-24,13:00:00,157,80,77,FMN GV 22 Boechout
7,Victor Heylenlei 41,2021-10-24,14:00:00,204,103,101,FMN GV 22 Boechout
7,Victor Heylenlei 41,2021-10-24,15:00:00,165,86,79,FMN GV 22 Boechout
7,Victor Heylenlei 41,2021-10-24,16:00:00,119,75,44,FMN GV 22 Boechout
7,Victor Heylenlei 41,2021-10-24,17:00:00,92,53,39,FMN GV 22 Boechout
7,Victor Heylenlei 41,2021-10-24,18:00:00,50,19,31,FMN GV 22 Boechout
7,Victor Heylenlei 41,2021-10-24,19:00:00,28,16,12,FMN GV 22 Boechout
7,Victor Heylenlei 41,2021-10-24,20:00:00,7,6,1,FMN GV 22 Boechout
7,Victor Heylenlei 41,2021-10-24,21:00:00,11,7,4,FMN GV 22 Boechout
7,Victor Heylenlei 41,2021-10-24,22:00:00,8,3,5,FMN GV 22 Boechout
7,Victor Heylenlei 41,2021-10-24,23:00:00,4,0,4,FMN GV 22 Boechout
7,Victor Heylenlei 41,2021-10-25,00:00:00,2,1,1,FMN GV 22 Boechout
7,Victor Heylenlei 41,2021-10-25,01:00:00,2,1,1,FMN GV 22 Boechout
7,Victor Heylenlei 41,2021-10-25,02:00:00,0,0,0,FMN GV 22 Boechout
7,Victor Heylenlei 41,2021-10-25,03:00:00,0,0,0,FMN GV 22 Boechout
7,Victor Heylenlei 41,2021-10-25,04:00:00,3,2,1,FMN GV 22 Boechout
7,Victor Heylenlei 41,2021-10-25,05:00:00,10,4,6,FMN GV 22 Boechout
7,Victor Heylenlei 41,2021-10-25,06:00:00,32,26,6,FMN GV 22 Boechout
7,Victor Heylenlei 41,2021-10-25,07:00:00,116,88,28,FMN GV 22 Boechout
7,Victor Heylenlei 41,2021-10-25,08:00:00,259,114,145,FMN GV 22 Boechout
7,Victor Heylenlei 41,2021-10-25,09:00:00,48,30,18,FMN GV 22 Boechout
7,Victor Heylenlei 41,2021-10-25,10:00:00,21,13,8,FMN GV 22 Boechout
7,Victor Heylenlei 41,2021-10-25,11:00:00,24,14,10,FMN GV 22 Boechout
7,Victor Heylenlei 41,2021-10-25,12:00:00,36,24,12,FMN GV 22 Boechout
7,Victor Heylenlei 41,2021-10-25,13:00:00,49,15,34,FMN GV 22 Boechout
7,Victor Heylenlei 41,2021-10-25,14:00:00,55,24,31,FMN GV 22 Boechout
7,Victor Heylenlei 41,2021-10-25,15:00:00,88,30,58,FMN GV 22 Boechout
7,Victor Heylenlei 41,2021-10-25,16:00:00,230,135,95,FMN GV 22 Boechout
7,Victor Heylenlei 41,2021-10-25,17:00:00,143,48,95,FMN GV 22 Boechout
7,Victor Heylenlei 41,2021-10-25,18:00:00,70,27,43,FMN GV 22 Boechout
7,Victor Heylenlei 41,2021-10-25,19:00:00,26,10,16,FMN GV 22 Boechout
7,Victor Heylenlei 41,2021-10-25,20:00:00,19,9,10,FMN GV 22 Boechout
7,Victor Heylenlei 41,2021-10-25,21:00:00,12,3,9,FMN GV 22 Boechout
7,Victor Heylenlei 41,2021-10-25,22:00:00,14,5,9,FMN GV 22 Boechout
7,Victor Heylenlei 41,2021-10-25,23:00:00,2,1,1,FMN GV 22 Boechout
7,Victor Heylenlei 41,2021-10-26,00:00:00,2,2,0,FMN GV 22 Boechout
7,Victor Heylenlei 41,2021-10-26,01:00:00,1,0,1,FMN GV 22 Boechout
7,Victor Heylenlei 41,2021-10-26,02:00:00,0,0,0,FMN GV 22 Boechout
7,Victor Heylenlei 41,2021-10-26,03:00:00,0,0,0,FMN GV 22 Boechout
7,Victor Heylenlei 41,2021-10-26,04:00:00,2,2,0,FMN GV 22 Boechout
7,Victor Heylenlei 41,2021-10-26,05:00:00,10,7,3,FMN GV 22 Boechout
7,Victor Heylenlei 41,2021-10-26,06:00:00,41,34,7,FMN GV 22 Boechout
7,Victor Heylenlei 41,2021-10-26,07:00:00,137,96,41,FMN GV 22 Boechout
7,Victor Heylenlei 41,2021-10-26,08:00:00,268,130,138,FMN GV 22 Boechout
7,Victor Heylenlei 41,2021-10-26,09:00:00,60,40,20,FMN GV 22 Boechout
7,Victor Heylenlei 41,2021-10-26,10:00:00,32,20,12,FMN GV 22 Boechout
7,Victor Heylenlei 41,2021-10-26,11:00:00,36,20,16,FMN GV 22 Boechout
7,Victor Heylenlei 41,2021-10-26,12:00:00,60,23,37,FMN GV 22 Boechout
7,Victor Heylenlei 41,2021-10-26,13:00:00,57,36,21,FMN GV 22 Boechout
7,Victor Heylenlei 41,2021-10-26,14:00:00,71,29,42,FMN GV 22 Boechout
7,Victor Heylenlei 41,2021-10-26,15:00:00,145,52,93,FMN GV 22 Boechout
7,Victor Heylenlei 41,2021-10-26,16:00:00,256,145,111,FMN GV 22 Boechout
7,Victor Heylenlei 41,2021-10-26,17:00:00,150,52,98,FMN GV 22 Boechout
7,Victor Heylenlei 41,2021-10-26,18:00:00,96,37,59,FMN GV 22 Boechout
7,Victor Heylenlei 41,2021-10-26,19:00:00,37,11,26,FMN GV 22 Boechout
7,Victor Heylenlei 41,2021-10-26,20:00:00,26,13,13,FMN GV 22 Boechout
7,Victor Heylenlei 41,2021-10-26,21:00:00,13,6,7,FMN GV 22 Boechout
7,Victor Heylenlei 41,2021-10-26,22:00:00,22,10,12,FMN GV 22 Boechout
7,Victor Heylenlei 41,2021-10-26,23:00:00,8,1,7,FMN GV 22 Boechout
7,Victor Heylenlei 41,2021-10-27,00:00:00,6,4,2,FMN GV 22 Boechout
7,Victor Heylenlei 41,2021-10-27,01:00:00,0,0,0,FMN GV 22 Boechout
7,Victor Heylenlei 41,2021-10-27,02:00:00,2,1,1,FMN GV 22 Boechout
7,Victor Heylenlei 41,2021-10-27,03:00:00,1,1,0,FMN GV 22 Boechout
7,Victor Heylenlei 41,2021-10-27,04:00:00,1,1,0,FMN GV 22 Boechout
7,Victor Heylenlei 41,2021-10-27,05:00:00,13,7,6,FMN GV 22 Boechout
7,Victor Heylenlei 41,2021-10-27,06:00:00,41,32,9,FMN GV 22 Boechout
7,Victor Heylenlei 41,2021-10-27,07:00:00,126,93,33,FMN GV 22 Boechout
7,Victor Heylenlei 41,2021-10-27,08:00:00,247,98,149,FMN GV 22 Boechout
7,Victor Heylenlei 41,2021-10-27,09:00:00,46,25,21,FMN GV 22 Boechout
7,Victor Heylenlei 41,2021-10-27,10:00:00,43,26,17,FMN GV 22 Boechout
7,Victor Heylenlei 41,2021-10-27,11:00:00,46,26,20,FMN GV 22 Boechout
7,Victor Heylenlei 41,2021-10-27,12:00:00,13,8,5,FMN GV 22 Boechout
7,Victor Heylenlei 41,2021-10-27,13:00:00,0,0,0,FMN GV 22 Boechout
7,Victor Heylenlei 41,2021-10-27,14:00:00,0,0,0,FMN GV 22 Boechout
7,Victor Heylenlei 41,2021-10-27,15:00:00,0,0,0,FMN GV 22 Boechout
7,Victor Heylenlei 41,2021-10-27,16:00:00,0,0,0,FMN GV 22 Boechout
7,Victor Heylenlei 41,2021-10-27,17:00:00,0,0,0,FMN GV 22 Boechout
7,Victor Heylenlei 41,2021-10-27,18:00:00,78,32,46,FMN GV 22 Boechout
7,Victor Heylenlei 41,2021-10-27,19:00:00,47,21,26,FMN GV 22 Boechout
7,Victor Heylenlei 41,2021-10-27,20:00:00,30,12,18,FMN GV 22 Boechout
7,Victor Heylenlei 41,2021-10-27,21:00:00,15,7,8,FMN GV 22 Boechout
7,Victor Heylenlei 41,2021-10-27,22:00:00,17,5,12,FMN GV 22 Boechout
7,Victor Heylenlei 41,2021-10-27,23:00:00,4,0,4,FMN GV 22 Boechout
7,Victor Heylenlei 41,2021-10-28,00:00:00,5,1,4,FMN GV 22 Boechout
7,Victor Heylenlei 41,2021-10-28,01:00:00,0,0,0,FMN GV 22 Boechout
7,Victor Heylenlei 41,2021-10-28,02:00:00,0,0,0,FMN GV 22 Boechout
7,Victor Heylenlei 41,2021-10-28,03:00:00,1,1,0,FMN GV 22 Boechout
7,Victor Heylenlei 41,2021-10-28,04:00:00,0,0,0,FMN GV 22 Boechout
7,Victor Heylenlei 41,2021-10-28,05:00:00,13,8,5,FMN GV 22 Boechout
7,Victor Heylenlei 41,2021-10-28,06:00:00,39,31,8,FMN GV 22 Boechout
7,Victor Heylenlei 41,2021-10-28,07:00:00,133,94,39,FMN GV 22 Boechout
7,Victor Heylenlei 41,2021-10-28,08:00:00,252,111,141,FMN GV 22 Boechout
7,Victor Heylenlei 41,2021-10-28,09:00:00,55,34,21,FMN GV 22 Boechout
7,Victor Heylenlei 41,2021-10-28,10:00:00,69,38,31,FMN GV 22 Boechout
7,Victor Heylenlei 41,2021-10-28,11:00:00,48,30,18,FMN GV 22 Boechout
7,Victor Heylenlei 41,2021-10-28,12:00:00,65,28,37,FMN GV 22 Boechout
7,Victor Heylenlei 41,2021-10-28,13:00:00,82,31,51,FMN GV 22 Boechout
7,Victor Heylenlei 41,2021-10-28,14:00:00,128,58,70,FMN GV 22 Boechout
7,Victor Heylenlei 41,2021-10-28,15:00:00,141,70,71,FMN GV 22 Boechout
7,Victor Heylenlei 41,2021-10-28,16:00:00,265,156,109,FMN GV 22 Boechout
7,Victor Heylenlei 41,2021-10-28,17:00:00,168,54,114,FMN GV 22 Boechout
7,Victor Heylenlei 41,2021-10-28,18:00:00,94,42,52,FMN GV 22 Boechout
7,Victor Heylenlei 41,2021-10-28,19:00:00,60,31,29,FMN GV 22 Boechout
7,Victor Heylenlei 41,2021-10-28,20:00:00,22,9,13,FMN GV 22 Boechout
7,Victor Heylenlei 41,2021-10-28,21:00:00,21,13,8,FMN GV 22 Boechout
7,Victor Heylenlei 41,2021-10-28,22:00:00,23,8,15,FMN GV 22 Boechout
7,Victor Heylenlei 41,2021-10-28,23:00:00,9,6,3,FMN GV 22 Boechout
7,Victor Heylenlei 41,2021-10-29,00:00:00,9,2,7,FMN GV 22 Boechout
7,Victor Heylenlei 41,2021-10-29,01:00:00,9,3,6,FMN GV 22 Boechout
7,Victor Heylenlei 41,2021-10-29,02:00:00,0,0,0,FMN GV 22 Boechout
7,Victor Heylenlei 41,2021-10-29,03:00:00,1,1,0,FMN GV 22 Boechout
7,Victor Heylenlei 41,2021-10-29,04:00:00,6,4,2,FMN GV 22 Boechout
7,Victor Heylenlei 41,2021-10-29,05:00:00,10,6,4,FMN GV 22 Boechout
7,Victor Heylenlei 41,2021-10-29,06:00:00,29,21,8,FMN GV 22 Boechout
7,Victor Heylenlei 41,2021-10-29,07:00:00,114,83,31,FMN GV 22 Boechout
7,Victor Heylenlei 41,2021-10-29,08:00:00,208,76,132,FMN GV 22 Boechout
7,Victor Heylenlei 41,2021-10-29,09:00:00,48,28,20,FMN GV 22 Boechout
7,Victor Heylenlei 41,2021-10-29,10:00:00,40,14,26,FMN GV 22 Boechout
7,Victor Heylenlei 41,2021-10-29,11:00:00,55,27,28,FMN GV 22 Boechout
7,Victor Heylenlei 41,2021-10-29,12:00:00,63,28,35,FMN GV 22 Boechout
7,Victor Heylenlei 41,2021-10-29,13:00:00,68,27,41,FMN GV 22 Boechout
7,Victor Heylenlei 41,2021-10-29,14:00:00,6,2,4,FMN GV 22 Boechout
7,Victor Heylenlei 41,2021-10-29,15:00:00,0,0,0,FMN GV 22 Boechout
7,Victor Heylenlei 41,2021-10-29,16:00:00,0,0,0,FMN GV 22 Boechout
7,Victor Heylenlei 41,2021-10-29,17:00:00,0,0,0,FMN GV 22 Boechout
7,Victor Heylenlei 41,2021-10-29,18:00:00,0,0,0,FMN GV 22 Boechout
7,Victor Heylenlei 41,2021-10-29,19:00:00,0,0,0,FMN GV 22 Boechout
7,Victor Heylenlei 41,2021-10-29,20:00:00,0,0,0,FMN GV 22 Boechout
7,Victor Heylenlei 41,2021-10-29,21:00:00,0,0,0,FMN GV 22 Boechout
7,Victor Heylenlei 41,2021-10-29,22:00:00,10,3,7,FMN GV 22 Boechout
7,Victor Heylenlei 41,2021-10-29,23:00:00,18,6,12,FMN GV 22 Boechout
7,Victor Heylenlei 41,2021-10-30,00:00:00,8,3,5,FMN GV 22 Boechout
7,Victor Heylenlei 41,2021-10-30,01:00:00,9,5,4,FMN GV 22 Boechout
7,Victor Heylenlei 41,2021-10-30,02:00:00,7,6,1,FMN GV 22 Boechout
7,Victor Heylenlei 41,2021-10-30,03:00:00,5,4,1,FMN GV 22 Boechout
7,Victor Heylenlei 41,2021-10-30,04:00:00,6,6,0,FMN GV 22 Boechout
7,Victor Heylenlei 41,2021-10-30,05:00:00,11,8,3,FMN GV 22 Boechout
7,Victor Heylenlei 41,2021-10-30,06:00:00,8,4,4,FMN GV 22 Boechout
7,Victor Heylenlei 41,2021-10-30,07:00:00,4,2,2,FMN GV 22 Boechout
7,Victor Heylenlei 41,2021-10-30,08:00:00,5,3,2,FMN GV 22 Boechout
7,Victor Heylenlei 41,2021-10-30,09:00:00,13,4,9,FMN GV 22 Boechout
7,Victor Heylenlei 41,2021-10-30,10:00:00,15,8,7,FMN GV 22 Boechout
7,Victor Heylenlei 41,2021-10-30,11:00:00,14,9,5,FMN GV 22 Boechout
7,Victor Heylenlei 41,2021-10-30,12:00:00,16,10,6,FMN GV 22 Boechout
7,Victor Heylenlei 41,2021-10-30,13:00:00,11,6,5,FMN GV 22 Boechout
7,Victor Heylenlei 41,2021-10-30,14:00:00,25,7,18,FMN GV 22 Boechout
7,Victor Heylenlei 41,2021-10-30,15:00:00,36,21,15,FMN GV 22 Boechout
7,Victor Heylenlei 41,2021-10-30,16:00:00,32,19,13,FMN GV 22 Boechout
7,Victor Heylenlei 41,2021-10-30,17:00:00,30,9,21,FMN GV 22 Boechout
7,Victor Heylenlei 41,2021-10-30,18:00:00,19,13,6,FMN GV 22 Boechout
7,Victor Heylenlei 41,2021-10-30,19:00:00,13,6,7,FMN GV 22 Boechout
7,Victor Heylenlei 41,2021-10-30,20:00:00,9,5,4,FMN GV 22 Boechout
7,Victor Heylenlei 41,2021-10-30,21:00:00,6,5,1,FMN GV 22 Boechout
7,Victor Heylenlei 41,2021-10-30,22:00:00,3,1,2,FMN GV 22 Boechout
7,Victor Heylenlei 41,2021-10-30,23:00:00,1,0,1,FMN GV 22 Boechout
7,Victor Heylenlei 41,2021-10-31,00:00:00,4,1,3,FMN GV 22 Boechout
7,Victor Heylenlei 41,2021-10-31,01:00:00,2,0,2,FMN GV 22 Boechout
7,Victor Heylenlei 41,2021-10-31,02:00:00,2,0,2,FMN GV 22 Boechout
7,Victor Heylenlei 41,2021-10-31,03:00:00,4,0,4,FMN GV 22 Boechout
7,Victor Heylenlei 41,2021-10-31,04:00:00,0,0,0,FMN GV 22 Boechout
7,Victor Heylenlei 41,2021-10-31,05:00:00,5,3,2,FMN GV 22 Boechout
7,Victor Heylenlei 41,2021-10-31,06:00:00,4,2,2,FMN GV 22 Boechout
7,Victor Heylenlei 41,2021-10-31,07:00:00,5,2,3,FMN GV 22 Boechout
7,Victor Heylenlei 41,2021-10-31,08:00:00,11,4,7,FMN GV 22 Boechout
7,Victor Heylenlei 41,2021-10-31,09:00:00,46,17,29,FMN GV 22 Boechout
7,Victor Heylenlei 41,2021-10-31,10:00:00,2886,1494,1392,FMN GV 22 Boechout
7,Victor Heylenlei 41,2021-10-31,11:00:00,118,81,37,FMN GV 22 Boechout
7,Victor Heylenlei 41,2021-10-31,12:00:00,86,57,29,FMN GV 22 Boechout
7,Victor Heylenlei 41,2021-10-31,13:00:00,43,25,18,FMN GV 22 Boechout
7,Victor Heylenlei 41,2021-10-31,14:00:00,47,23,24,FMN GV 22 Boechout
7,Victor Heylenlei 41,2021-10-31,15:00:00,18,12,6,FMN GV 22 Boechout
7,Victor Heylenlei 41,2021-10-31,16:00:00,13,4,9,FMN GV 22 Boechout
7,Victor Heylenlei 41,2021-10-31,17:00:00,20,8,12,FMN GV 22 Boechout
7,Victor Heylenlei 41,2021-10-31,18:00:00,9,6,3,FMN GV 22 Boechout
7,Victor Heylenlei 41,2021-10-31,19:00:00,15,5,10,FMN GV 22 Boechout
7,Victor Heylenlei 41,2021-10-31,20:00:00,11,4,7,FMN GV 22 Boechout
7,Victor Heylenlei 41,2021-10-31,21:00:00,13,5,8,FMN GV 22 Boechout
7,Victor Heylenlei 41,2021-10-31,22:00:00,8,4,4,FMN GV 22 Boechout
7,Victor Heylenlei 41,2021-10-31,23:00:00,5,5,0,FMN GV 22 Boechout
7,Victor Heylenlei 41,2021-11-01,00:00:00,4,2,2,FMN GV 22 Boechout
7,Victor Heylenlei 41,2021-11-01,01:00:00,8,2,6,FMN GV 22 Boechout
7,Victor Heylenlei 41,2021-11-01,02:00:00,4,4,0,FMN GV 22 Boechout
7,Victor Heylenlei 41,2021-11-01,03:00:00,5,4,1,FMN GV 22 Boechout
7,Victor Heylenlei 41,2021-11-01,04:00:00,5,4,1,FMN GV 22 Boechout
7,Victor Heylenlei 41,2021-11-01,05:00:00,6,4,2,FMN GV 22 Boechout
7,Victor Heylenlei 41,2021-11-01,06:00:00,4,3,1,FMN GV 22 Boechout
7,Victor Heylenlei 41,2021-11-01,07:00:00,3,2,1,FMN GV 22 Boechout
7,Victor Heylenlei 41,2021-11-01,08:00:00,5,3,2,FMN GV 22 Boechout
7,Victor Heylenlei 41,2021-11-01,09:00:00,40,16,24,FMN GV 22 Boechout
7,Victor Heylenlei 41,2021-11-01,10:00:00,59,23,36,FMN GV 22 Boechout
7,Victor Heylenlei 41,2021-11-01,11:00:00,64,42,22,FMN GV 22 Boechout
7,Victor Heylenlei 41,2021-11-01,12:00:00,61,30,31,FMN GV 22 Boechout
7,Victor Heylenlei 41,2021-11-01,13:00:00,49,21,28,FMN GV 22 Boechout
7,Victor Heylenlei 41,2021-11-01,14:00:00,72,33,39,FMN GV 22 Boechout
7,Victor Heylenlei 41,2021-11-01,15:00:00,51,38,13,FMN GV 22 Boechout
7,Victor Heylenlei 41,2021-11-01,16:00:00,30,14,16,FMN GV 22 Boechout
7,Victor Heylenlei 41,2021-11-01,17:00:00,17,9,8,FMN GV 22 Boechout
7,Victor Heylenlei 41,2021-11-01,18:00:00,14,7,7,FMN GV 22 Boechout
7,Victor Heylenlei 41,2021-11-01,19:00:00,14,11,3,FMN GV 22 Boechout
7,Victor Heylenlei 41,2021-11-01,20:00:00,18,16,2,FMN GV 22 Boechout
7,Victor Heylenlei 41,2021-11-01,21:00:00,3,2,1,FMN GV 22 Boechout
7,Victor Heylenlei 41,2021-11-01,22:00:00,3,1,2,FMN GV 22 Boechout
7,Victor Heylenlei 41,2021-11-01,23:00:00,2,1,1,FMN GV 22 Boechout
7,Victor Heylenlei 41,2021-11-02,00:00:00,3,2,1,FMN GV 22 Boechout
7,Victor Heylenlei 41,2021-11-02,01:00:00,5,0,5,FMN GV 22 Boechout
7,Victor Heylenlei 41,2021-11-02,02:00:00,0,0,0,FMN GV 22 Boechout
7,Victor Heylenlei 41,2021-11-02,03:00:00,0,0,0,FMN GV 22 Boechout
7,Victor Heylenlei 41,2021-11-02,04:00:00,1,1,0,FMN GV 22 Boechout
7,Victor Heylenlei 41,2021-11-02,05:00:00,7,3,4,FMN GV 22 Boechout
7,Victor Heylenlei 41,2021-11-02,06:00:00,16,11,5,FMN GV 22 Boechout
7,Victor Heylenlei 41,2021-11-02,07:00:00,41,28,13,FMN GV 22 Boechout
7,Victor Heylenlei 41,2021-11-02,08:00:00,54,42,12,FMN GV 22 Boechout
7,Victor Heylenlei 41,2021-11-02,09:00:00,27,16,11,FMN GV 22 Boechout
7,Victor Heylenlei 41,2021-11-02,10:00:00,13,10,3,FMN GV 22 Boechout
7,Victor Heylenlei 41,2021-11-02,11:00:00,15,7,8,FMN GV 22 Boechout
7,Victor Heylenlei 41,2021-11-02,12:00:00,17,9,8,FMN GV 22 Boechout
7,Victor Heylenlei 41,2021-11-02,13:00:00,22,10,12,FMN GV 22 Boechout
7,Victor Heylenlei 41,2021-11-02,14:00:00,33,16,17,FMN GV 22 Boechout
7,Victor Heylenlei 41,2021-11-02,15:00:00,31,12,19,FMN GV 22 Boechout
7,Victor Heylenlei 41,2021-11-02,16:00:00,53,17,36,FMN GV 22 Boechout
7,Victor Heylenlei 41,2021-11-02,17:00:00,71,26,45,FMN GV 22 Boechout
7,Victor Heylenlei 41,2021-11-02,18:00:00,43,15,28,FMN GV 22 Boechout
7,Victor Heylenlei 41,2021-11-02,19:00:00,20,4,16,FMN GV 22 Boechout
7,Victor Heylenlei 41,2021-11-02,20:00:00,21,9,12,FMN GV 22 Boechout
7,Victor Heylenlei 41,2021-11-02,21:00:00,8,4,4,FMN GV 22 Boechout
7,Victor Heylenlei 41,2021-11-02,22:00:00,12,7,5,FMN GV 22 Boechout
7,Victor Heylenlei 41,2021-11-02,23:00:00,4,2,2,FMN GV 22 Boechout
7,Victor Heylenlei 41,2021-11-03,00:00:00,6,4,2,FMN GV 22 Boechout
7,Victor Heylenlei 41,2021-11-03,01:00:00,2,1,1,FMN GV 22 Boechout
7,Victor Heylenlei 41,2021-11-03,02:00:00,1,1,0,FMN GV 22 Boechout
7,Victor Heylenlei 41,2021-11-03,03:00:00,2,2,0,FMN GV 22 Boechout
7,Victor Heylenlei 41,2021-11-03,04:00:00,2,1,1,FMN GV 22 Boechout
7,Victor Heylenlei 41,2021-11-03,05:00:00,7,2,5,FMN GV 22 Boechout
7,Victor Heylenlei 41,2021-11-03,06:00:00,30,25,5,FMN GV 22 Boechout
7,Victor Heylenlei 41,2021-11-03,07:00:00,56,37,19,FMN GV 22 Boechout
7,Victor Heylenlei 41,2021-11-03,08:00:00,80,59,21,FMN GV 22 Boechout
7,Victor Heylenlei 41,2021-11-03,09:00:00,33,19,14,FMN GV 22 Boechout
7,Victor Heylenlei 41,2021-11-03,10:00:00,27,16,11,FMN GV 22 Boechout
7,Victor Heylenlei 41,2021-11-03,11:00:00,39,23,16,FMN GV 22 Boechout
7,Victor Heylenlei 41,2021-11-03,12:00:00,36,19,17,FMN GV 22 Boechout
7,Victor Heylenlei 41,2021-11-03,13:00:00,48,21,27,FMN GV 22 Boechout
7,Victor Heylenlei 41,2021-11-03,14:00:00,62,39,23,FMN GV 22 Boechout
7,Victor Heylenlei 41,2021-11-03,15:00:00,70,30,40,FMN GV 22 Boechout
7,Victor Heylenlei 41,2021-11-03,16:00:00,94,35,59,FMN GV 22 Boechout
7,Victor Heylenlei 41,2021-11-03,17:00:00,79,20,59,FMN GV 22 Boechout
7,Victor Heylenlei 41,2021-11-03,18:00:00,51,21,30,FMN GV 22 Boechout
7,Victor Heylenlei 41,2021-11-03,19:00:00,19,7,12,FMN GV 22 Boechout
7,Victor Heylenlei 41,2021-11-03,20:00:00,12,5,7,FMN GV 22 Boechout
7,Victor Heylenlei 41,2021-11-03,21:00:00,11,5,6,FMN GV 22 Boechout
7,Victor Heylenlei 41,2021-11-03,22:00:00,8,1,7,FMN GV 22 Boechout
7,Victor Heylenlei 41,2021-11-03,23:00:00,10,5,5,FMN GV 22 Boechout
7,Victor Heylenlei 41,2021-11-04,00:00:00,1,1,0,FMN GV 22 Boechout
7,Victor Heylenlei 41,2021-11-04,01:00:00,0,0,0,FMN GV 22 Boechout
7,Victor Heylenlei 41,2021-11-04,02:00:00,0,0,0,FMN GV 22 Boechout
7,Victor Heylenlei 41,2021-11-04,03:00:00,1,1,0,FMN GV 22 Boechout
7,Victor Heylenlei 41,2021-11-04,04:00:00,0,0,0,FMN GV 22 Boechout
7,Victor Heylenlei 41,2021-11-04,05:00:00,9,4,5,FMN GV 22 Boechout
7,Victor Heylenlei 41,2021-11-04,06:00:00,24,18,6,FMN GV 22 Boechout
7,Victor Heylenlei 41,2021-11-04,07:00:00,52,31,21,FMN GV 22 Boechout
7,Victor Heylenlei 41,2021-11-04,08:00:00,65,49,16,FMN GV 22 Boechout
7,Victor Heylenlei 41,2021-11-04,09:00:00,34,24,10,FMN GV 22 Boechout
7,Victor Heylenlei 41,2021-11-04,10:00:00,22,8,14,FMN GV 22 Boechout
7,Victor Heylenlei 41,2021-11-04,11:00:00,24,18,6,FMN GV 22 Boechout
7,Victor Heylenlei 41,2021-11-04,12:00:00,20,12,8,FMN GV 22 Boechout
7,Victor Heylenlei 41,2021-11-04,13:00:00,25,12,13,FMN GV 22 Boechout
7,Victor Heylenlei 41,2021-11-04,14:00:00,23,11,12,FMN GV 22 Boechout
7,Victor Heylenlei 41,2021-11-04,15:00:00,53,26,27,FMN GV 22 Boechout
7,Victor Heylenlei 41,2021-11-04,16:00:00,50,14,36,FMN GV 22 Boechout
7,Victor Heylenlei 41,2021-11-04,17:00:00,78,18,60,FMN GV 22 Boechout
7,Victor Heylenlei 41,2021-11-04,18:00:00,34,13,21,FMN GV 22 Boechout
7,Victor Heylenlei 41,2021-11-04,19:00:00,18,8,10,FMN GV 22 Boechout
7,Victor Heylenlei 41,2021-11-04,20:00:00,16,8,8,FMN GV 22 Boechout
7,Victor Heylenlei 41,2021-11-04,21:00:00,3,2,1,FMN GV 22 Boechout
7,Victor Heylenlei 41,2021-11-04,22:00:00,11,6,5,FMN GV 22 Boechout
7,Victor Heylenlei 41,2021-11-04,23:00:00,4,2,2,FMN GV 22 Boechout
7,Victor Heylenlei 41,2021-11-05,00:00:00,5,2,3,FMN GV 22 Boechout
7,Victor Heylenlei 41,2021-11-05,01:00:00,1,0,1,FMN GV 22 Boechout
7,Victor Heylenlei 41,2021-11-05,02:00:00,2,2,0,FMN GV 22 Boechout
7,Victor Heylenlei 41,2021-11-05,03:00:00,1,1,0,FMN GV 22 Boechout
7,Victor Heylenlei 41,2021-11-05,04:00:00,4,2,2,FMN GV 22 Boechout
7,Victor Heylenlei 41,2021-11-05,05:00:00,5,2,3,FMN GV 22 Boechout
7,Victor Heylenlei 41,2021-11-05,06:00:00,21,16,5,FMN GV 22 Boechout
7,Victor Heylenlei 41,2021-11-05,07:00:00,47,34,13,FMN GV 22 Boechout
7,Victor Heylenlei 41,2021-11-05,08:00:00,57,40,17,FMN GV 22 Boechout
7,Victor Heylenlei 41,2021-11-05,09:00:00,38,22,16,FMN GV 22 Boechout
7,Victor Heylenlei 41,2021-11-05,10:00:00,46,27,19,FMN GV 22 Boechout
7,Victor Heylenlei 41,2021-11-05,11:00:00,38,22,16,FMN GV 22 Boechout
7,Victor Heylenlei 41,2021-11-05,12:00:00,29,14,15,FMN GV 22 Boechout
7,Victor Heylenlei 41,2021-11-05,13:00:00,41,15,26,FMN GV 22 Boechout
7,Victor Heylenlei 41,2021-11-05,14:00:00,29,16,13,FMN GV 22 Boechout
7,Victor Heylenlei 41,2021-11-05,15:00:00,37,16,21,FMN GV 22 Boechout
7,Victor Heylenlei 41,2021-11-05,16:00:00,58,15,43,FMN GV 22 Boechout
7,Victor Heylenlei 41,2021-11-05,17:00:00,67,24,43,FMN GV 22 Boechout
7,Victor Heylenlei 41,2021-11-05,18:00:00,35,17,18,FMN GV 22 Boechout
7,Victor Heylenlei 41,2021-11-05,19:00:00,22,6,16,FMN GV 22 Boechout
7,Victor Heylenlei 41,2021-11-05,20:00:00,15,7,8,FMN GV 22 Boechout
7,Victor Heylenlei 41,2021-11-05,21:00:00,5,3,2,FMN GV 22 Boechout
7,Victor Heylenlei 41,2021-11-05,22:00:00,15,8,7,FMN GV 22 Boechout
7,Victor Heylenlei 41,2021-11-05,23:00:00,4,2,2,FMN GV 22 Boechout
7,Victor Heylenlei 41,2021-11-06,00:00:00,10,5,5,FMN GV 22 Boechout
7,Victor Heylenlei 41,2021-11-06,01:00:00,7,4,3,FMN GV 22 Boechout
7,Victor Heylenlei 41,2021-11-06,02:00:00,2,0,2,FMN GV 22 Boechout
7,Victor Heylenlei 41,2021-11-06,03:00:00,2,1,1,FMN GV 22 Boechout
7,Victor Heylenlei 41,2021-11-06,04:00:00,7,3,4,FMN GV 22 Boechout
7,Victor Heylenlei 41,2021-11-06,05:00:00,4,3,1,FMN GV 22 Boechout
7,Victor Heylenlei 41,2021-11-06,06:00:00,5,2,3,FMN GV 22 Boechout
7,Victor Heylenlei 41,2021-11-06,07:00:00,7,3,4,FMN GV 22 Boechout
7,Victor Heylenlei 41,2021-11-06,08:00:00,15,8,7,FMN GV 22 Boechout
7,Victor Heylenlei 41,2021-11-06,09:00:00,57,30,27,FMN GV 22 Boechout
7,Victor Heylenlei 41,2021-11-06,10:00:00,47,30,17,FMN GV 22 Boechout
7,Victor Heylenlei 41,2021-11-06,11:00:00,68,40,28,FMN GV 22 Boechout
7,Victor Heylenlei 41,2021-11-06,12:00:00,63,41,22,FMN GV 22 Boechout
7,Victor Heylenlei 41,2021-11-06,13:00:00,68,34,34,FMN GV 22 Boechout
7,Victor Heylenlei 41,2021-11-06,14:00:00,80,46,34,FMN GV 22 Boechout
7,Victor Heylenlei 41,2021-11-06,15:00:00,69,24,45,FMN GV 22 Boechout
7,Victor Heylenlei 41,2021-11-06,16:00:00,124,65,59,FMN GV 22 Boechout
7,Victor Heylenlei 41,2021-11-06,17:00:00,40,18,22,FMN GV 22 Boechout
7,Victor Heylenlei 41,2021-11-06,18:00:00,29,17,12,FMN GV 22 Boechout
7,Victor Heylenlei 41,2021-11-06,19:00:00,10,5,5,FMN GV 22 Boechout
7,Victor Heylenlei 41,2021-11-06,20:00:00,5,3,2,FMN GV 22 Boechout
7,Victor Heylenlei 41,2021-11-06,21:00:00,8,3,5,FMN GV 22 Boechout
7,Victor Heylenlei 41,2021-11-06,22:00:00,3,3,0,FMN GV 22 Boechout
7,Victor Heylenlei 41,2021-11-06,23:00:00,4,1,3,FMN GV 22 Boechout
7,Victor Heylenlei 41,2021-11-07,00:00:00,7,4,3,FMN GV 22 Boechout
7,Victor Heylenlei 41,2021-11-07,01:00:00,5,4,1,FMN GV 22 Boechout
7,Victor Heylenlei 41,2021-11-07,02:00:00,2,0,2,FMN GV 22 Boechout
7,Victor Heylenlei 41,2021-11-07,03:00:00,4,2,2,FMN GV 22 Boechout
7,Victor Heylenlei 41,2021-11-07,04:00:00,1,0,1,FMN GV 22 Boechout
7,Victor Heylenlei 41,2021-11-07,05:00:00,2,2,0,FMN GV 22 Boechout
7,Victor Heylenlei 41,2021-11-07,06:00:00,3,2,1,FMN GV 22 Boechout
7,Victor Heylenlei 41,2021-11-07,07:00:00,5,1,4,FMN GV 22 Boechout
7,Victor Heylenlei 41,2021-11-07,08:00:00,11,3,8,FMN GV 22 Boechout
7,Victor Heylenlei 41,2021-11-07,09:00:00,47,22,25,FMN GV 22 Boechout
7,Victor Heylenlei 41,2021-11-07,10:00:00,72,37,35,FMN GV 22 Boechout
7,Victor Heylenlei 41,2021-11-07,11:00:00,107,44,63,FMN GV 22 Boechout
7,Victor Heylenlei 41,2021-11-07,12:00:00,98,79,19,FMN GV 22 Boechout
7,Victor Heylenlei 41,2021-11-07,13:00:00,64,43,21,FMN GV 22 Boechout
7,Victor Heylenlei 41,2021-11-07,14:00:00,68,41,27,FMN GV 22 Boechout
7,Victor Heylenlei 41,2021-11-07,15:00:00,53,26,27,FMN GV 22 Boechout
7,Victor Heylenlei 41,2021-11-07,16:00:00,47,20,27,FMN GV 22 Boechout
7,Victor Heylenlei 41,2021-11-07,17:00:00,46,15,31,FMN GV 22 Boechout
7,Victor Heylenlei 41,2021-11-07,18:00:00,25,9,16,FMN GV 22 Boechout
7,Victor Heylenlei 41,2021-11-07,19:00:00,9,9,0,FMN GV 22 Boechout
7,Victor Heylenlei 41,2021-11-07,20:00:00,17,11,6,FMN GV 22 Boechout
7,Victor Heylenlei 41,2021-11-07,21:00:00,6,3,3,FMN GV 22 Boechout
7,Victor Heylenlei 41,2021-11-07,22:00:00,7,2,5,FMN GV 22 Boechout
7,Victor Heylenlei 41,2021-11-07,23:00:00,2,2,0,FMN GV 22 Boechout
7,Victor Heylenlei 41,2021-11-08,00:00:00,1,1,0,FMN GV 22 Boechout
7,Victor Heylenlei 41,2021-11-08,01:00:00,2,0,2,FMN GV 22 Boechout
7,Victor Heylenlei 41,2021-11-08,02:00:00,3,0,3,FMN GV 22 Boechout
7,Victor Heylenlei 41,2021-11-08,03:00:00,0,0,0,FMN GV 22 Boechout
7,Victor Heylenlei 41,2021-11-08,04:00:00,2,2,0,FMN GV 22 Boechout
7,Victor Heylenlei 41,2021-11-08,05:00:00,8,4,4,FMN GV 22 Boechout
7,Victor Heylenlei 41,2021-11-08,06:00:00,31,27,4,FMN GV 22 Boechout
7,Victor Heylenlei 41,2021-11-08,07:00:00,140,97,43,FMN GV 22 Boechout
7,Victor Heylenlei 41,2021-11-08,08:00:00,240,103,137,FMN GV 22 Boechout
7,Victor Heylenlei 41,2021-11-08,09:00:00,46,32,14,FMN GV 22 Boechout
7,Victor Heylenlei 41,2021-11-08,10:00:00,26,15,11,FMN GV 22 Boechout
7,Victor Heylenlei 41,2021-11-08,11:00:00,24,11,13,FMN GV 22 Boechout
7,Victor Heylenlei 41,2021-11-08,12:00:00,45,19,26,FMN GV 22 Boechout
7,Victor Heylenlei 41,2021-11-08,13:00:00,76,35,41,FMN GV 22 Boechout
7,Victor Heylenlei 41,2021-11-08,14:00:00,83,44,39,FMN GV 22 Boechout
7,Victor Heylenlei 41,2021-11-08,15:00:00,103,45,58,FMN GV 22 Boechout
7,Victor Heylenlei 41,2021-11-08,16:00:00,208,134,74,FMN GV 22 Boechout
7,Victor Heylenlei 41,2021-11-08,17:00:00,146,48,98,FMN GV 22 Boechout
7,Victor Heylenlei 41,2021-11-08,18:00:00,66,22,44,FMN GV 22 Boechout
7,Victor Heylenlei 41,2021-11-08,19:00:00,22,5,17,FMN GV 22 Boechout
7,Victor Heylenlei 41,2021-11-08,20:00:00,17,7,10,FMN GV 22 Boechout
7,Victor Heylenlei 41,2021-11-08,21:00:00,9,2,7,FMN GV 22 Boechout
7,Victor Heylenlei 41,2021-11-08,22:00:00,17,7,10,FMN GV 22 Boechout
7,Victor Heylenlei 41,2021-11-08,23:00:00,5,4,1,FMN GV 22 Boechout
7,Victor Heylenlei 41,2021-11-09,00:00:00,2,1,1,FMN GV 22 Boechout
7,Victor Heylenlei 41,2021-11-09,01:00:00,1,0,1,FMN GV 22 Boechout
7,Victor Heylenlei 41,2021-11-09,02:00:00,0,0,0,FMN GV 22 Boechout
7,Victor Heylenlei 41,2021-11-09,03:00:00,0,0,0,FMN GV 22 Boechout
7,Victor Heylenlei 41,2021-11-09,04:00:00,3,3,0,FMN GV 22 Boechout
7,Victor Heylenlei 41,2021-11-09,05:00:00,8,4,4,FMN GV 22 Boechout
7,Victor Heylenlei 41,2021-11-09,06:00:00,32,22,10,FMN GV 22 Boechout
7,Victor Heylenlei 41,2021-11-09,07:00:00,117,81,36,FMN GV 22 Boechout
7,Victor Heylenlei 41,2021-11-09,08:00:00,267,117,150,FMN GV 22 Boechout
7,Victor Heylenlei 41,2021-11-09,09:00:00,46,29,17,FMN GV 22 Boechout
7,Victor Heylenlei 41,2021-11-09,10:00:00,32,15,17,FMN GV 22 Boechout
7,Victor Heylenlei 41,2021-11-09,11:00:00,50,28,22,FMN GV 22 Boechout
7,Victor Heylenlei 41,2021-11-09,12:00:00,55,27,28,FMN GV 22 Boechout
7,Victor Heylenlei 41,2021-11-09,13:00:00,78,33,45,FMN GV 22 Boechout
7,Victor Heylenlei 41,2021-11-09,14:00:00,82,40,42,FMN GV 22 Boechout
7,Victor Heylenlei 41,2021-11-09,15:00:00,89,44,45,FMN GV 22 Boechout
7,Victor Heylenlei 41,2021-11-09,16:00:00,269,157,112,FMN GV 22 Boechout
7,Victor Heylenlei 41,2021-11-09,17:00:00,124,47,77,FMN GV 22 Boechout
7,Victor Heylenlei 41,2021-11-09,18:00:00,74,19,55,FMN GV 22 Boechout
7,Victor Heylenlei 41,2021-11-09,19:00:00,23,4,19,FMN GV 22 Boechout
7,Victor Heylenlei 41,2021-11-09,20:00:00,31,13,18,FMN GV 22 Boechout
7,Victor Heylenlei 41,2021-11-09,21:00:00,18,8,10,FMN GV 22 Boechout
7,Victor Heylenlei 41,2021-11-09,22:00:00,20,6,14,FMN GV 22 Boechout
7,Victor Heylenlei 41,2021-11-09,23:00:00,6,5,1,FMN GV 22 Boechout
7,Victor Heylenlei 41,2021-11-10,00:00:00,4,2,2,FMN GV 22 Boechout
7,Victor Heylenlei 41,2021-11-10,01:00:00,0,0,0,FMN GV 22 Boechout
7,Victor Heylenlei 41,2021-11-10,02:00:00,2,1,1,FMN GV 22 Boechout
7,Victor Heylenlei 41,2021-11-10,03:00:00,1,1,0,FMN GV 22 Boechout
7,Victor Heylenlei 41,2021-11-10,04:00:00,3,2,1,FMN GV 22 Boechout
7,Victor Heylenlei 41,2021-11-10,05:00:00,9,6,3,FMN GV 22 Boechout
7,Victor Heylenlei 41,2021-11-10,06:00:00,31,25,6,FMN GV 22 Boechout
7,Victor Heylenlei 41,2021-11-10,07:00:00,102,73,29,FMN GV 22 Boechout
7,Victor Heylenlei 41,2021-11-10,08:00:00,222,91,131,FMN GV 22 Boechout
7,Victor Heylenlei 41,2021-11-10,09:00:00,37,27,10,FMN GV 22 Boechout
7,Victor Heylenlei 41,2021-11-10,10:00:00,35,19,16,FMN GV 22 Boechout
7,Victor Heylenlei 41,2021-11-10,11:00:00,42,16,26,FMN GV 22 Boechout
7,Victor Heylenlei 41,2021-11-10,12:00:00,184,127,57,FMN GV 22 Boechout
7,Victor Heylenlei 41,2021-11-10,13:00:00,109,35,74,FMN GV 22 Boechout
7,Victor Heylenlei 41,2021-11-10,14:00:00,85,34,51,FMN GV 22 Boechout
7,Victor Heylenlei 41,2021-11-10,15:00:00,107,61,46,FMN GV 22 Boechout
7,Victor Heylenlei 41,2021-11-10,16:00:00,90,26,64,FMN GV 22 Boechout
7,Victor Heylenlei 41,2021-11-10,17:00:00,92,30,62,FMN GV 22 Boechout
7,Victor Heylenlei 41,2021-11-10,18:00:00,64,24,40,FMN GV 22 Boechout
7,Victor Heylenlei 41,2021-11-10,19:00:00,39,13,26,FMN GV 22 Boechout
7,Victor Heylenlei 41,2021-11-10,20:00:00,20,10,10,FMN GV 22 Boechout
7,Victor Heylenlei 41,2021-11-10,21:00:00,13,5,8,FMN GV 22 Boechout
7,Victor Heylenlei 41,2021-11-10,22:00:00,17,9,8,FMN GV 22 Boechout
7,Victor Heylenlei 41,2021-11-10,23:00:00,3,1,2,FMN GV 22 Boechout
7,Victor Heylenlei 41,2021-11-11,00:00:00,13,10,3,FMN GV 22 Boechout
7,Victor Heylenlei 41,2021-11-11,01:00:00,6,1,5,FMN GV 22 Boechout
7,Victor Heylenlei 41,2021-11-11,02:00:00,2,1,1,FMN GV 22 Boechout
7,Victor Heylenlei 41,2021-11-11,03:00:00,3,2,1,FMN GV 22 Boechout
7,Victor Heylenlei 41,2021-11-11,04:00:00,1,0,1,FMN GV 22 Boechout
7,Victor Heylenlei 41,2021-11-11,05:00:00,8,3,5,FMN GV 22 Boechout
7,Victor Heylenlei 41,2021-11-11,06:00:00,0,0,0,FMN GV 22 Boechout
7,Victor Heylenlei 41,2021-11-11,07:00:00,3,2,1,FMN GV 22 Boechout
7,Victor Heylenlei 41,2021-11-11,08:00:00,13,4,9,FMN GV 22 Boechout
7,Victor Heylenlei 41,2021-11-11,09:00:00,25,13,12,FMN GV 22 Boechout
7,Victor Heylenlei 41,2021-11-11,10:00:00,60,29,31,FMN GV 22 Boechout
7,Victor Heylenlei 41,2021-11-11,11:00:00,72,34,38,FMN GV 22 Boechout
7,Victor Heylenlei 41,2021-11-11,12:00:00,64,42,22,FMN GV 22 Boechout
7,Victor Heylenlei 41,2021-11-11,13:00:00,79,49,30,FMN GV 22 Boechout
7,Victor Heylenlei 41,2021-11-11,14:00:00,94,38,56,FMN GV 22 Boechout
7,Victor Heylenlei 41,2021-11-11,15:00:00,126,68,58,FMN GV 22 Boechout
7,Victor Heylenlei 41,2021-11-11,16:00:00,80,37,43,FMN GV 22 Boechout
7,Victor Heylenlei 41,2021-11-11,17:00:00,58,31,27,FMN GV 22 Boechout
7,Victor Heylenlei 41,2021-11-11,18:00:00,29,8,21,FMN GV 22 Boechout
7,Victor Heylenlei 41,2021-11-11,19:00:00,15,9,6,FMN GV 22 Boechout
7,Victor Heylenlei 41,2021-11-11,20:00:00,11,8,3,FMN GV 22 Boechout
7,Victor Heylenlei 41,2021-11-11,21:00:00,4,1,3,FMN GV 22 Boechout
7,Victor Heylenlei 41,2021-11-11,22:00:00,9,2,7,FMN GV 22 Boechout
7,Victor Heylenlei 41,2021-11-11,23:00:00,0,0,0,FMN GV 22 Boechout
7,Victor Heylenlei 41,2021-11-12,00:00:00,2,1,1,FMN GV 22 Boechout
7,Victor Heylenlei 41,2021-11-12,01:00:00,4,2,2,FMN GV 22 Boechout
7,Victor Heylenlei 41,2021-11-12,02:00:00,0,0,0,FMN GV 22 Boechout
7,Victor Heylenlei 41,2021-11-12,03:00:00,1,1,0,FMN GV 22 Boechout
7,Victor Heylenlei 41,2021-11-12,04:00:00,2,1,1,FMN GV 22 Boechout
7,Victor Heylenlei 41,2021-11-12,05:00:00,4,2,2,FMN GV 22 Boechout
7,Victor Heylenlei 41,2021-11-12,06:00:00,17,10,7,FMN GV 22 Boechout
7,Victor Heylenlei 41,2021-11-12,07:00:00,54,32,22,FMN GV 22 Boechout
7,Victor Heylenlei 41,2021-11-12,08:00:00,182,56,126,FMN GV 22 Boechout
7,Victor Heylenlei 41,2021-11-12,09:00:00,50,24,26,FMN GV 22 Boechout
7,Victor Heylenlei 41,2021-11-12,10:00:00,52,24,28,FMN GV 22 Boechout
7,Victor Heylenlei 41,2021-11-12,11:00:00,53,31,22,FMN GV 22 Boechout
7,Victor Heylenlei 41,2021-11-12,12:00:00,57,26,31,FMN GV 22 Boechout
7,Victor Heylenlei 41,2021-11-12,13:00:00,77,29,48,FMN GV 22 Boechout
7,Victor Heylenlei 41,2021-11-12,14:00:00,82,35,47,FMN GV 22 Boechout
7,Victor Heylenlei 41,2021-11-12,15:00:00,112,70,42,FMN GV 22 Boechout
7,Victor Heylenlei 41,2021-11-12,16:00:00,165,122,43,FMN GV 22 Boechout
7,Victor Heylenlei 41,2021-11-12,17:00:00,59,21,38,FMN GV 22 Boechout
7,Victor Heylenlei 41,2021-11-12,18:00:00,34,11,23,FMN GV 22 Boechout
7,Victor Heylenlei 41,2021-11-12,19:00:00,29,14,15,FMN GV 22 Boechout
7,Victor Heylenlei 41,2021-11-12,20:00:00,16,8,8,FMN GV 22 Boechout
7,Victor Heylenlei 41,2021-11-12,21:00:00,13,6,7,FMN GV 22 Boechout
7,Victor Heylenlei 41,2021-11-12,22:00:00,18,9,9,FMN GV 22 Boechout
7,Victor Heylenlei 41,2021-11-12,23:00:00,7,4,3,FMN GV 22 Boechout
7,Victor Heylenlei 41,2021-11-13,00:00:00,4,3,1,FMN GV 22 Boechout
7,Victor Heylenlei 41,2021-11-13,01:00:00,9,2,7,FMN GV 22 Boechout
7,Victor Heylenlei 41,2021-11-13,02:00:00,4,1,3,FMN GV 22 Boechout
7,Victor Heylenlei 41,2021-11-13,03:00:00,2,2,0,FMN GV 22 Boechout
7,Victor Heylenlei 41,2021-11-13,04:00:00,3,3,0,FMN GV 22 Boechout
7,Victor Heylenlei 41,2021-11-13,05:00:00,8,4,4,FMN GV 22 Boechout
7,Victor Heylenlei 41,2021-11-13,06:00:00,12,7,5,FMN GV 22 Boechout
7,Victor Heylenlei 41,2021-11-13,07:00:00,2,1,1,FMN GV 22 Boechout
7,Victor Heylenlei 41,2021-11-13,08:00:00,11,4,7,FMN GV 22 Boechout
7,Victor Heylenlei 41,2021-11-13,09:00:00,18,7,11,FMN GV 22 Boechout
7,Victor Heylenlei 41,2021-11-13,10:00:00,12,9,3,FMN GV 22 Boechout
7,Victor Heylenlei 41,2021-11-13,11:00:00,23,11,12,FMN GV 22 Boechout
7,Victor Heylenlei 41,2021-11-13,12:00:00,15,7,8,FMN GV 22 Boechout
7,Victor Heylenlei 41,2021-11-13,13:00:00,45,19,26,FMN GV 22 Boechout
7,Victor Heylenlei 41,2021-11-13,14:00:00,22,7,15,FMN GV 22 Boechout
7,Victor Heylenlei 41,2021-11-13,15:00:00,31,14,17,FMN GV 22 Boechout
7,Victor Heylenlei 41,2021-11-13,16:00:00,25,10,15,FMN GV 22 Boechout
7,Victor Heylenlei 41,2021-11-13,17:00:00,32,17,15,FMN GV 22 Boechout
7,Victor Heylenlei 41,2021-11-13,18:00:00,13,8,5,FMN GV 22 Boechout
7,Victor Heylenlei 41,2021-11-13,19:00:00,17,8,9,FMN GV 22 Boechout
7,Victor Heylenlei 41,2021-11-13,20:00:00,12,8,4,FMN GV 22 Boechout
7,Victor Heylenlei 41,2021-11-13,21:00:00,8,4,4,FMN GV 22 Boechout
7,Victor Heylenlei 41,2021-11-13,22:00:00,16,7,9,FMN GV 22 Boechout
7,Victor Heylenlei 41,2021-11-13,23:00:00,3,2,1,FMN GV 22 Boechout
7,Victor Heylenlei 41,2021-11-14,00:00:00,8,6,2,FMN GV 22 Boechout
7,Victor Heylenlei 41,2021-11-14,01:00:00,7,4,3,FMN GV 22 Boechout
7,Victor Heylenlei 41,2021-11-14,02:00:00,8,2,6,FMN GV 22 Boechout
7,Victor Heylenlei 41,2021-11-14,03:00:00,0,0,0,FMN GV 22 Boechout
7,Victor Heylenlei 41,2021-11-14,04:00:00,1,1,0,FMN GV 22 Boechout
7,Victor Heylenlei 41,2021-11-14,05:00:00,1,1,0,FMN GV 22 Boechout
7,Victor Heylenlei 41,2021-11-14,06:00:00,2,2,0,FMN GV 22 Boechout
7,Victor Heylenlei 41,2021-11-14,07:00:00,4,2,2,FMN GV 22 Boechout
7,Victor Heylenlei 41,2021-11-14,08:00:00,16,7,9,FMN GV 22 Boechout
7,Victor Heylenlei 41,2021-11-14,09:00:00,61,30,31,FMN GV 22 Boechout
7,Victor Heylenlei 41,2021-11-14,10:00:00,58,15,43,FMN GV 22 Boechout
7,Victor Heylenlei 41,2021-11-14,11:00:00,82,43,39,FMN GV 22 Boechout
7,Victor Heylenlei 41,2021-11-14,12:00:00,78,56,22,FMN GV 22 Boechout
7,Victor Heylenlei 41,2021-11-14,13:00:00,75,39,36,FMN GV 22 Boechout
7,Victor Heylenlei 41,2021-11-14,14:00:00,97,45,52,FMN GV 22 Boechout
7,Victor Heylenlei 41,2021-11-14,15:00:00,85,44,41,FMN GV 22 Boechout
7,Victor Heylenlei 41,2021-11-14,16:00:00,75,41,34,FMN GV 22 Boechout
7,Victor Heylenlei 41,2021-11-14,17:00:00,55,34,21,FMN GV 22 Boechout
7,Victor Heylenlei 41,2021-11-14,18:00:00,35,14,21,FMN GV 22 Boechout
7,Victor Heylenlei 41,2021-11-14,19:00:00,11,2,9,FMN GV 22 Boechout
7,Victor Heylenlei 41,2021-11-14,20:00:00,6,2,4,FMN GV 22 Boechout
7,Victor Heylenlei 41,2021-11-14,21:00:00,3,2,1,FMN GV 22 Boechout
7,Victor Heylenlei 41,2021-11-14,22:00:00,7,3,4,FMN GV 22 Boechout
7,Victor Heylenlei 41,2021-11-14,23:00:00,3,2,1,FMN GV 22 Boechout
7,Victor Heylenlei 41,2021-11-15,00:00:00,0,0,0,FMN GV 22 Boechout
7,Victor Heylenlei 41,2021-11-15,01:00:00,2,0,2,FMN GV 22 Boechout
7,Victor Heylenlei 41,2021-11-15,02:00:00,1,0,1,FMN GV 22 Boechout
7,Victor Heylenlei 41,2021-11-15,03:00:00,2,2,0,FMN GV 22 Boechout
7,Victor Heylenlei 41,2021-11-15,04:00:00,4,3,1,FMN GV 22 Boechout
7,Victor Heylenlei 41,2021-11-15,05:00:00,12,8,4,FMN GV 22 Boechout
7,Victor Heylenlei 41,2021-11-15,06:00:00,37,29,8,FMN GV 22 Boechout
7,Victor Heylenlei 41,2021-11-15,07:00:00,109,75,34,FMN GV 22 Boechout
7,Victor Heylenlei 41,2021-11-15,08:00:00,216,89,127,FMN GV 22 Boechout
7,Victor Heylenlei 41,2021-11-15,09:00:00,53,36,17,FMN GV 22 Boechout
7,Victor Heylenlei 41,2021-11-15,10:00:00,20,9,11,FMN GV 22 Boechout
7,Victor Heylenlei 41,2021-11-15,11:00:00,37,28,9,FMN GV 22 Boechout
7,Victor Heylenlei 41,2021-11-15,12:00:00,28,17,11,FMN GV 22 Boechout
7,Victor Heylenlei 41,2021-11-15,13:00:00,43,18,25,FMN GV 22 Boechout
7,Victor Heylenlei 41,2021-11-15,14:00:00,39,13,26,FMN GV 22 Boechout
7,Victor Heylenlei 41,2021-11-15,15:00:00,65,27,38,FMN GV 22 Boechout
7,Victor Heylenlei 41,2021-11-15,16:00:00,203,120,83,FMN GV 22 Boechout
7,Victor Heylenlei 41,2021-11-15,17:00:00,108,29,79,FMN GV 22 Boechout
7,Victor Heylenlei 41,2021-11-15,18:00:00,55,17,38,FMN GV 22 Boechout
7,Victor Heylenlei 41,2021-11-15,19:00:00,34,15,19,FMN GV 22 Boechout
7,Victor Heylenlei 41,2021-11-15,20:00:00,20,8,12,FMN GV 22 Boechout
7,Victor Heylenlei 41,2021-11-15,21:00:00,7,4,3,FMN GV 22 Boechout
7,Victor Heylenlei 41,2021-11-15,22:00:00,13,5,8,FMN GV 22 Boechout
7,Victor Heylenlei 41,2021-11-15,23:00:00,8,3,5,FMN GV 22 Boechout
7,Victor Heylenlei 41,2021-11-16,00:00:00,2,1,1,FMN GV 22 Boechout
7,Victor Heylenlei 41,2021-11-16,01:00:00,0,0,0,FMN GV 22 Boechout
7,Victor Heylenlei 41,2021-11-16,02:00:00,0,0,0,FMN GV 22 Boechout
7,Victor Heylenlei 41,2021-11-16,03:00:00,0,0,0,FMN GV 22 Boechout
7,Victor Heylenlei 41,2021-11-16,04:00:00,3,3,0,FMN GV 22 Boechout
7,Victor Heylenlei 41,2021-11-16,05:00:00,13,7,6,FMN GV 22 Boechout
7,Victor Heylenlei 41,2021-11-16,06:00:00,35,25,10,FMN GV 22 Boechout
7,Victor Heylenlei 41,2021-11-16,07:00:00,105,79,26,FMN GV 22 Boechout
7,Victor Heylenlei 41,2021-11-16,08:00:00,213,94,119,FMN GV 22 Boechout
7,Victor Heylenlei 41,2021-11-16,09:00:00,47,30,17,FMN GV 22 Boechout
7,Victor Heylenlei 41,2021-11-16,10:00:00,36,14,22,FMN GV 22 Boechout
7,Victor Heylenlei 41,2021-11-16,11:00:00,18,11,7,FMN GV 22 Boechout
7,Victor Heylenlei 41,2021-11-16,12:00:00,44,26,18,FMN GV 22 Boechout
7,Victor Heylenlei 41,2021-11-16,13:00:00,40,23,17,FMN GV 22 Boechout
7,Victor Heylenlei 41,2021-11-16,14:00:00,27,2,25,FMN GV 22 Boechout
7,Victor Heylenlei 41,2021-11-16,15:00:00,0,0,0,FMN GV 22 Boechout
7,Victor Heylenlei 41,2021-11-16,16:00:00,0,0,0,FMN GV 22 Boechout
7,Victor Heylenlei 41,2021-11-16,17:00:00,0,0,0,FMN GV 22 Boechout
7,Victor Heylenlei 41,2021-11-16,18:00:00,0,0,0,FMN GV 22 Boechout
7,Victor Heylenlei 41,2021-11-16,19:00:00,0,0,0,FMN GV 22 Boechout
7,Victor Heylenlei 41,2021-11-16,20:00:00,22,7,15,FMN GV 22 Boechout
7,Victor Heylenlei 41,2021-11-16,21:00:00,9,6,3,FMN GV 22 Boechout
7,Victor Heylenlei 41,2021-11-16,22:00:00,23,16,7,FMN GV 22 Boechout
7,Victor Heylenlei 41,2021-11-16,23:00:00,7,5,2,FMN GV 22 Boechout
7,Victor Heylenlei 41,2021-11-17,00:00:00,3,2,1,FMN GV 22 Boechout
7,Victor Heylenlei 41,2021-11-17,01:00:00,2,1,1,FMN GV 22 Boechout
7,Victor Heylenlei 41,2021-11-17,02:00:00,0,0,0,FMN GV 22 Boechout
7,Victor Heylenlei 41,2021-11-17,03:00:00,1,1,0,FMN GV 22 Boechout
7,Victor Heylenlei 41,2021-11-17,04:00:00,4,4,0,FMN GV 22 Boechout
7,Victor Heylenlei 41,2021-11-17,05:00:00,15,8,7,FMN GV 22 Boechout
7,Victor Heylenlei 41,2021-11-17,06:00:00,27,22,5,FMN GV 22 Boechout
7,Victor Heylenlei 41,2021-11-17,07:00:00,103,75,28,FMN GV 22 Boechout
7,Victor Heylenlei 41,2021-11-17,08:00:00,218,86,132,FMN GV 22 Boechout
7,Victor Heylenlei 41,2021-11-17,09:00:00,50,34,16,FMN GV 22 Boechout
7,Victor Heylenlei 41,2021-11-17,10:00:00,39,31,8,FMN GV 22 Boechout
7,Victor Heylenlei 41,2021-11-17,11:00:00,23,11,12,FMN GV 22 Boechout
7,Victor Heylenlei 41,2021-11-17,12:00:00,151,109,42,FMN GV 22 Boechout
7,Victor Heylenlei 41,2021-11-17,13:00:00,84,37,47,FMN GV 22 Boechout
7,Victor Heylenlei 41,2021-11-17,14:00:00,63,26,37,FMN GV 22 Boechout
7,Victor Heylenlei 41,2021-11-17,15:00:00,72,24,48,FMN GV 22 Boechout
7,Victor Heylenlei 41,2021-11-17,16:00:00,70,24,46,FMN GV 22 Boechout
7,Victor Heylenlei 41,2021-11-17,17:00:00,96,34,62,FMN GV 22 Boechout
7,Victor Heylenlei 41,2021-11-17,18:00:00,50,15,35,FMN GV 22 Boechout
7,Victor Heylenlei 41,2021-11-17,19:00:00,25,6,19,FMN GV 22 Boechout
7,Victor Heylenlei 41,2021-11-17,20:00:00,23,12,11,FMN GV 22 Boechout
7,Victor Heylenlei 41,2021-11-17,21:00:00,9,4,5,FMN GV 22 Boechout
7,Victor Heylenlei 41,2021-11-17,22:00:00,9,2,7,FMN GV 22 Boechout
7,Victor Heylenlei 41,2021-11-17,23:00:00,6,2,4,FMN GV 22 Boechout
7,Victor Heylenlei 41,2021-11-18,00:00:00,2,0,2,FMN GV 22 Boechout
7,Victor Heylenlei 41,2021-11-18,01:00:00,1,1,0,FMN GV 22 Boechout
7,Victor Heylenlei 41,2021-11-18,02:00:00,0,0,0,FMN GV 22 Boechout
7,Victor Heylenlei 41,2021-11-18,03:00:00,1,1,0,FMN GV 22 Boechout
7,Victor Heylenlei 41,2021-11-18,04:00:00,3,2,1,FMN GV 22 Boechout
7,Victor Heylenlei 41,2021-11-18,05:00:00,16,11,5,FMN GV 22 Boechout
7,Victor Heylenlei 41,2021-11-18,06:00:00,32,27,5,FMN GV 22 Boechout
7,Victor Heylenlei 41,2021-11-18,07:00:00,114,86,28,FMN GV 22 Boechout
7,Victor Heylenlei 41,2021-11-18,08:00:00,233,98,135,FMN GV 22 Boechout
7,Victor Heylenlei 41,2021-11-18,09:00:00,65,38,27,FMN GV 22 Boechout
7,Victor Heylenlei 41,2021-11-18,10:00:00,32,23,9,FMN GV 22 Boechout
7,Victor Heylenlei 41,2021-11-18,11:00:00,51,32,19,FMN GV 22 Boechout
7,Victor Heylenlei 41,2021-11-18,12:00:00,47,26,21,FMN GV 22 Boechout
7,Victor Heylenlei 41,2021-11-18,13:00:00,77,36,41,FMN GV 22 Boechout
7,Victor Heylenlei 41,2021-11-18,14:00:00,82,39,43,FMN GV 22 Boechout
7,Victor Heylenlei 41,2021-11-18,15:00:00,85,37,48,FMN GV 22 Boechout
7,Victor Heylenlei 41,2021-11-18,16:00:00,224,145,79,FMN GV 22 Boechout
7,Victor Heylenlei 41,2021-11-18,17:00:00,126,38,88,FMN GV 22 Boechout
7,Victor Heylenlei 41,2021-11-18,18:00:00,65,19,46,FMN GV 22 Boechout
7,Victor Heylenlei 41,2021-11-18,19:00:00,34,13,21,FMN GV 22 Boechout
7,Victor Heylenlei 41,2021-11-18,20:00:00,20,9,11,FMN GV 22 Boechout
7,Victor Heylenlei 41,2021-11-18,21:00:00,17,8,9,FMN GV 22 Boechout
7,Victor Heylenlei 41,2021-11-18,22:00:00,12,4,8,FMN GV 22 Boechout
7,Victor Heylenlei 41,2021-11-18,23:00:00,7,6,1,FMN GV 22 Boechout
7,Victor Heylenlei 41,2021-11-19,00:00:00,4,0,4,FMN GV 22 Boechout
7,Victor Heylenlei 41,2021-11-19,01:00:00,3,3,0,FMN GV 22 Boechout
7,Victor Heylenlei 41,2021-11-19,02:00:00,0,0,0,FMN GV 22 Boechout
7,Victor Heylenlei 41,2021-11-19,03:00:00,0,0,0,FMN GV 22 Boechout
7,Victor Heylenlei 41,2021-11-19,04:00:00,4,4,0,FMN GV 22 Boechout
7,Victor Heylenlei 41,2021-11-19,05:00:00,14,7,7,FMN GV 22 Boechout
7,Victor Heylenlei 41,2021-11-19,06:00:00,26,20,6,FMN GV 22 Boechout
7,Victor Heylenlei 41,2021-11-19,07:00:00,89,66,23,FMN GV 22 Boechout
7,Victor Heylenlei 41,2021-11-19,08:00:00,216,74,142,FMN GV 22 Boechout
7,Victor Heylenlei 41,2021-11-19,09:00:00,40,22,18,FMN GV 22 Boechout
7,Victor Heylenlei 41,2021-11-19,10:00:00,31,13,18,FMN GV 22 Boechout
7,Victor Heylenlei 41,2021-11-19,11:00:00,35,18,17,FMN GV 22 Boechout
7,Victor Heylenlei 41,2021-11-19,12:00:00,43,19,24,FMN GV 22 Boechout
7,Victor Heylenlei 41,2021-11-19,13:00:00,49,20,29,FMN GV 22 Boechout
7,Victor Heylenlei 41,2021-11-19,14:00:00,63,23,40,FMN GV 22 Boechout
7,Victor Heylenlei 41,2021-11-19,15:00:00,76,41,35,FMN GV 22 Boechout
7,Victor Heylenlei 41,2021-11-19,16:00:00,203,134,69,FMN GV 22 Boechout
7,Victor Heylenlei 41,2021-11-19,17:00:00,80,33,47,FMN GV 22 Boechout
7,Victor Heylenlei 41,2021-11-19,18:00:00,48,18,30,FMN GV 22 Boechout
7,Victor Heylenlei 41,2021-11-19,19:00:00,34,14,20,FMN GV 22 Boechout
7,Victor Heylenlei 41,2021-11-19,20:00:00,18,4,14,FMN GV 22 Boechout
7,Victor Heylenlei 41,2021-11-19,21:00:00,10,1,9,FMN GV 22 Boechout
7,Victor Heylenlei 41,2021-11-19,22:00:00,25,11,14,FMN GV 22 Boechout
7,Victor Heylenlei 41,2021-11-19,23:00:00,12,5,7,FMN GV 22 Boechout
7,Victor Heylenlei 41,2021-11-20,00:00:00,6,5,1,FMN GV 22 Boechout
7,Victor Heylenlei 41,2021-11-20,01:00:00,7,4,3,FMN GV 22 Boechout
7,Victor Heylenlei 41,2021-11-20,02:00:00,6,2,4,FMN GV 22 Boechout
7,Victor Heylenlei 41,2021-11-20,03:00:00,3,2,1,FMN GV 22 Boechout
7,Victor Heylenlei 41,2021-11-20,04:00:00,8,7,1,FMN GV 22 Boechout
7,Victor Heylenlei 41,2021-11-20,05:00:00,1,0,1,FMN GV 22 Boechout
7,Victor Heylenlei 41,2021-11-20,06:00:00,3,1,2,FMN GV 22 Boechout
7,Victor Heylenlei 41,2021-11-20,07:00:00,6,4,2,FMN GV 22 Boechout
7,Victor Heylenlei 41,2021-11-20,08:00:00,16,6,10,FMN GV 22 Boechout
7,Victor Heylenlei 41,2021-11-20,09:00:00,46,17,29,FMN GV 22 Boechout
7,Victor Heylenlei 41,2021-11-20,10:00:00,69,20,49,FMN GV 22 Boechout
7,Victor Heylenlei 41,2021-11-20,11:00:00,47,28,19,FMN GV 22 Boechout
7,Victor Heylenlei 41,2021-11-20,12:00:00,64,35,29,FMN GV 22 Boechout
7,Victor Heylenlei 41,2021-11-20,13:00:00,76,37,39,FMN GV 22 Boechout
7,Victor Heylenlei 41,2021-11-20,14:00:00,73,45,28,FMN GV 22 Boechout
7,Victor Heylenlei 41,2021-11-20,15:00:00,86,41,45,FMN GV 22 Boechout
7,Victor Heylenlei 41,2021-11-20,16:00:00,68,36,32,FMN GV 22 Boechout
7,Victor Heylenlei 41,2021-11-20,17:00:00,38,15,23,FMN GV 22 Boechout
7,Victor Heylenlei 41,2021-11-20,18:00:00,25,12,13,FMN GV 22 Boechout
7,Victor Heylenlei 41,2021-11-20,19:00:00,18,9,9,FMN GV 22 Boechout
7,Victor Heylenlei 41,2021-11-20,20:00:00,12,7,5,FMN GV 22 Boechout
7,Victor Heylenlei 41,2021-11-20,21:00:00,5,5,0,FMN GV 22 Boechout
7,Victor Heylenlei 41,2021-11-20,22:00:00,7,4,3,FMN GV 22 Boechout
7,Victor Heylenlei 41,2021-11-20,23:00:00,12,5,7,FMN GV 22 Boechout
7,Victor Heylenlei 41,2021-11-21,00:00:00,6,4,2,FMN GV 22 Boechout
7,Victor Heylenlei 41,2021-11-21,01:00:00,11,4,7,FMN GV 22 Boechout
7,Victor Heylenlei 41,2021-11-21,02:00:00,1,1,0,FMN GV 22 Boechout
7,Victor Heylenlei 41,2021-11-21,03:00:00,6,2,4,FMN GV 22 Boechout
7,Victor Heylenlei 41,2021-11-21,04:00:00,0,0,0,FMN GV 22 Boechout
7,Victor Heylenlei 41,2021-11-21,05:00:00,0,0,0,FMN GV 22 Boechout
7,Victor Heylenlei 41,2021-11-21,06:00:00,5,5,0,FMN GV 22 Boechout
7,Victor Heylenlei 41,2021-11-21,07:00:00,0,0,0,FMN GV 22 Boechout
7,Victor Heylenlei 41,2021-11-21,08:00:00,5,2,3,FMN GV 22 Boechout
7,Victor Heylenlei 41,2021-11-21,09:00:00,13,6,7,FMN GV 22 Boechout
7,Victor Heylenlei 41,2021-11-21,10:00:00,22,12,10,FMN GV 22 Boechout
7,Victor Heylenlei 41,2021-11-21,11:00:00,50,33,17,FMN GV 22 Boechout
7,Victor Heylenlei 41,2021-11-21,12:00:00,55,32,23,FMN GV 22 Boechout
7,Victor Heylenlei 41,2021-11-21,13:00:00,46,22,24,FMN GV 22 Boechout
7,Victor Heylenlei 41,2021-11-21,14:00:00,70,37,33,FMN GV 22 Boechout
7,Victor Heylenlei 41,2021-11-21,15:00:00,74,32,42,FMN GV 22 Boechout
7,Victor Heylenlei 41,2021-11-21,16:00:00,56,29,27,FMN GV 22 Boechout
7,Victor Heylenlei 41,2021-11-21,17:00:00,54,26,28,FMN GV 22 Boechout
7,Victor Heylenlei 41,2021-11-21,18:00:00,19,7,12,FMN GV 22 Boechout
7,Victor Heylenlei 41,2021-11-21,19:00:00,9,6,3,FMN GV 22 Boechout
7,Victor Heylenlei 41,2021-11-21,20:00:00,8,2,6,FMN GV 22 Boechout
7,Victor Heylenlei 41,2021-11-21,21:00:00,15,6,9,FMN GV 22 Boechout
7,Victor Heylenlei 41,2021-11-21,22:00:00,4,1,3,FMN GV 22 Boechout
7,Victor Heylenlei 41,2021-11-21,23:00:00,1,0,1,FMN GV 22 Boechout
7,Victor Heylenlei 41,2021-11-22,00:00:00,2,2,0,FMN GV 22 Boechout
7,Victor Heylenlei 41,2021-11-22,01:00:00,0,0,0,FMN GV 22 Boechout
7,Victor Heylenlei 41,2021-11-22,02:00:00,1,1,0,FMN GV 22 Boechout
7,Victor Heylenlei 41,2021-11-22,03:00:00,1,0,1,FMN GV 22 Boechout
7,Victor Heylenlei 41,2021-11-22,04:00:00,2,1,1,FMN GV 22 Boechout
7,Victor Heylenlei 41,2021-11-22,05:00:00,8,4,4,FMN GV 22 Boechout
7,Victor Heylenlei 41,2021-11-22,06:00:00,25,20,5,FMN GV 22 Boechout
7,Victor Heylenlei 41,2021-11-22,07:00:00,114,75,39,FMN GV 22 Boechout
7,Victor Heylenlei 41,2021-11-22,08:00:00,222,83,139,FMN GV 22 Boechout
7,Victor Heylenlei 41,2021-11-22,09:00:00,39,24,15,FMN GV 22 Boechout
7,Victor Heylenlei 41,2021-11-22,10:00:00,32,15,17,FMN GV 22 Boechout
7,Victor Heylenlei 41,2021-11-22,11:00:00,23,16,7,FMN GV 22 Boechout
7,Victor Heylenlei 41,2021-11-22,12:00:00,39,20,19,FMN GV 22 Boechout
7,Victor Heylenlei 41,2021-11-22,13:00:00,55,25,30,FMN GV 22 Boechout
7,Victor Heylenlei 41,2021-11-22,14:00:00,82,36,46,FMN GV 22 Boechout
7,Victor Heylenlei 41,2021-11-22,15:00:00,97,44,53,FMN GV 22 Boechout
7,Victor Heylenlei 41,2021-11-22,16:00:00,190,124,66,FMN GV 22 Boechout
7,Victor Heylenlei 41,2021-11-22,17:00:00,106,35,71,FMN GV 22 Boechout
7,Victor Heylenlei 41,2021-11-22,18:00:00,49,12,37,FMN GV 22 Boechout
7,Victor Heylenlei 41,2021-11-22,19:00:00,25,9,16,FMN GV 22 Boechout
7,Victor Heylenlei 41,2021-11-22,20:00:00,22,11,11,FMN GV 22 Boechout
7,Victor Heylenlei 41,2021-11-22,21:00:00,22,10,12,FMN GV 22 Boechout
7,Victor Heylenlei 41,2021-11-22,22:00:00,11,3,8,FMN GV 22 Boechout
7,Victor Heylenlei 41,2021-11-22,23:00:00,4,2,2,FMN GV 22 Boechout
7,Victor Heylenlei 41,2021-11-23,00:00:00,1,0,1,FMN GV 22 Boechout
7,Victor Heylenlei 41,2021-11-23,01:00:00,3,1,2,FMN GV 22 Boechout
7,Victor Heylenlei 41,2021-11-23,02:00:00,1,1,0,FMN GV 22 Boechout
7,Victor Heylenlei 41,2021-11-23,03:00:00,1,1,0,FMN GV 22 Boechout
7,Victor Heylenlei 41,2021-11-23,04:00:00,1,1,0,FMN GV 22 Boechout
7,Victor Heylenlei 41,2021-11-23,05:00:00,7,4,3,FMN GV 22 Boechout
7,Victor Heylenlei 41,2021-11-23,06:00:00,33,23,10,FMN GV 22 Boechout
7,Victor Heylenlei 41,2021-11-23,07:00:00,89,60,29,FMN GV 22 Boechout
7,Victor Heylenlei 41,2021-11-23,08:00:00,208,88,120,FMN GV 22 Boechout
7,Victor Heylenlei 41,2021-11-23,09:00:00,43,25,18,FMN GV 22 Boechout
7,Victor Heylenlei 41,2021-11-23,10:00:00,37,25,12,FMN GV 22 Boechout
7,Victor Heylenlei 41,2021-11-23,11:00:00,25,16,9,FMN GV 22 Boechout
7,Victor Heylenlei 41,2021-11-23,12:00:00,36,21,15,FMN GV 22 Boechout
7,Victor Heylenlei 41,2021-11-23,13:00:00,39,14,25,FMN GV 22 Boechout
7,Victor Heylenlei 41,2021-11-23,14:00:00,47,22,25,FMN GV 22 Boechout
7,Victor Heylenlei 41,2021-11-23,15:00:00,57,24,33,FMN GV 22 Boechout
7,Victor Heylenlei 41,2021-11-23,16:00:00,210,130,80,FMN GV 22 Boechout
7,Victor Heylenlei 41,2021-11-23,17:00:00,85,31,54,FMN GV 22 Boechout
7,Victor Heylenlei 41,2021-11-23,18:00:00,47,13,34,FMN GV 22 Boechout
7,Victor Heylenlei 41,2021-11-23,19:00:00,21,12,9,FMN GV 22 Boechout
7,Victor Heylenlei 41,2021-11-23,20:00:00,28,9,19,FMN GV 22 Boechout
7,Victor Heylenlei 41,2021-11-23,21:00:00,11,7,4,FMN GV 22 Boechout
7,Victor Heylenlei 41,2021-11-23,22:00:00,26,14,12,FMN GV 22 Boechout
7,Victor Heylenlei 41,2021-11-23,23:00:00,3,1,2,FMN GV 22 Boechout
7,Victor Heylenlei 41,2021-11-24,00:00:00,2,1,1,FMN GV 22 Boechout
7,Victor Heylenlei 41,2021-11-24,01:00:00,0,0,0,FMN GV 22 Boechout
7,Victor Heylenlei 41,2021-11-24,02:00:00,1,1,0,FMN GV 22 Boechout
7,Victor Heylenlei 41,2021-11-24,03:00:00,2,2,0,FMN GV 22 Boechout
7,Victor Heylenlei 41,2021-11-24,04:00:00,5,4,1,FMN GV 22 Boechout
7,Victor Heylenlei 41,2021-11-24,05:00:00,8,4,4,FMN GV 22 Boechout
7,Victor Heylenlei 41,2021-11-24,06:00:00,34,24,10,FMN GV 22 Boechout
7,Victor Heylenlei 41,2021-11-24,07:00:00,85,59,26,FMN GV 22 Boechout
7,Victor Heylenlei 41,2021-11-24,08:00:00,201,77,124,FMN GV 22 Boechout
7,Victor Heylenlei 41,2021-11-24,09:00:00,39,25,14,FMN GV 22 Boechout
7,Victor Heylenlei 41,2021-11-24,10:00:00,20,14,6,FMN GV 22 Boechout
7,Victor Heylenlei 41,2021-11-24,11:00:00,31,14,17,FMN GV 22 Boechout
7,Victor Heylenlei 41,2021-11-24,12:00:00,146,104,42,FMN GV 22 Boechout
7,Victor Heylenlei 41,2021-11-24,13:00:00,71,32,39,FMN GV 22 Boechout
7,Victor Heylenlei 41,2021-11-24,14:00:00,68,31,37,FMN GV 22 Boechout
7,Victor Heylenlei 41,2021-11-24,15:00:00,52,29,23,FMN GV 22 Boechout
7,Victor Heylenlei 41,2021-11-24,16:00:00,80,25,55,FMN GV 22 Boechout
7,Victor Heylenlei 41,2021-11-24,17:00:00,81,32,49,FMN GV 22 Boechout
7,Victor Heylenlei 41,2021-11-24,18:00:00,54,16,38,FMN GV 22 Boechout
7,Victor Heylenlei 41,2021-11-24,19:00:00,26,16,10,FMN GV 22 Boechout
7,Victor Heylenlei 41,2021-11-24,20:00:00,32,16,16,FMN GV 22 Boechout
7,Victor Heylenlei 41,2021-11-24,21:00:00,24,20,4,FMN GV 22 Boechout
7,Victor Heylenlei 41,2021-11-24,22:00:00,10,7,3,FMN GV 22 Boechout
7,Victor Heylenlei 41,2021-11-24,23:00:00,5,1,4,FMN GV 22 Boechout
7,Victor Heylenlei 41,2021-11-25,00:00:00,3,1,2,FMN GV 22 Boechout
7,Victor Heylenlei 41,2021-11-25,01:00:00,0,0,0,FMN GV 22 Boechout
7,Victor Heylenlei 41,2021-11-25,02:00:00,0,0,0,FMN GV 22 Boechout
7,Victor Heylenlei 41,2021-11-25,03:00:00,2,2,0,FMN GV 22 Boechout
7,Victor Heylenlei 41,2021-11-25,04:00:00,3,2,1,FMN GV 22 Boechout
7,Victor Heylenlei 41,2021-11-25,05:00:00,8,3,5,FMN GV 22 Boechout
7,Victor Heylenlei 41,2021-11-25,06:00:00,35,27,8,FMN GV 22 Boechout
7,Victor Heylenlei 41,2021-11-25,07:00:00,100,65,35,FMN GV 22 Boechout
7,Victor Heylenlei 41,2021-11-25,08:00:00,182,75,107,FMN GV 22 Boechout
7,Victor Heylenlei 41,2021-11-25,09:00:00,40,25,15,FMN GV 22 Boechout
7,Victor Heylenlei 41,2021-11-25,10:00:00,15,8,7,FMN GV 22 Boechout
7,Victor Heylenlei 41,2021-11-25,11:00:00,17,9,8,FMN GV 22 Boechout
7,Victor Heylenlei 41,2021-11-25,12:00:00,23,13,10,FMN GV 22 Boechout
7,Victor Heylenlei 41,2021-11-25,13:00:00,27,8,19,FMN GV 22 Boechout
7,Victor Heylenlei 41,2021-11-25,14:00:00,43,16,27,FMN GV 22 Boechout
7,Victor Heylenlei 41,2021-11-25,15:00:00,53,20,33,FMN GV 22 Boechout
7,Victor Heylenlei 41,2021-11-25,16:00:00,186,115,71,FMN GV 22 Boechout
7,Victor Heylenlei 41,2021-11-25,17:00:00,109,38,71,FMN GV 22 Boechout
7,Victor Heylenlei 41,2021-11-25,18:00:00,47,19,28,FMN GV 22 Boechout
7,Victor Heylenlei 41,2021-11-25,19:00:00,30,15,15,FMN GV 22 Boechout
7,Victor Heylenlei 41,2021-11-25,20:00:00,14,6,8,FMN GV 22 Boechout
7,Victor Heylenlei 41,2021-11-25,21:00:00,11,7,4,FMN GV 22 Boechout
7,Victor Heylenlei 41,2021-11-25,22:00:00,13,5,8,FMN GV 22 Boechout
7,Victor Heylenlei 41,2021-11-25,23:00:00,5,1,4,FMN GV 22 Boechout
7,Victor Heylenlei 41,2021-11-26,00:00:00,3,1,2,FMN GV 22 Boechout
7,Victor Heylenlei 41,2021-11-26,01:00:00,5,1,4,FMN GV 22 Boechout
7,Victor Heylenlei 41,2021-11-26,02:00:00,0,0,0,FMN GV 22 Boechout
7,Victor Heylenlei 41,2021-11-26,03:00:00,1,1,0,FMN GV 22 Boechout
7,Victor Heylenlei 41,2021-11-26,04:00:00,4,3,1,FMN GV 22 Boechout
7,Victor Heylenlei 41,2021-11-26,05:00:00,4,1,3,FMN GV 22 Boechout
7,Victor Heylenlei 41,2021-11-26,06:00:00,22,20,2,FMN GV 22 Boechout
7,Victor Heylenlei 41,2021-11-26,07:00:00,65,45,20,FMN GV 22 Boechout
7,Victor Heylenlei 41,2021-11-26,08:00:00,179,62,117,FMN GV 22 Boechout
7,Victor Heylenlei 41,2021-11-26,09:00:00,38,24,14,FMN GV 22 Boechout
7,Victor Heylenlei 41,2021-11-26,10:00:00,23,12,11,FMN GV 22 Boechout
7,Victor Heylenlei 41,2021-11-26,11:00:00,23,12,11,FMN GV 22 Boechout
7,Victor Heylenlei 41,2021-11-26,12:00:00,36,24,12,FMN GV 22 Boechout
7,Victor Heylenlei 41,2021-11-26,13:00:00,16,7,9,FMN GV 22 Boechout
7,Victor Heylenlei 41,2021-11-26,14:00:00,20,9,11,FMN GV 22 Boechout
7,Victor Heylenlei 41,2021-11-26,15:00:00,40,11,29,FMN GV 22 Boechout
7,Victor Heylenlei 41,2021-11-26,16:00:00,126,77,49,FMN GV 22 Boechout
7,Victor Heylenlei 41,2021-11-26,17:00:00,61,19,42,FMN GV 22 Boechout
7,Victor Heylenlei 41,2021-11-26,18:00:00,34,17,17,FMN GV 22 Boechout
7,Victor Heylenlei 41,2021-11-26,19:00:00,13,4,9,FMN GV 22 Boechout
7,Victor Heylenlei 41,2021-11-26,20:00:00,9,4,5,FMN GV 22 Boechout
7,Victor Heylenlei 41,2021-11-26,21:00:00,6,2,4,FMN GV 22 Boechout
7,Victor Heylenlei 41,2021-11-26,22:00:00,0,0,0,FMN GV 22 Boechout
7,Victor Heylenlei 41,2021-11-26,23:00:00,3,3,0,FMN GV 22 Boechout
7,Victor Heylenlei 41,2021-11-27,00:00:00,10,3,7,FMN GV 22 Boechout
7,Victor Heylenlei 41,2021-11-27,01:00:00,5,1,4,FMN GV 22 Boechout
7,Victor Heylenlei 41,2021-11-27,02:00:00,2,0,2,FMN GV 22 Boechout
7,Victor Heylenlei 41,2021-11-27,03:00:00,2,2,0,FMN GV 22 Boechout
7,Victor Heylenlei 41,2021-11-27,04:00:00,4,4,0,FMN GV 22 Boechout
7,Victor Heylenlei 41,2021-11-27,05:00:00,4,2,2,FMN GV 22 Boechout
7,Victor Heylenlei 41,2021-11-27,06:00:00,5,1,4,FMN GV 22 Boechout
7,Victor Heylenlei 41,2021-11-27,07:00:00,9,6,3,FMN GV 22 Boechout
7,Victor Heylenlei 41,2021-11-27,08:00:00,13,6,7,FMN GV 22 Boechout
7,Victor Heylenlei 41,2021-11-27,09:00:00,23,10,13,FMN GV 22 Boechout
7,Victor Heylenlei 41,2021-11-27,10:00:00,40,26,14,FMN GV 22 Boechout
7,Victor Heylenlei 41,2021-11-27,11:00:00,48,23,25,FMN GV 22 Boechout
7,Victor Heylenlei 41,2021-11-27,12:00:00,57,31,26,FMN GV 22 Boechout
7,Victor Heylenlei 41,2021-11-27,13:00:00,56,27,29,FMN GV 22 Boechout
7,Victor Heylenlei 41,2021-11-27,14:00:00,59,31,28,FMN GV 22 Boechout
7,Victor Heylenlei 41,2021-11-27,15:00:00,41,22,19,FMN GV 22 Boechout
7,Victor Heylenlei 41,2021-11-27,16:00:00,23,10,13,FMN GV 22 Boechout
7,Victor Heylenlei 41,2021-11-27,17:00:00,17,9,8,FMN GV 22 Boechout
7,Victor Heylenlei 41,2021-11-27,18:00:00,15,5,10,FMN GV 22 Boechout
7,Victor Heylenlei 41,2021-11-27,19:00:00,10,5,5,FMN GV 22 Boechout
7,Victor Heylenlei 41,2021-11-27,20:00:00,5,3,2,FMN GV 22 Boechout
7,Victor Heylenlei 41,2021-11-27,21:00:00,3,1,2,FMN GV 22 Boechout
7,Victor Heylenlei 41,2021-11-27,22:00:00,9,3,6,FMN GV 22 Boechout
7,Victor Heylenlei 41,2021-11-27,23:00:00,7,2,5,FMN GV 22 Boechout
7,Victor Heylenlei 41,2021-11-28,00:00:00,7,1,6,FMN GV 22 Boechout
7,Victor Heylenlei 41,2021-11-28,01:00:00,3,0,3,FMN GV 22 Boechout
7,Victor Heylenlei 41,2021-11-28,02:00:00,1,1,0,FMN GV 22 Boechout
7,Victor Heylenlei 41,2021-11-28,03:00:00,2,0,2,FMN GV 22 Boechout
7,Victor Heylenlei 41,2021-11-28,04:00:00,0,0,0,FMN GV 22 Boechout
7,Victor Heylenlei 41,2021-11-28,05:00:00,2,2,0,FMN GV 22 Boechout
7,Victor Heylenlei 41,2021-11-28,06:00:00,6,2,4,FMN GV 22 Boechout
7,Victor Heylenlei 41,2021-11-28,07:00:00,1,1,0,FMN GV 22 Boechout
7,Victor Heylenlei 41,2021-11-28,08:00:00,7,3,4,FMN GV 22 Boechout
7,Victor Heylenlei 41,2021-11-28,09:00:00,30,12,18,FMN GV 22 Boechout
7,Victor Heylenlei 41,2021-11-28,10:00:00,54,28,26,FMN GV 22 Boechout
7,Victor Heylenlei 41,2021-11-28,11:00:00,71,46,25,FMN GV 22 Boechout
7,Victor Heylenlei 41,2021-11-28,12:00:00,28,17,11,FMN GV 22 Boechout
7,Victor Heylenlei 41,2021-11-28,13:00:00,19,9,10,FMN GV 22 Boechout
7,Victor Heylenlei 41,2021-11-28,14:00:00,32,10,22,FMN GV 22 Boechout
7,Victor Heylenlei 41,2021-11-28,15:00:00,28,14,14,FMN GV 22 Boechout
7,Victor Heylenlei 41,2021-11-28,16:00:00,28,16,12,FMN GV 22 Boechout
7,Victor Heylenlei 41,2021-11-28,17:00:00,20,6,14,FMN GV 22 Boechout
7,Victor Heylenlei 41,2021-11-28,18:00:00,9,4,5,FMN GV 22 Boechout
7,Victor Heylenlei 41,2021-11-28,19:00:00,8,5,3,FMN GV 22 Boechout
7,Victor Heylenlei 41,2021-11-28,20:00:00,4,2,2,FMN GV 22 Boechout
7,Victor Heylenlei 41,2021-11-28,21:00:00,2,1,1,FMN GV 22 Boechout
7,Victor Heylenlei 41,2021-11-28,22:00:00,6,2,4,FMN GV 22 Boechout
7,Victor Heylenlei 41,2021-11-28,23:00:00,0,0,0,FMN GV 22 Boechout
7,Victor Heylenlei 41,2021-11-29,00:00:00,1,0,1,FMN GV 22 Boechout
7,Victor Heylenlei 41,2021-11-29,01:00:00,0,0,0,FMN GV 22 Boechout
7,Victor Heylenlei 41,2021-11-29,02:00:00,1,1,0,FMN GV 22 Boechout
7,Victor Heylenlei 41,2021-11-29,03:00:00,0,0,0,FMN GV 22 Boechout
7,Victor Heylenlei 41,2021-11-29,04:00:00,4,4,0,FMN GV 22 Boechout
7,Victor Heylenlei 41,2021-11-29,05:00:00,7,3,4,FMN GV 22 Boechout
7,Victor Heylenlei 41,2021-11-29,06:00:00,18,15,3,FMN GV 22 Boechout
7,Victor Heylenlei 41,2021-11-29,07:00:00,80,54,26,FMN GV 22 Boechout
7,Victor Heylenlei 41,2021-11-29,08:00:00,170,62,108,FMN GV 22 Boechout
7,Victor Heylenlei 41,2021-11-29,09:00:00,50,30,20,FMN GV 22 Boechout
7,Victor Heylenlei 41,2021-11-29,10:00:00,23,10,13,FMN GV 22 Boechout
7,Victor Heylenlei 41,2021-11-29,11:00:00,27,14,13,FMN GV 22 Boechout
7,Victor Heylenlei 41,2021-11-29,12:00:00,46,24,22,FMN GV 22 Boechout
7,Victor Heylenlei 41,2021-11-29,13:00:00,44,13,31,FMN GV 22 Boechout
7,Victor Heylenlei 41,2021-11-29,14:00:00,47,23,24,FMN GV 22 Boechout
7,Victor Heylenlei 41,2021-11-29,15:00:00,85,47,38,FMN GV 22 Boechout
7,Victor Heylenlei 41,2021-11-29,16:00:00,140,99,41,FMN GV 22 Boechout
7,Victor Heylenlei 41,2021-11-29,17:00:00,75,25,50,FMN GV 22 Boechout
7,Victor Heylenlei 41,2021-11-29,18:00:00,43,12,31,FMN GV 22 Boechout
7,Victor Heylenlei 41,2021-11-29,19:00:00,22,6,16,FMN GV 22 Boechout
7,Victor Heylenlei 41,2021-11-29,20:00:00,9,3,6,FMN GV 22 Boechout
7,Victor Heylenlei 41,2021-11-29,21:00:00,13,6,7,FMN GV 22 Boechout
7,Victor Heylenlei 41,2021-11-29,22:00:00,11,4,7,FMN GV 22 Boechout
7,Victor Heylenlei 41,2021-11-29,23:00:00,2,2,0,FMN GV 22 Boechout
7,Victor Heylenlei 41,2021-11-30,00:00:00,0,0,0,FMN GV 22 Boechout
7,Victor Heylenlei 41,2021-11-30,01:00:00,1,0,1,FMN GV 22 Boechout
7,Victor Heylenlei 41,2021-11-30,02:00:00,0,0,0,FMN GV 22 Boechout
7,Victor Heylenlei 41,2021-11-30,03:00:00,1,1,0,FMN GV 22 Boechout
7,Victor Heylenlei 41,2021-11-30,04:00:00,2,2,0,FMN GV 22 Boechout
7,Victor Heylenlei 41,2021-11-30,05:00:00,5,2,3,FMN GV 22 Boechout
7,Victor Heylenlei 41,2021-11-30,06:00:00,17,13,4,FMN GV 22 Boechout
7,Victor Heylenlei 41,2021-11-30,07:00:00,54,39,15,FMN GV 22 Boechout
7,Victor Heylenlei 41,2021-11-30,08:00:00,166,65,101,FMN GV 22 Boechout
7,Victor Heylenlei 41,2021-11-30,09:00:00,21,14,7,FMN GV 22 Boechout
7,Victor Heylenlei 41,2021-11-30,10:00:00,9,7,2,FMN GV 22 Boechout
7,Victor Heylenlei 41,2021-11-30,11:00:00,9,3,6,FMN GV 22 Boechout
7,Victor Heylenlei 41,2021-11-30,12:00:00,19,8,11,FMN GV 22 Boechout
7,Victor Heylenlei 41,2021-11-30,13:00:00,15,5,10,FMN GV 22 Boechout
7,Victor Heylenlei 41,2021-11-30,14:00:00,18,6,12,FMN GV 22 Boechout
7,Victor Heylenlei 41,2021-11-30,15:00:00,33,11,22,FMN GV 22 Boechout
7,Victor Heylenlei 41,2021-11-30,16:00:00,157,111,46,FMN GV 22 Boechout
7,Victor Heylenlei 41,2021-11-30,17:00:00,58,19,39,FMN GV 22 Boechout
7,Victor Heylenlei 41,2021-11-30,18:00:00,27,6,21,FMN GV 22 Boechout
7,Victor Heylenlei 41,2021-11-30,19:00:00,15,3,12,FMN GV 22 Boechout
7,Victor Heylenlei 41,2021-11-30,20:00:00,12,7,5,FMN GV 22 Boechout
7,Victor Heylenlei 41,2021-11-30,21:00:00,6,4,2,FMN GV 22 Boechout
7,Victor Heylenlei 41,2021-11-30,22:00:00,6,6,0,FMN GV 22 Boechout
7,Victor Heylenlei 41,2021-11-30,23:00:00,8,3,5,FMN GV 22 Boechout
7,Victor Heylenlei 41,2021-12-01,00:00:00,2,1,1,FMN GV 22 Boechout
7,Victor Heylenlei 41,2021-12-01,01:00:00,1,0,1,FMN GV 22 Boechout
7,Victor Heylenlei 41,2021-12-01,02:00:00,0,0,0,FMN GV 22 Boechout
7,Victor Heylenlei 41,2021-12-01,03:00:00,1,1,0,FMN GV 22 Boechout
7,Victor Heylenlei 41,2021-12-01,04:00:00,1,0,1,FMN GV 22 Boechout
7,Victor Heylenlei 41,2021-12-01,05:00:00,11,5,6,FMN GV 22 Boechout
7,Victor Heylenlei 41,2021-12-01,06:00:00,14,10,4,FMN GV 22 Boechout
7,Victor Heylenlei 41,2021-12-01,07:00:00,50,28,22,FMN GV 22 Boechout
7,Victor Heylenlei 41,2021-12-01,08:00:00,144,44,100,FMN GV 22 Boechout
7,Victor Heylenlei 41,2021-12-01,09:00:00,25,16,9,FMN GV 22 Boechout
7,Victor Heylenlei 41,2021-12-01,10:00:00,12,4,8,FMN GV 22 Boechout
7,Victor Heylenlei 41,2021-12-01,11:00:00,17,13,4,FMN GV 22 Boechout
7,Victor Heylenlei 41,2021-12-01,12:00:00,117,97,20,FMN GV 22 Boechout
7,Victor Heylenlei 41,2021-12-01,13:00:00,49,22,27,FMN GV 22 Boechout
7,Victor Heylenlei 41,2021-12-01,14:00:00,27,13,14,FMN GV 22 Boechout
7,Victor Heylenlei 41,2021-12-01,15:00:00,24,10,14,FMN GV 22 Boechout
7,Victor Heylenlei 41,2021-12-01,16:00:00,37,13,24,FMN GV 22 Boechout
7,Victor Heylenlei 41,2021-12-01,17:00:00,44,14,30,FMN GV 22 Boechout
7,Victor Heylenlei 41,2021-12-01,18:00:00,18,4,14,FMN GV 22 Boechout
7,Victor Heylenlei 41,2021-12-01,19:00:00,14,6,8,FMN GV 22 Boechout
7,Victor Heylenlei 41,2021-12-01,20:00:00,10,6,4,FMN GV 22 Boechout
7,Victor Heylenlei 41,2021-12-01,21:00:00,8,5,3,FMN GV 22 Boechout
7,Victor Heylenlei 41,2021-12-01,22:00:00,9,5,4,FMN GV 22 Boechout
7,Victor Heylenlei 41,2021-12-01,23:00:00,5,1,4,FMN GV 22 Boechout
7,Victor Heylenlei 41,2021-12-02,00:00:00,1,1,0,FMN GV 22 Boechout
7,Victor Heylenlei 41,2021-12-02,01:00:00,0,0,0,FMN GV 22 Boechout
7,Victor Heylenlei 41,2021-12-02,02:00:00,0,0,0,FMN GV 22 Boechout
7,Victor Heylenlei 41,2021-12-02,03:00:00,1,1,0,FMN GV 22 Boechout
7,Victor Heylenlei 41,2021-12-02,04:00:00,0,0,0,FMN GV 22 Boechout
7,Victor Heylenlei 41,2021-12-02,05:00:00,11,4,7,FMN GV 22 Boechout
7,Victor Heylenlei 41,2021-12-02,06:00:00,19,15,4,FMN GV 22 Boechout
7,Victor Heylenlei 41,2021-12-02,07:00:00,63,42,21,FMN GV 22 Boechout
7,Victor Heylenlei 41,2021-12-02,08:00:00,145,50,95,FMN GV 22 Boechout
7,Victor Heylenlei 41,2021-12-02,09:00:00,27,19,8,FMN GV 22 Boechout
7,Victor Heylenlei 41,2021-12-02,10:00:00,9,6,3,FMN GV 22 Boechout
7,Victor Heylenlei 41,2021-12-02,11:00:00,9,6,3,FMN GV 22 Boechout
7,Victor Heylenlei 41,2021-12-02,12:00:00,21,11,10,FMN GV 22 Boechout
7,Victor Heylenlei 41,2021-12-02,13:00:00,22,9,13,FMN GV 22 Boechout
7,Victor Heylenlei 41,2021-12-02,14:00:00,20,9,11,FMN GV 22 Boechout
7,Victor Heylenlei 41,2021-12-02,15:00:00,53,25,28,FMN GV 22 Boechout
7,Victor Heylenlei 41,2021-12-02,16:00:00,144,88,56,FMN GV 22 Boechout
7,Victor Heylenlei 41,2021-12-02,17:00:00,60,21,39,FMN GV 22 Boechout
7,Victor Heylenlei 41,2021-12-02,18:00:00,37,14,23,FMN GV 22 Boechout
7,Victor Heylenlei 41,2021-12-02,19:00:00,10,3,7,FMN GV 22 Boechout
7,Victor Heylenlei 41,2021-12-02,20:00:00,7,3,4,FMN GV 22 Boechout
7,Victor Heylenlei 41,2021-12-02,21:00:00,5,2,3,FMN GV 22 Boechout
7,Victor Heylenlei 41,2021-12-02,22:00:00,8,1,7,FMN GV 22 Boechout
7,Victor Heylenlei 41,2021-12-02,23:00:00,4,1,3,FMN GV 22 Boechout
7,Victor Heylenlei 41,2021-12-03,00:00:00,0,0,0,FMN GV 22 Boechout
7,Victor Heylenlei 41,2021-12-03,01:00:00,4,3,1,FMN GV 22 Boechout
7,Victor Heylenlei 41,2021-12-03,02:00:00,0,0,0,FMN GV 22 Boechout
7,Victor Heylenlei 41,2021-12-03,03:00:00,1,0,1,FMN GV 22 Boechout
7,Victor Heylenlei 41,2021-12-03,04:00:00,4,4,0,FMN GV 22 Boechout
7,Victor Heylenlei 41,2021-12-03,05:00:00,7,4,3,FMN GV 22 Boechout
7,Victor Heylenlei 41,2021-12-03,06:00:00,22,15,7,FMN GV 22 Boechout
7,Victor Heylenlei 41,2021-12-03,07:00:00,52,37,15,FMN GV 22 Boechout
7,Victor Heylenlei 41,2021-12-03,08:00:00,134,45,89,FMN GV 22 Boechout
7,Victor Heylenlei 41,2021-12-03,09:00:00,37,18,19,FMN GV 22 Boechout
7,Victor Heylenlei 41,2021-12-03,10:00:00,14,7,7,FMN GV 22 Boechout
7,Victor Heylenlei 41,2021-12-03,11:00:00,25,15,10,FMN GV 22 Boechout
7,Victor Heylenlei 41,2021-12-03,12:00:00,23,10,13,FMN GV 22 Boechout
7,Victor Heylenlei 41,2021-12-03,13:00:00,30,18,12,FMN GV 22 Boechout
7,Victor Heylenlei 41,2021-12-03,14:00:00,28,11,17,FMN GV 22 Boechout
7,Victor Heylenlei 41,2021-12-03,15:00:00,40,23,17,FMN GV 22 Boechout
7,Victor Heylenlei 41,2021-12-03,16:00:00,127,88,39,FMN GV 22 Boechout
7,Victor Heylenlei 41,2021-12-03,17:00:00,43,16,27,FMN GV 22 Boechout
7,Victor Heylenlei 41,2021-12-03,18:00:00,34,14,20,FMN GV 22 Boechout
7,Victor Heylenlei 41,2021-12-03,19:00:00,18,7,11,FMN GV 22 Boechout
7,Victor Heylenlei 41,2021-12-03,20:00:00,8,4,4,FMN GV 22 Boechout
7,Victor Heylenlei 41,2021-12-03,21:00:00,4,2,2,FMN GV 22 Boechout
7,Victor Heylenlei 41,2021-12-03,22:00:00,10,3,7,FMN GV 22 Boechout
7,Victor Heylenlei 41,2021-12-03,23:00:00,6,2,4,FMN GV 22 Boechout
7,Victor Heylenlei 41,2021-12-04,00:00:00,2,2,0,FMN GV 22 Boechout
7,Victor Heylenlei 41,2021-12-04,01:00:00,5,5,0,FMN GV 22 Boechout
7,Victor Heylenlei 41,2021-12-04,02:00:00,1,0,1,FMN GV 22 Boechout
7,Victor Heylenlei 41,2021-12-04,03:00:00,1,0,1,FMN GV 22 Boechout
7,Victor Heylenlei 41,2021-12-04,04:00:00,1,1,0,FMN GV 22 Boechout
7,Victor Heylenlei 41,2021-12-04,05:00:00,0,0,0,FMN GV 22 Boechout
7,Victor Heylenlei 41,2021-12-04,06:00:00,2,0,2,FMN GV 22 Boechout
7,Victor Heylenlei 41,2021-12-04,07:00:00,2,1,1,FMN GV 22 Boechout
7,Victor Heylenlei 41,2021-12-04,08:00:00,12,5,7,FMN GV 22 Boechout
7,Victor Heylenlei 41,2021-12-04,09:00:00,19,15,4,FMN GV 22 Boechout
7,Victor Heylenlei 41,2021-12-04,10:00:00,39,17,22,FMN GV 22 Boechout
7,Victor Heylenlei 41,2021-12-04,11:00:00,59,36,23,FMN GV 22 Boechout
7,Victor Heylenlei 41,2021-12-04,12:00:00,18,10,8,FMN GV 22 Boechout
7,Victor Heylenlei 41,2021-12-04,13:00:00,14,6,8,FMN GV 22 Boechout
7,Victor Heylenlei 41,2021-12-04,14:00:00,5,2,3,FMN GV 22 Boechout
7,Victor Heylenlei 41,2021-12-04,15:00:00,16,9,7,FMN GV 22 Boechout
7,Victor Heylenlei 41,2021-12-04,16:00:00,22,14,8,FMN GV 22 Boechout
7,Victor Heylenlei 41,2021-12-04,17:00:00,29,10,19,FMN GV 22 Boechout
7,Victor Heylenlei 41,2021-12-04,18:00:00,12,4,8,FMN GV 22 Boechout
7,Victor Heylenlei 41,2021-12-04,19:00:00,17,8,9,FMN GV 22 Boechout
7,Victor Heylenlei 41,2021-12-04,20:00:00,5,2,3,FMN GV 22 Boechout
7,Victor Heylenlei 41,2021-12-04,21:00:00,6,4,2,FMN GV 22 Boechout
7,Victor Heylenlei 41,2021-12-04,22:00:00,11,2,9,FMN GV 22 Boechout
7,Victor Heylenlei 41,2021-12-04,23:00:00,6,4,2,FMN GV 22 Boechout
7,Victor Heylenlei 41,2021-12-05,00:00:00,3,2,1,FMN GV 22 Boechout
7,Victor Heylenlei 41,2021-12-05,01:00:00,7,5,2,FMN GV 22 Boechout
7,Victor Heylenlei 41,2021-12-05,02:00:00,1,1,0,FMN GV 22 Boechout
7,Victor Heylenlei 41,2021-12-05,03:00:00,4,3,1,FMN GV 22 Boechout
7,Victor Heylenlei 41,2021-12-05,04:00:00,0,0,0,FMN GV 22 Boechout
7,Victor Heylenlei 41,2021-12-05,05:00:00,1,1,0,FMN GV 22 Boechout
7,Victor Heylenlei 41,2021-12-05,06:00:00,1,0,1,FMN GV 22 Boechout
7,Victor Heylenlei 41,2021-12-05,07:00:00,2,0,2,FMN GV 22 Boechout
7,Victor Heylenlei 41,2021-12-05,08:00:00,16,9,7,FMN GV 22 Boechout
7,Victor Heylenlei 41,2021-12-05,09:00:00,17,5,12,FMN GV 22 Boechout
7,Victor Heylenlei 41,2021-12-05,10:00:00,50,18,32,FMN GV 22 Boechout
7,Victor Heylenlei 41,2021-12-05,11:00:00,53,34,19,FMN GV 22 Boechout
7,Victor Heylenlei 41,2021-12-05,12:00:00,39,26,13,FMN GV 22 Boechout
7,Victor Heylenlei 41,2021-12-05,13:00:00,62,28,34,FMN GV 22 Boechout
7,Victor Heylenlei 41,2021-12-05,14:00:00,59,31,28,FMN GV 22 Boechout
7,Victor Heylenlei 41,2021-12-05,15:00:00,60,32,28,FMN GV 22 Boechout
7,Victor Heylenlei 41,2021-12-05,16:00:00,43,19,24,FMN GV 22 Boechout
7,Victor Heylenlei 41,2021-12-05,17:00:00,25,9,16,FMN GV 22 Boechout
7,Victor Heylenlei 41,2021-12-05,18:00:00,17,5,12,FMN GV 22 Boechout
7,Victor Heylenlei 41,2021-12-05,19:00:00,11,8,3,FMN GV 22 Boechout
7,Victor Heylenlei 41,2021-12-05,20:00:00,6,4,2,FMN GV 22 Boechout
7,Victor Heylenlei 41,2021-12-05,21:00:00,7,5,2,FMN GV 22 Boechout
7,Victor Heylenlei 41,2021-12-05,22:00:00,7,3,4,FMN GV 22 Boechout
7,Victor Heylenlei 41,2021-12-05,23:00:00,2,2,0,FMN GV 22 Boechout
7,Victor Heylenlei 41,2021-12-06,00:00:00,1,1,0,FMN GV 22 Boechout
7,Victor Heylenlei 41,2021-12-06,01:00:00,2,0,2,FMN GV 22 Boechout
7,Victor Heylenlei 41,2021-12-06,02:00:00,0,0,0,FMN GV 22 Boechout
7,Victor Heylenlei 41,2021-12-06,03:00:00,0,0,0,FMN GV 22 Boechout
7,Victor Heylenlei 41,2021-12-06,04:00:00,1,1,0,FMN GV 22 Boechout
7,Victor Heylenlei 41,2021-12-06,05:00:00,9,5,4,FMN GV 22 Boechout
7,Victor Heylenlei 41,2021-12-06,06:00:00,23,20,3,FMN GV 22 Boechout
7,Victor Heylenlei 41,2021-12-06,07:00:00,73,53,20,FMN GV 22 Boechout
7,Victor Heylenlei 41,2021-12-06,08:00:00,172,54,118,FMN GV 22 Boechout
7,Victor Heylenlei 41,2021-12-06,09:00:00,37,22,15,FMN GV 22 Boechout
7,Victor Heylenlei 41,2021-12-06,10:00:00,37,30,7,FMN GV 22 Boechout
7,Victor Heylenlei 41,2021-12-06,11:00:00,22,8,14,FMN GV 22 Boechout
7,Victor Heylenlei 41,2021-12-06,12:00:00,51,29,22,FMN GV 22 Boechout
7,Victor Heylenlei 41,2021-12-06,13:00:00,47,14,33,FMN GV 22 Boechout
7,Victor Heylenlei 41,2021-12-06,14:00:00,41,16,25,FMN GV 22 Boechout
7,Victor Heylenlei 41,2021-12-06,15:00:00,65,27,38,FMN GV 22 Boechout
7,Victor Heylenlei 41,2021-12-06,16:00:00,160,104,56,FMN GV 22 Boechout
7,Victor Heylenlei 41,2021-12-06,17:00:00,55,10,45,FMN GV 22 Boechout
7,Victor Heylenlei 41,2021-12-06,18:00:00,32,10,22,FMN GV 22 Boechout
7,Victor Heylenlei 41,2021-12-06,19:00:00,8,1,7,FMN GV 22 Boechout
7,Victor Heylenlei 41,2021-12-06,20:00:00,15,8,7,FMN GV 22 Boechout
7,Victor Heylenlei 41,2021-12-06,21:00:00,7,5,2,FMN GV 22 Boechout
7,Victor Heylenlei 41,2021-12-06,22:00:00,16,7,9,FMN GV 22 Boechout
7,Victor Heylenlei 41,2021-12-06,23:00:00,1,1,0,FMN GV 22 Boechout
7,Victor Heylenlei 41,2021-12-07,00:00:00,2,1,1,FMN GV 22 Boechout
7,Victor Heylenlei 41,2021-12-07,01:00:00,1,0,1,FMN GV 22 Boechout
7,Victor Heylenlei 41,2021-12-07,02:00:00,0,0,0,FMN GV 22 Boechout
7,Victor Heylenlei 41,2021-12-07,03:00:00,1,1,0,FMN GV 22 Boechout
7,Victor Heylenlei 41,2021-12-07,04:00:00,1,1,0,FMN GV 22 Boechout
7,Victor Heylenlei 41,2021-12-07,05:00:00,8,5,3,FMN GV 22 Boechout
7,Victor Heylenlei 41,2021-12-07,06:00:00,19,18,1,FMN GV 22 Boechout
7,Victor Heylenlei 41,2021-12-07,07:00:00,83,59,24,FMN GV 22 Boechout
7,Victor Heylenlei 41,2021-12-07,08:00:00,192,65,127,FMN GV 22 Boechout
7,Victor Heylenlei 41,2021-12-07,09:00:00,40,27,13,FMN GV 22 Boechout
7,Victor Heylenlei 41,2021-12-07,10:00:00,45,26,19,FMN GV 22 Boechout
7,Victor Heylenlei 41,2021-12-07,11:00:00,50,31,19,FMN GV 22 Boechout
7,Victor Heylenlei 41,2021-12-07,12:00:00,64,33,31,FMN GV 22 Boechout
7,Victor Heylenlei 41,2021-12-07,13:00:00,64,31,33,FMN GV 22 Boechout
7,Victor Heylenlei 41,2021-12-07,14:00:00,63,29,34,FMN GV 22 Boechout
7,Victor Heylenlei 41,2021-12-07,15:00:00,54,25,29,FMN GV 22 Boechout
7,Victor Heylenlei 41,2021-12-07,16:00:00,168,101,67,FMN GV 22 Boechout
7,Victor Heylenlei 41,2021-12-07,17:00:00,80,24,56,FMN GV 22 Boechout
7,Victor Heylenlei 41,2021-12-07,18:00:00,110,58,52,FMN GV 22 Boechout
7,Victor Heylenlei 41,2021-12-07,19:00:00,22,6,16,FMN GV 22 Boechout
7,Victor Heylenlei 41,2021-12-07,20:00:00,11,5,6,FMN GV 22 Boechout
7,Victor Heylenlei 41,2021-12-07,21:00:00,9,5,4,FMN GV 22 Boechout
7,Victor Heylenlei 41,2021-12-07,22:00:00,16,9,7,FMN GV 22 Boechout
7,Victor Heylenlei 41,2021-12-07,23:00:00,3,1,2,FMN GV 22 Boechout
7,Victor Heylenlei 41,2021-12-08,00:00:00,2,1,1,FMN GV 22 Boechout
7,Victor Heylenlei 41,2021-12-08,01:00:00,1,0,1,FMN GV 22 Boechout
7,Victor Heylenlei 41,2021-12-08,02:00:00,1,0,1,FMN GV 22 Boechout
7,Victor Heylenlei 41,2021-12-08,03:00:00,1,1,0,FMN GV 22 Boechout
7,Victor Heylenlei 41,2021-12-08,04:00:00,1,1,0,FMN GV 22 Boechout
7,Victor Heylenlei 41,2021-12-08,05:00:00,14,8,6,FMN GV 22 Boechout
7,Victor Heylenlei 41,2021-12-08,06:00:00,18,15,3,FMN GV 22 Boechout
7,Victor Heylenlei 41,2021-12-08,07:00:00,73,51,22,FMN GV 22 Boechout
7,Victor Heylenlei 41,2021-12-08,08:00:00,103,57,46,FMN GV 22 Boechout
7,Victor Heylenlei 41,2021-12-08,09:00:00,38,29,9,FMN GV 22 Boechout
7,Victor Heylenlei 41,2021-12-08,10:00:00,55,39,16,FMN GV 22 Boechout
7,Victor Heylenlei 41,2021-12-08,11:00:00,33,21,12,FMN GV 22 Boechout
7,Victor Heylenlei 41,2021-12-08,12:00:00,65,27,38,FMN GV 22 Boechout
7,Victor Heylenlei 41,2021-12-08,13:00:00,82,32,50,FMN GV 22 Boechout
7,Victor Heylenlei 41,2021-12-08,14:00:00,94,47,47,FMN GV 22 Boechout
7,Victor Heylenlei 41,2021-12-08,15:00:00,67,38,29,FMN GV 22 Boechout
7,Victor Heylenlei 41,2021-12-08,16:00:00,56,25,31,FMN GV 22 Boechout
7,Victor Heylenlei 41,2021-12-08,17:00:00,63,20,43,FMN GV 22 Boechout
7,Victor Heylenlei 41,2021-12-08,18:00:00,39,15,24,FMN GV 22 Boechout
7,Victor Heylenlei 41,2021-12-08,19:00:00,25,6,19,FMN GV 22 Boechout
7,Victor Heylenlei 41,2021-12-08,20:00:00,11,5,6,FMN GV 22 Boechout
7,Victor Heylenlei 41,2021-12-08,21:00:00,8,5,3,FMN GV 22 Boechout
7,Victor Heylenlei 41,2021-12-08,22:00:00,11,7,4,FMN GV 22 Boechout
7,Victor Heylenlei 41,2021-12-08,23:00:00,5,1,4,FMN GV 22 Boechout
7,Victor Heylenlei 41,2021-12-09,00:00:00,1,1,0,FMN GV 22 Boechout
7,Victor Heylenlei 41,2021-12-09,01:00:00,0,0,0,FMN GV 22 Boechout
7,Victor Heylenlei 41,2021-12-09,02:00:00,3,1,2,FMN GV 22 Boechout
7,Victor Heylenlei 41,2021-12-09,03:00:00,0,0,0,FMN GV 22 Boechout
7,Victor Heylenlei 41,2021-12-09,04:00:00,0,0,0,FMN GV 22 Boechout
7,Victor Heylenlei 41,2021-12-09,05:00:00,9,3,6,FMN GV 22 Boechout
7,Victor Heylenlei 41,2021-12-09,06:00:00,17,16,1,FMN GV 22 Boechout
7,Victor Heylenlei 41,2021-12-09,07:00:00,68,46,22,FMN GV 22 Boechout
7,Victor Heylenlei 41,2021-12-09,08:00:00,125,58,67,FMN GV 22 Boechout
7,Victor Heylenlei 41,2021-12-09,09:00:00,37,25,12,FMN GV 22 Boechout
7,Victor Heylenlei 41,2021-12-09,10:00:00,31,19,12,FMN GV 22 Boechout
7,Victor Heylenlei 41,2021-12-09,11:00:00,44,30,14,FMN GV 22 Boechout
7,Victor Heylenlei 41,2021-12-09,12:00:00,64,43,21,FMN GV 22 Boechout
7,Victor Heylenlei 41,2021-12-09,13:00:00,37,19,18,FMN GV 22 Boechout
7,Victor Heylenlei 41,2021-12-09,14:00:00,44,22,22,FMN GV 22 Boechout
7,Victor Heylenlei 41,2021-12-09,15:00:00,45,17,28,FMN GV 22 Boechout
7,Victor Heylenlei 41,2021-12-09,16:00:00,79,25,54,FMN GV 22 Boechout
7,Victor Heylenlei 41,2021-12-09,17:00:00,52,12,40,FMN GV 22 Boechout
7,Victor Heylenlei 41,2021-12-09,18:00:00,37,19,18,FMN GV 22 Boechout
7,Victor Heylenlei 41,2021-12-09,19:00:00,26,13,13,FMN GV 22 Boechout
7,Victor Heylenlei 41,2021-12-09,20:00:00,13,3,10,FMN GV 22 Boechout
7,Victor Heylenlei 41,2021-12-09,21:00:00,8,3,5,FMN GV 22 Boechout
7,Victor Heylenlei 41,2021-12-09,22:00:00,14,4,10,FMN GV 22 Boechout
7,Victor Heylenlei 41,2021-12-09,23:00:00,7,0,7,FMN GV 22 Boechout
7,Victor Heylenlei 41,2021-12-10,00:00:00,3,2,1,FMN GV 22 Boechout
7,Victor Heylenlei 41,2021-12-10,01:00:00,3,1,2,FMN GV 22 Boechout
7,Victor Heylenlei 41,2021-12-10,02:00:00,2,2,0,FMN GV 22 Boechout
7,Victor Heylenlei 41,2021-12-10,03:00:00,0,0,0,FMN GV 22 Boechout
7,Victor Heylenlei 41,2021-12-10,04:00:00,2,2,0,FMN GV 22 Boechout
7,Victor Heylenlei 41,2021-12-10,05:00:00,6,2,4,FMN GV 22 Boechout
7,Victor Heylenlei 41,2021-12-10,06:00:00,12,11,1,FMN GV 22 Boechout
7,Victor Heylenlei 41,2021-12-10,07:00:00,51,32,19,FMN GV 22 Boechout
7,Victor Heylenlei 41,2021-12-10,08:00:00,139,37,102,FMN GV 22 Boechout
7,Victor Heylenlei 41,2021-12-10,09:00:00,20,11,9,FMN GV 22 Boechout
7,Victor Heylenlei 41,2021-12-10,10:00:00,62,50,12,FMN GV 22 Boechout
7,Victor Heylenlei 41,2021-12-10,11:00:00,25,19,6,FMN GV 22 Boechout
7,Victor Heylenlei 41,2021-12-10,12:00:00,56,47,9,FMN GV 22 Boechout
7,Victor Heylenlei 41,2021-12-10,13:00:00,27,13,14,FMN GV 22 Boechout
7,Victor Heylenlei 41,2021-12-10,14:00:00,23,8,15,FMN GV 22 Boechout
7,Victor Heylenlei 41,2021-12-10,15:00:00,27,7,20,FMN GV 22 Boechout
7,Victor Heylenlei 41,2021-12-10,16:00:00,33,12,21,FMN GV 22 Boechout
7,Victor Heylenlei 41,2021-12-10,17:00:00,36,9,27,FMN GV 22 Boechout
7,Victor Heylenlei 41,2021-12-10,18:00:00,17,5,12,FMN GV 22 Boechout
7,Victor Heylenlei 41,2021-12-10,19:00:00,19,8,11,FMN GV 22 Boechout
7,Victor Heylenlei 41,2021-12-10,20:00:00,6,3,3,FMN GV 22 Boechout
7,Victor Heylenlei 41,2021-12-10,21:00:00,7,1,6,FMN GV 22 Boechout
7,Victor Heylenlei 41,2021-12-10,22:00:00,4,1,3,FMN GV 22 Boechout
7,Victor Heylenlei 41,2021-12-10,23:00:00,10,6,4,FMN GV 22 Boechout
7,Victor Heylenlei 41,2021-12-11,00:00:00,3,1,2,FMN GV 22 Boechout
7,Victor Heylenlei 41,2021-12-11,01:00:00,3,1,2,FMN GV 22 Boechout
7,Victor Heylenlei 41,2021-12-11,02:00:00,1,1,0,FMN GV 22 Boechout
7,Victor Heylenlei 41,2021-12-11,03:00:00,0,0,0,FMN GV 22 Boechout
7,Victor Heylenlei 41,2021-12-11,04:00:00,2,1,1,FMN GV 22 Boechout
7,Victor Heylenlei 41,2021-12-11,05:00:00,4,2,2,FMN GV 22 Boechout
7,Victor Heylenlei 41,2021-12-11,06:00:00,4,3,1,FMN GV 22 Boechout
7,Victor Heylenlei 41,2021-12-11,07:00:00,5,4,1,FMN GV 22 Boechout
7,Victor Heylenlei 41,2021-12-11,08:00:00,13,7,6,FMN GV 22 Boechout
7,Victor Heylenlei 41,2021-12-11,09:00:00,51,21,30,FMN GV 22 Boechout
7,Victor Heylenlei 41,2021-12-11,10:00:00,53,32,21,FMN GV 22 Boechout
7,Victor Heylenlei 41,2021-12-11,11:00:00,58,30,28,FMN GV 22 Boechout
7,Victor Heylenlei 41,2021-12-11,12:00:00,70,36,34,FMN GV 22 Boechout
7,Victor Heylenlei 41,2021-12-11,13:00:00,89,46,43,FMN GV 22 Boechout
7,Victor Heylenlei 41,2021-12-11,14:00:00,82,49,33,FMN GV 22 Boechout
7,Victor Heylenlei 41,2021-12-11,15:00:00,99,58,41,FMN GV 22 Boechout
7,Victor Heylenlei 41,2021-12-11,16:00:00,47,34,13,FMN GV 22 Boechout
7,Victor Heylenlei 41,2021-12-11,17:00:00,35,11,24,FMN GV 22 Boechout
7,Victor Heylenlei 41,2021-12-11,18:00:00,19,6,13,FMN GV 22 Boechout
7,Victor Heylenlei 41,2021-12-11,19:00:00,13,4,9,FMN GV 22 Boechout
7,Victor Heylenlei 41,2021-12-11,20:00:00,9,5,4,FMN GV 22 Boechout
7,Victor Heylenlei 41,2021-12-11,21:00:00,9,3,6,FMN GV 22 Boechout
7,Victor Heylenlei 41,2021-12-11,22:00:00,15,8,7,FMN GV 22 Boechout
7,Victor Heylenlei 41,2021-12-11,23:00:00,11,2,9,FMN GV 22 Boechout
7,Victor Heylenlei 41,2021-12-12,00:00:00,9,5,4,FMN GV 22 Boechout
7,Victor Heylenlei 41,2021-12-12,01:00:00,6,3,3,FMN GV 22 Boechout
7,Victor Heylenlei 41,2021-12-12,02:00:00,4,3,1,FMN GV 22 Boechout
7,Victor Heylenlei 41,2021-12-12,03:00:00,2,0,2,FMN GV 22 Boechout
7,Victor Heylenlei 41,2021-12-12,04:00:00,2,2,0,FMN GV 22 Boechout
7,Victor Heylenlei 41,2021-12-12,05:00:00,1,0,1,FMN GV 22 Boechout
7,Victor Heylenlei 41,2021-12-12,06:00:00,2,1,1,FMN GV 22 Boechout
7,Victor Heylenlei 41,2021-12-12,07:00:00,2,1,1,FMN GV 22 Boechout
7,Victor Heylenlei 41,2021-12-12,08:00:00,9,5,4,FMN GV 22 Boechout
7,Victor Heylenlei 41,2021-12-12,09:00:00,26,10,16,FMN GV 22 Boechout
7,Victor Heylenlei 41,2021-12-12,10:00:00,17,6,11,FMN GV 22 Boechout
7,Victor Heylenlei 41,2021-12-12,11:00:00,31,18,13,FMN GV 22 Boechout
7,Victor Heylenlei 41,2021-12-12,12:00:00,20,13,7,FMN GV 22 Boechout
7,Victor Heylenlei 41,2021-12-12,13:00:00,21,12,9,FMN GV 22 Boechout
7,Victor Heylenlei 41,2021-12-12,14:00:00,29,10,19,FMN GV 22 Boechout
7,Victor Heylenlei 41,2021-12-12,15:00:00,32,18,14,FMN GV 22 Boechout
7,Victor Heylenlei 41,2021-12-12,16:00:00,31,14,17,FMN GV 22 Boechout
7,Victor Heylenlei 41,2021-12-12,17:00:00,25,18,7,FMN GV 22 Boechout
7,Victor Heylenlei 41,2021-12-12,18:00:00,20,10,10,FMN GV 22 Boechout
7,Victor Heylenlei 41,2021-12-12,19:00:00,7,3,4,FMN GV 22 Boechout
7,Victor Heylenlei 41,2021-12-12,20:00:00,6,3,3,FMN GV 22 Boechout
7,Victor Heylenlei 41,2021-12-12,21:00:00,9,6,3,FMN GV 22 Boechout
7,Victor Heylenlei 41,2021-12-12,22:00:00,5,2,3,FMN GV 22 Boechout
7,Victor Heylenlei 41,2021-12-12,23:00:00,4,3,1,FMN GV 22 Boechout
7,Victor Heylenlei 41,2021-12-13,00:00:00,2,0,2,FMN GV 22 Boechout
7,Victor Heylenlei 41,2021-12-13,01:00:00,3,1,2,FMN GV 22 Boechout
7,Victor Heylenlei 41,2021-12-13,02:00:00,1,1,0,FMN GV 22 Boechout
7,Victor Heylenlei 41,2021-12-13,03:00:00,3,2,1,FMN GV 22 Boechout
7,Victor Heylenlei 41,2021-12-13,04:00:00,4,3,1,FMN GV 22 Boechout
7,Victor Heylenlei 41,2021-12-13,05:00:00,17,10,7,FMN GV 22 Boechout
7,Victor Heylenlei 41,2021-12-13,06:00:00,22,16,6,FMN GV 22 Boechout
7,Victor Heylenlei 41,2021-12-13,07:00:00,99,68,31,FMN GV 22 Boechout
7,Victor Heylenlei 41,2021-12-13,08:00:00,204,70,134,FMN GV 22 Boechout
7,Victor Heylenlei 41,2021-12-13,09:00:00,36,24,12,FMN GV 22 Boechout
7,Victor Heylenlei 41,2021-12-13,10:00:00,25,14,11,FMN GV 22 Boechout
7,Victor Heylenlei 41,2021-12-13,11:00:00,49,33,16,FMN GV 22 Boechout
7,Victor Heylenlei 41,2021-12-13,12:00:00,138,113,25,FMN GV 22 Boechout
7,Victor Heylenlei 41,2021-12-13,13:00:00,60,27,33,FMN GV 22 Boechout
7,Victor Heylenlei 41,2021-12-13,14:00:00,65,29,36,FMN GV 22 Boechout
7,Victor Heylenlei 41,2021-12-13,15:00:00,61,20,41,FMN GV 22 Boechout
7,Victor Heylenlei 41,2021-12-13,16:00:00,82,32,50,FMN GV 22 Boechout
7,Victor Heylenlei 41,2021-12-13,17:00:00,85,22,63,FMN GV 22 Boechout
7,Victor Heylenlei 41,2021-12-13,18:00:00,42,12,30,FMN GV 22 Boechout
7,Victor Heylenlei 41,2021-12-13,19:00:00,24,9,15,FMN GV 22 Boechout
7,Victor Heylenlei 41,2021-12-13,20:00:00,17,9,8,FMN GV 22 Boechout
7,Victor Heylenlei 41,2021-12-13,21:00:00,10,8,2,FMN GV 22 Boechout
7,Victor Heylenlei 41,2021-12-13,22:00:00,12,4,8,FMN GV 22 Boechout
7,Victor Heylenlei 41,2021-12-13,23:00:00,4,2,2,FMN GV 22 Boechout
7,Victor Heylenlei 41,2021-12-14,00:00:00,2,2,0,FMN GV 22 Boechout
7,Victor Heylenlei 41,2021-12-14,01:00:00,2,0,2,FMN GV 22 Boechout
7,Victor Heylenlei 41,2021-12-14,02:00:00,2,0,2,FMN GV 22 Boechout
7,Victor Heylenlei 41,2021-12-14,03:00:00,1,1,0,FMN GV 22 Boechout
7,Victor Heylenlei 41,2021-12-14,04:00:00,4,3,1,FMN GV 22 Boechout
7,Victor Heylenlei 41,2021-12-14,05:00:00,13,8,5,FMN GV 22 Boechout
7,Victor Heylenlei 41,2021-12-14,06:00:00,29,20,9,FMN GV 22 Boechout
7,Victor Heylenlei 41,2021-12-14,07:00:00,97,64,33,FMN GV 22 Boechout
7,Victor Heylenlei 41,2021-12-14,08:00:00,206,73,133,FMN GV 22 Boechout
7,Victor Heylenlei 41,2021-12-14,09:00:00,30,21,9,FMN GV 22 Boechout
7,Victor Heylenlei 41,2021-12-14,10:00:00,101,87,14,FMN GV 22 Boechout
7,Victor Heylenlei 41,2021-12-14,11:00:00,56,37,19,FMN GV 22 Boechout
7,Victor Heylenlei 41,2021-12-14,12:00:00,52,36,16,FMN GV 22 Boechout
7,Victor Heylenlei 41,2021-12-14,13:00:00,49,27,22,FMN GV 22 Boechout
7,Victor Heylenlei 41,2021-12-14,14:00:00,45,21,24,FMN GV 22 Boechout
7,Victor Heylenlei 41,2021-12-14,15:00:00,54,20,34,FMN GV 22 Boechout
7,Victor Heylenlei 41,2021-12-14,16:00:00,76,30,46,FMN GV 22 Boechout
7,Victor Heylenlei 41,2021-12-14,17:00:00,88,27,61,FMN GV 22 Boechout
7,Victor Heylenlei 41,2021-12-14,18:00:00,43,14,29,FMN GV 22 Boechout
7,Victor Heylenlei 41,2021-12-14,19:00:00,29,8,21,FMN GV 22 Boechout
7,Victor Heylenlei 41,2021-12-14,20:00:00,15,10,5,FMN GV 22 Boechout
7,Victor Heylenlei 41,2021-12-14,21:00:00,39,26,13,FMN GV 22 Boechout
7,Victor Heylenlei 41,2021-12-14,22:00:00,19,8,11,FMN GV 22 Boechout
7,Victor Heylenlei 41,2021-12-14,23:00:00,6,3,3,FMN GV 22 Boechout
7,Victor Heylenlei 41,2021-12-15,00:00:00,1,1,0,FMN GV 22 Boechout
7,Victor Heylenlei 41,2021-12-15,01:00:00,1,1,0,FMN GV 22 Boechout
7,Victor Heylenlei 41,2021-12-15,02:00:00,0,0,0,FMN GV 22 Boechout
7,Victor Heylenlei 41,2021-12-15,03:00:00,0,0,0,FMN GV 22 Boechout
7,Victor Heylenlei 41,2021-12-15,04:00:00,3,3,0,FMN GV 22 Boechout
7,Victor Heylenlei 41,2021-12-15,05:00:00,11,4,7,FMN GV 22 Boechout
7,Victor Heylenlei 41,2021-12-15,06:00:00,27,18,9,FMN GV 22 Boechout
7,Victor Heylenlei 41,2021-12-15,07:00:00,94,63,31,FMN GV 22 Boechout
7,Victor Heylenlei 41,2021-12-15,08:00:00,191,60,131,FMN GV 22 Boechout
7,Victor Heylenlei 41,2021-12-15,09:00:00,45,28,17,FMN GV 22 Boechout
7,Victor Heylenlei 41,2021-12-15,10:00:00,119,94,25,FMN GV 22 Boechout
7,Victor Heylenlei 41,2021-12-15,11:00:00,54,39,15,FMN GV 22 Boechout
7,Victor Heylenlei 41,2021-12-15,12:00:00,139,79,60,FMN GV 22 Boechout
7,Victor Heylenlei 41,2021-12-15,13:00:00,60,20,40,FMN GV 22 Boechout
7,Victor Heylenlei 41,2021-12-15,14:00:00,61,17,44,FMN GV 22 Boechout
7,Victor Heylenlei 41,2021-12-15,15:00:00,68,33,35,FMN GV 22 Boechout
7,Victor Heylenlei 41,2021-12-15,16:00:00,65,25,40,FMN GV 22 Boechout
7,Victor Heylenlei 41,2021-12-15,17:00:00,87,37,50,FMN GV 22 Boechout
7,Victor Heylenlei 41,2021-12-15,18:00:00,58,25,33,FMN GV 22 Boechout
7,Victor Heylenlei 41,2021-12-15,19:00:00,30,13,17,FMN GV 22 Boechout
7,Victor Heylenlei 41,2021-12-15,20:00:00,15,10,5,FMN GV 22 Boechout
7,Victor Heylenlei 41,2021-12-15,21:00:00,12,8,4,FMN GV 22 Boechout
7,Victor Heylenlei 41,2021-12-15,22:00:00,13,8,5,FMN GV 22 Boechout
7,Victor Heylenlei 41,2021-12-15,23:00:00,16,4,12,FMN GV 22 Boechout
7,Victor Heylenlei 41,2021-12-16,00:00:00,1,1,0,FMN GV 22 Boechout
7,Victor Heylenlei 41,2021-12-16,01:00:00,2,1,1,FMN GV 22 Boechout
7,Victor Heylenlei 41,2021-12-16,02:00:00,0,0,0,FMN GV 22 Boechout
7,Victor Heylenlei 41,2021-12-16,03:00:00,3,1,2,FMN GV 22 Boechout
7,Victor Heylenlei 41,2021-12-16,04:00:00,3,3,0,FMN GV 22 Boechout
7,Victor Heylenlei 41,2021-12-16,05:00:00,12,7,5,FMN GV 22 Boechout
7,Victor Heylenlei 41,2021-12-16,06:00:00,26,21,5,FMN GV 22 Boechout
7,Victor Heylenlei 41,2021-12-16,07:00:00,96,62,34,FMN GV 22 Boechout
7,Victor Heylenlei 41,2021-12-16,08:00:00,205,68,137,FMN GV 22 Boechout
7,Victor Heylenlei 41,2021-12-16,09:00:00,47,26,21,FMN GV 22 Boechout
7,Victor Heylenlei 41,2021-12-16,10:00:00,117,86,31,FMN GV 22 Boechout
7,Victor Heylenlei 41,2021-12-16,11:00:00,99,73,26,FMN GV 22 Boechout
7,Victor Heylenlei 41,2021-12-16,12:00:00,104,64,40,FMN GV 22 Boechout
7,Victor Heylenlei 41,2021-12-16,13:00:00,58,26,32,FMN GV 22 Boechout
7,Victor Heylenlei 41,2021-12-16,14:00:00,117,68,49,FMN GV 22 Boechout
7,Victor Heylenlei 41,2021-12-16,15:00:00,115,42,73,FMN GV 22 Boechout
7,Victor Heylenlei 41,2021-12-16,16:00:00,117,44,73,FMN GV 22 Boechout
7,Victor Heylenlei 41,2021-12-16,17:00:00,87,28,59,FMN GV 22 Boechout
7,Victor Heylenlei 41,2021-12-16,18:00:00,69,31,38,FMN GV 22 Boechout
7,Victor Heylenlei 41,2021-12-16,19:00:00,32,17,15,FMN GV 22 Boechout
7,Victor Heylenlei 41,2021-12-16,20:00:00,32,8,24,FMN GV 22 Boechout
7,Victor Heylenlei 41,2021-12-16,21:00:00,21,8,13,FMN GV 22 Boechout
7,Victor Heylenlei 41,2021-12-16,22:00:00,15,4,11,FMN GV 22 Boechout
7,Victor Heylenlei 41,2021-12-16,23:00:00,10,4,6,FMN GV 22 Boechout
7,Victor Heylenlei 41,2021-12-17,00:00:00,2,1,1,FMN GV 22 Boechout
7,Victor Heylenlei 41,2021-12-17,01:00:00,6,4,2,FMN GV 22 Boechout
7,Victor Heylenlei 41,2021-12-17,02:00:00,1,0,1,FMN GV 22 Boechout
7,Victor Heylenlei 41,2021-12-17,03:00:00,1,1,0,FMN GV 22 Boechout
7,Victor Heylenlei 41,2021-12-17,04:00:00,2,2,0,FMN GV 22 Boechout
7,Victor Heylenlei 41,2021-12-17,05:00:00,13,7,6,FMN GV 22 Boechout
7,Victor Heylenlei 41,2021-12-17,06:00:00,19,16,3,FMN GV 22 Boechout
7,Victor Heylenlei 41,2021-12-17,07:00:00,75,49,26,FMN GV 22 Boechout
7,Victor Heylenlei 41,2021-12-17,08:00:00,205,62,143,FMN GV 22 Boechout
7,Victor Heylenlei 41,2021-12-17,09:00:00,38,22,16,FMN GV 22 Boechout
7,Victor Heylenlei 41,2021-12-17,10:00:00,131,98,33,FMN GV 22 Boechout
7,Victor Heylenlei 41,2021-12-17,11:00:00,69,46,23,FMN GV 22 Boechout
7,Victor Heylenlei 41,2021-12-17,12:00:00,59,32,27,FMN GV 22 Boechout
7,Victor Heylenlei 41,2021-12-17,13:00:00,38,20,18,FMN GV 22 Boechout
7,Victor Heylenlei 41,2021-12-17,14:00:00,77,30,47,FMN GV 22 Boechout
7,Victor Heylenlei 41,2021-12-17,15:00:00,78,39,39,FMN GV 22 Boechout
7,Victor Heylenlei 41,2021-12-17,16:00:00,90,39,51,FMN GV 22 Boechout
7,Victor Heylenlei 41,2021-12-17,17:00:00,74,22,52,FMN GV 22 Boechout
7,Victor Heylenlei 41,2021-12-17,18:00:00,51,23,28,FMN GV 22 Boechout
7,Victor Heylenlei 41,2021-12-17,19:00:00,22,10,12,FMN GV 22 Boechout
7,Victor Heylenlei 41,2021-12-17,20:00:00,15,7,8,FMN GV 22 Boechout
7,Victor Heylenlei 41,2021-12-17,21:00:00,10,8,2,FMN GV 22 Boechout
7,Victor Heylenlei 41,2021-12-17,22:00:00,8,4,4,FMN GV 22 Boechout
7,Victor Heylenlei 41,2021-12-17,23:00:00,11,2,9,FMN GV 22 Boechout
7,Victor Heylenlei 41,2021-12-18,00:00:00,10,3,7,FMN GV 22 Boechout
7,Victor Heylenlei 41,2021-12-18,01:00:00,3,1,2,FMN GV 22 Boechout
7,Victor Heylenlei 41,2021-12-18,02:00:00,4,1,3,FMN GV 22 Boechout
7,Victor Heylenlei 41,2021-12-18,03:00:00,2,0,2,FMN GV 22 Boechout
7,Victor Heylenlei 41,2021-12-18,04:00:00,4,2,2,FMN GV 22 Boechout
7,Victor Heylenlei 41,2021-12-18,05:00:00,2,1,1,FMN GV 22 Boechout
7,Victor Heylenlei 41,2021-12-18,06:00:00,5,2,3,FMN GV 22 Boechout
7,Victor Heylenlei 41,2021-12-18,07:00:00,2,1,1,FMN GV 22 Boechout
7,Victor Heylenlei 41,2021-12-18,08:00:00,11,5,6,FMN GV 22 Boechout
7,Victor Heylenlei 41,2021-12-18,09:00:00,38,19,19,FMN GV 22 Boechout
7,Victor Heylenlei 41,2021-12-18,10:00:00,52,33,19,FMN GV 22 Boechout
7,Victor Heylenlei 41,2021-12-18,11:00:00,75,49,26,FMN GV 22 Boechout
7,Victor Heylenlei 41,2021-12-18,12:00:00,63,38,25,FMN GV 22 Boechout
7,Victor Heylenlei 41,2021-12-18,13:00:00,45,27,18,FMN GV 22 Boechout
7,Victor Heylenlei 41,2021-12-18,14:00:00,64,37,27,FMN GV 22 Boechout
7,Victor Heylenlei 41,2021-12-18,15:00:00,85,50,35,FMN GV 22 Boechout
7,Victor Heylenlei 41,2021-12-18,16:00:00,46,30,16,FMN GV 22 Boechout
7,Victor Heylenlei 41,2021-12-18,17:00:00,26,6,20,FMN GV 22 Boechout
7,Victor Heylenlei 41,2021-12-18,18:00:00,16,7,9,FMN GV 22 Boechout
7,Victor Heylenlei 41,2021-12-18,19:00:00,11,4,7,FMN GV 22 Boechout
7,Victor Heylenlei 41,2021-12-18,20:00:00,8,2,6,FMN GV 22 Boechout
7,Victor Heylenlei 41,2021-12-18,21:00:00,7,2,5,FMN GV 22 Boechout
7,Victor Heylenlei 41,2021-12-18,22:00:00,9,3,6,FMN GV 22 Boechout
7,Victor Heylenlei 41,2021-12-18,23:00:00,8,2,6,FMN GV 22 Boechout
7,Victor Heylenlei 41,2021-12-19,00:00:00,3,2,1,FMN GV 22 Boechout
7,Victor Heylenlei 41,2021-12-19,01:00:00,7,6,1,FMN GV 22 Boechout
7,Victor Heylenlei 41,2021-12-19,02:00:00,1,1,0,FMN GV 22 Boechout
7,Victor Heylenlei 41,2021-12-19,03:00:00,3,3,0,FMN GV 22 Boechout
7,Victor Heylenlei 41,2021-12-19,04:00:00,0,0,0,FMN GV 22 Boechout
7,Victor Heylenlei 41,2021-12-19,05:00:00,5,3,2,FMN GV 22 Boechout
7,Victor Heylenlei 41,2021-12-19,06:00:00,5,5,0,FMN GV 22 Boechout
7,Victor Heylenlei 41,2021-12-19,07:00:00,1,0,1,FMN GV 22 Boechout
7,Victor Heylenlei 41,2021-12-19,08:00:00,18,5,13,FMN GV 22 Boechout
7,Victor Heylenlei 41,2021-12-19,09:00:00,41,18,23,FMN GV 22 Boechout
7,Victor Heylenlei 41,2021-12-19,10:00:00,61,24,37,FMN GV 22 Boechout
7,Victor Heylenlei 41,2021-12-19,11:00:00,110,73,37,FMN GV 22 Boechout
7,Victor Heylenlei 41,2021-12-19,12:00:00,91,51,40,FMN GV 22 Boechout
7,Victor Heylenlei 41,2021-12-19,13:00:00,64,28,36,FMN GV 22 Boechout
7,Victor Heylenlei 41,2021-12-19,14:00:00,61,29,32,FMN GV 22 Boechout
7,Victor Heylenlei 41,2021-12-19,15:00:00,53,28,25,FMN GV 22 Boechout
7,Victor Heylenlei 41,2021-12-19,16:00:00,50,24,26,FMN GV 22 Boechout
7,Victor Heylenlei 41,2021-12-19,17:00:00,18,10,8,FMN GV 22 Boechout
7,Victor Heylenlei 41,2021-12-19,18:00:00,13,6,7,FMN GV 22 Boechout
7,Victor Heylenlei 41,2021-12-19,19:00:00,8,4,4,FMN GV 22 Boechout
7,Victor Heylenlei 41,2021-12-19,20:00:00,6,4,2,FMN GV 22 Boechout
7,Victor Heylenlei 41,2021-12-19,21:00:00,8,6,2,FMN GV 22 Boechout
7,Victor Heylenlei 41,2021-12-19,22:00:00,6,2,4,FMN GV 22 Boechout
7,Victor Heylenlei 41,2021-12-19,23:00:00,2,1,1,FMN GV 22 Boechout
7,Victor Heylenlei 41,2021-12-20,00:00:00,1,1,0,FMN GV 22 Boechout
7,Victor Heylenlei 41,2021-12-20,01:00:00,1,0,1,FMN GV 22 Boechout
7,Victor Heylenlei 41,2021-12-20,02:00:00,1,1,0,FMN GV 22 Boechout
7,Victor Heylenlei 41,2021-12-20,03:00:00,0,0,0,FMN GV 22 Boechout
7,Victor Heylenlei 41,2021-12-20,04:00:00,3,2,1,FMN GV 22 Boechout
7,Victor Heylenlei 41,2021-12-20,05:00:00,6,3,3,FMN GV 22 Boechout
7,Victor Heylenlei 41,2021-12-20,06:00:00,15,12,3,FMN GV 22 Boechout
7,Victor Heylenlei 41,2021-12-20,07:00:00,73,41,32,FMN GV 22 Boechout
7,Victor Heylenlei 41,2021-12-20,08:00:00,178,47,131,FMN GV 22 Boechout
7,Victor Heylenlei 41,2021-12-20,09:00:00,35,22,13,FMN GV 22 Boechout
7,Victor Heylenlei 41,2021-12-20,10:00:00,92,77,15,FMN GV 22 Boechout
7,Victor Heylenlei 41,2021-12-20,11:00:00,52,31,21,FMN GV 22 Boechout
7,Victor Heylenlei 41,2021-12-20,12:00:00,93,64,29,FMN GV 22 Boechout
7,Victor Heylenlei 41,2021-12-20,13:00:00,58,33,25,FMN GV 22 Boechout
7,Victor Heylenlei 41,2021-12-20,14:00:00,56,35,21,FMN GV 22 Boechout
7,Victor Heylenlei 41,2021-12-20,15:00:00,60,26,34,FMN GV 22 Boechout
7,Victor Heylenlei 41,2021-12-20,16:00:00,82,39,43,FMN GV 22 Boechout
7,Victor Heylenlei 41,2021-12-20,17:00:00,53,19,34,FMN GV 22 Boechout
7,Victor Heylenlei 41,2021-12-20,18:00:00,41,14,27,FMN GV 22 Boechout
7,Victor Heylenlei 41,2021-12-20,19:00:00,24,10,14,FMN GV 22 Boechout
7,Victor Heylenlei 41,2021-12-20,20:00:00,19,9,10,FMN GV 22 Boechout
7,Victor Heylenlei 41,2021-12-20,21:00:00,16,4,12,FMN GV 22 Boechout
7,Victor Heylenlei 41,2021-12-20,22:00:00,11,5,6,FMN GV 22 Boechout
7,Victor Heylenlei 41,2021-12-20,23:00:00,3,1,2,FMN GV 22 Boechout
7,Victor Heylenlei 41,2021-12-21,00:00:00,5,4,1,FMN GV 22 Boechout
7,Victor Heylenlei 41,2021-12-21,01:00:00,0,0,0,FMN GV 22 Boechout
7,Victor Heylenlei 41,2021-12-21,02:00:00,1,0,1,FMN GV 22 Boechout
7,Victor Heylenlei 41,2021-12-21,03:00:00,0,0,0,FMN GV 22 Boechout
7,Victor Heylenlei 41,2021-12-21,04:00:00,2,2,0,FMN GV 22 Boechout
7,Victor Heylenlei 41,2021-12-21,05:00:00,8,2,6,FMN GV 22 Boechout
7,Victor Heylenlei 41,2021-12-21,06:00:00,18,13,5,FMN GV 22 Boechout
7,Victor Heylenlei 41,2021-12-21,07:00:00,48,34,14,FMN GV 22 Boechout
7,Victor Heylenlei 41,2021-12-21,08:00:00,85,53,32,FMN GV 22 Boechout
7,Victor Heylenlei 41,2021-12-21,09:00:00,32,17,15,FMN GV 22 Boechout
7,Victor Heylenlei 41,2021-12-21,10:00:00,31,15,16,FMN GV 22 Boechout
7,Victor Heylenlei 41,2021-12-21,11:00:00,47,31,16,FMN GV 22 Boechout
7,Victor Heylenlei 41,2021-12-21,12:00:00,51,30,21,FMN GV 22 Boechout
7,Victor Heylenlei 41,2021-12-21,13:00:00,55,21,34,FMN GV 22 Boechout
7,Victor Heylenlei 41,2021-12-21,14:00:00,72,29,43,FMN GV 22 Boechout
7,Victor Heylenlei 41,2021-12-21,15:00:00,45,26,19,FMN GV 22 Boechout
7,Victor Heylenlei 41,2021-12-21,16:00:00,68,32,36,FMN GV 22 Boechout
7,Victor Heylenlei 41,2021-12-21,17:00:00,70,25,45,FMN GV 22 Boechout
7,Victor Heylenlei 41,2021-12-21,18:00:00,44,14,30,FMN GV 22 Boechout
7,Victor Heylenlei 41,2021-12-21,19:00:00,17,5,12,FMN GV 22 Boechout
7,Victor Heylenlei 41,2021-12-21,20:00:00,16,7,9,FMN GV 22 Boechout
7,Victor Heylenlei 41,2021-12-21,21:00:00,14,6,8,FMN GV 22 Boechout
7,Victor Heylenlei 41,2021-12-21,22:00:00,18,9,9,FMN GV 22 Boechout
7,Victor Heylenlei 41,2021-12-21,23:00:00,8,4,4,FMN GV 22 Boechout
7,Victor Heylenlei 41,2021-12-22,00:00:00,3,2,1,FMN GV 22 Boechout
7,Victor Heylenlei 41,2021-12-22,01:00:00,2,1,1,FMN GV 22 Boechout
7,Victor Heylenlei 41,2021-12-22,02:00:00,0,0,0,FMN GV 22 Boechout
7,Victor Heylenlei 41,2021-12-22,03:00:00,0,0,0,FMN GV 22 Boechout
7,Victor Heylenlei 41,2021-12-22,04:00:00,3,2,1,FMN GV 22 Boechout
7,Victor Heylenlei 41,2021-12-22,05:00:00,7,2,5,FMN GV 22 Boechout
7,Victor Heylenlei 41,2021-12-22,06:00:00,11,8,3,FMN GV 22 Boechout
7,Victor Heylenlei 41,2021-12-22,07:00:00,40,28,12,FMN GV 22 Boechout
7,Victor Heylenlei 41,2021-12-22,08:00:00,56,38,18,FMN GV 22 Boechout
7,Victor Heylenlei 41,2021-12-22,09:00:00,28,18,10,FMN GV 22 Boechout
7,Victor Heylenlei 41,2021-12-22,10:00:00,21,8,13,FMN GV 22 Boechout
7,Victor Heylenlei 41,2021-12-22,11:00:00,21,13,8,FMN GV 22 Boechout
7,Victor Heylenlei 41,2021-12-22,12:00:00,34,19,15,FMN GV 22 Boechout
7,Victor Heylenlei 41,2021-12-22,13:00:00,62,27,35,FMN GV 22 Boechout
7,Victor Heylenlei 41,2021-12-22,14:00:00,47,20,27,FMN GV 22 Boechout
7,Victor Heylenlei 41,2021-12-22,15:00:00,53,25,28,FMN GV 22 Boechout
7,Victor Heylenlei 41,2021-12-22,16:00:00,47,21,26,FMN GV 22 Boechout
7,Victor Heylenlei 41,2021-12-22,17:00:00,51,15,36,FMN GV 22 Boechout
7,Victor Heylenlei 41,2021-12-22,18:00:00,39,16,23,FMN GV 22 Boechout
7,Victor Heylenlei 41,2021-12-22,19:00:00,14,10,4,FMN GV 22 Boechout
7,Victor Heylenlei 41,2021-12-22,20:00:00,8,3,5,FMN GV 22 Boechout
7,Victor Heylenlei 41,2021-12-22,21:00:00,11,3,8,FMN GV 22 Boechout
7,Victor Heylenlei 41,2021-12-22,22:00:00,12,7,5,FMN GV 22 Boechout
7,Victor Heylenlei 41,2021-12-22,23:00:00,8,1,7,FMN GV 22 Boechout
7,Victor Heylenlei 41,2021-12-23,00:00:00,2,0,2,FMN GV 22 Boechout
7,Victor Heylenlei 41,2021-12-23,01:00:00,0,0,0,FMN GV 22 Boechout
7,Victor Heylenlei 41,2021-12-23,02:00:00,1,1,0,FMN GV 22 Boechout
7,Victor Heylenlei 41,2021-12-23,03:00:00,2,0,2,FMN GV 22 Boechout
7,Victor Heylenlei 41,2021-12-23,04:00:00,1,1,0,FMN GV 22 Boechout
7,Victor Heylenlei 41,2021-12-23,05:00:00,9,3,6,FMN GV 22 Boechout
7,Victor Heylenlei 41,2021-12-23,06:00:00,18,12,6,FMN GV 22 Boechout
7,Victor Heylenlei 41,2021-12-23,07:00:00,38,21,17,FMN GV 22 Boechout
7,Victor Heylenlei 41,2021-12-23,08:00:00,163,47,116,FMN GV 22 Boechout
7,Victor Heylenlei 41,2021-12-23,09:00:00,26,17,9,FMN GV 22 Boechout
7,Victor Heylenlei 41,2021-12-23,10:00:00,121,103,18,FMN GV 22 Boechout
7,Victor Heylenlei 41,2021-12-23,11:00:00,30,17,13,FMN GV 22 Boechout
7,Victor Heylenlei 41,2021-12-23,12:00:00,27,11,16,FMN GV 22 Boechout
7,Victor Heylenlei 41,2021-12-23,13:00:00,54,27,27,FMN GV 22 Boechout
7,Victor Heylenlei 41,2021-12-23,14:00:00,56,27,29,FMN GV 22 Boechout
7,Victor Heylenlei 41,2021-12-23,15:00:00,46,25,21,FMN GV 22 Boechout
7,Victor Heylenlei 41,2021-12-23,16:00:00,62,33,29,FMN GV 22 Boechout
7,Victor Heylenlei 41,2021-12-23,17:00:00,71,27,44,FMN GV 22 Boechout
7,Victor Heylenlei 41,2021-12-23,18:00:00,36,9,27,FMN GV 22 Boechout
7,Victor Heylenlei 41,2021-12-23,19:00:00,12,4,8,FMN GV 22 Boechout
7,Victor Heylenlei 41,2021-12-23,20:00:00,7,4,3,FMN GV 22 Boechout
7,Victor Heylenlei 41,2021-12-23,21:00:00,14,10,4,FMN GV 22 Boechout
7,Victor Heylenlei 41,2021-12-23,22:00:00,9,4,5,FMN GV 22 Boechout
7,Victor Heylenlei 41,2021-12-23,23:00:00,6,4,2,FMN GV 22 Boechout
7,Victor Heylenlei 41,2021-12-24,00:00:00,2,2,0,FMN GV 22 Boechout
7,Victor Heylenlei 41,2021-12-24,01:00:00,2,0,2,FMN GV 22 Boechout
7,Victor Heylenlei 41,2021-12-24,02:00:00,1,1,0,FMN GV 22 Boechout
7,Victor Heylenlei 41,2021-12-24,03:00:00,0,0,0,FMN GV 22 Boechout
7,Victor Heylenlei 41,2021-12-24,04:00:00,4,3,1,FMN GV 22 Boechout
7,Victor Heylenlei 41,2021-12-24,05:00:00,4,2,2,FMN GV 22 Boechout
7,Victor Heylenlei 41,2021-12-24,06:00:00,8,6,2,FMN GV 22 Boechout
7,Victor Heylenlei 41,2021-12-24,07:00:00,18,12,6,FMN GV 22 Boechout
7,Victor Heylenlei 41,2021-12-24,08:00:00,34,22,12,FMN GV 22 Boechout
7,Victor Heylenlei 41,2021-12-24,09:00:00,49,23,26,FMN GV 22 Boechout
7,Victor Heylenlei 41,2021-12-24,10:00:00,38,25,13,FMN GV 22 Boechout
7,Victor Heylenlei 41,2021-12-24,11:00:00,32,17,15,FMN GV 22 Boechout
7,Victor Heylenlei 41,2021-12-24,12:00:00,46,18,28,FMN GV 22 Boechout
7,Victor Heylenlei 41,2021-12-24,13:00:00,40,17,23,FMN GV 22 Boechout
7,Victor Heylenlei 41,2021-12-24,14:00:00,44,16,28,FMN GV 22 Boechout
7,Victor Heylenlei 41,2021-12-24,15:00:00,42,14,28,FMN GV 22 Boechout
7,Victor Heylenlei 41,2021-12-24,16:00:00,43,18,25,FMN GV 22 Boechout
7,Victor Heylenlei 41,2021-12-24,17:00:00,28,7,21,FMN GV 22 Boechout
7,Victor Heylenlei 41,2021-12-24,18:00:00,17,10,7,FMN GV 22 Boechout
7,Victor Heylenlei 41,2021-12-24,19:00:00,2,1,1,FMN GV 22 Boechout
7,Victor Heylenlei 41,2021-12-24,20:00:00,1,1,0,FMN GV 22 Boechout
7,Victor Heylenlei 41,2021-12-24,21:00:00,3,2,1,FMN GV 22 Boechout
7,Victor Heylenlei 41,2021-12-24,22:00:00,5,4,1,FMN GV 22 Boechout
7,Victor Heylenlei 41,2021-12-24,23:00:00,7,5,2,FMN GV 22 Boechout
7,Victor Heylenlei 41,2021-12-25,00:00:00,6,4,2,FMN GV 22 Boechout
7,Victor Heylenlei 41,2021-12-25,01:00:00,9,5,4,FMN GV 22 Boechout
7,Victor Heylenlei 41,2021-12-25,02:00:00,0,0,0,FMN GV 22 Boechout
7,Victor Heylenlei 41,2021-12-25,03:00:00,3,3,0,FMN GV 22 Boechout
7,Victor Heylenlei 41,2021-12-25,04:00:00,2,1,1,FMN GV 22 Boechout
7,Victor Heylenlei 41,2021-12-25,05:00:00,1,1,0,FMN GV 22 Boechout
7,Victor Heylenlei 41,2021-12-25,06:00:00,1,1,0,FMN GV 22 Boechout
7,Victor Heylenlei 41,2021-12-25,07:00:00,2,1,1,FMN GV 22 Boechout
7,Victor Heylenlei 41,2021-12-25,08:00:00,2,2,0,FMN GV 22 Boechout
7,Victor Heylenlei 41,2021-12-25,09:00:00,12,4,8,FMN GV 22 Boechout
7,Victor Heylenlei 41,2021-12-25,10:00:00,19,9,10,FMN GV 22 Boechout
7,Victor Heylenlei 41,2021-12-25,11:00:00,19,9,10,FMN GV 22 Boechout
7,Victor Heylenlei 41,2021-12-25,12:00:00,11,5,6,FMN GV 22 Boechout
7,Victor Heylenlei 41,2021-12-25,13:00:00,19,12,7,FMN GV 22 Boechout
7,Victor Heylenlei 41,2021-12-25,14:00:00,21,8,13,FMN GV 22 Boechout
7,Victor Heylenlei 41,2021-12-25,15:00:00,18,6,12,FMN GV 22 Boechout
7,Victor Heylenlei 41,2021-12-25,16:00:00,25,13,12,FMN GV 22 Boechout
7,Victor Heylenlei 41,2021-12-25,17:00:00,10,2,8,FMN GV 22 Boechout
7,Victor Heylenlei 41,2021-12-25,18:00:00,9,6,3,FMN GV 22 Boechout
7,Victor Heylenlei 41,2021-12-25,19:00:00,7,3,4,FMN GV 22 Boechout
7,Victor Heylenlei 41,2021-12-25,20:00:00,6,4,2,FMN GV 22 Boechout
7,Victor Heylenlei 41,2021-12-25,21:00:00,1,0,1,FMN GV 22 Boechout
7,Victor Heylenlei 41,2021-12-25,22:00:00,5,3,2,FMN GV 22 Boechout
7,Victor Heylenlei 41,2021-12-25,23:00:00,10,8,2,FMN GV 22 Boechout
7,Victor Heylenlei 41,2021-12-26,00:00:00,2,2,0,FMN GV 22 Boechout
7,Victor Heylenlei 41,2021-12-26,01:00:00,5,2,3,FMN GV 22 Boechout
7,Victor Heylenlei 41,2021-12-26,02:00:00,0,0,0,FMN GV 22 Boechout
7,Victor Heylenlei 41,2021-12-26,03:00:00,9,3,6,FMN GV 22 Boechout
7,Victor Heylenlei 41,2021-12-26,04:00:00,0,0,0,FMN GV 22 Boechout
7,Victor Heylenlei 41,2021-12-26,05:00:00,2,1,1,FMN GV 22 Boechout
7,Victor Heylenlei 41,2021-12-26,06:00:00,1,1,0,FMN GV 22 Boechout
7,Victor Heylenlei 41,2021-12-26,07:00:00,2,0,2,FMN GV 22 Boechout
7,Victor Heylenlei 41,2021-12-26,08:00:00,5,1,4,FMN GV 22 Boechout
7,Victor Heylenlei 41,2021-12-26,09:00:00,28,8,20,FMN GV 22 Boechout
7,Victor Heylenlei 41,2021-12-26,10:00:00,43,17,26,FMN GV 22 Boechout
7,Victor Heylenlei 41,2021-12-26,11:00:00,55,25,30,FMN GV 22 Boechout
7,Victor Heylenlei 41,2021-12-26,12:00:00,84,51,33,FMN GV 22 Boechout
7,Victor Heylenlei 41,2021-12-26,13:00:00,53,28,25,FMN GV 22 Boechout
7,Victor Heylenlei 41,2021-12-26,14:00:00,57,28,29,FMN GV 22 Boechout
7,Victor Heylenlei 41,2021-12-26,15:00:00,38,24,14,FMN GV 22 Boechout
7,Victor Heylenlei 41,2021-12-26,16:00:00,18,6,12,FMN GV 22 Boechout
7,Victor Heylenlei 41,2021-12-26,17:00:00,13,9,4,FMN GV 22 Boechout
7,Victor Heylenlei 41,2021-12-26,18:00:00,7,3,4,FMN GV 22 Boechout
7,Victor Heylenlei 41,2021-12-26,19:00:00,23,12,11,FMN GV 22 Boechout
7,Victor Heylenlei 41,2021-12-26,20:00:00,2,2,0,FMN GV 22 Boechout
7,Victor Heylenlei 41,2021-12-26,21:00:00,11,7,4,FMN GV 22 Boechout
7,Victor Heylenlei 41,2021-12-26,22:00:00,3,2,1,FMN GV 22 Boechout
7,Victor Heylenlei 41,2021-12-26,23:00:00,6,5,1,FMN GV 22 Boechout
7,Victor Heylenlei 41,2021-12-27,00:00:00,0,0,0,FMN GV 22 Boechout
7,Victor Heylenlei 41,2021-12-27,01:00:00,1,1,0,FMN GV 22 Boechout
7,Victor Heylenlei 41,2021-12-27,02:00:00,2,1,1,FMN GV 22 Boechout
7,Victor Heylenlei 41,2021-12-27,03:00:00,0,0,0,FMN GV 22 Boechout
7,Victor Heylenlei 41,2021-12-27,04:00:00,2,1,1,FMN GV 22 Boechout
7,Victor Heylenlei 41,2021-12-27,05:00:00,7,2,5,FMN GV 22 Boechout
7,Victor Heylenlei 41,2021-12-27,06:00:00,12,9,3,FMN GV 22 Boechout
7,Victor Heylenlei 41,2021-12-27,07:00:00,20,13,7,FMN GV 22 Boechout
7,Victor Heylenlei 41,2021-12-27,08:00:00,26,16,10,FMN GV 22 Boechout
7,Victor Heylenlei 41,2021-12-27,09:00:00,27,13,14,FMN GV 22 Boechout
7,Victor Heylenlei 41,2021-12-27,10:00:00,54,15,39,FMN GV 22 Boechout
7,Victor Heylenlei 41,2021-12-27,11:00:00,47,23,24,FMN GV 22 Boechout
7,Victor Heylenlei 41,2021-12-27,12:00:00,51,28,23,FMN GV 22 Boechout
7,Victor Heylenlei 41,2021-12-27,13:00:00,27,17,10,FMN GV 22 Boechout
7,Victor Heylenlei 41,2021-12-27,14:00:00,28,18,10,FMN GV 22 Boechout
7,Victor Heylenlei 41,2021-12-27,15:00:00,21,9,12,FMN GV 22 Boechout
7,Victor Heylenlei 41,2021-12-27,16:00:00,26,16,10,FMN GV 22 Boechout
7,Victor Heylenlei 41,2021-12-27,17:00:00,32,14,18,FMN GV 22 Boechout
7,Victor Heylenlei 41,2021-12-27,18:00:00,16,6,10,FMN GV 22 Boechout
7,Victor Heylenlei 41,2021-12-27,19:00:00,9,5,4,FMN GV 22 Boechout
7,Victor Heylenlei 41,2021-12-27,20:00:00,12,5,7,FMN GV 22 Boechout
7,Victor Heylenlei 41,2021-12-27,21:00:00,7,1,6,FMN GV 22 Boechout
7,Victor Heylenlei 41,2021-12-27,22:00:00,3,1,2,FMN GV 22 Boechout
7,Victor Heylenlei 41,2021-12-27,23:00:00,2,2,0,FMN GV 22 Boechout
7,Victor Heylenlei 41,2021-12-28,00:00:00,5,2,3,FMN GV 22 Boechout
7,Victor Heylenlei 41,2021-12-28,01:00:00,2,0,2,FMN GV 22 Boechout
7,Victor Heylenlei 41,2021-12-28,02:00:00,1,1,0,FMN GV 22 Boechout
7,Victor Heylenlei 41,2021-12-28,03:00:00,0,0,0,FMN GV 22 Boechout
7,Victor Heylenlei 41,2021-12-28,04:00:00,2,1,1,FMN GV 22 Boechout
7,Victor Heylenlei 41,2021-12-28,05:00:00,6,3,3,FMN GV 22 Boechout
7,Victor Heylenlei 41,2021-12-28,06:00:00,10,4,6,FMN GV 22 Boechout
7,Victor Heylenlei 41,2021-12-28,07:00:00,15,9,6,FMN GV 22 Boechout
7,Victor Heylenlei 41,2021-12-28,08:00:00,35,23,12,FMN GV 22 Boechout
7,Victor Heylenlei 41,2021-12-28,09:00:00,20,14,6,FMN GV 22 Boechout
7,Victor Heylenlei 41,2021-12-28,10:00:00,24,10,14,FMN GV 22 Boechout
7,Victor Heylenlei 41,2021-12-28,11:00:00,22,11,11,FMN GV 22 Boechout
7,Victor Heylenlei 41,2021-12-28,12:00:00,11,6,5,FMN GV 22 Boechout
7,Victor Heylenlei 41,2021-12-28,13:00:00,35,16,19,FMN GV 22 Boechout
7,Victor Heylenlei 41,2021-12-28,14:00:00,14,6,8,FMN GV 22 Boechout
7,Victor Heylenlei 41,2021-12-28,15:00:00,10,4,6,FMN GV 22 Boechout
7,Victor Heylenlei 41,2021-12-28,16:00:00,13,8,5,FMN GV 22 Boechout
7,Victor Heylenlei 41,2021-12-28,17:00:00,35,12,23,FMN GV 22 Boechout
7,Victor Heylenlei 41,2021-12-28,18:00:00,22,8,14,FMN GV 22 Boechout
7,Victor Heylenlei 41,2021-12-28,19:00:00,14,6,8,FMN GV 22 Boechout
7,Victor Heylenlei 41,2021-12-28,20:00:00,9,4,5,FMN GV 22 Boechout
7,Victor Heylenlei 41,2021-12-28,21:00:00,5,4,1,FMN GV 22 Boechout
7,Victor Heylenlei 41,2021-12-28,22:00:00,5,2,3,FMN GV 22 Boechout
7,Victor Heylenlei 41,2021-12-28,23:00:00,2,1,1,FMN GV 22 Boechout
7,Victor Heylenlei 41,2021-12-29,00:00:00,5,5,0,FMN GV 22 Boechout
7,Victor Heylenlei 41,2021-12-29,01:00:00,3,2,1,FMN GV 22 Boechout
7,Victor Heylenlei 41,2021-12-29,02:00:00,0,0,0,FMN GV 22 Boechout
7,Victor Heylenlei 41,2021-12-29,03:00:00,0,0,0,FMN GV 22 Boechout
7,Victor Heylenlei 41,2021-12-29,04:00:00,1,1,0,FMN GV 22 Boechout
7,Victor Heylenlei 41,2021-12-29,05:00:00,9,2,7,FMN GV 22 Boechout
7,Victor Heylenlei 41,2021-12-29,06:00:00,10,4,6,FMN GV 22 Boechout
7,Victor Heylenlei 41,2021-12-29,07:00:00,29,20,9,FMN GV 22 Boechout
7,Victor Heylenlei 41,2021-12-29,08:00:00,28,18,10,FMN GV 22 Boechout
7,Victor Heylenlei 41,2021-12-29,09:00:00,35,20,15,FMN GV 22 Boechout
7,Victor Heylenlei 41,2021-12-29,10:00:00,25,16,9,FMN GV 22 Boechout
7,Victor Heylenlei 41,2021-12-29,11:00:00,27,15,12,FMN GV 22 Boechout
7,Victor Heylenlei 41,2021-12-29,12:00:00,17,8,9,FMN GV 22 Boechout
7,Victor Heylenlei 41,2021-12-29,13:00:00,37,22,15,FMN GV 22 Boechout
7,Victor Heylenlei 41,2021-12-29,14:00:00,28,18,10,FMN GV 22 Boechout
7,Victor Heylenlei 41,2021-12-29,15:00:00,26,11,15,FMN GV 22 Boechout
7,Victor Heylenlei 41,2021-12-29,16:00:00,45,19,26,FMN GV 22 Boechout
7,Victor Heylenlei 41,2021-12-29,17:00:00,34,12,22,FMN GV 22 Boechout
7,Victor Heylenlei 41,2021-12-29,18:00:00,24,13,11,FMN GV 22 Boechout
7,Victor Heylenlei 41,2021-12-29,19:00:00,8,4,4,FMN GV 22 Boechout
7,Victor Heylenlei 41,2021-12-29,20:00:00,20,8,12,FMN GV 22 Boechout
7,Victor Heylenlei 41,2021-12-29,21:00:00,9,5,4,FMN GV 22 Boechout
7,Victor Heylenlei 41,2021-12-29,22:00:00,2,1,1,FMN GV 22 Boechout
7,Victor Heylenlei 41,2021-12-29,23:00:00,8,4,4,FMN GV 22 Boechout
7,Victor Heylenlei 41,2021-12-30,00:00:00,5,3,2,FMN GV 22 Boechout
7,Victor Heylenlei 41,2021-12-30,01:00:00,0,0,0,FMN GV 22 Boechout
7,Victor Heylenlei 41,2021-12-30,02:00:00,4,3,1,FMN GV 22 Boechout
7,Victor Heylenlei 41,2021-12-30,03:00:00,0,0,0,FMN GV 22 Boechout
7,Victor Heylenlei 41,2021-12-30,04:00:00,2,1,1,FMN GV 22 Boechout
7,Victor Heylenlei 41,2021-12-30,05:00:00,4,0,4,FMN GV 22 Boechout
7,Victor Heylenlei 41,2021-12-30,06:00:00,10,6,4,FMN GV 22 Boechout
7,Victor Heylenlei 41,2021-12-30,07:00:00,19,10,9,FMN GV 22 Boechout
7,Victor Heylenlei 41,2021-12-30,08:00:00,36,19,17,FMN GV 22 Boechout
7,Victor Heylenlei 41,2021-12-30,09:00:00,28,10,18,FMN GV 22 Boechout
7,Victor Heylenlei 41,2021-12-30,10:00:00,44,25,19,FMN GV 22 Boechout
7,Victor Heylenlei 41,2021-12-30,11:00:00,43,22,21,FMN GV 22 Boechout
7,Victor Heylenlei 41,2021-12-30,12:00:00,47,23,24,FMN GV 22 Boechout
7,Victor Heylenlei 41,2021-12-30,13:00:00,61,33,28,FMN GV 22 Boechout
7,Victor Heylenlei 41,2021-12-30,14:00:00,56,23,33,FMN GV 22 Boechout
7,Victor Heylenlei 41,2021-12-30,15:00:00,61,31,30,FMN GV 22 Boechout
7,Victor Heylenlei 41,2021-12-30,16:00:00,49,22,27,FMN GV 22 Boechout
7,Victor Heylenlei 41,2021-12-30,17:00:00,53,22,31,FMN GV 22 Boechout
7,Victor Heylenlei 41,2021-12-30,18:00:00,25,11,14,FMN GV 22 Boechout
7,Victor Heylenlei 41,2021-12-30,19:00:00,14,6,8,FMN GV 22 Boechout
7,Victor Heylenlei 41,2021-12-30,20:00:00,7,3,4,FMN GV 22 Boechout
7,Victor Heylenlei 41,2021-12-30,21:00:00,6,2,4,FMN GV 22 Boechout
7,Victor Heylenlei 41,2021-12-30,22:00:00,13,6,7,FMN GV 22 Boechout
7,Victor Heylenlei 41,2021-12-30,23:00:00,9,5,4,FMN GV 22 Boechout
7,Victor Heylenlei 41,2021-12-31,00:00:00,5,2,3,FMN GV 22 Boechout
7,Victor Heylenlei 41,2021-12-31,01:00:00,0,0,0,FMN GV 22 Boechout
7,Victor Heylenlei 41,2021-12-31,02:00:00,2,1,1,FMN GV 22 Boechout
7,Victor Heylenlei 41,2021-12-31,03:00:00,0,0,0,FMN GV 22 Boechout
7,Victor Heylenlei 41,2021-12-31,04:00:00,0,0,0,FMN GV 22 Boechout
7,Victor Heylenlei 41,2021-12-31,05:00:00,3,1,2,FMN GV 22 Boechout
7,Victor Heylenlei 41,2021-12-31,06:00:00,6,5,1,FMN GV 22 Boechout
7,Victor Heylenlei 41,2021-12-31,07:00:00,7,5,2,FMN GV 22 Boechout
7,Victor Heylenlei 41,2021-12-31,08:00:00,30,19,11,FMN GV 22 Boechout
7,Victor Heylenlei 41,2021-12-31,09:00:00,42,17,25,FMN GV 22 Boechout
7,Victor Heylenlei 41,2021-12-31,10:00:00,75,23,52,FMN GV 22 Boechout
7,Victor Heylenlei 41,2021-12-31,11:00:00,82,37,45,FMN GV 22 Boechout
7,Victor Heylenlei 41,2021-12-31,12:00:00,103,57,46,FMN GV 22 Boechout
7,Victor Heylenlei 41,2021-12-31,13:00:00,78,48,30,FMN GV 22 Boechout
7,Victor Heylenlei 41,2021-12-31,14:00:00,102,47,55,FMN GV 22 Boechout
7,Victor Heylenlei 41,2021-12-31,15:00:00,78,47,31,FMN GV 22 Boechout
7,Victor Heylenlei 41,2021-12-31,16:00:00,39,20,19,FMN GV 22 Boechout
7,Victor Heylenlei 41,2021-12-31,17:00:00,42,25,17,FMN GV 22 Boechout
7,Victor Heylenlei 41,2021-12-31,18:00:00,18,12,6,FMN GV 22 Boechout
7,Victor Heylenlei 41,2021-12-31,19:00:00,9,7,2,FMN GV 22 Boechout
7,Victor Heylenlei 41,2021-12-31,20:00:00,7,3,4,FMN GV 22 Boechout
7,Victor Heylenlei 41,2021-12-31,21:00:00,5,2,3,FMN GV 22 Boechout
7,Victor Heylenlei 41,2021-12-31,22:00:00,5,1,4,FMN GV 22 Boechout
7,Victor Heylenlei 41,2021-12-31,23:00:00,8,2,6,FMN GV 22 Boechout
7,Victor Heylenlei 41,2022-01-01,00:00:00,31,17,14,FMN GV 22 Boechout
7,Victor Heylenlei 41,2022-01-01,01:00:00,5,2,3,FMN GV 22 Boechout
7,Victor Heylenlei 41,2022-01-01,02:00:00,8,6,2,FMN GV 22 Boechout
7,Victor Heylenlei 41,2022-01-01,03:00:00,4,3,1,FMN GV 22 Boechout
7,Victor Heylenlei 41,2022-01-01,04:00:00,9,0,9,FMN GV 22 Boechout
7,Victor Heylenlei 41,2022-01-01,05:00:00,7,5,2,FMN GV 22 Boechout
7,Victor Heylenlei 41,2022-01-01,06:00:00,2,0,2,FMN GV 22 Boechout
7,Victor Heylenlei 41,2022-01-01,07:00:00,3,0,3,FMN GV 22 Boechout
7,Victor Heylenlei 41,2022-01-01,08:00:00,7,1,6,FMN GV 22 Boechout
7,Victor Heylenlei 41,2022-01-01,09:00:00,21,11,10,FMN GV 22 Boechout
7,Victor Heylenlei 41,2022-01-01,10:00:00,40,19,21,FMN GV 22 Boechout
7,Victor Heylenlei 41,2022-01-01,11:00:00,43,19,24,FMN GV 22 Boechout
7,Victor Heylenlei 41,2022-01-01,12:00:00,66,30,36,FMN GV 22 Boechout
7,Victor Heylenlei 41,2022-01-01,13:00:00,134,63,71,FMN GV 22 Boechout
7,Victor Heylenlei 41,2022-01-01,14:00:00,135,71,64,FMN GV 22 Boechout
7,Victor Heylenlei 41,2022-01-01,15:00:00,133,87,46,FMN GV 22 Boechout
7,Victor Heylenlei 41,2022-01-01,16:00:00,110,60,50,FMN GV 22 Boechout
7,Victor Heylenlei 41,2022-01-01,17:00:00,163,90,73,FMN GV 22 Boechout
7,Victor Heylenlei 41,2022-01-01,18:00:00,9,6,3,FMN GV 22 Boechout
7,Victor Heylenlei 41,2022-01-01,19:00:00,9,6,3,FMN GV 22 Boechout
7,Victor Heylenlei 41,2022-01-01,20:00:00,5,4,1,FMN GV 22 Boechout
7,Victor Heylenlei 41,2022-01-01,21:00:00,9,3,6,FMN GV 22 Boechout
7,Victor Heylenlei 41,2022-01-01,22:00:00,3,0,3,FMN GV 22 Boechout
7,Victor Heylenlei 41,2022-01-01,23:00:00,4,3,1,FMN GV 22 Boechout
7,Victor Heylenlei 41,2022-01-02,00:00:00,1,1,0,FMN GV 22 Boechout
7,Victor Heylenlei 41,2022-01-02,01:00:00,0,0,0,FMN GV 22 Boechout
7,Victor Heylenlei 41,2022-01-02,02:00:00,0,0,0,FMN GV 22 Boechout
7,Victor Heylenlei 41,2022-01-02,03:00:00,0,0,0,FMN GV 22 Boechout
7,Victor Heylenlei 41,2022-01-02,04:00:00,1,1,0,FMN GV 22 Boechout
7,Victor Heylenlei 41,2022-01-02,05:00:00,0,0,0,FMN GV 22 Boechout
7,Victor Heylenlei 41,2022-01-02,06:00:00,3,2,1,FMN GV 22 Boechout
7,Victor Heylenlei 41,2022-01-02,07:00:00,3,0,3,FMN GV 22 Boechout
7,Victor Heylenlei 41,2022-01-02,08:00:00,7,1,6,FMN GV 22 Boechout
7,Victor Heylenlei 41,2022-01-02,09:00:00,41,20,21,FMN GV 22 Boechout
7,Victor Heylenlei 41,2022-01-02,10:00:00,48,26,22,FMN GV 22 Boechout
7,Victor Heylenlei 41,2022-01-02,11:00:00,88,49,39,FMN GV 22 Boechout
7,Victor Heylenlei 41,2022-01-02,12:00:00,55,30,25,FMN GV 22 Boechout
7,Victor Heylenlei 41,2022-01-02,13:00:00,82,51,31,FMN GV 22 Boechout
7,Victor Heylenlei 41,2022-01-02,14:00:00,77,45,32,FMN GV 22 Boechout
7,Victor Heylenlei 41,2022-01-02,15:00:00,64,43,21,FMN GV 22 Boechout
7,Victor Heylenlei 41,2022-01-02,16:00:00,50,24,26,FMN GV 22 Boechout
7,Victor Heylenlei 41,2022-01-02,17:00:00,26,13,13,FMN GV 22 Boechout
7,Victor Heylenlei 41,2022-01-02,18:00:00,9,5,4,FMN GV 22 Boechout
7,Victor Heylenlei 41,2022-01-02,19:00:00,5,2,3,FMN GV 22 Boechout
7,Victor Heylenlei 41,2022-01-02,20:00:00,8,8,0,FMN GV 22 Boechout
7,Victor Heylenlei 41,2022-01-02,21:00:00,3,2,1,FMN GV 22 Boechout
7,Victor Heylenlei 41,2022-01-02,22:00:00,10,3,7,FMN GV 22 Boechout
7,Victor Heylenlei 41,2022-01-02,23:00:00,2,0,2,FMN GV 22 Boechout
7,Victor Heylenlei 41,2022-01-03,00:00:00,2,0,2,FMN GV 22 Boechout
7,Victor Heylenlei 41,2022-01-03,01:00:00,1,1,0,FMN GV 22 Boechout
7,Victor Heylenlei 41,2022-01-03,02:00:00,1,1,0,FMN GV 22 Boechout
7,Victor Heylenlei 41,2022-01-03,03:00:00,0,0,0,FMN GV 22 Boechout
7,Victor Heylenlei 41,2022-01-03,04:00:00,0,0,0,FMN GV 22 Boechout
7,Victor Heylenlei 41,2022-01-03,05:00:00,5,2,3,FMN GV 22 Boechout
7,Victor Heylenlei 41,2022-01-03,06:00:00,12,6,6,FMN GV 22 Boechout
7,Victor Heylenlei 41,2022-01-03,07:00:00,30,20,10,FMN GV 22 Boechout
7,Victor Heylenlei 41,2022-01-03,08:00:00,25,19,6,FMN GV 22 Boechout
7,Victor Heylenlei 41,2022-01-03,09:00:00,26,15,11,FMN GV 22 Boechout
7,Victor Heylenlei 41,2022-01-03,10:00:00,27,13,14,FMN GV 22 Boechout
7,Victor Heylenlei 41,2022-01-03,11:00:00,40,24,16,FMN GV 22 Boechout
7,Victor Heylenlei 41,2022-01-03,12:00:00,34,11,23,FMN GV 22 Boechout
7,Victor Heylenlei 41,2022-01-03,13:00:00,26,12,14,FMN GV 22 Boechout
7,Victor Heylenlei 41,2022-01-03,14:00:00,31,13,18,FMN GV 22 Boechout
7,Victor Heylenlei 41,2022-01-03,15:00:00,24,13,11,FMN GV 22 Boechout
7,Victor Heylenlei 41,2022-01-03,16:00:00,43,15,28,FMN GV 22 Boechout
7,Victor Heylenlei 41,2022-01-03,17:00:00,45,20,25,FMN GV 22 Boechout
7,Victor Heylenlei 41,2022-01-03,18:00:00,29,11,18,FMN GV 22 Boechout
7,Victor Heylenlei 41,2022-01-03,19:00:00,13,4,9,FMN GV 22 Boechout
7,Victor Heylenlei 41,2022-01-03,20:00:00,13,5,8,FMN GV 22 Boechout
7,Victor Heylenlei 41,2022-01-03,21:00:00,9,3,6,FMN GV 22 Boechout
7,Victor Heylenlei 41,2022-01-03,22:00:00,6,5,1,FMN GV 22 Boechout
7,Victor Heylenlei 41,2022-01-03,23:00:00,1,1,0,FMN GV 22 Boechout
7,Victor Heylenlei 41,2022-01-04,00:00:00,1,1,0,FMN GV 22 Boechout
7,Victor Heylenlei 41,2022-01-04,01:00:00,2,1,1,FMN GV 22 Boechout
7,Victor Heylenlei 41,2022-01-04,02:00:00,0,0,0,FMN GV 22 Boechout
7,Victor Heylenlei 41,2022-01-04,03:00:00,1,1,0,FMN GV 22 Boechout
7,Victor Heylenlei 41,2022-01-04,04:00:00,1,1,0,FMN GV 22 Boechout
7,Victor Heylenlei 41,2022-01-04,05:00:00,7,5,2,FMN GV 22 Boechout
7,Victor Heylenlei 41,2022-01-04,06:00:00,14,9,5,FMN GV 22 Boechout
7,Victor Heylenlei 41,2022-01-04,07:00:00,27,17,10,FMN GV 22 Boechout
7,Victor Heylenlei 41,2022-01-04,08:00:00,48,35,13,FMN GV 22 Boechout
7,Victor Heylenlei 41,2022-01-04,09:00:00,18,10,8,FMN GV 22 Boechout
7,Victor Heylenlei 41,2022-01-04,10:00:00,26,12,14,FMN GV 22 Boechout
7,Victor Heylenlei 41,2022-01-04,11:00:00,12,6,6,FMN GV 22 Boechout
7,Victor Heylenlei 41,2022-01-04,12:00:00,29,19,10,FMN GV 22 Boechout
7,Victor Heylenlei 41,2022-01-04,13:00:00,16,7,9,FMN GV 22 Boechout
7,Victor Heylenlei 41,2022-01-04,14:00:00,8,3,5,FMN GV 22 Boechout
7,Victor Heylenlei 41,2022-01-04,15:00:00,26,15,11,FMN GV 22 Boechout
7,Victor Heylenlei 41,2022-01-04,16:00:00,37,14,23,FMN GV 22 Boechout
7,Victor Heylenlei 41,2022-01-04,17:00:00,44,13,31,FMN GV 22 Boechout
7,Victor Heylenlei 41,2022-01-04,18:00:00,21,8,13,FMN GV 22 Boechout
7,Victor Heylenlei 41,2022-01-04,19:00:00,13,2,11,FMN GV 22 Boechout
7,Victor Heylenlei 41,2022-01-04,20:00:00,14,10,4,FMN GV 22 Boechout
7,Victor Heylenlei 41,2022-01-04,21:00:00,6,1,5,FMN GV 22 Boechout
7,Victor Heylenlei 41,2022-01-04,22:00:00,7,5,2,FMN GV 22 Boechout
7,Victor Heylenlei 41,2022-01-04,23:00:00,8,1,7,FMN GV 22 Boechout
7,Victor Heylenlei 41,2022-01-05,00:00:00,1,1,0,FMN GV 22 Boechout
7,Victor Heylenlei 41,2022-01-05,01:00:00,0,0,0,FMN GV 22 Boechout
7,Victor Heylenlei 41,2022-01-05,02:00:00,0,0,0,FMN GV 22 Boechout
7,Victor Heylenlei 41,2022-01-05,03:00:00,3,3,0,FMN GV 22 Boechout
7,Victor Heylenlei 41,2022-01-05,04:00:00,1,1,0,FMN GV 22 Boechout
7,Victor Heylenlei 41,2022-01-05,05:00:00,9,5,4,FMN GV 22 Boechout
7,Victor Heylenlei 41,2022-01-05,06:00:00,17,9,8,FMN GV 22 Boechout
7,Victor Heylenlei 41,2022-01-05,07:00:00,40,27,13,FMN GV 22 Boechout
7,Victor Heylenlei 41,2022-01-05,08:00:00,37,25,12,FMN GV 22 Boechout
7,Victor Heylenlei 41,2022-01-05,09:00:00,25,13,12,FMN GV 22 Boechout
7,Victor Heylenlei 41,2022-01-05,10:00:00,22,13,9,FMN GV 22 Boechout
7,Victor Heylenlei 41,2022-01-05,11:00:00,25,14,11,FMN GV 22 Boechout
7,Victor Heylenlei 41,2022-01-05,12:00:00,25,13,12,FMN GV 22 Boechout
7,Victor Heylenlei 41,2022-01-05,13:00:00,35,18,17,FMN GV 22 Boechout
7,Victor Heylenlei 41,2022-01-05,14:00:00,44,19,25,FMN GV 22 Boechout
7,Victor Heylenlei 41,2022-01-05,15:00:00,49,23,26,FMN GV 22 Boechout
7,Victor Heylenlei 41,2022-01-05,16:00:00,54,23,31,FMN GV 22 Boechout
7,Victor Heylenlei 41,2022-01-05,17:00:00,37,14,23,FMN GV 22 Boechout
7,Victor Heylenlei 41,2022-01-05,18:00:00,26,10,16,FMN GV 22 Boechout
7,Victor Heylenlei 41,2022-01-05,19:00:00,13,2,11,FMN GV 22 Boechout
7,Victor Heylenlei 41,2022-01-05,20:00:00,12,2,10,FMN GV 22 Boechout
7,Victor Heylenlei 41,2022-01-05,21:00:00,2,1,1,FMN GV 22 Boechout
7,Victor Heylenlei 41,2022-01-05,22:00:00,10,7,3,FMN GV 22 Boechout
7,Victor Heylenlei 41,2022-01-05,23:00:00,4,2,2,FMN GV 22 Boechout
7,Victor Heylenlei 41,2022-01-06,00:00:00,0,0,0,FMN GV 22 Boechout
7,Victor Heylenlei 41,2022-01-06,01:00:00,1,1,0,FMN GV 22 Boechout
7,Victor Heylenlei 41,2022-01-06,02:00:00,5,1,4,FMN GV 22 Boechout
7,Victor Heylenlei 41,2022-01-06,03:00:00,2,2,0,FMN GV 22 Boechout
7,Victor Heylenlei 41,2022-01-06,04:00:00,0,0,0,FMN GV 22 Boechout
7,Victor Heylenlei 41,2022-01-06,05:00:00,8,3,5,FMN GV 22 Boechout
7,Victor Heylenlei 41,2022-01-06,06:00:00,21,15,6,FMN GV 22 Boechout
7,Victor Heylenlei 41,2022-01-06,07:00:00,44,27,17,FMN GV 22 Boechout
7,Victor Heylenlei 41,2022-01-06,08:00:00,43,32,11,FMN GV 22 Boechout
7,Victor Heylenlei 41,2022-01-06,09:00:00,31,18,13,FMN GV 22 Boechout
7,Victor Heylenlei 41,2022-01-06,10:00:00,26,13,13,FMN GV 22 Boechout
7,Victor Heylenlei 41,2022-01-06,11:00:00,50,20,30,FMN GV 22 Boechout
7,Victor Heylenlei 41,2022-01-06,12:00:00,53,27,26,FMN GV 22 Boechout
7,Victor Heylenlei 41,2022-01-06,13:00:00,94,62,32,FMN GV 22 Boechout
7,Victor Heylenlei 41,2022-01-06,14:00:00,106,55,51,FMN GV 22 Boechout
7,Victor Heylenlei 41,2022-01-06,15:00:00,79,39,40,FMN GV 22 Boechout
7,Victor Heylenlei 41,2022-01-06,16:00:00,79,37,42,FMN GV 22 Boechout
7,Victor Heylenlei 41,2022-01-06,17:00:00,79,37,42,FMN GV 22 Boechout
7,Victor Heylenlei 41,2022-01-06,18:00:00,33,12,21,FMN GV 22 Boechout
7,Victor Heylenlei 41,2022-01-06,19:00:00,22,9,13,FMN GV 22 Boechout
7,Victor Heylenlei 41,2022-01-06,20:00:00,12,3,9,FMN GV 22 Boechout
7,Victor Heylenlei 41,2022-01-06,21:00:00,13,7,6,FMN GV 22 Boechout
7,Victor Heylenlei 41,2022-01-06,22:00:00,12,7,5,FMN GV 22 Boechout
7,Victor Heylenlei 41,2022-01-06,23:00:00,8,4,4,FMN GV 22 Boechout
7,Victor Heylenlei 41,2022-01-07,00:00:00,3,1,2,FMN GV 22 Boechout
7,Victor Heylenlei 41,2022-01-07,01:00:00,1,0,1,FMN GV 22 Boechout
7,Victor Heylenlei 41,2022-01-07,02:00:00,3,3,0,FMN GV 22 Boechout
7,Victor Heylenlei 41,2022-01-07,03:00:00,0,0,0,FMN GV 22 Boechout
7,Victor Heylenlei 41,2022-01-07,04:00:00,1,1,0,FMN GV 22 Boechout
7,Victor Heylenlei 41,2022-01-07,05:00:00,5,1,4,FMN GV 22 Boechout
7,Victor Heylenlei 41,2022-01-07,06:00:00,12,10,2,FMN GV 22 Boechout
7,Victor Heylenlei 41,2022-01-07,07:00:00,28,16,12,FMN GV 22 Boechout
7,Victor Heylenlei 41,2022-01-07,08:00:00,31,17,14,FMN GV 22 Boechout
7,Victor Heylenlei 41,2022-01-07,09:00:00,23,13,10,FMN GV 22 Boechout
7,Victor Heylenlei 41,2022-01-07,10:00:00,29,10,19,FMN GV 22 Boechout
7,Victor Heylenlei 41,2022-01-07,11:00:00,37,19,18,FMN GV 22 Boechout
7,Victor Heylenlei 41,2022-01-07,12:00:00,29,17,12,FMN GV 22 Boechout
7,Victor Heylenlei 41,2022-01-07,13:00:00,32,20,12,FMN GV 22 Boechout
7,Victor Heylenlei 41,2022-01-07,14:00:00,50,19,31,FMN GV 22 Boechout
7,Victor Heylenlei 41,2022-01-07,15:00:00,36,14,22,FMN GV 22 Boechout
7,Victor Heylenlei 41,2022-01-07,16:00:00,35,16,19,FMN GV 22 Boechout
7,Victor Heylenlei 41,2022-01-07,17:00:00,44,21,23,FMN GV 22 Boechout
7,Victor Heylenlei 41,2022-01-07,18:00:00,29,11,18,FMN GV 22 Boechout
7,Victor Heylenlei 41,2022-01-07,19:00:00,9,2,7,FMN GV 22 Boechout
7,Victor Heylenlei 41,2022-01-07,20:00:00,13,5,8,FMN GV 22 Boechout
7,Victor Heylenlei 41,2022-01-07,21:00:00,11,5,6,FMN GV 22 Boechout
7,Victor Heylenlei 41,2022-01-07,22:00:00,9,5,4,FMN GV 22 Boechout
7,Victor Heylenlei 41,2022-01-07,23:00:00,10,6,4,FMN GV 22 Boechout
7,Victor Heylenlei 41,2022-01-08,00:00:00,6,3,3,FMN GV 22 Boechout
7,Victor Heylenlei 41,2022-01-08,01:00:00,6,5,1,FMN GV 22 Boechout
7,Victor Heylenlei 41,2022-01-08,02:00:00,2,2,0,FMN GV 22 Boechout
7,Victor Heylenlei 41,2022-01-08,03:00:00,2,2,0,FMN GV 22 Boechout
7,Victor Heylenlei 41,2022-01-08,04:00:00,4,4,0,FMN GV 22 Boechout
7,Victor Heylenlei 41,2022-01-08,05:00:00,5,4,1,FMN GV 22 Boechout
7,Victor Heylenlei 41,2022-01-08,06:00:00,1,0,1,FMN GV 22 Boechout
7,Victor Heylenlei 41,2022-01-08,07:00:00,1,1,0,FMN GV 22 Boechout
7,Victor Heylenlei 41,2022-01-08,08:00:00,10,3,7,FMN GV 22 Boechout
7,Victor Heylenlei 41,2022-01-08,09:00:00,42,10,32,FMN GV 22 Boechout
7,Victor Heylenlei 41,2022-01-08,10:00:00,34,17,17,FMN GV 22 Boechout
7,Victor Heylenlei 41,2022-01-08,11:00:00,51,38,13,FMN GV 22 Boechout
7,Victor Heylenlei 41,2022-01-08,12:00:00,35,23,12,FMN GV 22 Boechout
7,Victor Heylenlei 41,2022-01-08,13:00:00,17,10,7,FMN GV 22 Boechout
7,Victor Heylenlei 41,2022-01-08,14:00:00,15,3,12,FMN GV 22 Boechout
7,Victor Heylenlei 41,2022-01-08,15:00:00,13,7,6,FMN GV 22 Boechout
7,Victor Heylenlei 41,2022-01-08,16:00:00,7,4,3,FMN GV 22 Boechout
7,Victor Heylenlei 41,2022-01-08,17:00:00,7,3,4,FMN GV 22 Boechout
7,Victor Heylenlei 41,2022-01-08,18:00:00,14,8,6,FMN GV 22 Boechout
7,Victor Heylenlei 41,2022-01-08,19:00:00,4,1,3,FMN GV 22 Boechout
7,Victor Heylenlei 41,2022-01-08,20:00:00,2,1,1,FMN GV 22 Boechout
7,Victor Heylenlei 41,2022-01-08,21:00:00,2,2,0,FMN GV 22 Boechout
7,Victor Heylenlei 41,2022-01-08,22:00:00,3,1,2,FMN GV 22 Boechout
7,Victor Heylenlei 41,2022-01-08,23:00:00,0,0,0,FMN GV 22 Boechout
7,Victor Heylenlei 41,2022-01-09,00:00:00,1,0,1,FMN GV 22 Boechout
7,Victor Heylenlei 41,2022-01-09,01:00:00,1,1,0,FMN GV 22 Boechout
7,Victor Heylenlei 41,2022-01-09,02:00:00,0,0,0,FMN GV 22 Boechout
7,Victor Heylenlei 41,2022-01-09,03:00:00,2,0,2,FMN GV 22 Boechout
7,Victor Heylenlei 41,2022-01-09,04:00:00,1,1,0,FMN GV 22 Boechout
7,Victor Heylenlei 41,2022-01-09,05:00:00,1,1,0,FMN GV 22 Boechout
7,Victor Heylenlei 41,2022-01-09,06:00:00,4,3,1,FMN GV 22 Boechout
7,Victor Heylenlei 41,2022-01-09,07:00:00,3,0,3,FMN GV 22 Boechout
7,Victor Heylenlei 41,2022-01-09,08:00:00,10,7,3,FMN GV 22 Boechout
7,Victor Heylenlei 41,2022-01-09,09:00:00,71,46,25,FMN GV 22 Boechout
7,Victor Heylenlei 41,2022-01-09,10:00:00,72,21,51,FMN GV 22 Boechout
7,Victor Heylenlei 41,2022-01-09,11:00:00,79,50,29,FMN GV 22 Boechout
7,Victor Heylenlei 41,2022-01-09,12:00:00,82,41,41,FMN GV 22 Boechout
7,Victor Heylenlei 41,2022-01-09,13:00:00,82,34,48,FMN GV 22 Boechout
7,Victor Heylenlei 41,2022-01-09,14:00:00,92,44,48,FMN GV 22 Boechout
7,Victor Heylenlei 41,2022-01-09,15:00:00,71,51,20,FMN GV 22 Boechout
7,Victor Heylenlei 41,2022-01-09,16:00:00,63,39,24,FMN GV 22 Boechout
7,Victor Heylenlei 41,2022-01-09,17:00:00,27,11,16,FMN GV 22 Boechout
7,Victor Heylenlei 41,2022-01-09,18:00:00,24,15,9,FMN GV 22 Boechout
7,Victor Heylenlei 41,2022-01-09,19:00:00,6,4,2,FMN GV 22 Boechout
7,Victor Heylenlei 41,2022-01-09,20:00:00,13,8,5,FMN GV 22 Boechout
7,Victor Heylenlei 41,2022-01-09,21:00:00,6,4,2,FMN GV 22 Boechout
7,Victor Heylenlei 41,2022-01-09,22:00:00,2,0,2,FMN GV 22 Boechout
7,Victor Heylenlei 41,2022-01-09,23:00:00,2,1,1,FMN GV 22 Boechout
7,Victor Heylenlei 41,2022-01-10,00:00:00,0,0,0,FMN GV 22 Boechout
7,Victor Heylenlei 41,2022-01-10,01:00:00,1,0,1,FMN GV 22 Boechout
7,Victor Heylenlei 41,2022-01-10,02:00:00,0,0,0,FMN GV 22 Boechout
7,Victor Heylenlei 41,2022-01-10,03:00:00,0,0,0,FMN GV 22 Boechout
7,Victor Heylenlei 41,2022-01-10,04:00:00,2,2,0,FMN GV 22 Boechout
7,Victor Heylenlei 41,2022-01-10,05:00:00,11,6,5,FMN GV 22 Boechout
7,Victor Heylenlei 41,2022-01-10,06:00:00,28,23,5,FMN GV 22 Boechout
7,Victor Heylenlei 41,2022-01-10,07:00:00,117,83,34,FMN GV 22 Boechout
7,Victor Heylenlei 41,2022-01-10,08:00:00,167,64,103,FMN GV 22 Boechout
7,Victor Heylenlei 41,2022-01-10,09:00:00,34,20,14,FMN GV 22 Boechout
7,Victor Heylenlei 41,2022-01-10,10:00:00,28,14,14,FMN GV 22 Boechout
7,Victor Heylenlei 41,2022-01-10,11:00:00,20,12,8,FMN GV 22 Boechout
7,Victor Heylenlei 41,2022-01-10,12:00:00,35,19,16,FMN GV 22 Boechout
7,Victor Heylenlei 41,2022-01-10,13:00:00,42,16,26,FMN GV 22 Boechout
7,Victor Heylenlei 41,2022-01-10,14:00:00,59,29,30,FMN GV 22 Boechout
7,Victor Heylenlei 41,2022-01-10,15:00:00,66,28,38,FMN GV 22 Boechout
7,Victor Heylenlei 41,2022-01-10,16:00:00,175,112,63,FMN GV 22 Boechout
7,Victor Heylenlei 41,2022-01-10,17:00:00,92,35,57,FMN GV 22 Boechout
7,Victor Heylenlei 41,2022-01-10,18:00:00,31,6,25,FMN GV 22 Boechout
7,Victor Heylenlei 41,2022-01-10,19:00:00,16,4,12,FMN GV 22 Boechout
7,Victor Heylenlei 41,2022-01-10,20:00:00,15,7,8,FMN GV 22 Boechout
7,Victor Heylenlei 41,2022-01-10,21:00:00,10,5,5,FMN GV 22 Boechout
7,Victor Heylenlei 41,2022-01-10,22:00:00,7,2,5,FMN GV 22 Boechout
7,Victor Heylenlei 41,2022-01-10,23:00:00,2,1,1,FMN GV 22 Boechout
7,Victor Heylenlei 41,2022-01-11,00:00:00,0,0,0,FMN GV 22 Boechout
7,Victor Heylenlei 41,2022-01-11,01:00:00,1,0,1,FMN GV 22 Boechout
7,Victor Heylenlei 41,2022-01-11,02:00:00,0,0,0,FMN GV 22 Boechout
7,Victor Heylenlei 41,2022-01-11,03:00:00,0,0,0,FMN GV 22 Boechout
7,Victor Heylenlei 41,2022-01-11,04:00:00,1,1,0,FMN GV 22 Boechout
7,Victor Heylenlei 41,2022-01-11,05:00:00,15,10,5,FMN GV 22 Boechout
7,Victor Heylenlei 41,2022-01-11,06:00:00,19,15,4,FMN GV 22 Boechout
7,Victor Heylenlei 41,2022-01-11,07:00:00,101,74,27,FMN GV 22 Boechout
7,Victor Heylenlei 41,2022-01-11,08:00:00,187,71,116,FMN GV 22 Boechout
7,Victor Heylenlei 41,2022-01-11,09:00:00,36,23,13,FMN GV 22 Boechout
7,Victor Heylenlei 41,2022-01-11,10:00:00,25,14,11,FMN GV 22 Boechout
7,Victor Heylenlei 41,2022-01-11,11:00:00,36,15,21,FMN GV 22 Boechout
7,Victor Heylenlei 41,2022-01-11,12:00:00,36,17,19,FMN GV 22 Boechout
7,Victor Heylenlei 41,2022-01-11,13:00:00,77,34,43,FMN GV 22 Boechout
7,Victor Heylenlei 41,2022-01-11,14:00:00,59,22,37,FMN GV 22 Boechout
7,Victor Heylenlei 41,2022-01-11,15:00:00,102,53,49,FMN GV 22 Boechout
7,Victor Heylenlei 41,2022-01-11,16:00:00,224,157,67,FMN GV 22 Boechout
7,Victor Heylenlei 41,2022-01-11,17:00:00,77,22,55,FMN GV 22 Boechout
7,Victor Heylenlei 41,2022-01-11,18:00:00,54,16,38,FMN GV 22 Boechout
7,Victor Heylenlei 41,2022-01-11,19:00:00,23,9,14,FMN GV 22 Boechout
7,Victor Heylenlei 41,2022-01-11,20:00:00,20,9,11,FMN GV 22 Boechout
7,Victor Heylenlei 41,2022-01-11,21:00:00,20,7,13,FMN GV 22 Boechout
7,Victor Heylenlei 41,2022-01-11,22:00:00,12,7,5,FMN GV 22 Boechout
7,Victor Heylenlei 41,2022-01-11,23:00:00,3,2,1,FMN GV 22 Boechout
7,Victor Heylenlei 41,2022-01-12,00:00:00,1,0,1,FMN GV 22 Boechout
7,Victor Heylenlei 41,2022-01-12,01:00:00,2,1,1,FMN GV 22 Boechout
7,Victor Heylenlei 41,2022-01-12,02:00:00,2,1,1,FMN GV 22 Boechout
7,Victor Heylenlei 41,2022-01-12,03:00:00,0,0,0,FMN GV 22 Boechout
7,Victor Heylenlei 41,2022-01-12,04:00:00,3,3,0,FMN GV 22 Boechout
7,Victor Heylenlei 41,2022-01-12,05:00:00,14,8,6,FMN GV 22 Boechout
7,Victor Heylenlei 41,2022-01-12,06:00:00,24,21,3,FMN GV 22 Boechout
7,Victor Heylenlei 41,2022-01-12,07:00:00,85,62,23,FMN GV 22 Boechout
7,Victor Heylenlei 41,2022-01-12,08:00:00,190,65,125,FMN GV 22 Boechout
7,Victor Heylenlei 41,2022-01-12,09:00:00,32,16,16,FMN GV 22 Boechout
7,Victor Heylenlei 41,2022-01-12,10:00:00,20,12,8,FMN GV 22 Boechout
7,Victor Heylenlei 41,2022-01-12,11:00:00,22,14,8,FMN GV 22 Boechout
7,Victor Heylenlei 41,2022-01-12,12:00:00,144,112,32,FMN GV 22 Boechout
7,Victor Heylenlei 41,2022-01-12,13:00:00,66,20,46,FMN GV 22 Boechout
7,Victor Heylenlei 41,2022-01-12,14:00:00,55,21,34,FMN GV 22 Boechout
7,Victor Heylenlei 41,2022-01-12,15:00:00,62,28,34,FMN GV 22 Boechout
7,Victor Heylenlei 41,2022-01-12,16:00:00,76,35,41,FMN GV 22 Boechout
7,Victor Heylenlei 41,2022-01-12,17:00:00,66,18,48,FMN GV 22 Boechout
7,Victor Heylenlei 41,2022-01-12,18:00:00,43,20,23,FMN GV 22 Boechout
7,Victor Heylenlei 41,2022-01-12,19:00:00,36,16,20,FMN GV 22 Boechout
7,Victor Heylenlei 41,2022-01-12,20:00:00,11,4,7,FMN GV 22 Boechout
7,Victor Heylenlei 41,2022-01-12,21:00:00,11,4,7,FMN GV 22 Boechout
7,Victor Heylenlei 41,2022-01-12,22:00:00,8,2,6,FMN GV 22 Boechout
7,Victor Heylenlei 41,2022-01-12,23:00:00,6,2,4,FMN GV 22 Boechout
7,Victor Heylenlei 41,2022-01-13,00:00:00,0,0,0,FMN GV 22 Boechout
7,Victor Heylenlei 41,2022-01-13,01:00:00,0,0,0,FMN GV 22 Boechout
7,Victor Heylenlei 41,2022-01-13,02:00:00,1,1,0,FMN GV 22 Boechout
7,Victor Heylenlei 41,2022-01-13,03:00:00,0,0,0,FMN GV 22 Boechout
7,Victor Heylenlei 41,2022-01-13,04:00:00,0,0,0,FMN GV 22 Boechout
7,Victor Heylenlei 41,2022-01-13,05:00:00,8,3,5,FMN GV 22 Boechout
7,Victor Heylenlei 41,2022-01-13,06:00:00,26,23,3,FMN GV 22 Boechout
7,Victor Heylenlei 41,2022-01-13,07:00:00,84,61,23,FMN GV 22 Boechout
7,Victor Heylenlei 41,2022-01-13,08:00:00,198,67,131,FMN GV 22 Boechout
7,Victor Heylenlei 41,2022-01-13,09:00:00,29,18,11,FMN GV 22 Boechout
7,Victor Heylenlei 41,2022-01-13,10:00:00,19,9,10,FMN GV 22 Boechout
7,Victor Heylenlei 41,2022-01-13,11:00:00,43,30,13,FMN GV 22 Boechout
7,Victor Heylenlei 41,2022-01-13,12:00:00,38,17,21,FMN GV 22 Boechout
7,Victor Heylenlei 41,2022-01-13,13:00:00,46,16,30,FMN GV 22 Boechout
7,Victor Heylenlei 41,2022-01-13,14:00:00,35,15,20,FMN GV 22 Boechout
7,Victor Heylenlei 41,2022-01-13,15:00:00,62,28,34,FMN GV 22 Boechout
7,Victor Heylenlei 41,2022-01-13,16:00:00,170,125,45,FMN GV 22 Boechout
7,Victor Heylenlei 41,2022-01-13,17:00:00,94,31,63,FMN GV 22 Boechout
7,Victor Heylenlei 41,2022-01-13,18:00:00,44,15,29,FMN GV 22 Boechout
7,Victor Heylenlei 41,2022-01-13,19:00:00,20,7,13,FMN GV 22 Boechout
7,Victor Heylenlei 41,2022-01-13,20:00:00,10,3,7,FMN GV 22 Boechout
7,Victor Heylenlei 41,2022-01-13,21:00:00,14,7,7,FMN GV 22 Boechout
7,Victor Heylenlei 41,2022-01-13,22:00:00,14,3,11,FMN GV 22 Boechout
7,Victor Heylenlei 41,2022-01-13,23:00:00,3,2,1,FMN GV 22 Boechout
7,Victor Heylenlei 41,2022-01-14,00:00:00,3,1,2,FMN GV 22 Boechout
7,Victor Heylenlei 41,2022-01-14,01:00:00,2,1,1,FMN GV 22 Boechout
7,Victor Heylenlei 41,2022-01-14,02:00:00,1,0,1,FMN GV 22 Boechout
7,Victor Heylenlei 41,2022-01-14,03:00:00,1,1,0,FMN GV 22 Boechout
7,Victor Heylenlei 41,2022-01-14,04:00:00,1,1,0,FMN GV 22 Boechout
7,Victor Heylenlei 41,2022-01-14,05:00:00,10,4,6,FMN GV 22 Boechout
7,Victor Heylenlei 41,2022-01-14,06:00:00,23,20,3,FMN GV 22 Boechout
7,Victor Heylenlei 41,2022-01-14,07:00:00,79,58,21,FMN GV 22 Boechout
7,Victor Heylenlei 41,2022-01-14,08:00:00,174,60,114,FMN GV 22 Boechout
7,Victor Heylenlei 41,2022-01-14,09:00:00,29,12,17,FMN GV 22 Boechout
7,Victor Heylenlei 41,2022-01-14,10:00:00,45,30,15,FMN GV 22 Boechout
7,Victor Heylenlei 41,2022-01-14,11:00:00,47,19,28,FMN GV 22 Boechout
7,Victor Heylenlei 41,2022-01-14,12:00:00,52,33,19,FMN GV 22 Boechout
7,Victor Heylenlei 41,2022-01-14,13:00:00,70,32,38,FMN GV 22 Boechout
7,Victor Heylenlei 41,2022-01-14,14:00:00,70,30,40,FMN GV 22 Boechout
7,Victor Heylenlei 41,2022-01-14,15:00:00,61,27,34,FMN GV 22 Boechout
7,Victor Heylenlei 41,2022-01-14,16:00:00,155,111,44,FMN GV 22 Boechout
7,Victor Heylenlei 41,2022-01-14,17:00:00,67,25,42,FMN GV 22 Boechout
7,Victor Heylenlei 41,2022-01-14,18:00:00,39,17,22,FMN GV 22 Boechout
7,Victor Heylenlei 41,2022-01-14,19:00:00,24,10,14,FMN GV 22 Boechout
7,Victor Heylenlei 41,2022-01-14,20:00:00,7,3,4,FMN GV 22 Boechout
7,Victor Heylenlei 41,2022-01-14,21:00:00,17,6,11,FMN GV 22 Boechout
7,Victor Heylenlei 41,2022-01-14,22:00:00,13,3,10,FMN GV 22 Boechout
7,Victor Heylenlei 41,2022-01-14,23:00:00,6,3,3,FMN GV 22 Boechout
7,Victor Heylenlei 41,2022-01-15,00:00:00,8,1,7,FMN GV 22 Boechout
7,Victor Heylenlei 41,2022-01-15,01:00:00,5,2,3,FMN GV 22 Boechout
7,Victor Heylenlei 41,2022-01-15,02:00:00,3,2,1,FMN GV 22 Boechout
7,Victor Heylenlei 41,2022-01-15,03:00:00,1,0,1,FMN GV 22 Boechout
7,Victor Heylenlei 41,2022-01-15,04:00:00,2,1,1,FMN GV 22 Boechout
7,Victor Heylenlei 41,2022-01-15,05:00:00,1,0,1,FMN GV 22 Boechout
7,Victor Heylenlei 41,2022-01-15,06:00:00,4,2,2,FMN GV 22 Boechout
7,Victor Heylenlei 41,2022-01-15,07:00:00,4,1,3,FMN GV 22 Boechout
7,Victor Heylenlei 41,2022-01-15,08:00:00,10,2,8,FMN GV 22 Boechout
7,Victor Heylenlei 41,2022-01-15,09:00:00,31,16,15,FMN GV 22 Boechout
7,Victor Heylenlei 41,2022-01-15,10:00:00,62,28,34,FMN GV 22 Boechout
7,Victor Heylenlei 41,2022-01-15,11:00:00,59,34,25,FMN GV 22 Boechout
7,Victor Heylenlei 41,2022-01-15,12:00:00,75,47,28,FMN GV 22 Boechout
7,Victor Heylenlei 41,2022-01-15,13:00:00,98,53,45,FMN GV 22 Boechout
7,Victor Heylenlei 41,2022-01-15,14:00:00,147,71,76,FMN GV 22 Boechout
7,Victor Heylenlei 41,2022-01-15,15:00:00,269,132,137,FMN GV 22 Boechout
7,Victor Heylenlei 41,2022-01-15,16:00:00,67,47,20,FMN GV 22 Boechout
7,Victor Heylenlei 41,2022-01-15,17:00:00,39,19,20,FMN GV 22 Boechout
7,Victor Heylenlei 41,2022-01-15,18:00:00,20,7,13,FMN GV 22 Boechout
7,Victor Heylenlei 41,2022-01-15,19:00:00,14,6,8,FMN GV 22 Boechout
7,Victor Heylenlei 41,2022-01-15,20:00:00,5,1,4,FMN GV 22 Boechout
7,Victor Heylenlei 41,2022-01-15,21:00:00,8,4,4,FMN GV 22 Boechout
7,Victor Heylenlei 41,2022-01-15,22:00:00,4,2,2,FMN GV 22 Boechout
7,Victor Heylenlei 41,2022-01-15,23:00:00,10,4,6,FMN GV 22 Boechout
7,Victor Heylenlei 41,2022-01-16,00:00:00,10,4,6,FMN GV 22 Boechout
7,Victor Heylenlei 41,2022-01-16,01:00:00,8,4,4,FMN GV 22 Boechout
7,Victor Heylenlei 41,2022-01-16,02:00:00,2,0,2,FMN GV 22 Boechout
7,Victor Heylenlei 41,2022-01-16,03:00:00,1,0,1,FMN GV 22 Boechout
7,Victor Heylenlei 41,2022-01-16,04:00:00,1,1,0,FMN GV 22 Boechout
7,Victor Heylenlei 41,2022-01-16,05:00:00,2,1,1,FMN GV 22 Boechout
7,Victor Heylenlei 41,2022-01-16,06:00:00,5,4,1,FMN GV 22 Boechout
7,Victor Heylenlei 41,2022-01-16,07:00:00,6,4,2,FMN GV 22 Boechout
7,Victor Heylenlei 41,2022-01-16,08:00:00,14,10,4,FMN GV 22 Boechout
7,Victor Heylenlei 41,2022-01-16,09:00:00,61,28,33,FMN GV 22 Boechout
7,Victor Heylenlei 41,2022-01-16,10:00:00,48,16,32,FMN GV 22 Boechout
7,Victor Heylenlei 41,2022-01-16,11:00:00,54,32,22,FMN GV 22 Boechout
7,Victor Heylenlei 41,2022-01-16,12:00:00,63,48,15,FMN GV 22 Boechout
7,Victor Heylenlei 41,2022-01-16,13:00:00,37,20,17,FMN GV 22 Boechout
7,Victor Heylenlei 41,2022-01-16,14:00:00,47,19,28,FMN GV 22 Boechout
7,Victor Heylenlei 41,2022-01-16,15:00:00,35,25,10,FMN GV 22 Boechout
7,Victor Heylenlei 41,2022-01-16,16:00:00,45,26,19,FMN GV 22 Boechout
7,Victor Heylenlei 41,2022-01-16,17:00:00,32,20,12,FMN GV 22 Boechout
7,Victor Heylenlei 41,2022-01-16,18:00:00,10,4,6,FMN GV 22 Boechout
7,Victor Heylenlei 41,2022-01-16,19:00:00,8,3,5,FMN GV 22 Boechout
7,Victor Heylenlei 41,2022-01-16,20:00:00,2,1,1,FMN GV 22 Boechout
7,Victor Heylenlei 41,2022-01-16,21:00:00,4,0,4,FMN GV 22 Boechout
7,Victor Heylenlei 41,2022-01-16,22:00:00,4,0,4,FMN GV 22 Boechout
7,Victor Heylenlei 41,2022-01-16,23:00:00,2,0,2,FMN GV 22 Boechout
7,Victor Heylenlei 41,2022-01-17,00:00:00,0,0,0,FMN GV 22 Boechout
7,Victor Heylenlei 41,2022-01-17,01:00:00,2,1,1,FMN GV 22 Boechout
7,Victor Heylenlei 41,2022-01-17,02:00:00,1,1,0,FMN GV 22 Boechout
7,Victor Heylenlei 41,2022-01-17,03:00:00,0,0,0,FMN GV 22 Boechout
7,Victor Heylenlei 41,2022-01-17,04:00:00,1,1,0,FMN GV 22 Boechout
7,Victor Heylenlei 41,2022-01-17,05:00:00,8,6,2,FMN GV 22 Boechout
7,Victor Heylenlei 41,2022-01-17,06:00:00,20,15,5,FMN GV 22 Boechout
7,Victor Heylenlei 41,2022-01-17,07:00:00,100,76,24,FMN GV 22 Boechout
7,Victor Heylenlei 41,2022-01-17,08:00:00,194,79,115,FMN GV 22 Boechout
7,Victor Heylenlei 41,2022-01-17,09:00:00,32,16,16,FMN GV 22 Boechout
7,Victor Heylenlei 41,2022-01-17,10:00:00,33,16,17,FMN GV 22 Boechout
7,Victor Heylenlei 41,2022-01-17,11:00:00,25,16,9,FMN GV 22 Boechout
7,Victor Heylenlei 41,2022-01-17,12:00:00,53,31,22,FMN GV 22 Boechout
7,Victor Heylenlei 41,2022-01-17,13:00:00,53,18,35,FMN GV 22 Boechout
7,Victor Heylenlei 41,2022-01-17,14:00:00,65,36,29,FMN GV 22 Boechout
7,Victor Heylenlei 41,2022-01-17,15:00:00,98,47,51,FMN GV 22 Boechout
7,Victor Heylenlei 41,2022-01-17,16:00:00,178,109,69,FMN GV 22 Boechout
7,Victor Heylenlei 41,2022-01-17,17:00:00,103,42,61,FMN GV 22 Boechout
7,Victor Heylenlei 41,2022-01-17,18:00:00,41,16,25,FMN GV 22 Boechout
7,Victor Heylenlei 41,2022-01-17,19:00:00,27,11,16,FMN GV 22 Boechout
7,Victor Heylenlei 41,2022-01-17,20:00:00,22,10,12,FMN GV 22 Boechout
7,Victor Heylenlei 41,2022-01-17,21:00:00,21,6,15,FMN GV 22 Boechout
7,Victor Heylenlei 41,2022-01-17,22:00:00,14,4,10,FMN GV 22 Boechout
7,Victor Heylenlei 41,2022-01-17,23:00:00,2,0,2,FMN GV 22 Boechout
7,Victor Heylenlei 41,2022-01-18,00:00:00,0,0,0,FMN GV 22 Boechout
7,Victor Heylenlei 41,2022-01-18,01:00:00,0,0,0,FMN GV 22 Boechout
7,Victor Heylenlei 41,2022-01-18,02:00:00,0,0,0,FMN GV 22 Boechout
7,Victor Heylenlei 41,2022-01-18,03:00:00,1,1,0,FMN GV 22 Boechout
7,Victor Heylenlei 41,2022-01-18,04:00:00,3,3,0,FMN GV 22 Boechout
7,Victor Heylenlei 41,2022-01-18,05:00:00,10,6,4,FMN GV 22 Boechout
7,Victor Heylenlei 41,2022-01-18,06:00:00,27,21,6,FMN GV 22 Boechout
7,Victor Heylenlei 41,2022-01-18,07:00:00,96,65,31,FMN GV 22 Boechout
7,Victor Heylenlei 41,2022-01-18,08:00:00,176,65,111,FMN GV 22 Boechout
7,Victor Heylenlei 41,2022-01-18,09:00:00,31,21,10,FMN GV 22 Boechout
7,Victor Heylenlei 41,2022-01-18,10:00:00,34,15,19,FMN GV 22 Boechout
7,Victor Heylenlei 41,2022-01-18,11:00:00,27,16,11,FMN GV 22 Boechout
7,Victor Heylenlei 41,2022-01-18,12:00:00,49,25,24,FMN GV 22 Boechout
7,Victor Heylenlei 41,2022-01-18,13:00:00,85,35,50,FMN GV 22 Boechout
7,Victor Heylenlei 41,2022-01-18,14:00:00,82,41,41,FMN GV 22 Boechout
7,Victor Heylenlei 41,2022-01-18,15:00:00,77,36,41,FMN GV 22 Boechout
7,Victor Heylenlei 41,2022-01-18,16:00:00,210,132,78,FMN GV 22 Boechout
7,Victor Heylenlei 41,2022-01-18,17:00:00,96,31,65,FMN GV 22 Boechout
7,Victor Heylenlei 41,2022-01-18,18:00:00,44,10,34,FMN GV 22 Boechout
7,Victor Heylenlei 41,2022-01-18,19:00:00,26,10,16,FMN GV 22 Boechout
7,Victor Heylenlei 41,2022-01-18,20:00:00,22,10,12,FMN GV 22 Boechout
7,Victor Heylenlei 41,2022-01-18,21:00:00,14,8,6,FMN GV 22 Boechout
7,Victor Heylenlei 41,2022-01-18,22:00:00,21,13,8,FMN GV 22 Boechout
7,Victor Heylenlei 41,2022-01-18,23:00:00,4,1,3,FMN GV 22 Boechout
7,Victor Heylenlei 41,2022-01-19,00:00:00,2,1,1,FMN GV 22 Boechout
7,Victor Heylenlei 41,2022-01-19,01:00:00,2,1,1,FMN GV 22 Boechout
7,Victor Heylenlei 41,2022-01-19,02:00:00,1,1,0,FMN GV 22 Boechout
7,Victor Heylenlei 41,2022-01-19,03:00:00,0,0,0,FMN GV 22 Boechout
7,Victor Heylenlei 41,2022-01-19,04:00:00,3,2,1,FMN GV 22 Boechout
7,Victor Heylenlei 41,2022-01-19,05:00:00,7,4,3,FMN GV 22 Boechout
7,Victor Heylenlei 41,2022-01-19,06:00:00,26,20,6,FMN GV 22 Boechout
7,Victor Heylenlei 41,2022-01-19,07:00:00,73,50,23,FMN GV 22 Boechout
7,Victor Heylenlei 41,2022-01-19,08:00:00,162,56,106,FMN GV 22 Boechout
7,Victor Heylenlei 41,2022-01-19,09:00:00,42,23,19,FMN GV 22 Boechout
7,Victor Heylenlei 41,2022-01-19,10:00:00,36,19,17,FMN GV 22 Boechout
7,Victor Heylenlei 41,2022-01-19,11:00:00,34,20,14,FMN GV 22 Boechout
7,Victor Heylenlei 41,2022-01-19,12:00:00,130,95,35,FMN GV 22 Boechout
7,Victor Heylenlei 41,2022-01-19,13:00:00,61,28,33,FMN GV 22 Boechout
7,Victor Heylenlei 41,2022-01-19,14:00:00,32,12,20,FMN GV 22 Boechout
7,Victor Heylenlei 41,2022-01-19,15:00:00,73,28,45,FMN GV 22 Boechout
7,Victor Heylenlei 41,2022-01-19,16:00:00,57,19,38,FMN GV 22 Boechout
7,Victor Heylenlei 41,2022-01-19,17:00:00,62,23,39,FMN GV 22 Boechout
7,Victor Heylenlei 41,2022-01-19,18:00:00,32,13,19,FMN GV 22 Boechout
7,Victor Heylenlei 41,2022-01-19,19:00:00,19,11,8,FMN GV 22 Boechout
7,Victor Heylenlei 41,2022-01-19,20:00:00,6,4,2,FMN GV 22 Boechout
7,Victor Heylenlei 41,2022-01-19,21:00:00,6,6,0,FMN GV 22 Boechout
7,Victor Heylenlei 41,2022-01-19,22:00:00,16,9,7,FMN GV 22 Boechout
7,Victor Heylenlei 41,2022-01-19,23:00:00,3,2,1,FMN GV 22 Boechout
7,Victor Heylenlei 41,2022-01-20,00:00:00,2,1,1,FMN GV 22 Boechout
7,Victor Heylenlei 41,2022-01-20,01:00:00,1,1,0,FMN GV 22 Boechout
7,Victor Heylenlei 41,2022-01-20,02:00:00,0,0,0,FMN GV 22 Boechout
7,Victor Heylenlei 41,2022-01-20,03:00:00,0,0,0,FMN GV 22 Boechout
7,Victor Heylenlei 41,2022-01-20,04:00:00,2,1,1,FMN GV 22 Boechout
7,Victor Heylenlei 41,2022-01-20,05:00:00,6,3,3,FMN GV 22 Boechout
7,Victor Heylenlei 41,2022-01-20,06:00:00,18,12,6,FMN GV 22 Boechout
7,Victor Heylenlei 41,2022-01-20,07:00:00,72,51,21,FMN GV 22 Boechout
7,Victor Heylenlei 41,2022-01-20,08:00:00,168,65,103,FMN GV 22 Boechout
7,Victor Heylenlei 41,2022-01-20,09:00:00,26,12,14,FMN GV 22 Boechout
7,Victor Heylenlei 41,2022-01-20,10:00:00,34,20,14,FMN GV 22 Boechout
7,Victor Heylenlei 41,2022-01-20,11:00:00,26,16,10,FMN GV 22 Boechout
7,Victor Heylenlei 41,2022-01-20,12:00:00,694,344,350,FMN GV 22 Boechout
7,Victor Heylenlei 41,2022-01-20,13:00:00,37,17,20,FMN GV 22 Boechout
7,Victor Heylenlei 41,2022-01-20,14:00:00,46,27,19,FMN GV 22 Boechout
7,Victor Heylenlei 41,2022-01-20,15:00:00,74,39,35,FMN GV 22 Boechout
7,Victor Heylenlei 41,2022-01-20,16:00:00,139,82,57,FMN GV 22 Boechout
7,Victor Heylenlei 41,2022-01-20,17:00:00,77,21,56,FMN GV 22 Boechout
7,Victor Heylenlei 41,2022-01-20,18:00:00,51,18,33,FMN GV 22 Boechout
7,Victor Heylenlei 41,2022-01-20,19:00:00,15,7,8,FMN GV 22 Boechout
7,Victor Heylenlei 41,2022-01-20,20:00:00,15,5,10,FMN GV 22 Boechout
7,Victor Heylenlei 41,2022-01-20,21:00:00,3,3,0,FMN GV 22 Boechout
7,Victor Heylenlei 41,2022-01-20,22:00:00,7,3,4,FMN GV 22 Boechout
7,Victor Heylenlei 41,2022-01-20,23:00:00,5,2,3,FMN GV 22 Boechout
7,Victor Heylenlei 41,2022-01-21,00:00:00,3,1,2,FMN GV 22 Boechout
7,Victor Heylenlei 41,2022-01-21,01:00:00,3,2,1,FMN GV 22 Boechout
7,Victor Heylenlei 41,2022-01-21,02:00:00,0,0,0,FMN GV 22 Boechout
7,Victor Heylenlei 41,2022-01-21,03:00:00,0,0,0,FMN GV 22 Boechout
7,Victor Heylenlei 41,2022-01-21,04:00:00,3,3,0,FMN GV 22 Boechout
7,Victor Heylenlei 41,2022-01-21,05:00:00,7,3,4,FMN GV 22 Boechout
7,Victor Heylenlei 41,2022-01-21,06:00:00,22,14,8,FMN GV 22 Boechout
7,Victor Heylenlei 41,2022-01-21,07:00:00,54,43,11,FMN GV 22 Boechout
7,Victor Heylenlei 41,2022-01-21,08:00:00,136,50,86,FMN GV 22 Boechout
7,Victor Heylenlei 41,2022-01-21,09:00:00,36,21,15,FMN GV 22 Boechout
7,Victor Heylenlei 41,2022-01-21,10:00:00,43,22,21,FMN GV 22 Boechout
7,Victor Heylenlei 41,2022-01-21,11:00:00,34,15,19,FMN GV 22 Boechout
7,Victor Heylenlei 41,2022-01-21,12:00:00,729,360,369,FMN GV 22 Boechout
7,Victor Heylenlei 41,2022-01-21,13:00:00,34,11,23,FMN GV 22 Boechout
7,Victor Heylenlei 41,2022-01-21,14:00:00,35,15,20,FMN GV 22 Boechout
7,Victor Heylenlei 41,2022-01-21,15:00:00,54,22,32,FMN GV 22 Boechout
7,Victor Heylenlei 41,2022-01-21,16:00:00,125,71,54,FMN GV 22 Boechout
7,Victor Heylenlei 41,2022-01-21,17:00:00,63,18,45,FMN GV 22 Boechout
7,Victor Heylenlei 41,2022-01-21,18:00:00,40,12,28,FMN GV 22 Boechout
7,Victor Heylenlei 41,2022-01-21,19:00:00,20,8,12,FMN GV 22 Boechout
7,Victor Heylenlei 41,2022-01-21,20:00:00,11,3,8,FMN GV 22 Boechout
7,Victor Heylenlei 41,2022-01-21,21:00:00,26,15,11,FMN GV 22 Boechout
7,Victor Heylenlei 41,2022-01-21,22:00:00,7,4,3,FMN GV 22 Boechout
7,Victor Heylenlei 41,2022-01-21,23:00:00,8,4,4,FMN GV 22 Boechout
7,Victor Heylenlei 41,2022-01-22,00:00:00,8,4,4,FMN GV 22 Boechout
7,Victor Heylenlei 41,2022-01-22,01:00:00,6,3,3,FMN GV 22 Boechout
7,Victor Heylenlei 41,2022-01-22,02:00:00,3,2,1,FMN GV 22 Boechout
7,Victor Heylenlei 41,2022-01-22,03:00:00,2,1,1,FMN GV 22 Boechout
7,Victor Heylenlei 41,2022-01-22,04:00:00,2,1,1,FMN GV 22 Boechout
7,Victor Heylenlei 41,2022-01-22,05:00:00,5,2,3,FMN GV 22 Boechout
7,Victor Heylenlei 41,2022-01-22,06:00:00,7,4,3,FMN GV 22 Boechout
7,Victor Heylenlei 41,2022-01-22,07:00:00,3,0,3,FMN GV 22 Boechout
7,Victor Heylenlei 41,2022-01-22,08:00:00,18,8,10,FMN GV 22 Boechout
7,Victor Heylenlei 41,2022-01-22,09:00:00,32,17,15,FMN GV 22 Boechout
7,Victor Heylenlei 41,2022-01-22,10:00:00,47,25,22,FMN GV 22 Boechout
7,Victor Heylenlei 41,2022-01-22,11:00:00,42,22,20,FMN GV 22 Boechout
7,Victor Heylenlei 41,2022-01-22,12:00:00,55,25,30,FMN GV 22 Boechout
7,Victor Heylenlei 41,2022-01-22,13:00:00,61,28,33,FMN GV 22 Boechout
7,Victor Heylenlei 41,2022-01-22,14:00:00,71,45,26,FMN GV 22 Boechout
7,Victor Heylenlei 41,2022-01-22,15:00:00,72,41,31,FMN GV 22 Boechout
7,Victor Heylenlei 41,2022-01-22,16:00:00,52,31,21,FMN GV 22 Boechout
7,Victor Heylenlei 41,2022-01-22,17:00:00,40,13,27,FMN GV 22 Boechout
7,Victor Heylenlei 41,2022-01-22,18:00:00,21,11,10,FMN GV 22 Boechout
7,Victor Heylenlei 41,2022-01-22,19:00:00,21,14,7,FMN GV 22 Boechout
7,Victor Heylenlei 41,2022-01-22,20:00:00,14,9,5,FMN GV 22 Boechout
7,Victor Heylenlei 41,2022-01-22,21:00:00,11,9,2,FMN GV 22 Boechout
7,Victor Heylenlei 41,2022-01-22,22:00:00,4,4,0,FMN GV 22 Boechout
7,Victor Heylenlei 41,2022-01-22,23:00:00,9,1,8,FMN GV 22 Boechout
7,Victor Heylenlei 41,2022-01-23,00:00:00,1,0,1,FMN GV 22 Boechout
7,Victor Heylenlei 41,2022-01-23,01:00:00,1,0,1,FMN GV 22 Boechout
7,Victor Heylenlei 41,2022-01-23,02:00:00,6,4,2,FMN GV 22 Boechout
7,Victor Heylenlei 41,2022-01-23,03:00:00,3,0,3,FMN GV 22 Boechout
7,Victor Heylenlei 41,2022-01-23,04:00:00,3,3,0,FMN GV 22 Boechout
7,Victor Heylenlei 41,2022-01-23,05:00:00,4,4,0,FMN GV 22 Boechout
7,Victor Heylenlei 41,2022-01-23,06:00:00,8,4,4,FMN GV 22 Boechout
7,Victor Heylenlei 41,2022-01-23,07:00:00,6,0,6,FMN GV 22 Boechout
7,Victor Heylenlei 41,2022-01-23,08:00:00,30,15,15,FMN GV 22 Boechout
7,Victor Heylenlei 41,2022-01-23,09:00:00,70,21,49,FMN GV 22 Boechout
7,Victor Heylenlei 41,2022-01-23,10:00:00,96,46,50,FMN GV 22 Boechout
7,Victor Heylenlei 41,2022-01-23,11:00:00,89,61,28,FMN GV 22 Boechout
7,Victor Heylenlei 41,2022-01-23,12:00:00,108,65,43,FMN GV 22 Boechout
7,Victor Heylenlei 41,2022-01-23,13:00:00,85,50,35,FMN GV 22 Boechout
7,Victor Heylenlei 41,2022-01-23,14:00:00,104,33,71,FMN GV 22 Boechout
7,Victor Heylenlei 41,2022-01-23,15:00:00,87,50,37,FMN GV 22 Boechout
7,Victor Heylenlei 41,2022-01-23,16:00:00,61,35,26,FMN GV 22 Boechout
7,Victor Heylenlei 41,2022-01-23,17:00:00,45,30,15,FMN GV 22 Boechout
7,Victor Heylenlei 41,2022-01-23,18:00:00,27,16,11,FMN GV 22 Boechout
7,Victor Heylenlei 41,2022-01-23,19:00:00,11,10,1,FMN GV 22 Boechout
7,Victor Heylenlei 41,2022-01-23,20:00:00,37,24,13,FMN GV 22 Boechout
7,Victor Heylenlei 41,2022-01-23,21:00:00,15,8,7,FMN GV 22 Boechout
7,Victor Heylenlei 41,2022-01-23,22:00:00,10,3,7,FMN GV 22 Boechout
7,Victor Heylenlei 41,2022-01-23,23:00:00,5,2,3,FMN GV 22 Boechout
7,Victor Heylenlei 41,2022-01-24,00:00:00,2,1,1,FMN GV 22 Boechout
7,Victor Heylenlei 41,2022-01-24,01:00:00,1,1,0,FMN GV 22 Boechout
7,Victor Heylenlei 41,2022-01-24,02:00:00,0,0,0,FMN GV 22 Boechout
7,Victor Heylenlei 41,2022-01-24,03:00:00,0,0,0,FMN GV 22 Boechout
7,Victor Heylenlei 41,2022-01-24,04:00:00,2,2,0,FMN GV 22 Boechout
7,Victor Heylenlei 41,2022-01-24,05:00:00,12,6,6,FMN GV 22 Boechout
7,Victor Heylenlei 41,2022-01-24,06:00:00,34,26,8,FMN GV 22 Boechout
7,Victor Heylenlei 41,2022-01-24,07:00:00,88,68,20,FMN GV 22 Boechout
7,Victor Heylenlei 41,2022-01-24,08:00:00,164,61,103,FMN GV 22 Boechout
7,Victor Heylenlei 41,2022-01-24,09:00:00,33,18,15,FMN GV 22 Boechout
7,Victor Heylenlei 41,2022-01-24,10:00:00,33,15,18,FMN GV 22 Boechout
7,Victor Heylenlei 41,2022-01-24,11:00:00,32,13,19,FMN GV 22 Boechout
7,Victor Heylenlei 41,2022-01-24,12:00:00,242,119,123,FMN GV 22 Boechout
7,Victor Heylenlei 41,2022-01-24,13:00:00,75,33,42,FMN GV 22 Boechout
7,Victor Heylenlei 41,2022-01-24,14:00:00,147,63,84,FMN GV 22 Boechout
7,Victor Heylenlei 41,2022-01-24,15:00:00,113,49,64,FMN GV 22 Boechout
7,Victor Heylenlei 41,2022-01-24,16:00:00,185,115,70,FMN GV 22 Boechout
7,Victor Heylenlei 41,2022-01-24,17:00:00,119,53,66,FMN GV 22 Boechout
7,Victor Heylenlei 41,2022-01-24,18:00:00,39,11,28,FMN GV 22 Boechout
7,Victor Heylenlei 41,2022-01-24,19:00:00,19,7,12,FMN GV 22 Boechout
7,Victor Heylenlei 41,2022-01-24,20:00:00,10,4,6,FMN GV 22 Boechout
7,Victor Heylenlei 41,2022-01-24,21:00:00,9,4,5,FMN GV 22 Boechout
7,Victor Heylenlei 41,2022-01-24,22:00:00,12,2,10,FMN GV 22 Boechout
7,Victor Heylenlei 41,2022-01-24,23:00:00,6,3,3,FMN GV 22 Boechout
7,Victor Heylenlei 41,2022-01-25,00:00:00,3,1,2,FMN GV 22 Boechout
7,Victor Heylenlei 41,2022-01-25,01:00:00,1,1,0,FMN GV 22 Boechout
7,Victor Heylenlei 41,2022-01-25,02:00:00,1,0,1,FMN GV 22 Boechout
7,Victor Heylenlei 41,2022-01-25,03:00:00,1,1,0,FMN GV 22 Boechout
7,Victor Heylenlei 41,2022-01-25,04:00:00,6,3,3,FMN GV 22 Boechout
7,Victor Heylenlei 41,2022-01-25,05:00:00,11,5,6,FMN GV 22 Boechout
7,Victor Heylenlei 41,2022-01-25,06:00:00,30,21,9,FMN GV 22 Boechout
7,Victor Heylenlei 41,2022-01-25,07:00:00,73,58,15,FMN GV 22 Boechout
7,Victor Heylenlei 41,2022-01-25,08:00:00,167,60,107,FMN GV 22 Boechout
7,Victor Heylenlei 41,2022-01-25,09:00:00,32,14,18,FMN GV 22 Boechout
7,Victor Heylenlei 41,2022-01-25,10:00:00,39,17,22,FMN GV 22 Boechout
7,Victor Heylenlei 41,2022-01-25,11:00:00,22,11,11,FMN GV 22 Boechout
7,Victor Heylenlei 41,2022-01-25,12:00:00,37,22,15,FMN GV 22 Boechout
7,Victor Heylenlei 41,2022-01-25,13:00:00,47,24,23,FMN GV 22 Boechout
7,Victor Heylenlei 41,2022-01-25,14:00:00,45,19,26,FMN GV 22 Boechout
7,Victor Heylenlei 41,2022-01-25,15:00:00,55,25,30,FMN GV 22 Boechout
7,Victor Heylenlei 41,2022-01-25,16:00:00,171,100,71,FMN GV 22 Boechout
7,Victor Heylenlei 41,2022-01-25,17:00:00,86,27,59,FMN GV 22 Boechout
7,Victor Heylenlei 41,2022-01-25,18:00:00,32,9,23,FMN GV 22 Boechout
7,Victor Heylenlei 41,2022-01-25,19:00:00,10,5,5,FMN GV 22 Boechout
7,Victor Heylenlei 41,2022-01-25,20:00:00,19,8,11,FMN GV 22 Boechout
7,Victor Heylenlei 41,2022-01-25,21:00:00,7,5,2,FMN GV 22 Boechout
7,Victor Heylenlei 41,2022-01-25,22:00:00,10,8,2,FMN GV 22 Boechout
7,Victor Heylenlei 41,2022-01-25,23:00:00,11,8,3,FMN GV 22 Boechout
7,Victor Heylenlei 41,2022-01-26,00:00:00,1,0,1,FMN GV 22 Boechout
7,Victor Heylenlei 41,2022-01-26,01:00:00,2,1,1,FMN GV 22 Boechout
7,Victor Heylenlei 41,2022-01-26,02:00:00,2,2,0,FMN GV 22 Boechout
7,Victor Heylenlei 41,2022-01-26,03:00:00,0,0,0,FMN GV 22 Boechout
7,Victor Heylenlei 41,2022-01-26,04:00:00,3,2,1,FMN GV 22 Boechout
7,Victor Heylenlei 41,2022-01-26,05:00:00,11,3,8,FMN GV 22 Boechout
7,Victor Heylenlei 41,2022-01-26,06:00:00,22,16,6,FMN GV 22 Boechout
7,Victor Heylenlei 41,2022-01-26,07:00:00,76,53,23,FMN GV 22 Boechout
7,Victor Heylenlei 41,2022-01-26,08:00:00,155,55,100,FMN GV 22 Boechout
7,Victor Heylenlei 41,2022-01-26,09:00:00,41,19,22,FMN GV 22 Boechout
7,Victor Heylenlei 41,2022-01-26,10:00:00,31,21,10,FMN GV 22 Boechout
7,Victor Heylenlei 41,2022-01-26,11:00:00,24,12,12,FMN GV 22 Boechout
7,Victor Heylenlei 41,2022-01-26,12:00:00,114,87,27,FMN GV 22 Boechout
7,Victor Heylenlei 41,2022-01-26,13:00:00,67,31,36,FMN GV 22 Boechout
7,Victor Heylenlei 41,2022-01-26,14:00:00,48,17,31,FMN GV 22 Boechout
7,Victor Heylenlei 41,2022-01-26,15:00:00,45,23,22,FMN GV 22 Boechout
7,Victor Heylenlei 41,2022-01-26,16:00:00,79,29,50,FMN GV 22 Boechout
7,Victor Heylenlei 41,2022-01-26,17:00:00,82,34,48,FMN GV 22 Boechout
7,Victor Heylenlei 41,2022-01-26,18:00:00,37,11,26,FMN GV 22 Boechout
7,Victor Heylenlei 41,2022-01-26,19:00:00,38,14,24,FMN GV 22 Boechout
7,Victor Heylenlei 41,2022-01-26,20:00:00,18,6,12,FMN GV 22 Boechout
7,Victor Heylenlei 41,2022-01-26,21:00:00,15,8,7,FMN GV 22 Boechout
7,Victor Heylenlei 41,2022-01-26,22:00:00,8,3,5,FMN GV 22 Boechout
7,Victor Heylenlei 41,2022-01-26,23:00:00,6,1,5,FMN GV 22 Boechout
7,Victor Heylenlei 41,2022-01-27,00:00:00,6,4,2,FMN GV 22 Boechout
7,Victor Heylenlei 41,2022-01-27,01:00:00,3,2,1,FMN GV 22 Boechout
7,Victor Heylenlei 41,2022-01-27,02:00:00,0,0,0,FMN GV 22 Boechout
7,Victor Heylenlei 41,2022-01-27,03:00:00,0,0,0,FMN GV 22 Boechout
7,Victor Heylenlei 41,2022-01-27,04:00:00,2,1,1,FMN GV 22 Boechout
7,Victor Heylenlei 41,2022-01-27,05:00:00,9,3,6,FMN GV 22 Boechout
7,Victor Heylenlei 41,2022-01-27,06:00:00,16,12,4,FMN GV 22 Boechout
7,Victor Heylenlei 41,2022-01-27,07:00:00,65,50,15,FMN GV 22 Boechout
7,Victor Heylenlei 41,2022-01-27,08:00:00,174,82,92,FMN GV 22 Boechout
7,Victor Heylenlei 41,2022-01-27,09:00:00,41,23,18,FMN GV 22 Boechout
7,Victor Heylenlei 41,2022-01-27,10:00:00,14,8,6,FMN GV 22 Boechout
7,Victor Heylenlei 41,2022-01-27,11:00:00,14,6,8,FMN GV 22 Boechout
7,Victor Heylenlei 41,2022-01-27,12:00:00,24,12,12,FMN GV 22 Boechout
7,Victor Heylenlei 41,2022-01-27,13:00:00,29,18,11,FMN GV 22 Boechout
7,Victor Heylenlei 41,2022-01-27,14:00:00,29,13,16,FMN GV 22 Boechout
7,Victor Heylenlei 41,2022-01-27,15:00:00,43,25,18,FMN GV 22 Boechout
7,Victor Heylenlei 41,2022-01-27,16:00:00,112,66,46,FMN GV 22 Boechout
7,Victor Heylenlei 41,2022-01-27,17:00:00,74,21,53,FMN GV 22 Boechout
7,Victor Heylenlei 41,2022-01-27,18:00:00,45,19,26,FMN GV 22 Boechout
7,Victor Heylenlei 41,2022-01-27,19:00:00,16,6,10,FMN GV 22 Boechout
7,Victor Heylenlei 41,2022-01-27,20:00:00,21,8,13,FMN GV 22 Boechout
7,Victor Heylenlei 41,2022-01-27,21:00:00,16,11,5,FMN GV 22 Boechout
7,Victor Heylenlei 41,2022-01-27,22:00:00,13,5,8,FMN GV 22 Boechout
7,Victor Heylenlei 41,2022-01-27,23:00:00,6,3,3,FMN GV 22 Boechout
7,Victor Heylenlei 41,2022-01-28,00:00:00,5,1,4,FMN GV 22 Boechout
7,Victor Heylenlei 41,2022-01-28,01:00:00,2,0,2,FMN GV 22 Boechout
7,Victor Heylenlei 41,2022-01-28,02:00:00,1,1,0,FMN GV 22 Boechout
7,Victor Heylenlei 41,2022-01-28,03:00:00,1,1,0,FMN GV 22 Boechout
7,Victor Heylenlei 41,2022-01-28,04:00:00,2,1,1,FMN GV 22 Boechout
7,Victor Heylenlei 41,2022-01-28,05:00:00,13,9,4,FMN GV 22 Boechout
7,Victor Heylenlei 41,2022-01-28,06:00:00,23,15,8,FMN GV 22 Boechout
7,Victor Heylenlei 41,2022-01-28,07:00:00,57,49,8,FMN GV 22 Boechout
7,Victor Heylenlei 41,2022-01-28,08:00:00,78,51,27,FMN GV 22 Boechout
7,Victor Heylenlei 41,2022-01-28,09:00:00,31,15,16,FMN GV 22 Boechout
7,Victor Heylenlei 41,2022-01-28,10:00:00,40,17,23,FMN GV 22 Boechout
7,Victor Heylenlei 41,2022-01-28,11:00:00,44,23,21,FMN GV 22 Boechout
7,Victor Heylenlei 41,2022-01-28,12:00:00,64,34,30,FMN GV 22 Boechout
7,Victor Heylenlei 41,2022-01-28,13:00:00,90,47,43,FMN GV 22 Boechout
7,Victor Heylenlei 41,2022-01-28,14:00:00,75,28,47,FMN GV 22 Boechout
7,Victor Heylenlei 41,2022-01-28,15:00:00,85,39,46,FMN GV 22 Boechout
7,Victor Heylenlei 41,2022-01-28,16:00:00,75,28,47,FMN GV 22 Boechout
7,Victor Heylenlei 41,2022-01-28,17:00:00,80,40,40,FMN GV 22 Boechout
7,Victor Heylenlei 41,2022-01-28,18:00:00,40,14,26,FMN GV 22 Boechout
7,Victor Heylenlei 41,2022-01-28,19:00:00,22,11,11,FMN GV 22 Boechout
7,Victor Heylenlei 41,2022-01-28,20:00:00,10,3,7,FMN GV 22 Boechout
7,Victor Heylenlei 41,2022-01-28,21:00:00,8,3,5,FMN GV 22 Boechout
7,Victor Heylenlei 41,2022-01-28,22:00:00,18,3,15,FMN GV 22 Boechout
7,Victor Heylenlei 41,2022-01-28,23:00:00,5,2,3,FMN GV 22 Boechout
7,Victor Heylenlei 41,2022-01-29,00:00:00,16,7,9,FMN GV 22 Boechout
7,Victor Heylenlei 41,2022-01-29,01:00:00,5,3,2,FMN GV 22 Boechout
7,Victor Heylenlei 41,2022-01-29,02:00:00,5,4,1,FMN GV 22 Boechout
7,Victor Heylenlei 41,2022-01-29,03:00:00,2,1,1,FMN GV 22 Boechout
7,Victor Heylenlei 41,2022-01-29,04:00:00,2,0,2,FMN GV 22 Boechout
7,Victor Heylenlei 41,2022-01-29,05:00:00,3,2,1,FMN GV 22 Boechout
7,Victor Heylenlei 41,2022-01-29,06:00:00,4,2,2,FMN GV 22 Boechout
7,Victor Heylenlei 41,2022-01-29,07:00:00,4,2,2,FMN GV 22 Boechout
7,Victor Heylenlei 41,2022-01-29,08:00:00,14,7,7,FMN GV 22 Boechout
7,Victor Heylenlei 41,2022-01-29,09:00:00,40,10,30,FMN GV 22 Boechout
7,Victor Heylenlei 41,2022-01-29,10:00:00,49,27,22,FMN GV 22 Boechout
7,Victor Heylenlei 41,2022-01-29,11:00:00,63,39,24,FMN GV 22 Boechout
7,Victor Heylenlei 41,2022-01-29,12:00:00,47,29,18,FMN GV 22 Boechout
7,Victor Heylenlei 41,2022-01-29,13:00:00,69,40,29,FMN GV 22 Boechout
7,Victor Heylenlei 41,2022-01-29,14:00:00,91,35,56,FMN GV 22 Boechout
7,Victor Heylenlei 41,2022-01-29,15:00:00,121,59,62,FMN GV 22 Boechout
7,Victor Heylenlei 41,2022-01-29,16:00:00,58,36,22,FMN GV 22 Boechout
7,Victor Heylenlei 41,2022-01-29,17:00:00,34,19,15,FMN GV 22 Boechout
7,Victor Heylenlei 41,2022-01-29,18:00:00,31,16,15,FMN GV 22 Boechout
7,Victor Heylenlei 41,2022-01-29,19:00:00,13,7,6,FMN GV 22 Boechout
7,Victor Heylenlei 41,2022-01-29,20:00:00,5,3,2,FMN GV 22 Boechout
7,Victor Heylenlei 41,2022-01-29,21:00:00,9,2,7,FMN GV 22 Boechout
7,Victor Heylenlei 41,2022-01-29,22:00:00,12,1,11,FMN GV 22 Boechout
7,Victor Heylenlei 41,2022-01-29,23:00:00,10,2,8,FMN GV 22 Boechout
7,Victor Heylenlei 41,2022-01-30,00:00:00,10,1,9,FMN GV 22 Boechout
7,Victor Heylenlei 41,2022-01-30,01:00:00,1,1,0,FMN GV 22 Boechout
7,Victor Heylenlei 41,2022-01-30,02:00:00,5,3,2,FMN GV 22 Boechout
7,Victor Heylenlei 41,2022-01-30,03:00:00,3,2,1,FMN GV 22 Boechout
7,Victor Heylenlei 41,2022-01-30,04:00:00,0,0,0,FMN GV 22 Boechout
7,Victor Heylenlei 41,2022-01-30,05:00:00,1,1,0,FMN GV 22 Boechout
7,Victor Heylenlei 41,2022-01-30,06:00:00,7,4,3,FMN GV 22 Boechout
7,Victor Heylenlei 41,2022-01-30,07:00:00,11,5,6,FMN GV 22 Boechout
7,Victor Heylenlei 41,2022-01-30,08:00:00,17,7,10,FMN GV 22 Boechout
7,Victor Heylenlei 41,2022-01-30,09:00:00,66,23,43,FMN GV 22 Boechout
7,Victor Heylenlei 41,2022-01-30,10:00:00,141,66,75,FMN GV 22 Boechout
7,Victor Heylenlei 41,2022-01-30,11:00:00,159,113,46,FMN GV 22 Boechout
7,Victor Heylenlei 41,2022-01-30,12:00:00,138,80,58,FMN GV 22 Boechout
7,Victor Heylenlei 41,2022-01-30,13:00:00,117,69,48,FMN GV 22 Boechout
7,Victor Heylenlei 41,2022-01-30,14:00:00,113,55,58,FMN GV 22 Boechout
7,Victor Heylenlei 41,2022-01-30,15:00:00,106,60,46,FMN GV 22 Boechout
7,Victor Heylenlei 41,2022-01-30,16:00:00,79,38,41,FMN GV 22 Boechout
7,Victor Heylenlei 41,2022-01-30,17:00:00,53,32,21,FMN GV 22 Boechout
7,Victor Heylenlei 41,2022-01-30,18:00:00,17,10,7,FMN GV 22 Boechout
7,Victor Heylenlei 41,2022-01-30,19:00:00,14,5,9,FMN GV 22 Boechout
7,Victor Heylenlei 41,2022-01-30,20:00:00,9,6,3,FMN GV 22 Boechout
7,Victor Heylenlei 41,2022-01-30,21:00:00,6,3,3,FMN GV 22 Boechout
7,Victor Heylenlei 41,2022-01-30,22:00:00,7,1,6,FMN GV 22 Boechout
7,Victor Heylenlei 41,2022-01-30,23:00:00,7,3,4,FMN GV 22 Boechout
7,Victor Heylenlei 41,2022-01-31,00:00:00,2,2,0,FMN GV 22 Boechout
7,Victor Heylenlei 41,2022-01-31,01:00:00,0,0,0,FMN GV 22 Boechout
7,Victor Heylenlei 41,2022-01-31,02:00:00,0,0,0,FMN GV 22 Boechout
7,Victor Heylenlei 41,2022-01-31,03:00:00,0,0,0,FMN GV 22 Boechout
7,Victor Heylenlei 41,2022-01-31,04:00:00,2,2,0,FMN GV 22 Boechout
7,Victor Heylenlei 41,2022-01-31,05:00:00,8,3,5,FMN GV 22 Boechout
7,Victor Heylenlei 41,2022-01-31,06:00:00,18,13,5,FMN GV 22 Boechout
7,Victor Heylenlei 41,2022-01-31,07:00:00,63,46,17,FMN GV 22 Boechout
7,Victor Heylenlei 41,2022-01-31,08:00:00,119,41,78,FMN GV 22 Boechout
7,Victor Heylenlei 41,2022-01-31,09:00:00,17,10,7,FMN GV 22 Boechout
7,Victor Heylenlei 41,2022-01-31,10:00:00,14,10,4,FMN GV 22 Boechout
7,Victor Heylenlei 41,2022-01-31,11:00:00,11,6,5,FMN GV 22 Boechout
7,Victor Heylenlei 41,2022-01-31,12:00:00,15,8,7,FMN GV 22 Boechout
7,Victor Heylenlei 41,2022-01-31,13:00:00,21,7,14,FMN GV 22 Boechout
7,Victor Heylenlei 41,2022-01-31,14:00:00,15,8,7,FMN GV 22 Boechout
7,Victor Heylenlei 41,2022-01-31,15:00:00,44,12,32,FMN GV 22 Boechout
7,Victor Heylenlei 41,2022-01-31,16:00:00,94,55,39,FMN GV 22 Boechout
7,Victor Heylenlei 41,2022-01-31,17:00:00,54,17,37,FMN GV 22 Boechout
7,Victor Heylenlei 41,2022-01-31,18:00:00,22,9,13,FMN GV 22 Boechout
7,Victor Heylenlei 41,2022-01-31,19:00:00,16,6,10,FMN GV 22 Boechout
7,Victor Heylenlei 41,2022-01-31,20:00:00,11,8,3,FMN GV 22 Boechout
7,Victor Heylenlei 41,2022-01-31,21:00:00,15,7,8,FMN GV 22 Boechout
7,Victor Heylenlei 41,2022-01-31,22:00:00,11,4,7,FMN GV 22 Boechout
7,Victor Heylenlei 41,2022-01-31,23:00:00,5,2,3,FMN GV 22 Boechout
7,Victor Heylenlei 41,2022-02-01,00:00:00,1,0,1,FMN GV 22 Boechout
7,Victor Heylenlei 41,2022-02-01,01:00:00,0,0,0,FMN GV 22 Boechout
7,Victor Heylenlei 41,2022-02-01,02:00:00,0,0,0,FMN GV 22 Boechout
7,Victor Heylenlei 41,2022-02-01,03:00:00,0,0,0,FMN GV 22 Boechout
7,Victor Heylenlei 41,2022-02-01,04:00:00,5,3,2,FMN GV 22 Boechout
7,Victor Heylenlei 41,2022-02-01,05:00:00,12,6,6,FMN GV 22 Boechout
7,Victor Heylenlei 41,2022-02-01,06:00:00,21,17,4,FMN GV 22 Boechout
7,Victor Heylenlei 41,2022-02-01,07:00:00,72,53,19,FMN GV 22 Boechout
7,Victor Heylenlei 41,2022-02-01,08:00:00,141,49,92,FMN GV 22 Boechout
7,Victor Heylenlei 41,2022-02-01,09:00:00,34,17,17,FMN GV 22 Boechout
7,Victor Heylenlei 41,2022-02-01,10:00:00,11,5,6,FMN GV 22 Boechout
7,Victor Heylenlei 41,2022-02-01,11:00:00,9,7,2,FMN GV 22 Boechout
7,Victor Heylenlei 41,2022-02-01,12:00:00,26,14,12,FMN GV 22 Boechout
7,Victor Heylenlei 41,2022-02-01,13:00:00,41,13,28,FMN GV 22 Boechout
7,Victor Heylenlei 41,2022-02-01,14:00:00,26,9,17,FMN GV 22 Boechout
7,Victor Heylenlei 41,2022-02-01,15:00:00,42,10,32,FMN GV 22 Boechout
7,Victor Heylenlei 41,2022-02-01,16:00:00,156,100,56,FMN GV 22 Boechout
7,Victor Heylenlei 41,2022-02-01,17:00:00,81,31,50,FMN GV 22 Boechout
7,Victor Heylenlei 41,2022-02-01,18:00:00,29,11,18,FMN GV 22 Boechout
7,Victor Heylenlei 41,2022-02-01,19:00:00,33,14,19,FMN GV 22 Boechout
7,Victor Heylenlei 41,2022-02-01,20:00:00,14,7,7,FMN GV 22 Boechout
7,Victor Heylenlei 41,2022-02-01,21:00:00,14,8,6,FMN GV 22 Boechout
7,Victor Heylenlei 41,2022-02-01,22:00:00,11,5,6,FMN GV 22 Boechout
7,Victor Heylenlei 41,2022-02-01,23:00:00,5,0,5,FMN GV 22 Boechout
7,Victor Heylenlei 41,2022-02-02,00:00:00,1,1,0,FMN GV 22 Boechout
7,Victor Heylenlei 41,2022-02-02,01:00:00,1,1,0,FMN GV 22 Boechout
7,Victor Heylenlei 41,2022-02-02,02:00:00,0,0,0,FMN GV 22 Boechout
7,Victor Heylenlei 41,2022-02-02,03:00:00,0,0,0,FMN GV 22 Boechout
7,Victor Heylenlei 41,2022-02-02,04:00:00,3,2,1,FMN GV 22 Boechout
7,Victor Heylenlei 41,2022-02-02,05:00:00,7,4,3,FMN GV 22 Boechout
7,Victor Heylenlei 41,2022-02-02,06:00:00,24,20,4,FMN GV 22 Boechout
7,Victor Heylenlei 41,2022-02-02,07:00:00,83,57,26,FMN GV 22 Boechout
7,Victor Heylenlei 41,2022-02-02,08:00:00,156,53,103,FMN GV 22 Boechout
7,Victor Heylenlei 41,2022-02-02,09:00:00,44,27,17,FMN GV 22 Boechout
7,Victor Heylenlei 41,2022-02-02,10:00:00,29,18,11,FMN GV 22 Boechout
7,Victor Heylenlei 41,2022-02-02,11:00:00,41,21,20,FMN GV 22 Boechout
7,Victor Heylenlei 41,2022-02-02,12:00:00,127,96,31,FMN GV 22 Boechout
7,Victor Heylenlei 41,2022-02-02,13:00:00,51,22,29,FMN GV 22 Boechout
7,Victor Heylenlei 41,2022-02-02,14:00:00,35,17,18,FMN GV 22 Boechout
7,Victor Heylenlei 41,2022-02-02,15:00:00,44,20,24,FMN GV 22 Boechout
7,Victor Heylenlei 41,2022-02-02,16:00:00,51,19,32,FMN GV 22 Boechout
7,Victor Heylenlei 41,2022-02-02,17:00:00,64,22,42,FMN GV 22 Boechout
7,Victor Heylenlei 41,2022-02-02,18:00:00,47,17,30,FMN GV 22 Boechout
7,Victor Heylenlei 41,2022-02-02,19:00:00,22,7,15,FMN GV 22 Boechout
7,Victor Heylenlei 41,2022-02-02,20:00:00,17,10,7,FMN GV 22 Boechout
7,Victor Heylenlei 41,2022-02-02,21:00:00,12,4,8,FMN GV 22 Boechout
7,Victor Heylenlei 41,2022-02-02,22:00:00,13,9,4,FMN GV 22 Boechout
7,Victor Heylenlei 41,2022-02-02,23:00:00,4,1,3,FMN GV 22 Boechout
7,Victor Heylenlei 41,2022-02-03,00:00:00,0,0,0,FMN GV 22 Boechout
7,Victor Heylenlei 41,2022-02-03,01:00:00,2,1,1,FMN GV 22 Boechout
7,Victor Heylenlei 41,2022-02-03,02:00:00,0,0,0,FMN GV 22 Boechout
7,Victor Heylenlei 41,2022-02-03,03:00:00,0,0,0,FMN GV 22 Boechout
7,Victor Heylenlei 41,2022-02-03,04:00:00,2,1,1,FMN GV 22 Boechout
7,Victor Heylenlei 41,2022-02-03,05:00:00,10,6,4,FMN GV 22 Boechout
7,Victor Heylenlei 41,2022-02-03,06:00:00,25,18,7,FMN GV 22 Boechout
7,Victor Heylenlei 41,2022-02-03,07:00:00,81,57,24,FMN GV 22 Boechout
7,Victor Heylenlei 41,2022-02-03,08:00:00,170,64,106,FMN GV 22 Boechout
7,Victor Heylenlei 41,2022-02-03,09:00:00,37,18,19,FMN GV 22 Boechout
7,Victor Heylenlei 41,2022-02-03,10:00:00,24,12,12,FMN GV 22 Boechout
7,Victor Heylenlei 41,2022-02-03,11:00:00,26,16,10,FMN GV 22 Boechout
7,Victor Heylenlei 41,2022-02-03,12:00:00,45,23,22,FMN GV 22 Boechout
7,Victor Heylenlei 41,2022-02-03,13:00:00,49,17,32,FMN GV 22 Boechout
7,Victor Heylenlei 41,2022-02-03,14:00:00,35,15,20,FMN GV 22 Boechout
7,Victor Heylenlei 41,2022-02-03,15:00:00,68,32,36,FMN GV 22 Boechout
7,Victor Heylenlei 41,2022-02-03,16:00:00,160,97,63,FMN GV 22 Boechout
7,Victor Heylenlei 41,2022-02-03,17:00:00,98,34,64,FMN GV 22 Boechout
7,Victor Heylenlei 41,2022-02-03,18:00:00,41,14,27,FMN GV 22 Boechout
7,Victor Heylenlei 41,2022-02-03,19:00:00,24,12,12,FMN GV 22 Boechout
7,Victor Heylenlei 41,2022-02-03,20:00:00,19,7,12,FMN GV 22 Boechout
7,Victor Heylenlei 41,2022-02-03,21:00:00,15,4,11,FMN GV 22 Boechout
7,Victor Heylenlei 41,2022-02-03,22:00:00,16,7,9,FMN GV 22 Boechout
7,Victor Heylenlei 41,2022-02-03,23:00:00,2,2,0,FMN GV 22 Boechout
7,Victor Heylenlei 41,2022-02-04,00:00:00,5,3,2,FMN GV 22 Boechout
7,Victor Heylenlei 41,2022-02-04,01:00:00,3,2,1,FMN GV 22 Boechout
7,Victor Heylenlei 41,2022-02-04,02:00:00,0,0,0,FMN GV 22 Boechout
7,Victor Heylenlei 41,2022-02-04,03:00:00,0,0,0,FMN GV 22 Boechout
7,Victor Heylenlei 41,2022-02-04,04:00:00,7,7,0,FMN GV 22 Boechout
7,Victor Heylenlei 41,2022-02-04,05:00:00,11,6,5,FMN GV 22 Boechout
7,Victor Heylenlei 41,2022-02-04,06:00:00,22,16,6,FMN GV 22 Boechout
7,Victor Heylenlei 41,2022-02-04,07:00:00,65,46,19,FMN GV 22 Boechout
7,Victor Heylenlei 41,2022-02-04,08:00:00,148,52,96,FMN GV 22 Boechout
7,Victor Heylenlei 41,2022-02-04,09:00:00,33,16,17,FMN GV 22 Boechout
7,Victor Heylenlei 41,2022-02-04,10:00:00,28,14,14,FMN GV 22 Boechout
7,Victor Heylenlei 41,2022-02-04,11:00:00,21,10,11,FMN GV 22 Boechout
7,Victor Heylenlei 41,2022-02-04,12:00:00,223,109,114,FMN GV 22 Boechout
7,Victor Heylenlei 41,2022-02-04,13:00:00,78,37,41,FMN GV 22 Boechout
7,Victor Heylenlei 41,2022-02-04,14:00:00,33,12,21,FMN GV 22 Boechout
7,Victor Heylenlei 41,2022-02-04,15:00:00,40,18,22,FMN GV 22 Boechout
7,Victor Heylenlei 41,2022-02-04,16:00:00,125,80,45,FMN GV 22 Boechout
7,Victor Heylenlei 41,2022-02-04,17:00:00,54,26,28,FMN GV 22 Boechout
7,Victor Heylenlei 41,2022-02-04,18:00:00,49,21,28,FMN GV 22 Boechout
7,Victor Heylenlei 41,2022-02-04,19:00:00,22,9,13,FMN GV 22 Boechout
7,Victor Heylenlei 41,2022-02-04,20:00:00,11,5,6,FMN GV 22 Boechout
7,Victor Heylenlei 41,2022-02-04,21:00:00,9,4,5,FMN GV 22 Boechout
7,Victor Heylenlei 41,2022-02-04,22:00:00,14,7,7,FMN GV 22 Boechout
7,Victor Heylenlei 41,2022-02-04,23:00:00,13,3,10,FMN GV 22 Boechout
7,Victor Heylenlei 41,2022-02-05,00:00:00,4,1,3,FMN GV 22 Boechout
7,Victor Heylenlei 41,2022-02-05,01:00:00,9,4,5,FMN GV 22 Boechout
7,Victor Heylenlei 41,2022-02-05,02:00:00,3,2,1,FMN GV 22 Boechout
7,Victor Heylenlei 41,2022-02-05,03:00:00,6,4,2,FMN GV 22 Boechout
7,Victor Heylenlei 41,2022-02-05,04:00:00,3,3,0,FMN GV 22 Boechout
7,Victor Heylenlei 41,2022-02-05,05:00:00,4,2,2,FMN GV 22 Boechout
7,Victor Heylenlei 41,2022-02-05,06:00:00,4,4,0,FMN GV 22 Boechout
7,Victor Heylenlei 41,2022-02-05,07:00:00,7,3,4,FMN GV 22 Boechout
7,Victor Heylenlei 41,2022-02-05,08:00:00,28,17,11,FMN GV 22 Boechout
7,Victor Heylenlei 41,2022-02-05,09:00:00,47,12,35,FMN GV 22 Boechout
7,Victor Heylenlei 41,2022-02-05,10:00:00,69,27,42,FMN GV 22 Boechout
7,Victor Heylenlei 41,2022-02-05,11:00:00,110,58,52,FMN GV 22 Boechout
7,Victor Heylenlei 41,2022-02-05,12:00:00,108,59,49,FMN GV 22 Boechout
7,Victor Heylenlei 41,2022-02-05,13:00:00,134,58,76,FMN GV 22 Boechout
7,Victor Heylenlei 41,2022-02-05,14:00:00,141,78,63,FMN GV 22 Boechout
7,Victor Heylenlei 41,2022-02-05,15:00:00,139,73,66,FMN GV 22 Boechout
7,Victor Heylenlei 41,2022-02-05,16:00:00,108,60,48,FMN GV 22 Boechout
7,Victor Heylenlei 41,2022-02-05,17:00:00,52,32,20,FMN GV 22 Boechout
7,Victor Heylenlei 41,2022-02-05,18:00:00,42,28,14,FMN GV 22 Boechout
7,Victor Heylenlei 41,2022-02-05,19:00:00,8,1,7,FMN GV 22 Boechout
7,Victor Heylenlei 41,2022-02-05,20:00:00,14,5,9,FMN GV 22 Boechout
7,Victor Heylenlei 41,2022-02-05,21:00:00,7,5,2,FMN GV 22 Boechout
7,Victor Heylenlei 41,2022-02-05,22:00:00,12,5,7,FMN GV 22 Boechout
7,Victor Heylenlei 41,2022-02-05,23:00:00,13,2,11,FMN GV 22 Boechout
7,Victor Heylenlei 41,2022-02-06,00:00:00,10,6,4,FMN GV 22 Boechout
7,Victor Heylenlei 41,2022-02-06,01:00:00,2,0,2,FMN GV 22 Boechout
7,Victor Heylenlei 41,2022-02-06,02:00:00,1,0,1,FMN GV 22 Boechout
7,Victor Heylenlei 41,2022-02-06,03:00:00,0,0,0,FMN GV 22 Boechout
7,Victor Heylenlei 41,2022-02-06,04:00:00,0,0,0,FMN GV 22 Boechout
7,Victor Heylenlei 41,2022-02-06,05:00:00,1,0,1,FMN GV 22 Boechout
7,Victor Heylenlei 41,2022-02-06,06:00:00,1,1,0,FMN GV 22 Boechout
7,Victor Heylenlei 41,2022-02-06,07:00:00,3,1,2,FMN GV 22 Boechout
7,Victor Heylenlei 41,2022-02-06,08:00:00,7,7,0,FMN GV 22 Boechout
7,Victor Heylenlei 41,2022-02-06,09:00:00,9,4,5,FMN GV 22 Boechout
7,Victor Heylenlei 41,2022-02-06,10:00:00,8,5,3,FMN GV 22 Boechout
7,Victor Heylenlei 41,2022-02-06,11:00:00,9,5,4,FMN GV 22 Boechout
7,Victor Heylenlei 41,2022-02-06,12:00:00,6,3,3,FMN GV 22 Boechout
7,Victor Heylenlei 41,2022-02-06,13:00:00,9,8,1,FMN GV 22 Boechout
7,Victor Heylenlei 41,2022-02-06,14:00:00,7,2,5,FMN GV 22 Boechout
7,Victor Heylenlei 41,2022-02-06,15:00:00,7,4,3,FMN GV 22 Boechout
7,Victor Heylenlei 41,2022-02-06,16:00:00,16,9,7,FMN GV 22 Boechout
7,Victor Heylenlei 41,2022-02-06,17:00:00,16,7,9,FMN GV 22 Boechout
7,Victor Heylenlei 41,2022-02-06,18:00:00,4,1,3,FMN GV 22 Boechout
7,Victor Heylenlei 41,2022-02-06,19:00:00,5,4,1,FMN GV 22 Boechout
7,Victor Heylenlei 41,2022-02-06,20:00:00,5,3,2,FMN GV 22 Boechout
7,Victor Heylenlei 41,2022-02-06,21:00:00,4,3,1,FMN GV 22 Boechout
7,Victor Heylenlei 41,2022-02-06,22:00:00,2,0,2,FMN GV 22 Boechout
7,Victor Heylenlei 41,2022-02-06,23:00:00,2,2,0,FMN GV 22 Boechout
7,Victor Heylenlei 41,2022-02-07,00:00:00,2,0,2,FMN GV 22 Boechout
7,Victor Heylenlei 41,2022-02-07,01:00:00,2,1,1,FMN GV 22 Boechout
7,Victor Heylenlei 41,2022-02-07,02:00:00,0,0,0,FMN GV 22 Boechout
7,Victor Heylenlei 41,2022-02-07,03:00:00,0,0,0,FMN GV 22 Boechout
7,Victor Heylenlei 41,2022-02-07,04:00:00,4,2,2,FMN GV 22 Boechout
7,Victor Heylenlei 41,2022-02-07,05:00:00,13,9,4,FMN GV 22 Boechout
7,Victor Heylenlei 41,2022-02-07,06:00:00,27,21,6,FMN GV 22 Boechout
7,Victor Heylenlei 41,2022-02-07,07:00:00,88,66,22,FMN GV 22 Boechout
7,Victor Heylenlei 41,2022-02-07,08:00:00,184,66,118,FMN GV 22 Boechout
7,Victor Heylenlei 41,2022-02-07,09:00:00,41,29,12,FMN GV 22 Boechout
7,Victor Heylenlei 41,2022-02-07,10:00:00,36,20,16,FMN GV 22 Boechout
7,Victor Heylenlei 41,2022-02-07,11:00:00,34,14,20,FMN GV 22 Boechout
7,Victor Heylenlei 41,2022-02-07,12:00:00,166,85,81,FMN GV 22 Boechout
7,Victor Heylenlei 41,2022-02-07,13:00:00,88,41,47,FMN GV 22 Boechout
7,Victor Heylenlei 41,2022-02-07,14:00:00,97,43,54,FMN GV 22 Boechout
7,Victor Heylenlei 41,2022-02-07,15:00:00,94,39,55,FMN GV 22 Boechout
7,Victor Heylenlei 41,2022-02-07,16:00:00,176,104,72,FMN GV 22 Boechout
7,Victor Heylenlei 41,2022-02-07,17:00:00,127,46,81,FMN GV 22 Boechout
7,Victor Heylenlei 41,2022-02-07,18:00:00,58,21,37,FMN GV 22 Boechout
7,Victor Heylenlei 41,2022-02-07,19:00:00,24,9,15,FMN GV 22 Boechout
7,Victor Heylenlei 41,2022-02-07,20:00:00,16,13,3,FMN GV 22 Boechout
7,Victor Heylenlei 41,2022-02-07,21:00:00,13,8,5,FMN GV 22 Boechout
7,Victor Heylenlei 41,2022-02-07,22:00:00,14,7,7,FMN GV 22 Boechout
7,Victor Heylenlei 41,2022-02-07,23:00:00,2,1,1,FMN GV 22 Boechout
7,Victor Heylenlei 41,2022-02-08,00:00:00,1,1,0,FMN GV 22 Boechout
7,Victor Heylenlei 41,2022-02-08,01:00:00,2,1,1,FMN GV 22 Boechout
7,Victor Heylenlei 41,2022-02-08,02:00:00,0,0,0,FMN GV 22 Boechout
7,Victor Heylenlei 41,2022-02-08,03:00:00,0,0,0,FMN GV 22 Boechout
7,Victor Heylenlei 41,2022-02-08,04:00:00,2,2,0,FMN GV 22 Boechout
7,Victor Heylenlei 41,2022-02-08,05:00:00,10,5,5,FMN GV 22 Boechout
7,Victor Heylenlei 41,2022-02-08,06:00:00,18,12,6,FMN GV 22 Boechout
7,Victor Heylenlei 41,2022-02-08,07:00:00,100,72,28,FMN GV 22 Boechout
7,Victor Heylenlei 41,2022-02-08,08:00:00,185,77,108,FMN GV 22 Boechout
7,Victor Heylenlei 41,2022-02-08,09:00:00,55,31,24,FMN GV 22 Boechout
7,Victor Heylenlei 41,2022-02-08,10:00:00,31,15,16,FMN GV 22 Boechout
7,Victor Heylenlei 41,2022-02-08,11:00:00,35,25,10,FMN GV 22 Boechout
7,Victor Heylenlei 41,2022-02-08,12:00:00,167,80,87,FMN GV 22 Boechout
7,Victor Heylenlei 41,2022-02-08,13:00:00,87,46,41,FMN GV 22 Boechout
7,Victor Heylenlei 41,2022-02-08,14:00:00,58,28,30,FMN GV 22 Boechout
7,Victor Heylenlei 41,2022-02-08,15:00:00,66,27,39,FMN GV 22 Boechout
7,Victor Heylenlei 41,2022-02-08,16:00:00,194,118,76,FMN GV 22 Boechout
7,Victor Heylenlei 41,2022-02-08,17:00:00,93,33,60,FMN GV 22 Boechout
7,Victor Heylenlei 41,2022-02-08,18:00:00,39,19,20,FMN GV 22 Boechout
7,Victor Heylenlei 41,2022-02-08,19:00:00,29,14,15,FMN GV 22 Boechout
7,Victor Heylenlei 41,2022-02-08,20:00:00,22,9,13,FMN GV 22 Boechout
7,Victor Heylenlei 41,2022-02-08,21:00:00,25,6,19,FMN GV 22 Boechout
7,Victor Heylenlei 41,2022-02-08,22:00:00,15,10,5,FMN GV 22 Boechout
7,Victor Heylenlei 41,2022-02-08,23:00:00,3,2,1,FMN GV 22 Boechout
7,Victor Heylenlei 41,2022-02-09,00:00:00,6,3,3,FMN GV 22 Boechout
7,Victor Heylenlei 41,2022-02-09,01:00:00,1,0,1,FMN GV 22 Boechout
7,Victor Heylenlei 41,2022-02-09,02:00:00,0,0,0,FMN GV 22 Boechout
7,Victor Heylenlei 41,2022-02-09,03:00:00,1,0,1,FMN GV 22 Boechout
7,Victor Heylenlei 41,2022-02-09,04:00:00,4,3,1,FMN GV 22 Boechout
7,Victor Heylenlei 41,2022-02-09,05:00:00,13,9,4,FMN GV 22 Boechout
7,Victor Heylenlei 41,2022-02-09,06:00:00,25,19,6,FMN GV 22 Boechout
7,Victor Heylenlei 41,2022-02-09,07:00:00,105,77,28,FMN GV 22 Boechout
7,Victor Heylenlei 41,2022-02-09,08:00:00,166,60,106,FMN GV 22 Boechout
7,Victor Heylenlei 41,2022-02-09,09:00:00,49,26,23,FMN GV 22 Boechout
7,Victor Heylenlei 41,2022-02-09,10:00:00,33,15,18,FMN GV 22 Boechout
7,Victor Heylenlei 41,2022-02-09,11:00:00,32,21,11,FMN GV 22 Boechout
7,Victor Heylenlei 41,2022-02-09,12:00:00,172,109,63,FMN GV 22 Boechout
7,Victor Heylenlei 41,2022-02-09,13:00:00,92,30,62,FMN GV 22 Boechout
7,Victor Heylenlei 41,2022-02-09,14:00:00,74,32,42,FMN GV 22 Boechout
7,Victor Heylenlei 41,2022-02-09,15:00:00,93,46,47,FMN GV 22 Boechout
7,Victor Heylenlei 41,2022-02-09,16:00:00,106,45,61,FMN GV 22 Boechout
7,Victor Heylenlei 41,2022-02-09,17:00:00,103,39,64,FMN GV 22 Boechout
7,Victor Heylenlei 41,2022-02-09,18:00:00,64,25,39,FMN GV 22 Boechout
7,Victor Heylenlei 41,2022-02-09,19:00:00,38,14,24,FMN GV 22 Boechout
7,Victor Heylenlei 41,2022-02-09,20:00:00,19,8,11,FMN GV 22 Boechout
7,Victor Heylenlei 41,2022-02-09,21:00:00,18,12,6,FMN GV 22 Boechout
7,Victor Heylenlei 41,2022-02-09,22:00:00,10,2,8,FMN GV 22 Boechout
7,Victor Heylenlei 41,2022-02-09,23:00:00,6,2,4,FMN GV 22 Boechout
7,Victor Heylenlei 41,2022-02-10,00:00:00,3,1,2,FMN GV 22 Boechout
7,Victor Heylenlei 41,2022-02-10,01:00:00,0,0,0,FMN GV 22 Boechout
7,Victor Heylenlei 41,2022-02-10,02:00:00,1,1,0,FMN GV 22 Boechout
7,Victor Heylenlei 41,2022-02-10,03:00:00,0,0,0,FMN GV 22 Boechout
7,Victor Heylenlei 41,2022-02-10,04:00:00,3,2,1,FMN GV 22 Boechout
7,Victor Heylenlei 41,2022-02-10,05:00:00,13,6,7,FMN GV 22 Boechout
7,Victor Heylenlei 41,2022-02-10,06:00:00,21,15,6,FMN GV 22 Boechout
7,Victor Heylenlei 41,2022-02-10,07:00:00,77,49,28,FMN GV 22 Boechout
7,Victor Heylenlei 41,2022-02-10,08:00:00,180,68,112,FMN GV 22 Boechout
7,Victor Heylenlei 41,2022-02-10,09:00:00,34,21,13,FMN GV 22 Boechout
7,Victor Heylenlei 41,2022-02-10,10:00:00,18,8,10,FMN GV 22 Boechout
7,Victor Heylenlei 41,2022-02-10,11:00:00,11,5,6,FMN GV 22 Boechout
7,Victor Heylenlei 41,2022-02-10,12:00:00,29,15,14,FMN GV 22 Boechout
7,Victor Heylenlei 41,2022-02-10,13:00:00,35,18,17,FMN GV 22 Boechout
7,Victor Heylenlei 41,2022-02-10,14:00:00,41,14,27,FMN GV 22 Boechout
7,Victor Heylenlei 41,2022-02-10,15:00:00,61,20,41,FMN GV 22 Boechout
7,Victor Heylenlei 41,2022-02-10,16:00:00,162,107,55,FMN GV 22 Boechout
7,Victor Heylenlei 41,2022-02-10,17:00:00,72,25,47,FMN GV 22 Boechout
7,Victor Heylenlei 41,2022-02-10,18:00:00,50,19,31,FMN GV 22 Boechout
7,Victor Heylenlei 41,2022-02-10,19:00:00,23,9,14,FMN GV 22 Boechout
7,Victor Heylenlei 41,2022-02-10,20:00:00,13,4,9,FMN GV 22 Boechout
7,Victor Heylenlei 41,2022-02-10,21:00:00,8,5,3,FMN GV 22 Boechout
7,Victor Heylenlei 41,2022-02-10,22:00:00,15,4,11,FMN GV 22 Boechout
7,Victor Heylenlei 41,2022-02-10,23:00:00,4,3,1,FMN GV 22 Boechout
7,Victor Heylenlei 41,2022-02-11,00:00:00,3,1,2,FMN GV 22 Boechout
7,Victor Heylenlei 41,2022-02-11,01:00:00,0,0,0,FMN GV 22 Boechout
7,Victor Heylenlei 41,2022-02-11,02:00:00,1,1,0,FMN GV 22 Boechout
7,Victor Heylenlei 41,2022-02-11,03:00:00,1,1,0,FMN GV 22 Boechout
7,Victor Heylenlei 41,2022-02-11,04:00:00,2,2,0,FMN GV 22 Boechout
7,Victor Heylenlei 41,2022-02-11,05:00:00,14,6,8,FMN GV 22 Boechout
7,Victor Heylenlei 41,2022-02-11,06:00:00,21,16,5,FMN GV 22 Boechout
7,Victor Heylenlei 41,2022-02-11,07:00:00,83,53,30,FMN GV 22 Boechout
7,Victor Heylenlei 41,2022-02-11,08:00:00,223,67,156,FMN GV 22 Boechout
7,Victor Heylenlei 41,2022-02-11,09:00:00,33,15,18,FMN GV 22 Boechout
7,Victor Heylenlei 41,2022-02-11,10:00:00,33,12,21,FMN GV 22 Boechout
7,Victor Heylenlei 41,2022-02-11,11:00:00,29,20,9,FMN GV 22 Boechout
7,Victor Heylenlei 41,2022-02-11,12:00:00,343,193,150,FMN GV 22 Boechout
7,Victor Heylenlei 41,2022-02-11,13:00:00,148,69,79,FMN GV 22 Boechout
7,Victor Heylenlei 41,2022-02-11,14:00:00,16,1,15,FMN GV 22 Boechout
7,Victor Heylenlei 41,2022-02-11,15:00:00,0,0,0,FMN GV 22 Boechout
7,Victor Heylenlei 41,2022-02-11,16:00:00,0,0,0,FMN GV 22 Boechout
7,Victor Heylenlei 41,2022-02-11,17:00:00,0,0,0,FMN GV 22 Boechout
7,Victor Heylenlei 41,2022-02-11,18:00:00,0,0,0,FMN GV 22 Boechout
7,Victor Heylenlei 41,2022-02-11,19:00:00,0,0,0,FMN GV 22 Boechout
7,Victor Heylenlei 41,2022-02-11,20:00:00,0,0,0,FMN GV 22 Boechout
7,Victor Heylenlei 41,2022-02-11,21:00:00,0,0,0,FMN GV 22 Boechout
7,Victor Heylenlei 41,2022-02-11,22:00:00,11,4,7,FMN GV 22 Boechout
7,Victor Heylenlei 41,2022-02-11,23:00:00,4,2,2,FMN GV 22 Boechout
7,Victor Heylenlei 41,2022-02-12,00:00:00,12,3,9,FMN GV 22 Boechout
7,Victor Heylenlei 41,2022-02-12,01:00:00,4,1,3,FMN GV 22 Boechout
7,Victor Heylenlei 41,2022-02-12,02:00:00,3,1,2,FMN GV 22 Boechout
7,Victor Heylenlei 41,2022-02-12,03:00:00,0,0,0,FMN GV 22 Boechout
7,Victor Heylenlei 41,2022-02-12,04:00:00,1,1,0,FMN GV 22 Boechout
7,Victor Heylenlei 41,2022-02-12,05:00:00,6,2,4,FMN GV 22 Boechout
7,Victor Heylenlei 41,2022-02-12,06:00:00,1,1,0,FMN GV 22 Boechout
7,Victor Heylenlei 41,2022-02-12,07:00:00,6,2,4,FMN GV 22 Boechout
7,Victor Heylenlei 41,2022-02-12,08:00:00,12,6,6,FMN GV 22 Boechout
7,Victor Heylenlei 41,2022-02-12,09:00:00,36,9,27,FMN GV 22 Boechout
7,Victor Heylenlei 41,2022-02-12,10:00:00,62,28,34,FMN GV 22 Boechout
7,Victor Heylenlei 41,2022-02-12,11:00:00,80,50,30,FMN GV 22 Boechout
7,Victor Heylenlei 41,2022-02-12,12:00:00,97,61,36,FMN GV 22 Boechout
7,Victor Heylenlei 41,2022-02-12,13:00:00,109,57,52,FMN GV 22 Boechout
7,Victor Heylenlei 41,2022-02-12,14:00:00,130,65,65,FMN GV 22 Boechout
7,Victor Heylenlei 41,2022-02-12,15:00:00,131,80,51,FMN GV 22 Boechout
7,Victor Heylenlei 41,2022-02-12,16:00:00,96,57,39,FMN GV 22 Boechout
7,Victor Heylenlei 41,2022-02-12,17:00:00,66,40,26,FMN GV 22 Boechout
7,Victor Heylenlei 41,2022-02-12,18:00:00,30,19,11,FMN GV 22 Boechout
7,Victor Heylenlei 41,2022-02-12,19:00:00,27,15,12,FMN GV 22 Boechout
7,Victor Heylenlei 41,2022-02-12,20:00:00,7,3,4,FMN GV 22 Boechout
7,Victor Heylenlei 41,2022-02-12,21:00:00,7,3,4,FMN GV 22 Boechout
7,Victor Heylenlei 41,2022-02-12,22:00:00,10,3,7,FMN GV 22 Boechout
7,Victor Heylenlei 41,2022-02-12,23:00:00,10,3,7,FMN GV 22 Boechout
7,Victor Heylenlei 41,2022-02-13,00:00:00,18,4,14,FMN GV 22 Boechout
7,Victor Heylenlei 41,2022-02-13,01:00:00,7,2,5,FMN GV 22 Boechout
7,Victor Heylenlei 41,2022-02-13,02:00:00,0,0,0,FMN GV 22 Boechout
7,Victor Heylenlei 41,2022-02-13,03:00:00,2,2,0,FMN GV 22 Boechout
7,Victor Heylenlei 41,2022-02-13,04:00:00,0,0,0,FMN GV 22 Boechout
7,Victor Heylenlei 41,2022-02-13,05:00:00,2,0,2,FMN GV 22 Boechout
7,Victor Heylenlei 41,2022-02-13,06:00:00,5,3,2,FMN GV 22 Boechout
7,Victor Heylenlei 41,2022-02-13,07:00:00,4,1,3,FMN GV 22 Boechout
7,Victor Heylenlei 41,2022-02-13,08:00:00,14,6,8,FMN GV 22 Boechout
7,Victor Heylenlei 41,2022-02-13,09:00:00,77,20,57,FMN GV 22 Boechout
7,Victor Heylenlei 41,2022-02-13,10:00:00,110,54,56,FMN GV 22 Boechout
7,Victor Heylenlei 41,2022-02-13,11:00:00,73,34,39,FMN GV 22 Boechout
7,Victor Heylenlei 41,2022-02-13,12:00:00,89,60,29,FMN GV 22 Boechout
7,Victor Heylenlei 41,2022-02-13,13:00:00,113,69,44,FMN GV 22 Boechout
7,Victor Heylenlei 41,2022-02-13,14:00:00,149,69,80,FMN GV 22 Boechout
7,Victor Heylenlei 41,2022-02-13,15:00:00,120,72,48,FMN GV 22 Boechout
7,Victor Heylenlei 41,2022-02-13,16:00:00,76,38,38,FMN GV 22 Boechout
7,Victor Heylenlei 41,2022-02-13,17:00:00,57,32,25,FMN GV 22 Boechout
7,Victor Heylenlei 41,2022-02-13,18:00:00,16,9,7,FMN GV 22 Boechout
7,Victor Heylenlei 41,2022-02-13,19:00:00,15,9,6,FMN GV 22 Boechout
7,Victor Heylenlei 41,2022-02-13,20:00:00,7,4,3,FMN GV 22 Boechout
7,Victor Heylenlei 41,2022-02-13,21:00:00,6,4,2,FMN GV 22 Boechout
7,Victor Heylenlei 41,2022-02-13,22:00:00,5,0,5,FMN GV 22 Boechout
7,Victor Heylenlei 41,2022-02-13,23:00:00,1,0,1,FMN GV 22 Boechout
7,Victor Heylenlei 41,2022-02-14,00:00:00,1,1,0,FMN GV 22 Boechout
7,Victor Heylenlei 41,2022-02-14,01:00:00,2,1,1,FMN GV 22 Boechout
7,Victor Heylenlei 41,2022-02-14,02:00:00,1,1,0,FMN GV 22 Boechout
7,Victor Heylenlei 41,2022-02-14,03:00:00,1,1,0,FMN GV 22 Boechout
7,Victor Heylenlei 41,2022-02-14,04:00:00,2,2,0,FMN GV 22 Boechout
7,Victor Heylenlei 41,2022-02-14,05:00:00,10,6,4,FMN GV 22 Boechout
7,Victor Heylenlei 41,2022-02-14,06:00:00,26,22,4,FMN GV 22 Boechout
7,Victor Heylenlei 41,2022-02-14,07:00:00,89,67,22,FMN GV 22 Boechout
7,Victor Heylenlei 41,2022-02-14,08:00:00,220,59,161,FMN GV 22 Boechout
7,Victor Heylenlei 41,2022-02-14,09:00:00,28,19,9,FMN GV 22 Boechout
7,Victor Heylenlei 41,2022-02-14,10:00:00,22,11,11,FMN GV 22 Boechout
7,Victor Heylenlei 41,2022-02-14,11:00:00,20,6,14,FMN GV 22 Boechout
7,Victor Heylenlei 41,2022-02-14,12:00:00,205,143,62,FMN GV 22 Boechout
7,Victor Heylenlei 41,2022-02-14,13:00:00,32,14,18,FMN GV 22 Boechout
7,Victor Heylenlei 41,2022-02-14,14:00:00,34,12,22,FMN GV 22 Boechout
7,Victor Heylenlei 41,2022-02-14,15:00:00,71,30,41,FMN GV 22 Boechout
7,Victor Heylenlei 41,2022-02-14,16:00:00,170,101,69,FMN GV 22 Boechout
7,Victor Heylenlei 41,2022-02-14,17:00:00,83,28,55,FMN GV 22 Boechout
7,Victor Heylenlei 41,2022-02-14,18:00:00,50,16,34,FMN GV 22 Boechout
7,Victor Heylenlei 41,2022-02-14,19:00:00,18,8,10,FMN GV 22 Boechout
7,Victor Heylenlei 41,2022-02-14,20:00:00,18,9,9,FMN GV 22 Boechout
7,Victor Heylenlei 41,2022-02-14,21:00:00,15,9,6,FMN GV 22 Boechout
7,Victor Heylenlei 41,2022-02-14,22:00:00,16,9,7,FMN GV 22 Boechout
7,Victor Heylenlei 41,2022-02-14,23:00:00,4,2,2,FMN GV 22 Boechout
7,Victor Heylenlei 41,2022-02-15,00:00:00,3,1,2,FMN GV 22 Boechout
7,Victor Heylenlei 41,2022-02-15,01:00:00,0,0,0,FMN GV 22 Boechout
7,Victor Heylenlei 41,2022-02-15,02:00:00,0,0,0,FMN GV 22 Boechout
7,Victor Heylenlei 41,2022-02-15,03:00:00,3,3,0,FMN GV 22 Boechout
7,Victor Heylenlei 41,2022-02-15,04:00:00,2,2,0,FMN GV 22 Boechout
7,Victor Heylenlei 41,2022-02-15,05:00:00,7,5,2,FMN GV 22 Boechout
7,Victor Heylenlei 41,2022-02-15,06:00:00,26,21,5,FMN GV 22 Boechout
7,Victor Heylenlei 41,2022-02-15,07:00:00,78,59,19,FMN GV 22 Boechout
7,Victor Heylenlei 41,2022-02-15,08:00:00,221,93,128,FMN GV 22 Boechout
7,Victor Heylenlei 41,2022-02-15,09:00:00,107,65,42,FMN GV 22 Boechout
7,Victor Heylenlei 41,2022-02-15,10:00:00,36,12,24,FMN GV 22 Boechout
7,Victor Heylenlei 41,2022-02-15,11:00:00,68,34,34,FMN GV 22 Boechout
7,Victor Heylenlei 41,2022-02-15,12:00:00,145,73,72,FMN GV 22 Boechout
7,Victor Heylenlei 41,2022-02-15,13:00:00,88,48,40,FMN GV 22 Boechout
7,Victor Heylenlei 41,2022-02-15,14:00:00,40,18,22,FMN GV 22 Boechout
7,Victor Heylenlei 41,2022-02-15,15:00:00,58,18,40,FMN GV 22 Boechout
7,Victor Heylenlei 41,2022-02-15,16:00:00,192,130,62,FMN GV 22 Boechout
7,Victor Heylenlei 41,2022-02-15,17:00:00,78,22,56,FMN GV 22 Boechout
7,Victor Heylenlei 41,2022-02-15,18:00:00,26,8,18,FMN GV 22 Boechout
7,Victor Heylenlei 41,2022-02-15,19:00:00,24,9,15,FMN GV 22 Boechout
7,Victor Heylenlei 41,2022-02-15,20:00:00,18,6,12,FMN GV 22 Boechout
7,Victor Heylenlei 41,2022-02-15,21:00:00,6,4,2,FMN GV 22 Boechout
7,Victor Heylenlei 41,2022-02-15,22:00:00,10,5,5,FMN GV 22 Boechout
7,Victor Heylenlei 41,2022-02-15,23:00:00,4,2,2,FMN GV 22 Boechout
7,Victor Heylenlei 41,2022-02-16,00:00:00,6,3,3,FMN GV 22 Boechout
7,Victor Heylenlei 41,2022-02-16,01:00:00,0,0,0,FMN GV 22 Boechout
7,Victor Heylenlei 41,2022-02-16,02:00:00,0,0,0,FMN GV 22 Boechout
7,Victor Heylenlei 41,2022-02-16,03:00:00,2,2,0,FMN GV 22 Boechout
7,Victor Heylenlei 41,2022-02-16,04:00:00,3,3,0,FMN GV 22 Boechout
7,Victor Heylenlei 41,2022-02-16,05:00:00,4,1,3,FMN GV 22 Boechout
7,Victor Heylenlei 41,2022-02-16,06:00:00,18,13,5,FMN GV 22 Boechout
7,Victor Heylenlei 41,2022-02-16,07:00:00,84,59,25,FMN GV 22 Boechout
7,Victor Heylenlei 41,2022-02-16,08:00:00,147,42,105,FMN GV 22 Boechout
7,Victor Heylenlei 41,2022-02-16,09:00:00,33,17,16,FMN GV 22 Boechout
7,Victor Heylenlei 41,2022-02-16,10:00:00,13,5,8,FMN GV 22 Boechout
7,Victor Heylenlei 41,2022-02-16,11:00:00,19,10,9,FMN GV 22 Boechout
7,Victor Heylenlei 41,2022-02-16,12:00:00,129,98,31,FMN GV 22 Boechout
7,Victor Heylenlei 41,2022-02-16,13:00:00,46,14,32,FMN GV 22 Boechout
7,Victor Heylenlei 41,2022-02-16,14:00:00,36,10,26,FMN GV 22 Boechout
7,Victor Heylenlei 41,2022-02-16,15:00:00,44,21,23,FMN GV 22 Boechout
7,Victor Heylenlei 41,2022-02-16,16:00:00,90,36,54,FMN GV 22 Boechout
7,Victor Heylenlei 41,2022-02-16,17:00:00,52,22,30,FMN GV 22 Boechout
7,Victor Heylenlei 41,2022-02-16,18:00:00,44,18,26,FMN GV 22 Boechout
7,Victor Heylenlei 41,2022-02-16,19:00:00,15,5,10,FMN GV 22 Boechout
7,Victor Heylenlei 41,2022-02-16,20:00:00,9,3,6,FMN GV 22 Boechout
7,Victor Heylenlei 41,2022-02-16,21:00:00,2,1,1,FMN GV 22 Boechout
7,Victor Heylenlei 41,2022-02-16,22:00:00,9,3,6,FMN GV 22 Boechout
7,Victor Heylenlei 41,2022-02-16,23:00:00,1,1,0,FMN GV 22 Boechout
7,Victor Heylenlei 41,2022-02-17,00:00:00,3,0,3,FMN GV 22 Boechout
7,Victor Heylenlei 41,2022-02-17,01:00:00,0,0,0,FMN GV 22 Boechout
7,Victor Heylenlei 41,2022-02-17,02:00:00,0,0,0,FMN GV 22 Boechout
7,Victor Heylenlei 41,2022-02-17,03:00:00,2,2,0,FMN GV 22 Boechout
7,Victor Heylenlei 41,2022-02-17,04:00:00,1,1,0,FMN GV 22 Boechout
7,Victor Heylenlei 41,2022-02-17,05:00:00,7,4,3,FMN GV 22 Boechout
7,Victor Heylenlei 41,2022-02-17,06:00:00,16,10,6,FMN GV 22 Boechout
7,Victor Heylenlei 41,2022-02-17,07:00:00,75,50,25,FMN GV 22 Boechout
7,Victor Heylenlei 41,2022-02-17,08:00:00,165,65,100,FMN GV 22 Boechout
7,Victor Heylenlei 41,2022-02-17,09:00:00,42,24,18,FMN GV 22 Boechout
7,Victor Heylenlei 41,2022-02-17,10:00:00,18,7,11,FMN GV 22 Boechout
7,Victor Heylenlei 41,2022-02-17,11:00:00,27,10,17,FMN GV 22 Boechout
7,Victor Heylenlei 41,2022-02-17,12:00:00,115,60,55,FMN GV 22 Boechout
7,Victor Heylenlei 41,2022-02-17,13:00:00,33,15,18,FMN GV 22 Boechout
7,Victor Heylenlei 41,2022-02-17,14:00:00,47,16,31,FMN GV 22 Boechout
7,Victor Heylenlei 41,2022-02-17,15:00:00,58,26,32,FMN GV 22 Boechout
7,Victor Heylenlei 41,2022-02-17,16:00:00,165,110,55,FMN GV 22 Boechout
7,Victor Heylenlei 41,2022-02-17,17:00:00,76,27,49,FMN GV 22 Boechout
7,Victor Heylenlei 41,2022-02-17,18:00:00,59,18,41,FMN GV 22 Boechout
7,Victor Heylenlei 41,2022-02-17,19:00:00,25,10,15,FMN GV 22 Boechout
7,Victor Heylenlei 41,2022-02-17,20:00:00,12,6,6,FMN GV 22 Boechout
7,Victor Heylenlei 41,2022-02-17,21:00:00,9,8,1,FMN GV 22 Boechout
7,Victor Heylenlei 41,2022-02-17,22:00:00,9,4,5,FMN GV 22 Boechout
7,Victor Heylenlei 41,2022-02-17,23:00:00,4,2,2,FMN GV 22 Boechout
7,Victor Heylenlei 41,2022-02-18,00:00:00,1,1,0,FMN GV 22 Boechout
7,Victor Heylenlei 41,2022-02-18,01:00:00,2,2,0,FMN GV 22 Boechout
7,Victor Heylenlei 41,2022-02-18,02:00:00,1,1,0,FMN GV 22 Boechout
7,Victor Heylenlei 41,2022-02-18,03:00:00,0,0,0,FMN GV 22 Boechout
7,Victor Heylenlei 41,2022-02-18,04:00:00,5,4,1,FMN GV 22 Boechout
7,Victor Heylenlei 41,2022-02-18,05:00:00,3,2,1,FMN GV 22 Boechout
7,Victor Heylenlei 41,2022-02-18,06:00:00,13,9,4,FMN GV 22 Boechout
7,Victor Heylenlei 41,2022-02-18,07:00:00,51,36,15,FMN GV 22 Boechout
7,Victor Heylenlei 41,2022-02-18,08:00:00,100,43,57,FMN GV 22 Boechout
7,Victor Heylenlei 41,2022-02-18,09:00:00,17,12,5,FMN GV 22 Boechout
7,Victor Heylenlei 41,2022-02-18,10:00:00,13,6,7,FMN GV 22 Boechout
7,Victor Heylenlei 41,2022-02-18,11:00:00,18,7,11,FMN GV 22 Boechout
7,Victor Heylenlei 41,2022-02-18,12:00:00,74,48,26,FMN GV 22 Boechout
7,Victor Heylenlei 41,2022-02-18,13:00:00,37,21,16,FMN GV 22 Boechout
7,Victor Heylenlei 41,2022-02-18,14:00:00,11,1,10,FMN GV 22 Boechout
7,Victor Heylenlei 41,2022-02-18,15:00:00,10,3,7,FMN GV 22 Boechout
7,Victor Heylenlei 41,2022-02-18,16:00:00,16,6,10,FMN GV 22 Boechout
7,Victor Heylenlei 41,2022-02-18,17:00:00,11,4,7,FMN GV 22 Boechout
7,Victor Heylenlei 41,2022-02-18,18:00:00,10,4,6,FMN GV 22 Boechout
7,Victor Heylenlei 41,2022-02-18,19:00:00,15,5,10,FMN GV 22 Boechout
7,Victor Heylenlei 41,2022-02-18,20:00:00,3,0,3,FMN GV 22 Boechout
7,Victor Heylenlei 41,2022-02-18,21:00:00,2,0,2,FMN GV 22 Boechout
7,Victor Heylenlei 41,2022-02-18,22:00:00,2,0,2,FMN GV 22 Boechout
7,Victor Heylenlei 41,2022-02-18,23:00:00,3,2,1,FMN GV 22 Boechout
7,Victor Heylenlei 41,2022-02-19,00:00:00,6,2,4,FMN GV 22 Boechout
7,Victor Heylenlei 41,2022-02-19,01:00:00,5,2,3,FMN GV 22 Boechout
7,Victor Heylenlei 41,2022-02-19,02:00:00,2,0,2,FMN GV 22 Boechout
7,Victor Heylenlei 41,2022-02-19,03:00:00,2,1,1,FMN GV 22 Boechout
7,Victor Heylenlei 41,2022-02-19,04:00:00,2,1,1,FMN GV 22 Boechout
7,Victor Heylenlei 41,2022-02-19,05:00:00,4,2,2,FMN GV 22 Boechout
7,Victor Heylenlei 41,2022-02-19,06:00:00,4,2,2,FMN GV 22 Boechout
7,Victor Heylenlei 41,2022-02-19,07:00:00,3,2,1,FMN GV 22 Boechout
7,Victor Heylenlei 41,2022-02-19,08:00:00,17,3,14,FMN GV 22 Boechout
7,Victor Heylenlei 41,2022-02-19,09:00:00,34,15,19,FMN GV 22 Boechout
7,Victor Heylenlei 41,2022-02-19,10:00:00,53,21,32,FMN GV 22 Boechout
7,Victor Heylenlei 41,2022-02-19,11:00:00,63,36,27,FMN GV 22 Boechout
7,Victor Heylenlei 41,2022-02-19,12:00:00,101,67,34,FMN GV 22 Boechout
7,Victor Heylenlei 41,2022-02-19,13:00:00,53,27,26,FMN GV 22 Boechout
7,Victor Heylenlei 41,2022-02-19,14:00:00,66,28,38,FMN GV 22 Boechout
7,Victor Heylenlei 41,2022-02-19,15:00:00,30,17,13,FMN GV 22 Boechout
7,Victor Heylenlei 41,2022-02-19,16:00:00,25,20,5,FMN GV 22 Boechout
7,Victor Heylenlei 41,2022-02-19,17:00:00,18,9,9,FMN GV 22 Boechout
7,Victor Heylenlei 41,2022-02-19,18:00:00,10,8,2,FMN GV 22 Boechout
7,Victor Heylenlei 41,2022-02-19,19:00:00,5,2,3,FMN GV 22 Boechout
7,Victor Heylenlei 41,2022-02-19,20:00:00,6,2,4,FMN GV 22 Boechout
7,Victor Heylenlei 41,2022-02-19,21:00:00,8,6,2,FMN GV 22 Boechout
7,Victor Heylenlei 41,2022-02-19,22:00:00,2,0,2,FMN GV 22 Boechout
7,Victor Heylenlei 41,2022-02-19,23:00:00,6,1,5,FMN GV 22 Boechout
7,Victor Heylenlei 41,2022-02-20,00:00:00,3,0,3,FMN GV 22 Boechout
7,Victor Heylenlei 41,2022-02-20,01:00:00,2,0,2,FMN GV 22 Boechout
7,Victor Heylenlei 41,2022-02-20,02:00:00,0,0,0,FMN GV 22 Boechout
7,Victor Heylenlei 41,2022-02-20,03:00:00,1,0,1,FMN GV 22 Boechout
7,Victor Heylenlei 41,2022-02-20,04:00:00,3,2,1,FMN GV 22 Boechout
7,Victor Heylenlei 41,2022-02-20,05:00:00,3,2,1,FMN GV 22 Boechout
7,Victor Heylenlei 41,2022-02-20,06:00:00,3,2,1,FMN GV 22 Boechout
7,Victor Heylenlei 41,2022-02-20,07:00:00,2,0,2,FMN GV 22 Boechout
7,Victor Heylenlei 41,2022-02-20,08:00:00,2,1,1,FMN GV 22 Boechout
7,Victor Heylenlei 41,2022-02-20,09:00:00,21,5,16,FMN GV 22 Boechout
7,Victor Heylenlei 41,2022-02-20,10:00:00,14,7,7,FMN GV 22 Boechout
7,Victor Heylenlei 41,2022-02-20,11:00:00,11,6,5,FMN GV 22 Boechout
7,Victor Heylenlei 41,2022-02-20,12:00:00,11,9,2,FMN GV 22 Boechout
7,Victor Heylenlei 41,2022-02-20,13:00:00,13,9,4,FMN GV 22 Boechout
7,Victor Heylenlei 41,2022-02-20,14:00:00,4,0,4,FMN GV 22 Boechout
7,Victor Heylenlei 41,2022-02-20,15:00:00,4,3,1,FMN GV 22 Boechout
7,Victor Heylenlei 41,2022-02-20,16:00:00,4,2,2,FMN GV 22 Boechout
7,Victor Heylenlei 41,2022-02-20,17:00:00,3,2,1,FMN GV 22 Boechout
7,Victor Heylenlei 41,2022-02-20,18:00:00,2,2,0,FMN GV 22 Boechout
7,Victor Heylenlei 41,2022-02-20,19:00:00,2,1,1,FMN GV 22 Boechout
7,Victor Heylenlei 41,2022-02-20,20:00:00,1,1,0,FMN GV 22 Boechout
7,Victor Heylenlei 41,2022-02-20,21:00:00,0,0,0,FMN GV 22 Boechout
7,Victor Heylenlei 41,2022-02-20,22:00:00,2,0,2,FMN GV 22 Boechout
7,Victor Heylenlei 41,2022-02-20,23:00:00,2,1,1,FMN GV 22 Boechout
7,Victor Heylenlei 41,2022-02-21,00:00:00,0,0,0,FMN GV 22 Boechout
7,Victor Heylenlei 41,2022-02-21,01:00:00,0,0,0,FMN GV 22 Boechout
7,Victor Heylenlei 41,2022-02-21,02:00:00,1,0,1,FMN GV 22 Boechout
7,Victor Heylenlei 41,2022-02-21,03:00:00,0,0,0,FMN GV 22 Boechout
7,Victor Heylenlei 41,2022-02-21,04:00:00,3,3,0,FMN GV 22 Boechout
7,Victor Heylenlei 41,2022-02-21,05:00:00,11,6,5,FMN GV 22 Boechout
7,Victor Heylenlei 41,2022-02-21,06:00:00,17,15,2,FMN GV 22 Boechout
7,Victor Heylenlei 41,2022-02-21,07:00:00,56,43,13,FMN GV 22 Boechout
7,Victor Heylenlei 41,2022-02-21,08:00:00,127,45,82,FMN GV 22 Boechout
7,Victor Heylenlei 41,2022-02-21,09:00:00,28,17,11,FMN GV 22 Boechout
7,Victor Heylenlei 41,2022-02-21,10:00:00,7,0,7,FMN GV 22 Boechout
7,Victor Heylenlei 41,2022-02-21,11:00:00,13,6,7,FMN GV 22 Boechout
7,Victor Heylenlei 41,2022-02-21,12:00:00,16,8,8,FMN GV 22 Boechout
7,Victor Heylenlei 41,2022-02-21,13:00:00,7,6,1,FMN GV 22 Boechout
7,Victor Heylenlei 41,2022-02-21,14:00:00,15,6,9,FMN GV 22 Boechout
7,Victor Heylenlei 41,2022-02-21,15:00:00,28,6,22,FMN GV 22 Boechout
7,Victor Heylenlei 41,2022-02-21,16:00:00,119,77,42,FMN GV 22 Boechout
7,Victor Heylenlei 41,2022-02-21,17:00:00,57,19,38,FMN GV 22 Boechout
7,Victor Heylenlei 41,2022-02-21,18:00:00,34,9,25,FMN GV 22 Boechout
7,Victor Heylenlei 41,2022-02-21,19:00:00,17,9,8,FMN GV 22 Boechout
7,Victor Heylenlei 41,2022-02-21,20:00:00,11,5,6,FMN GV 22 Boechout
7,Victor Heylenlei 41,2022-02-21,21:00:00,11,4,7,FMN GV 22 Boechout
7,Victor Heylenlei 41,2022-02-21,22:00:00,6,1,5,FMN GV 22 Boechout
7,Victor Heylenlei 41,2022-02-21,23:00:00,4,2,2,FMN GV 22 Boechout
7,Victor Heylenlei 41,2022-02-22,00:00:00,0,0,0,FMN GV 22 Boechout
7,Victor Heylenlei 41,2022-02-22,01:00:00,0,0,0,FMN GV 22 Boechout
7,Victor Heylenlei 41,2022-02-22,02:00:00,0,0,0,FMN GV 22 Boechout
7,Victor Heylenlei 41,2022-02-22,03:00:00,1,1,0,FMN GV 22 Boechout
7,Victor Heylenlei 41,2022-02-22,04:00:00,4,3,1,FMN GV 22 Boechout
7,Victor Heylenlei 41,2022-02-22,05:00:00,12,7,5,FMN GV 22 Boechout
7,Victor Heylenlei 41,2022-02-22,06:00:00,22,20,2,FMN GV 22 Boechout
7,Victor Heylenlei 41,2022-02-22,07:00:00,78,57,21,FMN GV 22 Boechout
7,Victor Heylenlei 41,2022-02-22,08:00:00,197,76,121,FMN GV 22 Boechout
7,Victor Heylenlei 41,2022-02-22,09:00:00,40,25,15,FMN GV 22 Boechout
7,Victor Heylenlei 41,2022-02-22,10:00:00,19,12,7,FMN GV 22 Boechout
7,Victor Heylenlei 41,2022-02-22,11:00:00,14,9,5,FMN GV 22 Boechout
7,Victor Heylenlei 41,2022-02-22,12:00:00,29,16,13,FMN GV 22 Boechout
7,Victor Heylenlei 41,2022-02-22,13:00:00,28,12,16,FMN GV 22 Boechout
7,Victor Heylenlei 41,2022-02-22,14:00:00,28,13,15,FMN GV 22 Boechout
7,Victor Heylenlei 41,2022-02-22,15:00:00,39,13,26,FMN GV 22 Boechout
7,Victor Heylenlei 41,2022-02-22,16:00:00,170,116,54,FMN GV 22 Boechout
7,Victor Heylenlei 41,2022-02-22,17:00:00,74,20,54,FMN GV 22 Boechout
7,Victor Heylenlei 41,2022-02-22,18:00:00,51,9,42,FMN GV 22 Boechout
7,Victor Heylenlei 41,2022-02-22,19:00:00,25,6,19,FMN GV 22 Boechout
7,Victor Heylenlei 41,2022-02-22,20:00:00,16,7,9,FMN GV 22 Boechout
7,Victor Heylenlei 41,2022-02-22,21:00:00,10,7,3,FMN GV 22 Boechout
7,Victor Heylenlei 41,2022-02-22,22:00:00,7,5,2,FMN GV 22 Boechout
7,Victor Heylenlei 41,2022-02-22,23:00:00,2,1,1,FMN GV 22 Boechout
7,Victor Heylenlei 41,2022-02-23,00:00:00,3,2,1,FMN GV 22 Boechout
7,Victor Heylenlei 41,2022-02-23,01:00:00,0,0,0,FMN GV 22 Boechout
7,Victor Heylenlei 41,2022-02-23,02:00:00,0,0,0,FMN GV 22 Boechout
7,Victor Heylenlei 41,2022-02-23,03:00:00,0,0,0,FMN GV 22 Boechout
7,Victor Heylenlei 41,2022-02-23,04:00:00,2,2,0,FMN GV 22 Boechout
7,Victor Heylenlei 41,2022-02-23,05:00:00,17,8,9,FMN GV 22 Boechout
7,Victor Heylenlei 41,2022-02-23,06:00:00,29,24,5,FMN GV 22 Boechout
7,Victor Heylenlei 41,2022-02-23,07:00:00,109,77,32,FMN GV 22 Boechout
7,Victor Heylenlei 41,2022-02-23,08:00:00,202,86,116,FMN GV 22 Boechout
7,Victor Heylenlei 41,2022-02-23,09:00:00,52,25,27,FMN GV 22 Boechout
7,Victor Heylenlei 41,2022-02-23,10:00:00,44,19,25,FMN GV 22 Boechout
7,Victor Heylenlei 41,2022-02-23,11:00:00,66,42,24,FMN GV 22 Boechout
7,Victor Heylenlei 41,2022-02-23,12:00:00,172,125,47,FMN GV 22 Boechout
7,Victor Heylenlei 41,2022-02-23,13:00:00,139,57,82,FMN GV 22 Boechout
7,Victor Heylenlei 41,2022-02-23,14:00:00,100,47,53,FMN GV 22 Boechout
7,Victor Heylenlei 41,2022-02-23,15:00:00,116,57,59,FMN GV 22 Boechout
7,Victor Heylenlei 41,2022-02-23,16:00:00,105,34,71,FMN GV 22 Boechout
7,Victor Heylenlei 41,2022-02-23,17:00:00,128,52,76,FMN GV 22 Boechout
7,Victor Heylenlei 41,2022-02-23,18:00:00,67,28,39,FMN GV 22 Boechout
7,Victor Heylenlei 41,2022-02-23,19:00:00,30,12,18,FMN GV 22 Boechout
7,Victor Heylenlei 41,2022-02-23,20:00:00,32,16,16,FMN GV 22 Boechout
7,Victor Heylenlei 41,2022-02-23,21:00:00,11,6,5,FMN GV 22 Boechout
7,Victor Heylenlei 41,2022-02-23,22:00:00,10,0,10,FMN GV 22 Boechout
7,Victor Heylenlei 41,2022-02-23,23:00:00,4,3,1,FMN GV 22 Boechout
7,Victor Heylenlei 41,2022-02-24,00:00:00,5,2,3,FMN GV 22 Boechout
7,Victor Heylenlei 41,2022-02-24,01:00:00,1,0,1,FMN GV 22 Boechout
7,Victor Heylenlei 41,2022-02-24,02:00:00,3,2,1,FMN GV 22 Boechout
7,Victor Heylenlei 41,2022-02-24,03:00:00,0,0,0,FMN GV 22 Boechout
7,Victor Heylenlei 41,2022-02-24,04:00:00,3,2,1,FMN GV 22 Boechout
7,Victor Heylenlei 41,2022-02-24,05:00:00,16,8,8,FMN GV 22 Boechout
7,Victor Heylenlei 41,2022-02-24,06:00:00,22,20,2,FMN GV 22 Boechout
7,Victor Heylenlei 41,2022-02-24,07:00:00,101,78,23,FMN GV 22 Boechout
7,Victor Heylenlei 41,2022-02-24,08:00:00,182,69,113,FMN GV 22 Boechout
7,Victor Heylenlei 41,2022-02-24,09:00:00,42,27,15,FMN GV 22 Boechout
7,Victor Heylenlei 41,2022-02-24,10:00:00,29,11,18,FMN GV 22 Boechout
7,Victor Heylenlei 41,2022-02-24,11:00:00,27,16,11,FMN GV 22 Boechout
7,Victor Heylenlei 41,2022-02-24,12:00:00,44,20,24,FMN GV 22 Boechout
7,Victor Heylenlei 41,2022-02-24,13:00:00,24,14,10,FMN GV 22 Boechout
7,Victor Heylenlei 41,2022-02-24,14:00:00,35,11,24,FMN GV 22 Boechout
7,Victor Heylenlei 41,2022-02-24,15:00:00,33,11,22,FMN GV 22 Boechout
7,Victor Heylenlei 41,2022-02-24,16:00:00,176,109,67,FMN GV 22 Boechout
7,Victor Heylenlei 41,2022-02-24,17:00:00,96,33,63,FMN GV 22 Boechout
7,Victor Heylenlei 41,2022-02-24,18:00:00,39,9,30,FMN GV 22 Boechout
7,Victor Heylenlei 41,2022-02-24,19:00:00,14,5,9,FMN GV 22 Boechout
7,Victor Heylenlei 41,2022-02-24,20:00:00,13,6,7,FMN GV 22 Boechout
7,Victor Heylenlei 41,2022-02-24,21:00:00,7,3,4,FMN GV 22 Boechout
7,Victor Heylenlei 41,2022-02-24,22:00:00,5,1,4,FMN GV 22 Boechout
7,Victor Heylenlei 41,2022-02-24,23:00:00,4,0,4,FMN GV 22 Boechout
7,Victor Heylenlei 41,2022-02-25,00:00:00,5,4,1,FMN GV 22 Boechout
7,Victor Heylenlei 41,2022-02-25,01:00:00,0,0,0,FMN GV 22 Boechout
7,Victor Heylenlei 41,2022-02-25,02:00:00,0,0,0,FMN GV 22 Boechout
7,Victor Heylenlei 41,2022-02-25,03:00:00,0,0,0,FMN GV 22 Boechout
7,Victor Heylenlei 41,2022-02-25,04:00:00,2,1,1,FMN GV 22 Boechout
7,Victor Heylenlei 41,2022-02-25,05:00:00,13,7,6,FMN GV 22 Boechout
7,Victor Heylenlei 41,2022-02-25,06:00:00,13,11,2,FMN GV 22 Boechout
7,Victor Heylenlei 41,2022-02-25,07:00:00,75,50,25,FMN GV 22 Boechout
7,Victor Heylenlei 41,2022-02-25,08:00:00,157,51,106,FMN GV 22 Boechout
7,Victor Heylenlei 41,2022-02-25,09:00:00,36,23,13,FMN GV 22 Boechout
7,Victor Heylenlei 41,2022-02-25,10:00:00,27,14,13,FMN GV 22 Boechout
7,Victor Heylenlei 41,2022-02-25,11:00:00,24,16,8,FMN GV 22 Boechout
7,Victor Heylenlei 41,2022-02-25,12:00:00,36,19,17,FMN GV 22 Boechout
7,Victor Heylenlei 41,2022-02-25,13:00:00,23,10,13,FMN GV 22 Boechout
7,Victor Heylenlei 41,2022-02-25,14:00:00,34,11,23,FMN GV 22 Boechout
7,Victor Heylenlei 41,2022-02-25,15:00:00,70,32,38,FMN GV 22 Boechout
7,Victor Heylenlei 41,2022-02-25,16:00:00,156,108,48,FMN GV 22 Boechout
7,Victor Heylenlei 41,2022-02-25,17:00:00,69,23,46,FMN GV 22 Boechout
7,Victor Heylenlei 41,2022-02-25,18:00:00,43,16,27,FMN GV 22 Boechout
7,Victor Heylenlei 41,2022-02-25,19:00:00,35,18,17,FMN GV 22 Boechout
7,Victor Heylenlei 41,2022-02-25,20:00:00,16,8,8,FMN GV 22 Boechout
7,Victor Heylenlei 41,2022-02-25,21:00:00,10,4,6,FMN GV 22 Boechout
7,Victor Heylenlei 41,2022-02-25,22:00:00,15,4,11,FMN GV 22 Boechout
7,Victor Heylenlei 41,2022-02-25,23:00:00,4,0,4,FMN GV 22 Boechout
7,Victor Heylenlei 41,2022-02-26,00:00:00,3,1,2,FMN GV 22 Boechout
7,Victor Heylenlei 41,2022-02-26,01:00:00,6,5,1,FMN GV 22 Boechout
7,Victor Heylenlei 41,2022-02-26,02:00:00,8,5,3,FMN GV 22 Boechout
7,Victor Heylenlei 41,2022-02-26,03:00:00,5,4,1,FMN GV 22 Boechout
7,Victor Heylenlei 41,2022-02-26,04:00:00,4,3,1,FMN GV 22 Boechout
7,Victor Heylenlei 41,2022-02-26,05:00:00,4,1,3,FMN GV 22 Boechout
7,Victor Heylenlei 41,2022-02-26,06:00:00,4,2,2,FMN GV 22 Boechout
7,Victor Heylenlei 41,2022-02-26,07:00:00,5,0,5,FMN GV 22 Boechout
7,Victor Heylenlei 41,2022-02-26,08:00:00,22,12,10,FMN GV 22 Boechout
7,Victor Heylenlei 41,2022-02-26,09:00:00,40,19,21,FMN GV 22 Boechout
7,Victor Heylenlei 41,2022-02-26,10:00:00,417,175,242,FMN GV 22 Boechout
7,Victor Heylenlei 41,2022-02-26,11:00:00,248,123,125,FMN GV 22 Boechout
7,Victor Heylenlei 41,2022-02-26,12:00:00,82,44,38,FMN GV 22 Boechout
7,Victor Heylenlei 41,2022-02-26,13:00:00,108,45,63,FMN GV 22 Boechout
7,Victor Heylenlei 41,2022-02-26,14:00:00,137,67,70,FMN GV 22 Boechout
7,Victor Heylenlei 41,2022-02-26,15:00:00,126,76,50,FMN GV 22 Boechout
7,Victor Heylenlei 41,2022-02-26,16:00:00,98,60,38,FMN GV 22 Boechout
7,Victor Heylenlei 41,2022-02-26,17:00:00,63,40,23,FMN GV 22 Boechout
7,Victor Heylenlei 41,2022-02-26,18:00:00,30,19,11,FMN GV 22 Boechout
7,Victor Heylenlei 41,2022-02-26,19:00:00,16,7,9,FMN GV 22 Boechout
7,Victor Heylenlei 41,2022-02-26,20:00:00,9,5,4,FMN GV 22 Boechout
7,Victor Heylenlei 41,2022-02-26,21:00:00,10,6,4,FMN GV 22 Boechout
7,Victor Heylenlei 41,2022-02-26,22:00:00,12,6,6,FMN GV 22 Boechout
7,Victor Heylenlei 41,2022-02-26,23:00:00,8,2,6,FMN GV 22 Boechout
7,Victor Heylenlei 41,2022-02-27,00:00:00,9,4,5,FMN GV 22 Boechout
7,Victor Heylenlei 41,2022-02-27,01:00:00,7,3,4,FMN GV 22 Boechout
7,Victor Heylenlei 41,2022-02-27,02:00:00,2,0,2,FMN GV 22 Boechout
7,Victor Heylenlei 41,2022-02-27,03:00:00,3,2,1,FMN GV 22 Boechout
7,Victor Heylenlei 41,2022-02-27,04:00:00,0,0,0,FMN GV 22 Boechout
7,Victor Heylenlei 41,2022-02-27,05:00:00,3,3,0,FMN GV 22 Boechout
7,Victor Heylenlei 41,2022-02-27,06:00:00,3,1,2,FMN GV 22 Boechout
7,Victor Heylenlei 41,2022-02-27,07:00:00,8,1,7,FMN GV 22 Boechout
7,Victor Heylenlei 41,2022-02-27,08:00:00,11,4,7,FMN GV 22 Boechout
7,Victor Heylenlei 41,2022-02-27,09:00:00,86,21,65,FMN GV 22 Boechout
7,Victor Heylenlei 41,2022-02-27,10:00:00,137,49,88,FMN GV 22 Boechout
7,Victor Heylenlei 41,2022-02-27,11:00:00,164,101,63,FMN GV 22 Boechout
7,Victor Heylenlei 41,2022-02-27,12:00:00,112,60,52,FMN GV 22 Boechout
7,Victor Heylenlei 41,2022-02-27,13:00:00,160,75,85,FMN GV 22 Boechout
7,Victor Heylenlei 41,2022-02-27,14:00:00,162,62,100,FMN GV 22 Boechout
7,Victor Heylenlei 41,2022-02-27,15:00:00,155,86,69,FMN GV 22 Boechout
7,Victor Heylenlei 41,2022-02-27,16:00:00,130,77,53,FMN GV 22 Boechout
7,Victor Heylenlei 41,2022-02-27,17:00:00,68,44,24,FMN GV 22 Boechout
7,Victor Heylenlei 41,2022-02-27,18:00:00,25,9,16,FMN GV 22 Boechout
7,Victor Heylenlei 41,2022-02-27,19:00:00,14,4,10,FMN GV 22 Boechout
7,Victor Heylenlei 41,2022-02-27,20:00:00,12,10,2,FMN GV 22 Boechout
7,Victor Heylenlei 41,2022-02-27,21:00:00,8,4,4,FMN GV 22 Boechout
7,Victor Heylenlei 41,2022-02-27,22:00:00,9,2,7,FMN GV 22 Boechout
7,Victor Heylenlei 41,2022-02-27,23:00:00,5,3,2,FMN GV 22 Boechout
7,Victor Heylenlei 41,2022-02-28,00:00:00,2,1,1,FMN GV 22 Boechout
7,Victor Heylenlei 41,2022-02-28,01:00:00,2,1,1,FMN GV 22 Boechout
7,Victor Heylenlei 41,2022-02-28,02:00:00,1,1,0,FMN GV 22 Boechout
7,Victor Heylenlei 41,2022-02-28,03:00:00,0,0,0,FMN GV 22 Boechout
7,Victor Heylenlei 41,2022-02-28,04:00:00,2,2,0,FMN GV 22 Boechout
7,Victor Heylenlei 41,2022-02-28,05:00:00,5,3,2,FMN GV 22 Boechout
7,Victor Heylenlei 41,2022-02-28,06:00:00,23,18,5,FMN GV 22 Boechout
7,Victor Heylenlei 41,2022-02-28,07:00:00,63,46,17,FMN GV 22 Boechout
7,Victor Heylenlei 41,2022-02-28,08:00:00,88,61,27,FMN GV 22 Boechout
7,Victor Heylenlei 41,2022-02-28,09:00:00,35,20,15,FMN GV 22 Boechout
7,Victor Heylenlei 41,2022-02-28,10:00:00,30,15,15,FMN GV 22 Boechout
7,Victor Heylenlei 41,2022-02-28,11:00:00,56,28,28,FMN GV 22 Boechout
7,Victor Heylenlei 41,2022-02-28,12:00:00,52,32,20,FMN GV 22 Boechout
7,Victor Heylenlei 41,2022-02-28,13:00:00,94,54,40,FMN GV 22 Boechout
7,Victor Heylenlei 41,2022-02-28,14:00:00,104,49,55,FMN GV 22 Boechout
7,Victor Heylenlei 41,2022-02-28,15:00:00,109,42,67,FMN GV 22 Boechout
7,Victor Heylenlei 41,2022-02-28,16:00:00,114,47,67,FMN GV 22 Boechout
7,Victor Heylenlei 41,2022-02-28,17:00:00,127,40,87,FMN GV 22 Boechout
7,Victor Heylenlei 41,2022-02-28,18:00:00,70,29,41,FMN GV 22 Boechout
7,Victor Heylenlei 41,2022-02-28,19:00:00,24,14,10,FMN GV 22 Boechout
7,Victor Heylenlei 41,2022-02-28,20:00:00,13,10,3,FMN GV 22 Boechout
7,Victor Heylenlei 41,2022-02-28,21:00:00,26,17,9,FMN GV 22 Boechout
7,Victor Heylenlei 41,2022-02-28,22:00:00,18,7,11,FMN GV 22 Boechout
7,Victor Heylenlei 41,2022-02-28,23:00:00,2,2,0,FMN GV 22 Boechout
7,Victor Heylenlei 41,2022-03-01,00:00:00,2,0,2,FMN GV 22 Boechout
7,Victor Heylenlei 41,2022-03-01,01:00:00,0,0,0,FMN GV 22 Boechout
7,Victor Heylenlei 41,2022-03-01,02:00:00,0,0,0,FMN GV 22 Boechout
7,Victor Heylenlei 41,2022-03-01,03:00:00,0,0,0,FMN GV 22 Boechout
7,Victor Heylenlei 41,2022-03-01,04:00:00,4,3,1,FMN GV 22 Boechout
7,Victor Heylenlei 41,2022-03-01,05:00:00,7,4,3,FMN GV 22 Boechout
7,Victor Heylenlei 41,2022-03-01,06:00:00,34,27,7,FMN GV 22 Boechout
7,Victor Heylenlei 41,2022-03-01,07:00:00,58,47,11,FMN GV 22 Boechout
7,Victor Heylenlei 41,2022-03-01,08:00:00,89,68,21,FMN GV 22 Boechout
7,Victor Heylenlei 41,2022-03-01,09:00:00,48,30,18,FMN GV 22 Boechout
7,Victor Heylenlei 41,2022-03-01,10:00:00,22,12,10,FMN GV 22 Boechout
7,Victor Heylenlei 41,2022-03-01,11:00:00,28,13,15,FMN GV 22 Boechout
7,Victor Heylenlei 41,2022-03-01,12:00:00,44,27,17,FMN GV 22 Boechout
7,Victor Heylenlei 41,2022-03-01,13:00:00,47,24,23,FMN GV 22 Boechout
7,Victor Heylenlei 41,2022-03-01,14:00:00,31,11,20,FMN GV 22 Boechout
7,Victor Heylenlei 41,2022-03-01,15:00:00,71,24,47,FMN GV 22 Boechout
7,Victor Heylenlei 41,2022-03-01,16:00:00,123,47,76,FMN GV 22 Boechout
7,Victor Heylenlei 41,2022-03-01,17:00:00,101,32,69,FMN GV 22 Boechout
7,Victor Heylenlei 41,2022-03-01,18:00:00,48,10,38,FMN GV 22 Boechout
7,Victor Heylenlei 41,2022-03-01,19:00:00,27,12,15,FMN GV 22 Boechout
7,Victor Heylenlei 41,2022-03-01,20:00:00,19,11,8,FMN GV 22 Boechout
7,Victor Heylenlei 41,2022-03-01,21:00:00,8,1,7,FMN GV 22 Boechout
7,Victor Heylenlei 41,2022-03-01,22:00:00,10,7,3,FMN GV 22 Boechout
7,Victor Heylenlei 41,2022-03-01,23:00:00,3,2,1,FMN GV 22 Boechout
7,Victor Heylenlei 41,2022-03-02,00:00:00,0,0,0,FMN GV 22 Boechout
7,Victor Heylenlei 41,2022-03-02,01:00:00,3,2,1,FMN GV 22 Boechout
7,Victor Heylenlei 41,2022-03-02,02:00:00,1,0,1,FMN GV 22 Boechout
7,Victor Heylenlei 41,2022-03-02,03:00:00,1,1,0,FMN GV 22 Boechout
7,Victor Heylenlei 41,2022-03-02,04:00:00,3,2,1,FMN GV 22 Boechout
7,Victor Heylenlei 41,2022-03-02,05:00:00,6,4,2,FMN GV 22 Boechout
7,Victor Heylenlei 41,2022-03-02,06:00:00,25,18,7,FMN GV 22 Boechout
7,Victor Heylenlei 41,2022-03-02,07:00:00,78,58,20,FMN GV 22 Boechout
7,Victor Heylenlei 41,2022-03-02,08:00:00,71,50,21,FMN GV 22 Boechout
7,Victor Heylenlei 41,2022-03-02,09:00:00,41,22,19,FMN GV 22 Boechout
7,Victor Heylenlei 41,2022-03-02,10:00:00,42,20,22,FMN GV 22 Boechout
7,Victor Heylenlei 41,2022-03-02,11:00:00,39,24,15,FMN GV 22 Boechout
7,Victor Heylenlei 41,2022-03-02,12:00:00,44,21,23,FMN GV 22 Boechout
7,Victor Heylenlei 41,2022-03-02,13:00:00,61,28,33,FMN GV 22 Boechout
7,Victor Heylenlei 41,2022-03-02,14:00:00,86,33,53,FMN GV 22 Boechout
7,Victor Heylenlei 41,2022-03-02,15:00:00,98,46,52,FMN GV 22 Boechout
7,Victor Heylenlei 41,2022-03-02,16:00:00,108,44,64,FMN GV 22 Boechout
7,Victor Heylenlei 41,2022-03-02,17:00:00,106,46,60,FMN GV 22 Boechout
7,Victor Heylenlei 41,2022-03-02,18:00:00,60,24,36,FMN GV 22 Boechout
7,Victor Heylenlei 41,2022-03-02,19:00:00,34,12,22,FMN GV 22 Boechout
7,Victor Heylenlei 41,2022-03-02,20:00:00,24,7,17,FMN GV 22 Boechout
7,Victor Heylenlei 41,2022-03-02,21:00:00,5,2,3,FMN GV 22 Boechout
7,Victor Heylenlei 41,2022-03-02,22:00:00,9,6,3,FMN GV 22 Boechout
7,Victor Heylenlei 41,2022-03-02,23:00:00,5,2,3,FMN GV 22 Boechout
7,Victor Heylenlei 41,2022-03-03,00:00:00,2,0,2,FMN GV 22 Boechout
7,Victor Heylenlei 41,2022-03-03,01:00:00,1,1,0,FMN GV 22 Boechout
7,Victor Heylenlei 41,2022-03-03,02:00:00,0,0,0,FMN GV 22 Boechout
7,Victor Heylenlei 41,2022-03-03,03:00:00,1,1,0,FMN GV 22 Boechout
7,Victor Heylenlei 41,2022-03-03,04:00:00,2,2,0,FMN GV 22 Boechout
7,Victor Heylenlei 41,2022-03-03,05:00:00,4,2,2,FMN GV 22 Boechout
7,Victor Heylenlei 41,2022-03-03,06:00:00,38,29,9,FMN GV 22 Boechout
7,Victor Heylenlei 41,2022-03-03,07:00:00,67,48,19,FMN GV 22 Boechout
7,Victor Heylenlei 41,2022-03-03,08:00:00,70,56,14,FMN GV 22 Boechout
7,Victor Heylenlei 41,2022-03-03,09:00:00,31,21,10,FMN GV 22 Boechout
7,Victor Heylenlei 41,2022-03-03,10:00:00,28,12,16,FMN GV 22 Boechout
7,Victor Heylenlei 41,2022-03-03,11:00:00,57,32,25,FMN GV 22 Boechout
7,Victor Heylenlei 41,2022-03-03,12:00:00,56,24,32,FMN GV 22 Boechout
7,Victor Heylenlei 41,2022-03-03,13:00:00,100,48,52,FMN GV 22 Boechout
7,Victor Heylenlei 41,2022-03-03,14:00:00,111,46,65,FMN GV 22 Boechout
7,Victor Heylenlei 41,2022-03-03,15:00:00,93,47,46,FMN GV 22 Boechout
7,Victor Heylenlei 41,2022-03-03,16:00:00,144,58,86,FMN GV 22 Boechout
7,Victor Heylenlei 41,2022-03-03,17:00:00,117,44,73,FMN GV 22 Boechout
7,Victor Heylenlei 41,2022-03-03,18:00:00,56,22,34,FMN GV 22 Boechout
7,Victor Heylenlei 41,2022-03-03,19:00:00,27,4,23,FMN GV 22 Boechout
7,Victor Heylenlei 41,2022-03-03,20:00:00,14,6,8,FMN GV 22 Boechout
7,Victor Heylenlei 41,2022-03-03,21:00:00,24,10,14,FMN GV 22 Boechout
7,Victor Heylenlei 41,2022-03-03,22:00:00,37,18,19,FMN GV 22 Boechout
7,Victor Heylenlei 41,2022-03-03,23:00:00,6,3,3,FMN GV 22 Boechout
7,Victor Heylenlei 41,2022-03-04,00:00:00,4,2,2,FMN GV 22 Boechout
7,Victor Heylenlei 41,2022-03-04,01:00:00,7,5,2,FMN GV 22 Boechout
7,Victor Heylenlei 41,2022-03-04,02:00:00,2,0,2,FMN GV 22 Boechout
7,Victor Heylenlei 41,2022-03-04,03:00:00,1,0,1,FMN GV 22 Boechout
7,Victor Heylenlei 41,2022-03-04,04:00:00,6,5,1,FMN GV 22 Boechout
7,Victor Heylenlei 41,2022-03-04,05:00:00,11,8,3,FMN GV 22 Boechout
7,Victor Heylenlei 41,2022-03-04,06:00:00,19,16,3,FMN GV 22 Boechout
7,Victor Heylenlei 41,2022-03-04,07:00:00,51,31,20,FMN GV 22 Boechout
7,Victor Heylenlei 41,2022-03-04,08:00:00,71,52,19,FMN GV 22 Boechout
7,Victor Heylenlei 41,2022-03-04,09:00:00,35,19,16,FMN GV 22 Boechout
7,Victor Heylenlei 41,2022-03-04,10:00:00,38,17,21,FMN GV 22 Boechout
7,Victor Heylenlei 41,2022-03-04,11:00:00,51,28,23,FMN GV 22 Boechout
7,Victor Heylenlei 41,2022-03-04,12:00:00,72,37,35,FMN GV 22 Boechout
7,Victor Heylenlei 41,2022-03-04,13:00:00,100,41,59,FMN GV 22 Boechout
7,Victor Heylenlei 41,2022-03-04,14:00:00,106,40,66,FMN GV 22 Boechout
7,Victor Heylenlei 41,2022-03-04,15:00:00,133,66,67,FMN GV 22 Boechout
7,Victor Heylenlei 41,2022-03-04,16:00:00,125,63,62,FMN GV 22 Boechout
7,Victor Heylenlei 41,2022-03-04,17:00:00,97,46,51,FMN GV 22 Boechout
7,Victor Heylenlei 41,2022-03-04,18:00:00,71,33,38,FMN GV 22 Boechout
7,Victor Heylenlei 41,2022-03-04,19:00:00,37,19,18,FMN GV 22 Boechout
7,Victor Heylenlei 41,2022-03-04,20:00:00,16,9,7,FMN GV 22 Boechout
7,Victor Heylenlei 41,2022-03-04,21:00:00,17,7,10,FMN GV 22 Boechout
7,Victor Heylenlei 41,2022-03-04,22:00:00,9,3,6,FMN GV 22 Boechout
7,Victor Heylenlei 41,2022-03-04,23:00:00,7,4,3,FMN GV 22 Boechout
7,Victor Heylenlei 41,2022-03-05,00:00:00,13,7,6,FMN GV 22 Boechout
7,Victor Heylenlei 41,2022-03-05,01:00:00,9,3,6,FMN GV 22 Boechout
7,Victor Heylenlei 41,2022-03-05,02:00:00,2,1,1,FMN GV 22 Boechout
7,Victor Heylenlei 41,2022-03-05,03:00:00,2,0,2,FMN GV 22 Boechout
7,Victor Heylenlei 41,2022-03-05,04:00:00,5,2,3,FMN GV 22 Boechout
7,Victor Heylenlei 41,2022-03-05,05:00:00,4,2,2,FMN GV 22 Boechout
7,Victor Heylenlei 41,2022-03-05,06:00:00,7,5,2,FMN GV 22 Boechout
7,Victor Heylenlei 41,2022-03-05,07:00:00,5,2,3,FMN GV 22 Boechout
7,Victor Heylenlei 41,2022-03-05,08:00:00,23,6,17,FMN GV 22 Boechout
7,Victor Heylenlei 41,2022-03-05,09:00:00,44,21,23,FMN GV 22 Boechout
7,Victor Heylenlei 41,2022-03-05,10:00:00,52,29,23,FMN GV 22 Boechout
7,Victor Heylenlei 41,2022-03-05,11:00:00,84,31,53,FMN GV 22 Boechout
7,Victor Heylenlei 41,2022-03-05,12:00:00,96,58,38,FMN GV 22 Boechout
7,Victor Heylenlei 41,2022-03-05,13:00:00,134,58,76,FMN GV 22 Boechout
7,Victor Heylenlei 41,2022-03-05,14:00:00,189,78,111,FMN GV 22 Boechout
7,Victor Heylenlei 41,2022-03-05,15:00:00,140,70,70,FMN GV 22 Boechout
7,Victor Heylenlei 41,2022-03-05,16:00:00,115,69,46,FMN GV 22 Boechout
7,Victor Heylenlei 41,2022-03-05,17:00:00,80,40,40,FMN GV 22 Boechout
7,Victor Heylenlei 41,2022-03-05,18:00:00,49,30,19,FMN GV 22 Boechout
7,Victor Heylenlei 41,2022-03-05,19:00:00,22,10,12,FMN GV 22 Boechout
7,Victor Heylenlei 41,2022-03-05,20:00:00,14,4,10,FMN GV 22 Boechout
7,Victor Heylenlei 41,2022-03-05,21:00:00,15,8,7,FMN GV 22 Boechout
7,Victor Heylenlei 41,2022-03-05,22:00:00,11,5,6,FMN GV 22 Boechout
7,Victor Heylenlei 41,2022-03-05,23:00:00,10,5,5,FMN GV 22 Boechout
7,Victor Heylenlei 41,2022-03-06,00:00:00,7,2,5,FMN GV 22 Boechout
7,Victor Heylenlei 41,2022-03-06,01:00:00,3,2,1,FMN GV 22 Boechout
7,Victor Heylenlei 41,2022-03-06,02:00:00,2,0,2,FMN GV 22 Boechout
7,Victor Heylenlei 41,2022-03-06,03:00:00,2,1,1,FMN GV 22 Boechout
7,Victor Heylenlei 41,2022-03-06,04:00:00,2,0,2,FMN GV 22 Boechout
7,Victor Heylenlei 41,2022-03-06,05:00:00,4,3,1,FMN GV 22 Boechout
7,Victor Heylenlei 41,2022-03-06,06:00:00,4,3,1,FMN GV 22 Boechout
7,Victor Heylenlei 41,2022-03-06,07:00:00,6,1,5,FMN GV 22 Boechout
7,Victor Heylenlei 41,2022-03-06,08:00:00,14,7,7,FMN GV 22 Boechout
7,Victor Heylenlei 41,2022-03-06,09:00:00,58,15,43,FMN GV 22 Boechout
7,Victor Heylenlei 41,2022-03-06,10:00:00,73,34,39,FMN GV 22 Boechout
7,Victor Heylenlei 41,2022-03-06,11:00:00,94,51,43,FMN GV 22 Boechout
7,Victor Heylenlei 41,2022-03-06,12:00:00,98,64,34,FMN GV 22 Boechout
7,Victor Heylenlei 41,2022-03-06,13:00:00,118,59,59,FMN GV 22 Boechout
7,Victor Heylenlei 41,2022-03-06,14:00:00,155,68,87,FMN GV 22 Boechout
7,Victor Heylenlei 41,2022-03-06,15:00:00,87,41,46,FMN GV 22 Boechout
7,Victor Heylenlei 41,2022-03-06,16:00:00,73,38,35,FMN GV 22 Boechout
7,Victor Heylenlei 41,2022-03-06,17:00:00,89,52,37,FMN GV 22 Boechout
7,Victor Heylenlei 41,2022-03-06,18:00:00,25,15,10,FMN GV 22 Boechout
7,Victor Heylenlei 41,2022-03-06,19:00:00,13,9,4,FMN GV 22 Boechout
7,Victor Heylenlei 41,2022-03-06,20:00:00,12,7,5,FMN GV 22 Boechout
7,Victor Heylenlei 41,2022-03-06,21:00:00,8,6,2,FMN GV 22 Boechout
7,Victor Heylenlei 41,2022-03-06,22:00:00,6,1,5,FMN GV 22 Boechout
7,Victor Heylenlei 41,2022-03-06,23:00:00,2,1,1,FMN GV 22 Boechout
7,Victor Heylenlei 41,2022-03-07,00:00:00,1,0,1,FMN GV 22 Boechout
7,Victor Heylenlei 41,2022-03-07,01:00:00,4,1,3,FMN GV 22 Boechout
7,Victor Heylenlei 41,2022-03-07,02:00:00,0,0,0,FMN GV 22 Boechout
7,Victor Heylenlei 41,2022-03-07,03:00:00,0,0,0,FMN GV 22 Boechout
7,Victor Heylenlei 41,2022-03-07,04:00:00,2,2,0,FMN GV 22 Boechout
7,Victor Heylenlei 41,2022-03-07,05:00:00,12,7,5,FMN GV 22 Boechout
7,Victor Heylenlei 41,2022-03-07,06:00:00,33,29,4,FMN GV 22 Boechout
7,Victor Heylenlei 41,2022-03-07,07:00:00,118,87,31,FMN GV 22 Boechout
7,Victor Heylenlei 41,2022-03-07,08:00:00,228,93,135,FMN GV 22 Boechout
7,Victor Heylenlei 41,2022-03-07,09:00:00,47,29,18,FMN GV 22 Boechout
7,Victor Heylenlei 41,2022-03-07,10:00:00,21,8,13,FMN GV 22 Boechout
7,Victor Heylenlei 41,2022-03-07,11:00:00,28,16,12,FMN GV 22 Boechout
7,Victor Heylenlei 41,2022-03-07,12:00:00,54,33,21,FMN GV 22 Boechout
7,Victor Heylenlei 41,2022-03-07,13:00:00,57,31,26,FMN GV 22 Boechout
7,Victor Heylenlei 41,2022-03-07,14:00:00,57,32,25,FMN GV 22 Boechout
7,Victor Heylenlei 41,2022-03-07,15:00:00,81,40,41,FMN GV 22 Boechout
7,Victor Heylenlei 41,2022-03-07,16:00:00,219,119,100,FMN GV 22 Boechout
7,Victor Heylenlei 41,2022-03-07,17:00:00,122,38,84,FMN GV 22 Boechout
7,Victor Heylenlei 41,2022-03-07,18:00:00,72,23,49,FMN GV 22 Boechout
7,Victor Heylenlei 41,2022-03-07,19:00:00,32,11,21,FMN GV 22 Boechout
7,Victor Heylenlei 41,2022-03-07,20:00:00,18,7,11,FMN GV 22 Boechout
7,Victor Heylenlei 41,2022-03-07,21:00:00,16,12,4,FMN GV 22 Boechout
7,Victor Heylenlei 41,2022-03-07,22:00:00,16,6,10,FMN GV 22 Boechout
7,Victor Heylenlei 41,2022-03-07,23:00:00,2,1,1,FMN GV 22 Boechout
7,Victor Heylenlei 41,2022-03-08,00:00:00,0,0,0,FMN GV 22 Boechout
7,Victor Heylenlei 41,2022-03-08,01:00:00,1,1,0,FMN GV 22 Boechout
7,Victor Heylenlei 41,2022-03-08,02:00:00,0,0,0,FMN GV 22 Boechout
7,Victor Heylenlei 41,2022-03-08,03:00:00,0,0,0,FMN GV 22 Boechout
7,Victor Heylenlei 41,2022-03-08,04:00:00,4,2,2,FMN GV 22 Boechout
7,Victor Heylenlei 41,2022-03-08,05:00:00,10,4,6,FMN GV 22 Boechout
7,Victor Heylenlei 41,2022-03-08,06:00:00,31,27,4,FMN GV 22 Boechout
7,Victor Heylenlei 41,2022-03-08,07:00:00,122,94,28,FMN GV 22 Boechout
7,Victor Heylenlei 41,2022-03-08,08:00:00,234,94,140,FMN GV 22 Boechout
7,Victor Heylenlei 41,2022-03-08,09:00:00,42,25,17,FMN GV 22 Boechout
7,Victor Heylenlei 41,2022-03-08,10:00:00,29,20,9,FMN GV 22 Boechout
7,Victor Heylenlei 41,2022-03-08,11:00:00,54,29,25,FMN GV 22 Boechout
7,Victor Heylenlei 41,2022-03-08,12:00:00,66,33,33,FMN GV 22 Boechout
7,Victor Heylenlei 41,2022-03-08,13:00:00,61,31,30,FMN GV 22 Boechout
7,Victor Heylenlei 41,2022-03-08,14:00:00,68,31,37,FMN GV 22 Boechout
7,Victor Heylenlei 41,2022-03-08,15:00:00,83,34,49,FMN GV 22 Boechout
7,Victor Heylenlei 41,2022-03-08,16:00:00,226,139,87,FMN GV 22 Boechout
7,Victor Heylenlei 41,2022-03-08,17:00:00,148,44,104,FMN GV 22 Boechout
7,Victor Heylenlei 41,2022-03-08,18:00:00,85,40,45,FMN GV 22 Boechout
7,Victor Heylenlei 41,2022-03-08,19:00:00,38,19,19,FMN GV 22 Boechout
7,Victor Heylenlei 41,2022-03-08,20:00:00,31,12,19,FMN GV 22 Boechout
7,Victor Heylenlei 41,2022-03-08,21:00:00,20,11,9,FMN GV 22 Boechout
7,Victor Heylenlei 41,2022-03-08,22:00:00,14,4,10,FMN GV 22 Boechout
7,Victor Heylenlei 41,2022-03-08,23:00:00,5,2,3,FMN GV 22 Boechout
7,Victor Heylenlei 41,2022-03-09,00:00:00,5,2,3,FMN GV 22 Boechout
7,Victor Heylenlei 41,2022-03-09,01:00:00,1,0,1,FMN GV 22 Boechout
7,Victor Heylenlei 41,2022-03-09,02:00:00,1,1,0,FMN GV 22 Boechout
7,Victor Heylenlei 41,2022-03-09,03:00:00,0,0,0,FMN GV 22 Boechout
7,Victor Heylenlei 41,2022-03-09,04:00:00,3,2,1,FMN GV 22 Boechout
7,Victor Heylenlei 41,2022-03-09,05:00:00,11,5,6,FMN GV 22 Boechout
7,Victor Heylenlei 41,2022-03-09,06:00:00,38,28,10,FMN GV 22 Boechout
7,Victor Heylenlei 41,2022-03-09,07:00:00,129,84,45,FMN GV 22 Boechout
7,Victor Heylenlei 41,2022-03-09,08:00:00,220,87,133,FMN GV 22 Boechout
7,Victor Heylenlei 41,2022-03-09,09:00:00,63,33,30,FMN GV 22 Boechout
7,Victor Heylenlei 41,2022-03-09,10:00:00,40,27,13,FMN GV 22 Boechout
7,Victor Heylenlei 41,2022-03-09,11:00:00,52,26,26,FMN GV 22 Boechout
7,Victor Heylenlei 41,2022-03-09,12:00:00,194,138,56,FMN GV 22 Boechout
7,Victor Heylenlei 41,2022-03-09,13:00:00,106,56,50,FMN GV 22 Boechout
7,Victor Heylenlei 41,2022-03-09,14:00:00,130,59,71,FMN GV 22 Boechout
7,Victor Heylenlei 41,2022-03-09,15:00:00,100,50,50,FMN GV 22 Boechout
7,Victor Heylenlei 41,2022-03-09,16:00:00,164,69,95,FMN GV 22 Boechout
7,Victor Heylenlei 41,2022-03-09,17:00:00,155,67,88,FMN GV 22 Boechout
7,Victor Heylenlei 41,2022-03-09,18:00:00,88,43,45,FMN GV 22 Boechout
7,Victor Heylenlei 41,2022-03-09,19:00:00,45,16,29,FMN GV 22 Boechout
7,Victor Heylenlei 41,2022-03-09,20:00:00,24,10,14,FMN GV 22 Boechout
7,Victor Heylenlei 41,2022-03-09,21:00:00,19,13,6,FMN GV 22 Boechout
7,Victor Heylenlei 41,2022-03-09,22:00:00,12,2,10,FMN GV 22 Boechout
7,Victor Heylenlei 41,2022-03-09,23:00:00,8,3,5,FMN GV 22 Boechout
7,Victor Heylenlei 41,2022-03-10,00:00:00,5,1,4,FMN GV 22 Boechout
7,Victor Heylenlei 41,2022-03-10,01:00:00,2,1,1,FMN GV 22 Boechout
7,Victor Heylenlei 41,2022-03-10,02:00:00,0,0,0,FMN GV 22 Boechout
7,Victor Heylenlei 41,2022-03-10,03:00:00,1,1,0,FMN GV 22 Boechout
7,Victor Heylenlei 41,2022-03-10,04:00:00,1,0,1,FMN GV 22 Boechout
7,Victor Heylenlei 41,2022-03-10,05:00:00,15,7,8,FMN GV 22 Boechout
7,Victor Heylenlei 41,2022-03-10,06:00:00,33,28,5,FMN GV 22 Boechout
7,Victor Heylenlei 41,2022-03-10,07:00:00,163,114,49,FMN GV 22 Boechout
7,Victor Heylenlei 41,2022-03-10,08:00:00,236,110,126,FMN GV 22 Boechout
7,Victor Heylenlei 41,2022-03-10,09:00:00,49,34,15,FMN GV 22 Boechout
7,Victor Heylenlei 41,2022-03-10,10:00:00,55,24,31,FMN GV 22 Boechout
7,Victor Heylenlei 41,2022-03-10,11:00:00,64,39,25,FMN GV 22 Boechout
7,Victor Heylenlei 41,2022-03-10,12:00:00,77,34,43,FMN GV 22 Boechout
7,Victor Heylenlei 41,2022-03-10,13:00:00,126,49,77,FMN GV 22 Boechout
7,Victor Heylenlei 41,2022-03-10,14:00:00,148,73,75,FMN GV 22 Boechout
7,Victor Heylenlei 41,2022-03-10,15:00:00,152,65,87,FMN GV 22 Boechout
7,Victor Heylenlei 41,2022-03-10,16:00:00,296,164,132,FMN GV 22 Boechout
7,Victor Heylenlei 41,2022-03-10,17:00:00,196,71,125,FMN GV 22 Boechout
7,Victor Heylenlei 41,2022-03-10,18:00:00,83,40,43,FMN GV 22 Boechout
7,Victor Heylenlei 41,2022-03-10,19:00:00,60,31,29,FMN GV 22 Boechout
7,Victor Heylenlei 41,2022-03-10,20:00:00,33,18,15,FMN GV 22 Boechout
7,Victor Heylenlei 41,2022-03-10,21:00:00,12,7,5,FMN GV 22 Boechout
7,Victor Heylenlei 41,2022-03-10,22:00:00,23,8,15,FMN GV 22 Boechout
7,Victor Heylenlei 41,2022-03-10,23:00:00,13,5,8,FMN GV 22 Boechout
7,Victor Heylenlei 41,2022-03-11,00:00:00,4,0,4,FMN GV 22 Boechout
7,Victor Heylenlei 41,2022-03-11,01:00:00,2,1,1,FMN GV 22 Boechout
7,Victor Heylenlei 41,2022-03-11,02:00:00,2,0,2,FMN GV 22 Boechout
7,Victor Heylenlei 41,2022-03-11,03:00:00,1,1,0,FMN GV 22 Boechout
7,Victor Heylenlei 41,2022-03-11,04:00:00,4,3,1,FMN GV 22 Boechout
7,Victor Heylenlei 41,2022-03-11,05:00:00,18,9,9,FMN GV 22 Boechout
7,Victor Heylenlei 41,2022-03-11,06:00:00,29,25,4,FMN GV 22 Boechout
7,Victor Heylenlei 41,2022-03-11,07:00:00,125,93,32,FMN GV 22 Boechout
7,Victor Heylenlei 41,2022-03-11,08:00:00,216,67,149,FMN GV 22 Boechout
7,Victor Heylenlei 41,2022-03-11,09:00:00,64,37,27,FMN GV 22 Boechout
7,Victor Heylenlei 41,2022-03-11,10:00:00,53,24,29,FMN GV 22 Boechout
7,Victor Heylenlei 41,2022-03-11,11:00:00,46,18,28,FMN GV 22 Boechout
7,Victor Heylenlei 41,2022-03-11,12:00:00,91,56,35,FMN GV 22 Boechout
7,Victor Heylenlei 41,2022-03-11,13:00:00,87,45,42,FMN GV 22 Boechout
7,Victor Heylenlei 41,2022-03-11,14:00:00,121,54,67,FMN GV 22 Boechout
7,Victor Heylenlei 41,2022-03-11,15:00:00,141,68,73,FMN GV 22 Boechout
7,Victor Heylenlei 41,2022-03-11,16:00:00,219,138,81,FMN GV 22 Boechout
7,Victor Heylenlei 41,2022-03-11,17:00:00,119,44,75,FMN GV 22 Boechout
7,Victor Heylenlei 41,2022-03-11,18:00:00,72,29,43,FMN GV 22 Boechout
7,Victor Heylenlei 41,2022-03-11,19:00:00,46,22,24,FMN GV 22 Boechout
7,Victor Heylenlei 41,2022-03-11,20:00:00,19,10,9,FMN GV 22 Boechout
7,Victor Heylenlei 41,2022-03-11,21:00:00,9,4,5,FMN GV 22 Boechout
7,Victor Heylenlei 41,2022-03-11,22:00:00,17,6,11,FMN GV 22 Boechout
7,Victor Heylenlei 41,2022-03-11,23:00:00,8,4,4,FMN GV 22 Boechout
7,Victor Heylenlei 41,2022-03-12,00:00:00,10,9,1,FMN GV 22 Boechout
7,Victor Heylenlei 41,2022-03-12,01:00:00,12,2,10,FMN GV 22 Boechout
7,Victor Heylenlei 41,2022-03-12,02:00:00,7,5,2,FMN GV 22 Boechout
7,Victor Heylenlei 41,2022-03-12,03:00:00,5,2,3,FMN GV 22 Boechout
7,Victor Heylenlei 41,2022-03-12,04:00:00,3,2,1,FMN GV 22 Boechout
7,Victor Heylenlei 41,2022-03-12,05:00:00,4,2,2,FMN GV 22 Boechout
7,Victor Heylenlei 41,2022-03-12,06:00:00,7,3,4,FMN GV 22 Boechout
7,Victor Heylenlei 41,2022-03-12,07:00:00,12,3,9,FMN GV 22 Boechout
7,Victor Heylenlei 41,2022-03-12,08:00:00,30,14,16,FMN GV 22 Boechout
7,Victor Heylenlei 41,2022-03-12,09:00:00,76,35,41,FMN GV 22 Boechout
7,Victor Heylenlei 41,2022-03-12,10:00:00,78,30,48,FMN GV 22 Boechout
7,Victor Heylenlei 41,2022-03-12,11:00:00,89,50,39,FMN GV 22 Boechout
7,Victor Heylenlei 41,2022-03-12,12:00:00,85,47,38,FMN GV 22 Boechout
7,Victor Heylenlei 41,2022-03-12,13:00:00,128,75,53,FMN GV 22 Boechout
7,Victor Heylenlei 41,2022-03-12,14:00:00,115,61,54,FMN GV 22 Boechout
7,Victor Heylenlei 41,2022-03-12,15:00:00,138,59,79,FMN GV 22 Boechout
7,Victor Heylenlei 41,2022-03-12,16:00:00,88,44,44,FMN GV 22 Boechout
7,Victor Heylenlei 41,2022-03-12,17:00:00,92,50,42,FMN GV 22 Boechout
7,Victor Heylenlei 41,2022-03-12,18:00:00,50,27,23,FMN GV 22 Boechout
7,Victor Heylenlei 41,2022-03-12,19:00:00,21,7,14,FMN GV 22 Boechout
7,Victor Heylenlei 41,2022-03-12,20:00:00,33,18,15,FMN GV 22 Boechout
7,Victor Heylenlei 41,2022-03-12,21:00:00,15,7,8,FMN GV 22 Boechout
7,Victor Heylenlei 41,2022-03-12,22:00:00,17,6,11,FMN GV 22 Boechout
7,Victor Heylenlei 41,2022-03-12,23:00:00,9,6,3,FMN GV 22 Boechout
7,Victor Heylenlei 41,2022-03-13,00:00:00,10,7,3,FMN GV 22 Boechout
7,Victor Heylenlei 41,2022-03-13,01:00:00,7,1,6,FMN GV 22 Boechout
7,Victor Heylenlei 41,2022-03-13,02:00:00,17,2,15,FMN GV 22 Boechout
7,Victor Heylenlei 41,2022-03-13,03:00:00,7,4,3,FMN GV 22 Boechout
7,Victor Heylenlei 41,2022-03-13,04:00:00,3,2,1,FMN GV 22 Boechout
7,Victor Heylenlei 41,2022-03-13,05:00:00,4,2,2,FMN GV 22 Boechout
7,Victor Heylenlei 41,2022-03-13,06:00:00,5,5,0,FMN GV 22 Boechout
7,Victor Heylenlei 41,2022-03-13,07:00:00,9,1,8,FMN GV 22 Boechout
7,Victor Heylenlei 41,2022-03-13,08:00:00,22,12,10,FMN GV 22 Boechout
7,Victor Heylenlei 41,2022-03-13,09:00:00,107,27,80,FMN GV 22 Boechout
7,Victor Heylenlei 41,2022-03-13,10:00:00,139,62,77,FMN GV 22 Boechout
7,Victor Heylenlei 41,2022-03-13,11:00:00,170,98,72,FMN GV 22 Boechout
7,Victor Heylenlei 41,2022-03-13,12:00:00,165,96,69,FMN GV 22 Boechout
7,Victor Heylenlei 41,2022-03-13,13:00:00,152,87,65,FMN GV 22 Boechout
7,Victor Heylenlei 41,2022-03-13,14:00:00,206,81,125,FMN GV 22 Boechout
7,Victor Heylenlei 41,2022-03-13,15:00:00,179,93,86,FMN GV 22 Boechout
7,Victor Heylenlei 41,2022-03-13,16:00:00,121,67,54,FMN GV 22 Boechout
7,Victor Heylenlei 41,2022-03-13,17:00:00,75,43,32,FMN GV 22 Boechout
7,Victor Heylenlei 41,2022-03-13,18:00:00,46,28,18,FMN GV 22 Boechout
7,Victor Heylenlei 41,2022-03-13,19:00:00,23,14,9,FMN GV 22 Boechout
7,Victor Heylenlei 41,2022-03-13,20:00:00,9,5,4,FMN GV 22 Boechout
7,Victor Heylenlei 41,2022-03-13,21:00:00,6,1,5,FMN GV 22 Boechout
7,Victor Heylenlei 41,2022-03-13,22:00:00,6,0,6,FMN GV 22 Boechout
7,Victor Heylenlei 41,2022-03-13,23:00:00,5,0,5,FMN GV 22 Boechout
7,Victor Heylenlei 41,2022-03-14,00:00:00,2,2,0,FMN GV 22 Boechout
7,Victor Heylenlei 41,2022-03-14,01:00:00,1,0,1,FMN GV 22 Boechout
7,Victor Heylenlei 41,2022-03-14,02:00:00,0,0,0,FMN GV 22 Boechout
7,Victor Heylenlei 41,2022-03-14,03:00:00,1,0,1,FMN GV 22 Boechout
7,Victor Heylenlei 41,2022-03-14,04:00:00,5,4,1,FMN GV 22 Boechout
7,Victor Heylenlei 41,2022-03-14,05:00:00,14,6,8,FMN GV 22 Boechout
7,Victor Heylenlei 41,2022-03-14,06:00:00,40,36,4,FMN GV 22 Boechout
7,Victor Heylenlei 41,2022-03-14,07:00:00,135,92,43,FMN GV 22 Boechout
7,Victor Heylenlei 41,2022-03-14,08:00:00,231,113,118,FMN GV 22 Boechout
7,Victor Heylenlei 41,2022-03-14,09:00:00,47,22,25,FMN GV 22 Boechout
7,Victor Heylenlei 41,2022-03-14,10:00:00,29,16,13,FMN GV 22 Boechout
7,Victor Heylenlei 41,2022-03-14,11:00:00,41,30,11,FMN GV 22 Boechout
7,Victor Heylenlei 41,2022-03-14,12:00:00,48,26,22,FMN GV 22 Boechout
7,Victor Heylenlei 41,2022-03-14,13:00:00,58,31,27,FMN GV 22 Boechout
7,Victor Heylenlei 41,2022-03-14,14:00:00,63,22,41,FMN GV 22 Boechout
7,Victor Heylenlei 41,2022-03-14,15:00:00,99,36,63,FMN GV 22 Boechout
7,Victor Heylenlei 41,2022-03-14,16:00:00,198,118,80,FMN GV 22 Boechout
7,Victor Heylenlei 41,2022-03-14,17:00:00,160,55,105,FMN GV 22 Boechout
7,Victor Heylenlei 41,2022-03-14,18:00:00,71,31,40,FMN GV 22 Boechout
7,Victor Heylenlei 41,2022-03-14,19:00:00,31,10,21,FMN GV 22 Boechout
7,Victor Heylenlei 41,2022-03-14,20:00:00,25,13,12,FMN GV 22 Boechout
7,Victor Heylenlei 41,2022-03-14,21:00:00,10,5,5,FMN GV 22 Boechout
7,Victor Heylenlei 41,2022-03-14,22:00:00,16,5,11,FMN GV 22 Boechout
7,Victor Heylenlei 41,2022-03-14,23:00:00,6,5,1,FMN GV 22 Boechout
7,Victor Heylenlei 41,2022-03-15,00:00:00,0,0,0,FMN GV 22 Boechout
7,Victor Heylenlei 41,2022-03-15,01:00:00,0,0,0,FMN GV 22 Boechout
7,Victor Heylenlei 41,2022-03-15,02:00:00,0,0,0,FMN GV 22 Boechout
7,Victor Heylenlei 41,2022-03-15,03:00:00,1,1,0,FMN GV 22 Boechout
7,Victor Heylenlei 41,2022-03-15,04:00:00,5,4,1,FMN GV 22 Boechout
7,Victor Heylenlei 41,2022-03-15,05:00:00,15,8,7,FMN GV 22 Boechout
7,Victor Heylenlei 41,2022-03-15,06:00:00,39,34,5,FMN GV 22 Boechout
7,Victor Heylenlei 41,2022-03-15,07:00:00,136,93,43,FMN GV 22 Boechout
7,Victor Heylenlei 41,2022-03-15,08:00:00,211,90,121,FMN GV 22 Boechout
7,Victor Heylenlei 41,2022-03-15,09:00:00,43,30,13,FMN GV 22 Boechout
7,Victor Heylenlei 41,2022-03-15,10:00:00,28,14,14,FMN GV 22 Boechout
7,Victor Heylenlei 41,2022-03-15,11:00:00,38,16,22,FMN GV 22 Boechout
7,Victor Heylenlei 41,2022-03-15,12:00:00,44,25,19,FMN GV 22 Boechout
7,Victor Heylenlei 41,2022-03-15,13:00:00,54,34,20,FMN GV 22 Boechout
7,Victor Heylenlei 41,2022-03-15,14:00:00,69,40,29,FMN GV 22 Boechout
7,Victor Heylenlei 41,2022-03-15,15:00:00,114,54,60,FMN GV 22 Boechout
7,Victor Heylenlei 41,2022-03-15,16:00:00,232,138,94,FMN GV 22 Boechout
7,Victor Heylenlei 41,2022-03-15,17:00:00,162,59,103,FMN GV 22 Boechout
7,Victor Heylenlei 41,2022-03-15,18:00:00,89,31,58,FMN GV 22 Boechout
7,Victor Heylenlei 41,2022-03-15,19:00:00,36,17,19,FMN GV 22 Boechout
7,Victor Heylenlei 41,2022-03-15,20:00:00,29,16,13,FMN GV 22 Boechout
7,Victor Heylenlei 41,2022-03-15,21:00:00,15,9,6,FMN GV 22 Boechout
7,Victor Heylenlei 41,2022-03-15,22:00:00,16,5,11,FMN GV 22 Boechout
7,Victor Heylenlei 41,2022-03-15,23:00:00,9,1,8,FMN GV 22 Boechout
7,Victor Heylenlei 41,2022-03-16,00:00:00,2,0,2,FMN GV 22 Boechout
7,Victor Heylenlei 41,2022-03-16,01:00:00,1,0,1,FMN GV 22 Boechout
7,Victor Heylenlei 41,2022-03-16,02:00:00,1,0,1,FMN GV 22 Boechout
7,Victor Heylenlei 41,2022-03-16,03:00:00,1,1,0,FMN GV 22 Boechout
7,Victor Heylenlei 41,2022-03-16,04:00:00,3,3,0,FMN GV 22 Boechout
7,Victor Heylenlei 41,2022-03-16,05:00:00,19,11,8,FMN GV 22 Boechout
7,Victor Heylenlei 41,2022-03-16,06:00:00,37,29,8,FMN GV 22 Boechout
7,Victor Heylenlei 41,2022-03-16,07:00:00,146,100,46,FMN GV 22 Boechout
7,Victor Heylenlei 41,2022-03-16,08:00:00,223,103,120,FMN GV 22 Boechout
7,Victor Heylenlei 41,2022-03-16,09:00:00,55,29,26,FMN GV 22 Boechout
7,Victor Heylenlei 41,2022-03-16,10:00:00,43,20,23,FMN GV 22 Boechout
7,Victor Heylenlei 41,2022-03-16,11:00:00,60,27,33,FMN GV 22 Boechout
7,Victor Heylenlei 41,2022-03-16,12:00:00,205,142,63,FMN GV 22 Boechout
7,Victor Heylenlei 41,2022-03-16,13:00:00,134,75,59,FMN GV 22 Boechout
7,Victor Heylenlei 41,2022-03-16,14:00:00,98,47,51,FMN GV 22 Boechout
7,Victor Heylenlei 41,2022-03-16,15:00:00,97,45,52,FMN GV 22 Boechout
7,Victor Heylenlei 41,2022-03-16,16:00:00,159,65,94,FMN GV 22 Boechout
7,Victor Heylenlei 41,2022-03-16,17:00:00,142,48,94,FMN GV 22 Boechout
7,Victor Heylenlei 41,2022-03-16,18:00:00,103,51,52,FMN GV 22 Boechout
7,Victor Heylenlei 41,2022-03-16,19:00:00,41,17,24,FMN GV 22 Boechout
7,Victor Heylenlei 41,2022-03-16,20:00:00,24,12,12,FMN GV 22 Boechout
7,Victor Heylenlei 41,2022-03-16,21:00:00,15,6,9,FMN GV 22 Boechout
7,Victor Heylenlei 41,2022-03-16,22:00:00,25,8,17,FMN GV 22 Boechout
7,Victor Heylenlei 41,2022-03-16,23:00:00,11,4,7,FMN GV 22 Boechout
7,Victor Heylenlei 41,2022-03-17,00:00:00,4,0,4,FMN GV 22 Boechout
7,Victor Heylenlei 41,2022-03-17,01:00:00,0,0,0,FMN GV 22 Boechout
7,Victor Heylenlei 41,2022-03-17,02:00:00,0,0,0,FMN GV 22 Boechout
7,Victor Heylenlei 41,2022-03-17,03:00:00,1,1,0,FMN GV 22 Boechout
7,Victor Heylenlei 41,2022-03-17,04:00:00,5,4,1,FMN GV 22 Boechout
7,Victor Heylenlei 41,2022-03-17,05:00:00,20,12,8,FMN GV 22 Boechout
7,Victor Heylenlei 41,2022-03-17,06:00:00,35,24,11,FMN GV 22 Boechout
7,Victor Heylenlei 41,2022-03-17,07:00:00,129,103,26,FMN GV 22 Boechout
7,Victor Heylenlei 41,2022-03-17,08:00:00,211,97,114,FMN GV 22 Boechout
7,Victor Heylenlei 41,2022-03-17,09:00:00,59,39,20,FMN GV 22 Boechout
7,Victor Heylenlei 41,2022-03-17,10:00:00,33,15,18,FMN GV 22 Boechout
7,Victor Heylenlei 41,2022-03-17,11:00:00,39,25,14,FMN GV 22 Boechout
7,Victor Heylenlei 41,2022-03-17,12:00:00,41,25,16,FMN GV 22 Boechout
7,Victor Heylenlei 41,2022-03-17,13:00:00,67,38,29,FMN GV 22 Boechout
7,Victor Heylenlei 41,2022-03-17,14:00:00,92,49,43,FMN GV 22 Boechout
7,Victor Heylenlei 41,2022-03-17,15:00:00,90,31,59,FMN GV 22 Boechout
7,Victor Heylenlei 41,2022-03-17,16:00:00,232,137,95,FMN GV 22 Boechout
7,Victor Heylenlei 41,2022-03-17,17:00:00,158,62,96,FMN GV 22 Boechout
7,Victor Heylenlei 41,2022-03-17,18:00:00,83,29,54,FMN GV 22 Boechout
7,Victor Heylenlei 41,2022-03-17,19:00:00,71,40,31,FMN GV 22 Boechout
7,Victor Heylenlei 41,2022-03-17,20:00:00,19,12,7,FMN GV 22 Boechout
7,Victor Heylenlei 41,2022-03-17,21:00:00,24,13,11,FMN GV 22 Boechout
7,Victor Heylenlei 41,2022-03-17,22:00:00,27,6,21,FMN GV 22 Boechout
7,Victor Heylenlei 41,2022-03-17,23:00:00,8,3,5,FMN GV 22 Boechout
7,Victor Heylenlei 41,2022-03-18,00:00:00,6,1,5,FMN GV 22 Boechout
7,Victor Heylenlei 41,2022-03-18,01:00:00,6,2,4,FMN GV 22 Boechout
7,Victor Heylenlei 41,2022-03-18,02:00:00,2,1,1,FMN GV 22 Boechout
7,Victor Heylenlei 41,2022-03-18,03:00:00,1,0,1,FMN GV 22 Boechout
7,Victor Heylenlei 41,2022-03-18,04:00:00,4,4,0,FMN GV 22 Boechout
7,Victor Heylenlei 41,2022-03-18,05:00:00,13,7,6,FMN GV 22 Boechout
7,Victor Heylenlei 41,2022-03-18,06:00:00,34,26,8,FMN GV 22 Boechout
7,Victor Heylenlei 41,2022-03-18,07:00:00,115,88,27,FMN GV 22 Boechout
7,Victor Heylenlei 41,2022-03-18,08:00:00,194,71,123,FMN GV 22 Boechout
7,Victor Heylenlei 41,2022-03-18,09:00:00,58,39,19,FMN GV 22 Boechout
7,Victor Heylenlei 41,2022-03-18,10:00:00,58,35,23,FMN GV 22 Boechout
7,Victor Heylenlei 41,2022-03-18,11:00:00,69,32,37,FMN GV 22 Boechout
7,Victor Heylenlei 41,2022-03-18,12:00:00,23,15,8,FMN GV 22 Boechout
7,Victor Heylenlei 41,2022-03-18,13:00:00,0,0,0,FMN GV 22 Boechout
7,Victor Heylenlei 41,2022-03-18,14:00:00,0,0,0,FMN GV 22 Boechout
7,Victor Heylenlei 41,2022-03-18,15:00:00,0,0,0,FMN GV 22 Boechout
7,Victor Heylenlei 41,2022-03-18,16:00:00,0,0,0,FMN GV 22 Boechout
7,Victor Heylenlei 41,2022-03-18,17:00:00,0,0,0,FMN GV 22 Boechout
7,Victor Heylenlei 41,2022-03-18,18:00:00,58,21,37,FMN GV 22 Boechout
7,Victor Heylenlei 41,2022-03-18,19:00:00,39,24,15,FMN GV 22 Boechout
7,Victor Heylenlei 41,2022-03-18,20:00:00,42,24,18,FMN GV 22 Boechout
7,Victor Heylenlei 41,2022-03-18,21:00:00,33,16,17,FMN GV 22 Boechout
7,Victor Heylenlei 41,2022-03-18,22:00:00,17,6,11,FMN GV 22 Boechout
7,Victor Heylenlei 41,2022-03-18,23:00:00,17,2,15,FMN GV 22 Boechout
7,Victor Heylenlei 41,2022-03-19,00:00:00,14,4,10,FMN GV 22 Boechout
7,Victor Heylenlei 41,2022-03-19,01:00:00,8,4,4,FMN GV 22 Boechout
7,Victor Heylenlei 41,2022-03-19,02:00:00,6,2,4,FMN GV 22 Boechout
7,Victor Heylenlei 41,2022-03-19,03:00:00,5,4,1,FMN GV 22 Boechout
7,Victor Heylenlei 41,2022-03-19,04:00:00,2,1,1,FMN GV 22 Boechout
7,Victor Heylenlei 41,2022-03-19,05:00:00,6,4,2,FMN GV 22 Boechout
7,Victor Heylenlei 41,2022-03-19,06:00:00,6,2,4,FMN GV 22 Boechout
7,Victor Heylenlei 41,2022-03-19,07:00:00,13,6,7,FMN GV 22 Boechout
7,Victor Heylenlei 41,2022-03-19,08:00:00,32,13,19,FMN GV 22 Boechout
7,Victor Heylenlei 41,2022-03-19,09:00:00,89,23,66,FMN GV 22 Boechout
7,Victor Heylenlei 41,2022-03-19,10:00:00,84,35,49,FMN GV 22 Boechout
7,Victor Heylenlei 41,2022-03-19,11:00:00,114,59,55,FMN GV 22 Boechout
7,Victor Heylenlei 41,2022-03-19,12:00:00,138,70,68,FMN GV 22 Boechout
7,Victor Heylenlei 41,2022-03-19,13:00:00,128,68,60,FMN GV 22 Boechout
7,Victor Heylenlei 41,2022-03-19,14:00:00,151,77,74,FMN GV 22 Boechout
7,Victor Heylenlei 41,2022-03-19,15:00:00,100,51,49,FMN GV 22 Boechout
7,Victor Heylenlei 41,2022-03-19,16:00:00,77,44,33,FMN GV 22 Boechout
7,Victor Heylenlei 41,2022-03-19,17:00:00,93,48,45,FMN GV 22 Boechout
7,Victor Heylenlei 41,2022-03-19,18:00:00,51,25,26,FMN GV 22 Boechout
7,Victor Heylenlei 41,2022-03-19,19:00:00,19,11,8,FMN GV 22 Boechout
7,Victor Heylenlei 41,2022-03-19,20:00:00,13,10,3,FMN GV 22 Boechout
7,Victor Heylenlei 41,2022-03-19,21:00:00,7,4,3,FMN GV 22 Boechout
7,Victor Heylenlei 41,2022-03-19,22:00:00,16,7,9,FMN GV 22 Boechout
7,Victor Heylenlei 41,2022-03-19,23:00:00,11,3,8,FMN GV 22 Boechout
7,Victor Heylenlei 41,2022-03-20,00:00:00,11,9,2,FMN GV 22 Boechout
7,Victor Heylenlei 41,2022-03-20,01:00:00,7,0,7,FMN GV 22 Boechout
7,Victor Heylenlei 41,2022-03-20,02:00:00,2,1,1,FMN GV 22 Boechout
7,Victor Heylenlei 41,2022-03-20,03:00:00,7,2,5,FMN GV 22 Boechout
7,Victor Heylenlei 41,2022-03-20,04:00:00,3,1,2,FMN GV 22 Boechout
7,Victor Heylenlei 41,2022-03-20,05:00:00,4,3,1,FMN GV 22 Boechout
7,Victor Heylenlei 41,2022-03-20,06:00:00,6,4,2,FMN GV 22 Boechout
7,Victor Heylenlei 41,2022-03-20,07:00:00,6,0,6,FMN GV 22 Boechout
7,Victor Heylenlei 41,2022-03-20,08:00:00,9,4,5,FMN GV 22 Boechout
7,Victor Heylenlei 41,2022-03-20,09:00:00,60,16,44,FMN GV 22 Boechout
7,Victor Heylenlei 41,2022-03-20,10:00:00,44,16,28,FMN GV 22 Boechout
7,Victor Heylenlei 41,2022-03-20,11:00:00,68,41,27,FMN GV 22 Boechout
7,Victor Heylenlei 41,2022-03-20,12:00:00,89,44,45,FMN GV 22 Boechout
7,Victor Heylenlei 41,2022-03-20,13:00:00,90,47,43,FMN GV 22 Boechout
7,Victor Heylenlei 41,2022-03-20,14:00:00,109,59,50,FMN GV 22 Boechout
7,Victor Heylenlei 41,2022-03-20,15:00:00,93,47,46,FMN GV 22 Boechout
7,Victor Heylenlei 41,2022-03-20,16:00:00,63,38,25,FMN GV 22 Boechout
7,Victor Heylenlei 41,2022-03-20,17:00:00,80,44,36,FMN GV 22 Boechout
7,Victor Heylenlei 41,2022-03-20,18:00:00,33,15,18,FMN GV 22 Boechout
7,Victor Heylenlei 41,2022-03-20,19:00:00,17,8,9,FMN GV 22 Boechout
7,Victor Heylenlei 41,2022-03-20,20:00:00,13,9,4,FMN GV 22 Boechout
7,Victor Heylenlei 41,2022-03-20,21:00:00,6,3,3,FMN GV 22 Boechout
7,Victor Heylenlei 41,2022-03-20,22:00:00,7,1,6,FMN GV 22 Boechout
7,Victor Heylenlei 41,2022-03-20,23:00:00,5,1,4,FMN GV 22 Boechout
7,Victor Heylenlei 41,2022-03-21,00:00:00,3,3,0,FMN GV 22 Boechout
7,Victor Heylenlei 41,2022-03-21,01:00:00,1,0,1,FMN GV 22 Boechout
7,Victor Heylenlei 41,2022-03-21,02:00:00,2,1,1,FMN GV 22 Boechout
7,Victor Heylenlei 41,2022-03-21,03:00:00,1,1,0,FMN GV 22 Boechout
7,Victor Heylenlei 41,2022-03-21,04:00:00,4,4,0,FMN GV 22 Boechout
7,Victor Heylenlei 41,2022-03-21,05:00:00,17,10,7,FMN GV 22 Boechout
7,Victor Heylenlei 41,2022-03-21,06:00:00,34,26,8,FMN GV 22 Boechout
7,Victor Heylenlei 41,2022-03-21,07:00:00,135,100,35,FMN GV 22 Boechout
7,Victor Heylenlei 41,2022-03-21,08:00:00,244,117,127,FMN GV 22 Boechout
7,Victor Heylenlei 41,2022-03-21,09:00:00,110,41,69,FMN GV 22 Boechout
7,Victor Heylenlei 41,2022-03-21,10:00:00,72,54,18,FMN GV 22 Boechout
7,Victor Heylenlei 41,2022-03-21,11:00:00,52,30,22,FMN GV 22 Boechout
7,Victor Heylenlei 41,2022-03-21,12:00:00,84,57,27,FMN GV 22 Boechout
7,Victor Heylenlei 41,2022-03-21,13:00:00,105,39,66,FMN GV 22 Boechout
7,Victor Heylenlei 41,2022-03-21,14:00:00,174,98,76,FMN GV 22 Boechout
7,Victor Heylenlei 41,2022-03-21,15:00:00,150,68,82,FMN GV 22 Boechout
7,Victor Heylenlei 41,2022-03-21,16:00:00,210,101,109,FMN GV 22 Boechout
7,Victor Heylenlei 41,2022-03-21,17:00:00,180,64,116,FMN GV 22 Boechout
7,Victor Heylenlei 41,2022-03-21,18:00:00,95,35,60,FMN GV 22 Boechout
7,Victor Heylenlei 41,2022-03-21,19:00:00,33,14,19,FMN GV 22 Boechout
7,Victor Heylenlei 41,2022-03-21,20:00:00,25,10,15,FMN GV 22 Boechout
7,Victor Heylenlei 41,2022-03-21,21:00:00,15,5,10,FMN GV 22 Boechout
7,Victor Heylenlei 41,2022-03-21,22:00:00,17,7,10,FMN GV 22 Boechout
7,Victor Heylenlei 41,2022-03-21,23:00:00,4,2,2,FMN GV 22 Boechout
7,Victor Heylenlei 41,2022-03-22,00:00:00,6,2,4,FMN GV 22 Boechout
7,Victor Heylenlei 41,2022-03-22,01:00:00,3,1,2,FMN GV 22 Boechout
7,Victor Heylenlei 41,2022-03-22,02:00:00,0,0,0,FMN GV 22 Boechout
7,Victor Heylenlei 41,2022-03-22,03:00:00,0,0,0,FMN GV 22 Boechout
7,Victor Heylenlei 41,2022-03-22,04:00:00,6,5,1,FMN GV 22 Boechout
7,Victor Heylenlei 41,2022-03-22,05:00:00,20,14,6,FMN GV 22 Boechout
7,Victor Heylenlei 41,2022-03-22,06:00:00,42,33,9,FMN GV 22 Boechout
7,Victor Heylenlei 41,2022-03-22,07:00:00,144,109,35,FMN GV 22 Boechout
7,Victor Heylenlei 41,2022-03-22,08:00:00,270,131,139,FMN GV 22 Boechout
7,Victor Heylenlei 41,2022-03-22,09:00:00,54,35,19,FMN GV 22 Boechout
7,Victor Heylenlei 41,2022-03-22,10:00:00,75,57,18,FMN GV 22 Boechout
7,Victor Heylenlei 41,2022-03-22,11:00:00,62,36,26,FMN GV 22 Boechout
7,Victor Heylenlei 41,2022-03-22,12:00:00,38,19,19,FMN GV 22 Boechout
7,Victor Heylenlei 41,2022-03-22,13:00:00,0,0,0,FMN GV 22 Boechout
7,Victor Heylenlei 41,2022-03-22,14:00:00,0,0,0,FMN GV 22 Boechout
7,Victor Heylenlei 41,2022-03-22,15:00:00,0,0,0,FMN GV 22 Boechout
7,Victor Heylenlei 41,2022-03-22,16:00:00,154,46,108,FMN GV 22 Boechout
7,Victor Heylenlei 41,2022-03-22,17:00:00,202,65,137,FMN GV 22 Boechout
7,Victor Heylenlei 41,2022-03-22,18:00:00,124,54,70,FMN GV 22 Boechout
7,Victor Heylenlei 41,2022-03-22,19:00:00,39,19,20,FMN GV 22 Boechout
7,Victor Heylenlei 41,2022-03-22,20:00:00,30,15,15,FMN GV 22 Boechout
7,Victor Heylenlei 41,2022-03-22,21:00:00,26,12,14,FMN GV 22 Boechout
7,Victor Heylenlei 41,2022-03-22,22:00:00,21,9,12,FMN GV 22 Boechout
7,Victor Heylenlei 41,2022-03-22,23:00:00,15,7,8,FMN GV 22 Boechout
7,Victor Heylenlei 41,2022-03-23,00:00:00,3,0,3,FMN GV 22 Boechout
7,Victor Heylenlei 41,2022-03-23,01:00:00,2,1,1,FMN GV 22 Boechout
7,Victor Heylenlei 41,2022-03-23,02:00:00,1,0,1,FMN GV 22 Boechout
7,Victor Heylenlei 41,2022-03-23,03:00:00,0,0,0,FMN GV 22 Boechout
7,Victor Heylenlei 41,2022-03-23,04:00:00,2,1,1,FMN GV 22 Boechout
7,Victor Heylenlei 41,2022-03-23,05:00:00,18,11,7,FMN GV 22 Boechout
7,Victor Heylenlei 41,2022-03-23,06:00:00,38,28,10,FMN GV 22 Boechout
7,Victor Heylenlei 41,2022-03-23,07:00:00,132,91,41,FMN GV 22 Boechout
7,Victor Heylenlei 41,2022-03-23,08:00:00,243,107,136,FMN GV 22 Boechout
7,Victor Heylenlei 41,2022-03-23,09:00:00,65,39,26,FMN GV 22 Boechout
7,Victor Heylenlei 41,2022-03-23,10:00:00,116,83,33,FMN GV 22 Boechout
7,Victor Heylenlei 41,2022-03-23,11:00:00,73,47,26,FMN GV 22 Boechout
7,Victor Heylenlei 41,2022-03-23,12:00:00,168,104,64,FMN GV 22 Boechout
7,Victor Heylenlei 41,2022-03-23,13:00:00,138,47,91,FMN GV 22 Boechout
7,Victor Heylenlei 41,2022-03-23,14:00:00,144,75,69,FMN GV 22 Boechout
7,Victor Heylenlei 41,2022-03-23,15:00:00,144,87,57,FMN GV 22 Boechout
7,Victor Heylenlei 41,2022-03-23,16:00:00,185,84,101,FMN GV 22 Boechout
7,Victor Heylenlei 41,2022-03-23,17:00:00,193,67,126,FMN GV 22 Boechout
7,Victor Heylenlei 41,2022-03-23,18:00:00,141,61,80,FMN GV 22 Boechout
7,Victor Heylenlei 41,2022-03-23,19:00:00,66,35,31,FMN GV 22 Boechout
7,Victor Heylenlei 41,2022-03-23,20:00:00,33,21,12,FMN GV 22 Boechout
7,Victor Heylenlei 41,2022-03-23,21:00:00,15,6,9,FMN GV 22 Boechout
7,Victor Heylenlei 41,2022-03-23,22:00:00,21,8,13,FMN GV 22 Boechout
7,Victor Heylenlei 41,2022-03-23,23:00:00,9,0,9,FMN GV 22 Boechout
7,Victor Heylenlei 41,2022-03-24,00:00:00,4,2,2,FMN GV 22 Boechout
7,Victor Heylenlei 41,2022-03-24,01:00:00,4,1,3,FMN GV 22 Boechout
7,Victor Heylenlei 41,2022-03-24,02:00:00,1,1,0,FMN GV 22 Boechout
7,Victor Heylenlei 41,2022-03-24,03:00:00,0,0,0,FMN GV 22 Boechout
7,Victor Heylenlei 41,2022-03-24,04:00:00,6,4,2,FMN GV 22 Boechout
7,Victor Heylenlei 41,2022-03-24,05:00:00,20,12,8,FMN GV 22 Boechout
7,Victor Heylenlei 41,2022-03-24,06:00:00,42,34,8,FMN GV 22 Boechout
7,Victor Heylenlei 41,2022-03-24,07:00:00,157,110,47,FMN GV 22 Boechout
7,Victor Heylenlei 41,2022-03-24,08:00:00,228,104,124,FMN GV 22 Boechout
7,Victor Heylenlei 41,2022-03-24,09:00:00,70,47,23,FMN GV 22 Boechout
7,Victor Heylenlei 41,2022-03-24,10:00:00,99,62,37,FMN GV 22 Boechout
7,Victor Heylenlei 41,2022-03-24,11:00:00,70,53,17,FMN GV 22 Boechout
7,Victor Heylenlei 41,2022-03-24,12:00:00,123,80,43,FMN GV 22 Boechout
7,Victor Heylenlei 41,2022-03-24,13:00:00,111,53,58,FMN GV 22 Boechout
7,Victor Heylenlei 41,2022-03-24,14:00:00,128,49,79,FMN GV 22 Boechout
7,Victor Heylenlei 41,2022-03-24,15:00:00,129,52,77,FMN GV 22 Boechout
7,Victor Heylenlei 41,2022-03-24,16:00:00,222,85,137,FMN GV 22 Boechout
7,Victor Heylenlei 41,2022-03-24,17:00:00,176,69,107,FMN GV 22 Boechout
7,Victor Heylenlei 41,2022-03-24,18:00:00,113,54,59,FMN GV 22 Boechout
7,Victor Heylenlei 41,2022-03-24,19:00:00,59,28,31,FMN GV 22 Boechout
7,Victor Heylenlei 41,2022-03-24,20:00:00,39,23,16,FMN GV 22 Boechout
7,Victor Heylenlei 41,2022-03-24,21:00:00,19,11,8,FMN GV 22 Boechout
7,Victor Heylenlei 41,2022-03-24,22:00:00,33,10,23,FMN GV 22 Boechout
7,Victor Heylenlei 41,2022-03-24,23:00:00,13,6,7,FMN GV 22 Boechout
7,Victor Heylenlei 41,2022-03-25,00:00:00,7,2,5,FMN GV 22 Boechout
7,Victor Heylenlei 41,2022-03-25,01:00:00,3,0,3,FMN GV 22 Boechout
7,Victor Heylenlei 41,2022-03-25,02:00:00,1,0,1,FMN GV 22 Boechout
7,Victor Heylenlei 41,2022-03-25,03:00:00,0,0,0,FMN GV 22 Boechout
7,Victor Heylenlei 41,2022-03-25,04:00:00,5,4,1,FMN GV 22 Boechout
7,Victor Heylenlei 41,2022-03-25,05:00:00,24,17,7,FMN GV 22 Boechout
7,Victor Heylenlei 41,2022-03-25,06:00:00,33,26,7,FMN GV 22 Boechout
7,Victor Heylenlei 41,2022-03-25,07:00:00,142,92,50,FMN GV 22 Boechout
7,Victor Heylenlei 41,2022-03-25,08:00:00,225,93,132,FMN GV 22 Boechout
7,Victor Heylenlei 41,2022-03-25,09:00:00,52,28,24,FMN GV 22 Boechout
7,Victor Heylenlei 41,2022-03-25,10:00:00,100,73,27,FMN GV 22 Boechout
7,Victor Heylenlei 41,2022-03-25,11:00:00,108,65,43,FMN GV 22 Boechout
7,Victor Heylenlei 41,2022-03-25,12:00:00,91,52,39,FMN GV 22 Boechout
7,Victor Heylenlei 41,2022-03-25,13:00:00,101,55,46,FMN GV 22 Boechout
7,Victor Heylenlei 41,2022-03-25,14:00:00,111,45,66,FMN GV 22 Boechout
7,Victor Heylenlei 41,2022-03-25,15:00:00,160,73,87,FMN GV 22 Boechout
7,Victor Heylenlei 41,2022-03-25,16:00:00,183,101,82,FMN GV 22 Boechout
7,Victor Heylenlei 41,2022-03-25,17:00:00,145,53,92,FMN GV 22 Boechout
7,Victor Heylenlei 41,2022-03-25,18:00:00,96,43,53,FMN GV 22 Boechout
7,Victor Heylenlei 41,2022-03-25,19:00:00,31,8,23,FMN GV 22 Boechout
7,Victor Heylenlei 41,2022-03-25,20:00:00,24,11,13,FMN GV 22 Boechout
7,Victor Heylenlei 41,2022-03-25,21:00:00,34,21,13,FMN GV 22 Boechout
7,Victor Heylenlei 41,2022-03-25,22:00:00,18,3,15,FMN GV 22 Boechout
7,Victor Heylenlei 41,2022-03-25,23:00:00,20,13,7,FMN GV 22 Boechout
7,Victor Heylenlei 41,2022-03-26,00:00:00,14,8,6,FMN GV 22 Boechout
7,Victor Heylenlei 41,2022-03-26,01:00:00,9,5,4,FMN GV 22 Boechout
7,Victor Heylenlei 41,2022-03-26,02:00:00,6,5,1,FMN GV 22 Boechout
7,Victor Heylenlei 41,2022-03-26,03:00:00,1,0,1,FMN GV 22 Boechout
7,Victor Heylenlei 41,2022-03-26,04:00:00,3,2,1,FMN GV 22 Boechout
7,Victor Heylenlei 41,2022-03-26,05:00:00,7,4,3,FMN GV 22 Boechout
7,Victor Heylenlei 41,2022-03-26,06:00:00,8,4,4,FMN GV 22 Boechout
7,Victor Heylenlei 41,2022-03-26,07:00:00,11,3,8,FMN GV 22 Boechout
7,Victor Heylenlei 41,2022-03-26,08:00:00,33,15,18,FMN GV 22 Boechout
7,Victor Heylenlei 41,2022-03-26,09:00:00,85,28,57,FMN GV 22 Boechout
7,Victor Heylenlei 41,2022-03-26,10:00:00,89,31,58,FMN GV 22 Boechout
7,Victor Heylenlei 41,2022-03-26,11:00:00,116,62,54,FMN GV 22 Boechout
7,Victor Heylenlei 41,2022-03-26,12:00:00,101,50,51,FMN GV 22 Boechout
7,Victor Heylenlei 41,2022-03-26,13:00:00,191,90,101,FMN GV 22 Boechout
7,Victor Heylenlei 41,2022-03-26,14:00:00,226,102,124,FMN GV 22 Boechout
7,Victor Heylenlei 41,2022-03-26,15:00:00,151,73,78,FMN GV 22 Boechout
7,Victor Heylenlei 41,2022-03-26,16:00:00,167,80,87,FMN GV 22 Boechout
7,Victor Heylenlei 41,2022-03-26,17:00:00,130,83,47,FMN GV 22 Boechout
7,Victor Heylenlei 41,2022-03-26,18:00:00,57,34,23,FMN GV 22 Boechout
7,Victor Heylenlei 41,2022-03-26,19:00:00,41,21,20,FMN GV 22 Boechout
7,Victor Heylenlei 41,2022-03-26,20:00:00,19,8,11,FMN GV 22 Boechout
7,Victor Heylenlei 41,2022-03-26,21:00:00,12,5,7,FMN GV 22 Boechout
7,Victor Heylenlei 41,2022-03-26,22:00:00,24,14,10,FMN GV 22 Boechout
7,Victor Heylenlei 41,2022-03-26,23:00:00,14,6,8,FMN GV 22 Boechout
7,Victor Heylenlei 41,2022-03-27,00:00:00,21,7,14,FMN GV 22 Boechout
7,Victor Heylenlei 41,2022-03-27,01:00:00,6,3,3,FMN GV 22 Boechout
7,Victor Heylenlei 41,2022-03-27,02:00:00,0,0,0,FMN GV 22 Boechout
7,Victor Heylenlei 41,2022-03-27,03:00:00,6,3,3,FMN GV 22 Boechout
7,Victor Heylenlei 41,2022-03-27,04:00:00,7,4,3,FMN GV 22 Boechout
7,Victor Heylenlei 41,2022-03-27,05:00:00,3,2,1,FMN GV 22 Boechout
7,Victor Heylenlei 41,2022-03-27,06:00:00,5,2,3,FMN GV 22 Boechout
7,Victor Heylenlei 41,2022-03-27,07:00:00,11,1,10,FMN GV 22 Boechout
7,Victor Heylenlei 41,2022-03-27,08:00:00,19,6,13,FMN GV 22 Boechout
7,Victor Heylenlei 41,2022-03-27,09:00:00,65,28,37,FMN GV 22 Boechout
7,Victor Heylenlei 41,2022-03-27,10:00:00,71,38,33,FMN GV 22 Boechout
7,Victor Heylenlei 41,2022-03-27,11:00:00,116,75,41,FMN GV 22 Boechout
7,Victor Heylenlei 41,2022-03-27,12:00:00,142,79,63,FMN GV 22 Boechout
7,Victor Heylenlei 41,2022-03-27,13:00:00,162,81,81,FMN GV 22 Boechout
7,Victor Heylenlei 41,2022-03-27,14:00:00,117,50,67,FMN GV 22 Boechout
7,Victor Heylenlei 41,2022-03-27,15:00:00,109,46,63,FMN GV 22 Boechout
7,Victor Heylenlei 41,2022-03-27,16:00:00,107,57,50,FMN GV 22 Boechout
7,Victor Heylenlei 41,2022-03-27,17:00:00,126,62,64,FMN GV 22 Boechout
7,Victor Heylenlei 41,2022-03-27,18:00:00,85,47,38,FMN GV 22 Boechout
7,Victor Heylenlei 41,2022-03-27,19:00:00,36,22,14,FMN GV 22 Boechout
7,Victor Heylenlei 41,2022-03-27,20:00:00,28,15,13,FMN GV 22 Boechout
7,Victor Heylenlei 41,2022-03-27,21:00:00,10,6,4,FMN GV 22 Boechout
7,Victor Heylenlei 41,2022-03-27,22:00:00,10,2,8,FMN GV 22 Boechout
7,Victor Heylenlei 41,2022-03-27,23:00:00,2,0,2,FMN GV 22 Boechout
7,Victor Heylenlei 41,2022-03-28,00:00:00,2,2,0,FMN GV 22 Boechout
7,Victor Heylenlei 41,2022-03-28,01:00:00,4,1,3,FMN GV 22 Boechout
7,Victor Heylenlei 41,2022-03-28,02:00:00,0,0,0,FMN GV 22 Boechout
7,Victor Heylenlei 41,2022-03-28,03:00:00,1,1,0,FMN GV 22 Boechout
7,Victor Heylenlei 41,2022-03-28,04:00:00,7,4,3,FMN GV 22 Boechout
7,Victor Heylenlei 41,2022-03-28,05:00:00,7,2,5,FMN GV 22 Boechout
7,Victor Heylenlei 41,2022-03-28,06:00:00,36,27,9,FMN GV 22 Boechout
7,Victor Heylenlei 41,2022-03-28,07:00:00,132,92,40,FMN GV 22 Boechout
7,Victor Heylenlei 41,2022-03-28,08:00:00,241,106,135,FMN GV 22 Boechout
7,Victor Heylenlei 41,2022-03-28,09:00:00,56,30,26,FMN GV 22 Boechout
7,Victor Heylenlei 41,2022-03-28,10:00:00,55,39,16,FMN GV 22 Boechout
7,Victor Heylenlei 41,2022-03-28,11:00:00,60,29,31,FMN GV 22 Boechout
7,Victor Heylenlei 41,2022-03-28,12:00:00,123,97,26,FMN GV 22 Boechout
7,Victor Heylenlei 41,2022-03-28,13:00:00,115,60,55,FMN GV 22 Boechout
7,Victor Heylenlei 41,2022-03-28,14:00:00,116,63,53,FMN GV 22 Boechout
7,Victor Heylenlei 41,2022-03-28,15:00:00,164,67,97,FMN GV 22 Boechout
7,Victor Heylenlei 41,2022-03-28,16:00:00,205,87,118,FMN GV 22 Boechout
7,Victor Heylenlei 41,2022-03-28,17:00:00,171,63,108,FMN GV 22 Boechout
7,Victor Heylenlei 41,2022-03-28,18:00:00,103,38,65,FMN GV 22 Boechout
7,Victor Heylenlei 41,2022-03-28,19:00:00,53,21,32,FMN GV 22 Boechout
7,Victor Heylenlei 41,2022-03-28,20:00:00,34,23,11,FMN GV 22 Boechout
7,Victor Heylenlei 41,2022-03-28,21:00:00,16,6,10,FMN GV 22 Boechout
7,Victor Heylenlei 41,2022-03-28,22:00:00,18,7,11,FMN GV 22 Boechout
7,Victor Heylenlei 41,2022-03-28,23:00:00,0,0,0,FMN GV 22 Boechout
7,Victor Heylenlei 41,2022-03-29,00:00:00,3,2,1,FMN GV 22 Boechout
7,Victor Heylenlei 41,2022-03-29,01:00:00,1,0,1,FMN GV 22 Boechout
7,Victor Heylenlei 41,2022-03-29,02:00:00,1,1,0,FMN GV 22 Boechout
7,Victor Heylenlei 41,2022-03-29,03:00:00,0,0,0,FMN GV 22 Boechout
7,Victor Heylenlei 41,2022-03-29,04:00:00,3,2,1,FMN GV 22 Boechout
7,Victor Heylenlei 41,2022-03-29,05:00:00,11,7,4,FMN GV 22 Boechout
7,Victor Heylenlei 41,2022-03-29,06:00:00,40,32,8,FMN GV 22 Boechout
7,Victor Heylenlei 41,2022-03-29,07:00:00,127,91,36,FMN GV 22 Boechout
7,Victor Heylenlei 41,2022-03-29,08:00:00,255,111,144,FMN GV 22 Boechout
7,Victor Heylenlei 41,2022-03-29,09:00:00,74,49,25,FMN GV 22 Boechout
7,Victor Heylenlei 41,2022-03-29,10:00:00,71,50,21,FMN GV 22 Boechout
7,Victor Heylenlei 41,2022-03-29,11:00:00,50,32,18,FMN GV 22 Boechout
7,Victor Heylenlei 41,2022-03-29,12:00:00,72,43,29,FMN GV 22 Boechout
7,Victor Heylenlei 41,2022-03-29,13:00:00,55,29,26,FMN GV 22 Boechout
7,Victor Heylenlei 41,2022-03-29,14:00:00,68,36,32,FMN GV 22 Boechout
7,Victor Heylenlei 41,2022-03-29,15:00:00,80,26,54,FMN GV 22 Boechout
7,Victor Heylenlei 41,2022-03-29,16:00:00,168,78,90,FMN GV 22 Boechout
7,Victor Heylenlei 41,2022-03-29,17:00:00,142,49,93,FMN GV 22 Boechout
7,Victor Heylenlei 41,2022-03-29,18:00:00,102,34,68,FMN GV 22 Boechout
7,Victor Heylenlei 41,2022-03-29,19:00:00,37,16,21,FMN GV 22 Boechout
7,Victor Heylenlei 41,2022-03-29,20:00:00,46,26,20,FMN GV 22 Boechout
7,Victor Heylenlei 41,2022-03-29,21:00:00,47,22,25,FMN GV 22 Boechout
7,Victor Heylenlei 41,2022-03-29,22:00:00,14,11,3,FMN GV 22 Boechout
7,Victor Heylenlei 41,2022-03-29,23:00:00,9,2,7,FMN GV 22 Boechout
7,Victor Heylenlei 41,2022-03-30,00:00:00,3,0,3,FMN GV 22 Boechout
7,Victor Heylenlei 41,2022-03-30,01:00:00,1,0,1,FMN GV 22 Boechout
7,Victor Heylenlei 41,2022-03-30,02:00:00,3,2,1,FMN GV 22 Boechout
7,Victor Heylenlei 41,2022-03-30,03:00:00,0,0,0,FMN GV 22 Boechout
7,Victor Heylenlei 41,2022-03-30,04:00:00,5,4,1,FMN GV 22 Boechout
7,Victor Heylenlei 41,2022-03-30,05:00:00,22,16,6,FMN GV 22 Boechout
7,Victor Heylenlei 41,2022-03-30,06:00:00,38,31,7,FMN GV 22 Boechout
7,Victor Heylenlei 41,2022-03-30,07:00:00,117,85,32,FMN GV 22 Boechout
7,Victor Heylenlei 41,2022-03-30,08:00:00,218,78,140,FMN GV 22 Boechout
7,Victor Heylenlei 41,2022-03-30,09:00:00,62,28,34,FMN GV 22 Boechout
7,Victor Heylenlei 41,2022-03-30,10:00:00,39,20,19,FMN GV 22 Boechout
7,Victor Heylenlei 41,2022-03-30,11:00:00,112,95,17,FMN GV 22 Boechout
7,Victor Heylenlei 41,2022-03-30,12:00:00,105,47,58,FMN GV 22 Boechout
7,Victor Heylenlei 41,2022-03-30,13:00:00,98,46,52,FMN GV 22 Boechout
7,Victor Heylenlei 41,2022-03-30,14:00:00,88,33,55,FMN GV 22 Boechout
7,Victor Heylenlei 41,2022-03-30,15:00:00,78,34,44,FMN GV 22 Boechout
7,Victor Heylenlei 41,2022-03-30,16:00:00,113,40,73,FMN GV 22 Boechout
7,Victor Heylenlei 41,2022-03-30,17:00:00,127,47,80,FMN GV 22 Boechout
7,Victor Heylenlei 41,2022-03-30,18:00:00,90,43,47,FMN GV 22 Boechout
7,Victor Heylenlei 41,2022-03-30,19:00:00,59,37,22,FMN GV 22 Boechout
7,Victor Heylenlei 41,2022-03-30,20:00:00,58,37,21,FMN GV 22 Boechout
7,Victor Heylenlei 41,2022-03-30,21:00:00,15,6,9,FMN GV 22 Boechout
7,Victor Heylenlei 41,2022-03-30,22:00:00,30,11,19,FMN GV 22 Boechout
7,Victor Heylenlei 41,2022-03-30,23:00:00,7,2,5,FMN GV 22 Boechout
7,Victor Heylenlei 41,2022-03-31,00:00:00,6,0,6,FMN GV 22 Boechout
7,Victor Heylenlei 41,2022-03-31,01:00:00,1,0,1,FMN GV 22 Boechout
7,Victor Heylenlei 41,2022-03-31,02:00:00,1,0,1,FMN GV 22 Boechout
7,Victor Heylenlei 41,2022-03-31,03:00:00,0,0,0,FMN GV 22 Boechout
7,Victor Heylenlei 41,2022-03-31,04:00:00,2,2,0,FMN GV 22 Boechout
7,Victor Heylenlei 41,2022-03-31,05:00:00,8,5,3,FMN GV 22 Boechout
7,Victor Heylenlei 41,2022-03-31,06:00:00,21,14,7,FMN GV 22 Boechout
7,Victor Heylenlei 41,2022-03-31,07:00:00,80,56,24,FMN GV 22 Boechout
7,Victor Heylenlei 41,2022-03-31,08:00:00,127,74,53,FMN GV 22 Boechout
7,Victor Heylenlei 41,2022-03-31,09:00:00,35,25,10,FMN GV 22 Boechout
7,Victor Heylenlei 41,2022-03-31,10:00:00,27,14,13,FMN GV 22 Boechout
7,Victor Heylenlei 41,2022-03-31,11:00:00,24,15,9,FMN GV 22 Boechout
7,Victor Heylenlei 41,2022-03-31,12:00:00,28,17,11,FMN GV 22 Boechout
7,Victor Heylenlei 41,2022-03-31,13:00:00,43,21,22,FMN GV 22 Boechout
7,Victor Heylenlei 41,2022-03-31,14:00:00,42,23,19,FMN GV 22 Boechout
7,Victor Heylenlei 41,2022-03-31,15:00:00,52,19,33,FMN GV 22 Boechout
7,Victor Heylenlei 41,2022-03-31,16:00:00,82,39,43,FMN GV 22 Boechout
7,Victor Heylenlei 41,2022-03-31,17:00:00,97,31,66,FMN GV 22 Boechout
7,Victor Heylenlei 41,2022-03-31,18:00:00,65,25,40,FMN GV 22 Boechout
7,Victor Heylenlei 41,2022-03-31,19:00:00,18,6,12,FMN GV 22 Boechout
7,Victor Heylenlei 41,2022-03-31,20:00:00,25,11,14,FMN GV 22 Boechout
7,Victor Heylenlei 41,2022-03-31,21:00:00,12,7,5,FMN GV 22 Boechout
7,Victor Heylenlei 41,2022-03-31,22:00:00,15,6,9,FMN GV 22 Boechout
7,Victor Heylenlei 41,2022-03-31,23:00:00,7,3,4,FMN GV 22 Boechout
7,Victor Heylenlei 41,2022-04-01,00:00:00,4,1,3,FMN GV 22 Boechout
7,Victor Heylenlei 41,2022-04-01,01:00:00,6,3,3,FMN GV 22 Boechout
7,Victor Heylenlei 41,2022-04-01,02:00:00,0,0,0,FMN GV 22 Boechout
7,Victor Heylenlei 41,2022-04-01,03:00:00,0,0,0,FMN GV 22 Boechout
7,Victor Heylenlei 41,2022-04-01,04:00:00,2,2,0,FMN GV 22 Boechout
7,Victor Heylenlei 41,2022-04-01,05:00:00,7,2,5,FMN GV 22 Boechout
7,Victor Heylenlei 41,2022-04-01,06:00:00,15,11,4,FMN GV 22 Boechout
7,Victor Heylenlei 41,2022-04-01,07:00:00,51,32,19,FMN GV 22 Boechout
7,Victor Heylenlei 41,2022-04-01,08:00:00,129,32,97,FMN GV 22 Boechout
7,Victor Heylenlei 41,2022-04-01,09:00:00,23,12,11,FMN GV 22 Boechout
7,Victor Heylenlei 41,2022-04-01,10:00:00,68,58,10,FMN GV 22 Boechout
7,Victor Heylenlei 41,2022-04-01,11:00:00,18,13,5,FMN GV 22 Boechout
7,Victor Heylenlei 41,2022-04-01,12:00:00,23,14,9,FMN GV 22 Boechout
7,Victor Heylenlei 41,2022-04-01,13:00:00,20,10,10,FMN GV 22 Boechout
7,Victor Heylenlei 41,2022-04-01,14:00:00,25,9,16,FMN GV 22 Boechout
7,Victor Heylenlei 41,2022-04-01,15:00:00,42,17,25,FMN GV 22 Boechout
7,Victor Heylenlei 41,2022-04-01,16:00:00,65,34,31,FMN GV 22 Boechout
7,Victor Heylenlei 41,2022-04-01,17:00:00,48,17,31,FMN GV 22 Boechout
7,Victor Heylenlei 41,2022-04-01,18:00:00,30,9,21,FMN GV 22 Boechout
7,Victor Heylenlei 41,2022-04-01,19:00:00,40,16,24,FMN GV 22 Boechout
7,Victor Heylenlei 41,2022-04-01,20:00:00,31,11,20,FMN GV 22 Boechout
7,Victor Heylenlei 41,2022-04-01,21:00:00,15,4,11,FMN GV 22 Boechout
7,Victor Heylenlei 41,2022-04-01,22:00:00,8,3,5,FMN GV 22 Boechout
7,Victor Heylenlei 41,2022-04-01,23:00:00,10,2,8,FMN GV 22 Boechout
7,Victor Heylenlei 41,2022-04-02,00:00:00,17,12,5,FMN GV 22 Boechout
7,Victor Heylenlei 41,2022-04-02,01:00:00,18,13,5,FMN GV 22 Boechout
7,Victor Heylenlei 41,2022-04-02,02:00:00,6,1,5,FMN GV 22 Boechout
7,Victor Heylenlei 41,2022-04-02,03:00:00,8,0,8,FMN GV 22 Boechout
7,Victor Heylenlei 41,2022-04-02,04:00:00,11,2,9,FMN GV 22 Boechout
7,Victor Heylenlei 41,2022-04-02,05:00:00,9,4,5,FMN GV 22 Boechout
7,Victor Heylenlei 41,2022-04-02,06:00:00,13,9,4,FMN GV 22 Boechout
7,Victor Heylenlei 41,2022-04-02,07:00:00,8,7,1,FMN GV 22 Boechout
7,Victor Heylenlei 41,2022-04-02,08:00:00,15,7,8,FMN GV 22 Boechout
7,Victor Heylenlei 41,2022-04-02,09:00:00,16,11,5,FMN GV 22 Boechout
7,Victor Heylenlei 41,2022-04-02,10:00:00,51,22,29,FMN GV 22 Boechout
7,Victor Heylenlei 41,2022-04-02,11:00:00,48,27,21,FMN GV 22 Boechout
7,Victor Heylenlei 41,2022-04-02,12:00:00,50,32,18,FMN GV 22 Boechout
7,Victor Heylenlei 41,2022-04-02,13:00:00,41,20,21,FMN GV 22 Boechout
7,Victor Heylenlei 41,2022-04-02,14:00:00,73,34,39,FMN GV 22 Boechout
7,Victor Heylenlei 41,2022-04-02,15:00:00,53,28,25,FMN GV 22 Boechout
7,Victor Heylenlei 41,2022-04-02,16:00:00,29,17,12,FMN GV 22 Boechout
7,Victor Heylenlei 41,2022-04-02,17:00:00,35,17,18,FMN GV 22 Boechout
7,Victor Heylenlei 41,2022-04-02,18:00:00,17,11,6,FMN GV 22 Boechout
7,Victor Heylenlei 41,2022-04-02,19:00:00,10,7,3,FMN GV 22 Boechout
7,Victor Heylenlei 41,2022-04-02,20:00:00,4,1,3,FMN GV 22 Boechout
7,Victor Heylenlei 41,2022-04-02,21:00:00,9,7,2,FMN GV 22 Boechout
7,Victor Heylenlei 41,2022-04-02,22:00:00,6,2,4,FMN GV 22 Boechout
7,Victor Heylenlei 41,2022-04-02,23:00:00,4,0,4,FMN GV 22 Boechout
7,Victor Heylenlei 41,2022-04-03,00:00:00,4,0,4,FMN GV 22 Boechout
7,Victor Heylenlei 41,2022-04-03,01:00:00,4,1,3,FMN GV 22 Boechout
7,Victor Heylenlei 41,2022-04-03,02:00:00,3,0,3,FMN GV 22 Boechout
7,Victor Heylenlei 41,2022-04-03,03:00:00,2,1,1,FMN GV 22 Boechout
7,Victor Heylenlei 41,2022-04-03,04:00:00,2,2,0,FMN GV 22 Boechout
7,Victor Heylenlei 41,2022-04-03,05:00:00,2,2,0,FMN GV 22 Boechout
7,Victor Heylenlei 41,2022-04-03,06:00:00,3,2,1,FMN GV 22 Boechout
7,Victor Heylenlei 41,2022-04-03,07:00:00,5,4,1,FMN GV 22 Boechout
7,Victor Heylenlei 41,2022-04-03,08:00:00,16,8,8,FMN GV 22 Boechout
7,Victor Heylenlei 41,2022-04-03,09:00:00,45,15,30,FMN GV 22 Boechout
7,Victor Heylenlei 41,2022-04-03,10:00:00,77,43,34,FMN GV 22 Boechout
7,Victor Heylenlei 41,2022-04-03,11:00:00,119,71,48,FMN GV 22 Boechout
7,Victor Heylenlei 41,2022-04-03,12:00:00,117,58,59,FMN GV 22 Boechout
7,Victor Heylenlei 41,2022-04-03,13:00:00,77,43,34,FMN GV 22 Boechout
7,Victor Heylenlei 41,2022-04-03,14:00:00,64,40,24,FMN GV 22 Boechout
7,Victor Heylenlei 41,2022-04-03,15:00:00,43,18,25,FMN GV 22 Boechout
7,Victor Heylenlei 41,2022-04-03,16:00:00,20,10,10,FMN GV 22 Boechout
7,Victor Heylenlei 41,2022-04-03,17:00:00,39,23,16,FMN GV 22 Boechout
7,Victor Heylenlei 41,2022-04-03,18:00:00,47,28,19,FMN GV 22 Boechout
7,Victor Heylenlei 41,2022-04-03,19:00:00,24,13,11,FMN GV 22 Boechout
7,Victor Heylenlei 41,2022-04-03,20:00:00,10,8,2,FMN GV 22 Boechout
7,Victor Heylenlei 41,2022-04-03,21:00:00,13,6,7,FMN GV 22 Boechout
7,Victor Heylenlei 41,2022-04-03,22:00:00,4,0,4,FMN GV 22 Boechout
7,Victor Heylenlei 41,2022-04-03,23:00:00,5,3,2,FMN GV 22 Boechout
7,Victor Heylenlei 41,2022-04-04,00:00:00,1,0,1,FMN GV 22 Boechout
7,Victor Heylenlei 41,2022-04-04,01:00:00,2,2,0,FMN GV 22 Boechout
7,Victor Heylenlei 41,2022-04-04,02:00:00,1,0,1,FMN GV 22 Boechout
7,Victor Heylenlei 41,2022-04-04,03:00:00,0,0,0,FMN GV 22 Boechout
7,Victor Heylenlei 41,2022-04-04,04:00:00,1,1,0,FMN GV 22 Boechout
7,Victor Heylenlei 41,2022-04-04,05:00:00,10,5,5,FMN GV 22 Boechout
7,Victor Heylenlei 41,2022-04-04,06:00:00,23,20,3,FMN GV 22 Boechout
7,Victor Heylenlei 41,2022-04-04,07:00:00,61,43,18,FMN GV 22 Boechout
7,Victor Heylenlei 41,2022-04-04,08:00:00,58,42,16,FMN GV 22 Boechout
7,Victor Heylenlei 41,2022-04-04,09:00:00,26,14,12,FMN GV 22 Boechout
7,Victor Heylenlei 41,2022-04-04,10:00:00,13,6,7,FMN GV 22 Boechout
7,Victor Heylenlei 41,2022-04-04,11:00:00,18,11,7,FMN GV 22 Boechout
7,Victor Heylenlei 41,2022-04-04,12:00:00,16,9,7,FMN GV 22 Boechout
7,Victor Heylenlei 41,2022-04-04,13:00:00,13,7,6,FMN GV 22 Boechout
7,Victor Heylenlei 41,2022-04-04,14:00:00,20,7,13,FMN GV 22 Boechout
7,Victor Heylenlei 41,2022-04-04,15:00:00,15,9,6,FMN GV 22 Boechout
7,Victor Heylenlei 41,2022-04-04,16:00:00,35,8,27,FMN GV 22 Boechout
7,Victor Heylenlei 41,2022-04-04,17:00:00,59,15,44,FMN GV 22 Boechout
7,Victor Heylenlei 41,2022-04-04,18:00:00,34,7,27,FMN GV 22 Boechout
7,Victor Heylenlei 41,2022-04-04,19:00:00,12,1,11,FMN GV 22 Boechout
7,Victor Heylenlei 41,2022-04-04,20:00:00,5,3,2,FMN GV 22 Boechout
7,Victor Heylenlei 41,2022-04-04,21:00:00,27,14,13,FMN GV 22 Boechout
7,Victor Heylenlei 41,2022-04-04,22:00:00,5,3,2,FMN GV 22 Boechout
7,Victor Heylenlei 41,2022-04-04,23:00:00,3,2,1,FMN GV 22 Boechout
7,Victor Heylenlei 41,2022-04-05,00:00:00,1,0,1,FMN GV 22 Boechout
7,Victor Heylenlei 41,2022-04-05,01:00:00,1,0,1,FMN GV 22 Boechout
7,Victor Heylenlei 41,2022-04-05,02:00:00,0,0,0,FMN GV 22 Boechout
7,Victor Heylenlei 41,2022-04-05,03:00:00,2,2,0,FMN GV 22 Boechout
7,Victor Heylenlei 41,2022-04-05,04:00:00,0,0,0,FMN GV 22 Boechout
7,Victor Heylenlei 41,2022-04-05,05:00:00,13,5,8,FMN GV 22 Boechout
7,Victor Heylenlei 41,2022-04-05,06:00:00,11,9,2,FMN GV 22 Boechout
7,Victor Heylenlei 41,2022-04-05,07:00:00,49,37,12,FMN GV 22 Boechout
7,Victor Heylenlei 41,2022-04-05,08:00:00,58,44,14,FMN GV 22 Boechout
7,Victor Heylenlei 41,2022-04-05,09:00:00,19,14,5,FMN GV 22 Boechout
7,Victor Heylenlei 41,2022-04-05,10:00:00,7,4,3,FMN GV 22 Boechout
7,Victor Heylenlei 41,2022-04-05,11:00:00,10,3,7,FMN GV 22 Boechout
7,Victor Heylenlei 41,2022-04-05,12:00:00,24,15,9,FMN GV 22 Boechout
7,Victor Heylenlei 41,2022-04-05,13:00:00,16,9,7,FMN GV 22 Boechout
7,Victor Heylenlei 41,2022-04-05,14:00:00,16,7,9,FMN GV 22 Boechout
7,Victor Heylenlei 41,2022-04-05,15:00:00,15,6,9,FMN GV 22 Boechout
7,Victor Heylenlei 41,2022-04-05,16:00:00,52,20,32,FMN GV 22 Boechout
7,Victor Heylenlei 41,2022-04-05,17:00:00,84,28,56,FMN GV 22 Boechout
7,Victor Heylenlei 41,2022-04-05,18:00:00,60,19,41,FMN GV 22 Boechout
7,Victor Heylenlei 41,2022-04-05,19:00:00,26,14,12,FMN GV 22 Boechout
7,Victor Heylenlei 41,2022-04-05,20:00:00,9,3,6,FMN GV 22 Boechout
7,Victor Heylenlei 41,2022-04-05,21:00:00,8,6,2,FMN GV 22 Boechout
7,Victor Heylenlei 41,2022-04-05,22:00:00,13,7,6,FMN GV 22 Boechout
7,Victor Heylenlei 41,2022-04-05,23:00:00,4,1,3,FMN GV 22 Boechout
7,Victor Heylenlei 41,2022-04-06,00:00:00,0,0,0,FMN GV 22 Boechout
7,Victor Heylenlei 41,2022-04-06,01:00:00,0,0,0,FMN GV 22 Boechout
7,Victor Heylenlei 41,2022-04-06,02:00:00,0,0,0,FMN GV 22 Boechout
7,Victor Heylenlei 41,2022-04-06,03:00:00,1,1,0,FMN GV 22 Boechout
7,Victor Heylenlei 41,2022-04-06,04:00:00,2,1,1,FMN GV 22 Boechout
7,Victor Heylenlei 41,2022-04-06,05:00:00,13,5,8,FMN GV 22 Boechout
7,Victor Heylenlei 41,2022-04-06,06:00:00,13,10,3,FMN GV 22 Boechout
7,Victor Heylenlei 41,2022-04-06,07:00:00,57,41,16,FMN GV 22 Boechout
7,Victor Heylenlei 41,2022-04-06,08:00:00,50,35,15,FMN GV 22 Boechout
7,Victor Heylenlei 41,2022-04-06,09:00:00,31,21,10,FMN GV 22 Boechout
7,Victor Heylenlei 41,2022-04-06,10:00:00,23,14,9,FMN GV 22 Boechout
7,Victor Heylenlei 41,2022-04-06,11:00:00,24,14,10,FMN GV 22 Boechout
7,Victor Heylenlei 41,2022-04-06,12:00:00,35,25,10,FMN GV 22 Boechout
7,Victor Heylenlei 41,2022-04-06,13:00:00,26,15,11,FMN GV 22 Boechout
7,Victor Heylenlei 41,2022-04-06,14:00:00,34,18,16,FMN GV 22 Boechout
7,Victor Heylenlei 41,2022-04-06,15:00:00,21,11,10,FMN GV 22 Boechout
7,Victor Heylenlei 41,2022-04-06,16:00:00,39,13,26,FMN GV 22 Boechout
7,Victor Heylenlei 41,2022-04-06,17:00:00,69,21,48,FMN GV 22 Boechout
7,Victor Heylenlei 41,2022-04-06,18:00:00,30,8,22,FMN GV 22 Boechout
7,Victor Heylenlei 41,2022-04-06,19:00:00,16,4,12,FMN GV 22 Boechout
7,Victor Heylenlei 41,2022-04-06,20:00:00,15,10,5,FMN GV 22 Boechout
7,Victor Heylenlei 41,2022-04-06,21:00:00,7,5,2,FMN GV 22 Boechout
7,Victor Heylenlei 41,2022-04-06,22:00:00,5,2,3,FMN GV 22 Boechout
7,Victor Heylenlei 41,2022-04-06,23:00:00,4,3,1,FMN GV 22 Boechout
7,Victor Heylenlei 41,2022-04-07,00:00:00,2,0,2,FMN GV 22 Boechout
7,Victor Heylenlei 41,2022-04-07,01:00:00,3,1,2,FMN GV 22 Boechout
7,Victor Heylenlei 41,2022-04-07,02:00:00,0,0,0,FMN GV 22 Boechout
7,Victor Heylenlei 41,2022-04-07,03:00:00,0,0,0,FMN GV 22 Boechout
7,Victor Heylenlei 41,2022-04-07,04:00:00,1,1,0,FMN GV 22 Boechout
7,Victor Heylenlei 41,2022-04-07,05:00:00,11,4,7,FMN GV 22 Boechout
7,Victor Heylenlei 41,2022-04-07,06:00:00,9,5,4,FMN GV 22 Boechout
7,Victor Heylenlei 41,2022-04-07,07:00:00,38,25,13,FMN GV 22 Boechout
7,Victor Heylenlei 41,2022-04-07,08:00:00,45,36,9,FMN GV 22 Boechout
7,Victor Heylenlei 41,2022-04-07,09:00:00,11,7,4,FMN GV 22 Boechout
7,Victor Heylenlei 41,2022-04-07,10:00:00,6,4,2,FMN GV 22 Boechout
7,Victor Heylenlei 41,2022-04-07,11:00:00,6,2,4,FMN GV 22 Boechout
7,Victor Heylenlei 41,2022-04-07,12:00:00,27,12,15,FMN GV 22 Boechout
7,Victor Heylenlei 41,2022-04-07,13:00:00,19,11,8,FMN GV 22 Boechout
7,Victor Heylenlei 41,2022-04-07,14:00:00,21,11,10,FMN GV 22 Boechout
7,Victor Heylenlei 41,2022-04-07,15:00:00,19,11,8,FMN GV 22 Boechout
7,Victor Heylenlei 41,2022-04-07,16:00:00,40,23,17,FMN GV 22 Boechout
7,Victor Heylenlei 41,2022-04-07,17:00:00,58,17,41,FMN GV 22 Boechout
7,Victor Heylenlei 41,2022-04-07,18:00:00,30,9,21,FMN GV 22 Boechout
7,Victor Heylenlei 41,2022-04-07,19:00:00,9,3,6,FMN GV 22 Boechout
7,Victor Heylenlei 41,2022-04-07,20:00:00,8,6,2,FMN GV 22 Boechout
7,Victor Heylenlei 41,2022-04-07,21:00:00,11,4,7,FMN GV 22 Boechout
7,Victor Heylenlei 41,2022-04-07,22:00:00,4,2,2,FMN GV 22 Boechout
7,Victor Heylenlei 41,2022-04-07,23:00:00,6,3,3,FMN GV 22 Boechout
7,Victor Heylenlei 41,2022-04-08,00:00:00,1,0,1,FMN GV 22 Boechout
7,Victor Heylenlei 41,2022-04-08,01:00:00,2,1,1,FMN GV 22 Boechout
7,Victor Heylenlei 41,2022-04-08,02:00:00,0,0,0,FMN GV 22 Boechout
7,Victor Heylenlei 41,2022-04-08,03:00:00,0,0,0,FMN GV 22 Boechout
7,Victor Heylenlei 41,2022-04-08,04:00:00,5,3,2,FMN GV 22 Boechout
7,Victor Heylenlei 41,2022-04-08,05:00:00,8,4,4,FMN GV 22 Boechout
7,Victor Heylenlei 41,2022-04-08,06:00:00,15,11,4,FMN GV 22 Boechout
7,Victor Heylenlei 41,2022-04-08,07:00:00,38,21,17,FMN GV 22 Boechout
7,Victor Heylenlei 41,2022-04-08,08:00:00,55,39,16,FMN GV 22 Boechout
7,Victor Heylenlei 41,2022-04-08,09:00:00,22,8,14,FMN GV 22 Boechout
7,Victor Heylenlei 41,2022-04-08,10:00:00,32,19,13,FMN GV 22 Boechout
7,Victor Heylenlei 41,2022-04-08,11:00:00,35,21,14,FMN GV 22 Boechout
7,Victor Heylenlei 41,2022-04-08,12:00:00,35,21,14,FMN GV 22 Boechout
7,Victor Heylenlei 41,2022-04-08,13:00:00,38,21,17,FMN GV 22 Boechout
7,Victor Heylenlei 41,2022-04-08,14:00:00,45,20,25,FMN GV 22 Boechout
7,Victor Heylenlei 41,2022-04-08,15:00:00,37,12,25,FMN GV 22 Boechout
7,Victor Heylenlei 41,2022-04-08,16:00:00,56,26,30,FMN GV 22 Boechout
7,Victor Heylenlei 41,2022-04-08,17:00:00,61,21,40,FMN GV 22 Boechout
7,Victor Heylenlei 41,2022-04-08,18:00:00,34,6,28,FMN GV 22 Boechout
7,Victor Heylenlei 41,2022-04-08,19:00:00,37,21,16,FMN GV 22 Boechout
7,Victor Heylenlei 41,2022-04-08,20:00:00,15,5,10,FMN GV 22 Boechout
7,Victor Heylenlei 41,2022-04-08,21:00:00,8,7,1,FMN GV 22 Boechout
7,Victor Heylenlei 41,2022-04-08,22:00:00,6,5,1,FMN GV 22 Boechout
7,Victor Heylenlei 41,2022-04-08,23:00:00,13,4,9,FMN GV 22 Boechout
7,Victor Heylenlei 41,2022-04-09,00:00:00,5,4,1,FMN GV 22 Boechout
7,Victor Heylenlei 41,2022-04-09,01:00:00,7,1,6,FMN GV 22 Boechout
7,Victor Heylenlei 41,2022-04-09,02:00:00,7,5,2,FMN GV 22 Boechout
7,Victor Heylenlei 41,2022-04-09,03:00:00,4,1,3,FMN GV 22 Boechout
7,Victor Heylenlei 41,2022-04-09,04:00:00,9,5,4,FMN GV 22 Boechout
7,Victor Heylenlei 41,2022-04-09,05:00:00,5,3,2,FMN GV 22 Boechout
7,Victor Heylenlei 41,2022-04-09,06:00:00,5,4,1,FMN GV 22 Boechout
7,Victor Heylenlei 41,2022-04-09,07:00:00,4,2,2,FMN GV 22 Boechout
7,Victor Heylenlei 41,2022-04-09,08:00:00,14,7,7,FMN GV 22 Boechout
7,Victor Heylenlei 41,2022-04-09,09:00:00,29,10,19,FMN GV 22 Boechout
7,Victor Heylenlei 41,2022-04-09,10:00:00,42,18,24,FMN GV 22 Boechout
7,Victor Heylenlei 41,2022-04-09,11:00:00,55,35,20,FMN GV 22 Boechout
7,Victor Heylenlei 41,2022-04-09,12:00:00,47,28,19,FMN GV 22 Boechout
7,Victor Heylenlei 41,2022-04-09,13:00:00,70,48,22,FMN GV 22 Boechout
7,Victor Heylenlei 41,2022-04-09,14:00:00,72,36,36,FMN GV 22 Boechout
7,Victor Heylenlei 41,2022-04-09,15:00:00,75,32,43,FMN GV 22 Boechout
7,Victor Heylenlei 41,2022-04-09,16:00:00,75,49,26,FMN GV 22 Boechout
7,Victor Heylenlei 41,2022-04-09,17:00:00,46,23,23,FMN GV 22 Boechout
7,Victor Heylenlei 41,2022-04-09,18:00:00,29,20,9,FMN GV 22 Boechout
7,Victor Heylenlei 41,2022-04-09,19:00:00,14,6,8,FMN GV 22 Boechout
7,Victor Heylenlei 41,2022-04-09,20:00:00,11,7,4,FMN GV 22 Boechout
7,Victor Heylenlei 41,2022-04-09,21:00:00,6,4,2,FMN GV 22 Boechout
7,Victor Heylenlei 41,2022-04-09,22:00:00,3,1,2,FMN GV 22 Boechout
7,Victor Heylenlei 41,2022-04-09,23:00:00,6,3,3,FMN GV 22 Boechout
7,Victor Heylenlei 41,2022-04-10,00:00:00,9,5,4,FMN GV 22 Boechout
7,Victor Heylenlei 41,2022-04-10,01:00:00,5,1,4,FMN GV 22 Boechout
7,Victor Heylenlei 41,2022-04-10,02:00:00,1,0,1,FMN GV 22 Boechout
7,Victor Heylenlei 41,2022-04-10,03:00:00,1,0,1,FMN GV 22 Boechout
7,Victor Heylenlei 41,2022-04-10,04:00:00,3,1,2,FMN GV 22 Boechout
7,Victor Heylenlei 41,2022-04-10,05:00:00,3,2,1,FMN GV 22 Boechout
7,Victor Heylenlei 41,2022-04-10,06:00:00,6,5,1,FMN GV 22 Boechout
7,Victor Heylenlei 41,2022-04-10,07:00:00,3,1,2,FMN GV 22 Boechout
7,Victor Heylenlei 41,2022-04-10,08:00:00,8,3,5,FMN GV 22 Boechout
7,Victor Heylenlei 41,2022-04-10,09:00:00,74,17,57,FMN GV 22 Boechout
7,Victor Heylenlei 41,2022-04-10,10:00:00,109,53,56,FMN GV 22 Boechout
7,Victor Heylenlei 41,2022-04-10,11:00:00,134,75,59,FMN GV 22 Boechout
7,Victor Heylenlei 41,2022-04-10,12:00:00,132,76,56,FMN GV 22 Boechout
7,Victor Heylenlei 41,2022-04-10,13:00:00,100,48,52,FMN GV 22 Boechout
7,Victor Heylenlei 41,2022-04-10,14:00:00,154,71,83,FMN GV 22 Boechout
7,Victor Heylenlei 41,2022-04-10,15:00:00,131,60,71,FMN GV 22 Boechout
7,Victor Heylenlei 41,2022-04-10,16:00:00,104,59,45,FMN GV 22 Boechout
7,Victor Heylenlei 41,2022-04-10,17:00:00,93,48,45,FMN GV 22 Boechout
7,Victor Heylenlei 41,2022-04-10,18:00:00,55,31,24,FMN GV 22 Boechout
7,Victor Heylenlei 41,2022-04-10,19:00:00,25,16,9,FMN GV 22 Boechout
7,Victor Heylenlei 41,2022-04-10,20:00:00,15,9,6,FMN GV 22 Boechout
7,Victor Heylenlei 41,2022-04-10,21:00:00,6,2,4,FMN GV 22 Boechout
7,Victor Heylenlei 41,2022-04-10,22:00:00,10,6,4,FMN GV 22 Boechout
7,Victor Heylenlei 41,2022-04-10,23:00:00,6,1,5,FMN GV 22 Boechout
7,Victor Heylenlei 41,2022-04-11,00:00:00,1,0,1,FMN GV 22 Boechout
7,Victor Heylenlei 41,2022-04-11,01:00:00,2,1,1,FMN GV 22 Boechout
7,Victor Heylenlei 41,2022-04-11,02:00:00,0,0,0,FMN GV 22 Boechout
7,Victor Heylenlei 41,2022-04-11,03:00:00,1,1,0,FMN GV 22 Boechout
7,Victor Heylenlei 41,2022-04-11,04:00:00,4,3,1,FMN GV 22 Boechout
7,Victor Heylenlei 41,2022-04-11,05:00:00,7,6,1,FMN GV 22 Boechout
7,Victor Heylenlei 41,2022-04-11,06:00:00,28,22,6,FMN GV 22 Boechout
7,Victor Heylenlei 41,2022-04-11,07:00:00,81,54,27,FMN GV 22 Boechout
7,Victor Heylenlei 41,2022-04-11,08:00:00,88,62,26,FMN GV 22 Boechout
7,Victor Heylenlei 41,2022-04-11,09:00:00,39,17,22,FMN GV 22 Boechout
7,Victor Heylenlei 41,2022-04-11,10:00:00,34,15,19,FMN GV 22 Boechout
7,Victor Heylenlei 41,2022-04-11,11:00:00,43,27,16,FMN GV 22 Boechout
7,Victor Heylenlei 41,2022-04-11,12:00:00,60,37,23,FMN GV 22 Boechout
7,Victor Heylenlei 41,2022-04-11,13:00:00,105,42,63,FMN GV 22 Boechout
7,Victor Heylenlei 41,2022-04-11,14:00:00,108,49,59,FMN GV 22 Boechout
7,Victor Heylenlei 41,2022-04-11,15:00:00,83,39,44,FMN GV 22 Boechout
7,Victor Heylenlei 41,2022-04-11,16:00:00,108,60,48,FMN GV 22 Boechout
7,Victor Heylenlei 41,2022-04-11,17:00:00,127,46,81,FMN GV 22 Boechout
7,Victor Heylenlei 41,2022-04-11,18:00:00,91,32,59,FMN GV 22 Boechout
7,Victor Heylenlei 41,2022-04-11,19:00:00,74,43,31,FMN GV 22 Boechout
7,Victor Heylenlei 41,2022-04-11,20:00:00,38,25,13,FMN GV 22 Boechout
7,Victor Heylenlei 41,2022-04-11,21:00:00,13,7,6,FMN GV 22 Boechout
7,Victor Heylenlei 41,2022-04-11,22:00:00,14,9,5,FMN GV 22 Boechout
7,Victor Heylenlei 41,2022-04-11,23:00:00,6,1,5,FMN GV 22 Boechout
7,Victor Heylenlei 41,2022-04-12,00:00:00,3,1,2,FMN GV 22 Boechout
7,Victor Heylenlei 41,2022-04-12,01:00:00,0,0,0,FMN GV 22 Boechout
7,Victor Heylenlei 41,2022-04-12,02:00:00,1,0,1,FMN GV 22 Boechout
7,Victor Heylenlei 41,2022-04-12,03:00:00,0,0,0,FMN GV 22 Boechout
7,Victor Heylenlei 41,2022-04-12,04:00:00,5,3,2,FMN GV 22 Boechout
7,Victor Heylenlei 41,2022-04-12,05:00:00,13,9,4,FMN GV 22 Boechout
7,Victor Heylenlei 41,2022-04-12,06:00:00,41,32,9,FMN GV 22 Boechout
7,Victor Heylenlei 41,2022-04-12,07:00:00,84,64,20,FMN GV 22 Boechout
7,Victor Heylenlei 41,2022-04-12,08:00:00,112,75,37,FMN GV 22 Boechout
7,Victor Heylenlei 41,2022-04-12,09:00:00,58,30,28,FMN GV 22 Boechout
7,Victor Heylenlei 41,2022-04-12,10:00:00,53,26,27,FMN GV 22 Boechout
7,Victor Heylenlei 41,2022-04-12,11:00:00,78,42,36,FMN GV 22 Boechout
7,Victor Heylenlei 41,2022-04-12,12:00:00,75,42,33,FMN GV 22 Boechout
7,Victor Heylenlei 41,2022-04-12,13:00:00,136,55,81,FMN GV 22 Boechout
7,Victor Heylenlei 41,2022-04-12,14:00:00,117,52,65,FMN GV 22 Boechout
7,Victor Heylenlei 41,2022-04-12,15:00:00,140,66,74,FMN GV 22 Boechout
7,Victor Heylenlei 41,2022-04-12,16:00:00,161,65,96,FMN GV 22 Boechout
7,Victor Heylenlei 41,2022-04-12,17:00:00,199,70,129,FMN GV 22 Boechout
7,Victor Heylenlei 41,2022-04-12,18:00:00,136,63,73,FMN GV 22 Boechout
7,Victor Heylenlei 41,2022-04-12,19:00:00,121,78,43,FMN GV 22 Boechout
7,Victor Heylenlei 41,2022-04-12,20:00:00,82,66,16,FMN GV 22 Boechout
7,Victor Heylenlei 41,2022-04-12,21:00:00,25,11,14,FMN GV 22 Boechout
7,Victor Heylenlei 41,2022-04-12,22:00:00,14,8,6,FMN GV 22 Boechout
7,Victor Heylenlei 41,2022-04-12,23:00:00,12,3,9,FMN GV 22 Boechout
7,Victor Heylenlei 41,2022-04-13,00:00:00,3,0,3,FMN GV 22 Boechout
7,Victor Heylenlei 41,2022-04-13,01:00:00,3,1,2,FMN GV 22 Boechout
7,Victor Heylenlei 41,2022-04-13,02:00:00,0,0,0,FMN GV 22 Boechout
7,Victor Heylenlei 41,2022-04-13,03:00:00,0,0,0,FMN GV 22 Boechout
7,Victor Heylenlei 41,2022-04-13,04:00:00,4,4,0,FMN GV 22 Boechout
7,Victor Heylenlei 41,2022-04-13,05:00:00,12,10,2,FMN GV 22 Boechout
7,Victor Heylenlei 41,2022-04-13,06:00:00,29,21,8,FMN GV 22 Boechout
7,Victor Heylenlei 41,2022-04-13,07:00:00,75,54,21,FMN GV 22 Boechout
7,Victor Heylenlei 41,2022-04-13,08:00:00,73,55,18,FMN GV 22 Boechout
7,Victor Heylenlei 41,2022-04-13,09:00:00,36,22,14,FMN GV 22 Boechout
7,Victor Heylenlei 41,2022-04-13,10:00:00,40,22,18,FMN GV 22 Boechout
7,Victor Heylenlei 41,2022-04-13,11:00:00,28,16,12,FMN GV 22 Boechout
7,Victor Heylenlei 41,2022-04-13,12:00:00,31,12,19,FMN GV 22 Boechout
7,Victor Heylenlei 41,2022-04-13,13:00:00,34,17,17,FMN GV 22 Boechout
7,Victor Heylenlei 41,2022-04-13,14:00:00,29,11,18,FMN GV 22 Boechout
7,Victor Heylenlei 41,2022-04-13,15:00:00,34,10,24,FMN GV 22 Boechout
7,Victor Heylenlei 41,2022-04-13,16:00:00,49,17,32,FMN GV 22 Boechout
7,Victor Heylenlei 41,2022-04-13,17:00:00,97,27,70,FMN GV 22 Boechout
7,Victor Heylenlei 41,2022-04-13,18:00:00,107,27,80,FMN GV 22 Boechout
7,Victor Heylenlei 41,2022-04-13,19:00:00,45,21,24,FMN GV 22 Boechout
7,Victor Heylenlei 41,2022-04-13,20:00:00,43,30,13,FMN GV 22 Boechout
7,Victor Heylenlei 41,2022-04-13,21:00:00,10,9,1,FMN GV 22 Boechout
7,Victor Heylenlei 41,2022-04-13,22:00:00,6,3,3,FMN GV 22 Boechout
7,Victor Heylenlei 41,2022-04-13,23:00:00,22,2,20,FMN GV 22 Boechout
7,Victor Heylenlei 41,2022-04-14,00:00:00,2,0,2,FMN GV 22 Boechout
7,Victor Heylenlei 41,2022-04-14,01:00:00,1,1,0,FMN GV 22 Boechout
7,Victor Heylenlei 41,2022-04-14,02:00:00,1,1,0,FMN GV 22 Boechout
7,Victor Heylenlei 41,2022-04-14,03:00:00,0,0,0,FMN GV 22 Boechout
7,Victor Heylenlei 41,2022-04-14,04:00:00,4,3,1,FMN GV 22 Boechout
7,Victor Heylenlei 41,2022-04-14,05:00:00,11,6,5,FMN GV 22 Boechout
7,Victor Heylenlei 41,2022-04-14,06:00:00,28,21,7,FMN GV 22 Boechout
7,Victor Heylenlei 41,2022-04-14,07:00:00,65,47,18,FMN GV 22 Boechout
7,Victor Heylenlei 41,2022-04-14,08:00:00,95,64,31,FMN GV 22 Boechout
7,Victor Heylenlei 41,2022-04-14,09:00:00,58,42,16,FMN GV 22 Boechout
7,Victor Heylenlei 41,2022-04-14,10:00:00,63,33,30,FMN GV 22 Boechout
7,Victor Heylenlei 41,2022-04-14,11:00:00,62,34,28,FMN GV 22 Boechout
7,Victor Heylenlei 41,2022-04-14,12:00:00,73,34,39,FMN GV 22 Boechout
7,Victor Heylenlei 41,2022-04-14,13:00:00,88,50,38,FMN GV 22 Boechout
7,Victor Heylenlei 41,2022-04-14,14:00:00,107,43,64,FMN GV 22 Boechout
7,Victor Heylenlei 41,2022-04-14,15:00:00,114,61,53,FMN GV 22 Boechout
7,Victor Heylenlei 41,2022-04-14,16:00:00,132,57,75,FMN GV 22 Boechout
7,Victor Heylenlei 41,2022-04-14,17:00:00,154,48,106,FMN GV 22 Boechout
7,Victor Heylenlei 41,2022-04-14,18:00:00,100,41,59,FMN GV 22 Boechout
7,Victor Heylenlei 41,2022-04-14,19:00:00,99,59,40,FMN GV 22 Boechout
7,Victor Heylenlei 41,2022-04-14,20:00:00,99,89,10,FMN GV 22 Boechout
7,Victor Heylenlei 41,2022-04-14,21:00:00,21,12,9,FMN GV 22 Boechout
7,Victor Heylenlei 41,2022-04-14,22:00:00,16,6,10,FMN GV 22 Boechout
7,Victor Heylenlei 41,2022-04-14,23:00:00,12,5,7,FMN GV 22 Boechout
7,Victor Heylenlei 41,2022-04-15,00:00:00,8,0,8,FMN GV 22 Boechout
7,Victor Heylenlei 41,2022-04-15,01:00:00,2,2,0,FMN GV 22 Boechout
7,Victor Heylenlei 41,2022-04-15,02:00:00,2,2,0,FMN GV 22 Boechout
7,Victor Heylenlei 41,2022-04-15,03:00:00,0,0,0,FMN GV 22 Boechout
7,Victor Heylenlei 41,2022-04-15,04:00:00,3,2,1,FMN GV 22 Boechout
7,Victor Heylenlei 41,2022-04-15,05:00:00,9,5,4,FMN GV 22 Boechout
7,Victor Heylenlei 41,2022-04-15,06:00:00,30,23,7,FMN GV 22 Boechout
7,Victor Heylenlei 41,2022-04-15,07:00:00,47,32,15,FMN GV 22 Boechout
7,Victor Heylenlei 41,2022-04-15,08:00:00,79,55,24,FMN GV 22 Boechout
7,Victor Heylenlei 41,2022-04-15,09:00:00,39,22,17,FMN GV 22 Boechout
7,Victor Heylenlei 41,2022-04-15,10:00:00,44,21,23,FMN GV 22 Boechout
7,Victor Heylenlei 41,2022-04-15,11:00:00,42,20,22,FMN GV 22 Boechout
7,Victor Heylenlei 41,2022-04-15,12:00:00,62,27,35,FMN GV 22 Boechout
7,Victor Heylenlei 41,2022-04-15,13:00:00,97,50,47,FMN GV 22 Boechout
7,Victor Heylenlei 41,2022-04-15,14:00:00,123,64,59,FMN GV 22 Boechout
7,Victor Heylenlei 41,2022-04-15,15:00:00,115,62,53,FMN GV 22 Boechout
7,Victor Heylenlei 41,2022-04-15,16:00:00,126,54,72,FMN GV 22 Boechout
7,Victor Heylenlei 41,2022-04-15,17:00:00,132,63,69,FMN GV 22 Boechout
7,Victor Heylenlei 41,2022-04-15,18:00:00,108,59,49,FMN GV 22 Boechout
7,Victor Heylenlei 41,2022-04-15,19:00:00,70,31,39,FMN GV 22 Boechout
7,Victor Heylenlei 41,2022-04-15,20:00:00,43,28,15,FMN GV 22 Boechout
7,Victor Heylenlei 41,2022-04-15,21:00:00,17,9,8,FMN GV 22 Boechout
7,Victor Heylenlei 41,2022-04-15,22:00:00,14,3,11,FMN GV 22 Boechout
7,Victor Heylenlei 41,2022-04-15,23:00:00,14,4,10,FMN GV 22 Boechout
7,Victor Heylenlei 41,2022-04-16,00:00:00,13,9,4,FMN GV 22 Boechout
7,Victor Heylenlei 41,2022-04-16,01:00:00,8,3,5,FMN GV 22 Boechout
7,Victor Heylenlei 41,2022-04-16,02:00:00,1,1,0,FMN GV 22 Boechout
7,Victor Heylenlei 41,2022-04-16,03:00:00,0,0,0,FMN GV 22 Boechout
7,Victor Heylenlei 41,2022-04-16,04:00:00,9,4,5,FMN GV 22 Boechout
7,Victor Heylenlei 41,2022-04-16,05:00:00,6,2,4,FMN GV 22 Boechout
7,Victor Heylenlei 41,2022-04-16,06:00:00,7,2,5,FMN GV 22 Boechout
7,Victor Heylenlei 41,2022-04-16,07:00:00,14,7,7,FMN GV 22 Boechout
7,Victor Heylenlei 41,2022-04-16,08:00:00,17,8,9,FMN GV 22 Boechout
7,Victor Heylenlei 41,2022-04-16,09:00:00,49,29,20,FMN GV 22 Boechout
7,Victor Heylenlei 41,2022-04-16,10:00:00,100,48,52,FMN GV 22 Boechout
7,Victor Heylenlei 41,2022-04-16,11:00:00,109,67,42,FMN GV 22 Boechout
7,Victor Heylenlei 41,2022-04-16,12:00:00,133,79,54,FMN GV 22 Boechout
7,Victor Heylenlei 41,2022-04-16,13:00:00,125,70,55,FMN GV 22 Boechout
7,Victor Heylenlei 41,2022-04-16,14:00:00,165,85,80,FMN GV 22 Boechout
7,Victor Heylenlei 41,2022-04-16,15:00:00,187,72,115,FMN GV 22 Boechout
7,Victor Heylenlei 41,2022-04-16,16:00:00,150,84,66,FMN GV 22 Boechout
7,Victor Heylenlei 41,2022-04-16,17:00:00,105,59,46,FMN GV 22 Boechout
7,Victor Heylenlei 41,2022-04-16,18:00:00,62,32,30,FMN GV 22 Boechout
7,Victor Heylenlei 41,2022-04-16,19:00:00,27,15,12,FMN GV 22 Boechout
7,Victor Heylenlei 41,2022-04-16,20:00:00,27,12,15,FMN GV 22 Boechout
7,Victor Heylenlei 41,2022-04-16,21:00:00,14,8,6,FMN GV 22 Boechout
7,Victor Heylenlei 41,2022-04-16,22:00:00,22,10,12,FMN GV 22 Boechout
7,Victor Heylenlei 41,2022-04-16,23:00:00,7,2,5,FMN GV 22 Boechout
7,Victor Heylenlei 41,2022-04-17,00:00:00,269,146,123,FMN GV 22 Boechout
7,Victor Heylenlei 41,2022-04-17,01:00:00,7,2,5,FMN GV 22 Boechout
7,Victor Heylenlei 41,2022-04-17,02:00:00,5,1,4,FMN GV 22 Boechout
7,Victor Heylenlei 41,2022-04-17,03:00:00,1,1,0,FMN GV 22 Boechout
7,Victor Heylenlei 41,2022-04-17,04:00:00,3,3,0,FMN GV 22 Boechout
7,Victor Heylenlei 41,2022-04-17,05:00:00,2,2,0,FMN GV 22 Boechout
7,Victor Heylenlei 41,2022-04-17,06:00:00,6,4,2,FMN GV 22 Boechout
7,Victor Heylenlei 41,2022-04-17,07:00:00,7,1,6,FMN GV 22 Boechout
7,Victor Heylenlei 41,2022-04-17,08:00:00,14,6,8,FMN GV 22 Boechout
7,Victor Heylenlei 41,2022-04-17,09:00:00,67,17,50,FMN GV 22 Boechout
7,Victor Heylenlei 41,2022-04-17,10:00:00,113,48,65,FMN GV 22 Boechout
7,Victor Heylenlei 41,2022-04-17,11:00:00,145,69,76,FMN GV 22 Boechout
7,Victor Heylenlei 41,2022-04-17,12:00:00,130,63,67,FMN GV 22 Boechout
7,Victor Heylenlei 41,2022-04-17,13:00:00,176,84,92,FMN GV 22 Boechout
7,Victor Heylenlei 41,2022-04-17,14:00:00,176,74,102,FMN GV 22 Boechout
7,Victor Heylenlei 41,2022-04-17,15:00:00,187,90,97,FMN GV 22 Boechout
7,Victor Heylenlei 41,2022-04-17,16:00:00,150,80,70,FMN GV 22 Boechout
7,Victor Heylenlei 41,2022-04-17,17:00:00,254,147,107,FMN GV 22 Boechout
7,Victor Heylenlei 41,2022-04-17,18:00:00,92,56,36,FMN GV 22 Boechout
7,Victor Heylenlei 41,2022-04-17,19:00:00,52,33,19,FMN GV 22 Boechout
7,Victor Heylenlei 41,2022-04-17,20:00:00,46,19,27,FMN GV 22 Boechout
7,Victor Heylenlei 41,2022-04-17,21:00:00,33,20,13,FMN GV 22 Boechout
7,Victor Heylenlei 41,2022-04-17,22:00:00,18,6,12,FMN GV 22 Boechout
7,Victor Heylenlei 41,2022-04-17,23:00:00,6,5,1,FMN GV 22 Boechout
7,Victor Heylenlei 41,2022-04-18,00:00:00,7,1,6,FMN GV 22 Boechout
7,Victor Heylenlei 41,2022-04-18,01:00:00,12,10,2,FMN GV 22 Boechout
7,Victor Heylenlei 41,2022-04-18,02:00:00,1,0,1,FMN GV 22 Boechout
7,Victor Heylenlei 41,2022-04-18,03:00:00,6,5,1,FMN GV 22 Boechout
7,Victor Heylenlei 41,2022-04-18,04:00:00,6,4,2,FMN GV 22 Boechout
7,Victor Heylenlei 41,2022-04-18,05:00:00,10,9,1,FMN GV 22 Boechout
7,Victor Heylenlei 41,2022-04-18,06:00:00,13,12,1,FMN GV 22 Boechout
7,Victor Heylenlei 41,2022-04-18,07:00:00,10,1,9,FMN GV 22 Boechout
7,Victor Heylenlei 41,2022-04-18,08:00:00,24,6,18,FMN GV 22 Boechout
7,Victor Heylenlei 41,2022-04-18,09:00:00,91,33,58,FMN GV 22 Boechout
7,Victor Heylenlei 41,2022-04-18,10:00:00,170,71,99,FMN GV 22 Boechout
7,Victor Heylenlei 41,2022-04-18,11:00:00,146,84,62,FMN GV 22 Boechout
7,Victor Heylenlei 41,2022-04-18,12:00:00,131,76,55,FMN GV 22 Boechout
7,Victor Heylenlei 41,2022-04-18,13:00:00,237,110,127,FMN GV 22 Boechout
7,Victor Heylenlei 41,2022-04-18,14:00:00,279,135,144,FMN GV 22 Boechout
7,Victor Heylenlei 41,2022-04-18,15:00:00,291,161,130,FMN GV 22 Boechout
7,Victor Heylenlei 41,2022-04-18,16:00:00,220,105,115,FMN GV 22 Boechout
7,Victor Heylenlei 41,2022-04-18,17:00:00,180,134,46,FMN GV 22 Boechout
7,Victor Heylenlei 41,2022-04-18,18:00:00,100,72,28,FMN GV 22 Boechout
7,Victor Heylenlei 41,2022-04-18,19:00:00,96,51,45,FMN GV 22 Boechout
7,Victor Heylenlei 41,2022-04-18,20:00:00,32,21,11,FMN GV 22 Boechout
7,Victor Heylenlei 41,2022-04-18,21:00:00,10,4,6,FMN GV 22 Boechout
7,Victor Heylenlei 41,2022-04-18,22:00:00,15,2,13,FMN GV 22 Boechout
7,Victor Heylenlei 41,2022-04-18,23:00:00,7,2,5,FMN GV 22 Boechout
7,Victor Heylenlei 41,2022-04-19,00:00:00,7,1,6,FMN GV 22 Boechout
7,Victor Heylenlei 41,2022-04-19,01:00:00,0,0,0,FMN GV 22 Boechout
7,Victor Heylenlei 41,2022-04-19,02:00:00,0,0,0,FMN GV 22 Boechout
7,Victor Heylenlei 41,2022-04-19,03:00:00,0,0,0,FMN GV 22 Boechout
7,Victor Heylenlei 41,2022-04-19,04:00:00,5,4,1,FMN GV 22 Boechout
7,Victor Heylenlei 41,2022-04-19,05:00:00,16,11,5,FMN GV 22 Boechout
7,Victor Heylenlei 41,2022-04-19,06:00:00,47,39,8,FMN GV 22 Boechout
7,Victor Heylenlei 41,2022-04-19,07:00:00,161,129,32,FMN GV 22 Boechout
7,Victor Heylenlei 41,2022-04-19,08:00:00,256,123,133,FMN GV 22 Boechout
7,Victor Heylenlei 41,2022-04-19,09:00:00,65,31,34,FMN GV 22 Boechout
7,Victor Heylenlei 41,2022-04-19,10:00:00,37,20,17,FMN GV 22 Boechout
7,Victor Heylenlei 41,2022-04-19,11:00:00,45,21,24,FMN GV 22 Boechout
7,Victor Heylenlei 41,2022-04-19,12:00:00,67,29,38,FMN GV 22 Boechout
7,Victor Heylenlei 41,2022-04-19,13:00:00,50,27,23,FMN GV 22 Boechout
7,Victor Heylenlei 41,2022-04-19,14:00:00,96,49,47,FMN GV 22 Boechout
7,Victor Heylenlei 41,2022-04-19,15:00:00,98,33,65,FMN GV 22 Boechout
7,Victor Heylenlei 41,2022-04-19,16:00:00,319,185,134,FMN GV 22 Boechout
7,Victor Heylenlei 41,2022-04-19,17:00:00,211,70,141,FMN GV 22 Boechout
7,Victor Heylenlei 41,2022-04-19,18:00:00,119,54,65,FMN GV 22 Boechout
7,Victor Heylenlei 41,2022-04-19,19:00:00,79,32,47,FMN GV 22 Boechout
7,Victor Heylenlei 41,2022-04-19,20:00:00,59,29,30,FMN GV 22 Boechout
7,Victor Heylenlei 41,2022-04-19,21:00:00,24,17,7,FMN GV 22 Boechout
7,Victor Heylenlei 41,2022-04-19,22:00:00,17,7,10,FMN GV 22 Boechout
7,Victor Heylenlei 41,2022-04-19,23:00:00,8,4,4,FMN GV 22 Boechout
7,Victor Heylenlei 41,2022-04-20,00:00:00,4,3,1,FMN GV 22 Boechout
7,Victor Heylenlei 41,2022-04-20,01:00:00,2,2,0,FMN GV 22 Boechout
7,Victor Heylenlei 41,2022-04-20,02:00:00,0,0,0,FMN GV 22 Boechout
7,Victor Heylenlei 41,2022-04-20,03:00:00,2,2,0,FMN GV 22 Boechout
7,Victor Heylenlei 41,2022-04-20,04:00:00,5,4,1,FMN GV 22 Boechout
7,Victor Heylenlei 41,2022-04-20,05:00:00,16,11,5,FMN GV 22 Boechout
7,Victor Heylenlei 41,2022-04-20,06:00:00,47,37,10,FMN GV 22 Boechout
7,Victor Heylenlei 41,2022-04-20,07:00:00,166,122,44,FMN GV 22 Boechout
7,Victor Heylenlei 41,2022-04-20,08:00:00,230,102,128,FMN GV 22 Boechout
7,Victor Heylenlei 41,2022-04-20,09:00:00,63,39,24,FMN GV 22 Boechout
7,Victor Heylenlei 41,2022-04-20,10:00:00,62,42,20,FMN GV 22 Boechout
7,Victor Heylenlei 41,2022-04-20,11:00:00,53,29,24,FMN GV 22 Boechout
7,Victor Heylenlei 41,2022-04-20,12:00:00,194,135,59,FMN GV 22 Boechout
7,Victor Heylenlei 41,2022-04-20,13:00:00,114,51,63,FMN GV 22 Boechout
7,Victor Heylenlei 41,2022-04-20,14:00:00,178,95,83,FMN GV 22 Boechout
7,Victor Heylenlei 41,2022-04-20,15:00:00,106,42,64,FMN GV 22 Boechout
7,Victor Heylenlei 41,2022-04-20,16:00:00,155,61,94,FMN GV 22 Boechout
7,Victor Heylenlei 41,2022-04-20,17:00:00,200,77,123,FMN GV 22 Boechout
7,Victor Heylenlei 41,2022-04-20,18:00:00,167,59,108,FMN GV 22 Boechout
7,Victor Heylenlei 41,2022-04-20,19:00:00,87,41,46,FMN GV 22 Boechout
7,Victor Heylenlei 41,2022-04-20,20:00:00,103,62,41,FMN GV 22 Boechout
7,Victor Heylenlei 41,2022-04-20,21:00:00,30,17,13,FMN GV 22 Boechout
7,Victor Heylenlei 41,2022-04-20,22:00:00,17,6,11,FMN GV 22 Boechout
7,Victor Heylenlei 41,2022-04-20,23:00:00,17,5,12,FMN GV 22 Boechout
7,Victor Heylenlei 41,2022-04-21,00:00:00,6,2,4,FMN GV 22 Boechout
7,Victor Heylenlei 41,2022-04-21,01:00:00,6,2,4,FMN GV 22 Boechout
7,Victor Heylenlei 41,2022-04-21,02:00:00,0,0,0,FMN GV 22 Boechout
7,Victor Heylenlei 41,2022-04-21,03:00:00,2,1,1,FMN GV 22 Boechout
7,Victor Heylenlei 41,2022-04-21,04:00:00,6,4,2,FMN GV 22 Boechout
7,Victor Heylenlei 41,2022-04-21,05:00:00,16,9,7,FMN GV 22 Boechout
7,Victor Heylenlei 41,2022-04-21,06:00:00,47,39,8,FMN GV 22 Boechout
7,Victor Heylenlei 41,2022-04-21,07:00:00,165,137,28,FMN GV 22 Boechout
7,Victor Heylenlei 41,2022-04-21,08:00:00,274,138,136,FMN GV 22 Boechout
7,Victor Heylenlei 41,2022-04-21,09:00:00,56,32,24,FMN GV 22 Boechout
7,Victor Heylenlei 41,2022-04-21,10:00:00,50,25,25,FMN GV 22 Boechout
7,Victor Heylenlei 41,2022-04-21,11:00:00,63,37,26,FMN GV 22 Boechout
7,Victor Heylenlei 41,2022-04-21,12:00:00,87,47,40,FMN GV 22 Boechout
7,Victor Heylenlei 41,2022-04-21,13:00:00,76,44,32,FMN GV 22 Boechout
7,Victor Heylenlei 41,2022-04-21,14:00:00,107,38,69,FMN GV 22 Boechout
7,Victor Heylenlei 41,2022-04-21,15:00:00,125,52,73,FMN GV 22 Boechout
7,Victor Heylenlei 41,2022-04-21,16:00:00,313,164,149,FMN GV 22 Boechout
7,Victor Heylenlei 41,2022-04-21,17:00:00,222,71,151,FMN GV 22 Boechout
7,Victor Heylenlei 41,2022-04-21,18:00:00,168,60,108,FMN GV 22 Boechout
7,Victor Heylenlei 41,2022-04-21,19:00:00,110,51,59,FMN GV 22 Boechout
7,Victor Heylenlei 41,2022-04-21,20:00:00,109,83,26,FMN GV 22 Boechout
7,Victor Heylenlei 41,2022-04-21,21:00:00,26,13,13,FMN GV 22 Boechout
7,Victor Heylenlei 41,2022-04-21,22:00:00,20,9,11,FMN GV 22 Boechout
7,Victor Heylenlei 41,2022-04-21,23:00:00,13,3,10,FMN GV 22 Boechout
7,Victor Heylenlei 41,2022-04-22,00:00:00,11,3,8,FMN GV 22 Boechout
7,Victor Heylenlei 41,2022-04-22,01:00:00,2,2,0,FMN GV 22 Boechout
7,Victor Heylenlei 41,2022-04-22,02:00:00,0,0,0,FMN GV 22 Boechout
7,Victor Heylenlei 41,2022-04-22,03:00:00,2,1,1,FMN GV 22 Boechout
7,Victor Heylenlei 41,2022-04-22,04:00:00,4,4,0,FMN GV 22 Boechout
7,Victor Heylenlei 41,2022-04-22,05:00:00,22,13,9,FMN GV 22 Boechout
7,Victor Heylenlei 41,2022-04-22,06:00:00,43,32,11,FMN GV 22 Boechout
7,Victor Heylenlei 41,2022-04-22,07:00:00,136,101,35,FMN GV 22 Boechout
7,Victor Heylenlei 41,2022-04-22,08:00:00,226,95,131,FMN GV 22 Boechout
7,Victor Heylenlei 41,2022-04-22,09:00:00,58,34,24,FMN GV 22 Boechout
7,Victor Heylenlei 41,2022-04-22,10:00:00,42,20,22,FMN GV 22 Boechout
7,Victor Heylenlei 41,2022-04-22,11:00:00,55,34,21,FMN GV 22 Boechout
7,Victor Heylenlei 41,2022-04-22,12:00:00,92,51,41,FMN GV 22 Boechout
7,Victor Heylenlei 41,2022-04-22,13:00:00,43,24,19,FMN GV 22 Boechout
7,Victor Heylenlei 41,2022-04-22,14:00:00,74,28,46,FMN GV 22 Boechout
7,Victor Heylenlei 41,2022-04-22,15:00:00,99,44,55,FMN GV 22 Boechout
7,Victor Heylenlei 41,2022-04-22,16:00:00,225,136,89,FMN GV 22 Boechout
7,Victor Heylenlei 41,2022-04-22,17:00:00,180,65,115,FMN GV 22 Boechout
7,Victor Heylenlei 41,2022-04-22,18:00:00,83,34,49,FMN GV 22 Boechout
7,Victor Heylenlei 41,2022-04-22,19:00:00,60,34,26,FMN GV 22 Boechout
7,Victor Heylenlei 41,2022-04-22,20:00:00,33,13,20,FMN GV 22 Boechout
7,Victor Heylenlei 41,2022-04-22,21:00:00,21,11,10,FMN GV 22 Boechout
7,Victor Heylenlei 41,2022-04-22,22:00:00,28,10,18,FMN GV 22 Boechout
7,Victor Heylenlei 41,2022-04-22,23:00:00,22,12,10,FMN GV 22 Boechout
7,Victor Heylenlei 41,2022-04-23,00:00:00,14,3,11,FMN GV 22 Boechout
7,Victor Heylenlei 41,2022-04-23,01:00:00,9,4,5,FMN GV 22 Boechout
7,Victor Heylenlei 41,2022-04-23,02:00:00,10,6,4,FMN GV 22 Boechout
7,Victor Heylenlei 41,2022-04-23,03:00:00,2,0,2,FMN GV 22 Boechout
7,Victor Heylenlei 41,2022-04-23,04:00:00,4,3,1,FMN GV 22 Boechout
7,Victor Heylenlei 41,2022-04-23,05:00:00,7,4,3,FMN GV 22 Boechout
7,Victor Heylenlei 41,2022-04-23,06:00:00,2,0,2,FMN GV 22 Boechout
7,Victor Heylenlei 41,2022-04-23,07:00:00,9,5,4,FMN GV 22 Boechout
7,Victor Heylenlei 41,2022-04-23,08:00:00,28,10,18,FMN GV 22 Boechout
7,Victor Heylenlei 41,2022-04-23,09:00:00,100,32,68,FMN GV 22 Boechout
7,Victor Heylenlei 41,2022-04-23,10:00:00,83,44,39,FMN GV 22 Boechout
7,Victor Heylenlei 41,2022-04-23,11:00:00,90,47,43,FMN GV 22 Boechout
7,Victor Heylenlei 41,2022-04-23,12:00:00,104,64,40,FMN GV 22 Boechout
7,Victor Heylenlei 41,2022-04-23,13:00:00,112,62,50,FMN GV 22 Boechout
7,Victor Heylenlei 41,2022-04-23,14:00:00,128,56,72,FMN GV 22 Boechout
7,Victor Heylenlei 41,2022-04-23,15:00:00,140,56,84,FMN GV 22 Boechout
7,Victor Heylenlei 41,2022-04-23,16:00:00,145,89,56,FMN GV 22 Boechout
7,Victor Heylenlei 41,2022-04-23,17:00:00,68,37,31,FMN GV 22 Boechout
7,Victor Heylenlei 41,2022-04-23,18:00:00,57,27,30,FMN GV 22 Boechout
7,Victor Heylenlei 41,2022-04-23,19:00:00,60,32,28,FMN GV 22 Boechout
7,Victor Heylenlei 41,2022-04-23,20:00:00,37,18,19,FMN GV 22 Boechout
7,Victor Heylenlei 41,2022-04-23,21:00:00,31,18,13,FMN GV 22 Boechout
7,Victor Heylenlei 41,2022-04-23,22:00:00,16,7,9,FMN GV 22 Boechout
7,Victor Heylenlei 41,2022-04-23,23:00:00,19,10,9,FMN GV 22 Boechout
7,Victor Heylenlei 41,2022-04-24,00:00:00,21,3,18,FMN GV 22 Boechout
7,Victor Heylenlei 41,2022-04-24,01:00:00,11,6,5,FMN GV 22 Boechout
7,Victor Heylenlei 41,2022-04-24,02:00:00,14,13,1,FMN GV 22 Boechout
7,Victor Heylenlei 41,2022-04-24,03:00:00,3,2,1,FMN GV 22 Boechout
7,Victor Heylenlei 41,2022-04-24,04:00:00,0,0,0,FMN GV 22 Boechout
7,Victor Heylenlei 41,2022-04-24,05:00:00,1,1,0,FMN GV 22 Boechout
7,Victor Heylenlei 41,2022-04-24,06:00:00,6,5,1,FMN GV 22 Boechout
7,Victor Heylenlei 41,2022-04-24,07:00:00,8,2,6,FMN GV 22 Boechout
7,Victor Heylenlei 41,2022-04-24,08:00:00,21,8,13,FMN GV 22 Boechout
7,Victor Heylenlei 41,2022-04-24,09:00:00,89,33,56,FMN GV 22 Boechout
7,Victor Heylenlei 41,2022-04-24,10:00:00,155,64,91,FMN GV 22 Boechout
7,Victor Heylenlei 41,2022-04-24,11:00:00,184,113,71,FMN GV 22 Boechout
7,Victor Heylenlei 41,2022-04-24,12:00:00,174,113,61,FMN GV 22 Boechout
7,Victor Heylenlei 41,2022-04-24,13:00:00,134,84,50,FMN GV 22 Boechout
7,Victor Heylenlei 41,2022-04-24,14:00:00,231,127,104,FMN GV 22 Boechout
7,Victor Heylenlei 41,2022-04-24,15:00:00,163,64,99,FMN GV 22 Boechout
7,Victor Heylenlei 41,2022-04-24,16:00:00,140,62,78,FMN GV 22 Boechout
7,Victor Heylenlei 41,2022-04-24,17:00:00,126,65,61,FMN GV 22 Boechout
7,Victor Heylenlei 41,2022-04-24,18:00:00,87,34,53,FMN GV 22 Boechout
7,Victor Heylenlei 41,2022-04-24,19:00:00,44,21,23,FMN GV 22 Boechout
7,Victor Heylenlei 41,2022-04-24,20:00:00,35,25,10,FMN GV 22 Boechout
7,Victor Heylenlei 41,2022-04-24,21:00:00,19,13,6,FMN GV 22 Boechout
7,Victor Heylenlei 41,2022-04-24,22:00:00,7,2,5,FMN GV 22 Boechout
7,Victor Heylenlei 41,2022-04-24,23:00:00,8,3,5,FMN GV 22 Boechout
7,Victor Heylenlei 41,2022-04-25,00:00:00,8,0,8,FMN GV 22 Boechout
7,Victor Heylenlei 41,2022-04-25,01:00:00,1,0,1,FMN GV 22 Boechout
7,Victor Heylenlei 41,2022-04-25,02:00:00,0,0,0,FMN GV 22 Boechout
7,Victor Heylenlei 41,2022-04-25,03:00:00,1,0,1,FMN GV 22 Boechout
7,Victor Heylenlei 41,2022-04-25,04:00:00,4,4,0,FMN GV 22 Boechout
7,Victor Heylenlei 41,2022-04-25,05:00:00,7,4,3,FMN GV 22 Boechout
7,Victor Heylenlei 41,2022-04-25,06:00:00,36,31,5,FMN GV 22 Boechout
7,Victor Heylenlei 41,2022-04-25,07:00:00,144,105,39,FMN GV 22 Boechout
7,Victor Heylenlei 41,2022-04-25,08:00:00,216,92,124,FMN GV 22 Boechout
7,Victor Heylenlei 41,2022-04-25,09:00:00,38,24,14,FMN GV 22 Boechout
7,Victor Heylenlei 41,2022-04-25,10:00:00,35,17,18,FMN GV 22 Boechout
7,Victor Heylenlei 41,2022-04-25,11:00:00,30,16,14,FMN GV 22 Boechout
7,Victor Heylenlei 41,2022-04-25,12:00:00,56,30,26,FMN GV 22 Boechout
7,Victor Heylenlei 41,2022-04-25,13:00:00,52,28,24,FMN GV 22 Boechout
7,Victor Heylenlei 41,2022-04-25,14:00:00,62,36,26,FMN GV 22 Boechout
7,Victor Heylenlei 41,2022-04-25,15:00:00,76,23,53,FMN GV 22 Boechout
7,Victor Heylenlei 41,2022-04-25,16:00:00,227,133,94,FMN GV 22 Boechout
7,Victor Heylenlei 41,2022-04-25,17:00:00,182,73,109,FMN GV 22 Boechout
7,Victor Heylenlei 41,2022-04-25,18:00:00,81,19,62,FMN GV 22 Boechout
7,Victor Heylenlei 41,2022-04-25,19:00:00,46,23,23,FMN GV 22 Boechout
7,Victor Heylenlei 41,2022-04-25,20:00:00,36,22,14,FMN GV 22 Boechout
7,Victor Heylenlei 41,2022-04-25,21:00:00,13,9,4,FMN GV 22 Boechout
7,Victor Heylenlei 41,2022-04-25,22:00:00,25,10,15,FMN GV 22 Boechout
7,Victor Heylenlei 41,2022-04-25,23:00:00,4,3,1,FMN GV 22 Boechout
7,Victor Heylenlei 41,2022-04-26,00:00:00,2,1,1,FMN GV 22 Boechout
7,Victor Heylenlei 41,2022-04-26,01:00:00,5,1,4,FMN GV 22 Boechout
7,Victor Heylenlei 41,2022-04-26,02:00:00,1,0,1,FMN GV 22 Boechout
7,Victor Heylenlei 41,2022-04-26,03:00:00,6,4,2,FMN GV 22 Boechout
7,Victor Heylenlei 41,2022-04-26,04:00:00,7,5,2,FMN GV 22 Boechout
7,Victor Heylenlei 41,2022-04-26,05:00:00,10,6,4,FMN GV 22 Boechout
7,Victor Heylenlei 41,2022-04-26,06:00:00,46,38,8,FMN GV 22 Boechout
7,Victor Heylenlei 41,2022-04-26,07:00:00,159,121,38,FMN GV 22 Boechout
7,Victor Heylenlei 41,2022-04-26,08:00:00,278,134,144,FMN GV 22 Boechout
7,Victor Heylenlei 41,2022-04-26,09:00:00,50,31,19,FMN GV 22 Boechout
7,Victor Heylenlei 41,2022-04-26,10:00:00,22,14,8,FMN GV 22 Boechout
7,Victor Heylenlei 41,2022-04-26,11:00:00,46,28,18,FMN GV 22 Boechout
7,Victor Heylenlei 41,2022-04-26,12:00:00,53,34,19,FMN GV 22 Boechout
7,Victor Heylenlei 41,2022-04-26,13:00:00,49,26,23,FMN GV 22 Boechout
7,Victor Heylenlei 41,2022-04-26,14:00:00,69,40,29,FMN GV 22 Boechout
7,Victor Heylenlei 41,2022-04-26,15:00:00,83,33,50,FMN GV 22 Boechout
7,Victor Heylenlei 41,2022-04-26,16:00:00,271,155,116,FMN GV 22 Boechout
7,Victor Heylenlei 41,2022-04-26,17:00:00,193,52,141,FMN GV 22 Boechout
7,Victor Heylenlei 41,2022-04-26,18:00:00,95,21,74,FMN GV 22 Boechout
7,Victor Heylenlei 41,2022-04-26,19:00:00,83,36,47,FMN GV 22 Boechout
7,Victor Heylenlei 41,2022-04-26,20:00:00,71,43,28,FMN GV 22 Boechout
7,Victor Heylenlei 41,2022-04-26,21:00:00,27,13,14,FMN GV 22 Boechout
7,Victor Heylenlei 41,2022-04-26,22:00:00,23,8,15,FMN GV 22 Boechout
7,Victor Heylenlei 41,2022-04-26,23:00:00,11,0,11,FMN GV 22 Boechout
7,Victor Heylenlei 41,2022-04-27,00:00:00,5,2,3,FMN GV 22 Boechout
7,Victor Heylenlei 41,2022-04-27,01:00:00,3,2,1,FMN GV 22 Boechout
7,Victor Heylenlei 41,2022-04-27,02:00:00,0,0,0,FMN GV 22 Boechout
7,Victor Heylenlei 41,2022-04-27,03:00:00,2,1,1,FMN GV 22 Boechout
7,Victor Heylenlei 41,2022-04-27,04:00:00,4,4,0,FMN GV 22 Boechout
7,Victor Heylenlei 41,2022-04-27,05:00:00,13,8,5,FMN GV 22 Boechout
7,Victor Heylenlei 41,2022-04-27,06:00:00,36,29,7,FMN GV 22 Boechout
7,Victor Heylenlei 41,2022-04-27,07:00:00,157,118,39,FMN GV 22 Boechout
7,Victor Heylenlei 41,2022-04-27,08:00:00,212,85,127,FMN GV 22 Boechout
7,Victor Heylenlei 41,2022-04-27,09:00:00,64,41,23,FMN GV 22 Boechout
7,Victor Heylenlei 41,2022-04-27,10:00:00,48,24,24,FMN GV 22 Boechout
7,Victor Heylenlei 41,2022-04-27,11:00:00,50,25,25,FMN GV 22 Boechout
7,Victor Heylenlei 41,2022-04-27,12:00:00,196,135,61,FMN GV 22 Boechout
7,Victor Heylenlei 41,2022-04-27,13:00:00,117,51,66,FMN GV 22 Boechout
7,Victor Heylenlei 41,2022-04-27,14:00:00,127,42,85,FMN GV 22 Boechout
7,Victor Heylenlei 41,2022-04-27,15:00:00,112,59,53,FMN GV 22 Boechout
7,Victor Heylenlei 41,2022-04-27,16:00:00,127,45,82,FMN GV 22 Boechout
7,Victor Heylenlei 41,2022-04-27,17:00:00,189,61,128,FMN GV 22 Boechout
7,Victor Heylenlei 41,2022-04-27,18:00:00,147,56,91,FMN GV 22 Boechout
7,Victor Heylenlei 41,2022-04-27,19:00:00,98,45,53,FMN GV 22 Boechout
7,Victor Heylenlei 41,2022-04-27,20:00:00,84,51,33,FMN GV 22 Boechout
7,Victor Heylenlei 41,2022-04-27,21:00:00,30,21,9,FMN GV 22 Boechout
7,Victor Heylenlei 41,2022-04-27,22:00:00,21,8,13,FMN GV 22 Boechout
7,Victor Heylenlei 41,2022-04-27,23:00:00,15,4,11,FMN GV 22 Boechout
7,Victor Heylenlei 41,2022-04-28,00:00:00,4,4,0,FMN GV 22 Boechout
7,Victor Heylenlei 41,2022-04-28,01:00:00,1,0,1,FMN GV 22 Boechout
7,Victor Heylenlei 41,2022-04-28,02:00:00,1,1,0,FMN GV 22 Boechout
7,Victor Heylenlei 41,2022-04-28,03:00:00,0,0,0,FMN GV 22 Boechout
7,Victor Heylenlei 41,2022-04-28,04:00:00,7,6,1,FMN GV 22 Boechout
7,Victor Heylenlei 41,2022-04-28,05:00:00,10,7,3,FMN GV 22 Boechout
7,Victor Heylenlei 41,2022-04-28,06:00:00,43,32,11,FMN GV 22 Boechout
7,Victor Heylenlei 41,2022-04-28,07:00:00,168,121,47,FMN GV 22 Boechout
7,Victor Heylenlei 41,2022-04-28,08:00:00,264,150,114,FMN GV 22 Boechout
7,Victor Heylenlei 41,2022-04-28,09:00:00,59,34,25,FMN GV 22 Boechout
7,Victor Heylenlei 41,2022-04-28,10:00:00,37,19,18,FMN GV 22 Boechout
7,Victor Heylenlei 41,2022-04-28,11:00:00,57,36,21,FMN GV 22 Boechout
7,Victor Heylenlei 41,2022-04-28,12:00:00,102,59,43,FMN GV 22 Boechout
7,Victor Heylenlei 41,2022-04-28,13:00:00,126,70,56,FMN GV 22 Boechout
7,Victor Heylenlei 41,2022-04-28,14:00:00,117,61,56,FMN GV 22 Boechout
7,Victor Heylenlei 41,2022-04-28,15:00:00,186,87,99,FMN GV 22 Boechout
7,Victor Heylenlei 41,2022-04-28,16:00:00,309,175,134,FMN GV 22 Boechout
7,Victor Heylenlei 41,2022-04-28,17:00:00,229,83,146,FMN GV 22 Boechout
7,Victor Heylenlei 41,2022-04-28,18:00:00,154,60,94,FMN GV 22 Boechout
7,Victor Heylenlei 41,2022-04-28,19:00:00,99,47,52,FMN GV 22 Boechout
7,Victor Heylenlei 41,2022-04-28,20:00:00,110,83,27,FMN GV 22 Boechout
7,Victor Heylenlei 41,2022-04-28,21:00:00,33,18,15,FMN GV 22 Boechout
7,Victor Heylenlei 41,2022-04-28,22:00:00,30,11,19,FMN GV 22 Boechout
7,Victor Heylenlei 41,2022-04-28,23:00:00,14,2,12,FMN GV 22 Boechout
7,Victor Heylenlei 41,2022-04-29,00:00:00,8,2,6,FMN GV 22 Boechout
7,Victor Heylenlei 41,2022-04-29,01:00:00,4,0,4,FMN GV 22 Boechout
7,Victor Heylenlei 41,2022-04-29,02:00:00,1,0,1,FMN GV 22 Boechout
7,Victor Heylenlei 41,2022-04-29,03:00:00,0,0,0,FMN GV 22 Boechout
7,Victor Heylenlei 41,2022-04-29,04:00:00,7,6,1,FMN GV 22 Boechout
7,Victor Heylenlei 41,2022-04-29,05:00:00,14,9,5,FMN GV 22 Boechout
7,Victor Heylenlei 41,2022-04-29,06:00:00,31,27,4,FMN GV 22 Boechout
7,Victor Heylenlei 41,2022-04-29,07:00:00,127,95,32,FMN GV 22 Boechout
7,Victor Heylenlei 41,2022-04-29,08:00:00,217,100,117,FMN GV 22 Boechout
7,Victor Heylenlei 41,2022-04-29,09:00:00,42,26,16,FMN GV 22 Boechout
7,Victor Heylenlei 41,2022-04-29,10:00:00,34,14,20,FMN GV 22 Boechout
7,Victor Heylenlei 41,2022-04-29,11:00:00,52,33,19,FMN GV 22 Boechout
7,Victor Heylenlei 41,2022-04-29,12:00:00,71,36,35,FMN GV 22 Boechout
7,Victor Heylenlei 41,2022-04-29,13:00:00,69,40,29,FMN GV 22 Boechout
7,Victor Heylenlei 41,2022-04-29,14:00:00,87,34,53,FMN GV 22 Boechout
7,Victor Heylenlei 41,2022-04-29,15:00:00,98,41,57,FMN GV 22 Boechout
7,Victor Heylenlei 41,2022-04-29,16:00:00,212,126,86,FMN GV 22 Boechout
7,Victor Heylenlei 41,2022-04-29,17:00:00,151,53,98,FMN GV 22 Boechout
7,Victor Heylenlei 41,2022-04-29,18:00:00,99,52,47,FMN GV 22 Boechout
7,Victor Heylenlei 41,2022-04-29,19:00:00,59,35,24,FMN GV 22 Boechout
7,Victor Heylenlei 41,2022-04-29,20:00:00,71,32,39,FMN GV 22 Boechout
7,Victor Heylenlei 41,2022-04-29,21:00:00,22,14,8,FMN GV 22 Boechout
7,Victor Heylenlei 41,2022-04-29,22:00:00,23,13,10,FMN GV 22 Boechout
7,Victor Heylenlei 41,2022-04-29,23:00:00,21,7,14,FMN GV 22 Boechout
7,Victor Heylenlei 41,2022-04-30,00:00:00,10,3,7,FMN GV 22 Boechout
7,Victor Heylenlei 41,2022-04-30,01:00:00,14,5,9,FMN GV 22 Boechout
7,Victor Heylenlei 41,2022-04-30,02:00:00,10,4,6,FMN GV 22 Boechout
7,Victor Heylenlei 41,2022-04-30,03:00:00,7,1,6,FMN GV 22 Boechout
7,Victor Heylenlei 41,2022-04-30,04:00:00,3,2,1,FMN GV 22 Boechout
7,Victor Heylenlei 41,2022-04-30,05:00:00,7,6,1,FMN GV 22 Boechout
7,Victor Heylenlei 41,2022-04-30,06:00:00,8,6,2,FMN GV 22 Boechout
7,Victor Heylenlei 41,2022-04-30,07:00:00,7,4,3,FMN GV 22 Boechout
7,Victor Heylenlei 41,2022-04-30,08:00:00,31,12,19,FMN GV 22 Boechout
7,Victor Heylenlei 41,2022-04-30,09:00:00,59,27,32,FMN GV 22 Boechout
7,Victor Heylenlei 41,2022-04-30,10:00:00,46,22,24,FMN GV 22 Boechout
7,Victor Heylenlei 41,2022-04-30,11:00:00,86,51,35,FMN GV 22 Boechout
7,Victor Heylenlei 41,2022-04-30,12:00:00,52,32,20,FMN GV 22 Boechout
7,Victor Heylenlei 41,2022-04-30,13:00:00,81,35,46,FMN GV 22 Boechout
7,Victor Heylenlei 41,2022-04-30,14:00:00,113,63,50,FMN GV 22 Boechout
7,Victor Heylenlei 41,2022-04-30,15:00:00,100,41,59,FMN GV 22 Boechout
7,Victor Heylenlei 41,2022-04-30,16:00:00,69,39,30,FMN GV 22 Boechout
7,Victor Heylenlei 41,2022-04-30,17:00:00,55,30,25,FMN GV 22 Boechout
7,Victor Heylenlei 41,2022-04-30,18:00:00,39,21,18,FMN GV 22 Boechout
7,Victor Heylenlei 41,2022-04-30,19:00:00,27,15,12,FMN GV 22 Boechout
7,Victor Heylenlei 41,2022-04-30,20:00:00,24,12,12,FMN GV 22 Boechout
7,Victor Heylenlei 41,2022-04-30,21:00:00,13,10,3,FMN GV 22 Boechout
7,Victor Heylenlei 41,2022-04-30,22:00:00,15,6,9,FMN GV 22 Boechout
7,Victor Heylenlei 41,2022-04-30,23:00:00,13,8,5,FMN GV 22 Boechout
7,Victor Heylenlei 41,2022-05-01,00:00:00,5,1,4,FMN GV 22 Boechout
7,Victor Heylenlei 41,2022-05-01,01:00:00,5,2,3,FMN GV 22 Boechout
7,Victor Heylenlei 41,2022-05-01,02:00:00,10,8,2,FMN GV 22 Boechout
7,Victor Heylenlei 41,2022-05-01,03:00:00,8,2,6,FMN GV 22 Boechout
7,Victor Heylenlei 41,2022-05-01,04:00:00,1,0,1,FMN GV 22 Boechout
7,Victor Heylenlei 41,2022-05-01,05:00:00,3,3,0,FMN GV 22 Boechout
7,Victor Heylenlei 41,2022-05-01,06:00:00,5,4,1,FMN GV 22 Boechout
7,Victor Heylenlei 41,2022-05-01,07:00:00,3,2,1,FMN GV 22 Boechout
7,Victor Heylenlei 41,2022-05-01,08:00:00,36,21,15,FMN GV 22 Boechout
7,Victor Heylenlei 41,2022-05-01,09:00:00,212,149,63,FMN GV 22 Boechout
7,Victor Heylenlei 41,2022-05-01,10:00:00,569,494,75,FMN GV 22 Boechout
7,Victor Heylenlei 41,2022-05-01,11:00:00,704,650,54,FMN GV 22 Boechout
7,Victor Heylenlei 41,2022-05-01,12:00:00,657,587,70,FMN GV 22 Boechout
7,Victor Heylenlei 41,2022-05-01,13:00:00,403,335,68,FMN GV 22 Boechout
7,Victor Heylenlei 41,2022-05-01,14:00:00,359,257,102,FMN GV 22 Boechout
7,Victor Heylenlei 41,2022-05-01,15:00:00,347,243,104,FMN GV 22 Boechout
7,Victor Heylenlei 41,2022-05-01,16:00:00,220,144,76,FMN GV 22 Boechout
7,Victor Heylenlei 41,2022-05-01,17:00:00,157,90,67,FMN GV 22 Boechout
7,Victor Heylenlei 41,2022-05-01,18:00:00,81,45,36,FMN GV 22 Boechout
7,Victor Heylenlei 41,2022-05-01,19:00:00,29,22,7,FMN GV 22 Boechout
7,Victor Heylenlei 41,2022-05-01,20:00:00,27,15,12,FMN GV 22 Boechout
7,Victor Heylenlei 41,2022-05-01,21:00:00,18,13,5,FMN GV 22 Boechout
7,Victor Heylenlei 41,2022-05-01,22:00:00,11,7,4,FMN GV 22 Boechout
7,Victor Heylenlei 41,2022-05-01,23:00:00,7,3,4,FMN GV 22 Boechout
7,Victor Heylenlei 41,2022-05-02,00:00:00,1,1,0,FMN GV 22 Boechout
7,Victor Heylenlei 41,2022-05-02,01:00:00,1,0,1,FMN GV 22 Boechout
7,Victor Heylenlei 41,2022-05-02,02:00:00,4,0,4,FMN GV 22 Boechout
7,Victor Heylenlei 41,2022-05-02,03:00:00,0,0,0,FMN GV 22 Boechout
7,Victor Heylenlei 41,2022-05-02,04:00:00,1,1,0,FMN GV 22 Boechout
7,Victor Heylenlei 41,2022-05-02,05:00:00,18,12,6,FMN GV 22 Boechout
7,Victor Heylenlei 41,2022-05-02,06:00:00,31,28,3,FMN GV 22 Boechout
7,Victor Heylenlei 41,2022-05-02,07:00:00,153,109,44,FMN GV 22 Boechout
7,Victor Heylenlei 41,2022-05-02,08:00:00,232,116,116,FMN GV 22 Boechout
7,Victor Heylenlei 41,2022-05-02,09:00:00,57,28,29,FMN GV 22 Boechout
7,Victor Heylenlei 41,2022-05-02,10:00:00,34,11,23,FMN GV 22 Boechout
7,Victor Heylenlei 41,2022-05-02,11:00:00,45,32,13,FMN GV 22 Boechout
7,Victor Heylenlei 41,2022-05-02,12:00:00,83,43,40,FMN GV 22 Boechout
7,Victor Heylenlei 41,2022-05-02,13:00:00,91,45,46,FMN GV 22 Boechout
7,Victor Heylenlei 41,2022-05-02,14:00:00,108,52,56,FMN GV 22 Boechout
7,Victor Heylenlei 41,2022-05-02,15:00:00,118,45,73,FMN GV 22 Boechout
7,Victor Heylenlei 41,2022-05-02,16:00:00,284,140,144,FMN GV 22 Boechout
7,Victor Heylenlei 41,2022-05-02,17:00:00,198,73,125,FMN GV 22 Boechout
7,Victor Heylenlei 41,2022-05-02,18:00:00,115,43,72,FMN GV 22 Boechout
7,Victor Heylenlei 41,2022-05-02,19:00:00,89,46,43,FMN GV 22 Boechout
7,Victor Heylenlei 41,2022-05-02,20:00:00,47,28,19,FMN GV 22 Boechout
7,Victor Heylenlei 41,2022-05-02,21:00:00,18,12,6,FMN GV 22 Boechout
7,Victor Heylenlei 41,2022-05-02,22:00:00,24,11,13,FMN GV 22 Boechout
7,Victor Heylenlei 41,2022-05-02,23:00:00,3,0,3,FMN GV 22 Boechout
7,Victor Heylenlei 41,2022-05-03,00:00:00,3,2,1,FMN GV 22 Boechout
7,Victor Heylenlei 41,2022-05-03,01:00:00,0,0,0,FMN GV 22 Boechout
7,Victor Heylenlei 41,2022-05-03,02:00:00,1,1,0,FMN GV 22 Boechout
7,Victor Heylenlei 41,2022-05-03,03:00:00,1,0,1,FMN GV 22 Boechout
7,Victor Heylenlei 41,2022-05-03,04:00:00,5,4,1,FMN GV 22 Boechout
7,Victor Heylenlei 41,2022-05-03,05:00:00,26,18,8,FMN GV 22 Boechout
7,Victor Heylenlei 41,2022-05-03,06:00:00,65,43,22,FMN GV 22 Boechout
7,Victor Heylenlei 41,2022-05-03,07:00:00,176,131,45,FMN GV 22 Boechout
7,Victor Heylenlei 41,2022-05-03,08:00:00,288,152,136,FMN GV 22 Boechout
7,Victor Heylenlei 41,2022-05-03,09:00:00,64,46,18,FMN GV 22 Boechout
7,Victor Heylenlei 41,2022-05-03,10:00:00,49,32,17,FMN GV 22 Boechout
7,Victor Heylenlei 41,2022-05-03,11:00:00,58,36,22,FMN GV 22 Boechout
7,Victor Heylenlei 41,2022-05-03,12:00:00,64,33,31,FMN GV 22 Boechout
7,Victor Heylenlei 41,2022-05-03,13:00:00,62,27,35,FMN GV 22 Boechout
7,Victor Heylenlei 41,2022-05-03,14:00:00,88,42,46,FMN GV 22 Boechout
7,Victor Heylenlei 41,2022-05-03,15:00:00,122,58,64,FMN GV 22 Boechout
7,Victor Heylenlei 41,2022-05-03,16:00:00,278,123,155,FMN GV 22 Boechout
7,Victor Heylenlei 41,2022-05-03,17:00:00,210,52,158,FMN GV 22 Boechout
7,Victor Heylenlei 41,2022-05-03,18:00:00,165,60,105,FMN GV 22 Boechout
7,Victor Heylenlei 41,2022-05-03,19:00:00,96,54,42,FMN GV 22 Boechout
7,Victor Heylenlei 41,2022-05-03,20:00:00,80,53,27,FMN GV 22 Boechout
7,Victor Heylenlei 41,2022-05-03,21:00:00,21,14,7,FMN GV 22 Boechout
7,Victor Heylenlei 41,2022-05-03,22:00:00,15,4,11,FMN GV 22 Boechout
7,Victor Heylenlei 41,2022-05-03,23:00:00,8,3,5,FMN GV 22 Boechout
7,Victor Heylenlei 41,2022-05-04,00:00:00,5,1,4,FMN GV 22 Boechout
7,Victor Heylenlei 41,2022-05-04,01:00:00,4,1,3,FMN GV 22 Boechout
7,Victor Heylenlei 41,2022-05-04,02:00:00,2,1,1,FMN GV 22 Boechout
7,Victor Heylenlei 41,2022-05-04,03:00:00,0,0,0,FMN GV 22 Boechout
7,Victor Heylenlei 41,2022-05-04,04:00:00,4,4,0,FMN GV 22 Boechout
7,Victor Heylenlei 41,2022-05-04,05:00:00,22,14,8,FMN GV 22 Boechout
7,Victor Heylenlei 41,2022-05-04,06:00:00,48,41,7,FMN GV 22 Boechout
7,Victor Heylenlei 41,2022-05-04,07:00:00,170,122,48,FMN GV 22 Boechout
7,Victor Heylenlei 41,2022-05-04,08:00:00,211,107,104,FMN GV 22 Boechout
7,Victor Heylenlei 41,2022-05-04,09:00:00,67,39,28,FMN GV 22 Boechout
7,Victor Heylenlei 41,2022-05-04,10:00:00,46,25,21,FMN GV 22 Boechout
7,Victor Heylenlei 41,2022-05-04,11:00:00,62,38,24,FMN GV 22 Boechout
7,Victor Heylenlei 41,2022-05-04,12:00:00,182,111,71,FMN GV 22 Boechout
7,Victor Heylenlei 41,2022-05-04,13:00:00,132,58,74,FMN GV 22 Boechout
7,Victor Heylenlei 41,2022-05-04,14:00:00,128,64,64,FMN GV 22 Boechout
7,Victor Heylenlei 41,2022-05-04,15:00:00,119,57,62,FMN GV 22 Boechout
7,Victor Heylenlei 41,2022-05-04,16:00:00,160,46,114,FMN GV 22 Boechout
7,Victor Heylenlei 41,2022-05-04,17:00:00,169,52,117,FMN GV 22 Boechout
7,Victor Heylenlei 41,2022-05-04,18:00:00,142,52,90,FMN GV 22 Boechout
7,Victor Heylenlei 41,2022-05-04,19:00:00,98,47,51,FMN GV 22 Boechout
7,Victor Heylenlei 41,2022-05-04,20:00:00,79,45,34,FMN GV 22 Boechout
7,Victor Heylenlei 41,2022-05-04,21:00:00,38,28,10,FMN GV 22 Boechout
7,Victor Heylenlei 41,2022-05-04,22:00:00,18,8,10,FMN GV 22 Boechout
7,Victor Heylenlei 41,2022-05-04,23:00:00,9,3,6,FMN GV 22 Boechout
7,Victor Heylenlei 41,2022-05-05,00:00:00,3,1,2,FMN GV 22 Boechout
7,Victor Heylenlei 41,2022-05-05,01:00:00,2,2,0,FMN GV 22 Boechout
7,Victor Heylenlei 41,2022-05-05,02:00:00,2,2,0,FMN GV 22 Boechout
7,Victor Heylenlei 41,2022-05-05,03:00:00,1,0,1,FMN GV 22 Boechout
7,Victor Heylenlei 41,2022-05-05,04:00:00,2,2,0,FMN GV 22 Boechout
7,Victor Heylenlei 41,2022-05-05,05:00:00,24,15,9,FMN GV 22 Boechout
7,Victor Heylenlei 41,2022-05-05,06:00:00,37,31,6,FMN GV 22 Boechout
7,Victor Heylenlei 41,2022-05-05,07:00:00,160,124,36,FMN GV 22 Boechout
7,Victor Heylenlei 41,2022-05-05,08:00:00,274,140,134,FMN GV 22 Boechout
7,Victor Heylenlei 41,2022-05-05,09:00:00,115,40,75,FMN GV 22 Boechout
7,Victor Heylenlei 41,2022-05-05,10:00:00,45,30,15,FMN GV 22 Boechout
7,Victor Heylenlei 41,2022-05-05,11:00:00,53,33,20,FMN GV 22 Boechout
7,Victor Heylenlei 41,2022-05-05,12:00:00,71,38,33,FMN GV 22 Boechout
7,Victor Heylenlei 41,2022-05-05,13:00:00,98,44,54,FMN GV 22 Boechout
7,Victor Heylenlei 41,2022-05-05,14:00:00,101,43,58,FMN GV 22 Boechout
7,Victor Heylenlei 41,2022-05-05,15:00:00,118,40,78,FMN GV 22 Boechout
7,Victor Heylenlei 41,2022-05-05,16:00:00,305,181,124,FMN GV 22 Boechout
7,Victor Heylenlei 41,2022-05-05,17:00:00,199,61,138,FMN GV 22 Boechout
7,Victor Heylenlei 41,2022-05-05,18:00:00,136,49,87,FMN GV 22 Boechout
7,Victor Heylenlei 41,2022-05-05,19:00:00,104,49,55,FMN GV 22 Boechout
7,Victor Heylenlei 41,2022-05-05,20:00:00,126,93,33,FMN GV 22 Boechout
7,Victor Heylenlei 41,2022-05-05,21:00:00,24,14,10,FMN GV 22 Boechout
7,Victor Heylenlei 41,2022-05-05,22:00:00,30,13,17,FMN GV 22 Boechout
7,Victor Heylenlei 41,2022-05-05,23:00:00,19,9,10,FMN GV 22 Boechout
7,Victor Heylenlei 41,2022-05-06,00:00:00,4,2,2,FMN GV 22 Boechout
7,Victor Heylenlei 41,2022-05-06,01:00:00,4,0,4,FMN GV 22 Boechout
7,Victor Heylenlei 41,2022-05-06,02:00:00,0,0,0,FMN GV 22 Boechout
7,Victor Heylenlei 41,2022-05-06,03:00:00,0,0,0,FMN GV 22 Boechout
7,Victor Heylenlei 41,2022-05-06,04:00:00,4,4,0,FMN GV 22 Boechout
7,Victor Heylenlei 41,2022-05-06,05:00:00,24,16,8,FMN GV 22 Boechout
7,Victor Heylenlei 41,2022-05-06,06:00:00,35,27,8,FMN GV 22 Boechout
7,Victor Heylenlei 41,2022-05-06,07:00:00,142,107,35,FMN GV 22 Boechout
7,Victor Heylenlei 41,2022-05-06,08:00:00,262,103,159,FMN GV 22 Boechout
7,Victor Heylenlei 41,2022-05-06,09:00:00,50,28,22,FMN GV 22 Boechout
7,Victor Heylenlei 41,2022-05-06,10:00:00,39,23,16,FMN GV 22 Boechout
7,Victor Heylenlei 41,2022-05-06,11:00:00,57,29,28,FMN GV 22 Boechout
7,Victor Heylenlei 41,2022-05-06,12:00:00,76,38,38,FMN GV 22 Boechout
7,Victor Heylenlei 41,2022-05-06,13:00:00,82,38,44,FMN GV 22 Boechout
7,Victor Heylenlei 41,2022-05-06,14:00:00,102,44,58,FMN GV 22 Boechout
7,Victor Heylenlei 41,2022-05-06,15:00:00,218,140,78,FMN GV 22 Boechout
7,Victor Heylenlei 41,2022-05-06,16:00:00,264,144,120,FMN GV 22 Boechout
7,Victor Heylenlei 41,2022-05-06,17:00:00,171,63,108,FMN GV 22 Boechout
7,Victor Heylenlei 41,2022-05-06,18:00:00,111,52,59,FMN GV 22 Boechout
7,Victor Heylenlei 41,2022-05-06,19:00:00,122,51,71,FMN GV 22 Boechout
7,Victor Heylenlei 41,2022-05-06,20:00:00,63,35,28,FMN GV 22 Boechout
7,Victor Heylenlei 41,2022-05-06,21:00:00,37,18,19,FMN GV 22 Boechout
7,Victor Heylenlei 41,2022-05-06,22:00:00,26,11,15,FMN GV 22 Boechout
7,Victor Heylenlei 41,2022-05-06,23:00:00,13,5,8,FMN GV 22 Boechout
7,Victor Heylenlei 41,2022-05-07,00:00:00,19,4,15,FMN GV 22 Boechout
7,Victor Heylenlei 41,2022-05-07,01:00:00,13,6,7,FMN GV 22 Boechout
7,Victor Heylenlei 41,2022-05-07,02:00:00,12,3,9,FMN GV 22 Boechout
7,Victor Heylenlei 41,2022-05-07,03:00:00,10,5,5,FMN GV 22 Boechout
7,Victor Heylenlei 41,2022-05-07,04:00:00,3,0,3,FMN GV 22 Boechout
7,Victor Heylenlei 41,2022-05-07,05:00:00,5,3,2,FMN GV 22 Boechout
7,Victor Heylenlei 41,2022-05-07,06:00:00,9,5,4,FMN GV 22 Boechout
7,Victor Heylenlei 41,2022-05-07,07:00:00,16,12,4,FMN GV 22 Boechout
7,Victor Heylenlei 41,2022-05-07,08:00:00,29,19,10,FMN GV 22 Boechout
7,Victor Heylenlei 41,2022-05-07,09:00:00,50,28,22,FMN GV 22 Boechout
7,Victor Heylenlei 41,2022-05-07,10:00:00,72,36,36,FMN GV 22 Boechout
7,Victor Heylenlei 41,2022-05-07,11:00:00,81,30,51,FMN GV 22 Boechout
7,Victor Heylenlei 41,2022-05-07,12:00:00,96,56,40,FMN GV 22 Boechout
7,Victor Heylenlei 41,2022-05-07,13:00:00,100,55,45,FMN GV 22 Boechout
7,Victor Heylenlei 41,2022-05-07,14:00:00,138,60,78,FMN GV 22 Boechout
7,Victor Heylenlei 41,2022-05-07,15:00:00,153,58,95,FMN GV 22 Boechout
7,Victor Heylenlei 41,2022-05-07,16:00:00,146,82,64,FMN GV 22 Boechout
7,Victor Heylenlei 41,2022-05-07,17:00:00,88,46,42,FMN GV 22 Boechout
7,Victor Heylenlei 41,2022-05-07,18:00:00,72,44,28,FMN GV 22 Boechout
7,Victor Heylenlei 41,2022-05-07,19:00:00,40,23,17,FMN GV 22 Boechout
7,Victor Heylenlei 41,2022-05-07,20:00:00,51,30,21,FMN GV 22 Boechout
7,Victor Heylenlei 41,2022-05-07,21:00:00,34,23,11,FMN GV 22 Boechout
7,Victor Heylenlei 41,2022-05-07,22:00:00,11,1,10,FMN GV 22 Boechout
7,Victor Heylenlei 41,2022-05-07,23:00:00,21,5,16,FMN GV 22 Boechout
7,Victor Heylenlei 41,2022-05-08,00:00:00,11,4,7,FMN GV 22 Boechout
7,Victor Heylenlei 41,2022-05-08,01:00:00,9,7,2,FMN GV 22 Boechout
7,Victor Heylenlei 41,2022-05-08,02:00:00,1,1,0,FMN GV 22 Boechout
7,Victor Heylenlei 41,2022-05-08,03:00:00,5,1,4,FMN GV 22 Boechout
7,Victor Heylenlei 41,2022-05-08,04:00:00,5,2,3,FMN GV 22 Boechout
7,Victor Heylenlei 41,2022-05-08,05:00:00,5,4,1,FMN GV 22 Boechout
7,Victor Heylenlei 41,2022-05-08,06:00:00,8,4,4,FMN GV 22 Boechout
7,Victor Heylenlei 41,2022-05-08,07:00:00,13,6,7,FMN GV 22 Boechout
7,Victor Heylenlei 41,2022-05-08,08:00:00,28,9,19,FMN GV 22 Boechout
7,Victor Heylenlei 41,2022-05-08,09:00:00,71,31,40,FMN GV 22 Boechout
7,Victor Heylenlei 41,2022-05-08,10:00:00,108,37,71,FMN GV 22 Boechout
7,Victor Heylenlei 41,2022-05-08,11:00:00,142,78,64,FMN GV 22 Boechout
7,Victor Heylenlei 41,2022-05-08,12:00:00,246,171,75,FMN GV 22 Boechout
7,Victor Heylenlei 41,2022-05-08,13:00:00,231,123,108,FMN GV 22 Boechout
7,Victor Heylenlei 41,2022-05-08,14:00:00,240,103,137,FMN GV 22 Boechout
7,Victor Heylenlei 41,2022-05-08,15:00:00,244,108,136,FMN GV 22 Boechout
7,Victor Heylenlei 41,2022-05-08,16:00:00,236,118,118,FMN GV 22 Boechout
7,Victor Heylenlei 41,2022-05-08,17:00:00,153,84,69,FMN GV 22 Boechout
7,Victor Heylenlei 41,2022-05-08,18:00:00,87,51,36,FMN GV 22 Boechout
7,Victor Heylenlei 41,2022-05-08,19:00:00,61,33,28,FMN GV 22 Boechout
7,Victor Heylenlei 41,2022-05-08,20:00:00,50,35,15,FMN GV 22 Boechout
7,Victor Heylenlei 41,2022-05-08,21:00:00,22,12,10,FMN GV 22 Boechout
7,Victor Heylenlei 41,2022-05-08,22:00:00,9,5,4,FMN GV 22 Boechout
7,Victor Heylenlei 41,2022-05-08,23:00:00,6,3,3,FMN GV 22 Boechout
7,Victor Heylenlei 41,2022-05-09,00:00:00,2,0,2,FMN GV 22 Boechout
7,Victor Heylenlei 41,2022-05-09,01:00:00,4,2,2,FMN GV 22 Boechout
7,Victor Heylenlei 41,2022-05-09,02:00:00,2,1,1,FMN GV 22 Boechout
7,Victor Heylenlei 41,2022-05-09,03:00:00,1,1,0,FMN GV 22 Boechout
7,Victor Heylenlei 41,2022-05-09,04:00:00,5,5,0,FMN GV 22 Boechout
7,Victor Heylenlei 41,2022-05-09,05:00:00,16,9,7,FMN GV 22 Boechout
7,Victor Heylenlei 41,2022-05-09,06:00:00,55,43,12,FMN GV 22 Boechout
7,Victor Heylenlei 41,2022-05-09,07:00:00,173,131,42,FMN GV 22 Boechout
7,Victor Heylenlei 41,2022-05-09,08:00:00,260,139,121,FMN GV 22 Boechout
7,Victor Heylenlei 41,2022-05-09,09:00:00,80,38,42,FMN GV 22 Boechout
7,Victor Heylenlei 41,2022-05-09,10:00:00,46,23,23,FMN GV 22 Boechout
7,Victor Heylenlei 41,2022-05-09,11:00:00,61,31,30,FMN GV 22 Boechout
7,Victor Heylenlei 41,2022-05-09,12:00:00,68,38,30,FMN GV 22 Boechout
7,Victor Heylenlei 41,2022-05-09,13:00:00,117,66,51,FMN GV 22 Boechout
7,Victor Heylenlei 41,2022-05-09,14:00:00,136,65,71,FMN GV 22 Boechout
7,Victor Heylenlei 41,2022-05-09,15:00:00,156,76,80,FMN GV 22 Boechout
7,Victor Heylenlei 41,2022-05-09,16:00:00,301,156,145,FMN GV 22 Boechout
7,Victor Heylenlei 41,2022-05-09,17:00:00,230,63,167,FMN GV 22 Boechout
7,Victor Heylenlei 41,2022-05-09,18:00:00,158,62,96,FMN GV 22 Boechout
7,Victor Heylenlei 41,2022-05-09,19:00:00,121,61,60,FMN GV 22 Boechout
7,Victor Heylenlei 41,2022-05-09,20:00:00,76,50,26,FMN GV 22 Boechout
7,Victor Heylenlei 41,2022-05-09,21:00:00,35,16,19,FMN GV 22 Boechout
7,Victor Heylenlei 41,2022-05-09,22:00:00,30,13,17,FMN GV 22 Boechout
7,Victor Heylenlei 41,2022-05-09,23:00:00,5,0,5,FMN GV 22 Boechout
7,Victor Heylenlei 41,2022-05-10,00:00:00,2,2,0,FMN GV 22 Boechout
7,Victor Heylenlei 41,2022-05-10,01:00:00,2,0,2,FMN GV 22 Boechout
7,Victor Heylenlei 41,2022-05-10,02:00:00,3,3,0,FMN GV 22 Boechout
7,Victor Heylenlei 41,2022-05-10,03:00:00,1,1,0,FMN GV 22 Boechout
7,Victor Heylenlei 41,2022-05-10,04:00:00,5,4,1,FMN GV 22 Boechout
7,Victor Heylenlei 41,2022-05-10,05:00:00,20,14,6,FMN GV 22 Boechout
7,Victor Heylenlei 41,2022-05-10,06:00:00,70,52,18,FMN GV 22 Boechout
7,Victor Heylenlei 41,2022-05-10,07:00:00,182,131,51,FMN GV 22 Boechout
7,Victor Heylenlei 41,2022-05-10,08:00:00,272,141,131,FMN GV 22 Boechout
7,Victor Heylenlei 41,2022-05-10,09:00:00,88,44,44,FMN GV 22 Boechout
7,Victor Heylenlei 41,2022-05-10,10:00:00,53,25,28,FMN GV 22 Boechout
7,Victor Heylenlei 41,2022-05-10,11:00:00,76,45,31,FMN GV 22 Boechout
7,Victor Heylenlei 41,2022-05-10,12:00:00,60,31,29,FMN GV 22 Boechout
7,Victor Heylenlei 41,2022-05-10,13:00:00,93,53,40,FMN GV 22 Boechout
7,Victor Heylenlei 41,2022-05-10,14:00:00,107,56,51,FMN GV 22 Boechout
7,Victor Heylenlei 41,2022-05-10,15:00:00,121,45,76,FMN GV 22 Boechout
7,Victor Heylenlei 41,2022-05-10,16:00:00,320,180,140,FMN GV 22 Boechout
7,Victor Heylenlei 41,2022-05-10,17:00:00,212,61,151,FMN GV 22 Boechout
7,Victor Heylenlei 41,2022-05-10,18:00:00,134,47,87,FMN GV 22 Boechout
7,Victor Heylenlei 41,2022-05-10,19:00:00,123,61,62,FMN GV 22 Boechout
7,Victor Heylenlei 41,2022-05-10,20:00:00,83,48,35,FMN GV 22 Boechout
7,Victor Heylenlei 41,2022-05-10,21:00:00,39,25,14,FMN GV 22 Boechout
7,Victor Heylenlei 41,2022-05-10,22:00:00,32,16,16,FMN GV 22 Boechout
7,Victor Heylenlei 41,2022-05-10,23:00:00,9,2,7,FMN GV 22 Boechout
7,Victor Heylenlei 41,2022-05-11,00:00:00,2,0,2,FMN GV 22 Boechout
7,Victor Heylenlei 41,2022-05-11,01:00:00,2,0,2,FMN GV 22 Boechout
7,Victor Heylenlei 41,2022-05-11,02:00:00,1,1,0,FMN GV 22 Boechout
7,Victor Heylenlei 41,2022-05-11,03:00:00,3,1,2,FMN GV 22 Boechout
7,Victor Heylenlei 41,2022-05-11,04:00:00,1,1,0,FMN GV 22 Boechout
7,Victor Heylenlei 41,2022-05-11,05:00:00,17,10,7,FMN GV 22 Boechout
7,Victor Heylenlei 41,2022-05-11,06:00:00,54,43,11,FMN GV 22 Boechout
7,Victor Heylenlei 41,2022-05-11,07:00:00,150,115,35,FMN GV 22 Boechout
7,Victor Heylenlei 41,2022-05-11,08:00:00,237,115,122,FMN GV 22 Boechout
7,Victor Heylenlei 41,2022-05-11,09:00:00,79,46,33,FMN GV 22 Boechout
7,Victor Heylenlei 41,2022-05-11,10:00:00,65,31,34,FMN GV 22 Boechout
7,Victor Heylenlei 41,2022-05-11,11:00:00,72,39,33,FMN GV 22 Boechout
7,Victor Heylenlei 41,2022-05-11,12:00:00,212,139,73,FMN GV 22 Boechout
7,Victor Heylenlei 41,2022-05-11,13:00:00,105,50,55,FMN GV 22 Boechout
7,Victor Heylenlei 41,2022-05-11,14:00:00,99,53,46,FMN GV 22 Boechout
7,Victor Heylenlei 41,2022-05-11,15:00:00,138,69,69,FMN GV 22 Boechout
7,Victor Heylenlei 41,2022-05-11,16:00:00,150,56,94,FMN GV 22 Boechout
7,Victor Heylenlei 41,2022-05-11,17:00:00,206,65,141,FMN GV 22 Boechout
7,Victor Heylenlei 41,2022-05-11,18:00:00,183,63,120,FMN GV 22 Boechout
7,Victor Heylenlei 41,2022-05-11,19:00:00,145,48,97,FMN GV 22 Boechout
7,Victor Heylenlei 41,2022-05-11,20:00:00,112,74,38,FMN GV 22 Boechout
7,Victor Heylenlei 41,2022-05-11,21:00:00,53,37,16,FMN GV 22 Boechout
7,Victor Heylenlei 41,2022-05-11,22:00:00,27,8,19,FMN GV 22 Boechout
7,Victor Heylenlei 41,2022-05-11,23:00:00,19,14,5,FMN GV 22 Boechout
7,Victor Heylenlei 41,2022-05-12,00:00:00,7,3,4,FMN GV 22 Boechout
7,Victor Heylenlei 41,2022-05-12,01:00:00,2,1,1,FMN GV 22 Boechout
7,Victor Heylenlei 41,2022-05-12,02:00:00,0,0,0,FMN GV 22 Boechout
7,Victor Heylenlei 41,2022-05-12,03:00:00,0,0,0,FMN GV 22 Boechout
7,Victor Heylenlei 41,2022-05-12,04:00:00,7,4,3,FMN GV 22 Boechout
7,Victor Heylenlei 41,2022-05-12,05:00:00,22,12,10,FMN GV 22 Boechout
7,Victor Heylenlei 41,2022-05-12,06:00:00,55,44,11,FMN GV 22 Boechout
7,Victor Heylenlei 41,2022-05-12,07:00:00,188,139,49,FMN GV 22 Boechout
7,Victor Heylenlei 41,2022-05-12,08:00:00,238,134,104,FMN GV 22 Boechout
7,Victor Heylenlei 41,2022-05-12,09:00:00,68,43,25,FMN GV 22 Boechout
7,Victor Heylenlei 41,2022-05-12,10:00:00,44,18,26,FMN GV 22 Boechout
7,Victor Heylenlei 41,2022-05-12,11:00:00,62,41,21,FMN GV 22 Boechout
7,Victor Heylenlei 41,2022-05-12,12:00:00,81,47,34,FMN GV 22 Boechout
7,Victor Heylenlei 41,2022-05-12,13:00:00,104,58,46,FMN GV 22 Boechout
7,Victor Heylenlei 41,2022-05-12,14:00:00,121,54,67,FMN GV 22 Boechout
7,Victor Heylenlei 41,2022-05-12,15:00:00,110,39,71,FMN GV 22 Boechout
7,Victor Heylenlei 41,2022-05-12,16:00:00,298,162,136,FMN GV 22 Boechout
7,Victor Heylenlei 41,2022-05-12,17:00:00,233,81,152,FMN GV 22 Boechout
7,Victor Heylenlei 41,2022-05-12,18:00:00,135,49,86,FMN GV 22 Boechout
7,Victor Heylenlei 41,2022-05-12,19:00:00,103,54,49,FMN GV 22 Boechout
7,Victor Heylenlei 41,2022-05-12,20:00:00,147,105,42,FMN GV 22 Boechout
7,Victor Heylenlei 41,2022-05-12,21:00:00,66,38,28,FMN GV 22 Boechout
7,Victor Heylenlei 41,2022-05-12,22:00:00,33,21,12,FMN GV 22 Boechout
7,Victor Heylenlei 41,2022-05-12,23:00:00,15,3,12,FMN GV 22 Boechout
7,Victor Heylenlei 41,2022-05-13,00:00:00,11,4,7,FMN GV 22 Boechout
7,Victor Heylenlei 41,2022-05-13,01:00:00,2,0,2,FMN GV 22 Boechout
7,Victor Heylenlei 41,2022-05-13,02:00:00,0,0,0,FMN GV 22 Boechout
7,Victor Heylenlei 41,2022-05-13,03:00:00,1,1,0,FMN GV 22 Boechout
7,Victor Heylenlei 41,2022-05-13,04:00:00,6,5,1,FMN GV 22 Boechout
7,Victor Heylenlei 41,2022-05-13,05:00:00,18,10,8,FMN GV 22 Boechout
7,Victor Heylenlei 41,2022-05-13,06:00:00,40,30,10,FMN GV 22 Boechout
7,Victor Heylenlei 41,2022-05-13,07:00:00,143,106,37,FMN GV 22 Boechout
7,Victor Heylenlei 41,2022-05-13,08:00:00,235,102,133,FMN GV 22 Boechout
7,Victor Heylenlei 41,2022-05-13,09:00:00,64,42,22,FMN GV 22 Boechout
7,Victor Heylenlei 41,2022-05-13,10:00:00,42,17,25,FMN GV 22 Boechout
7,Victor Heylenlei 41,2022-05-13,11:00:00,68,38,30,FMN GV 22 Boechout
7,Victor Heylenlei 41,2022-05-13,12:00:00,74,43,31,FMN GV 22 Boechout
7,Victor Heylenlei 41,2022-05-13,13:00:00,90,41,49,FMN GV 22 Boechout
7,Victor Heylenlei 41,2022-05-13,14:00:00,80,40,40,FMN GV 22 Boechout
7,Victor Heylenlei 41,2022-05-13,15:00:00,115,50,65,FMN GV 22 Boechout
7,Victor Heylenlei 41,2022-05-13,16:00:00,243,149,94,FMN GV 22 Boechout
7,Victor Heylenlei 41,2022-05-13,17:00:00,166,66,100,FMN GV 22 Boechout
7,Victor Heylenlei 41,2022-05-13,18:00:00,161,51,110,FMN GV 22 Boechout
7,Victor Heylenlei 41,2022-05-13,19:00:00,91,37,54,FMN GV 22 Boechout
7,Victor Heylenlei 41,2022-05-13,20:00:00,68,51,17,FMN GV 22 Boechout
7,Victor Heylenlei 41,2022-05-13,21:00:00,70,52,18,FMN GV 22 Boechout
7,Victor Heylenlei 41,2022-05-13,22:00:00,34,29,5,FMN GV 22 Boechout
7,Victor Heylenlei 41,2022-05-13,23:00:00,25,9,16,FMN GV 22 Boechout
7,Victor Heylenlei 41,2022-05-14,00:00:00,23,6,17,FMN GV 22 Boechout
7,Victor Heylenlei 41,2022-05-14,01:00:00,12,6,6,FMN GV 22 Boechout
7,Victor Heylenlei 41,2022-05-14,02:00:00,5,2,3,FMN GV 22 Boechout
7,Victor Heylenlei 41,2022-05-14,03:00:00,5,5,0,FMN GV 22 Boechout
7,Victor Heylenlei 41,2022-05-14,04:00:00,7,6,1,FMN GV 22 Boechout
7,Victor Heylenlei 41,2022-05-14,05:00:00,7,4,3,FMN GV 22 Boechout
7,Victor Heylenlei 41,2022-05-14,06:00:00,11,4,7,FMN GV 22 Boechout
7,Victor Heylenlei 41,2022-05-14,07:00:00,15,9,6,FMN GV 22 Boechout
7,Victor Heylenlei 41,2022-05-14,08:00:00,50,22,28,FMN GV 22 Boechout
7,Victor Heylenlei 41,2022-05-14,09:00:00,70,33,37,FMN GV 22 Boechout
7,Victor Heylenlei 41,2022-05-14,10:00:00,113,45,68,FMN GV 22 Boechout
7,Victor Heylenlei 41,2022-05-14,11:00:00,139,76,63,FMN GV 22 Boechout
7,Victor Heylenlei 41,2022-05-14,12:00:00,121,60,61,FMN GV 22 Boechout
7,Victor Heylenlei 41,2022-05-14,13:00:00,162,80,82,FMN GV 22 Boechout
7,Victor Heylenlei 41,2022-05-14,14:00:00,185,87,98,FMN GV 22 Boechout
7,Victor Heylenlei 41,2022-05-14,15:00:00,228,86,142,FMN GV 22 Boechout
7,Victor Heylenlei 41,2022-05-14,16:00:00,178,97,81,FMN GV 22 Boechout
7,Victor Heylenlei 41,2022-05-14,17:00:00,111,63,48,FMN GV 22 Boechout
7,Victor Heylenlei 41,2022-05-14,18:00:00,130,68,62,FMN GV 22 Boechout
7,Victor Heylenlei 41,2022-05-14,19:00:00,77,40,37,FMN GV 22 Boechout
7,Victor Heylenlei 41,2022-05-14,20:00:00,56,24,32,FMN GV 22 Boechout
7,Victor Heylenlei 41,2022-05-14,21:00:00,34,13,21,FMN GV 22 Boechout
7,Victor Heylenlei 41,2022-05-14,22:00:00,34,20,14,FMN GV 22 Boechout
7,Victor Heylenlei 41,2022-05-14,23:00:00,20,10,10,FMN GV 22 Boechout
7,Victor Heylenlei 41,2022-05-15,00:00:00,14,10,4,FMN GV 22 Boechout
7,Victor Heylenlei 41,2022-05-15,01:00:00,17,5,12,FMN GV 22 Boechout
7,Victor Heylenlei 41,2022-05-15,02:00:00,6,4,2,FMN GV 22 Boechout
7,Victor Heylenlei 41,2022-05-15,03:00:00,6,2,4,FMN GV 22 Boechout
7,Victor Heylenlei 41,2022-05-15,04:00:00,3,2,1,FMN GV 22 Boechout
7,Victor Heylenlei 41,2022-05-15,05:00:00,2,2,0,FMN GV 22 Boechout
7,Victor Heylenlei 41,2022-05-15,06:00:00,8,4,4,FMN GV 22 Boechout
7,Victor Heylenlei 41,2022-05-15,07:00:00,9,3,6,FMN GV 22 Boechout
7,Victor Heylenlei 41,2022-05-15,08:00:00,34,13,21,FMN GV 22 Boechout
7,Victor Heylenlei 41,2022-05-15,09:00:00,129,43,86,FMN GV 22 Boechout
7,Victor Heylenlei 41,2022-05-15,10:00:00,144,61,83,FMN GV 22 Boechout
7,Victor Heylenlei 41,2022-05-15,11:00:00,223,118,105,FMN GV 22 Boechout
7,Victor Heylenlei 41,2022-05-15,12:00:00,194,119,75,FMN GV 22 Boechout
7,Victor Heylenlei 41,2022-05-15,13:00:00,195,99,96,FMN GV 22 Boechout
7,Victor Heylenlei 41,2022-05-15,14:00:00,285,154,131,FMN GV 22 Boechout
7,Victor Heylenlei 41,2022-05-15,15:00:00,241,96,145,FMN GV 22 Boechout
7,Victor Heylenlei 41,2022-05-15,16:00:00,273,134,139,FMN GV 22 Boechout
7,Victor Heylenlei 41,2022-05-15,17:00:00,157,91,66,FMN GV 22 Boechout
7,Victor Heylenlei 41,2022-05-15,18:00:00,110,45,65,FMN GV 22 Boechout
7,Victor Heylenlei 41,2022-05-15,19:00:00,87,48,39,FMN GV 22 Boechout
7,Victor Heylenlei 41,2022-05-15,20:00:00,53,30,23,FMN GV 22 Boechout
7,Victor Heylenlei 41,2022-05-15,21:00:00,38,25,13,FMN GV 22 Boechout
7,Victor Heylenlei 41,2022-05-15,22:00:00,18,7,11,FMN GV 22 Boechout
7,Victor Heylenlei 41,2022-05-15,23:00:00,10,6,4,FMN GV 22 Boechout
7,Victor Heylenlei 41,2022-05-16,00:00:00,9,2,7,FMN GV 22 Boechout
7,Victor Heylenlei 41,2022-05-16,01:00:00,3,1,2,FMN GV 22 Boechout
7,Victor Heylenlei 41,2022-05-16,02:00:00,2,0,2,FMN GV 22 Boechout
7,Victor Heylenlei 41,2022-05-16,03:00:00,1,1,0,FMN GV 22 Boechout
7,Victor Heylenlei 41,2022-05-16,04:00:00,5,4,1,FMN GV 22 Boechout
7,Victor Heylenlei 41,2022-05-16,05:00:00,21,12,9,FMN GV 22 Boechout
7,Victor Heylenlei 41,2022-05-16,06:00:00,44,39,5,FMN GV 22 Boechout
7,Victor Heylenlei 41,2022-05-16,07:00:00,159,117,42,FMN GV 22 Boechout
7,Victor Heylenlei 41,2022-05-16,08:00:00,240,120,120,FMN GV 22 Boechout
7,Victor Heylenlei 41,2022-05-16,09:00:00,62,46,16,FMN GV 22 Boechout
7,Victor Heylenlei 41,2022-05-16,10:00:00,45,28,17,FMN GV 22 Boechout
7,Victor Heylenlei 41,2022-05-16,11:00:00,58,34,24,FMN GV 22 Boechout
7,Victor Heylenlei 41,2022-05-16,12:00:00,65,36,29,FMN GV 22 Boechout
7,Victor Heylenlei 41,2022-05-16,13:00:00,47,24,23,FMN GV 22 Boechout
7,Victor Heylenlei 41,2022-05-16,14:00:00,59,24,35,FMN GV 22 Boechout
7,Victor Heylenlei 41,2022-05-16,15:00:00,100,32,68,FMN GV 22 Boechout
7,Victor Heylenlei 41,2022-05-16,16:00:00,231,135,96,FMN GV 22 Boechout
7,Victor Heylenlei 41,2022-05-16,17:00:00,169,55,114,FMN GV 22 Boechout
7,Victor Heylenlei 41,2022-05-16,18:00:00,136,45,91,FMN GV 22 Boechout
7,Victor Heylenlei 41,2022-05-16,19:00:00,81,43,38,FMN GV 22 Boechout
7,Victor Heylenlei 41,2022-05-16,20:00:00,70,33,37,FMN GV 22 Boechout
7,Victor Heylenlei 41,2022-05-16,21:00:00,35,11,24,FMN GV 22 Boechout
7,Victor Heylenlei 41,2022-05-16,22:00:00,33,17,16,FMN GV 22 Boechout
7,Victor Heylenlei 41,2022-05-16,23:00:00,9,2,7,FMN GV 22 Boechout
7,Victor Heylenlei 41,2022-05-17,00:00:00,6,3,3,FMN GV 22 Boechout
7,Victor Heylenlei 41,2022-05-17,01:00:00,2,0,2,FMN GV 22 Boechout
7,Victor Heylenlei 41,2022-05-17,02:00:00,3,1,2,FMN GV 22 Boechout
7,Victor Heylenlei 41,2022-05-17,03:00:00,1,1,0,FMN GV 22 Boechout
7,Victor Heylenlei 41,2022-05-17,04:00:00,5,2,3,FMN GV 22 Boechout
7,Victor Heylenlei 41,2022-05-17,05:00:00,26,17,9,FMN GV 22 Boechout
7,Victor Heylenlei 41,2022-05-17,06:00:00,62,50,12,FMN GV 22 Boechout
7,Victor Heylenlei 41,2022-05-17,07:00:00,177,141,36,FMN GV 22 Boechout
7,Victor Heylenlei 41,2022-05-17,08:00:00,247,137,110,FMN GV 22 Boechout
7,Victor Heylenlei 41,2022-05-17,09:00:00,48,31,17,FMN GV 22 Boechout
7,Victor Heylenlei 41,2022-05-17,10:00:00,39,18,21,FMN GV 22 Boechout
7,Victor Heylenlei 41,2022-05-17,11:00:00,53,24,29,FMN GV 22 Boechout
7,Victor Heylenlei 41,2022-05-17,12:00:00,73,44,29,FMN GV 22 Boechout
7,Victor Heylenlei 41,2022-05-17,13:00:00,92,33,59,FMN GV 22 Boechout
7,Victor Heylenlei 41,2022-05-17,14:00:00,102,53,49,FMN GV 22 Boechout
7,Victor Heylenlei 41,2022-05-17,15:00:00,135,53,82,FMN GV 22 Boechout
7,Victor Heylenlei 41,2022-05-17,16:00:00,300,156,144,FMN GV 22 Boechout
7,Victor Heylenlei 41,2022-05-17,17:00:00,222,69,153,FMN GV 22 Boechout
7,Victor Heylenlei 41,2022-05-17,18:00:00,185,61,124,FMN GV 22 Boechout
7,Victor Heylenlei 41,2022-05-17,19:00:00,136,59,77,FMN GV 22 Boechout
7,Victor Heylenlei 41,2022-05-17,20:00:00,133,94,39,FMN GV 22 Boechout
7,Victor Heylenlei 41,2022-05-17,21:00:00,57,35,22,FMN GV 22 Boechout
7,Victor Heylenlei 41,2022-05-17,22:00:00,43,18,25,FMN GV 22 Boechout
7,Victor Heylenlei 41,2022-05-17,23:00:00,14,8,6,FMN GV 22 Boechout
7,Victor Heylenlei 41,2022-05-18,00:00:00,8,2,6,FMN GV 22 Boechout
7,Victor Heylenlei 41,2022-05-18,01:00:00,0,0,0,FMN GV 22 Boechout
7,Victor Heylenlei 41,2022-05-18,02:00:00,4,2,2,FMN GV 22 Boechout
7,Victor Heylenlei 41,2022-05-18,03:00:00,3,2,1,FMN GV 22 Boechout
7,Victor Heylenlei 41,2022-05-18,04:00:00,3,3,0,FMN GV 22 Boechout
7,Victor Heylenlei 41,2022-05-18,05:00:00,25,16,9,FMN GV 22 Boechout
7,Victor Heylenlei 41,2022-05-18,06:00:00,55,45,10,FMN GV 22 Boechout
7,Victor Heylenlei 41,2022-05-18,07:00:00,163,117,46,FMN GV 22 Boechout
7,Victor Heylenlei 41,2022-05-18,08:00:00,248,128,120,FMN GV 22 Boechout
7,Victor Heylenlei 41,2022-05-18,09:00:00,77,45,32,FMN GV 22 Boechout
7,Victor Heylenlei 41,2022-05-18,10:00:00,61,38,23,FMN GV 22 Boechout
7,Victor Heylenlei 41,2022-05-18,11:00:00,66,35,31,FMN GV 22 Boechout
7,Victor Heylenlei 41,2022-05-18,12:00:00,235,161,74,FMN GV 22 Boechout
7,Victor Heylenlei 41,2022-05-18,13:00:00,127,53,74,FMN GV 22 Boechout
7,Victor Heylenlei 41,2022-05-18,14:00:00,114,51,63,FMN GV 22 Boechout
7,Victor Heylenlei 41,2022-05-18,15:00:00,131,48,83,FMN GV 22 Boechout
7,Victor Heylenlei 41,2022-05-18,16:00:00,188,72,116,FMN GV 22 Boechout
7,Victor Heylenlei 41,2022-05-18,17:00:00,184,63,121,FMN GV 22 Boechout
7,Victor Heylenlei 41,2022-05-18,18:00:00,209,83,126,FMN GV 22 Boechout
7,Victor Heylenlei 41,2022-05-18,19:00:00,130,54,76,FMN GV 22 Boechout
7,Victor Heylenlei 41,2022-05-18,20:00:00,155,110,45,FMN GV 22 Boechout
7,Victor Heylenlei 41,2022-05-18,21:00:00,85,54,31,FMN GV 22 Boechout
7,Victor Heylenlei 41,2022-05-18,22:00:00,34,11,23,FMN GV 22 Boechout
7,Victor Heylenlei 41,2022-05-18,23:00:00,20,5,15,FMN GV 22 Boechout
7,Victor Heylenlei 41,2022-05-19,00:00:00,6,3,3,FMN GV 22 Boechout
7,Victor Heylenlei 41,2022-05-19,01:00:00,3,1,2,FMN GV 22 Boechout
7,Victor Heylenlei 41,2022-05-19,02:00:00,2,1,1,FMN GV 22 Boechout
7,Victor Heylenlei 41,2022-05-19,03:00:00,4,3,1,FMN GV 22 Boechout
7,Victor Heylenlei 41,2022-05-19,04:00:00,3,3,0,FMN GV 22 Boechout
7,Victor Heylenlei 41,2022-05-19,05:00:00,11,4,7,FMN GV 22 Boechout
7,Victor Heylenlei 41,2022-05-19,06:00:00,23,17,6,FMN GV 22 Boechout
7,Victor Heylenlei 41,2022-05-19,07:00:00,127,99,28,FMN GV 22 Boechout
7,Victor Heylenlei 41,2022-05-19,08:00:00,228,122,106,FMN GV 22 Boechout
7,Victor Heylenlei 41,2022-05-19,09:00:00,51,28,23,FMN GV 22 Boechout
7,Victor Heylenlei 41,2022-05-19,10:00:00,53,29,24,FMN GV 22 Boechout
7,Victor Heylenlei 41,2022-05-19,11:00:00,43,24,19,FMN GV 22 Boechout
7,Victor Heylenlei 41,2022-05-19,12:00:00,31,16,15,FMN GV 22 Boechout
7,Victor Heylenlei 41,2022-05-19,13:00:00,53,36,17,FMN GV 22 Boechout
7,Victor Heylenlei 41,2022-05-19,14:00:00,46,32,14,FMN GV 22 Boechout
7,Victor Heylenlei 41,2022-05-19,15:00:00,53,17,36,FMN GV 22 Boechout
7,Victor Heylenlei 41,2022-05-19,16:00:00,200,117,83,FMN GV 22 Boechout
7,Victor Heylenlei 41,2022-05-19,17:00:00,117,38,79,FMN GV 22 Boechout
7,Victor Heylenlei 41,2022-05-19,18:00:00,107,35,72,FMN GV 22 Boechout
7,Victor Heylenlei 41,2022-05-19,19:00:00,64,23,41,FMN GV 22 Boechout
7,Victor Heylenlei 41,2022-05-19,20:00:00,108,67,41,FMN GV 22 Boechout
7,Victor Heylenlei 41,2022-05-19,21:00:00,62,49,13,FMN GV 22 Boechout
7,Victor Heylenlei 41,2022-05-19,22:00:00,21,9,12,FMN GV 22 Boechout
7,Victor Heylenlei 41,2022-05-19,23:00:00,4,1,3,FMN GV 22 Boechout
7,Victor Heylenlei 41,2022-05-20,00:00:00,6,1,5,FMN GV 22 Boechout
7,Victor Heylenlei 41,2022-05-20,01:00:00,1,0,1,FMN GV 22 Boechout
7,Victor Heylenlei 41,2022-05-20,02:00:00,4,1,3,FMN GV 22 Boechout
7,Victor Heylenlei 41,2022-05-20,03:00:00,0,0,0,FMN GV 22 Boechout
7,Victor Heylenlei 41,2022-05-20,04:00:00,5,5,0,FMN GV 22 Boechout
7,Victor Heylenlei 41,2022-05-20,05:00:00,14,7,7,FMN GV 22 Boechout
7,Victor Heylenlei 41,2022-05-20,06:00:00,34,27,7,FMN GV 22 Boechout
7,Victor Heylenlei 41,2022-05-20,07:00:00,106,80,26,FMN GV 22 Boechout
7,Victor Heylenlei 41,2022-05-20,08:00:00,190,79,111,FMN GV 22 Boechout
7,Victor Heylenlei 41,2022-05-20,09:00:00,107,39,68,FMN GV 22 Boechout
7,Victor Heylenlei 41,2022-05-20,10:00:00,33,22,11,FMN GV 22 Boechout
7,Victor Heylenlei 41,2022-05-20,11:00:00,35,22,13,FMN GV 22 Boechout
7,Victor Heylenlei 41,2022-05-20,12:00:00,38,21,17,FMN GV 22 Boechout
7,Victor Heylenlei 41,2022-05-20,13:00:00,19,8,11,FMN GV 22 Boechout
7,Victor Heylenlei 41,2022-05-20,14:00:00,18,5,13,FMN GV 22 Boechout
7,Victor Heylenlei 41,2022-05-20,15:00:00,76,57,19,FMN GV 22 Boechout
7,Victor Heylenlei 41,2022-05-20,16:00:00,161,93,68,FMN GV 22 Boechout
7,Victor Heylenlei 41,2022-05-20,17:00:00,74,26,48,FMN GV 22 Boechout
7,Victor Heylenlei 41,2022-05-20,18:00:00,62,26,36,FMN GV 22 Boechout
7,Victor Heylenlei 41,2022-05-20,19:00:00,38,18,20,FMN GV 22 Boechout
7,Victor Heylenlei 41,2022-05-20,20:00:00,39,13,26,FMN GV 22 Boechout
7,Victor Heylenlei 41,2022-05-20,21:00:00,8,3,5,FMN GV 22 Boechout
7,Victor Heylenlei 41,2022-05-20,22:00:00,22,10,12,FMN GV 22 Boechout
7,Victor Heylenlei 41,2022-05-20,23:00:00,15,8,7,FMN GV 22 Boechout
7,Victor Heylenlei 41,2022-05-21,00:00:00,12,7,5,FMN GV 22 Boechout
7,Victor Heylenlei 41,2022-05-21,01:00:00,7,4,3,FMN GV 22 Boechout
7,Victor Heylenlei 41,2022-05-21,02:00:00,7,4,3,FMN GV 22 Boechout
7,Victor Heylenlei 41,2022-05-21,03:00:00,6,1,5,FMN GV 22 Boechout
7,Victor Heylenlei 41,2022-05-21,04:00:00,2,2,0,FMN GV 22 Boechout
7,Victor Heylenlei 41,2022-05-21,05:00:00,3,1,2,FMN GV 22 Boechout
7,Victor Heylenlei 41,2022-05-21,06:00:00,2,2,0,FMN GV 22 Boechout
7,Victor Heylenlei 41,2022-05-21,07:00:00,11,4,7,FMN GV 22 Boechout
7,Victor Heylenlei 41,2022-05-21,08:00:00,28,12,16,FMN GV 22 Boechout
7,Victor Heylenlei 41,2022-05-21,09:00:00,90,52,38,FMN GV 22 Boechout
7,Victor Heylenlei 41,2022-05-21,10:00:00,58,22,36,FMN GV 22 Boechout
7,Victor Heylenlei 41,2022-05-21,11:00:00,68,37,31,FMN GV 22 Boechout
7,Victor Heylenlei 41,2022-05-21,12:00:00,91,65,26,FMN GV 22 Boechout
7,Victor Heylenlei 41,2022-05-21,13:00:00,108,55,53,FMN GV 22 Boechout
7,Victor Heylenlei 41,2022-05-21,14:00:00,129,67,62,FMN GV 22 Boechout
7,Victor Heylenlei 41,2022-05-21,15:00:00,112,55,57,FMN GV 22 Boechout
7,Victor Heylenlei 41,2022-05-21,16:00:00,110,64,46,FMN GV 22 Boechout
7,Victor Heylenlei 41,2022-05-21,17:00:00,102,51,51,FMN GV 22 Boechout
7,Victor Heylenlei 41,2022-05-21,18:00:00,70,42,28,FMN GV 22 Boechout
7,Victor Heylenlei 41,2022-05-21,19:00:00,35,23,12,FMN GV 22 Boechout
7,Victor Heylenlei 41,2022-05-21,20:00:00,38,19,19,FMN GV 22 Boechout
7,Victor Heylenlei 41,2022-05-21,21:00:00,35,23,12,FMN GV 22 Boechout
7,Victor Heylenlei 41,2022-05-21,22:00:00,17,10,7,FMN GV 22 Boechout
7,Victor Heylenlei 41,2022-05-21,23:00:00,13,5,8,FMN GV 22 Boechout
7,Victor Heylenlei 41,2022-05-22,00:00:00,11,6,5,FMN GV 22 Boechout
7,Victor Heylenlei 41,2022-05-22,01:00:00,13,7,6,FMN GV 22 Boechout
7,Victor Heylenlei 41,2022-05-22,02:00:00,5,3,2,FMN GV 22 Boechout
7,Victor Heylenlei 41,2022-05-22,03:00:00,1,0,1,FMN GV 22 Boechout
7,Victor Heylenlei 41,2022-05-22,04:00:00,0,0,0,FMN GV 22 Boechout
7,Victor Heylenlei 41,2022-05-22,05:00:00,2,2,0,FMN GV 22 Boechout
7,Victor Heylenlei 41,2022-05-22,06:00:00,3,1,2,FMN GV 22 Boechout
7,Victor Heylenlei 41,2022-05-22,07:00:00,8,2,6,FMN GV 22 Boechout
7,Victor Heylenlei 41,2022-05-22,08:00:00,33,11,22,FMN GV 22 Boechout
7,Victor Heylenlei 41,2022-05-22,09:00:00,122,47,75,FMN GV 22 Boechout
7,Victor Heylenlei 41,2022-05-22,10:00:00,171,63,108,FMN GV 22 Boechout
7,Victor Heylenlei 41,2022-05-22,11:00:00,190,96,94,FMN GV 22 Boechout
7,Victor Heylenlei 41,2022-05-22,12:00:00,183,99,84,FMN GV 22 Boechout
7,Victor Heylenlei 41,2022-05-22,13:00:00,269,135,134,FMN GV 22 Boechout
7,Victor Heylenlei 41,2022-05-22,14:00:00,268,122,146,FMN GV 22 Boechout
7,Victor Heylenlei 41,2022-05-22,15:00:00,318,163,155,FMN GV 22 Boechout
7,Victor Heylenlei 41,2022-05-22,16:00:00,239,117,122,FMN GV 22 Boechout
7,Victor Heylenlei 41,2022-05-22,17:00:00,171,97,74,FMN GV 22 Boechout
7,Victor Heylenlei 41,2022-05-22,18:00:00,116,59,57,FMN GV 22 Boechout
7,Victor Heylenlei 41,2022-05-22,19:00:00,71,45,26,FMN GV 22 Boechout
7,Victor Heylenlei 41,2022-05-22,20:00:00,62,46,16,FMN GV 22 Boechout
7,Victor Heylenlei 41,2022-05-22,21:00:00,30,18,12,FMN GV 22 Boechout
7,Victor Heylenlei 41,2022-05-22,22:00:00,15,6,9,FMN GV 22 Boechout
7,Victor Heylenlei 41,2022-05-22,23:00:00,3,1,2,FMN GV 22 Boechout
7,Victor Heylenlei 41,2022-05-23,00:00:00,1,1,0,FMN GV 22 Boechout
7,Victor Heylenlei 41,2022-05-23,01:00:00,1,0,1,FMN GV 22 Boechout
7,Victor Heylenlei 41,2022-05-23,02:00:00,0,0,0,FMN GV 22 Boechout
7,Victor Heylenlei 41,2022-05-23,03:00:00,1,1,0,FMN GV 22 Boechout
7,Victor Heylenlei 41,2022-05-23,04:00:00,4,4,0,FMN GV 22 Boechout
7,Victor Heylenlei 41,2022-05-23,05:00:00,13,7,6,FMN GV 22 Boechout
7,Victor Heylenlei 41,2022-05-23,06:00:00,43,34,9,FMN GV 22 Boechout
7,Victor Heylenlei 41,2022-05-23,07:00:00,138,104,34,FMN GV 22 Boechout
7,Victor Heylenlei 41,2022-05-23,08:00:00,188,84,104,FMN GV 22 Boechout
7,Victor Heylenlei 41,2022-05-23,09:00:00,55,35,20,FMN GV 22 Boechout
7,Victor Heylenlei 41,2022-05-23,10:00:00,24,16,8,FMN GV 22 Boechout
7,Victor Heylenlei 41,2022-05-23,11:00:00,33,19,14,FMN GV 22 Boechout
7,Victor Heylenlei 41,2022-05-23,12:00:00,43,24,19,FMN GV 22 Boechout
7,Victor Heylenlei 41,2022-05-23,13:00:00,58,26,32,FMN GV 22 Boechout
7,Victor Heylenlei 41,2022-05-23,14:00:00,29,12,17,FMN GV 22 Boechout
7,Victor Heylenlei 41,2022-05-23,15:00:00,48,24,24,FMN GV 22 Boechout
7,Victor Heylenlei 41,2022-05-23,16:00:00,173,100,73,FMN GV 22 Boechout
7,Victor Heylenlei 41,2022-05-23,17:00:00,97,25,72,FMN GV 22 Boechout
7,Victor Heylenlei 41,2022-05-23,18:00:00,52,19,33,FMN GV 22 Boechout
7,Victor Heylenlei 41,2022-05-23,19:00:00,25,10,15,FMN GV 22 Boechout
7,Victor Heylenlei 41,2022-05-23,20:00:00,19,9,10,FMN GV 22 Boechout
7,Victor Heylenlei 41,2022-05-23,21:00:00,13,3,10,FMN GV 22 Boechout
7,Victor Heylenlei 41,2022-05-23,22:00:00,13,8,5,FMN GV 22 Boechout
7,Victor Heylenlei 41,2022-05-23,23:00:00,2,1,1,FMN GV 22 Boechout
7,Victor Heylenlei 41,2022-05-24,00:00:00,0,0,0,FMN GV 22 Boechout
7,Victor Heylenlei 41,2022-05-24,01:00:00,2,0,2,FMN GV 22 Boechout
7,Victor Heylenlei 41,2022-05-24,02:00:00,2,1,1,FMN GV 22 Boechout
7,Victor Heylenlei 41,2022-05-24,03:00:00,0,0,0,FMN GV 22 Boechout
7,Victor Heylenlei 41,2022-05-24,04:00:00,2,2,0,FMN GV 22 Boechout
7,Victor Heylenlei 41,2022-05-24,05:00:00,17,10,7,FMN GV 22 Boechout
7,Victor Heylenlei 41,2022-05-24,06:00:00,36,25,11,FMN GV 22 Boechout
7,Victor Heylenlei 41,2022-05-24,07:00:00,119,91,28,FMN GV 22 Boechout
7,Victor Heylenlei 41,2022-05-24,08:00:00,225,122,103,FMN GV 22 Boechout
7,Victor Heylenlei 41,2022-05-24,09:00:00,47,32,15,FMN GV 22 Boechout
7,Victor Heylenlei 41,2022-05-24,10:00:00,46,18,28,FMN GV 22 Boechout
7,Victor Heylenlei 41,2022-05-24,11:00:00,29,18,11,FMN GV 22 Boechout
7,Victor Heylenlei 41,2022-05-24,12:00:00,37,21,16,FMN GV 22 Boechout
7,Victor Heylenlei 41,2022-05-24,13:00:00,50,28,22,FMN GV 22 Boechout
7,Victor Heylenlei 41,2022-05-24,14:00:00,39,15,24,FMN GV 22 Boechout
7,Victor Heylenlei 41,2022-05-24,15:00:00,52,21,31,FMN GV 22 Boechout
7,Victor Heylenlei 41,2022-05-24,16:00:00,192,114,78,FMN GV 22 Boechout
7,Victor Heylenlei 41,2022-05-24,17:00:00,144,40,104,FMN GV 22 Boechout
7,Victor Heylenlei 41,2022-05-24,18:00:00,71,20,51,FMN GV 22 Boechout
7,Victor Heylenlei 41,2022-05-24,19:00:00,55,26,29,FMN GV 22 Boechout
7,Victor Heylenlei 41,2022-05-24,20:00:00,56,29,27,FMN GV 22 Boechout
7,Victor Heylenlei 41,2022-05-24,21:00:00,31,19,12,FMN GV 22 Boechout
7,Victor Heylenlei 41,2022-05-24,22:00:00,31,17,14,FMN GV 22 Boechout
7,Victor Heylenlei 41,2022-05-24,23:00:00,6,1,5,FMN GV 22 Boechout
7,Victor Heylenlei 41,2022-05-25,00:00:00,6,1,5,FMN GV 22 Boechout
7,Victor Heylenlei 41,2022-05-25,01:00:00,2,2,0,FMN GV 22 Boechout
7,Victor Heylenlei 41,2022-05-25,02:00:00,3,2,1,FMN GV 22 Boechout
7,Victor Heylenlei 41,2022-05-25,03:00:00,1,0,1,FMN GV 22 Boechout
7,Victor Heylenlei 41,2022-05-25,04:00:00,2,2,0,FMN GV 22 Boechout
7,Victor Heylenlei 41,2022-05-25,05:00:00,12,7,5,FMN GV 22 Boechout
7,Victor Heylenlei 41,2022-05-25,06:00:00,48,41,7,FMN GV 22 Boechout
7,Victor Heylenlei 41,2022-05-25,07:00:00,125,90,35,FMN GV 22 Boechout
7,Victor Heylenlei 41,2022-05-25,08:00:00,202,88,114,FMN GV 22 Boechout
7,Victor Heylenlei 41,2022-05-25,09:00:00,93,32,61,FMN GV 22 Boechout
7,Victor Heylenlei 41,2022-05-25,10:00:00,60,34,26,FMN GV 22 Boechout
7,Victor Heylenlei 41,2022-05-25,11:00:00,45,27,18,FMN GV 22 Boechout
7,Victor Heylenlei 41,2022-05-25,12:00:00,167,115,52,FMN GV 22 Boechout
7,Victor Heylenlei 41,2022-05-25,13:00:00,104,52,52,FMN GV 22 Boechout
7,Victor Heylenlei 41,2022-05-25,14:00:00,73,51,22,FMN GV 22 Boechout
7,Victor Heylenlei 41,2022-05-25,15:00:00,112,49,63,FMN GV 22 Boechout
7,Victor Heylenlei 41,2022-05-25,16:00:00,109,43,66,FMN GV 22 Boechout
7,Victor Heylenlei 41,2022-05-25,17:00:00,145,69,76,FMN GV 22 Boechout
7,Victor Heylenlei 41,2022-05-25,18:00:00,81,40,41,FMN GV 22 Boechout
7,Victor Heylenlei 41,2022-05-25,19:00:00,106,41,65,FMN GV 22 Boechout
7,Victor Heylenlei 41,2022-05-25,20:00:00,49,27,22,FMN GV 22 Boechout
7,Victor Heylenlei 41,2022-05-25,21:00:00,35,24,11,FMN GV 22 Boechout
7,Victor Heylenlei 41,2022-05-25,22:00:00,27,13,14,FMN GV 22 Boechout
7,Victor Heylenlei 41,2022-05-25,23:00:00,16,6,10,FMN GV 22 Boechout
7,Victor Heylenlei 41,2022-05-26,00:00:00,15,6,9,FMN GV 22 Boechout
7,Victor Heylenlei 41,2022-05-26,01:00:00,6,2,4,FMN GV 22 Boechout
7,Victor Heylenlei 41,2022-05-26,02:00:00,8,6,2,FMN GV 22 Boechout
7,Victor Heylenlei 41,2022-05-26,03:00:00,4,1,3,FMN GV 22 Boechout
7,Victor Heylenlei 41,2022-05-26,04:00:00,2,2,0,FMN GV 22 Boechout
7,Victor Heylenlei 41,2022-05-26,05:00:00,3,3,0,FMN GV 22 Boechout
7,Victor Heylenlei 41,2022-05-26,06:00:00,2,2,0,FMN GV 22 Boechout
7,Victor Heylenlei 41,2022-05-26,07:00:00,5,2,3,FMN GV 22 Boechout
7,Victor Heylenlei 41,2022-05-26,08:00:00,13,2,11,FMN GV 22 Boechout
7,Victor Heylenlei 41,2022-05-26,09:00:00,60,22,38,FMN GV 22 Boechout
7,Victor Heylenlei 41,2022-05-26,10:00:00,79,32,47,FMN GV 22 Boechout
7,Victor Heylenlei 41,2022-05-26,11:00:00,107,51,56,FMN GV 22 Boechout
7,Victor Heylenlei 41,2022-05-26,12:00:00,124,80,44,FMN GV 22 Boechout
7,Victor Heylenlei 41,2022-05-26,13:00:00,122,40,82,FMN GV 22 Boechout
7,Victor Heylenlei 41,2022-05-26,14:00:00,213,55,158,FMN GV 22 Boechout
7,Victor Heylenlei 41,2022-05-26,15:00:00,207,46,161,FMN GV 22 Boechout
7,Victor Heylenlei 41,2022-05-26,16:00:00,201,85,116,FMN GV 22 Boechout
7,Victor Heylenlei 41,2022-05-26,17:00:00,175,99,76,FMN GV 22 Boechout
7,Victor Heylenlei 41,2022-05-26,18:00:00,150,103,47,FMN GV 22 Boechout
7,Victor Heylenlei 41,2022-05-26,19:00:00,100,61,39,FMN GV 22 Boechout
7,Victor Heylenlei 41,2022-05-26,20:00:00,104,72,32,FMN GV 22 Boechout
7,Victor Heylenlei 41,2022-05-26,21:00:00,62,38,24,FMN GV 22 Boechout
7,Victor Heylenlei 41,2022-05-26,22:00:00,65,49,16,FMN GV 22 Boechout
7,Victor Heylenlei 41,2022-05-26,23:00:00,40,37,3,FMN GV 22 Boechout
7,Victor Heylenlei 41,2022-05-27,00:00:00,56,53,3,FMN GV 22 Boechout
7,Victor Heylenlei 41,2022-05-27,01:00:00,38,32,6,FMN GV 22 Boechout
7,Victor Heylenlei 41,2022-05-27,02:00:00,6,6,0,FMN GV 22 Boechout
7,Victor Heylenlei 41,2022-05-27,03:00:00,1,1,0,FMN GV 22 Boechout
7,Victor Heylenlei 41,2022-05-27,04:00:00,3,3,0,FMN GV 22 Boechout
7,Victor Heylenlei 41,2022-05-27,05:00:00,4,3,1,FMN GV 22 Boechout
7,Victor Heylenlei 41,2022-05-27,06:00:00,8,5,3,FMN GV 22 Boechout
7,Victor Heylenlei 41,2022-05-27,07:00:00,22,14,8,FMN GV 22 Boechout
7,Victor Heylenlei 41,2022-05-27,08:00:00,31,13,18,FMN GV 22 Boechout
7,Victor Heylenlei 41,2022-05-27,09:00:00,24,13,11,FMN GV 22 Boechout
7,Victor Heylenlei 41,2022-05-27,10:00:00,41,23,18,FMN GV 22 Boechout
7,Victor Heylenlei 41,2022-05-27,11:00:00,61,39,22,FMN GV 22 Boechout
7,Victor Heylenlei 41,2022-05-27,12:00:00,65,42,23,FMN GV 22 Boechout
7,Victor Heylenlei 41,2022-05-27,13:00:00,79,44,35,FMN GV 22 Boechout
7,Victor Heylenlei 41,2022-05-27,14:00:00,97,43,54,FMN GV 22 Boechout
7,Victor Heylenlei 41,2022-05-27,15:00:00,142,75,67,FMN GV 22 Boechout
7,Victor Heylenlei 41,2022-05-27,16:00:00,103,49,54,FMN GV 22 Boechout
7,Victor Heylenlei 41,2022-05-27,17:00:00,128,62,66,FMN GV 22 Boechout
7,Victor Heylenlei 41,2022-05-27,18:00:00,49,18,31,FMN GV 22 Boechout
7,Victor Heylenlei 41,2022-05-27,19:00:00,46,26,20,FMN GV 22 Boechout
7,Victor Heylenlei 41,2022-05-27,20:00:00,38,14,24,FMN GV 22 Boechout
7,Victor Heylenlei 41,2022-05-27,21:00:00,17,6,11,FMN GV 22 Boechout
7,Victor Heylenlei 41,2022-05-27,22:00:00,10,7,3,FMN GV 22 Boechout
7,Victor Heylenlei 41,2022-05-27,23:00:00,7,5,2,FMN GV 22 Boechout
7,Victor Heylenlei 41,2022-05-28,00:00:00,17,6,11,FMN GV 22 Boechout
7,Victor Heylenlei 41,2022-05-28,01:00:00,7,4,3,FMN GV 22 Boechout
7,Victor Heylenlei 41,2022-05-28,02:00:00,4,2,2,FMN GV 22 Boechout
7,Victor Heylenlei 41,2022-05-28,03:00:00,0,0,0,FMN GV 22 Boechout
7,Victor Heylenlei 41,2022-05-28,04:00:00,0,0,0,FMN GV 22 Boechout
7,Victor Heylenlei 41,2022-05-28,05:00:00,4,2,2,FMN GV 22 Boechout
7,Victor Heylenlei 41,2022-05-28,06:00:00,9,4,5,FMN GV 22 Boechout
7,Victor Heylenlei 41,2022-05-28,07:00:00,4,3,1,FMN GV 22 Boechout
7,Victor Heylenlei 41,2022-05-28,08:00:00,23,8,15,FMN GV 22 Boechout
7,Victor Heylenlei 41,2022-05-28,09:00:00,62,27,35,FMN GV 22 Boechout
7,Victor Heylenlei 41,2022-05-28,10:00:00,75,36,39,FMN GV 22 Boechout
7,Victor Heylenlei 41,2022-05-28,11:00:00,108,61,47,FMN GV 22 Boechout
7,Victor Heylenlei 41,2022-05-28,12:00:00,62,25,37,FMN GV 22 Boechout
7,Victor Heylenlei 41,2022-05-28,13:00:00,130,48,82,FMN GV 22 Boechout
7,Victor Heylenlei 41,2022-05-28,14:00:00,195,71,124,FMN GV 22 Boechout
7,Victor Heylenlei 41,2022-05-28,15:00:00,192,74,118,FMN GV 22 Boechout
7,Victor Heylenlei 41,2022-05-28,16:00:00,152,54,98,FMN GV 22 Boechout
7,Victor Heylenlei 41,2022-05-28,17:00:00,143,75,68,FMN GV 22 Boechout
7,Victor Heylenlei 41,2022-05-28,18:00:00,127,86,41,FMN GV 22 Boechout
7,Victor Heylenlei 41,2022-05-28,19:00:00,109,52,57,FMN GV 22 Boechout
7,Victor Heylenlei 41,2022-05-28,20:00:00,79,33,46,FMN GV 22 Boechout
7,Victor Heylenlei 41,2022-05-28,21:00:00,69,20,49,FMN GV 22 Boechout
7,Victor Heylenlei 41,2022-05-28,22:00:00,52,37,15,FMN GV 22 Boechout
7,Victor Heylenlei 41,2022-05-28,23:00:00,55,47,8,FMN GV 22 Boechout
7,Victor Heylenlei 41,2022-05-29,00:00:00,89,74,15,FMN GV 22 Boechout
7,Victor Heylenlei 41,2022-05-29,01:00:00,33,29,4,FMN GV 22 Boechout
7,Victor Heylenlei 41,2022-05-29,02:00:00,4,1,3,FMN GV 22 Boechout
7,Victor Heylenlei 41,2022-05-29,03:00:00,3,3,0,FMN GV 22 Boechout
7,Victor Heylenlei 41,2022-05-29,04:00:00,9,8,1,FMN GV 22 Boechout
7,Victor Heylenlei 41,2022-05-29,05:00:00,4,2,2,FMN GV 22 Boechout
7,Victor Heylenlei 41,2022-05-29,06:00:00,6,4,2,FMN GV 22 Boechout
7,Victor Heylenlei 41,2022-05-29,07:00:00,7,3,4,FMN GV 22 Boechout
7,Victor Heylenlei 41,2022-05-29,08:00:00,23,10,13,FMN GV 22 Boechout
7,Victor Heylenlei 41,2022-05-29,09:00:00,35,15,20,FMN GV 22 Boechout
7,Victor Heylenlei 41,2022-05-29,10:00:00,56,20,36,FMN GV 22 Boechout
7,Victor Heylenlei 41,2022-05-29,11:00:00,27,15,12,FMN GV 22 Boechout
7,Victor Heylenlei 41,2022-05-29,12:00:00,39,23,16,FMN GV 22 Boechout
7,Victor Heylenlei 41,2022-05-29,13:00:00,27,19,8,FMN GV 22 Boechout
7,Victor Heylenlei 41,2022-05-29,14:00:00,46,27,19,FMN GV 22 Boechout
7,Victor Heylenlei 41,2022-05-29,15:00:00,69,32,37,FMN GV 22 Boechout
7,Victor Heylenlei 41,2022-05-29,16:00:00,35,22,13,FMN GV 22 Boechout
7,Victor Heylenlei 41,2022-05-29,17:00:00,32,18,14,FMN GV 22 Boechout
7,Victor Heylenlei 41,2022-05-29,18:00:00,42,21,21,FMN GV 22 Boechout
7,Victor Heylenlei 41,2022-05-29,19:00:00,37,28,9,FMN GV 22 Boechout
7,Victor Heylenlei 41,2022-05-29,20:00:00,26,13,13,FMN GV 22 Boechout
7,Victor Heylenlei 41,2022-05-29,21:00:00,13,9,4,FMN GV 22 Boechout
7,Victor Heylenlei 41,2022-05-29,22:00:00,15,5,10,FMN GV 22 Boechout
7,Victor Heylenlei 41,2022-05-29,23:00:00,6,3,3,FMN GV 22 Boechout
7,Victor Heylenlei 41,2022-05-30,00:00:00,1,0,1,FMN GV 22 Boechout
7,Victor Heylenlei 41,2022-05-30,01:00:00,0,0,0,FMN GV 22 Boechout
7,Victor Heylenlei 41,2022-05-30,02:00:00,2,2,0,FMN GV 22 Boechout
7,Victor Heylenlei 41,2022-05-30,03:00:00,1,0,1,FMN GV 22 Boechout
7,Victor Heylenlei 41,2022-05-30,04:00:00,2,2,0,FMN GV 22 Boechout
7,Victor Heylenlei 41,2022-05-30,05:00:00,20,13,7,FMN GV 22 Boechout
7,Victor Heylenlei 41,2022-05-30,06:00:00,53,45,8,FMN GV 22 Boechout
7,Victor Heylenlei 41,2022-05-30,07:00:00,159,128,31,FMN GV 22 Boechout
7,Victor Heylenlei 41,2022-05-30,08:00:00,226,125,101,FMN GV 22 Boechout
7,Victor Heylenlei 41,2022-05-30,09:00:00,68,41,27,FMN GV 22 Boechout
7,Victor Heylenlei 41,2022-05-30,10:00:00,25,15,10,FMN GV 22 Boechout
7,Victor Heylenlei 41,2022-05-30,11:00:00,32,16,16,FMN GV 22 Boechout
7,Victor Heylenlei 41,2022-05-30,12:00:00,67,29,38,FMN GV 22 Boechout
7,Victor Heylenlei 41,2022-05-30,13:00:00,66,45,21,FMN GV 22 Boechout
7,Victor Heylenlei 41,2022-05-30,14:00:00,77,48,29,FMN GV 22 Boechout
7,Victor Heylenlei 41,2022-05-30,15:00:00,122,50,72,FMN GV 22 Boechout
7,Victor Heylenlei 41,2022-05-30,16:00:00,252,139,113,FMN GV 22 Boechout
7,Victor Heylenlei 41,2022-05-30,17:00:00,161,54,107,FMN GV 22 Boechout
7,Victor Heylenlei 41,2022-05-30,18:00:00,70,23,47,FMN GV 22 Boechout
7,Victor Heylenlei 41,2022-05-30,19:00:00,61,27,34,FMN GV 22 Boechout
7,Victor Heylenlei 41,2022-05-30,20:00:00,45,32,13,FMN GV 22 Boechout
7,Victor Heylenlei 41,2022-05-30,21:00:00,30,15,15,FMN GV 22 Boechout
7,Victor Heylenlei 41,2022-05-30,22:00:00,20,7,13,FMN GV 22 Boechout
7,Victor Heylenlei 41,2022-05-30,23:00:00,10,2,8,FMN GV 22 Boechout
7,Victor Heylenlei 41,2022-05-31,00:00:00,2,1,1,FMN GV 22 Boechout
7,Victor Heylenlei 41,2022-05-31,01:00:00,0,0,0,FMN GV 22 Boechout
7,Victor Heylenlei 41,2022-05-31,02:00:00,1,1,0,FMN GV 22 Boechout
7,Victor Heylenlei 41,2022-05-31,03:00:00,0,0,0,FMN GV 22 Boechout
7,Victor Heylenlei 41,2022-05-31,04:00:00,2,1,1,FMN GV 22 Boechout
7,Victor Heylenlei 41,2022-05-31,05:00:00,24,15,9,FMN GV 22 Boechout
7,Victor Heylenlei 41,2022-05-31,06:00:00,65,54,11,FMN GV 22 Boechout
7,Victor Heylenlei 41,2022-05-31,07:00:00,181,140,41,FMN GV 22 Boechout
7,Victor Heylenlei 41,2022-05-31,08:00:00,274,152,122,FMN GV 22 Boechout
7,Victor Heylenlei 41,2022-05-31,09:00:00,70,43,27,FMN GV 22 Boechout
7,Victor Heylenlei 41,2022-05-31,10:00:00,42,21,21,FMN GV 22 Boechout
7,Victor Heylenlei 41,2022-05-31,11:00:00,74,40,34,FMN GV 22 Boechout
7,Victor Heylenlei 41,2022-05-31,12:00:00,73,36,37,FMN GV 22 Boechout
7,Victor Heylenlei 41,2022-05-31,13:00:00,80,41,39,FMN GV 22 Boechout
7,Victor Heylenlei 41,2022-05-31,14:00:00,74,40,34,FMN GV 22 Boechout
7,Victor Heylenlei 41,2022-05-31,15:00:00,106,33,73,FMN GV 22 Boechout
7,Victor Heylenlei 41,2022-05-31,16:00:00,323,194,129,FMN GV 22 Boechout
7,Victor Heylenlei 41,2022-05-31,17:00:00,176,43,133,FMN GV 22 Boechout
7,Victor Heylenlei 41,2022-05-31,18:00:00,100,30,70,FMN GV 22 Boechout
7,Victor Heylenlei 41,2022-05-31,19:00:00,56,32,24,FMN GV 22 Boechout
7,Victor Heylenlei 41,2022-05-31,20:00:00,46,23,23,FMN GV 22 Boechout
7,Victor Heylenlei 41,2022-05-31,21:00:00,42,27,15,FMN GV 22 Boechout
7,Victor Heylenlei 41,2022-05-31,22:00:00,25,11,14,FMN GV 22 Boechout
7,Victor Heylenlei 41,2022-05-31,23:00:00,11,1,10,FMN GV 22 Boechout
7,Victor Heylenlei 41,2022-06-01,00:00:00,4,0,4,FMN GV 22 Boechout
7,Victor Heylenlei 41,2022-06-01,01:00:00,1,0,1,FMN GV 22 Boechout
7,Victor Heylenlei 41,2022-06-01,02:00:00,3,2,1,FMN GV 22 Boechout
7,Victor Heylenlei 41,2022-06-01,03:00:00,3,1,2,FMN GV 22 Boechout
7,Victor Heylenlei 41,2022-06-01,04:00:00,5,4,1,FMN GV 22 Boechout
7,Victor Heylenlei 41,2022-06-01,05:00:00,18,12,6,FMN GV 22 Boechout
7,Victor Heylenlei 41,2022-06-01,06:00:00,56,39,17,FMN GV 22 Boechout
7,Victor Heylenlei 41,2022-06-01,07:00:00,153,109,44,FMN GV 22 Boechout
7,Victor Heylenlei 41,2022-06-01,08:00:00,210,104,106,FMN GV 22 Boechout
7,Victor Heylenlei 41,2022-06-01,09:00:00,64,39,25,FMN GV 22 Boechout
7,Victor Heylenlei 41,2022-06-01,10:00:00,69,47,22,FMN GV 22 Boechout
7,Victor Heylenlei 41,2022-06-01,11:00:00,72,51,21,FMN GV 22 Boechout
7,Victor Heylenlei 41,2022-06-01,12:00:00,188,124,64,FMN GV 22 Boechout
7,Victor Heylenlei 41,2022-06-01,13:00:00,81,32,49,FMN GV 22 Boechout
7,Victor Heylenlei 41,2022-06-01,14:00:00,58,28,30,FMN GV 22 Boechout
7,Victor Heylenlei 41,2022-06-01,15:00:00,71,35,36,FMN GV 22 Boechout
7,Victor Heylenlei 41,2022-06-01,16:00:00,123,37,86,FMN GV 22 Boechout
7,Victor Heylenlei 41,2022-06-01,17:00:00,156,56,100,FMN GV 22 Boechout
7,Victor Heylenlei 41,2022-06-01,18:00:00,135,47,88,FMN GV 22 Boechout
7,Victor Heylenlei 41,2022-06-01,19:00:00,73,23,50,FMN GV 22 Boechout
7,Victor Heylenlei 41,2022-06-01,20:00:00,91,61,30,FMN GV 22 Boechout
7,Victor Heylenlei 41,2022-06-01,21:00:00,61,37,24,FMN GV 22 Boechout
7,Victor Heylenlei 41,2022-06-01,22:00:00,27,10,17,FMN GV 22 Boechout
7,Victor Heylenlei 41,2022-06-01,23:00:00,10,4,6,FMN GV 22 Boechout
7,Victor Heylenlei 41,2022-06-02,00:00:00,3,1,2,FMN GV 22 Boechout
7,Victor Heylenlei 41,2022-06-02,01:00:00,3,0,3,FMN GV 22 Boechout
7,Victor Heylenlei 41,2022-06-02,02:00:00,0,0,0,FMN GV 22 Boechout
7,Victor Heylenlei 41,2022-06-02,03:00:00,3,2,1,FMN GV 22 Boechout
7,Victor Heylenlei 41,2022-06-02,04:00:00,3,2,1,FMN GV 22 Boechout
7,Victor Heylenlei 41,2022-06-02,05:00:00,24,16,8,FMN GV 22 Boechout
7,Victor Heylenlei 41,2022-06-02,06:00:00,43,37,6,FMN GV 22 Boechout
7,Victor Heylenlei 41,2022-06-02,07:00:00,177,136,41,FMN GV 22 Boechout
7,Victor Heylenlei 41,2022-06-02,08:00:00,234,128,106,FMN GV 22 Boechout
7,Victor Heylenlei 41,2022-06-02,09:00:00,65,40,25,FMN GV 22 Boechout
7,Victor Heylenlei 41,2022-06-02,10:00:00,63,37,26,FMN GV 22 Boechout
7,Victor Heylenlei 41,2022-06-02,11:00:00,66,37,29,FMN GV 22 Boechout
7,Victor Heylenlei 41,2022-06-02,12:00:00,58,29,29,FMN GV 22 Boechout
7,Victor Heylenlei 41,2022-06-02,13:00:00,102,49,53,FMN GV 22 Boechout
7,Victor Heylenlei 41,2022-06-02,14:00:00,105,45,60,FMN GV 22 Boechout
7,Victor Heylenlei 41,2022-06-02,15:00:00,135,58,77,FMN GV 22 Boechout
7,Victor Heylenlei 41,2022-06-02,16:00:00,337,193,144,FMN GV 22 Boechout
7,Victor Heylenlei 41,2022-06-02,17:00:00,200,59,141,FMN GV 22 Boechout
7,Victor Heylenlei 41,2022-06-02,18:00:00,157,60,97,FMN GV 22 Boechout
7,Victor Heylenlei 41,2022-06-02,19:00:00,140,60,80,FMN GV 22 Boechout
7,Victor Heylenlei 41,2022-06-02,20:00:00,97,62,35,FMN GV 22 Boechout
7,Victor Heylenlei 41,2022-06-02,21:00:00,88,70,18,FMN GV 22 Boechout
7,Victor Heylenlei 41,2022-06-02,22:00:00,24,9,15,FMN GV 22 Boechout
7,Victor Heylenlei 41,2022-06-02,23:00:00,12,1,11,FMN GV 22 Boechout
7,Victor Heylenlei 41,2022-06-03,00:00:00,5,2,3,FMN GV 22 Boechout
7,Victor Heylenlei 41,2022-06-03,01:00:00,4,1,3,FMN GV 22 Boechout
7,Victor Heylenlei 41,2022-06-03,02:00:00,0,0,0,FMN GV 22 Boechout
7,Victor Heylenlei 41,2022-06-03,03:00:00,3,0,3,FMN GV 22 Boechout
7,Victor Heylenlei 41,2022-06-03,04:00:00,6,5,1,FMN GV 22 Boechout
7,Victor Heylenlei 41,2022-06-03,05:00:00,18,11,7,FMN GV 22 Boechout
7,Victor Heylenlei 41,2022-06-03,06:00:00,42,31,11,FMN GV 22 Boechout
7,Victor Heylenlei 41,2022-06-03,07:00:00,125,97,28,FMN GV 22 Boechout
7,Victor Heylenlei 41,2022-06-03,08:00:00,231,121,110,FMN GV 22 Boechout
7,Victor Heylenlei 41,2022-06-03,09:00:00,103,39,64,FMN GV 22 Boechout
7,Victor Heylenlei 41,2022-06-03,10:00:00,74,29,45,FMN GV 22 Boechout
7,Victor Heylenlei 41,2022-06-03,11:00:00,66,42,24,FMN GV 22 Boechout
7,Victor Heylenlei 41,2022-06-03,12:00:00,96,60,36,FMN GV 22 Boechout
7,Victor Heylenlei 41,2022-06-03,13:00:00,101,45,56,FMN GV 22 Boechout
7,Victor Heylenlei 41,2022-06-03,14:00:00,144,64,80,FMN GV 22 Boechout
7,Victor Heylenlei 41,2022-06-03,15:00:00,257,143,114,FMN GV 22 Boechout
7,Victor Heylenlei 41,2022-06-03,16:00:00,315,208,107,FMN GV 22 Boechout
7,Victor Heylenlei 41,2022-06-03,17:00:00,188,83,105,FMN GV 22 Boechout
7,Victor Heylenlei 41,2022-06-03,18:00:00,142,61,81,FMN GV 22 Boechout
7,Victor Heylenlei 41,2022-06-03,19:00:00,107,42,65,FMN GV 22 Boechout
7,Victor Heylenlei 41,2022-06-03,20:00:00,63,32,31,FMN GV 22 Boechout
7,Victor Heylenlei 41,2022-06-03,21:00:00,36,22,14,FMN GV 22 Boechout
7,Victor Heylenlei 41,2022-06-03,22:00:00,36,12,24,FMN GV 22 Boechout
7,Victor Heylenlei 41,2022-06-03,23:00:00,21,5,16,FMN GV 22 Boechout
7,Victor Heylenlei 41,2022-06-04,00:00:00,19,4,15,FMN GV 22 Boechout
7,Victor Heylenlei 41,2022-06-04,01:00:00,13,6,7,FMN GV 22 Boechout
7,Victor Heylenlei 41,2022-06-04,02:00:00,5,1,4,FMN GV 22 Boechout
7,Victor Heylenlei 41,2022-06-04,03:00:00,5,5,0,FMN GV 22 Boechout
7,Victor Heylenlei 41,2022-06-04,04:00:00,5,3,2,FMN GV 22 Boechout
7,Victor Heylenlei 41,2022-06-04,05:00:00,6,3,3,FMN GV 22 Boechout
7,Victor Heylenlei 41,2022-06-04,06:00:00,9,2,7,FMN GV 22 Boechout
7,Victor Heylenlei 41,2022-06-04,07:00:00,11,8,3,FMN GV 22 Boechout
7,Victor Heylenlei 41,2022-06-04,08:00:00,27,6,21,FMN GV 22 Boechout
7,Victor Heylenlei 41,2022-06-04,09:00:00,49,21,28,FMN GV 22 Boechout
7,Victor Heylenlei 41,2022-06-04,10:00:00,90,42,48,FMN GV 22 Boechout
7,Victor Heylenlei 41,2022-06-04,11:00:00,92,56,36,FMN GV 22 Boechout
7,Victor Heylenlei 41,2022-06-04,12:00:00,87,50,37,FMN GV 22 Boechout
7,Victor Heylenlei 41,2022-06-04,13:00:00,156,84,72,FMN GV 22 Boechout
7,Victor Heylenlei 41,2022-06-04,14:00:00,149,61,88,FMN GV 22 Boechout
7,Victor Heylenlei 41,2022-06-04,15:00:00,153,70,83,FMN GV 22 Boechout
7,Victor Heylenlei 41,2022-06-04,16:00:00,136,61,75,FMN GV 22 Boechout
7,Victor Heylenlei 41,2022-06-04,17:00:00,121,76,45,FMN GV 22 Boechout
7,Victor Heylenlei 41,2022-06-04,18:00:00,98,49,49,FMN GV 22 Boechout
7,Victor Heylenlei 41,2022-06-04,19:00:00,91,49,42,FMN GV 22 Boechout
7,Victor Heylenlei 41,2022-06-04,20:00:00,74,49,25,FMN GV 22 Boechout
7,Victor Heylenlei 41,2022-06-04,21:00:00,39,26,13,FMN GV 22 Boechout
7,Victor Heylenlei 41,2022-06-04,22:00:00,33,13,20,FMN GV 22 Boechout
7,Victor Heylenlei 41,2022-06-04,23:00:00,18,11,7,FMN GV 22 Boechout
7,Victor Heylenlei 41,2022-06-05,00:00:00,15,2,13,FMN GV 22 Boechout
7,Victor Heylenlei 41,2022-06-05,01:00:00,13,5,8,FMN GV 22 Boechout
7,Victor Heylenlei 41,2022-06-05,02:00:00,8,5,3,FMN GV 22 Boechout
7,Victor Heylenlei 41,2022-06-05,03:00:00,4,0,4,FMN GV 22 Boechout
7,Victor Heylenlei 41,2022-06-05,04:00:00,2,0,2,FMN GV 22 Boechout
7,Victor Heylenlei 41,2022-06-05,05:00:00,5,1,4,FMN GV 22 Boechout
7,Victor Heylenlei 41,2022-06-05,06:00:00,3,1,2,FMN GV 22 Boechout
7,Victor Heylenlei 41,2022-06-05,07:00:00,3,1,2,FMN GV 22 Boechout
7,Victor Heylenlei 41,2022-06-05,08:00:00,9,4,5,FMN GV 22 Boechout
7,Victor Heylenlei 41,2022-06-05,09:00:00,56,37,19,FMN GV 22 Boechout
7,Victor Heylenlei 41,2022-06-05,10:00:00,76,37,39,FMN GV 22 Boechout
7,Victor Heylenlei 41,2022-06-05,11:00:00,76,41,35,FMN GV 22 Boechout
7,Victor Heylenlei 41,2022-06-05,12:00:00,49,38,11,FMN GV 22 Boechout
7,Victor Heylenlei 41,2022-06-05,13:00:00,8,6,2,FMN GV 22 Boechout
7,Victor Heylenlei 41,2022-06-05,14:00:00,26,18,8,FMN GV 22 Boechout
7,Victor Heylenlei 41,2022-06-05,15:00:00,10,6,4,FMN GV 22 Boechout
7,Victor Heylenlei 41,2022-06-05,16:00:00,9,6,3,FMN GV 22 Boechout
7,Victor Heylenlei 41,2022-06-05,17:00:00,7,4,3,FMN GV 22 Boechout
7,Victor Heylenlei 41,2022-06-05,18:00:00,24,9,15,FMN GV 22 Boechout
7,Victor Heylenlei 41,2022-06-05,19:00:00,19,9,10,FMN GV 22 Boechout
7,Victor Heylenlei 41,2022-06-05,20:00:00,43,17,26,FMN GV 22 Boechout
7,Victor Heylenlei 41,2022-06-05,21:00:00,10,7,3,FMN GV 22 Boechout
7,Victor Heylenlei 41,2022-06-05,22:00:00,10,2,8,FMN GV 22 Boechout
7,Victor Heylenlei 41,2022-06-05,23:00:00,6,4,2,FMN GV 22 Boechout
7,Victor Heylenlei 41,2022-06-06,00:00:00,1,1,0,FMN GV 22 Boechout
7,Victor Heylenlei 41,2022-06-06,01:00:00,4,1,3,FMN GV 22 Boechout
7,Victor Heylenlei 41,2022-06-06,02:00:00,2,1,1,FMN GV 22 Boechout
7,Victor Heylenlei 41,2022-06-06,03:00:00,2,2,0,FMN GV 22 Boechout
7,Victor Heylenlei 41,2022-06-06,04:00:00,4,4,0,FMN GV 22 Boechout
7,Victor Heylenlei 41,2022-06-06,05:00:00,3,2,1,FMN GV 22 Boechout
7,Victor Heylenlei 41,2022-06-06,06:00:00,0,0,0,FMN GV 22 Boechout
7,Victor Heylenlei 41,2022-06-06,07:00:00,9,3,6,FMN GV 22 Boechout
7,Victor Heylenlei 41,2022-06-06,08:00:00,17,7,10,FMN GV 22 Boechout
7,Victor Heylenlei 41,2022-06-06,09:00:00,86,50,36,FMN GV 22 Boechout
7,Victor Heylenlei 41,2022-06-06,10:00:00,116,67,49,FMN GV 22 Boechout
7,Victor Heylenlei 41,2022-06-06,11:00:00,134,91,43,FMN GV 22 Boechout
7,Victor Heylenlei 41,2022-06-06,12:00:00,83,48,35,FMN GV 22 Boechout
7,Victor Heylenlei 41,2022-06-06,13:00:00,73,56,17,FMN GV 22 Boechout
7,Victor Heylenlei 41,2022-06-06,14:00:00,68,39,29,FMN GV 22 Boechout
7,Victor Heylenlei 41,2022-06-06,15:00:00,76,39,37,FMN GV 22 Boechout
7,Victor Heylenlei 41,2022-06-06,16:00:00,63,29,34,FMN GV 22 Boechout
7,Victor Heylenlei 41,2022-06-06,17:00:00,61,36,25,FMN GV 22 Boechout
7,Victor Heylenlei 41,2022-06-06,18:00:00,40,22,18,FMN GV 22 Boechout
7,Victor Heylenlei 41,2022-06-06,19:00:00,39,18,21,FMN GV 22 Boechout
7,Victor Heylenlei 41,2022-06-06,20:00:00,30,18,12,FMN GV 22 Boechout
7,Victor Heylenlei 41,2022-06-06,21:00:00,23,16,7,FMN GV 22 Boechout
7,Victor Heylenlei 41,2022-06-06,22:00:00,17,8,9,FMN GV 22 Boechout
7,Victor Heylenlei 41,2022-06-06,23:00:00,4,1,3,FMN GV 22 Boechout
7,Victor Heylenlei 41,2022-06-07,00:00:00,8,1,7,FMN GV 22 Boechout
7,Victor Heylenlei 41,2022-06-07,01:00:00,0,0,0,FMN GV 22 Boechout
7,Victor Heylenlei 41,2022-06-07,02:00:00,1,0,1,FMN GV 22 Boechout
7,Victor Heylenlei 41,2022-06-07,03:00:00,2,1,1,FMN GV 22 Boechout
7,Victor Heylenlei 41,2022-06-07,04:00:00,3,2,1,FMN GV 22 Boechout
7,Victor Heylenlei 41,2022-06-07,05:00:00,18,12,6,FMN GV 22 Boechout
7,Victor Heylenlei 41,2022-06-07,06:00:00,52,41,11,FMN GV 22 Boechout
7,Victor Heylenlei 41,2022-06-07,07:00:00,161,123,38,FMN GV 22 Boechout
7,Victor Heylenlei 41,2022-06-07,08:00:00,208,114,94,FMN GV 22 Boechout
7,Victor Heylenlei 41,2022-06-07,09:00:00,76,50,26,FMN GV 22 Boechout
7,Victor Heylenlei 41,2022-06-07,10:00:00,51,26,25,FMN GV 22 Boechout
7,Victor Heylenlei 41,2022-06-07,11:00:00,54,33,21,FMN GV 22 Boechout
7,Victor Heylenlei 41,2022-06-07,12:00:00,80,53,27,FMN GV 22 Boechout
7,Victor Heylenlei 41,2022-06-07,13:00:00,69,38,31,FMN GV 22 Boechout
7,Victor Heylenlei 41,2022-06-07,14:00:00,77,34,43,FMN GV 22 Boechout
7,Victor Heylenlei 41,2022-06-07,15:00:00,91,44,47,FMN GV 22 Boechout
7,Victor Heylenlei 41,2022-06-07,16:00:00,256,123,133,FMN GV 22 Boechout
7,Victor Heylenlei 41,2022-06-07,17:00:00,162,50,112,FMN GV 22 Boechout
7,Victor Heylenlei 41,2022-06-07,18:00:00,94,36,58,FMN GV 22 Boechout
7,Victor Heylenlei 41,2022-06-07,19:00:00,70,31,39,FMN GV 22 Boechout
7,Victor Heylenlei 41,2022-06-07,20:00:00,41,20,21,FMN GV 22 Boechout
7,Victor Heylenlei 41,2022-06-07,21:00:00,51,38,13,FMN GV 22 Boechout
7,Victor Heylenlei 41,2022-06-07,22:00:00,34,17,17,FMN GV 22 Boechout
7,Victor Heylenlei 41,2022-06-07,23:00:00,16,2,14,FMN GV 22 Boechout
7,Victor Heylenlei 41,2022-06-08,00:00:00,7,2,5,FMN GV 22 Boechout
7,Victor Heylenlei 41,2022-06-08,01:00:00,0,0,0,FMN GV 22 Boechout
7,Victor Heylenlei 41,2022-06-08,02:00:00,1,0,1,FMN GV 22 Boechout
7,Victor Heylenlei 41,2022-06-08,03:00:00,2,2,0,FMN GV 22 Boechout
7,Victor Heylenlei 41,2022-06-08,04:00:00,4,2,2,FMN GV 22 Boechout
7,Victor Heylenlei 41,2022-06-08,05:00:00,17,12,5,FMN GV 22 Boechout
7,Victor Heylenlei 41,2022-06-08,06:00:00,39,33,6,FMN GV 22 Boechout
7,Victor Heylenlei 41,2022-06-08,07:00:00,122,88,34,FMN GV 22 Boechout
7,Victor Heylenlei 41,2022-06-08,08:00:00,199,102,97,FMN GV 22 Boechout
7,Victor Heylenlei 41,2022-06-08,09:00:00,38,26,12,FMN GV 22 Boechout
7,Victor Heylenlei 41,2022-06-08,10:00:00,32,23,9,FMN GV 22 Boechout
7,Victor Heylenlei 41,2022-06-08,11:00:00,22,13,9,FMN GV 22 Boechout
7,Victor Heylenlei 41,2022-06-08,12:00:00,124,88,36,FMN GV 22 Boechout
7,Victor Heylenlei 41,2022-06-08,13:00:00,40,20,20,FMN GV 22 Boechout
7,Victor Heylenlei 41,2022-06-08,14:00:00,22,7,15,FMN GV 22 Boechout
7,Victor Heylenlei 41,2022-06-08,15:00:00,28,10,18,FMN GV 22 Boechout
7,Victor Heylenlei 41,2022-06-08,16:00:00,66,19,47,FMN GV 22 Boechout
7,Victor Heylenlei 41,2022-06-08,17:00:00,83,28,55,FMN GV 22 Boechout
7,Victor Heylenlei 41,2022-06-08,18:00:00,71,20,51,FMN GV 22 Boechout
7,Victor Heylenlei 41,2022-06-08,19:00:00,86,36,50,FMN GV 22 Boechout
7,Victor Heylenlei 41,2022-06-08,20:00:00,66,38,28,FMN GV 22 Boechout
7,Victor Heylenlei 41,2022-06-08,21:00:00,26,16,10,FMN GV 22 Boechout
7,Victor Heylenlei 41,2022-06-08,22:00:00,28,17,11,FMN GV 22 Boechout
7,Victor Heylenlei 41,2022-06-08,23:00:00,11,3,8,FMN GV 22 Boechout
7,Victor Heylenlei 41,2022-06-09,00:00:00,4,1,3,FMN GV 22 Boechout
7,Victor Heylenlei 41,2022-06-09,01:00:00,1,1,0,FMN GV 22 Boechout
7,Victor Heylenlei 41,2022-06-09,02:00:00,0,0,0,FMN GV 22 Boechout
7,Victor Heylenlei 41,2022-06-09,03:00:00,2,1,1,FMN GV 22 Boechout
7,Victor Heylenlei 41,2022-06-09,04:00:00,4,3,1,FMN GV 22 Boechout
7,Victor Heylenlei 41,2022-06-09,05:00:00,21,13,8,FMN GV 22 Boechout
7,Victor Heylenlei 41,2022-06-09,06:00:00,44,37,7,FMN GV 22 Boechout
7,Victor Heylenlei 41,2022-06-09,07:00:00,157,124,33,FMN GV 22 Boechout
7,Victor Heylenlei 41,2022-06-09,08:00:00,247,120,127,FMN GV 22 Boechout
7,Victor Heylenlei 41,2022-06-09,09:00:00,71,54,17,FMN GV 22 Boechout
7,Victor Heylenlei 41,2022-06-09,10:00:00,53,29,24,FMN GV 22 Boechout
7,Victor Heylenlei 41,2022-06-09,11:00:00,33,27,6,FMN GV 22 Boechout
7,Victor Heylenlei 41,2022-06-09,12:00:00,93,65,28,FMN GV 22 Boechout
7,Victor Heylenlei 41,2022-06-09,13:00:00,67,31,36,FMN GV 22 Boechout
7,Victor Heylenlei 41,2022-06-09,14:00:00,60,30,30,FMN GV 22 Boechout
7,Victor Heylenlei 41,2022-06-09,15:00:00,76,21,55,FMN GV 22 Boechout
7,Victor Heylenlei 41,2022-06-09,16:00:00,203,89,114,FMN GV 22 Boechout
7,Victor Heylenlei 41,2022-06-09,17:00:00,179,53,126,FMN GV 22 Boechout
7,Victor Heylenlei 41,2022-06-09,18:00:00,148,38,110,FMN GV 22 Boechout
7,Victor Heylenlei 41,2022-06-09,19:00:00,112,43,69,FMN GV 22 Boechout
7,Victor Heylenlei 41,2022-06-09,20:00:00,99,69,30,FMN GV 22 Boechout
7,Victor Heylenlei 41,2022-06-09,21:00:00,88,70,18,FMN GV 22 Boechout
7,Victor Heylenlei 41,2022-06-09,22:00:00,39,18,21,FMN GV 22 Boechout
7,Victor Heylenlei 41,2022-06-09,23:00:00,25,18,7,FMN GV 22 Boechout
7,Victor Heylenlei 41,2022-06-10,00:00:00,7,2,5,FMN GV 22 Boechout
7,Victor Heylenlei 41,2022-06-10,01:00:00,3,0,3,FMN GV 22 Boechout
7,Victor Heylenlei 41,2022-06-10,02:00:00,4,2,2,FMN GV 22 Boechout
7,Victor Heylenlei 41,2022-06-10,03:00:00,4,3,1,FMN GV 22 Boechout
7,Victor Heylenlei 41,2022-06-10,04:00:00,5,3,2,FMN GV 22 Boechout
7,Victor Heylenlei 41,2022-06-10,05:00:00,21,14,7,FMN GV 22 Boechout
7,Victor Heylenlei 41,2022-06-10,06:00:00,45,36,9,FMN GV 22 Boechout
7,Victor Heylenlei 41,2022-06-10,07:00:00,136,104,32,FMN GV 22 Boechout
7,Victor Heylenlei 41,2022-06-10,08:00:00,180,84,96,FMN GV 22 Boechout
7,Victor Heylenlei 41,2022-06-10,09:00:00,64,40,24,FMN GV 22 Boechout
7,Victor Heylenlei 41,2022-06-10,10:00:00,52,31,21,FMN GV 22 Boechout
7,Victor Heylenlei 41,2022-06-10,11:00:00,80,52,28,FMN GV 22 Boechout
7,Victor Heylenlei 41,2022-06-10,12:00:00,105,70,35,FMN GV 22 Boechout
7,Victor Heylenlei 41,2022-06-10,13:00:00,81,45,36,FMN GV 22 Boechout
7,Victor Heylenlei 41,2022-06-10,14:00:00,105,47,58,FMN GV 22 Boechout
7,Victor Heylenlei 41,2022-06-10,15:00:00,104,41,63,FMN GV 22 Boechout
7,Victor Heylenlei 41,2022-06-10,16:00:00,200,98,102,FMN GV 22 Boechout
7,Victor Heylenlei 41,2022-06-10,17:00:00,148,68,80,FMN GV 22 Boechout
7,Victor Heylenlei 41,2022-06-10,18:00:00,116,46,70,FMN GV 22 Boechout
7,Victor Heylenlei 41,2022-06-10,19:00:00,103,45,58,FMN GV 22 Boechout
7,Victor Heylenlei 41,2022-06-10,20:00:00,65,39,26,FMN GV 22 Boechout
7,Victor Heylenlei 41,2022-06-10,21:00:00,37,24,13,FMN GV 22 Boechout
7,Victor Heylenlei 41,2022-06-10,22:00:00,29,12,17,FMN GV 22 Boechout
7,Victor Heylenlei 41,2022-06-10,23:00:00,27,16,11,FMN GV 22 Boechout
7,Victor Heylenlei 41,2022-06-11,00:00:00,19,4,15,FMN GV 22 Boechout
7,Victor Heylenlei 41,2022-06-11,01:00:00,10,4,6,FMN GV 22 Boechout
7,Victor Heylenlei 41,2022-06-11,02:00:00,7,5,2,FMN GV 22 Boechout
7,Victor Heylenlei 41,2022-06-11,03:00:00,6,4,2,FMN GV 22 Boechout
7,Victor Heylenlei 41,2022-06-11,04:00:00,5,4,1,FMN GV 22 Boechout
7,Victor Heylenlei 41,2022-06-11,05:00:00,10,5,5,FMN GV 22 Boechout
7,Victor Heylenlei 41,2022-06-11,06:00:00,5,3,2,FMN GV 22 Boechout
7,Victor Heylenlei 41,2022-06-11,07:00:00,14,8,6,FMN GV 22 Boechout
7,Victor Heylenlei 41,2022-06-11,08:00:00,29,15,14,FMN GV 22 Boechout
7,Victor Heylenlei 41,2022-06-11,09:00:00,56,25,31,FMN GV 22 Boechout
7,Victor Heylenlei 41,2022-06-11,10:00:00,88,42,46,FMN GV 22 Boechout
7,Victor Heylenlei 41,2022-06-11,11:00:00,100,61,39,FMN GV 22 Boechout
7,Victor Heylenlei 41,2022-06-11,12:00:00,97,59,38,FMN GV 22 Boechout
7,Victor Heylenlei 41,2022-06-11,13:00:00,134,83,51,FMN GV 22 Boechout
7,Victor Heylenlei 41,2022-06-11,14:00:00,178,74,104,FMN GV 22 Boechout
7,Victor Heylenlei 41,2022-06-11,15:00:00,162,77,85,FMN GV 22 Boechout
7,Victor Heylenlei 41,2022-06-11,16:00:00,131,80,51,FMN GV 22 Boechout
7,Victor Heylenlei 41,2022-06-11,17:00:00,126,69,57,FMN GV 22 Boechout
7,Victor Heylenlei 41,2022-06-11,18:00:00,114,64,50,FMN GV 22 Boechout
7,Victor Heylenlei 41,2022-06-11,19:00:00,106,61,45,FMN GV 22 Boechout
7,Victor Heylenlei 41,2022-06-11,20:00:00,59,31,28,FMN GV 22 Boechout
7,Victor Heylenlei 41,2022-06-11,21:00:00,55,40,15,FMN GV 22 Boechout
7,Victor Heylenlei 41,2022-06-11,22:00:00,32,8,24,FMN GV 22 Boechout
7,Victor Heylenlei 41,2022-06-11,23:00:00,19,6,13,FMN GV 22 Boechout
7,Victor Heylenlei 41,2022-06-12,00:00:00,8,3,5,FMN GV 22 Boechout
7,Victor Heylenlei 41,2022-06-12,01:00:00,11,3,8,FMN GV 22 Boechout
7,Victor Heylenlei 41,2022-06-12,02:00:00,17,5,12,FMN GV 22 Boechout
7,Victor Heylenlei 41,2022-06-12,03:00:00,1,0,1,FMN GV 22 Boechout
7,Victor Heylenlei 41,2022-06-12,04:00:00,5,3,2,FMN GV 22 Boechout
7,Victor Heylenlei 41,2022-06-12,05:00:00,8,4,4,FMN GV 22 Boechout
7,Victor Heylenlei 41,2022-06-12,06:00:00,7,4,3,FMN GV 22 Boechout
7,Victor Heylenlei 41,2022-06-12,07:00:00,14,7,7,FMN GV 22 Boechout
7,Victor Heylenlei 41,2022-06-12,08:00:00,38,11,27,FMN GV 22 Boechout
7,Victor Heylenlei 41,2022-06-12,09:00:00,102,42,60,FMN GV 22 Boechout
7,Victor Heylenlei 41,2022-06-12,10:00:00,135,60,75,FMN GV 22 Boechout
7,Victor Heylenlei 41,2022-06-12,11:00:00,233,113,120,FMN GV 22 Boechout
7,Victor Heylenlei 41,2022-06-12,12:00:00,148,84,64,FMN GV 22 Boechout
7,Victor Heylenlei 41,2022-06-12,13:00:00,184,88,96,FMN GV 22 Boechout
7,Victor Heylenlei 41,2022-06-12,14:00:00,273,127,146,FMN GV 22 Boechout
7,Victor Heylenlei 41,2022-06-12,15:00:00,173,73,100,FMN GV 22 Boechout
7,Victor Heylenlei 41,2022-06-12,16:00:00,181,91,90,FMN GV 22 Boechout
7,Victor Heylenlei 41,2022-06-12,17:00:00,162,89,73,FMN GV 22 Boechout
7,Victor Heylenlei 41,2022-06-12,18:00:00,96,48,48,FMN GV 22 Boechout
7,Victor Heylenlei 41,2022-06-12,19:00:00,73,53,20,FMN GV 22 Boechout
7,Victor Heylenlei 41,2022-06-12,20:00:00,45,29,16,FMN GV 22 Boechout
7,Victor Heylenlei 41,2022-06-12,21:00:00,47,31,16,FMN GV 22 Boechout
7,Victor Heylenlei 41,2022-06-12,22:00:00,4,2,2,FMN GV 22 Boechout
7,Victor Heylenlei 41,2022-06-12,23:00:00,15,8,7,FMN GV 22 Boechout
7,Victor Heylenlei 41,2022-06-13,00:00:00,2,1,1,FMN GV 22 Boechout
7,Victor Heylenlei 41,2022-06-13,01:00:00,3,1,2,FMN GV 22 Boechout
7,Victor Heylenlei 41,2022-06-13,02:00:00,0,0,0,FMN GV 22 Boechout
7,Victor Heylenlei 41,2022-06-13,03:00:00,2,2,0,FMN GV 22 Boechout
7,Victor Heylenlei 41,2022-06-13,04:00:00,3,2,1,FMN GV 22 Boechout
7,Victor Heylenlei 41,2022-06-13,05:00:00,22,12,10,FMN GV 22 Boechout
7,Victor Heylenlei 41,2022-06-13,06:00:00,66,59,7,FMN GV 22 Boechout
7,Victor Heylenlei 41,2022-06-13,07:00:00,180,141,39,FMN GV 22 Boechout
7,Victor Heylenlei 41,2022-06-13,08:00:00,239,145,94,FMN GV 22 Boechout
7,Victor Heylenlei 41,2022-06-13,09:00:00,107,86,21,FMN GV 22 Boechout
7,Victor Heylenlei 41,2022-06-13,10:00:00,35,18,17,FMN GV 22 Boechout
7,Victor Heylenlei 41,2022-06-13,11:00:00,47,31,16,FMN GV 22 Boechout
7,Victor Heylenlei 41,2022-06-13,12:00:00,147,116,31,FMN GV 22 Boechout
7,Victor Heylenlei 41,2022-06-13,13:00:00,64,32,32,FMN GV 22 Boechout
7,Victor Heylenlei 41,2022-06-13,14:00:00,87,38,49,FMN GV 22 Boechout
7,Victor Heylenlei 41,2022-06-13,15:00:00,114,25,89,FMN GV 22 Boechout
7,Victor Heylenlei 41,2022-06-13,16:00:00,191,52,139,FMN GV 22 Boechout
7,Victor Heylenlei 41,2022-06-13,17:00:00,210,60,150,FMN GV 22 Boechout
7,Victor Heylenlei 41,2022-06-13,18:00:00,105,33,72,FMN GV 22 Boechout
7,Victor Heylenlei 41,2022-06-13,19:00:00,92,29,63,FMN GV 22 Boechout
7,Victor Heylenlei 41,2022-06-13,20:00:00,74,32,42,FMN GV 22 Boechout
7,Victor Heylenlei 41,2022-06-13,21:00:00,41,25,16,FMN GV 22 Boechout
7,Victor Heylenlei 41,2022-06-13,22:00:00,21,5,16,FMN GV 22 Boechout
7,Victor Heylenlei 41,2022-06-13,23:00:00,10,3,7,FMN GV 22 Boechout
7,Victor Heylenlei 41,2022-06-14,00:00:00,5,4,1,FMN GV 22 Boechout
7,Victor Heylenlei 41,2022-06-14,01:00:00,1,1,0,FMN GV 22 Boechout
7,Victor Heylenlei 41,2022-06-14,02:00:00,2,2,0,FMN GV 22 Boechout
7,Victor Heylenlei 41,2022-06-14,03:00:00,1,0,1,FMN GV 22 Boechout
7,Victor Heylenlei 41,2022-06-14,04:00:00,6,5,1,FMN GV 22 Boechout
7,Victor Heylenlei 41,2022-06-14,05:00:00,23,14,9,FMN GV 22 Boechout
7,Victor Heylenlei 41,2022-06-14,06:00:00,75,61,14,FMN GV 22 Boechout
7,Victor Heylenlei 41,2022-06-14,07:00:00,209,165,44,FMN GV 22 Boechout
7,Victor Heylenlei 41,2022-06-14,08:00:00,263,156,107,FMN GV 22 Boechout
7,Victor Heylenlei 41,2022-06-14,09:00:00,73,49,24,FMN GV 22 Boechout
7,Victor Heylenlei 41,2022-06-14,10:00:00,68,41,27,FMN GV 22 Boechout
7,Victor Heylenlei 41,2022-06-14,11:00:00,100,66,34,FMN GV 22 Boechout
7,Victor Heylenlei 41,2022-06-14,12:00:00,163,113,50,FMN GV 22 Boechout
7,Victor Heylenlei 41,2022-06-14,13:00:00,86,47,39,FMN GV 22 Boechout
7,Victor Heylenlei 41,2022-06-14,14:00:00,129,55,74,FMN GV 22 Boechout
7,Victor Heylenlei 41,2022-06-14,15:00:00,150,58,92,FMN GV 22 Boechout
7,Victor Heylenlei 41,2022-06-14,16:00:00,246,77,169,FMN GV 22 Boechout
7,Victor Heylenlei 41,2022-06-14,17:00:00,219,57,162,FMN GV 22 Boechout
7,Victor Heylenlei 41,2022-06-14,18:00:00,160,40,120,FMN GV 22 Boechout
7,Victor Heylenlei 41,2022-06-14,19:00:00,145,65,80,FMN GV 22 Boechout
7,Victor Heylenlei 41,2022-06-14,20:00:00,122,80,42,FMN GV 22 Boechout
7,Victor Heylenlei 41,2022-06-14,21:00:00,83,60,23,FMN GV 22 Boechout
7,Victor Heylenlei 41,2022-06-14,22:00:00,35,19,16,FMN GV 22 Boechout
7,Victor Heylenlei 41,2022-06-14,23:00:00,12,6,6,FMN GV 22 Boechout
7,Victor Heylenlei 41,2022-06-15,00:00:00,6,2,4,FMN GV 22 Boechout
7,Victor Heylenlei 41,2022-06-15,01:00:00,2,2,0,FMN GV 22 Boechout
7,Victor Heylenlei 41,2022-06-15,02:00:00,4,4,0,FMN GV 22 Boechout
7,Victor Heylenlei 41,2022-06-15,03:00:00,2,1,1,FMN GV 22 Boechout
7,Victor Heylenlei 41,2022-06-15,04:00:00,4,3,1,FMN GV 22 Boechout
7,Victor Heylenlei 41,2022-06-15,05:00:00,22,11,11,FMN GV 22 Boechout
7,Victor Heylenlei 41,2022-06-15,06:00:00,65,50,15,FMN GV 22 Boechout
7,Victor Heylenlei 41,2022-06-15,07:00:00,159,117,42,FMN GV 22 Boechout
7,Victor Heylenlei 41,2022-06-15,08:00:00,225,126,99,FMN GV 22 Boechout
7,Victor Heylenlei 41,2022-06-15,09:00:00,91,54,37,FMN GV 22 Boechout
7,Victor Heylenlei 41,2022-06-15,10:00:00,146,106,40,FMN GV 22 Boechout
7,Victor Heylenlei 41,2022-06-15,11:00:00,95,47,48,FMN GV 22 Boechout
7,Victor Heylenlei 41,2022-06-15,12:00:00,139,72,67,FMN GV 22 Boechout
7,Victor Heylenlei 41,2022-06-15,13:00:00,117,52,65,FMN GV 22 Boechout
7,Victor Heylenlei 41,2022-06-15,14:00:00,142,77,65,FMN GV 22 Boechout
7,Victor Heylenlei 41,2022-06-15,15:00:00,144,49,95,FMN GV 22 Boechout
7,Victor Heylenlei 41,2022-06-15,16:00:00,185,76,109,FMN GV 22 Boechout
7,Victor Heylenlei 41,2022-06-15,17:00:00,213,69,144,FMN GV 22 Boechout
7,Victor Heylenlei 41,2022-06-15,18:00:00,153,47,106,FMN GV 22 Boechout
7,Victor Heylenlei 41,2022-06-15,19:00:00,167,79,88,FMN GV 22 Boechout
7,Victor Heylenlei 41,2022-06-15,20:00:00,150,83,67,FMN GV 22 Boechout
7,Victor Heylenlei 41,2022-06-15,21:00:00,79,55,24,FMN GV 22 Boechout
7,Victor Heylenlei 41,2022-06-15,22:00:00,40,20,20,FMN GV 22 Boechout
7,Victor Heylenlei 41,2022-06-15,23:00:00,19,6,13,FMN GV 22 Boechout
7,Victor Heylenlei 41,2022-06-16,00:00:00,4,1,3,FMN GV 22 Boechout
7,Victor Heylenlei 41,2022-06-16,01:00:00,3,1,2,FMN GV 22 Boechout
7,Victor Heylenlei 41,2022-06-16,02:00:00,2,1,1,FMN GV 22 Boechout
7,Victor Heylenlei 41,2022-06-16,03:00:00,1,0,1,FMN GV 22 Boechout
7,Victor Heylenlei 41,2022-06-16,04:00:00,5,4,1,FMN GV 22 Boechout
7,Victor Heylenlei 41,2022-06-16,05:00:00,27,16,11,FMN GV 22 Boechout
7,Victor Heylenlei 41,2022-06-16,06:00:00,42,36,6,FMN GV 22 Boechout
7,Victor Heylenlei 41,2022-06-16,07:00:00,191,145,46,FMN GV 22 Boechout
7,Victor Heylenlei 41,2022-06-16,08:00:00,267,169,98,FMN GV 22 Boechout
7,Victor Heylenlei 41,2022-06-16,09:00:00,104,59,45,FMN GV 22 Boechout
7,Victor Heylenlei 41,2022-06-16,10:00:00,138,104,34,FMN GV 22 Boechout
7,Victor Heylenlei 41,2022-06-16,11:00:00,105,70,35,FMN GV 22 Boechout
7,Victor Heylenlei 41,2022-06-16,12:00:00,120,69,51,FMN GV 22 Boechout
7,Victor Heylenlei 41,2022-06-16,13:00:00,100,63,37,FMN GV 22 Boechout
7,Victor Heylenlei 41,2022-06-16,14:00:00,131,53,78,FMN GV 22 Boechout
7,Victor Heylenlei 41,2022-06-16,15:00:00,124,51,73,FMN GV 22 Boechout
7,Victor Heylenlei 41,2022-06-16,16:00:00,226,84,142,FMN GV 22 Boechout
7,Victor Heylenlei 41,2022-06-16,17:00:00,202,60,142,FMN GV 22 Boechout
7,Victor Heylenlei 41,2022-06-16,18:00:00,149,55,94,FMN GV 22 Boechout
7,Victor Heylenlei 41,2022-06-16,19:00:00,123,53,70,FMN GV 22 Boechout
7,Victor Heylenlei 41,2022-06-16,20:00:00,140,89,51,FMN GV 22 Boechout
7,Victor Heylenlei 41,2022-06-16,21:00:00,100,70,30,FMN GV 22 Boechout
7,Victor Heylenlei 41,2022-06-16,22:00:00,47,17,30,FMN GV 22 Boechout
7,Victor Heylenlei 41,2022-06-16,23:00:00,15,7,8,FMN GV 22 Boechout
7,Victor Heylenlei 41,2022-06-17,00:00:00,8,2,6,FMN GV 22 Boechout
7,Victor Heylenlei 41,2022-06-17,01:00:00,1,1,0,FMN GV 22 Boechout
7,Victor Heylenlei 41,2022-06-17,02:00:00,5,2,3,FMN GV 22 Boechout
7,Victor Heylenlei 41,2022-06-17,03:00:00,3,1,2,FMN GV 22 Boechout
7,Victor Heylenlei 41,2022-06-17,04:00:00,6,5,1,FMN GV 22 Boechout
7,Victor Heylenlei 41,2022-06-17,05:00:00,25,15,10,FMN GV 22 Boechout
7,Victor Heylenlei 41,2022-06-17,06:00:00,44,37,7,FMN GV 22 Boechout
7,Victor Heylenlei 41,2022-06-17,07:00:00,153,113,40,FMN GV 22 Boechout
7,Victor Heylenlei 41,2022-06-17,08:00:00,211,105,106,FMN GV 22 Boechout
7,Victor Heylenlei 41,2022-06-17,09:00:00,101,39,62,FMN GV 22 Boechout
7,Victor Heylenlei 41,2022-06-17,10:00:00,124,92,32,FMN GV 22 Boechout
7,Victor Heylenlei 41,2022-06-17,11:00:00,91,63,28,FMN GV 22 Boechout
7,Victor Heylenlei 41,2022-06-17,12:00:00,121,71,50,FMN GV 22 Boechout
7,Victor Heylenlei 41,2022-06-17,13:00:00,102,45,57,FMN GV 22 Boechout
7,Victor Heylenlei 41,2022-06-17,14:00:00,91,40,51,FMN GV 22 Boechout
7,Victor Heylenlei 41,2022-06-17,15:00:00,216,150,66,FMN GV 22 Boechout
7,Victor Heylenlei 41,2022-06-17,16:00:00,164,53,111,FMN GV 22 Boechout
7,Victor Heylenlei 41,2022-06-17,17:00:00,148,52,96,FMN GV 22 Boechout
7,Victor Heylenlei 41,2022-06-17,18:00:00,129,68,61,FMN GV 22 Boechout
7,Victor Heylenlei 41,2022-06-17,19:00:00,82,51,31,FMN GV 22 Boechout
7,Victor Heylenlei 41,2022-06-17,20:00:00,103,46,57,FMN GV 22 Boechout
7,Victor Heylenlei 41,2022-06-17,21:00:00,52,20,32,FMN GV 22 Boechout
7,Victor Heylenlei 41,2022-06-17,22:00:00,47,21,26,FMN GV 22 Boechout
7,Victor Heylenlei 41,2022-06-17,23:00:00,33,21,12,FMN GV 22 Boechout
7,Victor Heylenlei 41,2022-06-18,00:00:00,23,9,14,FMN GV 22 Boechout
7,Victor Heylenlei 41,2022-06-18,01:00:00,14,7,7,FMN GV 22 Boechout
7,Victor Heylenlei 41,2022-06-18,02:00:00,18,10,8,FMN GV 22 Boechout
7,Victor Heylenlei 41,2022-06-18,03:00:00,2,1,1,FMN GV 22 Boechout
7,Victor Heylenlei 41,2022-06-18,04:00:00,9,7,2,FMN GV 22 Boechout
7,Victor Heylenlei 41,2022-06-18,05:00:00,5,2,3,FMN GV 22 Boechout
7,Victor Heylenlei 41,2022-06-18,06:00:00,9,5,4,FMN GV 22 Boechout
7,Victor Heylenlei 41,2022-06-18,07:00:00,24,14,10,FMN GV 22 Boechout
7,Victor Heylenlei 41,2022-06-18,08:00:00,39,19,20,FMN GV 22 Boechout
7,Victor Heylenlei 41,2022-06-18,09:00:00,79,35,44,FMN GV 22 Boechout
7,Victor Heylenlei 41,2022-06-18,10:00:00,126,46,80,FMN GV 22 Boechout
7,Victor Heylenlei 41,2022-06-18,11:00:00,109,67,42,FMN GV 22 Boechout
7,Victor Heylenlei 41,2022-06-18,12:00:00,108,69,39,FMN GV 22 Boechout
7,Victor Heylenlei 41,2022-06-18,13:00:00,88,52,36,FMN GV 22 Boechout
7,Victor Heylenlei 41,2022-06-18,14:00:00,89,38,51,FMN GV 22 Boechout
7,Victor Heylenlei 41,2022-06-18,15:00:00,66,33,33,FMN GV 22 Boechout
7,Victor Heylenlei 41,2022-06-18,16:00:00,67,32,35,FMN GV 22 Boechout
7,Victor Heylenlei 41,2022-06-18,17:00:00,92,56,36,FMN GV 22 Boechout
7,Victor Heylenlei 41,2022-06-18,18:00:00,79,46,33,FMN GV 22 Boechout
7,Victor Heylenlei 41,2022-06-18,19:00:00,282,122,160,FMN GV 22 Boechout
7,Victor Heylenlei 41,2022-06-18,20:00:00,315,169,146,FMN GV 22 Boechout
7,Victor Heylenlei 41,2022-06-18,21:00:00,58,31,27,FMN GV 22 Boechout
7,Victor Heylenlei 41,2022-06-18,22:00:00,54,26,28,FMN GV 22 Boechout
7,Victor Heylenlei 41,2022-06-18,23:00:00,38,27,11,FMN GV 22 Boechout
7,Victor Heylenlei 41,2022-06-19,00:00:00,17,4,13,FMN GV 22 Boechout
7,Victor Heylenlei 41,2022-06-19,01:00:00,19,8,11,FMN GV 22 Boechout
7,Victor Heylenlei 41,2022-06-19,02:00:00,11,4,7,FMN GV 22 Boechout
7,Victor Heylenlei 41,2022-06-19,03:00:00,9,4,5,FMN GV 22 Boechout
7,Victor Heylenlei 41,2022-06-19,04:00:00,3,1,2,FMN GV 22 Boechout
7,Victor Heylenlei 41,2022-06-19,05:00:00,4,1,3,FMN GV 22 Boechout
7,Victor Heylenlei 41,2022-06-19,06:00:00,4,2,2,FMN GV 22 Boechout
7,Victor Heylenlei 41,2022-06-19,07:00:00,9,3,6,FMN GV 22 Boechout
7,Victor Heylenlei 41,2022-06-19,08:00:00,6,3,3,FMN GV 22 Boechout
7,Victor Heylenlei 41,2022-06-19,09:00:00,12,5,7,FMN GV 22 Boechout
7,Victor Heylenlei 41,2022-06-19,10:00:00,37,14,23,FMN GV 22 Boechout
7,Victor Heylenlei 41,2022-06-19,11:00:00,54,24,30,FMN GV 22 Boechout
7,Victor Heylenlei 41,2022-06-19,12:00:00,70,42,28,FMN GV 22 Boechout
7,Victor Heylenlei 41,2022-06-19,13:00:00,70,33,37,FMN GV 22 Boechout
7,Victor Heylenlei 41,2022-06-19,14:00:00,83,45,38,FMN GV 22 Boechout
7,Victor Heylenlei 41,2022-06-19,15:00:00,55,28,27,FMN GV 22 Boechout
7,Victor Heylenlei 41,2022-06-19,16:00:00,65,34,31,FMN GV 22 Boechout
7,Victor Heylenlei 41,2022-06-19,17:00:00,80,47,33,FMN GV 22 Boechout
7,Victor Heylenlei 41,2022-06-19,18:00:00,43,26,17,FMN GV 22 Boechout
7,Victor Heylenlei 41,2022-06-19,19:00:00,22,13,9,FMN GV 22 Boechout
7,Victor Heylenlei 41,2022-06-19,20:00:00,38,19,19,FMN GV 22 Boechout
7,Victor Heylenlei 41,2022-06-19,21:00:00,22,14,8,FMN GV 22 Boechout
7,Victor Heylenlei 41,2022-06-19,22:00:00,13,5,8,FMN GV 22 Boechout
7,Victor Heylenlei 41,2022-06-19,23:00:00,8,3,5,FMN GV 22 Boechout
7,Victor Heylenlei 41,2022-06-20,00:00:00,0,0,0,FMN GV 22 Boechout
7,Victor Heylenlei 41,2022-06-20,01:00:00,3,1,2,FMN GV 22 Boechout
7,Victor Heylenlei 41,2022-06-20,02:00:00,3,3,0,FMN GV 22 Boechout
7,Victor Heylenlei 41,2022-06-20,03:00:00,4,3,1,FMN GV 22 Boechout
7,Victor Heylenlei 41,2022-06-20,04:00:00,3,2,1,FMN GV 22 Boechout
7,Victor Heylenlei 41,2022-06-20,05:00:00,11,7,4,FMN GV 22 Boechout
7,Victor Heylenlei 41,2022-06-20,06:00:00,52,46,6,FMN GV 22 Boechout
7,Victor Heylenlei 41,2022-06-20,07:00:00,181,128,53,FMN GV 22 Boechout
7,Victor Heylenlei 41,2022-06-20,08:00:00,234,131,103,FMN GV 22 Boechout
7,Victor Heylenlei 41,2022-06-20,09:00:00,103,48,55,FMN GV 22 Boechout
7,Victor Heylenlei 41,2022-06-20,10:00:00,118,76,42,FMN GV 22 Boechout
7,Victor Heylenlei 41,2022-06-20,11:00:00,64,47,17,FMN GV 22 Boechout
7,Victor Heylenlei 41,2022-06-20,12:00:00,83,53,30,FMN GV 22 Boechout
7,Victor Heylenlei 41,2022-06-20,13:00:00,89,41,48,FMN GV 22 Boechout
7,Victor Heylenlei 41,2022-06-20,14:00:00,150,94,56,FMN GV 22 Boechout
7,Victor Heylenlei 41,2022-06-20,15:00:00,144,69,75,FMN GV 22 Boechout
7,Victor Heylenlei 41,2022-06-20,16:00:00,174,42,132,FMN GV 22 Boechout
7,Victor Heylenlei 41,2022-06-20,17:00:00,189,54,135,FMN GV 22 Boechout
7,Victor Heylenlei 41,2022-06-20,18:00:00,107,43,64,FMN GV 22 Boechout
7,Victor Heylenlei 41,2022-06-20,19:00:00,104,47,57,FMN GV 22 Boechout
7,Victor Heylenlei 41,2022-06-20,20:00:00,68,34,34,FMN GV 22 Boechout
7,Victor Heylenlei 41,2022-06-20,21:00:00,62,44,18,FMN GV 22 Boechout
7,Victor Heylenlei 41,2022-06-20,22:00:00,27,12,15,FMN GV 22 Boechout
7,Victor Heylenlei 41,2022-06-20,23:00:00,6,4,2,FMN GV 22 Boechout
7,Victor Heylenlei 41,2022-06-21,00:00:00,4,3,1,FMN GV 22 Boechout
7,Victor Heylenlei 41,2022-06-21,01:00:00,1,0,1,FMN GV 22 Boechout
7,Victor Heylenlei 41,2022-06-21,02:00:00,0,0,0,FMN GV 22 Boechout
7,Victor Heylenlei 41,2022-06-21,03:00:00,4,3,1,FMN GV 22 Boechout
7,Victor Heylenlei 41,2022-06-21,04:00:00,3,2,1,FMN GV 22 Boechout
7,Victor Heylenlei 41,2022-06-21,05:00:00,20,13,7,FMN GV 22 Boechout
7,Victor Heylenlei 41,2022-06-21,06:00:00,67,50,17,FMN GV 22 Boechout
7,Victor Heylenlei 41,2022-06-21,07:00:00,191,142,49,FMN GV 22 Boechout
7,Victor Heylenlei 41,2022-06-21,08:00:00,250,135,115,FMN GV 22 Boechout
7,Victor Heylenlei 41,2022-06-21,09:00:00,76,48,28,FMN GV 22 Boechout
7,Victor Heylenlei 41,2022-06-21,10:00:00,126,108,18,FMN GV 22 Boechout
7,Victor Heylenlei 41,2022-06-21,11:00:00,67,47,20,FMN GV 22 Boechout
7,Victor Heylenlei 41,2022-06-21,12:00:00,59,33,26,FMN GV 22 Boechout
7,Victor Heylenlei 41,2022-06-21,13:00:00,104,67,37,FMN GV 22 Boechout
7,Victor Heylenlei 41,2022-06-21,14:00:00,100,46,54,FMN GV 22 Boechout
7,Victor Heylenlei 41,2022-06-21,15:00:00,84,38,46,FMN GV 22 Boechout
7,Victor Heylenlei 41,2022-06-21,16:00:00,175,59,116,FMN GV 22 Boechout
7,Victor Heylenlei 41,2022-06-21,17:00:00,199,65,134,FMN GV 22 Boechout
7,Victor Heylenlei 41,2022-06-21,18:00:00,163,61,102,FMN GV 22 Boechout
7,Victor Heylenlei 41,2022-06-21,19:00:00,107,47,60,FMN GV 22 Boechout
7,Victor Heylenlei 41,2022-06-21,20:00:00,96,56,40,FMN GV 22 Boechout
7,Victor Heylenlei 41,2022-06-21,21:00:00,52,30,22,FMN GV 22 Boechout
7,Victor Heylenlei 41,2022-06-21,22:00:00,42,29,13,FMN GV 22 Boechout
7,Victor Heylenlei 41,2022-06-21,23:00:00,15,4,11,FMN GV 22 Boechout
7,Victor Heylenlei 41,2022-06-22,00:00:00,6,3,3,FMN GV 22 Boechout
7,Victor Heylenlei 41,2022-06-22,01:00:00,2,0,2,FMN GV 22 Boechout
7,Victor Heylenlei 41,2022-06-22,02:00:00,2,0,2,FMN GV 22 Boechout
7,Victor Heylenlei 41,2022-06-22,03:00:00,3,3,0,FMN GV 22 Boechout
7,Victor Heylenlei 41,2022-06-22,04:00:00,5,4,1,FMN GV 22 Boechout
7,Victor Heylenlei 41,2022-06-22,05:00:00,16,11,5,FMN GV 22 Boechout
7,Victor Heylenlei 41,2022-06-22,06:00:00,52,44,8,FMN GV 22 Boechout
7,Victor Heylenlei 41,2022-06-22,07:00:00,190,132,58,FMN GV 22 Boechout
7,Victor Heylenlei 41,2022-06-22,08:00:00,219,120,99,FMN GV 22 Boechout
7,Victor Heylenlei 41,2022-06-22,09:00:00,77,39,38,FMN GV 22 Boechout
7,Victor Heylenlei 41,2022-06-22,10:00:00,160,122,38,FMN GV 22 Boechout
7,Victor Heylenlei 41,2022-06-22,11:00:00,121,66,55,FMN GV 22 Boechout
7,Victor Heylenlei 41,2022-06-22,12:00:00,129,73,56,FMN GV 22 Boechout
7,Victor Heylenlei 41,2022-06-22,13:00:00,132,71,61,FMN GV 22 Boechout
7,Victor Heylenlei 41,2022-06-22,14:00:00,112,52,60,FMN GV 22 Boechout
7,Victor Heylenlei 41,2022-06-22,15:00:00,160,65,95,FMN GV 22 Boechout
7,Victor Heylenlei 41,2022-06-22,16:00:00,213,79,134,FMN GV 22 Boechout
7,Victor Heylenlei 41,2022-06-22,17:00:00,231,91,140,FMN GV 22 Boechout
7,Victor Heylenlei 41,2022-06-22,18:00:00,205,87,118,FMN GV 22 Boechout
7,Victor Heylenlei 41,2022-06-22,19:00:00,158,71,87,FMN GV 22 Boechout
7,Victor Heylenlei 41,2022-06-22,20:00:00,169,93,76,FMN GV 22 Boechout
7,Victor Heylenlei 41,2022-06-22,21:00:00,91,59,32,FMN GV 22 Boechout
7,Victor Heylenlei 41,2022-06-22,22:00:00,45,30,15,FMN GV 22 Boechout
7,Victor Heylenlei 41,2022-06-22,23:00:00,19,8,11,FMN GV 22 Boechout
7,Victor Heylenlei 41,2022-06-23,00:00:00,26,17,9,FMN GV 22 Boechout
7,Victor Heylenlei 41,2022-06-23,01:00:00,3,1,2,FMN GV 22 Boechout
7,Victor Heylenlei 41,2022-06-23,02:00:00,1,0,1,FMN GV 22 Boechout
7,Victor Heylenlei 41,2022-06-23,03:00:00,3,2,1,FMN GV 22 Boechout
7,Victor Heylenlei 41,2022-06-23,04:00:00,3,2,1,FMN GV 22 Boechout
7,Victor Heylenlei 41,2022-06-23,05:00:00,16,9,7,FMN GV 22 Boechout
7,Victor Heylenlei 41,2022-06-23,06:00:00,43,32,11,FMN GV 22 Boechout
7,Victor Heylenlei 41,2022-06-23,07:00:00,169,137,32,FMN GV 22 Boechout
7,Victor Heylenlei 41,2022-06-23,08:00:00,219,133,86,FMN GV 22 Boechout
7,Victor Heylenlei 41,2022-06-23,09:00:00,120,63,57,FMN GV 22 Boechout
7,Victor Heylenlei 41,2022-06-23,10:00:00,66,35,31,FMN GV 22 Boechout
7,Victor Heylenlei 41,2022-06-23,11:00:00,72,26,46,FMN GV 22 Boechout
7,Victor Heylenlei 41,2022-06-23,12:00:00,101,59,42,FMN GV 22 Boechout
7,Victor Heylenlei 41,2022-06-23,13:00:00,108,66,42,FMN GV 22 Boechout
7,Victor Heylenlei 41,2022-06-23,14:00:00,137,82,55,FMN GV 22 Boechout
7,Victor Heylenlei 41,2022-06-23,15:00:00,120,58,62,FMN GV 22 Boechout
7,Victor Heylenlei 41,2022-06-23,16:00:00,177,67,110,FMN GV 22 Boechout
7,Victor Heylenlei 41,2022-06-23,17:00:00,153,50,103,FMN GV 22 Boechout
7,Victor Heylenlei 41,2022-06-23,18:00:00,143,49,94,FMN GV 22 Boechout
7,Victor Heylenlei 41,2022-06-23,19:00:00,134,58,76,FMN GV 22 Boechout
7,Victor Heylenlei 41,2022-06-23,20:00:00,130,82,48,FMN GV 22 Boechout
7,Victor Heylenlei 41,2022-06-23,21:00:00,80,62,18,FMN GV 22 Boechout
7,Victor Heylenlei 41,2022-06-23,22:00:00,42,18,24,FMN GV 22 Boechout
7,Victor Heylenlei 41,2022-06-23,23:00:00,22,7,15,FMN GV 22 Boechout
7,Victor Heylenlei 41,2022-06-24,00:00:00,20,10,10,FMN GV 22 Boechout
7,Victor Heylenlei 41,2022-06-24,01:00:00,3,2,1,FMN GV 22 Boechout
7,Victor Heylenlei 41,2022-06-24,02:00:00,1,1,0,FMN GV 22 Boechout
7,Victor Heylenlei 41,2022-06-24,03:00:00,3,2,1,FMN GV 22 Boechout
7,Victor Heylenlei 41,2022-06-24,04:00:00,5,3,2,FMN GV 22 Boechout
7,Victor Heylenlei 41,2022-06-24,05:00:00,15,7,8,FMN GV 22 Boechout
7,Victor Heylenlei 41,2022-06-24,06:00:00,14,11,3,FMN GV 22 Boechout
7,Victor Heylenlei 41,2022-06-24,07:00:00,74,55,19,FMN GV 22 Boechout
7,Victor Heylenlei 41,2022-06-24,08:00:00,70,50,20,FMN GV 22 Boechout
7,Victor Heylenlei 41,2022-06-24,09:00:00,34,18,16,FMN GV 22 Boechout
7,Victor Heylenlei 41,2022-06-24,10:00:00,24,15,9,FMN GV 22 Boechout
7,Victor Heylenlei 41,2022-06-24,11:00:00,19,8,11,FMN GV 22 Boechout
7,Victor Heylenlei 41,2022-06-24,12:00:00,35,26,9,FMN GV 22 Boechout
7,Victor Heylenlei 41,2022-06-24,13:00:00,41,21,20,FMN GV 22 Boechout
7,Victor Heylenlei 41,2022-06-24,14:00:00,68,31,37,FMN GV 22 Boechout
7,Victor Heylenlei 41,2022-06-24,15:00:00,65,27,38,FMN GV 22 Boechout
7,Victor Heylenlei 41,2022-06-24,16:00:00,76,31,45,FMN GV 22 Boechout
7,Victor Heylenlei 41,2022-06-24,17:00:00,70,30,40,FMN GV 22 Boechout
7,Victor Heylenlei 41,2022-06-24,18:00:00,54,26,28,FMN GV 22 Boechout
7,Victor Heylenlei 41,2022-06-24,19:00:00,53,25,28,FMN GV 22 Boechout
7,Victor Heylenlei 41,2022-06-24,20:00:00,57,30,27,FMN GV 22 Boechout
7,Victor Heylenlei 41,2022-06-24,21:00:00,33,18,15,FMN GV 22 Boechout
7,Victor Heylenlei 41,2022-06-24,22:00:00,23,5,18,FMN GV 22 Boechout
7,Victor Heylenlei 41,2022-06-24,23:00:00,15,4,11,FMN GV 22 Boechout
7,Victor Heylenlei 41,2022-06-25,00:00:00,9,0,9,FMN GV 22 Boechout
7,Victor Heylenlei 41,2022-06-25,01:00:00,25,12,13,FMN GV 22 Boechout
7,Victor Heylenlei 41,2022-06-25,02:00:00,8,6,2,FMN GV 22 Boechout
7,Victor Heylenlei 41,2022-06-25,03:00:00,2,0,2,FMN GV 22 Boechout
7,Victor Heylenlei 41,2022-06-25,04:00:00,2,0,2,FMN GV 22 Boechout
7,Victor Heylenlei 41,2022-06-25,05:00:00,6,5,1,FMN GV 22 Boechout
7,Victor Heylenlei 41,2022-06-25,06:00:00,4,3,1,FMN GV 22 Boechout
7,Victor Heylenlei 41,2022-06-25,07:00:00,8,5,3,FMN GV 22 Boechout
7,Victor Heylenlei 41,2022-06-25,08:00:00,35,18,17,FMN GV 22 Boechout
7,Victor Heylenlei 41,2022-06-25,09:00:00,69,28,41,FMN GV 22 Boechout
7,Victor Heylenlei 41,2022-06-25,10:00:00,50,28,22,FMN GV 22 Boechout
7,Victor Heylenlei 41,2022-06-25,11:00:00,72,46,26,FMN GV 22 Boechout
7,Victor Heylenlei 41,2022-06-25,12:00:00,102,49,53,FMN GV 22 Boechout
7,Victor Heylenlei 41,2022-06-25,13:00:00,81,46,35,FMN GV 22 Boechout
7,Victor Heylenlei 41,2022-06-25,14:00:00,87,44,43,FMN GV 22 Boechout
7,Victor Heylenlei 41,2022-06-25,15:00:00,81,42,39,FMN GV 22 Boechout
7,Victor Heylenlei 41,2022-06-25,16:00:00,42,20,22,FMN GV 22 Boechout
7,Victor Heylenlei 41,2022-06-25,17:00:00,31,16,15,FMN GV 22 Boechout
7,Victor Heylenlei 41,2022-06-25,18:00:00,39,13,26,FMN GV 22 Boechout
7,Victor Heylenlei 41,2022-06-25,19:00:00,13,5,8,FMN GV 22 Boechout
7,Victor Heylenlei 41,2022-06-25,20:00:00,16,7,9,FMN GV 22 Boechout
7,Victor Heylenlei 41,2022-06-25,21:00:00,18,12,6,FMN GV 22 Boechout
7,Victor Heylenlei 41,2022-06-25,22:00:00,13,6,7,FMN GV 22 Boechout
7,Victor Heylenlei 41,2022-06-25,23:00:00,8,4,4,FMN GV 22 Boechout
7,Victor Heylenlei 41,2022-06-26,00:00:00,8,2,6,FMN GV 22 Boechout
7,Victor Heylenlei 41,2022-06-26,01:00:00,9,5,4,FMN GV 22 Boechout
7,Victor Heylenlei 41,2022-06-26,02:00:00,2,2,0,FMN GV 22 Boechout
7,Victor Heylenlei 41,2022-06-26,03:00:00,3,2,1,FMN GV 22 Boechout
7,Victor Heylenlei 41,2022-06-26,04:00:00,4,2,2,FMN GV 22 Boechout
7,Victor Heylenlei 41,2022-06-26,05:00:00,4,4,0,FMN GV 22 Boechout
7,Victor Heylenlei 41,2022-06-26,06:00:00,3,1,2,FMN GV 22 Boechout
7,Victor Heylenlei 41,2022-06-26,07:00:00,7,5,2,FMN GV 22 Boechout
7,Victor Heylenlei 41,2022-06-26,08:00:00,19,8,11,FMN GV 22 Boechout
7,Victor Heylenlei 41,2022-06-26,09:00:00,62,19,43,FMN GV 22 Boechout
7,Victor Heylenlei 41,2022-06-26,10:00:00,105,58,47,FMN GV 22 Boechout
7,Victor Heylenlei 41,2022-06-26,11:00:00,100,61,39,FMN GV 22 Boechout
7,Victor Heylenlei 41,2022-06-26,12:00:00,122,61,61,FMN GV 22 Boechout
7,Victor Heylenlei 41,2022-06-26,13:00:00,124,56,68,FMN GV 22 Boechout
7,Victor Heylenlei 41,2022-06-26,14:00:00,144,64,80,FMN GV 22 Boechout
7,Victor Heylenlei 41,2022-06-26,15:00:00,155,86,69,FMN GV 22 Boechout
7,Victor Heylenlei 41,2022-06-26,16:00:00,154,68,86,FMN GV 22 Boechout
7,Victor Heylenlei 41,2022-06-26,17:00:00,155,77,78,FMN GV 22 Boechout
7,Victor Heylenlei 41,2022-06-26,18:00:00,91,50,41,FMN GV 22 Boechout
7,Victor Heylenlei 41,2022-06-26,19:00:00,65,37,28,FMN GV 22 Boechout
7,Victor Heylenlei 41,2022-06-26,20:00:00,42,26,16,FMN GV 22 Boechout
7,Victor Heylenlei 41,2022-06-26,21:00:00,48,30,18,FMN GV 22 Boechout
7,Victor Heylenlei 41,2022-06-26,22:00:00,24,8,16,FMN GV 22 Boechout
7,Victor Heylenlei 41,2022-06-26,23:00:00,24,10,14,FMN GV 22 Boechout
7,Victor Heylenlei 41,2022-06-27,00:00:00,13,8,5,FMN GV 22 Boechout
7,Victor Heylenlei 41,2022-06-27,01:00:00,2,2,0,FMN GV 22 Boechout
7,Victor Heylenlei 41,2022-06-27,02:00:00,0,0,0,FMN GV 22 Boechout
7,Victor Heylenlei 41,2022-06-27,03:00:00,1,1,0,FMN GV 22 Boechout
7,Victor Heylenlei 41,2022-06-27,04:00:00,4,2,2,FMN GV 22 Boechout
7,Victor Heylenlei 41,2022-06-27,05:00:00,16,11,5,FMN GV 22 Boechout
7,Victor Heylenlei 41,2022-06-27,06:00:00,49,39,10,FMN GV 22 Boechout
7,Victor Heylenlei 41,2022-06-27,07:00:00,162,130,32,FMN GV 22 Boechout
7,Victor Heylenlei 41,2022-06-27,08:00:00,145,102,43,FMN GV 22 Boechout
7,Victor Heylenlei 41,2022-06-27,09:00:00,99,76,23,FMN GV 22 Boechout
7,Victor Heylenlei 41,2022-06-27,10:00:00,55,33,22,FMN GV 22 Boechout
7,Victor Heylenlei 41,2022-06-27,11:00:00,42,25,17,FMN GV 22 Boechout
7,Victor Heylenlei 41,2022-06-27,12:00:00,63,18,45,FMN GV 22 Boechout
7,Victor Heylenlei 41,2022-06-27,13:00:00,35,16,19,FMN GV 22 Boechout
7,Victor Heylenlei 41,2022-06-27,14:00:00,31,11,20,FMN GV 22 Boechout
7,Victor Heylenlei 41,2022-06-27,15:00:00,49,18,31,FMN GV 22 Boechout
7,Victor Heylenlei 41,2022-06-27,16:00:00,120,27,93,FMN GV 22 Boechout
7,Victor Heylenlei 41,2022-06-27,17:00:00,154,52,102,FMN GV 22 Boechout
7,Victor Heylenlei 41,2022-06-27,18:00:00,115,41,74,FMN GV 22 Boechout
7,Victor Heylenlei 41,2022-06-27,19:00:00,85,44,41,FMN GV 22 Boechout
7,Victor Heylenlei 41,2022-06-27,20:00:00,88,57,31,FMN GV 22 Boechout
7,Victor Heylenlei 41,2022-06-27,21:00:00,37,24,13,FMN GV 22 Boechout
7,Victor Heylenlei 41,2022-06-27,22:00:00,39,12,27,FMN GV 22 Boechout
7,Victor Heylenlei 41,2022-06-27,23:00:00,23,12,11,FMN GV 22 Boechout
7,Victor Heylenlei 41,2022-06-28,00:00:00,5,4,1,FMN GV 22 Boechout
7,Victor Heylenlei 41,2022-06-28,01:00:00,2,2,0,FMN GV 22 Boechout
7,Victor Heylenlei 41,2022-06-28,02:00:00,9,7,2,FMN GV 22 Boechout
7,Victor Heylenlei 41,2022-06-28,03:00:00,1,0,1,FMN GV 22 Boechout
7,Victor Heylenlei 41,2022-06-28,04:00:00,5,4,1,FMN GV 22 Boechout
7,Victor Heylenlei 41,2022-06-28,05:00:00,19,13,6,FMN GV 22 Boechout
7,Victor Heylenlei 41,2022-06-28,06:00:00,48,42,6,FMN GV 22 Boechout
7,Victor Heylenlei 41,2022-06-28,07:00:00,151,123,28,FMN GV 22 Boechout
7,Victor Heylenlei 41,2022-06-28,08:00:00,186,143,43,FMN GV 22 Boechout
7,Victor Heylenlei 41,2022-06-28,09:00:00,172,131,41,FMN GV 22 Boechout
7,Victor Heylenlei 41,2022-06-28,10:00:00,57,32,25,FMN GV 22 Boechout
7,Victor Heylenlei 41,2022-06-28,11:00:00,75,42,33,FMN GV 22 Boechout
7,Victor Heylenlei 41,2022-06-28,12:00:00,79,40,39,FMN GV 22 Boechout
7,Victor Heylenlei 41,2022-06-28,13:00:00,123,58,65,FMN GV 22 Boechout
7,Victor Heylenlei 41,2022-06-28,14:00:00,136,79,57,FMN GV 22 Boechout
7,Victor Heylenlei 41,2022-06-28,15:00:00,171,75,96,FMN GV 22 Boechout
7,Victor Heylenlei 41,2022-06-28,16:00:00,219,82,137,FMN GV 22 Boechout
7,Victor Heylenlei 41,2022-06-28,17:00:00,212,59,153,FMN GV 22 Boechout
7,Victor Heylenlei 41,2022-06-28,18:00:00,169,63,106,FMN GV 22 Boechout
7,Victor Heylenlei 41,2022-06-28,19:00:00,221,132,89,FMN GV 22 Boechout
7,Victor Heylenlei 41,2022-06-28,20:00:00,80,45,35,FMN GV 22 Boechout
7,Victor Heylenlei 41,2022-06-28,21:00:00,94,52,42,FMN GV 22 Boechout
7,Victor Heylenlei 41,2022-06-28,22:00:00,38,19,19,FMN GV 22 Boechout
7,Victor Heylenlei 41,2022-06-28,23:00:00,29,5,24,FMN GV 22 Boechout
7,Victor Heylenlei 41,2022-06-29,00:00:00,5,2,3,FMN GV 22 Boechout
7,Victor Heylenlei 41,2022-06-29,01:00:00,6,4,2,FMN GV 22 Boechout
7,Victor Heylenlei 41,2022-06-29,02:00:00,4,1,3,FMN GV 22 Boechout
7,Victor Heylenlei 41,2022-06-29,03:00:00,5,4,1,FMN GV 22 Boechout
7,Victor Heylenlei 41,2022-06-29,04:00:00,3,2,1,FMN GV 22 Boechout
7,Victor Heylenlei 41,2022-06-29,05:00:00,20,13,7,FMN GV 22 Boechout
7,Victor Heylenlei 41,2022-06-29,06:00:00,61,51,10,FMN GV 22 Boechout
7,Victor Heylenlei 41,2022-06-29,07:00:00,155,114,41,FMN GV 22 Boechout
7,Victor Heylenlei 41,2022-06-29,08:00:00,228,122,106,FMN GV 22 Boechout
7,Victor Heylenlei 41,2022-06-29,09:00:00,83,43,40,FMN GV 22 Boechout
7,Victor Heylenlei 41,2022-06-29,10:00:00,134,97,37,FMN GV 22 Boechout
7,Victor Heylenlei 41,2022-06-29,11:00:00,106,68,38,FMN GV 22 Boechout
7,Victor Heylenlei 41,2022-06-29,12:00:00,109,48,61,FMN GV 22 Boechout
7,Victor Heylenlei 41,2022-06-29,13:00:00,168,84,84,FMN GV 22 Boechout
7,Victor Heylenlei 41,2022-06-29,14:00:00,166,64,102,FMN GV 22 Boechout
7,Victor Heylenlei 41,2022-06-29,15:00:00,177,89,88,FMN GV 22 Boechout
7,Victor Heylenlei 41,2022-06-29,16:00:00,174,67,107,FMN GV 22 Boechout
7,Victor Heylenlei 41,2022-06-29,17:00:00,217,72,145,FMN GV 22 Boechout
7,Victor Heylenlei 41,2022-06-29,18:00:00,167,65,102,FMN GV 22 Boechout
7,Victor Heylenlei 41,2022-06-29,19:00:00,152,71,81,FMN GV 22 Boechout
7,Victor Heylenlei 41,2022-06-29,20:00:00,150,81,69,FMN GV 22 Boechout
7,Victor Heylenlei 41,2022-06-29,21:00:00,144,95,49,FMN GV 22 Boechout
7,Victor Heylenlei 41,2022-06-29,22:00:00,51,25,26,FMN GV 22 Boechout
7,Victor Heylenlei 41,2022-06-29,23:00:00,27,11,16,FMN GV 22 Boechout
7,Victor Heylenlei 41,2022-06-30,00:00:00,4,2,2,FMN GV 22 Boechout
7,Victor Heylenlei 41,2022-06-30,01:00:00,1,0,1,FMN GV 22 Boechout
7,Victor Heylenlei 41,2022-06-30,02:00:00,4,3,1,FMN GV 22 Boechout
7,Victor Heylenlei 41,2022-06-30,03:00:00,5,2,3,FMN GV 22 Boechout
7,Victor Heylenlei 41,2022-06-30,04:00:00,6,0,6,FMN GV 22 Boechout
7,Victor Heylenlei 41,2022-06-30,05:00:00,17,8,9,FMN GV 22 Boechout
7,Victor Heylenlei 41,2022-06-30,06:00:00,38,27,11,FMN GV 22 Boechout
7,Victor Heylenlei 41,2022-06-30,07:00:00,99,72,27,FMN GV 22 Boechout
7,Victor Heylenlei 41,2022-06-30,08:00:00,188,94,94,FMN GV 22 Boechout
7,Victor Heylenlei 41,2022-06-30,09:00:00,148,124,24,FMN GV 22 Boechout
7,Victor Heylenlei 41,2022-06-30,10:00:00,74,51,23,FMN GV 22 Boechout
7,Victor Heylenlei 41,2022-06-30,11:00:00,79,46,33,FMN GV 22 Boechout
7,Victor Heylenlei 41,2022-06-30,12:00:00,56,29,27,FMN GV 22 Boechout
7,Victor Heylenlei 41,2022-06-30,13:00:00,49,24,25,FMN GV 22 Boechout
7,Victor Heylenlei 41,2022-06-30,14:00:00,46,20,26,FMN GV 22 Boechout
7,Victor Heylenlei 41,2022-06-30,15:00:00,57,14,43,FMN GV 22 Boechout
7,Victor Heylenlei 41,2022-06-30,16:00:00,74,23,51,FMN GV 22 Boechout
7,Victor Heylenlei 41,2022-06-30,17:00:00,59,21,38,FMN GV 22 Boechout
7,Victor Heylenlei 41,2022-06-30,18:00:00,29,12,17,FMN GV 22 Boechout
7,Victor Heylenlei 41,2022-06-30,19:00:00,27,9,18,FMN GV 22 Boechout
7,Victor Heylenlei 41,2022-06-30,20:00:00,18,9,9,FMN GV 22 Boechout
7,Victor Heylenlei 41,2022-06-30,21:00:00,14,8,6,FMN GV 22 Boechout
7,Victor Heylenlei 41,2022-06-30,22:00:00,18,5,13,FMN GV 22 Boechout
7,Victor Heylenlei 41,2022-06-30,23:00:00,7,3,4,FMN GV 22 Boechout
7,Victor Heylenlei 41,2022-07-01,00:00:00,11,4,7,FMN GV 22 Boechout
7,Victor Heylenlei 41,2022-07-01,01:00:00,5,5,0,FMN GV 22 Boechout
7,Victor Heylenlei 41,2022-07-01,02:00:00,8,2,6,FMN GV 22 Boechout
7,Victor Heylenlei 41,2022-07-01,03:00:00,2,1,1,FMN GV 22 Boechout
7,Victor Heylenlei 41,2022-07-01,04:00:00,1,0,1,FMN GV 22 Boechout
7,Victor Heylenlei 41,2022-07-01,05:00:00,22,11,11,FMN GV 22 Boechout
7,Victor Heylenlei 41,2022-07-01,06:00:00,23,21,2,FMN GV 22 Boechout
7,Victor Heylenlei 41,2022-07-01,07:00:00,72,52,20,FMN GV 22 Boechout
7,Victor Heylenlei 41,2022-07-01,08:00:00,99,69,30,FMN GV 22 Boechout
7,Victor Heylenlei 41,2022-07-01,09:00:00,48,31,17,FMN GV 22 Boechout
7,Victor Heylenlei 41,2022-07-01,10:00:00,36,19,17,FMN GV 22 Boechout
7,Victor Heylenlei 41,2022-07-01,11:00:00,73,39,34,FMN GV 22 Boechout
7,Victor Heylenlei 41,2022-07-01,12:00:00,71,46,25,FMN GV 22 Boechout
7,Victor Heylenlei 41,2022-07-01,13:00:00,74,31,43,FMN GV 22 Boechout
7,Victor Heylenlei 41,2022-07-01,14:00:00,114,43,71,FMN GV 22 Boechout
7,Victor Heylenlei 41,2022-07-01,15:00:00,77,35,42,FMN GV 22 Boechout
7,Victor Heylenlei 41,2022-07-01,16:00:00,113,47,66,FMN GV 22 Boechout
7,Victor Heylenlei 41,2022-07-01,17:00:00,121,49,72,FMN GV 22 Boechout
7,Victor Heylenlei 41,2022-07-01,18:00:00,83,30,53,FMN GV 22 Boechout
7,Victor Heylenlei 41,2022-07-01,19:00:00,73,38,35,FMN GV 22 Boechout
7,Victor Heylenlei 41,2022-07-01,20:00:00,50,30,20,FMN GV 22 Boechout
7,Victor Heylenlei 41,2022-07-01,21:00:00,53,32,21,FMN GV 22 Boechout
7,Victor Heylenlei 41,2022-07-01,22:00:00,38,6,32,FMN GV 22 Boechout
7,Victor Heylenlei 41,2022-07-01,23:00:00,25,13,12,FMN GV 22 Boechout
7,Victor Heylenlei 41,2022-07-02,00:00:00,13,2,11,FMN GV 22 Boechout
7,Victor Heylenlei 41,2022-07-02,01:00:00,16,10,6,FMN GV 22 Boechout
7,Victor Heylenlei 41,2022-07-02,02:00:00,6,3,3,FMN GV 22 Boechout
7,Victor Heylenlei 41,2022-07-02,03:00:00,3,1,2,FMN GV 22 Boechout
7,Victor Heylenlei 41,2022-07-02,04:00:00,4,2,2,FMN GV 22 Boechout
7,Victor Heylenlei 41,2022-07-02,05:00:00,6,4,2,FMN GV 22 Boechout
7,Victor Heylenlei 41,2022-07-02,06:00:00,8,2,6,FMN GV 22 Boechout
7,Victor Heylenlei 41,2022-07-02,07:00:00,12,7,5,FMN GV 22 Boechout
7,Victor Heylenlei 41,2022-07-02,08:00:00,15,7,8,FMN GV 22 Boechout
7,Victor Heylenlei 41,2022-07-02,09:00:00,52,22,30,FMN GV 22 Boechout
7,Victor Heylenlei 41,2022-07-02,10:00:00,69,33,36,FMN GV 22 Boechout
7,Victor Heylenlei 41,2022-07-02,11:00:00,103,56,47,FMN GV 22 Boechout
7,Victor Heylenlei 41,2022-07-02,12:00:00,111,70,41,FMN GV 22 Boechout
7,Victor Heylenlei 41,2022-07-02,13:00:00,139,66,73,FMN GV 22 Boechout
7,Victor Heylenlei 41,2022-07-02,14:00:00,183,95,88,FMN GV 22 Boechout
7,Victor Heylenlei 41,2022-07-02,15:00:00,135,76,59,FMN GV 22 Boechout
7,Victor Heylenlei 41,2022-07-02,16:00:00,138,75,63,FMN GV 22 Boechout
7,Victor Heylenlei 41,2022-07-02,17:00:00,105,45,60,FMN GV 22 Boechout
7,Victor Heylenlei 41,2022-07-02,18:00:00,94,43,51,FMN GV 22 Boechout
7,Victor Heylenlei 41,2022-07-02,19:00:00,65,20,45,FMN GV 22 Boechout
7,Victor Heylenlei 41,2022-07-02,20:00:00,58,37,21,FMN GV 22 Boechout
7,Victor Heylenlei 41,2022-07-02,21:00:00,39,18,21,FMN GV 22 Boechout
7,Victor Heylenlei 41,2022-07-02,22:00:00,26,9,17,FMN GV 22 Boechout
7,Victor Heylenlei 41,2022-07-02,23:00:00,17,8,9,FMN GV 22 Boechout
7,Victor Heylenlei 41,2022-07-03,00:00:00,5,2,3,FMN GV 22 Boechout
7,Victor Heylenlei 41,2022-07-03,01:00:00,13,1,12,FMN GV 22 Boechout
7,Victor Heylenlei 41,2022-07-03,02:00:00,5,5,0,FMN GV 22 Boechout
7,Victor Heylenlei 41,2022-07-03,03:00:00,7,4,3,FMN GV 22 Boechout
7,Victor Heylenlei 41,2022-07-03,04:00:00,4,4,0,FMN GV 22 Boechout
7,Victor Heylenlei 41,2022-07-03,05:00:00,9,7,2,FMN GV 22 Boechout
7,Victor Heylenlei 41,2022-07-03,06:00:00,9,5,4,FMN GV 22 Boechout
7,Victor Heylenlei 41,2022-07-03,07:00:00,16,5,11,FMN GV 22 Boechout
7,Victor Heylenlei 41,2022-07-03,08:00:00,19,9,10,FMN GV 22 Boechout
7,Victor Heylenlei 41,2022-07-03,09:00:00,93,42,51,FMN GV 22 Boechout
7,Victor Heylenlei 41,2022-07-03,10:00:00,112,50,62,FMN GV 22 Boechout
7,Victor Heylenlei 41,2022-07-03,11:00:00,135,80,55,FMN GV 22 Boechout
7,Victor Heylenlei 41,2022-07-03,12:00:00,160,104,56,FMN GV 22 Boechout
7,Victor Heylenlei 41,2022-07-03,13:00:00,178,97,81,FMN GV 22 Boechout
7,Victor Heylenlei 41,2022-07-03,14:00:00,165,74,91,FMN GV 22 Boechout
7,Victor Heylenlei 41,2022-07-03,15:00:00,196,87,109,FMN GV 22 Boechout
7,Victor Heylenlei 41,2022-07-03,16:00:00,206,91,115,FMN GV 22 Boechout
7,Victor Heylenlei 41,2022-07-03,17:00:00,146,92,54,FMN GV 22 Boechout
7,Victor Heylenlei 41,2022-07-03,18:00:00,90,55,35,FMN GV 22 Boechout
7,Victor Heylenlei 41,2022-07-03,19:00:00,58,24,34,FMN GV 22 Boechout
7,Victor Heylenlei 41,2022-07-03,20:00:00,81,47,34,FMN GV 22 Boechout
7,Victor Heylenlei 41,2022-07-03,21:00:00,36,23,13,FMN GV 22 Boechout
7,Victor Heylenlei 41,2022-07-03,22:00:00,28,15,13,FMN GV 22 Boechout
7,Victor Heylenlei 41,2022-07-03,23:00:00,18,12,6,FMN GV 22 Boechout
7,Victor Heylenlei 41,2022-07-04,00:00:00,5,4,1,FMN GV 22 Boechout
7,Victor Heylenlei 41,2022-07-04,01:00:00,4,1,3,FMN GV 22 Boechout
7,Victor Heylenlei 41,2022-07-04,02:00:00,3,0,3,FMN GV 22 Boechout
7,Victor Heylenlei 41,2022-07-04,03:00:00,1,1,0,FMN GV 22 Boechout
7,Victor Heylenlei 41,2022-07-04,04:00:00,5,5,0,FMN GV 22 Boechout
7,Victor Heylenlei 41,2022-07-04,05:00:00,19,11,8,FMN GV 22 Boechout
7,Victor Heylenlei 41,2022-07-04,06:00:00,39,32,7,FMN GV 22 Boechout
7,Victor Heylenlei 41,2022-07-04,07:00:00,123,91,32,FMN GV 22 Boechout
7,Victor Heylenlei 41,2022-07-04,08:00:00,118,82,36,FMN GV 22 Boechout
7,Victor Heylenlei 41,2022-07-04,09:00:00,76,54,22,FMN GV 22 Boechout
7,Victor Heylenlei 41,2022-07-04,10:00:00,48,33,15,FMN GV 22 Boechout
7,Victor Heylenlei 41,2022-07-04,11:00:00,47,22,25,FMN GV 22 Boechout
7,Victor Heylenlei 41,2022-07-04,12:00:00,71,30,41,FMN GV 22 Boechout
7,Victor Heylenlei 41,2022-07-04,13:00:00,100,54,46,FMN GV 22 Boechout
7,Victor Heylenlei 41,2022-07-04,14:00:00,117,55,62,FMN GV 22 Boechout
7,Victor Heylenlei 41,2022-07-04,15:00:00,127,47,80,FMN GV 22 Boechout
7,Victor Heylenlei 41,2022-07-04,16:00:00,170,70,100,FMN GV 22 Boechout
7,Victor Heylenlei 41,2022-07-04,17:00:00,202,62,140,FMN GV 22 Boechout
7,Victor Heylenlei 41,2022-07-04,18:00:00,94,42,52,FMN GV 22 Boechout
7,Victor Heylenlei 41,2022-07-04,19:00:00,60,28,32,FMN GV 22 Boechout
7,Victor Heylenlei 41,2022-07-04,20:00:00,64,40,24,FMN GV 22 Boechout
7,Victor Heylenlei 41,2022-07-04,21:00:00,42,26,16,FMN GV 22 Boechout
7,Victor Heylenlei 41,2022-07-04,22:00:00,30,13,17,FMN GV 22 Boechout
7,Victor Heylenlei 41,2022-07-04,23:00:00,10,6,4,FMN GV 22 Boechout
7,Victor Heylenlei 41,2022-07-05,00:00:00,3,2,1,FMN GV 22 Boechout
7,Victor Heylenlei 41,2022-07-05,01:00:00,2,0,2,FMN GV 22 Boechout
7,Victor Heylenlei 41,2022-07-05,02:00:00,1,1,0,FMN GV 22 Boechout
7,Victor Heylenlei 41,2022-07-05,03:00:00,3,2,1,FMN GV 22 Boechout
7,Victor Heylenlei 41,2022-07-05,04:00:00,4,2,2,FMN GV 22 Boechout
7,Victor Heylenlei 41,2022-07-05,05:00:00,23,17,6,FMN GV 22 Boechout
7,Victor Heylenlei 41,2022-07-05,06:00:00,51,38,13,FMN GV 22 Boechout
7,Victor Heylenlei 41,2022-07-05,07:00:00,127,96,31,FMN GV 22 Boechout
7,Victor Heylenlei 41,2022-07-05,08:00:00,134,97,37,FMN GV 22 Boechout
7,Victor Heylenlei 41,2022-07-05,09:00:00,67,46,21,FMN GV 22 Boechout
7,Victor Heylenlei 41,2022-07-05,10:00:00,62,36,26,FMN GV 22 Boechout
7,Victor Heylenlei 41,2022-07-05,11:00:00,47,25,22,FMN GV 22 Boechout
7,Victor Heylenlei 41,2022-07-05,12:00:00,58,30,28,FMN GV 22 Boechout
7,Victor Heylenlei 41,2022-07-05,13:00:00,85,40,45,FMN GV 22 Boechout
7,Victor Heylenlei 41,2022-07-05,14:00:00,92,37,55,FMN GV 22 Boechout
7,Victor Heylenlei 41,2022-07-05,15:00:00,89,38,51,FMN GV 22 Boechout
7,Victor Heylenlei 41,2022-07-05,16:00:00,163,37,126,FMN GV 22 Boechout
7,Victor Heylenlei 41,2022-07-05,17:00:00,171,55,116,FMN GV 22 Boechout
7,Victor Heylenlei 41,2022-07-05,18:00:00,126,31,95,FMN GV 22 Boechout
7,Victor Heylenlei 41,2022-07-05,19:00:00,111,62,49,FMN GV 22 Boechout
7,Victor Heylenlei 41,2022-07-05,20:00:00,98,61,37,FMN GV 22 Boechout
7,Victor Heylenlei 41,2022-07-05,21:00:00,37,25,12,FMN GV 22 Boechout
7,Victor Heylenlei 41,2022-07-05,22:00:00,31,16,15,FMN GV 22 Boechout
7,Victor Heylenlei 41,2022-07-05,23:00:00,20,3,17,FMN GV 22 Boechout
7,Victor Heylenlei 41,2022-07-06,00:00:00,4,2,2,FMN GV 22 Boechout
7,Victor Heylenlei 41,2022-07-06,01:00:00,5,1,4,FMN GV 22 Boechout
7,Victor Heylenlei 41,2022-07-06,02:00:00,3,2,1,FMN GV 22 Boechout
7,Victor Heylenlei 41,2022-07-06,03:00:00,1,1,0,FMN GV 22 Boechout
7,Victor Heylenlei 41,2022-07-06,04:00:00,8,6,2,FMN GV 22 Boechout
7,Victor Heylenlei 41,2022-07-06,05:00:00,16,9,7,FMN GV 22 Boechout
7,Victor Heylenlei 41,2022-07-06,06:00:00,42,30,12,FMN GV 22 Boechout
7,Victor Heylenlei 41,2022-07-06,07:00:00,107,77,30,FMN GV 22 Boechout
7,Victor Heylenlei 41,2022-07-06,08:00:00,120,85,35,FMN GV 22 Boechout
7,Victor Heylenlei 41,2022-07-06,09:00:00,57,38,19,FMN GV 22 Boechout
7,Victor Heylenlei 41,2022-07-06,10:00:00,68,41,27,FMN GV 22 Boechout
7,Victor Heylenlei 41,2022-07-06,11:00:00,51,28,23,FMN GV 22 Boechout
7,Victor Heylenlei 41,2022-07-06,12:00:00,60,34,26,FMN GV 22 Boechout
7,Victor Heylenlei 41,2022-07-06,13:00:00,80,35,45,FMN GV 22 Boechout
7,Victor Heylenlei 41,2022-07-06,14:00:00,97,32,65,FMN GV 22 Boechout
7,Victor Heylenlei 41,2022-07-06,15:00:00,99,43,56,FMN GV 22 Boechout
7,Victor Heylenlei 41,2022-07-06,16:00:00,163,68,95,FMN GV 22 Boechout
7,Victor Heylenlei 41,2022-07-06,17:00:00,196,80,116,FMN GV 22 Boechout
7,Victor Heylenlei 41,2022-07-06,18:00:00,91,38,53,FMN GV 22 Boechout
7,Victor Heylenlei 41,2022-07-06,19:00:00,107,43,64,FMN GV 22 Boechout
7,Victor Heylenlei 41,2022-07-06,20:00:00,92,52,40,FMN GV 22 Boechout
7,Victor Heylenlei 41,2022-07-06,21:00:00,60,41,19,FMN GV 22 Boechout
7,Victor Heylenlei 41,2022-07-06,22:00:00,40,22,18,FMN GV 22 Boechout
7,Victor Heylenlei 41,2022-07-06,23:00:00,13,6,7,FMN GV 22 Boechout
7,Victor Heylenlei 41,2022-07-07,00:00:00,6,2,4,FMN GV 22 Boechout
7,Victor Heylenlei 41,2022-07-07,01:00:00,7,4,3,FMN GV 22 Boechout
7,Victor Heylenlei 41,2022-07-07,02:00:00,1,0,1,FMN GV 22 Boechout
7,Victor Heylenlei 41,2022-07-07,03:00:00,3,2,1,FMN GV 22 Boechout
7,Victor Heylenlei 41,2022-07-07,04:00:00,5,5,0,FMN GV 22 Boechout
7,Victor Heylenlei 41,2022-07-07,05:00:00,12,7,5,FMN GV 22 Boechout
7,Victor Heylenlei 41,2022-07-07,06:00:00,33,24,9,FMN GV 22 Boechout
7,Victor Heylenlei 41,2022-07-07,07:00:00,92,67,25,FMN GV 22 Boechout
7,Victor Heylenlei 41,2022-07-07,08:00:00,95,76,19,FMN GV 22 Boechout
7,Victor Heylenlei 41,2022-07-07,09:00:00,40,25,15,FMN GV 22 Boechout
7,Victor Heylenlei 41,2022-07-07,10:00:00,29,19,10,FMN GV 22 Boechout
7,Victor Heylenlei 41,2022-07-07,11:00:00,38,22,16,FMN GV 22 Boechout
7,Victor Heylenlei 41,2022-07-07,12:00:00,37,23,14,FMN GV 22 Boechout
7,Victor Heylenlei 41,2022-07-07,13:00:00,51,26,25,FMN GV 22 Boechout
7,Victor Heylenlei 41,2022-07-07,14:00:00,55,32,23,FMN GV 22 Boechout
7,Victor Heylenlei 41,2022-07-07,15:00:00,53,26,27,FMN GV 22 Boechout
7,Victor Heylenlei 41,2022-07-07,16:00:00,99,36,63,FMN GV 22 Boechout
7,Victor Heylenlei 41,2022-07-07,17:00:00,117,31,86,FMN GV 22 Boechout
7,Victor Heylenlei 41,2022-07-07,18:00:00,70,21,49,FMN GV 22 Boechout
7,Victor Heylenlei 41,2022-07-07,19:00:00,75,28,47,FMN GV 22 Boechout
7,Victor Heylenlei 41,2022-07-07,20:00:00,58,41,17,FMN GV 22 Boechout
7,Victor Heylenlei 41,2022-07-07,21:00:00,68,40,28,FMN GV 22 Boechout
7,Victor Heylenlei 41,2022-07-07,22:00:00,26,14,12,FMN GV 22 Boechout
7,Victor Heylenlei 41,2022-07-07,23:00:00,18,12,6,FMN GV 22 Boechout
7,Victor Heylenlei 41,2022-07-08,00:00:00,13,8,5,FMN GV 22 Boechout
7,Victor Heylenlei 41,2022-07-08,01:00:00,3,2,1,FMN GV 22 Boechout
7,Victor Heylenlei 41,2022-07-08,02:00:00,0,0,0,FMN GV 22 Boechout
7,Victor Heylenlei 41,2022-07-08,03:00:00,5,3,2,FMN GV 22 Boechout
7,Victor Heylenlei 41,2022-07-08,04:00:00,3,3,0,FMN GV 22 Boechout
7,Victor Heylenlei 41,2022-07-08,05:00:00,12,8,4,FMN GV 22 Boechout
7,Victor Heylenlei 41,2022-07-08,06:00:00,35,21,14,FMN GV 22 Boechout
7,Victor Heylenlei 41,2022-07-08,07:00:00,82,65,17,FMN GV 22 Boechout
7,Victor Heylenlei 41,2022-07-08,08:00:00,102,79,23,FMN GV 22 Boechout
7,Victor Heylenlei 41,2022-07-08,09:00:00,49,32,17,FMN GV 22 Boechout
7,Victor Heylenlei 41,2022-07-08,10:00:00,69,43,26,FMN GV 22 Boechout
7,Victor Heylenlei 41,2022-07-08,11:00:00,69,35,34,FMN GV 22 Boechout
7,Victor Heylenlei 41,2022-07-08,12:00:00,93,50,43,FMN GV 22 Boechout
7,Victor Heylenlei 41,2022-07-08,13:00:00,114,58,56,FMN GV 22 Boechout
7,Victor Heylenlei 41,2022-07-08,14:00:00,122,51,71,FMN GV 22 Boechout
7,Victor Heylenlei 41,2022-07-08,15:00:00,120,57,63,FMN GV 22 Boechout
7,Victor Heylenlei 41,2022-07-08,16:00:00,141,50,91,FMN GV 22 Boechout
7,Victor Heylenlei 41,2022-07-08,17:00:00,128,57,71,FMN GV 22 Boechout
7,Victor Heylenlei 41,2022-07-08,18:00:00,124,61,63,FMN GV 22 Boechout
7,Victor Heylenlei 41,2022-07-08,19:00:00,98,51,47,FMN GV 22 Boechout
7,Victor Heylenlei 41,2022-07-08,20:00:00,67,39,28,FMN GV 22 Boechout
7,Victor Heylenlei 41,2022-07-08,21:00:00,52,27,25,FMN GV 22 Boechout
7,Victor Heylenlei 41,2022-07-08,22:00:00,23,7,16,FMN GV 22 Boechout
7,Victor Heylenlei 41,2022-07-08,23:00:00,13,6,7,FMN GV 22 Boechout
7,Victor Heylenlei 41,2022-07-09,00:00:00,10,5,5,FMN GV 22 Boechout
7,Victor Heylenlei 41,2022-07-09,01:00:00,22,7,15,FMN GV 22 Boechout
7,Victor Heylenlei 41,2022-07-09,02:00:00,9,6,3,FMN GV 22 Boechout
7,Victor Heylenlei 41,2022-07-09,03:00:00,2,0,2,FMN GV 22 Boechout
7,Victor Heylenlei 41,2022-07-09,04:00:00,8,6,2,FMN GV 22 Boechout
7,Victor Heylenlei 41,2022-07-09,05:00:00,9,4,5,FMN GV 22 Boechout
7,Victor Heylenlei 41,2022-07-09,06:00:00,11,4,7,FMN GV 22 Boechout
7,Victor Heylenlei 41,2022-07-09,07:00:00,15,10,5,FMN GV 22 Boechout
7,Victor Heylenlei 41,2022-07-09,08:00:00,18,11,7,FMN GV 22 Boechout
7,Victor Heylenlei 41,2022-07-09,09:00:00,57,31,26,FMN GV 22 Boechout
7,Victor Heylenlei 41,2022-07-09,10:00:00,55,24,31,FMN GV 22 Boechout
7,Victor Heylenlei 41,2022-07-09,11:00:00,102,62,40,FMN GV 22 Boechout
7,Victor Heylenlei 41,2022-07-09,12:00:00,92,63,29,FMN GV 22 Boechout
7,Victor Heylenlei 41,2022-07-09,13:00:00,93,68,25,FMN GV 22 Boechout
7,Victor Heylenlei 41,2022-07-09,14:00:00,207,103,104,FMN GV 22 Boechout
7,Victor Heylenlei 41,2022-07-09,15:00:00,102,50,52,FMN GV 22 Boechout
7,Victor Heylenlei 41,2022-07-09,16:00:00,108,64,44,FMN GV 22 Boechout
7,Victor Heylenlei 41,2022-07-09,17:00:00,96,53,43,FMN GV 22 Boechout
7,Victor Heylenlei 41,2022-07-09,18:00:00,56,27,29,FMN GV 22 Boechout
7,Victor Heylenlei 41,2022-07-09,19:00:00,48,27,21,FMN GV 22 Boechout
7,Victor Heylenlei 41,2022-07-09,20:00:00,48,27,21,FMN GV 22 Boechout
7,Victor Heylenlei 41,2022-07-09,21:00:00,30,19,11,FMN GV 22 Boechout
7,Victor Heylenlei 41,2022-07-09,22:00:00,23,9,14,FMN GV 22 Boechout
7,Victor Heylenlei 41,2022-07-09,23:00:00,14,6,8,FMN GV 22 Boechout
7,Victor Heylenlei 41,2022-07-10,00:00:00,10,2,8,FMN GV 22 Boechout
7,Victor Heylenlei 41,2022-07-10,01:00:00,24,5,19,FMN GV 22 Boechout
7,Victor Heylenlei 41,2022-07-10,02:00:00,9,3,6,FMN GV 22 Boechout
7,Victor Heylenlei 41,2022-07-10,03:00:00,9,3,6,FMN GV 22 Boechout
7,Victor Heylenlei 41,2022-07-10,04:00:00,1,0,1,FMN GV 22 Boechout
7,Victor Heylenlei 41,2022-07-10,05:00:00,4,3,1,FMN GV 22 Boechout
7,Victor Heylenlei 41,2022-07-10,06:00:00,6,3,3,FMN GV 22 Boechout
7,Victor Heylenlei 41,2022-07-10,07:00:00,10,5,5,FMN GV 22 Boechout
7,Victor Heylenlei 41,2022-07-10,08:00:00,22,12,10,FMN GV 22 Boechout
7,Victor Heylenlei 41,2022-07-10,09:00:00,68,30,38,FMN GV 22 Boechout
7,Victor Heylenlei 41,2022-07-10,10:00:00,77,41,36,FMN GV 22 Boechout
7,Victor Heylenlei 41,2022-07-10,11:00:00,130,84,46,FMN GV 22 Boechout
7,Victor Heylenlei 41,2022-07-10,12:00:00,127,69,58,FMN GV 22 Boechout
7,Victor Heylenlei 41,2022-07-10,13:00:00,197,89,108,FMN GV 22 Boechout
7,Victor Heylenlei 41,2022-07-10,14:00:00,163,79,84,FMN GV 22 Boechout
7,Victor Heylenlei 41,2022-07-10,15:00:00,147,70,77,FMN GV 22 Boechout
7,Victor Heylenlei 41,2022-07-10,16:00:00,148,87,61,FMN GV 22 Boechout
7,Victor Heylenlei 41,2022-07-10,17:00:00,135,87,48,FMN GV 22 Boechout
7,Victor Heylenlei 41,2022-07-10,18:00:00,72,50,22,FMN GV 22 Boechout
7,Victor Heylenlei 41,2022-07-10,19:00:00,76,34,42,FMN GV 22 Boechout
7,Victor Heylenlei 41,2022-07-10,20:00:00,57,24,33,FMN GV 22 Boechout
7,Victor Heylenlei 41,2022-07-10,21:00:00,57,31,26,FMN GV 22 Boechout
7,Victor Heylenlei 41,2022-07-10,22:00:00,18,9,9,FMN GV 22 Boechout
7,Victor Heylenlei 41,2022-07-10,23:00:00,13,3,10,FMN GV 22 Boechout
7,Victor Heylenlei 41,2022-07-11,00:00:00,6,2,4,FMN GV 22 Boechout
7,Victor Heylenlei 41,2022-07-11,01:00:00,3,1,2,FMN GV 22 Boechout
7,Victor Heylenlei 41,2022-07-11,02:00:00,3,2,1,FMN GV 22 Boechout
7,Victor Heylenlei 41,2022-07-11,03:00:00,1,0,1,FMN GV 22 Boechout
7,Victor Heylenlei 41,2022-07-11,04:00:00,2,2,0,FMN GV 22 Boechout
7,Victor Heylenlei 41,2022-07-11,05:00:00,16,6,10,FMN GV 22 Boechout
7,Victor Heylenlei 41,2022-07-11,06:00:00,30,22,8,FMN GV 22 Boechout
7,Victor Heylenlei 41,2022-07-11,07:00:00,72,48,24,FMN GV 22 Boechout
7,Victor Heylenlei 41,2022-07-11,08:00:00,77,52,25,FMN GV 22 Boechout
7,Victor Heylenlei 41,2022-07-11,09:00:00,59,31,28,FMN GV 22 Boechout
7,Victor Heylenlei 41,2022-07-11,10:00:00,89,75,14,FMN GV 22 Boechout
7,Victor Heylenlei 41,2022-07-11,11:00:00,57,36,21,FMN GV 22 Boechout
7,Victor Heylenlei 41,2022-07-11,12:00:00,121,79,42,FMN GV 22 Boechout
7,Victor Heylenlei 41,2022-07-11,13:00:00,84,47,37,FMN GV 22 Boechout
7,Victor Heylenlei 41,2022-07-11,14:00:00,106,48,58,FMN GV 22 Boechout
7,Victor Heylenlei 41,2022-07-11,15:00:00,127,60,67,FMN GV 22 Boechout
7,Victor Heylenlei 41,2022-07-11,16:00:00,163,65,98,FMN GV 22 Boechout
7,Victor Heylenlei 41,2022-07-11,17:00:00,111,48,63,FMN GV 22 Boechout
7,Victor Heylenlei 41,2022-07-11,18:00:00,107,49,58,FMN GV 22 Boechout
7,Victor Heylenlei 41,2022-07-11,19:00:00,83,49,34,FMN GV 22 Boechout
7,Victor Heylenlei 41,2022-07-11,20:00:00,94,55,39,FMN GV 22 Boechout
7,Victor Heylenlei 41,2022-07-11,21:00:00,66,38,28,FMN GV 22 Boechout
7,Victor Heylenlei 41,2022-07-11,22:00:00,20,11,9,FMN GV 22 Boechout
7,Victor Heylenlei 41,2022-07-11,23:00:00,13,2,11,FMN GV 22 Boechout
7,Victor Heylenlei 41,2022-07-12,00:00:00,6,1,5,FMN GV 22 Boechout
7,Victor Heylenlei 41,2022-07-12,01:00:00,2,1,1,FMN GV 22 Boechout
7,Victor Heylenlei 41,2022-07-12,02:00:00,0,0,0,FMN GV 22 Boechout
7,Victor Heylenlei 41,2022-07-12,03:00:00,4,3,1,FMN GV 22 Boechout
7,Victor Heylenlei 41,2022-07-12,04:00:00,5,4,1,FMN GV 22 Boechout
7,Victor Heylenlei 41,2022-07-12,05:00:00,15,7,8,FMN GV 22 Boechout
7,Victor Heylenlei 41,2022-07-12,06:00:00,33,23,10,FMN GV 22 Boechout
7,Victor Heylenlei 41,2022-07-12,07:00:00,105,80,25,FMN GV 22 Boechout
7,Victor Heylenlei 41,2022-07-12,08:00:00,124,90,34,FMN GV 22 Boechout
7,Victor Heylenlei 41,2022-07-12,09:00:00,77,51,26,FMN GV 22 Boechout
7,Victor Heylenlei 41,2022-07-12,10:00:00,114,66,48,FMN GV 22 Boechout
7,Victor Heylenlei 41,2022-07-12,11:00:00,84,51,33,FMN GV 22 Boechout
7,Victor Heylenlei 41,2022-07-12,12:00:00,73,30,43,FMN GV 22 Boechout
7,Victor Heylenlei 41,2022-07-12,13:00:00,66,29,37,FMN GV 22 Boechout
7,Victor Heylenlei 41,2022-07-12,14:00:00,94,47,47,FMN GV 22 Boechout
7,Victor Heylenlei 41,2022-07-12,15:00:00,111,48,63,FMN GV 22 Boechout
7,Victor Heylenlei 41,2022-07-12,16:00:00,162,51,111,FMN GV 22 Boechout
7,Victor Heylenlei 41,2022-07-12,17:00:00,141,44,97,FMN GV 22 Boechout
7,Victor Heylenlei 41,2022-07-12,18:00:00,132,38,94,FMN GV 22 Boechout
7,Victor Heylenlei 41,2022-07-12,19:00:00,100,43,57,FMN GV 22 Boechout
7,Victor Heylenlei 41,2022-07-12,20:00:00,128,84,44,FMN GV 22 Boechout
7,Victor Heylenlei 41,2022-07-12,21:00:00,64,38,26,FMN GV 22 Boechout
7,Victor Heylenlei 41,2022-07-12,22:00:00,31,20,11,FMN GV 22 Boechout
7,Victor Heylenlei 41,2022-07-12,23:00:00,13,9,4,FMN GV 22 Boechout
7,Victor Heylenlei 41,2022-07-13,00:00:00,2,0,2,FMN GV 22 Boechout
7,Victor Heylenlei 41,2022-07-13,01:00:00,2,0,2,FMN GV 22 Boechout
7,Victor Heylenlei 41,2022-07-13,02:00:00,2,0,2,FMN GV 22 Boechout
7,Victor Heylenlei 41,2022-07-13,03:00:00,0,0,0,FMN GV 22 Boechout
7,Victor Heylenlei 41,2022-07-13,04:00:00,4,4,0,FMN GV 22 Boechout
7,Victor Heylenlei 41,2022-07-13,05:00:00,16,6,10,FMN GV 22 Boechout
7,Victor Heylenlei 41,2022-07-13,06:00:00,31,16,15,FMN GV 22 Boechout
7,Victor Heylenlei 41,2022-07-13,07:00:00,87,64,23,FMN GV 22 Boechout
7,Victor Heylenlei 41,2022-07-13,08:00:00,108,84,24,FMN GV 22 Boechout
7,Victor Heylenlei 41,2022-07-13,09:00:00,75,41,34,FMN GV 22 Boechout
7,Victor Heylenlei 41,2022-07-13,10:00:00,76,38,38,FMN GV 22 Boechout
7,Victor Heylenlei 41,2022-07-13,11:00:00,61,32,29,FMN GV 22 Boechout
7,Victor Heylenlei 41,2022-07-13,12:00:00,64,37,27,FMN GV 22 Boechout
7,Victor Heylenlei 41,2022-07-13,13:00:00,86,49,37,FMN GV 22 Boechout
7,Victor Heylenlei 41,2022-07-13,14:00:00,83,43,40,FMN GV 22 Boechout
7,Victor Heylenlei 41,2022-07-13,15:00:00,89,42,47,FMN GV 22 Boechout
7,Victor Heylenlei 41,2022-07-13,16:00:00,120,40,80,FMN GV 22 Boechout
7,Victor Heylenlei 41,2022-07-13,17:00:00,147,41,106,FMN GV 22 Boechout
7,Victor Heylenlei 41,2022-07-13,18:00:00,109,45,64,FMN GV 22 Boechout
7,Victor Heylenlei 41,2022-07-13,19:00:00,117,34,83,FMN GV 22 Boechout
7,Victor Heylenlei 41,2022-07-13,20:00:00,135,100,35,FMN GV 22 Boechout
7,Victor Heylenlei 41,2022-07-13,21:00:00,77,44,33,FMN GV 22 Boechout
7,Victor Heylenlei 41,2022-07-13,22:00:00,33,21,12,FMN GV 22 Boechout
7,Victor Heylenlei 41,2022-07-13,23:00:00,14,7,7,FMN GV 22 Boechout
7,Victor Heylenlei 41,2022-07-14,00:00:00,5,3,2,FMN GV 22 Boechout
7,Victor Heylenlei 41,2022-07-14,01:00:00,5,2,3,FMN GV 22 Boechout
7,Victor Heylenlei 41,2022-07-14,02:00:00,3,1,2,FMN GV 22 Boechout
7,Victor Heylenlei 41,2022-07-14,03:00:00,1,1,0,FMN GV 22 Boechout
7,Victor Heylenlei 41,2022-07-14,04:00:00,3,2,1,FMN GV 22 Boechout
7,Victor Heylenlei 41,2022-07-14,05:00:00,11,6,5,FMN GV 22 Boechout
7,Victor Heylenlei 41,2022-07-14,06:00:00,36,24,12,FMN GV 22 Boechout
7,Victor Heylenlei 41,2022-07-14,07:00:00,95,73,22,FMN GV 22 Boechout
7,Victor Heylenlei 41,2022-07-14,08:00:00,117,90,27,FMN GV 22 Boechout
7,Victor Heylenlei 41,2022-07-14,09:00:00,56,34,22,FMN GV 22 Boechout
7,Victor Heylenlei 41,2022-07-14,10:00:00,60,31,29,FMN GV 22 Boechout
7,Victor Heylenlei 41,2022-07-14,11:00:00,77,42,35,FMN GV 22 Boechout
7,Victor Heylenlei 41,2022-07-14,12:00:00,80,45,35,FMN GV 22 Boechout
7,Victor Heylenlei 41,2022-07-14,13:00:00,119,64,55,FMN GV 22 Boechout
7,Victor Heylenlei 41,2022-07-14,14:00:00,249,120,129,FMN GV 22 Boechout
7,Victor Heylenlei 41,2022-07-14,15:00:00,109,46,63,FMN GV 22 Boechout
7,Victor Heylenlei 41,2022-07-14,16:00:00,164,50,114,FMN GV 22 Boechout
7,Victor Heylenlei 41,2022-07-14,17:00:00,149,45,104,FMN GV 22 Boechout
7,Victor Heylenlei 41,2022-07-14,18:00:00,111,47,64,FMN GV 22 Boechout
7,Victor Heylenlei 41,2022-07-14,19:00:00,85,32,53,FMN GV 22 Boechout
7,Victor Heylenlei 41,2022-07-14,20:00:00,97,65,32,FMN GV 22 Boechout
7,Victor Heylenlei 41,2022-07-14,21:00:00,94,76,18,FMN GV 22 Boechout
7,Victor Heylenlei 41,2022-07-14,22:00:00,26,12,14,FMN GV 22 Boechout
7,Victor Heylenlei 41,2022-07-14,23:00:00,9,4,5,FMN GV 22 Boechout
7,Victor Heylenlei 41,2022-07-15,00:00:00,14,6,8,FMN GV 22 Boechout
7,Victor Heylenlei 41,2022-07-15,01:00:00,0,0,0,FMN GV 22 Boechout
7,Victor Heylenlei 41,2022-07-15,02:00:00,1,0,1,FMN GV 22 Boechout
7,Victor Heylenlei 41,2022-07-15,03:00:00,1,0,1,FMN GV 22 Boechout
7,Victor Heylenlei 41,2022-07-15,04:00:00,3,2,1,FMN GV 22 Boechout
7,Victor Heylenlei 41,2022-07-15,05:00:00,16,7,9,FMN GV 22 Boechout
7,Victor Heylenlei 41,2022-07-15,06:00:00,21,13,8,FMN GV 22 Boechout
7,Victor Heylenlei 41,2022-07-15,07:00:00,66,42,24,FMN GV 22 Boechout
7,Victor Heylenlei 41,2022-07-15,08:00:00,83,56,27,FMN GV 22 Boechout
7,Victor Heylenlei 41,2022-07-15,09:00:00,51,29,22,FMN GV 22 Boechout
7,Victor Heylenlei 41,2022-07-15,10:00:00,46,25,21,FMN GV 22 Boechout
7,Victor Heylenlei 41,2022-07-15,11:00:00,60,36,24,FMN GV 22 Boechout
7,Victor Heylenlei 41,2022-07-15,12:00:00,84,40,44,FMN GV 22 Boechout
7,Victor Heylenlei 41,2022-07-15,13:00:00,91,46,45,FMN GV 22 Boechout
7,Victor Heylenlei 41,2022-07-15,14:00:00,84,47,37,FMN GV 22 Boechout
7,Victor Heylenlei 41,2022-07-15,15:00:00,111,44,67,FMN GV 22 Boechout
7,Victor Heylenlei 41,2022-07-15,16:00:00,115,56,59,FMN GV 22 Boechout
7,Victor Heylenlei 41,2022-07-15,17:00:00,121,51,70,FMN GV 22 Boechout
7,Victor Heylenlei 41,2022-07-15,18:00:00,116,56,60,FMN GV 22 Boechout
7,Victor Heylenlei 41,2022-07-15,19:00:00,88,35,53,FMN GV 22 Boechout
7,Victor Heylenlei 41,2022-07-15,20:00:00,68,39,29,FMN GV 22 Boechout
7,Victor Heylenlei 41,2022-07-15,21:00:00,47,25,22,FMN GV 22 Boechout
7,Victor Heylenlei 41,2022-07-15,22:00:00,46,17,29,FMN GV 22 Boechout
7,Victor Heylenlei 41,2022-07-15,23:00:00,20,5,15,FMN GV 22 Boechout
7,Victor Heylenlei 41,2022-07-16,00:00:00,17,9,8,FMN GV 22 Boechout
7,Victor Heylenlei 41,2022-07-16,01:00:00,15,9,6,FMN GV 22 Boechout
7,Victor Heylenlei 41,2022-07-16,02:00:00,2,2,0,FMN GV 22 Boechout
7,Victor Heylenlei 41,2022-07-16,03:00:00,3,3,0,FMN GV 22 Boechout
7,Victor Heylenlei 41,2022-07-16,04:00:00,3,2,1,FMN GV 22 Boechout
7,Victor Heylenlei 41,2022-07-16,05:00:00,4,2,2,FMN GV 22 Boechout
7,Victor Heylenlei 41,2022-07-16,06:00:00,9,7,2,FMN GV 22 Boechout
7,Victor Heylenlei 41,2022-07-16,07:00:00,19,6,13,FMN GV 22 Boechout
7,Victor Heylenlei 41,2022-07-16,08:00:00,30,14,16,FMN GV 22 Boechout
7,Victor Heylenlei 41,2022-07-16,09:00:00,85,47,38,FMN GV 22 Boechout
7,Victor Heylenlei 41,2022-07-16,10:00:00,85,47,38,FMN GV 22 Boechout
7,Victor Heylenlei 41,2022-07-16,11:00:00,101,52,49,FMN GV 22 Boechout
7,Victor Heylenlei 41,2022-07-16,12:00:00,93,49,44,FMN GV 22 Boechout
7,Victor Heylenlei 41,2022-07-16,13:00:00,117,67,50,FMN GV 22 Boechout
7,Victor Heylenlei 41,2022-07-16,14:00:00,149,63,86,FMN GV 22 Boechout
7,Victor Heylenlei 41,2022-07-16,15:00:00,152,79,73,FMN GV 22 Boechout
7,Victor Heylenlei 41,2022-07-16,16:00:00,121,62,59,FMN GV 22 Boechout
7,Victor Heylenlei 41,2022-07-16,17:00:00,74,45,29,FMN GV 22 Boechout
7,Victor Heylenlei 41,2022-07-16,18:00:00,73,46,27,FMN GV 22 Boechout
7,Victor Heylenlei 41,2022-07-16,19:00:00,67,32,35,FMN GV 22 Boechout
7,Victor Heylenlei 41,2022-07-16,20:00:00,51,22,29,FMN GV 22 Boechout
7,Victor Heylenlei 41,2022-07-16,21:00:00,32,16,16,FMN GV 22 Boechout
7,Victor Heylenlei 41,2022-07-16,22:00:00,30,9,21,FMN GV 22 Boechout
7,Victor Heylenlei 41,2022-07-16,23:00:00,10,7,3,FMN GV 22 Boechout
7,Victor Heylenlei 41,2022-07-17,00:00:00,6,4,2,FMN GV 22 Boechout
7,Victor Heylenlei 41,2022-07-17,01:00:00,8,4,4,FMN GV 22 Boechout
7,Victor Heylenlei 41,2022-07-17,02:00:00,8,4,4,FMN GV 22 Boechout
7,Victor Heylenlei 41,2022-07-17,03:00:00,4,1,3,FMN GV 22 Boechout
7,Victor Heylenlei 41,2022-07-17,04:00:00,7,2,5,FMN GV 22 Boechout
7,Victor Heylenlei 41,2022-07-17,05:00:00,4,3,1,FMN GV 22 Boechout
7,Victor Heylenlei 41,2022-07-17,06:00:00,8,3,5,FMN GV 22 Boechout
7,Victor Heylenlei 41,2022-07-17,07:00:00,6,2,4,FMN GV 22 Boechout
7,Victor Heylenlei 41,2022-07-17,08:00:00,45,18,27,FMN GV 22 Boechout
7,Victor Heylenlei 41,2022-07-17,09:00:00,116,53,63,FMN GV 22 Boechout
7,Victor Heylenlei 41,2022-07-17,10:00:00,153,65,88,FMN GV 22 Boechout
7,Victor Heylenlei 41,2022-07-17,11:00:00,140,83,57,FMN GV 22 Boechout
7,Victor Heylenlei 41,2022-07-17,12:00:00,214,134,80,FMN GV 22 Boechout
7,Victor Heylenlei 41,2022-07-17,13:00:00,183,97,86,FMN GV 22 Boechout
7,Victor Heylenlei 41,2022-07-17,14:00:00,190,106,84,FMN GV 22 Boechout
7,Victor Heylenlei 41,2022-07-17,15:00:00,164,73,91,FMN GV 22 Boechout
7,Victor Heylenlei 41,2022-07-17,16:00:00,165,84,81,FMN GV 22 Boechout
7,Victor Heylenlei 41,2022-07-17,17:00:00,101,51,50,FMN GV 22 Boechout
7,Victor Heylenlei 41,2022-07-17,18:00:00,109,53,56,FMN GV 22 Boechout
7,Victor Heylenlei 41,2022-07-17,19:00:00,87,56,31,FMN GV 22 Boechout
7,Victor Heylenlei 41,2022-07-17,20:00:00,60,28,32,FMN GV 22 Boechout
7,Victor Heylenlei 41,2022-07-17,21:00:00,66,40,26,FMN GV 22 Boechout
7,Victor Heylenlei 41,2022-07-17,22:00:00,21,6,15,FMN GV 22 Boechout
7,Victor Heylenlei 41,2022-07-17,23:00:00,14,9,5,FMN GV 22 Boechout
7,Victor Heylenlei 41,2022-07-18,00:00:00,4,3,1,FMN GV 22 Boechout
7,Victor Heylenlei 41,2022-07-18,01:00:00,3,2,1,FMN GV 22 Boechout
7,Victor Heylenlei 41,2022-07-18,02:00:00,0,0,0,FMN GV 22 Boechout
7,Victor Heylenlei 41,2022-07-18,03:00:00,2,1,1,FMN GV 22 Boechout
7,Victor Heylenlei 41,2022-07-18,04:00:00,3,2,1,FMN GV 22 Boechout
7,Victor Heylenlei 41,2022-07-18,05:00:00,13,9,4,FMN GV 22 Boechout
7,Victor Heylenlei 41,2022-07-18,06:00:00,35,26,9,FMN GV 22 Boechout
7,Victor Heylenlei 41,2022-07-18,07:00:00,86,68,18,FMN GV 22 Boechout
7,Victor Heylenlei 41,2022-07-18,08:00:00,85,59,26,FMN GV 22 Boechout
7,Victor Heylenlei 41,2022-07-18,09:00:00,72,40,32,FMN GV 22 Boechout
7,Victor Heylenlei 41,2022-07-18,10:00:00,86,40,46,FMN GV 22 Boechout
7,Victor Heylenlei 41,2022-07-18,11:00:00,41,19,22,FMN GV 22 Boechout
7,Victor Heylenlei 41,2022-07-18,12:00:00,52,25,27,FMN GV 22 Boechout
7,Victor Heylenlei 41,2022-07-18,13:00:00,54,23,31,FMN GV 22 Boechout
7,Victor Heylenlei 41,2022-07-18,14:00:00,41,16,25,FMN GV 22 Boechout
7,Victor Heylenlei 41,2022-07-18,15:00:00,67,24,43,FMN GV 22 Boechout
7,Victor Heylenlei 41,2022-07-18,16:00:00,72,23,49,FMN GV 22 Boechout
7,Victor Heylenlei 41,2022-07-18,17:00:00,108,27,81,FMN GV 22 Boechout
7,Victor Heylenlei 41,2022-07-18,18:00:00,73,25,48,FMN GV 22 Boechout
7,Victor Heylenlei 41,2022-07-18,19:00:00,44,16,28,FMN GV 22 Boechout
7,Victor Heylenlei 41,2022-07-18,20:00:00,58,31,27,FMN GV 22 Boechout
7,Victor Heylenlei 41,2022-07-18,21:00:00,50,28,22,FMN GV 22 Boechout
7,Victor Heylenlei 41,2022-07-18,22:00:00,30,13,17,FMN GV 22 Boechout
7,Victor Heylenlei 41,2022-07-18,23:00:00,10,2,8,FMN GV 22 Boechout
7,Victor Heylenlei 41,2022-07-19,00:00:00,5,5,0,FMN GV 22 Boechout
7,Victor Heylenlei 41,2022-07-19,01:00:00,3,2,1,FMN GV 22 Boechout
7,Victor Heylenlei 41,2022-07-19,02:00:00,1,1,0,FMN GV 22 Boechout
7,Victor Heylenlei 41,2022-07-19,03:00:00,2,1,1,FMN GV 22 Boechout
7,Victor Heylenlei 41,2022-07-19,04:00:00,6,4,2,FMN GV 22 Boechout
7,Victor Heylenlei 41,2022-07-19,05:00:00,12,7,5,FMN GV 22 Boechout
7,Victor Heylenlei 41,2022-07-19,06:00:00,55,25,30,FMN GV 22 Boechout
7,Victor Heylenlei 41,2022-07-19,07:00:00,100,70,30,FMN GV 22 Boechout
7,Victor Heylenlei 41,2022-07-19,08:00:00,101,82,19,FMN GV 22 Boechout
7,Victor Heylenlei 41,2022-07-19,09:00:00,65,35,30,FMN GV 22 Boechout
7,Victor Heylenlei 41,2022-07-19,10:00:00,59,29,30,FMN GV 22 Boechout
7,Victor Heylenlei 41,2022-07-19,11:00:00,36,19,17,FMN GV 22 Boechout
7,Victor Heylenlei 41,2022-07-19,12:00:00,25,10,15,FMN GV 22 Boechout
7,Victor Heylenlei 41,2022-07-19,13:00:00,39,15,24,FMN GV 22 Boechout
7,Victor Heylenlei 41,2022-07-19,14:00:00,31,16,15,FMN GV 22 Boechout
7,Victor Heylenlei 41,2022-07-19,15:00:00,28,11,17,FMN GV 22 Boechout
7,Victor Heylenlei 41,2022-07-19,16:00:00,73,23,50,FMN GV 22 Boechout
7,Victor Heylenlei 41,2022-07-19,17:00:00,65,17,48,FMN GV 22 Boechout
7,Victor Heylenlei 41,2022-07-19,18:00:00,52,21,31,FMN GV 22 Boechout
7,Victor Heylenlei 41,2022-07-19,19:00:00,36,16,20,FMN GV 22 Boechout
7,Victor Heylenlei 41,2022-07-19,20:00:00,46,17,29,FMN GV 22 Boechout
7,Victor Heylenlei 41,2022-07-19,21:00:00,44,21,23,FMN GV 22 Boechout
7,Victor Heylenlei 41,2022-07-19,22:00:00,26,18,8,FMN GV 22 Boechout
7,Victor Heylenlei 41,2022-07-19,23:00:00,19,14,5,FMN GV 22 Boechout
7,Victor Heylenlei 41,2022-07-20,00:00:00,7,4,3,FMN GV 22 Boechout
7,Victor Heylenlei 41,2022-07-20,01:00:00,3,0,3,FMN GV 22 Boechout
7,Victor Heylenlei 41,2022-07-20,02:00:00,0,0,0,FMN GV 22 Boechout
7,Victor Heylenlei 41,2022-07-20,03:00:00,3,2,1,FMN GV 22 Boechout
7,Victor Heylenlei 41,2022-07-20,04:00:00,4,2,2,FMN GV 22 Boechout
7,Victor Heylenlei 41,2022-07-20,05:00:00,9,6,3,FMN GV 22 Boechout
7,Victor Heylenlei 41,2022-07-20,06:00:00,20,9,11,FMN GV 22 Boechout
7,Victor Heylenlei 41,2022-07-20,07:00:00,72,50,22,FMN GV 22 Boechout
7,Victor Heylenlei 41,2022-07-20,08:00:00,69,45,24,FMN GV 22 Boechout
7,Victor Heylenlei 41,2022-07-20,09:00:00,60,33,27,FMN GV 22 Boechout
7,Victor Heylenlei 41,2022-07-20,10:00:00,49,19,30,FMN GV 22 Boechout
7,Victor Heylenlei 41,2022-07-20,11:00:00,34,13,21,FMN GV 22 Boechout
7,Victor Heylenlei 41,2022-07-20,12:00:00,29,15,14,FMN GV 22 Boechout
7,Victor Heylenlei 41,2022-07-20,13:00:00,43,12,31,FMN GV 22 Boechout
7,Victor Heylenlei 41,2022-07-20,14:00:00,68,29,39,FMN GV 22 Boechout
7,Victor Heylenlei 41,2022-07-20,15:00:00,69,21,48,FMN GV 22 Boechout
7,Victor Heylenlei 41,2022-07-20,16:00:00,76,27,49,FMN GV 22 Boechout
7,Victor Heylenlei 41,2022-07-20,17:00:00,99,47,52,FMN GV 22 Boechout
7,Victor Heylenlei 41,2022-07-20,18:00:00,73,31,42,FMN GV 22 Boechout
7,Victor Heylenlei 41,2022-07-20,19:00:00,80,38,42,FMN GV 22 Boechout
7,Victor Heylenlei 41,2022-07-20,20:00:00,34,19,15,FMN GV 22 Boechout
7,Victor Heylenlei 41,2022-07-20,21:00:00,11,6,5,FMN GV 22 Boechout
7,Victor Heylenlei 41,2022-07-20,22:00:00,6,1,5,FMN GV 22 Boechout
7,Victor Heylenlei 41,2022-07-20,23:00:00,8,1,7,FMN GV 22 Boechout
7,Victor Heylenlei 41,2022-07-21,00:00:00,9,4,5,FMN GV 22 Boechout
7,Victor Heylenlei 41,2022-07-21,01:00:00,4,1,3,FMN GV 22 Boechout
7,Victor Heylenlei 41,2022-07-21,02:00:00,1,0,1,FMN GV 22 Boechout
7,Victor Heylenlei 41,2022-07-21,03:00:00,2,1,1,FMN GV 22 Boechout
7,Victor Heylenlei 41,2022-07-21,04:00:00,2,1,1,FMN GV 22 Boechout
7,Victor Heylenlei 41,2022-07-21,05:00:00,4,1,3,FMN GV 22 Boechout
7,Victor Heylenlei 41,2022-07-21,06:00:00,3,2,1,FMN GV 22 Boechout
7,Victor Heylenlei 41,2022-07-21,07:00:00,15,5,10,FMN GV 22 Boechout
7,Victor Heylenlei 41,2022-07-21,08:00:00,7,3,4,FMN GV 22 Boechout
7,Victor Heylenlei 41,2022-07-21,09:00:00,18,7,11,FMN GV 22 Boechout
7,Victor Heylenlei 41,2022-07-21,10:00:00,12,3,9,FMN GV 22 Boechout
7,Victor Heylenlei 41,2022-07-21,11:00:00,31,13,18,FMN GV 22 Boechout
7,Victor Heylenlei 41,2022-07-21,12:00:00,59,46,13,FMN GV 22 Boechout
7,Victor Heylenlei 41,2022-07-21,13:00:00,17,8,9,FMN GV 22 Boechout
7,Victor Heylenlei 41,2022-07-21,14:00:00,47,26,21,FMN GV 22 Boechout
7,Victor Heylenlei 41,2022-07-21,15:00:00,47,30,17,FMN GV 22 Boechout
7,Victor Heylenlei 41,2022-07-21,16:00:00,61,29,32,FMN GV 22 Boechout
7,Victor Heylenlei 41,2022-07-21,17:00:00,39,24,15,FMN GV 22 Boechout
7,Victor Heylenlei 41,2022-07-21,18:00:00,52,21,31,FMN GV 22 Boechout
7,Victor Heylenlei 41,2022-07-21,19:00:00,15,8,7,FMN GV 22 Boechout
7,Victor Heylenlei 41,2022-07-21,20:00:00,46,34,12,FMN GV 22 Boechout
7,Victor Heylenlei 41,2022-07-21,21:00:00,26,16,10,FMN GV 22 Boechout
7,Victor Heylenlei 41,2022-07-21,22:00:00,18,7,11,FMN GV 22 Boechout
7,Victor Heylenlei 41,2022-07-21,23:00:00,0,0,0,FMN GV 22 Boechout
7,Victor Heylenlei 41,2022-07-22,00:00:00,8,3,5,FMN GV 22 Boechout
7,Victor Heylenlei 41,2022-07-22,01:00:00,4,3,1,FMN GV 22 Boechout
7,Victor Heylenlei 41,2022-07-22,02:00:00,3,2,1,FMN GV 22 Boechout
7,Victor Heylenlei 41,2022-07-22,03:00:00,1,0,1,FMN GV 22 Boechout
7,Victor Heylenlei 41,2022-07-22,04:00:00,3,2,1,FMN GV 22 Boechout
7,Victor Heylenlei 41,2022-07-22,05:00:00,9,7,2,FMN GV 22 Boechout
7,Victor Heylenlei 41,2022-07-22,06:00:00,16,13,3,FMN GV 22 Boechout
7,Victor Heylenlei 41,2022-07-22,07:00:00,36,30,6,FMN GV 22 Boechout
7,Victor Heylenlei 41,2022-07-22,08:00:00,72,44,28,FMN GV 22 Boechout
7,Victor Heylenlei 41,2022-07-22,09:00:00,60,36,24,FMN GV 22 Boechout
7,Victor Heylenlei 41,2022-07-22,10:00:00,69,49,20,FMN GV 22 Boechout
7,Victor Heylenlei 41,2022-07-22,11:00:00,82,49,33,FMN GV 22 Boechout
7,Victor Heylenlei 41,2022-07-22,12:00:00,99,59,40,FMN GV 22 Boechout
7,Victor Heylenlei 41,2022-07-22,13:00:00,130,69,61,FMN GV 22 Boechout
7,Victor Heylenlei 41,2022-07-22,14:00:00,165,89,76,FMN GV 22 Boechout
7,Victor Heylenlei 41,2022-07-22,15:00:00,115,45,70,FMN GV 22 Boechout
7,Victor Heylenlei 41,2022-07-22,16:00:00,107,43,64,FMN GV 22 Boechout
7,Victor Heylenlei 41,2022-07-22,17:00:00,105,53,52,FMN GV 22 Boechout
7,Victor Heylenlei 41,2022-07-22,18:00:00,71,34,37,FMN GV 22 Boechout
7,Victor Heylenlei 41,2022-07-22,19:00:00,48,13,35,FMN GV 22 Boechout
7,Victor Heylenlei 41,2022-07-22,20:00:00,18,12,6,FMN GV 22 Boechout
7,Victor Heylenlei 41,2022-07-22,21:00:00,20,11,9,FMN GV 22 Boechout
7,Victor Heylenlei 41,2022-07-22,22:00:00,20,4,16,FMN GV 22 Boechout
7,Victor Heylenlei 41,2022-07-22,23:00:00,19,10,9,FMN GV 22 Boechout
7,Victor Heylenlei 41,2022-07-23,00:00:00,11,3,8,FMN GV 22 Boechout
7,Victor Heylenlei 41,2022-07-23,01:00:00,1,0,1,FMN GV 22 Boechout
7,Victor Heylenlei 41,2022-07-23,02:00:00,3,1,2,FMN GV 22 Boechout
7,Victor Heylenlei 41,2022-07-23,03:00:00,2,0,2,FMN GV 22 Boechout
7,Victor Heylenlei 41,2022-07-23,04:00:00,1,0,1,FMN GV 22 Boechout
7,Victor Heylenlei 41,2022-07-23,05:00:00,9,6,3,FMN GV 22 Boechout
7,Victor Heylenlei 41,2022-07-23,06:00:00,9,6,3,FMN GV 22 Boechout
7,Victor Heylenlei 41,2022-07-23,07:00:00,10,5,5,FMN GV 22 Boechout
7,Victor Heylenlei 41,2022-07-23,08:00:00,32,15,17,FMN GV 22 Boechout
7,Victor Heylenlei 41,2022-07-23,09:00:00,85,31,54,FMN GV 22 Boechout
7,Victor Heylenlei 41,2022-07-23,10:00:00,82,60,22,FMN GV 22 Boechout
7,Victor Heylenlei 41,2022-07-23,11:00:00,114,66,48,FMN GV 22 Boechout
7,Victor Heylenlei 41,2022-07-23,12:00:00,125,68,57,FMN GV 22 Boechout
7,Victor Heylenlei 41,2022-07-23,13:00:00,182,106,76,FMN GV 22 Boechout
7,Victor Heylenlei 41,2022-07-23,14:00:00,195,100,95,FMN GV 22 Boechout
7,Victor Heylenlei 41,2022-07-23,15:00:00,165,79,86,FMN GV 22 Boechout
7,Victor Heylenlei 41,2022-07-23,16:00:00,137,65,72,FMN GV 22 Boechout
7,Victor Heylenlei 41,2022-07-23,17:00:00,101,51,50,FMN GV 22 Boechout
7,Victor Heylenlei 41,2022-07-23,18:00:00,102,45,57,FMN GV 22 Boechout
7,Victor Heylenlei 41,2022-07-23,19:00:00,93,46,47,FMN GV 22 Boechout
7,Victor Heylenlei 41,2022-07-23,20:00:00,74,44,30,FMN GV 22 Boechout
7,Victor Heylenlei 41,2022-07-23,21:00:00,37,19,18,FMN GV 22 Boechout
7,Victor Heylenlei 41,2022-07-23,22:00:00,24,8,16,FMN GV 22 Boechout
7,Victor Heylenlei 41,2022-07-23,23:00:00,20,5,15,FMN GV 22 Boechout
7,Victor Heylenlei 41,2022-07-24,00:00:00,23,1,22,FMN GV 22 Boechout
7,Victor Heylenlei 41,2022-07-24,01:00:00,11,3,8,FMN GV 22 Boechout
7,Victor Heylenlei 41,2022-07-24,02:00:00,2,0,2,FMN GV 22 Boechout
7,Victor Heylenlei 41,2022-07-24,03:00:00,7,3,4,FMN GV 22 Boechout
7,Victor Heylenlei 41,2022-07-24,04:00:00,1,1,0,FMN GV 22 Boechout
7,Victor Heylenlei 41,2022-07-24,05:00:00,9,5,4,FMN GV 22 Boechout
7,Victor Heylenlei 41,2022-07-24,06:00:00,10,5,5,FMN GV 22 Boechout
7,Victor Heylenlei 41,2022-07-24,07:00:00,15,3,12,FMN GV 22 Boechout
7,Victor Heylenlei 41,2022-07-24,08:00:00,72,38,34,FMN GV 22 Boechout
7,Victor Heylenlei 41,2022-07-24,09:00:00,116,52,64,FMN GV 22 Boechout
7,Victor Heylenlei 41,2022-07-24,10:00:00,165,98,67,FMN GV 22 Boechout
7,Victor Heylenlei 41,2022-07-24,11:00:00,167,112,55,FMN GV 22 Boechout
7,Victor Heylenlei 41,2022-07-24,12:00:00,150,85,65,FMN GV 22 Boechout
7,Victor Heylenlei 41,2022-07-24,13:00:00,175,107,68,FMN GV 22 Boechout
7,Victor Heylenlei 41,2022-07-24,14:00:00,193,105,88,FMN GV 22 Boechout
7,Victor Heylenlei 41,2022-07-24,15:00:00,175,78,97,FMN GV 22 Boechout
7,Victor Heylenlei 41,2022-07-24,16:00:00,128,64,64,FMN GV 22 Boechout
7,Victor Heylenlei 41,2022-07-24,17:00:00,113,48,65,FMN GV 22 Boechout
7,Victor Heylenlei 41,2022-07-24,18:00:00,62,24,38,FMN GV 22 Boechout
7,Victor Heylenlei 41,2022-07-24,19:00:00,88,40,48,FMN GV 22 Boechout
7,Victor Heylenlei 41,2022-07-24,20:00:00,85,46,39,FMN GV 22 Boechout
7,Victor Heylenlei 41,2022-07-24,21:00:00,55,30,25,FMN GV 22 Boechout
7,Victor Heylenlei 41,2022-07-24,22:00:00,28,14,14,FMN GV 22 Boechout
7,Victor Heylenlei 41,2022-07-24,23:00:00,14,6,8,FMN GV 22 Boechout
7,Victor Heylenlei 41,2022-07-25,00:00:00,2,0,2,FMN GV 22 Boechout
7,Victor Heylenlei 41,2022-07-25,01:00:00,1,0,1,FMN GV 22 Boechout
7,Victor Heylenlei 41,2022-07-25,02:00:00,1,1,0,FMN GV 22 Boechout
7,Victor Heylenlei 41,2022-07-25,03:00:00,2,1,1,FMN GV 22 Boechout
7,Victor Heylenlei 41,2022-07-25,04:00:00,2,1,1,FMN GV 22 Boechout
7,Victor Heylenlei 41,2022-07-25,05:00:00,24,15,9,FMN GV 22 Boechout
7,Victor Heylenlei 41,2022-07-25,06:00:00,28,23,5,FMN GV 22 Boechout
7,Victor Heylenlei 41,2022-07-25,07:00:00,79,59,20,FMN GV 22 Boechout
7,Victor Heylenlei 41,2022-07-25,08:00:00,101,67,34,FMN GV 22 Boechout
7,Victor Heylenlei 41,2022-07-25,09:00:00,55,33,22,FMN GV 22 Boechout
7,Victor Heylenlei 41,2022-07-25,10:00:00,44,24,20,FMN GV 22 Boechout
7,Victor Heylenlei 41,2022-07-25,11:00:00,69,36,33,FMN GV 22 Boechout
7,Victor Heylenlei 41,2022-07-25,12:00:00,68,50,18,FMN GV 22 Boechout
7,Victor Heylenlei 41,2022-07-25,13:00:00,71,36,35,FMN GV 22 Boechout
7,Victor Heylenlei 41,2022-07-25,14:00:00,60,29,31,FMN GV 22 Boechout
7,Victor Heylenlei 41,2022-07-25,15:00:00,75,23,52,FMN GV 22 Boechout
7,Victor Heylenlei 41,2022-07-25,16:00:00,128,37,91,FMN GV 22 Boechout
7,Victor Heylenlei 41,2022-07-25,17:00:00,143,56,87,FMN GV 22 Boechout
7,Victor Heylenlei 41,2022-07-25,18:00:00,86,42,44,FMN GV 22 Boechout
7,Victor Heylenlei 41,2022-07-25,19:00:00,44,21,23,FMN GV 22 Boechout
7,Victor Heylenlei 41,2022-07-25,20:00:00,41,15,26,FMN GV 22 Boechout
7,Victor Heylenlei 41,2022-07-25,21:00:00,45,21,24,FMN GV 22 Boechout
7,Victor Heylenlei 41,2022-07-25,22:00:00,23,11,12,FMN GV 22 Boechout
7,Victor Heylenlei 41,2022-07-25,23:00:00,3,0,3,FMN GV 22 Boechout
7,Victor Heylenlei 41,2022-07-26,00:00:00,4,0,4,FMN GV 22 Boechout
7,Victor Heylenlei 41,2022-07-26,01:00:00,1,0,1,FMN GV 22 Boechout
7,Victor Heylenlei 41,2022-07-26,02:00:00,3,1,2,FMN GV 22 Boechout
7,Victor Heylenlei 41,2022-07-26,03:00:00,1,1,0,FMN GV 22 Boechout
7,Victor Heylenlei 41,2022-07-26,04:00:00,3,1,2,FMN GV 22 Boechout
7,Victor Heylenlei 41,2022-07-26,05:00:00,22,13,9,FMN GV 22 Boechout
7,Victor Heylenlei 41,2022-07-26,06:00:00,34,28,6,FMN GV 22 Boechout
7,Victor Heylenlei 41,2022-07-26,07:00:00,93,69,24,FMN GV 22 Boechout
7,Victor Heylenlei 41,2022-07-26,08:00:00,103,79,24,FMN GV 22 Boechout
7,Victor Heylenlei 41,2022-07-26,09:00:00,44,30,14,FMN GV 22 Boechout
7,Victor Heylenlei 41,2022-07-26,10:00:00,34,19,15,FMN GV 22 Boechout
7,Victor Heylenlei 41,2022-07-26,11:00:00,37,15,22,FMN GV 22 Boechout
7,Victor Heylenlei 41,2022-07-26,12:00:00,28,19,9,FMN GV 22 Boechout
7,Victor Heylenlei 41,2022-07-26,13:00:00,28,17,11,FMN GV 22 Boechout
7,Victor Heylenlei 41,2022-07-26,14:00:00,49,33,16,FMN GV 22 Boechout
7,Victor Heylenlei 41,2022-07-26,15:00:00,26,8,18,FMN GV 22 Boechout
7,Victor Heylenlei 41,2022-07-26,16:00:00,63,12,51,FMN GV 22 Boechout
7,Victor Heylenlei 41,2022-07-26,17:00:00,133,26,107,FMN GV 22 Boechout
7,Victor Heylenlei 41,2022-07-26,18:00:00,64,26,38,FMN GV 22 Boechout
7,Victor Heylenlei 41,2022-07-26,19:00:00,50,28,22,FMN GV 22 Boechout
7,Victor Heylenlei 41,2022-07-26,20:00:00,47,28,19,FMN GV 22 Boechout
7,Victor Heylenlei 41,2022-07-26,21:00:00,41,25,16,FMN GV 22 Boechout
7,Victor Heylenlei 41,2022-07-26,22:00:00,20,11,9,FMN GV 22 Boechout
7,Victor Heylenlei 41,2022-07-26,23:00:00,11,7,4,FMN GV 22 Boechout
7,Victor Heylenlei 41,2022-07-27,00:00:00,4,2,2,FMN GV 22 Boechout
7,Victor Heylenlei 41,2022-07-27,01:00:00,4,0,4,FMN GV 22 Boechout
7,Victor Heylenlei 41,2022-07-27,02:00:00,1,0,1,FMN GV 22 Boechout
7,Victor Heylenlei 41,2022-07-27,03:00:00,0,0,0,FMN GV 22 Boechout
7,Victor Heylenlei 41,2022-07-27,04:00:00,2,2,0,FMN GV 22 Boechout
7,Victor Heylenlei 41,2022-07-27,05:00:00,14,8,6,FMN GV 22 Boechout
7,Victor Heylenlei 41,2022-07-27,06:00:00,32,24,8,FMN GV 22 Boechout
7,Victor Heylenlei 41,2022-07-27,07:00:00,87,64,23,FMN GV 22 Boechout
7,Victor Heylenlei 41,2022-07-27,08:00:00,94,69,25,FMN GV 22 Boechout
7,Victor Heylenlei 41,2022-07-27,09:00:00,63,40,23,FMN GV 22 Boechout
7,Victor Heylenlei 41,2022-07-27,10:00:00,90,46,44,FMN GV 22 Boechout
7,Victor Heylenlei 41,2022-07-27,11:00:00,77,50,27,FMN GV 22 Boechout
7,Victor Heylenlei 41,2022-07-27,12:00:00,87,42,45,FMN GV 22 Boechout
7,Victor Heylenlei 41,2022-07-27,13:00:00,107,62,45,FMN GV 22 Boechout
7,Victor Heylenlei 41,2022-07-27,14:00:00,103,48,55,FMN GV 22 Boechout
7,Victor Heylenlei 41,2022-07-27,15:00:00,113,57,56,FMN GV 22 Boechout
7,Victor Heylenlei 41,2022-07-27,16:00:00,140,56,84,FMN GV 22 Boechout
7,Victor Heylenlei 41,2022-07-27,17:00:00,174,64,110,FMN GV 22 Boechout
7,Victor Heylenlei 41,2022-07-27,18:00:00,135,59,76,FMN GV 22 Boechout
7,Victor Heylenlei 41,2022-07-27,19:00:00,109,56,53,FMN GV 22 Boechout
7,Victor Heylenlei 41,2022-07-27,20:00:00,95,50,45,FMN GV 22 Boechout
7,Victor Heylenlei 41,2022-07-27,21:00:00,60,40,20,FMN GV 22 Boechout
7,Victor Heylenlei 41,2022-07-27,22:00:00,24,12,12,FMN GV 22 Boechout
7,Victor Heylenlei 41,2022-07-27,23:00:00,24,16,8,FMN GV 22 Boechout
7,Victor Heylenlei 41,2022-07-28,00:00:00,10,8,2,FMN GV 22 Boechout
7,Victor Heylenlei 41,2022-07-28,01:00:00,8,6,2,FMN GV 22 Boechout
7,Victor Heylenlei 41,2022-07-28,02:00:00,3,3,0,FMN GV 22 Boechout
7,Victor Heylenlei 41,2022-07-28,03:00:00,3,0,3,FMN GV 22 Boechout
7,Victor Heylenlei 41,2022-07-28,04:00:00,1,1,0,FMN GV 22 Boechout
7,Victor Heylenlei 41,2022-07-28,05:00:00,21,15,6,FMN GV 22 Boechout
7,Victor Heylenlei 41,2022-07-28,06:00:00,38,28,10,FMN GV 22 Boechout
7,Victor Heylenlei 41,2022-07-28,07:00:00,93,70,23,FMN GV 22 Boechout
7,Victor Heylenlei 41,2022-07-28,08:00:00,100,66,34,FMN GV 22 Boechout
7,Victor Heylenlei 41,2022-07-28,09:00:00,55,29,26,FMN GV 22 Boechout
7,Victor Heylenlei 41,2022-07-28,10:00:00,54,28,26,FMN GV 22 Boechout
7,Victor Heylenlei 41,2022-07-28,11:00:00,68,30,38,FMN GV 22 Boechout
7,Victor Heylenlei 41,2022-07-28,12:00:00,81,46,35,FMN GV 22 Boechout
7,Victor Heylenlei 41,2022-07-28,13:00:00,121,52,69,FMN GV 22 Boechout
7,Victor Heylenlei 41,2022-07-28,14:00:00,131,55,76,FMN GV 22 Boechout
7,Victor Heylenlei 41,2022-07-28,15:00:00,139,60,79,FMN GV 22 Boechout
7,Victor Heylenlei 41,2022-07-28,16:00:00,184,59,125,FMN GV 22 Boechout
7,Victor Heylenlei 41,2022-07-28,17:00:00,177,53,124,FMN GV 22 Boechout
7,Victor Heylenlei 41,2022-07-28,18:00:00,162,54,108,FMN GV 22 Boechout
7,Victor Heylenlei 41,2022-07-28,19:00:00,123,46,77,FMN GV 22 Boechout
7,Victor Heylenlei 41,2022-07-28,20:00:00,124,69,55,FMN GV 22 Boechout
7,Victor Heylenlei 41,2022-07-28,21:00:00,112,78,34,FMN GV 22 Boechout
7,Victor Heylenlei 41,2022-07-28,22:00:00,54,32,22,FMN GV 22 Boechout
7,Victor Heylenlei 41,2022-07-28,23:00:00,50,37,13,FMN GV 22 Boechout
7,Victor Heylenlei 41,2022-07-29,00:00:00,80,76,4,FMN GV 22 Boechout
7,Victor Heylenlei 41,2022-07-29,01:00:00,17,14,3,FMN GV 22 Boechout
7,Victor Heylenlei 41,2022-07-29,02:00:00,8,7,1,FMN GV 22 Boechout
7,Victor Heylenlei 41,2022-07-29,03:00:00,4,1,3,FMN GV 22 Boechout
7,Victor Heylenlei 41,2022-07-29,04:00:00,6,4,2,FMN GV 22 Boechout
7,Victor Heylenlei 41,2022-07-29,05:00:00,19,11,8,FMN GV 22 Boechout
7,Victor Heylenlei 41,2022-07-29,06:00:00,32,24,8,FMN GV 22 Boechout
7,Victor Heylenlei 41,2022-07-29,07:00:00,58,37,21,FMN GV 22 Boechout
7,Victor Heylenlei 41,2022-07-29,08:00:00,80,55,25,FMN GV 22 Boechout
7,Victor Heylenlei 41,2022-07-29,09:00:00,38,24,14,FMN GV 22 Boechout
7,Victor Heylenlei 41,2022-07-29,10:00:00,79,34,45,FMN GV 22 Boechout
7,Victor Heylenlei 41,2022-07-29,11:00:00,97,53,44,FMN GV 22 Boechout
7,Victor Heylenlei 41,2022-07-29,12:00:00,96,46,50,FMN GV 22 Boechout
7,Victor Heylenlei 41,2022-07-29,13:00:00,93,39,54,FMN GV 22 Boechout
7,Victor Heylenlei 41,2022-07-29,14:00:00,113,46,67,FMN GV 22 Boechout
7,Victor Heylenlei 41,2022-07-29,15:00:00,116,50,66,FMN GV 22 Boechout
7,Victor Heylenlei 41,2022-07-29,16:00:00,201,92,109,FMN GV 22 Boechout
7,Victor Heylenlei 41,2022-07-29,17:00:00,173,50,123,FMN GV 22 Boechout
7,Victor Heylenlei 41,2022-07-29,18:00:00,159,53,106,FMN GV 22 Boechout
7,Victor Heylenlei 41,2022-07-29,19:00:00,210,70,140,FMN GV 22 Boechout
7,Victor Heylenlei 41,2022-07-29,20:00:00,170,58,112,FMN GV 22 Boechout
7,Victor Heylenlei 41,2022-07-29,21:00:00,131,48,83,FMN GV 22 Boechout
7,Victor Heylenlei 41,2022-07-29,22:00:00,93,36,57,FMN GV 22 Boechout
7,Victor Heylenlei 41,2022-07-29,23:00:00,105,67,38,FMN GV 22 Boechout
7,Victor Heylenlei 41,2022-07-30,00:00:00,79,65,14,FMN GV 22 Boechout
7,Victor Heylenlei 41,2022-07-30,01:00:00,83,74,9,FMN GV 22 Boechout
7,Victor Heylenlei 41,2022-07-30,02:00:00,142,126,16,FMN GV 22 Boechout
7,Victor Heylenlei 41,2022-07-30,03:00:00,24,22,2,FMN GV 22 Boechout
7,Victor Heylenlei 41,2022-07-30,04:00:00,5,4,1,FMN GV 22 Boechout
7,Victor Heylenlei 41,2022-07-30,05:00:00,15,12,3,FMN GV 22 Boechout
7,Victor Heylenlei 41,2022-07-30,06:00:00,15,7,8,FMN GV 22 Boechout
7,Victor Heylenlei 41,2022-07-30,07:00:00,11,6,5,FMN GV 22 Boechout
7,Victor Heylenlei 41,2022-07-30,08:00:00,18,7,11,FMN GV 22 Boechout
7,Victor Heylenlei 41,2022-07-30,09:00:00,80,34,46,FMN GV 22 Boechout
7,Victor Heylenlei 41,2022-07-30,10:00:00,79,36,43,FMN GV 22 Boechout
7,Victor Heylenlei 41,2022-07-30,11:00:00,135,61,74,FMN GV 22 Boechout
7,Victor Heylenlei 41,2022-07-30,12:00:00,144,45,99,FMN GV 22 Boechout
7,Victor Heylenlei 41,2022-07-30,13:00:00,163,68,95,FMN GV 22 Boechout
7,Victor Heylenlei 41,2022-07-30,14:00:00,250,83,167,FMN GV 22 Boechout
7,Victor Heylenlei 41,2022-07-30,15:00:00,241,82,159,FMN GV 22 Boechout
7,Victor Heylenlei 41,2022-07-30,16:00:00,248,101,147,FMN GV 22 Boechout
7,Victor Heylenlei 41,2022-07-30,17:00:00,259,118,141,FMN GV 22 Boechout
7,Victor Heylenlei 41,2022-07-30,18:00:00,211,89,122,FMN GV 22 Boechout
7,Victor Heylenlei 41,2022-07-30,19:00:00,173,77,96,FMN GV 22 Boechout
7,Victor Heylenlei 41,2022-07-30,20:00:00,177,71,106,FMN GV 22 Boechout
7,Victor Heylenlei 41,2022-07-30,21:00:00,153,63,90,FMN GV 22 Boechout
7,Victor Heylenlei 41,2022-07-30,22:00:00,153,88,65,FMN GV 22 Boechout
7,Victor Heylenlei 41,2022-07-30,23:00:00,123,80,43,FMN GV 22 Boechout
7,Victor Heylenlei 41,2022-07-31,00:00:00,112,100,12,FMN GV 22 Boechout
7,Victor Heylenlei 41,2022-07-31,01:00:00,145,130,15,FMN GV 22 Boechout
7,Victor Heylenlei 41,2022-07-31,02:00:00,109,107,2,FMN GV 22 Boechout
7,Victor Heylenlei 41,2022-07-31,03:00:00,21,20,1,FMN GV 22 Boechout
7,Victor Heylenlei 41,2022-07-31,04:00:00,30,28,2,FMN GV 22 Boechout
7,Victor Heylenlei 41,2022-07-31,05:00:00,11,9,2,FMN GV 22 Boechout
7,Victor Heylenlei 41,2022-07-31,06:00:00,6,5,1,FMN GV 22 Boechout
7,Victor Heylenlei 41,2022-07-31,07:00:00,14,4,10,FMN GV 22 Boechout
7,Victor Heylenlei 41,2022-07-31,08:00:00,32,10,22,FMN GV 22 Boechout
7,Victor Heylenlei 41,2022-07-31,09:00:00,75,30,45,FMN GV 22 Boechout
7,Victor Heylenlei 41,2022-07-31,10:00:00,124,50,74,FMN GV 22 Boechout
7,Victor Heylenlei 41,2022-07-31,11:00:00,148,70,78,FMN GV 22 Boechout
7,Victor Heylenlei 41,2022-07-31,12:00:00,145,78,67,FMN GV 22 Boechout
7,Victor Heylenlei 41,2022-07-31,13:00:00,186,84,102,FMN GV 22 Boechout
7,Victor Heylenlei 41,2022-07-31,14:00:00,245,82,163,FMN GV 22 Boechout
7,Victor Heylenlei 41,2022-07-31,15:00:00,243,73,170,FMN GV 22 Boechout
7,Victor Heylenlei 41,2022-07-31,16:00:00,232,109,123,FMN GV 22 Boechout
7,Victor Heylenlei 41,2022-07-31,17:00:00,169,86,83,FMN GV 22 Boechout
7,Victor Heylenlei 41,2022-07-31,18:00:00,186,84,102,FMN GV 22 Boechout
7,Victor Heylenlei 41,2022-07-31,19:00:00,137,73,64,FMN GV 22 Boechout
7,Victor Heylenlei 41,2022-07-31,20:00:00,148,99,49,FMN GV 22 Boechout
7,Victor Heylenlei 41,2022-07-31,21:00:00,108,71,37,FMN GV 22 Boechout
7,Victor Heylenlei 41,2022-07-31,22:00:00,126,88,38,FMN GV 22 Boechout
7,Victor Heylenlei 41,2022-07-31,23:00:00,103,95,8,FMN GV 22 Boechout
7,Victor Heylenlei 41,2022-08-01,00:00:00,51,47,4,FMN GV 22 Boechout
7,Victor Heylenlei 41,2022-08-01,01:00:00,23,20,3,FMN GV 22 Boechout
7,Victor Heylenlei 41,2022-08-01,02:00:00,18,18,0,FMN GV 22 Boechout
7,Victor Heylenlei 41,2022-08-01,03:00:00,6,5,1,FMN GV 22 Boechout
7,Victor Heylenlei 41,2022-08-01,04:00:00,12,7,5,FMN GV 22 Boechout
7,Victor Heylenlei 41,2022-08-01,05:00:00,15,10,5,FMN GV 22 Boechout
7,Victor Heylenlei 41,2022-08-01,06:00:00,37,30,7,FMN GV 22 Boechout
7,Victor Heylenlei 41,2022-08-01,07:00:00,84,68,16,FMN GV 22 Boechout
7,Victor Heylenlei 41,2022-08-01,08:00:00,108,76,32,FMN GV 22 Boechout
7,Victor Heylenlei 41,2022-08-01,09:00:00,51,36,15,FMN GV 22 Boechout
7,Victor Heylenlei 41,2022-08-01,10:00:00,40,25,15,FMN GV 22 Boechout
7,Victor Heylenlei 41,2022-08-01,11:00:00,30,17,13,FMN GV 22 Boechout
7,Victor Heylenlei 41,2022-08-01,12:00:00,43,17,26,FMN GV 22 Boechout
7,Victor Heylenlei 41,2022-08-01,13:00:00,88,50,38,FMN GV 22 Boechout
7,Victor Heylenlei 41,2022-08-01,14:00:00,94,45,49,FMN GV 22 Boechout
7,Victor Heylenlei 41,2022-08-01,15:00:00,87,41,46,FMN GV 22 Boechout
7,Victor Heylenlei 41,2022-08-01,16:00:00,183,68,115,FMN GV 22 Boechout
7,Victor Heylenlei 41,2022-08-01,17:00:00,139,40,99,FMN GV 22 Boechout
7,Victor Heylenlei 41,2022-08-01,18:00:00,115,48,67,FMN GV 22 Boechout
7,Victor Heylenlei 41,2022-08-01,19:00:00,92,38,54,FMN GV 22 Boechout
7,Victor Heylenlei 41,2022-08-01,20:00:00,106,61,45,FMN GV 22 Boechout
7,Victor Heylenlei 41,2022-08-01,21:00:00,56,37,19,FMN GV 22 Boechout
7,Victor Heylenlei 41,2022-08-01,22:00:00,29,17,12,FMN GV 22 Boechout
7,Victor Heylenlei 41,2022-08-01,23:00:00,4,3,1,FMN GV 22 Boechout
7,Victor Heylenlei 41,2022-08-02,00:00:00,2,0,2,FMN GV 22 Boechout
7,Victor Heylenlei 41,2022-08-02,01:00:00,6,5,1,FMN GV 22 Boechout
7,Victor Heylenlei 41,2022-08-02,02:00:00,2,0,2,FMN GV 22 Boechout
7,Victor Heylenlei 41,2022-08-02,03:00:00,2,1,1,FMN GV 22 Boechout
7,Victor Heylenlei 41,2022-08-02,04:00:00,5,4,1,FMN GV 22 Boechout
7,Victor Heylenlei 41,2022-08-02,05:00:00,12,6,6,FMN GV 22 Boechout
7,Victor Heylenlei 41,2022-08-02,06:00:00,46,28,18,FMN GV 22 Boechout
7,Victor Heylenlei 41,2022-08-02,07:00:00,115,85,30,FMN GV 22 Boechout
7,Victor Heylenlei 41,2022-08-02,08:00:00,124,91,33,FMN GV 22 Boechout
7,Victor Heylenlei 41,2022-08-02,09:00:00,77,48,29,FMN GV 22 Boechout
7,Victor Heylenlei 41,2022-08-02,10:00:00,71,41,30,FMN GV 22 Boechout
7,Victor Heylenlei 41,2022-08-02,11:00:00,77,43,34,FMN GV 22 Boechout
7,Victor Heylenlei 41,2022-08-02,12:00:00,82,42,40,FMN GV 22 Boechout
7,Victor Heylenlei 41,2022-08-02,13:00:00,100,41,59,FMN GV 22 Boechout
7,Victor Heylenlei 41,2022-08-02,14:00:00,103,44,59,FMN GV 22 Boechout
7,Victor Heylenlei 41,2022-08-02,15:00:00,113,49,64,FMN GV 22 Boechout
7,Victor Heylenlei 41,2022-08-02,16:00:00,172,68,104,FMN GV 22 Boechout
7,Victor Heylenlei 41,2022-08-02,17:00:00,186,73,113,FMN GV 22 Boechout
7,Victor Heylenlei 41,2022-08-02,18:00:00,144,58,86,FMN GV 22 Boechout
7,Victor Heylenlei 41,2022-08-02,19:00:00,131,46,85,FMN GV 22 Boechout
7,Victor Heylenlei 41,2022-08-02,20:00:00,126,67,59,FMN GV 22 Boechout
7,Victor Heylenlei 41,2022-08-02,21:00:00,81,51,30,FMN GV 22 Boechout
7,Victor Heylenlei 41,2022-08-02,22:00:00,48,27,21,FMN GV 22 Boechout
7,Victor Heylenlei 41,2022-08-02,23:00:00,17,8,9,FMN GV 22 Boechout
7,Victor Heylenlei 41,2022-08-03,00:00:00,5,3,2,FMN GV 22 Boechout
7,Victor Heylenlei 41,2022-08-03,01:00:00,3,1,2,FMN GV 22 Boechout
7,Victor Heylenlei 41,2022-08-03,02:00:00,2,1,1,FMN GV 22 Boechout
7,Victor Heylenlei 41,2022-08-03,03:00:00,2,1,1,FMN GV 22 Boechout
7,Victor Heylenlei 41,2022-08-03,04:00:00,6,4,2,FMN GV 22 Boechout
7,Victor Heylenlei 41,2022-08-03,05:00:00,17,7,10,FMN GV 22 Boechout
7,Victor Heylenlei 41,2022-08-03,06:00:00,47,29,18,FMN GV 22 Boechout
7,Victor Heylenlei 41,2022-08-03,07:00:00,100,66,34,FMN GV 22 Boechout
7,Victor Heylenlei 41,2022-08-03,08:00:00,134,94,40,FMN GV 22 Boechout
7,Victor Heylenlei 41,2022-08-03,09:00:00,71,32,39,FMN GV 22 Boechout
7,Victor Heylenlei 41,2022-08-03,10:00:00,75,49,26,FMN GV 22 Boechout
7,Victor Heylenlei 41,2022-08-03,11:00:00,55,34,21,FMN GV 22 Boechout
7,Victor Heylenlei 41,2022-08-03,12:00:00,75,36,39,FMN GV 22 Boechout
7,Victor Heylenlei 41,2022-08-03,13:00:00,64,38,26,FMN GV 22 Boechout
7,Victor Heylenlei 41,2022-08-03,14:00:00,72,26,46,FMN GV 22 Boechout
7,Victor Heylenlei 41,2022-08-03,15:00:00,84,37,47,FMN GV 22 Boechout
7,Victor Heylenlei 41,2022-08-03,16:00:00,114,29,85,FMN GV 22 Boechout
7,Victor Heylenlei 41,2022-08-03,17:00:00,135,34,101,FMN GV 22 Boechout
7,Victor Heylenlei 41,2022-08-03,18:00:00,130,54,76,FMN GV 22 Boechout
7,Victor Heylenlei 41,2022-08-03,19:00:00,124,57,67,FMN GV 22 Boechout
7,Victor Heylenlei 41,2022-08-03,20:00:00,104,57,47,FMN GV 22 Boechout
7,Victor Heylenlei 41,2022-08-03,21:00:00,70,45,25,FMN GV 22 Boechout
7,Victor Heylenlei 41,2022-08-03,22:00:00,38,14,24,FMN GV 22 Boechout
7,Victor Heylenlei 41,2022-08-03,23:00:00,20,7,13,FMN GV 22 Boechout
7,Victor Heylenlei 41,2022-08-04,00:00:00,9,5,4,FMN GV 22 Boechout
7,Victor Heylenlei 41,2022-08-04,01:00:00,4,3,1,FMN GV 22 Boechout
7,Victor Heylenlei 41,2022-08-04,02:00:00,1,0,1,FMN GV 22 Boechout
7,Victor Heylenlei 41,2022-08-04,03:00:00,2,2,0,FMN GV 22 Boechout
7,Victor Heylenlei 41,2022-08-04,04:00:00,5,5,0,FMN GV 22 Boechout
7,Victor Heylenlei 41,2022-08-04,05:00:00,18,11,7,FMN GV 22 Boechout
7,Victor Heylenlei 41,2022-08-04,06:00:00,44,31,13,FMN GV 22 Boechout
7,Victor Heylenlei 41,2022-08-04,07:00:00,97,76,21,FMN GV 22 Boechout
7,Victor Heylenlei 41,2022-08-04,08:00:00,131,92,39,FMN GV 22 Boechout
7,Victor Heylenlei 41,2022-08-04,09:00:00,74,40,34,FMN GV 22 Boechout
7,Victor Heylenlei 41,2022-08-04,10:00:00,75,31,44,FMN GV 22 Boechout
7,Victor Heylenlei 41,2022-08-04,11:00:00,28,22,6,FMN GV 22 Boechout
7,Victor Heylenlei 41,2022-08-04,12:00:00,64,34,30,FMN GV 22 Boechout
7,Victor Heylenlei 41,2022-08-04,13:00:00,77,34,43,FMN GV 22 Boechout
7,Victor Heylenlei 41,2022-08-04,14:00:00,91,40,51,FMN GV 22 Boechout
7,Victor Heylenlei 41,2022-08-04,15:00:00,105,39,66,FMN GV 22 Boechout
7,Victor Heylenlei 41,2022-08-04,16:00:00,123,41,82,FMN GV 22 Boechout
7,Victor Heylenlei 41,2022-08-04,17:00:00,166,52,114,FMN GV 22 Boechout
7,Victor Heylenlei 41,2022-08-04,18:00:00,123,66,57,FMN GV 22 Boechout
7,Victor Heylenlei 41,2022-08-04,19:00:00,82,31,51,FMN GV 22 Boechout
7,Victor Heylenlei 41,2022-08-04,20:00:00,106,68,38,FMN GV 22 Boechout
7,Victor Heylenlei 41,2022-08-04,21:00:00,56,33,23,FMN GV 22 Boechout
7,Victor Heylenlei 41,2022-08-04,22:00:00,18,9,9,FMN GV 22 Boechout
7,Victor Heylenlei 41,2022-08-04,23:00:00,22,10,12,FMN GV 22 Boechout
7,Victor Heylenlei 41,2022-08-05,00:00:00,9,7,2,FMN GV 22 Boechout
7,Victor Heylenlei 41,2022-08-05,01:00:00,4,1,3,FMN GV 22 Boechout
7,Victor Heylenlei 41,2022-08-05,02:00:00,3,2,1,FMN GV 22 Boechout
7,Victor Heylenlei 41,2022-08-05,03:00:00,1,0,1,FMN GV 22 Boechout
7,Victor Heylenlei 41,2022-08-05,04:00:00,3,3,0,FMN GV 22 Boechout
7,Victor Heylenlei 41,2022-08-05,05:00:00,16,8,8,FMN GV 22 Boechout
7,Victor Heylenlei 41,2022-08-05,06:00:00,34,21,13,FMN GV 22 Boechout
7,Victor Heylenlei 41,2022-08-05,07:00:00,63,42,21,FMN GV 22 Boechout
7,Victor Heylenlei 41,2022-08-05,08:00:00,105,78,27,FMN GV 22 Boechout
7,Victor Heylenlei 41,2022-08-05,09:00:00,50,29,21,FMN GV 22 Boechout
7,Victor Heylenlei 41,2022-08-05,10:00:00,42,25,17,FMN GV 22 Boechout
7,Victor Heylenlei 41,2022-08-05,11:00:00,53,33,20,FMN GV 22 Boechout
7,Victor Heylenlei 41,2022-08-05,12:00:00,76,31,45,FMN GV 22 Boechout
7,Victor Heylenlei 41,2022-08-05,13:00:00,79,41,38,FMN GV 22 Boechout
7,Victor Heylenlei 41,2022-08-05,14:00:00,111,50,61,FMN GV 22 Boechout
7,Victor Heylenlei 41,2022-08-05,15:00:00,107,44,63,FMN GV 22 Boechout
7,Victor Heylenlei 41,2022-08-05,16:00:00,166,62,104,FMN GV 22 Boechout
7,Victor Heylenlei 41,2022-08-05,17:00:00,159,68,91,FMN GV 22 Boechout
7,Victor Heylenlei 41,2022-08-05,18:00:00,95,38,57,FMN GV 22 Boechout
7,Victor Heylenlei 41,2022-08-05,19:00:00,58,26,32,FMN GV 22 Boechout
7,Victor Heylenlei 41,2022-08-05,20:00:00,38,22,16,FMN GV 22 Boechout
7,Victor Heylenlei 41,2022-08-05,21:00:00,64,17,47,FMN GV 22 Boechout
7,Victor Heylenlei 41,2022-08-05,22:00:00,12,6,6,FMN GV 22 Boechout
7,Victor Heylenlei 41,2022-08-05,23:00:00,16,6,10,FMN GV 22 Boechout
7,Victor Heylenlei 41,2022-08-06,00:00:00,10,6,4,FMN GV 22 Boechout
7,Victor Heylenlei 41,2022-08-06,01:00:00,9,8,1,FMN GV 22 Boechout
7,Victor Heylenlei 41,2022-08-06,02:00:00,4,4,0,FMN GV 22 Boechout
7,Victor Heylenlei 41,2022-08-06,03:00:00,0,0,0,FMN GV 22 Boechout
7,Victor Heylenlei 41,2022-08-06,04:00:00,3,3,0,FMN GV 22 Boechout
7,Victor Heylenlei 41,2022-08-06,05:00:00,8,2,6,FMN GV 22 Boechout
7,Victor Heylenlei 41,2022-08-06,06:00:00,8,1,7,FMN GV 22 Boechout
7,Victor Heylenlei 41,2022-08-06,07:00:00,12,7,5,FMN GV 22 Boechout
7,Victor Heylenlei 41,2022-08-06,08:00:00,25,7,18,FMN GV 22 Boechout
7,Victor Heylenlei 41,2022-08-06,09:00:00,54,29,25,FMN GV 22 Boechout
7,Victor Heylenlei 41,2022-08-06,10:00:00,102,50,52,FMN GV 22 Boechout
7,Victor Heylenlei 41,2022-08-06,11:00:00,101,58,43,FMN GV 22 Boechout
7,Victor Heylenlei 41,2022-08-06,12:00:00,169,94,75,FMN GV 22 Boechout
7,Victor Heylenlei 41,2022-08-06,13:00:00,129,69,60,FMN GV 22 Boechout
7,Victor Heylenlei 41,2022-08-06,14:00:00,166,78,88,FMN GV 22 Boechout
7,Victor Heylenlei 41,2022-08-06,15:00:00,166,60,106,FMN GV 22 Boechout
7,Victor Heylenlei 41,2022-08-06,16:00:00,170,86,84,FMN GV 22 Boechout
7,Victor Heylenlei 41,2022-08-06,17:00:00,142,81,61,FMN GV 22 Boechout
7,Victor Heylenlei 41,2022-08-06,18:00:00,74,43,31,FMN GV 22 Boechout
7,Victor Heylenlei 41,2022-08-06,19:00:00,52,24,28,FMN GV 22 Boechout
7,Victor Heylenlei 41,2022-08-06,20:00:00,48,26,22,FMN GV 22 Boechout
7,Victor Heylenlei 41,2022-08-06,21:00:00,37,17,20,FMN GV 22 Boechout
7,Victor Heylenlei 41,2022-08-06,22:00:00,24,8,16,FMN GV 22 Boechout
7,Victor Heylenlei 41,2022-08-06,23:00:00,12,5,7,FMN GV 22 Boechout
7,Victor Heylenlei 41,2022-08-07,00:00:00,12,7,5,FMN GV 22 Boechout
7,Victor Heylenlei 41,2022-08-07,01:00:00,18,6,12,FMN GV 22 Boechout
7,Victor Heylenlei 41,2022-08-07,02:00:00,4,1,3,FMN GV 22 Boechout
7,Victor Heylenlei 41,2022-08-07,03:00:00,3,2,1,FMN GV 22 Boechout
7,Victor Heylenlei 41,2022-08-07,04:00:00,1,0,1,FMN GV 22 Boechout
7,Victor Heylenlei 41,2022-08-07,05:00:00,5,3,2,FMN GV 22 Boechout
7,Victor Heylenlei 41,2022-08-07,06:00:00,5,1,4,FMN GV 22 Boechout
7,Victor Heylenlei 41,2022-08-07,07:00:00,13,6,7,FMN GV 22 Boechout
7,Victor Heylenlei 41,2022-08-07,08:00:00,31,8,23,FMN GV 22 Boechout
7,Victor Heylenlei 41,2022-08-07,09:00:00,87,38,49,FMN GV 22 Boechout
7,Victor Heylenlei 41,2022-08-07,10:00:00,121,56,65,FMN GV 22 Boechout
7,Victor Heylenlei 41,2022-08-07,11:00:00,169,97,72,FMN GV 22 Boechout
7,Victor Heylenlei 41,2022-08-07,12:00:00,204,122,82,FMN GV 22 Boechout
7,Victor Heylenlei 41,2022-08-07,13:00:00,139,75,64,FMN GV 22 Boechout
7,Victor Heylenlei 41,2022-08-07,14:00:00,208,92,116,FMN GV 22 Boechout
7,Victor Heylenlei 41,2022-08-07,15:00:00,231,99,132,FMN GV 22 Boechout
7,Victor Heylenlei 41,2022-08-07,16:00:00,206,87,119,FMN GV 22 Boechout
7,Victor Heylenlei 41,2022-08-07,17:00:00,178,100,78,FMN GV 22 Boechout
7,Victor Heylenlei 41,2022-08-07,18:00:00,118,75,43,FMN GV 22 Boechout
7,Victor Heylenlei 41,2022-08-07,19:00:00,76,47,29,FMN GV 22 Boechout
7,Victor Heylenlei 41,2022-08-07,20:00:00,51,26,25,FMN GV 22 Boechout
7,Victor Heylenlei 41,2022-08-07,21:00:00,38,20,18,FMN GV 22 Boechout
7,Victor Heylenlei 41,2022-08-07,22:00:00,17,8,9,FMN GV 22 Boechout
7,Victor Heylenlei 41,2022-08-07,23:00:00,16,6,10,FMN GV 22 Boechout
7,Victor Heylenlei 41,2022-08-08,00:00:00,5,2,3,FMN GV 22 Boechout
7,Victor Heylenlei 41,2022-08-08,01:00:00,0,0,0,FMN GV 22 Boechout
7,Victor Heylenlei 41,2022-08-08,02:00:00,2,1,1,FMN GV 22 Boechout
7,Victor Heylenlei 41,2022-08-08,03:00:00,0,0,0,FMN GV 22 Boechout
7,Victor Heylenlei 41,2022-08-08,04:00:00,6,4,2,FMN GV 22 Boechout
7,Victor Heylenlei 41,2022-08-08,05:00:00,17,7,10,FMN GV 22 Boechout
7,Victor Heylenlei 41,2022-08-08,06:00:00,49,40,9,FMN GV 22 Boechout
7,Victor Heylenlei 41,2022-08-08,07:00:00,108,85,23,FMN GV 22 Boechout
7,Victor Heylenlei 41,2022-08-08,08:00:00,116,82,34,FMN GV 22 Boechout
7,Victor Heylenlei 41,2022-08-08,09:00:00,53,29,24,FMN GV 22 Boechout
7,Victor Heylenlei 41,2022-08-08,10:00:00,96,57,39,FMN GV 22 Boechout
7,Victor Heylenlei 41,2022-08-08,11:00:00,62,36,26,FMN GV 22 Boechout
7,Victor Heylenlei 41,2022-08-08,12:00:00,78,40,38,FMN GV 22 Boechout
7,Victor Heylenlei 41,2022-08-08,13:00:00,76,37,39,FMN GV 22 Boechout
7,Victor Heylenlei 41,2022-08-08,14:00:00,100,48,52,FMN GV 22 Boechout
7,Victor Heylenlei 41,2022-08-08,15:00:00,106,39,67,FMN GV 22 Boechout
7,Victor Heylenlei 41,2022-08-08,16:00:00,139,47,92,FMN GV 22 Boechout
7,Victor Heylenlei 41,2022-08-08,17:00:00,176,48,128,FMN GV 22 Boechout
7,Victor Heylenlei 41,2022-08-08,18:00:00,109,44,65,FMN GV 22 Boechout
7,Victor Heylenlei 41,2022-08-08,19:00:00,103,43,60,FMN GV 22 Boechout
7,Victor Heylenlei 41,2022-08-08,20:00:00,104,60,44,FMN GV 22 Boechout
7,Victor Heylenlei 41,2022-08-08,21:00:00,39,24,15,FMN GV 22 Boechout
7,Victor Heylenlei 41,2022-08-08,22:00:00,21,10,11,FMN GV 22 Boechout
7,Victor Heylenlei 41,2022-08-08,23:00:00,12,3,9,FMN GV 22 Boechout
7,Victor Heylenlei 41,2022-08-09,00:00:00,4,1,3,FMN GV 22 Boechout
7,Victor Heylenlei 41,2022-08-09,01:00:00,5,3,2,FMN GV 22 Boechout
7,Victor Heylenlei 41,2022-08-09,02:00:00,2,1,1,FMN GV 22 Boechout
7,Victor Heylenlei 41,2022-08-09,03:00:00,5,3,2,FMN GV 22 Boechout
7,Victor Heylenlei 41,2022-08-09,04:00:00,9,7,2,FMN GV 22 Boechout
7,Victor Heylenlei 41,2022-08-09,05:00:00,23,12,11,FMN GV 22 Boechout
7,Victor Heylenlei 41,2022-08-09,06:00:00,46,32,14,FMN GV 22 Boechout
7,Victor Heylenlei 41,2022-08-09,07:00:00,126,93,33,FMN GV 22 Boechout
7,Victor Heylenlei 41,2022-08-09,08:00:00,145,107,38,FMN GV 22 Boechout
7,Victor Heylenlei 41,2022-08-09,09:00:00,74,45,29,FMN GV 22 Boechout
7,Victor Heylenlei 41,2022-08-09,10:00:00,61,36,25,FMN GV 22 Boechout
7,Victor Heylenlei 41,2022-08-09,11:00:00,67,34,33,FMN GV 22 Boechout
7,Victor Heylenlei 41,2022-08-09,12:00:00,89,50,39,FMN GV 22 Boechout
7,Victor Heylenlei 41,2022-08-09,13:00:00,95,37,58,FMN GV 22 Boechout
7,Victor Heylenlei 41,2022-08-09,14:00:00,114,56,58,FMN GV 22 Boechout
7,Victor Heylenlei 41,2022-08-09,15:00:00,112,50,62,FMN GV 22 Boechout
7,Victor Heylenlei 41,2022-08-09,16:00:00,160,53,107,FMN GV 22 Boechout
7,Victor Heylenlei 41,2022-08-09,17:00:00,198,64,134,FMN GV 22 Boechout
7,Victor Heylenlei 41,2022-08-09,18:00:00,124,51,73,FMN GV 22 Boechout
7,Victor Heylenlei 41,2022-08-09,19:00:00,151,66,85,FMN GV 22 Boechout
7,Victor Heylenlei 41,2022-08-09,20:00:00,105,67,38,FMN GV 22 Boechout
7,Victor Heylenlei 41,2022-08-09,21:00:00,53,32,21,FMN GV 22 Boechout
7,Victor Heylenlei 41,2022-08-09,22:00:00,38,23,15,FMN GV 22 Boechout
7,Victor Heylenlei 41,2022-08-09,23:00:00,14,8,6,FMN GV 22 Boechout
7,Victor Heylenlei 41,2022-08-10,00:00:00,2,0,2,FMN GV 22 Boechout
7,Victor Heylenlei 41,2022-08-10,01:00:00,3,2,1,FMN GV 22 Boechout
7,Victor Heylenlei 41,2022-08-10,02:00:00,2,2,0,FMN GV 22 Boechout
7,Victor Heylenlei 41,2022-08-10,03:00:00,5,4,1,FMN GV 22 Boechout
7,Victor Heylenlei 41,2022-08-10,04:00:00,6,4,2,FMN GV 22 Boechout
7,Victor Heylenlei 41,2022-08-10,05:00:00,22,9,13,FMN GV 22 Boechout
7,Victor Heylenlei 41,2022-08-10,06:00:00,39,25,14,FMN GV 22 Boechout
7,Victor Heylenlei 41,2022-08-10,07:00:00,117,88,29,FMN GV 22 Boechout
7,Victor Heylenlei 41,2022-08-10,08:00:00,107,78,29,FMN GV 22 Boechout
7,Victor Heylenlei 41,2022-08-10,09:00:00,65,33,32,FMN GV 22 Boechout
7,Victor Heylenlei 41,2022-08-10,10:00:00,87,59,28,FMN GV 22 Boechout
7,Victor Heylenlei 41,2022-08-10,11:00:00,90,45,45,FMN GV 22 Boechout
7,Victor Heylenlei 41,2022-08-10,12:00:00,89,41,48,FMN GV 22 Boechout
7,Victor Heylenlei 41,2022-08-10,13:00:00,97,55,42,FMN GV 22 Boechout
7,Victor Heylenlei 41,2022-08-10,14:00:00,84,33,51,FMN GV 22 Boechout
7,Victor Heylenlei 41,2022-08-10,15:00:00,99,41,58,FMN GV 22 Boechout
7,Victor Heylenlei 41,2022-08-10,16:00:00,100,33,67,FMN GV 22 Boechout
7,Victor Heylenlei 41,2022-08-10,17:00:00,175,49,126,FMN GV 22 Boechout
7,Victor Heylenlei 41,2022-08-10,18:00:00,133,48,85,FMN GV 22 Boechout
7,Victor Heylenlei 41,2022-08-10,19:00:00,180,85,95,FMN GV 22 Boechout
7,Victor Heylenlei 41,2022-08-10,20:00:00,148,88,60,FMN GV 22 Boechout
7,Victor Heylenlei 41,2022-08-10,21:00:00,59,41,18,FMN GV 22 Boechout
7,Victor Heylenlei 41,2022-08-10,22:00:00,66,30,36,FMN GV 22 Boechout
7,Victor Heylenlei 41,2022-08-10,23:00:00,11,9,2,FMN GV 22 Boechout
7,Victor Heylenlei 41,2022-08-11,00:00:00,2,1,1,FMN GV 22 Boechout
7,Victor Heylenlei 41,2022-08-11,01:00:00,4,3,1,FMN GV 22 Boechout
7,Victor Heylenlei 41,2022-08-11,02:00:00,6,3,3,FMN GV 22 Boechout
7,Victor Heylenlei 41,2022-08-11,03:00:00,1,0,1,FMN GV 22 Boechout
7,Victor Heylenlei 41,2022-08-11,04:00:00,5,3,2,FMN GV 22 Boechout
7,Victor Heylenlei 41,2022-08-11,05:00:00,25,12,13,FMN GV 22 Boechout
7,Victor Heylenlei 41,2022-08-11,06:00:00,41,23,18,FMN GV 22 Boechout
7,Victor Heylenlei 41,2022-08-11,07:00:00,126,89,37,FMN GV 22 Boechout
7,Victor Heylenlei 41,2022-08-11,08:00:00,131,83,48,FMN GV 22 Boechout
7,Victor Heylenlei 41,2022-08-11,09:00:00,80,50,30,FMN GV 22 Boechout
7,Victor Heylenlei 41,2022-08-11,10:00:00,51,24,27,FMN GV 22 Boechout
7,Victor Heylenlei 41,2022-08-11,11:00:00,66,33,33,FMN GV 22 Boechout
7,Victor Heylenlei 41,2022-08-11,12:00:00,86,57,29,FMN GV 22 Boechout
7,Victor Heylenlei 41,2022-08-11,13:00:00,72,42,30,FMN GV 22 Boechout
7,Victor Heylenlei 41,2022-08-11,14:00:00,72,32,40,FMN GV 22 Boechout
7,Victor Heylenlei 41,2022-08-11,15:00:00,73,25,48,FMN GV 22 Boechout
7,Victor Heylenlei 41,2022-08-11,16:00:00,120,44,76,FMN GV 22 Boechout
7,Victor Heylenlei 41,2022-08-11,17:00:00,169,61,108,FMN GV 22 Boechout
7,Victor Heylenlei 41,2022-08-11,18:00:00,102,47,55,FMN GV 22 Boechout
7,Victor Heylenlei 41,2022-08-11,19:00:00,95,41,54,FMN GV 22 Boechout
7,Victor Heylenlei 41,2022-08-11,20:00:00,101,69,32,FMN GV 22 Boechout
7,Victor Heylenlei 41,2022-08-11,21:00:00,66,45,21,FMN GV 22 Boechout
7,Victor Heylenlei 41,2022-08-11,22:00:00,42,21,21,FMN GV 22 Boechout
7,Victor Heylenlei 41,2022-08-11,23:00:00,15,10,5,FMN GV 22 Boechout
7,Victor Heylenlei 41,2022-08-12,00:00:00,7,5,2,FMN GV 22 Boechout
7,Victor Heylenlei 41,2022-08-12,01:00:00,7,3,4,FMN GV 22 Boechout
7,Victor Heylenlei 41,2022-08-12,02:00:00,1,1,0,FMN GV 22 Boechout
7,Victor Heylenlei 41,2022-08-12,03:00:00,8,3,5,FMN GV 22 Boechout
7,Victor Heylenlei 41,2022-08-12,04:00:00,9,5,4,FMN GV 22 Boechout
7,Victor Heylenlei 41,2022-08-12,05:00:00,25,11,14,FMN GV 22 Boechout
7,Victor Heylenlei 41,2022-08-12,06:00:00,38,19,19,FMN GV 22 Boechout
7,Victor Heylenlei 41,2022-08-12,07:00:00,95,64,31,FMN GV 22 Boechout
7,Victor Heylenlei 41,2022-08-12,08:00:00,100,62,38,FMN GV 22 Boechout
7,Victor Heylenlei 41,2022-08-12,09:00:00,75,40,35,FMN GV 22 Boechout
7,Victor Heylenlei 41,2022-08-12,10:00:00,80,44,36,FMN GV 22 Boechout
7,Victor Heylenlei 41,2022-08-12,11:00:00,60,28,32,FMN GV 22 Boechout
7,Victor Heylenlei 41,2022-08-12,12:00:00,65,35,30,FMN GV 22 Boechout
7,Victor Heylenlei 41,2022-08-12,13:00:00,66,27,39,FMN GV 22 Boechout
7,Victor Heylenlei 41,2022-08-12,14:00:00,86,35,51,FMN GV 22 Boechout
7,Victor Heylenlei 41,2022-08-12,15:00:00,93,47,46,FMN GV 22 Boechout
7,Victor Heylenlei 41,2022-08-12,16:00:00,100,37,63,FMN GV 22 Boechout
7,Victor Heylenlei 41,2022-08-12,17:00:00,104,38,66,FMN GV 22 Boechout
7,Victor Heylenlei 41,2022-08-12,18:00:00,101,35,66,FMN GV 22 Boechout
7,Victor Heylenlei 41,2022-08-12,19:00:00,61,38,23,FMN GV 22 Boechout
7,Victor Heylenlei 41,2022-08-12,20:00:00,86,44,42,FMN GV 22 Boechout
7,Victor Heylenlei 41,2022-08-12,21:00:00,46,31,15,FMN GV 22 Boechout
7,Victor Heylenlei 41,2022-08-12,22:00:00,37,12,25,FMN GV 22 Boechout
7,Victor Heylenlei 41,2022-08-12,23:00:00,12,2,10,FMN GV 22 Boechout
7,Victor Heylenlei 41,2022-08-13,00:00:00,11,6,5,FMN GV 22 Boechout
7,Victor Heylenlei 41,2022-08-13,01:00:00,13,3,10,FMN GV 22 Boechout
7,Victor Heylenlei 41,2022-08-13,02:00:00,13,8,5,FMN GV 22 Boechout
7,Victor Heylenlei 41,2022-08-13,03:00:00,1,1,0,FMN GV 22 Boechout
7,Victor Heylenlei 41,2022-08-13,04:00:00,4,2,2,FMN GV 22 Boechout
7,Victor Heylenlei 41,2022-08-13,05:00:00,5,2,3,FMN GV 22 Boechout
7,Victor Heylenlei 41,2022-08-13,06:00:00,13,3,10,FMN GV 22 Boechout
7,Victor Heylenlei 41,2022-08-13,07:00:00,23,11,12,FMN GV 22 Boechout
7,Victor Heylenlei 41,2022-08-13,08:00:00,46,15,31,FMN GV 22 Boechout
7,Victor Heylenlei 41,2022-08-13,09:00:00,103,44,59,FMN GV 22 Boechout
7,Victor Heylenlei 41,2022-08-13,10:00:00,109,52,57,FMN GV 22 Boechout
7,Victor Heylenlei 41,2022-08-13,11:00:00,110,70,40,FMN GV 22 Boechout
7,Victor Heylenlei 41,2022-08-13,12:00:00,70,50,20,FMN GV 22 Boechout
7,Victor Heylenlei 41,2022-08-13,13:00:00,76,40,36,FMN GV 22 Boechout
7,Victor Heylenlei 41,2022-08-13,14:00:00,113,57,56,FMN GV 22 Boechout
7,Victor Heylenlei 41,2022-08-13,15:00:00,76,46,30,FMN GV 22 Boechout
7,Victor Heylenlei 41,2022-08-13,16:00:00,59,16,43,FMN GV 22 Boechout
7,Victor Heylenlei 41,2022-08-13,17:00:00,66,30,36,FMN GV 22 Boechout
7,Victor Heylenlei 41,2022-08-13,18:00:00,54,24,30,FMN GV 22 Boechout
7,Victor Heylenlei 41,2022-08-13,19:00:00,61,31,30,FMN GV 22 Boechout
7,Victor Heylenlei 41,2022-08-13,20:00:00,71,38,33,FMN GV 22 Boechout
7,Victor Heylenlei 41,2022-08-13,21:00:00,46,24,22,FMN GV 22 Boechout
7,Victor Heylenlei 41,2022-08-13,22:00:00,35,12,23,FMN GV 22 Boechout
7,Victor Heylenlei 41,2022-08-13,23:00:00,55,27,28,FMN GV 22 Boechout
7,Victor Heylenlei 41,2022-08-14,00:00:00,15,9,6,FMN GV 22 Boechout
7,Victor Heylenlei 41,2022-08-14,01:00:00,12,7,5,FMN GV 22 Boechout
7,Victor Heylenlei 41,2022-08-14,02:00:00,10,6,4,FMN GV 22 Boechout
7,Victor Heylenlei 41,2022-08-14,03:00:00,6,2,4,FMN GV 22 Boechout
7,Victor Heylenlei 41,2022-08-14,04:00:00,4,3,1,FMN GV 22 Boechout
7,Victor Heylenlei 41,2022-08-14,05:00:00,4,3,1,FMN GV 22 Boechout
7,Victor Heylenlei 41,2022-08-14,06:00:00,8,1,7,FMN GV 22 Boechout
7,Victor Heylenlei 41,2022-08-14,07:00:00,20,8,12,FMN GV 22 Boechout
7,Victor Heylenlei 41,2022-08-14,08:00:00,57,22,35,FMN GV 22 Boechout
7,Victor Heylenlei 41,2022-08-14,09:00:00,125,63,62,FMN GV 22 Boechout
7,Victor Heylenlei 41,2022-08-14,10:00:00,155,72,83,FMN GV 22 Boechout
7,Victor Heylenlei 41,2022-08-14,11:00:00,120,74,46,FMN GV 22 Boechout
7,Victor Heylenlei 41,2022-08-14,12:00:00,117,71,46,FMN GV 22 Boechout
7,Victor Heylenlei 41,2022-08-14,13:00:00,75,39,36,FMN GV 22 Boechout
7,Victor Heylenlei 41,2022-08-14,14:00:00,69,39,30,FMN GV 22 Boechout
7,Victor Heylenlei 41,2022-08-14,15:00:00,77,40,37,FMN GV 22 Boechout
7,Victor Heylenlei 41,2022-08-14,16:00:00,55,34,21,FMN GV 22 Boechout
7,Victor Heylenlei 41,2022-08-14,17:00:00,55,28,27,FMN GV 22 Boechout
7,Victor Heylenlei 41,2022-08-14,18:00:00,62,39,23,FMN GV 22 Boechout
7,Victor Heylenlei 41,2022-08-14,19:00:00,55,21,34,FMN GV 22 Boechout
7,Victor Heylenlei 41,2022-08-14,20:00:00,77,48,29,FMN GV 22 Boechout
7,Victor Heylenlei 41,2022-08-14,21:00:00,51,28,23,FMN GV 22 Boechout
7,Victor Heylenlei 41,2022-08-14,22:00:00,44,17,27,FMN GV 22 Boechout
7,Victor Heylenlei 41,2022-08-14,23:00:00,14,9,5,FMN GV 22 Boechout
7,Victor Heylenlei 41,2022-08-15,00:00:00,13,5,8,FMN GV 22 Boechout
7,Victor Heylenlei 41,2022-08-15,01:00:00,6,1,5,FMN GV 22 Boechout
7,Victor Heylenlei 41,2022-08-15,02:00:00,7,7,0,FMN GV 22 Boechout
7,Victor Heylenlei 41,2022-08-15,03:00:00,1,0,1,FMN GV 22 Boechout
7,Victor Heylenlei 41,2022-08-15,04:00:00,7,6,1,FMN GV 22 Boechout
7,Victor Heylenlei 41,2022-08-15,05:00:00,0,0,0,FMN GV 22 Boechout
7,Victor Heylenlei 41,2022-08-15,06:00:00,3,1,2,FMN GV 22 Boechout
7,Victor Heylenlei 41,2022-08-15,07:00:00,14,2,12,FMN GV 22 Boechout
7,Victor Heylenlei 41,2022-08-15,08:00:00,21,11,10,FMN GV 22 Boechout
7,Victor Heylenlei 41,2022-08-15,09:00:00,50,21,29,FMN GV 22 Boechout
7,Victor Heylenlei 41,2022-08-15,10:00:00,90,45,45,FMN GV 22 Boechout
7,Victor Heylenlei 41,2022-08-15,11:00:00,105,57,48,FMN GV 22 Boechout
7,Victor Heylenlei 41,2022-08-15,12:00:00,94,52,42,FMN GV 22 Boechout
7,Victor Heylenlei 41,2022-08-15,13:00:00,93,51,42,FMN GV 22 Boechout
7,Victor Heylenlei 41,2022-08-15,14:00:00,119,58,61,FMN GV 22 Boechout
7,Victor Heylenlei 41,2022-08-15,15:00:00,131,59,72,FMN GV 22 Boechout
7,Victor Heylenlei 41,2022-08-15,16:00:00,107,57,50,FMN GV 22 Boechout
7,Victor Heylenlei 41,2022-08-15,17:00:00,79,36,43,FMN GV 22 Boechout
7,Victor Heylenlei 41,2022-08-15,18:00:00,52,27,25,FMN GV 22 Boechout
7,Victor Heylenlei 41,2022-08-15,19:00:00,42,20,22,FMN GV 22 Boechout
7,Victor Heylenlei 41,2022-08-15,20:00:00,65,40,25,FMN GV 22 Boechout
7,Victor Heylenlei 41,2022-08-15,21:00:00,52,33,19,FMN GV 22 Boechout
7,Victor Heylenlei 41,2022-08-15,22:00:00,18,10,8,FMN GV 22 Boechout
7,Victor Heylenlei 41,2022-08-15,23:00:00,4,2,2,FMN GV 22 Boechout
7,Victor Heylenlei 41,2022-08-16,00:00:00,8,1,7,FMN GV 22 Boechout
7,Victor Heylenlei 41,2022-08-16,01:00:00,2,1,1,FMN GV 22 Boechout
7,Victor Heylenlei 41,2022-08-16,02:00:00,0,0,0,FMN GV 22 Boechout
7,Victor Heylenlei 41,2022-08-16,03:00:00,2,1,1,FMN GV 22 Boechout
7,Victor Heylenlei 41,2022-08-16,04:00:00,5,3,2,FMN GV 22 Boechout
7,Victor Heylenlei 41,2022-08-16,05:00:00,18,9,9,FMN GV 22 Boechout
7,Victor Heylenlei 41,2022-08-16,06:00:00,38,28,10,FMN GV 22 Boechout
7,Victor Heylenlei 41,2022-08-16,07:00:00,115,86,29,FMN GV 22 Boechout
7,Victor Heylenlei 41,2022-08-16,08:00:00,129,91,38,FMN GV 22 Boechout
7,Victor Heylenlei 41,2022-08-16,09:00:00,77,51,26,FMN GV 22 Boechout
7,Victor Heylenlei 41,2022-08-16,10:00:00,48,25,23,FMN GV 22 Boechout
7,Victor Heylenlei 41,2022-08-16,11:00:00,86,45,41,FMN GV 22 Boechout
7,Victor Heylenlei 41,2022-08-16,12:00:00,99,50,49,FMN GV 22 Boechout
7,Victor Heylenlei 41,2022-08-16,13:00:00,119,56,63,FMN GV 22 Boechout
7,Victor Heylenlei 41,2022-08-16,14:00:00,111,48,63,FMN GV 22 Boechout
7,Victor Heylenlei 41,2022-08-16,15:00:00,87,36,51,FMN GV 22 Boechout
7,Victor Heylenlei 41,2022-08-16,16:00:00,148,53,95,FMN GV 22 Boechout
7,Victor Heylenlei 41,2022-08-16,17:00:00,179,71,108,FMN GV 22 Boechout
7,Victor Heylenlei 41,2022-08-16,18:00:00,132,34,98,FMN GV 22 Boechout
7,Victor Heylenlei 41,2022-08-16,19:00:00,95,37,58,FMN GV 22 Boechout
7,Victor Heylenlei 41,2022-08-16,20:00:00,101,57,44,FMN GV 22 Boechout
7,Victor Heylenlei 41,2022-08-16,21:00:00,51,33,18,FMN GV 22 Boechout
7,Victor Heylenlei 41,2022-08-16,22:00:00,44,25,19,FMN GV 22 Boechout
7,Victor Heylenlei 41,2022-08-16,23:00:00,13,6,7,FMN GV 22 Boechout
7,Victor Heylenlei 41,2022-08-17,00:00:00,2,2,0,FMN GV 22 Boechout
7,Victor Heylenlei 41,2022-08-17,01:00:00,4,2,2,FMN GV 22 Boechout
7,Victor Heylenlei 41,2022-08-17,02:00:00,2,1,1,FMN GV 22 Boechout
7,Victor Heylenlei 41,2022-08-17,03:00:00,0,0,0,FMN GV 22 Boechout
7,Victor Heylenlei 41,2022-08-17,04:00:00,6,4,2,FMN GV 22 Boechout
7,Victor Heylenlei 41,2022-08-17,05:00:00,15,7,8,FMN GV 22 Boechout
7,Victor Heylenlei 41,2022-08-17,06:00:00,34,27,7,FMN GV 22 Boechout
7,Victor Heylenlei 41,2022-08-17,07:00:00,92,70,22,FMN GV 22 Boechout
7,Victor Heylenlei 41,2022-08-17,08:00:00,72,51,21,FMN GV 22 Boechout
7,Victor Heylenlei 41,2022-08-17,09:00:00,40,23,17,FMN GV 22 Boechout
7,Victor Heylenlei 41,2022-08-17,10:00:00,26,11,15,FMN GV 22 Boechout
7,Victor Heylenlei 41,2022-08-17,11:00:00,20,15,5,FMN GV 22 Boechout
7,Victor Heylenlei 41,2022-08-17,12:00:00,31,12,19,FMN GV 22 Boechout
7,Victor Heylenlei 41,2022-08-17,13:00:00,36,17,19,FMN GV 22 Boechout
7,Victor Heylenlei 41,2022-08-17,14:00:00,32,20,12,FMN GV 22 Boechout
7,Victor Heylenlei 41,2022-08-17,15:00:00,44,15,29,FMN GV 22 Boechout
7,Victor Heylenlei 41,2022-08-17,16:00:00,80,30,50,FMN GV 22 Boechout
7,Victor Heylenlei 41,2022-08-17,17:00:00,95,38,57,FMN GV 22 Boechout
7,Victor Heylenlei 41,2022-08-17,18:00:00,72,30,42,FMN GV 22 Boechout
7,Victor Heylenlei 41,2022-08-17,19:00:00,64,29,35,FMN GV 22 Boechout
7,Victor Heylenlei 41,2022-08-17,20:00:00,66,33,33,FMN GV 22 Boechout
7,Victor Heylenlei 41,2022-08-17,21:00:00,38,24,14,FMN GV 22 Boechout
7,Victor Heylenlei 41,2022-08-17,22:00:00,23,7,16,FMN GV 22 Boechout
7,Victor Heylenlei 41,2022-08-17,23:00:00,17,7,10,FMN GV 22 Boechout
7,Victor Heylenlei 41,2022-08-18,00:00:00,15,6,9,FMN GV 22 Boechout
7,Victor Heylenlei 41,2022-08-18,01:00:00,2,0,2,FMN GV 22 Boechout
7,Victor Heylenlei 41,2022-08-18,02:00:00,0,0,0,FMN GV 22 Boechout
7,Victor Heylenlei 41,2022-08-18,03:00:00,3,2,1,FMN GV 22 Boechout
7,Victor Heylenlei 41,2022-08-18,04:00:00,4,2,2,FMN GV 22 Boechout
7,Victor Heylenlei 41,2022-08-18,05:00:00,13,6,7,FMN GV 22 Boechout
7,Victor Heylenlei 41,2022-08-18,06:00:00,42,31,11,FMN GV 22 Boechout
7,Victor Heylenlei 41,2022-08-18,07:00:00,118,92,26,FMN GV 22 Boechout
7,Victor Heylenlei 41,2022-08-18,08:00:00,110,85,25,FMN GV 22 Boechout
7,Victor Heylenlei 41,2022-08-18,09:00:00,50,32,18,FMN GV 22 Boechout
7,Victor Heylenlei 41,2022-08-18,10:00:00,62,29,33,FMN GV 22 Boechout
7,Victor Heylenlei 41,2022-08-18,11:00:00,67,47,20,FMN GV 22 Boechout
7,Victor Heylenlei 41,2022-08-18,12:00:00,84,58,26,FMN GV 22 Boechout
7,Victor Heylenlei 41,2022-08-18,13:00:00,87,40,47,FMN GV 22 Boechout
7,Victor Heylenlei 41,2022-08-18,14:00:00,125,72,53,FMN GV 22 Boechout
7,Victor Heylenlei 41,2022-08-18,15:00:00,365,156,209,FMN GV 22 Boechout
7,Victor Heylenlei 41,2022-08-18,16:00:00,236,104,132,FMN GV 22 Boechout
7,Victor Heylenlei 41,2022-08-18,17:00:00,174,52,122,FMN GV 22 Boechout
7,Victor Heylenlei 41,2022-08-18,18:00:00,150,62,88,FMN GV 22 Boechout
7,Victor Heylenlei 41,2022-08-18,19:00:00,123,62,61,FMN GV 22 Boechout
7,Victor Heylenlei 41,2022-08-18,20:00:00,122,79,43,FMN GV 22 Boechout
7,Victor Heylenlei 41,2022-08-18,21:00:00,48,26,22,FMN GV 22 Boechout
7,Victor Heylenlei 41,2022-08-18,22:00:00,33,18,15,FMN GV 22 Boechout
7,Victor Heylenlei 41,2022-08-18,23:00:00,206,100,106,FMN GV 22 Boechout
7,Victor Heylenlei 41,2022-08-19,00:00:00,12,4,8,FMN GV 22 Boechout
7,Victor Heylenlei 41,2022-08-19,01:00:00,5,1,4,FMN GV 22 Boechout
7,Victor Heylenlei 41,2022-08-19,02:00:00,6,5,1,FMN GV 22 Boechout
7,Victor Heylenlei 41,2022-08-19,03:00:00,3,3,0,FMN GV 22 Boechout
7,Victor Heylenlei 41,2022-08-19,04:00:00,4,4,0,FMN GV 22 Boechout
7,Victor Heylenlei 41,2022-08-19,05:00:00,14,8,6,FMN GV 22 Boechout
7,Victor Heylenlei 41,2022-08-19,06:00:00,19,12,7,FMN GV 22 Boechout
7,Victor Heylenlei 41,2022-08-19,07:00:00,66,50,16,FMN GV 22 Boechout
7,Victor Heylenlei 41,2022-08-19,08:00:00,101,76,25,FMN GV 22 Boechout
7,Victor Heylenlei 41,2022-08-19,09:00:00,52,32,20,FMN GV 22 Boechout
7,Victor Heylenlei 41,2022-08-19,10:00:00,36,24,12,FMN GV 22 Boechout
7,Victor Heylenlei 41,2022-08-19,11:00:00,56,29,27,FMN GV 22 Boechout
7,Victor Heylenlei 41,2022-08-19,12:00:00,49,29,20,FMN GV 22 Boechout
7,Victor Heylenlei 41,2022-08-19,13:00:00,53,26,27,FMN GV 22 Boechout
7,Victor Heylenlei 41,2022-08-19,14:00:00,50,25,25,FMN GV 22 Boechout
7,Victor Heylenlei 41,2022-08-19,15:00:00,66,26,40,FMN GV 22 Boechout
7,Victor Heylenlei 41,2022-08-19,16:00:00,100,27,73,FMN GV 22 Boechout
7,Victor Heylenlei 41,2022-08-19,17:00:00,69,29,40,FMN GV 22 Boechout
7,Victor Heylenlei 41,2022-08-19,18:00:00,64,28,36,FMN GV 22 Boechout
7,Victor Heylenlei 41,2022-08-19,19:00:00,25,17,8,FMN GV 22 Boechout
7,Victor Heylenlei 41,2022-08-19,20:00:00,27,13,14,FMN GV 22 Boechout
7,Victor Heylenlei 41,2022-08-19,21:00:00,28,12,16,FMN GV 22 Boechout
7,Victor Heylenlei 41,2022-08-19,22:00:00,11,1,10,FMN GV 22 Boechout
7,Victor Heylenlei 41,2022-08-19,23:00:00,8,5,3,FMN GV 22 Boechout
7,Victor Heylenlei 41,2022-08-20,00:00:00,5,1,4,FMN GV 22 Boechout
7,Victor Heylenlei 41,2022-08-20,01:00:00,5,5,0,FMN GV 22 Boechout
7,Victor Heylenlei 41,2022-08-20,02:00:00,4,3,1,FMN GV 22 Boechout
7,Victor Heylenlei 41,2022-08-20,03:00:00,2,2,0,FMN GV 22 Boechout
7,Victor Heylenlei 41,2022-08-20,04:00:00,1,0,1,FMN GV 22 Boechout
7,Victor Heylenlei 41,2022-08-20,05:00:00,9,5,4,FMN GV 22 Boechout
7,Victor Heylenlei 41,2022-08-20,06:00:00,8,7,1,FMN GV 22 Boechout
7,Victor Heylenlei 41,2022-08-20,07:00:00,11,5,6,FMN GV 22 Boechout
7,Victor Heylenlei 41,2022-08-20,08:00:00,32,11,21,FMN GV 22 Boechout
7,Victor Heylenlei 41,2022-08-20,09:00:00,55,20,35,FMN GV 22 Boechout
7,Victor Heylenlei 41,2022-08-20,10:00:00,145,84,61,FMN GV 22 Boechout
7,Victor Heylenlei 41,2022-08-20,11:00:00,155,91,64,FMN GV 22 Boechout
7,Victor Heylenlei 41,2022-08-20,12:00:00,149,89,60,FMN GV 22 Boechout
7,Victor Heylenlei 41,2022-08-20,13:00:00,144,82,62,FMN GV 22 Boechout
7,Victor Heylenlei 41,2022-08-20,14:00:00,182,80,102,FMN GV 22 Boechout
7,Victor Heylenlei 41,2022-08-20,15:00:00,147,75,72,FMN GV 22 Boechout
7,Victor Heylenlei 41,2022-08-20,16:00:00,166,85,81,FMN GV 22 Boechout
7,Victor Heylenlei 41,2022-08-20,17:00:00,84,45,39,FMN GV 22 Boechout
7,Victor Heylenlei 41,2022-08-20,18:00:00,83,54,29,FMN GV 22 Boechout
7,Victor Heylenlei 41,2022-08-20,19:00:00,61,34,27,FMN GV 22 Boechout
7,Victor Heylenlei 41,2022-08-20,20:00:00,59,40,19,FMN GV 22 Boechout
7,Victor Heylenlei 41,2022-08-20,21:00:00,29,16,13,FMN GV 22 Boechout
7,Victor Heylenlei 41,2022-08-20,22:00:00,21,9,12,FMN GV 22 Boechout
7,Victor Heylenlei 41,2022-08-20,23:00:00,33,5,28,FMN GV 22 Boechout
7,Victor Heylenlei 41,2022-08-21,00:00:00,10,8,2,FMN GV 22 Boechout
7,Victor Heylenlei 41,2022-08-21,01:00:00,9,4,5,FMN GV 22 Boechout
7,Victor Heylenlei 41,2022-08-21,02:00:00,3,2,1,FMN GV 22 Boechout
7,Victor Heylenlei 41,2022-08-21,03:00:00,6,4,2,FMN GV 22 Boechout
7,Victor Heylenlei 41,2022-08-21,04:00:00,0,0,0,FMN GV 22 Boechout
7,Victor Heylenlei 41,2022-08-21,05:00:00,4,3,1,FMN GV 22 Boechout
7,Victor Heylenlei 41,2022-08-21,06:00:00,2,1,1,FMN GV 22 Boechout
7,Victor Heylenlei 41,2022-08-21,07:00:00,7,1,6,FMN GV 22 Boechout
7,Victor Heylenlei 41,2022-08-21,08:00:00,34,18,16,FMN GV 22 Boechout
7,Victor Heylenlei 41,2022-08-21,09:00:00,110,51,59,FMN GV 22 Boechout
7,Victor Heylenlei 41,2022-08-21,10:00:00,141,80,61,FMN GV 22 Boechout
7,Victor Heylenlei 41,2022-08-21,11:00:00,175,109,66,FMN GV 22 Boechout
7,Victor Heylenlei 41,2022-08-21,12:00:00,182,129,53,FMN GV 22 Boechout
7,Victor Heylenlei 41,2022-08-21,13:00:00,252,136,116,FMN GV 22 Boechout
7,Victor Heylenlei 41,2022-08-21,14:00:00,242,124,118,FMN GV 22 Boechout
7,Victor Heylenlei 41,2022-08-21,15:00:00,180,110,70,FMN GV 22 Boechout
7,Victor Heylenlei 41,2022-08-21,16:00:00,136,57,79,FMN GV 22 Boechout
7,Victor Heylenlei 41,2022-08-21,17:00:00,165,82,83,FMN GV 22 Boechout
7,Victor Heylenlei 41,2022-08-21,18:00:00,97,59,38,FMN GV 22 Boechout
7,Victor Heylenlei 41,2022-08-21,19:00:00,69,36,33,FMN GV 22 Boechout
7,Victor Heylenlei 41,2022-08-21,20:00:00,50,30,20,FMN GV 22 Boechout
7,Victor Heylenlei 41,2022-08-21,21:00:00,24,10,14,FMN GV 22 Boechout
7,Victor Heylenlei 41,2022-08-21,22:00:00,19,9,10,FMN GV 22 Boechout
7,Victor Heylenlei 41,2022-08-21,23:00:00,10,3,7,FMN GV 22 Boechout
7,Victor Heylenlei 41,2022-08-22,00:00:00,3,1,2,FMN GV 22 Boechout
7,Victor Heylenlei 41,2022-08-22,01:00:00,4,0,4,FMN GV 22 Boechout
7,Victor Heylenlei 41,2022-08-22,02:00:00,0,0,0,FMN GV 22 Boechout
7,Victor Heylenlei 41,2022-08-22,03:00:00,4,2,2,FMN GV 22 Boechout
7,Victor Heylenlei 41,2022-08-22,04:00:00,3,3,0,FMN GV 22 Boechout
7,Victor Heylenlei 41,2022-08-22,05:00:00,15,6,9,FMN GV 22 Boechout
7,Victor Heylenlei 41,2022-08-22,06:00:00,35,27,8,FMN GV 22 Boechout
7,Victor Heylenlei 41,2022-08-22,07:00:00,126,97,29,FMN GV 22 Boechout
7,Victor Heylenlei 41,2022-08-22,08:00:00,127,88,39,FMN GV 22 Boechout
7,Victor Heylenlei 41,2022-08-22,09:00:00,52,36,16,FMN GV 22 Boechout
7,Victor Heylenlei 41,2022-08-22,10:00:00,37,22,15,FMN GV 22 Boechout
7,Victor Heylenlei 41,2022-08-22,11:00:00,47,27,20,FMN GV 22 Boechout
7,Victor Heylenlei 41,2022-08-22,12:00:00,75,37,38,FMN GV 22 Boechout
7,Victor Heylenlei 41,2022-08-22,13:00:00,100,50,50,FMN GV 22 Boechout
7,Victor Heylenlei 41,2022-08-22,14:00:00,109,50,59,FMN GV 22 Boechout
7,Victor Heylenlei 41,2022-08-22,15:00:00,114,41,73,FMN GV 22 Boechout
7,Victor Heylenlei 41,2022-08-22,16:00:00,168,69,99,FMN GV 22 Boechout
7,Victor Heylenlei 41,2022-08-22,17:00:00,191,67,124,FMN GV 22 Boechout
7,Victor Heylenlei 41,2022-08-22,18:00:00,113,57,56,FMN GV 22 Boechout
7,Victor Heylenlei 41,2022-08-22,19:00:00,97,53,44,FMN GV 22 Boechout
7,Victor Heylenlei 41,2022-08-22,20:00:00,100,58,42,FMN GV 22 Boechout
7,Victor Heylenlei 41,2022-08-22,21:00:00,28,15,13,FMN GV 22 Boechout
7,Victor Heylenlei 41,2022-08-22,22:00:00,21,11,10,FMN GV 22 Boechout
7,Victor Heylenlei 41,2022-08-22,23:00:00,25,9,16,FMN GV 22 Boechout
7,Victor Heylenlei 41,2022-08-23,00:00:00,8,1,7,FMN GV 22 Boechout
7,Victor Heylenlei 41,2022-08-23,01:00:00,6,1,5,FMN GV 22 Boechout
7,Victor Heylenlei 41,2022-08-23,02:00:00,2,0,2,FMN GV 22 Boechout
7,Victor Heylenlei 41,2022-08-23,03:00:00,2,2,0,FMN GV 22 Boechout
7,Victor Heylenlei 41,2022-08-23,04:00:00,5,3,2,FMN GV 22 Boechout
7,Victor Heylenlei 41,2022-08-23,05:00:00,25,16,9,FMN GV 22 Boechout
7,Victor Heylenlei 41,2022-08-23,06:00:00,43,34,9,FMN GV 22 Boechout
7,Victor Heylenlei 41,2022-08-23,07:00:00,137,101,36,FMN GV 22 Boechout
7,Victor Heylenlei 41,2022-08-23,08:00:00,181,131,50,FMN GV 22 Boechout
7,Victor Heylenlei 41,2022-08-23,09:00:00,78,44,34,FMN GV 22 Boechout
7,Victor Heylenlei 41,2022-08-23,10:00:00,78,47,31,FMN GV 22 Boechout
7,Victor Heylenlei 41,2022-08-23,11:00:00,77,52,25,FMN GV 22 Boechout
7,Victor Heylenlei 41,2022-08-23,12:00:00,73,41,32,FMN GV 22 Boechout
7,Victor Heylenlei 41,2022-08-23,13:00:00,79,38,41,FMN GV 22 Boechout
7,Victor Heylenlei 41,2022-08-23,14:00:00,122,69,53,FMN GV 22 Boechout
7,Victor Heylenlei 41,2022-08-23,15:00:00,157,70,87,FMN GV 22 Boechout
7,Victor Heylenlei 41,2022-08-23,16:00:00,183,52,131,FMN GV 22 Boechout
7,Victor Heylenlei 41,2022-08-23,17:00:00,206,63,143,FMN GV 22 Boechout
7,Victor Heylenlei 41,2022-08-23,18:00:00,129,54,75,FMN GV 22 Boechout
7,Victor Heylenlei 41,2022-08-23,19:00:00,161,66,95,FMN GV 22 Boechout
7,Victor Heylenlei 41,2022-08-23,20:00:00,125,90,35,FMN GV 22 Boechout
7,Victor Heylenlei 41,2022-08-23,21:00:00,38,29,9,FMN GV 22 Boechout
7,Victor Heylenlei 41,2022-08-23,22:00:00,25,14,11,FMN GV 22 Boechout
7,Victor Heylenlei 41,2022-08-23,23:00:00,10,4,6,FMN GV 22 Boechout
7,Victor Heylenlei 41,2022-08-24,00:00:00,26,10,16,FMN GV 22 Boechout
7,Victor Heylenlei 41,2022-08-24,01:00:00,1,0,1,FMN GV 22 Boechout
7,Victor Heylenlei 41,2022-08-24,02:00:00,1,1,0,FMN GV 22 Boechout
7,Victor Heylenlei 41,2022-08-24,03:00:00,3,3,0,FMN GV 22 Boechout
7,Victor Heylenlei 41,2022-08-24,04:00:00,6,4,2,FMN GV 22 Boechout
7,Victor Heylenlei 41,2022-08-24,05:00:00,21,11,10,FMN GV 22 Boechout
7,Victor Heylenlei 41,2022-08-24,06:00:00,45,36,9,FMN GV 22 Boechout
7,Victor Heylenlei 41,2022-08-24,07:00:00,130,94,36,FMN GV 22 Boechout
7,Victor Heylenlei 41,2022-08-24,08:00:00,152,106,46,FMN GV 22 Boechout
7,Victor Heylenlei 41,2022-08-24,09:00:00,77,47,30,FMN GV 22 Boechout
7,Victor Heylenlei 41,2022-08-24,10:00:00,71,35,36,FMN GV 22 Boechout
7,Victor Heylenlei 41,2022-08-24,11:00:00,53,32,21,FMN GV 22 Boechout
7,Victor Heylenlei 41,2022-08-24,12:00:00,81,39,42,FMN GV 22 Boechout
7,Victor Heylenlei 41,2022-08-24,13:00:00,83,37,46,FMN GV 22 Boechout
7,Victor Heylenlei 41,2022-08-24,14:00:00,120,55,65,FMN GV 22 Boechout
7,Victor Heylenlei 41,2022-08-24,15:00:00,117,55,62,FMN GV 22 Boechout
7,Victor Heylenlei 41,2022-08-24,16:00:00,166,54,112,FMN GV 22 Boechout
7,Victor Heylenlei 41,2022-08-24,17:00:00,174,64,110,FMN GV 22 Boechout
7,Victor Heylenlei 41,2022-08-24,18:00:00,160,69,91,FMN GV 22 Boechout
7,Victor Heylenlei 41,2022-08-24,19:00:00,158,69,89,FMN GV 22 Boechout
7,Victor Heylenlei 41,2022-08-24,20:00:00,132,80,52,FMN GV 22 Boechout
7,Victor Heylenlei 41,2022-08-24,21:00:00,58,39,19,FMN GV 22 Boechout
7,Victor Heylenlei 41,2022-08-24,22:00:00,32,12,20,FMN GV 22 Boechout
7,Victor Heylenlei 41,2022-08-24,23:00:00,21,10,11,FMN GV 22 Boechout
7,Victor Heylenlei 41,2022-08-25,00:00:00,9,5,4,FMN GV 22 Boechout
7,Victor Heylenlei 41,2022-08-25,01:00:00,5,0,5,FMN GV 22 Boechout
7,Victor Heylenlei 41,2022-08-25,02:00:00,1,0,1,FMN GV 22 Boechout
7,Victor Heylenlei 41,2022-08-25,03:00:00,4,3,1,FMN GV 22 Boechout
7,Victor Heylenlei 41,2022-08-25,04:00:00,5,3,2,FMN GV 22 Boechout
7,Victor Heylenlei 41,2022-08-25,05:00:00,26,17,9,FMN GV 22 Boechout
7,Victor Heylenlei 41,2022-08-25,06:00:00,32,23,9,FMN GV 22 Boechout
7,Victor Heylenlei 41,2022-08-25,07:00:00,147,113,34,FMN GV 22 Boechout
7,Victor Heylenlei 41,2022-08-25,08:00:00,170,123,47,FMN GV 22 Boechout
7,Victor Heylenlei 41,2022-08-25,09:00:00,119,71,48,FMN GV 22 Boechout
7,Victor Heylenlei 41,2022-08-25,10:00:00,80,55,25,FMN GV 22 Boechout
7,Victor Heylenlei 41,2022-08-25,11:00:00,74,41,33,FMN GV 22 Boechout
7,Victor Heylenlei 41,2022-08-25,12:00:00,89,58,31,FMN GV 22 Boechout
7,Victor Heylenlei 41,2022-08-25,13:00:00,92,53,39,FMN GV 22 Boechout
7,Victor Heylenlei 41,2022-08-25,14:00:00,74,27,47,FMN GV 22 Boechout
7,Victor Heylenlei 41,2022-08-25,15:00:00,91,33,58,FMN GV 22 Boechout
7,Victor Heylenlei 41,2022-08-25,16:00:00,161,45,116,FMN GV 22 Boechout
7,Victor Heylenlei 41,2022-08-25,17:00:00,188,63,125,FMN GV 22 Boechout
7,Victor Heylenlei 41,2022-08-25,18:00:00,152,55,97,FMN GV 22 Boechout
7,Victor Heylenlei 41,2022-08-25,19:00:00,119,64,55,FMN GV 22 Boechout
7,Victor Heylenlei 41,2022-08-25,20:00:00,133,88,45,FMN GV 22 Boechout
7,Victor Heylenlei 41,2022-08-25,21:00:00,89,58,31,FMN GV 22 Boechout
7,Victor Heylenlei 41,2022-08-25,22:00:00,29,14,15,FMN GV 22 Boechout
7,Victor Heylenlei 41,2022-08-25,23:00:00,29,8,21,FMN GV 22 Boechout
7,Victor Heylenlei 41,2022-08-26,00:00:00,11,7,4,FMN GV 22 Boechout
7,Victor Heylenlei 41,2022-08-26,01:00:00,9,3,6,FMN GV 22 Boechout
7,Victor Heylenlei 41,2022-08-26,02:00:00,1,0,1,FMN GV 22 Boechout
7,Victor Heylenlei 41,2022-08-26,03:00:00,1,1,0,FMN GV 22 Boechout
7,Victor Heylenlei 41,2022-08-26,04:00:00,9,7,2,FMN GV 22 Boechout
7,Victor Heylenlei 41,2022-08-26,05:00:00,17,11,6,FMN GV 22 Boechout
7,Victor Heylenlei 41,2022-08-26,06:00:00,33,28,5,FMN GV 22 Boechout
7,Victor Heylenlei 41,2022-08-26,07:00:00,90,69,21,FMN GV 22 Boechout
7,Victor Heylenlei 41,2022-08-26,08:00:00,122,92,30,FMN GV 22 Boechout
7,Victor Heylenlei 41,2022-08-26,09:00:00,59,34,25,FMN GV 22 Boechout
7,Victor Heylenlei 41,2022-08-26,10:00:00,68,38,30,FMN GV 22 Boechout
7,Victor Heylenlei 41,2022-08-26,11:00:00,55,35,20,FMN GV 22 Boechout
7,Victor Heylenlei 41,2022-08-26,12:00:00,55,25,30,FMN GV 22 Boechout
7,Victor Heylenlei 41,2022-08-26,13:00:00,50,19,31,FMN GV 22 Boechout
7,Victor Heylenlei 41,2022-08-26,14:00:00,86,40,46,FMN GV 22 Boechout
7,Victor Heylenlei 41,2022-08-26,15:00:00,91,31,60,FMN GV 22 Boechout
7,Victor Heylenlei 41,2022-08-26,16:00:00,140,48,92,FMN GV 22 Boechout
7,Victor Heylenlei 41,2022-08-26,17:00:00,121,46,75,FMN GV 22 Boechout
7,Victor Heylenlei 41,2022-08-26,18:00:00,89,37,52,FMN GV 22 Boechout
7,Victor Heylenlei 41,2022-08-26,19:00:00,64,28,36,FMN GV 22 Boechout
7,Victor Heylenlei 41,2022-08-26,20:00:00,242,125,117,FMN GV 22 Boechout
7,Victor Heylenlei 41,2022-08-26,21:00:00,41,22,19,FMN GV 22 Boechout
7,Victor Heylenlei 41,2022-08-26,22:00:00,18,10,8,FMN GV 22 Boechout
7,Victor Heylenlei 41,2022-08-26,23:00:00,27,7,20,FMN GV 22 Boechout
7,Victor Heylenlei 41,2022-08-27,00:00:00,12,3,9,FMN GV 22 Boechout
7,Victor Heylenlei 41,2022-08-27,01:00:00,5,1,4,FMN GV 22 Boechout
7,Victor Heylenlei 41,2022-08-27,02:00:00,4,2,2,FMN GV 22 Boechout
7,Victor Heylenlei 41,2022-08-27,03:00:00,6,4,2,FMN GV 22 Boechout
7,Victor Heylenlei 41,2022-08-27,04:00:00,6,4,2,FMN GV 22 Boechout
7,Victor Heylenlei 41,2022-08-27,05:00:00,5,3,2,FMN GV 22 Boechout
7,Victor Heylenlei 41,2022-08-27,06:00:00,8,4,4,FMN GV 22 Boechout
7,Victor Heylenlei 41,2022-08-27,07:00:00,10,6,4,FMN GV 22 Boechout
7,Victor Heylenlei 41,2022-08-27,08:00:00,24,16,8,FMN GV 22 Boechout
7,Victor Heylenlei 41,2022-08-27,09:00:00,116,37,79,FMN GV 22 Boechout
7,Victor Heylenlei 41,2022-08-27,10:00:00,93,49,44,FMN GV 22 Boechout
7,Victor Heylenlei 41,2022-08-27,11:00:00,144,72,72,FMN GV 22 Boechout
7,Victor Heylenlei 41,2022-08-27,12:00:00,156,88,68,FMN GV 22 Boechout
7,Victor Heylenlei 41,2022-08-27,13:00:00,118,64,54,FMN GV 22 Boechout
7,Victor Heylenlei 41,2022-08-27,14:00:00,177,75,102,FMN GV 22 Boechout
7,Victor Heylenlei 41,2022-08-27,15:00:00,172,79,93,FMN GV 22 Boechout
7,Victor Heylenlei 41,2022-08-27,16:00:00,100,53,47,FMN GV 22 Boechout
7,Victor Heylenlei 41,2022-08-27,17:00:00,97,49,48,FMN GV 22 Boechout
7,Victor Heylenlei 41,2022-08-27,18:00:00,81,43,38,FMN GV 22 Boechout
7,Victor Heylenlei 41,2022-08-27,19:00:00,67,41,26,FMN GV 22 Boechout
7,Victor Heylenlei 41,2022-08-27,20:00:00,59,39,20,FMN GV 22 Boechout
7,Victor Heylenlei 41,2022-08-27,21:00:00,55,24,31,FMN GV 22 Boechout
7,Victor Heylenlei 41,2022-08-27,22:00:00,24,12,12,FMN GV 22 Boechout
7,Victor Heylenlei 41,2022-08-27,23:00:00,20,7,13,FMN GV 22 Boechout
7,Victor Heylenlei 41,2022-08-28,00:00:00,19,15,4,FMN GV 22 Boechout
7,Victor Heylenlei 41,2022-08-28,01:00:00,12,2,10,FMN GV 22 Boechout
7,Victor Heylenlei 41,2022-08-28,02:00:00,12,8,4,FMN GV 22 Boechout
7,Victor Heylenlei 41,2022-08-28,03:00:00,7,3,4,FMN GV 22 Boechout
7,Victor Heylenlei 41,2022-08-28,04:00:00,1,1,0,FMN GV 22 Boechout
7,Victor Heylenlei 41,2022-08-28,05:00:00,7,3,4,FMN GV 22 Boechout
7,Victor Heylenlei 41,2022-08-28,06:00:00,7,4,3,FMN GV 22 Boechout
7,Victor Heylenlei 41,2022-08-28,07:00:00,11,7,4,FMN GV 22 Boechout
7,Victor Heylenlei 41,2022-08-28,08:00:00,33,13,20,FMN GV 22 Boechout
7,Victor Heylenlei 41,2022-08-28,09:00:00,83,31,52,FMN GV 22 Boechout
7,Victor Heylenlei 41,2022-08-28,10:00:00,121,63,58,FMN GV 22 Boechout
7,Victor Heylenlei 41,2022-08-28,11:00:00,133,68,65,FMN GV 22 Boechout
7,Victor Heylenlei 41,2022-08-28,12:00:00,157,99,58,FMN GV 22 Boechout
7,Victor Heylenlei 41,2022-08-28,13:00:00,187,107,80,FMN GV 22 Boechout
7,Victor Heylenlei 41,2022-08-28,14:00:00,169,94,75,FMN GV 22 Boechout
7,Victor Heylenlei 41,2022-08-28,15:00:00,172,80,92,FMN GV 22 Boechout
7,Victor Heylenlei 41,2022-08-28,16:00:00,163,71,92,FMN GV 22 Boechout
7,Victor Heylenlei 41,2022-08-28,17:00:00,145,68,77,FMN GV 22 Boechout
7,Victor Heylenlei 41,2022-08-28,18:00:00,101,48,53,FMN GV 22 Boechout
7,Victor Heylenlei 41,2022-08-28,19:00:00,86,35,51,FMN GV 22 Boechout
7,Victor Heylenlei 41,2022-08-28,20:00:00,49,24,25,FMN GV 22 Boechout
7,Victor Heylenlei 41,2022-08-28,21:00:00,27,14,13,FMN GV 22 Boechout
7,Victor Heylenlei 41,2022-08-28,22:00:00,18,10,8,FMN GV 22 Boechout
7,Victor Heylenlei 41,2022-08-28,23:00:00,9,3,6,FMN GV 22 Boechout
7,Victor Heylenlei 41,2022-08-29,00:00:00,3,2,1,FMN GV 22 Boechout
7,Victor Heylenlei 41,2022-08-29,01:00:00,2,2,0,FMN GV 22 Boechout
7,Victor Heylenlei 41,2022-08-29,02:00:00,0,0,0,FMN GV 22 Boechout
7,Victor Heylenlei 41,2022-08-29,03:00:00,2,2,0,FMN GV 22 Boechout
7,Victor Heylenlei 41,2022-08-29,04:00:00,7,4,3,FMN GV 22 Boechout
7,Victor Heylenlei 41,2022-08-29,05:00:00,15,7,8,FMN GV 22 Boechout
7,Victor Heylenlei 41,2022-08-29,06:00:00,44,36,8,FMN GV 22 Boechout
7,Victor Heylenlei 41,2022-08-29,07:00:00,132,95,37,FMN GV 22 Boechout
7,Victor Heylenlei 41,2022-08-29,08:00:00,187,152,35,FMN GV 22 Boechout
7,Victor Heylenlei 41,2022-08-29,09:00:00,69,43,26,FMN GV 22 Boechout
7,Victor Heylenlei 41,2022-08-29,10:00:00,61,35,26,FMN GV 22 Boechout
7,Victor Heylenlei 41,2022-08-29,11:00:00,53,28,25,FMN GV 22 Boechout
7,Victor Heylenlei 41,2022-08-29,12:00:00,78,38,40,FMN GV 22 Boechout
7,Victor Heylenlei 41,2022-08-29,13:00:00,94,44,50,FMN GV 22 Boechout
7,Victor Heylenlei 41,2022-08-29,14:00:00,126,68,58,FMN GV 22 Boechout
7,Victor Heylenlei 41,2022-08-29,15:00:00,127,55,72,FMN GV 22 Boechout
7,Victor Heylenlei 41,2022-08-29,16:00:00,158,45,113,FMN GV 22 Boechout
7,Victor Heylenlei 41,2022-08-29,17:00:00,198,48,150,FMN GV 22 Boechout
7,Victor Heylenlei 41,2022-08-29,18:00:00,220,57,163,FMN GV 22 Boechout
7,Victor Heylenlei 41,2022-08-29,19:00:00,97,36,61,FMN GV 22 Boechout
7,Victor Heylenlei 41,2022-08-29,20:00:00,125,89,36,FMN GV 22 Boechout
7,Victor Heylenlei 41,2022-08-29,21:00:00,78,61,17,FMN GV 22 Boechout
7,Victor Heylenlei 41,2022-08-29,22:00:00,23,7,16,FMN GV 22 Boechout
7,Victor Heylenlei 41,2022-08-29,23:00:00,11,4,7,FMN GV 22 Boechout
7,Victor Heylenlei 41,2022-08-30,00:00:00,4,2,2,FMN GV 22 Boechout
7,Victor Heylenlei 41,2022-08-30,01:00:00,2,1,1,FMN GV 22 Boechout
7,Victor Heylenlei 41,2022-08-30,02:00:00,3,3,0,FMN GV 22 Boechout
7,Victor Heylenlei 41,2022-08-30,03:00:00,4,4,0,FMN GV 22 Boechout
7,Victor Heylenlei 41,2022-08-30,04:00:00,9,7,2,FMN GV 22 Boechout
7,Victor Heylenlei 41,2022-08-30,05:00:00,16,8,8,FMN GV 22 Boechout
7,Victor Heylenlei 41,2022-08-30,06:00:00,52,41,11,FMN GV 22 Boechout
7,Victor Heylenlei 41,2022-08-30,07:00:00,139,105,34,FMN GV 22 Boechout
7,Victor Heylenlei 41,2022-08-30,08:00:00,187,150,37,FMN GV 22 Boechout
7,Victor Heylenlei 41,2022-08-30,09:00:00,72,49,23,FMN GV 22 Boechout
7,Victor Heylenlei 41,2022-08-30,10:00:00,55,33,22,FMN GV 22 Boechout
7,Victor Heylenlei 41,2022-08-30,11:00:00,66,42,24,FMN GV 22 Boechout
7,Victor Heylenlei 41,2022-08-30,12:00:00,111,62,49,FMN GV 22 Boechout
7,Victor Heylenlei 41,2022-08-30,13:00:00,117,48,69,FMN GV 22 Boechout
7,Victor Heylenlei 41,2022-08-30,14:00:00,124,55,69,FMN GV 22 Boechout
7,Victor Heylenlei 41,2022-08-30,15:00:00,119,41,78,FMN GV 22 Boechout
7,Victor Heylenlei 41,2022-08-30,16:00:00,182,69,113,FMN GV 22 Boechout
7,Victor Heylenlei 41,2022-08-30,17:00:00,238,82,156,FMN GV 22 Boechout
7,Victor Heylenlei 41,2022-08-30,18:00:00,166,64,102,FMN GV 22 Boechout
7,Victor Heylenlei 41,2022-08-30,19:00:00,132,64,68,FMN GV 22 Boechout
7,Victor Heylenlei 41,2022-08-30,20:00:00,93,50,43,FMN GV 22 Boechout
7,Victor Heylenlei 41,2022-08-30,21:00:00,46,24,22,FMN GV 22 Boechout
7,Victor Heylenlei 41,2022-08-30,22:00:00,30,13,17,FMN GV 22 Boechout
7,Victor Heylenlei 41,2022-08-30,23:00:00,23,6,17,FMN GV 22 Boechout
7,Victor Heylenlei 41,2022-08-31,00:00:00,5,4,1,FMN GV 22 Boechout
7,Victor Heylenlei 41,2022-08-31,01:00:00,6,2,4,FMN GV 22 Boechout
7,Victor Heylenlei 41,2022-08-31,02:00:00,5,2,3,FMN GV 22 Boechout
7,Victor Heylenlei 41,2022-08-31,03:00:00,2,2,0,FMN GV 22 Boechout
7,Victor Heylenlei 41,2022-08-31,04:00:00,9,8,1,FMN GV 22 Boechout
7,Victor Heylenlei 41,2022-08-31,05:00:00,17,9,8,FMN GV 22 Boechout
7,Victor Heylenlei 41,2022-08-31,06:00:00,47,35,12,FMN GV 22 Boechout
7,Victor Heylenlei 41,2022-08-31,07:00:00,114,78,36,FMN GV 22 Boechout
7,Victor Heylenlei 41,2022-08-31,08:00:00,152,121,31,FMN GV 22 Boechout
7,Victor Heylenlei 41,2022-08-31,09:00:00,68,41,27,FMN GV 22 Boechout
7,Victor Heylenlei 41,2022-08-31,10:00:00,84,55,29,FMN GV 22 Boechout
7,Victor Heylenlei 41,2022-08-31,11:00:00,93,50,43,FMN GV 22 Boechout
7,Victor Heylenlei 41,2022-08-31,12:00:00,100,46,54,FMN GV 22 Boechout
7,Victor Heylenlei 41,2022-08-31,13:00:00,146,78,68,FMN GV 22 Boechout
7,Victor Heylenlei 41,2022-08-31,14:00:00,178,81,97,FMN GV 22 Boechout
7,Victor Heylenlei 41,2022-08-31,15:00:00,191,84,107,FMN GV 22 Boechout
7,Victor Heylenlei 41,2022-08-31,16:00:00,196,91,105,FMN GV 22 Boechout
7,Victor Heylenlei 41,2022-08-31,17:00:00,223,90,133,FMN GV 22 Boechout
7,Victor Heylenlei 41,2022-08-31,18:00:00,166,67,99,FMN GV 22 Boechout
7,Victor Heylenlei 41,2022-08-31,19:00:00,175,101,74,FMN GV 22 Boechout
7,Victor Heylenlei 41,2022-08-31,20:00:00,102,66,36,FMN GV 22 Boechout
7,Victor Heylenlei 41,2022-08-31,21:00:00,45,21,24,FMN GV 22 Boechout
7,Victor Heylenlei 41,2022-08-31,22:00:00,23,12,11,FMN GV 22 Boechout
7,Victor Heylenlei 41,2022-08-31,23:00:00,15,5,10,FMN GV 22 Boechout
7,Victor Heylenlei 41,2022-09-01,00:00:00,16,3,13,FMN GV 22 Boechout
7,Victor Heylenlei 41,2022-09-01,01:00:00,9,2,7,FMN GV 22 Boechout
7,Victor Heylenlei 41,2022-09-01,02:00:00,4,0,4,FMN GV 22 Boechout
7,Victor Heylenlei 41,2022-09-01,03:00:00,5,2,3,FMN GV 22 Boechout
7,Victor Heylenlei 41,2022-09-01,04:00:00,6,4,2,FMN GV 22 Boechout
7,Victor Heylenlei 41,2022-09-01,05:00:00,16,9,7,FMN GV 22 Boechout
7,Victor Heylenlei 41,2022-09-01,06:00:00,63,48,15,FMN GV 22 Boechout
7,Victor Heylenlei 41,2022-09-01,07:00:00,175,136,39,FMN GV 22 Boechout
7,Victor Heylenlei 41,2022-09-01,08:00:00,338,170,168,FMN GV 22 Boechout
7,Victor Heylenlei 41,2022-09-01,09:00:00,100,58,42,FMN GV 22 Boechout
7,Victor Heylenlei 41,2022-09-01,10:00:00,69,28,41,FMN GV 22 Boechout
7,Victor Heylenlei 41,2022-09-01,11:00:00,66,32,34,FMN GV 22 Boechout
7,Victor Heylenlei 41,2022-09-01,12:00:00,244,194,50,FMN GV 22 Boechout
7,Victor Heylenlei 41,2022-09-01,13:00:00,108,51,57,FMN GV 22 Boechout
7,Victor Heylenlei 41,2022-09-01,14:00:00,140,62,78,FMN GV 22 Boechout
7,Victor Heylenlei 41,2022-09-01,15:00:00,160,63,97,FMN GV 22 Boechout
7,Victor Heylenlei 41,2022-09-01,16:00:00,231,70,161,FMN GV 22 Boechout
7,Victor Heylenlei 41,2022-09-01,17:00:00,248,68,180,FMN GV 22 Boechout
7,Victor Heylenlei 41,2022-09-01,18:00:00,151,45,106,FMN GV 22 Boechout
7,Victor Heylenlei 41,2022-09-01,19:00:00,111,66,45,FMN GV 22 Boechout
7,Victor Heylenlei 41,2022-09-01,20:00:00,142,109,33,FMN GV 22 Boechout
7,Victor Heylenlei 41,2022-09-01,21:00:00,42,32,10,FMN GV 22 Boechout
7,Victor Heylenlei 41,2022-09-01,22:00:00,33,13,20,FMN GV 22 Boechout
7,Victor Heylenlei 41,2022-09-01,23:00:00,17,5,12,FMN GV 22 Boechout
7,Victor Heylenlei 41,2022-09-02,00:00:00,7,4,3,FMN GV 22 Boechout
7,Victor Heylenlei 41,2022-09-02,01:00:00,5,2,3,FMN GV 22 Boechout
7,Victor Heylenlei 41,2022-09-02,02:00:00,0,0,0,FMN GV 22 Boechout
7,Victor Heylenlei 41,2022-09-02,03:00:00,4,4,0,FMN GV 22 Boechout
7,Victor Heylenlei 41,2022-09-02,04:00:00,10,7,3,FMN GV 22 Boechout
7,Victor Heylenlei 41,2022-09-02,05:00:00,21,11,10,FMN GV 22 Boechout
7,Victor Heylenlei 41,2022-09-02,06:00:00,50,39,11,FMN GV 22 Boechout
7,Victor Heylenlei 41,2022-09-02,07:00:00,179,125,54,FMN GV 22 Boechout
7,Victor Heylenlei 41,2022-09-02,08:00:00,274,123,151,FMN GV 22 Boechout
7,Victor Heylenlei 41,2022-09-02,09:00:00,63,39,24,FMN GV 22 Boechout
7,Victor Heylenlei 41,2022-09-02,10:00:00,60,22,38,FMN GV 22 Boechout
7,Victor Heylenlei 41,2022-09-02,11:00:00,89,51,38,FMN GV 22 Boechout
7,Victor Heylenlei 41,2022-09-02,12:00:00,87,42,45,FMN GV 22 Boechout
7,Victor Heylenlei 41,2022-09-02,13:00:00,88,38,50,FMN GV 22 Boechout
7,Victor Heylenlei 41,2022-09-02,14:00:00,120,49,71,FMN GV 22 Boechout
7,Victor Heylenlei 41,2022-09-02,15:00:00,136,61,75,FMN GV 22 Boechout
7,Victor Heylenlei 41,2022-09-02,16:00:00,359,210,149,FMN GV 22 Boechout
7,Victor Heylenlei 41,2022-09-02,17:00:00,175,62,113,FMN GV 22 Boechout
7,Victor Heylenlei 41,2022-09-02,18:00:00,143,71,72,FMN GV 22 Boechout
7,Victor Heylenlei 41,2022-09-02,19:00:00,90,61,29,FMN GV 22 Boechout
7,Victor Heylenlei 41,2022-09-02,20:00:00,61,31,30,FMN GV 22 Boechout
7,Victor Heylenlei 41,2022-09-02,21:00:00,21,6,15,FMN GV 22 Boechout
7,Victor Heylenlei 41,2022-09-02,22:00:00,32,9,23,FMN GV 22 Boechout
7,Victor Heylenlei 41,2022-09-02,23:00:00,31,6,25,FMN GV 22 Boechout
7,Victor Heylenlei 41,2022-09-03,00:00:00,18,8,10,FMN GV 22 Boechout
7,Victor Heylenlei 41,2022-09-03,01:00:00,7,4,3,FMN GV 22 Boechout
7,Victor Heylenlei 41,2022-09-03,02:00:00,3,0,3,FMN GV 22 Boechout
7,Victor Heylenlei 41,2022-09-03,03:00:00,7,4,3,FMN GV 22 Boechout
7,Victor Heylenlei 41,2022-09-03,04:00:00,7,6,1,FMN GV 22 Boechout
7,Victor Heylenlei 41,2022-09-03,05:00:00,3,1,2,FMN GV 22 Boechout
7,Victor Heylenlei 41,2022-09-03,06:00:00,4,1,3,FMN GV 22 Boechout
7,Victor Heylenlei 41,2022-09-03,07:00:00,11,6,5,FMN GV 22 Boechout
7,Victor Heylenlei 41,2022-09-03,08:00:00,30,8,22,FMN GV 22 Boechout
7,Victor Heylenlei 41,2022-09-03,09:00:00,67,27,40,FMN GV 22 Boechout
7,Victor Heylenlei 41,2022-09-03,10:00:00,190,100,90,FMN GV 22 Boechout
7,Victor Heylenlei 41,2022-09-03,11:00:00,98,55,43,FMN GV 22 Boechout
7,Victor Heylenlei 41,2022-09-03,12:00:00,120,61,59,FMN GV 22 Boechout
7,Victor Heylenlei 41,2022-09-03,13:00:00,78,48,30,FMN GV 22 Boechout
7,Victor Heylenlei 41,2022-09-03,14:00:00,151,60,91,FMN GV 22 Boechout
7,Victor Heylenlei 41,2022-09-03,15:00:00,128,69,59,FMN GV 22 Boechout
7,Victor Heylenlei 41,2022-09-03,16:00:00,102,41,61,FMN GV 22 Boechout
7,Victor Heylenlei 41,2022-09-03,17:00:00,103,62,41,FMN GV 22 Boechout
7,Victor Heylenlei 41,2022-09-03,18:00:00,62,35,27,FMN GV 22 Boechout
7,Victor Heylenlei 41,2022-09-03,19:00:00,41,21,20,FMN GV 22 Boechout
7,Victor Heylenlei 41,2022-09-03,20:00:00,38,29,9,FMN GV 22 Boechout
7,Victor Heylenlei 41,2022-09-03,21:00:00,25,19,6,FMN GV 22 Boechout
7,Victor Heylenlei 41,2022-09-03,22:00:00,23,12,11,FMN GV 22 Boechout
7,Victor Heylenlei 41,2022-09-03,23:00:00,4,2,2,FMN GV 22 Boechout
7,Victor Heylenlei 41,2022-09-04,00:00:00,32,8,24,FMN GV 22 Boechout
7,Victor Heylenlei 41,2022-09-04,01:00:00,6,3,3,FMN GV 22 Boechout
7,Victor Heylenlei 41,2022-09-04,02:00:00,19,8,11,FMN GV 22 Boechout
7,Victor Heylenlei 41,2022-09-04,03:00:00,8,8,0,FMN GV 22 Boechout
7,Victor Heylenlei 41,2022-09-04,04:00:00,4,1,3,FMN GV 22 Boechout
7,Victor Heylenlei 41,2022-09-04,05:00:00,7,6,1,FMN GV 22 Boechout
7,Victor Heylenlei 41,2022-09-04,06:00:00,8,4,4,FMN GV 22 Boechout
7,Victor Heylenlei 41,2022-09-04,07:00:00,8,1,7,FMN GV 22 Boechout
7,Victor Heylenlei 41,2022-09-04,08:00:00,54,13,41,FMN GV 22 Boechout
7,Victor Heylenlei 41,2022-09-04,09:00:00,109,40,69,FMN GV 22 Boechout
7,Victor Heylenlei 41,2022-09-04,10:00:00,170,64,106,FMN GV 22 Boechout
7,Victor Heylenlei 41,2022-09-04,11:00:00,207,112,95,FMN GV 22 Boechout
7,Victor Heylenlei 41,2022-09-04,12:00:00,215,125,90,FMN GV 22 Boechout
7,Victor Heylenlei 41,2022-09-04,13:00:00,201,100,101,FMN GV 22 Boechout
7,Victor Heylenlei 41,2022-09-04,14:00:00,260,125,135,FMN GV 22 Boechout
7,Victor Heylenlei 41,2022-09-04,15:00:00,203,104,99,FMN GV 22 Boechout
7,Victor Heylenlei 41,2022-09-04,16:00:00,191,90,101,FMN GV 22 Boechout
7,Victor Heylenlei 41,2022-09-04,17:00:00,119,70,49,FMN GV 22 Boechout
7,Victor Heylenlei 41,2022-09-04,18:00:00,109,61,48,FMN GV 22 Boechout
7,Victor Heylenlei 41,2022-09-04,19:00:00,76,41,35,FMN GV 22 Boechout
7,Victor Heylenlei 41,2022-09-04,20:00:00,61,32,29,FMN GV 22 Boechout
7,Victor Heylenlei 41,2022-09-04,21:00:00,19,14,5,FMN GV 22 Boechout
7,Victor Heylenlei 41,2022-09-04,22:00:00,20,8,12,FMN GV 22 Boechout
7,Victor Heylenlei 41,2022-09-04,23:00:00,11,4,7,FMN GV 22 Boechout
7,Victor Heylenlei 41,2022-09-05,00:00:00,2,0,2,FMN GV 22 Boechout
7,Victor Heylenlei 41,2022-09-05,01:00:00,0,0,0,FMN GV 22 Boechout
7,Victor Heylenlei 41,2022-09-05,02:00:00,1,0,1,FMN GV 22 Boechout
7,Victor Heylenlei 41,2022-09-05,03:00:00,1,1,0,FMN GV 22 Boechout
7,Victor Heylenlei 41,2022-09-05,04:00:00,6,3,3,FMN GV 22 Boechout
7,Victor Heylenlei 41,2022-09-05,05:00:00,27,18,9,FMN GV 22 Boechout
7,Victor Heylenlei 41,2022-09-05,06:00:00,59,48,11,FMN GV 22 Boechout
7,Victor Heylenlei 41,2022-09-05,07:00:00,210,154,56,FMN GV 22 Boechout
7,Victor Heylenlei 41,2022-09-05,08:00:00,330,153,177,FMN GV 22 Boechout
7,Victor Heylenlei 41,2022-09-05,09:00:00,82,52,30,FMN GV 22 Boechout
7,Victor Heylenlei 41,2022-09-05,10:00:00,48,20,28,FMN GV 22 Boechout
7,Victor Heylenlei 41,2022-09-05,11:00:00,77,45,32,FMN GV 22 Boechout
7,Victor Heylenlei 41,2022-09-05,12:00:00,72,44,28,FMN GV 22 Boechout
7,Victor Heylenlei 41,2022-09-05,13:00:00,78,36,42,FMN GV 22 Boechout
7,Victor Heylenlei 41,2022-09-05,14:00:00,127,55,72,FMN GV 22 Boechout
7,Victor Heylenlei 41,2022-09-05,15:00:00,104,36,68,FMN GV 22 Boechout
7,Victor Heylenlei 41,2022-09-05,16:00:00,352,200,152,FMN GV 22 Boechout
7,Victor Heylenlei 41,2022-09-05,17:00:00,231,63,168,FMN GV 22 Boechout
7,Victor Heylenlei 41,2022-09-05,18:00:00,85,29,56,FMN GV 22 Boechout
7,Victor Heylenlei 41,2022-09-05,19:00:00,65,29,36,FMN GV 22 Boechout
7,Victor Heylenlei 41,2022-09-05,20:00:00,42,22,20,FMN GV 22 Boechout
7,Victor Heylenlei 41,2022-09-05,21:00:00,9,3,6,FMN GV 22 Boechout
7,Victor Heylenlei 41,2022-09-05,22:00:00,22,11,11,FMN GV 22 Boechout
7,Victor Heylenlei 41,2022-09-05,23:00:00,10,0,10,FMN GV 22 Boechout
7,Victor Heylenlei 41,2022-09-06,00:00:00,2,1,1,FMN GV 22 Boechout
7,Victor Heylenlei 41,2022-09-06,01:00:00,0,0,0,FMN GV 22 Boechout
7,Victor Heylenlei 41,2022-09-06,02:00:00,1,1,0,FMN GV 22 Boechout
7,Victor Heylenlei 41,2022-09-06,03:00:00,2,1,1,FMN GV 22 Boechout
7,Victor Heylenlei 41,2022-09-06,04:00:00,7,6,1,FMN GV 22 Boechout
7,Victor Heylenlei 41,2022-09-06,05:00:00,23,15,8,FMN GV 22 Boechout
7,Victor Heylenlei 41,2022-09-06,06:00:00,51,40,11,FMN GV 22 Boechout
7,Victor Heylenlei 41,2022-09-06,07:00:00,224,162,62,FMN GV 22 Boechout
7,Victor Heylenlei 41,2022-09-06,08:00:00,322,166,156,FMN GV 22 Boechout
7,Victor Heylenlei 41,2022-09-06,09:00:00,69,49,20,FMN GV 22 Boechout
7,Victor Heylenlei 41,2022-09-06,10:00:00,35,25,10,FMN GV 22 Boechout
7,Victor Heylenlei 41,2022-09-06,11:00:00,47,27,20,FMN GV 22 Boechout
7,Victor Heylenlei 41,2022-09-06,12:00:00,82,36,46,FMN GV 22 Boechout
7,Victor Heylenlei 41,2022-09-06,13:00:00,101,43,58,FMN GV 22 Boechout
7,Victor Heylenlei 41,2022-09-06,14:00:00,141,70,71,FMN GV 22 Boechout
7,Victor Heylenlei 41,2022-09-06,15:00:00,132,55,77,FMN GV 22 Boechout
7,Victor Heylenlei 41,2022-09-06,16:00:00,385,211,174,FMN GV 22 Boechout
7,Victor Heylenlei 41,2022-09-06,17:00:00,217,59,158,FMN GV 22 Boechout
7,Victor Heylenlei 41,2022-09-06,18:00:00,119,48,71,FMN GV 22 Boechout
7,Victor Heylenlei 41,2022-09-06,19:00:00,79,35,44,FMN GV 22 Boechout
7,Victor Heylenlei 41,2022-09-06,20:00:00,62,45,17,FMN GV 22 Boechout
7,Victor Heylenlei 41,2022-09-06,21:00:00,21,9,12,FMN GV 22 Boechout
7,Victor Heylenlei 41,2022-09-06,22:00:00,31,13,18,FMN GV 22 Boechout
7,Victor Heylenlei 41,2022-09-06,23:00:00,15,1,14,FMN GV 22 Boechout
7,Victor Heylenlei 41,2022-09-07,00:00:00,5,0,5,FMN GV 22 Boechout
7,Victor Heylenlei 41,2022-09-07,01:00:00,1,0,1,FMN GV 22 Boechout
7,Victor Heylenlei 41,2022-09-07,02:00:00,1,1,0,FMN GV 22 Boechout
7,Victor Heylenlei 41,2022-09-07,03:00:00,1,0,1,FMN GV 22 Boechout
7,Victor Heylenlei 41,2022-09-07,04:00:00,5,4,1,FMN GV 22 Boechout
7,Victor Heylenlei 41,2022-09-07,05:00:00,24,16,8,FMN GV 22 Boechout
7,Victor Heylenlei 41,2022-09-07,06:00:00,50,35,15,FMN GV 22 Boechout
7,Victor Heylenlei 41,2022-09-07,07:00:00,186,139,47,FMN GV 22 Boechout
7,Victor Heylenlei 41,2022-09-07,08:00:00,264,127,137,FMN GV 22 Boechout
7,Victor Heylenlei 41,2022-09-07,09:00:00,88,35,53,FMN GV 22 Boechout
7,Victor Heylenlei 41,2022-09-07,10:00:00,70,42,28,FMN GV 22 Boechout
7,Victor Heylenlei 41,2022-09-07,11:00:00,116,82,34,FMN GV 22 Boechout
7,Victor Heylenlei 41,2022-09-07,12:00:00,183,113,70,FMN GV 22 Boechout
7,Victor Heylenlei 41,2022-09-07,13:00:00,124,47,77,FMN GV 22 Boechout
7,Victor Heylenlei 41,2022-09-07,14:00:00,97,45,52,FMN GV 22 Boechout
7,Victor Heylenlei 41,2022-09-07,15:00:00,125,50,75,FMN GV 22 Boechout
7,Victor Heylenlei 41,2022-09-07,16:00:00,174,50,124,FMN GV 22 Boechout
7,Victor Heylenlei 41,2022-09-07,17:00:00,174,64,110,FMN GV 22 Boechout
7,Victor Heylenlei 41,2022-09-07,18:00:00,143,57,86,FMN GV 22 Boechout
7,Victor Heylenlei 41,2022-09-07,19:00:00,102,53,49,FMN GV 22 Boechout
7,Victor Heylenlei 41,2022-09-07,20:00:00,92,43,49,FMN GV 22 Boechout
7,Victor Heylenlei 41,2022-09-07,21:00:00,28,20,8,FMN GV 22 Boechout
7,Victor Heylenlei 41,2022-09-07,22:00:00,26,12,14,FMN GV 22 Boechout
7,Victor Heylenlei 41,2022-09-07,23:00:00,10,5,5,FMN GV 22 Boechout
7,Victor Heylenlei 41,2022-09-08,00:00:00,5,1,4,FMN GV 22 Boechout
7,Victor Heylenlei 41,2022-09-08,01:00:00,0,0,0,FMN GV 22 Boechout
7,Victor Heylenlei 41,2022-09-08,02:00:00,4,2,2,FMN GV 22 Boechout
7,Victor Heylenlei 41,2022-09-08,03:00:00,4,1,3,FMN GV 22 Boechout
7,Victor Heylenlei 41,2022-09-08,04:00:00,4,2,2,FMN GV 22 Boechout
7,Victor Heylenlei 41,2022-09-08,05:00:00,18,11,7,FMN GV 22 Boechout
7,Victor Heylenlei 41,2022-09-08,06:00:00,29,20,9,FMN GV 22 Boechout
7,Victor Heylenlei 41,2022-09-08,07:00:00,131,95,36,FMN GV 22 Boechout
7,Victor Heylenlei 41,2022-09-08,08:00:00,297,128,169,FMN GV 22 Boechout
7,Victor Heylenlei 41,2022-09-08,09:00:00,53,39,14,FMN GV 22 Boechout
7,Victor Heylenlei 41,2022-09-08,10:00:00,45,25,20,FMN GV 22 Boechout
7,Victor Heylenlei 41,2022-09-08,11:00:00,49,32,17,FMN GV 22 Boechout
7,Victor Heylenlei 41,2022-09-08,12:00:00,60,34,26,FMN GV 22 Boechout
7,Victor Heylenlei 41,2022-09-08,13:00:00,65,30,35,FMN GV 22 Boechout
7,Victor Heylenlei 41,2022-09-08,14:00:00,48,30,18,FMN GV 22 Boechout
7,Victor Heylenlei 41,2022-09-08,15:00:00,92,30,62,FMN GV 22 Boechout
7,Victor Heylenlei 41,2022-09-08,16:00:00,300,187,113,FMN GV 22 Boechout
7,Victor Heylenlei 41,2022-09-08,17:00:00,131,39,92,FMN GV 22 Boechout
7,Victor Heylenlei 41,2022-09-08,18:00:00,65,28,37,FMN GV 22 Boechout
7,Victor Heylenlei 41,2022-09-08,19:00:00,37,12,25,FMN GV 22 Boechout
7,Victor Heylenlei 41,2022-09-08,20:00:00,26,15,11,FMN GV 22 Boechout
7,Victor Heylenlei 41,2022-09-08,21:00:00,17,6,11,FMN GV 22 Boechout
7,Victor Heylenlei 41,2022-09-08,22:00:00,17,9,8,FMN GV 22 Boechout
7,Victor Heylenlei 41,2022-09-08,23:00:00,16,7,9,FMN GV 22 Boechout
7,Victor Heylenlei 41,2022-09-09,00:00:00,7,1,6,FMN GV 22 Boechout
7,Victor Heylenlei 41,2022-09-09,01:00:00,3,0,3,FMN GV 22 Boechout
7,Victor Heylenlei 41,2022-09-09,02:00:00,2,1,1,FMN GV 22 Boechout
7,Victor Heylenlei 41,2022-09-09,03:00:00,2,0,2,FMN GV 22 Boechout
7,Victor Heylenlei 41,2022-09-09,04:00:00,4,3,1,FMN GV 22 Boechout
7,Victor Heylenlei 41,2022-09-09,05:00:00,17,11,6,FMN GV 22 Boechout
7,Victor Heylenlei 41,2022-09-09,06:00:00,26,20,6,FMN GV 22 Boechout
7,Victor Heylenlei 41,2022-09-09,07:00:00,128,94,34,FMN GV 22 Boechout
7,Victor Heylenlei 41,2022-09-09,08:00:00,260,95,165,FMN GV 22 Boechout
7,Victor Heylenlei 41,2022-09-09,09:00:00,40,24,16,FMN GV 22 Boechout
7,Victor Heylenlei 41,2022-09-09,10:00:00,29,17,12,FMN GV 22 Boechout
7,Victor Heylenlei 41,2022-09-09,11:00:00,28,15,13,FMN GV 22 Boechout
7,Victor Heylenlei 41,2022-09-09,12:00:00,43,21,22,FMN GV 22 Boechout
7,Victor Heylenlei 41,2022-09-09,13:00:00,45,26,19,FMN GV 22 Boechout
7,Victor Heylenlei 41,2022-09-09,14:00:00,35,13,22,FMN GV 22 Boechout
7,Victor Heylenlei 41,2022-09-09,15:00:00,84,50,34,FMN GV 22 Boechout
7,Victor Heylenlei 41,2022-09-09,16:00:00,237,155,82,FMN GV 22 Boechout
7,Victor Heylenlei 41,2022-09-09,17:00:00,94,33,61,FMN GV 22 Boechout
7,Victor Heylenlei 41,2022-09-09,18:00:00,62,15,47,FMN GV 22 Boechout
7,Victor Heylenlei 41,2022-09-09,19:00:00,45,17,28,FMN GV 22 Boechout
7,Victor Heylenlei 41,2022-09-09,20:00:00,32,6,26,FMN GV 22 Boechout
7,Victor Heylenlei 41,2022-09-09,21:00:00,42,6,36,FMN GV 22 Boechout
7,Victor Heylenlei 41,2022-09-09,22:00:00,105,9,96,FMN GV 22 Boechout
7,Victor Heylenlei 41,2022-09-09,23:00:00,51,14,37,FMN GV 22 Boechout
7,Victor Heylenlei 41,2022-09-10,00:00:00,21,11,10,FMN GV 22 Boechout
7,Victor Heylenlei 41,2022-09-10,01:00:00,44,38,6,FMN GV 22 Boechout
7,Victor Heylenlei 41,2022-09-10,02:00:00,77,67,10,FMN GV 22 Boechout
7,Victor Heylenlei 41,2022-09-10,03:00:00,114,109,5,FMN GV 22 Boechout
7,Victor Heylenlei 41,2022-09-10,04:00:00,8,7,1,FMN GV 22 Boechout
7,Victor Heylenlei 41,2022-09-10,05:00:00,9,3,6,FMN GV 22 Boechout
7,Victor Heylenlei 41,2022-09-10,06:00:00,3,0,3,FMN GV 22 Boechout
7,Victor Heylenlei 41,2022-09-10,07:00:00,4,2,2,FMN GV 22 Boechout
7,Victor Heylenlei 41,2022-09-10,08:00:00,7,3,4,FMN GV 22 Boechout
7,Victor Heylenlei 41,2022-09-10,09:00:00,8,5,3,FMN GV 22 Boechout
7,Victor Heylenlei 41,2022-09-10,10:00:00,16,12,4,FMN GV 22 Boechout
7,Victor Heylenlei 41,2022-09-10,11:00:00,10,3,7,FMN GV 22 Boechout
7,Victor Heylenlei 41,2022-09-10,12:00:00,15,7,8,FMN GV 22 Boechout
7,Victor Heylenlei 41,2022-09-10,13:00:00,16,12,4,FMN GV 22 Boechout
7,Victor Heylenlei 41,2022-09-10,14:00:00,24,11,13,FMN GV 22 Boechout
7,Victor Heylenlei 41,2022-09-10,15:00:00,39,18,21,FMN GV 22 Boechout
7,Victor Heylenlei 41,2022-09-10,16:00:00,42,19,23,FMN GV 22 Boechout
7,Victor Heylenlei 41,2022-09-10,17:00:00,47,24,23,FMN GV 22 Boechout
7,Victor Heylenlei 41,2022-09-10,18:00:00,48,23,25,FMN GV 22 Boechout
7,Victor Heylenlei 41,2022-09-10,19:00:00,35,15,20,FMN GV 22 Boechout
7,Victor Heylenlei 41,2022-09-10,20:00:00,31,9,22,FMN GV 22 Boechout
7,Victor Heylenlei 41,2022-09-10,21:00:00,18,14,4,FMN GV 22 Boechout
7,Victor Heylenlei 41,2022-09-10,22:00:00,13,2,11,FMN GV 22 Boechout
7,Victor Heylenlei 41,2022-09-10,23:00:00,11,8,3,FMN GV 22 Boechout
7,Victor Heylenlei 41,2022-09-11,00:00:00,11,7,4,FMN GV 22 Boechout
7,Victor Heylenlei 41,2022-09-11,01:00:00,6,4,2,FMN GV 22 Boechout
7,Victor Heylenlei 41,2022-09-11,02:00:00,6,3,3,FMN GV 22 Boechout
7,Victor Heylenlei 41,2022-09-11,03:00:00,6,4,2,FMN GV 22 Boechout
7,Victor Heylenlei 41,2022-09-11,04:00:00,5,5,0,FMN GV 22 Boechout
7,Victor Heylenlei 41,2022-09-11,05:00:00,4,2,2,FMN GV 22 Boechout
7,Victor Heylenlei 41,2022-09-11,06:00:00,8,4,4,FMN GV 22 Boechout
7,Victor Heylenlei 41,2022-09-11,07:00:00,18,10,8,FMN GV 22 Boechout
7,Victor Heylenlei 41,2022-09-11,08:00:00,41,16,25,FMN GV 22 Boechout
7,Victor Heylenlei 41,2022-09-11,09:00:00,128,54,74,FMN GV 22 Boechout
7,Victor Heylenlei 41,2022-09-11,10:00:00,117,59,58,FMN GV 22 Boechout
7,Victor Heylenlei 41,2022-09-11,11:00:00,137,87,50,FMN GV 22 Boechout
7,Victor Heylenlei 41,2022-09-11,12:00:00,160,93,67,FMN GV 22 Boechout
7,Victor Heylenlei 41,2022-09-11,13:00:00,162,94,68,FMN GV 22 Boechout
7,Victor Heylenlei 41,2022-09-11,14:00:00,228,106,122,FMN GV 22 Boechout
7,Victor Heylenlei 41,2022-09-11,15:00:00,173,100,73,FMN GV 22 Boechout
7,Victor Heylenlei 41,2022-09-11,16:00:00,169,85,84,FMN GV 22 Boechout
7,Victor Heylenlei 41,2022-09-11,17:00:00,175,93,82,FMN GV 22 Boechout
7,Victor Heylenlei 41,2022-09-11,18:00:00,113,49,64,FMN GV 22 Boechout
7,Victor Heylenlei 41,2022-09-11,19:00:00,67,46,21,FMN GV 22 Boechout
7,Victor Heylenlei 41,2022-09-11,20:00:00,32,22,10,FMN GV 22 Boechout
7,Victor Heylenlei 41,2022-09-11,21:00:00,28,13,15,FMN GV 22 Boechout
7,Victor Heylenlei 41,2022-09-11,22:00:00,16,8,8,FMN GV 22 Boechout
7,Victor Heylenlei 41,2022-09-11,23:00:00,9,1,8,FMN GV 22 Boechout
7,Victor Heylenlei 41,2022-09-12,00:00:00,8,1,7,FMN GV 22 Boechout
7,Victor Heylenlei 41,2022-09-12,01:00:00,0,0,0,FMN GV 22 Boechout
7,Victor Heylenlei 41,2022-09-12,02:00:00,3,2,1,FMN GV 22 Boechout
7,Victor Heylenlei 41,2022-09-12,03:00:00,1,0,1,FMN GV 22 Boechout
7,Victor Heylenlei 41,2022-09-12,04:00:00,2,2,0,FMN GV 22 Boechout
7,Victor Heylenlei 41,2022-09-12,05:00:00,13,7,6,FMN GV 22 Boechout
7,Victor Heylenlei 41,2022-09-12,06:00:00,54,36,18,FMN GV 22 Boechout
7,Victor Heylenlei 41,2022-09-12,07:00:00,212,156,56,FMN GV 22 Boechout
7,Victor Heylenlei 41,2022-09-12,08:00:00,331,163,168,FMN GV 22 Boechout
7,Victor Heylenlei 41,2022-09-12,09:00:00,65,34,31,FMN GV 22 Boechout
7,Victor Heylenlei 41,2022-09-12,10:00:00,58,24,34,FMN GV 22 Boechout
7,Victor Heylenlei 41,2022-09-12,11:00:00,70,40,30,FMN GV 22 Boechout
7,Victor Heylenlei 41,2022-09-12,12:00:00,79,43,36,FMN GV 22 Boechout
7,Victor Heylenlei 41,2022-09-12,13:00:00,97,48,49,FMN GV 22 Boechout
7,Victor Heylenlei 41,2022-09-12,14:00:00,137,63,74,FMN GV 22 Boechout
7,Victor Heylenlei 41,2022-09-12,15:00:00,163,69,94,FMN GV 22 Boechout
7,Victor Heylenlei 41,2022-09-12,16:00:00,352,213,139,FMN GV 22 Boechout
7,Victor Heylenlei 41,2022-09-12,17:00:00,252,77,175,FMN GV 22 Boechout
7,Victor Heylenlei 41,2022-09-12,18:00:00,144,51,93,FMN GV 22 Boechout
7,Victor Heylenlei 41,2022-09-12,19:00:00,107,73,34,FMN GV 22 Boechout
7,Victor Heylenlei 41,2022-09-12,20:00:00,66,40,26,FMN GV 22 Boechout
7,Victor Heylenlei 41,2022-09-12,21:00:00,35,17,18,FMN GV 22 Boechout
7,Victor Heylenlei 41,2022-09-12,22:00:00,27,14,13,FMN GV 22 Boechout
7,Victor Heylenlei 41,2022-09-12,23:00:00,9,1,8,FMN GV 22 Boechout
7,Victor Heylenlei 41,2022-09-13,00:00:00,3,1,2,FMN GV 22 Boechout
7,Victor Heylenlei 41,2022-09-13,01:00:00,2,0,2,FMN GV 22 Boechout
7,Victor Heylenlei 41,2022-09-13,02:00:00,1,1,0,FMN GV 22 Boechout
7,Victor Heylenlei 41,2022-09-13,03:00:00,2,1,1,FMN GV 22 Boechout
7,Victor Heylenlei 41,2022-09-13,04:00:00,3,3,0,FMN GV 22 Boechout
7,Victor Heylenlei 41,2022-09-13,05:00:00,19,12,7,FMN GV 22 Boechout
7,Victor Heylenlei 41,2022-09-13,06:00:00,55,39,16,FMN GV 22 Boechout
7,Victor Heylenlei 41,2022-09-13,07:00:00,179,134,45,FMN GV 22 Boechout
7,Victor Heylenlei 41,2022-09-13,08:00:00,306,150,156,FMN GV 22 Boechout
7,Victor Heylenlei 41,2022-09-13,09:00:00,59,46,13,FMN GV 22 Boechout
7,Victor Heylenlei 41,2022-09-13,10:00:00,35,19,16,FMN GV 22 Boechout
7,Victor Heylenlei 41,2022-09-13,11:00:00,57,28,29,FMN GV 22 Boechout
7,Victor Heylenlei 41,2022-09-13,12:00:00,66,37,29,FMN GV 22 Boechout
7,Victor Heylenlei 41,2022-09-13,13:00:00,90,42,48,FMN GV 22 Boechout
7,Victor Heylenlei 41,2022-09-13,14:00:00,97,53,44,FMN GV 22 Boechout
7,Victor Heylenlei 41,2022-09-13,15:00:00,102,53,49,FMN GV 22 Boechout
7,Victor Heylenlei 41,2022-09-13,16:00:00,303,173,130,FMN GV 22 Boechout
7,Victor Heylenlei 41,2022-09-13,17:00:00,139,36,103,FMN GV 22 Boechout
7,Victor Heylenlei 41,2022-09-13,18:00:00,93,32,61,FMN GV 22 Boechout
7,Victor Heylenlei 41,2022-09-13,19:00:00,29,9,20,FMN GV 22 Boechout
7,Victor Heylenlei 41,2022-09-13,20:00:00,23,14,9,FMN GV 22 Boechout
7,Victor Heylenlei 41,2022-09-13,21:00:00,20,9,11,FMN GV 22 Boechout
7,Victor Heylenlei 41,2022-09-13,22:00:00,14,5,9,FMN GV 22 Boechout
7,Victor Heylenlei 41,2022-09-13,23:00:00,9,5,4,FMN GV 22 Boechout
7,Victor Heylenlei 41,2022-09-14,00:00:00,0,0,0,FMN GV 22 Boechout
7,Victor Heylenlei 41,2022-09-14,01:00:00,5,3,2,FMN GV 22 Boechout
7,Victor Heylenlei 41,2022-09-14,02:00:00,1,1,0,FMN GV 22 Boechout
7,Victor Heylenlei 41,2022-09-14,03:00:00,1,0,1,FMN GV 22 Boechout
7,Victor Heylenlei 41,2022-09-14,04:00:00,1,1,0,FMN GV 22 Boechout
7,Victor Heylenlei 41,2022-09-14,05:00:00,8,3,5,FMN GV 22 Boechout
7,Victor Heylenlei 41,2022-09-14,06:00:00,34,23,11,FMN GV 22 Boechout
7,Victor Heylenlei 41,2022-09-14,07:00:00,109,75,34,FMN GV 22 Boechout
7,Victor Heylenlei 41,2022-09-14,08:00:00,175,66,109,FMN GV 22 Boechout
7,Victor Heylenlei 41,2022-09-14,09:00:00,42,25,17,FMN GV 22 Boechout
7,Victor Heylenlei 41,2022-09-14,10:00:00,18,12,6,FMN GV 22 Boechout
7,Victor Heylenlei 41,2022-09-14,11:00:00,18,9,9,FMN GV 22 Boechout
7,Victor Heylenlei 41,2022-09-14,12:00:00,138,109,29,FMN GV 22 Boechout
7,Victor Heylenlei 41,2022-09-14,13:00:00,36,13,23,FMN GV 22 Boechout
7,Victor Heylenlei 41,2022-09-14,14:00:00,29,16,13,FMN GV 22 Boechout
7,Victor Heylenlei 41,2022-09-14,15:00:00,25,11,14,FMN GV 22 Boechout
7,Victor Heylenlei 41,2022-09-14,16:00:00,57,12,45,FMN GV 22 Boechout
7,Victor Heylenlei 41,2022-09-14,17:00:00,55,22,33,FMN GV 22 Boechout
7,Victor Heylenlei 41,2022-09-14,18:00:00,60,18,42,FMN GV 22 Boechout
7,Victor Heylenlei 41,2022-09-14,19:00:00,20,13,7,FMN GV 22 Boechout
7,Victor Heylenlei 41,2022-09-14,20:00:00,26,14,12,FMN GV 22 Boechout
7,Victor Heylenlei 41,2022-09-14,21:00:00,14,6,8,FMN GV 22 Boechout
7,Victor Heylenlei 41,2022-09-14,22:00:00,18,9,9,FMN GV 22 Boechout
7,Victor Heylenlei 41,2022-09-14,23:00:00,13,7,6,FMN GV 22 Boechout
7,Victor Heylenlei 41,2022-09-15,00:00:00,2,0,2,FMN GV 22 Boechout
7,Victor Heylenlei 41,2022-09-15,01:00:00,2,1,1,FMN GV 22 Boechout
7,Victor Heylenlei 41,2022-09-15,02:00:00,0,0,0,FMN GV 22 Boechout
7,Victor Heylenlei 41,2022-09-15,03:00:00,2,1,1,FMN GV 22 Boechout
7,Victor Heylenlei 41,2022-09-15,04:00:00,1,0,1,FMN GV 22 Boechout
7,Victor Heylenlei 41,2022-09-15,05:00:00,18,10,8,FMN GV 22 Boechout
7,Victor Heylenlei 41,2022-09-15,06:00:00,37,24,13,FMN GV 22 Boechout
7,Victor Heylenlei 41,2022-09-15,07:00:00,167,127,40,FMN GV 22 Boechout
7,Victor Heylenlei 41,2022-09-15,08:00:00,300,160,140,FMN GV 22 Boechout
7,Victor Heylenlei 41,2022-09-15,09:00:00,63,38,25,FMN GV 22 Boechout
7,Victor Heylenlei 41,2022-09-15,10:00:00,47,27,20,FMN GV 22 Boechout
7,Victor Heylenlei 41,2022-09-15,11:00:00,45,35,10,FMN GV 22 Boechout
7,Victor Heylenlei 41,2022-09-15,12:00:00,69,44,25,FMN GV 22 Boechout
7,Victor Heylenlei 41,2022-09-15,13:00:00,47,22,25,FMN GV 22 Boechout
7,Victor Heylenlei 41,2022-09-15,14:00:00,68,35,33,FMN GV 22 Boechout
7,Victor Heylenlei 41,2022-09-15,15:00:00,91,34,57,FMN GV 22 Boechout
7,Victor Heylenlei 41,2022-09-15,16:00:00,280,163,117,FMN GV 22 Boechout
7,Victor Heylenlei 41,2022-09-15,17:00:00,151,42,109,FMN GV 22 Boechout
7,Victor Heylenlei 41,2022-09-15,18:00:00,104,32,72,FMN GV 22 Boechout
7,Victor Heylenlei 41,2022-09-15,19:00:00,67,36,31,FMN GV 22 Boechout
7,Victor Heylenlei 41,2022-09-15,20:00:00,71,56,15,FMN GV 22 Boechout
7,Victor Heylenlei 41,2022-09-15,21:00:00,30,14,16,FMN GV 22 Boechout
7,Victor Heylenlei 41,2022-09-15,22:00:00,29,11,18,FMN GV 22 Boechout
7,Victor Heylenlei 41,2022-09-15,23:00:00,12,1,11,FMN GV 22 Boechout
7,Victor Heylenlei 41,2022-09-16,00:00:00,9,2,7,FMN GV 22 Boechout
7,Victor Heylenlei 41,2022-09-16,01:00:00,4,2,2,FMN GV 22 Boechout
7,Victor Heylenlei 41,2022-09-16,02:00:00,0,0,0,FMN GV 22 Boechout
7,Victor Heylenlei 41,2022-09-16,03:00:00,2,1,1,FMN GV 22 Boechout
7,Victor Heylenlei 41,2022-09-16,04:00:00,2,2,0,FMN GV 22 Boechout
7,Victor Heylenlei 41,2022-09-16,05:00:00,14,9,5,FMN GV 22 Boechout
7,Victor Heylenlei 41,2022-09-16,06:00:00,31,23,8,FMN GV 22 Boechout
7,Victor Heylenlei 41,2022-09-16,07:00:00,117,84,33,FMN GV 22 Boechout
7,Victor Heylenlei 41,2022-09-16,08:00:00,182,62,120,FMN GV 22 Boechout
7,Victor Heylenlei 41,2022-09-16,09:00:00,19,15,4,FMN GV 22 Boechout
7,Victor Heylenlei 41,2022-09-16,10:00:00,30,9,21,FMN GV 22 Boechout
7,Victor Heylenlei 41,2022-09-16,11:00:00,21,15,6,FMN GV 22 Boechout
7,Victor Heylenlei 41,2022-09-16,12:00:00,26,12,14,FMN GV 22 Boechout
7,Victor Heylenlei 41,2022-09-16,13:00:00,23,14,9,FMN GV 22 Boechout
7,Victor Heylenlei 41,2022-09-16,14:00:00,100,72,28,FMN GV 22 Boechout
7,Victor Heylenlei 41,2022-09-16,15:00:00,61,22,39,FMN GV 22 Boechout
7,Victor Heylenlei 41,2022-09-16,16:00:00,171,114,57,FMN GV 22 Boechout
7,Victor Heylenlei 41,2022-09-16,17:00:00,57,14,43,FMN GV 22 Boechout
7,Victor Heylenlei 41,2022-09-16,18:00:00,54,20,34,FMN GV 22 Boechout
7,Victor Heylenlei 41,2022-09-16,19:00:00,21,14,7,FMN GV 22 Boechout
7,Victor Heylenlei 41,2022-09-16,20:00:00,14,7,7,FMN GV 22 Boechout
7,Victor Heylenlei 41,2022-09-16,21:00:00,10,5,5,FMN GV 22 Boechout
7,Victor Heylenlei 41,2022-09-16,22:00:00,17,7,10,FMN GV 22 Boechout
7,Victor Heylenlei 41,2022-09-16,23:00:00,11,2,9,FMN GV 22 Boechout
7,Victor Heylenlei 41,2022-09-17,00:00:00,7,4,3,FMN GV 22 Boechout
7,Victor Heylenlei 41,2022-09-17,01:00:00,6,3,3,FMN GV 22 Boechout
7,Victor Heylenlei 41,2022-09-17,02:00:00,2,1,1,FMN GV 22 Boechout
7,Victor Heylenlei 41,2022-09-17,03:00:00,7,5,2,FMN GV 22 Boechout
7,Victor Heylenlei 41,2022-09-17,04:00:00,4,1,3,FMN GV 22 Boechout
7,Victor Heylenlei 41,2022-09-17,05:00:00,8,4,4,FMN GV 22 Boechout
7,Victor Heylenlei 41,2022-09-17,06:00:00,13,5,8,FMN GV 22 Boechout
7,Victor Heylenlei 41,2022-09-17,07:00:00,6,4,2,FMN GV 22 Boechout
7,Victor Heylenlei 41,2022-09-17,08:00:00,17,12,5,FMN GV 22 Boechout
7,Victor Heylenlei 41,2022-09-17,09:00:00,27,12,15,FMN GV 22 Boechout
7,Victor Heylenlei 41,2022-09-17,10:00:00,26,18,8,FMN GV 22 Boechout
7,Victor Heylenlei 41,2022-09-17,11:00:00,18,11,7,FMN GV 22 Boechout
7,Victor Heylenlei 41,2022-09-17,12:00:00,30,15,15,FMN GV 22 Boechout
7,Victor Heylenlei 41,2022-09-17,13:00:00,34,13,21,FMN GV 22 Boechout
7,Victor Heylenlei 41,2022-09-17,14:00:00,48,24,24,FMN GV 22 Boechout
7,Victor Heylenlei 41,2022-09-17,15:00:00,28,8,20,FMN GV 22 Boechout
7,Victor Heylenlei 41,2022-09-17,16:00:00,19,9,10,FMN GV 22 Boechout
7,Victor Heylenlei 41,2022-09-17,17:00:00,23,16,7,FMN GV 22 Boechout
7,Victor Heylenlei 41,2022-09-17,18:00:00,25,12,13,FMN GV 22 Boechout
7,Victor Heylenlei 41,2022-09-17,19:00:00,13,3,10,FMN GV 22 Boechout
7,Victor Heylenlei 41,2022-09-17,20:00:00,14,9,5,FMN GV 22 Boechout
7,Victor Heylenlei 41,2022-09-17,21:00:00,3,1,2,FMN GV 22 Boechout
7,Victor Heylenlei 41,2022-09-17,22:00:00,6,1,5,FMN GV 22 Boechout
7,Victor Heylenlei 41,2022-09-17,23:00:00,4,2,2,FMN GV 22 Boechout
7,Victor Heylenlei 41,2022-09-18,00:00:00,7,3,4,FMN GV 22 Boechout
7,Victor Heylenlei 41,2022-09-18,01:00:00,6,3,3,FMN GV 22 Boechout
7,Victor Heylenlei 41,2022-09-18,02:00:00,2,0,2,FMN GV 22 Boechout
7,Victor Heylenlei 41,2022-09-18,03:00:00,5,3,2,FMN GV 22 Boechout
7,Victor Heylenlei 41,2022-09-18,04:00:00,2,2,0,FMN GV 22 Boechout
7,Victor Heylenlei 41,2022-09-18,05:00:00,5,5,0,FMN GV 22 Boechout
7,Victor Heylenlei 41,2022-09-18,06:00:00,3,1,2,FMN GV 22 Boechout
7,Victor Heylenlei 41,2022-09-18,07:00:00,8,4,4,FMN GV 22 Boechout
7,Victor Heylenlei 41,2022-09-18,08:00:00,10,7,3,FMN GV 22 Boechout
7,Victor Heylenlei 41,2022-09-18,09:00:00,34,9,25,FMN GV 22 Boechout
7,Victor Heylenlei 41,2022-09-18,10:00:00,33,16,17,FMN GV 22 Boechout
7,Victor Heylenlei 41,2022-09-18,11:00:00,70,28,42,FMN GV 22 Boechout
7,Victor Heylenlei 41,2022-09-18,12:00:00,55,33,22,FMN GV 22 Boechout
7,Victor Heylenlei 41,2022-09-18,13:00:00,54,26,28,FMN GV 22 Boechout
7,Victor Heylenlei 41,2022-09-18,14:00:00,59,34,25,FMN GV 22 Boechout
7,Victor Heylenlei 41,2022-09-18,15:00:00,37,21,16,FMN GV 22 Boechout
7,Victor Heylenlei 41,2022-09-18,16:00:00,34,14,20,FMN GV 22 Boechout
7,Victor Heylenlei 41,2022-09-18,17:00:00,16,4,12,FMN GV 22 Boechout
7,Victor Heylenlei 41,2022-09-18,18:00:00,15,7,8,FMN GV 22 Boechout
7,Victor Heylenlei 41,2022-09-18,19:00:00,19,11,8,FMN GV 22 Boechout
7,Victor Heylenlei 41,2022-09-18,20:00:00,13,9,4,FMN GV 22 Boechout
7,Victor Heylenlei 41,2022-09-18,21:00:00,10,6,4,FMN GV 22 Boechout
7,Victor Heylenlei 41,2022-09-18,22:00:00,8,2,6,FMN GV 22 Boechout
7,Victor Heylenlei 41,2022-09-18,23:00:00,2,1,1,FMN GV 22 Boechout
7,Victor Heylenlei 41,2022-09-19,00:00:00,1,0,1,FMN GV 22 Boechout
7,Victor Heylenlei 41,2022-09-19,01:00:00,0,0,0,FMN GV 22 Boechout
7,Victor Heylenlei 41,2022-09-19,02:00:00,1,1,0,FMN GV 22 Boechout
7,Victor Heylenlei 41,2022-09-19,03:00:00,2,2,0,FMN GV 22 Boechout
7,Victor Heylenlei 41,2022-09-19,04:00:00,3,3,0,FMN GV 22 Boechout
7,Victor Heylenlei 41,2022-09-19,05:00:00,16,9,7,FMN GV 22 Boechout
7,Victor Heylenlei 41,2022-09-19,06:00:00,39,30,9,FMN GV 22 Boechout
7,Victor Heylenlei 41,2022-09-19,07:00:00,180,126,54,FMN GV 22 Boechout
7,Victor Heylenlei 41,2022-09-19,08:00:00,275,132,143,FMN GV 22 Boechout
7,Victor Heylenlei 41,2022-09-19,09:00:00,64,46,18,FMN GV 22 Boechout
7,Victor Heylenlei 41,2022-09-19,10:00:00,36,15,21,FMN GV 22 Boechout
7,Victor Heylenlei 41,2022-09-19,11:00:00,45,24,21,FMN GV 22 Boechout
7,Victor Heylenlei 41,2022-09-19,12:00:00,70,44,26,FMN GV 22 Boechout
7,Victor Heylenlei 41,2022-09-19,13:00:00,57,29,28,FMN GV 22 Boechout
7,Victor Heylenlei 41,2022-09-19,14:00:00,70,29,41,FMN GV 22 Boechout
7,Victor Heylenlei 41,2022-09-19,15:00:00,120,52,68,FMN GV 22 Boechout
7,Victor Heylenlei 41,2022-09-19,16:00:00,306,185,121,FMN GV 22 Boechout
7,Victor Heylenlei 41,2022-09-19,17:00:00,166,41,125,FMN GV 22 Boechout
7,Victor Heylenlei 41,2022-09-19,18:00:00,103,35,68,FMN GV 22 Boechout
7,Victor Heylenlei 41,2022-09-19,19:00:00,60,29,31,FMN GV 22 Boechout
7,Victor Heylenlei 41,2022-09-19,20:00:00,34,21,13,FMN GV 22 Boechout
7,Victor Heylenlei 41,2022-09-19,21:00:00,15,6,9,FMN GV 22 Boechout
7,Victor Heylenlei 41,2022-09-19,22:00:00,25,10,15,FMN GV 22 Boechout
7,Victor Heylenlei 41,2022-09-19,23:00:00,3,1,2,FMN GV 22 Boechout
7,Victor Heylenlei 41,2022-09-20,00:00:00,4,2,2,FMN GV 22 Boechout
7,Victor Heylenlei 41,2022-09-20,01:00:00,0,0,0,FMN GV 22 Boechout
7,Victor Heylenlei 41,2022-09-20,02:00:00,0,0,0,FMN GV 22 Boechout
7,Victor Heylenlei 41,2022-09-20,03:00:00,3,2,1,FMN GV 22 Boechout
7,Victor Heylenlei 41,2022-09-20,04:00:00,6,4,2,FMN GV 22 Boechout
7,Victor Heylenlei 41,2022-09-20,05:00:00,21,13,8,FMN GV 22 Boechout
7,Victor Heylenlei 41,2022-09-20,06:00:00,36,29,7,FMN GV 22 Boechout
7,Victor Heylenlei 41,2022-09-20,07:00:00,181,134,47,FMN GV 22 Boechout
7,Victor Heylenlei 41,2022-09-20,08:00:00,288,150,138,FMN GV 22 Boechout
7,Victor Heylenlei 41,2022-09-20,09:00:00,68,44,24,FMN GV 22 Boechout
7,Victor Heylenlei 41,2022-09-20,10:00:00,43,29,14,FMN GV 22 Boechout
7,Victor Heylenlei 41,2022-09-20,11:00:00,41,29,12,FMN GV 22 Boechout
7,Victor Heylenlei 41,2022-09-20,12:00:00,56,35,21,FMN GV 22 Boechout
7,Victor Heylenlei 41,2022-09-20,13:00:00,69,32,37,FMN GV 22 Boechout
7,Victor Heylenlei 41,2022-09-20,14:00:00,81,29,52,FMN GV 22 Boechout
7,Victor Heylenlei 41,2022-09-20,15:00:00,114,51,63,FMN GV 22 Boechout
7,Victor Heylenlei 41,2022-09-20,16:00:00,290,172,118,FMN GV 22 Boechout
7,Victor Heylenlei 41,2022-09-20,17:00:00,197,44,153,FMN GV 22 Boechout
7,Victor Heylenlei 41,2022-09-20,18:00:00,139,54,85,FMN GV 22 Boechout
7,Victor Heylenlei 41,2022-09-20,19:00:00,95,47,48,FMN GV 22 Boechout
7,Victor Heylenlei 41,2022-09-20,20:00:00,43,26,17,FMN GV 22 Boechout
7,Victor Heylenlei 41,2022-09-20,21:00:00,24,7,17,FMN GV 22 Boechout
7,Victor Heylenlei 41,2022-09-20,22:00:00,19,9,10,FMN GV 22 Boechout
7,Victor Heylenlei 41,2022-09-20,23:00:00,4,1,3,FMN GV 22 Boechout
7,Victor Heylenlei 41,2022-09-21,00:00:00,7,1,6,FMN GV 22 Boechout
7,Victor Heylenlei 41,2022-09-21,01:00:00,3,2,1,FMN GV 22 Boechout
7,Victor Heylenlei 41,2022-09-21,02:00:00,2,2,0,FMN GV 22 Boechout
7,Victor Heylenlei 41,2022-09-21,03:00:00,2,1,1,FMN GV 22 Boechout
7,Victor Heylenlei 41,2022-09-21,04:00:00,1,1,0,FMN GV 22 Boechout
7,Victor Heylenlei 41,2022-09-21,05:00:00,20,10,10,FMN GV 22 Boechout
7,Victor Heylenlei 41,2022-09-21,06:00:00,44,34,10,FMN GV 22 Boechout
7,Victor Heylenlei 41,2022-09-21,07:00:00,167,122,45,FMN GV 22 Boechout
7,Victor Heylenlei 41,2022-09-21,08:00:00,299,132,167,FMN GV 22 Boechout
7,Victor Heylenlei 41,2022-09-21,09:00:00,70,36,34,FMN GV 22 Boechout
7,Victor Heylenlei 41,2022-09-21,10:00:00,63,42,21,FMN GV 22 Boechout
7,Victor Heylenlei 41,2022-09-21,11:00:00,83,43,40,FMN GV 22 Boechout
7,Victor Heylenlei 41,2022-09-21,12:00:00,237,167,70,FMN GV 22 Boechout
7,Victor Heylenlei 41,2022-09-21,13:00:00,135,64,71,FMN GV 22 Boechout
7,Victor Heylenlei 41,2022-09-21,14:00:00,104,39,65,FMN GV 22 Boechout
7,Victor Heylenlei 41,2022-09-21,15:00:00,119,62,57,FMN GV 22 Boechout
7,Victor Heylenlei 41,2022-09-21,16:00:00,163,53,110,FMN GV 22 Boechout
7,Victor Heylenlei 41,2022-09-21,17:00:00,166,66,100,FMN GV 22 Boechout
7,Victor Heylenlei 41,2022-09-21,18:00:00,136,57,79,FMN GV 22 Boechout
7,Victor Heylenlei 41,2022-09-21,19:00:00,76,39,37,FMN GV 22 Boechout
7,Victor Heylenlei 41,2022-09-21,20:00:00,42,20,22,FMN GV 22 Boechout
7,Victor Heylenlei 41,2022-09-21,21:00:00,23,14,9,FMN GV 22 Boechout
7,Victor Heylenlei 41,2022-09-21,22:00:00,21,7,14,FMN GV 22 Boechout
7,Victor Heylenlei 41,2022-09-21,23:00:00,11,5,6,FMN GV 22 Boechout
7,Victor Heylenlei 41,2022-09-22,00:00:00,6,1,5,FMN GV 22 Boechout
7,Victor Heylenlei 41,2022-09-22,01:00:00,0,0,0,FMN GV 22 Boechout
7,Victor Heylenlei 41,2022-09-22,02:00:00,2,0,2,FMN GV 22 Boechout
7,Victor Heylenlei 41,2022-09-22,03:00:00,5,2,3,FMN GV 22 Boechout
7,Victor Heylenlei 41,2022-09-22,04:00:00,1,1,0,FMN GV 22 Boechout
7,Victor Heylenlei 41,2022-09-22,05:00:00,19,10,9,FMN GV 22 Boechout
7,Victor Heylenlei 41,2022-09-22,06:00:00,49,40,9,FMN GV 22 Boechout
7,Victor Heylenlei 41,2022-09-22,07:00:00,190,132,58,FMN GV 22 Boechout
7,Victor Heylenlei 41,2022-09-22,08:00:00,322,158,164,FMN GV 22 Boechout
7,Victor Heylenlei 41,2022-09-22,09:00:00,75,47,28,FMN GV 22 Boechout
7,Victor Heylenlei 41,2022-09-22,10:00:00,45,23,22,FMN GV 22 Boechout
7,Victor Heylenlei 41,2022-09-22,11:00:00,71,40,31,FMN GV 22 Boechout
7,Victor Heylenlei 41,2022-09-22,12:00:00,123,73,50,FMN GV 22 Boechout
7,Victor Heylenlei 41,2022-09-22,13:00:00,115,57,58,FMN GV 22 Boechout
7,Victor Heylenlei 41,2022-09-22,14:00:00,132,82,50,FMN GV 22 Boechout
7,Victor Heylenlei 41,2022-09-22,15:00:00,132,51,81,FMN GV 22 Boechout
7,Victor Heylenlei 41,2022-09-22,16:00:00,328,198,130,FMN GV 22 Boechout
7,Victor Heylenlei 41,2022-09-22,17:00:00,233,82,151,FMN GV 22 Boechout
7,Victor Heylenlei 41,2022-09-22,18:00:00,152,46,106,FMN GV 22 Boechout
7,Victor Heylenlei 41,2022-09-22,19:00:00,76,52,24,FMN GV 22 Boechout
7,Victor Heylenlei 41,2022-09-22,20:00:00,62,45,17,FMN GV 22 Boechout
7,Victor Heylenlei 41,2022-09-22,21:00:00,21,13,8,FMN GV 22 Boechout
7,Victor Heylenlei 41,2022-09-22,22:00:00,37,16,21,FMN GV 22 Boechout
7,Victor Heylenlei 41,2022-09-22,23:00:00,28,11,17,FMN GV 22 Boechout
7,Victor Heylenlei 41,2022-09-23,00:00:00,147,72,75,FMN GV 22 Boechout
7,Victor Heylenlei 41,2022-09-23,01:00:00,3,0,3,FMN GV 22 Boechout
7,Victor Heylenlei 41,2022-09-23,02:00:00,1,1,0,FMN GV 22 Boechout
7,Victor Heylenlei 41,2022-09-23,03:00:00,4,2,2,FMN GV 22 Boechout
7,Victor Heylenlei 41,2022-09-23,04:00:00,3,2,1,FMN GV 22 Boechout
7,Victor Heylenlei 41,2022-09-23,05:00:00,22,11,11,FMN GV 22 Boechout
7,Victor Heylenlei 41,2022-09-23,06:00:00,33,22,11,FMN GV 22 Boechout
7,Victor Heylenlei 41,2022-09-23,07:00:00,119,92,27,FMN GV 22 Boechout
7,Victor Heylenlei 41,2022-09-23,08:00:00,268,112,156,FMN GV 22 Boechout
7,Victor Heylenlei 41,2022-09-23,09:00:00,86,42,44,FMN GV 22 Boechout
7,Victor Heylenlei 41,2022-09-23,10:00:00,53,33,20,FMN GV 22 Boechout
7,Victor Heylenlei 41,2022-09-23,11:00:00,77,40,37,FMN GV 22 Boechout
7,Victor Heylenlei 41,2022-09-23,12:00:00,95,62,33,FMN GV 22 Boechout
7,Victor Heylenlei 41,2022-09-23,13:00:00,59,30,29,FMN GV 22 Boechout
7,Victor Heylenlei 41,2022-09-23,14:00:00,79,45,34,FMN GV 22 Boechout
7,Victor Heylenlei 41,2022-09-23,15:00:00,119,61,58,FMN GV 22 Boechout
7,Victor Heylenlei 41,2022-09-23,16:00:00,236,145,91,FMN GV 22 Boechout
7,Victor Heylenlei 41,2022-09-23,17:00:00,101,32,69,FMN GV 22 Boechout
7,Victor Heylenlei 41,2022-09-23,18:00:00,74,28,46,FMN GV 22 Boechout
7,Victor Heylenlei 41,2022-09-23,19:00:00,28,10,18,FMN GV 22 Boechout
7,Victor Heylenlei 41,2022-09-23,20:00:00,12,3,9,FMN GV 22 Boechout
7,Victor Heylenlei 41,2022-09-23,21:00:00,21,9,12,FMN GV 22 Boechout
7,Victor Heylenlei 41,2022-09-23,22:00:00,15,3,12,FMN GV 22 Boechout
7,Victor Heylenlei 41,2022-09-23,23:00:00,4,1,3,FMN GV 22 Boechout
7,Victor Heylenlei 41,2022-09-24,00:00:00,16,8,8,FMN GV 22 Boechout
7,Victor Heylenlei 41,2022-09-24,01:00:00,14,6,8,FMN GV 22 Boechout
7,Victor Heylenlei 41,2022-09-24,02:00:00,10,8,2,FMN GV 22 Boechout
7,Victor Heylenlei 41,2022-09-24,03:00:00,6,2,4,FMN GV 22 Boechout
7,Victor Heylenlei 41,2022-09-24,04:00:00,4,4,0,FMN GV 22 Boechout
7,Victor Heylenlei 41,2022-09-24,05:00:00,2,0,2,FMN GV 22 Boechout
7,Victor Heylenlei 41,2022-09-24,06:00:00,6,1,5,FMN GV 22 Boechout
7,Victor Heylenlei 41,2022-09-24,07:00:00,2,0,2,FMN GV 22 Boechout
7,Victor Heylenlei 41,2022-09-24,08:00:00,19,8,11,FMN GV 22 Boechout
7,Victor Heylenlei 41,2022-09-24,09:00:00,29,16,13,FMN GV 22 Boechout
7,Victor Heylenlei 41,2022-09-24,10:00:00,22,12,10,FMN GV 22 Boechout
7,Victor Heylenlei 41,2022-09-24,11:00:00,26,14,12,FMN GV 22 Boechout
7,Victor Heylenlei 41,2022-09-24,12:00:00,19,10,9,FMN GV 22 Boechout
7,Victor Heylenlei 41,2022-09-24,13:00:00,18,11,7,FMN GV 22 Boechout
7,Victor Heylenlei 41,2022-09-24,14:00:00,25,15,10,FMN GV 22 Boechout
7,Victor Heylenlei 41,2022-09-24,15:00:00,23,8,15,FMN GV 22 Boechout
7,Victor Heylenlei 41,2022-09-24,16:00:00,26,9,17,FMN GV 22 Boechout
7,Victor Heylenlei 41,2022-09-24,17:00:00,23,12,11,FMN GV 22 Boechout
7,Victor Heylenlei 41,2022-09-24,18:00:00,26,11,15,FMN GV 22 Boechout
7,Victor Heylenlei 41,2022-09-24,19:00:00,14,6,8,FMN GV 22 Boechout
7,Victor Heylenlei 41,2022-09-24,20:00:00,18,12,6,FMN GV 22 Boechout
7,Victor Heylenlei 41,2022-09-24,21:00:00,4,3,1,FMN GV 22 Boechout
7,Victor Heylenlei 41,2022-09-24,22:00:00,11,2,9,FMN GV 22 Boechout
7,Victor Heylenlei 41,2022-09-24,23:00:00,11,6,5,FMN GV 22 Boechout
7,Victor Heylenlei 41,2022-09-25,00:00:00,8,3,5,FMN GV 22 Boechout
7,Victor Heylenlei 41,2022-09-25,01:00:00,9,4,5,FMN GV 22 Boechout
7,Victor Heylenlei 41,2022-09-25,02:00:00,3,1,2,FMN GV 22 Boechout
7,Victor Heylenlei 41,2022-09-25,03:00:00,7,5,2,FMN GV 22 Boechout
7,Victor Heylenlei 41,2022-09-25,04:00:00,1,1,0,FMN GV 22 Boechout
7,Victor Heylenlei 41,2022-09-25,05:00:00,5,4,1,FMN GV 22 Boechout
7,Victor Heylenlei 41,2022-09-25,06:00:00,27,27,0,FMN GV 22 Boechout
7,Victor Heylenlei 41,2022-09-25,07:00:00,4,2,2,FMN GV 22 Boechout
7,Victor Heylenlei 41,2022-09-25,08:00:00,23,12,11,FMN GV 22 Boechout
7,Victor Heylenlei 41,2022-09-25,09:00:00,71,27,44,FMN GV 22 Boechout
7,Victor Heylenlei 41,2022-09-25,10:00:00,192,101,91,FMN GV 22 Boechout
7,Victor Heylenlei 41,2022-09-25,11:00:00,179,123,56,FMN GV 22 Boechout
7,Victor Heylenlei 41,2022-09-25,12:00:00,156,74,82,FMN GV 22 Boechout
7,Victor Heylenlei 41,2022-09-25,13:00:00,147,95,52,FMN GV 22 Boechout
7,Victor Heylenlei 41,2022-09-25,14:00:00,157,83,74,FMN GV 22 Boechout
7,Victor Heylenlei 41,2022-09-25,15:00:00,162,85,77,FMN GV 22 Boechout
7,Victor Heylenlei 41,2022-09-25,16:00:00,104,45,59,FMN GV 22 Boechout
7,Victor Heylenlei 41,2022-09-25,17:00:00,68,31,37,FMN GV 22 Boechout
7,Victor Heylenlei 41,2022-09-25,18:00:00,67,33,34,FMN GV 22 Boechout
7,Victor Heylenlei 41,2022-09-25,19:00:00,31,24,7,FMN GV 22 Boechout
7,Victor Heylenlei 41,2022-09-25,20:00:00,18,10,8,FMN GV 22 Boechout
7,Victor Heylenlei 41,2022-09-25,21:00:00,13,9,4,FMN GV 22 Boechout
7,Victor Heylenlei 41,2022-09-25,22:00:00,10,3,7,FMN GV 22 Boechout
7,Victor Heylenlei 41,2022-09-25,23:00:00,9,3,6,FMN GV 22 Boechout
7,Victor Heylenlei 41,2022-09-26,00:00:00,5,3,2,FMN GV 22 Boechout
7,Victor Heylenlei 41,2022-09-26,01:00:00,3,2,1,FMN GV 22 Boechout
7,Victor Heylenlei 41,2022-09-26,02:00:00,1,0,1,FMN GV 22 Boechout
7,Victor Heylenlei 41,2022-09-26,03:00:00,1,1,0,FMN GV 22 Boechout
7,Victor Heylenlei 41,2022-09-26,04:00:00,2,2,0,FMN GV 22 Boechout
7,Victor Heylenlei 41,2022-09-26,05:00:00,15,8,7,FMN GV 22 Boechout
7,Victor Heylenlei 41,2022-09-26,06:00:00,28,20,8,FMN GV 22 Boechout
7,Victor Heylenlei 41,2022-09-26,07:00:00,127,97,30,FMN GV 22 Boechout
7,Victor Heylenlei 41,2022-09-26,08:00:00,266,121,145,FMN GV 22 Boechout
7,Victor Heylenlei 41,2022-09-26,09:00:00,48,34,14,FMN GV 22 Boechout
7,Victor Heylenlei 41,2022-09-26,10:00:00,26,18,8,FMN GV 22 Boechout
7,Victor Heylenlei 41,2022-09-26,11:00:00,17,6,11,FMN GV 22 Boechout
7,Victor Heylenlei 41,2022-09-26,12:00:00,22,10,12,FMN GV 22 Boechout
7,Victor Heylenlei 41,2022-09-26,13:00:00,29,13,16,FMN GV 22 Boechout
7,Victor Heylenlei 41,2022-09-26,14:00:00,28,12,16,FMN GV 22 Boechout
7,Victor Heylenlei 41,2022-09-26,15:00:00,108,69,39,FMN GV 22 Boechout
7,Victor Heylenlei 41,2022-09-26,16:00:00,146,75,71,FMN GV 22 Boechout
7,Victor Heylenlei 41,2022-09-26,17:00:00,90,23,67,FMN GV 22 Boechout
7,Victor Heylenlei 41,2022-09-26,18:00:00,60,13,47,FMN GV 22 Boechout
7,Victor Heylenlei 41,2022-09-26,19:00:00,19,6,13,FMN GV 22 Boechout
7,Victor Heylenlei 41,2022-09-26,20:00:00,11,4,7,FMN GV 22 Boechout
7,Victor Heylenlei 41,2022-09-26,21:00:00,3,2,1,FMN GV 22 Boechout
7,Victor Heylenlei 41,2022-09-26,22:00:00,10,5,5,FMN GV 22 Boechout
7,Victor Heylenlei 41,2022-09-26,23:00:00,0,0,0,FMN GV 22 Boechout
7,Victor Heylenlei 41,2022-09-27,00:00:00,0,0,0,FMN GV 22 Boechout
7,Victor Heylenlei 41,2022-09-27,01:00:00,2,0,2,FMN GV 22 Boechout
7,Victor Heylenlei 41,2022-09-27,02:00:00,1,0,1,FMN GV 22 Boechout
7,Victor Heylenlei 41,2022-09-27,03:00:00,1,1,0,FMN GV 22 Boechout
7,Victor Heylenlei 41,2022-09-27,04:00:00,1,1,0,FMN GV 22 Boechout
7,Victor Heylenlei 41,2022-09-27,05:00:00,19,13,6,FMN GV 22 Boechout
7,Victor Heylenlei 41,2022-09-27,06:00:00,25,18,7,FMN GV 22 Boechout
7,Victor Heylenlei 41,2022-09-27,07:00:00,102,79,23,FMN GV 22 Boechout
7,Victor Heylenlei 41,2022-09-27,08:00:00,215,91,124,FMN GV 22 Boechout
7,Victor Heylenlei 41,2022-09-27,09:00:00,55,33,22,FMN GV 22 Boechout
7,Victor Heylenlei 41,2022-09-27,10:00:00,16,4,12,FMN GV 22 Boechout
7,Victor Heylenlei 41,2022-09-27,11:00:00,18,9,9,FMN GV 22 Boechout
7,Victor Heylenlei 41,2022-09-27,12:00:00,31,15,16,FMN GV 22 Boechout
7,Victor Heylenlei 41,2022-09-27,13:00:00,40,19,21,FMN GV 22 Boechout
7,Victor Heylenlei 41,2022-09-27,14:00:00,40,18,22,FMN GV 22 Boechout
7,Victor Heylenlei 41,2022-09-27,15:00:00,48,16,32,FMN GV 22 Boechout
7,Victor Heylenlei 41,2022-09-27,16:00:00,187,119,68,FMN GV 22 Boechout
7,Victor Heylenlei 41,2022-09-27,17:00:00,109,36,73,FMN GV 22 Boechout
7,Victor Heylenlei 41,2022-09-27,18:00:00,62,15,47,FMN GV 22 Boechout
7,Victor Heylenlei 41,2022-09-27,19:00:00,45,23,22,FMN GV 22 Boechout
7,Victor Heylenlei 41,2022-09-27,20:00:00,19,14,5,FMN GV 22 Boechout
7,Victor Heylenlei 41,2022-09-27,21:00:00,12,6,6,FMN GV 22 Boechout
7,Victor Heylenlei 41,2022-09-27,22:00:00,9,5,4,FMN GV 22 Boechout
7,Victor Heylenlei 41,2022-09-27,23:00:00,6,2,4,FMN GV 22 Boechout
7,Victor Heylenlei 41,2022-09-28,00:00:00,1,0,1,FMN GV 22 Boechout
7,Victor Heylenlei 41,2022-09-28,01:00:00,0,0,0,FMN GV 22 Boechout
7,Victor Heylenlei 41,2022-09-28,02:00:00,2,2,0,FMN GV 22 Boechout
7,Victor Heylenlei 41,2022-09-28,03:00:00,2,1,1,FMN GV 22 Boechout
7,Victor Heylenlei 41,2022-09-28,04:00:00,1,1,0,FMN GV 22 Boechout
7,Victor Heylenlei 41,2022-09-28,05:00:00,18,9,9,FMN GV 22 Boechout
7,Victor Heylenlei 41,2022-09-28,06:00:00,34,22,12,FMN GV 22 Boechout
7,Victor Heylenlei 41,2022-09-28,07:00:00,124,93,31,FMN GV 22 Boechout
7,Victor Heylenlei 41,2022-09-28,08:00:00,251,93,158,FMN GV 22 Boechout
7,Victor Heylenlei 41,2022-09-28,09:00:00,50,26,24,FMN GV 22 Boechout
7,Victor Heylenlei 41,2022-09-28,10:00:00,40,23,17,FMN GV 22 Boechout
7,Victor Heylenlei 41,2022-09-28,11:00:00,57,31,26,FMN GV 22 Boechout
7,Victor Heylenlei 41,2022-09-28,12:00:00,181,145,36,FMN GV 22 Boechout
7,Victor Heylenlei 41,2022-09-28,13:00:00,56,22,34,FMN GV 22 Boechout
7,Victor Heylenlei 41,2022-09-28,14:00:00,47,23,24,FMN GV 22 Boechout
7,Victor Heylenlei 41,2022-09-28,15:00:00,86,35,51,FMN GV 22 Boechout
7,Victor Heylenlei 41,2022-09-28,16:00:00,110,38,72,FMN GV 22 Boechout
7,Victor Heylenlei 41,2022-09-28,17:00:00,114,40,74,FMN GV 22 Boechout
7,Victor Heylenlei 41,2022-09-28,18:00:00,100,29,71,FMN GV 22 Boechout
7,Victor Heylenlei 41,2022-09-28,19:00:00,62,38,24,FMN GV 22 Boechout
7,Victor Heylenlei 41,2022-09-28,20:00:00,30,17,13,FMN GV 22 Boechout
7,Victor Heylenlei 41,2022-09-28,21:00:00,17,9,8,FMN GV 22 Boechout
7,Victor Heylenlei 41,2022-09-28,22:00:00,20,6,14,FMN GV 22 Boechout
7,Victor Heylenlei 41,2022-09-28,23:00:00,10,3,7,FMN GV 22 Boechout
7,Victor Heylenlei 41,2022-09-29,00:00:00,3,1,2,FMN GV 22 Boechout
7,Victor Heylenlei 41,2022-09-29,01:00:00,2,0,2,FMN GV 22 Boechout
7,Victor Heylenlei 41,2022-09-29,02:00:00,2,1,1,FMN GV 22 Boechout
7,Victor Heylenlei 41,2022-09-29,03:00:00,2,1,1,FMN GV 22 Boechout
7,Victor Heylenlei 41,2022-09-29,04:00:00,1,1,0,FMN GV 22 Boechout
7,Victor Heylenlei 41,2022-09-29,05:00:00,16,12,4,FMN GV 22 Boechout
7,Victor Heylenlei 41,2022-09-29,06:00:00,39,29,10,FMN GV 22 Boechout
7,Victor Heylenlei 41,2022-09-29,07:00:00,157,121,36,FMN GV 22 Boechout
7,Victor Heylenlei 41,2022-09-29,08:00:00,297,144,153,FMN GV 22 Boechout
7,Victor Heylenlei 41,2022-09-29,09:00:00,97,35,62,FMN GV 22 Boechout
7,Victor Heylenlei 41,2022-09-29,10:00:00,46,28,18,FMN GV 22 Boechout
7,Victor Heylenlei 41,2022-09-29,11:00:00,56,37,19,FMN GV 22 Boechout
7,Victor Heylenlei 41,2022-09-29,12:00:00,89,40,49,FMN GV 22 Boechout
7,Victor Heylenlei 41,2022-09-29,13:00:00,66,36,30,FMN GV 22 Boechout
7,Victor Heylenlei 41,2022-09-29,14:00:00,112,67,45,FMN GV 22 Boechout
7,Victor Heylenlei 41,2022-09-29,15:00:00,124,50,74,FMN GV 22 Boechout
7,Victor Heylenlei 41,2022-09-29,16:00:00,263,161,102,FMN GV 22 Boechout
7,Victor Heylenlei 41,2022-09-29,17:00:00,166,48,118,FMN GV 22 Boechout
7,Victor Heylenlei 41,2022-09-29,18:00:00,107,37,70,FMN GV 22 Boechout
7,Victor Heylenlei 41,2022-09-29,19:00:00,42,19,23,FMN GV 22 Boechout
7,Victor Heylenlei 41,2022-09-29,20:00:00,41,25,16,FMN GV 22 Boechout
7,Victor Heylenlei 41,2022-09-29,21:00:00,21,14,7,FMN GV 22 Boechout
7,Victor Heylenlei 41,2022-09-29,22:00:00,27,10,17,FMN GV 22 Boechout
7,Victor Heylenlei 41,2022-09-29,23:00:00,16,4,12,FMN GV 22 Boechout
7,Victor Heylenlei 41,2022-09-30,00:00:00,9,1,8,FMN GV 22 Boechout
7,Victor Heylenlei 41,2022-09-30,01:00:00,1,0,1,FMN GV 22 Boechout
7,Victor Heylenlei 41,2022-09-30,02:00:00,4,1,3,FMN GV 22 Boechout
7,Victor Heylenlei 41,2022-09-30,03:00:00,4,2,2,FMN GV 22 Boechout
7,Victor Heylenlei 41,2022-09-30,04:00:00,5,2,3,FMN GV 22 Boechout
7,Victor Heylenlei 41,2022-09-30,05:00:00,17,10,7,FMN GV 22 Boechout
7,Victor Heylenlei 41,2022-09-30,06:00:00,27,22,5,FMN GV 22 Boechout
7,Victor Heylenlei 41,2022-09-30,07:00:00,117,85,32,FMN GV 22 Boechout
7,Victor Heylenlei 41,2022-09-30,08:00:00,270,115,155,FMN GV 22 Boechout
7,Victor Heylenlei 41,2022-09-30,09:00:00,59,38,21,FMN GV 22 Boechout
7,Victor Heylenlei 41,2022-09-30,10:00:00,53,27,26,FMN GV 22 Boechout
7,Victor Heylenlei 41,2022-09-30,11:00:00,62,25,37,FMN GV 22 Boechout
7,Victor Heylenlei 41,2022-09-30,12:00:00,116,75,41,FMN GV 22 Boechout
7,Victor Heylenlei 41,2022-09-30,13:00:00,97,46,51,FMN GV 22 Boechout
7,Victor Heylenlei 41,2022-09-30,14:00:00,121,56,65,FMN GV 22 Boechout
7,Victor Heylenlei 41,2022-09-30,15:00:00,132,66,66,FMN GV 22 Boechout
7,Victor Heylenlei 41,2022-09-30,16:00:00,276,168,108,FMN GV 22 Boechout
7,Victor Heylenlei 41,2022-09-30,17:00:00,128,50,78,FMN GV 22 Boechout
7,Victor Heylenlei 41,2022-09-30,18:00:00,80,22,58,FMN GV 22 Boechout
7,Victor Heylenlei 41,2022-09-30,19:00:00,56,28,28,FMN GV 22 Boechout
7,Victor Heylenlei 41,2022-09-30,20:00:00,40,15,25,FMN GV 22 Boechout
7,Victor Heylenlei 41,2022-09-30,21:00:00,58,10,48,FMN GV 22 Boechout
7,Victor Heylenlei 41,2022-09-30,22:00:00,96,15,81,FMN GV 22 Boechout
7,Victor Heylenlei 41,2022-09-30,23:00:00,65,8,57,FMN GV 22 Boechout
7,Victor Heylenlei 41,2022-10-01,00:00:00,16,9,7,FMN GV 22 Boechout
7,Victor Heylenlei 41,2022-10-01,01:00:00,29,26,3,FMN GV 22 Boechout
7,Victor Heylenlei 41,2022-10-01,02:00:00,47,41,6,FMN GV 22 Boechout
7,Victor Heylenlei 41,2022-10-01,03:00:00,90,85,5,FMN GV 22 Boechout
7,Victor Heylenlei 41,2022-10-01,04:00:00,8,8,0,FMN GV 22 Boechout
7,Victor Heylenlei 41,2022-10-01,05:00:00,4,1,3,FMN GV 22 Boechout
7,Victor Heylenlei 41,2022-10-01,06:00:00,6,4,2,FMN GV 22 Boechout
7,Victor Heylenlei 41,2022-10-01,07:00:00,2,1,1,FMN GV 22 Boechout
7,Victor Heylenlei 41,2022-10-01,08:00:00,15,10,5,FMN GV 22 Boechout
7,Victor Heylenlei 41,2022-10-01,09:00:00,25,9,16,FMN GV 22 Boechout
7,Victor Heylenlei 41,2022-10-01,10:00:00,33,17,16,FMN GV 22 Boechout
7,Victor Heylenlei 41,2022-10-01,11:00:00,67,39,28,FMN GV 22 Boechout
7,Victor Heylenlei 41,2022-10-01,12:00:00,72,43,29,FMN GV 22 Boechout
7,Victor Heylenlei 41,2022-10-01,13:00:00,152,42,110,FMN GV 22 Boechout
7,Victor Heylenlei 41,2022-10-01,14:00:00,75,30,45,FMN GV 22 Boechout
7,Victor Heylenlei 41,2022-10-01,15:00:00,100,48,52,FMN GV 22 Boechout
7,Victor Heylenlei 41,2022-10-01,16:00:00,91,61,30,FMN GV 22 Boechout
7,Victor Heylenlei 41,2022-10-01,17:00:00,82,47,35,FMN GV 22 Boechout
7,Victor Heylenlei 41,2022-10-01,18:00:00,54,28,26,FMN GV 22 Boechout
7,Victor Heylenlei 41,2022-10-01,19:00:00,32,15,17,FMN GV 22 Boechout
7,Victor Heylenlei 41,2022-10-01,20:00:00,17,16,1,FMN GV 22 Boechout
7,Victor Heylenlei 41,2022-10-01,21:00:00,20,10,10,FMN GV 22 Boechout
7,Victor Heylenlei 41,2022-10-01,22:00:00,17,9,8,FMN GV 22 Boechout
7,Victor Heylenlei 41,2022-10-01,23:00:00,13,9,4,FMN GV 22 Boechout
7,Victor Heylenlei 41,2022-10-02,00:00:00,8,4,4,FMN GV 22 Boechout
7,Victor Heylenlei 41,2022-10-02,01:00:00,4,4,0,FMN GV 22 Boechout
7,Victor Heylenlei 41,2022-10-02,02:00:00,12,3,9,FMN GV 22 Boechout
7,Victor Heylenlei 41,2022-10-02,03:00:00,9,7,2,FMN GV 22 Boechout
7,Victor Heylenlei 41,2022-10-02,04:00:00,3,3,0,FMN GV 22 Boechout
7,Victor Heylenlei 41,2022-10-02,05:00:00,11,7,4,FMN GV 22 Boechout
7,Victor Heylenlei 41,2022-10-02,06:00:00,2,0,2,FMN GV 22 Boechout
7,Victor Heylenlei 41,2022-10-02,07:00:00,3,1,2,FMN GV 22 Boechout
7,Victor Heylenlei 41,2022-10-02,08:00:00,18,8,10,FMN GV 22 Boechout
7,Victor Heylenlei 41,2022-10-02,09:00:00,86,29,57,FMN GV 22 Boechout
7,Victor Heylenlei 41,2022-10-02,10:00:00,87,35,52,FMN GV 22 Boechout
7,Victor Heylenlei 41,2022-10-02,11:00:00,95,59,36,FMN GV 22 Boechout
7,Victor Heylenlei 41,2022-10-02,12:00:00,86,44,42,FMN GV 22 Boechout
7,Victor Heylenlei 41,2022-10-02,13:00:00,89,51,38,FMN GV 22 Boechout
7,Victor Heylenlei 41,2022-10-02,14:00:00,101,44,57,FMN GV 22 Boechout
7,Victor Heylenlei 41,2022-10-02,15:00:00,88,44,44,FMN GV 22 Boechout
7,Victor Heylenlei 41,2022-10-02,16:00:00,103,55,48,FMN GV 22 Boechout
7,Victor Heylenlei 41,2022-10-02,17:00:00,124,63,61,FMN GV 22 Boechout
7,Victor Heylenlei 41,2022-10-02,18:00:00,72,47,25,FMN GV 22 Boechout
7,Victor Heylenlei 41,2022-10-02,19:00:00,40,30,10,FMN GV 22 Boechout
7,Victor Heylenlei 41,2022-10-02,20:00:00,23,13,10,FMN GV 22 Boechout
7,Victor Heylenlei 41,2022-10-02,21:00:00,10,7,3,FMN GV 22 Boechout
7,Victor Heylenlei 41,2022-10-02,22:00:00,11,3,8,FMN GV 22 Boechout
7,Victor Heylenlei 41,2022-10-02,23:00:00,6,2,4,FMN GV 22 Boechout
7,Victor Heylenlei 41,2022-10-03,00:00:00,1,1,0,FMN GV 22 Boechout
7,Victor Heylenlei 41,2022-10-03,01:00:00,2,0,2,FMN GV 22 Boechout
7,Victor Heylenlei 41,2022-10-03,02:00:00,1,1,0,FMN GV 22 Boechout
7,Victor Heylenlei 41,2022-10-03,03:00:00,0,0,0,FMN GV 22 Boechout
7,Victor Heylenlei 41,2022-10-03,04:00:00,2,2,0,FMN GV 22 Boechout
7,Victor Heylenlei 41,2022-10-03,05:00:00,15,8,7,FMN GV 22 Boechout
7,Victor Heylenlei 41,2022-10-03,06:00:00,34,28,6,FMN GV 22 Boechout
7,Victor Heylenlei 41,2022-10-03,07:00:00,172,135,37,FMN GV 22 Boechout
7,Victor Heylenlei 41,2022-10-03,08:00:00,312,152,160,FMN GV 22 Boechout
7,Victor Heylenlei 41,2022-10-03,09:00:00,67,48,19,FMN GV 22 Boechout
7,Victor Heylenlei 41,2022-10-03,10:00:00,36,21,15,FMN GV 22 Boechout
7,Victor Heylenlei 41,2022-10-03,11:00:00,59,33,26,FMN GV 22 Boechout
7,Victor Heylenlei 41,2022-10-03,12:00:00,66,25,41,FMN GV 22 Boechout
7,Victor Heylenlei 41,2022-10-03,13:00:00,112,45,67,FMN GV 22 Boechout
7,Victor Heylenlei 41,2022-10-03,14:00:00,139,60,79,FMN GV 22 Boechout
7,Victor Heylenlei 41,2022-10-03,15:00:00,135,64,71,FMN GV 22 Boechout
7,Victor Heylenlei 41,2022-10-03,16:00:00,290,178,112,FMN GV 22 Boechout
7,Victor Heylenlei 41,2022-10-03,17:00:00,189,53,136,FMN GV 22 Boechout
7,Victor Heylenlei 41,2022-10-03,18:00:00,107,38,69,FMN GV 22 Boechout
7,Victor Heylenlei 41,2022-10-03,19:00:00,62,27,35,FMN GV 22 Boechout
7,Victor Heylenlei 41,2022-10-03,20:00:00,38,23,15,FMN GV 22 Boechout
7,Victor Heylenlei 41,2022-10-03,21:00:00,19,7,12,FMN GV 22 Boechout
7,Victor Heylenlei 41,2022-10-03,22:00:00,23,8,15,FMN GV 22 Boechout
7,Victor Heylenlei 41,2022-10-03,23:00:00,8,0,8,FMN GV 22 Boechout
7,Victor Heylenlei 41,2022-10-04,00:00:00,3,2,1,FMN GV 22 Boechout
7,Victor Heylenlei 41,2022-10-04,01:00:00,5,4,1,FMN GV 22 Boechout
7,Victor Heylenlei 41,2022-10-04,02:00:00,0,0,0,FMN GV 22 Boechout
7,Victor Heylenlei 41,2022-10-04,03:00:00,2,1,1,FMN GV 22 Boechout
7,Victor Heylenlei 41,2022-10-04,04:00:00,2,1,1,FMN GV 22 Boechout
7,Victor Heylenlei 41,2022-10-04,05:00:00,19,10,9,FMN GV 22 Boechout
7,Victor Heylenlei 41,2022-10-04,06:00:00,46,37,9,FMN GV 22 Boechout
7,Victor Heylenlei 41,2022-10-04,07:00:00,178,148,30,FMN GV 22 Boechout
7,Victor Heylenlei 41,2022-10-04,08:00:00,186,136,50,FMN GV 22 Boechout
7,Victor Heylenlei 41,2022-10-04,09:00:00,75,42,33,FMN GV 22 Boechout
7,Victor Heylenlei 41,2022-10-04,10:00:00,64,24,40,FMN GV 22 Boechout
7,Victor Heylenlei 41,2022-10-04,11:00:00,80,48,32,FMN GV 22 Boechout
7,Victor Heylenlei 41,2022-10-04,12:00:00,112,55,57,FMN GV 22 Boechout
7,Victor Heylenlei 41,2022-10-04,13:00:00,148,64,84,FMN GV 22 Boechout
7,Victor Heylenlei 41,2022-10-04,14:00:00,194,84,110,FMN GV 22 Boechout
7,Victor Heylenlei 41,2022-10-04,15:00:00,173,75,98,FMN GV 22 Boechout
7,Victor Heylenlei 41,2022-10-04,16:00:00,241,91,150,FMN GV 22 Boechout
7,Victor Heylenlei 41,2022-10-04,17:00:00,250,76,174,FMN GV 22 Boechout
7,Victor Heylenlei 41,2022-10-04,18:00:00,141,62,79,FMN GV 22 Boechout
7,Victor Heylenlei 41,2022-10-04,19:00:00,89,38,51,FMN GV 22 Boechout
7,Victor Heylenlei 41,2022-10-04,20:00:00,62,34,28,FMN GV 22 Boechout
7,Victor Heylenlei 41,2022-10-04,21:00:00,41,30,11,FMN GV 22 Boechout
7,Victor Heylenlei 41,2022-10-04,22:00:00,28,16,12,FMN GV 22 Boechout
7,Victor Heylenlei 41,2022-10-04,23:00:00,15,6,9,FMN GV 22 Boechout
7,Victor Heylenlei 41,2022-10-05,00:00:00,12,10,2,FMN GV 22 Boechout
7,Victor Heylenlei 41,2022-10-05,01:00:00,8,8,0,FMN GV 22 Boechout
7,Victor Heylenlei 41,2022-10-05,02:00:00,3,2,1,FMN GV 22 Boechout
7,Victor Heylenlei 41,2022-10-05,03:00:00,17,16,1,FMN GV 22 Boechout
7,Victor Heylenlei 41,2022-10-05,04:00:00,5,5,0,FMN GV 22 Boechout
7,Victor Heylenlei 41,2022-10-05,05:00:00,19,10,9,FMN GV 22 Boechout
7,Victor Heylenlei 41,2022-10-05,06:00:00,44,34,10,FMN GV 22 Boechout
7,Victor Heylenlei 41,2022-10-05,07:00:00,193,149,44,FMN GV 22 Boechout
7,Victor Heylenlei 41,2022-10-05,08:00:00,322,156,166,FMN GV 22 Boechout
7,Victor Heylenlei 41,2022-10-05,09:00:00,75,48,27,FMN GV 22 Boechout
7,Victor Heylenlei 41,2022-10-05,10:00:00,65,32,33,FMN GV 22 Boechout
7,Victor Heylenlei 41,2022-10-05,11:00:00,72,44,28,FMN GV 22 Boechout
7,Victor Heylenlei 41,2022-10-05,12:00:00,264,181,83,FMN GV 22 Boechout
7,Victor Heylenlei 41,2022-10-05,13:00:00,152,58,94,FMN GV 22 Boechout
7,Victor Heylenlei 41,2022-10-05,14:00:00,113,58,55,FMN GV 22 Boechout
7,Victor Heylenlei 41,2022-10-05,15:00:00,105,43,62,FMN GV 22 Boechout
7,Victor Heylenlei 41,2022-10-05,16:00:00,155,46,109,FMN GV 22 Boechout
7,Victor Heylenlei 41,2022-10-05,17:00:00,166,50,116,FMN GV 22 Boechout
7,Victor Heylenlei 41,2022-10-05,18:00:00,126,39,87,FMN GV 22 Boechout
7,Victor Heylenlei 41,2022-10-05,19:00:00,67,33,34,FMN GV 22 Boechout
7,Victor Heylenlei 41,2022-10-05,20:00:00,37,22,15,FMN GV 22 Boechout
7,Victor Heylenlei 41,2022-10-05,21:00:00,23,11,12,FMN GV 22 Boechout
7,Victor Heylenlei 41,2022-10-05,22:00:00,27,10,17,FMN GV 22 Boechout
7,Victor Heylenlei 41,2022-10-05,23:00:00,4,1,3,FMN GV 22 Boechout
7,Victor Heylenlei 41,2022-10-06,00:00:00,3,1,2,FMN GV 22 Boechout
7,Victor Heylenlei 41,2022-10-06,01:00:00,0,0,0,FMN GV 22 Boechout
7,Victor Heylenlei 41,2022-10-06,02:00:00,1,0,1,FMN GV 22 Boechout
7,Victor Heylenlei 41,2022-10-06,03:00:00,3,2,1,FMN GV 22 Boechout
7,Victor Heylenlei 41,2022-10-06,04:00:00,1,1,0,FMN GV 22 Boechout
7,Victor Heylenlei 41,2022-10-06,05:00:00,16,8,8,FMN GV 22 Boechout
7,Victor Heylenlei 41,2022-10-06,06:00:00,41,33,8,FMN GV 22 Boechout
7,Victor Heylenlei 41,2022-10-06,07:00:00,170,131,39,FMN GV 22 Boechout
7,Victor Heylenlei 41,2022-10-06,08:00:00,333,154,179,FMN GV 22 Boechout
7,Victor Heylenlei 41,2022-10-06,09:00:00,72,43,29,FMN GV 22 Boechout
7,Victor Heylenlei 41,2022-10-06,10:00:00,53,21,32,FMN GV 22 Boechout
7,Victor Heylenlei 41,2022-10-06,11:00:00,82,40,42,FMN GV 22 Boechout
7,Victor Heylenlei 41,2022-10-06,12:00:00,78,38,40,FMN GV 22 Boechout
7,Victor Heylenlei 41,2022-10-06,13:00:00,146,48,98,FMN GV 22 Boechout
7,Victor Heylenlei 41,2022-10-06,14:00:00,148,72,76,FMN GV 22 Boechout
7,Victor Heylenlei 41,2022-10-06,15:00:00,155,64,91,FMN GV 22 Boechout
7,Victor Heylenlei 41,2022-10-06,16:00:00,358,212,146,FMN GV 22 Boechout
7,Victor Heylenlei 41,2022-10-06,17:00:00,248,81,167,FMN GV 22 Boechout
7,Victor Heylenlei 41,2022-10-06,18:00:00,131,49,82,FMN GV 22 Boechout
7,Victor Heylenlei 41,2022-10-06,19:00:00,62,34,28,FMN GV 22 Boechout
7,Victor Heylenlei 41,2022-10-06,20:00:00,53,28,25,FMN GV 22 Boechout
7,Victor Heylenlei 41,2022-10-06,21:00:00,24,15,9,FMN GV 22 Boechout
7,Victor Heylenlei 41,2022-10-06,22:00:00,32,12,20,FMN GV 22 Boechout
7,Victor Heylenlei 41,2022-10-06,23:00:00,14,7,7,FMN GV 22 Boechout
7,Victor Heylenlei 41,2022-10-07,00:00:00,8,2,6,FMN GV 22 Boechout
7,Victor Heylenlei 41,2022-10-07,01:00:00,3,0,3,FMN GV 22 Boechout
7,Victor Heylenlei 41,2022-10-07,02:00:00,0,0,0,FMN GV 22 Boechout
7,Victor Heylenlei 41,2022-10-07,03:00:00,2,1,1,FMN GV 22 Boechout
7,Victor Heylenlei 41,2022-10-07,04:00:00,3,3,0,FMN GV 22 Boechout
7,Victor Heylenlei 41,2022-10-07,05:00:00,19,10,9,FMN GV 22 Boechout
7,Victor Heylenlei 41,2022-10-07,06:00:00,35,26,9,FMN GV 22 Boechout
7,Victor Heylenlei 41,2022-10-07,07:00:00,157,115,42,FMN GV 22 Boechout
7,Victor Heylenlei 41,2022-10-07,08:00:00,278,120,158,FMN GV 22 Boechout
7,Victor Heylenlei 41,2022-10-07,09:00:00,62,42,20,FMN GV 22 Boechout
7,Victor Heylenlei 41,2022-10-07,10:00:00,39,19,20,FMN GV 22 Boechout
7,Victor Heylenlei 41,2022-10-07,11:00:00,79,51,28,FMN GV 22 Boechout
7,Victor Heylenlei 41,2022-10-07,12:00:00,115,53,62,FMN GV 22 Boechout
7,Victor Heylenlei 41,2022-10-07,13:00:00,94,47,47,FMN GV 22 Boechout
7,Victor Heylenlei 41,2022-10-07,14:00:00,106,45,61,FMN GV 22 Boechout
7,Victor Heylenlei 41,2022-10-07,15:00:00,146,67,79,FMN GV 22 Boechout
7,Victor Heylenlei 41,2022-10-07,16:00:00,301,189,112,FMN GV 22 Boechout
7,Victor Heylenlei 41,2022-10-07,17:00:00,179,74,105,FMN GV 22 Boechout
7,Victor Heylenlei 41,2022-10-07,18:00:00,105,45,60,FMN GV 22 Boechout
7,Victor Heylenlei 41,2022-10-07,19:00:00,48,21,27,FMN GV 22 Boechout
7,Victor Heylenlei 41,2022-10-07,20:00:00,43,20,23,FMN GV 22 Boechout
7,Victor Heylenlei 41,2022-10-07,21:00:00,20,12,8,FMN GV 22 Boechout
7,Victor Heylenlei 41,2022-10-07,22:00:00,25,8,17,FMN GV 22 Boechout
7,Victor Heylenlei 41,2022-10-07,23:00:00,16,9,7,FMN GV 22 Boechout
7,Victor Heylenlei 41,2022-10-08,00:00:00,7,3,4,FMN GV 22 Boechout
7,Victor Heylenlei 41,2022-10-08,01:00:00,9,5,4,FMN GV 22 Boechout
7,Victor Heylenlei 41,2022-10-08,02:00:00,8,6,2,FMN GV 22 Boechout
7,Victor Heylenlei 41,2022-10-08,03:00:00,4,1,3,FMN GV 22 Boechout
7,Victor Heylenlei 41,2022-10-08,04:00:00,3,3,0,FMN GV 22 Boechout
7,Victor Heylenlei 41,2022-10-08,05:00:00,4,1,3,FMN GV 22 Boechout
7,Victor Heylenlei 41,2022-10-08,06:00:00,13,4,9,FMN GV 22 Boechout
7,Victor Heylenlei 41,2022-10-08,07:00:00,2,1,1,FMN GV 22 Boechout
7,Victor Heylenlei 41,2022-10-08,08:00:00,25,11,14,FMN GV 22 Boechout
7,Victor Heylenlei 41,2022-10-08,09:00:00,65,25,40,FMN GV 22 Boechout
7,Victor Heylenlei 41,2022-10-08,10:00:00,81,46,35,FMN GV 22 Boechout
7,Victor Heylenlei 41,2022-10-08,11:00:00,74,43,31,FMN GV 22 Boechout
7,Victor Heylenlei 41,2022-10-08,12:00:00,100,72,28,FMN GV 22 Boechout
7,Victor Heylenlei 41,2022-10-08,13:00:00,155,68,87,FMN GV 22 Boechout
7,Victor Heylenlei 41,2022-10-08,14:00:00,125,66,59,FMN GV 22 Boechout
7,Victor Heylenlei 41,2022-10-08,15:00:00,113,55,58,FMN GV 22 Boechout
7,Victor Heylenlei 41,2022-10-08,16:00:00,128,71,57,FMN GV 22 Boechout
7,Victor Heylenlei 41,2022-10-08,17:00:00,86,39,47,FMN GV 22 Boechout
7,Victor Heylenlei 41,2022-10-08,18:00:00,85,42,43,FMN GV 22 Boechout
7,Victor Heylenlei 41,2022-10-08,19:00:00,40,27,13,FMN GV 22 Boechout
7,Victor Heylenlei 41,2022-10-08,20:00:00,25,13,12,FMN GV 22 Boechout
7,Victor Heylenlei 41,2022-10-08,21:00:00,22,17,5,FMN GV 22 Boechout
7,Victor Heylenlei 41,2022-10-08,22:00:00,19,1,18,FMN GV 22 Boechout
7,Victor Heylenlei 41,2022-10-08,23:00:00,27,15,12,FMN GV 22 Boechout
7,Victor Heylenlei 41,2022-10-09,00:00:00,14,6,8,FMN GV 22 Boechout
7,Victor Heylenlei 41,2022-10-09,01:00:00,13,2,11,FMN GV 22 Boechout
7,Victor Heylenlei 41,2022-10-09,02:00:00,2,1,1,FMN GV 22 Boechout
7,Victor Heylenlei 41,2022-10-09,03:00:00,5,2,3,FMN GV 22 Boechout
7,Victor Heylenlei 41,2022-10-09,04:00:00,1,1,0,FMN GV 22 Boechout
7,Victor Heylenlei 41,2022-10-09,05:00:00,7,0,7,FMN GV 22 Boechout
7,Victor Heylenlei 41,2022-10-09,06:00:00,2,1,1,FMN GV 22 Boechout
7,Victor Heylenlei 41,2022-10-09,07:00:00,7,3,4,FMN GV 22 Boechout
7,Victor Heylenlei 41,2022-10-09,08:00:00,23,7,16,FMN GV 22 Boechout
7,Victor Heylenlei 41,2022-10-09,09:00:00,104,41,63,FMN GV 22 Boechout
7,Victor Heylenlei 41,2022-10-09,10:00:00,140,57,83,FMN GV 22 Boechout
7,Victor Heylenlei 41,2022-10-09,11:00:00,206,106,100,FMN GV 22 Boechout
7,Victor Heylenlei 41,2022-10-09,12:00:00,134,69,65,FMN GV 22 Boechout
7,Victor Heylenlei 41,2022-10-09,13:00:00,208,97,111,FMN GV 22 Boechout
7,Victor Heylenlei 41,2022-10-09,14:00:00,279,105,174,FMN GV 22 Boechout
7,Victor Heylenlei 41,2022-10-09,15:00:00,216,109,107,FMN GV 22 Boechout
7,Victor Heylenlei 41,2022-10-09,16:00:00,203,123,80,FMN GV 22 Boechout
7,Victor Heylenlei 41,2022-10-09,17:00:00,180,103,77,FMN GV 22 Boechout
7,Victor Heylenlei 41,2022-10-09,18:00:00,85,62,23,FMN GV 22 Boechout
7,Victor Heylenlei 41,2022-10-09,19:00:00,29,16,13,FMN GV 22 Boechout
7,Victor Heylenlei 41,2022-10-09,20:00:00,16,9,7,FMN GV 22 Boechout
7,Victor Heylenlei 41,2022-10-09,21:00:00,15,4,11,FMN GV 22 Boechout
7,Victor Heylenlei 41,2022-10-09,22:00:00,13,6,7,FMN GV 22 Boechout
7,Victor Heylenlei 41,2022-10-09,23:00:00,2,0,2,FMN GV 22 Boechout
7,Victor Heylenlei 41,2022-10-10,00:00:00,5,3,2,FMN GV 22 Boechout
7,Victor Heylenlei 41,2022-10-10,01:00:00,6,3,3,FMN GV 22 Boechout
7,Victor Heylenlei 41,2022-10-10,02:00:00,2,2,0,FMN GV 22 Boechout
7,Victor Heylenlei 41,2022-10-10,03:00:00,3,3,0,FMN GV 22 Boechout
7,Victor Heylenlei 41,2022-10-10,04:00:00,2,1,1,FMN GV 22 Boechout
7,Victor Heylenlei 41,2022-10-10,05:00:00,16,11,5,FMN GV 22 Boechout
7,Victor Heylenlei 41,2022-10-10,06:00:00,39,30,9,FMN GV 22 Boechout
7,Victor Heylenlei 41,2022-10-10,07:00:00,165,134,31,FMN GV 22 Boechout
7,Victor Heylenlei 41,2022-10-10,08:00:00,324,160,164,FMN GV 22 Boechout
7,Victor Heylenlei 41,2022-10-10,09:00:00,54,39,15,FMN GV 22 Boechout
7,Victor Heylenlei 41,2022-10-10,10:00:00,40,25,15,FMN GV 22 Boechout
7,Victor Heylenlei 41,2022-10-10,11:00:00,51,33,18,FMN GV 22 Boechout
7,Victor Heylenlei 41,2022-10-10,12:00:00,75,38,37,FMN GV 22 Boechout
7,Victor Heylenlei 41,2022-10-10,13:00:00,78,39,39,FMN GV 22 Boechout
7,Victor Heylenlei 41,2022-10-10,14:00:00,71,37,34,FMN GV 22 Boechout
7,Victor Heylenlei 41,2022-10-10,15:00:00,98,38,60,FMN GV 22 Boechout
7,Victor Heylenlei 41,2022-10-10,16:00:00,250,137,113,FMN GV 22 Boechout
7,Victor Heylenlei 41,2022-10-10,17:00:00,157,35,122,FMN GV 22 Boechout
7,Victor Heylenlei 41,2022-10-10,18:00:00,87,22,65,FMN GV 22 Boechout
7,Victor Heylenlei 41,2022-10-10,19:00:00,38,13,25,FMN GV 22 Boechout
7,Victor Heylenlei 41,2022-10-10,20:00:00,29,15,14,FMN GV 22 Boechout
7,Victor Heylenlei 41,2022-10-10,21:00:00,11,6,5,FMN GV 22 Boechout
7,Victor Heylenlei 41,2022-10-10,22:00:00,19,5,14,FMN GV 22 Boechout
7,Victor Heylenlei 41,2022-10-10,23:00:00,7,2,5,FMN GV 22 Boechout
7,Victor Heylenlei 41,2022-10-11,00:00:00,1,1,0,FMN GV 22 Boechout
7,Victor Heylenlei 41,2022-10-11,01:00:00,2,1,1,FMN GV 22 Boechout
7,Victor Heylenlei 41,2022-10-11,02:00:00,2,1,1,FMN GV 22 Boechout
7,Victor Heylenlei 41,2022-10-11,03:00:00,1,1,0,FMN GV 22 Boechout
7,Victor Heylenlei 41,2022-10-11,04:00:00,4,3,1,FMN GV 22 Boechout
7,Victor Heylenlei 41,2022-10-11,05:00:00,15,13,2,FMN GV 22 Boechout
7,Victor Heylenlei 41,2022-10-11,06:00:00,43,33,10,FMN GV 22 Boechout
7,Victor Heylenlei 41,2022-10-11,07:00:00,133,106,27,FMN GV 22 Boechout
7,Victor Heylenlei 41,2022-10-11,08:00:00,197,102,95,FMN GV 22 Boechout
7,Victor Heylenlei 41,2022-10-11,09:00:00,70,37,33,FMN GV 22 Boechout
7,Victor Heylenlei 41,2022-10-11,10:00:00,63,34,29,FMN GV 22 Boechout
7,Victor Heylenlei 41,2022-10-11,11:00:00,64,37,27,FMN GV 22 Boechout
7,Victor Heylenlei 41,2022-10-11,12:00:00,84,44,40,FMN GV 22 Boechout
7,Victor Heylenlei 41,2022-10-11,13:00:00,103,46,57,FMN GV 22 Boechout
7,Victor Heylenlei 41,2022-10-11,14:00:00,109,58,51,FMN GV 22 Boechout
7,Victor Heylenlei 41,2022-10-11,15:00:00,126,47,79,FMN GV 22 Boechout
7,Victor Heylenlei 41,2022-10-11,16:00:00,232,113,119,FMN GV 22 Boechout
7,Victor Heylenlei 41,2022-10-11,17:00:00,178,64,114,FMN GV 22 Boechout
7,Victor Heylenlei 41,2022-10-11,18:00:00,114,43,71,FMN GV 22 Boechout
7,Victor Heylenlei 41,2022-10-11,19:00:00,81,36,45,FMN GV 22 Boechout
7,Victor Heylenlei 41,2022-10-11,20:00:00,87,54,33,FMN GV 22 Boechout
7,Victor Heylenlei 41,2022-10-11,21:00:00,33,21,12,FMN GV 22 Boechout
7,Victor Heylenlei 41,2022-10-11,22:00:00,30,14,16,FMN GV 22 Boechout
7,Victor Heylenlei 41,2022-10-11,23:00:00,7,3,4,FMN GV 22 Boechout
7,Victor Heylenlei 41,2022-10-12,00:00:00,4,4,0,FMN GV 22 Boechout
7,Victor Heylenlei 41,2022-10-12,01:00:00,3,2,1,FMN GV 22 Boechout
7,Victor Heylenlei 41,2022-10-12,02:00:00,2,0,2,FMN GV 22 Boechout
7,Victor Heylenlei 41,2022-10-12,03:00:00,4,3,1,FMN GV 22 Boechout
7,Victor Heylenlei 41,2022-10-12,04:00:00,4,2,2,FMN GV 22 Boechout
7,Victor Heylenlei 41,2022-10-12,05:00:00,10,6,4,FMN GV 22 Boechout
7,Victor Heylenlei 41,2022-10-12,06:00:00,34,24,10,FMN GV 22 Boechout
7,Victor Heylenlei 41,2022-10-12,07:00:00,160,116,44,FMN GV 22 Boechout
7,Victor Heylenlei 41,2022-10-12,08:00:00,299,132,167,FMN GV 22 Boechout
7,Victor Heylenlei 41,2022-10-12,09:00:00,69,35,34,FMN GV 22 Boechout
7,Victor Heylenlei 41,2022-10-12,10:00:00,50,29,21,FMN GV 22 Boechout
7,Victor Heylenlei 41,2022-10-12,11:00:00,49,29,20,FMN GV 22 Boechout
7,Victor Heylenlei 41,2022-10-12,12:00:00,184,111,73,FMN GV 22 Boechout
7,Victor Heylenlei 41,2022-10-12,13:00:00,193,84,109,FMN GV 22 Boechout
7,Victor Heylenlei 41,2022-10-12,14:00:00,148,69,79,FMN GV 22 Boechout
7,Victor Heylenlei 41,2022-10-12,15:00:00,108,42,66,FMN GV 22 Boechout
7,Victor Heylenlei 41,2022-10-12,16:00:00,173,70,103,FMN GV 22 Boechout
7,Victor Heylenlei 41,2022-10-12,17:00:00,182,59,123,FMN GV 22 Boechout
7,Victor Heylenlei 41,2022-10-12,18:00:00,114,46,68,FMN GV 22 Boechout
7,Victor Heylenlei 41,2022-10-12,19:00:00,52,23,29,FMN GV 22 Boechout
7,Victor Heylenlei 41,2022-10-12,20:00:00,36,19,17,FMN GV 22 Boechout
7,Victor Heylenlei 41,2022-10-12,21:00:00,21,13,8,FMN GV 22 Boechout
7,Victor Heylenlei 41,2022-10-12,22:00:00,37,15,22,FMN GV 22 Boechout
7,Victor Heylenlei 41,2022-10-12,23:00:00,5,4,1,FMN GV 22 Boechout
7,Victor Heylenlei 41,2022-10-13,00:00:00,3,0,3,FMN GV 22 Boechout
7,Victor Heylenlei 41,2022-10-13,01:00:00,0,0,0,FMN GV 22 Boechout
7,Victor Heylenlei 41,2022-10-13,02:00:00,3,1,2,FMN GV 22 Boechout
7,Victor Heylenlei 41,2022-10-13,03:00:00,2,1,1,FMN GV 22 Boechout
7,Victor Heylenlei 41,2022-10-13,04:00:00,1,0,1,FMN GV 22 Boechout
7,Victor Heylenlei 41,2022-10-13,05:00:00,13,7,6,FMN GV 22 Boechout
7,Victor Heylenlei 41,2022-10-13,06:00:00,30,25,5,FMN GV 22 Boechout
7,Victor Heylenlei 41,2022-10-13,07:00:00,148,116,32,FMN GV 22 Boechout
7,Victor Heylenlei 41,2022-10-13,08:00:00,278,135,143,FMN GV 22 Boechout
7,Victor Heylenlei 41,2022-10-13,09:00:00,47,36,11,FMN GV 22 Boechout
7,Victor Heylenlei 41,2022-10-13,10:00:00,37,19,18,FMN GV 22 Boechout
7,Victor Heylenlei 41,2022-10-13,11:00:00,30,18,12,FMN GV 22 Boechout
7,Victor Heylenlei 41,2022-10-13,12:00:00,32,17,15,FMN GV 22 Boechout
7,Victor Heylenlei 41,2022-10-13,13:00:00,43,24,19,FMN GV 22 Boechout
7,Victor Heylenlei 41,2022-10-13,14:00:00,44,11,33,FMN GV 22 Boechout
7,Victor Heylenlei 41,2022-10-13,15:00:00,91,37,54,FMN GV 22 Boechout
7,Victor Heylenlei 41,2022-10-13,16:00:00,234,140,94,FMN GV 22 Boechout
7,Victor Heylenlei 41,2022-10-13,17:00:00,148,38,110,FMN GV 22 Boechout
7,Victor Heylenlei 41,2022-10-13,18:00:00,88,26,62,FMN GV 22 Boechout
7,Victor Heylenlei 41,2022-10-13,19:00:00,26,8,18,FMN GV 22 Boechout
7,Victor Heylenlei 41,2022-10-13,20:00:00,28,10,18,FMN GV 22 Boechout
7,Victor Heylenlei 41,2022-10-13,21:00:00,14,9,5,FMN GV 22 Boechout
7,Victor Heylenlei 41,2022-10-13,22:00:00,23,12,11,FMN GV 22 Boechout
7,Victor Heylenlei 41,2022-10-13,23:00:00,6,3,3,FMN GV 22 Boechout
7,Victor Heylenlei 41,2022-10-14,00:00:00,2,1,1,FMN GV 22 Boechout
7,Victor Heylenlei 41,2022-10-14,01:00:00,7,4,3,FMN GV 22 Boechout
7,Victor Heylenlei 41,2022-10-14,02:00:00,1,0,1,FMN GV 22 Boechout
7,Victor Heylenlei 41,2022-10-14,03:00:00,4,2,2,FMN GV 22 Boechout
7,Victor Heylenlei 41,2022-10-14,04:00:00,2,1,1,FMN GV 22 Boechout
7,Victor Heylenlei 41,2022-10-14,05:00:00,19,11,8,FMN GV 22 Boechout
7,Victor Heylenlei 41,2022-10-14,06:00:00,29,23,6,FMN GV 22 Boechout
7,Victor Heylenlei 41,2022-10-14,07:00:00,119,89,30,FMN GV 22 Boechout
7,Victor Heylenlei 41,2022-10-14,08:00:00,257,109,148,FMN GV 22 Boechout
7,Victor Heylenlei 41,2022-10-14,09:00:00,23,13,10,FMN GV 22 Boechout
7,Victor Heylenlei 41,2022-10-14,10:00:00,28,17,11,FMN GV 22 Boechout
7,Victor Heylenlei 41,2022-10-14,11:00:00,30,16,14,FMN GV 22 Boechout
7,Victor Heylenlei 41,2022-10-14,12:00:00,40,24,16,FMN GV 22 Boechout
7,Victor Heylenlei 41,2022-10-14,13:00:00,30,13,17,FMN GV 22 Boechout
7,Victor Heylenlei 41,2022-10-14,14:00:00,46,18,28,FMN GV 22 Boechout
7,Victor Heylenlei 41,2022-10-14,15:00:00,81,34,47,FMN GV 22 Boechout
7,Victor Heylenlei 41,2022-10-14,16:00:00,226,139,87,FMN GV 22 Boechout
7,Victor Heylenlei 41,2022-10-14,17:00:00,103,39,64,FMN GV 22 Boechout
7,Victor Heylenlei 41,2022-10-14,18:00:00,94,34,60,FMN GV 22 Boechout
7,Victor Heylenlei 41,2022-10-14,19:00:00,59,24,35,FMN GV 22 Boechout
7,Victor Heylenlei 41,2022-10-14,20:00:00,27,12,15,FMN GV 22 Boechout
7,Victor Heylenlei 41,2022-10-14,21:00:00,23,14,9,FMN GV 22 Boechout
7,Victor Heylenlei 41,2022-10-14,22:00:00,20,6,14,FMN GV 22 Boechout
7,Victor Heylenlei 41,2022-10-14,23:00:00,20,4,16,FMN GV 22 Boechout
7,Victor Heylenlei 41,2022-10-15,00:00:00,13,9,4,FMN GV 22 Boechout
7,Victor Heylenlei 41,2022-10-15,01:00:00,11,4,7,FMN GV 22 Boechout
7,Victor Heylenlei 41,2022-10-15,02:00:00,7,2,5,FMN GV 22 Boechout
7,Victor Heylenlei 41,2022-10-15,03:00:00,2,1,1,FMN GV 22 Boechout
7,Victor Heylenlei 41,2022-10-15,04:00:00,7,2,5,FMN GV 22 Boechout
7,Victor Heylenlei 41,2022-10-15,05:00:00,9,7,2,FMN GV 22 Boechout
7,Victor Heylenlei 41,2022-10-15,06:00:00,4,1,3,FMN GV 22 Boechout
7,Victor Heylenlei 41,2022-10-15,07:00:00,6,4,2,FMN GV 22 Boechout
7,Victor Heylenlei 41,2022-10-15,08:00:00,25,13,12,FMN GV 22 Boechout
7,Victor Heylenlei 41,2022-10-15,09:00:00,59,18,41,FMN GV 22 Boechout
7,Victor Heylenlei 41,2022-10-15,10:00:00,46,30,16,FMN GV 22 Boechout
7,Victor Heylenlei 41,2022-10-15,11:00:00,60,34,26,FMN GV 22 Boechout
7,Victor Heylenlei 41,2022-10-15,12:00:00,39,21,18,FMN GV 22 Boechout
7,Victor Heylenlei 41,2022-10-15,13:00:00,64,29,35,FMN GV 22 Boechout
7,Victor Heylenlei 41,2022-10-15,14:00:00,65,35,30,FMN GV 22 Boechout
7,Victor Heylenlei 41,2022-10-15,15:00:00,76,37,39,FMN GV 22 Boechout
7,Victor Heylenlei 41,2022-10-15,16:00:00,87,48,39,FMN GV 22 Boechout
7,Victor Heylenlei 41,2022-10-15,17:00:00,77,44,33,FMN GV 22 Boechout
7,Victor Heylenlei 41,2022-10-15,18:00:00,53,27,26,FMN GV 22 Boechout
7,Victor Heylenlei 41,2022-10-15,19:00:00,32,15,17,FMN GV 22 Boechout
7,Victor Heylenlei 41,2022-10-15,20:00:00,22,7,15,FMN GV 22 Boechout
7,Victor Heylenlei 41,2022-10-15,21:00:00,16,10,6,FMN GV 22 Boechout
7,Victor Heylenlei 41,2022-10-15,22:00:00,11,4,7,FMN GV 22 Boechout
7,Victor Heylenlei 41,2022-10-15,23:00:00,9,7,2,FMN GV 22 Boechout
7,Victor Heylenlei 41,2022-10-16,00:00:00,17,11,6,FMN GV 22 Boechout
7,Victor Heylenlei 41,2022-10-16,01:00:00,17,11,6,FMN GV 22 Boechout
7,Victor Heylenlei 41,2022-10-16,02:00:00,11,9,2,FMN GV 22 Boechout
7,Victor Heylenlei 41,2022-10-16,03:00:00,4,3,1,FMN GV 22 Boechout
7,Victor Heylenlei 41,2022-10-16,04:00:00,4,2,2,FMN GV 22 Boechout
7,Victor Heylenlei 41,2022-10-16,05:00:00,4,4,0,FMN GV 22 Boechout
7,Victor Heylenlei 41,2022-10-16,06:00:00,2,2,0,FMN GV 22 Boechout
7,Victor Heylenlei 41,2022-10-16,07:00:00,3,1,2,FMN GV 22 Boechout
7,Victor Heylenlei 41,2022-10-16,08:00:00,23,11,12,FMN GV 22 Boechout
7,Victor Heylenlei 41,2022-10-16,09:00:00,132,44,88,FMN GV 22 Boechout
7,Victor Heylenlei 41,2022-10-16,10:00:00,115,59,56,FMN GV 22 Boechout
7,Victor Heylenlei 41,2022-10-16,11:00:00,148,90,58,FMN GV 22 Boechout
7,Victor Heylenlei 41,2022-10-16,12:00:00,171,99,72,FMN GV 22 Boechout
7,Victor Heylenlei 41,2022-10-16,13:00:00,168,96,72,FMN GV 22 Boechout
7,Victor Heylenlei 41,2022-10-16,14:00:00,223,106,117,FMN GV 22 Boechout
7,Victor Heylenlei 41,2022-10-16,15:00:00,229,108,121,FMN GV 22 Boechout
7,Victor Heylenlei 41,2022-10-16,16:00:00,132,69,63,FMN GV 22 Boechout
7,Victor Heylenlei 41,2022-10-16,17:00:00,102,52,50,FMN GV 22 Boechout
7,Victor Heylenlei 41,2022-10-16,18:00:00,62,33,29,FMN GV 22 Boechout
7,Victor Heylenlei 41,2022-10-16,19:00:00,29,16,13,FMN GV 22 Boechout
7,Victor Heylenlei 41,2022-10-16,20:00:00,17,8,9,FMN GV 22 Boechout
7,Victor Heylenlei 41,2022-10-16,21:00:00,10,7,3,FMN GV 22 Boechout
7,Victor Heylenlei 41,2022-10-16,22:00:00,15,6,9,FMN GV 22 Boechout
7,Victor Heylenlei 41,2022-10-16,23:00:00,7,3,4,FMN GV 22 Boechout
7,Victor Heylenlei 41,2022-10-17,00:00:00,2,1,1,FMN GV 22 Boechout
7,Victor Heylenlei 41,2022-10-17,01:00:00,0,0,0,FMN GV 22 Boechout
7,Victor Heylenlei 41,2022-10-17,02:00:00,0,0,0,FMN GV 22 Boechout
7,Victor Heylenlei 41,2022-10-17,03:00:00,0,0,0,FMN GV 22 Boechout
7,Victor Heylenlei 41,2022-10-17,04:00:00,2,2,0,FMN GV 22 Boechout
7,Victor Heylenlei 41,2022-10-17,05:00:00,24,16,8,FMN GV 22 Boechout
7,Victor Heylenlei 41,2022-10-17,06:00:00,37,32,5,FMN GV 22 Boechout
7,Victor Heylenlei 41,2022-10-17,07:00:00,158,124,34,FMN GV 22 Boechout
7,Victor Heylenlei 41,2022-10-17,08:00:00,251,95,156,FMN GV 22 Boechout
7,Victor Heylenlei 41,2022-10-17,09:00:00,29,20,9,FMN GV 22 Boechout
7,Victor Heylenlei 41,2022-10-17,10:00:00,10,7,3,FMN GV 22 Boechout
7,Victor Heylenlei 41,2022-10-17,11:00:00,13,7,6,FMN GV 22 Boechout
7,Victor Heylenlei 41,2022-10-17,12:00:00,33,22,11,FMN GV 22 Boechout
7,Victor Heylenlei 41,2022-10-17,13:00:00,34,17,17,FMN GV 22 Boechout
7,Victor Heylenlei 41,2022-10-17,14:00:00,39,18,21,FMN GV 22 Boechout
7,Victor Heylenlei 41,2022-10-17,15:00:00,64,21,43,FMN GV 22 Boechout
7,Victor Heylenlei 41,2022-10-17,16:00:00,236,140,96,FMN GV 22 Boechout
7,Victor Heylenlei 41,2022-10-17,17:00:00,151,45,106,FMN GV 22 Boechout
7,Victor Heylenlei 41,2022-10-17,18:00:00,73,21,52,FMN GV 22 Boechout
7,Victor Heylenlei 41,2022-10-17,19:00:00,28,11,17,FMN GV 22 Boechout
7,Victor Heylenlei 41,2022-10-17,20:00:00,24,16,8,FMN GV 22 Boechout
7,Victor Heylenlei 41,2022-10-17,21:00:00,11,6,5,FMN GV 22 Boechout
7,Victor Heylenlei 41,2022-10-17,22:00:00,17,5,12,FMN GV 22 Boechout
7,Victor Heylenlei 41,2022-10-17,23:00:00,5,0,5,FMN GV 22 Boechout
7,Victor Heylenlei 41,2022-10-18,00:00:00,0,0,0,FMN GV 22 Boechout
7,Victor Heylenlei 41,2022-10-18,01:00:00,0,0,0,FMN GV 22 Boechout
7,Victor Heylenlei 41,2022-10-18,02:00:00,2,1,1,FMN GV 22 Boechout
7,Victor Heylenlei 41,2022-10-18,03:00:00,1,0,1,FMN GV 22 Boechout
7,Victor Heylenlei 41,2022-10-18,04:00:00,4,3,1,FMN GV 22 Boechout
7,Victor Heylenlei 41,2022-10-18,05:00:00,19,13,6,FMN GV 22 Boechout
7,Victor Heylenlei 41,2022-10-18,06:00:00,60,48,12,FMN GV 22 Boechout
7,Victor Heylenlei 41,2022-10-18,07:00:00,193,142,51,FMN GV 22 Boechout
7,Victor Heylenlei 41,2022-10-18,08:00:00,311,156,155,FMN GV 22 Boechout
7,Victor Heylenlei 41,2022-10-18,09:00:00,71,45,26,FMN GV 22 Boechout
7,Victor Heylenlei 41,2022-10-18,10:00:00,64,40,24,FMN GV 22 Boechout
7,Victor Heylenlei 41,2022-10-18,11:00:00,47,28,19,FMN GV 22 Boechout
7,Victor Heylenlei 41,2022-10-18,12:00:00,78,42,36,FMN GV 22 Boechout
7,Victor Heylenlei 41,2022-10-18,13:00:00,127,52,75,FMN GV 22 Boechout
7,Victor Heylenlei 41,2022-10-18,14:00:00,171,88,83,FMN GV 22 Boechout
7,Victor Heylenlei 41,2022-10-18,15:00:00,164,65,99,FMN GV 22 Boechout
7,Victor Heylenlei 41,2022-10-18,16:00:00,335,183,152,FMN GV 22 Boechout
7,Victor Heylenlei 41,2022-10-18,17:00:00,218,63,155,FMN GV 22 Boechout
7,Victor Heylenlei 41,2022-10-18,18:00:00,140,55,85,FMN GV 22 Boechout
7,Victor Heylenlei 41,2022-10-18,19:00:00,76,40,36,FMN GV 22 Boechout
7,Victor Heylenlei 41,2022-10-18,20:00:00,48,27,21,FMN GV 22 Boechout
7,Victor Heylenlei 41,2022-10-18,21:00:00,24,11,13,FMN GV 22 Boechout
7,Victor Heylenlei 41,2022-10-18,22:00:00,26,11,15,FMN GV 22 Boechout
7,Victor Heylenlei 41,2022-10-18,23:00:00,7,0,7,FMN GV 22 Boechout
7,Victor Heylenlei 41,2022-10-19,00:00:00,4,1,3,FMN GV 22 Boechout
7,Victor Heylenlei 41,2022-10-19,01:00:00,3,0,3,FMN GV 22 Boechout
7,Victor Heylenlei 41,2022-10-19,02:00:00,1,1,0,FMN GV 22 Boechout
7,Victor Heylenlei 41,2022-10-19,03:00:00,3,2,1,FMN GV 22 Boechout
7,Victor Heylenlei 41,2022-10-19,04:00:00,6,5,1,FMN GV 22 Boechout
7,Victor Heylenlei 41,2022-10-19,05:00:00,17,12,5,FMN GV 22 Boechout
7,Victor Heylenlei 41,2022-10-19,06:00:00,50,38,12,FMN GV 22 Boechout
7,Victor Heylenlei 41,2022-10-19,07:00:00,175,127,48,FMN GV 22 Boechout
7,Victor Heylenlei 41,2022-10-19,08:00:00,291,142,149,FMN GV 22 Boechout
7,Victor Heylenlei 41,2022-10-19,09:00:00,67,37,30,FMN GV 22 Boechout
7,Victor Heylenlei 41,2022-10-19,10:00:00,50,36,14,FMN GV 22 Boechout
7,Victor Heylenlei 41,2022-10-19,11:00:00,75,39,36,FMN GV 22 Boechout
7,Victor Heylenlei 41,2022-10-19,12:00:00,234,171,63,FMN GV 22 Boechout
7,Victor Heylenlei 41,2022-10-19,13:00:00,120,46,74,FMN GV 22 Boechout
7,Victor Heylenlei 41,2022-10-19,14:00:00,196,110,86,FMN GV 22 Boechout
7,Victor Heylenlei 41,2022-10-19,15:00:00,135,51,84,FMN GV 22 Boechout
7,Victor Heylenlei 41,2022-10-19,16:00:00,164,68,96,FMN GV 22 Boechout
7,Victor Heylenlei 41,2022-10-19,17:00:00,186,55,131,FMN GV 22 Boechout
7,Victor Heylenlei 41,2022-10-19,18:00:00,99,43,56,FMN GV 22 Boechout
7,Victor Heylenlei 41,2022-10-19,19:00:00,66,29,37,FMN GV 22 Boechout
7,Victor Heylenlei 41,2022-10-19,20:00:00,44,24,20,FMN GV 22 Boechout
7,Victor Heylenlei 41,2022-10-19,21:00:00,20,14,6,FMN GV 22 Boechout
7,Victor Heylenlei 41,2022-10-19,22:00:00,37,12,25,FMN GV 22 Boechout
7,Victor Heylenlei 41,2022-10-19,23:00:00,8,4,4,FMN GV 22 Boechout
7,Victor Heylenlei 41,2022-10-20,00:00:00,7,3,4,FMN GV 22 Boechout
7,Victor Heylenlei 41,2022-10-20,01:00:00,2,0,2,FMN GV 22 Boechout
7,Victor Heylenlei 41,2022-10-20,02:00:00,3,2,1,FMN GV 22 Boechout
7,Victor Heylenlei 41,2022-10-20,03:00:00,3,1,2,FMN GV 22 Boechout
7,Victor Heylenlei 41,2022-10-20,04:00:00,3,2,1,FMN GV 22 Boechout
7,Victor Heylenlei 41,2022-10-20,05:00:00,18,11,7,FMN GV 22 Boechout
7,Victor Heylenlei 41,2022-10-20,06:00:00,46,37,9,FMN GV 22 Boechout
7,Victor Heylenlei 41,2022-10-20,07:00:00,157,117,40,FMN GV 22 Boechout
7,Victor Heylenlei 41,2022-10-20,08:00:00,306,151,155,FMN GV 22 Boechout
7,Victor Heylenlei 41,2022-10-20,09:00:00,55,43,12,FMN GV 22 Boechout
7,Victor Heylenlei 41,2022-10-20,10:00:00,38,19,19,FMN GV 22 Boechout
7,Victor Heylenlei 41,2022-10-20,11:00:00,12,4,8,FMN GV 22 Boechout
7,Victor Heylenlei 41,2022-10-20,12:00:00,37,20,17,FMN GV 22 Boechout
7,Victor Heylenlei 41,2022-10-20,13:00:00,51,23,28,FMN GV 22 Boechout
7,Victor Heylenlei 41,2022-10-20,14:00:00,48,15,33,FMN GV 22 Boechout
7,Victor Heylenlei 41,2022-10-20,15:00:00,111,41,70,FMN GV 22 Boechout
7,Victor Heylenlei 41,2022-10-20,16:00:00,277,158,119,FMN GV 22 Boechout
7,Victor Heylenlei 41,2022-10-20,17:00:00,183,58,125,FMN GV 22 Boechout
7,Victor Heylenlei 41,2022-10-20,18:00:00,99,36,63,FMN GV 22 Boechout
7,Victor Heylenlei 41,2022-10-20,19:00:00,43,17,26,FMN GV 22 Boechout
7,Victor Heylenlei 41,2022-10-20,20:00:00,30,16,14,FMN GV 22 Boechout
7,Victor Heylenlei 41,2022-10-20,21:00:00,20,9,11,FMN GV 22 Boechout
7,Victor Heylenlei 41,2022-10-20,22:00:00,21,11,10,FMN GV 22 Boechout
7,Victor Heylenlei 41,2022-10-20,23:00:00,7,5,2,FMN GV 22 Boechout
7,Victor Heylenlei 41,2022-10-21,00:00:00,8,2,6,FMN GV 22 Boechout
7,Victor Heylenlei 41,2022-10-21,01:00:00,4,1,3,FMN GV 22 Boechout
7,Victor Heylenlei 41,2022-10-21,02:00:00,1,0,1,FMN GV 22 Boechout
7,Victor Heylenlei 41,2022-10-21,03:00:00,1,0,1,FMN GV 22 Boechout
7,Victor Heylenlei 41,2022-10-21,04:00:00,7,5,2,FMN GV 22 Boechout
7,Victor Heylenlei 41,2022-10-21,05:00:00,19,10,9,FMN GV 22 Boechout
7,Victor Heylenlei 41,2022-10-21,06:00:00,36,27,9,FMN GV 22 Boechout
7,Victor Heylenlei 41,2022-10-21,07:00:00,138,101,37,FMN GV 22 Boechout
7,Victor Heylenlei 41,2022-10-21,08:00:00,241,106,135,FMN GV 22 Boechout
7,Victor Heylenlei 41,2022-10-21,09:00:00,39,26,13,FMN GV 22 Boechout
7,Victor Heylenlei 41,2022-10-21,10:00:00,31,16,15,FMN GV 22 Boechout
7,Victor Heylenlei 41,2022-10-21,11:00:00,36,17,19,FMN GV 22 Boechout
7,Victor Heylenlei 41,2022-10-21,12:00:00,62,30,32,FMN GV 22 Boechout
7,Victor Heylenlei 41,2022-10-21,13:00:00,84,32,52,FMN GV 22 Boechout
7,Victor Heylenlei 41,2022-10-21,14:00:00,112,49,63,FMN GV 22 Boechout
7,Victor Heylenlei 41,2022-10-21,15:00:00,136,55,81,FMN GV 22 Boechout
7,Victor Heylenlei 41,2022-10-21,16:00:00,252,142,110,FMN GV 22 Boechout
7,Victor Heylenlei 41,2022-10-21,17:00:00,161,71,90,FMN GV 22 Boechout
7,Victor Heylenlei 41,2022-10-21,18:00:00,100,52,48,FMN GV 22 Boechout
7,Victor Heylenlei 41,2022-10-21,19:00:00,41,22,19,FMN GV 22 Boechout
7,Victor Heylenlei 41,2022-10-21,20:00:00,33,19,14,FMN GV 22 Boechout
7,Victor Heylenlei 41,2022-10-21,21:00:00,14,7,7,FMN GV 22 Boechout
7,Victor Heylenlei 41,2022-10-21,22:00:00,17,4,13,FMN GV 22 Boechout
7,Victor Heylenlei 41,2022-10-21,23:00:00,25,5,20,FMN GV 22 Boechout
7,Victor Heylenlei 41,2022-10-22,00:00:00,29,18,11,FMN GV 22 Boechout
7,Victor Heylenlei 41,2022-10-22,01:00:00,10,4,6,FMN GV 22 Boechout
7,Victor Heylenlei 41,2022-10-22,02:00:00,7,0,7,FMN GV 22 Boechout
7,Victor Heylenlei 41,2022-10-22,03:00:00,7,3,4,FMN GV 22 Boechout
7,Victor Heylenlei 41,2022-10-22,04:00:00,4,3,1,FMN GV 22 Boechout
7,Victor Heylenlei 41,2022-10-22,05:00:00,6,2,4,FMN GV 22 Boechout
7,Victor Heylenlei 41,2022-10-22,06:00:00,7,2,5,FMN GV 22 Boechout
7,Victor Heylenlei 41,2022-10-22,07:00:00,9,3,6,FMN GV 22 Boechout
7,Victor Heylenlei 41,2022-10-22,08:00:00,19,13,6,FMN GV 22 Boechout
7,Victor Heylenlei 41,2022-10-22,09:00:00,47,17,30,FMN GV 22 Boechout
7,Victor Heylenlei 41,2022-10-22,10:00:00,78,45,33,FMN GV 22 Boechout
7,Victor Heylenlei 41,2022-10-22,11:00:00,85,46,39,FMN GV 22 Boechout
7,Victor Heylenlei 41,2022-10-22,12:00:00,112,71,41,FMN GV 22 Boechout
7,Victor Heylenlei 41,2022-10-22,13:00:00,121,68,53,FMN GV 22 Boechout
7,Victor Heylenlei 41,2022-10-22,14:00:00,140,63,77,FMN GV 22 Boechout
7,Victor Heylenlei 41,2022-10-22,15:00:00,140,72,68,FMN GV 22 Boechout
7,Victor Heylenlei 41,2022-10-22,16:00:00,104,48,56,FMN GV 22 Boechout
7,Victor Heylenlei 41,2022-10-22,17:00:00,93,51,42,FMN GV 22 Boechout
7,Victor Heylenlei 41,2022-10-22,18:00:00,42,24,18,FMN GV 22 Boechout
7,Victor Heylenlei 41,2022-10-22,19:00:00,46,26,20,FMN GV 22 Boechout
7,Victor Heylenlei 41,2022-10-22,20:00:00,15,9,6,FMN GV 22 Boechout
7,Victor Heylenlei 41,2022-10-22,21:00:00,10,3,7,FMN GV 22 Boechout
7,Victor Heylenlei 41,2022-10-22,22:00:00,10,2,8,FMN GV 22 Boechout
7,Victor Heylenlei 41,2022-10-22,23:00:00,12,7,5,FMN GV 22 Boechout
7,Victor Heylenlei 41,2022-10-23,00:00:00,17,11,6,FMN GV 22 Boechout
7,Victor Heylenlei 41,2022-10-23,01:00:00,8,4,4,FMN GV 22 Boechout
7,Victor Heylenlei 41,2022-10-23,02:00:00,9,1,8,FMN GV 22 Boechout
7,Victor Heylenlei 41,2022-10-23,03:00:00,4,3,1,FMN GV 22 Boechout
7,Victor Heylenlei 41,2022-10-23,04:00:00,2,2,0,FMN GV 22 Boechout
7,Victor Heylenlei 41,2022-10-23,05:00:00,3,2,1,FMN GV 22 Boechout
7,Victor Heylenlei 41,2022-10-23,06:00:00,7,4,3,FMN GV 22 Boechout
7,Victor Heylenlei 41,2022-10-23,07:00:00,5,2,3,FMN GV 22 Boechout
7,Victor Heylenlei 41,2022-10-23,08:00:00,23,8,15,FMN GV 22 Boechout
7,Victor Heylenlei 41,2022-10-23,09:00:00,62,27,35,FMN GV 22 Boechout
7,Victor Heylenlei 41,2022-10-23,10:00:00,129,56,73,FMN GV 22 Boechout
7,Victor Heylenlei 41,2022-10-23,11:00:00,125,72,53,FMN GV 22 Boechout
7,Victor Heylenlei 41,2022-10-23,12:00:00,125,88,37,FMN GV 22 Boechout
7,Victor Heylenlei 41,2022-10-23,13:00:00,161,105,56,FMN GV 22 Boechout
7,Victor Heylenlei 41,2022-10-23,14:00:00,192,118,74,FMN GV 22 Boechout
7,Victor Heylenlei 41,2022-10-23,15:00:00,138,62,76,FMN GV 22 Boechout
7,Victor Heylenlei 41,2022-10-23,16:00:00,105,53,52,FMN GV 22 Boechout
7,Victor Heylenlei 41,2022-10-23,17:00:00,92,47,45,FMN GV 22 Boechout
7,Victor Heylenlei 41,2022-10-23,18:00:00,51,24,27,FMN GV 22 Boechout
7,Victor Heylenlei 41,2022-10-23,19:00:00,16,8,8,FMN GV 22 Boechout
7,Victor Heylenlei 41,2022-10-23,20:00:00,9,8,1,FMN GV 22 Boechout
7,Victor Heylenlei 41,2022-10-23,21:00:00,7,4,3,FMN GV 22 Boechout
7,Victor Heylenlei 41,2022-10-23,22:00:00,13,2,11,FMN GV 22 Boechout
7,Victor Heylenlei 41,2022-10-23,23:00:00,3,0,3,FMN GV 22 Boechout
7,Victor Heylenlei 41,2022-10-24,00:00:00,0,0,0,FMN GV 22 Boechout
7,Victor Heylenlei 41,2022-10-24,01:00:00,3,3,0,FMN GV 22 Boechout
7,Victor Heylenlei 41,2022-10-24,02:00:00,1,1,0,FMN GV 22 Boechout
7,Victor Heylenlei 41,2022-10-24,03:00:00,1,0,1,FMN GV 22 Boechout
7,Victor Heylenlei 41,2022-10-24,04:00:00,6,4,2,FMN GV 22 Boechout
7,Victor Heylenlei 41,2022-10-24,05:00:00,11,6,5,FMN GV 22 Boechout
7,Victor Heylenlei 41,2022-10-24,06:00:00,35,30,5,FMN GV 22 Boechout
7,Victor Heylenlei 41,2022-10-24,07:00:00,144,108,36,FMN GV 22 Boechout
7,Victor Heylenlei 41,2022-10-24,08:00:00,267,130,137,FMN GV 22 Boechout
7,Victor Heylenlei 41,2022-10-24,09:00:00,41,30,11,FMN GV 22 Boechout
7,Victor Heylenlei 41,2022-10-24,10:00:00,24,16,8,FMN GV 22 Boechout
7,Victor Heylenlei 41,2022-10-24,11:00:00,18,12,6,FMN GV 22 Boechout
7,Victor Heylenlei 41,2022-10-24,12:00:00,31,16,15,FMN GV 22 Boechout
7,Victor Heylenlei 41,2022-10-24,13:00:00,47,18,29,FMN GV 22 Boechout
7,Victor Heylenlei 41,2022-10-24,14:00:00,65,27,38,FMN GV 22 Boechout
7,Victor Heylenlei 41,2022-10-24,15:00:00,69,23,46,FMN GV 22 Boechout
7,Victor Heylenlei 41,2022-10-24,16:00:00,250,138,112,FMN GV 22 Boechout
7,Victor Heylenlei 41,2022-10-24,17:00:00,135,45,90,FMN GV 22 Boechout
7,Victor Heylenlei 41,2022-10-24,18:00:00,72,22,50,FMN GV 22 Boechout
7,Victor Heylenlei 41,2022-10-24,19:00:00,18,7,11,FMN GV 22 Boechout
7,Victor Heylenlei 41,2022-10-24,20:00:00,23,11,12,FMN GV 22 Boechout
7,Victor Heylenlei 41,2022-10-24,21:00:00,11,6,5,FMN GV 22 Boechout
7,Victor Heylenlei 41,2022-10-24,22:00:00,20,14,6,FMN GV 22 Boechout
7,Victor Heylenlei 41,2022-10-24,23:00:00,7,4,3,FMN GV 22 Boechout
7,Victor Heylenlei 41,2022-10-25,00:00:00,1,0,1,FMN GV 22 Boechout
7,Victor Heylenlei 41,2022-10-25,01:00:00,0,0,0,FMN GV 22 Boechout
7,Victor Heylenlei 41,2022-10-25,02:00:00,0,0,0,FMN GV 22 Boechout
7,Victor Heylenlei 41,2022-10-25,03:00:00,3,2,1,FMN GV 22 Boechout
7,Victor Heylenlei 41,2022-10-25,04:00:00,6,5,1,FMN GV 22 Boechout
7,Victor Heylenlei 41,2022-10-25,05:00:00,23,15,8,FMN GV 22 Boechout
7,Victor Heylenlei 41,2022-10-25,06:00:00,55,44,11,FMN GV 22 Boechout
7,Victor Heylenlei 41,2022-10-25,07:00:00,197,154,43,FMN GV 22 Boechout
7,Victor Heylenlei 41,2022-10-25,08:00:00,296,155,141,FMN GV 22 Boechout
7,Victor Heylenlei 41,2022-10-25,09:00:00,80,60,20,FMN GV 22 Boechout
7,Victor Heylenlei 41,2022-10-25,10:00:00,51,27,24,FMN GV 22 Boechout
7,Victor Heylenlei 41,2022-10-25,11:00:00,50,31,19,FMN GV 22 Boechout
7,Victor Heylenlei 41,2022-10-25,12:00:00,64,36,28,FMN GV 22 Boechout
7,Victor Heylenlei 41,2022-10-25,13:00:00,78,32,46,FMN GV 22 Boechout
7,Victor Heylenlei 41,2022-10-25,14:00:00,87,43,44,FMN GV 22 Boechout
7,Victor Heylenlei 41,2022-10-25,15:00:00,124,44,80,FMN GV 22 Boechout
7,Victor Heylenlei 41,2022-10-25,16:00:00,291,146,145,FMN GV 22 Boechout
7,Victor Heylenlei 41,2022-10-25,17:00:00,217,61,156,FMN GV 22 Boechout
7,Victor Heylenlei 41,2022-10-25,18:00:00,121,44,77,FMN GV 22 Boechout
7,Victor Heylenlei 41,2022-10-25,19:00:00,54,19,35,FMN GV 22 Boechout
7,Victor Heylenlei 41,2022-10-25,20:00:00,38,17,21,FMN GV 22 Boechout
7,Victor Heylenlei 41,2022-10-25,21:00:00,19,5,14,FMN GV 22 Boechout
7,Victor Heylenlei 41,2022-10-25,22:00:00,26,14,12,FMN GV 22 Boechout
7,Victor Heylenlei 41,2022-10-25,23:00:00,10,3,7,FMN GV 22 Boechout
7,Victor Heylenlei 41,2022-10-26,00:00:00,9,1,8,FMN GV 22 Boechout
7,Victor Heylenlei 41,2022-10-26,01:00:00,1,0,1,FMN GV 22 Boechout
7,Victor Heylenlei 41,2022-10-26,02:00:00,3,3,0,FMN GV 22 Boechout
7,Victor Heylenlei 41,2022-10-26,03:00:00,1,0,1,FMN GV 22 Boechout
7,Victor Heylenlei 41,2022-10-26,04:00:00,8,7,1,FMN GV 22 Boechout
7,Victor Heylenlei 41,2022-10-26,05:00:00,18,12,6,FMN GV 22 Boechout
7,Victor Heylenlei 41,2022-10-26,06:00:00,51,38,13,FMN GV 22 Boechout
7,Victor Heylenlei 41,2022-10-26,07:00:00,172,132,40,FMN GV 22 Boechout
7,Victor Heylenlei 41,2022-10-26,08:00:00,220,117,103,FMN GV 22 Boechout
7,Victor Heylenlei 41,2022-10-26,09:00:00,128,70,58,FMN GV 22 Boechout
7,Victor Heylenlei 41,2022-10-26,10:00:00,122,71,51,FMN GV 22 Boechout
7,Victor Heylenlei 41,2022-10-26,11:00:00,113,75,38,FMN GV 22 Boechout
7,Victor Heylenlei 41,2022-10-26,12:00:00,120,71,49,FMN GV 22 Boechout
7,Victor Heylenlei 41,2022-10-26,13:00:00,112,41,71,FMN GV 22 Boechout
7,Victor Heylenlei 41,2022-10-26,14:00:00,149,70,79,FMN GV 22 Boechout
7,Victor Heylenlei 41,2022-10-26,15:00:00,150,71,79,FMN GV 22 Boechout
7,Victor Heylenlei 41,2022-10-26,16:00:00,192,86,106,FMN GV 22 Boechout
7,Victor Heylenlei 41,2022-10-26,17:00:00,183,70,113,FMN GV 22 Boechout
7,Victor Heylenlei 41,2022-10-26,18:00:00,122,51,71,FMN GV 22 Boechout
7,Victor Heylenlei 41,2022-10-26,19:00:00,55,27,28,FMN GV 22 Boechout
7,Victor Heylenlei 41,2022-10-26,20:00:00,33,19,14,FMN GV 22 Boechout
7,Victor Heylenlei 41,2022-10-26,21:00:00,27,16,11,FMN GV 22 Boechout
7,Victor Heylenlei 41,2022-10-26,22:00:00,32,13,19,FMN GV 22 Boechout
7,Victor Heylenlei 41,2022-10-26,23:00:00,15,6,9,FMN GV 22 Boechout
7,Victor Heylenlei 41,2022-10-27,00:00:00,2,0,2,FMN GV 22 Boechout
7,Victor Heylenlei 41,2022-10-27,01:00:00,0,0,0,FMN GV 22 Boechout
7,Victor Heylenlei 41,2022-10-27,02:00:00,1,1,0,FMN GV 22 Boechout
7,Victor Heylenlei 41,2022-10-27,03:00:00,3,0,3,FMN GV 22 Boechout
7,Victor Heylenlei 41,2022-10-27,04:00:00,7,7,0,FMN GV 22 Boechout
7,Victor Heylenlei 41,2022-10-27,05:00:00,20,11,9,FMN GV 22 Boechout
7,Victor Heylenlei 41,2022-10-27,06:00:00,62,48,14,FMN GV 22 Boechout
7,Victor Heylenlei 41,2022-10-27,07:00:00,175,142,33,FMN GV 22 Boechout
7,Victor Heylenlei 41,2022-10-27,08:00:00,342,184,158,FMN GV 22 Boechout
7,Victor Heylenlei 41,2022-10-27,09:00:00,75,56,19,FMN GV 22 Boechout
7,Victor Heylenlei 41,2022-10-27,10:00:00,53,32,21,FMN GV 22 Boechout
7,Victor Heylenlei 41,2022-10-27,11:00:00,57,29,28,FMN GV 22 Boechout
7,Victor Heylenlei 41,2022-10-27,12:00:00,86,50,36,FMN GV 22 Boechout
7,Victor Heylenlei 41,2022-10-27,13:00:00,99,55,44,FMN GV 22 Boechout
7,Victor Heylenlei 41,2022-10-27,14:00:00,83,33,50,FMN GV 22 Boechout
7,Victor Heylenlei 41,2022-10-27,15:00:00,143,62,81,FMN GV 22 Boechout
7,Victor Heylenlei 41,2022-10-27,16:00:00,333,179,154,FMN GV 22 Boechout
7,Victor Heylenlei 41,2022-10-27,17:00:00,204,67,137,FMN GV 22 Boechout
7,Victor Heylenlei 41,2022-10-27,18:00:00,124,51,73,FMN GV 22 Boechout
7,Victor Heylenlei 41,2022-10-27,19:00:00,45,17,28,FMN GV 22 Boechout
7,Victor Heylenlei 41,2022-10-27,20:00:00,33,18,15,FMN GV 22 Boechout
7,Victor Heylenlei 41,2022-10-27,21:00:00,28,12,16,FMN GV 22 Boechout
7,Victor Heylenlei 41,2022-10-27,22:00:00,28,11,17,FMN GV 22 Boechout
7,Victor Heylenlei 41,2022-10-27,23:00:00,6,1,5,FMN GV 22 Boechout
7,Victor Heylenlei 41,2022-10-28,00:00:00,6,2,4,FMN GV 22 Boechout
7,Victor Heylenlei 41,2022-10-28,01:00:00,0,0,0,FMN GV 22 Boechout
7,Victor Heylenlei 41,2022-10-28,02:00:00,0,0,0,FMN GV 22 Boechout
7,Victor Heylenlei 41,2022-10-28,03:00:00,5,3,2,FMN GV 22 Boechout
7,Victor Heylenlei 41,2022-10-28,04:00:00,9,6,3,FMN GV 22 Boechout
7,Victor Heylenlei 41,2022-10-28,05:00:00,20,12,8,FMN GV 22 Boechout
7,Victor Heylenlei 41,2022-10-28,06:00:00,46,34,12,FMN GV 22 Boechout
7,Victor Heylenlei 41,2022-10-28,07:00:00,138,99,39,FMN GV 22 Boechout
7,Victor Heylenlei 41,2022-10-28,08:00:00,270,126,144,FMN GV 22 Boechout
7,Victor Heylenlei 41,2022-10-28,09:00:00,68,37,31,FMN GV 22 Boechout
7,Victor Heylenlei 41,2022-10-28,10:00:00,50,31,19,FMN GV 22 Boechout
7,Victor Heylenlei 41,2022-10-28,11:00:00,67,46,21,FMN GV 22 Boechout
7,Victor Heylenlei 41,2022-10-28,12:00:00,87,46,41,FMN GV 22 Boechout
7,Victor Heylenlei 41,2022-10-28,13:00:00,113,57,56,FMN GV 22 Boechout
7,Victor Heylenlei 41,2022-10-28,14:00:00,142,61,81,FMN GV 22 Boechout
7,Victor Heylenlei 41,2022-10-28,15:00:00,161,62,99,FMN GV 22 Boechout
7,Victor Heylenlei 41,2022-10-28,16:00:00,277,178,99,FMN GV 22 Boechout
7,Victor Heylenlei 41,2022-10-28,17:00:00,156,56,100,FMN GV 22 Boechout
7,Victor Heylenlei 41,2022-10-28,18:00:00,108,49,59,FMN GV 22 Boechout
7,Victor Heylenlei 41,2022-10-28,19:00:00,104,19,85,FMN GV 22 Boechout
7,Victor Heylenlei 41,2022-10-28,20:00:00,38,20,18,FMN GV 22 Boechout
7,Victor Heylenlei 41,2022-10-28,21:00:00,22,12,10,FMN GV 22 Boechout
7,Victor Heylenlei 41,2022-10-28,22:00:00,25,7,18,FMN GV 22 Boechout
7,Victor Heylenlei 41,2022-10-28,23:00:00,27,9,18,FMN GV 22 Boechout
7,Victor Heylenlei 41,2022-10-29,00:00:00,12,3,9,FMN GV 22 Boechout
7,Victor Heylenlei 41,2022-10-29,01:00:00,6,3,3,FMN GV 22 Boechout
7,Victor Heylenlei 41,2022-10-29,02:00:00,8,6,2,FMN GV 22 Boechout
7,Victor Heylenlei 41,2022-10-29,03:00:00,9,5,4,FMN GV 22 Boechout
7,Victor Heylenlei 41,2022-10-29,04:00:00,10,7,3,FMN GV 22 Boechout
7,Victor Heylenlei 41,2022-10-29,05:00:00,6,4,2,FMN GV 22 Boechout
7,Victor Heylenlei 41,2022-10-29,06:00:00,14,2,12,FMN GV 22 Boechout
7,Victor Heylenlei 41,2022-10-29,07:00:00,9,4,5,FMN GV 22 Boechout
7,Victor Heylenlei 41,2022-10-29,08:00:00,16,10,6,FMN GV 22 Boechout
7,Victor Heylenlei 41,2022-10-29,09:00:00,46,27,19,FMN GV 22 Boechout
7,Victor Heylenlei 41,2022-10-29,10:00:00,68,40,28,FMN GV 22 Boechout
7,Victor Heylenlei 41,2022-10-29,11:00:00,86,46,40,FMN GV 22 Boechout
7,Victor Heylenlei 41,2022-10-29,12:00:00,112,76,36,FMN GV 22 Boechout
7,Victor Heylenlei 41,2022-10-29,13:00:00,157,74,83,FMN GV 22 Boechout
7,Victor Heylenlei 41,2022-10-29,14:00:00,253,118,135,FMN GV 22 Boechout
7,Victor Heylenlei 41,2022-10-29,15:00:00,194,107,87,FMN GV 22 Boechout
7,Victor Heylenlei 41,2022-10-29,16:00:00,201,96,105,FMN GV 22 Boechout
7,Victor Heylenlei 41,2022-10-29,17:00:00,123,72,51,FMN GV 22 Boechout
7,Victor Heylenlei 41,2022-10-29,18:00:00,87,47,40,FMN GV 22 Boechout
7,Victor Heylenlei 41,2022-10-29,19:00:00,62,34,28,FMN GV 22 Boechout
7,Victor Heylenlei 41,2022-10-29,20:00:00,28,18,10,FMN GV 22 Boechout
7,Victor Heylenlei 41,2022-10-29,21:00:00,17,8,9,FMN GV 22 Boechout
7,Victor Heylenlei 41,2022-10-29,22:00:00,16,8,8,FMN GV 22 Boechout
7,Victor Heylenlei 41,2022-10-29,23:00:00,33,8,25,FMN GV 22 Boechout
7,Victor Heylenlei 41,2022-10-30,00:00:00,17,5,12,FMN GV 22 Boechout
7,Victor Heylenlei 41,2022-10-30,01:00:00,10,6,4,FMN GV 22 Boechout
7,Victor Heylenlei 41,2022-10-30,02:00:00,9,4,5,FMN GV 22 Boechout
7,Victor Heylenlei 41,2022-10-30,03:00:00,5,4,1,FMN GV 22 Boechout
7,Victor Heylenlei 41,2022-10-30,04:00:00,3,2,1,FMN GV 22 Boechout
7,Victor Heylenlei 41,2022-10-30,05:00:00,6,4,2,FMN GV 22 Boechout
7,Victor Heylenlei 41,2022-10-30,06:00:00,5,1,4,FMN GV 22 Boechout
7,Victor Heylenlei 41,2022-10-30,07:00:00,14,5,9,FMN GV 22 Boechout
7,Victor Heylenlei 41,2022-10-30,08:00:00,28,11,17,FMN GV 22 Boechout
7,Victor Heylenlei 41,2022-10-30,09:00:00,105,46,59,FMN GV 22 Boechout
7,Victor Heylenlei 41,2022-10-30,10:00:00,132,69,63,FMN GV 22 Boechout
7,Victor Heylenlei 41,2022-10-30,11:00:00,196,102,94,FMN GV 22 Boechout
7,Victor Heylenlei 41,2022-10-30,12:00:00,184,110,74,FMN GV 22 Boechout
7,Victor Heylenlei 41,2022-10-30,13:00:00,181,104,77,FMN GV 22 Boechout
7,Victor Heylenlei 41,2022-10-30,14:00:00,208,96,112,FMN GV 22 Boechout
7,Victor Heylenlei 41,2022-10-30,15:00:00,250,149,101,FMN GV 22 Boechout
7,Victor Heylenlei 41,2022-10-30,16:00:00,128,78,50,FMN GV 22 Boechout
7,Victor Heylenlei 41,2022-10-30,17:00:00,134,75,59,FMN GV 22 Boechout
7,Victor Heylenlei 41,2022-10-30,18:00:00,42,21,21,FMN GV 22 Boechout
7,Victor Heylenlei 41,2022-10-30,19:00:00,16,11,5,FMN GV 22 Boechout
7,Victor Heylenlei 41,2022-10-30,20:00:00,37,21,16,FMN GV 22 Boechout
7,Victor Heylenlei 41,2022-10-30,21:00:00,15,5,10,FMN GV 22 Boechout
7,Victor Heylenlei 41,2022-10-30,22:00:00,8,1,7,FMN GV 22 Boechout
7,Victor Heylenlei 41,2022-10-30,23:00:00,9,7,2,FMN GV 22 Boechout
7,Victor Heylenlei 41,2022-10-31,00:00:00,4,2,2,FMN GV 22 Boechout
7,Victor Heylenlei 41,2022-10-31,01:00:00,0,0,0,FMN GV 22 Boechout
7,Victor Heylenlei 41,2022-10-31,02:00:00,0,0,0,FMN GV 22 Boechout
7,Victor Heylenlei 41,2022-10-31,03:00:00,2,2,0,FMN GV 22 Boechout
7,Victor Heylenlei 41,2022-10-31,04:00:00,5,4,1,FMN GV 22 Boechout
7,Victor Heylenlei 41,2022-10-31,05:00:00,14,8,6,FMN GV 22 Boechout
7,Victor Heylenlei 41,2022-10-31,06:00:00,14,9,5,FMN GV 22 Boechout
7,Victor Heylenlei 41,2022-10-31,07:00:00,48,29,19,FMN GV 22 Boechout
7,Victor Heylenlei 41,2022-10-31,08:00:00,48,31,17,FMN GV 22 Boechout
7,Victor Heylenlei 41,2022-10-31,09:00:00,42,25,17,FMN GV 22 Boechout
7,Victor Heylenlei 41,2022-10-31,10:00:00,42,24,18,FMN GV 22 Boechout
7,Victor Heylenlei 41,2022-10-31,11:00:00,38,20,18,FMN GV 22 Boechout
7,Victor Heylenlei 41,2022-10-31,12:00:00,44,26,18,FMN GV 22 Boechout
7,Victor Heylenlei 41,2022-10-31,13:00:00,74,45,29,FMN GV 22 Boechout
7,Victor Heylenlei 41,2022-10-31,14:00:00,80,30,50,FMN GV 22 Boechout
7,Victor Heylenlei 41,2022-10-31,15:00:00,100,46,54,FMN GV 22 Boechout
7,Victor Heylenlei 41,2022-10-31,16:00:00,105,50,55,FMN GV 22 Boechout
7,Victor Heylenlei 41,2022-10-31,17:00:00,78,42,36,FMN GV 22 Boechout
7,Victor Heylenlei 41,2022-10-31,18:00:00,41,16,25,FMN GV 22 Boechout
7,Victor Heylenlei 41,2022-10-31,19:00:00,34,15,19,FMN GV 22 Boechout
7,Victor Heylenlei 41,2022-10-31,20:00:00,8,3,5,FMN GV 22 Boechout
7,Victor Heylenlei 41,2022-10-31,21:00:00,7,5,2,FMN GV 22 Boechout
7,Victor Heylenlei 41,2022-10-31,22:00:00,7,4,3,FMN GV 22 Boechout
7,Victor Heylenlei 41,2022-10-31,23:00:00,2,0,2,FMN GV 22 Boechout
7,Victor Heylenlei 41,2022-11-01,00:00:00,3,0,3,FMN GV 22 Boechout
7,Victor Heylenlei 41,2022-11-01,01:00:00,10,2,8,FMN GV 22 Boechout
7,Victor Heylenlei 41,2022-11-01,02:00:00,10,7,3,FMN GV 22 Boechout
7,Victor Heylenlei 41,2022-11-01,03:00:00,3,3,0,FMN GV 22 Boechout
7,Victor Heylenlei 41,2022-11-01,04:00:00,3,2,1,FMN GV 22 Boechout
7,Victor Heylenlei 41,2022-11-01,05:00:00,6,4,2,FMN GV 22 Boechout
7,Victor Heylenlei 41,2022-11-01,06:00:00,8,4,4,FMN GV 22 Boechout
7,Victor Heylenlei 41,2022-11-01,07:00:00,9,4,5,FMN GV 22 Boechout
7,Victor Heylenlei 41,2022-11-01,08:00:00,16,5,11,FMN GV 22 Boechout
7,Victor Heylenlei 41,2022-11-01,09:00:00,55,14,41,FMN GV 22 Boechout
7,Victor Heylenlei 41,2022-11-01,10:00:00,52,25,27,FMN GV 22 Boechout
7,Victor Heylenlei 41,2022-11-01,11:00:00,72,38,34,FMN GV 22 Boechout
7,Victor Heylenlei 41,2022-11-01,12:00:00,60,27,33,FMN GV 22 Boechout
7,Victor Heylenlei 41,2022-11-01,13:00:00,94,51,43,FMN GV 22 Boechout
7,Victor Heylenlei 41,2022-11-01,14:00:00,129,61,68,FMN GV 22 Boechout
7,Victor Heylenlei 41,2022-11-01,15:00:00,95,49,46,FMN GV 22 Boechout
7,Victor Heylenlei 41,2022-11-01,16:00:00,67,39,28,FMN GV 22 Boechout
7,Victor Heylenlei 41,2022-11-01,17:00:00,55,29,26,FMN GV 22 Boechout
7,Victor Heylenlei 41,2022-11-01,18:00:00,27,17,10,FMN GV 22 Boechout
7,Victor Heylenlei 41,2022-11-01,19:00:00,19,10,9,FMN GV 22 Boechout
7,Victor Heylenlei 41,2022-11-01,20:00:00,20,15,5,FMN GV 22 Boechout
7,Victor Heylenlei 41,2022-11-01,21:00:00,15,7,8,FMN GV 22 Boechout
7,Victor Heylenlei 41,2022-11-01,22:00:00,9,3,6,FMN GV 22 Boechout
7,Victor Heylenlei 41,2022-11-01,23:00:00,4,0,4,FMN GV 22 Boechout
7,Victor Heylenlei 41,2022-11-02,00:00:00,4,2,2,FMN GV 22 Boechout
7,Victor Heylenlei 41,2022-11-02,01:00:00,1,0,1,FMN GV 22 Boechout
7,Victor Heylenlei 41,2022-11-02,02:00:00,3,3,0,FMN GV 22 Boechout
7,Victor Heylenlei 41,2022-11-02,03:00:00,3,1,2,FMN GV 22 Boechout
7,Victor Heylenlei 41,2022-11-02,04:00:00,5,3,2,FMN GV 22 Boechout
7,Victor Heylenlei 41,2022-11-02,05:00:00,18,11,7,FMN GV 22 Boechout
7,Victor Heylenlei 41,2022-11-02,06:00:00,22,16,6,FMN GV 22 Boechout
7,Victor Heylenlei 41,2022-11-02,07:00:00,83,58,25,FMN GV 22 Boechout
7,Victor Heylenlei 41,2022-11-02,08:00:00,89,61,28,FMN GV 22 Boechout
7,Victor Heylenlei 41,2022-11-02,09:00:00,37,24,13,FMN GV 22 Boechout
7,Victor Heylenlei 41,2022-11-02,10:00:00,34,16,18,FMN GV 22 Boechout
7,Victor Heylenlei 41,2022-11-02,11:00:00,45,24,21,FMN GV 22 Boechout
7,Victor Heylenlei 41,2022-11-02,12:00:00,52,28,24,FMN GV 22 Boechout
7,Victor Heylenlei 41,2022-11-02,13:00:00,92,35,57,FMN GV 22 Boechout
7,Victor Heylenlei 41,2022-11-02,14:00:00,116,68,48,FMN GV 22 Boechout
7,Victor Heylenlei 41,2022-11-02,15:00:00,81,43,38,FMN GV 22 Boechout
7,Victor Heylenlei 41,2022-11-02,16:00:00,125,43,82,FMN GV 22 Boechout
7,Victor Heylenlei 41,2022-11-02,17:00:00,121,48,73,FMN GV 22 Boechout
7,Victor Heylenlei 41,2022-11-02,18:00:00,58,15,43,FMN GV 22 Boechout
7,Victor Heylenlei 41,2022-11-02,19:00:00,39,19,20,FMN GV 22 Boechout
7,Victor Heylenlei 41,2022-11-02,20:00:00,22,13,9,FMN GV 22 Boechout
7,Victor Heylenlei 41,2022-11-02,21:00:00,7,3,4,FMN GV 22 Boechout
7,Victor Heylenlei 41,2022-11-02,22:00:00,19,7,12,FMN GV 22 Boechout
7,Victor Heylenlei 41,2022-11-02,23:00:00,10,5,5,FMN GV 22 Boechout
7,Victor Heylenlei 41,2022-11-03,00:00:00,2,1,1,FMN GV 22 Boechout
7,Victor Heylenlei 41,2022-11-03,01:00:00,4,2,2,FMN GV 22 Boechout
7,Victor Heylenlei 41,2022-11-03,02:00:00,2,1,1,FMN GV 22 Boechout
7,Victor Heylenlei 41,2022-11-03,03:00:00,3,1,2,FMN GV 22 Boechout
7,Victor Heylenlei 41,2022-11-03,04:00:00,4,3,1,FMN GV 22 Boechout
7,Victor Heylenlei 41,2022-11-03,05:00:00,14,9,5,FMN GV 22 Boechout
7,Victor Heylenlei 41,2022-11-03,06:00:00,36,25,11,FMN GV 22 Boechout
7,Victor Heylenlei 41,2022-11-03,07:00:00,89,66,23,FMN GV 22 Boechout
7,Victor Heylenlei 41,2022-11-03,08:00:00,101,72,29,FMN GV 22 Boechout
7,Victor Heylenlei 41,2022-11-03,09:00:00,42,28,14,FMN GV 22 Boechout
7,Victor Heylenlei 41,2022-11-03,10:00:00,18,13,5,FMN GV 22 Boechout
7,Victor Heylenlei 41,2022-11-03,11:00:00,27,15,12,FMN GV 22 Boechout
7,Victor Heylenlei 41,2022-11-03,12:00:00,43,25,18,FMN GV 22 Boechout
7,Victor Heylenlei 41,2022-11-03,13:00:00,32,15,17,FMN GV 22 Boechout
7,Victor Heylenlei 41,2022-11-03,14:00:00,57,31,26,FMN GV 22 Boechout
7,Victor Heylenlei 41,2022-11-03,15:00:00,55,23,32,FMN GV 22 Boechout
7,Victor Heylenlei 41,2022-11-03,16:00:00,72,24,48,FMN GV 22 Boechout
7,Victor Heylenlei 41,2022-11-03,17:00:00,76,24,52,FMN GV 22 Boechout
7,Victor Heylenlei 41,2022-11-03,18:00:00,49,13,36,FMN GV 22 Boechout
7,Victor Heylenlei 41,2022-11-03,19:00:00,26,14,12,FMN GV 22 Boechout
7,Victor Heylenlei 41,2022-11-03,20:00:00,26,13,13,FMN GV 22 Boechout
7,Victor Heylenlei 41,2022-11-03,21:00:00,6,2,4,FMN GV 22 Boechout
7,Victor Heylenlei 41,2022-11-03,22:00:00,11,6,5,FMN GV 22 Boechout
7,Victor Heylenlei 41,2022-11-03,23:00:00,8,2,6,FMN GV 22 Boechout
7,Victor Heylenlei 41,2022-11-04,00:00:00,3,1,2,FMN GV 22 Boechout
7,Victor Heylenlei 41,2022-11-04,01:00:00,2,0,2,FMN GV 22 Boechout
7,Victor Heylenlei 41,2022-11-04,02:00:00,0,0,0,FMN GV 22 Boechout
7,Victor Heylenlei 41,2022-11-04,03:00:00,2,2,0,FMN GV 22 Boechout
7,Victor Heylenlei 41,2022-11-04,04:00:00,5,3,2,FMN GV 22 Boechout
7,Victor Heylenlei 41,2022-11-04,05:00:00,14,7,7,FMN GV 22 Boechout
7,Victor Heylenlei 41,2022-11-04,06:00:00,25,19,6,FMN GV 22 Boechout
7,Victor Heylenlei 41,2022-11-04,07:00:00,50,33,17,FMN GV 22 Boechout
7,Victor Heylenlei 41,2022-11-04,08:00:00,61,45,16,FMN GV 22 Boechout
7,Victor Heylenlei 41,2022-11-04,09:00:00,27,16,11,FMN GV 22 Boechout
7,Victor Heylenlei 41,2022-11-04,10:00:00,27,10,17,FMN GV 22 Boechout
7,Victor Heylenlei 41,2022-11-04,11:00:00,30,19,11,FMN GV 22 Boechout
7,Victor Heylenlei 41,2022-11-04,12:00:00,51,30,21,FMN GV 22 Boechout
7,Victor Heylenlei 41,2022-11-04,13:00:00,55,26,29,FMN GV 22 Boechout
7,Victor Heylenlei 41,2022-11-04,14:00:00,41,15,26,FMN GV 22 Boechout
7,Victor Heylenlei 41,2022-11-04,15:00:00,55,22,33,FMN GV 22 Boechout
7,Victor Heylenlei 41,2022-11-04,16:00:00,64,24,40,FMN GV 22 Boechout
7,Victor Heylenlei 41,2022-11-04,17:00:00,86,36,50,FMN GV 22 Boechout
7,Victor Heylenlei 41,2022-11-04,18:00:00,42,12,30,FMN GV 22 Boechout
7,Victor Heylenlei 41,2022-11-04,19:00:00,25,11,14,FMN GV 22 Boechout
7,Victor Heylenlei 41,2022-11-04,20:00:00,41,17,24,FMN GV 22 Boechout
7,Victor Heylenlei 41,2022-11-04,21:00:00,12,5,7,FMN GV 22 Boechout
7,Victor Heylenlei 41,2022-11-04,22:00:00,16,7,9,FMN GV 22 Boechout
7,Victor Heylenlei 41,2022-11-04,23:00:00,12,3,9,FMN GV 22 Boechout
7,Victor Heylenlei 41,2022-11-05,00:00:00,10,6,4,FMN GV 22 Boechout
7,Victor Heylenlei 41,2022-11-05,01:00:00,12,4,8,FMN GV 22 Boechout
7,Victor Heylenlei 41,2022-11-05,02:00:00,16,9,7,FMN GV 22 Boechout
7,Victor Heylenlei 41,2022-11-05,03:00:00,14,11,3,FMN GV 22 Boechout
7,Victor Heylenlei 41,2022-11-05,04:00:00,3,3,0,FMN GV 22 Boechout
7,Victor Heylenlei 41,2022-11-05,05:00:00,2,1,1,FMN GV 22 Boechout
7,Victor Heylenlei 41,2022-11-05,06:00:00,6,2,4,FMN GV 22 Boechout
7,Victor Heylenlei 41,2022-11-05,07:00:00,3,1,2,FMN GV 22 Boechout
7,Victor Heylenlei 41,2022-11-05,08:00:00,20,6,14,FMN GV 22 Boechout
7,Victor Heylenlei 41,2022-11-05,09:00:00,85,33,52,FMN GV 22 Boechout
7,Victor Heylenlei 41,2022-11-05,10:00:00,83,33,50,FMN GV 22 Boechout
7,Victor Heylenlei 41,2022-11-05,11:00:00,111,57,54,FMN GV 22 Boechout
7,Victor Heylenlei 41,2022-11-05,12:00:00,101,72,29,FMN GV 22 Boechout
7,Victor Heylenlei 41,2022-11-05,13:00:00,93,56,37,FMN GV 22 Boechout
7,Victor Heylenlei 41,2022-11-05,14:00:00,110,59,51,FMN GV 22 Boechout
7,Victor Heylenlei 41,2022-11-05,15:00:00,96,50,46,FMN GV 22 Boechout
7,Victor Heylenlei 41,2022-11-05,16:00:00,52,26,26,FMN GV 22 Boechout
7,Victor Heylenlei 41,2022-11-05,17:00:00,54,35,19,FMN GV 22 Boechout
7,Victor Heylenlei 41,2022-11-05,18:00:00,21,13,8,FMN GV 22 Boechout
7,Victor Heylenlei 41,2022-11-05,19:00:00,17,8,9,FMN GV 22 Boechout
7,Victor Heylenlei 41,2022-11-05,20:00:00,15,8,7,FMN GV 22 Boechout
7,Victor Heylenlei 41,2022-11-05,21:00:00,14,10,4,FMN GV 22 Boechout
7,Victor Heylenlei 41,2022-11-05,22:00:00,10,4,6,FMN GV 22 Boechout
7,Victor Heylenlei 41,2022-11-05,23:00:00,17,8,9,FMN GV 22 Boechout
7,Victor Heylenlei 41,2022-11-06,00:00:00,8,7,1,FMN GV 22 Boechout
7,Victor Heylenlei 41,2022-11-06,01:00:00,13,5,8,FMN GV 22 Boechout
7,Victor Heylenlei 41,2022-11-06,02:00:00,3,1,2,FMN GV 22 Boechout
7,Victor Heylenlei 41,2022-11-06,03:00:00,1,1,0,FMN GV 22 Boechout
7,Victor Heylenlei 41,2022-11-06,04:00:00,0,0,0,FMN GV 22 Boechout
7,Victor Heylenlei 41,2022-11-06,05:00:00,2,0,2,FMN GV 22 Boechout
7,Victor Heylenlei 41,2022-11-06,06:00:00,3,2,1,FMN GV 22 Boechout
7,Victor Heylenlei 41,2022-11-06,07:00:00,7,3,4,FMN GV 22 Boechout
7,Victor Heylenlei 41,2022-11-06,08:00:00,28,10,18,FMN GV 22 Boechout
7,Victor Heylenlei 41,2022-11-06,09:00:00,58,30,28,FMN GV 22 Boechout
7,Victor Heylenlei 41,2022-11-06,10:00:00,81,39,42,FMN GV 22 Boechout
7,Victor Heylenlei 41,2022-11-06,11:00:00,84,60,24,FMN GV 22 Boechout
7,Victor Heylenlei 41,2022-11-06,12:00:00,66,43,23,FMN GV 22 Boechout
7,Victor Heylenlei 41,2022-11-06,13:00:00,32,17,15,FMN GV 22 Boechout
7,Victor Heylenlei 41,2022-11-06,14:00:00,14,9,5,FMN GV 22 Boechout
7,Victor Heylenlei 41,2022-11-06,15:00:00,11,2,9,FMN GV 22 Boechout
7,Victor Heylenlei 41,2022-11-06,16:00:00,12,7,5,FMN GV 22 Boechout
7,Victor Heylenlei 41,2022-11-06,17:00:00,11,7,4,FMN GV 22 Boechout
7,Victor Heylenlei 41,2022-11-06,18:00:00,10,5,5,FMN GV 22 Boechout
7,Victor Heylenlei 41,2022-11-06,19:00:00,11,6,5,FMN GV 22 Boechout
7,Victor Heylenlei 41,2022-11-06,20:00:00,10,9,1,FMN GV 22 Boechout
7,Victor Heylenlei 41,2022-11-06,21:00:00,8,4,4,FMN GV 22 Boechout
7,Victor Heylenlei 41,2022-11-06,22:00:00,14,4,10,FMN GV 22 Boechout
7,Victor Heylenlei 41,2022-11-06,23:00:00,2,1,1,FMN GV 22 Boechout
7,Victor Heylenlei 41,2022-11-07,00:00:00,1,0,1,FMN GV 22 Boechout
7,Victor Heylenlei 41,2022-11-07,01:00:00,0,0,0,FMN GV 22 Boechout
7,Victor Heylenlei 41,2022-11-07,02:00:00,0,0,0,FMN GV 22 Boechout
7,Victor Heylenlei 41,2022-11-07,03:00:00,0,0,0,FMN GV 22 Boechout
7,Victor Heylenlei 41,2022-11-07,04:00:00,4,3,1,FMN GV 22 Boechout
7,Victor Heylenlei 41,2022-11-07,05:00:00,22,14,8,FMN GV 22 Boechout
7,Victor Heylenlei 41,2022-11-07,06:00:00,30,24,6,FMN GV 22 Boechout
7,Victor Heylenlei 41,2022-11-07,07:00:00,157,122,35,FMN GV 22 Boechout
7,Victor Heylenlei 41,2022-11-07,08:00:00,251,115,136,FMN GV 22 Boechout
7,Victor Heylenlei 41,2022-11-07,09:00:00,46,35,11,FMN GV 22 Boechout
7,Victor Heylenlei 41,2022-11-07,10:00:00,31,20,11,FMN GV 22 Boechout
7,Victor Heylenlei 41,2022-11-07,11:00:00,27,15,12,FMN GV 22 Boechout
7,Victor Heylenlei 41,2022-11-07,12:00:00,52,25,27,FMN GV 22 Boechout
7,Victor Heylenlei 41,2022-11-07,13:00:00,50,22,28,FMN GV 22 Boechout
7,Victor Heylenlei 41,2022-11-07,14:00:00,70,32,38,FMN GV 22 Boechout
7,Victor Heylenlei 41,2022-11-07,15:00:00,67,22,45,FMN GV 22 Boechout
7,Victor Heylenlei 41,2022-11-07,16:00:00,240,143,97,FMN GV 22 Boechout
7,Victor Heylenlei 41,2022-11-07,17:00:00,143,39,104,FMN GV 22 Boechout
7,Victor Heylenlei 41,2022-11-07,18:00:00,79,19,60,FMN GV 22 Boechout
7,Victor Heylenlei 41,2022-11-07,19:00:00,26,9,17,FMN GV 22 Boechout
7,Victor Heylenlei 41,2022-11-07,20:00:00,27,15,12,FMN GV 22 Boechout
7,Victor Heylenlei 41,2022-11-07,21:00:00,8,3,5,FMN GV 22 Boechout
7,Victor Heylenlei 41,2022-11-07,22:00:00,25,10,15,FMN GV 22 Boechout
7,Victor Heylenlei 41,2022-11-07,23:00:00,2,0,2,FMN GV 22 Boechout
7,Victor Heylenlei 41,2022-11-08,00:00:00,1,1,0,FMN GV 22 Boechout
7,Victor Heylenlei 41,2022-11-08,01:00:00,1,1,0,FMN GV 22 Boechout
7,Victor Heylenlei 41,2022-11-08,02:00:00,2,2,0,FMN GV 22 Boechout
7,Victor Heylenlei 41,2022-11-08,03:00:00,1,0,1,FMN GV 22 Boechout
7,Victor Heylenlei 41,2022-11-08,04:00:00,3,2,1,FMN GV 22 Boechout
7,Victor Heylenlei 41,2022-11-08,05:00:00,22,13,9,FMN GV 22 Boechout
7,Victor Heylenlei 41,2022-11-08,06:00:00,57,46,11,FMN GV 22 Boechout
7,Victor Heylenlei 41,2022-11-08,07:00:00,196,144,52,FMN GV 22 Boechout
7,Victor Heylenlei 41,2022-11-08,08:00:00,336,177,159,FMN GV 22 Boechout
7,Victor Heylenlei 41,2022-11-08,09:00:00,67,47,20,FMN GV 22 Boechout
7,Victor Heylenlei 41,2022-11-08,10:00:00,55,26,29,FMN GV 22 Boechout
7,Victor Heylenlei 41,2022-11-08,11:00:00,53,33,20,FMN GV 22 Boechout
7,Victor Heylenlei 41,2022-11-08,12:00:00,59,34,25,FMN GV 22 Boechout
7,Victor Heylenlei 41,2022-11-08,13:00:00,96,41,55,FMN GV 22 Boechout
7,Victor Heylenlei 41,2022-11-08,14:00:00,88,48,40,FMN GV 22 Boechout
7,Victor Heylenlei 41,2022-11-08,15:00:00,111,41,70,FMN GV 22 Boechout
7,Victor Heylenlei 41,2022-11-08,16:00:00,275,145,130,FMN GV 22 Boechout
7,Victor Heylenlei 41,2022-11-08,17:00:00,177,49,128,FMN GV 22 Boechout
7,Victor Heylenlei 41,2022-11-08,18:00:00,101,31,70,FMN GV 22 Boechout
7,Victor Heylenlei 41,2022-11-08,19:00:00,47,16,31,FMN GV 22 Boechout
7,Victor Heylenlei 41,2022-11-08,20:00:00,21,9,12,FMN GV 22 Boechout
7,Victor Heylenlei 41,2022-11-08,21:00:00,25,9,16,FMN GV 22 Boechout
7,Victor Heylenlei 41,2022-11-08,22:00:00,28,10,18,FMN GV 22 Boechout
7,Victor Heylenlei 41,2022-11-08,23:00:00,11,7,4,FMN GV 22 Boechout
7,Victor Heylenlei 41,2022-11-09,00:00:00,4,1,3,FMN GV 22 Boechout
7,Victor Heylenlei 41,2022-11-09,01:00:00,1,1,0,FMN GV 22 Boechout
7,Victor Heylenlei 41,2022-11-09,02:00:00,3,2,1,FMN GV 22 Boechout
7,Victor Heylenlei 41,2022-11-09,03:00:00,3,1,2,FMN GV 22 Boechout
7,Victor Heylenlei 41,2022-11-09,04:00:00,4,3,1,FMN GV 22 Boechout
7,Victor Heylenlei 41,2022-11-09,05:00:00,18,9,9,FMN GV 22 Boechout
7,Victor Heylenlei 41,2022-11-09,06:00:00,46,38,8,FMN GV 22 Boechout
7,Victor Heylenlei 41,2022-11-09,07:00:00,182,141,41,FMN GV 22 Boechout
7,Victor Heylenlei 41,2022-11-09,08:00:00,300,140,160,FMN GV 22 Boechout
7,Victor Heylenlei 41,2022-11-09,09:00:00,62,35,27,FMN GV 22 Boechout
7,Victor Heylenlei 41,2022-11-09,10:00:00,41,28,13,FMN GV 22 Boechout
7,Victor Heylenlei 41,2022-11-09,11:00:00,46,34,12,FMN GV 22 Boechout
7,Victor Heylenlei 41,2022-11-09,12:00:00,220,166,54,FMN GV 22 Boechout
7,Victor Heylenlei 41,2022-11-09,13:00:00,106,42,64,FMN GV 22 Boechout
7,Victor Heylenlei 41,2022-11-09,14:00:00,69,29,40,FMN GV 22 Boechout
7,Victor Heylenlei 41,2022-11-09,15:00:00,69,30,39,FMN GV 22 Boechout
7,Victor Heylenlei 41,2022-11-09,16:00:00,131,39,92,FMN GV 22 Boechout
7,Victor Heylenlei 41,2022-11-09,17:00:00,167,46,121,FMN GV 22 Boechout
7,Victor Heylenlei 41,2022-11-09,18:00:00,96,41,55,FMN GV 22 Boechout
7,Victor Heylenlei 41,2022-11-09,19:00:00,47,14,33,FMN GV 22 Boechout
7,Victor Heylenlei 41,2022-11-09,20:00:00,33,14,19,FMN GV 22 Boechout
7,Victor Heylenlei 41,2022-11-09,21:00:00,17,7,10,FMN GV 22 Boechout
7,Victor Heylenlei 41,2022-11-09,22:00:00,23,10,13,FMN GV 22 Boechout
7,Victor Heylenlei 41,2022-11-09,23:00:00,14,6,8,FMN GV 22 Boechout
7,Victor Heylenlei 41,2022-11-10,00:00:00,4,0,4,FMN GV 22 Boechout
7,Victor Heylenlei 41,2022-11-10,01:00:00,3,0,3,FMN GV 22 Boechout
7,Victor Heylenlei 41,2022-11-10,02:00:00,1,0,1,FMN GV 22 Boechout
7,Victor Heylenlei 41,2022-11-10,03:00:00,3,1,2,FMN GV 22 Boechout
7,Victor Heylenlei 41,2022-11-10,04:00:00,4,4,0,FMN GV 22 Boechout
7,Victor Heylenlei 41,2022-11-10,05:00:00,14,6,8,FMN GV 22 Boechout
7,Victor Heylenlei 41,2022-11-10,06:00:00,40,36,4,FMN GV 22 Boechout
7,Victor Heylenlei 41,2022-11-10,07:00:00,163,128,35,FMN GV 22 Boechout
7,Victor Heylenlei 41,2022-11-10,08:00:00,295,142,153,FMN GV 22 Boechout
7,Victor Heylenlei 41,2022-11-10,09:00:00,74,58,16,FMN GV 22 Boechout
7,Victor Heylenlei 41,2022-11-10,10:00:00,54,30,24,FMN GV 22 Boechout
7,Victor Heylenlei 41,2022-11-10,11:00:00,54,36,18,FMN GV 22 Boechout
7,Victor Heylenlei 41,2022-11-10,12:00:00,70,36,34,FMN GV 22 Boechout
7,Victor Heylenlei 41,2022-11-10,13:00:00,114,47,67,FMN GV 22 Boechout
7,Victor Heylenlei 41,2022-11-10,14:00:00,103,58,45,FMN GV 22 Boechout
7,Victor Heylenlei 41,2022-11-10,15:00:00,151,56,95,FMN GV 22 Boechout
7,Victor Heylenlei 41,2022-11-10,16:00:00,295,159,136,FMN GV 22 Boechout
7,Victor Heylenlei 41,2022-11-10,17:00:00,163,56,107,FMN GV 22 Boechout
7,Victor Heylenlei 41,2022-11-10,18:00:00,90,30,60,FMN GV 22 Boechout
7,Victor Heylenlei 41,2022-11-10,19:00:00,58,24,34,FMN GV 22 Boechout
7,Victor Heylenlei 41,2022-11-10,20:00:00,28,14,14,FMN GV 22 Boechout
7,Victor Heylenlei 41,2022-11-10,21:00:00,25,13,12,FMN GV 22 Boechout
7,Victor Heylenlei 41,2022-11-10,22:00:00,21,5,16,FMN GV 22 Boechout
7,Victor Heylenlei 41,2022-11-10,23:00:00,15,3,12,FMN GV 22 Boechout
7,Victor Heylenlei 41,2022-11-11,00:00:00,17,2,15,FMN GV 22 Boechout
7,Victor Heylenlei 41,2022-11-11,01:00:00,13,7,6,FMN GV 22 Boechout
7,Victor Heylenlei 41,2022-11-11,02:00:00,5,4,1,FMN GV 22 Boechout
7,Victor Heylenlei 41,2022-11-11,03:00:00,3,3,0,FMN GV 22 Boechout
7,Victor Heylenlei 41,2022-11-11,04:00:00,10,2,8,FMN GV 22 Boechout
7,Victor Heylenlei 41,2022-11-11,05:00:00,6,4,2,FMN GV 22 Boechout
7,Victor Heylenlei 41,2022-11-11,06:00:00,6,3,3,FMN GV 22 Boechout
7,Victor Heylenlei 41,2022-11-11,07:00:00,3,1,2,FMN GV 22 Boechout
7,Victor Heylenlei 41,2022-11-11,08:00:00,19,8,11,FMN GV 22 Boechout
7,Victor Heylenlei 41,2022-11-11,09:00:00,54,14,40,FMN GV 22 Boechout
7,Victor Heylenlei 41,2022-11-11,10:00:00,78,29,49,FMN GV 22 Boechout
7,Victor Heylenlei 41,2022-11-11,11:00:00,116,70,46,FMN GV 22 Boechout
7,Victor Heylenlei 41,2022-11-11,12:00:00,136,66,70,FMN GV 22 Boechout
7,Victor Heylenlei 41,2022-11-11,13:00:00,166,53,113,FMN GV 22 Boechout
7,Victor Heylenlei 41,2022-11-11,14:00:00,210,79,131,FMN GV 22 Boechout
7,Victor Heylenlei 41,2022-11-11,15:00:00,197,90,107,FMN GV 22 Boechout
7,Victor Heylenlei 41,2022-11-11,16:00:00,103,56,47,FMN GV 22 Boechout
7,Victor Heylenlei 41,2022-11-11,17:00:00,54,33,21,FMN GV 22 Boechout
7,Victor Heylenlei 41,2022-11-11,18:00:00,23,13,10,FMN GV 22 Boechout
7,Victor Heylenlei 41,2022-11-11,19:00:00,21,13,8,FMN GV 22 Boechout
7,Victor Heylenlei 41,2022-11-11,20:00:00,18,12,6,FMN GV 22 Boechout
7,Victor Heylenlei 41,2022-11-11,21:00:00,6,5,1,FMN GV 22 Boechout
7,Victor Heylenlei 41,2022-11-11,22:00:00,23,11,12,FMN GV 22 Boechout
7,Victor Heylenlei 41,2022-11-11,23:00:00,5,3,2,FMN GV 22 Boechout
7,Victor Heylenlei 41,2022-11-12,00:00:00,11,4,7,FMN GV 22 Boechout
7,Victor Heylenlei 41,2022-11-12,01:00:00,8,3,5,FMN GV 22 Boechout
7,Victor Heylenlei 41,2022-11-12,02:00:00,0,0,0,FMN GV 22 Boechout
7,Victor Heylenlei 41,2022-11-12,03:00:00,3,2,1,FMN GV 22 Boechout
7,Victor Heylenlei 41,2022-11-12,04:00:00,1,0,1,FMN GV 22 Boechout
7,Victor Heylenlei 41,2022-11-12,05:00:00,8,7,1,FMN GV 22 Boechout
7,Victor Heylenlei 41,2022-11-12,06:00:00,9,4,5,FMN GV 22 Boechout
7,Victor Heylenlei 41,2022-11-12,07:00:00,5,4,1,FMN GV 22 Boechout
7,Victor Heylenlei 41,2022-11-12,08:00:00,18,9,9,FMN GV 22 Boechout
7,Victor Heylenlei 41,2022-11-12,09:00:00,58,17,41,FMN GV 22 Boechout
7,Victor Heylenlei 41,2022-11-12,10:00:00,84,48,36,FMN GV 22 Boechout
7,Victor Heylenlei 41,2022-11-12,11:00:00,105,64,41,FMN GV 22 Boechout
7,Victor Heylenlei 41,2022-11-12,12:00:00,109,56,53,FMN GV 22 Boechout
7,Victor Heylenlei 41,2022-11-12,13:00:00,138,55,83,FMN GV 22 Boechout
7,Victor Heylenlei 41,2022-11-12,14:00:00,197,66,131,FMN GV 22 Boechout
7,Victor Heylenlei 41,2022-11-12,15:00:00,125,54,71,FMN GV 22 Boechout
7,Victor Heylenlei 41,2022-11-12,16:00:00,112,62,50,FMN GV 22 Boechout
7,Victor Heylenlei 41,2022-11-12,17:00:00,48,28,20,FMN GV 22 Boechout
7,Victor Heylenlei 41,2022-11-12,18:00:00,22,11,11,FMN GV 22 Boechout
7,Victor Heylenlei 41,2022-11-12,19:00:00,38,22,16,FMN GV 22 Boechout
7,Victor Heylenlei 41,2022-11-12,20:00:00,11,8,3,FMN GV 22 Boechout
7,Victor Heylenlei 41,2022-11-12,21:00:00,11,6,5,FMN GV 22 Boechout
7,Victor Heylenlei 41,2022-11-12,22:00:00,10,0,10,FMN GV 22 Boechout
7,Victor Heylenlei 41,2022-11-12,23:00:00,21,7,14,FMN GV 22 Boechout
7,Victor Heylenlei 41,2022-11-13,00:00:00,9,2,7,FMN GV 22 Boechout
7,Victor Heylenlei 41,2022-11-13,01:00:00,4,3,1,FMN GV 22 Boechout
7,Victor Heylenlei 41,2022-11-13,02:00:00,5,2,3,FMN GV 22 Boechout
7,Victor Heylenlei 41,2022-11-13,03:00:00,1,0,1,FMN GV 22 Boechout
7,Victor Heylenlei 41,2022-11-13,04:00:00,0,0,0,FMN GV 22 Boechout
7,Victor Heylenlei 41,2022-11-13,05:00:00,1,1,0,FMN GV 22 Boechout
7,Victor Heylenlei 41,2022-11-13,06:00:00,7,4,3,FMN GV 22 Boechout
7,Victor Heylenlei 41,2022-11-13,07:00:00,3,1,2,FMN GV 22 Boechout
7,Victor Heylenlei 41,2022-11-13,08:00:00,32,10,22,FMN GV 22 Boechout
7,Victor Heylenlei 41,2022-11-13,09:00:00,95,38,57,FMN GV 22 Boechout
7,Victor Heylenlei 41,2022-11-13,10:00:00,95,40,55,FMN GV 22 Boechout
7,Victor Heylenlei 41,2022-11-13,11:00:00,142,69,73,FMN GV 22 Boechout
7,Victor Heylenlei 41,2022-11-13,12:00:00,146,84,62,FMN GV 22 Boechout
7,Victor Heylenlei 41,2022-11-13,13:00:00,200,98,102,FMN GV 22 Boechout
7,Victor Heylenlei 41,2022-11-13,14:00:00,208,98,110,FMN GV 22 Boechout
7,Victor Heylenlei 41,2022-11-13,15:00:00,160,72,88,FMN GV 22 Boechout
7,Victor Heylenlei 41,2022-11-13,16:00:00,123,75,48,FMN GV 22 Boechout
7,Victor Heylenlei 41,2022-11-13,17:00:00,60,43,17,FMN GV 22 Boechout
7,Victor Heylenlei 41,2022-11-13,18:00:00,39,16,23,FMN GV 22 Boechout
7,Victor Heylenlei 41,2022-11-13,19:00:00,7,7,0,FMN GV 22 Boechout
7,Victor Heylenlei 41,2022-11-13,20:00:00,21,8,13,FMN GV 22 Boechout
7,Victor Heylenlei 41,2022-11-13,21:00:00,12,3,9,FMN GV 22 Boechout
7,Victor Heylenlei 41,2022-11-13,22:00:00,6,0,6,FMN GV 22 Boechout
7,Victor Heylenlei 41,2022-11-13,23:00:00,4,1,3,FMN GV 22 Boechout
7,Victor Heylenlei 41,2022-11-14,00:00:00,1,0,1,FMN GV 22 Boechout
7,Victor Heylenlei 41,2022-11-14,01:00:00,1,0,1,FMN GV 22 Boechout
7,Victor Heylenlei 41,2022-11-14,02:00:00,3,3,0,FMN GV 22 Boechout
7,Victor Heylenlei 41,2022-11-14,03:00:00,0,0,0,FMN GV 22 Boechout
7,Victor Heylenlei 41,2022-11-14,04:00:00,5,4,1,FMN GV 22 Boechout
7,Victor Heylenlei 41,2022-11-14,05:00:00,12,5,7,FMN GV 22 Boechout
7,Victor Heylenlei 41,2022-11-14,06:00:00,47,41,6,FMN GV 22 Boechout
7,Victor Heylenlei 41,2022-11-14,07:00:00,177,137,40,FMN GV 22 Boechout
7,Victor Heylenlei 41,2022-11-14,08:00:00,288,136,152,FMN GV 22 Boechout
7,Victor Heylenlei 41,2022-11-14,09:00:00,56,35,21,FMN GV 22 Boechout
7,Victor Heylenlei 41,2022-11-14,10:00:00,38,22,16,FMN GV 22 Boechout
7,Victor Heylenlei 41,2022-11-14,11:00:00,39,20,19,FMN GV 22 Boechout
7,Victor Heylenlei 41,2022-11-14,12:00:00,75,44,31,FMN GV 22 Boechout
7,Victor Heylenlei 41,2022-11-14,13:00:00,74,44,30,FMN GV 22 Boechout
7,Victor Heylenlei 41,2022-11-14,14:00:00,90,44,46,FMN GV 22 Boechout
7,Victor Heylenlei 41,2022-11-14,15:00:00,122,48,74,FMN GV 22 Boechout
7,Victor Heylenlei 41,2022-11-14,16:00:00,273,160,113,FMN GV 22 Boechout
7,Victor Heylenlei 41,2022-11-14,17:00:00,161,40,121,FMN GV 22 Boechout
7,Victor Heylenlei 41,2022-11-14,18:00:00,86,29,57,FMN GV 22 Boechout
7,Victor Heylenlei 41,2022-11-14,19:00:00,28,8,20,FMN GV 22 Boechout
7,Victor Heylenlei 41,2022-11-14,20:00:00,21,7,14,FMN GV 22 Boechout
7,Victor Heylenlei 41,2022-11-14,21:00:00,14,5,9,FMN GV 22 Boechout
7,Victor Heylenlei 41,2022-11-14,22:00:00,31,10,21,FMN GV 22 Boechout
7,Victor Heylenlei 41,2022-11-14,23:00:00,5,2,3,FMN GV 22 Boechout
7,Victor Heylenlei 41,2022-11-15,00:00:00,2,0,2,FMN GV 22 Boechout
7,Victor Heylenlei 41,2022-11-15,01:00:00,1,1,0,FMN GV 22 Boechout
7,Victor Heylenlei 41,2022-11-15,02:00:00,0,0,0,FMN GV 22 Boechout
7,Victor Heylenlei 41,2022-11-15,03:00:00,2,0,2,FMN GV 22 Boechout
7,Victor Heylenlei 41,2022-11-15,04:00:00,4,3,1,FMN GV 22 Boechout
7,Victor Heylenlei 41,2022-11-15,05:00:00,15,9,6,FMN GV 22 Boechout
7,Victor Heylenlei 41,2022-11-15,06:00:00,49,36,13,FMN GV 22 Boechout
7,Victor Heylenlei 41,2022-11-15,07:00:00,161,122,39,FMN GV 22 Boechout
7,Victor Heylenlei 41,2022-11-15,08:00:00,283,124,159,FMN GV 22 Boechout
7,Victor Heylenlei 41,2022-11-15,09:00:00,68,48,20,FMN GV 22 Boechout
7,Victor Heylenlei 41,2022-11-15,10:00:00,45,28,17,FMN GV 22 Boechout
7,Victor Heylenlei 41,2022-11-15,11:00:00,38,25,13,FMN GV 22 Boechout
7,Victor Heylenlei 41,2022-11-15,12:00:00,73,41,32,FMN GV 22 Boechout
7,Victor Heylenlei 41,2022-11-15,13:00:00,63,27,36,FMN GV 22 Boechout
7,Victor Heylenlei 41,2022-11-15,14:00:00,70,40,30,FMN GV 22 Boechout
7,Victor Heylenlei 41,2022-11-15,15:00:00,59,19,40,FMN GV 22 Boechout
7,Victor Heylenlei 41,2022-11-15,16:00:00,230,136,94,FMN GV 22 Boechout
7,Victor Heylenlei 41,2022-11-15,17:00:00,124,30,94,FMN GV 22 Boechout
7,Victor Heylenlei 41,2022-11-15,18:00:00,62,15,47,FMN GV 22 Boechout
7,Victor Heylenlei 41,2022-11-15,19:00:00,19,4,15,FMN GV 22 Boechout
7,Victor Heylenlei 41,2022-11-15,20:00:00,26,9,17,FMN GV 22 Boechout
7,Victor Heylenlei 41,2022-11-15,21:00:00,22,10,12,FMN GV 22 Boechout
7,Victor Heylenlei 41,2022-11-15,22:00:00,19,8,11,FMN GV 22 Boechout
7,Victor Heylenlei 41,2022-11-15,23:00:00,7,0,7,FMN GV 22 Boechout
7,Victor Heylenlei 41,2022-11-16,00:00:00,4,1,3,FMN GV 22 Boechout
7,Victor Heylenlei 41,2022-11-16,01:00:00,3,3,0,FMN GV 22 Boechout
7,Victor Heylenlei 41,2022-11-16,02:00:00,0,0,0,FMN GV 22 Boechout
7,Victor Heylenlei 41,2022-11-16,03:00:00,1,0,1,FMN GV 22 Boechout
7,Victor Heylenlei 41,2022-11-16,04:00:00,6,5,1,FMN GV 22 Boechout
7,Victor Heylenlei 41,2022-11-16,05:00:00,11,7,4,FMN GV 22 Boechout
7,Victor Heylenlei 41,2022-11-16,06:00:00,38,28,10,FMN GV 22 Boechout
7,Victor Heylenlei 41,2022-11-16,07:00:00,162,115,47,FMN GV 22 Boechout
7,Victor Heylenlei 41,2022-11-16,08:00:00,237,88,149,FMN GV 22 Boechout
7,Victor Heylenlei 41,2022-11-16,09:00:00,49,30,19,FMN GV 22 Boechout
7,Victor Heylenlei 41,2022-11-16,10:00:00,42,18,24,FMN GV 22 Boechout
7,Victor Heylenlei 41,2022-11-16,11:00:00,48,29,19,FMN GV 22 Boechout
7,Victor Heylenlei 41,2022-11-16,12:00:00,206,152,54,FMN GV 22 Boechout
7,Victor Heylenlei 41,2022-11-16,13:00:00,73,32,41,FMN GV 22 Boechout
7,Victor Heylenlei 41,2022-11-16,14:00:00,48,26,22,FMN GV 22 Boechout
7,Victor Heylenlei 41,2022-11-16,15:00:00,73,27,46,FMN GV 22 Boechout
7,Victor Heylenlei 41,2022-11-16,16:00:00,107,31,76,FMN GV 22 Boechout
7,Victor Heylenlei 41,2022-11-16,17:00:00,103,26,77,FMN GV 22 Boechout
7,Victor Heylenlei 41,2022-11-16,18:00:00,80,25,55,FMN GV 22 Boechout
7,Victor Heylenlei 41,2022-11-16,19:00:00,46,22,24,FMN GV 22 Boechout
7,Victor Heylenlei 41,2022-11-16,20:00:00,24,18,6,FMN GV 22 Boechout
7,Victor Heylenlei 41,2022-11-16,21:00:00,7,3,4,FMN GV 22 Boechout
7,Victor Heylenlei 41,2022-11-16,22:00:00,19,9,10,FMN GV 22 Boechout
7,Victor Heylenlei 41,2022-11-16,23:00:00,6,1,5,FMN GV 22 Boechout
7,Victor Heylenlei 41,2022-11-17,00:00:00,4,0,4,FMN GV 22 Boechout
7,Victor Heylenlei 41,2022-11-17,01:00:00,1,0,1,FMN GV 22 Boechout
7,Victor Heylenlei 41,2022-11-17,02:00:00,2,2,0,FMN GV 22 Boechout
7,Victor Heylenlei 41,2022-11-17,03:00:00,3,0,3,FMN GV 22 Boechout
7,Victor Heylenlei 41,2022-11-17,04:00:00,1,1,0,FMN GV 22 Boechout
7,Victor Heylenlei 41,2022-11-17,05:00:00,14,9,5,FMN GV 22 Boechout
7,Victor Heylenlei 41,2022-11-17,06:00:00,27,24,3,FMN GV 22 Boechout
7,Victor Heylenlei 41,2022-11-17,07:00:00,106,77,29,FMN GV 22 Boechout
7,Victor Heylenlei 41,2022-11-17,08:00:00,219,87,132,FMN GV 22 Boechout
7,Victor Heylenlei 41,2022-11-17,09:00:00,28,20,8,FMN GV 22 Boechout
7,Victor Heylenlei 41,2022-11-17,10:00:00,20,14,6,FMN GV 22 Boechout
7,Victor Heylenlei 41,2022-11-17,11:00:00,13,8,5,FMN GV 22 Boechout
7,Victor Heylenlei 41,2022-11-17,12:00:00,19,10,9,FMN GV 22 Boechout
7,Victor Heylenlei 41,2022-11-17,13:00:00,36,16,20,FMN GV 22 Boechout
7,Victor Heylenlei 41,2022-11-17,14:00:00,36,18,18,FMN GV 22 Boechout
7,Victor Heylenlei 41,2022-11-17,15:00:00,67,23,44,FMN GV 22 Boechout
7,Victor Heylenlei 41,2022-11-17,16:00:00,204,121,83,FMN GV 22 Boechout
7,Victor Heylenlei 41,2022-11-17,17:00:00,121,39,82,FMN GV 22 Boechout
7,Victor Heylenlei 41,2022-11-17,18:00:00,58,26,32,FMN GV 22 Boechout
7,Victor Heylenlei 41,2022-11-17,19:00:00,34,17,17,FMN GV 22 Boechout
7,Victor Heylenlei 41,2022-11-17,20:00:00,19,12,7,FMN GV 22 Boechout
7,Victor Heylenlei 41,2022-11-17,21:00:00,13,5,8,FMN GV 22 Boechout
7,Victor Heylenlei 41,2022-11-17,22:00:00,26,12,14,FMN GV 22 Boechout
7,Victor Heylenlei 41,2022-11-17,23:00:00,16,5,11,FMN GV 22 Boechout
7,Victor Heylenlei 41,2022-11-18,00:00:00,7,2,5,FMN GV 22 Boechout
7,Victor Heylenlei 41,2022-11-18,01:00:00,5,2,3,FMN GV 22 Boechout
7,Victor Heylenlei 41,2022-11-18,02:00:00,0,0,0,FMN GV 22 Boechout
7,Victor Heylenlei 41,2022-11-18,03:00:00,8,4,4,FMN GV 22 Boechout
7,Victor Heylenlei 41,2022-11-18,04:00:00,3,3,0,FMN GV 22 Boechout
7,Victor Heylenlei 41,2022-11-18,05:00:00,20,12,8,FMN GV 22 Boechout
7,Victor Heylenlei 41,2022-11-18,06:00:00,32,27,5,FMN GV 22 Boechout
7,Victor Heylenlei 41,2022-11-18,07:00:00,138,99,39,FMN GV 22 Boechout
7,Victor Heylenlei 41,2022-11-18,08:00:00,250,115,135,FMN GV 22 Boechout
7,Victor Heylenlei 41,2022-11-18,09:00:00,42,27,15,FMN GV 22 Boechout
7,Victor Heylenlei 41,2022-11-18,10:00:00,45,21,24,FMN GV 22 Boechout
7,Victor Heylenlei 41,2022-11-18,11:00:00,46,19,27,FMN GV 22 Boechout
7,Victor Heylenlei 41,2022-11-18,12:00:00,48,23,25,FMN GV 22 Boechout
7,Victor Heylenlei 41,2022-11-18,13:00:00,34,18,16,FMN GV 22 Boechout
7,Victor Heylenlei 41,2022-11-18,14:00:00,43,16,27,FMN GV 22 Boechout
7,Victor Heylenlei 41,2022-11-18,15:00:00,62,21,41,FMN GV 22 Boechout
7,Victor Heylenlei 41,2022-11-18,16:00:00,205,120,85,FMN GV 22 Boechout
7,Victor Heylenlei 41,2022-11-18,17:00:00,84,21,63,FMN GV 22 Boechout
7,Victor Heylenlei 41,2022-11-18,18:00:00,43,21,22,FMN GV 22 Boechout
7,Victor Heylenlei 41,2022-11-18,19:00:00,11,4,7,FMN GV 22 Boechout
7,Victor Heylenlei 41,2022-11-18,20:00:00,9,1,8,FMN GV 22 Boechout
7,Victor Heylenlei 41,2022-11-18,21:00:00,7,3,4,FMN GV 22 Boechout
7,Victor Heylenlei 41,2022-11-18,22:00:00,18,6,12,FMN GV 22 Boechout
7,Victor Heylenlei 41,2022-11-18,23:00:00,6,4,2,FMN GV 22 Boechout
7,Victor Heylenlei 41,2022-11-19,00:00:00,11,6,5,FMN GV 22 Boechout
7,Victor Heylenlei 41,2022-11-19,01:00:00,4,2,2,FMN GV 22 Boechout
7,Victor Heylenlei 41,2022-11-19,02:00:00,3,1,2,FMN GV 22 Boechout
7,Victor Heylenlei 41,2022-11-19,03:00:00,4,1,3,FMN GV 22 Boechout
7,Victor Heylenlei 41,2022-11-19,04:00:00,2,0,2,FMN GV 22 Boechout
7,Victor Heylenlei 41,2022-11-19,05:00:00,3,2,1,FMN GV 22 Boechout
7,Victor Heylenlei 41,2022-11-19,06:00:00,4,3,1,FMN GV 22 Boechout
7,Victor Heylenlei 41,2022-11-19,07:00:00,7,2,5,FMN GV 22 Boechout
7,Victor Heylenlei 41,2022-11-19,08:00:00,12,6,6,FMN GV 22 Boechout
7,Victor Heylenlei 41,2022-11-19,09:00:00,20,11,9,FMN GV 22 Boechout
7,Victor Heylenlei 41,2022-11-19,10:00:00,21,9,12,FMN GV 22 Boechout
7,Victor Heylenlei 41,2022-11-19,11:00:00,29,15,14,FMN GV 22 Boechout
7,Victor Heylenlei 41,2022-11-19,12:00:00,31,19,12,FMN GV 22 Boechout
7,Victor Heylenlei 41,2022-11-19,13:00:00,26,13,13,FMN GV 22 Boechout
7,Victor Heylenlei 41,2022-11-19,14:00:00,41,16,25,FMN GV 22 Boechout
7,Victor Heylenlei 41,2022-11-19,15:00:00,31,19,12,FMN GV 22 Boechout
7,Victor Heylenlei 41,2022-11-19,16:00:00,41,25,16,FMN GV 22 Boechout
7,Victor Heylenlei 41,2022-11-19,17:00:00,29,16,13,FMN GV 22 Boechout
7,Victor Heylenlei 41,2022-11-19,18:00:00,22,12,10,FMN GV 22 Boechout
7,Victor Heylenlei 41,2022-11-19,19:00:00,17,9,8,FMN GV 22 Boechout
7,Victor Heylenlei 41,2022-11-19,20:00:00,8,3,5,FMN GV 22 Boechout
7,Victor Heylenlei 41,2022-11-19,21:00:00,4,3,1,FMN GV 22 Boechout
7,Victor Heylenlei 41,2022-11-19,22:00:00,8,1,7,FMN GV 22 Boechout
7,Victor Heylenlei 41,2022-11-19,23:00:00,6,2,4,FMN GV 22 Boechout
7,Victor Heylenlei 41,2022-11-20,00:00:00,12,7,5,FMN GV 22 Boechout
7,Victor Heylenlei 41,2022-11-20,01:00:00,3,2,1,FMN GV 22 Boechout
7,Victor Heylenlei 41,2022-11-20,02:00:00,7,4,3,FMN GV 22 Boechout
7,Victor Heylenlei 41,2022-11-20,03:00:00,1,1,0,FMN GV 22 Boechout
7,Victor Heylenlei 41,2022-11-20,04:00:00,4,2,2,FMN GV 22 Boechout
7,Victor Heylenlei 41,2022-11-20,05:00:00,0,0,0,FMN GV 22 Boechout
7,Victor Heylenlei 41,2022-11-20,06:00:00,4,3,1,FMN GV 22 Boechout
7,Victor Heylenlei 41,2022-11-20,07:00:00,4,2,2,FMN GV 22 Boechout
7,Victor Heylenlei 41,2022-11-20,08:00:00,15,9,6,FMN GV 22 Boechout
7,Victor Heylenlei 41,2022-11-20,09:00:00,49,18,31,FMN GV 22 Boechout
7,Victor Heylenlei 41,2022-11-20,10:00:00,61,29,32,FMN GV 22 Boechout
7,Victor Heylenlei 41,2022-11-20,11:00:00,84,51,33,FMN GV 22 Boechout
7,Victor Heylenlei 41,2022-11-20,12:00:00,44,26,18,FMN GV 22 Boechout
7,Victor Heylenlei 41,2022-11-20,13:00:00,48,24,24,FMN GV 22 Boechout
7,Victor Heylenlei 41,2022-11-20,14:00:00,14,7,7,FMN GV 22 Boechout
7,Victor Heylenlei 41,2022-11-20,15:00:00,19,7,12,FMN GV 22 Boechout
7,Victor Heylenlei 41,2022-11-20,16:00:00,17,11,6,FMN GV 22 Boechout
7,Victor Heylenlei 41,2022-11-20,17:00:00,16,8,8,FMN GV 22 Boechout
7,Victor Heylenlei 41,2022-11-20,18:00:00,10,8,2,FMN GV 22 Boechout
7,Victor Heylenlei 41,2022-11-20,19:00:00,16,7,9,FMN GV 22 Boechout
7,Victor Heylenlei 41,2022-11-20,20:00:00,11,5,6,FMN GV 22 Boechout
7,Victor Heylenlei 41,2022-11-20,21:00:00,4,1,3,FMN GV 22 Boechout
7,Victor Heylenlei 41,2022-11-20,22:00:00,7,1,6,FMN GV 22 Boechout
7,Victor Heylenlei 41,2022-11-20,23:00:00,1,0,1,FMN GV 22 Boechout
7,Victor Heylenlei 41,2022-11-21,00:00:00,0,0,0,FMN GV 22 Boechout
7,Victor Heylenlei 41,2022-11-21,01:00:00,0,0,0,FMN GV 22 Boechout
7,Victor Heylenlei 41,2022-11-21,02:00:00,2,2,0,FMN GV 22 Boechout
7,Victor Heylenlei 41,2022-11-21,03:00:00,1,1,0,FMN GV 22 Boechout
7,Victor Heylenlei 41,2022-11-21,04:00:00,3,3,0,FMN GV 22 Boechout
7,Victor Heylenlei 41,2022-11-21,05:00:00,18,12,6,FMN GV 22 Boechout
7,Victor Heylenlei 41,2022-11-21,06:00:00,39,30,9,FMN GV 22 Boechout
7,Victor Heylenlei 41,2022-11-21,07:00:00,152,121,31,FMN GV 22 Boechout
7,Victor Heylenlei 41,2022-11-21,08:00:00,273,127,146,FMN GV 22 Boechout
7,Victor Heylenlei 41,2022-11-21,09:00:00,44,27,17,FMN GV 22 Boechout
7,Victor Heylenlei 41,2022-11-21,10:00:00,29,19,10,FMN GV 22 Boechout
7,Victor Heylenlei 41,2022-11-21,11:00:00,55,32,23,FMN GV 22 Boechout
7,Victor Heylenlei 41,2022-11-21,12:00:00,52,19,33,FMN GV 22 Boechout
7,Victor Heylenlei 41,2022-11-21,13:00:00,44,14,30,FMN GV 22 Boechout
7,Victor Heylenlei 41,2022-11-21,14:00:00,51,26,25,FMN GV 22 Boechout
7,Victor Heylenlei 41,2022-11-21,15:00:00,81,33,48,FMN GV 22 Boechout
7,Victor Heylenlei 41,2022-11-21,16:00:00,231,130,101,FMN GV 22 Boechout
7,Victor Heylenlei 41,2022-11-21,17:00:00,138,32,106,FMN GV 22 Boechout
7,Victor Heylenlei 41,2022-11-21,18:00:00,70,19,51,FMN GV 22 Boechout
7,Victor Heylenlei 41,2022-11-21,19:00:00,22,6,16,FMN GV 22 Boechout
7,Victor Heylenlei 41,2022-11-21,20:00:00,11,6,5,FMN GV 22 Boechout
7,Victor Heylenlei 41,2022-11-21,21:00:00,5,1,4,FMN GV 22 Boechout
7,Victor Heylenlei 41,2022-11-21,22:00:00,23,15,8,FMN GV 22 Boechout
7,Victor Heylenlei 41,2022-11-21,23:00:00,2,0,2,FMN GV 22 Boechout
7,Victor Heylenlei 41,2022-11-22,00:00:00,2,1,1,FMN GV 22 Boechout
7,Victor Heylenlei 41,2022-11-22,01:00:00,1,0,1,FMN GV 22 Boechout
7,Victor Heylenlei 41,2022-11-22,02:00:00,0,0,0,FMN GV 22 Boechout
7,Victor Heylenlei 41,2022-11-22,03:00:00,3,1,2,FMN GV 22 Boechout
7,Victor Heylenlei 41,2022-11-22,04:00:00,5,4,1,FMN GV 22 Boechout
7,Victor Heylenlei 41,2022-11-22,05:00:00,16,9,7,FMN GV 22 Boechout
7,Victor Heylenlei 41,2022-11-22,06:00:00,41,31,10,FMN GV 22 Boechout
7,Victor Heylenlei 41,2022-11-22,07:00:00,158,126,32,FMN GV 22 Boechout
7,Victor Heylenlei 41,2022-11-22,08:00:00,264,122,142,FMN GV 22 Boechout
7,Victor Heylenlei 41,2022-11-22,09:00:00,60,44,16,FMN GV 22 Boechout
7,Victor Heylenlei 41,2022-11-22,10:00:00,24,13,11,FMN GV 22 Boechout
7,Victor Heylenlei 41,2022-11-22,11:00:00,23,17,6,FMN GV 22 Boechout
7,Victor Heylenlei 41,2022-11-22,12:00:00,50,31,19,FMN GV 22 Boechout
7,Victor Heylenlei 41,2022-11-22,13:00:00,44,13,31,FMN GV 22 Boechout
7,Victor Heylenlei 41,2022-11-22,14:00:00,48,20,28,FMN GV 22 Boechout
7,Victor Heylenlei 41,2022-11-22,15:00:00,81,32,49,FMN GV 22 Boechout
7,Victor Heylenlei 41,2022-11-22,16:00:00,216,123,93,FMN GV 22 Boechout
7,Victor Heylenlei 41,2022-11-22,17:00:00,136,39,97,FMN GV 22 Boechout
7,Victor Heylenlei 41,2022-11-22,18:00:00,77,16,61,FMN GV 22 Boechout
7,Victor Heylenlei 41,2022-11-22,19:00:00,31,8,23,FMN GV 22 Boechout
7,Victor Heylenlei 41,2022-11-22,20:00:00,17,11,6,FMN GV 22 Boechout
7,Victor Heylenlei 41,2022-11-22,21:00:00,14,8,6,FMN GV 22 Boechout
7,Victor Heylenlei 41,2022-11-22,22:00:00,23,8,15,FMN GV 22 Boechout
7,Victor Heylenlei 41,2022-11-22,23:00:00,6,4,2,FMN GV 22 Boechout
7,Victor Heylenlei 41,2022-11-23,00:00:00,3,0,3,FMN GV 22 Boechout
7,Victor Heylenlei 41,2022-11-23,01:00:00,2,1,1,FMN GV 22 Boechout
7,Victor Heylenlei 41,2022-11-23,02:00:00,1,0,1,FMN GV 22 Boechout
7,Victor Heylenlei 41,2022-11-23,03:00:00,3,2,1,FMN GV 22 Boechout
7,Victor Heylenlei 41,2022-11-23,04:00:00,4,3,1,FMN GV 22 Boechout
7,Victor Heylenlei 41,2022-11-23,05:00:00,15,9,6,FMN GV 22 Boechout
7,Victor Heylenlei 41,2022-11-23,06:00:00,38,29,9,FMN GV 22 Boechout
7,Victor Heylenlei 41,2022-11-23,07:00:00,128,96,32,FMN GV 22 Boechout
7,Victor Heylenlei 41,2022-11-23,08:00:00,223,96,127,FMN GV 22 Boechout
7,Victor Heylenlei 41,2022-11-23,09:00:00,46,27,19,FMN GV 22 Boechout
7,Victor Heylenlei 41,2022-11-23,10:00:00,33,16,17,FMN GV 22 Boechout
7,Victor Heylenlei 41,2022-11-23,11:00:00,34,19,15,FMN GV 22 Boechout
7,Victor Heylenlei 41,2022-11-23,12:00:00,189,127,62,FMN GV 22 Boechout
7,Victor Heylenlei 41,2022-11-23,13:00:00,67,22,45,FMN GV 22 Boechout
7,Victor Heylenlei 41,2022-11-23,14:00:00,34,15,19,FMN GV 22 Boechout
7,Victor Heylenlei 41,2022-11-23,15:00:00,29,13,16,FMN GV 22 Boechout
7,Victor Heylenlei 41,2022-11-23,16:00:00,90,33,57,FMN GV 22 Boechout
7,Victor Heylenlei 41,2022-11-23,17:00:00,85,30,55,FMN GV 22 Boechout
7,Victor Heylenlei 41,2022-11-23,18:00:00,68,22,46,FMN GV 22 Boechout
7,Victor Heylenlei 41,2022-11-23,19:00:00,41,16,25,FMN GV 22 Boechout
7,Victor Heylenlei 41,2022-11-23,20:00:00,11,3,8,FMN GV 22 Boechout
7,Victor Heylenlei 41,2022-11-23,21:00:00,11,4,7,FMN GV 22 Boechout
7,Victor Heylenlei 41,2022-11-23,22:00:00,34,17,17,FMN GV 22 Boechout
7,Victor Heylenlei 41,2022-11-23,23:00:00,12,9,3,FMN GV 22 Boechout
7,Victor Heylenlei 41,2022-11-24,00:00:00,8,4,4,FMN GV 22 Boechout
7,Victor Heylenlei 41,2022-11-24,01:00:00,5,4,1,FMN GV 22 Boechout
7,Victor Heylenlei 41,2022-11-24,02:00:00,2,1,1,FMN GV 22 Boechout
7,Victor Heylenlei 41,2022-11-24,03:00:00,3,2,1,FMN GV 22 Boechout
7,Victor Heylenlei 41,2022-11-24,04:00:00,4,4,0,FMN GV 22 Boechout
7,Victor Heylenlei 41,2022-11-24,05:00:00,16,9,7,FMN GV 22 Boechout
7,Victor Heylenlei 41,2022-11-24,06:00:00,34,26,8,FMN GV 22 Boechout
7,Victor Heylenlei 41,2022-11-24,07:00:00,157,131,26,FMN GV 22 Boechout
7,Victor Heylenlei 41,2022-11-24,08:00:00,297,143,154,FMN GV 22 Boechout
7,Victor Heylenlei 41,2022-11-24,09:00:00,45,32,13,FMN GV 22 Boechout
7,Victor Heylenlei 41,2022-11-24,10:00:00,48,26,22,FMN GV 22 Boechout
7,Victor Heylenlei 41,2022-11-24,11:00:00,47,28,19,FMN GV 22 Boechout
7,Victor Heylenlei 41,2022-11-24,12:00:00,53,25,28,FMN GV 22 Boechout
7,Victor Heylenlei 41,2022-11-24,13:00:00,86,38,48,FMN GV 22 Boechout
7,Victor Heylenlei 41,2022-11-24,14:00:00,86,35,51,FMN GV 22 Boechout
7,Victor Heylenlei 41,2022-11-24,15:00:00,112,50,62,FMN GV 22 Boechout
7,Victor Heylenlei 41,2022-11-24,16:00:00,239,143,96,FMN GV 22 Boechout
7,Victor Heylenlei 41,2022-11-24,17:00:00,125,25,100,FMN GV 22 Boechout
7,Victor Heylenlei 41,2022-11-24,18:00:00,85,27,58,FMN GV 22 Boechout
7,Victor Heylenlei 41,2022-11-24,19:00:00,36,13,23,FMN GV 22 Boechout
7,Victor Heylenlei 41,2022-11-24,20:00:00,23,13,10,FMN GV 22 Boechout
7,Victor Heylenlei 41,2022-11-24,21:00:00,22,11,11,FMN GV 22 Boechout
7,Victor Heylenlei 41,2022-11-24,22:00:00,22,14,8,FMN GV 22 Boechout
7,Victor Heylenlei 41,2022-11-24,23:00:00,15,3,12,FMN GV 22 Boechout
7,Victor Heylenlei 41,2022-11-25,00:00:00,7,3,4,FMN GV 22 Boechout
7,Victor Heylenlei 41,2022-11-25,01:00:00,0,0,0,FMN GV 22 Boechout
7,Victor Heylenlei 41,2022-11-25,02:00:00,1,1,0,FMN GV 22 Boechout
7,Victor Heylenlei 41,2022-11-25,03:00:00,6,4,2,FMN GV 22 Boechout
7,Victor Heylenlei 41,2022-11-25,04:00:00,5,4,1,FMN GV 22 Boechout
7,Victor Heylenlei 41,2022-11-25,05:00:00,22,10,12,FMN GV 22 Boechout
7,Victor Heylenlei 41,2022-11-25,06:00:00,34,26,8,FMN GV 22 Boechout
7,Victor Heylenlei 41,2022-11-25,07:00:00,109,84,25,FMN GV 22 Boechout
7,Victor Heylenlei 41,2022-11-25,08:00:00,237,100,137,FMN GV 22 Boechout
7,Victor Heylenlei 41,2022-11-25,09:00:00,49,32,17,FMN GV 22 Boechout
7,Victor Heylenlei 41,2022-11-25,10:00:00,44,31,13,FMN GV 22 Boechout
7,Victor Heylenlei 41,2022-11-25,11:00:00,67,37,30,FMN GV 22 Boechout
7,Victor Heylenlei 41,2022-11-25,12:00:00,58,18,40,FMN GV 22 Boechout
7,Victor Heylenlei 41,2022-11-25,13:00:00,76,31,45,FMN GV 22 Boechout
7,Victor Heylenlei 41,2022-11-25,14:00:00,80,33,47,FMN GV 22 Boechout
7,Victor Heylenlei 41,2022-11-25,15:00:00,112,44,68,FMN GV 22 Boechout
7,Victor Heylenlei 41,2022-11-25,16:00:00,238,144,94,FMN GV 22 Boechout
7,Victor Heylenlei 41,2022-11-25,17:00:00,104,34,70,FMN GV 22 Boechout
7,Victor Heylenlei 41,2022-11-25,18:00:00,63,20,43,FMN GV 22 Boechout
7,Victor Heylenlei 41,2022-11-25,19:00:00,30,11,19,FMN GV 22 Boechout
7,Victor Heylenlei 41,2022-11-25,20:00:00,15,8,7,FMN GV 22 Boechout
7,Victor Heylenlei 41,2022-11-25,21:00:00,39,24,15,FMN GV 22 Boechout
7,Victor Heylenlei 41,2022-11-25,22:00:00,19,5,14,FMN GV 22 Boechout
7,Victor Heylenlei 41,2022-11-25,23:00:00,11,0,11,FMN GV 22 Boechout
7,Victor Heylenlei 41,2022-11-26,00:00:00,22,6,16,FMN GV 22 Boechout
7,Victor Heylenlei 41,2022-11-26,01:00:00,9,5,4,FMN GV 22 Boechout
7,Victor Heylenlei 41,2022-11-26,02:00:00,5,2,3,FMN GV 22 Boechout
7,Victor Heylenlei 41,2022-11-26,03:00:00,3,2,1,FMN GV 22 Boechout
7,Victor Heylenlei 41,2022-11-26,04:00:00,4,3,1,FMN GV 22 Boechout
7,Victor Heylenlei 41,2022-11-26,05:00:00,7,4,3,FMN GV 22 Boechout
7,Victor Heylenlei 41,2022-11-26,06:00:00,5,0,5,FMN GV 22 Boechout
7,Victor Heylenlei 41,2022-11-26,07:00:00,6,1,5,FMN GV 22 Boechout
7,Victor Heylenlei 41,2022-11-26,08:00:00,20,8,12,FMN GV 22 Boechout
7,Victor Heylenlei 41,2022-11-26,09:00:00,50,20,30,FMN GV 22 Boechout
7,Victor Heylenlei 41,2022-11-26,10:00:00,68,34,34,FMN GV 22 Boechout
7,Victor Heylenlei 41,2022-11-26,11:00:00,84,44,40,FMN GV 22 Boechout
7,Victor Heylenlei 41,2022-11-26,12:00:00,75,47,28,FMN GV 22 Boechout
7,Victor Heylenlei 41,2022-11-26,13:00:00,102,66,36,FMN GV 22 Boechout
7,Victor Heylenlei 41,2022-11-26,14:00:00,105,65,40,FMN GV 22 Boechout
7,Victor Heylenlei 41,2022-11-26,15:00:00,117,59,58,FMN GV 22 Boechout
7,Victor Heylenlei 41,2022-11-26,16:00:00,65,40,25,FMN GV 22 Boechout
7,Victor Heylenlei 41,2022-11-26,17:00:00,31,20,11,FMN GV 22 Boechout
7,Victor Heylenlei 41,2022-11-26,18:00:00,36,18,18,FMN GV 22 Boechout
7,Victor Heylenlei 41,2022-11-26,19:00:00,23,12,11,FMN GV 22 Boechout
7,Victor Heylenlei 41,2022-11-26,20:00:00,9,4,5,FMN GV 22 Boechout
7,Victor Heylenlei 41,2022-11-26,21:00:00,9,6,3,FMN GV 22 Boechout
7,Victor Heylenlei 41,2022-11-26,22:00:00,10,3,7,FMN GV 22 Boechout
7,Victor Heylenlei 41,2022-11-26,23:00:00,11,1,10,FMN GV 22 Boechout
7,Victor Heylenlei 41,2022-11-27,00:00:00,12,6,6,FMN GV 22 Boechout
7,Victor Heylenlei 41,2022-11-27,01:00:00,7,5,2,FMN GV 22 Boechout
7,Victor Heylenlei 41,2022-11-27,02:00:00,4,1,3,FMN GV 22 Boechout
7,Victor Heylenlei 41,2022-11-27,03:00:00,2,0,2,FMN GV 22 Boechout
7,Victor Heylenlei 41,2022-11-27,04:00:00,2,1,1,FMN GV 22 Boechout
7,Victor Heylenlei 41,2022-11-27,05:00:00,4,4,0,FMN GV 22 Boechout
7,Victor Heylenlei 41,2022-11-27,06:00:00,4,0,4,FMN GV 22 Boechout
7,Victor Heylenlei 41,2022-11-27,07:00:00,2,1,1,FMN GV 22 Boechout
7,Victor Heylenlei 41,2022-11-27,08:00:00,10,5,5,FMN GV 22 Boechout
7,Victor Heylenlei 41,2022-11-27,09:00:00,20,10,10,FMN GV 22 Boechout
7,Victor Heylenlei 41,2022-11-27,10:00:00,21,7,14,FMN GV 22 Boechout
7,Victor Heylenlei 41,2022-11-27,11:00:00,29,20,9,FMN GV 22 Boechout
7,Victor Heylenlei 41,2022-11-27,12:00:00,31,18,13,FMN GV 22 Boechout
7,Victor Heylenlei 41,2022-11-27,13:00:00,42,26,16,FMN GV 22 Boechout
7,Victor Heylenlei 41,2022-11-27,14:00:00,26,11,15,FMN GV 22 Boechout
7,Victor Heylenlei 41,2022-11-27,15:00:00,15,7,8,FMN GV 22 Boechout
7,Victor Heylenlei 41,2022-11-27,16:00:00,31,14,17,FMN GV 22 Boechout
7,Victor Heylenlei 41,2022-11-27,17:00:00,21,10,11,FMN GV 22 Boechout
7,Victor Heylenlei 41,2022-11-27,18:00:00,9,8,1,FMN GV 22 Boechout
7,Victor Heylenlei 41,2022-11-27,19:00:00,4,1,3,FMN GV 22 Boechout
7,Victor Heylenlei 41,2022-11-27,20:00:00,3,1,2,FMN GV 22 Boechout
7,Victor Heylenlei 41,2022-11-27,21:00:00,6,3,3,FMN GV 22 Boechout
7,Victor Heylenlei 41,2022-11-27,22:00:00,6,2,4,FMN GV 22 Boechout
7,Victor Heylenlei 41,2022-11-27,23:00:00,1,0,1,FMN GV 22 Boechout
7,Victor Heylenlei 41,2022-11-28,00:00:00,0,0,0,FMN GV 22 Boechout
7,Victor Heylenlei 41,2022-11-28,01:00:00,0,0,0,FMN GV 22 Boechout
7,Victor Heylenlei 41,2022-11-28,02:00:00,0,0,0,FMN GV 22 Boechout
7,Victor Heylenlei 41,2022-11-28,03:00:00,0,0,0,FMN GV 22 Boechout
7,Victor Heylenlei 41,2022-11-28,04:00:00,6,6,0,FMN GV 22 Boechout
7,Victor Heylenlei 41,2022-11-28,05:00:00,16,9,7,FMN GV 22 Boechout
7,Victor Heylenlei 41,2022-11-28,06:00:00,39,31,8,FMN GV 22 Boechout
7,Victor Heylenlei 41,2022-11-28,07:00:00,133,100,33,FMN GV 22 Boechout
7,Victor Heylenlei 41,2022-11-28,08:00:00,236,110,126,FMN GV 22 Boechout
7,Victor Heylenlei 41,2022-11-28,09:00:00,46,28,18,FMN GV 22 Boechout
7,Victor Heylenlei 41,2022-11-28,10:00:00,16,11,5,FMN GV 22 Boechout
7,Victor Heylenlei 41,2022-11-28,11:00:00,33,24,9,FMN GV 22 Boechout
7,Victor Heylenlei 41,2022-11-28,12:00:00,39,16,23,FMN GV 22 Boechout
7,Victor Heylenlei 41,2022-11-28,13:00:00,47,24,23,FMN GV 22 Boechout
7,Victor Heylenlei 41,2022-11-28,14:00:00,55,26,29,FMN GV 22 Boechout
7,Victor Heylenlei 41,2022-11-28,15:00:00,80,26,54,FMN GV 22 Boechout
7,Victor Heylenlei 41,2022-11-28,16:00:00,219,117,102,FMN GV 22 Boechout
7,Victor Heylenlei 41,2022-11-28,17:00:00,125,35,90,FMN GV 22 Boechout
7,Victor Heylenlei 41,2022-11-28,18:00:00,67,26,41,FMN GV 22 Boechout
7,Victor Heylenlei 41,2022-11-28,19:00:00,30,11,19,FMN GV 22 Boechout
7,Victor Heylenlei 41,2022-11-28,20:00:00,25,10,15,FMN GV 22 Boechout
7,Victor Heylenlei 41,2022-11-28,21:00:00,12,4,8,FMN GV 22 Boechout
7,Victor Heylenlei 41,2022-11-28,22:00:00,20,8,12,FMN GV 22 Boechout
7,Victor Heylenlei 41,2022-11-28,23:00:00,9,3,6,FMN GV 22 Boechout
7,Victor Heylenlei 41,2022-11-29,00:00:00,4,1,3,FMN GV 22 Boechout
7,Victor Heylenlei 41,2022-11-29,01:00:00,0,0,0,FMN GV 22 Boechout
7,Victor Heylenlei 41,2022-11-29,02:00:00,1,1,0,FMN GV 22 Boechout
7,Victor Heylenlei 41,2022-11-29,03:00:00,2,0,2,FMN GV 22 Boechout
7,Victor Heylenlei 41,2022-11-29,04:00:00,5,4,1,FMN GV 22 Boechout
7,Victor Heylenlei 41,2022-11-29,05:00:00,25,15,10,FMN GV 22 Boechout
7,Victor Heylenlei 41,2022-11-29,06:00:00,55,45,10,FMN GV 22 Boechout
7,Victor Heylenlei 41,2022-11-29,07:00:00,202,153,49,FMN GV 22 Boechout
7,Victor Heylenlei 41,2022-11-29,08:00:00,298,165,133,FMN GV 22 Boechout
7,Victor Heylenlei 41,2022-11-29,09:00:00,75,50,25,FMN GV 22 Boechout
7,Victor Heylenlei 41,2022-11-29,10:00:00,43,26,17,FMN GV 22 Boechout
7,Victor Heylenlei 41,2022-11-29,11:00:00,32,16,16,FMN GV 22 Boechout
7,Victor Heylenlei 41,2022-11-29,12:00:00,47,29,18,FMN GV 22 Boechout
7,Victor Heylenlei 41,2022-11-29,13:00:00,79,33,46,FMN GV 22 Boechout
7,Victor Heylenlei 41,2022-11-29,14:00:00,77,38,39,FMN GV 22 Boechout
7,Victor Heylenlei 41,2022-11-29,15:00:00,100,33,67,FMN GV 22 Boechout
7,Victor Heylenlei 41,2022-11-29,16:00:00,302,150,152,FMN GV 22 Boechout
7,Victor Heylenlei 41,2022-11-29,17:00:00,163,45,118,FMN GV 22 Boechout
7,Victor Heylenlei 41,2022-11-29,18:00:00,80,21,59,FMN GV 22 Boechout
7,Victor Heylenlei 41,2022-11-29,19:00:00,42,18,24,FMN GV 22 Boechout
7,Victor Heylenlei 41,2022-11-29,20:00:00,21,10,11,FMN GV 22 Boechout
7,Victor Heylenlei 41,2022-11-29,21:00:00,12,5,7,FMN GV 22 Boechout
7,Victor Heylenlei 41,2022-11-29,22:00:00,22,5,17,FMN GV 22 Boechout
7,Victor Heylenlei 41,2022-11-29,23:00:00,7,1,6,FMN GV 22 Boechout
7,Victor Heylenlei 41,2022-11-30,00:00:00,4,1,3,FMN GV 22 Boechout
7,Victor Heylenlei 41,2022-11-30,01:00:00,2,0,2,FMN GV 22 Boechout
7,Victor Heylenlei 41,2022-11-30,02:00:00,1,1,0,FMN GV 22 Boechout
7,Victor Heylenlei 41,2022-11-30,03:00:00,3,2,1,FMN GV 22 Boechout
7,Victor Heylenlei 41,2022-11-30,04:00:00,4,3,1,FMN GV 22 Boechout
7,Victor Heylenlei 41,2022-11-30,05:00:00,25,14,11,FMN GV 22 Boechout
7,Victor Heylenlei 41,2022-11-30,06:00:00,47,36,11,FMN GV 22 Boechout
7,Victor Heylenlei 41,2022-11-30,07:00:00,165,121,44,FMN GV 22 Boechout
7,Victor Heylenlei 41,2022-11-30,08:00:00,278,120,158,FMN GV 22 Boechout
7,Victor Heylenlei 41,2022-11-30,09:00:00,46,28,18,FMN GV 22 Boechout
7,Victor Heylenlei 41,2022-11-30,10:00:00,25,12,13,FMN GV 22 Boechout
7,Victor Heylenlei 41,2022-11-30,11:00:00,46,18,28,FMN GV 22 Boechout
7,Victor Heylenlei 41,2022-11-30,12:00:00,191,136,55,FMN GV 22 Boechout
7,Victor Heylenlei 41,2022-11-30,13:00:00,83,33,50,FMN GV 22 Boechout
7,Victor Heylenlei 41,2022-11-30,14:00:00,69,33,36,FMN GV 22 Boechout
7,Victor Heylenlei 41,2022-11-30,15:00:00,77,37,40,FMN GV 22 Boechout
7,Victor Heylenlei 41,2022-11-30,16:00:00,121,38,83,FMN GV 22 Boechout
7,Victor Heylenlei 41,2022-11-30,17:00:00,110,30,80,FMN GV 22 Boechout
7,Victor Heylenlei 41,2022-11-30,18:00:00,84,34,50,FMN GV 22 Boechout
7,Victor Heylenlei 41,2022-11-30,19:00:00,40,15,25,FMN GV 22 Boechout
7,Victor Heylenlei 41,2022-11-30,20:00:00,23,10,13,FMN GV 22 Boechout
7,Victor Heylenlei 41,2022-11-30,21:00:00,18,10,8,FMN GV 22 Boechout
7,Victor Heylenlei 41,2022-11-30,22:00:00,23,12,11,FMN GV 22 Boechout
7,Victor Heylenlei 41,2022-11-30,23:00:00,13,5,8,FMN GV 22 Boechout
7,Victor Heylenlei 41,2022-12-01,00:00:00,4,1,3,FMN GV 22 Boechout
7,Victor Heylenlei 41,2022-12-01,01:00:00,4,1,3,FMN GV 22 Boechout
7,Victor Heylenlei 41,2022-12-01,02:00:00,1,1,0,FMN GV 22 Boechout
7,Victor Heylenlei 41,2022-12-01,03:00:00,1,0,1,FMN GV 22 Boechout
7,Victor Heylenlei 41,2022-12-01,04:00:00,4,3,1,FMN GV 22 Boechout
7,Victor Heylenlei 41,2022-12-01,05:00:00,16,8,8,FMN GV 22 Boechout
7,Victor Heylenlei 41,2022-12-01,06:00:00,44,38,6,FMN GV 22 Boechout
7,Victor Heylenlei 41,2022-12-01,07:00:00,162,125,37,FMN GV 22 Boechout
7,Victor Heylenlei 41,2022-12-01,08:00:00,294,151,143,FMN GV 22 Boechout
7,Victor Heylenlei 41,2022-12-01,09:00:00,60,42,18,FMN GV 22 Boechout
7,Victor Heylenlei 41,2022-12-01,10:00:00,34,16,18,FMN GV 22 Boechout
7,Victor Heylenlei 41,2022-12-01,11:00:00,37,16,21,FMN GV 22 Boechout
7,Victor Heylenlei 41,2022-12-01,12:00:00,61,27,34,FMN GV 22 Boechout
7,Victor Heylenlei 41,2022-12-01,13:00:00,67,27,40,FMN GV 22 Boechout
7,Victor Heylenlei 41,2022-12-01,14:00:00,70,27,43,FMN GV 22 Boechout
7,Victor Heylenlei 41,2022-12-01,15:00:00,126,45,81,FMN GV 22 Boechout
7,Victor Heylenlei 41,2022-12-01,16:00:00,225,125,100,FMN GV 22 Boechout
7,Victor Heylenlei 41,2022-12-01,17:00:00,103,22,81,FMN GV 22 Boechout
7,Victor Heylenlei 41,2022-12-01,18:00:00,100,32,68,FMN GV 22 Boechout
7,Victor Heylenlei 41,2022-12-01,19:00:00,44,17,27,FMN GV 22 Boechout
7,Victor Heylenlei 41,2022-12-01,20:00:00,27,16,11,FMN GV 22 Boechout
7,Victor Heylenlei 41,2022-12-01,21:00:00,18,12,6,FMN GV 22 Boechout
7,Victor Heylenlei 41,2022-12-01,22:00:00,28,10,18,FMN GV 22 Boechout
7,Victor Heylenlei 41,2022-12-01,23:00:00,10,3,7,FMN GV 22 Boechout
7,Victor Heylenlei 41,2022-12-02,00:00:00,10,3,7,FMN GV 22 Boechout
7,Victor Heylenlei 41,2022-12-02,01:00:00,5,0,5,FMN GV 22 Boechout
7,Victor Heylenlei 41,2022-12-02,02:00:00,2,1,1,FMN GV 22 Boechout
7,Victor Heylenlei 41,2022-12-02,03:00:00,2,1,1,FMN GV 22 Boechout
7,Victor Heylenlei 41,2022-12-02,04:00:00,7,6,1,FMN GV 22 Boechout
7,Victor Heylenlei 41,2022-12-02,05:00:00,16,8,8,FMN GV 22 Boechout
7,Victor Heylenlei 41,2022-12-02,06:00:00,44,37,7,FMN GV 22 Boechout
7,Victor Heylenlei 41,2022-12-02,07:00:00,118,89,29,FMN GV 22 Boechout
7,Victor Heylenlei 41,2022-12-02,08:00:00,225,94,131,FMN GV 22 Boechout
7,Victor Heylenlei 41,2022-12-02,09:00:00,45,35,10,FMN GV 22 Boechout
7,Victor Heylenlei 41,2022-12-02,10:00:00,32,21,11,FMN GV 22 Boechout
7,Victor Heylenlei 41,2022-12-02,11:00:00,27,11,16,FMN GV 22 Boechout
7,Victor Heylenlei 41,2022-12-02,12:00:00,59,32,27,FMN GV 22 Boechout
7,Victor Heylenlei 41,2022-12-02,13:00:00,36,17,19,FMN GV 22 Boechout
7,Victor Heylenlei 41,2022-12-02,14:00:00,48,14,34,FMN GV 22 Boechout
7,Victor Heylenlei 41,2022-12-02,15:00:00,67,19,48,FMN GV 22 Boechout
7,Victor Heylenlei 41,2022-12-02,16:00:00,211,131,80,FMN GV 22 Boechout
7,Victor Heylenlei 41,2022-12-02,17:00:00,88,25,63,FMN GV 22 Boechout
7,Victor Heylenlei 41,2022-12-02,18:00:00,63,32,31,FMN GV 22 Boechout
7,Victor Heylenlei 41,2022-12-02,19:00:00,33,16,17,FMN GV 22 Boechout
7,Victor Heylenlei 41,2022-12-02,20:00:00,21,8,13,FMN GV 22 Boechout
7,Victor Heylenlei 41,2022-12-02,21:00:00,15,5,10,FMN GV 22 Boechout
7,Victor Heylenlei 41,2022-12-02,22:00:00,12,1,11,FMN GV 22 Boechout
7,Victor Heylenlei 41,2022-12-02,23:00:00,20,10,10,FMN GV 22 Boechout
7,Victor Heylenlei 41,2022-12-03,00:00:00,14,4,10,FMN GV 22 Boechout
7,Victor Heylenlei 41,2022-12-03,01:00:00,6,2,4,FMN GV 22 Boechout
7,Victor Heylenlei 41,2022-12-03,02:00:00,8,1,7,FMN GV 22 Boechout
7,Victor Heylenlei 41,2022-12-03,03:00:00,6,3,3,FMN GV 22 Boechout
7,Victor Heylenlei 41,2022-12-03,04:00:00,6,3,3,FMN GV 22 Boechout
7,Victor Heylenlei 41,2022-12-03,05:00:00,2,2,0,FMN GV 22 Boechout
7,Victor Heylenlei 41,2022-12-03,06:00:00,6,2,4,FMN GV 22 Boechout
7,Victor Heylenlei 41,2022-12-03,07:00:00,5,2,3,FMN GV 22 Boechout
7,Victor Heylenlei 41,2022-12-03,08:00:00,14,7,7,FMN GV 22 Boechout
7,Victor Heylenlei 41,2022-12-03,09:00:00,12,6,6,FMN GV 22 Boechout
7,Victor Heylenlei 41,2022-12-03,10:00:00,42,15,27,FMN GV 22 Boechout
7,Victor Heylenlei 41,2022-12-03,11:00:00,34,17,17,FMN GV 22 Boechout
7,Victor Heylenlei 41,2022-12-03,12:00:00,31,17,14,FMN GV 22 Boechout
7,Victor Heylenlei 41,2022-12-03,13:00:00,48,26,22,FMN GV 22 Boechout
7,Victor Heylenlei 41,2022-12-03,14:00:00,48,17,31,FMN GV 22 Boechout
7,Victor Heylenlei 41,2022-12-03,15:00:00,41,19,22,FMN GV 22 Boechout
7,Victor Heylenlei 41,2022-12-03,16:00:00,35,24,11,FMN GV 22 Boechout
7,Victor Heylenlei 41,2022-12-03,17:00:00,22,11,11,FMN GV 22 Boechout
7,Victor Heylenlei 41,2022-12-03,18:00:00,25,18,7,FMN GV 22 Boechout
7,Victor Heylenlei 41,2022-12-03,19:00:00,8,5,3,FMN GV 22 Boechout
7,Victor Heylenlei 41,2022-12-03,20:00:00,19,11,8,FMN GV 22 Boechout
7,Victor Heylenlei 41,2022-12-03,21:00:00,15,8,7,FMN GV 22 Boechout
7,Victor Heylenlei 41,2022-12-03,22:00:00,9,2,7,FMN GV 22 Boechout
7,Victor Heylenlei 41,2022-12-03,23:00:00,11,5,6,FMN GV 22 Boechout
7,Victor Heylenlei 41,2022-12-04,00:00:00,8,4,4,FMN GV 22 Boechout
7,Victor Heylenlei 41,2022-12-04,01:00:00,6,2,4,FMN GV 22 Boechout
7,Victor Heylenlei 41,2022-12-04,02:00:00,3,3,0,FMN GV 22 Boechout
7,Victor Heylenlei 41,2022-12-04,03:00:00,5,1,4,FMN GV 22 Boechout
7,Victor Heylenlei 41,2022-12-04,04:00:00,2,1,1,FMN GV 22 Boechout
7,Victor Heylenlei 41,2022-12-04,05:00:00,5,2,3,FMN GV 22 Boechout
7,Victor Heylenlei 41,2022-12-04,06:00:00,6,2,4,FMN GV 22 Boechout
7,Victor Heylenlei 41,2022-12-04,07:00:00,6,2,4,FMN GV 22 Boechout
7,Victor Heylenlei 41,2022-12-04,08:00:00,17,8,9,FMN GV 22 Boechout
7,Victor Heylenlei 41,2022-12-04,09:00:00,35,24,11,FMN GV 22 Boechout
7,Victor Heylenlei 41,2022-12-04,10:00:00,46,20,26,FMN GV 22 Boechout
7,Victor Heylenlei 41,2022-12-04,11:00:00,57,46,11,FMN GV 22 Boechout
7,Victor Heylenlei 41,2022-12-04,12:00:00,63,35,28,FMN GV 22 Boechout
7,Victor Heylenlei 41,2022-12-04,13:00:00,44,13,31,FMN GV 22 Boechout
7,Victor Heylenlei 41,2022-12-04,14:00:00,35,18,17,FMN GV 22 Boechout
7,Victor Heylenlei 41,2022-12-04,15:00:00,38,21,17,FMN GV 22 Boechout
7,Victor Heylenlei 41,2022-12-04,16:00:00,25,13,12,FMN GV 22 Boechout
7,Victor Heylenlei 41,2022-12-04,17:00:00,21,7,14,FMN GV 22 Boechout
7,Victor Heylenlei 41,2022-12-04,18:00:00,19,8,11,FMN GV 22 Boechout
7,Victor Heylenlei 41,2022-12-04,19:00:00,12,9,3,FMN GV 22 Boechout
7,Victor Heylenlei 41,2022-12-04,20:00:00,6,2,4,FMN GV 22 Boechout
7,Victor Heylenlei 41,2022-12-04,21:00:00,7,4,3,FMN GV 22 Boechout
7,Victor Heylenlei 41,2022-12-04,22:00:00,7,4,3,FMN GV 22 Boechout
7,Victor Heylenlei 41,2022-12-04,23:00:00,0,0,0,FMN GV 22 Boechout
7,Victor Heylenlei 41,2022-12-05,00:00:00,2,1,1,FMN GV 22 Boechout
7,Victor Heylenlei 41,2022-12-05,01:00:00,1,0,1,FMN GV 22 Boechout
7,Victor Heylenlei 41,2022-12-05,02:00:00,0,0,0,FMN GV 22 Boechout
7,Victor Heylenlei 41,2022-12-05,03:00:00,1,0,1,FMN GV 22 Boechout
7,Victor Heylenlei 41,2022-12-05,04:00:00,3,2,1,FMN GV 22 Boechout
7,Victor Heylenlei 41,2022-12-05,05:00:00,12,5,7,FMN GV 22 Boechout
7,Victor Heylenlei 41,2022-12-05,06:00:00,30,26,4,FMN GV 22 Boechout
7,Victor Heylenlei 41,2022-12-05,07:00:00,120,95,25,FMN GV 22 Boechout
7,Victor Heylenlei 41,2022-12-05,08:00:00,235,104,131,FMN GV 22 Boechout
7,Victor Heylenlei 41,2022-12-05,09:00:00,25,19,6,FMN GV 22 Boechout
7,Victor Heylenlei 41,2022-12-05,10:00:00,17,12,5,FMN GV 22 Boechout
7,Victor Heylenlei 41,2022-12-05,11:00:00,20,11,9,FMN GV 22 Boechout
7,Victor Heylenlei 41,2022-12-05,12:00:00,37,29,8,FMN GV 22 Boechout
7,Victor Heylenlei 41,2022-12-05,13:00:00,27,11,16,FMN GV 22 Boechout
7,Victor Heylenlei 41,2022-12-05,14:00:00,38,17,21,FMN GV 22 Boechout
7,Victor Heylenlei 41,2022-12-05,15:00:00,57,15,42,FMN GV 22 Boechout
7,Victor Heylenlei 41,2022-12-05,16:00:00,168,104,64,FMN GV 22 Boechout
7,Victor Heylenlei 41,2022-12-05,17:00:00,96,23,73,FMN GV 22 Boechout
7,Victor Heylenlei 41,2022-12-05,18:00:00,64,19,45,FMN GV 22 Boechout
7,Victor Heylenlei 41,2022-12-05,19:00:00,6,2,4,FMN GV 22 Boechout
7,Victor Heylenlei 41,2022-12-05,20:00:00,12,6,6,FMN GV 22 Boechout
7,Victor Heylenlei 41,2022-12-05,21:00:00,7,4,3,FMN GV 22 Boechout
7,Victor Heylenlei 41,2022-12-05,22:00:00,16,9,7,FMN GV 22 Boechout
7,Victor Heylenlei 41,2022-12-05,23:00:00,4,1,3,FMN GV 22 Boechout
7,Victor Heylenlei 41,2022-12-06,00:00:00,1,0,1,FMN GV 22 Boechout
7,Victor Heylenlei 41,2022-12-06,01:00:00,0,0,0,FMN GV 22 Boechout
7,Victor Heylenlei 41,2022-12-06,02:00:00,0,0,0,FMN GV 22 Boechout
7,Victor Heylenlei 41,2022-12-06,03:00:00,1,0,1,FMN GV 22 Boechout
7,Victor Heylenlei 41,2022-12-06,04:00:00,4,3,1,FMN GV 22 Boechout
7,Victor Heylenlei 41,2022-12-06,05:00:00,13,5,8,FMN GV 22 Boechout
7,Victor Heylenlei 41,2022-12-06,06:00:00,42,34,8,FMN GV 22 Boechout
7,Victor Heylenlei 41,2022-12-06,07:00:00,154,113,41,FMN GV 22 Boechout
7,Victor Heylenlei 41,2022-12-06,08:00:00,258,127,131,FMN GV 22 Boechout
7,Victor Heylenlei 41,2022-12-06,09:00:00,60,43,17,FMN GV 22 Boechout
7,Victor Heylenlei 41,2022-12-06,10:00:00,40,23,17,FMN GV 22 Boechout
7,Victor Heylenlei 41,2022-12-06,11:00:00,40,24,16,FMN GV 22 Boechout
7,Victor Heylenlei 41,2022-12-06,12:00:00,63,30,33,FMN GV 22 Boechout
7,Victor Heylenlei 41,2022-12-06,13:00:00,84,35,49,FMN GV 22 Boechout
7,Victor Heylenlei 41,2022-12-06,14:00:00,70,42,28,FMN GV 22 Boechout
7,Victor Heylenlei 41,2022-12-06,15:00:00,93,32,61,FMN GV 22 Boechout
7,Victor Heylenlei 41,2022-12-06,16:00:00,228,142,86,FMN GV 22 Boechout
7,Victor Heylenlei 41,2022-12-06,17:00:00,143,44,99,FMN GV 22 Boechout
7,Victor Heylenlei 41,2022-12-06,18:00:00,59,17,42,FMN GV 22 Boechout
7,Victor Heylenlei 41,2022-12-06,19:00:00,34,15,19,FMN GV 22 Boechout
7,Victor Heylenlei 41,2022-12-06,20:00:00,24,9,15,FMN GV 22 Boechout
7,Victor Heylenlei 41,2022-12-06,21:00:00,22,9,13,FMN GV 22 Boechout
7,Victor Heylenlei 41,2022-12-06,22:00:00,19,7,12,FMN GV 22 Boechout
7,Victor Heylenlei 41,2022-12-06,23:00:00,6,1,5,FMN GV 22 Boechout
7,Victor Heylenlei 41,2022-12-07,00:00:00,4,2,2,FMN GV 22 Boechout
7,Victor Heylenlei 41,2022-12-07,01:00:00,2,0,2,FMN GV 22 Boechout
7,Victor Heylenlei 41,2022-12-07,02:00:00,2,2,0,FMN GV 22 Boechout
7,Victor Heylenlei 41,2022-12-07,03:00:00,1,0,1,FMN GV 22 Boechout
7,Victor Heylenlei 41,2022-12-07,04:00:00,2,1,1,FMN GV 22 Boechout
7,Victor Heylenlei 41,2022-12-07,05:00:00,16,5,11,FMN GV 22 Boechout
7,Victor Heylenlei 41,2022-12-07,06:00:00,37,29,8,FMN GV 22 Boechout
7,Victor Heylenlei 41,2022-12-07,07:00:00,133,98,35,FMN GV 22 Boechout
7,Victor Heylenlei 41,2022-12-07,08:00:00,219,90,129,FMN GV 22 Boechout
7,Victor Heylenlei 41,2022-12-07,09:00:00,44,31,13,FMN GV 22 Boechout
7,Victor Heylenlei 41,2022-12-07,10:00:00,49,35,14,FMN GV 22 Boechout
7,Victor Heylenlei 41,2022-12-07,11:00:00,30,20,10,FMN GV 22 Boechout
7,Victor Heylenlei 41,2022-12-07,12:00:00,152,111,41,FMN GV 22 Boechout
7,Victor Heylenlei 41,2022-12-07,13:00:00,57,22,35,FMN GV 22 Boechout
7,Victor Heylenlei 41,2022-12-07,14:00:00,36,21,15,FMN GV 22 Boechout
7,Victor Heylenlei 41,2022-12-07,15:00:00,42,16,26,FMN GV 22 Boechout
7,Victor Heylenlei 41,2022-12-07,16:00:00,87,31,56,FMN GV 22 Boechout
7,Victor Heylenlei 41,2022-12-07,17:00:00,101,33,68,FMN GV 22 Boechout
7,Victor Heylenlei 41,2022-12-07,18:00:00,59,26,33,FMN GV 22 Boechout
7,Victor Heylenlei 41,2022-12-07,19:00:00,23,11,12,FMN GV 22 Boechout
7,Victor Heylenlei 41,2022-12-07,20:00:00,22,13,9,FMN GV 22 Boechout
7,Victor Heylenlei 41,2022-12-07,21:00:00,8,2,6,FMN GV 22 Boechout
7,Victor Heylenlei 41,2022-12-07,22:00:00,21,8,13,FMN GV 22 Boechout
7,Victor Heylenlei 41,2022-12-07,23:00:00,10,2,8,FMN GV 22 Boechout
7,Victor Heylenlei 41,2022-12-08,00:00:00,2,0,2,FMN GV 22 Boechout
7,Victor Heylenlei 41,2022-12-08,01:00:00,0,0,0,FMN GV 22 Boechout
7,Victor Heylenlei 41,2022-12-08,02:00:00,0,0,0,FMN GV 22 Boechout
7,Victor Heylenlei 41,2022-12-08,03:00:00,2,1,1,FMN GV 22 Boechout
7,Victor Heylenlei 41,2022-12-08,04:00:00,2,2,0,FMN GV 22 Boechout
7,Victor Heylenlei 41,2022-12-08,05:00:00,15,6,9,FMN GV 22 Boechout
7,Victor Heylenlei 41,2022-12-08,06:00:00,27,23,4,FMN GV 22 Boechout
7,Victor Heylenlei 41,2022-12-08,07:00:00,139,106,33,FMN GV 22 Boechout
7,Victor Heylenlei 41,2022-12-08,08:00:00,236,102,134,FMN GV 22 Boechout
7,Victor Heylenlei 41,2022-12-08,09:00:00,53,36,17,FMN GV 22 Boechout
7,Victor Heylenlei 41,2022-12-08,10:00:00,48,32,16,FMN GV 22 Boechout
7,Victor Heylenlei 41,2022-12-08,11:00:00,34,23,11,FMN GV 22 Boechout
7,Victor Heylenlei 41,2022-12-08,12:00:00,84,64,20,FMN GV 22 Boechout
7,Victor Heylenlei 41,2022-12-08,13:00:00,40,16,24,FMN GV 22 Boechout
7,Victor Heylenlei 41,2022-12-08,14:00:00,25,11,14,FMN GV 22 Boechout
7,Victor Heylenlei 41,2022-12-08,15:00:00,49,17,32,FMN GV 22 Boechout
7,Victor Heylenlei 41,2022-12-08,16:00:00,152,74,78,FMN GV 22 Boechout
7,Victor Heylenlei 41,2022-12-08,17:00:00,109,31,78,FMN GV 22 Boechout
7,Victor Heylenlei 41,2022-12-08,18:00:00,78,35,43,FMN GV 22 Boechout
7,Victor Heylenlei 41,2022-12-08,19:00:00,26,12,14,FMN GV 22 Boechout
7,Victor Heylenlei 41,2022-12-08,20:00:00,22,10,12,FMN GV 22 Boechout
7,Victor Heylenlei 41,2022-12-08,21:00:00,13,9,4,FMN GV 22 Boechout
7,Victor Heylenlei 41,2022-12-08,22:00:00,22,13,9,FMN GV 22 Boechout
7,Victor Heylenlei 41,2022-12-08,23:00:00,16,2,14,FMN GV 22 Boechout
7,Victor Heylenlei 41,2022-12-09,00:00:00,8,1,7,FMN GV 22 Boechout
7,Victor Heylenlei 41,2022-12-09,01:00:00,4,1,3,FMN GV 22 Boechout
7,Victor Heylenlei 41,2022-12-09,02:00:00,0,0,0,FMN GV 22 Boechout
7,Victor Heylenlei 41,2022-12-09,03:00:00,2,1,1,FMN GV 22 Boechout
7,Victor Heylenlei 41,2022-12-09,04:00:00,1,0,1,FMN GV 22 Boechout
7,Victor Heylenlei 41,2022-12-09,05:00:00,21,9,12,FMN GV 22 Boechout
7,Victor Heylenlei 41,2022-12-09,06:00:00,25,18,7,FMN GV 22 Boechout
7,Victor Heylenlei 41,2022-12-09,07:00:00,99,70,29,FMN GV 22 Boechout
7,Victor Heylenlei 41,2022-12-09,08:00:00,201,86,115,FMN GV 22 Boechout
7,Victor Heylenlei 41,2022-12-09,09:00:00,39,29,10,FMN GV 22 Boechout
7,Victor Heylenlei 41,2022-12-09,10:00:00,34,24,10,FMN GV 22 Boechout
7,Victor Heylenlei 41,2022-12-09,11:00:00,57,39,18,FMN GV 22 Boechout
7,Victor Heylenlei 41,2022-12-09,12:00:00,87,59,28,FMN GV 22 Boechout
7,Victor Heylenlei 41,2022-12-09,13:00:00,51,26,25,FMN GV 22 Boechout
7,Victor Heylenlei 41,2022-12-09,14:00:00,47,23,24,FMN GV 22 Boechout
7,Victor Heylenlei 41,2022-12-09,15:00:00,67,26,41,FMN GV 22 Boechout
7,Victor Heylenlei 41,2022-12-09,16:00:00,129,79,50,FMN GV 22 Boechout
7,Victor Heylenlei 41,2022-12-09,17:00:00,84,13,71,FMN GV 22 Boechout
7,Victor Heylenlei 41,2022-12-09,18:00:00,61,20,41,FMN GV 22 Boechout
7,Victor Heylenlei 41,2022-12-09,19:00:00,21,7,14,FMN GV 22 Boechout
7,Victor Heylenlei 41,2022-12-09,20:00:00,17,10,7,FMN GV 22 Boechout
7,Victor Heylenlei 41,2022-12-09,21:00:00,12,4,8,FMN GV 22 Boechout
7,Victor Heylenlei 41,2022-12-09,22:00:00,8,3,5,FMN GV 22 Boechout
7,Victor Heylenlei 41,2022-12-09,23:00:00,8,2,6,FMN GV 22 Boechout
7,Victor Heylenlei 41,2022-12-10,00:00:00,6,2,4,FMN GV 22 Boechout
7,Victor Heylenlei 41,2022-12-10,01:00:00,13,3,10,FMN GV 22 Boechout
7,Victor Heylenlei 41,2022-12-10,02:00:00,5,1,4,FMN GV 22 Boechout
7,Victor Heylenlei 41,2022-12-10,03:00:00,4,1,3,FMN GV 22 Boechout
7,Victor Heylenlei 41,2022-12-10,04:00:00,2,1,1,FMN GV 22 Boechout
7,Victor Heylenlei 41,2022-12-10,05:00:00,6,1,5,FMN GV 22 Boechout
7,Victor Heylenlei 41,2022-12-10,06:00:00,4,2,2,FMN GV 22 Boechout
7,Victor Heylenlei 41,2022-12-10,07:00:00,3,3,0,FMN GV 22 Boechout
7,Victor Heylenlei 41,2022-12-10,08:00:00,10,6,4,FMN GV 22 Boechout
7,Victor Heylenlei 41,2022-12-10,09:00:00,11,7,4,FMN GV 22 Boechout
7,Victor Heylenlei 41,2022-12-10,10:00:00,27,13,14,FMN GV 22 Boechout
7,Victor Heylenlei 41,2022-12-10,11:00:00,30,11,19,FMN GV 22 Boechout
7,Victor Heylenlei 41,2022-12-10,12:00:00,22,12,10,FMN GV 22 Boechout
7,Victor Heylenlei 41,2022-12-10,13:00:00,33,16,17,FMN GV 22 Boechout
7,Victor Heylenlei 41,2022-12-10,14:00:00,42,23,19,FMN GV 22 Boechout
7,Victor Heylenlei 41,2022-12-10,15:00:00,17,11,6,FMN GV 22 Boechout
7,Victor Heylenlei 41,2022-12-10,16:00:00,24,13,11,FMN GV 22 Boechout
7,Victor Heylenlei 41,2022-12-10,17:00:00,21,6,15,FMN GV 22 Boechout
7,Victor Heylenlei 41,2022-12-10,18:00:00,12,4,8,FMN GV 22 Boechout
7,Victor Heylenlei 41,2022-12-10,19:00:00,9,3,6,FMN GV 22 Boechout
7,Victor Heylenlei 41,2022-12-10,20:00:00,10,7,3,FMN GV 22 Boechout
7,Victor Heylenlei 41,2022-12-10,21:00:00,7,2,5,FMN GV 22 Boechout
7,Victor Heylenlei 41,2022-12-10,22:00:00,8,1,7,FMN GV 22 Boechout
7,Victor Heylenlei 41,2022-12-10,23:00:00,18,10,8,FMN GV 22 Boechout
7,Victor Heylenlei 41,2022-12-11,00:00:00,5,2,3,FMN GV 22 Boechout
7,Victor Heylenlei 41,2022-12-11,01:00:00,4,2,2,FMN GV 22 Boechout
7,Victor Heylenlei 41,2022-12-11,02:00:00,5,3,2,FMN GV 22 Boechout
7,Victor Heylenlei 41,2022-12-11,03:00:00,1,0,1,FMN GV 22 Boechout
7,Victor Heylenlei 41,2022-12-11,04:00:00,1,0,1,FMN GV 22 Boechout
7,Victor Heylenlei 41,2022-12-11,05:00:00,3,1,2,FMN GV 22 Boechout
7,Victor Heylenlei 41,2022-12-11,06:00:00,0,0,0,FMN GV 22 Boechout
7,Victor Heylenlei 41,2022-12-11,07:00:00,3,1,2,FMN GV 22 Boechout
7,Victor Heylenlei 41,2022-12-11,08:00:00,8,4,4,FMN GV 22 Boechout
7,Victor Heylenlei 41,2022-12-11,09:00:00,25,12,13,FMN GV 22 Boechout
7,Victor Heylenlei 41,2022-12-11,10:00:00,32,15,17,FMN GV 22 Boechout
7,Victor Heylenlei 41,2022-12-11,11:00:00,37,24,13,FMN GV 22 Boechout
7,Victor Heylenlei 41,2022-12-11,12:00:00,50,23,27,FMN GV 22 Boechout
7,Victor Heylenlei 41,2022-12-11,13:00:00,54,36,18,FMN GV 22 Boechout
7,Victor Heylenlei 41,2022-12-11,14:00:00,26,10,16,FMN GV 22 Boechout
7,Victor Heylenlei 41,2022-12-11,15:00:00,32,11,21,FMN GV 22 Boechout
7,Victor Heylenlei 41,2022-12-11,16:00:00,30,17,13,FMN GV 22 Boechout
7,Victor Heylenlei 41,2022-12-11,17:00:00,28,11,17,FMN GV 22 Boechout
7,Victor Heylenlei 41,2022-12-11,18:00:00,17,6,11,FMN GV 22 Boechout
7,Victor Heylenlei 41,2022-12-11,19:00:00,10,5,5,FMN GV 22 Boechout
7,Victor Heylenlei 41,2022-12-11,20:00:00,9,7,2,FMN GV 22 Boechout
7,Victor Heylenlei 41,2022-12-11,21:00:00,10,7,3,FMN GV 22 Boechout
7,Victor Heylenlei 41,2022-12-11,22:00:00,7,0,7,FMN GV 22 Boechout
7,Victor Heylenlei 41,2022-12-11,23:00:00,2,0,2,FMN GV 22 Boechout
7,Victor Heylenlei 41,2022-12-12,00:00:00,0,0,0,FMN GV 22 Boechout
7,Victor Heylenlei 41,2022-12-12,01:00:00,0,0,0,FMN GV 22 Boechout
7,Victor Heylenlei 41,2022-12-12,02:00:00,1,1,0,FMN GV 22 Boechout
7,Victor Heylenlei 41,2022-12-12,03:00:00,2,2,0,FMN GV 22 Boechout
7,Victor Heylenlei 41,2022-12-12,04:00:00,5,5,0,FMN GV 22 Boechout
7,Victor Heylenlei 41,2022-12-12,05:00:00,9,6,3,FMN GV 22 Boechout
7,Victor Heylenlei 41,2022-12-12,06:00:00,28,22,6,FMN GV 22 Boechout
7,Victor Heylenlei 41,2022-12-12,07:00:00,108,88,20,FMN GV 22 Boechout
7,Victor Heylenlei 41,2022-12-12,08:00:00,214,92,122,FMN GV 22 Boechout
7,Victor Heylenlei 41,2022-12-12,09:00:00,31,20,11,FMN GV 22 Boechout
7,Victor Heylenlei 41,2022-12-12,10:00:00,41,31,10,FMN GV 22 Boechout
7,Victor Heylenlei 41,2022-12-12,11:00:00,23,15,8,FMN GV 22 Boechout
7,Victor Heylenlei 41,2022-12-12,12:00:00,118,96,22,FMN GV 22 Boechout
7,Victor Heylenlei 41,2022-12-12,13:00:00,43,23,20,FMN GV 22 Boechout
7,Victor Heylenlei 41,2022-12-12,14:00:00,57,32,25,FMN GV 22 Boechout
7,Victor Heylenlei 41,2022-12-12,15:00:00,55,16,39,FMN GV 22 Boechout
7,Victor Heylenlei 41,2022-12-12,16:00:00,91,21,70,FMN GV 22 Boechout
7,Victor Heylenlei 41,2022-12-12,17:00:00,77,21,56,FMN GV 22 Boechout
7,Victor Heylenlei 41,2022-12-12,18:00:00,46,10,36,FMN GV 22 Boechout
7,Victor Heylenlei 41,2022-12-12,19:00:00,7,2,5,FMN GV 22 Boechout
7,Victor Heylenlei 41,2022-12-12,20:00:00,13,7,6,FMN GV 22 Boechout
7,Victor Heylenlei 41,2022-12-12,21:00:00,19,5,14,FMN GV 22 Boechout
7,Victor Heylenlei 41,2022-12-12,22:00:00,15,7,8,FMN GV 22 Boechout
7,Victor Heylenlei 41,2022-12-12,23:00:00,2,1,1,FMN GV 22 Boechout
7,Victor Heylenlei 41,2022-12-13,00:00:00,2,1,1,FMN GV 22 Boechout
7,Victor Heylenlei 41,2022-12-13,01:00:00,1,1,0,FMN GV 22 Boechout
7,Victor Heylenlei 41,2022-12-13,02:00:00,0,0,0,FMN GV 22 Boechout
7,Victor Heylenlei 41,2022-12-13,03:00:00,1,0,1,FMN GV 22 Boechout
7,Victor Heylenlei 41,2022-12-13,04:00:00,5,3,2,FMN GV 22 Boechout
7,Victor Heylenlei 41,2022-12-13,05:00:00,13,7,6,FMN GV 22 Boechout
7,Victor Heylenlei 41,2022-12-13,06:00:00,25,19,6,FMN GV 22 Boechout
7,Victor Heylenlei 41,2022-12-13,07:00:00,101,75,26,FMN GV 22 Boechout
7,Victor Heylenlei 41,2022-12-13,08:00:00,207,82,125,FMN GV 22 Boechout
7,Victor Heylenlei 41,2022-12-13,09:00:00,31,21,10,FMN GV 22 Boechout
7,Victor Heylenlei 41,2022-12-13,10:00:00,91,77,14,FMN GV 22 Boechout
7,Victor Heylenlei 41,2022-12-13,11:00:00,35,31,4,FMN GV 22 Boechout
7,Victor Heylenlei 41,2022-12-13,12:00:00,73,54,19,FMN GV 22 Boechout
7,Victor Heylenlei 41,2022-12-13,13:00:00,41,18,23,FMN GV 22 Boechout
7,Victor Heylenlei 41,2022-12-13,14:00:00,34,14,20,FMN GV 22 Boechout
7,Victor Heylenlei 41,2022-12-13,15:00:00,48,12,36,FMN GV 22 Boechout
7,Victor Heylenlei 41,2022-12-13,16:00:00,88,23,65,FMN GV 22 Boechout
7,Victor Heylenlei 41,2022-12-13,17:00:00,90,28,62,FMN GV 22 Boechout
7,Victor Heylenlei 41,2022-12-13,18:00:00,50,14,36,FMN GV 22 Boechout
7,Victor Heylenlei 41,2022-12-13,19:00:00,19,4,15,FMN GV 22 Boechout
7,Victor Heylenlei 41,2022-12-13,20:00:00,10,8,2,FMN GV 22 Boechout
7,Victor Heylenlei 41,2022-12-13,21:00:00,9,3,6,FMN GV 22 Boechout
7,Victor Heylenlei 41,2022-12-13,22:00:00,14,5,9,FMN GV 22 Boechout
7,Victor Heylenlei 41,2022-12-13,23:00:00,2,0,2,FMN GV 22 Boechout
7,Victor Heylenlei 41,2022-12-14,00:00:00,1,0,1,FMN GV 22 Boechout
7,Victor Heylenlei 41,2022-12-14,01:00:00,3,2,1,FMN GV 22 Boechout
7,Victor Heylenlei 41,2022-12-14,02:00:00,0,0,0,FMN GV 22 Boechout
7,Victor Heylenlei 41,2022-12-14,03:00:00,1,0,1,FMN GV 22 Boechout
7,Victor Heylenlei 41,2022-12-14,04:00:00,6,5,1,FMN GV 22 Boechout
7,Victor Heylenlei 41,2022-12-14,05:00:00,10,6,4,FMN GV 22 Boechout
7,Victor Heylenlei 41,2022-12-14,06:00:00,28,21,7,FMN GV 22 Boechout
7,Victor Heylenlei 41,2022-12-14,07:00:00,91,68,23,FMN GV 22 Boechout
7,Victor Heylenlei 41,2022-12-14,08:00:00,180,62,118,FMN GV 22 Boechout
7,Victor Heylenlei 41,2022-12-14,09:00:00,40,29,11,FMN GV 22 Boechout
7,Victor Heylenlei 41,2022-12-14,10:00:00,92,85,7,FMN GV 22 Boechout
7,Victor Heylenlei 41,2022-12-14,11:00:00,49,33,16,FMN GV 22 Boechout
7,Victor Heylenlei 41,2022-12-14,12:00:00,51,20,31,FMN GV 22 Boechout
7,Victor Heylenlei 41,2022-12-14,13:00:00,49,17,32,FMN GV 22 Boechout
7,Victor Heylenlei 41,2022-12-14,14:00:00,38,14,24,FMN GV 22 Boechout
7,Victor Heylenlei 41,2022-12-14,15:00:00,35,17,18,FMN GV 22 Boechout
7,Victor Heylenlei 41,2022-12-14,16:00:00,65,21,44,FMN GV 22 Boechout
7,Victor Heylenlei 41,2022-12-14,17:00:00,56,20,36,FMN GV 22 Boechout
7,Victor Heylenlei 41,2022-12-14,18:00:00,36,13,23,FMN GV 22 Boechout
7,Victor Heylenlei 41,2022-12-14,19:00:00,21,3,18,FMN GV 22 Boechout
7,Victor Heylenlei 41,2022-12-14,20:00:00,15,7,8,FMN GV 22 Boechout
7,Victor Heylenlei 41,2022-12-14,21:00:00,10,3,7,FMN GV 22 Boechout
7,Victor Heylenlei 41,2022-12-14,22:00:00,18,9,9,FMN GV 22 Boechout
7,Victor Heylenlei 41,2022-12-14,23:00:00,9,4,5,FMN GV 22 Boechout
7,Victor Heylenlei 41,2022-12-15,00:00:00,0,0,0,FMN GV 22 Boechout
7,Victor Heylenlei 41,2022-12-15,01:00:00,4,2,2,FMN GV 22 Boechout
7,Victor Heylenlei 41,2022-12-15,02:00:00,0,0,0,FMN GV 22 Boechout
7,Victor Heylenlei 41,2022-12-15,03:00:00,2,1,1,FMN GV 22 Boechout
7,Victor Heylenlei 41,2022-12-15,04:00:00,4,3,1,FMN GV 22 Boechout
7,Victor Heylenlei 41,2022-12-15,05:00:00,12,6,6,FMN GV 22 Boechout
7,Victor Heylenlei 41,2022-12-15,06:00:00,20,17,3,FMN GV 22 Boechout
7,Victor Heylenlei 41,2022-12-15,07:00:00,87,64,23,FMN GV 22 Boechout
7,Victor Heylenlei 41,2022-12-15,08:00:00,206,91,115,FMN GV 22 Boechout
7,Victor Heylenlei 41,2022-12-15,09:00:00,39,33,6,FMN GV 22 Boechout
7,Victor Heylenlei 41,2022-12-15,10:00:00,90,81,9,FMN GV 22 Boechout
7,Victor Heylenlei 41,2022-12-15,11:00:00,47,30,17,FMN GV 22 Boechout
7,Victor Heylenlei 41,2022-12-15,12:00:00,35,24,11,FMN GV 22 Boechout
7,Victor Heylenlei 41,2022-12-15,13:00:00,58,31,27,FMN GV 22 Boechout
7,Victor Heylenlei 41,2022-12-15,14:00:00,37,18,19,FMN GV 22 Boechout
7,Victor Heylenlei 41,2022-12-15,15:00:00,68,23,45,FMN GV 22 Boechout
7,Victor Heylenlei 41,2022-12-15,16:00:00,65,19,46,FMN GV 22 Boechout
7,Victor Heylenlei 41,2022-12-15,17:00:00,86,21,65,FMN GV 22 Boechout
7,Victor Heylenlei 41,2022-12-15,18:00:00,43,16,27,FMN GV 22 Boechout
7,Victor Heylenlei 41,2022-12-15,19:00:00,16,11,5,FMN GV 22 Boechout
7,Victor Heylenlei 41,2022-12-15,20:00:00,18,11,7,FMN GV 22 Boechout
7,Victor Heylenlei 41,2022-12-15,21:00:00,11,6,5,FMN GV 22 Boechout
7,Victor Heylenlei 41,2022-12-15,22:00:00,16,5,11,FMN GV 22 Boechout
7,Victor Heylenlei 41,2022-12-15,23:00:00,10,4,6,FMN GV 22 Boechout
7,Victor Heylenlei 41,2022-12-16,00:00:00,6,2,4,FMN GV 22 Boechout
7,Victor Heylenlei 41,2022-12-16,01:00:00,2,1,1,FMN GV 22 Boechout
7,Victor Heylenlei 41,2022-12-16,02:00:00,0,0,0,FMN GV 22 Boechout
7,Victor Heylenlei 41,2022-12-16,03:00:00,3,2,1,FMN GV 22 Boechout
7,Victor Heylenlei 41,2022-12-16,04:00:00,5,4,1,FMN GV 22 Boechout
7,Victor Heylenlei 41,2022-12-16,05:00:00,10,5,5,FMN GV 22 Boechout
7,Victor Heylenlei 41,2022-12-16,06:00:00,10,8,2,FMN GV 22 Boechout
7,Victor Heylenlei 41,2022-12-16,07:00:00,70,50,20,FMN GV 22 Boechout
7,Victor Heylenlei 41,2022-12-16,08:00:00,170,53,117,FMN GV 22 Boechout
7,Victor Heylenlei 41,2022-12-16,09:00:00,36,30,6,FMN GV 22 Boechout
7,Victor Heylenlei 41,2022-12-16,10:00:00,63,53,10,FMN GV 22 Boechout
7,Victor Heylenlei 41,2022-12-16,11:00:00,36,23,13,FMN GV 22 Boechout
7,Victor Heylenlei 41,2022-12-16,12:00:00,82,58,24,FMN GV 22 Boechout
7,Victor Heylenlei 41,2022-12-16,13:00:00,45,27,18,FMN GV 22 Boechout
7,Victor Heylenlei 41,2022-12-16,14:00:00,41,17,24,FMN GV 22 Boechout
7,Victor Heylenlei 41,2022-12-16,15:00:00,58,32,26,FMN GV 22 Boechout
7,Victor Heylenlei 41,2022-12-16,16:00:00,66,20,46,FMN GV 22 Boechout
7,Victor Heylenlei 41,2022-12-16,17:00:00,38,12,26,FMN GV 22 Boechout
7,Victor Heylenlei 41,2022-12-16,18:00:00,35,14,21,FMN GV 22 Boechout
7,Victor Heylenlei 41,2022-12-16,19:00:00,21,4,17,FMN GV 22 Boechout
7,Victor Heylenlei 41,2022-12-16,20:00:00,15,7,8,FMN GV 22 Boechout
7,Victor Heylenlei 41,2022-12-16,21:00:00,13,7,6,FMN GV 22 Boechout
7,Victor Heylenlei 41,2022-12-16,22:00:00,7,4,3,FMN GV 22 Boechout
7,Victor Heylenlei 41,2022-12-16,23:00:00,8,0,8,FMN GV 22 Boechout
7,Victor Heylenlei 41,2022-12-17,00:00:00,9,3,6,FMN GV 22 Boechout
7,Victor Heylenlei 41,2022-12-17,01:00:00,4,1,3,FMN GV 22 Boechout
7,Victor Heylenlei 41,2022-12-17,02:00:00,2,1,1,FMN GV 22 Boechout
7,Victor Heylenlei 41,2022-12-17,03:00:00,7,6,1,FMN GV 22 Boechout
7,Victor Heylenlei 41,2022-12-17,04:00:00,1,1,0,FMN GV 22 Boechout
7,Victor Heylenlei 41,2022-12-17,05:00:00,2,0,2,FMN GV 22 Boechout
7,Victor Heylenlei 41,2022-12-17,06:00:00,3,2,1,FMN GV 22 Boechout
7,Victor Heylenlei 41,2022-12-17,07:00:00,3,1,2,FMN GV 22 Boechout
7,Victor Heylenlei 41,2022-12-17,08:00:00,8,4,4,FMN GV 22 Boechout
7,Victor Heylenlei 41,2022-12-17,09:00:00,16,7,9,FMN GV 22 Boechout
7,Victor Heylenlei 41,2022-12-17,10:00:00,18,11,7,FMN GV 22 Boechout
7,Victor Heylenlei 41,2022-12-17,11:00:00,17,12,5,FMN GV 22 Boechout
7,Victor Heylenlei 41,2022-12-17,12:00:00,38,21,17,FMN GV 22 Boechout
7,Victor Heylenlei 41,2022-12-17,13:00:00,40,15,25,FMN GV 22 Boechout
7,Victor Heylenlei 41,2022-12-17,14:00:00,27,12,15,FMN GV 22 Boechout
7,Victor Heylenlei 41,2022-12-17,15:00:00,19,13,6,FMN GV 22 Boechout
7,Victor Heylenlei 41,2022-12-17,16:00:00,13,5,8,FMN GV 22 Boechout
7,Victor Heylenlei 41,2022-12-17,17:00:00,15,8,7,FMN GV 22 Boechout
7,Victor Heylenlei 41,2022-12-17,18:00:00,9,3,6,FMN GV 22 Boechout
7,Victor Heylenlei 41,2022-12-17,19:00:00,6,4,2,FMN GV 22 Boechout
7,Victor Heylenlei 41,2022-12-17,20:00:00,11,8,3,FMN GV 22 Boechout
7,Victor Heylenlei 41,2022-12-17,21:00:00,3,1,2,FMN GV 22 Boechout
7,Victor Heylenlei 41,2022-12-17,22:00:00,11,4,7,FMN GV 22 Boechout
7,Victor Heylenlei 41,2022-12-17,23:00:00,7,3,4,FMN GV 22 Boechout
7,Victor Heylenlei 41,2022-12-18,00:00:00,3,0,3,FMN GV 22 Boechout
7,Victor Heylenlei 41,2022-12-18,01:00:00,4,2,2,FMN GV 22 Boechout
7,Victor Heylenlei 41,2022-12-18,02:00:00,7,4,3,FMN GV 22 Boechout
7,Victor Heylenlei 41,2022-12-18,03:00:00,3,2,1,FMN GV 22 Boechout
7,Victor Heylenlei 41,2022-12-18,04:00:00,2,1,1,FMN GV 22 Boechout
7,Victor Heylenlei 41,2022-12-18,05:00:00,2,0,2,FMN GV 22 Boechout
7,Victor Heylenlei 41,2022-12-18,06:00:00,7,5,2,FMN GV 22 Boechout
7,Victor Heylenlei 41,2022-12-18,07:00:00,1,1,0,FMN GV 22 Boechout
7,Victor Heylenlei 41,2022-12-18,08:00:00,5,2,3,FMN GV 22 Boechout
7,Victor Heylenlei 41,2022-12-18,09:00:00,15,9,6,FMN GV 22 Boechout
7,Victor Heylenlei 41,2022-12-18,10:00:00,14,6,8,FMN GV 22 Boechout
7,Victor Heylenlei 41,2022-12-18,11:00:00,15,9,6,FMN GV 22 Boechout
7,Victor Heylenlei 41,2022-12-18,12:00:00,24,11,13,FMN GV 22 Boechout
7,Victor Heylenlei 41,2022-12-18,13:00:00,24,12,12,FMN GV 22 Boechout
7,Victor Heylenlei 41,2022-12-18,14:00:00,20,6,14,FMN GV 22 Boechout
7,Victor Heylenlei 41,2022-12-18,15:00:00,24,16,8,FMN GV 22 Boechout
7,Victor Heylenlei 41,2022-12-18,16:00:00,10,7,3,FMN GV 22 Boechout
7,Victor Heylenlei 41,2022-12-18,17:00:00,7,4,3,FMN GV 22 Boechout
7,Victor Heylenlei 41,2022-12-18,18:00:00,7,3,4,FMN GV 22 Boechout
7,Victor Heylenlei 41,2022-12-18,19:00:00,9,5,4,FMN GV 22 Boechout
7,Victor Heylenlei 41,2022-12-18,20:00:00,2,1,1,FMN GV 22 Boechout
7,Victor Heylenlei 41,2022-12-18,21:00:00,1,1,0,FMN GV 22 Boechout
7,Victor Heylenlei 41,2022-12-18,22:00:00,5,3,2,FMN GV 22 Boechout
7,Victor Heylenlei 41,2022-12-18,23:00:00,0,0,0,FMN GV 22 Boechout
7,Victor Heylenlei 41,2022-12-19,00:00:00,3,1,2,FMN GV 22 Boechout
7,Victor Heylenlei 41,2022-12-19,01:00:00,7,3,4,FMN GV 22 Boechout
7,Victor Heylenlei 41,2022-12-19,02:00:00,0,0,0,FMN GV 22 Boechout
7,Victor Heylenlei 41,2022-12-19,03:00:00,0,0,0,FMN GV 22 Boechout
7,Victor Heylenlei 41,2022-12-19,04:00:00,5,3,2,FMN GV 22 Boechout
7,Victor Heylenlei 41,2022-12-19,05:00:00,6,3,3,FMN GV 22 Boechout
7,Victor Heylenlei 41,2022-12-19,06:00:00,22,18,4,FMN GV 22 Boechout
7,Victor Heylenlei 41,2022-12-19,07:00:00,91,71,20,FMN GV 22 Boechout
7,Victor Heylenlei 41,2022-12-19,08:00:00,199,75,124,FMN GV 22 Boechout
7,Victor Heylenlei 41,2022-12-19,09:00:00,31,26,5,FMN GV 22 Boechout
7,Victor Heylenlei 41,2022-12-19,10:00:00,46,39,7,FMN GV 22 Boechout
7,Victor Heylenlei 41,2022-12-19,11:00:00,41,34,7,FMN GV 22 Boechout
7,Victor Heylenlei 41,2022-12-19,12:00:00,97,73,24,FMN GV 22 Boechout
7,Victor Heylenlei 41,2022-12-19,13:00:00,24,13,11,FMN GV 22 Boechout
7,Victor Heylenlei 41,2022-12-19,14:00:00,34,22,12,FMN GV 22 Boechout
7,Victor Heylenlei 41,2022-12-19,15:00:00,56,15,41,FMN GV 22 Boechout
7,Victor Heylenlei 41,2022-12-19,16:00:00,89,25,64,FMN GV 22 Boechout
7,Victor Heylenlei 41,2022-12-19,17:00:00,77,23,54,FMN GV 22 Boechout
7,Victor Heylenlei 41,2022-12-19,18:00:00,52,21,31,FMN GV 22 Boechout
7,Victor Heylenlei 41,2022-12-19,19:00:00,14,3,11,FMN GV 22 Boechout
7,Victor Heylenlei 41,2022-12-19,20:00:00,18,12,6,FMN GV 22 Boechout
7,Victor Heylenlei 41,2022-12-19,21:00:00,21,2,19,FMN GV 22 Boechout
7,Victor Heylenlei 41,2022-12-19,22:00:00,11,6,5,FMN GV 22 Boechout
7,Victor Heylenlei 41,2022-12-19,23:00:00,6,3,3,FMN GV 22 Boechout
7,Victor Heylenlei 41,2022-12-20,00:00:00,0,0,0,FMN GV 22 Boechout
7,Victor Heylenlei 41,2022-12-20,01:00:00,1,0,1,FMN GV 22 Boechout
7,Victor Heylenlei 41,2022-12-20,02:00:00,0,0,0,FMN GV 22 Boechout
7,Victor Heylenlei 41,2022-12-20,03:00:00,3,2,1,FMN GV 22 Boechout
7,Victor Heylenlei 41,2022-12-20,04:00:00,5,4,1,FMN GV 22 Boechout
7,Victor Heylenlei 41,2022-12-20,05:00:00,15,9,6,FMN GV 22 Boechout
7,Victor Heylenlei 41,2022-12-20,06:00:00,25,20,5,FMN GV 22 Boechout
7,Victor Heylenlei 41,2022-12-20,07:00:00,96,71,25,FMN GV 22 Boechout
7,Victor Heylenlei 41,2022-12-20,08:00:00,197,80,117,FMN GV 22 Boechout
7,Victor Heylenlei 41,2022-12-20,09:00:00,39,37,2,FMN GV 22 Boechout
7,Victor Heylenlei 41,2022-12-20,10:00:00,102,82,20,FMN GV 22 Boechout
7,Victor Heylenlei 41,2022-12-20,11:00:00,30,26,4,FMN GV 22 Boechout
7,Victor Heylenlei 41,2022-12-20,12:00:00,30,17,13,FMN GV 22 Boechout
7,Victor Heylenlei 41,2022-12-20,13:00:00,14,3,11,FMN GV 22 Boechout
7,Victor Heylenlei 41,2022-12-20,14:00:00,41,15,26,FMN GV 22 Boechout
7,Victor Heylenlei 41,2022-12-20,15:00:00,40,13,27,FMN GV 22 Boechout
7,Victor Heylenlei 41,2022-12-20,16:00:00,85,24,61,FMN GV 22 Boechout
7,Victor Heylenlei 41,2022-12-20,17:00:00,73,19,54,FMN GV 22 Boechout
7,Victor Heylenlei 41,2022-12-20,18:00:00,36,13,23,FMN GV 22 Boechout
7,Victor Heylenlei 41,2022-12-20,19:00:00,21,8,13,FMN GV 22 Boechout
7,Victor Heylenlei 41,2022-12-20,20:00:00,13,7,6,FMN GV 22 Boechout
7,Victor Heylenlei 41,2022-12-20,21:00:00,13,3,10,FMN GV 22 Boechout
7,Victor Heylenlei 41,2022-12-20,22:00:00,11,3,8,FMN GV 22 Boechout
7,Victor Heylenlei 41,2022-12-20,23:00:00,11,4,7,FMN GV 22 Boechout
7,Victor Heylenlei 41,2022-12-21,00:00:00,3,2,1,FMN GV 22 Boechout
7,Victor Heylenlei 41,2022-12-21,01:00:00,2,1,1,FMN GV 22 Boechout
7,Victor Heylenlei 41,2022-12-21,02:00:00,1,1,0,FMN GV 22 Boechout
7,Victor Heylenlei 41,2022-12-21,03:00:00,4,2,2,FMN GV 22 Boechout
7,Victor Heylenlei 41,2022-12-21,04:00:00,5,4,1,FMN GV 22 Boechout
7,Victor Heylenlei 41,2022-12-21,05:00:00,11,7,4,FMN GV 22 Boechout
7,Victor Heylenlei 41,2022-12-21,06:00:00,24,18,6,FMN GV 22 Boechout
7,Victor Heylenlei 41,2022-12-21,07:00:00,93,73,20,FMN GV 22 Boechout
7,Victor Heylenlei 41,2022-12-21,08:00:00,156,62,94,FMN GV 22 Boechout
7,Victor Heylenlei 41,2022-12-21,09:00:00,79,43,36,FMN GV 22 Boechout
7,Victor Heylenlei 41,2022-12-21,10:00:00,47,25,22,FMN GV 22 Boechout
7,Victor Heylenlei 41,2022-12-21,11:00:00,89,65,24,FMN GV 22 Boechout
7,Victor Heylenlei 41,2022-12-21,12:00:00,84,47,37,FMN GV 22 Boechout
7,Victor Heylenlei 41,2022-12-21,13:00:00,64,27,37,FMN GV 22 Boechout
7,Victor Heylenlei 41,2022-12-21,14:00:00,45,22,23,FMN GV 22 Boechout
7,Victor Heylenlei 41,2022-12-21,15:00:00,56,27,29,FMN GV 22 Boechout
7,Victor Heylenlei 41,2022-12-21,16:00:00,67,21,46,FMN GV 22 Boechout
7,Victor Heylenlei 41,2022-12-21,17:00:00,72,22,50,FMN GV 22 Boechout
7,Victor Heylenlei 41,2022-12-21,18:00:00,45,15,30,FMN GV 22 Boechout
7,Victor Heylenlei 41,2022-12-21,19:00:00,24,10,14,FMN GV 22 Boechout
7,Victor Heylenlei 41,2022-12-21,20:00:00,14,4,10,FMN GV 22 Boechout
7,Victor Heylenlei 41,2022-12-21,21:00:00,16,7,9,FMN GV 22 Boechout
7,Victor Heylenlei 41,2022-12-21,22:00:00,40,7,33,FMN GV 22 Boechout
7,Victor Heylenlei 41,2022-12-21,23:00:00,8,2,6,FMN GV 22 Boechout
7,Victor Heylenlei 41,2022-12-22,00:00:00,6,3,3,FMN GV 22 Boechout
7,Victor Heylenlei 41,2022-12-22,01:00:00,1,0,1,FMN GV 22 Boechout
7,Victor Heylenlei 41,2022-12-22,02:00:00,15,14,1,FMN GV 22 Boechout
7,Victor Heylenlei 41,2022-12-22,03:00:00,2,1,1,FMN GV 22 Boechout
7,Victor Heylenlei 41,2022-12-22,04:00:00,3,2,1,FMN GV 22 Boechout
7,Victor Heylenlei 41,2022-12-22,05:00:00,13,8,5,FMN GV 22 Boechout
7,Victor Heylenlei 41,2022-12-22,06:00:00,25,20,5,FMN GV 22 Boechout
7,Victor Heylenlei 41,2022-12-22,07:00:00,72,56,16,FMN GV 22 Boechout
7,Victor Heylenlei 41,2022-12-22,08:00:00,108,78,30,FMN GV 22 Boechout
7,Victor Heylenlei 41,2022-12-22,09:00:00,39,33,6,FMN GV 22 Boechout
7,Victor Heylenlei 41,2022-12-22,10:00:00,38,21,17,FMN GV 22 Boechout
7,Victor Heylenlei 41,2022-12-22,11:00:00,31,11,20,FMN GV 22 Boechout
7,Victor Heylenlei 41,2022-12-22,12:00:00,44,24,20,FMN GV 22 Boechout
7,Victor Heylenlei 41,2022-12-22,13:00:00,47,20,27,FMN GV 22 Boechout
7,Victor Heylenlei 41,2022-12-22,14:00:00,37,21,16,FMN GV 22 Boechout
7,Victor Heylenlei 41,2022-12-22,15:00:00,29,12,17,FMN GV 22 Boechout
7,Victor Heylenlei 41,2022-12-22,16:00:00,62,15,47,FMN GV 22 Boechout
7,Victor Heylenlei 41,2022-12-22,17:00:00,73,27,46,FMN GV 22 Boechout
7,Victor Heylenlei 41,2022-12-22,18:00:00,40,11,29,FMN GV 22 Boechout
7,Victor Heylenlei 41,2022-12-22,19:00:00,29,13,16,FMN GV 22 Boechout
7,Victor Heylenlei 41,2022-12-22,20:00:00,19,8,11,FMN GV 22 Boechout
7,Victor Heylenlei 41,2022-12-22,21:00:00,16,6,10,FMN GV 22 Boechout
7,Victor Heylenlei 41,2022-12-22,22:00:00,20,10,10,FMN GV 22 Boechout
7,Victor Heylenlei 41,2022-12-22,23:00:00,15,3,12,FMN GV 22 Boechout
7,Victor Heylenlei 41,2022-12-23,00:00:00,1,0,1,FMN GV 22 Boechout
7,Victor Heylenlei 41,2022-12-23,01:00:00,7,2,5,FMN GV 22 Boechout
7,Victor Heylenlei 41,2022-12-23,02:00:00,1,0,1,FMN GV 22 Boechout
7,Victor Heylenlei 41,2022-12-23,03:00:00,1,0,1,FMN GV 22 Boechout
7,Victor Heylenlei 41,2022-12-23,04:00:00,2,1,1,FMN GV 22 Boechout
7,Victor Heylenlei 41,2022-12-23,05:00:00,10,6,4,FMN GV 22 Boechout
7,Victor Heylenlei 41,2022-12-23,06:00:00,16,12,4,FMN GV 22 Boechout
7,Victor Heylenlei 41,2022-12-23,07:00:00,59,38,21,FMN GV 22 Boechout
7,Victor Heylenlei 41,2022-12-23,08:00:00,169,61,108,FMN GV 22 Boechout
7,Victor Heylenlei 41,2022-12-23,09:00:00,34,25,9,FMN GV 22 Boechout
7,Victor Heylenlei 41,2022-12-23,10:00:00,112,94,18,FMN GV 22 Boechout
7,Victor Heylenlei 41,2022-12-23,11:00:00,22,8,14,FMN GV 22 Boechout
7,Victor Heylenlei 41,2022-12-23,12:00:00,35,18,17,FMN GV 22 Boechout
7,Victor Heylenlei 41,2022-12-23,13:00:00,25,8,17,FMN GV 22 Boechout
7,Victor Heylenlei 41,2022-12-23,14:00:00,37,10,27,FMN GV 22 Boechout
7,Victor Heylenlei 41,2022-12-23,15:00:00,34,13,21,FMN GV 22 Boechout
7,Victor Heylenlei 41,2022-12-23,16:00:00,51,12,39,FMN GV 22 Boechout
7,Victor Heylenlei 41,2022-12-23,17:00:00,42,14,28,FMN GV 22 Boechout
7,Victor Heylenlei 41,2022-12-23,18:00:00,44,32,12,FMN GV 22 Boechout
7,Victor Heylenlei 41,2022-12-23,19:00:00,16,6,10,FMN GV 22 Boechout
7,Victor Heylenlei 41,2022-12-23,20:00:00,9,4,5,FMN GV 22 Boechout
7,Victor Heylenlei 41,2022-12-23,21:00:00,7,4,3,FMN GV 22 Boechout
7,Victor Heylenlei 41,2022-12-23,22:00:00,9,3,6,FMN GV 22 Boechout
7,Victor Heylenlei 41,2022-12-23,23:00:00,11,4,7,FMN GV 22 Boechout
7,Victor Heylenlei 41,2022-12-24,00:00:00,10,5,5,FMN GV 22 Boechout
7,Victor Heylenlei 41,2022-12-24,01:00:00,5,4,1,FMN GV 22 Boechout
7,Victor Heylenlei 41,2022-12-24,02:00:00,7,5,2,FMN GV 22 Boechout
7,Victor Heylenlei 41,2022-12-24,03:00:00,3,1,2,FMN GV 22 Boechout
7,Victor Heylenlei 41,2022-12-24,04:00:00,1,0,1,FMN GV 22 Boechout
7,Victor Heylenlei 41,2022-12-24,05:00:00,2,0,2,FMN GV 22 Boechout
7,Victor Heylenlei 41,2022-12-24,06:00:00,5,0,5,FMN GV 22 Boechout
7,Victor Heylenlei 41,2022-12-24,07:00:00,8,3,5,FMN GV 22 Boechout
7,Victor Heylenlei 41,2022-12-24,08:00:00,6,3,3,FMN GV 22 Boechout
7,Victor Heylenlei 41,2022-12-24,09:00:00,43,21,22,FMN GV 22 Boechout
7,Victor Heylenlei 41,2022-12-24,10:00:00,57,25,32,FMN GV 22 Boechout
7,Victor Heylenlei 41,2022-12-24,11:00:00,65,39,26,FMN GV 22 Boechout
7,Victor Heylenlei 41,2022-12-24,12:00:00,90,53,37,FMN GV 22 Boechout
7,Victor Heylenlei 41,2022-12-24,13:00:00,83,58,25,FMN GV 22 Boechout
7,Victor Heylenlei 41,2022-12-24,14:00:00,60,34,26,FMN GV 22 Boechout
7,Victor Heylenlei 41,2022-12-24,15:00:00,55,31,24,FMN GV 22 Boechout
7,Victor Heylenlei 41,2022-12-24,16:00:00,34,11,23,FMN GV 22 Boechout
7,Victor Heylenlei 41,2022-12-24,17:00:00,20,9,11,FMN GV 22 Boechout
7,Victor Heylenlei 41,2022-12-24,18:00:00,11,4,7,FMN GV 22 Boechout
7,Victor Heylenlei 41,2022-12-24,19:00:00,6,2,4,FMN GV 22 Boechout
7,Victor Heylenlei 41,2022-12-24,20:00:00,3,1,2,FMN GV 22 Boechout
7,Victor Heylenlei 41,2022-12-24,21:00:00,5,1,4,FMN GV 22 Boechout
7,Victor Heylenlei 41,2022-12-24,22:00:00,9,5,4,FMN GV 22 Boechout
7,Victor Heylenlei 41,2022-12-24,23:00:00,7,5,2,FMN GV 22 Boechout
7,Victor Heylenlei 41,2022-12-25,00:00:00,18,11,7,FMN GV 22 Boechout
7,Victor Heylenlei 41,2022-12-25,01:00:00,7,7,0,FMN GV 22 Boechout
7,Victor Heylenlei 41,2022-12-25,02:00:00,4,3,1,FMN GV 22 Boechout
7,Victor Heylenlei 41,2022-12-25,03:00:00,0,0,0,FMN GV 22 Boechout
7,Victor Heylenlei 41,2022-12-25,04:00:00,0,0,0,FMN GV 22 Boechout
7,Victor Heylenlei 41,2022-12-25,05:00:00,3,3,0,FMN GV 22 Boechout
7,Victor Heylenlei 41,2022-12-25,06:00:00,0,0,0,FMN GV 22 Boechout
7,Victor Heylenlei 41,2022-12-25,07:00:00,4,1,3,FMN GV 22 Boechout
7,Victor Heylenlei 41,2022-12-25,08:00:00,6,5,1,FMN GV 22 Boechout
7,Victor Heylenlei 41,2022-12-25,09:00:00,11,9,2,FMN GV 22 Boechout
7,Victor Heylenlei 41,2022-12-25,10:00:00,9,4,5,FMN GV 22 Boechout
7,Victor Heylenlei 41,2022-12-25,11:00:00,12,9,3,FMN GV 22 Boechout
7,Victor Heylenlei 41,2022-12-25,12:00:00,19,8,11,FMN GV 22 Boechout
7,Victor Heylenlei 41,2022-12-25,13:00:00,9,5,4,FMN GV 22 Boechout
7,Victor Heylenlei 41,2022-12-25,14:00:00,14,2,12,FMN GV 22 Boechout
7,Victor Heylenlei 41,2022-12-25,15:00:00,11,5,6,FMN GV 22 Boechout
7,Victor Heylenlei 41,2022-12-25,16:00:00,10,4,6,FMN GV 22 Boechout
7,Victor Heylenlei 41,2022-12-25,17:00:00,8,3,5,FMN GV 22 Boechout
7,Victor Heylenlei 41,2022-12-25,18:00:00,2,0,2,FMN GV 22 Boechout
7,Victor Heylenlei 41,2022-12-25,19:00:00,3,2,1,FMN GV 22 Boechout
7,Victor Heylenlei 41,2022-12-25,20:00:00,5,4,1,FMN GV 22 Boechout
7,Victor Heylenlei 41,2022-12-25,21:00:00,4,3,1,FMN GV 22 Boechout
7,Victor Heylenlei 41,2022-12-25,22:00:00,7,6,1,FMN GV 22 Boechout
7,Victor Heylenlei 41,2022-12-25,23:00:00,7,5,2,FMN GV 22 Boechout
7,Victor Heylenlei 41,2022-12-26,00:00:00,2,2,0,FMN GV 22 Boechout
7,Victor Heylenlei 41,2022-12-26,01:00:00,3,1,2,FMN GV 22 Boechout
7,Victor Heylenlei 41,2022-12-26,02:00:00,3,2,1,FMN GV 22 Boechout
7,Victor Heylenlei 41,2022-12-26,03:00:00,3,1,2,FMN GV 22 Boechout
7,Victor Heylenlei 41,2022-12-26,04:00:00,3,2,1,FMN GV 22 Boechout
7,Victor Heylenlei 41,2022-12-26,05:00:00,3,2,1,FMN GV 22 Boechout
7,Victor Heylenlei 41,2022-12-26,06:00:00,7,4,3,FMN GV 22 Boechout
7,Victor Heylenlei 41,2022-12-26,07:00:00,16,10,6,FMN GV 22 Boechout
7,Victor Heylenlei 41,2022-12-26,08:00:00,18,16,2,FMN GV 22 Boechout
7,Victor Heylenlei 41,2022-12-26,09:00:00,21,14,7,FMN GV 22 Boechout
7,Victor Heylenlei 41,2022-12-26,10:00:00,17,7,10,FMN GV 22 Boechout
7,Victor Heylenlei 41,2022-12-26,11:00:00,38,19,19,FMN GV 22 Boechout
7,Victor Heylenlei 41,2022-12-26,12:00:00,27,13,14,FMN GV 22 Boechout
7,Victor Heylenlei 41,2022-12-26,13:00:00,51,29,22,FMN GV 22 Boechout
7,Victor Heylenlei 41,2022-12-26,14:00:00,71,37,34,FMN GV 22 Boechout
7,Victor Heylenlei 41,2022-12-26,15:00:00,37,16,21,FMN GV 22 Boechout
7,Victor Heylenlei 41,2022-12-26,16:00:00,61,33,28,FMN GV 22 Boechout
7,Victor Heylenlei 41,2022-12-26,17:00:00,37,21,16,FMN GV 22 Boechout
7,Victor Heylenlei 41,2022-12-26,18:00:00,23,6,17,FMN GV 22 Boechout
7,Victor Heylenlei 41,2022-12-26,19:00:00,15,7,8,FMN GV 22 Boechout
7,Victor Heylenlei 41,2022-12-26,20:00:00,10,4,6,FMN GV 22 Boechout
7,Victor Heylenlei 41,2022-12-26,21:00:00,9,4,5,FMN GV 22 Boechout
7,Victor Heylenlei 41,2022-12-26,22:00:00,7,4,3,FMN GV 22 Boechout
7,Victor Heylenlei 41,2022-12-26,23:00:00,16,9,7,FMN GV 22 Boechout
7,Victor Heylenlei 41,2022-12-27,00:00:00,5,3,2,FMN GV 22 Boechout
7,Victor Heylenlei 41,2022-12-27,01:00:00,1,1,0,FMN GV 22 Boechout
7,Victor Heylenlei 41,2022-12-27,02:00:00,2,1,1,FMN GV 22 Boechout
7,Victor Heylenlei 41,2022-12-27,03:00:00,2,1,1,FMN GV 22 Boechout
7,Victor Heylenlei 41,2022-12-27,04:00:00,5,4,1,FMN GV 22 Boechout
7,Victor Heylenlei 41,2022-12-27,05:00:00,8,2,6,FMN GV 22 Boechout
7,Victor Heylenlei 41,2022-12-27,06:00:00,15,6,9,FMN GV 22 Boechout
7,Victor Heylenlei 41,2022-12-27,07:00:00,34,22,12,FMN GV 22 Boechout
7,Victor Heylenlei 41,2022-12-27,08:00:00,41,32,9,FMN GV 22 Boechout
7,Victor Heylenlei 41,2022-12-27,09:00:00,39,16,23,FMN GV 22 Boechout
7,Victor Heylenlei 41,2022-12-27,10:00:00,34,14,20,FMN GV 22 Boechout
7,Victor Heylenlei 41,2022-12-27,11:00:00,59,31,28,FMN GV 22 Boechout
7,Victor Heylenlei 41,2022-12-27,12:00:00,60,34,26,FMN GV 22 Boechout
7,Victor Heylenlei 41,2022-12-27,13:00:00,63,30,33,FMN GV 22 Boechout
7,Victor Heylenlei 41,2022-12-27,14:00:00,88,54,34,FMN GV 22 Boechout
7,Victor Heylenlei 41,2022-12-27,15:00:00,102,57,45,FMN GV 22 Boechout
7,Victor Heylenlei 41,2022-12-27,16:00:00,86,53,33,FMN GV 22 Boechout
7,Victor Heylenlei 41,2022-12-27,17:00:00,67,30,37,FMN GV 22 Boechout
7,Victor Heylenlei 41,2022-12-27,18:00:00,32,12,20,FMN GV 22 Boechout
7,Victor Heylenlei 41,2022-12-27,19:00:00,21,13,8,FMN GV 22 Boechout
7,Victor Heylenlei 41,2022-12-27,20:00:00,15,5,10,FMN GV 22 Boechout
7,Victor Heylenlei 41,2022-12-27,21:00:00,5,3,2,FMN GV 22 Boechout
7,Victor Heylenlei 41,2022-12-27,22:00:00,8,3,5,FMN GV 22 Boechout
7,Victor Heylenlei 41,2022-12-27,23:00:00,8,1,7,FMN GV 22 Boechout
7,Victor Heylenlei 41,2022-12-28,00:00:00,8,2,6,FMN GV 22 Boechout
7,Victor Heylenlei 41,2022-12-28,01:00:00,6,1,5,FMN GV 22 Boechout
7,Victor Heylenlei 41,2022-12-28,02:00:00,3,3,0,FMN GV 22 Boechout
7,Victor Heylenlei 41,2022-12-28,03:00:00,4,4,0,FMN GV 22 Boechout
7,Victor Heylenlei 41,2022-12-28,04:00:00,4,3,1,FMN GV 22 Boechout
7,Victor Heylenlei 41,2022-12-28,05:00:00,9,4,5,FMN GV 22 Boechout
7,Victor Heylenlei 41,2022-12-28,06:00:00,14,6,8,FMN GV 22 Boechout
7,Victor Heylenlei 41,2022-12-28,07:00:00,27,18,9,FMN GV 22 Boechout
7,Victor Heylenlei 41,2022-12-28,08:00:00,29,19,10,FMN GV 22 Boechout
7,Victor Heylenlei 41,2022-12-28,09:00:00,22,10,12,FMN GV 22 Boechout
7,Victor Heylenlei 41,2022-12-28,10:00:00,14,8,6,FMN GV 22 Boechout
7,Victor Heylenlei 41,2022-12-28,11:00:00,16,11,5,FMN GV 22 Boechout
7,Victor Heylenlei 41,2022-12-28,12:00:00,18,13,5,FMN GV 22 Boechout
7,Victor Heylenlei 41,2022-12-28,13:00:00,30,18,12,FMN GV 22 Boechout
7,Victor Heylenlei 41,2022-12-28,14:00:00,18,13,5,FMN GV 22 Boechout
7,Victor Heylenlei 41,2022-12-28,15:00:00,22,11,11,FMN GV 22 Boechout
7,Victor Heylenlei 41,2022-12-28,16:00:00,31,10,21,FMN GV 22 Boechout
7,Victor Heylenlei 41,2022-12-28,17:00:00,30,11,19,FMN GV 22 Boechout
7,Victor Heylenlei 41,2022-12-28,18:00:00,18,7,11,FMN GV 22 Boechout
7,Victor Heylenlei 41,2022-12-28,19:00:00,9,5,4,FMN GV 22 Boechout
7,Victor Heylenlei 41,2022-12-28,20:00:00,8,5,3,FMN GV 22 Boechout
7,Victor Heylenlei 41,2022-12-28,21:00:00,5,1,4,FMN GV 22 Boechout
7,Victor Heylenlei 41,2022-12-28,22:00:00,8,3,5,FMN GV 22 Boechout
7,Victor Heylenlei 41,2022-12-28,23:00:00,5,1,4,FMN GV 22 Boechout
7,Victor Heylenlei 41,2022-12-29,00:00:00,4,1,3,FMN GV 22 Boechout
7,Victor Heylenlei 41,2022-12-29,01:00:00,1,0,1,FMN GV 22 Boechout
7,Victor Heylenlei 41,2022-12-29,02:00:00,2,2,0,FMN GV 22 Boechout
7,Victor Heylenlei 41,2022-12-29,03:00:00,6,6,0,FMN GV 22 Boechout
7,Victor Heylenlei 41,2022-12-29,04:00:00,4,3,1,FMN GV 22 Boechout
7,Victor Heylenlei 41,2022-12-29,05:00:00,8,3,5,FMN GV 22 Boechout
7,Victor Heylenlei 41,2022-12-29,06:00:00,9,5,4,FMN GV 22 Boechout
7,Victor Heylenlei 41,2022-12-29,07:00:00,20,15,5,FMN GV 22 Boechout
7,Victor Heylenlei 41,2022-12-29,08:00:00,30,18,12,FMN GV 22 Boechout
7,Victor Heylenlei 41,2022-12-29,09:00:00,18,11,7,FMN GV 22 Boechout
7,Victor Heylenlei 41,2022-12-29,10:00:00,16,9,7,FMN GV 22 Boechout
7,Victor Heylenlei 41,2022-12-29,11:00:00,15,8,7,FMN GV 22 Boechout
7,Victor Heylenlei 41,2022-12-29,12:00:00,21,11,10,FMN GV 22 Boechout
7,Victor Heylenlei 41,2022-12-29,13:00:00,29,12,17,FMN GV 22 Boechout
7,Victor Heylenlei 41,2022-12-29,14:00:00,23,11,12,FMN GV 22 Boechout
7,Victor Heylenlei 41,2022-12-29,15:00:00,25,15,10,FMN GV 22 Boechout
7,Victor Heylenlei 41,2022-12-29,16:00:00,32,13,19,FMN GV 22 Boechout
7,Victor Heylenlei 41,2022-12-29,17:00:00,47,17,30,FMN GV 22 Boechout
7,Victor Heylenlei 41,2022-12-29,18:00:00,29,17,12,FMN GV 22 Boechout
7,Victor Heylenlei 41,2022-12-29,19:00:00,18,13,5,FMN GV 22 Boechout
7,Victor Heylenlei 41,2022-12-29,20:00:00,5,2,3,FMN GV 22 Boechout
7,Victor Heylenlei 41,2022-12-29,21:00:00,15,10,5,FMN GV 22 Boechout
7,Victor Heylenlei 41,2022-12-29,22:00:00,15,7,8,FMN GV 22 Boechout
7,Victor Heylenlei 41,2022-12-29,23:00:00,8,0,8,FMN GV 22 Boechout
7,Victor Heylenlei 41,2022-12-30,00:00:00,4,2,2,FMN GV 22 Boechout
7,Victor Heylenlei 41,2022-12-30,01:00:00,4,1,3,FMN GV 22 Boechout
7,Victor Heylenlei 41,2022-12-30,02:00:00,1,1,0,FMN GV 22 Boechout
7,Victor Heylenlei 41,2022-12-30,03:00:00,1,1,0,FMN GV 22 Boechout
7,Victor Heylenlei 41,2022-12-30,04:00:00,4,3,1,FMN GV 22 Boechout
7,Victor Heylenlei 41,2022-12-30,05:00:00,5,0,5,FMN GV 22 Boechout
7,Victor Heylenlei 41,2022-12-30,06:00:00,11,4,7,FMN GV 22 Boechout
7,Victor Heylenlei 41,2022-12-30,07:00:00,25,18,7,FMN GV 22 Boechout
7,Victor Heylenlei 41,2022-12-30,08:00:00,19,9,10,FMN GV 22 Boechout
7,Victor Heylenlei 41,2022-12-30,09:00:00,35,13,22,FMN GV 22 Boechout
7,Victor Heylenlei 41,2022-12-30,10:00:00,37,18,19,FMN GV 22 Boechout
7,Victor Heylenlei 41,2022-12-30,11:00:00,44,28,16,FMN GV 22 Boechout
7,Victor Heylenlei 41,2022-12-30,12:00:00,30,23,7,FMN GV 22 Boechout
7,Victor Heylenlei 41,2022-12-30,13:00:00,18,15,3,FMN GV 22 Boechout
7,Victor Heylenlei 41,2022-12-30,14:00:00,12,6,6,FMN GV 22 Boechout
7,Victor Heylenlei 41,2022-12-30,15:00:00,13,7,6,FMN GV 22 Boechout
7,Victor Heylenlei 41,2022-12-30,16:00:00,29,10,19,FMN GV 22 Boechout
7,Victor Heylenlei 41,2022-12-30,17:00:00,23,8,15,FMN GV 22 Boechout
7,Victor Heylenlei 41,2022-12-30,18:00:00,17,8,9,FMN GV 22 Boechout
7,Victor Heylenlei 41,2022-12-30,19:00:00,7,1,6,FMN GV 22 Boechout
7,Victor Heylenlei 41,2022-12-30,20:00:00,10,5,5,FMN GV 22 Boechout
7,Victor Heylenlei 41,2022-12-30,21:00:00,11,4,7,FMN GV 22 Boechout
7,Victor Heylenlei 41,2022-12-30,22:00:00,4,0,4,FMN GV 22 Boechout
7,Victor Heylenlei 41,2022-12-30,23:00:00,8,4,4,FMN GV 22 Boechout
7,Victor Heylenlei 41,2022-12-31,00:00:00,9,1,8,FMN GV 22 Boechout
7,Victor Heylenlei 41,2022-12-31,01:00:00,3,2,1,FMN GV 22 Boechout
7,Victor Heylenlei 41,2022-12-31,02:00:00,2,2,0,FMN GV 22 Boechout
7,Victor Heylenlei 41,2022-12-31,03:00:00,1,1,0,FMN GV 22 Boechout
7,Victor Heylenlei 41,2022-12-31,04:00:00,3,2,1,FMN GV 22 Boechout
7,Victor Heylenlei 41,2022-12-31,05:00:00,4,1,3,FMN GV 22 Boechout
7,Victor Heylenlei 41,2022-12-31,06:00:00,2,0,2,FMN GV 22 Boechout
7,Victor Heylenlei 41,2022-12-31,07:00:00,4,2,2,FMN GV 22 Boechout
7,Victor Heylenlei 41,2022-12-31,08:00:00,3,2,1,FMN GV 22 Boechout
7,Victor Heylenlei 41,2022-12-31,09:00:00,11,2,9,FMN GV 22 Boechout
7,Victor Heylenlei 41,2022-12-31,10:00:00,22,9,13,FMN GV 22 Boechout
7,Victor Heylenlei 41,2022-12-31,11:00:00,27,13,14,FMN GV 22 Boechout
7,Victor Heylenlei 41,2022-12-31,12:00:00,16,10,6,FMN GV 22 Boechout
7,Victor Heylenlei 41,2022-12-31,13:00:00,21,13,8,FMN GV 22 Boechout
7,Victor Heylenlei 41,2022-12-31,14:00:00,29,9,20,FMN GV 22 Boechout
7,Victor Heylenlei 41,2022-12-31,15:00:00,31,16,15,FMN GV 22 Boechout
7,Victor Heylenlei 41,2022-12-31,16:00:00,27,15,12,FMN GV 22 Boechout
7,Victor Heylenlei 41,2022-12-31,17:00:00,27,16,11,FMN GV 22 Boechout
7,Victor Heylenlei 41,2022-12-31,18:00:00,17,11,6,FMN GV 22 Boechout
7,Victor Heylenlei 41,2022-12-31,19:00:00,6,0,6,FMN GV 22 Boechout
7,Victor Heylenlei 41,2022-12-31,20:00:00,2,1,1,FMN GV 22 Boechout
7,Victor Heylenlei 41,2022-12-31,21:00:00,2,1,1,FMN GV 22 Boechout
7,Victor Heylenlei 41,2022-12-31,22:00:00,10,8,2,FMN GV 22 Boechout
7,Victor Heylenlei 41,2022-12-31,23:00:00,6,4,2,FMN GV 22 Boechout
7,Victor Heylenlei 41,2023-01-01,00:00:00,13,8,5,FMN GV 22 Boechout
7,Victor Heylenlei 41,2023-01-01,01:00:00,19,9,10,FMN GV 22 Boechout
7,Victor Heylenlei 41,2023-01-01,02:00:00,8,6,2,FMN GV 22 Boechout
7,Victor Heylenlei 41,2023-01-01,03:00:00,11,7,4,FMN GV 22 Boechout
7,Victor Heylenlei 41,2023-01-01,04:00:00,13,6,7,FMN GV 22 Boechout
7,Victor Heylenlei 41,2023-01-01,05:00:00,16,9,7,FMN GV 22 Boechout
7,Victor Heylenlei 41,2023-01-01,06:00:00,8,4,4,FMN GV 22 Boechout
7,Victor Heylenlei 41,2023-01-01,07:00:00,4,1,3,FMN GV 22 Boechout
7,Victor Heylenlei 41,2023-01-01,08:00:00,3,1,2,FMN GV 22 Boechout
7,Victor Heylenlei 41,2023-01-01,09:00:00,2,1,1,FMN GV 22 Boechout
7,Victor Heylenlei 41,2023-01-01,10:00:00,30,13,17,FMN GV 22 Boechout
7,Victor Heylenlei 41,2023-01-01,11:00:00,43,24,19,FMN GV 22 Boechout
7,Victor Heylenlei 41,2023-01-01,12:00:00,45,15,30,FMN GV 22 Boechout
7,Victor Heylenlei 41,2023-01-01,13:00:00,58,27,31,FMN GV 22 Boechout
7,Victor Heylenlei 41,2023-01-01,14:00:00,73,39,34,FMN GV 22 Boechout
7,Victor Heylenlei 41,2023-01-01,15:00:00,51,24,27,FMN GV 22 Boechout
7,Victor Heylenlei 41,2023-01-01,16:00:00,30,12,18,FMN GV 22 Boechout
7,Victor Heylenlei 41,2023-01-01,17:00:00,13,8,5,FMN GV 22 Boechout
7,Victor Heylenlei 41,2023-01-01,18:00:00,3,1,2,FMN GV 22 Boechout
7,Victor Heylenlei 41,2023-01-01,19:00:00,5,3,2,FMN GV 22 Boechout
7,Victor Heylenlei 41,2023-01-01,20:00:00,11,6,5,FMN GV 22 Boechout
7,Victor Heylenlei 41,2023-01-01,21:00:00,8,5,3,FMN GV 22 Boechout
7,Victor Heylenlei 41,2023-01-01,22:00:00,5,3,2,FMN GV 22 Boechout
7,Victor Heylenlei 41,2023-01-01,23:00:00,4,3,1,FMN GV 22 Boechout
7,Victor Heylenlei 41,2023-01-02,00:00:00,1,1,0,FMN GV 22 Boechout
7,Victor Heylenlei 41,2023-01-02,01:00:00,1,1,0,FMN GV 22 Boechout
7,Victor Heylenlei 41,2023-01-02,02:00:00,0,0,0,FMN GV 22 Boechout
7,Victor Heylenlei 41,2023-01-02,03:00:00,0,0,0,FMN GV 22 Boechout
7,Victor Heylenlei 41,2023-01-02,04:00:00,1,0,1,FMN GV 22 Boechout
7,Victor Heylenlei 41,2023-01-02,05:00:00,5,2,3,FMN GV 22 Boechout
7,Victor Heylenlei 41,2023-01-02,06:00:00,9,8,1,FMN GV 22 Boechout
7,Victor Heylenlei 41,2023-01-02,07:00:00,28,22,6,FMN GV 22 Boechout
7,Victor Heylenlei 41,2023-01-02,08:00:00,20,15,5,FMN GV 22 Boechout
7,Victor Heylenlei 41,2023-01-02,09:00:00,24,10,14,FMN GV 22 Boechout
7,Victor Heylenlei 41,2023-01-02,10:00:00,21,13,8,FMN GV 22 Boechout
7,Victor Heylenlei 41,2023-01-02,11:00:00,23,10,13,FMN GV 22 Boechout
7,Victor Heylenlei 41,2023-01-02,12:00:00,30,15,15,FMN GV 22 Boechout
7,Victor Heylenlei 41,2023-01-02,13:00:00,38,22,16,FMN GV 22 Boechout
7,Victor Heylenlei 41,2023-01-02,14:00:00,36,23,13,FMN GV 22 Boechout
7,Victor Heylenlei 41,2023-01-02,15:00:00,44,20,24,FMN GV 22 Boechout
7,Victor Heylenlei 41,2023-01-02,16:00:00,38,13,25,FMN GV 22 Boechout
7,Victor Heylenlei 41,2023-01-02,17:00:00,29,9,20,FMN GV 22 Boechout
7,Victor Heylenlei 41,2023-01-02,18:00:00,9,4,5,FMN GV 22 Boechout
7,Victor Heylenlei 41,2023-01-02,19:00:00,12,7,5,FMN GV 22 Boechout
7,Victor Heylenlei 41,2023-01-02,20:00:00,12,5,7,FMN GV 22 Boechout
7,Victor Heylenlei 41,2023-01-02,21:00:00,11,5,6,FMN GV 22 Boechout
7,Victor Heylenlei 41,2023-01-02,22:00:00,8,2,6,FMN GV 22 Boechout
7,Victor Heylenlei 41,2023-01-02,23:00:00,0,0,0,FMN GV 22 Boechout
7,Victor Heylenlei 41,2023-01-03,00:00:00,2,0,2,FMN GV 22 Boechout
7,Victor Heylenlei 41,2023-01-03,01:00:00,1,1,0,FMN GV 22 Boechout
7,Victor Heylenlei 41,2023-01-03,02:00:00,0,0,0,FMN GV 22 Boechout
7,Victor Heylenlei 41,2023-01-03,03:00:00,4,3,1,FMN GV 22 Boechout
7,Victor Heylenlei 41,2023-01-03,04:00:00,3,2,1,FMN GV 22 Boechout
7,Victor Heylenlei 41,2023-01-03,05:00:00,11,5,6,FMN GV 22 Boechout
7,Victor Heylenlei 41,2023-01-03,06:00:00,34,24,10,FMN GV 22 Boechout
7,Victor Heylenlei 41,2023-01-03,07:00:00,62,46,16,FMN GV 22 Boechout
7,Victor Heylenlei 41,2023-01-03,08:00:00,78,61,17,FMN GV 22 Boechout
7,Victor Heylenlei 41,2023-01-03,09:00:00,43,21,22,FMN GV 22 Boechout
7,Victor Heylenlei 41,2023-01-03,10:00:00,35,18,17,FMN GV 22 Boechout
7,Victor Heylenlei 41,2023-01-03,11:00:00,39,17,22,FMN GV 22 Boechout
7,Victor Heylenlei 41,2023-01-03,12:00:00,46,22,24,FMN GV 22 Boechout
7,Victor Heylenlei 41,2023-01-03,13:00:00,57,28,29,FMN GV 22 Boechout
7,Victor Heylenlei 41,2023-01-03,14:00:00,74,45,29,FMN GV 22 Boechout
7,Victor Heylenlei 41,2023-01-03,15:00:00,71,38,33,FMN GV 22 Boechout
7,Victor Heylenlei 41,2023-01-03,16:00:00,87,33,54,FMN GV 22 Boechout
7,Victor Heylenlei 41,2023-01-03,17:00:00,97,28,69,FMN GV 22 Boechout
7,Victor Heylenlei 41,2023-01-03,18:00:00,43,14,29,FMN GV 22 Boechout
7,Victor Heylenlei 41,2023-01-03,19:00:00,25,13,12,FMN GV 22 Boechout
7,Victor Heylenlei 41,2023-01-03,20:00:00,19,8,11,FMN GV 22 Boechout
7,Victor Heylenlei 41,2023-01-03,21:00:00,7,3,4,FMN GV 22 Boechout
7,Victor Heylenlei 41,2023-01-03,22:00:00,12,8,4,FMN GV 22 Boechout
7,Victor Heylenlei 41,2023-01-03,23:00:00,4,1,3,FMN GV 22 Boechout
7,Victor Heylenlei 41,2023-01-04,00:00:00,1,0,1,FMN GV 22 Boechout
7,Victor Heylenlei 41,2023-01-04,01:00:00,0,0,0,FMN GV 22 Boechout
7,Victor Heylenlei 41,2023-01-04,02:00:00,0,0,0,FMN GV 22 Boechout
7,Victor Heylenlei 41,2023-01-04,03:00:00,1,0,1,FMN GV 22 Boechout
7,Victor Heylenlei 41,2023-01-04,04:00:00,2,2,0,FMN GV 22 Boechout
7,Victor Heylenlei 41,2023-01-04,05:00:00,15,6,9,FMN GV 22 Boechout
7,Victor Heylenlei 41,2023-01-04,06:00:00,19,12,7,FMN GV 22 Boechout
7,Victor Heylenlei 41,2023-01-04,07:00:00,49,30,19,FMN GV 22 Boechout
7,Victor Heylenlei 41,2023-01-04,08:00:00,45,31,14,FMN GV 22 Boechout
7,Victor Heylenlei 41,2023-01-04,09:00:00,22,16,6,FMN GV 22 Boechout
7,Victor Heylenlei 41,2023-01-04,10:00:00,12,8,4,FMN GV 22 Boechout
7,Victor Heylenlei 41,2023-01-04,11:00:00,25,12,13,FMN GV 22 Boechout
7,Victor Heylenlei 41,2023-01-04,12:00:00,26,14,12,FMN GV 22 Boechout
7,Victor Heylenlei 41,2023-01-04,13:00:00,31,14,17,FMN GV 22 Boechout
7,Victor Heylenlei 41,2023-01-04,14:00:00,13,8,5,FMN GV 22 Boechout
7,Victor Heylenlei 41,2023-01-04,15:00:00,18,4,14,FMN GV 22 Boechout
7,Victor Heylenlei 41,2023-01-04,16:00:00,54,20,34,FMN GV 22 Boechout
7,Victor Heylenlei 41,2023-01-04,17:00:00,46,17,29,FMN GV 22 Boechout
7,Victor Heylenlei 41,2023-01-04,18:00:00,37,18,19,FMN GV 22 Boechout
7,Victor Heylenlei 41,2023-01-04,19:00:00,29,14,15,FMN GV 22 Boechout
7,Victor Heylenlei 41,2023-01-04,20:00:00,17,8,9,FMN GV 22 Boechout
7,Victor Heylenlei 41,2023-01-04,21:00:00,9,4,5,FMN GV 22 Boechout
7,Victor Heylenlei 41,2023-01-04,22:00:00,23,9,14,FMN GV 22 Boechout
7,Victor Heylenlei 41,2023-01-04,23:00:00,7,4,3,FMN GV 22 Boechout
7,Victor Heylenlei 41,2023-01-05,00:00:00,2,2,0,FMN GV 22 Boechout
7,Victor Heylenlei 41,2023-01-05,01:00:00,1,0,1,FMN GV 22 Boechout
7,Victor Heylenlei 41,2023-01-05,02:00:00,0,0,0,FMN GV 22 Boechout
7,Victor Heylenlei 41,2023-01-05,03:00:00,1,0,1,FMN GV 22 Boechout
7,Victor Heylenlei 41,2023-01-05,04:00:00,2,1,1,FMN GV 22 Boechout
7,Victor Heylenlei 41,2023-01-05,05:00:00,11,6,5,FMN GV 22 Boechout
7,Victor Heylenlei 41,2023-01-05,06:00:00,29,20,9,FMN GV 22 Boechout
7,Victor Heylenlei 41,2023-01-05,07:00:00,62,46,16,FMN GV 22 Boechout
7,Victor Heylenlei 41,2023-01-05,08:00:00,79,61,18,FMN GV 22 Boechout
7,Victor Heylenlei 41,2023-01-05,09:00:00,33,19,14,FMN GV 22 Boechout
7,Victor Heylenlei 41,2023-01-05,10:00:00,50,22,28,FMN GV 22 Boechout
7,Victor Heylenlei 41,2023-01-05,11:00:00,58,28,30,FMN GV 22 Boechout
7,Victor Heylenlei 41,2023-01-05,12:00:00,60,22,38,FMN GV 22 Boechout
7,Victor Heylenlei 41,2023-01-05,13:00:00,77,44,33,FMN GV 22 Boechout
7,Victor Heylenlei 41,2023-01-05,14:00:00,66,35,31,FMN GV 22 Boechout
7,Victor Heylenlei 41,2023-01-05,15:00:00,41,19,22,FMN GV 22 Boechout
7,Victor Heylenlei 41,2023-01-05,16:00:00,68,21,47,FMN GV 22 Boechout
7,Victor Heylenlei 41,2023-01-05,17:00:00,69,19,50,FMN GV 22 Boechout
7,Victor Heylenlei 41,2023-01-05,18:00:00,45,10,35,FMN GV 22 Boechout
7,Victor Heylenlei 41,2023-01-05,19:00:00,19,11,8,FMN GV 22 Boechout
7,Victor Heylenlei 41,2023-01-05,20:00:00,20,12,8,FMN GV 22 Boechout
7,Victor Heylenlei 41,2023-01-05,21:00:00,12,8,4,FMN GV 22 Boechout
7,Victor Heylenlei 41,2023-01-05,22:00:00,20,9,11,FMN GV 22 Boechout
7,Victor Heylenlei 41,2023-01-05,23:00:00,5,2,3,FMN GV 22 Boechout
7,Victor Heylenlei 41,2023-01-06,00:00:00,5,3,2,FMN GV 22 Boechout
7,Victor Heylenlei 41,2023-01-06,01:00:00,2,0,2,FMN GV 22 Boechout
7,Victor Heylenlei 41,2023-01-06,02:00:00,0,0,0,FMN GV 22 Boechout
7,Victor Heylenlei 41,2023-01-06,03:00:00,3,2,1,FMN GV 22 Boechout
7,Victor Heylenlei 41,2023-01-06,04:00:00,3,2,1,FMN GV 22 Boechout
7,Victor Heylenlei 41,2023-01-06,05:00:00,10,6,4,FMN GV 22 Boechout
7,Victor Heylenlei 41,2023-01-06,06:00:00,20,13,7,FMN GV 22 Boechout
7,Victor Heylenlei 41,2023-01-06,07:00:00,49,36,13,FMN GV 22 Boechout
7,Victor Heylenlei 41,2023-01-06,08:00:00,41,28,13,FMN GV 22 Boechout
7,Victor Heylenlei 41,2023-01-06,09:00:00,21,16,5,FMN GV 22 Boechout
7,Victor Heylenlei 41,2023-01-06,10:00:00,26,12,14,FMN GV 22 Boechout
7,Victor Heylenlei 41,2023-01-06,11:00:00,45,21,24,FMN GV 22 Boechout
7,Victor Heylenlei 41,2023-01-06,12:00:00,33,23,10,FMN GV 22 Boechout
7,Victor Heylenlei 41,2023-01-06,13:00:00,62,33,29,FMN GV 22 Boechout
7,Victor Heylenlei 41,2023-01-06,14:00:00,56,21,35,FMN GV 22 Boechout
7,Victor Heylenlei 41,2023-01-06,15:00:00,70,29,41,FMN GV 22 Boechout
7,Victor Heylenlei 41,2023-01-06,16:00:00,76,37,39,FMN GV 22 Boechout
7,Victor Heylenlei 41,2023-01-06,17:00:00,59,26,33,FMN GV 22 Boechout
7,Victor Heylenlei 41,2023-01-06,18:00:00,45,25,20,FMN GV 22 Boechout
7,Victor Heylenlei 41,2023-01-06,19:00:00,9,1,8,FMN GV 22 Boechout
7,Victor Heylenlei 41,2023-01-06,20:00:00,16,7,9,FMN GV 22 Boechout
7,Victor Heylenlei 41,2023-01-06,21:00:00,7,5,2,FMN GV 22 Boechout
7,Victor Heylenlei 41,2023-01-06,22:00:00,9,5,4,FMN GV 22 Boechout
7,Victor Heylenlei 41,2023-01-06,23:00:00,10,4,6,FMN GV 22 Boechout
7,Victor Heylenlei 41,2023-01-07,00:00:00,8,3,5,FMN GV 22 Boechout
7,Victor Heylenlei 41,2023-01-07,01:00:00,9,3,6,FMN GV 22 Boechout
7,Victor Heylenlei 41,2023-01-07,02:00:00,5,2,3,FMN GV 22 Boechout
7,Victor Heylenlei 41,2023-01-07,03:00:00,3,1,2,FMN GV 22 Boechout
7,Victor Heylenlei 41,2023-01-07,04:00:00,1,1,0,FMN GV 22 Boechout
7,Victor Heylenlei 41,2023-01-07,05:00:00,5,3,2,FMN GV 22 Boechout
7,Victor Heylenlei 41,2023-01-07,06:00:00,5,1,4,FMN GV 22 Boechout
7,Victor Heylenlei 41,2023-01-07,07:00:00,5,3,2,FMN GV 22 Boechout
7,Victor Heylenlei 41,2023-01-07,08:00:00,5,1,4,FMN GV 22 Boechout
7,Victor Heylenlei 41,2023-01-07,09:00:00,69,14,55,FMN GV 22 Boechout
7,Victor Heylenlei 41,2023-01-07,10:00:00,51,22,29,FMN GV 22 Boechout
7,Victor Heylenlei 41,2023-01-07,11:00:00,74,45,29,FMN GV 22 Boechout
7,Victor Heylenlei 41,2023-01-07,12:00:00,115,77,38,FMN GV 22 Boechout
7,Victor Heylenlei 41,2023-01-07,13:00:00,74,44,30,FMN GV 22 Boechout
7,Victor Heylenlei 41,2023-01-07,14:00:00,100,55,45,FMN GV 22 Boechout
7,Victor Heylenlei 41,2023-01-07,15:00:00,55,39,16,FMN GV 22 Boechout
7,Victor Heylenlei 41,2023-01-07,16:00:00,38,22,16,FMN GV 22 Boechout
7,Victor Heylenlei 41,2023-01-07,17:00:00,21,8,13,FMN GV 22 Boechout
7,Victor Heylenlei 41,2023-01-07,18:00:00,19,6,13,FMN GV 22 Boechout
7,Victor Heylenlei 41,2023-01-07,19:00:00,10,4,6,FMN GV 22 Boechout
7,Victor Heylenlei 41,2023-01-07,20:00:00,12,7,5,FMN GV 22 Boechout
7,Victor Heylenlei 41,2023-01-07,21:00:00,14,6,8,FMN GV 22 Boechout
7,Victor Heylenlei 41,2023-01-07,22:00:00,7,0,7,FMN GV 22 Boechout
7,Victor Heylenlei 41,2023-01-07,23:00:00,5,3,2,FMN GV 22 Boechout
7,Victor Heylenlei 41,2023-01-08,00:00:00,5,3,2,FMN GV 22 Boechout
7,Victor Heylenlei 41,2023-01-08,01:00:00,8,5,3,FMN GV 22 Boechout
7,Victor Heylenlei 41,2023-01-08,02:00:00,7,3,4,FMN GV 22 Boechout
7,Victor Heylenlei 41,2023-01-08,03:00:00,3,0,3,FMN GV 22 Boechout
7,Victor Heylenlei 41,2023-01-08,04:00:00,4,1,3,FMN GV 22 Boechout
7,Victor Heylenlei 41,2023-01-08,05:00:00,4,2,2,FMN GV 22 Boechout
7,Victor Heylenlei 41,2023-01-08,06:00:00,5,4,1,FMN GV 22 Boechout
7,Victor Heylenlei 41,2023-01-08,07:00:00,4,2,2,FMN GV 22 Boechout
7,Victor Heylenlei 41,2023-01-08,08:00:00,22,12,10,FMN GV 22 Boechout
7,Victor Heylenlei 41,2023-01-08,09:00:00,56,18,38,FMN GV 22 Boechout
7,Victor Heylenlei 41,2023-01-08,10:00:00,68,32,36,FMN GV 22 Boechout
7,Victor Heylenlei 41,2023-01-08,11:00:00,140,60,80,FMN GV 22 Boechout
7,Victor Heylenlei 41,2023-01-08,12:00:00,130,83,47,FMN GV 22 Boechout
7,Victor Heylenlei 41,2023-01-08,13:00:00,92,46,46,FMN GV 22 Boechout
7,Victor Heylenlei 41,2023-01-08,14:00:00,116,60,56,FMN GV 22 Boechout
7,Victor Heylenlei 41,2023-01-08,15:00:00,87,54,33,FMN GV 22 Boechout
7,Victor Heylenlei 41,2023-01-08,16:00:00,77,43,34,FMN GV 22 Boechout
7,Victor Heylenlei 41,2023-01-08,17:00:00,47,31,16,FMN GV 22 Boechout
7,Victor Heylenlei 41,2023-01-08,18:00:00,21,5,16,FMN GV 22 Boechout
7,Victor Heylenlei 41,2023-01-08,19:00:00,23,11,12,FMN GV 22 Boechout
7,Victor Heylenlei 41,2023-01-08,20:00:00,10,7,3,FMN GV 22 Boechout
7,Victor Heylenlei 41,2023-01-08,21:00:00,8,4,4,FMN GV 22 Boechout
7,Victor Heylenlei 41,2023-01-08,22:00:00,2,1,1,FMN GV 22 Boechout
7,Victor Heylenlei 41,2023-01-08,23:00:00,1,0,1,FMN GV 22 Boechout
7,Victor Heylenlei 41,2023-01-09,00:00:00,0,0,0,FMN GV 22 Boechout
7,Victor Heylenlei 41,2023-01-09,01:00:00,2,1,1,FMN GV 22 Boechout
7,Victor Heylenlei 41,2023-01-09,02:00:00,4,2,2,FMN GV 22 Boechout
7,Victor Heylenlei 41,2023-01-09,03:00:00,0,0,0,FMN GV 22 Boechout
7,Victor Heylenlei 41,2023-01-09,04:00:00,4,4,0,FMN GV 22 Boechout
7,Victor Heylenlei 41,2023-01-09,05:00:00,24,14,10,FMN GV 22 Boechout
7,Victor Heylenlei 41,2023-01-09,06:00:00,35,28,7,FMN GV 22 Boechout
7,Victor Heylenlei 41,2023-01-09,07:00:00,130,104,26,FMN GV 22 Boechout
7,Victor Heylenlei 41,2023-01-09,08:00:00,267,135,132,FMN GV 22 Boechout
7,Victor Heylenlei 41,2023-01-09,09:00:00,31,19,12,FMN GV 22 Boechout
7,Victor Heylenlei 41,2023-01-09,10:00:00,24,13,11,FMN GV 22 Boechout
7,Victor Heylenlei 41,2023-01-09,11:00:00,24,9,15,FMN GV 22 Boechout
7,Victor Heylenlei 41,2023-01-09,12:00:00,41,19,22,FMN GV 22 Boechout
7,Victor Heylenlei 41,2023-01-09,13:00:00,39,20,19,FMN GV 22 Boechout
7,Victor Heylenlei 41,2023-01-09,14:00:00,57,22,35,FMN GV 22 Boechout
7,Victor Heylenlei 41,2023-01-09,15:00:00,64,28,36,FMN GV 22 Boechout
7,Victor Heylenlei 41,2023-01-09,16:00:00,222,120,102,FMN GV 22 Boechout
7,Victor Heylenlei 41,2023-01-09,17:00:00,108,23,85,FMN GV 22 Boechout
7,Victor Heylenlei 41,2023-01-09,18:00:00,63,19,44,FMN GV 22 Boechout
7,Victor Heylenlei 41,2023-01-09,19:00:00,16,6,10,FMN GV 22 Boechout
7,Victor Heylenlei 41,2023-01-09,20:00:00,16,9,7,FMN GV 22 Boechout
7,Victor Heylenlei 41,2023-01-09,21:00:00,17,5,12,FMN GV 22 Boechout
7,Victor Heylenlei 41,2023-01-09,22:00:00,17,8,9,FMN GV 22 Boechout
7,Victor Heylenlei 41,2023-01-09,23:00:00,1,0,1,FMN GV 22 Boechout
7,Victor Heylenlei 41,2023-01-10,00:00:00,3,0,3,FMN GV 22 Boechout
7,Victor Heylenlei 41,2023-01-10,01:00:00,0,0,0,FMN GV 22 Boechout
7,Victor Heylenlei 41,2023-01-10,02:00:00,1,0,1,FMN GV 22 Boechout
7,Victor Heylenlei 41,2023-01-10,03:00:00,1,0,1,FMN GV 22 Boechout
7,Victor Heylenlei 41,2023-01-10,04:00:00,3,2,1,FMN GV 22 Boechout
7,Victor Heylenlei 41,2023-01-10,05:00:00,23,16,7,FMN GV 22 Boechout
7,Victor Heylenlei 41,2023-01-10,06:00:00,39,29,10,FMN GV 22 Boechout
7,Victor Heylenlei 41,2023-01-10,07:00:00,150,129,21,FMN GV 22 Boechout
7,Victor Heylenlei 41,2023-01-10,08:00:00,264,119,145,FMN GV 22 Boechout
7,Victor Heylenlei 41,2023-01-10,09:00:00,61,38,23,FMN GV 22 Boechout
7,Victor Heylenlei 41,2023-01-10,10:00:00,40,12,28,FMN GV 22 Boechout
7,Victor Heylenlei 41,2023-01-10,11:00:00,43,23,20,FMN GV 22 Boechout
7,Victor Heylenlei 41,2023-01-10,12:00:00,49,30,19,FMN GV 22 Boechout
7,Victor Heylenlei 41,2023-01-10,13:00:00,40,16,24,FMN GV 22 Boechout
7,Victor Heylenlei 41,2023-01-10,14:00:00,35,15,20,FMN GV 22 Boechout
7,Victor Heylenlei 41,2023-01-10,15:00:00,53,22,31,FMN GV 22 Boechout
7,Victor Heylenlei 41,2023-01-10,16:00:00,203,126,77,FMN GV 22 Boechout
7,Victor Heylenlei 41,2023-01-10,17:00:00,112,28,84,FMN GV 22 Boechout
7,Victor Heylenlei 41,2023-01-10,18:00:00,55,9,46,FMN GV 22 Boechout
7,Victor Heylenlei 41,2023-01-10,19:00:00,22,8,14,FMN GV 22 Boechout
7,Victor Heylenlei 41,2023-01-10,20:00:00,20,8,12,FMN GV 22 Boechout
7,Victor Heylenlei 41,2023-01-10,21:00:00,16,3,13,FMN GV 22 Boechout
7,Victor Heylenlei 41,2023-01-10,22:00:00,24,9,15,FMN GV 22 Boechout
7,Victor Heylenlei 41,2023-01-10,23:00:00,3,0,3,FMN GV 22 Boechout
7,Victor Heylenlei 41,2023-01-11,00:00:00,3,0,3,FMN GV 22 Boechout
7,Victor Heylenlei 41,2023-01-11,01:00:00,2,0,2,FMN GV 22 Boechout
7,Victor Heylenlei 41,2023-01-11,02:00:00,1,1,0,FMN GV 22 Boechout
7,Victor Heylenlei 41,2023-01-11,03:00:00,2,1,1,FMN GV 22 Boechout
7,Victor Heylenlei 41,2023-01-11,04:00:00,2,1,1,FMN GV 22 Boechout
7,Victor Heylenlei 41,2023-01-11,05:00:00,19,11,8,FMN GV 22 Boechout
7,Victor Heylenlei 41,2023-01-11,06:00:00,32,23,9,FMN GV 22 Boechout
7,Victor Heylenlei 41,2023-01-11,07:00:00,118,94,24,FMN GV 22 Boechout
7,Victor Heylenlei 41,2023-01-11,08:00:00,234,99,135,FMN GV 22 Boechout
7,Victor Heylenlei 41,2023-01-11,09:00:00,59,32,27,FMN GV 22 Boechout
7,Victor Heylenlei 41,2023-01-11,10:00:00,44,22,22,FMN GV 22 Boechout
7,Victor Heylenlei 41,2023-01-11,11:00:00,61,32,29,FMN GV 22 Boechout
7,Victor Heylenlei 41,2023-01-11,12:00:00,167,115,52,FMN GV 22 Boechout
7,Victor Heylenlei 41,2023-01-11,13:00:00,126,65,61,FMN GV 22 Boechout
7,Victor Heylenlei 41,2023-01-11,14:00:00,79,39,40,FMN GV 22 Boechout
7,Victor Heylenlei 41,2023-01-11,15:00:00,103,61,42,FMN GV 22 Boechout
7,Victor Heylenlei 41,2023-01-11,16:00:00,113,41,72,FMN GV 22 Boechout
7,Victor Heylenlei 41,2023-01-11,17:00:00,100,28,72,FMN GV 22 Boechout
7,Victor Heylenlei 41,2023-01-11,18:00:00,57,13,44,FMN GV 22 Boechout
7,Victor Heylenlei 41,2023-01-11,19:00:00,20,9,11,FMN GV 22 Boechout
7,Victor Heylenlei 41,2023-01-11,20:00:00,24,10,14,FMN GV 22 Boechout
7,Victor Heylenlei 41,2023-01-11,21:00:00,5,3,2,FMN GV 22 Boechout
7,Victor Heylenlei 41,2023-01-11,22:00:00,22,9,13,FMN GV 22 Boechout
7,Victor Heylenlei 41,2023-01-11,23:00:00,3,2,1,FMN GV 22 Boechout
7,Victor Heylenlei 41,2023-01-12,00:00:00,3,2,1,FMN GV 22 Boechout
7,Victor Heylenlei 41,2023-01-12,01:00:00,1,0,1,FMN GV 22 Boechout
7,Victor Heylenlei 41,2023-01-12,02:00:00,0,0,0,FMN GV 22 Boechout
7,Victor Heylenlei 41,2023-01-12,03:00:00,3,2,1,FMN GV 22 Boechout
7,Victor Heylenlei 41,2023-01-12,04:00:00,0,0,0,FMN GV 22 Boechout
7,Victor Heylenlei 41,2023-01-12,05:00:00,14,6,8,FMN GV 22 Boechout
7,Victor Heylenlei 41,2023-01-12,06:00:00,14,12,2,FMN GV 22 Boechout
7,Victor Heylenlei 41,2023-01-12,07:00:00,49,42,7,FMN GV 22 Boechout
7,Victor Heylenlei 41,2023-01-12,08:00:00,162,60,102,FMN GV 22 Boechout
7,Victor Heylenlei 41,2023-01-12,09:00:00,22,16,6,FMN GV 22 Boechout
7,Victor Heylenlei 41,2023-01-12,10:00:00,12,6,6,FMN GV 22 Boechout
7,Victor Heylenlei 41,2023-01-12,11:00:00,9,7,2,FMN GV 22 Boechout
7,Victor Heylenlei 41,2023-01-12,12:00:00,12,8,4,FMN GV 22 Boechout
7,Victor Heylenlei 41,2023-01-12,13:00:00,21,12,9,FMN GV 22 Boechout
7,Victor Heylenlei 41,2023-01-12,14:00:00,11,4,7,FMN GV 22 Boechout
7,Victor Heylenlei 41,2023-01-12,15:00:00,26,11,15,FMN GV 22 Boechout
7,Victor Heylenlei 41,2023-01-12,16:00:00,124,85,39,FMN GV 22 Boechout
7,Victor Heylenlei 41,2023-01-12,17:00:00,59,16,43,FMN GV 22 Boechout
7,Victor Heylenlei 41,2023-01-12,18:00:00,41,13,28,FMN GV 22 Boechout
7,Victor Heylenlei 41,2023-01-12,19:00:00,16,5,11,FMN GV 22 Boechout
7,Victor Heylenlei 41,2023-01-12,20:00:00,12,7,5,FMN GV 22 Boechout
7,Victor Heylenlei 41,2023-01-12,21:00:00,9,7,2,FMN GV 22 Boechout
7,Victor Heylenlei 41,2023-01-12,22:00:00,12,6,6,FMN GV 22 Boechout
7,Victor Heylenlei 41,2023-01-12,23:00:00,12,4,8,FMN GV 22 Boechout
7,Victor Heylenlei 41,2023-01-13,00:00:00,3,1,2,FMN GV 22 Boechout
7,Victor Heylenlei 41,2023-01-13,01:00:00,0,0,0,FMN GV 22 Boechout
7,Victor Heylenlei 41,2023-01-13,02:00:00,0,0,0,FMN GV 22 Boechout
7,Victor Heylenlei 41,2023-01-13,03:00:00,1,0,1,FMN GV 22 Boechout
7,Victor Heylenlei 41,2023-01-13,04:00:00,4,2,2,FMN GV 22 Boechout
7,Victor Heylenlei 41,2023-01-13,05:00:00,23,15,8,FMN GV 22 Boechout
7,Victor Heylenlei 41,2023-01-13,06:00:00,21,16,5,FMN GV 22 Boechout
7,Victor Heylenlei 41,2023-01-13,07:00:00,107,89,18,FMN GV 22 Boechout
7,Victor Heylenlei 41,2023-01-13,08:00:00,261,97,164,FMN GV 22 Boechout
7,Victor Heylenlei 41,2023-01-13,09:00:00,44,29,15,FMN GV 22 Boechout
7,Victor Heylenlei 41,2023-01-13,10:00:00,31,16,15,FMN GV 22 Boechout
7,Victor Heylenlei 41,2023-01-13,11:00:00,37,20,17,FMN GV 22 Boechout
7,Victor Heylenlei 41,2023-01-13,12:00:00,101,74,27,FMN GV 22 Boechout
7,Victor Heylenlei 41,2023-01-13,13:00:00,25,16,9,FMN GV 22 Boechout
7,Victor Heylenlei 41,2023-01-13,14:00:00,43,13,30,FMN GV 22 Boechout
7,Victor Heylenlei 41,2023-01-13,15:00:00,68,32,36,FMN GV 22 Boechout
7,Victor Heylenlei 41,2023-01-13,16:00:00,205,129,76,FMN GV 22 Boechout
7,Victor Heylenlei 41,2023-01-13,17:00:00,95,26,69,FMN GV 22 Boechout
7,Victor Heylenlei 41,2023-01-13,18:00:00,57,22,35,FMN GV 22 Boechout
7,Victor Heylenlei 41,2023-01-13,19:00:00,21,9,12,FMN GV 22 Boechout
7,Victor Heylenlei 41,2023-01-13,20:00:00,17,7,10,FMN GV 22 Boechout
7,Victor Heylenlei 41,2023-01-13,21:00:00,10,5,5,FMN GV 22 Boechout
7,Victor Heylenlei 41,2023-01-13,22:00:00,18,7,11,FMN GV 22 Boechout
7,Victor Heylenlei 41,2023-01-13,23:00:00,9,3,6,FMN GV 22 Boechout
7,Victor Heylenlei 41,2023-01-14,00:00:00,15,8,7,FMN GV 22 Boechout
7,Victor Heylenlei 41,2023-01-14,01:00:00,12,3,9,FMN GV 22 Boechout
7,Victor Heylenlei 41,2023-01-14,02:00:00,8,5,3,FMN GV 22 Boechout
7,Victor Heylenlei 41,2023-01-14,03:00:00,2,0,2,FMN GV 22 Boechout
7,Victor Heylenlei 41,2023-01-14,04:00:00,3,1,2,FMN GV 22 Boechout
7,Victor Heylenlei 41,2023-01-14,05:00:00,6,2,4,FMN GV 22 Boechout
7,Victor Heylenlei 41,2023-01-14,06:00:00,4,1,3,FMN GV 22 Boechout
7,Victor Heylenlei 41,2023-01-14,07:00:00,2,1,1,FMN GV 22 Boechout
7,Victor Heylenlei 41,2023-01-14,08:00:00,8,1,7,FMN GV 22 Boechout
7,Victor Heylenlei 41,2023-01-14,09:00:00,8,7,1,FMN GV 22 Boechout
7,Victor Heylenlei 41,2023-01-14,10:00:00,29,20,9,FMN GV 22 Boechout
7,Victor Heylenlei 41,2023-01-14,11:00:00,10,7,3,FMN GV 22 Boechout
7,Victor Heylenlei 41,2023-01-14,12:00:00,4,3,1,FMN GV 22 Boechout
7,Victor Heylenlei 41,2023-01-14,13:00:00,15,12,3,FMN GV 22 Boechout
7,Victor Heylenlei 41,2023-01-14,14:00:00,18,9,9,FMN GV 22 Boechout
7,Victor Heylenlei 41,2023-01-14,15:00:00,16,7,9,FMN GV 22 Boechout
7,Victor Heylenlei 41,2023-01-14,16:00:00,9,6,3,FMN GV 22 Boechout
7,Victor Heylenlei 41,2023-01-14,17:00:00,10,4,6,FMN GV 22 Boechout
7,Victor Heylenlei 41,2023-01-14,18:00:00,11,7,4,FMN GV 22 Boechout
7,Victor Heylenlei 41,2023-01-14,19:00:00,3,2,1,FMN GV 22 Boechout
7,Victor Heylenlei 41,2023-01-14,20:00:00,9,4,5,FMN GV 22 Boechout
7,Victor Heylenlei 41,2023-01-14,21:00:00,8,3,5,FMN GV 22 Boechout
7,Victor Heylenlei 41,2023-01-14,22:00:00,7,2,5,FMN GV 22 Boechout
7,Victor Heylenlei 41,2023-01-14,23:00:00,4,0,4,FMN GV 22 Boechout
7,Victor Heylenlei 41,2023-01-15,00:00:00,4,2,2,FMN GV 22 Boechout
7,Victor Heylenlei 41,2023-01-15,01:00:00,6,4,2,FMN GV 22 Boechout
7,Victor Heylenlei 41,2023-01-15,02:00:00,1,0,1,FMN GV 22 Boechout
7,Victor Heylenlei 41,2023-01-15,03:00:00,4,3,1,FMN GV 22 Boechout
7,Victor Heylenlei 41,2023-01-15,04:00:00,1,1,0,FMN GV 22 Boechout
7,Victor Heylenlei 41,2023-01-15,05:00:00,6,4,2,FMN GV 22 Boechout
7,Victor Heylenlei 41,2023-01-15,06:00:00,6,5,1,FMN GV 22 Boechout
7,Victor Heylenlei 41,2023-01-15,07:00:00,3,2,1,FMN GV 22 Boechout
7,Victor Heylenlei 41,2023-01-15,08:00:00,13,4,9,FMN GV 22 Boechout
7,Victor Heylenlei 41,2023-01-15,09:00:00,56,16,40,FMN GV 22 Boechout
7,Victor Heylenlei 41,2023-01-15,10:00:00,77,35,42,FMN GV 22 Boechout
7,Victor Heylenlei 41,2023-01-15,11:00:00,100,68,32,FMN GV 22 Boechout
7,Victor Heylenlei 41,2023-01-15,12:00:00,93,65,28,FMN GV 22 Boechout
7,Victor Heylenlei 41,2023-01-15,13:00:00,52,34,18,FMN GV 22 Boechout
7,Victor Heylenlei 41,2023-01-15,14:00:00,44,22,22,FMN GV 22 Boechout
7,Victor Heylenlei 41,2023-01-15,15:00:00,39,18,21,FMN GV 22 Boechout
7,Victor Heylenlei 41,2023-01-15,16:00:00,18,9,9,FMN GV 22 Boechout
7,Victor Heylenlei 41,2023-01-15,17:00:00,30,20,10,FMN GV 22 Boechout
7,Victor Heylenlei 41,2023-01-15,18:00:00,5,2,3,FMN GV 22 Boechout
7,Victor Heylenlei 41,2023-01-15,19:00:00,16,10,6,FMN GV 22 Boechout
7,Victor Heylenlei 41,2023-01-15,20:00:00,5,4,1,FMN GV 22 Boechout
7,Victor Heylenlei 41,2023-01-15,21:00:00,4,1,3,FMN GV 22 Boechout
7,Victor Heylenlei 41,2023-01-15,22:00:00,8,0,8,FMN GV 22 Boechout
7,Victor Heylenlei 41,2023-01-15,23:00:00,1,0,1,FMN GV 22 Boechout
7,Victor Heylenlei 41,2023-01-16,00:00:00,1,0,1,FMN GV 22 Boechout
7,Victor Heylenlei 41,2023-01-16,01:00:00,1,0,1,FMN GV 22 Boechout
7,Victor Heylenlei 41,2023-01-16,02:00:00,0,0,0,FMN GV 22 Boechout
7,Victor Heylenlei 41,2023-01-16,03:00:00,0,0,0,FMN GV 22 Boechout
7,Victor Heylenlei 41,2023-01-16,04:00:00,5,4,1,FMN GV 22 Boechout
7,Victor Heylenlei 41,2023-01-16,05:00:00,16,9,7,FMN GV 22 Boechout
7,Victor Heylenlei 41,2023-01-16,06:00:00,23,17,6,FMN GV 22 Boechout
7,Victor Heylenlei 41,2023-01-16,07:00:00,94,75,19,FMN GV 22 Boechout
7,Victor Heylenlei 41,2023-01-16,08:00:00,165,66,99,FMN GV 22 Boechout
7,Victor Heylenlei 41,2023-01-16,09:00:00,23,14,9,FMN GV 22 Boechout
7,Victor Heylenlei 41,2023-01-16,10:00:00,17,10,7,FMN GV 22 Boechout
7,Victor Heylenlei 41,2023-01-16,11:00:00,16,9,7,FMN GV 22 Boechout
7,Victor Heylenlei 41,2023-01-16,12:00:00,19,13,6,FMN GV 22 Boechout
7,Victor Heylenlei 41,2023-01-16,13:00:00,11,3,8,FMN GV 22 Boechout
7,Victor Heylenlei 41,2023-01-16,14:00:00,19,9,10,FMN GV 22 Boechout
7,Victor Heylenlei 41,2023-01-16,15:00:00,51,24,27,FMN GV 22 Boechout
7,Victor Heylenlei 41,2023-01-16,16:00:00,142,93,49,FMN GV 22 Boechout
7,Victor Heylenlei 41,2023-01-16,17:00:00,68,21,47,FMN GV 22 Boechout
7,Victor Heylenlei 41,2023-01-16,18:00:00,35,9,26,FMN GV 22 Boechout
7,Victor Heylenlei 41,2023-01-16,19:00:00,11,3,8,FMN GV 22 Boechout
7,Victor Heylenlei 41,2023-01-16,20:00:00,11,4,7,FMN GV 22 Boechout
7,Victor Heylenlei 41,2023-01-16,21:00:00,10,3,7,FMN GV 22 Boechout
7,Victor Heylenlei 41,2023-01-16,22:00:00,9,3,6,FMN GV 22 Boechout
7,Victor Heylenlei 41,2023-01-16,23:00:00,1,0,1,FMN GV 22 Boechout
7,Victor Heylenlei 41,2023-01-17,00:00:00,3,1,2,FMN GV 22 Boechout
7,Victor Heylenlei 41,2023-01-17,01:00:00,1,0,1,FMN GV 22 Boechout
7,Victor Heylenlei 41,2023-01-17,02:00:00,0,0,0,FMN GV 22 Boechout
7,Victor Heylenlei 41,2023-01-17,03:00:00,2,1,1,FMN GV 22 Boechout
7,Victor Heylenlei 41,2023-01-17,04:00:00,7,4,3,FMN GV 22 Boechout
7,Victor Heylenlei 41,2023-01-17,05:00:00,15,11,4,FMN GV 22 Boechout
7,Victor Heylenlei 41,2023-01-17,06:00:00,30,23,7,FMN GV 22 Boechout
7,Victor Heylenlei 41,2023-01-17,07:00:00,123,97,26,FMN GV 22 Boechout
7,Victor Heylenlei 41,2023-01-17,08:00:00,221,100,121,FMN GV 22 Boechout
7,Victor Heylenlei 41,2023-01-17,09:00:00,104,38,66,FMN GV 22 Boechout
7,Victor Heylenlei 41,2023-01-17,10:00:00,26,16,10,FMN GV 22 Boechout
7,Victor Heylenlei 41,2023-01-17,11:00:00,24,11,13,FMN GV 22 Boechout
7,Victor Heylenlei 41,2023-01-17,12:00:00,129,91,38,FMN GV 22 Boechout
7,Victor Heylenlei 41,2023-01-17,13:00:00,69,30,39,FMN GV 22 Boechout
7,Victor Heylenlei 41,2023-01-17,14:00:00,55,24,31,FMN GV 22 Boechout
7,Victor Heylenlei 41,2023-01-17,15:00:00,66,25,41,FMN GV 22 Boechout
7,Victor Heylenlei 41,2023-01-17,16:00:00,232,132,100,FMN GV 22 Boechout
7,Victor Heylenlei 41,2023-01-17,17:00:00,103,34,69,FMN GV 22 Boechout
7,Victor Heylenlei 41,2023-01-17,18:00:00,65,14,51,FMN GV 22 Boechout
7,Victor Heylenlei 41,2023-01-17,19:00:00,26,9,17,FMN GV 22 Boechout
7,Victor Heylenlei 41,2023-01-17,20:00:00,16,6,10,FMN GV 22 Boechout
7,Victor Heylenlei 41,2023-01-17,21:00:00,20,12,8,FMN GV 22 Boechout
7,Victor Heylenlei 41,2023-01-17,22:00:00,20,8,12,FMN GV 22 Boechout
7,Victor Heylenlei 41,2023-01-17,23:00:00,7,0,7,FMN GV 22 Boechout
7,Victor Heylenlei 41,2023-01-18,00:00:00,6,1,5,FMN GV 22 Boechout
7,Victor Heylenlei 41,2023-01-18,01:00:00,1,0,1,FMN GV 22 Boechout
7,Victor Heylenlei 41,2023-01-18,02:00:00,0,0,0,FMN GV 22 Boechout
7,Victor Heylenlei 41,2023-01-18,03:00:00,3,2,1,FMN GV 22 Boechout
7,Victor Heylenlei 41,2023-01-18,04:00:00,4,3,1,FMN GV 22 Boechout
7,Victor Heylenlei 41,2023-01-18,05:00:00,16,11,5,FMN GV 22 Boechout
7,Victor Heylenlei 41,2023-01-18,06:00:00,31,23,8,FMN GV 22 Boechout
7,Victor Heylenlei 41,2023-01-18,07:00:00,113,82,31,FMN GV 22 Boechout
7,Victor Heylenlei 41,2023-01-18,08:00:00,208,84,124,FMN GV 22 Boechout
7,Victor Heylenlei 41,2023-01-18,09:00:00,47,23,24,FMN GV 22 Boechout
7,Victor Heylenlei 41,2023-01-18,10:00:00,22,12,10,FMN GV 22 Boechout
7,Victor Heylenlei 41,2023-01-18,11:00:00,38,22,16,FMN GV 22 Boechout
7,Victor Heylenlei 41,2023-01-18,12:00:00,173,125,48,FMN GV 22 Boechout
7,Victor Heylenlei 41,2023-01-18,13:00:00,58,22,36,FMN GV 22 Boechout
7,Victor Heylenlei 41,2023-01-18,14:00:00,79,45,34,FMN GV 22 Boechout
7,Victor Heylenlei 41,2023-01-18,15:00:00,67,33,34,FMN GV 22 Boechout
7,Victor Heylenlei 41,2023-01-18,16:00:00,87,33,54,FMN GV 22 Boechout
7,Victor Heylenlei 41,2023-01-18,17:00:00,78,28,50,FMN GV 22 Boechout
7,Victor Heylenlei 41,2023-01-18,18:00:00,56,17,39,FMN GV 22 Boechout
7,Victor Heylenlei 41,2023-01-18,19:00:00,36,12,24,FMN GV 22 Boechout
7,Victor Heylenlei 41,2023-01-18,20:00:00,16,6,10,FMN GV 22 Boechout
7,Victor Heylenlei 41,2023-01-18,21:00:00,19,7,12,FMN GV 22 Boechout
7,Victor Heylenlei 41,2023-01-18,22:00:00,14,6,8,FMN GV 22 Boechout
7,Victor Heylenlei 41,2023-01-18,23:00:00,7,3,4,FMN GV 22 Boechout
7,Victor Heylenlei 41,2023-01-19,00:00:00,4,1,3,FMN GV 22 Boechout
7,Victor Heylenlei 41,2023-01-19,01:00:00,3,1,2,FMN GV 22 Boechout
7,Victor Heylenlei 41,2023-01-19,02:00:00,1,1,0,FMN GV 22 Boechout
7,Victor Heylenlei 41,2023-01-19,03:00:00,2,1,1,FMN GV 22 Boechout
7,Victor Heylenlei 41,2023-01-19,04:00:00,16,10,6,FMN GV 22 Boechout
7,Victor Heylenlei 41,2023-01-19,05:00:00,12,7,5,FMN GV 22 Boechout
7,Victor Heylenlei 41,2023-01-19,06:00:00,24,19,5,FMN GV 22 Boechout
7,Victor Heylenlei 41,2023-01-19,07:00:00,75,59,16,FMN GV 22 Boechout
7,Victor Heylenlei 41,2023-01-19,08:00:00,186,79,107,FMN GV 22 Boechout
7,Victor Heylenlei 41,2023-01-19,09:00:00,42,30,12,FMN GV 22 Boechout
7,Victor Heylenlei 41,2023-01-19,10:00:00,30,19,11,FMN GV 22 Boechout
7,Victor Heylenlei 41,2023-01-19,11:00:00,19,8,11,FMN GV 22 Boechout
7,Victor Heylenlei 41,2023-01-19,12:00:00,38,19,19,FMN GV 22 Boechout
7,Victor Heylenlei 41,2023-01-19,13:00:00,38,11,27,FMN GV 22 Boechout
7,Victor Heylenlei 41,2023-01-19,14:00:00,39,21,18,FMN GV 22 Boechout
7,Victor Heylenlei 41,2023-01-19,15:00:00,56,19,37,FMN GV 22 Boechout
7,Victor Heylenlei 41,2023-01-19,16:00:00,194,130,64,FMN GV 22 Boechout
7,Victor Heylenlei 41,2023-01-19,17:00:00,79,24,55,FMN GV 22 Boechout
7,Victor Heylenlei 41,2023-01-19,18:00:00,47,14,33,FMN GV 22 Boechout
7,Victor Heylenlei 41,2023-01-19,19:00:00,23,5,18,FMN GV 22 Boechout
7,Victor Heylenlei 41,2023-01-19,20:00:00,18,5,13,FMN GV 22 Boechout
7,Victor Heylenlei 41,2023-01-19,21:00:00,18,12,6,FMN GV 22 Boechout
7,Victor Heylenlei 41,2023-01-19,22:00:00,17,11,6,FMN GV 22 Boechout
7,Victor Heylenlei 41,2023-01-19,23:00:00,3,1,2,FMN GV 22 Boechout
7,Victor Heylenlei 41,2023-01-20,00:00:00,7,3,4,FMN GV 22 Boechout
7,Victor Heylenlei 41,2023-01-20,01:00:00,10,7,3,FMN GV 22 Boechout
7,Victor Heylenlei 41,2023-01-20,02:00:00,0,0,0,FMN GV 22 Boechout
7,Victor Heylenlei 41,2023-01-20,03:00:00,3,1,2,FMN GV 22 Boechout
7,Victor Heylenlei 41,2023-01-20,04:00:00,5,3,2,FMN GV 22 Boechout
7,Victor Heylenlei 41,2023-01-20,05:00:00,11,5,6,FMN GV 22 Boechout
7,Victor Heylenlei 41,2023-01-20,06:00:00,14,8,6,FMN GV 22 Boechout
7,Victor Heylenlei 41,2023-01-20,07:00:00,69,53,16,FMN GV 22 Boechout
7,Victor Heylenlei 41,2023-01-20,08:00:00,136,43,93,FMN GV 22 Boechout
7,Victor Heylenlei 41,2023-01-20,09:00:00,21,16,5,FMN GV 22 Boechout
7,Victor Heylenlei 41,2023-01-20,10:00:00,18,9,9,FMN GV 22 Boechout
7,Victor Heylenlei 41,2023-01-20,11:00:00,19,9,10,FMN GV 22 Boechout
7,Victor Heylenlei 41,2023-01-20,12:00:00,14,8,6,FMN GV 22 Boechout
7,Victor Heylenlei 41,2023-01-20,13:00:00,12,6,6,FMN GV 22 Boechout
7,Victor Heylenlei 41,2023-01-20,14:00:00,22,7,15,FMN GV 22 Boechout
7,Victor Heylenlei 41,2023-01-20,15:00:00,33,13,20,FMN GV 22 Boechout
7,Victor Heylenlei 41,2023-01-20,16:00:00,127,100,27,FMN GV 22 Boechout
7,Victor Heylenlei 41,2023-01-20,17:00:00,39,18,21,FMN GV 22 Boechout
7,Victor Heylenlei 41,2023-01-20,18:00:00,36,14,22,FMN GV 22 Boechout
7,Victor Heylenlei 41,2023-01-20,19:00:00,17,5,12,FMN GV 22 Boechout
7,Victor Heylenlei 41,2023-01-20,20:00:00,10,4,6,FMN GV 22 Boechout
7,Victor Heylenlei 41,2023-01-20,21:00:00,12,2,10,FMN GV 22 Boechout
7,Victor Heylenlei 41,2023-01-20,22:00:00,9,4,5,FMN GV 22 Boechout
7,Victor Heylenlei 41,2023-01-20,23:00:00,7,0,7,FMN GV 22 Boechout
7,Victor Heylenlei 41,2023-01-21,00:00:00,4,1,3,FMN GV 22 Boechout
7,Victor Heylenlei 41,2023-01-21,01:00:00,3,1,2,FMN GV 22 Boechout
7,Victor Heylenlei 41,2023-01-21,02:00:00,1,1,0,FMN GV 22 Boechout
7,Victor Heylenlei 41,2023-01-21,03:00:00,2,2,0,FMN GV 22 Boechout
7,Victor Heylenlei 41,2023-01-21,04:00:00,5,4,1,FMN GV 22 Boechout
7,Victor Heylenlei 41,2023-01-21,05:00:00,3,1,2,FMN GV 22 Boechout
7,Victor Heylenlei 41,2023-01-21,06:00:00,3,0,3,FMN GV 22 Boechout
7,Victor Heylenlei 41,2023-01-21,07:00:00,4,2,2,FMN GV 22 Boechout
7,Victor Heylenlei 41,2023-01-21,08:00:00,11,5,6,FMN GV 22 Boechout
7,Victor Heylenlei 41,2023-01-21,09:00:00,14,7,7,FMN GV 22 Boechout
7,Victor Heylenlei 41,2023-01-21,10:00:00,15,4,11,FMN GV 22 Boechout
7,Victor Heylenlei 41,2023-01-21,11:00:00,18,9,9,FMN GV 22 Boechout
7,Victor Heylenlei 41,2023-01-21,12:00:00,39,25,14,FMN GV 22 Boechout
7,Victor Heylenlei 41,2023-01-21,13:00:00,34,17,17,FMN GV 22 Boechout
7,Victor Heylenlei 41,2023-01-21,14:00:00,47,28,19,FMN GV 22 Boechout
7,Victor Heylenlei 41,2023-01-21,15:00:00,45,25,20,FMN GV 22 Boechout
7,Victor Heylenlei 41,2023-01-21,16:00:00,30,10,20,FMN GV 22 Boechout
7,Victor Heylenlei 41,2023-01-21,17:00:00,22,10,12,FMN GV 22 Boechout
7,Victor Heylenlei 41,2023-01-21,18:00:00,13,4,9,FMN GV 22 Boechout
7,Victor Heylenlei 41,2023-01-21,19:00:00,11,3,8,FMN GV 22 Boechout
7,Victor Heylenlei 41,2023-01-21,20:00:00,2,2,0,FMN GV 22 Boechout
7,Victor Heylenlei 41,2023-01-21,21:00:00,9,4,5,FMN GV 22 Boechout
7,Victor Heylenlei 41,2023-01-21,22:00:00,7,3,4,FMN GV 22 Boechout
7,Victor Heylenlei 41,2023-01-21,23:00:00,7,4,3,FMN GV 22 Boechout
7,Victor Heylenlei 41,2023-01-22,00:00:00,11,4,7,FMN GV 22 Boechout
7,Victor Heylenlei 41,2023-01-22,01:00:00,9,4,5,FMN GV 22 Boechout
7,Victor Heylenlei 41,2023-01-22,02:00:00,4,4,0,FMN GV 22 Boechout
7,Victor Heylenlei 41,2023-01-22,03:00:00,4,3,1,FMN GV 22 Boechout
7,Victor Heylenlei 41,2023-01-22,04:00:00,0,0,0,FMN GV 22 Boechout
7,Victor Heylenlei 41,2023-01-22,05:00:00,2,1,1,FMN GV 22 Boechout
7,Victor Heylenlei 41,2023-01-22,06:00:00,1,0,1,FMN GV 22 Boechout
7,Victor Heylenlei 41,2023-01-22,07:00:00,2,1,1,FMN GV 22 Boechout
7,Victor Heylenlei 41,2023-01-22,08:00:00,7,5,2,FMN GV 22 Boechout
7,Victor Heylenlei 41,2023-01-22,09:00:00,30,15,15,FMN GV 22 Boechout
7,Victor Heylenlei 41,2023-01-22,10:00:00,37,10,27,FMN GV 22 Boechout
7,Victor Heylenlei 41,2023-01-22,11:00:00,32,13,19,FMN GV 22 Boechout
7,Victor Heylenlei 41,2023-01-22,12:00:00,35,24,11,FMN GV 22 Boechout
7,Victor Heylenlei 41,2023-01-22,13:00:00,27,10,17,FMN GV 22 Boechout
7,Victor Heylenlei 41,2023-01-22,14:00:00,36,23,13,FMN GV 22 Boechout
7,Victor Heylenlei 41,2023-01-22,15:00:00,23,13,10,FMN GV 22 Boechout
7,Victor Heylenlei 41,2023-01-22,16:00:00,28,19,9,FMN GV 22 Boechout
7,Victor Heylenlei 41,2023-01-22,17:00:00,16,10,6,FMN GV 22 Boechout
7,Victor Heylenlei 41,2023-01-22,18:00:00,12,7,5,FMN GV 22 Boechout
7,Victor Heylenlei 41,2023-01-22,19:00:00,9,6,3,FMN GV 22 Boechout
7,Victor Heylenlei 41,2023-01-22,20:00:00,9,3,6,FMN GV 22 Boechout
7,Victor Heylenlei 41,2023-01-22,21:00:00,4,2,2,FMN GV 22 Boechout
7,Victor Heylenlei 41,2023-01-22,22:00:00,11,4,7,FMN GV 22 Boechout
7,Victor Heylenlei 41,2023-01-22,23:00:00,2,0,2,FMN GV 22 Boechout
7,Victor Heylenlei 41,2023-01-23,00:00:00,1,0,1,FMN GV 22 Boechout
7,Victor Heylenlei 41,2023-01-23,01:00:00,0,0,0,FMN GV 22 Boechout
7,Victor Heylenlei 41,2023-01-23,02:00:00,0,0,0,FMN GV 22 Boechout
7,Victor Heylenlei 41,2023-01-23,03:00:00,0,0,0,FMN GV 22 Boechout
7,Victor Heylenlei 41,2023-01-23,04:00:00,3,3,0,FMN GV 22 Boechout
7,Victor Heylenlei 41,2023-01-23,05:00:00,15,9,6,FMN GV 22 Boechout
7,Victor Heylenlei 41,2023-01-23,06:00:00,31,28,3,FMN GV 22 Boechout
7,Victor Heylenlei 41,2023-01-23,07:00:00,123,91,32,FMN GV 22 Boechout
7,Victor Heylenlei 41,2023-01-23,08:00:00,208,90,118,FMN GV 22 Boechout
7,Victor Heylenlei 41,2023-01-23,09:00:00,44,32,12,FMN GV 22 Boechout
7,Victor Heylenlei 41,2023-01-23,10:00:00,25,13,12,FMN GV 22 Boechout
7,Victor Heylenlei 41,2023-01-23,11:00:00,33,14,19,FMN GV 22 Boechout
7,Victor Heylenlei 41,2023-01-23,12:00:00,30,18,12,FMN GV 22 Boechout
7,Victor Heylenlei 41,2023-01-23,13:00:00,47,19,28,FMN GV 22 Boechout
7,Victor Heylenlei 41,2023-01-23,14:00:00,45,19,26,FMN GV 22 Boechout
7,Victor Heylenlei 41,2023-01-23,15:00:00,57,19,38,FMN GV 22 Boechout
7,Victor Heylenlei 41,2023-01-23,16:00:00,191,120,71,FMN GV 22 Boechout
7,Victor Heylenlei 41,2023-01-23,17:00:00,112,37,75,FMN GV 22 Boechout
7,Victor Heylenlei 41,2023-01-23,18:00:00,70,16,54,FMN GV 22 Boechout
7,Victor Heylenlei 41,2023-01-23,19:00:00,20,10,10,FMN GV 22 Boechout
7,Victor Heylenlei 41,2023-01-23,20:00:00,12,3,9,FMN GV 22 Boechout
7,Victor Heylenlei 41,2023-01-23,21:00:00,16,4,12,FMN GV 22 Boechout
7,Victor Heylenlei 41,2023-01-23,22:00:00,12,6,6,FMN GV 22 Boechout
7,Victor Heylenlei 41,2023-01-23,23:00:00,5,3,2,FMN GV 22 Boechout
7,Victor Heylenlei 41,2023-01-24,00:00:00,1,0,1,FMN GV 22 Boechout
7,Victor Heylenlei 41,2023-01-24,01:00:00,0,0,0,FMN GV 22 Boechout
7,Victor Heylenlei 41,2023-01-24,02:00:00,0,0,0,FMN GV 22 Boechout
7,Victor Heylenlei 41,2023-01-24,03:00:00,2,1,1,FMN GV 22 Boechout
7,Victor Heylenlei 41,2023-01-24,04:00:00,5,4,1,FMN GV 22 Boechout
7,Victor Heylenlei 41,2023-01-24,05:00:00,11,9,2,FMN GV 22 Boechout
7,Victor Heylenlei 41,2023-01-24,06:00:00,40,32,8,FMN GV 22 Boechout
7,Victor Heylenlei 41,2023-01-24,07:00:00,126,98,28,FMN GV 22 Boechout
7,Victor Heylenlei 41,2023-01-24,08:00:00,254,121,133,FMN GV 22 Boechout
7,Victor Heylenlei 41,2023-01-24,09:00:00,46,32,14,FMN GV 22 Boechout
7,Victor Heylenlei 41,2023-01-24,10:00:00,41,21,20,FMN GV 22 Boechout
7,Victor Heylenlei 41,2023-01-24,11:00:00,22,15,7,FMN GV 22 Boechout
7,Victor Heylenlei 41,2023-01-24,12:00:00,45,23,22,FMN GV 22 Boechout
7,Victor Heylenlei 41,2023-01-24,13:00:00,46,15,31,FMN GV 22 Boechout
7,Victor Heylenlei 41,2023-01-24,14:00:00,45,26,19,FMN GV 22 Boechout
7,Victor Heylenlei 41,2023-01-24,15:00:00,51,23,28,FMN GV 22 Boechout
7,Victor Heylenlei 41,2023-01-24,16:00:00,210,124,86,FMN GV 22 Boechout
7,Victor Heylenlei 41,2023-01-24,17:00:00,120,34,86,FMN GV 22 Boechout
7,Victor Heylenlei 41,2023-01-24,18:00:00,78,19,59,FMN GV 22 Boechout
7,Victor Heylenlei 41,2023-01-24,19:00:00,24,3,21,FMN GV 22 Boechout
7,Victor Heylenlei 41,2023-01-24,20:00:00,21,12,9,FMN GV 22 Boechout
7,Victor Heylenlei 41,2023-01-24,21:00:00,20,9,11,FMN GV 22 Boechout
7,Victor Heylenlei 41,2023-01-24,22:00:00,17,7,10,FMN GV 22 Boechout
7,Victor Heylenlei 41,2023-01-24,23:00:00,7,2,5,FMN GV 22 Boechout
7,Victor Heylenlei 41,2023-01-25,00:00:00,2,2,0,FMN GV 22 Boechout
7,Victor Heylenlei 41,2023-01-25,01:00:00,0,0,0,FMN GV 22 Boechout
7,Victor Heylenlei 41,2023-01-25,02:00:00,0,0,0,FMN GV 22 Boechout
7,Victor Heylenlei 41,2023-01-25,03:00:00,3,2,1,FMN GV 22 Boechout
7,Victor Heylenlei 41,2023-01-25,04:00:00,3,3,0,FMN GV 22 Boechout
7,Victor Heylenlei 41,2023-01-25,05:00:00,11,6,5,FMN GV 22 Boechout
7,Victor Heylenlei 41,2023-01-25,06:00:00,34,26,8,FMN GV 22 Boechout
7,Victor Heylenlei 41,2023-01-25,07:00:00,122,88,34,FMN GV 22 Boechout
7,Victor Heylenlei 41,2023-01-25,08:00:00,219,84,135,FMN GV 22 Boechout
7,Victor Heylenlei 41,2023-01-25,09:00:00,37,23,14,FMN GV 22 Boechout
7,Victor Heylenlei 41,2023-01-25,10:00:00,21,10,11,FMN GV 22 Boechout
7,Victor Heylenlei 41,2023-01-25,11:00:00,31,17,14,FMN GV 22 Boechout
7,Victor Heylenlei 41,2023-01-25,12:00:00,175,128,47,FMN GV 22 Boechout
7,Victor Heylenlei 41,2023-01-25,13:00:00,72,38,34,FMN GV 22 Boechout
7,Victor Heylenlei 41,2023-01-25,14:00:00,44,21,23,FMN GV 22 Boechout
7,Victor Heylenlei 41,2023-01-25,15:00:00,56,20,36,FMN GV 22 Boechout
7,Victor Heylenlei 41,2023-01-25,16:00:00,80,30,50,FMN GV 22 Boechout
7,Victor Heylenlei 41,2023-01-25,17:00:00,84,23,61,FMN GV 22 Boechout
7,Victor Heylenlei 41,2023-01-25,18:00:00,56,15,41,FMN GV 22 Boechout
7,Victor Heylenlei 41,2023-01-25,19:00:00,31,12,19,FMN GV 22 Boechout
7,Victor Heylenlei 41,2023-01-25,20:00:00,17,9,8,FMN GV 22 Boechout
7,Victor Heylenlei 41,2023-01-25,21:00:00,10,3,7,FMN GV 22 Boechout
7,Victor Heylenlei 41,2023-01-25,22:00:00,19,5,14,FMN GV 22 Boechout
7,Victor Heylenlei 41,2023-01-25,23:00:00,6,3,3,FMN GV 22 Boechout
7,Victor Heylenlei 41,2023-01-26,00:00:00,0,0,0,FMN GV 22 Boechout
7,Victor Heylenlei 41,2023-01-26,01:00:00,1,1,0,FMN GV 22 Boechout
7,Victor Heylenlei 41,2023-01-26,02:00:00,0,0,0,FMN GV 22 Boechout
7,Victor Heylenlei 41,2023-01-26,03:00:00,3,2,1,FMN GV 22 Boechout
7,Victor Heylenlei 41,2023-01-26,04:00:00,3,3,0,FMN GV 22 Boechout
7,Victor Heylenlei 41,2023-01-26,05:00:00,7,4,3,FMN GV 22 Boechout
7,Victor Heylenlei 41,2023-01-26,06:00:00,20,15,5,FMN GV 22 Boechout
7,Victor Heylenlei 41,2023-01-26,07:00:00,93,76,17,FMN GV 22 Boechout
7,Victor Heylenlei 41,2023-01-26,08:00:00,212,87,125,FMN GV 22 Boechout
7,Victor Heylenlei 41,2023-01-26,09:00:00,32,24,8,FMN GV 22 Boechout
7,Victor Heylenlei 41,2023-01-26,10:00:00,14,10,4,FMN GV 22 Boechout
7,Victor Heylenlei 41,2023-01-26,11:00:00,14,5,9,FMN GV 22 Boechout
7,Victor Heylenlei 41,2023-01-26,12:00:00,40,27,13,FMN GV 22 Boechout
7,Victor Heylenlei 41,2023-01-26,13:00:00,53,32,21,FMN GV 22 Boechout
7,Victor Heylenlei 41,2023-01-26,14:00:00,55,29,26,FMN GV 22 Boechout
7,Victor Heylenlei 41,2023-01-26,15:00:00,53,27,26,FMN GV 22 Boechout
7,Victor Heylenlei 41,2023-01-26,16:00:00,208,136,72,FMN GV 22 Boechout
7,Victor Heylenlei 41,2023-01-26,17:00:00,120,38,82,FMN GV 22 Boechout
7,Victor Heylenlei 41,2023-01-26,18:00:00,73,15,58,FMN GV 22 Boechout
7,Victor Heylenlei 41,2023-01-26,19:00:00,22,8,14,FMN GV 22 Boechout
7,Victor Heylenlei 41,2023-01-26,20:00:00,28,15,13,FMN GV 22 Boechout
7,Victor Heylenlei 41,2023-01-26,21:00:00,23,15,8,FMN GV 22 Boechout
7,Victor Heylenlei 41,2023-01-26,22:00:00,17,7,10,FMN GV 22 Boechout
7,Victor Heylenlei 41,2023-01-26,23:00:00,14,7,7,FMN GV 22 Boechout
7,Victor Heylenlei 41,2023-01-27,00:00:00,2,0,2,FMN GV 22 Boechout
7,Victor Heylenlei 41,2023-01-27,01:00:00,2,1,1,FMN GV 22 Boechout
7,Victor Heylenlei 41,2023-01-27,02:00:00,0,0,0,FMN GV 22 Boechout
7,Victor Heylenlei 41,2023-01-27,03:00:00,3,0,3,FMN GV 22 Boechout
7,Victor Heylenlei 41,2023-01-27,04:00:00,8,6,2,FMN GV 22 Boechout
7,Victor Heylenlei 41,2023-01-27,05:00:00,9,4,5,FMN GV 22 Boechout
7,Victor Heylenlei 41,2023-01-27,06:00:00,29,21,8,FMN GV 22 Boechout
7,Victor Heylenlei 41,2023-01-27,07:00:00,91,76,15,FMN GV 22 Boechout
7,Victor Heylenlei 41,2023-01-27,08:00:00,99,67,32,FMN GV 22 Boechout
7,Victor Heylenlei 41,2023-01-27,09:00:00,30,23,7,FMN GV 22 Boechout
7,Victor Heylenlei 41,2023-01-27,10:00:00,24,15,9,FMN GV 22 Boechout
7,Victor Heylenlei 41,2023-01-27,11:00:00,30,14,16,FMN GV 22 Boechout
7,Victor Heylenlei 41,2023-01-27,12:00:00,37,23,14,FMN GV 22 Boechout
7,Victor Heylenlei 41,2023-01-27,13:00:00,40,21,19,FMN GV 22 Boechout
7,Victor Heylenlei 41,2023-01-27,14:00:00,46,17,29,FMN GV 22 Boechout
7,Victor Heylenlei 41,2023-01-27,15:00:00,63,23,40,FMN GV 22 Boechout
7,Victor Heylenlei 41,2023-01-27,16:00:00,83,30,53,FMN GV 22 Boechout
7,Victor Heylenlei 41,2023-01-27,17:00:00,86,24,62,FMN GV 22 Boechout
7,Victor Heylenlei 41,2023-01-27,18:00:00,47,21,26,FMN GV 22 Boechout
7,Victor Heylenlei 41,2023-01-27,19:00:00,22,10,12,FMN GV 22 Boechout
7,Victor Heylenlei 41,2023-01-27,20:00:00,19,11,8,FMN GV 22 Boechout
7,Victor Heylenlei 41,2023-01-27,21:00:00,11,4,7,FMN GV 22 Boechout
7,Victor Heylenlei 41,2023-01-27,22:00:00,35,14,21,FMN GV 22 Boechout
7,Victor Heylenlei 41,2023-01-27,23:00:00,13,6,7,FMN GV 22 Boechout
7,Victor Heylenlei 41,2023-01-28,00:00:00,19,11,8,FMN GV 22 Boechout
7,Victor Heylenlei 41,2023-01-28,01:00:00,7,2,5,FMN GV 22 Boechout
7,Victor Heylenlei 41,2023-01-28,02:00:00,9,2,7,FMN GV 22 Boechout
7,Victor Heylenlei 41,2023-01-28,03:00:00,3,1,2,FMN GV 22 Boechout
7,Victor Heylenlei 41,2023-01-28,04:00:00,3,1,2,FMN GV 22 Boechout
7,Victor Heylenlei 41,2023-01-28,05:00:00,3,2,1,FMN GV 22 Boechout
7,Victor Heylenlei 41,2023-01-28,06:00:00,11,5,6,FMN GV 22 Boechout
7,Victor Heylenlei 41,2023-01-28,07:00:00,11,4,7,FMN GV 22 Boechout
7,Victor Heylenlei 41,2023-01-28,08:00:00,16,3,13,FMN GV 22 Boechout
7,Victor Heylenlei 41,2023-01-28,09:00:00,29,19,10,FMN GV 22 Boechout
7,Victor Heylenlei 41,2023-01-28,10:00:00,38,18,20,FMN GV 22 Boechout
7,Victor Heylenlei 41,2023-01-28,11:00:00,35,17,18,FMN GV 22 Boechout
7,Victor Heylenlei 41,2023-01-28,12:00:00,49,27,22,FMN GV 22 Boechout
7,Victor Heylenlei 41,2023-01-28,13:00:00,95,52,43,FMN GV 22 Boechout
7,Victor Heylenlei 41,2023-01-28,14:00:00,90,39,51,FMN GV 22 Boechout
7,Victor Heylenlei 41,2023-01-28,15:00:00,67,41,26,FMN GV 22 Boechout
7,Victor Heylenlei 41,2023-01-28,16:00:00,47,31,16,FMN GV 22 Boechout
7,Victor Heylenlei 41,2023-01-28,17:00:00,26,8,18,FMN GV 22 Boechout
7,Victor Heylenlei 41,2023-01-28,18:00:00,18,6,12,FMN GV 22 Boechout
7,Victor Heylenlei 41,2023-01-28,19:00:00,25,11,14,FMN GV 22 Boechout
7,Victor Heylenlei 41,2023-01-28,20:00:00,20,9,11,FMN GV 22 Boechout
7,Victor Heylenlei 41,2023-01-28,21:00:00,18,9,9,FMN GV 22 Boechout
7,Victor Heylenlei 41,2023-01-28,22:00:00,4,0,4,FMN GV 22 Boechout
7,Victor Heylenlei 41,2023-01-28,23:00:00,11,6,5,FMN GV 22 Boechout
7,Victor Heylenlei 41,2023-01-29,00:00:00,12,9,3,FMN GV 22 Boechout
7,Victor Heylenlei 41,2023-01-29,01:00:00,8,2,6,FMN GV 22 Boechout
7,Victor Heylenlei 41,2023-01-29,02:00:00,5,2,3,FMN GV 22 Boechout
7,Victor Heylenlei 41,2023-01-29,03:00:00,2,1,1,FMN GV 22 Boechout
7,Victor Heylenlei 41,2023-01-29,04:00:00,1,1,0,FMN GV 22 Boechout
7,Victor Heylenlei 41,2023-01-29,05:00:00,0,0,0,FMN GV 22 Boechout
7,Victor Heylenlei 41,2023-01-29,06:00:00,4,1,3,FMN GV 22 Boechout
7,Victor Heylenlei 41,2023-01-29,07:00:00,10,5,5,FMN GV 22 Boechout
7,Victor Heylenlei 41,2023-01-29,08:00:00,14,6,8,FMN GV 22 Boechout
7,Victor Heylenlei 41,2023-01-29,09:00:00,56,24,32,FMN GV 22 Boechout
7,Victor Heylenlei 41,2023-01-29,10:00:00,83,49,34,FMN GV 22 Boechout
7,Victor Heylenlei 41,2023-01-29,11:00:00,57,26,31,FMN GV 22 Boechout
7,Victor Heylenlei 41,2023-01-29,12:00:00,59,42,17,FMN GV 22 Boechout
7,Victor Heylenlei 41,2023-01-29,13:00:00,61,35,26,FMN GV 22 Boechout
7,Victor Heylenlei 41,2023-01-29,14:00:00,51,26,25,FMN GV 22 Boechout
7,Victor Heylenlei 41,2023-01-29,15:00:00,141,71,70,FMN GV 22 Boechout
7,Victor Heylenlei 41,2023-01-29,16:00:00,33,20,13,FMN GV 22 Boechout
7,Victor Heylenlei 41,2023-01-29,17:00:00,25,17,8,FMN GV 22 Boechout
7,Victor Heylenlei 41,2023-01-29,18:00:00,22,6,16,FMN GV 22 Boechout
7,Victor Heylenlei 41,2023-01-29,19:00:00,9,3,6,FMN GV 22 Boechout
7,Victor Heylenlei 41,2023-01-29,20:00:00,12,10,2,FMN GV 22 Boechout
7,Victor Heylenlei 41,2023-01-29,21:00:00,11,6,5,FMN GV 22 Boechout
7,Victor Heylenlei 41,2023-01-29,22:00:00,11,4,7,FMN GV 22 Boechout
7,Victor Heylenlei 41,2023-01-29,23:00:00,3,2,1,FMN GV 22 Boechout
7,Victor Heylenlei 41,2023-01-30,00:00:00,1,1,0,FMN GV 22 Boechout
7,Victor Heylenlei 41,2023-01-30,01:00:00,2,1,1,FMN GV 22 Boechout
7,Victor Heylenlei 41,2023-01-30,02:00:00,0,0,0,FMN GV 22 Boechout
7,Victor Heylenlei 41,2023-01-30,03:00:00,0,0,0,FMN GV 22 Boechout
7,Victor Heylenlei 41,2023-01-30,04:00:00,5,3,2,FMN GV 22 Boechout
7,Victor Heylenlei 41,2023-01-30,05:00:00,10,4,6,FMN GV 22 Boechout
7,Victor Heylenlei 41,2023-01-30,06:00:00,36,29,7,FMN GV 22 Boechout
7,Victor Heylenlei 41,2023-01-30,07:00:00,115,97,18,FMN GV 22 Boechout
7,Victor Heylenlei 41,2023-01-30,08:00:00,242,101,141,FMN GV 22 Boechout
7,Victor Heylenlei 41,2023-01-30,09:00:00,47,29,18,FMN GV 22 Boechout
7,Victor Heylenlei 41,2023-01-30,10:00:00,33,17,16,FMN GV 22 Boechout
7,Victor Heylenlei 41,2023-01-30,11:00:00,32,18,14,FMN GV 22 Boechout
7,Victor Heylenlei 41,2023-01-30,12:00:00,49,29,20,FMN GV 22 Boechout
7,Victor Heylenlei 41,2023-01-30,13:00:00,47,21,26,FMN GV 22 Boechout
7,Victor Heylenlei 41,2023-01-30,14:00:00,52,27,25,FMN GV 22 Boechout
7,Victor Heylenlei 41,2023-01-30,15:00:00,54,21,33,FMN GV 22 Boechout
7,Victor Heylenlei 41,2023-01-30,16:00:00,211,122,89,FMN GV 22 Boechout
7,Victor Heylenlei 41,2023-01-30,17:00:00,135,52,83,FMN GV 22 Boechout
7,Victor Heylenlei 41,2023-01-30,18:00:00,52,10,42,FMN GV 22 Boechout
7,Victor Heylenlei 41,2023-01-30,19:00:00,23,7,16,FMN GV 22 Boechout
7,Victor Heylenlei 41,2023-01-30,20:00:00,21,11,10,FMN GV 22 Boechout
7,Victor Heylenlei 41,2023-01-30,21:00:00,8,2,6,FMN GV 22 Boechout
7,Victor Heylenlei 41,2023-01-30,22:00:00,14,3,11,FMN GV 22 Boechout
7,Victor Heylenlei 41,2023-01-30,23:00:00,3,2,1,FMN GV 22 Boechout
7,Victor Heylenlei 41,2023-01-31,00:00:00,2,2,0,FMN GV 22 Boechout
7,Victor Heylenlei 41,2023-01-31,01:00:00,2,2,0,FMN GV 22 Boechout
7,Victor Heylenlei 41,2023-01-31,02:00:00,0,0,0,FMN GV 22 Boechout
7,Victor Heylenlei 41,2023-01-31,03:00:00,1,0,1,FMN GV 22 Boechout
7,Victor Heylenlei 41,2023-01-31,04:00:00,8,6,2,FMN GV 22 Boechout
7,Victor Heylenlei 41,2023-01-31,05:00:00,13,7,6,FMN GV 22 Boechout
7,Victor Heylenlei 41,2023-01-31,06:00:00,51,40,11,FMN GV 22 Boechout
7,Victor Heylenlei 41,2023-01-31,07:00:00,134,113,21,FMN GV 22 Boechout
7,Victor Heylenlei 41,2023-01-31,08:00:00,237,107,130,FMN GV 22 Boechout
7,Victor Heylenlei 41,2023-01-31,09:00:00,52,32,20,FMN GV 22 Boechout
7,Victor Heylenlei 41,2023-01-31,10:00:00,43,31,12,FMN GV 22 Boechout
7,Victor Heylenlei 41,2023-01-31,11:00:00,23,15,8,FMN GV 22 Boechout
7,Victor Heylenlei 41,2023-01-31,12:00:00,40,24,16,FMN GV 22 Boechout
7,Victor Heylenlei 41,2023-01-31,13:00:00,56,26,30,FMN GV 22 Boechout
7,Victor Heylenlei 41,2023-01-31,14:00:00,40,21,19,FMN GV 22 Boechout
7,Victor Heylenlei 41,2023-01-31,15:00:00,58,20,38,FMN GV 22 Boechout
7,Victor Heylenlei 41,2023-01-31,16:00:00,212,122,90,FMN GV 22 Boechout
7,Victor Heylenlei 41,2023-01-31,17:00:00,129,30,99,FMN GV 22 Boechout
7,Victor Heylenlei 41,2023-01-31,18:00:00,52,19,33,FMN GV 22 Boechout
7,Victor Heylenlei 41,2023-01-31,19:00:00,27,13,14,FMN GV 22 Boechout
7,Victor Heylenlei 41,2023-01-31,20:00:00,13,4,9,FMN GV 22 Boechout
7,Victor Heylenlei 41,2023-01-31,21:00:00,20,4,16,FMN GV 22 Boechout
7,Victor Heylenlei 41,2023-01-31,22:00:00,17,7,10,FMN GV 22 Boechout
7,Victor Heylenlei 41,2023-01-31,23:00:00,3,1,2,FMN GV 22 Boechout
7,Victor Heylenlei 41,2023-02-01,00:00:00,3,2,1,FMN GV 22 Boechout
7,Victor Heylenlei 41,2023-02-01,01:00:00,3,3,0,FMN GV 22 Boechout
7,Victor Heylenlei 41,2023-02-01,02:00:00,2,0,2,FMN GV 22 Boechout
7,Victor Heylenlei 41,2023-02-01,03:00:00,1,0,1,FMN GV 22 Boechout
7,Victor Heylenlei 41,2023-02-01,04:00:00,6,5,1,FMN GV 22 Boechout
7,Victor Heylenlei 41,2023-02-01,05:00:00,18,10,8,FMN GV 22 Boechout
7,Victor Heylenlei 41,2023-02-01,06:00:00,37,30,7,FMN GV 22 Boechout
7,Victor Heylenlei 41,2023-02-01,07:00:00,132,100,32,FMN GV 22 Boechout
7,Victor Heylenlei 41,2023-02-01,08:00:00,209,81,128,FMN GV 22 Boechout
7,Victor Heylenlei 41,2023-02-01,09:00:00,59,34,25,FMN GV 22 Boechout
7,Victor Heylenlei 41,2023-02-01,10:00:00,39,23,16,FMN GV 22 Boechout
7,Victor Heylenlei 41,2023-02-01,11:00:00,58,36,22,FMN GV 22 Boechout
7,Victor Heylenlei 41,2023-02-01,12:00:00,160,117,43,FMN GV 22 Boechout
7,Victor Heylenlei 41,2023-02-01,13:00:00,69,25,44,FMN GV 22 Boechout
7,Victor Heylenlei 41,2023-02-01,14:00:00,63,31,32,FMN GV 22 Boechout
7,Victor Heylenlei 41,2023-02-01,15:00:00,70,37,33,FMN GV 22 Boechout
7,Victor Heylenlei 41,2023-02-01,16:00:00,95,33,62,FMN GV 22 Boechout
7,Victor Heylenlei 41,2023-02-01,17:00:00,91,25,66,FMN GV 22 Boechout
7,Victor Heylenlei 41,2023-02-01,18:00:00,51,20,31,FMN GV 22 Boechout
7,Victor Heylenlei 41,2023-02-01,19:00:00,42,12,30,FMN GV 22 Boechout
7,Victor Heylenlei 41,2023-02-01,20:00:00,20,9,11,FMN GV 22 Boechout
7,Victor Heylenlei 41,2023-02-01,21:00:00,18,14,4,FMN GV 22 Boechout
7,Victor Heylenlei 41,2023-02-01,22:00:00,24,10,14,FMN GV 22 Boechout
7,Victor Heylenlei 41,2023-02-01,23:00:00,6,5,1,FMN GV 22 Boechout
7,Victor Heylenlei 41,2023-02-02,00:00:00,2,0,2,FMN GV 22 Boechout
7,Victor Heylenlei 41,2023-02-02,01:00:00,2,1,1,FMN GV 22 Boechout
7,Victor Heylenlei 41,2023-02-02,02:00:00,0,0,0,FMN GV 22 Boechout
7,Victor Heylenlei 41,2023-02-02,03:00:00,1,0,1,FMN GV 22 Boechout
7,Victor Heylenlei 41,2023-02-02,04:00:00,4,3,1,FMN GV 22 Boechout
7,Victor Heylenlei 41,2023-02-02,05:00:00,15,8,7,FMN GV 22 Boechout
7,Victor Heylenlei 41,2023-02-02,06:00:00,35,28,7,FMN GV 22 Boechout
7,Victor Heylenlei 41,2023-02-02,07:00:00,117,94,23,FMN GV 22 Boechout
7,Victor Heylenlei 41,2023-02-02,08:00:00,266,126,140,FMN GV 22 Boechout
7,Victor Heylenlei 41,2023-02-02,09:00:00,56,40,16,FMN GV 22 Boechout
7,Victor Heylenlei 41,2023-02-02,10:00:00,46,29,17,FMN GV 22 Boechout
7,Victor Heylenlei 41,2023-02-02,11:00:00,44,21,23,FMN GV 22 Boechout
7,Victor Heylenlei 41,2023-02-02,12:00:00,50,23,27,FMN GV 22 Boechout
7,Victor Heylenlei 41,2023-02-02,13:00:00,56,30,26,FMN GV 22 Boechout
7,Victor Heylenlei 41,2023-02-02,14:00:00,65,30,35,FMN GV 22 Boechout
7,Victor Heylenlei 41,2023-02-02,15:00:00,66,22,44,FMN GV 22 Boechout
7,Victor Heylenlei 41,2023-02-02,16:00:00,218,116,102,FMN GV 22 Boechout
7,Victor Heylenlei 41,2023-02-02,17:00:00,122,32,90,FMN GV 22 Boechout
7,Victor Heylenlei 41,2023-02-02,18:00:00,75,21,54,FMN GV 22 Boechout
7,Victor Heylenlei 41,2023-02-02,19:00:00,28,7,21,FMN GV 22 Boechout
7,Victor Heylenlei 41,2023-02-02,20:00:00,23,13,10,FMN GV 22 Boechout
7,Victor Heylenlei 41,2023-02-02,21:00:00,17,10,7,FMN GV 22 Boechout
7,Victor Heylenlei 41,2023-02-02,22:00:00,25,14,11,FMN GV 22 Boechout
7,Victor Heylenlei 41,2023-02-02,23:00:00,11,6,5,FMN GV 22 Boechout
7,Victor Heylenlei 41,2023-02-03,00:00:00,3,1,2,FMN GV 22 Boechout
7,Victor Heylenlei 41,2023-02-03,01:00:00,0,0,0,FMN GV 22 Boechout
7,Victor Heylenlei 41,2023-02-03,02:00:00,2,2,0,FMN GV 22 Boechout
7,Victor Heylenlei 41,2023-02-03,03:00:00,2,1,1,FMN GV 22 Boechout
7,Victor Heylenlei 41,2023-02-03,04:00:00,3,3,0,FMN GV 22 Boechout
7,Victor Heylenlei 41,2023-02-03,05:00:00,12,6,6,FMN GV 22 Boechout
7,Victor Heylenlei 41,2023-02-03,06:00:00,27,20,7,FMN GV 22 Boechout
7,Victor Heylenlei 41,2023-02-03,07:00:00,126,89,37,FMN GV 22 Boechout
7,Victor Heylenlei 41,2023-02-03,08:00:00,199,81,118,FMN GV 22 Boechout
7,Victor Heylenlei 41,2023-02-03,09:00:00,64,44,20,FMN GV 22 Boechout
7,Victor Heylenlei 41,2023-02-03,10:00:00,25,7,18,FMN GV 22 Boechout
7,Victor Heylenlei 41,2023-02-03,11:00:00,43,26,17,FMN GV 22 Boechout
7,Victor Heylenlei 41,2023-02-03,12:00:00,54,24,30,FMN GV 22 Boechout
7,Victor Heylenlei 41,2023-02-03,13:00:00,42,20,22,FMN GV 22 Boechout
7,Victor Heylenlei 41,2023-02-03,14:00:00,54,18,36,FMN GV 22 Boechout
7,Victor Heylenlei 41,2023-02-03,15:00:00,66,27,39,FMN GV 22 Boechout
7,Victor Heylenlei 41,2023-02-03,16:00:00,209,123,86,FMN GV 22 Boechout
7,Victor Heylenlei 41,2023-02-03,17:00:00,90,35,55,FMN GV 22 Boechout
7,Victor Heylenlei 41,2023-02-03,18:00:00,77,26,51,FMN GV 22 Boechout
7,Victor Heylenlei 41,2023-02-03,19:00:00,18,10,8,FMN GV 22 Boechout
7,Victor Heylenlei 41,2023-02-03,20:00:00,11,5,6,FMN GV 22 Boechout
7,Victor Heylenlei 41,2023-02-03,21:00:00,11,5,6,FMN GV 22 Boechout
7,Victor Heylenlei 41,2023-02-03,22:00:00,6,1,5,FMN GV 22 Boechout
7,Victor Heylenlei 41,2023-02-03,23:00:00,9,5,4,FMN GV 22 Boechout
7,Victor Heylenlei 41,2023-02-04,00:00:00,9,4,5,FMN GV 22 Boechout
7,Victor Heylenlei 41,2023-02-04,01:00:00,11,1,10,FMN GV 22 Boechout
7,Victor Heylenlei 41,2023-02-04,02:00:00,2,1,1,FMN GV 22 Boechout
7,Victor Heylenlei 41,2023-02-04,03:00:00,3,1,2,FMN GV 22 Boechout
7,Victor Heylenlei 41,2023-02-04,04:00:00,2,0,2,FMN GV 22 Boechout
7,Victor Heylenlei 41,2023-02-04,05:00:00,5,2,3,FMN GV 22 Boechout
7,Victor Heylenlei 41,2023-02-04,06:00:00,8,3,5,FMN GV 22 Boechout
7,Victor Heylenlei 41,2023-02-04,07:00:00,8,5,3,FMN GV 22 Boechout
7,Victor Heylenlei 41,2023-02-04,08:00:00,19,8,11,FMN GV 22 Boechout
7,Victor Heylenlei 41,2023-02-04,09:00:00,23,16,7,FMN GV 22 Boechout
7,Victor Heylenlei 41,2023-02-04,10:00:00,49,26,23,FMN GV 22 Boechout
7,Victor Heylenlei 41,2023-02-04,11:00:00,40,28,12,FMN GV 22 Boechout
7,Victor Heylenlei 41,2023-02-04,12:00:00,38,22,16,FMN GV 22 Boechout
7,Victor Heylenlei 41,2023-02-04,13:00:00,47,28,19,FMN GV 22 Boechout
7,Victor Heylenlei 41,2023-02-04,14:00:00,49,20,29,FMN GV 22 Boechout
7,Victor Heylenlei 41,2023-02-04,15:00:00,40,24,16,FMN GV 22 Boechout
7,Victor Heylenlei 41,2023-02-04,16:00:00,57,23,34,FMN GV 22 Boechout
7,Victor Heylenlei 41,2023-02-04,17:00:00,32,17,15,FMN GV 22 Boechout
7,Victor Heylenlei 41,2023-02-04,18:00:00,36,15,21,FMN GV 22 Boechout
7,Victor Heylenlei 41,2023-02-04,19:00:00,15,7,8,FMN GV 22 Boechout
7,Victor Heylenlei 41,2023-02-04,20:00:00,19,11,8,FMN GV 22 Boechout
7,Victor Heylenlei 41,2023-02-04,21:00:00,15,3,12,FMN GV 22 Boechout
7,Victor Heylenlei 41,2023-02-04,22:00:00,13,4,9,FMN GV 22 Boechout
7,Victor Heylenlei 41,2023-02-04,23:00:00,7,5,2,FMN GV 22 Boechout
7,Victor Heylenlei 41,2023-02-05,00:00:00,14,12,2,FMN GV 22 Boechout
7,Victor Heylenlei 41,2023-02-05,01:00:00,7,3,4,FMN GV 22 Boechout
7,Victor Heylenlei 41,2023-02-05,02:00:00,7,6,1,FMN GV 22 Boechout
7,Victor Heylenlei 41,2023-02-05,03:00:00,5,3,2,FMN GV 22 Boechout
7,Victor Heylenlei 41,2023-02-05,04:00:00,0,0,0,FMN GV 22 Boechout
7,Victor Heylenlei 41,2023-02-05,05:00:00,5,3,2,FMN GV 22 Boechout
7,Victor Heylenlei 41,2023-02-05,06:00:00,4,2,2,FMN GV 22 Boechout
7,Victor Heylenlei 41,2023-02-05,07:00:00,3,2,1,FMN GV 22 Boechout
7,Victor Heylenlei 41,2023-02-05,08:00:00,23,13,10,FMN GV 22 Boechout
7,Victor Heylenlei 41,2023-02-05,09:00:00,52,24,28,FMN GV 22 Boechout
7,Victor Heylenlei 41,2023-02-05,10:00:00,97,57,40,FMN GV 22 Boechout
7,Victor Heylenlei 41,2023-02-05,11:00:00,63,31,32,FMN GV 22 Boechout
7,Victor Heylenlei 41,2023-02-05,12:00:00,101,61,40,FMN GV 22 Boechout
7,Victor Heylenlei 41,2023-02-05,13:00:00,92,44,48,FMN GV 22 Boechout
7,Victor Heylenlei 41,2023-02-05,14:00:00,72,38,34,FMN GV 22 Boechout
7,Victor Heylenlei 41,2023-02-05,15:00:00,67,29,38,FMN GV 22 Boechout
7,Victor Heylenlei 41,2023-02-05,16:00:00,81,39,42,FMN GV 22 Boechout
7,Victor Heylenlei 41,2023-02-05,17:00:00,40,20,20,FMN GV 22 Boechout
7,Victor Heylenlei 41,2023-02-05,18:00:00,24,14,10,FMN GV 22 Boechout
7,Victor Heylenlei 41,2023-02-05,19:00:00,15,12,3,FMN GV 22 Boechout
7,Victor Heylenlei 41,2023-02-05,20:00:00,11,8,3,FMN GV 22 Boechout
7,Victor Heylenlei 41,2023-02-05,21:00:00,16,11,5,FMN GV 22 Boechout
7,Victor Heylenlei 41,2023-02-05,22:00:00,11,4,7,FMN GV 22 Boechout
7,Victor Heylenlei 41,2023-02-05,23:00:00,1,1,0,FMN GV 22 Boechout
7,Victor Heylenlei 41,2023-02-06,00:00:00,2,1,1,FMN GV 22 Boechout
7,Victor Heylenlei 41,2023-02-06,01:00:00,1,0,1,FMN GV 22 Boechout
7,Victor Heylenlei 41,2023-02-06,02:00:00,0,0,0,FMN GV 22 Boechout
7,Victor Heylenlei 41,2023-02-06,03:00:00,0,0,0,FMN GV 22 Boechout
7,Victor Heylenlei 41,2023-02-06,04:00:00,5,4,1,FMN GV 22 Boechout
7,Victor Heylenlei 41,2023-02-06,05:00:00,10,4,6,FMN GV 22 Boechout
7,Victor Heylenlei 41,2023-02-06,06:00:00,36,28,8,FMN GV 22 Boechout
7,Victor Heylenlei 41,2023-02-06,07:00:00,159,114,45,FMN GV 22 Boechout
7,Victor Heylenlei 41,2023-02-06,08:00:00,243,112,131,FMN GV 22 Boechout
7,Victor Heylenlei 41,2023-02-06,09:00:00,49,34,15,FMN GV 22 Boechout
7,Victor Heylenlei 41,2023-02-06,10:00:00,38,24,14,FMN GV 22 Boechout
7,Victor Heylenlei 41,2023-02-06,11:00:00,33,18,15,FMN GV 22 Boechout
7,Victor Heylenlei 41,2023-02-06,12:00:00,49,26,23,FMN GV 22 Boechout
7,Victor Heylenlei 41,2023-02-06,13:00:00,83,40,43,FMN GV 22 Boechout
7,Victor Heylenlei 41,2023-02-06,14:00:00,85,47,38,FMN GV 22 Boechout
7,Victor Heylenlei 41,2023-02-06,15:00:00,99,39,60,FMN GV 22 Boechout
7,Victor Heylenlei 41,2023-02-06,16:00:00,260,154,106,FMN GV 22 Boechout
7,Victor Heylenlei 41,2023-02-06,17:00:00,133,44,89,FMN GV 22 Boechout
7,Victor Heylenlei 41,2023-02-06,18:00:00,67,21,46,FMN GV 22 Boechout
7,Victor Heylenlei 41,2023-02-06,19:00:00,30,12,18,FMN GV 22 Boechout
7,Victor Heylenlei 41,2023-02-06,20:00:00,20,13,7,FMN GV 22 Boechout
7,Victor Heylenlei 41,2023-02-06,21:00:00,18,8,10,FMN GV 22 Boechout
7,Victor Heylenlei 41,2023-02-06,22:00:00,17,9,8,FMN GV 22 Boechout
7,Victor Heylenlei 41,2023-02-06,23:00:00,6,1,5,FMN GV 22 Boechout
7,Victor Heylenlei 41,2023-02-07,00:00:00,0,0,0,FMN GV 22 Boechout
7,Victor Heylenlei 41,2023-02-07,01:00:00,0,0,0,FMN GV 22 Boechout
7,Victor Heylenlei 41,2023-02-07,02:00:00,1,0,1,FMN GV 22 Boechout
7,Victor Heylenlei 41,2023-02-07,03:00:00,1,0,1,FMN GV 22 Boechout
7,Victor Heylenlei 41,2023-02-07,04:00:00,3,3,0,FMN GV 22 Boechout
7,Victor Heylenlei 41,2023-02-07,05:00:00,12,8,4,FMN GV 22 Boechout
7,Victor Heylenlei 41,2023-02-07,06:00:00,32,23,9,FMN GV 22 Boechout
7,Victor Heylenlei 41,2023-02-07,07:00:00,135,108,27,FMN GV 22 Boechout
7,Victor Heylenlei 41,2023-02-07,08:00:00,255,119,136,FMN GV 22 Boechout
7,Victor Heylenlei 41,2023-02-07,09:00:00,48,33,15,FMN GV 22 Boechout
7,Victor Heylenlei 41,2023-02-07,10:00:00,35,18,17,FMN GV 22 Boechout
7,Victor Heylenlei 41,2023-02-07,11:00:00,25,12,13,FMN GV 22 Boechout
7,Victor Heylenlei 41,2023-02-07,12:00:00,46,23,23,FMN GV 22 Boechout
7,Victor Heylenlei 41,2023-02-07,13:00:00,58,19,39,FMN GV 22 Boechout
7,Victor Heylenlei 41,2023-02-07,14:00:00,96,60,36,FMN GV 22 Boechout
7,Victor Heylenlei 41,2023-02-07,15:00:00,103,48,55,FMN GV 22 Boechout
7,Victor Heylenlei 41,2023-02-07,16:00:00,243,137,106,FMN GV 22 Boechout
7,Victor Heylenlei 41,2023-02-07,17:00:00,138,44,94,FMN GV 22 Boechout
7,Victor Heylenlei 41,2023-02-07,18:00:00,80,18,62,FMN GV 22 Boechout
7,Victor Heylenlei 41,2023-02-07,19:00:00,34,10,24,FMN GV 22 Boechout
7,Victor Heylenlei 41,2023-02-07,20:00:00,16,8,8,FMN GV 22 Boechout
7,Victor Heylenlei 41,2023-02-07,21:00:00,18,9,9,FMN GV 22 Boechout
7,Victor Heylenlei 41,2023-02-07,22:00:00,28,7,21,FMN GV 22 Boechout
7,Victor Heylenlei 41,2023-02-07,23:00:00,5,0,5,FMN GV 22 Boechout
7,Victor Heylenlei 41,2023-02-08,00:00:00,2,0,2,FMN GV 22 Boechout
7,Victor Heylenlei 41,2023-02-08,01:00:00,1,1,0,FMN GV 22 Boechout
7,Victor Heylenlei 41,2023-02-08,02:00:00,1,1,0,FMN GV 22 Boechout
7,Victor Heylenlei 41,2023-02-08,03:00:00,1,0,1,FMN GV 22 Boechout
7,Victor Heylenlei 41,2023-02-08,04:00:00,4,3,1,FMN GV 22 Boechout
7,Victor Heylenlei 41,2023-02-08,05:00:00,13,6,7,FMN GV 22 Boechout
7,Victor Heylenlei 41,2023-02-08,06:00:00,29,20,9,FMN GV 22 Boechout
7,Victor Heylenlei 41,2023-02-08,07:00:00,130,103,27,FMN GV 22 Boechout
7,Victor Heylenlei 41,2023-02-08,08:00:00,233,92,141,FMN GV 22 Boechout
7,Victor Heylenlei 41,2023-02-08,09:00:00,55,35,20,FMN GV 22 Boechout
7,Victor Heylenlei 41,2023-02-08,10:00:00,37,20,17,FMN GV 22 Boechout
7,Victor Heylenlei 41,2023-02-08,11:00:00,37,21,16,FMN GV 22 Boechout
7,Victor Heylenlei 41,2023-02-08,12:00:00,188,133,55,FMN GV 22 Boechout
7,Victor Heylenlei 41,2023-02-08,13:00:00,98,45,53,FMN GV 22 Boechout
7,Victor Heylenlei 41,2023-02-08,14:00:00,90,42,48,FMN GV 22 Boechout
7,Victor Heylenlei 41,2023-02-08,15:00:00,77,38,39,FMN GV 22 Boechout
7,Victor Heylenlei 41,2023-02-08,16:00:00,106,40,66,FMN GV 22 Boechout
7,Victor Heylenlei 41,2023-02-08,17:00:00,113,44,69,FMN GV 22 Boechout
7,Victor Heylenlei 41,2023-02-08,18:00:00,65,21,44,FMN GV 22 Boechout
7,Victor Heylenlei 41,2023-02-08,19:00:00,28,8,20,FMN GV 22 Boechout
7,Victor Heylenlei 41,2023-02-08,20:00:00,28,12,16,FMN GV 22 Boechout
7,Victor Heylenlei 41,2023-02-08,21:00:00,20,11,9,FMN GV 22 Boechout
7,Victor Heylenlei 41,2023-02-08,22:00:00,16,8,8,FMN GV 22 Boechout
7,Victor Heylenlei 41,2023-02-08,23:00:00,4,2,2,FMN GV 22 Boechout
7,Victor Heylenlei 41,2023-02-09,00:00:00,3,0,3,FMN GV 22 Boechout
7,Victor Heylenlei 41,2023-02-09,01:00:00,1,1,0,FMN GV 22 Boechout
7,Victor Heylenlei 41,2023-02-09,02:00:00,1,0,1,FMN GV 22 Boechout
7,Victor Heylenlei 41,2023-02-09,03:00:00,1,0,1,FMN GV 22 Boechout
7,Victor Heylenlei 41,2023-02-09,04:00:00,3,3,0,FMN GV 22 Boechout
7,Victor Heylenlei 41,2023-02-09,05:00:00,15,8,7,FMN GV 22 Boechout
7,Victor Heylenlei 41,2023-02-09,06:00:00,27,21,6,FMN GV 22 Boechout
7,Victor Heylenlei 41,2023-02-09,07:00:00,114,87,27,FMN GV 22 Boechout
7,Victor Heylenlei 41,2023-02-09,08:00:00,324,174,150,FMN GV 22 Boechout
7,Victor Heylenlei 41,2023-02-09,09:00:00,64,43,21,FMN GV 22 Boechout
7,Victor Heylenlei 41,2023-02-09,10:00:00,28,18,10,FMN GV 22 Boechout
7,Victor Heylenlei 41,2023-02-09,11:00:00,73,19,54,FMN GV 22 Boechout
7,Victor Heylenlei 41,2023-02-09,12:00:00,44,27,17,FMN GV 22 Boechout
7,Victor Heylenlei 41,2023-02-09,13:00:00,62,26,36,FMN GV 22 Boechout
7,Victor Heylenlei 41,2023-02-09,14:00:00,67,31,36,FMN GV 22 Boechout
7,Victor Heylenlei 41,2023-02-09,15:00:00,106,48,58,FMN GV 22 Boechout
7,Victor Heylenlei 41,2023-02-09,16:00:00,217,134,83,FMN GV 22 Boechout
7,Victor Heylenlei 41,2023-02-09,17:00:00,114,26,88,FMN GV 22 Boechout
7,Victor Heylenlei 41,2023-02-09,18:00:00,77,19,58,FMN GV 22 Boechout
7,Victor Heylenlei 41,2023-02-09,19:00:00,25,6,19,FMN GV 22 Boechout
7,Victor Heylenlei 41,2023-02-09,20:00:00,23,16,7,FMN GV 22 Boechout
7,Victor Heylenlei 41,2023-02-09,21:00:00,16,12,4,FMN GV 22 Boechout
7,Victor Heylenlei 41,2023-02-09,22:00:00,29,11,18,FMN GV 22 Boechout
7,Victor Heylenlei 41,2023-02-09,23:00:00,6,2,4,FMN GV 22 Boechout
7,Victor Heylenlei 41,2023-02-10,00:00:00,1,0,1,FMN GV 22 Boechout
7,Victor Heylenlei 41,2023-02-10,01:00:00,1,0,1,FMN GV 22 Boechout
7,Victor Heylenlei 41,2023-02-10,02:00:00,0,0,0,FMN GV 22 Boechout
7,Victor Heylenlei 41,2023-02-10,03:00:00,1,0,1,FMN GV 22 Boechout
7,Victor Heylenlei 41,2023-02-10,04:00:00,2,2,0,FMN GV 22 Boechout
7,Victor Heylenlei 41,2023-02-10,05:00:00,13,6,7,FMN GV 22 Boechout
7,Victor Heylenlei 41,2023-02-10,06:00:00,31,24,7,FMN GV 22 Boechout
7,Victor Heylenlei 41,2023-02-10,07:00:00,102,78,24,FMN GV 22 Boechout
7,Victor Heylenlei 41,2023-02-10,08:00:00,224,83,141,FMN GV 22 Boechout
7,Victor Heylenlei 41,2023-02-10,09:00:00,42,27,15,FMN GV 22 Boechout
7,Victor Heylenlei 41,2023-02-10,10:00:00,33,15,18,FMN GV 22 Boechout
7,Victor Heylenlei 41,2023-02-10,11:00:00,32,14,18,FMN GV 22 Boechout
7,Victor Heylenlei 41,2023-02-10,12:00:00,46,25,21,FMN GV 22 Boechout
7,Victor Heylenlei 41,2023-02-10,13:00:00,59,24,35,FMN GV 22 Boechout
7,Victor Heylenlei 41,2023-02-10,14:00:00,62,26,36,FMN GV 22 Boechout
7,Victor Heylenlei 41,2023-02-10,15:00:00,67,29,38,FMN GV 22 Boechout
7,Victor Heylenlei 41,2023-02-10,16:00:00,181,117,64,FMN GV 22 Boechout
7,Victor Heylenlei 41,2023-02-10,17:00:00,90,25,65,FMN GV 22 Boechout
7,Victor Heylenlei 41,2023-02-10,18:00:00,64,25,39,FMN GV 22 Boechout
7,Victor Heylenlei 41,2023-02-10,19:00:00,33,14,19,FMN GV 22 Boechout
7,Victor Heylenlei 41,2023-02-10,20:00:00,23,11,12,FMN GV 22 Boechout
7,Victor Heylenlei 41,2023-02-10,21:00:00,13,10,3,FMN GV 22 Boechout
7,Victor Heylenlei 41,2023-02-10,22:00:00,20,7,13,FMN GV 22 Boechout
7,Victor Heylenlei 41,2023-02-10,23:00:00,12,6,6,FMN GV 22 Boechout
7,Victor Heylenlei 41,2023-02-11,00:00:00,12,6,6,FMN GV 22 Boechout
7,Victor Heylenlei 41,2023-02-11,01:00:00,11,5,6,FMN GV 22 Boechout
7,Victor Heylenlei 41,2023-02-11,02:00:00,8,0,8,FMN GV 22 Boechout
7,Victor Heylenlei 41,2023-02-11,03:00:00,6,3,3,FMN GV 22 Boechout
7,Victor Heylenlei 41,2023-02-11,04:00:00,5,2,3,FMN GV 22 Boechout
7,Victor Heylenlei 41,2023-02-11,05:00:00,9,4,5,FMN GV 22 Boechout
7,Victor Heylenlei 41,2023-02-11,06:00:00,5,2,3,FMN GV 22 Boechout
7,Victor Heylenlei 41,2023-02-11,07:00:00,5,4,1,FMN GV 22 Boechout
7,Victor Heylenlei 41,2023-02-11,08:00:00,22,11,11,FMN GV 22 Boechout
7,Victor Heylenlei 41,2023-02-11,09:00:00,34,19,15,FMN GV 22 Boechout
7,Victor Heylenlei 41,2023-02-11,10:00:00,57,21,36,FMN GV 22 Boechout
7,Victor Heylenlei 41,2023-02-11,11:00:00,60,36,24,FMN GV 22 Boechout
7,Victor Heylenlei 41,2023-02-11,12:00:00,61,29,32,FMN GV 22 Boechout
7,Victor Heylenlei 41,2023-02-11,13:00:00,57,29,28,FMN GV 22 Boechout
7,Victor Heylenlei 41,2023-02-11,14:00:00,55,35,20,FMN GV 22 Boechout
7,Victor Heylenlei 41,2023-02-11,15:00:00,51,22,29,FMN GV 22 Boechout
7,Victor Heylenlei 41,2023-02-11,16:00:00,59,33,26,FMN GV 22 Boechout
7,Victor Heylenlei 41,2023-02-11,17:00:00,50,28,22,FMN GV 22 Boechout
7,Victor Heylenlei 41,2023-02-11,18:00:00,28,17,11,FMN GV 22 Boechout
7,Victor Heylenlei 41,2023-02-11,19:00:00,21,10,11,FMN GV 22 Boechout
7,Victor Heylenlei 41,2023-02-11,20:00:00,23,12,11,FMN GV 22 Boechout
7,Victor Heylenlei 41,2023-02-11,21:00:00,8,4,4,FMN GV 22 Boechout
7,Victor Heylenlei 41,2023-02-11,22:00:00,23,2,21,FMN GV 22 Boechout
7,Victor Heylenlei 41,2023-02-11,23:00:00,7,4,3,FMN GV 22 Boechout
7,Victor Heylenlei 41,2023-02-12,00:00:00,15,5,10,FMN GV 22 Boechout
7,Victor Heylenlei 41,2023-02-12,01:00:00,10,3,7,FMN GV 22 Boechout
7,Victor Heylenlei 41,2023-02-12,02:00:00,14,2,12,FMN GV 22 Boechout
7,Victor Heylenlei 41,2023-02-12,03:00:00,3,2,1,FMN GV 22 Boechout
7,Victor Heylenlei 41,2023-02-12,04:00:00,1,0,1,FMN GV 22 Boechout
7,Victor Heylenlei 41,2023-02-12,05:00:00,5,2,3,FMN GV 22 Boechout
7,Victor Heylenlei 41,2023-02-12,06:00:00,6,4,2,FMN GV 22 Boechout
7,Victor Heylenlei 41,2023-02-12,07:00:00,5,3,2,FMN GV 22 Boechout
7,Victor Heylenlei 41,2023-02-12,08:00:00,15,5,10,FMN GV 22 Boechout
7,Victor Heylenlei 41,2023-02-12,09:00:00,111,45,66,FMN GV 22 Boechout
7,Victor Heylenlei 41,2023-02-12,10:00:00,84,40,44,FMN GV 22 Boechout
7,Victor Heylenlei 41,2023-02-12,11:00:00,140,87,53,FMN GV 22 Boechout
7,Victor Heylenlei 41,2023-02-12,12:00:00,94,51,43,FMN GV 22 Boechout
7,Victor Heylenlei 41,2023-02-12,13:00:00,91,58,33,FMN GV 22 Boechout
7,Victor Heylenlei 41,2023-02-12,14:00:00,90,40,50,FMN GV 22 Boechout
7,Victor Heylenlei 41,2023-02-12,15:00:00,90,45,45,FMN GV 22 Boechout
7,Victor Heylenlei 41,2023-02-12,16:00:00,92,60,32,FMN GV 22 Boechout
7,Victor Heylenlei 41,2023-02-12,17:00:00,50,31,19,FMN GV 22 Boechout
7,Victor Heylenlei 41,2023-02-12,18:00:00,22,11,11,FMN GV 22 Boechout
7,Victor Heylenlei 41,2023-02-12,19:00:00,16,9,7,FMN GV 22 Boechout
7,Victor Heylenlei 41,2023-02-12,20:00:00,11,8,3,FMN GV 22 Boechout
7,Victor Heylenlei 41,2023-02-12,21:00:00,11,7,4,FMN GV 22 Boechout
7,Victor Heylenlei 41,2023-02-12,22:00:00,9,3,6,FMN GV 22 Boechout
7,Victor Heylenlei 41,2023-02-12,23:00:00,2,2,0,FMN GV 22 Boechout
7,Victor Heylenlei 41,2023-02-13,00:00:00,1,0,1,FMN GV 22 Boechout
7,Victor Heylenlei 41,2023-02-13,01:00:00,0,0,0,FMN GV 22 Boechout
7,Victor Heylenlei 41,2023-02-13,02:00:00,0,0,0,FMN GV 22 Boechout
7,Victor Heylenlei 41,2023-02-13,03:00:00,0,0,0,FMN GV 22 Boechout
7,Victor Heylenlei 41,2023-02-13,04:00:00,4,3,1,FMN GV 22 Boechout
7,Victor Heylenlei 41,2023-02-13,05:00:00,15,10,5,FMN GV 22 Boechout
7,Victor Heylenlei 41,2023-02-13,06:00:00,31,23,8,FMN GV 22 Boechout
7,Victor Heylenlei 41,2023-02-13,07:00:00,155,125,30,FMN GV 22 Boechout
7,Victor Heylenlei 41,2023-02-13,08:00:00,268,140,128,FMN GV 22 Boechout
7,Victor Heylenlei 41,2023-02-13,09:00:00,43,30,13,FMN GV 22 Boechout
7,Victor Heylenlei 41,2023-02-13,10:00:00,36,11,25,FMN GV 22 Boechout
7,Victor Heylenlei 41,2023-02-13,11:00:00,50,25,25,FMN GV 22 Boechout
7,Victor Heylenlei 41,2023-02-13,12:00:00,70,37,33,FMN GV 22 Boechout
7,Victor Heylenlei 41,2023-02-13,13:00:00,88,37,51,FMN GV 22 Boechout
7,Victor Heylenlei 41,2023-02-13,14:00:00,133,67,66,FMN GV 22 Boechout
7,Victor Heylenlei 41,2023-02-13,15:00:00,119,49,70,FMN GV 22 Boechout
7,Victor Heylenlei 41,2023-02-13,16:00:00,237,143,94,FMN GV 22 Boechout
7,Victor Heylenlei 41,2023-02-13,17:00:00,166,60,106,FMN GV 22 Boechout
7,Victor Heylenlei 41,2023-02-13,18:00:00,82,21,61,FMN GV 22 Boechout
7,Victor Heylenlei 41,2023-02-13,19:00:00,37,10,27,FMN GV 22 Boechout
7,Victor Heylenlei 41,2023-02-13,20:00:00,24,13,11,FMN GV 22 Boechout
7,Victor Heylenlei 41,2023-02-13,21:00:00,13,3,10,FMN GV 22 Boechout
7,Victor Heylenlei 41,2023-02-13,22:00:00,25,10,15,FMN GV 22 Boechout
7,Victor Heylenlei 41,2023-02-13,23:00:00,3,0,3,FMN GV 22 Boechout
7,Victor Heylenlei 41,2023-02-14,00:00:00,1,0,1,FMN GV 22 Boechout
7,Victor Heylenlei 41,2023-02-14,01:00:00,0,0,0,FMN GV 22 Boechout
7,Victor Heylenlei 41,2023-02-14,02:00:00,0,0,0,FMN GV 22 Boechout
7,Victor Heylenlei 41,2023-02-14,03:00:00,0,0,0,FMN GV 22 Boechout
7,Victor Heylenlei 41,2023-02-14,04:00:00,7,5,2,FMN GV 22 Boechout
7,Victor Heylenlei 41,2023-02-14,05:00:00,15,9,6,FMN GV 22 Boechout
7,Victor Heylenlei 41,2023-02-14,06:00:00,44,37,7,FMN GV 22 Boechout
7,Victor Heylenlei 41,2023-02-14,07:00:00,159,125,34,FMN GV 22 Boechout
7,Victor Heylenlei 41,2023-02-14,08:00:00,276,137,139,FMN GV 22 Boechout
7,Victor Heylenlei 41,2023-02-14,09:00:00,72,38,34,FMN GV 22 Boechout
7,Victor Heylenlei 41,2023-02-14,10:00:00,63,32,31,FMN GV 22 Boechout
7,Victor Heylenlei 41,2023-02-14,11:00:00,45,13,32,FMN GV 22 Boechout
7,Victor Heylenlei 41,2023-02-14,12:00:00,88,48,40,FMN GV 22 Boechout
7,Victor Heylenlei 41,2023-02-14,13:00:00,120,54,66,FMN GV 22 Boechout
7,Victor Heylenlei 41,2023-02-14,14:00:00,123,60,63,FMN GV 22 Boechout
7,Victor Heylenlei 41,2023-02-14,15:00:00,140,74,66,FMN GV 22 Boechout
7,Victor Heylenlei 41,2023-02-14,16:00:00,255,139,116,FMN GV 22 Boechout
7,Victor Heylenlei 41,2023-02-14,17:00:00,197,66,131,FMN GV 22 Boechout
7,Victor Heylenlei 41,2023-02-14,18:00:00,97,36,61,FMN GV 22 Boechout
7,Victor Heylenlei 41,2023-02-14,19:00:00,36,12,24,FMN GV 22 Boechout
7,Victor Heylenlei 41,2023-02-14,20:00:00,41,15,26,FMN GV 22 Boechout
7,Victor Heylenlei 41,2023-02-14,21:00:00,17,7,10,FMN GV 22 Boechout
7,Victor Heylenlei 41,2023-02-14,22:00:00,26,7,19,FMN GV 22 Boechout
7,Victor Heylenlei 41,2023-02-14,23:00:00,7,3,4,FMN GV 22 Boechout
7,Victor Heylenlei 41,2023-02-15,00:00:00,5,1,4,FMN GV 22 Boechout
7,Victor Heylenlei 41,2023-02-15,01:00:00,3,2,1,FMN GV 22 Boechout
7,Victor Heylenlei 41,2023-02-15,02:00:00,1,1,0,FMN GV 22 Boechout
7,Victor Heylenlei 41,2023-02-15,03:00:00,0,0,0,FMN GV 22 Boechout
7,Victor Heylenlei 41,2023-02-15,04:00:00,4,3,1,FMN GV 22 Boechout
7,Victor Heylenlei 41,2023-02-15,05:00:00,18,9,9,FMN GV 22 Boechout
7,Victor Heylenlei 41,2023-02-15,06:00:00,41,32,9,FMN GV 22 Boechout
7,Victor Heylenlei 41,2023-02-15,07:00:00,147,109,38,FMN GV 22 Boechout
7,Victor Heylenlei 41,2023-02-15,08:00:00,265,123,142,FMN GV 22 Boechout
7,Victor Heylenlei 41,2023-02-15,09:00:00,49,33,16,FMN GV 22 Boechout
7,Victor Heylenlei 41,2023-02-15,10:00:00,48,21,27,FMN GV 22 Boechout
7,Victor Heylenlei 41,2023-02-15,11:00:00,59,27,32,FMN GV 22 Boechout
7,Victor Heylenlei 41,2023-02-15,12:00:00,199,138,61,FMN GV 22 Boechout
7,Victor Heylenlei 41,2023-02-15,13:00:00,117,59,58,FMN GV 22 Boechout
7,Victor Heylenlei 41,2023-02-15,14:00:00,141,79,62,FMN GV 22 Boechout
7,Victor Heylenlei 41,2023-02-15,15:00:00,116,48,68,FMN GV 22 Boechout
7,Victor Heylenlei 41,2023-02-15,16:00:00,179,66,113,FMN GV 22 Boechout
7,Victor Heylenlei 41,2023-02-15,17:00:00,148,55,93,FMN GV 22 Boechout
7,Victor Heylenlei 41,2023-02-15,18:00:00,84,26,58,FMN GV 22 Boechout
7,Victor Heylenlei 41,2023-02-15,19:00:00,33,11,22,FMN GV 22 Boechout
7,Victor Heylenlei 41,2023-02-15,20:00:00,16,11,5,FMN GV 22 Boechout
7,Victor Heylenlei 41,2023-02-15,21:00:00,22,8,14,FMN GV 22 Boechout
7,Victor Heylenlei 41,2023-02-15,22:00:00,25,13,12,FMN GV 22 Boechout
7,Victor Heylenlei 41,2023-02-15,23:00:00,8,4,4,FMN GV 22 Boechout
7,Victor Heylenlei 41,2023-02-16,00:00:00,4,2,2,FMN GV 22 Boechout
7,Victor Heylenlei 41,2023-02-16,01:00:00,2,1,1,FMN GV 22 Boechout
7,Victor Heylenlei 41,2023-02-16,02:00:00,0,0,0,FMN GV 22 Boechout
7,Victor Heylenlei 41,2023-02-16,03:00:00,1,0,1,FMN GV 22 Boechout
7,Victor Heylenlei 41,2023-02-16,04:00:00,4,3,1,FMN GV 22 Boechout
7,Victor Heylenlei 41,2023-02-16,05:00:00,12,6,6,FMN GV 22 Boechout
7,Victor Heylenlei 41,2023-02-16,06:00:00,32,29,3,FMN GV 22 Boechout
7,Victor Heylenlei 41,2023-02-16,07:00:00,125,107,18,FMN GV 22 Boechout
7,Victor Heylenlei 41,2023-02-16,08:00:00,240,109,131,FMN GV 22 Boechout
7,Victor Heylenlei 41,2023-02-16,09:00:00,47,40,7,FMN GV 22 Boechout
7,Victor Heylenlei 41,2023-02-16,10:00:00,34,17,17,FMN GV 22 Boechout
7,Victor Heylenlei 41,2023-02-16,11:00:00,12,5,7,FMN GV 22 Boechout
7,Victor Heylenlei 41,2023-02-16,12:00:00,42,21,21,FMN GV 22 Boechout
7,Victor Heylenlei 41,2023-02-16,13:00:00,59,32,27,FMN GV 22 Boechout
7,Victor Heylenlei 41,2023-02-16,14:00:00,62,23,39,FMN GV 22 Boechout
7,Victor Heylenlei 41,2023-02-16,15:00:00,75,31,44,FMN GV 22 Boechout
7,Victor Heylenlei 41,2023-02-16,16:00:00,224,139,85,FMN GV 22 Boechout
7,Victor Heylenlei 41,2023-02-16,17:00:00,130,36,94,FMN GV 22 Boechout
7,Victor Heylenlei 41,2023-02-16,18:00:00,66,24,42,FMN GV 22 Boechout
7,Victor Heylenlei 41,2023-02-16,19:00:00,30,12,18,FMN GV 22 Boechout
7,Victor Heylenlei 41,2023-02-16,20:00:00,13,6,7,FMN GV 22 Boechout
7,Victor Heylenlei 41,2023-02-16,21:00:00,14,5,9,FMN GV 22 Boechout
7,Victor Heylenlei 41,2023-02-16,22:00:00,28,16,12,FMN GV 22 Boechout
7,Victor Heylenlei 41,2023-02-16,23:00:00,9,3,6,FMN GV 22 Boechout
7,Victor Heylenlei 41,2023-02-17,00:00:00,4,3,1,FMN GV 22 Boechout
7,Victor Heylenlei 41,2023-02-17,01:00:00,1,1,0,FMN GV 22 Boechout
7,Victor Heylenlei 41,2023-02-17,02:00:00,0,0,0,FMN GV 22 Boechout
7,Victor Heylenlei 41,2023-02-17,03:00:00,2,0,2,FMN GV 22 Boechout
7,Victor Heylenlei 41,2023-02-17,04:00:00,5,4,1,FMN GV 22 Boechout
7,Victor Heylenlei 41,2023-02-17,05:00:00,16,10,6,FMN GV 22 Boechout
7,Victor Heylenlei 41,2023-02-17,06:00:00,19,17,2,FMN GV 22 Boechout
7,Victor Heylenlei 41,2023-02-17,07:00:00,103,77,26,FMN GV 22 Boechout
7,Victor Heylenlei 41,2023-02-17,08:00:00,187,75,112,FMN GV 22 Boechout
7,Victor Heylenlei 41,2023-02-17,09:00:00,43,28,15,FMN GV 22 Boechout
7,Victor Heylenlei 41,2023-02-17,10:00:00,39,18,21,FMN GV 22 Boechout
7,Victor Heylenlei 41,2023-02-17,11:00:00,35,17,18,FMN GV 22 Boechout
7,Victor Heylenlei 41,2023-02-17,12:00:00,40,24,16,FMN GV 22 Boechout
7,Victor Heylenlei 41,2023-02-17,13:00:00,51,25,26,FMN GV 22 Boechout
7,Victor Heylenlei 41,2023-02-17,14:00:00,54,29,25,FMN GV 22 Boechout
7,Victor Heylenlei 41,2023-02-17,15:00:00,85,36,49,FMN GV 22 Boechout
7,Victor Heylenlei 41,2023-02-17,16:00:00,193,132,61,FMN GV 22 Boechout
7,Victor Heylenlei 41,2023-02-17,17:00:00,94,34,60,FMN GV 22 Boechout
7,Victor Heylenlei 41,2023-02-17,18:00:00,47,21,26,FMN GV 22 Boechout
7,Victor Heylenlei 41,2023-02-17,19:00:00,28,12,16,FMN GV 22 Boechout
7,Victor Heylenlei 41,2023-02-17,20:00:00,13,7,6,FMN GV 22 Boechout
7,Victor Heylenlei 41,2023-02-17,21:00:00,11,2,9,FMN GV 22 Boechout
7,Victor Heylenlei 41,2023-02-17,22:00:00,16,3,13,FMN GV 22 Boechout
7,Victor Heylenlei 41,2023-02-17,23:00:00,22,11,11,FMN GV 22 Boechout
7,Victor Heylenlei 41,2023-02-18,00:00:00,27,18,9,FMN GV 22 Boechout
7,Victor Heylenlei 41,2023-02-18,01:00:00,4,2,2,FMN GV 22 Boechout
7,Victor Heylenlei 41,2023-02-18,02:00:00,7,1,6,FMN GV 22 Boechout
7,Victor Heylenlei 41,2023-02-18,03:00:00,13,0,13,FMN GV 22 Boechout
7,Victor Heylenlei 41,2023-02-18,04:00:00,5,1,4,FMN GV 22 Boechout
7,Victor Heylenlei 41,2023-02-18,05:00:00,5,1,4,FMN GV 22 Boechout
7,Victor Heylenlei 41,2023-02-18,06:00:00,5,2,3,FMN GV 22 Boechout
7,Victor Heylenlei 41,2023-02-18,07:00:00,6,6,0,FMN GV 22 Boechout
7,Victor Heylenlei 41,2023-02-18,08:00:00,21,11,10,FMN GV 22 Boechout
7,Victor Heylenlei 41,2023-02-18,09:00:00,20,8,12,FMN GV 22 Boechout
7,Victor Heylenlei 41,2023-02-18,10:00:00,32,13,19,FMN GV 22 Boechout
7,Victor Heylenlei 41,2023-02-18,11:00:00,49,27,22,FMN GV 22 Boechout
7,Victor Heylenlei 41,2023-02-18,12:00:00,57,33,24,FMN GV 22 Boechout
7,Victor Heylenlei 41,2023-02-18,13:00:00,43,27,16,FMN GV 22 Boechout
7,Victor Heylenlei 41,2023-02-18,14:00:00,45,18,27,FMN GV 22 Boechout
7,Victor Heylenlei 41,2023-02-18,15:00:00,60,29,31,FMN GV 22 Boechout
7,Victor Heylenlei 41,2023-02-18,16:00:00,29,16,13,FMN GV 22 Boechout
7,Victor Heylenlei 41,2023-02-18,17:00:00,26,11,15,FMN GV 22 Boechout
7,Victor Heylenlei 41,2023-02-18,18:00:00,16,6,10,FMN GV 22 Boechout
7,Victor Heylenlei 41,2023-02-18,19:00:00,22,16,6,FMN GV 22 Boechout
7,Victor Heylenlei 41,2023-02-18,20:00:00,9,7,2,FMN GV 22 Boechout
7,Victor Heylenlei 41,2023-02-18,21:00:00,7,7,0,FMN GV 22 Boechout
7,Victor Heylenlei 41,2023-02-18,22:00:00,13,8,5,FMN GV 22 Boechout
7,Victor Heylenlei 41,2023-02-18,23:00:00,12,7,5,FMN GV 22 Boechout
7,Victor Heylenlei 41,2023-02-19,00:00:00,6,2,4,FMN GV 22 Boechout
7,Victor Heylenlei 41,2023-02-19,01:00:00,10,8,2,FMN GV 22 Boechout
7,Victor Heylenlei 41,2023-02-19,02:00:00,6,2,4,FMN GV 22 Boechout
7,Victor Heylenlei 41,2023-02-19,03:00:00,5,1,4,FMN GV 22 Boechout
7,Victor Heylenlei 41,2023-02-19,04:00:00,1,1,0,FMN GV 22 Boechout
7,Victor Heylenlei 41,2023-02-19,05:00:00,1,1,0,FMN GV 22 Boechout
7,Victor Heylenlei 41,2023-02-19,06:00:00,2,0,2,FMN GV 22 Boechout
7,Victor Heylenlei 41,2023-02-19,07:00:00,30,15,15,FMN GV 22 Boechout
7,Victor Heylenlei 41,2023-02-19,08:00:00,23,10,13,FMN GV 22 Boechout
7,Victor Heylenlei 41,2023-02-19,09:00:00,272,139,133,FMN GV 22 Boechout
7,Victor Heylenlei 41,2023-02-19,10:00:00,393,197,196,FMN GV 22 Boechout
7,Victor Heylenlei 41,2023-02-19,11:00:00,90,58,32,FMN GV 22 Boechout
7,Victor Heylenlei 41,2023-02-19,12:00:00,92,61,31,FMN GV 22 Boechout
7,Victor Heylenlei 41,2023-02-19,13:00:00,83,37,46,FMN GV 22 Boechout
7,Victor Heylenlei 41,2023-02-19,14:00:00,85,39,46,FMN GV 22 Boechout
7,Victor Heylenlei 41,2023-02-19,15:00:00,61,37,24,FMN GV 22 Boechout
7,Victor Heylenlei 41,2023-02-19,16:00:00,76,44,32,FMN GV 22 Boechout
7,Victor Heylenlei 41,2023-02-19,17:00:00,43,23,20,FMN GV 22 Boechout
7,Victor Heylenlei 41,2023-02-19,18:00:00,22,11,11,FMN GV 22 Boechout
7,Victor Heylenlei 41,2023-02-19,19:00:00,16,9,7,FMN GV 22 Boechout
7,Victor Heylenlei 41,2023-02-19,20:00:00,21,8,13,FMN GV 22 Boechout
7,Victor Heylenlei 41,2023-02-19,21:00:00,11,5,6,FMN GV 22 Boechout
7,Victor Heylenlei 41,2023-02-19,22:00:00,4,1,3,FMN GV 22 Boechout
7,Victor Heylenlei 41,2023-02-19,23:00:00,3,3,0,FMN GV 22 Boechout
7,Victor Heylenlei 41,2023-02-20,00:00:00,3,2,1,FMN GV 22 Boechout
7,Victor Heylenlei 41,2023-02-20,01:00:00,2,1,1,FMN GV 22 Boechout
7,Victor Heylenlei 41,2023-02-20,02:00:00,0,0,0,FMN GV 22 Boechout
7,Victor Heylenlei 41,2023-02-20,03:00:00,0,0,0,FMN GV 22 Boechout
7,Victor Heylenlei 41,2023-02-20,04:00:00,3,2,1,FMN GV 22 Boechout
7,Victor Heylenlei 41,2023-02-20,05:00:00,17,10,7,FMN GV 22 Boechout
7,Victor Heylenlei 41,2023-02-20,06:00:00,28,20,8,FMN GV 22 Boechout
7,Victor Heylenlei 41,2023-02-20,07:00:00,85,66,19,FMN GV 22 Boechout
7,Victor Heylenlei 41,2023-02-20,08:00:00,102,72,30,FMN GV 22 Boechout
7,Victor Heylenlei 41,2023-02-20,09:00:00,45,31,14,FMN GV 22 Boechout
7,Victor Heylenlei 41,2023-02-20,10:00:00,44,24,20,FMN GV 22 Boechout
7,Victor Heylenlei 41,2023-02-20,11:00:00,37,21,16,FMN GV 22 Boechout
7,Victor Heylenlei 41,2023-02-20,12:00:00,42,24,18,FMN GV 22 Boechout
7,Victor Heylenlei 41,2023-02-20,13:00:00,43,19,24,FMN GV 22 Boechout
7,Victor Heylenlei 41,2023-02-20,14:00:00,54,32,22,FMN GV 22 Boechout
7,Victor Heylenlei 41,2023-02-20,15:00:00,48,18,30,FMN GV 22 Boechout
7,Victor Heylenlei 41,2023-02-20,16:00:00,96,42,54,FMN GV 22 Boechout
7,Victor Heylenlei 41,2023-02-20,17:00:00,115,31,84,FMN GV 22 Boechout
7,Victor Heylenlei 41,2023-02-20,18:00:00,52,13,39,FMN GV 22 Boechout
7,Victor Heylenlei 41,2023-02-20,19:00:00,25,7,18,FMN GV 22 Boechout
7,Victor Heylenlei 41,2023-02-20,20:00:00,20,10,10,FMN GV 22 Boechout
7,Victor Heylenlei 41,2023-02-20,21:00:00,19,8,11,FMN GV 22 Boechout
7,Victor Heylenlei 41,2023-02-20,22:00:00,17,9,8,FMN GV 22 Boechout
7,Victor Heylenlei 41,2023-02-20,23:00:00,6,4,2,FMN GV 22 Boechout
7,Victor Heylenlei 41,2023-02-21,00:00:00,4,2,2,FMN GV 22 Boechout
7,Victor Heylenlei 41,2023-02-21,01:00:00,6,4,2,FMN GV 22 Boechout
7,Victor Heylenlei 41,2023-02-21,02:00:00,1,1,0,FMN GV 22 Boechout
7,Victor Heylenlei 41,2023-02-21,03:00:00,1,1,0,FMN GV 22 Boechout
7,Victor Heylenlei 41,2023-02-21,04:00:00,6,5,1,FMN GV 22 Boechout
7,Victor Heylenlei 41,2023-02-21,05:00:00,20,13,7,FMN GV 22 Boechout
7,Victor Heylenlei 41,2023-02-21,06:00:00,34,24,10,FMN GV 22 Boechout
7,Victor Heylenlei 41,2023-02-21,07:00:00,87,63,24,FMN GV 22 Boechout
7,Victor Heylenlei 41,2023-02-21,08:00:00,107,87,20,FMN GV 22 Boechout
7,Victor Heylenlei 41,2023-02-21,09:00:00,63,32,31,FMN GV 22 Boechout
7,Victor Heylenlei 41,2023-02-21,10:00:00,30,11,19,FMN GV 22 Boechout
7,Victor Heylenlei 41,2023-02-21,11:00:00,41,27,14,FMN GV 22 Boechout
7,Victor Heylenlei 41,2023-02-21,12:00:00,41,28,13,FMN GV 22 Boechout
7,Victor Heylenlei 41,2023-02-21,13:00:00,40,15,25,FMN GV 22 Boechout
7,Victor Heylenlei 41,2023-02-21,14:00:00,76,27,49,FMN GV 22 Boechout
7,Victor Heylenlei 41,2023-02-21,15:00:00,52,25,27,FMN GV 22 Boechout
7,Victor Heylenlei 41,2023-02-21,16:00:00,107,40,67,FMN GV 22 Boechout
7,Victor Heylenlei 41,2023-02-21,17:00:00,125,40,85,FMN GV 22 Boechout
7,Victor Heylenlei 41,2023-02-21,18:00:00,79,29,50,FMN GV 22 Boechout
7,Victor Heylenlei 41,2023-02-21,19:00:00,41,17,24,FMN GV 22 Boechout
7,Victor Heylenlei 41,2023-02-21,20:00:00,23,10,13,FMN GV 22 Boechout
7,Victor Heylenlei 41,2023-02-21,21:00:00,19,9,10,FMN GV 22 Boechout
7,Victor Heylenlei 41,2023-02-21,22:00:00,14,5,9,FMN GV 22 Boechout
7,Victor Heylenlei 41,2023-02-21,23:00:00,6,2,4,FMN GV 22 Boechout
7,Victor Heylenlei 41,2023-02-22,00:00:00,5,1,4,FMN GV 22 Boechout
7,Victor Heylenlei 41,2023-02-22,01:00:00,6,4,2,FMN GV 22 Boechout
7,Victor Heylenlei 41,2023-02-22,02:00:00,0,0,0,FMN GV 22 Boechout
7,Victor Heylenlei 41,2023-02-22,03:00:00,0,0,0,FMN GV 22 Boechout
7,Victor Heylenlei 41,2023-02-22,04:00:00,2,2,0,FMN GV 22 Boechout
7,Victor Heylenlei 41,2023-02-22,05:00:00,14,7,7,FMN GV 22 Boechout
7,Victor Heylenlei 41,2023-02-22,06:00:00,31,23,8,FMN GV 22 Boechout
7,Victor Heylenlei 41,2023-02-22,07:00:00,78,57,21,FMN GV 22 Boechout
7,Victor Heylenlei 41,2023-02-22,08:00:00,90,60,30,FMN GV 22 Boechout
7,Victor Heylenlei 41,2023-02-22,09:00:00,44,30,14,FMN GV 22 Boechout
7,Victor Heylenlei 41,2023-02-22,10:00:00,27,21,6,FMN GV 22 Boechout
7,Victor Heylenlei 41,2023-02-22,11:00:00,37,27,10,FMN GV 22 Boechout
7,Victor Heylenlei 41,2023-02-22,12:00:00,49,22,27,FMN GV 22 Boechout
7,Victor Heylenlei 41,2023-02-22,13:00:00,64,23,41,FMN GV 22 Boechout
7,Victor Heylenlei 41,2023-02-22,14:00:00,48,25,23,FMN GV 22 Boechout
7,Victor Heylenlei 41,2023-02-22,15:00:00,44,18,26,FMN GV 22 Boechout
7,Victor Heylenlei 41,2023-02-22,16:00:00,86,26,60,FMN GV 22 Boechout
7,Victor Heylenlei 41,2023-02-22,17:00:00,95,28,67,FMN GV 22 Boechout
7,Victor Heylenlei 41,2023-02-22,18:00:00,48,11,37,FMN GV 22 Boechout
7,Victor Heylenlei 41,2023-02-22,19:00:00,36,12,24,FMN GV 22 Boechout
7,Victor Heylenlei 41,2023-02-22,20:00:00,18,11,7,FMN GV 22 Boechout
7,Victor Heylenlei 41,2023-02-22,21:00:00,16,8,8,FMN GV 22 Boechout
7,Victor Heylenlei 41,2023-02-22,22:00:00,13,6,7,FMN GV 22 Boechout
7,Victor Heylenlei 41,2023-02-22,23:00:00,6,1,5,FMN GV 22 Boechout
7,Victor Heylenlei 41,2023-02-23,00:00:00,1,1,0,FMN GV 22 Boechout
7,Victor Heylenlei 41,2023-02-23,01:00:00,3,0,3,FMN GV 22 Boechout
7,Victor Heylenlei 41,2023-02-23,02:00:00,1,1,0,FMN GV 22 Boechout
7,Victor Heylenlei 41,2023-02-23,03:00:00,1,1,0,FMN GV 22 Boechout
7,Victor Heylenlei 41,2023-02-23,04:00:00,3,3,0,FMN GV 22 Boechout
7,Victor Heylenlei 41,2023-02-23,05:00:00,13,5,8,FMN GV 22 Boechout
7,Victor Heylenlei 41,2023-02-23,06:00:00,29,22,7,FMN GV 22 Boechout
7,Victor Heylenlei 41,2023-02-23,07:00:00,80,64,16,FMN GV 22 Boechout
7,Victor Heylenlei 41,2023-02-23,08:00:00,87,67,20,FMN GV 22 Boechout
7,Victor Heylenlei 41,2023-02-23,09:00:00,50,29,21,FMN GV 22 Boechout
7,Victor Heylenlei 41,2023-02-23,10:00:00,39,17,22,FMN GV 22 Boechout
7,Victor Heylenlei 41,2023-02-23,11:00:00,35,14,21,FMN GV 22 Boechout
7,Victor Heylenlei 41,2023-02-23,12:00:00,45,27,18,FMN GV 22 Boechout
7,Victor Heylenlei 41,2023-02-23,13:00:00,49,29,20,FMN GV 22 Boechout
7,Victor Heylenlei 41,2023-02-23,14:00:00,52,23,29,FMN GV 22 Boechout
7,Victor Heylenlei 41,2023-02-23,15:00:00,48,26,22,FMN GV 22 Boechout
7,Victor Heylenlei 41,2023-02-23,16:00:00,107,36,71,FMN GV 22 Boechout
7,Victor Heylenlei 41,2023-02-23,17:00:00,109,31,78,FMN GV 22 Boechout
7,Victor Heylenlei 41,2023-02-23,18:00:00,66,26,40,FMN GV 22 Boechout
7,Victor Heylenlei 41,2023-02-23,19:00:00,44,20,24,FMN GV 22 Boechout
7,Victor Heylenlei 41,2023-02-23,20:00:00,34,22,12,FMN GV 22 Boechout
7,Victor Heylenlei 41,2023-02-23,21:00:00,13,8,5,FMN GV 22 Boechout
7,Victor Heylenlei 41,2023-02-23,22:00:00,11,8,3,FMN GV 22 Boechout
7,Victor Heylenlei 41,2023-02-23,23:00:00,17,6,11,FMN GV 22 Boechout
7,Victor Heylenlei 41,2023-02-24,00:00:00,11,2,9,FMN GV 22 Boechout
7,Victor Heylenlei 41,2023-02-24,01:00:00,2,1,1,FMN GV 22 Boechout
7,Victor Heylenlei 41,2023-02-24,02:00:00,1,1,0,FMN GV 22 Boechout
7,Victor Heylenlei 41,2023-02-24,03:00:00,2,2,0,FMN GV 22 Boechout
7,Victor Heylenlei 41,2023-02-24,04:00:00,7,4,3,FMN GV 22 Boechout
7,Victor Heylenlei 41,2023-02-24,05:00:00,12,5,7,FMN GV 22 Boechout
7,Victor Heylenlei 41,2023-02-24,06:00:00,20,18,2,FMN GV 22 Boechout
7,Victor Heylenlei 41,2023-02-24,07:00:00,55,41,14,FMN GV 22 Boechout
7,Victor Heylenlei 41,2023-02-24,08:00:00,70,50,20,FMN GV 22 Boechout
7,Victor Heylenlei 41,2023-02-24,09:00:00,31,16,15,FMN GV 22 Boechout
7,Victor Heylenlei 41,2023-02-24,10:00:00,39,16,23,FMN GV 22 Boechout
7,Victor Heylenlei 41,2023-02-24,11:00:00,39,21,18,FMN GV 22 Boechout
7,Victor Heylenlei 41,2023-02-24,12:00:00,49,27,22,FMN GV 22 Boechout
7,Victor Heylenlei 41,2023-02-24,13:00:00,45,24,21,FMN GV 22 Boechout
7,Victor Heylenlei 41,2023-02-24,14:00:00,272,140,132,FMN GV 22 Boechout
7,Victor Heylenlei 41,2023-02-24,15:00:00,31,11,20,FMN GV 22 Boechout
7,Victor Heylenlei 41,2023-02-24,16:00:00,54,20,34,FMN GV 22 Boechout
7,Victor Heylenlei 41,2023-02-24,17:00:00,58,19,39,FMN GV 22 Boechout
7,Victor Heylenlei 41,2023-02-24,18:00:00,46,27,19,FMN GV 22 Boechout
7,Victor Heylenlei 41,2023-02-24,19:00:00,28,17,11,FMN GV 22 Boechout
7,Victor Heylenlei 41,2023-02-24,20:00:00,30,17,13,FMN GV 22 Boechout
7,Victor Heylenlei 41,2023-02-24,21:00:00,8,2,6,FMN GV 22 Boechout
7,Victor Heylenlei 41,2023-02-24,22:00:00,18,6,12,FMN GV 22 Boechout
7,Victor Heylenlei 41,2023-02-24,23:00:00,11,4,7,FMN GV 22 Boechout
7,Victor Heylenlei 41,2023-02-25,00:00:00,12,6,6,FMN GV 22 Boechout
7,Victor Heylenlei 41,2023-02-25,01:00:00,8,3,5,FMN GV 22 Boechout
7,Victor Heylenlei 41,2023-02-25,02:00:00,6,4,2,FMN GV 22 Boechout
7,Victor Heylenlei 41,2023-02-25,03:00:00,2,0,2,FMN GV 22 Boechout
7,Victor Heylenlei 41,2023-02-25,04:00:00,0,0,0,FMN GV 22 Boechout
7,Victor Heylenlei 41,2023-02-25,05:00:00,3,0,3,FMN GV 22 Boechout
7,Victor Heylenlei 41,2023-02-25,06:00:00,3,1,2,FMN GV 22 Boechout
7,Victor Heylenlei 41,2023-02-25,07:00:00,5,2,3,FMN GV 22 Boechout
7,Victor Heylenlei 41,2023-02-25,08:00:00,17,9,8,FMN GV 22 Boechout
7,Victor Heylenlei 41,2023-02-25,09:00:00,44,26,18,FMN GV 22 Boechout
7,Victor Heylenlei 41,2023-02-25,10:00:00,76,30,46,FMN GV 22 Boechout
7,Victor Heylenlei 41,2023-02-25,11:00:00,74,30,44,FMN GV 22 Boechout
7,Victor Heylenlei 41,2023-02-25,12:00:00,64,40,24,FMN GV 22 Boechout
7,Victor Heylenlei 41,2023-02-25,13:00:00,66,41,25,FMN GV 22 Boechout
7,Victor Heylenlei 41,2023-02-25,14:00:00,46,20,26,FMN GV 22 Boechout
7,Victor Heylenlei 41,2023-02-25,15:00:00,70,40,30,FMN GV 22 Boechout
7,Victor Heylenlei 41,2023-02-25,16:00:00,49,18,31,FMN GV 22 Boechout
7,Victor Heylenlei 41,2023-02-25,17:00:00,33,17,16,FMN GV 22 Boechout
7,Victor Heylenlei 41,2023-02-25,18:00:00,36,17,19,FMN GV 22 Boechout
7,Victor Heylenlei 41,2023-02-25,19:00:00,26,10,16,FMN GV 22 Boechout
7,Victor Heylenlei 41,2023-02-25,20:00:00,17,10,7,FMN GV 22 Boechout
7,Victor Heylenlei 41,2023-02-25,21:00:00,15,10,5,FMN GV 22 Boechout
7,Victor Heylenlei 41,2023-02-25,22:00:00,15,9,6,FMN GV 22 Boechout
7,Victor Heylenlei 41,2023-02-25,23:00:00,13,5,8,FMN GV 22 Boechout
7,Victor Heylenlei 41,2023-02-26,00:00:00,13,8,5,FMN GV 22 Boechout
7,Victor Heylenlei 41,2023-02-26,01:00:00,12,6,6,FMN GV 22 Boechout
7,Victor Heylenlei 41,2023-02-26,02:00:00,7,2,5,FMN GV 22 Boechout
7,Victor Heylenlei 41,2023-02-26,03:00:00,3,1,2,FMN GV 22 Boechout
7,Victor Heylenlei 41,2023-02-26,04:00:00,6,4,2,FMN GV 22 Boechout
7,Victor Heylenlei 41,2023-02-26,05:00:00,0,0,0,FMN GV 22 Boechout
7,Victor Heylenlei 41,2023-02-26,06:00:00,3,2,1,FMN GV 22 Boechout
7,Victor Heylenlei 41,2023-02-26,07:00:00,5,3,2,FMN GV 22 Boechout
7,Victor Heylenlei 41,2023-02-26,08:00:00,10,5,5,FMN GV 22 Boechout
7,Victor Heylenlei 41,2023-02-26,09:00:00,57,19,38,FMN GV 22 Boechout
7,Victor Heylenlei 41,2023-02-26,10:00:00,82,34,48,FMN GV 22 Boechout
7,Victor Heylenlei 41,2023-02-26,11:00:00,110,59,51,FMN GV 22 Boechout
7,Victor Heylenlei 41,2023-02-26,12:00:00,109,75,34,FMN GV 22 Boechout
7,Victor Heylenlei 41,2023-02-26,13:00:00,133,54,79,FMN GV 22 Boechout
7,Victor Heylenlei 41,2023-02-26,14:00:00,105,60,45,FMN GV 22 Boechout
7,Victor Heylenlei 41,2023-02-26,15:00:00,86,42,44,FMN GV 22 Boechout
7,Victor Heylenlei 41,2023-02-26,16:00:00,46,30,16,FMN GV 22 Boechout
7,Victor Heylenlei 41,2023-02-26,17:00:00,42,28,14,FMN GV 22 Boechout
7,Victor Heylenlei 41,2023-02-26,18:00:00,23,9,14,FMN GV 22 Boechout
7,Victor Heylenlei 41,2023-02-26,19:00:00,24,12,12,FMN GV 22 Boechout
7,Victor Heylenlei 41,2023-02-26,20:00:00,19,5,14,FMN GV 22 Boechout
7,Victor Heylenlei 41,2023-02-26,21:00:00,6,3,3,FMN GV 22 Boechout
7,Victor Heylenlei 41,2023-02-26,22:00:00,11,3,8,FMN GV 22 Boechout
7,Victor Heylenlei 41,2023-02-26,23:00:00,6,4,2,FMN GV 22 Boechout
7,Victor Heylenlei 41,2023-02-27,00:00:00,2,2,0,FMN GV 22 Boechout
7,Victor Heylenlei 41,2023-02-27,01:00:00,0,0,0,FMN GV 22 Boechout
7,Victor Heylenlei 41,2023-02-27,02:00:00,2,2,0,FMN GV 22 Boechout
7,Victor Heylenlei 41,2023-02-27,03:00:00,0,0,0,FMN GV 22 Boechout
7,Victor Heylenlei 41,2023-02-27,04:00:00,4,3,1,FMN GV 22 Boechout
7,Victor Heylenlei 41,2023-02-27,05:00:00,10,4,6,FMN GV 22 Boechout
7,Victor Heylenlei 41,2023-02-27,06:00:00,32,25,7,FMN GV 22 Boechout
7,Victor Heylenlei 41,2023-02-27,07:00:00,166,137,29,FMN GV 22 Boechout
7,Victor Heylenlei 41,2023-02-27,08:00:00,284,136,148,FMN GV 22 Boechout
7,Victor Heylenlei 41,2023-02-27,09:00:00,65,41,24,FMN GV 22 Boechout
7,Victor Heylenlei 41,2023-02-27,10:00:00,30,19,11,FMN GV 22 Boechout
7,Victor Heylenlei 41,2023-02-27,11:00:00,42,24,18,FMN GV 22 Boechout
7,Victor Heylenlei 41,2023-02-27,12:00:00,56,32,24,FMN GV 22 Boechout
7,Victor Heylenlei 41,2023-02-27,13:00:00,62,34,28,FMN GV 22 Boechout
7,Victor Heylenlei 41,2023-02-27,14:00:00,66,33,33,FMN GV 22 Boechout
7,Victor Heylenlei 41,2023-02-27,15:00:00,100,43,57,FMN GV 22 Boechout
7,Victor Heylenlei 41,2023-02-27,16:00:00,243,142,101,FMN GV 22 Boechout
7,Victor Heylenlei 41,2023-02-27,17:00:00,163,45,118,FMN GV 22 Boechout
7,Victor Heylenlei 41,2023-02-27,18:00:00,92,21,71,FMN GV 22 Boechout
7,Victor Heylenlei 41,2023-02-27,19:00:00,23,6,17,FMN GV 22 Boechout
7,Victor Heylenlei 41,2023-02-27,20:00:00,18,7,11,FMN GV 22 Boechout
7,Victor Heylenlei 41,2023-02-27,21:00:00,15,5,10,FMN GV 22 Boechout
7,Victor Heylenlei 41,2023-02-27,22:00:00,14,8,6,FMN GV 22 Boechout
7,Victor Heylenlei 41,2023-02-27,23:00:00,4,1,3,FMN GV 22 Boechout
7,Victor Heylenlei 41,2023-02-28,00:00:00,2,1,1,FMN GV 22 Boechout
7,Victor Heylenlei 41,2023-02-28,01:00:00,0,0,0,FMN GV 22 Boechout
7,Victor Heylenlei 41,2023-02-28,02:00:00,1,1,0,FMN GV 22 Boechout
7,Victor Heylenlei 41,2023-02-28,03:00:00,1,0,1,FMN GV 22 Boechout
7,Victor Heylenlei 41,2023-02-28,04:00:00,3,2,1,FMN GV 22 Boechout
7,Victor Heylenlei 41,2023-02-28,05:00:00,16,10,6,FMN GV 22 Boechout
7,Victor Heylenlei 41,2023-02-28,06:00:00,36,26,10,FMN GV 22 Boechout
7,Victor Heylenlei 41,2023-02-28,07:00:00,148,118,30,FMN GV 22 Boechout
7,Victor Heylenlei 41,2023-02-28,08:00:00,274,129,145,FMN GV 22 Boechout
7,Victor Heylenlei 41,2023-02-28,09:00:00,56,35,21,FMN GV 22 Boechout
7,Victor Heylenlei 41,2023-02-28,10:00:00,36,23,13,FMN GV 22 Boechout
7,Victor Heylenlei 41,2023-02-28,11:00:00,45,24,21,FMN GV 22 Boechout
7,Victor Heylenlei 41,2023-02-28,12:00:00,60,29,31,FMN GV 22 Boechout
7,Victor Heylenlei 41,2023-02-28,13:00:00,69,34,35,FMN GV 22 Boechout
7,Victor Heylenlei 41,2023-02-28,14:00:00,72,27,45,FMN GV 22 Boechout
7,Victor Heylenlei 41,2023-02-28,15:00:00,90,40,50,FMN GV 22 Boechout
7,Victor Heylenlei 41,2023-02-28,16:00:00,236,122,114,FMN GV 22 Boechout
7,Victor Heylenlei 41,2023-02-28,17:00:00,156,52,104,FMN GV 22 Boechout
7,Victor Heylenlei 41,2023-02-28,18:00:00,101,31,70,FMN GV 22 Boechout
7,Victor Heylenlei 41,2023-02-28,19:00:00,33,11,22,FMN GV 22 Boechout
7,Victor Heylenlei 41,2023-02-28,20:00:00,16,4,12,FMN GV 22 Boechout
7,Victor Heylenlei 41,2023-02-28,21:00:00,26,11,15,FMN GV 22 Boechout
7,Victor Heylenlei 41,2023-02-28,22:00:00,12,6,6,FMN GV 22 Boechout
7,Victor Heylenlei 41,2023-02-28,23:00:00,6,2,4,FMN GV 22 Boechout
7,Victor Heylenlei 41,2023-03-01,00:00:00,3,0,3,FMN GV 22 Boechout
7,Victor Heylenlei 41,2023-03-01,01:00:00,0,0,0,FMN GV 22 Boechout
7,Victor Heylenlei 41,2023-03-01,02:00:00,1,1,0,FMN GV 22 Boechout
7,Victor Heylenlei 41,2023-03-01,03:00:00,1,0,1,FMN GV 22 Boechout
7,Victor Heylenlei 41,2023-03-01,04:00:00,5,4,1,FMN GV 22 Boechout
7,Victor Heylenlei 41,2023-03-01,05:00:00,12,6,6,FMN GV 22 Boechout
7,Victor Heylenlei 41,2023-03-01,06:00:00,34,24,10,FMN GV 22 Boechout
7,Victor Heylenlei 41,2023-03-01,07:00:00,153,117,36,FMN GV 22 Boechout
7,Victor Heylenlei 41,2023-03-01,08:00:00,244,99,145,FMN GV 22 Boechout
7,Victor Heylenlei 41,2023-03-01,09:00:00,47,32,15,FMN GV 22 Boechout
7,Victor Heylenlei 41,2023-03-01,10:00:00,48,25,23,FMN GV 22 Boechout
7,Victor Heylenlei 41,2023-03-01,11:00:00,56,23,33,FMN GV 22 Boechout
7,Victor Heylenlei 41,2023-03-01,12:00:00,210,148,62,FMN GV 22 Boechout
7,Victor Heylenlei 41,2023-03-01,13:00:00,108,49,59,FMN GV 22 Boechout
7,Victor Heylenlei 41,2023-03-01,14:00:00,108,54,54,FMN GV 22 Boechout
7,Victor Heylenlei 41,2023-03-01,15:00:00,85,44,41,FMN GV 22 Boechout
7,Victor Heylenlei 41,2023-03-01,16:00:00,107,40,67,FMN GV 22 Boechout
7,Victor Heylenlei 41,2023-03-01,17:00:00,132,40,92,FMN GV 22 Boechout
7,Victor Heylenlei 41,2023-03-01,18:00:00,77,26,51,FMN GV 22 Boechout
7,Victor Heylenlei 41,2023-03-01,19:00:00,42,19,23,FMN GV 22 Boechout
7,Victor Heylenlei 41,2023-03-01,20:00:00,35,22,13,FMN GV 22 Boechout
7,Victor Heylenlei 41,2023-03-01,21:00:00,16,8,8,FMN GV 22 Boechout
7,Victor Heylenlei 41,2023-03-01,22:00:00,24,15,9,FMN GV 22 Boechout
7,Victor Heylenlei 41,2023-03-01,23:00:00,3,1,2,FMN GV 22 Boechout
7,Victor Heylenlei 41,2023-03-02,00:00:00,0,0,0,FMN GV 22 Boechout
7,Victor Heylenlei 41,2023-03-02,01:00:00,1,1,0,FMN GV 22 Boechout
7,Victor Heylenlei 41,2023-03-02,02:00:00,2,1,1,FMN GV 22 Boechout
7,Victor Heylenlei 41,2023-03-02,03:00:00,2,1,1,FMN GV 22 Boechout
7,Victor Heylenlei 41,2023-03-02,04:00:00,3,3,0,FMN GV 22 Boechout
7,Victor Heylenlei 41,2023-03-02,05:00:00,14,9,5,FMN GV 22 Boechout
7,Victor Heylenlei 41,2023-03-02,06:00:00,35,27,8,FMN GV 22 Boechout
7,Victor Heylenlei 41,2023-03-02,07:00:00,154,114,40,FMN GV 22 Boechout
7,Victor Heylenlei 41,2023-03-02,08:00:00,288,134,154,FMN GV 22 Boechout
7,Victor Heylenlei 41,2023-03-02,09:00:00,52,35,17,FMN GV 22 Boechout
7,Victor Heylenlei 41,2023-03-02,10:00:00,46,33,13,FMN GV 22 Boechout
7,Victor Heylenlei 41,2023-03-02,11:00:00,38,18,20,FMN GV 22 Boechout
7,Victor Heylenlei 41,2023-03-02,12:00:00,66,36,30,FMN GV 22 Boechout
7,Victor Heylenlei 41,2023-03-02,13:00:00,89,44,45,FMN GV 22 Boechout
7,Victor Heylenlei 41,2023-03-02,14:00:00,83,34,49,FMN GV 22 Boechout
7,Victor Heylenlei 41,2023-03-02,15:00:00,130,56,74,FMN GV 22 Boechout
7,Victor Heylenlei 41,2023-03-02,16:00:00,265,153,112,FMN GV 22 Boechout
7,Victor Heylenlei 41,2023-03-02,17:00:00,162,46,116,FMN GV 22 Boechout
7,Victor Heylenlei 41,2023-03-02,18:00:00,107,38,69,FMN GV 22 Boechout
7,Victor Heylenlei 41,2023-03-02,19:00:00,44,20,24,FMN GV 22 Boechout
7,Victor Heylenlei 41,2023-03-02,20:00:00,19,12,7,FMN GV 22 Boechout
7,Victor Heylenlei 41,2023-03-02,21:00:00,27,16,11,FMN GV 22 Boechout
7,Victor Heylenlei 41,2023-03-02,22:00:00,32,11,21,FMN GV 22 Boechout
7,Victor Heylenlei 41,2023-03-02,23:00:00,8,3,5,FMN GV 22 Boechout
7,Victor Heylenlei 41,2023-03-03,00:00:00,8,3,5,FMN GV 22 Boechout
7,Victor Heylenlei 41,2023-03-03,01:00:00,1,1,0,FMN GV 22 Boechout
7,Victor Heylenlei 41,2023-03-03,02:00:00,0,0,0,FMN GV 22 Boechout
7,Victor Heylenlei 41,2023-03-03,03:00:00,2,0,2,FMN GV 22 Boechout
7,Victor Heylenlei 41,2023-03-03,04:00:00,3,1,2,FMN GV 22 Boechout
7,Victor Heylenlei 41,2023-03-03,05:00:00,9,7,2,FMN GV 22 Boechout
7,Victor Heylenlei 41,2023-03-03,06:00:00,31,21,10,FMN GV 22 Boechout
7,Victor Heylenlei 41,2023-03-03,07:00:00,138,90,48,FMN GV 22 Boechout
7,Victor Heylenlei 41,2023-03-03,08:00:00,223,83,140,FMN GV 22 Boechout
7,Victor Heylenlei 41,2023-03-03,09:00:00,48,32,16,FMN GV 22 Boechout
7,Victor Heylenlei 41,2023-03-03,10:00:00,27,18,9,FMN GV 22 Boechout
7,Victor Heylenlei 41,2023-03-03,11:00:00,28,8,20,FMN GV 22 Boechout
7,Victor Heylenlei 41,2023-03-03,12:00:00,53,25,28,FMN GV 22 Boechout
7,Victor Heylenlei 41,2023-03-03,13:00:00,49,24,25,FMN GV 22 Boechout
7,Victor Heylenlei 41,2023-03-03,14:00:00,75,34,41,FMN GV 22 Boechout
7,Victor Heylenlei 41,2023-03-03,15:00:00,116,68,48,FMN GV 22 Boechout
7,Victor Heylenlei 41,2023-03-03,16:00:00,219,142,77,FMN GV 22 Boechout
7,Victor Heylenlei 41,2023-03-03,17:00:00,97,32,65,FMN GV 22 Boechout
7,Victor Heylenlei 41,2023-03-03,18:00:00,67,27,40,FMN GV 22 Boechout
7,Victor Heylenlei 41,2023-03-03,19:00:00,35,12,23,FMN GV 22 Boechout
7,Victor Heylenlei 41,2023-03-03,20:00:00,16,7,9,FMN GV 22 Boechout
7,Victor Heylenlei 41,2023-03-03,21:00:00,16,6,10,FMN GV 22 Boechout
7,Victor Heylenlei 41,2023-03-03,22:00:00,25,1,24,FMN GV 22 Boechout
7,Victor Heylenlei 41,2023-03-03,23:00:00,11,3,8,FMN GV 22 Boechout
7,Victor Heylenlei 41,2023-03-04,00:00:00,10,6,4,FMN GV 22 Boechout
7,Victor Heylenlei 41,2023-03-04,01:00:00,7,5,2,FMN GV 22 Boechout
7,Victor Heylenlei 41,2023-03-04,02:00:00,5,2,3,FMN GV 22 Boechout
7,Victor Heylenlei 41,2023-03-04,03:00:00,5,2,3,FMN GV 22 Boechout
7,Victor Heylenlei 41,2023-03-04,04:00:00,5,1,4,FMN GV 22 Boechout
7,Victor Heylenlei 41,2023-03-04,05:00:00,3,3,0,FMN GV 22 Boechout
7,Victor Heylenlei 41,2023-03-04,06:00:00,14,7,7,FMN GV 22 Boechout
7,Victor Heylenlei 41,2023-03-04,07:00:00,10,7,3,FMN GV 22 Boechout
7,Victor Heylenlei 41,2023-03-04,08:00:00,30,15,15,FMN GV 22 Boechout
7,Victor Heylenlei 41,2023-03-04,09:00:00,34,13,21,FMN GV 22 Boechout
7,Victor Heylenlei 41,2023-03-04,10:00:00,104,46,58,FMN GV 22 Boechout
7,Victor Heylenlei 41,2023-03-04,11:00:00,80,43,37,FMN GV 22 Boechout
7,Victor Heylenlei 41,2023-03-04,12:00:00,60,35,25,FMN GV 22 Boechout
7,Victor Heylenlei 41,2023-03-04,13:00:00,89,58,31,FMN GV 22 Boechout
7,Victor Heylenlei 41,2023-03-04,14:00:00,87,45,42,FMN GV 22 Boechout
7,Victor Heylenlei 41,2023-03-04,15:00:00,75,54,21,FMN GV 22 Boechout
7,Victor Heylenlei 41,2023-03-04,16:00:00,70,40,30,FMN GV 22 Boechout
7,Victor Heylenlei 41,2023-03-04,17:00:00,45,25,20,FMN GV 22 Boechout
7,Victor Heylenlei 41,2023-03-04,18:00:00,34,14,20,FMN GV 22 Boechout
7,Victor Heylenlei 41,2023-03-04,19:00:00,19,5,14,FMN GV 22 Boechout
7,Victor Heylenlei 41,2023-03-04,20:00:00,36,25,11,FMN GV 22 Boechout
7,Victor Heylenlei 41,2023-03-04,21:00:00,7,1,6,FMN GV 22 Boechout
7,Victor Heylenlei 41,2023-03-04,22:00:00,7,4,3,FMN GV 22 Boechout
7,Victor Heylenlei 41,2023-03-04,23:00:00,10,5,5,FMN GV 22 Boechout
7,Victor Heylenlei 41,2023-03-05,00:00:00,14,2,12,FMN GV 22 Boechout
7,Victor Heylenlei 41,2023-03-05,01:00:00,7,6,1,FMN GV 22 Boechout
7,Victor Heylenlei 41,2023-03-05,02:00:00,11,9,2,FMN GV 22 Boechout
7,Victor Heylenlei 41,2023-03-05,03:00:00,2,2,0,FMN GV 22 Boechout
7,Victor Heylenlei 41,2023-03-05,04:00:00,1,0,1,FMN GV 22 Boechout
7,Victor Heylenlei 41,2023-03-05,05:00:00,2,1,1,FMN GV 22 Boechout
7,Victor Heylenlei 41,2023-03-05,06:00:00,6,3,3,FMN GV 22 Boechout
7,Victor Heylenlei 41,2023-03-05,07:00:00,4,4,0,FMN GV 22 Boechout
7,Victor Heylenlei 41,2023-03-05,08:00:00,22,10,12,FMN GV 22 Boechout
7,Victor Heylenlei 41,2023-03-05,09:00:00,57,24,33,FMN GV 22 Boechout
7,Victor Heylenlei 41,2023-03-05,10:00:00,47,25,22,FMN GV 22 Boechout
7,Victor Heylenlei 41,2023-03-05,11:00:00,53,32,21,FMN GV 22 Boechout
7,Victor Heylenlei 41,2023-03-05,12:00:00,51,31,20,FMN GV 22 Boechout
7,Victor Heylenlei 41,2023-03-05,13:00:00,59,27,32,FMN GV 22 Boechout
7,Victor Heylenlei 41,2023-03-05,14:00:00,27,13,14,FMN GV 22 Boechout
7,Victor Heylenlei 41,2023-03-05,15:00:00,41,22,19,FMN GV 22 Boechout
7,Victor Heylenlei 41,2023-03-05,16:00:00,19,10,9,FMN GV 22 Boechout
7,Victor Heylenlei 41,2023-03-05,17:00:00,41,26,15,FMN GV 22 Boechout
7,Victor Heylenlei 41,2023-03-05,18:00:00,29,14,15,FMN GV 22 Boechout
7,Victor Heylenlei 41,2023-03-05,19:00:00,11,7,4,FMN GV 22 Boechout
7,Victor Heylenlei 41,2023-03-05,20:00:00,18,13,5,FMN GV 22 Boechout
7,Victor Heylenlei 41,2023-03-05,21:00:00,10,5,5,FMN GV 22 Boechout
7,Victor Heylenlei 41,2023-03-05,22:00:00,2,0,2,FMN GV 22 Boechout
7,Victor Heylenlei 41,2023-03-05,23:00:00,2,0,2,FMN GV 22 Boechout
7,Victor Heylenlei 41,2023-03-06,00:00:00,0,0,0,FMN GV 22 Boechout
7,Victor Heylenlei 41,2023-03-06,01:00:00,1,0,1,FMN GV 22 Boechout
7,Victor Heylenlei 41,2023-03-06,02:00:00,3,3,0,FMN GV 22 Boechout
7,Victor Heylenlei 41,2023-03-06,03:00:00,0,0,0,FMN GV 22 Boechout
7,Victor Heylenlei 41,2023-03-06,04:00:00,1,0,1,FMN GV 22 Boechout
7,Victor Heylenlei 41,2023-03-06,05:00:00,13,7,6,FMN GV 22 Boechout
7,Victor Heylenlei 41,2023-03-06,06:00:00,40,34,6,FMN GV 22 Boechout
7,Victor Heylenlei 41,2023-03-06,07:00:00,164,129,35,FMN GV 22 Boechout
7,Victor Heylenlei 41,2023-03-06,08:00:00,252,125,127,FMN GV 22 Boechout
7,Victor Heylenlei 41,2023-03-06,09:00:00,43,29,14,FMN GV 22 Boechout
7,Victor Heylenlei 41,2023-03-06,10:00:00,31,13,18,FMN GV 22 Boechout
7,Victor Heylenlei 41,2023-03-06,11:00:00,52,31,21,FMN GV 22 Boechout
7,Victor Heylenlei 41,2023-03-06,12:00:00,36,19,17,FMN GV 22 Boechout
7,Victor Heylenlei 41,2023-03-06,13:00:00,47,21,26,FMN GV 22 Boechout
7,Victor Heylenlei 41,2023-03-06,14:00:00,59,30,29,FMN GV 22 Boechout
7,Victor Heylenlei 41,2023-03-06,15:00:00,69,28,41,FMN GV 22 Boechout
7,Victor Heylenlei 41,2023-03-06,16:00:00,221,127,94,FMN GV 22 Boechout
7,Victor Heylenlei 41,2023-03-06,17:00:00,151,38,113,FMN GV 22 Boechout
7,Victor Heylenlei 41,2023-03-06,18:00:00,73,23,50,FMN GV 22 Boechout
7,Victor Heylenlei 41,2023-03-06,19:00:00,26,6,20,FMN GV 22 Boechout
7,Victor Heylenlei 41,2023-03-06,20:00:00,21,15,6,FMN GV 22 Boechout
7,Victor Heylenlei 41,2023-03-06,21:00:00,4,0,4,FMN GV 22 Boechout
7,Victor Heylenlei 41,2023-03-06,22:00:00,12,6,6,FMN GV 22 Boechout
7,Victor Heylenlei 41,2023-03-06,23:00:00,1,1,0,FMN GV 22 Boechout
7,Victor Heylenlei 41,2023-03-07,00:00:00,1,0,1,FMN GV 22 Boechout
7,Victor Heylenlei 41,2023-03-07,01:00:00,0,0,0,FMN GV 22 Boechout
7,Victor Heylenlei 41,2023-03-07,02:00:00,1,1,0,FMN GV 22 Boechout
7,Victor Heylenlei 41,2023-03-07,03:00:00,1,0,1,FMN GV 22 Boechout
7,Victor Heylenlei 41,2023-03-07,04:00:00,1,1,0,FMN GV 22 Boechout
7,Victor Heylenlei 41,2023-03-07,05:00:00,13,7,6,FMN GV 22 Boechout
7,Victor Heylenlei 41,2023-03-07,06:00:00,26,19,7,FMN GV 22 Boechout
7,Victor Heylenlei 41,2023-03-07,07:00:00,116,87,29,FMN GV 22 Boechout
7,Victor Heylenlei 41,2023-03-07,08:00:00,196,81,115,FMN GV 22 Boechout
7,Victor Heylenlei 41,2023-03-07,09:00:00,26,20,6,FMN GV 22 Boechout
7,Victor Heylenlei 41,2023-03-07,10:00:00,10,5,5,FMN GV 22 Boechout
7,Victor Heylenlei 41,2023-03-07,11:00:00,6,3,3,FMN GV 22 Boechout
7,Victor Heylenlei 41,2023-03-07,12:00:00,22,13,9,FMN GV 22 Boechout
7,Victor Heylenlei 41,2023-03-07,13:00:00,35,14,21,FMN GV 22 Boechout
7,Victor Heylenlei 41,2023-03-07,14:00:00,24,9,15,FMN GV 22 Boechout
7,Victor Heylenlei 41,2023-03-07,15:00:00,37,20,17,FMN GV 22 Boechout
7,Victor Heylenlei 41,2023-03-07,16:00:00,173,108,65,FMN GV 22 Boechout
7,Victor Heylenlei 41,2023-03-07,17:00:00,95,29,66,FMN GV 22 Boechout
7,Victor Heylenlei 41,2023-03-07,18:00:00,51,11,40,FMN GV 22 Boechout
7,Victor Heylenlei 41,2023-03-07,19:00:00,15,7,8,FMN GV 22 Boechout
7,Victor Heylenlei 41,2023-03-07,20:00:00,13,3,10,FMN GV 22 Boechout
7,Victor Heylenlei 41,2023-03-07,21:00:00,8,2,6,FMN GV 22 Boechout
7,Victor Heylenlei 41,2023-03-07,22:00:00,12,2,10,FMN GV 22 Boechout
7,Victor Heylenlei 41,2023-03-07,23:00:00,3,2,1,FMN GV 22 Boechout
7,Victor Heylenlei 41,2023-03-08,00:00:00,3,0,3,FMN GV 22 Boechout
7,Victor Heylenlei 41,2023-03-08,01:00:00,0,0,0,FMN GV 22 Boechout
7,Victor Heylenlei 41,2023-03-08,02:00:00,0,0,0,FMN GV 22 Boechout
7,Victor Heylenlei 41,2023-03-08,03:00:00,1,0,1,FMN GV 22 Boechout
7,Victor Heylenlei 41,2023-03-08,04:00:00,1,1,0,FMN GV 22 Boechout
7,Victor Heylenlei 41,2023-03-08,05:00:00,11,6,5,FMN GV 22 Boechout
7,Victor Heylenlei 41,2023-03-08,06:00:00,20,13,7,FMN GV 22 Boechout
7,Victor Heylenlei 41,2023-03-08,07:00:00,66,42,24,FMN GV 22 Boechout
7,Victor Heylenlei 41,2023-03-08,08:00:00,149,53,96,FMN GV 22 Boechout
7,Victor Heylenlei 41,2023-03-08,09:00:00,30,16,14,FMN GV 22 Boechout
7,Victor Heylenlei 41,2023-03-08,10:00:00,5,2,3,FMN GV 22 Boechout
7,Victor Heylenlei 41,2023-03-08,11:00:00,11,7,4,FMN GV 22 Boechout
7,Victor Heylenlei 41,2023-03-08,12:00:00,111,89,22,FMN GV 22 Boechout
7,Victor Heylenlei 41,2023-03-08,13:00:00,31,11,20,FMN GV 22 Boechout
7,Victor Heylenlei 41,2023-03-08,14:00:00,24,8,16,FMN GV 22 Boechout
7,Victor Heylenlei 41,2023-03-08,15:00:00,30,10,20,FMN GV 22 Boechout
7,Victor Heylenlei 41,2023-03-08,16:00:00,46,23,23,FMN GV 22 Boechout
7,Victor Heylenlei 41,2023-03-08,17:00:00,45,18,27,FMN GV 22 Boechout
7,Victor Heylenlei 41,2023-03-08,18:00:00,30,8,22,FMN GV 22 Boechout
7,Victor Heylenlei 41,2023-03-08,19:00:00,10,5,5,FMN GV 22 Boechout
7,Victor Heylenlei 41,2023-03-08,20:00:00,8,3,5,FMN GV 22 Boechout
7,Victor Heylenlei 41,2023-03-08,21:00:00,5,2,3,FMN GV 22 Boechout
7,Victor Heylenlei 41,2023-03-08,22:00:00,12,3,9,FMN GV 22 Boechout
7,Victor Heylenlei 41,2023-03-08,23:00:00,2,1,1,FMN GV 22 Boechout
7,Victor Heylenlei 41,2023-03-09,00:00:00,1,0,1,FMN GV 22 Boechout
7,Victor Heylenlei 41,2023-03-09,01:00:00,3,2,1,FMN GV 22 Boechout
7,Victor Heylenlei 41,2023-03-09,02:00:00,1,0,1,FMN GV 22 Boechout
7,Victor Heylenlei 41,2023-03-09,03:00:00,1,0,1,FMN GV 22 Boechout
7,Victor Heylenlei 41,2023-03-09,04:00:00,2,2,0,FMN GV 22 Boechout
7,Victor Heylenlei 41,2023-03-09,05:00:00,10,5,5,FMN GV 22 Boechout
7,Victor Heylenlei 41,2023-03-09,06:00:00,19,15,4,FMN GV 22 Boechout
7,Victor Heylenlei 41,2023-03-09,07:00:00,113,91,22,FMN GV 22 Boechout
7,Victor Heylenlei 41,2023-03-09,08:00:00,224,85,139,FMN GV 22 Boechout
7,Victor Heylenlei 41,2023-03-09,09:00:00,35,23,12,FMN GV 22 Boechout
7,Victor Heylenlei 41,2023-03-09,10:00:00,21,19,2,FMN GV 22 Boechout
7,Victor Heylenlei 41,2023-03-09,11:00:00,22,15,7,FMN GV 22 Boechout
7,Victor Heylenlei 41,2023-03-09,12:00:00,26,12,14,FMN GV 22 Boechout
7,Victor Heylenlei 41,2023-03-09,13:00:00,26,12,14,FMN GV 22 Boechout
7,Victor Heylenlei 41,2023-03-09,14:00:00,29,12,17,FMN GV 22 Boechout
7,Victor Heylenlei 41,2023-03-09,15:00:00,58,21,37,FMN GV 22 Boechout
7,Victor Heylenlei 41,2023-03-09,16:00:00,181,128,53,FMN GV 22 Boechout
7,Victor Heylenlei 41,2023-03-09,17:00:00,93,28,65,FMN GV 22 Boechout
7,Victor Heylenlei 41,2023-03-09,18:00:00,41,8,33,FMN GV 22 Boechout
7,Victor Heylenlei 41,2023-03-09,19:00:00,14,5,9,FMN GV 22 Boechout
7,Victor Heylenlei 41,2023-03-09,20:00:00,12,8,4,FMN GV 22 Boechout
7,Victor Heylenlei 41,2023-03-09,21:00:00,9,4,5,FMN GV 22 Boechout
7,Victor Heylenlei 41,2023-03-09,22:00:00,6,4,2,FMN GV 22 Boechout
7,Victor Heylenlei 41,2023-03-09,23:00:00,5,3,2,FMN GV 22 Boechout
7,Victor Heylenlei 41,2023-03-10,00:00:00,6,3,3,FMN GV 22 Boechout
7,Victor Heylenlei 41,2023-03-10,01:00:00,2,1,1,FMN GV 22 Boechout
7,Victor Heylenlei 41,2023-03-10,02:00:00,4,3,1,FMN GV 22 Boechout
7,Victor Heylenlei 41,2023-03-10,03:00:00,2,1,1,FMN GV 22 Boechout
7,Victor Heylenlei 41,2023-03-10,04:00:00,2,2,0,FMN GV 22 Boechout
7,Victor Heylenlei 41,2023-03-10,05:00:00,12,9,3,FMN GV 22 Boechout
7,Victor Heylenlei 41,2023-03-10,06:00:00,22,14,8,FMN GV 22 Boechout
7,Victor Heylenlei 41,2023-03-10,07:00:00,113,91,22,FMN GV 22 Boechout
7,Victor Heylenlei 41,2023-03-10,08:00:00,226,87,139,FMN GV 22 Boechout
7,Victor Heylenlei 41,2023-03-10,09:00:00,30,19,11,FMN GV 22 Boechout
7,Victor Heylenlei 41,2023-03-10,10:00:00,14,6,8,FMN GV 22 Boechout
7,Victor Heylenlei 41,2023-03-10,11:00:00,22,12,10,FMN GV 22 Boechout
7,Victor Heylenlei 41,2023-03-10,12:00:00,27,15,12,FMN GV 22 Boechout
7,Victor Heylenlei 41,2023-03-10,13:00:00,33,16,17,FMN GV 22 Boechout
7,Victor Heylenlei 41,2023-03-10,14:00:00,32,7,25,FMN GV 22 Boechout
7,Victor Heylenlei 41,2023-03-10,15:00:00,65,28,37,FMN GV 22 Boechout
7,Victor Heylenlei 41,2023-03-10,16:00:00,181,118,63,FMN GV 22 Boechout
7,Victor Heylenlei 41,2023-03-10,17:00:00,75,18,57,FMN GV 22 Boechout
7,Victor Heylenlei 41,2023-03-10,18:00:00,40,16,24,FMN GV 22 Boechout
7,Victor Heylenlei 41,2023-03-10,19:00:00,32,10,22,FMN GV 22 Boechout
7,Victor Heylenlei 41,2023-03-10,20:00:00,19,9,10,FMN GV 22 Boechout
7,Victor Heylenlei 41,2023-03-10,21:00:00,5,3,2,FMN GV 22 Boechout
7,Victor Heylenlei 41,2023-03-10,22:00:00,7,1,6,FMN GV 22 Boechout
7,Victor Heylenlei 41,2023-03-10,23:00:00,9,4,5,FMN GV 22 Boechout
7,Victor Heylenlei 41,2023-03-11,00:00:00,9,3,6,FMN GV 22 Boechout
7,Victor Heylenlei 41,2023-03-11,01:00:00,0,0,0,FMN GV 22 Boechout
7,Victor Heylenlei 41,2023-03-11,02:00:00,11,6,5,FMN GV 22 Boechout
7,Victor Heylenlei 41,2023-03-11,03:00:00,7,6,1,FMN GV 22 Boechout
7,Victor Heylenlei 41,2023-03-11,04:00:00,7,4,3,FMN GV 22 Boechout
7,Victor Heylenlei 41,2023-03-11,05:00:00,3,2,1,FMN GV 22 Boechout
7,Victor Heylenlei 41,2023-03-11,06:00:00,7,4,3,FMN GV 22 Boechout
7,Victor Heylenlei 41,2023-03-11,07:00:00,7,4,3,FMN GV 22 Boechout
7,Victor Heylenlei 41,2023-03-11,08:00:00,21,8,13,FMN GV 22 Boechout
7,Victor Heylenlei 41,2023-03-11,09:00:00,65,27,38,FMN GV 22 Boechout
7,Victor Heylenlei 41,2023-03-11,10:00:00,67,39,28,FMN GV 22 Boechout
7,Victor Heylenlei 41,2023-03-11,11:00:00,82,41,41,FMN GV 22 Boechout
7,Victor Heylenlei 41,2023-03-11,12:00:00,79,48,31,FMN GV 22 Boechout
7,Victor Heylenlei 41,2023-03-11,13:00:00,112,65,47,FMN GV 22 Boechout
7,Victor Heylenlei 41,2023-03-11,14:00:00,149,68,81,FMN GV 22 Boechout
7,Victor Heylenlei 41,2023-03-11,15:00:00,127,71,56,FMN GV 22 Boechout
7,Victor Heylenlei 41,2023-03-11,16:00:00,105,68,37,FMN GV 22 Boechout
7,Victor Heylenlei 41,2023-03-11,17:00:00,71,43,28,FMN GV 22 Boechout
7,Victor Heylenlei 41,2023-03-11,18:00:00,59,25,34,FMN GV 22 Boechout
7,Victor Heylenlei 41,2023-03-11,19:00:00,22,14,8,FMN GV 22 Boechout
7,Victor Heylenlei 41,2023-03-11,20:00:00,16,7,9,FMN GV 22 Boechout
7,Victor Heylenlei 41,2023-03-11,21:00:00,9,3,6,FMN GV 22 Boechout
7,Victor Heylenlei 41,2023-03-11,22:00:00,13,9,4,FMN GV 22 Boechout
7,Victor Heylenlei 41,2023-03-11,23:00:00,8,3,5,FMN GV 22 Boechout
7,Victor Heylenlei 41,2023-03-12,00:00:00,14,6,8,FMN GV 22 Boechout
7,Victor Heylenlei 41,2023-03-12,01:00:00,5,2,3,FMN GV 22 Boechout
7,Victor Heylenlei 41,2023-03-12,02:00:00,7,2,5,FMN GV 22 Boechout
7,Victor Heylenlei 41,2023-03-12,03:00:00,5,2,3,FMN GV 22 Boechout
7,Victor Heylenlei 41,2023-03-12,04:00:00,7,0,7,FMN GV 22 Boechout
7,Victor Heylenlei 41,2023-03-12,05:00:00,3,2,1,FMN GV 22 Boechout
7,Victor Heylenlei 41,2023-03-12,06:00:00,6,3,3,FMN GV 22 Boechout
7,Victor Heylenlei 41,2023-03-12,07:00:00,6,4,2,FMN GV 22 Boechout
7,Victor Heylenlei 41,2023-03-12,08:00:00,30,13,17,FMN GV 22 Boechout
7,Victor Heylenlei 41,2023-03-12,09:00:00,50,16,34,FMN GV 22 Boechout
7,Victor Heylenlei 41,2023-03-12,10:00:00,35,13,22,FMN GV 22 Boechout
7,Victor Heylenlei 41,2023-03-12,11:00:00,84,55,29,FMN GV 22 Boechout
7,Victor Heylenlei 41,2023-03-12,12:00:00,48,25,23,FMN GV 22 Boechout
7,Victor Heylenlei 41,2023-03-12,13:00:00,76,50,26,FMN GV 22 Boechout
7,Victor Heylenlei 41,2023-03-12,14:00:00,69,37,32,FMN GV 22 Boechout
7,Victor Heylenlei 41,2023-03-12,15:00:00,78,29,49,FMN GV 22 Boechout
7,Victor Heylenlei 41,2023-03-12,16:00:00,40,23,17,FMN GV 22 Boechout
7,Victor Heylenlei 41,2023-03-12,17:00:00,41,18,23,FMN GV 22 Boechout
7,Victor Heylenlei 41,2023-03-12,18:00:00,26,12,14,FMN GV 22 Boechout
7,Victor Heylenlei 41,2023-03-12,19:00:00,12,7,5,FMN GV 22 Boechout
7,Victor Heylenlei 41,2023-03-12,20:00:00,13,10,3,FMN GV 22 Boechout
7,Victor Heylenlei 41,2023-03-12,21:00:00,6,4,2,FMN GV 22 Boechout
7,Victor Heylenlei 41,2023-03-12,22:00:00,9,6,3,FMN GV 22 Boechout
7,Victor Heylenlei 41,2023-03-12,23:00:00,1,0,1,FMN GV 22 Boechout
7,Victor Heylenlei 41,2023-03-13,00:00:00,0,0,0,FMN GV 22 Boechout
7,Victor Heylenlei 41,2023-03-13,01:00:00,2,1,1,FMN GV 22 Boechout
7,Victor Heylenlei 41,2023-03-13,02:00:00,0,0,0,FMN GV 22 Boechout
7,Victor Heylenlei 41,2023-03-13,03:00:00,0,0,0,FMN GV 22 Boechout
7,Victor Heylenlei 41,2023-03-13,04:00:00,5,3,2,FMN GV 22 Boechout
7,Victor Heylenlei 41,2023-03-13,05:00:00,16,10,6,FMN GV 22 Boechout
7,Victor Heylenlei 41,2023-03-13,06:00:00,33,24,9,FMN GV 22 Boechout
7,Victor Heylenlei 41,2023-03-13,07:00:00,145,117,28,FMN GV 22 Boechout
7,Victor Heylenlei 41,2023-03-13,08:00:00,241,107,134,FMN GV 22 Boechout
7,Victor Heylenlei 41,2023-03-13,09:00:00,45,25,20,FMN GV 22 Boechout
7,Victor Heylenlei 41,2023-03-13,10:00:00,23,14,9,FMN GV 22 Boechout
7,Victor Heylenlei 41,2023-03-13,11:00:00,25,8,17,FMN GV 22 Boechout
7,Victor Heylenlei 41,2023-03-13,12:00:00,33,22,11,FMN GV 22 Boechout
7,Victor Heylenlei 41,2023-03-13,13:00:00,41,26,15,FMN GV 22 Boechout
7,Victor Heylenlei 41,2023-03-13,14:00:00,66,34,32,FMN GV 22 Boechout
7,Victor Heylenlei 41,2023-03-13,15:00:00,80,33,47,FMN GV 22 Boechout
7,Victor Heylenlei 41,2023-03-13,16:00:00,208,129,79,FMN GV 22 Boechout
7,Victor Heylenlei 41,2023-03-13,17:00:00,153,50,103,FMN GV 22 Boechout
7,Victor Heylenlei 41,2023-03-13,18:00:00,75,33,42,FMN GV 22 Boechout
7,Victor Heylenlei 41,2023-03-13,19:00:00,36,10,26,FMN GV 22 Boechout
7,Victor Heylenlei 41,2023-03-13,20:00:00,33,17,16,FMN GV 22 Boechout
7,Victor Heylenlei 41,2023-03-13,21:00:00,15,6,9,FMN GV 22 Boechout
7,Victor Heylenlei 41,2023-03-13,22:00:00,14,6,8,FMN GV 22 Boechout
7,Victor Heylenlei 41,2023-03-13,23:00:00,7,1,6,FMN GV 22 Boechout
7,Victor Heylenlei 41,2023-03-14,00:00:00,1,0,1,FMN GV 22 Boechout
7,Victor Heylenlei 41,2023-03-14,01:00:00,0,0,0,FMN GV 22 Boechout
7,Victor Heylenlei 41,2023-03-14,02:00:00,0,0,0,FMN GV 22 Boechout
7,Victor Heylenlei 41,2023-03-14,03:00:00,1,0,1,FMN GV 22 Boechout
7,Victor Heylenlei 41,2023-03-14,04:00:00,6,5,1,FMN GV 22 Boechout
7,Victor Heylenlei 41,2023-03-14,05:00:00,15,9,6,FMN GV 22 Boechout
7,Victor Heylenlei 41,2023-03-14,06:00:00,32,22,10,FMN GV 22 Boechout
7,Victor Heylenlei 41,2023-03-14,07:00:00,102,78,24,FMN GV 22 Boechout
7,Victor Heylenlei 41,2023-03-14,08:00:00,180,75,105,FMN GV 22 Boechout
7,Victor Heylenlei 41,2023-03-14,09:00:00,41,24,17,FMN GV 22 Boechout
7,Victor Heylenlei 41,2023-03-14,10:00:00,13,6,7,FMN GV 22 Boechout
7,Victor Heylenlei 41,2023-03-14,11:00:00,11,3,8,FMN GV 22 Boechout
7,Victor Heylenlei 41,2023-03-14,12:00:00,25,19,6,FMN GV 22 Boechout
7,Victor Heylenlei 41,2023-03-14,13:00:00,31,19,12,FMN GV 22 Boechout
7,Victor Heylenlei 41,2023-03-14,14:00:00,37,11,26,FMN GV 22 Boechout
7,Victor Heylenlei 41,2023-03-14,15:00:00,52,25,27,FMN GV 22 Boechout
7,Victor Heylenlei 41,2023-03-14,16:00:00,187,121,66,FMN GV 22 Boechout
7,Victor Heylenlei 41,2023-03-14,17:00:00,99,31,68,FMN GV 22 Boechout
7,Victor Heylenlei 41,2023-03-14,18:00:00,75,16,59,FMN GV 22 Boechout
7,Victor Heylenlei 41,2023-03-14,19:00:00,24,9,15,FMN GV 22 Boechout
7,Victor Heylenlei 41,2023-03-14,20:00:00,19,9,10,FMN GV 22 Boechout
7,Victor Heylenlei 41,2023-03-14,21:00:00,11,5,6,FMN GV 22 Boechout
7,Victor Heylenlei 41,2023-03-14,22:00:00,12,6,6,FMN GV 22 Boechout
7,Victor Heylenlei 41,2023-03-14,23:00:00,3,1,2,FMN GV 22 Boechout
7,Victor Heylenlei 41,2023-03-15,00:00:00,2,0,2,FMN GV 22 Boechout
7,Victor Heylenlei 41,2023-03-15,01:00:00,2,2,0,FMN GV 22 Boechout
7,Victor Heylenlei 41,2023-03-15,02:00:00,1,1,0,FMN GV 22 Boechout
7,Victor Heylenlei 41,2023-03-15,03:00:00,2,1,1,FMN GV 22 Boechout
7,Victor Heylenlei 41,2023-03-15,04:00:00,5,3,2,FMN GV 22 Boechout
7,Victor Heylenlei 41,2023-03-15,05:00:00,10,5,5,FMN GV 22 Boechout
7,Victor Heylenlei 41,2023-03-15,06:00:00,31,20,11,FMN GV 22 Boechout
7,Victor Heylenlei 41,2023-03-15,07:00:00,117,82,35,FMN GV 22 Boechout
7,Victor Heylenlei 41,2023-03-15,08:00:00,233,94,139,FMN GV 22 Boechout
7,Victor Heylenlei 41,2023-03-15,09:00:00,42,21,21,FMN GV 22 Boechout
7,Victor Heylenlei 41,2023-03-15,10:00:00,26,17,9,FMN GV 22 Boechout
7,Victor Heylenlei 41,2023-03-15,11:00:00,40,20,20,FMN GV 22 Boechout
7,Victor Heylenlei 41,2023-03-15,12:00:00,175,128,47,FMN GV 22 Boechout
7,Victor Heylenlei 41,2023-03-15,13:00:00,82,34,48,FMN GV 22 Boechout
7,Victor Heylenlei 41,2023-03-15,14:00:00,75,28,47,FMN GV 22 Boechout
7,Victor Heylenlei 41,2023-03-15,15:00:00,87,44,43,FMN GV 22 Boechout
7,Victor Heylenlei 41,2023-03-15,16:00:00,133,64,69,FMN GV 22 Boechout
7,Victor Heylenlei 41,2023-03-15,17:00:00,138,57,81,FMN GV 22 Boechout
7,Victor Heylenlei 41,2023-03-15,18:00:00,76,30,46,FMN GV 22 Boechout
7,Victor Heylenlei 41,2023-03-15,19:00:00,40,19,21,FMN GV 22 Boechout
7,Victor Heylenlei 41,2023-03-15,20:00:00,39,17,22,FMN GV 22 Boechout
7,Victor Heylenlei 41,2023-03-15,21:00:00,23,9,14,FMN GV 22 Boechout
7,Victor Heylenlei 41,2023-03-15,22:00:00,22,8,14,FMN GV 22 Boechout
7,Victor Heylenlei 41,2023-03-15,23:00:00,6,1,5,FMN GV 22 Boechout
7,Victor Heylenlei 41,2023-03-16,00:00:00,4,0,4,FMN GV 22 Boechout
7,Victor Heylenlei 41,2023-03-16,01:00:00,2,0,2,FMN GV 22 Boechout
7,Victor Heylenlei 41,2023-03-16,02:00:00,1,1,0,FMN GV 22 Boechout
7,Victor Heylenlei 41,2023-03-16,03:00:00,1,0,1,FMN GV 22 Boechout
7,Victor Heylenlei 41,2023-03-16,04:00:00,5,4,1,FMN GV 22 Boechout
7,Victor Heylenlei 41,2023-03-16,05:00:00,15,10,5,FMN GV 22 Boechout
7,Victor Heylenlei 41,2023-03-16,06:00:00,42,33,9,FMN GV 22 Boechout
7,Victor Heylenlei 41,2023-03-16,07:00:00,140,110,30,FMN GV 22 Boechout
7,Victor Heylenlei 41,2023-03-16,08:00:00,284,125,159,FMN GV 22 Boechout
7,Victor Heylenlei 41,2023-03-16,09:00:00,59,41,18,FMN GV 22 Boechout
7,Victor Heylenlei 41,2023-03-16,10:00:00,36,20,16,FMN GV 22 Boechout
7,Victor Heylenlei 41,2023-03-16,11:00:00,40,21,19,FMN GV 22 Boechout
7,Victor Heylenlei 41,2023-03-16,12:00:00,54,39,15,FMN GV 22 Boechout
7,Victor Heylenlei 41,2023-03-16,13:00:00,93,39,54,FMN GV 22 Boechout
7,Victor Heylenlei 41,2023-03-16,14:00:00,84,37,47,FMN GV 22 Boechout
7,Victor Heylenlei 41,2023-03-16,15:00:00,135,60,75,FMN GV 22 Boechout
7,Victor Heylenlei 41,2023-03-16,16:00:00,258,144,114,FMN GV 22 Boechout
7,Victor Heylenlei 41,2023-03-16,17:00:00,161,55,106,FMN GV 22 Boechout
7,Victor Heylenlei 41,2023-03-16,18:00:00,93,29,64,FMN GV 22 Boechout
7,Victor Heylenlei 41,2023-03-16,19:00:00,51,16,35,FMN GV 22 Boechout
7,Victor Heylenlei 41,2023-03-16,20:00:00,32,15,17,FMN GV 22 Boechout
7,Victor Heylenlei 41,2023-03-16,21:00:00,12,6,6,FMN GV 22 Boechout
7,Victor Heylenlei 41,2023-03-16,22:00:00,27,8,19,FMN GV 22 Boechout
7,Victor Heylenlei 41,2023-03-16,23:00:00,10,6,4,FMN GV 22 Boechout
7,Victor Heylenlei 41,2023-03-17,00:00:00,3,1,2,FMN GV 22 Boechout
7,Victor Heylenlei 41,2023-03-17,01:00:00,3,2,1,FMN GV 22 Boechout
7,Victor Heylenlei 41,2023-03-17,02:00:00,1,1,0,FMN GV 22 Boechout
7,Victor Heylenlei 41,2023-03-17,03:00:00,1,0,1,FMN GV 22 Boechout
7,Victor Heylenlei 41,2023-03-17,04:00:00,8,6,2,FMN GV 22 Boechout
7,Victor Heylenlei 41,2023-03-17,05:00:00,18,12,6,FMN GV 22 Boechout
7,Victor Heylenlei 41,2023-03-17,06:00:00,40,26,14,FMN GV 22 Boechout
7,Victor Heylenlei 41,2023-03-17,07:00:00,129,95,34,FMN GV 22 Boechout
7,Victor Heylenlei 41,2023-03-17,08:00:00,234,100,134,FMN GV 22 Boechout
7,Victor Heylenlei 41,2023-03-17,09:00:00,56,43,13,FMN GV 22 Boechout
7,Victor Heylenlei 41,2023-03-17,10:00:00,54,32,22,FMN GV 22 Boechout
7,Victor Heylenlei 41,2023-03-17,11:00:00,58,24,34,FMN GV 22 Boechout
7,Victor Heylenlei 41,2023-03-17,12:00:00,80,43,37,FMN GV 22 Boechout
7,Victor Heylenlei 41,2023-03-17,13:00:00,81,41,40,FMN GV 22 Boechout
7,Victor Heylenlei 41,2023-03-17,14:00:00,107,45,62,FMN GV 22 Boechout
7,Victor Heylenlei 41,2023-03-17,15:00:00,144,76,68,FMN GV 22 Boechout
7,Victor Heylenlei 41,2023-03-17,16:00:00,251,137,114,FMN GV 22 Boechout
7,Victor Heylenlei 41,2023-03-17,17:00:00,143,59,84,FMN GV 22 Boechout
7,Victor Heylenlei 41,2023-03-17,18:00:00,82,40,42,FMN GV 22 Boechout
7,Victor Heylenlei 41,2023-03-17,19:00:00,35,12,23,FMN GV 22 Boechout
7,Victor Heylenlei 41,2023-03-17,20:00:00,12,6,6,FMN GV 22 Boechout
7,Victor Heylenlei 41,2023-03-17,21:00:00,31,8,23,FMN GV 22 Boechout
7,Victor Heylenlei 41,2023-03-17,22:00:00,23,4,19,FMN GV 22 Boechout
7,Victor Heylenlei 41,2023-03-17,23:00:00,14,5,9,FMN GV 22 Boechout
7,Victor Heylenlei 41,2023-03-18,00:00:00,11,5,6,FMN GV 22 Boechout
7,Victor Heylenlei 41,2023-03-18,01:00:00,15,12,3,FMN GV 22 Boechout
7,Victor Heylenlei 41,2023-03-18,02:00:00,6,4,2,FMN GV 22 Boechout
7,Victor Heylenlei 41,2023-03-18,03:00:00,8,6,2,FMN GV 22 Boechout
7,Victor Heylenlei 41,2023-03-18,04:00:00,5,5,0,FMN GV 22 Boechout
7,Victor Heylenlei 41,2023-03-18,05:00:00,7,5,2,FMN GV 22 Boechout
7,Victor Heylenlei 41,2023-03-18,06:00:00,7,5,2,FMN GV 22 Boechout
7,Victor Heylenlei 41,2023-03-18,07:00:00,13,5,8,FMN GV 22 Boechout
7,Victor Heylenlei 41,2023-03-18,08:00:00,39,17,22,FMN GV 22 Boechout
7,Victor Heylenlei 41,2023-03-18,09:00:00,78,29,49,FMN GV 22 Boechout
7,Victor Heylenlei 41,2023-03-18,10:00:00,183,77,106,FMN GV 22 Boechout
7,Victor Heylenlei 41,2023-03-18,11:00:00,82,47,35,FMN GV 22 Boechout
7,Victor Heylenlei 41,2023-03-18,12:00:00,83,45,38,FMN GV 22 Boechout
7,Victor Heylenlei 41,2023-03-18,13:00:00,79,45,34,FMN GV 22 Boechout
7,Victor Heylenlei 41,2023-03-18,14:00:00,117,62,55,FMN GV 22 Boechout
7,Victor Heylenlei 41,2023-03-18,15:00:00,93,51,42,FMN GV 22 Boechout
7,Victor Heylenlei 41,2023-03-18,16:00:00,64,33,31,FMN GV 22 Boechout
7,Victor Heylenlei 41,2023-03-18,17:00:00,76,41,35,FMN GV 22 Boechout
7,Victor Heylenlei 41,2023-03-18,18:00:00,42,24,18,FMN GV 22 Boechout
7,Victor Heylenlei 41,2023-03-18,19:00:00,24,11,13,FMN GV 22 Boechout
7,Victor Heylenlei 41,2023-03-18,20:00:00,19,11,8,FMN GV 22 Boechout
7,Victor Heylenlei 41,2023-03-18,21:00:00,11,9,2,FMN GV 22 Boechout
7,Victor Heylenlei 41,2023-03-18,22:00:00,13,4,9,FMN GV 22 Boechout
7,Victor Heylenlei 41,2023-03-18,23:00:00,8,2,6,FMN GV 22 Boechout
7,Victor Heylenlei 41,2023-03-19,00:00:00,12,5,7,FMN GV 22 Boechout
7,Victor Heylenlei 41,2023-03-19,01:00:00,11,4,7,FMN GV 22 Boechout
7,Victor Heylenlei 41,2023-03-19,02:00:00,5,2,3,FMN GV 22 Boechout
7,Victor Heylenlei 41,2023-03-19,03:00:00,4,3,1,FMN GV 22 Boechout
7,Victor Heylenlei 41,2023-03-19,04:00:00,1,1,0,FMN GV 22 Boechout
7,Victor Heylenlei 41,2023-03-19,05:00:00,4,4,0,FMN GV 22 Boechout
7,Victor Heylenlei 41,2023-03-19,06:00:00,9,5,4,FMN GV 22 Boechout
7,Victor Heylenlei 41,2023-03-19,07:00:00,7,4,3,FMN GV 22 Boechout
7,Victor Heylenlei 41,2023-03-19,08:00:00,25,7,18,FMN GV 22 Boechout
7,Victor Heylenlei 41,2023-03-19,09:00:00,104,57,47,FMN GV 22 Boechout
7,Victor Heylenlei 41,2023-03-19,10:00:00,104,40,64,FMN GV 22 Boechout
7,Victor Heylenlei 41,2023-03-19,11:00:00,102,60,42,FMN GV 22 Boechout
7,Victor Heylenlei 41,2023-03-19,12:00:00,96,62,34,FMN GV 22 Boechout
7,Victor Heylenlei 41,2023-03-19,13:00:00,103,59,44,FMN GV 22 Boechout
7,Victor Heylenlei 41,2023-03-19,14:00:00,122,61,61,FMN GV 22 Boechout
7,Victor Heylenlei 41,2023-03-19,15:00:00,103,67,36,FMN GV 22 Boechout
7,Victor Heylenlei 41,2023-03-19,16:00:00,98,46,52,FMN GV 22 Boechout
7,Victor Heylenlei 41,2023-03-19,17:00:00,66,29,37,FMN GV 22 Boechout
7,Victor Heylenlei 41,2023-03-19,18:00:00,39,24,15,FMN GV 22 Boechout
7,Victor Heylenlei 41,2023-03-19,19:00:00,28,18,10,FMN GV 22 Boechout
7,Victor Heylenlei 41,2023-03-19,20:00:00,16,8,8,FMN GV 22 Boechout
7,Victor Heylenlei 41,2023-03-19,21:00:00,9,0,9,FMN GV 22 Boechout
7,Victor Heylenlei 41,2023-03-19,22:00:00,7,2,5,FMN GV 22 Boechout
7,Victor Heylenlei 41,2023-03-19,23:00:00,8,2,6,FMN GV 22 Boechout
7,Victor Heylenlei 41,2023-03-20,00:00:00,4,1,3,FMN GV 22 Boechout
7,Victor Heylenlei 41,2023-03-20,01:00:00,5,3,2,FMN GV 22 Boechout
7,Victor Heylenlei 41,2023-03-20,02:00:00,0,0,0,FMN GV 22 Boechout
7,Victor Heylenlei 41,2023-03-20,03:00:00,1,1,0,FMN GV 22 Boechout
7,Victor Heylenlei 41,2023-03-20,04:00:00,3,2,1,FMN GV 22 Boechout
7,Victor Heylenlei 41,2023-03-20,05:00:00,16,10,6,FMN GV 22 Boechout
7,Victor Heylenlei 41,2023-03-20,06:00:00,50,38,12,FMN GV 22 Boechout
7,Victor Heylenlei 41,2023-03-20,07:00:00,175,136,39,FMN GV 22 Boechout
7,Victor Heylenlei 41,2023-03-20,08:00:00,280,132,148,FMN GV 22 Boechout
7,Victor Heylenlei 41,2023-03-20,09:00:00,54,35,19,FMN GV 22 Boechout
7,Victor Heylenlei 41,2023-03-20,10:00:00,46,32,14,FMN GV 22 Boechout
7,Victor Heylenlei 41,2023-03-20,11:00:00,36,19,17,FMN GV 22 Boechout
7,Victor Heylenlei 41,2023-03-20,12:00:00,109,83,26,FMN GV 22 Boechout
7,Victor Heylenlei 41,2023-03-20,13:00:00,47,23,24,FMN GV 22 Boechout
7,Victor Heylenlei 41,2023-03-20,14:00:00,62,29,33,FMN GV 22 Boechout
7,Victor Heylenlei 41,2023-03-20,15:00:00,75,30,45,FMN GV 22 Boechout
7,Victor Heylenlei 41,2023-03-20,16:00:00,188,84,104,FMN GV 22 Boechout
7,Victor Heylenlei 41,2023-03-20,17:00:00,150,34,116,FMN GV 22 Boechout
7,Victor Heylenlei 41,2023-03-20,18:00:00,96,29,67,FMN GV 22 Boechout
7,Victor Heylenlei 41,2023-03-20,19:00:00,41,17,24,FMN GV 22 Boechout
7,Victor Heylenlei 41,2023-03-20,20:00:00,19,10,9,FMN GV 22 Boechout
7,Victor Heylenlei 41,2023-03-20,21:00:00,22,8,14,FMN GV 22 Boechout
7,Victor Heylenlei 41,2023-03-20,22:00:00,18,8,10,FMN GV 22 Boechout
7,Victor Heylenlei 41,2023-03-20,23:00:00,3,1,2,FMN GV 22 Boechout
7,Victor Heylenlei 41,2023-03-21,00:00:00,2,0,2,FMN GV 22 Boechout
7,Victor Heylenlei 41,2023-03-21,01:00:00,0,0,0,FMN GV 22 Boechout
7,Victor Heylenlei 41,2023-03-21,02:00:00,0,0,0,FMN GV 22 Boechout
7,Victor Heylenlei 41,2023-03-21,03:00:00,3,2,1,FMN GV 22 Boechout
7,Victor Heylenlei 41,2023-03-21,04:00:00,5,3,2,FMN GV 22 Boechout
7,Victor Heylenlei 41,2023-03-21,05:00:00,20,13,7,FMN GV 22 Boechout
7,Victor Heylenlei 41,2023-03-21,06:00:00,43,32,11,FMN GV 22 Boechout
7,Victor Heylenlei 41,2023-03-21,07:00:00,136,100,36,FMN GV 22 Boechout
7,Victor Heylenlei 41,2023-03-21,08:00:00,254,115,139,FMN GV 22 Boechout
7,Victor Heylenlei 41,2023-03-21,09:00:00,46,34,12,FMN GV 22 Boechout
7,Victor Heylenlei 41,2023-03-21,10:00:00,89,79,10,FMN GV 22 Boechout
7,Victor Heylenlei 41,2023-03-21,11:00:00,31,18,13,FMN GV 22 Boechout
7,Victor Heylenlei 41,2023-03-21,12:00:00,59,28,31,FMN GV 22 Boechout
7,Victor Heylenlei 41,2023-03-21,13:00:00,70,37,33,FMN GV 22 Boechout
7,Victor Heylenlei 41,2023-03-21,14:00:00,99,61,38,FMN GV 22 Boechout
7,Victor Heylenlei 41,2023-03-21,15:00:00,72,33,39,FMN GV 22 Boechout
7,Victor Heylenlei 41,2023-03-21,16:00:00,193,97,96,FMN GV 22 Boechout
7,Victor Heylenlei 41,2023-03-21,17:00:00,159,51,108,FMN GV 22 Boechout
7,Victor Heylenlei 41,2023-03-21,18:00:00,78,18,60,FMN GV 22 Boechout
7,Victor Heylenlei 41,2023-03-21,19:00:00,31,16,15,FMN GV 22 Boechout
7,Victor Heylenlei 41,2023-03-21,20:00:00,17,9,8,FMN GV 22 Boechout
7,Victor Heylenlei 41,2023-03-21,21:00:00,20,9,11,FMN GV 22 Boechout
7,Victor Heylenlei 41,2023-03-21,22:00:00,24,8,16,FMN GV 22 Boechout
7,Victor Heylenlei 41,2023-03-21,23:00:00,8,5,3,FMN GV 22 Boechout
7,Victor Heylenlei 41,2023-03-22,00:00:00,3,0,3,FMN GV 22 Boechout
7,Victor Heylenlei 41,2023-03-22,01:00:00,2,0,2,FMN GV 22 Boechout
7,Victor Heylenlei 41,2023-03-22,02:00:00,0,0,0,FMN GV 22 Boechout
7,Victor Heylenlei 41,2023-03-22,03:00:00,3,2,1,FMN GV 22 Boechout
7,Victor Heylenlei 41,2023-03-22,04:00:00,6,5,1,FMN GV 22 Boechout
7,Victor Heylenlei 41,2023-03-22,05:00:00,16,9,7,FMN GV 22 Boechout
7,Victor Heylenlei 41,2023-03-22,06:00:00,39,29,10,FMN GV 22 Boechout
7,Victor Heylenlei 41,2023-03-22,07:00:00,147,106,41,FMN GV 22 Boechout
7,Victor Heylenlei 41,2023-03-22,08:00:00,221,86,135,FMN GV 22 Boechout
7,Victor Heylenlei 41,2023-03-22,09:00:00,46,25,21,FMN GV 22 Boechout
7,Victor Heylenlei 41,2023-03-22,10:00:00,65,50,15,FMN GV 22 Boechout
7,Victor Heylenlei 41,2023-03-22,11:00:00,24,15,9,FMN GV 22 Boechout
7,Victor Heylenlei 41,2023-03-22,12:00:00,157,107,50,FMN GV 22 Boechout
7,Victor Heylenlei 41,2023-03-22,13:00:00,59,27,32,FMN GV 22 Boechout
7,Victor Heylenlei 41,2023-03-22,14:00:00,51,20,31,FMN GV 22 Boechout
7,Victor Heylenlei 41,2023-03-22,15:00:00,61,28,33,FMN GV 22 Boechout
7,Victor Heylenlei 41,2023-03-22,16:00:00,73,20,53,FMN GV 22 Boechout
7,Victor Heylenlei 41,2023-03-22,17:00:00,106,31,75,FMN GV 22 Boechout
7,Victor Heylenlei 41,2023-03-22,18:00:00,76,23,53,FMN GV 22 Boechout
7,Victor Heylenlei 41,2023-03-22,19:00:00,27,11,16,FMN GV 22 Boechout
7,Victor Heylenlei 41,2023-03-22,20:00:00,13,6,7,FMN GV 22 Boechout
7,Victor Heylenlei 41,2023-03-22,21:00:00,14,7,7,FMN GV 22 Boechout
7,Victor Heylenlei 41,2023-03-22,22:00:00,19,9,10,FMN GV 22 Boechout
7,Victor Heylenlei 41,2023-03-22,23:00:00,5,1,4,FMN GV 22 Boechout
7,Victor Heylenlei 41,2023-03-23,00:00:00,4,2,2,FMN GV 22 Boechout
7,Victor Heylenlei 41,2023-03-23,01:00:00,1,0,1,FMN GV 22 Boechout
7,Victor Heylenlei 41,2023-03-23,02:00:00,0,0,0,FMN GV 22 Boechout
7,Victor Heylenlei 41,2023-03-23,03:00:00,2,1,1,FMN GV 22 Boechout
7,Victor Heylenlei 41,2023-03-23,04:00:00,4,4,0,FMN GV 22 Boechout
7,Victor Heylenlei 41,2023-03-23,05:00:00,12,6,6,FMN GV 22 Boechout
7,Victor Heylenlei 41,2023-03-23,06:00:00,33,25,8,FMN GV 22 Boechout
7,Victor Heylenlei 41,2023-03-23,07:00:00,114,89,25,FMN GV 22 Boechout
7,Victor Heylenlei 41,2023-03-23,08:00:00,213,88,125,FMN GV 22 Boechout
7,Victor Heylenlei 41,2023-03-23,09:00:00,43,33,10,FMN GV 22 Boechout
7,Victor Heylenlei 41,2023-03-23,10:00:00,83,63,20,FMN GV 22 Boechout
7,Victor Heylenlei 41,2023-03-23,11:00:00,43,31,12,FMN GV 22 Boechout
7,Victor Heylenlei 41,2023-03-23,12:00:00,69,52,17,FMN GV 22 Boechout
7,Victor Heylenlei 41,2023-03-23,13:00:00,58,30,28,FMN GV 22 Boechout
7,Victor Heylenlei 41,2023-03-23,14:00:00,52,20,32,FMN GV 22 Boechout
7,Victor Heylenlei 41,2023-03-23,15:00:00,56,12,44,FMN GV 22 Boechout
7,Victor Heylenlei 41,2023-03-23,16:00:00,117,50,67,FMN GV 22 Boechout
7,Victor Heylenlei 41,2023-03-23,17:00:00,103,22,81,FMN GV 22 Boechout
7,Victor Heylenlei 41,2023-03-23,18:00:00,71,17,54,FMN GV 22 Boechout
7,Victor Heylenlei 41,2023-03-23,19:00:00,26,14,12,FMN GV 22 Boechout
7,Victor Heylenlei 41,2023-03-23,20:00:00,22,11,11,FMN GV 22 Boechout
7,Victor Heylenlei 41,2023-03-23,21:00:00,12,7,5,FMN GV 22 Boechout
7,Victor Heylenlei 41,2023-03-23,22:00:00,21,10,11,FMN GV 22 Boechout
7,Victor Heylenlei 41,2023-03-23,23:00:00,8,1,7,FMN GV 22 Boechout
7,Victor Heylenlei 41,2023-03-24,00:00:00,3,1,2,FMN GV 22 Boechout
7,Victor Heylenlei 41,2023-03-24,01:00:00,0,0,0,FMN GV 22 Boechout
7,Victor Heylenlei 41,2023-03-24,02:00:00,0,0,0,FMN GV 22 Boechout
7,Victor Heylenlei 41,2023-03-24,03:00:00,1,0,1,FMN GV 22 Boechout
7,Victor Heylenlei 41,2023-03-24,04:00:00,8,6,2,FMN GV 22 Boechout
7,Victor Heylenlei 41,2023-03-24,05:00:00,17,9,8,FMN GV 22 Boechout
7,Victor Heylenlei 41,2023-03-24,06:00:00,36,27,9,FMN GV 22 Boechout
7,Victor Heylenlei 41,2023-03-24,07:00:00,131,100,31,FMN GV 22 Boechout
7,Victor Heylenlei 41,2023-03-24,08:00:00,225,90,135,FMN GV 22 Boechout
7,Victor Heylenlei 41,2023-03-24,09:00:00,51,32,19,FMN GV 22 Boechout
7,Victor Heylenlei 41,2023-03-24,10:00:00,114,91,23,FMN GV 22 Boechout
7,Victor Heylenlei 41,2023-03-24,11:00:00,61,38,23,FMN GV 22 Boechout
7,Victor Heylenlei 41,2023-03-24,12:00:00,64,43,21,FMN GV 22 Boechout
7,Victor Heylenlei 41,2023-03-24,13:00:00,47,23,24,FMN GV 22 Boechout
7,Victor Heylenlei 41,2023-03-24,14:00:00,47,17,30,FMN GV 22 Boechout
7,Victor Heylenlei 41,2023-03-24,15:00:00,60,15,45,FMN GV 22 Boechout
7,Victor Heylenlei 41,2023-03-24,16:00:00,102,33,69,FMN GV 22 Boechout
7,Victor Heylenlei 41,2023-03-24,17:00:00,94,31,63,FMN GV 22 Boechout
7,Victor Heylenlei 41,2023-03-24,18:00:00,53,21,32,FMN GV 22 Boechout
7,Victor Heylenlei 41,2023-03-24,19:00:00,27,10,17,FMN GV 22 Boechout
7,Victor Heylenlei 41,2023-03-24,20:00:00,24,12,12,FMN GV 22 Boechout
7,Victor Heylenlei 41,2023-03-24,21:00:00,9,2,7,FMN GV 22 Boechout
7,Victor Heylenlei 41,2023-03-24,22:00:00,15,4,11,FMN GV 22 Boechout
7,Victor Heylenlei 41,2023-03-24,23:00:00,10,2,8,FMN GV 22 Boechout
7,Victor Heylenlei 41,2023-03-25,00:00:00,13,2,11,FMN GV 22 Boechout
7,Victor Heylenlei 41,2023-03-25,01:00:00,13,7,6,FMN GV 22 Boechout
7,Victor Heylenlei 41,2023-03-25,02:00:00,5,2,3,FMN GV 22 Boechout
7,Victor Heylenlei 41,2023-03-25,03:00:00,1,1,0,FMN GV 22 Boechout
7,Victor Heylenlei 41,2023-03-25,04:00:00,2,1,1,FMN GV 22 Boechout
7,Victor Heylenlei 41,2023-03-25,05:00:00,3,0,3,FMN GV 22 Boechout
7,Victor Heylenlei 41,2023-03-25,06:00:00,7,4,3,FMN GV 22 Boechout
7,Victor Heylenlei 41,2023-03-25,07:00:00,12,4,8,FMN GV 22 Boechout
7,Victor Heylenlei 41,2023-03-25,08:00:00,24,11,13,FMN GV 22 Boechout
7,Victor Heylenlei 41,2023-03-25,09:00:00,29,13,16,FMN GV 22 Boechout
7,Victor Heylenlei 41,2023-03-25,10:00:00,38,17,21,FMN GV 22 Boechout
7,Victor Heylenlei 41,2023-03-25,11:00:00,34,24,10,FMN GV 22 Boechout
7,Victor Heylenlei 41,2023-03-25,12:00:00,36,23,13,FMN GV 22 Boechout
7,Victor Heylenlei 41,2023-03-25,13:00:00,58,25,33,FMN GV 22 Boechout
7,Victor Heylenlei 41,2023-03-25,14:00:00,32,13,19,FMN GV 22 Boechout
7,Victor Heylenlei 41,2023-03-25,15:00:00,46,26,20,FMN GV 22 Boechout
7,Victor Heylenlei 41,2023-03-25,16:00:00,41,19,22,FMN GV 22 Boechout
7,Victor Heylenlei 41,2023-03-25,17:00:00,25,14,11,FMN GV 22 Boechout
7,Victor Heylenlei 41,2023-03-25,18:00:00,38,17,21,FMN GV 22 Boechout
7,Victor Heylenlei 41,2023-03-25,19:00:00,18,11,7,FMN GV 22 Boechout
7,Victor Heylenlei 41,2023-03-25,20:00:00,13,6,7,FMN GV 22 Boechout
7,Victor Heylenlei 41,2023-03-25,21:00:00,8,3,5,FMN GV 22 Boechout
7,Victor Heylenlei 41,2023-03-25,22:00:00,9,3,6,FMN GV 22 Boechout
7,Victor Heylenlei 41,2023-03-25,23:00:00,10,5,5,FMN GV 22 Boechout
7,Victor Heylenlei 41,2023-03-26,00:00:00,18,9,9,FMN GV 22 Boechout
7,Victor Heylenlei 41,2023-03-26,01:00:00,16,9,7,FMN GV 22 Boechout
7,Victor Heylenlei 41,2023-03-26,02:00:00,0,0,0,FMN GV 22 Boechout
7,Victor Heylenlei 41,2023-03-26,03:00:00,3,1,2,FMN GV 22 Boechout
7,Victor Heylenlei 41,2023-03-26,04:00:00,4,3,1,FMN GV 22 Boechout
7,Victor Heylenlei 41,2023-03-26,05:00:00,4,0,4,FMN GV 22 Boechout
7,Victor Heylenlei 41,2023-03-26,06:00:00,3,2,1,FMN GV 22 Boechout
7,Victor Heylenlei 41,2023-03-26,07:00:00,2,1,1,FMN GV 22 Boechout
7,Victor Heylenlei 41,2023-03-26,08:00:00,6,5,1,FMN GV 22 Boechout
7,Victor Heylenlei 41,2023-03-26,09:00:00,21,10,11,FMN GV 22 Boechout
7,Victor Heylenlei 41,2023-03-26,10:00:00,14,7,7,FMN GV 22 Boechout
7,Victor Heylenlei 41,2023-03-26,11:00:00,10,9,1,FMN GV 22 Boechout
7,Victor Heylenlei 41,2023-03-26,12:00:00,30,23,7,FMN GV 22 Boechout
7,Victor Heylenlei 41,2023-03-26,13:00:00,15,10,5,FMN GV 22 Boechout
7,Victor Heylenlei 41,2023-03-26,14:00:00,28,12,16,FMN GV 22 Boechout
7,Victor Heylenlei 41,2023-03-26,15:00:00,26,13,13,FMN GV 22 Boechout
7,Victor Heylenlei 41,2023-03-26,16:00:00,30,12,18,FMN GV 22 Boechout
7,Victor Heylenlei 41,2023-03-26,17:00:00,21,12,9,FMN GV 22 Boechout
7,Victor Heylenlei 41,2023-03-26,18:00:00,15,6,9,FMN GV 22 Boechout
7,Victor Heylenlei 41,2023-03-26,19:00:00,8,5,3,FMN GV 22 Boechout
7,Victor Heylenlei 41,2023-03-26,20:00:00,7,5,2,FMN GV 22 Boechout
7,Victor Heylenlei 41,2023-03-26,21:00:00,3,1,2,FMN GV 22 Boechout
7,Victor Heylenlei 41,2023-03-26,22:00:00,7,1,6,FMN GV 22 Boechout
7,Victor Heylenlei 41,2023-03-26,23:00:00,3,0,3,FMN GV 22 Boechout
7,Victor Heylenlei 41,2023-03-27,00:00:00,0,0,0,FMN GV 22 Boechout
7,Victor Heylenlei 41,2023-03-27,01:00:00,2,1,1,FMN GV 22 Boechout
7,Victor Heylenlei 41,2023-03-27,02:00:00,1,0,1,FMN GV 22 Boechout
7,Victor Heylenlei 41,2023-03-27,03:00:00,2,1,1,FMN GV 22 Boechout
7,Victor Heylenlei 41,2023-03-27,04:00:00,3,3,0,FMN GV 22 Boechout
7,Victor Heylenlei 41,2023-03-27,05:00:00,15,9,6,FMN GV 22 Boechout
7,Victor Heylenlei 41,2023-03-27,06:00:00,40,31,9,FMN GV 22 Boechout
7,Victor Heylenlei 41,2023-03-27,07:00:00,142,112,30,FMN GV 22 Boechout
7,Victor Heylenlei 41,2023-03-27,08:00:00,266,128,138,FMN GV 22 Boechout
7,Victor Heylenlei 41,2023-03-27,09:00:00,33,27,6,FMN GV 22 Boechout
7,Victor Heylenlei 41,2023-03-27,10:00:00,62,50,12,FMN GV 22 Boechout
7,Victor Heylenlei 41,2023-03-27,11:00:00,58,43,15,FMN GV 22 Boechout
7,Victor Heylenlei 41,2023-03-27,12:00:00,89,67,22,FMN GV 22 Boechout
7,Victor Heylenlei 41,2023-03-27,13:00:00,75,25,50,FMN GV 22 Boechout
7,Victor Heylenlei 41,2023-03-27,14:00:00,49,20,29,FMN GV 22 Boechout
7,Victor Heylenlei 41,2023-03-27,15:00:00,94,34,60,FMN GV 22 Boechout
7,Victor Heylenlei 41,2023-03-27,16:00:00,165,67,98,FMN GV 22 Boechout
7,Victor Heylenlei 41,2023-03-27,17:00:00,148,33,115,FMN GV 22 Boechout
7,Victor Heylenlei 41,2023-03-27,18:00:00,87,28,59,FMN GV 22 Boechout
7,Victor Heylenlei 41,2023-03-27,19:00:00,35,20,15,FMN GV 22 Boechout
7,Victor Heylenlei 41,2023-03-27,20:00:00,27,16,11,FMN GV 22 Boechout
7,Victor Heylenlei 41,2023-03-27,21:00:00,17,9,8,FMN GV 22 Boechout
7,Victor Heylenlei 41,2023-03-27,22:00:00,23,10,13,FMN GV 22 Boechout
7,Victor Heylenlei 41,2023-03-27,23:00:00,2,0,2,FMN GV 22 Boechout
7,Victor Heylenlei 41,2023-03-28,00:00:00,0,0,0,FMN GV 22 Boechout
7,Victor Heylenlei 41,2023-03-28,01:00:00,0,0,0,FMN GV 22 Boechout
7,Victor Heylenlei 41,2023-03-28,02:00:00,0,0,0,FMN GV 22 Boechout
7,Victor Heylenlei 41,2023-03-28,03:00:00,1,0,1,FMN GV 22 Boechout
7,Victor Heylenlei 41,2023-03-28,04:00:00,7,5,2,FMN GV 22 Boechout
7,Victor Heylenlei 41,2023-03-28,05:00:00,15,9,6,FMN GV 22 Boechout
7,Victor Heylenlei 41,2023-03-28,06:00:00,37,30,7,FMN GV 22 Boechout
7,Victor Heylenlei 41,2023-03-28,07:00:00,129,97,32,FMN GV 22 Boechout
7,Victor Heylenlei 41,2023-03-28,08:00:00,321,161,160,FMN GV 22 Boechout
7,Victor Heylenlei 41,2023-03-28,09:00:00,50,36,14,FMN GV 22 Boechout
7,Victor Heylenlei 41,2023-03-28,10:00:00,120,96,24,FMN GV 22 Boechout
7,Victor Heylenlei 41,2023-03-28,11:00:00,61,42,19,FMN GV 22 Boechout
7,Victor Heylenlei 41,2023-03-28,12:00:00,72,39,33,FMN GV 22 Boechout
7,Victor Heylenlei 41,2023-03-28,13:00:00,84,37,47,FMN GV 22 Boechout
7,Victor Heylenlei 41,2023-03-28,14:00:00,77,47,30,FMN GV 22 Boechout
7,Victor Heylenlei 41,2023-03-28,15:00:00,91,44,47,FMN GV 22 Boechout
7,Victor Heylenlei 41,2023-03-28,16:00:00,170,70,100,FMN GV 22 Boechout
7,Victor Heylenlei 41,2023-03-28,17:00:00,166,53,113,FMN GV 22 Boechout
7,Victor Heylenlei 41,2023-03-28,18:00:00,114,27,87,FMN GV 22 Boechout
7,Victor Heylenlei 41,2023-03-28,19:00:00,34,16,18,FMN GV 22 Boechout
7,Victor Heylenlei 41,2023-03-28,20:00:00,45,35,10,FMN GV 22 Boechout
7,Victor Heylenlei 41,2023-03-28,21:00:00,21,6,15,FMN GV 22 Boechout
7,Victor Heylenlei 41,2023-03-28,22:00:00,23,11,12,FMN GV 22 Boechout
7,Victor Heylenlei 41,2023-03-28,23:00:00,11,3,8,FMN GV 22 Boechout
7,Victor Heylenlei 41,2023-03-29,00:00:00,1,0,1,FMN GV 22 Boechout
7,Victor Heylenlei 41,2023-03-29,01:00:00,1,1,0,FMN GV 22 Boechout
7,Victor Heylenlei 41,2023-03-29,02:00:00,1,0,1,FMN GV 22 Boechout
7,Victor Heylenlei 41,2023-03-29,03:00:00,1,0,1,FMN GV 22 Boechout
7,Victor Heylenlei 41,2023-03-29,04:00:00,6,4,2,FMN GV 22 Boechout
7,Victor Heylenlei 41,2023-03-29,05:00:00,12,7,5,FMN GV 22 Boechout
7,Victor Heylenlei 41,2023-03-29,06:00:00,38,28,10,FMN GV 22 Boechout
7,Victor Heylenlei 41,2023-03-29,07:00:00,126,89,37,FMN GV 22 Boechout
7,Victor Heylenlei 41,2023-03-29,08:00:00,231,107,124,FMN GV 22 Boechout
7,Victor Heylenlei 41,2023-03-29,09:00:00,45,27,18,FMN GV 22 Boechout
7,Victor Heylenlei 41,2023-03-29,10:00:00,29,19,10,FMN GV 22 Boechout
7,Victor Heylenlei 41,2023-03-29,11:00:00,134,113,21,FMN GV 22 Boechout
7,Victor Heylenlei 41,2023-03-29,12:00:00,84,37,47,FMN GV 22 Boechout
7,Victor Heylenlei 41,2023-03-29,13:00:00,99,37,62,FMN GV 22 Boechout
7,Victor Heylenlei 41,2023-03-29,14:00:00,76,40,36,FMN GV 22 Boechout
7,Victor Heylenlei 41,2023-03-29,15:00:00,73,26,47,FMN GV 22 Boechout
7,Victor Heylenlei 41,2023-03-29,16:00:00,128,49,79,FMN GV 22 Boechout
7,Victor Heylenlei 41,2023-03-29,17:00:00,170,66,104,FMN GV 22 Boechout
7,Victor Heylenlei 41,2023-03-29,18:00:00,135,50,85,FMN GV 22 Boechout
7,Victor Heylenlei 41,2023-03-29,19:00:00,91,44,47,FMN GV 22 Boechout
7,Victor Heylenlei 41,2023-03-29,20:00:00,37,24,13,FMN GV 22 Boechout
7,Victor Heylenlei 41,2023-03-29,21:00:00,22,9,13,FMN GV 22 Boechout
7,Victor Heylenlei 41,2023-03-29,22:00:00,40,17,23,FMN GV 22 Boechout
7,Victor Heylenlei 41,2023-03-29,23:00:00,9,5,4,FMN GV 22 Boechout
7,Victor Heylenlei 41,2023-03-30,00:00:00,3,2,1,FMN GV 22 Boechout
7,Victor Heylenlei 41,2023-03-30,01:00:00,0,0,0,FMN GV 22 Boechout
7,Victor Heylenlei 41,2023-03-30,02:00:00,2,0,2,FMN GV 22 Boechout
7,Victor Heylenlei 41,2023-03-30,03:00:00,1,0,1,FMN GV 22 Boechout
7,Victor Heylenlei 41,2023-03-30,04:00:00,6,4,2,FMN GV 22 Boechout
7,Victor Heylenlei 41,2023-03-30,05:00:00,12,7,5,FMN GV 22 Boechout
7,Victor Heylenlei 41,2023-03-30,06:00:00,31,24,7,FMN GV 22 Boechout
7,Victor Heylenlei 41,2023-03-30,07:00:00,101,84,17,FMN GV 22 Boechout
7,Victor Heylenlei 41,2023-03-30,08:00:00,180,125,55,FMN GV 22 Boechout
7,Victor Heylenlei 41,2023-03-30,09:00:00,49,32,17,FMN GV 22 Boechout
7,Victor Heylenlei 41,2023-03-30,10:00:00,54,33,21,FMN GV 22 Boechout
7,Victor Heylenlei 41,2023-03-30,11:00:00,69,32,37,FMN GV 22 Boechout
7,Victor Heylenlei 41,2023-03-30,12:00:00,35,18,17,FMN GV 22 Boechout
7,Victor Heylenlei 41,2023-03-30,13:00:00,54,28,26,FMN GV 22 Boechout
7,Victor Heylenlei 41,2023-03-30,14:00:00,55,30,25,FMN GV 22 Boechout
7,Victor Heylenlei 41,2023-03-30,15:00:00,61,19,42,FMN GV 22 Boechout
7,Victor Heylenlei 41,2023-03-30,16:00:00,165,52,113,FMN GV 22 Boechout
7,Victor Heylenlei 41,2023-03-30,17:00:00,84,24,60,FMN GV 22 Boechout
7,Victor Heylenlei 41,2023-03-30,18:00:00,83,25,58,FMN GV 22 Boechout
7,Victor Heylenlei 41,2023-03-30,19:00:00,46,19,27,FMN GV 22 Boechout
7,Victor Heylenlei 41,2023-03-30,20:00:00,30,20,10,FMN GV 22 Boechout
7,Victor Heylenlei 41,2023-03-30,21:00:00,27,15,12,FMN GV 22 Boechout
7,Victor Heylenlei 41,2023-03-30,22:00:00,41,14,27,FMN GV 22 Boechout
7,Victor Heylenlei 41,2023-03-30,23:00:00,13,1,12,FMN GV 22 Boechout
7,Victor Heylenlei 41,2023-03-31,00:00:00,7,1,6,FMN GV 22 Boechout
7,Victor Heylenlei 41,2023-03-31,01:00:00,4,0,4,FMN GV 22 Boechout
7,Victor Heylenlei 41,2023-03-31,02:00:00,1,0,1,FMN GV 22 Boechout
7,Victor Heylenlei 41,2023-03-31,03:00:00,1,0,1,FMN GV 22 Boechout
7,Victor Heylenlei 41,2023-03-31,04:00:00,2,2,0,FMN GV 22 Boechout
7,Victor Heylenlei 41,2023-03-31,05:00:00,6,3,3,FMN GV 22 Boechout
7,Victor Heylenlei 41,2023-03-31,06:00:00,16,10,6,FMN GV 22 Boechout
7,Victor Heylenlei 41,2023-03-31,07:00:00,62,43,19,FMN GV 22 Boechout
7,Victor Heylenlei 41,2023-03-31,08:00:00,141,51,90,FMN GV 22 Boechout
7,Victor Heylenlei 41,2023-03-31,09:00:00,27,17,10,FMN GV 22 Boechout
7,Victor Heylenlei 41,2023-03-31,10:00:00,96,83,13,FMN GV 22 Boechout
7,Victor Heylenlei 41,2023-03-31,11:00:00,17,11,6,FMN GV 22 Boechout
7,Victor Heylenlei 41,2023-03-31,12:00:00,29,20,9,FMN GV 22 Boechout
7,Victor Heylenlei 41,2023-03-31,13:00:00,31,17,14,FMN GV 22 Boechout
7,Victor Heylenlei 41,2023-03-31,14:00:00,36,17,19,FMN GV 22 Boechout
7,Victor Heylenlei 41,2023-03-31,15:00:00,36,14,22,FMN GV 22 Boechout
7,Victor Heylenlei 41,2023-03-31,16:00:00,68,33,35,FMN GV 22 Boechout
7,Victor Heylenlei 41,2023-03-31,17:00:00,64,15,49,FMN GV 22 Boechout
7,Victor Heylenlei 41,2023-03-31,18:00:00,59,23,36,FMN GV 22 Boechout
7,Victor Heylenlei 41,2023-03-31,19:00:00,27,12,15,FMN GV 22 Boechout
7,Victor Heylenlei 41,2023-03-31,20:00:00,10,5,5,FMN GV 22 Boechout
7,Victor Heylenlei 41,2023-03-31,21:00:00,11,4,7,FMN GV 22 Boechout
7,Victor Heylenlei 41,2023-03-31,22:00:00,7,0,7,FMN GV 22 Boechout
7,Victor Heylenlei 41,2023-03-31,23:00:00,11,6,5,FMN GV 22 Boechout
7,Victor Heylenlei 41,2023-04-01,00:00:00,7,3,4,FMN GV 22 Boechout
7,Victor Heylenlei 41,2023-04-01,01:00:00,2,0,2,FMN GV 22 Boechout
7,Victor Heylenlei 41,2023-04-01,02:00:00,4,2,2,FMN GV 22 Boechout
7,Victor Heylenlei 41,2023-04-01,03:00:00,3,0,3,FMN GV 22 Boechout
7,Victor Heylenlei 41,2023-04-01,04:00:00,3,3,0,FMN GV 22 Boechout
7,Victor Heylenlei 41,2023-04-01,05:00:00,3,2,1,FMN GV 22 Boechout
7,Victor Heylenlei 41,2023-04-01,06:00:00,3,2,1,FMN GV 22 Boechout
7,Victor Heylenlei 41,2023-04-01,07:00:00,2,0,2,FMN GV 22 Boechout
7,Victor Heylenlei 41,2023-04-01,08:00:00,12,7,5,FMN GV 22 Boechout
7,Victor Heylenlei 41,2023-04-01,09:00:00,15,4,11,FMN GV 22 Boechout
7,Victor Heylenlei 41,2023-04-01,10:00:00,14,7,7,FMN GV 22 Boechout
7,Victor Heylenlei 41,2023-04-01,11:00:00,12,10,2,FMN GV 22 Boechout
7,Victor Heylenlei 41,2023-04-01,12:00:00,16,8,8,FMN GV 22 Boechout
7,Victor Heylenlei 41,2023-04-01,13:00:00,25,6,19,FMN GV 22 Boechout
7,Victor Heylenlei 41,2023-04-01,14:00:00,25,16,9,FMN GV 22 Boechout
7,Victor Heylenlei 41,2023-04-01,15:00:00,8,4,4,FMN GV 22 Boechout
7,Victor Heylenlei 41,2023-04-01,16:00:00,20,8,12,FMN GV 22 Boechout
7,Victor Heylenlei 41,2023-04-01,17:00:00,16,9,7,FMN GV 22 Boechout
7,Victor Heylenlei 41,2023-04-01,18:00:00,19,10,9,FMN GV 22 Boechout
7,Victor Heylenlei 41,2023-04-01,19:00:00,8,4,4,FMN GV 22 Boechout
7,Victor Heylenlei 41,2023-04-01,20:00:00,7,4,3,FMN GV 22 Boechout
7,Victor Heylenlei 41,2023-04-01,21:00:00,9,5,4,FMN GV 22 Boechout
7,Victor Heylenlei 41,2023-04-01,22:00:00,2,0,2,FMN GV 22 Boechout
7,Victor Heylenlei 41,2023-04-01,23:00:00,3,1,2,FMN GV 22 Boechout
7,Victor Heylenlei 41,2023-04-02,00:00:00,3,1,2,FMN GV 22 Boechout
7,Victor Heylenlei 41,2023-04-02,01:00:00,1,1,0,FMN GV 22 Boechout
7,Victor Heylenlei 41,2023-04-02,02:00:00,4,3,1,FMN GV 22 Boechout
7,Victor Heylenlei 41,2023-04-02,03:00:00,0,0,0,FMN GV 22 Boechout
7,Victor Heylenlei 41,2023-04-02,04:00:00,2,1,1,FMN GV 22 Boechout
7,Victor Heylenlei 41,2023-04-02,05:00:00,1,0,1,FMN GV 22 Boechout
7,Victor Heylenlei 41,2023-04-02,06:00:00,2,0,2,FMN GV 22 Boechout
7,Victor Heylenlei 41,2023-04-02,07:00:00,6,2,4,FMN GV 22 Boechout
7,Victor Heylenlei 41,2023-04-02,08:00:00,24,6,18,FMN GV 22 Boechout
7,Victor Heylenlei 41,2023-04-02,09:00:00,58,28,30,FMN GV 22 Boechout
7,Victor Heylenlei 41,2023-04-02,10:00:00,112,40,72,FMN GV 22 Boechout
7,Victor Heylenlei 41,2023-04-02,11:00:00,117,83,34,FMN GV 22 Boechout
7,Victor Heylenlei 41,2023-04-02,12:00:00,121,74,47,FMN GV 22 Boechout
7,Victor Heylenlei 41,2023-04-02,13:00:00,75,38,37,FMN GV 22 Boechout
7,Victor Heylenlei 41,2023-04-02,14:00:00,88,42,46,FMN GV 22 Boechout
7,Victor Heylenlei 41,2023-04-02,15:00:00,56,32,24,FMN GV 22 Boechout
7,Victor Heylenlei 41,2023-04-02,16:00:00,49,27,22,FMN GV 22 Boechout
7,Victor Heylenlei 41,2023-04-02,17:00:00,44,19,25,FMN GV 22 Boechout
7,Victor Heylenlei 41,2023-04-02,18:00:00,51,28,23,FMN GV 22 Boechout
7,Victor Heylenlei 41,2023-04-02,19:00:00,29,15,14,FMN GV 22 Boechout
7,Victor Heylenlei 41,2023-04-02,20:00:00,24,17,7,FMN GV 22 Boechout
7,Victor Heylenlei 41,2023-04-02,21:00:00,13,7,6,FMN GV 22 Boechout
7,Victor Heylenlei 41,2023-04-02,22:00:00,10,6,4,FMN GV 22 Boechout
7,Victor Heylenlei 41,2023-04-02,23:00:00,0,0,0,FMN GV 22 Boechout
7,Victor Heylenlei 41,2023-04-03,00:00:00,4,1,3,FMN GV 22 Boechout
7,Victor Heylenlei 41,2023-04-03,01:00:00,1,0,1,FMN GV 22 Boechout
7,Victor Heylenlei 41,2023-04-03,02:00:00,1,0,1,FMN GV 22 Boechout
7,Victor Heylenlei 41,2023-04-03,03:00:00,0,0,0,FMN GV 22 Boechout
7,Victor Heylenlei 41,2023-04-03,04:00:00,5,3,2,FMN GV 22 Boechout
7,Victor Heylenlei 41,2023-04-03,05:00:00,13,8,5,FMN GV 22 Boechout
7,Victor Heylenlei 41,2023-04-03,06:00:00,40,35,5,FMN GV 22 Boechout
7,Victor Heylenlei 41,2023-04-03,07:00:00,88,65,23,FMN GV 22 Boechout
7,Victor Heylenlei 41,2023-04-03,08:00:00,95,74,21,FMN GV 22 Boechout
7,Victor Heylenlei 41,2023-04-03,09:00:00,53,30,23,FMN GV 22 Boechout
7,Victor Heylenlei 41,2023-04-03,10:00:00,39,23,16,FMN GV 22 Boechout
7,Victor Heylenlei 41,2023-04-03,11:00:00,49,29,20,FMN GV 22 Boechout
7,Victor Heylenlei 41,2023-04-03,12:00:00,53,28,25,FMN GV 22 Boechout
7,Victor Heylenlei 41,2023-04-03,13:00:00,69,31,38,FMN GV 22 Boechout
7,Victor Heylenlei 41,2023-04-03,14:00:00,102,52,50,FMN GV 22 Boechout
7,Victor Heylenlei 41,2023-04-03,15:00:00,100,42,58,FMN GV 22 Boechout
7,Victor Heylenlei 41,2023-04-03,16:00:00,149,53,96,FMN GV 22 Boechout
7,Victor Heylenlei 41,2023-04-03,17:00:00,179,69,110,FMN GV 22 Boechout
7,Victor Heylenlei 41,2023-04-03,18:00:00,82,37,45,FMN GV 22 Boechout
7,Victor Heylenlei 41,2023-04-03,19:00:00,64,36,28,FMN GV 22 Boechout
7,Victor Heylenlei 41,2023-04-03,20:00:00,41,16,25,FMN GV 22 Boechout
7,Victor Heylenlei 41,2023-04-03,21:00:00,20,9,11,FMN GV 22 Boechout
7,Victor Heylenlei 41,2023-04-03,22:00:00,17,11,6,FMN GV 22 Boechout
7,Victor Heylenlei 41,2023-04-03,23:00:00,6,3,3,FMN GV 22 Boechout
7,Victor Heylenlei 41,2023-04-04,00:00:00,1,1,0,FMN GV 22 Boechout
7,Victor Heylenlei 41,2023-04-04,01:00:00,5,3,2,FMN GV 22 Boechout
7,Victor Heylenlei 41,2023-04-04,02:00:00,1,0,1,FMN GV 22 Boechout
7,Victor Heylenlei 41,2023-04-04,03:00:00,1,0,1,FMN GV 22 Boechout
7,Victor Heylenlei 41,2023-04-04,04:00:00,5,4,1,FMN GV 22 Boechout
7,Victor Heylenlei 41,2023-04-04,05:00:00,19,13,6,FMN GV 22 Boechout
7,Victor Heylenlei 41,2023-04-04,06:00:00,44,34,10,FMN GV 22 Boechout
7,Victor Heylenlei 41,2023-04-04,07:00:00,98,74,24,FMN GV 22 Boechout
7,Victor Heylenlei 41,2023-04-04,08:00:00,127,93,34,FMN GV 22 Boechout
7,Victor Heylenlei 41,2023-04-04,09:00:00,50,36,14,FMN GV 22 Boechout
7,Victor Heylenlei 41,2023-04-04,10:00:00,31,18,13,FMN GV 22 Boechout
7,Victor Heylenlei 41,2023-04-04,11:00:00,34,19,15,FMN GV 22 Boechout
7,Victor Heylenlei 41,2023-04-04,12:00:00,45,21,24,FMN GV 22 Boechout
7,Victor Heylenlei 41,2023-04-04,13:00:00,70,37,33,FMN GV 22 Boechout
7,Victor Heylenlei 41,2023-04-04,14:00:00,114,43,71,FMN GV 22 Boechout
7,Victor Heylenlei 41,2023-04-04,15:00:00,108,40,68,FMN GV 22 Boechout
7,Victor Heylenlei 41,2023-04-04,16:00:00,159,65,94,FMN GV 22 Boechout
7,Victor Heylenlei 41,2023-04-04,17:00:00,162,43,119,FMN GV 22 Boechout
7,Victor Heylenlei 41,2023-04-04,18:00:00,118,39,79,FMN GV 22 Boechout
7,Victor Heylenlei 41,2023-04-04,19:00:00,60,31,29,FMN GV 22 Boechout
7,Victor Heylenlei 41,2023-04-04,20:00:00,30,18,12,FMN GV 22 Boechout
7,Victor Heylenlei 41,2023-04-04,21:00:00,13,7,6,FMN GV 22 Boechout
7,Victor Heylenlei 41,2023-04-04,22:00:00,15,8,7,FMN GV 22 Boechout
7,Victor Heylenlei 41,2023-04-04,23:00:00,6,1,5,FMN GV 22 Boechout
7,Victor Heylenlei 41,2023-04-05,00:00:00,2,0,2,FMN GV 22 Boechout
7,Victor Heylenlei 41,2023-04-05,01:00:00,0,0,0,FMN GV 22 Boechout
7,Victor Heylenlei 41,2023-04-05,02:00:00,0,0,0,FMN GV 22 Boechout
7,Victor Heylenlei 41,2023-04-05,03:00:00,1,0,1,FMN GV 22 Boechout
7,Victor Heylenlei 41,2023-04-05,04:00:00,2,1,1,FMN GV 22 Boechout
7,Victor Heylenlei 41,2023-04-05,05:00:00,14,9,5,FMN GV 22 Boechout
7,Victor Heylenlei 41,2023-04-05,06:00:00,45,36,9,FMN GV 22 Boechout
7,Victor Heylenlei 41,2023-04-05,07:00:00,73,52,21,FMN GV 22 Boechout
7,Victor Heylenlei 41,2023-04-05,08:00:00,109,81,28,FMN GV 22 Boechout
7,Victor Heylenlei 41,2023-04-05,09:00:00,48,32,16,FMN GV 22 Boechout
7,Victor Heylenlei 41,2023-04-05,10:00:00,56,32,24,FMN GV 22 Boechout
7,Victor Heylenlei 41,2023-04-05,11:00:00,52,28,24,FMN GV 22 Boechout
7,Victor Heylenlei 41,2023-04-05,12:00:00,72,36,36,FMN GV 22 Boechout
7,Victor Heylenlei 41,2023-04-05,13:00:00,116,49,67,FMN GV 22 Boechout
7,Victor Heylenlei 41,2023-04-05,14:00:00,121,62,59,FMN GV 22 Boechout
7,Victor Heylenlei 41,2023-04-05,15:00:00,95,47,48,FMN GV 22 Boechout
7,Victor Heylenlei 41,2023-04-05,16:00:00,151,64,87,FMN GV 22 Boechout
7,Victor Heylenlei 41,2023-04-05,17:00:00,160,57,103,FMN GV 22 Boechout
7,Victor Heylenlei 41,2023-04-05,18:00:00,124,39,85,FMN GV 22 Boechout
7,Victor Heylenlei 41,2023-04-05,19:00:00,93,52,41,FMN GV 22 Boechout
7,Victor Heylenlei 41,2023-04-05,20:00:00,41,35,6,FMN GV 22 Boechout
7,Victor Heylenlei 41,2023-04-05,21:00:00,13,8,5,FMN GV 22 Boechout
7,Victor Heylenlei 41,2023-04-05,22:00:00,23,15,8,FMN GV 22 Boechout
7,Victor Heylenlei 41,2023-04-05,23:00:00,7,4,3,FMN GV 22 Boechout
7,Victor Heylenlei 41,2023-04-06,00:00:00,6,3,3,FMN GV 22 Boechout
7,Victor Heylenlei 41,2023-04-06,01:00:00,3,1,2,FMN GV 22 Boechout
7,Victor Heylenlei 41,2023-04-06,02:00:00,0,0,0,FMN GV 22 Boechout
7,Victor Heylenlei 41,2023-04-06,03:00:00,3,2,1,FMN GV 22 Boechout
7,Victor Heylenlei 41,2023-04-06,04:00:00,3,2,1,FMN GV 22 Boechout
7,Victor Heylenlei 41,2023-04-06,05:00:00,21,15,6,FMN GV 22 Boechout
7,Victor Heylenlei 41,2023-04-06,06:00:00,22,17,5,FMN GV 22 Boechout
7,Victor Heylenlei 41,2023-04-06,07:00:00,77,61,16,FMN GV 22 Boechout
7,Victor Heylenlei 41,2023-04-06,08:00:00,78,53,25,FMN GV 22 Boechout
7,Victor Heylenlei 41,2023-04-06,09:00:00,30,19,11,FMN GV 22 Boechout
7,Victor Heylenlei 41,2023-04-06,10:00:00,16,9,7,FMN GV 22 Boechout
7,Victor Heylenlei 41,2023-04-06,11:00:00,13,6,7,FMN GV 22 Boechout
7,Victor Heylenlei 41,2023-04-06,12:00:00,17,6,11,FMN GV 22 Boechout
7,Victor Heylenlei 41,2023-04-06,13:00:00,26,14,12,FMN GV 22 Boechout
7,Victor Heylenlei 41,2023-04-06,14:00:00,27,16,11,FMN GV 22 Boechout
7,Victor Heylenlei 41,2023-04-06,15:00:00,40,13,27,FMN GV 22 Boechout
7,Victor Heylenlei 41,2023-04-06,16:00:00,63,19,44,FMN GV 22 Boechout
7,Victor Heylenlei 41,2023-04-06,17:00:00,83,24,59,FMN GV 22 Boechout
7,Victor Heylenlei 41,2023-04-06,18:00:00,42,13,29,FMN GV 22 Boechout
7,Victor Heylenlei 41,2023-04-06,19:00:00,20,6,14,FMN GV 22 Boechout
7,Victor Heylenlei 41,2023-04-06,20:00:00,24,18,6,FMN GV 22 Boechout
7,Victor Heylenlei 41,2023-04-06,21:00:00,12,5,7,FMN GV 22 Boechout
7,Victor Heylenlei 41,2023-04-06,22:00:00,9,5,4,FMN GV 22 Boechout
7,Victor Heylenlei 41,2023-04-06,23:00:00,5,2,3,FMN GV 22 Boechout
7,Victor Heylenlei 41,2023-04-07,00:00:00,3,2,1,FMN GV 22 Boechout
7,Victor Heylenlei 41,2023-04-07,01:00:00,3,2,1,FMN GV 22 Boechout
7,Victor Heylenlei 41,2023-04-07,02:00:00,1,0,1,FMN GV 22 Boechout
7,Victor Heylenlei 41,2023-04-07,03:00:00,3,1,2,FMN GV 22 Boechout
7,Victor Heylenlei 41,2023-04-07,04:00:00,3,2,1,FMN GV 22 Boechout
7,Victor Heylenlei 41,2023-04-07,05:00:00,15,9,6,FMN GV 22 Boechout
7,Victor Heylenlei 41,2023-04-07,06:00:00,23,21,2,FMN GV 22 Boechout
7,Victor Heylenlei 41,2023-04-07,07:00:00,51,33,18,FMN GV 22 Boechout
7,Victor Heylenlei 41,2023-04-07,08:00:00,55,34,21,FMN GV 22 Boechout
7,Victor Heylenlei 41,2023-04-07,09:00:00,31,21,10,FMN GV 22 Boechout
7,Victor Heylenlei 41,2023-04-07,10:00:00,44,23,21,FMN GV 22 Boechout
7,Victor Heylenlei 41,2023-04-07,11:00:00,48,31,17,FMN GV 22 Boechout
7,Victor Heylenlei 41,2023-04-07,12:00:00,32,16,16,FMN GV 22 Boechout
7,Victor Heylenlei 41,2023-04-07,13:00:00,51,29,22,FMN GV 22 Boechout
7,Victor Heylenlei 41,2023-04-07,14:00:00,76,35,41,FMN GV 22 Boechout
7,Victor Heylenlei 41,2023-04-07,15:00:00,57,17,40,FMN GV 22 Boechout
7,Victor Heylenlei 41,2023-04-07,16:00:00,92,42,50,FMN GV 22 Boechout
7,Victor Heylenlei 41,2023-04-07,17:00:00,76,28,48,FMN GV 22 Boechout
7,Victor Heylenlei 41,2023-04-07,18:00:00,50,27,23,FMN GV 22 Boechout
7,Victor Heylenlei 41,2023-04-07,19:00:00,50,27,23,FMN GV 22 Boechout
7,Victor Heylenlei 41,2023-04-07,20:00:00,20,14,6,FMN GV 22 Boechout
7,Victor Heylenlei 41,2023-04-07,21:00:00,9,6,3,FMN GV 22 Boechout
7,Victor Heylenlei 41,2023-04-07,22:00:00,11,3,8,FMN GV 22 Boechout
7,Victor Heylenlei 41,2023-04-07,23:00:00,7,3,4,FMN GV 22 Boechout
7,Victor Heylenlei 41,2023-04-08,00:00:00,15,6,9,FMN GV 22 Boechout
7,Victor Heylenlei 41,2023-04-08,01:00:00,4,2,2,FMN GV 22 Boechout
7,Victor Heylenlei 41,2023-04-08,02:00:00,1,0,1,FMN GV 22 Boechout
7,Victor Heylenlei 41,2023-04-08,03:00:00,3,2,1,FMN GV 22 Boechout
7,Victor Heylenlei 41,2023-04-08,04:00:00,0,0,0,FMN GV 22 Boechout
7,Victor Heylenlei 41,2023-04-08,05:00:00,6,2,4,FMN GV 22 Boechout
7,Victor Heylenlei 41,2023-04-08,06:00:00,4,2,2,FMN GV 22 Boechout
7,Victor Heylenlei 41,2023-04-08,07:00:00,8,3,5,FMN GV 22 Boechout
7,Victor Heylenlei 41,2023-04-08,08:00:00,28,16,12,FMN GV 22 Boechout
7,Victor Heylenlei 41,2023-04-08,09:00:00,49,25,24,FMN GV 22 Boechout
7,Victor Heylenlei 41,2023-04-08,10:00:00,48,21,27,FMN GV 22 Boechout
7,Victor Heylenlei 41,2023-04-08,11:00:00,69,39,30,FMN GV 22 Boechout
7,Victor Heylenlei 41,2023-04-08,12:00:00,77,42,35,FMN GV 22 Boechout
7,Victor Heylenlei 41,2023-04-08,13:00:00,103,61,42,FMN GV 22 Boechout
7,Victor Heylenlei 41,2023-04-08,14:00:00,120,66,54,FMN GV 22 Boechout
7,Victor Heylenlei 41,2023-04-08,15:00:00,138,73,65,FMN GV 22 Boechout
7,Victor Heylenlei 41,2023-04-08,16:00:00,132,76,56,FMN GV 22 Boechout
7,Victor Heylenlei 41,2023-04-08,17:00:00,71,43,28,FMN GV 22 Boechout
7,Victor Heylenlei 41,2023-04-08,18:00:00,144,81,63,FMN GV 22 Boechout
7,Victor Heylenlei 41,2023-04-08,19:00:00,30,17,13,FMN GV 22 Boechout
7,Victor Heylenlei 41,2023-04-08,20:00:00,27,15,12,FMN GV 22 Boechout
7,Victor Heylenlei 41,2023-04-08,21:00:00,12,3,9,FMN GV 22 Boechout
7,Victor Heylenlei 41,2023-04-08,22:00:00,15,4,11,FMN GV 22 Boechout
7,Victor Heylenlei 41,2023-04-08,23:00:00,6,5,1,FMN GV 22 Boechout
7,Victor Heylenlei 41,2023-04-09,00:00:00,7,4,3,FMN GV 22 Boechout
7,Victor Heylenlei 41,2023-04-09,01:00:00,3,0,3,FMN GV 22 Boechout
7,Victor Heylenlei 41,2023-04-09,02:00:00,3,1,2,FMN GV 22 Boechout
7,Victor Heylenlei 41,2023-04-09,03:00:00,0,0,0,FMN GV 22 Boechout
7,Victor Heylenlei 41,2023-04-09,04:00:00,6,1,5,FMN GV 22 Boechout
7,Victor Heylenlei 41,2023-04-09,05:00:00,3,3,0,FMN GV 22 Boechout
7,Victor Heylenlei 41,2023-04-09,06:00:00,7,1,6,FMN GV 22 Boechout
7,Victor Heylenlei 41,2023-04-09,07:00:00,7,1,6,FMN GV 22 Boechout
7,Victor Heylenlei 41,2023-04-09,08:00:00,28,7,21,FMN GV 22 Boechout
7,Victor Heylenlei 41,2023-04-09,09:00:00,90,18,72,FMN GV 22 Boechout
7,Victor Heylenlei 41,2023-04-09,10:00:00,132,55,77,FMN GV 22 Boechout
7,Victor Heylenlei 41,2023-04-09,11:00:00,159,91,68,FMN GV 22 Boechout
7,Victor Heylenlei 41,2023-04-09,12:00:00,183,113,70,FMN GV 22 Boechout
7,Victor Heylenlei 41,2023-04-09,13:00:00,154,76,78,FMN GV 22 Boechout
7,Victor Heylenlei 41,2023-04-09,14:00:00,151,65,86,FMN GV 22 Boechout
7,Victor Heylenlei 41,2023-04-09,15:00:00,157,81,76,FMN GV 22 Boechout
7,Victor Heylenlei 41,2023-04-09,16:00:00,491,279,212,FMN GV 22 Boechout
7,Victor Heylenlei 41,2023-04-09,17:00:00,120,67,53,FMN GV 22 Boechout
7,Victor Heylenlei 41,2023-04-09,18:00:00,77,33,44,FMN GV 22 Boechout
7,Victor Heylenlei 41,2023-04-09,19:00:00,51,38,13,FMN GV 22 Boechout
7,Victor Heylenlei 41,2023-04-09,20:00:00,36,18,18,FMN GV 22 Boechout
7,Victor Heylenlei 41,2023-04-09,21:00:00,18,7,11,FMN GV 22 Boechout
7,Victor Heylenlei 41,2023-04-09,22:00:00,13,3,10,FMN GV 22 Boechout
7,Victor Heylenlei 41,2023-04-09,23:00:00,11,2,9,FMN GV 22 Boechout
7,Victor Heylenlei 41,2023-04-10,00:00:00,1,0,1,FMN GV 22 Boechout
7,Victor Heylenlei 41,2023-04-10,01:00:00,4,1,3,FMN GV 22 Boechout
7,Victor Heylenlei 41,2023-04-10,02:00:00,3,3,0,FMN GV 22 Boechout
7,Victor Heylenlei 41,2023-04-10,03:00:00,6,5,1,FMN GV 22 Boechout
7,Victor Heylenlei 41,2023-04-10,04:00:00,5,5,0,FMN GV 22 Boechout
7,Victor Heylenlei 41,2023-04-10,05:00:00,7,7,0,FMN GV 22 Boechout
7,Victor Heylenlei 41,2023-04-10,06:00:00,5,3,2,FMN GV 22 Boechout
7,Victor Heylenlei 41,2023-04-10,07:00:00,9,2,7,FMN GV 22 Boechout
7,Victor Heylenlei 41,2023-04-10,08:00:00,24,5,19,FMN GV 22 Boechout
7,Victor Heylenlei 41,2023-04-10,09:00:00,81,37,44,FMN GV 22 Boechout
7,Victor Heylenlei 41,2023-04-10,10:00:00,112,43,69,FMN GV 22 Boechout
7,Victor Heylenlei 41,2023-04-10,11:00:00,136,74,62,FMN GV 22 Boechout
7,Victor Heylenlei 41,2023-04-10,12:00:00,121,79,42,FMN GV 22 Boechout
7,Victor Heylenlei 41,2023-04-10,13:00:00,72,36,36,FMN GV 22 Boechout
7,Victor Heylenlei 41,2023-04-10,14:00:00,75,46,29,FMN GV 22 Boechout
7,Victor Heylenlei 41,2023-04-10,15:00:00,34,17,17,FMN GV 22 Boechout
7,Victor Heylenlei 41,2023-04-10,16:00:00,23,13,10,FMN GV 22 Boechout
7,Victor Heylenlei 41,2023-04-10,17:00:00,26,16,10,FMN GV 22 Boechout
7,Victor Heylenlei 41,2023-04-10,18:00:00,13,5,8,FMN GV 22 Boechout
7,Victor Heylenlei 41,2023-04-10,19:00:00,5,1,4,FMN GV 22 Boechout
7,Victor Heylenlei 41,2023-04-10,20:00:00,17,14,3,FMN GV 22 Boechout
7,Victor Heylenlei 41,2023-04-10,21:00:00,8,4,4,FMN GV 22 Boechout
7,Victor Heylenlei 41,2023-04-10,22:00:00,5,1,4,FMN GV 22 Boechout
7,Victor Heylenlei 41,2023-04-10,23:00:00,3,1,2,FMN GV 22 Boechout
7,Victor Heylenlei 41,2023-04-11,00:00:00,1,1,0,FMN GV 22 Boechout
7,Victor Heylenlei 41,2023-04-11,01:00:00,1,0,1,FMN GV 22 Boechout
7,Victor Heylenlei 41,2023-04-11,02:00:00,1,0,1,FMN GV 22 Boechout
7,Victor Heylenlei 41,2023-04-11,03:00:00,1,0,1,FMN GV 22 Boechout
7,Victor Heylenlei 41,2023-04-11,04:00:00,2,2,0,FMN GV 22 Boechout
7,Victor Heylenlei 41,2023-04-11,05:00:00,10,6,4,FMN GV 22 Boechout
7,Victor Heylenlei 41,2023-04-11,06:00:00,26,22,4,FMN GV 22 Boechout
7,Victor Heylenlei 41,2023-04-11,07:00:00,81,66,15,FMN GV 22 Boechout
7,Victor Heylenlei 41,2023-04-11,08:00:00,118,90,28,FMN GV 22 Boechout
7,Victor Heylenlei 41,2023-04-11,09:00:00,45,28,17,FMN GV 22 Boechout
7,Victor Heylenlei 41,2023-04-11,10:00:00,42,24,18,FMN GV 22 Boechout
7,Victor Heylenlei 41,2023-04-11,11:00:00,47,24,23,FMN GV 22 Boechout
7,Victor Heylenlei 41,2023-04-11,12:00:00,62,34,28,FMN GV 22 Boechout
7,Victor Heylenlei 41,2023-04-11,13:00:00,80,43,37,FMN GV 22 Boechout
7,Victor Heylenlei 41,2023-04-11,14:00:00,55,21,34,FMN GV 22 Boechout
7,Victor Heylenlei 41,2023-04-11,15:00:00,117,64,53,FMN GV 22 Boechout
7,Victor Heylenlei 41,2023-04-11,16:00:00,115,46,69,FMN GV 22 Boechout
7,Victor Heylenlei 41,2023-04-11,17:00:00,139,35,104,FMN GV 22 Boechout
7,Victor Heylenlei 41,2023-04-11,18:00:00,113,39,74,FMN GV 22 Boechout
7,Victor Heylenlei 41,2023-04-11,19:00:00,56,23,33,FMN GV 22 Boechout
7,Victor Heylenlei 41,2023-04-11,20:00:00,55,42,13,FMN GV 22 Boechout
7,Victor Heylenlei 41,2023-04-11,21:00:00,23,15,8,FMN GV 22 Boechout
7,Victor Heylenlei 41,2023-04-11,22:00:00,16,7,9,FMN GV 22 Boechout
7,Victor Heylenlei 41,2023-04-11,23:00:00,10,2,8,FMN GV 22 Boechout
7,Victor Heylenlei 41,2023-04-12,00:00:00,5,1,4,FMN GV 22 Boechout
7,Victor Heylenlei 41,2023-04-12,01:00:00,0,0,0,FMN GV 22 Boechout
7,Victor Heylenlei 41,2023-04-12,02:00:00,2,2,0,FMN GV 22 Boechout
7,Victor Heylenlei 41,2023-04-12,03:00:00,1,0,1,FMN GV 22 Boechout
7,Victor Heylenlei 41,2023-04-12,04:00:00,2,1,1,FMN GV 22 Boechout
7,Victor Heylenlei 41,2023-04-12,05:00:00,10,4,6,FMN GV 22 Boechout
7,Victor Heylenlei 41,2023-04-12,06:00:00,18,14,4,FMN GV 22 Boechout
7,Victor Heylenlei 41,2023-04-12,07:00:00,42,34,8,FMN GV 22 Boechout
7,Victor Heylenlei 41,2023-04-12,08:00:00,53,33,20,FMN GV 22 Boechout
7,Victor Heylenlei 41,2023-04-12,09:00:00,26,16,10,FMN GV 22 Boechout
7,Victor Heylenlei 41,2023-04-12,10:00:00,23,14,9,FMN GV 22 Boechout
7,Victor Heylenlei 41,2023-04-12,11:00:00,25,15,10,FMN GV 22 Boechout
7,Victor Heylenlei 41,2023-04-12,12:00:00,26,14,12,FMN GV 22 Boechout
7,Victor Heylenlei 41,2023-04-12,13:00:00,27,9,18,FMN GV 22 Boechout
7,Victor Heylenlei 41,2023-04-12,14:00:00,35,21,14,FMN GV 22 Boechout
7,Victor Heylenlei 41,2023-04-12,15:00:00,22,6,16,FMN GV 22 Boechout
7,Victor Heylenlei 41,2023-04-12,16:00:00,55,17,38,FMN GV 22 Boechout
7,Victor Heylenlei 41,2023-04-12,17:00:00,72,28,44,FMN GV 22 Boechout
7,Victor Heylenlei 41,2023-04-12,18:00:00,62,20,42,FMN GV 22 Boechout
7,Victor Heylenlei 41,2023-04-12,19:00:00,45,23,22,FMN GV 22 Boechout
7,Victor Heylenlei 41,2023-04-12,20:00:00,40,26,14,FMN GV 22 Boechout
7,Victor Heylenlei 41,2023-04-12,21:00:00,11,7,4,FMN GV 22 Boechout
7,Victor Heylenlei 41,2023-04-12,22:00:00,13,8,5,FMN GV 22 Boechout
7,Victor Heylenlei 41,2023-04-12,23:00:00,3,1,2,FMN GV 22 Boechout
7,Victor Heylenlei 41,2023-04-13,00:00:00,2,2,0,FMN GV 22 Boechout
7,Victor Heylenlei 41,2023-04-13,01:00:00,4,2,2,FMN GV 22 Boechout
7,Victor Heylenlei 41,2023-04-13,02:00:00,1,1,0,FMN GV 22 Boechout
7,Victor Heylenlei 41,2023-04-13,03:00:00,1,0,1,FMN GV 22 Boechout
7,Victor Heylenlei 41,2023-04-13,04:00:00,2,2,0,FMN GV 22 Boechout
7,Victor Heylenlei 41,2023-04-13,05:00:00,11,5,6,FMN GV 22 Boechout
7,Victor Heylenlei 41,2023-04-13,06:00:00,31,26,5,FMN GV 22 Boechout
7,Victor Heylenlei 41,2023-04-13,07:00:00,71,55,16,FMN GV 22 Boechout
7,Victor Heylenlei 41,2023-04-13,08:00:00,116,79,37,FMN GV 22 Boechout
7,Victor Heylenlei 41,2023-04-13,09:00:00,38,28,10,FMN GV 22 Boechout
7,Victor Heylenlei 41,2023-04-13,10:00:00,30,18,12,FMN GV 22 Boechout
7,Victor Heylenlei 41,2023-04-13,11:00:00,29,13,16,FMN GV 22 Boechout
7,Victor Heylenlei 41,2023-04-13,12:00:00,61,29,32,FMN GV 22 Boechout
7,Victor Heylenlei 41,2023-04-13,13:00:00,59,28,31,FMN GV 22 Boechout
7,Victor Heylenlei 41,2023-04-13,14:00:00,66,40,26,FMN GV 22 Boechout
7,Victor Heylenlei 41,2023-04-13,15:00:00,69,30,39,FMN GV 22 Boechout
7,Victor Heylenlei 41,2023-04-13,16:00:00,123,39,84,FMN GV 22 Boechout
7,Victor Heylenlei 41,2023-04-13,17:00:00,160,64,96,FMN GV 22 Boechout
7,Victor Heylenlei 41,2023-04-13,18:00:00,115,45,70,FMN GV 22 Boechout
7,Victor Heylenlei 41,2023-04-13,19:00:00,82,34,48,FMN GV 22 Boechout
7,Victor Heylenlei 41,2023-04-13,20:00:00,89,73,16,FMN GV 22 Boechout
7,Victor Heylenlei 41,2023-04-13,21:00:00,28,17,11,FMN GV 22 Boechout
7,Victor Heylenlei 41,2023-04-13,22:00:00,26,12,14,FMN GV 22 Boechout
7,Victor Heylenlei 41,2023-04-13,23:00:00,3,2,1,FMN GV 22 Boechout
7,Victor Heylenlei 41,2023-04-14,00:00:00,9,2,7,FMN GV 22 Boechout
7,Victor Heylenlei 41,2023-04-14,01:00:00,8,5,3,FMN GV 22 Boechout
7,Victor Heylenlei 41,2023-04-14,02:00:00,1,1,0,FMN GV 22 Boechout
7,Victor Heylenlei 41,2023-04-14,03:00:00,3,1,2,FMN GV 22 Boechout
7,Victor Heylenlei 41,2023-04-14,04:00:00,3,2,1,FMN GV 22 Boechout
7,Victor Heylenlei 41,2023-04-14,05:00:00,10,7,3,FMN GV 22 Boechout
7,Victor Heylenlei 41,2023-04-14,06:00:00,25,17,8,FMN GV 22 Boechout
7,Victor Heylenlei 41,2023-04-14,07:00:00,58,42,16,FMN GV 22 Boechout
7,Victor Heylenlei 41,2023-04-14,08:00:00,90,60,30,FMN GV 22 Boechout
7,Victor Heylenlei 41,2023-04-14,09:00:00,41,24,17,FMN GV 22 Boechout
7,Victor Heylenlei 41,2023-04-14,10:00:00,50,21,29,FMN GV 22 Boechout
7,Victor Heylenlei 41,2023-04-14,11:00:00,80,38,42,FMN GV 22 Boechout
7,Victor Heylenlei 41,2023-04-14,12:00:00,68,37,31,FMN GV 22 Boechout
7,Victor Heylenlei 41,2023-04-14,13:00:00,87,42,45,FMN GV 22 Boechout
7,Victor Heylenlei 41,2023-04-14,14:00:00,80,32,48,FMN GV 22 Boechout
7,Victor Heylenlei 41,2023-04-14,15:00:00,96,45,51,FMN GV 22 Boechout
7,Victor Heylenlei 41,2023-04-14,16:00:00,113,47,66,FMN GV 22 Boechout
7,Victor Heylenlei 41,2023-04-14,17:00:00,146,56,90,FMN GV 22 Boechout
7,Victor Heylenlei 41,2023-04-14,18:00:00,82,37,45,FMN GV 22 Boechout
7,Victor Heylenlei 41,2023-04-14,19:00:00,54,35,19,FMN GV 22 Boechout
7,Victor Heylenlei 41,2023-04-14,20:00:00,33,17,16,FMN GV 22 Boechout
7,Victor Heylenlei 41,2023-04-14,21:00:00,9,7,2,FMN GV 22 Boechout
7,Victor Heylenlei 41,2023-04-14,22:00:00,18,3,15,FMN GV 22 Boechout
7,Victor Heylenlei 41,2023-04-14,23:00:00,10,8,2,FMN GV 22 Boechout
7,Victor Heylenlei 41,2023-04-15,00:00:00,9,3,6,FMN GV 22 Boechout
7,Victor Heylenlei 41,2023-04-15,01:00:00,3,1,2,FMN GV 22 Boechout
7,Victor Heylenlei 41,2023-04-15,02:00:00,8,4,4,FMN GV 22 Boechout
7,Victor Heylenlei 41,2023-04-15,03:00:00,2,2,0,FMN GV 22 Boechout
7,Victor Heylenlei 41,2023-04-15,04:00:00,2,1,1,FMN GV 22 Boechout
7,Victor Heylenlei 41,2023-04-15,05:00:00,3,1,2,FMN GV 22 Boechout
7,Victor Heylenlei 41,2023-04-15,06:00:00,7,4,3,FMN GV 22 Boechout
7,Victor Heylenlei 41,2023-04-15,07:00:00,12,7,5,FMN GV 22 Boechout
7,Victor Heylenlei 41,2023-04-15,08:00:00,26,8,18,FMN GV 22 Boechout
7,Victor Heylenlei 41,2023-04-15,09:00:00,67,24,43,FMN GV 22 Boechout
7,Victor Heylenlei 41,2023-04-15,10:00:00,78,45,33,FMN GV 22 Boechout
7,Victor Heylenlei 41,2023-04-15,11:00:00,116,44,72,FMN GV 22 Boechout
7,Victor Heylenlei 41,2023-04-15,12:00:00,98,54,44,FMN GV 22 Boechout
7,Victor Heylenlei 41,2023-04-15,13:00:00,102,44,58,FMN GV 22 Boechout
7,Victor Heylenlei 41,2023-04-15,14:00:00,159,71,88,FMN GV 22 Boechout
7,Victor Heylenlei 41,2023-04-15,15:00:00,139,66,73,FMN GV 22 Boechout
7,Victor Heylenlei 41,2023-04-15,16:00:00,141,80,61,FMN GV 22 Boechout
7,Victor Heylenlei 41,2023-04-15,17:00:00,86,53,33,FMN GV 22 Boechout
7,Victor Heylenlei 41,2023-04-15,18:00:00,75,44,31,FMN GV 22 Boechout
7,Victor Heylenlei 41,2023-04-15,19:00:00,58,35,23,FMN GV 22 Boechout
7,Victor Heylenlei 41,2023-04-15,20:00:00,32,19,13,FMN GV 22 Boechout
7,Victor Heylenlei 41,2023-04-15,21:00:00,21,14,7,FMN GV 22 Boechout
7,Victor Heylenlei 41,2023-04-15,22:00:00,21,7,14,FMN GV 22 Boechout
7,Victor Heylenlei 41,2023-04-15,23:00:00,17,11,6,FMN GV 22 Boechout
7,Victor Heylenlei 41,2023-04-16,00:00:00,8,4,4,FMN GV 22 Boechout
7,Victor Heylenlei 41,2023-04-16,01:00:00,10,5,5,FMN GV 22 Boechout
7,Victor Heylenlei 41,2023-04-16,02:00:00,3,1,2,FMN GV 22 Boechout
7,Victor Heylenlei 41,2023-04-16,03:00:00,5,2,3,FMN GV 22 Boechout
7,Victor Heylenlei 41,2023-04-16,04:00:00,1,1,0,FMN GV 22 Boechout
7,Victor Heylenlei 41,2023-04-16,05:00:00,6,5,1,FMN GV 22 Boechout
7,Victor Heylenlei 41,2023-04-16,06:00:00,3,1,2,FMN GV 22 Boechout
7,Victor Heylenlei 41,2023-04-16,07:00:00,11,4,7,FMN GV 22 Boechout
7,Victor Heylenlei 41,2023-04-16,08:00:00,18,9,9,FMN GV 22 Boechout
7,Victor Heylenlei 41,2023-04-16,09:00:00,37,17,20,FMN GV 22 Boechout
7,Victor Heylenlei 41,2023-04-16,10:00:00,43,17,26,FMN GV 22 Boechout
7,Victor Heylenlei 41,2023-04-16,11:00:00,69,46,23,FMN GV 22 Boechout
7,Victor Heylenlei 41,2023-04-16,12:00:00,47,29,18,FMN GV 22 Boechout
7,Victor Heylenlei 41,2023-04-16,13:00:00,76,36,40,FMN GV 22 Boechout
7,Victor Heylenlei 41,2023-04-16,14:00:00,63,26,37,FMN GV 22 Boechout
7,Victor Heylenlei 41,2023-04-16,15:00:00,83,49,34,FMN GV 22 Boechout
7,Victor Heylenlei 41,2023-04-16,16:00:00,56,35,21,FMN GV 22 Boechout
7,Victor Heylenlei 41,2023-04-16,17:00:00,65,37,28,FMN GV 22 Boechout
7,Victor Heylenlei 41,2023-04-16,18:00:00,45,28,17,FMN GV 22 Boechout
7,Victor Heylenlei 41,2023-04-16,19:00:00,30,23,7,FMN GV 22 Boechout
7,Victor Heylenlei 41,2023-04-16,20:00:00,22,13,9,FMN GV 22 Boechout
7,Victor Heylenlei 41,2023-04-16,21:00:00,13,10,3,FMN GV 22 Boechout
7,Victor Heylenlei 41,2023-04-16,22:00:00,8,1,7,FMN GV 22 Boechout
7,Victor Heylenlei 41,2023-04-16,23:00:00,3,1,2,FMN GV 22 Boechout
7,Victor Heylenlei 41,2023-04-17,00:00:00,1,1,0,FMN GV 22 Boechout
7,Victor Heylenlei 41,2023-04-17,01:00:00,1,0,1,FMN GV 22 Boechout
7,Victor Heylenlei 41,2023-04-17,02:00:00,1,1,0,FMN GV 22 Boechout
7,Victor Heylenlei 41,2023-04-17,03:00:00,0,0,0,FMN GV 22 Boechout
7,Victor Heylenlei 41,2023-04-17,04:00:00,2,1,1,FMN GV 22 Boechout
7,Victor Heylenlei 41,2023-04-17,05:00:00,17,12,5,FMN GV 22 Boechout
7,Victor Heylenlei 41,2023-04-17,06:00:00,55,47,8,FMN GV 22 Boechout
7,Victor Heylenlei 41,2023-04-17,07:00:00,198,155,43,FMN GV 22 Boechout
7,Victor Heylenlei 41,2023-04-17,08:00:00,321,155,166,FMN GV 22 Boechout
7,Victor Heylenlei 41,2023-04-17,09:00:00,60,38,22,FMN GV 22 Boechout
7,Victor Heylenlei 41,2023-04-17,10:00:00,29,16,13,FMN GV 22 Boechout
7,Victor Heylenlei 41,2023-04-17,11:00:00,38,20,18,FMN GV 22 Boechout
7,Victor Heylenlei 41,2023-04-17,12:00:00,46,28,18,FMN GV 22 Boechout
7,Victor Heylenlei 41,2023-04-17,13:00:00,76,38,38,FMN GV 22 Boechout
7,Victor Heylenlei 41,2023-04-17,14:00:00,74,32,42,FMN GV 22 Boechout
7,Victor Heylenlei 41,2023-04-17,15:00:00,107,42,65,FMN GV 22 Boechout
7,Victor Heylenlei 41,2023-04-17,16:00:00,311,175,136,FMN GV 22 Boechout
7,Victor Heylenlei 41,2023-04-17,17:00:00,244,65,179,FMN GV 22 Boechout
7,Victor Heylenlei 41,2023-04-17,18:00:00,116,47,69,FMN GV 22 Boechout
7,Victor Heylenlei 41,2023-04-17,19:00:00,62,29,33,FMN GV 22 Boechout
7,Victor Heylenlei 41,2023-04-17,20:00:00,65,41,24,FMN GV 22 Boechout
7,Victor Heylenlei 41,2023-04-17,21:00:00,20,6,14,FMN GV 22 Boechout
7,Victor Heylenlei 41,2023-04-17,22:00:00,27,14,13,FMN GV 22 Boechout
7,Victor Heylenlei 41,2023-04-17,23:00:00,6,1,5,FMN GV 22 Boechout
7,Victor Heylenlei 41,2023-04-18,00:00:00,1,0,1,FMN GV 22 Boechout
7,Victor Heylenlei 41,2023-04-18,01:00:00,0,0,0,FMN GV 22 Boechout
7,Victor Heylenlei 41,2023-04-18,02:00:00,1,1,0,FMN GV 22 Boechout
7,Victor Heylenlei 41,2023-04-18,03:00:00,2,1,1,FMN GV 22 Boechout
7,Victor Heylenlei 41,2023-04-18,04:00:00,4,3,1,FMN GV 22 Boechout
7,Victor Heylenlei 41,2023-04-18,05:00:00,21,16,5,FMN GV 22 Boechout
7,Victor Heylenlei 41,2023-04-18,06:00:00,59,47,12,FMN GV 22 Boechout
7,Victor Heylenlei 41,2023-04-18,07:00:00,199,154,45,FMN GV 22 Boechout
7,Victor Heylenlei 41,2023-04-18,08:00:00,350,180,170,FMN GV 22 Boechout
7,Victor Heylenlei 41,2023-04-18,09:00:00,86,54,32,FMN GV 22 Boechout
7,Victor Heylenlei 41,2023-04-18,10:00:00,61,32,29,FMN GV 22 Boechout
7,Victor Heylenlei 41,2023-04-18,11:00:00,57,29,28,FMN GV 22 Boechout
7,Victor Heylenlei 41,2023-04-18,12:00:00,71,43,28,FMN GV 22 Boechout
7,Victor Heylenlei 41,2023-04-18,13:00:00,87,34,53,FMN GV 22 Boechout
7,Victor Heylenlei 41,2023-04-18,14:00:00,87,44,43,FMN GV 22 Boechout
7,Victor Heylenlei 41,2023-04-18,15:00:00,111,43,68,FMN GV 22 Boechout
7,Victor Heylenlei 41,2023-04-18,16:00:00,316,155,161,FMN GV 22 Boechout
7,Victor Heylenlei 41,2023-04-18,17:00:00,230,68,162,FMN GV 22 Boechout
7,Victor Heylenlei 41,2023-04-18,18:00:00,160,50,110,FMN GV 22 Boechout
7,Victor Heylenlei 41,2023-04-18,19:00:00,70,26,44,FMN GV 22 Boechout
7,Victor Heylenlei 41,2023-04-18,20:00:00,71,51,20,FMN GV 22 Boechout
7,Victor Heylenlei 41,2023-04-18,21:00:00,33,12,21,FMN GV 22 Boechout
7,Victor Heylenlei 41,2023-04-18,22:00:00,28,11,17,FMN GV 22 Boechout
7,Victor Heylenlei 41,2023-04-18,23:00:00,11,0,11,FMN GV 22 Boechout
7,Victor Heylenlei 41,2023-04-19,00:00:00,5,1,4,FMN GV 22 Boechout
7,Victor Heylenlei 41,2023-04-19,01:00:00,2,1,1,FMN GV 22 Boechout
7,Victor Heylenlei 41,2023-04-19,02:00:00,1,1,0,FMN GV 22 Boechout
7,Victor Heylenlei 41,2023-04-19,03:00:00,1,0,1,FMN GV 22 Boechout
7,Victor Heylenlei 41,2023-04-19,04:00:00,3,3,0,FMN GV 22 Boechout
7,Victor Heylenlei 41,2023-04-19,05:00:00,16,11,5,FMN GV 22 Boechout
7,Victor Heylenlei 41,2023-04-19,06:00:00,62,46,16,FMN GV 22 Boechout
7,Victor Heylenlei 41,2023-04-19,07:00:00,198,148,50,FMN GV 22 Boechout
7,Victor Heylenlei 41,2023-04-19,08:00:00,283,118,165,FMN GV 22 Boechout
7,Victor Heylenlei 41,2023-04-19,09:00:00,73,40,33,FMN GV 22 Boechout
7,Victor Heylenlei 41,2023-04-19,10:00:00,63,38,25,FMN GV 22 Boechout
7,Victor Heylenlei 41,2023-04-19,11:00:00,74,45,29,FMN GV 22 Boechout
7,Victor Heylenlei 41,2023-04-19,12:00:00,237,178,59,FMN GV 22 Boechout
7,Victor Heylenlei 41,2023-04-19,13:00:00,124,49,75,FMN GV 22 Boechout
7,Victor Heylenlei 41,2023-04-19,14:00:00,141,54,87,FMN GV 22 Boechout
7,Victor Heylenlei 41,2023-04-19,15:00:00,150,73,77,FMN GV 22 Boechout
7,Victor Heylenlei 41,2023-04-19,16:00:00,161,59,102,FMN GV 22 Boechout
7,Victor Heylenlei 41,2023-04-19,17:00:00,232,84,148,FMN GV 22 Boechout
7,Victor Heylenlei 41,2023-04-19,18:00:00,206,67,139,FMN GV 22 Boechout
7,Victor Heylenlei 41,2023-04-19,19:00:00,113,50,63,FMN GV 22 Boechout
7,Victor Heylenlei 41,2023-04-19,20:00:00,98,81,17,FMN GV 22 Boechout
7,Victor Heylenlei 41,2023-04-19,21:00:00,41,33,8,FMN GV 22 Boechout
7,Victor Heylenlei 41,2023-04-19,22:00:00,37,13,24,FMN GV 22 Boechout
7,Victor Heylenlei 41,2023-04-19,23:00:00,11,1,10,FMN GV 22 Boechout
7,Victor Heylenlei 41,2023-04-20,00:00:00,2,1,1,FMN GV 22 Boechout
7,Victor Heylenlei 41,2023-04-20,01:00:00,2,2,0,FMN GV 22 Boechout
7,Victor Heylenlei 41,2023-04-20,02:00:00,2,1,1,FMN GV 22 Boechout
7,Victor Heylenlei 41,2023-04-20,03:00:00,1,0,1,FMN GV 22 Boechout
7,Victor Heylenlei 41,2023-04-20,04:00:00,4,4,0,FMN GV 22 Boechout
7,Victor Heylenlei 41,2023-04-20,05:00:00,16,12,4,FMN GV 22 Boechout
7,Victor Heylenlei 41,2023-04-20,06:00:00,34,26,8,FMN GV 22 Boechout
7,Victor Heylenlei 41,2023-04-20,07:00:00,170,137,33,FMN GV 22 Boechout
7,Victor Heylenlei 41,2023-04-20,08:00:00,274,111,163,FMN GV 22 Boechout
7,Victor Heylenlei 41,2023-04-20,09:00:00,57,40,17,FMN GV 22 Boechout
7,Victor Heylenlei 41,2023-04-20,10:00:00,35,16,19,FMN GV 22 Boechout
7,Victor Heylenlei 41,2023-04-20,11:00:00,29,19,10,FMN GV 22 Boechout
7,Victor Heylenlei 41,2023-04-20,12:00:00,43,24,19,FMN GV 22 Boechout
7,Victor Heylenlei 41,2023-04-20,13:00:00,45,26,19,FMN GV 22 Boechout
7,Victor Heylenlei 41,2023-04-20,14:00:00,44,14,30,FMN GV 22 Boechout
7,Victor Heylenlei 41,2023-04-20,15:00:00,63,20,43,FMN GV 22 Boechout
7,Victor Heylenlei 41,2023-04-20,16:00:00,244,150,94,FMN GV 22 Boechout
7,Victor Heylenlei 41,2023-04-20,17:00:00,125,27,98,FMN GV 22 Boechout
7,Victor Heylenlei 41,2023-04-20,18:00:00,113,35,78,FMN GV 22 Boechout
7,Victor Heylenlei 41,2023-04-20,19:00:00,82,42,40,FMN GV 22 Boechout
7,Victor Heylenlei 41,2023-04-20,20:00:00,62,38,24,FMN GV 22 Boechout
7,Victor Heylenlei 41,2023-04-20,21:00:00,38,17,21,FMN GV 22 Boechout
7,Victor Heylenlei 41,2023-04-20,22:00:00,29,11,18,FMN GV 22 Boechout
7,Victor Heylenlei 41,2023-04-20,23:00:00,21,5,16,FMN GV 22 Boechout
7,Victor Heylenlei 41,2023-04-21,00:00:00,5,0,5,FMN GV 22 Boechout
7,Victor Heylenlei 41,2023-04-21,01:00:00,2,0,2,FMN GV 22 Boechout
7,Victor Heylenlei 41,2023-04-21,02:00:00,1,1,0,FMN GV 22 Boechout
7,Victor Heylenlei 41,2023-04-21,03:00:00,5,1,4,FMN GV 22 Boechout
7,Victor Heylenlei 41,2023-04-21,04:00:00,5,5,0,FMN GV 22 Boechout
7,Victor Heylenlei 41,2023-04-21,05:00:00,16,9,7,FMN GV 22 Boechout
7,Victor Heylenlei 41,2023-04-21,06:00:00,43,33,10,FMN GV 22 Boechout
7,Victor Heylenlei 41,2023-04-21,07:00:00,153,117,36,FMN GV 22 Boechout
7,Victor Heylenlei 41,2023-04-21,08:00:00,302,133,169,FMN GV 22 Boechout
7,Victor Heylenlei 41,2023-04-21,09:00:00,71,38,33,FMN GV 22 Boechout
7,Victor Heylenlei 41,2023-04-21,10:00:00,64,35,29,FMN GV 22 Boechout
7,Victor Heylenlei 41,2023-04-21,11:00:00,59,25,34,FMN GV 22 Boechout
7,Victor Heylenlei 41,2023-04-21,12:00:00,88,49,39,FMN GV 22 Boechout
7,Victor Heylenlei 41,2023-04-21,13:00:00,120,61,59,FMN GV 22 Boechout
7,Victor Heylenlei 41,2023-04-21,14:00:00,118,50,68,FMN GV 22 Boechout
7,Victor Heylenlei 41,2023-04-21,15:00:00,155,65,90,FMN GV 22 Boechout
7,Victor Heylenlei 41,2023-04-21,16:00:00,296,167,129,FMN GV 22 Boechout
7,Victor Heylenlei 41,2023-04-21,17:00:00,161,59,102,FMN GV 22 Boechout
7,Victor Heylenlei 41,2023-04-21,18:00:00,99,42,57,FMN GV 22 Boechout
7,Victor Heylenlei 41,2023-04-21,19:00:00,69,33,36,FMN GV 22 Boechout
7,Victor Heylenlei 41,2023-04-21,20:00:00,29,14,15,FMN GV 22 Boechout
7,Victor Heylenlei 41,2023-04-21,21:00:00,12,4,8,FMN GV 22 Boechout
7,Victor Heylenlei 41,2023-04-21,22:00:00,22,7,15,FMN GV 22 Boechout
7,Victor Heylenlei 41,2023-04-21,23:00:00,35,17,18,FMN GV 22 Boechout
7,Victor Heylenlei 41,2023-04-22,00:00:00,11,5,6,FMN GV 22 Boechout
7,Victor Heylenlei 41,2023-04-22,01:00:00,13,6,7,FMN GV 22 Boechout
7,Victor Heylenlei 41,2023-04-22,02:00:00,10,3,7,FMN GV 22 Boechout
7,Victor Heylenlei 41,2023-04-22,03:00:00,5,2,3,FMN GV 22 Boechout
7,Victor Heylenlei 41,2023-04-22,04:00:00,4,4,0,FMN GV 22 Boechout
7,Victor Heylenlei 41,2023-04-22,05:00:00,5,3,2,FMN GV 22 Boechout
7,Victor Heylenlei 41,2023-04-22,06:00:00,8,3,5,FMN GV 22 Boechout
7,Victor Heylenlei 41,2023-04-22,07:00:00,9,4,5,FMN GV 22 Boechout
7,Victor Heylenlei 41,2023-04-22,08:00:00,47,22,25,FMN GV 22 Boechout
7,Victor Heylenlei 41,2023-04-22,09:00:00,78,36,42,FMN GV 22 Boechout
7,Victor Heylenlei 41,2023-04-22,10:00:00,66,38,28,FMN GV 22 Boechout
7,Victor Heylenlei 41,2023-04-22,11:00:00,89,49,40,FMN GV 22 Boechout
7,Victor Heylenlei 41,2023-04-22,12:00:00,61,41,20,FMN GV 22 Boechout
7,Victor Heylenlei 41,2023-04-22,13:00:00,41,26,15,FMN GV 22 Boechout
7,Victor Heylenlei 41,2023-04-22,14:00:00,42,17,25,FMN GV 22 Boechout
7,Victor Heylenlei 41,2023-04-22,15:00:00,32,15,17,FMN GV 22 Boechout
7,Victor Heylenlei 41,2023-04-22,16:00:00,34,14,20,FMN GV 22 Boechout
7,Victor Heylenlei 41,2023-04-22,17:00:00,29,16,13,FMN GV 22 Boechout
7,Victor Heylenlei 41,2023-04-22,18:00:00,18,5,13,FMN GV 22 Boechout
7,Victor Heylenlei 41,2023-04-22,19:00:00,26,12,14,FMN GV 22 Boechout
7,Victor Heylenlei 41,2023-04-22,20:00:00,25,16,9,FMN GV 22 Boechout
7,Victor Heylenlei 41,2023-04-22,21:00:00,20,15,5,FMN GV 22 Boechout
7,Victor Heylenlei 41,2023-04-22,22:00:00,14,3,11,FMN GV 22 Boechout
7,Victor Heylenlei 41,2023-04-22,23:00:00,14,6,8,FMN GV 22 Boechout
7,Victor Heylenlei 41,2023-04-23,00:00:00,5,3,2,FMN GV 22 Boechout
7,Victor Heylenlei 41,2023-04-23,01:00:00,10,3,7,FMN GV 22 Boechout
7,Victor Heylenlei 41,2023-04-23,02:00:00,5,1,4,FMN GV 22 Boechout
7,Victor Heylenlei 41,2023-04-23,03:00:00,10,5,5,FMN GV 22 Boechout
7,Victor Heylenlei 41,2023-04-23,04:00:00,3,3,0,FMN GV 22 Boechout
7,Victor Heylenlei 41,2023-04-23,05:00:00,3,1,2,FMN GV 22 Boechout
7,Victor Heylenlei 41,2023-04-23,06:00:00,4,3,1,FMN GV 22 Boechout
7,Victor Heylenlei 41,2023-04-23,07:00:00,11,7,4,FMN GV 22 Boechout
7,Victor Heylenlei 41,2023-04-23,08:00:00,48,16,32,FMN GV 22 Boechout
7,Victor Heylenlei 41,2023-04-23,09:00:00,163,51,112,FMN GV 22 Boechout
7,Victor Heylenlei 41,2023-04-23,10:00:00,182,84,98,FMN GV 22 Boechout
7,Victor Heylenlei 41,2023-04-23,11:00:00,192,127,65,FMN GV 22 Boechout
7,Victor Heylenlei 41,2023-04-23,12:00:00,131,89,42,FMN GV 22 Boechout
7,Victor Heylenlei 41,2023-04-23,13:00:00,93,57,36,FMN GV 22 Boechout
7,Victor Heylenlei 41,2023-04-23,14:00:00,58,32,26,FMN GV 22 Boechout
7,Victor Heylenlei 41,2023-04-23,15:00:00,12,5,7,FMN GV 22 Boechout
7,Victor Heylenlei 41,2023-04-23,16:00:00,30,11,19,FMN GV 22 Boechout
7,Victor Heylenlei 41,2023-04-23,17:00:00,26,10,16,FMN GV 22 Boechout
7,Victor Heylenlei 41,2023-04-23,18:00:00,20,6,14,FMN GV 22 Boechout
7,Victor Heylenlei 41,2023-04-23,19:00:00,31,11,20,FMN GV 22 Boechout
7,Victor Heylenlei 41,2023-04-23,20:00:00,8,5,3,FMN GV 22 Boechout
7,Victor Heylenlei 41,2023-04-23,21:00:00,14,6,8,FMN GV 22 Boechout
7,Victor Heylenlei 41,2023-04-23,22:00:00,13,2,11,FMN GV 22 Boechout
7,Victor Heylenlei 41,2023-04-23,23:00:00,2,1,1,FMN GV 22 Boechout
7,Victor Heylenlei 41,2023-04-24,00:00:00,3,2,1,FMN GV 22 Boechout
7,Victor Heylenlei 41,2023-04-24,01:00:00,0,0,0,FMN GV 22 Boechout
7,Victor Heylenlei 41,2023-04-24,02:00:00,0,0,0,FMN GV 22 Boechout
7,Victor Heylenlei 41,2023-04-24,03:00:00,0,0,0,FMN GV 22 Boechout
7,Victor Heylenlei 41,2023-04-24,04:00:00,3,3,0,FMN GV 22 Boechout
7,Victor Heylenlei 41,2023-04-24,05:00:00,13,7,6,FMN GV 22 Boechout
7,Victor Heylenlei 41,2023-04-24,06:00:00,25,20,5,FMN GV 22 Boechout
7,Victor Heylenlei 41,2023-04-24,07:00:00,89,69,20,FMN GV 22 Boechout
7,Victor Heylenlei 41,2023-04-24,08:00:00,202,81,121,FMN GV 22 Boechout
7,Victor Heylenlei 41,2023-04-24,09:00:00,40,26,14,FMN GV 22 Boechout
7,Victor Heylenlei 41,2023-04-24,10:00:00,20,13,7,FMN GV 22 Boechout
7,Victor Heylenlei 41,2023-04-24,11:00:00,26,16,10,FMN GV 22 Boechout
7,Victor Heylenlei 41,2023-04-24,12:00:00,34,14,20,FMN GV 22 Boechout
7,Victor Heylenlei 41,2023-04-24,13:00:00,32,11,21,FMN GV 22 Boechout
7,Victor Heylenlei 41,2023-04-24,14:00:00,56,31,25,FMN GV 22 Boechout
7,Victor Heylenlei 41,2023-04-24,15:00:00,83,34,49,FMN GV 22 Boechout
7,Victor Heylenlei 41,2023-04-24,16:00:00,210,135,75,FMN GV 22 Boechout
7,Victor Heylenlei 41,2023-04-24,17:00:00,115,35,80,FMN GV 22 Boechout
7,Victor Heylenlei 41,2023-04-24,18:00:00,66,21,45,FMN GV 22 Boechout
7,Victor Heylenlei 41,2023-04-24,19:00:00,48,27,21,FMN GV 22 Boechout
7,Victor Heylenlei 41,2023-04-24,20:00:00,53,36,17,FMN GV 22 Boechout
7,Victor Heylenlei 41,2023-04-24,21:00:00,29,15,14,FMN GV 22 Boechout
7,Victor Heylenlei 41,2023-04-24,22:00:00,25,15,10,FMN GV 22 Boechout
7,Victor Heylenlei 41,2023-04-24,23:00:00,8,3,5,FMN GV 22 Boechout
7,Victor Heylenlei 41,2023-04-25,00:00:00,0,0,0,FMN GV 22 Boechout
7,Victor Heylenlei 41,2023-04-25,01:00:00,0,0,0,FMN GV 22 Boechout
7,Victor Heylenlei 41,2023-04-25,02:00:00,1,1,0,FMN GV 22 Boechout
7,Victor Heylenlei 41,2023-04-25,03:00:00,2,1,1,FMN GV 22 Boechout
7,Victor Heylenlei 41,2023-04-25,04:00:00,1,1,0,FMN GV 22 Boechout
7,Victor Heylenlei 41,2023-04-25,05:00:00,14,10,4,FMN GV 22 Boechout
7,Victor Heylenlei 41,2023-04-25,06:00:00,49,38,11,FMN GV 22 Boechout
7,Victor Heylenlei 41,2023-04-25,07:00:00,171,135,36,FMN GV 22 Boechout
7,Victor Heylenlei 41,2023-04-25,08:00:00,336,161,175,FMN GV 22 Boechout
7,Victor Heylenlei 41,2023-04-25,09:00:00,59,41,18,FMN GV 22 Boechout
7,Victor Heylenlei 41,2023-04-25,10:00:00,52,28,24,FMN GV 22 Boechout
7,Victor Heylenlei 41,2023-04-25,11:00:00,38,19,19,FMN GV 22 Boechout
7,Victor Heylenlei 41,2023-04-25,12:00:00,64,36,28,FMN GV 22 Boechout
7,Victor Heylenlei 41,2023-04-25,13:00:00,69,25,44,FMN GV 22 Boechout
7,Victor Heylenlei 41,2023-04-25,14:00:00,83,44,39,FMN GV 22 Boechout
7,Victor Heylenlei 41,2023-04-25,15:00:00,105,45,60,FMN GV 22 Boechout
7,Victor Heylenlei 41,2023-04-25,16:00:00,292,154,138,FMN GV 22 Boechout
7,Victor Heylenlei 41,2023-04-25,17:00:00,198,55,143,FMN GV 22 Boechout
7,Victor Heylenlei 41,2023-04-25,18:00:00,121,46,75,FMN GV 22 Boechout
7,Victor Heylenlei 41,2023-04-25,19:00:00,108,55,53,FMN GV 22 Boechout
7,Victor Heylenlei 41,2023-04-25,20:00:00,55,35,20,FMN GV 22 Boechout
7,Victor Heylenlei 41,2023-04-25,21:00:00,40,26,14,FMN GV 22 Boechout
7,Victor Heylenlei 41,2023-04-25,22:00:00,26,9,17,FMN GV 22 Boechout
7,Victor Heylenlei 41,2023-04-25,23:00:00,10,2,8,FMN GV 22 Boechout
7,Victor Heylenlei 41,2023-04-26,00:00:00,6,2,4,FMN GV 22 Boechout
7,Victor Heylenlei 41,2023-04-26,01:00:00,3,0,3,FMN GV 22 Boechout
7,Victor Heylenlei 41,2023-04-26,02:00:00,0,0,0,FMN GV 22 Boechout
7,Victor Heylenlei 41,2023-04-26,03:00:00,1,0,1,FMN GV 22 Boechout
7,Victor Heylenlei 41,2023-04-26,04:00:00,1,1,0,FMN GV 22 Boechout
7,Victor Heylenlei 41,2023-04-26,05:00:00,18,13,5,FMN GV 22 Boechout
7,Victor Heylenlei 41,2023-04-26,06:00:00,50,39,11,FMN GV 22 Boechout
7,Victor Heylenlei 41,2023-04-26,07:00:00,165,126,39,FMN GV 22 Boechout
7,Victor Heylenlei 41,2023-04-26,08:00:00,261,114,147,FMN GV 22 Boechout
7,Victor Heylenlei 41,2023-04-26,09:00:00,49,21,28,FMN GV 22 Boechout
7,Victor Heylenlei 41,2023-04-26,10:00:00,42,22,20,FMN GV 22 Boechout
7,Victor Heylenlei 41,2023-04-26,11:00:00,42,28,14,FMN GV 22 Boechout
7,Victor Heylenlei 41,2023-04-26,12:00:00,202,143,59,FMN GV 22 Boechout
7,Victor Heylenlei 41,2023-04-26,13:00:00,89,39,50,FMN GV 22 Boechout
7,Victor Heylenlei 41,2023-04-26,14:00:00,87,26,61,FMN GV 22 Boechout
7,Victor Heylenlei 41,2023-04-26,15:00:00,104,45,59,FMN GV 22 Boechout
7,Victor Heylenlei 41,2023-04-26,16:00:00,133,36,97,FMN GV 22 Boechout
7,Victor Heylenlei 41,2023-04-26,17:00:00,169,56,113,FMN GV 22 Boechout
7,Victor Heylenlei 41,2023-04-26,18:00:00,152,61,91,FMN GV 22 Boechout
7,Victor Heylenlei 41,2023-04-26,19:00:00,95,44,51,FMN GV 22 Boechout
7,Victor Heylenlei 41,2023-04-26,20:00:00,77,58,19,FMN GV 22 Boechout
7,Victor Heylenlei 41,2023-04-26,21:00:00,31,17,14,FMN GV 22 Boechout
7,Victor Heylenlei 41,2023-04-26,22:00:00,40,23,17,FMN GV 22 Boechout
7,Victor Heylenlei 41,2023-04-26,23:00:00,11,2,9,FMN GV 22 Boechout
7,Victor Heylenlei 41,2023-04-27,00:00:00,2,0,2,FMN GV 22 Boechout
7,Victor Heylenlei 41,2023-04-27,01:00:00,1,1,0,FMN GV 22 Boechout
7,Victor Heylenlei 41,2023-04-27,02:00:00,1,1,0,FMN GV 22 Boechout
7,Victor Heylenlei 41,2023-04-27,03:00:00,1,0,1,FMN GV 22 Boechout
7,Victor Heylenlei 41,2023-04-27,04:00:00,4,2,2,FMN GV 22 Boechout
7,Victor Heylenlei 41,2023-04-27,05:00:00,17,13,4,FMN GV 22 Boechout
7,Victor Heylenlei 41,2023-04-27,06:00:00,51,41,10,FMN GV 22 Boechout
7,Victor Heylenlei 41,2023-04-27,07:00:00,184,150,34,FMN GV 22 Boechout
7,Victor Heylenlei 41,2023-04-27,08:00:00,335,158,177,FMN GV 22 Boechout
7,Victor Heylenlei 41,2023-04-27,09:00:00,65,45,20,FMN GV 22 Boechout
7,Victor Heylenlei 41,2023-04-27,10:00:00,52,29,23,FMN GV 22 Boechout
7,Victor Heylenlei 41,2023-04-27,11:00:00,70,42,28,FMN GV 22 Boechout
7,Victor Heylenlei 41,2023-04-27,12:00:00,76,42,34,FMN GV 22 Boechout
7,Victor Heylenlei 41,2023-04-27,13:00:00,82,40,42,FMN GV 22 Boechout
7,Victor Heylenlei 41,2023-04-27,14:00:00,130,68,62,FMN GV 22 Boechout
7,Victor Heylenlei 41,2023-04-27,15:00:00,150,64,86,FMN GV 22 Boechout
7,Victor Heylenlei 41,2023-04-27,16:00:00,377,191,186,FMN GV 22 Boechout
7,Victor Heylenlei 41,2023-04-27,17:00:00,203,52,151,FMN GV 22 Boechout
7,Victor Heylenlei 41,2023-04-27,18:00:00,152,49,103,FMN GV 22 Boechout
7,Victor Heylenlei 41,2023-04-27,19:00:00,83,36,47,FMN GV 22 Boechout
7,Victor Heylenlei 41,2023-04-27,20:00:00,90,68,22,FMN GV 22 Boechout
7,Victor Heylenlei 41,2023-04-27,21:00:00,39,22,17,FMN GV 22 Boechout
7,Victor Heylenlei 41,2023-04-27,22:00:00,40,24,16,FMN GV 22 Boechout
7,Victor Heylenlei 41,2023-04-27,23:00:00,21,8,13,FMN GV 22 Boechout
7,Victor Heylenlei 41,2023-04-28,00:00:00,11,1,10,FMN GV 22 Boechout
7,Victor Heylenlei 41,2023-04-28,01:00:00,1,1,0,FMN GV 22 Boechout
7,Victor Heylenlei 41,2023-04-28,02:00:00,5,1,4,FMN GV 22 Boechout
7,Victor Heylenlei 41,2023-04-28,03:00:00,5,4,1,FMN GV 22 Boechout
7,Victor Heylenlei 41,2023-04-28,04:00:00,2,2,0,FMN GV 22 Boechout
7,Victor Heylenlei 41,2023-04-28,05:00:00,15,10,5,FMN GV 22 Boechout
7,Victor Heylenlei 41,2023-04-28,06:00:00,29,22,7,FMN GV 22 Boechout
7,Victor Heylenlei 41,2023-04-28,07:00:00,116,85,31,FMN GV 22 Boechout
7,Victor Heylenlei 41,2023-04-28,08:00:00,247,101,146,FMN GV 22 Boechout
7,Victor Heylenlei 41,2023-04-28,09:00:00,85,24,61,FMN GV 22 Boechout
7,Victor Heylenlei 41,2023-04-28,10:00:00,43,24,19,FMN GV 22 Boechout
7,Victor Heylenlei 41,2023-04-28,11:00:00,33,16,17,FMN GV 22 Boechout
7,Victor Heylenlei 41,2023-04-28,12:00:00,46,25,21,FMN GV 22 Boechout
7,Victor Heylenlei 41,2023-04-28,13:00:00,36,16,20,FMN GV 22 Boechout
7,Victor Heylenlei 41,2023-04-28,14:00:00,66,31,35,FMN GV 22 Boechout
7,Victor Heylenlei 41,2023-04-28,15:00:00,128,82,46,FMN GV 22 Boechout
7,Victor Heylenlei 41,2023-04-28,16:00:00,265,156,109,FMN GV 22 Boechout
7,Victor Heylenlei 41,2023-04-28,17:00:00,124,55,69,FMN GV 22 Boechout
7,Victor Heylenlei 41,2023-04-28,18:00:00,87,42,45,FMN GV 22 Boechout
7,Victor Heylenlei 41,2023-04-28,19:00:00,40,18,22,FMN GV 22 Boechout
7,Victor Heylenlei 41,2023-04-28,20:00:00,24,21,3,FMN GV 22 Boechout
7,Victor Heylenlei 41,2023-04-28,21:00:00,17,6,11,FMN GV 22 Boechout
7,Victor Heylenlei 41,2023-04-28,22:00:00,14,4,10,FMN GV 22 Boechout
7,Victor Heylenlei 41,2023-04-28,23:00:00,22,10,12,FMN GV 22 Boechout
7,Victor Heylenlei 41,2023-04-29,00:00:00,8,3,5,FMN GV 22 Boechout
7,Victor Heylenlei 41,2023-04-29,01:00:00,9,2,7,FMN GV 22 Boechout
7,Victor Heylenlei 41,2023-04-29,02:00:00,9,7,2,FMN GV 22 Boechout
7,Victor Heylenlei 41,2023-04-29,03:00:00,2,0,2,FMN GV 22 Boechout
7,Victor Heylenlei 41,2023-04-29,04:00:00,2,1,1,FMN GV 22 Boechout
7,Victor Heylenlei 41,2023-04-29,05:00:00,8,3,5,FMN GV 22 Boechout
7,Victor Heylenlei 41,2023-04-29,06:00:00,10,5,5,FMN GV 22 Boechout
7,Victor Heylenlei 41,2023-04-29,07:00:00,8,5,3,FMN GV 22 Boechout
7,Victor Heylenlei 41,2023-04-29,08:00:00,32,16,16,FMN GV 22 Boechout
7,Victor Heylenlei 41,2023-04-29,09:00:00,57,25,32,FMN GV 22 Boechout
7,Victor Heylenlei 41,2023-04-29,10:00:00,74,39,35,FMN GV 22 Boechout
7,Victor Heylenlei 41,2023-04-29,11:00:00,89,47,42,FMN GV 22 Boechout
7,Victor Heylenlei 41,2023-04-29,12:00:00,85,54,31,FMN GV 22 Boechout
7,Victor Heylenlei 41,2023-04-29,13:00:00,100,62,38,FMN GV 22 Boechout
7,Victor Heylenlei 41,2023-04-29,14:00:00,129,54,75,FMN GV 22 Boechout
7,Victor Heylenlei 41,2023-04-29,15:00:00,111,63,48,FMN GV 22 Boechout
7,Victor Heylenlei 41,2023-04-29,16:00:00,125,52,73,FMN GV 22 Boechout
7,Victor Heylenlei 41,2023-04-29,17:00:00,65,45,20,FMN GV 22 Boechout
7,Victor Heylenlei 41,2023-04-29,18:00:00,65,28,37,FMN GV 22 Boechout
7,Victor Heylenlei 41,2023-04-29,19:00:00,37,17,20,FMN GV 22 Boechout
7,Victor Heylenlei 41,2023-04-29,20:00:00,36,19,17,FMN GV 22 Boechout
7,Victor Heylenlei 41,2023-04-29,21:00:00,17,12,5,FMN GV 22 Boechout
7,Victor Heylenlei 41,2023-04-29,22:00:00,23,8,15,FMN GV 22 Boechout
7,Victor Heylenlei 41,2023-04-29,23:00:00,9,5,4,FMN GV 22 Boechout
7,Victor Heylenlei 41,2023-04-30,00:00:00,7,3,4,FMN GV 22 Boechout
7,Victor Heylenlei 41,2023-04-30,01:00:00,16,6,10,FMN GV 22 Boechout
7,Victor Heylenlei 41,2023-04-30,02:00:00,7,6,1,FMN GV 22 Boechout
7,Victor Heylenlei 41,2023-04-30,03:00:00,5,3,2,FMN GV 22 Boechout
7,Victor Heylenlei 41,2023-04-30,04:00:00,0,0,0,FMN GV 22 Boechout
7,Victor Heylenlei 41,2023-04-30,05:00:00,8,6,2,FMN GV 22 Boechout
7,Victor Heylenlei 41,2023-04-30,06:00:00,8,5,3,FMN GV 22 Boechout
7,Victor Heylenlei 41,2023-04-30,07:00:00,6,3,3,FMN GV 22 Boechout
7,Victor Heylenlei 41,2023-04-30,08:00:00,49,17,32,FMN GV 22 Boechout
7,Victor Heylenlei 41,2023-04-30,09:00:00,100,45,55,FMN GV 22 Boechout
7,Victor Heylenlei 41,2023-04-30,10:00:00,146,86,60,FMN GV 22 Boechout
7,Victor Heylenlei 41,2023-04-30,11:00:00,186,97,89,FMN GV 22 Boechout
7,Victor Heylenlei 41,2023-04-30,12:00:00,173,91,82,FMN GV 22 Boechout
7,Victor Heylenlei 41,2023-04-30,13:00:00,204,113,91,FMN GV 22 Boechout
7,Victor Heylenlei 41,2023-04-30,14:00:00,238,106,132,FMN GV 22 Boechout
7,Victor Heylenlei 41,2023-04-30,15:00:00,193,99,94,FMN GV 22 Boechout
7,Victor Heylenlei 41,2023-04-30,16:00:00,150,78,72,FMN GV 22 Boechout
7,Victor Heylenlei 41,2023-04-30,17:00:00,148,79,69,FMN GV 22 Boechout
7,Victor Heylenlei 41,2023-04-30,18:00:00,99,58,41,FMN GV 22 Boechout
7,Victor Heylenlei 41,2023-04-30,19:00:00,49,22,27,FMN GV 22 Boechout
7,Victor Heylenlei 41,2023-04-30,20:00:00,26,11,15,FMN GV 22 Boechout
7,Victor Heylenlei 41,2023-04-30,21:00:00,40,22,18,FMN GV 22 Boechout
7,Victor Heylenlei 41,2023-04-30,22:00:00,18,6,12,FMN GV 22 Boechout
7,Victor Heylenlei 41,2023-04-30,23:00:00,13,2,11,FMN GV 22 Boechout
7,Victor Heylenlei 41,2023-05-01,00:00:00,13,11,2,FMN GV 22 Boechout
7,Victor Heylenlei 41,2023-05-01,01:00:00,9,1,8,FMN GV 22 Boechout
7,Victor Heylenlei 41,2023-05-01,02:00:00,2,2,0,FMN GV 22 Boechout
7,Victor Heylenlei 41,2023-05-01,03:00:00,2,2,0,FMN GV 22 Boechout
7,Victor Heylenlei 41,2023-05-01,04:00:00,2,1,1,FMN GV 22 Boechout
7,Victor Heylenlei 41,2023-05-01,05:00:00,7,5,2,FMN GV 22 Boechout
7,Victor Heylenlei 41,2023-05-01,06:00:00,10,10,0,FMN GV 22 Boechout
7,Victor Heylenlei 41,2023-05-01,07:00:00,24,6,18,FMN GV 22 Boechout
7,Victor Heylenlei 41,2023-05-01,08:00:00,170,7,163,FMN GV 22 Boechout
7,Victor Heylenlei 41,2023-05-01,09:00:00,485,48,437,FMN GV 22 Boechout
7,Victor Heylenlei 41,2023-05-01,10:00:00,845,72,773,FMN GV 22 Boechout
7,Victor Heylenlei 41,2023-05-01,11:00:00,888,69,819,FMN GV 22 Boechout
7,Victor Heylenlei 41,2023-05-01,12:00:00,768,54,714,FMN GV 22 Boechout
7,Victor Heylenlei 41,2023-05-01,13:00:00,409,57,352,FMN GV 22 Boechout
7,Victor Heylenlei 41,2023-05-01,14:00:00,341,106,235,FMN GV 22 Boechout
7,Victor Heylenlei 41,2023-05-01,15:00:00,176,71,105,FMN GV 22 Boechout
7,Victor Heylenlei 41,2023-05-01,16:00:00,158,70,88,FMN GV 22 Boechout
7,Victor Heylenlei 41,2023-05-01,17:00:00,125,79,46,FMN GV 22 Boechout
7,Victor Heylenlei 41,2023-05-01,18:00:00,101,63,38,FMN GV 22 Boechout
7,Victor Heylenlei 41,2023-05-01,19:00:00,42,31,11,FMN GV 22 Boechout
7,Victor Heylenlei 41,2023-05-01,20:00:00,36,22,14,FMN GV 22 Boechout
7,Victor Heylenlei 41,2023-05-01,21:00:00,29,13,16,FMN GV 22 Boechout
7,Victor Heylenlei 41,2023-05-01,22:00:00,11,4,7,FMN GV 22 Boechout
7,Victor Heylenlei 41,2023-05-01,23:00:00,5,3,2,FMN GV 22 Boechout
7,Victor Heylenlei 41,2023-05-02,00:00:00,2,1,1,FMN GV 22 Boechout
7,Victor Heylenlei 41,2023-05-02,01:00:00,1,0,1,FMN GV 22 Boechout
7,Victor Heylenlei 41,2023-05-02,02:00:00,1,0,1,FMN GV 22 Boechout
7,Victor Heylenlei 41,2023-05-02,03:00:00,1,0,1,FMN GV 22 Boechout
7,Victor Heylenlei 41,2023-05-02,04:00:00,3,2,1,FMN GV 22 Boechout
7,Victor Heylenlei 41,2023-05-02,05:00:00,18,10,8,FMN GV 22 Boechout
7,Victor Heylenlei 41,2023-05-02,06:00:00,64,49,15,FMN GV 22 Boechout
7,Victor Heylenlei 41,2023-05-02,07:00:00,209,161,48,FMN GV 22 Boechout
7,Victor Heylenlei 41,2023-05-02,08:00:00,337,170,167,FMN GV 22 Boechout
7,Victor Heylenlei 41,2023-05-02,09:00:00,95,47,48,FMN GV 22 Boechout
7,Victor Heylenlei 41,2023-05-02,10:00:00,56,31,25,FMN GV 22 Boechout
7,Victor Heylenlei 41,2023-05-02,11:00:00,53,24,29,FMN GV 22 Boechout
7,Victor Heylenlei 41,2023-05-02,12:00:00,75,37,38,FMN GV 22 Boechout
7,Victor Heylenlei 41,2023-05-02,13:00:00,62,38,24,FMN GV 22 Boechout
7,Victor Heylenlei 41,2023-05-02,14:00:00,134,79,55,FMN GV 22 Boechout
7,Victor Heylenlei 41,2023-05-02,15:00:00,111,39,72,FMN GV 22 Boechout
7,Victor Heylenlei 41,2023-05-02,16:00:00,297,155,142,FMN GV 22 Boechout
7,Victor Heylenlei 41,2023-05-02,17:00:00,227,60,167,FMN GV 22 Boechout
7,Victor Heylenlei 41,2023-05-02,18:00:00,140,45,95,FMN GV 22 Boechout
7,Victor Heylenlei 41,2023-05-02,19:00:00,100,44,56,FMN GV 22 Boechout
7,Victor Heylenlei 41,2023-05-02,20:00:00,85,50,35,FMN GV 22 Boechout
7,Victor Heylenlei 41,2023-05-02,21:00:00,35,19,16,FMN GV 22 Boechout
7,Victor Heylenlei 41,2023-05-02,22:00:00,39,17,22,FMN GV 22 Boechout
7,Victor Heylenlei 41,2023-05-02,23:00:00,9,2,7,FMN GV 22 Boechout
7,Victor Heylenlei 41,2023-05-03,00:00:00,6,2,4,FMN GV 22 Boechout
7,Victor Heylenlei 41,2023-05-03,01:00:00,5,2,3,FMN GV 22 Boechout
7,Victor Heylenlei 41,2023-05-03,02:00:00,1,1,0,FMN GV 22 Boechout
7,Victor Heylenlei 41,2023-05-03,03:00:00,2,1,1,FMN GV 22 Boechout
7,Victor Heylenlei 41,2023-05-03,04:00:00,8,5,3,FMN GV 22 Boechout
7,Victor Heylenlei 41,2023-05-03,05:00:00,21,10,11,FMN GV 22 Boechout
7,Victor Heylenlei 41,2023-05-03,06:00:00,61,51,10,FMN GV 22 Boechout
7,Victor Heylenlei 41,2023-05-03,07:00:00,175,137,38,FMN GV 22 Boechout
7,Victor Heylenlei 41,2023-05-03,08:00:00,282,127,155,FMN GV 22 Boechout
7,Victor Heylenlei 41,2023-05-03,09:00:00,63,42,21,FMN GV 22 Boechout
7,Victor Heylenlei 41,2023-05-03,10:00:00,64,38,26,FMN GV 22 Boechout
7,Victor Heylenlei 41,2023-05-03,11:00:00,72,46,26,FMN GV 22 Boechout
7,Victor Heylenlei 41,2023-05-03,12:00:00,210,145,65,FMN GV 22 Boechout
7,Victor Heylenlei 41,2023-05-03,13:00:00,152,60,92,FMN GV 22 Boechout
7,Victor Heylenlei 41,2023-05-03,14:00:00,139,60,79,FMN GV 22 Boechout
7,Victor Heylenlei 41,2023-05-03,15:00:00,155,67,88,FMN GV 22 Boechout
7,Victor Heylenlei 41,2023-05-03,16:00:00,227,90,137,FMN GV 22 Boechout
7,Victor Heylenlei 41,2023-05-03,17:00:00,217,72,145,FMN GV 22 Boechout
7,Victor Heylenlei 41,2023-05-03,18:00:00,159,56,103,FMN GV 22 Boechout
7,Victor Heylenlei 41,2023-05-03,19:00:00,154,48,106,FMN GV 22 Boechout
7,Victor Heylenlei 41,2023-05-03,20:00:00,128,89,39,FMN GV 22 Boechout
7,Victor Heylenlei 41,2023-05-03,21:00:00,57,39,18,FMN GV 22 Boechout
7,Victor Heylenlei 41,2023-05-03,22:00:00,31,16,15,FMN GV 22 Boechout
7,Victor Heylenlei 41,2023-05-03,23:00:00,9,8,1,FMN GV 22 Boechout
7,Victor Heylenlei 41,2023-05-04,00:00:00,5,1,4,FMN GV 22 Boechout
7,Victor Heylenlei 41,2023-05-04,01:00:00,2,0,2,FMN GV 22 Boechout
7,Victor Heylenlei 41,2023-05-04,02:00:00,0,0,0,FMN GV 22 Boechout
7,Victor Heylenlei 41,2023-05-04,03:00:00,1,0,1,FMN GV 22 Boechout
7,Victor Heylenlei 41,2023-05-04,04:00:00,7,5,2,FMN GV 22 Boechout
7,Victor Heylenlei 41,2023-05-04,05:00:00,23,16,7,FMN GV 22 Boechout
7,Victor Heylenlei 41,2023-05-04,06:00:00,63,52,11,FMN GV 22 Boechout
7,Victor Heylenlei 41,2023-05-04,07:00:00,232,192,40,FMN GV 22 Boechout
7,Victor Heylenlei 41,2023-05-04,08:00:00,340,182,158,FMN GV 22 Boechout
7,Victor Heylenlei 41,2023-05-04,09:00:00,93,64,29,FMN GV 22 Boechout
7,Victor Heylenlei 41,2023-05-04,10:00:00,69,43,26,FMN GV 22 Boechout
7,Victor Heylenlei 41,2023-05-04,11:00:00,72,39,33,FMN GV 22 Boechout
7,Victor Heylenlei 41,2023-05-04,12:00:00,118,57,61,FMN GV 22 Boechout
7,Victor Heylenlei 41,2023-05-04,13:00:00,131,75,56,FMN GV 22 Boechout
7,Victor Heylenlei 41,2023-05-04,14:00:00,146,64,82,FMN GV 22 Boechout
7,Victor Heylenlei 41,2023-05-04,15:00:00,202,77,125,FMN GV 22 Boechout
7,Victor Heylenlei 41,2023-05-04,16:00:00,396,197,199,FMN GV 22 Boechout
7,Victor Heylenlei 41,2023-05-04,17:00:00,289,93,196,FMN GV 22 Boechout
7,Victor Heylenlei 41,2023-05-04,18:00:00,228,86,142,FMN GV 22 Boechout
7,Victor Heylenlei 41,2023-05-04,19:00:00,167,83,84,FMN GV 22 Boechout
7,Victor Heylenlei 41,2023-05-04,20:00:00,175,135,40,FMN GV 22 Boechout
7,Victor Heylenlei 41,2023-05-04,21:00:00,65,47,18,FMN GV 22 Boechout
7,Victor Heylenlei 41,2023-05-04,22:00:00,41,13,28,FMN GV 22 Boechout
7,Victor Heylenlei 41,2023-05-04,23:00:00,27,0,27,FMN GV 22 Boechout
7,Victor Heylenlei 41,2023-05-05,00:00:00,3,0,3,FMN GV 22 Boechout
7,Victor Heylenlei 41,2023-05-05,01:00:00,0,0,0,FMN GV 22 Boechout
7,Victor Heylenlei 41,2023-05-05,02:00:00,1,1,0,FMN GV 22 Boechout
7,Victor Heylenlei 41,2023-05-05,03:00:00,1,0,1,FMN GV 22 Boechout
7,Victor Heylenlei 41,2023-05-05,04:00:00,9,5,4,FMN GV 22 Boechout
7,Victor Heylenlei 41,2023-05-05,05:00:00,15,11,4,FMN GV 22 Boechout
7,Victor Heylenlei 41,2023-05-05,06:00:00,46,37,9,FMN GV 22 Boechout
7,Victor Heylenlei 41,2023-05-05,07:00:00,133,100,33,FMN GV 22 Boechout
7,Victor Heylenlei 41,2023-05-05,08:00:00,253,102,151,FMN GV 22 Boechout
7,Victor Heylenlei 41,2023-05-05,09:00:00,61,35,26,FMN GV 22 Boechout
7,Victor Heylenlei 41,2023-05-05,10:00:00,44,22,22,FMN GV 22 Boechout
7,Victor Heylenlei 41,2023-05-05,11:00:00,29,19,10,FMN GV 22 Boechout
7,Victor Heylenlei 41,2023-05-05,12:00:00,53,30,23,FMN GV 22 Boechout
7,Victor Heylenlei 41,2023-05-05,13:00:00,39,24,15,FMN GV 22 Boechout
7,Victor Heylenlei 41,2023-05-05,14:00:00,44,14,30,FMN GV 22 Boechout
7,Victor Heylenlei 41,2023-05-05,15:00:00,87,31,56,FMN GV 22 Boechout
7,Victor Heylenlei 41,2023-05-05,16:00:00,223,135,88,FMN GV 22 Boechout
7,Victor Heylenlei 41,2023-05-05,17:00:00,130,41,89,FMN GV 22 Boechout
7,Victor Heylenlei 41,2023-05-05,18:00:00,88,32,56,FMN GV 22 Boechout
7,Victor Heylenlei 41,2023-05-05,19:00:00,60,33,27,FMN GV 22 Boechout
7,Victor Heylenlei 41,2023-05-05,20:00:00,31,14,17,FMN GV 22 Boechout
7,Victor Heylenlei 41,2023-05-05,21:00:00,42,18,24,FMN GV 22 Boechout
7,Victor Heylenlei 41,2023-05-05,22:00:00,25,7,18,FMN GV 22 Boechout
7,Victor Heylenlei 41,2023-05-05,23:00:00,12,6,6,FMN GV 22 Boechout
7,Victor Heylenlei 41,2023-05-06,00:00:00,22,12,10,FMN GV 22 Boechout
7,Victor Heylenlei 41,2023-05-06,01:00:00,14,2,12,FMN GV 22 Boechout
7,Victor Heylenlei 41,2023-05-06,02:00:00,2,1,1,FMN GV 22 Boechout
7,Victor Heylenlei 41,2023-05-06,03:00:00,5,5,0,FMN GV 22 Boechout
7,Victor Heylenlei 41,2023-05-06,04:00:00,6,3,3,FMN GV 22 Boechout
7,Victor Heylenlei 41,2023-05-06,05:00:00,2,2,0,FMN GV 22 Boechout
7,Victor Heylenlei 41,2023-05-06,06:00:00,13,4,9,FMN GV 22 Boechout
7,Victor Heylenlei 41,2023-05-06,07:00:00,18,7,11,FMN GV 22 Boechout
7,Victor Heylenlei 41,2023-05-06,08:00:00,41,16,25,FMN GV 22 Boechout
7,Victor Heylenlei 41,2023-05-06,09:00:00,100,54,46,FMN GV 22 Boechout
7,Victor Heylenlei 41,2023-05-06,10:00:00,117,51,66,FMN GV 22 Boechout
7,Victor Heylenlei 41,2023-05-06,11:00:00,159,81,78,FMN GV 22 Boechout
7,Victor Heylenlei 41,2023-05-06,12:00:00,173,117,56,FMN GV 22 Boechout
7,Victor Heylenlei 41,2023-05-06,13:00:00,126,74,52,FMN GV 22 Boechout
7,Victor Heylenlei 41,2023-05-06,14:00:00,140,71,69,FMN GV 22 Boechout
7,Victor Heylenlei 41,2023-05-06,15:00:00,130,61,69,FMN GV 22 Boechout
7,Victor Heylenlei 41,2023-05-06,16:00:00,105,55,50,FMN GV 22 Boechout
7,Victor Heylenlei 41,2023-05-06,17:00:00,88,42,46,FMN GV 22 Boechout
7,Victor Heylenlei 41,2023-05-06,18:00:00,65,35,30,FMN GV 22 Boechout
7,Victor Heylenlei 41,2023-05-06,19:00:00,41,22,19,FMN GV 22 Boechout
7,Victor Heylenlei 41,2023-05-06,20:00:00,14,9,5,FMN GV 22 Boechout
7,Victor Heylenlei 41,2023-05-06,21:00:00,22,15,7,FMN GV 22 Boechout
7,Victor Heylenlei 41,2023-05-06,22:00:00,22,9,13,FMN GV 22 Boechout
7,Victor Heylenlei 41,2023-05-06,23:00:00,23,10,13,FMN GV 22 Boechout
7,Victor Heylenlei 41,2023-05-07,00:00:00,18,14,4,FMN GV 22 Boechout
7,Victor Heylenlei 41,2023-05-07,01:00:00,15,9,6,FMN GV 22 Boechout
7,Victor Heylenlei 41,2023-05-07,02:00:00,4,3,1,FMN GV 22 Boechout
7,Victor Heylenlei 41,2023-05-07,03:00:00,3,2,1,FMN GV 22 Boechout
7,Victor Heylenlei 41,2023-05-07,04:00:00,2,1,1,FMN GV 22 Boechout
7,Victor Heylenlei 41,2023-05-07,05:00:00,2,2,0,FMN GV 22 Boechout
7,Victor Heylenlei 41,2023-05-07,06:00:00,12,9,3,FMN GV 22 Boechout
7,Victor Heylenlei 41,2023-05-07,07:00:00,12,7,5,FMN GV 22 Boechout
7,Victor Heylenlei 41,2023-05-07,08:00:00,27,11,16,FMN GV 22 Boechout
7,Victor Heylenlei 41,2023-05-07,09:00:00,69,31,38,FMN GV 22 Boechout
7,Victor Heylenlei 41,2023-05-07,10:00:00,79,38,41,FMN GV 22 Boechout
7,Victor Heylenlei 41,2023-05-07,11:00:00,53,25,28,FMN GV 22 Boechout
7,Victor Heylenlei 41,2023-05-07,12:00:00,83,50,33,FMN GV 22 Boechout
7,Victor Heylenlei 41,2023-05-07,13:00:00,47,25,22,FMN GV 22 Boechout
7,Victor Heylenlei 41,2023-05-07,14:00:00,37,16,21,FMN GV 22 Boechout
7,Victor Heylenlei 41,2023-05-07,15:00:00,30,11,19,FMN GV 22 Boechout
7,Victor Heylenlei 41,2023-05-07,16:00:00,62,35,27,FMN GV 22 Boechout
7,Victor Heylenlei 41,2023-05-07,17:00:00,58,32,26,FMN GV 22 Boechout
7,Victor Heylenlei 41,2023-05-07,18:00:00,48,23,25,FMN GV 22 Boechout
7,Victor Heylenlei 41,2023-05-07,19:00:00,68,35,33,FMN GV 22 Boechout
7,Victor Heylenlei 41,2023-05-07,20:00:00,18,9,9,FMN GV 22 Boechout
7,Victor Heylenlei 41,2023-05-07,21:00:00,12,9,3,FMN GV 22 Boechout
7,Victor Heylenlei 41,2023-05-07,22:00:00,11,2,9,FMN GV 22 Boechout
7,Victor Heylenlei 41,2023-05-07,23:00:00,3,2,1,FMN GV 22 Boechout
7,Victor Heylenlei 41,2023-05-08,00:00:00,3,1,2,FMN GV 22 Boechout
7,Victor Heylenlei 41,2023-05-08,01:00:00,1,0,1,FMN GV 22 Boechout
7,Victor Heylenlei 41,2023-05-08,02:00:00,1,0,1,FMN GV 22 Boechout
7,Victor Heylenlei 41,2023-05-08,03:00:00,3,2,1,FMN GV 22 Boechout
7,Victor Heylenlei 41,2023-05-08,04:00:00,3,3,0,FMN GV 22 Boechout
7,Victor Heylenlei 41,2023-05-08,05:00:00,15,10,5,FMN GV 22 Boechout
7,Victor Heylenlei 41,2023-05-08,06:00:00,58,43,15,FMN GV 22 Boechout
7,Victor Heylenlei 41,2023-05-08,07:00:00,191,150,41,FMN GV 22 Boechout
7,Victor Heylenlei 41,2023-05-08,08:00:00,321,171,150,FMN GV 22 Boechout
7,Victor Heylenlei 41,2023-05-08,09:00:00,60,41,19,FMN GV 22 Boechout
7,Victor Heylenlei 41,2023-05-08,10:00:00,41,20,21,FMN GV 22 Boechout
7,Victor Heylenlei 41,2023-05-08,11:00:00,74,58,16,FMN GV 22 Boechout
7,Victor Heylenlei 41,2023-05-08,12:00:00,72,38,34,FMN GV 22 Boechout
7,Victor Heylenlei 41,2023-05-08,13:00:00,75,25,50,FMN GV 22 Boechout
7,Victor Heylenlei 41,2023-05-08,14:00:00,102,43,59,FMN GV 22 Boechout
7,Victor Heylenlei 41,2023-05-08,15:00:00,158,58,100,FMN GV 22 Boechout
7,Victor Heylenlei 41,2023-05-08,16:00:00,322,174,148,FMN GV 22 Boechout
7,Victor Heylenlei 41,2023-05-08,17:00:00,203,58,145,FMN GV 22 Boechout
7,Victor Heylenlei 41,2023-05-08,18:00:00,135,47,88,FMN GV 22 Boechout
7,Victor Heylenlei 41,2023-05-08,19:00:00,77,38,39,FMN GV 22 Boechout
7,Victor Heylenlei 41,2023-05-08,20:00:00,81,48,33,FMN GV 22 Boechout
7,Victor Heylenlei 41,2023-05-08,21:00:00,27,17,10,FMN GV 22 Boechout
7,Victor Heylenlei 41,2023-05-08,22:00:00,22,14,8,FMN GV 22 Boechout
7,Victor Heylenlei 41,2023-05-08,23:00:00,6,1,5,FMN GV 22 Boechout
7,Victor Heylenlei 41,2023-05-09,00:00:00,2,0,2,FMN GV 22 Boechout
7,Victor Heylenlei 41,2023-05-09,01:00:00,2,1,1,FMN GV 22 Boechout
7,Victor Heylenlei 41,2023-05-09,02:00:00,2,0,2,FMN GV 22 Boechout
7,Victor Heylenlei 41,2023-05-09,03:00:00,1,0,1,FMN GV 22 Boechout
7,Victor Heylenlei 41,2023-05-09,04:00:00,4,3,1,FMN GV 22 Boechout
7,Victor Heylenlei 41,2023-05-09,05:00:00,16,11,5,FMN GV 22 Boechout
7,Victor Heylenlei 41,2023-05-09,06:00:00,36,24,12,FMN GV 22 Boechout
7,Victor Heylenlei 41,2023-05-09,07:00:00,123,95,28,FMN GV 22 Boechout
7,Victor Heylenlei 41,2023-05-09,08:00:00,244,101,143,FMN GV 22 Boechout
7,Victor Heylenlei 41,2023-05-09,09:00:00,30,23,7,FMN GV 22 Boechout
7,Victor Heylenlei 41,2023-05-09,10:00:00,19,12,7,FMN GV 22 Boechout
7,Victor Heylenlei 41,2023-05-09,11:00:00,11,5,6,FMN GV 22 Boechout
7,Victor Heylenlei 41,2023-05-09,12:00:00,25,13,12,FMN GV 22 Boechout
7,Victor Heylenlei 41,2023-05-09,13:00:00,25,8,17,FMN GV 22 Boechout
7,Victor Heylenlei 41,2023-05-09,14:00:00,23,11,12,FMN GV 22 Boechout
7,Victor Heylenlei 41,2023-05-09,15:00:00,50,14,36,FMN GV 22 Boechout
7,Victor Heylenlei 41,2023-05-09,16:00:00,205,136,69,FMN GV 22 Boechout
7,Victor Heylenlei 41,2023-05-09,17:00:00,100,31,69,FMN GV 22 Boechout
7,Victor Heylenlei 41,2023-05-09,18:00:00,59,14,45,FMN GV 22 Boechout
7,Victor Heylenlei 41,2023-05-09,19:00:00,26,9,17,FMN GV 22 Boechout
7,Victor Heylenlei 41,2023-05-09,20:00:00,21,12,9,FMN GV 22 Boechout
7,Victor Heylenlei 41,2023-05-09,21:00:00,20,11,9,FMN GV 22 Boechout
7,Victor Heylenlei 41,2023-05-09,22:00:00,16,10,6,FMN GV 22 Boechout
7,Victor Heylenlei 41,2023-05-09,23:00:00,5,2,3,FMN GV 22 Boechout
7,Victor Heylenlei 41,2023-05-10,00:00:00,2,0,2,FMN GV 22 Boechout
7,Victor Heylenlei 41,2023-05-10,01:00:00,2,1,1,FMN GV 22 Boechout
7,Victor Heylenlei 41,2023-05-10,02:00:00,0,0,0,FMN GV 22 Boechout
7,Victor Heylenlei 41,2023-05-10,03:00:00,2,1,1,FMN GV 22 Boechout
7,Victor Heylenlei 41,2023-05-10,04:00:00,6,5,1,FMN GV 22 Boechout
7,Victor Heylenlei 41,2023-05-10,05:00:00,17,10,7,FMN GV 22 Boechout
7,Victor Heylenlei 41,2023-05-10,06:00:00,39,28,11,FMN GV 22 Boechout
7,Victor Heylenlei 41,2023-05-10,07:00:00,112,89,23,FMN GV 22 Boechout
7,Victor Heylenlei 41,2023-05-10,08:00:00,234,92,142,FMN GV 22 Boechout
7,Victor Heylenlei 41,2023-05-10,09:00:00,57,26,31,FMN GV 22 Boechout
7,Victor Heylenlei 41,2023-05-10,10:00:00,43,29,14,FMN GV 22 Boechout
7,Victor Heylenlei 41,2023-05-10,11:00:00,46,26,20,FMN GV 22 Boechout
7,Victor Heylenlei 41,2023-05-10,12:00:00,183,126,57,FMN GV 22 Boechout
7,Victor Heylenlei 41,2023-05-10,13:00:00,59,24,35,FMN GV 22 Boechout
7,Victor Heylenlei 41,2023-05-10,14:00:00,41,14,27,FMN GV 22 Boechout
7,Victor Heylenlei 41,2023-05-10,15:00:00,62,28,34,FMN GV 22 Boechout
7,Victor Heylenlei 41,2023-05-10,16:00:00,83,27,56,FMN GV 22 Boechout
7,Victor Heylenlei 41,2023-05-10,17:00:00,89,27,62,FMN GV 22 Boechout
7,Victor Heylenlei 41,2023-05-10,18:00:00,66,23,43,FMN GV 22 Boechout
7,Victor Heylenlei 41,2023-05-10,19:00:00,46,22,24,FMN GV 22 Boechout
7,Victor Heylenlei 41,2023-05-10,20:00:00,36,13,23,FMN GV 22 Boechout
7,Victor Heylenlei 41,2023-05-10,21:00:00,20,11,9,FMN GV 22 Boechout
7,Victor Heylenlei 41,2023-05-10,22:00:00,24,12,12,FMN GV 22 Boechout
7,Victor Heylenlei 41,2023-05-10,23:00:00,6,2,4,FMN GV 22 Boechout
7,Victor Heylenlei 41,2023-05-11,00:00:00,0,0,0,FMN GV 22 Boechout
7,Victor Heylenlei 41,2023-05-11,01:00:00,2,2,0,FMN GV 22 Boechout
7,Victor Heylenlei 41,2023-05-11,02:00:00,0,0,0,FMN GV 22 Boechout
7,Victor Heylenlei 41,2023-05-11,03:00:00,2,1,1,FMN GV 22 Boechout
7,Victor Heylenlei 41,2023-05-11,04:00:00,8,6,2,FMN GV 22 Boechout
7,Victor Heylenlei 41,2023-05-11,05:00:00,15,9,6,FMN GV 22 Boechout
7,Victor Heylenlei 41,2023-05-11,06:00:00,50,42,8,FMN GV 22 Boechout
7,Victor Heylenlei 41,2023-05-11,07:00:00,170,131,39,FMN GV 22 Boechout
7,Victor Heylenlei 41,2023-05-11,08:00:00,308,136,172,FMN GV 22 Boechout
7,Victor Heylenlei 41,2023-05-11,09:00:00,50,36,14,FMN GV 22 Boechout
7,Victor Heylenlei 41,2023-05-11,10:00:00,58,22,36,FMN GV 22 Boechout
7,Victor Heylenlei 41,2023-05-11,11:00:00,45,31,14,FMN GV 22 Boechout
7,Victor Heylenlei 41,2023-05-11,12:00:00,82,36,46,FMN GV 22 Boechout
7,Victor Heylenlei 41,2023-05-11,13:00:00,73,34,39,FMN GV 22 Boechout
7,Victor Heylenlei 41,2023-05-11,14:00:00,120,59,61,FMN GV 22 Boechout
7,Victor Heylenlei 41,2023-05-11,15:00:00,142,57,85,FMN GV 22 Boechout
7,Victor Heylenlei 41,2023-05-11,16:00:00,283,177,106,FMN GV 22 Boechout
7,Victor Heylenlei 41,2023-05-11,17:00:00,151,39,112,FMN GV 22 Boechout
7,Victor Heylenlei 41,2023-05-11,18:00:00,105,28,77,FMN GV 22 Boechout
7,Victor Heylenlei 41,2023-05-11,19:00:00,68,24,44,FMN GV 22 Boechout
7,Victor Heylenlei 41,2023-05-11,20:00:00,49,33,16,FMN GV 22 Boechout
7,Victor Heylenlei 41,2023-05-11,21:00:00,41,30,11,FMN GV 22 Boechout
7,Victor Heylenlei 41,2023-05-11,22:00:00,24,10,14,FMN GV 22 Boechout
7,Victor Heylenlei 41,2023-05-11,23:00:00,11,2,9,FMN GV 22 Boechout
7,Victor Heylenlei 41,2023-05-12,00:00:00,7,2,5,FMN GV 22 Boechout
7,Victor Heylenlei 41,2023-05-12,01:00:00,1,0,1,FMN GV 22 Boechout
7,Victor Heylenlei 41,2023-05-12,02:00:00,1,0,1,FMN GV 22 Boechout
7,Victor Heylenlei 41,2023-05-12,03:00:00,2,1,1,FMN GV 22 Boechout
7,Victor Heylenlei 41,2023-05-12,04:00:00,3,3,0,FMN GV 22 Boechout
7,Victor Heylenlei 41,2023-05-12,05:00:00,17,9,8,FMN GV 22 Boechout
7,Victor Heylenlei 41,2023-05-12,06:00:00,24,16,8,FMN GV 22 Boechout
7,Victor Heylenlei 41,2023-05-12,07:00:00,93,69,24,FMN GV 22 Boechout
7,Victor Heylenlei 41,2023-05-12,08:00:00,195,77,118,FMN GV 22 Boechout
7,Victor Heylenlei 41,2023-05-12,09:00:00,21,12,9,FMN GV 22 Boechout
7,Victor Heylenlei 41,2023-05-12,10:00:00,34,24,10,FMN GV 22 Boechout
7,Victor Heylenlei 41,2023-05-12,11:00:00,26,9,17,FMN GV 22 Boechout
7,Victor Heylenlei 41,2023-05-12,12:00:00,47,24,23,FMN GV 22 Boechout
7,Victor Heylenlei 41,2023-05-12,13:00:00,53,25,28,FMN GV 22 Boechout
7,Victor Heylenlei 41,2023-05-12,14:00:00,50,17,33,FMN GV 22 Boechout
7,Victor Heylenlei 41,2023-05-12,15:00:00,78,40,38,FMN GV 22 Boechout
7,Victor Heylenlei 41,2023-05-12,16:00:00,212,135,77,FMN GV 22 Boechout
7,Victor Heylenlei 41,2023-05-12,17:00:00,122,43,79,FMN GV 22 Boechout
7,Victor Heylenlei 41,2023-05-12,18:00:00,134,40,94,FMN GV 22 Boechout
7,Victor Heylenlei 41,2023-05-12,19:00:00,69,30,39,FMN GV 22 Boechout
7,Victor Heylenlei 41,2023-05-12,20:00:00,70,43,27,FMN GV 22 Boechout
7,Victor Heylenlei 41,2023-05-12,21:00:00,66,44,22,FMN GV 22 Boechout
7,Victor Heylenlei 41,2023-05-12,22:00:00,42,28,14,FMN GV 22 Boechout
7,Victor Heylenlei 41,2023-05-12,23:00:00,12,8,4,FMN GV 22 Boechout
7,Victor Heylenlei 41,2023-05-13,00:00:00,21,11,10,FMN GV 22 Boechout
7,Victor Heylenlei 41,2023-05-13,01:00:00,21,9,12,FMN GV 22 Boechout
7,Victor Heylenlei 41,2023-05-13,02:00:00,13,6,7,FMN GV 22 Boechout
7,Victor Heylenlei 41,2023-05-13,03:00:00,14,4,10,FMN GV 22 Boechout
7,Victor Heylenlei 41,2023-05-13,04:00:00,9,5,4,FMN GV 22 Boechout
7,Victor Heylenlei 41,2023-05-13,05:00:00,4,2,2,FMN GV 22 Boechout
7,Victor Heylenlei 41,2023-05-13,06:00:00,9,6,3,FMN GV 22 Boechout
7,Victor Heylenlei 41,2023-05-13,07:00:00,24,13,11,FMN GV 22 Boechout
7,Victor Heylenlei 41,2023-05-13,08:00:00,46,21,25,FMN GV 22 Boechout
7,Victor Heylenlei 41,2023-05-13,09:00:00,121,42,79,FMN GV 22 Boechout
7,Victor Heylenlei 41,2023-05-13,10:00:00,127,72,55,FMN GV 22 Boechout
7,Victor Heylenlei 41,2023-05-13,11:00:00,211,122,89,FMN GV 22 Boechout
7,Victor Heylenlei 41,2023-05-13,12:00:00,164,93,71,FMN GV 22 Boechout
7,Victor Heylenlei 41,2023-05-13,13:00:00,171,97,74,FMN GV 22 Boechout
7,Victor Heylenlei 41,2023-05-13,14:00:00,201,87,114,FMN GV 22 Boechout
7,Victor Heylenlei 41,2023-05-13,15:00:00,207,93,114,FMN GV 22 Boechout
7,Victor Heylenlei 41,2023-05-13,16:00:00,160,104,56,FMN GV 22 Boechout
7,Victor Heylenlei 41,2023-05-13,17:00:00,125,68,57,FMN GV 22 Boechout
7,Victor Heylenlei 41,2023-05-13,18:00:00,78,32,46,FMN GV 22 Boechout
7,Victor Heylenlei 41,2023-05-13,19:00:00,75,39,36,FMN GV 22 Boechout
7,Victor Heylenlei 41,2023-05-13,20:00:00,50,29,21,FMN GV 22 Boechout
7,Victor Heylenlei 41,2023-05-13,21:00:00,29,13,16,FMN GV 22 Boechout
7,Victor Heylenlei 41,2023-05-13,22:00:00,16,7,9,FMN GV 22 Boechout
7,Victor Heylenlei 41,2023-05-13,23:00:00,18,7,11,FMN GV 22 Boechout
7,Victor Heylenlei 41,2023-05-14,00:00:00,21,7,14,FMN GV 22 Boechout
7,Victor Heylenlei 41,2023-05-14,01:00:00,11,8,3,FMN GV 22 Boechout
7,Victor Heylenlei 41,2023-05-14,02:00:00,7,0,7,FMN GV 22 Boechout
7,Victor Heylenlei 41,2023-05-14,03:00:00,2,1,1,FMN GV 22 Boechout
7,Victor Heylenlei 41,2023-05-14,04:00:00,1,1,0,FMN GV 22 Boechout
7,Victor Heylenlei 41,2023-05-14,05:00:00,9,5,4,FMN GV 22 Boechout
7,Victor Heylenlei 41,2023-05-14,06:00:00,4,2,2,FMN GV 22 Boechout
7,Victor Heylenlei 41,2023-05-14,07:00:00,11,5,6,FMN GV 22 Boechout
7,Victor Heylenlei 41,2023-05-14,08:00:00,64,31,33,FMN GV 22 Boechout
7,Victor Heylenlei 41,2023-05-14,09:00:00,80,31,49,FMN GV 22 Boechout
7,Victor Heylenlei 41,2023-05-14,10:00:00,169,71,98,FMN GV 22 Boechout
7,Victor Heylenlei 41,2023-05-14,11:00:00,134,68,66,FMN GV 22 Boechout
7,Victor Heylenlei 41,2023-05-14,12:00:00,221,137,84,FMN GV 22 Boechout
7,Victor Heylenlei 41,2023-05-14,13:00:00,159,75,84,FMN GV 22 Boechout
7,Victor Heylenlei 41,2023-05-14,14:00:00,236,117,119,FMN GV 22 Boechout
7,Victor Heylenlei 41,2023-05-14,15:00:00,233,98,135,FMN GV 22 Boechout
7,Victor Heylenlei 41,2023-05-14,16:00:00,198,121,77,FMN GV 22 Boechout
7,Victor Heylenlei 41,2023-05-14,17:00:00,142,68,74,FMN GV 22 Boechout
7,Victor Heylenlei 41,2023-05-14,18:00:00,98,61,37,FMN GV 22 Boechout
7,Victor Heylenlei 41,2023-05-14,19:00:00,58,35,23,FMN GV 22 Boechout
7,Victor Heylenlei 41,2023-05-14,20:00:00,40,24,16,FMN GV 22 Boechout
7,Victor Heylenlei 41,2023-05-14,21:00:00,27,15,12,FMN GV 22 Boechout
7,Victor Heylenlei 41,2023-05-14,22:00:00,13,4,9,FMN GV 22 Boechout
7,Victor Heylenlei 41,2023-05-14,23:00:00,6,1,5,FMN GV 22 Boechout
7,Victor Heylenlei 41,2023-05-15,00:00:00,2,1,1,FMN GV 22 Boechout
7,Victor Heylenlei 41,2023-05-15,01:00:00,2,0,2,FMN GV 22 Boechout
7,Victor Heylenlei 41,2023-05-15,02:00:00,1,0,1,FMN GV 22 Boechout
7,Victor Heylenlei 41,2023-05-15,03:00:00,0,0,0,FMN GV 22 Boechout
7,Victor Heylenlei 41,2023-05-15,04:00:00,3,3,0,FMN GV 22 Boechout
7,Victor Heylenlei 41,2023-05-15,05:00:00,20,14,6,FMN GV 22 Boechout
7,Victor Heylenlei 41,2023-05-15,06:00:00,57,46,11,FMN GV 22 Boechout
7,Victor Heylenlei 41,2023-05-15,07:00:00,159,122,37,FMN GV 22 Boechout
7,Victor Heylenlei 41,2023-05-15,08:00:00,274,136,138,FMN GV 22 Boechout
7,Victor Heylenlei 41,2023-05-15,09:00:00,61,41,20,FMN GV 22 Boechout
7,Victor Heylenlei 41,2023-05-15,10:00:00,47,31,16,FMN GV 22 Boechout
7,Victor Heylenlei 41,2023-05-15,11:00:00,45,23,22,FMN GV 22 Boechout
7,Victor Heylenlei 41,2023-05-15,12:00:00,52,28,24,FMN GV 22 Boechout
7,Victor Heylenlei 41,2023-05-15,13:00:00,49,20,29,FMN GV 22 Boechout
7,Victor Heylenlei 41,2023-05-15,14:00:00,42,15,27,FMN GV 22 Boechout
7,Victor Heylenlei 41,2023-05-15,15:00:00,69,22,47,FMN GV 22 Boechout
7,Victor Heylenlei 41,2023-05-15,16:00:00,235,130,105,FMN GV 22 Boechout
7,Victor Heylenlei 41,2023-05-15,17:00:00,137,33,104,FMN GV 22 Boechout
7,Victor Heylenlei 41,2023-05-15,18:00:00,69,18,51,FMN GV 22 Boechout
7,Victor Heylenlei 41,2023-05-15,19:00:00,28,9,19,FMN GV 22 Boechout
7,Victor Heylenlei 41,2023-05-15,20:00:00,21,11,10,FMN GV 22 Boechout
7,Victor Heylenlei 41,2023-05-15,21:00:00,14,4,10,FMN GV 22 Boechout
7,Victor Heylenlei 41,2023-05-15,22:00:00,16,9,7,FMN GV 22 Boechout
7,Victor Heylenlei 41,2023-05-15,23:00:00,6,1,5,FMN GV 22 Boechout
7,Victor Heylenlei 41,2023-05-16,00:00:00,1,0,1,FMN GV 22 Boechout
7,Victor Heylenlei 41,2023-05-16,01:00:00,2,1,1,FMN GV 22 Boechout
7,Victor Heylenlei 41,2023-05-16,02:00:00,0,0,0,FMN GV 22 Boechout
7,Victor Heylenlei 41,2023-05-16,03:00:00,3,2,1,FMN GV 22 Boechout
7,Victor Heylenlei 41,2023-05-16,04:00:00,2,2,0,FMN GV 22 Boechout
7,Victor Heylenlei 41,2023-05-16,05:00:00,15,8,7,FMN GV 22 Boechout
7,Victor Heylenlei 41,2023-05-16,06:00:00,60,49,11,FMN GV 22 Boechout
7,Victor Heylenlei 41,2023-05-16,07:00:00,173,131,42,FMN GV 22 Boechout
7,Victor Heylenlei 41,2023-05-16,08:00:00,327,168,159,FMN GV 22 Boechout
7,Victor Heylenlei 41,2023-05-16,09:00:00,81,65,16,FMN GV 22 Boechout
7,Victor Heylenlei 41,2023-05-16,10:00:00,49,27,22,FMN GV 22 Boechout
7,Victor Heylenlei 41,2023-05-16,11:00:00,58,33,25,FMN GV 22 Boechout
7,Victor Heylenlei 41,2023-05-16,12:00:00,67,33,34,FMN GV 22 Boechout
7,Victor Heylenlei 41,2023-05-16,13:00:00,76,34,42,FMN GV 22 Boechout
7,Victor Heylenlei 41,2023-05-16,14:00:00,86,53,33,FMN GV 22 Boechout
7,Victor Heylenlei 41,2023-05-16,15:00:00,116,48,68,FMN GV 22 Boechout
7,Victor Heylenlei 41,2023-05-16,16:00:00,309,172,137,FMN GV 22 Boechout
7,Victor Heylenlei 41,2023-05-16,17:00:00,213,58,155,FMN GV 22 Boechout
7,Victor Heylenlei 41,2023-05-16,18:00:00,144,48,96,FMN GV 22 Boechout
7,Victor Heylenlei 41,2023-05-16,19:00:00,101,43,58,FMN GV 22 Boechout
7,Victor Heylenlei 41,2023-05-16,20:00:00,73,51,22,FMN GV 22 Boechout
7,Victor Heylenlei 41,2023-05-16,21:00:00,26,15,11,FMN GV 22 Boechout
7,Victor Heylenlei 41,2023-05-16,22:00:00,40,11,29,FMN GV 22 Boechout
7,Victor Heylenlei 41,2023-05-16,23:00:00,11,4,7,FMN GV 22 Boechout
7,Victor Heylenlei 41,2023-05-17,00:00:00,3,1,2,FMN GV 22 Boechout
7,Victor Heylenlei 41,2023-05-17,01:00:00,2,0,2,FMN GV 22 Boechout
7,Victor Heylenlei 41,2023-05-17,02:00:00,0,0,0,FMN GV 22 Boechout
7,Victor Heylenlei 41,2023-05-17,03:00:00,2,1,1,FMN GV 22 Boechout
7,Victor Heylenlei 41,2023-05-17,04:00:00,4,3,1,FMN GV 22 Boechout
7,Victor Heylenlei 41,2023-05-17,05:00:00,18,10,8,FMN GV 22 Boechout
7,Victor Heylenlei 41,2023-05-17,06:00:00,49,34,15,FMN GV 22 Boechout
7,Victor Heylenlei 41,2023-05-17,07:00:00,149,101,48,FMN GV 22 Boechout
7,Victor Heylenlei 41,2023-05-17,08:00:00,233,102,131,FMN GV 22 Boechout
7,Victor Heylenlei 41,2023-05-17,09:00:00,79,46,33,FMN GV 22 Boechout
7,Victor Heylenlei 41,2023-05-17,10:00:00,64,41,23,FMN GV 22 Boechout
7,Victor Heylenlei 41,2023-05-17,11:00:00,67,40,27,FMN GV 22 Boechout
7,Victor Heylenlei 41,2023-05-17,12:00:00,218,136,82,FMN GV 22 Boechout
7,Victor Heylenlei 41,2023-05-17,13:00:00,119,58,61,FMN GV 22 Boechout
7,Victor Heylenlei 41,2023-05-17,14:00:00,138,60,78,FMN GV 22 Boechout
7,Victor Heylenlei 41,2023-05-17,15:00:00,155,81,74,FMN GV 22 Boechout
7,Victor Heylenlei 41,2023-05-17,16:00:00,154,73,81,FMN GV 22 Boechout
7,Victor Heylenlei 41,2023-05-17,17:00:00,170,67,103,FMN GV 22 Boechout
7,Victor Heylenlei 41,2023-05-17,18:00:00,95,34,61,FMN GV 22 Boechout
7,Victor Heylenlei 41,2023-05-17,19:00:00,78,46,32,FMN GV 22 Boechout
7,Victor Heylenlei 41,2023-05-17,20:00:00,74,51,23,FMN GV 22 Boechout
7,Victor Heylenlei 41,2023-05-17,21:00:00,46,28,18,FMN GV 22 Boechout
7,Victor Heylenlei 41,2023-05-17,22:00:00,30,13,17,FMN GV 22 Boechout
7,Victor Heylenlei 41,2023-05-17,23:00:00,9,3,6,FMN GV 22 Boechout
7,Victor Heylenlei 41,2023-05-18,00:00:00,12,7,5,FMN GV 22 Boechout
7,Victor Heylenlei 41,2023-05-18,01:00:00,15,5,10,FMN GV 22 Boechout
7,Victor Heylenlei 41,2023-05-18,02:00:00,2,0,2,FMN GV 22 Boechout
7,Victor Heylenlei 41,2023-05-18,03:00:00,3,2,1,FMN GV 22 Boechout
7,Victor Heylenlei 41,2023-05-18,04:00:00,0,0,0,FMN GV 22 Boechout
7,Victor Heylenlei 41,2023-05-18,05:00:00,8,4,4,FMN GV 22 Boechout
7,Victor Heylenlei 41,2023-05-18,06:00:00,9,3,6,FMN GV 22 Boechout
7,Victor Heylenlei 41,2023-05-18,07:00:00,11,3,8,FMN GV 22 Boechout
7,Victor Heylenlei 41,2023-05-18,08:00:00,26,10,16,FMN GV 22 Boechout
7,Victor Heylenlei 41,2023-05-18,09:00:00,76,27,49,FMN GV 22 Boechout
7,Victor Heylenlei 41,2023-05-18,10:00:00,119,49,70,FMN GV 22 Boechout
7,Victor Heylenlei 41,2023-05-18,11:00:00,115,48,67,FMN GV 22 Boechout
7,Victor Heylenlei 41,2023-05-18,12:00:00,196,81,115,FMN GV 22 Boechout
7,Victor Heylenlei 41,2023-05-18,13:00:00,236,83,153,FMN GV 22 Boechout
7,Victor Heylenlei 41,2023-05-18,14:00:00,441,111,330,FMN GV 22 Boechout
7,Victor Heylenlei 41,2023-05-18,15:00:00,385,103,282,FMN GV 22 Boechout
7,Victor Heylenlei 41,2023-05-18,16:00:00,322,137,185,FMN GV 22 Boechout
7,Victor Heylenlei 41,2023-05-18,17:00:00,374,199,175,FMN GV 22 Boechout
7,Victor Heylenlei 41,2023-05-18,18:00:00,258,174,84,FMN GV 22 Boechout
7,Victor Heylenlei 41,2023-05-18,19:00:00,238,133,105,FMN GV 22 Boechout
7,Victor Heylenlei 41,2023-05-18,20:00:00,184,105,79,FMN GV 22 Boechout
7,Victor Heylenlei 41,2023-05-18,21:00:00,131,70,61,FMN GV 22 Boechout
7,Victor Heylenlei 41,2023-05-18,22:00:00,140,75,65,FMN GV 22 Boechout
7,Victor Heylenlei 41,2023-05-18,23:00:00,102,71,31,FMN GV 22 Boechout
7,Victor Heylenlei 41,2023-05-19,00:00:00,196,180,16,FMN GV 22 Boechout
7,Victor Heylenlei 41,2023-05-19,01:00:00,74,67,7,FMN GV 22 Boechout
7,Victor Heylenlei 41,2023-05-19,02:00:00,12,11,1,FMN GV 22 Boechout
7,Victor Heylenlei 41,2023-05-19,03:00:00,5,4,1,FMN GV 22 Boechout
7,Victor Heylenlei 41,2023-05-19,04:00:00,4,3,1,FMN GV 22 Boechout
7,Victor Heylenlei 41,2023-05-19,05:00:00,7,5,2,FMN GV 22 Boechout
7,Victor Heylenlei 41,2023-05-19,06:00:00,21,14,7,FMN GV 22 Boechout
7,Victor Heylenlei 41,2023-05-19,07:00:00,32,19,13,FMN GV 22 Boechout
7,Victor Heylenlei 41,2023-05-19,08:00:00,72,30,42,FMN GV 22 Boechout
7,Victor Heylenlei 41,2023-05-19,09:00:00,59,28,31,FMN GV 22 Boechout
7,Victor Heylenlei 41,2023-05-19,10:00:00,92,44,48,FMN GV 22 Boechout
7,Victor Heylenlei 41,2023-05-19,11:00:00,84,50,34,FMN GV 22 Boechout
7,Victor Heylenlei 41,2023-05-19,12:00:00,103,54,49,FMN GV 22 Boechout
7,Victor Heylenlei 41,2023-05-19,13:00:00,140,75,65,FMN GV 22 Boechout
7,Victor Heylenlei 41,2023-05-19,14:00:00,149,67,82,FMN GV 22 Boechout
7,Victor Heylenlei 41,2023-05-19,15:00:00,169,75,94,FMN GV 22 Boechout
7,Victor Heylenlei 41,2023-05-19,16:00:00,148,89,59,FMN GV 22 Boechout
7,Victor Heylenlei 41,2023-05-19,17:00:00,136,81,55,FMN GV 22 Boechout
7,Victor Heylenlei 41,2023-05-19,18:00:00,79,38,41,FMN GV 22 Boechout
7,Victor Heylenlei 41,2023-05-19,19:00:00,64,34,30,FMN GV 22 Boechout
7,Victor Heylenlei 41,2023-05-19,20:00:00,44,25,19,FMN GV 22 Boechout
7,Victor Heylenlei 41,2023-05-19,21:00:00,30,20,10,FMN GV 22 Boechout
7,Victor Heylenlei 41,2023-05-19,22:00:00,29,6,23,FMN GV 22 Boechout
7,Victor Heylenlei 41,2023-05-19,23:00:00,17,10,7,FMN GV 22 Boechout
7,Victor Heylenlei 41,2023-05-20,00:00:00,9,4,5,FMN GV 22 Boechout
7,Victor Heylenlei 41,2023-05-20,01:00:00,8,2,6,FMN GV 22 Boechout
7,Victor Heylenlei 41,2023-05-20,02:00:00,5,2,3,FMN GV 22 Boechout
7,Victor Heylenlei 41,2023-05-20,03:00:00,1,1,0,FMN GV 22 Boechout
7,Victor Heylenlei 41,2023-05-20,04:00:00,1,0,1,FMN GV 22 Boechout
7,Victor Heylenlei 41,2023-05-20,05:00:00,7,5,2,FMN GV 22 Boechout
7,Victor Heylenlei 41,2023-05-20,06:00:00,13,3,10,FMN GV 22 Boechout
7,Victor Heylenlei 41,2023-05-20,07:00:00,12,6,6,FMN GV 22 Boechout
7,Victor Heylenlei 41,2023-05-20,08:00:00,40,12,28,FMN GV 22 Boechout
7,Victor Heylenlei 41,2023-05-20,09:00:00,74,36,38,FMN GV 22 Boechout
7,Victor Heylenlei 41,2023-05-20,10:00:00,86,54,32,FMN GV 22 Boechout
7,Victor Heylenlei 41,2023-05-20,11:00:00,114,58,56,FMN GV 22 Boechout
7,Victor Heylenlei 41,2023-05-20,12:00:00,118,64,54,FMN GV 22 Boechout
7,Victor Heylenlei 41,2023-05-20,13:00:00,198,113,85,FMN GV 22 Boechout
7,Victor Heylenlei 41,2023-05-20,14:00:00,197,102,95,FMN GV 22 Boechout
7,Victor Heylenlei 41,2023-05-20,15:00:00,196,102,94,FMN GV 22 Boechout
7,Victor Heylenlei 41,2023-05-20,16:00:00,191,72,119,FMN GV 22 Boechout
7,Victor Heylenlei 41,2023-05-20,17:00:00,148,77,71,FMN GV 22 Boechout
7,Victor Heylenlei 41,2023-05-20,18:00:00,94,41,53,FMN GV 22 Boechout
7,Victor Heylenlei 41,2023-05-20,19:00:00,68,29,39,FMN GV 22 Boechout
7,Victor Heylenlei 41,2023-05-20,20:00:00,46,27,19,FMN GV 22 Boechout
7,Victor Heylenlei 41,2023-05-20,21:00:00,45,18,27,FMN GV 22 Boechout
7,Victor Heylenlei 41,2023-05-20,22:00:00,30,11,19,FMN GV 22 Boechout
7,Victor Heylenlei 41,2023-05-20,23:00:00,12,5,7,FMN GV 22 Boechout
7,Victor Heylenlei 41,2023-05-21,00:00:00,13,6,7,FMN GV 22 Boechout
7,Victor Heylenlei 41,2023-05-21,01:00:00,14,4,10,FMN GV 22 Boechout
7,Victor Heylenlei 41,2023-05-21,02:00:00,6,3,3,FMN GV 22 Boechout
7,Victor Heylenlei 41,2023-05-21,03:00:00,5,2,3,FMN GV 22 Boechout
7,Victor Heylenlei 41,2023-05-21,04:00:00,2,1,1,FMN GV 22 Boechout
7,Victor Heylenlei 41,2023-05-21,05:00:00,5,4,1,FMN GV 22 Boechout
7,Victor Heylenlei 41,2023-05-21,06:00:00,8,5,3,FMN GV 22 Boechout
7,Victor Heylenlei 41,2023-05-21,07:00:00,12,5,7,FMN GV 22 Boechout
7,Victor Heylenlei 41,2023-05-21,08:00:00,42,19,23,FMN GV 22 Boechout
7,Victor Heylenlei 41,2023-05-21,09:00:00,114,33,81,FMN GV 22 Boechout
7,Victor Heylenlei 41,2023-05-21,10:00:00,136,64,72,FMN GV 22 Boechout
7,Victor Heylenlei 41,2023-05-21,11:00:00,191,107,84,FMN GV 22 Boechout
7,Victor Heylenlei 41,2023-05-21,12:00:00,231,161,70,FMN GV 22 Boechout
7,Victor Heylenlei 41,2023-05-21,13:00:00,361,227,134,FMN GV 22 Boechout
7,Victor Heylenlei 41,2023-05-21,14:00:00,428,286,142,FMN GV 22 Boechout
7,Victor Heylenlei 41,2023-05-21,15:00:00,353,134,219,FMN GV 22 Boechout
7,Victor Heylenlei 41,2023-05-21,16:00:00,382,129,253,FMN GV 22 Boechout
7,Victor Heylenlei 41,2023-05-21,17:00:00,240,67,173,FMN GV 22 Boechout
7,Victor Heylenlei 41,2023-05-21,18:00:00,173,47,126,FMN GV 22 Boechout
7,Victor Heylenlei 41,2023-05-21,19:00:00,75,37,38,FMN GV 22 Boechout
7,Victor Heylenlei 41,2023-05-21,20:00:00,65,44,21,FMN GV 22 Boechout
7,Victor Heylenlei 41,2023-05-21,21:00:00,31,15,16,FMN GV 22 Boechout
7,Victor Heylenlei 41,2023-05-21,22:00:00,20,8,12,FMN GV 22 Boechout
7,Victor Heylenlei 41,2023-05-21,23:00:00,8,4,4,FMN GV 22 Boechout
7,Victor Heylenlei 41,2023-05-22,00:00:00,2,1,1,FMN GV 22 Boechout
7,Victor Heylenlei 41,2023-05-22,01:00:00,3,2,1,FMN GV 22 Boechout
7,Victor Heylenlei 41,2023-05-22,02:00:00,0,0,0,FMN GV 22 Boechout
7,Victor Heylenlei 41,2023-05-22,03:00:00,2,2,0,FMN GV 22 Boechout
7,Victor Heylenlei 41,2023-05-22,04:00:00,3,2,1,FMN GV 22 Boechout
7,Victor Heylenlei 41,2023-05-22,05:00:00,14,9,5,FMN GV 22 Boechout
7,Victor Heylenlei 41,2023-05-22,06:00:00,53,45,8,FMN GV 22 Boechout
7,Victor Heylenlei 41,2023-05-22,07:00:00,199,155,44,FMN GV 22 Boechout
7,Victor Heylenlei 41,2023-05-22,08:00:00,348,172,176,FMN GV 22 Boechout
7,Victor Heylenlei 41,2023-05-22,09:00:00,55,40,15,FMN GV 22 Boechout
7,Victor Heylenlei 41,2023-05-22,10:00:00,50,27,23,FMN GV 22 Boechout
7,Victor Heylenlei 41,2023-05-22,11:00:00,52,27,25,FMN GV 22 Boechout
7,Victor Heylenlei 41,2023-05-22,12:00:00,75,40,35,FMN GV 22 Boechout
7,Victor Heylenlei 41,2023-05-22,13:00:00,63,29,34,FMN GV 22 Boechout
7,Victor Heylenlei 41,2023-05-22,14:00:00,92,45,47,FMN GV 22 Boechout
7,Victor Heylenlei 41,2023-05-22,15:00:00,130,51,79,FMN GV 22 Boechout
7,Victor Heylenlei 41,2023-05-22,16:00:00,307,181,126,FMN GV 22 Boechout
7,Victor Heylenlei 41,2023-05-22,17:00:00,201,56,145,FMN GV 22 Boechout
7,Victor Heylenlei 41,2023-05-22,18:00:00,105,36,69,FMN GV 22 Boechout
7,Victor Heylenlei 41,2023-05-22,19:00:00,95,49,46,FMN GV 22 Boechout
7,Victor Heylenlei 41,2023-05-22,20:00:00,87,52,35,FMN GV 22 Boechout
7,Victor Heylenlei 41,2023-05-22,21:00:00,39,24,15,FMN GV 22 Boechout
7,Victor Heylenlei 41,2023-05-22,22:00:00,21,14,7,FMN GV 22 Boechout
7,Victor Heylenlei 41,2023-05-22,23:00:00,7,3,4,FMN GV 22 Boechout
7,Victor Heylenlei 41,2023-05-23,00:00:00,2,1,1,FMN GV 22 Boechout
7,Victor Heylenlei 41,2023-05-23,01:00:00,0,0,0,FMN GV 22 Boechout
7,Victor Heylenlei 41,2023-05-23,02:00:00,1,1,0,FMN GV 22 Boechout
7,Victor Heylenlei 41,2023-05-23,03:00:00,1,0,1,FMN GV 22 Boechout
7,Victor Heylenlei 41,2023-05-23,04:00:00,2,2,0,FMN GV 22 Boechout
7,Victor Heylenlei 41,2023-05-23,05:00:00,17,10,7,FMN GV 22 Boechout
7,Victor Heylenlei 41,2023-05-23,06:00:00,54,43,11,FMN GV 22 Boechout
7,Victor Heylenlei 41,2023-05-23,07:00:00,213,167,46,FMN GV 22 Boechout
7,Victor Heylenlei 41,2023-05-23,08:00:00,405,182,223,FMN GV 22 Boechout
7,Victor Heylenlei 41,2023-05-23,09:00:00,110,46,64,FMN GV 22 Boechout
7,Victor Heylenlei 41,2023-05-23,10:00:00,36,27,9,FMN GV 22 Boechout
7,Victor Heylenlei 41,2023-05-23,11:00:00,43,23,20,FMN GV 22 Boechout
7,Victor Heylenlei 41,2023-05-23,12:00:00,56,29,27,FMN GV 22 Boechout
7,Victor Heylenlei 41,2023-05-23,13:00:00,76,33,43,FMN GV 22 Boechout
7,Victor Heylenlei 41,2023-05-23,14:00:00,102,53,49,FMN GV 22 Boechout
7,Victor Heylenlei 41,2023-05-23,15:00:00,214,133,81,FMN GV 22 Boechout
7,Victor Heylenlei 41,2023-05-23,16:00:00,338,178,160,FMN GV 22 Boechout
7,Victor Heylenlei 41,2023-05-23,17:00:00,233,74,159,FMN GV 22 Boechout
7,Victor Heylenlei 41,2023-05-23,18:00:00,164,49,115,FMN GV 22 Boechout
7,Victor Heylenlei 41,2023-05-23,19:00:00,125,52,73,FMN GV 22 Boechout
7,Victor Heylenlei 41,2023-05-23,20:00:00,81,49,32,FMN GV 22 Boechout
7,Victor Heylenlei 41,2023-05-23,21:00:00,59,35,24,FMN GV 22 Boechout
7,Victor Heylenlei 41,2023-05-23,22:00:00,50,20,30,FMN GV 22 Boechout
7,Victor Heylenlei 41,2023-05-23,23:00:00,14,8,6,FMN GV 22 Boechout
7,Victor Heylenlei 41,2023-05-24,00:00:00,3,2,1,FMN GV 22 Boechout
7,Victor Heylenlei 41,2023-05-24,01:00:00,1,0,1,FMN GV 22 Boechout
7,Victor Heylenlei 41,2023-05-24,02:00:00,1,1,0,FMN GV 22 Boechout
7,Victor Heylenlei 41,2023-05-24,03:00:00,4,3,1,FMN GV 22 Boechout
7,Victor Heylenlei 41,2023-05-24,04:00:00,2,2,0,FMN GV 22 Boechout
7,Victor Heylenlei 41,2023-05-24,05:00:00,14,10,4,FMN GV 22 Boechout
7,Victor Heylenlei 41,2023-05-24,06:00:00,56,42,14,FMN GV 22 Boechout
7,Victor Heylenlei 41,2023-05-24,07:00:00,173,130,43,FMN GV 22 Boechout
7,Victor Heylenlei 41,2023-05-24,08:00:00,284,152,132,FMN GV 22 Boechout
7,Victor Heylenlei 41,2023-05-24,09:00:00,105,59,46,FMN GV 22 Boechout
7,Victor Heylenlei 41,2023-05-24,10:00:00,88,58,30,FMN GV 22 Boechout
7,Victor Heylenlei 41,2023-05-24,11:00:00,83,47,36,FMN GV 22 Boechout
7,Victor Heylenlei 41,2023-05-24,12:00:00,169,101,68,FMN GV 22 Boechout
7,Victor Heylenlei 41,2023-05-24,13:00:00,106,47,59,FMN GV 22 Boechout
7,Victor Heylenlei 41,2023-05-24,14:00:00,108,43,65,FMN GV 22 Boechout
7,Victor Heylenlei 41,2023-05-24,15:00:00,128,45,83,FMN GV 22 Boechout
7,Victor Heylenlei 41,2023-05-24,16:00:00,185,62,123,FMN GV 22 Boechout
7,Victor Heylenlei 41,2023-05-24,17:00:00,221,85,136,FMN GV 22 Boechout
7,Victor Heylenlei 41,2023-05-24,18:00:00,143,64,79,FMN GV 22 Boechout
7,Victor Heylenlei 41,2023-05-24,19:00:00,111,72,39,FMN GV 22 Boechout
7,Victor Heylenlei 41,2023-05-24,20:00:00,112,75,37,FMN GV 22 Boechout
7,Victor Heylenlei 41,2023-05-24,21:00:00,43,28,15,FMN GV 22 Boechout
7,Victor Heylenlei 41,2023-05-24,22:00:00,27,10,17,FMN GV 22 Boechout
7,Victor Heylenlei 41,2023-05-24,23:00:00,10,4,6,FMN GV 22 Boechout
7,Victor Heylenlei 41,2023-05-25,00:00:00,2,2,0,FMN GV 22 Boechout
7,Victor Heylenlei 41,2023-05-25,01:00:00,1,1,0,FMN GV 22 Boechout
7,Victor Heylenlei 41,2023-05-25,02:00:00,0,0,0,FMN GV 22 Boechout
7,Victor Heylenlei 41,2023-05-25,03:00:00,1,0,1,FMN GV 22 Boechout
7,Victor Heylenlei 41,2023-05-25,04:00:00,4,4,0,FMN GV 22 Boechout
7,Victor Heylenlei 41,2023-05-25,05:00:00,18,12,6,FMN GV 22 Boechout
7,Victor Heylenlei 41,2023-05-25,06:00:00,49,38,11,FMN GV 22 Boechout
7,Victor Heylenlei 41,2023-05-25,07:00:00,207,167,40,FMN GV 22 Boechout
7,Victor Heylenlei 41,2023-05-25,08:00:00,363,169,194,FMN GV 22 Boechout
7,Victor Heylenlei 41,2023-05-25,09:00:00,93,65,28,FMN GV 22 Boechout
7,Victor Heylenlei 41,2023-05-25,10:00:00,45,27,18,FMN GV 22 Boechout
7,Victor Heylenlei 41,2023-05-25,11:00:00,61,22,39,FMN GV 22 Boechout
7,Victor Heylenlei 41,2023-05-25,12:00:00,96,63,33,FMN GV 22 Boechout
7,Victor Heylenlei 41,2023-05-25,13:00:00,66,33,33,FMN GV 22 Boechout
7,Victor Heylenlei 41,2023-05-25,14:00:00,123,52,71,FMN GV 22 Boechout
7,Victor Heylenlei 41,2023-05-25,15:00:00,156,66,90,FMN GV 22 Boechout
7,Victor Heylenlei 41,2023-05-25,16:00:00,323,183,140,FMN GV 22 Boechout
7,Victor Heylenlei 41,2023-05-25,17:00:00,232,64,168,FMN GV 22 Boechout
7,Victor Heylenlei 41,2023-05-25,18:00:00,133,42,91,FMN GV 22 Boechout
7,Victor Heylenlei 41,2023-05-25,19:00:00,332,182,150,FMN GV 22 Boechout
7,Victor Heylenlei 41,2023-05-25,20:00:00,278,137,141,FMN GV 22 Boechout
7,Victor Heylenlei 41,2023-05-25,21:00:00,75,55,20,FMN GV 22 Boechout
7,Victor Heylenlei 41,2023-05-25,22:00:00,39,16,23,FMN GV 22 Boechout
7,Victor Heylenlei 41,2023-05-25,23:00:00,21,10,11,FMN GV 22 Boechout
7,Victor Heylenlei 41,2023-05-26,00:00:00,5,1,4,FMN GV 22 Boechout
7,Victor Heylenlei 41,2023-05-26,01:00:00,2,2,0,FMN GV 22 Boechout
7,Victor Heylenlei 41,2023-05-26,02:00:00,2,2,0,FMN GV 22 Boechout
7,Victor Heylenlei 41,2023-05-26,03:00:00,1,0,1,FMN GV 22 Boechout
7,Victor Heylenlei 41,2023-05-26,04:00:00,4,4,0,FMN GV 22 Boechout
7,Victor Heylenlei 41,2023-05-26,05:00:00,17,11,6,FMN GV 22 Boechout
7,Victor Heylenlei 41,2023-05-26,06:00:00,38,29,9,FMN GV 22 Boechout
7,Victor Heylenlei 41,2023-05-26,07:00:00,165,119,46,FMN GV 22 Boechout
7,Victor Heylenlei 41,2023-05-26,08:00:00,301,142,159,FMN GV 22 Boechout
7,Victor Heylenlei 41,2023-05-26,09:00:00,66,37,29,FMN GV 22 Boechout
7,Victor Heylenlei 41,2023-05-26,10:00:00,72,32,40,FMN GV 22 Boechout
7,Victor Heylenlei 41,2023-05-26,11:00:00,47,20,27,FMN GV 22 Boechout
7,Victor Heylenlei 41,2023-05-26,12:00:00,88,47,41,FMN GV 22 Boechout
7,Victor Heylenlei 41,2023-05-26,13:00:00,99,49,50,FMN GV 22 Boechout
7,Victor Heylenlei 41,2023-05-26,14:00:00,129,51,78,FMN GV 22 Boechout
7,Victor Heylenlei 41,2023-05-26,15:00:00,160,70,90,FMN GV 22 Boechout
7,Victor Heylenlei 41,2023-05-26,16:00:00,304,171,133,FMN GV 22 Boechout
7,Victor Heylenlei 41,2023-05-26,17:00:00,161,67,94,FMN GV 22 Boechout
7,Victor Heylenlei 41,2023-05-26,18:00:00,124,51,73,FMN GV 22 Boechout
7,Victor Heylenlei 41,2023-05-26,19:00:00,73,37,36,FMN GV 22 Boechout
7,Victor Heylenlei 41,2023-05-26,20:00:00,69,32,37,FMN GV 22 Boechout
7,Victor Heylenlei 41,2023-05-26,21:00:00,44,34,10,FMN GV 22 Boechout
7,Victor Heylenlei 41,2023-05-26,22:00:00,23,6,17,FMN GV 22 Boechout
7,Victor Heylenlei 41,2023-05-26,23:00:00,20,11,9,FMN GV 22 Boechout
7,Victor Heylenlei 41,2023-05-27,00:00:00,19,14,5,FMN GV 22 Boechout
7,Victor Heylenlei 41,2023-05-27,01:00:00,18,5,13,FMN GV 22 Boechout
7,Victor Heylenlei 41,2023-05-27,02:00:00,6,1,5,FMN GV 22 Boechout
7,Victor Heylenlei 41,2023-05-27,03:00:00,2,1,1,FMN GV 22 Boechout
7,Victor Heylenlei 41,2023-05-27,04:00:00,4,2,2,FMN GV 22 Boechout
7,Victor Heylenlei 41,2023-05-27,05:00:00,6,4,2,FMN GV 22 Boechout
7,Victor Heylenlei 41,2023-05-27,06:00:00,10,4,6,FMN GV 22 Boechout
7,Victor Heylenlei 41,2023-05-27,07:00:00,10,7,3,FMN GV 22 Boechout
7,Victor Heylenlei 41,2023-05-27,08:00:00,40,14,26,FMN GV 22 Boechout
7,Victor Heylenlei 41,2023-05-27,09:00:00,87,43,44,FMN GV 22 Boechout
7,Victor Heylenlei 41,2023-05-27,10:00:00,114,48,66,FMN GV 22 Boechout
7,Victor Heylenlei 41,2023-05-27,11:00:00,136,79,57,FMN GV 22 Boechout
7,Victor Heylenlei 41,2023-05-27,12:00:00,118,58,60,FMN GV 22 Boechout
7,Victor Heylenlei 41,2023-05-27,13:00:00,174,86,88,FMN GV 22 Boechout
7,Victor Heylenlei 41,2023-05-27,14:00:00,152,72,80,FMN GV 22 Boechout
7,Victor Heylenlei 41,2023-05-27,15:00:00,142,66,76,FMN GV 22 Boechout
7,Victor Heylenlei 41,2023-05-27,16:00:00,153,92,61,FMN GV 22 Boechout
7,Victor Heylenlei 41,2023-05-27,17:00:00,131,75,56,FMN GV 22 Boechout
7,Victor Heylenlei 41,2023-05-27,18:00:00,70,42,28,FMN GV 22 Boechout
7,Victor Heylenlei 41,2023-05-27,19:00:00,72,39,33,FMN GV 22 Boechout
7,Victor Heylenlei 41,2023-05-27,20:00:00,46,27,19,FMN GV 22 Boechout
7,Victor Heylenlei 41,2023-05-27,21:00:00,44,22,22,FMN GV 22 Boechout
7,Victor Heylenlei 41,2023-05-27,22:00:00,30,13,17,FMN GV 22 Boechout
7,Victor Heylenlei 41,2023-05-27,23:00:00,18,9,9,FMN GV 22 Boechout
7,Victor Heylenlei 41,2023-05-28,00:00:00,20,8,12,FMN GV 22 Boechout
7,Victor Heylenlei 41,2023-05-28,01:00:00,23,4,19,FMN GV 22 Boechout
7,Victor Heylenlei 41,2023-05-28,02:00:00,6,3,3,FMN GV 22 Boechout
7,Victor Heylenlei 41,2023-05-28,03:00:00,4,2,2,FMN GV 22 Boechout
7,Victor Heylenlei 41,2023-05-28,04:00:00,2,1,1,FMN GV 22 Boechout
7,Victor Heylenlei 41,2023-05-28,05:00:00,5,4,1,FMN GV 22 Boechout
7,Victor Heylenlei 41,2023-05-28,06:00:00,7,4,3,FMN GV 22 Boechout
7,Victor Heylenlei 41,2023-05-28,07:00:00,17,9,8,FMN GV 22 Boechout
7,Victor Heylenlei 41,2023-05-28,08:00:00,57,28,29,FMN GV 22 Boechout
7,Victor Heylenlei 41,2023-05-28,09:00:00,98,45,53,FMN GV 22 Boechout
7,Victor Heylenlei 41,2023-05-28,10:00:00,153,59,94,FMN GV 22 Boechout
7,Victor Heylenlei 41,2023-05-28,11:00:00,211,145,66,FMN GV 22 Boechout
7,Victor Heylenlei 41,2023-05-28,12:00:00,170,83,87,FMN GV 22 Boechout
7,Victor Heylenlei 41,2023-05-28,13:00:00,192,85,107,FMN GV 22 Boechout
7,Victor Heylenlei 41,2023-05-28,14:00:00,248,124,124,FMN GV 22 Boechout
7,Victor Heylenlei 41,2023-05-28,15:00:00,182,86,96,FMN GV 22 Boechout
7,Victor Heylenlei 41,2023-05-28,16:00:00,191,92,99,FMN GV 22 Boechout
7,Victor Heylenlei 41,2023-05-28,17:00:00,165,83,82,FMN GV 22 Boechout
7,Victor Heylenlei 41,2023-05-28,18:00:00,121,69,52,FMN GV 22 Boechout
7,Victor Heylenlei 41,2023-05-28,19:00:00,82,41,41,FMN GV 22 Boechout
7,Victor Heylenlei 41,2023-05-28,20:00:00,77,38,39,FMN GV 22 Boechout
7,Victor Heylenlei 41,2023-05-28,21:00:00,43,25,18,FMN GV 22 Boechout
7,Victor Heylenlei 41,2023-05-28,22:00:00,27,13,14,FMN GV 22 Boechout
7,Victor Heylenlei 41,2023-05-28,23:00:00,22,13,9,FMN GV 22 Boechout
7,Victor Heylenlei 41,2023-05-29,00:00:00,8,3,5,FMN GV 22 Boechout
7,Victor Heylenlei 41,2023-05-29,01:00:00,9,2,7,FMN GV 22 Boechout
7,Victor Heylenlei 41,2023-05-29,02:00:00,3,1,2,FMN GV 22 Boechout
7,Victor Heylenlei 41,2023-05-29,03:00:00,4,3,1,FMN GV 22 Boechout
7,Victor Heylenlei 41,2023-05-29,04:00:00,1,0,1,FMN GV 22 Boechout
7,Victor Heylenlei 41,2023-05-29,05:00:00,7,5,2,FMN GV 22 Boechout
7,Victor Heylenlei 41,2023-05-29,06:00:00,12,7,5,FMN GV 22 Boechout
7,Victor Heylenlei 41,2023-05-29,07:00:00,14,7,7,FMN GV 22 Boechout
7,Victor Heylenlei 41,2023-05-29,08:00:00,29,10,19,FMN GV 22 Boechout
7,Victor Heylenlei 41,2023-05-29,09:00:00,73,39,34,FMN GV 22 Boechout
7,Victor Heylenlei 41,2023-05-29,10:00:00,116,69,47,FMN GV 22 Boechout
7,Victor Heylenlei 41,2023-05-29,11:00:00,135,50,85,FMN GV 22 Boechout
7,Victor Heylenlei 41,2023-05-29,12:00:00,185,108,77,FMN GV 22 Boechout
7,Victor Heylenlei 41,2023-05-29,13:00:00,196,108,88,FMN GV 22 Boechout
7,Victor Heylenlei 41,2023-05-29,14:00:00,252,115,137,FMN GV 22 Boechout
7,Victor Heylenlei 41,2023-05-29,15:00:00,268,110,158,FMN GV 22 Boechout
7,Victor Heylenlei 41,2023-05-29,16:00:00,265,134,131,FMN GV 22 Boechout
7,Victor Heylenlei 41,2023-05-29,17:00:00,164,86,78,FMN GV 22 Boechout
7,Victor Heylenlei 41,2023-05-29,18:00:00,111,51,60,FMN GV 22 Boechout
7,Victor Heylenlei 41,2023-05-29,19:00:00,62,37,25,FMN GV 22 Boechout
7,Victor Heylenlei 41,2023-05-29,20:00:00,50,27,23,FMN GV 22 Boechout
7,Victor Heylenlei 41,2023-05-29,21:00:00,42,22,20,FMN GV 22 Boechout
7,Victor Heylenlei 41,2023-05-29,22:00:00,57,28,29,FMN GV 22 Boechout
7,Victor Heylenlei 41,2023-05-29,23:00:00,6,1,5,FMN GV 22 Boechout
7,Victor Heylenlei 41,2023-05-30,00:00:00,3,1,2,FMN GV 22 Boechout
7,Victor Heylenlei 41,2023-05-30,01:00:00,3,2,1,FMN GV 22 Boechout
7,Victor Heylenlei 41,2023-05-30,02:00:00,1,1,0,FMN GV 22 Boechout
7,Victor Heylenlei 41,2023-05-30,03:00:00,1,0,1,FMN GV 22 Boechout
7,Victor Heylenlei 41,2023-05-30,04:00:00,7,7,0,FMN GV 22 Boechout
7,Victor Heylenlei 41,2023-05-30,05:00:00,23,18,5,FMN GV 22 Boechout
7,Victor Heylenlei 41,2023-05-30,06:00:00,59,47,12,FMN GV 22 Boechout
7,Victor Heylenlei 41,2023-05-30,07:00:00,187,144,43,FMN GV 22 Boechout
7,Victor Heylenlei 41,2023-05-30,08:00:00,347,179,168,FMN GV 22 Boechout
7,Victor Heylenlei 41,2023-05-30,09:00:00,70,51,19,FMN GV 22 Boechout
7,Victor Heylenlei 41,2023-05-30,10:00:00,51,31,20,FMN GV 22 Boechout
7,Victor Heylenlei 41,2023-05-30,11:00:00,68,35,33,FMN GV 22 Boechout
7,Victor Heylenlei 41,2023-05-30,12:00:00,80,41,39,FMN GV 22 Boechout
7,Victor Heylenlei 41,2023-05-30,13:00:00,118,52,66,FMN GV 22 Boechout
7,Victor Heylenlei 41,2023-05-30,14:00:00,91,49,42,FMN GV 22 Boechout
7,Victor Heylenlei 41,2023-05-30,15:00:00,127,49,78,FMN GV 22 Boechout
7,Victor Heylenlei 41,2023-05-30,16:00:00,338,186,152,FMN GV 22 Boechout
7,Victor Heylenlei 41,2023-05-30,17:00:00,235,70,165,FMN GV 22 Boechout
7,Victor Heylenlei 41,2023-05-30,18:00:00,118,35,83,FMN GV 22 Boechout
7,Victor Heylenlei 41,2023-05-30,19:00:00,106,49,57,FMN GV 22 Boechout
7,Victor Heylenlei 41,2023-05-30,20:00:00,109,62,47,FMN GV 22 Boechout
7,Victor Heylenlei 41,2023-05-30,21:00:00,57,24,33,FMN GV 22 Boechout
7,Victor Heylenlei 41,2023-05-30,22:00:00,40,14,26,FMN GV 22 Boechout
7,Victor Heylenlei 41,2023-05-30,23:00:00,10,3,7,FMN GV 22 Boechout
7,Victor Heylenlei 41,2023-05-31,00:00:00,1,0,1,FMN GV 22 Boechout
7,Victor Heylenlei 41,2023-05-31,01:00:00,1,0,1,FMN GV 22 Boechout
7,Victor Heylenlei 41,2023-05-31,02:00:00,1,1,0,FMN GV 22 Boechout
7,Victor Heylenlei 41,2023-05-31,03:00:00,2,0,2,FMN GV 22 Boechout
7,Victor Heylenlei 41,2023-05-31,04:00:00,2,2,0,FMN GV 22 Boechout
7,Victor Heylenlei 41,2023-05-31,05:00:00,22,14,8,FMN GV 22 Boechout
7,Victor Heylenlei 41,2023-05-31,06:00:00,62,47,15,FMN GV 22 Boechout
7,Victor Heylenlei 41,2023-05-31,07:00:00,208,150,58,FMN GV 22 Boechout
7,Victor Heylenlei 41,2023-05-31,08:00:00,311,150,161,FMN GV 22 Boechout
7,Victor Heylenlei 41,2023-05-31,09:00:00,83,55,28,FMN GV 22 Boechout
7,Victor Heylenlei 41,2023-05-31,10:00:00,61,38,23,FMN GV 22 Boechout
7,Victor Heylenlei 41,2023-05-31,11:00:00,75,40,35,FMN GV 22 Boechout
7,Victor Heylenlei 41,2023-05-31,12:00:00,262,190,72,FMN GV 22 Boechout
7,Victor Heylenlei 41,2023-05-31,13:00:00,146,65,81,FMN GV 22 Boechout
7,Victor Heylenlei 41,2023-05-31,14:00:00,135,61,74,FMN GV 22 Boechout
7,Victor Heylenlei 41,2023-05-31,15:00:00,150,64,86,FMN GV 22 Boechout
7,Victor Heylenlei 41,2023-05-31,16:00:00,206,76,130,FMN GV 22 Boechout
7,Victor Heylenlei 41,2023-05-31,17:00:00,241,67,174,FMN GV 22 Boechout
7,Victor Heylenlei 41,2023-05-31,18:00:00,157,63,94,FMN GV 22 Boechout
7,Victor Heylenlei 41,2023-05-31,19:00:00,178,90,88,FMN GV 22 Boechout
7,Victor Heylenlei 41,2023-05-31,20:00:00,127,84,43,FMN GV 22 Boechout
7,Victor Heylenlei 41,2023-05-31,21:00:00,76,53,23,FMN GV 22 Boechout
7,Victor Heylenlei 41,2023-05-31,22:00:00,42,20,22,FMN GV 22 Boechout
7,Victor Heylenlei 41,2023-05-31,23:00:00,19,9,10,FMN GV 22 Boechout
7,Victor Heylenlei 41,2023-06-01,00:00:00,6,4,2,FMN GV 22 Boechout
7,Victor Heylenlei 41,2023-06-01,01:00:00,3,0,3,FMN GV 22 Boechout
7,Victor Heylenlei 41,2023-06-01,02:00:00,0,0,0,FMN GV 22 Boechout
7,Victor Heylenlei 41,2023-06-01,03:00:00,3,2,1,FMN GV 22 Boechout
7,Victor Heylenlei 41,2023-06-01,04:00:00,1,1,0,FMN GV 22 Boechout
7,Victor Heylenlei 41,2023-06-01,05:00:00,21,14,7,FMN GV 22 Boechout
7,Victor Heylenlei 41,2023-06-01,06:00:00,55,45,10,FMN GV 22 Boechout
7,Victor Heylenlei 41,2023-06-01,07:00:00,217,166,51,FMN GV 22 Boechout
7,Victor Heylenlei 41,2023-06-01,08:00:00,348,171,177,FMN GV 22 Boechout
7,Victor Heylenlei 41,2023-06-01,09:00:00,97,70,27,FMN GV 22 Boechout
7,Victor Heylenlei 41,2023-06-01,10:00:00,73,23,50,FMN GV 22 Boechout
7,Victor Heylenlei 41,2023-06-01,11:00:00,55,29,26,FMN GV 22 Boechout
7,Victor Heylenlei 41,2023-06-01,12:00:00,90,50,40,FMN GV 22 Boechout
7,Victor Heylenlei 41,2023-06-01,13:00:00,110,47,63,FMN GV 22 Boechout
7,Victor Heylenlei 41,2023-06-01,14:00:00,102,37,65,FMN GV 22 Boechout
7,Victor Heylenlei 41,2023-06-01,15:00:00,175,78,97,FMN GV 22 Boechout
7,Victor Heylenlei 41,2023-06-01,16:00:00,379,212,167,FMN GV 22 Boechout
7,Victor Heylenlei 41,2023-06-01,17:00:00,271,75,196,FMN GV 22 Boechout
7,Victor Heylenlei 41,2023-06-01,18:00:00,157,60,97,FMN GV 22 Boechout
7,Victor Heylenlei 41,2023-06-01,19:00:00,246,114,132,FMN GV 22 Boechout
7,Victor Heylenlei 41,2023-06-01,20:00:00,110,75,35,FMN GV 22 Boechout
7,Victor Heylenlei 41,2023-06-01,21:00:00,107,82,25,FMN GV 22 Boechout
7,Victor Heylenlei 41,2023-06-01,22:00:00,37,13,24,FMN GV 22 Boechout
7,Victor Heylenlei 41,2023-06-01,23:00:00,12,7,5,FMN GV 22 Boechout
7,Victor Heylenlei 41,2023-06-02,00:00:00,8,3,5,FMN GV 22 Boechout
7,Victor Heylenlei 41,2023-06-02,01:00:00,1,1,0,FMN GV 22 Boechout
7,Victor Heylenlei 41,2023-06-02,02:00:00,1,0,1,FMN GV 22 Boechout
7,Victor Heylenlei 41,2023-06-02,03:00:00,1,0,1,FMN GV 22 Boechout
7,Victor Heylenlei 41,2023-06-02,04:00:00,4,4,0,FMN GV 22 Boechout
7,Victor Heylenlei 41,2023-06-02,05:00:00,19,13,6,FMN GV 22 Boechout
7,Victor Heylenlei 41,2023-06-02,06:00:00,45,37,8,FMN GV 22 Boechout
7,Victor Heylenlei 41,2023-06-02,07:00:00,170,121,49,FMN GV 22 Boechout
7,Victor Heylenlei 41,2023-06-02,08:00:00,312,137,175,FMN GV 22 Boechout
7,Victor Heylenlei 41,2023-06-02,09:00:00,61,40,21,FMN GV 22 Boechout
7,Victor Heylenlei 41,2023-06-02,10:00:00,55,39,16,FMN GV 22 Boechout
7,Victor Heylenlei 41,2023-06-02,11:00:00,66,27,39,FMN GV 22 Boechout
7,Victor Heylenlei 41,2023-06-02,12:00:00,94,49,45,FMN GV 22 Boechout
7,Victor Heylenlei 41,2023-06-02,13:00:00,67,25,42,FMN GV 22 Boechout
7,Victor Heylenlei 41,2023-06-02,14:00:00,124,48,76,FMN GV 22 Boechout
7,Victor Heylenlei 41,2023-06-02,15:00:00,148,59,89,FMN GV 22 Boechout
7,Victor Heylenlei 41,2023-06-02,16:00:00,332,181,151,FMN GV 22 Boechout
7,Victor Heylenlei 41,2023-06-02,17:00:00,171,59,112,FMN GV 22 Boechout
7,Victor Heylenlei 41,2023-06-02,18:00:00,117,44,73,FMN GV 22 Boechout
7,Victor Heylenlei 41,2023-06-02,19:00:00,90,48,42,FMN GV 22 Boechout
7,Victor Heylenlei 41,2023-06-02,20:00:00,48,25,23,FMN GV 22 Boechout
7,Victor Heylenlei 41,2023-06-02,21:00:00,34,19,15,FMN GV 22 Boechout
7,Victor Heylenlei 41,2023-06-02,22:00:00,23,10,13,FMN GV 22 Boechout
7,Victor Heylenlei 41,2023-06-02,23:00:00,21,5,16,FMN GV 22 Boechout
7,Victor Heylenlei 41,2023-06-03,00:00:00,13,5,8,FMN GV 22 Boechout
7,Victor Heylenlei 41,2023-06-03,01:00:00,16,8,8,FMN GV 22 Boechout
7,Victor Heylenlei 41,2023-06-03,02:00:00,11,4,7,FMN GV 22 Boechout
7,Victor Heylenlei 41,2023-06-03,03:00:00,5,4,1,FMN GV 22 Boechout
7,Victor Heylenlei 41,2023-06-03,04:00:00,3,3,0,FMN GV 22 Boechout
7,Victor Heylenlei 41,2023-06-03,05:00:00,11,6,5,FMN GV 22 Boechout
7,Victor Heylenlei 41,2023-06-03,06:00:00,20,12,8,FMN GV 22 Boechout
7,Victor Heylenlei 41,2023-06-03,07:00:00,14,10,4,FMN GV 22 Boechout
7,Victor Heylenlei 41,2023-06-03,08:00:00,45,15,30,FMN GV 22 Boechout
7,Victor Heylenlei 41,2023-06-03,09:00:00,88,46,42,FMN GV 22 Boechout
7,Victor Heylenlei 41,2023-06-03,10:00:00,101,57,44,FMN GV 22 Boechout
7,Victor Heylenlei 41,2023-06-03,11:00:00,131,62,69,FMN GV 22 Boechout
7,Victor Heylenlei 41,2023-06-03,12:00:00,133,63,70,FMN GV 22 Boechout
7,Victor Heylenlei 41,2023-06-03,13:00:00,176,96,80,FMN GV 22 Boechout
7,Victor Heylenlei 41,2023-06-03,14:00:00,176,83,93,FMN GV 22 Boechout
7,Victor Heylenlei 41,2023-06-03,15:00:00,170,91,79,FMN GV 22 Boechout
7,Victor Heylenlei 41,2023-06-03,16:00:00,172,93,79,FMN GV 22 Boechout
7,Victor Heylenlei 41,2023-06-03,17:00:00,133,83,50,FMN GV 22 Boechout
7,Victor Heylenlei 41,2023-06-03,18:00:00,101,47,54,FMN GV 22 Boechout
7,Victor Heylenlei 41,2023-06-03,19:00:00,63,36,27,FMN GV 22 Boechout
7,Victor Heylenlei 41,2023-06-03,20:00:00,93,50,43,FMN GV 22 Boechout
7,Victor Heylenlei 41,2023-06-03,21:00:00,40,22,18,FMN GV 22 Boechout
7,Victor Heylenlei 41,2023-06-03,22:00:00,49,24,25,FMN GV 22 Boechout
7,Victor Heylenlei 41,2023-06-03,23:00:00,15,8,7,FMN GV 22 Boechout
7,Victor Heylenlei 41,2023-06-04,00:00:00,17,5,12,FMN GV 22 Boechout
7,Victor Heylenlei 41,2023-06-04,01:00:00,14,5,9,FMN GV 22 Boechout
7,Victor Heylenlei 41,2023-06-04,02:00:00,8,3,5,FMN GV 22 Boechout
7,Victor Heylenlei 41,2023-06-04,03:00:00,7,2,5,FMN GV 22 Boechout
7,Victor Heylenlei 41,2023-06-04,04:00:00,5,1,4,FMN GV 22 Boechout
7,Victor Heylenlei 41,2023-06-04,05:00:00,7,5,2,FMN GV 22 Boechout
7,Victor Heylenlei 41,2023-06-04,06:00:00,12,9,3,FMN GV 22 Boechout
7,Victor Heylenlei 41,2023-06-04,07:00:00,14,5,9,FMN GV 22 Boechout
7,Victor Heylenlei 41,2023-06-04,08:00:00,41,19,22,FMN GV 22 Boechout
7,Victor Heylenlei 41,2023-06-04,09:00:00,95,34,61,FMN GV 22 Boechout
7,Victor Heylenlei 41,2023-06-04,10:00:00,200,74,126,FMN GV 22 Boechout
7,Victor Heylenlei 41,2023-06-04,11:00:00,200,108,92,FMN GV 22 Boechout
7,Victor Heylenlei 41,2023-06-04,12:00:00,186,105,81,FMN GV 22 Boechout
7,Victor Heylenlei 41,2023-06-04,13:00:00,175,78,97,FMN GV 22 Boechout
7,Victor Heylenlei 41,2023-06-04,14:00:00,303,161,142,FMN GV 22 Boechout
7,Victor Heylenlei 41,2023-06-04,15:00:00,214,98,116,FMN GV 22 Boechout
7,Victor Heylenlei 41,2023-06-04,16:00:00,258,139,119,FMN GV 22 Boechout
7,Victor Heylenlei 41,2023-06-04,17:00:00,207,97,110,FMN GV 22 Boechout
7,Victor Heylenlei 41,2023-06-04,18:00:00,149,87,62,FMN GV 22 Boechout
7,Victor Heylenlei 41,2023-06-04,19:00:00,83,39,44,FMN GV 22 Boechout
7,Victor Heylenlei 41,2023-06-04,20:00:00,54,28,26,FMN GV 22 Boechout
7,Victor Heylenlei 41,2023-06-04,21:00:00,55,34,21,FMN GV 22 Boechout
7,Victor Heylenlei 41,2023-06-04,22:00:00,25,13,12,FMN GV 22 Boechout
7,Victor Heylenlei 41,2023-06-04,23:00:00,12,7,5,FMN GV 22 Boechout
7,Victor Heylenlei 41,2023-06-05,00:00:00,12,0,12,FMN GV 22 Boechout
7,Victor Heylenlei 41,2023-06-05,01:00:00,8,0,8,FMN GV 22 Boechout
7,Victor Heylenlei 41,2023-06-05,02:00:00,3,0,3,FMN GV 22 Boechout
7,Victor Heylenlei 41,2023-06-05,03:00:00,0,0,0,FMN GV 22 Boechout
7,Victor Heylenlei 41,2023-06-05,04:00:00,2,2,0,FMN GV 22 Boechout
7,Victor Heylenlei 41,2023-06-05,05:00:00,17,10,7,FMN GV 22 Boechout
7,Victor Heylenlei 41,2023-06-05,06:00:00,59,50,9,FMN GV 22 Boechout
7,Victor Heylenlei 41,2023-06-05,07:00:00,214,168,46,FMN GV 22 Boechout
7,Victor Heylenlei 41,2023-06-05,08:00:00,337,171,166,FMN GV 22 Boechout
7,Victor Heylenlei 41,2023-06-05,09:00:00,90,59,31,FMN GV 22 Boechout
7,Victor Heylenlei 41,2023-06-05,10:00:00,62,31,31,FMN GV 22 Boechout
7,Victor Heylenlei 41,2023-06-05,11:00:00,58,38,20,FMN GV 22 Boechout
7,Victor Heylenlei 41,2023-06-05,12:00:00,95,41,54,FMN GV 22 Boechout
7,Victor Heylenlei 41,2023-06-05,13:00:00,89,45,44,FMN GV 22 Boechout
7,Victor Heylenlei 41,2023-06-05,14:00:00,139,68,71,FMN GV 22 Boechout
7,Victor Heylenlei 41,2023-06-05,15:00:00,160,79,81,FMN GV 22 Boechout
7,Victor Heylenlei 41,2023-06-05,16:00:00,322,177,145,FMN GV 22 Boechout
7,Victor Heylenlei 41,2023-06-05,17:00:00,231,64,167,FMN GV 22 Boechout
7,Victor Heylenlei 41,2023-06-05,18:00:00,126,53,73,FMN GV 22 Boechout
7,Victor Heylenlei 41,2023-06-05,19:00:00,106,47,59,FMN GV 22 Boechout
7,Victor Heylenlei 41,2023-06-05,20:00:00,58,35,23,FMN GV 22 Boechout
7,Victor Heylenlei 41,2023-06-05,21:00:00,39,19,20,FMN GV 22 Boechout
7,Victor Heylenlei 41,2023-06-05,22:00:00,27,9,18,FMN GV 22 Boechout
7,Victor Heylenlei 41,2023-06-05,23:00:00,12,3,9,FMN GV 22 Boechout
7,Victor Heylenlei 41,2023-06-06,00:00:00,5,2,3,FMN GV 22 Boechout
7,Victor Heylenlei 41,2023-06-06,01:00:00,1,0,1,FMN GV 22 Boechout
7,Victor Heylenlei 41,2023-06-06,02:00:00,1,1,0,FMN GV 22 Boechout
7,Victor Heylenlei 41,2023-06-06,03:00:00,1,0,1,FMN GV 22 Boechout
7,Victor Heylenlei 41,2023-06-06,04:00:00,5,4,1,FMN GV 22 Boechout
7,Victor Heylenlei 41,2023-06-06,05:00:00,17,10,7,FMN GV 22 Boechout
7,Victor Heylenlei 41,2023-06-06,06:00:00,72,58,14,FMN GV 22 Boechout
7,Victor Heylenlei 41,2023-06-06,07:00:00,227,167,60,FMN GV 22 Boechout
7,Victor Heylenlei 41,2023-06-06,08:00:00,369,189,180,FMN GV 22 Boechout
7,Victor Heylenlei 41,2023-06-06,09:00:00,82,57,25,FMN GV 22 Boechout
7,Victor Heylenlei 41,2023-06-06,10:00:00,70,33,37,FMN GV 22 Boechout
7,Victor Heylenlei 41,2023-06-06,11:00:00,68,37,31,FMN GV 22 Boechout
7,Victor Heylenlei 41,2023-06-06,12:00:00,99,60,39,FMN GV 22 Boechout
7,Victor Heylenlei 41,2023-06-06,13:00:00,126,71,55,FMN GV 22 Boechout
7,Victor Heylenlei 41,2023-06-06,14:00:00,106,45,61,FMN GV 22 Boechout
7,Victor Heylenlei 41,2023-06-06,15:00:00,161,75,86,FMN GV 22 Boechout
7,Victor Heylenlei 41,2023-06-06,16:00:00,333,185,148,FMN GV 22 Boechout
7,Victor Heylenlei 41,2023-06-06,17:00:00,257,58,199,FMN GV 22 Boechout
7,Victor Heylenlei 41,2023-06-06,18:00:00,200,57,143,FMN GV 22 Boechout
7,Victor Heylenlei 41,2023-06-06,19:00:00,115,52,63,FMN GV 22 Boechout
7,Victor Heylenlei 41,2023-06-06,20:00:00,136,88,48,FMN GV 22 Boechout
7,Victor Heylenlei 41,2023-06-06,21:00:00,57,35,22,FMN GV 22 Boechout
7,Victor Heylenlei 41,2023-06-06,22:00:00,42,25,17,FMN GV 22 Boechout
7,Victor Heylenlei 41,2023-06-06,23:00:00,20,7,13,FMN GV 22 Boechout
7,Victor Heylenlei 41,2023-06-07,00:00:00,4,1,3,FMN GV 22 Boechout
7,Victor Heylenlei 41,2023-06-07,01:00:00,8,4,4,FMN GV 22 Boechout
7,Victor Heylenlei 41,2023-06-07,02:00:00,3,2,1,FMN GV 22 Boechout
7,Victor Heylenlei 41,2023-06-07,03:00:00,1,0,1,FMN GV 22 Boechout
7,Victor Heylenlei 41,2023-06-07,04:00:00,7,5,2,FMN GV 22 Boechout
7,Victor Heylenlei 41,2023-06-07,05:00:00,23,15,8,FMN GV 22 Boechout
7,Victor Heylenlei 41,2023-06-07,06:00:00,56,46,10,FMN GV 22 Boechout
7,Victor Heylenlei 41,2023-06-07,07:00:00,188,142,46,FMN GV 22 Boechout
7,Victor Heylenlei 41,2023-06-07,08:00:00,288,131,157,FMN GV 22 Boechout
7,Victor Heylenlei 41,2023-06-07,09:00:00,74,34,40,FMN GV 22 Boechout
7,Victor Heylenlei 41,2023-06-07,10:00:00,83,55,28,FMN GV 22 Boechout
7,Victor Heylenlei 41,2023-06-07,11:00:00,104,67,37,FMN GV 22 Boechout
7,Victor Heylenlei 41,2023-06-07,12:00:00,235,166,69,FMN GV 22 Boechout
7,Victor Heylenlei 41,2023-06-07,13:00:00,130,53,77,FMN GV 22 Boechout
7,Victor Heylenlei 41,2023-06-07,14:00:00,138,59,79,FMN GV 22 Boechout
7,Victor Heylenlei 41,2023-06-07,15:00:00,98,46,52,FMN GV 22 Boechout
7,Victor Heylenlei 41,2023-06-07,16:00:00,178,65,113,FMN GV 22 Boechout
7,Victor Heylenlei 41,2023-06-07,17:00:00,215,73,142,FMN GV 22 Boechout
7,Victor Heylenlei 41,2023-06-07,18:00:00,175,67,108,FMN GV 22 Boechout
7,Victor Heylenlei 41,2023-06-07,19:00:00,139,64,75,FMN GV 22 Boechout
7,Victor Heylenlei 41,2023-06-07,20:00:00,133,80,53,FMN GV 22 Boechout
7,Victor Heylenlei 41,2023-06-07,21:00:00,67,40,27,FMN GV 22 Boechout
7,Victor Heylenlei 41,2023-06-07,22:00:00,52,23,29,FMN GV 22 Boechout
7,Victor Heylenlei 41,2023-06-07,23:00:00,23,4,19,FMN GV 22 Boechout
7,Victor Heylenlei 41,2023-06-08,00:00:00,7,5,2,FMN GV 22 Boechout
7,Victor Heylenlei 41,2023-06-08,01:00:00,3,0,3,FMN GV 22 Boechout
7,Victor Heylenlei 41,2023-06-08,02:00:00,2,2,0,FMN GV 22 Boechout
7,Victor Heylenlei 41,2023-06-08,03:00:00,2,1,1,FMN GV 22 Boechout
7,Victor Heylenlei 41,2023-06-08,04:00:00,5,3,2,FMN GV 22 Boechout
7,Victor Heylenlei 41,2023-06-08,05:00:00,18,11,7,FMN GV 22 Boechout
7,Victor Heylenlei 41,2023-06-08,06:00:00,73,60,13,FMN GV 22 Boechout
7,Victor Heylenlei 41,2023-06-08,07:00:00,223,175,48,FMN GV 22 Boechout
7,Victor Heylenlei 41,2023-06-08,08:00:00,368,184,184,FMN GV 22 Boechout
7,Victor Heylenlei 41,2023-06-08,09:00:00,100,58,42,FMN GV 22 Boechout
7,Victor Heylenlei 41,2023-06-08,10:00:00,81,52,29,FMN GV 22 Boechout
7,Victor Heylenlei 41,2023-06-08,11:00:00,90,50,40,FMN GV 22 Boechout
7,Victor Heylenlei 41,2023-06-08,12:00:00,95,56,39,FMN GV 22 Boechout
7,Victor Heylenlei 41,2023-06-08,13:00:00,117,57,60,FMN GV 22 Boechout
7,Victor Heylenlei 41,2023-06-08,14:00:00,136,82,54,FMN GV 22 Boechout
7,Victor Heylenlei 41,2023-06-08,15:00:00,187,52,135,FMN GV 22 Boechout
7,Victor Heylenlei 41,2023-06-08,16:00:00,373,198,175,FMN GV 22 Boechout
7,Victor Heylenlei 41,2023-06-08,17:00:00,237,58,179,FMN GV 22 Boechout
7,Victor Heylenlei 41,2023-06-08,18:00:00,199,88,111,FMN GV 22 Boechout
7,Victor Heylenlei 41,2023-06-08,19:00:00,157,70,87,FMN GV 22 Boechout
7,Victor Heylenlei 41,2023-06-08,20:00:00,154,107,47,FMN GV 22 Boechout
7,Victor Heylenlei 41,2023-06-08,21:00:00,94,68,26,FMN GV 22 Boechout
7,Victor Heylenlei 41,2023-06-08,22:00:00,54,20,34,FMN GV 22 Boechout
7,Victor Heylenlei 41,2023-06-08,23:00:00,20,5,15,FMN GV 22 Boechout
7,Victor Heylenlei 41,2023-06-09,00:00:00,12,4,8,FMN GV 22 Boechout
7,Victor Heylenlei 41,2023-06-09,01:00:00,3,3,0,FMN GV 22 Boechout
7,Victor Heylenlei 41,2023-06-09,02:00:00,1,0,1,FMN GV 22 Boechout
7,Victor Heylenlei 41,2023-06-09,03:00:00,2,0,2,FMN GV 22 Boechout
7,Victor Heylenlei 41,2023-06-09,04:00:00,7,5,2,FMN GV 22 Boechout
7,Victor Heylenlei 41,2023-06-09,05:00:00,24,12,12,FMN GV 22 Boechout
7,Victor Heylenlei 41,2023-06-09,06:00:00,53,41,12,FMN GV 22 Boechout
7,Victor Heylenlei 41,2023-06-09,07:00:00,186,139,47,FMN GV 22 Boechout
7,Victor Heylenlei 41,2023-06-09,08:00:00,298,137,161,FMN GV 22 Boechout
7,Victor Heylenlei 41,2023-06-09,09:00:00,104,58,46,FMN GV 22 Boechout
7,Victor Heylenlei 41,2023-06-09,10:00:00,86,58,28,FMN GV 22 Boechout
7,Victor Heylenlei 41,2023-06-09,11:00:00,89,51,38,FMN GV 22 Boechout
7,Victor Heylenlei 41,2023-06-09,12:00:00,104,58,46,FMN GV 22 Boechout
7,Victor Heylenlei 41,2023-06-09,13:00:00,97,51,46,FMN GV 22 Boechout
7,Victor Heylenlei 41,2023-06-09,14:00:00,136,64,72,FMN GV 22 Boechout
7,Victor Heylenlei 41,2023-06-09,15:00:00,119,48,71,FMN GV 22 Boechout
7,Victor Heylenlei 41,2023-06-09,16:00:00,337,193,144,FMN GV 22 Boechout
7,Victor Heylenlei 41,2023-06-09,17:00:00,180,70,110,FMN GV 22 Boechout
7,Victor Heylenlei 41,2023-06-09,18:00:00,144,63,81,FMN GV 22 Boechout
7,Victor Heylenlei 41,2023-06-09,19:00:00,119,56,63,FMN GV 22 Boechout
7,Victor Heylenlei 41,2023-06-09,20:00:00,89,43,46,FMN GV 22 Boechout
7,Victor Heylenlei 41,2023-06-09,21:00:00,79,44,35,FMN GV 22 Boechout
7,Victor Heylenlei 41,2023-06-09,22:00:00,41,12,29,FMN GV 22 Boechout
7,Victor Heylenlei 41,2023-06-09,23:00:00,28,11,17,FMN GV 22 Boechout
7,Victor Heylenlei 41,2023-06-10,00:00:00,39,11,28,FMN GV 22 Boechout
7,Victor Heylenlei 41,2023-06-10,01:00:00,16,8,8,FMN GV 22 Boechout
7,Victor Heylenlei 41,2023-06-10,02:00:00,10,4,6,FMN GV 22 Boechout
7,Victor Heylenlei 41,2023-06-10,03:00:00,5,5,0,FMN GV 22 Boechout
7,Victor Heylenlei 41,2023-06-10,04:00:00,7,4,3,FMN GV 22 Boechout
7,Victor Heylenlei 41,2023-06-10,05:00:00,5,2,3,FMN GV 22 Boechout
7,Victor Heylenlei 41,2023-06-10,06:00:00,13,4,9,FMN GV 22 Boechout
7,Victor Heylenlei 41,2023-06-10,07:00:00,24,13,11,FMN GV 22 Boechout
7,Victor Heylenlei 41,2023-06-10,08:00:00,69,33,36,FMN GV 22 Boechout
7,Victor Heylenlei 41,2023-06-10,09:00:00,118,63,55,FMN GV 22 Boechout
7,Victor Heylenlei 41,2023-06-10,10:00:00,156,72,84,FMN GV 22 Boechout
7,Victor Heylenlei 41,2023-06-10,11:00:00,131,69,62,FMN GV 22 Boechout
7,Victor Heylenlei 41,2023-06-10,12:00:00,136,81,55,FMN GV 22 Boechout
7,Victor Heylenlei 41,2023-06-10,13:00:00,135,66,69,FMN GV 22 Boechout
7,Victor Heylenlei 41,2023-06-10,14:00:00,228,93,135,FMN GV 22 Boechout
7,Victor Heylenlei 41,2023-06-10,15:00:00,125,60,65,FMN GV 22 Boechout
7,Victor Heylenlei 41,2023-06-10,16:00:00,112,65,47,FMN GV 22 Boechout
7,Victor Heylenlei 41,2023-06-10,17:00:00,114,62,52,FMN GV 22 Boechout
7,Victor Heylenlei 41,2023-06-10,18:00:00,89,45,44,FMN GV 22 Boechout
7,Victor Heylenlei 41,2023-06-10,19:00:00,72,35,37,FMN GV 22 Boechout
7,Victor Heylenlei 41,2023-06-10,20:00:00,88,43,45,FMN GV 22 Boechout
7,Victor Heylenlei 41,2023-06-10,21:00:00,60,30,30,FMN GV 22 Boechout
7,Victor Heylenlei 41,2023-06-10,22:00:00,27,16,11,FMN GV 22 Boechout
7,Victor Heylenlei 41,2023-06-10,23:00:00,39,23,16,FMN GV 22 Boechout
7,Victor Heylenlei 41,2023-06-11,00:00:00,21,7,14,FMN GV 22 Boechout
7,Victor Heylenlei 41,2023-06-11,01:00:00,13,10,3,FMN GV 22 Boechout
7,Victor Heylenlei 41,2023-06-11,02:00:00,12,7,5,FMN GV 22 Boechout
7,Victor Heylenlei 41,2023-06-11,03:00:00,5,3,2,FMN GV 22 Boechout
7,Victor Heylenlei 41,2023-06-11,04:00:00,3,2,1,FMN GV 22 Boechout
7,Victor Heylenlei 41,2023-06-11,05:00:00,4,2,2,FMN GV 22 Boechout
7,Victor Heylenlei 41,2023-06-11,06:00:00,13,2,11,FMN GV 22 Boechout
7,Victor Heylenlei 41,2023-06-11,07:00:00,31,15,16,FMN GV 22 Boechout
7,Victor Heylenlei 41,2023-06-11,08:00:00,70,32,38,FMN GV 22 Boechout
7,Victor Heylenlei 41,2023-06-11,09:00:00,139,39,100,FMN GV 22 Boechout
7,Victor Heylenlei 41,2023-06-11,10:00:00,222,106,116,FMN GV 22 Boechout
7,Victor Heylenlei 41,2023-06-11,11:00:00,205,140,65,FMN GV 22 Boechout
7,Victor Heylenlei 41,2023-06-11,12:00:00,167,101,66,FMN GV 22 Boechout
7,Victor Heylenlei 41,2023-06-11,13:00:00,163,67,96,FMN GV 22 Boechout
7,Victor Heylenlei 41,2023-06-11,14:00:00,152,69,83,FMN GV 22 Boechout
7,Victor Heylenlei 41,2023-06-11,15:00:00,129,63,66,FMN GV 22 Boechout
7,Victor Heylenlei 41,2023-06-11,16:00:00,145,67,78,FMN GV 22 Boechout
7,Victor Heylenlei 41,2023-06-11,17:00:00,92,56,36,FMN GV 22 Boechout
7,Victor Heylenlei 41,2023-06-11,18:00:00,98,55,43,FMN GV 22 Boechout
7,Victor Heylenlei 41,2023-06-11,19:00:00,97,46,51,FMN GV 22 Boechout
7,Victor Heylenlei 41,2023-06-11,20:00:00,104,55,49,FMN GV 22 Boechout
7,Victor Heylenlei 41,2023-06-11,21:00:00,74,38,36,FMN GV 22 Boechout
7,Victor Heylenlei 41,2023-06-11,22:00:00,31,14,17,FMN GV 22 Boechout
7,Victor Heylenlei 41,2023-06-11,23:00:00,13,8,5,FMN GV 22 Boechout
7,Victor Heylenlei 41,2023-06-12,00:00:00,4,1,3,FMN GV 22 Boechout
7,Victor Heylenlei 41,2023-06-12,01:00:00,4,4,0,FMN GV 22 Boechout
7,Victor Heylenlei 41,2023-06-12,02:00:00,2,0,2,FMN GV 22 Boechout
7,Victor Heylenlei 41,2023-06-12,03:00:00,3,2,1,FMN GV 22 Boechout
7,Victor Heylenlei 41,2023-06-12,04:00:00,7,6,1,FMN GV 22 Boechout
7,Victor Heylenlei 41,2023-06-12,05:00:00,19,11,8,FMN GV 22 Boechout
7,Victor Heylenlei 41,2023-06-12,06:00:00,69,55,14,FMN GV 22 Boechout
7,Victor Heylenlei 41,2023-06-12,07:00:00,217,163,54,FMN GV 22 Boechout
7,Victor Heylenlei 41,2023-06-12,08:00:00,319,169,150,FMN GV 22 Boechout
7,Victor Heylenlei 41,2023-06-12,09:00:00,89,47,42,FMN GV 22 Boechout
7,Victor Heylenlei 41,2023-06-12,10:00:00,65,44,21,FMN GV 22 Boechout
7,Victor Heylenlei 41,2023-06-12,11:00:00,90,61,29,FMN GV 22 Boechout
7,Victor Heylenlei 41,2023-06-12,12:00:00,136,84,52,FMN GV 22 Boechout
7,Victor Heylenlei 41,2023-06-12,13:00:00,72,38,34,FMN GV 22 Boechout
7,Victor Heylenlei 41,2023-06-12,14:00:00,100,58,42,FMN GV 22 Boechout
7,Victor Heylenlei 41,2023-06-12,15:00:00,113,43,70,FMN GV 22 Boechout
7,Victor Heylenlei 41,2023-06-12,16:00:00,262,114,148,FMN GV 22 Boechout
7,Victor Heylenlei 41,2023-06-12,17:00:00,220,52,168,FMN GV 22 Boechout
7,Victor Heylenlei 41,2023-06-12,18:00:00,136,50,86,FMN GV 22 Boechout
7,Victor Heylenlei 41,2023-06-12,19:00:00,115,45,70,FMN GV 22 Boechout
7,Victor Heylenlei 41,2023-06-12,20:00:00,92,43,49,FMN GV 22 Boechout
7,Victor Heylenlei 41,2023-06-12,21:00:00,78,42,36,FMN GV 22 Boechout
7,Victor Heylenlei 41,2023-06-12,22:00:00,48,26,22,FMN GV 22 Boechout
7,Victor Heylenlei 41,2023-06-12,23:00:00,12,4,8,FMN GV 22 Boechout
7,Victor Heylenlei 41,2023-06-13,00:00:00,4,0,4,FMN GV 22 Boechout
7,Victor Heylenlei 41,2023-06-13,01:00:00,1,1,0,FMN GV 22 Boechout
7,Victor Heylenlei 41,2023-06-13,02:00:00,0,0,0,FMN GV 22 Boechout
7,Victor Heylenlei 41,2023-06-13,03:00:00,1,0,1,FMN GV 22 Boechout
7,Victor Heylenlei 41,2023-06-13,04:00:00,10,7,3,FMN GV 22 Boechout
7,Victor Heylenlei 41,2023-06-13,05:00:00,26,13,13,FMN GV 22 Boechout
7,Victor Heylenlei 41,2023-06-13,06:00:00,74,61,13,FMN GV 22 Boechout
7,Victor Heylenlei 41,2023-06-13,07:00:00,229,171,58,FMN GV 22 Boechout
7,Victor Heylenlei 41,2023-06-13,08:00:00,389,204,185,FMN GV 22 Boechout
7,Victor Heylenlei 41,2023-06-13,09:00:00,89,64,25,FMN GV 22 Boechout
7,Victor Heylenlei 41,2023-06-13,10:00:00,94,65,29,FMN GV 22 Boechout
7,Victor Heylenlei 41,2023-06-13,11:00:00,85,53,32,FMN GV 22 Boechout
7,Victor Heylenlei 41,2023-06-13,12:00:00,178,117,61,FMN GV 22 Boechout
7,Victor Heylenlei 41,2023-06-13,13:00:00,68,27,41,FMN GV 22 Boechout
7,Victor Heylenlei 41,2023-06-13,14:00:00,101,43,58,FMN GV 22 Boechout
7,Victor Heylenlei 41,2023-06-13,15:00:00,106,38,68,FMN GV 22 Boechout
7,Victor Heylenlei 41,2023-06-13,16:00:00,212,55,157,FMN GV 22 Boechout
7,Victor Heylenlei 41,2023-06-13,17:00:00,243,64,179,FMN GV 22 Boechout
7,Victor Heylenlei 41,2023-06-13,18:00:00,160,56,104,FMN GV 22 Boechout
7,Victor Heylenlei 41,2023-06-13,19:00:00,131,52,79,FMN GV 22 Boechout
7,Victor Heylenlei 41,2023-06-13,20:00:00,138,82,56,FMN GV 22 Boechout
7,Victor Heylenlei 41,2023-06-13,21:00:00,103,67,36,FMN GV 22 Boechout
7,Victor Heylenlei 41,2023-06-13,22:00:00,70,36,34,FMN GV 22 Boechout
7,Victor Heylenlei 41,2023-06-13,23:00:00,20,9,11,FMN GV 22 Boechout
7,Victor Heylenlei 41,2023-06-14,00:00:00,8,2,6,FMN GV 22 Boechout
7,Victor Heylenlei 41,2023-06-14,01:00:00,3,1,2,FMN GV 22 Boechout
7,Victor Heylenlei 41,2023-06-14,02:00:00,1,1,0,FMN GV 22 Boechout
7,Victor Heylenlei 41,2023-06-14,03:00:00,2,1,1,FMN GV 22 Boechout
7,Victor Heylenlei 41,2023-06-14,04:00:00,7,6,1,FMN GV 22 Boechout
7,Victor Heylenlei 41,2023-06-14,05:00:00,23,13,10,FMN GV 22 Boechout
7,Victor Heylenlei 41,2023-06-14,06:00:00,59,45,14,FMN GV 22 Boechout
7,Victor Heylenlei 41,2023-06-14,07:00:00,186,129,57,FMN GV 22 Boechout
7,Victor Heylenlei 41,2023-06-14,08:00:00,309,148,161,FMN GV 22 Boechout
7,Victor Heylenlei 41,2023-06-14,09:00:00,102,60,42,FMN GV 22 Boechout
7,Victor Heylenlei 41,2023-06-14,10:00:00,153,110,43,FMN GV 22 Boechout
7,Victor Heylenlei 41,2023-06-14,11:00:00,100,72,28,FMN GV 22 Boechout
7,Victor Heylenlei 41,2023-06-14,12:00:00,161,97,64,FMN GV 22 Boechout
7,Victor Heylenlei 41,2023-06-14,13:00:00,120,35,85,FMN GV 22 Boechout
7,Victor Heylenlei 41,2023-06-14,14:00:00,123,38,85,FMN GV 22 Boechout
7,Victor Heylenlei 41,2023-06-14,15:00:00,135,57,78,FMN GV 22 Boechout
7,Victor Heylenlei 41,2023-06-14,16:00:00,211,80,131,FMN GV 22 Boechout
7,Victor Heylenlei 41,2023-06-14,17:00:00,205,73,132,FMN GV 22 Boechout
7,Victor Heylenlei 41,2023-06-14,18:00:00,184,65,119,FMN GV 22 Boechout
7,Victor Heylenlei 41,2023-06-14,19:00:00,170,87,83,FMN GV 22 Boechout
7,Victor Heylenlei 41,2023-06-14,20:00:00,162,104,58,FMN GV 22 Boechout
7,Victor Heylenlei 41,2023-06-14,21:00:00,138,101,37,FMN GV 22 Boechout
7,Victor Heylenlei 41,2023-06-14,22:00:00,57,31,26,FMN GV 22 Boechout
7,Victor Heylenlei 41,2023-06-14,23:00:00,24,10,14,FMN GV 22 Boechout
7,Victor Heylenlei 41,2023-06-15,00:00:00,10,5,5,FMN GV 22 Boechout
7,Victor Heylenlei 41,2023-06-15,01:00:00,0,0,0,FMN GV 22 Boechout
7,Victor Heylenlei 41,2023-06-15,02:00:00,2,2,0,FMN GV 22 Boechout
7,Victor Heylenlei 41,2023-06-15,03:00:00,1,0,1,FMN GV 22 Boechout
7,Victor Heylenlei 41,2023-06-15,04:00:00,7,4,3,FMN GV 22 Boechout
7,Victor Heylenlei 41,2023-06-15,05:00:00,22,15,7,FMN GV 22 Boechout
7,Victor Heylenlei 41,2023-06-15,06:00:00,68,60,8,FMN GV 22 Boechout
7,Victor Heylenlei 41,2023-06-15,07:00:00,259,181,78,FMN GV 22 Boechout
7,Victor Heylenlei 41,2023-06-15,08:00:00,374,198,176,FMN GV 22 Boechout
7,Victor Heylenlei 41,2023-06-15,09:00:00,122,86,36,FMN GV 22 Boechout
7,Victor Heylenlei 41,2023-06-15,10:00:00,181,127,54,FMN GV 22 Boechout
7,Victor Heylenlei 41,2023-06-15,11:00:00,112,74,38,FMN GV 22 Boechout
7,Victor Heylenlei 41,2023-06-15,12:00:00,80,45,35,FMN GV 22 Boechout
7,Victor Heylenlei 41,2023-06-15,13:00:00,106,46,60,FMN GV 22 Boechout
7,Victor Heylenlei 41,2023-06-15,14:00:00,105,47,58,FMN GV 22 Boechout
7,Victor Heylenlei 41,2023-06-15,15:00:00,136,55,81,FMN GV 22 Boechout
7,Victor Heylenlei 41,2023-06-15,16:00:00,226,79,147,FMN GV 22 Boechout
7,Victor Heylenlei 41,2023-06-15,17:00:00,250,74,176,FMN GV 22 Boechout
7,Victor Heylenlei 41,2023-06-15,18:00:00,186,62,124,FMN GV 22 Boechout
7,Victor Heylenlei 41,2023-06-15,19:00:00,179,84,95,FMN GV 22 Boechout
7,Victor Heylenlei 41,2023-06-15,20:00:00,136,78,58,FMN GV 22 Boechout
7,Victor Heylenlei 41,2023-06-15,21:00:00,131,80,51,FMN GV 22 Boechout
7,Victor Heylenlei 41,2023-06-15,22:00:00,62,23,39,FMN GV 22 Boechout
7,Victor Heylenlei 41,2023-06-15,23:00:00,26,3,23,FMN GV 22 Boechout
7,Victor Heylenlei 41,2023-06-16,00:00:00,9,4,5,FMN GV 22 Boechout
7,Victor Heylenlei 41,2023-06-16,01:00:00,8,2,6,FMN GV 22 Boechout
7,Victor Heylenlei 41,2023-06-16,02:00:00,3,2,1,FMN GV 22 Boechout
7,Victor Heylenlei 41,2023-06-16,03:00:00,1,0,1,FMN GV 22 Boechout
7,Victor Heylenlei 41,2023-06-16,04:00:00,10,9,1,FMN GV 22 Boechout
7,Victor Heylenlei 41,2023-06-16,05:00:00,19,9,10,FMN GV 22 Boechout
7,Victor Heylenlei 41,2023-06-16,06:00:00,46,35,11,FMN GV 22 Boechout
7,Victor Heylenlei 41,2023-06-16,07:00:00,209,149,60,FMN GV 22 Boechout
7,Victor Heylenlei 41,2023-06-16,08:00:00,310,137,173,FMN GV 22 Boechout
7,Victor Heylenlei 41,2023-06-16,09:00:00,136,63,73,FMN GV 22 Boechout
7,Victor Heylenlei 41,2023-06-16,10:00:00,146,93,53,FMN GV 22 Boechout
7,Victor Heylenlei 41,2023-06-16,11:00:00,106,70,36,FMN GV 22 Boechout
7,Victor Heylenlei 41,2023-06-16,12:00:00,148,91,57,FMN GV 22 Boechout
7,Victor Heylenlei 41,2023-06-16,13:00:00,117,68,49,FMN GV 22 Boechout
7,Victor Heylenlei 41,2023-06-16,14:00:00,201,128,73,FMN GV 22 Boechout
7,Victor Heylenlei 41,2023-06-16,15:00:00,135,49,86,FMN GV 22 Boechout
7,Victor Heylenlei 41,2023-06-16,16:00:00,205,81,124,FMN GV 22 Boechout
7,Victor Heylenlei 41,2023-06-16,17:00:00,208,65,143,FMN GV 22 Boechout
7,Victor Heylenlei 41,2023-06-16,18:00:00,153,55,98,FMN GV 22 Boechout
7,Victor Heylenlei 41,2023-06-16,19:00:00,136,64,72,FMN GV 22 Boechout
7,Victor Heylenlei 41,2023-06-16,20:00:00,115,55,60,FMN GV 22 Boechout
7,Victor Heylenlei 41,2023-06-16,21:00:00,91,61,30,FMN GV 22 Boechout
7,Victor Heylenlei 41,2023-06-16,22:00:00,56,28,28,FMN GV 22 Boechout
7,Victor Heylenlei 41,2023-06-16,23:00:00,44,23,21,FMN GV 22 Boechout
7,Victor Heylenlei 41,2023-06-17,00:00:00,31,9,22,FMN GV 22 Boechout
7,Victor Heylenlei 41,2023-06-17,01:00:00,17,5,12,FMN GV 22 Boechout
7,Victor Heylenlei 41,2023-06-17,02:00:00,14,8,6,FMN GV 22 Boechout
7,Victor Heylenlei 41,2023-06-17,03:00:00,10,2,8,FMN GV 22 Boechout
7,Victor Heylenlei 41,2023-06-17,04:00:00,7,2,5,FMN GV 22 Boechout
7,Victor Heylenlei 41,2023-06-17,05:00:00,10,3,7,FMN GV 22 Boechout
7,Victor Heylenlei 41,2023-06-17,06:00:00,12,8,4,FMN GV 22 Boechout
7,Victor Heylenlei 41,2023-06-17,07:00:00,21,9,12,FMN GV 22 Boechout
7,Victor Heylenlei 41,2023-06-17,08:00:00,54,21,33,FMN GV 22 Boechout
7,Victor Heylenlei 41,2023-06-17,09:00:00,132,59,73,FMN GV 22 Boechout
7,Victor Heylenlei 41,2023-06-17,10:00:00,164,68,96,FMN GV 22 Boechout
7,Victor Heylenlei 41,2023-06-17,11:00:00,122,57,65,FMN GV 22 Boechout
7,Victor Heylenlei 41,2023-06-17,12:00:00,157,83,74,FMN GV 22 Boechout
7,Victor Heylenlei 41,2023-06-17,13:00:00,124,61,63,FMN GV 22 Boechout
7,Victor Heylenlei 41,2023-06-17,14:00:00,116,59,57,FMN GV 22 Boechout
7,Victor Heylenlei 41,2023-06-17,15:00:00,157,82,75,FMN GV 22 Boechout
7,Victor Heylenlei 41,2023-06-17,16:00:00,129,69,60,FMN GV 22 Boechout
7,Victor Heylenlei 41,2023-06-17,17:00:00,106,49,57,FMN GV 22 Boechout
7,Victor Heylenlei 41,2023-06-17,18:00:00,125,50,75,FMN GV 22 Boechout
7,Victor Heylenlei 41,2023-06-17,19:00:00,80,30,50,FMN GV 22 Boechout
7,Victor Heylenlei 41,2023-06-17,20:00:00,91,50,41,FMN GV 22 Boechout
7,Victor Heylenlei 41,2023-06-17,21:00:00,72,46,26,FMN GV 22 Boechout
7,Victor Heylenlei 41,2023-06-17,22:00:00,65,24,41,FMN GV 22 Boechout
7,Victor Heylenlei 41,2023-06-17,23:00:00,19,10,9,FMN GV 22 Boechout
7,Victor Heylenlei 41,2023-06-18,00:00:00,26,14,12,FMN GV 22 Boechout
7,Victor Heylenlei 41,2023-06-18,01:00:00,16,9,7,FMN GV 22 Boechout
7,Victor Heylenlei 41,2023-06-18,02:00:00,3,3,0,FMN GV 22 Boechout
7,Victor Heylenlei 41,2023-06-18,03:00:00,16,9,7,FMN GV 22 Boechout
7,Victor Heylenlei 41,2023-06-18,04:00:00,2,1,1,FMN GV 22 Boechout
7,Victor Heylenlei 41,2023-06-18,05:00:00,6,5,1,FMN GV 22 Boechout
7,Victor Heylenlei 41,2023-06-18,06:00:00,5,2,3,FMN GV 22 Boechout
7,Victor Heylenlei 41,2023-06-18,07:00:00,12,2,10,FMN GV 22 Boechout
7,Victor Heylenlei 41,2023-06-18,08:00:00,48,15,33,FMN GV 22 Boechout
7,Victor Heylenlei 41,2023-06-18,09:00:00,97,25,72,FMN GV 22 Boechout
7,Victor Heylenlei 41,2023-06-18,10:00:00,78,34,44,FMN GV 22 Boechout
7,Victor Heylenlei 41,2023-06-18,11:00:00,92,60,32,FMN GV 22 Boechout
7,Victor Heylenlei 41,2023-06-18,12:00:00,83,40,43,FMN GV 22 Boechout
7,Victor Heylenlei 41,2023-06-18,13:00:00,104,61,43,FMN GV 22 Boechout
7,Victor Heylenlei 41,2023-06-18,14:00:00,164,63,101,FMN GV 22 Boechout
7,Victor Heylenlei 41,2023-06-18,15:00:00,130,60,70,FMN GV 22 Boechout
7,Victor Heylenlei 41,2023-06-18,16:00:00,147,67,80,FMN GV 22 Boechout
7,Victor Heylenlei 41,2023-06-18,17:00:00,128,72,56,FMN GV 22 Boechout
7,Victor Heylenlei 41,2023-06-18,18:00:00,83,47,36,FMN GV 22 Boechout
7,Victor Heylenlei 41,2023-06-18,19:00:00,54,38,16,FMN GV 22 Boechout
7,Victor Heylenlei 41,2023-06-18,20:00:00,60,35,25,FMN GV 22 Boechout
7,Victor Heylenlei 41,2023-06-18,21:00:00,39,30,9,FMN GV 22 Boechout
7,Victor Heylenlei 41,2023-06-18,22:00:00,33,15,18,FMN GV 22 Boechout
7,Victor Heylenlei 41,2023-06-18,23:00:00,8,2,6,FMN GV 22 Boechout
7,Victor Heylenlei 41,2023-06-19,00:00:00,7,0,7,FMN GV 22 Boechout
7,Victor Heylenlei 41,2023-06-19,01:00:00,2,1,1,FMN GV 22 Boechout
7,Victor Heylenlei 41,2023-06-19,02:00:00,1,0,1,FMN GV 22 Boechout
7,Victor Heylenlei 41,2023-06-19,03:00:00,3,1,2,FMN GV 22 Boechout
7,Victor Heylenlei 41,2023-06-19,04:00:00,3,2,1,FMN GV 22 Boechout
7,Victor Heylenlei 41,2023-06-19,05:00:00,20,11,9,FMN GV 22 Boechout
7,Victor Heylenlei 41,2023-06-19,06:00:00,47,40,7,FMN GV 22 Boechout
7,Victor Heylenlei 41,2023-06-19,07:00:00,200,152,48,FMN GV 22 Boechout
7,Victor Heylenlei 41,2023-06-19,08:00:00,384,177,207,FMN GV 22 Boechout
7,Victor Heylenlei 41,2023-06-19,09:00:00,79,52,27,FMN GV 22 Boechout
7,Victor Heylenlei 41,2023-06-19,10:00:00,114,75,39,FMN GV 22 Boechout
7,Victor Heylenlei 41,2023-06-19,11:00:00,98,73,25,FMN GV 22 Boechout
7,Victor Heylenlei 41,2023-06-19,12:00:00,205,155,50,FMN GV 22 Boechout
7,Victor Heylenlei 41,2023-06-19,13:00:00,85,33,52,FMN GV 22 Boechout
7,Victor Heylenlei 41,2023-06-19,14:00:00,115,52,63,FMN GV 22 Boechout
7,Victor Heylenlei 41,2023-06-19,15:00:00,118,44,74,FMN GV 22 Boechout
7,Victor Heylenlei 41,2023-06-19,16:00:00,227,79,148,FMN GV 22 Boechout
7,Victor Heylenlei 41,2023-06-19,17:00:00,204,63,141,FMN GV 22 Boechout
7,Victor Heylenlei 41,2023-06-19,18:00:00,151,60,91,FMN GV 22 Boechout
7,Victor Heylenlei 41,2023-06-19,19:00:00,120,51,69,FMN GV 22 Boechout
7,Victor Heylenlei 41,2023-06-19,20:00:00,112,62,50,FMN GV 22 Boechout
7,Victor Heylenlei 41,2023-06-19,21:00:00,65,44,21,FMN GV 22 Boechout
7,Victor Heylenlei 41,2023-06-19,22:00:00,37,18,19,FMN GV 22 Boechout
7,Victor Heylenlei 41,2023-06-19,23:00:00,21,7,14,FMN GV 22 Boechout
7,Victor Heylenlei 41,2023-06-20,00:00:00,10,4,6,FMN GV 22 Boechout
7,Victor Heylenlei 41,2023-06-20,01:00:00,1,1,0,FMN GV 22 Boechout
7,Victor Heylenlei 41,2023-06-20,02:00:00,0,0,0,FMN GV 22 Boechout
7,Victor Heylenlei 41,2023-06-20,03:00:00,3,1,2,FMN GV 22 Boechout
7,Victor Heylenlei 41,2023-06-20,04:00:00,5,4,1,FMN GV 22 Boechout
7,Victor Heylenlei 41,2023-06-20,05:00:00,21,13,8,FMN GV 22 Boechout
7,Victor Heylenlei 41,2023-06-20,06:00:00,65,55,10,FMN GV 22 Boechout
7,Victor Heylenlei 41,2023-06-20,07:00:00,210,151,59,FMN GV 22 Boechout
7,Victor Heylenlei 41,2023-06-20,08:00:00,356,172,184,FMN GV 22 Boechout
7,Victor Heylenlei 41,2023-06-20,09:00:00,90,61,29,FMN GV 22 Boechout
7,Victor Heylenlei 41,2023-06-20,10:00:00,189,145,44,FMN GV 22 Boechout
7,Victor Heylenlei 41,2023-06-20,11:00:00,119,75,44,FMN GV 22 Boechout
7,Victor Heylenlei 41,2023-06-20,12:00:00,89,44,45,FMN GV 22 Boechout
7,Victor Heylenlei 41,2023-06-20,13:00:00,104,35,69,FMN GV 22 Boechout
7,Victor Heylenlei 41,2023-06-20,14:00:00,99,42,57,FMN GV 22 Boechout
7,Victor Heylenlei 41,2023-06-20,15:00:00,123,42,81,FMN GV 22 Boechout
7,Victor Heylenlei 41,2023-06-20,16:00:00,230,65,165,FMN GV 22 Boechout
7,Victor Heylenlei 41,2023-06-20,17:00:00,180,48,132,FMN GV 22 Boechout
7,Victor Heylenlei 41,2023-06-20,18:00:00,63,22,41,FMN GV 22 Boechout
7,Victor Heylenlei 41,2023-06-20,19:00:00,23,8,15,FMN GV 22 Boechout
7,Victor Heylenlei 41,2023-06-20,20:00:00,19,11,8,FMN GV 22 Boechout
7,Victor Heylenlei 41,2023-06-20,21:00:00,13,4,9,FMN GV 22 Boechout
7,Victor Heylenlei 41,2023-06-20,22:00:00,25,9,16,FMN GV 22 Boechout
7,Victor Heylenlei 41,2023-06-20,23:00:00,4,2,2,FMN GV 22 Boechout
7,Victor Heylenlei 41,2023-06-21,00:00:00,2,0,2,FMN GV 22 Boechout
7,Victor Heylenlei 41,2023-06-21,01:00:00,2,0,2,FMN GV 22 Boechout
7,Victor Heylenlei 41,2023-06-21,02:00:00,2,1,1,FMN GV 22 Boechout
7,Victor Heylenlei 41,2023-06-21,03:00:00,2,1,1,FMN GV 22 Boechout
7,Victor Heylenlei 41,2023-06-21,04:00:00,4,3,1,FMN GV 22 Boechout
7,Victor Heylenlei 41,2023-06-21,05:00:00,20,14,6,FMN GV 22 Boechout
7,Victor Heylenlei 41,2023-06-21,06:00:00,63,50,13,FMN GV 22 Boechout
7,Victor Heylenlei 41,2023-06-21,07:00:00,202,141,61,FMN GV 22 Boechout
7,Victor Heylenlei 41,2023-06-21,08:00:00,317,152,165,FMN GV 22 Boechout
7,Victor Heylenlei 41,2023-06-21,09:00:00,107,57,50,FMN GV 22 Boechout
7,Victor Heylenlei 41,2023-06-21,10:00:00,194,158,36,FMN GV 22 Boechout
7,Victor Heylenlei 41,2023-06-21,11:00:00,108,63,45,FMN GV 22 Boechout
7,Victor Heylenlei 41,2023-06-21,12:00:00,142,71,71,FMN GV 22 Boechout
7,Victor Heylenlei 41,2023-06-21,13:00:00,129,53,76,FMN GV 22 Boechout
7,Victor Heylenlei 41,2023-06-21,14:00:00,124,48,76,FMN GV 22 Boechout
7,Victor Heylenlei 41,2023-06-21,15:00:00,157,75,82,FMN GV 22 Boechout
7,Victor Heylenlei 41,2023-06-21,16:00:00,190,70,120,FMN GV 22 Boechout
7,Victor Heylenlei 41,2023-06-21,17:00:00,207,68,139,FMN GV 22 Boechout
7,Victor Heylenlei 41,2023-06-21,18:00:00,174,58,116,FMN GV 22 Boechout
7,Victor Heylenlei 41,2023-06-21,19:00:00,165,76,89,FMN GV 22 Boechout
7,Victor Heylenlei 41,2023-06-21,20:00:00,154,89,65,FMN GV 22 Boechout
7,Victor Heylenlei 41,2023-06-21,21:00:00,117,89,28,FMN GV 22 Boechout
7,Victor Heylenlei 41,2023-06-21,22:00:00,63,30,33,FMN GV 22 Boechout
7,Victor Heylenlei 41,2023-06-21,23:00:00,16,4,12,FMN GV 22 Boechout
7,Victor Heylenlei 41,2023-06-22,00:00:00,10,5,5,FMN GV 22 Boechout
7,Victor Heylenlei 41,2023-06-22,01:00:00,1,0,1,FMN GV 22 Boechout
7,Victor Heylenlei 41,2023-06-22,02:00:00,4,4,0,FMN GV 22 Boechout
7,Victor Heylenlei 41,2023-06-22,03:00:00,1,0,1,FMN GV 22 Boechout
7,Victor Heylenlei 41,2023-06-22,04:00:00,2,1,1,FMN GV 22 Boechout
7,Victor Heylenlei 41,2023-06-22,05:00:00,24,17,7,FMN GV 22 Boechout
7,Victor Heylenlei 41,2023-06-22,06:00:00,45,32,13,FMN GV 22 Boechout
7,Victor Heylenlei 41,2023-06-22,07:00:00,173,126,47,FMN GV 22 Boechout
7,Victor Heylenlei 41,2023-06-22,08:00:00,288,134,154,FMN GV 22 Boechout
7,Victor Heylenlei 41,2023-06-22,09:00:00,82,36,46,FMN GV 22 Boechout
7,Victor Heylenlei 41,2023-06-22,10:00:00,179,148,31,FMN GV 22 Boechout
7,Victor Heylenlei 41,2023-06-22,11:00:00,43,26,17,FMN GV 22 Boechout
7,Victor Heylenlei 41,2023-06-22,12:00:00,43,21,22,FMN GV 22 Boechout
7,Victor Heylenlei 41,2023-06-22,13:00:00,32,15,17,FMN GV 22 Boechout
7,Victor Heylenlei 41,2023-06-22,14:00:00,37,12,25,FMN GV 22 Boechout
7,Victor Heylenlei 41,2023-06-22,15:00:00,62,22,40,FMN GV 22 Boechout
7,Victor Heylenlei 41,2023-06-22,16:00:00,86,29,57,FMN GV 22 Boechout
7,Victor Heylenlei 41,2023-06-22,17:00:00,96,24,72,FMN GV 22 Boechout
7,Victor Heylenlei 41,2023-06-22,18:00:00,52,15,37,FMN GV 22 Boechout
7,Victor Heylenlei 41,2023-06-22,19:00:00,29,12,17,FMN GV 22 Boechout
7,Victor Heylenlei 41,2023-06-22,20:00:00,29,14,15,FMN GV 22 Boechout
7,Victor Heylenlei 41,2023-06-22,21:00:00,20,14,6,FMN GV 22 Boechout
7,Victor Heylenlei 41,2023-06-22,22:00:00,18,9,9,FMN GV 22 Boechout
7,Victor Heylenlei 41,2023-06-22,23:00:00,14,3,11,FMN GV 22 Boechout
7,Victor Heylenlei 41,2023-06-23,00:00:00,2,0,2,FMN GV 22 Boechout
7,Victor Heylenlei 41,2023-06-23,01:00:00,4,1,3,FMN GV 22 Boechout
7,Victor Heylenlei 41,2023-06-23,02:00:00,2,1,1,FMN GV 22 Boechout
7,Victor Heylenlei 41,2023-06-23,03:00:00,3,0,3,FMN GV 22 Boechout
7,Victor Heylenlei 41,2023-06-23,04:00:00,6,6,0,FMN GV 22 Boechout
7,Victor Heylenlei 41,2023-06-23,05:00:00,16,8,8,FMN GV 22 Boechout
7,Victor Heylenlei 41,2023-06-23,06:00:00,53,43,10,FMN GV 22 Boechout
7,Victor Heylenlei 41,2023-06-23,07:00:00,164,117,47,FMN GV 22 Boechout
7,Victor Heylenlei 41,2023-06-23,08:00:00,201,127,74,FMN GV 22 Boechout
7,Victor Heylenlei 41,2023-06-23,09:00:00,119,51,68,FMN GV 22 Boechout
7,Victor Heylenlei 41,2023-06-23,10:00:00,93,47,46,FMN GV 22 Boechout
7,Victor Heylenlei 41,2023-06-23,11:00:00,103,48,55,FMN GV 22 Boechout
7,Victor Heylenlei 41,2023-06-23,12:00:00,112,70,42,FMN GV 22 Boechout
7,Victor Heylenlei 41,2023-06-23,13:00:00,119,67,52,FMN GV 22 Boechout
7,Victor Heylenlei 41,2023-06-23,14:00:00,136,68,68,FMN GV 22 Boechout
7,Victor Heylenlei 41,2023-06-23,15:00:00,185,94,91,FMN GV 22 Boechout
7,Victor Heylenlei 41,2023-06-23,16:00:00,207,84,123,FMN GV 22 Boechout
7,Victor Heylenlei 41,2023-06-23,17:00:00,183,61,122,FMN GV 22 Boechout
7,Victor Heylenlei 41,2023-06-23,18:00:00,151,58,93,FMN GV 22 Boechout
7,Victor Heylenlei 41,2023-06-23,19:00:00,110,56,54,FMN GV 22 Boechout
7,Victor Heylenlei 41,2023-06-23,20:00:00,89,52,37,FMN GV 22 Boechout
7,Victor Heylenlei 41,2023-06-23,21:00:00,64,31,33,FMN GV 22 Boechout
7,Victor Heylenlei 41,2023-06-23,22:00:00,49,19,30,FMN GV 22 Boechout
7,Victor Heylenlei 41,2023-06-23,23:00:00,34,13,21,FMN GV 22 Boechout
7,Victor Heylenlei 41,2023-06-24,00:00:00,29,9,20,FMN GV 22 Boechout
7,Victor Heylenlei 41,2023-06-24,01:00:00,15,5,10,FMN GV 22 Boechout
7,Victor Heylenlei 41,2023-06-24,02:00:00,17,8,9,FMN GV 22 Boechout
7,Victor Heylenlei 41,2023-06-24,03:00:00,13,9,4,FMN GV 22 Boechout
7,Victor Heylenlei 41,2023-06-24,04:00:00,2,1,1,FMN GV 22 Boechout
7,Victor Heylenlei 41,2023-06-24,05:00:00,10,6,4,FMN GV 22 Boechout
7,Victor Heylenlei 41,2023-06-24,06:00:00,14,6,8,FMN GV 22 Boechout
7,Victor Heylenlei 41,2023-06-24,07:00:00,21,16,5,FMN GV 22 Boechout
7,Victor Heylenlei 41,2023-06-24,08:00:00,42,15,27,FMN GV 22 Boechout
7,Victor Heylenlei 41,2023-06-24,09:00:00,86,45,41,FMN GV 22 Boechout
7,Victor Heylenlei 41,2023-06-24,10:00:00,120,73,47,FMN GV 22 Boechout
7,Victor Heylenlei 41,2023-06-24,11:00:00,139,85,54,FMN GV 22 Boechout
7,Victor Heylenlei 41,2023-06-24,12:00:00,123,64,59,FMN GV 22 Boechout
7,Victor Heylenlei 41,2023-06-24,13:00:00,142,77,65,FMN GV 22 Boechout
7,Victor Heylenlei 41,2023-06-24,14:00:00,167,86,81,FMN GV 22 Boechout
7,Victor Heylenlei 41,2023-06-24,15:00:00,189,104,85,FMN GV 22 Boechout
7,Victor Heylenlei 41,2023-06-24,16:00:00,167,87,80,FMN GV 22 Boechout
7,Victor Heylenlei 41,2023-06-24,17:00:00,126,68,58,FMN GV 22 Boechout
7,Victor Heylenlei 41,2023-06-24,18:00:00,128,71,57,FMN GV 22 Boechout
7,Victor Heylenlei 41,2023-06-24,19:00:00,96,50,46,FMN GV 22 Boechout
7,Victor Heylenlei 41,2023-06-24,20:00:00,122,69,53,FMN GV 22 Boechout
7,Victor Heylenlei 41,2023-06-24,21:00:00,56,26,30,FMN GV 22 Boechout
7,Victor Heylenlei 41,2023-06-24,22:00:00,34,18,16,FMN GV 22 Boechout
7,Victor Heylenlei 41,2023-06-24,23:00:00,35,11,24,FMN GV 22 Boechout
7,Victor Heylenlei 41,2023-06-25,00:00:00,27,11,16,FMN GV 22 Boechout
7,Victor Heylenlei 41,2023-06-25,01:00:00,7,2,5,FMN GV 22 Boechout
7,Victor Heylenlei 41,2023-06-25,02:00:00,45,20,25,FMN GV 22 Boechout
7,Victor Heylenlei 41,2023-06-25,03:00:00,13,9,4,FMN GV 22 Boechout
7,Victor Heylenlei 41,2023-06-25,04:00:00,4,3,1,FMN GV 22 Boechout
7,Victor Heylenlei 41,2023-06-25,05:00:00,3,2,1,FMN GV 22 Boechout
7,Victor Heylenlei 41,2023-06-25,06:00:00,13,3,10,FMN GV 22 Boechout
7,Victor Heylenlei 41,2023-06-25,07:00:00,16,6,10,FMN GV 22 Boechout
7,Victor Heylenlei 41,2023-06-25,08:00:00,75,18,57,FMN GV 22 Boechout
7,Victor Heylenlei 41,2023-06-25,09:00:00,210,61,149,FMN GV 22 Boechout
7,Victor Heylenlei 41,2023-06-25,10:00:00,165,82,83,FMN GV 22 Boechout
7,Victor Heylenlei 41,2023-06-25,11:00:00,156,85,71,FMN GV 22 Boechout
7,Victor Heylenlei 41,2023-06-25,12:00:00,163,110,53,FMN GV 22 Boechout
7,Victor Heylenlei 41,2023-06-25,13:00:00,160,100,60,FMN GV 22 Boechout
7,Victor Heylenlei 41,2023-06-25,14:00:00,170,89,81,FMN GV 22 Boechout
7,Victor Heylenlei 41,2023-06-25,15:00:00,166,82,84,FMN GV 22 Boechout
7,Victor Heylenlei 41,2023-06-25,16:00:00,106,48,58,FMN GV 22 Boechout
7,Victor Heylenlei 41,2023-06-25,17:00:00,103,48,55,FMN GV 22 Boechout
7,Victor Heylenlei 41,2023-06-25,18:00:00,91,50,41,FMN GV 22 Boechout
7,Victor Heylenlei 41,2023-06-25,19:00:00,104,62,42,FMN GV 22 Boechout
7,Victor Heylenlei 41,2023-06-25,20:00:00,77,49,28,FMN GV 22 Boechout
7,Victor Heylenlei 41,2023-06-25,21:00:00,62,34,28,FMN GV 22 Boechout
7,Victor Heylenlei 41,2023-06-25,22:00:00,37,17,20,FMN GV 22 Boechout
7,Victor Heylenlei 41,2023-06-25,23:00:00,20,7,13,FMN GV 22 Boechout
7,Victor Heylenlei 41,2023-06-26,00:00:00,16,6,10,FMN GV 22 Boechout
7,Victor Heylenlei 41,2023-06-26,01:00:00,2,1,1,FMN GV 22 Boechout
7,Victor Heylenlei 41,2023-06-26,02:00:00,5,0,5,FMN GV 22 Boechout
7,Victor Heylenlei 41,2023-06-26,03:00:00,1,1,0,FMN GV 22 Boechout
7,Victor Heylenlei 41,2023-06-26,04:00:00,5,3,2,FMN GV 22 Boechout
7,Victor Heylenlei 41,2023-06-26,05:00:00,24,18,6,FMN GV 22 Boechout
7,Victor Heylenlei 41,2023-06-26,06:00:00,65,57,8,FMN GV 22 Boechout
7,Victor Heylenlei 41,2023-06-26,07:00:00,186,154,32,FMN GV 22 Boechout
7,Victor Heylenlei 41,2023-06-26,08:00:00,212,166,46,FMN GV 22 Boechout
7,Victor Heylenlei 41,2023-06-26,09:00:00,82,58,24,FMN GV 22 Boechout
7,Victor Heylenlei 41,2023-06-26,10:00:00,45,30,15,FMN GV 22 Boechout
7,Victor Heylenlei 41,2023-06-26,11:00:00,56,35,21,FMN GV 22 Boechout
7,Victor Heylenlei 41,2023-06-26,12:00:00,72,28,44,FMN GV 22 Boechout
7,Victor Heylenlei 41,2023-06-26,13:00:00,85,35,50,FMN GV 22 Boechout
7,Victor Heylenlei 41,2023-06-26,14:00:00,99,48,51,FMN GV 22 Boechout
7,Victor Heylenlei 41,2023-06-26,15:00:00,147,46,101,FMN GV 22 Boechout
7,Victor Heylenlei 41,2023-06-26,16:00:00,225,60,165,FMN GV 22 Boechout
7,Victor Heylenlei 41,2023-06-26,17:00:00,232,64,168,FMN GV 22 Boechout
7,Victor Heylenlei 41,2023-06-26,18:00:00,134,53,81,FMN GV 22 Boechout
7,Victor Heylenlei 41,2023-06-26,19:00:00,118,55,63,FMN GV 22 Boechout
7,Victor Heylenlei 41,2023-06-26,20:00:00,98,40,58,FMN GV 22 Boechout
7,Victor Heylenlei 41,2023-06-26,21:00:00,76,46,30,FMN GV 22 Boechout
7,Victor Heylenlei 41,2023-06-26,22:00:00,38,16,22,FMN GV 22 Boechout
7,Victor Heylenlei 41,2023-06-26,23:00:00,13,1,12,FMN GV 22 Boechout
7,Victor Heylenlei 41,2023-06-27,00:00:00,8,7,1,FMN GV 22 Boechout
7,Victor Heylenlei 41,2023-06-27,01:00:00,5,1,4,FMN GV 22 Boechout
7,Victor Heylenlei 41,2023-06-27,02:00:00,4,2,2,FMN GV 22 Boechout
7,Victor Heylenlei 41,2023-06-27,03:00:00,4,2,2,FMN GV 22 Boechout
7,Victor Heylenlei 41,2023-06-27,04:00:00,6,4,2,FMN GV 22 Boechout
7,Victor Heylenlei 41,2023-06-27,05:00:00,24,17,7,FMN GV 22 Boechout
7,Victor Heylenlei 41,2023-06-27,06:00:00,75,60,15,FMN GV 22 Boechout
7,Victor Heylenlei 41,2023-06-27,07:00:00,214,173,41,FMN GV 22 Boechout
7,Victor Heylenlei 41,2023-06-27,08:00:00,262,201,61,FMN GV 22 Boechout
7,Victor Heylenlei 41,2023-06-27,09:00:00,248,115,133,FMN GV 22 Boechout
7,Victor Heylenlei 41,2023-06-27,10:00:00,80,46,34,FMN GV 22 Boechout
7,Victor Heylenlei 41,2023-06-27,11:00:00,75,50,25,FMN GV 22 Boechout
7,Victor Heylenlei 41,2023-06-27,12:00:00,102,53,49,FMN GV 22 Boechout
7,Victor Heylenlei 41,2023-06-27,13:00:00,93,48,45,FMN GV 22 Boechout
7,Victor Heylenlei 41,2023-06-27,14:00:00,231,141,90,FMN GV 22 Boechout
7,Victor Heylenlei 41,2023-06-27,15:00:00,199,63,136,FMN GV 22 Boechout
7,Victor Heylenlei 41,2023-06-27,16:00:00,200,58,142,FMN GV 22 Boechout
7,Victor Heylenlei 41,2023-06-27,17:00:00,271,62,209,FMN GV 22 Boechout
7,Victor Heylenlei 41,2023-06-27,18:00:00,151,49,102,FMN GV 22 Boechout
7,Victor Heylenlei 41,2023-06-27,19:00:00,132,59,73,FMN GV 22 Boechout
7,Victor Heylenlei 41,2023-06-27,20:00:00,120,78,42,FMN GV 22 Boechout
7,Victor Heylenlei 41,2023-06-27,21:00:00,49,28,21,FMN GV 22 Boechout
7,Victor Heylenlei 41,2023-06-27,22:00:00,38,11,27,FMN GV 22 Boechout
7,Victor Heylenlei 41,2023-06-27,23:00:00,21,11,10,FMN GV 22 Boechout
7,Victor Heylenlei 41,2023-06-28,00:00:00,10,1,9,FMN GV 22 Boechout
7,Victor Heylenlei 41,2023-06-28,01:00:00,4,3,1,FMN GV 22 Boechout
7,Victor Heylenlei 41,2023-06-28,02:00:00,1,0,1,FMN GV 22 Boechout
7,Victor Heylenlei 41,2023-06-28,03:00:00,1,0,1,FMN GV 22 Boechout
7,Victor Heylenlei 41,2023-06-28,04:00:00,7,6,1,FMN GV 22 Boechout
7,Victor Heylenlei 41,2023-06-28,05:00:00,17,14,3,FMN GV 22 Boechout
7,Victor Heylenlei 41,2023-06-28,06:00:00,53,39,14,FMN GV 22 Boechout
7,Victor Heylenlei 41,2023-06-28,07:00:00,130,97,33,FMN GV 22 Boechout
7,Victor Heylenlei 41,2023-06-28,08:00:00,153,119,34,FMN GV 22 Boechout
7,Victor Heylenlei 41,2023-06-28,09:00:00,79,44,35,FMN GV 22 Boechout
7,Victor Heylenlei 41,2023-06-28,10:00:00,66,39,27,FMN GV 22 Boechout
7,Victor Heylenlei 41,2023-06-28,11:00:00,52,30,22,FMN GV 22 Boechout
7,Victor Heylenlei 41,2023-06-28,12:00:00,109,51,58,FMN GV 22 Boechout
7,Victor Heylenlei 41,2023-06-28,13:00:00,114,50,64,FMN GV 22 Boechout
7,Victor Heylenlei 41,2023-06-28,14:00:00,133,60,73,FMN GV 22 Boechout
7,Victor Heylenlei 41,2023-06-28,15:00:00,135,51,84,FMN GV 22 Boechout
7,Victor Heylenlei 41,2023-06-28,16:00:00,195,80,115,FMN GV 22 Boechout
7,Victor Heylenlei 41,2023-06-28,17:00:00,182,67,115,FMN GV 22 Boechout
7,Victor Heylenlei 41,2023-06-28,18:00:00,147,56,91,FMN GV 22 Boechout
7,Victor Heylenlei 41,2023-06-28,19:00:00,117,63,54,FMN GV 22 Boechout
7,Victor Heylenlei 41,2023-06-28,20:00:00,125,79,46,FMN GV 22 Boechout
7,Victor Heylenlei 41,2023-06-28,21:00:00,66,39,27,FMN GV 22 Boechout
7,Victor Heylenlei 41,2023-06-28,22:00:00,48,20,28,FMN GV 22 Boechout
7,Victor Heylenlei 41,2023-06-28,23:00:00,21,5,16,FMN GV 22 Boechout
7,Victor Heylenlei 41,2023-06-29,00:00:00,20,5,15,FMN GV 22 Boechout
7,Victor Heylenlei 41,2023-06-29,01:00:00,4,1,3,FMN GV 22 Boechout
7,Victor Heylenlei 41,2023-06-29,02:00:00,1,1,0,FMN GV 22 Boechout
7,Victor Heylenlei 41,2023-06-29,03:00:00,5,3,2,FMN GV 22 Boechout
7,Victor Heylenlei 41,2023-06-29,04:00:00,5,4,1,FMN GV 22 Boechout
7,Victor Heylenlei 41,2023-06-29,05:00:00,23,15,8,FMN GV 22 Boechout
7,Victor Heylenlei 41,2023-06-29,06:00:00,39,33,6,FMN GV 22 Boechout
7,Victor Heylenlei 41,2023-06-29,07:00:00,157,119,38,FMN GV 22 Boechout
7,Victor Heylenlei 41,2023-06-29,08:00:00,298,145,153,FMN GV 22 Boechout
7,Victor Heylenlei 41,2023-06-29,09:00:00,116,85,31,FMN GV 22 Boechout
7,Victor Heylenlei 41,2023-06-29,10:00:00,177,141,36,FMN GV 22 Boechout
7,Victor Heylenlei 41,2023-06-29,11:00:00,62,31,31,FMN GV 22 Boechout
7,Victor Heylenlei 41,2023-06-29,12:00:00,78,47,31,FMN GV 22 Boechout
7,Victor Heylenlei 41,2023-06-29,13:00:00,146,91,55,FMN GV 22 Boechout
7,Victor Heylenlei 41,2023-06-29,14:00:00,98,45,53,FMN GV 22 Boechout
7,Victor Heylenlei 41,2023-06-29,15:00:00,170,42,128,FMN GV 22 Boechout
7,Victor Heylenlei 41,2023-06-29,16:00:00,181,65,116,FMN GV 22 Boechout
7,Victor Heylenlei 41,2023-06-29,17:00:00,181,60,121,FMN GV 22 Boechout
7,Victor Heylenlei 41,2023-06-29,18:00:00,115,42,73,FMN GV 22 Boechout
7,Victor Heylenlei 41,2023-06-29,19:00:00,78,41,37,FMN GV 22 Boechout
7,Victor Heylenlei 41,2023-06-29,20:00:00,91,53,38,FMN GV 22 Boechout
7,Victor Heylenlei 41,2023-06-29,21:00:00,104,58,46,FMN GV 22 Boechout
7,Victor Heylenlei 41,2023-06-29,22:00:00,38,15,23,FMN GV 22 Boechout
7,Victor Heylenlei 41,2023-06-29,23:00:00,26,12,14,FMN GV 22 Boechout
7,Victor Heylenlei 41,2023-06-30,00:00:00,17,7,10,FMN GV 22 Boechout
7,Victor Heylenlei 41,2023-06-30,01:00:00,6,2,4,FMN GV 22 Boechout
7,Victor Heylenlei 41,2023-06-30,02:00:00,2,1,1,FMN GV 22 Boechout
7,Victor Heylenlei 41,2023-06-30,03:00:00,4,1,3,FMN GV 22 Boechout
7,Victor Heylenlei 41,2023-06-30,04:00:00,5,4,1,FMN GV 22 Boechout
7,Victor Heylenlei 41,2023-06-30,05:00:00,26,17,9,FMN GV 22 Boechout
7,Victor Heylenlei 41,2023-06-30,06:00:00,49,40,9,FMN GV 22 Boechout
7,Victor Heylenlei 41,2023-06-30,07:00:00,123,94,29,FMN GV 22 Boechout
7,Victor Heylenlei 41,2023-06-30,08:00:00,268,120,148,FMN GV 22 Boechout
7,Victor Heylenlei 41,2023-06-30,09:00:00,161,114,47,FMN GV 22 Boechout
7,Victor Heylenlei 41,2023-06-30,10:00:00,148,97,51,FMN GV 22 Boechout
7,Victor Heylenlei 41,2023-06-30,11:00:00,89,53,36,FMN GV 22 Boechout
7,Victor Heylenlei 41,2023-06-30,12:00:00,98,58,40,FMN GV 22 Boechout
7,Victor Heylenlei 41,2023-06-30,13:00:00,99,40,59,FMN GV 22 Boechout
7,Victor Heylenlei 41,2023-06-30,14:00:00,145,58,87,FMN GV 22 Boechout
7,Victor Heylenlei 41,2023-06-30,15:00:00,152,62,90,FMN GV 22 Boechout
7,Victor Heylenlei 41,2023-06-30,16:00:00,182,66,116,FMN GV 22 Boechout
7,Victor Heylenlei 41,2023-06-30,17:00:00,172,54,118,FMN GV 22 Boechout
7,Victor Heylenlei 41,2023-06-30,18:00:00,116,45,71,FMN GV 22 Boechout
7,Victor Heylenlei 41,2023-06-30,19:00:00,96,47,49,FMN GV 22 Boechout
7,Victor Heylenlei 41,2023-06-30,20:00:00,73,37,36,FMN GV 22 Boechout
7,Victor Heylenlei 41,2023-06-30,21:00:00,42,14,28,FMN GV 22 Boechout
7,Victor Heylenlei 41,2023-06-30,22:00:00,42,14,28,FMN GV 22 Boechout
7,Victor Heylenlei 41,2023-06-30,23:00:00,25,8,17,FMN GV 22 Boechout
7,Victor Heylenlei 41,2023-07-01,00:00:00,33,14,19,FMN GV 22 Boechout
7,Victor Heylenlei 41,2023-07-01,01:00:00,18,5,13,FMN GV 22 Boechout
7,Victor Heylenlei 41,2023-07-01,02:00:00,9,2,7,FMN GV 22 Boechout
7,Victor Heylenlei 41,2023-07-01,03:00:00,4,3,1,FMN GV 22 Boechout
7,Victor Heylenlei 41,2023-07-01,04:00:00,4,3,1,FMN GV 22 Boechout
7,Victor Heylenlei 41,2023-07-01,05:00:00,8,5,3,FMN GV 22 Boechout
7,Victor Heylenlei 41,2023-07-01,06:00:00,11,5,6,FMN GV 22 Boechout
7,Victor Heylenlei 41,2023-07-01,07:00:00,11,7,4,FMN GV 22 Boechout
7,Victor Heylenlei 41,2023-07-01,08:00:00,18,14,4,FMN GV 22 Boechout
7,Victor Heylenlei 41,2023-07-01,09:00:00,57,10,47,FMN GV 22 Boechout
7,Victor Heylenlei 41,2023-07-01,10:00:00,37,14,23,FMN GV 22 Boechout
7,Victor Heylenlei 41,2023-07-01,11:00:00,23,11,12,FMN GV 22 Boechout
7,Victor Heylenlei 41,2023-07-01,12:00:00,29,21,8,FMN GV 22 Boechout
7,Victor Heylenlei 41,2023-07-01,13:00:00,35,20,15,FMN GV 22 Boechout
7,Victor Heylenlei 41,2023-07-01,14:00:00,38,14,24,FMN GV 22 Boechout
7,Victor Heylenlei 41,2023-07-01,15:00:00,42,15,27,FMN GV 22 Boechout
7,Victor Heylenlei 41,2023-07-01,16:00:00,29,17,12,FMN GV 22 Boechout
7,Victor Heylenlei 41,2023-07-01,17:00:00,49,26,23,FMN GV 22 Boechout
7,Victor Heylenlei 41,2023-07-01,18:00:00,37,19,18,FMN GV 22 Boechout
7,Victor Heylenlei 41,2023-07-01,19:00:00,48,16,32,FMN GV 22 Boechout
7,Victor Heylenlei 41,2023-07-01,20:00:00,33,16,17,FMN GV 22 Boechout
7,Victor Heylenlei 41,2023-07-01,21:00:00,22,15,7,FMN GV 22 Boechout
7,Victor Heylenlei 41,2023-07-01,22:00:00,24,16,8,FMN GV 22 Boechout
7,Victor Heylenlei 41,2023-07-01,23:00:00,8,1,7,FMN GV 22 Boechout
7,Victor Heylenlei 41,2023-07-02,00:00:00,13,10,3,FMN GV 22 Boechout
7,Victor Heylenlei 41,2023-07-02,01:00:00,15,8,7,FMN GV 22 Boechout
7,Victor Heylenlei 41,2023-07-02,02:00:00,7,2,5,FMN GV 22 Boechout
7,Victor Heylenlei 41,2023-07-02,03:00:00,4,3,1,FMN GV 22 Boechout
7,Victor Heylenlei 41,2023-07-02,04:00:00,2,1,1,FMN GV 22 Boechout
7,Victor Heylenlei 41,2023-07-02,05:00:00,7,3,4,FMN GV 22 Boechout
7,Victor Heylenlei 41,2023-07-02,06:00:00,13,6,7,FMN GV 22 Boechout
7,Victor Heylenlei 41,2023-07-02,07:00:00,11,4,7,FMN GV 22 Boechout
7,Victor Heylenlei 41,2023-07-02,08:00:00,39,14,25,FMN GV 22 Boechout
7,Victor Heylenlei 41,2023-07-02,09:00:00,105,41,64,FMN GV 22 Boechout
7,Victor Heylenlei 41,2023-07-02,10:00:00,126,46,80,FMN GV 22 Boechout
7,Victor Heylenlei 41,2023-07-02,11:00:00,176,94,82,FMN GV 22 Boechout
7,Victor Heylenlei 41,2023-07-02,12:00:00,143,87,56,FMN GV 22 Boechout
7,Victor Heylenlei 41,2023-07-02,13:00:00,190,91,99,FMN GV 22 Boechout
7,Victor Heylenlei 41,2023-07-02,14:00:00,194,101,93,FMN GV 22 Boechout
7,Victor Heylenlei 41,2023-07-02,15:00:00,206,112,94,FMN GV 22 Boechout
7,Victor Heylenlei 41,2023-07-02,16:00:00,155,92,63,FMN GV 22 Boechout
7,Victor Heylenlei 41,2023-07-02,17:00:00,114,76,38,FMN GV 22 Boechout
7,Victor Heylenlei 41,2023-07-02,18:00:00,93,59,34,FMN GV 22 Boechout
7,Victor Heylenlei 41,2023-07-02,19:00:00,87,39,48,FMN GV 22 Boechout
7,Victor Heylenlei 41,2023-07-02,20:00:00,58,38,20,FMN GV 22 Boechout
7,Victor Heylenlei 41,2023-07-02,21:00:00,52,36,16,FMN GV 22 Boechout
7,Victor Heylenlei 41,2023-07-02,22:00:00,27,12,15,FMN GV 22 Boechout
7,Victor Heylenlei 41,2023-07-02,23:00:00,8,3,5,FMN GV 22 Boechout
7,Victor Heylenlei 41,2023-07-03,00:00:00,6,3,3,FMN GV 22 Boechout
7,Victor Heylenlei 41,2023-07-03,01:00:00,6,4,2,FMN GV 22 Boechout
7,Victor Heylenlei 41,2023-07-03,02:00:00,0,0,0,FMN GV 22 Boechout
7,Victor Heylenlei 41,2023-07-03,03:00:00,9,5,4,FMN GV 22 Boechout
7,Victor Heylenlei 41,2023-07-03,04:00:00,2,0,2,FMN GV 22 Boechout
7,Victor Heylenlei 41,2023-07-03,05:00:00,14,7,7,FMN GV 22 Boechout
7,Victor Heylenlei 41,2023-07-03,06:00:00,66,52,14,FMN GV 22 Boechout
7,Victor Heylenlei 41,2023-07-03,07:00:00,125,99,26,FMN GV 22 Boechout
7,Victor Heylenlei 41,2023-07-03,08:00:00,175,138,37,FMN GV 22 Boechout
7,Victor Heylenlei 41,2023-07-03,09:00:00,53,37,16,FMN GV 22 Boechout
7,Victor Heylenlei 41,2023-07-03,10:00:00,74,37,37,FMN GV 22 Boechout
7,Victor Heylenlei 41,2023-07-03,11:00:00,55,26,29,FMN GV 22 Boechout
7,Victor Heylenlei 41,2023-07-03,12:00:00,49,29,20,FMN GV 22 Boechout
7,Victor Heylenlei 41,2023-07-03,13:00:00,70,32,38,FMN GV 22 Boechout
7,Victor Heylenlei 41,2023-07-03,14:00:00,80,43,37,FMN GV 22 Boechout
7,Victor Heylenlei 41,2023-07-03,15:00:00,114,53,61,FMN GV 22 Boechout
7,Victor Heylenlei 41,2023-07-03,16:00:00,151,44,107,FMN GV 22 Boechout
7,Victor Heylenlei 41,2023-07-03,17:00:00,187,47,140,FMN GV 22 Boechout
7,Victor Heylenlei 41,2023-07-03,18:00:00,109,38,71,FMN GV 22 Boechout
7,Victor Heylenlei 41,2023-07-03,19:00:00,92,36,56,FMN GV 22 Boechout
7,Victor Heylenlei 41,2023-07-03,20:00:00,66,32,34,FMN GV 22 Boechout
7,Victor Heylenlei 41,2023-07-03,21:00:00,42,26,16,FMN GV 22 Boechout
7,Victor Heylenlei 41,2023-07-03,22:00:00,25,10,15,FMN GV 22 Boechout
7,Victor Heylenlei 41,2023-07-03,23:00:00,10,4,6,FMN GV 22 Boechout
7,Victor Heylenlei 41,2023-07-04,00:00:00,3,2,1,FMN GV 22 Boechout
7,Victor Heylenlei 41,2023-07-04,01:00:00,1,0,1,FMN GV 22 Boechout
7,Victor Heylenlei 41,2023-07-04,02:00:00,0,0,0,FMN GV 22 Boechout
7,Victor Heylenlei 41,2023-07-04,03:00:00,3,1,2,FMN GV 22 Boechout
7,Victor Heylenlei 41,2023-07-04,04:00:00,3,2,1,FMN GV 22 Boechout
7,Victor Heylenlei 41,2023-07-04,05:00:00,16,8,8,FMN GV 22 Boechout
7,Victor Heylenlei 41,2023-07-04,06:00:00,71,54,17,FMN GV 22 Boechout
7,Victor Heylenlei 41,2023-07-04,07:00:00,113,82,31,FMN GV 22 Boechout
7,Victor Heylenlei 41,2023-07-04,08:00:00,158,135,23,FMN GV 22 Boechout
7,Victor Heylenlei 41,2023-07-04,09:00:00,89,55,34,FMN GV 22 Boechout
7,Victor Heylenlei 41,2023-07-04,10:00:00,44,26,18,FMN GV 22 Boechout
7,Victor Heylenlei 41,2023-07-04,11:00:00,39,27,12,FMN GV 22 Boechout
7,Victor Heylenlei 41,2023-07-04,12:00:00,64,36,28,FMN GV 22 Boechout
7,Victor Heylenlei 41,2023-07-04,13:00:00,79,43,36,FMN GV 22 Boechout
7,Victor Heylenlei 41,2023-07-04,14:00:00,71,30,41,FMN GV 22 Boechout
7,Victor Heylenlei 41,2023-07-04,15:00:00,131,57,74,FMN GV 22 Boechout
7,Victor Heylenlei 41,2023-07-04,16:00:00,147,46,101,FMN GV 22 Boechout
7,Victor Heylenlei 41,2023-07-04,17:00:00,184,50,134,FMN GV 22 Boechout
7,Victor Heylenlei 41,2023-07-04,18:00:00,117,27,90,FMN GV 22 Boechout
7,Victor Heylenlei 41,2023-07-04,19:00:00,61,21,40,FMN GV 22 Boechout
7,Victor Heylenlei 41,2023-07-04,20:00:00,59,33,26,FMN GV 22 Boechout
7,Victor Heylenlei 41,2023-07-04,21:00:00,46,37,9,FMN GV 22 Boechout
7,Victor Heylenlei 41,2023-07-04,22:00:00,25,7,18,FMN GV 22 Boechout
7,Victor Heylenlei 41,2023-07-04,23:00:00,12,2,10,FMN GV 22 Boechout
7,Victor Heylenlei 41,2023-07-05,00:00:00,4,2,2,FMN GV 22 Boechout
7,Victor Heylenlei 41,2023-07-05,01:00:00,1,1,0,FMN GV 22 Boechout
7,Victor Heylenlei 41,2023-07-05,02:00:00,2,1,1,FMN GV 22 Boechout
7,Victor Heylenlei 41,2023-07-05,03:00:00,2,1,1,FMN GV 22 Boechout
7,Victor Heylenlei 41,2023-07-05,04:00:00,2,2,0,FMN GV 22 Boechout
7,Victor Heylenlei 41,2023-07-05,05:00:00,19,9,10,FMN GV 22 Boechout
7,Victor Heylenlei 41,2023-07-05,06:00:00,32,23,9,FMN GV 22 Boechout
7,Victor Heylenlei 41,2023-07-05,07:00:00,76,59,17,FMN GV 22 Boechout
7,Victor Heylenlei 41,2023-07-05,08:00:00,76,58,18,FMN GV 22 Boechout
7,Victor Heylenlei 41,2023-07-05,09:00:00,34,19,15,FMN GV 22 Boechout
7,Victor Heylenlei 41,2023-07-05,10:00:00,25,14,11,FMN GV 22 Boechout
7,Victor Heylenlei 41,2023-07-05,11:00:00,33,17,16,FMN GV 22 Boechout
7,Victor Heylenlei 41,2023-07-05,12:00:00,40,21,19,FMN GV 22 Boechout
7,Victor Heylenlei 41,2023-07-05,13:00:00,45,19,26,FMN GV 22 Boechout
7,Victor Heylenlei 41,2023-07-05,14:00:00,46,25,21,FMN GV 22 Boechout
7,Victor Heylenlei 41,2023-07-05,15:00:00,75,33,42,FMN GV 22 Boechout
7,Victor Heylenlei 41,2023-07-05,16:00:00,85,28,57,FMN GV 22 Boechout
7,Victor Heylenlei 41,2023-07-05,17:00:00,116,37,79,FMN GV 22 Boechout
7,Victor Heylenlei 41,2023-07-05,18:00:00,64,26,38,FMN GV 22 Boechout
7,Victor Heylenlei 41,2023-07-05,19:00:00,38,24,14,FMN GV 22 Boechout
7,Victor Heylenlei 41,2023-07-05,20:00:00,46,31,15,FMN GV 22 Boechout
7,Victor Heylenlei 41,2023-07-05,21:00:00,30,14,16,FMN GV 22 Boechout
7,Victor Heylenlei 41,2023-07-05,22:00:00,19,8,11,FMN GV 22 Boechout
7,Victor Heylenlei 41,2023-07-05,23:00:00,9,3,6,FMN GV 22 Boechout
7,Victor Heylenlei 41,2023-07-06,00:00:00,3,1,2,FMN GV 22 Boechout
7,Victor Heylenlei 41,2023-07-06,01:00:00,5,4,1,FMN GV 22 Boechout
7,Victor Heylenlei 41,2023-07-06,02:00:00,2,2,0,FMN GV 22 Boechout
7,Victor Heylenlei 41,2023-07-06,03:00:00,2,0,2,FMN GV 22 Boechout
7,Victor Heylenlei 41,2023-07-06,04:00:00,5,4,1,FMN GV 22 Boechout
7,Victor Heylenlei 41,2023-07-06,05:00:00,19,10,9,FMN GV 22 Boechout
7,Victor Heylenlei 41,2023-07-06,06:00:00,58,42,16,FMN GV 22 Boechout
7,Victor Heylenlei 41,2023-07-06,07:00:00,131,96,35,FMN GV 22 Boechout
7,Victor Heylenlei 41,2023-07-06,08:00:00,155,119,36,FMN GV 22 Boechout
7,Victor Heylenlei 41,2023-07-06,09:00:00,77,53,24,FMN GV 22 Boechout
7,Victor Heylenlei 41,2023-07-06,10:00:00,71,35,36,FMN GV 22 Boechout
7,Victor Heylenlei 41,2023-07-06,11:00:00,81,49,32,FMN GV 22 Boechout
7,Victor Heylenlei 41,2023-07-06,12:00:00,76,34,42,FMN GV 22 Boechout
7,Victor Heylenlei 41,2023-07-06,13:00:00,107,48,59,FMN GV 22 Boechout
7,Victor Heylenlei 41,2023-07-06,14:00:00,142,81,61,FMN GV 22 Boechout
7,Victor Heylenlei 41,2023-07-06,15:00:00,122,57,65,FMN GV 22 Boechout
7,Victor Heylenlei 41,2023-07-06,16:00:00,166,46,120,FMN GV 22 Boechout
7,Victor Heylenlei 41,2023-07-06,17:00:00,215,62,153,FMN GV 22 Boechout
7,Victor Heylenlei 41,2023-07-06,18:00:00,167,47,120,FMN GV 22 Boechout
7,Victor Heylenlei 41,2023-07-06,19:00:00,141,59,82,FMN GV 22 Boechout
7,Victor Heylenlei 41,2023-07-06,20:00:00,141,93,48,FMN GV 22 Boechout
7,Victor Heylenlei 41,2023-07-06,21:00:00,84,67,17,FMN GV 22 Boechout
7,Victor Heylenlei 41,2023-07-06,22:00:00,35,14,21,FMN GV 22 Boechout
7,Victor Heylenlei 41,2023-07-06,23:00:00,37,12,25,FMN GV 22 Boechout
7,Victor Heylenlei 41,2023-07-07,00:00:00,11,4,7,FMN GV 22 Boechout
7,Victor Heylenlei 41,2023-07-07,01:00:00,4,3,1,FMN GV 22 Boechout
7,Victor Heylenlei 41,2023-07-07,02:00:00,2,0,2,FMN GV 22 Boechout
7,Victor Heylenlei 41,2023-07-07,03:00:00,2,1,1,FMN GV 22 Boechout
7,Victor Heylenlei 41,2023-07-07,04:00:00,6,5,1,FMN GV 22 Boechout
7,Victor Heylenlei 41,2023-07-07,05:00:00,17,9,8,FMN GV 22 Boechout
7,Victor Heylenlei 41,2023-07-07,06:00:00,47,30,17,FMN GV 22 Boechout
7,Victor Heylenlei 41,2023-07-07,07:00:00,108,76,32,FMN GV 22 Boechout
7,Victor Heylenlei 41,2023-07-07,08:00:00,136,104,32,FMN GV 22 Boechout
7,Victor Heylenlei 41,2023-07-07,09:00:00,71,42,29,FMN GV 22 Boechout
7,Victor Heylenlei 41,2023-07-07,10:00:00,78,40,38,FMN GV 22 Boechout
7,Victor Heylenlei 41,2023-07-07,11:00:00,86,42,44,FMN GV 22 Boechout
7,Victor Heylenlei 41,2023-07-07,12:00:00,88,48,40,FMN GV 22 Boechout
7,Victor Heylenlei 41,2023-07-07,13:00:00,78,42,36,FMN GV 22 Boechout
7,Victor Heylenlei 41,2023-07-07,14:00:00,114,53,61,FMN GV 22 Boechout
7,Victor Heylenlei 41,2023-07-07,15:00:00,127,47,80,FMN GV 22 Boechout
7,Victor Heylenlei 41,2023-07-07,16:00:00,182,69,113,FMN GV 22 Boechout
7,Victor Heylenlei 41,2023-07-07,17:00:00,152,71,81,FMN GV 22 Boechout
7,Victor Heylenlei 41,2023-07-07,18:00:00,101,52,49,FMN GV 22 Boechout
7,Victor Heylenlei 41,2023-07-07,19:00:00,86,37,49,FMN GV 22 Boechout
7,Victor Heylenlei 41,2023-07-07,20:00:00,108,74,34,FMN GV 22 Boechout
7,Victor Heylenlei 41,2023-07-07,21:00:00,41,20,21,FMN GV 22 Boechout
7,Victor Heylenlei 41,2023-07-07,22:00:00,41,19,22,FMN GV 22 Boechout
7,Victor Heylenlei 41,2023-07-07,23:00:00,22,10,12,FMN GV 22 Boechout
7,Victor Heylenlei 41,2023-07-08,00:00:00,20,9,11,FMN GV 22 Boechout
7,Victor Heylenlei 41,2023-07-08,01:00:00,11,8,3,FMN GV 22 Boechout
7,Victor Heylenlei 41,2023-07-08,02:00:00,8,3,5,FMN GV 22 Boechout
7,Victor Heylenlei 41,2023-07-08,03:00:00,5,2,3,FMN GV 22 Boechout
7,Victor Heylenlei 41,2023-07-08,04:00:00,4,3,1,FMN GV 22 Boechout
7,Victor Heylenlei 41,2023-07-08,05:00:00,9,6,3,FMN GV 22 Boechout
7,Victor Heylenlei 41,2023-07-08,06:00:00,13,0,13,FMN GV 22 Boechout
7,Victor Heylenlei 41,2023-07-08,07:00:00,16,8,8,FMN GV 22 Boechout
7,Victor Heylenlei 41,2023-07-08,08:00:00,47,25,22,FMN GV 22 Boechout
7,Victor Heylenlei 41,2023-07-08,09:00:00,123,50,73,FMN GV 22 Boechout
7,Victor Heylenlei 41,2023-07-08,10:00:00,116,55,61,FMN GV 22 Boechout
7,Victor Heylenlei 41,2023-07-08,11:00:00,168,96,72,FMN GV 22 Boechout
7,Victor Heylenlei 41,2023-07-08,12:00:00,124,63,61,FMN GV 22 Boechout
7,Victor Heylenlei 41,2023-07-08,13:00:00,136,50,86,FMN GV 22 Boechout
7,Victor Heylenlei 41,2023-07-08,14:00:00,135,70,65,FMN GV 22 Boechout
7,Victor Heylenlei 41,2023-07-08,15:00:00,98,36,62,FMN GV 22 Boechout
7,Victor Heylenlei 41,2023-07-08,16:00:00,49,27,22,FMN GV 22 Boechout
7,Victor Heylenlei 41,2023-07-08,17:00:00,80,34,46,FMN GV 22 Boechout
7,Victor Heylenlei 41,2023-07-08,18:00:00,62,35,27,FMN GV 22 Boechout
7,Victor Heylenlei 41,2023-07-08,19:00:00,63,34,29,FMN GV 22 Boechout
7,Victor Heylenlei 41,2023-07-08,20:00:00,61,34,27,FMN GV 22 Boechout
7,Victor Heylenlei 41,2023-07-08,21:00:00,52,30,22,FMN GV 22 Boechout
7,Victor Heylenlei 41,2023-07-08,22:00:00,37,21,16,FMN GV 22 Boechout
7,Victor Heylenlei 41,2023-07-08,23:00:00,10,5,5,FMN GV 22 Boechout
7,Victor Heylenlei 41,2023-07-09,00:00:00,17,10,7,FMN GV 22 Boechout
7,Victor Heylenlei 41,2023-07-09,01:00:00,15,7,8,FMN GV 22 Boechout
7,Victor Heylenlei 41,2023-07-09,02:00:00,6,3,3,FMN GV 22 Boechout
7,Victor Heylenlei 41,2023-07-09,03:00:00,5,3,2,FMN GV 22 Boechout
7,Victor Heylenlei 41,2023-07-09,04:00:00,5,3,2,FMN GV 22 Boechout
7,Victor Heylenlei 41,2023-07-09,05:00:00,2,0,2,FMN GV 22 Boechout
7,Victor Heylenlei 41,2023-07-09,06:00:00,3,0,3,FMN GV 22 Boechout
7,Victor Heylenlei 41,2023-07-09,07:00:00,19,6,13,FMN GV 22 Boechout
7,Victor Heylenlei 41,2023-07-09,08:00:00,52,21,31,FMN GV 22 Boechout
7,Victor Heylenlei 41,2023-07-09,09:00:00,148,54,94,FMN GV 22 Boechout
7,Victor Heylenlei 41,2023-07-09,10:00:00,177,89,88,FMN GV 22 Boechout
7,Victor Heylenlei 41,2023-07-09,11:00:00,168,110,58,FMN GV 22 Boechout
7,Victor Heylenlei 41,2023-07-09,12:00:00,143,88,55,FMN GV 22 Boechout
7,Victor Heylenlei 41,2023-07-09,13:00:00,155,95,60,FMN GV 22 Boechout
7,Victor Heylenlei 41,2023-07-09,14:00:00,65,37,28,FMN GV 22 Boechout
7,Victor Heylenlei 41,2023-07-09,15:00:00,23,9,14,FMN GV 22 Boechout
7,Victor Heylenlei 41,2023-07-09,16:00:00,41,22,19,FMN GV 22 Boechout
7,Victor Heylenlei 41,2023-07-09,17:00:00,45,21,24,FMN GV 22 Boechout
7,Victor Heylenlei 41,2023-07-09,18:00:00,39,14,25,FMN GV 22 Boechout
7,Victor Heylenlei 41,2023-07-09,19:00:00,62,44,18,FMN GV 22 Boechout
7,Victor Heylenlei 41,2023-07-09,20:00:00,51,33,18,FMN GV 22 Boechout
7,Victor Heylenlei 41,2023-07-09,21:00:00,32,14,18,FMN GV 22 Boechout
7,Victor Heylenlei 41,2023-07-09,22:00:00,16,9,7,FMN GV 22 Boechout
7,Victor Heylenlei 41,2023-07-09,23:00:00,7,5,2,FMN GV 22 Boechout
7,Victor Heylenlei 41,2023-07-10,00:00:00,5,1,4,FMN GV 22 Boechout
7,Victor Heylenlei 41,2023-07-10,01:00:00,4,1,3,FMN GV 22 Boechout
7,Victor Heylenlei 41,2023-07-10,02:00:00,0,0,0,FMN GV 22 Boechout
7,Victor Heylenlei 41,2023-07-10,03:00:00,1,0,1,FMN GV 22 Boechout
7,Victor Heylenlei 41,2023-07-10,04:00:00,3,2,1,FMN GV 22 Boechout
7,Victor Heylenlei 41,2023-07-10,05:00:00,18,10,8,FMN GV 22 Boechout
7,Victor Heylenlei 41,2023-07-10,06:00:00,47,37,10,FMN GV 22 Boechout
7,Victor Heylenlei 41,2023-07-10,07:00:00,107,80,27,FMN GV 22 Boechout
7,Victor Heylenlei 41,2023-07-10,08:00:00,107,78,29,FMN GV 22 Boechout
7,Victor Heylenlei 41,2023-07-10,09:00:00,67,35,32,FMN GV 22 Boechout
7,Victor Heylenlei 41,2023-07-10,10:00:00,95,51,44,FMN GV 22 Boechout
7,Victor Heylenlei 41,2023-07-10,11:00:00,77,38,39,FMN GV 22 Boechout
7,Victor Heylenlei 41,2023-07-10,12:00:00,77,42,35,FMN GV 22 Boechout
7,Victor Heylenlei 41,2023-07-10,13:00:00,113,46,67,FMN GV 22 Boechout
7,Victor Heylenlei 41,2023-07-10,14:00:00,133,63,70,FMN GV 22 Boechout
7,Victor Heylenlei 41,2023-07-10,15:00:00,123,43,80,FMN GV 22 Boechout
7,Victor Heylenlei 41,2023-07-10,16:00:00,202,80,122,FMN GV 22 Boechout
7,Victor Heylenlei 41,2023-07-10,17:00:00,170,64,106,FMN GV 22 Boechout
7,Victor Heylenlei 41,2023-07-10,18:00:00,115,46,69,FMN GV 22 Boechout
7,Victor Heylenlei 41,2023-07-10,19:00:00,95,45,50,FMN GV 22 Boechout
7,Victor Heylenlei 41,2023-07-10,20:00:00,85,52,33,FMN GV 22 Boechout
7,Victor Heylenlei 41,2023-07-10,21:00:00,50,33,17,FMN GV 22 Boechout
7,Victor Heylenlei 41,2023-07-10,22:00:00,41,24,17,FMN GV 22 Boechout
7,Victor Heylenlei 41,2023-07-10,23:00:00,20,5,15,FMN GV 22 Boechout
7,Victor Heylenlei 41,2023-07-11,00:00:00,7,2,5,FMN GV 22 Boechout
7,Victor Heylenlei 41,2023-07-11,01:00:00,3,3,0,FMN GV 22 Boechout
7,Victor Heylenlei 41,2023-07-11,02:00:00,0,0,0,FMN GV 22 Boechout
7,Victor Heylenlei 41,2023-07-11,03:00:00,3,1,2,FMN GV 22 Boechout
7,Victor Heylenlei 41,2023-07-11,04:00:00,4,3,1,FMN GV 22 Boechout
7,Victor Heylenlei 41,2023-07-11,05:00:00,22,12,10,FMN GV 22 Boechout
7,Victor Heylenlei 41,2023-07-11,06:00:00,49,31,18,FMN GV 22 Boechout
7,Victor Heylenlei 41,2023-07-11,07:00:00,99,68,31,FMN GV 22 Boechout
7,Victor Heylenlei 41,2023-07-11,08:00:00,127,88,39,FMN GV 22 Boechout
7,Victor Heylenlei 41,2023-07-11,09:00:00,86,42,44,FMN GV 22 Boechout
7,Victor Heylenlei 41,2023-07-11,10:00:00,94,59,35,FMN GV 22 Boechout
7,Victor Heylenlei 41,2023-07-11,11:00:00,75,46,29,FMN GV 22 Boechout
7,Victor Heylenlei 41,2023-07-11,12:00:00,96,53,43,FMN GV 22 Boechout
7,Victor Heylenlei 41,2023-07-11,13:00:00,89,39,50,FMN GV 22 Boechout
7,Victor Heylenlei 41,2023-07-11,14:00:00,122,44,78,FMN GV 22 Boechout
7,Victor Heylenlei 41,2023-07-11,15:00:00,103,48,55,FMN GV 22 Boechout
7,Victor Heylenlei 41,2023-07-11,16:00:00,144,54,90,FMN GV 22 Boechout
7,Victor Heylenlei 41,2023-07-11,17:00:00,167,60,107,FMN GV 22 Boechout
7,Victor Heylenlei 41,2023-07-11,18:00:00,122,54,68,FMN GV 22 Boechout
7,Victor Heylenlei 41,2023-07-11,19:00:00,120,61,59,FMN GV 22 Boechout
7,Victor Heylenlei 41,2023-07-11,20:00:00,105,68,37,FMN GV 22 Boechout
7,Victor Heylenlei 41,2023-07-11,21:00:00,75,39,36,FMN GV 22 Boechout
7,Victor Heylenlei 41,2023-07-11,22:00:00,23,14,9,FMN GV 22 Boechout
7,Victor Heylenlei 41,2023-07-11,23:00:00,17,4,13,FMN GV 22 Boechout
7,Victor Heylenlei 41,2023-07-12,00:00:00,15,6,9,FMN GV 22 Boechout
7,Victor Heylenlei 41,2023-07-12,01:00:00,2,0,2,FMN GV 22 Boechout
7,Victor Heylenlei 41,2023-07-12,02:00:00,0,0,0,FMN GV 22 Boechout
7,Victor Heylenlei 41,2023-07-12,03:00:00,2,1,1,FMN GV 22 Boechout
7,Victor Heylenlei 41,2023-07-12,04:00:00,2,2,0,FMN GV 22 Boechout
7,Victor Heylenlei 41,2023-07-12,05:00:00,22,13,9,FMN GV 22 Boechout
7,Victor Heylenlei 41,2023-07-12,06:00:00,46,36,10,FMN GV 22 Boechout
7,Victor Heylenlei 41,2023-07-12,07:00:00,103,73,30,FMN GV 22 Boechout
7,Victor Heylenlei 41,2023-07-12,08:00:00,120,82,38,FMN GV 22 Boechout
7,Victor Heylenlei 41,2023-07-12,09:00:00,56,31,25,FMN GV 22 Boechout
7,Victor Heylenlei 41,2023-07-12,10:00:00,53,24,29,FMN GV 22 Boechout
7,Victor Heylenlei 41,2023-07-12,11:00:00,51,28,23,FMN GV 22 Boechout
7,Victor Heylenlei 41,2023-07-12,12:00:00,67,39,28,FMN GV 22 Boechout
7,Victor Heylenlei 41,2023-07-12,13:00:00,88,46,42,FMN GV 22 Boechout
7,Victor Heylenlei 41,2023-07-12,14:00:00,97,38,59,FMN GV 22 Boechout
7,Victor Heylenlei 41,2023-07-12,15:00:00,111,52,59,FMN GV 22 Boechout
7,Victor Heylenlei 41,2023-07-12,16:00:00,161,66,95,FMN GV 22 Boechout
7,Victor Heylenlei 41,2023-07-12,17:00:00,168,79,89,FMN GV 22 Boechout
7,Victor Heylenlei 41,2023-07-12,18:00:00,97,28,69,FMN GV 22 Boechout
7,Victor Heylenlei 41,2023-07-12,19:00:00,139,60,79,FMN GV 22 Boechout
7,Victor Heylenlei 41,2023-07-12,20:00:00,78,47,31,FMN GV 22 Boechout
7,Victor Heylenlei 41,2023-07-12,21:00:00,47,34,13,FMN GV 22 Boechout
7,Victor Heylenlei 41,2023-07-12,22:00:00,44,21,23,FMN GV 22 Boechout
7,Victor Heylenlei 41,2023-07-12,23:00:00,15,4,11,FMN GV 22 Boechout
7,Victor Heylenlei 41,2023-07-13,00:00:00,14,9,5,FMN GV 22 Boechout
7,Victor Heylenlei 41,2023-07-13,01:00:00,3,1,2,FMN GV 22 Boechout
7,Victor Heylenlei 41,2023-07-13,02:00:00,1,1,0,FMN GV 22 Boechout
7,Victor Heylenlei 41,2023-07-13,03:00:00,2,0,2,FMN GV 22 Boechout
7,Victor Heylenlei 41,2023-07-13,04:00:00,7,6,1,FMN GV 22 Boechout
7,Victor Heylenlei 41,2023-07-13,05:00:00,21,14,7,FMN GV 22 Boechout
7,Victor Heylenlei 41,2023-07-13,06:00:00,34,25,9,FMN GV 22 Boechout
7,Victor Heylenlei 41,2023-07-13,07:00:00,113,86,27,FMN GV 22 Boechout
7,Victor Heylenlei 41,2023-07-13,08:00:00,146,115,31,FMN GV 22 Boechout
7,Victor Heylenlei 41,2023-07-13,09:00:00,90,63,27,FMN GV 22 Boechout
7,Victor Heylenlei 41,2023-07-13,10:00:00,47,29,18,FMN GV 22 Boechout
7,Victor Heylenlei 41,2023-07-13,11:00:00,46,27,19,FMN GV 22 Boechout
7,Victor Heylenlei 41,2023-07-13,12:00:00,57,22,35,FMN GV 22 Boechout
7,Victor Heylenlei 41,2023-07-13,13:00:00,52,34,18,FMN GV 22 Boechout
7,Victor Heylenlei 41,2023-07-13,14:00:00,47,31,16,FMN GV 22 Boechout
7,Victor Heylenlei 41,2023-07-13,15:00:00,96,46,50,FMN GV 22 Boechout
7,Victor Heylenlei 41,2023-07-13,16:00:00,122,31,91,FMN GV 22 Boechout
7,Victor Heylenlei 41,2023-07-13,17:00:00,187,59,128,FMN GV 22 Boechout
7,Victor Heylenlei 41,2023-07-13,18:00:00,113,45,68,FMN GV 22 Boechout
7,Victor Heylenlei 41,2023-07-13,19:00:00,92,50,42,FMN GV 22 Boechout
7,Victor Heylenlei 41,2023-07-13,20:00:00,75,48,27,FMN GV 22 Boechout
7,Victor Heylenlei 41,2023-07-13,21:00:00,71,51,20,FMN GV 22 Boechout
7,Victor Heylenlei 41,2023-07-13,22:00:00,31,13,18,FMN GV 22 Boechout
7,Victor Heylenlei 41,2023-07-13,23:00:00,18,4,14,FMN GV 22 Boechout
7,Victor Heylenlei 41,2023-07-14,00:00:00,11,3,8,FMN GV 22 Boechout
7,Victor Heylenlei 41,2023-07-14,01:00:00,4,2,2,FMN GV 22 Boechout
7,Victor Heylenlei 41,2023-07-14,02:00:00,3,0,3,FMN GV 22 Boechout
7,Victor Heylenlei 41,2023-07-14,03:00:00,3,1,2,FMN GV 22 Boechout
7,Victor Heylenlei 41,2023-07-14,04:00:00,4,3,1,FMN GV 22 Boechout
7,Victor Heylenlei 41,2023-07-14,05:00:00,12,7,5,FMN GV 22 Boechout
7,Victor Heylenlei 41,2023-07-14,06:00:00,35,27,8,FMN GV 22 Boechout
7,Victor Heylenlei 41,2023-07-14,07:00:00,71,53,18,FMN GV 22 Boechout
7,Victor Heylenlei 41,2023-07-14,08:00:00,105,74,31,FMN GV 22 Boechout
7,Victor Heylenlei 41,2023-07-14,09:00:00,59,31,28,FMN GV 22 Boechout
7,Victor Heylenlei 41,2023-07-14,10:00:00,57,23,34,FMN GV 22 Boechout
7,Victor Heylenlei 41,2023-07-14,11:00:00,71,37,34,FMN GV 22 Boechout
7,Victor Heylenlei 41,2023-07-14,12:00:00,88,42,46,FMN GV 22 Boechout
7,Victor Heylenlei 41,2023-07-14,13:00:00,92,54,38,FMN GV 22 Boechout
7,Victor Heylenlei 41,2023-07-14,14:00:00,97,55,42,FMN GV 22 Boechout
7,Victor Heylenlei 41,2023-07-14,15:00:00,122,52,70,FMN GV 22 Boechout
7,Victor Heylenlei 41,2023-07-14,16:00:00,132,54,78,FMN GV 22 Boechout
7,Victor Heylenlei 41,2023-07-14,17:00:00,139,52,87,FMN GV 22 Boechout
7,Victor Heylenlei 41,2023-07-14,18:00:00,114,42,72,FMN GV 22 Boechout
7,Victor Heylenlei 41,2023-07-14,19:00:00,66,41,25,FMN GV 22 Boechout
7,Victor Heylenlei 41,2023-07-14,20:00:00,68,30,38,FMN GV 22 Boechout
7,Victor Heylenlei 41,2023-07-14,21:00:00,50,28,22,FMN GV 22 Boechout
7,Victor Heylenlei 41,2023-07-14,22:00:00,37,21,16,FMN GV 22 Boechout
7,Victor Heylenlei 41,2023-07-14,23:00:00,13,4,9,FMN GV 22 Boechout
7,Victor Heylenlei 41,2023-07-15,00:00:00,18,12,6,FMN GV 22 Boechout
7,Victor Heylenlei 41,2023-07-15,01:00:00,11,2,9,FMN GV 22 Boechout
7,Victor Heylenlei 41,2023-07-15,02:00:00,8,2,6,FMN GV 22 Boechout
7,Victor Heylenlei 41,2023-07-15,03:00:00,6,3,3,FMN GV 22 Boechout
7,Victor Heylenlei 41,2023-07-15,04:00:00,1,1,0,FMN GV 22 Boechout
7,Victor Heylenlei 41,2023-07-15,05:00:00,5,3,2,FMN GV 22 Boechout
7,Victor Heylenlei 41,2023-07-15,06:00:00,12,6,6,FMN GV 22 Boechout
7,Victor Heylenlei 41,2023-07-15,07:00:00,11,8,3,FMN GV 22 Boechout
7,Victor Heylenlei 41,2023-07-15,08:00:00,25,14,11,FMN GV 22 Boechout
7,Victor Heylenlei 41,2023-07-15,09:00:00,73,28,45,FMN GV 22 Boechout
7,Victor Heylenlei 41,2023-07-15,10:00:00,76,26,50,FMN GV 22 Boechout
7,Victor Heylenlei 41,2023-07-15,11:00:00,111,70,41,FMN GV 22 Boechout
7,Victor Heylenlei 41,2023-07-15,12:00:00,78,42,36,FMN GV 22 Boechout
7,Victor Heylenlei 41,2023-07-15,13:00:00,98,55,43,FMN GV 22 Boechout
7,Victor Heylenlei 41,2023-07-15,14:00:00,86,55,31,FMN GV 22 Boechout
7,Victor Heylenlei 41,2023-07-15,15:00:00,89,43,46,FMN GV 22 Boechout
7,Victor Heylenlei 41,2023-07-15,16:00:00,78,52,26,FMN GV 22 Boechout
7,Victor Heylenlei 41,2023-07-15,17:00:00,39,22,17,FMN GV 22 Boechout
7,Victor Heylenlei 41,2023-07-15,18:00:00,55,31,24,FMN GV 22 Boechout
7,Victor Heylenlei 41,2023-07-15,19:00:00,159,80,79,FMN GV 22 Boechout
7,Victor Heylenlei 41,2023-07-15,20:00:00,43,25,18,FMN GV 22 Boechout
7,Victor Heylenlei 41,2023-07-15,21:00:00,43,29,14,FMN GV 22 Boechout
7,Victor Heylenlei 41,2023-07-15,22:00:00,23,8,15,FMN GV 22 Boechout
7,Victor Heylenlei 41,2023-07-15,23:00:00,16,6,10,FMN GV 22 Boechout
7,Victor Heylenlei 41,2023-07-16,00:00:00,13,6,7,FMN GV 22 Boechout
7,Victor Heylenlei 41,2023-07-16,01:00:00,12,6,6,FMN GV 22 Boechout
7,Victor Heylenlei 41,2023-07-16,02:00:00,6,3,3,FMN GV 22 Boechout
7,Victor Heylenlei 41,2023-07-16,03:00:00,4,1,3,FMN GV 22 Boechout
7,Victor Heylenlei 41,2023-07-16,04:00:00,7,2,5,FMN GV 22 Boechout
7,Victor Heylenlei 41,2023-07-16,05:00:00,3,2,1,FMN GV 22 Boechout
7,Victor Heylenlei 41,2023-07-16,06:00:00,3,1,2,FMN GV 22 Boechout
7,Victor Heylenlei 41,2023-07-16,07:00:00,15,3,12,FMN GV 22 Boechout
7,Victor Heylenlei 41,2023-07-16,08:00:00,36,16,20,FMN GV 22 Boechout
7,Victor Heylenlei 41,2023-07-16,09:00:00,102,32,70,FMN GV 22 Boechout
7,Victor Heylenlei 41,2023-07-16,10:00:00,130,68,62,FMN GV 22 Boechout
7,Victor Heylenlei 41,2023-07-16,11:00:00,143,81,62,FMN GV 22 Boechout
7,Victor Heylenlei 41,2023-07-16,12:00:00,98,61,37,FMN GV 22 Boechout
7,Victor Heylenlei 41,2023-07-16,13:00:00,117,79,38,FMN GV 22 Boechout
7,Victor Heylenlei 41,2023-07-16,14:00:00,87,44,43,FMN GV 22 Boechout
7,Victor Heylenlei 41,2023-07-16,15:00:00,127,72,55,FMN GV 22 Boechout
7,Victor Heylenlei 41,2023-07-16,16:00:00,87,37,50,FMN GV 22 Boechout
7,Victor Heylenlei 41,2023-07-16,17:00:00,61,25,36,FMN GV 22 Boechout
7,Victor Heylenlei 41,2023-07-16,18:00:00,47,18,29,FMN GV 22 Boechout
7,Victor Heylenlei 41,2023-07-16,19:00:00,43,24,19,FMN GV 22 Boechout
7,Victor Heylenlei 41,2023-07-16,20:00:00,38,24,14,FMN GV 22 Boechout
7,Victor Heylenlei 41,2023-07-16,21:00:00,66,39,27,FMN GV 22 Boechout
7,Victor Heylenlei 41,2023-07-16,22:00:00,16,9,7,FMN GV 22 Boechout
7,Victor Heylenlei 41,2023-07-16,23:00:00,7,4,3,FMN GV 22 Boechout
7,Victor Heylenlei 41,2023-07-17,00:00:00,5,5,0,FMN GV 22 Boechout
7,Victor Heylenlei 41,2023-07-17,01:00:00,2,1,1,FMN GV 22 Boechout
7,Victor Heylenlei 41,2023-07-17,02:00:00,0,0,0,FMN GV 22 Boechout
7,Victor Heylenlei 41,2023-07-17,03:00:00,3,2,1,FMN GV 22 Boechout
7,Victor Heylenlei 41,2023-07-17,04:00:00,3,2,1,FMN GV 22 Boechout
7,Victor Heylenlei 41,2023-07-17,05:00:00,22,11,11,FMN GV 22 Boechout
7,Victor Heylenlei 41,2023-07-17,06:00:00,43,35,8,FMN GV 22 Boechout
7,Victor Heylenlei 41,2023-07-17,07:00:00,92,62,30,FMN GV 22 Boechout
7,Victor Heylenlei 41,2023-07-17,08:00:00,109,79,30,FMN GV 22 Boechout
7,Victor Heylenlei 41,2023-07-17,09:00:00,80,43,37,FMN GV 22 Boechout
7,Victor Heylenlei 41,2023-07-17,10:00:00,64,29,35,FMN GV 22 Boechout
7,Victor Heylenlei 41,2023-07-17,11:00:00,58,35,23,FMN GV 22 Boechout
7,Victor Heylenlei 41,2023-07-17,12:00:00,53,34,19,FMN GV 22 Boechout
7,Victor Heylenlei 41,2023-07-17,13:00:00,51,22,29,FMN GV 22 Boechout
7,Victor Heylenlei 41,2023-07-17,14:00:00,93,50,43,FMN GV 22 Boechout
7,Victor Heylenlei 41,2023-07-17,15:00:00,54,28,26,FMN GV 22 Boechout
7,Victor Heylenlei 41,2023-07-17,16:00:00,125,48,77,FMN GV 22 Boechout
7,Victor Heylenlei 41,2023-07-17,17:00:00,136,44,92,FMN GV 22 Boechout
7,Victor Heylenlei 41,2023-07-17,18:00:00,81,31,50,FMN GV 22 Boechout
7,Victor Heylenlei 41,2023-07-17,19:00:00,68,34,34,FMN GV 22 Boechout
7,Victor Heylenlei 41,2023-07-17,20:00:00,74,33,41,FMN GV 22 Boechout
7,Victor Heylenlei 41,2023-07-17,21:00:00,47,30,17,FMN GV 22 Boechout
7,Victor Heylenlei 41,2023-07-17,22:00:00,29,19,10,FMN GV 22 Boechout
7,Victor Heylenlei 41,2023-07-17,23:00:00,10,4,6,FMN GV 22 Boechout
7,Victor Heylenlei 41,2023-07-18,00:00:00,6,5,1,FMN GV 22 Boechout
7,Victor Heylenlei 41,2023-07-18,01:00:00,1,0,1,FMN GV 22 Boechout
7,Victor Heylenlei 41,2023-07-18,02:00:00,9,1,8,FMN GV 22 Boechout
7,Victor Heylenlei 41,2023-07-18,03:00:00,4,2,2,FMN GV 22 Boechout
7,Victor Heylenlei 41,2023-07-18,04:00:00,7,6,1,FMN GV 22 Boechout
7,Victor Heylenlei 41,2023-07-18,05:00:00,26,15,11,FMN GV 22 Boechout
7,Victor Heylenlei 41,2023-07-18,06:00:00,47,35,12,FMN GV 22 Boechout
7,Victor Heylenlei 41,2023-07-18,07:00:00,125,95,30,FMN GV 22 Boechout
7,Victor Heylenlei 41,2023-07-18,08:00:00,121,90,31,FMN GV 22 Boechout
7,Victor Heylenlei 41,2023-07-18,09:00:00,74,39,35,FMN GV 22 Boechout
7,Victor Heylenlei 41,2023-07-18,10:00:00,61,32,29,FMN GV 22 Boechout
7,Victor Heylenlei 41,2023-07-18,11:00:00,92,50,42,FMN GV 22 Boechout
7,Victor Heylenlei 41,2023-07-18,12:00:00,92,39,53,FMN GV 22 Boechout
7,Victor Heylenlei 41,2023-07-18,13:00:00,141,61,80,FMN GV 22 Boechout
7,Victor Heylenlei 41,2023-07-18,14:00:00,181,90,91,FMN GV 22 Boechout
7,Victor Heylenlei 41,2023-07-18,15:00:00,163,76,87,FMN GV 22 Boechout
7,Victor Heylenlei 41,2023-07-18,16:00:00,174,76,98,FMN GV 22 Boechout
7,Victor Heylenlei 41,2023-07-18,17:00:00,184,72,112,FMN GV 22 Boechout
7,Victor Heylenlei 41,2023-07-18,18:00:00,194,57,137,FMN GV 22 Boechout
7,Victor Heylenlei 41,2023-07-18,19:00:00,138,62,76,FMN GV 22 Boechout
7,Victor Heylenlei 41,2023-07-18,20:00:00,123,68,55,FMN GV 22 Boechout
7,Victor Heylenlei 41,2023-07-18,21:00:00,85,35,50,FMN GV 22 Boechout
7,Victor Heylenlei 41,2023-07-18,22:00:00,36,26,10,FMN GV 22 Boechout
7,Victor Heylenlei 41,2023-07-18,23:00:00,22,8,14,FMN GV 22 Boechout
7,Victor Heylenlei 41,2023-07-19,00:00:00,12,5,7,FMN GV 22 Boechout
7,Victor Heylenlei 41,2023-07-19,01:00:00,5,2,3,FMN GV 22 Boechout
7,Victor Heylenlei 41,2023-07-19,02:00:00,3,1,2,FMN GV 22 Boechout
7,Victor Heylenlei 41,2023-07-19,03:00:00,2,1,1,FMN GV 22 Boechout
7,Victor Heylenlei 41,2023-07-19,04:00:00,7,5,2,FMN GV 22 Boechout
7,Victor Heylenlei 41,2023-07-19,05:00:00,27,18,9,FMN GV 22 Boechout
7,Victor Heylenlei 41,2023-07-19,06:00:00,39,29,10,FMN GV 22 Boechout
7,Victor Heylenlei 41,2023-07-19,07:00:00,93,68,25,FMN GV 22 Boechout
7,Victor Heylenlei 41,2023-07-19,08:00:00,109,83,26,FMN GV 22 Boechout
7,Victor Heylenlei 41,2023-07-19,09:00:00,49,24,25,FMN GV 22 Boechout
7,Victor Heylenlei 41,2023-07-19,10:00:00,50,25,25,FMN GV 22 Boechout
7,Victor Heylenlei 41,2023-07-19,11:00:00,40,17,23,FMN GV 22 Boechout
7,Victor Heylenlei 41,2023-07-19,12:00:00,47,28,19,FMN GV 22 Boechout
7,Victor Heylenlei 41,2023-07-19,13:00:00,75,39,36,FMN GV 22 Boechout
7,Victor Heylenlei 41,2023-07-19,14:00:00,78,45,33,FMN GV 22 Boechout
7,Victor Heylenlei 41,2023-07-19,15:00:00,83,38,45,FMN GV 22 Boechout
7,Victor Heylenlei 41,2023-07-19,16:00:00,145,64,81,FMN GV 22 Boechout
7,Victor Heylenlei 41,2023-07-19,17:00:00,120,44,76,FMN GV 22 Boechout
7,Victor Heylenlei 41,2023-07-19,18:00:00,87,37,50,FMN GV 22 Boechout
7,Victor Heylenlei 41,2023-07-19,19:00:00,91,36,55,FMN GV 22 Boechout
7,Victor Heylenlei 41,2023-07-19,20:00:00,104,57,47,FMN GV 22 Boechout
7,Victor Heylenlei 41,2023-07-19,21:00:00,52,32,20,FMN GV 22 Boechout
7,Victor Heylenlei 41,2023-07-19,22:00:00,36,22,14,FMN GV 22 Boechout
7,Victor Heylenlei 41,2023-07-19,23:00:00,15,11,4,FMN GV 22 Boechout
7,Victor Heylenlei 41,2023-07-20,00:00:00,7,2,5,FMN GV 22 Boechout
7,Victor Heylenlei 41,2023-07-20,01:00:00,3,2,1,FMN GV 22 Boechout
7,Victor Heylenlei 41,2023-07-20,02:00:00,1,1,0,FMN GV 22 Boechout
7,Victor Heylenlei 41,2023-07-20,03:00:00,1,0,1,FMN GV 22 Boechout
7,Victor Heylenlei 41,2023-07-20,04:00:00,3,1,2,FMN GV 22 Boechout
7,Victor Heylenlei 41,2023-07-20,05:00:00,21,12,9,FMN GV 22 Boechout
7,Victor Heylenlei 41,2023-07-20,06:00:00,38,25,13,FMN GV 22 Boechout
7,Victor Heylenlei 41,2023-07-20,07:00:00,81,60,21,FMN GV 22 Boechout
7,Victor Heylenlei 41,2023-07-20,08:00:00,101,73,28,FMN GV 22 Boechout
7,Victor Heylenlei 41,2023-07-20,09:00:00,90,60,30,FMN GV 22 Boechout
7,Victor Heylenlei 41,2023-07-20,10:00:00,67,27,40,FMN GV 22 Boechout
7,Victor Heylenlei 41,2023-07-20,11:00:00,63,34,29,FMN GV 22 Boechout
7,Victor Heylenlei 41,2023-07-20,12:00:00,79,43,36,FMN GV 22 Boechout
7,Victor Heylenlei 41,2023-07-20,13:00:00,79,46,33,FMN GV 22 Boechout
7,Victor Heylenlei 41,2023-07-20,14:00:00,121,51,70,FMN GV 22 Boechout
7,Victor Heylenlei 41,2023-07-20,15:00:00,103,51,52,FMN GV 22 Boechout
7,Victor Heylenlei 41,2023-07-20,16:00:00,126,50,76,FMN GV 22 Boechout
7,Victor Heylenlei 41,2023-07-20,17:00:00,130,43,87,FMN GV 22 Boechout
7,Victor Heylenlei 41,2023-07-20,18:00:00,71,37,34,FMN GV 22 Boechout
7,Victor Heylenlei 41,2023-07-20,19:00:00,54,18,36,FMN GV 22 Boechout
7,Victor Heylenlei 41,2023-07-20,20:00:00,68,46,22,FMN GV 22 Boechout
7,Victor Heylenlei 41,2023-07-20,21:00:00,49,34,15,FMN GV 22 Boechout
7,Victor Heylenlei 41,2023-07-20,22:00:00,21,8,13,FMN GV 22 Boechout
7,Victor Heylenlei 41,2023-07-20,23:00:00,14,9,5,FMN GV 22 Boechout
7,Victor Heylenlei 41,2023-07-21,00:00:00,12,4,8,FMN GV 22 Boechout
7,Victor Heylenlei 41,2023-07-21,01:00:00,9,6,3,FMN GV 22 Boechout
7,Victor Heylenlei 41,2023-07-21,02:00:00,5,0,5,FMN GV 22 Boechout
7,Victor Heylenlei 41,2023-07-21,03:00:00,3,1,2,FMN GV 22 Boechout
7,Victor Heylenlei 41,2023-07-21,04:00:00,1,1,0,FMN GV 22 Boechout
7,Victor Heylenlei 41,2023-07-21,05:00:00,8,5,3,FMN GV 22 Boechout
7,Victor Heylenlei 41,2023-07-21,06:00:00,4,2,2,FMN GV 22 Boechout
7,Victor Heylenlei 41,2023-07-21,07:00:00,9,6,3,FMN GV 22 Boechout
7,Victor Heylenlei 41,2023-07-21,08:00:00,27,8,19,FMN GV 22 Boechout
7,Victor Heylenlei 41,2023-07-21,09:00:00,64,33,31,FMN GV 22 Boechout
7,Victor Heylenlei 41,2023-07-21,10:00:00,133,37,96,FMN GV 22 Boechout
7,Victor Heylenlei 41,2023-07-21,11:00:00,72,37,35,FMN GV 22 Boechout
7,Victor Heylenlei 41,2023-07-21,12:00:00,59,41,18,FMN GV 22 Boechout
7,Victor Heylenlei 41,2023-07-21,13:00:00,35,22,13,FMN GV 22 Boechout
7,Victor Heylenlei 41,2023-07-21,14:00:00,54,30,24,FMN GV 22 Boechout
7,Victor Heylenlei 41,2023-07-21,15:00:00,110,60,50,FMN GV 22 Boechout
7,Victor Heylenlei 41,2023-07-21,16:00:00,101,57,44,FMN GV 22 Boechout
7,Victor Heylenlei 41,2023-07-21,17:00:00,70,34,36,FMN GV 22 Boechout
7,Victor Heylenlei 41,2023-07-21,18:00:00,69,32,37,FMN GV 22 Boechout
7,Victor Heylenlei 41,2023-07-21,19:00:00,58,32,26,FMN GV 22 Boechout
7,Victor Heylenlei 41,2023-07-21,20:00:00,46,26,20,FMN GV 22 Boechout
7,Victor Heylenlei 41,2023-07-21,21:00:00,27,17,10,FMN GV 22 Boechout
7,Victor Heylenlei 41,2023-07-21,22:00:00,21,6,15,FMN GV 22 Boechout
7,Victor Heylenlei 41,2023-07-21,23:00:00,5,1,4,FMN GV 22 Boechout
7,Victor Heylenlei 41,2023-07-22,00:00:00,18,13,5,FMN GV 22 Boechout
7,Victor Heylenlei 41,2023-07-22,01:00:00,3,1,2,FMN GV 22 Boechout
7,Victor Heylenlei 41,2023-07-22,02:00:00,7,4,3,FMN GV 22 Boechout
7,Victor Heylenlei 41,2023-07-22,03:00:00,4,1,3,FMN GV 22 Boechout
7,Victor Heylenlei 41,2023-07-22,04:00:00,2,1,1,FMN GV 22 Boechout
7,Victor Heylenlei 41,2023-07-22,05:00:00,6,5,1,FMN GV 22 Boechout
7,Victor Heylenlei 41,2023-07-22,06:00:00,13,8,5,FMN GV 22 Boechout
7,Victor Heylenlei 41,2023-07-22,07:00:00,8,3,5,FMN GV 22 Boechout
7,Victor Heylenlei 41,2023-07-22,08:00:00,22,8,14,FMN GV 22 Boechout
7,Victor Heylenlei 41,2023-07-22,09:00:00,82,35,47,FMN GV 22 Boechout
7,Victor Heylenlei 41,2023-07-22,10:00:00,80,34,46,FMN GV 22 Boechout
7,Victor Heylenlei 41,2023-07-22,11:00:00,94,58,36,FMN GV 22 Boechout
7,Victor Heylenlei 41,2023-07-22,12:00:00,117,67,50,FMN GV 22 Boechout
7,Victor Heylenlei 41,2023-07-22,13:00:00,122,62,60,FMN GV 22 Boechout
7,Victor Heylenlei 41,2023-07-22,14:00:00,134,71,63,FMN GV 22 Boechout
7,Victor Heylenlei 41,2023-07-22,15:00:00,124,62,62,FMN GV 22 Boechout
7,Victor Heylenlei 41,2023-07-22,16:00:00,117,63,54,FMN GV 22 Boechout
7,Victor Heylenlei 41,2023-07-22,17:00:00,72,41,31,FMN GV 22 Boechout
7,Victor Heylenlei 41,2023-07-22,18:00:00,50,24,26,FMN GV 22 Boechout
7,Victor Heylenlei 41,2023-07-22,19:00:00,36,18,18,FMN GV 22 Boechout
7,Victor Heylenlei 41,2023-07-22,20:00:00,25,8,17,FMN GV 22 Boechout
7,Victor Heylenlei 41,2023-07-22,21:00:00,14,11,3,FMN GV 22 Boechout
7,Victor Heylenlei 41,2023-07-22,22:00:00,8,5,3,FMN GV 22 Boechout
7,Victor Heylenlei 41,2023-07-22,23:00:00,15,7,8,FMN GV 22 Boechout
7,Victor Heylenlei 41,2023-07-23,00:00:00,7,3,4,FMN GV 22 Boechout
7,Victor Heylenlei 41,2023-07-23,01:00:00,3,1,2,FMN GV 22 Boechout
7,Victor Heylenlei 41,2023-07-23,02:00:00,6,3,3,FMN GV 22 Boechout
7,Victor Heylenlei 41,2023-07-23,03:00:00,1,1,0,FMN GV 22 Boechout
7,Victor Heylenlei 41,2023-07-23,04:00:00,3,3,0,FMN GV 22 Boechout
7,Victor Heylenlei 41,2023-07-23,05:00:00,4,4,0,FMN GV 22 Boechout
7,Victor Heylenlei 41,2023-07-23,06:00:00,9,4,5,FMN GV 22 Boechout
7,Victor Heylenlei 41,2023-07-23,07:00:00,6,3,3,FMN GV 22 Boechout
7,Victor Heylenlei 41,2023-07-23,08:00:00,19,12,7,FMN GV 22 Boechout
7,Victor Heylenlei 41,2023-07-23,09:00:00,30,5,25,FMN GV 22 Boechout
7,Victor Heylenlei 41,2023-07-23,10:00:00,27,9,18,FMN GV 22 Boechout
7,Victor Heylenlei 41,2023-07-23,11:00:00,35,24,11,FMN GV 22 Boechout
7,Victor Heylenlei 41,2023-07-23,12:00:00,42,24,18,FMN GV 22 Boechout
7,Victor Heylenlei 41,2023-07-23,13:00:00,42,16,26,FMN GV 22 Boechout
7,Victor Heylenlei 41,2023-07-23,14:00:00,56,32,24,FMN GV 22 Boechout
7,Victor Heylenlei 41,2023-07-23,15:00:00,60,24,36,FMN GV 22 Boechout
7,Victor Heylenlei 41,2023-07-23,16:00:00,51,24,27,FMN GV 22 Boechout
7,Victor Heylenlei 41,2023-07-23,17:00:00,37,18,19,FMN GV 22 Boechout
7,Victor Heylenlei 41,2023-07-23,18:00:00,23,15,8,FMN GV 22 Boechout
7,Victor Heylenlei 41,2023-07-23,19:00:00,14,9,5,FMN GV 22 Boechout
7,Victor Heylenlei 41,2023-07-23,20:00:00,6,3,3,FMN GV 22 Boechout
7,Victor Heylenlei 41,2023-07-23,21:00:00,9,3,6,FMN GV 22 Boechout
7,Victor Heylenlei 41,2023-07-23,22:00:00,3,3,0,FMN GV 22 Boechout
7,Victor Heylenlei 41,2023-07-23,23:00:00,6,0,6,FMN GV 22 Boechout
7,Victor Heylenlei 41,2023-07-24,00:00:00,3,1,2,FMN GV 22 Boechout
7,Victor Heylenlei 41,2023-07-24,01:00:00,0,0,0,FMN GV 22 Boechout
7,Victor Heylenlei 41,2023-07-24,02:00:00,1,1,0,FMN GV 22 Boechout
7,Victor Heylenlei 41,2023-07-24,03:00:00,0,0,0,FMN GV 22 Boechout
7,Victor Heylenlei 41,2023-07-24,04:00:00,4,2,2,FMN GV 22 Boechout
7,Victor Heylenlei 41,2023-07-24,05:00:00,9,2,7,FMN GV 22 Boechout
7,Victor Heylenlei 41,2023-07-24,06:00:00,22,15,7,FMN GV 22 Boechout
7,Victor Heylenlei 41,2023-07-24,07:00:00,53,41,12,FMN GV 22 Boechout
7,Victor Heylenlei 41,2023-07-24,08:00:00,60,43,17,FMN GV 22 Boechout
7,Victor Heylenlei 41,2023-07-24,09:00:00,28,21,7,FMN GV 22 Boechout
7,Victor Heylenlei 41,2023-07-24,10:00:00,30,13,17,FMN GV 22 Boechout
7,Victor Heylenlei 41,2023-07-24,11:00:00,27,15,12,FMN GV 22 Boechout
7,Victor Heylenlei 41,2023-07-24,12:00:00,42,25,17,FMN GV 22 Boechout
7,Victor Heylenlei 41,2023-07-24,13:00:00,28,12,16,FMN GV 22 Boechout
7,Victor Heylenlei 41,2023-07-24,14:00:00,40,20,20,FMN GV 22 Boechout
7,Victor Heylenlei 41,2023-07-24,15:00:00,27,12,15,FMN GV 22 Boechout
7,Victor Heylenlei 41,2023-07-24,16:00:00,42,11,31,FMN GV 22 Boechout
7,Victor Heylenlei 41,2023-07-24,17:00:00,69,20,49,FMN GV 22 Boechout
7,Victor Heylenlei 41,2023-07-24,18:00:00,47,13,34,FMN GV 22 Boechout
7,Victor Heylenlei 41,2023-07-24,19:00:00,52,15,37,FMN GV 22 Boechout
7,Victor Heylenlei 41,2023-07-24,20:00:00,41,18,23,FMN GV 22 Boechout
7,Victor Heylenlei 41,2023-07-24,21:00:00,21,12,9,FMN GV 22 Boechout
7,Victor Heylenlei 41,2023-07-24,22:00:00,24,8,16,FMN GV 22 Boechout
7,Victor Heylenlei 41,2023-07-24,23:00:00,3,1,2,FMN GV 22 Boechout
7,Victor Heylenlei 41,2023-07-25,00:00:00,6,1,5,FMN GV 22 Boechout
7,Victor Heylenlei 41,2023-07-25,01:00:00,0,0,0,FMN GV 22 Boechout
7,Victor Heylenlei 41,2023-07-25,02:00:00,2,2,0,FMN GV 22 Boechout
7,Victor Heylenlei 41,2023-07-25,03:00:00,3,2,1,FMN GV 22 Boechout
7,Victor Heylenlei 41,2023-07-25,04:00:00,6,5,1,FMN GV 22 Boechout
7,Victor Heylenlei 41,2023-07-25,05:00:00,20,10,10,FMN GV 22 Boechout
7,Victor Heylenlei 41,2023-07-25,06:00:00,37,30,7,FMN GV 22 Boechout
7,Victor Heylenlei 41,2023-07-25,07:00:00,78,60,18,FMN GV 22 Boechout
7,Victor Heylenlei 41,2023-07-25,08:00:00,77,56,21,FMN GV 22 Boechout
7,Victor Heylenlei 41,2023-07-25,09:00:00,39,23,16,FMN GV 22 Boechout
7,Victor Heylenlei 41,2023-07-25,10:00:00,73,43,30,FMN GV 22 Boechout
7,Victor Heylenlei 41,2023-07-25,11:00:00,70,32,38,FMN GV 22 Boechout
7,Victor Heylenlei 41,2023-07-25,12:00:00,69,36,33,FMN GV 22 Boechout
7,Victor Heylenlei 41,2023-07-25,13:00:00,86,39,47,FMN GV 22 Boechout
7,Victor Heylenlei 41,2023-07-25,14:00:00,135,72,63,FMN GV 22 Boechout
7,Victor Heylenlei 41,2023-07-25,15:00:00,132,58,74,FMN GV 22 Boechout
7,Victor Heylenlei 41,2023-07-25,16:00:00,158,57,101,FMN GV 22 Boechout
7,Victor Heylenlei 41,2023-07-25,17:00:00,163,58,105,FMN GV 22 Boechout
7,Victor Heylenlei 41,2023-07-25,18:00:00,137,47,90,FMN GV 22 Boechout
7,Victor Heylenlei 41,2023-07-25,19:00:00,156,88,68,FMN GV 22 Boechout
7,Victor Heylenlei 41,2023-07-25,20:00:00,75,57,18,FMN GV 22 Boechout
7,Victor Heylenlei 41,2023-07-25,21:00:00,44,26,18,FMN GV 22 Boechout
7,Victor Heylenlei 41,2023-07-25,22:00:00,28,11,17,FMN GV 22 Boechout
7,Victor Heylenlei 41,2023-07-25,23:00:00,13,2,11,FMN GV 22 Boechout
7,Victor Heylenlei 41,2023-07-26,00:00:00,8,6,2,FMN GV 22 Boechout
7,Victor Heylenlei 41,2023-07-26,01:00:00,4,3,1,FMN GV 22 Boechout
7,Victor Heylenlei 41,2023-07-26,02:00:00,0,0,0,FMN GV 22 Boechout
7,Victor Heylenlei 41,2023-07-26,03:00:00,3,2,1,FMN GV 22 Boechout
7,Victor Heylenlei 41,2023-07-26,04:00:00,5,2,3,FMN GV 22 Boechout
7,Victor Heylenlei 41,2023-07-26,05:00:00,21,12,9,FMN GV 22 Boechout
7,Victor Heylenlei 41,2023-07-26,06:00:00,40,31,9,FMN GV 22 Boechout
7,Victor Heylenlei 41,2023-07-26,07:00:00,85,62,23,FMN GV 22 Boechout
7,Victor Heylenlei 41,2023-07-26,08:00:00,101,68,33,FMN GV 22 Boechout
7,Victor Heylenlei 41,2023-07-26,09:00:00,65,31,34,FMN GV 22 Boechout
7,Victor Heylenlei 41,2023-07-26,10:00:00,69,43,26,FMN GV 22 Boechout
7,Victor Heylenlei 41,2023-07-26,11:00:00,72,45,27,FMN GV 22 Boechout
7,Victor Heylenlei 41,2023-07-26,12:00:00,77,45,32,FMN GV 22 Boechout
7,Victor Heylenlei 41,2023-07-26,13:00:00,95,50,45,FMN GV 22 Boechout
7,Victor Heylenlei 41,2023-07-26,14:00:00,130,78,52,FMN GV 22 Boechout
7,Victor Heylenlei 41,2023-07-26,15:00:00,138,79,59,FMN GV 22 Boechout
7,Victor Heylenlei 41,2023-07-26,16:00:00,173,64,109,FMN GV 22 Boechout
7,Victor Heylenlei 41,2023-07-26,17:00:00,196,81,115,FMN GV 22 Boechout
7,Victor Heylenlei 41,2023-07-26,18:00:00,184,75,109,FMN GV 22 Boechout
7,Victor Heylenlei 41,2023-07-26,19:00:00,157,89,68,FMN GV 22 Boechout
7,Victor Heylenlei 41,2023-07-26,20:00:00,130,103,27,FMN GV 22 Boechout
7,Victor Heylenlei 41,2023-07-26,21:00:00,76,49,27,FMN GV 22 Boechout
7,Victor Heylenlei 41,2023-07-26,22:00:00,32,12,20,FMN GV 22 Boechout
7,Victor Heylenlei 41,2023-07-26,23:00:00,19,13,6,FMN GV 22 Boechout
7,Victor Heylenlei 41,2023-07-27,00:00:00,12,5,7,FMN GV 22 Boechout
7,Victor Heylenlei 41,2023-07-27,01:00:00,1,0,1,FMN GV 22 Boechout
7,Victor Heylenlei 41,2023-07-27,02:00:00,0,0,0,FMN GV 22 Boechout
7,Victor Heylenlei 41,2023-07-27,03:00:00,1,0,1,FMN GV 22 Boechout
7,Victor Heylenlei 41,2023-07-27,04:00:00,2,2,0,FMN GV 22 Boechout
7,Victor Heylenlei 41,2023-07-27,05:00:00,13,5,8,FMN GV 22 Boechout
7,Victor Heylenlei 41,2023-07-27,06:00:00,11,4,7,FMN GV 22 Boechout
7,Victor Heylenlei 41,2023-07-27,07:00:00,33,30,3,FMN GV 22 Boechout
7,Victor Heylenlei 41,2023-07-27,08:00:00,41,25,16,FMN GV 22 Boechout
7,Victor Heylenlei 41,2023-07-27,09:00:00,30,21,9,FMN GV 22 Boechout
7,Victor Heylenlei 41,2023-07-27,10:00:00,14,10,4,FMN GV 22 Boechout
7,Victor Heylenlei 41,2023-07-27,11:00:00,20,8,12,FMN GV 22 Boechout
7,Victor Heylenlei 41,2023-07-27,12:00:00,20,7,13,FMN GV 22 Boechout
7,Victor Heylenlei 41,2023-07-27,13:00:00,34,16,18,FMN GV 22 Boechout
7,Victor Heylenlei 41,2023-07-27,14:00:00,116,52,64,FMN GV 22 Boechout
7,Victor Heylenlei 41,2023-07-27,15:00:00,32,9,23,FMN GV 22 Boechout
7,Victor Heylenlei 41,2023-07-27,16:00:00,53,14,39,FMN GV 22 Boechout
7,Victor Heylenlei 41,2023-07-27,17:00:00,77,21,56,FMN GV 22 Boechout
7,Victor Heylenlei 41,2023-07-27,18:00:00,140,12,128,FMN GV 22 Boechout
7,Victor Heylenlei 41,2023-07-27,19:00:00,133,12,121,FMN GV 22 Boechout
7,Victor Heylenlei 41,2023-07-27,20:00:00,45,17,28,FMN GV 22 Boechout
7,Victor Heylenlei 41,2023-07-27,21:00:00,97,85,12,FMN GV 22 Boechout
7,Victor Heylenlei 41,2023-07-27,22:00:00,89,63,26,FMN GV 22 Boechout
7,Victor Heylenlei 41,2023-07-27,23:00:00,60,51,9,FMN GV 22 Boechout
7,Victor Heylenlei 41,2023-07-28,00:00:00,65,62,3,FMN GV 22 Boechout
7,Victor Heylenlei 41,2023-07-28,01:00:00,9,9,0,FMN GV 22 Boechout
7,Victor Heylenlei 41,2023-07-28,02:00:00,4,3,1,FMN GV 22 Boechout
7,Victor Heylenlei 41,2023-07-28,03:00:00,3,3,0,FMN GV 22 Boechout
7,Victor Heylenlei 41,2023-07-28,04:00:00,6,5,1,FMN GV 22 Boechout
7,Victor Heylenlei 41,2023-07-28,05:00:00,16,6,10,FMN GV 22 Boechout
7,Victor Heylenlei 41,2023-07-28,06:00:00,22,16,6,FMN GV 22 Boechout
7,Victor Heylenlei 41,2023-07-28,07:00:00,48,31,17,FMN GV 22 Boechout
7,Victor Heylenlei 41,2023-07-28,08:00:00,61,40,21,FMN GV 22 Boechout
7,Victor Heylenlei 41,2023-07-28,09:00:00,45,26,19,FMN GV 22 Boechout
7,Victor Heylenlei 41,2023-07-28,10:00:00,46,26,20,FMN GV 22 Boechout
7,Victor Heylenlei 41,2023-07-28,11:00:00,69,38,31,FMN GV 22 Boechout
7,Victor Heylenlei 41,2023-07-28,12:00:00,73,30,43,FMN GV 22 Boechout
7,Victor Heylenlei 41,2023-07-28,13:00:00,73,47,26,FMN GV 22 Boechout
7,Victor Heylenlei 41,2023-07-28,14:00:00,172,72,100,FMN GV 22 Boechout
7,Victor Heylenlei 41,2023-07-28,15:00:00,159,63,96,FMN GV 22 Boechout
7,Victor Heylenlei 41,2023-07-28,16:00:00,184,64,120,FMN GV 22 Boechout
7,Victor Heylenlei 41,2023-07-28,17:00:00,202,60,142,FMN GV 22 Boechout
7,Victor Heylenlei 41,2023-07-28,18:00:00,168,60,108,FMN GV 22 Boechout
7,Victor Heylenlei 41,2023-07-28,19:00:00,208,43,165,FMN GV 22 Boechout
7,Victor Heylenlei 41,2023-07-28,20:00:00,189,53,136,FMN GV 22 Boechout
7,Victor Heylenlei 41,2023-07-28,21:00:00,180,53,127,FMN GV 22 Boechout
7,Victor Heylenlei 41,2023-07-28,22:00:00,138,83,55,FMN GV 22 Boechout
7,Victor Heylenlei 41,2023-07-28,23:00:00,121,65,56,FMN GV 22 Boechout
7,Victor Heylenlei 41,2023-07-29,00:00:00,108,76,32,FMN GV 22 Boechout
7,Victor Heylenlei 41,2023-07-29,01:00:00,91,77,14,FMN GV 22 Boechout
7,Victor Heylenlei 41,2023-07-29,02:00:00,134,127,7,FMN GV 22 Boechout
7,Victor Heylenlei 41,2023-07-29,03:00:00,102,94,8,FMN GV 22 Boechout
7,Victor Heylenlei 41,2023-07-29,04:00:00,14,11,3,FMN GV 22 Boechout
7,Victor Heylenlei 41,2023-07-29,05:00:00,12,5,7,FMN GV 22 Boechout
7,Victor Heylenlei 41,2023-07-29,06:00:00,9,3,6,FMN GV 22 Boechout
7,Victor Heylenlei 41,2023-07-29,07:00:00,9,2,7,FMN GV 22 Boechout
7,Victor Heylenlei 41,2023-07-29,08:00:00,31,11,20,FMN GV 22 Boechout
7,Victor Heylenlei 41,2023-07-29,09:00:00,61,27,34,FMN GV 22 Boechout
7,Victor Heylenlei 41,2023-07-29,10:00:00,61,34,27,FMN GV 22 Boechout
7,Victor Heylenlei 41,2023-07-29,11:00:00,99,58,41,FMN GV 22 Boechout
7,Victor Heylenlei 41,2023-07-29,12:00:00,85,31,54,FMN GV 22 Boechout
7,Victor Heylenlei 41,2023-07-29,13:00:00,52,18,34,FMN GV 22 Boechout
7,Victor Heylenlei 41,2023-07-29,14:00:00,101,39,62,FMN GV 22 Boechout
7,Victor Heylenlei 41,2023-07-29,15:00:00,173,29,144,FMN GV 22 Boechout
7,Victor Heylenlei 41,2023-07-29,16:00:00,142,43,99,FMN GV 22 Boechout
7,Victor Heylenlei 41,2023-07-29,17:00:00,226,46,180,FMN GV 22 Boechout
7,Victor Heylenlei 41,2023-07-29,18:00:00,188,44,144,FMN GV 22 Boechout
7,Victor Heylenlei 41,2023-07-29,19:00:00,224,69,155,FMN GV 22 Boechout
7,Victor Heylenlei 41,2023-07-29,20:00:00,243,85,158,FMN GV 22 Boechout
7,Victor Heylenlei 41,2023-07-29,21:00:00,175,97,78,FMN GV 22 Boechout
7,Victor Heylenlei 41,2023-07-29,22:00:00,155,100,55,FMN GV 22 Boechout
7,Victor Heylenlei 41,2023-07-29,23:00:00,154,107,47,FMN GV 22 Boechout
7,Victor Heylenlei 41,2023-07-30,00:00:00,157,133,24,FMN GV 22 Boechout
7,Victor Heylenlei 41,2023-07-30,01:00:00,130,122,8,FMN GV 22 Boechout
7,Victor Heylenlei 41,2023-07-30,02:00:00,98,94,4,FMN GV 22 Boechout
7,Victor Heylenlei 41,2023-07-30,03:00:00,119,118,1,FMN GV 22 Boechout
7,Victor Heylenlei 41,2023-07-30,04:00:00,15,13,2,FMN GV 22 Boechout
7,Victor Heylenlei 41,2023-07-30,05:00:00,7,6,1,FMN GV 22 Boechout
7,Victor Heylenlei 41,2023-07-30,06:00:00,7,3,4,FMN GV 22 Boechout
7,Victor Heylenlei 41,2023-07-30,07:00:00,11,4,7,FMN GV 22 Boechout
7,Victor Heylenlei 41,2023-07-30,08:00:00,33,16,17,FMN GV 22 Boechout
7,Victor Heylenlei 41,2023-07-30,09:00:00,101,38,63,FMN GV 22 Boechout
7,Victor Heylenlei 41,2023-07-30,10:00:00,113,42,71,FMN GV 22 Boechout
7,Victor Heylenlei 41,2023-07-30,11:00:00,109,55,54,FMN GV 22 Boechout
7,Victor Heylenlei 41,2023-07-30,12:00:00,148,74,74,FMN GV 22 Boechout
7,Victor Heylenlei 41,2023-07-30,13:00:00,193,93,100,FMN GV 22 Boechout
7,Victor Heylenlei 41,2023-07-30,14:00:00,276,81,195,FMN GV 22 Boechout
7,Victor Heylenlei 41,2023-07-30,15:00:00,288,92,196,FMN GV 22 Boechout
7,Victor Heylenlei 41,2023-07-30,16:00:00,240,105,135,FMN GV 22 Boechout
7,Victor Heylenlei 41,2023-07-30,17:00:00,217,150,67,FMN GV 22 Boechout
7,Victor Heylenlei 41,2023-07-30,18:00:00,153,121,32,FMN GV 22 Boechout
7,Victor Heylenlei 41,2023-07-30,19:00:00,72,65,7,FMN GV 22 Boechout
7,Victor Heylenlei 41,2023-07-30,20:00:00,43,23,20,FMN GV 22 Boechout
7,Victor Heylenlei 41,2023-07-30,21:00:00,51,23,28,FMN GV 22 Boechout
7,Victor Heylenlei 41,2023-07-30,22:00:00,42,26,16,FMN GV 22 Boechout
7,Victor Heylenlei 41,2023-07-30,23:00:00,72,57,15,FMN GV 22 Boechout
7,Victor Heylenlei 41,2023-07-31,00:00:00,31,25,6,FMN GV 22 Boechout
7,Victor Heylenlei 41,2023-07-31,01:00:00,4,3,1,FMN GV 22 Boechout
7,Victor Heylenlei 41,2023-07-31,02:00:00,5,5,0,FMN GV 22 Boechout
7,Victor Heylenlei 41,2023-07-31,03:00:00,5,3,2,FMN GV 22 Boechout
7,Victor Heylenlei 41,2023-07-31,04:00:00,13,11,2,FMN GV 22 Boechout
7,Victor Heylenlei 41,2023-07-31,05:00:00,21,13,8,FMN GV 22 Boechout
7,Victor Heylenlei 41,2023-07-31,06:00:00,23,18,5,FMN GV 22 Boechout
7,Victor Heylenlei 41,2023-07-31,07:00:00,55,44,11,FMN GV 22 Boechout
7,Victor Heylenlei 41,2023-07-31,08:00:00,46,34,12,FMN GV 22 Boechout
7,Victor Heylenlei 41,2023-07-31,09:00:00,23,18,5,FMN GV 22 Boechout
7,Victor Heylenlei 41,2023-07-31,10:00:00,22,11,11,FMN GV 22 Boechout
7,Victor Heylenlei 41,2023-07-31,11:00:00,25,11,14,FMN GV 22 Boechout
7,Victor Heylenlei 41,2023-07-31,12:00:00,32,15,17,FMN GV 22 Boechout
7,Victor Heylenlei 41,2023-07-31,13:00:00,31,17,14,FMN GV 22 Boechout
7,Victor Heylenlei 41,2023-07-31,14:00:00,44,25,19,FMN GV 22 Boechout
7,Victor Heylenlei 41,2023-07-31,15:00:00,28,9,19,FMN GV 22 Boechout
7,Victor Heylenlei 41,2023-07-31,16:00:00,48,17,31,FMN GV 22 Boechout
7,Victor Heylenlei 41,2023-07-31,17:00:00,58,12,46,FMN GV 22 Boechout
7,Victor Heylenlei 41,2023-07-31,18:00:00,24,5,19,FMN GV 22 Boechout
7,Victor Heylenlei 41,2023-07-31,19:00:00,9,0,9,FMN GV 22 Boechout
7,Victor Heylenlei 41,2023-07-31,20:00:00,7,7,0,FMN GV 22 Boechout
7,Victor Heylenlei 41,2023-07-31,21:00:00,6,4,2,FMN GV 22 Boechout
7,Victor Heylenlei 41,2023-07-31,22:00:00,15,10,5,FMN GV 22 Boechout
7,Victor Heylenlei 41,2023-07-31,23:00:00,4,1,3,FMN GV 22 Boechout
7,Victor Heylenlei 41,2023-08-01,00:00:00,3,1,2,FMN GV 22 Boechout
7,Victor Heylenlei 41,2023-08-01,01:00:00,1,1,0,FMN GV 22 Boechout
7,Victor Heylenlei 41,2023-08-01,02:00:00,0,0,0,FMN GV 22 Boechout
7,Victor Heylenlei 41,2023-08-01,03:00:00,0,0,0,FMN GV 22 Boechout
7,Victor Heylenlei 41,2023-08-01,04:00:00,2,1,1,FMN GV 22 Boechout
7,Victor Heylenlei 41,2023-08-01,05:00:00,20,12,8,FMN GV 22 Boechout
7,Victor Heylenlei 41,2023-08-01,06:00:00,43,31,12,FMN GV 22 Boechout
7,Victor Heylenlei 41,2023-08-01,07:00:00,79,59,20,FMN GV 22 Boechout
7,Victor Heylenlei 41,2023-08-01,08:00:00,90,67,23,FMN GV 22 Boechout
7,Victor Heylenlei 41,2023-08-01,09:00:00,42,24,18,FMN GV 22 Boechout
7,Victor Heylenlei 41,2023-08-01,10:00:00,33,22,11,FMN GV 22 Boechout
7,Victor Heylenlei 41,2023-08-01,11:00:00,30,16,14,FMN GV 22 Boechout
7,Victor Heylenlei 41,2023-08-01,12:00:00,51,26,25,FMN GV 22 Boechout
7,Victor Heylenlei 41,2023-08-01,13:00:00,67,27,40,FMN GV 22 Boechout
7,Victor Heylenlei 41,2023-08-01,14:00:00,71,33,38,FMN GV 22 Boechout
7,Victor Heylenlei 41,2023-08-01,15:00:00,98,42,56,FMN GV 22 Boechout
7,Victor Heylenlei 41,2023-08-01,16:00:00,131,58,73,FMN GV 22 Boechout
7,Victor Heylenlei 41,2023-08-01,17:00:00,143,40,103,FMN GV 22 Boechout
7,Victor Heylenlei 41,2023-08-01,18:00:00,144,50,94,FMN GV 22 Boechout
7,Victor Heylenlei 41,2023-08-01,19:00:00,74,32,42,FMN GV 22 Boechout
7,Victor Heylenlei 41,2023-08-01,20:00:00,56,37,19,FMN GV 22 Boechout
7,Victor Heylenlei 41,2023-08-01,21:00:00,31,18,13,FMN GV 22 Boechout
7,Victor Heylenlei 41,2023-08-01,22:00:00,18,9,9,FMN GV 22 Boechout
7,Victor Heylenlei 41,2023-08-01,23:00:00,24,9,15,FMN GV 22 Boechout
7,Victor Heylenlei 41,2023-08-02,00:00:00,8,5,3,FMN GV 22 Boechout
7,Victor Heylenlei 41,2023-08-02,01:00:00,1,1,0,FMN GV 22 Boechout
7,Victor Heylenlei 41,2023-08-02,02:00:00,3,2,1,FMN GV 22 Boechout
7,Victor Heylenlei 41,2023-08-02,03:00:00,2,1,1,FMN GV 22 Boechout
7,Victor Heylenlei 41,2023-08-02,04:00:00,3,3,0,FMN GV 22 Boechout
7,Victor Heylenlei 41,2023-08-02,05:00:00,15,7,8,FMN GV 22 Boechout
7,Victor Heylenlei 41,2023-08-02,06:00:00,28,20,8,FMN GV 22 Boechout
7,Victor Heylenlei 41,2023-08-02,07:00:00,41,28,13,FMN GV 22 Boechout
7,Victor Heylenlei 41,2023-08-02,08:00:00,53,36,17,FMN GV 22 Boechout
7,Victor Heylenlei 41,2023-08-02,09:00:00,21,13,8,FMN GV 22 Boechout
7,Victor Heylenlei 41,2023-08-02,10:00:00,16,9,7,FMN GV 22 Boechout
7,Victor Heylenlei 41,2023-08-02,11:00:00,26,14,12,FMN GV 22 Boechout
7,Victor Heylenlei 41,2023-08-02,12:00:00,36,16,20,FMN GV 22 Boechout
7,Victor Heylenlei 41,2023-08-02,13:00:00,64,31,33,FMN GV 22 Boechout
7,Victor Heylenlei 41,2023-08-02,14:00:00,49,31,18,FMN GV 22 Boechout
7,Victor Heylenlei 41,2023-08-02,15:00:00,61,26,35,FMN GV 22 Boechout
7,Victor Heylenlei 41,2023-08-02,16:00:00,71,41,30,FMN GV 22 Boechout
7,Victor Heylenlei 41,2023-08-02,17:00:00,70,36,34,FMN GV 22 Boechout
7,Victor Heylenlei 41,2023-08-02,18:00:00,50,21,29,FMN GV 22 Boechout
7,Victor Heylenlei 41,2023-08-02,19:00:00,30,14,16,FMN GV 22 Boechout
7,Victor Heylenlei 41,2023-08-02,20:00:00,35,20,15,FMN GV 22 Boechout
7,Victor Heylenlei 41,2023-08-02,21:00:00,25,19,6,FMN GV 22 Boechout
7,Victor Heylenlei 41,2023-08-02,22:00:00,18,9,9,FMN GV 22 Boechout
7,Victor Heylenlei 41,2023-08-02,23:00:00,7,3,4,FMN GV 22 Boechout
7,Victor Heylenlei 41,2023-08-03,00:00:00,2,2,0,FMN GV 22 Boechout
7,Victor Heylenlei 41,2023-08-03,01:00:00,1,1,0,FMN GV 22 Boechout
7,Victor Heylenlei 41,2023-08-03,02:00:00,7,7,0,FMN GV 22 Boechout
7,Victor Heylenlei 41,2023-08-03,03:00:00,3,1,2,FMN GV 22 Boechout
7,Victor Heylenlei 41,2023-08-03,04:00:00,3,3,0,FMN GV 22 Boechout
7,Victor Heylenlei 41,2023-08-03,05:00:00,12,6,6,FMN GV 22 Boechout
7,Victor Heylenlei 41,2023-08-03,06:00:00,21,17,4,FMN GV 22 Boechout
7,Victor Heylenlei 41,2023-08-03,07:00:00,59,49,10,FMN GV 22 Boechout
7,Victor Heylenlei 41,2023-08-03,08:00:00,75,49,26,FMN GV 22 Boechout
7,Victor Heylenlei 41,2023-08-03,09:00:00,28,19,9,FMN GV 22 Boechout
7,Victor Heylenlei 41,2023-08-03,10:00:00,22,10,12,FMN GV 22 Boechout
7,Victor Heylenlei 41,2023-08-03,11:00:00,21,16,5,FMN GV 22 Boechout
7,Victor Heylenlei 41,2023-08-03,12:00:00,25,9,16,FMN GV 22 Boechout
7,Victor Heylenlei 41,2023-08-03,13:00:00,22,12,10,FMN GV 22 Boechout
7,Victor Heylenlei 41,2023-08-03,14:00:00,38,17,21,FMN GV 22 Boechout
7,Victor Heylenlei 41,2023-08-03,15:00:00,36,13,23,FMN GV 22 Boechout
7,Victor Heylenlei 41,2023-08-03,16:00:00,61,14,47,FMN GV 22 Boechout
7,Victor Heylenlei 41,2023-08-03,17:00:00,97,29,68,FMN GV 22 Boechout
7,Victor Heylenlei 41,2023-08-03,18:00:00,67,22,45,FMN GV 22 Boechout
7,Victor Heylenlei 41,2023-08-03,19:00:00,45,19,26,FMN GV 22 Boechout
7,Victor Heylenlei 41,2023-08-03,20:00:00,80,65,15,FMN GV 22 Boechout
7,Victor Heylenlei 41,2023-08-03,21:00:00,37,26,11,FMN GV 22 Boechout
7,Victor Heylenlei 41,2023-08-03,22:00:00,18,12,6,FMN GV 22 Boechout
7,Victor Heylenlei 41,2023-08-03,23:00:00,10,5,5,FMN GV 22 Boechout
7,Victor Heylenlei 41,2023-08-04,00:00:00,7,4,3,FMN GV 22 Boechout
7,Victor Heylenlei 41,2023-08-04,01:00:00,4,3,1,FMN GV 22 Boechout
7,Victor Heylenlei 41,2023-08-04,02:00:00,2,1,1,FMN GV 22 Boechout
7,Victor Heylenlei 41,2023-08-04,03:00:00,0,0,0,FMN GV 22 Boechout
7,Victor Heylenlei 41,2023-08-04,04:00:00,4,2,2,FMN GV 22 Boechout
7,Victor Heylenlei 41,2023-08-04,05:00:00,16,8,8,FMN GV 22 Boechout
7,Victor Heylenlei 41,2023-08-04,06:00:00,30,23,7,FMN GV 22 Boechout
7,Victor Heylenlei 41,2023-08-04,07:00:00,59,43,16,FMN GV 22 Boechout
7,Victor Heylenlei 41,2023-08-04,08:00:00,59,39,20,FMN GV 22 Boechout
7,Victor Heylenlei 41,2023-08-04,09:00:00,28,15,13,FMN GV 22 Boechout
7,Victor Heylenlei 41,2023-08-04,10:00:00,30,21,9,FMN GV 22 Boechout
7,Victor Heylenlei 41,2023-08-04,11:00:00,49,26,23,FMN GV 22 Boechout
7,Victor Heylenlei 41,2023-08-04,12:00:00,43,19,24,FMN GV 22 Boechout
7,Victor Heylenlei 41,2023-08-04,13:00:00,75,31,44,FMN GV 22 Boechout
7,Victor Heylenlei 41,2023-08-04,14:00:00,91,54,37,FMN GV 22 Boechout
7,Victor Heylenlei 41,2023-08-04,15:00:00,99,43,56,FMN GV 22 Boechout
7,Victor Heylenlei 41,2023-08-04,16:00:00,102,33,69,FMN GV 22 Boechout
7,Victor Heylenlei 41,2023-08-04,17:00:00,134,60,74,FMN GV 22 Boechout
7,Victor Heylenlei 41,2023-08-04,18:00:00,78,38,40,FMN GV 22 Boechout
7,Victor Heylenlei 41,2023-08-04,19:00:00,80,36,44,FMN GV 22 Boechout
7,Victor Heylenlei 41,2023-08-04,20:00:00,51,31,20,FMN GV 22 Boechout
7,Victor Heylenlei 41,2023-08-04,21:00:00,46,26,20,FMN GV 22 Boechout
7,Victor Heylenlei 41,2023-08-04,22:00:00,23,10,13,FMN GV 22 Boechout
7,Victor Heylenlei 41,2023-08-04,23:00:00,18,9,9,FMN GV 22 Boechout
7,Victor Heylenlei 41,2023-08-05,00:00:00,13,8,5,FMN GV 22 Boechout
7,Victor Heylenlei 41,2023-08-05,01:00:00,4,1,3,FMN GV 22 Boechout
7,Victor Heylenlei 41,2023-08-05,02:00:00,11,2,9,FMN GV 22 Boechout
7,Victor Heylenlei 41,2023-08-05,03:00:00,9,3,6,FMN GV 22 Boechout
7,Victor Heylenlei 41,2023-08-05,04:00:00,5,3,2,FMN GV 22 Boechout
7,Victor Heylenlei 41,2023-08-05,05:00:00,5,1,4,FMN GV 22 Boechout
7,Victor Heylenlei 41,2023-08-05,06:00:00,4,1,3,FMN GV 22 Boechout
7,Victor Heylenlei 41,2023-08-05,07:00:00,10,5,5,FMN GV 22 Boechout
7,Victor Heylenlei 41,2023-08-05,08:00:00,33,18,15,FMN GV 22 Boechout
7,Victor Heylenlei 41,2023-08-05,09:00:00,61,30,31,FMN GV 22 Boechout
7,Victor Heylenlei 41,2023-08-05,10:00:00,86,49,37,FMN GV 22 Boechout
7,Victor Heylenlei 41,2023-08-05,11:00:00,70,39,31,FMN GV 22 Boechout
7,Victor Heylenlei 41,2023-08-05,12:00:00,79,50,29,FMN GV 22 Boechout
7,Victor Heylenlei 41,2023-08-05,13:00:00,37,19,18,FMN GV 22 Boechout
7,Victor Heylenlei 41,2023-08-05,14:00:00,26,5,21,FMN GV 22 Boechout
7,Victor Heylenlei 41,2023-08-05,15:00:00,23,12,11,FMN GV 22 Boechout
7,Victor Heylenlei 41,2023-08-05,16:00:00,29,13,16,FMN GV 22 Boechout
7,Victor Heylenlei 41,2023-08-05,17:00:00,28,17,11,FMN GV 22 Boechout
7,Victor Heylenlei 41,2023-08-05,18:00:00,26,14,12,FMN GV 22 Boechout
7,Victor Heylenlei 41,2023-08-05,19:00:00,31,15,16,FMN GV 22 Boechout
7,Victor Heylenlei 41,2023-08-05,20:00:00,11,4,7,FMN GV 22 Boechout
7,Victor Heylenlei 41,2023-08-05,21:00:00,18,10,8,FMN GV 22 Boechout
7,Victor Heylenlei 41,2023-08-05,22:00:00,7,4,3,FMN GV 22 Boechout
7,Victor Heylenlei 41,2023-08-05,23:00:00,6,4,2,FMN GV 22 Boechout
7,Victor Heylenlei 41,2023-08-06,00:00:00,11,6,5,FMN GV 22 Boechout
7,Victor Heylenlei 41,2023-08-06,01:00:00,10,9,1,FMN GV 22 Boechout
7,Victor Heylenlei 41,2023-08-06,02:00:00,9,7,2,FMN GV 22 Boechout
7,Victor Heylenlei 41,2023-08-06,03:00:00,3,0,3,FMN GV 22 Boechout
7,Victor Heylenlei 41,2023-08-06,04:00:00,2,0,2,FMN GV 22 Boechout
7,Victor Heylenlei 41,2023-08-06,05:00:00,0,0,0,FMN GV 22 Boechout
7,Victor Heylenlei 41,2023-08-06,06:00:00,2,1,1,FMN GV 22 Boechout
7,Victor Heylenlei 41,2023-08-06,07:00:00,4,2,2,FMN GV 22 Boechout
7,Victor Heylenlei 41,2023-08-06,08:00:00,3,1,2,FMN GV 22 Boechout
7,Victor Heylenlei 41,2023-08-06,09:00:00,18,8,10,FMN GV 22 Boechout
7,Victor Heylenlei 41,2023-08-06,10:00:00,13,3,10,FMN GV 22 Boechout
7,Victor Heylenlei 41,2023-08-06,11:00:00,21,11,10,FMN GV 22 Boechout
7,Victor Heylenlei 41,2023-08-06,12:00:00,36,12,24,FMN GV 22 Boechout
7,Victor Heylenlei 41,2023-08-06,13:00:00,7,2,5,FMN GV 22 Boechout
7,Victor Heylenlei 41,2023-08-06,14:00:00,17,11,6,FMN GV 22 Boechout
7,Victor Heylenlei 41,2023-08-06,15:00:00,6,5,1,FMN GV 22 Boechout
7,Victor Heylenlei 41,2023-08-06,16:00:00,3,1,2,FMN GV 22 Boechout
7,Victor Heylenlei 41,2023-08-06,17:00:00,5,2,3,FMN GV 22 Boechout
7,Victor Heylenlei 41,2023-08-06,18:00:00,8,3,5,FMN GV 22 Boechout
7,Victor Heylenlei 41,2023-08-06,19:00:00,17,8,9,FMN GV 22 Boechout
7,Victor Heylenlei 41,2023-08-06,20:00:00,13,4,9,FMN GV 22 Boechout
7,Victor Heylenlei 41,2023-08-06,21:00:00,21,15,6,FMN GV 22 Boechout
7,Victor Heylenlei 41,2023-08-06,22:00:00,4,3,1,FMN GV 22 Boechout
7,Victor Heylenlei 41,2023-08-06,23:00:00,1,1,0,FMN GV 22 Boechout
7,Victor Heylenlei 41,2023-08-07,00:00:00,1,0,1,FMN GV 22 Boechout
7,Victor Heylenlei 41,2023-08-07,01:00:00,2,1,1,FMN GV 22 Boechout
7,Victor Heylenlei 41,2023-08-07,02:00:00,0,0,0,FMN GV 22 Boechout
7,Victor Heylenlei 41,2023-08-07,03:00:00,1,0,1,FMN GV 22 Boechout
7,Victor Heylenlei 41,2023-08-07,04:00:00,3,2,1,FMN GV 22 Boechout
7,Victor Heylenlei 41,2023-08-07,05:00:00,12,7,5,FMN GV 22 Boechout
7,Victor Heylenlei 41,2023-08-07,06:00:00,38,29,9,FMN GV 22 Boechout
7,Victor Heylenlei 41,2023-08-07,07:00:00,93,73,20,FMN GV 22 Boechout
7,Victor Heylenlei 41,2023-08-07,08:00:00,123,91,32,FMN GV 22 Boechout
7,Victor Heylenlei 41,2023-08-07,09:00:00,45,29,16,FMN GV 22 Boechout
7,Victor Heylenlei 41,2023-08-07,10:00:00,50,24,26,FMN GV 22 Boechout
7,Victor Heylenlei 41,2023-08-07,11:00:00,56,26,30,FMN GV 22 Boechout
7,Victor Heylenlei 41,2023-08-07,12:00:00,65,29,36,FMN GV 22 Boechout
7,Victor Heylenlei 41,2023-08-07,13:00:00,67,31,36,FMN GV 22 Boechout
7,Victor Heylenlei 41,2023-08-07,14:00:00,92,45,47,FMN GV 22 Boechout
7,Victor Heylenlei 41,2023-08-07,15:00:00,97,43,54,FMN GV 22 Boechout
7,Victor Heylenlei 41,2023-08-07,16:00:00,152,47,105,FMN GV 22 Boechout
7,Victor Heylenlei 41,2023-08-07,17:00:00,153,50,103,FMN GV 22 Boechout
7,Victor Heylenlei 41,2023-08-07,18:00:00,106,41,65,FMN GV 22 Boechout
7,Victor Heylenlei 41,2023-08-07,19:00:00,96,52,44,FMN GV 22 Boechout
7,Victor Heylenlei 41,2023-08-07,20:00:00,68,38,30,FMN GV 22 Boechout
7,Victor Heylenlei 41,2023-08-07,21:00:00,41,19,22,FMN GV 22 Boechout
7,Victor Heylenlei 41,2023-08-07,22:00:00,25,15,10,FMN GV 22 Boechout
7,Victor Heylenlei 41,2023-08-07,23:00:00,9,1,8,FMN GV 22 Boechout
7,Victor Heylenlei 41,2023-08-08,00:00:00,1,0,1,FMN GV 22 Boechout
7,Victor Heylenlei 41,2023-08-08,01:00:00,3,2,1,FMN GV 22 Boechout
7,Victor Heylenlei 41,2023-08-08,02:00:00,0,0,0,FMN GV 22 Boechout
7,Victor Heylenlei 41,2023-08-08,03:00:00,1,1,0,FMN GV 22 Boechout
7,Victor Heylenlei 41,2023-08-08,04:00:00,7,5,2,FMN GV 22 Boechout
7,Victor Heylenlei 41,2023-08-08,05:00:00,20,10,10,FMN GV 22 Boechout
7,Victor Heylenlei 41,2023-08-08,06:00:00,48,37,11,FMN GV 22 Boechout
7,Victor Heylenlei 41,2023-08-08,07:00:00,103,83,20,FMN GV 22 Boechout
7,Victor Heylenlei 41,2023-08-08,08:00:00,130,100,30,FMN GV 22 Boechout
7,Victor Heylenlei 41,2023-08-08,09:00:00,57,38,19,FMN GV 22 Boechout
7,Victor Heylenlei 41,2023-08-08,10:00:00,59,32,27,FMN GV 22 Boechout
7,Victor Heylenlei 41,2023-08-08,11:00:00,56,28,28,FMN GV 22 Boechout
7,Victor Heylenlei 41,2023-08-08,12:00:00,38,23,15,FMN GV 22 Boechout
7,Victor Heylenlei 41,2023-08-08,13:00:00,57,27,30,FMN GV 22 Boechout
7,Victor Heylenlei 41,2023-08-08,14:00:00,75,38,37,FMN GV 22 Boechout
7,Victor Heylenlei 41,2023-08-08,15:00:00,99,44,55,FMN GV 22 Boechout
7,Victor Heylenlei 41,2023-08-08,16:00:00,141,47,94,FMN GV 22 Boechout
7,Victor Heylenlei 41,2023-08-08,17:00:00,156,43,113,FMN GV 22 Boechout
7,Victor Heylenlei 41,2023-08-08,18:00:00,89,22,67,FMN GV 22 Boechout
7,Victor Heylenlei 41,2023-08-08,19:00:00,29,11,18,FMN GV 22 Boechout
7,Victor Heylenlei 41,2023-08-08,20:00:00,75,47,28,FMN GV 22 Boechout
7,Victor Heylenlei 41,2023-08-08,21:00:00,15,8,7,FMN GV 22 Boechout
7,Victor Heylenlei 41,2023-08-08,22:00:00,13,6,7,FMN GV 22 Boechout
7,Victor Heylenlei 41,2023-08-08,23:00:00,5,3,2,FMN GV 22 Boechout
7,Victor Heylenlei 41,2023-08-09,00:00:00,3,0,3,FMN GV 22 Boechout
7,Victor Heylenlei 41,2023-08-09,01:00:00,1,1,0,FMN GV 22 Boechout
7,Victor Heylenlei 41,2023-08-09,02:00:00,2,1,1,FMN GV 22 Boechout
7,Victor Heylenlei 41,2023-08-09,03:00:00,0,0,0,FMN GV 22 Boechout
7,Victor Heylenlei 41,2023-08-09,04:00:00,6,5,1,FMN GV 22 Boechout
7,Victor Heylenlei 41,2023-08-09,05:00:00,17,8,9,FMN GV 22 Boechout
7,Victor Heylenlei 41,2023-08-09,06:00:00,38,26,12,FMN GV 22 Boechout
7,Victor Heylenlei 41,2023-08-09,07:00:00,91,72,19,FMN GV 22 Boechout
7,Victor Heylenlei 41,2023-08-09,08:00:00,113,80,33,FMN GV 22 Boechout
7,Victor Heylenlei 41,2023-08-09,09:00:00,46,27,19,FMN GV 22 Boechout
7,Victor Heylenlei 41,2023-08-09,10:00:00,39,19,20,FMN GV 22 Boechout
7,Victor Heylenlei 41,2023-08-09,11:00:00,80,37,43,FMN GV 22 Boechout
7,Victor Heylenlei 41,2023-08-09,12:00:00,67,39,28,FMN GV 22 Boechout
7,Victor Heylenlei 41,2023-08-09,13:00:00,87,35,52,FMN GV 22 Boechout
7,Victor Heylenlei 41,2023-08-09,14:00:00,199,101,98,FMN GV 22 Boechout
7,Victor Heylenlei 41,2023-08-09,15:00:00,144,63,81,FMN GV 22 Boechout
7,Victor Heylenlei 41,2023-08-09,16:00:00,157,70,87,FMN GV 22 Boechout
7,Victor Heylenlei 41,2023-08-09,17:00:00,151,56,95,FMN GV 22 Boechout
7,Victor Heylenlei 41,2023-08-09,18:00:00,165,71,94,FMN GV 22 Boechout
7,Victor Heylenlei 41,2023-08-09,19:00:00,191,121,70,FMN GV 22 Boechout
7,Victor Heylenlei 41,2023-08-09,20:00:00,138,89,49,FMN GV 22 Boechout
7,Victor Heylenlei 41,2023-08-09,21:00:00,57,36,21,FMN GV 22 Boechout
7,Victor Heylenlei 41,2023-08-09,22:00:00,28,14,14,FMN GV 22 Boechout
7,Victor Heylenlei 41,2023-08-09,23:00:00,15,5,10,FMN GV 22 Boechout
7,Victor Heylenlei 41,2023-08-10,00:00:00,9,3,6,FMN GV 22 Boechout
7,Victor Heylenlei 41,2023-08-10,01:00:00,0,0,0,FMN GV 22 Boechout
7,Victor Heylenlei 41,2023-08-10,02:00:00,5,2,3,FMN GV 22 Boechout
7,Victor Heylenlei 41,2023-08-10,03:00:00,2,1,1,FMN GV 22 Boechout
7,Victor Heylenlei 41,2023-08-10,04:00:00,7,6,1,FMN GV 22 Boechout
7,Victor Heylenlei 41,2023-08-10,05:00:00,27,17,10,FMN GV 22 Boechout
7,Victor Heylenlei 41,2023-08-10,06:00:00,41,31,10,FMN GV 22 Boechout
7,Victor Heylenlei 41,2023-08-10,07:00:00,133,107,26,FMN GV 22 Boechout
7,Victor Heylenlei 41,2023-08-10,08:00:00,123,94,29,FMN GV 22 Boechout
7,Victor Heylenlei 41,2023-08-10,09:00:00,83,35,48,FMN GV 22 Boechout
7,Victor Heylenlei 41,2023-08-10,10:00:00,85,41,44,FMN GV 22 Boechout
7,Victor Heylenlei 41,2023-08-10,11:00:00,97,61,36,FMN GV 22 Boechout
7,Victor Heylenlei 41,2023-08-10,12:00:00,96,53,43,FMN GV 22 Boechout
7,Victor Heylenlei 41,2023-08-10,13:00:00,138,77,61,FMN GV 22 Boechout
7,Victor Heylenlei 41,2023-08-10,14:00:00,169,57,112,FMN GV 22 Boechout
7,Victor Heylenlei 41,2023-08-10,15:00:00,167,88,79,FMN GV 22 Boechout
7,Victor Heylenlei 41,2023-08-10,16:00:00,221,100,121,FMN GV 22 Boechout
7,Victor Heylenlei 41,2023-08-10,17:00:00,215,60,155,FMN GV 22 Boechout
7,Victor Heylenlei 41,2023-08-10,18:00:00,178,81,97,FMN GV 22 Boechout
7,Victor Heylenlei 41,2023-08-10,19:00:00,145,74,71,FMN GV 22 Boechout
7,Victor Heylenlei 41,2023-08-10,20:00:00,132,88,44,FMN GV 22 Boechout
7,Victor Heylenlei 41,2023-08-10,21:00:00,62,46,16,FMN GV 22 Boechout
7,Victor Heylenlei 41,2023-08-10,22:00:00,32,11,21,FMN GV 22 Boechout
7,Victor Heylenlei 41,2023-08-10,23:00:00,22,8,14,FMN GV 22 Boechout
7,Victor Heylenlei 41,2023-08-11,00:00:00,9,4,5,FMN GV 22 Boechout
7,Victor Heylenlei 41,2023-08-11,01:00:00,4,2,2,FMN GV 22 Boechout
7,Victor Heylenlei 41,2023-08-11,02:00:00,3,1,2,FMN GV 22 Boechout
7,Victor Heylenlei 41,2023-08-11,03:00:00,3,1,2,FMN GV 22 Boechout
7,Victor Heylenlei 41,2023-08-11,04:00:00,5,3,2,FMN GV 22 Boechout
7,Victor Heylenlei 41,2023-08-11,05:00:00,17,9,8,FMN GV 22 Boechout
7,Victor Heylenlei 41,2023-08-11,06:00:00,39,32,7,FMN GV 22 Boechout
7,Victor Heylenlei 41,2023-08-11,07:00:00,83,63,20,FMN GV 22 Boechout
7,Victor Heylenlei 41,2023-08-11,08:00:00,93,58,35,FMN GV 22 Boechout
7,Victor Heylenlei 41,2023-08-11,09:00:00,72,47,25,FMN GV 22 Boechout
7,Victor Heylenlei 41,2023-08-11,10:00:00,75,43,32,FMN GV 22 Boechout
7,Victor Heylenlei 41,2023-08-11,11:00:00,100,53,47,FMN GV 22 Boechout
7,Victor Heylenlei 41,2023-08-11,12:00:00,87,53,34,FMN GV 22 Boechout
7,Victor Heylenlei 41,2023-08-11,13:00:00,98,48,50,FMN GV 22 Boechout
7,Victor Heylenlei 41,2023-08-11,14:00:00,159,72,87,FMN GV 22 Boechout
7,Victor Heylenlei 41,2023-08-11,15:00:00,172,75,97,FMN GV 22 Boechout
7,Victor Heylenlei 41,2023-08-11,16:00:00,166,65,101,FMN GV 22 Boechout
7,Victor Heylenlei 41,2023-08-11,17:00:00,145,54,91,FMN GV 22 Boechout
7,Victor Heylenlei 41,2023-08-11,18:00:00,108,49,59,FMN GV 22 Boechout
7,Victor Heylenlei 41,2023-08-11,19:00:00,75,42,33,FMN GV 22 Boechout
7,Victor Heylenlei 41,2023-08-11,20:00:00,38,27,11,FMN GV 22 Boechout
7,Victor Heylenlei 41,2023-08-11,21:00:00,26,10,16,FMN GV 22 Boechout
7,Victor Heylenlei 41,2023-08-11,22:00:00,20,8,12,FMN GV 22 Boechout
7,Victor Heylenlei 41,2023-08-11,23:00:00,24,4,20,FMN GV 22 Boechout
7,Victor Heylenlei 41,2023-08-12,00:00:00,9,6,3,FMN GV 22 Boechout
7,Victor Heylenlei 41,2023-08-12,01:00:00,26,5,21,FMN GV 22 Boechout
7,Victor Heylenlei 41,2023-08-12,02:00:00,7,4,3,FMN GV 22 Boechout
7,Victor Heylenlei 41,2023-08-12,03:00:00,6,4,2,FMN GV 22 Boechout
7,Victor Heylenlei 41,2023-08-12,04:00:00,1,1,0,FMN GV 22 Boechout
7,Victor Heylenlei 41,2023-08-12,05:00:00,2,0,2,FMN GV 22 Boechout
7,Victor Heylenlei 41,2023-08-12,06:00:00,5,2,3,FMN GV 22 Boechout
7,Victor Heylenlei 41,2023-08-12,07:00:00,7,5,2,FMN GV 22 Boechout
7,Victor Heylenlei 41,2023-08-12,08:00:00,16,11,5,FMN GV 22 Boechout
7,Victor Heylenlei 41,2023-08-12,09:00:00,19,8,11,FMN GV 22 Boechout
7,Victor Heylenlei 41,2023-08-12,10:00:00,30,19,11,FMN GV 22 Boechout
7,Victor Heylenlei 41,2023-08-12,11:00:00,50,23,27,FMN GV 22 Boechout
7,Victor Heylenlei 41,2023-08-12,12:00:00,60,30,30,FMN GV 22 Boechout
7,Victor Heylenlei 41,2023-08-12,13:00:00,123,90,33,FMN GV 22 Boechout
7,Victor Heylenlei 41,2023-08-12,14:00:00,175,97,78,FMN GV 22 Boechout
7,Victor Heylenlei 41,2023-08-12,15:00:00,132,95,37,FMN GV 22 Boechout
7,Victor Heylenlei 41,2023-08-12,16:00:00,115,63,52,FMN GV 22 Boechout
7,Victor Heylenlei 41,2023-08-12,17:00:00,105,51,54,FMN GV 22 Boechout
7,Victor Heylenlei 41,2023-08-12,18:00:00,83,47,36,FMN GV 22 Boechout
7,Victor Heylenlei 41,2023-08-12,19:00:00,58,38,20,FMN GV 22 Boechout
7,Victor Heylenlei 41,2023-08-12,20:00:00,52,30,22,FMN GV 22 Boechout
7,Victor Heylenlei 41,2023-08-12,21:00:00,33,23,10,FMN GV 22 Boechout
7,Victor Heylenlei 41,2023-08-12,22:00:00,17,4,13,FMN GV 22 Boechout
7,Victor Heylenlei 41,2023-08-12,23:00:00,14,4,10,FMN GV 22 Boechout
7,Victor Heylenlei 41,2023-08-13,00:00:00,15,9,6,FMN GV 22 Boechout
7,Victor Heylenlei 41,2023-08-13,01:00:00,5,1,4,FMN GV 22 Boechout
7,Victor Heylenlei 41,2023-08-13,02:00:00,1,1,0,FMN GV 22 Boechout
7,Victor Heylenlei 41,2023-08-13,03:00:00,8,4,4,FMN GV 22 Boechout
7,Victor Heylenlei 41,2023-08-13,04:00:00,2,2,0,FMN GV 22 Boechout
7,Victor Heylenlei 41,2023-08-13,05:00:00,7,5,2,FMN GV 22 Boechout
7,Victor Heylenlei 41,2023-08-13,06:00:00,5,1,4,FMN GV 22 Boechout
7,Victor Heylenlei 41,2023-08-13,07:00:00,6,3,3,FMN GV 22 Boechout
7,Victor Heylenlei 41,2023-08-13,08:00:00,42,19,23,FMN GV 22 Boechout
7,Victor Heylenlei 41,2023-08-13,09:00:00,65,17,48,FMN GV 22 Boechout
7,Victor Heylenlei 41,2023-08-13,10:00:00,102,45,57,FMN GV 22 Boechout
7,Victor Heylenlei 41,2023-08-13,11:00:00,149,81,68,FMN GV 22 Boechout
7,Victor Heylenlei 41,2023-08-13,12:00:00,138,86,52,FMN GV 22 Boechout
7,Victor Heylenlei 41,2023-08-13,13:00:00,154,87,67,FMN GV 22 Boechout
7,Victor Heylenlei 41,2023-08-13,14:00:00,173,93,80,FMN GV 22 Boechout
7,Victor Heylenlei 41,2023-08-13,15:00:00,196,85,111,FMN GV 22 Boechout
7,Victor Heylenlei 41,2023-08-13,16:00:00,152,78,74,FMN GV 22 Boechout
7,Victor Heylenlei 41,2023-08-13,17:00:00,103,61,42,FMN GV 22 Boechout
7,Victor Heylenlei 41,2023-08-13,18:00:00,71,43,28,FMN GV 22 Boechout
7,Victor Heylenlei 41,2023-08-13,19:00:00,90,57,33,FMN GV 22 Boechout
7,Victor Heylenlei 41,2023-08-13,20:00:00,46,30,16,FMN GV 22 Boechout
7,Victor Heylenlei 41,2023-08-13,21:00:00,25,11,14,FMN GV 22 Boechout
7,Victor Heylenlei 41,2023-08-13,22:00:00,17,4,13,FMN GV 22 Boechout
7,Victor Heylenlei 41,2023-08-13,23:00:00,11,4,7,FMN GV 22 Boechout
7,Victor Heylenlei 41,2023-08-14,00:00:00,7,2,5,FMN GV 22 Boechout
7,Victor Heylenlei 41,2023-08-14,01:00:00,0,0,0,FMN GV 22 Boechout
7,Victor Heylenlei 41,2023-08-14,02:00:00,2,2,0,FMN GV 22 Boechout
7,Victor Heylenlei 41,2023-08-14,03:00:00,2,2,0,FMN GV 22 Boechout
7,Victor Heylenlei 41,2023-08-14,04:00:00,1,1,0,FMN GV 22 Boechout
7,Victor Heylenlei 41,2023-08-14,05:00:00,5,3,2,FMN GV 22 Boechout
7,Victor Heylenlei 41,2023-08-14,06:00:00,21,15,6,FMN GV 22 Boechout
7,Victor Heylenlei 41,2023-08-14,07:00:00,43,26,17,FMN GV 22 Boechout
7,Victor Heylenlei 41,2023-08-14,08:00:00,63,39,24,FMN GV 22 Boechout
7,Victor Heylenlei 41,2023-08-14,09:00:00,49,22,27,FMN GV 22 Boechout
7,Victor Heylenlei 41,2023-08-14,10:00:00,68,32,36,FMN GV 22 Boechout
7,Victor Heylenlei 41,2023-08-14,11:00:00,100,56,44,FMN GV 22 Boechout
7,Victor Heylenlei 41,2023-08-14,12:00:00,102,52,50,FMN GV 22 Boechout
7,Victor Heylenlei 41,2023-08-14,13:00:00,131,55,76,FMN GV 22 Boechout
7,Victor Heylenlei 41,2023-08-14,14:00:00,155,71,84,FMN GV 22 Boechout
7,Victor Heylenlei 41,2023-08-14,15:00:00,174,66,108,FMN GV 22 Boechout
7,Victor Heylenlei 41,2023-08-14,16:00:00,139,76,63,FMN GV 22 Boechout
7,Victor Heylenlei 41,2023-08-14,17:00:00,178,97,81,FMN GV 22 Boechout
7,Victor Heylenlei 41,2023-08-14,18:00:00,122,61,61,FMN GV 22 Boechout
7,Victor Heylenlei 41,2023-08-14,19:00:00,110,61,49,FMN GV 22 Boechout
7,Victor Heylenlei 41,2023-08-14,20:00:00,84,46,38,FMN GV 22 Boechout
7,Victor Heylenlei 41,2023-08-14,21:00:00,54,31,23,FMN GV 22 Boechout
7,Victor Heylenlei 41,2023-08-14,22:00:00,32,12,20,FMN GV 22 Boechout
7,Victor Heylenlei 41,2023-08-14,23:00:00,8,8,0,FMN GV 22 Boechout
7,Victor Heylenlei 41,2023-08-15,00:00:00,7,4,3,FMN GV 22 Boechout
7,Victor Heylenlei 41,2023-08-15,01:00:00,4,1,3,FMN GV 22 Boechout
7,Victor Heylenlei 41,2023-08-15,02:00:00,4,4,0,FMN GV 22 Boechout
7,Victor Heylenlei 41,2023-08-15,03:00:00,2,1,1,FMN GV 22 Boechout
7,Victor Heylenlei 41,2023-08-15,04:00:00,1,0,1,FMN GV 22 Boechout
7,Victor Heylenlei 41,2023-08-15,05:00:00,3,2,1,FMN GV 22 Boechout
7,Victor Heylenlei 41,2023-08-15,06:00:00,7,4,3,FMN GV 22 Boechout
7,Victor Heylenlei 41,2023-08-15,07:00:00,20,8,12,FMN GV 22 Boechout
7,Victor Heylenlei 41,2023-08-15,08:00:00,26,9,17,FMN GV 22 Boechout
7,Victor Heylenlei 41,2023-08-15,09:00:00,70,35,35,FMN GV 22 Boechout
7,Victor Heylenlei 41,2023-08-15,10:00:00,128,74,54,FMN GV 22 Boechout
7,Victor Heylenlei 41,2023-08-15,11:00:00,165,97,68,FMN GV 22 Boechout
7,Victor Heylenlei 41,2023-08-15,12:00:00,146,70,76,FMN GV 22 Boechout
7,Victor Heylenlei 41,2023-08-15,13:00:00,187,116,71,FMN GV 22 Boechout
7,Victor Heylenlei 41,2023-08-15,14:00:00,226,95,131,FMN GV 22 Boechout
7,Victor Heylenlei 41,2023-08-15,15:00:00,245,108,137,FMN GV 22 Boechout
7,Victor Heylenlei 41,2023-08-15,16:00:00,159,99,60,FMN GV 22 Boechout
7,Victor Heylenlei 41,2023-08-15,17:00:00,122,51,71,FMN GV 22 Boechout
7,Victor Heylenlei 41,2023-08-15,18:00:00,118,60,58,FMN GV 22 Boechout
7,Victor Heylenlei 41,2023-08-15,19:00:00,75,39,36,FMN GV 22 Boechout
7,Victor Heylenlei 41,2023-08-15,20:00:00,76,40,36,FMN GV 22 Boechout
7,Victor Heylenlei 41,2023-08-15,21:00:00,45,20,25,FMN GV 22 Boechout
7,Victor Heylenlei 41,2023-08-15,22:00:00,17,10,7,FMN GV 22 Boechout
7,Victor Heylenlei 41,2023-08-15,23:00:00,6,1,5,FMN GV 22 Boechout
7,Victor Heylenlei 41,2023-08-16,00:00:00,9,6,3,FMN GV 22 Boechout
7,Victor Heylenlei 41,2023-08-16,01:00:00,0,0,0,FMN GV 22 Boechout
7,Victor Heylenlei 41,2023-08-16,02:00:00,2,2,0,FMN GV 22 Boechout
7,Victor Heylenlei 41,2023-08-16,03:00:00,2,1,1,FMN GV 22 Boechout
7,Victor Heylenlei 41,2023-08-16,04:00:00,4,3,1,FMN GV 22 Boechout
7,Victor Heylenlei 41,2023-08-16,05:00:00,19,10,9,FMN GV 22 Boechout
7,Victor Heylenlei 41,2023-08-16,06:00:00,47,33,14,FMN GV 22 Boechout
7,Victor Heylenlei 41,2023-08-16,07:00:00,122,89,33,FMN GV 22 Boechout
7,Victor Heylenlei 41,2023-08-16,08:00:00,134,93,41,FMN GV 22 Boechout
7,Victor Heylenlei 41,2023-08-16,09:00:00,69,41,28,FMN GV 22 Boechout
7,Victor Heylenlei 41,2023-08-16,10:00:00,41,25,16,FMN GV 22 Boechout
7,Victor Heylenlei 41,2023-08-16,11:00:00,62,32,30,FMN GV 22 Boechout
7,Victor Heylenlei 41,2023-08-16,12:00:00,66,33,33,FMN GV 22 Boechout
7,Victor Heylenlei 41,2023-08-16,13:00:00,92,46,46,FMN GV 22 Boechout
7,Victor Heylenlei 41,2023-08-16,14:00:00,114,55,59,FMN GV 22 Boechout
7,Victor Heylenlei 41,2023-08-16,15:00:00,149,76,73,FMN GV 22 Boechout
7,Victor Heylenlei 41,2023-08-16,16:00:00,163,71,92,FMN GV 22 Boechout
7,Victor Heylenlei 41,2023-08-16,17:00:00,205,77,128,FMN GV 22 Boechout
7,Victor Heylenlei 41,2023-08-16,18:00:00,119,59,60,FMN GV 22 Boechout
7,Victor Heylenlei 41,2023-08-16,19:00:00,115,52,63,FMN GV 22 Boechout
7,Victor Heylenlei 41,2023-08-16,20:00:00,97,54,43,FMN GV 22 Boechout
7,Victor Heylenlei 41,2023-08-16,21:00:00,65,42,23,FMN GV 22 Boechout
7,Victor Heylenlei 41,2023-08-16,22:00:00,27,11,16,FMN GV 22 Boechout
7,Victor Heylenlei 41,2023-08-16,23:00:00,17,5,12,FMN GV 22 Boechout
7,Victor Heylenlei 41,2023-08-17,00:00:00,2,2,0,FMN GV 22 Boechout
7,Victor Heylenlei 41,2023-08-17,01:00:00,1,0,1,FMN GV 22 Boechout
7,Victor Heylenlei 41,2023-08-17,02:00:00,1,0,1,FMN GV 22 Boechout
7,Victor Heylenlei 41,2023-08-17,03:00:00,1,1,0,FMN GV 22 Boechout
7,Victor Heylenlei 41,2023-08-17,04:00:00,5,4,1,FMN GV 22 Boechout
7,Victor Heylenlei 41,2023-08-17,05:00:00,17,6,11,FMN GV 22 Boechout
7,Victor Heylenlei 41,2023-08-17,06:00:00,45,31,14,FMN GV 22 Boechout
7,Victor Heylenlei 41,2023-08-17,07:00:00,136,104,32,FMN GV 22 Boechout
7,Victor Heylenlei 41,2023-08-17,08:00:00,156,110,46,FMN GV 22 Boechout
7,Victor Heylenlei 41,2023-08-17,09:00:00,70,40,30,FMN GV 22 Boechout
7,Victor Heylenlei 41,2023-08-17,10:00:00,62,30,32,FMN GV 22 Boechout
7,Victor Heylenlei 41,2023-08-17,11:00:00,60,27,33,FMN GV 22 Boechout
7,Victor Heylenlei 41,2023-08-17,12:00:00,68,41,27,FMN GV 22 Boechout
7,Victor Heylenlei 41,2023-08-17,13:00:00,115,48,67,FMN GV 22 Boechout
7,Victor Heylenlei 41,2023-08-17,14:00:00,93,45,48,FMN GV 22 Boechout
7,Victor Heylenlei 41,2023-08-17,15:00:00,100,52,48,FMN GV 22 Boechout
7,Victor Heylenlei 41,2023-08-17,16:00:00,174,55,119,FMN GV 22 Boechout
7,Victor Heylenlei 41,2023-08-17,17:00:00,195,69,126,FMN GV 22 Boechout
7,Victor Heylenlei 41,2023-08-17,18:00:00,147,58,89,FMN GV 22 Boechout
7,Victor Heylenlei 41,2023-08-17,19:00:00,102,66,36,FMN GV 22 Boechout
7,Victor Heylenlei 41,2023-08-17,20:00:00,115,76,39,FMN GV 22 Boechout
7,Victor Heylenlei 41,2023-08-17,21:00:00,52,31,21,FMN GV 22 Boechout
7,Victor Heylenlei 41,2023-08-17,22:00:00,39,26,13,FMN GV 22 Boechout
7,Victor Heylenlei 41,2023-08-17,23:00:00,17,11,6,FMN GV 22 Boechout
7,Victor Heylenlei 41,2023-08-18,00:00:00,23,7,16,FMN GV 22 Boechout
7,Victor Heylenlei 41,2023-08-18,01:00:00,3,1,2,FMN GV 22 Boechout
7,Victor Heylenlei 41,2023-08-18,02:00:00,5,2,3,FMN GV 22 Boechout
7,Victor Heylenlei 41,2023-08-18,03:00:00,0,0,0,FMN GV 22 Boechout
7,Victor Heylenlei 41,2023-08-18,04:00:00,6,5,1,FMN GV 22 Boechout
7,Victor Heylenlei 41,2023-08-18,05:00:00,20,10,10,FMN GV 22 Boechout
7,Victor Heylenlei 41,2023-08-18,06:00:00,46,32,14,FMN GV 22 Boechout
7,Victor Heylenlei 41,2023-08-18,07:00:00,99,78,21,FMN GV 22 Boechout
7,Victor Heylenlei 41,2023-08-18,08:00:00,127,92,35,FMN GV 22 Boechout
7,Victor Heylenlei 41,2023-08-18,09:00:00,57,30,27,FMN GV 22 Boechout
7,Victor Heylenlei 41,2023-08-18,10:00:00,70,44,26,FMN GV 22 Boechout
7,Victor Heylenlei 41,2023-08-18,11:00:00,70,35,35,FMN GV 22 Boechout
7,Victor Heylenlei 41,2023-08-18,12:00:00,91,46,45,FMN GV 22 Boechout
7,Victor Heylenlei 41,2023-08-18,13:00:00,78,41,37,FMN GV 22 Boechout
7,Victor Heylenlei 41,2023-08-18,14:00:00,147,67,80,FMN GV 22 Boechout
7,Victor Heylenlei 41,2023-08-18,15:00:00,136,51,85,FMN GV 22 Boechout
7,Victor Heylenlei 41,2023-08-18,16:00:00,152,70,82,FMN GV 22 Boechout
7,Victor Heylenlei 41,2023-08-18,17:00:00,174,66,108,FMN GV 22 Boechout
7,Victor Heylenlei 41,2023-08-18,18:00:00,136,64,72,FMN GV 22 Boechout
7,Victor Heylenlei 41,2023-08-18,19:00:00,95,52,43,FMN GV 22 Boechout
7,Victor Heylenlei 41,2023-08-18,20:00:00,71,46,25,FMN GV 22 Boechout
7,Victor Heylenlei 41,2023-08-18,21:00:00,41,24,17,FMN GV 22 Boechout
7,Victor Heylenlei 41,2023-08-18,22:00:00,18,6,12,FMN GV 22 Boechout
7,Victor Heylenlei 41,2023-08-18,23:00:00,34,8,26,FMN GV 22 Boechout
7,Victor Heylenlei 41,2023-08-19,00:00:00,22,11,11,FMN GV 22 Boechout
7,Victor Heylenlei 41,2023-08-19,01:00:00,10,4,6,FMN GV 22 Boechout
7,Victor Heylenlei 41,2023-08-19,02:00:00,4,1,3,FMN GV 22 Boechout
7,Victor Heylenlei 41,2023-08-19,03:00:00,1,0,1,FMN GV 22 Boechout
7,Victor Heylenlei 41,2023-08-19,04:00:00,2,0,2,FMN GV 22 Boechout
7,Victor Heylenlei 41,2023-08-19,05:00:00,4,3,1,FMN GV 22 Boechout
7,Victor Heylenlei 41,2023-08-19,06:00:00,15,7,8,FMN GV 22 Boechout
7,Victor Heylenlei 41,2023-08-19,07:00:00,12,8,4,FMN GV 22 Boechout
7,Victor Heylenlei 41,2023-08-19,08:00:00,22,11,11,FMN GV 22 Boechout
7,Victor Heylenlei 41,2023-08-19,09:00:00,66,24,42,FMN GV 22 Boechout
7,Victor Heylenlei 41,2023-08-19,10:00:00,74,45,29,FMN GV 22 Boechout
7,Victor Heylenlei 41,2023-08-19,11:00:00,93,56,37,FMN GV 22 Boechout
7,Victor Heylenlei 41,2023-08-19,12:00:00,101,47,54,FMN GV 22 Boechout
7,Victor Heylenlei 41,2023-08-19,13:00:00,133,65,68,FMN GV 22 Boechout
7,Victor Heylenlei 41,2023-08-19,14:00:00,144,49,95,FMN GV 22 Boechout
7,Victor Heylenlei 41,2023-08-19,15:00:00,120,49,71,FMN GV 22 Boechout
7,Victor Heylenlei 41,2023-08-19,16:00:00,152,81,71,FMN GV 22 Boechout
7,Victor Heylenlei 41,2023-08-19,17:00:00,111,73,38,FMN GV 22 Boechout
7,Victor Heylenlei 41,2023-08-19,18:00:00,87,46,41,FMN GV 22 Boechout
7,Victor Heylenlei 41,2023-08-19,19:00:00,108,59,49,FMN GV 22 Boechout
7,Victor Heylenlei 41,2023-08-19,20:00:00,74,32,42,FMN GV 22 Boechout
7,Victor Heylenlei 41,2023-08-19,21:00:00,53,35,18,FMN GV 22 Boechout
7,Victor Heylenlei 41,2023-08-19,22:00:00,24,9,15,FMN GV 22 Boechout
7,Victor Heylenlei 41,2023-08-19,23:00:00,24,14,10,FMN GV 22 Boechout
7,Victor Heylenlei 41,2023-08-20,00:00:00,24,10,14,FMN GV 22 Boechout
7,Victor Heylenlei 41,2023-08-20,01:00:00,28,15,13,FMN GV 22 Boechout
7,Victor Heylenlei 41,2023-08-20,02:00:00,11,5,6,FMN GV 22 Boechout
7,Victor Heylenlei 41,2023-08-20,03:00:00,5,2,3,FMN GV 22 Boechout
7,Victor Heylenlei 41,2023-08-20,04:00:00,14,11,3,FMN GV 22 Boechout
7,Victor Heylenlei 41,2023-08-20,05:00:00,10,7,3,FMN GV 22 Boechout
7,Victor Heylenlei 41,2023-08-20,06:00:00,9,3,6,FMN GV 22 Boechout
7,Victor Heylenlei 41,2023-08-20,07:00:00,15,9,6,FMN GV 22 Boechout
7,Victor Heylenlei 41,2023-08-20,08:00:00,47,25,22,FMN GV 22 Boechout
7,Victor Heylenlei 41,2023-08-20,09:00:00,115,58,57,FMN GV 22 Boechout
7,Victor Heylenlei 41,2023-08-20,10:00:00,180,97,83,FMN GV 22 Boechout
7,Victor Heylenlei 41,2023-08-20,11:00:00,222,119,103,FMN GV 22 Boechout
7,Victor Heylenlei 41,2023-08-20,12:00:00,179,104,75,FMN GV 22 Boechout
7,Victor Heylenlei 41,2023-08-20,13:00:00,209,112,97,FMN GV 22 Boechout
7,Victor Heylenlei 41,2023-08-20,14:00:00,278,120,158,FMN GV 22 Boechout
7,Victor Heylenlei 41,2023-08-20,15:00:00,199,101,98,FMN GV 22 Boechout
7,Victor Heylenlei 41,2023-08-20,16:00:00,241,146,95,FMN GV 22 Boechout
7,Victor Heylenlei 41,2023-08-20,17:00:00,224,121,103,FMN GV 22 Boechout
7,Victor Heylenlei 41,2023-08-20,18:00:00,99,55,44,FMN GV 22 Boechout
7,Victor Heylenlei 41,2023-08-20,19:00:00,118,55,63,FMN GV 22 Boechout
7,Victor Heylenlei 41,2023-08-20,20:00:00,86,47,39,FMN GV 22 Boechout
7,Victor Heylenlei 41,2023-08-20,21:00:00,38,13,25,FMN GV 22 Boechout
7,Victor Heylenlei 41,2023-08-20,22:00:00,26,7,19,FMN GV 22 Boechout
7,Victor Heylenlei 41,2023-08-20,23:00:00,10,4,6,FMN GV 22 Boechout
7,Victor Heylenlei 41,2023-08-21,00:00:00,1,0,1,FMN GV 22 Boechout
7,Victor Heylenlei 41,2023-08-21,01:00:00,4,3,1,FMN GV 22 Boechout
7,Victor Heylenlei 41,2023-08-21,02:00:00,0,0,0,FMN GV 22 Boechout
7,Victor Heylenlei 41,2023-08-21,03:00:00,0,0,0,FMN GV 22 Boechout
7,Victor Heylenlei 41,2023-08-21,04:00:00,5,4,1,FMN GV 22 Boechout
7,Victor Heylenlei 41,2023-08-21,05:00:00,25,11,14,FMN GV 22 Boechout
7,Victor Heylenlei 41,2023-08-21,06:00:00,51,43,8,FMN GV 22 Boechout
7,Victor Heylenlei 41,2023-08-21,07:00:00,141,105,36,FMN GV 22 Boechout
7,Victor Heylenlei 41,2023-08-21,08:00:00,162,121,41,FMN GV 22 Boechout
7,Victor Heylenlei 41,2023-08-21,09:00:00,78,57,21,FMN GV 22 Boechout
7,Victor Heylenlei 41,2023-08-21,10:00:00,90,44,46,FMN GV 22 Boechout
7,Victor Heylenlei 41,2023-08-21,11:00:00,75,42,33,FMN GV 22 Boechout
7,Victor Heylenlei 41,2023-08-21,12:00:00,95,58,37,FMN GV 22 Boechout
7,Victor Heylenlei 41,2023-08-21,13:00:00,109,46,63,FMN GV 22 Boechout
7,Victor Heylenlei 41,2023-08-21,14:00:00,124,59,65,FMN GV 22 Boechout
7,Victor Heylenlei 41,2023-08-21,15:00:00,159,75,84,FMN GV 22 Boechout
7,Victor Heylenlei 41,2023-08-21,16:00:00,201,75,126,FMN GV 22 Boechout
7,Victor Heylenlei 41,2023-08-21,17:00:00,207,78,129,FMN GV 22 Boechout
7,Victor Heylenlei 41,2023-08-21,18:00:00,144,50,94,FMN GV 22 Boechout
7,Victor Heylenlei 41,2023-08-21,19:00:00,120,52,68,FMN GV 22 Boechout
7,Victor Heylenlei 41,2023-08-21,20:00:00,79,47,32,FMN GV 22 Boechout
7,Victor Heylenlei 41,2023-08-21,21:00:00,51,25,26,FMN GV 22 Boechout
7,Victor Heylenlei 41,2023-08-21,22:00:00,28,13,15,FMN GV 22 Boechout
7,Victor Heylenlei 41,2023-08-21,23:00:00,14,5,9,FMN GV 22 Boechout
7,Victor Heylenlei 41,2023-08-22,00:00:00,3,0,3,FMN GV 22 Boechout
7,Victor Heylenlei 41,2023-08-22,01:00:00,4,2,2,FMN GV 22 Boechout
7,Victor Heylenlei 41,2023-08-22,02:00:00,5,1,4,FMN GV 22 Boechout
7,Victor Heylenlei 41,2023-08-22,03:00:00,1,1,0,FMN GV 22 Boechout
7,Victor Heylenlei 41,2023-08-22,04:00:00,4,3,1,FMN GV 22 Boechout
7,Victor Heylenlei 41,2023-08-22,05:00:00,28,18,10,FMN GV 22 Boechout
7,Victor Heylenlei 41,2023-08-22,06:00:00,63,55,8,FMN GV 22 Boechout
7,Victor Heylenlei 41,2023-08-22,07:00:00,154,122,32,FMN GV 22 Boechout
7,Victor Heylenlei 41,2023-08-22,08:00:00,176,139,37,FMN GV 22 Boechout
7,Victor Heylenlei 41,2023-08-22,09:00:00,85,58,27,FMN GV 22 Boechout
7,Victor Heylenlei 41,2023-08-22,10:00:00,84,52,32,FMN GV 22 Boechout
7,Victor Heylenlei 41,2023-08-22,11:00:00,77,45,32,FMN GV 22 Boechout
7,Victor Heylenlei 41,2023-08-22,12:00:00,80,45,35,FMN GV 22 Boechout
7,Victor Heylenlei 41,2023-08-22,13:00:00,104,49,55,FMN GV 22 Boechout
7,Victor Heylenlei 41,2023-08-22,14:00:00,185,99,86,FMN GV 22 Boechout
7,Victor Heylenlei 41,2023-08-22,15:00:00,136,61,75,FMN GV 22 Boechout
7,Victor Heylenlei 41,2023-08-22,16:00:00,201,64,137,FMN GV 22 Boechout
7,Victor Heylenlei 41,2023-08-22,17:00:00,249,75,174,FMN GV 22 Boechout
7,Victor Heylenlei 41,2023-08-22,18:00:00,201,87,114,FMN GV 22 Boechout
7,Victor Heylenlei 41,2023-08-22,19:00:00,124,55,69,FMN GV 22 Boechout
7,Victor Heylenlei 41,2023-08-22,20:00:00,98,59,39,FMN GV 22 Boechout
7,Victor Heylenlei 41,2023-08-22,21:00:00,59,28,31,FMN GV 22 Boechout
7,Victor Heylenlei 41,2023-08-22,22:00:00,33,12,21,FMN GV 22 Boechout
7,Victor Heylenlei 41,2023-08-22,23:00:00,22,4,18,FMN GV 22 Boechout
7,Victor Heylenlei 41,2023-08-23,00:00:00,10,1,9,FMN GV 22 Boechout
7,Victor Heylenlei 41,2023-08-23,01:00:00,4,2,2,FMN GV 22 Boechout
7,Victor Heylenlei 41,2023-08-23,02:00:00,2,2,0,FMN GV 22 Boechout
7,Victor Heylenlei 41,2023-08-23,03:00:00,0,0,0,FMN GV 22 Boechout
7,Victor Heylenlei 41,2023-08-23,04:00:00,4,3,1,FMN GV 22 Boechout
7,Victor Heylenlei 41,2023-08-23,05:00:00,25,17,8,FMN GV 22 Boechout
7,Victor Heylenlei 41,2023-08-23,06:00:00,58,46,12,FMN GV 22 Boechout
7,Victor Heylenlei 41,2023-08-23,07:00:00,130,99,31,FMN GV 22 Boechout
7,Victor Heylenlei 41,2023-08-23,08:00:00,143,106,37,FMN GV 22 Boechout
7,Victor Heylenlei 41,2023-08-23,09:00:00,89,56,33,FMN GV 22 Boechout
7,Victor Heylenlei 41,2023-08-23,10:00:00,102,64,38,FMN GV 22 Boechout
7,Victor Heylenlei 41,2023-08-23,11:00:00,104,56,48,FMN GV 22 Boechout
7,Victor Heylenlei 41,2023-08-23,12:00:00,93,62,31,FMN GV 22 Boechout
7,Victor Heylenlei 41,2023-08-23,13:00:00,117,55,62,FMN GV 22 Boechout
7,Victor Heylenlei 41,2023-08-23,14:00:00,156,69,87,FMN GV 22 Boechout
7,Victor Heylenlei 41,2023-08-23,15:00:00,157,78,79,FMN GV 22 Boechout
7,Victor Heylenlei 41,2023-08-23,16:00:00,204,86,118,FMN GV 22 Boechout
7,Victor Heylenlei 41,2023-08-23,17:00:00,225,82,143,FMN GV 22 Boechout
7,Victor Heylenlei 41,2023-08-23,18:00:00,197,89,108,FMN GV 22 Boechout
7,Victor Heylenlei 41,2023-08-23,19:00:00,202,120,82,FMN GV 22 Boechout
7,Victor Heylenlei 41,2023-08-23,20:00:00,150,96,54,FMN GV 22 Boechout
7,Victor Heylenlei 41,2023-08-23,21:00:00,71,43,28,FMN GV 22 Boechout
7,Victor Heylenlei 41,2023-08-23,22:00:00,27,14,13,FMN GV 22 Boechout
7,Victor Heylenlei 41,2023-08-23,23:00:00,16,7,9,FMN GV 22 Boechout
7,Victor Heylenlei 41,2023-08-24,00:00:00,10,5,5,FMN GV 22 Boechout
7,Victor Heylenlei 41,2023-08-24,01:00:00,2,2,0,FMN GV 22 Boechout
7,Victor Heylenlei 41,2023-08-24,02:00:00,1,1,0,FMN GV 22 Boechout
7,Victor Heylenlei 41,2023-08-24,03:00:00,0,0,0,FMN GV 22 Boechout
7,Victor Heylenlei 41,2023-08-24,04:00:00,4,4,0,FMN GV 22 Boechout
7,Victor Heylenlei 41,2023-08-24,05:00:00,28,17,11,FMN GV 22 Boechout
7,Victor Heylenlei 41,2023-08-24,06:00:00,37,32,5,FMN GV 22 Boechout
7,Victor Heylenlei 41,2023-08-24,07:00:00,132,100,32,FMN GV 22 Boechout
7,Victor Heylenlei 41,2023-08-24,08:00:00,168,126,42,FMN GV 22 Boechout
7,Victor Heylenlei 41,2023-08-24,09:00:00,108,80,28,FMN GV 22 Boechout
7,Victor Heylenlei 41,2023-08-24,10:00:00,69,50,19,FMN GV 22 Boechout
7,Victor Heylenlei 41,2023-08-24,11:00:00,56,33,23,FMN GV 22 Boechout
7,Victor Heylenlei 41,2023-08-24,12:00:00,48,19,29,FMN GV 22 Boechout
7,Victor Heylenlei 41,2023-08-24,13:00:00,62,25,37,FMN GV 22 Boechout
7,Victor Heylenlei 41,2023-08-24,14:00:00,70,27,43,FMN GV 22 Boechout
7,Victor Heylenlei 41,2023-08-24,15:00:00,82,29,53,FMN GV 22 Boechout
7,Victor Heylenlei 41,2023-08-24,16:00:00,120,37,83,FMN GV 22 Boechout
7,Victor Heylenlei 41,2023-08-24,17:00:00,155,50,105,FMN GV 22 Boechout
7,Victor Heylenlei 41,2023-08-24,18:00:00,113,42,71,FMN GV 22 Boechout
7,Victor Heylenlei 41,2023-08-24,19:00:00,92,48,44,FMN GV 22 Boechout
7,Victor Heylenlei 41,2023-08-24,20:00:00,75,56,19,FMN GV 22 Boechout
7,Victor Heylenlei 41,2023-08-24,21:00:00,38,21,17,FMN GV 22 Boechout
7,Victor Heylenlei 41,2023-08-24,22:00:00,22,8,14,FMN GV 22 Boechout
7,Victor Heylenlei 41,2023-08-24,23:00:00,18,2,16,FMN GV 22 Boechout
7,Victor Heylenlei 41,2023-08-25,00:00:00,12,4,8,FMN GV 22 Boechout
7,Victor Heylenlei 41,2023-08-25,01:00:00,3,1,2,FMN GV 22 Boechout
7,Victor Heylenlei 41,2023-08-25,02:00:00,1,0,1,FMN GV 22 Boechout
7,Victor Heylenlei 41,2023-08-25,03:00:00,0,0,0,FMN GV 22 Boechout
7,Victor Heylenlei 41,2023-08-25,04:00:00,7,6,1,FMN GV 22 Boechout
7,Victor Heylenlei 41,2023-08-25,05:00:00,19,11,8,FMN GV 22 Boechout
7,Victor Heylenlei 41,2023-08-25,06:00:00,33,27,6,FMN GV 22 Boechout
7,Victor Heylenlei 41,2023-08-25,07:00:00,92,66,26,FMN GV 22 Boechout
7,Victor Heylenlei 41,2023-08-25,08:00:00,55,31,24,FMN GV 22 Boechout
7,Victor Heylenlei 41,2023-08-25,09:00:00,30,24,6,FMN GV 22 Boechout
7,Victor Heylenlei 41,2023-08-25,10:00:00,30,17,13,FMN GV 22 Boechout
7,Victor Heylenlei 41,2023-08-25,11:00:00,39,22,17,FMN GV 22 Boechout
7,Victor Heylenlei 41,2023-08-25,12:00:00,64,35,29,FMN GV 22 Boechout
7,Victor Heylenlei 41,2023-08-25,13:00:00,66,27,39,FMN GV 22 Boechout
7,Victor Heylenlei 41,2023-08-25,14:00:00,84,34,50,FMN GV 22 Boechout
7,Victor Heylenlei 41,2023-08-25,15:00:00,85,34,51,FMN GV 22 Boechout
7,Victor Heylenlei 41,2023-08-25,16:00:00,115,53,62,FMN GV 22 Boechout
7,Victor Heylenlei 41,2023-08-25,17:00:00,109,46,63,FMN GV 22 Boechout
7,Victor Heylenlei 41,2023-08-25,18:00:00,80,33,47,FMN GV 22 Boechout
7,Victor Heylenlei 41,2023-08-25,19:00:00,51,25,26,FMN GV 22 Boechout
7,Victor Heylenlei 41,2023-08-25,20:00:00,41,16,25,FMN GV 22 Boechout
7,Victor Heylenlei 41,2023-08-25,21:00:00,16,7,9,FMN GV 22 Boechout
7,Victor Heylenlei 41,2023-08-25,22:00:00,8,5,3,FMN GV 22 Boechout
7,Victor Heylenlei 41,2023-08-25,23:00:00,12,3,9,FMN GV 22 Boechout
7,Victor Heylenlei 41,2023-08-26,00:00:00,18,13,5,FMN GV 22 Boechout
7,Victor Heylenlei 41,2023-08-26,01:00:00,3,2,1,FMN GV 22 Boechout
7,Victor Heylenlei 41,2023-08-26,02:00:00,4,1,3,FMN GV 22 Boechout
7,Victor Heylenlei 41,2023-08-26,03:00:00,4,2,2,FMN GV 22 Boechout
7,Victor Heylenlei 41,2023-08-26,04:00:00,0,0,0,FMN GV 22 Boechout
7,Victor Heylenlei 41,2023-08-26,05:00:00,7,6,1,FMN GV 22 Boechout
7,Victor Heylenlei 41,2023-08-26,06:00:00,8,5,3,FMN GV 22 Boechout
7,Victor Heylenlei 41,2023-08-26,07:00:00,12,6,6,FMN GV 22 Boechout
7,Victor Heylenlei 41,2023-08-26,08:00:00,42,20,22,FMN GV 22 Boechout
7,Victor Heylenlei 41,2023-08-26,09:00:00,75,39,36,FMN GV 22 Boechout
7,Victor Heylenlei 41,2023-08-26,10:00:00,110,54,56,FMN GV 22 Boechout
7,Victor Heylenlei 41,2023-08-26,11:00:00,118,58,60,FMN GV 22 Boechout
7,Victor Heylenlei 41,2023-08-26,12:00:00,108,74,34,FMN GV 22 Boechout
7,Victor Heylenlei 41,2023-08-26,13:00:00,116,60,56,FMN GV 22 Boechout
7,Victor Heylenlei 41,2023-08-26,14:00:00,143,86,57,FMN GV 22 Boechout
7,Victor Heylenlei 41,2023-08-26,15:00:00,113,53,60,FMN GV 22 Boechout
7,Victor Heylenlei 41,2023-08-26,16:00:00,96,42,54,FMN GV 22 Boechout
7,Victor Heylenlei 41,2023-08-26,17:00:00,40,21,19,FMN GV 22 Boechout
7,Victor Heylenlei 41,2023-08-26,18:00:00,67,29,38,FMN GV 22 Boechout
7,Victor Heylenlei 41,2023-08-26,19:00:00,45,18,27,FMN GV 22 Boechout
7,Victor Heylenlei 41,2023-08-26,20:00:00,34,14,20,FMN GV 22 Boechout
7,Victor Heylenlei 41,2023-08-26,21:00:00,18,9,9,FMN GV 22 Boechout
7,Victor Heylenlei 41,2023-08-26,22:00:00,15,4,11,FMN GV 22 Boechout
7,Victor Heylenlei 41,2023-08-26,23:00:00,23,9,14,FMN GV 22 Boechout
7,Victor Heylenlei 41,2023-08-27,00:00:00,11,5,6,FMN GV 22 Boechout
7,Victor Heylenlei 41,2023-08-27,01:00:00,8,3,5,FMN GV 22 Boechout
7,Victor Heylenlei 41,2023-08-27,02:00:00,5,2,3,FMN GV 22 Boechout
7,Victor Heylenlei 41,2023-08-27,03:00:00,4,1,3,FMN GV 22 Boechout
7,Victor Heylenlei 41,2023-08-27,04:00:00,4,1,3,FMN GV 22 Boechout
7,Victor Heylenlei 41,2023-08-27,05:00:00,3,3,0,FMN GV 22 Boechout
7,Victor Heylenlei 41,2023-08-27,06:00:00,9,4,5,FMN GV 22 Boechout
7,Victor Heylenlei 41,2023-08-27,07:00:00,13,4,9,FMN GV 22 Boechout
7,Victor Heylenlei 41,2023-08-27,08:00:00,31,17,14,FMN GV 22 Boechout
7,Victor Heylenlei 41,2023-08-27,09:00:00,87,26,61,FMN GV 22 Boechout
7,Victor Heylenlei 41,2023-08-27,10:00:00,151,71,80,FMN GV 22 Boechout
7,Victor Heylenlei 41,2023-08-27,11:00:00,166,88,78,FMN GV 22 Boechout
7,Victor Heylenlei 41,2023-08-27,12:00:00,121,71,50,FMN GV 22 Boechout
7,Victor Heylenlei 41,2023-08-27,13:00:00,86,56,30,FMN GV 22 Boechout
7,Victor Heylenlei 41,2023-08-27,14:00:00,81,45,36,FMN GV 22 Boechout
7,Victor Heylenlei 41,2023-08-27,15:00:00,72,54,18,FMN GV 22 Boechout
7,Victor Heylenlei 41,2023-08-27,16:00:00,75,24,51,FMN GV 22 Boechout
7,Victor Heylenlei 41,2023-08-27,17:00:00,92,47,45,FMN GV 22 Boechout
7,Victor Heylenlei 41,2023-08-27,18:00:00,66,38,28,FMN GV 22 Boechout
7,Victor Heylenlei 41,2023-08-27,19:00:00,63,37,26,FMN GV 22 Boechout
7,Victor Heylenlei 41,2023-08-27,20:00:00,46,29,17,FMN GV 22 Boechout
7,Victor Heylenlei 41,2023-08-27,21:00:00,25,16,9,FMN GV 22 Boechout
7,Victor Heylenlei 41,2023-08-27,22:00:00,15,5,10,FMN GV 22 Boechout
7,Victor Heylenlei 41,2023-08-27,23:00:00,10,4,6,FMN GV 22 Boechout
7,Victor Heylenlei 41,2023-08-28,00:00:00,9,5,4,FMN GV 22 Boechout
7,Victor Heylenlei 41,2023-08-28,01:00:00,1,0,1,FMN GV 22 Boechout
7,Victor Heylenlei 41,2023-08-28,02:00:00,0,0,0,FMN GV 22 Boechout
7,Victor Heylenlei 41,2023-08-28,03:00:00,0,0,0,FMN GV 22 Boechout
7,Victor Heylenlei 41,2023-08-28,04:00:00,5,4,1,FMN GV 22 Boechout
7,Victor Heylenlei 41,2023-08-28,05:00:00,21,14,7,FMN GV 22 Boechout
7,Victor Heylenlei 41,2023-08-28,06:00:00,56,47,9,FMN GV 22 Boechout
7,Victor Heylenlei 41,2023-08-28,07:00:00,122,88,34,FMN GV 22 Boechout
7,Victor Heylenlei 41,2023-08-28,08:00:00,157,117,40,FMN GV 22 Boechout
7,Victor Heylenlei 41,2023-08-28,09:00:00,74,50,24,FMN GV 22 Boechout
7,Victor Heylenlei 41,2023-08-28,10:00:00,84,40,44,FMN GV 22 Boechout
7,Victor Heylenlei 41,2023-08-28,11:00:00,84,51,33,FMN GV 22 Boechout
7,Victor Heylenlei 41,2023-08-28,12:00:00,78,44,34,FMN GV 22 Boechout
7,Victor Heylenlei 41,2023-08-28,13:00:00,93,33,60,FMN GV 22 Boechout
7,Victor Heylenlei 41,2023-08-28,14:00:00,106,55,51,FMN GV 22 Boechout
7,Victor Heylenlei 41,2023-08-28,15:00:00,120,42,78,FMN GV 22 Boechout
7,Victor Heylenlei 41,2023-08-28,16:00:00,141,35,106,FMN GV 22 Boechout
7,Victor Heylenlei 41,2023-08-28,17:00:00,179,62,117,FMN GV 22 Boechout
7,Victor Heylenlei 41,2023-08-28,18:00:00,99,39,60,FMN GV 22 Boechout
7,Victor Heylenlei 41,2023-08-28,19:00:00,46,25,21,FMN GV 22 Boechout
7,Victor Heylenlei 41,2023-08-28,20:00:00,43,16,27,FMN GV 22 Boechout
7,Victor Heylenlei 41,2023-08-28,21:00:00,22,11,11,FMN GV 22 Boechout
7,Victor Heylenlei 41,2023-08-28,22:00:00,24,9,15,FMN GV 22 Boechout
7,Victor Heylenlei 41,2023-08-28,23:00:00,8,5,3,FMN GV 22 Boechout
7,Victor Heylenlei 41,2023-08-29,00:00:00,6,5,1,FMN GV 22 Boechout
7,Victor Heylenlei 41,2023-08-29,01:00:00,5,3,2,FMN GV 22 Boechout
7,Victor Heylenlei 41,2023-08-29,02:00:00,5,5,0,FMN GV 22 Boechout
7,Victor Heylenlei 41,2023-08-29,03:00:00,0,0,0,FMN GV 22 Boechout
7,Victor Heylenlei 41,2023-08-29,04:00:00,7,5,2,FMN GV 22 Boechout
7,Victor Heylenlei 41,2023-08-29,05:00:00,25,18,7,FMN GV 22 Boechout
7,Victor Heylenlei 41,2023-08-29,06:00:00,59,47,12,FMN GV 22 Boechout
7,Victor Heylenlei 41,2023-08-29,07:00:00,150,122,28,FMN GV 22 Boechout
7,Victor Heylenlei 41,2023-08-29,08:00:00,191,154,37,FMN GV 22 Boechout
7,Victor Heylenlei 41,2023-08-29,09:00:00,72,50,22,FMN GV 22 Boechout
7,Victor Heylenlei 41,2023-08-29,10:00:00,51,30,21,FMN GV 22 Boechout
7,Victor Heylenlei 41,2023-08-29,11:00:00,60,35,25,FMN GV 22 Boechout
7,Victor Heylenlei 41,2023-08-29,12:00:00,85,38,47,FMN GV 22 Boechout
7,Victor Heylenlei 41,2023-08-29,13:00:00,102,55,47,FMN GV 22 Boechout
7,Victor Heylenlei 41,2023-08-29,14:00:00,111,45,66,FMN GV 22 Boechout
7,Victor Heylenlei 41,2023-08-29,15:00:00,107,46,61,FMN GV 22 Boechout
7,Victor Heylenlei 41,2023-08-29,16:00:00,155,51,104,FMN GV 22 Boechout
7,Victor Heylenlei 41,2023-08-29,17:00:00,213,51,162,FMN GV 22 Boechout
7,Victor Heylenlei 41,2023-08-29,18:00:00,204,48,156,FMN GV 22 Boechout
7,Victor Heylenlei 41,2023-08-29,19:00:00,104,41,63,FMN GV 22 Boechout
7,Victor Heylenlei 41,2023-08-29,20:00:00,119,87,32,FMN GV 22 Boechout
7,Victor Heylenlei 41,2023-08-29,21:00:00,122,94,28,FMN GV 22 Boechout
7,Victor Heylenlei 41,2023-08-29,22:00:00,30,12,18,FMN GV 22 Boechout
7,Victor Heylenlei 41,2023-08-29,23:00:00,11,1,10,FMN GV 22 Boechout
7,Victor Heylenlei 41,2023-08-30,00:00:00,7,2,5,FMN GV 22 Boechout
7,Victor Heylenlei 41,2023-08-30,01:00:00,4,4,0,FMN GV 22 Boechout
7,Victor Heylenlei 41,2023-08-30,02:00:00,3,1,2,FMN GV 22 Boechout
7,Victor Heylenlei 41,2023-08-30,03:00:00,0,0,0,FMN GV 22 Boechout
7,Victor Heylenlei 41,2023-08-30,04:00:00,6,5,1,FMN GV 22 Boechout
7,Victor Heylenlei 41,2023-08-30,05:00:00,27,20,7,FMN GV 22 Boechout
7,Victor Heylenlei 41,2023-08-30,06:00:00,46,35,11,FMN GV 22 Boechout
7,Victor Heylenlei 41,2023-08-30,07:00:00,85,63,22,FMN GV 22 Boechout
7,Victor Heylenlei 41,2023-08-30,08:00:00,106,79,27,FMN GV 22 Boechout
7,Victor Heylenlei 41,2023-08-30,09:00:00,27,21,6,FMN GV 22 Boechout
7,Victor Heylenlei 41,2023-08-30,10:00:00,15,4,11,FMN GV 22 Boechout
7,Victor Heylenlei 41,2023-08-30,11:00:00,47,23,24,FMN GV 22 Boechout
7,Victor Heylenlei 41,2023-08-30,12:00:00,50,22,28,FMN GV 22 Boechout
7,Victor Heylenlei 41,2023-08-30,13:00:00,59,30,29,FMN GV 22 Boechout
7,Victor Heylenlei 41,2023-08-30,14:00:00,90,36,54,FMN GV 22 Boechout
7,Victor Heylenlei 41,2023-08-30,15:00:00,104,43,61,FMN GV 22 Boechout
7,Victor Heylenlei 41,2023-08-30,16:00:00,174,65,109,FMN GV 22 Boechout
7,Victor Heylenlei 41,2023-08-30,17:00:00,148,59,89,FMN GV 22 Boechout
7,Victor Heylenlei 41,2023-08-30,18:00:00,93,44,49,FMN GV 22 Boechout
7,Victor Heylenlei 41,2023-08-30,19:00:00,90,44,46,FMN GV 22 Boechout
7,Victor Heylenlei 41,2023-08-30,20:00:00,77,57,20,FMN GV 22 Boechout
7,Victor Heylenlei 41,2023-08-30,21:00:00,28,20,8,FMN GV 22 Boechout
7,Victor Heylenlei 41,2023-08-30,22:00:00,26,11,15,FMN GV 22 Boechout
7,Victor Heylenlei 41,2023-08-30,23:00:00,19,6,13,FMN GV 22 Boechout
7,Victor Heylenlei 41,2023-08-31,00:00:00,8,0,8,FMN GV 22 Boechout
7,Victor Heylenlei 41,2023-08-31,01:00:00,2,1,1,FMN GV 22 Boechout
7,Victor Heylenlei 41,2023-08-31,02:00:00,2,2,0,FMN GV 22 Boechout
7,Victor Heylenlei 41,2023-08-31,03:00:00,1,0,1,FMN GV 22 Boechout
7,Victor Heylenlei 41,2023-08-31,04:00:00,3,3,0,FMN GV 22 Boechout
7,Victor Heylenlei 41,2023-08-31,05:00:00,33,20,13,FMN GV 22 Boechout
7,Victor Heylenlei 41,2023-08-31,06:00:00,45,40,5,FMN GV 22 Boechout
7,Victor Heylenlei 41,2023-08-31,07:00:00,129,103,26,FMN GV 22 Boechout
7,Victor Heylenlei 41,2023-08-31,08:00:00,167,126,41,FMN GV 22 Boechout
7,Victor Heylenlei 41,2023-08-31,09:00:00,74,44,30,FMN GV 22 Boechout
7,Victor Heylenlei 41,2023-08-31,10:00:00,77,27,50,FMN GV 22 Boechout
7,Victor Heylenlei 41,2023-08-31,11:00:00,76,47,29,FMN GV 22 Boechout
7,Victor Heylenlei 41,2023-08-31,12:00:00,83,43,40,FMN GV 22 Boechout
7,Victor Heylenlei 41,2023-08-31,13:00:00,110,55,55,FMN GV 22 Boechout
7,Victor Heylenlei 41,2023-08-31,14:00:00,112,59,53,FMN GV 22 Boechout
7,Victor Heylenlei 41,2023-08-31,15:00:00,167,87,80,FMN GV 22 Boechout
7,Victor Heylenlei 41,2023-08-31,16:00:00,180,70,110,FMN GV 22 Boechout
7,Victor Heylenlei 41,2023-08-31,17:00:00,205,58,147,FMN GV 22 Boechout
7,Victor Heylenlei 41,2023-08-31,18:00:00,128,47,81,FMN GV 22 Boechout
7,Victor Heylenlei 41,2023-08-31,19:00:00,214,105,109,FMN GV 22 Boechout
7,Victor Heylenlei 41,2023-08-31,20:00:00,111,88,23,FMN GV 22 Boechout
7,Victor Heylenlei 41,2023-08-31,21:00:00,32,21,11,FMN GV 22 Boechout
7,Victor Heylenlei 41,2023-08-31,22:00:00,22,10,12,FMN GV 22 Boechout
7,Victor Heylenlei 41,2023-08-31,23:00:00,13,5,8,FMN GV 22 Boechout
7,Victor Heylenlei 41,2023-09-01,00:00:00,8,2,6,FMN GV 22 Boechout
7,Victor Heylenlei 41,2023-09-01,01:00:00,5,0,5,FMN GV 22 Boechout
7,Victor Heylenlei 41,2023-09-01,02:00:00,2,1,1,FMN GV 22 Boechout
7,Victor Heylenlei 41,2023-09-01,03:00:00,3,2,1,FMN GV 22 Boechout
7,Victor Heylenlei 41,2023-09-01,04:00:00,4,4,0,FMN GV 22 Boechout
7,Victor Heylenlei 41,2023-09-01,05:00:00,17,9,8,FMN GV 22 Boechout
7,Victor Heylenlei 41,2023-09-01,06:00:00,40,30,10,FMN GV 22 Boechout
7,Victor Heylenlei 41,2023-09-01,07:00:00,77,57,20,FMN GV 22 Boechout
7,Victor Heylenlei 41,2023-09-01,08:00:00,220,73,147,FMN GV 22 Boechout
7,Victor Heylenlei 41,2023-09-01,09:00:00,62,34,28,FMN GV 22 Boechout
7,Victor Heylenlei 41,2023-09-01,10:00:00,12,9,3,FMN GV 22 Boechout
7,Victor Heylenlei 41,2023-09-01,11:00:00,21,8,13,FMN GV 22 Boechout
7,Victor Heylenlei 41,2023-09-01,12:00:00,134,113,21,FMN GV 22 Boechout
7,Victor Heylenlei 41,2023-09-01,13:00:00,24,9,15,FMN GV 22 Boechout
7,Victor Heylenlei 41,2023-09-01,14:00:00,55,17,38,FMN GV 22 Boechout
7,Victor Heylenlei 41,2023-09-01,15:00:00,80,30,50,FMN GV 22 Boechout
7,Victor Heylenlei 41,2023-09-01,16:00:00,108,38,70,FMN GV 22 Boechout
7,Victor Heylenlei 41,2023-09-01,17:00:00,109,51,58,FMN GV 22 Boechout
7,Victor Heylenlei 41,2023-09-01,18:00:00,76,31,45,FMN GV 22 Boechout
7,Victor Heylenlei 41,2023-09-01,19:00:00,68,27,41,FMN GV 22 Boechout
7,Victor Heylenlei 41,2023-09-01,20:00:00,44,22,22,FMN GV 22 Boechout
7,Victor Heylenlei 41,2023-09-01,21:00:00,25,9,16,FMN GV 22 Boechout
7,Victor Heylenlei 41,2023-09-01,22:00:00,22,6,16,FMN GV 22 Boechout
7,Victor Heylenlei 41,2023-09-01,23:00:00,14,7,7,FMN GV 22 Boechout
7,Victor Heylenlei 41,2023-09-02,00:00:00,11,2,9,FMN GV 22 Boechout
7,Victor Heylenlei 41,2023-09-02,01:00:00,21,15,6,FMN GV 22 Boechout
7,Victor Heylenlei 41,2023-09-02,02:00:00,7,5,2,FMN GV 22 Boechout
7,Victor Heylenlei 41,2023-09-02,03:00:00,9,7,2,FMN GV 22 Boechout
7,Victor Heylenlei 41,2023-09-02,04:00:00,3,2,1,FMN GV 22 Boechout
7,Victor Heylenlei 41,2023-09-02,05:00:00,7,4,3,FMN GV 22 Boechout
7,Victor Heylenlei 41,2023-09-02,06:00:00,14,6,8,FMN GV 22 Boechout
7,Victor Heylenlei 41,2023-09-02,07:00:00,5,3,2,FMN GV 22 Boechout
7,Victor Heylenlei 41,2023-09-02,08:00:00,30,13,17,FMN GV 22 Boechout
7,Victor Heylenlei 41,2023-09-02,09:00:00,44,28,16,FMN GV 22 Boechout
7,Victor Heylenlei 41,2023-09-02,10:00:00,71,27,44,FMN GV 22 Boechout
7,Victor Heylenlei 41,2023-09-02,11:00:00,98,65,33,FMN GV 22 Boechout
7,Victor Heylenlei 41,2023-09-02,12:00:00,134,93,41,FMN GV 22 Boechout
7,Victor Heylenlei 41,2023-09-02,13:00:00,127,64,63,FMN GV 22 Boechout
7,Victor Heylenlei 41,2023-09-02,14:00:00,163,82,81,FMN GV 22 Boechout
7,Victor Heylenlei 41,2023-09-02,15:00:00,160,70,90,FMN GV 22 Boechout
7,Victor Heylenlei 41,2023-09-02,16:00:00,133,75,58,FMN GV 22 Boechout
7,Victor Heylenlei 41,2023-09-02,17:00:00,104,60,44,FMN GV 22 Boechout
7,Victor Heylenlei 41,2023-09-02,18:00:00,96,43,53,FMN GV 22 Boechout
7,Victor Heylenlei 41,2023-09-02,19:00:00,76,36,40,FMN GV 22 Boechout
7,Victor Heylenlei 41,2023-09-02,20:00:00,41,25,16,FMN GV 22 Boechout
7,Victor Heylenlei 41,2023-09-02,21:00:00,26,14,12,FMN GV 22 Boechout
7,Victor Heylenlei 41,2023-09-02,22:00:00,17,5,12,FMN GV 22 Boechout
7,Victor Heylenlei 41,2023-09-02,23:00:00,24,14,10,FMN GV 22 Boechout
7,Victor Heylenlei 41,2023-09-03,00:00:00,7,2,5,FMN GV 22 Boechout
7,Victor Heylenlei 41,2023-09-03,01:00:00,11,5,6,FMN GV 22 Boechout
7,Victor Heylenlei 41,2023-09-03,02:00:00,2,1,1,FMN GV 22 Boechout
7,Victor Heylenlei 41,2023-09-03,03:00:00,3,1,2,FMN GV 22 Boechout
7,Victor Heylenlei 41,2023-09-03,04:00:00,7,0,7,FMN GV 22 Boechout
7,Victor Heylenlei 41,2023-09-03,05:00:00,5,4,1,FMN GV 22 Boechout
7,Victor Heylenlei 41,2023-09-03,06:00:00,8,4,4,FMN GV 22 Boechout
7,Victor Heylenlei 41,2023-09-03,07:00:00,21,7,14,FMN GV 22 Boechout
7,Victor Heylenlei 41,2023-09-03,08:00:00,47,23,24,FMN GV 22 Boechout
7,Victor Heylenlei 41,2023-09-03,09:00:00,119,48,71,FMN GV 22 Boechout
7,Victor Heylenlei 41,2023-09-03,10:00:00,155,71,84,FMN GV 22 Boechout
7,Victor Heylenlei 41,2023-09-03,11:00:00,194,100,94,FMN GV 22 Boechout
7,Victor Heylenlei 41,2023-09-03,12:00:00,231,140,91,FMN GV 22 Boechout
7,Victor Heylenlei 41,2023-09-03,13:00:00,208,106,102,FMN GV 22 Boechout
7,Victor Heylenlei 41,2023-09-03,14:00:00,298,124,174,FMN GV 22 Boechout
7,Victor Heylenlei 41,2023-09-03,15:00:00,297,142,155,FMN GV 22 Boechout
7,Victor Heylenlei 41,2023-09-03,16:00:00,242,99,143,FMN GV 22 Boechout
7,Victor Heylenlei 41,2023-09-03,17:00:00,202,133,69,FMN GV 22 Boechout
7,Victor Heylenlei 41,2023-09-03,18:00:00,150,88,62,FMN GV 22 Boechout
7,Victor Heylenlei 41,2023-09-03,19:00:00,96,52,44,FMN GV 22 Boechout
7,Victor Heylenlei 41,2023-09-03,20:00:00,63,37,26,FMN GV 22 Boechout
7,Victor Heylenlei 41,2023-09-03,21:00:00,31,21,10,FMN GV 22 Boechout
7,Victor Heylenlei 41,2023-09-03,22:00:00,15,4,11,FMN GV 22 Boechout
7,Victor Heylenlei 41,2023-09-03,23:00:00,12,7,5,FMN GV 22 Boechout
7,Victor Heylenlei 41,2023-09-04,00:00:00,2,0,2,FMN GV 22 Boechout
7,Victor Heylenlei 41,2023-09-04,01:00:00,2,1,1,FMN GV 22 Boechout
7,Victor Heylenlei 41,2023-09-04,02:00:00,1,0,1,FMN GV 22 Boechout
7,Victor Heylenlei 41,2023-09-04,03:00:00,0,0,0,FMN GV 22 Boechout
7,Victor Heylenlei 41,2023-09-04,04:00:00,7,5,2,FMN GV 22 Boechout
7,Victor Heylenlei 41,2023-09-04,05:00:00,22,16,6,FMN GV 22 Boechout
7,Victor Heylenlei 41,2023-09-04,06:00:00,62,50,12,FMN GV 22 Boechout
7,Victor Heylenlei 41,2023-09-04,07:00:00,263,209,54,FMN GV 22 Boechout
7,Victor Heylenlei 41,2023-09-04,08:00:00,385,182,203,FMN GV 22 Boechout
7,Victor Heylenlei 41,2023-09-04,09:00:00,88,56,32,FMN GV 22 Boechout
7,Victor Heylenlei 41,2023-09-04,10:00:00,45,21,24,FMN GV 22 Boechout
7,Victor Heylenlei 41,2023-09-04,11:00:00,76,38,38,FMN GV 22 Boechout
7,Victor Heylenlei 41,2023-09-04,12:00:00,83,50,33,FMN GV 22 Boechout
7,Victor Heylenlei 41,2023-09-04,13:00:00,98,35,63,FMN GV 22 Boechout
7,Victor Heylenlei 41,2023-09-04,14:00:00,138,63,75,FMN GV 22 Boechout
7,Victor Heylenlei 41,2023-09-04,15:00:00,182,71,111,FMN GV 22 Boechout
7,Victor Heylenlei 41,2023-09-04,16:00:00,410,225,185,FMN GV 22 Boechout
7,Victor Heylenlei 41,2023-09-04,17:00:00,287,75,212,FMN GV 22 Boechout
7,Victor Heylenlei 41,2023-09-04,18:00:00,125,32,93,FMN GV 22 Boechout
7,Victor Heylenlei 41,2023-09-04,19:00:00,98,52,46,FMN GV 22 Boechout
7,Victor Heylenlei 41,2023-09-04,20:00:00,96,52,44,FMN GV 22 Boechout
7,Victor Heylenlei 41,2023-09-04,21:00:00,25,10,15,FMN GV 22 Boechout
7,Victor Heylenlei 41,2023-09-04,22:00:00,24,9,15,FMN GV 22 Boechout
7,Victor Heylenlei 41,2023-09-04,23:00:00,2,1,1,FMN GV 22 Boechout
7,Victor Heylenlei 41,2023-09-05,00:00:00,5,3,2,FMN GV 22 Boechout
7,Victor Heylenlei 41,2023-09-05,01:00:00,2,1,1,FMN GV 22 Boechout
7,Victor Heylenlei 41,2023-09-05,02:00:00,0,0,0,FMN GV 22 Boechout
7,Victor Heylenlei 41,2023-09-05,03:00:00,0,0,0,FMN GV 22 Boechout
7,Victor Heylenlei 41,2023-09-05,04:00:00,2,1,1,FMN GV 22 Boechout
7,Victor Heylenlei 41,2023-09-05,05:00:00,21,16,5,FMN GV 22 Boechout
7,Victor Heylenlei 41,2023-09-05,06:00:00,69,56,13,FMN GV 22 Boechout
7,Victor Heylenlei 41,2023-09-05,07:00:00,271,202,69,FMN GV 22 Boechout
7,Victor Heylenlei 41,2023-09-05,08:00:00,433,220,213,FMN GV 22 Boechout
7,Victor Heylenlei 41,2023-09-05,09:00:00,113,82,31,FMN GV 22 Boechout
7,Victor Heylenlei 41,2023-09-05,10:00:00,65,34,31,FMN GV 22 Boechout
7,Victor Heylenlei 41,2023-09-05,11:00:00,73,43,30,FMN GV 22 Boechout
7,Victor Heylenlei 41,2023-09-05,12:00:00,97,57,40,FMN GV 22 Boechout
7,Victor Heylenlei 41,2023-09-05,13:00:00,118,59,59,FMN GV 22 Boechout
7,Victor Heylenlei 41,2023-09-05,14:00:00,130,43,87,FMN GV 22 Boechout
7,Victor Heylenlei 41,2023-09-05,15:00:00,149,58,91,FMN GV 22 Boechout
7,Victor Heylenlei 41,2023-09-05,16:00:00,405,198,207,FMN GV 22 Boechout
7,Victor Heylenlei 41,2023-09-05,17:00:00,289,80,209,FMN GV 22 Boechout
7,Victor Heylenlei 41,2023-09-05,18:00:00,202,75,127,FMN GV 22 Boechout
7,Victor Heylenlei 41,2023-09-05,19:00:00,127,55,72,FMN GV 22 Boechout
7,Victor Heylenlei 41,2023-09-05,20:00:00,112,71,41,FMN GV 22 Boechout
7,Victor Heylenlei 41,2023-09-05,21:00:00,56,23,33,FMN GV 22 Boechout
7,Victor Heylenlei 41,2023-09-05,22:00:00,35,16,19,FMN GV 22 Boechout
7,Victor Heylenlei 41,2023-09-05,23:00:00,26,8,18,FMN GV 22 Boechout
7,Victor Heylenlei 41,2023-09-06,00:00:00,2,0,2,FMN GV 22 Boechout
7,Victor Heylenlei 41,2023-09-06,01:00:00,4,1,3,FMN GV 22 Boechout
7,Victor Heylenlei 41,2023-09-06,02:00:00,1,0,1,FMN GV 22 Boechout
7,Victor Heylenlei 41,2023-09-06,03:00:00,2,1,1,FMN GV 22 Boechout
7,Victor Heylenlei 41,2023-09-06,04:00:00,6,5,1,FMN GV 22 Boechout
7,Victor Heylenlei 41,2023-09-06,05:00:00,17,13,4,FMN GV 22 Boechout
7,Victor Heylenlei 41,2023-09-06,06:00:00,69,51,18,FMN GV 22 Boechout
7,Victor Heylenlei 41,2023-09-06,07:00:00,225,164,61,FMN GV 22 Boechout
7,Victor Heylenlei 41,2023-09-06,08:00:00,318,142,176,FMN GV 22 Boechout
7,Victor Heylenlei 41,2023-09-06,09:00:00,146,80,66,FMN GV 22 Boechout
7,Victor Heylenlei 41,2023-09-06,10:00:00,86,50,36,FMN GV 22 Boechout
7,Victor Heylenlei 41,2023-09-06,11:00:00,163,96,67,FMN GV 22 Boechout
7,Victor Heylenlei 41,2023-09-06,12:00:00,215,132,83,FMN GV 22 Boechout
7,Victor Heylenlei 41,2023-09-06,13:00:00,138,55,83,FMN GV 22 Boechout
7,Victor Heylenlei 41,2023-09-06,14:00:00,162,72,90,FMN GV 22 Boechout
7,Victor Heylenlei 41,2023-09-06,15:00:00,137,54,83,FMN GV 22 Boechout
7,Victor Heylenlei 41,2023-09-06,16:00:00,186,75,111,FMN GV 22 Boechout
7,Victor Heylenlei 41,2023-09-06,17:00:00,252,72,180,FMN GV 22 Boechout
7,Victor Heylenlei 41,2023-09-06,18:00:00,182,70,112,FMN GV 22 Boechout
7,Victor Heylenlei 41,2023-09-06,19:00:00,214,113,101,FMN GV 22 Boechout
7,Victor Heylenlei 41,2023-09-06,20:00:00,152,104,48,FMN GV 22 Boechout
7,Victor Heylenlei 41,2023-09-06,21:00:00,78,52,26,FMN GV 22 Boechout
7,Victor Heylenlei 41,2023-09-06,22:00:00,47,22,25,FMN GV 22 Boechout
7,Victor Heylenlei 41,2023-09-06,23:00:00,9,4,5,FMN GV 22 Boechout
7,Victor Heylenlei 41,2023-09-07,00:00:00,7,3,4,FMN GV 22 Boechout
7,Victor Heylenlei 41,2023-09-07,01:00:00,4,2,2,FMN GV 22 Boechout
7,Victor Heylenlei 41,2023-09-07,02:00:00,1,0,1,FMN GV 22 Boechout
7,Victor Heylenlei 41,2023-09-07,03:00:00,1,1,0,FMN GV 22 Boechout
7,Victor Heylenlei 41,2023-09-07,04:00:00,5,3,2,FMN GV 22 Boechout
7,Victor Heylenlei 41,2023-09-07,05:00:00,19,11,8,FMN GV 22 Boechout
7,Victor Heylenlei 41,2023-09-07,06:00:00,48,37,11,FMN GV 22 Boechout
7,Victor Heylenlei 41,2023-09-07,07:00:00,265,206,59,FMN GV 22 Boechout
7,Victor Heylenlei 41,2023-09-07,08:00:00,414,197,217,FMN GV 22 Boechout
7,Victor Heylenlei 41,2023-09-07,09:00:00,95,67,28,FMN GV 22 Boechout
7,Victor Heylenlei 41,2023-09-07,10:00:00,78,41,37,FMN GV 22 Boechout
7,Victor Heylenlei 41,2023-09-07,11:00:00,101,57,44,FMN GV 22 Boechout
7,Victor Heylenlei 41,2023-09-07,12:00:00,87,44,43,FMN GV 22 Boechout
7,Victor Heylenlei 41,2023-09-07,13:00:00,129,62,67,FMN GV 22 Boechout
7,Victor Heylenlei 41,2023-09-07,14:00:00,109,52,57,FMN GV 22 Boechout
7,Victor Heylenlei 41,2023-09-07,15:00:00,170,77,93,FMN GV 22 Boechout
7,Victor Heylenlei 41,2023-09-07,16:00:00,465,251,214,FMN GV 22 Boechout
7,Victor Heylenlei 41,2023-09-07,17:00:00,274,83,191,FMN GV 22 Boechout
7,Victor Heylenlei 41,2023-09-07,18:00:00,183,65,118,FMN GV 22 Boechout
7,Victor Heylenlei 41,2023-09-07,19:00:00,158,67,91,FMN GV 22 Boechout
7,Victor Heylenlei 41,2023-09-07,20:00:00,145,101,44,FMN GV 22 Boechout
7,Victor Heylenlei 41,2023-09-07,21:00:00,40,17,23,FMN GV 22 Boechout
7,Victor Heylenlei 41,2023-09-07,22:00:00,39,11,28,FMN GV 22 Boechout
7,Victor Heylenlei 41,2023-09-07,23:00:00,14,4,10,FMN GV 22 Boechout
7,Victor Heylenlei 41,2023-09-08,00:00:00,25,15,10,FMN GV 22 Boechout
7,Victor Heylenlei 41,2023-09-08,01:00:00,3,2,1,FMN GV 22 Boechout
7,Victor Heylenlei 41,2023-09-08,02:00:00,2,0,2,FMN GV 22 Boechout
7,Victor Heylenlei 41,2023-09-08,03:00:00,0,0,0,FMN GV 22 Boechout
7,Victor Heylenlei 41,2023-09-08,04:00:00,8,7,1,FMN GV 22 Boechout
7,Victor Heylenlei 41,2023-09-08,05:00:00,18,15,3,FMN GV 22 Boechout
7,Victor Heylenlei 41,2023-09-08,06:00:00,51,39,12,FMN GV 22 Boechout
7,Victor Heylenlei 41,2023-09-08,07:00:00,199,145,54,FMN GV 22 Boechout
7,Victor Heylenlei 41,2023-09-08,08:00:00,360,143,217,FMN GV 22 Boechout
7,Victor Heylenlei 41,2023-09-08,09:00:00,117,66,51,FMN GV 22 Boechout
7,Victor Heylenlei 41,2023-09-08,10:00:00,68,26,42,FMN GV 22 Boechout
7,Victor Heylenlei 41,2023-09-08,11:00:00,74,44,30,FMN GV 22 Boechout
7,Victor Heylenlei 41,2023-09-08,12:00:00,100,66,34,FMN GV 22 Boechout
7,Victor Heylenlei 41,2023-09-08,13:00:00,97,46,51,FMN GV 22 Boechout
7,Victor Heylenlei 41,2023-09-08,14:00:00,108,45,63,FMN GV 22 Boechout
7,Victor Heylenlei 41,2023-09-08,15:00:00,150,61,89,FMN GV 22 Boechout
7,Victor Heylenlei 41,2023-09-08,16:00:00,368,224,144,FMN GV 22 Boechout
7,Victor Heylenlei 41,2023-09-08,17:00:00,198,82,116,FMN GV 22 Boechout
7,Victor Heylenlei 41,2023-09-08,18:00:00,138,63,75,FMN GV 22 Boechout
7,Victor Heylenlei 41,2023-09-08,19:00:00,145,85,60,FMN GV 22 Boechout
7,Victor Heylenlei 41,2023-09-08,20:00:00,85,44,41,FMN GV 22 Boechout
7,Victor Heylenlei 41,2023-09-08,21:00:00,83,21,62,FMN GV 22 Boechout
7,Victor Heylenlei 41,2023-09-08,22:00:00,141,13,128,FMN GV 22 Boechout
7,Victor Heylenlei 41,2023-09-08,23:00:00,134,15,119,FMN GV 22 Boechout
7,Victor Heylenlei 41,2023-09-09,00:00:00,45,24,21,FMN GV 22 Boechout
7,Victor Heylenlei 41,2023-09-09,01:00:00,85,67,18,FMN GV 22 Boechout
7,Victor Heylenlei 41,2023-09-09,02:00:00,102,89,13,FMN GV 22 Boechout
7,Victor Heylenlei 41,2023-09-09,03:00:00,54,51,3,FMN GV 22 Boechout
7,Victor Heylenlei 41,2023-09-09,04:00:00,5,3,2,FMN GV 22 Boechout
7,Victor Heylenlei 41,2023-09-09,05:00:00,5,4,1,FMN GV 22 Boechout
7,Victor Heylenlei 41,2023-09-09,06:00:00,6,0,6,FMN GV 22 Boechout
7,Victor Heylenlei 41,2023-09-09,07:00:00,15,7,8,FMN GV 22 Boechout
7,Victor Heylenlei 41,2023-09-09,08:00:00,56,24,32,FMN GV 22 Boechout
7,Victor Heylenlei 41,2023-09-09,09:00:00,89,43,46,FMN GV 22 Boechout
7,Victor Heylenlei 41,2023-09-09,10:00:00,146,71,75,FMN GV 22 Boechout
7,Victor Heylenlei 41,2023-09-09,11:00:00,130,68,62,FMN GV 22 Boechout
7,Victor Heylenlei 41,2023-09-09,12:00:00,125,68,57,FMN GV 22 Boechout
7,Victor Heylenlei 41,2023-09-09,13:00:00,105,62,43,FMN GV 22 Boechout
7,Victor Heylenlei 41,2023-09-09,14:00:00,120,56,64,FMN GV 22 Boechout
7,Victor Heylenlei 41,2023-09-09,15:00:00,93,57,36,FMN GV 22 Boechout
7,Victor Heylenlei 41,2023-09-09,16:00:00,95,39,56,FMN GV 22 Boechout
7,Victor Heylenlei 41,2023-09-09,17:00:00,83,40,43,FMN GV 22 Boechout
7,Victor Heylenlei 41,2023-09-09,18:00:00,68,31,37,FMN GV 22 Boechout
7,Victor Heylenlei 41,2023-09-09,19:00:00,63,26,37,FMN GV 22 Boechout
7,Victor Heylenlei 41,2023-09-09,20:00:00,97,61,36,FMN GV 22 Boechout
7,Victor Heylenlei 41,2023-09-09,21:00:00,42,24,18,FMN GV 22 Boechout
7,Victor Heylenlei 41,2023-09-09,22:00:00,26,7,19,FMN GV 22 Boechout
7,Victor Heylenlei 41,2023-09-09,23:00:00,19,5,14,FMN GV 22 Boechout
7,Victor Heylenlei 41,2023-09-10,00:00:00,37,21,16,FMN GV 22 Boechout
7,Victor Heylenlei 41,2023-09-10,01:00:00,10,5,5,FMN GV 22 Boechout
7,Victor Heylenlei 41,2023-09-10,02:00:00,8,7,1,FMN GV 22 Boechout
7,Victor Heylenlei 41,2023-09-10,03:00:00,6,6,0,FMN GV 22 Boechout
7,Victor Heylenlei 41,2023-09-10,04:00:00,3,3,0,FMN GV 22 Boechout
7,Victor Heylenlei 41,2023-09-10,05:00:00,4,2,2,FMN GV 22 Boechout
7,Victor Heylenlei 41,2023-09-10,06:00:00,7,2,5,FMN GV 22 Boechout
7,Victor Heylenlei 41,2023-09-10,07:00:00,27,6,21,FMN GV 22 Boechout
7,Victor Heylenlei 41,2023-09-10,08:00:00,74,31,43,FMN GV 22 Boechout
7,Victor Heylenlei 41,2023-09-10,09:00:00,145,71,74,FMN GV 22 Boechout
7,Victor Heylenlei 41,2023-09-10,10:00:00,168,77,91,FMN GV 22 Boechout
7,Victor Heylenlei 41,2023-09-10,11:00:00,209,120,89,FMN GV 22 Boechout
7,Victor Heylenlei 41,2023-09-10,12:00:00,145,94,51,FMN GV 22 Boechout
7,Victor Heylenlei 41,2023-09-10,13:00:00,107,58,49,FMN GV 22 Boechout
7,Victor Heylenlei 41,2023-09-10,14:00:00,169,80,89,FMN GV 22 Boechout
7,Victor Heylenlei 41,2023-09-10,15:00:00,136,76,60,FMN GV 22 Boechout
7,Victor Heylenlei 41,2023-09-10,16:00:00,134,63,71,FMN GV 22 Boechout
7,Victor Heylenlei 41,2023-09-10,17:00:00,96,41,55,FMN GV 22 Boechout
7,Victor Heylenlei 41,2023-09-10,18:00:00,138,70,68,FMN GV 22 Boechout
7,Victor Heylenlei 41,2023-09-10,19:00:00,72,41,31,FMN GV 22 Boechout
7,Victor Heylenlei 41,2023-09-10,20:00:00,81,44,37,FMN GV 22 Boechout
7,Victor Heylenlei 41,2023-09-10,21:00:00,32,20,12,FMN GV 22 Boechout
7,Victor Heylenlei 41,2023-09-10,22:00:00,14,8,6,FMN GV 22 Boechout
7,Victor Heylenlei 41,2023-09-10,23:00:00,9,5,4,FMN GV 22 Boechout
7,Victor Heylenlei 41,2023-09-11,00:00:00,4,1,3,FMN GV 22 Boechout
7,Victor Heylenlei 41,2023-09-11,01:00:00,2,0,2,FMN GV 22 Boechout
7,Victor Heylenlei 41,2023-09-11,02:00:00,1,0,1,FMN GV 22 Boechout
7,Victor Heylenlei 41,2023-09-11,03:00:00,2,2,0,FMN GV 22 Boechout
7,Victor Heylenlei 41,2023-09-11,04:00:00,1,1,0,FMN GV 22 Boechout
7,Victor Heylenlei 41,2023-09-11,05:00:00,15,11,4,FMN GV 22 Boechout
7,Victor Heylenlei 41,2023-09-11,06:00:00,57,39,18,FMN GV 22 Boechout
7,Victor Heylenlei 41,2023-09-11,07:00:00,236,176,60,FMN GV 22 Boechout
7,Victor Heylenlei 41,2023-09-11,08:00:00,403,201,202,FMN GV 22 Boechout
7,Victor Heylenlei 41,2023-09-11,09:00:00,93,66,27,FMN GV 22 Boechout
7,Victor Heylenlei 41,2023-09-11,10:00:00,78,43,35,FMN GV 22 Boechout
7,Victor Heylenlei 41,2023-09-11,11:00:00,65,37,28,FMN GV 22 Boechout
7,Victor Heylenlei 41,2023-09-11,12:00:00,84,45,39,FMN GV 22 Boechout
7,Victor Heylenlei 41,2023-09-11,13:00:00,81,40,41,FMN GV 22 Boechout
7,Victor Heylenlei 41,2023-09-11,14:00:00,99,36,63,FMN GV 22 Boechout
7,Victor Heylenlei 41,2023-09-11,15:00:00,165,60,105,FMN GV 22 Boechout
7,Victor Heylenlei 41,2023-09-11,16:00:00,389,205,184,FMN GV 22 Boechout
7,Victor Heylenlei 41,2023-09-11,17:00:00,271,76,195,FMN GV 22 Boechout
7,Victor Heylenlei 41,2023-09-11,18:00:00,132,49,83,FMN GV 22 Boechout
7,Victor Heylenlei 41,2023-09-11,19:00:00,87,37,50,FMN GV 22 Boechout
7,Victor Heylenlei 41,2023-09-11,20:00:00,66,40,26,FMN GV 22 Boechout
7,Victor Heylenlei 41,2023-09-11,21:00:00,27,13,14,FMN GV 22 Boechout
7,Victor Heylenlei 41,2023-09-11,22:00:00,27,11,16,FMN GV 22 Boechout
7,Victor Heylenlei 41,2023-09-11,23:00:00,4,2,2,FMN GV 22 Boechout
7,Victor Heylenlei 41,2023-09-12,00:00:00,7,4,3,FMN GV 22 Boechout
7,Victor Heylenlei 41,2023-09-12,01:00:00,1,0,1,FMN GV 22 Boechout
7,Victor Heylenlei 41,2023-09-12,02:00:00,1,0,1,FMN GV 22 Boechout
7,Victor Heylenlei 41,2023-09-12,03:00:00,1,0,1,FMN GV 22 Boechout
7,Victor Heylenlei 41,2023-09-12,04:00:00,2,2,0,FMN GV 22 Boechout
7,Victor Heylenlei 41,2023-09-12,05:00:00,16,11,5,FMN GV 22 Boechout
7,Victor Heylenlei 41,2023-09-12,06:00:00,53,47,6,FMN GV 22 Boechout
7,Victor Heylenlei 41,2023-09-12,07:00:00,235,181,54,FMN GV 22 Boechout
7,Victor Heylenlei 41,2023-09-12,08:00:00,361,170,191,FMN GV 22 Boechout
7,Victor Heylenlei 41,2023-09-12,09:00:00,71,46,25,FMN GV 22 Boechout
7,Victor Heylenlei 41,2023-09-12,10:00:00,79,51,28,FMN GV 22 Boechout
7,Victor Heylenlei 41,2023-09-12,11:00:00,49,24,25,FMN GV 22 Boechout
7,Victor Heylenlei 41,2023-09-12,12:00:00,76,35,41,FMN GV 22 Boechout
7,Victor Heylenlei 41,2023-09-12,13:00:00,74,32,42,FMN GV 22 Boechout
7,Victor Heylenlei 41,2023-09-12,14:00:00,92,39,53,FMN GV 22 Boechout
7,Victor Heylenlei 41,2023-09-12,15:00:00,145,75,70,FMN GV 22 Boechout
7,Victor Heylenlei 41,2023-09-12,16:00:00,377,206,171,FMN GV 22 Boechout
7,Victor Heylenlei 41,2023-09-12,17:00:00,215,64,151,FMN GV 22 Boechout
7,Victor Heylenlei 41,2023-09-12,18:00:00,118,23,95,FMN GV 22 Boechout
7,Victor Heylenlei 41,2023-09-12,19:00:00,71,42,29,FMN GV 22 Boechout
7,Victor Heylenlei 41,2023-09-12,20:00:00,49,35,14,FMN GV 22 Boechout
7,Victor Heylenlei 41,2023-09-12,21:00:00,23,6,17,FMN GV 22 Boechout
7,Victor Heylenlei 41,2023-09-12,22:00:00,24,7,17,FMN GV 22 Boechout
7,Victor Heylenlei 41,2023-09-12,23:00:00,8,2,6,FMN GV 22 Boechout
7,Victor Heylenlei 41,2023-09-13,00:00:00,2,0,2,FMN GV 22 Boechout
7,Victor Heylenlei 41,2023-09-13,01:00:00,2,2,0,FMN GV 22 Boechout
7,Victor Heylenlei 41,2023-09-13,02:00:00,3,2,1,FMN GV 22 Boechout
7,Victor Heylenlei 41,2023-09-13,03:00:00,1,1,0,FMN GV 22 Boechout
7,Victor Heylenlei 41,2023-09-13,04:00:00,4,3,1,FMN GV 22 Boechout
7,Victor Heylenlei 41,2023-09-13,05:00:00,20,15,5,FMN GV 22 Boechout
7,Victor Heylenlei 41,2023-09-13,06:00:00,54,46,8,FMN GV 22 Boechout
7,Victor Heylenlei 41,2023-09-13,07:00:00,186,136,50,FMN GV 22 Boechout
7,Victor Heylenlei 41,2023-09-13,08:00:00,329,141,188,FMN GV 22 Boechout
7,Victor Heylenlei 41,2023-09-13,09:00:00,91,57,34,FMN GV 22 Boechout
7,Victor Heylenlei 41,2023-09-13,10:00:00,56,37,19,FMN GV 22 Boechout
7,Victor Heylenlei 41,2023-09-13,11:00:00,64,40,24,FMN GV 22 Boechout
7,Victor Heylenlei 41,2023-09-13,12:00:00,254,188,66,FMN GV 22 Boechout
7,Victor Heylenlei 41,2023-09-13,13:00:00,117,62,55,FMN GV 22 Boechout
7,Victor Heylenlei 41,2023-09-13,14:00:00,113,53,60,FMN GV 22 Boechout
7,Victor Heylenlei 41,2023-09-13,15:00:00,106,46,60,FMN GV 22 Boechout
7,Victor Heylenlei 41,2023-09-13,16:00:00,153,48,105,FMN GV 22 Boechout
7,Victor Heylenlei 41,2023-09-13,17:00:00,178,59,119,FMN GV 22 Boechout
7,Victor Heylenlei 41,2023-09-13,18:00:00,148,52,96,FMN GV 22 Boechout
7,Victor Heylenlei 41,2023-09-13,19:00:00,123,70,53,FMN GV 22 Boechout
7,Victor Heylenlei 41,2023-09-13,20:00:00,90,71,19,FMN GV 22 Boechout
7,Victor Heylenlei 41,2023-09-13,21:00:00,33,15,18,FMN GV 22 Boechout
7,Victor Heylenlei 41,2023-09-13,22:00:00,27,11,16,FMN GV 22 Boechout
7,Victor Heylenlei 41,2023-09-13,23:00:00,10,4,6,FMN GV 22 Boechout
7,Victor Heylenlei 41,2023-09-14,00:00:00,3,2,1,FMN GV 22 Boechout
7,Victor Heylenlei 41,2023-09-14,01:00:00,3,0,3,FMN GV 22 Boechout
7,Victor Heylenlei 41,2023-09-14,02:00:00,2,0,2,FMN GV 22 Boechout
7,Victor Heylenlei 41,2023-09-14,03:00:00,2,2,0,FMN GV 22 Boechout
7,Victor Heylenlei 41,2023-09-14,04:00:00,2,2,0,FMN GV 22 Boechout
7,Victor Heylenlei 41,2023-09-14,05:00:00,23,18,5,FMN GV 22 Boechout
7,Victor Heylenlei 41,2023-09-14,06:00:00,64,53,11,FMN GV 22 Boechout
7,Victor Heylenlei 41,2023-09-14,07:00:00,236,183,53,FMN GV 22 Boechout
7,Victor Heylenlei 41,2023-09-14,08:00:00,401,201,200,FMN GV 22 Boechout
7,Victor Heylenlei 41,2023-09-14,09:00:00,91,60,31,FMN GV 22 Boechout
7,Victor Heylenlei 41,2023-09-14,10:00:00,64,25,39,FMN GV 22 Boechout
7,Victor Heylenlei 41,2023-09-14,11:00:00,68,36,32,FMN GV 22 Boechout
7,Victor Heylenlei 41,2023-09-14,12:00:00,109,52,57,FMN GV 22 Boechout
7,Victor Heylenlei 41,2023-09-14,13:00:00,126,64,62,FMN GV 22 Boechout
7,Victor Heylenlei 41,2023-09-14,14:00:00,133,52,81,FMN GV 22 Boechout
7,Victor Heylenlei 41,2023-09-14,15:00:00,205,91,114,FMN GV 22 Boechout
7,Victor Heylenlei 41,2023-09-14,16:00:00,371,216,155,FMN GV 22 Boechout
7,Victor Heylenlei 41,2023-09-14,17:00:00,273,68,205,FMN GV 22 Boechout
7,Victor Heylenlei 41,2023-09-14,18:00:00,147,52,95,FMN GV 22 Boechout
7,Victor Heylenlei 41,2023-09-14,19:00:00,133,61,72,FMN GV 22 Boechout
7,Victor Heylenlei 41,2023-09-14,20:00:00,100,67,33,FMN GV 22 Boechout
7,Victor Heylenlei 41,2023-09-14,21:00:00,45,25,20,FMN GV 22 Boechout
7,Victor Heylenlei 41,2023-09-14,22:00:00,33,6,27,FMN GV 22 Boechout
7,Victor Heylenlei 41,2023-09-14,23:00:00,13,5,8,FMN GV 22 Boechout
7,Victor Heylenlei 41,2023-09-15,00:00:00,4,1,3,FMN GV 22 Boechout
7,Victor Heylenlei 41,2023-09-15,01:00:00,4,0,4,FMN GV 22 Boechout
7,Victor Heylenlei 41,2023-09-15,02:00:00,0,0,0,FMN GV 22 Boechout
7,Victor Heylenlei 41,2023-09-15,03:00:00,2,1,1,FMN GV 22 Boechout
7,Victor Heylenlei 41,2023-09-15,04:00:00,3,3,0,FMN GV 22 Boechout
7,Victor Heylenlei 41,2023-09-15,05:00:00,17,10,7,FMN GV 22 Boechout
7,Victor Heylenlei 41,2023-09-15,06:00:00,39,29,10,FMN GV 22 Boechout
7,Victor Heylenlei 41,2023-09-15,07:00:00,165,128,37,FMN GV 22 Boechout
7,Victor Heylenlei 41,2023-09-15,08:00:00,325,142,183,FMN GV 22 Boechout
7,Victor Heylenlei 41,2023-09-15,09:00:00,92,41,51,FMN GV 22 Boechout
7,Victor Heylenlei 41,2023-09-15,10:00:00,59,30,29,FMN GV 22 Boechout
7,Victor Heylenlei 41,2023-09-15,11:00:00,76,45,31,FMN GV 22 Boechout
7,Victor Heylenlei 41,2023-09-15,12:00:00,90,49,41,FMN GV 22 Boechout
7,Victor Heylenlei 41,2023-09-15,13:00:00,118,56,62,FMN GV 22 Boechout
7,Victor Heylenlei 41,2023-09-15,14:00:00,176,90,86,FMN GV 22 Boechout
7,Victor Heylenlei 41,2023-09-15,15:00:00,181,80,101,FMN GV 22 Boechout
7,Victor Heylenlei 41,2023-09-15,16:00:00,363,223,140,FMN GV 22 Boechout
7,Victor Heylenlei 41,2023-09-15,17:00:00,182,77,105,FMN GV 22 Boechout
7,Victor Heylenlei 41,2023-09-15,18:00:00,158,64,94,FMN GV 22 Boechout
7,Victor Heylenlei 41,2023-09-15,19:00:00,84,45,39,FMN GV 22 Boechout
7,Victor Heylenlei 41,2023-09-15,20:00:00,272,139,133,FMN GV 22 Boechout
7,Victor Heylenlei 41,2023-09-15,21:00:00,34,16,18,FMN GV 22 Boechout
7,Victor Heylenlei 41,2023-09-15,22:00:00,19,8,11,FMN GV 22 Boechout
7,Victor Heylenlei 41,2023-09-15,23:00:00,31,9,22,FMN GV 22 Boechout
7,Victor Heylenlei 41,2023-09-16,00:00:00,20,12,8,FMN GV 22 Boechout
7,Victor Heylenlei 41,2023-09-16,01:00:00,16,8,8,FMN GV 22 Boechout
7,Victor Heylenlei 41,2023-09-16,02:00:00,4,2,2,FMN GV 22 Boechout
7,Victor Heylenlei 41,2023-09-16,03:00:00,5,3,2,FMN GV 22 Boechout
7,Victor Heylenlei 41,2023-09-16,04:00:00,4,3,1,FMN GV 22 Boechout
7,Victor Heylenlei 41,2023-09-16,05:00:00,8,5,3,FMN GV 22 Boechout
7,Victor Heylenlei 41,2023-09-16,06:00:00,10,5,5,FMN GV 22 Boechout
7,Victor Heylenlei 41,2023-09-16,07:00:00,16,9,7,FMN GV 22 Boechout
7,Victor Heylenlei 41,2023-09-16,08:00:00,34,16,18,FMN GV 22 Boechout
7,Victor Heylenlei 41,2023-09-16,09:00:00,67,33,34,FMN GV 22 Boechout
7,Victor Heylenlei 41,2023-09-16,10:00:00,99,42,57,FMN GV 22 Boechout
7,Victor Heylenlei 41,2023-09-16,11:00:00,107,71,36,FMN GV 22 Boechout
7,Victor Heylenlei 41,2023-09-16,12:00:00,129,73,56,FMN GV 22 Boechout
7,Victor Heylenlei 41,2023-09-16,13:00:00,126,62,64,FMN GV 22 Boechout
7,Victor Heylenlei 41,2023-09-16,14:00:00,194,105,89,FMN GV 22 Boechout
7,Victor Heylenlei 41,2023-09-16,15:00:00,177,85,92,FMN GV 22 Boechout
7,Victor Heylenlei 41,2023-09-16,16:00:00,172,88,84,FMN GV 22 Boechout
7,Victor Heylenlei 41,2023-09-16,17:00:00,120,73,47,FMN GV 22 Boechout
7,Victor Heylenlei 41,2023-09-16,18:00:00,83,50,33,FMN GV 22 Boechout
7,Victor Heylenlei 41,2023-09-16,19:00:00,63,32,31,FMN GV 22 Boechout
7,Victor Heylenlei 41,2023-09-16,20:00:00,54,30,24,FMN GV 22 Boechout
7,Victor Heylenlei 41,2023-09-16,21:00:00,14,9,5,FMN GV 22 Boechout
7,Victor Heylenlei 41,2023-09-16,22:00:00,23,8,15,FMN GV 22 Boechout
7,Victor Heylenlei 41,2023-09-16,23:00:00,20,8,12,FMN GV 22 Boechout
7,Victor Heylenlei 41,2023-09-17,00:00:00,19,8,11,FMN GV 22 Boechout
7,Victor Heylenlei 41,2023-09-17,01:00:00,16,8,8,FMN GV 22 Boechout
7,Victor Heylenlei 41,2023-09-17,02:00:00,9,5,4,FMN GV 22 Boechout
7,Victor Heylenlei 41,2023-09-17,03:00:00,9,7,2,FMN GV 22 Boechout
7,Victor Heylenlei 41,2023-09-17,04:00:00,4,3,1,FMN GV 22 Boechout
7,Victor Heylenlei 41,2023-09-17,05:00:00,2,0,2,FMN GV 22 Boechout
7,Victor Heylenlei 41,2023-09-17,06:00:00,7,3,4,FMN GV 22 Boechout
7,Victor Heylenlei 41,2023-09-17,07:00:00,16,4,12,FMN GV 22 Boechout
7,Victor Heylenlei 41,2023-09-17,08:00:00,51,21,30,FMN GV 22 Boechout
7,Victor Heylenlei 41,2023-09-17,09:00:00,117,40,77,FMN GV 22 Boechout
7,Victor Heylenlei 41,2023-09-17,10:00:00,141,53,88,FMN GV 22 Boechout
7,Victor Heylenlei 41,2023-09-17,11:00:00,158,99,59,FMN GV 22 Boechout
7,Victor Heylenlei 41,2023-09-17,12:00:00,103,61,42,FMN GV 22 Boechout
7,Victor Heylenlei 41,2023-09-17,13:00:00,160,96,64,FMN GV 22 Boechout
7,Victor Heylenlei 41,2023-09-17,14:00:00,205,124,81,FMN GV 22 Boechout
7,Victor Heylenlei 41,2023-09-17,15:00:00,174,101,73,FMN GV 22 Boechout
7,Victor Heylenlei 41,2023-09-17,16:00:00,214,130,84,FMN GV 22 Boechout
7,Victor Heylenlei 41,2023-09-17,17:00:00,151,67,84,FMN GV 22 Boechout
7,Victor Heylenlei 41,2023-09-17,18:00:00,109,51,58,FMN GV 22 Boechout
7,Victor Heylenlei 41,2023-09-17,19:00:00,57,21,36,FMN GV 22 Boechout
7,Victor Heylenlei 41,2023-09-17,20:00:00,40,25,15,FMN GV 22 Boechout
7,Victor Heylenlei 41,2023-09-17,21:00:00,22,13,9,FMN GV 22 Boechout
7,Victor Heylenlei 41,2023-09-17,22:00:00,12,6,6,FMN GV 22 Boechout
7,Victor Heylenlei 41,2023-09-17,23:00:00,7,1,6,FMN GV 22 Boechout
7,Victor Heylenlei 41,2023-09-18,00:00:00,1,0,1,FMN GV 22 Boechout
7,Victor Heylenlei 41,2023-09-18,01:00:00,3,1,2,FMN GV 22 Boechout
7,Victor Heylenlei 41,2023-09-18,02:00:00,0,0,0,FMN GV 22 Boechout
7,Victor Heylenlei 41,2023-09-18,03:00:00,1,0,1,FMN GV 22 Boechout
7,Victor Heylenlei 41,2023-09-18,04:00:00,2,2,0,FMN GV 22 Boechout
7,Victor Heylenlei 41,2023-09-18,05:00:00,14,9,5,FMN GV 22 Boechout
7,Victor Heylenlei 41,2023-09-18,06:00:00,52,46,6,FMN GV 22 Boechout
7,Victor Heylenlei 41,2023-09-18,07:00:00,183,144,39,FMN GV 22 Boechout
7,Victor Heylenlei 41,2023-09-18,08:00:00,335,165,170,FMN GV 22 Boechout
7,Victor Heylenlei 41,2023-09-18,09:00:00,97,70,27,FMN GV 22 Boechout
7,Victor Heylenlei 41,2023-09-18,10:00:00,42,30,12,FMN GV 22 Boechout
7,Victor Heylenlei 41,2023-09-18,11:00:00,47,25,22,FMN GV 22 Boechout
7,Victor Heylenlei 41,2023-09-18,12:00:00,48,27,21,FMN GV 22 Boechout
7,Victor Heylenlei 41,2023-09-18,13:00:00,64,23,41,FMN GV 22 Boechout
7,Victor Heylenlei 41,2023-09-18,14:00:00,71,31,40,FMN GV 22 Boechout
7,Victor Heylenlei 41,2023-09-18,15:00:00,108,42,66,FMN GV 22 Boechout
7,Victor Heylenlei 41,2023-09-18,16:00:00,271,163,108,FMN GV 22 Boechout
7,Victor Heylenlei 41,2023-09-18,17:00:00,163,30,133,FMN GV 22 Boechout
7,Victor Heylenlei 41,2023-09-18,18:00:00,97,28,69,FMN GV 22 Boechout
7,Victor Heylenlei 41,2023-09-18,19:00:00,47,19,28,FMN GV 22 Boechout
7,Victor Heylenlei 41,2023-09-18,20:00:00,26,12,14,FMN GV 22 Boechout
7,Victor Heylenlei 41,2023-09-18,21:00:00,24,11,13,FMN GV 22 Boechout
7,Victor Heylenlei 41,2023-09-18,22:00:00,18,7,11,FMN GV 22 Boechout
7,Victor Heylenlei 41,2023-09-18,23:00:00,4,0,4,FMN GV 22 Boechout
7,Victor Heylenlei 41,2023-09-19,00:00:00,4,2,2,FMN GV 22 Boechout
7,Victor Heylenlei 41,2023-09-19,01:00:00,0,0,0,FMN GV 22 Boechout
7,Victor Heylenlei 41,2023-09-19,02:00:00,1,0,1,FMN GV 22 Boechout
7,Victor Heylenlei 41,2023-09-19,03:00:00,1,0,1,FMN GV 22 Boechout
7,Victor Heylenlei 41,2023-09-19,04:00:00,4,3,1,FMN GV 22 Boechout
7,Victor Heylenlei 41,2023-09-19,05:00:00,22,16,6,FMN GV 22 Boechout
7,Victor Heylenlei 41,2023-09-19,06:00:00,53,46,7,FMN GV 22 Boechout
7,Victor Heylenlei 41,2023-09-19,07:00:00,221,179,42,FMN GV 22 Boechout
7,Victor Heylenlei 41,2023-09-19,08:00:00,344,179,165,FMN GV 22 Boechout
7,Victor Heylenlei 41,2023-09-19,09:00:00,67,45,22,FMN GV 22 Boechout
7,Victor Heylenlei 41,2023-09-19,10:00:00,41,17,24,FMN GV 22 Boechout
7,Victor Heylenlei 41,2023-09-19,11:00:00,55,34,21,FMN GV 22 Boechout
7,Victor Heylenlei 41,2023-09-19,12:00:00,65,31,34,FMN GV 22 Boechout
7,Victor Heylenlei 41,2023-09-19,13:00:00,71,30,41,FMN GV 22 Boechout
7,Victor Heylenlei 41,2023-09-19,14:00:00,104,58,46,FMN GV 22 Boechout
7,Victor Heylenlei 41,2023-09-19,15:00:00,121,55,66,FMN GV 22 Boechout
7,Victor Heylenlei 41,2023-09-19,16:00:00,338,181,157,FMN GV 22 Boechout
7,Victor Heylenlei 41,2023-09-19,17:00:00,222,57,165,FMN GV 22 Boechout
7,Victor Heylenlei 41,2023-09-19,18:00:00,122,27,95,FMN GV 22 Boechout
7,Victor Heylenlei 41,2023-09-19,19:00:00,55,20,35,FMN GV 22 Boechout
7,Victor Heylenlei 41,2023-09-19,20:00:00,48,23,25,FMN GV 22 Boechout
7,Victor Heylenlei 41,2023-09-19,21:00:00,20,6,14,FMN GV 22 Boechout
7,Victor Heylenlei 41,2023-09-19,22:00:00,41,22,19,FMN GV 22 Boechout
7,Victor Heylenlei 41,2023-09-19,23:00:00,5,2,3,FMN GV 22 Boechout
7,Victor Heylenlei 41,2023-09-20,00:00:00,3,0,3,FMN GV 22 Boechout
7,Victor Heylenlei 41,2023-09-20,01:00:00,2,0,2,FMN GV 22 Boechout
7,Victor Heylenlei 41,2023-09-20,02:00:00,2,0,2,FMN GV 22 Boechout
7,Victor Heylenlei 41,2023-09-20,03:00:00,1,0,1,FMN GV 22 Boechout
7,Victor Heylenlei 41,2023-09-20,04:00:00,5,4,1,FMN GV 22 Boechout
7,Victor Heylenlei 41,2023-09-20,05:00:00,22,15,7,FMN GV 22 Boechout
7,Victor Heylenlei 41,2023-09-20,06:00:00,46,38,8,FMN GV 22 Boechout
7,Victor Heylenlei 41,2023-09-20,07:00:00,177,133,44,FMN GV 22 Boechout
7,Victor Heylenlei 41,2023-09-20,08:00:00,337,164,173,FMN GV 22 Boechout
7,Victor Heylenlei 41,2023-09-20,09:00:00,65,44,21,FMN GV 22 Boechout
7,Victor Heylenlei 41,2023-09-20,10:00:00,46,25,21,FMN GV 22 Boechout
7,Victor Heylenlei 41,2023-09-20,11:00:00,71,48,23,FMN GV 22 Boechout
7,Victor Heylenlei 41,2023-09-20,12:00:00,271,191,80,FMN GV 22 Boechout
7,Victor Heylenlei 41,2023-09-20,13:00:00,93,37,56,FMN GV 22 Boechout
7,Victor Heylenlei 41,2023-09-20,14:00:00,88,36,52,FMN GV 22 Boechout
7,Victor Heylenlei 41,2023-09-20,15:00:00,109,40,69,FMN GV 22 Boechout
7,Victor Heylenlei 41,2023-09-20,16:00:00,158,50,108,FMN GV 22 Boechout
7,Victor Heylenlei 41,2023-09-20,17:00:00,179,53,126,FMN GV 22 Boechout
7,Victor Heylenlei 41,2023-09-20,18:00:00,119,38,81,FMN GV 22 Boechout
7,Victor Heylenlei 41,2023-09-20,19:00:00,89,44,45,FMN GV 22 Boechout
7,Victor Heylenlei 41,2023-09-20,20:00:00,63,39,24,FMN GV 22 Boechout
7,Victor Heylenlei 41,2023-09-20,21:00:00,30,16,14,FMN GV 22 Boechout
7,Victor Heylenlei 41,2023-09-20,22:00:00,30,15,15,FMN GV 22 Boechout
7,Victor Heylenlei 41,2023-09-20,23:00:00,9,4,5,FMN GV 22 Boechout
7,Victor Heylenlei 41,2023-09-21,00:00:00,3,0,3,FMN GV 22 Boechout
7,Victor Heylenlei 41,2023-09-21,01:00:00,2,2,0,FMN GV 22 Boechout
7,Victor Heylenlei 41,2023-09-21,02:00:00,1,0,1,FMN GV 22 Boechout
7,Victor Heylenlei 41,2023-09-21,03:00:00,2,1,1,FMN GV 22 Boechout
7,Victor Heylenlei 41,2023-09-21,04:00:00,7,4,3,FMN GV 22 Boechout
7,Victor Heylenlei 41,2023-09-21,05:00:00,17,10,7,FMN GV 22 Boechout
7,Victor Heylenlei 41,2023-09-21,06:00:00,23,19,4,FMN GV 22 Boechout
7,Victor Heylenlei 41,2023-09-21,07:00:00,128,103,25,FMN GV 22 Boechout
7,Victor Heylenlei 41,2023-09-21,08:00:00,255,106,149,FMN GV 22 Boechout
7,Victor Heylenlei 41,2023-09-21,09:00:00,35,27,8,FMN GV 22 Boechout
7,Victor Heylenlei 41,2023-09-21,10:00:00,10,5,5,FMN GV 22 Boechout
7,Victor Heylenlei 41,2023-09-21,11:00:00,18,11,7,FMN GV 22 Boechout
7,Victor Heylenlei 41,2023-09-21,12:00:00,89,75,14,FMN GV 22 Boechout
7,Victor Heylenlei 41,2023-09-21,13:00:00,34,15,19,FMN GV 22 Boechout
7,Victor Heylenlei 41,2023-09-21,14:00:00,28,10,18,FMN GV 22 Boechout
7,Victor Heylenlei 41,2023-09-21,15:00:00,70,34,36,FMN GV 22 Boechout
7,Victor Heylenlei 41,2023-09-21,16:00:00,137,70,67,FMN GV 22 Boechout
7,Victor Heylenlei 41,2023-09-21,17:00:00,120,32,88,FMN GV 22 Boechout
7,Victor Heylenlei 41,2023-09-21,18:00:00,54,13,41,FMN GV 22 Boechout
7,Victor Heylenlei 41,2023-09-21,19:00:00,30,12,18,FMN GV 22 Boechout
7,Victor Heylenlei 41,2023-09-21,20:00:00,20,9,11,FMN GV 22 Boechout
7,Victor Heylenlei 41,2023-09-21,21:00:00,18,7,11,FMN GV 22 Boechout
7,Victor Heylenlei 41,2023-09-21,22:00:00,23,12,11,FMN GV 22 Boechout
7,Victor Heylenlei 41,2023-09-21,23:00:00,11,2,9,FMN GV 22 Boechout
7,Victor Heylenlei 41,2023-09-22,00:00:00,4,0,4,FMN GV 22 Boechout
7,Victor Heylenlei 41,2023-09-22,01:00:00,4,1,3,FMN GV 22 Boechout
7,Victor Heylenlei 41,2023-09-22,02:00:00,1,1,0,FMN GV 22 Boechout
7,Victor Heylenlei 41,2023-09-22,03:00:00,3,1,2,FMN GV 22 Boechout
7,Victor Heylenlei 41,2023-09-22,04:00:00,3,1,2,FMN GV 22 Boechout
7,Victor Heylenlei 41,2023-09-22,05:00:00,13,8,5,FMN GV 22 Boechout
7,Victor Heylenlei 41,2023-09-22,06:00:00,34,28,6,FMN GV 22 Boechout
7,Victor Heylenlei 41,2023-09-22,07:00:00,133,104,29,FMN GV 22 Boechout
7,Victor Heylenlei 41,2023-09-22,08:00:00,290,123,167,FMN GV 22 Boechout
7,Victor Heylenlei 41,2023-09-22,09:00:00,62,36,26,FMN GV 22 Boechout
7,Victor Heylenlei 41,2023-09-22,10:00:00,54,26,28,FMN GV 22 Boechout
7,Victor Heylenlei 41,2023-09-22,11:00:00,59,27,32,FMN GV 22 Boechout
7,Victor Heylenlei 41,2023-09-22,12:00:00,56,32,24,FMN GV 22 Boechout
7,Victor Heylenlei 41,2023-09-22,13:00:00,57,32,25,FMN GV 22 Boechout
7,Victor Heylenlei 41,2023-09-22,14:00:00,65,28,37,FMN GV 22 Boechout
7,Victor Heylenlei 41,2023-09-22,15:00:00,80,38,42,FMN GV 22 Boechout
7,Victor Heylenlei 41,2023-09-22,16:00:00,243,155,88,FMN GV 22 Boechout
7,Victor Heylenlei 41,2023-09-22,17:00:00,111,37,74,FMN GV 22 Boechout
7,Victor Heylenlei 41,2023-09-22,18:00:00,66,25,41,FMN GV 22 Boechout
7,Victor Heylenlei 41,2023-09-22,19:00:00,25,10,15,FMN GV 22 Boechout
7,Victor Heylenlei 41,2023-09-22,20:00:00,13,3,10,FMN GV 22 Boechout
7,Victor Heylenlei 41,2023-09-22,21:00:00,18,11,7,FMN GV 22 Boechout
7,Victor Heylenlei 41,2023-09-22,22:00:00,22,8,14,FMN GV 22 Boechout
7,Victor Heylenlei 41,2023-09-22,23:00:00,14,2,12,FMN GV 22 Boechout
7,Victor Heylenlei 41,2023-09-23,00:00:00,9,3,6,FMN GV 22 Boechout
7,Victor Heylenlei 41,2023-09-23,01:00:00,5,4,1,FMN GV 22 Boechout
7,Victor Heylenlei 41,2023-09-23,02:00:00,9,6,3,FMN GV 22 Boechout
7,Victor Heylenlei 41,2023-09-23,03:00:00,3,1,2,FMN GV 22 Boechout
7,Victor Heylenlei 41,2023-09-23,04:00:00,2,1,1,FMN GV 22 Boechout
7,Victor Heylenlei 41,2023-09-23,05:00:00,3,0,3,FMN GV 22 Boechout
7,Victor Heylenlei 41,2023-09-23,06:00:00,8,4,4,FMN GV 22 Boechout
7,Victor Heylenlei 41,2023-09-23,07:00:00,16,6,10,FMN GV 22 Boechout
7,Victor Heylenlei 41,2023-09-23,08:00:00,26,14,12,FMN GV 22 Boechout
7,Victor Heylenlei 41,2023-09-23,09:00:00,66,26,40,FMN GV 22 Boechout
7,Victor Heylenlei 41,2023-09-23,10:00:00,86,54,32,FMN GV 22 Boechout
7,Victor Heylenlei 41,2023-09-23,11:00:00,90,51,39,FMN GV 22 Boechout
7,Victor Heylenlei 41,2023-09-23,12:00:00,109,74,35,FMN GV 22 Boechout
7,Victor Heylenlei 41,2023-09-23,13:00:00,93,47,46,FMN GV 22 Boechout
7,Victor Heylenlei 41,2023-09-23,14:00:00,93,46,47,FMN GV 22 Boechout
7,Victor Heylenlei 41,2023-09-23,15:00:00,75,42,33,FMN GV 22 Boechout
7,Victor Heylenlei 41,2023-09-23,16:00:00,60,25,35,FMN GV 22 Boechout
7,Victor Heylenlei 41,2023-09-23,17:00:00,74,37,37,FMN GV 22 Boechout
7,Victor Heylenlei 41,2023-09-23,18:00:00,55,29,26,FMN GV 22 Boechout
7,Victor Heylenlei 41,2023-09-23,19:00:00,53,25,28,FMN GV 22 Boechout
7,Victor Heylenlei 41,2023-09-23,20:00:00,34,21,13,FMN GV 22 Boechout
7,Victor Heylenlei 41,2023-09-23,21:00:00,29,20,9,FMN GV 22 Boechout
7,Victor Heylenlei 41,2023-09-23,22:00:00,17,6,11,FMN GV 22 Boechout
7,Victor Heylenlei 41,2023-09-23,23:00:00,17,6,11,FMN GV 22 Boechout
7,Victor Heylenlei 41,2023-09-24,00:00:00,15,3,12,FMN GV 22 Boechout
7,Victor Heylenlei 41,2023-09-24,01:00:00,12,10,2,FMN GV 22 Boechout
7,Victor Heylenlei 41,2023-09-24,02:00:00,9,5,4,FMN GV 22 Boechout
7,Victor Heylenlei 41,2023-09-24,03:00:00,4,4,0,FMN GV 22 Boechout
7,Victor Heylenlei 41,2023-09-24,04:00:00,2,0,2,FMN GV 22 Boechout
7,Victor Heylenlei 41,2023-09-24,05:00:00,0,0,0,FMN GV 22 Boechout
7,Victor Heylenlei 41,2023-09-24,06:00:00,7,4,3,FMN GV 22 Boechout
7,Victor Heylenlei 41,2023-09-24,07:00:00,16,5,11,FMN GV 22 Boechout
7,Victor Heylenlei 41,2023-09-24,08:00:00,33,16,17,FMN GV 22 Boechout
7,Victor Heylenlei 41,2023-09-24,09:00:00,121,39,82,FMN GV 22 Boechout
7,Victor Heylenlei 41,2023-09-24,10:00:00,142,69,73,FMN GV 22 Boechout
7,Victor Heylenlei 41,2023-09-24,11:00:00,191,114,77,FMN GV 22 Boechout
7,Victor Heylenlei 41,2023-09-24,12:00:00,179,96,83,FMN GV 22 Boechout
7,Victor Heylenlei 41,2023-09-24,13:00:00,238,109,129,FMN GV 22 Boechout
7,Victor Heylenlei 41,2023-09-24,14:00:00,265,144,121,FMN GV 22 Boechout
7,Victor Heylenlei 41,2023-09-24,15:00:00,245,110,135,FMN GV 22 Boechout
7,Victor Heylenlei 41,2023-09-24,16:00:00,189,100,89,FMN GV 22 Boechout
7,Victor Heylenlei 41,2023-09-24,17:00:00,185,124,61,FMN GV 22 Boechout
7,Victor Heylenlei 41,2023-09-24,18:00:00,87,48,39,FMN GV 22 Boechout
7,Victor Heylenlei 41,2023-09-24,19:00:00,74,41,33,FMN GV 22 Boechout
7,Victor Heylenlei 41,2023-09-24,20:00:00,32,20,12,FMN GV 22 Boechout
7,Victor Heylenlei 41,2023-09-24,21:00:00,22,8,14,FMN GV 22 Boechout
7,Victor Heylenlei 41,2023-09-24,22:00:00,17,2,15,FMN GV 22 Boechout
7,Victor Heylenlei 41,2023-09-24,23:00:00,4,1,3,FMN GV 22 Boechout
7,Victor Heylenlei 41,2023-09-25,00:00:00,3,2,1,FMN GV 22 Boechout
7,Victor Heylenlei 41,2023-09-25,01:00:00,2,2,0,FMN GV 22 Boechout
7,Victor Heylenlei 41,2023-09-25,02:00:00,3,1,2,FMN GV 22 Boechout
7,Victor Heylenlei 41,2023-09-25,03:00:00,3,2,1,FMN GV 22 Boechout
7,Victor Heylenlei 41,2023-09-25,04:00:00,2,1,1,FMN GV 22 Boechout
7,Victor Heylenlei 41,2023-09-25,05:00:00,14,9,5,FMN GV 22 Boechout
7,Victor Heylenlei 41,2023-09-25,06:00:00,57,43,14,FMN GV 22 Boechout
7,Victor Heylenlei 41,2023-09-25,07:00:00,200,158,42,FMN GV 22 Boechout
7,Victor Heylenlei 41,2023-09-25,08:00:00,377,176,201,FMN GV 22 Boechout
7,Victor Heylenlei 41,2023-09-25,09:00:00,108,70,38,FMN GV 22 Boechout
7,Victor Heylenlei 41,2023-09-25,10:00:00,87,40,47,FMN GV 22 Boechout
7,Victor Heylenlei 41,2023-09-25,11:00:00,62,39,23,FMN GV 22 Boechout
7,Victor Heylenlei 41,2023-09-25,12:00:00,87,40,47,FMN GV 22 Boechout
7,Victor Heylenlei 41,2023-09-25,13:00:00,136,61,75,FMN GV 22 Boechout
7,Victor Heylenlei 41,2023-09-25,14:00:00,134,66,68,FMN GV 22 Boechout
7,Victor Heylenlei 41,2023-09-25,15:00:00,146,55,91,FMN GV 22 Boechout
7,Victor Heylenlei 41,2023-09-25,16:00:00,344,199,145,FMN GV 22 Boechout
7,Victor Heylenlei 41,2023-09-25,17:00:00,262,77,185,FMN GV 22 Boechout
7,Victor Heylenlei 41,2023-09-25,18:00:00,131,45,86,FMN GV 22 Boechout
7,Victor Heylenlei 41,2023-09-25,19:00:00,79,38,41,FMN GV 22 Boechout
7,Victor Heylenlei 41,2023-09-25,20:00:00,59,20,39,FMN GV 22 Boechout
7,Victor Heylenlei 41,2023-09-25,21:00:00,24,6,18,FMN GV 22 Boechout
7,Victor Heylenlei 41,2023-09-25,22:00:00,34,15,19,FMN GV 22 Boechout
7,Victor Heylenlei 41,2023-09-25,23:00:00,8,5,3,FMN GV 22 Boechout
7,Victor Heylenlei 41,2023-09-26,00:00:00,5,2,3,FMN GV 22 Boechout
7,Victor Heylenlei 41,2023-09-26,01:00:00,0,0,0,FMN GV 22 Boechout
7,Victor Heylenlei 41,2023-09-26,02:00:00,0,0,0,FMN GV 22 Boechout
7,Victor Heylenlei 41,2023-09-26,03:00:00,2,1,1,FMN GV 22 Boechout
7,Victor Heylenlei 41,2023-09-26,04:00:00,4,3,1,FMN GV 22 Boechout
7,Victor Heylenlei 41,2023-09-26,05:00:00,20,14,6,FMN GV 22 Boechout
7,Victor Heylenlei 41,2023-09-26,06:00:00,60,50,10,FMN GV 22 Boechout
7,Victor Heylenlei 41,2023-09-26,07:00:00,246,194,52,FMN GV 22 Boechout
7,Victor Heylenlei 41,2023-09-26,08:00:00,409,219,190,FMN GV 22 Boechout
7,Victor Heylenlei 41,2023-09-26,09:00:00,74,51,23,FMN GV 22 Boechout
7,Victor Heylenlei 41,2023-09-26,10:00:00,56,35,21,FMN GV 22 Boechout
7,Victor Heylenlei 41,2023-09-26,11:00:00,64,28,36,FMN GV 22 Boechout
7,Victor Heylenlei 41,2023-09-26,12:00:00,73,31,42,FMN GV 22 Boechout
7,Victor Heylenlei 41,2023-09-26,13:00:00,99,52,47,FMN GV 22 Boechout
7,Victor Heylenlei 41,2023-09-26,14:00:00,129,54,75,FMN GV 22 Boechout
7,Victor Heylenlei 41,2023-09-26,15:00:00,178,84,94,FMN GV 22 Boechout
7,Victor Heylenlei 41,2023-09-26,16:00:00,412,201,211,FMN GV 22 Boechout
7,Victor Heylenlei 41,2023-09-26,17:00:00,306,107,199,FMN GV 22 Boechout
7,Victor Heylenlei 41,2023-09-26,18:00:00,197,70,127,FMN GV 22 Boechout
7,Victor Heylenlei 41,2023-09-26,19:00:00,87,51,36,FMN GV 22 Boechout
7,Victor Heylenlei 41,2023-09-26,20:00:00,51,39,12,FMN GV 22 Boechout
7,Victor Heylenlei 41,2023-09-26,21:00:00,38,12,26,FMN GV 22 Boechout
7,Victor Heylenlei 41,2023-09-26,22:00:00,35,12,23,FMN GV 22 Boechout
7,Victor Heylenlei 41,2023-09-26,23:00:00,15,3,12,FMN GV 22 Boechout
7,Victor Heylenlei 41,2023-09-27,00:00:00,6,2,4,FMN GV 22 Boechout
7,Victor Heylenlei 41,2023-09-27,01:00:00,0,0,0,FMN GV 22 Boechout
7,Victor Heylenlei 41,2023-09-27,02:00:00,1,1,0,FMN GV 22 Boechout
7,Victor Heylenlei 41,2023-09-27,03:00:00,4,1,3,FMN GV 22 Boechout
7,Victor Heylenlei 41,2023-09-27,04:00:00,0,0,0,FMN GV 22 Boechout
7,Victor Heylenlei 41,2023-09-27,05:00:00,0,0,0,FMN GV 22 Boechout
7,Victor Heylenlei 41,2023-09-27,06:00:00,0,0,0,FMN GV 22 Boechout
7,Victor Heylenlei 41,2023-09-27,07:00:00,0,0,0,FMN GV 22 Boechout
7,Victor Heylenlei 41,2023-09-27,08:00:00,0,0,0,FMN GV 22 Boechout
7,Victor Heylenlei 41,2023-09-27,09:00:00,0,0,0,FMN GV 22 Boechout
7,Victor Heylenlei 41,2023-09-27,10:00:00,0,0,0,FMN GV 22 Boechout
7,Victor Heylenlei 41,2023-09-27,11:00:00,0,0,0,FMN GV 22 Boechout
7,Victor Heylenlei 41,2023-09-27,12:00:00,0,0,0,FMN GV 22 Boechout
7,Victor Heylenlei 41,2023-09-27,13:00:00,0,0,0,FMN GV 22 Boechout
7,Victor Heylenlei 41,2023-09-27,14:00:00,0,0,0,FMN GV 22 Boechout
7,Victor Heylenlei 41,2023-09-27,15:00:00,0,0,0,FMN GV 22 Boechout
7,Victor Heylenlei 41,2023-09-27,16:00:00,0,0,0,FMN GV 22 Boechout
7,Victor Heylenlei 41,2023-09-27,17:00:00,0,0,0,FMN GV 22 Boechout
7,Victor Heylenlei 41,2023-09-27,18:00:00,0,0,0,FMN GV 22 Boechout
7,Victor Heylenlei 41,2023-09-27,19:00:00,0,0,0,FMN GV 22 Boechout
7,Victor Heylenlei 41,2023-09-27,20:00:00,0,0,0,FMN GV 22 Boechout
7,Victor Heylenlei 41,2023-09-27,21:00:00,0,0,0,FMN GV 22 Boechout
7,Victor Heylenlei 41,2023-09-27,22:00:00,0,0,0,FMN GV 22 Boechout
7,Victor Heylenlei 41,2023-09-27,23:00:00,0,0,0,FMN GV 22 Boechout
