Meetpunt surrogate key,Meetpunt locatie,Datum,Tijd,Aantal fietsers,Aantal fietsers van,Aantal fietsers naar,Meetpunt code
664,Stenenbrug 70,2022-11-10,00:00:00,28,13,15,FMN 17 Stenenbrug
664,Stenenbrug 70,2022-11-10,01:00:00,6,3,3,FMN 17 Stenenbrug
664,Stenenbrug 70,2022-11-10,02:00:00,9,2,7,FMN 17 Stenenbrug
664,Stenenbrug 70,2022-11-10,03:00:00,10,7,3,FMN 17 Stenenbrug
664,Stenenbrug 70,2022-11-10,04:00:00,29,24,5,FMN 17 Stenenbrug
664,Stenenbrug 70,2022-11-10,05:00:00,58,45,13,FMN 17 Stenenbrug
664,Stenenbrug 70,2022-11-10,06:00:00,91,71,20,FMN 17 Stenenbrug
664,Stenenbrug 70,2022-11-10,07:00:00,325,246,79,FMN 17 Stenenbrug
664,Stenenbrug 70,2022-11-10,08:00:00,530,382,148,FMN 17 Stenenbrug
664,Stenenbrug 70,2022-11-10,09:00:00,193,148,45,FMN 17 Stenenbrug
664,Stenenbrug 70,2022-11-10,10:00:00,132,103,29,FMN 17 Stenenbrug
664,Stenenbrug 70,2022-11-10,11:00:00,139,99,40,FMN 17 Stenenbrug
664,Stenenbrug 70,2022-11-10,12:00:00,232,159,73,FMN 17 Stenenbrug
664,Stenenbrug 70,2022-11-10,13:00:00,181,125,56,FMN 17 Stenenbrug
664,Stenenbrug 70,2022-11-10,14:00:00,168,119,49,FMN 17 Stenenbrug
664,Stenenbrug 70,2022-11-10,15:00:00,324,216,108,FMN 17 Stenenbrug
664,Stenenbrug 70,2022-11-10,16:00:00,509,334,175,FMN 17 Stenenbrug
664,Stenenbrug 70,2022-11-10,17:00:00,463,286,177,FMN 17 Stenenbrug
664,Stenenbrug 70,2022-11-10,18:00:00,341,234,107,FMN 17 Stenenbrug
664,Stenenbrug 70,2022-11-10,19:00:00,264,198,66,FMN 17 Stenenbrug
664,Stenenbrug 70,2022-11-10,20:00:00,190,152,38,FMN 17 Stenenbrug
664,Stenenbrug 70,2022-11-10,21:00:00,116,77,39,FMN 17 Stenenbrug
664,Stenenbrug 70,2022-11-10,22:00:00,83,55,28,FMN 17 Stenenbrug
664,Stenenbrug 70,2022-11-10,23:00:00,67,31,36,FMN 17 Stenenbrug
664,Stenenbrug 70,2022-11-11,00:00:00,53,33,20,FMN 17 Stenenbrug
664,Stenenbrug 70,2022-11-11,01:00:00,40,28,12,FMN 17 Stenenbrug
664,Stenenbrug 70,2022-11-11,02:00:00,19,12,7,FMN 17 Stenenbrug
664,Stenenbrug 70,2022-11-11,03:00:00,21,17,4,FMN 17 Stenenbrug
664,Stenenbrug 70,2022-11-11,04:00:00,20,14,6,FMN 17 Stenenbrug
664,Stenenbrug 70,2022-11-11,05:00:00,20,12,8,FMN 17 Stenenbrug
664,Stenenbrug 70,2022-11-11,06:00:00,30,16,14,FMN 17 Stenenbrug
664,Stenenbrug 70,2022-11-11,07:00:00,32,25,7,FMN 17 Stenenbrug
664,Stenenbrug 70,2022-11-11,08:00:00,44,34,10,FMN 17 Stenenbrug
664,Stenenbrug 70,2022-11-11,09:00:00,79,59,20,FMN 17 Stenenbrug
664,Stenenbrug 70,2022-11-11,10:00:00,97,70,27,FMN 17 Stenenbrug
664,Stenenbrug 70,2022-11-11,11:00:00,125,93,32,FMN 17 Stenenbrug
664,Stenenbrug 70,2022-11-11,12:00:00,153,118,35,FMN 17 Stenenbrug
664,Stenenbrug 70,2022-11-11,13:00:00,171,137,34,FMN 17 Stenenbrug
664,Stenenbrug 70,2022-11-11,14:00:00,171,122,49,FMN 17 Stenenbrug
664,Stenenbrug 70,2022-11-11,15:00:00,181,126,55,FMN 17 Stenenbrug
664,Stenenbrug 70,2022-11-11,16:00:00,179,118,61,FMN 17 Stenenbrug
664,Stenenbrug 70,2022-11-11,17:00:00,227,164,63,FMN 17 Stenenbrug
664,Stenenbrug 70,2022-11-11,18:00:00,159,128,31,FMN 17 Stenenbrug
664,Stenenbrug 70,2022-11-11,19:00:00,165,123,42,FMN 17 Stenenbrug
664,Stenenbrug 70,2022-11-11,20:00:00,111,84,27,FMN 17 Stenenbrug
664,Stenenbrug 70,2022-11-11,21:00:00,91,62,29,FMN 17 Stenenbrug
664,Stenenbrug 70,2022-11-11,22:00:00,77,58,19,FMN 17 Stenenbrug
664,Stenenbrug 70,2022-11-11,23:00:00,37,24,13,FMN 17 Stenenbrug
664,Stenenbrug 70,2022-11-12,00:00:00,36,26,10,FMN 17 Stenenbrug
664,Stenenbrug 70,2022-11-12,01:00:00,15,8,7,FMN 17 Stenenbrug
664,Stenenbrug 70,2022-11-12,02:00:00,6,3,3,FMN 17 Stenenbrug
664,Stenenbrug 70,2022-11-12,03:00:00,8,5,3,FMN 17 Stenenbrug
664,Stenenbrug 70,2022-11-12,04:00:00,9,5,4,FMN 17 Stenenbrug
664,Stenenbrug 70,2022-11-12,05:00:00,23,19,4,FMN 17 Stenenbrug
664,Stenenbrug 70,2022-11-12,06:00:00,19,9,10,FMN 17 Stenenbrug
664,Stenenbrug 70,2022-11-12,07:00:00,33,26,7,FMN 17 Stenenbrug
664,Stenenbrug 70,2022-11-12,08:00:00,52,32,20,FMN 17 Stenenbrug
664,Stenenbrug 70,2022-11-12,09:00:00,123,79,44,FMN 17 Stenenbrug
664,Stenenbrug 70,2022-11-12,10:00:00,180,125,55,FMN 17 Stenenbrug
664,Stenenbrug 70,2022-11-12,11:00:00,199,152,47,FMN 17 Stenenbrug
664,Stenenbrug 70,2022-11-12,12:00:00,231,165,66,FMN 17 Stenenbrug
664,Stenenbrug 70,2022-11-12,13:00:00,243,183,60,FMN 17 Stenenbrug
664,Stenenbrug 70,2022-11-12,14:00:00,222,162,60,FMN 17 Stenenbrug
664,Stenenbrug 70,2022-11-12,15:00:00,208,154,54,FMN 17 Stenenbrug
664,Stenenbrug 70,2022-11-12,16:00:00,246,177,69,FMN 17 Stenenbrug
664,Stenenbrug 70,2022-11-12,17:00:00,256,194,62,FMN 17 Stenenbrug
664,Stenenbrug 70,2022-11-12,18:00:00,182,139,43,FMN 17 Stenenbrug
664,Stenenbrug 70,2022-11-12,19:00:00,207,166,41,FMN 17 Stenenbrug
664,Stenenbrug 70,2022-11-12,20:00:00,116,83,33,FMN 17 Stenenbrug
664,Stenenbrug 70,2022-11-12,21:00:00,94,70,24,FMN 17 Stenenbrug
664,Stenenbrug 70,2022-11-12,22:00:00,69,51,18,FMN 17 Stenenbrug
664,Stenenbrug 70,2022-11-12,23:00:00,93,53,40,FMN 17 Stenenbrug
664,Stenenbrug 70,2022-11-13,00:00:00,58,29,29,FMN 17 Stenenbrug
664,Stenenbrug 70,2022-11-13,01:00:00,29,18,11,FMN 17 Stenenbrug
664,Stenenbrug 70,2022-11-13,02:00:00,13,4,9,FMN 17 Stenenbrug
664,Stenenbrug 70,2022-11-13,03:00:00,15,5,10,FMN 17 Stenenbrug
664,Stenenbrug 70,2022-11-13,04:00:00,11,5,6,FMN 17 Stenenbrug
664,Stenenbrug 70,2022-11-13,05:00:00,13,11,2,FMN 17 Stenenbrug
664,Stenenbrug 70,2022-11-13,06:00:00,17,10,7,FMN 17 Stenenbrug
664,Stenenbrug 70,2022-11-13,07:00:00,13,10,3,FMN 17 Stenenbrug
664,Stenenbrug 70,2022-11-13,08:00:00,50,32,18,FMN 17 Stenenbrug
664,Stenenbrug 70,2022-11-13,09:00:00,92,61,31,FMN 17 Stenenbrug
664,Stenenbrug 70,2022-11-13,10:00:00,115,88,27,FMN 17 Stenenbrug
664,Stenenbrug 70,2022-11-13,11:00:00,150,85,65,FMN 17 Stenenbrug
664,Stenenbrug 70,2022-11-13,12:00:00,198,150,48,FMN 17 Stenenbrug
664,Stenenbrug 70,2022-11-13,13:00:00,172,134,38,FMN 17 Stenenbrug
664,Stenenbrug 70,2022-11-13,14:00:00,186,124,62,FMN 17 Stenenbrug
664,Stenenbrug 70,2022-11-13,15:00:00,171,116,55,FMN 17 Stenenbrug
664,Stenenbrug 70,2022-11-13,16:00:00,194,142,52,FMN 17 Stenenbrug
664,Stenenbrug 70,2022-11-13,17:00:00,170,111,59,FMN 17 Stenenbrug
664,Stenenbrug 70,2022-11-13,18:00:00,137,106,31,FMN 17 Stenenbrug
664,Stenenbrug 70,2022-11-13,19:00:00,96,69,27,FMN 17 Stenenbrug
664,Stenenbrug 70,2022-11-13,20:00:00,91,63,28,FMN 17 Stenenbrug
664,Stenenbrug 70,2022-11-13,21:00:00,54,43,11,FMN 17 Stenenbrug
664,Stenenbrug 70,2022-11-13,22:00:00,32,19,13,FMN 17 Stenenbrug
664,Stenenbrug 70,2022-11-13,23:00:00,22,12,10,FMN 17 Stenenbrug
664,Stenenbrug 70,2022-11-14,00:00:00,10,6,4,FMN 17 Stenenbrug
664,Stenenbrug 70,2022-11-14,01:00:00,2,0,2,FMN 17 Stenenbrug
664,Stenenbrug 70,2022-11-14,02:00:00,4,3,1,FMN 17 Stenenbrug
664,Stenenbrug 70,2022-11-14,03:00:00,6,4,2,FMN 17 Stenenbrug
664,Stenenbrug 70,2022-11-14,04:00:00,20,12,8,FMN 17 Stenenbrug
664,Stenenbrug 70,2022-11-14,05:00:00,39,31,8,FMN 17 Stenenbrug
664,Stenenbrug 70,2022-11-14,06:00:00,64,45,19,FMN 17 Stenenbrug
664,Stenenbrug 70,2022-11-14,07:00:00,163,133,30,FMN 17 Stenenbrug
664,Stenenbrug 70,2022-11-14,08:00:00,266,204,62,FMN 17 Stenenbrug
664,Stenenbrug 70,2022-11-14,09:00:00,156,123,33,FMN 17 Stenenbrug
664,Stenenbrug 70,2022-11-14,10:00:00,119,91,28,FMN 17 Stenenbrug
664,Stenenbrug 70,2022-11-14,11:00:00,99,78,21,FMN 17 Stenenbrug
664,Stenenbrug 70,2022-11-14,12:00:00,185,142,43,FMN 17 Stenenbrug
664,Stenenbrug 70,2022-11-14,13:00:00,188,113,75,FMN 17 Stenenbrug
664,Stenenbrug 70,2022-11-14,14:00:00,190,134,56,FMN 17 Stenenbrug
664,Stenenbrug 70,2022-11-14,15:00:00,242,146,96,FMN 17 Stenenbrug
664,Stenenbrug 70,2022-11-14,16:00:00,390,248,142,FMN 17 Stenenbrug
664,Stenenbrug 70,2022-11-14,17:00:00,322,201,121,FMN 17 Stenenbrug
664,Stenenbrug 70,2022-11-14,18:00:00,230,142,88,FMN 17 Stenenbrug
664,Stenenbrug 70,2022-11-14,19:00:00,160,112,48,FMN 17 Stenenbrug
664,Stenenbrug 70,2022-11-14,20:00:00,117,90,27,FMN 17 Stenenbrug
664,Stenenbrug 70,2022-11-14,21:00:00,79,61,18,FMN 17 Stenenbrug
664,Stenenbrug 70,2022-11-14,22:00:00,73,54,19,FMN 17 Stenenbrug
664,Stenenbrug 70,2022-11-14,23:00:00,32,12,20,FMN 17 Stenenbrug
664,Stenenbrug 70,2022-11-15,00:00:00,14,11,3,FMN 17 Stenenbrug
664,Stenenbrug 70,2022-11-15,01:00:00,7,4,3,FMN 17 Stenenbrug
664,Stenenbrug 70,2022-11-15,02:00:00,3,1,2,FMN 17 Stenenbrug
664,Stenenbrug 70,2022-11-15,03:00:00,6,3,3,FMN 17 Stenenbrug
664,Stenenbrug 70,2022-11-15,04:00:00,18,16,2,FMN 17 Stenenbrug
664,Stenenbrug 70,2022-11-15,05:00:00,62,47,15,FMN 17 Stenenbrug
664,Stenenbrug 70,2022-11-15,06:00:00,122,91,31,FMN 17 Stenenbrug
664,Stenenbrug 70,2022-11-15,07:00:00,339,253,86,FMN 17 Stenenbrug
664,Stenenbrug 70,2022-11-15,08:00:00,503,358,145,FMN 17 Stenenbrug
664,Stenenbrug 70,2022-11-15,09:00:00,190,141,49,FMN 17 Stenenbrug
664,Stenenbrug 70,2022-11-15,10:00:00,141,112,29,FMN 17 Stenenbrug
664,Stenenbrug 70,2022-11-15,11:00:00,121,93,28,FMN 17 Stenenbrug
664,Stenenbrug 70,2022-11-15,12:00:00,197,150,47,FMN 17 Stenenbrug
664,Stenenbrug 70,2022-11-15,13:00:00,182,127,55,FMN 17 Stenenbrug
664,Stenenbrug 70,2022-11-15,14:00:00,150,99,51,FMN 17 Stenenbrug
664,Stenenbrug 70,2022-11-15,15:00:00,287,162,125,FMN 17 Stenenbrug
664,Stenenbrug 70,2022-11-15,16:00:00,456,297,159,FMN 17 Stenenbrug
664,Stenenbrug 70,2022-11-15,17:00:00,332,201,131,FMN 17 Stenenbrug
664,Stenenbrug 70,2022-11-15,18:00:00,274,150,124,FMN 17 Stenenbrug
664,Stenenbrug 70,2022-11-15,19:00:00,174,127,47,FMN 17 Stenenbrug
664,Stenenbrug 70,2022-11-15,20:00:00,128,93,35,FMN 17 Stenenbrug
664,Stenenbrug 70,2022-11-15,21:00:00,106,73,33,FMN 17 Stenenbrug
664,Stenenbrug 70,2022-11-15,22:00:00,94,62,32,FMN 17 Stenenbrug
664,Stenenbrug 70,2022-11-15,23:00:00,44,24,20,FMN 17 Stenenbrug
664,Stenenbrug 70,2022-11-16,00:00:00,11,8,3,FMN 17 Stenenbrug
664,Stenenbrug 70,2022-11-16,01:00:00,8,7,1,FMN 17 Stenenbrug
664,Stenenbrug 70,2022-11-16,02:00:00,8,3,5,FMN 17 Stenenbrug
664,Stenenbrug 70,2022-11-16,03:00:00,6,4,2,FMN 17 Stenenbrug
664,Stenenbrug 70,2022-11-16,04:00:00,21,19,2,FMN 17 Stenenbrug
664,Stenenbrug 70,2022-11-16,05:00:00,68,49,19,FMN 17 Stenenbrug
664,Stenenbrug 70,2022-11-16,06:00:00,113,88,25,FMN 17 Stenenbrug
664,Stenenbrug 70,2022-11-16,07:00:00,328,259,69,FMN 17 Stenenbrug
664,Stenenbrug 70,2022-11-16,08:00:00,497,350,147,FMN 17 Stenenbrug
664,Stenenbrug 70,2022-11-16,09:00:00,167,143,24,FMN 17 Stenenbrug
664,Stenenbrug 70,2022-11-16,10:00:00,144,103,41,FMN 17 Stenenbrug
664,Stenenbrug 70,2022-11-16,11:00:00,144,108,36,FMN 17 Stenenbrug
664,Stenenbrug 70,2022-11-16,12:00:00,389,296,93,FMN 17 Stenenbrug
664,Stenenbrug 70,2022-11-16,13:00:00,270,181,89,FMN 17 Stenenbrug
664,Stenenbrug 70,2022-11-16,14:00:00,188,118,70,FMN 17 Stenenbrug
664,Stenenbrug 70,2022-11-16,15:00:00,222,148,74,FMN 17 Stenenbrug
664,Stenenbrug 70,2022-11-16,16:00:00,349,210,139,FMN 17 Stenenbrug
664,Stenenbrug 70,2022-11-16,17:00:00,344,219,125,FMN 17 Stenenbrug
664,Stenenbrug 70,2022-11-16,18:00:00,259,171,88,FMN 17 Stenenbrug
664,Stenenbrug 70,2022-11-16,19:00:00,191,123,68,FMN 17 Stenenbrug
664,Stenenbrug 70,2022-11-16,20:00:00,134,91,43,FMN 17 Stenenbrug
664,Stenenbrug 70,2022-11-16,21:00:00,79,57,22,FMN 17 Stenenbrug
664,Stenenbrug 70,2022-11-16,22:00:00,100,72,28,FMN 17 Stenenbrug
664,Stenenbrug 70,2022-11-16,23:00:00,36,21,15,FMN 17 Stenenbrug
664,Stenenbrug 70,2022-11-17,00:00:00,11,3,8,FMN 17 Stenenbrug
664,Stenenbrug 70,2022-11-17,01:00:00,7,2,5,FMN 17 Stenenbrug
664,Stenenbrug 70,2022-11-17,02:00:00,4,2,2,FMN 17 Stenenbrug
664,Stenenbrug 70,2022-11-17,03:00:00,5,4,1,FMN 17 Stenenbrug
664,Stenenbrug 70,2022-11-17,04:00:00,15,14,1,FMN 17 Stenenbrug
664,Stenenbrug 70,2022-11-17,05:00:00,50,38,12,FMN 17 Stenenbrug
664,Stenenbrug 70,2022-11-17,06:00:00,96,73,23,FMN 17 Stenenbrug
664,Stenenbrug 70,2022-11-17,07:00:00,251,208,43,FMN 17 Stenenbrug
664,Stenenbrug 70,2022-11-17,08:00:00,451,307,144,FMN 17 Stenenbrug
664,Stenenbrug 70,2022-11-17,09:00:00,113,97,16,FMN 17 Stenenbrug
664,Stenenbrug 70,2022-11-17,10:00:00,85,59,26,FMN 17 Stenenbrug
664,Stenenbrug 70,2022-11-17,11:00:00,99,70,29,FMN 17 Stenenbrug
664,Stenenbrug 70,2022-11-17,12:00:00,167,123,44,FMN 17 Stenenbrug
664,Stenenbrug 70,2022-11-17,13:00:00,125,82,43,FMN 17 Stenenbrug
664,Stenenbrug 70,2022-11-17,14:00:00,116,79,37,FMN 17 Stenenbrug
664,Stenenbrug 70,2022-11-17,15:00:00,255,157,98,FMN 17 Stenenbrug
664,Stenenbrug 70,2022-11-17,16:00:00,388,256,132,FMN 17 Stenenbrug
664,Stenenbrug 70,2022-11-17,17:00:00,303,198,105,FMN 17 Stenenbrug
664,Stenenbrug 70,2022-11-17,18:00:00,240,173,67,FMN 17 Stenenbrug
664,Stenenbrug 70,2022-11-17,19:00:00,198,151,47,FMN 17 Stenenbrug
664,Stenenbrug 70,2022-11-17,20:00:00,123,86,37,FMN 17 Stenenbrug
664,Stenenbrug 70,2022-11-17,21:00:00,99,75,24,FMN 17 Stenenbrug
664,Stenenbrug 70,2022-11-17,22:00:00,84,48,36,FMN 17 Stenenbrug
664,Stenenbrug 70,2022-11-17,23:00:00,51,24,27,FMN 17 Stenenbrug
664,Stenenbrug 70,2022-11-18,00:00:00,25,14,11,FMN 17 Stenenbrug
664,Stenenbrug 70,2022-11-18,01:00:00,10,6,4,FMN 17 Stenenbrug
664,Stenenbrug 70,2022-11-18,02:00:00,4,0,4,FMN 17 Stenenbrug
664,Stenenbrug 70,2022-11-18,03:00:00,4,3,1,FMN 17 Stenenbrug
664,Stenenbrug 70,2022-11-18,04:00:00,19,15,4,FMN 17 Stenenbrug
664,Stenenbrug 70,2022-11-18,05:00:00,42,33,9,FMN 17 Stenenbrug
664,Stenenbrug 70,2022-11-18,06:00:00,74,49,25,FMN 17 Stenenbrug
664,Stenenbrug 70,2022-11-18,07:00:00,206,173,33,FMN 17 Stenenbrug
664,Stenenbrug 70,2022-11-18,08:00:00,360,267,93,FMN 17 Stenenbrug
664,Stenenbrug 70,2022-11-18,09:00:00,147,115,32,FMN 17 Stenenbrug
664,Stenenbrug 70,2022-11-18,10:00:00,96,76,20,FMN 17 Stenenbrug
664,Stenenbrug 70,2022-11-18,11:00:00,121,88,33,FMN 17 Stenenbrug
664,Stenenbrug 70,2022-11-18,12:00:00,238,162,76,FMN 17 Stenenbrug
664,Stenenbrug 70,2022-11-18,13:00:00,126,84,42,FMN 17 Stenenbrug
664,Stenenbrug 70,2022-11-18,14:00:00,151,102,49,FMN 17 Stenenbrug
664,Stenenbrug 70,2022-11-18,15:00:00,220,137,83,FMN 17 Stenenbrug
664,Stenenbrug 70,2022-11-18,16:00:00,328,209,119,FMN 17 Stenenbrug
664,Stenenbrug 70,2022-11-18,17:00:00,241,130,111,FMN 17 Stenenbrug
664,Stenenbrug 70,2022-11-18,18:00:00,178,113,65,FMN 17 Stenenbrug
664,Stenenbrug 70,2022-11-18,19:00:00,134,109,25,FMN 17 Stenenbrug
664,Stenenbrug 70,2022-11-18,20:00:00,100,73,27,FMN 17 Stenenbrug
664,Stenenbrug 70,2022-11-18,21:00:00,93,69,24,FMN 17 Stenenbrug
664,Stenenbrug 70,2022-11-18,22:00:00,78,57,21,FMN 17 Stenenbrug
664,Stenenbrug 70,2022-11-18,23:00:00,56,37,19,FMN 17 Stenenbrug
664,Stenenbrug 70,2022-11-19,00:00:00,42,26,16,FMN 17 Stenenbrug
664,Stenenbrug 70,2022-11-19,01:00:00,35,27,8,FMN 17 Stenenbrug
664,Stenenbrug 70,2022-11-19,02:00:00,24,16,8,FMN 17 Stenenbrug
664,Stenenbrug 70,2022-11-19,03:00:00,14,5,9,FMN 17 Stenenbrug
664,Stenenbrug 70,2022-11-19,04:00:00,11,6,5,FMN 17 Stenenbrug
664,Stenenbrug 70,2022-11-19,05:00:00,17,14,3,FMN 17 Stenenbrug
664,Stenenbrug 70,2022-11-19,06:00:00,30,19,11,FMN 17 Stenenbrug
664,Stenenbrug 70,2022-11-19,07:00:00,17,15,2,FMN 17 Stenenbrug
664,Stenenbrug 70,2022-11-19,08:00:00,42,30,12,FMN 17 Stenenbrug
664,Stenenbrug 70,2022-11-19,09:00:00,66,48,18,FMN 17 Stenenbrug
664,Stenenbrug 70,2022-11-19,10:00:00,96,67,29,FMN 17 Stenenbrug
664,Stenenbrug 70,2022-11-19,11:00:00,98,77,21,FMN 17 Stenenbrug
664,Stenenbrug 70,2022-11-19,12:00:00,143,129,14,FMN 17 Stenenbrug
664,Stenenbrug 70,2022-11-19,13:00:00,127,76,51,FMN 17 Stenenbrug
664,Stenenbrug 70,2022-11-19,14:00:00,109,82,27,FMN 17 Stenenbrug
664,Stenenbrug 70,2022-11-19,15:00:00,95,71,24,FMN 17 Stenenbrug
664,Stenenbrug 70,2022-11-19,16:00:00,106,71,35,FMN 17 Stenenbrug
664,Stenenbrug 70,2022-11-19,17:00:00,107,73,34,FMN 17 Stenenbrug
664,Stenenbrug 70,2022-11-19,18:00:00,78,59,19,FMN 17 Stenenbrug
664,Stenenbrug 70,2022-11-19,19:00:00,97,72,25,FMN 17 Stenenbrug
664,Stenenbrug 70,2022-11-19,20:00:00,59,42,17,FMN 17 Stenenbrug
664,Stenenbrug 70,2022-11-19,21:00:00,40,34,6,FMN 17 Stenenbrug
664,Stenenbrug 70,2022-11-19,22:00:00,32,17,15,FMN 17 Stenenbrug
664,Stenenbrug 70,2022-11-19,23:00:00,45,26,19,FMN 17 Stenenbrug
664,Stenenbrug 70,2022-11-20,00:00:00,38,26,12,FMN 17 Stenenbrug
664,Stenenbrug 70,2022-11-20,01:00:00,15,7,8,FMN 17 Stenenbrug
664,Stenenbrug 70,2022-11-20,02:00:00,17,13,4,FMN 17 Stenenbrug
664,Stenenbrug 70,2022-11-20,03:00:00,11,8,3,FMN 17 Stenenbrug
664,Stenenbrug 70,2022-11-20,04:00:00,4,2,2,FMN 17 Stenenbrug
664,Stenenbrug 70,2022-11-20,05:00:00,9,7,2,FMN 17 Stenenbrug
664,Stenenbrug 70,2022-11-20,06:00:00,17,12,5,FMN 17 Stenenbrug
664,Stenenbrug 70,2022-11-20,07:00:00,20,17,3,FMN 17 Stenenbrug
664,Stenenbrug 70,2022-11-20,08:00:00,21,15,6,FMN 17 Stenenbrug
664,Stenenbrug 70,2022-11-20,09:00:00,40,32,8,FMN 17 Stenenbrug
664,Stenenbrug 70,2022-11-20,10:00:00,57,39,18,FMN 17 Stenenbrug
664,Stenenbrug 70,2022-11-20,11:00:00,93,75,18,FMN 17 Stenenbrug
664,Stenenbrug 70,2022-11-20,12:00:00,98,77,21,FMN 17 Stenenbrug
664,Stenenbrug 70,2022-11-20,13:00:00,113,84,29,FMN 17 Stenenbrug
664,Stenenbrug 70,2022-11-20,14:00:00,86,61,25,FMN 17 Stenenbrug
664,Stenenbrug 70,2022-11-20,15:00:00,78,58,20,FMN 17 Stenenbrug
664,Stenenbrug 70,2022-11-20,16:00:00,67,51,16,FMN 17 Stenenbrug
664,Stenenbrug 70,2022-11-20,17:00:00,101,67,34,FMN 17 Stenenbrug
664,Stenenbrug 70,2022-11-20,18:00:00,91,73,18,FMN 17 Stenenbrug
664,Stenenbrug 70,2022-11-20,19:00:00,113,67,46,FMN 17 Stenenbrug
664,Stenenbrug 70,2022-11-20,20:00:00,71,52,19,FMN 17 Stenenbrug
664,Stenenbrug 70,2022-11-20,21:00:00,49,36,13,FMN 17 Stenenbrug
664,Stenenbrug 70,2022-11-20,22:00:00,59,47,12,FMN 17 Stenenbrug
664,Stenenbrug 70,2022-11-20,23:00:00,19,13,6,FMN 17 Stenenbrug
664,Stenenbrug 70,2022-11-21,00:00:00,12,9,3,FMN 17 Stenenbrug
664,Stenenbrug 70,2022-11-21,01:00:00,7,4,3,FMN 17 Stenenbrug
664,Stenenbrug 70,2022-11-21,02:00:00,5,4,1,FMN 17 Stenenbrug
664,Stenenbrug 70,2022-11-21,03:00:00,9,6,3,FMN 17 Stenenbrug
664,Stenenbrug 70,2022-11-21,04:00:00,22,20,2,FMN 17 Stenenbrug
664,Stenenbrug 70,2022-11-21,05:00:00,35,27,8,FMN 17 Stenenbrug
664,Stenenbrug 70,2022-11-21,06:00:00,78,58,20,FMN 17 Stenenbrug
664,Stenenbrug 70,2022-11-21,07:00:00,218,189,29,FMN 17 Stenenbrug
664,Stenenbrug 70,2022-11-21,08:00:00,276,220,56,FMN 17 Stenenbrug
664,Stenenbrug 70,2022-11-21,09:00:00,110,83,27,FMN 17 Stenenbrug
664,Stenenbrug 70,2022-11-21,10:00:00,88,66,22,FMN 17 Stenenbrug
664,Stenenbrug 70,2022-11-21,11:00:00,78,61,17,FMN 17 Stenenbrug
664,Stenenbrug 70,2022-11-21,12:00:00,151,95,56,FMN 17 Stenenbrug
664,Stenenbrug 70,2022-11-21,13:00:00,128,89,39,FMN 17 Stenenbrug
664,Stenenbrug 70,2022-11-21,14:00:00,117,82,35,FMN 17 Stenenbrug
664,Stenenbrug 70,2022-11-21,15:00:00,214,122,92,FMN 17 Stenenbrug
664,Stenenbrug 70,2022-11-21,16:00:00,339,213,126,FMN 17 Stenenbrug
664,Stenenbrug 70,2022-11-21,17:00:00,283,154,129,FMN 17 Stenenbrug
664,Stenenbrug 70,2022-11-21,18:00:00,169,97,72,FMN 17 Stenenbrug
664,Stenenbrug 70,2022-11-21,19:00:00,103,72,31,FMN 17 Stenenbrug
664,Stenenbrug 70,2022-11-21,20:00:00,99,74,25,FMN 17 Stenenbrug
664,Stenenbrug 70,2022-11-21,21:00:00,53,40,13,FMN 17 Stenenbrug
664,Stenenbrug 70,2022-11-21,22:00:00,38,28,10,FMN 17 Stenenbrug
664,Stenenbrug 70,2022-11-21,23:00:00,20,12,8,FMN 17 Stenenbrug
664,Stenenbrug 70,2022-11-22,00:00:00,9,5,4,FMN 17 Stenenbrug
664,Stenenbrug 70,2022-11-22,01:00:00,5,2,3,FMN 17 Stenenbrug
664,Stenenbrug 70,2022-11-22,02:00:00,3,0,3,FMN 17 Stenenbrug
664,Stenenbrug 70,2022-11-22,03:00:00,3,2,1,FMN 17 Stenenbrug
664,Stenenbrug 70,2022-11-22,04:00:00,20,18,2,FMN 17 Stenenbrug
664,Stenenbrug 70,2022-11-22,05:00:00,41,34,7,FMN 17 Stenenbrug
664,Stenenbrug 70,2022-11-22,06:00:00,92,75,17,FMN 17 Stenenbrug
664,Stenenbrug 70,2022-11-22,07:00:00,233,196,37,FMN 17 Stenenbrug
664,Stenenbrug 70,2022-11-22,08:00:00,392,285,107,FMN 17 Stenenbrug
664,Stenenbrug 70,2022-11-22,09:00:00,130,112,18,FMN 17 Stenenbrug
664,Stenenbrug 70,2022-11-22,10:00:00,92,70,22,FMN 17 Stenenbrug
664,Stenenbrug 70,2022-11-22,11:00:00,73,64,9,FMN 17 Stenenbrug
664,Stenenbrug 70,2022-11-22,12:00:00,154,123,31,FMN 17 Stenenbrug
664,Stenenbrug 70,2022-11-22,13:00:00,112,79,33,FMN 17 Stenenbrug
664,Stenenbrug 70,2022-11-22,14:00:00,117,75,42,FMN 17 Stenenbrug
664,Stenenbrug 70,2022-11-22,15:00:00,203,127,76,FMN 17 Stenenbrug
664,Stenenbrug 70,2022-11-22,16:00:00,304,192,112,FMN 17 Stenenbrug
664,Stenenbrug 70,2022-11-22,17:00:00,293,181,112,FMN 17 Stenenbrug
664,Stenenbrug 70,2022-11-22,18:00:00,206,135,71,FMN 17 Stenenbrug
664,Stenenbrug 70,2022-11-22,19:00:00,138,102,36,FMN 17 Stenenbrug
664,Stenenbrug 70,2022-11-22,20:00:00,116,93,23,FMN 17 Stenenbrug
664,Stenenbrug 70,2022-11-22,21:00:00,70,53,17,FMN 17 Stenenbrug
664,Stenenbrug 70,2022-11-22,22:00:00,66,43,23,FMN 17 Stenenbrug
664,Stenenbrug 70,2022-11-22,23:00:00,34,25,9,FMN 17 Stenenbrug
664,Stenenbrug 70,2022-11-23,00:00:00,20,14,6,FMN 17 Stenenbrug
664,Stenenbrug 70,2022-11-23,01:00:00,6,4,2,FMN 17 Stenenbrug
664,Stenenbrug 70,2022-11-23,02:00:00,9,5,4,FMN 17 Stenenbrug
664,Stenenbrug 70,2022-11-23,03:00:00,9,7,2,FMN 17 Stenenbrug
664,Stenenbrug 70,2022-11-23,04:00:00,29,27,2,FMN 17 Stenenbrug
664,Stenenbrug 70,2022-11-23,05:00:00,53,40,13,FMN 17 Stenenbrug
664,Stenenbrug 70,2022-11-23,06:00:00,96,71,25,FMN 17 Stenenbrug
664,Stenenbrug 70,2022-11-23,07:00:00,221,185,36,FMN 17 Stenenbrug
664,Stenenbrug 70,2022-11-23,08:00:00,316,243,73,FMN 17 Stenenbrug
664,Stenenbrug 70,2022-11-23,09:00:00,133,110,23,FMN 17 Stenenbrug
664,Stenenbrug 70,2022-11-23,10:00:00,88,73,15,FMN 17 Stenenbrug
664,Stenenbrug 70,2022-11-23,11:00:00,95,68,27,FMN 17 Stenenbrug
664,Stenenbrug 70,2022-11-23,12:00:00,267,191,76,FMN 17 Stenenbrug
664,Stenenbrug 70,2022-11-23,13:00:00,158,121,37,FMN 17 Stenenbrug
664,Stenenbrug 70,2022-11-23,14:00:00,130,84,46,FMN 17 Stenenbrug
664,Stenenbrug 70,2022-11-23,15:00:00,136,79,57,FMN 17 Stenenbrug
664,Stenenbrug 70,2022-11-23,16:00:00,228,149,79,FMN 17 Stenenbrug
664,Stenenbrug 70,2022-11-23,17:00:00,251,167,84,FMN 17 Stenenbrug
664,Stenenbrug 70,2022-11-23,18:00:00,177,123,54,FMN 17 Stenenbrug
664,Stenenbrug 70,2022-11-23,19:00:00,198,137,61,FMN 17 Stenenbrug
664,Stenenbrug 70,2022-11-23,20:00:00,105,88,17,FMN 17 Stenenbrug
664,Stenenbrug 70,2022-11-23,21:00:00,75,57,18,FMN 17 Stenenbrug
664,Stenenbrug 70,2022-11-23,22:00:00,105,80,25,FMN 17 Stenenbrug
664,Stenenbrug 70,2022-11-23,23:00:00,57,30,27,FMN 17 Stenenbrug
664,Stenenbrug 70,2022-11-24,00:00:00,19,6,13,FMN 17 Stenenbrug
664,Stenenbrug 70,2022-11-24,01:00:00,9,3,6,FMN 17 Stenenbrug
664,Stenenbrug 70,2022-11-24,02:00:00,4,2,2,FMN 17 Stenenbrug
664,Stenenbrug 70,2022-11-24,03:00:00,5,4,1,FMN 17 Stenenbrug
664,Stenenbrug 70,2022-11-24,04:00:00,18,17,1,FMN 17 Stenenbrug
664,Stenenbrug 70,2022-11-24,05:00:00,42,27,15,FMN 17 Stenenbrug
664,Stenenbrug 70,2022-11-24,06:00:00,83,71,12,FMN 17 Stenenbrug
664,Stenenbrug 70,2022-11-24,07:00:00,227,182,45,FMN 17 Stenenbrug
664,Stenenbrug 70,2022-11-24,08:00:00,354,271,83,FMN 17 Stenenbrug
664,Stenenbrug 70,2022-11-24,09:00:00,140,125,15,FMN 17 Stenenbrug
664,Stenenbrug 70,2022-11-24,10:00:00,108,82,26,FMN 17 Stenenbrug
664,Stenenbrug 70,2022-11-24,11:00:00,121,94,27,FMN 17 Stenenbrug
664,Stenenbrug 70,2022-11-24,12:00:00,159,126,33,FMN 17 Stenenbrug
664,Stenenbrug 70,2022-11-24,13:00:00,160,103,57,FMN 17 Stenenbrug
664,Stenenbrug 70,2022-11-24,14:00:00,148,91,57,FMN 17 Stenenbrug
664,Stenenbrug 70,2022-11-24,15:00:00,231,151,80,FMN 17 Stenenbrug
664,Stenenbrug 70,2022-11-24,16:00:00,350,222,128,FMN 17 Stenenbrug
664,Stenenbrug 70,2022-11-24,17:00:00,312,194,118,FMN 17 Stenenbrug
664,Stenenbrug 70,2022-11-24,18:00:00,247,185,62,FMN 17 Stenenbrug
664,Stenenbrug 70,2022-11-24,19:00:00,181,141,40,FMN 17 Stenenbrug
664,Stenenbrug 70,2022-11-24,20:00:00,118,90,28,FMN 17 Stenenbrug
664,Stenenbrug 70,2022-11-24,21:00:00,87,59,28,FMN 17 Stenenbrug
664,Stenenbrug 70,2022-11-24,22:00:00,68,39,29,FMN 17 Stenenbrug
664,Stenenbrug 70,2022-11-24,23:00:00,45,23,22,FMN 17 Stenenbrug
664,Stenenbrug 70,2022-11-25,00:00:00,34,16,18,FMN 17 Stenenbrug
664,Stenenbrug 70,2022-11-25,01:00:00,12,6,6,FMN 17 Stenenbrug
664,Stenenbrug 70,2022-11-25,02:00:00,9,3,6,FMN 17 Stenenbrug
664,Stenenbrug 70,2022-11-25,03:00:00,9,7,2,FMN 17 Stenenbrug
664,Stenenbrug 70,2022-11-25,04:00:00,22,19,3,FMN 17 Stenenbrug
664,Stenenbrug 70,2022-11-25,05:00:00,46,37,9,FMN 17 Stenenbrug
664,Stenenbrug 70,2022-11-25,06:00:00,79,66,13,FMN 17 Stenenbrug
664,Stenenbrug 70,2022-11-25,07:00:00,220,189,31,FMN 17 Stenenbrug
664,Stenenbrug 70,2022-11-25,08:00:00,327,236,91,FMN 17 Stenenbrug
664,Stenenbrug 70,2022-11-25,09:00:00,145,126,19,FMN 17 Stenenbrug
664,Stenenbrug 70,2022-11-25,10:00:00,116,85,31,FMN 17 Stenenbrug
664,Stenenbrug 70,2022-11-25,11:00:00,134,110,24,FMN 17 Stenenbrug
664,Stenenbrug 70,2022-11-25,12:00:00,232,182,50,FMN 17 Stenenbrug
664,Stenenbrug 70,2022-11-25,13:00:00,168,114,54,FMN 17 Stenenbrug
664,Stenenbrug 70,2022-11-25,14:00:00,192,126,66,FMN 17 Stenenbrug
664,Stenenbrug 70,2022-11-25,15:00:00,314,174,140,FMN 17 Stenenbrug
664,Stenenbrug 70,2022-11-25,16:00:00,333,235,98,FMN 17 Stenenbrug
664,Stenenbrug 70,2022-11-25,17:00:00,244,163,81,FMN 17 Stenenbrug
664,Stenenbrug 70,2022-11-25,18:00:00,188,132,56,FMN 17 Stenenbrug
664,Stenenbrug 70,2022-11-25,19:00:00,128,97,31,FMN 17 Stenenbrug
664,Stenenbrug 70,2022-11-25,20:00:00,90,67,23,FMN 17 Stenenbrug
664,Stenenbrug 70,2022-11-25,21:00:00,79,63,16,FMN 17 Stenenbrug
664,Stenenbrug 70,2022-11-25,22:00:00,63,48,15,FMN 17 Stenenbrug
664,Stenenbrug 70,2022-11-25,23:00:00,41,26,15,FMN 17 Stenenbrug
664,Stenenbrug 70,2022-11-26,00:00:00,35,22,13,FMN 17 Stenenbrug
664,Stenenbrug 70,2022-11-26,01:00:00,16,13,3,FMN 17 Stenenbrug
664,Stenenbrug 70,2022-11-26,02:00:00,4,3,1,FMN 17 Stenenbrug
664,Stenenbrug 70,2022-11-26,03:00:00,6,4,2,FMN 17 Stenenbrug
664,Stenenbrug 70,2022-11-26,04:00:00,13,8,5,FMN 17 Stenenbrug
664,Stenenbrug 70,2022-11-26,05:00:00,14,8,6,FMN 17 Stenenbrug
664,Stenenbrug 70,2022-11-26,06:00:00,17,12,5,FMN 17 Stenenbrug
664,Stenenbrug 70,2022-11-26,07:00:00,17,15,2,FMN 17 Stenenbrug
664,Stenenbrug 70,2022-11-26,08:00:00,32,21,11,FMN 17 Stenenbrug
664,Stenenbrug 70,2022-11-26,09:00:00,78,58,20,FMN 17 Stenenbrug
664,Stenenbrug 70,2022-11-26,10:00:00,121,83,38,FMN 17 Stenenbrug
664,Stenenbrug 70,2022-11-26,11:00:00,192,128,64,FMN 17 Stenenbrug
664,Stenenbrug 70,2022-11-26,12:00:00,211,169,42,FMN 17 Stenenbrug
664,Stenenbrug 70,2022-11-26,13:00:00,214,148,66,FMN 17 Stenenbrug
664,Stenenbrug 70,2022-11-26,14:00:00,200,144,56,FMN 17 Stenenbrug
664,Stenenbrug 70,2022-11-26,15:00:00,162,119,43,FMN 17 Stenenbrug
664,Stenenbrug 70,2022-11-26,16:00:00,154,90,64,FMN 17 Stenenbrug
664,Stenenbrug 70,2022-11-26,17:00:00,169,124,45,FMN 17 Stenenbrug
664,Stenenbrug 70,2022-11-26,18:00:00,129,101,28,FMN 17 Stenenbrug
664,Stenenbrug 70,2022-11-26,19:00:00,111,84,27,FMN 17 Stenenbrug
664,Stenenbrug 70,2022-11-26,20:00:00,72,59,13,FMN 17 Stenenbrug
664,Stenenbrug 70,2022-11-26,21:00:00,61,46,15,FMN 17 Stenenbrug
664,Stenenbrug 70,2022-11-26,22:00:00,55,36,19,FMN 17 Stenenbrug
664,Stenenbrug 70,2022-11-26,23:00:00,40,29,11,FMN 17 Stenenbrug
664,Stenenbrug 70,2022-11-27,00:00:00,40,25,15,FMN 17 Stenenbrug
664,Stenenbrug 70,2022-11-27,01:00:00,19,9,10,FMN 17 Stenenbrug
664,Stenenbrug 70,2022-11-27,02:00:00,20,12,8,FMN 17 Stenenbrug
664,Stenenbrug 70,2022-11-27,03:00:00,10,6,4,FMN 17 Stenenbrug
664,Stenenbrug 70,2022-11-27,04:00:00,8,5,3,FMN 17 Stenenbrug
664,Stenenbrug 70,2022-11-27,05:00:00,13,8,5,FMN 17 Stenenbrug
664,Stenenbrug 70,2022-11-27,06:00:00,15,9,6,FMN 17 Stenenbrug
664,Stenenbrug 70,2022-11-27,07:00:00,9,5,4,FMN 17 Stenenbrug
664,Stenenbrug 70,2022-11-27,08:00:00,37,16,21,FMN 17 Stenenbrug
664,Stenenbrug 70,2022-11-27,09:00:00,52,40,12,FMN 17 Stenenbrug
664,Stenenbrug 70,2022-11-27,10:00:00,47,34,13,FMN 17 Stenenbrug
664,Stenenbrug 70,2022-11-27,11:00:00,75,52,23,FMN 17 Stenenbrug
664,Stenenbrug 70,2022-11-27,12:00:00,117,92,25,FMN 17 Stenenbrug
664,Stenenbrug 70,2022-11-27,13:00:00,162,126,36,FMN 17 Stenenbrug
664,Stenenbrug 70,2022-11-27,14:00:00,94,71,23,FMN 17 Stenenbrug
664,Stenenbrug 70,2022-11-27,15:00:00,56,42,14,FMN 17 Stenenbrug
664,Stenenbrug 70,2022-11-27,16:00:00,143,112,31,FMN 17 Stenenbrug
664,Stenenbrug 70,2022-11-27,17:00:00,97,71,26,FMN 17 Stenenbrug
664,Stenenbrug 70,2022-11-27,18:00:00,78,61,17,FMN 17 Stenenbrug
664,Stenenbrug 70,2022-11-27,19:00:00,83,55,28,FMN 17 Stenenbrug
664,Stenenbrug 70,2022-11-27,20:00:00,48,33,15,FMN 17 Stenenbrug
664,Stenenbrug 70,2022-11-27,21:00:00,26,15,11,FMN 17 Stenenbrug
664,Stenenbrug 70,2022-11-27,22:00:00,33,22,11,FMN 17 Stenenbrug
664,Stenenbrug 70,2022-11-27,23:00:00,15,9,6,FMN 17 Stenenbrug
664,Stenenbrug 70,2022-11-28,00:00:00,9,5,4,FMN 17 Stenenbrug
664,Stenenbrug 70,2022-11-28,01:00:00,3,3,0,FMN 17 Stenenbrug
664,Stenenbrug 70,2022-11-28,02:00:00,2,2,0,FMN 17 Stenenbrug
664,Stenenbrug 70,2022-11-28,03:00:00,2,2,0,FMN 17 Stenenbrug
664,Stenenbrug 70,2022-11-28,04:00:00,12,8,4,FMN 17 Stenenbrug
664,Stenenbrug 70,2022-11-28,05:00:00,34,24,10,FMN 17 Stenenbrug
664,Stenenbrug 70,2022-11-28,06:00:00,75,62,13,FMN 17 Stenenbrug
664,Stenenbrug 70,2022-11-28,07:00:00,275,234,41,FMN 17 Stenenbrug
664,Stenenbrug 70,2022-11-28,08:00:00,408,305,103,FMN 17 Stenenbrug
664,Stenenbrug 70,2022-11-28,09:00:00,128,106,22,FMN 17 Stenenbrug
664,Stenenbrug 70,2022-11-28,10:00:00,85,68,17,FMN 17 Stenenbrug
664,Stenenbrug 70,2022-11-28,11:00:00,97,71,26,FMN 17 Stenenbrug
664,Stenenbrug 70,2022-11-28,12:00:00,172,133,39,FMN 17 Stenenbrug
664,Stenenbrug 70,2022-11-28,13:00:00,149,99,50,FMN 17 Stenenbrug
664,Stenenbrug 70,2022-11-28,14:00:00,156,106,50,FMN 17 Stenenbrug
664,Stenenbrug 70,2022-11-28,15:00:00,218,138,80,FMN 17 Stenenbrug
664,Stenenbrug 70,2022-11-28,16:00:00,319,213,106,FMN 17 Stenenbrug
664,Stenenbrug 70,2022-11-28,17:00:00,297,177,120,FMN 17 Stenenbrug
664,Stenenbrug 70,2022-11-28,18:00:00,194,127,67,FMN 17 Stenenbrug
664,Stenenbrug 70,2022-11-28,19:00:00,157,118,39,FMN 17 Stenenbrug
664,Stenenbrug 70,2022-11-28,20:00:00,88,63,25,FMN 17 Stenenbrug
664,Stenenbrug 70,2022-11-28,21:00:00,74,53,21,FMN 17 Stenenbrug
664,Stenenbrug 70,2022-11-28,22:00:00,55,33,22,FMN 17 Stenenbrug
664,Stenenbrug 70,2022-11-28,23:00:00,27,19,8,FMN 17 Stenenbrug
664,Stenenbrug 70,2022-11-29,00:00:00,7,4,3,FMN 17 Stenenbrug
664,Stenenbrug 70,2022-11-29,01:00:00,4,1,3,FMN 17 Stenenbrug
664,Stenenbrug 70,2022-11-29,02:00:00,3,1,2,FMN 17 Stenenbrug
664,Stenenbrug 70,2022-11-29,03:00:00,2,2,0,FMN 17 Stenenbrug
664,Stenenbrug 70,2022-11-29,04:00:00,12,10,2,FMN 17 Stenenbrug
664,Stenenbrug 70,2022-11-29,05:00:00,32,25,7,FMN 17 Stenenbrug
664,Stenenbrug 70,2022-11-29,06:00:00,35,25,10,FMN 17 Stenenbrug
664,Stenenbrug 70,2022-11-29,07:00:00,178,146,32,FMN 17 Stenenbrug
664,Stenenbrug 70,2022-11-29,08:00:00,245,200,45,FMN 17 Stenenbrug
664,Stenenbrug 70,2022-11-29,09:00:00,104,91,13,FMN 17 Stenenbrug
664,Stenenbrug 70,2022-11-29,10:00:00,84,70,14,FMN 17 Stenenbrug
664,Stenenbrug 70,2022-11-29,11:00:00,83,65,18,FMN 17 Stenenbrug
664,Stenenbrug 70,2022-11-29,12:00:00,166,113,53,FMN 17 Stenenbrug
664,Stenenbrug 70,2022-11-29,13:00:00,148,100,48,FMN 17 Stenenbrug
664,Stenenbrug 70,2022-11-29,14:00:00,129,87,42,FMN 17 Stenenbrug
664,Stenenbrug 70,2022-11-29,15:00:00,169,105,64,FMN 17 Stenenbrug
664,Stenenbrug 70,2022-11-29,16:00:00,281,173,108,FMN 17 Stenenbrug
664,Stenenbrug 70,2022-11-29,17:00:00,217,119,98,FMN 17 Stenenbrug
664,Stenenbrug 70,2022-11-29,18:00:00,145,90,55,FMN 17 Stenenbrug
664,Stenenbrug 70,2022-11-29,19:00:00,90,67,23,FMN 17 Stenenbrug
664,Stenenbrug 70,2022-11-29,20:00:00,65,47,18,FMN 17 Stenenbrug
664,Stenenbrug 70,2022-11-29,21:00:00,66,47,19,FMN 17 Stenenbrug
664,Stenenbrug 70,2022-11-29,22:00:00,43,25,18,FMN 17 Stenenbrug
664,Stenenbrug 70,2022-11-29,23:00:00,24,12,12,FMN 17 Stenenbrug
664,Stenenbrug 70,2022-11-30,00:00:00,12,6,6,FMN 17 Stenenbrug
664,Stenenbrug 70,2022-11-30,01:00:00,5,2,3,FMN 17 Stenenbrug
664,Stenenbrug 70,2022-11-30,02:00:00,1,0,1,FMN 17 Stenenbrug
664,Stenenbrug 70,2022-11-30,03:00:00,2,1,1,FMN 17 Stenenbrug
664,Stenenbrug 70,2022-11-30,04:00:00,15,14,1,FMN 17 Stenenbrug
664,Stenenbrug 70,2022-11-30,05:00:00,40,29,11,FMN 17 Stenenbrug
664,Stenenbrug 70,2022-11-30,06:00:00,75,57,18,FMN 17 Stenenbrug
664,Stenenbrug 70,2022-11-30,07:00:00,159,127,32,FMN 17 Stenenbrug
664,Stenenbrug 70,2022-11-30,08:00:00,259,189,70,FMN 17 Stenenbrug
664,Stenenbrug 70,2022-11-30,09:00:00,90,74,16,FMN 17 Stenenbrug
664,Stenenbrug 70,2022-11-30,10:00:00,66,48,18,FMN 17 Stenenbrug
664,Stenenbrug 70,2022-11-30,11:00:00,100,71,29,FMN 17 Stenenbrug
664,Stenenbrug 70,2022-11-30,12:00:00,290,196,94,FMN 17 Stenenbrug
664,Stenenbrug 70,2022-11-30,13:00:00,206,141,65,FMN 17 Stenenbrug
664,Stenenbrug 70,2022-11-30,14:00:00,208,143,65,FMN 17 Stenenbrug
664,Stenenbrug 70,2022-11-30,15:00:00,199,118,81,FMN 17 Stenenbrug
664,Stenenbrug 70,2022-11-30,16:00:00,234,141,93,FMN 17 Stenenbrug
664,Stenenbrug 70,2022-11-30,17:00:00,235,135,100,FMN 17 Stenenbrug
664,Stenenbrug 70,2022-11-30,18:00:00,167,115,52,FMN 17 Stenenbrug
664,Stenenbrug 70,2022-11-30,19:00:00,113,79,34,FMN 17 Stenenbrug
664,Stenenbrug 70,2022-11-30,20:00:00,59,42,17,FMN 17 Stenenbrug
664,Stenenbrug 70,2022-11-30,21:00:00,47,31,16,FMN 17 Stenenbrug
664,Stenenbrug 70,2022-11-30,22:00:00,60,43,17,FMN 17 Stenenbrug
664,Stenenbrug 70,2022-11-30,23:00:00,19,13,6,FMN 17 Stenenbrug
664,Stenenbrug 70,2022-12-01,00:00:00,5,2,3,FMN 17 Stenenbrug
664,Stenenbrug 70,2022-12-01,01:00:00,5,4,1,FMN 17 Stenenbrug
664,Stenenbrug 70,2022-12-01,02:00:00,6,2,4,FMN 17 Stenenbrug
664,Stenenbrug 70,2022-12-01,03:00:00,4,2,2,FMN 17 Stenenbrug
664,Stenenbrug 70,2022-12-01,04:00:00,22,20,2,FMN 17 Stenenbrug
664,Stenenbrug 70,2022-12-01,05:00:00,35,26,9,FMN 17 Stenenbrug
664,Stenenbrug 70,2022-12-01,06:00:00,70,49,21,FMN 17 Stenenbrug
664,Stenenbrug 70,2022-12-01,07:00:00,213,161,52,FMN 17 Stenenbrug
664,Stenenbrug 70,2022-12-01,08:00:00,360,258,102,FMN 17 Stenenbrug
664,Stenenbrug 70,2022-12-01,09:00:00,127,108,19,FMN 17 Stenenbrug
664,Stenenbrug 70,2022-12-01,10:00:00,81,63,18,FMN 17 Stenenbrug
664,Stenenbrug 70,2022-12-01,11:00:00,88,62,26,FMN 17 Stenenbrug
664,Stenenbrug 70,2022-12-01,12:00:00,150,113,37,FMN 17 Stenenbrug
664,Stenenbrug 70,2022-12-01,13:00:00,137,95,42,FMN 17 Stenenbrug
664,Stenenbrug 70,2022-12-01,14:00:00,119,75,44,FMN 17 Stenenbrug
664,Stenenbrug 70,2022-12-01,15:00:00,198,135,63,FMN 17 Stenenbrug
664,Stenenbrug 70,2022-12-01,16:00:00,324,210,114,FMN 17 Stenenbrug
664,Stenenbrug 70,2022-12-01,17:00:00,230,126,104,FMN 17 Stenenbrug
664,Stenenbrug 70,2022-12-01,18:00:00,215,145,70,FMN 17 Stenenbrug
664,Stenenbrug 70,2022-12-01,19:00:00,236,189,47,FMN 17 Stenenbrug
664,Stenenbrug 70,2022-12-01,20:00:00,88,56,32,FMN 17 Stenenbrug
664,Stenenbrug 70,2022-12-01,21:00:00,54,45,9,FMN 17 Stenenbrug
664,Stenenbrug 70,2022-12-01,22:00:00,68,43,25,FMN 17 Stenenbrug
664,Stenenbrug 70,2022-12-01,23:00:00,46,27,19,FMN 17 Stenenbrug
664,Stenenbrug 70,2022-12-02,00:00:00,27,11,16,FMN 17 Stenenbrug
664,Stenenbrug 70,2022-12-02,01:00:00,11,4,7,FMN 17 Stenenbrug
664,Stenenbrug 70,2022-12-02,02:00:00,4,0,4,FMN 17 Stenenbrug
664,Stenenbrug 70,2022-12-02,03:00:00,3,3,0,FMN 17 Stenenbrug
664,Stenenbrug 70,2022-12-02,04:00:00,16,14,2,FMN 17 Stenenbrug
664,Stenenbrug 70,2022-12-02,05:00:00,35,28,7,FMN 17 Stenenbrug
664,Stenenbrug 70,2022-12-02,06:00:00,62,45,17,FMN 17 Stenenbrug
664,Stenenbrug 70,2022-12-02,07:00:00,156,116,40,FMN 17 Stenenbrug
664,Stenenbrug 70,2022-12-02,08:00:00,256,189,67,FMN 17 Stenenbrug
664,Stenenbrug 70,2022-12-02,09:00:00,88,76,12,FMN 17 Stenenbrug
664,Stenenbrug 70,2022-12-02,10:00:00,66,50,16,FMN 17 Stenenbrug
664,Stenenbrug 70,2022-12-02,11:00:00,72,53,19,FMN 17 Stenenbrug
664,Stenenbrug 70,2022-12-02,12:00:00,106,84,22,FMN 17 Stenenbrug
664,Stenenbrug 70,2022-12-02,13:00:00,87,52,35,FMN 17 Stenenbrug
664,Stenenbrug 70,2022-12-02,14:00:00,116,79,37,FMN 17 Stenenbrug
664,Stenenbrug 70,2022-12-02,15:00:00,149,98,51,FMN 17 Stenenbrug
664,Stenenbrug 70,2022-12-02,16:00:00,241,183,58,FMN 17 Stenenbrug
664,Stenenbrug 70,2022-12-02,17:00:00,171,102,69,FMN 17 Stenenbrug
664,Stenenbrug 70,2022-12-02,18:00:00,135,99,36,FMN 17 Stenenbrug
664,Stenenbrug 70,2022-12-02,19:00:00,108,82,26,FMN 17 Stenenbrug
664,Stenenbrug 70,2022-12-02,20:00:00,83,62,21,FMN 17 Stenenbrug
664,Stenenbrug 70,2022-12-02,21:00:00,70,51,19,FMN 17 Stenenbrug
664,Stenenbrug 70,2022-12-02,22:00:00,42,25,17,FMN 17 Stenenbrug
664,Stenenbrug 70,2022-12-02,23:00:00,47,30,17,FMN 17 Stenenbrug
664,Stenenbrug 70,2022-12-03,00:00:00,28,16,12,FMN 17 Stenenbrug
664,Stenenbrug 70,2022-12-03,01:00:00,18,13,5,FMN 17 Stenenbrug
664,Stenenbrug 70,2022-12-03,02:00:00,7,4,3,FMN 17 Stenenbrug
664,Stenenbrug 70,2022-12-03,03:00:00,9,5,4,FMN 17 Stenenbrug
664,Stenenbrug 70,2022-12-03,04:00:00,11,8,3,FMN 17 Stenenbrug
664,Stenenbrug 70,2022-12-03,05:00:00,11,7,4,FMN 17 Stenenbrug
664,Stenenbrug 70,2022-12-03,06:00:00,19,8,11,FMN 17 Stenenbrug
664,Stenenbrug 70,2022-12-03,07:00:00,26,24,2,FMN 17 Stenenbrug
664,Stenenbrug 70,2022-12-03,08:00:00,26,18,8,FMN 17 Stenenbrug
664,Stenenbrug 70,2022-12-03,09:00:00,66,47,19,FMN 17 Stenenbrug
664,Stenenbrug 70,2022-12-03,10:00:00,92,61,31,FMN 17 Stenenbrug
664,Stenenbrug 70,2022-12-03,11:00:00,73,55,18,FMN 17 Stenenbrug
664,Stenenbrug 70,2022-12-03,12:00:00,112,84,28,FMN 17 Stenenbrug
664,Stenenbrug 70,2022-12-03,13:00:00,89,74,15,FMN 17 Stenenbrug
664,Stenenbrug 70,2022-12-03,14:00:00,99,69,30,FMN 17 Stenenbrug
664,Stenenbrug 70,2022-12-03,15:00:00,123,90,33,FMN 17 Stenenbrug
664,Stenenbrug 70,2022-12-03,16:00:00,85,55,30,FMN 17 Stenenbrug
664,Stenenbrug 70,2022-12-03,17:00:00,103,72,31,FMN 17 Stenenbrug
664,Stenenbrug 70,2022-12-03,18:00:00,92,76,16,FMN 17 Stenenbrug
664,Stenenbrug 70,2022-12-03,19:00:00,88,72,16,FMN 17 Stenenbrug
664,Stenenbrug 70,2022-12-03,20:00:00,68,45,23,FMN 17 Stenenbrug
664,Stenenbrug 70,2022-12-03,21:00:00,37,28,9,FMN 17 Stenenbrug
664,Stenenbrug 70,2022-12-03,22:00:00,37,31,6,FMN 17 Stenenbrug
664,Stenenbrug 70,2022-12-03,23:00:00,43,32,11,FMN 17 Stenenbrug
664,Stenenbrug 70,2022-12-04,00:00:00,20,14,6,FMN 17 Stenenbrug
664,Stenenbrug 70,2022-12-04,01:00:00,11,8,3,FMN 17 Stenenbrug
664,Stenenbrug 70,2022-12-04,02:00:00,11,7,4,FMN 17 Stenenbrug
664,Stenenbrug 70,2022-12-04,03:00:00,12,8,4,FMN 17 Stenenbrug
664,Stenenbrug 70,2022-12-04,04:00:00,3,1,2,FMN 17 Stenenbrug
664,Stenenbrug 70,2022-12-04,05:00:00,5,3,2,FMN 17 Stenenbrug
664,Stenenbrug 70,2022-12-04,06:00:00,5,4,1,FMN 17 Stenenbrug
664,Stenenbrug 70,2022-12-04,07:00:00,6,3,3,FMN 17 Stenenbrug
664,Stenenbrug 70,2022-12-04,08:00:00,10,5,5,FMN 17 Stenenbrug
664,Stenenbrug 70,2022-12-04,09:00:00,45,30,15,FMN 17 Stenenbrug
664,Stenenbrug 70,2022-12-04,10:00:00,32,25,7,FMN 17 Stenenbrug
664,Stenenbrug 70,2022-12-04,11:00:00,54,38,16,FMN 17 Stenenbrug
664,Stenenbrug 70,2022-12-04,12:00:00,65,48,17,FMN 17 Stenenbrug
664,Stenenbrug 70,2022-12-04,13:00:00,70,56,14,FMN 17 Stenenbrug
664,Stenenbrug 70,2022-12-04,14:00:00,64,47,17,FMN 17 Stenenbrug
664,Stenenbrug 70,2022-12-04,15:00:00,46,35,11,FMN 17 Stenenbrug
664,Stenenbrug 70,2022-12-04,16:00:00,48,34,14,FMN 17 Stenenbrug
664,Stenenbrug 70,2022-12-04,17:00:00,51,38,13,FMN 17 Stenenbrug
664,Stenenbrug 70,2022-12-04,18:00:00,61,50,11,FMN 17 Stenenbrug
664,Stenenbrug 70,2022-12-04,19:00:00,48,32,16,FMN 17 Stenenbrug
664,Stenenbrug 70,2022-12-04,20:00:00,48,33,15,FMN 17 Stenenbrug
664,Stenenbrug 70,2022-12-04,21:00:00,42,32,10,FMN 17 Stenenbrug
664,Stenenbrug 70,2022-12-04,22:00:00,26,15,11,FMN 17 Stenenbrug
664,Stenenbrug 70,2022-12-04,23:00:00,21,14,7,FMN 17 Stenenbrug
664,Stenenbrug 70,2022-12-05,00:00:00,6,4,2,FMN 17 Stenenbrug
664,Stenenbrug 70,2022-12-05,01:00:00,5,5,0,FMN 17 Stenenbrug
664,Stenenbrug 70,2022-12-05,02:00:00,2,1,1,FMN 17 Stenenbrug
664,Stenenbrug 70,2022-12-05,03:00:00,4,3,1,FMN 17 Stenenbrug
664,Stenenbrug 70,2022-12-05,04:00:00,12,12,0,FMN 17 Stenenbrug
664,Stenenbrug 70,2022-12-05,05:00:00,28,21,7,FMN 17 Stenenbrug
664,Stenenbrug 70,2022-12-05,06:00:00,40,35,5,FMN 17 Stenenbrug
664,Stenenbrug 70,2022-12-05,07:00:00,174,142,32,FMN 17 Stenenbrug
664,Stenenbrug 70,2022-12-05,08:00:00,260,209,51,FMN 17 Stenenbrug
664,Stenenbrug 70,2022-12-05,09:00:00,92,66,26,FMN 17 Stenenbrug
664,Stenenbrug 70,2022-12-05,10:00:00,42,31,11,FMN 17 Stenenbrug
664,Stenenbrug 70,2022-12-05,11:00:00,52,42,10,FMN 17 Stenenbrug
664,Stenenbrug 70,2022-12-05,12:00:00,132,107,25,FMN 17 Stenenbrug
664,Stenenbrug 70,2022-12-05,13:00:00,81,52,29,FMN 17 Stenenbrug
664,Stenenbrug 70,2022-12-05,14:00:00,88,59,29,FMN 17 Stenenbrug
664,Stenenbrug 70,2022-12-05,15:00:00,151,111,40,FMN 17 Stenenbrug
664,Stenenbrug 70,2022-12-05,16:00:00,208,136,72,FMN 17 Stenenbrug
664,Stenenbrug 70,2022-12-05,17:00:00,211,134,77,FMN 17 Stenenbrug
664,Stenenbrug 70,2022-12-05,18:00:00,172,118,54,FMN 17 Stenenbrug
664,Stenenbrug 70,2022-12-05,19:00:00,88,64,24,FMN 17 Stenenbrug
664,Stenenbrug 70,2022-12-05,20:00:00,88,68,20,FMN 17 Stenenbrug
664,Stenenbrug 70,2022-12-05,21:00:00,60,50,10,FMN 17 Stenenbrug
664,Stenenbrug 70,2022-12-05,22:00:00,63,40,23,FMN 17 Stenenbrug
664,Stenenbrug 70,2022-12-05,23:00:00,28,22,6,FMN 17 Stenenbrug
664,Stenenbrug 70,2022-12-06,00:00:00,14,9,5,FMN 17 Stenenbrug
664,Stenenbrug 70,2022-12-06,01:00:00,6,4,2,FMN 17 Stenenbrug
664,Stenenbrug 70,2022-12-06,02:00:00,3,1,2,FMN 17 Stenenbrug
664,Stenenbrug 70,2022-12-06,03:00:00,3,3,0,FMN 17 Stenenbrug
664,Stenenbrug 70,2022-12-06,04:00:00,19,18,1,FMN 17 Stenenbrug
664,Stenenbrug 70,2022-12-06,05:00:00,48,36,12,FMN 17 Stenenbrug
664,Stenenbrug 70,2022-12-06,06:00:00,66,54,12,FMN 17 Stenenbrug
664,Stenenbrug 70,2022-12-06,07:00:00,201,173,28,FMN 17 Stenenbrug
664,Stenenbrug 70,2022-12-06,08:00:00,309,244,65,FMN 17 Stenenbrug
664,Stenenbrug 70,2022-12-06,09:00:00,116,101,15,FMN 17 Stenenbrug
664,Stenenbrug 70,2022-12-06,10:00:00,99,85,14,FMN 17 Stenenbrug
664,Stenenbrug 70,2022-12-06,11:00:00,108,85,23,FMN 17 Stenenbrug
664,Stenenbrug 70,2022-12-06,12:00:00,220,180,40,FMN 17 Stenenbrug
664,Stenenbrug 70,2022-12-06,13:00:00,140,98,42,FMN 17 Stenenbrug
664,Stenenbrug 70,2022-12-06,14:00:00,121,77,44,FMN 17 Stenenbrug
664,Stenenbrug 70,2022-12-06,15:00:00,216,132,84,FMN 17 Stenenbrug
664,Stenenbrug 70,2022-12-06,16:00:00,256,169,87,FMN 17 Stenenbrug
664,Stenenbrug 70,2022-12-06,17:00:00,238,152,86,FMN 17 Stenenbrug
664,Stenenbrug 70,2022-12-06,18:00:00,193,133,60,FMN 17 Stenenbrug
664,Stenenbrug 70,2022-12-06,19:00:00,148,110,38,FMN 17 Stenenbrug
664,Stenenbrug 70,2022-12-06,20:00:00,71,50,21,FMN 17 Stenenbrug
664,Stenenbrug 70,2022-12-06,21:00:00,59,41,18,FMN 17 Stenenbrug
664,Stenenbrug 70,2022-12-06,22:00:00,61,46,15,FMN 17 Stenenbrug
664,Stenenbrug 70,2022-12-06,23:00:00,27,17,10,FMN 17 Stenenbrug
664,Stenenbrug 70,2022-12-07,00:00:00,10,6,4,FMN 17 Stenenbrug
664,Stenenbrug 70,2022-12-07,01:00:00,5,4,1,FMN 17 Stenenbrug
664,Stenenbrug 70,2022-12-07,02:00:00,4,3,1,FMN 17 Stenenbrug
664,Stenenbrug 70,2022-12-07,03:00:00,6,5,1,FMN 17 Stenenbrug
664,Stenenbrug 70,2022-12-07,04:00:00,21,19,2,FMN 17 Stenenbrug
664,Stenenbrug 70,2022-12-07,05:00:00,44,35,9,FMN 17 Stenenbrug
664,Stenenbrug 70,2022-12-07,06:00:00,60,50,10,FMN 17 Stenenbrug
664,Stenenbrug 70,2022-12-07,07:00:00,194,166,28,FMN 17 Stenenbrug
664,Stenenbrug 70,2022-12-07,08:00:00,236,193,43,FMN 17 Stenenbrug
664,Stenenbrug 70,2022-12-07,09:00:00,84,76,8,FMN 17 Stenenbrug
664,Stenenbrug 70,2022-12-07,10:00:00,103,70,33,FMN 17 Stenenbrug
664,Stenenbrug 70,2022-12-07,11:00:00,114,94,20,FMN 17 Stenenbrug
664,Stenenbrug 70,2022-12-07,12:00:00,223,160,63,FMN 17 Stenenbrug
664,Stenenbrug 70,2022-12-07,13:00:00,145,113,32,FMN 17 Stenenbrug
664,Stenenbrug 70,2022-12-07,14:00:00,127,86,41,FMN 17 Stenenbrug
664,Stenenbrug 70,2022-12-07,15:00:00,148,108,40,FMN 17 Stenenbrug
664,Stenenbrug 70,2022-12-07,16:00:00,186,131,55,FMN 17 Stenenbrug
664,Stenenbrug 70,2022-12-07,17:00:00,206,133,73,FMN 17 Stenenbrug
664,Stenenbrug 70,2022-12-07,18:00:00,172,124,48,FMN 17 Stenenbrug
664,Stenenbrug 70,2022-12-07,19:00:00,118,87,31,FMN 17 Stenenbrug
664,Stenenbrug 70,2022-12-07,20:00:00,74,56,18,FMN 17 Stenenbrug
664,Stenenbrug 70,2022-12-07,21:00:00,74,63,11,FMN 17 Stenenbrug
664,Stenenbrug 70,2022-12-07,22:00:00,64,38,26,FMN 17 Stenenbrug
664,Stenenbrug 70,2022-12-07,23:00:00,26,18,8,FMN 17 Stenenbrug
664,Stenenbrug 70,2022-12-08,00:00:00,14,9,5,FMN 17 Stenenbrug
664,Stenenbrug 70,2022-12-08,01:00:00,7,4,3,FMN 17 Stenenbrug
664,Stenenbrug 70,2022-12-08,02:00:00,8,3,5,FMN 17 Stenenbrug
664,Stenenbrug 70,2022-12-08,03:00:00,4,3,1,FMN 17 Stenenbrug
664,Stenenbrug 70,2022-12-08,04:00:00,17,17,0,FMN 17 Stenenbrug
664,Stenenbrug 70,2022-12-08,05:00:00,48,40,8,FMN 17 Stenenbrug
664,Stenenbrug 70,2022-12-08,06:00:00,78,66,12,FMN 17 Stenenbrug
664,Stenenbrug 70,2022-12-08,07:00:00,183,159,24,FMN 17 Stenenbrug
664,Stenenbrug 70,2022-12-08,08:00:00,255,210,45,FMN 17 Stenenbrug
664,Stenenbrug 70,2022-12-08,09:00:00,90,72,18,FMN 17 Stenenbrug
664,Stenenbrug 70,2022-12-08,10:00:00,91,64,27,FMN 17 Stenenbrug
664,Stenenbrug 70,2022-12-08,11:00:00,79,60,19,FMN 17 Stenenbrug
664,Stenenbrug 70,2022-12-08,12:00:00,125,98,27,FMN 17 Stenenbrug
664,Stenenbrug 70,2022-12-08,13:00:00,88,57,31,FMN 17 Stenenbrug
664,Stenenbrug 70,2022-12-08,14:00:00,72,57,15,FMN 17 Stenenbrug
664,Stenenbrug 70,2022-12-08,15:00:00,148,85,63,FMN 17 Stenenbrug
664,Stenenbrug 70,2022-12-08,16:00:00,211,136,75,FMN 17 Stenenbrug
664,Stenenbrug 70,2022-12-08,17:00:00,159,110,49,FMN 17 Stenenbrug
664,Stenenbrug 70,2022-12-08,18:00:00,128,99,29,FMN 17 Stenenbrug
664,Stenenbrug 70,2022-12-08,19:00:00,103,74,29,FMN 17 Stenenbrug
664,Stenenbrug 70,2022-12-08,20:00:00,68,53,15,FMN 17 Stenenbrug
664,Stenenbrug 70,2022-12-08,21:00:00,49,35,14,FMN 17 Stenenbrug
664,Stenenbrug 70,2022-12-08,22:00:00,34,23,11,FMN 17 Stenenbrug
664,Stenenbrug 70,2022-12-08,23:00:00,22,10,12,FMN 17 Stenenbrug
664,Stenenbrug 70,2022-12-09,00:00:00,9,4,5,FMN 17 Stenenbrug
664,Stenenbrug 70,2022-12-09,01:00:00,10,5,5,FMN 17 Stenenbrug
664,Stenenbrug 70,2022-12-09,02:00:00,3,0,3,FMN 17 Stenenbrug
664,Stenenbrug 70,2022-12-09,03:00:00,0,0,0,FMN 17 Stenenbrug
664,Stenenbrug 70,2022-12-09,04:00:00,3,3,0,FMN 17 Stenenbrug
664,Stenenbrug 70,2022-12-09,05:00:00,23,15,8,FMN 17 Stenenbrug
664,Stenenbrug 70,2022-12-09,06:00:00,68,51,17,FMN 17 Stenenbrug
664,Stenenbrug 70,2022-12-09,07:00:00,145,121,24,FMN 17 Stenenbrug
664,Stenenbrug 70,2022-12-09,08:00:00,235,199,36,FMN 17 Stenenbrug
664,Stenenbrug 70,2022-12-09,09:00:00,98,83,15,FMN 17 Stenenbrug
664,Stenenbrug 70,2022-12-09,10:00:00,100,69,31,FMN 17 Stenenbrug
664,Stenenbrug 70,2022-12-09,11:00:00,108,92,16,FMN 17 Stenenbrug
664,Stenenbrug 70,2022-12-09,12:00:00,185,147,38,FMN 17 Stenenbrug
664,Stenenbrug 70,2022-12-09,13:00:00,137,91,46,FMN 17 Stenenbrug
664,Stenenbrug 70,2022-12-09,14:00:00,146,97,49,FMN 17 Stenenbrug
664,Stenenbrug 70,2022-12-09,15:00:00,151,103,48,FMN 17 Stenenbrug
664,Stenenbrug 70,2022-12-09,16:00:00,182,119,63,FMN 17 Stenenbrug
664,Stenenbrug 70,2022-12-09,17:00:00,132,81,51,FMN 17 Stenenbrug
664,Stenenbrug 70,2022-12-09,18:00:00,124,95,29,FMN 17 Stenenbrug
664,Stenenbrug 70,2022-12-09,19:00:00,121,81,40,FMN 17 Stenenbrug
664,Stenenbrug 70,2022-12-09,20:00:00,80,66,14,FMN 17 Stenenbrug
664,Stenenbrug 70,2022-12-09,21:00:00,41,31,10,FMN 17 Stenenbrug
664,Stenenbrug 70,2022-12-09,22:00:00,25,16,9,FMN 17 Stenenbrug
664,Stenenbrug 70,2022-12-09,23:00:00,38,25,13,FMN 17 Stenenbrug
664,Stenenbrug 70,2022-12-10,00:00:00,34,24,10,FMN 17 Stenenbrug
664,Stenenbrug 70,2022-12-10,01:00:00,13,8,5,FMN 17 Stenenbrug
664,Stenenbrug 70,2022-12-10,02:00:00,9,6,3,FMN 17 Stenenbrug
664,Stenenbrug 70,2022-12-10,03:00:00,7,4,3,FMN 17 Stenenbrug
664,Stenenbrug 70,2022-12-10,04:00:00,4,3,1,FMN 17 Stenenbrug
664,Stenenbrug 70,2022-12-10,05:00:00,9,7,2,FMN 17 Stenenbrug
664,Stenenbrug 70,2022-12-10,06:00:00,15,10,5,FMN 17 Stenenbrug
664,Stenenbrug 70,2022-12-10,07:00:00,15,11,4,FMN 17 Stenenbrug
664,Stenenbrug 70,2022-12-10,08:00:00,25,18,7,FMN 17 Stenenbrug
664,Stenenbrug 70,2022-12-10,09:00:00,31,21,10,FMN 17 Stenenbrug
664,Stenenbrug 70,2022-12-10,10:00:00,61,45,16,FMN 17 Stenenbrug
664,Stenenbrug 70,2022-12-10,11:00:00,62,46,16,FMN 17 Stenenbrug
664,Stenenbrug 70,2022-12-10,12:00:00,87,69,18,FMN 17 Stenenbrug
664,Stenenbrug 70,2022-12-10,13:00:00,105,77,28,FMN 17 Stenenbrug
664,Stenenbrug 70,2022-12-10,14:00:00,103,78,25,FMN 17 Stenenbrug
664,Stenenbrug 70,2022-12-10,15:00:00,97,77,20,FMN 17 Stenenbrug
664,Stenenbrug 70,2022-12-10,16:00:00,72,48,24,FMN 17 Stenenbrug
664,Stenenbrug 70,2022-12-10,17:00:00,86,63,23,FMN 17 Stenenbrug
664,Stenenbrug 70,2022-12-10,18:00:00,122,101,21,FMN 17 Stenenbrug
664,Stenenbrug 70,2022-12-10,19:00:00,133,112,21,FMN 17 Stenenbrug
664,Stenenbrug 70,2022-12-10,20:00:00,83,71,12,FMN 17 Stenenbrug
664,Stenenbrug 70,2022-12-10,21:00:00,37,25,12,FMN 17 Stenenbrug
664,Stenenbrug 70,2022-12-10,22:00:00,46,33,13,FMN 17 Stenenbrug
664,Stenenbrug 70,2022-12-10,23:00:00,65,24,41,FMN 17 Stenenbrug
664,Stenenbrug 70,2022-12-11,00:00:00,26,15,11,FMN 17 Stenenbrug
664,Stenenbrug 70,2022-12-11,01:00:00,12,8,4,FMN 17 Stenenbrug
664,Stenenbrug 70,2022-12-11,02:00:00,18,11,7,FMN 17 Stenenbrug
664,Stenenbrug 70,2022-12-11,03:00:00,8,6,2,FMN 17 Stenenbrug
664,Stenenbrug 70,2022-12-11,04:00:00,10,5,5,FMN 17 Stenenbrug
664,Stenenbrug 70,2022-12-11,05:00:00,5,4,1,FMN 17 Stenenbrug
664,Stenenbrug 70,2022-12-11,06:00:00,13,11,2,FMN 17 Stenenbrug
664,Stenenbrug 70,2022-12-11,07:00:00,12,8,4,FMN 17 Stenenbrug
664,Stenenbrug 70,2022-12-11,08:00:00,30,20,10,FMN 17 Stenenbrug
664,Stenenbrug 70,2022-12-11,09:00:00,38,27,11,FMN 17 Stenenbrug
664,Stenenbrug 70,2022-12-11,10:00:00,58,42,16,FMN 17 Stenenbrug
664,Stenenbrug 70,2022-12-11,11:00:00,56,41,15,FMN 17 Stenenbrug
664,Stenenbrug 70,2022-12-11,12:00:00,82,65,17,FMN 17 Stenenbrug
664,Stenenbrug 70,2022-12-11,13:00:00,70,48,22,FMN 17 Stenenbrug
664,Stenenbrug 70,2022-12-11,14:00:00,78,61,17,FMN 17 Stenenbrug
664,Stenenbrug 70,2022-12-11,15:00:00,60,47,13,FMN 17 Stenenbrug
664,Stenenbrug 70,2022-12-11,16:00:00,69,52,17,FMN 17 Stenenbrug
664,Stenenbrug 70,2022-12-11,17:00:00,60,44,16,FMN 17 Stenenbrug
664,Stenenbrug 70,2022-12-11,18:00:00,76,56,20,FMN 17 Stenenbrug
664,Stenenbrug 70,2022-12-11,19:00:00,57,41,16,FMN 17 Stenenbrug
664,Stenenbrug 70,2022-12-11,20:00:00,35,22,13,FMN 17 Stenenbrug
664,Stenenbrug 70,2022-12-11,21:00:00,37,25,12,FMN 17 Stenenbrug
664,Stenenbrug 70,2022-12-11,22:00:00,26,19,7,FMN 17 Stenenbrug
664,Stenenbrug 70,2022-12-11,23:00:00,10,6,4,FMN 17 Stenenbrug
664,Stenenbrug 70,2022-12-12,00:00:00,9,6,3,FMN 17 Stenenbrug
664,Stenenbrug 70,2022-12-12,01:00:00,6,2,4,FMN 17 Stenenbrug
664,Stenenbrug 70,2022-12-12,02:00:00,1,0,1,FMN 17 Stenenbrug
664,Stenenbrug 70,2022-12-12,03:00:00,1,1,0,FMN 17 Stenenbrug
664,Stenenbrug 70,2022-12-12,04:00:00,7,7,0,FMN 17 Stenenbrug
664,Stenenbrug 70,2022-12-12,05:00:00,19,13,6,FMN 17 Stenenbrug
664,Stenenbrug 70,2022-12-12,06:00:00,26,20,6,FMN 17 Stenenbrug
664,Stenenbrug 70,2022-12-12,07:00:00,62,46,16,FMN 17 Stenenbrug
664,Stenenbrug 70,2022-12-12,08:00:00,98,72,26,FMN 17 Stenenbrug
664,Stenenbrug 70,2022-12-12,09:00:00,39,33,6,FMN 17 Stenenbrug
664,Stenenbrug 70,2022-12-12,10:00:00,53,41,12,FMN 17 Stenenbrug
664,Stenenbrug 70,2022-12-12,11:00:00,62,51,11,FMN 17 Stenenbrug
664,Stenenbrug 70,2022-12-12,12:00:00,170,139,31,FMN 17 Stenenbrug
664,Stenenbrug 70,2022-12-12,13:00:00,111,82,29,FMN 17 Stenenbrug
664,Stenenbrug 70,2022-12-12,14:00:00,89,63,26,FMN 17 Stenenbrug
664,Stenenbrug 70,2022-12-12,15:00:00,128,77,51,FMN 17 Stenenbrug
664,Stenenbrug 70,2022-12-12,16:00:00,134,75,59,FMN 17 Stenenbrug
664,Stenenbrug 70,2022-12-12,17:00:00,113,73,40,FMN 17 Stenenbrug
664,Stenenbrug 70,2022-12-12,18:00:00,89,64,25,FMN 17 Stenenbrug
664,Stenenbrug 70,2022-12-12,19:00:00,62,44,18,FMN 17 Stenenbrug
664,Stenenbrug 70,2022-12-12,20:00:00,41,32,9,FMN 17 Stenenbrug
664,Stenenbrug 70,2022-12-12,21:00:00,22,16,6,FMN 17 Stenenbrug
664,Stenenbrug 70,2022-12-12,22:00:00,28,20,8,FMN 17 Stenenbrug
664,Stenenbrug 70,2022-12-12,23:00:00,5,5,0,FMN 17 Stenenbrug
664,Stenenbrug 70,2022-12-13,00:00:00,7,5,2,FMN 17 Stenenbrug
664,Stenenbrug 70,2022-12-13,01:00:00,3,3,0,FMN 17 Stenenbrug
664,Stenenbrug 70,2022-12-13,02:00:00,1,0,1,FMN 17 Stenenbrug
664,Stenenbrug 70,2022-12-13,03:00:00,2,1,1,FMN 17 Stenenbrug
664,Stenenbrug 70,2022-12-13,04:00:00,7,6,1,FMN 17 Stenenbrug
664,Stenenbrug 70,2022-12-13,05:00:00,12,10,2,FMN 17 Stenenbrug
664,Stenenbrug 70,2022-12-13,06:00:00,21,18,3,FMN 17 Stenenbrug
664,Stenenbrug 70,2022-12-13,07:00:00,67,56,11,FMN 17 Stenenbrug
664,Stenenbrug 70,2022-12-13,08:00:00,84,72,12,FMN 17 Stenenbrug
664,Stenenbrug 70,2022-12-13,09:00:00,49,42,7,FMN 17 Stenenbrug
664,Stenenbrug 70,2022-12-13,10:00:00,59,41,18,FMN 17 Stenenbrug
664,Stenenbrug 70,2022-12-13,11:00:00,68,52,16,FMN 17 Stenenbrug
664,Stenenbrug 70,2022-12-13,12:00:00,137,112,25,FMN 17 Stenenbrug
664,Stenenbrug 70,2022-12-13,13:00:00,96,74,22,FMN 17 Stenenbrug
664,Stenenbrug 70,2022-12-13,14:00:00,61,35,26,FMN 17 Stenenbrug
664,Stenenbrug 70,2022-12-13,15:00:00,103,63,40,FMN 17 Stenenbrug
664,Stenenbrug 70,2022-12-13,16:00:00,135,74,61,FMN 17 Stenenbrug
664,Stenenbrug 70,2022-12-13,17:00:00,105,68,37,FMN 17 Stenenbrug
664,Stenenbrug 70,2022-12-13,18:00:00,80,51,29,FMN 17 Stenenbrug
664,Stenenbrug 70,2022-12-13,19:00:00,65,41,24,FMN 17 Stenenbrug
664,Stenenbrug 70,2022-12-13,20:00:00,35,26,9,FMN 17 Stenenbrug
664,Stenenbrug 70,2022-12-13,21:00:00,31,22,9,FMN 17 Stenenbrug
664,Stenenbrug 70,2022-12-13,22:00:00,24,19,5,FMN 17 Stenenbrug
664,Stenenbrug 70,2022-12-13,23:00:00,14,9,5,FMN 17 Stenenbrug
664,Stenenbrug 70,2022-12-14,00:00:00,10,7,3,FMN 17 Stenenbrug
664,Stenenbrug 70,2022-12-14,01:00:00,3,3,0,FMN 17 Stenenbrug
664,Stenenbrug 70,2022-12-14,02:00:00,3,1,2,FMN 17 Stenenbrug
664,Stenenbrug 70,2022-12-14,03:00:00,4,3,1,FMN 17 Stenenbrug
664,Stenenbrug 70,2022-12-14,04:00:00,8,8,0,FMN 17 Stenenbrug
664,Stenenbrug 70,2022-12-14,05:00:00,15,13,2,FMN 17 Stenenbrug
664,Stenenbrug 70,2022-12-14,06:00:00,35,27,8,FMN 17 Stenenbrug
664,Stenenbrug 70,2022-12-14,07:00:00,88,78,10,FMN 17 Stenenbrug
664,Stenenbrug 70,2022-12-14,08:00:00,125,100,25,FMN 17 Stenenbrug
664,Stenenbrug 70,2022-12-14,09:00:00,44,32,12,FMN 17 Stenenbrug
664,Stenenbrug 70,2022-12-14,10:00:00,78,60,18,FMN 17 Stenenbrug
664,Stenenbrug 70,2022-12-14,11:00:00,82,63,19,FMN 17 Stenenbrug
664,Stenenbrug 70,2022-12-14,12:00:00,199,145,54,FMN 17 Stenenbrug
664,Stenenbrug 70,2022-12-14,13:00:00,119,78,41,FMN 17 Stenenbrug
664,Stenenbrug 70,2022-12-14,14:00:00,73,47,26,FMN 17 Stenenbrug
664,Stenenbrug 70,2022-12-14,15:00:00,74,54,20,FMN 17 Stenenbrug
664,Stenenbrug 70,2022-12-14,16:00:00,82,56,26,FMN 17 Stenenbrug
664,Stenenbrug 70,2022-12-14,17:00:00,95,69,26,FMN 17 Stenenbrug
664,Stenenbrug 70,2022-12-14,18:00:00,60,46,14,FMN 17 Stenenbrug
664,Stenenbrug 70,2022-12-14,19:00:00,49,38,11,FMN 17 Stenenbrug
664,Stenenbrug 70,2022-12-14,20:00:00,28,22,6,FMN 17 Stenenbrug
664,Stenenbrug 70,2022-12-14,21:00:00,27,19,8,FMN 17 Stenenbrug
664,Stenenbrug 70,2022-12-14,22:00:00,34,19,15,FMN 17 Stenenbrug
664,Stenenbrug 70,2022-12-14,23:00:00,13,10,3,FMN 17 Stenenbrug
664,Stenenbrug 70,2022-12-15,00:00:00,13,6,7,FMN 17 Stenenbrug
664,Stenenbrug 70,2022-12-15,01:00:00,4,2,2,FMN 17 Stenenbrug
664,Stenenbrug 70,2022-12-15,02:00:00,3,1,2,FMN 17 Stenenbrug
664,Stenenbrug 70,2022-12-15,03:00:00,2,1,1,FMN 17 Stenenbrug
664,Stenenbrug 70,2022-12-15,04:00:00,8,7,1,FMN 17 Stenenbrug
664,Stenenbrug 70,2022-12-15,05:00:00,17,15,2,FMN 17 Stenenbrug
664,Stenenbrug 70,2022-12-15,06:00:00,17,11,6,FMN 17 Stenenbrug
664,Stenenbrug 70,2022-12-15,07:00:00,58,52,6,FMN 17 Stenenbrug
664,Stenenbrug 70,2022-12-15,08:00:00,82,67,15,FMN 17 Stenenbrug
664,Stenenbrug 70,2022-12-15,09:00:00,44,38,6,FMN 17 Stenenbrug
664,Stenenbrug 70,2022-12-15,10:00:00,53,39,14,FMN 17 Stenenbrug
664,Stenenbrug 70,2022-12-15,11:00:00,46,39,7,FMN 17 Stenenbrug
664,Stenenbrug 70,2022-12-15,12:00:00,140,111,29,FMN 17 Stenenbrug
664,Stenenbrug 70,2022-12-15,13:00:00,105,65,40,FMN 17 Stenenbrug
664,Stenenbrug 70,2022-12-15,14:00:00,87,64,23,FMN 17 Stenenbrug
664,Stenenbrug 70,2022-12-15,15:00:00,122,83,39,FMN 17 Stenenbrug
664,Stenenbrug 70,2022-12-15,16:00:00,136,81,55,FMN 17 Stenenbrug
664,Stenenbrug 70,2022-12-15,17:00:00,100,70,30,FMN 17 Stenenbrug
664,Stenenbrug 70,2022-12-15,18:00:00,87,65,22,FMN 17 Stenenbrug
664,Stenenbrug 70,2022-12-15,19:00:00,63,52,11,FMN 17 Stenenbrug
664,Stenenbrug 70,2022-12-15,20:00:00,46,37,9,FMN 17 Stenenbrug
664,Stenenbrug 70,2022-12-15,21:00:00,26,15,11,FMN 17 Stenenbrug
664,Stenenbrug 70,2022-12-15,22:00:00,35,23,12,FMN 17 Stenenbrug
664,Stenenbrug 70,2022-12-15,23:00:00,18,11,7,FMN 17 Stenenbrug
664,Stenenbrug 70,2022-12-16,00:00:00,7,5,2,FMN 17 Stenenbrug
664,Stenenbrug 70,2022-12-16,01:00:00,7,6,1,FMN 17 Stenenbrug
664,Stenenbrug 70,2022-12-16,02:00:00,1,1,0,FMN 17 Stenenbrug
664,Stenenbrug 70,2022-12-16,03:00:00,0,0,0,FMN 17 Stenenbrug
664,Stenenbrug 70,2022-12-16,04:00:00,13,11,2,FMN 17 Stenenbrug
664,Stenenbrug 70,2022-12-16,05:00:00,18,17,1,FMN 17 Stenenbrug
664,Stenenbrug 70,2022-12-16,06:00:00,33,26,7,FMN 17 Stenenbrug
664,Stenenbrug 70,2022-12-16,07:00:00,62,56,6,FMN 17 Stenenbrug
664,Stenenbrug 70,2022-12-16,08:00:00,140,119,21,FMN 17 Stenenbrug
664,Stenenbrug 70,2022-12-16,09:00:00,69,55,14,FMN 17 Stenenbrug
664,Stenenbrug 70,2022-12-16,10:00:00,101,65,36,FMN 17 Stenenbrug
664,Stenenbrug 70,2022-12-16,11:00:00,146,125,21,FMN 17 Stenenbrug
664,Stenenbrug 70,2022-12-16,12:00:00,200,165,35,FMN 17 Stenenbrug
664,Stenenbrug 70,2022-12-16,13:00:00,121,82,39,FMN 17 Stenenbrug
664,Stenenbrug 70,2022-12-16,14:00:00,122,81,41,FMN 17 Stenenbrug
664,Stenenbrug 70,2022-12-16,15:00:00,112,76,36,FMN 17 Stenenbrug
664,Stenenbrug 70,2022-12-16,16:00:00,106,75,31,FMN 17 Stenenbrug
664,Stenenbrug 70,2022-12-16,17:00:00,120,86,34,FMN 17 Stenenbrug
664,Stenenbrug 70,2022-12-16,18:00:00,97,67,30,FMN 17 Stenenbrug
664,Stenenbrug 70,2022-12-16,19:00:00,68,55,13,FMN 17 Stenenbrug
664,Stenenbrug 70,2022-12-16,20:00:00,47,41,6,FMN 17 Stenenbrug
664,Stenenbrug 70,2022-12-16,21:00:00,39,29,10,FMN 17 Stenenbrug
664,Stenenbrug 70,2022-12-16,22:00:00,22,14,8,FMN 17 Stenenbrug
664,Stenenbrug 70,2022-12-16,23:00:00,25,14,11,FMN 17 Stenenbrug
664,Stenenbrug 70,2022-12-17,00:00:00,23,12,11,FMN 17 Stenenbrug
664,Stenenbrug 70,2022-12-17,01:00:00,11,6,5,FMN 17 Stenenbrug
664,Stenenbrug 70,2022-12-17,02:00:00,2,2,0,FMN 17 Stenenbrug
664,Stenenbrug 70,2022-12-17,03:00:00,2,1,1,FMN 17 Stenenbrug
664,Stenenbrug 70,2022-12-17,04:00:00,4,3,1,FMN 17 Stenenbrug
664,Stenenbrug 70,2022-12-17,05:00:00,6,5,1,FMN 17 Stenenbrug
664,Stenenbrug 70,2022-12-17,06:00:00,6,5,1,FMN 17 Stenenbrug
664,Stenenbrug 70,2022-12-17,07:00:00,9,9,0,FMN 17 Stenenbrug
664,Stenenbrug 70,2022-12-17,08:00:00,7,7,0,FMN 17 Stenenbrug
664,Stenenbrug 70,2022-12-17,09:00:00,35,31,4,FMN 17 Stenenbrug
664,Stenenbrug 70,2022-12-17,10:00:00,46,37,9,FMN 17 Stenenbrug
664,Stenenbrug 70,2022-12-17,11:00:00,86,69,17,FMN 17 Stenenbrug
664,Stenenbrug 70,2022-12-17,12:00:00,82,71,11,FMN 17 Stenenbrug
664,Stenenbrug 70,2022-12-17,13:00:00,75,61,14,FMN 17 Stenenbrug
664,Stenenbrug 70,2022-12-17,14:00:00,70,53,17,FMN 17 Stenenbrug
664,Stenenbrug 70,2022-12-17,15:00:00,61,43,18,FMN 17 Stenenbrug
664,Stenenbrug 70,2022-12-17,16:00:00,59,46,13,FMN 17 Stenenbrug
664,Stenenbrug 70,2022-12-17,17:00:00,37,30,7,FMN 17 Stenenbrug
664,Stenenbrug 70,2022-12-17,18:00:00,41,30,11,FMN 17 Stenenbrug
664,Stenenbrug 70,2022-12-17,19:00:00,62,47,15,FMN 17 Stenenbrug
664,Stenenbrug 70,2022-12-17,20:00:00,30,22,8,FMN 17 Stenenbrug
664,Stenenbrug 70,2022-12-17,21:00:00,25,21,4,FMN 17 Stenenbrug
664,Stenenbrug 70,2022-12-17,22:00:00,21,17,4,FMN 17 Stenenbrug
664,Stenenbrug 70,2022-12-17,23:00:00,20,10,10,FMN 17 Stenenbrug
664,Stenenbrug 70,2022-12-18,00:00:00,6,5,1,FMN 17 Stenenbrug
664,Stenenbrug 70,2022-12-18,01:00:00,6,3,3,FMN 17 Stenenbrug
664,Stenenbrug 70,2022-12-18,02:00:00,0,0,0,FMN 17 Stenenbrug
664,Stenenbrug 70,2022-12-18,03:00:00,0,0,0,FMN 17 Stenenbrug
664,Stenenbrug 70,2022-12-18,04:00:00,1,1,0,FMN 17 Stenenbrug
664,Stenenbrug 70,2022-12-18,05:00:00,1,1,0,FMN 17 Stenenbrug
664,Stenenbrug 70,2022-12-18,06:00:00,3,3,0,FMN 17 Stenenbrug
664,Stenenbrug 70,2022-12-18,07:00:00,4,2,2,FMN 17 Stenenbrug
664,Stenenbrug 70,2022-12-18,08:00:00,4,2,2,FMN 17 Stenenbrug
664,Stenenbrug 70,2022-12-18,09:00:00,15,14,1,FMN 17 Stenenbrug
664,Stenenbrug 70,2022-12-18,10:00:00,25,22,3,FMN 17 Stenenbrug
664,Stenenbrug 70,2022-12-18,11:00:00,27,21,6,FMN 17 Stenenbrug
664,Stenenbrug 70,2022-12-18,12:00:00,33,29,4,FMN 17 Stenenbrug
664,Stenenbrug 70,2022-12-18,13:00:00,44,34,10,FMN 17 Stenenbrug
664,Stenenbrug 70,2022-12-18,14:00:00,39,28,11,FMN 17 Stenenbrug
664,Stenenbrug 70,2022-12-18,15:00:00,52,36,16,FMN 17 Stenenbrug
664,Stenenbrug 70,2022-12-18,16:00:00,38,26,12,FMN 17 Stenenbrug
664,Stenenbrug 70,2022-12-18,17:00:00,38,28,10,FMN 17 Stenenbrug
664,Stenenbrug 70,2022-12-18,18:00:00,45,37,8,FMN 17 Stenenbrug
664,Stenenbrug 70,2022-12-18,19:00:00,39,28,11,FMN 17 Stenenbrug
664,Stenenbrug 70,2022-12-18,20:00:00,34,25,9,FMN 17 Stenenbrug
664,Stenenbrug 70,2022-12-18,21:00:00,12,7,5,FMN 17 Stenenbrug
664,Stenenbrug 70,2022-12-18,22:00:00,20,14,6,FMN 17 Stenenbrug
664,Stenenbrug 70,2022-12-18,23:00:00,15,11,4,FMN 17 Stenenbrug
664,Stenenbrug 70,2022-12-19,00:00:00,3,1,2,FMN 17 Stenenbrug
664,Stenenbrug 70,2022-12-19,01:00:00,3,3,0,FMN 17 Stenenbrug
664,Stenenbrug 70,2022-12-19,02:00:00,0,0,0,FMN 17 Stenenbrug
664,Stenenbrug 70,2022-12-19,03:00:00,5,4,1,FMN 17 Stenenbrug
664,Stenenbrug 70,2022-12-19,04:00:00,22,21,1,FMN 17 Stenenbrug
664,Stenenbrug 70,2022-12-19,05:00:00,28,22,6,FMN 17 Stenenbrug
664,Stenenbrug 70,2022-12-19,06:00:00,46,36,10,FMN 17 Stenenbrug
664,Stenenbrug 70,2022-12-19,07:00:00,199,158,41,FMN 17 Stenenbrug
664,Stenenbrug 70,2022-12-19,08:00:00,343,266,77,FMN 17 Stenenbrug
664,Stenenbrug 70,2022-12-19,09:00:00,120,93,27,FMN 17 Stenenbrug
664,Stenenbrug 70,2022-12-19,10:00:00,148,104,44,FMN 17 Stenenbrug
664,Stenenbrug 70,2022-12-19,11:00:00,87,72,15,FMN 17 Stenenbrug
664,Stenenbrug 70,2022-12-19,12:00:00,134,111,23,FMN 17 Stenenbrug
664,Stenenbrug 70,2022-12-19,13:00:00,127,86,41,FMN 17 Stenenbrug
664,Stenenbrug 70,2022-12-19,14:00:00,131,93,38,FMN 17 Stenenbrug
664,Stenenbrug 70,2022-12-19,15:00:00,208,130,78,FMN 17 Stenenbrug
664,Stenenbrug 70,2022-12-19,16:00:00,270,165,105,FMN 17 Stenenbrug
664,Stenenbrug 70,2022-12-19,17:00:00,246,147,99,FMN 17 Stenenbrug
664,Stenenbrug 70,2022-12-19,18:00:00,220,132,88,FMN 17 Stenenbrug
664,Stenenbrug 70,2022-12-19,19:00:00,140,98,42,FMN 17 Stenenbrug
664,Stenenbrug 70,2022-12-19,20:00:00,121,75,46,FMN 17 Stenenbrug
664,Stenenbrug 70,2022-12-19,21:00:00,66,49,17,FMN 17 Stenenbrug
664,Stenenbrug 70,2022-12-19,22:00:00,49,39,10,FMN 17 Stenenbrug
664,Stenenbrug 70,2022-12-19,23:00:00,29,18,11,FMN 17 Stenenbrug
664,Stenenbrug 70,2022-12-20,00:00:00,15,7,8,FMN 17 Stenenbrug
664,Stenenbrug 70,2022-12-20,01:00:00,5,3,2,FMN 17 Stenenbrug
664,Stenenbrug 70,2022-12-20,02:00:00,2,1,1,FMN 17 Stenenbrug
664,Stenenbrug 70,2022-12-20,03:00:00,6,4,2,FMN 17 Stenenbrug
664,Stenenbrug 70,2022-12-20,04:00:00,20,15,5,FMN 17 Stenenbrug
664,Stenenbrug 70,2022-12-20,05:00:00,36,33,3,FMN 17 Stenenbrug
664,Stenenbrug 70,2022-12-20,06:00:00,62,45,17,FMN 17 Stenenbrug
664,Stenenbrug 70,2022-12-20,07:00:00,170,136,34,FMN 17 Stenenbrug
664,Stenenbrug 70,2022-12-20,08:00:00,248,204,44,FMN 17 Stenenbrug
664,Stenenbrug 70,2022-12-20,09:00:00,92,77,15,FMN 17 Stenenbrug
664,Stenenbrug 70,2022-12-20,10:00:00,75,57,18,FMN 17 Stenenbrug
664,Stenenbrug 70,2022-12-20,11:00:00,57,42,15,FMN 17 Stenenbrug
664,Stenenbrug 70,2022-12-20,12:00:00,94,74,20,FMN 17 Stenenbrug
664,Stenenbrug 70,2022-12-20,13:00:00,75,51,24,FMN 17 Stenenbrug
664,Stenenbrug 70,2022-12-20,14:00:00,94,60,34,FMN 17 Stenenbrug
664,Stenenbrug 70,2022-12-20,15:00:00,110,80,30,FMN 17 Stenenbrug
664,Stenenbrug 70,2022-12-20,16:00:00,184,117,67,FMN 17 Stenenbrug
664,Stenenbrug 70,2022-12-20,17:00:00,185,117,68,FMN 17 Stenenbrug
664,Stenenbrug 70,2022-12-20,18:00:00,161,99,62,FMN 17 Stenenbrug
664,Stenenbrug 70,2022-12-20,19:00:00,141,106,35,FMN 17 Stenenbrug
664,Stenenbrug 70,2022-12-20,20:00:00,64,44,20,FMN 17 Stenenbrug
664,Stenenbrug 70,2022-12-20,21:00:00,53,42,11,FMN 17 Stenenbrug
664,Stenenbrug 70,2022-12-20,22:00:00,46,34,12,FMN 17 Stenenbrug
664,Stenenbrug 70,2022-12-20,23:00:00,35,21,14,FMN 17 Stenenbrug
664,Stenenbrug 70,2022-12-21,00:00:00,11,6,5,FMN 17 Stenenbrug
664,Stenenbrug 70,2022-12-21,01:00:00,11,7,4,FMN 17 Stenenbrug
664,Stenenbrug 70,2022-12-21,02:00:00,4,1,3,FMN 17 Stenenbrug
664,Stenenbrug 70,2022-12-21,03:00:00,7,4,3,FMN 17 Stenenbrug
664,Stenenbrug 70,2022-12-21,04:00:00,19,18,1,FMN 17 Stenenbrug
664,Stenenbrug 70,2022-12-21,05:00:00,32,26,6,FMN 17 Stenenbrug
664,Stenenbrug 70,2022-12-21,06:00:00,63,50,13,FMN 17 Stenenbrug
664,Stenenbrug 70,2022-12-21,07:00:00,145,116,29,FMN 17 Stenenbrug
664,Stenenbrug 70,2022-12-21,08:00:00,219,183,36,FMN 17 Stenenbrug
664,Stenenbrug 70,2022-12-21,09:00:00,100,83,17,FMN 17 Stenenbrug
664,Stenenbrug 70,2022-12-21,10:00:00,94,80,14,FMN 17 Stenenbrug
664,Stenenbrug 70,2022-12-21,11:00:00,103,74,29,FMN 17 Stenenbrug
664,Stenenbrug 70,2022-12-21,12:00:00,165,111,54,FMN 17 Stenenbrug
664,Stenenbrug 70,2022-12-21,13:00:00,133,101,32,FMN 17 Stenenbrug
664,Stenenbrug 70,2022-12-21,14:00:00,133,91,42,FMN 17 Stenenbrug
664,Stenenbrug 70,2022-12-21,15:00:00,144,106,38,FMN 17 Stenenbrug
664,Stenenbrug 70,2022-12-21,16:00:00,160,117,43,FMN 17 Stenenbrug
664,Stenenbrug 70,2022-12-21,17:00:00,176,112,64,FMN 17 Stenenbrug
664,Stenenbrug 70,2022-12-21,18:00:00,128,89,39,FMN 17 Stenenbrug
664,Stenenbrug 70,2022-12-21,19:00:00,94,59,35,FMN 17 Stenenbrug
664,Stenenbrug 70,2022-12-21,20:00:00,73,52,21,FMN 17 Stenenbrug
664,Stenenbrug 70,2022-12-21,21:00:00,63,49,14,FMN 17 Stenenbrug
664,Stenenbrug 70,2022-12-21,22:00:00,76,64,12,FMN 17 Stenenbrug
664,Stenenbrug 70,2022-12-21,23:00:00,43,24,19,FMN 17 Stenenbrug
664,Stenenbrug 70,2022-12-22,00:00:00,24,9,15,FMN 17 Stenenbrug
664,Stenenbrug 70,2022-12-22,01:00:00,14,9,5,FMN 17 Stenenbrug
664,Stenenbrug 70,2022-12-22,02:00:00,1,1,0,FMN 17 Stenenbrug
664,Stenenbrug 70,2022-12-22,03:00:00,4,4,0,FMN 17 Stenenbrug
664,Stenenbrug 70,2022-12-22,04:00:00,14,13,1,FMN 17 Stenenbrug
664,Stenenbrug 70,2022-12-22,05:00:00,25,23,2,FMN 17 Stenenbrug
664,Stenenbrug 70,2022-12-22,06:00:00,52,39,13,FMN 17 Stenenbrug
664,Stenenbrug 70,2022-12-22,07:00:00,174,148,26,FMN 17 Stenenbrug
664,Stenenbrug 70,2022-12-22,08:00:00,257,208,49,FMN 17 Stenenbrug
664,Stenenbrug 70,2022-12-22,09:00:00,109,95,14,FMN 17 Stenenbrug
664,Stenenbrug 70,2022-12-22,10:00:00,108,64,44,FMN 17 Stenenbrug
664,Stenenbrug 70,2022-12-22,11:00:00,91,75,16,FMN 17 Stenenbrug
664,Stenenbrug 70,2022-12-22,12:00:00,184,159,25,FMN 17 Stenenbrug
664,Stenenbrug 70,2022-12-22,13:00:00,124,83,41,FMN 17 Stenenbrug
664,Stenenbrug 70,2022-12-22,14:00:00,126,87,39,FMN 17 Stenenbrug
664,Stenenbrug 70,2022-12-22,15:00:00,146,92,54,FMN 17 Stenenbrug
664,Stenenbrug 70,2022-12-22,16:00:00,198,117,81,FMN 17 Stenenbrug
664,Stenenbrug 70,2022-12-22,17:00:00,213,143,70,FMN 17 Stenenbrug
664,Stenenbrug 70,2022-12-22,18:00:00,183,126,57,FMN 17 Stenenbrug
664,Stenenbrug 70,2022-12-22,19:00:00,140,108,32,FMN 17 Stenenbrug
664,Stenenbrug 70,2022-12-22,20:00:00,111,76,35,FMN 17 Stenenbrug
664,Stenenbrug 70,2022-12-22,21:00:00,72,50,22,FMN 17 Stenenbrug
664,Stenenbrug 70,2022-12-22,22:00:00,51,34,17,FMN 17 Stenenbrug
664,Stenenbrug 70,2022-12-22,23:00:00,44,28,16,FMN 17 Stenenbrug
664,Stenenbrug 70,2022-12-23,00:00:00,25,15,10,FMN 17 Stenenbrug
664,Stenenbrug 70,2022-12-23,01:00:00,18,7,11,FMN 17 Stenenbrug
664,Stenenbrug 70,2022-12-23,02:00:00,8,4,4,FMN 17 Stenenbrug
664,Stenenbrug 70,2022-12-23,03:00:00,8,7,1,FMN 17 Stenenbrug
664,Stenenbrug 70,2022-12-23,04:00:00,18,14,4,FMN 17 Stenenbrug
664,Stenenbrug 70,2022-12-23,05:00:00,32,25,7,FMN 17 Stenenbrug
664,Stenenbrug 70,2022-12-23,06:00:00,62,41,21,FMN 17 Stenenbrug
664,Stenenbrug 70,2022-12-23,07:00:00,131,111,20,FMN 17 Stenenbrug
664,Stenenbrug 70,2022-12-23,08:00:00,236,168,68,FMN 17 Stenenbrug
664,Stenenbrug 70,2022-12-23,09:00:00,119,96,23,FMN 17 Stenenbrug
664,Stenenbrug 70,2022-12-23,10:00:00,128,105,23,FMN 17 Stenenbrug
664,Stenenbrug 70,2022-12-23,11:00:00,95,80,15,FMN 17 Stenenbrug
664,Stenenbrug 70,2022-12-23,12:00:00,110,76,34,FMN 17 Stenenbrug
664,Stenenbrug 70,2022-12-23,13:00:00,71,44,27,FMN 17 Stenenbrug
664,Stenenbrug 70,2022-12-23,14:00:00,106,76,30,FMN 17 Stenenbrug
664,Stenenbrug 70,2022-12-23,15:00:00,173,107,66,FMN 17 Stenenbrug
664,Stenenbrug 70,2022-12-23,16:00:00,204,139,65,FMN 17 Stenenbrug
664,Stenenbrug 70,2022-12-23,17:00:00,194,146,48,FMN 17 Stenenbrug
664,Stenenbrug 70,2022-12-23,18:00:00,170,120,50,FMN 17 Stenenbrug
664,Stenenbrug 70,2022-12-23,19:00:00,164,125,39,FMN 17 Stenenbrug
664,Stenenbrug 70,2022-12-23,20:00:00,109,85,24,FMN 17 Stenenbrug
664,Stenenbrug 70,2022-12-23,21:00:00,97,77,20,FMN 17 Stenenbrug
664,Stenenbrug 70,2022-12-23,22:00:00,81,60,21,FMN 17 Stenenbrug
664,Stenenbrug 70,2022-12-23,23:00:00,40,30,10,FMN 17 Stenenbrug
664,Stenenbrug 70,2022-12-24,00:00:00,43,32,11,FMN 17 Stenenbrug
664,Stenenbrug 70,2022-12-24,01:00:00,20,15,5,FMN 17 Stenenbrug
664,Stenenbrug 70,2022-12-24,02:00:00,12,10,2,FMN 17 Stenenbrug
664,Stenenbrug 70,2022-12-24,03:00:00,14,11,3,FMN 17 Stenenbrug
664,Stenenbrug 70,2022-12-24,04:00:00,11,8,3,FMN 17 Stenenbrug
664,Stenenbrug 70,2022-12-24,05:00:00,16,12,4,FMN 17 Stenenbrug
664,Stenenbrug 70,2022-12-24,06:00:00,13,8,5,FMN 17 Stenenbrug
664,Stenenbrug 70,2022-12-24,07:00:00,27,15,12,FMN 17 Stenenbrug
664,Stenenbrug 70,2022-12-24,08:00:00,29,23,6,FMN 17 Stenenbrug
664,Stenenbrug 70,2022-12-24,09:00:00,61,43,18,FMN 17 Stenenbrug
664,Stenenbrug 70,2022-12-24,10:00:00,112,72,40,FMN 17 Stenenbrug
664,Stenenbrug 70,2022-12-24,11:00:00,115,85,30,FMN 17 Stenenbrug
664,Stenenbrug 70,2022-12-24,12:00:00,136,104,32,FMN 17 Stenenbrug
664,Stenenbrug 70,2022-12-24,13:00:00,105,80,25,FMN 17 Stenenbrug
664,Stenenbrug 70,2022-12-24,14:00:00,119,85,34,FMN 17 Stenenbrug
664,Stenenbrug 70,2022-12-24,15:00:00,101,68,33,FMN 17 Stenenbrug
664,Stenenbrug 70,2022-12-24,16:00:00,117,76,41,FMN 17 Stenenbrug
664,Stenenbrug 70,2022-12-24,17:00:00,95,70,25,FMN 17 Stenenbrug
664,Stenenbrug 70,2022-12-24,18:00:00,61,46,15,FMN 17 Stenenbrug
664,Stenenbrug 70,2022-12-24,19:00:00,21,18,3,FMN 17 Stenenbrug
664,Stenenbrug 70,2022-12-24,20:00:00,39,28,11,FMN 17 Stenenbrug
664,Stenenbrug 70,2022-12-24,21:00:00,47,38,9,FMN 17 Stenenbrug
664,Stenenbrug 70,2022-12-24,22:00:00,40,33,7,FMN 17 Stenenbrug
664,Stenenbrug 70,2022-12-24,23:00:00,33,22,11,FMN 17 Stenenbrug
664,Stenenbrug 70,2022-12-25,00:00:00,46,35,11,FMN 17 Stenenbrug
664,Stenenbrug 70,2022-12-25,01:00:00,23,17,6,FMN 17 Stenenbrug
664,Stenenbrug 70,2022-12-25,02:00:00,12,8,4,FMN 17 Stenenbrug
664,Stenenbrug 70,2022-12-25,03:00:00,7,6,1,FMN 17 Stenenbrug
664,Stenenbrug 70,2022-12-25,04:00:00,5,4,1,FMN 17 Stenenbrug
664,Stenenbrug 70,2022-12-25,05:00:00,8,7,1,FMN 17 Stenenbrug
664,Stenenbrug 70,2022-12-25,06:00:00,9,8,1,FMN 17 Stenenbrug
664,Stenenbrug 70,2022-12-25,07:00:00,5,4,1,FMN 17 Stenenbrug
664,Stenenbrug 70,2022-12-25,08:00:00,14,10,4,FMN 17 Stenenbrug
664,Stenenbrug 70,2022-12-25,09:00:00,14,9,5,FMN 17 Stenenbrug
664,Stenenbrug 70,2022-12-25,10:00:00,20,17,3,FMN 17 Stenenbrug
664,Stenenbrug 70,2022-12-25,11:00:00,35,26,9,FMN 17 Stenenbrug
664,Stenenbrug 70,2022-12-25,12:00:00,35,26,9,FMN 17 Stenenbrug
664,Stenenbrug 70,2022-12-25,13:00:00,44,27,17,FMN 17 Stenenbrug
664,Stenenbrug 70,2022-12-25,14:00:00,50,35,15,FMN 17 Stenenbrug
664,Stenenbrug 70,2022-12-25,15:00:00,37,25,12,FMN 17 Stenenbrug
664,Stenenbrug 70,2022-12-25,16:00:00,39,28,11,FMN 17 Stenenbrug
664,Stenenbrug 70,2022-12-25,17:00:00,58,37,21,FMN 17 Stenenbrug
664,Stenenbrug 70,2022-12-25,18:00:00,41,28,13,FMN 17 Stenenbrug
664,Stenenbrug 70,2022-12-25,19:00:00,45,36,9,FMN 17 Stenenbrug
664,Stenenbrug 70,2022-12-25,20:00:00,36,26,10,FMN 17 Stenenbrug
664,Stenenbrug 70,2022-12-25,21:00:00,29,18,11,FMN 17 Stenenbrug
664,Stenenbrug 70,2022-12-25,22:00:00,25,20,5,FMN 17 Stenenbrug
664,Stenenbrug 70,2022-12-25,23:00:00,22,16,6,FMN 17 Stenenbrug
664,Stenenbrug 70,2022-12-26,00:00:00,19,17,2,FMN 17 Stenenbrug
664,Stenenbrug 70,2022-12-26,01:00:00,11,8,3,FMN 17 Stenenbrug
664,Stenenbrug 70,2022-12-26,02:00:00,4,3,1,FMN 17 Stenenbrug
664,Stenenbrug 70,2022-12-26,03:00:00,9,8,1,FMN 17 Stenenbrug
664,Stenenbrug 70,2022-12-26,04:00:00,19,15,4,FMN 17 Stenenbrug
664,Stenenbrug 70,2022-12-26,05:00:00,13,8,5,FMN 17 Stenenbrug
664,Stenenbrug 70,2022-12-26,06:00:00,38,31,7,FMN 17 Stenenbrug
664,Stenenbrug 70,2022-12-26,07:00:00,28,26,2,FMN 17 Stenenbrug
664,Stenenbrug 70,2022-12-26,08:00:00,54,47,7,FMN 17 Stenenbrug
664,Stenenbrug 70,2022-12-26,09:00:00,51,40,11,FMN 17 Stenenbrug
664,Stenenbrug 70,2022-12-26,10:00:00,56,45,11,FMN 17 Stenenbrug
664,Stenenbrug 70,2022-12-26,11:00:00,67,51,16,FMN 17 Stenenbrug
664,Stenenbrug 70,2022-12-26,12:00:00,75,65,10,FMN 17 Stenenbrug
664,Stenenbrug 70,2022-12-26,13:00:00,80,62,18,FMN 17 Stenenbrug
664,Stenenbrug 70,2022-12-26,14:00:00,77,57,20,FMN 17 Stenenbrug
664,Stenenbrug 70,2022-12-26,15:00:00,89,68,21,FMN 17 Stenenbrug
664,Stenenbrug 70,2022-12-26,16:00:00,74,56,18,FMN 17 Stenenbrug
664,Stenenbrug 70,2022-12-26,17:00:00,60,47,13,FMN 17 Stenenbrug
664,Stenenbrug 70,2022-12-26,18:00:00,58,41,17,FMN 17 Stenenbrug
664,Stenenbrug 70,2022-12-26,19:00:00,57,41,16,FMN 17 Stenenbrug
664,Stenenbrug 70,2022-12-26,20:00:00,36,28,8,FMN 17 Stenenbrug
664,Stenenbrug 70,2022-12-26,21:00:00,18,14,4,FMN 17 Stenenbrug
664,Stenenbrug 70,2022-12-26,22:00:00,31,18,13,FMN 17 Stenenbrug
664,Stenenbrug 70,2022-12-26,23:00:00,20,9,11,FMN 17 Stenenbrug
664,Stenenbrug 70,2022-12-27,00:00:00,12,7,5,FMN 17 Stenenbrug
664,Stenenbrug 70,2022-12-27,01:00:00,8,4,4,FMN 17 Stenenbrug
664,Stenenbrug 70,2022-12-27,02:00:00,0,0,0,FMN 17 Stenenbrug
664,Stenenbrug 70,2022-12-27,03:00:00,8,6,2,FMN 17 Stenenbrug
664,Stenenbrug 70,2022-12-27,04:00:00,10,9,1,FMN 17 Stenenbrug
664,Stenenbrug 70,2022-12-27,05:00:00,20,14,6,FMN 17 Stenenbrug
664,Stenenbrug 70,2022-12-27,06:00:00,23,18,5,FMN 17 Stenenbrug
664,Stenenbrug 70,2022-12-27,07:00:00,47,42,5,FMN 17 Stenenbrug
664,Stenenbrug 70,2022-12-27,08:00:00,60,53,7,FMN 17 Stenenbrug
664,Stenenbrug 70,2022-12-27,09:00:00,41,35,6,FMN 17 Stenenbrug
664,Stenenbrug 70,2022-12-27,10:00:00,74,53,21,FMN 17 Stenenbrug
664,Stenenbrug 70,2022-12-27,11:00:00,83,60,23,FMN 17 Stenenbrug
664,Stenenbrug 70,2022-12-27,12:00:00,109,83,26,FMN 17 Stenenbrug
664,Stenenbrug 70,2022-12-27,13:00:00,90,67,23,FMN 17 Stenenbrug
664,Stenenbrug 70,2022-12-27,14:00:00,115,93,22,FMN 17 Stenenbrug
664,Stenenbrug 70,2022-12-27,15:00:00,103,82,21,FMN 17 Stenenbrug
664,Stenenbrug 70,2022-12-27,16:00:00,120,90,30,FMN 17 Stenenbrug
664,Stenenbrug 70,2022-12-27,17:00:00,129,83,46,FMN 17 Stenenbrug
664,Stenenbrug 70,2022-12-27,18:00:00,108,90,18,FMN 17 Stenenbrug
664,Stenenbrug 70,2022-12-27,19:00:00,88,71,17,FMN 17 Stenenbrug
664,Stenenbrug 70,2022-12-27,20:00:00,65,53,12,FMN 17 Stenenbrug
664,Stenenbrug 70,2022-12-27,21:00:00,57,45,12,FMN 17 Stenenbrug
664,Stenenbrug 70,2022-12-27,22:00:00,38,23,15,FMN 17 Stenenbrug
664,Stenenbrug 70,2022-12-27,23:00:00,15,7,8,FMN 17 Stenenbrug
664,Stenenbrug 70,2022-12-28,00:00:00,28,19,9,FMN 17 Stenenbrug
664,Stenenbrug 70,2022-12-28,01:00:00,8,4,4,FMN 17 Stenenbrug
664,Stenenbrug 70,2022-12-28,02:00:00,5,3,2,FMN 17 Stenenbrug
664,Stenenbrug 70,2022-12-28,03:00:00,4,4,0,FMN 17 Stenenbrug
664,Stenenbrug 70,2022-12-28,04:00:00,13,11,2,FMN 17 Stenenbrug
664,Stenenbrug 70,2022-12-28,05:00:00,35,24,11,FMN 17 Stenenbrug
664,Stenenbrug 70,2022-12-28,06:00:00,37,29,8,FMN 17 Stenenbrug
664,Stenenbrug 70,2022-12-28,07:00:00,70,57,13,FMN 17 Stenenbrug
664,Stenenbrug 70,2022-12-28,08:00:00,103,86,17,FMN 17 Stenenbrug
664,Stenenbrug 70,2022-12-28,09:00:00,70,53,17,FMN 17 Stenenbrug
664,Stenenbrug 70,2022-12-28,10:00:00,39,27,12,FMN 17 Stenenbrug
664,Stenenbrug 70,2022-12-28,11:00:00,56,44,12,FMN 17 Stenenbrug
664,Stenenbrug 70,2022-12-28,12:00:00,57,40,17,FMN 17 Stenenbrug
664,Stenenbrug 70,2022-12-28,13:00:00,73,54,19,FMN 17 Stenenbrug
664,Stenenbrug 70,2022-12-28,14:00:00,106,77,29,FMN 17 Stenenbrug
664,Stenenbrug 70,2022-12-28,15:00:00,90,64,26,FMN 17 Stenenbrug
664,Stenenbrug 70,2022-12-28,16:00:00,114,68,46,FMN 17 Stenenbrug
664,Stenenbrug 70,2022-12-28,17:00:00,120,69,51,FMN 17 Stenenbrug
664,Stenenbrug 70,2022-12-28,18:00:00,89,69,20,FMN 17 Stenenbrug
664,Stenenbrug 70,2022-12-28,19:00:00,83,70,13,FMN 17 Stenenbrug
664,Stenenbrug 70,2022-12-28,20:00:00,67,51,16,FMN 17 Stenenbrug
664,Stenenbrug 70,2022-12-28,21:00:00,40,33,7,FMN 17 Stenenbrug
664,Stenenbrug 70,2022-12-28,22:00:00,41,31,10,FMN 17 Stenenbrug
664,Stenenbrug 70,2022-12-28,23:00:00,39,15,24,FMN 17 Stenenbrug
664,Stenenbrug 70,2022-12-29,00:00:00,18,12,6,FMN 17 Stenenbrug
664,Stenenbrug 70,2022-12-29,01:00:00,9,7,2,FMN 17 Stenenbrug
664,Stenenbrug 70,2022-12-29,02:00:00,11,8,3,FMN 17 Stenenbrug
664,Stenenbrug 70,2022-12-29,03:00:00,6,6,0,FMN 17 Stenenbrug
664,Stenenbrug 70,2022-12-29,04:00:00,12,9,3,FMN 17 Stenenbrug
664,Stenenbrug 70,2022-12-29,05:00:00,27,21,6,FMN 17 Stenenbrug
664,Stenenbrug 70,2022-12-29,06:00:00,39,34,5,FMN 17 Stenenbrug
664,Stenenbrug 70,2022-12-29,07:00:00,60,50,10,FMN 17 Stenenbrug
664,Stenenbrug 70,2022-12-29,08:00:00,90,75,15,FMN 17 Stenenbrug
664,Stenenbrug 70,2022-12-29,09:00:00,47,43,4,FMN 17 Stenenbrug
664,Stenenbrug 70,2022-12-29,10:00:00,56,43,13,FMN 17 Stenenbrug
664,Stenenbrug 70,2022-12-29,11:00:00,71,53,18,FMN 17 Stenenbrug
664,Stenenbrug 70,2022-12-29,12:00:00,93,75,18,FMN 17 Stenenbrug
664,Stenenbrug 70,2022-12-29,13:00:00,81,60,21,FMN 17 Stenenbrug
664,Stenenbrug 70,2022-12-29,14:00:00,98,73,25,FMN 17 Stenenbrug
664,Stenenbrug 70,2022-12-29,15:00:00,72,46,26,FMN 17 Stenenbrug
664,Stenenbrug 70,2022-12-29,16:00:00,114,88,26,FMN 17 Stenenbrug
664,Stenenbrug 70,2022-12-29,17:00:00,124,87,37,FMN 17 Stenenbrug
664,Stenenbrug 70,2022-12-29,18:00:00,97,84,13,FMN 17 Stenenbrug
664,Stenenbrug 70,2022-12-29,19:00:00,103,80,23,FMN 17 Stenenbrug
664,Stenenbrug 70,2022-12-29,20:00:00,61,47,14,FMN 17 Stenenbrug
664,Stenenbrug 70,2022-12-29,21:00:00,43,32,11,FMN 17 Stenenbrug
664,Stenenbrug 70,2022-12-29,22:00:00,35,22,13,FMN 17 Stenenbrug
664,Stenenbrug 70,2022-12-29,23:00:00,24,20,4,FMN 17 Stenenbrug
664,Stenenbrug 70,2022-12-30,00:00:00,23,13,10,FMN 17 Stenenbrug
664,Stenenbrug 70,2022-12-30,01:00:00,24,15,9,FMN 17 Stenenbrug
664,Stenenbrug 70,2022-12-30,02:00:00,7,6,1,FMN 17 Stenenbrug
664,Stenenbrug 70,2022-12-30,03:00:00,3,1,2,FMN 17 Stenenbrug
664,Stenenbrug 70,2022-12-30,04:00:00,9,5,4,FMN 17 Stenenbrug
664,Stenenbrug 70,2022-12-30,05:00:00,15,11,4,FMN 17 Stenenbrug
664,Stenenbrug 70,2022-12-30,06:00:00,20,17,3,FMN 17 Stenenbrug
664,Stenenbrug 70,2022-12-30,07:00:00,32,28,4,FMN 17 Stenenbrug
664,Stenenbrug 70,2022-12-30,08:00:00,55,45,10,FMN 17 Stenenbrug
664,Stenenbrug 70,2022-12-30,09:00:00,43,40,3,FMN 17 Stenenbrug
664,Stenenbrug 70,2022-12-30,10:00:00,50,45,5,FMN 17 Stenenbrug
664,Stenenbrug 70,2022-12-30,11:00:00,58,48,10,FMN 17 Stenenbrug
664,Stenenbrug 70,2022-12-30,12:00:00,70,65,5,FMN 17 Stenenbrug
664,Stenenbrug 70,2022-12-30,13:00:00,60,44,16,FMN 17 Stenenbrug
664,Stenenbrug 70,2022-12-30,14:00:00,72,51,21,FMN 17 Stenenbrug
664,Stenenbrug 70,2022-12-30,15:00:00,74,49,25,FMN 17 Stenenbrug
664,Stenenbrug 70,2022-12-30,16:00:00,106,68,38,FMN 17 Stenenbrug
664,Stenenbrug 70,2022-12-30,17:00:00,120,88,32,FMN 17 Stenenbrug
664,Stenenbrug 70,2022-12-30,18:00:00,130,98,32,FMN 17 Stenenbrug
664,Stenenbrug 70,2022-12-30,19:00:00,119,88,31,FMN 17 Stenenbrug
664,Stenenbrug 70,2022-12-30,20:00:00,67,48,19,FMN 17 Stenenbrug
664,Stenenbrug 70,2022-12-30,21:00:00,62,48,14,FMN 17 Stenenbrug
664,Stenenbrug 70,2022-12-30,22:00:00,44,31,13,FMN 17 Stenenbrug
664,Stenenbrug 70,2022-12-30,23:00:00,33,20,13,FMN 17 Stenenbrug
664,Stenenbrug 70,2022-12-31,00:00:00,18,10,8,FMN 17 Stenenbrug
664,Stenenbrug 70,2022-12-31,01:00:00,20,13,7,FMN 17 Stenenbrug
664,Stenenbrug 70,2022-12-31,02:00:00,15,11,4,FMN 17 Stenenbrug
664,Stenenbrug 70,2022-12-31,03:00:00,7,2,5,FMN 17 Stenenbrug
664,Stenenbrug 70,2022-12-31,04:00:00,4,2,2,FMN 17 Stenenbrug
664,Stenenbrug 70,2022-12-31,05:00:00,21,16,5,FMN 17 Stenenbrug
664,Stenenbrug 70,2022-12-31,06:00:00,15,9,6,FMN 17 Stenenbrug
664,Stenenbrug 70,2022-12-31,07:00:00,19,15,4,FMN 17 Stenenbrug
664,Stenenbrug 70,2022-12-31,08:00:00,22,20,2,FMN 17 Stenenbrug
664,Stenenbrug 70,2022-12-31,09:00:00,47,29,18,FMN 17 Stenenbrug
664,Stenenbrug 70,2022-12-31,10:00:00,71,47,24,FMN 17 Stenenbrug
664,Stenenbrug 70,2022-12-31,11:00:00,70,56,14,FMN 17 Stenenbrug
664,Stenenbrug 70,2022-12-31,12:00:00,87,70,17,FMN 17 Stenenbrug
664,Stenenbrug 70,2022-12-31,13:00:00,85,65,20,FMN 17 Stenenbrug
664,Stenenbrug 70,2022-12-31,14:00:00,97,68,29,FMN 17 Stenenbrug
664,Stenenbrug 70,2022-12-31,15:00:00,109,80,29,FMN 17 Stenenbrug
664,Stenenbrug 70,2022-12-31,16:00:00,175,138,37,FMN 17 Stenenbrug
664,Stenenbrug 70,2022-12-31,17:00:00,158,127,31,FMN 17 Stenenbrug
664,Stenenbrug 70,2022-12-31,18:00:00,145,106,39,FMN 17 Stenenbrug
664,Stenenbrug 70,2022-12-31,19:00:00,92,72,20,FMN 17 Stenenbrug
664,Stenenbrug 70,2022-12-31,20:00:00,59,42,17,FMN 17 Stenenbrug
664,Stenenbrug 70,2022-12-31,21:00:00,51,46,5,FMN 17 Stenenbrug
664,Stenenbrug 70,2022-12-31,22:00:00,51,37,14,FMN 17 Stenenbrug
664,Stenenbrug 70,2022-12-31,23:00:00,72,55,17,FMN 17 Stenenbrug
664,Stenenbrug 70,2023-01-01,00:00:00,56,33,23,FMN 17 Stenenbrug
664,Stenenbrug 70,2023-01-01,01:00:00,99,80,19,FMN 17 Stenenbrug
664,Stenenbrug 70,2023-01-01,02:00:00,37,28,9,FMN 17 Stenenbrug
664,Stenenbrug 70,2023-01-01,03:00:00,45,29,16,FMN 17 Stenenbrug
664,Stenenbrug 70,2023-01-01,04:00:00,41,30,11,FMN 17 Stenenbrug
664,Stenenbrug 70,2023-01-01,05:00:00,43,30,13,FMN 17 Stenenbrug
664,Stenenbrug 70,2023-01-01,06:00:00,26,19,7,FMN 17 Stenenbrug
664,Stenenbrug 70,2023-01-01,07:00:00,24,17,7,FMN 17 Stenenbrug
664,Stenenbrug 70,2023-01-01,08:00:00,14,9,5,FMN 17 Stenenbrug
664,Stenenbrug 70,2023-01-01,09:00:00,9,8,1,FMN 17 Stenenbrug
664,Stenenbrug 70,2023-01-01,10:00:00,16,9,7,FMN 17 Stenenbrug
664,Stenenbrug 70,2023-01-01,11:00:00,42,33,9,FMN 17 Stenenbrug
664,Stenenbrug 70,2023-01-01,12:00:00,60,44,16,FMN 17 Stenenbrug
664,Stenenbrug 70,2023-01-01,13:00:00,74,56,18,FMN 17 Stenenbrug
664,Stenenbrug 70,2023-01-01,14:00:00,77,53,24,FMN 17 Stenenbrug
664,Stenenbrug 70,2023-01-01,15:00:00,82,60,22,FMN 17 Stenenbrug
664,Stenenbrug 70,2023-01-01,16:00:00,84,60,24,FMN 17 Stenenbrug
664,Stenenbrug 70,2023-01-01,17:00:00,64,50,14,FMN 17 Stenenbrug
664,Stenenbrug 70,2023-01-01,18:00:00,54,37,17,FMN 17 Stenenbrug
664,Stenenbrug 70,2023-01-01,19:00:00,48,32,16,FMN 17 Stenenbrug
664,Stenenbrug 70,2023-01-01,20:00:00,41,28,13,FMN 17 Stenenbrug
664,Stenenbrug 70,2023-01-01,21:00:00,52,40,12,FMN 17 Stenenbrug
664,Stenenbrug 70,2023-01-01,22:00:00,30,19,11,FMN 17 Stenenbrug
664,Stenenbrug 70,2023-01-01,23:00:00,20,16,4,FMN 17 Stenenbrug
664,Stenenbrug 70,2023-01-02,00:00:00,14,9,5,FMN 17 Stenenbrug
664,Stenenbrug 70,2023-01-02,01:00:00,6,4,2,FMN 17 Stenenbrug
664,Stenenbrug 70,2023-01-02,02:00:00,8,4,4,FMN 17 Stenenbrug
664,Stenenbrug 70,2023-01-02,03:00:00,6,6,0,FMN 17 Stenenbrug
664,Stenenbrug 70,2023-01-02,04:00:00,13,12,1,FMN 17 Stenenbrug
664,Stenenbrug 70,2023-01-02,05:00:00,25,17,8,FMN 17 Stenenbrug
664,Stenenbrug 70,2023-01-02,06:00:00,38,24,14,FMN 17 Stenenbrug
664,Stenenbrug 70,2023-01-02,07:00:00,64,51,13,FMN 17 Stenenbrug
664,Stenenbrug 70,2023-01-02,08:00:00,83,68,15,FMN 17 Stenenbrug
664,Stenenbrug 70,2023-01-02,09:00:00,53,43,10,FMN 17 Stenenbrug
664,Stenenbrug 70,2023-01-02,10:00:00,59,47,12,FMN 17 Stenenbrug
664,Stenenbrug 70,2023-01-02,11:00:00,64,54,10,FMN 17 Stenenbrug
664,Stenenbrug 70,2023-01-02,12:00:00,89,66,23,FMN 17 Stenenbrug
664,Stenenbrug 70,2023-01-02,13:00:00,89,69,20,FMN 17 Stenenbrug
664,Stenenbrug 70,2023-01-02,14:00:00,57,33,24,FMN 17 Stenenbrug
664,Stenenbrug 70,2023-01-02,15:00:00,106,72,34,FMN 17 Stenenbrug
664,Stenenbrug 70,2023-01-02,16:00:00,98,67,31,FMN 17 Stenenbrug
664,Stenenbrug 70,2023-01-02,17:00:00,118,76,42,FMN 17 Stenenbrug
664,Stenenbrug 70,2023-01-02,18:00:00,92,67,25,FMN 17 Stenenbrug
664,Stenenbrug 70,2023-01-02,19:00:00,55,43,12,FMN 17 Stenenbrug
664,Stenenbrug 70,2023-01-02,20:00:00,58,44,14,FMN 17 Stenenbrug
664,Stenenbrug 70,2023-01-02,21:00:00,31,24,7,FMN 17 Stenenbrug
664,Stenenbrug 70,2023-01-02,22:00:00,28,21,7,FMN 17 Stenenbrug
664,Stenenbrug 70,2023-01-02,23:00:00,16,12,4,FMN 17 Stenenbrug
664,Stenenbrug 70,2023-01-03,00:00:00,10,5,5,FMN 17 Stenenbrug
664,Stenenbrug 70,2023-01-03,01:00:00,6,5,1,FMN 17 Stenenbrug
664,Stenenbrug 70,2023-01-03,02:00:00,2,2,0,FMN 17 Stenenbrug
664,Stenenbrug 70,2023-01-03,03:00:00,6,3,3,FMN 17 Stenenbrug
664,Stenenbrug 70,2023-01-03,04:00:00,17,17,0,FMN 17 Stenenbrug
664,Stenenbrug 70,2023-01-03,05:00:00,23,16,7,FMN 17 Stenenbrug
664,Stenenbrug 70,2023-01-03,06:00:00,53,40,13,FMN 17 Stenenbrug
664,Stenenbrug 70,2023-01-03,07:00:00,99,82,17,FMN 17 Stenenbrug
664,Stenenbrug 70,2023-01-03,08:00:00,102,84,18,FMN 17 Stenenbrug
664,Stenenbrug 70,2023-01-03,09:00:00,67,52,15,FMN 17 Stenenbrug
664,Stenenbrug 70,2023-01-03,10:00:00,55,47,8,FMN 17 Stenenbrug
664,Stenenbrug 70,2023-01-03,11:00:00,68,55,13,FMN 17 Stenenbrug
664,Stenenbrug 70,2023-01-03,12:00:00,92,77,15,FMN 17 Stenenbrug
664,Stenenbrug 70,2023-01-03,13:00:00,83,56,27,FMN 17 Stenenbrug
664,Stenenbrug 70,2023-01-03,14:00:00,117,80,37,FMN 17 Stenenbrug
664,Stenenbrug 70,2023-01-03,15:00:00,112,79,33,FMN 17 Stenenbrug
664,Stenenbrug 70,2023-01-03,16:00:00,149,98,51,FMN 17 Stenenbrug
664,Stenenbrug 70,2023-01-03,17:00:00,156,110,46,FMN 17 Stenenbrug
664,Stenenbrug 70,2023-01-03,18:00:00,103,79,24,FMN 17 Stenenbrug
664,Stenenbrug 70,2023-01-03,19:00:00,84,61,23,FMN 17 Stenenbrug
664,Stenenbrug 70,2023-01-03,20:00:00,65,54,11,FMN 17 Stenenbrug
664,Stenenbrug 70,2023-01-03,21:00:00,49,36,13,FMN 17 Stenenbrug
664,Stenenbrug 70,2023-01-03,22:00:00,41,24,17,FMN 17 Stenenbrug
664,Stenenbrug 70,2023-01-03,23:00:00,28,21,7,FMN 17 Stenenbrug
664,Stenenbrug 70,2023-01-04,00:00:00,3,1,2,FMN 17 Stenenbrug
664,Stenenbrug 70,2023-01-04,01:00:00,12,10,2,FMN 17 Stenenbrug
664,Stenenbrug 70,2023-01-04,02:00:00,6,5,1,FMN 17 Stenenbrug
664,Stenenbrug 70,2023-01-04,03:00:00,12,9,3,FMN 17 Stenenbrug
664,Stenenbrug 70,2023-01-04,04:00:00,21,19,2,FMN 17 Stenenbrug
664,Stenenbrug 70,2023-01-04,05:00:00,32,22,10,FMN 17 Stenenbrug
664,Stenenbrug 70,2023-01-04,06:00:00,55,41,14,FMN 17 Stenenbrug
664,Stenenbrug 70,2023-01-04,07:00:00,108,95,13,FMN 17 Stenenbrug
664,Stenenbrug 70,2023-01-04,08:00:00,131,106,25,FMN 17 Stenenbrug
664,Stenenbrug 70,2023-01-04,09:00:00,84,57,27,FMN 17 Stenenbrug
664,Stenenbrug 70,2023-01-04,10:00:00,63,51,12,FMN 17 Stenenbrug
664,Stenenbrug 70,2023-01-04,11:00:00,54,44,10,FMN 17 Stenenbrug
664,Stenenbrug 70,2023-01-04,12:00:00,63,48,15,FMN 17 Stenenbrug
664,Stenenbrug 70,2023-01-04,13:00:00,79,55,24,FMN 17 Stenenbrug
664,Stenenbrug 70,2023-01-04,14:00:00,80,52,28,FMN 17 Stenenbrug
664,Stenenbrug 70,2023-01-04,15:00:00,101,75,26,FMN 17 Stenenbrug
664,Stenenbrug 70,2023-01-04,16:00:00,133,89,44,FMN 17 Stenenbrug
664,Stenenbrug 70,2023-01-04,17:00:00,175,122,53,FMN 17 Stenenbrug
664,Stenenbrug 70,2023-01-04,18:00:00,136,92,44,FMN 17 Stenenbrug
664,Stenenbrug 70,2023-01-04,19:00:00,111,84,27,FMN 17 Stenenbrug
664,Stenenbrug 70,2023-01-04,20:00:00,74,56,18,FMN 17 Stenenbrug
664,Stenenbrug 70,2023-01-04,21:00:00,60,44,16,FMN 17 Stenenbrug
664,Stenenbrug 70,2023-01-04,22:00:00,51,33,18,FMN 17 Stenenbrug
664,Stenenbrug 70,2023-01-04,23:00:00,28,23,5,FMN 17 Stenenbrug
664,Stenenbrug 70,2023-01-05,00:00:00,18,10,8,FMN 17 Stenenbrug
664,Stenenbrug 70,2023-01-05,01:00:00,14,11,3,FMN 17 Stenenbrug
664,Stenenbrug 70,2023-01-05,02:00:00,6,4,2,FMN 17 Stenenbrug
664,Stenenbrug 70,2023-01-05,03:00:00,5,3,2,FMN 17 Stenenbrug
664,Stenenbrug 70,2023-01-05,04:00:00,28,26,2,FMN 17 Stenenbrug
664,Stenenbrug 70,2023-01-05,05:00:00,39,27,12,FMN 17 Stenenbrug
664,Stenenbrug 70,2023-01-05,06:00:00,54,38,16,FMN 17 Stenenbrug
664,Stenenbrug 70,2023-01-05,07:00:00,116,91,25,FMN 17 Stenenbrug
664,Stenenbrug 70,2023-01-05,08:00:00,162,123,39,FMN 17 Stenenbrug
664,Stenenbrug 70,2023-01-05,09:00:00,84,69,15,FMN 17 Stenenbrug
664,Stenenbrug 70,2023-01-05,10:00:00,80,62,18,FMN 17 Stenenbrug
664,Stenenbrug 70,2023-01-05,11:00:00,84,64,20,FMN 17 Stenenbrug
664,Stenenbrug 70,2023-01-05,12:00:00,101,74,27,FMN 17 Stenenbrug
664,Stenenbrug 70,2023-01-05,13:00:00,126,102,24,FMN 17 Stenenbrug
664,Stenenbrug 70,2023-01-05,14:00:00,104,76,28,FMN 17 Stenenbrug
664,Stenenbrug 70,2023-01-05,15:00:00,100,67,33,FMN 17 Stenenbrug
664,Stenenbrug 70,2023-01-05,16:00:00,180,122,58,FMN 17 Stenenbrug
664,Stenenbrug 70,2023-01-05,17:00:00,204,139,65,FMN 17 Stenenbrug
664,Stenenbrug 70,2023-01-05,18:00:00,150,99,51,FMN 17 Stenenbrug
664,Stenenbrug 70,2023-01-05,19:00:00,111,82,29,FMN 17 Stenenbrug
664,Stenenbrug 70,2023-01-05,20:00:00,69,53,16,FMN 17 Stenenbrug
664,Stenenbrug 70,2023-01-05,21:00:00,75,56,19,FMN 17 Stenenbrug
664,Stenenbrug 70,2023-01-05,22:00:00,50,38,12,FMN 17 Stenenbrug
664,Stenenbrug 70,2023-01-05,23:00:00,20,15,5,FMN 17 Stenenbrug
664,Stenenbrug 70,2023-01-06,00:00:00,24,14,10,FMN 17 Stenenbrug
664,Stenenbrug 70,2023-01-06,01:00:00,7,5,2,FMN 17 Stenenbrug
664,Stenenbrug 70,2023-01-06,02:00:00,8,4,4,FMN 17 Stenenbrug
664,Stenenbrug 70,2023-01-06,03:00:00,11,10,1,FMN 17 Stenenbrug
664,Stenenbrug 70,2023-01-06,04:00:00,27,24,3,FMN 17 Stenenbrug
664,Stenenbrug 70,2023-01-06,05:00:00,43,27,16,FMN 17 Stenenbrug
664,Stenenbrug 70,2023-01-06,06:00:00,44,25,19,FMN 17 Stenenbrug
664,Stenenbrug 70,2023-01-06,07:00:00,110,89,21,FMN 17 Stenenbrug
664,Stenenbrug 70,2023-01-06,08:00:00,108,81,27,FMN 17 Stenenbrug
664,Stenenbrug 70,2023-01-06,09:00:00,74,67,7,FMN 17 Stenenbrug
664,Stenenbrug 70,2023-01-06,10:00:00,79,57,22,FMN 17 Stenenbrug
664,Stenenbrug 70,2023-01-06,11:00:00,102,81,21,FMN 17 Stenenbrug
664,Stenenbrug 70,2023-01-06,12:00:00,139,104,35,FMN 17 Stenenbrug
664,Stenenbrug 70,2023-01-06,13:00:00,108,81,27,FMN 17 Stenenbrug
664,Stenenbrug 70,2023-01-06,14:00:00,134,82,52,FMN 17 Stenenbrug
664,Stenenbrug 70,2023-01-06,15:00:00,126,94,32,FMN 17 Stenenbrug
664,Stenenbrug 70,2023-01-06,16:00:00,203,124,79,FMN 17 Stenenbrug
664,Stenenbrug 70,2023-01-06,17:00:00,182,126,56,FMN 17 Stenenbrug
664,Stenenbrug 70,2023-01-06,18:00:00,155,124,31,FMN 17 Stenenbrug
664,Stenenbrug 70,2023-01-06,19:00:00,124,92,32,FMN 17 Stenenbrug
664,Stenenbrug 70,2023-01-06,20:00:00,80,64,16,FMN 17 Stenenbrug
664,Stenenbrug 70,2023-01-06,21:00:00,75,60,15,FMN 17 Stenenbrug
664,Stenenbrug 70,2023-01-06,22:00:00,57,37,20,FMN 17 Stenenbrug
664,Stenenbrug 70,2023-01-06,23:00:00,36,24,12,FMN 17 Stenenbrug
664,Stenenbrug 70,2023-01-07,00:00:00,32,23,9,FMN 17 Stenenbrug
664,Stenenbrug 70,2023-01-07,01:00:00,25,21,4,FMN 17 Stenenbrug
664,Stenenbrug 70,2023-01-07,02:00:00,10,8,2,FMN 17 Stenenbrug
664,Stenenbrug 70,2023-01-07,03:00:00,3,3,0,FMN 17 Stenenbrug
664,Stenenbrug 70,2023-01-07,04:00:00,16,5,11,FMN 17 Stenenbrug
664,Stenenbrug 70,2023-01-07,05:00:00,20,16,4,FMN 17 Stenenbrug
664,Stenenbrug 70,2023-01-07,06:00:00,24,16,8,FMN 17 Stenenbrug
664,Stenenbrug 70,2023-01-07,07:00:00,19,15,4,FMN 17 Stenenbrug
664,Stenenbrug 70,2023-01-07,08:00:00,32,23,9,FMN 17 Stenenbrug
664,Stenenbrug 70,2023-01-07,09:00:00,72,57,15,FMN 17 Stenenbrug
664,Stenenbrug 70,2023-01-07,10:00:00,88,71,17,FMN 17 Stenenbrug
664,Stenenbrug 70,2023-01-07,11:00:00,100,74,26,FMN 17 Stenenbrug
664,Stenenbrug 70,2023-01-07,12:00:00,126,106,20,FMN 17 Stenenbrug
664,Stenenbrug 70,2023-01-07,13:00:00,117,89,28,FMN 17 Stenenbrug
664,Stenenbrug 70,2023-01-07,14:00:00,137,103,34,FMN 17 Stenenbrug
664,Stenenbrug 70,2023-01-07,15:00:00,100,75,25,FMN 17 Stenenbrug
664,Stenenbrug 70,2023-01-07,16:00:00,88,65,23,FMN 17 Stenenbrug
664,Stenenbrug 70,2023-01-07,17:00:00,82,57,25,FMN 17 Stenenbrug
664,Stenenbrug 70,2023-01-07,18:00:00,106,78,28,FMN 17 Stenenbrug
664,Stenenbrug 70,2023-01-07,19:00:00,87,71,16,FMN 17 Stenenbrug
664,Stenenbrug 70,2023-01-07,20:00:00,81,60,21,FMN 17 Stenenbrug
664,Stenenbrug 70,2023-01-07,21:00:00,56,41,15,FMN 17 Stenenbrug
664,Stenenbrug 70,2023-01-07,22:00:00,45,29,16,FMN 17 Stenenbrug
664,Stenenbrug 70,2023-01-07,23:00:00,43,26,17,FMN 17 Stenenbrug
664,Stenenbrug 70,2023-01-08,00:00:00,25,17,8,FMN 17 Stenenbrug
664,Stenenbrug 70,2023-01-08,01:00:00,29,20,9,FMN 17 Stenenbrug
664,Stenenbrug 70,2023-01-08,02:00:00,12,6,6,FMN 17 Stenenbrug
664,Stenenbrug 70,2023-01-08,03:00:00,1,0,1,FMN 17 Stenenbrug
664,Stenenbrug 70,2023-01-08,04:00:00,14,9,5,FMN 17 Stenenbrug
664,Stenenbrug 70,2023-01-08,05:00:00,11,9,2,FMN 17 Stenenbrug
664,Stenenbrug 70,2023-01-08,06:00:00,12,10,2,FMN 17 Stenenbrug
664,Stenenbrug 70,2023-01-08,07:00:00,6,5,1,FMN 17 Stenenbrug
664,Stenenbrug 70,2023-01-08,08:00:00,18,16,2,FMN 17 Stenenbrug
664,Stenenbrug 70,2023-01-08,09:00:00,35,28,7,FMN 17 Stenenbrug
664,Stenenbrug 70,2023-01-08,10:00:00,41,28,13,FMN 17 Stenenbrug
664,Stenenbrug 70,2023-01-08,11:00:00,86,68,18,FMN 17 Stenenbrug
664,Stenenbrug 70,2023-01-08,12:00:00,103,86,17,FMN 17 Stenenbrug
664,Stenenbrug 70,2023-01-08,13:00:00,129,99,30,FMN 17 Stenenbrug
664,Stenenbrug 70,2023-01-08,14:00:00,132,93,39,FMN 17 Stenenbrug
664,Stenenbrug 70,2023-01-08,15:00:00,99,72,27,FMN 17 Stenenbrug
664,Stenenbrug 70,2023-01-08,16:00:00,113,93,20,FMN 17 Stenenbrug
664,Stenenbrug 70,2023-01-08,17:00:00,102,78,24,FMN 17 Stenenbrug
664,Stenenbrug 70,2023-01-08,18:00:00,80,68,12,FMN 17 Stenenbrug
664,Stenenbrug 70,2023-01-08,19:00:00,68,48,20,FMN 17 Stenenbrug
664,Stenenbrug 70,2023-01-08,20:00:00,62,47,15,FMN 17 Stenenbrug
664,Stenenbrug 70,2023-01-08,21:00:00,39,27,12,FMN 17 Stenenbrug
664,Stenenbrug 70,2023-01-08,22:00:00,30,19,11,FMN 17 Stenenbrug
664,Stenenbrug 70,2023-01-08,23:00:00,16,9,7,FMN 17 Stenenbrug
664,Stenenbrug 70,2023-01-09,00:00:00,12,6,6,FMN 17 Stenenbrug
664,Stenenbrug 70,2023-01-09,01:00:00,8,5,3,FMN 17 Stenenbrug
664,Stenenbrug 70,2023-01-09,02:00:00,3,3,0,FMN 17 Stenenbrug
664,Stenenbrug 70,2023-01-09,03:00:00,3,3,0,FMN 17 Stenenbrug
664,Stenenbrug 70,2023-01-09,04:00:00,18,15,3,FMN 17 Stenenbrug
664,Stenenbrug 70,2023-01-09,05:00:00,30,26,4,FMN 17 Stenenbrug
664,Stenenbrug 70,2023-01-09,06:00:00,69,56,13,FMN 17 Stenenbrug
664,Stenenbrug 70,2023-01-09,07:00:00,209,181,28,FMN 17 Stenenbrug
664,Stenenbrug 70,2023-01-09,08:00:00,317,256,61,FMN 17 Stenenbrug
664,Stenenbrug 70,2023-01-09,09:00:00,88,74,14,FMN 17 Stenenbrug
664,Stenenbrug 70,2023-01-09,10:00:00,58,49,9,FMN 17 Stenenbrug
664,Stenenbrug 70,2023-01-09,11:00:00,62,41,21,FMN 17 Stenenbrug
664,Stenenbrug 70,2023-01-09,12:00:00,130,104,26,FMN 17 Stenenbrug
664,Stenenbrug 70,2023-01-09,13:00:00,108,81,27,FMN 17 Stenenbrug
664,Stenenbrug 70,2023-01-09,14:00:00,104,68,36,FMN 17 Stenenbrug
664,Stenenbrug 70,2023-01-09,15:00:00,180,96,84,FMN 17 Stenenbrug
664,Stenenbrug 70,2023-01-09,16:00:00,261,183,78,FMN 17 Stenenbrug
664,Stenenbrug 70,2023-01-09,17:00:00,198,133,65,FMN 17 Stenenbrug
664,Stenenbrug 70,2023-01-09,18:00:00,134,98,36,FMN 17 Stenenbrug
664,Stenenbrug 70,2023-01-09,19:00:00,76,53,23,FMN 17 Stenenbrug
664,Stenenbrug 70,2023-01-09,20:00:00,60,46,14,FMN 17 Stenenbrug
664,Stenenbrug 70,2023-01-09,21:00:00,58,46,12,FMN 17 Stenenbrug
664,Stenenbrug 70,2023-01-09,22:00:00,44,33,11,FMN 17 Stenenbrug
664,Stenenbrug 70,2023-01-09,23:00:00,18,12,6,FMN 17 Stenenbrug
664,Stenenbrug 70,2023-01-10,00:00:00,9,6,3,FMN 17 Stenenbrug
664,Stenenbrug 70,2023-01-10,01:00:00,5,3,2,FMN 17 Stenenbrug
664,Stenenbrug 70,2023-01-10,02:00:00,2,1,1,FMN 17 Stenenbrug
664,Stenenbrug 70,2023-01-10,03:00:00,5,3,2,FMN 17 Stenenbrug
664,Stenenbrug 70,2023-01-10,04:00:00,15,14,1,FMN 17 Stenenbrug
664,Stenenbrug 70,2023-01-10,05:00:00,33,26,7,FMN 17 Stenenbrug
664,Stenenbrug 70,2023-01-10,06:00:00,56,45,11,FMN 17 Stenenbrug
664,Stenenbrug 70,2023-01-10,07:00:00,166,139,27,FMN 17 Stenenbrug
664,Stenenbrug 70,2023-01-10,08:00:00,243,193,50,FMN 17 Stenenbrug
664,Stenenbrug 70,2023-01-10,09:00:00,96,80,16,FMN 17 Stenenbrug
664,Stenenbrug 70,2023-01-10,10:00:00,77,62,15,FMN 17 Stenenbrug
664,Stenenbrug 70,2023-01-10,11:00:00,76,60,16,FMN 17 Stenenbrug
664,Stenenbrug 70,2023-01-10,12:00:00,133,103,30,FMN 17 Stenenbrug
664,Stenenbrug 70,2023-01-10,13:00:00,108,78,30,FMN 17 Stenenbrug
664,Stenenbrug 70,2023-01-10,14:00:00,106,71,35,FMN 17 Stenenbrug
664,Stenenbrug 70,2023-01-10,15:00:00,149,96,53,FMN 17 Stenenbrug
664,Stenenbrug 70,2023-01-10,16:00:00,233,155,78,FMN 17 Stenenbrug
664,Stenenbrug 70,2023-01-10,17:00:00,203,129,74,FMN 17 Stenenbrug
664,Stenenbrug 70,2023-01-10,18:00:00,156,107,49,FMN 17 Stenenbrug
664,Stenenbrug 70,2023-01-10,19:00:00,110,82,28,FMN 17 Stenenbrug
664,Stenenbrug 70,2023-01-10,20:00:00,71,56,15,FMN 17 Stenenbrug
664,Stenenbrug 70,2023-01-10,21:00:00,56,41,15,FMN 17 Stenenbrug
664,Stenenbrug 70,2023-01-10,22:00:00,51,36,15,FMN 17 Stenenbrug
664,Stenenbrug 70,2023-01-10,23:00:00,24,16,8,FMN 17 Stenenbrug
664,Stenenbrug 70,2023-01-11,00:00:00,15,9,6,FMN 17 Stenenbrug
664,Stenenbrug 70,2023-01-11,01:00:00,9,6,3,FMN 17 Stenenbrug
664,Stenenbrug 70,2023-01-11,02:00:00,5,3,2,FMN 17 Stenenbrug
664,Stenenbrug 70,2023-01-11,03:00:00,7,5,2,FMN 17 Stenenbrug
664,Stenenbrug 70,2023-01-11,04:00:00,22,20,2,FMN 17 Stenenbrug
664,Stenenbrug 70,2023-01-11,05:00:00,45,35,10,FMN 17 Stenenbrug
664,Stenenbrug 70,2023-01-11,06:00:00,81,63,18,FMN 17 Stenenbrug
664,Stenenbrug 70,2023-01-11,07:00:00,203,171,32,FMN 17 Stenenbrug
664,Stenenbrug 70,2023-01-11,08:00:00,304,240,64,FMN 17 Stenenbrug
664,Stenenbrug 70,2023-01-11,09:00:00,117,98,19,FMN 17 Stenenbrug
664,Stenenbrug 70,2023-01-11,10:00:00,96,75,21,FMN 17 Stenenbrug
664,Stenenbrug 70,2023-01-11,11:00:00,100,75,25,FMN 17 Stenenbrug
664,Stenenbrug 70,2023-01-11,12:00:00,239,174,65,FMN 17 Stenenbrug
664,Stenenbrug 70,2023-01-11,13:00:00,159,115,44,FMN 17 Stenenbrug
664,Stenenbrug 70,2023-01-11,14:00:00,144,99,45,FMN 17 Stenenbrug
664,Stenenbrug 70,2023-01-11,15:00:00,152,104,48,FMN 17 Stenenbrug
664,Stenenbrug 70,2023-01-11,16:00:00,208,137,71,FMN 17 Stenenbrug
664,Stenenbrug 70,2023-01-11,17:00:00,222,144,78,FMN 17 Stenenbrug
664,Stenenbrug 70,2023-01-11,18:00:00,162,115,47,FMN 17 Stenenbrug
664,Stenenbrug 70,2023-01-11,19:00:00,130,93,37,FMN 17 Stenenbrug
664,Stenenbrug 70,2023-01-11,20:00:00,82,62,20,FMN 17 Stenenbrug
664,Stenenbrug 70,2023-01-11,21:00:00,65,50,15,FMN 17 Stenenbrug
664,Stenenbrug 70,2023-01-11,22:00:00,70,51,19,FMN 17 Stenenbrug
664,Stenenbrug 70,2023-01-11,23:00:00,33,20,13,FMN 17 Stenenbrug
664,Stenenbrug 70,2023-01-12,00:00:00,14,7,7,FMN 17 Stenenbrug
664,Stenenbrug 70,2023-01-12,01:00:00,6,4,2,FMN 17 Stenenbrug
664,Stenenbrug 70,2023-01-12,02:00:00,4,2,2,FMN 17 Stenenbrug
664,Stenenbrug 70,2023-01-12,03:00:00,5,4,1,FMN 17 Stenenbrug
664,Stenenbrug 70,2023-01-12,04:00:00,17,15,2,FMN 17 Stenenbrug
664,Stenenbrug 70,2023-01-12,05:00:00,34,27,7,FMN 17 Stenenbrug
664,Stenenbrug 70,2023-01-12,06:00:00,56,46,10,FMN 17 Stenenbrug
664,Stenenbrug 70,2023-01-12,07:00:00,162,135,27,FMN 17 Stenenbrug
664,Stenenbrug 70,2023-01-12,08:00:00,261,203,58,FMN 17 Stenenbrug
664,Stenenbrug 70,2023-01-12,09:00:00,96,83,13,FMN 17 Stenenbrug
664,Stenenbrug 70,2023-01-12,10:00:00,75,57,18,FMN 17 Stenenbrug
664,Stenenbrug 70,2023-01-12,11:00:00,78,61,17,FMN 17 Stenenbrug
664,Stenenbrug 70,2023-01-12,12:00:00,133,106,27,FMN 17 Stenenbrug
664,Stenenbrug 70,2023-01-12,13:00:00,111,80,31,FMN 17 Stenenbrug
664,Stenenbrug 70,2023-01-12,14:00:00,101,73,28,FMN 17 Stenenbrug
664,Stenenbrug 70,2023-01-12,15:00:00,159,107,52,FMN 17 Stenenbrug
664,Stenenbrug 70,2023-01-12,16:00:00,246,170,76,FMN 17 Stenenbrug
664,Stenenbrug 70,2023-01-12,17:00:00,210,142,68,FMN 17 Stenenbrug
664,Stenenbrug 70,2023-01-12,18:00:00,171,127,44,FMN 17 Stenenbrug
664,Stenenbrug 70,2023-01-12,19:00:00,140,111,29,FMN 17 Stenenbrug
664,Stenenbrug 70,2023-01-12,20:00:00,87,68,19,FMN 17 Stenenbrug
664,Stenenbrug 70,2023-01-12,21:00:00,63,47,16,FMN 17 Stenenbrug
664,Stenenbrug 70,2023-01-12,22:00:00,51,35,16,FMN 17 Stenenbrug
664,Stenenbrug 70,2023-01-12,23:00:00,32,19,13,FMN 17 Stenenbrug
664,Stenenbrug 70,2023-01-13,00:00:00,24,14,10,FMN 17 Stenenbrug
664,Stenenbrug 70,2023-01-13,01:00:00,13,8,5,FMN 17 Stenenbrug
664,Stenenbrug 70,2023-01-13,02:00:00,6,3,3,FMN 17 Stenenbrug
664,Stenenbrug 70,2023-01-13,03:00:00,7,6,1,FMN 17 Stenenbrug
664,Stenenbrug 70,2023-01-13,04:00:00,17,14,3,FMN 17 Stenenbrug
664,Stenenbrug 70,2023-01-13,05:00:00,31,25,6,FMN 17 Stenenbrug
664,Stenenbrug 70,2023-01-13,06:00:00,53,41,12,FMN 17 Stenenbrug
664,Stenenbrug 70,2023-01-13,07:00:00,133,116,17,FMN 17 Stenenbrug
664,Stenenbrug 70,2023-01-13,08:00:00,202,160,42,FMN 17 Stenenbrug
664,Stenenbrug 70,2023-01-13,09:00:00,94,81,13,FMN 17 Stenenbrug
664,Stenenbrug 70,2023-01-13,10:00:00,88,70,18,FMN 17 Stenenbrug
664,Stenenbrug 70,2023-01-13,11:00:00,103,85,18,FMN 17 Stenenbrug
664,Stenenbrug 70,2023-01-13,12:00:00,149,121,28,FMN 17 Stenenbrug
664,Stenenbrug 70,2023-01-13,13:00:00,113,84,29,FMN 17 Stenenbrug
664,Stenenbrug 70,2023-01-13,14:00:00,127,92,35,FMN 17 Stenenbrug
664,Stenenbrug 70,2023-01-13,15:00:00,163,113,50,FMN 17 Stenenbrug
664,Stenenbrug 70,2023-01-13,16:00:00,214,155,59,FMN 17 Stenenbrug
664,Stenenbrug 70,2023-01-13,17:00:00,178,129,49,FMN 17 Stenenbrug
664,Stenenbrug 70,2023-01-13,18:00:00,150,117,33,FMN 17 Stenenbrug
664,Stenenbrug 70,2023-01-13,19:00:00,127,102,25,FMN 17 Stenenbrug
664,Stenenbrug 70,2023-01-13,20:00:00,87,70,17,FMN 17 Stenenbrug
664,Stenenbrug 70,2023-01-13,21:00:00,72,57,15,FMN 17 Stenenbrug
664,Stenenbrug 70,2023-01-13,22:00:00,55,41,14,FMN 17 Stenenbrug
664,Stenenbrug 70,2023-01-13,23:00:00,40,28,12,FMN 17 Stenenbrug
664,Stenenbrug 70,2023-01-14,00:00:00,25,18,7,FMN 17 Stenenbrug
664,Stenenbrug 70,2023-01-14,01:00:00,16,13,3,FMN 17 Stenenbrug
664,Stenenbrug 70,2023-01-14,02:00:00,8,6,2,FMN 17 Stenenbrug
664,Stenenbrug 70,2023-01-14,03:00:00,7,5,2,FMN 17 Stenenbrug
664,Stenenbrug 70,2023-01-14,04:00:00,7,5,2,FMN 17 Stenenbrug
664,Stenenbrug 70,2023-01-14,05:00:00,12,10,2,FMN 17 Stenenbrug
664,Stenenbrug 70,2023-01-14,06:00:00,13,9,4,FMN 17 Stenenbrug
664,Stenenbrug 70,2023-01-14,07:00:00,17,14,3,FMN 17 Stenenbrug
664,Stenenbrug 70,2023-01-14,08:00:00,24,20,4,FMN 17 Stenenbrug
664,Stenenbrug 70,2023-01-14,09:00:00,54,42,12,FMN 17 Stenenbrug
664,Stenenbrug 70,2023-01-14,10:00:00,81,62,19,FMN 17 Stenenbrug
664,Stenenbrug 70,2023-01-14,11:00:00,93,76,17,FMN 17 Stenenbrug
664,Stenenbrug 70,2023-01-14,12:00:00,115,97,18,FMN 17 Stenenbrug
664,Stenenbrug 70,2023-01-14,13:00:00,108,86,22,FMN 17 Stenenbrug
664,Stenenbrug 70,2023-01-14,14:00:00,105,84,21,FMN 17 Stenenbrug
664,Stenenbrug 70,2023-01-14,15:00:00,96,77,19,FMN 17 Stenenbrug
664,Stenenbrug 70,2023-01-14,16:00:00,100,76,24,FMN 17 Stenenbrug
664,Stenenbrug 70,2023-01-14,17:00:00,100,81,19,FMN 17 Stenenbrug
664,Stenenbrug 70,2023-01-14,18:00:00,88,74,14,FMN 17 Stenenbrug
664,Stenenbrug 70,2023-01-14,19:00:00,84,71,13,FMN 17 Stenenbrug
664,Stenenbrug 70,2023-01-14,20:00:00,56,46,10,FMN 17 Stenenbrug
664,Stenenbrug 70,2023-01-14,21:00:00,41,34,7,FMN 17 Stenenbrug
664,Stenenbrug 70,2023-01-14,22:00:00,35,27,8,FMN 17 Stenenbrug
664,Stenenbrug 70,2023-01-14,23:00:00,37,26,11,FMN 17 Stenenbrug
664,Stenenbrug 70,2023-01-15,00:00:00,35,23,12,FMN 17 Stenenbrug
664,Stenenbrug 70,2023-01-15,01:00:00,12,6,6,FMN 17 Stenenbrug
664,Stenenbrug 70,2023-01-15,02:00:00,5,5,0,FMN 17 Stenenbrug
664,Stenenbrug 70,2023-01-15,03:00:00,4,3,1,FMN 17 Stenenbrug
664,Stenenbrug 70,2023-01-15,04:00:00,3,3,0,FMN 17 Stenenbrug
664,Stenenbrug 70,2023-01-15,05:00:00,6,5,1,FMN 17 Stenenbrug
664,Stenenbrug 70,2023-01-15,06:00:00,8,7,1,FMN 17 Stenenbrug
664,Stenenbrug 70,2023-01-15,07:00:00,11,8,3,FMN 17 Stenenbrug
664,Stenenbrug 70,2023-01-15,08:00:00,16,12,4,FMN 17 Stenenbrug
664,Stenenbrug 70,2023-01-15,09:00:00,38,25,13,FMN 17 Stenenbrug
664,Stenenbrug 70,2023-01-15,10:00:00,80,59,21,FMN 17 Stenenbrug
664,Stenenbrug 70,2023-01-15,11:00:00,90,66,24,FMN 17 Stenenbrug
664,Stenenbrug 70,2023-01-15,12:00:00,104,79,25,FMN 17 Stenenbrug
664,Stenenbrug 70,2023-01-15,13:00:00,107,81,26,FMN 17 Stenenbrug
664,Stenenbrug 70,2023-01-15,14:00:00,91,76,15,FMN 17 Stenenbrug
664,Stenenbrug 70,2023-01-15,15:00:00,59,45,14,FMN 17 Stenenbrug
664,Stenenbrug 70,2023-01-15,16:00:00,70,52,18,FMN 17 Stenenbrug
664,Stenenbrug 70,2023-01-15,17:00:00,58,45,13,FMN 17 Stenenbrug
664,Stenenbrug 70,2023-01-15,18:00:00,69,56,13,FMN 17 Stenenbrug
664,Stenenbrug 70,2023-01-15,19:00:00,47,34,13,FMN 17 Stenenbrug
664,Stenenbrug 70,2023-01-15,20:00:00,50,36,14,FMN 17 Stenenbrug
664,Stenenbrug 70,2023-01-15,21:00:00,38,26,12,FMN 17 Stenenbrug
664,Stenenbrug 70,2023-01-15,22:00:00,21,17,4,FMN 17 Stenenbrug
664,Stenenbrug 70,2023-01-15,23:00:00,15,14,1,FMN 17 Stenenbrug
664,Stenenbrug 70,2023-01-16,00:00:00,9,5,4,FMN 17 Stenenbrug
664,Stenenbrug 70,2023-01-16,01:00:00,1,0,1,FMN 17 Stenenbrug
664,Stenenbrug 70,2023-01-16,02:00:00,4,4,0,FMN 17 Stenenbrug
664,Stenenbrug 70,2023-01-16,03:00:00,3,2,1,FMN 17 Stenenbrug
664,Stenenbrug 70,2023-01-16,04:00:00,24,23,1,FMN 17 Stenenbrug
664,Stenenbrug 70,2023-01-16,05:00:00,29,21,8,FMN 17 Stenenbrug
664,Stenenbrug 70,2023-01-16,06:00:00,69,56,13,FMN 17 Stenenbrug
664,Stenenbrug 70,2023-01-16,07:00:00,168,142,26,FMN 17 Stenenbrug
664,Stenenbrug 70,2023-01-16,08:00:00,258,195,63,FMN 17 Stenenbrug
664,Stenenbrug 70,2023-01-16,09:00:00,86,75,11,FMN 17 Stenenbrug
664,Stenenbrug 70,2023-01-16,10:00:00,57,44,13,FMN 17 Stenenbrug
664,Stenenbrug 70,2023-01-16,11:00:00,53,41,12,FMN 17 Stenenbrug
664,Stenenbrug 70,2023-01-16,12:00:00,76,60,16,FMN 17 Stenenbrug
664,Stenenbrug 70,2023-01-16,13:00:00,79,62,17,FMN 17 Stenenbrug
664,Stenenbrug 70,2023-01-16,14:00:00,85,56,29,FMN 17 Stenenbrug
664,Stenenbrug 70,2023-01-16,15:00:00,155,92,63,FMN 17 Stenenbrug
664,Stenenbrug 70,2023-01-16,16:00:00,239,164,75,FMN 17 Stenenbrug
664,Stenenbrug 70,2023-01-16,17:00:00,172,103,69,FMN 17 Stenenbrug
664,Stenenbrug 70,2023-01-16,18:00:00,133,99,34,FMN 17 Stenenbrug
664,Stenenbrug 70,2023-01-16,19:00:00,96,72,24,FMN 17 Stenenbrug
664,Stenenbrug 70,2023-01-16,20:00:00,74,58,16,FMN 17 Stenenbrug
664,Stenenbrug 70,2023-01-16,21:00:00,50,39,11,FMN 17 Stenenbrug
664,Stenenbrug 70,2023-01-16,22:00:00,43,36,7,FMN 17 Stenenbrug
664,Stenenbrug 70,2023-01-16,23:00:00,11,9,2,FMN 17 Stenenbrug
664,Stenenbrug 70,2023-01-17,00:00:00,6,4,2,FMN 17 Stenenbrug
664,Stenenbrug 70,2023-01-17,01:00:00,4,4,0,FMN 17 Stenenbrug
664,Stenenbrug 70,2023-01-17,02:00:00,6,4,2,FMN 17 Stenenbrug
664,Stenenbrug 70,2023-01-17,03:00:00,6,4,2,FMN 17 Stenenbrug
664,Stenenbrug 70,2023-01-17,04:00:00,19,19,0,FMN 17 Stenenbrug
664,Stenenbrug 70,2023-01-17,05:00:00,30,27,3,FMN 17 Stenenbrug
664,Stenenbrug 70,2023-01-17,06:00:00,45,40,5,FMN 17 Stenenbrug
664,Stenenbrug 70,2023-01-17,07:00:00,139,130,9,FMN 17 Stenenbrug
664,Stenenbrug 70,2023-01-17,08:00:00,213,185,28,FMN 17 Stenenbrug
664,Stenenbrug 70,2023-01-17,09:00:00,84,75,9,FMN 17 Stenenbrug
664,Stenenbrug 70,2023-01-17,10:00:00,82,68,14,FMN 17 Stenenbrug
664,Stenenbrug 70,2023-01-17,11:00:00,85,68,17,FMN 17 Stenenbrug
664,Stenenbrug 70,2023-01-17,12:00:00,149,117,32,FMN 17 Stenenbrug
664,Stenenbrug 70,2023-01-17,13:00:00,127,93,34,FMN 17 Stenenbrug
664,Stenenbrug 70,2023-01-17,14:00:00,137,91,46,FMN 17 Stenenbrug
664,Stenenbrug 70,2023-01-17,15:00:00,155,107,48,FMN 17 Stenenbrug
664,Stenenbrug 70,2023-01-17,16:00:00,248,183,65,FMN 17 Stenenbrug
664,Stenenbrug 70,2023-01-17,17:00:00,171,130,41,FMN 17 Stenenbrug
664,Stenenbrug 70,2023-01-17,18:00:00,112,90,22,FMN 17 Stenenbrug
664,Stenenbrug 70,2023-01-17,19:00:00,83,69,14,FMN 17 Stenenbrug
664,Stenenbrug 70,2023-01-17,20:00:00,58,53,5,FMN 17 Stenenbrug
664,Stenenbrug 70,2023-01-17,21:00:00,33,28,5,FMN 17 Stenenbrug
664,Stenenbrug 70,2023-01-17,22:00:00,50,41,9,FMN 17 Stenenbrug
664,Stenenbrug 70,2023-01-17,23:00:00,25,21,4,FMN 17 Stenenbrug
664,Stenenbrug 70,2023-01-18,00:00:00,8,5,3,FMN 17 Stenenbrug
664,Stenenbrug 70,2023-01-18,01:00:00,4,3,1,FMN 17 Stenenbrug
664,Stenenbrug 70,2023-01-18,02:00:00,2,1,1,FMN 17 Stenenbrug
664,Stenenbrug 70,2023-01-18,03:00:00,7,6,1,FMN 17 Stenenbrug
664,Stenenbrug 70,2023-01-18,04:00:00,17,16,1,FMN 17 Stenenbrug
664,Stenenbrug 70,2023-01-18,05:00:00,30,24,6,FMN 17 Stenenbrug
664,Stenenbrug 70,2023-01-18,06:00:00,55,47,8,FMN 17 Stenenbrug
664,Stenenbrug 70,2023-01-18,07:00:00,138,123,15,FMN 17 Stenenbrug
664,Stenenbrug 70,2023-01-18,08:00:00,215,185,30,FMN 17 Stenenbrug
664,Stenenbrug 70,2023-01-18,09:00:00,73,65,8,FMN 17 Stenenbrug
664,Stenenbrug 70,2023-01-18,10:00:00,71,60,11,FMN 17 Stenenbrug
664,Stenenbrug 70,2023-01-18,11:00:00,114,77,37,FMN 17 Stenenbrug
664,Stenenbrug 70,2023-01-18,12:00:00,299,222,77,FMN 17 Stenenbrug
664,Stenenbrug 70,2023-01-18,13:00:00,164,120,44,FMN 17 Stenenbrug
664,Stenenbrug 70,2023-01-18,14:00:00,174,123,51,FMN 17 Stenenbrug
664,Stenenbrug 70,2023-01-18,15:00:00,172,117,55,FMN 17 Stenenbrug
664,Stenenbrug 70,2023-01-18,16:00:00,246,172,74,FMN 17 Stenenbrug
664,Stenenbrug 70,2023-01-18,17:00:00,230,158,72,FMN 17 Stenenbrug
664,Stenenbrug 70,2023-01-18,18:00:00,168,125,43,FMN 17 Stenenbrug
664,Stenenbrug 70,2023-01-18,19:00:00,135,100,35,FMN 17 Stenenbrug
664,Stenenbrug 70,2023-01-18,20:00:00,75,55,20,FMN 17 Stenenbrug
664,Stenenbrug 70,2023-01-18,21:00:00,62,50,12,FMN 17 Stenenbrug
664,Stenenbrug 70,2023-01-18,22:00:00,63,50,13,FMN 17 Stenenbrug
664,Stenenbrug 70,2023-01-18,23:00:00,19,13,6,FMN 17 Stenenbrug
664,Stenenbrug 70,2023-01-19,00:00:00,14,7,7,FMN 17 Stenenbrug
664,Stenenbrug 70,2023-01-19,01:00:00,3,2,1,FMN 17 Stenenbrug
664,Stenenbrug 70,2023-01-19,02:00:00,2,1,1,FMN 17 Stenenbrug
664,Stenenbrug 70,2023-01-19,03:00:00,9,8,1,FMN 17 Stenenbrug
664,Stenenbrug 70,2023-01-19,04:00:00,16,13,3,FMN 17 Stenenbrug
664,Stenenbrug 70,2023-01-19,05:00:00,38,33,5,FMN 17 Stenenbrug
664,Stenenbrug 70,2023-01-19,06:00:00,48,41,7,FMN 17 Stenenbrug
664,Stenenbrug 70,2023-01-19,07:00:00,154,140,14,FMN 17 Stenenbrug
664,Stenenbrug 70,2023-01-19,08:00:00,294,241,53,FMN 17 Stenenbrug
664,Stenenbrug 70,2023-01-19,09:00:00,95,88,7,FMN 17 Stenenbrug
664,Stenenbrug 70,2023-01-19,10:00:00,63,47,16,FMN 17 Stenenbrug
664,Stenenbrug 70,2023-01-19,11:00:00,69,51,18,FMN 17 Stenenbrug
664,Stenenbrug 70,2023-01-19,12:00:00,130,108,22,FMN 17 Stenenbrug
664,Stenenbrug 70,2023-01-19,13:00:00,118,86,32,FMN 17 Stenenbrug
664,Stenenbrug 70,2023-01-19,14:00:00,100,73,27,FMN 17 Stenenbrug
664,Stenenbrug 70,2023-01-19,15:00:00,166,108,58,FMN 17 Stenenbrug
664,Stenenbrug 70,2023-01-19,16:00:00,260,191,69,FMN 17 Stenenbrug
664,Stenenbrug 70,2023-01-19,17:00:00,232,148,84,FMN 17 Stenenbrug
664,Stenenbrug 70,2023-01-19,18:00:00,162,120,42,FMN 17 Stenenbrug
664,Stenenbrug 70,2023-01-19,19:00:00,128,100,28,FMN 17 Stenenbrug
664,Stenenbrug 70,2023-01-19,20:00:00,73,57,16,FMN 17 Stenenbrug
664,Stenenbrug 70,2023-01-19,21:00:00,60,50,10,FMN 17 Stenenbrug
664,Stenenbrug 70,2023-01-19,22:00:00,52,40,12,FMN 17 Stenenbrug
664,Stenenbrug 70,2023-01-19,23:00:00,14,12,2,FMN 17 Stenenbrug
664,Stenenbrug 70,2023-01-20,00:00:00,9,4,5,FMN 17 Stenenbrug
664,Stenenbrug 70,2023-01-20,01:00:00,1,1,0,FMN 17 Stenenbrug
664,Stenenbrug 70,2023-01-20,02:00:00,5,2,3,FMN 17 Stenenbrug
664,Stenenbrug 70,2023-01-20,03:00:00,10,8,2,FMN 17 Stenenbrug
664,Stenenbrug 70,2023-01-20,04:00:00,19,15,4,FMN 17 Stenenbrug
664,Stenenbrug 70,2023-01-20,05:00:00,33,26,7,FMN 17 Stenenbrug
664,Stenenbrug 70,2023-01-20,06:00:00,57,47,10,FMN 17 Stenenbrug
664,Stenenbrug 70,2023-01-20,07:00:00,177,157,20,FMN 17 Stenenbrug
664,Stenenbrug 70,2023-01-20,08:00:00,192,124,68,FMN 17 Stenenbrug
664,Stenenbrug 70,2023-01-20,09:00:00,31,28,3,FMN 17 Stenenbrug
664,Stenenbrug 70,2023-01-20,10:00:00,62,48,14,FMN 17 Stenenbrug
664,Stenenbrug 70,2023-01-20,11:00:00,56,43,13,FMN 17 Stenenbrug
664,Stenenbrug 70,2023-01-20,12:00:00,79,62,17,FMN 17 Stenenbrug
664,Stenenbrug 70,2023-01-20,13:00:00,79,63,16,FMN 17 Stenenbrug
664,Stenenbrug 70,2023-01-20,14:00:00,85,58,27,FMN 17 Stenenbrug
664,Stenenbrug 70,2023-01-20,15:00:00,159,104,55,FMN 17 Stenenbrug
664,Stenenbrug 70,2023-01-20,16:00:00,231,145,86,FMN 17 Stenenbrug
664,Stenenbrug 70,2023-01-20,17:00:00,155,111,44,FMN 17 Stenenbrug
664,Stenenbrug 70,2023-01-20,18:00:00,120,90,30,FMN 17 Stenenbrug
664,Stenenbrug 70,2023-01-20,19:00:00,118,95,23,FMN 17 Stenenbrug
664,Stenenbrug 70,2023-01-20,20:00:00,87,61,26,FMN 17 Stenenbrug
664,Stenenbrug 70,2023-01-20,21:00:00,61,48,13,FMN 17 Stenenbrug
664,Stenenbrug 70,2023-01-20,22:00:00,52,33,19,FMN 17 Stenenbrug
664,Stenenbrug 70,2023-01-20,23:00:00,37,26,11,FMN 17 Stenenbrug
664,Stenenbrug 70,2023-01-21,00:00:00,25,15,10,FMN 17 Stenenbrug
664,Stenenbrug 70,2023-01-21,01:00:00,15,13,2,FMN 17 Stenenbrug
664,Stenenbrug 70,2023-01-21,02:00:00,10,7,3,FMN 17 Stenenbrug
664,Stenenbrug 70,2023-01-21,03:00:00,4,3,1,FMN 17 Stenenbrug
664,Stenenbrug 70,2023-01-21,04:00:00,6,6,0,FMN 17 Stenenbrug
664,Stenenbrug 70,2023-01-21,05:00:00,8,7,1,FMN 17 Stenenbrug
664,Stenenbrug 70,2023-01-21,06:00:00,7,6,1,FMN 17 Stenenbrug
664,Stenenbrug 70,2023-01-21,07:00:00,11,8,3,FMN 17 Stenenbrug
664,Stenenbrug 70,2023-01-21,08:00:00,20,14,6,FMN 17 Stenenbrug
664,Stenenbrug 70,2023-01-21,09:00:00,55,39,16,FMN 17 Stenenbrug
664,Stenenbrug 70,2023-01-21,10:00:00,107,74,33,FMN 17 Stenenbrug
664,Stenenbrug 70,2023-01-21,11:00:00,135,108,27,FMN 17 Stenenbrug
664,Stenenbrug 70,2023-01-21,12:00:00,134,101,33,FMN 17 Stenenbrug
664,Stenenbrug 70,2023-01-21,13:00:00,134,99,35,FMN 17 Stenenbrug
664,Stenenbrug 70,2023-01-21,14:00:00,109,85,24,FMN 17 Stenenbrug
664,Stenenbrug 70,2023-01-21,15:00:00,100,73,27,FMN 17 Stenenbrug
664,Stenenbrug 70,2023-01-21,16:00:00,126,88,38,FMN 17 Stenenbrug
664,Stenenbrug 70,2023-01-21,17:00:00,106,81,25,FMN 17 Stenenbrug
664,Stenenbrug 70,2023-01-21,18:00:00,98,74,24,FMN 17 Stenenbrug
664,Stenenbrug 70,2023-01-21,19:00:00,58,51,7,FMN 17 Stenenbrug
664,Stenenbrug 70,2023-01-21,20:00:00,53,41,12,FMN 17 Stenenbrug
664,Stenenbrug 70,2023-01-21,21:00:00,48,37,11,FMN 17 Stenenbrug
664,Stenenbrug 70,2023-01-21,22:00:00,36,22,14,FMN 17 Stenenbrug
664,Stenenbrug 70,2023-01-21,23:00:00,32,24,8,FMN 17 Stenenbrug
664,Stenenbrug 70,2023-01-22,00:00:00,25,18,7,FMN 17 Stenenbrug
664,Stenenbrug 70,2023-01-22,01:00:00,17,11,6,FMN 17 Stenenbrug
664,Stenenbrug 70,2023-01-22,02:00:00,8,4,4,FMN 17 Stenenbrug
664,Stenenbrug 70,2023-01-22,03:00:00,5,3,2,FMN 17 Stenenbrug
664,Stenenbrug 70,2023-01-22,04:00:00,3,3,0,FMN 17 Stenenbrug
664,Stenenbrug 70,2023-01-22,05:00:00,6,3,3,FMN 17 Stenenbrug
664,Stenenbrug 70,2023-01-22,06:00:00,8,4,4,FMN 17 Stenenbrug
664,Stenenbrug 70,2023-01-22,07:00:00,4,2,2,FMN 17 Stenenbrug
664,Stenenbrug 70,2023-01-22,08:00:00,24,16,8,FMN 17 Stenenbrug
664,Stenenbrug 70,2023-01-22,09:00:00,52,39,13,FMN 17 Stenenbrug
664,Stenenbrug 70,2023-01-22,10:00:00,45,28,17,FMN 17 Stenenbrug
664,Stenenbrug 70,2023-01-22,11:00:00,71,59,12,FMN 17 Stenenbrug
664,Stenenbrug 70,2023-01-22,12:00:00,100,74,26,FMN 17 Stenenbrug
664,Stenenbrug 70,2023-01-22,13:00:00,75,57,18,FMN 17 Stenenbrug
664,Stenenbrug 70,2023-01-22,14:00:00,88,68,20,FMN 17 Stenenbrug
664,Stenenbrug 70,2023-01-22,15:00:00,51,43,8,FMN 17 Stenenbrug
664,Stenenbrug 70,2023-01-22,16:00:00,87,63,24,FMN 17 Stenenbrug
664,Stenenbrug 70,2023-01-22,17:00:00,80,56,24,FMN 17 Stenenbrug
664,Stenenbrug 70,2023-01-22,18:00:00,74,64,10,FMN 17 Stenenbrug
664,Stenenbrug 70,2023-01-22,19:00:00,60,43,17,FMN 17 Stenenbrug
664,Stenenbrug 70,2023-01-22,20:00:00,59,40,19,FMN 17 Stenenbrug
664,Stenenbrug 70,2023-01-22,21:00:00,46,35,11,FMN 17 Stenenbrug
664,Stenenbrug 70,2023-01-22,22:00:00,36,29,7,FMN 17 Stenenbrug
664,Stenenbrug 70,2023-01-22,23:00:00,13,11,2,FMN 17 Stenenbrug
664,Stenenbrug 70,2023-01-23,00:00:00,11,10,1,FMN 17 Stenenbrug
664,Stenenbrug 70,2023-01-23,01:00:00,3,3,0,FMN 17 Stenenbrug
664,Stenenbrug 70,2023-01-23,02:00:00,1,1,0,FMN 17 Stenenbrug
664,Stenenbrug 70,2023-01-23,03:00:00,4,2,2,FMN 17 Stenenbrug
664,Stenenbrug 70,2023-01-23,04:00:00,19,16,3,FMN 17 Stenenbrug
664,Stenenbrug 70,2023-01-23,05:00:00,35,30,5,FMN 17 Stenenbrug
664,Stenenbrug 70,2023-01-23,06:00:00,64,47,17,FMN 17 Stenenbrug
664,Stenenbrug 70,2023-01-23,07:00:00,193,162,31,FMN 17 Stenenbrug
664,Stenenbrug 70,2023-01-23,08:00:00,329,263,66,FMN 17 Stenenbrug
664,Stenenbrug 70,2023-01-23,09:00:00,102,85,17,FMN 17 Stenenbrug
664,Stenenbrug 70,2023-01-23,10:00:00,94,76,18,FMN 17 Stenenbrug
664,Stenenbrug 70,2023-01-23,11:00:00,77,62,15,FMN 17 Stenenbrug
664,Stenenbrug 70,2023-01-23,12:00:00,100,77,23,FMN 17 Stenenbrug
664,Stenenbrug 70,2023-01-23,13:00:00,111,80,31,FMN 17 Stenenbrug
664,Stenenbrug 70,2023-01-23,14:00:00,112,81,31,FMN 17 Stenenbrug
664,Stenenbrug 70,2023-01-23,15:00:00,157,95,62,FMN 17 Stenenbrug
664,Stenenbrug 70,2023-01-23,16:00:00,300,210,90,FMN 17 Stenenbrug
664,Stenenbrug 70,2023-01-23,17:00:00,264,177,87,FMN 17 Stenenbrug
664,Stenenbrug 70,2023-01-23,18:00:00,161,118,43,FMN 17 Stenenbrug
664,Stenenbrug 70,2023-01-23,19:00:00,110,85,25,FMN 17 Stenenbrug
664,Stenenbrug 70,2023-01-23,20:00:00,77,60,17,FMN 17 Stenenbrug
664,Stenenbrug 70,2023-01-23,21:00:00,70,53,17,FMN 17 Stenenbrug
664,Stenenbrug 70,2023-01-23,22:00:00,49,35,14,FMN 17 Stenenbrug
664,Stenenbrug 70,2023-01-23,23:00:00,19,16,3,FMN 17 Stenenbrug
664,Stenenbrug 70,2023-01-24,00:00:00,9,5,4,FMN 17 Stenenbrug
664,Stenenbrug 70,2023-01-24,01:00:00,3,3,0,FMN 17 Stenenbrug
664,Stenenbrug 70,2023-01-24,02:00:00,2,1,1,FMN 17 Stenenbrug
664,Stenenbrug 70,2023-01-24,03:00:00,5,4,1,FMN 17 Stenenbrug
664,Stenenbrug 70,2023-01-24,04:00:00,17,16,1,FMN 17 Stenenbrug
664,Stenenbrug 70,2023-01-24,05:00:00,42,34,8,FMN 17 Stenenbrug
664,Stenenbrug 70,2023-01-24,06:00:00,68,55,13,FMN 17 Stenenbrug
664,Stenenbrug 70,2023-01-24,07:00:00,244,209,35,FMN 17 Stenenbrug
664,Stenenbrug 70,2023-01-24,08:00:00,381,314,67,FMN 17 Stenenbrug
664,Stenenbrug 70,2023-01-24,09:00:00,118,105,13,FMN 17 Stenenbrug
664,Stenenbrug 70,2023-01-24,10:00:00,73,59,14,FMN 17 Stenenbrug
664,Stenenbrug 70,2023-01-24,11:00:00,64,58,6,FMN 17 Stenenbrug
664,Stenenbrug 70,2023-01-24,12:00:00,118,90,28,FMN 17 Stenenbrug
664,Stenenbrug 70,2023-01-24,13:00:00,104,76,28,FMN 17 Stenenbrug
664,Stenenbrug 70,2023-01-24,14:00:00,101,72,29,FMN 17 Stenenbrug
664,Stenenbrug 70,2023-01-24,15:00:00,164,104,60,FMN 17 Stenenbrug
664,Stenenbrug 70,2023-01-24,16:00:00,298,228,70,FMN 17 Stenenbrug
664,Stenenbrug 70,2023-01-24,17:00:00,257,180,77,FMN 17 Stenenbrug
664,Stenenbrug 70,2023-01-24,18:00:00,204,156,48,FMN 17 Stenenbrug
664,Stenenbrug 70,2023-01-24,19:00:00,120,90,30,FMN 17 Stenenbrug
664,Stenenbrug 70,2023-01-24,20:00:00,87,73,14,FMN 17 Stenenbrug
664,Stenenbrug 70,2023-01-24,21:00:00,78,54,24,FMN 17 Stenenbrug
664,Stenenbrug 70,2023-01-24,22:00:00,71,59,12,FMN 17 Stenenbrug
664,Stenenbrug 70,2023-01-24,23:00:00,24,20,4,FMN 17 Stenenbrug
664,Stenenbrug 70,2023-01-25,00:00:00,11,6,5,FMN 17 Stenenbrug
664,Stenenbrug 70,2023-01-25,01:00:00,9,5,4,FMN 17 Stenenbrug
664,Stenenbrug 70,2023-01-25,02:00:00,6,2,4,FMN 17 Stenenbrug
664,Stenenbrug 70,2023-01-25,03:00:00,6,5,1,FMN 17 Stenenbrug
664,Stenenbrug 70,2023-01-25,04:00:00,22,17,5,FMN 17 Stenenbrug
664,Stenenbrug 70,2023-01-25,05:00:00,41,33,8,FMN 17 Stenenbrug
664,Stenenbrug 70,2023-01-25,06:00:00,80,61,19,FMN 17 Stenenbrug
664,Stenenbrug 70,2023-01-25,07:00:00,230,196,34,FMN 17 Stenenbrug
664,Stenenbrug 70,2023-01-25,08:00:00,421,337,84,FMN 17 Stenenbrug
664,Stenenbrug 70,2023-01-25,09:00:00,128,106,22,FMN 17 Stenenbrug
664,Stenenbrug 70,2023-01-25,10:00:00,81,66,15,FMN 17 Stenenbrug
664,Stenenbrug 70,2023-01-25,11:00:00,85,63,22,FMN 17 Stenenbrug
664,Stenenbrug 70,2023-01-25,12:00:00,288,213,75,FMN 17 Stenenbrug
664,Stenenbrug 70,2023-01-25,13:00:00,154,115,39,FMN 17 Stenenbrug
664,Stenenbrug 70,2023-01-25,14:00:00,135,98,37,FMN 17 Stenenbrug
664,Stenenbrug 70,2023-01-25,15:00:00,154,111,43,FMN 17 Stenenbrug
664,Stenenbrug 70,2023-01-25,16:00:00,220,144,76,FMN 17 Stenenbrug
664,Stenenbrug 70,2023-01-25,17:00:00,259,162,97,FMN 17 Stenenbrug
664,Stenenbrug 70,2023-01-25,18:00:00,178,125,53,FMN 17 Stenenbrug
664,Stenenbrug 70,2023-01-25,19:00:00,126,93,33,FMN 17 Stenenbrug
664,Stenenbrug 70,2023-01-25,20:00:00,85,65,20,FMN 17 Stenenbrug
664,Stenenbrug 70,2023-01-25,21:00:00,82,65,17,FMN 17 Stenenbrug
664,Stenenbrug 70,2023-01-25,22:00:00,68,47,21,FMN 17 Stenenbrug
664,Stenenbrug 70,2023-01-25,23:00:00,28,18,10,FMN 17 Stenenbrug
664,Stenenbrug 70,2023-01-26,00:00:00,11,7,4,FMN 17 Stenenbrug
664,Stenenbrug 70,2023-01-26,01:00:00,3,0,3,FMN 17 Stenenbrug
664,Stenenbrug 70,2023-01-26,02:00:00,3,1,2,FMN 17 Stenenbrug
664,Stenenbrug 70,2023-01-26,03:00:00,5,3,2,FMN 17 Stenenbrug
664,Stenenbrug 70,2023-01-26,04:00:00,19,16,3,FMN 17 Stenenbrug
664,Stenenbrug 70,2023-01-26,05:00:00,39,31,8,FMN 17 Stenenbrug
664,Stenenbrug 70,2023-01-26,06:00:00,70,59,11,FMN 17 Stenenbrug
664,Stenenbrug 70,2023-01-26,07:00:00,204,164,40,FMN 17 Stenenbrug
664,Stenenbrug 70,2023-01-26,08:00:00,382,289,93,FMN 17 Stenenbrug
664,Stenenbrug 70,2023-01-26,09:00:00,130,107,23,FMN 17 Stenenbrug
664,Stenenbrug 70,2023-01-26,10:00:00,65,52,13,FMN 17 Stenenbrug
664,Stenenbrug 70,2023-01-26,11:00:00,78,62,16,FMN 17 Stenenbrug
664,Stenenbrug 70,2023-01-26,12:00:00,146,116,30,FMN 17 Stenenbrug
664,Stenenbrug 70,2023-01-26,13:00:00,132,96,36,FMN 17 Stenenbrug
664,Stenenbrug 70,2023-01-26,14:00:00,114,80,34,FMN 17 Stenenbrug
664,Stenenbrug 70,2023-01-26,15:00:00,223,135,88,FMN 17 Stenenbrug
664,Stenenbrug 70,2023-01-26,16:00:00,382,263,119,FMN 17 Stenenbrug
664,Stenenbrug 70,2023-01-26,17:00:00,286,198,88,FMN 17 Stenenbrug
664,Stenenbrug 70,2023-01-26,18:00:00,260,186,74,FMN 17 Stenenbrug
664,Stenenbrug 70,2023-01-26,19:00:00,198,153,45,FMN 17 Stenenbrug
664,Stenenbrug 70,2023-01-26,20:00:00,126,97,29,FMN 17 Stenenbrug
664,Stenenbrug 70,2023-01-26,21:00:00,93,74,19,FMN 17 Stenenbrug
664,Stenenbrug 70,2023-01-26,22:00:00,68,43,25,FMN 17 Stenenbrug
664,Stenenbrug 70,2023-01-26,23:00:00,67,36,31,FMN 17 Stenenbrug
664,Stenenbrug 70,2023-01-27,00:00:00,34,17,17,FMN 17 Stenenbrug
664,Stenenbrug 70,2023-01-27,01:00:00,7,2,5,FMN 17 Stenenbrug
664,Stenenbrug 70,2023-01-27,02:00:00,3,0,3,FMN 17 Stenenbrug
664,Stenenbrug 70,2023-01-27,03:00:00,5,3,2,FMN 17 Stenenbrug
664,Stenenbrug 70,2023-01-27,04:00:00,13,10,3,FMN 17 Stenenbrug
664,Stenenbrug 70,2023-01-27,05:00:00,27,23,4,FMN 17 Stenenbrug
664,Stenenbrug 70,2023-01-27,06:00:00,54,46,8,FMN 17 Stenenbrug
664,Stenenbrug 70,2023-01-27,07:00:00,146,136,10,FMN 17 Stenenbrug
664,Stenenbrug 70,2023-01-27,08:00:00,232,192,40,FMN 17 Stenenbrug
664,Stenenbrug 70,2023-01-27,09:00:00,99,88,11,FMN 17 Stenenbrug
664,Stenenbrug 70,2023-01-27,10:00:00,64,57,7,FMN 17 Stenenbrug
664,Stenenbrug 70,2023-01-27,11:00:00,74,58,16,FMN 17 Stenenbrug
664,Stenenbrug 70,2023-01-27,12:00:00,105,89,16,FMN 17 Stenenbrug
664,Stenenbrug 70,2023-01-27,13:00:00,102,80,22,FMN 17 Stenenbrug
664,Stenenbrug 70,2023-01-27,14:00:00,94,70,24,FMN 17 Stenenbrug
664,Stenenbrug 70,2023-01-27,15:00:00,141,102,39,FMN 17 Stenenbrug
664,Stenenbrug 70,2023-01-27,16:00:00,241,185,56,FMN 17 Stenenbrug
664,Stenenbrug 70,2023-01-27,17:00:00,173,141,32,FMN 17 Stenenbrug
664,Stenenbrug 70,2023-01-27,18:00:00,166,142,24,FMN 17 Stenenbrug
664,Stenenbrug 70,2023-01-27,19:00:00,119,104,15,FMN 17 Stenenbrug
664,Stenenbrug 70,2023-01-27,20:00:00,87,72,15,FMN 17 Stenenbrug
664,Stenenbrug 70,2023-01-27,21:00:00,62,50,12,FMN 17 Stenenbrug
664,Stenenbrug 70,2023-01-27,22:00:00,67,48,19,FMN 17 Stenenbrug
664,Stenenbrug 70,2023-01-27,23:00:00,50,33,17,FMN 17 Stenenbrug
664,Stenenbrug 70,2023-01-28,00:00:00,25,18,7,FMN 17 Stenenbrug
664,Stenenbrug 70,2023-01-28,01:00:00,30,20,10,FMN 17 Stenenbrug
664,Stenenbrug 70,2023-01-28,02:00:00,13,11,2,FMN 17 Stenenbrug
664,Stenenbrug 70,2023-01-28,03:00:00,20,14,6,FMN 17 Stenenbrug
664,Stenenbrug 70,2023-01-28,04:00:00,7,6,1,FMN 17 Stenenbrug
664,Stenenbrug 70,2023-01-28,05:00:00,11,9,2,FMN 17 Stenenbrug
664,Stenenbrug 70,2023-01-28,06:00:00,20,15,5,FMN 17 Stenenbrug
664,Stenenbrug 70,2023-01-28,07:00:00,30,21,9,FMN 17 Stenenbrug
664,Stenenbrug 70,2023-01-28,08:00:00,39,34,5,FMN 17 Stenenbrug
664,Stenenbrug 70,2023-01-28,09:00:00,98,72,26,FMN 17 Stenenbrug
664,Stenenbrug 70,2023-01-28,10:00:00,118,86,32,FMN 17 Stenenbrug
664,Stenenbrug 70,2023-01-28,11:00:00,125,95,30,FMN 17 Stenenbrug
664,Stenenbrug 70,2023-01-28,12:00:00,154,119,35,FMN 17 Stenenbrug
664,Stenenbrug 70,2023-01-28,13:00:00,150,112,38,FMN 17 Stenenbrug
664,Stenenbrug 70,2023-01-28,14:00:00,157,113,44,FMN 17 Stenenbrug
664,Stenenbrug 70,2023-01-28,15:00:00,133,103,30,FMN 17 Stenenbrug
664,Stenenbrug 70,2023-01-28,16:00:00,132,88,44,FMN 17 Stenenbrug
664,Stenenbrug 70,2023-01-28,17:00:00,135,111,24,FMN 17 Stenenbrug
664,Stenenbrug 70,2023-01-28,18:00:00,116,99,17,FMN 17 Stenenbrug
664,Stenenbrug 70,2023-01-28,19:00:00,133,109,24,FMN 17 Stenenbrug
664,Stenenbrug 70,2023-01-28,20:00:00,96,76,20,FMN 17 Stenenbrug
664,Stenenbrug 70,2023-01-28,21:00:00,50,38,12,FMN 17 Stenenbrug
664,Stenenbrug 70,2023-01-28,22:00:00,47,33,14,FMN 17 Stenenbrug
664,Stenenbrug 70,2023-01-28,23:00:00,29,19,10,FMN 17 Stenenbrug
664,Stenenbrug 70,2023-01-29,00:00:00,28,18,10,FMN 17 Stenenbrug
664,Stenenbrug 70,2023-01-29,01:00:00,29,17,12,FMN 17 Stenenbrug
664,Stenenbrug 70,2023-01-29,02:00:00,10,7,3,FMN 17 Stenenbrug
664,Stenenbrug 70,2023-01-29,03:00:00,6,4,2,FMN 17 Stenenbrug
664,Stenenbrug 70,2023-01-29,04:00:00,6,6,0,FMN 17 Stenenbrug
664,Stenenbrug 70,2023-01-29,05:00:00,10,5,5,FMN 17 Stenenbrug
664,Stenenbrug 70,2023-01-29,06:00:00,20,14,6,FMN 17 Stenenbrug
664,Stenenbrug 70,2023-01-29,07:00:00,19,8,11,FMN 17 Stenenbrug
664,Stenenbrug 70,2023-01-29,08:00:00,39,29,10,FMN 17 Stenenbrug
664,Stenenbrug 70,2023-01-29,09:00:00,75,59,16,FMN 17 Stenenbrug
664,Stenenbrug 70,2023-01-29,10:00:00,55,35,20,FMN 17 Stenenbrug
664,Stenenbrug 70,2023-01-29,11:00:00,81,60,21,FMN 17 Stenenbrug
664,Stenenbrug 70,2023-01-29,12:00:00,145,106,39,FMN 17 Stenenbrug
664,Stenenbrug 70,2023-01-29,13:00:00,122,93,29,FMN 17 Stenenbrug
664,Stenenbrug 70,2023-01-29,14:00:00,119,99,20,FMN 17 Stenenbrug
664,Stenenbrug 70,2023-01-29,15:00:00,96,74,22,FMN 17 Stenenbrug
664,Stenenbrug 70,2023-01-29,16:00:00,95,70,25,FMN 17 Stenenbrug
664,Stenenbrug 70,2023-01-29,17:00:00,105,77,28,FMN 17 Stenenbrug
664,Stenenbrug 70,2023-01-29,18:00:00,112,90,22,FMN 17 Stenenbrug
664,Stenenbrug 70,2023-01-29,19:00:00,84,62,22,FMN 17 Stenenbrug
664,Stenenbrug 70,2023-01-29,20:00:00,68,54,14,FMN 17 Stenenbrug
664,Stenenbrug 70,2023-01-29,21:00:00,59,42,17,FMN 17 Stenenbrug
664,Stenenbrug 70,2023-01-29,22:00:00,28,21,7,FMN 17 Stenenbrug
664,Stenenbrug 70,2023-01-29,23:00:00,26,12,14,FMN 17 Stenenbrug
664,Stenenbrug 70,2023-01-30,00:00:00,10,8,2,FMN 17 Stenenbrug
664,Stenenbrug 70,2023-01-30,01:00:00,5,3,2,FMN 17 Stenenbrug
664,Stenenbrug 70,2023-01-30,02:00:00,3,2,1,FMN 17 Stenenbrug
664,Stenenbrug 70,2023-01-30,03:00:00,5,3,2,FMN 17 Stenenbrug
664,Stenenbrug 70,2023-01-30,04:00:00,22,21,1,FMN 17 Stenenbrug
664,Stenenbrug 70,2023-01-30,05:00:00,57,42,15,FMN 17 Stenenbrug
664,Stenenbrug 70,2023-01-30,06:00:00,81,62,19,FMN 17 Stenenbrug
664,Stenenbrug 70,2023-01-30,07:00:00,247,201,46,FMN 17 Stenenbrug
664,Stenenbrug 70,2023-01-30,08:00:00,377,282,95,FMN 17 Stenenbrug
664,Stenenbrug 70,2023-01-30,09:00:00,127,103,24,FMN 17 Stenenbrug
664,Stenenbrug 70,2023-01-30,10:00:00,78,57,21,FMN 17 Stenenbrug
664,Stenenbrug 70,2023-01-30,11:00:00,85,62,23,FMN 17 Stenenbrug
664,Stenenbrug 70,2023-01-30,12:00:00,135,104,31,FMN 17 Stenenbrug
664,Stenenbrug 70,2023-01-30,13:00:00,151,105,46,FMN 17 Stenenbrug
664,Stenenbrug 70,2023-01-30,14:00:00,135,86,49,FMN 17 Stenenbrug
664,Stenenbrug 70,2023-01-30,15:00:00,222,138,84,FMN 17 Stenenbrug
664,Stenenbrug 70,2023-01-30,16:00:00,359,229,130,FMN 17 Stenenbrug
664,Stenenbrug 70,2023-01-30,17:00:00,284,165,119,FMN 17 Stenenbrug
664,Stenenbrug 70,2023-01-30,18:00:00,248,178,70,FMN 17 Stenenbrug
664,Stenenbrug 70,2023-01-30,19:00:00,143,105,38,FMN 17 Stenenbrug
664,Stenenbrug 70,2023-01-30,20:00:00,111,92,19,FMN 17 Stenenbrug
664,Stenenbrug 70,2023-01-30,21:00:00,77,53,24,FMN 17 Stenenbrug
664,Stenenbrug 70,2023-01-30,22:00:00,57,38,19,FMN 17 Stenenbrug
664,Stenenbrug 70,2023-01-30,23:00:00,34,21,13,FMN 17 Stenenbrug
664,Stenenbrug 70,2023-01-31,00:00:00,7,6,1,FMN 17 Stenenbrug
664,Stenenbrug 70,2023-01-31,01:00:00,7,4,3,FMN 17 Stenenbrug
664,Stenenbrug 70,2023-01-31,02:00:00,4,3,1,FMN 17 Stenenbrug
664,Stenenbrug 70,2023-01-31,03:00:00,4,3,1,FMN 17 Stenenbrug
664,Stenenbrug 70,2023-01-31,04:00:00,23,19,4,FMN 17 Stenenbrug
664,Stenenbrug 70,2023-01-31,05:00:00,50,43,7,FMN 17 Stenenbrug
664,Stenenbrug 70,2023-01-31,06:00:00,83,71,12,FMN 17 Stenenbrug
664,Stenenbrug 70,2023-01-31,07:00:00,281,240,41,FMN 17 Stenenbrug
664,Stenenbrug 70,2023-01-31,08:00:00,387,311,76,FMN 17 Stenenbrug
664,Stenenbrug 70,2023-01-31,09:00:00,150,125,25,FMN 17 Stenenbrug
664,Stenenbrug 70,2023-01-31,10:00:00,100,79,21,FMN 17 Stenenbrug
664,Stenenbrug 70,2023-01-31,11:00:00,100,71,29,FMN 17 Stenenbrug
664,Stenenbrug 70,2023-01-31,12:00:00,155,113,42,FMN 17 Stenenbrug
664,Stenenbrug 70,2023-01-31,13:00:00,157,118,39,FMN 17 Stenenbrug
664,Stenenbrug 70,2023-01-31,14:00:00,126,79,47,FMN 17 Stenenbrug
664,Stenenbrug 70,2023-01-31,15:00:00,183,108,75,FMN 17 Stenenbrug
664,Stenenbrug 70,2023-01-31,16:00:00,374,232,142,FMN 17 Stenenbrug
664,Stenenbrug 70,2023-01-31,17:00:00,358,202,156,FMN 17 Stenenbrug
664,Stenenbrug 70,2023-01-31,18:00:00,299,206,93,FMN 17 Stenenbrug
664,Stenenbrug 70,2023-01-31,19:00:00,176,127,49,FMN 17 Stenenbrug
664,Stenenbrug 70,2023-01-31,20:00:00,99,83,16,FMN 17 Stenenbrug
664,Stenenbrug 70,2023-01-31,21:00:00,84,55,29,FMN 17 Stenenbrug
664,Stenenbrug 70,2023-01-31,22:00:00,74,52,22,FMN 17 Stenenbrug
664,Stenenbrug 70,2023-01-31,23:00:00,16,12,4,FMN 17 Stenenbrug
664,Stenenbrug 70,2023-02-01,00:00:00,0,0,0,FMN 17 Stenenbrug
664,Stenenbrug 70,2023-02-01,01:00:00,12,8,4,FMN 17 Stenenbrug
664,Stenenbrug 70,2023-02-01,02:00:00,4,3,1,FMN 17 Stenenbrug
664,Stenenbrug 70,2023-02-01,03:00:00,7,4,3,FMN 17 Stenenbrug
664,Stenenbrug 70,2023-02-01,04:00:00,22,21,1,FMN 17 Stenenbrug
664,Stenenbrug 70,2023-02-01,05:00:00,46,42,4,FMN 17 Stenenbrug
664,Stenenbrug 70,2023-02-01,06:00:00,94,73,21,FMN 17 Stenenbrug
664,Stenenbrug 70,2023-02-01,07:00:00,227,190,37,FMN 17 Stenenbrug
664,Stenenbrug 70,2023-02-01,08:00:00,345,270,75,FMN 17 Stenenbrug
664,Stenenbrug 70,2023-02-01,09:00:00,135,115,20,FMN 17 Stenenbrug
664,Stenenbrug 70,2023-02-01,10:00:00,98,74,24,FMN 17 Stenenbrug
664,Stenenbrug 70,2023-02-01,11:00:00,115,85,30,FMN 17 Stenenbrug
664,Stenenbrug 70,2023-02-01,12:00:00,294,221,73,FMN 17 Stenenbrug
664,Stenenbrug 70,2023-02-01,13:00:00,192,137,55,FMN 17 Stenenbrug
664,Stenenbrug 70,2023-02-01,14:00:00,179,131,48,FMN 17 Stenenbrug
664,Stenenbrug 70,2023-02-01,15:00:00,181,127,54,FMN 17 Stenenbrug
664,Stenenbrug 70,2023-02-01,16:00:00,251,166,85,FMN 17 Stenenbrug
664,Stenenbrug 70,2023-02-01,17:00:00,277,181,96,FMN 17 Stenenbrug
664,Stenenbrug 70,2023-02-01,18:00:00,209,145,64,FMN 17 Stenenbrug
664,Stenenbrug 70,2023-02-01,19:00:00,154,107,47,FMN 17 Stenenbrug
664,Stenenbrug 70,2023-02-01,20:00:00,95,74,21,FMN 17 Stenenbrug
664,Stenenbrug 70,2023-02-01,21:00:00,80,61,19,FMN 17 Stenenbrug
664,Stenenbrug 70,2023-02-01,22:00:00,68,46,22,FMN 17 Stenenbrug
664,Stenenbrug 70,2023-02-01,23:00:00,34,19,15,FMN 17 Stenenbrug
664,Stenenbrug 70,2023-02-02,00:00:00,17,8,9,FMN 17 Stenenbrug
664,Stenenbrug 70,2023-02-02,01:00:00,7,4,3,FMN 17 Stenenbrug
664,Stenenbrug 70,2023-02-02,02:00:00,8,5,3,FMN 17 Stenenbrug
664,Stenenbrug 70,2023-02-02,03:00:00,8,7,1,FMN 17 Stenenbrug
664,Stenenbrug 70,2023-02-02,04:00:00,20,18,2,FMN 17 Stenenbrug
664,Stenenbrug 70,2023-02-02,05:00:00,52,41,11,FMN 17 Stenenbrug
664,Stenenbrug 70,2023-02-02,06:00:00,71,51,20,FMN 17 Stenenbrug
664,Stenenbrug 70,2023-02-02,07:00:00,212,164,48,FMN 17 Stenenbrug
664,Stenenbrug 70,2023-02-02,08:00:00,365,273,92,FMN 17 Stenenbrug
664,Stenenbrug 70,2023-02-02,09:00:00,132,108,24,FMN 17 Stenenbrug
664,Stenenbrug 70,2023-02-02,10:00:00,93,77,16,FMN 17 Stenenbrug
664,Stenenbrug 70,2023-02-02,11:00:00,107,84,23,FMN 17 Stenenbrug
664,Stenenbrug 70,2023-02-02,12:00:00,156,117,39,FMN 17 Stenenbrug
664,Stenenbrug 70,2023-02-02,13:00:00,139,92,47,FMN 17 Stenenbrug
664,Stenenbrug 70,2023-02-02,14:00:00,143,108,35,FMN 17 Stenenbrug
664,Stenenbrug 70,2023-02-02,15:00:00,215,139,76,FMN 17 Stenenbrug
664,Stenenbrug 70,2023-02-02,16:00:00,333,219,114,FMN 17 Stenenbrug
664,Stenenbrug 70,2023-02-02,17:00:00,300,179,121,FMN 17 Stenenbrug
664,Stenenbrug 70,2023-02-02,18:00:00,224,155,69,FMN 17 Stenenbrug
664,Stenenbrug 70,2023-02-02,19:00:00,191,143,48,FMN 17 Stenenbrug
664,Stenenbrug 70,2023-02-02,20:00:00,116,78,38,FMN 17 Stenenbrug
664,Stenenbrug 70,2023-02-02,21:00:00,87,62,25,FMN 17 Stenenbrug
664,Stenenbrug 70,2023-02-02,22:00:00,76,52,24,FMN 17 Stenenbrug
664,Stenenbrug 70,2023-02-02,23:00:00,35,21,14,FMN 17 Stenenbrug
664,Stenenbrug 70,2023-02-03,00:00:00,21,11,10,FMN 17 Stenenbrug
664,Stenenbrug 70,2023-02-03,01:00:00,7,5,2,FMN 17 Stenenbrug
664,Stenenbrug 70,2023-02-03,02:00:00,4,1,3,FMN 17 Stenenbrug
664,Stenenbrug 70,2023-02-03,03:00:00,11,10,1,FMN 17 Stenenbrug
664,Stenenbrug 70,2023-02-03,04:00:00,21,18,3,FMN 17 Stenenbrug
664,Stenenbrug 70,2023-02-03,05:00:00,33,28,5,FMN 17 Stenenbrug
664,Stenenbrug 70,2023-02-03,06:00:00,66,44,22,FMN 17 Stenenbrug
664,Stenenbrug 70,2023-02-03,07:00:00,202,167,35,FMN 17 Stenenbrug
664,Stenenbrug 70,2023-02-03,08:00:00,298,222,76,FMN 17 Stenenbrug
664,Stenenbrug 70,2023-02-03,09:00:00,120,97,23,FMN 17 Stenenbrug
664,Stenenbrug 70,2023-02-03,10:00:00,109,78,31,FMN 17 Stenenbrug
664,Stenenbrug 70,2023-02-03,11:00:00,115,84,31,FMN 17 Stenenbrug
664,Stenenbrug 70,2023-02-03,12:00:00,180,141,39,FMN 17 Stenenbrug
664,Stenenbrug 70,2023-02-03,13:00:00,132,97,35,FMN 17 Stenenbrug
664,Stenenbrug 70,2023-02-03,14:00:00,149,85,64,FMN 17 Stenenbrug
664,Stenenbrug 70,2023-02-03,15:00:00,202,120,82,FMN 17 Stenenbrug
664,Stenenbrug 70,2023-02-03,16:00:00,289,188,101,FMN 17 Stenenbrug
664,Stenenbrug 70,2023-02-03,17:00:00,234,154,80,FMN 17 Stenenbrug
664,Stenenbrug 70,2023-02-03,18:00:00,216,157,59,FMN 17 Stenenbrug
664,Stenenbrug 70,2023-02-03,19:00:00,168,130,38,FMN 17 Stenenbrug
664,Stenenbrug 70,2023-02-03,20:00:00,113,85,28,FMN 17 Stenenbrug
664,Stenenbrug 70,2023-02-03,21:00:00,99,71,28,FMN 17 Stenenbrug
664,Stenenbrug 70,2023-02-03,22:00:00,68,41,27,FMN 17 Stenenbrug
664,Stenenbrug 70,2023-02-03,23:00:00,51,29,22,FMN 17 Stenenbrug
664,Stenenbrug 70,2023-02-04,00:00:00,31,17,14,FMN 17 Stenenbrug
664,Stenenbrug 70,2023-02-04,01:00:00,15,8,7,FMN 17 Stenenbrug
664,Stenenbrug 70,2023-02-04,02:00:00,15,8,7,FMN 17 Stenenbrug
664,Stenenbrug 70,2023-02-04,03:00:00,12,9,3,FMN 17 Stenenbrug
664,Stenenbrug 70,2023-02-04,04:00:00,7,5,2,FMN 17 Stenenbrug
664,Stenenbrug 70,2023-02-04,05:00:00,12,11,1,FMN 17 Stenenbrug
664,Stenenbrug 70,2023-02-04,06:00:00,19,11,8,FMN 17 Stenenbrug
664,Stenenbrug 70,2023-02-04,07:00:00,28,18,10,FMN 17 Stenenbrug
664,Stenenbrug 70,2023-02-04,08:00:00,36,28,8,FMN 17 Stenenbrug
664,Stenenbrug 70,2023-02-04,09:00:00,89,63,26,FMN 17 Stenenbrug
664,Stenenbrug 70,2023-02-04,10:00:00,116,79,37,FMN 17 Stenenbrug
664,Stenenbrug 70,2023-02-04,11:00:00,132,95,37,FMN 17 Stenenbrug
664,Stenenbrug 70,2023-02-04,12:00:00,130,103,27,FMN 17 Stenenbrug
664,Stenenbrug 70,2023-02-04,13:00:00,151,117,34,FMN 17 Stenenbrug
664,Stenenbrug 70,2023-02-04,14:00:00,145,105,40,FMN 17 Stenenbrug
664,Stenenbrug 70,2023-02-04,15:00:00,126,91,35,FMN 17 Stenenbrug
664,Stenenbrug 70,2023-02-04,16:00:00,143,93,50,FMN 17 Stenenbrug
664,Stenenbrug 70,2023-02-04,17:00:00,132,103,29,FMN 17 Stenenbrug
664,Stenenbrug 70,2023-02-04,18:00:00,122,90,32,FMN 17 Stenenbrug
664,Stenenbrug 70,2023-02-04,19:00:00,109,91,18,FMN 17 Stenenbrug
664,Stenenbrug 70,2023-02-04,20:00:00,73,54,19,FMN 17 Stenenbrug
664,Stenenbrug 70,2023-02-04,21:00:00,56,49,7,FMN 17 Stenenbrug
664,Stenenbrug 70,2023-02-04,22:00:00,41,29,12,FMN 17 Stenenbrug
664,Stenenbrug 70,2023-02-04,23:00:00,45,30,15,FMN 17 Stenenbrug
664,Stenenbrug 70,2023-02-05,00:00:00,37,24,13,FMN 17 Stenenbrug
664,Stenenbrug 70,2023-02-05,01:00:00,30,20,10,FMN 17 Stenenbrug
664,Stenenbrug 70,2023-02-05,02:00:00,18,14,4,FMN 17 Stenenbrug
664,Stenenbrug 70,2023-02-05,03:00:00,11,7,4,FMN 17 Stenenbrug
664,Stenenbrug 70,2023-02-05,04:00:00,7,6,1,FMN 17 Stenenbrug
664,Stenenbrug 70,2023-02-05,05:00:00,18,14,4,FMN 17 Stenenbrug
664,Stenenbrug 70,2023-02-05,06:00:00,20,15,5,FMN 17 Stenenbrug
664,Stenenbrug 70,2023-02-05,07:00:00,16,12,4,FMN 17 Stenenbrug
664,Stenenbrug 70,2023-02-05,08:00:00,30,16,14,FMN 17 Stenenbrug
664,Stenenbrug 70,2023-02-05,09:00:00,53,38,15,FMN 17 Stenenbrug
664,Stenenbrug 70,2023-02-05,10:00:00,77,59,18,FMN 17 Stenenbrug
664,Stenenbrug 70,2023-02-05,11:00:00,100,76,24,FMN 17 Stenenbrug
664,Stenenbrug 70,2023-02-05,12:00:00,146,117,29,FMN 17 Stenenbrug
664,Stenenbrug 70,2023-02-05,13:00:00,114,89,25,FMN 17 Stenenbrug
664,Stenenbrug 70,2023-02-05,14:00:00,128,98,30,FMN 17 Stenenbrug
664,Stenenbrug 70,2023-02-05,15:00:00,105,77,28,FMN 17 Stenenbrug
664,Stenenbrug 70,2023-02-05,16:00:00,127,92,35,FMN 17 Stenenbrug
664,Stenenbrug 70,2023-02-05,17:00:00,108,87,21,FMN 17 Stenenbrug
664,Stenenbrug 70,2023-02-05,18:00:00,110,85,25,FMN 17 Stenenbrug
664,Stenenbrug 70,2023-02-05,19:00:00,104,76,28,FMN 17 Stenenbrug
664,Stenenbrug 70,2023-02-05,20:00:00,77,51,26,FMN 17 Stenenbrug
664,Stenenbrug 70,2023-02-05,21:00:00,69,47,22,FMN 17 Stenenbrug
664,Stenenbrug 70,2023-02-05,22:00:00,45,29,16,FMN 17 Stenenbrug
664,Stenenbrug 70,2023-02-05,23:00:00,24,15,9,FMN 17 Stenenbrug
664,Stenenbrug 70,2023-02-06,00:00:00,0,0,0,FMN 17 Stenenbrug
664,Stenenbrug 70,2023-02-06,01:00:00,10,8,2,FMN 17 Stenenbrug
664,Stenenbrug 70,2023-02-06,02:00:00,7,5,2,FMN 17 Stenenbrug
664,Stenenbrug 70,2023-02-06,03:00:00,8,7,1,FMN 17 Stenenbrug
664,Stenenbrug 70,2023-02-06,04:00:00,24,20,4,FMN 17 Stenenbrug
664,Stenenbrug 70,2023-02-06,05:00:00,42,28,14,FMN 17 Stenenbrug
664,Stenenbrug 70,2023-02-06,06:00:00,83,61,22,FMN 17 Stenenbrug
664,Stenenbrug 70,2023-02-06,07:00:00,226,182,44,FMN 17 Stenenbrug
664,Stenenbrug 70,2023-02-06,08:00:00,351,263,88,FMN 17 Stenenbrug
664,Stenenbrug 70,2023-02-06,09:00:00,125,95,30,FMN 17 Stenenbrug
664,Stenenbrug 70,2023-02-06,10:00:00,108,77,31,FMN 17 Stenenbrug
664,Stenenbrug 70,2023-02-06,11:00:00,87,64,23,FMN 17 Stenenbrug
664,Stenenbrug 70,2023-02-06,12:00:00,146,121,25,FMN 17 Stenenbrug
664,Stenenbrug 70,2023-02-06,13:00:00,135,91,44,FMN 17 Stenenbrug
664,Stenenbrug 70,2023-02-06,14:00:00,144,102,42,FMN 17 Stenenbrug
664,Stenenbrug 70,2023-02-06,15:00:00,195,119,76,FMN 17 Stenenbrug
664,Stenenbrug 70,2023-02-06,16:00:00,342,222,120,FMN 17 Stenenbrug
664,Stenenbrug 70,2023-02-06,17:00:00,280,181,99,FMN 17 Stenenbrug
664,Stenenbrug 70,2023-02-06,18:00:00,203,136,67,FMN 17 Stenenbrug
664,Stenenbrug 70,2023-02-06,19:00:00,133,98,35,FMN 17 Stenenbrug
664,Stenenbrug 70,2023-02-06,20:00:00,109,76,33,FMN 17 Stenenbrug
664,Stenenbrug 70,2023-02-06,21:00:00,72,56,16,FMN 17 Stenenbrug
664,Stenenbrug 70,2023-02-06,22:00:00,61,44,17,FMN 17 Stenenbrug
664,Stenenbrug 70,2023-02-06,23:00:00,33,24,9,FMN 17 Stenenbrug
664,Stenenbrug 70,2023-02-07,00:00:00,0,0,0,FMN 17 Stenenbrug
664,Stenenbrug 70,2023-02-07,01:00:00,8,5,3,FMN 17 Stenenbrug
664,Stenenbrug 70,2023-02-07,02:00:00,3,2,1,FMN 17 Stenenbrug
664,Stenenbrug 70,2023-02-07,03:00:00,4,3,1,FMN 17 Stenenbrug
664,Stenenbrug 70,2023-02-07,04:00:00,20,19,1,FMN 17 Stenenbrug
664,Stenenbrug 70,2023-02-07,05:00:00,38,33,5,FMN 17 Stenenbrug
664,Stenenbrug 70,2023-02-07,06:00:00,75,61,14,FMN 17 Stenenbrug
664,Stenenbrug 70,2023-02-07,07:00:00,250,193,57,FMN 17 Stenenbrug
664,Stenenbrug 70,2023-02-07,08:00:00,364,277,87,FMN 17 Stenenbrug
664,Stenenbrug 70,2023-02-07,09:00:00,131,109,22,FMN 17 Stenenbrug
664,Stenenbrug 70,2023-02-07,10:00:00,95,73,22,FMN 17 Stenenbrug
664,Stenenbrug 70,2023-02-07,11:00:00,87,73,14,FMN 17 Stenenbrug
664,Stenenbrug 70,2023-02-07,12:00:00,162,129,33,FMN 17 Stenenbrug
664,Stenenbrug 70,2023-02-07,13:00:00,150,98,52,FMN 17 Stenenbrug
664,Stenenbrug 70,2023-02-07,14:00:00,143,92,51,FMN 17 Stenenbrug
664,Stenenbrug 70,2023-02-07,15:00:00,213,128,85,FMN 17 Stenenbrug
664,Stenenbrug 70,2023-02-07,16:00:00,346,222,124,FMN 17 Stenenbrug
664,Stenenbrug 70,2023-02-07,17:00:00,307,193,114,FMN 17 Stenenbrug
664,Stenenbrug 70,2023-02-07,18:00:00,212,144,68,FMN 17 Stenenbrug
664,Stenenbrug 70,2023-02-07,19:00:00,157,113,44,FMN 17 Stenenbrug
664,Stenenbrug 70,2023-02-07,20:00:00,102,77,25,FMN 17 Stenenbrug
664,Stenenbrug 70,2023-02-07,21:00:00,76,50,26,FMN 17 Stenenbrug
664,Stenenbrug 70,2023-02-07,22:00:00,71,46,25,FMN 17 Stenenbrug
664,Stenenbrug 70,2023-02-07,23:00:00,33,22,11,FMN 17 Stenenbrug
664,Stenenbrug 70,2023-02-08,00:00:00,20,13,7,FMN 17 Stenenbrug
664,Stenenbrug 70,2023-02-08,01:00:00,5,2,3,FMN 17 Stenenbrug
664,Stenenbrug 70,2023-02-08,02:00:00,5,3,2,FMN 17 Stenenbrug
664,Stenenbrug 70,2023-02-08,03:00:00,5,3,2,FMN 17 Stenenbrug
664,Stenenbrug 70,2023-02-08,04:00:00,17,15,2,FMN 17 Stenenbrug
664,Stenenbrug 70,2023-02-08,05:00:00,51,34,17,FMN 17 Stenenbrug
664,Stenenbrug 70,2023-02-08,06:00:00,95,66,29,FMN 17 Stenenbrug
664,Stenenbrug 70,2023-02-08,07:00:00,243,199,44,FMN 17 Stenenbrug
664,Stenenbrug 70,2023-02-08,08:00:00,397,280,117,FMN 17 Stenenbrug
664,Stenenbrug 70,2023-02-08,09:00:00,119,95,24,FMN 17 Stenenbrug
664,Stenenbrug 70,2023-02-08,10:00:00,90,71,19,FMN 17 Stenenbrug
664,Stenenbrug 70,2023-02-08,11:00:00,108,82,26,FMN 17 Stenenbrug
664,Stenenbrug 70,2023-02-08,12:00:00,343,255,88,FMN 17 Stenenbrug
664,Stenenbrug 70,2023-02-08,13:00:00,216,134,82,FMN 17 Stenenbrug
664,Stenenbrug 70,2023-02-08,14:00:00,168,105,63,FMN 17 Stenenbrug
664,Stenenbrug 70,2023-02-08,15:00:00,216,140,76,FMN 17 Stenenbrug
664,Stenenbrug 70,2023-02-08,16:00:00,268,167,101,FMN 17 Stenenbrug
664,Stenenbrug 70,2023-02-08,17:00:00,337,207,130,FMN 17 Stenenbrug
664,Stenenbrug 70,2023-02-08,18:00:00,356,206,150,FMN 17 Stenenbrug
664,Stenenbrug 70,2023-02-08,19:00:00,206,126,80,FMN 17 Stenenbrug
664,Stenenbrug 70,2023-02-08,20:00:00,174,132,42,FMN 17 Stenenbrug
664,Stenenbrug 70,2023-02-08,21:00:00,98,68,30,FMN 17 Stenenbrug
664,Stenenbrug 70,2023-02-08,22:00:00,103,76,27,FMN 17 Stenenbrug
664,Stenenbrug 70,2023-02-08,23:00:00,27,18,9,FMN 17 Stenenbrug
664,Stenenbrug 70,2023-02-09,00:00:00,11,8,3,FMN 17 Stenenbrug
664,Stenenbrug 70,2023-02-09,01:00:00,16,13,3,FMN 17 Stenenbrug
664,Stenenbrug 70,2023-02-09,02:00:00,4,2,2,FMN 17 Stenenbrug
664,Stenenbrug 70,2023-02-09,03:00:00,9,6,3,FMN 17 Stenenbrug
664,Stenenbrug 70,2023-02-09,04:00:00,28,23,5,FMN 17 Stenenbrug
664,Stenenbrug 70,2023-02-09,05:00:00,51,37,14,FMN 17 Stenenbrug
664,Stenenbrug 70,2023-02-09,06:00:00,89,69,20,FMN 17 Stenenbrug
664,Stenenbrug 70,2023-02-09,07:00:00,265,193,72,FMN 17 Stenenbrug
664,Stenenbrug 70,2023-02-09,08:00:00,482,344,138,FMN 17 Stenenbrug
664,Stenenbrug 70,2023-02-09,09:00:00,150,119,31,FMN 17 Stenenbrug
664,Stenenbrug 70,2023-02-09,10:00:00,92,69,23,FMN 17 Stenenbrug
664,Stenenbrug 70,2023-02-09,11:00:00,107,82,25,FMN 17 Stenenbrug
664,Stenenbrug 70,2023-02-09,12:00:00,184,144,40,FMN 17 Stenenbrug
664,Stenenbrug 70,2023-02-09,13:00:00,147,101,46,FMN 17 Stenenbrug
664,Stenenbrug 70,2023-02-09,14:00:00,159,115,44,FMN 17 Stenenbrug
664,Stenenbrug 70,2023-02-09,15:00:00,226,139,87,FMN 17 Stenenbrug
664,Stenenbrug 70,2023-02-09,16:00:00,463,290,173,FMN 17 Stenenbrug
664,Stenenbrug 70,2023-02-09,17:00:00,427,213,214,FMN 17 Stenenbrug
664,Stenenbrug 70,2023-02-09,18:00:00,365,239,126,FMN 17 Stenenbrug
664,Stenenbrug 70,2023-02-09,19:00:00,224,162,62,FMN 17 Stenenbrug
664,Stenenbrug 70,2023-02-09,20:00:00,196,125,71,FMN 17 Stenenbrug
664,Stenenbrug 70,2023-02-09,21:00:00,134,104,30,FMN 17 Stenenbrug
664,Stenenbrug 70,2023-02-09,22:00:00,94,69,25,FMN 17 Stenenbrug
664,Stenenbrug 70,2023-02-09,23:00:00,43,28,15,FMN 17 Stenenbrug
664,Stenenbrug 70,2023-02-10,00:00:00,32,17,15,FMN 17 Stenenbrug
664,Stenenbrug 70,2023-02-10,01:00:00,4,1,3,FMN 17 Stenenbrug
664,Stenenbrug 70,2023-02-10,02:00:00,4,2,2,FMN 17 Stenenbrug
664,Stenenbrug 70,2023-02-10,03:00:00,9,7,2,FMN 17 Stenenbrug
664,Stenenbrug 70,2023-02-10,04:00:00,21,16,5,FMN 17 Stenenbrug
664,Stenenbrug 70,2023-02-10,05:00:00,52,37,15,FMN 17 Stenenbrug
664,Stenenbrug 70,2023-02-10,06:00:00,80,63,17,FMN 17 Stenenbrug
664,Stenenbrug 70,2023-02-10,07:00:00,279,224,55,FMN 17 Stenenbrug
664,Stenenbrug 70,2023-02-10,08:00:00,462,317,145,FMN 17 Stenenbrug
664,Stenenbrug 70,2023-02-10,09:00:00,144,115,29,FMN 17 Stenenbrug
664,Stenenbrug 70,2023-02-10,10:00:00,100,68,32,FMN 17 Stenenbrug
664,Stenenbrug 70,2023-02-10,11:00:00,127,98,29,FMN 17 Stenenbrug
664,Stenenbrug 70,2023-02-10,12:00:00,156,121,35,FMN 17 Stenenbrug
664,Stenenbrug 70,2023-02-10,13:00:00,141,94,47,FMN 17 Stenenbrug
664,Stenenbrug 70,2023-02-10,14:00:00,150,108,42,FMN 17 Stenenbrug
664,Stenenbrug 70,2023-02-10,15:00:00,238,144,94,FMN 17 Stenenbrug
664,Stenenbrug 70,2023-02-10,16:00:00,387,244,143,FMN 17 Stenenbrug
664,Stenenbrug 70,2023-02-10,17:00:00,282,166,116,FMN 17 Stenenbrug
664,Stenenbrug 70,2023-02-10,18:00:00,297,185,112,FMN 17 Stenenbrug
664,Stenenbrug 70,2023-02-10,19:00:00,225,158,67,FMN 17 Stenenbrug
664,Stenenbrug 70,2023-02-10,20:00:00,190,142,48,FMN 17 Stenenbrug
664,Stenenbrug 70,2023-02-10,21:00:00,113,86,27,FMN 17 Stenenbrug
664,Stenenbrug 70,2023-02-10,22:00:00,101,73,28,FMN 17 Stenenbrug
664,Stenenbrug 70,2023-02-10,23:00:00,80,54,26,FMN 17 Stenenbrug
664,Stenenbrug 70,2023-02-11,00:00:00,69,44,25,FMN 17 Stenenbrug
664,Stenenbrug 70,2023-02-11,01:00:00,49,26,23,FMN 17 Stenenbrug
664,Stenenbrug 70,2023-02-11,02:00:00,24,12,12,FMN 17 Stenenbrug
664,Stenenbrug 70,2023-02-11,03:00:00,20,12,8,FMN 17 Stenenbrug
664,Stenenbrug 70,2023-02-11,04:00:00,20,12,8,FMN 17 Stenenbrug
664,Stenenbrug 70,2023-02-11,05:00:00,22,17,5,FMN 17 Stenenbrug
664,Stenenbrug 70,2023-02-11,06:00:00,26,12,14,FMN 17 Stenenbrug
664,Stenenbrug 70,2023-02-11,07:00:00,28,18,10,FMN 17 Stenenbrug
664,Stenenbrug 70,2023-02-11,08:00:00,48,34,14,FMN 17 Stenenbrug
664,Stenenbrug 70,2023-02-11,09:00:00,140,91,49,FMN 17 Stenenbrug
664,Stenenbrug 70,2023-02-11,10:00:00,180,93,87,FMN 17 Stenenbrug
664,Stenenbrug 70,2023-02-11,11:00:00,269,125,144,FMN 17 Stenenbrug
664,Stenenbrug 70,2023-02-11,12:00:00,197,149,48,FMN 17 Stenenbrug
664,Stenenbrug 70,2023-02-11,13:00:00,315,242,73,FMN 17 Stenenbrug
664,Stenenbrug 70,2023-02-11,14:00:00,264,178,86,FMN 17 Stenenbrug
664,Stenenbrug 70,2023-02-11,15:00:00,216,160,56,FMN 17 Stenenbrug
664,Stenenbrug 70,2023-02-11,16:00:00,215,153,62,FMN 17 Stenenbrug
664,Stenenbrug 70,2023-02-11,17:00:00,232,179,53,FMN 17 Stenenbrug
664,Stenenbrug 70,2023-02-11,18:00:00,179,149,30,FMN 17 Stenenbrug
664,Stenenbrug 70,2023-02-11,19:00:00,162,131,31,FMN 17 Stenenbrug
664,Stenenbrug 70,2023-02-11,20:00:00,137,117,20,FMN 17 Stenenbrug
664,Stenenbrug 70,2023-02-11,21:00:00,96,76,20,FMN 17 Stenenbrug
664,Stenenbrug 70,2023-02-11,22:00:00,78,51,27,FMN 17 Stenenbrug
664,Stenenbrug 70,2023-02-11,23:00:00,54,42,12,FMN 17 Stenenbrug
664,Stenenbrug 70,2023-02-12,00:00:00,63,32,31,FMN 17 Stenenbrug
664,Stenenbrug 70,2023-02-12,01:00:00,30,12,18,FMN 17 Stenenbrug
664,Stenenbrug 70,2023-02-12,02:00:00,19,8,11,FMN 17 Stenenbrug
664,Stenenbrug 70,2023-02-12,03:00:00,22,11,11,FMN 17 Stenenbrug
664,Stenenbrug 70,2023-02-12,04:00:00,9,6,3,FMN 17 Stenenbrug
664,Stenenbrug 70,2023-02-12,05:00:00,13,7,6,FMN 17 Stenenbrug
664,Stenenbrug 70,2023-02-12,06:00:00,14,10,4,FMN 17 Stenenbrug
664,Stenenbrug 70,2023-02-12,07:00:00,15,11,4,FMN 17 Stenenbrug
664,Stenenbrug 70,2023-02-12,08:00:00,59,29,30,FMN 17 Stenenbrug
664,Stenenbrug 70,2023-02-12,09:00:00,83,52,31,FMN 17 Stenenbrug
664,Stenenbrug 70,2023-02-12,10:00:00,65,44,21,FMN 17 Stenenbrug
664,Stenenbrug 70,2023-02-12,11:00:00,108,76,32,FMN 17 Stenenbrug
664,Stenenbrug 70,2023-02-12,12:00:00,185,151,34,FMN 17 Stenenbrug
664,Stenenbrug 70,2023-02-12,13:00:00,137,92,45,FMN 17 Stenenbrug
664,Stenenbrug 70,2023-02-12,14:00:00,154,116,38,FMN 17 Stenenbrug
664,Stenenbrug 70,2023-02-12,15:00:00,126,83,43,FMN 17 Stenenbrug
664,Stenenbrug 70,2023-02-12,16:00:00,115,72,43,FMN 17 Stenenbrug
664,Stenenbrug 70,2023-02-12,17:00:00,138,109,29,FMN 17 Stenenbrug
664,Stenenbrug 70,2023-02-12,18:00:00,146,119,27,FMN 17 Stenenbrug
664,Stenenbrug 70,2023-02-12,19:00:00,119,73,46,FMN 17 Stenenbrug
664,Stenenbrug 70,2023-02-12,20:00:00,97,68,29,FMN 17 Stenenbrug
664,Stenenbrug 70,2023-02-12,21:00:00,60,40,20,FMN 17 Stenenbrug
664,Stenenbrug 70,2023-02-12,22:00:00,62,42,20,FMN 17 Stenenbrug
664,Stenenbrug 70,2023-02-12,23:00:00,22,13,9,FMN 17 Stenenbrug
664,Stenenbrug 70,2023-02-13,00:00:00,16,5,11,FMN 17 Stenenbrug
664,Stenenbrug 70,2023-02-13,01:00:00,8,5,3,FMN 17 Stenenbrug
664,Stenenbrug 70,2023-02-13,02:00:00,2,2,0,FMN 17 Stenenbrug
664,Stenenbrug 70,2023-02-13,03:00:00,7,7,0,FMN 17 Stenenbrug
664,Stenenbrug 70,2023-02-13,04:00:00,25,22,3,FMN 17 Stenenbrug
664,Stenenbrug 70,2023-02-13,05:00:00,45,34,11,FMN 17 Stenenbrug
664,Stenenbrug 70,2023-02-13,06:00:00,78,61,17,FMN 17 Stenenbrug
664,Stenenbrug 70,2023-02-13,07:00:00,303,237,66,FMN 17 Stenenbrug
664,Stenenbrug 70,2023-02-13,08:00:00,510,369,141,FMN 17 Stenenbrug
664,Stenenbrug 70,2023-02-13,09:00:00,165,130,35,FMN 17 Stenenbrug
664,Stenenbrug 70,2023-02-13,10:00:00,121,88,33,FMN 17 Stenenbrug
664,Stenenbrug 70,2023-02-13,11:00:00,125,94,31,FMN 17 Stenenbrug
664,Stenenbrug 70,2023-02-13,12:00:00,164,121,43,FMN 17 Stenenbrug
664,Stenenbrug 70,2023-02-13,13:00:00,166,102,64,FMN 17 Stenenbrug
664,Stenenbrug 70,2023-02-13,14:00:00,163,114,49,FMN 17 Stenenbrug
664,Stenenbrug 70,2023-02-13,15:00:00,256,154,102,FMN 17 Stenenbrug
664,Stenenbrug 70,2023-02-13,16:00:00,470,285,185,FMN 17 Stenenbrug
664,Stenenbrug 70,2023-02-13,17:00:00,390,233,157,FMN 17 Stenenbrug
664,Stenenbrug 70,2023-02-13,18:00:00,256,169,87,FMN 17 Stenenbrug
664,Stenenbrug 70,2023-02-13,19:00:00,183,132,51,FMN 17 Stenenbrug
664,Stenenbrug 70,2023-02-13,20:00:00,129,93,36,FMN 17 Stenenbrug
664,Stenenbrug 70,2023-02-13,21:00:00,89,54,35,FMN 17 Stenenbrug
664,Stenenbrug 70,2023-02-13,22:00:00,91,50,41,FMN 17 Stenenbrug
664,Stenenbrug 70,2023-02-13,23:00:00,34,19,15,FMN 17 Stenenbrug
664,Stenenbrug 70,2023-02-14,00:00:00,16,9,7,FMN 17 Stenenbrug
664,Stenenbrug 70,2023-02-14,01:00:00,7,3,4,FMN 17 Stenenbrug
664,Stenenbrug 70,2023-02-14,02:00:00,2,0,2,FMN 17 Stenenbrug
664,Stenenbrug 70,2023-02-14,03:00:00,6,3,3,FMN 17 Stenenbrug
664,Stenenbrug 70,2023-02-14,04:00:00,30,27,3,FMN 17 Stenenbrug
664,Stenenbrug 70,2023-02-14,05:00:00,66,55,11,FMN 17 Stenenbrug
664,Stenenbrug 70,2023-02-14,06:00:00,102,77,25,FMN 17 Stenenbrug
664,Stenenbrug 70,2023-02-14,07:00:00,375,297,78,FMN 17 Stenenbrug
664,Stenenbrug 70,2023-02-14,08:00:00,555,404,151,FMN 17 Stenenbrug
664,Stenenbrug 70,2023-02-14,09:00:00,202,156,46,FMN 17 Stenenbrug
664,Stenenbrug 70,2023-02-14,10:00:00,152,119,33,FMN 17 Stenenbrug
664,Stenenbrug 70,2023-02-14,11:00:00,111,86,25,FMN 17 Stenenbrug
664,Stenenbrug 70,2023-02-14,12:00:00,246,173,73,FMN 17 Stenenbrug
664,Stenenbrug 70,2023-02-14,13:00:00,174,117,57,FMN 17 Stenenbrug
664,Stenenbrug 70,2023-02-14,14:00:00,205,141,64,FMN 17 Stenenbrug
664,Stenenbrug 70,2023-02-14,15:00:00,330,190,140,FMN 17 Stenenbrug
664,Stenenbrug 70,2023-02-14,16:00:00,535,340,195,FMN 17 Stenenbrug
664,Stenenbrug 70,2023-02-14,17:00:00,502,311,191,FMN 17 Stenenbrug
664,Stenenbrug 70,2023-02-14,18:00:00,333,236,97,FMN 17 Stenenbrug
664,Stenenbrug 70,2023-02-14,19:00:00,263,183,80,FMN 17 Stenenbrug
664,Stenenbrug 70,2023-02-14,20:00:00,142,104,38,FMN 17 Stenenbrug
664,Stenenbrug 70,2023-02-14,21:00:00,101,73,28,FMN 17 Stenenbrug
664,Stenenbrug 70,2023-02-14,22:00:00,99,65,34,FMN 17 Stenenbrug
664,Stenenbrug 70,2023-02-14,23:00:00,53,27,26,FMN 17 Stenenbrug
664,Stenenbrug 70,2023-02-15,00:00:00,22,15,7,FMN 17 Stenenbrug
664,Stenenbrug 70,2023-02-15,01:00:00,1,0,1,FMN 17 Stenenbrug
664,Stenenbrug 70,2023-02-15,02:00:00,5,2,3,FMN 17 Stenenbrug
664,Stenenbrug 70,2023-02-15,03:00:00,8,7,1,FMN 17 Stenenbrug
664,Stenenbrug 70,2023-02-15,04:00:00,34,30,4,FMN 17 Stenenbrug
664,Stenenbrug 70,2023-02-15,05:00:00,49,34,15,FMN 17 Stenenbrug
664,Stenenbrug 70,2023-02-15,06:00:00,104,77,27,FMN 17 Stenenbrug
664,Stenenbrug 70,2023-02-15,07:00:00,286,226,60,FMN 17 Stenenbrug
664,Stenenbrug 70,2023-02-15,08:00:00,496,367,129,FMN 17 Stenenbrug
664,Stenenbrug 70,2023-02-15,09:00:00,183,145,38,FMN 17 Stenenbrug
664,Stenenbrug 70,2023-02-15,10:00:00,120,90,30,FMN 17 Stenenbrug
664,Stenenbrug 70,2023-02-15,11:00:00,142,107,35,FMN 17 Stenenbrug
664,Stenenbrug 70,2023-02-15,12:00:00,355,249,106,FMN 17 Stenenbrug
664,Stenenbrug 70,2023-02-15,13:00:00,208,135,73,FMN 17 Stenenbrug
664,Stenenbrug 70,2023-02-15,14:00:00,207,153,54,FMN 17 Stenenbrug
664,Stenenbrug 70,2023-02-15,15:00:00,215,131,84,FMN 17 Stenenbrug
664,Stenenbrug 70,2023-02-15,16:00:00,346,196,150,FMN 17 Stenenbrug
664,Stenenbrug 70,2023-02-15,17:00:00,349,216,133,FMN 17 Stenenbrug
664,Stenenbrug 70,2023-02-15,18:00:00,286,191,95,FMN 17 Stenenbrug
664,Stenenbrug 70,2023-02-15,19:00:00,230,162,68,FMN 17 Stenenbrug
664,Stenenbrug 70,2023-02-15,20:00:00,125,87,38,FMN 17 Stenenbrug
664,Stenenbrug 70,2023-02-15,21:00:00,107,79,28,FMN 17 Stenenbrug
664,Stenenbrug 70,2023-02-15,22:00:00,122,78,44,FMN 17 Stenenbrug
664,Stenenbrug 70,2023-02-15,23:00:00,55,34,21,FMN 17 Stenenbrug
664,Stenenbrug 70,2023-02-16,00:00:00,14,8,6,FMN 17 Stenenbrug
664,Stenenbrug 70,2023-02-16,01:00:00,8,3,5,FMN 17 Stenenbrug
664,Stenenbrug 70,2023-02-16,02:00:00,7,4,3,FMN 17 Stenenbrug
664,Stenenbrug 70,2023-02-16,03:00:00,7,4,3,FMN 17 Stenenbrug
664,Stenenbrug 70,2023-02-16,04:00:00,25,23,2,FMN 17 Stenenbrug
664,Stenenbrug 70,2023-02-16,05:00:00,57,47,10,FMN 17 Stenenbrug
664,Stenenbrug 70,2023-02-16,06:00:00,80,60,20,FMN 17 Stenenbrug
664,Stenenbrug 70,2023-02-16,07:00:00,326,252,74,FMN 17 Stenenbrug
664,Stenenbrug 70,2023-02-16,08:00:00,534,382,152,FMN 17 Stenenbrug
664,Stenenbrug 70,2023-02-16,09:00:00,142,116,26,FMN 17 Stenenbrug
664,Stenenbrug 70,2023-02-16,10:00:00,101,74,27,FMN 17 Stenenbrug
664,Stenenbrug 70,2023-02-16,11:00:00,89,62,27,FMN 17 Stenenbrug
664,Stenenbrug 70,2023-02-16,12:00:00,158,122,36,FMN 17 Stenenbrug
664,Stenenbrug 70,2023-02-16,13:00:00,139,89,50,FMN 17 Stenenbrug
664,Stenenbrug 70,2023-02-16,14:00:00,135,89,46,FMN 17 Stenenbrug
664,Stenenbrug 70,2023-02-16,15:00:00,276,174,102,FMN 17 Stenenbrug
664,Stenenbrug 70,2023-02-16,16:00:00,399,255,144,FMN 17 Stenenbrug
664,Stenenbrug 70,2023-02-16,17:00:00,384,229,155,FMN 17 Stenenbrug
664,Stenenbrug 70,2023-02-16,18:00:00,284,187,97,FMN 17 Stenenbrug
664,Stenenbrug 70,2023-02-16,19:00:00,200,146,54,FMN 17 Stenenbrug
664,Stenenbrug 70,2023-02-16,20:00:00,133,87,46,FMN 17 Stenenbrug
664,Stenenbrug 70,2023-02-16,21:00:00,117,85,32,FMN 17 Stenenbrug
664,Stenenbrug 70,2023-02-16,22:00:00,90,58,32,FMN 17 Stenenbrug
664,Stenenbrug 70,2023-02-16,23:00:00,29,19,10,FMN 17 Stenenbrug
664,Stenenbrug 70,2023-02-17,00:00:00,22,11,11,FMN 17 Stenenbrug
664,Stenenbrug 70,2023-02-17,01:00:00,10,7,3,FMN 17 Stenenbrug
664,Stenenbrug 70,2023-02-17,02:00:00,5,2,3,FMN 17 Stenenbrug
664,Stenenbrug 70,2023-02-17,03:00:00,4,2,2,FMN 17 Stenenbrug
664,Stenenbrug 70,2023-02-17,04:00:00,29,26,3,FMN 17 Stenenbrug
664,Stenenbrug 70,2023-02-17,05:00:00,53,45,8,FMN 17 Stenenbrug
664,Stenenbrug 70,2023-02-17,06:00:00,83,63,20,FMN 17 Stenenbrug
664,Stenenbrug 70,2023-02-17,07:00:00,272,210,62,FMN 17 Stenenbrug
664,Stenenbrug 70,2023-02-17,08:00:00,478,332,146,FMN 17 Stenenbrug
664,Stenenbrug 70,2023-02-17,09:00:00,170,131,39,FMN 17 Stenenbrug
664,Stenenbrug 70,2023-02-17,10:00:00,119,90,29,FMN 17 Stenenbrug
664,Stenenbrug 70,2023-02-17,11:00:00,98,78,20,FMN 17 Stenenbrug
664,Stenenbrug 70,2023-02-17,12:00:00,184,146,38,FMN 17 Stenenbrug
664,Stenenbrug 70,2023-02-17,13:00:00,167,100,67,FMN 17 Stenenbrug
664,Stenenbrug 70,2023-02-17,14:00:00,165,94,71,FMN 17 Stenenbrug
664,Stenenbrug 70,2023-02-17,15:00:00,329,186,143,FMN 17 Stenenbrug
664,Stenenbrug 70,2023-02-17,16:00:00,378,243,135,FMN 17 Stenenbrug
664,Stenenbrug 70,2023-02-17,17:00:00,299,197,102,FMN 17 Stenenbrug
664,Stenenbrug 70,2023-02-17,18:00:00,245,177,68,FMN 17 Stenenbrug
664,Stenenbrug 70,2023-02-17,19:00:00,194,148,46,FMN 17 Stenenbrug
664,Stenenbrug 70,2023-02-17,20:00:00,151,112,39,FMN 17 Stenenbrug
664,Stenenbrug 70,2023-02-17,21:00:00,105,71,34,FMN 17 Stenenbrug
664,Stenenbrug 70,2023-02-17,22:00:00,110,70,40,FMN 17 Stenenbrug
664,Stenenbrug 70,2023-02-17,23:00:00,80,55,25,FMN 17 Stenenbrug
664,Stenenbrug 70,2023-02-18,00:00:00,43,34,9,FMN 17 Stenenbrug
664,Stenenbrug 70,2023-02-18,01:00:00,30,16,14,FMN 17 Stenenbrug
664,Stenenbrug 70,2023-02-18,02:00:00,25,18,7,FMN 17 Stenenbrug
664,Stenenbrug 70,2023-02-18,03:00:00,10,8,2,FMN 17 Stenenbrug
664,Stenenbrug 70,2023-02-18,04:00:00,21,14,7,FMN 17 Stenenbrug
664,Stenenbrug 70,2023-02-18,05:00:00,18,10,8,FMN 17 Stenenbrug
664,Stenenbrug 70,2023-02-18,06:00:00,30,22,8,FMN 17 Stenenbrug
664,Stenenbrug 70,2023-02-18,07:00:00,30,22,8,FMN 17 Stenenbrug
664,Stenenbrug 70,2023-02-18,08:00:00,56,38,18,FMN 17 Stenenbrug
664,Stenenbrug 70,2023-02-18,09:00:00,136,99,37,FMN 17 Stenenbrug
664,Stenenbrug 70,2023-02-18,10:00:00,143,94,49,FMN 17 Stenenbrug
664,Stenenbrug 70,2023-02-18,11:00:00,142,100,42,FMN 17 Stenenbrug
664,Stenenbrug 70,2023-02-18,12:00:00,143,99,44,FMN 17 Stenenbrug
664,Stenenbrug 70,2023-02-18,13:00:00,144,100,44,FMN 17 Stenenbrug
664,Stenenbrug 70,2023-02-18,14:00:00,138,103,35,FMN 17 Stenenbrug
664,Stenenbrug 70,2023-02-18,15:00:00,150,114,36,FMN 17 Stenenbrug
664,Stenenbrug 70,2023-02-18,16:00:00,129,86,43,FMN 17 Stenenbrug
664,Stenenbrug 70,2023-02-18,17:00:00,167,125,42,FMN 17 Stenenbrug
664,Stenenbrug 70,2023-02-18,18:00:00,147,123,24,FMN 17 Stenenbrug
664,Stenenbrug 70,2023-02-18,19:00:00,152,126,26,FMN 17 Stenenbrug
664,Stenenbrug 70,2023-02-18,20:00:00,111,75,36,FMN 17 Stenenbrug
664,Stenenbrug 70,2023-02-18,21:00:00,107,72,35,FMN 17 Stenenbrug
664,Stenenbrug 70,2023-02-18,22:00:00,83,44,39,FMN 17 Stenenbrug
664,Stenenbrug 70,2023-02-18,23:00:00,52,30,22,FMN 17 Stenenbrug
664,Stenenbrug 70,2023-02-19,00:00:00,61,40,21,FMN 17 Stenenbrug
664,Stenenbrug 70,2023-02-19,01:00:00,35,24,11,FMN 17 Stenenbrug
664,Stenenbrug 70,2023-02-19,02:00:00,18,12,6,FMN 17 Stenenbrug
664,Stenenbrug 70,2023-02-19,03:00:00,13,9,4,FMN 17 Stenenbrug
664,Stenenbrug 70,2023-02-19,04:00:00,12,9,3,FMN 17 Stenenbrug
664,Stenenbrug 70,2023-02-19,05:00:00,19,12,7,FMN 17 Stenenbrug
664,Stenenbrug 70,2023-02-19,06:00:00,18,15,3,FMN 17 Stenenbrug
664,Stenenbrug 70,2023-02-19,07:00:00,18,15,3,FMN 17 Stenenbrug
664,Stenenbrug 70,2023-02-19,08:00:00,59,30,29,FMN 17 Stenenbrug
664,Stenenbrug 70,2023-02-19,09:00:00,85,63,22,FMN 17 Stenenbrug
664,Stenenbrug 70,2023-02-19,10:00:00,72,57,15,FMN 17 Stenenbrug
664,Stenenbrug 70,2023-02-19,11:00:00,103,70,33,FMN 17 Stenenbrug
664,Stenenbrug 70,2023-02-19,12:00:00,165,133,32,FMN 17 Stenenbrug
664,Stenenbrug 70,2023-02-19,13:00:00,117,85,32,FMN 17 Stenenbrug
664,Stenenbrug 70,2023-02-19,14:00:00,152,101,51,FMN 17 Stenenbrug
664,Stenenbrug 70,2023-02-19,15:00:00,113,79,34,FMN 17 Stenenbrug
664,Stenenbrug 70,2023-02-19,16:00:00,120,91,29,FMN 17 Stenenbrug
664,Stenenbrug 70,2023-02-19,17:00:00,122,99,23,FMN 17 Stenenbrug
664,Stenenbrug 70,2023-02-19,18:00:00,123,83,40,FMN 17 Stenenbrug
664,Stenenbrug 70,2023-02-19,19:00:00,129,90,39,FMN 17 Stenenbrug
664,Stenenbrug 70,2023-02-19,20:00:00,68,56,12,FMN 17 Stenenbrug
664,Stenenbrug 70,2023-02-19,21:00:00,57,38,19,FMN 17 Stenenbrug
664,Stenenbrug 70,2023-02-19,22:00:00,49,29,20,FMN 17 Stenenbrug
664,Stenenbrug 70,2023-02-19,23:00:00,24,13,11,FMN 17 Stenenbrug
664,Stenenbrug 70,2023-02-20,00:00:00,10,6,4,FMN 17 Stenenbrug
664,Stenenbrug 70,2023-02-20,01:00:00,5,5,0,FMN 17 Stenenbrug
664,Stenenbrug 70,2023-02-20,02:00:00,3,3,0,FMN 17 Stenenbrug
664,Stenenbrug 70,2023-02-20,03:00:00,8,6,2,FMN 17 Stenenbrug
664,Stenenbrug 70,2023-02-20,04:00:00,26,21,5,FMN 17 Stenenbrug
664,Stenenbrug 70,2023-02-20,05:00:00,45,35,10,FMN 17 Stenenbrug
664,Stenenbrug 70,2023-02-20,06:00:00,86,57,29,FMN 17 Stenenbrug
664,Stenenbrug 70,2023-02-20,07:00:00,201,150,51,FMN 17 Stenenbrug
664,Stenenbrug 70,2023-02-20,08:00:00,262,210,52,FMN 17 Stenenbrug
664,Stenenbrug 70,2023-02-20,09:00:00,120,86,34,FMN 17 Stenenbrug
664,Stenenbrug 70,2023-02-20,10:00:00,97,73,24,FMN 17 Stenenbrug
664,Stenenbrug 70,2023-02-20,11:00:00,99,72,27,FMN 17 Stenenbrug
664,Stenenbrug 70,2023-02-20,12:00:00,134,104,30,FMN 17 Stenenbrug
664,Stenenbrug 70,2023-02-20,13:00:00,116,78,38,FMN 17 Stenenbrug
664,Stenenbrug 70,2023-02-20,14:00:00,127,87,40,FMN 17 Stenenbrug
664,Stenenbrug 70,2023-02-20,15:00:00,151,87,64,FMN 17 Stenenbrug
664,Stenenbrug 70,2023-02-20,16:00:00,214,148,66,FMN 17 Stenenbrug
664,Stenenbrug 70,2023-02-20,17:00:00,248,164,84,FMN 17 Stenenbrug
664,Stenenbrug 70,2023-02-20,18:00:00,201,151,50,FMN 17 Stenenbrug
664,Stenenbrug 70,2023-02-20,19:00:00,121,90,31,FMN 17 Stenenbrug
664,Stenenbrug 70,2023-02-20,20:00:00,101,67,34,FMN 17 Stenenbrug
664,Stenenbrug 70,2023-02-20,21:00:00,90,58,32,FMN 17 Stenenbrug
664,Stenenbrug 70,2023-02-20,22:00:00,91,64,27,FMN 17 Stenenbrug
664,Stenenbrug 70,2023-02-20,23:00:00,31,16,15,FMN 17 Stenenbrug
664,Stenenbrug 70,2023-02-21,00:00:00,24,19,5,FMN 17 Stenenbrug
664,Stenenbrug 70,2023-02-21,01:00:00,7,4,3,FMN 17 Stenenbrug
664,Stenenbrug 70,2023-02-21,02:00:00,7,5,2,FMN 17 Stenenbrug
664,Stenenbrug 70,2023-02-21,03:00:00,11,7,4,FMN 17 Stenenbrug
664,Stenenbrug 70,2023-02-21,04:00:00,21,14,7,FMN 17 Stenenbrug
664,Stenenbrug 70,2023-02-21,05:00:00,50,38,12,FMN 17 Stenenbrug
664,Stenenbrug 70,2023-02-21,06:00:00,87,70,17,FMN 17 Stenenbrug
664,Stenenbrug 70,2023-02-21,07:00:00,230,153,77,FMN 17 Stenenbrug
664,Stenenbrug 70,2023-02-21,08:00:00,296,236,60,FMN 17 Stenenbrug
664,Stenenbrug 70,2023-02-21,09:00:00,130,98,32,FMN 17 Stenenbrug
664,Stenenbrug 70,2023-02-21,10:00:00,89,66,23,FMN 17 Stenenbrug
664,Stenenbrug 70,2023-02-21,11:00:00,102,73,29,FMN 17 Stenenbrug
664,Stenenbrug 70,2023-02-21,12:00:00,128,98,30,FMN 17 Stenenbrug
664,Stenenbrug 70,2023-02-21,13:00:00,138,107,31,FMN 17 Stenenbrug
664,Stenenbrug 70,2023-02-21,14:00:00,139,96,43,FMN 17 Stenenbrug
664,Stenenbrug 70,2023-02-21,15:00:00,173,101,72,FMN 17 Stenenbrug
664,Stenenbrug 70,2023-02-21,16:00:00,262,164,98,FMN 17 Stenenbrug
664,Stenenbrug 70,2023-02-21,17:00:00,324,198,126,FMN 17 Stenenbrug
664,Stenenbrug 70,2023-02-21,18:00:00,227,148,79,FMN 17 Stenenbrug
664,Stenenbrug 70,2023-02-21,19:00:00,155,112,43,FMN 17 Stenenbrug
664,Stenenbrug 70,2023-02-21,20:00:00,103,73,30,FMN 17 Stenenbrug
664,Stenenbrug 70,2023-02-21,21:00:00,69,45,24,FMN 17 Stenenbrug
664,Stenenbrug 70,2023-02-21,22:00:00,71,43,28,FMN 17 Stenenbrug
664,Stenenbrug 70,2023-02-21,23:00:00,31,18,13,FMN 17 Stenenbrug
664,Stenenbrug 70,2023-02-22,00:00:00,22,13,9,FMN 17 Stenenbrug
664,Stenenbrug 70,2023-02-22,01:00:00,11,9,2,FMN 17 Stenenbrug
664,Stenenbrug 70,2023-02-22,02:00:00,4,2,2,FMN 17 Stenenbrug
664,Stenenbrug 70,2023-02-22,03:00:00,7,6,1,FMN 17 Stenenbrug
664,Stenenbrug 70,2023-02-22,04:00:00,24,17,7,FMN 17 Stenenbrug
664,Stenenbrug 70,2023-02-22,05:00:00,35,27,8,FMN 17 Stenenbrug
664,Stenenbrug 70,2023-02-22,06:00:00,100,71,29,FMN 17 Stenenbrug
664,Stenenbrug 70,2023-02-22,07:00:00,169,124,45,FMN 17 Stenenbrug
664,Stenenbrug 70,2023-02-22,08:00:00,255,210,45,FMN 17 Stenenbrug
664,Stenenbrug 70,2023-02-22,09:00:00,139,107,32,FMN 17 Stenenbrug
664,Stenenbrug 70,2023-02-22,10:00:00,95,78,17,FMN 17 Stenenbrug
664,Stenenbrug 70,2023-02-22,11:00:00,91,69,22,FMN 17 Stenenbrug
664,Stenenbrug 70,2023-02-22,12:00:00,119,94,25,FMN 17 Stenenbrug
664,Stenenbrug 70,2023-02-22,13:00:00,138,96,42,FMN 17 Stenenbrug
664,Stenenbrug 70,2023-02-22,14:00:00,129,92,37,FMN 17 Stenenbrug
664,Stenenbrug 70,2023-02-22,15:00:00,157,109,48,FMN 17 Stenenbrug
664,Stenenbrug 70,2023-02-22,16:00:00,228,146,82,FMN 17 Stenenbrug
664,Stenenbrug 70,2023-02-22,17:00:00,267,167,100,FMN 17 Stenenbrug
664,Stenenbrug 70,2023-02-22,18:00:00,218,158,60,FMN 17 Stenenbrug
664,Stenenbrug 70,2023-02-22,19:00:00,156,112,44,FMN 17 Stenenbrug
664,Stenenbrug 70,2023-02-22,20:00:00,134,99,35,FMN 17 Stenenbrug
664,Stenenbrug 70,2023-02-22,21:00:00,85,51,34,FMN 17 Stenenbrug
664,Stenenbrug 70,2023-02-22,22:00:00,70,34,36,FMN 17 Stenenbrug
664,Stenenbrug 70,2023-02-22,23:00:00,42,20,22,FMN 17 Stenenbrug
664,Stenenbrug 70,2023-02-23,00:00:00,15,8,7,FMN 17 Stenenbrug
664,Stenenbrug 70,2023-02-23,01:00:00,10,6,4,FMN 17 Stenenbrug
664,Stenenbrug 70,2023-02-23,02:00:00,3,1,2,FMN 17 Stenenbrug
664,Stenenbrug 70,2023-02-23,03:00:00,9,7,2,FMN 17 Stenenbrug
664,Stenenbrug 70,2023-02-23,04:00:00,19,13,6,FMN 17 Stenenbrug
664,Stenenbrug 70,2023-02-23,05:00:00,49,37,12,FMN 17 Stenenbrug
664,Stenenbrug 70,2023-02-23,06:00:00,88,59,29,FMN 17 Stenenbrug
664,Stenenbrug 70,2023-02-23,07:00:00,176,124,52,FMN 17 Stenenbrug
664,Stenenbrug 70,2023-02-23,08:00:00,271,221,50,FMN 17 Stenenbrug
664,Stenenbrug 70,2023-02-23,09:00:00,154,117,37,FMN 17 Stenenbrug
664,Stenenbrug 70,2023-02-23,10:00:00,105,78,27,FMN 17 Stenenbrug
664,Stenenbrug 70,2023-02-23,11:00:00,106,77,29,FMN 17 Stenenbrug
664,Stenenbrug 70,2023-02-23,12:00:00,145,99,46,FMN 17 Stenenbrug
664,Stenenbrug 70,2023-02-23,13:00:00,128,91,37,FMN 17 Stenenbrug
664,Stenenbrug 70,2023-02-23,14:00:00,152,113,39,FMN 17 Stenenbrug
664,Stenenbrug 70,2023-02-23,15:00:00,150,102,48,FMN 17 Stenenbrug
664,Stenenbrug 70,2023-02-23,16:00:00,243,151,92,FMN 17 Stenenbrug
664,Stenenbrug 70,2023-02-23,17:00:00,292,192,100,FMN 17 Stenenbrug
664,Stenenbrug 70,2023-02-23,18:00:00,208,156,52,FMN 17 Stenenbrug
664,Stenenbrug 70,2023-02-23,19:00:00,195,149,46,FMN 17 Stenenbrug
664,Stenenbrug 70,2023-02-23,20:00:00,130,96,34,FMN 17 Stenenbrug
664,Stenenbrug 70,2023-02-23,21:00:00,74,49,25,FMN 17 Stenenbrug
664,Stenenbrug 70,2023-02-23,22:00:00,71,47,24,FMN 17 Stenenbrug
664,Stenenbrug 70,2023-02-23,23:00:00,58,24,34,FMN 17 Stenenbrug
664,Stenenbrug 70,2023-02-24,00:00:00,26,15,11,FMN 17 Stenenbrug
664,Stenenbrug 70,2023-02-24,01:00:00,26,13,13,FMN 17 Stenenbrug
664,Stenenbrug 70,2023-02-24,02:00:00,6,4,2,FMN 17 Stenenbrug
664,Stenenbrug 70,2023-02-24,03:00:00,8,6,2,FMN 17 Stenenbrug
664,Stenenbrug 70,2023-02-24,04:00:00,23,18,5,FMN 17 Stenenbrug
664,Stenenbrug 70,2023-02-24,05:00:00,42,32,10,FMN 17 Stenenbrug
664,Stenenbrug 70,2023-02-24,06:00:00,70,49,21,FMN 17 Stenenbrug
664,Stenenbrug 70,2023-02-24,07:00:00,142,112,30,FMN 17 Stenenbrug
664,Stenenbrug 70,2023-02-24,08:00:00,201,162,39,FMN 17 Stenenbrug
664,Stenenbrug 70,2023-02-24,09:00:00,110,86,24,FMN 17 Stenenbrug
664,Stenenbrug 70,2023-02-24,10:00:00,107,81,26,FMN 17 Stenenbrug
664,Stenenbrug 70,2023-02-24,11:00:00,117,85,32,FMN 17 Stenenbrug
664,Stenenbrug 70,2023-02-24,12:00:00,159,130,29,FMN 17 Stenenbrug
664,Stenenbrug 70,2023-02-24,13:00:00,133,93,40,FMN 17 Stenenbrug
664,Stenenbrug 70,2023-02-24,14:00:00,123,77,46,FMN 17 Stenenbrug
664,Stenenbrug 70,2023-02-24,15:00:00,145,86,59,FMN 17 Stenenbrug
664,Stenenbrug 70,2023-02-24,16:00:00,198,128,70,FMN 17 Stenenbrug
664,Stenenbrug 70,2023-02-24,17:00:00,220,138,82,FMN 17 Stenenbrug
664,Stenenbrug 70,2023-02-24,18:00:00,194,130,64,FMN 17 Stenenbrug
664,Stenenbrug 70,2023-02-24,19:00:00,218,176,42,FMN 17 Stenenbrug
664,Stenenbrug 70,2023-02-24,20:00:00,140,106,34,FMN 17 Stenenbrug
664,Stenenbrug 70,2023-02-24,21:00:00,105,75,30,FMN 17 Stenenbrug
664,Stenenbrug 70,2023-02-24,22:00:00,83,50,33,FMN 17 Stenenbrug
664,Stenenbrug 70,2023-02-24,23:00:00,68,29,39,FMN 17 Stenenbrug
664,Stenenbrug 70,2023-02-25,00:00:00,55,35,20,FMN 17 Stenenbrug
664,Stenenbrug 70,2023-02-25,01:00:00,19,16,3,FMN 17 Stenenbrug
664,Stenenbrug 70,2023-02-25,02:00:00,17,14,3,FMN 17 Stenenbrug
664,Stenenbrug 70,2023-02-25,03:00:00,26,16,10,FMN 17 Stenenbrug
664,Stenenbrug 70,2023-02-25,04:00:00,18,11,7,FMN 17 Stenenbrug
664,Stenenbrug 70,2023-02-25,05:00:00,18,16,2,FMN 17 Stenenbrug
664,Stenenbrug 70,2023-02-25,06:00:00,32,20,12,FMN 17 Stenenbrug
664,Stenenbrug 70,2023-02-25,07:00:00,25,17,8,FMN 17 Stenenbrug
664,Stenenbrug 70,2023-02-25,08:00:00,51,38,13,FMN 17 Stenenbrug
664,Stenenbrug 70,2023-02-25,09:00:00,92,73,19,FMN 17 Stenenbrug
664,Stenenbrug 70,2023-02-25,10:00:00,117,81,36,FMN 17 Stenenbrug
664,Stenenbrug 70,2023-02-25,11:00:00,130,96,34,FMN 17 Stenenbrug
664,Stenenbrug 70,2023-02-25,12:00:00,141,101,40,FMN 17 Stenenbrug
664,Stenenbrug 70,2023-02-25,13:00:00,140,103,37,FMN 17 Stenenbrug
664,Stenenbrug 70,2023-02-25,14:00:00,135,100,35,FMN 17 Stenenbrug
664,Stenenbrug 70,2023-02-25,15:00:00,148,105,43,FMN 17 Stenenbrug
664,Stenenbrug 70,2023-02-25,16:00:00,131,92,39,FMN 17 Stenenbrug
664,Stenenbrug 70,2023-02-25,17:00:00,149,123,26,FMN 17 Stenenbrug
664,Stenenbrug 70,2023-02-25,18:00:00,133,101,32,FMN 17 Stenenbrug
664,Stenenbrug 70,2023-02-25,19:00:00,109,80,29,FMN 17 Stenenbrug
664,Stenenbrug 70,2023-02-25,20:00:00,106,78,28,FMN 17 Stenenbrug
664,Stenenbrug 70,2023-02-25,21:00:00,82,51,31,FMN 17 Stenenbrug
664,Stenenbrug 70,2023-02-25,22:00:00,70,46,24,FMN 17 Stenenbrug
664,Stenenbrug 70,2023-02-25,23:00:00,34,23,11,FMN 17 Stenenbrug
664,Stenenbrug 70,2023-02-26,00:00:00,39,24,15,FMN 17 Stenenbrug
664,Stenenbrug 70,2023-02-26,01:00:00,15,11,4,FMN 17 Stenenbrug
664,Stenenbrug 70,2023-02-26,02:00:00,22,16,6,FMN 17 Stenenbrug
664,Stenenbrug 70,2023-02-26,03:00:00,9,5,4,FMN 17 Stenenbrug
664,Stenenbrug 70,2023-02-26,04:00:00,7,4,3,FMN 17 Stenenbrug
664,Stenenbrug 70,2023-02-26,05:00:00,11,8,3,FMN 17 Stenenbrug
664,Stenenbrug 70,2023-02-26,06:00:00,18,12,6,FMN 17 Stenenbrug
664,Stenenbrug 70,2023-02-26,07:00:00,10,7,3,FMN 17 Stenenbrug
664,Stenenbrug 70,2023-02-26,08:00:00,42,28,14,FMN 17 Stenenbrug
664,Stenenbrug 70,2023-02-26,09:00:00,92,73,19,FMN 17 Stenenbrug
664,Stenenbrug 70,2023-02-26,10:00:00,89,60,29,FMN 17 Stenenbrug
664,Stenenbrug 70,2023-02-26,11:00:00,126,86,40,FMN 17 Stenenbrug
664,Stenenbrug 70,2023-02-26,12:00:00,174,117,57,FMN 17 Stenenbrug
664,Stenenbrug 70,2023-02-26,13:00:00,173,117,56,FMN 17 Stenenbrug
664,Stenenbrug 70,2023-02-26,14:00:00,130,108,22,FMN 17 Stenenbrug
664,Stenenbrug 70,2023-02-26,15:00:00,119,74,45,FMN 17 Stenenbrug
664,Stenenbrug 70,2023-02-26,16:00:00,131,101,30,FMN 17 Stenenbrug
664,Stenenbrug 70,2023-02-26,17:00:00,98,70,28,FMN 17 Stenenbrug
664,Stenenbrug 70,2023-02-26,18:00:00,111,84,27,FMN 17 Stenenbrug
664,Stenenbrug 70,2023-02-26,19:00:00,116,77,39,FMN 17 Stenenbrug
664,Stenenbrug 70,2023-02-26,20:00:00,74,50,24,FMN 17 Stenenbrug
664,Stenenbrug 70,2023-02-26,21:00:00,44,25,19,FMN 17 Stenenbrug
664,Stenenbrug 70,2023-02-26,22:00:00,38,25,13,FMN 17 Stenenbrug
664,Stenenbrug 70,2023-02-26,23:00:00,18,11,7,FMN 17 Stenenbrug
664,Stenenbrug 70,2023-02-27,00:00:00,12,6,6,FMN 17 Stenenbrug
664,Stenenbrug 70,2023-02-27,01:00:00,2,1,1,FMN 17 Stenenbrug
664,Stenenbrug 70,2023-02-27,02:00:00,4,4,0,FMN 17 Stenenbrug
664,Stenenbrug 70,2023-02-27,03:00:00,5,4,1,FMN 17 Stenenbrug
664,Stenenbrug 70,2023-02-27,04:00:00,20,17,3,FMN 17 Stenenbrug
664,Stenenbrug 70,2023-02-27,05:00:00,42,34,8,FMN 17 Stenenbrug
664,Stenenbrug 70,2023-02-27,06:00:00,71,59,12,FMN 17 Stenenbrug
664,Stenenbrug 70,2023-02-27,07:00:00,266,213,53,FMN 17 Stenenbrug
664,Stenenbrug 70,2023-02-27,08:00:00,463,335,128,FMN 17 Stenenbrug
664,Stenenbrug 70,2023-02-27,09:00:00,139,113,26,FMN 17 Stenenbrug
664,Stenenbrug 70,2023-02-27,10:00:00,98,76,22,FMN 17 Stenenbrug
664,Stenenbrug 70,2023-02-27,11:00:00,99,70,29,FMN 17 Stenenbrug
664,Stenenbrug 70,2023-02-27,12:00:00,151,114,37,FMN 17 Stenenbrug
664,Stenenbrug 70,2023-02-27,13:00:00,163,107,56,FMN 17 Stenenbrug
664,Stenenbrug 70,2023-02-27,14:00:00,144,104,40,FMN 17 Stenenbrug
664,Stenenbrug 70,2023-02-27,15:00:00,257,139,118,FMN 17 Stenenbrug
664,Stenenbrug 70,2023-02-27,16:00:00,438,288,150,FMN 17 Stenenbrug
664,Stenenbrug 70,2023-02-27,17:00:00,349,219,130,FMN 17 Stenenbrug
664,Stenenbrug 70,2023-02-27,18:00:00,256,175,81,FMN 17 Stenenbrug
664,Stenenbrug 70,2023-02-27,19:00:00,148,103,45,FMN 17 Stenenbrug
664,Stenenbrug 70,2023-02-27,20:00:00,115,73,42,FMN 17 Stenenbrug
664,Stenenbrug 70,2023-02-27,21:00:00,83,67,16,FMN 17 Stenenbrug
664,Stenenbrug 70,2023-02-27,22:00:00,84,57,27,FMN 17 Stenenbrug
664,Stenenbrug 70,2023-02-27,23:00:00,28,15,13,FMN 17 Stenenbrug
664,Stenenbrug 70,2023-02-28,00:00:00,14,8,6,FMN 17 Stenenbrug
664,Stenenbrug 70,2023-02-28,01:00:00,3,3,0,FMN 17 Stenenbrug
664,Stenenbrug 70,2023-02-28,02:00:00,4,2,2,FMN 17 Stenenbrug
664,Stenenbrug 70,2023-02-28,03:00:00,3,2,1,FMN 17 Stenenbrug
664,Stenenbrug 70,2023-02-28,04:00:00,20,18,2,FMN 17 Stenenbrug
664,Stenenbrug 70,2023-02-28,05:00:00,49,38,11,FMN 17 Stenenbrug
664,Stenenbrug 70,2023-02-28,06:00:00,103,75,28,FMN 17 Stenenbrug
664,Stenenbrug 70,2023-02-28,07:00:00,319,248,71,FMN 17 Stenenbrug
664,Stenenbrug 70,2023-02-28,08:00:00,560,397,163,FMN 17 Stenenbrug
664,Stenenbrug 70,2023-02-28,09:00:00,167,131,36,FMN 17 Stenenbrug
664,Stenenbrug 70,2023-02-28,10:00:00,123,97,26,FMN 17 Stenenbrug
664,Stenenbrug 70,2023-02-28,11:00:00,107,67,40,FMN 17 Stenenbrug
664,Stenenbrug 70,2023-02-28,12:00:00,150,117,33,FMN 17 Stenenbrug
664,Stenenbrug 70,2023-02-28,13:00:00,155,104,51,FMN 17 Stenenbrug
664,Stenenbrug 70,2023-02-28,14:00:00,162,100,62,FMN 17 Stenenbrug
664,Stenenbrug 70,2023-02-28,15:00:00,273,167,106,FMN 17 Stenenbrug
664,Stenenbrug 70,2023-02-28,16:00:00,483,301,182,FMN 17 Stenenbrug
664,Stenenbrug 70,2023-02-28,17:00:00,402,251,151,FMN 17 Stenenbrug
664,Stenenbrug 70,2023-02-28,18:00:00,276,193,83,FMN 17 Stenenbrug
664,Stenenbrug 70,2023-02-28,19:00:00,222,158,64,FMN 17 Stenenbrug
664,Stenenbrug 70,2023-02-28,20:00:00,135,99,36,FMN 17 Stenenbrug
664,Stenenbrug 70,2023-02-28,21:00:00,109,82,27,FMN 17 Stenenbrug
664,Stenenbrug 70,2023-02-28,22:00:00,87,60,27,FMN 17 Stenenbrug
664,Stenenbrug 70,2023-02-28,23:00:00,46,14,32,FMN 17 Stenenbrug
664,Stenenbrug 70,2023-03-01,00:00:00,19,4,15,FMN 17 Stenenbrug
664,Stenenbrug 70,2023-03-01,01:00:00,13,10,3,FMN 17 Stenenbrug
664,Stenenbrug 70,2023-03-01,02:00:00,2,0,2,FMN 17 Stenenbrug
664,Stenenbrug 70,2023-03-01,03:00:00,8,5,3,FMN 17 Stenenbrug
664,Stenenbrug 70,2023-03-01,04:00:00,28,25,3,FMN 17 Stenenbrug
664,Stenenbrug 70,2023-03-01,05:00:00,34,27,7,FMN 17 Stenenbrug
664,Stenenbrug 70,2023-03-01,06:00:00,87,61,26,FMN 17 Stenenbrug
664,Stenenbrug 70,2023-03-01,07:00:00,238,187,51,FMN 17 Stenenbrug
664,Stenenbrug 70,2023-03-01,08:00:00,447,322,125,FMN 17 Stenenbrug
664,Stenenbrug 70,2023-03-01,09:00:00,159,134,25,FMN 17 Stenenbrug
664,Stenenbrug 70,2023-03-01,10:00:00,107,83,24,FMN 17 Stenenbrug
664,Stenenbrug 70,2023-03-01,11:00:00,123,83,40,FMN 17 Stenenbrug
664,Stenenbrug 70,2023-03-01,12:00:00,385,279,106,FMN 17 Stenenbrug
664,Stenenbrug 70,2023-03-01,13:00:00,214,149,65,FMN 17 Stenenbrug
664,Stenenbrug 70,2023-03-01,14:00:00,212,146,66,FMN 17 Stenenbrug
664,Stenenbrug 70,2023-03-01,15:00:00,228,134,94,FMN 17 Stenenbrug
664,Stenenbrug 70,2023-03-01,16:00:00,307,200,107,FMN 17 Stenenbrug
664,Stenenbrug 70,2023-03-01,17:00:00,388,238,150,FMN 17 Stenenbrug
664,Stenenbrug 70,2023-03-01,18:00:00,255,175,80,FMN 17 Stenenbrug
664,Stenenbrug 70,2023-03-01,19:00:00,194,129,65,FMN 17 Stenenbrug
664,Stenenbrug 70,2023-03-01,20:00:00,124,87,37,FMN 17 Stenenbrug
664,Stenenbrug 70,2023-03-01,21:00:00,84,63,21,FMN 17 Stenenbrug
664,Stenenbrug 70,2023-03-01,22:00:00,106,84,22,FMN 17 Stenenbrug
664,Stenenbrug 70,2023-03-01,23:00:00,29,16,13,FMN 17 Stenenbrug
664,Stenenbrug 70,2023-03-02,00:00:00,10,3,7,FMN 17 Stenenbrug
664,Stenenbrug 70,2023-03-02,01:00:00,7,6,1,FMN 17 Stenenbrug
664,Stenenbrug 70,2023-03-02,02:00:00,7,4,3,FMN 17 Stenenbrug
664,Stenenbrug 70,2023-03-02,03:00:00,4,3,1,FMN 17 Stenenbrug
664,Stenenbrug 70,2023-03-02,04:00:00,20,15,5,FMN 17 Stenenbrug
664,Stenenbrug 70,2023-03-02,05:00:00,48,37,11,FMN 17 Stenenbrug
664,Stenenbrug 70,2023-03-02,06:00:00,78,55,23,FMN 17 Stenenbrug
664,Stenenbrug 70,2023-03-02,07:00:00,273,221,52,FMN 17 Stenenbrug
664,Stenenbrug 70,2023-03-02,08:00:00,526,392,134,FMN 17 Stenenbrug
664,Stenenbrug 70,2023-03-02,09:00:00,155,121,34,FMN 17 Stenenbrug
664,Stenenbrug 70,2023-03-02,10:00:00,112,85,27,FMN 17 Stenenbrug
664,Stenenbrug 70,2023-03-02,11:00:00,123,94,29,FMN 17 Stenenbrug
664,Stenenbrug 70,2023-03-02,12:00:00,163,127,36,FMN 17 Stenenbrug
664,Stenenbrug 70,2023-03-02,13:00:00,165,108,57,FMN 17 Stenenbrug
664,Stenenbrug 70,2023-03-02,14:00:00,157,105,52,FMN 17 Stenenbrug
664,Stenenbrug 70,2023-03-02,15:00:00,253,155,98,FMN 17 Stenenbrug
664,Stenenbrug 70,2023-03-02,16:00:00,471,299,172,FMN 17 Stenenbrug
664,Stenenbrug 70,2023-03-02,17:00:00,395,230,165,FMN 17 Stenenbrug
664,Stenenbrug 70,2023-03-02,18:00:00,315,215,100,FMN 17 Stenenbrug
664,Stenenbrug 70,2023-03-02,19:00:00,217,169,48,FMN 17 Stenenbrug
664,Stenenbrug 70,2023-03-02,20:00:00,142,103,39,FMN 17 Stenenbrug
664,Stenenbrug 70,2023-03-02,21:00:00,105,75,30,FMN 17 Stenenbrug
664,Stenenbrug 70,2023-03-02,22:00:00,86,52,34,FMN 17 Stenenbrug
664,Stenenbrug 70,2023-03-02,23:00:00,60,21,39,FMN 17 Stenenbrug
664,Stenenbrug 70,2023-03-03,00:00:00,29,15,14,FMN 17 Stenenbrug
664,Stenenbrug 70,2023-03-03,01:00:00,16,11,5,FMN 17 Stenenbrug
664,Stenenbrug 70,2023-03-03,02:00:00,9,2,7,FMN 17 Stenenbrug
664,Stenenbrug 70,2023-03-03,03:00:00,6,5,1,FMN 17 Stenenbrug
664,Stenenbrug 70,2023-03-03,04:00:00,29,21,8,FMN 17 Stenenbrug
664,Stenenbrug 70,2023-03-03,05:00:00,48,34,14,FMN 17 Stenenbrug
664,Stenenbrug 70,2023-03-03,06:00:00,95,66,29,FMN 17 Stenenbrug
664,Stenenbrug 70,2023-03-03,07:00:00,269,229,40,FMN 17 Stenenbrug
664,Stenenbrug 70,2023-03-03,08:00:00,458,329,129,FMN 17 Stenenbrug
664,Stenenbrug 70,2023-03-03,09:00:00,148,117,31,FMN 17 Stenenbrug
664,Stenenbrug 70,2023-03-03,10:00:00,106,76,30,FMN 17 Stenenbrug
664,Stenenbrug 70,2023-03-03,11:00:00,83,62,21,FMN 17 Stenenbrug
664,Stenenbrug 70,2023-03-03,12:00:00,170,124,46,FMN 17 Stenenbrug
664,Stenenbrug 70,2023-03-03,13:00:00,136,87,49,FMN 17 Stenenbrug
664,Stenenbrug 70,2023-03-03,14:00:00,158,106,52,FMN 17 Stenenbrug
664,Stenenbrug 70,2023-03-03,15:00:00,275,180,95,FMN 17 Stenenbrug
664,Stenenbrug 70,2023-03-03,16:00:00,418,259,159,FMN 17 Stenenbrug
664,Stenenbrug 70,2023-03-03,17:00:00,317,195,122,FMN 17 Stenenbrug
664,Stenenbrug 70,2023-03-03,18:00:00,272,200,72,FMN 17 Stenenbrug
664,Stenenbrug 70,2023-03-03,19:00:00,216,161,55,FMN 17 Stenenbrug
664,Stenenbrug 70,2023-03-03,20:00:00,153,124,29,FMN 17 Stenenbrug
664,Stenenbrug 70,2023-03-03,21:00:00,89,64,25,FMN 17 Stenenbrug
664,Stenenbrug 70,2023-03-03,22:00:00,129,86,43,FMN 17 Stenenbrug
664,Stenenbrug 70,2023-03-03,23:00:00,58,35,23,FMN 17 Stenenbrug
664,Stenenbrug 70,2023-03-04,00:00:00,40,24,16,FMN 17 Stenenbrug
664,Stenenbrug 70,2023-03-04,01:00:00,17,11,6,FMN 17 Stenenbrug
664,Stenenbrug 70,2023-03-04,02:00:00,16,11,5,FMN 17 Stenenbrug
664,Stenenbrug 70,2023-03-04,03:00:00,15,9,6,FMN 17 Stenenbrug
664,Stenenbrug 70,2023-03-04,04:00:00,17,15,2,FMN 17 Stenenbrug
664,Stenenbrug 70,2023-03-04,05:00:00,24,15,9,FMN 17 Stenenbrug
664,Stenenbrug 70,2023-03-04,06:00:00,29,21,8,FMN 17 Stenenbrug
664,Stenenbrug 70,2023-03-04,07:00:00,32,20,12,FMN 17 Stenenbrug
664,Stenenbrug 70,2023-03-04,08:00:00,59,43,16,FMN 17 Stenenbrug
664,Stenenbrug 70,2023-03-04,09:00:00,161,114,47,FMN 17 Stenenbrug
664,Stenenbrug 70,2023-03-04,10:00:00,161,107,54,FMN 17 Stenenbrug
664,Stenenbrug 70,2023-03-04,11:00:00,180,139,41,FMN 17 Stenenbrug
664,Stenenbrug 70,2023-03-04,12:00:00,156,112,44,FMN 17 Stenenbrug
664,Stenenbrug 70,2023-03-04,13:00:00,158,129,29,FMN 17 Stenenbrug
664,Stenenbrug 70,2023-03-04,14:00:00,153,107,46,FMN 17 Stenenbrug
664,Stenenbrug 70,2023-03-04,15:00:00,125,100,25,FMN 17 Stenenbrug
664,Stenenbrug 70,2023-03-04,16:00:00,150,108,42,FMN 17 Stenenbrug
664,Stenenbrug 70,2023-03-04,17:00:00,128,86,42,FMN 17 Stenenbrug
664,Stenenbrug 70,2023-03-04,18:00:00,188,120,68,FMN 17 Stenenbrug
664,Stenenbrug 70,2023-03-04,19:00:00,121,93,28,FMN 17 Stenenbrug
664,Stenenbrug 70,2023-03-04,20:00:00,121,103,18,FMN 17 Stenenbrug
664,Stenenbrug 70,2023-03-04,21:00:00,67,45,22,FMN 17 Stenenbrug
664,Stenenbrug 70,2023-03-04,22:00:00,65,46,19,FMN 17 Stenenbrug
664,Stenenbrug 70,2023-03-04,23:00:00,79,62,17,FMN 17 Stenenbrug
664,Stenenbrug 70,2023-03-05,00:00:00,48,29,19,FMN 17 Stenenbrug
664,Stenenbrug 70,2023-03-05,01:00:00,37,29,8,FMN 17 Stenenbrug
664,Stenenbrug 70,2023-03-05,02:00:00,26,22,4,FMN 17 Stenenbrug
664,Stenenbrug 70,2023-03-05,03:00:00,21,16,5,FMN 17 Stenenbrug
664,Stenenbrug 70,2023-03-05,04:00:00,13,7,6,FMN 17 Stenenbrug
664,Stenenbrug 70,2023-03-05,05:00:00,17,14,3,FMN 17 Stenenbrug
664,Stenenbrug 70,2023-03-05,06:00:00,17,8,9,FMN 17 Stenenbrug
664,Stenenbrug 70,2023-03-05,07:00:00,27,21,6,FMN 17 Stenenbrug
664,Stenenbrug 70,2023-03-05,08:00:00,54,27,27,FMN 17 Stenenbrug
664,Stenenbrug 70,2023-03-05,09:00:00,104,67,37,FMN 17 Stenenbrug
664,Stenenbrug 70,2023-03-05,10:00:00,87,63,24,FMN 17 Stenenbrug
664,Stenenbrug 70,2023-03-05,11:00:00,88,62,26,FMN 17 Stenenbrug
664,Stenenbrug 70,2023-03-05,12:00:00,166,138,28,FMN 17 Stenenbrug
664,Stenenbrug 70,2023-03-05,13:00:00,97,66,31,FMN 17 Stenenbrug
664,Stenenbrug 70,2023-03-05,14:00:00,119,97,22,FMN 17 Stenenbrug
664,Stenenbrug 70,2023-03-05,15:00:00,124,103,21,FMN 17 Stenenbrug
664,Stenenbrug 70,2023-03-05,16:00:00,106,75,31,FMN 17 Stenenbrug
664,Stenenbrug 70,2023-03-05,17:00:00,115,82,33,FMN 17 Stenenbrug
664,Stenenbrug 70,2023-03-05,18:00:00,121,90,31,FMN 17 Stenenbrug
664,Stenenbrug 70,2023-03-05,19:00:00,118,87,31,FMN 17 Stenenbrug
664,Stenenbrug 70,2023-03-05,20:00:00,84,55,29,FMN 17 Stenenbrug
664,Stenenbrug 70,2023-03-05,21:00:00,55,39,16,FMN 17 Stenenbrug
664,Stenenbrug 70,2023-03-05,22:00:00,47,33,14,FMN 17 Stenenbrug
664,Stenenbrug 70,2023-03-05,23:00:00,27,12,15,FMN 17 Stenenbrug
664,Stenenbrug 70,2023-03-06,00:00:00,11,6,5,FMN 17 Stenenbrug
664,Stenenbrug 70,2023-03-06,01:00:00,4,3,1,FMN 17 Stenenbrug
664,Stenenbrug 70,2023-03-06,02:00:00,3,2,1,FMN 17 Stenenbrug
664,Stenenbrug 70,2023-03-06,03:00:00,8,7,1,FMN 17 Stenenbrug
664,Stenenbrug 70,2023-03-06,04:00:00,22,17,5,FMN 17 Stenenbrug
664,Stenenbrug 70,2023-03-06,05:00:00,51,37,14,FMN 17 Stenenbrug
664,Stenenbrug 70,2023-03-06,06:00:00,92,71,21,FMN 17 Stenenbrug
664,Stenenbrug 70,2023-03-06,07:00:00,292,240,52,FMN 17 Stenenbrug
664,Stenenbrug 70,2023-03-06,08:00:00,534,362,172,FMN 17 Stenenbrug
664,Stenenbrug 70,2023-03-06,09:00:00,143,111,32,FMN 17 Stenenbrug
664,Stenenbrug 70,2023-03-06,10:00:00,94,71,23,FMN 17 Stenenbrug
664,Stenenbrug 70,2023-03-06,11:00:00,100,69,31,FMN 17 Stenenbrug
664,Stenenbrug 70,2023-03-06,12:00:00,147,117,30,FMN 17 Stenenbrug
664,Stenenbrug 70,2023-03-06,13:00:00,149,89,60,FMN 17 Stenenbrug
664,Stenenbrug 70,2023-03-06,14:00:00,138,90,48,FMN 17 Stenenbrug
664,Stenenbrug 70,2023-03-06,15:00:00,233,154,79,FMN 17 Stenenbrug
664,Stenenbrug 70,2023-03-06,16:00:00,417,279,138,FMN 17 Stenenbrug
664,Stenenbrug 70,2023-03-06,17:00:00,357,222,135,FMN 17 Stenenbrug
664,Stenenbrug 70,2023-03-06,18:00:00,199,128,71,FMN 17 Stenenbrug
664,Stenenbrug 70,2023-03-06,19:00:00,143,100,43,FMN 17 Stenenbrug
664,Stenenbrug 70,2023-03-06,20:00:00,109,78,31,FMN 17 Stenenbrug
664,Stenenbrug 70,2023-03-06,21:00:00,77,52,25,FMN 17 Stenenbrug
664,Stenenbrug 70,2023-03-06,22:00:00,57,38,19,FMN 17 Stenenbrug
664,Stenenbrug 70,2023-03-06,23:00:00,28,19,9,FMN 17 Stenenbrug
664,Stenenbrug 70,2023-03-07,00:00:00,9,7,2,FMN 17 Stenenbrug
664,Stenenbrug 70,2023-03-07,01:00:00,3,3,0,FMN 17 Stenenbrug
664,Stenenbrug 70,2023-03-07,02:00:00,5,2,3,FMN 17 Stenenbrug
664,Stenenbrug 70,2023-03-07,03:00:00,5,4,1,FMN 17 Stenenbrug
664,Stenenbrug 70,2023-03-07,04:00:00,17,14,3,FMN 17 Stenenbrug
664,Stenenbrug 70,2023-03-07,05:00:00,43,35,8,FMN 17 Stenenbrug
664,Stenenbrug 70,2023-03-07,06:00:00,91,72,19,FMN 17 Stenenbrug
664,Stenenbrug 70,2023-03-07,07:00:00,290,222,68,FMN 17 Stenenbrug
664,Stenenbrug 70,2023-03-07,08:00:00,460,327,133,FMN 17 Stenenbrug
664,Stenenbrug 70,2023-03-07,09:00:00,119,95,24,FMN 17 Stenenbrug
664,Stenenbrug 70,2023-03-07,10:00:00,78,66,12,FMN 17 Stenenbrug
664,Stenenbrug 70,2023-03-07,11:00:00,59,41,18,FMN 17 Stenenbrug
664,Stenenbrug 70,2023-03-07,12:00:00,131,102,29,FMN 17 Stenenbrug
664,Stenenbrug 70,2023-03-07,13:00:00,114,69,45,FMN 17 Stenenbrug
664,Stenenbrug 70,2023-03-07,14:00:00,99,60,39,FMN 17 Stenenbrug
664,Stenenbrug 70,2023-03-07,15:00:00,204,109,95,FMN 17 Stenenbrug
664,Stenenbrug 70,2023-03-07,16:00:00,382,265,117,FMN 17 Stenenbrug
664,Stenenbrug 70,2023-03-07,17:00:00,326,205,121,FMN 17 Stenenbrug
664,Stenenbrug 70,2023-03-07,18:00:00,229,136,93,FMN 17 Stenenbrug
664,Stenenbrug 70,2023-03-07,19:00:00,149,107,42,FMN 17 Stenenbrug
664,Stenenbrug 70,2023-03-07,20:00:00,93,75,18,FMN 17 Stenenbrug
664,Stenenbrug 70,2023-03-07,21:00:00,79,55,24,FMN 17 Stenenbrug
664,Stenenbrug 70,2023-03-07,22:00:00,76,54,22,FMN 17 Stenenbrug
664,Stenenbrug 70,2023-03-07,23:00:00,29,13,16,FMN 17 Stenenbrug
664,Stenenbrug 70,2023-03-08,00:00:00,12,10,2,FMN 17 Stenenbrug
664,Stenenbrug 70,2023-03-08,01:00:00,7,5,2,FMN 17 Stenenbrug
664,Stenenbrug 70,2023-03-08,02:00:00,2,1,1,FMN 17 Stenenbrug
664,Stenenbrug 70,2023-03-08,03:00:00,4,3,1,FMN 17 Stenenbrug
664,Stenenbrug 70,2023-03-08,04:00:00,24,19,5,FMN 17 Stenenbrug
664,Stenenbrug 70,2023-03-08,05:00:00,40,30,10,FMN 17 Stenenbrug
664,Stenenbrug 70,2023-03-08,06:00:00,68,54,14,FMN 17 Stenenbrug
664,Stenenbrug 70,2023-03-08,07:00:00,194,154,40,FMN 17 Stenenbrug
664,Stenenbrug 70,2023-03-08,08:00:00,242,166,76,FMN 17 Stenenbrug
664,Stenenbrug 70,2023-03-08,09:00:00,65,53,12,FMN 17 Stenenbrug
664,Stenenbrug 70,2023-03-08,10:00:00,53,36,17,FMN 17 Stenenbrug
664,Stenenbrug 70,2023-03-08,11:00:00,63,47,16,FMN 17 Stenenbrug
664,Stenenbrug 70,2023-03-08,12:00:00,233,160,73,FMN 17 Stenenbrug
664,Stenenbrug 70,2023-03-08,13:00:00,132,85,47,FMN 17 Stenenbrug
664,Stenenbrug 70,2023-03-08,14:00:00,132,94,38,FMN 17 Stenenbrug
664,Stenenbrug 70,2023-03-08,15:00:00,156,102,54,FMN 17 Stenenbrug
664,Stenenbrug 70,2023-03-08,16:00:00,191,118,73,FMN 17 Stenenbrug
664,Stenenbrug 70,2023-03-08,17:00:00,211,138,73,FMN 17 Stenenbrug
664,Stenenbrug 70,2023-03-08,18:00:00,202,134,68,FMN 17 Stenenbrug
664,Stenenbrug 70,2023-03-08,19:00:00,144,89,55,FMN 17 Stenenbrug
664,Stenenbrug 70,2023-03-08,20:00:00,88,63,25,FMN 17 Stenenbrug
664,Stenenbrug 70,2023-03-08,21:00:00,90,56,34,FMN 17 Stenenbrug
664,Stenenbrug 70,2023-03-08,22:00:00,73,57,16,FMN 17 Stenenbrug
664,Stenenbrug 70,2023-03-08,23:00:00,30,18,12,FMN 17 Stenenbrug
664,Stenenbrug 70,2023-03-09,00:00:00,9,7,2,FMN 17 Stenenbrug
664,Stenenbrug 70,2023-03-09,01:00:00,7,6,1,FMN 17 Stenenbrug
664,Stenenbrug 70,2023-03-09,02:00:00,3,1,2,FMN 17 Stenenbrug
664,Stenenbrug 70,2023-03-09,03:00:00,3,2,1,FMN 17 Stenenbrug
664,Stenenbrug 70,2023-03-09,04:00:00,19,15,4,FMN 17 Stenenbrug
664,Stenenbrug 70,2023-03-09,05:00:00,55,38,17,FMN 17 Stenenbrug
664,Stenenbrug 70,2023-03-09,06:00:00,78,54,24,FMN 17 Stenenbrug
664,Stenenbrug 70,2023-03-09,07:00:00,274,220,54,FMN 17 Stenenbrug
664,Stenenbrug 70,2023-03-09,08:00:00,505,348,157,FMN 17 Stenenbrug
664,Stenenbrug 70,2023-03-09,09:00:00,139,106,33,FMN 17 Stenenbrug
664,Stenenbrug 70,2023-03-09,10:00:00,120,96,24,FMN 17 Stenenbrug
664,Stenenbrug 70,2023-03-09,11:00:00,92,63,29,FMN 17 Stenenbrug
664,Stenenbrug 70,2023-03-09,12:00:00,114,87,27,FMN 17 Stenenbrug
664,Stenenbrug 70,2023-03-09,13:00:00,101,74,27,FMN 17 Stenenbrug
664,Stenenbrug 70,2023-03-09,14:00:00,102,68,34,FMN 17 Stenenbrug
664,Stenenbrug 70,2023-03-09,15:00:00,211,141,70,FMN 17 Stenenbrug
664,Stenenbrug 70,2023-03-09,16:00:00,419,265,154,FMN 17 Stenenbrug
664,Stenenbrug 70,2023-03-09,17:00:00,279,162,117,FMN 17 Stenenbrug
664,Stenenbrug 70,2023-03-09,18:00:00,235,154,81,FMN 17 Stenenbrug
664,Stenenbrug 70,2023-03-09,19:00:00,181,133,48,FMN 17 Stenenbrug
664,Stenenbrug 70,2023-03-09,20:00:00,117,85,32,FMN 17 Stenenbrug
664,Stenenbrug 70,2023-03-09,21:00:00,92,60,32,FMN 17 Stenenbrug
664,Stenenbrug 70,2023-03-09,22:00:00,56,37,19,FMN 17 Stenenbrug
664,Stenenbrug 70,2023-03-09,23:00:00,15,5,10,FMN 17 Stenenbrug
664,Stenenbrug 70,2023-03-10,00:00:00,23,10,13,FMN 17 Stenenbrug
664,Stenenbrug 70,2023-03-10,01:00:00,10,4,6,FMN 17 Stenenbrug
664,Stenenbrug 70,2023-03-10,02:00:00,5,4,1,FMN 17 Stenenbrug
664,Stenenbrug 70,2023-03-10,03:00:00,7,5,2,FMN 17 Stenenbrug
664,Stenenbrug 70,2023-03-10,04:00:00,25,18,7,FMN 17 Stenenbrug
664,Stenenbrug 70,2023-03-10,05:00:00,44,34,10,FMN 17 Stenenbrug
664,Stenenbrug 70,2023-03-10,06:00:00,77,56,21,FMN 17 Stenenbrug
664,Stenenbrug 70,2023-03-10,07:00:00,273,215,58,FMN 17 Stenenbrug
664,Stenenbrug 70,2023-03-10,08:00:00,489,305,184,FMN 17 Stenenbrug
664,Stenenbrug 70,2023-03-10,09:00:00,135,103,32,FMN 17 Stenenbrug
664,Stenenbrug 70,2023-03-10,10:00:00,76,63,13,FMN 17 Stenenbrug
664,Stenenbrug 70,2023-03-10,11:00:00,91,68,23,FMN 17 Stenenbrug
664,Stenenbrug 70,2023-03-10,12:00:00,158,106,52,FMN 17 Stenenbrug
664,Stenenbrug 70,2023-03-10,13:00:00,135,85,50,FMN 17 Stenenbrug
664,Stenenbrug 70,2023-03-10,14:00:00,120,75,45,FMN 17 Stenenbrug
664,Stenenbrug 70,2023-03-10,15:00:00,179,105,74,FMN 17 Stenenbrug
664,Stenenbrug 70,2023-03-10,16:00:00,338,228,110,FMN 17 Stenenbrug
664,Stenenbrug 70,2023-03-10,17:00:00,264,172,92,FMN 17 Stenenbrug
664,Stenenbrug 70,2023-03-10,18:00:00,231,148,83,FMN 17 Stenenbrug
664,Stenenbrug 70,2023-03-10,19:00:00,178,144,34,FMN 17 Stenenbrug
664,Stenenbrug 70,2023-03-10,20:00:00,128,110,18,FMN 17 Stenenbrug
664,Stenenbrug 70,2023-03-10,21:00:00,94,76,18,FMN 17 Stenenbrug
664,Stenenbrug 70,2023-03-10,22:00:00,69,47,22,FMN 17 Stenenbrug
664,Stenenbrug 70,2023-03-10,23:00:00,54,23,31,FMN 17 Stenenbrug
664,Stenenbrug 70,2023-03-11,00:00:00,54,36,18,FMN 17 Stenenbrug
664,Stenenbrug 70,2023-03-11,01:00:00,36,23,13,FMN 17 Stenenbrug
664,Stenenbrug 70,2023-03-11,02:00:00,15,8,7,FMN 17 Stenenbrug
664,Stenenbrug 70,2023-03-11,03:00:00,13,11,2,FMN 17 Stenenbrug
664,Stenenbrug 70,2023-03-11,04:00:00,15,13,2,FMN 17 Stenenbrug
664,Stenenbrug 70,2023-03-11,05:00:00,34,24,10,FMN 17 Stenenbrug
664,Stenenbrug 70,2023-03-11,06:00:00,15,8,7,FMN 17 Stenenbrug
664,Stenenbrug 70,2023-03-11,07:00:00,24,12,12,FMN 17 Stenenbrug
664,Stenenbrug 70,2023-03-11,08:00:00,63,48,15,FMN 17 Stenenbrug
664,Stenenbrug 70,2023-03-11,09:00:00,128,92,36,FMN 17 Stenenbrug
664,Stenenbrug 70,2023-03-11,10:00:00,157,93,64,FMN 17 Stenenbrug
664,Stenenbrug 70,2023-03-11,11:00:00,194,157,37,FMN 17 Stenenbrug
664,Stenenbrug 70,2023-03-11,12:00:00,186,137,49,FMN 17 Stenenbrug
664,Stenenbrug 70,2023-03-11,13:00:00,191,119,72,FMN 17 Stenenbrug
664,Stenenbrug 70,2023-03-11,14:00:00,168,129,39,FMN 17 Stenenbrug
664,Stenenbrug 70,2023-03-11,15:00:00,172,134,38,FMN 17 Stenenbrug
664,Stenenbrug 70,2023-03-11,16:00:00,178,133,45,FMN 17 Stenenbrug
664,Stenenbrug 70,2023-03-11,17:00:00,197,149,48,FMN 17 Stenenbrug
664,Stenenbrug 70,2023-03-11,18:00:00,144,107,37,FMN 17 Stenenbrug
664,Stenenbrug 70,2023-03-11,19:00:00,158,128,30,FMN 17 Stenenbrug
664,Stenenbrug 70,2023-03-11,20:00:00,98,76,22,FMN 17 Stenenbrug
664,Stenenbrug 70,2023-03-11,21:00:00,85,67,18,FMN 17 Stenenbrug
664,Stenenbrug 70,2023-03-11,22:00:00,62,46,16,FMN 17 Stenenbrug
664,Stenenbrug 70,2023-03-11,23:00:00,63,45,18,FMN 17 Stenenbrug
664,Stenenbrug 70,2023-03-12,00:00:00,34,15,19,FMN 17 Stenenbrug
664,Stenenbrug 70,2023-03-12,01:00:00,27,17,10,FMN 17 Stenenbrug
664,Stenenbrug 70,2023-03-12,02:00:00,12,9,3,FMN 17 Stenenbrug
664,Stenenbrug 70,2023-03-12,03:00:00,9,4,5,FMN 17 Stenenbrug
664,Stenenbrug 70,2023-03-12,04:00:00,9,3,6,FMN 17 Stenenbrug
664,Stenenbrug 70,2023-03-12,05:00:00,7,2,5,FMN 17 Stenenbrug
664,Stenenbrug 70,2023-03-12,06:00:00,24,11,13,FMN 17 Stenenbrug
664,Stenenbrug 70,2023-03-12,07:00:00,13,8,5,FMN 17 Stenenbrug
664,Stenenbrug 70,2023-03-12,08:00:00,35,27,8,FMN 17 Stenenbrug
664,Stenenbrug 70,2023-03-12,09:00:00,37,27,10,FMN 17 Stenenbrug
664,Stenenbrug 70,2023-03-12,10:00:00,77,60,17,FMN 17 Stenenbrug
664,Stenenbrug 70,2023-03-12,11:00:00,111,83,28,FMN 17 Stenenbrug
664,Stenenbrug 70,2023-03-12,12:00:00,115,92,23,FMN 17 Stenenbrug
664,Stenenbrug 70,2023-03-12,13:00:00,115,86,29,FMN 17 Stenenbrug
664,Stenenbrug 70,2023-03-12,14:00:00,143,112,31,FMN 17 Stenenbrug
664,Stenenbrug 70,2023-03-12,15:00:00,118,88,30,FMN 17 Stenenbrug
664,Stenenbrug 70,2023-03-12,16:00:00,134,90,44,FMN 17 Stenenbrug
664,Stenenbrug 70,2023-03-12,17:00:00,144,101,43,FMN 17 Stenenbrug
664,Stenenbrug 70,2023-03-12,18:00:00,132,110,22,FMN 17 Stenenbrug
664,Stenenbrug 70,2023-03-12,19:00:00,94,67,27,FMN 17 Stenenbrug
664,Stenenbrug 70,2023-03-12,20:00:00,86,57,29,FMN 17 Stenenbrug
664,Stenenbrug 70,2023-03-12,21:00:00,68,52,16,FMN 17 Stenenbrug
664,Stenenbrug 70,2023-03-12,22:00:00,49,31,18,FMN 17 Stenenbrug
664,Stenenbrug 70,2023-03-12,23:00:00,21,12,9,FMN 17 Stenenbrug
664,Stenenbrug 70,2023-03-13,00:00:00,14,6,8,FMN 17 Stenenbrug
664,Stenenbrug 70,2023-03-13,01:00:00,8,6,2,FMN 17 Stenenbrug
664,Stenenbrug 70,2023-03-13,02:00:00,6,4,2,FMN 17 Stenenbrug
664,Stenenbrug 70,2023-03-13,03:00:00,7,6,1,FMN 17 Stenenbrug
664,Stenenbrug 70,2023-03-13,04:00:00,22,17,5,FMN 17 Stenenbrug
664,Stenenbrug 70,2023-03-13,05:00:00,53,37,16,FMN 17 Stenenbrug
664,Stenenbrug 70,2023-03-13,06:00:00,83,60,23,FMN 17 Stenenbrug
664,Stenenbrug 70,2023-03-13,07:00:00,318,243,75,FMN 17 Stenenbrug
664,Stenenbrug 70,2023-03-13,08:00:00,517,332,185,FMN 17 Stenenbrug
664,Stenenbrug 70,2023-03-13,09:00:00,121,97,24,FMN 17 Stenenbrug
664,Stenenbrug 70,2023-03-13,10:00:00,101,77,24,FMN 17 Stenenbrug
664,Stenenbrug 70,2023-03-13,11:00:00,90,73,17,FMN 17 Stenenbrug
664,Stenenbrug 70,2023-03-13,12:00:00,158,120,38,FMN 17 Stenenbrug
664,Stenenbrug 70,2023-03-13,13:00:00,143,94,49,FMN 17 Stenenbrug
664,Stenenbrug 70,2023-03-13,14:00:00,120,88,32,FMN 17 Stenenbrug
664,Stenenbrug 70,2023-03-13,15:00:00,210,127,83,FMN 17 Stenenbrug
664,Stenenbrug 70,2023-03-13,16:00:00,442,306,136,FMN 17 Stenenbrug
664,Stenenbrug 70,2023-03-13,17:00:00,322,203,119,FMN 17 Stenenbrug
664,Stenenbrug 70,2023-03-13,18:00:00,276,187,89,FMN 17 Stenenbrug
664,Stenenbrug 70,2023-03-13,19:00:00,192,143,49,FMN 17 Stenenbrug
664,Stenenbrug 70,2023-03-13,20:00:00,142,105,37,FMN 17 Stenenbrug
664,Stenenbrug 70,2023-03-13,21:00:00,116,85,31,FMN 17 Stenenbrug
664,Stenenbrug 70,2023-03-13,22:00:00,72,48,24,FMN 17 Stenenbrug
664,Stenenbrug 70,2023-03-13,23:00:00,25,12,13,FMN 17 Stenenbrug
664,Stenenbrug 70,2023-03-14,00:00:00,11,7,4,FMN 17 Stenenbrug
664,Stenenbrug 70,2023-03-14,01:00:00,11,7,4,FMN 17 Stenenbrug
664,Stenenbrug 70,2023-03-14,02:00:00,5,3,2,FMN 17 Stenenbrug
664,Stenenbrug 70,2023-03-14,03:00:00,10,7,3,FMN 17 Stenenbrug
664,Stenenbrug 70,2023-03-14,04:00:00,20,18,2,FMN 17 Stenenbrug
664,Stenenbrug 70,2023-03-14,05:00:00,55,41,14,FMN 17 Stenenbrug
664,Stenenbrug 70,2023-03-14,06:00:00,99,73,26,FMN 17 Stenenbrug
664,Stenenbrug 70,2023-03-14,07:00:00,305,222,83,FMN 17 Stenenbrug
664,Stenenbrug 70,2023-03-14,08:00:00,466,335,131,FMN 17 Stenenbrug
664,Stenenbrug 70,2023-03-14,09:00:00,147,118,29,FMN 17 Stenenbrug
664,Stenenbrug 70,2023-03-14,10:00:00,86,66,20,FMN 17 Stenenbrug
664,Stenenbrug 70,2023-03-14,11:00:00,113,96,17,FMN 17 Stenenbrug
664,Stenenbrug 70,2023-03-14,12:00:00,177,109,68,FMN 17 Stenenbrug
664,Stenenbrug 70,2023-03-14,13:00:00,134,82,52,FMN 17 Stenenbrug
664,Stenenbrug 70,2023-03-14,14:00:00,133,85,48,FMN 17 Stenenbrug
664,Stenenbrug 70,2023-03-14,15:00:00,265,144,121,FMN 17 Stenenbrug
664,Stenenbrug 70,2023-03-14,16:00:00,386,256,130,FMN 17 Stenenbrug
664,Stenenbrug 70,2023-03-14,17:00:00,317,190,127,FMN 17 Stenenbrug
664,Stenenbrug 70,2023-03-14,18:00:00,229,162,67,FMN 17 Stenenbrug
664,Stenenbrug 70,2023-03-14,19:00:00,181,137,44,FMN 17 Stenenbrug
664,Stenenbrug 70,2023-03-14,20:00:00,104,86,18,FMN 17 Stenenbrug
664,Stenenbrug 70,2023-03-14,21:00:00,91,70,21,FMN 17 Stenenbrug
664,Stenenbrug 70,2023-03-14,22:00:00,72,47,25,FMN 17 Stenenbrug
664,Stenenbrug 70,2023-03-14,23:00:00,24,15,9,FMN 17 Stenenbrug
664,Stenenbrug 70,2023-03-15,00:00:00,13,10,3,FMN 17 Stenenbrug
664,Stenenbrug 70,2023-03-15,01:00:00,8,7,1,FMN 17 Stenenbrug
664,Stenenbrug 70,2023-03-15,02:00:00,2,2,0,FMN 17 Stenenbrug
664,Stenenbrug 70,2023-03-15,03:00:00,6,4,2,FMN 17 Stenenbrug
664,Stenenbrug 70,2023-03-15,04:00:00,31,26,5,FMN 17 Stenenbrug
664,Stenenbrug 70,2023-03-15,05:00:00,48,33,15,FMN 17 Stenenbrug
664,Stenenbrug 70,2023-03-15,06:00:00,100,72,28,FMN 17 Stenenbrug
664,Stenenbrug 70,2023-03-15,07:00:00,273,224,49,FMN 17 Stenenbrug
664,Stenenbrug 70,2023-03-15,08:00:00,414,317,97,FMN 17 Stenenbrug
664,Stenenbrug 70,2023-03-15,09:00:00,122,94,28,FMN 17 Stenenbrug
664,Stenenbrug 70,2023-03-15,10:00:00,117,92,25,FMN 17 Stenenbrug
664,Stenenbrug 70,2023-03-15,11:00:00,126,94,32,FMN 17 Stenenbrug
664,Stenenbrug 70,2023-03-15,12:00:00,238,154,84,FMN 17 Stenenbrug
664,Stenenbrug 70,2023-03-15,13:00:00,215,146,69,FMN 17 Stenenbrug
664,Stenenbrug 70,2023-03-15,14:00:00,181,112,69,FMN 17 Stenenbrug
664,Stenenbrug 70,2023-03-15,15:00:00,226,139,87,FMN 17 Stenenbrug
664,Stenenbrug 70,2023-03-15,16:00:00,306,190,116,FMN 17 Stenenbrug
664,Stenenbrug 70,2023-03-15,17:00:00,340,206,134,FMN 17 Stenenbrug
664,Stenenbrug 70,2023-03-15,18:00:00,274,184,90,FMN 17 Stenenbrug
664,Stenenbrug 70,2023-03-15,19:00:00,195,132,63,FMN 17 Stenenbrug
664,Stenenbrug 70,2023-03-15,20:00:00,133,96,37,FMN 17 Stenenbrug
664,Stenenbrug 70,2023-03-15,21:00:00,103,79,24,FMN 17 Stenenbrug
664,Stenenbrug 70,2023-03-15,22:00:00,84,70,14,FMN 17 Stenenbrug
664,Stenenbrug 70,2023-03-15,23:00:00,41,21,20,FMN 17 Stenenbrug
664,Stenenbrug 70,2023-03-16,00:00:00,18,14,4,FMN 17 Stenenbrug
664,Stenenbrug 70,2023-03-16,01:00:00,8,6,2,FMN 17 Stenenbrug
664,Stenenbrug 70,2023-03-16,02:00:00,4,1,3,FMN 17 Stenenbrug
664,Stenenbrug 70,2023-03-16,03:00:00,6,6,0,FMN 17 Stenenbrug
664,Stenenbrug 70,2023-03-16,04:00:00,28,25,3,FMN 17 Stenenbrug
664,Stenenbrug 70,2023-03-16,05:00:00,54,37,17,FMN 17 Stenenbrug
664,Stenenbrug 70,2023-03-16,06:00:00,110,78,32,FMN 17 Stenenbrug
664,Stenenbrug 70,2023-03-16,07:00:00,321,242,79,FMN 17 Stenenbrug
664,Stenenbrug 70,2023-03-16,08:00:00,531,346,185,FMN 17 Stenenbrug
664,Stenenbrug 70,2023-03-16,09:00:00,165,135,30,FMN 17 Stenenbrug
664,Stenenbrug 70,2023-03-16,10:00:00,118,87,31,FMN 17 Stenenbrug
664,Stenenbrug 70,2023-03-16,11:00:00,128,97,31,FMN 17 Stenenbrug
664,Stenenbrug 70,2023-03-16,12:00:00,171,133,38,FMN 17 Stenenbrug
664,Stenenbrug 70,2023-03-16,13:00:00,158,94,64,FMN 17 Stenenbrug
664,Stenenbrug 70,2023-03-16,14:00:00,166,130,36,FMN 17 Stenenbrug
664,Stenenbrug 70,2023-03-16,15:00:00,303,187,116,FMN 17 Stenenbrug
664,Stenenbrug 70,2023-03-16,16:00:00,473,306,167,FMN 17 Stenenbrug
664,Stenenbrug 70,2023-03-16,17:00:00,408,237,171,FMN 17 Stenenbrug
664,Stenenbrug 70,2023-03-16,18:00:00,286,201,85,FMN 17 Stenenbrug
664,Stenenbrug 70,2023-03-16,19:00:00,230,161,69,FMN 17 Stenenbrug
664,Stenenbrug 70,2023-03-16,20:00:00,148,99,49,FMN 17 Stenenbrug
664,Stenenbrug 70,2023-03-16,21:00:00,100,73,27,FMN 17 Stenenbrug
664,Stenenbrug 70,2023-03-16,22:00:00,101,64,37,FMN 17 Stenenbrug
664,Stenenbrug 70,2023-03-16,23:00:00,50,28,22,FMN 17 Stenenbrug
664,Stenenbrug 70,2023-03-17,00:00:00,13,5,8,FMN 17 Stenenbrug
664,Stenenbrug 70,2023-03-17,01:00:00,8,5,3,FMN 17 Stenenbrug
664,Stenenbrug 70,2023-03-17,02:00:00,8,3,5,FMN 17 Stenenbrug
664,Stenenbrug 70,2023-03-17,03:00:00,7,6,1,FMN 17 Stenenbrug
664,Stenenbrug 70,2023-03-17,04:00:00,29,25,4,FMN 17 Stenenbrug
664,Stenenbrug 70,2023-03-17,05:00:00,55,40,15,FMN 17 Stenenbrug
664,Stenenbrug 70,2023-03-17,06:00:00,115,73,42,FMN 17 Stenenbrug
664,Stenenbrug 70,2023-03-17,07:00:00,273,214,59,FMN 17 Stenenbrug
664,Stenenbrug 70,2023-03-17,08:00:00,507,345,162,FMN 17 Stenenbrug
664,Stenenbrug 70,2023-03-17,09:00:00,167,128,39,FMN 17 Stenenbrug
664,Stenenbrug 70,2023-03-17,10:00:00,110,85,25,FMN 17 Stenenbrug
664,Stenenbrug 70,2023-03-17,11:00:00,108,78,30,FMN 17 Stenenbrug
664,Stenenbrug 70,2023-03-17,12:00:00,192,153,39,FMN 17 Stenenbrug
664,Stenenbrug 70,2023-03-17,13:00:00,169,121,48,FMN 17 Stenenbrug
664,Stenenbrug 70,2023-03-17,14:00:00,177,119,58,FMN 17 Stenenbrug
664,Stenenbrug 70,2023-03-17,15:00:00,313,204,109,FMN 17 Stenenbrug
664,Stenenbrug 70,2023-03-17,16:00:00,424,279,145,FMN 17 Stenenbrug
664,Stenenbrug 70,2023-03-17,17:00:00,343,203,140,FMN 17 Stenenbrug
664,Stenenbrug 70,2023-03-17,18:00:00,275,206,69,FMN 17 Stenenbrug
664,Stenenbrug 70,2023-03-17,19:00:00,216,169,47,FMN 17 Stenenbrug
664,Stenenbrug 70,2023-03-17,20:00:00,131,93,38,FMN 17 Stenenbrug
664,Stenenbrug 70,2023-03-17,21:00:00,118,87,31,FMN 17 Stenenbrug
664,Stenenbrug 70,2023-03-17,22:00:00,89,61,28,FMN 17 Stenenbrug
664,Stenenbrug 70,2023-03-17,23:00:00,75,44,31,FMN 17 Stenenbrug
664,Stenenbrug 70,2023-03-18,00:00:00,54,30,24,FMN 17 Stenenbrug
664,Stenenbrug 70,2023-03-18,01:00:00,29,17,12,FMN 17 Stenenbrug
664,Stenenbrug 70,2023-03-18,02:00:00,15,9,6,FMN 17 Stenenbrug
664,Stenenbrug 70,2023-03-18,03:00:00,16,14,2,FMN 17 Stenenbrug
664,Stenenbrug 70,2023-03-18,04:00:00,15,12,3,FMN 17 Stenenbrug
664,Stenenbrug 70,2023-03-18,05:00:00,26,17,9,FMN 17 Stenenbrug
664,Stenenbrug 70,2023-03-18,06:00:00,26,18,8,FMN 17 Stenenbrug
664,Stenenbrug 70,2023-03-18,07:00:00,45,34,11,FMN 17 Stenenbrug
664,Stenenbrug 70,2023-03-18,08:00:00,71,47,24,FMN 17 Stenenbrug
664,Stenenbrug 70,2023-03-18,09:00:00,190,114,76,FMN 17 Stenenbrug
664,Stenenbrug 70,2023-03-18,10:00:00,176,121,55,FMN 17 Stenenbrug
664,Stenenbrug 70,2023-03-18,11:00:00,172,113,59,FMN 17 Stenenbrug
664,Stenenbrug 70,2023-03-18,12:00:00,171,128,43,FMN 17 Stenenbrug
664,Stenenbrug 70,2023-03-18,13:00:00,174,128,46,FMN 17 Stenenbrug
664,Stenenbrug 70,2023-03-18,14:00:00,177,131,46,FMN 17 Stenenbrug
664,Stenenbrug 70,2023-03-18,15:00:00,199,137,62,FMN 17 Stenenbrug
664,Stenenbrug 70,2023-03-18,16:00:00,171,124,47,FMN 17 Stenenbrug
664,Stenenbrug 70,2023-03-18,17:00:00,201,145,56,FMN 17 Stenenbrug
664,Stenenbrug 70,2023-03-18,18:00:00,173,138,35,FMN 17 Stenenbrug
664,Stenenbrug 70,2023-03-18,19:00:00,115,81,34,FMN 17 Stenenbrug
664,Stenenbrug 70,2023-03-18,20:00:00,115,93,22,FMN 17 Stenenbrug
664,Stenenbrug 70,2023-03-18,21:00:00,71,54,17,FMN 17 Stenenbrug
664,Stenenbrug 70,2023-03-18,22:00:00,50,37,13,FMN 17 Stenenbrug
664,Stenenbrug 70,2023-03-18,23:00:00,38,25,13,FMN 17 Stenenbrug
664,Stenenbrug 70,2023-03-19,00:00:00,26,15,11,FMN 17 Stenenbrug
664,Stenenbrug 70,2023-03-19,01:00:00,18,12,6,FMN 17 Stenenbrug
664,Stenenbrug 70,2023-03-19,02:00:00,21,16,5,FMN 17 Stenenbrug
664,Stenenbrug 70,2023-03-19,03:00:00,10,1,9,FMN 17 Stenenbrug
664,Stenenbrug 70,2023-03-19,04:00:00,5,3,2,FMN 17 Stenenbrug
664,Stenenbrug 70,2023-03-19,05:00:00,16,12,4,FMN 17 Stenenbrug
664,Stenenbrug 70,2023-03-19,06:00:00,21,17,4,FMN 17 Stenenbrug
664,Stenenbrug 70,2023-03-19,07:00:00,22,15,7,FMN 17 Stenenbrug
664,Stenenbrug 70,2023-03-19,08:00:00,80,40,40,FMN 17 Stenenbrug
664,Stenenbrug 70,2023-03-19,09:00:00,124,85,39,FMN 17 Stenenbrug
664,Stenenbrug 70,2023-03-19,10:00:00,103,72,31,FMN 17 Stenenbrug
664,Stenenbrug 70,2023-03-19,11:00:00,165,112,53,FMN 17 Stenenbrug
664,Stenenbrug 70,2023-03-19,12:00:00,181,145,36,FMN 17 Stenenbrug
664,Stenenbrug 70,2023-03-19,13:00:00,132,94,38,FMN 17 Stenenbrug
664,Stenenbrug 70,2023-03-19,14:00:00,166,112,54,FMN 17 Stenenbrug
664,Stenenbrug 70,2023-03-19,15:00:00,117,81,36,FMN 17 Stenenbrug
664,Stenenbrug 70,2023-03-19,16:00:00,148,110,38,FMN 17 Stenenbrug
664,Stenenbrug 70,2023-03-19,17:00:00,171,119,52,FMN 17 Stenenbrug
664,Stenenbrug 70,2023-03-19,18:00:00,130,103,27,FMN 17 Stenenbrug
664,Stenenbrug 70,2023-03-19,19:00:00,162,136,26,FMN 17 Stenenbrug
664,Stenenbrug 70,2023-03-19,20:00:00,92,60,32,FMN 17 Stenenbrug
664,Stenenbrug 70,2023-03-19,21:00:00,74,47,27,FMN 17 Stenenbrug
664,Stenenbrug 70,2023-03-19,22:00:00,51,40,11,FMN 17 Stenenbrug
664,Stenenbrug 70,2023-03-19,23:00:00,72,21,51,FMN 17 Stenenbrug
664,Stenenbrug 70,2023-03-20,00:00:00,21,9,12,FMN 17 Stenenbrug
664,Stenenbrug 70,2023-03-20,01:00:00,5,4,1,FMN 17 Stenenbrug
664,Stenenbrug 70,2023-03-20,02:00:00,2,2,0,FMN 17 Stenenbrug
664,Stenenbrug 70,2023-03-20,03:00:00,10,10,0,FMN 17 Stenenbrug
664,Stenenbrug 70,2023-03-20,04:00:00,24,18,6,FMN 17 Stenenbrug
664,Stenenbrug 70,2023-03-20,05:00:00,52,38,14,FMN 17 Stenenbrug
664,Stenenbrug 70,2023-03-20,06:00:00,99,75,24,FMN 17 Stenenbrug
664,Stenenbrug 70,2023-03-20,07:00:00,324,247,77,FMN 17 Stenenbrug
664,Stenenbrug 70,2023-03-20,08:00:00,558,397,161,FMN 17 Stenenbrug
664,Stenenbrug 70,2023-03-20,09:00:00,142,112,30,FMN 17 Stenenbrug
664,Stenenbrug 70,2023-03-20,10:00:00,106,82,24,FMN 17 Stenenbrug
664,Stenenbrug 70,2023-03-20,11:00:00,96,61,35,FMN 17 Stenenbrug
664,Stenenbrug 70,2023-03-20,12:00:00,135,100,35,FMN 17 Stenenbrug
664,Stenenbrug 70,2023-03-20,13:00:00,129,97,32,FMN 17 Stenenbrug
664,Stenenbrug 70,2023-03-20,14:00:00,145,91,54,FMN 17 Stenenbrug
664,Stenenbrug 70,2023-03-20,15:00:00,246,148,98,FMN 17 Stenenbrug
664,Stenenbrug 70,2023-03-20,16:00:00,435,284,151,FMN 17 Stenenbrug
664,Stenenbrug 70,2023-03-20,17:00:00,360,214,146,FMN 17 Stenenbrug
664,Stenenbrug 70,2023-03-20,18:00:00,220,142,78,FMN 17 Stenenbrug
664,Stenenbrug 70,2023-03-20,19:00:00,161,106,55,FMN 17 Stenenbrug
664,Stenenbrug 70,2023-03-20,20:00:00,127,89,38,FMN 17 Stenenbrug
664,Stenenbrug 70,2023-03-20,21:00:00,107,71,36,FMN 17 Stenenbrug
664,Stenenbrug 70,2023-03-20,22:00:00,84,56,28,FMN 17 Stenenbrug
664,Stenenbrug 70,2023-03-20,23:00:00,31,22,9,FMN 17 Stenenbrug
664,Stenenbrug 70,2023-03-21,00:00:00,16,8,8,FMN 17 Stenenbrug
664,Stenenbrug 70,2023-03-21,01:00:00,3,2,1,FMN 17 Stenenbrug
664,Stenenbrug 70,2023-03-21,02:00:00,1,1,0,FMN 17 Stenenbrug
664,Stenenbrug 70,2023-03-21,03:00:00,7,6,1,FMN 17 Stenenbrug
664,Stenenbrug 70,2023-03-21,04:00:00,21,19,2,FMN 17 Stenenbrug
664,Stenenbrug 70,2023-03-21,05:00:00,47,39,8,FMN 17 Stenenbrug
664,Stenenbrug 70,2023-03-21,06:00:00,103,76,27,FMN 17 Stenenbrug
664,Stenenbrug 70,2023-03-21,07:00:00,315,248,67,FMN 17 Stenenbrug
664,Stenenbrug 70,2023-03-21,08:00:00,531,365,166,FMN 17 Stenenbrug
664,Stenenbrug 70,2023-03-21,09:00:00,135,108,27,FMN 17 Stenenbrug
664,Stenenbrug 70,2023-03-21,10:00:00,108,87,21,FMN 17 Stenenbrug
664,Stenenbrug 70,2023-03-21,11:00:00,100,71,29,FMN 17 Stenenbrug
664,Stenenbrug 70,2023-03-21,12:00:00,153,121,32,FMN 17 Stenenbrug
664,Stenenbrug 70,2023-03-21,13:00:00,146,92,54,FMN 17 Stenenbrug
664,Stenenbrug 70,2023-03-21,14:00:00,140,88,52,FMN 17 Stenenbrug
664,Stenenbrug 70,2023-03-21,15:00:00,229,137,92,FMN 17 Stenenbrug
664,Stenenbrug 70,2023-03-21,16:00:00,472,318,154,FMN 17 Stenenbrug
664,Stenenbrug 70,2023-03-21,17:00:00,382,229,153,FMN 17 Stenenbrug
664,Stenenbrug 70,2023-03-21,18:00:00,263,176,87,FMN 17 Stenenbrug
664,Stenenbrug 70,2023-03-21,19:00:00,213,156,57,FMN 17 Stenenbrug
664,Stenenbrug 70,2023-03-21,20:00:00,165,121,44,FMN 17 Stenenbrug
664,Stenenbrug 70,2023-03-21,21:00:00,99,68,31,FMN 17 Stenenbrug
664,Stenenbrug 70,2023-03-21,22:00:00,90,59,31,FMN 17 Stenenbrug
664,Stenenbrug 70,2023-03-21,23:00:00,49,27,22,FMN 17 Stenenbrug
664,Stenenbrug 70,2023-03-22,00:00:00,17,12,5,FMN 17 Stenenbrug
664,Stenenbrug 70,2023-03-22,01:00:00,8,6,2,FMN 17 Stenenbrug
664,Stenenbrug 70,2023-03-22,02:00:00,2,0,2,FMN 17 Stenenbrug
664,Stenenbrug 70,2023-03-22,03:00:00,9,6,3,FMN 17 Stenenbrug
664,Stenenbrug 70,2023-03-22,04:00:00,20,18,2,FMN 17 Stenenbrug
664,Stenenbrug 70,2023-03-22,05:00:00,51,35,16,FMN 17 Stenenbrug
664,Stenenbrug 70,2023-03-22,06:00:00,114,78,36,FMN 17 Stenenbrug
664,Stenenbrug 70,2023-03-22,07:00:00,296,239,57,FMN 17 Stenenbrug
664,Stenenbrug 70,2023-03-22,08:00:00,492,347,145,FMN 17 Stenenbrug
664,Stenenbrug 70,2023-03-22,09:00:00,140,106,34,FMN 17 Stenenbrug
664,Stenenbrug 70,2023-03-22,10:00:00,115,93,22,FMN 17 Stenenbrug
664,Stenenbrug 70,2023-03-22,11:00:00,102,68,34,FMN 17 Stenenbrug
664,Stenenbrug 70,2023-03-22,12:00:00,375,277,98,FMN 17 Stenenbrug
664,Stenenbrug 70,2023-03-22,13:00:00,193,126,67,FMN 17 Stenenbrug
664,Stenenbrug 70,2023-03-22,14:00:00,177,121,56,FMN 17 Stenenbrug
664,Stenenbrug 70,2023-03-22,15:00:00,186,127,59,FMN 17 Stenenbrug
664,Stenenbrug 70,2023-03-22,16:00:00,247,154,93,FMN 17 Stenenbrug
664,Stenenbrug 70,2023-03-22,17:00:00,303,185,118,FMN 17 Stenenbrug
664,Stenenbrug 70,2023-03-22,18:00:00,257,177,80,FMN 17 Stenenbrug
664,Stenenbrug 70,2023-03-22,19:00:00,45,29,16,FMN 17 Stenenbrug
664,Stenenbrug 70,2023-03-22,20:00:00,0,0,0,FMN 17 Stenenbrug
664,Stenenbrug 70,2023-03-22,21:00:00,0,0,0,FMN 17 Stenenbrug
664,Stenenbrug 70,2023-03-22,22:00:00,0,0,0,FMN 17 Stenenbrug
664,Stenenbrug 70,2023-03-22,23:00:00,0,0,0,FMN 17 Stenenbrug
664,Stenenbrug 70,2023-03-23,00:00:00,14,7,7,FMN 17 Stenenbrug
664,Stenenbrug 70,2023-03-23,01:00:00,12,5,7,FMN 17 Stenenbrug
664,Stenenbrug 70,2023-03-23,02:00:00,0,0,0,FMN 17 Stenenbrug
664,Stenenbrug 70,2023-03-23,03:00:00,2,2,0,FMN 17 Stenenbrug
664,Stenenbrug 70,2023-03-23,04:00:00,21,19,2,FMN 17 Stenenbrug
664,Stenenbrug 70,2023-03-23,05:00:00,47,39,8,FMN 17 Stenenbrug
664,Stenenbrug 70,2023-03-23,06:00:00,76,56,20,FMN 17 Stenenbrug
664,Stenenbrug 70,2023-03-23,07:00:00,211,162,49,FMN 17 Stenenbrug
664,Stenenbrug 70,2023-03-23,08:00:00,362,255,107,FMN 17 Stenenbrug
664,Stenenbrug 70,2023-03-23,09:00:00,125,100,25,FMN 17 Stenenbrug
664,Stenenbrug 70,2023-03-23,10:00:00,82,57,25,FMN 17 Stenenbrug
664,Stenenbrug 70,2023-03-23,11:00:00,99,73,26,FMN 17 Stenenbrug
664,Stenenbrug 70,2023-03-23,12:00:00,159,121,38,FMN 17 Stenenbrug
664,Stenenbrug 70,2023-03-23,13:00:00,127,87,40,FMN 17 Stenenbrug
664,Stenenbrug 70,2023-03-23,14:00:00,133,96,37,FMN 17 Stenenbrug
664,Stenenbrug 70,2023-03-23,15:00:00,194,131,63,FMN 17 Stenenbrug
664,Stenenbrug 70,2023-03-23,16:00:00,337,219,118,FMN 17 Stenenbrug
664,Stenenbrug 70,2023-03-23,17:00:00,288,172,116,FMN 17 Stenenbrug
664,Stenenbrug 70,2023-03-23,18:00:00,230,154,76,FMN 17 Stenenbrug
664,Stenenbrug 70,2023-03-23,19:00:00,162,125,37,FMN 17 Stenenbrug
664,Stenenbrug 70,2023-03-23,20:00:00,112,84,28,FMN 17 Stenenbrug
664,Stenenbrug 70,2023-03-23,21:00:00,90,64,26,FMN 17 Stenenbrug
664,Stenenbrug 70,2023-03-23,22:00:00,69,43,26,FMN 17 Stenenbrug
664,Stenenbrug 70,2023-03-23,23:00:00,45,25,20,FMN 17 Stenenbrug
664,Stenenbrug 70,2023-03-24,00:00:00,30,19,11,FMN 17 Stenenbrug
664,Stenenbrug 70,2023-03-24,01:00:00,9,4,5,FMN 17 Stenenbrug
664,Stenenbrug 70,2023-03-24,02:00:00,12,6,6,FMN 17 Stenenbrug
664,Stenenbrug 70,2023-03-24,03:00:00,4,4,0,FMN 17 Stenenbrug
664,Stenenbrug 70,2023-03-24,04:00:00,20,17,3,FMN 17 Stenenbrug
664,Stenenbrug 70,2023-03-24,05:00:00,42,30,12,FMN 17 Stenenbrug
664,Stenenbrug 70,2023-03-24,06:00:00,72,51,21,FMN 17 Stenenbrug
664,Stenenbrug 70,2023-03-24,07:00:00,205,167,38,FMN 17 Stenenbrug
664,Stenenbrug 70,2023-03-24,08:00:00,320,228,92,FMN 17 Stenenbrug
664,Stenenbrug 70,2023-03-24,09:00:00,122,102,20,FMN 17 Stenenbrug
664,Stenenbrug 70,2023-03-24,10:00:00,104,74,30,FMN 17 Stenenbrug
664,Stenenbrug 70,2023-03-24,11:00:00,107,86,21,FMN 17 Stenenbrug
664,Stenenbrug 70,2023-03-24,12:00:00,176,127,49,FMN 17 Stenenbrug
664,Stenenbrug 70,2023-03-24,13:00:00,143,93,50,FMN 17 Stenenbrug
664,Stenenbrug 70,2023-03-24,14:00:00,157,98,59,FMN 17 Stenenbrug
664,Stenenbrug 70,2023-03-24,15:00:00,236,139,97,FMN 17 Stenenbrug
664,Stenenbrug 70,2023-03-24,16:00:00,303,202,101,FMN 17 Stenenbrug
664,Stenenbrug 70,2023-03-24,17:00:00,245,158,87,FMN 17 Stenenbrug
664,Stenenbrug 70,2023-03-24,18:00:00,209,139,70,FMN 17 Stenenbrug
664,Stenenbrug 70,2023-03-24,19:00:00,179,132,47,FMN 17 Stenenbrug
664,Stenenbrug 70,2023-03-24,20:00:00,143,112,31,FMN 17 Stenenbrug
664,Stenenbrug 70,2023-03-24,21:00:00,99,77,22,FMN 17 Stenenbrug
664,Stenenbrug 70,2023-03-24,22:00:00,73,46,27,FMN 17 Stenenbrug
664,Stenenbrug 70,2023-03-24,23:00:00,65,42,23,FMN 17 Stenenbrug
664,Stenenbrug 70,2023-03-25,00:00:00,31,17,14,FMN 17 Stenenbrug
664,Stenenbrug 70,2023-03-25,01:00:00,24,13,11,FMN 17 Stenenbrug
664,Stenenbrug 70,2023-03-25,02:00:00,17,13,4,FMN 17 Stenenbrug
664,Stenenbrug 70,2023-03-25,03:00:00,13,9,4,FMN 17 Stenenbrug
664,Stenenbrug 70,2023-03-25,04:00:00,13,8,5,FMN 17 Stenenbrug
664,Stenenbrug 70,2023-03-25,05:00:00,17,10,7,FMN 17 Stenenbrug
664,Stenenbrug 70,2023-03-25,06:00:00,20,11,9,FMN 17 Stenenbrug
664,Stenenbrug 70,2023-03-25,07:00:00,27,18,9,FMN 17 Stenenbrug
664,Stenenbrug 70,2023-03-25,08:00:00,39,26,13,FMN 17 Stenenbrug
664,Stenenbrug 70,2023-03-25,09:00:00,93,66,27,FMN 17 Stenenbrug
664,Stenenbrug 70,2023-03-25,10:00:00,109,76,33,FMN 17 Stenenbrug
664,Stenenbrug 70,2023-03-25,11:00:00,130,88,42,FMN 17 Stenenbrug
664,Stenenbrug 70,2023-03-25,12:00:00,133,105,28,FMN 17 Stenenbrug
664,Stenenbrug 70,2023-03-25,13:00:00,147,109,38,FMN 17 Stenenbrug
664,Stenenbrug 70,2023-03-25,14:00:00,123,89,34,FMN 17 Stenenbrug
664,Stenenbrug 70,2023-03-25,15:00:00,117,86,31,FMN 17 Stenenbrug
664,Stenenbrug 70,2023-03-25,16:00:00,127,87,40,FMN 17 Stenenbrug
664,Stenenbrug 70,2023-03-25,17:00:00,129,97,32,FMN 17 Stenenbrug
664,Stenenbrug 70,2023-03-25,18:00:00,130,103,27,FMN 17 Stenenbrug
664,Stenenbrug 70,2023-03-25,19:00:00,97,82,15,FMN 17 Stenenbrug
664,Stenenbrug 70,2023-03-25,20:00:00,73,55,18,FMN 17 Stenenbrug
664,Stenenbrug 70,2023-03-25,21:00:00,60,50,10,FMN 17 Stenenbrug
664,Stenenbrug 70,2023-03-25,22:00:00,50,34,16,FMN 17 Stenenbrug
664,Stenenbrug 70,2023-03-25,23:00:00,45,28,17,FMN 17 Stenenbrug
664,Stenenbrug 70,2023-03-26,00:00:00,32,22,10,FMN 17 Stenenbrug
664,Stenenbrug 70,2023-03-26,01:00:00,25,20,5,FMN 17 Stenenbrug
664,Stenenbrug 70,2023-03-26,02:00:00,12,10,2,FMN 17 Stenenbrug
664,Stenenbrug 70,2023-03-26,03:00:00,10,5,5,FMN 17 Stenenbrug
664,Stenenbrug 70,2023-03-26,04:00:00,8,7,1,FMN 17 Stenenbrug
664,Stenenbrug 70,2023-03-26,05:00:00,12,11,1,FMN 17 Stenenbrug
664,Stenenbrug 70,2023-03-26,06:00:00,16,11,5,FMN 17 Stenenbrug
664,Stenenbrug 70,2023-03-26,07:00:00,5,4,1,FMN 17 Stenenbrug
664,Stenenbrug 70,2023-03-26,08:00:00,26,16,10,FMN 17 Stenenbrug
664,Stenenbrug 70,2023-03-26,09:00:00,60,45,15,FMN 17 Stenenbrug
664,Stenenbrug 70,2023-03-26,10:00:00,60,46,14,FMN 17 Stenenbrug
664,Stenenbrug 70,2023-03-26,11:00:00,75,57,18,FMN 17 Stenenbrug
664,Stenenbrug 70,2023-03-26,12:00:00,97,81,16,FMN 17 Stenenbrug
664,Stenenbrug 70,2023-03-26,13:00:00,94,72,22,FMN 17 Stenenbrug
664,Stenenbrug 70,2023-03-26,14:00:00,98,77,21,FMN 17 Stenenbrug
664,Stenenbrug 70,2023-03-26,15:00:00,80,57,23,FMN 17 Stenenbrug
664,Stenenbrug 70,2023-03-26,16:00:00,93,68,25,FMN 17 Stenenbrug
664,Stenenbrug 70,2023-03-26,17:00:00,76,57,19,FMN 17 Stenenbrug
664,Stenenbrug 70,2023-03-26,18:00:00,83,67,16,FMN 17 Stenenbrug
664,Stenenbrug 70,2023-03-26,19:00:00,79,56,23,FMN 17 Stenenbrug
664,Stenenbrug 70,2023-03-26,20:00:00,54,38,16,FMN 17 Stenenbrug
664,Stenenbrug 70,2023-03-26,21:00:00,40,31,9,FMN 17 Stenenbrug
664,Stenenbrug 70,2023-03-26,22:00:00,40,29,11,FMN 17 Stenenbrug
664,Stenenbrug 70,2023-03-26,23:00:00,24,15,9,FMN 17 Stenenbrug
664,Stenenbrug 70,2023-03-27,00:00:00,11,9,2,FMN 17 Stenenbrug
664,Stenenbrug 70,2023-03-27,01:00:00,5,5,0,FMN 17 Stenenbrug
664,Stenenbrug 70,2023-03-27,02:00:00,2,2,0,FMN 17 Stenenbrug
664,Stenenbrug 70,2023-03-27,03:00:00,7,7,0,FMN 17 Stenenbrug
664,Stenenbrug 70,2023-03-27,04:00:00,28,22,6,FMN 17 Stenenbrug
664,Stenenbrug 70,2023-03-27,05:00:00,41,32,9,FMN 17 Stenenbrug
664,Stenenbrug 70,2023-03-27,06:00:00,84,64,20,FMN 17 Stenenbrug
664,Stenenbrug 70,2023-03-27,07:00:00,234,184,50,FMN 17 Stenenbrug
664,Stenenbrug 70,2023-03-27,08:00:00,372,274,98,FMN 17 Stenenbrug
664,Stenenbrug 70,2023-03-27,09:00:00,141,108,33,FMN 17 Stenenbrug
664,Stenenbrug 70,2023-03-27,10:00:00,108,76,32,FMN 17 Stenenbrug
664,Stenenbrug 70,2023-03-27,11:00:00,99,72,27,FMN 17 Stenenbrug
664,Stenenbrug 70,2023-03-27,12:00:00,155,121,34,FMN 17 Stenenbrug
664,Stenenbrug 70,2023-03-27,13:00:00,152,98,54,FMN 17 Stenenbrug
664,Stenenbrug 70,2023-03-27,14:00:00,148,108,40,FMN 17 Stenenbrug
664,Stenenbrug 70,2023-03-27,15:00:00,215,128,87,FMN 17 Stenenbrug
664,Stenenbrug 70,2023-03-27,16:00:00,358,229,129,FMN 17 Stenenbrug
664,Stenenbrug 70,2023-03-27,17:00:00,318,188,130,FMN 17 Stenenbrug
664,Stenenbrug 70,2023-03-27,18:00:00,212,145,67,FMN 17 Stenenbrug
664,Stenenbrug 70,2023-03-27,19:00:00,140,99,41,FMN 17 Stenenbrug
664,Stenenbrug 70,2023-03-27,20:00:00,105,81,24,FMN 17 Stenenbrug
664,Stenenbrug 70,2023-03-27,21:00:00,79,61,18,FMN 17 Stenenbrug
664,Stenenbrug 70,2023-03-27,22:00:00,69,48,21,FMN 17 Stenenbrug
664,Stenenbrug 70,2023-03-27,23:00:00,26,14,12,FMN 17 Stenenbrug
664,Stenenbrug 70,2023-03-28,00:00:00,14,10,4,FMN 17 Stenenbrug
664,Stenenbrug 70,2023-03-28,01:00:00,3,2,1,FMN 17 Stenenbrug
664,Stenenbrug 70,2023-03-28,02:00:00,2,1,1,FMN 17 Stenenbrug
664,Stenenbrug 70,2023-03-28,03:00:00,4,3,1,FMN 17 Stenenbrug
664,Stenenbrug 70,2023-03-28,04:00:00,24,20,4,FMN 17 Stenenbrug
664,Stenenbrug 70,2023-03-28,05:00:00,44,37,7,FMN 17 Stenenbrug
664,Stenenbrug 70,2023-03-28,06:00:00,93,75,18,FMN 17 Stenenbrug
664,Stenenbrug 70,2023-03-28,07:00:00,262,206,56,FMN 17 Stenenbrug
664,Stenenbrug 70,2023-03-28,08:00:00,417,307,110,FMN 17 Stenenbrug
664,Stenenbrug 70,2023-03-28,09:00:00,139,113,26,FMN 17 Stenenbrug
664,Stenenbrug 70,2023-03-28,10:00:00,109,88,21,FMN 17 Stenenbrug
664,Stenenbrug 70,2023-03-28,11:00:00,106,80,26,FMN 17 Stenenbrug
664,Stenenbrug 70,2023-03-28,12:00:00,181,137,44,FMN 17 Stenenbrug
664,Stenenbrug 70,2023-03-28,13:00:00,155,105,50,FMN 17 Stenenbrug
664,Stenenbrug 70,2023-03-28,14:00:00,152,94,58,FMN 17 Stenenbrug
664,Stenenbrug 70,2023-03-28,15:00:00,233,136,97,FMN 17 Stenenbrug
664,Stenenbrug 70,2023-03-28,16:00:00,359,232,127,FMN 17 Stenenbrug
664,Stenenbrug 70,2023-03-28,17:00:00,329,204,125,FMN 17 Stenenbrug
664,Stenenbrug 70,2023-03-28,18:00:00,228,149,79,FMN 17 Stenenbrug
664,Stenenbrug 70,2023-03-28,19:00:00,171,126,45,FMN 17 Stenenbrug
664,Stenenbrug 70,2023-03-28,20:00:00,100,75,25,FMN 17 Stenenbrug
664,Stenenbrug 70,2023-03-28,21:00:00,89,62,27,FMN 17 Stenenbrug
664,Stenenbrug 70,2023-03-28,22:00:00,62,38,24,FMN 17 Stenenbrug
664,Stenenbrug 70,2023-03-28,23:00:00,32,19,13,FMN 17 Stenenbrug
664,Stenenbrug 70,2023-03-29,00:00:00,16,9,7,FMN 17 Stenenbrug
664,Stenenbrug 70,2023-03-29,01:00:00,10,7,3,FMN 17 Stenenbrug
664,Stenenbrug 70,2023-03-29,02:00:00,6,2,4,FMN 17 Stenenbrug
664,Stenenbrug 70,2023-03-29,03:00:00,9,8,1,FMN 17 Stenenbrug
664,Stenenbrug 70,2023-03-29,04:00:00,21,20,1,FMN 17 Stenenbrug
664,Stenenbrug 70,2023-03-29,05:00:00,57,35,22,FMN 17 Stenenbrug
664,Stenenbrug 70,2023-03-29,06:00:00,96,72,24,FMN 17 Stenenbrug
664,Stenenbrug 70,2023-03-29,07:00:00,249,195,54,FMN 17 Stenenbrug
664,Stenenbrug 70,2023-03-29,08:00:00,384,284,100,FMN 17 Stenenbrug
664,Stenenbrug 70,2023-03-29,09:00:00,143,113,30,FMN 17 Stenenbrug
664,Stenenbrug 70,2023-03-29,10:00:00,105,82,23,FMN 17 Stenenbrug
664,Stenenbrug 70,2023-03-29,11:00:00,128,93,35,FMN 17 Stenenbrug
664,Stenenbrug 70,2023-03-29,12:00:00,316,221,95,FMN 17 Stenenbrug
664,Stenenbrug 70,2023-03-29,13:00:00,206,134,72,FMN 17 Stenenbrug
664,Stenenbrug 70,2023-03-29,14:00:00,190,127,63,FMN 17 Stenenbrug
664,Stenenbrug 70,2023-03-29,15:00:00,210,136,74,FMN 17 Stenenbrug
664,Stenenbrug 70,2023-03-29,16:00:00,268,173,95,FMN 17 Stenenbrug
664,Stenenbrug 70,2023-03-29,17:00:00,301,192,109,FMN 17 Stenenbrug
664,Stenenbrug 70,2023-03-29,18:00:00,233,152,81,FMN 17 Stenenbrug
664,Stenenbrug 70,2023-03-29,19:00:00,180,123,57,FMN 17 Stenenbrug
664,Stenenbrug 70,2023-03-29,20:00:00,112,79,33,FMN 17 Stenenbrug
664,Stenenbrug 70,2023-03-29,21:00:00,87,57,30,FMN 17 Stenenbrug
664,Stenenbrug 70,2023-03-29,22:00:00,83,57,26,FMN 17 Stenenbrug
664,Stenenbrug 70,2023-03-29,23:00:00,32,20,12,FMN 17 Stenenbrug
664,Stenenbrug 70,2023-03-30,00:00:00,21,12,9,FMN 17 Stenenbrug
664,Stenenbrug 70,2023-03-30,01:00:00,6,3,3,FMN 17 Stenenbrug
664,Stenenbrug 70,2023-03-30,02:00:00,5,1,4,FMN 17 Stenenbrug
664,Stenenbrug 70,2023-03-30,03:00:00,6,5,1,FMN 17 Stenenbrug
664,Stenenbrug 70,2023-03-30,04:00:00,23,17,6,FMN 17 Stenenbrug
664,Stenenbrug 70,2023-03-30,05:00:00,45,34,11,FMN 17 Stenenbrug
664,Stenenbrug 70,2023-03-30,06:00:00,80,63,17,FMN 17 Stenenbrug
664,Stenenbrug 70,2023-03-30,07:00:00,230,179,51,FMN 17 Stenenbrug
664,Stenenbrug 70,2023-03-30,08:00:00,394,286,108,FMN 17 Stenenbrug
664,Stenenbrug 70,2023-03-30,09:00:00,135,112,23,FMN 17 Stenenbrug
664,Stenenbrug 70,2023-03-30,10:00:00,106,76,30,FMN 17 Stenenbrug
664,Stenenbrug 70,2023-03-30,11:00:00,107,78,29,FMN 17 Stenenbrug
664,Stenenbrug 70,2023-03-30,12:00:00,163,121,42,FMN 17 Stenenbrug
664,Stenenbrug 70,2023-03-30,13:00:00,135,97,38,FMN 17 Stenenbrug
664,Stenenbrug 70,2023-03-30,14:00:00,122,87,35,FMN 17 Stenenbrug
664,Stenenbrug 70,2023-03-30,15:00:00,222,140,82,FMN 17 Stenenbrug
664,Stenenbrug 70,2023-03-30,16:00:00,369,245,124,FMN 17 Stenenbrug
664,Stenenbrug 70,2023-03-30,17:00:00,329,198,131,FMN 17 Stenenbrug
664,Stenenbrug 70,2023-03-30,18:00:00,251,173,78,FMN 17 Stenenbrug
664,Stenenbrug 70,2023-03-30,19:00:00,184,139,45,FMN 17 Stenenbrug
664,Stenenbrug 70,2023-03-30,20:00:00,134,90,44,FMN 17 Stenenbrug
664,Stenenbrug 70,2023-03-30,21:00:00,97,61,36,FMN 17 Stenenbrug
664,Stenenbrug 70,2023-03-30,22:00:00,67,44,23,FMN 17 Stenenbrug
664,Stenenbrug 70,2023-03-30,23:00:00,47,22,25,FMN 17 Stenenbrug
664,Stenenbrug 70,2023-03-31,00:00:00,14,9,5,FMN 17 Stenenbrug
664,Stenenbrug 70,2023-03-31,01:00:00,13,5,8,FMN 17 Stenenbrug
664,Stenenbrug 70,2023-03-31,02:00:00,5,1,4,FMN 17 Stenenbrug
664,Stenenbrug 70,2023-03-31,03:00:00,9,8,1,FMN 17 Stenenbrug
664,Stenenbrug 70,2023-03-31,04:00:00,16,10,6,FMN 17 Stenenbrug
664,Stenenbrug 70,2023-03-31,05:00:00,31,26,5,FMN 17 Stenenbrug
664,Stenenbrug 70,2023-03-31,06:00:00,55,44,11,FMN 17 Stenenbrug
664,Stenenbrug 70,2023-03-31,07:00:00,158,124,34,FMN 17 Stenenbrug
664,Stenenbrug 70,2023-03-31,08:00:00,249,185,64,FMN 17 Stenenbrug
664,Stenenbrug 70,2023-03-31,09:00:00,95,79,16,FMN 17 Stenenbrug
664,Stenenbrug 70,2023-03-31,10:00:00,83,55,28,FMN 17 Stenenbrug
664,Stenenbrug 70,2023-03-31,11:00:00,93,68,25,FMN 17 Stenenbrug
664,Stenenbrug 70,2023-03-31,12:00:00,148,103,45,FMN 17 Stenenbrug
664,Stenenbrug 70,2023-03-31,13:00:00,116,84,32,FMN 17 Stenenbrug
664,Stenenbrug 70,2023-03-31,14:00:00,118,82,36,FMN 17 Stenenbrug
664,Stenenbrug 70,2023-03-31,15:00:00,182,117,65,FMN 17 Stenenbrug
664,Stenenbrug 70,2023-03-31,16:00:00,253,162,91,FMN 17 Stenenbrug
664,Stenenbrug 70,2023-03-31,17:00:00,205,130,75,FMN 17 Stenenbrug
664,Stenenbrug 70,2023-03-31,18:00:00,149,109,40,FMN 17 Stenenbrug
664,Stenenbrug 70,2023-03-31,19:00:00,131,101,30,FMN 17 Stenenbrug
664,Stenenbrug 70,2023-03-31,20:00:00,96,74,22,FMN 17 Stenenbrug
664,Stenenbrug 70,2023-03-31,21:00:00,69,55,14,FMN 17 Stenenbrug
664,Stenenbrug 70,2023-03-31,22:00:00,72,54,18,FMN 17 Stenenbrug
664,Stenenbrug 70,2023-03-31,23:00:00,34,24,10,FMN 17 Stenenbrug
664,Stenenbrug 70,2023-04-01,00:00:00,28,19,9,FMN 17 Stenenbrug
664,Stenenbrug 70,2023-04-01,01:00:00,18,11,7,FMN 17 Stenenbrug
664,Stenenbrug 70,2023-04-01,02:00:00,9,8,1,FMN 17 Stenenbrug
664,Stenenbrug 70,2023-04-01,03:00:00,8,6,2,FMN 17 Stenenbrug
664,Stenenbrug 70,2023-04-01,04:00:00,5,5,0,FMN 17 Stenenbrug
664,Stenenbrug 70,2023-04-01,05:00:00,17,9,8,FMN 17 Stenenbrug
664,Stenenbrug 70,2023-04-01,06:00:00,15,11,4,FMN 17 Stenenbrug
664,Stenenbrug 70,2023-04-01,07:00:00,20,16,4,FMN 17 Stenenbrug
664,Stenenbrug 70,2023-04-01,08:00:00,18,11,7,FMN 17 Stenenbrug
664,Stenenbrug 70,2023-04-01,09:00:00,55,36,19,FMN 17 Stenenbrug
664,Stenenbrug 70,2023-04-01,10:00:00,79,51,28,FMN 17 Stenenbrug
664,Stenenbrug 70,2023-04-01,11:00:00,93,63,30,FMN 17 Stenenbrug
664,Stenenbrug 70,2023-04-01,12:00:00,96,76,20,FMN 17 Stenenbrug
664,Stenenbrug 70,2023-04-01,13:00:00,104,83,21,FMN 17 Stenenbrug
664,Stenenbrug 70,2023-04-01,14:00:00,88,69,19,FMN 17 Stenenbrug
664,Stenenbrug 70,2023-04-01,15:00:00,85,65,20,FMN 17 Stenenbrug
664,Stenenbrug 70,2023-04-01,16:00:00,107,76,31,FMN 17 Stenenbrug
664,Stenenbrug 70,2023-04-01,17:00:00,99,79,20,FMN 17 Stenenbrug
664,Stenenbrug 70,2023-04-01,18:00:00,86,74,12,FMN 17 Stenenbrug
664,Stenenbrug 70,2023-04-01,19:00:00,84,68,16,FMN 17 Stenenbrug
664,Stenenbrug 70,2023-04-01,20:00:00,64,50,14,FMN 17 Stenenbrug
664,Stenenbrug 70,2023-04-01,21:00:00,49,38,11,FMN 17 Stenenbrug
664,Stenenbrug 70,2023-04-01,22:00:00,36,23,13,FMN 17 Stenenbrug
664,Stenenbrug 70,2023-04-01,23:00:00,40,31,9,FMN 17 Stenenbrug
664,Stenenbrug 70,2023-04-02,00:00:00,46,28,18,FMN 17 Stenenbrug
664,Stenenbrug 70,2023-04-02,01:00:00,35,25,10,FMN 17 Stenenbrug
664,Stenenbrug 70,2023-04-02,02:00:00,20,11,9,FMN 17 Stenenbrug
664,Stenenbrug 70,2023-04-02,03:00:00,14,11,3,FMN 17 Stenenbrug
664,Stenenbrug 70,2023-04-02,04:00:00,5,2,3,FMN 17 Stenenbrug
664,Stenenbrug 70,2023-04-02,05:00:00,13,12,1,FMN 17 Stenenbrug
664,Stenenbrug 70,2023-04-02,06:00:00,17,9,8,FMN 17 Stenenbrug
664,Stenenbrug 70,2023-04-02,07:00:00,24,12,12,FMN 17 Stenenbrug
664,Stenenbrug 70,2023-04-02,08:00:00,46,26,20,FMN 17 Stenenbrug
664,Stenenbrug 70,2023-04-02,09:00:00,67,50,17,FMN 17 Stenenbrug
664,Stenenbrug 70,2023-04-02,10:00:00,72,56,16,FMN 17 Stenenbrug
664,Stenenbrug 70,2023-04-02,11:00:00,102,78,24,FMN 17 Stenenbrug
664,Stenenbrug 70,2023-04-02,12:00:00,148,117,31,FMN 17 Stenenbrug
664,Stenenbrug 70,2023-04-02,13:00:00,126,96,30,FMN 17 Stenenbrug
664,Stenenbrug 70,2023-04-02,14:00:00,138,97,41,FMN 17 Stenenbrug
664,Stenenbrug 70,2023-04-02,15:00:00,113,79,34,FMN 17 Stenenbrug
664,Stenenbrug 70,2023-04-02,16:00:00,122,98,24,FMN 17 Stenenbrug
664,Stenenbrug 70,2023-04-02,17:00:00,109,81,28,FMN 17 Stenenbrug
664,Stenenbrug 70,2023-04-02,18:00:00,115,96,19,FMN 17 Stenenbrug
664,Stenenbrug 70,2023-04-02,19:00:00,107,74,33,FMN 17 Stenenbrug
664,Stenenbrug 70,2023-04-02,20:00:00,84,59,25,FMN 17 Stenenbrug
664,Stenenbrug 70,2023-04-02,21:00:00,65,47,18,FMN 17 Stenenbrug
664,Stenenbrug 70,2023-04-02,22:00:00,56,36,20,FMN 17 Stenenbrug
664,Stenenbrug 70,2023-04-02,23:00:00,26,15,11,FMN 17 Stenenbrug
664,Stenenbrug 70,2023-04-03,00:00:00,14,11,3,FMN 17 Stenenbrug
664,Stenenbrug 70,2023-04-03,01:00:00,6,6,0,FMN 17 Stenenbrug
664,Stenenbrug 70,2023-04-03,02:00:00,2,1,1,FMN 17 Stenenbrug
664,Stenenbrug 70,2023-04-03,03:00:00,7,6,1,FMN 17 Stenenbrug
664,Stenenbrug 70,2023-04-03,04:00:00,18,15,3,FMN 17 Stenenbrug
664,Stenenbrug 70,2023-04-03,05:00:00,29,21,8,FMN 17 Stenenbrug
664,Stenenbrug 70,2023-04-03,06:00:00,60,46,14,FMN 17 Stenenbrug
664,Stenenbrug 70,2023-04-03,07:00:00,209,166,43,FMN 17 Stenenbrug
664,Stenenbrug 70,2023-04-03,08:00:00,329,249,80,FMN 17 Stenenbrug
664,Stenenbrug 70,2023-04-03,09:00:00,115,91,24,FMN 17 Stenenbrug
664,Stenenbrug 70,2023-04-03,10:00:00,77,60,17,FMN 17 Stenenbrug
664,Stenenbrug 70,2023-04-03,11:00:00,81,57,24,FMN 17 Stenenbrug
664,Stenenbrug 70,2023-04-03,12:00:00,139,105,34,FMN 17 Stenenbrug
664,Stenenbrug 70,2023-04-03,13:00:00,129,91,38,FMN 17 Stenenbrug
664,Stenenbrug 70,2023-04-03,14:00:00,132,87,45,FMN 17 Stenenbrug
664,Stenenbrug 70,2023-04-03,15:00:00,185,114,71,FMN 17 Stenenbrug
664,Stenenbrug 70,2023-04-03,16:00:00,314,205,109,FMN 17 Stenenbrug
664,Stenenbrug 70,2023-04-03,17:00:00,254,162,92,FMN 17 Stenenbrug
664,Stenenbrug 70,2023-04-03,18:00:00,199,131,68,FMN 17 Stenenbrug
664,Stenenbrug 70,2023-04-03,19:00:00,130,98,32,FMN 17 Stenenbrug
664,Stenenbrug 70,2023-04-03,20:00:00,102,71,31,FMN 17 Stenenbrug
664,Stenenbrug 70,2023-04-03,21:00:00,64,46,18,FMN 17 Stenenbrug
664,Stenenbrug 70,2023-04-03,22:00:00,55,38,17,FMN 17 Stenenbrug
664,Stenenbrug 70,2023-04-03,23:00:00,26,17,9,FMN 17 Stenenbrug
664,Stenenbrug 70,2023-04-04,00:00:00,12,9,3,FMN 17 Stenenbrug
664,Stenenbrug 70,2023-04-04,01:00:00,3,2,1,FMN 17 Stenenbrug
664,Stenenbrug 70,2023-04-04,02:00:00,2,0,2,FMN 17 Stenenbrug
664,Stenenbrug 70,2023-04-04,03:00:00,5,3,2,FMN 17 Stenenbrug
664,Stenenbrug 70,2023-04-04,04:00:00,19,18,1,FMN 17 Stenenbrug
664,Stenenbrug 70,2023-04-04,05:00:00,42,37,5,FMN 17 Stenenbrug
664,Stenenbrug 70,2023-04-04,06:00:00,80,59,21,FMN 17 Stenenbrug
664,Stenenbrug 70,2023-04-04,07:00:00,233,180,53,FMN 17 Stenenbrug
664,Stenenbrug 70,2023-04-04,08:00:00,352,264,88,FMN 17 Stenenbrug
664,Stenenbrug 70,2023-04-04,09:00:00,125,104,21,FMN 17 Stenenbrug
664,Stenenbrug 70,2023-04-04,10:00:00,102,78,24,FMN 17 Stenenbrug
664,Stenenbrug 70,2023-04-04,11:00:00,93,70,23,FMN 17 Stenenbrug
664,Stenenbrug 70,2023-04-04,12:00:00,140,110,30,FMN 17 Stenenbrug
664,Stenenbrug 70,2023-04-04,13:00:00,141,91,50,FMN 17 Stenenbrug
664,Stenenbrug 70,2023-04-04,14:00:00,129,89,40,FMN 17 Stenenbrug
664,Stenenbrug 70,2023-04-04,15:00:00,193,114,79,FMN 17 Stenenbrug
664,Stenenbrug 70,2023-04-04,16:00:00,331,212,119,FMN 17 Stenenbrug
664,Stenenbrug 70,2023-04-04,17:00:00,282,173,109,FMN 17 Stenenbrug
664,Stenenbrug 70,2023-04-04,18:00:00,203,137,66,FMN 17 Stenenbrug
664,Stenenbrug 70,2023-04-04,19:00:00,154,113,41,FMN 17 Stenenbrug
664,Stenenbrug 70,2023-04-04,20:00:00,84,66,18,FMN 17 Stenenbrug
664,Stenenbrug 70,2023-04-04,21:00:00,78,49,29,FMN 17 Stenenbrug
664,Stenenbrug 70,2023-04-04,22:00:00,59,42,17,FMN 17 Stenenbrug
664,Stenenbrug 70,2023-04-04,23:00:00,33,17,16,FMN 17 Stenenbrug
664,Stenenbrug 70,2023-04-05,00:00:00,18,8,10,FMN 17 Stenenbrug
664,Stenenbrug 70,2023-04-05,01:00:00,6,4,2,FMN 17 Stenenbrug
664,Stenenbrug 70,2023-04-05,02:00:00,8,5,3,FMN 17 Stenenbrug
664,Stenenbrug 70,2023-04-05,03:00:00,6,4,2,FMN 17 Stenenbrug
664,Stenenbrug 70,2023-04-05,04:00:00,19,18,1,FMN 17 Stenenbrug
664,Stenenbrug 70,2023-04-05,05:00:00,52,40,12,FMN 17 Stenenbrug
664,Stenenbrug 70,2023-04-05,06:00:00,84,63,21,FMN 17 Stenenbrug
664,Stenenbrug 70,2023-04-05,07:00:00,190,157,33,FMN 17 Stenenbrug
664,Stenenbrug 70,2023-04-05,08:00:00,322,244,78,FMN 17 Stenenbrug
664,Stenenbrug 70,2023-04-05,09:00:00,119,92,27,FMN 17 Stenenbrug
664,Stenenbrug 70,2023-04-05,10:00:00,100,78,22,FMN 17 Stenenbrug
664,Stenenbrug 70,2023-04-05,11:00:00,107,76,31,FMN 17 Stenenbrug
664,Stenenbrug 70,2023-04-05,12:00:00,262,179,83,FMN 17 Stenenbrug
664,Stenenbrug 70,2023-04-05,13:00:00,195,126,69,FMN 17 Stenenbrug
664,Stenenbrug 70,2023-04-05,14:00:00,152,110,42,FMN 17 Stenenbrug
664,Stenenbrug 70,2023-04-05,15:00:00,173,116,57,FMN 17 Stenenbrug
664,Stenenbrug 70,2023-04-05,16:00:00,231,136,95,FMN 17 Stenenbrug
664,Stenenbrug 70,2023-04-05,17:00:00,264,161,103,FMN 17 Stenenbrug
664,Stenenbrug 70,2023-04-05,18:00:00,190,128,62,FMN 17 Stenenbrug
664,Stenenbrug 70,2023-04-05,19:00:00,145,94,51,FMN 17 Stenenbrug
664,Stenenbrug 70,2023-04-05,20:00:00,96,78,18,FMN 17 Stenenbrug
664,Stenenbrug 70,2023-04-05,21:00:00,67,47,20,FMN 17 Stenenbrug
664,Stenenbrug 70,2023-04-05,22:00:00,74,60,14,FMN 17 Stenenbrug
664,Stenenbrug 70,2023-04-05,23:00:00,41,27,14,FMN 17 Stenenbrug
664,Stenenbrug 70,2023-04-06,00:00:00,10,6,4,FMN 17 Stenenbrug
664,Stenenbrug 70,2023-04-06,01:00:00,0,0,0,FMN 17 Stenenbrug
664,Stenenbrug 70,2023-04-06,02:00:00,1,0,1,FMN 17 Stenenbrug
664,Stenenbrug 70,2023-04-06,03:00:00,1,0,1,FMN 17 Stenenbrug
664,Stenenbrug 70,2023-04-06,04:00:00,14,13,1,FMN 17 Stenenbrug
664,Stenenbrug 70,2023-04-06,05:00:00,33,28,5,FMN 17 Stenenbrug
664,Stenenbrug 70,2023-04-06,06:00:00,56,40,16,FMN 17 Stenenbrug
664,Stenenbrug 70,2023-04-06,07:00:00,149,112,37,FMN 17 Stenenbrug
664,Stenenbrug 70,2023-04-06,08:00:00,259,190,69,FMN 17 Stenenbrug
664,Stenenbrug 70,2023-04-06,09:00:00,96,76,20,FMN 17 Stenenbrug
664,Stenenbrug 70,2023-04-06,10:00:00,61,43,18,FMN 17 Stenenbrug
664,Stenenbrug 70,2023-04-06,11:00:00,60,47,13,FMN 17 Stenenbrug
664,Stenenbrug 70,2023-04-06,12:00:00,97,76,21,FMN 17 Stenenbrug
664,Stenenbrug 70,2023-04-06,13:00:00,78,56,22,FMN 17 Stenenbrug
664,Stenenbrug 70,2023-04-06,14:00:00,68,47,21,FMN 17 Stenenbrug
664,Stenenbrug 70,2023-04-06,15:00:00,127,84,43,FMN 17 Stenenbrug
664,Stenenbrug 70,2023-04-06,16:00:00,220,148,72,FMN 17 Stenenbrug
664,Stenenbrug 70,2023-04-06,17:00:00,192,122,70,FMN 17 Stenenbrug
664,Stenenbrug 70,2023-04-06,18:00:00,150,118,32,FMN 17 Stenenbrug
664,Stenenbrug 70,2023-04-06,19:00:00,132,99,33,FMN 17 Stenenbrug
664,Stenenbrug 70,2023-04-06,20:00:00,74,58,16,FMN 17 Stenenbrug
664,Stenenbrug 70,2023-04-06,21:00:00,59,45,14,FMN 17 Stenenbrug
664,Stenenbrug 70,2023-04-06,22:00:00,47,33,14,FMN 17 Stenenbrug
664,Stenenbrug 70,2023-04-06,23:00:00,21,12,9,FMN 17 Stenenbrug
664,Stenenbrug 70,2023-04-07,00:00:00,28,19,9,FMN 17 Stenenbrug
664,Stenenbrug 70,2023-04-07,01:00:00,10,3,7,FMN 17 Stenenbrug
664,Stenenbrug 70,2023-04-07,02:00:00,6,2,4,FMN 17 Stenenbrug
664,Stenenbrug 70,2023-04-07,03:00:00,4,4,0,FMN 17 Stenenbrug
664,Stenenbrug 70,2023-04-07,04:00:00,15,14,1,FMN 17 Stenenbrug
664,Stenenbrug 70,2023-04-07,05:00:00,28,19,9,FMN 17 Stenenbrug
664,Stenenbrug 70,2023-04-07,06:00:00,48,34,14,FMN 17 Stenenbrug
664,Stenenbrug 70,2023-04-07,07:00:00,154,128,26,FMN 17 Stenenbrug
664,Stenenbrug 70,2023-04-07,08:00:00,251,176,75,FMN 17 Stenenbrug
664,Stenenbrug 70,2023-04-07,09:00:00,92,74,18,FMN 17 Stenenbrug
664,Stenenbrug 70,2023-04-07,10:00:00,79,58,21,FMN 17 Stenenbrug
664,Stenenbrug 70,2023-04-07,11:00:00,75,61,14,FMN 17 Stenenbrug
664,Stenenbrug 70,2023-04-07,12:00:00,125,99,26,FMN 17 Stenenbrug
664,Stenenbrug 70,2023-04-07,13:00:00,108,72,36,FMN 17 Stenenbrug
664,Stenenbrug 70,2023-04-07,14:00:00,117,79,38,FMN 17 Stenenbrug
664,Stenenbrug 70,2023-04-07,15:00:00,171,102,69,FMN 17 Stenenbrug
664,Stenenbrug 70,2023-04-07,16:00:00,224,151,73,FMN 17 Stenenbrug
664,Stenenbrug 70,2023-04-07,17:00:00,191,126,65,FMN 17 Stenenbrug
664,Stenenbrug 70,2023-04-07,18:00:00,153,109,44,FMN 17 Stenenbrug
664,Stenenbrug 70,2023-04-07,19:00:00,151,109,42,FMN 17 Stenenbrug
664,Stenenbrug 70,2023-04-07,20:00:00,88,67,21,FMN 17 Stenenbrug
664,Stenenbrug 70,2023-04-07,21:00:00,67,54,13,FMN 17 Stenenbrug
664,Stenenbrug 70,2023-04-07,22:00:00,61,42,19,FMN 17 Stenenbrug
664,Stenenbrug 70,2023-04-07,23:00:00,47,32,15,FMN 17 Stenenbrug
664,Stenenbrug 70,2023-04-08,00:00:00,49,34,15,FMN 17 Stenenbrug
664,Stenenbrug 70,2023-04-08,01:00:00,26,19,7,FMN 17 Stenenbrug
664,Stenenbrug 70,2023-04-08,02:00:00,15,11,4,FMN 17 Stenenbrug
664,Stenenbrug 70,2023-04-08,03:00:00,14,10,4,FMN 17 Stenenbrug
664,Stenenbrug 70,2023-04-08,04:00:00,12,7,5,FMN 17 Stenenbrug
664,Stenenbrug 70,2023-04-08,05:00:00,10,7,3,FMN 17 Stenenbrug
664,Stenenbrug 70,2023-04-08,06:00:00,29,18,11,FMN 17 Stenenbrug
664,Stenenbrug 70,2023-04-08,07:00:00,24,18,6,FMN 17 Stenenbrug
664,Stenenbrug 70,2023-04-08,08:00:00,51,34,17,FMN 17 Stenenbrug
664,Stenenbrug 70,2023-04-08,09:00:00,92,66,26,FMN 17 Stenenbrug
664,Stenenbrug 70,2023-04-08,10:00:00,135,85,50,FMN 17 Stenenbrug
664,Stenenbrug 70,2023-04-08,11:00:00,137,99,38,FMN 17 Stenenbrug
664,Stenenbrug 70,2023-04-08,12:00:00,154,122,32,FMN 17 Stenenbrug
664,Stenenbrug 70,2023-04-08,13:00:00,173,130,43,FMN 17 Stenenbrug
664,Stenenbrug 70,2023-04-08,14:00:00,162,112,50,FMN 17 Stenenbrug
664,Stenenbrug 70,2023-04-08,15:00:00,147,111,36,FMN 17 Stenenbrug
664,Stenenbrug 70,2023-04-08,16:00:00,155,110,45,FMN 17 Stenenbrug
664,Stenenbrug 70,2023-04-08,17:00:00,153,117,36,FMN 17 Stenenbrug
664,Stenenbrug 70,2023-04-08,18:00:00,153,106,47,FMN 17 Stenenbrug
664,Stenenbrug 70,2023-04-08,19:00:00,121,90,31,FMN 17 Stenenbrug
664,Stenenbrug 70,2023-04-08,20:00:00,100,76,24,FMN 17 Stenenbrug
664,Stenenbrug 70,2023-04-08,21:00:00,67,49,18,FMN 17 Stenenbrug
664,Stenenbrug 70,2023-04-08,22:00:00,56,36,20,FMN 17 Stenenbrug
664,Stenenbrug 70,2023-04-08,23:00:00,54,34,20,FMN 17 Stenenbrug
664,Stenenbrug 70,2023-04-09,00:00:00,61,38,23,FMN 17 Stenenbrug
664,Stenenbrug 70,2023-04-09,01:00:00,37,23,14,FMN 17 Stenenbrug
664,Stenenbrug 70,2023-04-09,02:00:00,24,15,9,FMN 17 Stenenbrug
664,Stenenbrug 70,2023-04-09,03:00:00,18,12,6,FMN 17 Stenenbrug
664,Stenenbrug 70,2023-04-09,04:00:00,12,5,7,FMN 17 Stenenbrug
664,Stenenbrug 70,2023-04-09,05:00:00,21,12,9,FMN 17 Stenenbrug
664,Stenenbrug 70,2023-04-09,06:00:00,21,16,5,FMN 17 Stenenbrug
664,Stenenbrug 70,2023-04-09,07:00:00,21,13,8,FMN 17 Stenenbrug
664,Stenenbrug 70,2023-04-09,08:00:00,54,28,26,FMN 17 Stenenbrug
664,Stenenbrug 70,2023-04-09,09:00:00,80,62,18,FMN 17 Stenenbrug
664,Stenenbrug 70,2023-04-09,10:00:00,88,59,29,FMN 17 Stenenbrug
664,Stenenbrug 70,2023-04-09,11:00:00,130,88,42,FMN 17 Stenenbrug
664,Stenenbrug 70,2023-04-09,12:00:00,181,145,36,FMN 17 Stenenbrug
664,Stenenbrug 70,2023-04-09,13:00:00,161,119,42,FMN 17 Stenenbrug
664,Stenenbrug 70,2023-04-09,14:00:00,168,121,47,FMN 17 Stenenbrug
664,Stenenbrug 70,2023-04-09,15:00:00,135,98,37,FMN 17 Stenenbrug
664,Stenenbrug 70,2023-04-09,16:00:00,160,119,41,FMN 17 Stenenbrug
664,Stenenbrug 70,2023-04-09,17:00:00,147,111,36,FMN 17 Stenenbrug
664,Stenenbrug 70,2023-04-09,18:00:00,123,96,27,FMN 17 Stenenbrug
664,Stenenbrug 70,2023-04-09,19:00:00,129,96,33,FMN 17 Stenenbrug
664,Stenenbrug 70,2023-04-09,20:00:00,97,64,33,FMN 17 Stenenbrug
664,Stenenbrug 70,2023-04-09,21:00:00,68,46,22,FMN 17 Stenenbrug
664,Stenenbrug 70,2023-04-09,22:00:00,61,37,24,FMN 17 Stenenbrug
664,Stenenbrug 70,2023-04-09,23:00:00,33,19,14,FMN 17 Stenenbrug
664,Stenenbrug 70,2023-04-10,00:00:00,6,3,3,FMN 17 Stenenbrug
664,Stenenbrug 70,2023-04-10,01:00:00,3,0,3,FMN 17 Stenenbrug
664,Stenenbrug 70,2023-04-10,02:00:00,2,2,0,FMN 17 Stenenbrug
664,Stenenbrug 70,2023-04-10,03:00:00,1,1,0,FMN 17 Stenenbrug
664,Stenenbrug 70,2023-04-10,04:00:00,12,11,1,FMN 17 Stenenbrug
664,Stenenbrug 70,2023-04-10,05:00:00,15,12,3,FMN 17 Stenenbrug
664,Stenenbrug 70,2023-04-10,06:00:00,43,38,5,FMN 17 Stenenbrug
664,Stenenbrug 70,2023-04-10,07:00:00,106,89,17,FMN 17 Stenenbrug
664,Stenenbrug 70,2023-04-10,08:00:00,179,133,46,FMN 17 Stenenbrug
664,Stenenbrug 70,2023-04-10,09:00:00,54,47,7,FMN 17 Stenenbrug
664,Stenenbrug 70,2023-04-10,10:00:00,60,47,13,FMN 17 Stenenbrug
664,Stenenbrug 70,2023-04-10,11:00:00,39,30,9,FMN 17 Stenenbrug
664,Stenenbrug 70,2023-04-10,12:00:00,80,62,18,FMN 17 Stenenbrug
664,Stenenbrug 70,2023-04-10,13:00:00,68,49,19,FMN 17 Stenenbrug
664,Stenenbrug 70,2023-04-10,14:00:00,60,42,18,FMN 17 Stenenbrug
664,Stenenbrug 70,2023-04-10,15:00:00,105,65,40,FMN 17 Stenenbrug
664,Stenenbrug 70,2023-04-10,16:00:00,144,102,42,FMN 17 Stenenbrug
664,Stenenbrug 70,2023-04-10,17:00:00,148,104,44,FMN 17 Stenenbrug
664,Stenenbrug 70,2023-04-10,18:00:00,90,67,23,FMN 17 Stenenbrug
664,Stenenbrug 70,2023-04-10,19:00:00,61,47,14,FMN 17 Stenenbrug
664,Stenenbrug 70,2023-04-10,20:00:00,48,37,11,FMN 17 Stenenbrug
664,Stenenbrug 70,2023-04-10,21:00:00,35,28,7,FMN 17 Stenenbrug
664,Stenenbrug 70,2023-04-10,22:00:00,33,23,10,FMN 17 Stenenbrug
664,Stenenbrug 70,2023-04-10,23:00:00,12,9,3,FMN 17 Stenenbrug
664,Stenenbrug 70,2023-04-11,00:00:00,15,9,6,FMN 17 Stenenbrug
664,Stenenbrug 70,2023-04-11,01:00:00,4,3,1,FMN 17 Stenenbrug
664,Stenenbrug 70,2023-04-11,02:00:00,2,2,0,FMN 17 Stenenbrug
664,Stenenbrug 70,2023-04-11,03:00:00,3,2,1,FMN 17 Stenenbrug
664,Stenenbrug 70,2023-04-11,04:00:00,18,17,1,FMN 17 Stenenbrug
664,Stenenbrug 70,2023-04-11,05:00:00,39,28,11,FMN 17 Stenenbrug
664,Stenenbrug 70,2023-04-11,06:00:00,73,57,16,FMN 17 Stenenbrug
664,Stenenbrug 70,2023-04-11,07:00:00,200,169,31,FMN 17 Stenenbrug
664,Stenenbrug 70,2023-04-11,08:00:00,323,247,76,FMN 17 Stenenbrug
664,Stenenbrug 70,2023-04-11,09:00:00,117,91,26,FMN 17 Stenenbrug
664,Stenenbrug 70,2023-04-11,10:00:00,87,71,16,FMN 17 Stenenbrug
664,Stenenbrug 70,2023-04-11,11:00:00,77,58,19,FMN 17 Stenenbrug
664,Stenenbrug 70,2023-04-11,12:00:00,137,107,30,FMN 17 Stenenbrug
664,Stenenbrug 70,2023-04-11,13:00:00,119,77,42,FMN 17 Stenenbrug
664,Stenenbrug 70,2023-04-11,14:00:00,121,81,40,FMN 17 Stenenbrug
664,Stenenbrug 70,2023-04-11,15:00:00,194,118,76,FMN 17 Stenenbrug
664,Stenenbrug 70,2023-04-11,16:00:00,297,190,107,FMN 17 Stenenbrug
664,Stenenbrug 70,2023-04-11,17:00:00,253,162,91,FMN 17 Stenenbrug
664,Stenenbrug 70,2023-04-11,18:00:00,191,127,64,FMN 17 Stenenbrug
664,Stenenbrug 70,2023-04-11,19:00:00,140,100,40,FMN 17 Stenenbrug
664,Stenenbrug 70,2023-04-11,20:00:00,87,62,25,FMN 17 Stenenbrug
664,Stenenbrug 70,2023-04-11,21:00:00,71,50,21,FMN 17 Stenenbrug
664,Stenenbrug 70,2023-04-11,22:00:00,63,46,17,FMN 17 Stenenbrug
664,Stenenbrug 70,2023-04-11,23:00:00,32,13,19,FMN 17 Stenenbrug
664,Stenenbrug 70,2023-04-12,00:00:00,6,3,3,FMN 17 Stenenbrug
664,Stenenbrug 70,2023-04-12,01:00:00,4,2,2,FMN 17 Stenenbrug
664,Stenenbrug 70,2023-04-12,02:00:00,5,3,2,FMN 17 Stenenbrug
664,Stenenbrug 70,2023-04-12,03:00:00,3,1,2,FMN 17 Stenenbrug
664,Stenenbrug 70,2023-04-12,04:00:00,14,12,2,FMN 17 Stenenbrug
664,Stenenbrug 70,2023-04-12,05:00:00,27,19,8,FMN 17 Stenenbrug
664,Stenenbrug 70,2023-04-12,06:00:00,62,45,17,FMN 17 Stenenbrug
664,Stenenbrug 70,2023-04-12,07:00:00,151,119,32,FMN 17 Stenenbrug
664,Stenenbrug 70,2023-04-12,08:00:00,237,186,51,FMN 17 Stenenbrug
664,Stenenbrug 70,2023-04-12,09:00:00,79,64,15,FMN 17 Stenenbrug
664,Stenenbrug 70,2023-04-12,10:00:00,71,56,15,FMN 17 Stenenbrug
664,Stenenbrug 70,2023-04-12,11:00:00,77,59,18,FMN 17 Stenenbrug
664,Stenenbrug 70,2023-04-12,12:00:00,186,139,47,FMN 17 Stenenbrug
664,Stenenbrug 70,2023-04-12,13:00:00,124,84,40,FMN 17 Stenenbrug
664,Stenenbrug 70,2023-04-12,14:00:00,106,75,31,FMN 17 Stenenbrug
664,Stenenbrug 70,2023-04-12,15:00:00,133,83,50,FMN 17 Stenenbrug
664,Stenenbrug 70,2023-04-12,16:00:00,188,122,66,FMN 17 Stenenbrug
664,Stenenbrug 70,2023-04-12,17:00:00,184,123,61,FMN 17 Stenenbrug
664,Stenenbrug 70,2023-04-12,18:00:00,151,102,49,FMN 17 Stenenbrug
664,Stenenbrug 70,2023-04-12,19:00:00,109,76,33,FMN 17 Stenenbrug
664,Stenenbrug 70,2023-04-12,20:00:00,54,40,14,FMN 17 Stenenbrug
664,Stenenbrug 70,2023-04-12,21:00:00,45,38,7,FMN 17 Stenenbrug
664,Stenenbrug 70,2023-04-12,22:00:00,53,35,18,FMN 17 Stenenbrug
664,Stenenbrug 70,2023-04-12,23:00:00,28,20,8,FMN 17 Stenenbrug
664,Stenenbrug 70,2023-04-13,00:00:00,16,9,7,FMN 17 Stenenbrug
664,Stenenbrug 70,2023-04-13,01:00:00,5,3,2,FMN 17 Stenenbrug
664,Stenenbrug 70,2023-04-13,02:00:00,6,2,4,FMN 17 Stenenbrug
664,Stenenbrug 70,2023-04-13,03:00:00,3,2,1,FMN 17 Stenenbrug
664,Stenenbrug 70,2023-04-13,04:00:00,25,20,5,FMN 17 Stenenbrug
664,Stenenbrug 70,2023-04-13,05:00:00,35,24,11,FMN 17 Stenenbrug
664,Stenenbrug 70,2023-04-13,06:00:00,64,48,16,FMN 17 Stenenbrug
664,Stenenbrug 70,2023-04-13,07:00:00,194,153,41,FMN 17 Stenenbrug
664,Stenenbrug 70,2023-04-13,08:00:00,317,238,79,FMN 17 Stenenbrug
664,Stenenbrug 70,2023-04-13,09:00:00,114,93,21,FMN 17 Stenenbrug
664,Stenenbrug 70,2023-04-13,10:00:00,85,64,21,FMN 17 Stenenbrug
664,Stenenbrug 70,2023-04-13,11:00:00,85,64,21,FMN 17 Stenenbrug
664,Stenenbrug 70,2023-04-13,12:00:00,140,110,30,FMN 17 Stenenbrug
664,Stenenbrug 70,2023-04-13,13:00:00,121,88,33,FMN 17 Stenenbrug
664,Stenenbrug 70,2023-04-13,14:00:00,106,73,33,FMN 17 Stenenbrug
664,Stenenbrug 70,2023-04-13,15:00:00,170,109,61,FMN 17 Stenenbrug
664,Stenenbrug 70,2023-04-13,16:00:00,291,189,102,FMN 17 Stenenbrug
664,Stenenbrug 70,2023-04-13,17:00:00,252,145,107,FMN 17 Stenenbrug
664,Stenenbrug 70,2023-04-13,18:00:00,199,138,61,FMN 17 Stenenbrug
664,Stenenbrug 70,2023-04-13,19:00:00,161,122,39,FMN 17 Stenenbrug
664,Stenenbrug 70,2023-04-13,20:00:00,107,80,27,FMN 17 Stenenbrug
664,Stenenbrug 70,2023-04-13,21:00:00,77,54,23,FMN 17 Stenenbrug
664,Stenenbrug 70,2023-04-13,22:00:00,60,40,20,FMN 17 Stenenbrug
664,Stenenbrug 70,2023-04-13,23:00:00,29,13,16,FMN 17 Stenenbrug
664,Stenenbrug 70,2023-04-14,00:00:00,31,18,13,FMN 17 Stenenbrug
664,Stenenbrug 70,2023-04-14,01:00:00,7,3,4,FMN 17 Stenenbrug
664,Stenenbrug 70,2023-04-14,02:00:00,5,3,2,FMN 17 Stenenbrug
664,Stenenbrug 70,2023-04-14,03:00:00,8,7,1,FMN 17 Stenenbrug
664,Stenenbrug 70,2023-04-14,04:00:00,13,12,1,FMN 17 Stenenbrug
664,Stenenbrug 70,2023-04-14,05:00:00,31,22,9,FMN 17 Stenenbrug
664,Stenenbrug 70,2023-04-14,06:00:00,86,60,26,FMN 17 Stenenbrug
664,Stenenbrug 70,2023-04-14,07:00:00,177,144,33,FMN 17 Stenenbrug
664,Stenenbrug 70,2023-04-14,08:00:00,297,200,97,FMN 17 Stenenbrug
664,Stenenbrug 70,2023-04-14,09:00:00,106,84,22,FMN 17 Stenenbrug
664,Stenenbrug 70,2023-04-14,10:00:00,89,67,22,FMN 17 Stenenbrug
664,Stenenbrug 70,2023-04-14,11:00:00,103,80,23,FMN 17 Stenenbrug
664,Stenenbrug 70,2023-04-14,12:00:00,162,127,35,FMN 17 Stenenbrug
664,Stenenbrug 70,2023-04-14,13:00:00,121,84,37,FMN 17 Stenenbrug
664,Stenenbrug 70,2023-04-14,14:00:00,135,88,47,FMN 17 Stenenbrug
664,Stenenbrug 70,2023-04-14,15:00:00,211,129,82,FMN 17 Stenenbrug
664,Stenenbrug 70,2023-04-14,16:00:00,276,181,95,FMN 17 Stenenbrug
664,Stenenbrug 70,2023-04-14,17:00:00,236,149,87,FMN 17 Stenenbrug
664,Stenenbrug 70,2023-04-14,18:00:00,192,133,59,FMN 17 Stenenbrug
664,Stenenbrug 70,2023-04-14,19:00:00,155,121,34,FMN 17 Stenenbrug
664,Stenenbrug 70,2023-04-14,20:00:00,104,81,23,FMN 17 Stenenbrug
664,Stenenbrug 70,2023-04-14,21:00:00,105,78,27,FMN 17 Stenenbrug
664,Stenenbrug 70,2023-04-14,22:00:00,71,47,24,FMN 17 Stenenbrug
664,Stenenbrug 70,2023-04-14,23:00:00,60,36,24,FMN 17 Stenenbrug
664,Stenenbrug 70,2023-04-15,00:00:00,48,26,22,FMN 17 Stenenbrug
664,Stenenbrug 70,2023-04-15,01:00:00,38,25,13,FMN 17 Stenenbrug
664,Stenenbrug 70,2023-04-15,02:00:00,22,12,10,FMN 17 Stenenbrug
664,Stenenbrug 70,2023-04-15,03:00:00,18,11,7,FMN 17 Stenenbrug
664,Stenenbrug 70,2023-04-15,04:00:00,8,5,3,FMN 17 Stenenbrug
664,Stenenbrug 70,2023-04-15,05:00:00,24,16,8,FMN 17 Stenenbrug
664,Stenenbrug 70,2023-04-15,06:00:00,30,18,12,FMN 17 Stenenbrug
664,Stenenbrug 70,2023-04-15,07:00:00,30,22,8,FMN 17 Stenenbrug
664,Stenenbrug 70,2023-04-15,08:00:00,47,35,12,FMN 17 Stenenbrug
664,Stenenbrug 70,2023-04-15,09:00:00,117,75,42,FMN 17 Stenenbrug
664,Stenenbrug 70,2023-04-15,10:00:00,165,107,58,FMN 17 Stenenbrug
664,Stenenbrug 70,2023-04-15,11:00:00,182,123,59,FMN 17 Stenenbrug
664,Stenenbrug 70,2023-04-15,12:00:00,202,149,53,FMN 17 Stenenbrug
664,Stenenbrug 70,2023-04-15,13:00:00,189,142,47,FMN 17 Stenenbrug
664,Stenenbrug 70,2023-04-15,14:00:00,181,128,53,FMN 17 Stenenbrug
664,Stenenbrug 70,2023-04-15,15:00:00,171,127,44,FMN 17 Stenenbrug
664,Stenenbrug 70,2023-04-15,16:00:00,183,123,60,FMN 17 Stenenbrug
664,Stenenbrug 70,2023-04-15,17:00:00,193,140,53,FMN 17 Stenenbrug
664,Stenenbrug 70,2023-04-15,18:00:00,173,129,44,FMN 17 Stenenbrug
664,Stenenbrug 70,2023-04-15,19:00:00,135,109,26,FMN 17 Stenenbrug
664,Stenenbrug 70,2023-04-15,20:00:00,117,84,33,FMN 17 Stenenbrug
664,Stenenbrug 70,2023-04-15,21:00:00,83,60,23,FMN 17 Stenenbrug
664,Stenenbrug 70,2023-04-15,22:00:00,72,48,24,FMN 17 Stenenbrug
664,Stenenbrug 70,2023-04-15,23:00:00,61,38,23,FMN 17 Stenenbrug
664,Stenenbrug 70,2023-04-16,00:00:00,46,34,12,FMN 17 Stenenbrug
664,Stenenbrug 70,2023-04-16,01:00:00,41,26,15,FMN 17 Stenenbrug
664,Stenenbrug 70,2023-04-16,02:00:00,18,11,7,FMN 17 Stenenbrug
664,Stenenbrug 70,2023-04-16,03:00:00,16,11,5,FMN 17 Stenenbrug
664,Stenenbrug 70,2023-04-16,04:00:00,14,9,5,FMN 17 Stenenbrug
664,Stenenbrug 70,2023-04-16,05:00:00,13,10,3,FMN 17 Stenenbrug
664,Stenenbrug 70,2023-04-16,06:00:00,19,15,4,FMN 17 Stenenbrug
664,Stenenbrug 70,2023-04-16,07:00:00,21,14,7,FMN 17 Stenenbrug
664,Stenenbrug 70,2023-04-16,08:00:00,44,29,15,FMN 17 Stenenbrug
664,Stenenbrug 70,2023-04-16,09:00:00,65,49,16,FMN 17 Stenenbrug
664,Stenenbrug 70,2023-04-16,10:00:00,79,53,26,FMN 17 Stenenbrug
664,Stenenbrug 70,2023-04-16,11:00:00,99,73,26,FMN 17 Stenenbrug
664,Stenenbrug 70,2023-04-16,12:00:00,141,114,27,FMN 17 Stenenbrug
664,Stenenbrug 70,2023-04-16,13:00:00,140,100,40,FMN 17 Stenenbrug
664,Stenenbrug 70,2023-04-16,14:00:00,141,108,33,FMN 17 Stenenbrug
664,Stenenbrug 70,2023-04-16,15:00:00,119,87,32,FMN 17 Stenenbrug
664,Stenenbrug 70,2023-04-16,16:00:00,133,97,36,FMN 17 Stenenbrug
664,Stenenbrug 70,2023-04-16,17:00:00,121,90,31,FMN 17 Stenenbrug
664,Stenenbrug 70,2023-04-16,18:00:00,115,94,21,FMN 17 Stenenbrug
664,Stenenbrug 70,2023-04-16,19:00:00,116,83,33,FMN 17 Stenenbrug
664,Stenenbrug 70,2023-04-16,20:00:00,82,53,29,FMN 17 Stenenbrug
664,Stenenbrug 70,2023-04-16,21:00:00,48,35,13,FMN 17 Stenenbrug
664,Stenenbrug 70,2023-04-16,22:00:00,53,33,20,FMN 17 Stenenbrug
664,Stenenbrug 70,2023-04-16,23:00:00,25,13,12,FMN 17 Stenenbrug
664,Stenenbrug 70,2023-04-17,00:00:00,11,9,2,FMN 17 Stenenbrug
664,Stenenbrug 70,2023-04-17,01:00:00,8,4,4,FMN 17 Stenenbrug
664,Stenenbrug 70,2023-04-17,02:00:00,7,5,2,FMN 17 Stenenbrug
664,Stenenbrug 70,2023-04-17,03:00:00,6,5,1,FMN 17 Stenenbrug
664,Stenenbrug 70,2023-04-17,04:00:00,21,18,3,FMN 17 Stenenbrug
664,Stenenbrug 70,2023-04-17,05:00:00,54,41,13,FMN 17 Stenenbrug
664,Stenenbrug 70,2023-04-17,06:00:00,96,72,24,FMN 17 Stenenbrug
664,Stenenbrug 70,2023-04-17,07:00:00,274,221,53,FMN 17 Stenenbrug
664,Stenenbrug 70,2023-04-17,08:00:00,458,331,127,FMN 17 Stenenbrug
664,Stenenbrug 70,2023-04-17,09:00:00,139,113,26,FMN 17 Stenenbrug
664,Stenenbrug 70,2023-04-17,10:00:00,121,89,32,FMN 17 Stenenbrug
664,Stenenbrug 70,2023-04-17,11:00:00,114,85,29,FMN 17 Stenenbrug
664,Stenenbrug 70,2023-04-17,12:00:00,184,138,46,FMN 17 Stenenbrug
664,Stenenbrug 70,2023-04-17,13:00:00,175,118,57,FMN 17 Stenenbrug
664,Stenenbrug 70,2023-04-17,14:00:00,176,119,57,FMN 17 Stenenbrug
664,Stenenbrug 70,2023-04-17,15:00:00,252,155,97,FMN 17 Stenenbrug
664,Stenenbrug 70,2023-04-17,16:00:00,407,262,145,FMN 17 Stenenbrug
664,Stenenbrug 70,2023-04-17,17:00:00,350,212,138,FMN 17 Stenenbrug
664,Stenenbrug 70,2023-04-17,18:00:00,265,170,95,FMN 17 Stenenbrug
664,Stenenbrug 70,2023-04-17,19:00:00,168,114,54,FMN 17 Stenenbrug
664,Stenenbrug 70,2023-04-17,20:00:00,139,102,37,FMN 17 Stenenbrug
664,Stenenbrug 70,2023-04-17,21:00:00,98,66,32,FMN 17 Stenenbrug
664,Stenenbrug 70,2023-04-17,22:00:00,82,61,21,FMN 17 Stenenbrug
664,Stenenbrug 70,2023-04-17,23:00:00,31,16,15,FMN 17 Stenenbrug
664,Stenenbrug 70,2023-04-18,00:00:00,21,14,7,FMN 17 Stenenbrug
664,Stenenbrug 70,2023-04-18,01:00:00,10,5,5,FMN 17 Stenenbrug
664,Stenenbrug 70,2023-04-18,02:00:00,3,1,2,FMN 17 Stenenbrug
664,Stenenbrug 70,2023-04-18,03:00:00,12,10,2,FMN 17 Stenenbrug
664,Stenenbrug 70,2023-04-18,04:00:00,28,23,5,FMN 17 Stenenbrug
664,Stenenbrug 70,2023-04-18,05:00:00,75,63,12,FMN 17 Stenenbrug
664,Stenenbrug 70,2023-04-18,06:00:00,131,97,34,FMN 17 Stenenbrug
664,Stenenbrug 70,2023-04-18,07:00:00,383,297,86,FMN 17 Stenenbrug
664,Stenenbrug 70,2023-04-18,08:00:00,560,404,156,FMN 17 Stenenbrug
664,Stenenbrug 70,2023-04-18,09:00:00,195,159,36,FMN 17 Stenenbrug
664,Stenenbrug 70,2023-04-18,10:00:00,153,117,36,FMN 17 Stenenbrug
664,Stenenbrug 70,2023-04-18,11:00:00,126,99,27,FMN 17 Stenenbrug
664,Stenenbrug 70,2023-04-18,12:00:00,223,163,60,FMN 17 Stenenbrug
664,Stenenbrug 70,2023-04-18,13:00:00,204,140,64,FMN 17 Stenenbrug
664,Stenenbrug 70,2023-04-18,14:00:00,192,120,72,FMN 17 Stenenbrug
664,Stenenbrug 70,2023-04-18,15:00:00,298,169,129,FMN 17 Stenenbrug
664,Stenenbrug 70,2023-04-18,16:00:00,522,321,201,FMN 17 Stenenbrug
664,Stenenbrug 70,2023-04-18,17:00:00,451,268,183,FMN 17 Stenenbrug
664,Stenenbrug 70,2023-04-18,18:00:00,339,228,111,FMN 17 Stenenbrug
664,Stenenbrug 70,2023-04-18,19:00:00,239,174,65,FMN 17 Stenenbrug
664,Stenenbrug 70,2023-04-18,20:00:00,159,118,41,FMN 17 Stenenbrug
664,Stenenbrug 70,2023-04-18,21:00:00,115,76,39,FMN 17 Stenenbrug
664,Stenenbrug 70,2023-04-18,22:00:00,92,61,31,FMN 17 Stenenbrug
664,Stenenbrug 70,2023-04-18,23:00:00,49,19,30,FMN 17 Stenenbrug
664,Stenenbrug 70,2023-04-19,00:00:00,23,15,8,FMN 17 Stenenbrug
664,Stenenbrug 70,2023-04-19,01:00:00,10,7,3,FMN 17 Stenenbrug
664,Stenenbrug 70,2023-04-19,02:00:00,9,4,5,FMN 17 Stenenbrug
664,Stenenbrug 70,2023-04-19,03:00:00,6,5,1,FMN 17 Stenenbrug
664,Stenenbrug 70,2023-04-19,04:00:00,38,32,6,FMN 17 Stenenbrug
664,Stenenbrug 70,2023-04-19,05:00:00,63,47,16,FMN 17 Stenenbrug
664,Stenenbrug 70,2023-04-19,06:00:00,133,96,37,FMN 17 Stenenbrug
664,Stenenbrug 70,2023-04-19,07:00:00,310,246,64,FMN 17 Stenenbrug
664,Stenenbrug 70,2023-04-19,08:00:00,533,390,143,FMN 17 Stenenbrug
664,Stenenbrug 70,2023-04-19,09:00:00,181,147,34,FMN 17 Stenenbrug
664,Stenenbrug 70,2023-04-19,10:00:00,149,109,40,FMN 17 Stenenbrug
664,Stenenbrug 70,2023-04-19,11:00:00,164,111,53,FMN 17 Stenenbrug
664,Stenenbrug 70,2023-04-19,12:00:00,423,297,126,FMN 17 Stenenbrug
664,Stenenbrug 70,2023-04-19,13:00:00,270,177,93,FMN 17 Stenenbrug
664,Stenenbrug 70,2023-04-19,14:00:00,250,164,86,FMN 17 Stenenbrug
664,Stenenbrug 70,2023-04-19,15:00:00,284,169,115,FMN 17 Stenenbrug
664,Stenenbrug 70,2023-04-19,16:00:00,402,242,160,FMN 17 Stenenbrug
664,Stenenbrug 70,2023-04-19,17:00:00,419,244,175,FMN 17 Stenenbrug
664,Stenenbrug 70,2023-04-19,18:00:00,341,222,119,FMN 17 Stenenbrug
664,Stenenbrug 70,2023-04-19,19:00:00,246,165,81,FMN 17 Stenenbrug
664,Stenenbrug 70,2023-04-19,20:00:00,172,120,52,FMN 17 Stenenbrug
664,Stenenbrug 70,2023-04-19,21:00:00,123,94,29,FMN 17 Stenenbrug
664,Stenenbrug 70,2023-04-19,22:00:00,124,89,35,FMN 17 Stenenbrug
664,Stenenbrug 70,2023-04-19,23:00:00,51,25,26,FMN 17 Stenenbrug
664,Stenenbrug 70,2023-04-20,00:00:00,28,14,14,FMN 17 Stenenbrug
664,Stenenbrug 70,2023-04-20,01:00:00,16,6,10,FMN 17 Stenenbrug
664,Stenenbrug 70,2023-04-20,02:00:00,9,6,3,FMN 17 Stenenbrug
664,Stenenbrug 70,2023-04-20,03:00:00,13,8,5,FMN 17 Stenenbrug
664,Stenenbrug 70,2023-04-20,04:00:00,34,24,10,FMN 17 Stenenbrug
664,Stenenbrug 70,2023-04-20,05:00:00,50,36,14,FMN 17 Stenenbrug
664,Stenenbrug 70,2023-04-20,06:00:00,110,78,32,FMN 17 Stenenbrug
664,Stenenbrug 70,2023-04-20,07:00:00,348,267,81,FMN 17 Stenenbrug
664,Stenenbrug 70,2023-04-20,08:00:00,553,381,172,FMN 17 Stenenbrug
664,Stenenbrug 70,2023-04-20,09:00:00,166,130,36,FMN 17 Stenenbrug
664,Stenenbrug 70,2023-04-20,10:00:00,99,81,18,FMN 17 Stenenbrug
664,Stenenbrug 70,2023-04-20,11:00:00,90,67,23,FMN 17 Stenenbrug
664,Stenenbrug 70,2023-04-20,12:00:00,165,117,48,FMN 17 Stenenbrug
664,Stenenbrug 70,2023-04-20,13:00:00,144,99,45,FMN 17 Stenenbrug
664,Stenenbrug 70,2023-04-20,14:00:00,147,98,49,FMN 17 Stenenbrug
664,Stenenbrug 70,2023-04-20,15:00:00,272,167,105,FMN 17 Stenenbrug
664,Stenenbrug 70,2023-04-20,16:00:00,441,290,151,FMN 17 Stenenbrug
664,Stenenbrug 70,2023-04-20,17:00:00,376,228,148,FMN 17 Stenenbrug
664,Stenenbrug 70,2023-04-20,18:00:00,337,216,121,FMN 17 Stenenbrug
664,Stenenbrug 70,2023-04-20,19:00:00,236,174,62,FMN 17 Stenenbrug
664,Stenenbrug 70,2023-04-20,20:00:00,190,134,56,FMN 17 Stenenbrug
664,Stenenbrug 70,2023-04-20,21:00:00,112,78,34,FMN 17 Stenenbrug
664,Stenenbrug 70,2023-04-20,22:00:00,129,91,38,FMN 17 Stenenbrug
664,Stenenbrug 70,2023-04-20,23:00:00,86,43,43,FMN 17 Stenenbrug
664,Stenenbrug 70,2023-04-21,00:00:00,46,20,26,FMN 17 Stenenbrug
664,Stenenbrug 70,2023-04-21,01:00:00,27,15,12,FMN 17 Stenenbrug
664,Stenenbrug 70,2023-04-21,02:00:00,14,10,4,FMN 17 Stenenbrug
664,Stenenbrug 70,2023-04-21,03:00:00,12,8,4,FMN 17 Stenenbrug
664,Stenenbrug 70,2023-04-21,04:00:00,31,25,6,FMN 17 Stenenbrug
664,Stenenbrug 70,2023-04-21,05:00:00,50,38,12,FMN 17 Stenenbrug
664,Stenenbrug 70,2023-04-21,06:00:00,85,61,24,FMN 17 Stenenbrug
664,Stenenbrug 70,2023-04-21,07:00:00,258,197,61,FMN 17 Stenenbrug
664,Stenenbrug 70,2023-04-21,08:00:00,539,384,155,FMN 17 Stenenbrug
664,Stenenbrug 70,2023-04-21,09:00:00,164,118,46,FMN 17 Stenenbrug
664,Stenenbrug 70,2023-04-21,10:00:00,133,102,31,FMN 17 Stenenbrug
664,Stenenbrug 70,2023-04-21,11:00:00,115,81,34,FMN 17 Stenenbrug
664,Stenenbrug 70,2023-04-21,12:00:00,181,141,40,FMN 17 Stenenbrug
664,Stenenbrug 70,2023-04-21,13:00:00,202,148,54,FMN 17 Stenenbrug
664,Stenenbrug 70,2023-04-21,14:00:00,196,138,58,FMN 17 Stenenbrug
664,Stenenbrug 70,2023-04-21,15:00:00,276,178,98,FMN 17 Stenenbrug
664,Stenenbrug 70,2023-04-21,16:00:00,430,264,166,FMN 17 Stenenbrug
664,Stenenbrug 70,2023-04-21,17:00:00,359,237,122,FMN 17 Stenenbrug
664,Stenenbrug 70,2023-04-21,18:00:00,273,194,79,FMN 17 Stenenbrug
664,Stenenbrug 70,2023-04-21,19:00:00,299,228,71,FMN 17 Stenenbrug
664,Stenenbrug 70,2023-04-21,20:00:00,168,121,47,FMN 17 Stenenbrug
664,Stenenbrug 70,2023-04-21,21:00:00,97,73,24,FMN 17 Stenenbrug
664,Stenenbrug 70,2023-04-21,22:00:00,145,77,68,FMN 17 Stenenbrug
664,Stenenbrug 70,2023-04-21,23:00:00,84,51,33,FMN 17 Stenenbrug
664,Stenenbrug 70,2023-04-22,00:00:00,59,35,24,FMN 17 Stenenbrug
664,Stenenbrug 70,2023-04-22,01:00:00,43,26,17,FMN 17 Stenenbrug
664,Stenenbrug 70,2023-04-22,02:00:00,24,15,9,FMN 17 Stenenbrug
664,Stenenbrug 70,2023-04-22,03:00:00,21,15,6,FMN 17 Stenenbrug
664,Stenenbrug 70,2023-04-22,04:00:00,27,18,9,FMN 17 Stenenbrug
664,Stenenbrug 70,2023-04-22,05:00:00,18,11,7,FMN 17 Stenenbrug
664,Stenenbrug 70,2023-04-22,06:00:00,32,16,16,FMN 17 Stenenbrug
664,Stenenbrug 70,2023-04-22,07:00:00,32,23,9,FMN 17 Stenenbrug
664,Stenenbrug 70,2023-04-22,08:00:00,87,53,34,FMN 17 Stenenbrug
664,Stenenbrug 70,2023-04-22,09:00:00,158,116,42,FMN 17 Stenenbrug
664,Stenenbrug 70,2023-04-22,10:00:00,169,116,53,FMN 17 Stenenbrug
664,Stenenbrug 70,2023-04-22,11:00:00,188,149,39,FMN 17 Stenenbrug
664,Stenenbrug 70,2023-04-22,12:00:00,141,103,38,FMN 17 Stenenbrug
664,Stenenbrug 70,2023-04-22,13:00:00,118,69,49,FMN 17 Stenenbrug
664,Stenenbrug 70,2023-04-22,14:00:00,113,82,31,FMN 17 Stenenbrug
664,Stenenbrug 70,2023-04-22,15:00:00,105,72,33,FMN 17 Stenenbrug
664,Stenenbrug 70,2023-04-22,16:00:00,109,80,29,FMN 17 Stenenbrug
664,Stenenbrug 70,2023-04-22,17:00:00,148,95,53,FMN 17 Stenenbrug
664,Stenenbrug 70,2023-04-22,18:00:00,159,127,32,FMN 17 Stenenbrug
664,Stenenbrug 70,2023-04-22,19:00:00,142,121,21,FMN 17 Stenenbrug
664,Stenenbrug 70,2023-04-22,20:00:00,126,106,20,FMN 17 Stenenbrug
664,Stenenbrug 70,2023-04-22,21:00:00,71,58,13,FMN 17 Stenenbrug
664,Stenenbrug 70,2023-04-22,22:00:00,76,53,23,FMN 17 Stenenbrug
664,Stenenbrug 70,2023-04-22,23:00:00,71,43,28,FMN 17 Stenenbrug
664,Stenenbrug 70,2023-04-23,00:00:00,44,29,15,FMN 17 Stenenbrug
664,Stenenbrug 70,2023-04-23,01:00:00,31,21,10,FMN 17 Stenenbrug
664,Stenenbrug 70,2023-04-23,02:00:00,15,9,6,FMN 17 Stenenbrug
664,Stenenbrug 70,2023-04-23,03:00:00,13,7,6,FMN 17 Stenenbrug
664,Stenenbrug 70,2023-04-23,04:00:00,16,9,7,FMN 17 Stenenbrug
664,Stenenbrug 70,2023-04-23,05:00:00,17,11,6,FMN 17 Stenenbrug
664,Stenenbrug 70,2023-04-23,06:00:00,12,8,4,FMN 17 Stenenbrug
664,Stenenbrug 70,2023-04-23,07:00:00,20,17,3,FMN 17 Stenenbrug
664,Stenenbrug 70,2023-04-23,08:00:00,73,31,42,FMN 17 Stenenbrug
664,Stenenbrug 70,2023-04-23,09:00:00,133,88,45,FMN 17 Stenenbrug
664,Stenenbrug 70,2023-04-23,10:00:00,151,116,35,FMN 17 Stenenbrug
664,Stenenbrug 70,2023-04-23,11:00:00,142,101,41,FMN 17 Stenenbrug
664,Stenenbrug 70,2023-04-23,12:00:00,192,161,31,FMN 17 Stenenbrug
664,Stenenbrug 70,2023-04-23,13:00:00,181,141,40,FMN 17 Stenenbrug
664,Stenenbrug 70,2023-04-23,14:00:00,141,114,27,FMN 17 Stenenbrug
664,Stenenbrug 70,2023-04-23,15:00:00,89,62,27,FMN 17 Stenenbrug
664,Stenenbrug 70,2023-04-23,16:00:00,105,65,40,FMN 17 Stenenbrug
664,Stenenbrug 70,2023-04-23,17:00:00,110,84,26,FMN 17 Stenenbrug
664,Stenenbrug 70,2023-04-23,18:00:00,141,111,30,FMN 17 Stenenbrug
664,Stenenbrug 70,2023-04-23,19:00:00,124,88,36,FMN 17 Stenenbrug
664,Stenenbrug 70,2023-04-23,20:00:00,65,45,20,FMN 17 Stenenbrug
664,Stenenbrug 70,2023-04-23,21:00:00,67,44,23,FMN 17 Stenenbrug
664,Stenenbrug 70,2023-04-23,22:00:00,48,27,21,FMN 17 Stenenbrug
664,Stenenbrug 70,2023-04-23,23:00:00,25,16,9,FMN 17 Stenenbrug
664,Stenenbrug 70,2023-04-24,00:00:00,11,9,2,FMN 17 Stenenbrug
664,Stenenbrug 70,2023-04-24,01:00:00,7,4,3,FMN 17 Stenenbrug
664,Stenenbrug 70,2023-04-24,02:00:00,5,4,1,FMN 17 Stenenbrug
664,Stenenbrug 70,2023-04-24,03:00:00,7,5,2,FMN 17 Stenenbrug
664,Stenenbrug 70,2023-04-24,04:00:00,32,22,10,FMN 17 Stenenbrug
664,Stenenbrug 70,2023-04-24,05:00:00,40,31,9,FMN 17 Stenenbrug
664,Stenenbrug 70,2023-04-24,06:00:00,77,60,17,FMN 17 Stenenbrug
664,Stenenbrug 70,2023-04-24,07:00:00,230,175,55,FMN 17 Stenenbrug
664,Stenenbrug 70,2023-04-24,08:00:00,383,281,102,FMN 17 Stenenbrug
664,Stenenbrug 70,2023-04-24,09:00:00,150,119,31,FMN 17 Stenenbrug
664,Stenenbrug 70,2023-04-24,10:00:00,91,65,26,FMN 17 Stenenbrug
664,Stenenbrug 70,2023-04-24,11:00:00,89,62,27,FMN 17 Stenenbrug
664,Stenenbrug 70,2023-04-24,12:00:00,128,100,28,FMN 17 Stenenbrug
664,Stenenbrug 70,2023-04-24,13:00:00,123,86,37,FMN 17 Stenenbrug
664,Stenenbrug 70,2023-04-24,14:00:00,139,91,48,FMN 17 Stenenbrug
664,Stenenbrug 70,2023-04-24,15:00:00,192,111,81,FMN 17 Stenenbrug
664,Stenenbrug 70,2023-04-24,16:00:00,375,235,140,FMN 17 Stenenbrug
664,Stenenbrug 70,2023-04-24,17:00:00,364,228,136,FMN 17 Stenenbrug
664,Stenenbrug 70,2023-04-24,18:00:00,231,143,88,FMN 17 Stenenbrug
664,Stenenbrug 70,2023-04-24,19:00:00,182,123,59,FMN 17 Stenenbrug
664,Stenenbrug 70,2023-04-24,20:00:00,165,118,47,FMN 17 Stenenbrug
664,Stenenbrug 70,2023-04-24,21:00:00,107,82,25,FMN 17 Stenenbrug
664,Stenenbrug 70,2023-04-24,22:00:00,77,51,26,FMN 17 Stenenbrug
664,Stenenbrug 70,2023-04-24,23:00:00,33,21,12,FMN 17 Stenenbrug
664,Stenenbrug 70,2023-04-25,00:00:00,18,13,5,FMN 17 Stenenbrug
664,Stenenbrug 70,2023-04-25,01:00:00,5,3,2,FMN 17 Stenenbrug
664,Stenenbrug 70,2023-04-25,02:00:00,5,3,2,FMN 17 Stenenbrug
664,Stenenbrug 70,2023-04-25,03:00:00,11,7,4,FMN 17 Stenenbrug
664,Stenenbrug 70,2023-04-25,04:00:00,27,22,5,FMN 17 Stenenbrug
664,Stenenbrug 70,2023-04-25,05:00:00,57,46,11,FMN 17 Stenenbrug
664,Stenenbrug 70,2023-04-25,06:00:00,125,91,34,FMN 17 Stenenbrug
664,Stenenbrug 70,2023-04-25,07:00:00,392,304,88,FMN 17 Stenenbrug
664,Stenenbrug 70,2023-04-25,08:00:00,543,385,158,FMN 17 Stenenbrug
664,Stenenbrug 70,2023-04-25,09:00:00,216,165,51,FMN 17 Stenenbrug
664,Stenenbrug 70,2023-04-25,10:00:00,131,96,35,FMN 17 Stenenbrug
664,Stenenbrug 70,2023-04-25,11:00:00,111,75,36,FMN 17 Stenenbrug
664,Stenenbrug 70,2023-04-25,12:00:00,185,137,48,FMN 17 Stenenbrug
664,Stenenbrug 70,2023-04-25,13:00:00,180,116,64,FMN 17 Stenenbrug
664,Stenenbrug 70,2023-04-25,14:00:00,160,112,48,FMN 17 Stenenbrug
664,Stenenbrug 70,2023-04-25,15:00:00,292,171,121,FMN 17 Stenenbrug
664,Stenenbrug 70,2023-04-25,16:00:00,502,322,180,FMN 17 Stenenbrug
664,Stenenbrug 70,2023-04-25,17:00:00,460,263,197,FMN 17 Stenenbrug
664,Stenenbrug 70,2023-04-25,18:00:00,375,270,105,FMN 17 Stenenbrug
664,Stenenbrug 70,2023-04-25,19:00:00,298,227,71,FMN 17 Stenenbrug
664,Stenenbrug 70,2023-04-25,20:00:00,165,130,35,FMN 17 Stenenbrug
664,Stenenbrug 70,2023-04-25,21:00:00,103,76,27,FMN 17 Stenenbrug
664,Stenenbrug 70,2023-04-25,22:00:00,96,59,37,FMN 17 Stenenbrug
664,Stenenbrug 70,2023-04-25,23:00:00,80,31,49,FMN 17 Stenenbrug
664,Stenenbrug 70,2023-04-26,00:00:00,20,8,12,FMN 17 Stenenbrug
664,Stenenbrug 70,2023-04-26,01:00:00,12,5,7,FMN 17 Stenenbrug
664,Stenenbrug 70,2023-04-26,02:00:00,8,3,5,FMN 17 Stenenbrug
664,Stenenbrug 70,2023-04-26,03:00:00,4,0,4,FMN 17 Stenenbrug
664,Stenenbrug 70,2023-04-26,04:00:00,33,24,9,FMN 17 Stenenbrug
664,Stenenbrug 70,2023-04-26,05:00:00,50,41,9,FMN 17 Stenenbrug
664,Stenenbrug 70,2023-04-26,06:00:00,127,98,29,FMN 17 Stenenbrug
664,Stenenbrug 70,2023-04-26,07:00:00,300,242,58,FMN 17 Stenenbrug
664,Stenenbrug 70,2023-04-26,08:00:00,501,358,143,FMN 17 Stenenbrug
664,Stenenbrug 70,2023-04-26,09:00:00,184,148,36,FMN 17 Stenenbrug
664,Stenenbrug 70,2023-04-26,10:00:00,106,81,25,FMN 17 Stenenbrug
664,Stenenbrug 70,2023-04-26,11:00:00,148,107,41,FMN 17 Stenenbrug
664,Stenenbrug 70,2023-04-26,12:00:00,404,295,109,FMN 17 Stenenbrug
664,Stenenbrug 70,2023-04-26,13:00:00,240,148,92,FMN 17 Stenenbrug
664,Stenenbrug 70,2023-04-26,14:00:00,198,128,70,FMN 17 Stenenbrug
664,Stenenbrug 70,2023-04-26,15:00:00,228,144,84,FMN 17 Stenenbrug
664,Stenenbrug 70,2023-04-26,16:00:00,333,208,125,FMN 17 Stenenbrug
664,Stenenbrug 70,2023-04-26,17:00:00,408,256,152,FMN 17 Stenenbrug
664,Stenenbrug 70,2023-04-26,18:00:00,296,206,90,FMN 17 Stenenbrug
664,Stenenbrug 70,2023-04-26,19:00:00,244,169,75,FMN 17 Stenenbrug
664,Stenenbrug 70,2023-04-26,20:00:00,154,109,45,FMN 17 Stenenbrug
664,Stenenbrug 70,2023-04-26,21:00:00,117,87,30,FMN 17 Stenenbrug
664,Stenenbrug 70,2023-04-26,22:00:00,119,86,33,FMN 17 Stenenbrug
664,Stenenbrug 70,2023-04-26,23:00:00,70,41,29,FMN 17 Stenenbrug
664,Stenenbrug 70,2023-04-27,00:00:00,14,9,5,FMN 17 Stenenbrug
664,Stenenbrug 70,2023-04-27,01:00:00,3,3,0,FMN 17 Stenenbrug
664,Stenenbrug 70,2023-04-27,02:00:00,10,4,6,FMN 17 Stenenbrug
664,Stenenbrug 70,2023-04-27,03:00:00,9,8,1,FMN 17 Stenenbrug
664,Stenenbrug 70,2023-04-27,04:00:00,23,17,6,FMN 17 Stenenbrug
664,Stenenbrug 70,2023-04-27,05:00:00,55,41,14,FMN 17 Stenenbrug
664,Stenenbrug 70,2023-04-27,06:00:00,115,89,26,FMN 17 Stenenbrug
664,Stenenbrug 70,2023-04-27,07:00:00,339,262,77,FMN 17 Stenenbrug
664,Stenenbrug 70,2023-04-27,08:00:00,585,410,175,FMN 17 Stenenbrug
664,Stenenbrug 70,2023-04-27,09:00:00,179,139,40,FMN 17 Stenenbrug
664,Stenenbrug 70,2023-04-27,10:00:00,122,101,21,FMN 17 Stenenbrug
664,Stenenbrug 70,2023-04-27,11:00:00,115,82,33,FMN 17 Stenenbrug
664,Stenenbrug 70,2023-04-27,12:00:00,164,121,43,FMN 17 Stenenbrug
664,Stenenbrug 70,2023-04-27,13:00:00,182,127,55,FMN 17 Stenenbrug
664,Stenenbrug 70,2023-04-27,14:00:00,158,111,47,FMN 17 Stenenbrug
664,Stenenbrug 70,2023-04-27,15:00:00,269,179,90,FMN 17 Stenenbrug
664,Stenenbrug 70,2023-04-27,16:00:00,457,282,175,FMN 17 Stenenbrug
664,Stenenbrug 70,2023-04-27,17:00:00,431,250,181,FMN 17 Stenenbrug
664,Stenenbrug 70,2023-04-27,18:00:00,359,246,113,FMN 17 Stenenbrug
664,Stenenbrug 70,2023-04-27,19:00:00,252,180,72,FMN 17 Stenenbrug
664,Stenenbrug 70,2023-04-27,20:00:00,168,118,50,FMN 17 Stenenbrug
664,Stenenbrug 70,2023-04-27,21:00:00,124,94,30,FMN 17 Stenenbrug
664,Stenenbrug 70,2023-04-27,22:00:00,95,57,38,FMN 17 Stenenbrug
664,Stenenbrug 70,2023-04-27,23:00:00,55,34,21,FMN 17 Stenenbrug
664,Stenenbrug 70,2023-04-28,00:00:00,25,14,11,FMN 17 Stenenbrug
664,Stenenbrug 70,2023-04-28,01:00:00,12,4,8,FMN 17 Stenenbrug
664,Stenenbrug 70,2023-04-28,02:00:00,9,4,5,FMN 17 Stenenbrug
664,Stenenbrug 70,2023-04-28,03:00:00,13,9,4,FMN 17 Stenenbrug
664,Stenenbrug 70,2023-04-28,04:00:00,23,19,4,FMN 17 Stenenbrug
664,Stenenbrug 70,2023-04-28,05:00:00,56,35,21,FMN 17 Stenenbrug
664,Stenenbrug 70,2023-04-28,06:00:00,99,72,27,FMN 17 Stenenbrug
664,Stenenbrug 70,2023-04-28,07:00:00,272,211,61,FMN 17 Stenenbrug
664,Stenenbrug 70,2023-04-28,08:00:00,429,296,133,FMN 17 Stenenbrug
664,Stenenbrug 70,2023-04-28,09:00:00,138,99,39,FMN 17 Stenenbrug
664,Stenenbrug 70,2023-04-28,10:00:00,124,94,30,FMN 17 Stenenbrug
664,Stenenbrug 70,2023-04-28,11:00:00,113,88,25,FMN 17 Stenenbrug
664,Stenenbrug 70,2023-04-28,12:00:00,161,127,34,FMN 17 Stenenbrug
664,Stenenbrug 70,2023-04-28,13:00:00,144,104,40,FMN 17 Stenenbrug
664,Stenenbrug 70,2023-04-28,14:00:00,126,77,49,FMN 17 Stenenbrug
664,Stenenbrug 70,2023-04-28,15:00:00,270,172,98,FMN 17 Stenenbrug
664,Stenenbrug 70,2023-04-28,16:00:00,372,243,129,FMN 17 Stenenbrug
664,Stenenbrug 70,2023-04-28,17:00:00,299,182,117,FMN 17 Stenenbrug
664,Stenenbrug 70,2023-04-28,18:00:00,301,208,93,FMN 17 Stenenbrug
664,Stenenbrug 70,2023-04-28,19:00:00,240,164,76,FMN 17 Stenenbrug
664,Stenenbrug 70,2023-04-28,20:00:00,155,113,42,FMN 17 Stenenbrug
664,Stenenbrug 70,2023-04-28,21:00:00,128,95,33,FMN 17 Stenenbrug
664,Stenenbrug 70,2023-04-28,22:00:00,141,111,30,FMN 17 Stenenbrug
664,Stenenbrug 70,2023-04-28,23:00:00,97,52,45,FMN 17 Stenenbrug
664,Stenenbrug 70,2023-04-29,00:00:00,63,35,28,FMN 17 Stenenbrug
664,Stenenbrug 70,2023-04-29,01:00:00,38,24,14,FMN 17 Stenenbrug
664,Stenenbrug 70,2023-04-29,02:00:00,16,12,4,FMN 17 Stenenbrug
664,Stenenbrug 70,2023-04-29,03:00:00,11,7,4,FMN 17 Stenenbrug
664,Stenenbrug 70,2023-04-29,04:00:00,23,13,10,FMN 17 Stenenbrug
664,Stenenbrug 70,2023-04-29,05:00:00,32,20,12,FMN 17 Stenenbrug
664,Stenenbrug 70,2023-04-29,06:00:00,29,17,12,FMN 17 Stenenbrug
664,Stenenbrug 70,2023-04-29,07:00:00,32,24,8,FMN 17 Stenenbrug
664,Stenenbrug 70,2023-04-29,08:00:00,72,41,31,FMN 17 Stenenbrug
664,Stenenbrug 70,2023-04-29,09:00:00,163,106,57,FMN 17 Stenenbrug
664,Stenenbrug 70,2023-04-29,10:00:00,171,119,52,FMN 17 Stenenbrug
664,Stenenbrug 70,2023-04-29,11:00:00,179,130,49,FMN 17 Stenenbrug
664,Stenenbrug 70,2023-04-29,12:00:00,201,157,44,FMN 17 Stenenbrug
664,Stenenbrug 70,2023-04-29,13:00:00,178,130,48,FMN 17 Stenenbrug
664,Stenenbrug 70,2023-04-29,14:00:00,168,116,52,FMN 17 Stenenbrug
664,Stenenbrug 70,2023-04-29,15:00:00,204,156,48,FMN 17 Stenenbrug
664,Stenenbrug 70,2023-04-29,16:00:00,151,103,48,FMN 17 Stenenbrug
664,Stenenbrug 70,2023-04-29,17:00:00,215,172,43,FMN 17 Stenenbrug
664,Stenenbrug 70,2023-04-29,18:00:00,194,151,43,FMN 17 Stenenbrug
664,Stenenbrug 70,2023-04-29,19:00:00,162,144,18,FMN 17 Stenenbrug
664,Stenenbrug 70,2023-04-29,20:00:00,130,106,24,FMN 17 Stenenbrug
664,Stenenbrug 70,2023-04-29,21:00:00,113,85,28,FMN 17 Stenenbrug
664,Stenenbrug 70,2023-04-29,22:00:00,89,62,27,FMN 17 Stenenbrug
664,Stenenbrug 70,2023-04-29,23:00:00,73,47,26,FMN 17 Stenenbrug
664,Stenenbrug 70,2023-04-30,00:00:00,43,25,18,FMN 17 Stenenbrug
664,Stenenbrug 70,2023-04-30,01:00:00,35,21,14,FMN 17 Stenenbrug
664,Stenenbrug 70,2023-04-30,02:00:00,18,15,3,FMN 17 Stenenbrug
664,Stenenbrug 70,2023-04-30,03:00:00,15,10,5,FMN 17 Stenenbrug
664,Stenenbrug 70,2023-04-30,04:00:00,15,4,11,FMN 17 Stenenbrug
664,Stenenbrug 70,2023-04-30,05:00:00,13,11,2,FMN 17 Stenenbrug
664,Stenenbrug 70,2023-04-30,06:00:00,16,10,6,FMN 17 Stenenbrug
664,Stenenbrug 70,2023-04-30,07:00:00,25,22,3,FMN 17 Stenenbrug
664,Stenenbrug 70,2023-04-30,08:00:00,49,34,15,FMN 17 Stenenbrug
664,Stenenbrug 70,2023-04-30,09:00:00,94,58,36,FMN 17 Stenenbrug
664,Stenenbrug 70,2023-04-30,10:00:00,123,90,33,FMN 17 Stenenbrug
664,Stenenbrug 70,2023-04-30,11:00:00,159,116,43,FMN 17 Stenenbrug
664,Stenenbrug 70,2023-04-30,12:00:00,185,131,54,FMN 17 Stenenbrug
664,Stenenbrug 70,2023-04-30,13:00:00,196,140,56,FMN 17 Stenenbrug
664,Stenenbrug 70,2023-04-30,14:00:00,189,144,45,FMN 17 Stenenbrug
664,Stenenbrug 70,2023-04-30,15:00:00,192,139,53,FMN 17 Stenenbrug
664,Stenenbrug 70,2023-04-30,16:00:00,174,138,36,FMN 17 Stenenbrug
664,Stenenbrug 70,2023-04-30,17:00:00,183,147,36,FMN 17 Stenenbrug
664,Stenenbrug 70,2023-04-30,18:00:00,220,177,43,FMN 17 Stenenbrug
664,Stenenbrug 70,2023-04-30,19:00:00,151,121,30,FMN 17 Stenenbrug
664,Stenenbrug 70,2023-04-30,20:00:00,157,121,36,FMN 17 Stenenbrug
664,Stenenbrug 70,2023-04-30,21:00:00,116,83,33,FMN 17 Stenenbrug
664,Stenenbrug 70,2023-04-30,22:00:00,94,66,28,FMN 17 Stenenbrug
664,Stenenbrug 70,2023-04-30,23:00:00,67,49,18,FMN 17 Stenenbrug
664,Stenenbrug 70,2023-05-01,00:00:00,43,30,13,FMN 17 Stenenbrug
664,Stenenbrug 70,2023-05-01,01:00:00,31,24,7,FMN 17 Stenenbrug
664,Stenenbrug 70,2023-05-01,02:00:00,22,13,9,FMN 17 Stenenbrug
664,Stenenbrug 70,2023-05-01,03:00:00,11,7,4,FMN 17 Stenenbrug
664,Stenenbrug 70,2023-05-01,04:00:00,13,8,5,FMN 17 Stenenbrug
664,Stenenbrug 70,2023-05-01,05:00:00,18,15,3,FMN 17 Stenenbrug
664,Stenenbrug 70,2023-05-01,06:00:00,26,16,10,FMN 17 Stenenbrug
664,Stenenbrug 70,2023-05-01,07:00:00,14,7,7,FMN 17 Stenenbrug
664,Stenenbrug 70,2023-05-01,08:00:00,39,22,17,FMN 17 Stenenbrug
664,Stenenbrug 70,2023-05-01,09:00:00,86,54,32,FMN 17 Stenenbrug
664,Stenenbrug 70,2023-05-01,10:00:00,102,72,30,FMN 17 Stenenbrug
664,Stenenbrug 70,2023-05-01,11:00:00,100,79,21,FMN 17 Stenenbrug
664,Stenenbrug 70,2023-05-01,12:00:00,102,77,25,FMN 17 Stenenbrug
664,Stenenbrug 70,2023-05-01,13:00:00,152,111,41,FMN 17 Stenenbrug
664,Stenenbrug 70,2023-05-01,14:00:00,139,102,37,FMN 17 Stenenbrug
664,Stenenbrug 70,2023-05-01,15:00:00,183,134,49,FMN 17 Stenenbrug
664,Stenenbrug 70,2023-05-01,16:00:00,167,131,36,FMN 17 Stenenbrug
664,Stenenbrug 70,2023-05-01,17:00:00,180,146,34,FMN 17 Stenenbrug
664,Stenenbrug 70,2023-05-01,18:00:00,181,133,48,FMN 17 Stenenbrug
664,Stenenbrug 70,2023-05-01,19:00:00,195,137,58,FMN 17 Stenenbrug
664,Stenenbrug 70,2023-05-01,20:00:00,95,65,30,FMN 17 Stenenbrug
664,Stenenbrug 70,2023-05-01,21:00:00,124,87,37,FMN 17 Stenenbrug
664,Stenenbrug 70,2023-05-01,22:00:00,88,54,34,FMN 17 Stenenbrug
664,Stenenbrug 70,2023-05-01,23:00:00,40,26,14,FMN 17 Stenenbrug
664,Stenenbrug 70,2023-05-02,00:00:00,21,14,7,FMN 17 Stenenbrug
664,Stenenbrug 70,2023-05-02,01:00:00,8,6,2,FMN 17 Stenenbrug
664,Stenenbrug 70,2023-05-02,02:00:00,7,4,3,FMN 17 Stenenbrug
664,Stenenbrug 70,2023-05-02,03:00:00,10,9,1,FMN 17 Stenenbrug
664,Stenenbrug 70,2023-05-02,04:00:00,24,17,7,FMN 17 Stenenbrug
664,Stenenbrug 70,2023-05-02,05:00:00,60,44,16,FMN 17 Stenenbrug
664,Stenenbrug 70,2023-05-02,06:00:00,141,104,37,FMN 17 Stenenbrug
664,Stenenbrug 70,2023-05-02,07:00:00,363,292,71,FMN 17 Stenenbrug
664,Stenenbrug 70,2023-05-02,08:00:00,575,406,169,FMN 17 Stenenbrug
664,Stenenbrug 70,2023-05-02,09:00:00,182,131,51,FMN 17 Stenenbrug
664,Stenenbrug 70,2023-05-02,10:00:00,106,84,22,FMN 17 Stenenbrug
664,Stenenbrug 70,2023-05-02,11:00:00,105,77,28,FMN 17 Stenenbrug
664,Stenenbrug 70,2023-05-02,12:00:00,187,141,46,FMN 17 Stenenbrug
664,Stenenbrug 70,2023-05-02,13:00:00,179,129,50,FMN 17 Stenenbrug
664,Stenenbrug 70,2023-05-02,14:00:00,190,121,69,FMN 17 Stenenbrug
664,Stenenbrug 70,2023-05-02,15:00:00,285,172,113,FMN 17 Stenenbrug
664,Stenenbrug 70,2023-05-02,16:00:00,499,305,194,FMN 17 Stenenbrug
664,Stenenbrug 70,2023-05-02,17:00:00,470,272,198,FMN 17 Stenenbrug
664,Stenenbrug 70,2023-05-02,18:00:00,358,240,118,FMN 17 Stenenbrug
664,Stenenbrug 70,2023-05-02,19:00:00,281,206,75,FMN 17 Stenenbrug
664,Stenenbrug 70,2023-05-02,20:00:00,152,113,39,FMN 17 Stenenbrug
664,Stenenbrug 70,2023-05-02,21:00:00,136,110,26,FMN 17 Stenenbrug
664,Stenenbrug 70,2023-05-02,22:00:00,121,75,46,FMN 17 Stenenbrug
664,Stenenbrug 70,2023-05-02,23:00:00,34,17,17,FMN 17 Stenenbrug
664,Stenenbrug 70,2023-05-03,00:00:00,21,14,7,FMN 17 Stenenbrug
664,Stenenbrug 70,2023-05-03,01:00:00,6,4,2,FMN 17 Stenenbrug
664,Stenenbrug 70,2023-05-03,02:00:00,1,1,0,FMN 17 Stenenbrug
664,Stenenbrug 70,2023-05-03,03:00:00,6,5,1,FMN 17 Stenenbrug
664,Stenenbrug 70,2023-05-03,04:00:00,37,31,6,FMN 17 Stenenbrug
664,Stenenbrug 70,2023-05-03,05:00:00,54,42,12,FMN 17 Stenenbrug
664,Stenenbrug 70,2023-05-03,06:00:00,135,95,40,FMN 17 Stenenbrug
664,Stenenbrug 70,2023-05-03,07:00:00,347,271,76,FMN 17 Stenenbrug
664,Stenenbrug 70,2023-05-03,08:00:00,549,384,165,FMN 17 Stenenbrug
664,Stenenbrug 70,2023-05-03,09:00:00,191,151,40,FMN 17 Stenenbrug
664,Stenenbrug 70,2023-05-03,10:00:00,140,106,34,FMN 17 Stenenbrug
664,Stenenbrug 70,2023-05-03,11:00:00,154,109,45,FMN 17 Stenenbrug
664,Stenenbrug 70,2023-05-03,12:00:00,431,305,126,FMN 17 Stenenbrug
664,Stenenbrug 70,2023-05-03,13:00:00,247,163,84,FMN 17 Stenenbrug
664,Stenenbrug 70,2023-05-03,14:00:00,242,155,87,FMN 17 Stenenbrug
664,Stenenbrug 70,2023-05-03,15:00:00,293,199,94,FMN 17 Stenenbrug
664,Stenenbrug 70,2023-05-03,16:00:00,375,247,128,FMN 17 Stenenbrug
664,Stenenbrug 70,2023-05-03,17:00:00,427,272,155,FMN 17 Stenenbrug
664,Stenenbrug 70,2023-05-03,18:00:00,394,249,145,FMN 17 Stenenbrug
664,Stenenbrug 70,2023-05-03,19:00:00,284,182,102,FMN 17 Stenenbrug
664,Stenenbrug 70,2023-05-03,20:00:00,222,166,56,FMN 17 Stenenbrug
664,Stenenbrug 70,2023-05-03,21:00:00,146,111,35,FMN 17 Stenenbrug
664,Stenenbrug 70,2023-05-03,22:00:00,142,99,43,FMN 17 Stenenbrug
664,Stenenbrug 70,2023-05-03,23:00:00,69,35,34,FMN 17 Stenenbrug
664,Stenenbrug 70,2023-05-04,00:00:00,14,5,9,FMN 17 Stenenbrug
664,Stenenbrug 70,2023-05-04,01:00:00,4,3,1,FMN 17 Stenenbrug
664,Stenenbrug 70,2023-05-04,02:00:00,9,6,3,FMN 17 Stenenbrug
664,Stenenbrug 70,2023-05-04,03:00:00,8,8,0,FMN 17 Stenenbrug
664,Stenenbrug 70,2023-05-04,04:00:00,28,21,7,FMN 17 Stenenbrug
664,Stenenbrug 70,2023-05-04,05:00:00,69,49,20,FMN 17 Stenenbrug
664,Stenenbrug 70,2023-05-04,06:00:00,148,92,56,FMN 17 Stenenbrug
664,Stenenbrug 70,2023-05-04,07:00:00,368,288,80,FMN 17 Stenenbrug
664,Stenenbrug 70,2023-05-04,08:00:00,661,461,200,FMN 17 Stenenbrug
664,Stenenbrug 70,2023-05-04,09:00:00,200,164,36,FMN 17 Stenenbrug
664,Stenenbrug 70,2023-05-04,10:00:00,154,108,46,FMN 17 Stenenbrug
664,Stenenbrug 70,2023-05-04,11:00:00,142,106,36,FMN 17 Stenenbrug
664,Stenenbrug 70,2023-05-04,12:00:00,204,166,38,FMN 17 Stenenbrug
664,Stenenbrug 70,2023-05-04,13:00:00,194,132,62,FMN 17 Stenenbrug
664,Stenenbrug 70,2023-05-04,14:00:00,180,128,52,FMN 17 Stenenbrug
664,Stenenbrug 70,2023-05-04,15:00:00,329,206,123,FMN 17 Stenenbrug
664,Stenenbrug 70,2023-05-04,16:00:00,521,333,188,FMN 17 Stenenbrug
664,Stenenbrug 70,2023-05-04,17:00:00,490,286,204,FMN 17 Stenenbrug
664,Stenenbrug 70,2023-05-04,18:00:00,386,262,124,FMN 17 Stenenbrug
664,Stenenbrug 70,2023-05-04,19:00:00,302,227,75,FMN 17 Stenenbrug
664,Stenenbrug 70,2023-05-04,20:00:00,183,132,51,FMN 17 Stenenbrug
664,Stenenbrug 70,2023-05-04,21:00:00,162,119,43,FMN 17 Stenenbrug
664,Stenenbrug 70,2023-05-04,22:00:00,113,74,39,FMN 17 Stenenbrug
664,Stenenbrug 70,2023-05-04,23:00:00,64,42,22,FMN 17 Stenenbrug
664,Stenenbrug 70,2023-05-05,00:00:00,36,13,23,FMN 17 Stenenbrug
664,Stenenbrug 70,2023-05-05,01:00:00,14,7,7,FMN 17 Stenenbrug
664,Stenenbrug 70,2023-05-05,02:00:00,7,3,4,FMN 17 Stenenbrug
664,Stenenbrug 70,2023-05-05,03:00:00,10,4,6,FMN 17 Stenenbrug
664,Stenenbrug 70,2023-05-05,04:00:00,24,19,5,FMN 17 Stenenbrug
664,Stenenbrug 70,2023-05-05,05:00:00,65,45,20,FMN 17 Stenenbrug
664,Stenenbrug 70,2023-05-05,06:00:00,100,76,24,FMN 17 Stenenbrug
664,Stenenbrug 70,2023-05-05,07:00:00,305,233,72,FMN 17 Stenenbrug
664,Stenenbrug 70,2023-05-05,08:00:00,516,364,152,FMN 17 Stenenbrug
664,Stenenbrug 70,2023-05-05,09:00:00,165,129,36,FMN 17 Stenenbrug
664,Stenenbrug 70,2023-05-05,10:00:00,135,103,32,FMN 17 Stenenbrug
664,Stenenbrug 70,2023-05-05,11:00:00,87,62,25,FMN 17 Stenenbrug
664,Stenenbrug 70,2023-05-05,12:00:00,178,132,46,FMN 17 Stenenbrug
664,Stenenbrug 70,2023-05-05,13:00:00,151,105,46,FMN 17 Stenenbrug
664,Stenenbrug 70,2023-05-05,14:00:00,148,94,54,FMN 17 Stenenbrug
664,Stenenbrug 70,2023-05-05,15:00:00,298,178,120,FMN 17 Stenenbrug
664,Stenenbrug 70,2023-05-05,16:00:00,384,214,170,FMN 17 Stenenbrug
664,Stenenbrug 70,2023-05-05,17:00:00,343,217,126,FMN 17 Stenenbrug
664,Stenenbrug 70,2023-05-05,18:00:00,265,188,77,FMN 17 Stenenbrug
664,Stenenbrug 70,2023-05-05,19:00:00,263,187,76,FMN 17 Stenenbrug
664,Stenenbrug 70,2023-05-05,20:00:00,176,128,48,FMN 17 Stenenbrug
664,Stenenbrug 70,2023-05-05,21:00:00,150,111,39,FMN 17 Stenenbrug
664,Stenenbrug 70,2023-05-05,22:00:00,115,80,35,FMN 17 Stenenbrug
664,Stenenbrug 70,2023-05-05,23:00:00,92,62,30,FMN 17 Stenenbrug
664,Stenenbrug 70,2023-05-06,00:00:00,79,46,33,FMN 17 Stenenbrug
664,Stenenbrug 70,2023-05-06,01:00:00,34,17,17,FMN 17 Stenenbrug
664,Stenenbrug 70,2023-05-06,02:00:00,16,10,6,FMN 17 Stenenbrug
664,Stenenbrug 70,2023-05-06,03:00:00,20,11,9,FMN 17 Stenenbrug
664,Stenenbrug 70,2023-05-06,04:00:00,19,11,8,FMN 17 Stenenbrug
664,Stenenbrug 70,2023-05-06,05:00:00,30,21,9,FMN 17 Stenenbrug
664,Stenenbrug 70,2023-05-06,06:00:00,32,15,17,FMN 17 Stenenbrug
664,Stenenbrug 70,2023-05-06,07:00:00,49,28,21,FMN 17 Stenenbrug
664,Stenenbrug 70,2023-05-06,08:00:00,77,52,25,FMN 17 Stenenbrug
664,Stenenbrug 70,2023-05-06,09:00:00,177,102,75,FMN 17 Stenenbrug
664,Stenenbrug 70,2023-05-06,10:00:00,228,144,84,FMN 17 Stenenbrug
664,Stenenbrug 70,2023-05-06,11:00:00,238,187,51,FMN 17 Stenenbrug
664,Stenenbrug 70,2023-05-06,12:00:00,267,195,72,FMN 17 Stenenbrug
664,Stenenbrug 70,2023-05-06,13:00:00,252,199,53,FMN 17 Stenenbrug
664,Stenenbrug 70,2023-05-06,14:00:00,229,183,46,FMN 17 Stenenbrug
664,Stenenbrug 70,2023-05-06,15:00:00,212,166,46,FMN 17 Stenenbrug
664,Stenenbrug 70,2023-05-06,16:00:00,182,140,42,FMN 17 Stenenbrug
664,Stenenbrug 70,2023-05-06,17:00:00,192,144,48,FMN 17 Stenenbrug
664,Stenenbrug 70,2023-05-06,18:00:00,196,135,61,FMN 17 Stenenbrug
664,Stenenbrug 70,2023-05-06,19:00:00,180,141,39,FMN 17 Stenenbrug
664,Stenenbrug 70,2023-05-06,20:00:00,144,116,28,FMN 17 Stenenbrug
664,Stenenbrug 70,2023-05-06,21:00:00,112,83,29,FMN 17 Stenenbrug
664,Stenenbrug 70,2023-05-06,22:00:00,250,210,40,FMN 17 Stenenbrug
664,Stenenbrug 70,2023-05-06,23:00:00,67,47,20,FMN 17 Stenenbrug
664,Stenenbrug 70,2023-05-07,00:00:00,51,36,15,FMN 17 Stenenbrug
664,Stenenbrug 70,2023-05-07,01:00:00,33,27,6,FMN 17 Stenenbrug
664,Stenenbrug 70,2023-05-07,02:00:00,27,17,10,FMN 17 Stenenbrug
664,Stenenbrug 70,2023-05-07,03:00:00,13,8,5,FMN 17 Stenenbrug
664,Stenenbrug 70,2023-05-07,04:00:00,12,5,7,FMN 17 Stenenbrug
664,Stenenbrug 70,2023-05-07,05:00:00,14,7,7,FMN 17 Stenenbrug
664,Stenenbrug 70,2023-05-07,06:00:00,21,13,8,FMN 17 Stenenbrug
664,Stenenbrug 70,2023-05-07,07:00:00,22,12,10,FMN 17 Stenenbrug
664,Stenenbrug 70,2023-05-07,08:00:00,55,35,20,FMN 17 Stenenbrug
664,Stenenbrug 70,2023-05-07,09:00:00,82,55,27,FMN 17 Stenenbrug
664,Stenenbrug 70,2023-05-07,10:00:00,103,85,18,FMN 17 Stenenbrug
664,Stenenbrug 70,2023-05-07,11:00:00,121,82,39,FMN 17 Stenenbrug
664,Stenenbrug 70,2023-05-07,12:00:00,156,129,27,FMN 17 Stenenbrug
664,Stenenbrug 70,2023-05-07,13:00:00,194,145,49,FMN 17 Stenenbrug
664,Stenenbrug 70,2023-05-07,14:00:00,125,95,30,FMN 17 Stenenbrug
664,Stenenbrug 70,2023-05-07,15:00:00,122,82,40,FMN 17 Stenenbrug
664,Stenenbrug 70,2023-05-07,16:00:00,181,136,45,FMN 17 Stenenbrug
664,Stenenbrug 70,2023-05-07,17:00:00,233,194,39,FMN 17 Stenenbrug
664,Stenenbrug 70,2023-05-07,18:00:00,153,130,23,FMN 17 Stenenbrug
664,Stenenbrug 70,2023-05-07,19:00:00,140,97,43,FMN 17 Stenenbrug
664,Stenenbrug 70,2023-05-07,20:00:00,120,96,24,FMN 17 Stenenbrug
664,Stenenbrug 70,2023-05-07,21:00:00,100,70,30,FMN 17 Stenenbrug
664,Stenenbrug 70,2023-05-07,22:00:00,80,59,21,FMN 17 Stenenbrug
664,Stenenbrug 70,2023-05-07,23:00:00,31,15,16,FMN 17 Stenenbrug
664,Stenenbrug 70,2023-05-08,00:00:00,16,9,7,FMN 17 Stenenbrug
664,Stenenbrug 70,2023-05-08,01:00:00,6,5,1,FMN 17 Stenenbrug
664,Stenenbrug 70,2023-05-08,02:00:00,3,2,1,FMN 17 Stenenbrug
664,Stenenbrug 70,2023-05-08,03:00:00,11,9,2,FMN 17 Stenenbrug
664,Stenenbrug 70,2023-05-08,04:00:00,35,26,9,FMN 17 Stenenbrug
664,Stenenbrug 70,2023-05-08,05:00:00,64,42,22,FMN 17 Stenenbrug
664,Stenenbrug 70,2023-05-08,06:00:00,125,91,34,FMN 17 Stenenbrug
664,Stenenbrug 70,2023-05-08,07:00:00,338,276,62,FMN 17 Stenenbrug
664,Stenenbrug 70,2023-05-08,08:00:00,602,420,182,FMN 17 Stenenbrug
664,Stenenbrug 70,2023-05-08,09:00:00,163,135,28,FMN 17 Stenenbrug
664,Stenenbrug 70,2023-05-08,10:00:00,124,83,41,FMN 17 Stenenbrug
664,Stenenbrug 70,2023-05-08,11:00:00,105,68,37,FMN 17 Stenenbrug
664,Stenenbrug 70,2023-05-08,12:00:00,222,156,66,FMN 17 Stenenbrug
664,Stenenbrug 70,2023-05-08,13:00:00,171,127,44,FMN 17 Stenenbrug
664,Stenenbrug 70,2023-05-08,14:00:00,161,104,57,FMN 17 Stenenbrug
664,Stenenbrug 70,2023-05-08,15:00:00,305,209,96,FMN 17 Stenenbrug
664,Stenenbrug 70,2023-05-08,16:00:00,517,336,181,FMN 17 Stenenbrug
664,Stenenbrug 70,2023-05-08,17:00:00,451,269,182,FMN 17 Stenenbrug
664,Stenenbrug 70,2023-05-08,18:00:00,275,164,111,FMN 17 Stenenbrug
664,Stenenbrug 70,2023-05-08,19:00:00,208,152,56,FMN 17 Stenenbrug
664,Stenenbrug 70,2023-05-08,20:00:00,186,118,68,FMN 17 Stenenbrug
664,Stenenbrug 70,2023-05-08,21:00:00,124,86,38,FMN 17 Stenenbrug
664,Stenenbrug 70,2023-05-08,22:00:00,96,61,35,FMN 17 Stenenbrug
664,Stenenbrug 70,2023-05-08,23:00:00,37,18,19,FMN 17 Stenenbrug
664,Stenenbrug 70,2023-05-09,00:00:00,13,6,7,FMN 17 Stenenbrug
664,Stenenbrug 70,2023-05-09,01:00:00,13,10,3,FMN 17 Stenenbrug
664,Stenenbrug 70,2023-05-09,02:00:00,6,6,0,FMN 17 Stenenbrug
664,Stenenbrug 70,2023-05-09,03:00:00,12,9,3,FMN 17 Stenenbrug
664,Stenenbrug 70,2023-05-09,04:00:00,29,25,4,FMN 17 Stenenbrug
664,Stenenbrug 70,2023-05-09,05:00:00,63,47,16,FMN 17 Stenenbrug
664,Stenenbrug 70,2023-05-09,06:00:00,112,79,33,FMN 17 Stenenbrug
664,Stenenbrug 70,2023-05-09,07:00:00,312,238,74,FMN 17 Stenenbrug
664,Stenenbrug 70,2023-05-09,08:00:00,536,363,173,FMN 17 Stenenbrug
664,Stenenbrug 70,2023-05-09,09:00:00,143,111,32,FMN 17 Stenenbrug
664,Stenenbrug 70,2023-05-09,10:00:00,68,56,12,FMN 17 Stenenbrug
664,Stenenbrug 70,2023-05-09,11:00:00,63,46,17,FMN 17 Stenenbrug
664,Stenenbrug 70,2023-05-09,12:00:00,125,88,37,FMN 17 Stenenbrug
664,Stenenbrug 70,2023-05-09,13:00:00,128,76,52,FMN 17 Stenenbrug
664,Stenenbrug 70,2023-05-09,14:00:00,115,69,46,FMN 17 Stenenbrug
664,Stenenbrug 70,2023-05-09,15:00:00,182,109,73,FMN 17 Stenenbrug
664,Stenenbrug 70,2023-05-09,16:00:00,398,259,139,FMN 17 Stenenbrug
664,Stenenbrug 70,2023-05-09,17:00:00,323,207,116,FMN 17 Stenenbrug
664,Stenenbrug 70,2023-05-09,18:00:00,220,132,88,FMN 17 Stenenbrug
664,Stenenbrug 70,2023-05-09,19:00:00,180,125,55,FMN 17 Stenenbrug
664,Stenenbrug 70,2023-05-09,20:00:00,107,83,24,FMN 17 Stenenbrug
664,Stenenbrug 70,2023-05-09,21:00:00,110,72,38,FMN 17 Stenenbrug
664,Stenenbrug 70,2023-05-09,22:00:00,76,56,20,FMN 17 Stenenbrug
664,Stenenbrug 70,2023-05-09,23:00:00,46,27,19,FMN 17 Stenenbrug
664,Stenenbrug 70,2023-05-10,00:00:00,21,12,9,FMN 17 Stenenbrug
664,Stenenbrug 70,2023-05-10,01:00:00,5,2,3,FMN 17 Stenenbrug
664,Stenenbrug 70,2023-05-10,02:00:00,2,2,0,FMN 17 Stenenbrug
664,Stenenbrug 70,2023-05-10,03:00:00,15,11,4,FMN 17 Stenenbrug
664,Stenenbrug 70,2023-05-10,04:00:00,34,30,4,FMN 17 Stenenbrug
664,Stenenbrug 70,2023-05-10,05:00:00,41,32,9,FMN 17 Stenenbrug
664,Stenenbrug 70,2023-05-10,06:00:00,108,77,31,FMN 17 Stenenbrug
664,Stenenbrug 70,2023-05-10,07:00:00,284,220,64,FMN 17 Stenenbrug
664,Stenenbrug 70,2023-05-10,08:00:00,475,314,161,FMN 17 Stenenbrug
664,Stenenbrug 70,2023-05-10,09:00:00,162,125,37,FMN 17 Stenenbrug
664,Stenenbrug 70,2023-05-10,10:00:00,125,103,22,FMN 17 Stenenbrug
664,Stenenbrug 70,2023-05-10,11:00:00,126,101,25,FMN 17 Stenenbrug
664,Stenenbrug 70,2023-05-10,12:00:00,354,265,89,FMN 17 Stenenbrug
664,Stenenbrug 70,2023-05-10,13:00:00,195,120,75,FMN 17 Stenenbrug
664,Stenenbrug 70,2023-05-10,14:00:00,160,110,50,FMN 17 Stenenbrug
664,Stenenbrug 70,2023-05-10,15:00:00,189,110,79,FMN 17 Stenenbrug
664,Stenenbrug 70,2023-05-10,16:00:00,276,159,117,FMN 17 Stenenbrug
664,Stenenbrug 70,2023-05-10,17:00:00,274,172,102,FMN 17 Stenenbrug
664,Stenenbrug 70,2023-05-10,18:00:00,266,168,98,FMN 17 Stenenbrug
664,Stenenbrug 70,2023-05-10,19:00:00,209,142,67,FMN 17 Stenenbrug
664,Stenenbrug 70,2023-05-10,20:00:00,144,106,38,FMN 17 Stenenbrug
664,Stenenbrug 70,2023-05-10,21:00:00,146,116,30,FMN 17 Stenenbrug
664,Stenenbrug 70,2023-05-10,22:00:00,131,87,44,FMN 17 Stenenbrug
664,Stenenbrug 70,2023-05-10,23:00:00,33,20,13,FMN 17 Stenenbrug
664,Stenenbrug 70,2023-05-11,00:00:00,22,10,12,FMN 17 Stenenbrug
664,Stenenbrug 70,2023-05-11,01:00:00,8,5,3,FMN 17 Stenenbrug
664,Stenenbrug 70,2023-05-11,02:00:00,7,4,3,FMN 17 Stenenbrug
664,Stenenbrug 70,2023-05-11,03:00:00,10,7,3,FMN 17 Stenenbrug
664,Stenenbrug 70,2023-05-11,04:00:00,32,24,8,FMN 17 Stenenbrug
664,Stenenbrug 70,2023-05-11,05:00:00,55,34,21,FMN 17 Stenenbrug
664,Stenenbrug 70,2023-05-11,06:00:00,135,100,35,FMN 17 Stenenbrug
664,Stenenbrug 70,2023-05-11,07:00:00,340,258,82,FMN 17 Stenenbrug
664,Stenenbrug 70,2023-05-11,08:00:00,629,422,207,FMN 17 Stenenbrug
664,Stenenbrug 70,2023-05-11,09:00:00,184,142,42,FMN 17 Stenenbrug
664,Stenenbrug 70,2023-05-11,10:00:00,117,92,25,FMN 17 Stenenbrug
664,Stenenbrug 70,2023-05-11,11:00:00,136,105,31,FMN 17 Stenenbrug
664,Stenenbrug 70,2023-05-11,12:00:00,167,123,44,FMN 17 Stenenbrug
664,Stenenbrug 70,2023-05-11,13:00:00,122,76,46,FMN 17 Stenenbrug
664,Stenenbrug 70,2023-05-11,14:00:00,136,65,71,FMN 17 Stenenbrug
664,Stenenbrug 70,2023-05-11,15:00:00,265,127,138,FMN 17 Stenenbrug
664,Stenenbrug 70,2023-05-11,16:00:00,298,132,166,FMN 17 Stenenbrug
664,Stenenbrug 70,2023-05-11,17:00:00,378,187,191,FMN 17 Stenenbrug
664,Stenenbrug 70,2023-05-11,18:00:00,283,132,151,FMN 17 Stenenbrug
664,Stenenbrug 70,2023-05-11,19:00:00,142,64,78,FMN 17 Stenenbrug
664,Stenenbrug 70,2023-05-11,20:00:00,103,35,68,FMN 17 Stenenbrug
664,Stenenbrug 70,2023-05-11,21:00:00,75,19,56,FMN 17 Stenenbrug
664,Stenenbrug 70,2023-05-11,22:00:00,70,20,50,FMN 17 Stenenbrug
664,Stenenbrug 70,2023-05-11,23:00:00,45,14,31,FMN 17 Stenenbrug
664,Stenenbrug 70,2023-05-12,00:00:00,25,10,15,FMN 17 Stenenbrug
664,Stenenbrug 70,2023-05-12,01:00:00,13,7,6,FMN 17 Stenenbrug
664,Stenenbrug 70,2023-05-12,02:00:00,6,1,5,FMN 17 Stenenbrug
664,Stenenbrug 70,2023-05-12,03:00:00,5,1,4,FMN 17 Stenenbrug
664,Stenenbrug 70,2023-05-12,04:00:00,20,8,12,FMN 17 Stenenbrug
664,Stenenbrug 70,2023-05-12,05:00:00,24,6,18,FMN 17 Stenenbrug
664,Stenenbrug 70,2023-05-12,06:00:00,44,10,34,FMN 17 Stenenbrug
664,Stenenbrug 70,2023-05-12,07:00:00,103,20,83,FMN 17 Stenenbrug
664,Stenenbrug 70,2023-05-12,08:00:00,285,107,178,FMN 17 Stenenbrug
664,Stenenbrug 70,2023-05-12,09:00:00,78,22,56,FMN 17 Stenenbrug
664,Stenenbrug 70,2023-05-12,10:00:00,63,20,43,FMN 17 Stenenbrug
664,Stenenbrug 70,2023-05-12,11:00:00,44,12,32,FMN 17 Stenenbrug
664,Stenenbrug 70,2023-05-12,12:00:00,85,25,60,FMN 17 Stenenbrug
664,Stenenbrug 70,2023-05-12,13:00:00,114,30,84,FMN 17 Stenenbrug
664,Stenenbrug 70,2023-05-12,14:00:00,96,12,84,FMN 17 Stenenbrug
664,Stenenbrug 70,2023-05-12,15:00:00,156,37,119,FMN 17 Stenenbrug
664,Stenenbrug 70,2023-05-12,16:00:00,246,67,179,FMN 17 Stenenbrug
664,Stenenbrug 70,2023-05-12,17:00:00,166,35,131,FMN 17 Stenenbrug
664,Stenenbrug 70,2023-05-12,18:00:00,168,47,121,FMN 17 Stenenbrug
664,Stenenbrug 70,2023-05-12,19:00:00,123,56,67,FMN 17 Stenenbrug
664,Stenenbrug 70,2023-05-12,20:00:00,107,35,72,FMN 17 Stenenbrug
664,Stenenbrug 70,2023-05-12,21:00:00,105,37,68,FMN 17 Stenenbrug
664,Stenenbrug 70,2023-05-12,22:00:00,79,27,52,FMN 17 Stenenbrug
664,Stenenbrug 70,2023-05-12,23:00:00,56,21,35,FMN 17 Stenenbrug
664,Stenenbrug 70,2023-05-13,00:00:00,32,9,23,FMN 17 Stenenbrug
664,Stenenbrug 70,2023-05-13,01:00:00,27,11,16,FMN 17 Stenenbrug
664,Stenenbrug 70,2023-05-13,02:00:00,21,5,16,FMN 17 Stenenbrug
664,Stenenbrug 70,2023-05-13,03:00:00,12,8,4,FMN 17 Stenenbrug
664,Stenenbrug 70,2023-05-13,04:00:00,14,2,12,FMN 17 Stenenbrug
664,Stenenbrug 70,2023-05-13,05:00:00,20,6,14,FMN 17 Stenenbrug
664,Stenenbrug 70,2023-05-13,06:00:00,22,5,17,FMN 17 Stenenbrug
664,Stenenbrug 70,2023-05-13,07:00:00,21,6,15,FMN 17 Stenenbrug
664,Stenenbrug 70,2023-05-13,08:00:00,70,21,49,FMN 17 Stenenbrug
664,Stenenbrug 70,2023-05-13,09:00:00,110,17,93,FMN 17 Stenenbrug
664,Stenenbrug 70,2023-05-13,10:00:00,124,22,102,FMN 17 Stenenbrug
664,Stenenbrug 70,2023-05-13,11:00:00,131,31,100,FMN 17 Stenenbrug
664,Stenenbrug 70,2023-05-13,12:00:00,121,41,80,FMN 17 Stenenbrug
664,Stenenbrug 70,2023-05-13,13:00:00,131,27,104,FMN 17 Stenenbrug
664,Stenenbrug 70,2023-05-13,14:00:00,126,39,87,FMN 17 Stenenbrug
664,Stenenbrug 70,2023-05-13,15:00:00,129,42,87,FMN 17 Stenenbrug
664,Stenenbrug 70,2023-05-13,16:00:00,116,29,87,FMN 17 Stenenbrug
664,Stenenbrug 70,2023-05-13,17:00:00,115,46,69,FMN 17 Stenenbrug
664,Stenenbrug 70,2023-05-13,18:00:00,143,40,103,FMN 17 Stenenbrug
664,Stenenbrug 70,2023-05-13,19:00:00,130,52,78,FMN 17 Stenenbrug
664,Stenenbrug 70,2023-05-13,20:00:00,107,35,72,FMN 17 Stenenbrug
664,Stenenbrug 70,2023-05-13,21:00:00,95,43,52,FMN 17 Stenenbrug
664,Stenenbrug 70,2023-05-13,22:00:00,81,45,36,FMN 17 Stenenbrug
664,Stenenbrug 70,2023-05-13,23:00:00,88,37,51,FMN 17 Stenenbrug
664,Stenenbrug 70,2023-05-14,00:00:00,56,23,33,FMN 17 Stenenbrug
664,Stenenbrug 70,2023-05-14,01:00:00,50,35,15,FMN 17 Stenenbrug
664,Stenenbrug 70,2023-05-14,02:00:00,34,19,15,FMN 17 Stenenbrug
664,Stenenbrug 70,2023-05-14,03:00:00,15,10,5,FMN 17 Stenenbrug
664,Stenenbrug 70,2023-05-14,04:00:00,12,3,9,FMN 17 Stenenbrug
664,Stenenbrug 70,2023-05-14,05:00:00,12,8,4,FMN 17 Stenenbrug
664,Stenenbrug 70,2023-05-14,06:00:00,18,11,7,FMN 17 Stenenbrug
664,Stenenbrug 70,2023-05-14,07:00:00,22,10,12,FMN 17 Stenenbrug
664,Stenenbrug 70,2023-05-14,08:00:00,80,57,23,FMN 17 Stenenbrug
664,Stenenbrug 70,2023-05-14,09:00:00,113,78,35,FMN 17 Stenenbrug
664,Stenenbrug 70,2023-05-14,10:00:00,155,123,32,FMN 17 Stenenbrug
664,Stenenbrug 70,2023-05-14,11:00:00,142,103,39,FMN 17 Stenenbrug
664,Stenenbrug 70,2023-05-14,12:00:00,182,126,56,FMN 17 Stenenbrug
664,Stenenbrug 70,2023-05-14,13:00:00,173,114,59,FMN 17 Stenenbrug
664,Stenenbrug 70,2023-05-14,14:00:00,172,98,74,FMN 17 Stenenbrug
664,Stenenbrug 70,2023-05-14,15:00:00,120,52,68,FMN 17 Stenenbrug
664,Stenenbrug 70,2023-05-14,16:00:00,131,76,55,FMN 17 Stenenbrug
664,Stenenbrug 70,2023-05-14,17:00:00,148,98,50,FMN 17 Stenenbrug
664,Stenenbrug 70,2023-05-14,18:00:00,149,113,36,FMN 17 Stenenbrug
664,Stenenbrug 70,2023-05-14,19:00:00,148,118,30,FMN 17 Stenenbrug
664,Stenenbrug 70,2023-05-14,20:00:00,114,80,34,FMN 17 Stenenbrug
664,Stenenbrug 70,2023-05-14,21:00:00,80,47,33,FMN 17 Stenenbrug
664,Stenenbrug 70,2023-05-14,22:00:00,78,49,29,FMN 17 Stenenbrug
664,Stenenbrug 70,2023-05-14,23:00:00,50,21,29,FMN 17 Stenenbrug
664,Stenenbrug 70,2023-05-15,00:00:00,25,11,14,FMN 17 Stenenbrug
664,Stenenbrug 70,2023-05-15,01:00:00,6,5,1,FMN 17 Stenenbrug
664,Stenenbrug 70,2023-05-15,02:00:00,6,1,5,FMN 17 Stenenbrug
664,Stenenbrug 70,2023-05-15,03:00:00,7,4,3,FMN 17 Stenenbrug
664,Stenenbrug 70,2023-05-15,04:00:00,22,14,8,FMN 17 Stenenbrug
664,Stenenbrug 70,2023-05-15,05:00:00,48,33,15,FMN 17 Stenenbrug
664,Stenenbrug 70,2023-05-15,06:00:00,86,57,29,FMN 17 Stenenbrug
664,Stenenbrug 70,2023-05-15,07:00:00,287,200,87,FMN 17 Stenenbrug
664,Stenenbrug 70,2023-05-15,08:00:00,560,323,237,FMN 17 Stenenbrug
664,Stenenbrug 70,2023-05-15,09:00:00,171,114,57,FMN 17 Stenenbrug
664,Stenenbrug 70,2023-05-15,10:00:00,142,99,43,FMN 17 Stenenbrug
664,Stenenbrug 70,2023-05-15,11:00:00,96,59,37,FMN 17 Stenenbrug
664,Stenenbrug 70,2023-05-15,12:00:00,186,102,84,FMN 17 Stenenbrug
664,Stenenbrug 70,2023-05-15,13:00:00,125,64,61,FMN 17 Stenenbrug
664,Stenenbrug 70,2023-05-15,14:00:00,122,68,54,FMN 17 Stenenbrug
664,Stenenbrug 70,2023-05-15,15:00:00,215,112,103,FMN 17 Stenenbrug
664,Stenenbrug 70,2023-05-15,16:00:00,388,194,194,FMN 17 Stenenbrug
664,Stenenbrug 70,2023-05-15,17:00:00,351,176,175,FMN 17 Stenenbrug
664,Stenenbrug 70,2023-05-15,18:00:00,255,117,138,FMN 17 Stenenbrug
664,Stenenbrug 70,2023-05-15,19:00:00,182,100,82,FMN 17 Stenenbrug
664,Stenenbrug 70,2023-05-15,20:00:00,163,88,75,FMN 17 Stenenbrug
664,Stenenbrug 70,2023-05-15,21:00:00,92,57,35,FMN 17 Stenenbrug
664,Stenenbrug 70,2023-05-15,22:00:00,77,42,35,FMN 17 Stenenbrug
664,Stenenbrug 70,2023-05-15,23:00:00,29,16,13,FMN 17 Stenenbrug
664,Stenenbrug 70,2023-05-16,00:00:00,10,6,4,FMN 17 Stenenbrug
664,Stenenbrug 70,2023-05-16,01:00:00,5,2,3,FMN 17 Stenenbrug
664,Stenenbrug 70,2023-05-16,02:00:00,5,3,2,FMN 17 Stenenbrug
664,Stenenbrug 70,2023-05-16,03:00:00,6,4,2,FMN 17 Stenenbrug
664,Stenenbrug 70,2023-05-16,04:00:00,20,12,8,FMN 17 Stenenbrug
664,Stenenbrug 70,2023-05-16,05:00:00,59,39,20,FMN 17 Stenenbrug
664,Stenenbrug 70,2023-05-16,06:00:00,116,67,49,FMN 17 Stenenbrug
664,Stenenbrug 70,2023-05-16,07:00:00,383,225,158,FMN 17 Stenenbrug
664,Stenenbrug 70,2023-05-16,08:00:00,645,371,274,FMN 17 Stenenbrug
664,Stenenbrug 70,2023-05-16,09:00:00,171,113,58,FMN 17 Stenenbrug
664,Stenenbrug 70,2023-05-16,10:00:00,139,91,48,FMN 17 Stenenbrug
664,Stenenbrug 70,2023-05-16,11:00:00,124,77,47,FMN 17 Stenenbrug
664,Stenenbrug 70,2023-05-16,12:00:00,184,124,60,FMN 17 Stenenbrug
664,Stenenbrug 70,2023-05-16,13:00:00,157,104,53,FMN 17 Stenenbrug
664,Stenenbrug 70,2023-05-16,14:00:00,168,112,56,FMN 17 Stenenbrug
664,Stenenbrug 70,2023-05-16,15:00:00,258,171,87,FMN 17 Stenenbrug
664,Stenenbrug 70,2023-05-16,16:00:00,387,260,127,FMN 17 Stenenbrug
664,Stenenbrug 70,2023-05-16,17:00:00,307,165,142,FMN 17 Stenenbrug
664,Stenenbrug 70,2023-05-16,18:00:00,275,178,97,FMN 17 Stenenbrug
664,Stenenbrug 70,2023-05-16,19:00:00,202,130,72,FMN 17 Stenenbrug
664,Stenenbrug 70,2023-05-16,20:00:00,149,94,55,FMN 17 Stenenbrug
664,Stenenbrug 70,2023-05-16,21:00:00,134,78,56,FMN 17 Stenenbrug
664,Stenenbrug 70,2023-05-16,22:00:00,124,71,53,FMN 17 Stenenbrug
664,Stenenbrug 70,2023-05-16,23:00:00,50,29,21,FMN 17 Stenenbrug
664,Stenenbrug 70,2023-05-17,00:00:00,24,14,10,FMN 17 Stenenbrug
664,Stenenbrug 70,2023-05-17,01:00:00,19,9,10,FMN 17 Stenenbrug
664,Stenenbrug 70,2023-05-17,02:00:00,8,2,6,FMN 17 Stenenbrug
664,Stenenbrug 70,2023-05-17,03:00:00,9,6,3,FMN 17 Stenenbrug
664,Stenenbrug 70,2023-05-17,04:00:00,28,18,10,FMN 17 Stenenbrug
664,Stenenbrug 70,2023-05-17,05:00:00,47,30,17,FMN 17 Stenenbrug
664,Stenenbrug 70,2023-05-17,06:00:00,105,64,41,FMN 17 Stenenbrug
664,Stenenbrug 70,2023-05-17,07:00:00,294,184,110,FMN 17 Stenenbrug
664,Stenenbrug 70,2023-05-17,08:00:00,540,284,256,FMN 17 Stenenbrug
664,Stenenbrug 70,2023-05-17,09:00:00,166,120,46,FMN 17 Stenenbrug
664,Stenenbrug 70,2023-05-17,10:00:00,111,75,36,FMN 17 Stenenbrug
664,Stenenbrug 70,2023-05-17,11:00:00,147,97,50,FMN 17 Stenenbrug
664,Stenenbrug 70,2023-05-17,12:00:00,285,185,100,FMN 17 Stenenbrug
664,Stenenbrug 70,2023-05-17,13:00:00,149,75,74,FMN 17 Stenenbrug
664,Stenenbrug 70,2023-05-17,14:00:00,180,96,84,FMN 17 Stenenbrug
664,Stenenbrug 70,2023-05-17,15:00:00,212,122,90,FMN 17 Stenenbrug
664,Stenenbrug 70,2023-05-17,16:00:00,241,134,107,FMN 17 Stenenbrug
664,Stenenbrug 70,2023-05-17,17:00:00,340,194,146,FMN 17 Stenenbrug
664,Stenenbrug 70,2023-05-17,18:00:00,289,207,82,FMN 17 Stenenbrug
664,Stenenbrug 70,2023-05-17,19:00:00,229,159,70,FMN 17 Stenenbrug
664,Stenenbrug 70,2023-05-17,20:00:00,198,128,70,FMN 17 Stenenbrug
664,Stenenbrug 70,2023-05-17,21:00:00,137,80,57,FMN 17 Stenenbrug
664,Stenenbrug 70,2023-05-17,22:00:00,118,92,26,FMN 17 Stenenbrug
664,Stenenbrug 70,2023-05-17,23:00:00,97,52,45,FMN 17 Stenenbrug
664,Stenenbrug 70,2023-05-18,00:00:00,41,30,11,FMN 17 Stenenbrug
664,Stenenbrug 70,2023-05-18,01:00:00,17,8,9,FMN 17 Stenenbrug
664,Stenenbrug 70,2023-05-18,02:00:00,9,5,4,FMN 17 Stenenbrug
664,Stenenbrug 70,2023-05-18,03:00:00,11,6,5,FMN 17 Stenenbrug
664,Stenenbrug 70,2023-05-18,04:00:00,11,7,4,FMN 17 Stenenbrug
664,Stenenbrug 70,2023-05-18,05:00:00,16,12,4,FMN 17 Stenenbrug
664,Stenenbrug 70,2023-05-18,06:00:00,22,16,6,FMN 17 Stenenbrug
664,Stenenbrug 70,2023-05-18,07:00:00,32,21,11,FMN 17 Stenenbrug
664,Stenenbrug 70,2023-05-18,08:00:00,48,31,17,FMN 17 Stenenbrug
664,Stenenbrug 70,2023-05-18,09:00:00,85,59,26,FMN 17 Stenenbrug
664,Stenenbrug 70,2023-05-18,10:00:00,102,65,37,FMN 17 Stenenbrug
664,Stenenbrug 70,2023-05-18,11:00:00,107,69,38,FMN 17 Stenenbrug
664,Stenenbrug 70,2023-05-18,12:00:00,164,111,53,FMN 17 Stenenbrug
664,Stenenbrug 70,2023-05-18,13:00:00,160,113,47,FMN 17 Stenenbrug
664,Stenenbrug 70,2023-05-18,14:00:00,167,117,50,FMN 17 Stenenbrug
664,Stenenbrug 70,2023-05-18,15:00:00,133,102,31,FMN 17 Stenenbrug
664,Stenenbrug 70,2023-05-18,16:00:00,130,93,37,FMN 17 Stenenbrug
664,Stenenbrug 70,2023-05-18,17:00:00,192,142,50,FMN 17 Stenenbrug
664,Stenenbrug 70,2023-05-18,18:00:00,158,124,34,FMN 17 Stenenbrug
664,Stenenbrug 70,2023-05-18,19:00:00,174,128,46,FMN 17 Stenenbrug
664,Stenenbrug 70,2023-05-18,20:00:00,158,118,40,FMN 17 Stenenbrug
664,Stenenbrug 70,2023-05-18,21:00:00,105,73,32,FMN 17 Stenenbrug
664,Stenenbrug 70,2023-05-18,22:00:00,63,45,18,FMN 17 Stenenbrug
664,Stenenbrug 70,2023-05-18,23:00:00,44,28,16,FMN 17 Stenenbrug
664,Stenenbrug 70,2023-05-19,00:00:00,32,23,9,FMN 17 Stenenbrug
664,Stenenbrug 70,2023-05-19,01:00:00,16,12,4,FMN 17 Stenenbrug
664,Stenenbrug 70,2023-05-19,02:00:00,11,8,3,FMN 17 Stenenbrug
664,Stenenbrug 70,2023-05-19,03:00:00,8,4,4,FMN 17 Stenenbrug
664,Stenenbrug 70,2023-05-19,04:00:00,19,10,9,FMN 17 Stenenbrug
664,Stenenbrug 70,2023-05-19,05:00:00,25,15,10,FMN 17 Stenenbrug
664,Stenenbrug 70,2023-05-19,06:00:00,53,42,11,FMN 17 Stenenbrug
664,Stenenbrug 70,2023-05-19,07:00:00,61,49,12,FMN 17 Stenenbrug
664,Stenenbrug 70,2023-05-19,08:00:00,81,58,23,FMN 17 Stenenbrug
664,Stenenbrug 70,2023-05-19,09:00:00,69,38,31,FMN 17 Stenenbrug
664,Stenenbrug 70,2023-05-19,10:00:00,70,40,30,FMN 17 Stenenbrug
664,Stenenbrug 70,2023-05-19,11:00:00,79,30,49,FMN 17 Stenenbrug
664,Stenenbrug 70,2023-05-19,12:00:00,95,33,62,FMN 17 Stenenbrug
664,Stenenbrug 70,2023-05-19,13:00:00,92,23,69,FMN 17 Stenenbrug
664,Stenenbrug 70,2023-05-19,14:00:00,130,32,98,FMN 17 Stenenbrug
664,Stenenbrug 70,2023-05-19,15:00:00,89,23,66,FMN 17 Stenenbrug
664,Stenenbrug 70,2023-05-19,16:00:00,122,16,106,FMN 17 Stenenbrug
664,Stenenbrug 70,2023-05-19,17:00:00,120,22,98,FMN 17 Stenenbrug
664,Stenenbrug 70,2023-05-19,18:00:00,102,12,90,FMN 17 Stenenbrug
664,Stenenbrug 70,2023-05-19,19:00:00,89,14,75,FMN 17 Stenenbrug
664,Stenenbrug 70,2023-05-19,20:00:00,71,12,59,FMN 17 Stenenbrug
664,Stenenbrug 70,2023-05-19,21:00:00,60,8,52,FMN 17 Stenenbrug
664,Stenenbrug 70,2023-05-19,22:00:00,78,15,63,FMN 17 Stenenbrug
664,Stenenbrug 70,2023-05-19,23:00:00,42,5,37,FMN 17 Stenenbrug
664,Stenenbrug 70,2023-05-20,00:00:00,38,5,33,FMN 17 Stenenbrug
664,Stenenbrug 70,2023-05-20,01:00:00,11,4,7,FMN 17 Stenenbrug
664,Stenenbrug 70,2023-05-20,02:00:00,5,2,3,FMN 17 Stenenbrug
664,Stenenbrug 70,2023-05-20,03:00:00,4,1,3,FMN 17 Stenenbrug
664,Stenenbrug 70,2023-05-20,04:00:00,8,3,5,FMN 17 Stenenbrug
664,Stenenbrug 70,2023-05-20,05:00:00,17,2,15,FMN 17 Stenenbrug
664,Stenenbrug 70,2023-05-20,06:00:00,14,3,11,FMN 17 Stenenbrug
664,Stenenbrug 70,2023-05-20,07:00:00,14,2,12,FMN 17 Stenenbrug
664,Stenenbrug 70,2023-05-20,08:00:00,34,3,31,FMN 17 Stenenbrug
664,Stenenbrug 70,2023-05-20,09:00:00,67,5,62,FMN 17 Stenenbrug
664,Stenenbrug 70,2023-05-20,10:00:00,99,16,83,FMN 17 Stenenbrug
664,Stenenbrug 70,2023-05-20,11:00:00,106,18,88,FMN 17 Stenenbrug
664,Stenenbrug 70,2023-05-20,12:00:00,113,29,84,FMN 17 Stenenbrug
664,Stenenbrug 70,2023-05-20,13:00:00,116,26,90,FMN 17 Stenenbrug
664,Stenenbrug 70,2023-05-20,14:00:00,111,23,88,FMN 17 Stenenbrug
664,Stenenbrug 70,2023-05-20,15:00:00,96,16,80,FMN 17 Stenenbrug
664,Stenenbrug 70,2023-05-20,16:00:00,92,16,76,FMN 17 Stenenbrug
664,Stenenbrug 70,2023-05-20,17:00:00,119,19,100,FMN 17 Stenenbrug
664,Stenenbrug 70,2023-05-20,18:00:00,114,20,94,FMN 17 Stenenbrug
664,Stenenbrug 70,2023-05-20,19:00:00,111,34,77,FMN 17 Stenenbrug
664,Stenenbrug 70,2023-05-20,20:00:00,101,35,66,FMN 17 Stenenbrug
664,Stenenbrug 70,2023-05-20,21:00:00,79,23,56,FMN 17 Stenenbrug
664,Stenenbrug 70,2023-05-20,22:00:00,69,22,47,FMN 17 Stenenbrug
664,Stenenbrug 70,2023-05-20,23:00:00,66,17,49,FMN 17 Stenenbrug
664,Stenenbrug 70,2023-05-21,00:00:00,38,7,31,FMN 17 Stenenbrug
664,Stenenbrug 70,2023-05-21,01:00:00,21,6,15,FMN 17 Stenenbrug
664,Stenenbrug 70,2023-05-21,02:00:00,14,4,10,FMN 17 Stenenbrug
664,Stenenbrug 70,2023-05-21,03:00:00,15,6,9,FMN 17 Stenenbrug
664,Stenenbrug 70,2023-05-21,04:00:00,8,1,7,FMN 17 Stenenbrug
664,Stenenbrug 70,2023-05-21,05:00:00,13,3,10,FMN 17 Stenenbrug
664,Stenenbrug 70,2023-05-21,06:00:00,17,4,13,FMN 17 Stenenbrug
664,Stenenbrug 70,2023-05-21,07:00:00,10,3,7,FMN 17 Stenenbrug
664,Stenenbrug 70,2023-05-21,08:00:00,38,7,31,FMN 17 Stenenbrug
664,Stenenbrug 70,2023-05-21,09:00:00,61,11,50,FMN 17 Stenenbrug
664,Stenenbrug 70,2023-05-21,10:00:00,75,18,57,FMN 17 Stenenbrug
664,Stenenbrug 70,2023-05-21,11:00:00,75,11,64,FMN 17 Stenenbrug
664,Stenenbrug 70,2023-05-21,12:00:00,96,23,73,FMN 17 Stenenbrug
664,Stenenbrug 70,2023-05-21,13:00:00,104,15,89,FMN 17 Stenenbrug
664,Stenenbrug 70,2023-05-21,14:00:00,152,40,112,FMN 17 Stenenbrug
664,Stenenbrug 70,2023-05-21,15:00:00,150,86,64,FMN 17 Stenenbrug
664,Stenenbrug 70,2023-05-21,16:00:00,171,103,68,FMN 17 Stenenbrug
664,Stenenbrug 70,2023-05-21,17:00:00,165,91,74,FMN 17 Stenenbrug
664,Stenenbrug 70,2023-05-21,18:00:00,170,110,60,FMN 17 Stenenbrug
664,Stenenbrug 70,2023-05-21,19:00:00,169,115,54,FMN 17 Stenenbrug
664,Stenenbrug 70,2023-05-21,20:00:00,140,101,39,FMN 17 Stenenbrug
664,Stenenbrug 70,2023-05-21,21:00:00,96,64,32,FMN 17 Stenenbrug
664,Stenenbrug 70,2023-05-21,22:00:00,89,58,31,FMN 17 Stenenbrug
664,Stenenbrug 70,2023-05-21,23:00:00,45,33,12,FMN 17 Stenenbrug
664,Stenenbrug 70,2023-05-22,00:00:00,14,10,4,FMN 17 Stenenbrug
664,Stenenbrug 70,2023-05-22,01:00:00,8,5,3,FMN 17 Stenenbrug
664,Stenenbrug 70,2023-05-22,02:00:00,6,3,3,FMN 17 Stenenbrug
664,Stenenbrug 70,2023-05-22,03:00:00,6,4,2,FMN 17 Stenenbrug
664,Stenenbrug 70,2023-05-22,04:00:00,26,19,7,FMN 17 Stenenbrug
664,Stenenbrug 70,2023-05-22,05:00:00,43,38,5,FMN 17 Stenenbrug
664,Stenenbrug 70,2023-05-22,06:00:00,85,68,17,FMN 17 Stenenbrug
664,Stenenbrug 70,2023-05-22,07:00:00,243,199,44,FMN 17 Stenenbrug
664,Stenenbrug 70,2023-05-22,08:00:00,408,304,104,FMN 17 Stenenbrug
664,Stenenbrug 70,2023-05-22,09:00:00,138,113,25,FMN 17 Stenenbrug
664,Stenenbrug 70,2023-05-22,10:00:00,97,78,19,FMN 17 Stenenbrug
664,Stenenbrug 70,2023-05-22,11:00:00,106,82,24,FMN 17 Stenenbrug
664,Stenenbrug 70,2023-05-22,12:00:00,161,123,38,FMN 17 Stenenbrug
664,Stenenbrug 70,2023-05-22,13:00:00,164,113,51,FMN 17 Stenenbrug
664,Stenenbrug 70,2023-05-22,14:00:00,159,106,53,FMN 17 Stenenbrug
664,Stenenbrug 70,2023-05-22,15:00:00,232,156,76,FMN 17 Stenenbrug
664,Stenenbrug 70,2023-05-22,16:00:00,363,251,112,FMN 17 Stenenbrug
664,Stenenbrug 70,2023-05-22,17:00:00,302,199,103,FMN 17 Stenenbrug
664,Stenenbrug 70,2023-05-22,18:00:00,232,158,74,FMN 17 Stenenbrug
664,Stenenbrug 70,2023-05-22,19:00:00,162,114,48,FMN 17 Stenenbrug
664,Stenenbrug 70,2023-05-22,20:00:00,128,93,35,FMN 17 Stenenbrug
664,Stenenbrug 70,2023-05-22,21:00:00,107,79,28,FMN 17 Stenenbrug
664,Stenenbrug 70,2023-05-22,22:00:00,74,52,22,FMN 17 Stenenbrug
664,Stenenbrug 70,2023-05-22,23:00:00,30,17,13,FMN 17 Stenenbrug
664,Stenenbrug 70,2023-05-23,00:00:00,0,0,0,FMN 17 Stenenbrug
664,Stenenbrug 70,2023-05-23,01:00:00,8,3,5,FMN 17 Stenenbrug
664,Stenenbrug 70,2023-05-23,02:00:00,2,2,0,FMN 17 Stenenbrug
664,Stenenbrug 70,2023-05-23,03:00:00,3,1,2,FMN 17 Stenenbrug
664,Stenenbrug 70,2023-05-23,04:00:00,18,14,4,FMN 17 Stenenbrug
664,Stenenbrug 70,2023-05-23,05:00:00,56,45,11,FMN 17 Stenenbrug
664,Stenenbrug 70,2023-05-23,06:00:00,95,68,27,FMN 17 Stenenbrug
664,Stenenbrug 70,2023-05-23,07:00:00,267,210,57,FMN 17 Stenenbrug
664,Stenenbrug 70,2023-05-23,08:00:00,446,329,117,FMN 17 Stenenbrug
664,Stenenbrug 70,2023-05-23,09:00:00,153,129,24,FMN 17 Stenenbrug
664,Stenenbrug 70,2023-05-23,10:00:00,98,77,21,FMN 17 Stenenbrug
664,Stenenbrug 70,2023-05-23,11:00:00,91,66,25,FMN 17 Stenenbrug
664,Stenenbrug 70,2023-05-23,12:00:00,174,132,42,FMN 17 Stenenbrug
664,Stenenbrug 70,2023-05-23,13:00:00,151,105,46,FMN 17 Stenenbrug
664,Stenenbrug 70,2023-05-23,14:00:00,153,98,55,FMN 17 Stenenbrug
664,Stenenbrug 70,2023-05-23,15:00:00,231,147,84,FMN 17 Stenenbrug
664,Stenenbrug 70,2023-05-23,16:00:00,372,254,118,FMN 17 Stenenbrug
664,Stenenbrug 70,2023-05-23,17:00:00,312,197,115,FMN 17 Stenenbrug
664,Stenenbrug 70,2023-05-23,18:00:00,254,169,85,FMN 17 Stenenbrug
664,Stenenbrug 70,2023-05-23,19:00:00,201,145,56,FMN 17 Stenenbrug
664,Stenenbrug 70,2023-05-23,20:00:00,127,97,30,FMN 17 Stenenbrug
664,Stenenbrug 70,2023-05-23,21:00:00,96,64,32,FMN 17 Stenenbrug
664,Stenenbrug 70,2023-05-23,22:00:00,76,54,22,FMN 17 Stenenbrug
664,Stenenbrug 70,2023-05-23,23:00:00,41,24,17,FMN 17 Stenenbrug
664,Stenenbrug 70,2023-05-24,00:00:00,0,0,0,FMN 17 Stenenbrug
664,Stenenbrug 70,2023-05-24,01:00:00,6,4,2,FMN 17 Stenenbrug
664,Stenenbrug 70,2023-05-24,02:00:00,11,7,4,FMN 17 Stenenbrug
664,Stenenbrug 70,2023-05-24,03:00:00,8,7,1,FMN 17 Stenenbrug
664,Stenenbrug 70,2023-05-24,04:00:00,35,27,8,FMN 17 Stenenbrug
664,Stenenbrug 70,2023-05-24,05:00:00,44,31,13,FMN 17 Stenenbrug
664,Stenenbrug 70,2023-05-24,06:00:00,80,59,21,FMN 17 Stenenbrug
664,Stenenbrug 70,2023-05-24,07:00:00,233,175,58,FMN 17 Stenenbrug
664,Stenenbrug 70,2023-05-24,08:00:00,369,263,106,FMN 17 Stenenbrug
664,Stenenbrug 70,2023-05-24,09:00:00,128,99,29,FMN 17 Stenenbrug
664,Stenenbrug 70,2023-05-24,10:00:00,113,85,28,FMN 17 Stenenbrug
664,Stenenbrug 70,2023-05-24,11:00:00,114,75,39,FMN 17 Stenenbrug
664,Stenenbrug 70,2023-05-24,12:00:00,293,207,86,FMN 17 Stenenbrug
664,Stenenbrug 70,2023-05-24,13:00:00,189,119,70,FMN 17 Stenenbrug
664,Stenenbrug 70,2023-05-24,14:00:00,185,122,63,FMN 17 Stenenbrug
664,Stenenbrug 70,2023-05-24,15:00:00,193,112,81,FMN 17 Stenenbrug
664,Stenenbrug 70,2023-05-24,16:00:00,274,165,109,FMN 17 Stenenbrug
664,Stenenbrug 70,2023-05-24,17:00:00,305,178,127,FMN 17 Stenenbrug
664,Stenenbrug 70,2023-05-24,18:00:00,248,155,93,FMN 17 Stenenbrug
664,Stenenbrug 70,2023-05-24,19:00:00,172,109,63,FMN 17 Stenenbrug
664,Stenenbrug 70,2023-05-24,20:00:00,136,86,50,FMN 17 Stenenbrug
664,Stenenbrug 70,2023-05-24,21:00:00,91,59,32,FMN 17 Stenenbrug
664,Stenenbrug 70,2023-05-24,22:00:00,91,60,31,FMN 17 Stenenbrug
664,Stenenbrug 70,2023-05-24,23:00:00,45,24,21,FMN 17 Stenenbrug
664,Stenenbrug 70,2023-05-25,00:00:00,0,0,0,FMN 17 Stenenbrug
664,Stenenbrug 70,2023-05-25,01:00:00,7,2,5,FMN 17 Stenenbrug
664,Stenenbrug 70,2023-05-25,02:00:00,6,4,2,FMN 17 Stenenbrug
664,Stenenbrug 70,2023-05-25,03:00:00,8,4,4,FMN 17 Stenenbrug
664,Stenenbrug 70,2023-05-25,04:00:00,21,15,6,FMN 17 Stenenbrug
664,Stenenbrug 70,2023-05-25,05:00:00,54,30,24,FMN 17 Stenenbrug
664,Stenenbrug 70,2023-05-25,06:00:00,112,70,42,FMN 17 Stenenbrug
664,Stenenbrug 70,2023-05-25,07:00:00,245,177,68,FMN 17 Stenenbrug
664,Stenenbrug 70,2023-05-25,08:00:00,397,263,134,FMN 17 Stenenbrug
664,Stenenbrug 70,2023-05-25,09:00:00,155,111,44,FMN 17 Stenenbrug
664,Stenenbrug 70,2023-05-25,10:00:00,101,65,36,FMN 17 Stenenbrug
664,Stenenbrug 70,2023-05-25,11:00:00,106,71,35,FMN 17 Stenenbrug
664,Stenenbrug 70,2023-05-25,12:00:00,159,108,51,FMN 17 Stenenbrug
664,Stenenbrug 70,2023-05-25,13:00:00,137,87,50,FMN 17 Stenenbrug
664,Stenenbrug 70,2023-05-25,14:00:00,131,81,50,FMN 17 Stenenbrug
664,Stenenbrug 70,2023-05-25,15:00:00,229,133,96,FMN 17 Stenenbrug
664,Stenenbrug 70,2023-05-25,16:00:00,338,193,145,FMN 17 Stenenbrug
664,Stenenbrug 70,2023-05-25,17:00:00,310,178,132,FMN 17 Stenenbrug
664,Stenenbrug 70,2023-05-25,18:00:00,258,159,99,FMN 17 Stenenbrug
664,Stenenbrug 70,2023-05-25,19:00:00,192,129,63,FMN 17 Stenenbrug
664,Stenenbrug 70,2023-05-25,20:00:00,128,76,52,FMN 17 Stenenbrug
664,Stenenbrug 70,2023-05-25,21:00:00,105,65,40,FMN 17 Stenenbrug
664,Stenenbrug 70,2023-05-25,22:00:00,90,49,41,FMN 17 Stenenbrug
664,Stenenbrug 70,2023-05-25,23:00:00,57,23,34,FMN 17 Stenenbrug
664,Stenenbrug 70,2023-05-26,00:00:00,0,0,0,FMN 17 Stenenbrug
664,Stenenbrug 70,2023-05-26,01:00:00,18,6,12,FMN 17 Stenenbrug
664,Stenenbrug 70,2023-05-26,02:00:00,7,4,3,FMN 17 Stenenbrug
664,Stenenbrug 70,2023-05-26,03:00:00,9,5,4,FMN 17 Stenenbrug
664,Stenenbrug 70,2023-05-26,04:00:00,23,14,9,FMN 17 Stenenbrug
664,Stenenbrug 70,2023-05-26,05:00:00,44,30,14,FMN 17 Stenenbrug
664,Stenenbrug 70,2023-05-26,06:00:00,94,55,39,FMN 17 Stenenbrug
664,Stenenbrug 70,2023-05-26,07:00:00,225,162,63,FMN 17 Stenenbrug
664,Stenenbrug 70,2023-05-26,08:00:00,361,226,135,FMN 17 Stenenbrug
664,Stenenbrug 70,2023-05-26,09:00:00,131,82,49,FMN 17 Stenenbrug
664,Stenenbrug 70,2023-05-26,10:00:00,121,73,48,FMN 17 Stenenbrug
664,Stenenbrug 70,2023-05-26,11:00:00,118,79,39,FMN 17 Stenenbrug
664,Stenenbrug 70,2023-05-26,12:00:00,183,118,65,FMN 17 Stenenbrug
664,Stenenbrug 70,2023-05-26,13:00:00,161,90,71,FMN 17 Stenenbrug
664,Stenenbrug 70,2023-05-26,14:00:00,172,94,78,FMN 17 Stenenbrug
664,Stenenbrug 70,2023-05-26,15:00:00,245,135,110,FMN 17 Stenenbrug
664,Stenenbrug 70,2023-05-26,16:00:00,325,177,148,FMN 17 Stenenbrug
664,Stenenbrug 70,2023-05-26,17:00:00,273,145,128,FMN 17 Stenenbrug
664,Stenenbrug 70,2023-05-26,18:00:00,249,155,94,FMN 17 Stenenbrug
664,Stenenbrug 70,2023-05-26,19:00:00,200,127,73,FMN 17 Stenenbrug
664,Stenenbrug 70,2023-05-26,20:00:00,131,88,43,FMN 17 Stenenbrug
664,Stenenbrug 70,2023-05-26,21:00:00,115,78,37,FMN 17 Stenenbrug
664,Stenenbrug 70,2023-05-26,22:00:00,109,57,52,FMN 17 Stenenbrug
664,Stenenbrug 70,2023-05-26,23:00:00,64,36,28,FMN 17 Stenenbrug
664,Stenenbrug 70,2023-05-27,00:00:00,0,0,0,FMN 17 Stenenbrug
664,Stenenbrug 70,2023-05-27,01:00:00,30,19,11,FMN 17 Stenenbrug
664,Stenenbrug 70,2023-05-27,02:00:00,21,12,9,FMN 17 Stenenbrug
664,Stenenbrug 70,2023-05-27,03:00:00,22,13,9,FMN 17 Stenenbrug
664,Stenenbrug 70,2023-05-27,04:00:00,15,10,5,FMN 17 Stenenbrug
664,Stenenbrug 70,2023-05-27,05:00:00,18,6,12,FMN 17 Stenenbrug
664,Stenenbrug 70,2023-05-27,06:00:00,26,14,12,FMN 17 Stenenbrug
664,Stenenbrug 70,2023-05-27,07:00:00,38,31,7,FMN 17 Stenenbrug
664,Stenenbrug 70,2023-05-27,08:00:00,70,36,34,FMN 17 Stenenbrug
664,Stenenbrug 70,2023-05-27,09:00:00,135,82,53,FMN 17 Stenenbrug
664,Stenenbrug 70,2023-05-27,10:00:00,168,102,66,FMN 17 Stenenbrug
664,Stenenbrug 70,2023-05-27,11:00:00,202,133,69,FMN 17 Stenenbrug
664,Stenenbrug 70,2023-05-27,12:00:00,186,127,59,FMN 17 Stenenbrug
664,Stenenbrug 70,2023-05-27,13:00:00,208,136,72,FMN 17 Stenenbrug
664,Stenenbrug 70,2023-05-27,14:00:00,187,132,55,FMN 17 Stenenbrug
664,Stenenbrug 70,2023-05-27,15:00:00,195,137,58,FMN 17 Stenenbrug
664,Stenenbrug 70,2023-05-27,16:00:00,176,117,59,FMN 17 Stenenbrug
664,Stenenbrug 70,2023-05-27,17:00:00,186,134,52,FMN 17 Stenenbrug
664,Stenenbrug 70,2023-05-27,18:00:00,178,131,47,FMN 17 Stenenbrug
664,Stenenbrug 70,2023-05-27,19:00:00,157,113,44,FMN 17 Stenenbrug
664,Stenenbrug 70,2023-05-27,20:00:00,134,102,32,FMN 17 Stenenbrug
664,Stenenbrug 70,2023-05-27,21:00:00,81,54,27,FMN 17 Stenenbrug
664,Stenenbrug 70,2023-05-27,22:00:00,84,56,28,FMN 17 Stenenbrug
664,Stenenbrug 70,2023-05-27,23:00:00,81,44,37,FMN 17 Stenenbrug
664,Stenenbrug 70,2023-05-28,00:00:00,0,0,0,FMN 17 Stenenbrug
664,Stenenbrug 70,2023-05-28,01:00:00,39,23,16,FMN 17 Stenenbrug
664,Stenenbrug 70,2023-05-28,02:00:00,30,16,14,FMN 17 Stenenbrug
664,Stenenbrug 70,2023-05-28,03:00:00,19,11,8,FMN 17 Stenenbrug
664,Stenenbrug 70,2023-05-28,04:00:00,16,7,9,FMN 17 Stenenbrug
664,Stenenbrug 70,2023-05-28,05:00:00,22,18,4,FMN 17 Stenenbrug
664,Stenenbrug 70,2023-05-28,06:00:00,22,12,10,FMN 17 Stenenbrug
664,Stenenbrug 70,2023-05-28,07:00:00,22,16,6,FMN 17 Stenenbrug
664,Stenenbrug 70,2023-05-28,08:00:00,64,38,26,FMN 17 Stenenbrug
664,Stenenbrug 70,2023-05-28,09:00:00,104,68,36,FMN 17 Stenenbrug
664,Stenenbrug 70,2023-05-28,10:00:00,113,78,35,FMN 17 Stenenbrug
664,Stenenbrug 70,2023-05-28,11:00:00,153,97,56,FMN 17 Stenenbrug
664,Stenenbrug 70,2023-05-28,12:00:00,203,146,57,FMN 17 Stenenbrug
664,Stenenbrug 70,2023-05-28,13:00:00,194,131,63,FMN 17 Stenenbrug
664,Stenenbrug 70,2023-05-28,14:00:00,184,116,68,FMN 17 Stenenbrug
664,Stenenbrug 70,2023-05-28,15:00:00,158,99,59,FMN 17 Stenenbrug
664,Stenenbrug 70,2023-05-28,16:00:00,177,117,60,FMN 17 Stenenbrug
664,Stenenbrug 70,2023-05-28,17:00:00,176,121,55,FMN 17 Stenenbrug
664,Stenenbrug 70,2023-05-28,18:00:00,181,130,51,FMN 17 Stenenbrug
664,Stenenbrug 70,2023-05-28,19:00:00,158,102,56,FMN 17 Stenenbrug
664,Stenenbrug 70,2023-05-28,20:00:00,119,77,42,FMN 17 Stenenbrug
664,Stenenbrug 70,2023-05-28,21:00:00,100,58,42,FMN 17 Stenenbrug
664,Stenenbrug 70,2023-05-28,22:00:00,76,44,32,FMN 17 Stenenbrug
664,Stenenbrug 70,2023-05-28,23:00:00,39,18,21,FMN 17 Stenenbrug
664,Stenenbrug 70,2023-05-29,00:00:00,0,0,0,FMN 17 Stenenbrug
664,Stenenbrug 70,2023-05-29,01:00:00,11,4,7,FMN 17 Stenenbrug
664,Stenenbrug 70,2023-05-29,02:00:00,1,1,0,FMN 17 Stenenbrug
664,Stenenbrug 70,2023-05-29,03:00:00,4,2,2,FMN 17 Stenenbrug
664,Stenenbrug 70,2023-05-29,04:00:00,14,10,4,FMN 17 Stenenbrug
664,Stenenbrug 70,2023-05-29,05:00:00,27,15,12,FMN 17 Stenenbrug
664,Stenenbrug 70,2023-05-29,06:00:00,52,34,18,FMN 17 Stenenbrug
664,Stenenbrug 70,2023-05-29,07:00:00,167,115,52,FMN 17 Stenenbrug
664,Stenenbrug 70,2023-05-29,08:00:00,291,176,115,FMN 17 Stenenbrug
664,Stenenbrug 70,2023-05-29,09:00:00,89,62,27,FMN 17 Stenenbrug
664,Stenenbrug 70,2023-05-29,10:00:00,84,51,33,FMN 17 Stenenbrug
664,Stenenbrug 70,2023-05-29,11:00:00,65,38,27,FMN 17 Stenenbrug
664,Stenenbrug 70,2023-05-29,12:00:00,115,73,42,FMN 17 Stenenbrug
664,Stenenbrug 70,2023-05-29,13:00:00,114,60,54,FMN 17 Stenenbrug
664,Stenenbrug 70,2023-05-29,14:00:00,116,61,55,FMN 17 Stenenbrug
664,Stenenbrug 70,2023-05-29,15:00:00,163,80,83,FMN 17 Stenenbrug
664,Stenenbrug 70,2023-05-29,16:00:00,258,138,120,FMN 17 Stenenbrug
664,Stenenbrug 70,2023-05-29,17:00:00,237,129,108,FMN 17 Stenenbrug
664,Stenenbrug 70,2023-05-29,18:00:00,154,79,75,FMN 17 Stenenbrug
664,Stenenbrug 70,2023-05-29,19:00:00,96,55,41,FMN 17 Stenenbrug
664,Stenenbrug 70,2023-05-29,20:00:00,83,46,37,FMN 17 Stenenbrug
664,Stenenbrug 70,2023-05-29,21:00:00,71,41,30,FMN 17 Stenenbrug
664,Stenenbrug 70,2023-05-29,22:00:00,41,21,20,FMN 17 Stenenbrug
664,Stenenbrug 70,2023-05-29,23:00:00,24,10,14,FMN 17 Stenenbrug
664,Stenenbrug 70,2023-05-30,00:00:00,0,0,0,FMN 17 Stenenbrug
664,Stenenbrug 70,2023-05-30,01:00:00,5,4,1,FMN 17 Stenenbrug
664,Stenenbrug 70,2023-05-30,02:00:00,6,2,4,FMN 17 Stenenbrug
664,Stenenbrug 70,2023-05-30,03:00:00,10,7,3,FMN 17 Stenenbrug
664,Stenenbrug 70,2023-05-30,04:00:00,19,16,3,FMN 17 Stenenbrug
664,Stenenbrug 70,2023-05-30,05:00:00,58,43,15,FMN 17 Stenenbrug
664,Stenenbrug 70,2023-05-30,06:00:00,102,79,23,FMN 17 Stenenbrug
664,Stenenbrug 70,2023-05-30,07:00:00,292,230,62,FMN 17 Stenenbrug
664,Stenenbrug 70,2023-05-30,08:00:00,448,329,119,FMN 17 Stenenbrug
664,Stenenbrug 70,2023-05-30,09:00:00,143,115,28,FMN 17 Stenenbrug
664,Stenenbrug 70,2023-05-30,10:00:00,108,93,15,FMN 17 Stenenbrug
664,Stenenbrug 70,2023-05-30,11:00:00,102,75,27,FMN 17 Stenenbrug
664,Stenenbrug 70,2023-05-30,12:00:00,170,130,40,FMN 17 Stenenbrug
664,Stenenbrug 70,2023-05-30,13:00:00,154,112,42,FMN 17 Stenenbrug
664,Stenenbrug 70,2023-05-30,14:00:00,144,94,50,FMN 17 Stenenbrug
664,Stenenbrug 70,2023-05-30,15:00:00,220,141,79,FMN 17 Stenenbrug
664,Stenenbrug 70,2023-05-30,16:00:00,374,254,120,FMN 17 Stenenbrug
664,Stenenbrug 70,2023-05-30,17:00:00,324,201,123,FMN 17 Stenenbrug
664,Stenenbrug 70,2023-05-30,18:00:00,250,176,74,FMN 17 Stenenbrug
664,Stenenbrug 70,2023-05-30,19:00:00,186,132,54,FMN 17 Stenenbrug
664,Stenenbrug 70,2023-05-30,20:00:00,129,92,37,FMN 17 Stenenbrug
664,Stenenbrug 70,2023-05-30,21:00:00,81,59,22,FMN 17 Stenenbrug
664,Stenenbrug 70,2023-05-30,22:00:00,87,57,30,FMN 17 Stenenbrug
664,Stenenbrug 70,2023-05-30,23:00:00,43,25,18,FMN 17 Stenenbrug
664,Stenenbrug 70,2023-05-31,00:00:00,0,0,0,FMN 17 Stenenbrug
664,Stenenbrug 70,2023-05-31,01:00:00,12,8,4,FMN 17 Stenenbrug
664,Stenenbrug 70,2023-05-31,02:00:00,4,2,2,FMN 17 Stenenbrug
664,Stenenbrug 70,2023-05-31,03:00:00,8,2,6,FMN 17 Stenenbrug
664,Stenenbrug 70,2023-05-31,04:00:00,25,18,7,FMN 17 Stenenbrug
664,Stenenbrug 70,2023-05-31,05:00:00,48,35,13,FMN 17 Stenenbrug
664,Stenenbrug 70,2023-05-31,06:00:00,111,74,37,FMN 17 Stenenbrug
664,Stenenbrug 70,2023-05-31,07:00:00,266,196,70,FMN 17 Stenenbrug
664,Stenenbrug 70,2023-05-31,08:00:00,409,262,147,FMN 17 Stenenbrug
664,Stenenbrug 70,2023-05-31,09:00:00,147,112,35,FMN 17 Stenenbrug
664,Stenenbrug 70,2023-05-31,10:00:00,123,86,37,FMN 17 Stenenbrug
664,Stenenbrug 70,2023-05-31,11:00:00,135,81,54,FMN 17 Stenenbrug
664,Stenenbrug 70,2023-05-31,12:00:00,342,212,130,FMN 17 Stenenbrug
664,Stenenbrug 70,2023-05-31,13:00:00,220,125,95,FMN 17 Stenenbrug
664,Stenenbrug 70,2023-05-31,14:00:00,194,112,82,FMN 17 Stenenbrug
664,Stenenbrug 70,2023-05-31,15:00:00,227,127,100,FMN 17 Stenenbrug
664,Stenenbrug 70,2023-05-31,16:00:00,320,172,148,FMN 17 Stenenbrug
664,Stenenbrug 70,2023-05-31,17:00:00,356,188,168,FMN 17 Stenenbrug
664,Stenenbrug 70,2023-05-31,18:00:00,284,167,117,FMN 17 Stenenbrug
664,Stenenbrug 70,2023-05-31,19:00:00,203,114,89,FMN 17 Stenenbrug
664,Stenenbrug 70,2023-05-31,20:00:00,148,87,61,FMN 17 Stenenbrug
664,Stenenbrug 70,2023-05-31,21:00:00,114,69,45,FMN 17 Stenenbrug
664,Stenenbrug 70,2023-05-31,22:00:00,113,67,46,FMN 17 Stenenbrug
664,Stenenbrug 70,2023-05-31,23:00:00,54,32,22,FMN 17 Stenenbrug
664,Stenenbrug 70,2023-06-01,00:00:00,0,0,0,FMN 17 Stenenbrug
664,Stenenbrug 70,2023-06-01,01:00:00,10,6,4,FMN 17 Stenenbrug
664,Stenenbrug 70,2023-06-01,02:00:00,8,4,4,FMN 17 Stenenbrug
664,Stenenbrug 70,2023-06-01,03:00:00,6,5,1,FMN 17 Stenenbrug
664,Stenenbrug 70,2023-06-01,04:00:00,23,16,7,FMN 17 Stenenbrug
664,Stenenbrug 70,2023-06-01,05:00:00,60,47,13,FMN 17 Stenenbrug
664,Stenenbrug 70,2023-06-01,06:00:00,94,63,31,FMN 17 Stenenbrug
664,Stenenbrug 70,2023-06-01,07:00:00,242,172,70,FMN 17 Stenenbrug
664,Stenenbrug 70,2023-06-01,08:00:00,418,281,137,FMN 17 Stenenbrug
664,Stenenbrug 70,2023-06-01,09:00:00,152,117,35,FMN 17 Stenenbrug
664,Stenenbrug 70,2023-06-01,10:00:00,116,80,36,FMN 17 Stenenbrug
664,Stenenbrug 70,2023-06-01,11:00:00,116,80,36,FMN 17 Stenenbrug
664,Stenenbrug 70,2023-06-01,12:00:00,164,112,52,FMN 17 Stenenbrug
664,Stenenbrug 70,2023-06-01,13:00:00,154,97,57,FMN 17 Stenenbrug
664,Stenenbrug 70,2023-06-01,14:00:00,145,94,51,FMN 17 Stenenbrug
664,Stenenbrug 70,2023-06-01,15:00:00,243,147,96,FMN 17 Stenenbrug
664,Stenenbrug 70,2023-06-01,16:00:00,364,222,142,FMN 17 Stenenbrug
664,Stenenbrug 70,2023-06-01,17:00:00,321,182,139,FMN 17 Stenenbrug
664,Stenenbrug 70,2023-06-01,18:00:00,270,167,103,FMN 17 Stenenbrug
664,Stenenbrug 70,2023-06-01,19:00:00,209,142,67,FMN 17 Stenenbrug
664,Stenenbrug 70,2023-06-01,20:00:00,136,82,54,FMN 17 Stenenbrug
664,Stenenbrug 70,2023-06-01,21:00:00,108,71,37,FMN 17 Stenenbrug
664,Stenenbrug 70,2023-06-01,22:00:00,90,49,41,FMN 17 Stenenbrug
664,Stenenbrug 70,2023-06-01,23:00:00,52,26,26,FMN 17 Stenenbrug
664,Stenenbrug 70,2023-06-02,00:00:00,0,0,0,FMN 17 Stenenbrug
664,Stenenbrug 70,2023-06-02,01:00:00,11,6,5,FMN 17 Stenenbrug
664,Stenenbrug 70,2023-06-02,02:00:00,10,5,5,FMN 17 Stenenbrug
664,Stenenbrug 70,2023-06-02,03:00:00,11,8,3,FMN 17 Stenenbrug
664,Stenenbrug 70,2023-06-02,04:00:00,21,10,11,FMN 17 Stenenbrug
664,Stenenbrug 70,2023-06-02,05:00:00,40,28,12,FMN 17 Stenenbrug
664,Stenenbrug 70,2023-06-02,06:00:00,89,57,32,FMN 17 Stenenbrug
664,Stenenbrug 70,2023-06-02,07:00:00,223,162,61,FMN 17 Stenenbrug
664,Stenenbrug 70,2023-06-02,08:00:00,346,227,119,FMN 17 Stenenbrug
664,Stenenbrug 70,2023-06-02,09:00:00,127,83,44,FMN 17 Stenenbrug
664,Stenenbrug 70,2023-06-02,10:00:00,113,72,41,FMN 17 Stenenbrug
664,Stenenbrug 70,2023-06-02,11:00:00,117,77,40,FMN 17 Stenenbrug
664,Stenenbrug 70,2023-06-02,12:00:00,176,114,62,FMN 17 Stenenbrug
664,Stenenbrug 70,2023-06-02,13:00:00,159,93,66,FMN 17 Stenenbrug
664,Stenenbrug 70,2023-06-02,14:00:00,167,96,71,FMN 17 Stenenbrug
664,Stenenbrug 70,2023-06-02,15:00:00,236,136,100,FMN 17 Stenenbrug
664,Stenenbrug 70,2023-06-02,16:00:00,315,178,137,FMN 17 Stenenbrug
664,Stenenbrug 70,2023-06-02,17:00:00,269,150,119,FMN 17 Stenenbrug
664,Stenenbrug 70,2023-06-02,18:00:00,244,148,96,FMN 17 Stenenbrug
664,Stenenbrug 70,2023-06-02,19:00:00,207,127,80,FMN 17 Stenenbrug
664,Stenenbrug 70,2023-06-02,20:00:00,135,86,49,FMN 17 Stenenbrug
664,Stenenbrug 70,2023-06-02,21:00:00,109,74,35,FMN 17 Stenenbrug
664,Stenenbrug 70,2023-06-02,22:00:00,96,58,38,FMN 17 Stenenbrug
664,Stenenbrug 70,2023-06-02,23:00:00,75,40,35,FMN 17 Stenenbrug
664,Stenenbrug 70,2023-06-03,00:00:00,0,0,0,FMN 17 Stenenbrug
664,Stenenbrug 70,2023-06-03,01:00:00,31,19,12,FMN 17 Stenenbrug
664,Stenenbrug 70,2023-06-03,02:00:00,20,9,11,FMN 17 Stenenbrug
664,Stenenbrug 70,2023-06-03,03:00:00,17,8,9,FMN 17 Stenenbrug
664,Stenenbrug 70,2023-06-03,04:00:00,15,8,7,FMN 17 Stenenbrug
664,Stenenbrug 70,2023-06-03,05:00:00,15,9,6,FMN 17 Stenenbrug
664,Stenenbrug 70,2023-06-03,06:00:00,26,14,12,FMN 17 Stenenbrug
664,Stenenbrug 70,2023-06-03,07:00:00,36,22,14,FMN 17 Stenenbrug
664,Stenenbrug 70,2023-06-03,08:00:00,58,33,25,FMN 17 Stenenbrug
664,Stenenbrug 70,2023-06-03,09:00:00,136,75,61,FMN 17 Stenenbrug
664,Stenenbrug 70,2023-06-03,10:00:00,162,98,64,FMN 17 Stenenbrug
664,Stenenbrug 70,2023-06-03,11:00:00,192,116,76,FMN 17 Stenenbrug
664,Stenenbrug 70,2023-06-03,12:00:00,196,134,62,FMN 17 Stenenbrug
664,Stenenbrug 70,2023-06-03,13:00:00,192,125,67,FMN 17 Stenenbrug
664,Stenenbrug 70,2023-06-03,14:00:00,176,109,67,FMN 17 Stenenbrug
664,Stenenbrug 70,2023-06-03,15:00:00,180,126,54,FMN 17 Stenenbrug
664,Stenenbrug 70,2023-06-03,16:00:00,160,100,60,FMN 17 Stenenbrug
664,Stenenbrug 70,2023-06-03,17:00:00,202,135,67,FMN 17 Stenenbrug
664,Stenenbrug 70,2023-06-03,18:00:00,170,115,55,FMN 17 Stenenbrug
664,Stenenbrug 70,2023-06-03,19:00:00,155,118,37,FMN 17 Stenenbrug
664,Stenenbrug 70,2023-06-03,20:00:00,126,87,39,FMN 17 Stenenbrug
664,Stenenbrug 70,2023-06-03,21:00:00,95,63,32,FMN 17 Stenenbrug
664,Stenenbrug 70,2023-06-03,22:00:00,92,61,31,FMN 17 Stenenbrug
664,Stenenbrug 70,2023-06-03,23:00:00,74,43,31,FMN 17 Stenenbrug
664,Stenenbrug 70,2023-06-04,00:00:00,0,0,0,FMN 17 Stenenbrug
664,Stenenbrug 70,2023-06-04,01:00:00,48,30,18,FMN 17 Stenenbrug
664,Stenenbrug 70,2023-06-04,02:00:00,24,16,8,FMN 17 Stenenbrug
664,Stenenbrug 70,2023-06-04,03:00:00,21,13,8,FMN 17 Stenenbrug
664,Stenenbrug 70,2023-06-04,04:00:00,26,11,15,FMN 17 Stenenbrug
664,Stenenbrug 70,2023-06-04,05:00:00,17,6,11,FMN 17 Stenenbrug
664,Stenenbrug 70,2023-06-04,06:00:00,27,14,13,FMN 17 Stenenbrug
664,Stenenbrug 70,2023-06-04,07:00:00,27,17,10,FMN 17 Stenenbrug
664,Stenenbrug 70,2023-06-04,08:00:00,70,37,33,FMN 17 Stenenbrug
664,Stenenbrug 70,2023-06-04,09:00:00,108,59,49,FMN 17 Stenenbrug
664,Stenenbrug 70,2023-06-04,10:00:00,131,85,46,FMN 17 Stenenbrug
664,Stenenbrug 70,2023-06-04,11:00:00,156,101,55,FMN 17 Stenenbrug
664,Stenenbrug 70,2023-06-04,12:00:00,207,146,61,FMN 17 Stenenbrug
664,Stenenbrug 70,2023-06-04,13:00:00,186,120,66,FMN 17 Stenenbrug
664,Stenenbrug 70,2023-06-04,14:00:00,178,118,60,FMN 17 Stenenbrug
664,Stenenbrug 70,2023-06-04,15:00:00,163,102,61,FMN 17 Stenenbrug
664,Stenenbrug 70,2023-06-04,16:00:00,185,123,62,FMN 17 Stenenbrug
664,Stenenbrug 70,2023-06-04,17:00:00,194,126,68,FMN 17 Stenenbrug
664,Stenenbrug 70,2023-06-04,18:00:00,164,119,45,FMN 17 Stenenbrug
664,Stenenbrug 70,2023-06-04,19:00:00,150,107,43,FMN 17 Stenenbrug
664,Stenenbrug 70,2023-06-04,20:00:00,121,76,45,FMN 17 Stenenbrug
664,Stenenbrug 70,2023-06-04,21:00:00,93,56,37,FMN 17 Stenenbrug
664,Stenenbrug 70,2023-06-04,22:00:00,59,34,25,FMN 17 Stenenbrug
664,Stenenbrug 70,2023-06-04,23:00:00,54,26,28,FMN 17 Stenenbrug
664,Stenenbrug 70,2023-06-05,00:00:00,0,0,0,FMN 17 Stenenbrug
664,Stenenbrug 70,2023-06-05,01:00:00,9,8,1,FMN 17 Stenenbrug
664,Stenenbrug 70,2023-06-05,02:00:00,1,1,0,FMN 17 Stenenbrug
664,Stenenbrug 70,2023-06-05,03:00:00,4,3,1,FMN 17 Stenenbrug
664,Stenenbrug 70,2023-06-05,04:00:00,23,19,4,FMN 17 Stenenbrug
664,Stenenbrug 70,2023-06-05,05:00:00,48,32,16,FMN 17 Stenenbrug
664,Stenenbrug 70,2023-06-05,06:00:00,76,51,25,FMN 17 Stenenbrug
664,Stenenbrug 70,2023-06-05,07:00:00,246,189,57,FMN 17 Stenenbrug
664,Stenenbrug 70,2023-06-05,08:00:00,408,296,112,FMN 17 Stenenbrug
664,Stenenbrug 70,2023-06-05,09:00:00,134,104,30,FMN 17 Stenenbrug
664,Stenenbrug 70,2023-06-05,10:00:00,99,72,27,FMN 17 Stenenbrug
664,Stenenbrug 70,2023-06-05,11:00:00,102,72,30,FMN 17 Stenenbrug
664,Stenenbrug 70,2023-06-05,12:00:00,166,125,41,FMN 17 Stenenbrug
664,Stenenbrug 70,2023-06-05,13:00:00,151,97,54,FMN 17 Stenenbrug
664,Stenenbrug 70,2023-06-05,14:00:00,151,94,57,FMN 17 Stenenbrug
664,Stenenbrug 70,2023-06-05,15:00:00,239,146,93,FMN 17 Stenenbrug
664,Stenenbrug 70,2023-06-05,16:00:00,349,224,125,FMN 17 Stenenbrug
664,Stenenbrug 70,2023-06-05,17:00:00,287,180,107,FMN 17 Stenenbrug
664,Stenenbrug 70,2023-06-05,18:00:00,225,138,87,FMN 17 Stenenbrug
664,Stenenbrug 70,2023-06-05,19:00:00,162,106,56,FMN 17 Stenenbrug
664,Stenenbrug 70,2023-06-05,20:00:00,120,86,34,FMN 17 Stenenbrug
664,Stenenbrug 70,2023-06-05,21:00:00,90,64,26,FMN 17 Stenenbrug
664,Stenenbrug 70,2023-06-05,22:00:00,63,36,27,FMN 17 Stenenbrug
664,Stenenbrug 70,2023-06-05,23:00:00,28,21,7,FMN 17 Stenenbrug
664,Stenenbrug 70,2023-06-06,00:00:00,0,0,0,FMN 17 Stenenbrug
664,Stenenbrug 70,2023-06-06,01:00:00,10,5,5,FMN 17 Stenenbrug
664,Stenenbrug 70,2023-06-06,02:00:00,6,3,3,FMN 17 Stenenbrug
664,Stenenbrug 70,2023-06-06,03:00:00,9,7,2,FMN 17 Stenenbrug
664,Stenenbrug 70,2023-06-06,04:00:00,23,20,3,FMN 17 Stenenbrug
664,Stenenbrug 70,2023-06-06,05:00:00,55,43,12,FMN 17 Stenenbrug
664,Stenenbrug 70,2023-06-06,06:00:00,95,66,29,FMN 17 Stenenbrug
664,Stenenbrug 70,2023-06-06,07:00:00,301,224,77,FMN 17 Stenenbrug
664,Stenenbrug 70,2023-06-06,08:00:00,464,340,124,FMN 17 Stenenbrug
664,Stenenbrug 70,2023-06-06,09:00:00,154,125,29,FMN 17 Stenenbrug
664,Stenenbrug 70,2023-06-06,10:00:00,119,99,20,FMN 17 Stenenbrug
664,Stenenbrug 70,2023-06-06,11:00:00,105,81,24,FMN 17 Stenenbrug
664,Stenenbrug 70,2023-06-06,12:00:00,161,123,38,FMN 17 Stenenbrug
664,Stenenbrug 70,2023-06-06,13:00:00,155,105,50,FMN 17 Stenenbrug
664,Stenenbrug 70,2023-06-06,14:00:00,160,107,53,FMN 17 Stenenbrug
664,Stenenbrug 70,2023-06-06,15:00:00,239,155,84,FMN 17 Stenenbrug
664,Stenenbrug 70,2023-06-06,16:00:00,397,271,126,FMN 17 Stenenbrug
664,Stenenbrug 70,2023-06-06,17:00:00,353,218,135,FMN 17 Stenenbrug
664,Stenenbrug 70,2023-06-06,18:00:00,271,184,87,FMN 17 Stenenbrug
664,Stenenbrug 70,2023-06-06,19:00:00,188,136,52,FMN 17 Stenenbrug
664,Stenenbrug 70,2023-06-06,20:00:00,126,91,35,FMN 17 Stenenbrug
664,Stenenbrug 70,2023-06-06,21:00:00,99,66,33,FMN 17 Stenenbrug
664,Stenenbrug 70,2023-06-06,22:00:00,90,57,33,FMN 17 Stenenbrug
664,Stenenbrug 70,2023-06-06,23:00:00,47,27,20,FMN 17 Stenenbrug
664,Stenenbrug 70,2023-06-07,00:00:00,0,0,0,FMN 17 Stenenbrug
664,Stenenbrug 70,2023-06-07,01:00:00,14,9,5,FMN 17 Stenenbrug
664,Stenenbrug 70,2023-06-07,02:00:00,12,6,6,FMN 17 Stenenbrug
664,Stenenbrug 70,2023-06-07,03:00:00,7,5,2,FMN 17 Stenenbrug
664,Stenenbrug 70,2023-06-07,04:00:00,28,23,5,FMN 17 Stenenbrug
664,Stenenbrug 70,2023-06-07,05:00:00,50,32,18,FMN 17 Stenenbrug
664,Stenenbrug 70,2023-06-07,06:00:00,99,72,27,FMN 17 Stenenbrug
664,Stenenbrug 70,2023-06-07,07:00:00,238,177,61,FMN 17 Stenenbrug
664,Stenenbrug 70,2023-06-07,08:00:00,411,267,144,FMN 17 Stenenbrug
664,Stenenbrug 70,2023-06-07,09:00:00,150,109,41,FMN 17 Stenenbrug
664,Stenenbrug 70,2023-06-07,10:00:00,120,79,41,FMN 17 Stenenbrug
664,Stenenbrug 70,2023-06-07,11:00:00,140,88,52,FMN 17 Stenenbrug
664,Stenenbrug 70,2023-06-07,12:00:00,322,201,121,FMN 17 Stenenbrug
664,Stenenbrug 70,2023-06-07,13:00:00,209,121,88,FMN 17 Stenenbrug
664,Stenenbrug 70,2023-06-07,14:00:00,201,119,82,FMN 17 Stenenbrug
664,Stenenbrug 70,2023-06-07,15:00:00,218,127,91,FMN 17 Stenenbrug
664,Stenenbrug 70,2023-06-07,16:00:00,305,169,136,FMN 17 Stenenbrug
664,Stenenbrug 70,2023-06-07,17:00:00,353,198,155,FMN 17 Stenenbrug
664,Stenenbrug 70,2023-06-07,18:00:00,255,144,111,FMN 17 Stenenbrug
664,Stenenbrug 70,2023-06-07,19:00:00,191,118,73,FMN 17 Stenenbrug
664,Stenenbrug 70,2023-06-07,20:00:00,131,78,53,FMN 17 Stenenbrug
664,Stenenbrug 70,2023-06-07,21:00:00,102,58,44,FMN 17 Stenenbrug
664,Stenenbrug 70,2023-06-07,22:00:00,105,65,40,FMN 17 Stenenbrug
664,Stenenbrug 70,2023-06-07,23:00:00,57,29,28,FMN 17 Stenenbrug
664,Stenenbrug 70,2023-06-08,00:00:00,0,0,0,FMN 17 Stenenbrug
664,Stenenbrug 70,2023-06-08,01:00:00,15,10,5,FMN 17 Stenenbrug
664,Stenenbrug 70,2023-06-08,02:00:00,11,7,4,FMN 17 Stenenbrug
664,Stenenbrug 70,2023-06-08,03:00:00,8,6,2,FMN 17 Stenenbrug
664,Stenenbrug 70,2023-06-08,04:00:00,27,23,4,FMN 17 Stenenbrug
664,Stenenbrug 70,2023-06-08,05:00:00,60,43,17,FMN 17 Stenenbrug
664,Stenenbrug 70,2023-06-08,06:00:00,112,81,31,FMN 17 Stenenbrug
664,Stenenbrug 70,2023-06-08,07:00:00,296,234,62,FMN 17 Stenenbrug
664,Stenenbrug 70,2023-06-08,08:00:00,488,353,135,FMN 17 Stenenbrug
664,Stenenbrug 70,2023-06-08,09:00:00,161,125,36,FMN 17 Stenenbrug
664,Stenenbrug 70,2023-06-08,10:00:00,122,90,32,FMN 17 Stenenbrug
664,Stenenbrug 70,2023-06-08,11:00:00,123,90,33,FMN 17 Stenenbrug
664,Stenenbrug 70,2023-06-08,12:00:00,192,147,45,FMN 17 Stenenbrug
664,Stenenbrug 70,2023-06-08,13:00:00,173,126,47,FMN 17 Stenenbrug
664,Stenenbrug 70,2023-06-08,14:00:00,156,106,50,FMN 17 Stenenbrug
664,Stenenbrug 70,2023-06-08,15:00:00,251,170,81,FMN 17 Stenenbrug
664,Stenenbrug 70,2023-06-08,16:00:00,405,269,136,FMN 17 Stenenbrug
664,Stenenbrug 70,2023-06-08,17:00:00,361,227,134,FMN 17 Stenenbrug
664,Stenenbrug 70,2023-06-08,18:00:00,314,208,106,FMN 17 Stenenbrug
664,Stenenbrug 70,2023-06-08,19:00:00,242,174,68,FMN 17 Stenenbrug
664,Stenenbrug 70,2023-06-08,20:00:00,169,116,53,FMN 17 Stenenbrug
664,Stenenbrug 70,2023-06-08,21:00:00,111,74,37,FMN 17 Stenenbrug
664,Stenenbrug 70,2023-06-08,22:00:00,96,60,36,FMN 17 Stenenbrug
664,Stenenbrug 70,2023-06-08,23:00:00,63,37,26,FMN 17 Stenenbrug
664,Stenenbrug 70,2023-06-09,00:00:00,0,0,0,FMN 17 Stenenbrug
664,Stenenbrug 70,2023-06-09,01:00:00,14,7,7,FMN 17 Stenenbrug
664,Stenenbrug 70,2023-06-09,02:00:00,7,3,4,FMN 17 Stenenbrug
664,Stenenbrug 70,2023-06-09,03:00:00,5,5,0,FMN 17 Stenenbrug
664,Stenenbrug 70,2023-06-09,04:00:00,37,30,7,FMN 17 Stenenbrug
664,Stenenbrug 70,2023-06-09,05:00:00,54,38,16,FMN 17 Stenenbrug
664,Stenenbrug 70,2023-06-09,06:00:00,96,63,33,FMN 17 Stenenbrug
664,Stenenbrug 70,2023-06-09,07:00:00,230,168,62,FMN 17 Stenenbrug
664,Stenenbrug 70,2023-06-09,08:00:00,408,280,128,FMN 17 Stenenbrug
664,Stenenbrug 70,2023-06-09,09:00:00,161,115,46,FMN 17 Stenenbrug
664,Stenenbrug 70,2023-06-09,10:00:00,134,93,41,FMN 17 Stenenbrug
664,Stenenbrug 70,2023-06-09,11:00:00,127,88,39,FMN 17 Stenenbrug
664,Stenenbrug 70,2023-06-09,12:00:00,207,144,63,FMN 17 Stenenbrug
664,Stenenbrug 70,2023-06-09,13:00:00,179,114,65,FMN 17 Stenenbrug
664,Stenenbrug 70,2023-06-09,14:00:00,171,110,61,FMN 17 Stenenbrug
664,Stenenbrug 70,2023-06-09,15:00:00,267,157,110,FMN 17 Stenenbrug
664,Stenenbrug 70,2023-06-09,16:00:00,358,219,139,FMN 17 Stenenbrug
664,Stenenbrug 70,2023-06-09,17:00:00,307,190,117,FMN 17 Stenenbrug
664,Stenenbrug 70,2023-06-09,18:00:00,266,175,91,FMN 17 Stenenbrug
664,Stenenbrug 70,2023-06-09,19:00:00,240,167,73,FMN 17 Stenenbrug
664,Stenenbrug 70,2023-06-09,20:00:00,161,110,51,FMN 17 Stenenbrug
664,Stenenbrug 70,2023-06-09,21:00:00,129,84,45,FMN 17 Stenenbrug
664,Stenenbrug 70,2023-06-09,22:00:00,123,73,50,FMN 17 Stenenbrug
664,Stenenbrug 70,2023-06-09,23:00:00,80,44,36,FMN 17 Stenenbrug
664,Stenenbrug 70,2023-06-10,00:00:00,0,0,0,FMN 17 Stenenbrug
664,Stenenbrug 70,2023-06-10,01:00:00,40,26,14,FMN 17 Stenenbrug
664,Stenenbrug 70,2023-06-10,02:00:00,22,9,13,FMN 17 Stenenbrug
664,Stenenbrug 70,2023-06-10,03:00:00,20,12,8,FMN 17 Stenenbrug
664,Stenenbrug 70,2023-06-10,04:00:00,19,12,7,FMN 17 Stenenbrug
664,Stenenbrug 70,2023-06-10,05:00:00,25,21,4,FMN 17 Stenenbrug
664,Stenenbrug 70,2023-06-10,06:00:00,24,14,10,FMN 17 Stenenbrug
664,Stenenbrug 70,2023-06-10,07:00:00,32,23,9,FMN 17 Stenenbrug
664,Stenenbrug 70,2023-06-10,08:00:00,57,38,19,FMN 17 Stenenbrug
664,Stenenbrug 70,2023-06-10,09:00:00,124,75,49,FMN 17 Stenenbrug
664,Stenenbrug 70,2023-06-10,10:00:00,168,103,65,FMN 17 Stenenbrug
664,Stenenbrug 70,2023-06-10,11:00:00,181,122,59,FMN 17 Stenenbrug
664,Stenenbrug 70,2023-06-10,12:00:00,197,142,55,FMN 17 Stenenbrug
664,Stenenbrug 70,2023-06-10,13:00:00,179,126,53,FMN 17 Stenenbrug
664,Stenenbrug 70,2023-06-10,14:00:00,178,121,57,FMN 17 Stenenbrug
664,Stenenbrug 70,2023-06-10,15:00:00,177,126,51,FMN 17 Stenenbrug
664,Stenenbrug 70,2023-06-10,16:00:00,156,110,46,FMN 17 Stenenbrug
664,Stenenbrug 70,2023-06-10,17:00:00,176,133,43,FMN 17 Stenenbrug
664,Stenenbrug 70,2023-06-10,18:00:00,180,128,52,FMN 17 Stenenbrug
664,Stenenbrug 70,2023-06-10,19:00:00,151,106,45,FMN 17 Stenenbrug
664,Stenenbrug 70,2023-06-10,20:00:00,115,79,36,FMN 17 Stenenbrug
664,Stenenbrug 70,2023-06-10,21:00:00,86,62,24,FMN 17 Stenenbrug
664,Stenenbrug 70,2023-06-10,22:00:00,77,52,25,FMN 17 Stenenbrug
664,Stenenbrug 70,2023-06-10,23:00:00,67,41,26,FMN 17 Stenenbrug
664,Stenenbrug 70,2023-06-11,00:00:00,0,0,0,FMN 17 Stenenbrug
664,Stenenbrug 70,2023-06-11,01:00:00,52,34,18,FMN 17 Stenenbrug
664,Stenenbrug 70,2023-06-11,02:00:00,21,13,8,FMN 17 Stenenbrug
664,Stenenbrug 70,2023-06-11,03:00:00,24,12,12,FMN 17 Stenenbrug
664,Stenenbrug 70,2023-06-11,04:00:00,16,12,4,FMN 17 Stenenbrug
664,Stenenbrug 70,2023-06-11,05:00:00,15,7,8,FMN 17 Stenenbrug
664,Stenenbrug 70,2023-06-11,06:00:00,25,18,7,FMN 17 Stenenbrug
664,Stenenbrug 70,2023-06-11,07:00:00,27,20,7,FMN 17 Stenenbrug
664,Stenenbrug 70,2023-06-11,08:00:00,56,29,27,FMN 17 Stenenbrug
664,Stenenbrug 70,2023-06-11,09:00:00,98,58,40,FMN 17 Stenenbrug
664,Stenenbrug 70,2023-06-11,10:00:00,114,73,41,FMN 17 Stenenbrug
664,Stenenbrug 70,2023-06-11,11:00:00,139,92,47,FMN 17 Stenenbrug
664,Stenenbrug 70,2023-06-11,12:00:00,196,138,58,FMN 17 Stenenbrug
664,Stenenbrug 70,2023-06-11,13:00:00,193,125,68,FMN 17 Stenenbrug
664,Stenenbrug 70,2023-06-11,14:00:00,181,113,68,FMN 17 Stenenbrug
664,Stenenbrug 70,2023-06-11,15:00:00,148,100,48,FMN 17 Stenenbrug
664,Stenenbrug 70,2023-06-11,16:00:00,165,110,55,FMN 17 Stenenbrug
664,Stenenbrug 70,2023-06-11,17:00:00,176,117,59,FMN 17 Stenenbrug
664,Stenenbrug 70,2023-06-11,18:00:00,153,116,37,FMN 17 Stenenbrug
664,Stenenbrug 70,2023-06-11,19:00:00,159,111,48,FMN 17 Stenenbrug
664,Stenenbrug 70,2023-06-11,20:00:00,112,75,37,FMN 17 Stenenbrug
664,Stenenbrug 70,2023-06-11,21:00:00,82,52,30,FMN 17 Stenenbrug
664,Stenenbrug 70,2023-06-11,22:00:00,71,36,35,FMN 17 Stenenbrug
664,Stenenbrug 70,2023-06-11,23:00:00,44,19,25,FMN 17 Stenenbrug
664,Stenenbrug 70,2023-06-12,00:00:00,0,0,0,FMN 17 Stenenbrug
664,Stenenbrug 70,2023-06-12,01:00:00,9,5,4,FMN 17 Stenenbrug
664,Stenenbrug 70,2023-06-12,02:00:00,4,3,1,FMN 17 Stenenbrug
664,Stenenbrug 70,2023-06-12,03:00:00,7,4,3,FMN 17 Stenenbrug
664,Stenenbrug 70,2023-06-12,04:00:00,30,25,5,FMN 17 Stenenbrug
664,Stenenbrug 70,2023-06-12,05:00:00,53,38,15,FMN 17 Stenenbrug
664,Stenenbrug 70,2023-06-12,06:00:00,90,68,22,FMN 17 Stenenbrug
664,Stenenbrug 70,2023-06-12,07:00:00,297,244,53,FMN 17 Stenenbrug
664,Stenenbrug 70,2023-06-12,08:00:00,459,348,111,FMN 17 Stenenbrug
664,Stenenbrug 70,2023-06-12,09:00:00,164,140,24,FMN 17 Stenenbrug
664,Stenenbrug 70,2023-06-12,10:00:00,126,97,29,FMN 17 Stenenbrug
664,Stenenbrug 70,2023-06-12,11:00:00,118,97,21,FMN 17 Stenenbrug
664,Stenenbrug 70,2023-06-12,12:00:00,202,154,48,FMN 17 Stenenbrug
664,Stenenbrug 70,2023-06-12,13:00:00,175,129,46,FMN 17 Stenenbrug
664,Stenenbrug 70,2023-06-12,14:00:00,160,118,42,FMN 17 Stenenbrug
664,Stenenbrug 70,2023-06-12,15:00:00,271,181,90,FMN 17 Stenenbrug
664,Stenenbrug 70,2023-06-12,16:00:00,416,293,123,FMN 17 Stenenbrug
664,Stenenbrug 70,2023-06-12,17:00:00,359,241,118,FMN 17 Stenenbrug
664,Stenenbrug 70,2023-06-12,18:00:00,252,172,80,FMN 17 Stenenbrug
664,Stenenbrug 70,2023-06-12,19:00:00,193,140,53,FMN 17 Stenenbrug
664,Stenenbrug 70,2023-06-12,20:00:00,148,103,45,FMN 17 Stenenbrug
664,Stenenbrug 70,2023-06-12,21:00:00,104,76,28,FMN 17 Stenenbrug
664,Stenenbrug 70,2023-06-12,22:00:00,85,61,24,FMN 17 Stenenbrug
664,Stenenbrug 70,2023-06-12,23:00:00,39,31,8,FMN 17 Stenenbrug
664,Stenenbrug 70,2023-06-13,00:00:00,0,0,0,FMN 17 Stenenbrug
664,Stenenbrug 70,2023-06-13,01:00:00,6,5,1,FMN 17 Stenenbrug
664,Stenenbrug 70,2023-06-13,02:00:00,3,1,2,FMN 17 Stenenbrug
664,Stenenbrug 70,2023-06-13,03:00:00,10,8,2,FMN 17 Stenenbrug
664,Stenenbrug 70,2023-06-13,04:00:00,28,25,3,FMN 17 Stenenbrug
664,Stenenbrug 70,2023-06-13,05:00:00,74,59,15,FMN 17 Stenenbrug
664,Stenenbrug 70,2023-06-13,06:00:00,121,96,25,FMN 17 Stenenbrug
664,Stenenbrug 70,2023-06-13,07:00:00,345,270,75,FMN 17 Stenenbrug
664,Stenenbrug 70,2023-06-13,08:00:00,526,395,131,FMN 17 Stenenbrug
664,Stenenbrug 70,2023-06-13,09:00:00,178,143,35,FMN 17 Stenenbrug
664,Stenenbrug 70,2023-06-13,10:00:00,129,103,26,FMN 17 Stenenbrug
664,Stenenbrug 70,2023-06-13,11:00:00,119,93,26,FMN 17 Stenenbrug
664,Stenenbrug 70,2023-06-13,12:00:00,192,152,40,FMN 17 Stenenbrug
664,Stenenbrug 70,2023-06-13,13:00:00,187,137,50,FMN 17 Stenenbrug
664,Stenenbrug 70,2023-06-13,14:00:00,183,123,60,FMN 17 Stenenbrug
664,Stenenbrug 70,2023-06-13,15:00:00,257,166,91,FMN 17 Stenenbrug
664,Stenenbrug 70,2023-06-13,16:00:00,441,308,133,FMN 17 Stenenbrug
664,Stenenbrug 70,2023-06-13,17:00:00,399,268,131,FMN 17 Stenenbrug
664,Stenenbrug 70,2023-06-13,18:00:00,286,203,83,FMN 17 Stenenbrug
664,Stenenbrug 70,2023-06-13,19:00:00,227,167,60,FMN 17 Stenenbrug
664,Stenenbrug 70,2023-06-13,20:00:00,153,121,32,FMN 17 Stenenbrug
664,Stenenbrug 70,2023-06-13,21:00:00,121,87,34,FMN 17 Stenenbrug
664,Stenenbrug 70,2023-06-13,22:00:00,97,62,35,FMN 17 Stenenbrug
664,Stenenbrug 70,2023-06-13,23:00:00,43,28,15,FMN 17 Stenenbrug
664,Stenenbrug 70,2023-06-14,00:00:00,0,0,0,FMN 17 Stenenbrug
664,Stenenbrug 70,2023-06-14,01:00:00,8,4,4,FMN 17 Stenenbrug
664,Stenenbrug 70,2023-06-14,02:00:00,4,2,2,FMN 17 Stenenbrug
664,Stenenbrug 70,2023-06-14,03:00:00,11,5,6,FMN 17 Stenenbrug
664,Stenenbrug 70,2023-06-14,04:00:00,35,28,7,FMN 17 Stenenbrug
664,Stenenbrug 70,2023-06-14,05:00:00,41,28,13,FMN 17 Stenenbrug
664,Stenenbrug 70,2023-06-14,06:00:00,103,66,37,FMN 17 Stenenbrug
664,Stenenbrug 70,2023-06-14,07:00:00,276,206,70,FMN 17 Stenenbrug
664,Stenenbrug 70,2023-06-14,08:00:00,432,285,147,FMN 17 Stenenbrug
664,Stenenbrug 70,2023-06-14,09:00:00,145,110,35,FMN 17 Stenenbrug
664,Stenenbrug 70,2023-06-14,10:00:00,124,87,37,FMN 17 Stenenbrug
664,Stenenbrug 70,2023-06-14,11:00:00,149,95,54,FMN 17 Stenenbrug
664,Stenenbrug 70,2023-06-14,12:00:00,352,222,130,FMN 17 Stenenbrug
664,Stenenbrug 70,2023-06-14,13:00:00,215,120,95,FMN 17 Stenenbrug
664,Stenenbrug 70,2023-06-14,14:00:00,217,135,82,FMN 17 Stenenbrug
664,Stenenbrug 70,2023-06-14,15:00:00,229,129,100,FMN 17 Stenenbrug
664,Stenenbrug 70,2023-06-14,16:00:00,320,172,148,FMN 17 Stenenbrug
664,Stenenbrug 70,2023-06-14,17:00:00,386,218,168,FMN 17 Stenenbrug
664,Stenenbrug 70,2023-06-14,18:00:00,293,176,117,FMN 17 Stenenbrug
664,Stenenbrug 70,2023-06-14,19:00:00,226,137,89,FMN 17 Stenenbrug
664,Stenenbrug 70,2023-06-14,20:00:00,153,92,61,FMN 17 Stenenbrug
664,Stenenbrug 70,2023-06-14,21:00:00,111,66,45,FMN 17 Stenenbrug
664,Stenenbrug 70,2023-06-14,22:00:00,116,70,46,FMN 17 Stenenbrug
664,Stenenbrug 70,2023-06-14,23:00:00,50,28,22,FMN 17 Stenenbrug
664,Stenenbrug 70,2023-06-15,00:00:00,0,0,0,FMN 17 Stenenbrug
664,Stenenbrug 70,2023-06-15,01:00:00,13,8,5,FMN 17 Stenenbrug
664,Stenenbrug 70,2023-06-15,02:00:00,6,2,4,FMN 17 Stenenbrug
664,Stenenbrug 70,2023-06-15,03:00:00,10,5,5,FMN 17 Stenenbrug
664,Stenenbrug 70,2023-06-15,04:00:00,20,16,4,FMN 17 Stenenbrug
664,Stenenbrug 70,2023-06-15,05:00:00,50,36,14,FMN 17 Stenenbrug
664,Stenenbrug 70,2023-06-15,06:00:00,92,57,35,FMN 17 Stenenbrug
664,Stenenbrug 70,2023-06-15,07:00:00,266,187,79,FMN 17 Stenenbrug
664,Stenenbrug 70,2023-06-15,08:00:00,427,279,148,FMN 17 Stenenbrug
664,Stenenbrug 70,2023-06-15,09:00:00,150,113,37,FMN 17 Stenenbrug
664,Stenenbrug 70,2023-06-15,10:00:00,107,73,34,FMN 17 Stenenbrug
664,Stenenbrug 70,2023-06-15,11:00:00,101,72,29,FMN 17 Stenenbrug
664,Stenenbrug 70,2023-06-15,12:00:00,169,119,50,FMN 17 Stenenbrug
664,Stenenbrug 70,2023-06-15,13:00:00,141,88,53,FMN 17 Stenenbrug
664,Stenenbrug 70,2023-06-15,14:00:00,136,86,50,FMN 17 Stenenbrug
664,Stenenbrug 70,2023-06-15,15:00:00,222,129,93,FMN 17 Stenenbrug
664,Stenenbrug 70,2023-06-15,16:00:00,361,215,146,FMN 17 Stenenbrug
664,Stenenbrug 70,2023-06-15,17:00:00,327,183,144,FMN 17 Stenenbrug
664,Stenenbrug 70,2023-06-15,18:00:00,278,161,117,FMN 17 Stenenbrug
664,Stenenbrug 70,2023-06-15,19:00:00,201,132,69,FMN 17 Stenenbrug
664,Stenenbrug 70,2023-06-15,20:00:00,136,86,50,FMN 17 Stenenbrug
664,Stenenbrug 70,2023-06-15,21:00:00,105,63,42,FMN 17 Stenenbrug
664,Stenenbrug 70,2023-06-15,22:00:00,88,47,41,FMN 17 Stenenbrug
664,Stenenbrug 70,2023-06-15,23:00:00,49,22,27,FMN 17 Stenenbrug
664,Stenenbrug 70,2023-06-16,00:00:00,0,0,0,FMN 17 Stenenbrug
664,Stenenbrug 70,2023-06-16,01:00:00,24,13,11,FMN 17 Stenenbrug
664,Stenenbrug 70,2023-06-16,02:00:00,8,3,5,FMN 17 Stenenbrug
664,Stenenbrug 70,2023-06-16,03:00:00,8,4,4,FMN 17 Stenenbrug
664,Stenenbrug 70,2023-06-16,04:00:00,26,17,9,FMN 17 Stenenbrug
664,Stenenbrug 70,2023-06-16,05:00:00,56,39,17,FMN 17 Stenenbrug
664,Stenenbrug 70,2023-06-16,06:00:00,94,68,26,FMN 17 Stenenbrug
664,Stenenbrug 70,2023-06-16,07:00:00,265,199,66,FMN 17 Stenenbrug
664,Stenenbrug 70,2023-06-16,08:00:00,413,277,136,FMN 17 Stenenbrug
664,Stenenbrug 70,2023-06-16,09:00:00,161,121,40,FMN 17 Stenenbrug
664,Stenenbrug 70,2023-06-16,10:00:00,127,86,41,FMN 17 Stenenbrug
664,Stenenbrug 70,2023-06-16,11:00:00,142,97,45,FMN 17 Stenenbrug
664,Stenenbrug 70,2023-06-16,12:00:00,215,141,74,FMN 17 Stenenbrug
664,Stenenbrug 70,2023-06-16,13:00:00,189,116,73,FMN 17 Stenenbrug
664,Stenenbrug 70,2023-06-16,14:00:00,194,118,76,FMN 17 Stenenbrug
664,Stenenbrug 70,2023-06-16,15:00:00,261,148,113,FMN 17 Stenenbrug
664,Stenenbrug 70,2023-06-16,16:00:00,383,234,149,FMN 17 Stenenbrug
664,Stenenbrug 70,2023-06-16,17:00:00,322,194,128,FMN 17 Stenenbrug
664,Stenenbrug 70,2023-06-16,18:00:00,276,177,99,FMN 17 Stenenbrug
664,Stenenbrug 70,2023-06-16,19:00:00,233,155,78,FMN 17 Stenenbrug
664,Stenenbrug 70,2023-06-16,20:00:00,159,108,51,FMN 17 Stenenbrug
664,Stenenbrug 70,2023-06-16,21:00:00,119,75,44,FMN 17 Stenenbrug
664,Stenenbrug 70,2023-06-16,22:00:00,121,69,52,FMN 17 Stenenbrug
664,Stenenbrug 70,2023-06-16,23:00:00,81,45,36,FMN 17 Stenenbrug
664,Stenenbrug 70,2023-06-17,00:00:00,0,0,0,FMN 17 Stenenbrug
664,Stenenbrug 70,2023-06-17,01:00:00,34,23,11,FMN 17 Stenenbrug
664,Stenenbrug 70,2023-06-17,02:00:00,15,9,6,FMN 17 Stenenbrug
664,Stenenbrug 70,2023-06-17,03:00:00,17,7,10,FMN 17 Stenenbrug
664,Stenenbrug 70,2023-06-17,04:00:00,31,21,10,FMN 17 Stenenbrug
664,Stenenbrug 70,2023-06-17,05:00:00,31,16,15,FMN 17 Stenenbrug
664,Stenenbrug 70,2023-06-17,06:00:00,28,17,11,FMN 17 Stenenbrug
664,Stenenbrug 70,2023-06-17,07:00:00,41,24,17,FMN 17 Stenenbrug
664,Stenenbrug 70,2023-06-17,08:00:00,64,38,26,FMN 17 Stenenbrug
664,Stenenbrug 70,2023-06-17,09:00:00,141,83,58,FMN 17 Stenenbrug
664,Stenenbrug 70,2023-06-17,10:00:00,187,110,77,FMN 17 Stenenbrug
664,Stenenbrug 70,2023-06-17,11:00:00,212,133,79,FMN 17 Stenenbrug
664,Stenenbrug 70,2023-06-17,12:00:00,224,158,66,FMN 17 Stenenbrug
664,Stenenbrug 70,2023-06-17,13:00:00,208,132,76,FMN 17 Stenenbrug
664,Stenenbrug 70,2023-06-17,14:00:00,195,137,58,FMN 17 Stenenbrug
664,Stenenbrug 70,2023-06-17,15:00:00,194,128,66,FMN 17 Stenenbrug
664,Stenenbrug 70,2023-06-17,16:00:00,187,133,54,FMN 17 Stenenbrug
664,Stenenbrug 70,2023-06-17,17:00:00,188,126,62,FMN 17 Stenenbrug
664,Stenenbrug 70,2023-06-17,18:00:00,184,125,59,FMN 17 Stenenbrug
664,Stenenbrug 70,2023-06-17,19:00:00,169,126,43,FMN 17 Stenenbrug
664,Stenenbrug 70,2023-06-17,20:00:00,131,90,41,FMN 17 Stenenbrug
664,Stenenbrug 70,2023-06-17,21:00:00,105,71,34,FMN 17 Stenenbrug
664,Stenenbrug 70,2023-06-17,22:00:00,88,52,36,FMN 17 Stenenbrug
664,Stenenbrug 70,2023-06-17,23:00:00,81,49,32,FMN 17 Stenenbrug
664,Stenenbrug 70,2023-06-18,00:00:00,0,0,0,FMN 17 Stenenbrug
664,Stenenbrug 70,2023-06-18,01:00:00,38,22,16,FMN 17 Stenenbrug
664,Stenenbrug 70,2023-06-18,02:00:00,25,15,10,FMN 17 Stenenbrug
664,Stenenbrug 70,2023-06-18,03:00:00,12,8,4,FMN 17 Stenenbrug
664,Stenenbrug 70,2023-06-18,04:00:00,16,10,6,FMN 17 Stenenbrug
664,Stenenbrug 70,2023-06-18,05:00:00,18,10,8,FMN 17 Stenenbrug
664,Stenenbrug 70,2023-06-18,06:00:00,25,16,9,FMN 17 Stenenbrug
664,Stenenbrug 70,2023-06-18,07:00:00,22,13,9,FMN 17 Stenenbrug
664,Stenenbrug 70,2023-06-18,08:00:00,58,32,26,FMN 17 Stenenbrug
664,Stenenbrug 70,2023-06-18,09:00:00,96,60,36,FMN 17 Stenenbrug
664,Stenenbrug 70,2023-06-18,10:00:00,105,76,29,FMN 17 Stenenbrug
664,Stenenbrug 70,2023-06-18,11:00:00,141,94,47,FMN 17 Stenenbrug
664,Stenenbrug 70,2023-06-18,12:00:00,169,125,44,FMN 17 Stenenbrug
664,Stenenbrug 70,2023-06-18,13:00:00,164,115,49,FMN 17 Stenenbrug
664,Stenenbrug 70,2023-06-18,14:00:00,175,120,55,FMN 17 Stenenbrug
664,Stenenbrug 70,2023-06-18,15:00:00,158,101,57,FMN 17 Stenenbrug
664,Stenenbrug 70,2023-06-18,16:00:00,159,104,55,FMN 17 Stenenbrug
664,Stenenbrug 70,2023-06-18,17:00:00,174,121,53,FMN 17 Stenenbrug
664,Stenenbrug 70,2023-06-18,18:00:00,158,119,39,FMN 17 Stenenbrug
664,Stenenbrug 70,2023-06-18,19:00:00,144,99,45,FMN 17 Stenenbrug
664,Stenenbrug 70,2023-06-18,20:00:00,111,70,41,FMN 17 Stenenbrug
664,Stenenbrug 70,2023-06-18,21:00:00,91,59,32,FMN 17 Stenenbrug
664,Stenenbrug 70,2023-06-18,22:00:00,67,46,21,FMN 17 Stenenbrug
664,Stenenbrug 70,2023-06-18,23:00:00,33,16,17,FMN 17 Stenenbrug
664,Stenenbrug 70,2023-06-19,00:00:00,0,0,0,FMN 17 Stenenbrug
664,Stenenbrug 70,2023-06-19,01:00:00,7,7,0,FMN 17 Stenenbrug
664,Stenenbrug 70,2023-06-19,02:00:00,5,4,1,FMN 17 Stenenbrug
664,Stenenbrug 70,2023-06-19,03:00:00,6,4,2,FMN 17 Stenenbrug
664,Stenenbrug 70,2023-06-19,04:00:00,25,21,4,FMN 17 Stenenbrug
664,Stenenbrug 70,2023-06-19,05:00:00,51,39,12,FMN 17 Stenenbrug
664,Stenenbrug 70,2023-06-19,06:00:00,83,62,21,FMN 17 Stenenbrug
664,Stenenbrug 70,2023-06-19,07:00:00,243,195,48,FMN 17 Stenenbrug
664,Stenenbrug 70,2023-06-19,08:00:00,403,289,114,FMN 17 Stenenbrug
664,Stenenbrug 70,2023-06-19,09:00:00,129,101,28,FMN 17 Stenenbrug
664,Stenenbrug 70,2023-06-19,10:00:00,116,82,34,FMN 17 Stenenbrug
664,Stenenbrug 70,2023-06-19,11:00:00,102,73,29,FMN 17 Stenenbrug
664,Stenenbrug 70,2023-06-19,12:00:00,161,122,39,FMN 17 Stenenbrug
664,Stenenbrug 70,2023-06-19,13:00:00,164,106,58,FMN 17 Stenenbrug
664,Stenenbrug 70,2023-06-19,14:00:00,152,102,50,FMN 17 Stenenbrug
664,Stenenbrug 70,2023-06-19,15:00:00,226,140,86,FMN 17 Stenenbrug
664,Stenenbrug 70,2023-06-19,16:00:00,337,232,105,FMN 17 Stenenbrug
664,Stenenbrug 70,2023-06-19,17:00:00,297,195,102,FMN 17 Stenenbrug
664,Stenenbrug 70,2023-06-19,18:00:00,219,144,75,FMN 17 Stenenbrug
664,Stenenbrug 70,2023-06-19,19:00:00,159,105,54,FMN 17 Stenenbrug
664,Stenenbrug 70,2023-06-19,20:00:00,117,86,31,FMN 17 Stenenbrug
664,Stenenbrug 70,2023-06-19,21:00:00,98,69,29,FMN 17 Stenenbrug
664,Stenenbrug 70,2023-06-19,22:00:00,68,43,25,FMN 17 Stenenbrug
664,Stenenbrug 70,2023-06-19,23:00:00,36,18,18,FMN 17 Stenenbrug
664,Stenenbrug 70,2023-06-20,00:00:00,0,0,0,FMN 17 Stenenbrug
664,Stenenbrug 70,2023-06-20,01:00:00,4,2,2,FMN 17 Stenenbrug
664,Stenenbrug 70,2023-06-20,02:00:00,7,2,5,FMN 17 Stenenbrug
664,Stenenbrug 70,2023-06-20,03:00:00,2,1,1,FMN 17 Stenenbrug
664,Stenenbrug 70,2023-06-20,04:00:00,23,19,4,FMN 17 Stenenbrug
664,Stenenbrug 70,2023-06-20,05:00:00,40,31,9,FMN 17 Stenenbrug
664,Stenenbrug 70,2023-06-20,06:00:00,83,59,24,FMN 17 Stenenbrug
664,Stenenbrug 70,2023-06-20,07:00:00,247,184,63,FMN 17 Stenenbrug
664,Stenenbrug 70,2023-06-20,08:00:00,390,268,122,FMN 17 Stenenbrug
664,Stenenbrug 70,2023-06-20,09:00:00,119,96,23,FMN 17 Stenenbrug
664,Stenenbrug 70,2023-06-20,10:00:00,99,77,22,FMN 17 Stenenbrug
664,Stenenbrug 70,2023-06-20,11:00:00,97,70,27,FMN 17 Stenenbrug
664,Stenenbrug 70,2023-06-20,12:00:00,145,105,40,FMN 17 Stenenbrug
664,Stenenbrug 70,2023-06-20,13:00:00,131,85,46,FMN 17 Stenenbrug
664,Stenenbrug 70,2023-06-20,14:00:00,135,89,46,FMN 17 Stenenbrug
664,Stenenbrug 70,2023-06-20,15:00:00,196,119,77,FMN 17 Stenenbrug
664,Stenenbrug 70,2023-06-20,16:00:00,318,212,106,FMN 17 Stenenbrug
664,Stenenbrug 70,2023-06-20,17:00:00,292,173,119,FMN 17 Stenenbrug
664,Stenenbrug 70,2023-06-20,18:00:00,218,142,76,FMN 17 Stenenbrug
664,Stenenbrug 70,2023-06-20,19:00:00,170,116,54,FMN 17 Stenenbrug
664,Stenenbrug 70,2023-06-20,20:00:00,99,67,32,FMN 17 Stenenbrug
664,Stenenbrug 70,2023-06-20,21:00:00,88,55,33,FMN 17 Stenenbrug
664,Stenenbrug 70,2023-06-20,22:00:00,79,55,24,FMN 17 Stenenbrug
664,Stenenbrug 70,2023-06-20,23:00:00,38,18,20,FMN 17 Stenenbrug
664,Stenenbrug 70,2023-06-21,00:00:00,30,15,15,FMN 17 Stenenbrug
664,Stenenbrug 70,2023-06-21,01:00:00,10,8,2,FMN 17 Stenenbrug
664,Stenenbrug 70,2023-06-21,02:00:00,5,1,4,FMN 17 Stenenbrug
664,Stenenbrug 70,2023-06-21,03:00:00,10,8,2,FMN 17 Stenenbrug
664,Stenenbrug 70,2023-06-21,04:00:00,30,23,7,FMN 17 Stenenbrug
664,Stenenbrug 70,2023-06-21,05:00:00,50,34,16,FMN 17 Stenenbrug
664,Stenenbrug 70,2023-06-21,06:00:00,109,78,31,FMN 17 Stenenbrug
664,Stenenbrug 70,2023-06-21,07:00:00,284,224,60,FMN 17 Stenenbrug
664,Stenenbrug 70,2023-06-21,08:00:00,467,330,137,FMN 17 Stenenbrug
664,Stenenbrug 70,2023-06-21,09:00:00,160,123,37,FMN 17 Stenenbrug
664,Stenenbrug 70,2023-06-21,10:00:00,137,102,35,FMN 17 Stenenbrug
664,Stenenbrug 70,2023-06-21,11:00:00,147,96,51,FMN 17 Stenenbrug
664,Stenenbrug 70,2023-06-21,12:00:00,364,247,117,FMN 17 Stenenbrug
664,Stenenbrug 70,2023-06-21,13:00:00,230,145,85,FMN 17 Stenenbrug
664,Stenenbrug 70,2023-06-21,14:00:00,229,146,83,FMN 17 Stenenbrug
664,Stenenbrug 70,2023-06-21,15:00:00,245,140,105,FMN 17 Stenenbrug
664,Stenenbrug 70,2023-06-21,16:00:00,334,198,136,FMN 17 Stenenbrug
664,Stenenbrug 70,2023-06-21,17:00:00,365,216,149,FMN 17 Stenenbrug
664,Stenenbrug 70,2023-06-21,18:00:00,299,194,105,FMN 17 Stenenbrug
664,Stenenbrug 70,2023-06-21,19:00:00,222,139,83,FMN 17 Stenenbrug
664,Stenenbrug 70,2023-06-21,20:00:00,155,100,55,FMN 17 Stenenbrug
664,Stenenbrug 70,2023-06-21,21:00:00,124,80,44,FMN 17 Stenenbrug
664,Stenenbrug 70,2023-06-21,22:00:00,110,74,36,FMN 17 Stenenbrug
664,Stenenbrug 70,2023-06-21,23:00:00,61,35,26,FMN 17 Stenenbrug
664,Stenenbrug 70,2023-06-22,00:00:00,14,5,9,FMN 17 Stenenbrug
664,Stenenbrug 70,2023-06-22,01:00:00,9,7,2,FMN 17 Stenenbrug
664,Stenenbrug 70,2023-06-22,02:00:00,6,4,2,FMN 17 Stenenbrug
664,Stenenbrug 70,2023-06-22,03:00:00,8,5,3,FMN 17 Stenenbrug
664,Stenenbrug 70,2023-06-22,04:00:00,25,20,5,FMN 17 Stenenbrug
664,Stenenbrug 70,2023-06-22,05:00:00,46,33,13,FMN 17 Stenenbrug
664,Stenenbrug 70,2023-06-22,06:00:00,99,67,32,FMN 17 Stenenbrug
664,Stenenbrug 70,2023-06-22,07:00:00,228,170,58,FMN 17 Stenenbrug
664,Stenenbrug 70,2023-06-22,08:00:00,377,263,114,FMN 17 Stenenbrug
664,Stenenbrug 70,2023-06-22,09:00:00,136,110,26,FMN 17 Stenenbrug
664,Stenenbrug 70,2023-06-22,10:00:00,104,72,32,FMN 17 Stenenbrug
664,Stenenbrug 70,2023-06-22,11:00:00,91,68,23,FMN 17 Stenenbrug
664,Stenenbrug 70,2023-06-22,12:00:00,152,115,37,FMN 17 Stenenbrug
664,Stenenbrug 70,2023-06-22,13:00:00,139,89,50,FMN 17 Stenenbrug
664,Stenenbrug 70,2023-06-22,14:00:00,121,85,36,FMN 17 Stenenbrug
664,Stenenbrug 70,2023-06-22,15:00:00,199,125,74,FMN 17 Stenenbrug
664,Stenenbrug 70,2023-06-22,16:00:00,321,197,124,FMN 17 Stenenbrug
664,Stenenbrug 70,2023-06-22,17:00:00,295,182,113,FMN 17 Stenenbrug
664,Stenenbrug 70,2023-06-22,18:00:00,263,171,92,FMN 17 Stenenbrug
664,Stenenbrug 70,2023-06-22,19:00:00,189,131,58,FMN 17 Stenenbrug
664,Stenenbrug 70,2023-06-22,20:00:00,119,77,42,FMN 17 Stenenbrug
664,Stenenbrug 70,2023-06-22,21:00:00,86,51,35,FMN 17 Stenenbrug
664,Stenenbrug 70,2023-06-22,22:00:00,88,52,36,FMN 17 Stenenbrug
664,Stenenbrug 70,2023-06-22,23:00:00,51,22,29,FMN 17 Stenenbrug
664,Stenenbrug 70,2023-06-23,00:00:00,47,24,23,FMN 17 Stenenbrug
664,Stenenbrug 70,2023-06-23,01:00:00,15,10,5,FMN 17 Stenenbrug
664,Stenenbrug 70,2023-06-23,02:00:00,7,4,3,FMN 17 Stenenbrug
664,Stenenbrug 70,2023-06-23,03:00:00,12,7,5,FMN 17 Stenenbrug
664,Stenenbrug 70,2023-06-23,04:00:00,30,25,5,FMN 17 Stenenbrug
664,Stenenbrug 70,2023-06-23,05:00:00,58,46,12,FMN 17 Stenenbrug
664,Stenenbrug 70,2023-06-23,06:00:00,91,67,24,FMN 17 Stenenbrug
664,Stenenbrug 70,2023-06-23,07:00:00,263,205,58,FMN 17 Stenenbrug
664,Stenenbrug 70,2023-06-23,08:00:00,452,316,136,FMN 17 Stenenbrug
664,Stenenbrug 70,2023-06-23,09:00:00,186,136,50,FMN 17 Stenenbrug
664,Stenenbrug 70,2023-06-23,10:00:00,163,113,50,FMN 17 Stenenbrug
664,Stenenbrug 70,2023-06-23,11:00:00,155,114,41,FMN 17 Stenenbrug
664,Stenenbrug 70,2023-06-23,12:00:00,230,172,58,FMN 17 Stenenbrug
664,Stenenbrug 70,2023-06-23,13:00:00,186,123,63,FMN 17 Stenenbrug
664,Stenenbrug 70,2023-06-23,14:00:00,200,132,68,FMN 17 Stenenbrug
664,Stenenbrug 70,2023-06-23,15:00:00,295,176,119,FMN 17 Stenenbrug
664,Stenenbrug 70,2023-06-23,16:00:00,390,254,136,FMN 17 Stenenbrug
664,Stenenbrug 70,2023-06-23,17:00:00,335,206,129,FMN 17 Stenenbrug
664,Stenenbrug 70,2023-06-23,18:00:00,290,195,95,FMN 17 Stenenbrug
664,Stenenbrug 70,2023-06-23,19:00:00,238,174,64,FMN 17 Stenenbrug
664,Stenenbrug 70,2023-06-23,20:00:00,183,135,48,FMN 17 Stenenbrug
664,Stenenbrug 70,2023-06-23,21:00:00,128,93,35,FMN 17 Stenenbrug
664,Stenenbrug 70,2023-06-23,22:00:00,123,75,48,FMN 17 Stenenbrug
664,Stenenbrug 70,2023-06-23,23:00:00,84,46,38,FMN 17 Stenenbrug
664,Stenenbrug 70,2023-06-24,00:00:00,60,30,30,FMN 17 Stenenbrug
664,Stenenbrug 70,2023-06-24,01:00:00,22,11,11,FMN 17 Stenenbrug
664,Stenenbrug 70,2023-06-24,02:00:00,14,8,6,FMN 17 Stenenbrug
664,Stenenbrug 70,2023-06-24,03:00:00,17,7,10,FMN 17 Stenenbrug
664,Stenenbrug 70,2023-06-24,04:00:00,19,9,10,FMN 17 Stenenbrug
664,Stenenbrug 70,2023-06-24,05:00:00,28,13,15,FMN 17 Stenenbrug
664,Stenenbrug 70,2023-06-24,06:00:00,24,13,11,FMN 17 Stenenbrug
664,Stenenbrug 70,2023-06-24,07:00:00,35,18,17,FMN 17 Stenenbrug
664,Stenenbrug 70,2023-06-24,08:00:00,57,31,26,FMN 17 Stenenbrug
664,Stenenbrug 70,2023-06-24,09:00:00,133,75,58,FMN 17 Stenenbrug
664,Stenenbrug 70,2023-06-24,10:00:00,154,77,77,FMN 17 Stenenbrug
664,Stenenbrug 70,2023-06-24,11:00:00,193,114,79,FMN 17 Stenenbrug
664,Stenenbrug 70,2023-06-24,12:00:00,183,117,66,FMN 17 Stenenbrug
664,Stenenbrug 70,2023-06-24,13:00:00,184,108,76,FMN 17 Stenenbrug
664,Stenenbrug 70,2023-06-24,14:00:00,157,99,58,FMN 17 Stenenbrug
664,Stenenbrug 70,2023-06-24,15:00:00,174,108,66,FMN 17 Stenenbrug
664,Stenenbrug 70,2023-06-24,16:00:00,150,96,54,FMN 17 Stenenbrug
664,Stenenbrug 70,2023-06-24,17:00:00,174,112,62,FMN 17 Stenenbrug
664,Stenenbrug 70,2023-06-24,18:00:00,165,106,59,FMN 17 Stenenbrug
664,Stenenbrug 70,2023-06-24,19:00:00,133,90,43,FMN 17 Stenenbrug
664,Stenenbrug 70,2023-06-24,20:00:00,116,75,41,FMN 17 Stenenbrug
664,Stenenbrug 70,2023-06-24,21:00:00,95,61,34,FMN 17 Stenenbrug
664,Stenenbrug 70,2023-06-24,22:00:00,82,46,36,FMN 17 Stenenbrug
664,Stenenbrug 70,2023-06-24,23:00:00,65,33,32,FMN 17 Stenenbrug
664,Stenenbrug 70,2023-06-25,00:00:00,59,29,30,FMN 17 Stenenbrug
664,Stenenbrug 70,2023-06-25,01:00:00,33,22,11,FMN 17 Stenenbrug
664,Stenenbrug 70,2023-06-25,02:00:00,25,11,14,FMN 17 Stenenbrug
664,Stenenbrug 70,2023-06-25,03:00:00,18,10,8,FMN 17 Stenenbrug
664,Stenenbrug 70,2023-06-25,04:00:00,18,8,10,FMN 17 Stenenbrug
664,Stenenbrug 70,2023-06-25,05:00:00,21,14,7,FMN 17 Stenenbrug
664,Stenenbrug 70,2023-06-25,06:00:00,23,11,12,FMN 17 Stenenbrug
664,Stenenbrug 70,2023-06-25,07:00:00,23,11,12,FMN 17 Stenenbrug
664,Stenenbrug 70,2023-06-25,08:00:00,59,32,27,FMN 17 Stenenbrug
664,Stenenbrug 70,2023-06-25,09:00:00,104,70,34,FMN 17 Stenenbrug
664,Stenenbrug 70,2023-06-25,10:00:00,107,73,34,FMN 17 Stenenbrug
664,Stenenbrug 70,2023-06-25,11:00:00,141,89,52,FMN 17 Stenenbrug
664,Stenenbrug 70,2023-06-25,12:00:00,181,133,48,FMN 17 Stenenbrug
664,Stenenbrug 70,2023-06-25,13:00:00,177,113,64,FMN 17 Stenenbrug
664,Stenenbrug 70,2023-06-25,14:00:00,175,111,64,FMN 17 Stenenbrug
664,Stenenbrug 70,2023-06-25,15:00:00,148,93,55,FMN 17 Stenenbrug
664,Stenenbrug 70,2023-06-25,16:00:00,159,110,49,FMN 17 Stenenbrug
664,Stenenbrug 70,2023-06-25,17:00:00,164,117,47,FMN 17 Stenenbrug
664,Stenenbrug 70,2023-06-25,18:00:00,155,115,40,FMN 17 Stenenbrug
664,Stenenbrug 70,2023-06-25,19:00:00,144,89,55,FMN 17 Stenenbrug
664,Stenenbrug 70,2023-06-25,20:00:00,115,74,41,FMN 17 Stenenbrug
664,Stenenbrug 70,2023-06-25,21:00:00,79,52,27,FMN 17 Stenenbrug
664,Stenenbrug 70,2023-06-25,22:00:00,57,36,21,FMN 17 Stenenbrug
664,Stenenbrug 70,2023-06-25,23:00:00,41,23,18,FMN 17 Stenenbrug
664,Stenenbrug 70,2023-06-26,00:00:00,6,5,1,FMN 17 Stenenbrug
664,Stenenbrug 70,2023-06-26,01:00:00,5,3,2,FMN 17 Stenenbrug
664,Stenenbrug 70,2023-06-26,02:00:00,5,4,1,FMN 17 Stenenbrug
664,Stenenbrug 70,2023-06-26,03:00:00,7,6,1,FMN 17 Stenenbrug
664,Stenenbrug 70,2023-06-26,04:00:00,27,19,8,FMN 17 Stenenbrug
664,Stenenbrug 70,2023-06-26,05:00:00,36,25,11,FMN 17 Stenenbrug
664,Stenenbrug 70,2023-06-26,06:00:00,73,59,14,FMN 17 Stenenbrug
664,Stenenbrug 70,2023-06-26,07:00:00,195,140,55,FMN 17 Stenenbrug
664,Stenenbrug 70,2023-06-26,08:00:00,327,220,107,FMN 17 Stenenbrug
664,Stenenbrug 70,2023-06-26,09:00:00,112,79,33,FMN 17 Stenenbrug
664,Stenenbrug 70,2023-06-26,10:00:00,91,61,30,FMN 17 Stenenbrug
664,Stenenbrug 70,2023-06-26,11:00:00,95,65,30,FMN 17 Stenenbrug
664,Stenenbrug 70,2023-06-26,12:00:00,147,95,52,FMN 17 Stenenbrug
664,Stenenbrug 70,2023-06-26,13:00:00,120,77,43,FMN 17 Stenenbrug
664,Stenenbrug 70,2023-06-26,14:00:00,123,80,43,FMN 17 Stenenbrug
664,Stenenbrug 70,2023-06-26,15:00:00,194,102,92,FMN 17 Stenenbrug
664,Stenenbrug 70,2023-06-26,16:00:00,283,171,112,FMN 17 Stenenbrug
664,Stenenbrug 70,2023-06-26,17:00:00,271,155,116,FMN 17 Stenenbrug
664,Stenenbrug 70,2023-06-26,18:00:00,196,113,83,FMN 17 Stenenbrug
664,Stenenbrug 70,2023-06-26,19:00:00,131,80,51,FMN 17 Stenenbrug
664,Stenenbrug 70,2023-06-26,20:00:00,96,62,34,FMN 17 Stenenbrug
664,Stenenbrug 70,2023-06-26,21:00:00,80,52,28,FMN 17 Stenenbrug
664,Stenenbrug 70,2023-06-26,22:00:00,68,39,29,FMN 17 Stenenbrug
664,Stenenbrug 70,2023-06-26,23:00:00,27,12,15,FMN 17 Stenenbrug
664,Stenenbrug 70,2023-06-27,00:00:00,12,7,5,FMN 17 Stenenbrug
664,Stenenbrug 70,2023-06-27,01:00:00,6,3,3,FMN 17 Stenenbrug
664,Stenenbrug 70,2023-06-27,02:00:00,3,1,2,FMN 17 Stenenbrug
664,Stenenbrug 70,2023-06-27,03:00:00,9,5,4,FMN 17 Stenenbrug
664,Stenenbrug 70,2023-06-27,04:00:00,20,18,2,FMN 17 Stenenbrug
664,Stenenbrug 70,2023-06-27,05:00:00,50,38,12,FMN 17 Stenenbrug
664,Stenenbrug 70,2023-06-27,06:00:00,75,53,22,FMN 17 Stenenbrug
664,Stenenbrug 70,2023-06-27,07:00:00,239,163,76,FMN 17 Stenenbrug
664,Stenenbrug 70,2023-06-27,08:00:00,370,237,133,FMN 17 Stenenbrug
664,Stenenbrug 70,2023-06-27,09:00:00,131,96,35,FMN 17 Stenenbrug
664,Stenenbrug 70,2023-06-27,10:00:00,99,70,29,FMN 17 Stenenbrug
664,Stenenbrug 70,2023-06-27,11:00:00,81,57,24,FMN 17 Stenenbrug
664,Stenenbrug 70,2023-06-27,12:00:00,152,106,46,FMN 17 Stenenbrug
664,Stenenbrug 70,2023-06-27,13:00:00,113,77,36,FMN 17 Stenenbrug
664,Stenenbrug 70,2023-06-27,14:00:00,121,82,39,FMN 17 Stenenbrug
664,Stenenbrug 70,2023-06-27,15:00:00,195,108,87,FMN 17 Stenenbrug
664,Stenenbrug 70,2023-06-27,16:00:00,316,183,133,FMN 17 Stenenbrug
664,Stenenbrug 70,2023-06-27,17:00:00,282,161,121,FMN 17 Stenenbrug
664,Stenenbrug 70,2023-06-27,18:00:00,219,127,92,FMN 17 Stenenbrug
664,Stenenbrug 70,2023-06-27,19:00:00,160,105,55,FMN 17 Stenenbrug
664,Stenenbrug 70,2023-06-27,20:00:00,95,61,34,FMN 17 Stenenbrug
664,Stenenbrug 70,2023-06-27,21:00:00,88,51,37,FMN 17 Stenenbrug
664,Stenenbrug 70,2023-06-27,22:00:00,67,37,30,FMN 17 Stenenbrug
664,Stenenbrug 70,2023-06-27,23:00:00,30,18,12,FMN 17 Stenenbrug
664,Stenenbrug 70,2023-06-28,00:00:00,7,7,0,FMN 17 Stenenbrug
664,Stenenbrug 70,2023-06-28,01:00:00,6,6,0,FMN 17 Stenenbrug
664,Stenenbrug 70,2023-06-28,02:00:00,8,8,0,FMN 17 Stenenbrug
664,Stenenbrug 70,2023-06-28,03:00:00,6,6,0,FMN 17 Stenenbrug
664,Stenenbrug 70,2023-06-28,04:00:00,24,24,0,FMN 17 Stenenbrug
664,Stenenbrug 70,2023-06-28,05:00:00,34,34,0,FMN 17 Stenenbrug
664,Stenenbrug 70,2023-06-28,06:00:00,66,66,0,FMN 17 Stenenbrug
664,Stenenbrug 70,2023-06-28,07:00:00,189,189,0,FMN 17 Stenenbrug
664,Stenenbrug 70,2023-06-28,08:00:00,295,295,0,FMN 17 Stenenbrug
664,Stenenbrug 70,2023-06-28,09:00:00,108,108,0,FMN 17 Stenenbrug
664,Stenenbrug 70,2023-06-28,10:00:00,80,79,1,FMN 17 Stenenbrug
664,Stenenbrug 70,2023-06-28,11:00:00,181,81,100,FMN 17 Stenenbrug
664,Stenenbrug 70,2023-06-28,12:00:00,373,223,150,FMN 17 Stenenbrug
664,Stenenbrug 70,2023-06-28,13:00:00,269,130,139,FMN 17 Stenenbrug
664,Stenenbrug 70,2023-06-28,14:00:00,284,131,153,FMN 17 Stenenbrug
664,Stenenbrug 70,2023-06-28,15:00:00,296,133,163,FMN 17 Stenenbrug
664,Stenenbrug 70,2023-06-28,16:00:00,396,176,220,FMN 17 Stenenbrug
664,Stenenbrug 70,2023-06-28,17:00:00,443,188,255,FMN 17 Stenenbrug
664,Stenenbrug 70,2023-06-28,18:00:00,377,175,202,FMN 17 Stenenbrug
664,Stenenbrug 70,2023-06-28,19:00:00,300,121,179,FMN 17 Stenenbrug
664,Stenenbrug 70,2023-06-28,20:00:00,228,86,142,FMN 17 Stenenbrug
664,Stenenbrug 70,2023-06-28,21:00:00,178,71,107,FMN 17 Stenenbrug
664,Stenenbrug 70,2023-06-28,22:00:00,142,69,73,FMN 17 Stenenbrug
664,Stenenbrug 70,2023-06-28,23:00:00,73,35,38,FMN 17 Stenenbrug
664,Stenenbrug 70,2023-06-29,00:00:00,24,8,16,FMN 17 Stenenbrug
664,Stenenbrug 70,2023-06-29,01:00:00,19,5,14,FMN 17 Stenenbrug
664,Stenenbrug 70,2023-06-29,02:00:00,15,4,11,FMN 17 Stenenbrug
664,Stenenbrug 70,2023-06-29,03:00:00,17,3,14,FMN 17 Stenenbrug
664,Stenenbrug 70,2023-06-29,04:00:00,35,20,15,FMN 17 Stenenbrug
664,Stenenbrug 70,2023-06-29,05:00:00,76,34,42,FMN 17 Stenenbrug
664,Stenenbrug 70,2023-06-29,06:00:00,118,45,73,FMN 17 Stenenbrug
664,Stenenbrug 70,2023-06-29,07:00:00,346,144,202,FMN 17 Stenenbrug
664,Stenenbrug 70,2023-06-29,08:00:00,595,240,355,FMN 17 Stenenbrug
664,Stenenbrug 70,2023-06-29,09:00:00,231,82,149,FMN 17 Stenenbrug
664,Stenenbrug 70,2023-06-29,10:00:00,142,55,87,FMN 17 Stenenbrug
664,Stenenbrug 70,2023-06-29,11:00:00,154,62,92,FMN 17 Stenenbrug
664,Stenenbrug 70,2023-06-29,12:00:00,232,104,128,FMN 17 Stenenbrug
664,Stenenbrug 70,2023-06-29,13:00:00,214,78,136,FMN 17 Stenenbrug
664,Stenenbrug 70,2023-06-29,14:00:00,207,88,119,FMN 17 Stenenbrug
664,Stenenbrug 70,2023-06-29,15:00:00,310,126,184,FMN 17 Stenenbrug
664,Stenenbrug 70,2023-06-29,16:00:00,405,189,216,FMN 17 Stenenbrug
664,Stenenbrug 70,2023-06-29,17:00:00,391,157,234,FMN 17 Stenenbrug
664,Stenenbrug 70,2023-06-29,18:00:00,350,135,215,FMN 17 Stenenbrug
664,Stenenbrug 70,2023-06-29,19:00:00,286,120,166,FMN 17 Stenenbrug
664,Stenenbrug 70,2023-06-29,20:00:00,197,76,121,FMN 17 Stenenbrug
664,Stenenbrug 70,2023-06-29,21:00:00,159,47,112,FMN 17 Stenenbrug
664,Stenenbrug 70,2023-06-29,22:00:00,128,47,81,FMN 17 Stenenbrug
664,Stenenbrug 70,2023-06-29,23:00:00,102,25,77,FMN 17 Stenenbrug
664,Stenenbrug 70,2023-06-30,00:00:00,74,12,62,FMN 17 Stenenbrug
664,Stenenbrug 70,2023-06-30,01:00:00,35,8,27,FMN 17 Stenenbrug
664,Stenenbrug 70,2023-06-30,02:00:00,6,2,4,FMN 17 Stenenbrug
664,Stenenbrug 70,2023-06-30,03:00:00,12,6,6,FMN 17 Stenenbrug
664,Stenenbrug 70,2023-06-30,04:00:00,30,7,23,FMN 17 Stenenbrug
664,Stenenbrug 70,2023-06-30,05:00:00,67,19,48,FMN 17 Stenenbrug
664,Stenenbrug 70,2023-06-30,06:00:00,119,48,71,FMN 17 Stenenbrug
664,Stenenbrug 70,2023-06-30,07:00:00,327,140,187,FMN 17 Stenenbrug
664,Stenenbrug 70,2023-06-30,08:00:00,496,207,289,FMN 17 Stenenbrug
664,Stenenbrug 70,2023-06-30,09:00:00,234,93,141,FMN 17 Stenenbrug
664,Stenenbrug 70,2023-06-30,10:00:00,203,78,125,FMN 17 Stenenbrug
664,Stenenbrug 70,2023-06-30,11:00:00,166,68,98,FMN 17 Stenenbrug
664,Stenenbrug 70,2023-06-30,12:00:00,359,116,243,FMN 17 Stenenbrug
664,Stenenbrug 70,2023-06-30,13:00:00,256,88,168,FMN 17 Stenenbrug
664,Stenenbrug 70,2023-06-30,14:00:00,210,76,134,FMN 17 Stenenbrug
664,Stenenbrug 70,2023-06-30,15:00:00,301,123,178,FMN 17 Stenenbrug
664,Stenenbrug 70,2023-06-30,16:00:00,420,181,239,FMN 17 Stenenbrug
664,Stenenbrug 70,2023-06-30,17:00:00,393,142,251,FMN 17 Stenenbrug
664,Stenenbrug 70,2023-06-30,18:00:00,338,135,203,FMN 17 Stenenbrug
664,Stenenbrug 70,2023-06-30,19:00:00,301,107,194,FMN 17 Stenenbrug
664,Stenenbrug 70,2023-06-30,20:00:00,213,94,119,FMN 17 Stenenbrug
664,Stenenbrug 70,2023-06-30,21:00:00,204,61,143,FMN 17 Stenenbrug
664,Stenenbrug 70,2023-06-30,22:00:00,149,53,96,FMN 17 Stenenbrug
664,Stenenbrug 70,2023-06-30,23:00:00,108,37,71,FMN 17 Stenenbrug
664,Stenenbrug 70,2023-07-01,00:00:00,65,18,47,FMN 17 Stenenbrug
664,Stenenbrug 70,2023-07-01,01:00:00,40,15,25,FMN 17 Stenenbrug
664,Stenenbrug 70,2023-07-01,02:00:00,31,9,22,FMN 17 Stenenbrug
664,Stenenbrug 70,2023-07-01,03:00:00,16,8,8,FMN 17 Stenenbrug
664,Stenenbrug 70,2023-07-01,04:00:00,18,8,10,FMN 17 Stenenbrug
664,Stenenbrug 70,2023-07-01,05:00:00,30,16,14,FMN 17 Stenenbrug
664,Stenenbrug 70,2023-07-01,06:00:00,29,11,18,FMN 17 Stenenbrug
664,Stenenbrug 70,2023-07-01,07:00:00,32,20,12,FMN 17 Stenenbrug
664,Stenenbrug 70,2023-07-01,08:00:00,64,26,38,FMN 17 Stenenbrug
664,Stenenbrug 70,2023-07-01,09:00:00,125,61,64,FMN 17 Stenenbrug
664,Stenenbrug 70,2023-07-01,10:00:00,147,73,74,FMN 17 Stenenbrug
664,Stenenbrug 70,2023-07-01,11:00:00,162,97,65,FMN 17 Stenenbrug
664,Stenenbrug 70,2023-07-01,12:00:00,106,97,9,FMN 17 Stenenbrug
664,Stenenbrug 70,2023-07-01,13:00:00,96,96,0,FMN 17 Stenenbrug
664,Stenenbrug 70,2023-07-01,14:00:00,88,88,0,FMN 17 Stenenbrug
664,Stenenbrug 70,2023-07-01,15:00:00,88,88,0,FMN 17 Stenenbrug
664,Stenenbrug 70,2023-07-01,16:00:00,87,87,0,FMN 17 Stenenbrug
664,Stenenbrug 70,2023-07-01,17:00:00,94,94,0,FMN 17 Stenenbrug
664,Stenenbrug 70,2023-07-01,18:00:00,96,96,0,FMN 17 Stenenbrug
664,Stenenbrug 70,2023-07-01,19:00:00,76,76,0,FMN 17 Stenenbrug
664,Stenenbrug 70,2023-07-01,20:00:00,58,58,0,FMN 17 Stenenbrug
664,Stenenbrug 70,2023-07-01,21:00:00,37,37,0,FMN 17 Stenenbrug
664,Stenenbrug 70,2023-07-01,22:00:00,45,45,0,FMN 17 Stenenbrug
664,Stenenbrug 70,2023-07-01,23:00:00,28,28,0,FMN 17 Stenenbrug
664,Stenenbrug 70,2023-07-02,00:00:00,54,31,23,FMN 17 Stenenbrug
664,Stenenbrug 70,2023-07-02,01:00:00,36,16,20,FMN 17 Stenenbrug
664,Stenenbrug 70,2023-07-02,02:00:00,22,11,11,FMN 17 Stenenbrug
664,Stenenbrug 70,2023-07-02,03:00:00,17,7,10,FMN 17 Stenenbrug
664,Stenenbrug 70,2023-07-02,04:00:00,11,5,6,FMN 17 Stenenbrug
664,Stenenbrug 70,2023-07-02,05:00:00,27,14,13,FMN 17 Stenenbrug
664,Stenenbrug 70,2023-07-02,06:00:00,20,11,9,FMN 17 Stenenbrug
664,Stenenbrug 70,2023-07-02,07:00:00,25,13,12,FMN 17 Stenenbrug
664,Stenenbrug 70,2023-07-02,08:00:00,64,32,32,FMN 17 Stenenbrug
664,Stenenbrug 70,2023-07-02,09:00:00,79,46,33,FMN 17 Stenenbrug
664,Stenenbrug 70,2023-07-02,10:00:00,99,63,36,FMN 17 Stenenbrug
664,Stenenbrug 70,2023-07-02,11:00:00,111,66,45,FMN 17 Stenenbrug
664,Stenenbrug 70,2023-07-02,12:00:00,169,108,61,FMN 17 Stenenbrug
664,Stenenbrug 70,2023-07-02,13:00:00,161,90,71,FMN 17 Stenenbrug
664,Stenenbrug 70,2023-07-02,14:00:00,161,90,71,FMN 17 Stenenbrug
664,Stenenbrug 70,2023-07-02,15:00:00,136,81,55,FMN 17 Stenenbrug
664,Stenenbrug 70,2023-07-02,16:00:00,152,83,69,FMN 17 Stenenbrug
664,Stenenbrug 70,2023-07-02,17:00:00,148,85,63,FMN 17 Stenenbrug
664,Stenenbrug 70,2023-07-02,18:00:00,146,94,52,FMN 17 Stenenbrug
664,Stenenbrug 70,2023-07-02,19:00:00,140,81,59,FMN 17 Stenenbrug
664,Stenenbrug 70,2023-07-02,20:00:00,111,64,47,FMN 17 Stenenbrug
664,Stenenbrug 70,2023-07-02,21:00:00,91,49,42,FMN 17 Stenenbrug
664,Stenenbrug 70,2023-07-02,22:00:00,58,33,25,FMN 17 Stenenbrug
664,Stenenbrug 70,2023-07-02,23:00:00,40,17,23,FMN 17 Stenenbrug
664,Stenenbrug 70,2023-07-03,00:00:00,6,6,0,FMN 17 Stenenbrug
664,Stenenbrug 70,2023-07-03,01:00:00,4,4,0,FMN 17 Stenenbrug
664,Stenenbrug 70,2023-07-03,02:00:00,3,3,0,FMN 17 Stenenbrug
664,Stenenbrug 70,2023-07-03,03:00:00,4,4,0,FMN 17 Stenenbrug
664,Stenenbrug 70,2023-07-03,04:00:00,16,16,0,FMN 17 Stenenbrug
664,Stenenbrug 70,2023-07-03,05:00:00,21,21,0,FMN 17 Stenenbrug
664,Stenenbrug 70,2023-07-03,06:00:00,47,47,0,FMN 17 Stenenbrug
664,Stenenbrug 70,2023-07-03,07:00:00,135,135,0,FMN 17 Stenenbrug
664,Stenenbrug 70,2023-07-03,08:00:00,223,223,0,FMN 17 Stenenbrug
664,Stenenbrug 70,2023-07-03,09:00:00,85,85,0,FMN 17 Stenenbrug
664,Stenenbrug 70,2023-07-03,10:00:00,60,60,0,FMN 17 Stenenbrug
664,Stenenbrug 70,2023-07-03,11:00:00,64,64,0,FMN 17 Stenenbrug
664,Stenenbrug 70,2023-07-03,12:00:00,86,86,0,FMN 17 Stenenbrug
664,Stenenbrug 70,2023-07-03,13:00:00,88,88,0,FMN 17 Stenenbrug
664,Stenenbrug 70,2023-07-03,14:00:00,67,67,0,FMN 17 Stenenbrug
664,Stenenbrug 70,2023-07-03,15:00:00,110,110,0,FMN 17 Stenenbrug
664,Stenenbrug 70,2023-07-03,16:00:00,186,186,0,FMN 17 Stenenbrug
664,Stenenbrug 70,2023-07-03,17:00:00,152,152,0,FMN 17 Stenenbrug
664,Stenenbrug 70,2023-07-03,18:00:00,229,120,109,FMN 17 Stenenbrug
664,Stenenbrug 70,2023-07-03,19:00:00,216,80,136,FMN 17 Stenenbrug
664,Stenenbrug 70,2023-07-03,20:00:00,166,59,107,FMN 17 Stenenbrug
664,Stenenbrug 70,2023-07-03,21:00:00,126,56,70,FMN 17 Stenenbrug
664,Stenenbrug 70,2023-07-03,22:00:00,108,45,63,FMN 17 Stenenbrug
664,Stenenbrug 70,2023-07-03,23:00:00,34,2,32,FMN 17 Stenenbrug
664,Stenenbrug 70,2023-07-04,00:00:00,23,9,14,FMN 17 Stenenbrug
664,Stenenbrug 70,2023-07-04,01:00:00,12,4,8,FMN 17 Stenenbrug
664,Stenenbrug 70,2023-07-04,02:00:00,5,0,5,FMN 17 Stenenbrug
664,Stenenbrug 70,2023-07-04,03:00:00,11,5,6,FMN 17 Stenenbrug
664,Stenenbrug 70,2023-07-04,04:00:00,39,15,24,FMN 17 Stenenbrug
664,Stenenbrug 70,2023-07-04,05:00:00,74,34,40,FMN 17 Stenenbrug
664,Stenenbrug 70,2023-07-04,06:00:00,128,55,73,FMN 17 Stenenbrug
664,Stenenbrug 70,2023-07-04,07:00:00,362,168,194,FMN 17 Stenenbrug
664,Stenenbrug 70,2023-07-04,08:00:00,561,244,317,FMN 17 Stenenbrug
664,Stenenbrug 70,2023-07-04,09:00:00,113,100,13,FMN 17 Stenenbrug
664,Stenenbrug 70,2023-07-04,10:00:00,64,64,0,FMN 17 Stenenbrug
664,Stenenbrug 70,2023-07-04,11:00:00,56,56,0,FMN 17 Stenenbrug
664,Stenenbrug 70,2023-07-04,12:00:00,100,100,0,FMN 17 Stenenbrug
664,Stenenbrug 70,2023-07-04,13:00:00,74,74,0,FMN 17 Stenenbrug
664,Stenenbrug 70,2023-07-04,14:00:00,65,65,0,FMN 17 Stenenbrug
664,Stenenbrug 70,2023-07-04,15:00:00,95,95,0,FMN 17 Stenenbrug
664,Stenenbrug 70,2023-07-04,16:00:00,179,179,0,FMN 17 Stenenbrug
664,Stenenbrug 70,2023-07-04,17:00:00,281,160,121,FMN 17 Stenenbrug
664,Stenenbrug 70,2023-07-04,18:00:00,302,131,171,FMN 17 Stenenbrug
664,Stenenbrug 70,2023-07-04,19:00:00,247,107,140,FMN 17 Stenenbrug
664,Stenenbrug 70,2023-07-04,20:00:00,127,66,61,FMN 17 Stenenbrug
664,Stenenbrug 70,2023-07-04,21:00:00,105,49,56,FMN 17 Stenenbrug
664,Stenenbrug 70,2023-07-04,22:00:00,78,36,42,FMN 17 Stenenbrug
664,Stenenbrug 70,2023-07-04,23:00:00,14,14,0,FMN 17 Stenenbrug
664,Stenenbrug 70,2023-07-05,00:00:00,7,7,0,FMN 17 Stenenbrug
664,Stenenbrug 70,2023-07-05,01:00:00,3,3,0,FMN 17 Stenenbrug
664,Stenenbrug 70,2023-07-05,02:00:00,3,3,0,FMN 17 Stenenbrug
664,Stenenbrug 70,2023-07-05,03:00:00,5,2,3,FMN 17 Stenenbrug
664,Stenenbrug 70,2023-07-05,04:00:00,39,13,26,FMN 17 Stenenbrug
664,Stenenbrug 70,2023-07-05,05:00:00,48,21,27,FMN 17 Stenenbrug
664,Stenenbrug 70,2023-07-05,06:00:00,41,41,0,FMN 17 Stenenbrug
664,Stenenbrug 70,2023-07-05,07:00:00,112,112,0,FMN 17 Stenenbrug
664,Stenenbrug 70,2023-07-05,08:00:00,177,177,0,FMN 17 Stenenbrug
664,Stenenbrug 70,2023-07-05,09:00:00,61,61,0,FMN 17 Stenenbrug
664,Stenenbrug 70,2023-07-05,10:00:00,115,48,67,FMN 17 Stenenbrug
664,Stenenbrug 70,2023-07-05,11:00:00,116,45,71,FMN 17 Stenenbrug
664,Stenenbrug 70,2023-07-05,12:00:00,205,111,94,FMN 17 Stenenbrug
664,Stenenbrug 70,2023-07-05,13:00:00,101,71,30,FMN 17 Stenenbrug
664,Stenenbrug 70,2023-07-05,14:00:00,68,68,0,FMN 17 Stenenbrug
664,Stenenbrug 70,2023-07-05,15:00:00,73,73,0,FMN 17 Stenenbrug
664,Stenenbrug 70,2023-07-05,16:00:00,98,98,0,FMN 17 Stenenbrug
664,Stenenbrug 70,2023-07-05,17:00:00,107,107,0,FMN 17 Stenenbrug
664,Stenenbrug 70,2023-07-05,18:00:00,95,95,0,FMN 17 Stenenbrug
664,Stenenbrug 70,2023-07-05,19:00:00,140,74,66,FMN 17 Stenenbrug
664,Stenenbrug 70,2023-07-05,20:00:00,126,46,80,FMN 17 Stenenbrug
664,Stenenbrug 70,2023-07-05,21:00:00,113,48,65,FMN 17 Stenenbrug
664,Stenenbrug 70,2023-07-05,22:00:00,57,37,20,FMN 17 Stenenbrug
664,Stenenbrug 70,2023-07-05,23:00:00,12,12,0,FMN 17 Stenenbrug
664,Stenenbrug 70,2023-07-06,00:00:00,6,6,0,FMN 17 Stenenbrug
664,Stenenbrug 70,2023-07-06,01:00:00,6,6,0,FMN 17 Stenenbrug
664,Stenenbrug 70,2023-07-06,02:00:00,2,2,0,FMN 17 Stenenbrug
664,Stenenbrug 70,2023-07-06,03:00:00,3,3,0,FMN 17 Stenenbrug
664,Stenenbrug 70,2023-07-06,04:00:00,39,14,25,FMN 17 Stenenbrug
664,Stenenbrug 70,2023-07-06,05:00:00,68,31,37,FMN 17 Stenenbrug
664,Stenenbrug 70,2023-07-06,06:00:00,136,46,90,FMN 17 Stenenbrug
664,Stenenbrug 70,2023-07-06,07:00:00,151,151,0,FMN 17 Stenenbrug
664,Stenenbrug 70,2023-07-06,08:00:00,246,246,0,FMN 17 Stenenbrug
664,Stenenbrug 70,2023-07-06,09:00:00,92,92,0,FMN 17 Stenenbrug
664,Stenenbrug 70,2023-07-06,10:00:00,63,63,0,FMN 17 Stenenbrug
664,Stenenbrug 70,2023-07-06,11:00:00,66,66,0,FMN 17 Stenenbrug
664,Stenenbrug 70,2023-07-06,12:00:00,105,105,0,FMN 17 Stenenbrug
664,Stenenbrug 70,2023-07-06,13:00:00,89,89,0,FMN 17 Stenenbrug
664,Stenenbrug 70,2023-07-06,14:00:00,75,75,0,FMN 17 Stenenbrug
664,Stenenbrug 70,2023-07-06,15:00:00,111,111,0,FMN 17 Stenenbrug
664,Stenenbrug 70,2023-07-06,16:00:00,190,190,0,FMN 17 Stenenbrug
664,Stenenbrug 70,2023-07-06,17:00:00,166,166,0,FMN 17 Stenenbrug
664,Stenenbrug 70,2023-07-06,18:00:00,299,140,159,FMN 17 Stenenbrug
664,Stenenbrug 70,2023-07-06,19:00:00,256,116,140,FMN 17 Stenenbrug
664,Stenenbrug 70,2023-07-06,20:00:00,211,78,133,FMN 17 Stenenbrug
664,Stenenbrug 70,2023-07-06,21:00:00,75,45,30,FMN 17 Stenenbrug
664,Stenenbrug 70,2023-07-06,22:00:00,39,39,0,FMN 17 Stenenbrug
664,Stenenbrug 70,2023-07-06,23:00:00,22,22,0,FMN 17 Stenenbrug
664,Stenenbrug 70,2023-07-07,00:00:00,34,19,15,FMN 17 Stenenbrug
664,Stenenbrug 70,2023-07-07,01:00:00,14,4,10,FMN 17 Stenenbrug
664,Stenenbrug 70,2023-07-07,02:00:00,12,2,10,FMN 17 Stenenbrug
664,Stenenbrug 70,2023-07-07,03:00:00,12,8,4,FMN 17 Stenenbrug
664,Stenenbrug 70,2023-07-07,04:00:00,18,12,6,FMN 17 Stenenbrug
664,Stenenbrug 70,2023-07-07,05:00:00,50,26,24,FMN 17 Stenenbrug
664,Stenenbrug 70,2023-07-07,06:00:00,68,40,28,FMN 17 Stenenbrug
664,Stenenbrug 70,2023-07-07,07:00:00,164,111,53,FMN 17 Stenenbrug
664,Stenenbrug 70,2023-07-07,08:00:00,309,174,135,FMN 17 Stenenbrug
664,Stenenbrug 70,2023-07-07,09:00:00,114,75,39,FMN 17 Stenenbrug
664,Stenenbrug 70,2023-07-07,10:00:00,100,50,50,FMN 17 Stenenbrug
664,Stenenbrug 70,2023-07-07,11:00:00,95,59,36,FMN 17 Stenenbrug
664,Stenenbrug 70,2023-07-07,12:00:00,166,101,65,FMN 17 Stenenbrug
664,Stenenbrug 70,2023-07-07,13:00:00,137,68,69,FMN 17 Stenenbrug
664,Stenenbrug 70,2023-07-07,14:00:00,138,66,72,FMN 17 Stenenbrug
664,Stenenbrug 70,2023-07-07,15:00:00,211,95,116,FMN 17 Stenenbrug
664,Stenenbrug 70,2023-07-07,16:00:00,294,153,141,FMN 17 Stenenbrug
664,Stenenbrug 70,2023-07-07,17:00:00,231,110,121,FMN 17 Stenenbrug
664,Stenenbrug 70,2023-07-07,18:00:00,200,113,87,FMN 17 Stenenbrug
664,Stenenbrug 70,2023-07-07,19:00:00,170,96,74,FMN 17 Stenenbrug
664,Stenenbrug 70,2023-07-07,20:00:00,132,72,60,FMN 17 Stenenbrug
664,Stenenbrug 70,2023-07-07,21:00:00,90,51,39,FMN 17 Stenenbrug
664,Stenenbrug 70,2023-07-07,22:00:00,100,54,46,FMN 17 Stenenbrug
664,Stenenbrug 70,2023-07-07,23:00:00,75,40,35,FMN 17 Stenenbrug
664,Stenenbrug 70,2023-07-08,00:00:00,49,28,21,FMN 17 Stenenbrug
664,Stenenbrug 70,2023-07-08,01:00:00,22,12,10,FMN 17 Stenenbrug
664,Stenenbrug 70,2023-07-08,02:00:00,17,12,5,FMN 17 Stenenbrug
664,Stenenbrug 70,2023-07-08,03:00:00,17,8,9,FMN 17 Stenenbrug
664,Stenenbrug 70,2023-07-08,04:00:00,23,11,12,FMN 17 Stenenbrug
664,Stenenbrug 70,2023-07-08,05:00:00,21,11,10,FMN 17 Stenenbrug
664,Stenenbrug 70,2023-07-08,06:00:00,30,18,12,FMN 17 Stenenbrug
664,Stenenbrug 70,2023-07-08,07:00:00,39,25,14,FMN 17 Stenenbrug
664,Stenenbrug 70,2023-07-08,08:00:00,54,30,24,FMN 17 Stenenbrug
664,Stenenbrug 70,2023-07-08,09:00:00,116,69,47,FMN 17 Stenenbrug
664,Stenenbrug 70,2023-07-08,10:00:00,152,93,59,FMN 17 Stenenbrug
664,Stenenbrug 70,2023-07-08,11:00:00,183,118,65,FMN 17 Stenenbrug
664,Stenenbrug 70,2023-07-08,12:00:00,174,122,52,FMN 17 Stenenbrug
664,Stenenbrug 70,2023-07-08,13:00:00,195,127,68,FMN 17 Stenenbrug
664,Stenenbrug 70,2023-07-08,14:00:00,163,108,55,FMN 17 Stenenbrug
664,Stenenbrug 70,2023-07-08,15:00:00,156,108,48,FMN 17 Stenenbrug
664,Stenenbrug 70,2023-07-08,16:00:00,148,98,50,FMN 17 Stenenbrug
664,Stenenbrug 70,2023-07-08,17:00:00,174,127,47,FMN 17 Stenenbrug
664,Stenenbrug 70,2023-07-08,18:00:00,156,109,47,FMN 17 Stenenbrug
664,Stenenbrug 70,2023-07-08,19:00:00,141,97,44,FMN 17 Stenenbrug
664,Stenenbrug 70,2023-07-08,20:00:00,101,72,29,FMN 17 Stenenbrug
664,Stenenbrug 70,2023-07-08,21:00:00,81,53,28,FMN 17 Stenenbrug
664,Stenenbrug 70,2023-07-08,22:00:00,81,53,28,FMN 17 Stenenbrug
664,Stenenbrug 70,2023-07-08,23:00:00,67,44,23,FMN 17 Stenenbrug
664,Stenenbrug 70,2023-07-09,00:00:00,48,25,23,FMN 17 Stenenbrug
664,Stenenbrug 70,2023-07-09,01:00:00,41,23,18,FMN 17 Stenenbrug
664,Stenenbrug 70,2023-07-09,02:00:00,21,15,6,FMN 17 Stenenbrug
664,Stenenbrug 70,2023-07-09,03:00:00,16,9,7,FMN 17 Stenenbrug
664,Stenenbrug 70,2023-07-09,04:00:00,13,6,7,FMN 17 Stenenbrug
664,Stenenbrug 70,2023-07-09,05:00:00,14,10,4,FMN 17 Stenenbrug
664,Stenenbrug 70,2023-07-09,06:00:00,19,10,9,FMN 17 Stenenbrug
664,Stenenbrug 70,2023-07-09,07:00:00,30,17,13,FMN 17 Stenenbrug
664,Stenenbrug 70,2023-07-09,08:00:00,59,31,28,FMN 17 Stenenbrug
664,Stenenbrug 70,2023-07-09,09:00:00,72,50,22,FMN 17 Stenenbrug
664,Stenenbrug 70,2023-07-09,10:00:00,94,65,29,FMN 17 Stenenbrug
664,Stenenbrug 70,2023-07-09,11:00:00,119,79,40,FMN 17 Stenenbrug
664,Stenenbrug 70,2023-07-09,12:00:00,153,114,39,FMN 17 Stenenbrug
664,Stenenbrug 70,2023-07-09,13:00:00,171,114,57,FMN 17 Stenenbrug
664,Stenenbrug 70,2023-07-09,14:00:00,167,99,68,FMN 17 Stenenbrug
664,Stenenbrug 70,2023-07-09,15:00:00,135,85,50,FMN 17 Stenenbrug
664,Stenenbrug 70,2023-07-09,16:00:00,154,100,54,FMN 17 Stenenbrug
664,Stenenbrug 70,2023-07-09,17:00:00,151,101,50,FMN 17 Stenenbrug
664,Stenenbrug 70,2023-07-09,18:00:00,133,98,35,FMN 17 Stenenbrug
664,Stenenbrug 70,2023-07-09,19:00:00,139,85,54,FMN 17 Stenenbrug
664,Stenenbrug 70,2023-07-09,20:00:00,99,72,27,FMN 17 Stenenbrug
664,Stenenbrug 70,2023-07-09,21:00:00,85,55,30,FMN 17 Stenenbrug
664,Stenenbrug 70,2023-07-09,22:00:00,59,36,23,FMN 17 Stenenbrug
664,Stenenbrug 70,2023-07-09,23:00:00,45,23,22,FMN 17 Stenenbrug
664,Stenenbrug 70,2023-07-10,00:00:00,10,6,4,FMN 17 Stenenbrug
664,Stenenbrug 70,2023-07-10,01:00:00,7,4,3,FMN 17 Stenenbrug
664,Stenenbrug 70,2023-07-10,02:00:00,4,3,1,FMN 17 Stenenbrug
664,Stenenbrug 70,2023-07-10,03:00:00,5,4,1,FMN 17 Stenenbrug
664,Stenenbrug 70,2023-07-10,04:00:00,20,15,5,FMN 17 Stenenbrug
664,Stenenbrug 70,2023-07-10,05:00:00,19,9,10,FMN 17 Stenenbrug
664,Stenenbrug 70,2023-07-10,06:00:00,60,40,20,FMN 17 Stenenbrug
664,Stenenbrug 70,2023-07-10,07:00:00,182,127,55,FMN 17 Stenenbrug
664,Stenenbrug 70,2023-07-10,08:00:00,318,201,117,FMN 17 Stenenbrug
664,Stenenbrug 70,2023-07-10,09:00:00,102,76,26,FMN 17 Stenenbrug
664,Stenenbrug 70,2023-07-10,10:00:00,91,64,27,FMN 17 Stenenbrug
664,Stenenbrug 70,2023-07-10,11:00:00,77,47,30,FMN 17 Stenenbrug
664,Stenenbrug 70,2023-07-10,12:00:00,127,86,41,FMN 17 Stenenbrug
664,Stenenbrug 70,2023-07-10,13:00:00,136,79,57,FMN 17 Stenenbrug
664,Stenenbrug 70,2023-07-10,14:00:00,119,68,51,FMN 17 Stenenbrug
664,Stenenbrug 70,2023-07-10,15:00:00,181,98,83,FMN 17 Stenenbrug
664,Stenenbrug 70,2023-07-10,16:00:00,294,168,126,FMN 17 Stenenbrug
664,Stenenbrug 70,2023-07-10,17:00:00,237,123,114,FMN 17 Stenenbrug
664,Stenenbrug 70,2023-07-10,18:00:00,179,108,71,FMN 17 Stenenbrug
664,Stenenbrug 70,2023-07-10,19:00:00,133,77,56,FMN 17 Stenenbrug
664,Stenenbrug 70,2023-07-10,20:00:00,103,63,40,FMN 17 Stenenbrug
664,Stenenbrug 70,2023-07-10,21:00:00,72,40,32,FMN 17 Stenenbrug
664,Stenenbrug 70,2023-07-10,22:00:00,50,23,27,FMN 17 Stenenbrug
664,Stenenbrug 70,2023-07-10,23:00:00,19,7,12,FMN 17 Stenenbrug
664,Stenenbrug 70,2023-07-11,00:00:00,4,4,0,FMN 17 Stenenbrug
664,Stenenbrug 70,2023-07-11,01:00:00,1,1,0,FMN 17 Stenenbrug
664,Stenenbrug 70,2023-07-11,02:00:00,2,2,0,FMN 17 Stenenbrug
664,Stenenbrug 70,2023-07-11,03:00:00,5,5,0,FMN 17 Stenenbrug
664,Stenenbrug 70,2023-07-11,04:00:00,10,10,0,FMN 17 Stenenbrug
664,Stenenbrug 70,2023-07-11,05:00:00,28,28,0,FMN 17 Stenenbrug
664,Stenenbrug 70,2023-07-11,06:00:00,40,40,0,FMN 17 Stenenbrug
664,Stenenbrug 70,2023-07-11,07:00:00,143,143,0,FMN 17 Stenenbrug
664,Stenenbrug 70,2023-07-11,08:00:00,195,195,0,FMN 17 Stenenbrug
664,Stenenbrug 70,2023-07-11,09:00:00,68,68,0,FMN 17 Stenenbrug
664,Stenenbrug 70,2023-07-11,10:00:00,46,46,0,FMN 17 Stenenbrug
664,Stenenbrug 70,2023-07-11,11:00:00,53,53,0,FMN 17 Stenenbrug
664,Stenenbrug 70,2023-07-11,12:00:00,85,85,0,FMN 17 Stenenbrug
664,Stenenbrug 70,2023-07-11,13:00:00,61,61,0,FMN 17 Stenenbrug
664,Stenenbrug 70,2023-07-11,14:00:00,60,60,0,FMN 17 Stenenbrug
664,Stenenbrug 70,2023-07-11,15:00:00,88,88,0,FMN 17 Stenenbrug
664,Stenenbrug 70,2023-07-11,16:00:00,152,152,0,FMN 17 Stenenbrug
664,Stenenbrug 70,2023-07-11,17:00:00,134,134,0,FMN 17 Stenenbrug
664,Stenenbrug 70,2023-07-11,18:00:00,92,92,0,FMN 17 Stenenbrug
664,Stenenbrug 70,2023-07-11,19:00:00,77,77,0,FMN 17 Stenenbrug
664,Stenenbrug 70,2023-07-11,20:00:00,79,56,23,FMN 17 Stenenbrug
664,Stenenbrug 70,2023-07-11,21:00:00,162,45,117,FMN 17 Stenenbrug
664,Stenenbrug 70,2023-07-11,22:00:00,103,28,75,FMN 17 Stenenbrug
664,Stenenbrug 70,2023-07-11,23:00:00,45,14,31,FMN 17 Stenenbrug
664,Stenenbrug 70,2023-07-12,00:00:00,39,8,31,FMN 17 Stenenbrug
664,Stenenbrug 70,2023-07-12,01:00:00,29,13,16,FMN 17 Stenenbrug
664,Stenenbrug 70,2023-07-12,02:00:00,11,3,8,FMN 17 Stenenbrug
664,Stenenbrug 70,2023-07-12,03:00:00,12,1,11,FMN 17 Stenenbrug
664,Stenenbrug 70,2023-07-12,04:00:00,33,8,25,FMN 17 Stenenbrug
664,Stenenbrug 70,2023-07-12,05:00:00,59,18,41,FMN 17 Stenenbrug
664,Stenenbrug 70,2023-07-12,06:00:00,112,31,81,FMN 17 Stenenbrug
664,Stenenbrug 70,2023-07-12,07:00:00,217,48,169,FMN 17 Stenenbrug
664,Stenenbrug 70,2023-07-12,08:00:00,275,64,211,FMN 17 Stenenbrug
664,Stenenbrug 70,2023-07-12,09:00:00,123,23,100,FMN 17 Stenenbrug
664,Stenenbrug 70,2023-07-12,10:00:00,115,35,80,FMN 17 Stenenbrug
664,Stenenbrug 70,2023-07-12,11:00:00,145,33,112,FMN 17 Stenenbrug
664,Stenenbrug 70,2023-07-12,12:00:00,155,36,119,FMN 17 Stenenbrug
664,Stenenbrug 70,2023-07-12,13:00:00,148,40,108,FMN 17 Stenenbrug
664,Stenenbrug 70,2023-07-12,14:00:00,165,44,121,FMN 17 Stenenbrug
664,Stenenbrug 70,2023-07-12,15:00:00,176,59,117,FMN 17 Stenenbrug
664,Stenenbrug 70,2023-07-12,16:00:00,278,105,173,FMN 17 Stenenbrug
664,Stenenbrug 70,2023-07-12,17:00:00,296,107,189,FMN 17 Stenenbrug
664,Stenenbrug 70,2023-07-12,18:00:00,241,66,175,FMN 17 Stenenbrug
664,Stenenbrug 70,2023-07-12,19:00:00,174,53,121,FMN 17 Stenenbrug
664,Stenenbrug 70,2023-07-12,20:00:00,128,32,96,FMN 17 Stenenbrug
664,Stenenbrug 70,2023-07-12,21:00:00,109,26,83,FMN 17 Stenenbrug
664,Stenenbrug 70,2023-07-12,22:00:00,102,34,68,FMN 17 Stenenbrug
664,Stenenbrug 70,2023-07-12,23:00:00,64,25,39,FMN 17 Stenenbrug
664,Stenenbrug 70,2023-07-13,00:00:00,28,10,18,FMN 17 Stenenbrug
664,Stenenbrug 70,2023-07-13,01:00:00,14,1,13,FMN 17 Stenenbrug
664,Stenenbrug 70,2023-07-13,02:00:00,7,1,6,FMN 17 Stenenbrug
664,Stenenbrug 70,2023-07-13,03:00:00,14,4,10,FMN 17 Stenenbrug
664,Stenenbrug 70,2023-07-13,04:00:00,34,8,26,FMN 17 Stenenbrug
664,Stenenbrug 70,2023-07-13,05:00:00,60,22,38,FMN 17 Stenenbrug
664,Stenenbrug 70,2023-07-13,06:00:00,104,27,77,FMN 17 Stenenbrug
664,Stenenbrug 70,2023-07-13,07:00:00,220,45,175,FMN 17 Stenenbrug
664,Stenenbrug 70,2023-07-13,08:00:00,343,72,271,FMN 17 Stenenbrug
664,Stenenbrug 70,2023-07-13,09:00:00,134,31,103,FMN 17 Stenenbrug
664,Stenenbrug 70,2023-07-13,10:00:00,107,27,80,FMN 17 Stenenbrug
664,Stenenbrug 70,2023-07-13,11:00:00,117,29,88,FMN 17 Stenenbrug
664,Stenenbrug 70,2023-07-13,12:00:00,127,28,99,FMN 17 Stenenbrug
664,Stenenbrug 70,2023-07-13,13:00:00,123,38,85,FMN 17 Stenenbrug
664,Stenenbrug 70,2023-07-13,14:00:00,128,40,88,FMN 17 Stenenbrug
664,Stenenbrug 70,2023-07-13,15:00:00,175,56,119,FMN 17 Stenenbrug
664,Stenenbrug 70,2023-07-13,16:00:00,250,100,150,FMN 17 Stenenbrug
664,Stenenbrug 70,2023-07-13,17:00:00,310,117,193,FMN 17 Stenenbrug
664,Stenenbrug 70,2023-07-13,18:00:00,230,66,164,FMN 17 Stenenbrug
664,Stenenbrug 70,2023-07-13,19:00:00,196,48,148,FMN 17 Stenenbrug
664,Stenenbrug 70,2023-07-13,20:00:00,134,36,98,FMN 17 Stenenbrug
664,Stenenbrug 70,2023-07-13,21:00:00,124,32,92,FMN 17 Stenenbrug
664,Stenenbrug 70,2023-07-13,22:00:00,121,42,79,FMN 17 Stenenbrug
664,Stenenbrug 70,2023-07-13,23:00:00,108,47,61,FMN 17 Stenenbrug
664,Stenenbrug 70,2023-07-14,00:00:00,51,18,33,FMN 17 Stenenbrug
664,Stenenbrug 70,2023-07-14,01:00:00,13,7,6,FMN 17 Stenenbrug
664,Stenenbrug 70,2023-07-14,02:00:00,12,7,5,FMN 17 Stenenbrug
664,Stenenbrug 70,2023-07-14,03:00:00,8,2,6,FMN 17 Stenenbrug
664,Stenenbrug 70,2023-07-14,04:00:00,18,3,15,FMN 17 Stenenbrug
664,Stenenbrug 70,2023-07-14,05:00:00,62,17,45,FMN 17 Stenenbrug
664,Stenenbrug 70,2023-07-14,06:00:00,93,29,64,FMN 17 Stenenbrug
664,Stenenbrug 70,2023-07-14,07:00:00,184,55,129,FMN 17 Stenenbrug
664,Stenenbrug 70,2023-07-14,08:00:00,251,44,207,FMN 17 Stenenbrug
664,Stenenbrug 70,2023-07-14,09:00:00,134,39,95,FMN 17 Stenenbrug
664,Stenenbrug 70,2023-07-14,10:00:00,142,35,107,FMN 17 Stenenbrug
664,Stenenbrug 70,2023-07-14,11:00:00,139,32,107,FMN 17 Stenenbrug
664,Stenenbrug 70,2023-07-14,12:00:00,162,52,110,FMN 17 Stenenbrug
664,Stenenbrug 70,2023-07-14,13:00:00,166,52,114,FMN 17 Stenenbrug
664,Stenenbrug 70,2023-07-14,14:00:00,164,54,110,FMN 17 Stenenbrug
664,Stenenbrug 70,2023-07-14,15:00:00,203,55,148,FMN 17 Stenenbrug
664,Stenenbrug 70,2023-07-14,16:00:00,218,81,137,FMN 17 Stenenbrug
664,Stenenbrug 70,2023-07-14,17:00:00,260,92,168,FMN 17 Stenenbrug
664,Stenenbrug 70,2023-07-14,18:00:00,237,72,165,FMN 17 Stenenbrug
664,Stenenbrug 70,2023-07-14,19:00:00,180,34,146,FMN 17 Stenenbrug
664,Stenenbrug 70,2023-07-14,20:00:00,153,37,116,FMN 17 Stenenbrug
664,Stenenbrug 70,2023-07-14,21:00:00,128,36,92,FMN 17 Stenenbrug
664,Stenenbrug 70,2023-07-14,22:00:00,95,32,63,FMN 17 Stenenbrug
664,Stenenbrug 70,2023-07-14,23:00:00,68,22,46,FMN 17 Stenenbrug
664,Stenenbrug 70,2023-07-15,00:00:00,50,16,34,FMN 17 Stenenbrug
664,Stenenbrug 70,2023-07-15,01:00:00,23,11,12,FMN 17 Stenenbrug
664,Stenenbrug 70,2023-07-15,02:00:00,15,5,10,FMN 17 Stenenbrug
664,Stenenbrug 70,2023-07-15,03:00:00,14,5,9,FMN 17 Stenenbrug
664,Stenenbrug 70,2023-07-15,04:00:00,20,6,14,FMN 17 Stenenbrug
664,Stenenbrug 70,2023-07-15,05:00:00,23,7,16,FMN 17 Stenenbrug
664,Stenenbrug 70,2023-07-15,06:00:00,30,10,20,FMN 17 Stenenbrug
664,Stenenbrug 70,2023-07-15,07:00:00,46,19,27,FMN 17 Stenenbrug
664,Stenenbrug 70,2023-07-15,08:00:00,64,19,45,FMN 17 Stenenbrug
664,Stenenbrug 70,2023-07-15,09:00:00,95,27,68,FMN 17 Stenenbrug
664,Stenenbrug 70,2023-07-15,10:00:00,134,40,94,FMN 17 Stenenbrug
664,Stenenbrug 70,2023-07-15,11:00:00,143,39,104,FMN 17 Stenenbrug
664,Stenenbrug 70,2023-07-15,12:00:00,105,29,76,FMN 17 Stenenbrug
664,Stenenbrug 70,2023-07-15,13:00:00,123,31,92,FMN 17 Stenenbrug
664,Stenenbrug 70,2023-07-15,14:00:00,127,31,96,FMN 17 Stenenbrug
664,Stenenbrug 70,2023-07-15,15:00:00,146,42,104,FMN 17 Stenenbrug
664,Stenenbrug 70,2023-07-15,16:00:00,138,48,90,FMN 17 Stenenbrug
664,Stenenbrug 70,2023-07-15,17:00:00,155,45,110,FMN 17 Stenenbrug
664,Stenenbrug 70,2023-07-15,18:00:00,145,36,109,FMN 17 Stenenbrug
664,Stenenbrug 70,2023-07-15,19:00:00,125,24,101,FMN 17 Stenenbrug
664,Stenenbrug 70,2023-07-15,20:00:00,112,32,80,FMN 17 Stenenbrug
664,Stenenbrug 70,2023-07-15,21:00:00,91,18,73,FMN 17 Stenenbrug
664,Stenenbrug 70,2023-07-15,22:00:00,97,37,60,FMN 17 Stenenbrug
664,Stenenbrug 70,2023-07-15,23:00:00,75,20,55,FMN 17 Stenenbrug
664,Stenenbrug 70,2023-07-16,00:00:00,111,22,89,FMN 17 Stenenbrug
664,Stenenbrug 70,2023-07-16,01:00:00,30,6,24,FMN 17 Stenenbrug
664,Stenenbrug 70,2023-07-16,02:00:00,33,13,20,FMN 17 Stenenbrug
664,Stenenbrug 70,2023-07-16,03:00:00,12,5,7,FMN 17 Stenenbrug
664,Stenenbrug 70,2023-07-16,04:00:00,17,9,8,FMN 17 Stenenbrug
664,Stenenbrug 70,2023-07-16,05:00:00,16,7,9,FMN 17 Stenenbrug
664,Stenenbrug 70,2023-07-16,06:00:00,27,5,22,FMN 17 Stenenbrug
664,Stenenbrug 70,2023-07-16,07:00:00,33,5,28,FMN 17 Stenenbrug
664,Stenenbrug 70,2023-07-16,08:00:00,45,14,31,FMN 17 Stenenbrug
664,Stenenbrug 70,2023-07-16,09:00:00,70,16,54,FMN 17 Stenenbrug
664,Stenenbrug 70,2023-07-16,10:00:00,95,40,55,FMN 17 Stenenbrug
664,Stenenbrug 70,2023-07-16,11:00:00,76,21,55,FMN 17 Stenenbrug
664,Stenenbrug 70,2023-07-16,12:00:00,92,29,63,FMN 17 Stenenbrug
664,Stenenbrug 70,2023-07-16,13:00:00,125,34,91,FMN 17 Stenenbrug
664,Stenenbrug 70,2023-07-16,14:00:00,115,22,93,FMN 17 Stenenbrug
664,Stenenbrug 70,2023-07-16,15:00:00,138,35,103,FMN 17 Stenenbrug
664,Stenenbrug 70,2023-07-16,16:00:00,120,25,95,FMN 17 Stenenbrug
664,Stenenbrug 70,2023-07-16,17:00:00,127,31,96,FMN 17 Stenenbrug
664,Stenenbrug 70,2023-07-16,18:00:00,119,21,98,FMN 17 Stenenbrug
664,Stenenbrug 70,2023-07-16,19:00:00,96,27,69,FMN 17 Stenenbrug
664,Stenenbrug 70,2023-07-16,20:00:00,102,32,70,FMN 17 Stenenbrug
664,Stenenbrug 70,2023-07-16,21:00:00,92,28,64,FMN 17 Stenenbrug
664,Stenenbrug 70,2023-07-16,22:00:00,59,17,42,FMN 17 Stenenbrug
664,Stenenbrug 70,2023-07-16,23:00:00,43,14,29,FMN 17 Stenenbrug
664,Stenenbrug 70,2023-07-17,00:00:00,36,15,21,FMN 17 Stenenbrug
664,Stenenbrug 70,2023-07-17,01:00:00,13,2,11,FMN 17 Stenenbrug
664,Stenenbrug 70,2023-07-17,02:00:00,8,4,4,FMN 17 Stenenbrug
664,Stenenbrug 70,2023-07-17,03:00:00,12,2,10,FMN 17 Stenenbrug
664,Stenenbrug 70,2023-07-17,04:00:00,34,7,27,FMN 17 Stenenbrug
664,Stenenbrug 70,2023-07-17,05:00:00,57,20,37,FMN 17 Stenenbrug
664,Stenenbrug 70,2023-07-17,06:00:00,108,37,71,FMN 17 Stenenbrug
664,Stenenbrug 70,2023-07-17,07:00:00,196,45,151,FMN 17 Stenenbrug
664,Stenenbrug 70,2023-07-17,08:00:00,248,57,191,FMN 17 Stenenbrug
664,Stenenbrug 70,2023-07-17,09:00:00,131,34,97,FMN 17 Stenenbrug
664,Stenenbrug 70,2023-07-17,10:00:00,103,29,74,FMN 17 Stenenbrug
664,Stenenbrug 70,2023-07-17,11:00:00,103,21,82,FMN 17 Stenenbrug
664,Stenenbrug 70,2023-07-17,12:00:00,122,34,88,FMN 17 Stenenbrug
664,Stenenbrug 70,2023-07-17,13:00:00,166,48,118,FMN 17 Stenenbrug
664,Stenenbrug 70,2023-07-17,14:00:00,172,49,123,FMN 17 Stenenbrug
664,Stenenbrug 70,2023-07-17,15:00:00,170,56,114,FMN 17 Stenenbrug
664,Stenenbrug 70,2023-07-17,16:00:00,235,91,144,FMN 17 Stenenbrug
664,Stenenbrug 70,2023-07-17,17:00:00,282,106,176,FMN 17 Stenenbrug
664,Stenenbrug 70,2023-07-17,18:00:00,203,53,150,FMN 17 Stenenbrug
664,Stenenbrug 70,2023-07-17,19:00:00,150,39,111,FMN 17 Stenenbrug
664,Stenenbrug 70,2023-07-17,20:00:00,132,26,106,FMN 17 Stenenbrug
664,Stenenbrug 70,2023-07-17,21:00:00,87,20,67,FMN 17 Stenenbrug
664,Stenenbrug 70,2023-07-17,22:00:00,97,33,64,FMN 17 Stenenbrug
664,Stenenbrug 70,2023-07-17,23:00:00,46,21,25,FMN 17 Stenenbrug
664,Stenenbrug 70,2023-07-18,00:00:00,34,17,17,FMN 17 Stenenbrug
664,Stenenbrug 70,2023-07-18,01:00:00,12,7,5,FMN 17 Stenenbrug
664,Stenenbrug 70,2023-07-18,02:00:00,10,5,5,FMN 17 Stenenbrug
664,Stenenbrug 70,2023-07-18,03:00:00,22,8,14,FMN 17 Stenenbrug
664,Stenenbrug 70,2023-07-18,04:00:00,31,6,25,FMN 17 Stenenbrug
664,Stenenbrug 70,2023-07-18,05:00:00,52,16,36,FMN 17 Stenenbrug
664,Stenenbrug 70,2023-07-18,06:00:00,124,44,80,FMN 17 Stenenbrug
664,Stenenbrug 70,2023-07-18,07:00:00,228,71,157,FMN 17 Stenenbrug
664,Stenenbrug 70,2023-07-18,08:00:00,296,71,225,FMN 17 Stenenbrug
664,Stenenbrug 70,2023-07-18,09:00:00,143,39,104,FMN 17 Stenenbrug
664,Stenenbrug 70,2023-07-18,10:00:00,116,23,93,FMN 17 Stenenbrug
664,Stenenbrug 70,2023-07-18,11:00:00,107,31,76,FMN 17 Stenenbrug
664,Stenenbrug 70,2023-07-18,12:00:00,163,47,116,FMN 17 Stenenbrug
664,Stenenbrug 70,2023-07-18,13:00:00,164,55,109,FMN 17 Stenenbrug
664,Stenenbrug 70,2023-07-18,14:00:00,152,45,107,FMN 17 Stenenbrug
664,Stenenbrug 70,2023-07-18,15:00:00,213,69,144,FMN 17 Stenenbrug
664,Stenenbrug 70,2023-07-18,16:00:00,302,104,198,FMN 17 Stenenbrug
664,Stenenbrug 70,2023-07-18,17:00:00,300,106,194,FMN 17 Stenenbrug
664,Stenenbrug 70,2023-07-18,18:00:00,269,87,182,FMN 17 Stenenbrug
664,Stenenbrug 70,2023-07-18,19:00:00,210,54,156,FMN 17 Stenenbrug
664,Stenenbrug 70,2023-07-18,20:00:00,125,31,94,FMN 17 Stenenbrug
664,Stenenbrug 70,2023-07-18,21:00:00,96,28,68,FMN 17 Stenenbrug
664,Stenenbrug 70,2023-07-18,22:00:00,103,41,62,FMN 17 Stenenbrug
664,Stenenbrug 70,2023-07-18,23:00:00,63,25,38,FMN 17 Stenenbrug
664,Stenenbrug 70,2023-07-19,00:00:00,34,5,29,FMN 17 Stenenbrug
664,Stenenbrug 70,2023-07-19,01:00:00,21,10,11,FMN 17 Stenenbrug
664,Stenenbrug 70,2023-07-19,02:00:00,15,1,14,FMN 17 Stenenbrug
664,Stenenbrug 70,2023-07-19,03:00:00,13,5,8,FMN 17 Stenenbrug
664,Stenenbrug 70,2023-07-19,04:00:00,40,10,30,FMN 17 Stenenbrug
664,Stenenbrug 70,2023-07-19,05:00:00,54,18,36,FMN 17 Stenenbrug
664,Stenenbrug 70,2023-07-19,06:00:00,113,29,84,FMN 17 Stenenbrug
664,Stenenbrug 70,2023-07-19,07:00:00,187,48,139,FMN 17 Stenenbrug
664,Stenenbrug 70,2023-07-19,08:00:00,277,75,202,FMN 17 Stenenbrug
664,Stenenbrug 70,2023-07-19,09:00:00,122,29,93,FMN 17 Stenenbrug
664,Stenenbrug 70,2023-07-19,10:00:00,132,23,109,FMN 17 Stenenbrug
664,Stenenbrug 70,2023-07-19,11:00:00,103,32,71,FMN 17 Stenenbrug
664,Stenenbrug 70,2023-07-19,12:00:00,143,38,105,FMN 17 Stenenbrug
664,Stenenbrug 70,2023-07-19,13:00:00,139,41,98,FMN 17 Stenenbrug
664,Stenenbrug 70,2023-07-19,14:00:00,135,30,105,FMN 17 Stenenbrug
664,Stenenbrug 70,2023-07-19,15:00:00,165,48,117,FMN 17 Stenenbrug
664,Stenenbrug 70,2023-07-19,16:00:00,248,98,150,FMN 17 Stenenbrug
664,Stenenbrug 70,2023-07-19,17:00:00,289,112,177,FMN 17 Stenenbrug
664,Stenenbrug 70,2023-07-19,18:00:00,215,57,158,FMN 17 Stenenbrug
664,Stenenbrug 70,2023-07-19,19:00:00,156,43,113,FMN 17 Stenenbrug
664,Stenenbrug 70,2023-07-19,20:00:00,123,30,93,FMN 17 Stenenbrug
664,Stenenbrug 70,2023-07-19,21:00:00,113,32,81,FMN 17 Stenenbrug
664,Stenenbrug 70,2023-07-19,22:00:00,84,25,59,FMN 17 Stenenbrug
664,Stenenbrug 70,2023-07-19,23:00:00,60,20,40,FMN 17 Stenenbrug
664,Stenenbrug 70,2023-07-20,00:00:00,20,7,13,FMN 17 Stenenbrug
664,Stenenbrug 70,2023-07-20,01:00:00,24,6,18,FMN 17 Stenenbrug
664,Stenenbrug 70,2023-07-20,02:00:00,9,2,7,FMN 17 Stenenbrug
664,Stenenbrug 70,2023-07-20,03:00:00,16,2,14,FMN 17 Stenenbrug
664,Stenenbrug 70,2023-07-20,04:00:00,31,7,24,FMN 17 Stenenbrug
664,Stenenbrug 70,2023-07-20,05:00:00,60,18,42,FMN 17 Stenenbrug
664,Stenenbrug 70,2023-07-20,06:00:00,104,38,66,FMN 17 Stenenbrug
664,Stenenbrug 70,2023-07-20,07:00:00,163,46,117,FMN 17 Stenenbrug
664,Stenenbrug 70,2023-07-20,08:00:00,241,54,187,FMN 17 Stenenbrug
664,Stenenbrug 70,2023-07-20,09:00:00,134,37,97,FMN 17 Stenenbrug
664,Stenenbrug 70,2023-07-20,10:00:00,106,21,85,FMN 17 Stenenbrug
664,Stenenbrug 70,2023-07-20,11:00:00,115,32,83,FMN 17 Stenenbrug
664,Stenenbrug 70,2023-07-20,12:00:00,141,34,107,FMN 17 Stenenbrug
664,Stenenbrug 70,2023-07-20,13:00:00,146,41,105,FMN 17 Stenenbrug
664,Stenenbrug 70,2023-07-20,14:00:00,157,49,108,FMN 17 Stenenbrug
664,Stenenbrug 70,2023-07-20,15:00:00,206,72,134,FMN 17 Stenenbrug
664,Stenenbrug 70,2023-07-20,16:00:00,223,87,136,FMN 17 Stenenbrug
664,Stenenbrug 70,2023-07-20,17:00:00,276,101,175,FMN 17 Stenenbrug
664,Stenenbrug 70,2023-07-20,18:00:00,199,55,144,FMN 17 Stenenbrug
664,Stenenbrug 70,2023-07-20,19:00:00,147,34,113,FMN 17 Stenenbrug
664,Stenenbrug 70,2023-07-20,20:00:00,139,34,105,FMN 17 Stenenbrug
664,Stenenbrug 70,2023-07-20,21:00:00,90,22,68,FMN 17 Stenenbrug
664,Stenenbrug 70,2023-07-20,22:00:00,95,27,68,FMN 17 Stenenbrug
664,Stenenbrug 70,2023-07-20,23:00:00,59,20,39,FMN 17 Stenenbrug
664,Stenenbrug 70,2023-07-21,00:00:00,47,15,32,FMN 17 Stenenbrug
664,Stenenbrug 70,2023-07-21,01:00:00,33,13,20,FMN 17 Stenenbrug
664,Stenenbrug 70,2023-07-21,02:00:00,13,5,8,FMN 17 Stenenbrug
664,Stenenbrug 70,2023-07-21,03:00:00,11,3,8,FMN 17 Stenenbrug
664,Stenenbrug 70,2023-07-21,04:00:00,8,2,6,FMN 17 Stenenbrug
664,Stenenbrug 70,2023-07-21,05:00:00,21,4,17,FMN 17 Stenenbrug
664,Stenenbrug 70,2023-07-21,06:00:00,27,13,14,FMN 17 Stenenbrug
664,Stenenbrug 70,2023-07-21,07:00:00,33,10,23,FMN 17 Stenenbrug
664,Stenenbrug 70,2023-07-21,08:00:00,39,12,27,FMN 17 Stenenbrug
664,Stenenbrug 70,2023-07-21,09:00:00,70,19,51,FMN 17 Stenenbrug
664,Stenenbrug 70,2023-07-21,10:00:00,97,27,70,FMN 17 Stenenbrug
664,Stenenbrug 70,2023-07-21,11:00:00,85,32,53,FMN 17 Stenenbrug
664,Stenenbrug 70,2023-07-21,12:00:00,64,14,50,FMN 17 Stenenbrug
664,Stenenbrug 70,2023-07-21,13:00:00,99,19,80,FMN 17 Stenenbrug
664,Stenenbrug 70,2023-07-21,14:00:00,96,30,66,FMN 17 Stenenbrug
664,Stenenbrug 70,2023-07-21,15:00:00,132,31,101,FMN 17 Stenenbrug
664,Stenenbrug 70,2023-07-21,16:00:00,117,27,90,FMN 17 Stenenbrug
664,Stenenbrug 70,2023-07-21,17:00:00,126,38,88,FMN 17 Stenenbrug
664,Stenenbrug 70,2023-07-21,18:00:00,128,25,103,FMN 17 Stenenbrug
664,Stenenbrug 70,2023-07-21,19:00:00,145,32,113,FMN 17 Stenenbrug
664,Stenenbrug 70,2023-07-21,20:00:00,99,24,75,FMN 17 Stenenbrug
664,Stenenbrug 70,2023-07-21,21:00:00,98,24,74,FMN 17 Stenenbrug
664,Stenenbrug 70,2023-07-21,22:00:00,83,25,58,FMN 17 Stenenbrug
664,Stenenbrug 70,2023-07-21,23:00:00,52,18,34,FMN 17 Stenenbrug
664,Stenenbrug 70,2023-07-22,00:00:00,60,18,42,FMN 17 Stenenbrug
664,Stenenbrug 70,2023-07-22,01:00:00,26,11,15,FMN 17 Stenenbrug
664,Stenenbrug 70,2023-07-22,02:00:00,18,5,13,FMN 17 Stenenbrug
664,Stenenbrug 70,2023-07-22,03:00:00,8,4,4,FMN 17 Stenenbrug
664,Stenenbrug 70,2023-07-22,04:00:00,17,5,12,FMN 17 Stenenbrug
664,Stenenbrug 70,2023-07-22,05:00:00,40,8,32,FMN 17 Stenenbrug
664,Stenenbrug 70,2023-07-22,06:00:00,20,6,14,FMN 17 Stenenbrug
664,Stenenbrug 70,2023-07-22,07:00:00,27,10,17,FMN 17 Stenenbrug
664,Stenenbrug 70,2023-07-22,08:00:00,52,15,37,FMN 17 Stenenbrug
664,Stenenbrug 70,2023-07-22,09:00:00,83,36,47,FMN 17 Stenenbrug
664,Stenenbrug 70,2023-07-22,10:00:00,108,26,82,FMN 17 Stenenbrug
664,Stenenbrug 70,2023-07-22,11:00:00,125,28,97,FMN 17 Stenenbrug
664,Stenenbrug 70,2023-07-22,12:00:00,123,31,92,FMN 17 Stenenbrug
664,Stenenbrug 70,2023-07-22,13:00:00,145,43,102,FMN 17 Stenenbrug
664,Stenenbrug 70,2023-07-22,14:00:00,132,41,91,FMN 17 Stenenbrug
664,Stenenbrug 70,2023-07-22,15:00:00,140,48,92,FMN 17 Stenenbrug
664,Stenenbrug 70,2023-07-22,16:00:00,111,34,77,FMN 17 Stenenbrug
664,Stenenbrug 70,2023-07-22,17:00:00,113,30,83,FMN 17 Stenenbrug
664,Stenenbrug 70,2023-07-22,18:00:00,111,26,85,FMN 17 Stenenbrug
664,Stenenbrug 70,2023-07-22,19:00:00,111,29,82,FMN 17 Stenenbrug
664,Stenenbrug 70,2023-07-22,20:00:00,103,22,81,FMN 17 Stenenbrug
664,Stenenbrug 70,2023-07-22,21:00:00,58,15,43,FMN 17 Stenenbrug
664,Stenenbrug 70,2023-07-22,22:00:00,59,23,36,FMN 17 Stenenbrug
664,Stenenbrug 70,2023-07-22,23:00:00,71,17,54,FMN 17 Stenenbrug
664,Stenenbrug 70,2023-07-23,00:00:00,35,10,25,FMN 17 Stenenbrug
664,Stenenbrug 70,2023-07-23,01:00:00,21,9,12,FMN 17 Stenenbrug
664,Stenenbrug 70,2023-07-23,02:00:00,20,8,12,FMN 17 Stenenbrug
664,Stenenbrug 70,2023-07-23,03:00:00,6,2,4,FMN 17 Stenenbrug
664,Stenenbrug 70,2023-07-23,04:00:00,12,6,6,FMN 17 Stenenbrug
664,Stenenbrug 70,2023-07-23,05:00:00,15,2,13,FMN 17 Stenenbrug
664,Stenenbrug 70,2023-07-23,06:00:00,13,4,9,FMN 17 Stenenbrug
664,Stenenbrug 70,2023-07-23,07:00:00,19,6,13,FMN 17 Stenenbrug
664,Stenenbrug 70,2023-07-23,08:00:00,23,6,17,FMN 17 Stenenbrug
664,Stenenbrug 70,2023-07-23,09:00:00,42,11,31,FMN 17 Stenenbrug
664,Stenenbrug 70,2023-07-23,10:00:00,69,21,48,FMN 17 Stenenbrug
664,Stenenbrug 70,2023-07-23,11:00:00,66,15,51,FMN 17 Stenenbrug
664,Stenenbrug 70,2023-07-23,12:00:00,78,22,56,FMN 17 Stenenbrug
664,Stenenbrug 70,2023-07-23,13:00:00,99,17,82,FMN 17 Stenenbrug
664,Stenenbrug 70,2023-07-23,14:00:00,122,37,85,FMN 17 Stenenbrug
664,Stenenbrug 70,2023-07-23,15:00:00,86,29,57,FMN 17 Stenenbrug
664,Stenenbrug 70,2023-07-23,16:00:00,115,32,83,FMN 17 Stenenbrug
664,Stenenbrug 70,2023-07-23,17:00:00,81,22,59,FMN 17 Stenenbrug
664,Stenenbrug 70,2023-07-23,18:00:00,106,26,80,FMN 17 Stenenbrug
664,Stenenbrug 70,2023-07-23,19:00:00,54,10,44,FMN 17 Stenenbrug
664,Stenenbrug 70,2023-07-23,20:00:00,83,21,62,FMN 17 Stenenbrug
664,Stenenbrug 70,2023-07-23,21:00:00,61,23,38,FMN 17 Stenenbrug
664,Stenenbrug 70,2023-07-23,22:00:00,52,14,38,FMN 17 Stenenbrug
664,Stenenbrug 70,2023-07-23,23:00:00,49,10,39,FMN 17 Stenenbrug
664,Stenenbrug 70,2023-07-24,00:00:00,19,5,14,FMN 17 Stenenbrug
664,Stenenbrug 70,2023-07-24,01:00:00,6,1,5,FMN 17 Stenenbrug
664,Stenenbrug 70,2023-07-24,02:00:00,7,4,3,FMN 17 Stenenbrug
664,Stenenbrug 70,2023-07-24,03:00:00,7,3,4,FMN 17 Stenenbrug
664,Stenenbrug 70,2023-07-24,04:00:00,27,8,19,FMN 17 Stenenbrug
664,Stenenbrug 70,2023-07-24,05:00:00,40,11,29,FMN 17 Stenenbrug
664,Stenenbrug 70,2023-07-24,06:00:00,78,22,56,FMN 17 Stenenbrug
664,Stenenbrug 70,2023-07-24,07:00:00,134,33,101,FMN 17 Stenenbrug
664,Stenenbrug 70,2023-07-24,08:00:00,194,44,150,FMN 17 Stenenbrug
664,Stenenbrug 70,2023-07-24,09:00:00,86,22,64,FMN 17 Stenenbrug
664,Stenenbrug 70,2023-07-24,10:00:00,81,23,58,FMN 17 Stenenbrug
664,Stenenbrug 70,2023-07-24,11:00:00,91,21,70,FMN 17 Stenenbrug
664,Stenenbrug 70,2023-07-24,12:00:00,108,36,72,FMN 17 Stenenbrug
664,Stenenbrug 70,2023-07-24,13:00:00,96,27,69,FMN 17 Stenenbrug
664,Stenenbrug 70,2023-07-24,14:00:00,97,28,69,FMN 17 Stenenbrug
664,Stenenbrug 70,2023-07-24,15:00:00,110,25,85,FMN 17 Stenenbrug
664,Stenenbrug 70,2023-07-24,16:00:00,188,72,116,FMN 17 Stenenbrug
664,Stenenbrug 70,2023-07-24,17:00:00,197,73,124,FMN 17 Stenenbrug
664,Stenenbrug 70,2023-07-24,18:00:00,175,49,126,FMN 17 Stenenbrug
664,Stenenbrug 70,2023-07-24,19:00:00,135,30,105,FMN 17 Stenenbrug
664,Stenenbrug 70,2023-07-24,20:00:00,124,37,87,FMN 17 Stenenbrug
664,Stenenbrug 70,2023-07-24,21:00:00,68,16,52,FMN 17 Stenenbrug
664,Stenenbrug 70,2023-07-24,22:00:00,63,16,47,FMN 17 Stenenbrug
664,Stenenbrug 70,2023-07-24,23:00:00,39,14,25,FMN 17 Stenenbrug
664,Stenenbrug 70,2023-07-25,00:00:00,24,10,14,FMN 17 Stenenbrug
664,Stenenbrug 70,2023-07-25,01:00:00,10,2,8,FMN 17 Stenenbrug
664,Stenenbrug 70,2023-07-25,02:00:00,5,1,4,FMN 17 Stenenbrug
664,Stenenbrug 70,2023-07-25,03:00:00,9,4,5,FMN 17 Stenenbrug
664,Stenenbrug 70,2023-07-25,04:00:00,22,6,16,FMN 17 Stenenbrug
664,Stenenbrug 70,2023-07-25,05:00:00,55,17,38,FMN 17 Stenenbrug
664,Stenenbrug 70,2023-07-25,06:00:00,111,35,76,FMN 17 Stenenbrug
664,Stenenbrug 70,2023-07-25,07:00:00,187,46,141,FMN 17 Stenenbrug
664,Stenenbrug 70,2023-07-25,08:00:00,218,50,168,FMN 17 Stenenbrug
664,Stenenbrug 70,2023-07-25,09:00:00,108,22,86,FMN 17 Stenenbrug
664,Stenenbrug 70,2023-07-25,10:00:00,101,20,81,FMN 17 Stenenbrug
664,Stenenbrug 70,2023-07-25,11:00:00,96,23,73,FMN 17 Stenenbrug
664,Stenenbrug 70,2023-07-25,12:00:00,114,31,83,FMN 17 Stenenbrug
664,Stenenbrug 70,2023-07-25,13:00:00,137,36,101,FMN 17 Stenenbrug
664,Stenenbrug 70,2023-07-25,14:00:00,125,32,93,FMN 17 Stenenbrug
664,Stenenbrug 70,2023-07-25,15:00:00,174,55,119,FMN 17 Stenenbrug
664,Stenenbrug 70,2023-07-25,16:00:00,274,105,169,FMN 17 Stenenbrug
664,Stenenbrug 70,2023-07-25,17:00:00,308,110,198,FMN 17 Stenenbrug
664,Stenenbrug 70,2023-07-25,18:00:00,206,50,156,FMN 17 Stenenbrug
664,Stenenbrug 70,2023-07-25,19:00:00,194,46,148,FMN 17 Stenenbrug
664,Stenenbrug 70,2023-07-25,20:00:00,109,31,78,FMN 17 Stenenbrug
664,Stenenbrug 70,2023-07-25,21:00:00,98,23,75,FMN 17 Stenenbrug
664,Stenenbrug 70,2023-07-25,22:00:00,91,31,60,FMN 17 Stenenbrug
664,Stenenbrug 70,2023-07-25,23:00:00,62,17,45,FMN 17 Stenenbrug
664,Stenenbrug 70,2023-07-26,00:00:00,47,13,34,FMN 17 Stenenbrug
664,Stenenbrug 70,2023-07-26,01:00:00,14,3,11,FMN 17 Stenenbrug
664,Stenenbrug 70,2023-07-26,02:00:00,11,5,6,FMN 17 Stenenbrug
664,Stenenbrug 70,2023-07-26,03:00:00,16,5,11,FMN 17 Stenenbrug
664,Stenenbrug 70,2023-07-26,04:00:00,22,7,15,FMN 17 Stenenbrug
664,Stenenbrug 70,2023-07-26,05:00:00,46,17,29,FMN 17 Stenenbrug
664,Stenenbrug 70,2023-07-26,06:00:00,108,29,79,FMN 17 Stenenbrug
664,Stenenbrug 70,2023-07-26,07:00:00,201,56,145,FMN 17 Stenenbrug
664,Stenenbrug 70,2023-07-26,08:00:00,215,58,157,FMN 17 Stenenbrug
664,Stenenbrug 70,2023-07-26,09:00:00,120,34,86,FMN 17 Stenenbrug
664,Stenenbrug 70,2023-07-26,10:00:00,100,29,71,FMN 17 Stenenbrug
664,Stenenbrug 70,2023-07-26,11:00:00,101,22,79,FMN 17 Stenenbrug
664,Stenenbrug 70,2023-07-26,12:00:00,113,31,82,FMN 17 Stenenbrug
664,Stenenbrug 70,2023-07-26,13:00:00,126,25,101,FMN 17 Stenenbrug
664,Stenenbrug 70,2023-07-26,14:00:00,156,46,110,FMN 17 Stenenbrug
664,Stenenbrug 70,2023-07-26,15:00:00,194,53,141,FMN 17 Stenenbrug
664,Stenenbrug 70,2023-07-26,16:00:00,251,106,145,FMN 17 Stenenbrug
664,Stenenbrug 70,2023-07-26,17:00:00,308,126,182,FMN 17 Stenenbrug
664,Stenenbrug 70,2023-07-26,18:00:00,250,63,187,FMN 17 Stenenbrug
664,Stenenbrug 70,2023-07-26,19:00:00,168,47,121,FMN 17 Stenenbrug
664,Stenenbrug 70,2023-07-26,20:00:00,135,35,100,FMN 17 Stenenbrug
664,Stenenbrug 70,2023-07-26,21:00:00,101,36,65,FMN 17 Stenenbrug
664,Stenenbrug 70,2023-07-26,22:00:00,82,31,51,FMN 17 Stenenbrug
664,Stenenbrug 70,2023-07-26,23:00:00,74,17,57,FMN 17 Stenenbrug
664,Stenenbrug 70,2023-07-27,00:00:00,32,8,24,FMN 17 Stenenbrug
664,Stenenbrug 70,2023-07-27,01:00:00,17,4,13,FMN 17 Stenenbrug
664,Stenenbrug 70,2023-07-27,02:00:00,11,5,6,FMN 17 Stenenbrug
664,Stenenbrug 70,2023-07-27,03:00:00,14,2,12,FMN 17 Stenenbrug
664,Stenenbrug 70,2023-07-27,04:00:00,24,8,16,FMN 17 Stenenbrug
664,Stenenbrug 70,2023-07-27,05:00:00,29,7,22,FMN 17 Stenenbrug
664,Stenenbrug 70,2023-07-27,06:00:00,58,14,44,FMN 17 Stenenbrug
664,Stenenbrug 70,2023-07-27,07:00:00,125,29,96,FMN 17 Stenenbrug
664,Stenenbrug 70,2023-07-27,08:00:00,189,38,151,FMN 17 Stenenbrug
664,Stenenbrug 70,2023-07-27,09:00:00,87,13,74,FMN 17 Stenenbrug
664,Stenenbrug 70,2023-07-27,10:00:00,62,20,42,FMN 17 Stenenbrug
664,Stenenbrug 70,2023-07-27,11:00:00,58,16,42,FMN 17 Stenenbrug
664,Stenenbrug 70,2023-07-27,12:00:00,86,27,59,FMN 17 Stenenbrug
664,Stenenbrug 70,2023-07-27,13:00:00,89,28,61,FMN 17 Stenenbrug
664,Stenenbrug 70,2023-07-27,14:00:00,91,25,66,FMN 17 Stenenbrug
664,Stenenbrug 70,2023-07-27,15:00:00,128,45,83,FMN 17 Stenenbrug
664,Stenenbrug 70,2023-07-27,16:00:00,165,56,109,FMN 17 Stenenbrug
664,Stenenbrug 70,2023-07-27,17:00:00,196,75,121,FMN 17 Stenenbrug
664,Stenenbrug 70,2023-07-27,18:00:00,122,25,97,FMN 17 Stenenbrug
664,Stenenbrug 70,2023-07-27,19:00:00,120,35,85,FMN 17 Stenenbrug
664,Stenenbrug 70,2023-07-27,20:00:00,82,20,62,FMN 17 Stenenbrug
664,Stenenbrug 70,2023-07-27,21:00:00,69,19,50,FMN 17 Stenenbrug
664,Stenenbrug 70,2023-07-27,22:00:00,68,23,45,FMN 17 Stenenbrug
664,Stenenbrug 70,2023-07-27,23:00:00,33,9,24,FMN 17 Stenenbrug
664,Stenenbrug 70,2023-07-28,00:00:00,42,12,30,FMN 17 Stenenbrug
664,Stenenbrug 70,2023-07-28,01:00:00,9,1,8,FMN 17 Stenenbrug
664,Stenenbrug 70,2023-07-28,02:00:00,8,0,8,FMN 17 Stenenbrug
664,Stenenbrug 70,2023-07-28,03:00:00,10,3,7,FMN 17 Stenenbrug
664,Stenenbrug 70,2023-07-28,04:00:00,27,7,20,FMN 17 Stenenbrug
664,Stenenbrug 70,2023-07-28,05:00:00,47,16,31,FMN 17 Stenenbrug
664,Stenenbrug 70,2023-07-28,06:00:00,85,30,55,FMN 17 Stenenbrug
664,Stenenbrug 70,2023-07-28,07:00:00,148,34,114,FMN 17 Stenenbrug
664,Stenenbrug 70,2023-07-28,08:00:00,194,35,159,FMN 17 Stenenbrug
664,Stenenbrug 70,2023-07-28,09:00:00,124,31,93,FMN 17 Stenenbrug
664,Stenenbrug 70,2023-07-28,10:00:00,97,25,72,FMN 17 Stenenbrug
664,Stenenbrug 70,2023-07-28,11:00:00,108,29,79,FMN 17 Stenenbrug
664,Stenenbrug 70,2023-07-28,12:00:00,140,45,95,FMN 17 Stenenbrug
664,Stenenbrug 70,2023-07-28,13:00:00,173,39,134,FMN 17 Stenenbrug
664,Stenenbrug 70,2023-07-28,14:00:00,159,53,106,FMN 17 Stenenbrug
664,Stenenbrug 70,2023-07-28,15:00:00,182,58,124,FMN 17 Stenenbrug
664,Stenenbrug 70,2023-07-28,16:00:00,243,101,142,FMN 17 Stenenbrug
664,Stenenbrug 70,2023-07-28,17:00:00,226,74,152,FMN 17 Stenenbrug
664,Stenenbrug 70,2023-07-28,18:00:00,201,58,143,FMN 17 Stenenbrug
664,Stenenbrug 70,2023-07-28,19:00:00,169,35,134,FMN 17 Stenenbrug
664,Stenenbrug 70,2023-07-28,20:00:00,137,37,100,FMN 17 Stenenbrug
664,Stenenbrug 70,2023-07-28,21:00:00,98,33,65,FMN 17 Stenenbrug
664,Stenenbrug 70,2023-07-28,22:00:00,88,36,52,FMN 17 Stenenbrug
664,Stenenbrug 70,2023-07-28,23:00:00,86,29,57,FMN 17 Stenenbrug
664,Stenenbrug 70,2023-07-29,00:00:00,64,20,44,FMN 17 Stenenbrug
664,Stenenbrug 70,2023-07-29,01:00:00,32,9,23,FMN 17 Stenenbrug
664,Stenenbrug 70,2023-07-29,02:00:00,30,10,20,FMN 17 Stenenbrug
664,Stenenbrug 70,2023-07-29,03:00:00,26,6,20,FMN 17 Stenenbrug
664,Stenenbrug 70,2023-07-29,04:00:00,23,10,13,FMN 17 Stenenbrug
664,Stenenbrug 70,2023-07-29,05:00:00,31,9,22,FMN 17 Stenenbrug
664,Stenenbrug 70,2023-07-29,06:00:00,29,14,15,FMN 17 Stenenbrug
664,Stenenbrug 70,2023-07-29,07:00:00,25,5,20,FMN 17 Stenenbrug
664,Stenenbrug 70,2023-07-29,08:00:00,45,6,39,FMN 17 Stenenbrug
664,Stenenbrug 70,2023-07-29,09:00:00,83,21,62,FMN 17 Stenenbrug
664,Stenenbrug 70,2023-07-29,10:00:00,84,28,56,FMN 17 Stenenbrug
664,Stenenbrug 70,2023-07-29,11:00:00,103,18,85,FMN 17 Stenenbrug
664,Stenenbrug 70,2023-07-29,12:00:00,98,32,66,FMN 17 Stenenbrug
664,Stenenbrug 70,2023-07-29,13:00:00,70,14,56,FMN 17 Stenenbrug
664,Stenenbrug 70,2023-07-29,14:00:00,120,38,82,FMN 17 Stenenbrug
664,Stenenbrug 70,2023-07-29,15:00:00,168,47,121,FMN 17 Stenenbrug
664,Stenenbrug 70,2023-07-29,16:00:00,130,33,97,FMN 17 Stenenbrug
664,Stenenbrug 70,2023-07-29,17:00:00,156,49,107,FMN 17 Stenenbrug
664,Stenenbrug 70,2023-07-29,18:00:00,134,34,100,FMN 17 Stenenbrug
664,Stenenbrug 70,2023-07-29,19:00:00,140,39,101,FMN 17 Stenenbrug
664,Stenenbrug 70,2023-07-29,20:00:00,107,36,71,FMN 17 Stenenbrug
664,Stenenbrug 70,2023-07-29,21:00:00,112,17,95,FMN 17 Stenenbrug
664,Stenenbrug 70,2023-07-29,22:00:00,95,21,74,FMN 17 Stenenbrug
664,Stenenbrug 70,2023-07-29,23:00:00,76,16,60,FMN 17 Stenenbrug
664,Stenenbrug 70,2023-07-30,00:00:00,45,13,32,FMN 17 Stenenbrug
664,Stenenbrug 70,2023-07-30,01:00:00,26,7,19,FMN 17 Stenenbrug
664,Stenenbrug 70,2023-07-30,02:00:00,25,8,17,FMN 17 Stenenbrug
664,Stenenbrug 70,2023-07-30,03:00:00,19,5,14,FMN 17 Stenenbrug
664,Stenenbrug 70,2023-07-30,04:00:00,23,8,15,FMN 17 Stenenbrug
664,Stenenbrug 70,2023-07-30,05:00:00,20,8,12,FMN 17 Stenenbrug
664,Stenenbrug 70,2023-07-30,06:00:00,19,8,11,FMN 17 Stenenbrug
664,Stenenbrug 70,2023-07-30,07:00:00,21,6,15,FMN 17 Stenenbrug
664,Stenenbrug 70,2023-07-30,08:00:00,36,9,27,FMN 17 Stenenbrug
664,Stenenbrug 70,2023-07-30,09:00:00,60,20,40,FMN 17 Stenenbrug
664,Stenenbrug 70,2023-07-30,10:00:00,114,28,86,FMN 17 Stenenbrug
664,Stenenbrug 70,2023-07-30,11:00:00,105,21,84,FMN 17 Stenenbrug
664,Stenenbrug 70,2023-07-30,12:00:00,129,34,95,FMN 17 Stenenbrug
664,Stenenbrug 70,2023-07-30,13:00:00,150,43,107,FMN 17 Stenenbrug
664,Stenenbrug 70,2023-07-30,14:00:00,147,35,112,FMN 17 Stenenbrug
664,Stenenbrug 70,2023-07-30,15:00:00,139,38,101,FMN 17 Stenenbrug
664,Stenenbrug 70,2023-07-30,16:00:00,152,38,114,FMN 17 Stenenbrug
664,Stenenbrug 70,2023-07-30,17:00:00,158,42,116,FMN 17 Stenenbrug
664,Stenenbrug 70,2023-07-30,18:00:00,130,29,101,FMN 17 Stenenbrug
664,Stenenbrug 70,2023-07-30,19:00:00,78,23,55,FMN 17 Stenenbrug
664,Stenenbrug 70,2023-07-30,20:00:00,67,21,46,FMN 17 Stenenbrug
664,Stenenbrug 70,2023-07-30,21:00:00,43,12,31,FMN 17 Stenenbrug
664,Stenenbrug 70,2023-07-30,22:00:00,54,16,38,FMN 17 Stenenbrug
664,Stenenbrug 70,2023-07-30,23:00:00,27,12,15,FMN 17 Stenenbrug
664,Stenenbrug 70,2023-07-31,00:00:00,19,6,13,FMN 17 Stenenbrug
664,Stenenbrug 70,2023-07-31,01:00:00,13,3,10,FMN 17 Stenenbrug
664,Stenenbrug 70,2023-07-31,02:00:00,5,3,2,FMN 17 Stenenbrug
664,Stenenbrug 70,2023-07-31,03:00:00,7,1,6,FMN 17 Stenenbrug
664,Stenenbrug 70,2023-07-31,04:00:00,30,9,21,FMN 17 Stenenbrug
664,Stenenbrug 70,2023-07-31,05:00:00,43,15,28,FMN 17 Stenenbrug
664,Stenenbrug 70,2023-07-31,06:00:00,65,21,44,FMN 17 Stenenbrug
664,Stenenbrug 70,2023-07-31,07:00:00,141,28,113,FMN 17 Stenenbrug
664,Stenenbrug 70,2023-07-31,08:00:00,181,29,152,FMN 17 Stenenbrug
664,Stenenbrug 70,2023-07-31,09:00:00,87,19,68,FMN 17 Stenenbrug
664,Stenenbrug 70,2023-07-31,10:00:00,96,29,67,FMN 17 Stenenbrug
664,Stenenbrug 70,2023-07-31,11:00:00,82,23,59,FMN 17 Stenenbrug
664,Stenenbrug 70,2023-07-31,12:00:00,115,27,88,FMN 17 Stenenbrug
664,Stenenbrug 70,2023-07-31,13:00:00,128,26,102,FMN 17 Stenenbrug
664,Stenenbrug 70,2023-07-31,14:00:00,134,39,95,FMN 17 Stenenbrug
664,Stenenbrug 70,2023-07-31,15:00:00,112,41,71,FMN 17 Stenenbrug
664,Stenenbrug 70,2023-07-31,16:00:00,161,61,100,FMN 17 Stenenbrug
664,Stenenbrug 70,2023-07-31,17:00:00,169,71,98,FMN 17 Stenenbrug
664,Stenenbrug 70,2023-07-31,18:00:00,125,35,90,FMN 17 Stenenbrug
664,Stenenbrug 70,2023-07-31,19:00:00,63,18,45,FMN 17 Stenenbrug
664,Stenenbrug 70,2023-07-31,20:00:00,66,17,49,FMN 17 Stenenbrug
664,Stenenbrug 70,2023-07-31,21:00:00,55,17,38,FMN 17 Stenenbrug
664,Stenenbrug 70,2023-07-31,22:00:00,46,10,36,FMN 17 Stenenbrug
664,Stenenbrug 70,2023-07-31,23:00:00,22,9,13,FMN 17 Stenenbrug
664,Stenenbrug 70,2023-08-01,00:00:00,22,7,15,FMN 17 Stenenbrug
664,Stenenbrug 70,2023-08-01,01:00:00,8,4,4,FMN 17 Stenenbrug
664,Stenenbrug 70,2023-08-01,02:00:00,4,2,2,FMN 17 Stenenbrug
664,Stenenbrug 70,2023-08-01,03:00:00,6,1,5,FMN 17 Stenenbrug
664,Stenenbrug 70,2023-08-01,04:00:00,25,4,21,FMN 17 Stenenbrug
664,Stenenbrug 70,2023-08-01,05:00:00,53,16,37,FMN 17 Stenenbrug
664,Stenenbrug 70,2023-08-01,06:00:00,85,16,69,FMN 17 Stenenbrug
664,Stenenbrug 70,2023-08-01,07:00:00,184,49,135,FMN 17 Stenenbrug
664,Stenenbrug 70,2023-08-01,08:00:00,245,52,193,FMN 17 Stenenbrug
664,Stenenbrug 70,2023-08-01,09:00:00,104,27,77,FMN 17 Stenenbrug
664,Stenenbrug 70,2023-08-01,10:00:00,94,18,76,FMN 17 Stenenbrug
664,Stenenbrug 70,2023-08-01,11:00:00,114,35,79,FMN 17 Stenenbrug
664,Stenenbrug 70,2023-08-01,12:00:00,112,27,85,FMN 17 Stenenbrug
664,Stenenbrug 70,2023-08-01,13:00:00,118,44,74,FMN 17 Stenenbrug
664,Stenenbrug 70,2023-08-01,14:00:00,141,27,114,FMN 17 Stenenbrug
664,Stenenbrug 70,2023-08-01,15:00:00,162,47,115,FMN 17 Stenenbrug
664,Stenenbrug 70,2023-08-01,16:00:00,220,77,143,FMN 17 Stenenbrug
664,Stenenbrug 70,2023-08-01,17:00:00,252,92,160,FMN 17 Stenenbrug
664,Stenenbrug 70,2023-08-01,18:00:00,234,67,167,FMN 17 Stenenbrug
664,Stenenbrug 70,2023-08-01,19:00:00,165,42,123,FMN 17 Stenenbrug
664,Stenenbrug 70,2023-08-01,20:00:00,134,34,100,FMN 17 Stenenbrug
664,Stenenbrug 70,2023-08-01,21:00:00,99,30,69,FMN 17 Stenenbrug
664,Stenenbrug 70,2023-08-01,22:00:00,79,25,54,FMN 17 Stenenbrug
664,Stenenbrug 70,2023-08-01,23:00:00,54,22,32,FMN 17 Stenenbrug
664,Stenenbrug 70,2023-08-02,00:00:00,17,6,11,FMN 17 Stenenbrug
664,Stenenbrug 70,2023-08-02,01:00:00,18,3,15,FMN 17 Stenenbrug
664,Stenenbrug 70,2023-08-02,02:00:00,9,3,6,FMN 17 Stenenbrug
664,Stenenbrug 70,2023-08-02,03:00:00,19,7,12,FMN 17 Stenenbrug
664,Stenenbrug 70,2023-08-02,04:00:00,14,5,9,FMN 17 Stenenbrug
664,Stenenbrug 70,2023-08-02,05:00:00,40,13,27,FMN 17 Stenenbrug
664,Stenenbrug 70,2023-08-02,06:00:00,63,23,40,FMN 17 Stenenbrug
664,Stenenbrug 70,2023-08-02,07:00:00,141,44,97,FMN 17 Stenenbrug
664,Stenenbrug 70,2023-08-02,08:00:00,159,29,130,FMN 17 Stenenbrug
664,Stenenbrug 70,2023-08-02,09:00:00,78,16,62,FMN 17 Stenenbrug
664,Stenenbrug 70,2023-08-02,10:00:00,88,29,59,FMN 17 Stenenbrug
664,Stenenbrug 70,2023-08-02,11:00:00,59,23,36,FMN 17 Stenenbrug
664,Stenenbrug 70,2023-08-02,12:00:00,86,19,67,FMN 17 Stenenbrug
664,Stenenbrug 70,2023-08-02,13:00:00,119,36,83,FMN 17 Stenenbrug
664,Stenenbrug 70,2023-08-02,14:00:00,109,26,83,FMN 17 Stenenbrug
664,Stenenbrug 70,2023-08-02,15:00:00,131,48,83,FMN 17 Stenenbrug
664,Stenenbrug 70,2023-08-02,16:00:00,175,67,108,FMN 17 Stenenbrug
664,Stenenbrug 70,2023-08-02,17:00:00,185,68,117,FMN 17 Stenenbrug
664,Stenenbrug 70,2023-08-02,18:00:00,175,54,121,FMN 17 Stenenbrug
664,Stenenbrug 70,2023-08-02,19:00:00,111,28,83,FMN 17 Stenenbrug
664,Stenenbrug 70,2023-08-02,20:00:00,98,27,71,FMN 17 Stenenbrug
664,Stenenbrug 70,2023-08-02,21:00:00,73,23,50,FMN 17 Stenenbrug
664,Stenenbrug 70,2023-08-02,22:00:00,68,13,55,FMN 17 Stenenbrug
664,Stenenbrug 70,2023-08-02,23:00:00,21,4,17,FMN 17 Stenenbrug
664,Stenenbrug 70,2023-08-03,00:00:00,14,6,8,FMN 17 Stenenbrug
664,Stenenbrug 70,2023-08-03,01:00:00,11,2,9,FMN 17 Stenenbrug
664,Stenenbrug 70,2023-08-03,02:00:00,8,0,8,FMN 17 Stenenbrug
664,Stenenbrug 70,2023-08-03,03:00:00,12,5,7,FMN 17 Stenenbrug
664,Stenenbrug 70,2023-08-03,04:00:00,21,4,17,FMN 17 Stenenbrug
664,Stenenbrug 70,2023-08-03,05:00:00,38,12,26,FMN 17 Stenenbrug
664,Stenenbrug 70,2023-08-03,06:00:00,66,18,48,FMN 17 Stenenbrug
664,Stenenbrug 70,2023-08-03,07:00:00,170,49,121,FMN 17 Stenenbrug
664,Stenenbrug 70,2023-08-03,08:00:00,201,30,171,FMN 17 Stenenbrug
664,Stenenbrug 70,2023-08-03,09:00:00,105,28,77,FMN 17 Stenenbrug
664,Stenenbrug 70,2023-08-03,10:00:00,68,20,48,FMN 17 Stenenbrug
664,Stenenbrug 70,2023-08-03,11:00:00,51,14,37,FMN 17 Stenenbrug
664,Stenenbrug 70,2023-08-03,12:00:00,96,27,69,FMN 17 Stenenbrug
664,Stenenbrug 70,2023-08-03,13:00:00,78,21,57,FMN 17 Stenenbrug
664,Stenenbrug 70,2023-08-03,14:00:00,79,16,63,FMN 17 Stenenbrug
664,Stenenbrug 70,2023-08-03,15:00:00,105,29,76,FMN 17 Stenenbrug
664,Stenenbrug 70,2023-08-03,16:00:00,195,74,121,FMN 17 Stenenbrug
664,Stenenbrug 70,2023-08-03,17:00:00,241,107,134,FMN 17 Stenenbrug
664,Stenenbrug 70,2023-08-03,18:00:00,172,51,121,FMN 17 Stenenbrug
664,Stenenbrug 70,2023-08-03,19:00:00,171,50,121,FMN 17 Stenenbrug
664,Stenenbrug 70,2023-08-03,20:00:00,106,25,81,FMN 17 Stenenbrug
664,Stenenbrug 70,2023-08-03,21:00:00,87,29,58,FMN 17 Stenenbrug
664,Stenenbrug 70,2023-08-03,22:00:00,89,23,66,FMN 17 Stenenbrug
664,Stenenbrug 70,2023-08-03,23:00:00,44,15,29,FMN 17 Stenenbrug
664,Stenenbrug 70,2023-08-04,00:00:00,42,15,27,FMN 17 Stenenbrug
664,Stenenbrug 70,2023-08-04,01:00:00,23,4,19,FMN 17 Stenenbrug
664,Stenenbrug 70,2023-08-04,02:00:00,12,5,7,FMN 17 Stenenbrug
664,Stenenbrug 70,2023-08-04,03:00:00,11,3,8,FMN 17 Stenenbrug
664,Stenenbrug 70,2023-08-04,04:00:00,19,4,15,FMN 17 Stenenbrug
664,Stenenbrug 70,2023-08-04,05:00:00,44,15,29,FMN 17 Stenenbrug
664,Stenenbrug 70,2023-08-04,06:00:00,89,30,59,FMN 17 Stenenbrug
664,Stenenbrug 70,2023-08-04,07:00:00,128,36,92,FMN 17 Stenenbrug
664,Stenenbrug 70,2023-08-04,08:00:00,158,31,127,FMN 17 Stenenbrug
664,Stenenbrug 70,2023-08-04,09:00:00,88,25,63,FMN 17 Stenenbrug
664,Stenenbrug 70,2023-08-04,10:00:00,82,20,62,FMN 17 Stenenbrug
664,Stenenbrug 70,2023-08-04,11:00:00,91,24,67,FMN 17 Stenenbrug
664,Stenenbrug 70,2023-08-04,12:00:00,138,39,99,FMN 17 Stenenbrug
664,Stenenbrug 70,2023-08-04,13:00:00,140,39,101,FMN 17 Stenenbrug
664,Stenenbrug 70,2023-08-04,14:00:00,183,51,132,FMN 17 Stenenbrug
664,Stenenbrug 70,2023-08-04,15:00:00,173,52,121,FMN 17 Stenenbrug
664,Stenenbrug 70,2023-08-04,16:00:00,204,67,137,FMN 17 Stenenbrug
664,Stenenbrug 70,2023-08-04,17:00:00,218,82,136,FMN 17 Stenenbrug
664,Stenenbrug 70,2023-08-04,18:00:00,192,49,143,FMN 17 Stenenbrug
664,Stenenbrug 70,2023-08-04,19:00:00,149,35,114,FMN 17 Stenenbrug
664,Stenenbrug 70,2023-08-04,20:00:00,123,36,87,FMN 17 Stenenbrug
664,Stenenbrug 70,2023-08-04,21:00:00,115,36,79,FMN 17 Stenenbrug
664,Stenenbrug 70,2023-08-04,22:00:00,84,22,62,FMN 17 Stenenbrug
664,Stenenbrug 70,2023-08-04,23:00:00,81,26,55,FMN 17 Stenenbrug
664,Stenenbrug 70,2023-08-05,00:00:00,39,15,24,FMN 17 Stenenbrug
664,Stenenbrug 70,2023-08-05,01:00:00,24,6,18,FMN 17 Stenenbrug
664,Stenenbrug 70,2023-08-05,02:00:00,15,5,10,FMN 17 Stenenbrug
664,Stenenbrug 70,2023-08-05,03:00:00,15,4,11,FMN 17 Stenenbrug
664,Stenenbrug 70,2023-08-05,04:00:00,13,8,5,FMN 17 Stenenbrug
664,Stenenbrug 70,2023-08-05,05:00:00,21,6,15,FMN 17 Stenenbrug
664,Stenenbrug 70,2023-08-05,06:00:00,18,7,11,FMN 17 Stenenbrug
664,Stenenbrug 70,2023-08-05,07:00:00,18,5,13,FMN 17 Stenenbrug
664,Stenenbrug 70,2023-08-05,08:00:00,40,15,25,FMN 17 Stenenbrug
664,Stenenbrug 70,2023-08-05,09:00:00,64,17,47,FMN 17 Stenenbrug
664,Stenenbrug 70,2023-08-05,10:00:00,102,24,78,FMN 17 Stenenbrug
664,Stenenbrug 70,2023-08-05,11:00:00,117,29,88,FMN 17 Stenenbrug
664,Stenenbrug 70,2023-08-05,12:00:00,108,39,69,FMN 17 Stenenbrug
664,Stenenbrug 70,2023-08-05,13:00:00,96,26,70,FMN 17 Stenenbrug
664,Stenenbrug 70,2023-08-05,14:00:00,87,21,66,FMN 17 Stenenbrug
664,Stenenbrug 70,2023-08-05,15:00:00,63,23,40,FMN 17 Stenenbrug
664,Stenenbrug 70,2023-08-05,16:00:00,98,25,73,FMN 17 Stenenbrug
664,Stenenbrug 70,2023-08-05,17:00:00,98,19,79,FMN 17 Stenenbrug
664,Stenenbrug 70,2023-08-05,18:00:00,112,23,89,FMN 17 Stenenbrug
664,Stenenbrug 70,2023-08-05,19:00:00,93,21,72,FMN 17 Stenenbrug
664,Stenenbrug 70,2023-08-05,20:00:00,75,27,48,FMN 17 Stenenbrug
664,Stenenbrug 70,2023-08-05,21:00:00,55,11,44,FMN 17 Stenenbrug
664,Stenenbrug 70,2023-08-05,22:00:00,50,16,34,FMN 17 Stenenbrug
664,Stenenbrug 70,2023-08-05,23:00:00,42,13,29,FMN 17 Stenenbrug
664,Stenenbrug 70,2023-08-06,00:00:00,32,12,20,FMN 17 Stenenbrug
664,Stenenbrug 70,2023-08-06,01:00:00,21,5,16,FMN 17 Stenenbrug
664,Stenenbrug 70,2023-08-06,02:00:00,16,4,12,FMN 17 Stenenbrug
664,Stenenbrug 70,2023-08-06,03:00:00,10,5,5,FMN 17 Stenenbrug
664,Stenenbrug 70,2023-08-06,04:00:00,7,4,3,FMN 17 Stenenbrug
664,Stenenbrug 70,2023-08-06,05:00:00,7,2,5,FMN 17 Stenenbrug
664,Stenenbrug 70,2023-08-06,06:00:00,12,7,5,FMN 17 Stenenbrug
664,Stenenbrug 70,2023-08-06,07:00:00,7,1,6,FMN 17 Stenenbrug
664,Stenenbrug 70,2023-08-06,08:00:00,14,2,12,FMN 17 Stenenbrug
664,Stenenbrug 70,2023-08-06,09:00:00,19,2,17,FMN 17 Stenenbrug
664,Stenenbrug 70,2023-08-06,10:00:00,46,15,31,FMN 17 Stenenbrug
664,Stenenbrug 70,2023-08-06,11:00:00,53,9,44,FMN 17 Stenenbrug
664,Stenenbrug 70,2023-08-06,12:00:00,52,13,39,FMN 17 Stenenbrug
664,Stenenbrug 70,2023-08-06,13:00:00,62,16,46,FMN 17 Stenenbrug
664,Stenenbrug 70,2023-08-06,14:00:00,55,11,44,FMN 17 Stenenbrug
664,Stenenbrug 70,2023-08-06,15:00:00,60,17,43,FMN 17 Stenenbrug
664,Stenenbrug 70,2023-08-06,16:00:00,39,12,27,FMN 17 Stenenbrug
664,Stenenbrug 70,2023-08-06,17:00:00,42,16,26,FMN 17 Stenenbrug
664,Stenenbrug 70,2023-08-06,18:00:00,66,20,46,FMN 17 Stenenbrug
664,Stenenbrug 70,2023-08-06,19:00:00,75,24,51,FMN 17 Stenenbrug
664,Stenenbrug 70,2023-08-06,20:00:00,67,16,51,FMN 17 Stenenbrug
664,Stenenbrug 70,2023-08-06,21:00:00,59,15,44,FMN 17 Stenenbrug
664,Stenenbrug 70,2023-08-06,22:00:00,57,17,40,FMN 17 Stenenbrug
664,Stenenbrug 70,2023-08-06,23:00:00,33,14,19,FMN 17 Stenenbrug
664,Stenenbrug 70,2023-08-07,00:00:00,19,7,12,FMN 17 Stenenbrug
664,Stenenbrug 70,2023-08-07,01:00:00,10,2,8,FMN 17 Stenenbrug
664,Stenenbrug 70,2023-08-07,02:00:00,12,3,9,FMN 17 Stenenbrug
664,Stenenbrug 70,2023-08-07,03:00:00,9,4,5,FMN 17 Stenenbrug
664,Stenenbrug 70,2023-08-07,04:00:00,36,10,26,FMN 17 Stenenbrug
664,Stenenbrug 70,2023-08-07,05:00:00,46,15,31,FMN 17 Stenenbrug
664,Stenenbrug 70,2023-08-07,06:00:00,90,21,69,FMN 17 Stenenbrug
664,Stenenbrug 70,2023-08-07,07:00:00,176,42,134,FMN 17 Stenenbrug
664,Stenenbrug 70,2023-08-07,08:00:00,244,50,194,FMN 17 Stenenbrug
664,Stenenbrug 70,2023-08-07,09:00:00,115,22,93,FMN 17 Stenenbrug
664,Stenenbrug 70,2023-08-07,10:00:00,106,39,67,FMN 17 Stenenbrug
664,Stenenbrug 70,2023-08-07,11:00:00,89,25,64,FMN 17 Stenenbrug
664,Stenenbrug 70,2023-08-07,12:00:00,119,30,89,FMN 17 Stenenbrug
664,Stenenbrug 70,2023-08-07,13:00:00,137,42,95,FMN 17 Stenenbrug
664,Stenenbrug 70,2023-08-07,14:00:00,142,39,103,FMN 17 Stenenbrug
664,Stenenbrug 70,2023-08-07,15:00:00,153,50,103,FMN 17 Stenenbrug
664,Stenenbrug 70,2023-08-07,16:00:00,229,84,145,FMN 17 Stenenbrug
664,Stenenbrug 70,2023-08-07,17:00:00,301,104,197,FMN 17 Stenenbrug
664,Stenenbrug 70,2023-08-07,18:00:00,202,56,146,FMN 17 Stenenbrug
664,Stenenbrug 70,2023-08-07,19:00:00,136,41,95,FMN 17 Stenenbrug
664,Stenenbrug 70,2023-08-07,20:00:00,119,34,85,FMN 17 Stenenbrug
664,Stenenbrug 70,2023-08-07,21:00:00,85,33,52,FMN 17 Stenenbrug
664,Stenenbrug 70,2023-08-07,22:00:00,67,19,48,FMN 17 Stenenbrug
664,Stenenbrug 70,2023-08-07,23:00:00,58,25,33,FMN 17 Stenenbrug
664,Stenenbrug 70,2023-08-08,00:00:00,23,4,19,FMN 17 Stenenbrug
664,Stenenbrug 70,2023-08-08,01:00:00,17,8,9,FMN 17 Stenenbrug
664,Stenenbrug 70,2023-08-08,02:00:00,6,3,3,FMN 17 Stenenbrug
664,Stenenbrug 70,2023-08-08,03:00:00,11,2,9,FMN 17 Stenenbrug
664,Stenenbrug 70,2023-08-08,04:00:00,25,5,20,FMN 17 Stenenbrug
664,Stenenbrug 70,2023-08-08,05:00:00,56,17,39,FMN 17 Stenenbrug
664,Stenenbrug 70,2023-08-08,06:00:00,123,39,84,FMN 17 Stenenbrug
664,Stenenbrug 70,2023-08-08,07:00:00,196,62,134,FMN 17 Stenenbrug
664,Stenenbrug 70,2023-08-08,08:00:00,274,64,210,FMN 17 Stenenbrug
664,Stenenbrug 70,2023-08-08,09:00:00,135,31,104,FMN 17 Stenenbrug
664,Stenenbrug 70,2023-08-08,10:00:00,94,16,78,FMN 17 Stenenbrug
664,Stenenbrug 70,2023-08-08,11:00:00,90,23,67,FMN 17 Stenenbrug
664,Stenenbrug 70,2023-08-08,12:00:00,122,30,92,FMN 17 Stenenbrug
664,Stenenbrug 70,2023-08-08,13:00:00,135,37,98,FMN 17 Stenenbrug
664,Stenenbrug 70,2023-08-08,14:00:00,141,43,98,FMN 17 Stenenbrug
664,Stenenbrug 70,2023-08-08,15:00:00,167,57,110,FMN 17 Stenenbrug
664,Stenenbrug 70,2023-08-08,16:00:00,286,96,190,FMN 17 Stenenbrug
664,Stenenbrug 70,2023-08-08,17:00:00,304,116,188,FMN 17 Stenenbrug
664,Stenenbrug 70,2023-08-08,18:00:00,194,66,128,FMN 17 Stenenbrug
664,Stenenbrug 70,2023-08-08,19:00:00,117,33,84,FMN 17 Stenenbrug
664,Stenenbrug 70,2023-08-08,20:00:00,94,24,70,FMN 17 Stenenbrug
664,Stenenbrug 70,2023-08-08,21:00:00,57,22,35,FMN 17 Stenenbrug
664,Stenenbrug 70,2023-08-08,22:00:00,61,17,44,FMN 17 Stenenbrug
664,Stenenbrug 70,2023-08-08,23:00:00,47,16,31,FMN 17 Stenenbrug
664,Stenenbrug 70,2023-08-09,00:00:00,17,6,11,FMN 17 Stenenbrug
664,Stenenbrug 70,2023-08-09,01:00:00,6,2,4,FMN 17 Stenenbrug
664,Stenenbrug 70,2023-08-09,02:00:00,5,1,4,FMN 17 Stenenbrug
664,Stenenbrug 70,2023-08-09,03:00:00,5,1,4,FMN 17 Stenenbrug
664,Stenenbrug 70,2023-08-09,04:00:00,30,5,25,FMN 17 Stenenbrug
664,Stenenbrug 70,2023-08-09,05:00:00,50,19,31,FMN 17 Stenenbrug
664,Stenenbrug 70,2023-08-09,06:00:00,82,22,60,FMN 17 Stenenbrug
664,Stenenbrug 70,2023-08-09,07:00:00,189,55,134,FMN 17 Stenenbrug
664,Stenenbrug 70,2023-08-09,08:00:00,260,45,215,FMN 17 Stenenbrug
664,Stenenbrug 70,2023-08-09,09:00:00,109,33,76,FMN 17 Stenenbrug
664,Stenenbrug 70,2023-08-09,10:00:00,111,33,78,FMN 17 Stenenbrug
664,Stenenbrug 70,2023-08-09,11:00:00,126,31,95,FMN 17 Stenenbrug
664,Stenenbrug 70,2023-08-09,12:00:00,122,30,92,FMN 17 Stenenbrug
664,Stenenbrug 70,2023-08-09,13:00:00,151,50,101,FMN 17 Stenenbrug
664,Stenenbrug 70,2023-08-09,14:00:00,158,45,113,FMN 17 Stenenbrug
664,Stenenbrug 70,2023-08-09,15:00:00,157,52,105,FMN 17 Stenenbrug
664,Stenenbrug 70,2023-08-09,16:00:00,284,104,180,FMN 17 Stenenbrug
664,Stenenbrug 70,2023-08-09,17:00:00,316,123,193,FMN 17 Stenenbrug
664,Stenenbrug 70,2023-08-09,18:00:00,235,80,155,FMN 17 Stenenbrug
664,Stenenbrug 70,2023-08-09,19:00:00,198,47,151,FMN 17 Stenenbrug
664,Stenenbrug 70,2023-08-09,20:00:00,130,43,87,FMN 17 Stenenbrug
664,Stenenbrug 70,2023-08-09,21:00:00,107,30,77,FMN 17 Stenenbrug
664,Stenenbrug 70,2023-08-09,22:00:00,108,38,70,FMN 17 Stenenbrug
664,Stenenbrug 70,2023-08-09,23:00:00,77,23,54,FMN 17 Stenenbrug
664,Stenenbrug 70,2023-08-10,00:00:00,51,17,34,FMN 17 Stenenbrug
664,Stenenbrug 70,2023-08-10,01:00:00,19,3,16,FMN 17 Stenenbrug
664,Stenenbrug 70,2023-08-10,02:00:00,13,0,13,FMN 17 Stenenbrug
664,Stenenbrug 70,2023-08-10,03:00:00,13,3,10,FMN 17 Stenenbrug
664,Stenenbrug 70,2023-08-10,04:00:00,23,5,18,FMN 17 Stenenbrug
664,Stenenbrug 70,2023-08-10,05:00:00,59,24,35,FMN 17 Stenenbrug
664,Stenenbrug 70,2023-08-10,06:00:00,114,35,79,FMN 17 Stenenbrug
664,Stenenbrug 70,2023-08-10,07:00:00,207,62,145,FMN 17 Stenenbrug
664,Stenenbrug 70,2023-08-10,08:00:00,284,70,214,FMN 17 Stenenbrug
664,Stenenbrug 70,2023-08-10,09:00:00,140,24,116,FMN 17 Stenenbrug
664,Stenenbrug 70,2023-08-10,10:00:00,115,26,89,FMN 17 Stenenbrug
664,Stenenbrug 70,2023-08-10,11:00:00,137,33,104,FMN 17 Stenenbrug
664,Stenenbrug 70,2023-08-10,12:00:00,129,36,93,FMN 17 Stenenbrug
664,Stenenbrug 70,2023-08-10,13:00:00,121,43,78,FMN 17 Stenenbrug
664,Stenenbrug 70,2023-08-10,14:00:00,147,39,108,FMN 17 Stenenbrug
664,Stenenbrug 70,2023-08-10,15:00:00,205,48,157,FMN 17 Stenenbrug
664,Stenenbrug 70,2023-08-10,16:00:00,311,116,195,FMN 17 Stenenbrug
664,Stenenbrug 70,2023-08-10,17:00:00,351,123,228,FMN 17 Stenenbrug
664,Stenenbrug 70,2023-08-10,18:00:00,297,92,205,FMN 17 Stenenbrug
664,Stenenbrug 70,2023-08-10,19:00:00,198,56,142,FMN 17 Stenenbrug
664,Stenenbrug 70,2023-08-10,20:00:00,140,49,91,FMN 17 Stenenbrug
664,Stenenbrug 70,2023-08-10,21:00:00,135,34,101,FMN 17 Stenenbrug
664,Stenenbrug 70,2023-08-10,22:00:00,107,34,73,FMN 17 Stenenbrug
664,Stenenbrug 70,2023-08-10,23:00:00,70,34,36,FMN 17 Stenenbrug
664,Stenenbrug 70,2023-08-11,00:00:00,53,14,39,FMN 17 Stenenbrug
664,Stenenbrug 70,2023-08-11,01:00:00,16,4,12,FMN 17 Stenenbrug
664,Stenenbrug 70,2023-08-11,02:00:00,13,6,7,FMN 17 Stenenbrug
664,Stenenbrug 70,2023-08-11,03:00:00,6,2,4,FMN 17 Stenenbrug
664,Stenenbrug 70,2023-08-11,04:00:00,26,10,16,FMN 17 Stenenbrug
664,Stenenbrug 70,2023-08-11,05:00:00,51,16,35,FMN 17 Stenenbrug
664,Stenenbrug 70,2023-08-11,06:00:00,85,27,58,FMN 17 Stenenbrug
664,Stenenbrug 70,2023-08-11,07:00:00,152,33,119,FMN 17 Stenenbrug
664,Stenenbrug 70,2023-08-11,08:00:00,241,55,186,FMN 17 Stenenbrug
664,Stenenbrug 70,2023-08-11,09:00:00,126,34,92,FMN 17 Stenenbrug
664,Stenenbrug 70,2023-08-11,10:00:00,106,16,90,FMN 17 Stenenbrug
664,Stenenbrug 70,2023-08-11,11:00:00,128,27,101,FMN 17 Stenenbrug
664,Stenenbrug 70,2023-08-11,12:00:00,125,29,96,FMN 17 Stenenbrug
664,Stenenbrug 70,2023-08-11,13:00:00,190,49,141,FMN 17 Stenenbrug
664,Stenenbrug 70,2023-08-11,14:00:00,181,51,130,FMN 17 Stenenbrug
664,Stenenbrug 70,2023-08-11,15:00:00,216,69,147,FMN 17 Stenenbrug
664,Stenenbrug 70,2023-08-11,16:00:00,259,88,171,FMN 17 Stenenbrug
664,Stenenbrug 70,2023-08-11,17:00:00,256,92,164,FMN 17 Stenenbrug
664,Stenenbrug 70,2023-08-11,18:00:00,228,53,175,FMN 17 Stenenbrug
664,Stenenbrug 70,2023-08-11,19:00:00,171,39,132,FMN 17 Stenenbrug
664,Stenenbrug 70,2023-08-11,20:00:00,125,32,93,FMN 17 Stenenbrug
664,Stenenbrug 70,2023-08-11,21:00:00,98,23,75,FMN 17 Stenenbrug
664,Stenenbrug 70,2023-08-11,22:00:00,88,24,64,FMN 17 Stenenbrug
664,Stenenbrug 70,2023-08-11,23:00:00,60,25,35,FMN 17 Stenenbrug
664,Stenenbrug 70,2023-08-12,00:00:00,40,24,16,FMN 17 Stenenbrug
664,Stenenbrug 70,2023-08-12,01:00:00,21,4,17,FMN 17 Stenenbrug
664,Stenenbrug 70,2023-08-12,02:00:00,20,3,17,FMN 17 Stenenbrug
664,Stenenbrug 70,2023-08-12,03:00:00,19,7,12,FMN 17 Stenenbrug
664,Stenenbrug 70,2023-08-12,04:00:00,17,7,10,FMN 17 Stenenbrug
664,Stenenbrug 70,2023-08-12,05:00:00,18,8,10,FMN 17 Stenenbrug
664,Stenenbrug 70,2023-08-12,06:00:00,19,9,10,FMN 17 Stenenbrug
664,Stenenbrug 70,2023-08-12,07:00:00,22,8,14,FMN 17 Stenenbrug
664,Stenenbrug 70,2023-08-12,08:00:00,31,8,23,FMN 17 Stenenbrug
664,Stenenbrug 70,2023-08-12,09:00:00,79,26,53,FMN 17 Stenenbrug
664,Stenenbrug 70,2023-08-12,10:00:00,63,16,47,FMN 17 Stenenbrug
664,Stenenbrug 70,2023-08-12,11:00:00,106,26,80,FMN 17 Stenenbrug
664,Stenenbrug 70,2023-08-12,12:00:00,122,33,89,FMN 17 Stenenbrug
664,Stenenbrug 70,2023-08-12,13:00:00,156,35,121,FMN 17 Stenenbrug
664,Stenenbrug 70,2023-08-12,14:00:00,141,25,116,FMN 17 Stenenbrug
664,Stenenbrug 70,2023-08-12,15:00:00,154,31,123,FMN 17 Stenenbrug
664,Stenenbrug 70,2023-08-12,16:00:00,126,27,99,FMN 17 Stenenbrug
664,Stenenbrug 70,2023-08-12,17:00:00,162,54,108,FMN 17 Stenenbrug
664,Stenenbrug 70,2023-08-12,18:00:00,155,44,111,FMN 17 Stenenbrug
664,Stenenbrug 70,2023-08-12,19:00:00,152,38,114,FMN 17 Stenenbrug
664,Stenenbrug 70,2023-08-12,20:00:00,127,31,96,FMN 17 Stenenbrug
664,Stenenbrug 70,2023-08-12,21:00:00,107,32,75,FMN 17 Stenenbrug
664,Stenenbrug 70,2023-08-12,22:00:00,87,34,53,FMN 17 Stenenbrug
664,Stenenbrug 70,2023-08-12,23:00:00,70,25,45,FMN 17 Stenenbrug
664,Stenenbrug 70,2023-08-13,00:00:00,39,15,24,FMN 17 Stenenbrug
664,Stenenbrug 70,2023-08-13,01:00:00,19,8,11,FMN 17 Stenenbrug
664,Stenenbrug 70,2023-08-13,02:00:00,26,12,14,FMN 17 Stenenbrug
664,Stenenbrug 70,2023-08-13,03:00:00,11,3,8,FMN 17 Stenenbrug
664,Stenenbrug 70,2023-08-13,04:00:00,13,5,8,FMN 17 Stenenbrug
664,Stenenbrug 70,2023-08-13,05:00:00,17,7,10,FMN 17 Stenenbrug
664,Stenenbrug 70,2023-08-13,06:00:00,18,8,10,FMN 17 Stenenbrug
664,Stenenbrug 70,2023-08-13,07:00:00,24,12,12,FMN 17 Stenenbrug
664,Stenenbrug 70,2023-08-13,08:00:00,43,8,35,FMN 17 Stenenbrug
664,Stenenbrug 70,2023-08-13,09:00:00,58,18,40,FMN 17 Stenenbrug
664,Stenenbrug 70,2023-08-13,10:00:00,83,29,54,FMN 17 Stenenbrug
664,Stenenbrug 70,2023-08-13,11:00:00,112,31,81,FMN 17 Stenenbrug
664,Stenenbrug 70,2023-08-13,12:00:00,143,49,94,FMN 17 Stenenbrug
664,Stenenbrug 70,2023-08-13,13:00:00,107,21,86,FMN 17 Stenenbrug
664,Stenenbrug 70,2023-08-13,14:00:00,150,38,112,FMN 17 Stenenbrug
664,Stenenbrug 70,2023-08-13,15:00:00,162,49,113,FMN 17 Stenenbrug
664,Stenenbrug 70,2023-08-13,16:00:00,144,55,89,FMN 17 Stenenbrug
664,Stenenbrug 70,2023-08-13,17:00:00,117,32,85,FMN 17 Stenenbrug
664,Stenenbrug 70,2023-08-13,18:00:00,173,37,136,FMN 17 Stenenbrug
664,Stenenbrug 70,2023-08-13,19:00:00,136,42,94,FMN 17 Stenenbrug
664,Stenenbrug 70,2023-08-13,20:00:00,150,42,108,FMN 17 Stenenbrug
664,Stenenbrug 70,2023-08-13,21:00:00,106,36,70,FMN 17 Stenenbrug
664,Stenenbrug 70,2023-08-13,22:00:00,60,20,40,FMN 17 Stenenbrug
664,Stenenbrug 70,2023-08-13,23:00:00,35,13,22,FMN 17 Stenenbrug
664,Stenenbrug 70,2023-08-14,00:00:00,27,9,18,FMN 17 Stenenbrug
664,Stenenbrug 70,2023-08-14,01:00:00,18,6,12,FMN 17 Stenenbrug
664,Stenenbrug 70,2023-08-14,02:00:00,5,2,3,FMN 17 Stenenbrug
664,Stenenbrug 70,2023-08-14,03:00:00,8,4,4,FMN 17 Stenenbrug
664,Stenenbrug 70,2023-08-14,04:00:00,17,4,13,FMN 17 Stenenbrug
664,Stenenbrug 70,2023-08-14,05:00:00,29,13,16,FMN 17 Stenenbrug
664,Stenenbrug 70,2023-08-14,06:00:00,65,15,50,FMN 17 Stenenbrug
664,Stenenbrug 70,2023-08-14,07:00:00,118,38,80,FMN 17 Stenenbrug
664,Stenenbrug 70,2023-08-14,08:00:00,149,26,123,FMN 17 Stenenbrug
664,Stenenbrug 70,2023-08-14,09:00:00,114,29,85,FMN 17 Stenenbrug
664,Stenenbrug 70,2023-08-14,10:00:00,96,26,70,FMN 17 Stenenbrug
664,Stenenbrug 70,2023-08-14,11:00:00,121,24,97,FMN 17 Stenenbrug
664,Stenenbrug 70,2023-08-14,12:00:00,139,47,92,FMN 17 Stenenbrug
664,Stenenbrug 70,2023-08-14,13:00:00,143,36,107,FMN 17 Stenenbrug
664,Stenenbrug 70,2023-08-14,14:00:00,175,59,116,FMN 17 Stenenbrug
664,Stenenbrug 70,2023-08-14,15:00:00,180,56,124,FMN 17 Stenenbrug
664,Stenenbrug 70,2023-08-14,16:00:00,234,66,168,FMN 17 Stenenbrug
664,Stenenbrug 70,2023-08-14,17:00:00,297,106,191,FMN 17 Stenenbrug
664,Stenenbrug 70,2023-08-14,18:00:00,228,54,174,FMN 17 Stenenbrug
664,Stenenbrug 70,2023-08-14,19:00:00,154,50,104,FMN 17 Stenenbrug
664,Stenenbrug 70,2023-08-14,20:00:00,141,36,105,FMN 17 Stenenbrug
664,Stenenbrug 70,2023-08-14,21:00:00,114,31,83,FMN 17 Stenenbrug
664,Stenenbrug 70,2023-08-14,22:00:00,81,29,52,FMN 17 Stenenbrug
664,Stenenbrug 70,2023-08-14,23:00:00,58,15,43,FMN 17 Stenenbrug
664,Stenenbrug 70,2023-08-15,00:00:00,40,10,30,FMN 17 Stenenbrug
664,Stenenbrug 70,2023-08-15,01:00:00,25,11,14,FMN 17 Stenenbrug
664,Stenenbrug 70,2023-08-15,02:00:00,11,4,7,FMN 17 Stenenbrug
664,Stenenbrug 70,2023-08-15,03:00:00,9,2,7,FMN 17 Stenenbrug
664,Stenenbrug 70,2023-08-15,04:00:00,13,6,7,FMN 17 Stenenbrug
664,Stenenbrug 70,2023-08-15,05:00:00,17,3,14,FMN 17 Stenenbrug
664,Stenenbrug 70,2023-08-15,06:00:00,28,8,20,FMN 17 Stenenbrug
664,Stenenbrug 70,2023-08-15,07:00:00,28,9,19,FMN 17 Stenenbrug
664,Stenenbrug 70,2023-08-15,08:00:00,48,15,33,FMN 17 Stenenbrug
664,Stenenbrug 70,2023-08-15,09:00:00,94,24,70,FMN 17 Stenenbrug
664,Stenenbrug 70,2023-08-15,10:00:00,124,32,92,FMN 17 Stenenbrug
664,Stenenbrug 70,2023-08-15,11:00:00,106,25,81,FMN 17 Stenenbrug
664,Stenenbrug 70,2023-08-15,12:00:00,110,33,77,FMN 17 Stenenbrug
664,Stenenbrug 70,2023-08-15,13:00:00,149,43,106,FMN 17 Stenenbrug
664,Stenenbrug 70,2023-08-15,14:00:00,153,46,107,FMN 17 Stenenbrug
664,Stenenbrug 70,2023-08-15,15:00:00,162,45,117,FMN 17 Stenenbrug
664,Stenenbrug 70,2023-08-15,16:00:00,177,46,131,FMN 17 Stenenbrug
664,Stenenbrug 70,2023-08-15,17:00:00,140,32,108,FMN 17 Stenenbrug
664,Stenenbrug 70,2023-08-15,18:00:00,150,34,116,FMN 17 Stenenbrug
664,Stenenbrug 70,2023-08-15,19:00:00,150,45,105,FMN 17 Stenenbrug
664,Stenenbrug 70,2023-08-15,20:00:00,123,36,87,FMN 17 Stenenbrug
664,Stenenbrug 70,2023-08-15,21:00:00,115,34,81,FMN 17 Stenenbrug
664,Stenenbrug 70,2023-08-15,22:00:00,78,26,52,FMN 17 Stenenbrug
664,Stenenbrug 70,2023-08-15,23:00:00,41,17,24,FMN 17 Stenenbrug
664,Stenenbrug 70,2023-08-16,00:00:00,35,12,23,FMN 17 Stenenbrug
664,Stenenbrug 70,2023-08-16,01:00:00,21,10,11,FMN 17 Stenenbrug
664,Stenenbrug 70,2023-08-16,02:00:00,4,0,4,FMN 17 Stenenbrug
664,Stenenbrug 70,2023-08-16,03:00:00,12,5,7,FMN 17 Stenenbrug
664,Stenenbrug 70,2023-08-16,04:00:00,22,3,19,FMN 17 Stenenbrug
664,Stenenbrug 70,2023-08-16,05:00:00,55,22,33,FMN 17 Stenenbrug
664,Stenenbrug 70,2023-08-16,06:00:00,112,33,79,FMN 17 Stenenbrug
664,Stenenbrug 70,2023-08-16,07:00:00,210,53,157,FMN 17 Stenenbrug
664,Stenenbrug 70,2023-08-16,08:00:00,263,60,203,FMN 17 Stenenbrug
664,Stenenbrug 70,2023-08-16,09:00:00,144,30,114,FMN 17 Stenenbrug
664,Stenenbrug 70,2023-08-16,10:00:00,102,33,69,FMN 17 Stenenbrug
664,Stenenbrug 70,2023-08-16,11:00:00,129,31,98,FMN 17 Stenenbrug
664,Stenenbrug 70,2023-08-16,12:00:00,122,36,86,FMN 17 Stenenbrug
664,Stenenbrug 70,2023-08-16,13:00:00,172,42,130,FMN 17 Stenenbrug
664,Stenenbrug 70,2023-08-16,14:00:00,155,47,108,FMN 17 Stenenbrug
664,Stenenbrug 70,2023-08-16,15:00:00,189,61,128,FMN 17 Stenenbrug
664,Stenenbrug 70,2023-08-16,16:00:00,268,111,157,FMN 17 Stenenbrug
664,Stenenbrug 70,2023-08-16,17:00:00,330,115,215,FMN 17 Stenenbrug
664,Stenenbrug 70,2023-08-16,18:00:00,253,92,161,FMN 17 Stenenbrug
664,Stenenbrug 70,2023-08-16,19:00:00,185,40,145,FMN 17 Stenenbrug
664,Stenenbrug 70,2023-08-16,20:00:00,137,35,102,FMN 17 Stenenbrug
664,Stenenbrug 70,2023-08-16,21:00:00,138,44,94,FMN 17 Stenenbrug
664,Stenenbrug 70,2023-08-16,22:00:00,93,22,71,FMN 17 Stenenbrug
664,Stenenbrug 70,2023-08-16,23:00:00,58,24,34,FMN 17 Stenenbrug
664,Stenenbrug 70,2023-08-17,00:00:00,30,17,13,FMN 17 Stenenbrug
664,Stenenbrug 70,2023-08-17,01:00:00,20,4,16,FMN 17 Stenenbrug
664,Stenenbrug 70,2023-08-17,02:00:00,9,3,6,FMN 17 Stenenbrug
664,Stenenbrug 70,2023-08-17,03:00:00,12,2,10,FMN 17 Stenenbrug
664,Stenenbrug 70,2023-08-17,04:00:00,32,9,23,FMN 17 Stenenbrug
664,Stenenbrug 70,2023-08-17,05:00:00,49,23,26,FMN 17 Stenenbrug
664,Stenenbrug 70,2023-08-17,06:00:00,114,34,80,FMN 17 Stenenbrug
664,Stenenbrug 70,2023-08-17,07:00:00,196,64,132,FMN 17 Stenenbrug
664,Stenenbrug 70,2023-08-17,08:00:00,298,63,235,FMN 17 Stenenbrug
664,Stenenbrug 70,2023-08-17,09:00:00,148,31,117,FMN 17 Stenenbrug
664,Stenenbrug 70,2023-08-17,10:00:00,115,30,85,FMN 17 Stenenbrug
664,Stenenbrug 70,2023-08-17,11:00:00,151,34,117,FMN 17 Stenenbrug
664,Stenenbrug 70,2023-08-17,12:00:00,135,48,87,FMN 17 Stenenbrug
664,Stenenbrug 70,2023-08-17,13:00:00,153,42,111,FMN 17 Stenenbrug
664,Stenenbrug 70,2023-08-17,14:00:00,140,42,98,FMN 17 Stenenbrug
664,Stenenbrug 70,2023-08-17,15:00:00,179,59,120,FMN 17 Stenenbrug
664,Stenenbrug 70,2023-08-17,16:00:00,282,98,184,FMN 17 Stenenbrug
664,Stenenbrug 70,2023-08-17,17:00:00,336,117,219,FMN 17 Stenenbrug
664,Stenenbrug 70,2023-08-17,18:00:00,244,83,161,FMN 17 Stenenbrug
664,Stenenbrug 70,2023-08-17,19:00:00,210,52,158,FMN 17 Stenenbrug
664,Stenenbrug 70,2023-08-17,20:00:00,178,61,117,FMN 17 Stenenbrug
664,Stenenbrug 70,2023-08-17,21:00:00,109,35,74,FMN 17 Stenenbrug
664,Stenenbrug 70,2023-08-17,22:00:00,101,35,66,FMN 17 Stenenbrug
664,Stenenbrug 70,2023-08-17,23:00:00,50,18,32,FMN 17 Stenenbrug
664,Stenenbrug 70,2023-08-18,00:00:00,47,15,32,FMN 17 Stenenbrug
664,Stenenbrug 70,2023-08-18,01:00:00,20,6,14,FMN 17 Stenenbrug
664,Stenenbrug 70,2023-08-18,02:00:00,19,8,11,FMN 17 Stenenbrug
664,Stenenbrug 70,2023-08-18,03:00:00,9,5,4,FMN 17 Stenenbrug
664,Stenenbrug 70,2023-08-18,04:00:00,21,4,17,FMN 17 Stenenbrug
664,Stenenbrug 70,2023-08-18,05:00:00,60,22,38,FMN 17 Stenenbrug
664,Stenenbrug 70,2023-08-18,06:00:00,94,33,61,FMN 17 Stenenbrug
664,Stenenbrug 70,2023-08-18,07:00:00,183,48,135,FMN 17 Stenenbrug
664,Stenenbrug 70,2023-08-18,08:00:00,208,46,162,FMN 17 Stenenbrug
664,Stenenbrug 70,2023-08-18,09:00:00,149,34,115,FMN 17 Stenenbrug
664,Stenenbrug 70,2023-08-18,10:00:00,120,30,90,FMN 17 Stenenbrug
664,Stenenbrug 70,2023-08-18,11:00:00,121,32,89,FMN 17 Stenenbrug
664,Stenenbrug 70,2023-08-18,12:00:00,133,38,95,FMN 17 Stenenbrug
664,Stenenbrug 70,2023-08-18,13:00:00,205,63,142,FMN 17 Stenenbrug
664,Stenenbrug 70,2023-08-18,14:00:00,182,60,122,FMN 17 Stenenbrug
664,Stenenbrug 70,2023-08-18,15:00:00,248,82,166,FMN 17 Stenenbrug
664,Stenenbrug 70,2023-08-18,16:00:00,261,93,168,FMN 17 Stenenbrug
664,Stenenbrug 70,2023-08-18,17:00:00,308,108,200,FMN 17 Stenenbrug
664,Stenenbrug 70,2023-08-18,18:00:00,268,75,193,FMN 17 Stenenbrug
664,Stenenbrug 70,2023-08-18,19:00:00,208,48,160,FMN 17 Stenenbrug
664,Stenenbrug 70,2023-08-18,20:00:00,173,59,114,FMN 17 Stenenbrug
664,Stenenbrug 70,2023-08-18,21:00:00,151,32,119,FMN 17 Stenenbrug
664,Stenenbrug 70,2023-08-18,22:00:00,111,47,64,FMN 17 Stenenbrug
664,Stenenbrug 70,2023-08-18,23:00:00,91,32,59,FMN 17 Stenenbrug
664,Stenenbrug 70,2023-08-19,00:00:00,70,23,47,FMN 17 Stenenbrug
664,Stenenbrug 70,2023-08-19,01:00:00,29,16,13,FMN 17 Stenenbrug
664,Stenenbrug 70,2023-08-19,02:00:00,22,8,14,FMN 17 Stenenbrug
664,Stenenbrug 70,2023-08-19,03:00:00,8,3,5,FMN 17 Stenenbrug
664,Stenenbrug 70,2023-08-19,04:00:00,12,4,8,FMN 17 Stenenbrug
664,Stenenbrug 70,2023-08-19,05:00:00,26,10,16,FMN 17 Stenenbrug
664,Stenenbrug 70,2023-08-19,06:00:00,42,17,25,FMN 17 Stenenbrug
664,Stenenbrug 70,2023-08-19,07:00:00,30,6,24,FMN 17 Stenenbrug
664,Stenenbrug 70,2023-08-19,08:00:00,61,18,43,FMN 17 Stenenbrug
664,Stenenbrug 70,2023-08-19,09:00:00,86,28,58,FMN 17 Stenenbrug
664,Stenenbrug 70,2023-08-19,10:00:00,104,24,80,FMN 17 Stenenbrug
664,Stenenbrug 70,2023-08-19,11:00:00,124,29,95,FMN 17 Stenenbrug
664,Stenenbrug 70,2023-08-19,12:00:00,153,36,117,FMN 17 Stenenbrug
664,Stenenbrug 70,2023-08-19,13:00:00,189,41,148,FMN 17 Stenenbrug
664,Stenenbrug 70,2023-08-19,14:00:00,161,41,120,FMN 17 Stenenbrug
664,Stenenbrug 70,2023-08-19,15:00:00,163,33,130,FMN 17 Stenenbrug
664,Stenenbrug 70,2023-08-19,16:00:00,181,52,129,FMN 17 Stenenbrug
664,Stenenbrug 70,2023-08-19,17:00:00,153,36,117,FMN 17 Stenenbrug
664,Stenenbrug 70,2023-08-19,18:00:00,192,52,140,FMN 17 Stenenbrug
664,Stenenbrug 70,2023-08-19,19:00:00,192,50,142,FMN 17 Stenenbrug
664,Stenenbrug 70,2023-08-19,20:00:00,153,34,119,FMN 17 Stenenbrug
664,Stenenbrug 70,2023-08-19,21:00:00,112,35,77,FMN 17 Stenenbrug
664,Stenenbrug 70,2023-08-19,22:00:00,94,31,63,FMN 17 Stenenbrug
664,Stenenbrug 70,2023-08-19,23:00:00,53,13,40,FMN 17 Stenenbrug
664,Stenenbrug 70,2023-08-20,00:00:00,78,30,48,FMN 17 Stenenbrug
664,Stenenbrug 70,2023-08-20,01:00:00,40,7,33,FMN 17 Stenenbrug
664,Stenenbrug 70,2023-08-20,02:00:00,29,6,23,FMN 17 Stenenbrug
664,Stenenbrug 70,2023-08-20,03:00:00,23,6,17,FMN 17 Stenenbrug
664,Stenenbrug 70,2023-08-20,04:00:00,19,7,12,FMN 17 Stenenbrug
664,Stenenbrug 70,2023-08-20,05:00:00,28,9,19,FMN 17 Stenenbrug
664,Stenenbrug 70,2023-08-20,06:00:00,27,8,19,FMN 17 Stenenbrug
664,Stenenbrug 70,2023-08-20,07:00:00,27,7,20,FMN 17 Stenenbrug
664,Stenenbrug 70,2023-08-20,08:00:00,51,14,37,FMN 17 Stenenbrug
664,Stenenbrug 70,2023-08-20,09:00:00,68,26,42,FMN 17 Stenenbrug
664,Stenenbrug 70,2023-08-20,10:00:00,94,33,61,FMN 17 Stenenbrug
664,Stenenbrug 70,2023-08-20,11:00:00,123,31,92,FMN 17 Stenenbrug
664,Stenenbrug 70,2023-08-20,12:00:00,173,51,122,FMN 17 Stenenbrug
664,Stenenbrug 70,2023-08-20,13:00:00,167,39,128,FMN 17 Stenenbrug
664,Stenenbrug 70,2023-08-20,14:00:00,202,56,146,FMN 17 Stenenbrug
664,Stenenbrug 70,2023-08-20,15:00:00,216,59,157,FMN 17 Stenenbrug
664,Stenenbrug 70,2023-08-20,16:00:00,198,66,132,FMN 17 Stenenbrug
664,Stenenbrug 70,2023-08-20,17:00:00,178,41,137,FMN 17 Stenenbrug
664,Stenenbrug 70,2023-08-20,18:00:00,195,51,144,FMN 17 Stenenbrug
664,Stenenbrug 70,2023-08-20,19:00:00,150,59,91,FMN 17 Stenenbrug
664,Stenenbrug 70,2023-08-20,20:00:00,149,35,114,FMN 17 Stenenbrug
664,Stenenbrug 70,2023-08-20,21:00:00,119,32,87,FMN 17 Stenenbrug
664,Stenenbrug 70,2023-08-20,22:00:00,97,25,72,FMN 17 Stenenbrug
664,Stenenbrug 70,2023-08-20,23:00:00,56,5,51,FMN 17 Stenenbrug
664,Stenenbrug 70,2023-08-21,00:00:00,27,12,15,FMN 17 Stenenbrug
664,Stenenbrug 70,2023-08-21,01:00:00,10,3,7,FMN 17 Stenenbrug
664,Stenenbrug 70,2023-08-21,02:00:00,5,1,4,FMN 17 Stenenbrug
664,Stenenbrug 70,2023-08-21,03:00:00,11,0,11,FMN 17 Stenenbrug
664,Stenenbrug 70,2023-08-21,04:00:00,39,11,28,FMN 17 Stenenbrug
664,Stenenbrug 70,2023-08-21,05:00:00,67,23,44,FMN 17 Stenenbrug
664,Stenenbrug 70,2023-08-21,06:00:00,125,31,94,FMN 17 Stenenbrug
664,Stenenbrug 70,2023-08-21,07:00:00,248,64,184,FMN 17 Stenenbrug
664,Stenenbrug 70,2023-08-21,08:00:00,353,72,281,FMN 17 Stenenbrug
664,Stenenbrug 70,2023-08-21,09:00:00,167,41,126,FMN 17 Stenenbrug
664,Stenenbrug 70,2023-08-21,10:00:00,120,28,92,FMN 17 Stenenbrug
664,Stenenbrug 70,2023-08-21,11:00:00,123,26,97,FMN 17 Stenenbrug
664,Stenenbrug 70,2023-08-21,12:00:00,177,55,122,FMN 17 Stenenbrug
664,Stenenbrug 70,2023-08-21,13:00:00,161,59,102,FMN 17 Stenenbrug
664,Stenenbrug 70,2023-08-21,14:00:00,174,53,121,FMN 17 Stenenbrug
664,Stenenbrug 70,2023-08-21,15:00:00,245,96,149,FMN 17 Stenenbrug
664,Stenenbrug 70,2023-08-21,16:00:00,332,145,187,FMN 17 Stenenbrug
664,Stenenbrug 70,2023-08-21,17:00:00,382,147,235,FMN 17 Stenenbrug
664,Stenenbrug 70,2023-08-21,18:00:00,284,100,184,FMN 17 Stenenbrug
664,Stenenbrug 70,2023-08-21,19:00:00,220,56,164,FMN 17 Stenenbrug
664,Stenenbrug 70,2023-08-21,20:00:00,176,58,118,FMN 17 Stenenbrug
664,Stenenbrug 70,2023-08-21,21:00:00,113,43,70,FMN 17 Stenenbrug
664,Stenenbrug 70,2023-08-21,22:00:00,120,37,83,FMN 17 Stenenbrug
664,Stenenbrug 70,2023-08-21,23:00:00,60,21,39,FMN 17 Stenenbrug
664,Stenenbrug 70,2023-08-22,00:00:00,28,8,20,FMN 17 Stenenbrug
664,Stenenbrug 70,2023-08-22,01:00:00,18,4,14,FMN 17 Stenenbrug
664,Stenenbrug 70,2023-08-22,02:00:00,5,1,4,FMN 17 Stenenbrug
664,Stenenbrug 70,2023-08-22,03:00:00,17,2,15,FMN 17 Stenenbrug
664,Stenenbrug 70,2023-08-22,04:00:00,31,6,25,FMN 17 Stenenbrug
664,Stenenbrug 70,2023-08-22,05:00:00,82,27,55,FMN 17 Stenenbrug
664,Stenenbrug 70,2023-08-22,06:00:00,124,35,89,FMN 17 Stenenbrug
664,Stenenbrug 70,2023-08-22,07:00:00,289,95,194,FMN 17 Stenenbrug
664,Stenenbrug 70,2023-08-22,08:00:00,381,86,295,FMN 17 Stenenbrug
664,Stenenbrug 70,2023-08-22,09:00:00,179,38,141,FMN 17 Stenenbrug
664,Stenenbrug 70,2023-08-22,10:00:00,132,31,101,FMN 17 Stenenbrug
664,Stenenbrug 70,2023-08-22,11:00:00,121,27,94,FMN 17 Stenenbrug
664,Stenenbrug 70,2023-08-22,12:00:00,170,45,125,FMN 17 Stenenbrug
664,Stenenbrug 70,2023-08-22,13:00:00,173,49,124,FMN 17 Stenenbrug
664,Stenenbrug 70,2023-08-22,14:00:00,187,54,133,FMN 17 Stenenbrug
664,Stenenbrug 70,2023-08-22,15:00:00,188,64,124,FMN 17 Stenenbrug
664,Stenenbrug 70,2023-08-22,16:00:00,339,131,208,FMN 17 Stenenbrug
664,Stenenbrug 70,2023-08-22,17:00:00,439,173,266,FMN 17 Stenenbrug
664,Stenenbrug 70,2023-08-22,18:00:00,279,89,190,FMN 17 Stenenbrug
664,Stenenbrug 70,2023-08-22,19:00:00,237,65,172,FMN 17 Stenenbrug
664,Stenenbrug 70,2023-08-22,20:00:00,168,54,114,FMN 17 Stenenbrug
664,Stenenbrug 70,2023-08-22,21:00:00,130,44,86,FMN 17 Stenenbrug
664,Stenenbrug 70,2023-08-22,22:00:00,118,25,93,FMN 17 Stenenbrug
664,Stenenbrug 70,2023-08-22,23:00:00,94,30,64,FMN 17 Stenenbrug
664,Stenenbrug 70,2023-08-23,00:00:00,40,19,21,FMN 17 Stenenbrug
664,Stenenbrug 70,2023-08-23,01:00:00,18,9,9,FMN 17 Stenenbrug
664,Stenenbrug 70,2023-08-23,02:00:00,11,4,7,FMN 17 Stenenbrug
664,Stenenbrug 70,2023-08-23,03:00:00,11,3,8,FMN 17 Stenenbrug
664,Stenenbrug 70,2023-08-23,04:00:00,29,5,24,FMN 17 Stenenbrug
664,Stenenbrug 70,2023-08-23,05:00:00,79,19,60,FMN 17 Stenenbrug
664,Stenenbrug 70,2023-08-23,06:00:00,136,36,100,FMN 17 Stenenbrug
664,Stenenbrug 70,2023-08-23,07:00:00,235,64,171,FMN 17 Stenenbrug
664,Stenenbrug 70,2023-08-23,08:00:00,340,64,276,FMN 17 Stenenbrug
664,Stenenbrug 70,2023-08-23,09:00:00,189,40,149,FMN 17 Stenenbrug
664,Stenenbrug 70,2023-08-23,10:00:00,125,33,92,FMN 17 Stenenbrug
664,Stenenbrug 70,2023-08-23,11:00:00,118,24,94,FMN 17 Stenenbrug
664,Stenenbrug 70,2023-08-23,12:00:00,175,41,134,FMN 17 Stenenbrug
664,Stenenbrug 70,2023-08-23,13:00:00,163,57,106,FMN 17 Stenenbrug
664,Stenenbrug 70,2023-08-23,14:00:00,163,54,109,FMN 17 Stenenbrug
664,Stenenbrug 70,2023-08-23,15:00:00,214,64,150,FMN 17 Stenenbrug
664,Stenenbrug 70,2023-08-23,16:00:00,350,134,216,FMN 17 Stenenbrug
664,Stenenbrug 70,2023-08-23,17:00:00,415,148,267,FMN 17 Stenenbrug
664,Stenenbrug 70,2023-08-23,18:00:00,314,88,226,FMN 17 Stenenbrug
664,Stenenbrug 70,2023-08-23,19:00:00,232,66,166,FMN 17 Stenenbrug
664,Stenenbrug 70,2023-08-23,20:00:00,206,49,157,FMN 17 Stenenbrug
664,Stenenbrug 70,2023-08-23,21:00:00,164,49,115,FMN 17 Stenenbrug
664,Stenenbrug 70,2023-08-23,22:00:00,111,27,84,FMN 17 Stenenbrug
664,Stenenbrug 70,2023-08-23,23:00:00,92,32,60,FMN 17 Stenenbrug
664,Stenenbrug 70,2023-08-24,00:00:00,30,12,18,FMN 17 Stenenbrug
664,Stenenbrug 70,2023-08-24,01:00:00,18,0,18,FMN 17 Stenenbrug
664,Stenenbrug 70,2023-08-24,02:00:00,15,3,12,FMN 17 Stenenbrug
664,Stenenbrug 70,2023-08-24,03:00:00,20,7,13,FMN 17 Stenenbrug
664,Stenenbrug 70,2023-08-24,04:00:00,26,9,17,FMN 17 Stenenbrug
664,Stenenbrug 70,2023-08-24,05:00:00,76,23,53,FMN 17 Stenenbrug
664,Stenenbrug 70,2023-08-24,06:00:00,116,28,88,FMN 17 Stenenbrug
664,Stenenbrug 70,2023-08-24,07:00:00,210,52,158,FMN 17 Stenenbrug
664,Stenenbrug 70,2023-08-24,08:00:00,391,82,309,FMN 17 Stenenbrug
664,Stenenbrug 70,2023-08-24,09:00:00,167,34,133,FMN 17 Stenenbrug
664,Stenenbrug 70,2023-08-24,10:00:00,135,30,105,FMN 17 Stenenbrug
664,Stenenbrug 70,2023-08-24,11:00:00,125,44,81,FMN 17 Stenenbrug
664,Stenenbrug 70,2023-08-24,12:00:00,121,35,86,FMN 17 Stenenbrug
664,Stenenbrug 70,2023-08-24,13:00:00,143,43,100,FMN 17 Stenenbrug
664,Stenenbrug 70,2023-08-24,14:00:00,150,50,100,FMN 17 Stenenbrug
664,Stenenbrug 70,2023-08-24,15:00:00,188,56,132,FMN 17 Stenenbrug
664,Stenenbrug 70,2023-08-24,16:00:00,312,109,203,FMN 17 Stenenbrug
664,Stenenbrug 70,2023-08-24,17:00:00,355,138,217,FMN 17 Stenenbrug
664,Stenenbrug 70,2023-08-24,18:00:00,240,73,167,FMN 17 Stenenbrug
664,Stenenbrug 70,2023-08-24,19:00:00,210,62,148,FMN 17 Stenenbrug
664,Stenenbrug 70,2023-08-24,20:00:00,150,40,110,FMN 17 Stenenbrug
664,Stenenbrug 70,2023-08-24,21:00:00,101,25,76,FMN 17 Stenenbrug
664,Stenenbrug 70,2023-08-24,22:00:00,97,27,70,FMN 17 Stenenbrug
664,Stenenbrug 70,2023-08-24,23:00:00,63,13,50,FMN 17 Stenenbrug
664,Stenenbrug 70,2023-08-25,00:00:00,37,7,30,FMN 17 Stenenbrug
664,Stenenbrug 70,2023-08-25,01:00:00,13,4,9,FMN 17 Stenenbrug
664,Stenenbrug 70,2023-08-25,02:00:00,12,5,7,FMN 17 Stenenbrug
664,Stenenbrug 70,2023-08-25,03:00:00,17,6,11,FMN 17 Stenenbrug
664,Stenenbrug 70,2023-08-25,04:00:00,24,4,20,FMN 17 Stenenbrug
664,Stenenbrug 70,2023-08-25,05:00:00,59,13,46,FMN 17 Stenenbrug
664,Stenenbrug 70,2023-08-25,06:00:00,92,23,69,FMN 17 Stenenbrug
664,Stenenbrug 70,2023-08-25,07:00:00,161,41,120,FMN 17 Stenenbrug
664,Stenenbrug 70,2023-08-25,08:00:00,235,56,179,FMN 17 Stenenbrug
664,Stenenbrug 70,2023-08-25,09:00:00,148,30,118,FMN 17 Stenenbrug
664,Stenenbrug 70,2023-08-25,10:00:00,131,32,99,FMN 17 Stenenbrug
664,Stenenbrug 70,2023-08-25,11:00:00,132,34,98,FMN 17 Stenenbrug
664,Stenenbrug 70,2023-08-25,12:00:00,149,41,108,FMN 17 Stenenbrug
664,Stenenbrug 70,2023-08-25,13:00:00,192,53,139,FMN 17 Stenenbrug
664,Stenenbrug 70,2023-08-25,14:00:00,187,65,122,FMN 17 Stenenbrug
664,Stenenbrug 70,2023-08-25,15:00:00,217,67,150,FMN 17 Stenenbrug
664,Stenenbrug 70,2023-08-25,16:00:00,286,113,173,FMN 17 Stenenbrug
664,Stenenbrug 70,2023-08-25,17:00:00,266,99,167,FMN 17 Stenenbrug
664,Stenenbrug 70,2023-08-25,18:00:00,220,67,153,FMN 17 Stenenbrug
664,Stenenbrug 70,2023-08-25,19:00:00,162,39,123,FMN 17 Stenenbrug
664,Stenenbrug 70,2023-08-25,20:00:00,129,27,102,FMN 17 Stenenbrug
664,Stenenbrug 70,2023-08-25,21:00:00,102,24,78,FMN 17 Stenenbrug
664,Stenenbrug 70,2023-08-25,22:00:00,76,26,50,FMN 17 Stenenbrug
664,Stenenbrug 70,2023-08-25,23:00:00,68,15,53,FMN 17 Stenenbrug
664,Stenenbrug 70,2023-08-26,00:00:00,35,15,20,FMN 17 Stenenbrug
664,Stenenbrug 70,2023-08-26,01:00:00,40,16,24,FMN 17 Stenenbrug
664,Stenenbrug 70,2023-08-26,02:00:00,23,7,16,FMN 17 Stenenbrug
664,Stenenbrug 70,2023-08-26,03:00:00,6,1,5,FMN 17 Stenenbrug
664,Stenenbrug 70,2023-08-26,04:00:00,13,4,9,FMN 17 Stenenbrug
664,Stenenbrug 70,2023-08-26,05:00:00,27,8,19,FMN 17 Stenenbrug
664,Stenenbrug 70,2023-08-26,06:00:00,32,9,23,FMN 17 Stenenbrug
664,Stenenbrug 70,2023-08-26,07:00:00,33,10,23,FMN 17 Stenenbrug
664,Stenenbrug 70,2023-08-26,08:00:00,69,10,59,FMN 17 Stenenbrug
664,Stenenbrug 70,2023-08-26,09:00:00,106,22,84,FMN 17 Stenenbrug
664,Stenenbrug 70,2023-08-26,10:00:00,145,45,100,FMN 17 Stenenbrug
664,Stenenbrug 70,2023-08-26,11:00:00,170,43,127,FMN 17 Stenenbrug
664,Stenenbrug 70,2023-08-26,12:00:00,191,49,142,FMN 17 Stenenbrug
664,Stenenbrug 70,2023-08-26,13:00:00,236,63,173,FMN 17 Stenenbrug
664,Stenenbrug 70,2023-08-26,14:00:00,217,43,174,FMN 17 Stenenbrug
664,Stenenbrug 70,2023-08-26,15:00:00,192,40,152,FMN 17 Stenenbrug
664,Stenenbrug 70,2023-08-26,16:00:00,139,46,93,FMN 17 Stenenbrug
664,Stenenbrug 70,2023-08-26,17:00:00,154,56,98,FMN 17 Stenenbrug
664,Stenenbrug 70,2023-08-26,18:00:00,149,36,113,FMN 17 Stenenbrug
664,Stenenbrug 70,2023-08-26,19:00:00,148,38,110,FMN 17 Stenenbrug
664,Stenenbrug 70,2023-08-26,20:00:00,134,36,98,FMN 17 Stenenbrug
664,Stenenbrug 70,2023-08-26,21:00:00,121,33,88,FMN 17 Stenenbrug
664,Stenenbrug 70,2023-08-26,22:00:00,94,30,64,FMN 17 Stenenbrug
664,Stenenbrug 70,2023-08-26,23:00:00,79,18,61,FMN 17 Stenenbrug
664,Stenenbrug 70,2023-08-27,00:00:00,55,23,32,FMN 17 Stenenbrug
664,Stenenbrug 70,2023-08-27,01:00:00,45,20,25,FMN 17 Stenenbrug
664,Stenenbrug 70,2023-08-27,02:00:00,18,4,14,FMN 17 Stenenbrug
664,Stenenbrug 70,2023-08-27,03:00:00,10,2,8,FMN 17 Stenenbrug
664,Stenenbrug 70,2023-08-27,04:00:00,13,5,8,FMN 17 Stenenbrug
664,Stenenbrug 70,2023-08-27,05:00:00,13,9,4,FMN 17 Stenenbrug
664,Stenenbrug 70,2023-08-27,06:00:00,17,4,13,FMN 17 Stenenbrug
664,Stenenbrug 70,2023-08-27,07:00:00,23,9,14,FMN 17 Stenenbrug
664,Stenenbrug 70,2023-08-27,08:00:00,52,10,42,FMN 17 Stenenbrug
664,Stenenbrug 70,2023-08-27,09:00:00,72,17,55,FMN 17 Stenenbrug
664,Stenenbrug 70,2023-08-27,10:00:00,106,22,84,FMN 17 Stenenbrug
664,Stenenbrug 70,2023-08-27,11:00:00,124,42,82,FMN 17 Stenenbrug
664,Stenenbrug 70,2023-08-27,12:00:00,137,28,109,FMN 17 Stenenbrug
664,Stenenbrug 70,2023-08-27,13:00:00,114,33,81,FMN 17 Stenenbrug
664,Stenenbrug 70,2023-08-27,14:00:00,142,46,96,FMN 17 Stenenbrug
664,Stenenbrug 70,2023-08-27,15:00:00,81,19,62,FMN 17 Stenenbrug
664,Stenenbrug 70,2023-08-27,16:00:00,117,24,93,FMN 17 Stenenbrug
664,Stenenbrug 70,2023-08-27,17:00:00,137,29,108,FMN 17 Stenenbrug
664,Stenenbrug 70,2023-08-27,18:00:00,163,33,130,FMN 17 Stenenbrug
664,Stenenbrug 70,2023-08-27,19:00:00,110,32,78,FMN 17 Stenenbrug
664,Stenenbrug 70,2023-08-27,20:00:00,134,39,95,FMN 17 Stenenbrug
664,Stenenbrug 70,2023-08-27,21:00:00,108,35,73,FMN 17 Stenenbrug
664,Stenenbrug 70,2023-08-27,22:00:00,52,18,34,FMN 17 Stenenbrug
664,Stenenbrug 70,2023-08-27,23:00:00,67,16,51,FMN 17 Stenenbrug
664,Stenenbrug 70,2023-08-28,00:00:00,24,6,18,FMN 17 Stenenbrug
664,Stenenbrug 70,2023-08-28,01:00:00,12,6,6,FMN 17 Stenenbrug
664,Stenenbrug 70,2023-08-28,02:00:00,9,7,2,FMN 17 Stenenbrug
664,Stenenbrug 70,2023-08-28,03:00:00,8,2,6,FMN 17 Stenenbrug
664,Stenenbrug 70,2023-08-28,04:00:00,32,3,29,FMN 17 Stenenbrug
664,Stenenbrug 70,2023-08-28,05:00:00,64,22,42,FMN 17 Stenenbrug
664,Stenenbrug 70,2023-08-28,06:00:00,117,37,80,FMN 17 Stenenbrug
664,Stenenbrug 70,2023-08-28,07:00:00,219,57,162,FMN 17 Stenenbrug
664,Stenenbrug 70,2023-08-28,08:00:00,353,56,297,FMN 17 Stenenbrug
664,Stenenbrug 70,2023-08-28,09:00:00,181,37,144,FMN 17 Stenenbrug
664,Stenenbrug 70,2023-08-28,10:00:00,113,30,83,FMN 17 Stenenbrug
664,Stenenbrug 70,2023-08-28,11:00:00,133,42,91,FMN 17 Stenenbrug
664,Stenenbrug 70,2023-08-28,12:00:00,161,36,125,FMN 17 Stenenbrug
664,Stenenbrug 70,2023-08-28,13:00:00,173,49,124,FMN 17 Stenenbrug
664,Stenenbrug 70,2023-08-28,14:00:00,157,56,101,FMN 17 Stenenbrug
664,Stenenbrug 70,2023-08-28,15:00:00,240,94,146,FMN 17 Stenenbrug
664,Stenenbrug 70,2023-08-28,16:00:00,318,127,191,FMN 17 Stenenbrug
664,Stenenbrug 70,2023-08-28,17:00:00,347,134,213,FMN 17 Stenenbrug
664,Stenenbrug 70,2023-08-28,18:00:00,192,65,127,FMN 17 Stenenbrug
664,Stenenbrug 70,2023-08-28,19:00:00,161,29,132,FMN 17 Stenenbrug
664,Stenenbrug 70,2023-08-28,20:00:00,107,37,70,FMN 17 Stenenbrug
664,Stenenbrug 70,2023-08-28,21:00:00,85,24,61,FMN 17 Stenenbrug
664,Stenenbrug 70,2023-08-28,22:00:00,100,35,65,FMN 17 Stenenbrug
664,Stenenbrug 70,2023-08-28,23:00:00,41,15,26,FMN 17 Stenenbrug
664,Stenenbrug 70,2023-08-29,00:00:00,26,9,17,FMN 17 Stenenbrug
664,Stenenbrug 70,2023-08-29,01:00:00,17,7,10,FMN 17 Stenenbrug
664,Stenenbrug 70,2023-08-29,02:00:00,3,0,3,FMN 17 Stenenbrug
664,Stenenbrug 70,2023-08-29,03:00:00,8,1,7,FMN 17 Stenenbrug
664,Stenenbrug 70,2023-08-29,04:00:00,31,6,25,FMN 17 Stenenbrug
664,Stenenbrug 70,2023-08-29,05:00:00,60,15,45,FMN 17 Stenenbrug
664,Stenenbrug 70,2023-08-29,06:00:00,137,34,103,FMN 17 Stenenbrug
664,Stenenbrug 70,2023-08-29,07:00:00,260,73,187,FMN 17 Stenenbrug
664,Stenenbrug 70,2023-08-29,08:00:00,397,91,306,FMN 17 Stenenbrug
664,Stenenbrug 70,2023-08-29,09:00:00,193,39,154,FMN 17 Stenenbrug
664,Stenenbrug 70,2023-08-29,10:00:00,131,32,99,FMN 17 Stenenbrug
664,Stenenbrug 70,2023-08-29,11:00:00,107,32,75,FMN 17 Stenenbrug
664,Stenenbrug 70,2023-08-29,12:00:00,168,47,121,FMN 17 Stenenbrug
664,Stenenbrug 70,2023-08-29,13:00:00,174,46,128,FMN 17 Stenenbrug
664,Stenenbrug 70,2023-08-29,14:00:00,164,54,110,FMN 17 Stenenbrug
664,Stenenbrug 70,2023-08-29,15:00:00,194,90,104,FMN 17 Stenenbrug
664,Stenenbrug 70,2023-08-29,16:00:00,354,146,208,FMN 17 Stenenbrug
664,Stenenbrug 70,2023-08-29,17:00:00,358,132,226,FMN 17 Stenenbrug
664,Stenenbrug 70,2023-08-29,18:00:00,293,98,195,FMN 17 Stenenbrug
664,Stenenbrug 70,2023-08-29,19:00:00,223,64,159,FMN 17 Stenenbrug
664,Stenenbrug 70,2023-08-29,20:00:00,136,46,90,FMN 17 Stenenbrug
664,Stenenbrug 70,2023-08-29,21:00:00,133,38,95,FMN 17 Stenenbrug
664,Stenenbrug 70,2023-08-29,22:00:00,116,32,84,FMN 17 Stenenbrug
664,Stenenbrug 70,2023-08-29,23:00:00,50,24,26,FMN 17 Stenenbrug
664,Stenenbrug 70,2023-08-30,00:00:00,26,12,14,FMN 17 Stenenbrug
664,Stenenbrug 70,2023-08-30,01:00:00,17,4,13,FMN 17 Stenenbrug
664,Stenenbrug 70,2023-08-30,02:00:00,13,3,10,FMN 17 Stenenbrug
664,Stenenbrug 70,2023-08-30,03:00:00,18,4,14,FMN 17 Stenenbrug
664,Stenenbrug 70,2023-08-30,04:00:00,27,9,18,FMN 17 Stenenbrug
664,Stenenbrug 70,2023-08-30,05:00:00,63,21,42,FMN 17 Stenenbrug
664,Stenenbrug 70,2023-08-30,06:00:00,128,29,99,FMN 17 Stenenbrug
664,Stenenbrug 70,2023-08-30,07:00:00,199,56,143,FMN 17 Stenenbrug
664,Stenenbrug 70,2023-08-30,08:00:00,270,51,219,FMN 17 Stenenbrug
664,Stenenbrug 70,2023-08-30,09:00:00,129,26,103,FMN 17 Stenenbrug
664,Stenenbrug 70,2023-08-30,10:00:00,98,24,74,FMN 17 Stenenbrug
664,Stenenbrug 70,2023-08-30,11:00:00,116,27,89,FMN 17 Stenenbrug
664,Stenenbrug 70,2023-08-30,12:00:00,142,43,99,FMN 17 Stenenbrug
664,Stenenbrug 70,2023-08-30,13:00:00,154,44,110,FMN 17 Stenenbrug
664,Stenenbrug 70,2023-08-30,14:00:00,185,59,126,FMN 17 Stenenbrug
664,Stenenbrug 70,2023-08-30,15:00:00,201,67,134,FMN 17 Stenenbrug
664,Stenenbrug 70,2023-08-30,16:00:00,296,122,174,FMN 17 Stenenbrug
664,Stenenbrug 70,2023-08-30,17:00:00,327,109,218,FMN 17 Stenenbrug
664,Stenenbrug 70,2023-08-30,18:00:00,275,81,194,FMN 17 Stenenbrug
664,Stenenbrug 70,2023-08-30,19:00:00,193,49,144,FMN 17 Stenenbrug
664,Stenenbrug 70,2023-08-30,20:00:00,165,50,115,FMN 17 Stenenbrug
664,Stenenbrug 70,2023-08-30,21:00:00,120,30,90,FMN 17 Stenenbrug
664,Stenenbrug 70,2023-08-30,22:00:00,96,28,68,FMN 17 Stenenbrug
664,Stenenbrug 70,2023-08-30,23:00:00,58,17,41,FMN 17 Stenenbrug
664,Stenenbrug 70,2023-08-31,00:00:00,26,8,18,FMN 17 Stenenbrug
664,Stenenbrug 70,2023-08-31,01:00:00,21,6,15,FMN 17 Stenenbrug
664,Stenenbrug 70,2023-08-31,02:00:00,6,3,3,FMN 17 Stenenbrug
664,Stenenbrug 70,2023-08-31,03:00:00,8,1,7,FMN 17 Stenenbrug
664,Stenenbrug 70,2023-08-31,04:00:00,23,4,19,FMN 17 Stenenbrug
664,Stenenbrug 70,2023-08-31,05:00:00,74,27,47,FMN 17 Stenenbrug
664,Stenenbrug 70,2023-08-31,06:00:00,122,33,89,FMN 17 Stenenbrug
664,Stenenbrug 70,2023-08-31,07:00:00,214,62,152,FMN 17 Stenenbrug
664,Stenenbrug 70,2023-08-31,08:00:00,364,63,301,FMN 17 Stenenbrug
664,Stenenbrug 70,2023-08-31,09:00:00,173,43,130,FMN 17 Stenenbrug
664,Stenenbrug 70,2023-08-31,10:00:00,144,32,112,FMN 17 Stenenbrug
664,Stenenbrug 70,2023-08-31,11:00:00,146,35,111,FMN 17 Stenenbrug
664,Stenenbrug 70,2023-08-31,12:00:00,173,34,139,FMN 17 Stenenbrug
664,Stenenbrug 70,2023-08-31,13:00:00,214,63,151,FMN 17 Stenenbrug
664,Stenenbrug 70,2023-08-31,14:00:00,212,76,136,FMN 17 Stenenbrug
664,Stenenbrug 70,2023-08-31,15:00:00,248,90,158,FMN 17 Stenenbrug
664,Stenenbrug 70,2023-08-31,16:00:00,360,142,218,FMN 17 Stenenbrug
664,Stenenbrug 70,2023-08-31,17:00:00,369,131,238,FMN 17 Stenenbrug
664,Stenenbrug 70,2023-08-31,18:00:00,261,72,189,FMN 17 Stenenbrug
664,Stenenbrug 70,2023-08-31,19:00:00,204,61,143,FMN 17 Stenenbrug
664,Stenenbrug 70,2023-08-31,20:00:00,167,45,122,FMN 17 Stenenbrug
664,Stenenbrug 70,2023-08-31,21:00:00,114,38,76,FMN 17 Stenenbrug
664,Stenenbrug 70,2023-08-31,22:00:00,117,46,71,FMN 17 Stenenbrug
664,Stenenbrug 70,2023-08-31,23:00:00,51,19,32,FMN 17 Stenenbrug
664,Stenenbrug 70,2023-09-01,00:00:00,35,7,28,FMN 17 Stenenbrug
664,Stenenbrug 70,2023-09-01,01:00:00,13,3,10,FMN 17 Stenenbrug
664,Stenenbrug 70,2023-09-01,02:00:00,5,2,3,FMN 17 Stenenbrug
664,Stenenbrug 70,2023-09-01,03:00:00,5,2,3,FMN 17 Stenenbrug
664,Stenenbrug 70,2023-09-01,04:00:00,30,4,26,FMN 17 Stenenbrug
664,Stenenbrug 70,2023-09-01,05:00:00,44,18,26,FMN 17 Stenenbrug
664,Stenenbrug 70,2023-09-01,06:00:00,83,22,61,FMN 17 Stenenbrug
664,Stenenbrug 70,2023-09-01,07:00:00,247,47,200,FMN 17 Stenenbrug
664,Stenenbrug 70,2023-09-01,08:00:00,296,76,220,FMN 17 Stenenbrug
664,Stenenbrug 70,2023-09-01,09:00:00,197,81,116,FMN 17 Stenenbrug
664,Stenenbrug 70,2023-09-01,10:00:00,69,21,48,FMN 17 Stenenbrug
664,Stenenbrug 70,2023-09-01,11:00:00,41,10,31,FMN 17 Stenenbrug
664,Stenenbrug 70,2023-09-01,12:00:00,102,30,72,FMN 17 Stenenbrug
664,Stenenbrug 70,2023-09-01,13:00:00,145,32,113,FMN 17 Stenenbrug
664,Stenenbrug 70,2023-09-01,14:00:00,173,65,108,FMN 17 Stenenbrug
664,Stenenbrug 70,2023-09-01,15:00:00,283,101,182,FMN 17 Stenenbrug
664,Stenenbrug 70,2023-09-01,16:00:00,335,113,222,FMN 17 Stenenbrug
664,Stenenbrug 70,2023-09-01,17:00:00,320,123,197,FMN 17 Stenenbrug
664,Stenenbrug 70,2023-09-01,18:00:00,247,56,191,FMN 17 Stenenbrug
664,Stenenbrug 70,2023-09-01,19:00:00,181,42,139,FMN 17 Stenenbrug
664,Stenenbrug 70,2023-09-01,20:00:00,144,49,95,FMN 17 Stenenbrug
664,Stenenbrug 70,2023-09-01,21:00:00,120,28,92,FMN 17 Stenenbrug
664,Stenenbrug 70,2023-09-01,22:00:00,109,34,75,FMN 17 Stenenbrug
664,Stenenbrug 70,2023-09-01,23:00:00,85,25,60,FMN 17 Stenenbrug
664,Stenenbrug 70,2023-09-02,00:00:00,45,11,34,FMN 17 Stenenbrug
664,Stenenbrug 70,2023-09-02,01:00:00,51,15,36,FMN 17 Stenenbrug
664,Stenenbrug 70,2023-09-02,02:00:00,27,6,21,FMN 17 Stenenbrug
664,Stenenbrug 70,2023-09-02,03:00:00,19,6,13,FMN 17 Stenenbrug
664,Stenenbrug 70,2023-09-02,04:00:00,18,8,10,FMN 17 Stenenbrug
664,Stenenbrug 70,2023-09-02,05:00:00,28,6,22,FMN 17 Stenenbrug
664,Stenenbrug 70,2023-09-02,06:00:00,35,13,22,FMN 17 Stenenbrug
664,Stenenbrug 70,2023-09-02,07:00:00,31,13,18,FMN 17 Stenenbrug
664,Stenenbrug 70,2023-09-02,08:00:00,71,24,47,FMN 17 Stenenbrug
664,Stenenbrug 70,2023-09-02,09:00:00,104,30,74,FMN 17 Stenenbrug
664,Stenenbrug 70,2023-09-02,10:00:00,164,47,117,FMN 17 Stenenbrug
664,Stenenbrug 70,2023-09-02,11:00:00,166,35,131,FMN 17 Stenenbrug
664,Stenenbrug 70,2023-09-02,12:00:00,192,42,150,FMN 17 Stenenbrug
664,Stenenbrug 70,2023-09-02,13:00:00,184,51,133,FMN 17 Stenenbrug
664,Stenenbrug 70,2023-09-02,14:00:00,243,68,175,FMN 17 Stenenbrug
664,Stenenbrug 70,2023-09-02,15:00:00,243,73,170,FMN 17 Stenenbrug
664,Stenenbrug 70,2023-09-02,16:00:00,208,51,157,FMN 17 Stenenbrug
664,Stenenbrug 70,2023-09-02,17:00:00,199,46,153,FMN 17 Stenenbrug
664,Stenenbrug 70,2023-09-02,18:00:00,189,44,145,FMN 17 Stenenbrug
664,Stenenbrug 70,2023-09-02,19:00:00,189,43,146,FMN 17 Stenenbrug
664,Stenenbrug 70,2023-09-02,20:00:00,171,52,119,FMN 17 Stenenbrug
664,Stenenbrug 70,2023-09-02,21:00:00,120,28,92,FMN 17 Stenenbrug
664,Stenenbrug 70,2023-09-02,22:00:00,100,26,74,FMN 17 Stenenbrug
664,Stenenbrug 70,2023-09-02,23:00:00,58,16,42,FMN 17 Stenenbrug
664,Stenenbrug 70,2023-09-03,00:00:00,52,18,34,FMN 17 Stenenbrug
664,Stenenbrug 70,2023-09-03,01:00:00,40,13,27,FMN 17 Stenenbrug
664,Stenenbrug 70,2023-09-03,02:00:00,29,11,18,FMN 17 Stenenbrug
664,Stenenbrug 70,2023-09-03,03:00:00,18,6,12,FMN 17 Stenenbrug
664,Stenenbrug 70,2023-09-03,04:00:00,13,5,8,FMN 17 Stenenbrug
664,Stenenbrug 70,2023-09-03,05:00:00,20,3,17,FMN 17 Stenenbrug
664,Stenenbrug 70,2023-09-03,06:00:00,18,5,13,FMN 17 Stenenbrug
664,Stenenbrug 70,2023-09-03,07:00:00,24,10,14,FMN 17 Stenenbrug
664,Stenenbrug 70,2023-09-03,08:00:00,46,14,32,FMN 17 Stenenbrug
664,Stenenbrug 70,2023-09-03,09:00:00,105,33,72,FMN 17 Stenenbrug
664,Stenenbrug 70,2023-09-03,10:00:00,129,43,86,FMN 17 Stenenbrug
664,Stenenbrug 70,2023-09-03,11:00:00,174,36,138,FMN 17 Stenenbrug
664,Stenenbrug 70,2023-09-03,12:00:00,185,48,137,FMN 17 Stenenbrug
664,Stenenbrug 70,2023-09-03,13:00:00,208,57,151,FMN 17 Stenenbrug
664,Stenenbrug 70,2023-09-03,14:00:00,199,48,151,FMN 17 Stenenbrug
664,Stenenbrug 70,2023-09-03,15:00:00,208,60,148,FMN 17 Stenenbrug
664,Stenenbrug 70,2023-09-03,16:00:00,225,53,172,FMN 17 Stenenbrug
664,Stenenbrug 70,2023-09-03,17:00:00,218,48,170,FMN 17 Stenenbrug
664,Stenenbrug 70,2023-09-03,18:00:00,205,54,151,FMN 17 Stenenbrug
664,Stenenbrug 70,2023-09-03,19:00:00,186,56,130,FMN 17 Stenenbrug
664,Stenenbrug 70,2023-09-03,20:00:00,152,34,118,FMN 17 Stenenbrug
664,Stenenbrug 70,2023-09-03,21:00:00,126,43,83,FMN 17 Stenenbrug
664,Stenenbrug 70,2023-09-03,22:00:00,71,25,46,FMN 17 Stenenbrug
664,Stenenbrug 70,2023-09-03,23:00:00,18,8,10,FMN 17 Stenenbrug
