Meetpunt surrogate key,Meetpunt locatie,Datum,Tijd,Aantal fietsers,Aantal fietsers van,Aantal fietsers naar,Meetpunt code
657,Fietsbrug Ijzerlaanbrug,2022-08-22,00:00:00,30,7,23,FMN 10 IJzerlaanbrug
657,Fietsbrug Ijzerlaanbrug,2022-08-22,01:00:00,18,3,15,FMN 10 IJzerlaanbrug
657,Fietsbrug Ijzerlaanbrug,2022-08-22,02:00:00,14,2,12,FMN 10 IJzerlaanbrug
657,Fietsbrug Ijzerlaanbrug,2022-08-22,03:00:00,9,6,3,FMN 10 IJzerlaanbrug
657,Fietsbrug Ijzerlaanbrug,2022-08-22,04:00:00,31,17,14,FMN 10 IJzerlaanbrug
657,Fietsbrug Ijzerlaanbrug,2022-08-22,05:00:00,54,30,24,FMN 10 IJzerlaanbrug
657,Fietsbrug Ijzerlaanbrug,2022-08-22,06:00:00,146,96,50,FMN 10 IJzerlaanbrug
657,Fietsbrug Ijzerlaanbrug,2022-08-22,07:00:00,305,229,76,FMN 10 IJzerlaanbrug
657,Fietsbrug Ijzerlaanbrug,2022-08-22,08:00:00,413,321,92,FMN 10 IJzerlaanbrug
657,Fietsbrug Ijzerlaanbrug,2022-08-22,09:00:00,218,140,78,FMN 10 IJzerlaanbrug
657,Fietsbrug Ijzerlaanbrug,2022-08-22,10:00:00,133,78,55,FMN 10 IJzerlaanbrug
657,Fietsbrug Ijzerlaanbrug,2022-08-22,11:00:00,161,104,57,FMN 10 IJzerlaanbrug
657,Fietsbrug Ijzerlaanbrug,2022-08-22,12:00:00,165,83,82,FMN 10 IJzerlaanbrug
657,Fietsbrug Ijzerlaanbrug,2022-08-22,13:00:00,210,105,105,FMN 10 IJzerlaanbrug
657,Fietsbrug Ijzerlaanbrug,2022-08-22,14:00:00,215,101,114,FMN 10 IJzerlaanbrug
657,Fietsbrug Ijzerlaanbrug,2022-08-22,15:00:00,254,97,157,FMN 10 IJzerlaanbrug
657,Fietsbrug Ijzerlaanbrug,2022-08-22,16:00:00,427,153,274,FMN 10 IJzerlaanbrug
657,Fietsbrug Ijzerlaanbrug,2022-08-22,17:00:00,501,149,352,FMN 10 IJzerlaanbrug
657,Fietsbrug Ijzerlaanbrug,2022-08-22,18:00:00,284,105,179,FMN 10 IJzerlaanbrug
657,Fietsbrug Ijzerlaanbrug,2022-08-22,19:00:00,193,90,103,FMN 10 IJzerlaanbrug
657,Fietsbrug Ijzerlaanbrug,2022-08-22,20:00:00,185,80,105,FMN 10 IJzerlaanbrug
657,Fietsbrug Ijzerlaanbrug,2022-08-22,21:00:00,102,38,64,FMN 10 IJzerlaanbrug
657,Fietsbrug Ijzerlaanbrug,2022-08-22,22:00:00,106,41,65,FMN 10 IJzerlaanbrug
657,Fietsbrug Ijzerlaanbrug,2022-08-22,23:00:00,73,17,56,FMN 10 IJzerlaanbrug
657,Fietsbrug Ijzerlaanbrug,2022-08-23,00:00:00,30,8,22,FMN 10 IJzerlaanbrug
657,Fietsbrug Ijzerlaanbrug,2022-08-23,01:00:00,16,3,13,FMN 10 IJzerlaanbrug
657,Fietsbrug Ijzerlaanbrug,2022-08-23,02:00:00,8,4,4,FMN 10 IJzerlaanbrug
657,Fietsbrug Ijzerlaanbrug,2022-08-23,03:00:00,7,5,2,FMN 10 IJzerlaanbrug
657,Fietsbrug Ijzerlaanbrug,2022-08-23,04:00:00,23,16,7,FMN 10 IJzerlaanbrug
657,Fietsbrug Ijzerlaanbrug,2022-08-23,05:00:00,63,36,27,FMN 10 IJzerlaanbrug
657,Fietsbrug Ijzerlaanbrug,2022-08-23,06:00:00,177,119,58,FMN 10 IJzerlaanbrug
657,Fietsbrug Ijzerlaanbrug,2022-08-23,07:00:00,354,264,90,FMN 10 IJzerlaanbrug
657,Fietsbrug Ijzerlaanbrug,2022-08-23,08:00:00,524,409,115,FMN 10 IJzerlaanbrug
657,Fietsbrug Ijzerlaanbrug,2022-08-23,09:00:00,256,175,81,FMN 10 IJzerlaanbrug
657,Fietsbrug Ijzerlaanbrug,2022-08-23,10:00:00,178,108,70,FMN 10 IJzerlaanbrug
657,Fietsbrug Ijzerlaanbrug,2022-08-23,11:00:00,199,121,78,FMN 10 IJzerlaanbrug
657,Fietsbrug Ijzerlaanbrug,2022-08-23,12:00:00,228,119,109,FMN 10 IJzerlaanbrug
657,Fietsbrug Ijzerlaanbrug,2022-08-23,13:00:00,249,128,121,FMN 10 IJzerlaanbrug
657,Fietsbrug Ijzerlaanbrug,2022-08-23,14:00:00,215,103,112,FMN 10 IJzerlaanbrug
657,Fietsbrug Ijzerlaanbrug,2022-08-23,15:00:00,304,99,205,FMN 10 IJzerlaanbrug
657,Fietsbrug Ijzerlaanbrug,2022-08-23,16:00:00,495,157,338,FMN 10 IJzerlaanbrug
657,Fietsbrug Ijzerlaanbrug,2022-08-23,17:00:00,542,140,402,FMN 10 IJzerlaanbrug
657,Fietsbrug Ijzerlaanbrug,2022-08-23,18:00:00,347,110,237,FMN 10 IJzerlaanbrug
657,Fietsbrug Ijzerlaanbrug,2022-08-23,19:00:00,252,123,129,FMN 10 IJzerlaanbrug
657,Fietsbrug Ijzerlaanbrug,2022-08-23,20:00:00,172,95,77,FMN 10 IJzerlaanbrug
657,Fietsbrug Ijzerlaanbrug,2022-08-23,21:00:00,129,53,76,FMN 10 IJzerlaanbrug
657,Fietsbrug Ijzerlaanbrug,2022-08-23,22:00:00,125,44,81,FMN 10 IJzerlaanbrug
657,Fietsbrug Ijzerlaanbrug,2022-08-23,23:00:00,62,16,46,FMN 10 IJzerlaanbrug
657,Fietsbrug Ijzerlaanbrug,2022-08-24,00:00:00,40,10,30,FMN 10 IJzerlaanbrug
657,Fietsbrug Ijzerlaanbrug,2022-08-24,01:00:00,26,8,18,FMN 10 IJzerlaanbrug
657,Fietsbrug Ijzerlaanbrug,2022-08-24,02:00:00,16,2,14,FMN 10 IJzerlaanbrug
657,Fietsbrug Ijzerlaanbrug,2022-08-24,03:00:00,9,4,5,FMN 10 IJzerlaanbrug
657,Fietsbrug Ijzerlaanbrug,2022-08-24,04:00:00,22,16,6,FMN 10 IJzerlaanbrug
657,Fietsbrug Ijzerlaanbrug,2022-08-24,05:00:00,61,30,31,FMN 10 IJzerlaanbrug
657,Fietsbrug Ijzerlaanbrug,2022-08-24,06:00:00,156,106,50,FMN 10 IJzerlaanbrug
657,Fietsbrug Ijzerlaanbrug,2022-08-24,07:00:00,308,213,95,FMN 10 IJzerlaanbrug
657,Fietsbrug Ijzerlaanbrug,2022-08-24,08:00:00,459,350,109,FMN 10 IJzerlaanbrug
657,Fietsbrug Ijzerlaanbrug,2022-08-24,09:00:00,263,185,78,FMN 10 IJzerlaanbrug
657,Fietsbrug Ijzerlaanbrug,2022-08-24,10:00:00,209,131,78,FMN 10 IJzerlaanbrug
657,Fietsbrug Ijzerlaanbrug,2022-08-24,11:00:00,209,136,73,FMN 10 IJzerlaanbrug
657,Fietsbrug Ijzerlaanbrug,2022-08-24,12:00:00,259,148,111,FMN 10 IJzerlaanbrug
657,Fietsbrug Ijzerlaanbrug,2022-08-24,13:00:00,225,114,111,FMN 10 IJzerlaanbrug
657,Fietsbrug Ijzerlaanbrug,2022-08-24,14:00:00,235,113,122,FMN 10 IJzerlaanbrug
657,Fietsbrug Ijzerlaanbrug,2022-08-24,15:00:00,282,109,173,FMN 10 IJzerlaanbrug
657,Fietsbrug Ijzerlaanbrug,2022-08-24,16:00:00,469,156,313,FMN 10 IJzerlaanbrug
657,Fietsbrug Ijzerlaanbrug,2022-08-24,17:00:00,491,148,343,FMN 10 IJzerlaanbrug
657,Fietsbrug Ijzerlaanbrug,2022-08-24,18:00:00,359,113,246,FMN 10 IJzerlaanbrug
657,Fietsbrug Ijzerlaanbrug,2022-08-24,19:00:00,246,133,113,FMN 10 IJzerlaanbrug
657,Fietsbrug Ijzerlaanbrug,2022-08-24,20:00:00,184,83,101,FMN 10 IJzerlaanbrug
657,Fietsbrug Ijzerlaanbrug,2022-08-24,21:00:00,136,56,80,FMN 10 IJzerlaanbrug
657,Fietsbrug Ijzerlaanbrug,2022-08-24,22:00:00,148,45,103,FMN 10 IJzerlaanbrug
657,Fietsbrug Ijzerlaanbrug,2022-08-24,23:00:00,87,15,72,FMN 10 IJzerlaanbrug
657,Fietsbrug Ijzerlaanbrug,2022-08-25,00:00:00,45,13,32,FMN 10 IJzerlaanbrug
657,Fietsbrug Ijzerlaanbrug,2022-08-25,01:00:00,29,7,22,FMN 10 IJzerlaanbrug
657,Fietsbrug Ijzerlaanbrug,2022-08-25,02:00:00,17,4,13,FMN 10 IJzerlaanbrug
657,Fietsbrug Ijzerlaanbrug,2022-08-25,03:00:00,8,4,4,FMN 10 IJzerlaanbrug
657,Fietsbrug Ijzerlaanbrug,2022-08-25,04:00:00,24,17,7,FMN 10 IJzerlaanbrug
657,Fietsbrug Ijzerlaanbrug,2022-08-25,05:00:00,70,35,35,FMN 10 IJzerlaanbrug
657,Fietsbrug Ijzerlaanbrug,2022-08-25,06:00:00,174,110,64,FMN 10 IJzerlaanbrug
657,Fietsbrug Ijzerlaanbrug,2022-08-25,07:00:00,311,240,71,FMN 10 IJzerlaanbrug
657,Fietsbrug Ijzerlaanbrug,2022-08-25,08:00:00,503,379,124,FMN 10 IJzerlaanbrug
657,Fietsbrug Ijzerlaanbrug,2022-08-25,09:00:00,289,198,91,FMN 10 IJzerlaanbrug
657,Fietsbrug Ijzerlaanbrug,2022-08-25,10:00:00,200,128,72,FMN 10 IJzerlaanbrug
657,Fietsbrug Ijzerlaanbrug,2022-08-25,11:00:00,182,107,75,FMN 10 IJzerlaanbrug
657,Fietsbrug Ijzerlaanbrug,2022-08-25,12:00:00,246,117,129,FMN 10 IJzerlaanbrug
657,Fietsbrug Ijzerlaanbrug,2022-08-25,13:00:00,214,119,95,FMN 10 IJzerlaanbrug
657,Fietsbrug Ijzerlaanbrug,2022-08-25,14:00:00,219,97,122,FMN 10 IJzerlaanbrug
657,Fietsbrug Ijzerlaanbrug,2022-08-25,15:00:00,292,109,183,FMN 10 IJzerlaanbrug
657,Fietsbrug Ijzerlaanbrug,2022-08-25,16:00:00,475,153,322,FMN 10 IJzerlaanbrug
657,Fietsbrug Ijzerlaanbrug,2022-08-25,17:00:00,475,148,327,FMN 10 IJzerlaanbrug
657,Fietsbrug Ijzerlaanbrug,2022-08-25,18:00:00,347,130,217,FMN 10 IJzerlaanbrug
657,Fietsbrug Ijzerlaanbrug,2022-08-25,19:00:00,206,89,117,FMN 10 IJzerlaanbrug
657,Fietsbrug Ijzerlaanbrug,2022-08-25,20:00:00,173,69,104,FMN 10 IJzerlaanbrug
657,Fietsbrug Ijzerlaanbrug,2022-08-25,21:00:00,108,33,75,FMN 10 IJzerlaanbrug
657,Fietsbrug Ijzerlaanbrug,2022-08-25,22:00:00,116,38,78,FMN 10 IJzerlaanbrug
657,Fietsbrug Ijzerlaanbrug,2022-08-25,23:00:00,68,22,46,FMN 10 IJzerlaanbrug
657,Fietsbrug Ijzerlaanbrug,2022-08-26,00:00:00,43,7,36,FMN 10 IJzerlaanbrug
657,Fietsbrug Ijzerlaanbrug,2022-08-26,01:00:00,29,5,24,FMN 10 IJzerlaanbrug
657,Fietsbrug Ijzerlaanbrug,2022-08-26,02:00:00,18,11,7,FMN 10 IJzerlaanbrug
657,Fietsbrug Ijzerlaanbrug,2022-08-26,03:00:00,10,3,7,FMN 10 IJzerlaanbrug
657,Fietsbrug Ijzerlaanbrug,2022-08-26,04:00:00,21,12,9,FMN 10 IJzerlaanbrug
657,Fietsbrug Ijzerlaanbrug,2022-08-26,05:00:00,59,33,26,FMN 10 IJzerlaanbrug
657,Fietsbrug Ijzerlaanbrug,2022-08-26,06:00:00,141,92,49,FMN 10 IJzerlaanbrug
657,Fietsbrug Ijzerlaanbrug,2022-08-26,07:00:00,241,166,75,FMN 10 IJzerlaanbrug
657,Fietsbrug Ijzerlaanbrug,2022-08-26,08:00:00,400,300,100,FMN 10 IJzerlaanbrug
657,Fietsbrug Ijzerlaanbrug,2022-08-26,09:00:00,215,145,70,FMN 10 IJzerlaanbrug
657,Fietsbrug Ijzerlaanbrug,2022-08-26,10:00:00,180,102,78,FMN 10 IJzerlaanbrug
657,Fietsbrug Ijzerlaanbrug,2022-08-26,11:00:00,146,84,62,FMN 10 IJzerlaanbrug
657,Fietsbrug Ijzerlaanbrug,2022-08-26,12:00:00,210,95,115,FMN 10 IJzerlaanbrug
657,Fietsbrug Ijzerlaanbrug,2022-08-26,13:00:00,215,91,124,FMN 10 IJzerlaanbrug
657,Fietsbrug Ijzerlaanbrug,2022-08-26,14:00:00,249,113,136,FMN 10 IJzerlaanbrug
657,Fietsbrug Ijzerlaanbrug,2022-08-26,15:00:00,308,123,185,FMN 10 IJzerlaanbrug
657,Fietsbrug Ijzerlaanbrug,2022-08-26,16:00:00,374,152,222,FMN 10 IJzerlaanbrug
657,Fietsbrug Ijzerlaanbrug,2022-08-26,17:00:00,419,154,265,FMN 10 IJzerlaanbrug
657,Fietsbrug Ijzerlaanbrug,2022-08-26,18:00:00,265,115,150,FMN 10 IJzerlaanbrug
657,Fietsbrug Ijzerlaanbrug,2022-08-26,19:00:00,199,100,99,FMN 10 IJzerlaanbrug
657,Fietsbrug Ijzerlaanbrug,2022-08-26,20:00:00,169,79,90,FMN 10 IJzerlaanbrug
657,Fietsbrug Ijzerlaanbrug,2022-08-26,21:00:00,137,60,77,FMN 10 IJzerlaanbrug
657,Fietsbrug Ijzerlaanbrug,2022-08-26,22:00:00,133,48,85,FMN 10 IJzerlaanbrug
657,Fietsbrug Ijzerlaanbrug,2022-08-26,23:00:00,95,31,64,FMN 10 IJzerlaanbrug
657,Fietsbrug Ijzerlaanbrug,2022-08-27,00:00:00,82,31,51,FMN 10 IJzerlaanbrug
657,Fietsbrug Ijzerlaanbrug,2022-08-27,01:00:00,60,19,41,FMN 10 IJzerlaanbrug
657,Fietsbrug Ijzerlaanbrug,2022-08-27,02:00:00,35,13,22,FMN 10 IJzerlaanbrug
657,Fietsbrug Ijzerlaanbrug,2022-08-27,03:00:00,18,6,12,FMN 10 IJzerlaanbrug
657,Fietsbrug Ijzerlaanbrug,2022-08-27,04:00:00,31,2,29,FMN 10 IJzerlaanbrug
657,Fietsbrug Ijzerlaanbrug,2022-08-27,05:00:00,23,14,9,FMN 10 IJzerlaanbrug
657,Fietsbrug Ijzerlaanbrug,2022-08-27,06:00:00,29,15,14,FMN 10 IJzerlaanbrug
657,Fietsbrug Ijzerlaanbrug,2022-08-27,07:00:00,47,31,16,FMN 10 IJzerlaanbrug
657,Fietsbrug Ijzerlaanbrug,2022-08-27,08:00:00,80,49,31,FMN 10 IJzerlaanbrug
657,Fietsbrug Ijzerlaanbrug,2022-08-27,09:00:00,190,125,65,FMN 10 IJzerlaanbrug
657,Fietsbrug Ijzerlaanbrug,2022-08-27,10:00:00,174,116,58,FMN 10 IJzerlaanbrug
657,Fietsbrug Ijzerlaanbrug,2022-08-27,11:00:00,254,148,106,FMN 10 IJzerlaanbrug
657,Fietsbrug Ijzerlaanbrug,2022-08-27,12:00:00,229,124,105,FMN 10 IJzerlaanbrug
657,Fietsbrug Ijzerlaanbrug,2022-08-27,13:00:00,309,164,145,FMN 10 IJzerlaanbrug
657,Fietsbrug Ijzerlaanbrug,2022-08-27,14:00:00,274,153,121,FMN 10 IJzerlaanbrug
657,Fietsbrug Ijzerlaanbrug,2022-08-27,15:00:00,261,117,144,FMN 10 IJzerlaanbrug
657,Fietsbrug Ijzerlaanbrug,2022-08-27,16:00:00,254,113,141,FMN 10 IJzerlaanbrug
657,Fietsbrug Ijzerlaanbrug,2022-08-27,17:00:00,231,89,142,FMN 10 IJzerlaanbrug
657,Fietsbrug Ijzerlaanbrug,2022-08-27,18:00:00,221,89,132,FMN 10 IJzerlaanbrug
657,Fietsbrug Ijzerlaanbrug,2022-08-27,19:00:00,154,75,79,FMN 10 IJzerlaanbrug
657,Fietsbrug Ijzerlaanbrug,2022-08-27,20:00:00,141,65,76,FMN 10 IJzerlaanbrug
657,Fietsbrug Ijzerlaanbrug,2022-08-27,21:00:00,100,38,62,FMN 10 IJzerlaanbrug
657,Fietsbrug Ijzerlaanbrug,2022-08-27,22:00:00,106,40,66,FMN 10 IJzerlaanbrug
657,Fietsbrug Ijzerlaanbrug,2022-08-27,23:00:00,92,24,68,FMN 10 IJzerlaanbrug
657,Fietsbrug Ijzerlaanbrug,2022-08-28,00:00:00,66,26,40,FMN 10 IJzerlaanbrug
657,Fietsbrug Ijzerlaanbrug,2022-08-28,01:00:00,59,21,38,FMN 10 IJzerlaanbrug
657,Fietsbrug Ijzerlaanbrug,2022-08-28,02:00:00,24,6,18,FMN 10 IJzerlaanbrug
657,Fietsbrug Ijzerlaanbrug,2022-08-28,03:00:00,32,11,21,FMN 10 IJzerlaanbrug
657,Fietsbrug Ijzerlaanbrug,2022-08-28,04:00:00,27,8,19,FMN 10 IJzerlaanbrug
657,Fietsbrug Ijzerlaanbrug,2022-08-28,05:00:00,16,6,10,FMN 10 IJzerlaanbrug
657,Fietsbrug Ijzerlaanbrug,2022-08-28,06:00:00,25,12,13,FMN 10 IJzerlaanbrug
657,Fietsbrug Ijzerlaanbrug,2022-08-28,07:00:00,37,21,16,FMN 10 IJzerlaanbrug
657,Fietsbrug Ijzerlaanbrug,2022-08-28,08:00:00,61,35,26,FMN 10 IJzerlaanbrug
657,Fietsbrug Ijzerlaanbrug,2022-08-28,09:00:00,151,76,75,FMN 10 IJzerlaanbrug
657,Fietsbrug Ijzerlaanbrug,2022-08-28,10:00:00,235,160,75,FMN 10 IJzerlaanbrug
657,Fietsbrug Ijzerlaanbrug,2022-08-28,11:00:00,245,154,91,FMN 10 IJzerlaanbrug
657,Fietsbrug Ijzerlaanbrug,2022-08-28,12:00:00,244,149,95,FMN 10 IJzerlaanbrug
657,Fietsbrug Ijzerlaanbrug,2022-08-28,13:00:00,308,224,84,FMN 10 IJzerlaanbrug
657,Fietsbrug Ijzerlaanbrug,2022-08-28,14:00:00,337,191,146,FMN 10 IJzerlaanbrug
657,Fietsbrug Ijzerlaanbrug,2022-08-28,15:00:00,261,136,125,FMN 10 IJzerlaanbrug
657,Fietsbrug Ijzerlaanbrug,2022-08-28,16:00:00,273,96,177,FMN 10 IJzerlaanbrug
657,Fietsbrug Ijzerlaanbrug,2022-08-28,17:00:00,282,75,207,FMN 10 IJzerlaanbrug
657,Fietsbrug Ijzerlaanbrug,2022-08-28,18:00:00,238,83,155,FMN 10 IJzerlaanbrug
657,Fietsbrug Ijzerlaanbrug,2022-08-28,19:00:00,161,75,86,FMN 10 IJzerlaanbrug
657,Fietsbrug Ijzerlaanbrug,2022-08-28,20:00:00,137,50,87,FMN 10 IJzerlaanbrug
657,Fietsbrug Ijzerlaanbrug,2022-08-28,21:00:00,113,41,72,FMN 10 IJzerlaanbrug
657,Fietsbrug Ijzerlaanbrug,2022-08-28,22:00:00,88,31,57,FMN 10 IJzerlaanbrug
657,Fietsbrug Ijzerlaanbrug,2022-08-28,23:00:00,74,20,54,FMN 10 IJzerlaanbrug
657,Fietsbrug Ijzerlaanbrug,2022-08-29,00:00:00,41,13,28,FMN 10 IJzerlaanbrug
657,Fietsbrug Ijzerlaanbrug,2022-08-29,01:00:00,16,5,11,FMN 10 IJzerlaanbrug
657,Fietsbrug Ijzerlaanbrug,2022-08-29,02:00:00,6,2,4,FMN 10 IJzerlaanbrug
657,Fietsbrug Ijzerlaanbrug,2022-08-29,03:00:00,6,3,3,FMN 10 IJzerlaanbrug
657,Fietsbrug Ijzerlaanbrug,2022-08-29,04:00:00,19,12,7,FMN 10 IJzerlaanbrug
657,Fietsbrug Ijzerlaanbrug,2022-08-29,05:00:00,51,29,22,FMN 10 IJzerlaanbrug
657,Fietsbrug Ijzerlaanbrug,2022-08-29,06:00:00,179,104,75,FMN 10 IJzerlaanbrug
657,Fietsbrug Ijzerlaanbrug,2022-08-29,07:00:00,317,244,73,FMN 10 IJzerlaanbrug
657,Fietsbrug Ijzerlaanbrug,2022-08-29,08:00:00,494,385,109,FMN 10 IJzerlaanbrug
657,Fietsbrug Ijzerlaanbrug,2022-08-29,09:00:00,228,158,70,FMN 10 IJzerlaanbrug
657,Fietsbrug Ijzerlaanbrug,2022-08-29,10:00:00,169,98,71,FMN 10 IJzerlaanbrug
657,Fietsbrug Ijzerlaanbrug,2022-08-29,11:00:00,170,102,68,FMN 10 IJzerlaanbrug
657,Fietsbrug Ijzerlaanbrug,2022-08-29,12:00:00,176,95,81,FMN 10 IJzerlaanbrug
657,Fietsbrug Ijzerlaanbrug,2022-08-29,13:00:00,208,115,93,FMN 10 IJzerlaanbrug
657,Fietsbrug Ijzerlaanbrug,2022-08-29,14:00:00,245,101,144,FMN 10 IJzerlaanbrug
657,Fietsbrug Ijzerlaanbrug,2022-08-29,15:00:00,297,115,182,FMN 10 IJzerlaanbrug
657,Fietsbrug Ijzerlaanbrug,2022-08-29,16:00:00,468,180,288,FMN 10 IJzerlaanbrug
657,Fietsbrug Ijzerlaanbrug,2022-08-29,17:00:00,513,148,365,FMN 10 IJzerlaanbrug
657,Fietsbrug Ijzerlaanbrug,2022-08-29,18:00:00,356,125,231,FMN 10 IJzerlaanbrug
657,Fietsbrug Ijzerlaanbrug,2022-08-29,19:00:00,171,78,93,FMN 10 IJzerlaanbrug
657,Fietsbrug Ijzerlaanbrug,2022-08-29,20:00:00,172,74,98,FMN 10 IJzerlaanbrug
657,Fietsbrug Ijzerlaanbrug,2022-08-29,21:00:00,120,49,71,FMN 10 IJzerlaanbrug
657,Fietsbrug Ijzerlaanbrug,2022-08-29,22:00:00,104,39,65,FMN 10 IJzerlaanbrug
657,Fietsbrug Ijzerlaanbrug,2022-08-29,23:00:00,61,17,44,FMN 10 IJzerlaanbrug
657,Fietsbrug Ijzerlaanbrug,2022-08-30,00:00:00,35,15,20,FMN 10 IJzerlaanbrug
657,Fietsbrug Ijzerlaanbrug,2022-08-30,01:00:00,24,9,15,FMN 10 IJzerlaanbrug
657,Fietsbrug Ijzerlaanbrug,2022-08-30,02:00:00,5,2,3,FMN 10 IJzerlaanbrug
657,Fietsbrug Ijzerlaanbrug,2022-08-30,03:00:00,2,2,0,FMN 10 IJzerlaanbrug
657,Fietsbrug Ijzerlaanbrug,2022-08-30,04:00:00,25,15,10,FMN 10 IJzerlaanbrug
657,Fietsbrug Ijzerlaanbrug,2022-08-30,05:00:00,57,31,26,FMN 10 IJzerlaanbrug
657,Fietsbrug Ijzerlaanbrug,2022-08-30,06:00:00,183,117,66,FMN 10 IJzerlaanbrug
657,Fietsbrug Ijzerlaanbrug,2022-08-30,07:00:00,386,286,100,FMN 10 IJzerlaanbrug
657,Fietsbrug Ijzerlaanbrug,2022-08-30,08:00:00,581,433,148,FMN 10 IJzerlaanbrug
657,Fietsbrug Ijzerlaanbrug,2022-08-30,09:00:00,224,140,84,FMN 10 IJzerlaanbrug
657,Fietsbrug Ijzerlaanbrug,2022-08-30,10:00:00,179,112,67,FMN 10 IJzerlaanbrug
657,Fietsbrug Ijzerlaanbrug,2022-08-30,11:00:00,181,112,69,FMN 10 IJzerlaanbrug
657,Fietsbrug Ijzerlaanbrug,2022-08-30,12:00:00,208,118,90,FMN 10 IJzerlaanbrug
657,Fietsbrug Ijzerlaanbrug,2022-08-30,13:00:00,212,106,106,FMN 10 IJzerlaanbrug
657,Fietsbrug Ijzerlaanbrug,2022-08-30,14:00:00,239,114,125,FMN 10 IJzerlaanbrug
657,Fietsbrug Ijzerlaanbrug,2022-08-30,15:00:00,324,136,188,FMN 10 IJzerlaanbrug
657,Fietsbrug Ijzerlaanbrug,2022-08-30,16:00:00,541,182,359,FMN 10 IJzerlaanbrug
657,Fietsbrug Ijzerlaanbrug,2022-08-30,17:00:00,532,136,396,FMN 10 IJzerlaanbrug
657,Fietsbrug Ijzerlaanbrug,2022-08-30,18:00:00,378,114,264,FMN 10 IJzerlaanbrug
657,Fietsbrug Ijzerlaanbrug,2022-08-30,19:00:00,223,92,131,FMN 10 IJzerlaanbrug
657,Fietsbrug Ijzerlaanbrug,2022-08-30,20:00:00,195,95,100,FMN 10 IJzerlaanbrug
657,Fietsbrug Ijzerlaanbrug,2022-08-30,21:00:00,123,61,62,FMN 10 IJzerlaanbrug
657,Fietsbrug Ijzerlaanbrug,2022-08-30,22:00:00,114,41,73,FMN 10 IJzerlaanbrug
657,Fietsbrug Ijzerlaanbrug,2022-08-30,23:00:00,68,17,51,FMN 10 IJzerlaanbrug
657,Fietsbrug Ijzerlaanbrug,2022-08-31,00:00:00,39,10,29,FMN 10 IJzerlaanbrug
657,Fietsbrug Ijzerlaanbrug,2022-08-31,01:00:00,17,3,14,FMN 10 IJzerlaanbrug
657,Fietsbrug Ijzerlaanbrug,2022-08-31,02:00:00,14,3,11,FMN 10 IJzerlaanbrug
657,Fietsbrug Ijzerlaanbrug,2022-08-31,03:00:00,11,4,7,FMN 10 IJzerlaanbrug
657,Fietsbrug Ijzerlaanbrug,2022-08-31,04:00:00,21,13,8,FMN 10 IJzerlaanbrug
657,Fietsbrug Ijzerlaanbrug,2022-08-31,05:00:00,60,30,30,FMN 10 IJzerlaanbrug
657,Fietsbrug Ijzerlaanbrug,2022-08-31,06:00:00,170,96,74,FMN 10 IJzerlaanbrug
657,Fietsbrug Ijzerlaanbrug,2022-08-31,07:00:00,316,228,88,FMN 10 IJzerlaanbrug
657,Fietsbrug Ijzerlaanbrug,2022-08-31,08:00:00,452,345,107,FMN 10 IJzerlaanbrug
657,Fietsbrug Ijzerlaanbrug,2022-08-31,09:00:00,238,170,68,FMN 10 IJzerlaanbrug
657,Fietsbrug Ijzerlaanbrug,2022-08-31,10:00:00,197,123,74,FMN 10 IJzerlaanbrug
657,Fietsbrug Ijzerlaanbrug,2022-08-31,11:00:00,179,108,71,FMN 10 IJzerlaanbrug
657,Fietsbrug Ijzerlaanbrug,2022-08-31,12:00:00,267,141,126,FMN 10 IJzerlaanbrug
657,Fietsbrug Ijzerlaanbrug,2022-08-31,13:00:00,246,119,127,FMN 10 IJzerlaanbrug
657,Fietsbrug Ijzerlaanbrug,2022-08-31,14:00:00,244,120,124,FMN 10 IJzerlaanbrug
657,Fietsbrug Ijzerlaanbrug,2022-08-31,15:00:00,336,133,203,FMN 10 IJzerlaanbrug
657,Fietsbrug Ijzerlaanbrug,2022-08-31,16:00:00,503,188,315,FMN 10 IJzerlaanbrug
657,Fietsbrug Ijzerlaanbrug,2022-08-31,17:00:00,517,153,364,FMN 10 IJzerlaanbrug
657,Fietsbrug Ijzerlaanbrug,2022-08-31,18:00:00,363,116,247,FMN 10 IJzerlaanbrug
657,Fietsbrug Ijzerlaanbrug,2022-08-31,19:00:00,221,118,103,FMN 10 IJzerlaanbrug
657,Fietsbrug Ijzerlaanbrug,2022-08-31,20:00:00,166,76,90,FMN 10 IJzerlaanbrug
657,Fietsbrug Ijzerlaanbrug,2022-08-31,21:00:00,110,38,72,FMN 10 IJzerlaanbrug
657,Fietsbrug Ijzerlaanbrug,2022-08-31,22:00:00,108,49,59,FMN 10 IJzerlaanbrug
657,Fietsbrug Ijzerlaanbrug,2022-08-31,23:00:00,66,15,51,FMN 10 IJzerlaanbrug
657,Fietsbrug Ijzerlaanbrug,2022-09-01,00:00:00,34,10,24,FMN 10 IJzerlaanbrug
657,Fietsbrug Ijzerlaanbrug,2022-09-01,01:00:00,20,4,16,FMN 10 IJzerlaanbrug
657,Fietsbrug Ijzerlaanbrug,2022-09-01,02:00:00,9,1,8,FMN 10 IJzerlaanbrug
657,Fietsbrug Ijzerlaanbrug,2022-09-01,03:00:00,13,3,10,FMN 10 IJzerlaanbrug
657,Fietsbrug Ijzerlaanbrug,2022-09-01,04:00:00,22,15,7,FMN 10 IJzerlaanbrug
657,Fietsbrug Ijzerlaanbrug,2022-09-01,05:00:00,57,31,26,FMN 10 IJzerlaanbrug
657,Fietsbrug Ijzerlaanbrug,2022-09-01,06:00:00,169,112,57,FMN 10 IJzerlaanbrug
657,Fietsbrug Ijzerlaanbrug,2022-09-01,07:00:00,498,342,156,FMN 10 IJzerlaanbrug
657,Fietsbrug Ijzerlaanbrug,2022-09-01,08:00:00,628,451,177,FMN 10 IJzerlaanbrug
657,Fietsbrug Ijzerlaanbrug,2022-09-01,09:00:00,324,219,105,FMN 10 IJzerlaanbrug
657,Fietsbrug Ijzerlaanbrug,2022-09-01,10:00:00,219,140,79,FMN 10 IJzerlaanbrug
657,Fietsbrug Ijzerlaanbrug,2022-09-01,11:00:00,177,97,80,FMN 10 IJzerlaanbrug
657,Fietsbrug Ijzerlaanbrug,2022-09-01,12:00:00,309,164,145,FMN 10 IJzerlaanbrug
657,Fietsbrug Ijzerlaanbrug,2022-09-01,13:00:00,262,136,126,FMN 10 IJzerlaanbrug
657,Fietsbrug Ijzerlaanbrug,2022-09-01,14:00:00,273,123,150,FMN 10 IJzerlaanbrug
657,Fietsbrug Ijzerlaanbrug,2022-09-01,15:00:00,403,171,232,FMN 10 IJzerlaanbrug
657,Fietsbrug Ijzerlaanbrug,2022-09-01,16:00:00,584,220,364,FMN 10 IJzerlaanbrug
657,Fietsbrug Ijzerlaanbrug,2022-09-01,17:00:00,544,144,400,FMN 10 IJzerlaanbrug
657,Fietsbrug Ijzerlaanbrug,2022-09-01,18:00:00,360,134,226,FMN 10 IJzerlaanbrug
657,Fietsbrug Ijzerlaanbrug,2022-09-01,19:00:00,205,81,124,FMN 10 IJzerlaanbrug
657,Fietsbrug Ijzerlaanbrug,2022-09-01,20:00:00,157,64,93,FMN 10 IJzerlaanbrug
657,Fietsbrug Ijzerlaanbrug,2022-09-01,21:00:00,123,52,71,FMN 10 IJzerlaanbrug
657,Fietsbrug Ijzerlaanbrug,2022-09-01,22:00:00,115,34,81,FMN 10 IJzerlaanbrug
657,Fietsbrug Ijzerlaanbrug,2022-09-01,23:00:00,63,22,41,FMN 10 IJzerlaanbrug
657,Fietsbrug Ijzerlaanbrug,2022-09-02,00:00:00,39,9,30,FMN 10 IJzerlaanbrug
657,Fietsbrug Ijzerlaanbrug,2022-09-02,01:00:00,19,9,10,FMN 10 IJzerlaanbrug
657,Fietsbrug Ijzerlaanbrug,2022-09-02,02:00:00,16,8,8,FMN 10 IJzerlaanbrug
657,Fietsbrug Ijzerlaanbrug,2022-09-02,03:00:00,9,5,4,FMN 10 IJzerlaanbrug
657,Fietsbrug Ijzerlaanbrug,2022-09-02,04:00:00,21,9,12,FMN 10 IJzerlaanbrug
657,Fietsbrug Ijzerlaanbrug,2022-09-02,05:00:00,61,31,30,FMN 10 IJzerlaanbrug
657,Fietsbrug Ijzerlaanbrug,2022-09-02,06:00:00,140,89,51,FMN 10 IJzerlaanbrug
657,Fietsbrug Ijzerlaanbrug,2022-09-02,07:00:00,491,313,178,FMN 10 IJzerlaanbrug
657,Fietsbrug Ijzerlaanbrug,2022-09-02,08:00:00,619,435,184,FMN 10 IJzerlaanbrug
657,Fietsbrug Ijzerlaanbrug,2022-09-02,09:00:00,227,162,65,FMN 10 IJzerlaanbrug
657,Fietsbrug Ijzerlaanbrug,2022-09-02,10:00:00,161,110,51,FMN 10 IJzerlaanbrug
657,Fietsbrug Ijzerlaanbrug,2022-09-02,11:00:00,173,93,80,FMN 10 IJzerlaanbrug
657,Fietsbrug Ijzerlaanbrug,2022-09-02,12:00:00,258,134,124,FMN 10 IJzerlaanbrug
657,Fietsbrug Ijzerlaanbrug,2022-09-02,13:00:00,228,124,104,FMN 10 IJzerlaanbrug
657,Fietsbrug Ijzerlaanbrug,2022-09-02,14:00:00,295,135,160,FMN 10 IJzerlaanbrug
657,Fietsbrug Ijzerlaanbrug,2022-09-02,15:00:00,472,215,257,FMN 10 IJzerlaanbrug
657,Fietsbrug Ijzerlaanbrug,2022-09-02,16:00:00,540,199,341,FMN 10 IJzerlaanbrug
657,Fietsbrug Ijzerlaanbrug,2022-09-02,17:00:00,485,180,305,FMN 10 IJzerlaanbrug
657,Fietsbrug Ijzerlaanbrug,2022-09-02,18:00:00,365,154,211,FMN 10 IJzerlaanbrug
657,Fietsbrug Ijzerlaanbrug,2022-09-02,19:00:00,275,142,133,FMN 10 IJzerlaanbrug
657,Fietsbrug Ijzerlaanbrug,2022-09-02,20:00:00,166,88,78,FMN 10 IJzerlaanbrug
657,Fietsbrug Ijzerlaanbrug,2022-09-02,21:00:00,152,65,87,FMN 10 IJzerlaanbrug
657,Fietsbrug Ijzerlaanbrug,2022-09-02,22:00:00,104,32,72,FMN 10 IJzerlaanbrug
657,Fietsbrug Ijzerlaanbrug,2022-09-02,23:00:00,103,36,67,FMN 10 IJzerlaanbrug
657,Fietsbrug Ijzerlaanbrug,2022-09-03,00:00:00,79,18,61,FMN 10 IJzerlaanbrug
657,Fietsbrug Ijzerlaanbrug,2022-09-03,01:00:00,63,20,43,FMN 10 IJzerlaanbrug
657,Fietsbrug Ijzerlaanbrug,2022-09-03,02:00:00,45,12,33,FMN 10 IJzerlaanbrug
657,Fietsbrug Ijzerlaanbrug,2022-09-03,03:00:00,37,12,25,FMN 10 IJzerlaanbrug
657,Fietsbrug Ijzerlaanbrug,2022-09-03,04:00:00,19,8,11,FMN 10 IJzerlaanbrug
657,Fietsbrug Ijzerlaanbrug,2022-09-03,05:00:00,23,5,18,FMN 10 IJzerlaanbrug
657,Fietsbrug Ijzerlaanbrug,2022-09-03,06:00:00,32,21,11,FMN 10 IJzerlaanbrug
657,Fietsbrug Ijzerlaanbrug,2022-09-03,07:00:00,39,23,16,FMN 10 IJzerlaanbrug
657,Fietsbrug Ijzerlaanbrug,2022-09-03,08:00:00,86,53,33,FMN 10 IJzerlaanbrug
657,Fietsbrug Ijzerlaanbrug,2022-09-03,09:00:00,129,98,31,FMN 10 IJzerlaanbrug
657,Fietsbrug Ijzerlaanbrug,2022-09-03,10:00:00,177,115,62,FMN 10 IJzerlaanbrug
657,Fietsbrug Ijzerlaanbrug,2022-09-03,11:00:00,195,112,83,FMN 10 IJzerlaanbrug
657,Fietsbrug Ijzerlaanbrug,2022-09-03,12:00:00,240,131,109,FMN 10 IJzerlaanbrug
657,Fietsbrug Ijzerlaanbrug,2022-09-03,13:00:00,322,174,148,FMN 10 IJzerlaanbrug
657,Fietsbrug Ijzerlaanbrug,2022-09-03,14:00:00,292,153,139,FMN 10 IJzerlaanbrug
657,Fietsbrug Ijzerlaanbrug,2022-09-03,15:00:00,241,121,120,FMN 10 IJzerlaanbrug
657,Fietsbrug Ijzerlaanbrug,2022-09-03,16:00:00,242,109,133,FMN 10 IJzerlaanbrug
657,Fietsbrug Ijzerlaanbrug,2022-09-03,17:00:00,246,103,143,FMN 10 IJzerlaanbrug
657,Fietsbrug Ijzerlaanbrug,2022-09-03,18:00:00,215,87,128,FMN 10 IJzerlaanbrug
657,Fietsbrug Ijzerlaanbrug,2022-09-03,19:00:00,175,74,101,FMN 10 IJzerlaanbrug
657,Fietsbrug Ijzerlaanbrug,2022-09-03,20:00:00,133,47,86,FMN 10 IJzerlaanbrug
657,Fietsbrug Ijzerlaanbrug,2022-09-03,21:00:00,84,42,42,FMN 10 IJzerlaanbrug
657,Fietsbrug Ijzerlaanbrug,2022-09-03,22:00:00,108,41,67,FMN 10 IJzerlaanbrug
657,Fietsbrug Ijzerlaanbrug,2022-09-03,23:00:00,86,32,54,FMN 10 IJzerlaanbrug
657,Fietsbrug Ijzerlaanbrug,2022-09-04,00:00:00,47,17,30,FMN 10 IJzerlaanbrug
657,Fietsbrug Ijzerlaanbrug,2022-09-04,01:00:00,39,12,27,FMN 10 IJzerlaanbrug
657,Fietsbrug Ijzerlaanbrug,2022-09-04,02:00:00,29,7,22,FMN 10 IJzerlaanbrug
657,Fietsbrug Ijzerlaanbrug,2022-09-04,03:00:00,25,12,13,FMN 10 IJzerlaanbrug
657,Fietsbrug Ijzerlaanbrug,2022-09-04,04:00:00,20,4,16,FMN 10 IJzerlaanbrug
657,Fietsbrug Ijzerlaanbrug,2022-09-04,05:00:00,26,13,13,FMN 10 IJzerlaanbrug
657,Fietsbrug Ijzerlaanbrug,2022-09-04,06:00:00,31,13,18,FMN 10 IJzerlaanbrug
657,Fietsbrug Ijzerlaanbrug,2022-09-04,07:00:00,50,24,26,FMN 10 IJzerlaanbrug
657,Fietsbrug Ijzerlaanbrug,2022-09-04,08:00:00,64,37,27,FMN 10 IJzerlaanbrug
657,Fietsbrug Ijzerlaanbrug,2022-09-04,09:00:00,153,89,64,FMN 10 IJzerlaanbrug
657,Fietsbrug Ijzerlaanbrug,2022-09-04,10:00:00,194,113,81,FMN 10 IJzerlaanbrug
657,Fietsbrug Ijzerlaanbrug,2022-09-04,11:00:00,250,159,91,FMN 10 IJzerlaanbrug
657,Fietsbrug Ijzerlaanbrug,2022-09-04,12:00:00,254,143,111,FMN 10 IJzerlaanbrug
657,Fietsbrug Ijzerlaanbrug,2022-09-04,13:00:00,298,154,144,FMN 10 IJzerlaanbrug
657,Fietsbrug Ijzerlaanbrug,2022-09-04,14:00:00,323,173,150,FMN 10 IJzerlaanbrug
657,Fietsbrug Ijzerlaanbrug,2022-09-04,15:00:00,250,145,105,FMN 10 IJzerlaanbrug
657,Fietsbrug Ijzerlaanbrug,2022-09-04,16:00:00,249,119,130,FMN 10 IJzerlaanbrug
657,Fietsbrug Ijzerlaanbrug,2022-09-04,17:00:00,262,95,167,FMN 10 IJzerlaanbrug
657,Fietsbrug Ijzerlaanbrug,2022-09-04,18:00:00,285,118,167,FMN 10 IJzerlaanbrug
657,Fietsbrug Ijzerlaanbrug,2022-09-04,19:00:00,200,101,99,FMN 10 IJzerlaanbrug
657,Fietsbrug Ijzerlaanbrug,2022-09-04,20:00:00,168,77,91,FMN 10 IJzerlaanbrug
657,Fietsbrug Ijzerlaanbrug,2022-09-04,21:00:00,145,44,101,FMN 10 IJzerlaanbrug
657,Fietsbrug Ijzerlaanbrug,2022-09-04,22:00:00,77,22,55,FMN 10 IJzerlaanbrug
657,Fietsbrug Ijzerlaanbrug,2022-09-04,23:00:00,44,18,26,FMN 10 IJzerlaanbrug
657,Fietsbrug Ijzerlaanbrug,2022-09-05,00:00:00,30,5,25,FMN 10 IJzerlaanbrug
657,Fietsbrug Ijzerlaanbrug,2022-09-05,01:00:00,21,6,15,FMN 10 IJzerlaanbrug
657,Fietsbrug Ijzerlaanbrug,2022-09-05,02:00:00,10,1,9,FMN 10 IJzerlaanbrug
657,Fietsbrug Ijzerlaanbrug,2022-09-05,03:00:00,7,4,3,FMN 10 IJzerlaanbrug
657,Fietsbrug Ijzerlaanbrug,2022-09-05,04:00:00,17,11,6,FMN 10 IJzerlaanbrug
657,Fietsbrug Ijzerlaanbrug,2022-09-05,05:00:00,43,29,14,FMN 10 IJzerlaanbrug
657,Fietsbrug Ijzerlaanbrug,2022-09-05,06:00:00,158,110,48,FMN 10 IJzerlaanbrug
657,Fietsbrug Ijzerlaanbrug,2022-09-05,07:00:00,554,382,172,FMN 10 IJzerlaanbrug
657,Fietsbrug Ijzerlaanbrug,2022-09-05,08:00:00,697,491,206,FMN 10 IJzerlaanbrug
657,Fietsbrug Ijzerlaanbrug,2022-09-05,09:00:00,221,155,66,FMN 10 IJzerlaanbrug
657,Fietsbrug Ijzerlaanbrug,2022-09-05,10:00:00,154,100,54,FMN 10 IJzerlaanbrug
657,Fietsbrug Ijzerlaanbrug,2022-09-05,11:00:00,174,98,76,FMN 10 IJzerlaanbrug
657,Fietsbrug Ijzerlaanbrug,2022-09-05,12:00:00,208,100,108,FMN 10 IJzerlaanbrug
657,Fietsbrug Ijzerlaanbrug,2022-09-05,13:00:00,193,103,90,FMN 10 IJzerlaanbrug
657,Fietsbrug Ijzerlaanbrug,2022-09-05,14:00:00,261,116,145,FMN 10 IJzerlaanbrug
657,Fietsbrug Ijzerlaanbrug,2022-09-05,15:00:00,402,156,246,FMN 10 IJzerlaanbrug
657,Fietsbrug Ijzerlaanbrug,2022-09-05,16:00:00,608,228,380,FMN 10 IJzerlaanbrug
657,Fietsbrug Ijzerlaanbrug,2022-09-05,17:00:00,569,149,420,FMN 10 IJzerlaanbrug
657,Fietsbrug Ijzerlaanbrug,2022-09-05,18:00:00,320,100,220,FMN 10 IJzerlaanbrug
657,Fietsbrug Ijzerlaanbrug,2022-09-05,19:00:00,157,57,100,FMN 10 IJzerlaanbrug
657,Fietsbrug Ijzerlaanbrug,2022-09-05,20:00:00,108,52,56,FMN 10 IJzerlaanbrug
657,Fietsbrug Ijzerlaanbrug,2022-09-05,21:00:00,80,34,46,FMN 10 IJzerlaanbrug
657,Fietsbrug Ijzerlaanbrug,2022-09-05,22:00:00,79,26,53,FMN 10 IJzerlaanbrug
657,Fietsbrug Ijzerlaanbrug,2022-09-05,23:00:00,36,14,22,FMN 10 IJzerlaanbrug
657,Fietsbrug Ijzerlaanbrug,2022-09-06,00:00:00,25,6,19,FMN 10 IJzerlaanbrug
657,Fietsbrug Ijzerlaanbrug,2022-09-06,01:00:00,12,4,8,FMN 10 IJzerlaanbrug
657,Fietsbrug Ijzerlaanbrug,2022-09-06,02:00:00,11,4,7,FMN 10 IJzerlaanbrug
657,Fietsbrug Ijzerlaanbrug,2022-09-06,03:00:00,7,4,3,FMN 10 IJzerlaanbrug
657,Fietsbrug Ijzerlaanbrug,2022-09-06,04:00:00,18,9,9,FMN 10 IJzerlaanbrug
657,Fietsbrug Ijzerlaanbrug,2022-09-06,05:00:00,47,28,19,FMN 10 IJzerlaanbrug
657,Fietsbrug Ijzerlaanbrug,2022-09-06,06:00:00,162,116,46,FMN 10 IJzerlaanbrug
657,Fietsbrug Ijzerlaanbrug,2022-09-06,07:00:00,545,388,157,FMN 10 IJzerlaanbrug
657,Fietsbrug Ijzerlaanbrug,2022-09-06,08:00:00,746,530,216,FMN 10 IJzerlaanbrug
657,Fietsbrug Ijzerlaanbrug,2022-09-06,09:00:00,228,147,81,FMN 10 IJzerlaanbrug
657,Fietsbrug Ijzerlaanbrug,2022-09-06,10:00:00,151,105,46,FMN 10 IJzerlaanbrug
657,Fietsbrug Ijzerlaanbrug,2022-09-06,11:00:00,163,87,76,FMN 10 IJzerlaanbrug
657,Fietsbrug Ijzerlaanbrug,2022-09-06,12:00:00,268,134,134,FMN 10 IJzerlaanbrug
657,Fietsbrug Ijzerlaanbrug,2022-09-06,13:00:00,242,132,110,FMN 10 IJzerlaanbrug
657,Fietsbrug Ijzerlaanbrug,2022-09-06,14:00:00,229,105,124,FMN 10 IJzerlaanbrug
657,Fietsbrug Ijzerlaanbrug,2022-09-06,15:00:00,417,182,235,FMN 10 IJzerlaanbrug
657,Fietsbrug Ijzerlaanbrug,2022-09-06,16:00:00,659,227,432,FMN 10 IJzerlaanbrug
657,Fietsbrug Ijzerlaanbrug,2022-09-06,17:00:00,600,157,443,FMN 10 IJzerlaanbrug
657,Fietsbrug Ijzerlaanbrug,2022-09-06,18:00:00,356,121,235,FMN 10 IJzerlaanbrug
657,Fietsbrug Ijzerlaanbrug,2022-09-06,19:00:00,179,62,117,FMN 10 IJzerlaanbrug
657,Fietsbrug Ijzerlaanbrug,2022-09-06,20:00:00,156,63,93,FMN 10 IJzerlaanbrug
657,Fietsbrug Ijzerlaanbrug,2022-09-06,21:00:00,98,38,60,FMN 10 IJzerlaanbrug
657,Fietsbrug Ijzerlaanbrug,2022-09-06,22:00:00,84,26,58,FMN 10 IJzerlaanbrug
657,Fietsbrug Ijzerlaanbrug,2022-09-06,23:00:00,34,7,27,FMN 10 IJzerlaanbrug
657,Fietsbrug Ijzerlaanbrug,2022-09-07,00:00:00,16,5,11,FMN 10 IJzerlaanbrug
657,Fietsbrug Ijzerlaanbrug,2022-09-07,01:00:00,22,4,18,FMN 10 IJzerlaanbrug
657,Fietsbrug Ijzerlaanbrug,2022-09-07,02:00:00,7,3,4,FMN 10 IJzerlaanbrug
657,Fietsbrug Ijzerlaanbrug,2022-09-07,03:00:00,14,6,8,FMN 10 IJzerlaanbrug
657,Fietsbrug Ijzerlaanbrug,2022-09-07,04:00:00,17,11,6,FMN 10 IJzerlaanbrug
657,Fietsbrug Ijzerlaanbrug,2022-09-07,05:00:00,67,40,27,FMN 10 IJzerlaanbrug
657,Fietsbrug Ijzerlaanbrug,2022-09-07,06:00:00,143,88,55,FMN 10 IJzerlaanbrug
657,Fietsbrug Ijzerlaanbrug,2022-09-07,07:00:00,448,302,146,FMN 10 IJzerlaanbrug
657,Fietsbrug Ijzerlaanbrug,2022-09-07,08:00:00,612,435,177,FMN 10 IJzerlaanbrug
657,Fietsbrug Ijzerlaanbrug,2022-09-07,09:00:00,259,184,75,FMN 10 IJzerlaanbrug
657,Fietsbrug Ijzerlaanbrug,2022-09-07,10:00:00,145,88,57,FMN 10 IJzerlaanbrug
657,Fietsbrug Ijzerlaanbrug,2022-09-07,11:00:00,198,102,96,FMN 10 IJzerlaanbrug
657,Fietsbrug Ijzerlaanbrug,2022-09-07,12:00:00,439,221,218,FMN 10 IJzerlaanbrug
657,Fietsbrug Ijzerlaanbrug,2022-09-07,13:00:00,293,131,162,FMN 10 IJzerlaanbrug
657,Fietsbrug Ijzerlaanbrug,2022-09-07,14:00:00,269,123,146,FMN 10 IJzerlaanbrug
657,Fietsbrug Ijzerlaanbrug,2022-09-07,15:00:00,277,105,172,FMN 10 IJzerlaanbrug
657,Fietsbrug Ijzerlaanbrug,2022-09-07,16:00:00,441,168,273,FMN 10 IJzerlaanbrug
657,Fietsbrug Ijzerlaanbrug,2022-09-07,17:00:00,524,176,348,FMN 10 IJzerlaanbrug
657,Fietsbrug Ijzerlaanbrug,2022-09-07,18:00:00,332,117,215,FMN 10 IJzerlaanbrug
657,Fietsbrug Ijzerlaanbrug,2022-09-07,19:00:00,208,85,123,FMN 10 IJzerlaanbrug
657,Fietsbrug Ijzerlaanbrug,2022-09-07,20:00:00,155,65,90,FMN 10 IJzerlaanbrug
657,Fietsbrug Ijzerlaanbrug,2022-09-07,21:00:00,105,38,67,FMN 10 IJzerlaanbrug
657,Fietsbrug Ijzerlaanbrug,2022-09-07,22:00:00,110,40,70,FMN 10 IJzerlaanbrug
657,Fietsbrug Ijzerlaanbrug,2022-09-07,23:00:00,48,18,30,FMN 10 IJzerlaanbrug
657,Fietsbrug Ijzerlaanbrug,2022-09-08,00:00:00,40,13,27,FMN 10 IJzerlaanbrug
657,Fietsbrug Ijzerlaanbrug,2022-09-08,01:00:00,27,6,21,FMN 10 IJzerlaanbrug
657,Fietsbrug Ijzerlaanbrug,2022-09-08,02:00:00,7,3,4,FMN 10 IJzerlaanbrug
657,Fietsbrug Ijzerlaanbrug,2022-09-08,03:00:00,13,10,3,FMN 10 IJzerlaanbrug
657,Fietsbrug Ijzerlaanbrug,2022-09-08,04:00:00,24,19,5,FMN 10 IJzerlaanbrug
657,Fietsbrug Ijzerlaanbrug,2022-09-08,05:00:00,47,35,12,FMN 10 IJzerlaanbrug
657,Fietsbrug Ijzerlaanbrug,2022-09-08,06:00:00,137,93,44,FMN 10 IJzerlaanbrug
657,Fietsbrug Ijzerlaanbrug,2022-09-08,07:00:00,440,291,149,FMN 10 IJzerlaanbrug
657,Fietsbrug Ijzerlaanbrug,2022-09-08,08:00:00,624,471,153,FMN 10 IJzerlaanbrug
657,Fietsbrug Ijzerlaanbrug,2022-09-08,09:00:00,214,142,72,FMN 10 IJzerlaanbrug
657,Fietsbrug Ijzerlaanbrug,2022-09-08,10:00:00,148,91,57,FMN 10 IJzerlaanbrug
657,Fietsbrug Ijzerlaanbrug,2022-09-08,11:00:00,126,66,60,FMN 10 IJzerlaanbrug
657,Fietsbrug Ijzerlaanbrug,2022-09-08,12:00:00,205,101,104,FMN 10 IJzerlaanbrug
657,Fietsbrug Ijzerlaanbrug,2022-09-08,13:00:00,176,87,89,FMN 10 IJzerlaanbrug
657,Fietsbrug Ijzerlaanbrug,2022-09-08,14:00:00,217,90,127,FMN 10 IJzerlaanbrug
657,Fietsbrug Ijzerlaanbrug,2022-09-08,15:00:00,341,150,191,FMN 10 IJzerlaanbrug
657,Fietsbrug Ijzerlaanbrug,2022-09-08,16:00:00,507,162,345,FMN 10 IJzerlaanbrug
657,Fietsbrug Ijzerlaanbrug,2022-09-08,17:00:00,478,124,354,FMN 10 IJzerlaanbrug
657,Fietsbrug Ijzerlaanbrug,2022-09-08,18:00:00,275,109,166,FMN 10 IJzerlaanbrug
657,Fietsbrug Ijzerlaanbrug,2022-09-08,19:00:00,145,51,94,FMN 10 IJzerlaanbrug
657,Fietsbrug Ijzerlaanbrug,2022-09-08,20:00:00,122,54,68,FMN 10 IJzerlaanbrug
657,Fietsbrug Ijzerlaanbrug,2022-09-08,21:00:00,89,36,53,FMN 10 IJzerlaanbrug
657,Fietsbrug Ijzerlaanbrug,2022-09-08,22:00:00,74,17,57,FMN 10 IJzerlaanbrug
657,Fietsbrug Ijzerlaanbrug,2022-09-08,23:00:00,41,18,23,FMN 10 IJzerlaanbrug
657,Fietsbrug Ijzerlaanbrug,2022-09-09,00:00:00,27,10,17,FMN 10 IJzerlaanbrug
657,Fietsbrug Ijzerlaanbrug,2022-09-09,01:00:00,20,2,18,FMN 10 IJzerlaanbrug
657,Fietsbrug Ijzerlaanbrug,2022-09-09,02:00:00,8,3,5,FMN 10 IJzerlaanbrug
657,Fietsbrug Ijzerlaanbrug,2022-09-09,03:00:00,13,8,5,FMN 10 IJzerlaanbrug
657,Fietsbrug Ijzerlaanbrug,2022-09-09,04:00:00,21,10,11,FMN 10 IJzerlaanbrug
657,Fietsbrug Ijzerlaanbrug,2022-09-09,05:00:00,52,31,21,FMN 10 IJzerlaanbrug
657,Fietsbrug Ijzerlaanbrug,2022-09-09,06:00:00,94,57,37,FMN 10 IJzerlaanbrug
657,Fietsbrug Ijzerlaanbrug,2022-09-09,07:00:00,376,261,115,FMN 10 IJzerlaanbrug
657,Fietsbrug Ijzerlaanbrug,2022-09-09,08:00:00,476,341,135,FMN 10 IJzerlaanbrug
657,Fietsbrug Ijzerlaanbrug,2022-09-09,09:00:00,188,131,57,FMN 10 IJzerlaanbrug
657,Fietsbrug Ijzerlaanbrug,2022-09-09,10:00:00,105,54,51,FMN 10 IJzerlaanbrug
657,Fietsbrug Ijzerlaanbrug,2022-09-09,11:00:00,99,57,42,FMN 10 IJzerlaanbrug
657,Fietsbrug Ijzerlaanbrug,2022-09-09,12:00:00,188,90,98,FMN 10 IJzerlaanbrug
657,Fietsbrug Ijzerlaanbrug,2022-09-09,13:00:00,126,62,64,FMN 10 IJzerlaanbrug
657,Fietsbrug Ijzerlaanbrug,2022-09-09,14:00:00,188,80,108,FMN 10 IJzerlaanbrug
657,Fietsbrug Ijzerlaanbrug,2022-09-09,15:00:00,302,126,176,FMN 10 IJzerlaanbrug
657,Fietsbrug Ijzerlaanbrug,2022-09-09,16:00:00,426,148,278,FMN 10 IJzerlaanbrug
657,Fietsbrug Ijzerlaanbrug,2022-09-09,17:00:00,299,73,226,FMN 10 IJzerlaanbrug
657,Fietsbrug Ijzerlaanbrug,2022-09-09,18:00:00,225,89,136,FMN 10 IJzerlaanbrug
657,Fietsbrug Ijzerlaanbrug,2022-09-09,19:00:00,161,82,79,FMN 10 IJzerlaanbrug
657,Fietsbrug Ijzerlaanbrug,2022-09-09,20:00:00,96,46,50,FMN 10 IJzerlaanbrug
657,Fietsbrug Ijzerlaanbrug,2022-09-09,21:00:00,79,42,37,FMN 10 IJzerlaanbrug
657,Fietsbrug Ijzerlaanbrug,2022-09-09,22:00:00,83,31,52,FMN 10 IJzerlaanbrug
657,Fietsbrug Ijzerlaanbrug,2022-09-09,23:00:00,76,33,43,FMN 10 IJzerlaanbrug
657,Fietsbrug Ijzerlaanbrug,2022-09-10,00:00:00,44,14,30,FMN 10 IJzerlaanbrug
657,Fietsbrug Ijzerlaanbrug,2022-09-10,01:00:00,47,18,29,FMN 10 IJzerlaanbrug
657,Fietsbrug Ijzerlaanbrug,2022-09-10,02:00:00,32,12,20,FMN 10 IJzerlaanbrug
657,Fietsbrug Ijzerlaanbrug,2022-09-10,03:00:00,26,6,20,FMN 10 IJzerlaanbrug
657,Fietsbrug Ijzerlaanbrug,2022-09-10,04:00:00,33,6,27,FMN 10 IJzerlaanbrug
657,Fietsbrug Ijzerlaanbrug,2022-09-10,05:00:00,12,5,7,FMN 10 IJzerlaanbrug
657,Fietsbrug Ijzerlaanbrug,2022-09-10,06:00:00,28,13,15,FMN 10 IJzerlaanbrug
657,Fietsbrug Ijzerlaanbrug,2022-09-10,07:00:00,25,9,16,FMN 10 IJzerlaanbrug
657,Fietsbrug Ijzerlaanbrug,2022-09-10,08:00:00,54,32,22,FMN 10 IJzerlaanbrug
657,Fietsbrug Ijzerlaanbrug,2022-09-10,09:00:00,80,47,33,FMN 10 IJzerlaanbrug
657,Fietsbrug Ijzerlaanbrug,2022-09-10,10:00:00,47,27,20,FMN 10 IJzerlaanbrug
657,Fietsbrug Ijzerlaanbrug,2022-09-10,11:00:00,48,29,19,FMN 10 IJzerlaanbrug
657,Fietsbrug Ijzerlaanbrug,2022-09-10,12:00:00,89,48,41,FMN 10 IJzerlaanbrug
657,Fietsbrug Ijzerlaanbrug,2022-09-10,13:00:00,70,31,39,FMN 10 IJzerlaanbrug
657,Fietsbrug Ijzerlaanbrug,2022-09-10,14:00:00,94,57,37,FMN 10 IJzerlaanbrug
657,Fietsbrug Ijzerlaanbrug,2022-09-10,15:00:00,126,65,61,FMN 10 IJzerlaanbrug
657,Fietsbrug Ijzerlaanbrug,2022-09-10,16:00:00,136,79,57,FMN 10 IJzerlaanbrug
657,Fietsbrug Ijzerlaanbrug,2022-09-10,17:00:00,140,63,77,FMN 10 IJzerlaanbrug
657,Fietsbrug Ijzerlaanbrug,2022-09-10,18:00:00,122,50,72,FMN 10 IJzerlaanbrug
657,Fietsbrug Ijzerlaanbrug,2022-09-10,19:00:00,134,65,69,FMN 10 IJzerlaanbrug
657,Fietsbrug Ijzerlaanbrug,2022-09-10,20:00:00,91,45,46,FMN 10 IJzerlaanbrug
657,Fietsbrug Ijzerlaanbrug,2022-09-10,21:00:00,64,22,42,FMN 10 IJzerlaanbrug
657,Fietsbrug Ijzerlaanbrug,2022-09-10,22:00:00,64,26,38,FMN 10 IJzerlaanbrug
657,Fietsbrug Ijzerlaanbrug,2022-09-10,23:00:00,48,10,38,FMN 10 IJzerlaanbrug
657,Fietsbrug Ijzerlaanbrug,2022-09-11,00:00:00,33,9,24,FMN 10 IJzerlaanbrug
657,Fietsbrug Ijzerlaanbrug,2022-09-11,01:00:00,39,16,23,FMN 10 IJzerlaanbrug
657,Fietsbrug Ijzerlaanbrug,2022-09-11,02:00:00,25,9,16,FMN 10 IJzerlaanbrug
657,Fietsbrug Ijzerlaanbrug,2022-09-11,03:00:00,22,5,17,FMN 10 IJzerlaanbrug
657,Fietsbrug Ijzerlaanbrug,2022-09-11,04:00:00,17,5,12,FMN 10 IJzerlaanbrug
657,Fietsbrug Ijzerlaanbrug,2022-09-11,05:00:00,14,6,8,FMN 10 IJzerlaanbrug
657,Fietsbrug Ijzerlaanbrug,2022-09-11,06:00:00,22,11,11,FMN 10 IJzerlaanbrug
657,Fietsbrug Ijzerlaanbrug,2022-09-11,07:00:00,36,21,15,FMN 10 IJzerlaanbrug
657,Fietsbrug Ijzerlaanbrug,2022-09-11,08:00:00,104,87,17,FMN 10 IJzerlaanbrug
657,Fietsbrug Ijzerlaanbrug,2022-09-11,09:00:00,181,126,55,FMN 10 IJzerlaanbrug
657,Fietsbrug Ijzerlaanbrug,2022-09-11,10:00:00,197,132,65,FMN 10 IJzerlaanbrug
657,Fietsbrug Ijzerlaanbrug,2022-09-11,11:00:00,234,125,109,FMN 10 IJzerlaanbrug
657,Fietsbrug Ijzerlaanbrug,2022-09-11,12:00:00,303,190,113,FMN 10 IJzerlaanbrug
657,Fietsbrug Ijzerlaanbrug,2022-09-11,13:00:00,341,223,118,FMN 10 IJzerlaanbrug
657,Fietsbrug Ijzerlaanbrug,2022-09-11,14:00:00,362,209,153,FMN 10 IJzerlaanbrug
657,Fietsbrug Ijzerlaanbrug,2022-09-11,15:00:00,279,131,148,FMN 10 IJzerlaanbrug
657,Fietsbrug Ijzerlaanbrug,2022-09-11,16:00:00,299,103,196,FMN 10 IJzerlaanbrug
657,Fietsbrug Ijzerlaanbrug,2022-09-11,17:00:00,281,93,188,FMN 10 IJzerlaanbrug
657,Fietsbrug Ijzerlaanbrug,2022-09-11,18:00:00,222,81,141,FMN 10 IJzerlaanbrug
657,Fietsbrug Ijzerlaanbrug,2022-09-11,19:00:00,201,68,133,FMN 10 IJzerlaanbrug
657,Fietsbrug Ijzerlaanbrug,2022-09-11,20:00:00,156,46,110,FMN 10 IJzerlaanbrug
657,Fietsbrug Ijzerlaanbrug,2022-09-11,21:00:00,100,37,63,FMN 10 IJzerlaanbrug
657,Fietsbrug Ijzerlaanbrug,2022-09-11,22:00:00,65,15,50,FMN 10 IJzerlaanbrug
657,Fietsbrug Ijzerlaanbrug,2022-09-11,23:00:00,32,10,22,FMN 10 IJzerlaanbrug
657,Fietsbrug Ijzerlaanbrug,2022-09-12,00:00:00,21,8,13,FMN 10 IJzerlaanbrug
657,Fietsbrug Ijzerlaanbrug,2022-09-12,01:00:00,10,1,9,FMN 10 IJzerlaanbrug
657,Fietsbrug Ijzerlaanbrug,2022-09-12,02:00:00,7,3,4,FMN 10 IJzerlaanbrug
657,Fietsbrug Ijzerlaanbrug,2022-09-12,03:00:00,7,3,4,FMN 10 IJzerlaanbrug
657,Fietsbrug Ijzerlaanbrug,2022-09-12,04:00:00,24,13,11,FMN 10 IJzerlaanbrug
657,Fietsbrug Ijzerlaanbrug,2022-09-12,05:00:00,55,31,24,FMN 10 IJzerlaanbrug
657,Fietsbrug Ijzerlaanbrug,2022-09-12,06:00:00,165,112,53,FMN 10 IJzerlaanbrug
657,Fietsbrug Ijzerlaanbrug,2022-09-12,07:00:00,482,336,146,FMN 10 IJzerlaanbrug
657,Fietsbrug Ijzerlaanbrug,2022-09-12,08:00:00,664,474,190,FMN 10 IJzerlaanbrug
657,Fietsbrug Ijzerlaanbrug,2022-09-12,09:00:00,229,167,62,FMN 10 IJzerlaanbrug
657,Fietsbrug Ijzerlaanbrug,2022-09-12,10:00:00,151,98,53,FMN 10 IJzerlaanbrug
657,Fietsbrug Ijzerlaanbrug,2022-09-12,11:00:00,210,138,72,FMN 10 IJzerlaanbrug
657,Fietsbrug Ijzerlaanbrug,2022-09-12,12:00:00,255,138,117,FMN 10 IJzerlaanbrug
657,Fietsbrug Ijzerlaanbrug,2022-09-12,13:00:00,215,102,113,FMN 10 IJzerlaanbrug
657,Fietsbrug Ijzerlaanbrug,2022-09-12,14:00:00,277,122,155,FMN 10 IJzerlaanbrug
657,Fietsbrug Ijzerlaanbrug,2022-09-12,15:00:00,453,200,253,FMN 10 IJzerlaanbrug
657,Fietsbrug Ijzerlaanbrug,2022-09-12,16:00:00,612,184,428,FMN 10 IJzerlaanbrug
657,Fietsbrug Ijzerlaanbrug,2022-09-12,17:00:00,601,188,413,FMN 10 IJzerlaanbrug
657,Fietsbrug Ijzerlaanbrug,2022-09-12,18:00:00,329,110,219,FMN 10 IJzerlaanbrug
657,Fietsbrug Ijzerlaanbrug,2022-09-12,19:00:00,248,97,151,FMN 10 IJzerlaanbrug
657,Fietsbrug Ijzerlaanbrug,2022-09-12,20:00:00,158,69,89,FMN 10 IJzerlaanbrug
657,Fietsbrug Ijzerlaanbrug,2022-09-12,21:00:00,112,49,63,FMN 10 IJzerlaanbrug
657,Fietsbrug Ijzerlaanbrug,2022-09-12,22:00:00,99,34,65,FMN 10 IJzerlaanbrug
657,Fietsbrug Ijzerlaanbrug,2022-09-12,23:00:00,36,10,26,FMN 10 IJzerlaanbrug
657,Fietsbrug Ijzerlaanbrug,2022-09-13,00:00:00,50,18,32,FMN 10 IJzerlaanbrug
657,Fietsbrug Ijzerlaanbrug,2022-09-13,01:00:00,14,2,12,FMN 10 IJzerlaanbrug
657,Fietsbrug Ijzerlaanbrug,2022-09-13,02:00:00,10,2,8,FMN 10 IJzerlaanbrug
657,Fietsbrug Ijzerlaanbrug,2022-09-13,03:00:00,13,5,8,FMN 10 IJzerlaanbrug
657,Fietsbrug Ijzerlaanbrug,2022-09-13,04:00:00,21,14,7,FMN 10 IJzerlaanbrug
657,Fietsbrug Ijzerlaanbrug,2022-09-13,05:00:00,60,36,24,FMN 10 IJzerlaanbrug
657,Fietsbrug Ijzerlaanbrug,2022-09-13,06:00:00,138,89,49,FMN 10 IJzerlaanbrug
657,Fietsbrug Ijzerlaanbrug,2022-09-13,07:00:00,490,346,144,FMN 10 IJzerlaanbrug
657,Fietsbrug Ijzerlaanbrug,2022-09-13,08:00:00,675,475,200,FMN 10 IJzerlaanbrug
657,Fietsbrug Ijzerlaanbrug,2022-09-13,09:00:00,240,160,80,FMN 10 IJzerlaanbrug
657,Fietsbrug Ijzerlaanbrug,2022-09-13,10:00:00,138,90,48,FMN 10 IJzerlaanbrug
657,Fietsbrug Ijzerlaanbrug,2022-09-13,11:00:00,170,98,72,FMN 10 IJzerlaanbrug
657,Fietsbrug Ijzerlaanbrug,2022-09-13,12:00:00,217,113,104,FMN 10 IJzerlaanbrug
657,Fietsbrug Ijzerlaanbrug,2022-09-13,13:00:00,215,103,112,FMN 10 IJzerlaanbrug
657,Fietsbrug Ijzerlaanbrug,2022-09-13,14:00:00,230,82,148,FMN 10 IJzerlaanbrug
657,Fietsbrug Ijzerlaanbrug,2022-09-13,15:00:00,413,174,239,FMN 10 IJzerlaanbrug
657,Fietsbrug Ijzerlaanbrug,2022-09-13,16:00:00,467,159,308,FMN 10 IJzerlaanbrug
657,Fietsbrug Ijzerlaanbrug,2022-09-13,17:00:00,467,102,365,FMN 10 IJzerlaanbrug
657,Fietsbrug Ijzerlaanbrug,2022-09-13,18:00:00,288,76,212,FMN 10 IJzerlaanbrug
657,Fietsbrug Ijzerlaanbrug,2022-09-13,19:00:00,151,64,87,FMN 10 IJzerlaanbrug
657,Fietsbrug Ijzerlaanbrug,2022-09-13,20:00:00,111,49,62,FMN 10 IJzerlaanbrug
657,Fietsbrug Ijzerlaanbrug,2022-09-13,21:00:00,97,35,62,FMN 10 IJzerlaanbrug
657,Fietsbrug Ijzerlaanbrug,2022-09-13,22:00:00,74,27,47,FMN 10 IJzerlaanbrug
657,Fietsbrug Ijzerlaanbrug,2022-09-13,23:00:00,44,12,32,FMN 10 IJzerlaanbrug
657,Fietsbrug Ijzerlaanbrug,2022-09-14,00:00:00,15,8,7,FMN 10 IJzerlaanbrug
657,Fietsbrug Ijzerlaanbrug,2022-09-14,01:00:00,13,1,12,FMN 10 IJzerlaanbrug
657,Fietsbrug Ijzerlaanbrug,2022-09-14,02:00:00,7,1,6,FMN 10 IJzerlaanbrug
657,Fietsbrug Ijzerlaanbrug,2022-09-14,03:00:00,7,5,2,FMN 10 IJzerlaanbrug
657,Fietsbrug Ijzerlaanbrug,2022-09-14,04:00:00,18,11,7,FMN 10 IJzerlaanbrug
657,Fietsbrug Ijzerlaanbrug,2022-09-14,05:00:00,42,26,16,FMN 10 IJzerlaanbrug
657,Fietsbrug Ijzerlaanbrug,2022-09-14,06:00:00,89,52,37,FMN 10 IJzerlaanbrug
657,Fietsbrug Ijzerlaanbrug,2022-09-14,07:00:00,276,179,97,FMN 10 IJzerlaanbrug
657,Fietsbrug Ijzerlaanbrug,2022-09-14,08:00:00,340,225,115,FMN 10 IJzerlaanbrug
657,Fietsbrug Ijzerlaanbrug,2022-09-14,09:00:00,112,73,39,FMN 10 IJzerlaanbrug
657,Fietsbrug Ijzerlaanbrug,2022-09-14,10:00:00,61,39,22,FMN 10 IJzerlaanbrug
657,Fietsbrug Ijzerlaanbrug,2022-09-14,11:00:00,71,37,34,FMN 10 IJzerlaanbrug
657,Fietsbrug Ijzerlaanbrug,2022-09-14,12:00:00,223,121,102,FMN 10 IJzerlaanbrug
657,Fietsbrug Ijzerlaanbrug,2022-09-14,13:00:00,95,37,58,FMN 10 IJzerlaanbrug
657,Fietsbrug Ijzerlaanbrug,2022-09-14,14:00:00,88,38,50,FMN 10 IJzerlaanbrug
657,Fietsbrug Ijzerlaanbrug,2022-09-14,15:00:00,126,62,64,FMN 10 IJzerlaanbrug
657,Fietsbrug Ijzerlaanbrug,2022-09-14,16:00:00,181,58,123,FMN 10 IJzerlaanbrug
657,Fietsbrug Ijzerlaanbrug,2022-09-14,17:00:00,245,70,175,FMN 10 IJzerlaanbrug
657,Fietsbrug Ijzerlaanbrug,2022-09-14,18:00:00,161,65,96,FMN 10 IJzerlaanbrug
657,Fietsbrug Ijzerlaanbrug,2022-09-14,19:00:00,102,54,48,FMN 10 IJzerlaanbrug
657,Fietsbrug Ijzerlaanbrug,2022-09-14,20:00:00,79,36,43,FMN 10 IJzerlaanbrug
657,Fietsbrug Ijzerlaanbrug,2022-09-14,21:00:00,60,25,35,FMN 10 IJzerlaanbrug
657,Fietsbrug Ijzerlaanbrug,2022-09-14,22:00:00,68,26,42,FMN 10 IJzerlaanbrug
657,Fietsbrug Ijzerlaanbrug,2022-09-14,23:00:00,53,11,42,FMN 10 IJzerlaanbrug
657,Fietsbrug Ijzerlaanbrug,2022-09-15,00:00:00,20,7,13,FMN 10 IJzerlaanbrug
657,Fietsbrug Ijzerlaanbrug,2022-09-15,01:00:00,19,8,11,FMN 10 IJzerlaanbrug
657,Fietsbrug Ijzerlaanbrug,2022-09-15,02:00:00,12,4,8,FMN 10 IJzerlaanbrug
657,Fietsbrug Ijzerlaanbrug,2022-09-15,03:00:00,3,2,1,FMN 10 IJzerlaanbrug
657,Fietsbrug Ijzerlaanbrug,2022-09-15,04:00:00,18,7,11,FMN 10 IJzerlaanbrug
657,Fietsbrug Ijzerlaanbrug,2022-09-15,05:00:00,47,24,23,FMN 10 IJzerlaanbrug
657,Fietsbrug Ijzerlaanbrug,2022-09-15,06:00:00,138,96,42,FMN 10 IJzerlaanbrug
657,Fietsbrug Ijzerlaanbrug,2022-09-15,07:00:00,416,288,128,FMN 10 IJzerlaanbrug
657,Fietsbrug Ijzerlaanbrug,2022-09-15,08:00:00,603,451,152,FMN 10 IJzerlaanbrug
657,Fietsbrug Ijzerlaanbrug,2022-09-15,09:00:00,179,125,54,FMN 10 IJzerlaanbrug
657,Fietsbrug Ijzerlaanbrug,2022-09-15,10:00:00,131,79,52,FMN 10 IJzerlaanbrug
657,Fietsbrug Ijzerlaanbrug,2022-09-15,11:00:00,122,83,39,FMN 10 IJzerlaanbrug
657,Fietsbrug Ijzerlaanbrug,2022-09-15,12:00:00,162,82,80,FMN 10 IJzerlaanbrug
657,Fietsbrug Ijzerlaanbrug,2022-09-15,13:00:00,143,72,71,FMN 10 IJzerlaanbrug
657,Fietsbrug Ijzerlaanbrug,2022-09-15,14:00:00,190,78,112,FMN 10 IJzerlaanbrug
657,Fietsbrug Ijzerlaanbrug,2022-09-15,15:00:00,336,151,185,FMN 10 IJzerlaanbrug
657,Fietsbrug Ijzerlaanbrug,2022-09-15,16:00:00,442,144,298,FMN 10 IJzerlaanbrug
657,Fietsbrug Ijzerlaanbrug,2022-09-15,17:00:00,494,140,354,FMN 10 IJzerlaanbrug
657,Fietsbrug Ijzerlaanbrug,2022-09-15,18:00:00,301,98,203,FMN 10 IJzerlaanbrug
657,Fietsbrug Ijzerlaanbrug,2022-09-15,19:00:00,179,70,109,FMN 10 IJzerlaanbrug
657,Fietsbrug Ijzerlaanbrug,2022-09-15,20:00:00,135,55,80,FMN 10 IJzerlaanbrug
657,Fietsbrug Ijzerlaanbrug,2022-09-15,21:00:00,90,32,58,FMN 10 IJzerlaanbrug
657,Fietsbrug Ijzerlaanbrug,2022-09-15,22:00:00,90,30,60,FMN 10 IJzerlaanbrug
657,Fietsbrug Ijzerlaanbrug,2022-09-15,23:00:00,66,25,41,FMN 10 IJzerlaanbrug
657,Fietsbrug Ijzerlaanbrug,2022-09-16,00:00:00,27,15,12,FMN 10 IJzerlaanbrug
657,Fietsbrug Ijzerlaanbrug,2022-09-16,01:00:00,20,5,15,FMN 10 IJzerlaanbrug
657,Fietsbrug Ijzerlaanbrug,2022-09-16,02:00:00,16,3,13,FMN 10 IJzerlaanbrug
657,Fietsbrug Ijzerlaanbrug,2022-09-16,03:00:00,10,6,4,FMN 10 IJzerlaanbrug
657,Fietsbrug Ijzerlaanbrug,2022-09-16,04:00:00,17,9,8,FMN 10 IJzerlaanbrug
657,Fietsbrug Ijzerlaanbrug,2022-09-16,05:00:00,43,22,21,FMN 10 IJzerlaanbrug
657,Fietsbrug Ijzerlaanbrug,2022-09-16,06:00:00,102,67,35,FMN 10 IJzerlaanbrug
657,Fietsbrug Ijzerlaanbrug,2022-09-16,07:00:00,309,209,100,FMN 10 IJzerlaanbrug
657,Fietsbrug Ijzerlaanbrug,2022-09-16,08:00:00,405,291,114,FMN 10 IJzerlaanbrug
657,Fietsbrug Ijzerlaanbrug,2022-09-16,09:00:00,129,93,36,FMN 10 IJzerlaanbrug
657,Fietsbrug Ijzerlaanbrug,2022-09-16,10:00:00,86,51,35,FMN 10 IJzerlaanbrug
657,Fietsbrug Ijzerlaanbrug,2022-09-16,11:00:00,90,41,49,FMN 10 IJzerlaanbrug
657,Fietsbrug Ijzerlaanbrug,2022-09-16,12:00:00,114,59,55,FMN 10 IJzerlaanbrug
657,Fietsbrug Ijzerlaanbrug,2022-09-16,13:00:00,118,48,70,FMN 10 IJzerlaanbrug
657,Fietsbrug Ijzerlaanbrug,2022-09-16,14:00:00,132,52,80,FMN 10 IJzerlaanbrug
657,Fietsbrug Ijzerlaanbrug,2022-09-16,15:00:00,290,126,164,FMN 10 IJzerlaanbrug
657,Fietsbrug Ijzerlaanbrug,2022-09-16,16:00:00,326,123,203,FMN 10 IJzerlaanbrug
657,Fietsbrug Ijzerlaanbrug,2022-09-16,17:00:00,270,74,196,FMN 10 IJzerlaanbrug
657,Fietsbrug Ijzerlaanbrug,2022-09-16,18:00:00,163,74,89,FMN 10 IJzerlaanbrug
657,Fietsbrug Ijzerlaanbrug,2022-09-16,19:00:00,107,39,68,FMN 10 IJzerlaanbrug
657,Fietsbrug Ijzerlaanbrug,2022-09-16,20:00:00,67,28,39,FMN 10 IJzerlaanbrug
657,Fietsbrug Ijzerlaanbrug,2022-09-16,21:00:00,52,27,25,FMN 10 IJzerlaanbrug
657,Fietsbrug Ijzerlaanbrug,2022-09-16,22:00:00,46,17,29,FMN 10 IJzerlaanbrug
657,Fietsbrug Ijzerlaanbrug,2022-09-16,23:00:00,47,12,35,FMN 10 IJzerlaanbrug
657,Fietsbrug Ijzerlaanbrug,2022-09-17,00:00:00,50,18,32,FMN 10 IJzerlaanbrug
657,Fietsbrug Ijzerlaanbrug,2022-09-17,01:00:00,27,7,20,FMN 10 IJzerlaanbrug
657,Fietsbrug Ijzerlaanbrug,2022-09-17,02:00:00,30,6,24,FMN 10 IJzerlaanbrug
657,Fietsbrug Ijzerlaanbrug,2022-09-17,03:00:00,18,7,11,FMN 10 IJzerlaanbrug
657,Fietsbrug Ijzerlaanbrug,2022-09-17,04:00:00,17,4,13,FMN 10 IJzerlaanbrug
657,Fietsbrug Ijzerlaanbrug,2022-09-17,05:00:00,17,9,8,FMN 10 IJzerlaanbrug
657,Fietsbrug Ijzerlaanbrug,2022-09-17,06:00:00,15,7,8,FMN 10 IJzerlaanbrug
657,Fietsbrug Ijzerlaanbrug,2022-09-17,07:00:00,25,8,17,FMN 10 IJzerlaanbrug
657,Fietsbrug Ijzerlaanbrug,2022-09-17,08:00:00,50,32,18,FMN 10 IJzerlaanbrug
657,Fietsbrug Ijzerlaanbrug,2022-09-17,09:00:00,76,50,26,FMN 10 IJzerlaanbrug
657,Fietsbrug Ijzerlaanbrug,2022-09-17,10:00:00,91,60,31,FMN 10 IJzerlaanbrug
657,Fietsbrug Ijzerlaanbrug,2022-09-17,11:00:00,95,55,40,FMN 10 IJzerlaanbrug
657,Fietsbrug Ijzerlaanbrug,2022-09-17,12:00:00,112,68,44,FMN 10 IJzerlaanbrug
657,Fietsbrug Ijzerlaanbrug,2022-09-17,13:00:00,108,52,56,FMN 10 IJzerlaanbrug
657,Fietsbrug Ijzerlaanbrug,2022-09-17,14:00:00,111,67,44,FMN 10 IJzerlaanbrug
657,Fietsbrug Ijzerlaanbrug,2022-09-17,15:00:00,92,36,56,FMN 10 IJzerlaanbrug
657,Fietsbrug Ijzerlaanbrug,2022-09-17,16:00:00,106,49,57,FMN 10 IJzerlaanbrug
657,Fietsbrug Ijzerlaanbrug,2022-09-17,17:00:00,127,71,56,FMN 10 IJzerlaanbrug
657,Fietsbrug Ijzerlaanbrug,2022-09-17,18:00:00,121,55,66,FMN 10 IJzerlaanbrug
657,Fietsbrug Ijzerlaanbrug,2022-09-17,19:00:00,71,27,44,FMN 10 IJzerlaanbrug
657,Fietsbrug Ijzerlaanbrug,2022-09-17,20:00:00,61,30,31,FMN 10 IJzerlaanbrug
657,Fietsbrug Ijzerlaanbrug,2022-09-17,21:00:00,31,4,27,FMN 10 IJzerlaanbrug
657,Fietsbrug Ijzerlaanbrug,2022-09-17,22:00:00,45,16,29,FMN 10 IJzerlaanbrug
657,Fietsbrug Ijzerlaanbrug,2022-09-17,23:00:00,53,15,38,FMN 10 IJzerlaanbrug
657,Fietsbrug Ijzerlaanbrug,2022-09-18,00:00:00,24,8,16,FMN 10 IJzerlaanbrug
657,Fietsbrug Ijzerlaanbrug,2022-09-18,01:00:00,19,3,16,FMN 10 IJzerlaanbrug
657,Fietsbrug Ijzerlaanbrug,2022-09-18,02:00:00,25,6,19,FMN 10 IJzerlaanbrug
657,Fietsbrug Ijzerlaanbrug,2022-09-18,03:00:00,10,2,8,FMN 10 IJzerlaanbrug
657,Fietsbrug Ijzerlaanbrug,2022-09-18,04:00:00,12,4,8,FMN 10 IJzerlaanbrug
657,Fietsbrug Ijzerlaanbrug,2022-09-18,05:00:00,10,5,5,FMN 10 IJzerlaanbrug
657,Fietsbrug Ijzerlaanbrug,2022-09-18,06:00:00,13,5,8,FMN 10 IJzerlaanbrug
657,Fietsbrug Ijzerlaanbrug,2022-09-18,07:00:00,18,6,12,FMN 10 IJzerlaanbrug
657,Fietsbrug Ijzerlaanbrug,2022-09-18,08:00:00,25,14,11,FMN 10 IJzerlaanbrug
657,Fietsbrug Ijzerlaanbrug,2022-09-18,09:00:00,56,25,31,FMN 10 IJzerlaanbrug
657,Fietsbrug Ijzerlaanbrug,2022-09-18,10:00:00,83,56,27,FMN 10 IJzerlaanbrug
657,Fietsbrug Ijzerlaanbrug,2022-09-18,11:00:00,102,59,43,FMN 10 IJzerlaanbrug
657,Fietsbrug Ijzerlaanbrug,2022-09-18,12:00:00,73,44,29,FMN 10 IJzerlaanbrug
657,Fietsbrug Ijzerlaanbrug,2022-09-18,13:00:00,102,60,42,FMN 10 IJzerlaanbrug
657,Fietsbrug Ijzerlaanbrug,2022-09-18,14:00:00,142,78,64,FMN 10 IJzerlaanbrug
657,Fietsbrug Ijzerlaanbrug,2022-09-18,15:00:00,108,60,48,FMN 10 IJzerlaanbrug
657,Fietsbrug Ijzerlaanbrug,2022-09-18,16:00:00,141,96,45,FMN 10 IJzerlaanbrug
657,Fietsbrug Ijzerlaanbrug,2022-09-18,17:00:00,107,43,64,FMN 10 IJzerlaanbrug
657,Fietsbrug Ijzerlaanbrug,2022-09-18,18:00:00,68,33,35,FMN 10 IJzerlaanbrug
657,Fietsbrug Ijzerlaanbrug,2022-09-18,19:00:00,65,22,43,FMN 10 IJzerlaanbrug
657,Fietsbrug Ijzerlaanbrug,2022-09-18,20:00:00,34,11,23,FMN 10 IJzerlaanbrug
657,Fietsbrug Ijzerlaanbrug,2022-09-18,21:00:00,29,15,14,FMN 10 IJzerlaanbrug
657,Fietsbrug Ijzerlaanbrug,2022-09-18,22:00:00,36,18,18,FMN 10 IJzerlaanbrug
657,Fietsbrug Ijzerlaanbrug,2022-09-18,23:00:00,16,6,10,FMN 10 IJzerlaanbrug
657,Fietsbrug Ijzerlaanbrug,2022-09-19,00:00:00,11,2,9,FMN 10 IJzerlaanbrug
657,Fietsbrug Ijzerlaanbrug,2022-09-19,01:00:00,8,1,7,FMN 10 IJzerlaanbrug
657,Fietsbrug Ijzerlaanbrug,2022-09-19,02:00:00,7,1,6,FMN 10 IJzerlaanbrug
657,Fietsbrug Ijzerlaanbrug,2022-09-19,03:00:00,11,5,6,FMN 10 IJzerlaanbrug
657,Fietsbrug Ijzerlaanbrug,2022-09-19,04:00:00,22,17,5,FMN 10 IJzerlaanbrug
657,Fietsbrug Ijzerlaanbrug,2022-09-19,05:00:00,50,32,18,FMN 10 IJzerlaanbrug
657,Fietsbrug Ijzerlaanbrug,2022-09-19,06:00:00,125,85,40,FMN 10 IJzerlaanbrug
657,Fietsbrug Ijzerlaanbrug,2022-09-19,07:00:00,443,328,115,FMN 10 IJzerlaanbrug
657,Fietsbrug Ijzerlaanbrug,2022-09-19,08:00:00,646,482,164,FMN 10 IJzerlaanbrug
657,Fietsbrug Ijzerlaanbrug,2022-09-19,09:00:00,223,159,64,FMN 10 IJzerlaanbrug
657,Fietsbrug Ijzerlaanbrug,2022-09-19,10:00:00,140,95,45,FMN 10 IJzerlaanbrug
657,Fietsbrug Ijzerlaanbrug,2022-09-19,11:00:00,135,70,65,FMN 10 IJzerlaanbrug
657,Fietsbrug Ijzerlaanbrug,2022-09-19,12:00:00,192,101,91,FMN 10 IJzerlaanbrug
657,Fietsbrug Ijzerlaanbrug,2022-09-19,13:00:00,192,93,99,FMN 10 IJzerlaanbrug
657,Fietsbrug Ijzerlaanbrug,2022-09-19,14:00:00,182,79,103,FMN 10 IJzerlaanbrug
657,Fietsbrug Ijzerlaanbrug,2022-09-19,15:00:00,360,147,213,FMN 10 IJzerlaanbrug
657,Fietsbrug Ijzerlaanbrug,2022-09-19,16:00:00,518,153,365,FMN 10 IJzerlaanbrug
657,Fietsbrug Ijzerlaanbrug,2022-09-19,17:00:00,558,146,412,FMN 10 IJzerlaanbrug
657,Fietsbrug Ijzerlaanbrug,2022-09-19,18:00:00,281,97,184,FMN 10 IJzerlaanbrug
657,Fietsbrug Ijzerlaanbrug,2022-09-19,19:00:00,174,73,101,FMN 10 IJzerlaanbrug
657,Fietsbrug Ijzerlaanbrug,2022-09-19,20:00:00,106,43,63,FMN 10 IJzerlaanbrug
657,Fietsbrug Ijzerlaanbrug,2022-09-19,21:00:00,84,27,57,FMN 10 IJzerlaanbrug
657,Fietsbrug Ijzerlaanbrug,2022-09-19,22:00:00,70,27,43,FMN 10 IJzerlaanbrug
657,Fietsbrug Ijzerlaanbrug,2022-09-19,23:00:00,39,11,28,FMN 10 IJzerlaanbrug
657,Fietsbrug Ijzerlaanbrug,2022-09-20,00:00:00,16,6,10,FMN 10 IJzerlaanbrug
657,Fietsbrug Ijzerlaanbrug,2022-09-20,01:00:00,17,2,15,FMN 10 IJzerlaanbrug
657,Fietsbrug Ijzerlaanbrug,2022-09-20,02:00:00,5,1,4,FMN 10 IJzerlaanbrug
657,Fietsbrug Ijzerlaanbrug,2022-09-20,03:00:00,5,3,2,FMN 10 IJzerlaanbrug
657,Fietsbrug Ijzerlaanbrug,2022-09-20,04:00:00,26,17,9,FMN 10 IJzerlaanbrug
657,Fietsbrug Ijzerlaanbrug,2022-09-20,05:00:00,45,28,17,FMN 10 IJzerlaanbrug
657,Fietsbrug Ijzerlaanbrug,2022-09-20,06:00:00,154,103,51,FMN 10 IJzerlaanbrug
657,Fietsbrug Ijzerlaanbrug,2022-09-20,07:00:00,477,351,126,FMN 10 IJzerlaanbrug
657,Fietsbrug Ijzerlaanbrug,2022-09-20,08:00:00,702,524,178,FMN 10 IJzerlaanbrug
657,Fietsbrug Ijzerlaanbrug,2022-09-20,09:00:00,234,170,64,FMN 10 IJzerlaanbrug
657,Fietsbrug Ijzerlaanbrug,2022-09-20,10:00:00,141,79,62,FMN 10 IJzerlaanbrug
657,Fietsbrug Ijzerlaanbrug,2022-09-20,11:00:00,130,70,60,FMN 10 IJzerlaanbrug
657,Fietsbrug Ijzerlaanbrug,2022-09-20,12:00:00,253,104,149,FMN 10 IJzerlaanbrug
657,Fietsbrug Ijzerlaanbrug,2022-09-20,13:00:00,212,85,127,FMN 10 IJzerlaanbrug
657,Fietsbrug Ijzerlaanbrug,2022-09-20,14:00:00,230,103,127,FMN 10 IJzerlaanbrug
657,Fietsbrug Ijzerlaanbrug,2022-09-20,15:00:00,439,182,257,FMN 10 IJzerlaanbrug
657,Fietsbrug Ijzerlaanbrug,2022-09-20,16:00:00,523,185,338,FMN 10 IJzerlaanbrug
657,Fietsbrug Ijzerlaanbrug,2022-09-20,17:00:00,569,139,430,FMN 10 IJzerlaanbrug
657,Fietsbrug Ijzerlaanbrug,2022-09-20,18:00:00,358,110,248,FMN 10 IJzerlaanbrug
657,Fietsbrug Ijzerlaanbrug,2022-09-20,19:00:00,167,65,102,FMN 10 IJzerlaanbrug
657,Fietsbrug Ijzerlaanbrug,2022-09-20,20:00:00,151,72,79,FMN 10 IJzerlaanbrug
657,Fietsbrug Ijzerlaanbrug,2022-09-20,21:00:00,99,47,52,FMN 10 IJzerlaanbrug
657,Fietsbrug Ijzerlaanbrug,2022-09-20,22:00:00,108,30,78,FMN 10 IJzerlaanbrug
657,Fietsbrug Ijzerlaanbrug,2022-09-20,23:00:00,63,15,48,FMN 10 IJzerlaanbrug
657,Fietsbrug Ijzerlaanbrug,2022-09-21,00:00:00,17,5,12,FMN 10 IJzerlaanbrug
657,Fietsbrug Ijzerlaanbrug,2022-09-21,01:00:00,13,3,10,FMN 10 IJzerlaanbrug
657,Fietsbrug Ijzerlaanbrug,2022-09-21,02:00:00,7,1,6,FMN 10 IJzerlaanbrug
657,Fietsbrug Ijzerlaanbrug,2022-09-21,03:00:00,7,2,5,FMN 10 IJzerlaanbrug
657,Fietsbrug Ijzerlaanbrug,2022-09-21,04:00:00,18,12,6,FMN 10 IJzerlaanbrug
657,Fietsbrug Ijzerlaanbrug,2022-09-21,05:00:00,46,24,22,FMN 10 IJzerlaanbrug
657,Fietsbrug Ijzerlaanbrug,2022-09-21,06:00:00,137,93,44,FMN 10 IJzerlaanbrug
657,Fietsbrug Ijzerlaanbrug,2022-09-21,07:00:00,464,337,127,FMN 10 IJzerlaanbrug
657,Fietsbrug Ijzerlaanbrug,2022-09-21,08:00:00,653,488,165,FMN 10 IJzerlaanbrug
657,Fietsbrug Ijzerlaanbrug,2022-09-21,09:00:00,223,167,56,FMN 10 IJzerlaanbrug
657,Fietsbrug Ijzerlaanbrug,2022-09-21,10:00:00,170,110,60,FMN 10 IJzerlaanbrug
657,Fietsbrug Ijzerlaanbrug,2022-09-21,11:00:00,185,100,85,FMN 10 IJzerlaanbrug
657,Fietsbrug Ijzerlaanbrug,2022-09-21,12:00:00,443,216,227,FMN 10 IJzerlaanbrug
657,Fietsbrug Ijzerlaanbrug,2022-09-21,13:00:00,299,133,166,FMN 10 IJzerlaanbrug
657,Fietsbrug Ijzerlaanbrug,2022-09-21,14:00:00,310,141,169,FMN 10 IJzerlaanbrug
657,Fietsbrug Ijzerlaanbrug,2022-09-21,15:00:00,316,119,197,FMN 10 IJzerlaanbrug
657,Fietsbrug Ijzerlaanbrug,2022-09-21,16:00:00,469,157,312,FMN 10 IJzerlaanbrug
657,Fietsbrug Ijzerlaanbrug,2022-09-21,17:00:00,542,160,382,FMN 10 IJzerlaanbrug
657,Fietsbrug Ijzerlaanbrug,2022-09-21,18:00:00,339,126,213,FMN 10 IJzerlaanbrug
657,Fietsbrug Ijzerlaanbrug,2022-09-21,19:00:00,209,91,118,FMN 10 IJzerlaanbrug
657,Fietsbrug Ijzerlaanbrug,2022-09-21,20:00:00,135,53,82,FMN 10 IJzerlaanbrug
657,Fietsbrug Ijzerlaanbrug,2022-09-21,21:00:00,107,39,68,FMN 10 IJzerlaanbrug
657,Fietsbrug Ijzerlaanbrug,2022-09-21,22:00:00,121,39,82,FMN 10 IJzerlaanbrug
657,Fietsbrug Ijzerlaanbrug,2022-09-21,23:00:00,57,7,50,FMN 10 IJzerlaanbrug
657,Fietsbrug Ijzerlaanbrug,2022-09-22,00:00:00,37,10,27,FMN 10 IJzerlaanbrug
657,Fietsbrug Ijzerlaanbrug,2022-09-22,01:00:00,11,2,9,FMN 10 IJzerlaanbrug
657,Fietsbrug Ijzerlaanbrug,2022-09-22,02:00:00,20,4,16,FMN 10 IJzerlaanbrug
657,Fietsbrug Ijzerlaanbrug,2022-09-22,03:00:00,6,3,3,FMN 10 IJzerlaanbrug
657,Fietsbrug Ijzerlaanbrug,2022-09-22,04:00:00,25,14,11,FMN 10 IJzerlaanbrug
657,Fietsbrug Ijzerlaanbrug,2022-09-22,05:00:00,47,29,18,FMN 10 IJzerlaanbrug
657,Fietsbrug Ijzerlaanbrug,2022-09-22,06:00:00,138,94,44,FMN 10 IJzerlaanbrug
657,Fietsbrug Ijzerlaanbrug,2022-09-22,07:00:00,440,307,133,FMN 10 IJzerlaanbrug
657,Fietsbrug Ijzerlaanbrug,2022-09-22,08:00:00,712,511,201,FMN 10 IJzerlaanbrug
657,Fietsbrug Ijzerlaanbrug,2022-09-22,09:00:00,241,172,69,FMN 10 IJzerlaanbrug
657,Fietsbrug Ijzerlaanbrug,2022-09-22,10:00:00,164,120,44,FMN 10 IJzerlaanbrug
657,Fietsbrug Ijzerlaanbrug,2022-09-22,11:00:00,146,78,68,FMN 10 IJzerlaanbrug
657,Fietsbrug Ijzerlaanbrug,2022-09-22,12:00:00,248,154,94,FMN 10 IJzerlaanbrug
657,Fietsbrug Ijzerlaanbrug,2022-09-22,13:00:00,232,134,98,FMN 10 IJzerlaanbrug
657,Fietsbrug Ijzerlaanbrug,2022-09-22,14:00:00,274,119,155,FMN 10 IJzerlaanbrug
657,Fietsbrug Ijzerlaanbrug,2022-09-22,15:00:00,471,178,293,FMN 10 IJzerlaanbrug
657,Fietsbrug Ijzerlaanbrug,2022-09-22,16:00:00,590,202,388,FMN 10 IJzerlaanbrug
657,Fietsbrug Ijzerlaanbrug,2022-09-22,17:00:00,563,145,418,FMN 10 IJzerlaanbrug
657,Fietsbrug Ijzerlaanbrug,2022-09-22,18:00:00,339,115,224,FMN 10 IJzerlaanbrug
657,Fietsbrug Ijzerlaanbrug,2022-09-22,19:00:00,212,95,117,FMN 10 IJzerlaanbrug
657,Fietsbrug Ijzerlaanbrug,2022-09-22,20:00:00,123,44,79,FMN 10 IJzerlaanbrug
657,Fietsbrug Ijzerlaanbrug,2022-09-22,21:00:00,103,41,62,FMN 10 IJzerlaanbrug
657,Fietsbrug Ijzerlaanbrug,2022-09-22,22:00:00,92,29,63,FMN 10 IJzerlaanbrug
657,Fietsbrug Ijzerlaanbrug,2022-09-22,23:00:00,76,28,48,FMN 10 IJzerlaanbrug
657,Fietsbrug Ijzerlaanbrug,2022-09-23,00:00:00,41,16,25,FMN 10 IJzerlaanbrug
657,Fietsbrug Ijzerlaanbrug,2022-09-23,01:00:00,26,8,18,FMN 10 IJzerlaanbrug
657,Fietsbrug Ijzerlaanbrug,2022-09-23,02:00:00,7,2,5,FMN 10 IJzerlaanbrug
657,Fietsbrug Ijzerlaanbrug,2022-09-23,03:00:00,17,9,8,FMN 10 IJzerlaanbrug
657,Fietsbrug Ijzerlaanbrug,2022-09-23,04:00:00,22,9,13,FMN 10 IJzerlaanbrug
657,Fietsbrug Ijzerlaanbrug,2022-09-23,05:00:00,52,28,24,FMN 10 IJzerlaanbrug
657,Fietsbrug Ijzerlaanbrug,2022-09-23,06:00:00,116,80,36,FMN 10 IJzerlaanbrug
657,Fietsbrug Ijzerlaanbrug,2022-09-23,07:00:00,389,263,126,FMN 10 IJzerlaanbrug
657,Fietsbrug Ijzerlaanbrug,2022-09-23,08:00:00,541,415,126,FMN 10 IJzerlaanbrug
657,Fietsbrug Ijzerlaanbrug,2022-09-23,09:00:00,211,159,52,FMN 10 IJzerlaanbrug
657,Fietsbrug Ijzerlaanbrug,2022-09-23,10:00:00,168,107,61,FMN 10 IJzerlaanbrug
657,Fietsbrug Ijzerlaanbrug,2022-09-23,11:00:00,173,93,80,FMN 10 IJzerlaanbrug
657,Fietsbrug Ijzerlaanbrug,2022-09-23,12:00:00,202,95,107,FMN 10 IJzerlaanbrug
657,Fietsbrug Ijzerlaanbrug,2022-09-23,13:00:00,178,90,88,FMN 10 IJzerlaanbrug
657,Fietsbrug Ijzerlaanbrug,2022-09-23,14:00:00,261,102,159,FMN 10 IJzerlaanbrug
657,Fietsbrug Ijzerlaanbrug,2022-09-23,15:00:00,385,157,228,FMN 10 IJzerlaanbrug
657,Fietsbrug Ijzerlaanbrug,2022-09-23,16:00:00,454,145,309,FMN 10 IJzerlaanbrug
657,Fietsbrug Ijzerlaanbrug,2022-09-23,17:00:00,410,122,288,FMN 10 IJzerlaanbrug
657,Fietsbrug Ijzerlaanbrug,2022-09-23,18:00:00,241,85,156,FMN 10 IJzerlaanbrug
657,Fietsbrug Ijzerlaanbrug,2022-09-23,19:00:00,160,68,92,FMN 10 IJzerlaanbrug
657,Fietsbrug Ijzerlaanbrug,2022-09-23,20:00:00,113,57,56,FMN 10 IJzerlaanbrug
657,Fietsbrug Ijzerlaanbrug,2022-09-23,21:00:00,70,32,38,FMN 10 IJzerlaanbrug
657,Fietsbrug Ijzerlaanbrug,2022-09-23,22:00:00,74,28,46,FMN 10 IJzerlaanbrug
657,Fietsbrug Ijzerlaanbrug,2022-09-23,23:00:00,63,17,46,FMN 10 IJzerlaanbrug
657,Fietsbrug Ijzerlaanbrug,2022-09-24,00:00:00,42,14,28,FMN 10 IJzerlaanbrug
657,Fietsbrug Ijzerlaanbrug,2022-09-24,01:00:00,38,11,27,FMN 10 IJzerlaanbrug
657,Fietsbrug Ijzerlaanbrug,2022-09-24,02:00:00,35,14,21,FMN 10 IJzerlaanbrug
657,Fietsbrug Ijzerlaanbrug,2022-09-24,03:00:00,27,7,20,FMN 10 IJzerlaanbrug
657,Fietsbrug Ijzerlaanbrug,2022-09-24,04:00:00,19,3,16,FMN 10 IJzerlaanbrug
657,Fietsbrug Ijzerlaanbrug,2022-09-24,05:00:00,26,8,18,FMN 10 IJzerlaanbrug
657,Fietsbrug Ijzerlaanbrug,2022-09-24,06:00:00,25,16,9,FMN 10 IJzerlaanbrug
657,Fietsbrug Ijzerlaanbrug,2022-09-24,07:00:00,28,12,16,FMN 10 IJzerlaanbrug
657,Fietsbrug Ijzerlaanbrug,2022-09-24,08:00:00,56,35,21,FMN 10 IJzerlaanbrug
657,Fietsbrug Ijzerlaanbrug,2022-09-24,09:00:00,100,58,42,FMN 10 IJzerlaanbrug
657,Fietsbrug Ijzerlaanbrug,2022-09-24,10:00:00,71,45,26,FMN 10 IJzerlaanbrug
657,Fietsbrug Ijzerlaanbrug,2022-09-24,11:00:00,72,46,26,FMN 10 IJzerlaanbrug
657,Fietsbrug Ijzerlaanbrug,2022-09-24,12:00:00,68,31,37,FMN 10 IJzerlaanbrug
657,Fietsbrug Ijzerlaanbrug,2022-09-24,13:00:00,79,41,38,FMN 10 IJzerlaanbrug
657,Fietsbrug Ijzerlaanbrug,2022-09-24,14:00:00,101,58,43,FMN 10 IJzerlaanbrug
657,Fietsbrug Ijzerlaanbrug,2022-09-24,15:00:00,104,58,46,FMN 10 IJzerlaanbrug
657,Fietsbrug Ijzerlaanbrug,2022-09-24,16:00:00,94,38,56,FMN 10 IJzerlaanbrug
657,Fietsbrug Ijzerlaanbrug,2022-09-24,17:00:00,129,71,58,FMN 10 IJzerlaanbrug
657,Fietsbrug Ijzerlaanbrug,2022-09-24,18:00:00,122,59,63,FMN 10 IJzerlaanbrug
657,Fietsbrug Ijzerlaanbrug,2022-09-24,19:00:00,94,47,47,FMN 10 IJzerlaanbrug
657,Fietsbrug Ijzerlaanbrug,2022-09-24,20:00:00,84,48,36,FMN 10 IJzerlaanbrug
657,Fietsbrug Ijzerlaanbrug,2022-09-24,21:00:00,69,38,31,FMN 10 IJzerlaanbrug
657,Fietsbrug Ijzerlaanbrug,2022-09-24,22:00:00,50,16,34,FMN 10 IJzerlaanbrug
657,Fietsbrug Ijzerlaanbrug,2022-09-24,23:00:00,48,11,37,FMN 10 IJzerlaanbrug
657,Fietsbrug Ijzerlaanbrug,2022-09-25,00:00:00,42,13,29,FMN 10 IJzerlaanbrug
657,Fietsbrug Ijzerlaanbrug,2022-09-25,01:00:00,36,10,26,FMN 10 IJzerlaanbrug
657,Fietsbrug Ijzerlaanbrug,2022-09-25,02:00:00,29,8,21,FMN 10 IJzerlaanbrug
657,Fietsbrug Ijzerlaanbrug,2022-09-25,03:00:00,10,2,8,FMN 10 IJzerlaanbrug
657,Fietsbrug Ijzerlaanbrug,2022-09-25,04:00:00,25,8,17,FMN 10 IJzerlaanbrug
657,Fietsbrug Ijzerlaanbrug,2022-09-25,05:00:00,18,6,12,FMN 10 IJzerlaanbrug
657,Fietsbrug Ijzerlaanbrug,2022-09-25,06:00:00,19,17,2,FMN 10 IJzerlaanbrug
657,Fietsbrug Ijzerlaanbrug,2022-09-25,07:00:00,29,15,14,FMN 10 IJzerlaanbrug
657,Fietsbrug Ijzerlaanbrug,2022-09-25,08:00:00,38,23,15,FMN 10 IJzerlaanbrug
657,Fietsbrug Ijzerlaanbrug,2022-09-25,09:00:00,112,56,56,FMN 10 IJzerlaanbrug
657,Fietsbrug Ijzerlaanbrug,2022-09-25,10:00:00,147,95,52,FMN 10 IJzerlaanbrug
657,Fietsbrug Ijzerlaanbrug,2022-09-25,11:00:00,142,97,45,FMN 10 IJzerlaanbrug
657,Fietsbrug Ijzerlaanbrug,2022-09-25,12:00:00,222,125,97,FMN 10 IJzerlaanbrug
657,Fietsbrug Ijzerlaanbrug,2022-09-25,13:00:00,250,143,107,FMN 10 IJzerlaanbrug
657,Fietsbrug Ijzerlaanbrug,2022-09-25,14:00:00,236,149,87,FMN 10 IJzerlaanbrug
657,Fietsbrug Ijzerlaanbrug,2022-09-25,15:00:00,271,109,162,FMN 10 IJzerlaanbrug
657,Fietsbrug Ijzerlaanbrug,2022-09-25,16:00:00,248,95,153,FMN 10 IJzerlaanbrug
657,Fietsbrug Ijzerlaanbrug,2022-09-25,17:00:00,230,100,130,FMN 10 IJzerlaanbrug
657,Fietsbrug Ijzerlaanbrug,2022-09-25,18:00:00,177,69,108,FMN 10 IJzerlaanbrug
657,Fietsbrug Ijzerlaanbrug,2022-09-25,19:00:00,128,48,80,FMN 10 IJzerlaanbrug
657,Fietsbrug Ijzerlaanbrug,2022-09-25,20:00:00,92,36,56,FMN 10 IJzerlaanbrug
657,Fietsbrug Ijzerlaanbrug,2022-09-25,21:00:00,72,33,39,FMN 10 IJzerlaanbrug
657,Fietsbrug Ijzerlaanbrug,2022-09-25,22:00:00,52,15,37,FMN 10 IJzerlaanbrug
657,Fietsbrug Ijzerlaanbrug,2022-09-25,23:00:00,39,19,20,FMN 10 IJzerlaanbrug
657,Fietsbrug Ijzerlaanbrug,2022-09-26,00:00:00,17,7,10,FMN 10 IJzerlaanbrug
657,Fietsbrug Ijzerlaanbrug,2022-09-26,01:00:00,22,9,13,FMN 10 IJzerlaanbrug
657,Fietsbrug Ijzerlaanbrug,2022-09-26,02:00:00,3,0,3,FMN 10 IJzerlaanbrug
657,Fietsbrug Ijzerlaanbrug,2022-09-26,03:00:00,5,2,3,FMN 10 IJzerlaanbrug
657,Fietsbrug Ijzerlaanbrug,2022-09-26,04:00:00,15,9,6,FMN 10 IJzerlaanbrug
657,Fietsbrug Ijzerlaanbrug,2022-09-26,05:00:00,36,21,15,FMN 10 IJzerlaanbrug
657,Fietsbrug Ijzerlaanbrug,2022-09-26,06:00:00,126,86,40,FMN 10 IJzerlaanbrug
657,Fietsbrug Ijzerlaanbrug,2022-09-26,07:00:00,395,277,118,FMN 10 IJzerlaanbrug
657,Fietsbrug Ijzerlaanbrug,2022-09-26,08:00:00,544,413,131,FMN 10 IJzerlaanbrug
657,Fietsbrug Ijzerlaanbrug,2022-09-26,09:00:00,193,144,49,FMN 10 IJzerlaanbrug
657,Fietsbrug Ijzerlaanbrug,2022-09-26,10:00:00,86,52,34,FMN 10 IJzerlaanbrug
657,Fietsbrug Ijzerlaanbrug,2022-09-26,11:00:00,93,57,36,FMN 10 IJzerlaanbrug
657,Fietsbrug Ijzerlaanbrug,2022-09-26,12:00:00,127,52,75,FMN 10 IJzerlaanbrug
657,Fietsbrug Ijzerlaanbrug,2022-09-26,13:00:00,75,35,40,FMN 10 IJzerlaanbrug
657,Fietsbrug Ijzerlaanbrug,2022-09-26,14:00:00,151,67,84,FMN 10 IJzerlaanbrug
657,Fietsbrug Ijzerlaanbrug,2022-09-26,15:00:00,247,112,135,FMN 10 IJzerlaanbrug
657,Fietsbrug Ijzerlaanbrug,2022-09-26,16:00:00,400,131,269,FMN 10 IJzerlaanbrug
657,Fietsbrug Ijzerlaanbrug,2022-09-26,17:00:00,368,100,268,FMN 10 IJzerlaanbrug
657,Fietsbrug Ijzerlaanbrug,2022-09-26,18:00:00,215,60,155,FMN 10 IJzerlaanbrug
657,Fietsbrug Ijzerlaanbrug,2022-09-26,19:00:00,120,50,70,FMN 10 IJzerlaanbrug
657,Fietsbrug Ijzerlaanbrug,2022-09-26,20:00:00,68,27,41,FMN 10 IJzerlaanbrug
657,Fietsbrug Ijzerlaanbrug,2022-09-26,21:00:00,69,27,42,FMN 10 IJzerlaanbrug
657,Fietsbrug Ijzerlaanbrug,2022-09-26,22:00:00,63,22,41,FMN 10 IJzerlaanbrug
657,Fietsbrug Ijzerlaanbrug,2022-09-26,23:00:00,25,3,22,FMN 10 IJzerlaanbrug
657,Fietsbrug Ijzerlaanbrug,2022-09-27,00:00:00,15,4,11,FMN 10 IJzerlaanbrug
657,Fietsbrug Ijzerlaanbrug,2022-09-27,01:00:00,12,3,9,FMN 10 IJzerlaanbrug
657,Fietsbrug Ijzerlaanbrug,2022-09-27,02:00:00,6,2,4,FMN 10 IJzerlaanbrug
657,Fietsbrug Ijzerlaanbrug,2022-09-27,03:00:00,9,2,7,FMN 10 IJzerlaanbrug
657,Fietsbrug Ijzerlaanbrug,2022-09-27,04:00:00,18,9,9,FMN 10 IJzerlaanbrug
657,Fietsbrug Ijzerlaanbrug,2022-09-27,05:00:00,32,17,15,FMN 10 IJzerlaanbrug
657,Fietsbrug Ijzerlaanbrug,2022-09-27,06:00:00,104,74,30,FMN 10 IJzerlaanbrug
657,Fietsbrug Ijzerlaanbrug,2022-09-27,07:00:00,332,232,100,FMN 10 IJzerlaanbrug
657,Fietsbrug Ijzerlaanbrug,2022-09-27,08:00:00,531,395,136,FMN 10 IJzerlaanbrug
657,Fietsbrug Ijzerlaanbrug,2022-09-27,09:00:00,134,103,31,FMN 10 IJzerlaanbrug
657,Fietsbrug Ijzerlaanbrug,2022-09-27,10:00:00,83,53,30,FMN 10 IJzerlaanbrug
657,Fietsbrug Ijzerlaanbrug,2022-09-27,11:00:00,77,40,37,FMN 10 IJzerlaanbrug
657,Fietsbrug Ijzerlaanbrug,2022-09-27,12:00:00,132,60,72,FMN 10 IJzerlaanbrug
657,Fietsbrug Ijzerlaanbrug,2022-09-27,13:00:00,122,45,77,FMN 10 IJzerlaanbrug
657,Fietsbrug Ijzerlaanbrug,2022-09-27,14:00:00,145,63,82,FMN 10 IJzerlaanbrug
657,Fietsbrug Ijzerlaanbrug,2022-09-27,15:00:00,249,111,138,FMN 10 IJzerlaanbrug
657,Fietsbrug Ijzerlaanbrug,2022-09-27,16:00:00,394,129,265,FMN 10 IJzerlaanbrug
657,Fietsbrug Ijzerlaanbrug,2022-09-27,17:00:00,362,92,270,FMN 10 IJzerlaanbrug
657,Fietsbrug Ijzerlaanbrug,2022-09-27,18:00:00,212,56,156,FMN 10 IJzerlaanbrug
657,Fietsbrug Ijzerlaanbrug,2022-09-27,19:00:00,128,60,68,FMN 10 IJzerlaanbrug
657,Fietsbrug Ijzerlaanbrug,2022-09-27,20:00:00,76,45,31,FMN 10 IJzerlaanbrug
657,Fietsbrug Ijzerlaanbrug,2022-09-27,21:00:00,72,23,49,FMN 10 IJzerlaanbrug
657,Fietsbrug Ijzerlaanbrug,2022-09-27,22:00:00,55,16,39,FMN 10 IJzerlaanbrug
657,Fietsbrug Ijzerlaanbrug,2022-09-27,23:00:00,40,11,29,FMN 10 IJzerlaanbrug
657,Fietsbrug Ijzerlaanbrug,2022-09-28,00:00:00,7,0,7,FMN 10 IJzerlaanbrug
657,Fietsbrug Ijzerlaanbrug,2022-09-28,01:00:00,7,3,4,FMN 10 IJzerlaanbrug
657,Fietsbrug Ijzerlaanbrug,2022-09-28,02:00:00,9,2,7,FMN 10 IJzerlaanbrug
657,Fietsbrug Ijzerlaanbrug,2022-09-28,03:00:00,8,2,6,FMN 10 IJzerlaanbrug
657,Fietsbrug Ijzerlaanbrug,2022-09-28,04:00:00,18,9,9,FMN 10 IJzerlaanbrug
657,Fietsbrug Ijzerlaanbrug,2022-09-28,05:00:00,42,27,15,FMN 10 IJzerlaanbrug
657,Fietsbrug Ijzerlaanbrug,2022-09-28,06:00:00,112,73,39,FMN 10 IJzerlaanbrug
657,Fietsbrug Ijzerlaanbrug,2022-09-28,07:00:00,376,267,109,FMN 10 IJzerlaanbrug
657,Fietsbrug Ijzerlaanbrug,2022-09-28,08:00:00,477,340,137,FMN 10 IJzerlaanbrug
657,Fietsbrug Ijzerlaanbrug,2022-09-28,09:00:00,202,127,75,FMN 10 IJzerlaanbrug
657,Fietsbrug Ijzerlaanbrug,2022-09-28,10:00:00,110,83,27,FMN 10 IJzerlaanbrug
657,Fietsbrug Ijzerlaanbrug,2022-09-28,11:00:00,113,51,62,FMN 10 IJzerlaanbrug
657,Fietsbrug Ijzerlaanbrug,2022-09-28,12:00:00,311,162,149,FMN 10 IJzerlaanbrug
657,Fietsbrug Ijzerlaanbrug,2022-09-28,13:00:00,229,89,140,FMN 10 IJzerlaanbrug
657,Fietsbrug Ijzerlaanbrug,2022-09-28,14:00:00,163,67,96,FMN 10 IJzerlaanbrug
657,Fietsbrug Ijzerlaanbrug,2022-09-28,15:00:00,203,78,125,FMN 10 IJzerlaanbrug
657,Fietsbrug Ijzerlaanbrug,2022-09-28,16:00:00,361,124,237,FMN 10 IJzerlaanbrug
657,Fietsbrug Ijzerlaanbrug,2022-09-28,17:00:00,357,102,255,FMN 10 IJzerlaanbrug
657,Fietsbrug Ijzerlaanbrug,2022-09-28,18:00:00,278,94,184,FMN 10 IJzerlaanbrug
657,Fietsbrug Ijzerlaanbrug,2022-09-28,19:00:00,160,80,80,FMN 10 IJzerlaanbrug
657,Fietsbrug Ijzerlaanbrug,2022-09-28,20:00:00,121,51,70,FMN 10 IJzerlaanbrug
657,Fietsbrug Ijzerlaanbrug,2022-09-28,21:00:00,95,41,54,FMN 10 IJzerlaanbrug
657,Fietsbrug Ijzerlaanbrug,2022-09-28,22:00:00,87,39,48,FMN 10 IJzerlaanbrug
657,Fietsbrug Ijzerlaanbrug,2022-09-28,23:00:00,40,11,29,FMN 10 IJzerlaanbrug
657,Fietsbrug Ijzerlaanbrug,2022-09-29,00:00:00,25,2,23,FMN 10 IJzerlaanbrug
657,Fietsbrug Ijzerlaanbrug,2022-09-29,01:00:00,10,2,8,FMN 10 IJzerlaanbrug
657,Fietsbrug Ijzerlaanbrug,2022-09-29,02:00:00,11,2,9,FMN 10 IJzerlaanbrug
657,Fietsbrug Ijzerlaanbrug,2022-09-29,03:00:00,10,8,2,FMN 10 IJzerlaanbrug
657,Fietsbrug Ijzerlaanbrug,2022-09-29,04:00:00,22,12,10,FMN 10 IJzerlaanbrug
657,Fietsbrug Ijzerlaanbrug,2022-09-29,05:00:00,36,23,13,FMN 10 IJzerlaanbrug
657,Fietsbrug Ijzerlaanbrug,2022-09-29,06:00:00,149,95,54,FMN 10 IJzerlaanbrug
657,Fietsbrug Ijzerlaanbrug,2022-09-29,07:00:00,440,321,119,FMN 10 IJzerlaanbrug
657,Fietsbrug Ijzerlaanbrug,2022-09-29,08:00:00,580,424,156,FMN 10 IJzerlaanbrug
657,Fietsbrug Ijzerlaanbrug,2022-09-29,09:00:00,214,158,56,FMN 10 IJzerlaanbrug
657,Fietsbrug Ijzerlaanbrug,2022-09-29,10:00:00,183,117,66,FMN 10 IJzerlaanbrug
657,Fietsbrug Ijzerlaanbrug,2022-09-29,11:00:00,151,84,67,FMN 10 IJzerlaanbrug
657,Fietsbrug Ijzerlaanbrug,2022-09-29,12:00:00,257,99,158,FMN 10 IJzerlaanbrug
657,Fietsbrug Ijzerlaanbrug,2022-09-29,13:00:00,224,98,126,FMN 10 IJzerlaanbrug
657,Fietsbrug Ijzerlaanbrug,2022-09-29,14:00:00,216,91,125,FMN 10 IJzerlaanbrug
657,Fietsbrug Ijzerlaanbrug,2022-09-29,15:00:00,345,158,187,FMN 10 IJzerlaanbrug
657,Fietsbrug Ijzerlaanbrug,2022-09-29,16:00:00,477,165,312,FMN 10 IJzerlaanbrug
657,Fietsbrug Ijzerlaanbrug,2022-09-29,17:00:00,467,129,338,FMN 10 IJzerlaanbrug
657,Fietsbrug Ijzerlaanbrug,2022-09-29,18:00:00,299,94,205,FMN 10 IJzerlaanbrug
657,Fietsbrug Ijzerlaanbrug,2022-09-29,19:00:00,168,73,95,FMN 10 IJzerlaanbrug
657,Fietsbrug Ijzerlaanbrug,2022-09-29,20:00:00,132,60,72,FMN 10 IJzerlaanbrug
657,Fietsbrug Ijzerlaanbrug,2022-09-29,21:00:00,87,25,62,FMN 10 IJzerlaanbrug
657,Fietsbrug Ijzerlaanbrug,2022-09-29,22:00:00,120,35,85,FMN 10 IJzerlaanbrug
657,Fietsbrug Ijzerlaanbrug,2022-09-29,23:00:00,65,20,45,FMN 10 IJzerlaanbrug
657,Fietsbrug Ijzerlaanbrug,2022-09-30,00:00:00,36,13,23,FMN 10 IJzerlaanbrug
657,Fietsbrug Ijzerlaanbrug,2022-09-30,01:00:00,40,8,32,FMN 10 IJzerlaanbrug
657,Fietsbrug Ijzerlaanbrug,2022-09-30,02:00:00,32,7,25,FMN 10 IJzerlaanbrug
657,Fietsbrug Ijzerlaanbrug,2022-09-30,03:00:00,6,1,5,FMN 10 IJzerlaanbrug
657,Fietsbrug Ijzerlaanbrug,2022-09-30,04:00:00,26,12,14,FMN 10 IJzerlaanbrug
657,Fietsbrug Ijzerlaanbrug,2022-09-30,05:00:00,40,26,14,FMN 10 IJzerlaanbrug
657,Fietsbrug Ijzerlaanbrug,2022-09-30,06:00:00,123,74,49,FMN 10 IJzerlaanbrug
657,Fietsbrug Ijzerlaanbrug,2022-09-30,07:00:00,382,265,117,FMN 10 IJzerlaanbrug
657,Fietsbrug Ijzerlaanbrug,2022-09-30,08:00:00,559,393,166,FMN 10 IJzerlaanbrug
657,Fietsbrug Ijzerlaanbrug,2022-09-30,09:00:00,229,177,52,FMN 10 IJzerlaanbrug
657,Fietsbrug Ijzerlaanbrug,2022-09-30,10:00:00,176,106,70,FMN 10 IJzerlaanbrug
657,Fietsbrug Ijzerlaanbrug,2022-09-30,11:00:00,172,95,77,FMN 10 IJzerlaanbrug
657,Fietsbrug Ijzerlaanbrug,2022-09-30,12:00:00,289,151,138,FMN 10 IJzerlaanbrug
657,Fietsbrug Ijzerlaanbrug,2022-09-30,13:00:00,250,132,118,FMN 10 IJzerlaanbrug
657,Fietsbrug Ijzerlaanbrug,2022-09-30,14:00:00,321,144,177,FMN 10 IJzerlaanbrug
657,Fietsbrug Ijzerlaanbrug,2022-09-30,15:00:00,392,161,231,FMN 10 IJzerlaanbrug
657,Fietsbrug Ijzerlaanbrug,2022-09-30,16:00:00,461,139,322,FMN 10 IJzerlaanbrug
657,Fietsbrug Ijzerlaanbrug,2022-09-30,17:00:00,424,142,282,FMN 10 IJzerlaanbrug
657,Fietsbrug Ijzerlaanbrug,2022-09-30,18:00:00,326,98,228,FMN 10 IJzerlaanbrug
657,Fietsbrug Ijzerlaanbrug,2022-09-30,19:00:00,193,89,104,FMN 10 IJzerlaanbrug
657,Fietsbrug Ijzerlaanbrug,2022-09-30,20:00:00,137,53,84,FMN 10 IJzerlaanbrug
657,Fietsbrug Ijzerlaanbrug,2022-09-30,21:00:00,118,50,68,FMN 10 IJzerlaanbrug
657,Fietsbrug Ijzerlaanbrug,2022-09-30,22:00:00,109,43,66,FMN 10 IJzerlaanbrug
657,Fietsbrug Ijzerlaanbrug,2022-09-30,23:00:00,75,22,53,FMN 10 IJzerlaanbrug
657,Fietsbrug Ijzerlaanbrug,2022-10-01,00:00:00,60,34,26,FMN 10 IJzerlaanbrug
657,Fietsbrug Ijzerlaanbrug,2022-10-01,01:00:00,32,7,25,FMN 10 IJzerlaanbrug
657,Fietsbrug Ijzerlaanbrug,2022-10-01,02:00:00,29,6,23,FMN 10 IJzerlaanbrug
657,Fietsbrug Ijzerlaanbrug,2022-10-01,03:00:00,23,0,23,FMN 10 IJzerlaanbrug
657,Fietsbrug Ijzerlaanbrug,2022-10-01,04:00:00,35,9,26,FMN 10 IJzerlaanbrug
657,Fietsbrug Ijzerlaanbrug,2022-10-01,05:00:00,20,9,11,FMN 10 IJzerlaanbrug
657,Fietsbrug Ijzerlaanbrug,2022-10-01,06:00:00,19,8,11,FMN 10 IJzerlaanbrug
657,Fietsbrug Ijzerlaanbrug,2022-10-01,07:00:00,26,13,13,FMN 10 IJzerlaanbrug
657,Fietsbrug Ijzerlaanbrug,2022-10-01,08:00:00,52,31,21,FMN 10 IJzerlaanbrug
657,Fietsbrug Ijzerlaanbrug,2022-10-01,09:00:00,80,57,23,FMN 10 IJzerlaanbrug
657,Fietsbrug Ijzerlaanbrug,2022-10-01,10:00:00,73,37,36,FMN 10 IJzerlaanbrug
657,Fietsbrug Ijzerlaanbrug,2022-10-01,11:00:00,89,49,40,FMN 10 IJzerlaanbrug
657,Fietsbrug Ijzerlaanbrug,2022-10-01,12:00:00,123,55,68,FMN 10 IJzerlaanbrug
657,Fietsbrug Ijzerlaanbrug,2022-10-01,13:00:00,114,59,55,FMN 10 IJzerlaanbrug
657,Fietsbrug Ijzerlaanbrug,2022-10-01,14:00:00,126,69,57,FMN 10 IJzerlaanbrug
657,Fietsbrug Ijzerlaanbrug,2022-10-01,15:00:00,141,78,63,FMN 10 IJzerlaanbrug
657,Fietsbrug Ijzerlaanbrug,2022-10-01,16:00:00,115,52,63,FMN 10 IJzerlaanbrug
657,Fietsbrug Ijzerlaanbrug,2022-10-01,17:00:00,134,69,65,FMN 10 IJzerlaanbrug
657,Fietsbrug Ijzerlaanbrug,2022-10-01,18:00:00,185,80,105,FMN 10 IJzerlaanbrug
657,Fietsbrug Ijzerlaanbrug,2022-10-01,19:00:00,139,71,68,FMN 10 IJzerlaanbrug
657,Fietsbrug Ijzerlaanbrug,2022-10-01,20:00:00,76,46,30,FMN 10 IJzerlaanbrug
657,Fietsbrug Ijzerlaanbrug,2022-10-01,21:00:00,79,37,42,FMN 10 IJzerlaanbrug
657,Fietsbrug Ijzerlaanbrug,2022-10-01,22:00:00,62,20,42,FMN 10 IJzerlaanbrug
657,Fietsbrug Ijzerlaanbrug,2022-10-01,23:00:00,85,25,60,FMN 10 IJzerlaanbrug
657,Fietsbrug Ijzerlaanbrug,2022-10-02,00:00:00,45,11,34,FMN 10 IJzerlaanbrug
657,Fietsbrug Ijzerlaanbrug,2022-10-02,01:00:00,31,9,22,FMN 10 IJzerlaanbrug
657,Fietsbrug Ijzerlaanbrug,2022-10-02,02:00:00,31,6,25,FMN 10 IJzerlaanbrug
657,Fietsbrug Ijzerlaanbrug,2022-10-02,03:00:00,22,2,20,FMN 10 IJzerlaanbrug
657,Fietsbrug Ijzerlaanbrug,2022-10-02,04:00:00,17,3,14,FMN 10 IJzerlaanbrug
657,Fietsbrug Ijzerlaanbrug,2022-10-02,05:00:00,22,7,15,FMN 10 IJzerlaanbrug
657,Fietsbrug Ijzerlaanbrug,2022-10-02,06:00:00,16,10,6,FMN 10 IJzerlaanbrug
657,Fietsbrug Ijzerlaanbrug,2022-10-02,07:00:00,27,17,10,FMN 10 IJzerlaanbrug
657,Fietsbrug Ijzerlaanbrug,2022-10-02,08:00:00,41,20,21,FMN 10 IJzerlaanbrug
657,Fietsbrug Ijzerlaanbrug,2022-10-02,09:00:00,90,50,40,FMN 10 IJzerlaanbrug
657,Fietsbrug Ijzerlaanbrug,2022-10-02,10:00:00,105,64,41,FMN 10 IJzerlaanbrug
657,Fietsbrug Ijzerlaanbrug,2022-10-02,11:00:00,100,69,31,FMN 10 IJzerlaanbrug
657,Fietsbrug Ijzerlaanbrug,2022-10-02,12:00:00,120,68,52,FMN 10 IJzerlaanbrug
657,Fietsbrug Ijzerlaanbrug,2022-10-02,13:00:00,185,110,75,FMN 10 IJzerlaanbrug
657,Fietsbrug Ijzerlaanbrug,2022-10-02,14:00:00,186,88,98,FMN 10 IJzerlaanbrug
657,Fietsbrug Ijzerlaanbrug,2022-10-02,15:00:00,204,112,92,FMN 10 IJzerlaanbrug
657,Fietsbrug Ijzerlaanbrug,2022-10-02,16:00:00,216,80,136,FMN 10 IJzerlaanbrug
657,Fietsbrug Ijzerlaanbrug,2022-10-02,17:00:00,161,67,94,FMN 10 IJzerlaanbrug
657,Fietsbrug Ijzerlaanbrug,2022-10-02,18:00:00,164,66,98,FMN 10 IJzerlaanbrug
657,Fietsbrug Ijzerlaanbrug,2022-10-02,19:00:00,109,50,59,FMN 10 IJzerlaanbrug
657,Fietsbrug Ijzerlaanbrug,2022-10-02,20:00:00,83,42,41,FMN 10 IJzerlaanbrug
657,Fietsbrug Ijzerlaanbrug,2022-10-02,21:00:00,75,28,47,FMN 10 IJzerlaanbrug
657,Fietsbrug Ijzerlaanbrug,2022-10-02,22:00:00,57,20,37,FMN 10 IJzerlaanbrug
657,Fietsbrug Ijzerlaanbrug,2022-10-02,23:00:00,29,7,22,FMN 10 IJzerlaanbrug
657,Fietsbrug Ijzerlaanbrug,2022-10-03,00:00:00,21,14,7,FMN 10 IJzerlaanbrug
657,Fietsbrug Ijzerlaanbrug,2022-10-03,01:00:00,16,3,13,FMN 10 IJzerlaanbrug
657,Fietsbrug Ijzerlaanbrug,2022-10-03,02:00:00,13,4,9,FMN 10 IJzerlaanbrug
657,Fietsbrug Ijzerlaanbrug,2022-10-03,03:00:00,3,3,0,FMN 10 IJzerlaanbrug
657,Fietsbrug Ijzerlaanbrug,2022-10-03,04:00:00,24,14,10,FMN 10 IJzerlaanbrug
657,Fietsbrug Ijzerlaanbrug,2022-10-03,05:00:00,44,26,18,FMN 10 IJzerlaanbrug
657,Fietsbrug Ijzerlaanbrug,2022-10-03,06:00:00,137,89,48,FMN 10 IJzerlaanbrug
657,Fietsbrug Ijzerlaanbrug,2022-10-03,07:00:00,415,304,111,FMN 10 IJzerlaanbrug
657,Fietsbrug Ijzerlaanbrug,2022-10-03,08:00:00,577,431,146,FMN 10 IJzerlaanbrug
657,Fietsbrug Ijzerlaanbrug,2022-10-03,09:00:00,233,173,60,FMN 10 IJzerlaanbrug
657,Fietsbrug Ijzerlaanbrug,2022-10-03,10:00:00,161,121,40,FMN 10 IJzerlaanbrug
657,Fietsbrug Ijzerlaanbrug,2022-10-03,11:00:00,148,83,65,FMN 10 IJzerlaanbrug
657,Fietsbrug Ijzerlaanbrug,2022-10-03,12:00:00,216,131,85,FMN 10 IJzerlaanbrug
657,Fietsbrug Ijzerlaanbrug,2022-10-03,13:00:00,208,104,104,FMN 10 IJzerlaanbrug
657,Fietsbrug Ijzerlaanbrug,2022-10-03,14:00:00,209,78,131,FMN 10 IJzerlaanbrug
657,Fietsbrug Ijzerlaanbrug,2022-10-03,15:00:00,325,116,209,FMN 10 IJzerlaanbrug
657,Fietsbrug Ijzerlaanbrug,2022-10-03,16:00:00,523,174,349,FMN 10 IJzerlaanbrug
657,Fietsbrug Ijzerlaanbrug,2022-10-03,17:00:00,553,149,404,FMN 10 IJzerlaanbrug
657,Fietsbrug Ijzerlaanbrug,2022-10-03,18:00:00,354,114,240,FMN 10 IJzerlaanbrug
657,Fietsbrug Ijzerlaanbrug,2022-10-03,19:00:00,195,77,118,FMN 10 IJzerlaanbrug
657,Fietsbrug Ijzerlaanbrug,2022-10-03,20:00:00,113,59,54,FMN 10 IJzerlaanbrug
657,Fietsbrug Ijzerlaanbrug,2022-10-03,21:00:00,97,35,62,FMN 10 IJzerlaanbrug
657,Fietsbrug Ijzerlaanbrug,2022-10-03,22:00:00,84,35,49,FMN 10 IJzerlaanbrug
657,Fietsbrug Ijzerlaanbrug,2022-10-03,23:00:00,36,13,23,FMN 10 IJzerlaanbrug
657,Fietsbrug Ijzerlaanbrug,2022-10-04,00:00:00,13,3,10,FMN 10 IJzerlaanbrug
657,Fietsbrug Ijzerlaanbrug,2022-10-04,01:00:00,16,3,13,FMN 10 IJzerlaanbrug
657,Fietsbrug Ijzerlaanbrug,2022-10-04,02:00:00,5,2,3,FMN 10 IJzerlaanbrug
657,Fietsbrug Ijzerlaanbrug,2022-10-04,03:00:00,8,3,5,FMN 10 IJzerlaanbrug
657,Fietsbrug Ijzerlaanbrug,2022-10-04,04:00:00,20,12,8,FMN 10 IJzerlaanbrug
657,Fietsbrug Ijzerlaanbrug,2022-10-04,05:00:00,52,30,22,FMN 10 IJzerlaanbrug
657,Fietsbrug Ijzerlaanbrug,2022-10-04,06:00:00,157,98,59,FMN 10 IJzerlaanbrug
657,Fietsbrug Ijzerlaanbrug,2022-10-04,07:00:00,506,369,137,FMN 10 IJzerlaanbrug
657,Fietsbrug Ijzerlaanbrug,2022-10-04,08:00:00,745,549,196,FMN 10 IJzerlaanbrug
657,Fietsbrug Ijzerlaanbrug,2022-10-04,09:00:00,276,209,67,FMN 10 IJzerlaanbrug
657,Fietsbrug Ijzerlaanbrug,2022-10-04,10:00:00,177,112,65,FMN 10 IJzerlaanbrug
657,Fietsbrug Ijzerlaanbrug,2022-10-04,11:00:00,147,88,59,FMN 10 IJzerlaanbrug
657,Fietsbrug Ijzerlaanbrug,2022-10-04,12:00:00,260,145,115,FMN 10 IJzerlaanbrug
657,Fietsbrug Ijzerlaanbrug,2022-10-04,13:00:00,253,117,136,FMN 10 IJzerlaanbrug
657,Fietsbrug Ijzerlaanbrug,2022-10-04,14:00:00,272,132,140,FMN 10 IJzerlaanbrug
657,Fietsbrug Ijzerlaanbrug,2022-10-04,15:00:00,427,161,266,FMN 10 IJzerlaanbrug
657,Fietsbrug Ijzerlaanbrug,2022-10-04,16:00:00,641,200,441,FMN 10 IJzerlaanbrug
657,Fietsbrug Ijzerlaanbrug,2022-10-04,17:00:00,616,155,461,FMN 10 IJzerlaanbrug
657,Fietsbrug Ijzerlaanbrug,2022-10-04,18:00:00,384,137,247,FMN 10 IJzerlaanbrug
657,Fietsbrug Ijzerlaanbrug,2022-10-04,19:00:00,213,79,134,FMN 10 IJzerlaanbrug
657,Fietsbrug Ijzerlaanbrug,2022-10-04,20:00:00,148,68,80,FMN 10 IJzerlaanbrug
657,Fietsbrug Ijzerlaanbrug,2022-10-04,21:00:00,104,42,62,FMN 10 IJzerlaanbrug
657,Fietsbrug Ijzerlaanbrug,2022-10-04,22:00:00,103,42,61,FMN 10 IJzerlaanbrug
657,Fietsbrug Ijzerlaanbrug,2022-10-04,23:00:00,63,13,50,FMN 10 IJzerlaanbrug
657,Fietsbrug Ijzerlaanbrug,2022-10-05,00:00:00,23,7,16,FMN 10 IJzerlaanbrug
657,Fietsbrug Ijzerlaanbrug,2022-10-05,01:00:00,12,6,6,FMN 10 IJzerlaanbrug
657,Fietsbrug Ijzerlaanbrug,2022-10-05,02:00:00,7,0,7,FMN 10 IJzerlaanbrug
657,Fietsbrug Ijzerlaanbrug,2022-10-05,03:00:00,10,5,5,FMN 10 IJzerlaanbrug
657,Fietsbrug Ijzerlaanbrug,2022-10-05,04:00:00,20,13,7,FMN 10 IJzerlaanbrug
657,Fietsbrug Ijzerlaanbrug,2022-10-05,05:00:00,55,30,25,FMN 10 IJzerlaanbrug
657,Fietsbrug Ijzerlaanbrug,2022-10-05,06:00:00,146,92,54,FMN 10 IJzerlaanbrug
657,Fietsbrug Ijzerlaanbrug,2022-10-05,07:00:00,454,306,148,FMN 10 IJzerlaanbrug
657,Fietsbrug Ijzerlaanbrug,2022-10-05,08:00:00,606,455,151,FMN 10 IJzerlaanbrug
657,Fietsbrug Ijzerlaanbrug,2022-10-05,09:00:00,209,151,58,FMN 10 IJzerlaanbrug
657,Fietsbrug Ijzerlaanbrug,2022-10-05,10:00:00,165,117,48,FMN 10 IJzerlaanbrug
657,Fietsbrug Ijzerlaanbrug,2022-10-05,11:00:00,207,111,96,FMN 10 IJzerlaanbrug
657,Fietsbrug Ijzerlaanbrug,2022-10-05,12:00:00,408,201,207,FMN 10 IJzerlaanbrug
657,Fietsbrug Ijzerlaanbrug,2022-10-05,13:00:00,317,149,168,FMN 10 IJzerlaanbrug
657,Fietsbrug Ijzerlaanbrug,2022-10-05,14:00:00,234,93,141,FMN 10 IJzerlaanbrug
657,Fietsbrug Ijzerlaanbrug,2022-10-05,15:00:00,319,109,210,FMN 10 IJzerlaanbrug
657,Fietsbrug Ijzerlaanbrug,2022-10-05,16:00:00,415,113,302,FMN 10 IJzerlaanbrug
657,Fietsbrug Ijzerlaanbrug,2022-10-05,17:00:00,484,151,333,FMN 10 IJzerlaanbrug
657,Fietsbrug Ijzerlaanbrug,2022-10-05,18:00:00,317,92,225,FMN 10 IJzerlaanbrug
657,Fietsbrug Ijzerlaanbrug,2022-10-05,19:00:00,165,67,98,FMN 10 IJzerlaanbrug
657,Fietsbrug Ijzerlaanbrug,2022-10-05,20:00:00,118,60,58,FMN 10 IJzerlaanbrug
657,Fietsbrug Ijzerlaanbrug,2022-10-05,21:00:00,110,42,68,FMN 10 IJzerlaanbrug
657,Fietsbrug Ijzerlaanbrug,2022-10-05,22:00:00,95,31,64,FMN 10 IJzerlaanbrug
657,Fietsbrug Ijzerlaanbrug,2022-10-05,23:00:00,55,17,38,FMN 10 IJzerlaanbrug
657,Fietsbrug Ijzerlaanbrug,2022-10-06,00:00:00,19,5,14,FMN 10 IJzerlaanbrug
657,Fietsbrug Ijzerlaanbrug,2022-10-06,01:00:00,12,6,6,FMN 10 IJzerlaanbrug
657,Fietsbrug Ijzerlaanbrug,2022-10-06,02:00:00,5,1,4,FMN 10 IJzerlaanbrug
657,Fietsbrug Ijzerlaanbrug,2022-10-06,03:00:00,9,5,4,FMN 10 IJzerlaanbrug
657,Fietsbrug Ijzerlaanbrug,2022-10-06,04:00:00,20,15,5,FMN 10 IJzerlaanbrug
657,Fietsbrug Ijzerlaanbrug,2022-10-06,05:00:00,56,31,25,FMN 10 IJzerlaanbrug
657,Fietsbrug Ijzerlaanbrug,2022-10-06,06:00:00,142,94,48,FMN 10 IJzerlaanbrug
657,Fietsbrug Ijzerlaanbrug,2022-10-06,07:00:00,510,352,158,FMN 10 IJzerlaanbrug
657,Fietsbrug Ijzerlaanbrug,2022-10-06,08:00:00,676,518,158,FMN 10 IJzerlaanbrug
657,Fietsbrug Ijzerlaanbrug,2022-10-06,09:00:00,224,166,58,FMN 10 IJzerlaanbrug
657,Fietsbrug Ijzerlaanbrug,2022-10-06,10:00:00,151,101,50,FMN 10 IJzerlaanbrug
657,Fietsbrug Ijzerlaanbrug,2022-10-06,11:00:00,184,104,80,FMN 10 IJzerlaanbrug
657,Fietsbrug Ijzerlaanbrug,2022-10-06,12:00:00,271,147,124,FMN 10 IJzerlaanbrug
657,Fietsbrug Ijzerlaanbrug,2022-10-06,13:00:00,228,111,117,FMN 10 IJzerlaanbrug
657,Fietsbrug Ijzerlaanbrug,2022-10-06,14:00:00,274,119,155,FMN 10 IJzerlaanbrug
657,Fietsbrug Ijzerlaanbrug,2022-10-06,15:00:00,428,177,251,FMN 10 IJzerlaanbrug
657,Fietsbrug Ijzerlaanbrug,2022-10-06,16:00:00,599,193,406,FMN 10 IJzerlaanbrug
657,Fietsbrug Ijzerlaanbrug,2022-10-06,17:00:00,567,162,405,FMN 10 IJzerlaanbrug
657,Fietsbrug Ijzerlaanbrug,2022-10-06,18:00:00,352,114,238,FMN 10 IJzerlaanbrug
657,Fietsbrug Ijzerlaanbrug,2022-10-06,19:00:00,216,93,123,FMN 10 IJzerlaanbrug
657,Fietsbrug Ijzerlaanbrug,2022-10-06,20:00:00,135,78,57,FMN 10 IJzerlaanbrug
657,Fietsbrug Ijzerlaanbrug,2022-10-06,21:00:00,102,35,67,FMN 10 IJzerlaanbrug
657,Fietsbrug Ijzerlaanbrug,2022-10-06,22:00:00,120,43,77,FMN 10 IJzerlaanbrug
657,Fietsbrug Ijzerlaanbrug,2022-10-06,23:00:00,65,22,43,FMN 10 IJzerlaanbrug
657,Fietsbrug Ijzerlaanbrug,2022-10-07,00:00:00,41,16,25,FMN 10 IJzerlaanbrug
657,Fietsbrug Ijzerlaanbrug,2022-10-07,01:00:00,15,4,11,FMN 10 IJzerlaanbrug
657,Fietsbrug Ijzerlaanbrug,2022-10-07,02:00:00,9,3,6,FMN 10 IJzerlaanbrug
657,Fietsbrug Ijzerlaanbrug,2022-10-07,03:00:00,12,4,8,FMN 10 IJzerlaanbrug
657,Fietsbrug Ijzerlaanbrug,2022-10-07,04:00:00,31,13,18,FMN 10 IJzerlaanbrug
657,Fietsbrug Ijzerlaanbrug,2022-10-07,05:00:00,59,34,25,FMN 10 IJzerlaanbrug
657,Fietsbrug Ijzerlaanbrug,2022-10-07,06:00:00,132,78,54,FMN 10 IJzerlaanbrug
657,Fietsbrug Ijzerlaanbrug,2022-10-07,07:00:00,413,281,132,FMN 10 IJzerlaanbrug
657,Fietsbrug Ijzerlaanbrug,2022-10-07,08:00:00,599,423,176,FMN 10 IJzerlaanbrug
657,Fietsbrug Ijzerlaanbrug,2022-10-07,09:00:00,231,161,70,FMN 10 IJzerlaanbrug
657,Fietsbrug Ijzerlaanbrug,2022-10-07,10:00:00,215,145,70,FMN 10 IJzerlaanbrug
657,Fietsbrug Ijzerlaanbrug,2022-10-07,11:00:00,163,91,72,FMN 10 IJzerlaanbrug
657,Fietsbrug Ijzerlaanbrug,2022-10-07,12:00:00,263,128,135,FMN 10 IJzerlaanbrug
657,Fietsbrug Ijzerlaanbrug,2022-10-07,13:00:00,305,163,142,FMN 10 IJzerlaanbrug
657,Fietsbrug Ijzerlaanbrug,2022-10-07,14:00:00,270,123,147,FMN 10 IJzerlaanbrug
657,Fietsbrug Ijzerlaanbrug,2022-10-07,15:00:00,424,171,253,FMN 10 IJzerlaanbrug
657,Fietsbrug Ijzerlaanbrug,2022-10-07,16:00:00,480,155,325,FMN 10 IJzerlaanbrug
657,Fietsbrug Ijzerlaanbrug,2022-10-07,17:00:00,467,184,283,FMN 10 IJzerlaanbrug
657,Fietsbrug Ijzerlaanbrug,2022-10-07,18:00:00,330,129,201,FMN 10 IJzerlaanbrug
657,Fietsbrug Ijzerlaanbrug,2022-10-07,19:00:00,212,97,115,FMN 10 IJzerlaanbrug
657,Fietsbrug Ijzerlaanbrug,2022-10-07,20:00:00,140,67,73,FMN 10 IJzerlaanbrug
657,Fietsbrug Ijzerlaanbrug,2022-10-07,21:00:00,104,44,60,FMN 10 IJzerlaanbrug
657,Fietsbrug Ijzerlaanbrug,2022-10-07,22:00:00,106,33,73,FMN 10 IJzerlaanbrug
657,Fietsbrug Ijzerlaanbrug,2022-10-07,23:00:00,112,29,83,FMN 10 IJzerlaanbrug
657,Fietsbrug Ijzerlaanbrug,2022-10-08,00:00:00,65,14,51,FMN 10 IJzerlaanbrug
657,Fietsbrug Ijzerlaanbrug,2022-10-08,01:00:00,57,16,41,FMN 10 IJzerlaanbrug
657,Fietsbrug Ijzerlaanbrug,2022-10-08,02:00:00,40,9,31,FMN 10 IJzerlaanbrug
657,Fietsbrug Ijzerlaanbrug,2022-10-08,03:00:00,32,8,24,FMN 10 IJzerlaanbrug
657,Fietsbrug Ijzerlaanbrug,2022-10-08,04:00:00,21,5,16,FMN 10 IJzerlaanbrug
657,Fietsbrug Ijzerlaanbrug,2022-10-08,05:00:00,23,9,14,FMN 10 IJzerlaanbrug
657,Fietsbrug Ijzerlaanbrug,2022-10-08,06:00:00,38,21,17,FMN 10 IJzerlaanbrug
657,Fietsbrug Ijzerlaanbrug,2022-10-08,07:00:00,31,15,16,FMN 10 IJzerlaanbrug
657,Fietsbrug Ijzerlaanbrug,2022-10-08,08:00:00,77,43,34,FMN 10 IJzerlaanbrug
657,Fietsbrug Ijzerlaanbrug,2022-10-08,09:00:00,130,85,45,FMN 10 IJzerlaanbrug
657,Fietsbrug Ijzerlaanbrug,2022-10-08,10:00:00,172,116,56,FMN 10 IJzerlaanbrug
657,Fietsbrug Ijzerlaanbrug,2022-10-08,11:00:00,192,111,81,FMN 10 IJzerlaanbrug
657,Fietsbrug Ijzerlaanbrug,2022-10-08,12:00:00,212,109,103,FMN 10 IJzerlaanbrug
657,Fietsbrug Ijzerlaanbrug,2022-10-08,13:00:00,243,139,104,FMN 10 IJzerlaanbrug
657,Fietsbrug Ijzerlaanbrug,2022-10-08,14:00:00,250,148,102,FMN 10 IJzerlaanbrug
657,Fietsbrug Ijzerlaanbrug,2022-10-08,15:00:00,188,77,111,FMN 10 IJzerlaanbrug
657,Fietsbrug Ijzerlaanbrug,2022-10-08,16:00:00,267,88,179,FMN 10 IJzerlaanbrug
657,Fietsbrug Ijzerlaanbrug,2022-10-08,17:00:00,237,122,115,FMN 10 IJzerlaanbrug
657,Fietsbrug Ijzerlaanbrug,2022-10-08,18:00:00,178,63,115,FMN 10 IJzerlaanbrug
657,Fietsbrug Ijzerlaanbrug,2022-10-08,19:00:00,156,71,85,FMN 10 IJzerlaanbrug
657,Fietsbrug Ijzerlaanbrug,2022-10-08,20:00:00,104,33,71,FMN 10 IJzerlaanbrug
657,Fietsbrug Ijzerlaanbrug,2022-10-08,21:00:00,100,51,49,FMN 10 IJzerlaanbrug
657,Fietsbrug Ijzerlaanbrug,2022-10-08,22:00:00,80,32,48,FMN 10 IJzerlaanbrug
657,Fietsbrug Ijzerlaanbrug,2022-10-08,23:00:00,80,33,47,FMN 10 IJzerlaanbrug
657,Fietsbrug Ijzerlaanbrug,2022-10-09,00:00:00,49,14,35,FMN 10 IJzerlaanbrug
657,Fietsbrug Ijzerlaanbrug,2022-10-09,01:00:00,37,5,32,FMN 10 IJzerlaanbrug
657,Fietsbrug Ijzerlaanbrug,2022-10-09,02:00:00,28,4,24,FMN 10 IJzerlaanbrug
657,Fietsbrug Ijzerlaanbrug,2022-10-09,03:00:00,25,15,10,FMN 10 IJzerlaanbrug
657,Fietsbrug Ijzerlaanbrug,2022-10-09,04:00:00,18,9,9,FMN 10 IJzerlaanbrug
657,Fietsbrug Ijzerlaanbrug,2022-10-09,05:00:00,16,4,12,FMN 10 IJzerlaanbrug
657,Fietsbrug Ijzerlaanbrug,2022-10-09,06:00:00,28,15,13,FMN 10 IJzerlaanbrug
657,Fietsbrug Ijzerlaanbrug,2022-10-09,07:00:00,21,13,8,FMN 10 IJzerlaanbrug
657,Fietsbrug Ijzerlaanbrug,2022-10-09,08:00:00,56,26,30,FMN 10 IJzerlaanbrug
657,Fietsbrug Ijzerlaanbrug,2022-10-09,09:00:00,136,88,48,FMN 10 IJzerlaanbrug
657,Fietsbrug Ijzerlaanbrug,2022-10-09,10:00:00,203,136,67,FMN 10 IJzerlaanbrug
657,Fietsbrug Ijzerlaanbrug,2022-10-09,11:00:00,197,128,69,FMN 10 IJzerlaanbrug
657,Fietsbrug Ijzerlaanbrug,2022-10-09,12:00:00,210,107,103,FMN 10 IJzerlaanbrug
657,Fietsbrug Ijzerlaanbrug,2022-10-09,13:00:00,304,182,122,FMN 10 IJzerlaanbrug
657,Fietsbrug Ijzerlaanbrug,2022-10-09,14:00:00,319,212,107,FMN 10 IJzerlaanbrug
657,Fietsbrug Ijzerlaanbrug,2022-10-09,15:00:00,290,126,164,FMN 10 IJzerlaanbrug
657,Fietsbrug Ijzerlaanbrug,2022-10-09,16:00:00,286,122,164,FMN 10 IJzerlaanbrug
657,Fietsbrug Ijzerlaanbrug,2022-10-09,17:00:00,261,88,173,FMN 10 IJzerlaanbrug
657,Fietsbrug Ijzerlaanbrug,2022-10-09,18:00:00,195,85,110,FMN 10 IJzerlaanbrug
657,Fietsbrug Ijzerlaanbrug,2022-10-09,19:00:00,149,58,91,FMN 10 IJzerlaanbrug
657,Fietsbrug Ijzerlaanbrug,2022-10-09,20:00:00,113,48,65,FMN 10 IJzerlaanbrug
657,Fietsbrug Ijzerlaanbrug,2022-10-09,21:00:00,57,26,31,FMN 10 IJzerlaanbrug
657,Fietsbrug Ijzerlaanbrug,2022-10-09,22:00:00,61,20,41,FMN 10 IJzerlaanbrug
657,Fietsbrug Ijzerlaanbrug,2022-10-09,23:00:00,31,6,25,FMN 10 IJzerlaanbrug
657,Fietsbrug Ijzerlaanbrug,2022-10-10,00:00:00,10,6,4,FMN 10 IJzerlaanbrug
657,Fietsbrug Ijzerlaanbrug,2022-10-10,01:00:00,15,6,9,FMN 10 IJzerlaanbrug
657,Fietsbrug Ijzerlaanbrug,2022-10-10,02:00:00,17,5,12,FMN 10 IJzerlaanbrug
657,Fietsbrug Ijzerlaanbrug,2022-10-10,03:00:00,7,4,3,FMN 10 IJzerlaanbrug
657,Fietsbrug Ijzerlaanbrug,2022-10-10,04:00:00,16,11,5,FMN 10 IJzerlaanbrug
657,Fietsbrug Ijzerlaanbrug,2022-10-10,05:00:00,45,24,21,FMN 10 IJzerlaanbrug
657,Fietsbrug Ijzerlaanbrug,2022-10-10,06:00:00,137,88,49,FMN 10 IJzerlaanbrug
657,Fietsbrug Ijzerlaanbrug,2022-10-10,07:00:00,463,326,137,FMN 10 IJzerlaanbrug
657,Fietsbrug Ijzerlaanbrug,2022-10-10,08:00:00,681,487,194,FMN 10 IJzerlaanbrug
657,Fietsbrug Ijzerlaanbrug,2022-10-10,09:00:00,238,173,65,FMN 10 IJzerlaanbrug
657,Fietsbrug Ijzerlaanbrug,2022-10-10,10:00:00,137,91,46,FMN 10 IJzerlaanbrug
657,Fietsbrug Ijzerlaanbrug,2022-10-10,11:00:00,154,92,62,FMN 10 IJzerlaanbrug
657,Fietsbrug Ijzerlaanbrug,2022-10-10,12:00:00,195,106,89,FMN 10 IJzerlaanbrug
657,Fietsbrug Ijzerlaanbrug,2022-10-10,13:00:00,188,90,98,FMN 10 IJzerlaanbrug
657,Fietsbrug Ijzerlaanbrug,2022-10-10,14:00:00,198,82,116,FMN 10 IJzerlaanbrug
657,Fietsbrug Ijzerlaanbrug,2022-10-10,15:00:00,352,150,202,FMN 10 IJzerlaanbrug
657,Fietsbrug Ijzerlaanbrug,2022-10-10,16:00:00,498,148,350,FMN 10 IJzerlaanbrug
657,Fietsbrug Ijzerlaanbrug,2022-10-10,17:00:00,550,153,397,FMN 10 IJzerlaanbrug
657,Fietsbrug Ijzerlaanbrug,2022-10-10,18:00:00,302,100,202,FMN 10 IJzerlaanbrug
657,Fietsbrug Ijzerlaanbrug,2022-10-10,19:00:00,166,61,105,FMN 10 IJzerlaanbrug
657,Fietsbrug Ijzerlaanbrug,2022-10-10,20:00:00,95,49,46,FMN 10 IJzerlaanbrug
657,Fietsbrug Ijzerlaanbrug,2022-10-10,21:00:00,103,48,55,FMN 10 IJzerlaanbrug
657,Fietsbrug Ijzerlaanbrug,2022-10-10,22:00:00,88,33,55,FMN 10 IJzerlaanbrug
657,Fietsbrug Ijzerlaanbrug,2022-10-10,23:00:00,34,12,22,FMN 10 IJzerlaanbrug
657,Fietsbrug Ijzerlaanbrug,2022-10-11,00:00:00,19,6,13,FMN 10 IJzerlaanbrug
657,Fietsbrug Ijzerlaanbrug,2022-10-11,01:00:00,23,4,19,FMN 10 IJzerlaanbrug
657,Fietsbrug Ijzerlaanbrug,2022-10-11,02:00:00,12,6,6,FMN 10 IJzerlaanbrug
657,Fietsbrug Ijzerlaanbrug,2022-10-11,03:00:00,12,5,7,FMN 10 IJzerlaanbrug
657,Fietsbrug Ijzerlaanbrug,2022-10-11,04:00:00,24,16,8,FMN 10 IJzerlaanbrug
657,Fietsbrug Ijzerlaanbrug,2022-10-11,05:00:00,50,32,18,FMN 10 IJzerlaanbrug
657,Fietsbrug Ijzerlaanbrug,2022-10-11,06:00:00,155,100,55,FMN 10 IJzerlaanbrug
657,Fietsbrug Ijzerlaanbrug,2022-10-11,07:00:00,514,371,143,FMN 10 IJzerlaanbrug
657,Fietsbrug Ijzerlaanbrug,2022-10-11,08:00:00,767,551,216,FMN 10 IJzerlaanbrug
657,Fietsbrug Ijzerlaanbrug,2022-10-11,09:00:00,279,198,81,FMN 10 IJzerlaanbrug
657,Fietsbrug Ijzerlaanbrug,2022-10-11,10:00:00,169,103,66,FMN 10 IJzerlaanbrug
657,Fietsbrug Ijzerlaanbrug,2022-10-11,11:00:00,193,125,68,FMN 10 IJzerlaanbrug
657,Fietsbrug Ijzerlaanbrug,2022-10-11,12:00:00,233,130,103,FMN 10 IJzerlaanbrug
657,Fietsbrug Ijzerlaanbrug,2022-10-11,13:00:00,251,133,118,FMN 10 IJzerlaanbrug
657,Fietsbrug Ijzerlaanbrug,2022-10-11,14:00:00,238,103,135,FMN 10 IJzerlaanbrug
657,Fietsbrug Ijzerlaanbrug,2022-10-11,15:00:00,441,200,241,FMN 10 IJzerlaanbrug
657,Fietsbrug Ijzerlaanbrug,2022-10-11,16:00:00,620,210,410,FMN 10 IJzerlaanbrug
657,Fietsbrug Ijzerlaanbrug,2022-10-11,17:00:00,643,158,485,FMN 10 IJzerlaanbrug
657,Fietsbrug Ijzerlaanbrug,2022-10-11,18:00:00,393,121,272,FMN 10 IJzerlaanbrug
657,Fietsbrug Ijzerlaanbrug,2022-10-11,19:00:00,174,71,103,FMN 10 IJzerlaanbrug
657,Fietsbrug Ijzerlaanbrug,2022-10-11,20:00:00,128,57,71,FMN 10 IJzerlaanbrug
657,Fietsbrug Ijzerlaanbrug,2022-10-11,21:00:00,120,58,62,FMN 10 IJzerlaanbrug
657,Fietsbrug Ijzerlaanbrug,2022-10-11,22:00:00,138,51,87,FMN 10 IJzerlaanbrug
657,Fietsbrug Ijzerlaanbrug,2022-10-11,23:00:00,52,17,35,FMN 10 IJzerlaanbrug
657,Fietsbrug Ijzerlaanbrug,2022-10-12,00:00:00,18,7,11,FMN 10 IJzerlaanbrug
657,Fietsbrug Ijzerlaanbrug,2022-10-12,01:00:00,20,3,17,FMN 10 IJzerlaanbrug
657,Fietsbrug Ijzerlaanbrug,2022-10-12,02:00:00,6,5,1,FMN 10 IJzerlaanbrug
657,Fietsbrug Ijzerlaanbrug,2022-10-12,03:00:00,10,5,5,FMN 10 IJzerlaanbrug
657,Fietsbrug Ijzerlaanbrug,2022-10-12,04:00:00,20,10,10,FMN 10 IJzerlaanbrug
657,Fietsbrug Ijzerlaanbrug,2022-10-12,05:00:00,45,23,22,FMN 10 IJzerlaanbrug
657,Fietsbrug Ijzerlaanbrug,2022-10-12,06:00:00,162,104,58,FMN 10 IJzerlaanbrug
657,Fietsbrug Ijzerlaanbrug,2022-10-12,07:00:00,462,327,135,FMN 10 IJzerlaanbrug
657,Fietsbrug Ijzerlaanbrug,2022-10-12,08:00:00,620,438,182,FMN 10 IJzerlaanbrug
657,Fietsbrug Ijzerlaanbrug,2022-10-12,09:00:00,225,170,55,FMN 10 IJzerlaanbrug
657,Fietsbrug Ijzerlaanbrug,2022-10-12,10:00:00,165,112,53,FMN 10 IJzerlaanbrug
657,Fietsbrug Ijzerlaanbrug,2022-10-12,11:00:00,189,104,85,FMN 10 IJzerlaanbrug
657,Fietsbrug Ijzerlaanbrug,2022-10-12,12:00:00,442,233,209,FMN 10 IJzerlaanbrug
657,Fietsbrug Ijzerlaanbrug,2022-10-12,13:00:00,310,139,171,FMN 10 IJzerlaanbrug
657,Fietsbrug Ijzerlaanbrug,2022-10-12,14:00:00,232,110,122,FMN 10 IJzerlaanbrug
657,Fietsbrug Ijzerlaanbrug,2022-10-12,15:00:00,279,114,165,FMN 10 IJzerlaanbrug
657,Fietsbrug Ijzerlaanbrug,2022-10-12,16:00:00,457,144,313,FMN 10 IJzerlaanbrug
657,Fietsbrug Ijzerlaanbrug,2022-10-12,17:00:00,477,133,344,FMN 10 IJzerlaanbrug
657,Fietsbrug Ijzerlaanbrug,2022-10-12,18:00:00,340,126,214,FMN 10 IJzerlaanbrug
657,Fietsbrug Ijzerlaanbrug,2022-10-12,19:00:00,170,79,91,FMN 10 IJzerlaanbrug
657,Fietsbrug Ijzerlaanbrug,2022-10-12,20:00:00,118,38,80,FMN 10 IJzerlaanbrug
657,Fietsbrug Ijzerlaanbrug,2022-10-12,21:00:00,116,39,77,FMN 10 IJzerlaanbrug
657,Fietsbrug Ijzerlaanbrug,2022-10-12,22:00:00,91,32,59,FMN 10 IJzerlaanbrug
657,Fietsbrug Ijzerlaanbrug,2022-10-12,23:00:00,47,12,35,FMN 10 IJzerlaanbrug
657,Fietsbrug Ijzerlaanbrug,2022-10-13,00:00:00,16,4,12,FMN 10 IJzerlaanbrug
657,Fietsbrug Ijzerlaanbrug,2022-10-13,01:00:00,16,2,14,FMN 10 IJzerlaanbrug
657,Fietsbrug Ijzerlaanbrug,2022-10-13,02:00:00,13,7,6,FMN 10 IJzerlaanbrug
657,Fietsbrug Ijzerlaanbrug,2022-10-13,03:00:00,8,2,6,FMN 10 IJzerlaanbrug
657,Fietsbrug Ijzerlaanbrug,2022-10-13,04:00:00,18,8,10,FMN 10 IJzerlaanbrug
657,Fietsbrug Ijzerlaanbrug,2022-10-13,05:00:00,45,27,18,FMN 10 IJzerlaanbrug
657,Fietsbrug Ijzerlaanbrug,2022-10-13,06:00:00,140,92,48,FMN 10 IJzerlaanbrug
657,Fietsbrug Ijzerlaanbrug,2022-10-13,07:00:00,429,308,121,FMN 10 IJzerlaanbrug
657,Fietsbrug Ijzerlaanbrug,2022-10-13,08:00:00,679,494,185,FMN 10 IJzerlaanbrug
657,Fietsbrug Ijzerlaanbrug,2022-10-13,09:00:00,236,190,46,FMN 10 IJzerlaanbrug
657,Fietsbrug Ijzerlaanbrug,2022-10-13,10:00:00,144,94,50,FMN 10 IJzerlaanbrug
657,Fietsbrug Ijzerlaanbrug,2022-10-13,11:00:00,107,60,47,FMN 10 IJzerlaanbrug
657,Fietsbrug Ijzerlaanbrug,2022-10-13,12:00:00,215,107,108,FMN 10 IJzerlaanbrug
657,Fietsbrug Ijzerlaanbrug,2022-10-13,13:00:00,149,68,81,FMN 10 IJzerlaanbrug
657,Fietsbrug Ijzerlaanbrug,2022-10-13,14:00:00,168,55,113,FMN 10 IJzerlaanbrug
657,Fietsbrug Ijzerlaanbrug,2022-10-13,15:00:00,319,132,187,FMN 10 IJzerlaanbrug
657,Fietsbrug Ijzerlaanbrug,2022-10-13,16:00:00,476,159,317,FMN 10 IJzerlaanbrug
657,Fietsbrug Ijzerlaanbrug,2022-10-13,17:00:00,461,127,334,FMN 10 IJzerlaanbrug
657,Fietsbrug Ijzerlaanbrug,2022-10-13,18:00:00,300,95,205,FMN 10 IJzerlaanbrug
657,Fietsbrug Ijzerlaanbrug,2022-10-13,19:00:00,157,57,100,FMN 10 IJzerlaanbrug
657,Fietsbrug Ijzerlaanbrug,2022-10-13,20:00:00,115,54,61,FMN 10 IJzerlaanbrug
657,Fietsbrug Ijzerlaanbrug,2022-10-13,21:00:00,71,23,48,FMN 10 IJzerlaanbrug
657,Fietsbrug Ijzerlaanbrug,2022-10-13,22:00:00,116,47,69,FMN 10 IJzerlaanbrug
657,Fietsbrug Ijzerlaanbrug,2022-10-13,23:00:00,57,18,39,FMN 10 IJzerlaanbrug
657,Fietsbrug Ijzerlaanbrug,2022-10-14,00:00:00,40,12,28,FMN 10 IJzerlaanbrug
657,Fietsbrug Ijzerlaanbrug,2022-10-14,01:00:00,22,9,13,FMN 10 IJzerlaanbrug
657,Fietsbrug Ijzerlaanbrug,2022-10-14,02:00:00,24,8,16,FMN 10 IJzerlaanbrug
657,Fietsbrug Ijzerlaanbrug,2022-10-14,03:00:00,9,4,5,FMN 10 IJzerlaanbrug
657,Fietsbrug Ijzerlaanbrug,2022-10-14,04:00:00,17,7,10,FMN 10 IJzerlaanbrug
657,Fietsbrug Ijzerlaanbrug,2022-10-14,05:00:00,56,32,24,FMN 10 IJzerlaanbrug
657,Fietsbrug Ijzerlaanbrug,2022-10-14,06:00:00,111,71,40,FMN 10 IJzerlaanbrug
657,Fietsbrug Ijzerlaanbrug,2022-10-14,07:00:00,377,267,110,FMN 10 IJzerlaanbrug
657,Fietsbrug Ijzerlaanbrug,2022-10-14,08:00:00,545,397,148,FMN 10 IJzerlaanbrug
657,Fietsbrug Ijzerlaanbrug,2022-10-14,09:00:00,167,117,50,FMN 10 IJzerlaanbrug
657,Fietsbrug Ijzerlaanbrug,2022-10-14,10:00:00,112,69,43,FMN 10 IJzerlaanbrug
657,Fietsbrug Ijzerlaanbrug,2022-10-14,11:00:00,124,76,48,FMN 10 IJzerlaanbrug
657,Fietsbrug Ijzerlaanbrug,2022-10-14,12:00:00,176,79,97,FMN 10 IJzerlaanbrug
657,Fietsbrug Ijzerlaanbrug,2022-10-14,13:00:00,142,65,77,FMN 10 IJzerlaanbrug
657,Fietsbrug Ijzerlaanbrug,2022-10-14,14:00:00,192,85,107,FMN 10 IJzerlaanbrug
657,Fietsbrug Ijzerlaanbrug,2022-10-14,15:00:00,349,147,202,FMN 10 IJzerlaanbrug
657,Fietsbrug Ijzerlaanbrug,2022-10-14,16:00:00,421,148,273,FMN 10 IJzerlaanbrug
657,Fietsbrug Ijzerlaanbrug,2022-10-14,17:00:00,357,114,243,FMN 10 IJzerlaanbrug
657,Fietsbrug Ijzerlaanbrug,2022-10-14,18:00:00,276,98,178,FMN 10 IJzerlaanbrug
657,Fietsbrug Ijzerlaanbrug,2022-10-14,19:00:00,182,91,91,FMN 10 IJzerlaanbrug
657,Fietsbrug Ijzerlaanbrug,2022-10-14,20:00:00,125,58,67,FMN 10 IJzerlaanbrug
657,Fietsbrug Ijzerlaanbrug,2022-10-14,21:00:00,120,73,47,FMN 10 IJzerlaanbrug
657,Fietsbrug Ijzerlaanbrug,2022-10-14,22:00:00,94,33,61,FMN 10 IJzerlaanbrug
657,Fietsbrug Ijzerlaanbrug,2022-10-14,23:00:00,80,24,56,FMN 10 IJzerlaanbrug
657,Fietsbrug Ijzerlaanbrug,2022-10-15,00:00:00,70,27,43,FMN 10 IJzerlaanbrug
657,Fietsbrug Ijzerlaanbrug,2022-10-15,01:00:00,67,14,53,FMN 10 IJzerlaanbrug
657,Fietsbrug Ijzerlaanbrug,2022-10-15,02:00:00,33,7,26,FMN 10 IJzerlaanbrug
657,Fietsbrug Ijzerlaanbrug,2022-10-15,03:00:00,33,8,25,FMN 10 IJzerlaanbrug
657,Fietsbrug Ijzerlaanbrug,2022-10-15,04:00:00,28,7,21,FMN 10 IJzerlaanbrug
657,Fietsbrug Ijzerlaanbrug,2022-10-15,05:00:00,25,14,11,FMN 10 IJzerlaanbrug
657,Fietsbrug Ijzerlaanbrug,2022-10-15,06:00:00,29,14,15,FMN 10 IJzerlaanbrug
657,Fietsbrug Ijzerlaanbrug,2022-10-15,07:00:00,36,19,17,FMN 10 IJzerlaanbrug
657,Fietsbrug Ijzerlaanbrug,2022-10-15,08:00:00,55,30,25,FMN 10 IJzerlaanbrug
657,Fietsbrug Ijzerlaanbrug,2022-10-15,09:00:00,112,71,41,FMN 10 IJzerlaanbrug
657,Fietsbrug Ijzerlaanbrug,2022-10-15,10:00:00,84,50,34,FMN 10 IJzerlaanbrug
657,Fietsbrug Ijzerlaanbrug,2022-10-15,11:00:00,106,62,44,FMN 10 IJzerlaanbrug
657,Fietsbrug Ijzerlaanbrug,2022-10-15,12:00:00,122,61,61,FMN 10 IJzerlaanbrug
657,Fietsbrug Ijzerlaanbrug,2022-10-15,13:00:00,127,72,55,FMN 10 IJzerlaanbrug
657,Fietsbrug Ijzerlaanbrug,2022-10-15,14:00:00,154,92,62,FMN 10 IJzerlaanbrug
657,Fietsbrug Ijzerlaanbrug,2022-10-15,15:00:00,164,77,87,FMN 10 IJzerlaanbrug
657,Fietsbrug Ijzerlaanbrug,2022-10-15,16:00:00,159,73,86,FMN 10 IJzerlaanbrug
657,Fietsbrug Ijzerlaanbrug,2022-10-15,17:00:00,148,80,68,FMN 10 IJzerlaanbrug
657,Fietsbrug Ijzerlaanbrug,2022-10-15,18:00:00,198,88,110,FMN 10 IJzerlaanbrug
657,Fietsbrug Ijzerlaanbrug,2022-10-15,19:00:00,142,86,56,FMN 10 IJzerlaanbrug
657,Fietsbrug Ijzerlaanbrug,2022-10-15,20:00:00,89,47,42,FMN 10 IJzerlaanbrug
657,Fietsbrug Ijzerlaanbrug,2022-10-15,21:00:00,88,31,57,FMN 10 IJzerlaanbrug
657,Fietsbrug Ijzerlaanbrug,2022-10-15,22:00:00,77,26,51,FMN 10 IJzerlaanbrug
657,Fietsbrug Ijzerlaanbrug,2022-10-15,23:00:00,83,27,56,FMN 10 IJzerlaanbrug
657,Fietsbrug Ijzerlaanbrug,2022-10-16,00:00:00,57,25,32,FMN 10 IJzerlaanbrug
657,Fietsbrug Ijzerlaanbrug,2022-10-16,01:00:00,41,13,28,FMN 10 IJzerlaanbrug
657,Fietsbrug Ijzerlaanbrug,2022-10-16,02:00:00,21,3,18,FMN 10 IJzerlaanbrug
657,Fietsbrug Ijzerlaanbrug,2022-10-16,03:00:00,33,8,25,FMN 10 IJzerlaanbrug
657,Fietsbrug Ijzerlaanbrug,2022-10-16,04:00:00,24,7,17,FMN 10 IJzerlaanbrug
657,Fietsbrug Ijzerlaanbrug,2022-10-16,05:00:00,32,11,21,FMN 10 IJzerlaanbrug
657,Fietsbrug Ijzerlaanbrug,2022-10-16,06:00:00,22,10,12,FMN 10 IJzerlaanbrug
657,Fietsbrug Ijzerlaanbrug,2022-10-16,07:00:00,19,12,7,FMN 10 IJzerlaanbrug
657,Fietsbrug Ijzerlaanbrug,2022-10-16,08:00:00,44,18,26,FMN 10 IJzerlaanbrug
657,Fietsbrug Ijzerlaanbrug,2022-10-16,09:00:00,127,80,47,FMN 10 IJzerlaanbrug
657,Fietsbrug Ijzerlaanbrug,2022-10-16,10:00:00,167,101,66,FMN 10 IJzerlaanbrug
657,Fietsbrug Ijzerlaanbrug,2022-10-16,11:00:00,175,104,71,FMN 10 IJzerlaanbrug
657,Fietsbrug Ijzerlaanbrug,2022-10-16,12:00:00,235,132,103,FMN 10 IJzerlaanbrug
657,Fietsbrug Ijzerlaanbrug,2022-10-16,13:00:00,207,116,91,FMN 10 IJzerlaanbrug
657,Fietsbrug Ijzerlaanbrug,2022-10-16,14:00:00,208,117,91,FMN 10 IJzerlaanbrug
657,Fietsbrug Ijzerlaanbrug,2022-10-16,15:00:00,233,108,125,FMN 10 IJzerlaanbrug
657,Fietsbrug Ijzerlaanbrug,2022-10-16,16:00:00,202,75,127,FMN 10 IJzerlaanbrug
657,Fietsbrug Ijzerlaanbrug,2022-10-16,17:00:00,219,95,124,FMN 10 IJzerlaanbrug
657,Fietsbrug Ijzerlaanbrug,2022-10-16,18:00:00,160,70,90,FMN 10 IJzerlaanbrug
657,Fietsbrug Ijzerlaanbrug,2022-10-16,19:00:00,119,53,66,FMN 10 IJzerlaanbrug
657,Fietsbrug Ijzerlaanbrug,2022-10-16,20:00:00,73,31,42,FMN 10 IJzerlaanbrug
657,Fietsbrug Ijzerlaanbrug,2022-10-16,21:00:00,69,33,36,FMN 10 IJzerlaanbrug
657,Fietsbrug Ijzerlaanbrug,2022-10-16,22:00:00,49,23,26,FMN 10 IJzerlaanbrug
657,Fietsbrug Ijzerlaanbrug,2022-10-16,23:00:00,35,12,23,FMN 10 IJzerlaanbrug
657,Fietsbrug Ijzerlaanbrug,2022-10-17,00:00:00,19,4,15,FMN 10 IJzerlaanbrug
657,Fietsbrug Ijzerlaanbrug,2022-10-17,01:00:00,10,3,7,FMN 10 IJzerlaanbrug
657,Fietsbrug Ijzerlaanbrug,2022-10-17,02:00:00,6,1,5,FMN 10 IJzerlaanbrug
657,Fietsbrug Ijzerlaanbrug,2022-10-17,03:00:00,6,3,3,FMN 10 IJzerlaanbrug
657,Fietsbrug Ijzerlaanbrug,2022-10-17,04:00:00,27,17,10,FMN 10 IJzerlaanbrug
657,Fietsbrug Ijzerlaanbrug,2022-10-17,05:00:00,41,26,15,FMN 10 IJzerlaanbrug
657,Fietsbrug Ijzerlaanbrug,2022-10-17,06:00:00,146,91,55,FMN 10 IJzerlaanbrug
657,Fietsbrug Ijzerlaanbrug,2022-10-17,07:00:00,447,329,118,FMN 10 IJzerlaanbrug
657,Fietsbrug Ijzerlaanbrug,2022-10-17,08:00:00,642,476,166,FMN 10 IJzerlaanbrug
657,Fietsbrug Ijzerlaanbrug,2022-10-17,09:00:00,132,86,46,FMN 10 IJzerlaanbrug
657,Fietsbrug Ijzerlaanbrug,2022-10-17,10:00:00,73,36,37,FMN 10 IJzerlaanbrug
657,Fietsbrug Ijzerlaanbrug,2022-10-17,11:00:00,79,43,36,FMN 10 IJzerlaanbrug
657,Fietsbrug Ijzerlaanbrug,2022-10-17,12:00:00,149,69,80,FMN 10 IJzerlaanbrug
657,Fietsbrug Ijzerlaanbrug,2022-10-17,13:00:00,132,70,62,FMN 10 IJzerlaanbrug
657,Fietsbrug Ijzerlaanbrug,2022-10-17,14:00:00,155,71,84,FMN 10 IJzerlaanbrug
657,Fietsbrug Ijzerlaanbrug,2022-10-17,15:00:00,315,133,182,FMN 10 IJzerlaanbrug
657,Fietsbrug Ijzerlaanbrug,2022-10-17,16:00:00,492,163,329,FMN 10 IJzerlaanbrug
657,Fietsbrug Ijzerlaanbrug,2022-10-17,17:00:00,458,134,324,FMN 10 IJzerlaanbrug
657,Fietsbrug Ijzerlaanbrug,2022-10-17,18:00:00,296,98,198,FMN 10 IJzerlaanbrug
657,Fietsbrug Ijzerlaanbrug,2022-10-17,19:00:00,158,42,116,FMN 10 IJzerlaanbrug
657,Fietsbrug Ijzerlaanbrug,2022-10-17,20:00:00,92,43,49,FMN 10 IJzerlaanbrug
657,Fietsbrug Ijzerlaanbrug,2022-10-17,21:00:00,90,41,49,FMN 10 IJzerlaanbrug
657,Fietsbrug Ijzerlaanbrug,2022-10-17,22:00:00,81,24,57,FMN 10 IJzerlaanbrug
657,Fietsbrug Ijzerlaanbrug,2022-10-17,23:00:00,41,15,26,FMN 10 IJzerlaanbrug
657,Fietsbrug Ijzerlaanbrug,2022-10-18,00:00:00,16,8,8,FMN 10 IJzerlaanbrug
657,Fietsbrug Ijzerlaanbrug,2022-10-18,01:00:00,14,5,9,FMN 10 IJzerlaanbrug
657,Fietsbrug Ijzerlaanbrug,2022-10-18,02:00:00,3,1,2,FMN 10 IJzerlaanbrug
657,Fietsbrug Ijzerlaanbrug,2022-10-18,03:00:00,9,4,5,FMN 10 IJzerlaanbrug
657,Fietsbrug Ijzerlaanbrug,2022-10-18,04:00:00,25,12,13,FMN 10 IJzerlaanbrug
657,Fietsbrug Ijzerlaanbrug,2022-10-18,05:00:00,54,33,21,FMN 10 IJzerlaanbrug
657,Fietsbrug Ijzerlaanbrug,2022-10-18,06:00:00,165,105,60,FMN 10 IJzerlaanbrug
657,Fietsbrug Ijzerlaanbrug,2022-10-18,07:00:00,513,367,146,FMN 10 IJzerlaanbrug
657,Fietsbrug Ijzerlaanbrug,2022-10-18,08:00:00,745,550,195,FMN 10 IJzerlaanbrug
657,Fietsbrug Ijzerlaanbrug,2022-10-18,09:00:00,253,187,66,FMN 10 IJzerlaanbrug
657,Fietsbrug Ijzerlaanbrug,2022-10-18,10:00:00,180,113,67,FMN 10 IJzerlaanbrug
657,Fietsbrug Ijzerlaanbrug,2022-10-18,11:00:00,157,90,67,FMN 10 IJzerlaanbrug
657,Fietsbrug Ijzerlaanbrug,2022-10-18,12:00:00,268,133,135,FMN 10 IJzerlaanbrug
657,Fietsbrug Ijzerlaanbrug,2022-10-18,13:00:00,254,141,113,FMN 10 IJzerlaanbrug
657,Fietsbrug Ijzerlaanbrug,2022-10-18,14:00:00,276,117,159,FMN 10 IJzerlaanbrug
657,Fietsbrug Ijzerlaanbrug,2022-10-18,15:00:00,483,205,278,FMN 10 IJzerlaanbrug
657,Fietsbrug Ijzerlaanbrug,2022-10-18,16:00:00,677,228,449,FMN 10 IJzerlaanbrug
657,Fietsbrug Ijzerlaanbrug,2022-10-18,17:00:00,619,155,464,FMN 10 IJzerlaanbrug
657,Fietsbrug Ijzerlaanbrug,2022-10-18,18:00:00,378,118,260,FMN 10 IJzerlaanbrug
657,Fietsbrug Ijzerlaanbrug,2022-10-18,19:00:00,226,98,128,FMN 10 IJzerlaanbrug
657,Fietsbrug Ijzerlaanbrug,2022-10-18,20:00:00,147,64,83,FMN 10 IJzerlaanbrug
657,Fietsbrug Ijzerlaanbrug,2022-10-18,21:00:00,103,52,51,FMN 10 IJzerlaanbrug
657,Fietsbrug Ijzerlaanbrug,2022-10-18,22:00:00,106,30,76,FMN 10 IJzerlaanbrug
657,Fietsbrug Ijzerlaanbrug,2022-10-18,23:00:00,71,13,58,FMN 10 IJzerlaanbrug
657,Fietsbrug Ijzerlaanbrug,2022-10-19,00:00:00,27,11,16,FMN 10 IJzerlaanbrug
657,Fietsbrug Ijzerlaanbrug,2022-10-19,01:00:00,16,7,9,FMN 10 IJzerlaanbrug
657,Fietsbrug Ijzerlaanbrug,2022-10-19,02:00:00,14,3,11,FMN 10 IJzerlaanbrug
657,Fietsbrug Ijzerlaanbrug,2022-10-19,03:00:00,8,4,4,FMN 10 IJzerlaanbrug
657,Fietsbrug Ijzerlaanbrug,2022-10-19,04:00:00,25,17,8,FMN 10 IJzerlaanbrug
657,Fietsbrug Ijzerlaanbrug,2022-10-19,05:00:00,60,31,29,FMN 10 IJzerlaanbrug
657,Fietsbrug Ijzerlaanbrug,2022-10-19,06:00:00,171,115,56,FMN 10 IJzerlaanbrug
657,Fietsbrug Ijzerlaanbrug,2022-10-19,07:00:00,466,343,123,FMN 10 IJzerlaanbrug
657,Fietsbrug Ijzerlaanbrug,2022-10-19,08:00:00,631,458,173,FMN 10 IJzerlaanbrug
657,Fietsbrug Ijzerlaanbrug,2022-10-19,09:00:00,226,158,68,FMN 10 IJzerlaanbrug
657,Fietsbrug Ijzerlaanbrug,2022-10-19,10:00:00,161,97,64,FMN 10 IJzerlaanbrug
657,Fietsbrug Ijzerlaanbrug,2022-10-19,11:00:00,180,91,89,FMN 10 IJzerlaanbrug
657,Fietsbrug Ijzerlaanbrug,2022-10-19,12:00:00,429,206,223,FMN 10 IJzerlaanbrug
657,Fietsbrug Ijzerlaanbrug,2022-10-19,13:00:00,318,145,173,FMN 10 IJzerlaanbrug
657,Fietsbrug Ijzerlaanbrug,2022-10-19,14:00:00,257,131,126,FMN 10 IJzerlaanbrug
657,Fietsbrug Ijzerlaanbrug,2022-10-19,15:00:00,353,149,204,FMN 10 IJzerlaanbrug
657,Fietsbrug Ijzerlaanbrug,2022-10-19,16:00:00,555,172,383,FMN 10 IJzerlaanbrug
657,Fietsbrug Ijzerlaanbrug,2022-10-19,17:00:00,526,158,368,FMN 10 IJzerlaanbrug
657,Fietsbrug Ijzerlaanbrug,2022-10-19,18:00:00,355,117,238,FMN 10 IJzerlaanbrug
657,Fietsbrug Ijzerlaanbrug,2022-10-19,19:00:00,168,77,91,FMN 10 IJzerlaanbrug
657,Fietsbrug Ijzerlaanbrug,2022-10-19,20:00:00,118,61,57,FMN 10 IJzerlaanbrug
657,Fietsbrug Ijzerlaanbrug,2022-10-19,21:00:00,100,36,64,FMN 10 IJzerlaanbrug
657,Fietsbrug Ijzerlaanbrug,2022-10-19,22:00:00,89,35,54,FMN 10 IJzerlaanbrug
657,Fietsbrug Ijzerlaanbrug,2022-10-19,23:00:00,62,20,42,FMN 10 IJzerlaanbrug
657,Fietsbrug Ijzerlaanbrug,2022-10-20,00:00:00,37,18,19,FMN 10 IJzerlaanbrug
657,Fietsbrug Ijzerlaanbrug,2022-10-20,01:00:00,17,3,14,FMN 10 IJzerlaanbrug
657,Fietsbrug Ijzerlaanbrug,2022-10-20,02:00:00,11,1,10,FMN 10 IJzerlaanbrug
657,Fietsbrug Ijzerlaanbrug,2022-10-20,03:00:00,10,5,5,FMN 10 IJzerlaanbrug
657,Fietsbrug Ijzerlaanbrug,2022-10-20,04:00:00,25,10,15,FMN 10 IJzerlaanbrug
657,Fietsbrug Ijzerlaanbrug,2022-10-20,05:00:00,46,31,15,FMN 10 IJzerlaanbrug
657,Fietsbrug Ijzerlaanbrug,2022-10-20,06:00:00,162,104,58,FMN 10 IJzerlaanbrug
657,Fietsbrug Ijzerlaanbrug,2022-10-20,07:00:00,453,324,129,FMN 10 IJzerlaanbrug
657,Fietsbrug Ijzerlaanbrug,2022-10-20,08:00:00,693,515,178,FMN 10 IJzerlaanbrug
657,Fietsbrug Ijzerlaanbrug,2022-10-20,09:00:00,193,153,40,FMN 10 IJzerlaanbrug
657,Fietsbrug Ijzerlaanbrug,2022-10-20,10:00:00,170,80,90,FMN 10 IJzerlaanbrug
657,Fietsbrug Ijzerlaanbrug,2022-10-20,11:00:00,95,51,44,FMN 10 IJzerlaanbrug
657,Fietsbrug Ijzerlaanbrug,2022-10-20,12:00:00,181,83,98,FMN 10 IJzerlaanbrug
657,Fietsbrug Ijzerlaanbrug,2022-10-20,13:00:00,169,81,88,FMN 10 IJzerlaanbrug
657,Fietsbrug Ijzerlaanbrug,2022-10-20,14:00:00,205,87,118,FMN 10 IJzerlaanbrug
657,Fietsbrug Ijzerlaanbrug,2022-10-20,15:00:00,355,156,199,FMN 10 IJzerlaanbrug
657,Fietsbrug Ijzerlaanbrug,2022-10-20,16:00:00,481,162,319,FMN 10 IJzerlaanbrug
657,Fietsbrug Ijzerlaanbrug,2022-10-20,17:00:00,523,160,363,FMN 10 IJzerlaanbrug
657,Fietsbrug Ijzerlaanbrug,2022-10-20,18:00:00,302,94,208,FMN 10 IJzerlaanbrug
657,Fietsbrug Ijzerlaanbrug,2022-10-20,19:00:00,173,64,109,FMN 10 IJzerlaanbrug
657,Fietsbrug Ijzerlaanbrug,2022-10-20,20:00:00,125,55,70,FMN 10 IJzerlaanbrug
657,Fietsbrug Ijzerlaanbrug,2022-10-20,21:00:00,104,35,69,FMN 10 IJzerlaanbrug
657,Fietsbrug Ijzerlaanbrug,2022-10-20,22:00:00,124,39,85,FMN 10 IJzerlaanbrug
657,Fietsbrug Ijzerlaanbrug,2022-10-20,23:00:00,59,22,37,FMN 10 IJzerlaanbrug
657,Fietsbrug Ijzerlaanbrug,2022-10-21,00:00:00,37,16,21,FMN 10 IJzerlaanbrug
657,Fietsbrug Ijzerlaanbrug,2022-10-21,01:00:00,21,6,15,FMN 10 IJzerlaanbrug
657,Fietsbrug Ijzerlaanbrug,2022-10-21,02:00:00,13,5,8,FMN 10 IJzerlaanbrug
657,Fietsbrug Ijzerlaanbrug,2022-10-21,03:00:00,11,4,7,FMN 10 IJzerlaanbrug
657,Fietsbrug Ijzerlaanbrug,2022-10-21,04:00:00,26,14,12,FMN 10 IJzerlaanbrug
657,Fietsbrug Ijzerlaanbrug,2022-10-21,05:00:00,62,37,25,FMN 10 IJzerlaanbrug
657,Fietsbrug Ijzerlaanbrug,2022-10-21,06:00:00,161,114,47,FMN 10 IJzerlaanbrug
657,Fietsbrug Ijzerlaanbrug,2022-10-21,07:00:00,391,268,123,FMN 10 IJzerlaanbrug
657,Fietsbrug Ijzerlaanbrug,2022-10-21,08:00:00,597,411,186,FMN 10 IJzerlaanbrug
657,Fietsbrug Ijzerlaanbrug,2022-10-21,09:00:00,202,136,66,FMN 10 IJzerlaanbrug
657,Fietsbrug Ijzerlaanbrug,2022-10-21,10:00:00,139,88,51,FMN 10 IJzerlaanbrug
657,Fietsbrug Ijzerlaanbrug,2022-10-21,11:00:00,165,80,85,FMN 10 IJzerlaanbrug
657,Fietsbrug Ijzerlaanbrug,2022-10-21,12:00:00,220,113,107,FMN 10 IJzerlaanbrug
657,Fietsbrug Ijzerlaanbrug,2022-10-21,13:00:00,241,127,114,FMN 10 IJzerlaanbrug
657,Fietsbrug Ijzerlaanbrug,2022-10-21,14:00:00,248,85,163,FMN 10 IJzerlaanbrug
657,Fietsbrug Ijzerlaanbrug,2022-10-21,15:00:00,497,173,324,FMN 10 IJzerlaanbrug
657,Fietsbrug Ijzerlaanbrug,2022-10-21,16:00:00,534,183,351,FMN 10 IJzerlaanbrug
657,Fietsbrug Ijzerlaanbrug,2022-10-21,17:00:00,447,152,295,FMN 10 IJzerlaanbrug
657,Fietsbrug Ijzerlaanbrug,2022-10-21,18:00:00,313,121,192,FMN 10 IJzerlaanbrug
657,Fietsbrug Ijzerlaanbrug,2022-10-21,19:00:00,220,109,111,FMN 10 IJzerlaanbrug
657,Fietsbrug Ijzerlaanbrug,2022-10-21,20:00:00,163,71,92,FMN 10 IJzerlaanbrug
657,Fietsbrug Ijzerlaanbrug,2022-10-21,21:00:00,99,43,56,FMN 10 IJzerlaanbrug
657,Fietsbrug Ijzerlaanbrug,2022-10-21,22:00:00,128,45,83,FMN 10 IJzerlaanbrug
657,Fietsbrug Ijzerlaanbrug,2022-10-21,23:00:00,92,37,55,FMN 10 IJzerlaanbrug
657,Fietsbrug Ijzerlaanbrug,2022-10-22,00:00:00,73,27,46,FMN 10 IJzerlaanbrug
657,Fietsbrug Ijzerlaanbrug,2022-10-22,01:00:00,46,19,27,FMN 10 IJzerlaanbrug
657,Fietsbrug Ijzerlaanbrug,2022-10-22,02:00:00,44,10,34,FMN 10 IJzerlaanbrug
657,Fietsbrug Ijzerlaanbrug,2022-10-22,03:00:00,36,14,22,FMN 10 IJzerlaanbrug
657,Fietsbrug Ijzerlaanbrug,2022-10-22,04:00:00,26,10,16,FMN 10 IJzerlaanbrug
657,Fietsbrug Ijzerlaanbrug,2022-10-22,05:00:00,29,12,17,FMN 10 IJzerlaanbrug
657,Fietsbrug Ijzerlaanbrug,2022-10-22,06:00:00,35,21,14,FMN 10 IJzerlaanbrug
657,Fietsbrug Ijzerlaanbrug,2022-10-22,07:00:00,34,18,16,FMN 10 IJzerlaanbrug
657,Fietsbrug Ijzerlaanbrug,2022-10-22,08:00:00,74,53,21,FMN 10 IJzerlaanbrug
657,Fietsbrug Ijzerlaanbrug,2022-10-22,09:00:00,132,82,50,FMN 10 IJzerlaanbrug
657,Fietsbrug Ijzerlaanbrug,2022-10-22,10:00:00,143,78,65,FMN 10 IJzerlaanbrug
657,Fietsbrug Ijzerlaanbrug,2022-10-22,11:00:00,170,104,66,FMN 10 IJzerlaanbrug
657,Fietsbrug Ijzerlaanbrug,2022-10-22,12:00:00,219,107,112,FMN 10 IJzerlaanbrug
657,Fietsbrug Ijzerlaanbrug,2022-10-22,13:00:00,239,141,98,FMN 10 IJzerlaanbrug
657,Fietsbrug Ijzerlaanbrug,2022-10-22,14:00:00,276,138,138,FMN 10 IJzerlaanbrug
657,Fietsbrug Ijzerlaanbrug,2022-10-22,15:00:00,196,82,114,FMN 10 IJzerlaanbrug
657,Fietsbrug Ijzerlaanbrug,2022-10-22,16:00:00,212,103,109,FMN 10 IJzerlaanbrug
657,Fietsbrug Ijzerlaanbrug,2022-10-22,17:00:00,230,98,132,FMN 10 IJzerlaanbrug
657,Fietsbrug Ijzerlaanbrug,2022-10-22,18:00:00,220,116,104,FMN 10 IJzerlaanbrug
657,Fietsbrug Ijzerlaanbrug,2022-10-22,19:00:00,160,79,81,FMN 10 IJzerlaanbrug
657,Fietsbrug Ijzerlaanbrug,2022-10-22,20:00:00,123,61,62,FMN 10 IJzerlaanbrug
657,Fietsbrug Ijzerlaanbrug,2022-10-22,21:00:00,97,53,44,FMN 10 IJzerlaanbrug
657,Fietsbrug Ijzerlaanbrug,2022-10-22,22:00:00,86,40,46,FMN 10 IJzerlaanbrug
657,Fietsbrug Ijzerlaanbrug,2022-10-22,23:00:00,98,23,75,FMN 10 IJzerlaanbrug
657,Fietsbrug Ijzerlaanbrug,2022-10-23,00:00:00,63,17,46,FMN 10 IJzerlaanbrug
657,Fietsbrug Ijzerlaanbrug,2022-10-23,01:00:00,54,18,36,FMN 10 IJzerlaanbrug
657,Fietsbrug Ijzerlaanbrug,2022-10-23,02:00:00,43,10,33,FMN 10 IJzerlaanbrug
657,Fietsbrug Ijzerlaanbrug,2022-10-23,03:00:00,47,12,35,FMN 10 IJzerlaanbrug
657,Fietsbrug Ijzerlaanbrug,2022-10-23,04:00:00,24,7,17,FMN 10 IJzerlaanbrug
657,Fietsbrug Ijzerlaanbrug,2022-10-23,05:00:00,24,10,14,FMN 10 IJzerlaanbrug
657,Fietsbrug Ijzerlaanbrug,2022-10-23,06:00:00,26,16,10,FMN 10 IJzerlaanbrug
657,Fietsbrug Ijzerlaanbrug,2022-10-23,07:00:00,27,15,12,FMN 10 IJzerlaanbrug
657,Fietsbrug Ijzerlaanbrug,2022-10-23,08:00:00,50,28,22,FMN 10 IJzerlaanbrug
657,Fietsbrug Ijzerlaanbrug,2022-10-23,09:00:00,139,78,61,FMN 10 IJzerlaanbrug
657,Fietsbrug Ijzerlaanbrug,2022-10-23,10:00:00,130,86,44,FMN 10 IJzerlaanbrug
657,Fietsbrug Ijzerlaanbrug,2022-10-23,11:00:00,135,82,53,FMN 10 IJzerlaanbrug
657,Fietsbrug Ijzerlaanbrug,2022-10-23,12:00:00,127,64,63,FMN 10 IJzerlaanbrug
657,Fietsbrug Ijzerlaanbrug,2022-10-23,13:00:00,186,98,88,FMN 10 IJzerlaanbrug
657,Fietsbrug Ijzerlaanbrug,2022-10-23,14:00:00,200,104,96,FMN 10 IJzerlaanbrug
657,Fietsbrug Ijzerlaanbrug,2022-10-23,15:00:00,173,63,110,FMN 10 IJzerlaanbrug
657,Fietsbrug Ijzerlaanbrug,2022-10-23,16:00:00,160,76,84,FMN 10 IJzerlaanbrug
657,Fietsbrug Ijzerlaanbrug,2022-10-23,17:00:00,186,77,109,FMN 10 IJzerlaanbrug
657,Fietsbrug Ijzerlaanbrug,2022-10-23,18:00:00,136,70,66,FMN 10 IJzerlaanbrug
657,Fietsbrug Ijzerlaanbrug,2022-10-23,19:00:00,127,53,74,FMN 10 IJzerlaanbrug
657,Fietsbrug Ijzerlaanbrug,2022-10-23,20:00:00,66,27,39,FMN 10 IJzerlaanbrug
657,Fietsbrug Ijzerlaanbrug,2022-10-23,21:00:00,66,36,30,FMN 10 IJzerlaanbrug
657,Fietsbrug Ijzerlaanbrug,2022-10-23,22:00:00,57,16,41,FMN 10 IJzerlaanbrug
657,Fietsbrug Ijzerlaanbrug,2022-10-23,23:00:00,27,9,18,FMN 10 IJzerlaanbrug
657,Fietsbrug Ijzerlaanbrug,2022-10-24,00:00:00,16,3,13,FMN 10 IJzerlaanbrug
657,Fietsbrug Ijzerlaanbrug,2022-10-24,01:00:00,10,4,6,FMN 10 IJzerlaanbrug
657,Fietsbrug Ijzerlaanbrug,2022-10-24,02:00:00,6,2,4,FMN 10 IJzerlaanbrug
657,Fietsbrug Ijzerlaanbrug,2022-10-24,03:00:00,7,3,4,FMN 10 IJzerlaanbrug
657,Fietsbrug Ijzerlaanbrug,2022-10-24,04:00:00,20,15,5,FMN 10 IJzerlaanbrug
657,Fietsbrug Ijzerlaanbrug,2022-10-24,05:00:00,45,29,16,FMN 10 IJzerlaanbrug
657,Fietsbrug Ijzerlaanbrug,2022-10-24,06:00:00,144,95,49,FMN 10 IJzerlaanbrug
657,Fietsbrug Ijzerlaanbrug,2022-10-24,07:00:00,448,320,128,FMN 10 IJzerlaanbrug
657,Fietsbrug Ijzerlaanbrug,2022-10-24,08:00:00,586,416,170,FMN 10 IJzerlaanbrug
657,Fietsbrug Ijzerlaanbrug,2022-10-24,09:00:00,191,142,49,FMN 10 IJzerlaanbrug
657,Fietsbrug Ijzerlaanbrug,2022-10-24,10:00:00,126,80,46,FMN 10 IJzerlaanbrug
657,Fietsbrug Ijzerlaanbrug,2022-10-24,11:00:00,114,72,42,FMN 10 IJzerlaanbrug
657,Fietsbrug Ijzerlaanbrug,2022-10-24,12:00:00,228,107,121,FMN 10 IJzerlaanbrug
657,Fietsbrug Ijzerlaanbrug,2022-10-24,13:00:00,148,71,77,FMN 10 IJzerlaanbrug
657,Fietsbrug Ijzerlaanbrug,2022-10-24,14:00:00,169,78,91,FMN 10 IJzerlaanbrug
657,Fietsbrug Ijzerlaanbrug,2022-10-24,15:00:00,319,134,185,FMN 10 IJzerlaanbrug
657,Fietsbrug Ijzerlaanbrug,2022-10-24,16:00:00,529,184,345,FMN 10 IJzerlaanbrug
657,Fietsbrug Ijzerlaanbrug,2022-10-24,17:00:00,510,141,369,FMN 10 IJzerlaanbrug
657,Fietsbrug Ijzerlaanbrug,2022-10-24,18:00:00,294,90,204,FMN 10 IJzerlaanbrug
657,Fietsbrug Ijzerlaanbrug,2022-10-24,19:00:00,143,55,88,FMN 10 IJzerlaanbrug
657,Fietsbrug Ijzerlaanbrug,2022-10-24,20:00:00,91,26,65,FMN 10 IJzerlaanbrug
657,Fietsbrug Ijzerlaanbrug,2022-10-24,21:00:00,101,41,60,FMN 10 IJzerlaanbrug
657,Fietsbrug Ijzerlaanbrug,2022-10-24,22:00:00,80,30,50,FMN 10 IJzerlaanbrug
657,Fietsbrug Ijzerlaanbrug,2022-10-24,23:00:00,31,8,23,FMN 10 IJzerlaanbrug
657,Fietsbrug Ijzerlaanbrug,2022-10-25,00:00:00,13,7,6,FMN 10 IJzerlaanbrug
657,Fietsbrug Ijzerlaanbrug,2022-10-25,01:00:00,9,6,3,FMN 10 IJzerlaanbrug
657,Fietsbrug Ijzerlaanbrug,2022-10-25,02:00:00,9,3,6,FMN 10 IJzerlaanbrug
657,Fietsbrug Ijzerlaanbrug,2022-10-25,03:00:00,7,1,6,FMN 10 IJzerlaanbrug
657,Fietsbrug Ijzerlaanbrug,2022-10-25,04:00:00,25,16,9,FMN 10 IJzerlaanbrug
657,Fietsbrug Ijzerlaanbrug,2022-10-25,05:00:00,58,36,22,FMN 10 IJzerlaanbrug
657,Fietsbrug Ijzerlaanbrug,2022-10-25,06:00:00,162,112,50,FMN 10 IJzerlaanbrug
657,Fietsbrug Ijzerlaanbrug,2022-10-25,07:00:00,548,405,143,FMN 10 IJzerlaanbrug
657,Fietsbrug Ijzerlaanbrug,2022-10-25,08:00:00,737,536,201,FMN 10 IJzerlaanbrug
657,Fietsbrug Ijzerlaanbrug,2022-10-25,09:00:00,229,155,74,FMN 10 IJzerlaanbrug
657,Fietsbrug Ijzerlaanbrug,2022-10-25,10:00:00,169,114,55,FMN 10 IJzerlaanbrug
657,Fietsbrug Ijzerlaanbrug,2022-10-25,11:00:00,160,94,66,FMN 10 IJzerlaanbrug
657,Fietsbrug Ijzerlaanbrug,2022-10-25,12:00:00,246,124,122,FMN 10 IJzerlaanbrug
657,Fietsbrug Ijzerlaanbrug,2022-10-25,13:00:00,220,104,116,FMN 10 IJzerlaanbrug
657,Fietsbrug Ijzerlaanbrug,2022-10-25,14:00:00,224,104,120,FMN 10 IJzerlaanbrug
657,Fietsbrug Ijzerlaanbrug,2022-10-25,15:00:00,442,183,259,FMN 10 IJzerlaanbrug
657,Fietsbrug Ijzerlaanbrug,2022-10-25,16:00:00,613,207,406,FMN 10 IJzerlaanbrug
657,Fietsbrug Ijzerlaanbrug,2022-10-25,17:00:00,584,144,440,FMN 10 IJzerlaanbrug
657,Fietsbrug Ijzerlaanbrug,2022-10-25,18:00:00,358,120,238,FMN 10 IJzerlaanbrug
657,Fietsbrug Ijzerlaanbrug,2022-10-25,19:00:00,198,72,126,FMN 10 IJzerlaanbrug
657,Fietsbrug Ijzerlaanbrug,2022-10-25,20:00:00,126,57,69,FMN 10 IJzerlaanbrug
657,Fietsbrug Ijzerlaanbrug,2022-10-25,21:00:00,109,41,68,FMN 10 IJzerlaanbrug
657,Fietsbrug Ijzerlaanbrug,2022-10-25,22:00:00,123,52,71,FMN 10 IJzerlaanbrug
657,Fietsbrug Ijzerlaanbrug,2022-10-25,23:00:00,48,12,36,FMN 10 IJzerlaanbrug
657,Fietsbrug Ijzerlaanbrug,2022-10-26,00:00:00,24,6,18,FMN 10 IJzerlaanbrug
657,Fietsbrug Ijzerlaanbrug,2022-10-26,01:00:00,18,4,14,FMN 10 IJzerlaanbrug
657,Fietsbrug Ijzerlaanbrug,2022-10-26,02:00:00,12,2,10,FMN 10 IJzerlaanbrug
657,Fietsbrug Ijzerlaanbrug,2022-10-26,03:00:00,6,2,4,FMN 10 IJzerlaanbrug
657,Fietsbrug Ijzerlaanbrug,2022-10-26,04:00:00,29,14,15,FMN 10 IJzerlaanbrug
657,Fietsbrug Ijzerlaanbrug,2022-10-26,05:00:00,63,32,31,FMN 10 IJzerlaanbrug
657,Fietsbrug Ijzerlaanbrug,2022-10-26,06:00:00,151,103,48,FMN 10 IJzerlaanbrug
657,Fietsbrug Ijzerlaanbrug,2022-10-26,07:00:00,467,321,146,FMN 10 IJzerlaanbrug
657,Fietsbrug Ijzerlaanbrug,2022-10-26,08:00:00,636,451,185,FMN 10 IJzerlaanbrug
657,Fietsbrug Ijzerlaanbrug,2022-10-26,09:00:00,259,184,75,FMN 10 IJzerlaanbrug
657,Fietsbrug Ijzerlaanbrug,2022-10-26,10:00:00,192,103,89,FMN 10 IJzerlaanbrug
657,Fietsbrug Ijzerlaanbrug,2022-10-26,11:00:00,217,134,83,FMN 10 IJzerlaanbrug
657,Fietsbrug Ijzerlaanbrug,2022-10-26,12:00:00,439,225,214,FMN 10 IJzerlaanbrug
657,Fietsbrug Ijzerlaanbrug,2022-10-26,13:00:00,324,153,171,FMN 10 IJzerlaanbrug
657,Fietsbrug Ijzerlaanbrug,2022-10-26,14:00:00,282,120,162,FMN 10 IJzerlaanbrug
657,Fietsbrug Ijzerlaanbrug,2022-10-26,15:00:00,314,142,172,FMN 10 IJzerlaanbrug
657,Fietsbrug Ijzerlaanbrug,2022-10-26,16:00:00,479,172,307,FMN 10 IJzerlaanbrug
657,Fietsbrug Ijzerlaanbrug,2022-10-26,17:00:00,516,163,353,FMN 10 IJzerlaanbrug
657,Fietsbrug Ijzerlaanbrug,2022-10-26,18:00:00,360,122,238,FMN 10 IJzerlaanbrug
657,Fietsbrug Ijzerlaanbrug,2022-10-26,19:00:00,183,77,106,FMN 10 IJzerlaanbrug
657,Fietsbrug Ijzerlaanbrug,2022-10-26,20:00:00,139,53,86,FMN 10 IJzerlaanbrug
657,Fietsbrug Ijzerlaanbrug,2022-10-26,21:00:00,107,46,61,FMN 10 IJzerlaanbrug
657,Fietsbrug Ijzerlaanbrug,2022-10-26,22:00:00,113,41,72,FMN 10 IJzerlaanbrug
657,Fietsbrug Ijzerlaanbrug,2022-10-26,23:00:00,55,17,38,FMN 10 IJzerlaanbrug
657,Fietsbrug Ijzerlaanbrug,2022-10-27,00:00:00,25,6,19,FMN 10 IJzerlaanbrug
657,Fietsbrug Ijzerlaanbrug,2022-10-27,01:00:00,30,9,21,FMN 10 IJzerlaanbrug
657,Fietsbrug Ijzerlaanbrug,2022-10-27,02:00:00,9,1,8,FMN 10 IJzerlaanbrug
657,Fietsbrug Ijzerlaanbrug,2022-10-27,03:00:00,15,6,9,FMN 10 IJzerlaanbrug
657,Fietsbrug Ijzerlaanbrug,2022-10-27,04:00:00,19,11,8,FMN 10 IJzerlaanbrug
657,Fietsbrug Ijzerlaanbrug,2022-10-27,05:00:00,67,35,32,FMN 10 IJzerlaanbrug
657,Fietsbrug Ijzerlaanbrug,2022-10-27,06:00:00,158,104,54,FMN 10 IJzerlaanbrug
657,Fietsbrug Ijzerlaanbrug,2022-10-27,07:00:00,483,347,136,FMN 10 IJzerlaanbrug
657,Fietsbrug Ijzerlaanbrug,2022-10-27,08:00:00,753,550,203,FMN 10 IJzerlaanbrug
657,Fietsbrug Ijzerlaanbrug,2022-10-27,09:00:00,274,193,81,FMN 10 IJzerlaanbrug
657,Fietsbrug Ijzerlaanbrug,2022-10-27,10:00:00,202,138,64,FMN 10 IJzerlaanbrug
657,Fietsbrug Ijzerlaanbrug,2022-10-27,11:00:00,181,114,67,FMN 10 IJzerlaanbrug
657,Fietsbrug Ijzerlaanbrug,2022-10-27,12:00:00,284,135,149,FMN 10 IJzerlaanbrug
657,Fietsbrug Ijzerlaanbrug,2022-10-27,13:00:00,241,118,123,FMN 10 IJzerlaanbrug
657,Fietsbrug Ijzerlaanbrug,2022-10-27,14:00:00,261,126,135,FMN 10 IJzerlaanbrug
657,Fietsbrug Ijzerlaanbrug,2022-10-27,15:00:00,431,179,252,FMN 10 IJzerlaanbrug
657,Fietsbrug Ijzerlaanbrug,2022-10-27,16:00:00,602,191,411,FMN 10 IJzerlaanbrug
657,Fietsbrug Ijzerlaanbrug,2022-10-27,17:00:00,606,186,420,FMN 10 IJzerlaanbrug
657,Fietsbrug Ijzerlaanbrug,2022-10-27,18:00:00,362,119,243,FMN 10 IJzerlaanbrug
657,Fietsbrug Ijzerlaanbrug,2022-10-27,19:00:00,214,79,135,FMN 10 IJzerlaanbrug
657,Fietsbrug Ijzerlaanbrug,2022-10-27,20:00:00,160,66,94,FMN 10 IJzerlaanbrug
657,Fietsbrug Ijzerlaanbrug,2022-10-27,21:00:00,130,46,84,FMN 10 IJzerlaanbrug
657,Fietsbrug Ijzerlaanbrug,2022-10-27,22:00:00,108,39,69,FMN 10 IJzerlaanbrug
657,Fietsbrug Ijzerlaanbrug,2022-10-27,23:00:00,72,30,42,FMN 10 IJzerlaanbrug
657,Fietsbrug Ijzerlaanbrug,2022-10-28,00:00:00,29,11,18,FMN 10 IJzerlaanbrug
657,Fietsbrug Ijzerlaanbrug,2022-10-28,01:00:00,20,5,15,FMN 10 IJzerlaanbrug
657,Fietsbrug Ijzerlaanbrug,2022-10-28,02:00:00,23,10,13,FMN 10 IJzerlaanbrug
657,Fietsbrug Ijzerlaanbrug,2022-10-28,03:00:00,13,5,8,FMN 10 IJzerlaanbrug
657,Fietsbrug Ijzerlaanbrug,2022-10-28,04:00:00,39,15,24,FMN 10 IJzerlaanbrug
657,Fietsbrug Ijzerlaanbrug,2022-10-28,05:00:00,64,36,28,FMN 10 IJzerlaanbrug
657,Fietsbrug Ijzerlaanbrug,2022-10-28,06:00:00,148,87,61,FMN 10 IJzerlaanbrug
657,Fietsbrug Ijzerlaanbrug,2022-10-28,07:00:00,450,301,149,FMN 10 IJzerlaanbrug
657,Fietsbrug Ijzerlaanbrug,2022-10-28,08:00:00,643,473,170,FMN 10 IJzerlaanbrug
657,Fietsbrug Ijzerlaanbrug,2022-10-28,09:00:00,245,173,72,FMN 10 IJzerlaanbrug
657,Fietsbrug Ijzerlaanbrug,2022-10-28,10:00:00,199,135,64,FMN 10 IJzerlaanbrug
657,Fietsbrug Ijzerlaanbrug,2022-10-28,11:00:00,191,100,91,FMN 10 IJzerlaanbrug
657,Fietsbrug Ijzerlaanbrug,2022-10-28,12:00:00,332,161,171,FMN 10 IJzerlaanbrug
657,Fietsbrug Ijzerlaanbrug,2022-10-28,13:00:00,250,131,119,FMN 10 IJzerlaanbrug
657,Fietsbrug Ijzerlaanbrug,2022-10-28,14:00:00,320,136,184,FMN 10 IJzerlaanbrug
657,Fietsbrug Ijzerlaanbrug,2022-10-28,15:00:00,446,194,252,FMN 10 IJzerlaanbrug
657,Fietsbrug Ijzerlaanbrug,2022-10-28,16:00:00,539,164,375,FMN 10 IJzerlaanbrug
657,Fietsbrug Ijzerlaanbrug,2022-10-28,17:00:00,519,163,356,FMN 10 IJzerlaanbrug
657,Fietsbrug Ijzerlaanbrug,2022-10-28,18:00:00,364,137,227,FMN 10 IJzerlaanbrug
657,Fietsbrug Ijzerlaanbrug,2022-10-28,19:00:00,251,117,134,FMN 10 IJzerlaanbrug
657,Fietsbrug Ijzerlaanbrug,2022-10-28,20:00:00,165,79,86,FMN 10 IJzerlaanbrug
657,Fietsbrug Ijzerlaanbrug,2022-10-28,21:00:00,120,62,58,FMN 10 IJzerlaanbrug
657,Fietsbrug Ijzerlaanbrug,2022-10-28,22:00:00,112,42,70,FMN 10 IJzerlaanbrug
657,Fietsbrug Ijzerlaanbrug,2022-10-28,23:00:00,100,29,71,FMN 10 IJzerlaanbrug
657,Fietsbrug Ijzerlaanbrug,2022-10-29,00:00:00,98,25,73,FMN 10 IJzerlaanbrug
657,Fietsbrug Ijzerlaanbrug,2022-10-29,01:00:00,55,18,37,FMN 10 IJzerlaanbrug
657,Fietsbrug Ijzerlaanbrug,2022-10-29,02:00:00,44,13,31,FMN 10 IJzerlaanbrug
657,Fietsbrug Ijzerlaanbrug,2022-10-29,03:00:00,38,10,28,FMN 10 IJzerlaanbrug
657,Fietsbrug Ijzerlaanbrug,2022-10-29,04:00:00,32,11,21,FMN 10 IJzerlaanbrug
657,Fietsbrug Ijzerlaanbrug,2022-10-29,05:00:00,45,18,27,FMN 10 IJzerlaanbrug
657,Fietsbrug Ijzerlaanbrug,2022-10-29,06:00:00,23,11,12,FMN 10 IJzerlaanbrug
657,Fietsbrug Ijzerlaanbrug,2022-10-29,07:00:00,40,18,22,FMN 10 IJzerlaanbrug
657,Fietsbrug Ijzerlaanbrug,2022-10-29,08:00:00,56,29,27,FMN 10 IJzerlaanbrug
657,Fietsbrug Ijzerlaanbrug,2022-10-29,09:00:00,135,87,48,FMN 10 IJzerlaanbrug
657,Fietsbrug Ijzerlaanbrug,2022-10-29,10:00:00,156,95,61,FMN 10 IJzerlaanbrug
657,Fietsbrug Ijzerlaanbrug,2022-10-29,11:00:00,189,120,69,FMN 10 IJzerlaanbrug
657,Fietsbrug Ijzerlaanbrug,2022-10-29,12:00:00,228,137,91,FMN 10 IJzerlaanbrug
657,Fietsbrug Ijzerlaanbrug,2022-10-29,13:00:00,279,157,122,FMN 10 IJzerlaanbrug
657,Fietsbrug Ijzerlaanbrug,2022-10-29,14:00:00,314,174,140,FMN 10 IJzerlaanbrug
657,Fietsbrug Ijzerlaanbrug,2022-10-29,15:00:00,261,119,142,FMN 10 IJzerlaanbrug
657,Fietsbrug Ijzerlaanbrug,2022-10-29,16:00:00,317,128,189,FMN 10 IJzerlaanbrug
657,Fietsbrug Ijzerlaanbrug,2022-10-29,17:00:00,258,126,132,FMN 10 IJzerlaanbrug
657,Fietsbrug Ijzerlaanbrug,2022-10-29,18:00:00,238,106,132,FMN 10 IJzerlaanbrug
657,Fietsbrug Ijzerlaanbrug,2022-10-29,19:00:00,173,92,81,FMN 10 IJzerlaanbrug
657,Fietsbrug Ijzerlaanbrug,2022-10-29,20:00:00,124,62,62,FMN 10 IJzerlaanbrug
657,Fietsbrug Ijzerlaanbrug,2022-10-29,21:00:00,91,48,43,FMN 10 IJzerlaanbrug
657,Fietsbrug Ijzerlaanbrug,2022-10-29,22:00:00,78,30,48,FMN 10 IJzerlaanbrug
657,Fietsbrug Ijzerlaanbrug,2022-10-29,23:00:00,94,22,72,FMN 10 IJzerlaanbrug
657,Fietsbrug Ijzerlaanbrug,2022-10-30,00:00:00,67,23,44,FMN 10 IJzerlaanbrug
657,Fietsbrug Ijzerlaanbrug,2022-10-30,01:00:00,42,11,31,FMN 10 IJzerlaanbrug
657,Fietsbrug Ijzerlaanbrug,2022-10-30,02:00:00,71,21,50,FMN 10 IJzerlaanbrug
657,Fietsbrug Ijzerlaanbrug,2022-10-30,03:00:00,21,3,18,FMN 10 IJzerlaanbrug
657,Fietsbrug Ijzerlaanbrug,2022-10-30,04:00:00,22,7,15,FMN 10 IJzerlaanbrug
657,Fietsbrug Ijzerlaanbrug,2022-10-30,05:00:00,23,8,15,FMN 10 IJzerlaanbrug
657,Fietsbrug Ijzerlaanbrug,2022-10-30,06:00:00,35,18,17,FMN 10 IJzerlaanbrug
657,Fietsbrug Ijzerlaanbrug,2022-10-30,07:00:00,29,14,15,FMN 10 IJzerlaanbrug
657,Fietsbrug Ijzerlaanbrug,2022-10-30,08:00:00,63,41,22,FMN 10 IJzerlaanbrug
657,Fietsbrug Ijzerlaanbrug,2022-10-30,09:00:00,172,114,58,FMN 10 IJzerlaanbrug
657,Fietsbrug Ijzerlaanbrug,2022-10-30,10:00:00,181,107,74,FMN 10 IJzerlaanbrug
657,Fietsbrug Ijzerlaanbrug,2022-10-30,11:00:00,207,125,82,FMN 10 IJzerlaanbrug
657,Fietsbrug Ijzerlaanbrug,2022-10-30,12:00:00,225,153,72,FMN 10 IJzerlaanbrug
657,Fietsbrug Ijzerlaanbrug,2022-10-30,13:00:00,261,159,102,FMN 10 IJzerlaanbrug
657,Fietsbrug Ijzerlaanbrug,2022-10-30,14:00:00,301,176,125,FMN 10 IJzerlaanbrug
657,Fietsbrug Ijzerlaanbrug,2022-10-30,15:00:00,260,103,157,FMN 10 IJzerlaanbrug
657,Fietsbrug Ijzerlaanbrug,2022-10-30,16:00:00,247,73,174,FMN 10 IJzerlaanbrug
657,Fietsbrug Ijzerlaanbrug,2022-10-30,17:00:00,201,76,125,FMN 10 IJzerlaanbrug
657,Fietsbrug Ijzerlaanbrug,2022-10-30,18:00:00,131,55,76,FMN 10 IJzerlaanbrug
657,Fietsbrug Ijzerlaanbrug,2022-10-30,19:00:00,105,37,68,FMN 10 IJzerlaanbrug
657,Fietsbrug Ijzerlaanbrug,2022-10-30,20:00:00,89,29,60,FMN 10 IJzerlaanbrug
657,Fietsbrug Ijzerlaanbrug,2022-10-30,21:00:00,77,32,45,FMN 10 IJzerlaanbrug
657,Fietsbrug Ijzerlaanbrug,2022-10-30,22:00:00,70,22,48,FMN 10 IJzerlaanbrug
657,Fietsbrug Ijzerlaanbrug,2022-10-30,23:00:00,48,16,32,FMN 10 IJzerlaanbrug
657,Fietsbrug Ijzerlaanbrug,2022-10-31,00:00:00,29,5,24,FMN 10 IJzerlaanbrug
657,Fietsbrug Ijzerlaanbrug,2022-10-31,01:00:00,25,4,21,FMN 10 IJzerlaanbrug
657,Fietsbrug Ijzerlaanbrug,2022-10-31,02:00:00,3,3,0,FMN 10 IJzerlaanbrug
657,Fietsbrug Ijzerlaanbrug,2022-10-31,03:00:00,11,4,7,FMN 10 IJzerlaanbrug
657,Fietsbrug Ijzerlaanbrug,2022-10-31,04:00:00,19,14,5,FMN 10 IJzerlaanbrug
657,Fietsbrug Ijzerlaanbrug,2022-10-31,05:00:00,37,21,16,FMN 10 IJzerlaanbrug
657,Fietsbrug Ijzerlaanbrug,2022-10-31,06:00:00,73,42,31,FMN 10 IJzerlaanbrug
657,Fietsbrug Ijzerlaanbrug,2022-10-31,07:00:00,163,111,52,FMN 10 IJzerlaanbrug
657,Fietsbrug Ijzerlaanbrug,2022-10-31,08:00:00,183,127,56,FMN 10 IJzerlaanbrug
657,Fietsbrug Ijzerlaanbrug,2022-10-31,09:00:00,128,78,50,FMN 10 IJzerlaanbrug
657,Fietsbrug Ijzerlaanbrug,2022-10-31,10:00:00,85,50,35,FMN 10 IJzerlaanbrug
657,Fietsbrug Ijzerlaanbrug,2022-10-31,11:00:00,109,60,49,FMN 10 IJzerlaanbrug
657,Fietsbrug Ijzerlaanbrug,2022-10-31,12:00:00,143,78,65,FMN 10 IJzerlaanbrug
657,Fietsbrug Ijzerlaanbrug,2022-10-31,13:00:00,165,91,74,FMN 10 IJzerlaanbrug
657,Fietsbrug Ijzerlaanbrug,2022-10-31,14:00:00,172,85,87,FMN 10 IJzerlaanbrug
657,Fietsbrug Ijzerlaanbrug,2022-10-31,15:00:00,205,91,114,FMN 10 IJzerlaanbrug
657,Fietsbrug Ijzerlaanbrug,2022-10-31,16:00:00,320,137,183,FMN 10 IJzerlaanbrug
657,Fietsbrug Ijzerlaanbrug,2022-10-31,17:00:00,311,107,204,FMN 10 IJzerlaanbrug
657,Fietsbrug Ijzerlaanbrug,2022-10-31,18:00:00,172,65,107,FMN 10 IJzerlaanbrug
657,Fietsbrug Ijzerlaanbrug,2022-10-31,19:00:00,133,70,63,FMN 10 IJzerlaanbrug
657,Fietsbrug Ijzerlaanbrug,2022-10-31,20:00:00,113,51,62,FMN 10 IJzerlaanbrug
657,Fietsbrug Ijzerlaanbrug,2022-10-31,21:00:00,94,54,40,FMN 10 IJzerlaanbrug
657,Fietsbrug Ijzerlaanbrug,2022-10-31,22:00:00,82,23,59,FMN 10 IJzerlaanbrug
657,Fietsbrug Ijzerlaanbrug,2022-10-31,23:00:00,48,18,30,FMN 10 IJzerlaanbrug
657,Fietsbrug Ijzerlaanbrug,2022-11-01,00:00:00,25,15,10,FMN 10 IJzerlaanbrug
657,Fietsbrug Ijzerlaanbrug,2022-11-01,01:00:00,24,7,17,FMN 10 IJzerlaanbrug
657,Fietsbrug Ijzerlaanbrug,2022-11-01,02:00:00,36,11,25,FMN 10 IJzerlaanbrug
657,Fietsbrug Ijzerlaanbrug,2022-11-01,03:00:00,17,6,11,FMN 10 IJzerlaanbrug
657,Fietsbrug Ijzerlaanbrug,2022-11-01,04:00:00,17,7,10,FMN 10 IJzerlaanbrug
657,Fietsbrug Ijzerlaanbrug,2022-11-01,05:00:00,20,8,12,FMN 10 IJzerlaanbrug
657,Fietsbrug Ijzerlaanbrug,2022-11-01,06:00:00,26,13,13,FMN 10 IJzerlaanbrug
657,Fietsbrug Ijzerlaanbrug,2022-11-01,07:00:00,40,22,18,FMN 10 IJzerlaanbrug
657,Fietsbrug Ijzerlaanbrug,2022-11-01,08:00:00,44,32,12,FMN 10 IJzerlaanbrug
657,Fietsbrug Ijzerlaanbrug,2022-11-01,09:00:00,108,63,45,FMN 10 IJzerlaanbrug
657,Fietsbrug Ijzerlaanbrug,2022-11-01,10:00:00,135,75,60,FMN 10 IJzerlaanbrug
657,Fietsbrug Ijzerlaanbrug,2022-11-01,11:00:00,134,86,48,FMN 10 IJzerlaanbrug
657,Fietsbrug Ijzerlaanbrug,2022-11-01,12:00:00,171,106,65,FMN 10 IJzerlaanbrug
657,Fietsbrug Ijzerlaanbrug,2022-11-01,13:00:00,194,121,73,FMN 10 IJzerlaanbrug
657,Fietsbrug Ijzerlaanbrug,2022-11-01,14:00:00,182,99,83,FMN 10 IJzerlaanbrug
657,Fietsbrug Ijzerlaanbrug,2022-11-01,15:00:00,205,100,105,FMN 10 IJzerlaanbrug
657,Fietsbrug Ijzerlaanbrug,2022-11-01,16:00:00,204,75,129,FMN 10 IJzerlaanbrug
657,Fietsbrug Ijzerlaanbrug,2022-11-01,17:00:00,185,85,100,FMN 10 IJzerlaanbrug
657,Fietsbrug Ijzerlaanbrug,2022-11-01,18:00:00,106,49,57,FMN 10 IJzerlaanbrug
657,Fietsbrug Ijzerlaanbrug,2022-11-01,19:00:00,88,38,50,FMN 10 IJzerlaanbrug
657,Fietsbrug Ijzerlaanbrug,2022-11-01,20:00:00,58,25,33,FMN 10 IJzerlaanbrug
657,Fietsbrug Ijzerlaanbrug,2022-11-01,21:00:00,51,12,39,FMN 10 IJzerlaanbrug
657,Fietsbrug Ijzerlaanbrug,2022-11-01,22:00:00,56,20,36,FMN 10 IJzerlaanbrug
657,Fietsbrug Ijzerlaanbrug,2022-11-01,23:00:00,32,13,19,FMN 10 IJzerlaanbrug
657,Fietsbrug Ijzerlaanbrug,2022-11-02,00:00:00,29,6,23,FMN 10 IJzerlaanbrug
657,Fietsbrug Ijzerlaanbrug,2022-11-02,01:00:00,13,3,10,FMN 10 IJzerlaanbrug
657,Fietsbrug Ijzerlaanbrug,2022-11-02,02:00:00,9,5,4,FMN 10 IJzerlaanbrug
657,Fietsbrug Ijzerlaanbrug,2022-11-02,03:00:00,7,5,2,FMN 10 IJzerlaanbrug
657,Fietsbrug Ijzerlaanbrug,2022-11-02,04:00:00,21,16,5,FMN 10 IJzerlaanbrug
657,Fietsbrug Ijzerlaanbrug,2022-11-02,05:00:00,45,29,16,FMN 10 IJzerlaanbrug
657,Fietsbrug Ijzerlaanbrug,2022-11-02,06:00:00,114,73,41,FMN 10 IJzerlaanbrug
657,Fietsbrug Ijzerlaanbrug,2022-11-02,07:00:00,226,154,72,FMN 10 IJzerlaanbrug
657,Fietsbrug Ijzerlaanbrug,2022-11-02,08:00:00,298,217,81,FMN 10 IJzerlaanbrug
657,Fietsbrug Ijzerlaanbrug,2022-11-02,09:00:00,177,137,40,FMN 10 IJzerlaanbrug
657,Fietsbrug Ijzerlaanbrug,2022-11-02,10:00:00,127,77,50,FMN 10 IJzerlaanbrug
657,Fietsbrug Ijzerlaanbrug,2022-11-02,11:00:00,136,87,49,FMN 10 IJzerlaanbrug
657,Fietsbrug Ijzerlaanbrug,2022-11-02,12:00:00,188,108,80,FMN 10 IJzerlaanbrug
657,Fietsbrug Ijzerlaanbrug,2022-11-02,13:00:00,208,111,97,FMN 10 IJzerlaanbrug
657,Fietsbrug Ijzerlaanbrug,2022-11-02,14:00:00,208,96,112,FMN 10 IJzerlaanbrug
657,Fietsbrug Ijzerlaanbrug,2022-11-02,15:00:00,240,89,151,FMN 10 IJzerlaanbrug
657,Fietsbrug Ijzerlaanbrug,2022-11-02,16:00:00,371,179,192,FMN 10 IJzerlaanbrug
657,Fietsbrug Ijzerlaanbrug,2022-11-02,17:00:00,400,120,280,FMN 10 IJzerlaanbrug
657,Fietsbrug Ijzerlaanbrug,2022-11-02,18:00:00,255,87,168,FMN 10 IJzerlaanbrug
657,Fietsbrug Ijzerlaanbrug,2022-11-02,19:00:00,159,62,97,FMN 10 IJzerlaanbrug
657,Fietsbrug Ijzerlaanbrug,2022-11-02,20:00:00,91,42,49,FMN 10 IJzerlaanbrug
657,Fietsbrug Ijzerlaanbrug,2022-11-02,21:00:00,65,29,36,FMN 10 IJzerlaanbrug
657,Fietsbrug Ijzerlaanbrug,2022-11-02,22:00:00,84,36,48,FMN 10 IJzerlaanbrug
657,Fietsbrug Ijzerlaanbrug,2022-11-02,23:00:00,45,10,35,FMN 10 IJzerlaanbrug
657,Fietsbrug Ijzerlaanbrug,2022-11-03,00:00:00,14,5,9,FMN 10 IJzerlaanbrug
657,Fietsbrug Ijzerlaanbrug,2022-11-03,01:00:00,20,9,11,FMN 10 IJzerlaanbrug
657,Fietsbrug Ijzerlaanbrug,2022-11-03,02:00:00,21,6,15,FMN 10 IJzerlaanbrug
657,Fietsbrug Ijzerlaanbrug,2022-11-03,03:00:00,10,4,6,FMN 10 IJzerlaanbrug
657,Fietsbrug Ijzerlaanbrug,2022-11-03,04:00:00,22,16,6,FMN 10 IJzerlaanbrug
657,Fietsbrug Ijzerlaanbrug,2022-11-03,05:00:00,57,38,19,FMN 10 IJzerlaanbrug
657,Fietsbrug Ijzerlaanbrug,2022-11-03,06:00:00,121,69,52,FMN 10 IJzerlaanbrug
657,Fietsbrug Ijzerlaanbrug,2022-11-03,07:00:00,251,179,72,FMN 10 IJzerlaanbrug
657,Fietsbrug Ijzerlaanbrug,2022-11-03,08:00:00,314,243,71,FMN 10 IJzerlaanbrug
657,Fietsbrug Ijzerlaanbrug,2022-11-03,09:00:00,163,115,48,FMN 10 IJzerlaanbrug
657,Fietsbrug Ijzerlaanbrug,2022-11-03,10:00:00,111,61,50,FMN 10 IJzerlaanbrug
657,Fietsbrug Ijzerlaanbrug,2022-11-03,11:00:00,114,66,48,FMN 10 IJzerlaanbrug
657,Fietsbrug Ijzerlaanbrug,2022-11-03,12:00:00,164,84,80,FMN 10 IJzerlaanbrug
657,Fietsbrug Ijzerlaanbrug,2022-11-03,13:00:00,151,72,79,FMN 10 IJzerlaanbrug
657,Fietsbrug Ijzerlaanbrug,2022-11-03,14:00:00,144,61,83,FMN 10 IJzerlaanbrug
657,Fietsbrug Ijzerlaanbrug,2022-11-03,15:00:00,202,87,115,FMN 10 IJzerlaanbrug
657,Fietsbrug Ijzerlaanbrug,2022-11-03,16:00:00,299,115,184,FMN 10 IJzerlaanbrug
657,Fietsbrug Ijzerlaanbrug,2022-11-03,17:00:00,282,82,200,FMN 10 IJzerlaanbrug
657,Fietsbrug Ijzerlaanbrug,2022-11-03,18:00:00,179,55,124,FMN 10 IJzerlaanbrug
657,Fietsbrug Ijzerlaanbrug,2022-11-03,19:00:00,91,35,56,FMN 10 IJzerlaanbrug
657,Fietsbrug Ijzerlaanbrug,2022-11-03,20:00:00,62,23,39,FMN 10 IJzerlaanbrug
657,Fietsbrug Ijzerlaanbrug,2022-11-03,21:00:00,46,21,25,FMN 10 IJzerlaanbrug
657,Fietsbrug Ijzerlaanbrug,2022-11-03,22:00:00,59,25,34,FMN 10 IJzerlaanbrug
657,Fietsbrug Ijzerlaanbrug,2022-11-03,23:00:00,56,15,41,FMN 10 IJzerlaanbrug
657,Fietsbrug Ijzerlaanbrug,2022-11-04,00:00:00,19,6,13,FMN 10 IJzerlaanbrug
657,Fietsbrug Ijzerlaanbrug,2022-11-04,01:00:00,8,3,5,FMN 10 IJzerlaanbrug
657,Fietsbrug Ijzerlaanbrug,2022-11-04,02:00:00,8,5,3,FMN 10 IJzerlaanbrug
657,Fietsbrug Ijzerlaanbrug,2022-11-04,03:00:00,13,6,7,FMN 10 IJzerlaanbrug
657,Fietsbrug Ijzerlaanbrug,2022-11-04,04:00:00,24,13,11,FMN 10 IJzerlaanbrug
657,Fietsbrug Ijzerlaanbrug,2022-11-04,05:00:00,44,28,16,FMN 10 IJzerlaanbrug
657,Fietsbrug Ijzerlaanbrug,2022-11-04,06:00:00,107,64,43,FMN 10 IJzerlaanbrug
657,Fietsbrug Ijzerlaanbrug,2022-11-04,07:00:00,185,124,61,FMN 10 IJzerlaanbrug
657,Fietsbrug Ijzerlaanbrug,2022-11-04,08:00:00,236,176,60,FMN 10 IJzerlaanbrug
657,Fietsbrug Ijzerlaanbrug,2022-11-04,09:00:00,119,88,31,FMN 10 IJzerlaanbrug
657,Fietsbrug Ijzerlaanbrug,2022-11-04,10:00:00,114,65,49,FMN 10 IJzerlaanbrug
657,Fietsbrug Ijzerlaanbrug,2022-11-04,11:00:00,93,59,34,FMN 10 IJzerlaanbrug
657,Fietsbrug Ijzerlaanbrug,2022-11-04,12:00:00,155,86,69,FMN 10 IJzerlaanbrug
657,Fietsbrug Ijzerlaanbrug,2022-11-04,13:00:00,162,82,80,FMN 10 IJzerlaanbrug
657,Fietsbrug Ijzerlaanbrug,2022-11-04,14:00:00,190,94,96,FMN 10 IJzerlaanbrug
657,Fietsbrug Ijzerlaanbrug,2022-11-04,15:00:00,182,76,106,FMN 10 IJzerlaanbrug
657,Fietsbrug Ijzerlaanbrug,2022-11-04,16:00:00,274,109,165,FMN 10 IJzerlaanbrug
657,Fietsbrug Ijzerlaanbrug,2022-11-04,17:00:00,281,108,173,FMN 10 IJzerlaanbrug
657,Fietsbrug Ijzerlaanbrug,2022-11-04,18:00:00,219,104,115,FMN 10 IJzerlaanbrug
657,Fietsbrug Ijzerlaanbrug,2022-11-04,19:00:00,148,71,77,FMN 10 IJzerlaanbrug
657,Fietsbrug Ijzerlaanbrug,2022-11-04,20:00:00,95,45,50,FMN 10 IJzerlaanbrug
657,Fietsbrug Ijzerlaanbrug,2022-11-04,21:00:00,85,29,56,FMN 10 IJzerlaanbrug
657,Fietsbrug Ijzerlaanbrug,2022-11-04,22:00:00,84,37,47,FMN 10 IJzerlaanbrug
657,Fietsbrug Ijzerlaanbrug,2022-11-04,23:00:00,71,22,49,FMN 10 IJzerlaanbrug
657,Fietsbrug Ijzerlaanbrug,2022-11-05,00:00:00,55,21,34,FMN 10 IJzerlaanbrug
657,Fietsbrug Ijzerlaanbrug,2022-11-05,01:00:00,32,4,28,FMN 10 IJzerlaanbrug
657,Fietsbrug Ijzerlaanbrug,2022-11-05,02:00:00,30,7,23,FMN 10 IJzerlaanbrug
657,Fietsbrug Ijzerlaanbrug,2022-11-05,03:00:00,22,10,12,FMN 10 IJzerlaanbrug
657,Fietsbrug Ijzerlaanbrug,2022-11-05,04:00:00,32,17,15,FMN 10 IJzerlaanbrug
657,Fietsbrug Ijzerlaanbrug,2022-11-05,05:00:00,25,9,16,FMN 10 IJzerlaanbrug
657,Fietsbrug Ijzerlaanbrug,2022-11-05,06:00:00,33,18,15,FMN 10 IJzerlaanbrug
657,Fietsbrug Ijzerlaanbrug,2022-11-05,07:00:00,42,25,17,FMN 10 IJzerlaanbrug
657,Fietsbrug Ijzerlaanbrug,2022-11-05,08:00:00,69,42,27,FMN 10 IJzerlaanbrug
657,Fietsbrug Ijzerlaanbrug,2022-11-05,09:00:00,116,82,34,FMN 10 IJzerlaanbrug
657,Fietsbrug Ijzerlaanbrug,2022-11-05,10:00:00,144,95,49,FMN 10 IJzerlaanbrug
657,Fietsbrug Ijzerlaanbrug,2022-11-05,11:00:00,162,91,71,FMN 10 IJzerlaanbrug
657,Fietsbrug Ijzerlaanbrug,2022-11-05,12:00:00,160,83,77,FMN 10 IJzerlaanbrug
657,Fietsbrug Ijzerlaanbrug,2022-11-05,13:00:00,205,113,92,FMN 10 IJzerlaanbrug
657,Fietsbrug Ijzerlaanbrug,2022-11-05,14:00:00,178,73,105,FMN 10 IJzerlaanbrug
657,Fietsbrug Ijzerlaanbrug,2022-11-05,15:00:00,167,86,81,FMN 10 IJzerlaanbrug
657,Fietsbrug Ijzerlaanbrug,2022-11-05,16:00:00,214,95,119,FMN 10 IJzerlaanbrug
657,Fietsbrug Ijzerlaanbrug,2022-11-05,17:00:00,144,69,75,FMN 10 IJzerlaanbrug
657,Fietsbrug Ijzerlaanbrug,2022-11-05,18:00:00,135,65,70,FMN 10 IJzerlaanbrug
657,Fietsbrug Ijzerlaanbrug,2022-11-05,19:00:00,110,57,53,FMN 10 IJzerlaanbrug
657,Fietsbrug Ijzerlaanbrug,2022-11-05,20:00:00,68,28,40,FMN 10 IJzerlaanbrug
657,Fietsbrug Ijzerlaanbrug,2022-11-05,21:00:00,58,26,32,FMN 10 IJzerlaanbrug
657,Fietsbrug Ijzerlaanbrug,2022-11-05,22:00:00,81,35,46,FMN 10 IJzerlaanbrug
657,Fietsbrug Ijzerlaanbrug,2022-11-05,23:00:00,48,16,32,FMN 10 IJzerlaanbrug
657,Fietsbrug Ijzerlaanbrug,2022-11-06,00:00:00,68,28,40,FMN 10 IJzerlaanbrug
657,Fietsbrug Ijzerlaanbrug,2022-11-06,01:00:00,33,13,20,FMN 10 IJzerlaanbrug
657,Fietsbrug Ijzerlaanbrug,2022-11-06,02:00:00,28,6,22,FMN 10 IJzerlaanbrug
657,Fietsbrug Ijzerlaanbrug,2022-11-06,03:00:00,22,5,17,FMN 10 IJzerlaanbrug
657,Fietsbrug Ijzerlaanbrug,2022-11-06,04:00:00,23,3,20,FMN 10 IJzerlaanbrug
657,Fietsbrug Ijzerlaanbrug,2022-11-06,05:00:00,23,9,14,FMN 10 IJzerlaanbrug
657,Fietsbrug Ijzerlaanbrug,2022-11-06,06:00:00,24,11,13,FMN 10 IJzerlaanbrug
657,Fietsbrug Ijzerlaanbrug,2022-11-06,07:00:00,19,13,6,FMN 10 IJzerlaanbrug
657,Fietsbrug Ijzerlaanbrug,2022-11-06,08:00:00,42,21,21,FMN 10 IJzerlaanbrug
657,Fietsbrug Ijzerlaanbrug,2022-11-06,09:00:00,86,50,36,FMN 10 IJzerlaanbrug
657,Fietsbrug Ijzerlaanbrug,2022-11-06,10:00:00,117,81,36,FMN 10 IJzerlaanbrug
657,Fietsbrug Ijzerlaanbrug,2022-11-06,11:00:00,137,83,54,FMN 10 IJzerlaanbrug
657,Fietsbrug Ijzerlaanbrug,2022-11-06,12:00:00,131,68,63,FMN 10 IJzerlaanbrug
657,Fietsbrug Ijzerlaanbrug,2022-11-06,13:00:00,81,35,46,FMN 10 IJzerlaanbrug
657,Fietsbrug Ijzerlaanbrug,2022-11-06,14:00:00,52,22,30,FMN 10 IJzerlaanbrug
657,Fietsbrug Ijzerlaanbrug,2022-11-06,15:00:00,101,40,61,FMN 10 IJzerlaanbrug
657,Fietsbrug Ijzerlaanbrug,2022-11-06,16:00:00,55,23,32,FMN 10 IJzerlaanbrug
657,Fietsbrug Ijzerlaanbrug,2022-11-06,17:00:00,84,42,42,FMN 10 IJzerlaanbrug
657,Fietsbrug Ijzerlaanbrug,2022-11-06,18:00:00,69,31,38,FMN 10 IJzerlaanbrug
657,Fietsbrug Ijzerlaanbrug,2022-11-06,19:00:00,70,31,39,FMN 10 IJzerlaanbrug
657,Fietsbrug Ijzerlaanbrug,2022-11-06,20:00:00,37,19,18,FMN 10 IJzerlaanbrug
657,Fietsbrug Ijzerlaanbrug,2022-11-06,21:00:00,42,23,19,FMN 10 IJzerlaanbrug
657,Fietsbrug Ijzerlaanbrug,2022-11-06,22:00:00,30,10,20,FMN 10 IJzerlaanbrug
657,Fietsbrug Ijzerlaanbrug,2022-11-06,23:00:00,17,3,14,FMN 10 IJzerlaanbrug
657,Fietsbrug Ijzerlaanbrug,2022-11-07,00:00:00,8,4,4,FMN 10 IJzerlaanbrug
657,Fietsbrug Ijzerlaanbrug,2022-11-07,01:00:00,14,6,8,FMN 10 IJzerlaanbrug
657,Fietsbrug Ijzerlaanbrug,2022-11-07,02:00:00,6,2,4,FMN 10 IJzerlaanbrug
657,Fietsbrug Ijzerlaanbrug,2022-11-07,03:00:00,4,2,2,FMN 10 IJzerlaanbrug
657,Fietsbrug Ijzerlaanbrug,2022-11-07,04:00:00,15,12,3,FMN 10 IJzerlaanbrug
657,Fietsbrug Ijzerlaanbrug,2022-11-07,05:00:00,44,28,16,FMN 10 IJzerlaanbrug
657,Fietsbrug Ijzerlaanbrug,2022-11-07,06:00:00,131,86,45,FMN 10 IJzerlaanbrug
657,Fietsbrug Ijzerlaanbrug,2022-11-07,07:00:00,396,288,108,FMN 10 IJzerlaanbrug
657,Fietsbrug Ijzerlaanbrug,2022-11-07,08:00:00,588,436,152,FMN 10 IJzerlaanbrug
657,Fietsbrug Ijzerlaanbrug,2022-11-07,09:00:00,203,144,59,FMN 10 IJzerlaanbrug
657,Fietsbrug Ijzerlaanbrug,2022-11-07,10:00:00,113,65,48,FMN 10 IJzerlaanbrug
657,Fietsbrug Ijzerlaanbrug,2022-11-07,11:00:00,122,70,52,FMN 10 IJzerlaanbrug
657,Fietsbrug Ijzerlaanbrug,2022-11-07,12:00:00,160,88,72,FMN 10 IJzerlaanbrug
657,Fietsbrug Ijzerlaanbrug,2022-11-07,13:00:00,177,88,89,FMN 10 IJzerlaanbrug
657,Fietsbrug Ijzerlaanbrug,2022-11-07,14:00:00,190,76,114,FMN 10 IJzerlaanbrug
657,Fietsbrug Ijzerlaanbrug,2022-11-07,15:00:00,310,134,176,FMN 10 IJzerlaanbrug
657,Fietsbrug Ijzerlaanbrug,2022-11-07,16:00:00,519,167,352,FMN 10 IJzerlaanbrug
657,Fietsbrug Ijzerlaanbrug,2022-11-07,17:00:00,465,134,331,FMN 10 IJzerlaanbrug
657,Fietsbrug Ijzerlaanbrug,2022-11-07,18:00:00,246,81,165,FMN 10 IJzerlaanbrug
657,Fietsbrug Ijzerlaanbrug,2022-11-07,19:00:00,171,68,103,FMN 10 IJzerlaanbrug
657,Fietsbrug Ijzerlaanbrug,2022-11-07,20:00:00,98,42,56,FMN 10 IJzerlaanbrug
657,Fietsbrug Ijzerlaanbrug,2022-11-07,21:00:00,80,35,45,FMN 10 IJzerlaanbrug
657,Fietsbrug Ijzerlaanbrug,2022-11-07,22:00:00,81,34,47,FMN 10 IJzerlaanbrug
657,Fietsbrug Ijzerlaanbrug,2022-11-07,23:00:00,31,9,22,FMN 10 IJzerlaanbrug
657,Fietsbrug Ijzerlaanbrug,2022-11-08,00:00:00,17,7,10,FMN 10 IJzerlaanbrug
657,Fietsbrug Ijzerlaanbrug,2022-11-08,01:00:00,16,8,8,FMN 10 IJzerlaanbrug
657,Fietsbrug Ijzerlaanbrug,2022-11-08,02:00:00,7,1,6,FMN 10 IJzerlaanbrug
657,Fietsbrug Ijzerlaanbrug,2022-11-08,03:00:00,3,2,1,FMN 10 IJzerlaanbrug
657,Fietsbrug Ijzerlaanbrug,2022-11-08,04:00:00,21,15,6,FMN 10 IJzerlaanbrug
657,Fietsbrug Ijzerlaanbrug,2022-11-08,05:00:00,64,38,26,FMN 10 IJzerlaanbrug
657,Fietsbrug Ijzerlaanbrug,2022-11-08,06:00:00,165,105,60,FMN 10 IJzerlaanbrug
657,Fietsbrug Ijzerlaanbrug,2022-11-08,07:00:00,505,372,133,FMN 10 IJzerlaanbrug
657,Fietsbrug Ijzerlaanbrug,2022-11-08,08:00:00,688,515,173,FMN 10 IJzerlaanbrug
657,Fietsbrug Ijzerlaanbrug,2022-11-08,09:00:00,250,185,65,FMN 10 IJzerlaanbrug
657,Fietsbrug Ijzerlaanbrug,2022-11-08,10:00:00,145,104,41,FMN 10 IJzerlaanbrug
657,Fietsbrug Ijzerlaanbrug,2022-11-08,11:00:00,161,72,89,FMN 10 IJzerlaanbrug
657,Fietsbrug Ijzerlaanbrug,2022-11-08,12:00:00,208,111,97,FMN 10 IJzerlaanbrug
657,Fietsbrug Ijzerlaanbrug,2022-11-08,13:00:00,224,106,118,FMN 10 IJzerlaanbrug
657,Fietsbrug Ijzerlaanbrug,2022-11-08,14:00:00,194,79,115,FMN 10 IJzerlaanbrug
657,Fietsbrug Ijzerlaanbrug,2022-11-08,15:00:00,379,148,231,FMN 10 IJzerlaanbrug
657,Fietsbrug Ijzerlaanbrug,2022-11-08,16:00:00,591,198,393,FMN 10 IJzerlaanbrug
657,Fietsbrug Ijzerlaanbrug,2022-11-08,17:00:00,566,140,426,FMN 10 IJzerlaanbrug
657,Fietsbrug Ijzerlaanbrug,2022-11-08,18:00:00,304,95,209,FMN 10 IJzerlaanbrug
657,Fietsbrug Ijzerlaanbrug,2022-11-08,19:00:00,181,70,111,FMN 10 IJzerlaanbrug
657,Fietsbrug Ijzerlaanbrug,2022-11-08,20:00:00,134,49,85,FMN 10 IJzerlaanbrug
657,Fietsbrug Ijzerlaanbrug,2022-11-08,21:00:00,87,39,48,FMN 10 IJzerlaanbrug
657,Fietsbrug Ijzerlaanbrug,2022-11-08,22:00:00,114,49,65,FMN 10 IJzerlaanbrug
657,Fietsbrug Ijzerlaanbrug,2022-11-08,23:00:00,50,15,35,FMN 10 IJzerlaanbrug
657,Fietsbrug Ijzerlaanbrug,2022-11-09,00:00:00,27,12,15,FMN 10 IJzerlaanbrug
657,Fietsbrug Ijzerlaanbrug,2022-11-09,01:00:00,10,3,7,FMN 10 IJzerlaanbrug
657,Fietsbrug Ijzerlaanbrug,2022-11-09,02:00:00,9,3,6,FMN 10 IJzerlaanbrug
657,Fietsbrug Ijzerlaanbrug,2022-11-09,03:00:00,13,6,7,FMN 10 IJzerlaanbrug
657,Fietsbrug Ijzerlaanbrug,2022-11-09,04:00:00,13,4,9,FMN 10 IJzerlaanbrug
657,Fietsbrug Ijzerlaanbrug,2022-11-09,05:00:00,55,36,19,FMN 10 IJzerlaanbrug
657,Fietsbrug Ijzerlaanbrug,2022-11-09,06:00:00,151,94,57,FMN 10 IJzerlaanbrug
657,Fietsbrug Ijzerlaanbrug,2022-11-09,07:00:00,488,353,135,FMN 10 IJzerlaanbrug
657,Fietsbrug Ijzerlaanbrug,2022-11-09,08:00:00,580,412,168,FMN 10 IJzerlaanbrug
657,Fietsbrug Ijzerlaanbrug,2022-11-09,09:00:00,272,177,95,FMN 10 IJzerlaanbrug
657,Fietsbrug Ijzerlaanbrug,2022-11-09,10:00:00,198,120,78,FMN 10 IJzerlaanbrug
657,Fietsbrug Ijzerlaanbrug,2022-11-09,11:00:00,208,112,96,FMN 10 IJzerlaanbrug
657,Fietsbrug Ijzerlaanbrug,2022-11-09,12:00:00,387,198,189,FMN 10 IJzerlaanbrug
657,Fietsbrug Ijzerlaanbrug,2022-11-09,13:00:00,298,139,159,FMN 10 IJzerlaanbrug
657,Fietsbrug Ijzerlaanbrug,2022-11-09,14:00:00,218,87,131,FMN 10 IJzerlaanbrug
657,Fietsbrug Ijzerlaanbrug,2022-11-09,15:00:00,248,109,139,FMN 10 IJzerlaanbrug
657,Fietsbrug Ijzerlaanbrug,2022-11-09,16:00:00,471,175,296,FMN 10 IJzerlaanbrug
657,Fietsbrug Ijzerlaanbrug,2022-11-09,17:00:00,470,131,339,FMN 10 IJzerlaanbrug
657,Fietsbrug Ijzerlaanbrug,2022-11-09,18:00:00,325,99,226,FMN 10 IJzerlaanbrug
657,Fietsbrug Ijzerlaanbrug,2022-11-09,19:00:00,189,91,98,FMN 10 IJzerlaanbrug
657,Fietsbrug Ijzerlaanbrug,2022-11-09,20:00:00,140,56,84,FMN 10 IJzerlaanbrug
657,Fietsbrug Ijzerlaanbrug,2022-11-09,21:00:00,98,36,62,FMN 10 IJzerlaanbrug
657,Fietsbrug Ijzerlaanbrug,2022-11-09,22:00:00,95,39,56,FMN 10 IJzerlaanbrug
657,Fietsbrug Ijzerlaanbrug,2022-11-09,23:00:00,46,13,33,FMN 10 IJzerlaanbrug
657,Fietsbrug Ijzerlaanbrug,2022-11-10,00:00:00,28,8,20,FMN 10 IJzerlaanbrug
657,Fietsbrug Ijzerlaanbrug,2022-11-10,01:00:00,12,4,8,FMN 10 IJzerlaanbrug
657,Fietsbrug Ijzerlaanbrug,2022-11-10,02:00:00,3,2,1,FMN 10 IJzerlaanbrug
657,Fietsbrug Ijzerlaanbrug,2022-11-10,03:00:00,6,2,4,FMN 10 IJzerlaanbrug
657,Fietsbrug Ijzerlaanbrug,2022-11-10,04:00:00,18,13,5,FMN 10 IJzerlaanbrug
657,Fietsbrug Ijzerlaanbrug,2022-11-10,05:00:00,41,26,15,FMN 10 IJzerlaanbrug
657,Fietsbrug Ijzerlaanbrug,2022-11-10,06:00:00,146,90,56,FMN 10 IJzerlaanbrug
657,Fietsbrug Ijzerlaanbrug,2022-11-10,07:00:00,445,320,125,FMN 10 IJzerlaanbrug
657,Fietsbrug Ijzerlaanbrug,2022-11-10,08:00:00,629,456,173,FMN 10 IJzerlaanbrug
657,Fietsbrug Ijzerlaanbrug,2022-11-10,09:00:00,231,176,55,FMN 10 IJzerlaanbrug
657,Fietsbrug Ijzerlaanbrug,2022-11-10,10:00:00,172,109,63,FMN 10 IJzerlaanbrug
657,Fietsbrug Ijzerlaanbrug,2022-11-10,11:00:00,166,86,80,FMN 10 IJzerlaanbrug
657,Fietsbrug Ijzerlaanbrug,2022-11-10,12:00:00,273,137,136,FMN 10 IJzerlaanbrug
657,Fietsbrug Ijzerlaanbrug,2022-11-10,13:00:00,211,103,108,FMN 10 IJzerlaanbrug
657,Fietsbrug Ijzerlaanbrug,2022-11-10,14:00:00,272,110,162,FMN 10 IJzerlaanbrug
657,Fietsbrug Ijzerlaanbrug,2022-11-10,15:00:00,403,173,230,FMN 10 IJzerlaanbrug
657,Fietsbrug Ijzerlaanbrug,2022-11-10,16:00:00,536,192,344,FMN 10 IJzerlaanbrug
657,Fietsbrug Ijzerlaanbrug,2022-11-10,17:00:00,476,165,311,FMN 10 IJzerlaanbrug
657,Fietsbrug Ijzerlaanbrug,2022-11-10,18:00:00,291,97,194,FMN 10 IJzerlaanbrug
657,Fietsbrug Ijzerlaanbrug,2022-11-10,19:00:00,194,84,110,FMN 10 IJzerlaanbrug
657,Fietsbrug Ijzerlaanbrug,2022-11-10,20:00:00,135,80,55,FMN 10 IJzerlaanbrug
657,Fietsbrug Ijzerlaanbrug,2022-11-10,21:00:00,127,52,75,FMN 10 IJzerlaanbrug
657,Fietsbrug Ijzerlaanbrug,2022-11-10,22:00:00,118,50,68,FMN 10 IJzerlaanbrug
657,Fietsbrug Ijzerlaanbrug,2022-11-10,23:00:00,73,22,51,FMN 10 IJzerlaanbrug
657,Fietsbrug Ijzerlaanbrug,2022-11-11,00:00:00,68,21,47,FMN 10 IJzerlaanbrug
657,Fietsbrug Ijzerlaanbrug,2022-11-11,01:00:00,55,16,39,FMN 10 IJzerlaanbrug
657,Fietsbrug Ijzerlaanbrug,2022-11-11,02:00:00,32,5,27,FMN 10 IJzerlaanbrug
657,Fietsbrug Ijzerlaanbrug,2022-11-11,03:00:00,40,7,33,FMN 10 IJzerlaanbrug
657,Fietsbrug Ijzerlaanbrug,2022-11-11,04:00:00,32,8,24,FMN 10 IJzerlaanbrug
657,Fietsbrug Ijzerlaanbrug,2022-11-11,05:00:00,42,12,30,FMN 10 IJzerlaanbrug
657,Fietsbrug Ijzerlaanbrug,2022-11-11,06:00:00,32,15,17,FMN 10 IJzerlaanbrug
657,Fietsbrug Ijzerlaanbrug,2022-11-11,07:00:00,24,12,12,FMN 10 IJzerlaanbrug
657,Fietsbrug Ijzerlaanbrug,2022-11-11,08:00:00,35,24,11,FMN 10 IJzerlaanbrug
657,Fietsbrug Ijzerlaanbrug,2022-11-11,09:00:00,71,42,29,FMN 10 IJzerlaanbrug
657,Fietsbrug Ijzerlaanbrug,2022-11-11,10:00:00,113,68,45,FMN 10 IJzerlaanbrug
657,Fietsbrug Ijzerlaanbrug,2022-11-11,11:00:00,125,73,52,FMN 10 IJzerlaanbrug
657,Fietsbrug Ijzerlaanbrug,2022-11-11,12:00:00,166,111,55,FMN 10 IJzerlaanbrug
657,Fietsbrug Ijzerlaanbrug,2022-11-11,13:00:00,223,127,96,FMN 10 IJzerlaanbrug
657,Fietsbrug Ijzerlaanbrug,2022-11-11,14:00:00,267,135,132,FMN 10 IJzerlaanbrug
657,Fietsbrug Ijzerlaanbrug,2022-11-11,15:00:00,187,93,94,FMN 10 IJzerlaanbrug
657,Fietsbrug Ijzerlaanbrug,2022-11-11,16:00:00,170,67,103,FMN 10 IJzerlaanbrug
657,Fietsbrug Ijzerlaanbrug,2022-11-11,17:00:00,205,72,133,FMN 10 IJzerlaanbrug
657,Fietsbrug Ijzerlaanbrug,2022-11-11,18:00:00,139,73,66,FMN 10 IJzerlaanbrug
657,Fietsbrug Ijzerlaanbrug,2022-11-11,19:00:00,107,60,47,FMN 10 IJzerlaanbrug
657,Fietsbrug Ijzerlaanbrug,2022-11-11,20:00:00,78,36,42,FMN 10 IJzerlaanbrug
657,Fietsbrug Ijzerlaanbrug,2022-11-11,21:00:00,74,40,34,FMN 10 IJzerlaanbrug
657,Fietsbrug Ijzerlaanbrug,2022-11-11,22:00:00,75,30,45,FMN 10 IJzerlaanbrug
657,Fietsbrug Ijzerlaanbrug,2022-11-11,23:00:00,73,21,52,FMN 10 IJzerlaanbrug
657,Fietsbrug Ijzerlaanbrug,2022-11-12,00:00:00,37,10,27,FMN 10 IJzerlaanbrug
657,Fietsbrug Ijzerlaanbrug,2022-11-12,01:00:00,32,8,24,FMN 10 IJzerlaanbrug
657,Fietsbrug Ijzerlaanbrug,2022-11-12,02:00:00,34,6,28,FMN 10 IJzerlaanbrug
657,Fietsbrug Ijzerlaanbrug,2022-11-12,03:00:00,20,5,15,FMN 10 IJzerlaanbrug
657,Fietsbrug Ijzerlaanbrug,2022-11-12,04:00:00,18,6,12,FMN 10 IJzerlaanbrug
657,Fietsbrug Ijzerlaanbrug,2022-11-12,05:00:00,24,13,11,FMN 10 IJzerlaanbrug
657,Fietsbrug Ijzerlaanbrug,2022-11-12,06:00:00,21,10,11,FMN 10 IJzerlaanbrug
657,Fietsbrug Ijzerlaanbrug,2022-11-12,07:00:00,37,20,17,FMN 10 IJzerlaanbrug
657,Fietsbrug Ijzerlaanbrug,2022-11-12,08:00:00,66,35,31,FMN 10 IJzerlaanbrug
657,Fietsbrug Ijzerlaanbrug,2022-11-12,09:00:00,127,79,48,FMN 10 IJzerlaanbrug
657,Fietsbrug Ijzerlaanbrug,2022-11-12,10:00:00,153,86,67,FMN 10 IJzerlaanbrug
657,Fietsbrug Ijzerlaanbrug,2022-11-12,11:00:00,186,118,68,FMN 10 IJzerlaanbrug
657,Fietsbrug Ijzerlaanbrug,2022-11-12,12:00:00,223,126,97,FMN 10 IJzerlaanbrug
657,Fietsbrug Ijzerlaanbrug,2022-11-12,13:00:00,314,231,83,FMN 10 IJzerlaanbrug
657,Fietsbrug Ijzerlaanbrug,2022-11-12,14:00:00,248,153,95,FMN 10 IJzerlaanbrug
657,Fietsbrug Ijzerlaanbrug,2022-11-12,15:00:00,249,85,164,FMN 10 IJzerlaanbrug
657,Fietsbrug Ijzerlaanbrug,2022-11-12,16:00:00,255,105,150,FMN 10 IJzerlaanbrug
657,Fietsbrug Ijzerlaanbrug,2022-11-12,17:00:00,203,82,121,FMN 10 IJzerlaanbrug
657,Fietsbrug Ijzerlaanbrug,2022-11-12,18:00:00,167,73,94,FMN 10 IJzerlaanbrug
657,Fietsbrug Ijzerlaanbrug,2022-11-12,19:00:00,122,49,73,FMN 10 IJzerlaanbrug
657,Fietsbrug Ijzerlaanbrug,2022-11-12,20:00:00,91,39,52,FMN 10 IJzerlaanbrug
657,Fietsbrug Ijzerlaanbrug,2022-11-12,21:00:00,69,33,36,FMN 10 IJzerlaanbrug
657,Fietsbrug Ijzerlaanbrug,2022-11-12,22:00:00,106,58,48,FMN 10 IJzerlaanbrug
657,Fietsbrug Ijzerlaanbrug,2022-11-12,23:00:00,74,26,48,FMN 10 IJzerlaanbrug
657,Fietsbrug Ijzerlaanbrug,2022-11-13,00:00:00,55,13,42,FMN 10 IJzerlaanbrug
657,Fietsbrug Ijzerlaanbrug,2022-11-13,01:00:00,40,15,25,FMN 10 IJzerlaanbrug
657,Fietsbrug Ijzerlaanbrug,2022-11-13,02:00:00,39,10,29,FMN 10 IJzerlaanbrug
657,Fietsbrug Ijzerlaanbrug,2022-11-13,03:00:00,20,4,16,FMN 10 IJzerlaanbrug
657,Fietsbrug Ijzerlaanbrug,2022-11-13,04:00:00,18,5,13,FMN 10 IJzerlaanbrug
657,Fietsbrug Ijzerlaanbrug,2022-11-13,05:00:00,22,10,12,FMN 10 IJzerlaanbrug
657,Fietsbrug Ijzerlaanbrug,2022-11-13,06:00:00,32,15,17,FMN 10 IJzerlaanbrug
657,Fietsbrug Ijzerlaanbrug,2022-11-13,07:00:00,26,12,14,FMN 10 IJzerlaanbrug
657,Fietsbrug Ijzerlaanbrug,2022-11-13,08:00:00,28,18,10,FMN 10 IJzerlaanbrug
657,Fietsbrug Ijzerlaanbrug,2022-11-13,09:00:00,163,85,78,FMN 10 IJzerlaanbrug
657,Fietsbrug Ijzerlaanbrug,2022-11-13,10:00:00,174,102,72,FMN 10 IJzerlaanbrug
657,Fietsbrug Ijzerlaanbrug,2022-11-13,11:00:00,182,107,75,FMN 10 IJzerlaanbrug
657,Fietsbrug Ijzerlaanbrug,2022-11-13,12:00:00,215,134,81,FMN 10 IJzerlaanbrug
657,Fietsbrug Ijzerlaanbrug,2022-11-13,13:00:00,223,118,105,FMN 10 IJzerlaanbrug
657,Fietsbrug Ijzerlaanbrug,2022-11-13,14:00:00,256,139,117,FMN 10 IJzerlaanbrug
657,Fietsbrug Ijzerlaanbrug,2022-11-13,15:00:00,204,77,127,FMN 10 IJzerlaanbrug
657,Fietsbrug Ijzerlaanbrug,2022-11-13,16:00:00,222,92,130,FMN 10 IJzerlaanbrug
657,Fietsbrug Ijzerlaanbrug,2022-11-13,17:00:00,175,80,95,FMN 10 IJzerlaanbrug
657,Fietsbrug Ijzerlaanbrug,2022-11-13,18:00:00,111,57,54,FMN 10 IJzerlaanbrug
657,Fietsbrug Ijzerlaanbrug,2022-11-13,19:00:00,80,36,44,FMN 10 IJzerlaanbrug
657,Fietsbrug Ijzerlaanbrug,2022-11-13,20:00:00,68,24,44,FMN 10 IJzerlaanbrug
657,Fietsbrug Ijzerlaanbrug,2022-11-13,21:00:00,54,20,34,FMN 10 IJzerlaanbrug
657,Fietsbrug Ijzerlaanbrug,2022-11-13,22:00:00,52,22,30,FMN 10 IJzerlaanbrug
657,Fietsbrug Ijzerlaanbrug,2022-11-13,23:00:00,16,8,8,FMN 10 IJzerlaanbrug
657,Fietsbrug Ijzerlaanbrug,2022-11-14,00:00:00,25,7,18,FMN 10 IJzerlaanbrug
657,Fietsbrug Ijzerlaanbrug,2022-11-14,01:00:00,13,7,6,FMN 10 IJzerlaanbrug
657,Fietsbrug Ijzerlaanbrug,2022-11-14,02:00:00,7,1,6,FMN 10 IJzerlaanbrug
657,Fietsbrug Ijzerlaanbrug,2022-11-14,03:00:00,11,7,4,FMN 10 IJzerlaanbrug
657,Fietsbrug Ijzerlaanbrug,2022-11-14,04:00:00,19,16,3,FMN 10 IJzerlaanbrug
657,Fietsbrug Ijzerlaanbrug,2022-11-14,05:00:00,60,32,28,FMN 10 IJzerlaanbrug
657,Fietsbrug Ijzerlaanbrug,2022-11-14,06:00:00,124,84,40,FMN 10 IJzerlaanbrug
657,Fietsbrug Ijzerlaanbrug,2022-11-14,07:00:00,450,311,139,FMN 10 IJzerlaanbrug
657,Fietsbrug Ijzerlaanbrug,2022-11-14,08:00:00,658,459,199,FMN 10 IJzerlaanbrug
657,Fietsbrug Ijzerlaanbrug,2022-11-14,09:00:00,203,146,57,FMN 10 IJzerlaanbrug
657,Fietsbrug Ijzerlaanbrug,2022-11-14,10:00:00,138,90,48,FMN 10 IJzerlaanbrug
657,Fietsbrug Ijzerlaanbrug,2022-11-14,11:00:00,144,80,64,FMN 10 IJzerlaanbrug
657,Fietsbrug Ijzerlaanbrug,2022-11-14,12:00:00,215,125,90,FMN 10 IJzerlaanbrug
657,Fietsbrug Ijzerlaanbrug,2022-11-14,13:00:00,215,113,102,FMN 10 IJzerlaanbrug
657,Fietsbrug Ijzerlaanbrug,2022-11-14,14:00:00,222,101,121,FMN 10 IJzerlaanbrug
657,Fietsbrug Ijzerlaanbrug,2022-11-14,15:00:00,387,175,212,FMN 10 IJzerlaanbrug
657,Fietsbrug Ijzerlaanbrug,2022-11-14,16:00:00,541,190,351,FMN 10 IJzerlaanbrug
657,Fietsbrug Ijzerlaanbrug,2022-11-14,17:00:00,507,140,367,FMN 10 IJzerlaanbrug
657,Fietsbrug Ijzerlaanbrug,2022-11-14,18:00:00,269,88,181,FMN 10 IJzerlaanbrug
657,Fietsbrug Ijzerlaanbrug,2022-11-14,19:00:00,172,64,108,FMN 10 IJzerlaanbrug
657,Fietsbrug Ijzerlaanbrug,2022-11-14,20:00:00,82,37,45,FMN 10 IJzerlaanbrug
657,Fietsbrug Ijzerlaanbrug,2022-11-14,21:00:00,75,35,40,FMN 10 IJzerlaanbrug
657,Fietsbrug Ijzerlaanbrug,2022-11-14,22:00:00,78,24,54,FMN 10 IJzerlaanbrug
657,Fietsbrug Ijzerlaanbrug,2022-11-14,23:00:00,37,14,23,FMN 10 IJzerlaanbrug
657,Fietsbrug Ijzerlaanbrug,2022-11-15,00:00:00,15,6,9,FMN 10 IJzerlaanbrug
657,Fietsbrug Ijzerlaanbrug,2022-11-15,01:00:00,15,7,8,FMN 10 IJzerlaanbrug
657,Fietsbrug Ijzerlaanbrug,2022-11-15,02:00:00,6,1,5,FMN 10 IJzerlaanbrug
657,Fietsbrug Ijzerlaanbrug,2022-11-15,03:00:00,5,2,3,FMN 10 IJzerlaanbrug
657,Fietsbrug Ijzerlaanbrug,2022-11-15,04:00:00,29,19,10,FMN 10 IJzerlaanbrug
657,Fietsbrug Ijzerlaanbrug,2022-11-15,05:00:00,67,41,26,FMN 10 IJzerlaanbrug
657,Fietsbrug Ijzerlaanbrug,2022-11-15,06:00:00,128,79,49,FMN 10 IJzerlaanbrug
657,Fietsbrug Ijzerlaanbrug,2022-11-15,07:00:00,442,314,128,FMN 10 IJzerlaanbrug
657,Fietsbrug Ijzerlaanbrug,2022-11-15,08:00:00,660,473,187,FMN 10 IJzerlaanbrug
657,Fietsbrug Ijzerlaanbrug,2022-11-15,09:00:00,209,149,60,FMN 10 IJzerlaanbrug
657,Fietsbrug Ijzerlaanbrug,2022-11-15,10:00:00,151,97,54,FMN 10 IJzerlaanbrug
657,Fietsbrug Ijzerlaanbrug,2022-11-15,11:00:00,126,68,58,FMN 10 IJzerlaanbrug
657,Fietsbrug Ijzerlaanbrug,2022-11-15,12:00:00,225,117,108,FMN 10 IJzerlaanbrug
657,Fietsbrug Ijzerlaanbrug,2022-11-15,13:00:00,205,105,100,FMN 10 IJzerlaanbrug
657,Fietsbrug Ijzerlaanbrug,2022-11-15,14:00:00,212,91,121,FMN 10 IJzerlaanbrug
657,Fietsbrug Ijzerlaanbrug,2022-11-15,15:00:00,365,158,207,FMN 10 IJzerlaanbrug
657,Fietsbrug Ijzerlaanbrug,2022-11-15,16:00:00,510,180,330,FMN 10 IJzerlaanbrug
657,Fietsbrug Ijzerlaanbrug,2022-11-15,17:00:00,420,103,317,FMN 10 IJzerlaanbrug
657,Fietsbrug Ijzerlaanbrug,2022-11-15,18:00:00,279,76,203,FMN 10 IJzerlaanbrug
657,Fietsbrug Ijzerlaanbrug,2022-11-15,19:00:00,112,41,71,FMN 10 IJzerlaanbrug
657,Fietsbrug Ijzerlaanbrug,2022-11-15,20:00:00,70,32,38,FMN 10 IJzerlaanbrug
657,Fietsbrug Ijzerlaanbrug,2022-11-15,21:00:00,102,46,56,FMN 10 IJzerlaanbrug
657,Fietsbrug Ijzerlaanbrug,2022-11-15,22:00:00,75,23,52,FMN 10 IJzerlaanbrug
657,Fietsbrug Ijzerlaanbrug,2022-11-15,23:00:00,25,4,21,FMN 10 IJzerlaanbrug
657,Fietsbrug Ijzerlaanbrug,2022-11-16,00:00:00,20,4,16,FMN 10 IJzerlaanbrug
657,Fietsbrug Ijzerlaanbrug,2022-11-16,01:00:00,11,4,7,FMN 10 IJzerlaanbrug
657,Fietsbrug Ijzerlaanbrug,2022-11-16,02:00:00,7,2,5,FMN 10 IJzerlaanbrug
657,Fietsbrug Ijzerlaanbrug,2022-11-16,03:00:00,5,1,4,FMN 10 IJzerlaanbrug
657,Fietsbrug Ijzerlaanbrug,2022-11-16,04:00:00,21,15,6,FMN 10 IJzerlaanbrug
657,Fietsbrug Ijzerlaanbrug,2022-11-16,05:00:00,53,36,17,FMN 10 IJzerlaanbrug
657,Fietsbrug Ijzerlaanbrug,2022-11-16,06:00:00,130,82,48,FMN 10 IJzerlaanbrug
657,Fietsbrug Ijzerlaanbrug,2022-11-16,07:00:00,422,304,118,FMN 10 IJzerlaanbrug
657,Fietsbrug Ijzerlaanbrug,2022-11-16,08:00:00,563,386,177,FMN 10 IJzerlaanbrug
657,Fietsbrug Ijzerlaanbrug,2022-11-16,09:00:00,220,160,60,FMN 10 IJzerlaanbrug
657,Fietsbrug Ijzerlaanbrug,2022-11-16,10:00:00,155,97,58,FMN 10 IJzerlaanbrug
657,Fietsbrug Ijzerlaanbrug,2022-11-16,11:00:00,152,72,80,FMN 10 IJzerlaanbrug
657,Fietsbrug Ijzerlaanbrug,2022-11-16,12:00:00,395,208,187,FMN 10 IJzerlaanbrug
657,Fietsbrug Ijzerlaanbrug,2022-11-16,13:00:00,249,101,148,FMN 10 IJzerlaanbrug
657,Fietsbrug Ijzerlaanbrug,2022-11-16,14:00:00,178,68,110,FMN 10 IJzerlaanbrug
657,Fietsbrug Ijzerlaanbrug,2022-11-16,15:00:00,223,94,129,FMN 10 IJzerlaanbrug
657,Fietsbrug Ijzerlaanbrug,2022-11-16,16:00:00,383,143,240,FMN 10 IJzerlaanbrug
657,Fietsbrug Ijzerlaanbrug,2022-11-16,17:00:00,414,105,309,FMN 10 IJzerlaanbrug
657,Fietsbrug Ijzerlaanbrug,2022-11-16,18:00:00,258,88,170,FMN 10 IJzerlaanbrug
657,Fietsbrug Ijzerlaanbrug,2022-11-16,19:00:00,142,69,73,FMN 10 IJzerlaanbrug
657,Fietsbrug Ijzerlaanbrug,2022-11-16,20:00:00,101,48,53,FMN 10 IJzerlaanbrug
657,Fietsbrug Ijzerlaanbrug,2022-11-16,21:00:00,71,23,48,FMN 10 IJzerlaanbrug
657,Fietsbrug Ijzerlaanbrug,2022-11-16,22:00:00,92,29,63,FMN 10 IJzerlaanbrug
657,Fietsbrug Ijzerlaanbrug,2022-11-16,23:00:00,30,5,25,FMN 10 IJzerlaanbrug
657,Fietsbrug Ijzerlaanbrug,2022-11-17,00:00:00,16,4,12,FMN 10 IJzerlaanbrug
657,Fietsbrug Ijzerlaanbrug,2022-11-17,01:00:00,23,3,20,FMN 10 IJzerlaanbrug
657,Fietsbrug Ijzerlaanbrug,2022-11-17,02:00:00,9,4,5,FMN 10 IJzerlaanbrug
657,Fietsbrug Ijzerlaanbrug,2022-11-17,03:00:00,7,5,2,FMN 10 IJzerlaanbrug
657,Fietsbrug Ijzerlaanbrug,2022-11-17,04:00:00,19,12,7,FMN 10 IJzerlaanbrug
657,Fietsbrug Ijzerlaanbrug,2022-11-17,05:00:00,48,30,18,FMN 10 IJzerlaanbrug
657,Fietsbrug Ijzerlaanbrug,2022-11-17,06:00:00,86,51,35,FMN 10 IJzerlaanbrug
657,Fietsbrug Ijzerlaanbrug,2022-11-17,07:00:00,357,255,102,FMN 10 IJzerlaanbrug
657,Fietsbrug Ijzerlaanbrug,2022-11-17,08:00:00,519,366,153,FMN 10 IJzerlaanbrug
657,Fietsbrug Ijzerlaanbrug,2022-11-17,09:00:00,171,121,50,FMN 10 IJzerlaanbrug
657,Fietsbrug Ijzerlaanbrug,2022-11-17,10:00:00,99,71,28,FMN 10 IJzerlaanbrug
657,Fietsbrug Ijzerlaanbrug,2022-11-17,11:00:00,101,58,43,FMN 10 IJzerlaanbrug
657,Fietsbrug Ijzerlaanbrug,2022-11-17,12:00:00,168,86,82,FMN 10 IJzerlaanbrug
657,Fietsbrug Ijzerlaanbrug,2022-11-17,13:00:00,158,74,84,FMN 10 IJzerlaanbrug
657,Fietsbrug Ijzerlaanbrug,2022-11-17,14:00:00,165,65,100,FMN 10 IJzerlaanbrug
657,Fietsbrug Ijzerlaanbrug,2022-11-17,15:00:00,294,127,167,FMN 10 IJzerlaanbrug
657,Fietsbrug Ijzerlaanbrug,2022-11-17,16:00:00,428,145,283,FMN 10 IJzerlaanbrug
657,Fietsbrug Ijzerlaanbrug,2022-11-17,17:00:00,393,118,275,FMN 10 IJzerlaanbrug
657,Fietsbrug Ijzerlaanbrug,2022-11-17,18:00:00,261,86,175,FMN 10 IJzerlaanbrug
657,Fietsbrug Ijzerlaanbrug,2022-11-17,19:00:00,148,71,77,FMN 10 IJzerlaanbrug
657,Fietsbrug Ijzerlaanbrug,2022-11-17,20:00:00,114,55,59,FMN 10 IJzerlaanbrug
657,Fietsbrug Ijzerlaanbrug,2022-11-17,21:00:00,82,32,50,FMN 10 IJzerlaanbrug
657,Fietsbrug Ijzerlaanbrug,2022-11-17,22:00:00,89,36,53,FMN 10 IJzerlaanbrug
657,Fietsbrug Ijzerlaanbrug,2022-11-17,23:00:00,75,32,43,FMN 10 IJzerlaanbrug
657,Fietsbrug Ijzerlaanbrug,2022-11-18,00:00:00,28,9,19,FMN 10 IJzerlaanbrug
657,Fietsbrug Ijzerlaanbrug,2022-11-18,01:00:00,21,5,16,FMN 10 IJzerlaanbrug
657,Fietsbrug Ijzerlaanbrug,2022-11-18,02:00:00,14,4,10,FMN 10 IJzerlaanbrug
657,Fietsbrug Ijzerlaanbrug,2022-11-18,03:00:00,10,1,9,FMN 10 IJzerlaanbrug
657,Fietsbrug Ijzerlaanbrug,2022-11-18,04:00:00,20,11,9,FMN 10 IJzerlaanbrug
657,Fietsbrug Ijzerlaanbrug,2022-11-18,05:00:00,50,34,16,FMN 10 IJzerlaanbrug
657,Fietsbrug Ijzerlaanbrug,2022-11-18,06:00:00,104,69,35,FMN 10 IJzerlaanbrug
657,Fietsbrug Ijzerlaanbrug,2022-11-18,07:00:00,364,253,111,FMN 10 IJzerlaanbrug
657,Fietsbrug Ijzerlaanbrug,2022-11-18,08:00:00,523,374,149,FMN 10 IJzerlaanbrug
657,Fietsbrug Ijzerlaanbrug,2022-11-18,09:00:00,178,136,42,FMN 10 IJzerlaanbrug
657,Fietsbrug Ijzerlaanbrug,2022-11-18,10:00:00,144,85,59,FMN 10 IJzerlaanbrug
657,Fietsbrug Ijzerlaanbrug,2022-11-18,11:00:00,116,60,56,FMN 10 IJzerlaanbrug
657,Fietsbrug Ijzerlaanbrug,2022-11-18,12:00:00,182,96,86,FMN 10 IJzerlaanbrug
657,Fietsbrug Ijzerlaanbrug,2022-11-18,13:00:00,139,61,78,FMN 10 IJzerlaanbrug
657,Fietsbrug Ijzerlaanbrug,2022-11-18,14:00:00,169,73,96,FMN 10 IJzerlaanbrug
657,Fietsbrug Ijzerlaanbrug,2022-11-18,15:00:00,349,156,193,FMN 10 IJzerlaanbrug
657,Fietsbrug Ijzerlaanbrug,2022-11-18,16:00:00,358,116,242,FMN 10 IJzerlaanbrug
657,Fietsbrug Ijzerlaanbrug,2022-11-18,17:00:00,324,92,232,FMN 10 IJzerlaanbrug
657,Fietsbrug Ijzerlaanbrug,2022-11-18,18:00:00,205,75,130,FMN 10 IJzerlaanbrug
657,Fietsbrug Ijzerlaanbrug,2022-11-18,19:00:00,115,49,66,FMN 10 IJzerlaanbrug
657,Fietsbrug Ijzerlaanbrug,2022-11-18,20:00:00,89,46,43,FMN 10 IJzerlaanbrug
657,Fietsbrug Ijzerlaanbrug,2022-11-18,21:00:00,70,37,33,FMN 10 IJzerlaanbrug
657,Fietsbrug Ijzerlaanbrug,2022-11-18,22:00:00,75,23,52,FMN 10 IJzerlaanbrug
657,Fietsbrug Ijzerlaanbrug,2022-11-18,23:00:00,54,16,38,FMN 10 IJzerlaanbrug
657,Fietsbrug Ijzerlaanbrug,2022-11-19,00:00:00,33,16,17,FMN 10 IJzerlaanbrug
657,Fietsbrug Ijzerlaanbrug,2022-11-19,01:00:00,34,7,27,FMN 10 IJzerlaanbrug
657,Fietsbrug Ijzerlaanbrug,2022-11-19,02:00:00,31,9,22,FMN 10 IJzerlaanbrug
657,Fietsbrug Ijzerlaanbrug,2022-11-19,03:00:00,14,3,11,FMN 10 IJzerlaanbrug
657,Fietsbrug Ijzerlaanbrug,2022-11-19,04:00:00,16,11,5,FMN 10 IJzerlaanbrug
657,Fietsbrug Ijzerlaanbrug,2022-11-19,05:00:00,11,8,3,FMN 10 IJzerlaanbrug
657,Fietsbrug Ijzerlaanbrug,2022-11-19,06:00:00,25,12,13,FMN 10 IJzerlaanbrug
657,Fietsbrug Ijzerlaanbrug,2022-11-19,07:00:00,22,14,8,FMN 10 IJzerlaanbrug
657,Fietsbrug Ijzerlaanbrug,2022-11-19,08:00:00,55,33,22,FMN 10 IJzerlaanbrug
657,Fietsbrug Ijzerlaanbrug,2022-11-19,09:00:00,63,37,26,FMN 10 IJzerlaanbrug
657,Fietsbrug Ijzerlaanbrug,2022-11-19,10:00:00,99,55,44,FMN 10 IJzerlaanbrug
657,Fietsbrug Ijzerlaanbrug,2022-11-19,11:00:00,114,64,50,FMN 10 IJzerlaanbrug
657,Fietsbrug Ijzerlaanbrug,2022-11-19,12:00:00,118,63,55,FMN 10 IJzerlaanbrug
657,Fietsbrug Ijzerlaanbrug,2022-11-19,13:00:00,125,65,60,FMN 10 IJzerlaanbrug
657,Fietsbrug Ijzerlaanbrug,2022-11-19,14:00:00,149,88,61,FMN 10 IJzerlaanbrug
657,Fietsbrug Ijzerlaanbrug,2022-11-19,15:00:00,132,60,72,FMN 10 IJzerlaanbrug
657,Fietsbrug Ijzerlaanbrug,2022-11-19,16:00:00,123,68,55,FMN 10 IJzerlaanbrug
657,Fietsbrug Ijzerlaanbrug,2022-11-19,17:00:00,113,48,65,FMN 10 IJzerlaanbrug
657,Fietsbrug Ijzerlaanbrug,2022-11-19,18:00:00,113,52,61,FMN 10 IJzerlaanbrug
657,Fietsbrug Ijzerlaanbrug,2022-11-19,19:00:00,92,55,37,FMN 10 IJzerlaanbrug
657,Fietsbrug Ijzerlaanbrug,2022-11-19,20:00:00,65,34,31,FMN 10 IJzerlaanbrug
657,Fietsbrug Ijzerlaanbrug,2022-11-19,21:00:00,48,24,24,FMN 10 IJzerlaanbrug
657,Fietsbrug Ijzerlaanbrug,2022-11-19,22:00:00,63,33,30,FMN 10 IJzerlaanbrug
657,Fietsbrug Ijzerlaanbrug,2022-11-19,23:00:00,56,30,26,FMN 10 IJzerlaanbrug
657,Fietsbrug Ijzerlaanbrug,2022-11-20,00:00:00,39,13,26,FMN 10 IJzerlaanbrug
657,Fietsbrug Ijzerlaanbrug,2022-11-20,01:00:00,35,7,28,FMN 10 IJzerlaanbrug
657,Fietsbrug Ijzerlaanbrug,2022-11-20,02:00:00,23,8,15,FMN 10 IJzerlaanbrug
657,Fietsbrug Ijzerlaanbrug,2022-11-20,03:00:00,17,1,16,FMN 10 IJzerlaanbrug
657,Fietsbrug Ijzerlaanbrug,2022-11-20,04:00:00,15,3,12,FMN 10 IJzerlaanbrug
657,Fietsbrug Ijzerlaanbrug,2022-11-20,05:00:00,23,6,17,FMN 10 IJzerlaanbrug
657,Fietsbrug Ijzerlaanbrug,2022-11-20,06:00:00,19,9,10,FMN 10 IJzerlaanbrug
657,Fietsbrug Ijzerlaanbrug,2022-11-20,07:00:00,16,10,6,FMN 10 IJzerlaanbrug
657,Fietsbrug Ijzerlaanbrug,2022-11-20,08:00:00,53,42,11,FMN 10 IJzerlaanbrug
657,Fietsbrug Ijzerlaanbrug,2022-11-20,09:00:00,88,55,33,FMN 10 IJzerlaanbrug
657,Fietsbrug Ijzerlaanbrug,2022-11-20,10:00:00,90,48,42,FMN 10 IJzerlaanbrug
657,Fietsbrug Ijzerlaanbrug,2022-11-20,11:00:00,80,29,51,FMN 10 IJzerlaanbrug
657,Fietsbrug Ijzerlaanbrug,2022-11-20,12:00:00,79,39,40,FMN 10 IJzerlaanbrug
657,Fietsbrug Ijzerlaanbrug,2022-11-20,13:00:00,122,61,61,FMN 10 IJzerlaanbrug
657,Fietsbrug Ijzerlaanbrug,2022-11-20,14:00:00,65,25,40,FMN 10 IJzerlaanbrug
657,Fietsbrug Ijzerlaanbrug,2022-11-20,15:00:00,81,34,47,FMN 10 IJzerlaanbrug
657,Fietsbrug Ijzerlaanbrug,2022-11-20,16:00:00,62,23,39,FMN 10 IJzerlaanbrug
657,Fietsbrug Ijzerlaanbrug,2022-11-20,17:00:00,79,33,46,FMN 10 IJzerlaanbrug
657,Fietsbrug Ijzerlaanbrug,2022-11-20,18:00:00,69,40,29,FMN 10 IJzerlaanbrug
657,Fietsbrug Ijzerlaanbrug,2022-11-20,19:00:00,55,25,30,FMN 10 IJzerlaanbrug
657,Fietsbrug Ijzerlaanbrug,2022-11-20,20:00:00,41,19,22,FMN 10 IJzerlaanbrug
657,Fietsbrug Ijzerlaanbrug,2022-11-20,21:00:00,30,19,11,FMN 10 IJzerlaanbrug
657,Fietsbrug Ijzerlaanbrug,2022-11-20,22:00:00,33,12,21,FMN 10 IJzerlaanbrug
657,Fietsbrug Ijzerlaanbrug,2022-11-20,23:00:00,33,9,24,FMN 10 IJzerlaanbrug
657,Fietsbrug Ijzerlaanbrug,2022-11-21,00:00:00,13,3,10,FMN 10 IJzerlaanbrug
657,Fietsbrug Ijzerlaanbrug,2022-11-21,01:00:00,11,2,9,FMN 10 IJzerlaanbrug
657,Fietsbrug Ijzerlaanbrug,2022-11-21,02:00:00,5,2,3,FMN 10 IJzerlaanbrug
657,Fietsbrug Ijzerlaanbrug,2022-11-21,03:00:00,7,4,3,FMN 10 IJzerlaanbrug
657,Fietsbrug Ijzerlaanbrug,2022-11-21,04:00:00,20,13,7,FMN 10 IJzerlaanbrug
657,Fietsbrug Ijzerlaanbrug,2022-11-21,05:00:00,48,30,18,FMN 10 IJzerlaanbrug
657,Fietsbrug Ijzerlaanbrug,2022-11-21,06:00:00,118,77,41,FMN 10 IJzerlaanbrug
657,Fietsbrug Ijzerlaanbrug,2022-11-21,07:00:00,386,278,108,FMN 10 IJzerlaanbrug
657,Fietsbrug Ijzerlaanbrug,2022-11-21,08:00:00,646,476,170,FMN 10 IJzerlaanbrug
657,Fietsbrug Ijzerlaanbrug,2022-11-21,09:00:00,212,151,61,FMN 10 IJzerlaanbrug
657,Fietsbrug Ijzerlaanbrug,2022-11-21,10:00:00,137,88,49,FMN 10 IJzerlaanbrug
657,Fietsbrug Ijzerlaanbrug,2022-11-21,11:00:00,109,64,45,FMN 10 IJzerlaanbrug
657,Fietsbrug Ijzerlaanbrug,2022-11-21,12:00:00,183,96,87,FMN 10 IJzerlaanbrug
657,Fietsbrug Ijzerlaanbrug,2022-11-21,13:00:00,148,75,73,FMN 10 IJzerlaanbrug
657,Fietsbrug Ijzerlaanbrug,2022-11-21,14:00:00,168,67,101,FMN 10 IJzerlaanbrug
657,Fietsbrug Ijzerlaanbrug,2022-11-21,15:00:00,309,132,177,FMN 10 IJzerlaanbrug
657,Fietsbrug Ijzerlaanbrug,2022-11-21,16:00:00,481,167,314,FMN 10 IJzerlaanbrug
657,Fietsbrug Ijzerlaanbrug,2022-11-21,17:00:00,453,137,316,FMN 10 IJzerlaanbrug
657,Fietsbrug Ijzerlaanbrug,2022-11-21,18:00:00,218,68,150,FMN 10 IJzerlaanbrug
657,Fietsbrug Ijzerlaanbrug,2022-11-21,19:00:00,145,56,89,FMN 10 IJzerlaanbrug
657,Fietsbrug Ijzerlaanbrug,2022-11-21,20:00:00,56,21,35,FMN 10 IJzerlaanbrug
657,Fietsbrug Ijzerlaanbrug,2022-11-21,21:00:00,71,32,39,FMN 10 IJzerlaanbrug
657,Fietsbrug Ijzerlaanbrug,2022-11-21,22:00:00,62,19,43,FMN 10 IJzerlaanbrug
657,Fietsbrug Ijzerlaanbrug,2022-11-21,23:00:00,27,8,19,FMN 10 IJzerlaanbrug
657,Fietsbrug Ijzerlaanbrug,2022-11-22,00:00:00,13,6,7,FMN 10 IJzerlaanbrug
657,Fietsbrug Ijzerlaanbrug,2022-11-22,01:00:00,7,3,4,FMN 10 IJzerlaanbrug
657,Fietsbrug Ijzerlaanbrug,2022-11-22,02:00:00,5,1,4,FMN 10 IJzerlaanbrug
657,Fietsbrug Ijzerlaanbrug,2022-11-22,03:00:00,4,2,2,FMN 10 IJzerlaanbrug
657,Fietsbrug Ijzerlaanbrug,2022-11-22,04:00:00,19,11,8,FMN 10 IJzerlaanbrug
657,Fietsbrug Ijzerlaanbrug,2022-11-22,05:00:00,49,35,14,FMN 10 IJzerlaanbrug
657,Fietsbrug Ijzerlaanbrug,2022-11-22,06:00:00,146,99,47,FMN 10 IJzerlaanbrug
657,Fietsbrug Ijzerlaanbrug,2022-11-22,07:00:00,421,300,121,FMN 10 IJzerlaanbrug
657,Fietsbrug Ijzerlaanbrug,2022-11-22,08:00:00,601,451,150,FMN 10 IJzerlaanbrug
657,Fietsbrug Ijzerlaanbrug,2022-11-22,09:00:00,193,137,56,FMN 10 IJzerlaanbrug
657,Fietsbrug Ijzerlaanbrug,2022-11-22,10:00:00,112,76,36,FMN 10 IJzerlaanbrug
657,Fietsbrug Ijzerlaanbrug,2022-11-22,11:00:00,116,71,45,FMN 10 IJzerlaanbrug
657,Fietsbrug Ijzerlaanbrug,2022-11-22,12:00:00,172,90,82,FMN 10 IJzerlaanbrug
657,Fietsbrug Ijzerlaanbrug,2022-11-22,13:00:00,149,69,80,FMN 10 IJzerlaanbrug
657,Fietsbrug Ijzerlaanbrug,2022-11-22,14:00:00,157,68,89,FMN 10 IJzerlaanbrug
657,Fietsbrug Ijzerlaanbrug,2022-11-22,15:00:00,302,134,168,FMN 10 IJzerlaanbrug
657,Fietsbrug Ijzerlaanbrug,2022-11-22,16:00:00,505,172,333,FMN 10 IJzerlaanbrug
657,Fietsbrug Ijzerlaanbrug,2022-11-22,17:00:00,423,118,305,FMN 10 IJzerlaanbrug
657,Fietsbrug Ijzerlaanbrug,2022-11-22,18:00:00,256,76,180,FMN 10 IJzerlaanbrug
657,Fietsbrug Ijzerlaanbrug,2022-11-22,19:00:00,155,53,102,FMN 10 IJzerlaanbrug
657,Fietsbrug Ijzerlaanbrug,2022-11-22,20:00:00,85,44,41,FMN 10 IJzerlaanbrug
657,Fietsbrug Ijzerlaanbrug,2022-11-22,21:00:00,79,32,47,FMN 10 IJzerlaanbrug
657,Fietsbrug Ijzerlaanbrug,2022-11-22,22:00:00,85,23,62,FMN 10 IJzerlaanbrug
657,Fietsbrug Ijzerlaanbrug,2022-11-22,23:00:00,38,10,28,FMN 10 IJzerlaanbrug
657,Fietsbrug Ijzerlaanbrug,2022-11-23,00:00:00,24,6,18,FMN 10 IJzerlaanbrug
657,Fietsbrug Ijzerlaanbrug,2022-11-23,01:00:00,14,6,8,FMN 10 IJzerlaanbrug
657,Fietsbrug Ijzerlaanbrug,2022-11-23,02:00:00,7,1,6,FMN 10 IJzerlaanbrug
657,Fietsbrug Ijzerlaanbrug,2022-11-23,03:00:00,6,3,3,FMN 10 IJzerlaanbrug
657,Fietsbrug Ijzerlaanbrug,2022-11-23,04:00:00,14,8,6,FMN 10 IJzerlaanbrug
657,Fietsbrug Ijzerlaanbrug,2022-11-23,05:00:00,53,32,21,FMN 10 IJzerlaanbrug
657,Fietsbrug Ijzerlaanbrug,2022-11-23,06:00:00,112,75,37,FMN 10 IJzerlaanbrug
657,Fietsbrug Ijzerlaanbrug,2022-11-23,07:00:00,348,238,110,FMN 10 IJzerlaanbrug
657,Fietsbrug Ijzerlaanbrug,2022-11-23,08:00:00,515,369,146,FMN 10 IJzerlaanbrug
657,Fietsbrug Ijzerlaanbrug,2022-11-23,09:00:00,195,132,63,FMN 10 IJzerlaanbrug
657,Fietsbrug Ijzerlaanbrug,2022-11-23,10:00:00,148,100,48,FMN 10 IJzerlaanbrug
657,Fietsbrug Ijzerlaanbrug,2022-11-23,11:00:00,142,76,66,FMN 10 IJzerlaanbrug
657,Fietsbrug Ijzerlaanbrug,2022-11-23,12:00:00,330,184,146,FMN 10 IJzerlaanbrug
657,Fietsbrug Ijzerlaanbrug,2022-11-23,13:00:00,188,81,107,FMN 10 IJzerlaanbrug
657,Fietsbrug Ijzerlaanbrug,2022-11-23,14:00:00,111,47,64,FMN 10 IJzerlaanbrug
657,Fietsbrug Ijzerlaanbrug,2022-11-23,15:00:00,164,62,102,FMN 10 IJzerlaanbrug
657,Fietsbrug Ijzerlaanbrug,2022-11-23,16:00:00,318,102,216,FMN 10 IJzerlaanbrug
657,Fietsbrug Ijzerlaanbrug,2022-11-23,17:00:00,382,109,273,FMN 10 IJzerlaanbrug
657,Fietsbrug Ijzerlaanbrug,2022-11-23,18:00:00,223,82,141,FMN 10 IJzerlaanbrug
657,Fietsbrug Ijzerlaanbrug,2022-11-23,19:00:00,129,66,63,FMN 10 IJzerlaanbrug
657,Fietsbrug Ijzerlaanbrug,2022-11-23,20:00:00,88,38,50,FMN 10 IJzerlaanbrug
657,Fietsbrug Ijzerlaanbrug,2022-11-23,21:00:00,46,12,34,FMN 10 IJzerlaanbrug
657,Fietsbrug Ijzerlaanbrug,2022-11-23,22:00:00,104,32,72,FMN 10 IJzerlaanbrug
657,Fietsbrug Ijzerlaanbrug,2022-11-23,23:00:00,65,23,42,FMN 10 IJzerlaanbrug
657,Fietsbrug Ijzerlaanbrug,2022-11-24,00:00:00,30,6,24,FMN 10 IJzerlaanbrug
657,Fietsbrug Ijzerlaanbrug,2022-11-24,01:00:00,13,2,11,FMN 10 IJzerlaanbrug
657,Fietsbrug Ijzerlaanbrug,2022-11-24,02:00:00,19,4,15,FMN 10 IJzerlaanbrug
657,Fietsbrug Ijzerlaanbrug,2022-11-24,03:00:00,4,2,2,FMN 10 IJzerlaanbrug
657,Fietsbrug Ijzerlaanbrug,2022-11-24,04:00:00,13,9,4,FMN 10 IJzerlaanbrug
657,Fietsbrug Ijzerlaanbrug,2022-11-24,05:00:00,47,30,17,FMN 10 IJzerlaanbrug
657,Fietsbrug Ijzerlaanbrug,2022-11-24,06:00:00,133,89,44,FMN 10 IJzerlaanbrug
657,Fietsbrug Ijzerlaanbrug,2022-11-24,07:00:00,417,304,113,FMN 10 IJzerlaanbrug
657,Fietsbrug Ijzerlaanbrug,2022-11-24,08:00:00,648,484,164,FMN 10 IJzerlaanbrug
657,Fietsbrug Ijzerlaanbrug,2022-11-24,09:00:00,301,231,70,FMN 10 IJzerlaanbrug
657,Fietsbrug Ijzerlaanbrug,2022-11-24,10:00:00,148,101,47,FMN 10 IJzerlaanbrug
657,Fietsbrug Ijzerlaanbrug,2022-11-24,11:00:00,132,73,59,FMN 10 IJzerlaanbrug
657,Fietsbrug Ijzerlaanbrug,2022-11-24,12:00:00,212,102,110,FMN 10 IJzerlaanbrug
657,Fietsbrug Ijzerlaanbrug,2022-11-24,13:00:00,223,103,120,FMN 10 IJzerlaanbrug
657,Fietsbrug Ijzerlaanbrug,2022-11-24,14:00:00,219,77,142,FMN 10 IJzerlaanbrug
657,Fietsbrug Ijzerlaanbrug,2022-11-24,15:00:00,405,156,249,FMN 10 IJzerlaanbrug
657,Fietsbrug Ijzerlaanbrug,2022-11-24,16:00:00,529,196,333,FMN 10 IJzerlaanbrug
657,Fietsbrug Ijzerlaanbrug,2022-11-24,17:00:00,487,158,329,FMN 10 IJzerlaanbrug
657,Fietsbrug Ijzerlaanbrug,2022-11-24,18:00:00,276,89,187,FMN 10 IJzerlaanbrug
657,Fietsbrug Ijzerlaanbrug,2022-11-24,19:00:00,147,58,89,FMN 10 IJzerlaanbrug
657,Fietsbrug Ijzerlaanbrug,2022-11-24,20:00:00,140,63,77,FMN 10 IJzerlaanbrug
657,Fietsbrug Ijzerlaanbrug,2022-11-24,21:00:00,99,35,64,FMN 10 IJzerlaanbrug
657,Fietsbrug Ijzerlaanbrug,2022-11-24,22:00:00,106,41,65,FMN 10 IJzerlaanbrug
657,Fietsbrug Ijzerlaanbrug,2022-11-24,23:00:00,47,13,34,FMN 10 IJzerlaanbrug
657,Fietsbrug Ijzerlaanbrug,2022-11-25,00:00:00,38,14,24,FMN 10 IJzerlaanbrug
657,Fietsbrug Ijzerlaanbrug,2022-11-25,01:00:00,13,3,10,FMN 10 IJzerlaanbrug
657,Fietsbrug Ijzerlaanbrug,2022-11-25,02:00:00,16,2,14,FMN 10 IJzerlaanbrug
657,Fietsbrug Ijzerlaanbrug,2022-11-25,03:00:00,12,7,5,FMN 10 IJzerlaanbrug
657,Fietsbrug Ijzerlaanbrug,2022-11-25,04:00:00,27,11,16,FMN 10 IJzerlaanbrug
657,Fietsbrug Ijzerlaanbrug,2022-11-25,05:00:00,46,33,13,FMN 10 IJzerlaanbrug
657,Fietsbrug Ijzerlaanbrug,2022-11-25,06:00:00,116,78,38,FMN 10 IJzerlaanbrug
657,Fietsbrug Ijzerlaanbrug,2022-11-25,07:00:00,381,256,125,FMN 10 IJzerlaanbrug
657,Fietsbrug Ijzerlaanbrug,2022-11-25,08:00:00,524,379,145,FMN 10 IJzerlaanbrug
657,Fietsbrug Ijzerlaanbrug,2022-11-25,09:00:00,200,141,59,FMN 10 IJzerlaanbrug
657,Fietsbrug Ijzerlaanbrug,2022-11-25,10:00:00,169,112,57,FMN 10 IJzerlaanbrug
657,Fietsbrug Ijzerlaanbrug,2022-11-25,11:00:00,128,68,60,FMN 10 IJzerlaanbrug
657,Fietsbrug Ijzerlaanbrug,2022-11-25,12:00:00,236,118,118,FMN 10 IJzerlaanbrug
657,Fietsbrug Ijzerlaanbrug,2022-11-25,13:00:00,205,94,111,FMN 10 IJzerlaanbrug
657,Fietsbrug Ijzerlaanbrug,2022-11-25,14:00:00,246,92,154,FMN 10 IJzerlaanbrug
657,Fietsbrug Ijzerlaanbrug,2022-11-25,15:00:00,335,142,193,FMN 10 IJzerlaanbrug
657,Fietsbrug Ijzerlaanbrug,2022-11-25,16:00:00,476,147,329,FMN 10 IJzerlaanbrug
657,Fietsbrug Ijzerlaanbrug,2022-11-25,17:00:00,382,124,258,FMN 10 IJzerlaanbrug
657,Fietsbrug Ijzerlaanbrug,2022-11-25,18:00:00,247,103,144,FMN 10 IJzerlaanbrug
657,Fietsbrug Ijzerlaanbrug,2022-11-25,19:00:00,188,99,89,FMN 10 IJzerlaanbrug
657,Fietsbrug Ijzerlaanbrug,2022-11-25,20:00:00,120,61,59,FMN 10 IJzerlaanbrug
657,Fietsbrug Ijzerlaanbrug,2022-11-25,21:00:00,83,40,43,FMN 10 IJzerlaanbrug
657,Fietsbrug Ijzerlaanbrug,2022-11-25,22:00:00,111,36,75,FMN 10 IJzerlaanbrug
657,Fietsbrug Ijzerlaanbrug,2022-11-25,23:00:00,83,17,66,FMN 10 IJzerlaanbrug
657,Fietsbrug Ijzerlaanbrug,2022-11-26,00:00:00,62,19,43,FMN 10 IJzerlaanbrug
657,Fietsbrug Ijzerlaanbrug,2022-11-26,01:00:00,32,10,22,FMN 10 IJzerlaanbrug
657,Fietsbrug Ijzerlaanbrug,2022-11-26,02:00:00,42,13,29,FMN 10 IJzerlaanbrug
657,Fietsbrug Ijzerlaanbrug,2022-11-26,03:00:00,25,1,24,FMN 10 IJzerlaanbrug
657,Fietsbrug Ijzerlaanbrug,2022-11-26,04:00:00,21,8,13,FMN 10 IJzerlaanbrug
657,Fietsbrug Ijzerlaanbrug,2022-11-26,05:00:00,21,4,17,FMN 10 IJzerlaanbrug
657,Fietsbrug Ijzerlaanbrug,2022-11-26,06:00:00,34,19,15,FMN 10 IJzerlaanbrug
657,Fietsbrug Ijzerlaanbrug,2022-11-26,07:00:00,33,21,12,FMN 10 IJzerlaanbrug
657,Fietsbrug Ijzerlaanbrug,2022-11-26,08:00:00,59,37,22,FMN 10 IJzerlaanbrug
657,Fietsbrug Ijzerlaanbrug,2022-11-26,09:00:00,114,60,54,FMN 10 IJzerlaanbrug
657,Fietsbrug Ijzerlaanbrug,2022-11-26,10:00:00,119,79,40,FMN 10 IJzerlaanbrug
657,Fietsbrug Ijzerlaanbrug,2022-11-26,11:00:00,187,116,71,FMN 10 IJzerlaanbrug
657,Fietsbrug Ijzerlaanbrug,2022-11-26,12:00:00,152,84,68,FMN 10 IJzerlaanbrug
657,Fietsbrug Ijzerlaanbrug,2022-11-26,13:00:00,191,113,78,FMN 10 IJzerlaanbrug
657,Fietsbrug Ijzerlaanbrug,2022-11-26,14:00:00,183,107,76,FMN 10 IJzerlaanbrug
657,Fietsbrug Ijzerlaanbrug,2022-11-26,15:00:00,189,99,90,FMN 10 IJzerlaanbrug
657,Fietsbrug Ijzerlaanbrug,2022-11-26,16:00:00,203,89,114,FMN 10 IJzerlaanbrug
657,Fietsbrug Ijzerlaanbrug,2022-11-26,17:00:00,153,66,87,FMN 10 IJzerlaanbrug
657,Fietsbrug Ijzerlaanbrug,2022-11-26,18:00:00,142,53,89,FMN 10 IJzerlaanbrug
657,Fietsbrug Ijzerlaanbrug,2022-11-26,19:00:00,98,44,54,FMN 10 IJzerlaanbrug
657,Fietsbrug Ijzerlaanbrug,2022-11-26,20:00:00,82,46,36,FMN 10 IJzerlaanbrug
657,Fietsbrug Ijzerlaanbrug,2022-11-26,21:00:00,70,41,29,FMN 10 IJzerlaanbrug
657,Fietsbrug Ijzerlaanbrug,2022-11-26,22:00:00,68,19,49,FMN 10 IJzerlaanbrug
657,Fietsbrug Ijzerlaanbrug,2022-11-26,23:00:00,61,22,39,FMN 10 IJzerlaanbrug
657,Fietsbrug Ijzerlaanbrug,2022-11-27,00:00:00,37,11,26,FMN 10 IJzerlaanbrug
657,Fietsbrug Ijzerlaanbrug,2022-11-27,01:00:00,31,5,26,FMN 10 IJzerlaanbrug
657,Fietsbrug Ijzerlaanbrug,2022-11-27,02:00:00,18,1,17,FMN 10 IJzerlaanbrug
657,Fietsbrug Ijzerlaanbrug,2022-11-27,03:00:00,19,7,12,FMN 10 IJzerlaanbrug
657,Fietsbrug Ijzerlaanbrug,2022-11-27,04:00:00,14,7,7,FMN 10 IJzerlaanbrug
657,Fietsbrug Ijzerlaanbrug,2022-11-27,05:00:00,15,7,8,FMN 10 IJzerlaanbrug
657,Fietsbrug Ijzerlaanbrug,2022-11-27,06:00:00,22,9,13,FMN 10 IJzerlaanbrug
657,Fietsbrug Ijzerlaanbrug,2022-11-27,07:00:00,20,13,7,FMN 10 IJzerlaanbrug
657,Fietsbrug Ijzerlaanbrug,2022-11-27,08:00:00,31,19,12,FMN 10 IJzerlaanbrug
657,Fietsbrug Ijzerlaanbrug,2022-11-27,09:00:00,50,21,29,FMN 10 IJzerlaanbrug
657,Fietsbrug Ijzerlaanbrug,2022-11-27,10:00:00,75,40,35,FMN 10 IJzerlaanbrug
657,Fietsbrug Ijzerlaanbrug,2022-11-27,11:00:00,68,41,27,FMN 10 IJzerlaanbrug
657,Fietsbrug Ijzerlaanbrug,2022-11-27,12:00:00,71,40,31,FMN 10 IJzerlaanbrug
657,Fietsbrug Ijzerlaanbrug,2022-11-27,13:00:00,103,62,41,FMN 10 IJzerlaanbrug
657,Fietsbrug Ijzerlaanbrug,2022-11-27,14:00:00,64,34,30,FMN 10 IJzerlaanbrug
657,Fietsbrug Ijzerlaanbrug,2022-11-27,15:00:00,64,29,35,FMN 10 IJzerlaanbrug
657,Fietsbrug Ijzerlaanbrug,2022-11-27,16:00:00,109,53,56,FMN 10 IJzerlaanbrug
657,Fietsbrug Ijzerlaanbrug,2022-11-27,17:00:00,92,38,54,FMN 10 IJzerlaanbrug
657,Fietsbrug Ijzerlaanbrug,2022-11-27,18:00:00,70,31,39,FMN 10 IJzerlaanbrug
657,Fietsbrug Ijzerlaanbrug,2022-11-27,19:00:00,45,22,23,FMN 10 IJzerlaanbrug
657,Fietsbrug Ijzerlaanbrug,2022-11-27,20:00:00,52,24,28,FMN 10 IJzerlaanbrug
657,Fietsbrug Ijzerlaanbrug,2022-11-27,21:00:00,42,16,26,FMN 10 IJzerlaanbrug
657,Fietsbrug Ijzerlaanbrug,2022-11-27,22:00:00,34,16,18,FMN 10 IJzerlaanbrug
657,Fietsbrug Ijzerlaanbrug,2022-11-27,23:00:00,23,4,19,FMN 10 IJzerlaanbrug
657,Fietsbrug Ijzerlaanbrug,2022-11-28,00:00:00,10,5,5,FMN 10 IJzerlaanbrug
657,Fietsbrug Ijzerlaanbrug,2022-11-28,01:00:00,9,1,8,FMN 10 IJzerlaanbrug
657,Fietsbrug Ijzerlaanbrug,2022-11-28,02:00:00,3,1,2,FMN 10 IJzerlaanbrug
657,Fietsbrug Ijzerlaanbrug,2022-11-28,03:00:00,3,3,0,FMN 10 IJzerlaanbrug
657,Fietsbrug Ijzerlaanbrug,2022-11-28,04:00:00,20,18,2,FMN 10 IJzerlaanbrug
657,Fietsbrug Ijzerlaanbrug,2022-11-28,05:00:00,47,25,22,FMN 10 IJzerlaanbrug
657,Fietsbrug Ijzerlaanbrug,2022-11-28,06:00:00,114,76,38,FMN 10 IJzerlaanbrug
657,Fietsbrug Ijzerlaanbrug,2022-11-28,07:00:00,377,287,90,FMN 10 IJzerlaanbrug
657,Fietsbrug Ijzerlaanbrug,2022-11-28,08:00:00,569,432,137,FMN 10 IJzerlaanbrug
657,Fietsbrug Ijzerlaanbrug,2022-11-28,09:00:00,160,108,52,FMN 10 IJzerlaanbrug
657,Fietsbrug Ijzerlaanbrug,2022-11-28,10:00:00,110,67,43,FMN 10 IJzerlaanbrug
657,Fietsbrug Ijzerlaanbrug,2022-11-28,11:00:00,110,64,46,FMN 10 IJzerlaanbrug
657,Fietsbrug Ijzerlaanbrug,2022-11-28,12:00:00,139,70,69,FMN 10 IJzerlaanbrug
657,Fietsbrug Ijzerlaanbrug,2022-11-28,13:00:00,151,75,76,FMN 10 IJzerlaanbrug
657,Fietsbrug Ijzerlaanbrug,2022-11-28,14:00:00,151,69,82,FMN 10 IJzerlaanbrug
657,Fietsbrug Ijzerlaanbrug,2022-11-28,15:00:00,287,112,175,FMN 10 IJzerlaanbrug
657,Fietsbrug Ijzerlaanbrug,2022-11-28,16:00:00,471,160,311,FMN 10 IJzerlaanbrug
657,Fietsbrug Ijzerlaanbrug,2022-11-28,17:00:00,419,113,306,FMN 10 IJzerlaanbrug
657,Fietsbrug Ijzerlaanbrug,2022-11-28,18:00:00,253,80,173,FMN 10 IJzerlaanbrug
657,Fietsbrug Ijzerlaanbrug,2022-11-28,19:00:00,149,64,85,FMN 10 IJzerlaanbrug
657,Fietsbrug Ijzerlaanbrug,2022-11-28,20:00:00,93,39,54,FMN 10 IJzerlaanbrug
657,Fietsbrug Ijzerlaanbrug,2022-11-28,21:00:00,84,42,42,FMN 10 IJzerlaanbrug
657,Fietsbrug Ijzerlaanbrug,2022-11-28,22:00:00,72,23,49,FMN 10 IJzerlaanbrug
657,Fietsbrug Ijzerlaanbrug,2022-11-28,23:00:00,32,11,21,FMN 10 IJzerlaanbrug
657,Fietsbrug Ijzerlaanbrug,2022-11-29,00:00:00,17,7,10,FMN 10 IJzerlaanbrug
657,Fietsbrug Ijzerlaanbrug,2022-11-29,01:00:00,13,3,10,FMN 10 IJzerlaanbrug
657,Fietsbrug Ijzerlaanbrug,2022-11-29,02:00:00,2,2,0,FMN 10 IJzerlaanbrug
657,Fietsbrug Ijzerlaanbrug,2022-11-29,03:00:00,5,1,4,FMN 10 IJzerlaanbrug
657,Fietsbrug Ijzerlaanbrug,2022-11-29,04:00:00,20,13,7,FMN 10 IJzerlaanbrug
657,Fietsbrug Ijzerlaanbrug,2022-11-29,05:00:00,53,31,22,FMN 10 IJzerlaanbrug
657,Fietsbrug Ijzerlaanbrug,2022-11-29,06:00:00,135,96,39,FMN 10 IJzerlaanbrug
657,Fietsbrug Ijzerlaanbrug,2022-11-29,07:00:00,438,333,105,FMN 10 IJzerlaanbrug
657,Fietsbrug Ijzerlaanbrug,2022-11-29,08:00:00,655,499,156,FMN 10 IJzerlaanbrug
657,Fietsbrug Ijzerlaanbrug,2022-11-29,09:00:00,228,165,63,FMN 10 IJzerlaanbrug
657,Fietsbrug Ijzerlaanbrug,2022-11-29,10:00:00,132,96,36,FMN 10 IJzerlaanbrug
657,Fietsbrug Ijzerlaanbrug,2022-11-29,11:00:00,102,60,42,FMN 10 IJzerlaanbrug
657,Fietsbrug Ijzerlaanbrug,2022-11-29,12:00:00,211,105,106,FMN 10 IJzerlaanbrug
657,Fietsbrug Ijzerlaanbrug,2022-11-29,13:00:00,178,80,98,FMN 10 IJzerlaanbrug
657,Fietsbrug Ijzerlaanbrug,2022-11-29,14:00:00,175,83,92,FMN 10 IJzerlaanbrug
657,Fietsbrug Ijzerlaanbrug,2022-11-29,15:00:00,347,122,225,FMN 10 IJzerlaanbrug
657,Fietsbrug Ijzerlaanbrug,2022-11-29,16:00:00,542,165,377,FMN 10 IJzerlaanbrug
657,Fietsbrug Ijzerlaanbrug,2022-11-29,17:00:00,508,155,353,FMN 10 IJzerlaanbrug
657,Fietsbrug Ijzerlaanbrug,2022-11-29,18:00:00,274,75,199,FMN 10 IJzerlaanbrug
657,Fietsbrug Ijzerlaanbrug,2022-11-29,19:00:00,158,66,92,FMN 10 IJzerlaanbrug
657,Fietsbrug Ijzerlaanbrug,2022-11-29,20:00:00,90,38,52,FMN 10 IJzerlaanbrug
657,Fietsbrug Ijzerlaanbrug,2022-11-29,21:00:00,90,37,53,FMN 10 IJzerlaanbrug
657,Fietsbrug Ijzerlaanbrug,2022-11-29,22:00:00,83,26,57,FMN 10 IJzerlaanbrug
657,Fietsbrug Ijzerlaanbrug,2022-11-29,23:00:00,45,10,35,FMN 10 IJzerlaanbrug
657,Fietsbrug Ijzerlaanbrug,2022-11-30,00:00:00,27,13,14,FMN 10 IJzerlaanbrug
657,Fietsbrug Ijzerlaanbrug,2022-11-30,01:00:00,18,9,9,FMN 10 IJzerlaanbrug
657,Fietsbrug Ijzerlaanbrug,2022-11-30,02:00:00,7,5,2,FMN 10 IJzerlaanbrug
657,Fietsbrug Ijzerlaanbrug,2022-11-30,03:00:00,6,1,5,FMN 10 IJzerlaanbrug
657,Fietsbrug Ijzerlaanbrug,2022-11-30,04:00:00,26,17,9,FMN 10 IJzerlaanbrug
657,Fietsbrug Ijzerlaanbrug,2022-11-30,05:00:00,54,33,21,FMN 10 IJzerlaanbrug
657,Fietsbrug Ijzerlaanbrug,2022-11-30,06:00:00,114,80,34,FMN 10 IJzerlaanbrug
657,Fietsbrug Ijzerlaanbrug,2022-11-30,07:00:00,384,281,103,FMN 10 IJzerlaanbrug
657,Fietsbrug Ijzerlaanbrug,2022-11-30,08:00:00,494,358,136,FMN 10 IJzerlaanbrug
657,Fietsbrug Ijzerlaanbrug,2022-11-30,09:00:00,207,151,56,FMN 10 IJzerlaanbrug
657,Fietsbrug Ijzerlaanbrug,2022-11-30,10:00:00,127,89,38,FMN 10 IJzerlaanbrug
657,Fietsbrug Ijzerlaanbrug,2022-11-30,11:00:00,146,77,69,FMN 10 IJzerlaanbrug
657,Fietsbrug Ijzerlaanbrug,2022-11-30,12:00:00,357,162,195,FMN 10 IJzerlaanbrug
657,Fietsbrug Ijzerlaanbrug,2022-11-30,13:00:00,240,102,138,FMN 10 IJzerlaanbrug
657,Fietsbrug Ijzerlaanbrug,2022-11-30,14:00:00,192,88,104,FMN 10 IJzerlaanbrug
657,Fietsbrug Ijzerlaanbrug,2022-11-30,15:00:00,226,93,133,FMN 10 IJzerlaanbrug
657,Fietsbrug Ijzerlaanbrug,2022-11-30,16:00:00,339,108,231,FMN 10 IJzerlaanbrug
657,Fietsbrug Ijzerlaanbrug,2022-11-30,17:00:00,424,125,299,FMN 10 IJzerlaanbrug
657,Fietsbrug Ijzerlaanbrug,2022-11-30,18:00:00,232,74,158,FMN 10 IJzerlaanbrug
657,Fietsbrug Ijzerlaanbrug,2022-11-30,19:00:00,154,64,90,FMN 10 IJzerlaanbrug
657,Fietsbrug Ijzerlaanbrug,2022-11-30,20:00:00,94,39,55,FMN 10 IJzerlaanbrug
657,Fietsbrug Ijzerlaanbrug,2022-11-30,21:00:00,81,31,50,FMN 10 IJzerlaanbrug
657,Fietsbrug Ijzerlaanbrug,2022-11-30,22:00:00,80,30,50,FMN 10 IJzerlaanbrug
657,Fietsbrug Ijzerlaanbrug,2022-11-30,23:00:00,16,6,10,FMN 10 IJzerlaanbrug
657,Fietsbrug Ijzerlaanbrug,2022-12-01,00:00:00,32,15,17,FMN 10 IJzerlaanbrug
657,Fietsbrug Ijzerlaanbrug,2022-12-01,01:00:00,10,4,6,FMN 10 IJzerlaanbrug
657,Fietsbrug Ijzerlaanbrug,2022-12-01,02:00:00,10,1,9,FMN 10 IJzerlaanbrug
657,Fietsbrug Ijzerlaanbrug,2022-12-01,03:00:00,4,1,3,FMN 10 IJzerlaanbrug
657,Fietsbrug Ijzerlaanbrug,2022-12-01,04:00:00,23,13,10,FMN 10 IJzerlaanbrug
657,Fietsbrug Ijzerlaanbrug,2022-12-01,05:00:00,51,32,19,FMN 10 IJzerlaanbrug
657,Fietsbrug Ijzerlaanbrug,2022-12-01,06:00:00,109,75,34,FMN 10 IJzerlaanbrug
657,Fietsbrug Ijzerlaanbrug,2022-12-01,07:00:00,404,306,98,FMN 10 IJzerlaanbrug
657,Fietsbrug Ijzerlaanbrug,2022-12-01,08:00:00,592,453,139,FMN 10 IJzerlaanbrug
657,Fietsbrug Ijzerlaanbrug,2022-12-01,09:00:00,197,144,53,FMN 10 IJzerlaanbrug
657,Fietsbrug Ijzerlaanbrug,2022-12-01,10:00:00,160,105,55,FMN 10 IJzerlaanbrug
657,Fietsbrug Ijzerlaanbrug,2022-12-01,11:00:00,118,73,45,FMN 10 IJzerlaanbrug
657,Fietsbrug Ijzerlaanbrug,2022-12-01,12:00:00,201,102,99,FMN 10 IJzerlaanbrug
657,Fietsbrug Ijzerlaanbrug,2022-12-01,13:00:00,204,87,117,FMN 10 IJzerlaanbrug
657,Fietsbrug Ijzerlaanbrug,2022-12-01,14:00:00,170,73,97,FMN 10 IJzerlaanbrug
657,Fietsbrug Ijzerlaanbrug,2022-12-01,15:00:00,353,150,203,FMN 10 IJzerlaanbrug
657,Fietsbrug Ijzerlaanbrug,2022-12-01,16:00:00,436,130,306,FMN 10 IJzerlaanbrug
657,Fietsbrug Ijzerlaanbrug,2022-12-01,17:00:00,360,104,256,FMN 10 IJzerlaanbrug
657,Fietsbrug Ijzerlaanbrug,2022-12-01,18:00:00,314,128,186,FMN 10 IJzerlaanbrug
657,Fietsbrug Ijzerlaanbrug,2022-12-01,19:00:00,159,67,92,FMN 10 IJzerlaanbrug
657,Fietsbrug Ijzerlaanbrug,2022-12-01,20:00:00,89,35,54,FMN 10 IJzerlaanbrug
657,Fietsbrug Ijzerlaanbrug,2022-12-01,21:00:00,76,22,54,FMN 10 IJzerlaanbrug
657,Fietsbrug Ijzerlaanbrug,2022-12-01,22:00:00,102,26,76,FMN 10 IJzerlaanbrug
657,Fietsbrug Ijzerlaanbrug,2022-12-01,23:00:00,65,24,41,FMN 10 IJzerlaanbrug
657,Fietsbrug Ijzerlaanbrug,2022-12-02,00:00:00,33,9,24,FMN 10 IJzerlaanbrug
657,Fietsbrug Ijzerlaanbrug,2022-12-02,01:00:00,18,5,13,FMN 10 IJzerlaanbrug
657,Fietsbrug Ijzerlaanbrug,2022-12-02,02:00:00,10,3,7,FMN 10 IJzerlaanbrug
657,Fietsbrug Ijzerlaanbrug,2022-12-02,03:00:00,6,1,5,FMN 10 IJzerlaanbrug
657,Fietsbrug Ijzerlaanbrug,2022-12-02,04:00:00,23,12,11,FMN 10 IJzerlaanbrug
657,Fietsbrug Ijzerlaanbrug,2022-12-02,05:00:00,48,31,17,FMN 10 IJzerlaanbrug
657,Fietsbrug Ijzerlaanbrug,2022-12-02,06:00:00,93,59,34,FMN 10 IJzerlaanbrug
657,Fietsbrug Ijzerlaanbrug,2022-12-02,07:00:00,339,237,102,FMN 10 IJzerlaanbrug
657,Fietsbrug Ijzerlaanbrug,2022-12-02,08:00:00,515,375,140,FMN 10 IJzerlaanbrug
657,Fietsbrug Ijzerlaanbrug,2022-12-02,09:00:00,216,141,75,FMN 10 IJzerlaanbrug
657,Fietsbrug Ijzerlaanbrug,2022-12-02,10:00:00,144,91,53,FMN 10 IJzerlaanbrug
657,Fietsbrug Ijzerlaanbrug,2022-12-02,11:00:00,131,78,53,FMN 10 IJzerlaanbrug
657,Fietsbrug Ijzerlaanbrug,2022-12-02,12:00:00,185,98,87,FMN 10 IJzerlaanbrug
657,Fietsbrug Ijzerlaanbrug,2022-12-02,13:00:00,134,66,68,FMN 10 IJzerlaanbrug
657,Fietsbrug Ijzerlaanbrug,2022-12-02,14:00:00,167,65,102,FMN 10 IJzerlaanbrug
657,Fietsbrug Ijzerlaanbrug,2022-12-02,15:00:00,327,117,210,FMN 10 IJzerlaanbrug
657,Fietsbrug Ijzerlaanbrug,2022-12-02,16:00:00,402,130,272,FMN 10 IJzerlaanbrug
657,Fietsbrug Ijzerlaanbrug,2022-12-02,17:00:00,331,107,224,FMN 10 IJzerlaanbrug
657,Fietsbrug Ijzerlaanbrug,2022-12-02,18:00:00,216,82,134,FMN 10 IJzerlaanbrug
657,Fietsbrug Ijzerlaanbrug,2022-12-02,19:00:00,135,67,68,FMN 10 IJzerlaanbrug
657,Fietsbrug Ijzerlaanbrug,2022-12-02,20:00:00,91,42,49,FMN 10 IJzerlaanbrug
657,Fietsbrug Ijzerlaanbrug,2022-12-02,21:00:00,78,47,31,FMN 10 IJzerlaanbrug
657,Fietsbrug Ijzerlaanbrug,2022-12-02,22:00:00,77,27,50,FMN 10 IJzerlaanbrug
657,Fietsbrug Ijzerlaanbrug,2022-12-02,23:00:00,64,24,40,FMN 10 IJzerlaanbrug
657,Fietsbrug Ijzerlaanbrug,2022-12-03,00:00:00,38,16,22,FMN 10 IJzerlaanbrug
657,Fietsbrug Ijzerlaanbrug,2022-12-03,01:00:00,28,3,25,FMN 10 IJzerlaanbrug
657,Fietsbrug Ijzerlaanbrug,2022-12-03,02:00:00,50,3,47,FMN 10 IJzerlaanbrug
657,Fietsbrug Ijzerlaanbrug,2022-12-03,03:00:00,17,8,9,FMN 10 IJzerlaanbrug
657,Fietsbrug Ijzerlaanbrug,2022-12-03,04:00:00,20,6,14,FMN 10 IJzerlaanbrug
657,Fietsbrug Ijzerlaanbrug,2022-12-03,05:00:00,20,10,10,FMN 10 IJzerlaanbrug
657,Fietsbrug Ijzerlaanbrug,2022-12-03,06:00:00,27,15,12,FMN 10 IJzerlaanbrug
657,Fietsbrug Ijzerlaanbrug,2022-12-03,07:00:00,23,12,11,FMN 10 IJzerlaanbrug
657,Fietsbrug Ijzerlaanbrug,2022-12-03,08:00:00,39,25,14,FMN 10 IJzerlaanbrug
657,Fietsbrug Ijzerlaanbrug,2022-12-03,09:00:00,92,66,26,FMN 10 IJzerlaanbrug
657,Fietsbrug Ijzerlaanbrug,2022-12-03,10:00:00,97,56,41,FMN 10 IJzerlaanbrug
657,Fietsbrug Ijzerlaanbrug,2022-12-03,11:00:00,111,61,50,FMN 10 IJzerlaanbrug
657,Fietsbrug Ijzerlaanbrug,2022-12-03,12:00:00,119,65,54,FMN 10 IJzerlaanbrug
657,Fietsbrug Ijzerlaanbrug,2022-12-03,13:00:00,120,68,52,FMN 10 IJzerlaanbrug
657,Fietsbrug Ijzerlaanbrug,2022-12-03,14:00:00,128,72,56,FMN 10 IJzerlaanbrug
657,Fietsbrug Ijzerlaanbrug,2022-12-03,15:00:00,141,67,74,FMN 10 IJzerlaanbrug
657,Fietsbrug Ijzerlaanbrug,2022-12-03,16:00:00,118,60,58,FMN 10 IJzerlaanbrug
657,Fietsbrug Ijzerlaanbrug,2022-12-03,17:00:00,129,58,71,FMN 10 IJzerlaanbrug
657,Fietsbrug Ijzerlaanbrug,2022-12-03,18:00:00,124,64,60,FMN 10 IJzerlaanbrug
657,Fietsbrug Ijzerlaanbrug,2022-12-03,19:00:00,90,44,46,FMN 10 IJzerlaanbrug
657,Fietsbrug Ijzerlaanbrug,2022-12-03,20:00:00,64,37,27,FMN 10 IJzerlaanbrug
657,Fietsbrug Ijzerlaanbrug,2022-12-03,21:00:00,53,25,28,FMN 10 IJzerlaanbrug
657,Fietsbrug Ijzerlaanbrug,2022-12-03,22:00:00,52,17,35,FMN 10 IJzerlaanbrug
657,Fietsbrug Ijzerlaanbrug,2022-12-03,23:00:00,45,22,23,FMN 10 IJzerlaanbrug
657,Fietsbrug Ijzerlaanbrug,2022-12-04,00:00:00,38,11,27,FMN 10 IJzerlaanbrug
657,Fietsbrug Ijzerlaanbrug,2022-12-04,01:00:00,36,21,15,FMN 10 IJzerlaanbrug
657,Fietsbrug Ijzerlaanbrug,2022-12-04,02:00:00,25,9,16,FMN 10 IJzerlaanbrug
657,Fietsbrug Ijzerlaanbrug,2022-12-04,03:00:00,13,3,10,FMN 10 IJzerlaanbrug
657,Fietsbrug Ijzerlaanbrug,2022-12-04,04:00:00,13,1,12,FMN 10 IJzerlaanbrug
657,Fietsbrug Ijzerlaanbrug,2022-12-04,05:00:00,11,5,6,FMN 10 IJzerlaanbrug
657,Fietsbrug Ijzerlaanbrug,2022-12-04,06:00:00,24,10,14,FMN 10 IJzerlaanbrug
657,Fietsbrug Ijzerlaanbrug,2022-12-04,07:00:00,17,10,7,FMN 10 IJzerlaanbrug
657,Fietsbrug Ijzerlaanbrug,2022-12-04,08:00:00,32,19,13,FMN 10 IJzerlaanbrug
657,Fietsbrug Ijzerlaanbrug,2022-12-04,09:00:00,86,52,34,FMN 10 IJzerlaanbrug
657,Fietsbrug Ijzerlaanbrug,2022-12-04,10:00:00,100,68,32,FMN 10 IJzerlaanbrug
657,Fietsbrug Ijzerlaanbrug,2022-12-04,11:00:00,105,63,42,FMN 10 IJzerlaanbrug
657,Fietsbrug Ijzerlaanbrug,2022-12-04,12:00:00,100,71,29,FMN 10 IJzerlaanbrug
657,Fietsbrug Ijzerlaanbrug,2022-12-04,13:00:00,97,61,36,FMN 10 IJzerlaanbrug
657,Fietsbrug Ijzerlaanbrug,2022-12-04,14:00:00,90,49,41,FMN 10 IJzerlaanbrug
657,Fietsbrug Ijzerlaanbrug,2022-12-04,15:00:00,96,34,62,FMN 10 IJzerlaanbrug
657,Fietsbrug Ijzerlaanbrug,2022-12-04,16:00:00,114,40,74,FMN 10 IJzerlaanbrug
657,Fietsbrug Ijzerlaanbrug,2022-12-04,17:00:00,92,39,53,FMN 10 IJzerlaanbrug
657,Fietsbrug Ijzerlaanbrug,2022-12-04,18:00:00,74,37,37,FMN 10 IJzerlaanbrug
657,Fietsbrug Ijzerlaanbrug,2022-12-04,19:00:00,57,28,29,FMN 10 IJzerlaanbrug
657,Fietsbrug Ijzerlaanbrug,2022-12-04,20:00:00,46,24,22,FMN 10 IJzerlaanbrug
657,Fietsbrug Ijzerlaanbrug,2022-12-04,21:00:00,38,15,23,FMN 10 IJzerlaanbrug
657,Fietsbrug Ijzerlaanbrug,2022-12-04,22:00:00,39,12,27,FMN 10 IJzerlaanbrug
657,Fietsbrug Ijzerlaanbrug,2022-12-04,23:00:00,25,6,19,FMN 10 IJzerlaanbrug
657,Fietsbrug Ijzerlaanbrug,2022-12-05,00:00:00,14,4,10,FMN 10 IJzerlaanbrug
657,Fietsbrug Ijzerlaanbrug,2022-12-05,01:00:00,3,0,3,FMN 10 IJzerlaanbrug
657,Fietsbrug Ijzerlaanbrug,2022-12-05,02:00:00,8,3,5,FMN 10 IJzerlaanbrug
657,Fietsbrug Ijzerlaanbrug,2022-12-05,03:00:00,5,4,1,FMN 10 IJzerlaanbrug
657,Fietsbrug Ijzerlaanbrug,2022-12-05,04:00:00,13,9,4,FMN 10 IJzerlaanbrug
657,Fietsbrug Ijzerlaanbrug,2022-12-05,05:00:00,39,20,19,FMN 10 IJzerlaanbrug
657,Fietsbrug Ijzerlaanbrug,2022-12-05,06:00:00,98,64,34,FMN 10 IJzerlaanbrug
657,Fietsbrug Ijzerlaanbrug,2022-12-05,07:00:00,347,262,85,FMN 10 IJzerlaanbrug
657,Fietsbrug Ijzerlaanbrug,2022-12-05,08:00:00,473,363,110,FMN 10 IJzerlaanbrug
657,Fietsbrug Ijzerlaanbrug,2022-12-05,09:00:00,144,104,40,FMN 10 IJzerlaanbrug
657,Fietsbrug Ijzerlaanbrug,2022-12-05,10:00:00,91,62,29,FMN 10 IJzerlaanbrug
657,Fietsbrug Ijzerlaanbrug,2022-12-05,11:00:00,103,46,57,FMN 10 IJzerlaanbrug
657,Fietsbrug Ijzerlaanbrug,2022-12-05,12:00:00,134,75,59,FMN 10 IJzerlaanbrug
657,Fietsbrug Ijzerlaanbrug,2022-12-05,13:00:00,125,53,72,FMN 10 IJzerlaanbrug
657,Fietsbrug Ijzerlaanbrug,2022-12-05,14:00:00,147,61,86,FMN 10 IJzerlaanbrug
657,Fietsbrug Ijzerlaanbrug,2022-12-05,15:00:00,205,77,128,FMN 10 IJzerlaanbrug
657,Fietsbrug Ijzerlaanbrug,2022-12-05,16:00:00,363,115,248,FMN 10 IJzerlaanbrug
657,Fietsbrug Ijzerlaanbrug,2022-12-05,17:00:00,369,100,269,FMN 10 IJzerlaanbrug
657,Fietsbrug Ijzerlaanbrug,2022-12-05,18:00:00,208,69,139,FMN 10 IJzerlaanbrug
657,Fietsbrug Ijzerlaanbrug,2022-12-05,19:00:00,118,50,68,FMN 10 IJzerlaanbrug
657,Fietsbrug Ijzerlaanbrug,2022-12-05,20:00:00,89,40,49,FMN 10 IJzerlaanbrug
657,Fietsbrug Ijzerlaanbrug,2022-12-05,21:00:00,63,24,39,FMN 10 IJzerlaanbrug
657,Fietsbrug Ijzerlaanbrug,2022-12-05,22:00:00,54,27,27,FMN 10 IJzerlaanbrug
657,Fietsbrug Ijzerlaanbrug,2022-12-05,23:00:00,37,11,26,FMN 10 IJzerlaanbrug
657,Fietsbrug Ijzerlaanbrug,2022-12-06,00:00:00,9,4,5,FMN 10 IJzerlaanbrug
657,Fietsbrug Ijzerlaanbrug,2022-12-06,01:00:00,6,2,4,FMN 10 IJzerlaanbrug
657,Fietsbrug Ijzerlaanbrug,2022-12-06,02:00:00,9,2,7,FMN 10 IJzerlaanbrug
657,Fietsbrug Ijzerlaanbrug,2022-12-06,03:00:00,3,1,2,FMN 10 IJzerlaanbrug
657,Fietsbrug Ijzerlaanbrug,2022-12-06,04:00:00,16,10,6,FMN 10 IJzerlaanbrug
657,Fietsbrug Ijzerlaanbrug,2022-12-06,05:00:00,44,29,15,FMN 10 IJzerlaanbrug
657,Fietsbrug Ijzerlaanbrug,2022-12-06,06:00:00,125,86,39,FMN 10 IJzerlaanbrug
657,Fietsbrug Ijzerlaanbrug,2022-12-06,07:00:00,397,291,106,FMN 10 IJzerlaanbrug
657,Fietsbrug Ijzerlaanbrug,2022-12-06,08:00:00,567,436,131,FMN 10 IJzerlaanbrug
657,Fietsbrug Ijzerlaanbrug,2022-12-06,09:00:00,209,148,61,FMN 10 IJzerlaanbrug
657,Fietsbrug Ijzerlaanbrug,2022-12-06,10:00:00,156,101,55,FMN 10 IJzerlaanbrug
657,Fietsbrug Ijzerlaanbrug,2022-12-06,11:00:00,148,73,75,FMN 10 IJzerlaanbrug
657,Fietsbrug Ijzerlaanbrug,2022-12-06,12:00:00,208,111,97,FMN 10 IJzerlaanbrug
657,Fietsbrug Ijzerlaanbrug,2022-12-06,13:00:00,187,93,94,FMN 10 IJzerlaanbrug
657,Fietsbrug Ijzerlaanbrug,2022-12-06,14:00:00,212,87,125,FMN 10 IJzerlaanbrug
657,Fietsbrug Ijzerlaanbrug,2022-12-06,15:00:00,313,135,178,FMN 10 IJzerlaanbrug
657,Fietsbrug Ijzerlaanbrug,2022-12-06,16:00:00,441,132,309,FMN 10 IJzerlaanbrug
657,Fietsbrug Ijzerlaanbrug,2022-12-06,17:00:00,407,112,295,FMN 10 IJzerlaanbrug
657,Fietsbrug Ijzerlaanbrug,2022-12-06,18:00:00,236,76,160,FMN 10 IJzerlaanbrug
657,Fietsbrug Ijzerlaanbrug,2022-12-06,19:00:00,133,51,82,FMN 10 IJzerlaanbrug
657,Fietsbrug Ijzerlaanbrug,2022-12-06,20:00:00,102,49,53,FMN 10 IJzerlaanbrug
657,Fietsbrug Ijzerlaanbrug,2022-12-06,21:00:00,61,25,36,FMN 10 IJzerlaanbrug
657,Fietsbrug Ijzerlaanbrug,2022-12-06,22:00:00,81,36,45,FMN 10 IJzerlaanbrug
657,Fietsbrug Ijzerlaanbrug,2022-12-06,23:00:00,39,10,29,FMN 10 IJzerlaanbrug
657,Fietsbrug Ijzerlaanbrug,2022-12-07,00:00:00,16,3,13,FMN 10 IJzerlaanbrug
657,Fietsbrug Ijzerlaanbrug,2022-12-07,01:00:00,4,3,1,FMN 10 IJzerlaanbrug
657,Fietsbrug Ijzerlaanbrug,2022-12-07,02:00:00,4,1,3,FMN 10 IJzerlaanbrug
657,Fietsbrug Ijzerlaanbrug,2022-12-07,03:00:00,9,4,5,FMN 10 IJzerlaanbrug
657,Fietsbrug Ijzerlaanbrug,2022-12-07,04:00:00,19,12,7,FMN 10 IJzerlaanbrug
657,Fietsbrug Ijzerlaanbrug,2022-12-07,05:00:00,41,29,12,FMN 10 IJzerlaanbrug
657,Fietsbrug Ijzerlaanbrug,2022-12-07,06:00:00,118,82,36,FMN 10 IJzerlaanbrug
657,Fietsbrug Ijzerlaanbrug,2022-12-07,07:00:00,355,240,115,FMN 10 IJzerlaanbrug
657,Fietsbrug Ijzerlaanbrug,2022-12-07,08:00:00,490,354,136,FMN 10 IJzerlaanbrug
657,Fietsbrug Ijzerlaanbrug,2022-12-07,09:00:00,177,128,49,FMN 10 IJzerlaanbrug
657,Fietsbrug Ijzerlaanbrug,2022-12-07,10:00:00,141,88,53,FMN 10 IJzerlaanbrug
657,Fietsbrug Ijzerlaanbrug,2022-12-07,11:00:00,150,79,71,FMN 10 IJzerlaanbrug
657,Fietsbrug Ijzerlaanbrug,2022-12-07,12:00:00,280,132,148,FMN 10 IJzerlaanbrug
657,Fietsbrug Ijzerlaanbrug,2022-12-07,13:00:00,191,85,106,FMN 10 IJzerlaanbrug
657,Fietsbrug Ijzerlaanbrug,2022-12-07,14:00:00,159,62,97,FMN 10 IJzerlaanbrug
657,Fietsbrug Ijzerlaanbrug,2022-12-07,15:00:00,193,70,123,FMN 10 IJzerlaanbrug
657,Fietsbrug Ijzerlaanbrug,2022-12-07,16:00:00,282,99,183,FMN 10 IJzerlaanbrug
657,Fietsbrug Ijzerlaanbrug,2022-12-07,17:00:00,338,103,235,FMN 10 IJzerlaanbrug
657,Fietsbrug Ijzerlaanbrug,2022-12-07,18:00:00,229,72,157,FMN 10 IJzerlaanbrug
657,Fietsbrug Ijzerlaanbrug,2022-12-07,19:00:00,112,59,53,FMN 10 IJzerlaanbrug
657,Fietsbrug Ijzerlaanbrug,2022-12-07,20:00:00,100,41,59,FMN 10 IJzerlaanbrug
657,Fietsbrug Ijzerlaanbrug,2022-12-07,21:00:00,54,17,37,FMN 10 IJzerlaanbrug
657,Fietsbrug Ijzerlaanbrug,2022-12-07,22:00:00,62,28,34,FMN 10 IJzerlaanbrug
657,Fietsbrug Ijzerlaanbrug,2022-12-07,23:00:00,44,13,31,FMN 10 IJzerlaanbrug
657,Fietsbrug Ijzerlaanbrug,2022-12-08,00:00:00,19,5,14,FMN 10 IJzerlaanbrug
657,Fietsbrug Ijzerlaanbrug,2022-12-08,01:00:00,15,6,9,FMN 10 IJzerlaanbrug
657,Fietsbrug Ijzerlaanbrug,2022-12-08,02:00:00,10,2,8,FMN 10 IJzerlaanbrug
657,Fietsbrug Ijzerlaanbrug,2022-12-08,03:00:00,6,3,3,FMN 10 IJzerlaanbrug
657,Fietsbrug Ijzerlaanbrug,2022-12-08,04:00:00,15,12,3,FMN 10 IJzerlaanbrug
657,Fietsbrug Ijzerlaanbrug,2022-12-08,05:00:00,39,23,16,FMN 10 IJzerlaanbrug
657,Fietsbrug Ijzerlaanbrug,2022-12-08,06:00:00,98,70,28,FMN 10 IJzerlaanbrug
657,Fietsbrug Ijzerlaanbrug,2022-12-08,07:00:00,364,263,101,FMN 10 IJzerlaanbrug
657,Fietsbrug Ijzerlaanbrug,2022-12-08,08:00:00,576,433,143,FMN 10 IJzerlaanbrug
657,Fietsbrug Ijzerlaanbrug,2022-12-08,09:00:00,190,131,59,FMN 10 IJzerlaanbrug
657,Fietsbrug Ijzerlaanbrug,2022-12-08,10:00:00,169,109,60,FMN 10 IJzerlaanbrug
657,Fietsbrug Ijzerlaanbrug,2022-12-08,11:00:00,112,68,44,FMN 10 IJzerlaanbrug
657,Fietsbrug Ijzerlaanbrug,2022-12-08,12:00:00,179,82,97,FMN 10 IJzerlaanbrug
657,Fietsbrug Ijzerlaanbrug,2022-12-08,13:00:00,137,63,74,FMN 10 IJzerlaanbrug
657,Fietsbrug Ijzerlaanbrug,2022-12-08,14:00:00,125,47,78,FMN 10 IJzerlaanbrug
657,Fietsbrug Ijzerlaanbrug,2022-12-08,15:00:00,246,99,147,FMN 10 IJzerlaanbrug
657,Fietsbrug Ijzerlaanbrug,2022-12-08,16:00:00,376,119,257,FMN 10 IJzerlaanbrug
657,Fietsbrug Ijzerlaanbrug,2022-12-08,17:00:00,338,102,236,FMN 10 IJzerlaanbrug
657,Fietsbrug Ijzerlaanbrug,2022-12-08,18:00:00,259,86,173,FMN 10 IJzerlaanbrug
657,Fietsbrug Ijzerlaanbrug,2022-12-08,19:00:00,129,66,63,FMN 10 IJzerlaanbrug
657,Fietsbrug Ijzerlaanbrug,2022-12-08,20:00:00,88,33,55,FMN 10 IJzerlaanbrug
657,Fietsbrug Ijzerlaanbrug,2022-12-08,21:00:00,68,28,40,FMN 10 IJzerlaanbrug
657,Fietsbrug Ijzerlaanbrug,2022-12-08,22:00:00,74,27,47,FMN 10 IJzerlaanbrug
657,Fietsbrug Ijzerlaanbrug,2022-12-08,23:00:00,58,23,35,FMN 10 IJzerlaanbrug
657,Fietsbrug Ijzerlaanbrug,2022-12-09,00:00:00,24,9,15,FMN 10 IJzerlaanbrug
657,Fietsbrug Ijzerlaanbrug,2022-12-09,01:00:00,14,6,8,FMN 10 IJzerlaanbrug
657,Fietsbrug Ijzerlaanbrug,2022-12-09,02:00:00,5,2,3,FMN 10 IJzerlaanbrug
657,Fietsbrug Ijzerlaanbrug,2022-12-09,03:00:00,6,3,3,FMN 10 IJzerlaanbrug
657,Fietsbrug Ijzerlaanbrug,2022-12-09,04:00:00,22,16,6,FMN 10 IJzerlaanbrug
657,Fietsbrug Ijzerlaanbrug,2022-12-09,05:00:00,48,31,17,FMN 10 IJzerlaanbrug
657,Fietsbrug Ijzerlaanbrug,2022-12-09,06:00:00,80,47,33,FMN 10 IJzerlaanbrug
657,Fietsbrug Ijzerlaanbrug,2022-12-09,07:00:00,319,215,104,FMN 10 IJzerlaanbrug
657,Fietsbrug Ijzerlaanbrug,2022-12-09,08:00:00,448,338,110,FMN 10 IJzerlaanbrug
657,Fietsbrug Ijzerlaanbrug,2022-12-09,09:00:00,157,122,35,FMN 10 IJzerlaanbrug
657,Fietsbrug Ijzerlaanbrug,2022-12-09,10:00:00,169,111,58,FMN 10 IJzerlaanbrug
657,Fietsbrug Ijzerlaanbrug,2022-12-09,11:00:00,117,73,44,FMN 10 IJzerlaanbrug
657,Fietsbrug Ijzerlaanbrug,2022-12-09,12:00:00,197,103,94,FMN 10 IJzerlaanbrug
657,Fietsbrug Ijzerlaanbrug,2022-12-09,13:00:00,175,70,105,FMN 10 IJzerlaanbrug
657,Fietsbrug Ijzerlaanbrug,2022-12-09,14:00:00,191,77,114,FMN 10 IJzerlaanbrug
657,Fietsbrug Ijzerlaanbrug,2022-12-09,15:00:00,280,126,154,FMN 10 IJzerlaanbrug
657,Fietsbrug Ijzerlaanbrug,2022-12-09,16:00:00,337,106,231,FMN 10 IJzerlaanbrug
657,Fietsbrug Ijzerlaanbrug,2022-12-09,17:00:00,277,84,193,FMN 10 IJzerlaanbrug
657,Fietsbrug Ijzerlaanbrug,2022-12-09,18:00:00,182,69,113,FMN 10 IJzerlaanbrug
657,Fietsbrug Ijzerlaanbrug,2022-12-09,19:00:00,150,74,76,FMN 10 IJzerlaanbrug
657,Fietsbrug Ijzerlaanbrug,2022-12-09,20:00:00,71,33,38,FMN 10 IJzerlaanbrug
657,Fietsbrug Ijzerlaanbrug,2022-12-09,21:00:00,68,29,39,FMN 10 IJzerlaanbrug
657,Fietsbrug Ijzerlaanbrug,2022-12-09,22:00:00,44,14,30,FMN 10 IJzerlaanbrug
657,Fietsbrug Ijzerlaanbrug,2022-12-09,23:00:00,72,21,51,FMN 10 IJzerlaanbrug
657,Fietsbrug Ijzerlaanbrug,2022-12-10,00:00:00,52,23,29,FMN 10 IJzerlaanbrug
657,Fietsbrug Ijzerlaanbrug,2022-12-10,01:00:00,32,4,28,FMN 10 IJzerlaanbrug
657,Fietsbrug Ijzerlaanbrug,2022-12-10,02:00:00,25,1,24,FMN 10 IJzerlaanbrug
657,Fietsbrug Ijzerlaanbrug,2022-12-10,03:00:00,17,4,13,FMN 10 IJzerlaanbrug
657,Fietsbrug Ijzerlaanbrug,2022-12-10,04:00:00,19,2,17,FMN 10 IJzerlaanbrug
657,Fietsbrug Ijzerlaanbrug,2022-12-10,05:00:00,10,3,7,FMN 10 IJzerlaanbrug
657,Fietsbrug Ijzerlaanbrug,2022-12-10,06:00:00,17,8,9,FMN 10 IJzerlaanbrug
657,Fietsbrug Ijzerlaanbrug,2022-12-10,07:00:00,23,13,10,FMN 10 IJzerlaanbrug
657,Fietsbrug Ijzerlaanbrug,2022-12-10,08:00:00,34,14,20,FMN 10 IJzerlaanbrug
657,Fietsbrug Ijzerlaanbrug,2022-12-10,09:00:00,70,43,27,FMN 10 IJzerlaanbrug
657,Fietsbrug Ijzerlaanbrug,2022-12-10,10:00:00,75,51,24,FMN 10 IJzerlaanbrug
657,Fietsbrug Ijzerlaanbrug,2022-12-10,11:00:00,93,62,31,FMN 10 IJzerlaanbrug
657,Fietsbrug Ijzerlaanbrug,2022-12-10,12:00:00,94,49,45,FMN 10 IJzerlaanbrug
657,Fietsbrug Ijzerlaanbrug,2022-12-10,13:00:00,103,59,44,FMN 10 IJzerlaanbrug
657,Fietsbrug Ijzerlaanbrug,2022-12-10,14:00:00,109,62,47,FMN 10 IJzerlaanbrug
657,Fietsbrug Ijzerlaanbrug,2022-12-10,15:00:00,85,34,51,FMN 10 IJzerlaanbrug
657,Fietsbrug Ijzerlaanbrug,2022-12-10,16:00:00,85,33,52,FMN 10 IJzerlaanbrug
657,Fietsbrug Ijzerlaanbrug,2022-12-10,17:00:00,85,39,46,FMN 10 IJzerlaanbrug
657,Fietsbrug Ijzerlaanbrug,2022-12-10,18:00:00,97,52,45,FMN 10 IJzerlaanbrug
657,Fietsbrug Ijzerlaanbrug,2022-12-10,19:00:00,60,29,31,FMN 10 IJzerlaanbrug
657,Fietsbrug Ijzerlaanbrug,2022-12-10,20:00:00,54,20,34,FMN 10 IJzerlaanbrug
657,Fietsbrug Ijzerlaanbrug,2022-12-10,21:00:00,34,14,20,FMN 10 IJzerlaanbrug
657,Fietsbrug Ijzerlaanbrug,2022-12-10,22:00:00,40,15,25,FMN 10 IJzerlaanbrug
657,Fietsbrug Ijzerlaanbrug,2022-12-10,23:00:00,42,9,33,FMN 10 IJzerlaanbrug
657,Fietsbrug Ijzerlaanbrug,2022-12-11,00:00:00,37,12,25,FMN 10 IJzerlaanbrug
657,Fietsbrug Ijzerlaanbrug,2022-12-11,01:00:00,21,9,12,FMN 10 IJzerlaanbrug
657,Fietsbrug Ijzerlaanbrug,2022-12-11,02:00:00,13,5,8,FMN 10 IJzerlaanbrug
657,Fietsbrug Ijzerlaanbrug,2022-12-11,03:00:00,16,1,15,FMN 10 IJzerlaanbrug
657,Fietsbrug Ijzerlaanbrug,2022-12-11,04:00:00,11,7,4,FMN 10 IJzerlaanbrug
657,Fietsbrug Ijzerlaanbrug,2022-12-11,05:00:00,15,3,12,FMN 10 IJzerlaanbrug
657,Fietsbrug Ijzerlaanbrug,2022-12-11,06:00:00,16,6,10,FMN 10 IJzerlaanbrug
657,Fietsbrug Ijzerlaanbrug,2022-12-11,07:00:00,12,7,5,FMN 10 IJzerlaanbrug
657,Fietsbrug Ijzerlaanbrug,2022-12-11,08:00:00,30,18,12,FMN 10 IJzerlaanbrug
657,Fietsbrug Ijzerlaanbrug,2022-12-11,09:00:00,44,25,19,FMN 10 IJzerlaanbrug
657,Fietsbrug Ijzerlaanbrug,2022-12-11,10:00:00,52,25,27,FMN 10 IJzerlaanbrug
657,Fietsbrug Ijzerlaanbrug,2022-12-11,11:00:00,55,32,23,FMN 10 IJzerlaanbrug
657,Fietsbrug Ijzerlaanbrug,2022-12-11,12:00:00,78,45,33,FMN 10 IJzerlaanbrug
657,Fietsbrug Ijzerlaanbrug,2022-12-11,13:00:00,69,46,23,FMN 10 IJzerlaanbrug
657,Fietsbrug Ijzerlaanbrug,2022-12-11,14:00:00,76,48,28,FMN 10 IJzerlaanbrug
657,Fietsbrug Ijzerlaanbrug,2022-12-11,15:00:00,80,33,47,FMN 10 IJzerlaanbrug
657,Fietsbrug Ijzerlaanbrug,2022-12-11,16:00:00,86,49,37,FMN 10 IJzerlaanbrug
657,Fietsbrug Ijzerlaanbrug,2022-12-11,17:00:00,82,27,55,FMN 10 IJzerlaanbrug
657,Fietsbrug Ijzerlaanbrug,2022-12-11,18:00:00,67,30,37,FMN 10 IJzerlaanbrug
657,Fietsbrug Ijzerlaanbrug,2022-12-11,19:00:00,62,31,31,FMN 10 IJzerlaanbrug
657,Fietsbrug Ijzerlaanbrug,2022-12-11,20:00:00,53,22,31,FMN 10 IJzerlaanbrug
657,Fietsbrug Ijzerlaanbrug,2022-12-11,21:00:00,39,7,32,FMN 10 IJzerlaanbrug
657,Fietsbrug Ijzerlaanbrug,2022-12-11,22:00:00,38,18,20,FMN 10 IJzerlaanbrug
657,Fietsbrug Ijzerlaanbrug,2022-12-11,23:00:00,23,12,11,FMN 10 IJzerlaanbrug
657,Fietsbrug Ijzerlaanbrug,2022-12-12,00:00:00,11,2,9,FMN 10 IJzerlaanbrug
657,Fietsbrug Ijzerlaanbrug,2022-12-12,01:00:00,6,3,3,FMN 10 IJzerlaanbrug
657,Fietsbrug Ijzerlaanbrug,2022-12-12,02:00:00,8,3,5,FMN 10 IJzerlaanbrug
657,Fietsbrug Ijzerlaanbrug,2022-12-12,03:00:00,4,2,2,FMN 10 IJzerlaanbrug
657,Fietsbrug Ijzerlaanbrug,2022-12-12,04:00:00,16,14,2,FMN 10 IJzerlaanbrug
657,Fietsbrug Ijzerlaanbrug,2022-12-12,05:00:00,42,25,17,FMN 10 IJzerlaanbrug
657,Fietsbrug Ijzerlaanbrug,2022-12-12,06:00:00,88,60,28,FMN 10 IJzerlaanbrug
657,Fietsbrug Ijzerlaanbrug,2022-12-12,07:00:00,342,254,88,FMN 10 IJzerlaanbrug
657,Fietsbrug Ijzerlaanbrug,2022-12-12,08:00:00,489,375,114,FMN 10 IJzerlaanbrug
657,Fietsbrug Ijzerlaanbrug,2022-12-12,09:00:00,154,109,45,FMN 10 IJzerlaanbrug
657,Fietsbrug Ijzerlaanbrug,2022-12-12,10:00:00,112,77,35,FMN 10 IJzerlaanbrug
657,Fietsbrug Ijzerlaanbrug,2022-12-12,11:00:00,105,64,41,FMN 10 IJzerlaanbrug
657,Fietsbrug Ijzerlaanbrug,2022-12-12,12:00:00,187,96,91,FMN 10 IJzerlaanbrug
657,Fietsbrug Ijzerlaanbrug,2022-12-12,13:00:00,122,73,49,FMN 10 IJzerlaanbrug
657,Fietsbrug Ijzerlaanbrug,2022-12-12,14:00:00,141,63,78,FMN 10 IJzerlaanbrug
657,Fietsbrug Ijzerlaanbrug,2022-12-12,15:00:00,210,72,138,FMN 10 IJzerlaanbrug
657,Fietsbrug Ijzerlaanbrug,2022-12-12,16:00:00,330,112,218,FMN 10 IJzerlaanbrug
657,Fietsbrug Ijzerlaanbrug,2022-12-12,17:00:00,348,93,255,FMN 10 IJzerlaanbrug
657,Fietsbrug Ijzerlaanbrug,2022-12-12,18:00:00,192,68,124,FMN 10 IJzerlaanbrug
657,Fietsbrug Ijzerlaanbrug,2022-12-12,19:00:00,106,41,65,FMN 10 IJzerlaanbrug
657,Fietsbrug Ijzerlaanbrug,2022-12-12,20:00:00,62,33,29,FMN 10 IJzerlaanbrug
657,Fietsbrug Ijzerlaanbrug,2022-12-12,21:00:00,47,20,27,FMN 10 IJzerlaanbrug
657,Fietsbrug Ijzerlaanbrug,2022-12-12,22:00:00,57,17,40,FMN 10 IJzerlaanbrug
657,Fietsbrug Ijzerlaanbrug,2022-12-12,23:00:00,13,4,9,FMN 10 IJzerlaanbrug
657,Fietsbrug Ijzerlaanbrug,2022-12-13,00:00:00,11,5,6,FMN 10 IJzerlaanbrug
657,Fietsbrug Ijzerlaanbrug,2022-12-13,01:00:00,6,4,2,FMN 10 IJzerlaanbrug
657,Fietsbrug Ijzerlaanbrug,2022-12-13,02:00:00,3,0,3,FMN 10 IJzerlaanbrug
657,Fietsbrug Ijzerlaanbrug,2022-12-13,03:00:00,0,0,0,FMN 10 IJzerlaanbrug
657,Fietsbrug Ijzerlaanbrug,2022-12-13,04:00:00,20,16,4,FMN 10 IJzerlaanbrug
657,Fietsbrug Ijzerlaanbrug,2022-12-13,05:00:00,43,26,17,FMN 10 IJzerlaanbrug
657,Fietsbrug Ijzerlaanbrug,2022-12-13,06:00:00,98,70,28,FMN 10 IJzerlaanbrug
657,Fietsbrug Ijzerlaanbrug,2022-12-13,07:00:00,322,234,88,FMN 10 IJzerlaanbrug
657,Fietsbrug Ijzerlaanbrug,2022-12-13,08:00:00,428,335,93,FMN 10 IJzerlaanbrug
657,Fietsbrug Ijzerlaanbrug,2022-12-13,09:00:00,163,120,43,FMN 10 IJzerlaanbrug
657,Fietsbrug Ijzerlaanbrug,2022-12-13,10:00:00,102,74,28,FMN 10 IJzerlaanbrug
657,Fietsbrug Ijzerlaanbrug,2022-12-13,11:00:00,104,62,42,FMN 10 IJzerlaanbrug
657,Fietsbrug Ijzerlaanbrug,2022-12-13,12:00:00,154,72,82,FMN 10 IJzerlaanbrug
657,Fietsbrug Ijzerlaanbrug,2022-12-13,13:00:00,130,68,62,FMN 10 IJzerlaanbrug
657,Fietsbrug Ijzerlaanbrug,2022-12-13,14:00:00,134,59,75,FMN 10 IJzerlaanbrug
657,Fietsbrug Ijzerlaanbrug,2022-12-13,15:00:00,219,69,150,FMN 10 IJzerlaanbrug
657,Fietsbrug Ijzerlaanbrug,2022-12-13,16:00:00,316,119,197,FMN 10 IJzerlaanbrug
657,Fietsbrug Ijzerlaanbrug,2022-12-13,17:00:00,315,86,229,FMN 10 IJzerlaanbrug
657,Fietsbrug Ijzerlaanbrug,2022-12-13,18:00:00,194,47,147,FMN 10 IJzerlaanbrug
657,Fietsbrug Ijzerlaanbrug,2022-12-13,19:00:00,87,44,43,FMN 10 IJzerlaanbrug
657,Fietsbrug Ijzerlaanbrug,2022-12-13,20:00:00,59,30,29,FMN 10 IJzerlaanbrug
657,Fietsbrug Ijzerlaanbrug,2022-12-13,21:00:00,45,14,31,FMN 10 IJzerlaanbrug
657,Fietsbrug Ijzerlaanbrug,2022-12-13,22:00:00,56,18,38,FMN 10 IJzerlaanbrug
657,Fietsbrug Ijzerlaanbrug,2022-12-13,23:00:00,26,7,19,FMN 10 IJzerlaanbrug
657,Fietsbrug Ijzerlaanbrug,2022-12-14,00:00:00,18,6,12,FMN 10 IJzerlaanbrug
657,Fietsbrug Ijzerlaanbrug,2022-12-14,01:00:00,7,1,6,FMN 10 IJzerlaanbrug
657,Fietsbrug Ijzerlaanbrug,2022-12-14,02:00:00,5,3,2,FMN 10 IJzerlaanbrug
657,Fietsbrug Ijzerlaanbrug,2022-12-14,03:00:00,3,2,1,FMN 10 IJzerlaanbrug
657,Fietsbrug Ijzerlaanbrug,2022-12-14,04:00:00,22,17,5,FMN 10 IJzerlaanbrug
657,Fietsbrug Ijzerlaanbrug,2022-12-14,05:00:00,45,28,17,FMN 10 IJzerlaanbrug
657,Fietsbrug Ijzerlaanbrug,2022-12-14,06:00:00,92,63,29,FMN 10 IJzerlaanbrug
657,Fietsbrug Ijzerlaanbrug,2022-12-14,07:00:00,281,200,81,FMN 10 IJzerlaanbrug
657,Fietsbrug Ijzerlaanbrug,2022-12-14,08:00:00,412,309,103,FMN 10 IJzerlaanbrug
657,Fietsbrug Ijzerlaanbrug,2022-12-14,09:00:00,145,108,37,FMN 10 IJzerlaanbrug
657,Fietsbrug Ijzerlaanbrug,2022-12-14,10:00:00,129,80,49,FMN 10 IJzerlaanbrug
657,Fietsbrug Ijzerlaanbrug,2022-12-14,11:00:00,113,57,56,FMN 10 IJzerlaanbrug
657,Fietsbrug Ijzerlaanbrug,2022-12-14,12:00:00,224,97,127,FMN 10 IJzerlaanbrug
657,Fietsbrug Ijzerlaanbrug,2022-12-14,13:00:00,167,85,82,FMN 10 IJzerlaanbrug
657,Fietsbrug Ijzerlaanbrug,2022-12-14,14:00:00,138,68,70,FMN 10 IJzerlaanbrug
657,Fietsbrug Ijzerlaanbrug,2022-12-14,15:00:00,164,70,94,FMN 10 IJzerlaanbrug
657,Fietsbrug Ijzerlaanbrug,2022-12-14,16:00:00,238,87,151,FMN 10 IJzerlaanbrug
657,Fietsbrug Ijzerlaanbrug,2022-12-14,17:00:00,295,100,195,FMN 10 IJzerlaanbrug
657,Fietsbrug Ijzerlaanbrug,2022-12-14,18:00:00,168,59,109,FMN 10 IJzerlaanbrug
657,Fietsbrug Ijzerlaanbrug,2022-12-14,19:00:00,102,49,53,FMN 10 IJzerlaanbrug
657,Fietsbrug Ijzerlaanbrug,2022-12-14,20:00:00,63,27,36,FMN 10 IJzerlaanbrug
657,Fietsbrug Ijzerlaanbrug,2022-12-14,21:00:00,40,11,29,FMN 10 IJzerlaanbrug
657,Fietsbrug Ijzerlaanbrug,2022-12-14,22:00:00,77,19,58,FMN 10 IJzerlaanbrug
657,Fietsbrug Ijzerlaanbrug,2022-12-14,23:00:00,26,7,19,FMN 10 IJzerlaanbrug
657,Fietsbrug Ijzerlaanbrug,2022-12-15,00:00:00,13,4,9,FMN 10 IJzerlaanbrug
657,Fietsbrug Ijzerlaanbrug,2022-12-15,01:00:00,10,3,7,FMN 10 IJzerlaanbrug
657,Fietsbrug Ijzerlaanbrug,2022-12-15,02:00:00,6,3,3,FMN 10 IJzerlaanbrug
657,Fietsbrug Ijzerlaanbrug,2022-12-15,03:00:00,6,4,2,FMN 10 IJzerlaanbrug
657,Fietsbrug Ijzerlaanbrug,2022-12-15,04:00:00,15,14,1,FMN 10 IJzerlaanbrug
657,Fietsbrug Ijzerlaanbrug,2022-12-15,05:00:00,34,18,16,FMN 10 IJzerlaanbrug
657,Fietsbrug Ijzerlaanbrug,2022-12-15,06:00:00,100,68,32,FMN 10 IJzerlaanbrug
657,Fietsbrug Ijzerlaanbrug,2022-12-15,07:00:00,260,193,67,FMN 10 IJzerlaanbrug
657,Fietsbrug Ijzerlaanbrug,2022-12-15,08:00:00,412,319,93,FMN 10 IJzerlaanbrug
657,Fietsbrug Ijzerlaanbrug,2022-12-15,09:00:00,175,134,41,FMN 10 IJzerlaanbrug
657,Fietsbrug Ijzerlaanbrug,2022-12-15,10:00:00,135,92,43,FMN 10 IJzerlaanbrug
657,Fietsbrug Ijzerlaanbrug,2022-12-15,11:00:00,96,54,42,FMN 10 IJzerlaanbrug
657,Fietsbrug Ijzerlaanbrug,2022-12-15,12:00:00,178,85,93,FMN 10 IJzerlaanbrug
657,Fietsbrug Ijzerlaanbrug,2022-12-15,13:00:00,137,68,69,FMN 10 IJzerlaanbrug
657,Fietsbrug Ijzerlaanbrug,2022-12-15,14:00:00,137,61,76,FMN 10 IJzerlaanbrug
657,Fietsbrug Ijzerlaanbrug,2022-12-15,15:00:00,201,83,118,FMN 10 IJzerlaanbrug
657,Fietsbrug Ijzerlaanbrug,2022-12-15,16:00:00,303,95,208,FMN 10 IJzerlaanbrug
657,Fietsbrug Ijzerlaanbrug,2022-12-15,17:00:00,328,104,224,FMN 10 IJzerlaanbrug
657,Fietsbrug Ijzerlaanbrug,2022-12-15,18:00:00,211,67,144,FMN 10 IJzerlaanbrug
657,Fietsbrug Ijzerlaanbrug,2022-12-15,19:00:00,101,42,59,FMN 10 IJzerlaanbrug
657,Fietsbrug Ijzerlaanbrug,2022-12-15,20:00:00,68,26,42,FMN 10 IJzerlaanbrug
657,Fietsbrug Ijzerlaanbrug,2022-12-15,21:00:00,49,15,34,FMN 10 IJzerlaanbrug
657,Fietsbrug Ijzerlaanbrug,2022-12-15,22:00:00,64,22,42,FMN 10 IJzerlaanbrug
657,Fietsbrug Ijzerlaanbrug,2022-12-15,23:00:00,47,15,32,FMN 10 IJzerlaanbrug
657,Fietsbrug Ijzerlaanbrug,2022-12-16,00:00:00,26,11,15,FMN 10 IJzerlaanbrug
657,Fietsbrug Ijzerlaanbrug,2022-12-16,01:00:00,12,4,8,FMN 10 IJzerlaanbrug
657,Fietsbrug Ijzerlaanbrug,2022-12-16,02:00:00,10,2,8,FMN 10 IJzerlaanbrug
657,Fietsbrug Ijzerlaanbrug,2022-12-16,03:00:00,3,2,1,FMN 10 IJzerlaanbrug
657,Fietsbrug Ijzerlaanbrug,2022-12-16,04:00:00,24,16,8,FMN 10 IJzerlaanbrug
657,Fietsbrug Ijzerlaanbrug,2022-12-16,05:00:00,34,19,15,FMN 10 IJzerlaanbrug
657,Fietsbrug Ijzerlaanbrug,2022-12-16,06:00:00,84,58,26,FMN 10 IJzerlaanbrug
657,Fietsbrug Ijzerlaanbrug,2022-12-16,07:00:00,260,183,77,FMN 10 IJzerlaanbrug
657,Fietsbrug Ijzerlaanbrug,2022-12-16,08:00:00,406,316,90,FMN 10 IJzerlaanbrug
657,Fietsbrug Ijzerlaanbrug,2022-12-16,09:00:00,170,122,48,FMN 10 IJzerlaanbrug
657,Fietsbrug Ijzerlaanbrug,2022-12-16,10:00:00,155,123,32,FMN 10 IJzerlaanbrug
657,Fietsbrug Ijzerlaanbrug,2022-12-16,11:00:00,140,79,61,FMN 10 IJzerlaanbrug
657,Fietsbrug Ijzerlaanbrug,2022-12-16,12:00:00,189,107,82,FMN 10 IJzerlaanbrug
657,Fietsbrug Ijzerlaanbrug,2022-12-16,13:00:00,182,75,107,FMN 10 IJzerlaanbrug
657,Fietsbrug Ijzerlaanbrug,2022-12-16,14:00:00,175,77,98,FMN 10 IJzerlaanbrug
657,Fietsbrug Ijzerlaanbrug,2022-12-16,15:00:00,217,85,132,FMN 10 IJzerlaanbrug
657,Fietsbrug Ijzerlaanbrug,2022-12-16,16:00:00,288,86,202,FMN 10 IJzerlaanbrug
657,Fietsbrug Ijzerlaanbrug,2022-12-16,17:00:00,264,96,168,FMN 10 IJzerlaanbrug
657,Fietsbrug Ijzerlaanbrug,2022-12-16,18:00:00,171,72,99,FMN 10 IJzerlaanbrug
657,Fietsbrug Ijzerlaanbrug,2022-12-16,19:00:00,148,69,79,FMN 10 IJzerlaanbrug
657,Fietsbrug Ijzerlaanbrug,2022-12-16,20:00:00,83,37,46,FMN 10 IJzerlaanbrug
657,Fietsbrug Ijzerlaanbrug,2022-12-16,21:00:00,63,30,33,FMN 10 IJzerlaanbrug
657,Fietsbrug Ijzerlaanbrug,2022-12-16,22:00:00,51,11,40,FMN 10 IJzerlaanbrug
657,Fietsbrug Ijzerlaanbrug,2022-12-16,23:00:00,61,18,43,FMN 10 IJzerlaanbrug
657,Fietsbrug Ijzerlaanbrug,2022-12-17,00:00:00,57,10,47,FMN 10 IJzerlaanbrug
657,Fietsbrug Ijzerlaanbrug,2022-12-17,01:00:00,35,6,29,FMN 10 IJzerlaanbrug
657,Fietsbrug Ijzerlaanbrug,2022-12-17,02:00:00,15,1,14,FMN 10 IJzerlaanbrug
657,Fietsbrug Ijzerlaanbrug,2022-12-17,03:00:00,10,3,7,FMN 10 IJzerlaanbrug
657,Fietsbrug Ijzerlaanbrug,2022-12-17,04:00:00,15,5,10,FMN 10 IJzerlaanbrug
657,Fietsbrug Ijzerlaanbrug,2022-12-17,05:00:00,25,12,13,FMN 10 IJzerlaanbrug
657,Fietsbrug Ijzerlaanbrug,2022-12-17,06:00:00,22,12,10,FMN 10 IJzerlaanbrug
657,Fietsbrug Ijzerlaanbrug,2022-12-17,07:00:00,20,10,10,FMN 10 IJzerlaanbrug
657,Fietsbrug Ijzerlaanbrug,2022-12-17,08:00:00,35,23,12,FMN 10 IJzerlaanbrug
657,Fietsbrug Ijzerlaanbrug,2022-12-17,09:00:00,78,56,22,FMN 10 IJzerlaanbrug
657,Fietsbrug Ijzerlaanbrug,2022-12-17,10:00:00,54,38,16,FMN 10 IJzerlaanbrug
657,Fietsbrug Ijzerlaanbrug,2022-12-17,11:00:00,75,44,31,FMN 10 IJzerlaanbrug
657,Fietsbrug Ijzerlaanbrug,2022-12-17,12:00:00,81,47,34,FMN 10 IJzerlaanbrug
657,Fietsbrug Ijzerlaanbrug,2022-12-17,13:00:00,89,51,38,FMN 10 IJzerlaanbrug
657,Fietsbrug Ijzerlaanbrug,2022-12-17,14:00:00,81,39,42,FMN 10 IJzerlaanbrug
657,Fietsbrug Ijzerlaanbrug,2022-12-17,15:00:00,107,54,53,FMN 10 IJzerlaanbrug
657,Fietsbrug Ijzerlaanbrug,2022-12-17,16:00:00,79,38,41,FMN 10 IJzerlaanbrug
657,Fietsbrug Ijzerlaanbrug,2022-12-17,17:00:00,97,40,57,FMN 10 IJzerlaanbrug
657,Fietsbrug Ijzerlaanbrug,2022-12-17,18:00:00,99,45,54,FMN 10 IJzerlaanbrug
657,Fietsbrug Ijzerlaanbrug,2022-12-17,19:00:00,88,43,45,FMN 10 IJzerlaanbrug
657,Fietsbrug Ijzerlaanbrug,2022-12-17,20:00:00,53,32,21,FMN 10 IJzerlaanbrug
657,Fietsbrug Ijzerlaanbrug,2022-12-17,21:00:00,56,33,23,FMN 10 IJzerlaanbrug
657,Fietsbrug Ijzerlaanbrug,2022-12-17,22:00:00,35,16,19,FMN 10 IJzerlaanbrug
657,Fietsbrug Ijzerlaanbrug,2022-12-17,23:00:00,42,10,32,FMN 10 IJzerlaanbrug
657,Fietsbrug Ijzerlaanbrug,2022-12-18,00:00:00,44,11,33,FMN 10 IJzerlaanbrug
657,Fietsbrug Ijzerlaanbrug,2022-12-18,01:00:00,24,9,15,FMN 10 IJzerlaanbrug
657,Fietsbrug Ijzerlaanbrug,2022-12-18,02:00:00,14,5,9,FMN 10 IJzerlaanbrug
657,Fietsbrug Ijzerlaanbrug,2022-12-18,03:00:00,9,1,8,FMN 10 IJzerlaanbrug
657,Fietsbrug Ijzerlaanbrug,2022-12-18,04:00:00,3,0,3,FMN 10 IJzerlaanbrug
657,Fietsbrug Ijzerlaanbrug,2022-12-18,05:00:00,9,1,8,FMN 10 IJzerlaanbrug
657,Fietsbrug Ijzerlaanbrug,2022-12-18,06:00:00,12,4,8,FMN 10 IJzerlaanbrug
657,Fietsbrug Ijzerlaanbrug,2022-12-18,07:00:00,6,0,6,FMN 10 IJzerlaanbrug
657,Fietsbrug Ijzerlaanbrug,2022-12-18,08:00:00,22,13,9,FMN 10 IJzerlaanbrug
657,Fietsbrug Ijzerlaanbrug,2022-12-18,09:00:00,30,19,11,FMN 10 IJzerlaanbrug
657,Fietsbrug Ijzerlaanbrug,2022-12-18,10:00:00,41,27,14,FMN 10 IJzerlaanbrug
657,Fietsbrug Ijzerlaanbrug,2022-12-18,11:00:00,53,35,18,FMN 10 IJzerlaanbrug
657,Fietsbrug Ijzerlaanbrug,2022-12-18,12:00:00,66,50,16,FMN 10 IJzerlaanbrug
657,Fietsbrug Ijzerlaanbrug,2022-12-18,13:00:00,76,46,30,FMN 10 IJzerlaanbrug
657,Fietsbrug Ijzerlaanbrug,2022-12-18,14:00:00,64,38,26,FMN 10 IJzerlaanbrug
657,Fietsbrug Ijzerlaanbrug,2022-12-18,15:00:00,79,39,40,FMN 10 IJzerlaanbrug
657,Fietsbrug Ijzerlaanbrug,2022-12-18,16:00:00,65,30,35,FMN 10 IJzerlaanbrug
657,Fietsbrug Ijzerlaanbrug,2022-12-18,17:00:00,37,16,21,FMN 10 IJzerlaanbrug
657,Fietsbrug Ijzerlaanbrug,2022-12-18,18:00:00,43,13,30,FMN 10 IJzerlaanbrug
657,Fietsbrug Ijzerlaanbrug,2022-12-18,19:00:00,53,24,29,FMN 10 IJzerlaanbrug
657,Fietsbrug Ijzerlaanbrug,2022-12-18,20:00:00,32,12,20,FMN 10 IJzerlaanbrug
657,Fietsbrug Ijzerlaanbrug,2022-12-18,21:00:00,13,2,11,FMN 10 IJzerlaanbrug
657,Fietsbrug Ijzerlaanbrug,2022-12-18,22:00:00,14,8,6,FMN 10 IJzerlaanbrug
657,Fietsbrug Ijzerlaanbrug,2022-12-18,23:00:00,15,4,11,FMN 10 IJzerlaanbrug
657,Fietsbrug Ijzerlaanbrug,2022-12-19,00:00:00,4,2,2,FMN 10 IJzerlaanbrug
657,Fietsbrug Ijzerlaanbrug,2022-12-19,01:00:00,2,0,2,FMN 10 IJzerlaanbrug
657,Fietsbrug Ijzerlaanbrug,2022-12-19,02:00:00,2,1,1,FMN 10 IJzerlaanbrug
657,Fietsbrug Ijzerlaanbrug,2022-12-19,03:00:00,5,4,1,FMN 10 IJzerlaanbrug
657,Fietsbrug Ijzerlaanbrug,2022-12-19,04:00:00,9,7,2,FMN 10 IJzerlaanbrug
657,Fietsbrug Ijzerlaanbrug,2022-12-19,05:00:00,21,13,8,FMN 10 IJzerlaanbrug
657,Fietsbrug Ijzerlaanbrug,2022-12-19,06:00:00,86,60,26,FMN 10 IJzerlaanbrug
657,Fietsbrug Ijzerlaanbrug,2022-12-19,07:00:00,237,188,49,FMN 10 IJzerlaanbrug
657,Fietsbrug Ijzerlaanbrug,2022-12-19,08:00:00,414,331,83,FMN 10 IJzerlaanbrug
657,Fietsbrug Ijzerlaanbrug,2022-12-19,09:00:00,152,104,48,FMN 10 IJzerlaanbrug
657,Fietsbrug Ijzerlaanbrug,2022-12-19,10:00:00,114,79,35,FMN 10 IJzerlaanbrug
657,Fietsbrug Ijzerlaanbrug,2022-12-19,11:00:00,82,52,30,FMN 10 IJzerlaanbrug
657,Fietsbrug Ijzerlaanbrug,2022-12-19,12:00:00,131,81,50,FMN 10 IJzerlaanbrug
657,Fietsbrug Ijzerlaanbrug,2022-12-19,13:00:00,142,68,74,FMN 10 IJzerlaanbrug
657,Fietsbrug Ijzerlaanbrug,2022-12-19,14:00:00,129,52,77,FMN 10 IJzerlaanbrug
657,Fietsbrug Ijzerlaanbrug,2022-12-19,15:00:00,175,58,117,FMN 10 IJzerlaanbrug
657,Fietsbrug Ijzerlaanbrug,2022-12-19,16:00:00,315,91,224,FMN 10 IJzerlaanbrug
657,Fietsbrug Ijzerlaanbrug,2022-12-19,17:00:00,329,79,250,FMN 10 IJzerlaanbrug
657,Fietsbrug Ijzerlaanbrug,2022-12-19,18:00:00,184,58,126,FMN 10 IJzerlaanbrug
657,Fietsbrug Ijzerlaanbrug,2022-12-19,19:00:00,110,37,73,FMN 10 IJzerlaanbrug
657,Fietsbrug Ijzerlaanbrug,2022-12-19,20:00:00,79,42,37,FMN 10 IJzerlaanbrug
657,Fietsbrug Ijzerlaanbrug,2022-12-19,21:00:00,57,24,33,FMN 10 IJzerlaanbrug
657,Fietsbrug Ijzerlaanbrug,2022-12-19,22:00:00,50,16,34,FMN 10 IJzerlaanbrug
657,Fietsbrug Ijzerlaanbrug,2022-12-19,23:00:00,36,12,24,FMN 10 IJzerlaanbrug
657,Fietsbrug Ijzerlaanbrug,2022-12-20,00:00:00,16,5,11,FMN 10 IJzerlaanbrug
657,Fietsbrug Ijzerlaanbrug,2022-12-20,01:00:00,13,7,6,FMN 10 IJzerlaanbrug
657,Fietsbrug Ijzerlaanbrug,2022-12-20,02:00:00,8,3,5,FMN 10 IJzerlaanbrug
657,Fietsbrug Ijzerlaanbrug,2022-12-20,03:00:00,2,1,1,FMN 10 IJzerlaanbrug
657,Fietsbrug Ijzerlaanbrug,2022-12-20,04:00:00,17,12,5,FMN 10 IJzerlaanbrug
657,Fietsbrug Ijzerlaanbrug,2022-12-20,05:00:00,37,18,19,FMN 10 IJzerlaanbrug
657,Fietsbrug Ijzerlaanbrug,2022-12-20,06:00:00,100,66,34,FMN 10 IJzerlaanbrug
657,Fietsbrug Ijzerlaanbrug,2022-12-20,07:00:00,296,220,76,FMN 10 IJzerlaanbrug
657,Fietsbrug Ijzerlaanbrug,2022-12-20,08:00:00,419,338,81,FMN 10 IJzerlaanbrug
657,Fietsbrug Ijzerlaanbrug,2022-12-20,09:00:00,129,89,40,FMN 10 IJzerlaanbrug
657,Fietsbrug Ijzerlaanbrug,2022-12-20,10:00:00,94,62,32,FMN 10 IJzerlaanbrug
657,Fietsbrug Ijzerlaanbrug,2022-12-20,11:00:00,87,50,37,FMN 10 IJzerlaanbrug
657,Fietsbrug Ijzerlaanbrug,2022-12-20,12:00:00,119,61,58,FMN 10 IJzerlaanbrug
657,Fietsbrug Ijzerlaanbrug,2022-12-20,13:00:00,115,47,68,FMN 10 IJzerlaanbrug
657,Fietsbrug Ijzerlaanbrug,2022-12-20,14:00:00,118,42,76,FMN 10 IJzerlaanbrug
657,Fietsbrug Ijzerlaanbrug,2022-12-20,15:00:00,175,64,111,FMN 10 IJzerlaanbrug
657,Fietsbrug Ijzerlaanbrug,2022-12-20,16:00:00,303,111,192,FMN 10 IJzerlaanbrug
657,Fietsbrug Ijzerlaanbrug,2022-12-20,17:00:00,293,72,221,FMN 10 IJzerlaanbrug
657,Fietsbrug Ijzerlaanbrug,2022-12-20,18:00:00,194,59,135,FMN 10 IJzerlaanbrug
657,Fietsbrug Ijzerlaanbrug,2022-12-20,19:00:00,108,38,70,FMN 10 IJzerlaanbrug
657,Fietsbrug Ijzerlaanbrug,2022-12-20,20:00:00,62,32,30,FMN 10 IJzerlaanbrug
657,Fietsbrug Ijzerlaanbrug,2022-12-20,21:00:00,45,12,33,FMN 10 IJzerlaanbrug
657,Fietsbrug Ijzerlaanbrug,2022-12-20,22:00:00,48,17,31,FMN 10 IJzerlaanbrug
657,Fietsbrug Ijzerlaanbrug,2022-12-20,23:00:00,35,8,27,FMN 10 IJzerlaanbrug
657,Fietsbrug Ijzerlaanbrug,2022-12-21,00:00:00,20,2,18,FMN 10 IJzerlaanbrug
657,Fietsbrug Ijzerlaanbrug,2022-12-21,01:00:00,6,2,4,FMN 10 IJzerlaanbrug
657,Fietsbrug Ijzerlaanbrug,2022-12-21,02:00:00,9,2,7,FMN 10 IJzerlaanbrug
657,Fietsbrug Ijzerlaanbrug,2022-12-21,03:00:00,7,2,5,FMN 10 IJzerlaanbrug
657,Fietsbrug Ijzerlaanbrug,2022-12-21,04:00:00,13,9,4,FMN 10 IJzerlaanbrug
657,Fietsbrug Ijzerlaanbrug,2022-12-21,05:00:00,31,18,13,FMN 10 IJzerlaanbrug
657,Fietsbrug Ijzerlaanbrug,2022-12-21,06:00:00,87,51,36,FMN 10 IJzerlaanbrug
657,Fietsbrug Ijzerlaanbrug,2022-12-21,07:00:00,266,194,72,FMN 10 IJzerlaanbrug
657,Fietsbrug Ijzerlaanbrug,2022-12-21,08:00:00,347,265,82,FMN 10 IJzerlaanbrug
657,Fietsbrug Ijzerlaanbrug,2022-12-21,09:00:00,162,111,51,FMN 10 IJzerlaanbrug
657,Fietsbrug Ijzerlaanbrug,2022-12-21,10:00:00,154,96,58,FMN 10 IJzerlaanbrug
657,Fietsbrug Ijzerlaanbrug,2022-12-21,11:00:00,133,79,54,FMN 10 IJzerlaanbrug
657,Fietsbrug Ijzerlaanbrug,2022-12-21,12:00:00,213,88,125,FMN 10 IJzerlaanbrug
657,Fietsbrug Ijzerlaanbrug,2022-12-21,13:00:00,205,92,113,FMN 10 IJzerlaanbrug
657,Fietsbrug Ijzerlaanbrug,2022-12-21,14:00:00,152,70,82,FMN 10 IJzerlaanbrug
657,Fietsbrug Ijzerlaanbrug,2022-12-21,15:00:00,181,63,118,FMN 10 IJzerlaanbrug
657,Fietsbrug Ijzerlaanbrug,2022-12-21,16:00:00,278,91,187,FMN 10 IJzerlaanbrug
657,Fietsbrug Ijzerlaanbrug,2022-12-21,17:00:00,249,71,178,FMN 10 IJzerlaanbrug
657,Fietsbrug Ijzerlaanbrug,2022-12-21,18:00:00,190,68,122,FMN 10 IJzerlaanbrug
657,Fietsbrug Ijzerlaanbrug,2022-12-21,19:00:00,93,39,54,FMN 10 IJzerlaanbrug
657,Fietsbrug Ijzerlaanbrug,2022-12-21,20:00:00,66,26,40,FMN 10 IJzerlaanbrug
657,Fietsbrug Ijzerlaanbrug,2022-12-21,21:00:00,66,21,45,FMN 10 IJzerlaanbrug
657,Fietsbrug Ijzerlaanbrug,2022-12-21,22:00:00,46,20,26,FMN 10 IJzerlaanbrug
657,Fietsbrug Ijzerlaanbrug,2022-12-21,23:00:00,39,6,33,FMN 10 IJzerlaanbrug
657,Fietsbrug Ijzerlaanbrug,2022-12-22,00:00:00,29,6,23,FMN 10 IJzerlaanbrug
657,Fietsbrug Ijzerlaanbrug,2022-12-22,01:00:00,20,2,18,FMN 10 IJzerlaanbrug
657,Fietsbrug Ijzerlaanbrug,2022-12-22,02:00:00,9,2,7,FMN 10 IJzerlaanbrug
657,Fietsbrug Ijzerlaanbrug,2022-12-22,03:00:00,3,1,2,FMN 10 IJzerlaanbrug
657,Fietsbrug Ijzerlaanbrug,2022-12-22,04:00:00,6,5,1,FMN 10 IJzerlaanbrug
657,Fietsbrug Ijzerlaanbrug,2022-12-22,05:00:00,28,20,8,FMN 10 IJzerlaanbrug
657,Fietsbrug Ijzerlaanbrug,2022-12-22,06:00:00,74,46,28,FMN 10 IJzerlaanbrug
657,Fietsbrug Ijzerlaanbrug,2022-12-22,07:00:00,216,168,48,FMN 10 IJzerlaanbrug
657,Fietsbrug Ijzerlaanbrug,2022-12-22,08:00:00,383,298,85,FMN 10 IJzerlaanbrug
657,Fietsbrug Ijzerlaanbrug,2022-12-22,09:00:00,198,124,74,FMN 10 IJzerlaanbrug
657,Fietsbrug Ijzerlaanbrug,2022-12-22,10:00:00,131,86,45,FMN 10 IJzerlaanbrug
657,Fietsbrug Ijzerlaanbrug,2022-12-22,11:00:00,126,65,61,FMN 10 IJzerlaanbrug
657,Fietsbrug Ijzerlaanbrug,2022-12-22,12:00:00,167,98,69,FMN 10 IJzerlaanbrug
657,Fietsbrug Ijzerlaanbrug,2022-12-22,13:00:00,153,74,79,FMN 10 IJzerlaanbrug
657,Fietsbrug Ijzerlaanbrug,2022-12-22,14:00:00,149,52,97,FMN 10 IJzerlaanbrug
657,Fietsbrug Ijzerlaanbrug,2022-12-22,15:00:00,167,62,105,FMN 10 IJzerlaanbrug
657,Fietsbrug Ijzerlaanbrug,2022-12-22,16:00:00,291,93,198,FMN 10 IJzerlaanbrug
657,Fietsbrug Ijzerlaanbrug,2022-12-22,17:00:00,277,86,191,FMN 10 IJzerlaanbrug
657,Fietsbrug Ijzerlaanbrug,2022-12-22,18:00:00,229,80,149,FMN 10 IJzerlaanbrug
657,Fietsbrug Ijzerlaanbrug,2022-12-22,19:00:00,134,47,87,FMN 10 IJzerlaanbrug
657,Fietsbrug Ijzerlaanbrug,2022-12-22,20:00:00,107,47,60,FMN 10 IJzerlaanbrug
657,Fietsbrug Ijzerlaanbrug,2022-12-22,21:00:00,88,40,48,FMN 10 IJzerlaanbrug
657,Fietsbrug Ijzerlaanbrug,2022-12-22,22:00:00,66,20,46,FMN 10 IJzerlaanbrug
657,Fietsbrug Ijzerlaanbrug,2022-12-22,23:00:00,62,20,42,FMN 10 IJzerlaanbrug
657,Fietsbrug Ijzerlaanbrug,2022-12-23,00:00:00,40,12,28,FMN 10 IJzerlaanbrug
657,Fietsbrug Ijzerlaanbrug,2022-12-23,01:00:00,19,1,18,FMN 10 IJzerlaanbrug
657,Fietsbrug Ijzerlaanbrug,2022-12-23,02:00:00,14,3,11,FMN 10 IJzerlaanbrug
657,Fietsbrug Ijzerlaanbrug,2022-12-23,03:00:00,11,1,10,FMN 10 IJzerlaanbrug
657,Fietsbrug Ijzerlaanbrug,2022-12-23,04:00:00,16,9,7,FMN 10 IJzerlaanbrug
657,Fietsbrug Ijzerlaanbrug,2022-12-23,05:00:00,30,16,14,FMN 10 IJzerlaanbrug
657,Fietsbrug Ijzerlaanbrug,2022-12-23,06:00:00,59,34,25,FMN 10 IJzerlaanbrug
657,Fietsbrug Ijzerlaanbrug,2022-12-23,07:00:00,186,126,60,FMN 10 IJzerlaanbrug
657,Fietsbrug Ijzerlaanbrug,2022-12-23,08:00:00,321,236,85,FMN 10 IJzerlaanbrug
657,Fietsbrug Ijzerlaanbrug,2022-12-23,09:00:00,170,118,52,FMN 10 IJzerlaanbrug
657,Fietsbrug Ijzerlaanbrug,2022-12-23,10:00:00,103,68,35,FMN 10 IJzerlaanbrug
657,Fietsbrug Ijzerlaanbrug,2022-12-23,11:00:00,89,44,45,FMN 10 IJzerlaanbrug
657,Fietsbrug Ijzerlaanbrug,2022-12-23,12:00:00,118,51,67,FMN 10 IJzerlaanbrug
657,Fietsbrug Ijzerlaanbrug,2022-12-23,13:00:00,97,29,68,FMN 10 IJzerlaanbrug
657,Fietsbrug Ijzerlaanbrug,2022-12-23,14:00:00,119,42,77,FMN 10 IJzerlaanbrug
657,Fietsbrug Ijzerlaanbrug,2022-12-23,15:00:00,194,80,114,FMN 10 IJzerlaanbrug
657,Fietsbrug Ijzerlaanbrug,2022-12-23,16:00:00,220,68,152,FMN 10 IJzerlaanbrug
657,Fietsbrug Ijzerlaanbrug,2022-12-23,17:00:00,177,67,110,FMN 10 IJzerlaanbrug
657,Fietsbrug Ijzerlaanbrug,2022-12-23,18:00:00,134,54,80,FMN 10 IJzerlaanbrug
657,Fietsbrug Ijzerlaanbrug,2022-12-23,19:00:00,107,47,60,FMN 10 IJzerlaanbrug
657,Fietsbrug Ijzerlaanbrug,2022-12-23,20:00:00,81,47,34,FMN 10 IJzerlaanbrug
657,Fietsbrug Ijzerlaanbrug,2022-12-23,21:00:00,49,19,30,FMN 10 IJzerlaanbrug
657,Fietsbrug Ijzerlaanbrug,2022-12-23,22:00:00,56,22,34,FMN 10 IJzerlaanbrug
657,Fietsbrug Ijzerlaanbrug,2022-12-23,23:00:00,54,17,37,FMN 10 IJzerlaanbrug
657,Fietsbrug Ijzerlaanbrug,2022-12-24,00:00:00,59,20,39,FMN 10 IJzerlaanbrug
657,Fietsbrug Ijzerlaanbrug,2022-12-24,01:00:00,25,8,17,FMN 10 IJzerlaanbrug
657,Fietsbrug Ijzerlaanbrug,2022-12-24,02:00:00,16,2,14,FMN 10 IJzerlaanbrug
657,Fietsbrug Ijzerlaanbrug,2022-12-24,03:00:00,15,5,10,FMN 10 IJzerlaanbrug
657,Fietsbrug Ijzerlaanbrug,2022-12-24,04:00:00,7,3,4,FMN 10 IJzerlaanbrug
657,Fietsbrug Ijzerlaanbrug,2022-12-24,05:00:00,12,6,6,FMN 10 IJzerlaanbrug
657,Fietsbrug Ijzerlaanbrug,2022-12-24,06:00:00,19,12,7,FMN 10 IJzerlaanbrug
657,Fietsbrug Ijzerlaanbrug,2022-12-24,07:00:00,15,7,8,FMN 10 IJzerlaanbrug
657,Fietsbrug Ijzerlaanbrug,2022-12-24,08:00:00,39,23,16,FMN 10 IJzerlaanbrug
657,Fietsbrug Ijzerlaanbrug,2022-12-24,09:00:00,64,44,20,FMN 10 IJzerlaanbrug
657,Fietsbrug Ijzerlaanbrug,2022-12-24,10:00:00,94,53,41,FMN 10 IJzerlaanbrug
657,Fietsbrug Ijzerlaanbrug,2022-12-24,11:00:00,120,70,50,FMN 10 IJzerlaanbrug
657,Fietsbrug Ijzerlaanbrug,2022-12-24,12:00:00,120,55,65,FMN 10 IJzerlaanbrug
657,Fietsbrug Ijzerlaanbrug,2022-12-24,13:00:00,108,65,43,FMN 10 IJzerlaanbrug
657,Fietsbrug Ijzerlaanbrug,2022-12-24,14:00:00,144,61,83,FMN 10 IJzerlaanbrug
657,Fietsbrug Ijzerlaanbrug,2022-12-24,15:00:00,130,52,78,FMN 10 IJzerlaanbrug
657,Fietsbrug Ijzerlaanbrug,2022-12-24,16:00:00,108,54,54,FMN 10 IJzerlaanbrug
657,Fietsbrug Ijzerlaanbrug,2022-12-24,17:00:00,96,36,60,FMN 10 IJzerlaanbrug
657,Fietsbrug Ijzerlaanbrug,2022-12-24,18:00:00,63,22,41,FMN 10 IJzerlaanbrug
657,Fietsbrug Ijzerlaanbrug,2022-12-24,19:00:00,35,11,24,FMN 10 IJzerlaanbrug
657,Fietsbrug Ijzerlaanbrug,2022-12-24,20:00:00,30,11,19,FMN 10 IJzerlaanbrug
657,Fietsbrug Ijzerlaanbrug,2022-12-24,21:00:00,31,16,15,FMN 10 IJzerlaanbrug
657,Fietsbrug Ijzerlaanbrug,2022-12-24,22:00:00,46,25,21,FMN 10 IJzerlaanbrug
657,Fietsbrug Ijzerlaanbrug,2022-12-24,23:00:00,42,25,17,FMN 10 IJzerlaanbrug
657,Fietsbrug Ijzerlaanbrug,2022-12-25,00:00:00,21,14,7,FMN 10 IJzerlaanbrug
657,Fietsbrug Ijzerlaanbrug,2022-12-25,01:00:00,19,6,13,FMN 10 IJzerlaanbrug
657,Fietsbrug Ijzerlaanbrug,2022-12-25,02:00:00,17,7,10,FMN 10 IJzerlaanbrug
657,Fietsbrug Ijzerlaanbrug,2022-12-25,03:00:00,13,4,9,FMN 10 IJzerlaanbrug
657,Fietsbrug Ijzerlaanbrug,2022-12-25,04:00:00,8,2,6,FMN 10 IJzerlaanbrug
657,Fietsbrug Ijzerlaanbrug,2022-12-25,05:00:00,8,7,1,FMN 10 IJzerlaanbrug
657,Fietsbrug Ijzerlaanbrug,2022-12-25,06:00:00,10,7,3,FMN 10 IJzerlaanbrug
657,Fietsbrug Ijzerlaanbrug,2022-12-25,07:00:00,15,8,7,FMN 10 IJzerlaanbrug
657,Fietsbrug Ijzerlaanbrug,2022-12-25,08:00:00,20,8,12,FMN 10 IJzerlaanbrug
657,Fietsbrug Ijzerlaanbrug,2022-12-25,09:00:00,21,12,9,FMN 10 IJzerlaanbrug
657,Fietsbrug Ijzerlaanbrug,2022-12-25,10:00:00,24,13,11,FMN 10 IJzerlaanbrug
657,Fietsbrug Ijzerlaanbrug,2022-12-25,11:00:00,29,13,16,FMN 10 IJzerlaanbrug
657,Fietsbrug Ijzerlaanbrug,2022-12-25,12:00:00,26,16,10,FMN 10 IJzerlaanbrug
657,Fietsbrug Ijzerlaanbrug,2022-12-25,13:00:00,29,13,16,FMN 10 IJzerlaanbrug
657,Fietsbrug Ijzerlaanbrug,2022-12-25,14:00:00,32,13,19,FMN 10 IJzerlaanbrug
657,Fietsbrug Ijzerlaanbrug,2022-12-25,15:00:00,31,16,15,FMN 10 IJzerlaanbrug
657,Fietsbrug Ijzerlaanbrug,2022-12-25,16:00:00,34,16,18,FMN 10 IJzerlaanbrug
657,Fietsbrug Ijzerlaanbrug,2022-12-25,17:00:00,32,16,16,FMN 10 IJzerlaanbrug
657,Fietsbrug Ijzerlaanbrug,2022-12-25,18:00:00,29,16,13,FMN 10 IJzerlaanbrug
657,Fietsbrug Ijzerlaanbrug,2022-12-25,19:00:00,36,17,19,FMN 10 IJzerlaanbrug
657,Fietsbrug Ijzerlaanbrug,2022-12-25,20:00:00,26,12,14,FMN 10 IJzerlaanbrug
657,Fietsbrug Ijzerlaanbrug,2022-12-25,21:00:00,36,19,17,FMN 10 IJzerlaanbrug
657,Fietsbrug Ijzerlaanbrug,2022-12-25,22:00:00,32,17,15,FMN 10 IJzerlaanbrug
657,Fietsbrug Ijzerlaanbrug,2022-12-25,23:00:00,17,10,7,FMN 10 IJzerlaanbrug
657,Fietsbrug Ijzerlaanbrug,2022-12-26,00:00:00,10,4,6,FMN 10 IJzerlaanbrug
657,Fietsbrug Ijzerlaanbrug,2022-12-26,01:00:00,5,1,4,FMN 10 IJzerlaanbrug
657,Fietsbrug Ijzerlaanbrug,2022-12-26,02:00:00,4,1,3,FMN 10 IJzerlaanbrug
657,Fietsbrug Ijzerlaanbrug,2022-12-26,03:00:00,8,4,4,FMN 10 IJzerlaanbrug
657,Fietsbrug Ijzerlaanbrug,2022-12-26,04:00:00,13,8,5,FMN 10 IJzerlaanbrug
657,Fietsbrug Ijzerlaanbrug,2022-12-26,05:00:00,10,3,7,FMN 10 IJzerlaanbrug
657,Fietsbrug Ijzerlaanbrug,2022-12-26,06:00:00,27,19,8,FMN 10 IJzerlaanbrug
657,Fietsbrug Ijzerlaanbrug,2022-12-26,07:00:00,64,43,21,FMN 10 IJzerlaanbrug
657,Fietsbrug Ijzerlaanbrug,2022-12-26,08:00:00,76,57,19,FMN 10 IJzerlaanbrug
657,Fietsbrug Ijzerlaanbrug,2022-12-26,09:00:00,67,41,26,FMN 10 IJzerlaanbrug
657,Fietsbrug Ijzerlaanbrug,2022-12-26,10:00:00,63,39,24,FMN 10 IJzerlaanbrug
657,Fietsbrug Ijzerlaanbrug,2022-12-26,11:00:00,55,36,19,FMN 10 IJzerlaanbrug
657,Fietsbrug Ijzerlaanbrug,2022-12-26,12:00:00,72,41,31,FMN 10 IJzerlaanbrug
657,Fietsbrug Ijzerlaanbrug,2022-12-26,13:00:00,100,68,32,FMN 10 IJzerlaanbrug
657,Fietsbrug Ijzerlaanbrug,2022-12-26,14:00:00,107,62,45,FMN 10 IJzerlaanbrug
657,Fietsbrug Ijzerlaanbrug,2022-12-26,15:00:00,127,62,65,FMN 10 IJzerlaanbrug
657,Fietsbrug Ijzerlaanbrug,2022-12-26,16:00:00,142,45,97,FMN 10 IJzerlaanbrug
657,Fietsbrug Ijzerlaanbrug,2022-12-26,17:00:00,120,54,66,FMN 10 IJzerlaanbrug
657,Fietsbrug Ijzerlaanbrug,2022-12-26,18:00:00,102,36,66,FMN 10 IJzerlaanbrug
657,Fietsbrug Ijzerlaanbrug,2022-12-26,19:00:00,91,48,43,FMN 10 IJzerlaanbrug
657,Fietsbrug Ijzerlaanbrug,2022-12-26,20:00:00,51,18,33,FMN 10 IJzerlaanbrug
657,Fietsbrug Ijzerlaanbrug,2022-12-26,21:00:00,52,22,30,FMN 10 IJzerlaanbrug
657,Fietsbrug Ijzerlaanbrug,2022-12-26,22:00:00,35,18,17,FMN 10 IJzerlaanbrug
657,Fietsbrug Ijzerlaanbrug,2022-12-26,23:00:00,30,11,19,FMN 10 IJzerlaanbrug
657,Fietsbrug Ijzerlaanbrug,2022-12-27,00:00:00,25,7,18,FMN 10 IJzerlaanbrug
657,Fietsbrug Ijzerlaanbrug,2022-12-27,01:00:00,15,6,9,FMN 10 IJzerlaanbrug
657,Fietsbrug Ijzerlaanbrug,2022-12-27,02:00:00,4,2,2,FMN 10 IJzerlaanbrug
657,Fietsbrug Ijzerlaanbrug,2022-12-27,03:00:00,1,0,1,FMN 10 IJzerlaanbrug
657,Fietsbrug Ijzerlaanbrug,2022-12-27,04:00:00,14,9,5,FMN 10 IJzerlaanbrug
657,Fietsbrug Ijzerlaanbrug,2022-12-27,05:00:00,23,17,6,FMN 10 IJzerlaanbrug
657,Fietsbrug Ijzerlaanbrug,2022-12-27,06:00:00,54,34,20,FMN 10 IJzerlaanbrug
657,Fietsbrug Ijzerlaanbrug,2022-12-27,07:00:00,108,77,31,FMN 10 IJzerlaanbrug
657,Fietsbrug Ijzerlaanbrug,2022-12-27,08:00:00,148,106,42,FMN 10 IJzerlaanbrug
657,Fietsbrug Ijzerlaanbrug,2022-12-27,09:00:00,100,62,38,FMN 10 IJzerlaanbrug
657,Fietsbrug Ijzerlaanbrug,2022-12-27,10:00:00,97,59,38,FMN 10 IJzerlaanbrug
657,Fietsbrug Ijzerlaanbrug,2022-12-27,11:00:00,102,66,36,FMN 10 IJzerlaanbrug
657,Fietsbrug Ijzerlaanbrug,2022-12-27,12:00:00,112,69,43,FMN 10 IJzerlaanbrug
657,Fietsbrug Ijzerlaanbrug,2022-12-27,13:00:00,124,61,63,FMN 10 IJzerlaanbrug
657,Fietsbrug Ijzerlaanbrug,2022-12-27,14:00:00,110,57,53,FMN 10 IJzerlaanbrug
657,Fietsbrug Ijzerlaanbrug,2022-12-27,15:00:00,129,58,71,FMN 10 IJzerlaanbrug
657,Fietsbrug Ijzerlaanbrug,2022-12-27,16:00:00,200,79,121,FMN 10 IJzerlaanbrug
657,Fietsbrug Ijzerlaanbrug,2022-12-27,17:00:00,222,82,140,FMN 10 IJzerlaanbrug
657,Fietsbrug Ijzerlaanbrug,2022-12-27,18:00:00,126,49,77,FMN 10 IJzerlaanbrug
657,Fietsbrug Ijzerlaanbrug,2022-12-27,19:00:00,118,59,59,FMN 10 IJzerlaanbrug
657,Fietsbrug Ijzerlaanbrug,2022-12-27,20:00:00,57,26,31,FMN 10 IJzerlaanbrug
657,Fietsbrug Ijzerlaanbrug,2022-12-27,21:00:00,47,13,34,FMN 10 IJzerlaanbrug
657,Fietsbrug Ijzerlaanbrug,2022-12-27,22:00:00,57,17,40,FMN 10 IJzerlaanbrug
657,Fietsbrug Ijzerlaanbrug,2022-12-27,23:00:00,20,3,17,FMN 10 IJzerlaanbrug
657,Fietsbrug Ijzerlaanbrug,2022-12-28,00:00:00,15,5,10,FMN 10 IJzerlaanbrug
657,Fietsbrug Ijzerlaanbrug,2022-12-28,01:00:00,16,4,12,FMN 10 IJzerlaanbrug
657,Fietsbrug Ijzerlaanbrug,2022-12-28,02:00:00,7,4,3,FMN 10 IJzerlaanbrug
657,Fietsbrug Ijzerlaanbrug,2022-12-28,03:00:00,5,3,2,FMN 10 IJzerlaanbrug
657,Fietsbrug Ijzerlaanbrug,2022-12-28,04:00:00,20,14,6,FMN 10 IJzerlaanbrug
657,Fietsbrug Ijzerlaanbrug,2022-12-28,05:00:00,18,11,7,FMN 10 IJzerlaanbrug
657,Fietsbrug Ijzerlaanbrug,2022-12-28,06:00:00,53,32,21,FMN 10 IJzerlaanbrug
657,Fietsbrug Ijzerlaanbrug,2022-12-28,07:00:00,103,65,38,FMN 10 IJzerlaanbrug
657,Fietsbrug Ijzerlaanbrug,2022-12-28,08:00:00,115,87,28,FMN 10 IJzerlaanbrug
657,Fietsbrug Ijzerlaanbrug,2022-12-28,09:00:00,99,69,30,FMN 10 IJzerlaanbrug
657,Fietsbrug Ijzerlaanbrug,2022-12-28,10:00:00,52,31,21,FMN 10 IJzerlaanbrug
657,Fietsbrug Ijzerlaanbrug,2022-12-28,11:00:00,66,36,30,FMN 10 IJzerlaanbrug
657,Fietsbrug Ijzerlaanbrug,2022-12-28,12:00:00,73,45,28,FMN 10 IJzerlaanbrug
657,Fietsbrug Ijzerlaanbrug,2022-12-28,13:00:00,84,55,29,FMN 10 IJzerlaanbrug
657,Fietsbrug Ijzerlaanbrug,2022-12-28,14:00:00,95,39,56,FMN 10 IJzerlaanbrug
657,Fietsbrug Ijzerlaanbrug,2022-12-28,15:00:00,111,37,74,FMN 10 IJzerlaanbrug
657,Fietsbrug Ijzerlaanbrug,2022-12-28,16:00:00,144,50,94,FMN 10 IJzerlaanbrug
657,Fietsbrug Ijzerlaanbrug,2022-12-28,17:00:00,159,52,107,FMN 10 IJzerlaanbrug
657,Fietsbrug Ijzerlaanbrug,2022-12-28,18:00:00,97,37,60,FMN 10 IJzerlaanbrug
657,Fietsbrug Ijzerlaanbrug,2022-12-28,19:00:00,63,34,29,FMN 10 IJzerlaanbrug
657,Fietsbrug Ijzerlaanbrug,2022-12-28,20:00:00,50,22,28,FMN 10 IJzerlaanbrug
657,Fietsbrug Ijzerlaanbrug,2022-12-28,21:00:00,52,18,34,FMN 10 IJzerlaanbrug
657,Fietsbrug Ijzerlaanbrug,2022-12-28,22:00:00,37,9,28,FMN 10 IJzerlaanbrug
657,Fietsbrug Ijzerlaanbrug,2022-12-28,23:00:00,33,12,21,FMN 10 IJzerlaanbrug
657,Fietsbrug Ijzerlaanbrug,2022-12-29,00:00:00,20,6,14,FMN 10 IJzerlaanbrug
657,Fietsbrug Ijzerlaanbrug,2022-12-29,01:00:00,5,2,3,FMN 10 IJzerlaanbrug
657,Fietsbrug Ijzerlaanbrug,2022-12-29,02:00:00,8,3,5,FMN 10 IJzerlaanbrug
657,Fietsbrug Ijzerlaanbrug,2022-12-29,03:00:00,5,4,1,FMN 10 IJzerlaanbrug
657,Fietsbrug Ijzerlaanbrug,2022-12-29,04:00:00,12,6,6,FMN 10 IJzerlaanbrug
657,Fietsbrug Ijzerlaanbrug,2022-12-29,05:00:00,14,9,5,FMN 10 IJzerlaanbrug
657,Fietsbrug Ijzerlaanbrug,2022-12-29,06:00:00,44,25,19,FMN 10 IJzerlaanbrug
657,Fietsbrug Ijzerlaanbrug,2022-12-29,07:00:00,110,74,36,FMN 10 IJzerlaanbrug
657,Fietsbrug Ijzerlaanbrug,2022-12-29,08:00:00,127,92,35,FMN 10 IJzerlaanbrug
657,Fietsbrug Ijzerlaanbrug,2022-12-29,09:00:00,77,50,27,FMN 10 IJzerlaanbrug
657,Fietsbrug Ijzerlaanbrug,2022-12-29,10:00:00,55,34,21,FMN 10 IJzerlaanbrug
657,Fietsbrug Ijzerlaanbrug,2022-12-29,11:00:00,60,30,30,FMN 10 IJzerlaanbrug
657,Fietsbrug Ijzerlaanbrug,2022-12-29,12:00:00,88,43,45,FMN 10 IJzerlaanbrug
657,Fietsbrug Ijzerlaanbrug,2022-12-29,13:00:00,91,57,34,FMN 10 IJzerlaanbrug
657,Fietsbrug Ijzerlaanbrug,2022-12-29,14:00:00,86,52,34,FMN 10 IJzerlaanbrug
657,Fietsbrug Ijzerlaanbrug,2022-12-29,15:00:00,93,37,56,FMN 10 IJzerlaanbrug
657,Fietsbrug Ijzerlaanbrug,2022-12-29,16:00:00,175,79,96,FMN 10 IJzerlaanbrug
657,Fietsbrug Ijzerlaanbrug,2022-12-29,17:00:00,191,54,137,FMN 10 IJzerlaanbrug
657,Fietsbrug Ijzerlaanbrug,2022-12-29,18:00:00,149,60,89,FMN 10 IJzerlaanbrug
657,Fietsbrug Ijzerlaanbrug,2022-12-29,19:00:00,83,39,44,FMN 10 IJzerlaanbrug
657,Fietsbrug Ijzerlaanbrug,2022-12-29,20:00:00,65,27,38,FMN 10 IJzerlaanbrug
657,Fietsbrug Ijzerlaanbrug,2022-12-29,21:00:00,36,12,24,FMN 10 IJzerlaanbrug
657,Fietsbrug Ijzerlaanbrug,2022-12-29,22:00:00,57,18,39,FMN 10 IJzerlaanbrug
657,Fietsbrug Ijzerlaanbrug,2022-12-29,23:00:00,46,19,27,FMN 10 IJzerlaanbrug
657,Fietsbrug Ijzerlaanbrug,2022-12-30,00:00:00,12,4,8,FMN 10 IJzerlaanbrug
657,Fietsbrug Ijzerlaanbrug,2022-12-30,01:00:00,18,2,16,FMN 10 IJzerlaanbrug
657,Fietsbrug Ijzerlaanbrug,2022-12-30,02:00:00,10,4,6,FMN 10 IJzerlaanbrug
657,Fietsbrug Ijzerlaanbrug,2022-12-30,03:00:00,12,5,7,FMN 10 IJzerlaanbrug
657,Fietsbrug Ijzerlaanbrug,2022-12-30,04:00:00,8,6,2,FMN 10 IJzerlaanbrug
657,Fietsbrug Ijzerlaanbrug,2022-12-30,05:00:00,17,14,3,FMN 10 IJzerlaanbrug
657,Fietsbrug Ijzerlaanbrug,2022-12-30,06:00:00,37,19,18,FMN 10 IJzerlaanbrug
657,Fietsbrug Ijzerlaanbrug,2022-12-30,07:00:00,79,53,26,FMN 10 IJzerlaanbrug
657,Fietsbrug Ijzerlaanbrug,2022-12-30,08:00:00,111,78,33,FMN 10 IJzerlaanbrug
657,Fietsbrug Ijzerlaanbrug,2022-12-30,09:00:00,78,53,25,FMN 10 IJzerlaanbrug
657,Fietsbrug Ijzerlaanbrug,2022-12-30,10:00:00,67,42,25,FMN 10 IJzerlaanbrug
657,Fietsbrug Ijzerlaanbrug,2022-12-30,11:00:00,76,43,33,FMN 10 IJzerlaanbrug
657,Fietsbrug Ijzerlaanbrug,2022-12-30,12:00:00,86,42,44,FMN 10 IJzerlaanbrug
657,Fietsbrug Ijzerlaanbrug,2022-12-30,13:00:00,80,44,36,FMN 10 IJzerlaanbrug
657,Fietsbrug Ijzerlaanbrug,2022-12-30,14:00:00,71,31,40,FMN 10 IJzerlaanbrug
657,Fietsbrug Ijzerlaanbrug,2022-12-30,15:00:00,94,42,52,FMN 10 IJzerlaanbrug
657,Fietsbrug Ijzerlaanbrug,2022-12-30,16:00:00,111,40,71,FMN 10 IJzerlaanbrug
657,Fietsbrug Ijzerlaanbrug,2022-12-30,17:00:00,115,39,76,FMN 10 IJzerlaanbrug
657,Fietsbrug Ijzerlaanbrug,2022-12-30,18:00:00,109,47,62,FMN 10 IJzerlaanbrug
657,Fietsbrug Ijzerlaanbrug,2022-12-30,19:00:00,79,49,30,FMN 10 IJzerlaanbrug
657,Fietsbrug Ijzerlaanbrug,2022-12-30,20:00:00,49,28,21,FMN 10 IJzerlaanbrug
657,Fietsbrug Ijzerlaanbrug,2022-12-30,21:00:00,43,23,20,FMN 10 IJzerlaanbrug
657,Fietsbrug Ijzerlaanbrug,2022-12-30,22:00:00,44,18,26,FMN 10 IJzerlaanbrug
657,Fietsbrug Ijzerlaanbrug,2022-12-30,23:00:00,34,9,25,FMN 10 IJzerlaanbrug
657,Fietsbrug Ijzerlaanbrug,2022-12-31,00:00:00,25,7,18,FMN 10 IJzerlaanbrug
657,Fietsbrug Ijzerlaanbrug,2022-12-31,01:00:00,20,6,14,FMN 10 IJzerlaanbrug
657,Fietsbrug Ijzerlaanbrug,2022-12-31,02:00:00,20,3,17,FMN 10 IJzerlaanbrug
657,Fietsbrug Ijzerlaanbrug,2022-12-31,03:00:00,15,5,10,FMN 10 IJzerlaanbrug
657,Fietsbrug Ijzerlaanbrug,2022-12-31,04:00:00,13,4,9,FMN 10 IJzerlaanbrug
657,Fietsbrug Ijzerlaanbrug,2022-12-31,05:00:00,12,6,6,FMN 10 IJzerlaanbrug
657,Fietsbrug Ijzerlaanbrug,2022-12-31,06:00:00,19,14,5,FMN 10 IJzerlaanbrug
657,Fietsbrug Ijzerlaanbrug,2022-12-31,07:00:00,16,7,9,FMN 10 IJzerlaanbrug
657,Fietsbrug Ijzerlaanbrug,2022-12-31,08:00:00,25,15,10,FMN 10 IJzerlaanbrug
657,Fietsbrug Ijzerlaanbrug,2022-12-31,09:00:00,34,18,16,FMN 10 IJzerlaanbrug
657,Fietsbrug Ijzerlaanbrug,2022-12-31,10:00:00,36,24,12,FMN 10 IJzerlaanbrug
657,Fietsbrug Ijzerlaanbrug,2022-12-31,11:00:00,49,35,14,FMN 10 IJzerlaanbrug
657,Fietsbrug Ijzerlaanbrug,2022-12-31,12:00:00,64,34,30,FMN 10 IJzerlaanbrug
657,Fietsbrug Ijzerlaanbrug,2022-12-31,13:00:00,63,33,30,FMN 10 IJzerlaanbrug
657,Fietsbrug Ijzerlaanbrug,2022-12-31,14:00:00,78,37,41,FMN 10 IJzerlaanbrug
657,Fietsbrug Ijzerlaanbrug,2022-12-31,15:00:00,81,40,41,FMN 10 IJzerlaanbrug
657,Fietsbrug Ijzerlaanbrug,2022-12-31,16:00:00,93,41,52,FMN 10 IJzerlaanbrug
657,Fietsbrug Ijzerlaanbrug,2022-12-31,17:00:00,120,64,56,FMN 10 IJzerlaanbrug
657,Fietsbrug Ijzerlaanbrug,2022-12-31,18:00:00,82,45,37,FMN 10 IJzerlaanbrug
657,Fietsbrug Ijzerlaanbrug,2022-12-31,19:00:00,63,34,29,FMN 10 IJzerlaanbrug
657,Fietsbrug Ijzerlaanbrug,2022-12-31,20:00:00,40,23,17,FMN 10 IJzerlaanbrug
657,Fietsbrug Ijzerlaanbrug,2022-12-31,21:00:00,40,20,20,FMN 10 IJzerlaanbrug
657,Fietsbrug Ijzerlaanbrug,2022-12-31,22:00:00,57,47,10,FMN 10 IJzerlaanbrug
657,Fietsbrug Ijzerlaanbrug,2022-12-31,23:00:00,122,98,24,FMN 10 IJzerlaanbrug
657,Fietsbrug Ijzerlaanbrug,2023-01-01,00:00:00,84,18,66,FMN 10 IJzerlaanbrug
657,Fietsbrug Ijzerlaanbrug,2023-01-01,01:00:00,93,49,44,FMN 10 IJzerlaanbrug
657,Fietsbrug Ijzerlaanbrug,2023-01-01,02:00:00,68,24,44,FMN 10 IJzerlaanbrug
657,Fietsbrug Ijzerlaanbrug,2023-01-01,03:00:00,86,21,65,FMN 10 IJzerlaanbrug
657,Fietsbrug Ijzerlaanbrug,2023-01-01,04:00:00,60,21,39,FMN 10 IJzerlaanbrug
657,Fietsbrug Ijzerlaanbrug,2023-01-01,05:00:00,34,3,31,FMN 10 IJzerlaanbrug
657,Fietsbrug Ijzerlaanbrug,2023-01-01,06:00:00,31,15,16,FMN 10 IJzerlaanbrug
657,Fietsbrug Ijzerlaanbrug,2023-01-01,07:00:00,23,9,14,FMN 10 IJzerlaanbrug
657,Fietsbrug Ijzerlaanbrug,2023-01-01,08:00:00,29,11,18,FMN 10 IJzerlaanbrug
657,Fietsbrug Ijzerlaanbrug,2023-01-01,09:00:00,25,15,10,FMN 10 IJzerlaanbrug
657,Fietsbrug Ijzerlaanbrug,2023-01-01,10:00:00,25,12,13,FMN 10 IJzerlaanbrug
657,Fietsbrug Ijzerlaanbrug,2023-01-01,11:00:00,53,28,25,FMN 10 IJzerlaanbrug
657,Fietsbrug Ijzerlaanbrug,2023-01-01,12:00:00,48,24,24,FMN 10 IJzerlaanbrug
657,Fietsbrug Ijzerlaanbrug,2023-01-01,13:00:00,67,36,31,FMN 10 IJzerlaanbrug
657,Fietsbrug Ijzerlaanbrug,2023-01-01,14:00:00,90,39,51,FMN 10 IJzerlaanbrug
657,Fietsbrug Ijzerlaanbrug,2023-01-01,15:00:00,89,42,47,FMN 10 IJzerlaanbrug
657,Fietsbrug Ijzerlaanbrug,2023-01-01,16:00:00,72,30,42,FMN 10 IJzerlaanbrug
657,Fietsbrug Ijzerlaanbrug,2023-01-01,17:00:00,72,24,48,FMN 10 IJzerlaanbrug
657,Fietsbrug Ijzerlaanbrug,2023-01-01,18:00:00,45,24,21,FMN 10 IJzerlaanbrug
657,Fietsbrug Ijzerlaanbrug,2023-01-01,19:00:00,32,18,14,FMN 10 IJzerlaanbrug
657,Fietsbrug Ijzerlaanbrug,2023-01-01,20:00:00,39,26,13,FMN 10 IJzerlaanbrug
657,Fietsbrug Ijzerlaanbrug,2023-01-01,21:00:00,29,11,18,FMN 10 IJzerlaanbrug
657,Fietsbrug Ijzerlaanbrug,2023-01-01,22:00:00,15,7,8,FMN 10 IJzerlaanbrug
657,Fietsbrug Ijzerlaanbrug,2023-01-01,23:00:00,21,7,14,FMN 10 IJzerlaanbrug
657,Fietsbrug Ijzerlaanbrug,2023-01-02,00:00:00,14,4,10,FMN 10 IJzerlaanbrug
657,Fietsbrug Ijzerlaanbrug,2023-01-02,01:00:00,14,6,8,FMN 10 IJzerlaanbrug
657,Fietsbrug Ijzerlaanbrug,2023-01-02,02:00:00,7,1,6,FMN 10 IJzerlaanbrug
657,Fietsbrug Ijzerlaanbrug,2023-01-02,03:00:00,7,5,2,FMN 10 IJzerlaanbrug
657,Fietsbrug Ijzerlaanbrug,2023-01-02,04:00:00,12,4,8,FMN 10 IJzerlaanbrug
657,Fietsbrug Ijzerlaanbrug,2023-01-02,05:00:00,12,7,5,FMN 10 IJzerlaanbrug
657,Fietsbrug Ijzerlaanbrug,2023-01-02,06:00:00,44,23,21,FMN 10 IJzerlaanbrug
657,Fietsbrug Ijzerlaanbrug,2023-01-02,07:00:00,96,63,33,FMN 10 IJzerlaanbrug
657,Fietsbrug Ijzerlaanbrug,2023-01-02,08:00:00,141,115,26,FMN 10 IJzerlaanbrug
657,Fietsbrug Ijzerlaanbrug,2023-01-02,09:00:00,78,58,20,FMN 10 IJzerlaanbrug
657,Fietsbrug Ijzerlaanbrug,2023-01-02,10:00:00,57,39,18,FMN 10 IJzerlaanbrug
657,Fietsbrug Ijzerlaanbrug,2023-01-02,11:00:00,68,39,29,FMN 10 IJzerlaanbrug
657,Fietsbrug Ijzerlaanbrug,2023-01-02,12:00:00,88,56,32,FMN 10 IJzerlaanbrug
657,Fietsbrug Ijzerlaanbrug,2023-01-02,13:00:00,107,64,43,FMN 10 IJzerlaanbrug
657,Fietsbrug Ijzerlaanbrug,2023-01-02,14:00:00,98,48,50,FMN 10 IJzerlaanbrug
657,Fietsbrug Ijzerlaanbrug,2023-01-02,15:00:00,101,43,58,FMN 10 IJzerlaanbrug
657,Fietsbrug Ijzerlaanbrug,2023-01-02,16:00:00,138,47,91,FMN 10 IJzerlaanbrug
657,Fietsbrug Ijzerlaanbrug,2023-01-02,17:00:00,170,38,132,FMN 10 IJzerlaanbrug
657,Fietsbrug Ijzerlaanbrug,2023-01-02,18:00:00,116,48,68,FMN 10 IJzerlaanbrug
657,Fietsbrug Ijzerlaanbrug,2023-01-02,19:00:00,70,30,40,FMN 10 IJzerlaanbrug
657,Fietsbrug Ijzerlaanbrug,2023-01-02,20:00:00,41,14,27,FMN 10 IJzerlaanbrug
657,Fietsbrug Ijzerlaanbrug,2023-01-02,21:00:00,45,18,27,FMN 10 IJzerlaanbrug
657,Fietsbrug Ijzerlaanbrug,2023-01-02,22:00:00,45,19,26,FMN 10 IJzerlaanbrug
657,Fietsbrug Ijzerlaanbrug,2023-01-02,23:00:00,21,4,17,FMN 10 IJzerlaanbrug
657,Fietsbrug Ijzerlaanbrug,2023-01-03,00:00:00,16,5,11,FMN 10 IJzerlaanbrug
657,Fietsbrug Ijzerlaanbrug,2023-01-03,01:00:00,12,4,8,FMN 10 IJzerlaanbrug
657,Fietsbrug Ijzerlaanbrug,2023-01-03,02:00:00,8,4,4,FMN 10 IJzerlaanbrug
657,Fietsbrug Ijzerlaanbrug,2023-01-03,03:00:00,7,2,5,FMN 10 IJzerlaanbrug
657,Fietsbrug Ijzerlaanbrug,2023-01-03,04:00:00,11,8,3,FMN 10 IJzerlaanbrug
657,Fietsbrug Ijzerlaanbrug,2023-01-03,05:00:00,28,17,11,FMN 10 IJzerlaanbrug
657,Fietsbrug Ijzerlaanbrug,2023-01-03,06:00:00,86,59,27,FMN 10 IJzerlaanbrug
657,Fietsbrug Ijzerlaanbrug,2023-01-03,07:00:00,211,149,62,FMN 10 IJzerlaanbrug
657,Fietsbrug Ijzerlaanbrug,2023-01-03,08:00:00,250,199,51,FMN 10 IJzerlaanbrug
657,Fietsbrug Ijzerlaanbrug,2023-01-03,09:00:00,135,88,47,FMN 10 IJzerlaanbrug
657,Fietsbrug Ijzerlaanbrug,2023-01-03,10:00:00,92,65,27,FMN 10 IJzerlaanbrug
657,Fietsbrug Ijzerlaanbrug,2023-01-03,11:00:00,91,53,38,FMN 10 IJzerlaanbrug
657,Fietsbrug Ijzerlaanbrug,2023-01-03,12:00:00,133,86,47,FMN 10 IJzerlaanbrug
657,Fietsbrug Ijzerlaanbrug,2023-01-03,13:00:00,127,75,52,FMN 10 IJzerlaanbrug
657,Fietsbrug Ijzerlaanbrug,2023-01-03,14:00:00,167,70,97,FMN 10 IJzerlaanbrug
657,Fietsbrug Ijzerlaanbrug,2023-01-03,15:00:00,195,74,121,FMN 10 IJzerlaanbrug
657,Fietsbrug Ijzerlaanbrug,2023-01-03,16:00:00,286,99,187,FMN 10 IJzerlaanbrug
657,Fietsbrug Ijzerlaanbrug,2023-01-03,17:00:00,303,81,222,FMN 10 IJzerlaanbrug
657,Fietsbrug Ijzerlaanbrug,2023-01-03,18:00:00,173,63,110,FMN 10 IJzerlaanbrug
657,Fietsbrug Ijzerlaanbrug,2023-01-03,19:00:00,111,50,61,FMN 10 IJzerlaanbrug
657,Fietsbrug Ijzerlaanbrug,2023-01-03,20:00:00,74,33,41,FMN 10 IJzerlaanbrug
657,Fietsbrug Ijzerlaanbrug,2023-01-03,21:00:00,53,19,34,FMN 10 IJzerlaanbrug
657,Fietsbrug Ijzerlaanbrug,2023-01-03,22:00:00,58,16,42,FMN 10 IJzerlaanbrug
657,Fietsbrug Ijzerlaanbrug,2023-01-03,23:00:00,37,9,28,FMN 10 IJzerlaanbrug
657,Fietsbrug Ijzerlaanbrug,2023-01-04,00:00:00,12,1,11,FMN 10 IJzerlaanbrug
657,Fietsbrug Ijzerlaanbrug,2023-01-04,01:00:00,10,3,7,FMN 10 IJzerlaanbrug
657,Fietsbrug Ijzerlaanbrug,2023-01-04,02:00:00,10,3,7,FMN 10 IJzerlaanbrug
657,Fietsbrug Ijzerlaanbrug,2023-01-04,03:00:00,4,4,0,FMN 10 IJzerlaanbrug
657,Fietsbrug Ijzerlaanbrug,2023-01-04,04:00:00,8,4,4,FMN 10 IJzerlaanbrug
657,Fietsbrug Ijzerlaanbrug,2023-01-04,05:00:00,33,20,13,FMN 10 IJzerlaanbrug
657,Fietsbrug Ijzerlaanbrug,2023-01-04,06:00:00,84,53,31,FMN 10 IJzerlaanbrug
657,Fietsbrug Ijzerlaanbrug,2023-01-04,07:00:00,161,119,42,FMN 10 IJzerlaanbrug
657,Fietsbrug Ijzerlaanbrug,2023-01-04,08:00:00,201,160,41,FMN 10 IJzerlaanbrug
657,Fietsbrug Ijzerlaanbrug,2023-01-04,09:00:00,102,64,38,FMN 10 IJzerlaanbrug
657,Fietsbrug Ijzerlaanbrug,2023-01-04,10:00:00,56,36,20,FMN 10 IJzerlaanbrug
657,Fietsbrug Ijzerlaanbrug,2023-01-04,11:00:00,60,38,22,FMN 10 IJzerlaanbrug
657,Fietsbrug Ijzerlaanbrug,2023-01-04,12:00:00,74,40,34,FMN 10 IJzerlaanbrug
657,Fietsbrug Ijzerlaanbrug,2023-01-04,13:00:00,87,48,39,FMN 10 IJzerlaanbrug
657,Fietsbrug Ijzerlaanbrug,2023-01-04,14:00:00,102,45,57,FMN 10 IJzerlaanbrug
657,Fietsbrug Ijzerlaanbrug,2023-01-04,15:00:00,105,42,63,FMN 10 IJzerlaanbrug
657,Fietsbrug Ijzerlaanbrug,2023-01-04,16:00:00,215,82,133,FMN 10 IJzerlaanbrug
657,Fietsbrug Ijzerlaanbrug,2023-01-04,17:00:00,235,49,186,FMN 10 IJzerlaanbrug
657,Fietsbrug Ijzerlaanbrug,2023-01-04,18:00:00,147,49,98,FMN 10 IJzerlaanbrug
657,Fietsbrug Ijzerlaanbrug,2023-01-04,19:00:00,118,67,51,FMN 10 IJzerlaanbrug
657,Fietsbrug Ijzerlaanbrug,2023-01-04,20:00:00,62,29,33,FMN 10 IJzerlaanbrug
657,Fietsbrug Ijzerlaanbrug,2023-01-04,21:00:00,43,13,30,FMN 10 IJzerlaanbrug
657,Fietsbrug Ijzerlaanbrug,2023-01-04,22:00:00,58,18,40,FMN 10 IJzerlaanbrug
657,Fietsbrug Ijzerlaanbrug,2023-01-04,23:00:00,29,12,17,FMN 10 IJzerlaanbrug
657,Fietsbrug Ijzerlaanbrug,2023-01-05,00:00:00,23,9,14,FMN 10 IJzerlaanbrug
657,Fietsbrug Ijzerlaanbrug,2023-01-05,01:00:00,15,7,8,FMN 10 IJzerlaanbrug
657,Fietsbrug Ijzerlaanbrug,2023-01-05,02:00:00,4,1,3,FMN 10 IJzerlaanbrug
657,Fietsbrug Ijzerlaanbrug,2023-01-05,03:00:00,7,3,4,FMN 10 IJzerlaanbrug
657,Fietsbrug Ijzerlaanbrug,2023-01-05,04:00:00,14,11,3,FMN 10 IJzerlaanbrug
657,Fietsbrug Ijzerlaanbrug,2023-01-05,05:00:00,29,16,13,FMN 10 IJzerlaanbrug
657,Fietsbrug Ijzerlaanbrug,2023-01-05,06:00:00,85,55,30,FMN 10 IJzerlaanbrug
657,Fietsbrug Ijzerlaanbrug,2023-01-05,07:00:00,197,148,49,FMN 10 IJzerlaanbrug
657,Fietsbrug Ijzerlaanbrug,2023-01-05,08:00:00,244,199,45,FMN 10 IJzerlaanbrug
657,Fietsbrug Ijzerlaanbrug,2023-01-05,09:00:00,134,92,42,FMN 10 IJzerlaanbrug
657,Fietsbrug Ijzerlaanbrug,2023-01-05,10:00:00,112,66,46,FMN 10 IJzerlaanbrug
657,Fietsbrug Ijzerlaanbrug,2023-01-05,11:00:00,103,50,53,FMN 10 IJzerlaanbrug
657,Fietsbrug Ijzerlaanbrug,2023-01-05,12:00:00,113,74,39,FMN 10 IJzerlaanbrug
657,Fietsbrug Ijzerlaanbrug,2023-01-05,13:00:00,122,74,48,FMN 10 IJzerlaanbrug
657,Fietsbrug Ijzerlaanbrug,2023-01-05,14:00:00,136,59,77,FMN 10 IJzerlaanbrug
657,Fietsbrug Ijzerlaanbrug,2023-01-05,15:00:00,156,53,103,FMN 10 IJzerlaanbrug
657,Fietsbrug Ijzerlaanbrug,2023-01-05,16:00:00,277,99,178,FMN 10 IJzerlaanbrug
657,Fietsbrug Ijzerlaanbrug,2023-01-05,17:00:00,302,84,218,FMN 10 IJzerlaanbrug
657,Fietsbrug Ijzerlaanbrug,2023-01-05,18:00:00,143,42,101,FMN 10 IJzerlaanbrug
657,Fietsbrug Ijzerlaanbrug,2023-01-05,19:00:00,106,37,69,FMN 10 IJzerlaanbrug
657,Fietsbrug Ijzerlaanbrug,2023-01-05,20:00:00,75,38,37,FMN 10 IJzerlaanbrug
657,Fietsbrug Ijzerlaanbrug,2023-01-05,21:00:00,42,16,26,FMN 10 IJzerlaanbrug
657,Fietsbrug Ijzerlaanbrug,2023-01-05,22:00:00,72,26,46,FMN 10 IJzerlaanbrug
657,Fietsbrug Ijzerlaanbrug,2023-01-05,23:00:00,35,17,18,FMN 10 IJzerlaanbrug
657,Fietsbrug Ijzerlaanbrug,2023-01-06,00:00:00,25,11,14,FMN 10 IJzerlaanbrug
657,Fietsbrug Ijzerlaanbrug,2023-01-06,01:00:00,15,4,11,FMN 10 IJzerlaanbrug
657,Fietsbrug Ijzerlaanbrug,2023-01-06,02:00:00,9,6,3,FMN 10 IJzerlaanbrug
657,Fietsbrug Ijzerlaanbrug,2023-01-06,03:00:00,7,2,5,FMN 10 IJzerlaanbrug
657,Fietsbrug Ijzerlaanbrug,2023-01-06,04:00:00,19,7,12,FMN 10 IJzerlaanbrug
657,Fietsbrug Ijzerlaanbrug,2023-01-06,05:00:00,26,14,12,FMN 10 IJzerlaanbrug
657,Fietsbrug Ijzerlaanbrug,2023-01-06,06:00:00,63,44,19,FMN 10 IJzerlaanbrug
657,Fietsbrug Ijzerlaanbrug,2023-01-06,07:00:00,140,96,44,FMN 10 IJzerlaanbrug
657,Fietsbrug Ijzerlaanbrug,2023-01-06,08:00:00,193,151,42,FMN 10 IJzerlaanbrug
657,Fietsbrug Ijzerlaanbrug,2023-01-06,09:00:00,122,90,32,FMN 10 IJzerlaanbrug
657,Fietsbrug Ijzerlaanbrug,2023-01-06,10:00:00,103,62,41,FMN 10 IJzerlaanbrug
657,Fietsbrug Ijzerlaanbrug,2023-01-06,11:00:00,104,63,41,FMN 10 IJzerlaanbrug
657,Fietsbrug Ijzerlaanbrug,2023-01-06,12:00:00,133,77,56,FMN 10 IJzerlaanbrug
657,Fietsbrug Ijzerlaanbrug,2023-01-06,13:00:00,124,77,47,FMN 10 IJzerlaanbrug
657,Fietsbrug Ijzerlaanbrug,2023-01-06,14:00:00,154,77,77,FMN 10 IJzerlaanbrug
657,Fietsbrug Ijzerlaanbrug,2023-01-06,15:00:00,172,63,109,FMN 10 IJzerlaanbrug
657,Fietsbrug Ijzerlaanbrug,2023-01-06,16:00:00,237,90,147,FMN 10 IJzerlaanbrug
657,Fietsbrug Ijzerlaanbrug,2023-01-06,17:00:00,205,69,136,FMN 10 IJzerlaanbrug
657,Fietsbrug Ijzerlaanbrug,2023-01-06,18:00:00,158,68,90,FMN 10 IJzerlaanbrug
657,Fietsbrug Ijzerlaanbrug,2023-01-06,19:00:00,100,37,63,FMN 10 IJzerlaanbrug
657,Fietsbrug Ijzerlaanbrug,2023-01-06,20:00:00,79,41,38,FMN 10 IJzerlaanbrug
657,Fietsbrug Ijzerlaanbrug,2023-01-06,21:00:00,52,26,26,FMN 10 IJzerlaanbrug
657,Fietsbrug Ijzerlaanbrug,2023-01-06,22:00:00,74,32,42,FMN 10 IJzerlaanbrug
657,Fietsbrug Ijzerlaanbrug,2023-01-06,23:00:00,41,16,25,FMN 10 IJzerlaanbrug
657,Fietsbrug Ijzerlaanbrug,2023-01-07,00:00:00,37,10,27,FMN 10 IJzerlaanbrug
657,Fietsbrug Ijzerlaanbrug,2023-01-07,01:00:00,44,10,34,FMN 10 IJzerlaanbrug
657,Fietsbrug Ijzerlaanbrug,2023-01-07,02:00:00,24,8,16,FMN 10 IJzerlaanbrug
657,Fietsbrug Ijzerlaanbrug,2023-01-07,03:00:00,16,2,14,FMN 10 IJzerlaanbrug
657,Fietsbrug Ijzerlaanbrug,2023-01-07,04:00:00,15,3,12,FMN 10 IJzerlaanbrug
657,Fietsbrug Ijzerlaanbrug,2023-01-07,05:00:00,22,7,15,FMN 10 IJzerlaanbrug
657,Fietsbrug Ijzerlaanbrug,2023-01-07,06:00:00,24,13,11,FMN 10 IJzerlaanbrug
657,Fietsbrug Ijzerlaanbrug,2023-01-07,07:00:00,26,15,11,FMN 10 IJzerlaanbrug
657,Fietsbrug Ijzerlaanbrug,2023-01-07,08:00:00,30,19,11,FMN 10 IJzerlaanbrug
657,Fietsbrug Ijzerlaanbrug,2023-01-07,09:00:00,74,44,30,FMN 10 IJzerlaanbrug
657,Fietsbrug Ijzerlaanbrug,2023-01-07,10:00:00,97,53,44,FMN 10 IJzerlaanbrug
657,Fietsbrug Ijzerlaanbrug,2023-01-07,11:00:00,134,69,65,FMN 10 IJzerlaanbrug
657,Fietsbrug Ijzerlaanbrug,2023-01-07,12:00:00,133,71,62,FMN 10 IJzerlaanbrug
657,Fietsbrug Ijzerlaanbrug,2023-01-07,13:00:00,171,111,60,FMN 10 IJzerlaanbrug
657,Fietsbrug Ijzerlaanbrug,2023-01-07,14:00:00,158,82,76,FMN 10 IJzerlaanbrug
657,Fietsbrug Ijzerlaanbrug,2023-01-07,15:00:00,137,56,81,FMN 10 IJzerlaanbrug
657,Fietsbrug Ijzerlaanbrug,2023-01-07,16:00:00,138,65,73,FMN 10 IJzerlaanbrug
657,Fietsbrug Ijzerlaanbrug,2023-01-07,17:00:00,102,35,67,FMN 10 IJzerlaanbrug
657,Fietsbrug Ijzerlaanbrug,2023-01-07,18:00:00,95,34,61,FMN 10 IJzerlaanbrug
657,Fietsbrug Ijzerlaanbrug,2023-01-07,19:00:00,78,42,36,FMN 10 IJzerlaanbrug
657,Fietsbrug Ijzerlaanbrug,2023-01-07,20:00:00,60,31,29,FMN 10 IJzerlaanbrug
657,Fietsbrug Ijzerlaanbrug,2023-01-07,21:00:00,52,23,29,FMN 10 IJzerlaanbrug
657,Fietsbrug Ijzerlaanbrug,2023-01-07,22:00:00,41,15,26,FMN 10 IJzerlaanbrug
657,Fietsbrug Ijzerlaanbrug,2023-01-07,23:00:00,30,7,23,FMN 10 IJzerlaanbrug
657,Fietsbrug Ijzerlaanbrug,2023-01-08,00:00:00,32,8,24,FMN 10 IJzerlaanbrug
657,Fietsbrug Ijzerlaanbrug,2023-01-08,01:00:00,23,4,19,FMN 10 IJzerlaanbrug
657,Fietsbrug Ijzerlaanbrug,2023-01-08,02:00:00,17,5,12,FMN 10 IJzerlaanbrug
657,Fietsbrug Ijzerlaanbrug,2023-01-08,03:00:00,19,5,14,FMN 10 IJzerlaanbrug
657,Fietsbrug Ijzerlaanbrug,2023-01-08,04:00:00,9,4,5,FMN 10 IJzerlaanbrug
657,Fietsbrug Ijzerlaanbrug,2023-01-08,05:00:00,13,8,5,FMN 10 IJzerlaanbrug
657,Fietsbrug Ijzerlaanbrug,2023-01-08,06:00:00,19,10,9,FMN 10 IJzerlaanbrug
657,Fietsbrug Ijzerlaanbrug,2023-01-08,07:00:00,23,13,10,FMN 10 IJzerlaanbrug
657,Fietsbrug Ijzerlaanbrug,2023-01-08,08:00:00,27,15,12,FMN 10 IJzerlaanbrug
657,Fietsbrug Ijzerlaanbrug,2023-01-08,09:00:00,61,38,23,FMN 10 IJzerlaanbrug
657,Fietsbrug Ijzerlaanbrug,2023-01-08,10:00:00,100,58,42,FMN 10 IJzerlaanbrug
657,Fietsbrug Ijzerlaanbrug,2023-01-08,11:00:00,118,70,48,FMN 10 IJzerlaanbrug
657,Fietsbrug Ijzerlaanbrug,2023-01-08,12:00:00,158,100,58,FMN 10 IJzerlaanbrug
657,Fietsbrug Ijzerlaanbrug,2023-01-08,13:00:00,164,89,75,FMN 10 IJzerlaanbrug
657,Fietsbrug Ijzerlaanbrug,2023-01-08,14:00:00,164,90,74,FMN 10 IJzerlaanbrug
657,Fietsbrug Ijzerlaanbrug,2023-01-08,15:00:00,109,46,63,FMN 10 IJzerlaanbrug
657,Fietsbrug Ijzerlaanbrug,2023-01-08,16:00:00,128,56,72,FMN 10 IJzerlaanbrug
657,Fietsbrug Ijzerlaanbrug,2023-01-08,17:00:00,111,32,79,FMN 10 IJzerlaanbrug
657,Fietsbrug Ijzerlaanbrug,2023-01-08,18:00:00,89,39,50,FMN 10 IJzerlaanbrug
657,Fietsbrug Ijzerlaanbrug,2023-01-08,19:00:00,70,28,42,FMN 10 IJzerlaanbrug
657,Fietsbrug Ijzerlaanbrug,2023-01-08,20:00:00,56,34,22,FMN 10 IJzerlaanbrug
657,Fietsbrug Ijzerlaanbrug,2023-01-08,21:00:00,45,19,26,FMN 10 IJzerlaanbrug
657,Fietsbrug Ijzerlaanbrug,2023-01-08,22:00:00,31,6,25,FMN 10 IJzerlaanbrug
657,Fietsbrug Ijzerlaanbrug,2023-01-08,23:00:00,17,5,12,FMN 10 IJzerlaanbrug
657,Fietsbrug Ijzerlaanbrug,2023-01-09,00:00:00,8,1,7,FMN 10 IJzerlaanbrug
657,Fietsbrug Ijzerlaanbrug,2023-01-09,01:00:00,10,2,8,FMN 10 IJzerlaanbrug
657,Fietsbrug Ijzerlaanbrug,2023-01-09,02:00:00,8,3,5,FMN 10 IJzerlaanbrug
657,Fietsbrug Ijzerlaanbrug,2023-01-09,03:00:00,6,4,2,FMN 10 IJzerlaanbrug
657,Fietsbrug Ijzerlaanbrug,2023-01-09,04:00:00,13,10,3,FMN 10 IJzerlaanbrug
657,Fietsbrug Ijzerlaanbrug,2023-01-09,05:00:00,45,24,21,FMN 10 IJzerlaanbrug
657,Fietsbrug Ijzerlaanbrug,2023-01-09,06:00:00,97,62,35,FMN 10 IJzerlaanbrug
657,Fietsbrug Ijzerlaanbrug,2023-01-09,07:00:00,381,285,96,FMN 10 IJzerlaanbrug
657,Fietsbrug Ijzerlaanbrug,2023-01-09,08:00:00,545,409,136,FMN 10 IJzerlaanbrug
657,Fietsbrug Ijzerlaanbrug,2023-01-09,09:00:00,157,105,52,FMN 10 IJzerlaanbrug
657,Fietsbrug Ijzerlaanbrug,2023-01-09,10:00:00,91,46,45,FMN 10 IJzerlaanbrug
657,Fietsbrug Ijzerlaanbrug,2023-01-09,11:00:00,102,66,36,FMN 10 IJzerlaanbrug
657,Fietsbrug Ijzerlaanbrug,2023-01-09,12:00:00,137,81,56,FMN 10 IJzerlaanbrug
657,Fietsbrug Ijzerlaanbrug,2023-01-09,13:00:00,160,70,90,FMN 10 IJzerlaanbrug
657,Fietsbrug Ijzerlaanbrug,2023-01-09,14:00:00,134,60,74,FMN 10 IJzerlaanbrug
657,Fietsbrug Ijzerlaanbrug,2023-01-09,15:00:00,237,100,137,FMN 10 IJzerlaanbrug
657,Fietsbrug Ijzerlaanbrug,2023-01-09,16:00:00,395,125,270,FMN 10 IJzerlaanbrug
657,Fietsbrug Ijzerlaanbrug,2023-01-09,17:00:00,409,99,310,FMN 10 IJzerlaanbrug
657,Fietsbrug Ijzerlaanbrug,2023-01-09,18:00:00,209,64,145,FMN 10 IJzerlaanbrug
657,Fietsbrug Ijzerlaanbrug,2023-01-09,19:00:00,114,51,63,FMN 10 IJzerlaanbrug
657,Fietsbrug Ijzerlaanbrug,2023-01-09,20:00:00,72,33,39,FMN 10 IJzerlaanbrug
657,Fietsbrug Ijzerlaanbrug,2023-01-09,21:00:00,54,23,31,FMN 10 IJzerlaanbrug
657,Fietsbrug Ijzerlaanbrug,2023-01-09,22:00:00,64,22,42,FMN 10 IJzerlaanbrug
657,Fietsbrug Ijzerlaanbrug,2023-01-09,23:00:00,22,10,12,FMN 10 IJzerlaanbrug
657,Fietsbrug Ijzerlaanbrug,2023-01-10,00:00:00,10,4,6,FMN 10 IJzerlaanbrug
657,Fietsbrug Ijzerlaanbrug,2023-01-10,01:00:00,11,1,10,FMN 10 IJzerlaanbrug
657,Fietsbrug Ijzerlaanbrug,2023-01-10,02:00:00,4,2,2,FMN 10 IJzerlaanbrug
657,Fietsbrug Ijzerlaanbrug,2023-01-10,03:00:00,3,2,1,FMN 10 IJzerlaanbrug
657,Fietsbrug Ijzerlaanbrug,2023-01-10,04:00:00,15,9,6,FMN 10 IJzerlaanbrug
657,Fietsbrug Ijzerlaanbrug,2023-01-10,05:00:00,51,29,22,FMN 10 IJzerlaanbrug
657,Fietsbrug Ijzerlaanbrug,2023-01-10,06:00:00,101,68,33,FMN 10 IJzerlaanbrug
657,Fietsbrug Ijzerlaanbrug,2023-01-10,07:00:00,383,276,107,FMN 10 IJzerlaanbrug
657,Fietsbrug Ijzerlaanbrug,2023-01-10,08:00:00,603,463,140,FMN 10 IJzerlaanbrug
657,Fietsbrug Ijzerlaanbrug,2023-01-10,09:00:00,187,128,59,FMN 10 IJzerlaanbrug
657,Fietsbrug Ijzerlaanbrug,2023-01-10,10:00:00,109,70,39,FMN 10 IJzerlaanbrug
657,Fietsbrug Ijzerlaanbrug,2023-01-10,11:00:00,120,60,60,FMN 10 IJzerlaanbrug
657,Fietsbrug Ijzerlaanbrug,2023-01-10,12:00:00,146,69,77,FMN 10 IJzerlaanbrug
657,Fietsbrug Ijzerlaanbrug,2023-01-10,13:00:00,148,59,89,FMN 10 IJzerlaanbrug
657,Fietsbrug Ijzerlaanbrug,2023-01-10,14:00:00,105,42,63,FMN 10 IJzerlaanbrug
657,Fietsbrug Ijzerlaanbrug,2023-01-10,15:00:00,224,99,125,FMN 10 IJzerlaanbrug
657,Fietsbrug Ijzerlaanbrug,2023-01-10,16:00:00,402,118,284,FMN 10 IJzerlaanbrug
657,Fietsbrug Ijzerlaanbrug,2023-01-10,17:00:00,396,108,288,FMN 10 IJzerlaanbrug
657,Fietsbrug Ijzerlaanbrug,2023-01-10,18:00:00,222,63,159,FMN 10 IJzerlaanbrug
657,Fietsbrug Ijzerlaanbrug,2023-01-10,19:00:00,97,39,58,FMN 10 IJzerlaanbrug
657,Fietsbrug Ijzerlaanbrug,2023-01-10,20:00:00,68,34,34,FMN 10 IJzerlaanbrug
657,Fietsbrug Ijzerlaanbrug,2023-01-10,21:00:00,58,28,30,FMN 10 IJzerlaanbrug
657,Fietsbrug Ijzerlaanbrug,2023-01-10,22:00:00,49,17,32,FMN 10 IJzerlaanbrug
657,Fietsbrug Ijzerlaanbrug,2023-01-10,23:00:00,26,8,18,FMN 10 IJzerlaanbrug
657,Fietsbrug Ijzerlaanbrug,2023-01-11,00:00:00,20,6,14,FMN 10 IJzerlaanbrug
657,Fietsbrug Ijzerlaanbrug,2023-01-11,01:00:00,4,1,3,FMN 10 IJzerlaanbrug
657,Fietsbrug Ijzerlaanbrug,2023-01-11,02:00:00,1,0,1,FMN 10 IJzerlaanbrug
657,Fietsbrug Ijzerlaanbrug,2023-01-11,03:00:00,5,4,1,FMN 10 IJzerlaanbrug
657,Fietsbrug Ijzerlaanbrug,2023-01-11,04:00:00,18,13,5,FMN 10 IJzerlaanbrug
657,Fietsbrug Ijzerlaanbrug,2023-01-11,05:00:00,37,23,14,FMN 10 IJzerlaanbrug
657,Fietsbrug Ijzerlaanbrug,2023-01-11,06:00:00,99,68,31,FMN 10 IJzerlaanbrug
657,Fietsbrug Ijzerlaanbrug,2023-01-11,07:00:00,338,232,106,FMN 10 IJzerlaanbrug
657,Fietsbrug Ijzerlaanbrug,2023-01-11,08:00:00,487,363,124,FMN 10 IJzerlaanbrug
657,Fietsbrug Ijzerlaanbrug,2023-01-11,09:00:00,217,136,81,FMN 10 IJzerlaanbrug
657,Fietsbrug Ijzerlaanbrug,2023-01-11,10:00:00,126,79,47,FMN 10 IJzerlaanbrug
657,Fietsbrug Ijzerlaanbrug,2023-01-11,11:00:00,135,71,64,FMN 10 IJzerlaanbrug
657,Fietsbrug Ijzerlaanbrug,2023-01-11,12:00:00,332,158,174,FMN 10 IJzerlaanbrug
657,Fietsbrug Ijzerlaanbrug,2023-01-11,13:00:00,235,115,120,FMN 10 IJzerlaanbrug
657,Fietsbrug Ijzerlaanbrug,2023-01-11,14:00:00,180,99,81,FMN 10 IJzerlaanbrug
657,Fietsbrug Ijzerlaanbrug,2023-01-11,15:00:00,197,75,122,FMN 10 IJzerlaanbrug
657,Fietsbrug Ijzerlaanbrug,2023-01-11,16:00:00,366,120,246,FMN 10 IJzerlaanbrug
657,Fietsbrug Ijzerlaanbrug,2023-01-11,17:00:00,351,86,265,FMN 10 IJzerlaanbrug
657,Fietsbrug Ijzerlaanbrug,2023-01-11,18:00:00,232,92,140,FMN 10 IJzerlaanbrug
657,Fietsbrug Ijzerlaanbrug,2023-01-11,19:00:00,126,41,85,FMN 10 IJzerlaanbrug
657,Fietsbrug Ijzerlaanbrug,2023-01-11,20:00:00,76,28,48,FMN 10 IJzerlaanbrug
657,Fietsbrug Ijzerlaanbrug,2023-01-11,21:00:00,48,16,32,FMN 10 IJzerlaanbrug
657,Fietsbrug Ijzerlaanbrug,2023-01-11,22:00:00,73,29,44,FMN 10 IJzerlaanbrug
657,Fietsbrug Ijzerlaanbrug,2023-01-11,23:00:00,32,11,21,FMN 10 IJzerlaanbrug
657,Fietsbrug Ijzerlaanbrug,2023-01-12,00:00:00,25,7,18,FMN 10 IJzerlaanbrug
657,Fietsbrug Ijzerlaanbrug,2023-01-12,01:00:00,7,1,6,FMN 10 IJzerlaanbrug
657,Fietsbrug Ijzerlaanbrug,2023-01-12,02:00:00,0,0,0,FMN 10 IJzerlaanbrug
657,Fietsbrug Ijzerlaanbrug,2023-01-12,03:00:00,9,5,4,FMN 10 IJzerlaanbrug
657,Fietsbrug Ijzerlaanbrug,2023-01-12,04:00:00,12,8,4,FMN 10 IJzerlaanbrug
657,Fietsbrug Ijzerlaanbrug,2023-01-12,05:00:00,26,16,10,FMN 10 IJzerlaanbrug
657,Fietsbrug Ijzerlaanbrug,2023-01-12,06:00:00,72,47,25,FMN 10 IJzerlaanbrug
657,Fietsbrug Ijzerlaanbrug,2023-01-12,07:00:00,238,164,74,FMN 10 IJzerlaanbrug
657,Fietsbrug Ijzerlaanbrug,2023-01-12,08:00:00,325,239,86,FMN 10 IJzerlaanbrug
657,Fietsbrug Ijzerlaanbrug,2023-01-12,09:00:00,112,70,42,FMN 10 IJzerlaanbrug
657,Fietsbrug Ijzerlaanbrug,2023-01-12,10:00:00,42,26,16,FMN 10 IJzerlaanbrug
657,Fietsbrug Ijzerlaanbrug,2023-01-12,11:00:00,59,32,27,FMN 10 IJzerlaanbrug
657,Fietsbrug Ijzerlaanbrug,2023-01-12,12:00:00,87,49,38,FMN 10 IJzerlaanbrug
657,Fietsbrug Ijzerlaanbrug,2023-01-12,13:00:00,77,25,52,FMN 10 IJzerlaanbrug
657,Fietsbrug Ijzerlaanbrug,2023-01-12,14:00:00,80,25,55,FMN 10 IJzerlaanbrug
657,Fietsbrug Ijzerlaanbrug,2023-01-12,15:00:00,157,77,80,FMN 10 IJzerlaanbrug
657,Fietsbrug Ijzerlaanbrug,2023-01-12,16:00:00,232,67,165,FMN 10 IJzerlaanbrug
657,Fietsbrug Ijzerlaanbrug,2023-01-12,17:00:00,252,79,173,FMN 10 IJzerlaanbrug
657,Fietsbrug Ijzerlaanbrug,2023-01-12,18:00:00,154,54,100,FMN 10 IJzerlaanbrug
657,Fietsbrug Ijzerlaanbrug,2023-01-12,19:00:00,95,40,55,FMN 10 IJzerlaanbrug
657,Fietsbrug Ijzerlaanbrug,2023-01-12,20:00:00,53,19,34,FMN 10 IJzerlaanbrug
657,Fietsbrug Ijzerlaanbrug,2023-01-12,21:00:00,53,18,35,FMN 10 IJzerlaanbrug
657,Fietsbrug Ijzerlaanbrug,2023-01-12,22:00:00,38,13,25,FMN 10 IJzerlaanbrug
657,Fietsbrug Ijzerlaanbrug,2023-01-12,23:00:00,37,14,23,FMN 10 IJzerlaanbrug
657,Fietsbrug Ijzerlaanbrug,2023-01-13,00:00:00,19,10,9,FMN 10 IJzerlaanbrug
657,Fietsbrug Ijzerlaanbrug,2023-01-13,01:00:00,10,1,9,FMN 10 IJzerlaanbrug
657,Fietsbrug Ijzerlaanbrug,2023-01-13,02:00:00,4,2,2,FMN 10 IJzerlaanbrug
657,Fietsbrug Ijzerlaanbrug,2023-01-13,03:00:00,3,2,1,FMN 10 IJzerlaanbrug
657,Fietsbrug Ijzerlaanbrug,2023-01-13,04:00:00,13,4,9,FMN 10 IJzerlaanbrug
657,Fietsbrug Ijzerlaanbrug,2023-01-13,05:00:00,41,27,14,FMN 10 IJzerlaanbrug
657,Fietsbrug Ijzerlaanbrug,2023-01-13,06:00:00,88,59,29,FMN 10 IJzerlaanbrug
657,Fietsbrug Ijzerlaanbrug,2023-01-13,07:00:00,318,220,98,FMN 10 IJzerlaanbrug
657,Fietsbrug Ijzerlaanbrug,2023-01-13,08:00:00,452,337,115,FMN 10 IJzerlaanbrug
657,Fietsbrug Ijzerlaanbrug,2023-01-13,09:00:00,152,108,44,FMN 10 IJzerlaanbrug
657,Fietsbrug Ijzerlaanbrug,2023-01-13,10:00:00,138,85,53,FMN 10 IJzerlaanbrug
657,Fietsbrug Ijzerlaanbrug,2023-01-13,11:00:00,92,41,51,FMN 10 IJzerlaanbrug
657,Fietsbrug Ijzerlaanbrug,2023-01-13,12:00:00,163,88,75,FMN 10 IJzerlaanbrug
657,Fietsbrug Ijzerlaanbrug,2023-01-13,13:00:00,131,56,75,FMN 10 IJzerlaanbrug
657,Fietsbrug Ijzerlaanbrug,2023-01-13,14:00:00,147,67,80,FMN 10 IJzerlaanbrug
657,Fietsbrug Ijzerlaanbrug,2023-01-13,15:00:00,281,120,161,FMN 10 IJzerlaanbrug
657,Fietsbrug Ijzerlaanbrug,2023-01-13,16:00:00,346,116,230,FMN 10 IJzerlaanbrug
657,Fietsbrug Ijzerlaanbrug,2023-01-13,17:00:00,311,83,228,FMN 10 IJzerlaanbrug
657,Fietsbrug Ijzerlaanbrug,2023-01-13,18:00:00,229,94,135,FMN 10 IJzerlaanbrug
657,Fietsbrug Ijzerlaanbrug,2023-01-13,19:00:00,179,83,96,FMN 10 IJzerlaanbrug
657,Fietsbrug Ijzerlaanbrug,2023-01-13,20:00:00,104,52,52,FMN 10 IJzerlaanbrug
657,Fietsbrug Ijzerlaanbrug,2023-01-13,21:00:00,97,46,51,FMN 10 IJzerlaanbrug
657,Fietsbrug Ijzerlaanbrug,2023-01-13,22:00:00,66,20,46,FMN 10 IJzerlaanbrug
657,Fietsbrug Ijzerlaanbrug,2023-01-13,23:00:00,65,21,44,FMN 10 IJzerlaanbrug
657,Fietsbrug Ijzerlaanbrug,2023-01-14,00:00:00,51,11,40,FMN 10 IJzerlaanbrug
657,Fietsbrug Ijzerlaanbrug,2023-01-14,01:00:00,41,9,32,FMN 10 IJzerlaanbrug
657,Fietsbrug Ijzerlaanbrug,2023-01-14,02:00:00,25,8,17,FMN 10 IJzerlaanbrug
657,Fietsbrug Ijzerlaanbrug,2023-01-14,03:00:00,34,8,26,FMN 10 IJzerlaanbrug
657,Fietsbrug Ijzerlaanbrug,2023-01-14,04:00:00,15,4,11,FMN 10 IJzerlaanbrug
657,Fietsbrug Ijzerlaanbrug,2023-01-14,05:00:00,14,3,11,FMN 10 IJzerlaanbrug
657,Fietsbrug Ijzerlaanbrug,2023-01-14,06:00:00,24,12,12,FMN 10 IJzerlaanbrug
657,Fietsbrug Ijzerlaanbrug,2023-01-14,07:00:00,17,12,5,FMN 10 IJzerlaanbrug
657,Fietsbrug Ijzerlaanbrug,2023-01-14,08:00:00,35,19,16,FMN 10 IJzerlaanbrug
657,Fietsbrug Ijzerlaanbrug,2023-01-14,09:00:00,45,25,20,FMN 10 IJzerlaanbrug
657,Fietsbrug Ijzerlaanbrug,2023-01-14,10:00:00,44,24,20,FMN 10 IJzerlaanbrug
657,Fietsbrug Ijzerlaanbrug,2023-01-14,11:00:00,48,26,22,FMN 10 IJzerlaanbrug
657,Fietsbrug Ijzerlaanbrug,2023-01-14,12:00:00,51,18,33,FMN 10 IJzerlaanbrug
657,Fietsbrug Ijzerlaanbrug,2023-01-14,13:00:00,55,31,24,FMN 10 IJzerlaanbrug
657,Fietsbrug Ijzerlaanbrug,2023-01-14,14:00:00,62,32,30,FMN 10 IJzerlaanbrug
657,Fietsbrug Ijzerlaanbrug,2023-01-14,15:00:00,42,22,20,FMN 10 IJzerlaanbrug
657,Fietsbrug Ijzerlaanbrug,2023-01-14,16:00:00,50,30,20,FMN 10 IJzerlaanbrug
657,Fietsbrug Ijzerlaanbrug,2023-01-14,17:00:00,62,25,37,FMN 10 IJzerlaanbrug
657,Fietsbrug Ijzerlaanbrug,2023-01-14,18:00:00,79,37,42,FMN 10 IJzerlaanbrug
657,Fietsbrug Ijzerlaanbrug,2023-01-14,19:00:00,42,25,17,FMN 10 IJzerlaanbrug
657,Fietsbrug Ijzerlaanbrug,2023-01-14,20:00:00,55,36,19,FMN 10 IJzerlaanbrug
657,Fietsbrug Ijzerlaanbrug,2023-01-14,21:00:00,35,17,18,FMN 10 IJzerlaanbrug
657,Fietsbrug Ijzerlaanbrug,2023-01-14,22:00:00,36,17,19,FMN 10 IJzerlaanbrug
657,Fietsbrug Ijzerlaanbrug,2023-01-14,23:00:00,37,14,23,FMN 10 IJzerlaanbrug
657,Fietsbrug Ijzerlaanbrug,2023-01-15,00:00:00,36,6,30,FMN 10 IJzerlaanbrug
657,Fietsbrug Ijzerlaanbrug,2023-01-15,01:00:00,17,5,12,FMN 10 IJzerlaanbrug
657,Fietsbrug Ijzerlaanbrug,2023-01-15,02:00:00,15,5,10,FMN 10 IJzerlaanbrug
657,Fietsbrug Ijzerlaanbrug,2023-01-15,03:00:00,10,2,8,FMN 10 IJzerlaanbrug
657,Fietsbrug Ijzerlaanbrug,2023-01-15,04:00:00,19,5,14,FMN 10 IJzerlaanbrug
657,Fietsbrug Ijzerlaanbrug,2023-01-15,05:00:00,10,4,6,FMN 10 IJzerlaanbrug
657,Fietsbrug Ijzerlaanbrug,2023-01-15,06:00:00,20,10,10,FMN 10 IJzerlaanbrug
657,Fietsbrug Ijzerlaanbrug,2023-01-15,07:00:00,17,9,8,FMN 10 IJzerlaanbrug
657,Fietsbrug Ijzerlaanbrug,2023-01-15,08:00:00,37,21,16,FMN 10 IJzerlaanbrug
657,Fietsbrug Ijzerlaanbrug,2023-01-15,09:00:00,77,51,26,FMN 10 IJzerlaanbrug
657,Fietsbrug Ijzerlaanbrug,2023-01-15,10:00:00,129,82,47,FMN 10 IJzerlaanbrug
657,Fietsbrug Ijzerlaanbrug,2023-01-15,11:00:00,101,53,48,FMN 10 IJzerlaanbrug
657,Fietsbrug Ijzerlaanbrug,2023-01-15,12:00:00,93,48,45,FMN 10 IJzerlaanbrug
657,Fietsbrug Ijzerlaanbrug,2023-01-15,13:00:00,106,58,48,FMN 10 IJzerlaanbrug
657,Fietsbrug Ijzerlaanbrug,2023-01-15,14:00:00,97,45,52,FMN 10 IJzerlaanbrug
657,Fietsbrug Ijzerlaanbrug,2023-01-15,15:00:00,88,39,49,FMN 10 IJzerlaanbrug
657,Fietsbrug Ijzerlaanbrug,2023-01-15,16:00:00,91,28,63,FMN 10 IJzerlaanbrug
657,Fietsbrug Ijzerlaanbrug,2023-01-15,17:00:00,88,42,46,FMN 10 IJzerlaanbrug
657,Fietsbrug Ijzerlaanbrug,2023-01-15,18:00:00,79,28,51,FMN 10 IJzerlaanbrug
657,Fietsbrug Ijzerlaanbrug,2023-01-15,19:00:00,53,23,30,FMN 10 IJzerlaanbrug
657,Fietsbrug Ijzerlaanbrug,2023-01-15,20:00:00,53,29,24,FMN 10 IJzerlaanbrug
657,Fietsbrug Ijzerlaanbrug,2023-01-15,21:00:00,32,14,18,FMN 10 IJzerlaanbrug
657,Fietsbrug Ijzerlaanbrug,2023-01-15,22:00:00,36,10,26,FMN 10 IJzerlaanbrug
657,Fietsbrug Ijzerlaanbrug,2023-01-15,23:00:00,21,10,11,FMN 10 IJzerlaanbrug
657,Fietsbrug Ijzerlaanbrug,2023-01-16,00:00:00,6,1,5,FMN 10 IJzerlaanbrug
657,Fietsbrug Ijzerlaanbrug,2023-01-16,01:00:00,4,1,3,FMN 10 IJzerlaanbrug
657,Fietsbrug Ijzerlaanbrug,2023-01-16,02:00:00,4,0,4,FMN 10 IJzerlaanbrug
657,Fietsbrug Ijzerlaanbrug,2023-01-16,03:00:00,5,2,3,FMN 10 IJzerlaanbrug
657,Fietsbrug Ijzerlaanbrug,2023-01-16,04:00:00,13,9,4,FMN 10 IJzerlaanbrug
657,Fietsbrug Ijzerlaanbrug,2023-01-16,05:00:00,40,18,22,FMN 10 IJzerlaanbrug
657,Fietsbrug Ijzerlaanbrug,2023-01-16,06:00:00,83,49,34,FMN 10 IJzerlaanbrug
657,Fietsbrug Ijzerlaanbrug,2023-01-16,07:00:00,276,203,73,FMN 10 IJzerlaanbrug
657,Fietsbrug Ijzerlaanbrug,2023-01-16,08:00:00,407,313,94,FMN 10 IJzerlaanbrug
657,Fietsbrug Ijzerlaanbrug,2023-01-16,09:00:00,120,89,31,FMN 10 IJzerlaanbrug
657,Fietsbrug Ijzerlaanbrug,2023-01-16,10:00:00,100,47,53,FMN 10 IJzerlaanbrug
657,Fietsbrug Ijzerlaanbrug,2023-01-16,11:00:00,80,42,38,FMN 10 IJzerlaanbrug
657,Fietsbrug Ijzerlaanbrug,2023-01-16,12:00:00,92,43,49,FMN 10 IJzerlaanbrug
657,Fietsbrug Ijzerlaanbrug,2023-01-16,13:00:00,85,44,41,FMN 10 IJzerlaanbrug
657,Fietsbrug Ijzerlaanbrug,2023-01-16,14:00:00,108,55,53,FMN 10 IJzerlaanbrug
657,Fietsbrug Ijzerlaanbrug,2023-01-16,15:00:00,199,81,118,FMN 10 IJzerlaanbrug
657,Fietsbrug Ijzerlaanbrug,2023-01-16,16:00:00,313,103,210,FMN 10 IJzerlaanbrug
657,Fietsbrug Ijzerlaanbrug,2023-01-16,17:00:00,299,70,229,FMN 10 IJzerlaanbrug
657,Fietsbrug Ijzerlaanbrug,2023-01-16,18:00:00,148,46,102,FMN 10 IJzerlaanbrug
657,Fietsbrug Ijzerlaanbrug,2023-01-16,19:00:00,93,36,57,FMN 10 IJzerlaanbrug
657,Fietsbrug Ijzerlaanbrug,2023-01-16,20:00:00,35,24,11,FMN 10 IJzerlaanbrug
657,Fietsbrug Ijzerlaanbrug,2023-01-16,21:00:00,39,16,23,FMN 10 IJzerlaanbrug
657,Fietsbrug Ijzerlaanbrug,2023-01-16,22:00:00,43,14,29,FMN 10 IJzerlaanbrug
657,Fietsbrug Ijzerlaanbrug,2023-01-16,23:00:00,18,6,12,FMN 10 IJzerlaanbrug
657,Fietsbrug Ijzerlaanbrug,2023-01-17,00:00:00,8,0,8,FMN 10 IJzerlaanbrug
657,Fietsbrug Ijzerlaanbrug,2023-01-17,01:00:00,3,1,2,FMN 10 IJzerlaanbrug
657,Fietsbrug Ijzerlaanbrug,2023-01-17,02:00:00,4,0,4,FMN 10 IJzerlaanbrug
657,Fietsbrug Ijzerlaanbrug,2023-01-17,03:00:00,5,4,1,FMN 10 IJzerlaanbrug
657,Fietsbrug Ijzerlaanbrug,2023-01-17,04:00:00,15,12,3,FMN 10 IJzerlaanbrug
657,Fietsbrug Ijzerlaanbrug,2023-01-17,05:00:00,43,26,17,FMN 10 IJzerlaanbrug
657,Fietsbrug Ijzerlaanbrug,2023-01-17,06:00:00,88,62,26,FMN 10 IJzerlaanbrug
657,Fietsbrug Ijzerlaanbrug,2023-01-17,07:00:00,367,282,85,FMN 10 IJzerlaanbrug
657,Fietsbrug Ijzerlaanbrug,2023-01-17,08:00:00,531,396,135,FMN 10 IJzerlaanbrug
657,Fietsbrug Ijzerlaanbrug,2023-01-17,09:00:00,168,124,44,FMN 10 IJzerlaanbrug
657,Fietsbrug Ijzerlaanbrug,2023-01-17,10:00:00,109,57,52,FMN 10 IJzerlaanbrug
657,Fietsbrug Ijzerlaanbrug,2023-01-17,11:00:00,109,62,47,FMN 10 IJzerlaanbrug
657,Fietsbrug Ijzerlaanbrug,2023-01-17,12:00:00,153,81,72,FMN 10 IJzerlaanbrug
657,Fietsbrug Ijzerlaanbrug,2023-01-17,13:00:00,173,84,89,FMN 10 IJzerlaanbrug
657,Fietsbrug Ijzerlaanbrug,2023-01-17,14:00:00,158,72,86,FMN 10 IJzerlaanbrug
657,Fietsbrug Ijzerlaanbrug,2023-01-17,15:00:00,257,112,145,FMN 10 IJzerlaanbrug
657,Fietsbrug Ijzerlaanbrug,2023-01-17,16:00:00,433,146,287,FMN 10 IJzerlaanbrug
657,Fietsbrug Ijzerlaanbrug,2023-01-17,17:00:00,365,91,274,FMN 10 IJzerlaanbrug
657,Fietsbrug Ijzerlaanbrug,2023-01-17,18:00:00,195,50,145,FMN 10 IJzerlaanbrug
657,Fietsbrug Ijzerlaanbrug,2023-01-17,19:00:00,112,46,66,FMN 10 IJzerlaanbrug
657,Fietsbrug Ijzerlaanbrug,2023-01-17,20:00:00,71,33,38,FMN 10 IJzerlaanbrug
657,Fietsbrug Ijzerlaanbrug,2023-01-17,21:00:00,47,17,30,FMN 10 IJzerlaanbrug
657,Fietsbrug Ijzerlaanbrug,2023-01-17,22:00:00,61,22,39,FMN 10 IJzerlaanbrug
657,Fietsbrug Ijzerlaanbrug,2023-01-17,23:00:00,35,12,23,FMN 10 IJzerlaanbrug
657,Fietsbrug Ijzerlaanbrug,2023-01-18,00:00:00,21,9,12,FMN 10 IJzerlaanbrug
657,Fietsbrug Ijzerlaanbrug,2023-01-18,01:00:00,6,3,3,FMN 10 IJzerlaanbrug
657,Fietsbrug Ijzerlaanbrug,2023-01-18,02:00:00,5,2,3,FMN 10 IJzerlaanbrug
657,Fietsbrug Ijzerlaanbrug,2023-01-18,03:00:00,6,2,4,FMN 10 IJzerlaanbrug
657,Fietsbrug Ijzerlaanbrug,2023-01-18,04:00:00,13,10,3,FMN 10 IJzerlaanbrug
657,Fietsbrug Ijzerlaanbrug,2023-01-18,05:00:00,37,23,14,FMN 10 IJzerlaanbrug
657,Fietsbrug Ijzerlaanbrug,2023-01-18,06:00:00,93,65,28,FMN 10 IJzerlaanbrug
657,Fietsbrug Ijzerlaanbrug,2023-01-18,07:00:00,312,211,101,FMN 10 IJzerlaanbrug
657,Fietsbrug Ijzerlaanbrug,2023-01-18,08:00:00,403,298,105,FMN 10 IJzerlaanbrug
657,Fietsbrug Ijzerlaanbrug,2023-01-18,09:00:00,147,98,49,FMN 10 IJzerlaanbrug
657,Fietsbrug Ijzerlaanbrug,2023-01-18,10:00:00,103,66,37,FMN 10 IJzerlaanbrug
657,Fietsbrug Ijzerlaanbrug,2023-01-18,11:00:00,116,63,53,FMN 10 IJzerlaanbrug
657,Fietsbrug Ijzerlaanbrug,2023-01-18,12:00:00,264,139,125,FMN 10 IJzerlaanbrug
657,Fietsbrug Ijzerlaanbrug,2023-01-18,13:00:00,161,78,83,FMN 10 IJzerlaanbrug
657,Fietsbrug Ijzerlaanbrug,2023-01-18,14:00:00,148,66,82,FMN 10 IJzerlaanbrug
657,Fietsbrug Ijzerlaanbrug,2023-01-18,15:00:00,179,78,101,FMN 10 IJzerlaanbrug
657,Fietsbrug Ijzerlaanbrug,2023-01-18,16:00:00,279,105,174,FMN 10 IJzerlaanbrug
657,Fietsbrug Ijzerlaanbrug,2023-01-18,17:00:00,325,101,224,FMN 10 IJzerlaanbrug
657,Fietsbrug Ijzerlaanbrug,2023-01-18,18:00:00,185,64,121,FMN 10 IJzerlaanbrug
657,Fietsbrug Ijzerlaanbrug,2023-01-18,19:00:00,139,68,71,FMN 10 IJzerlaanbrug
657,Fietsbrug Ijzerlaanbrug,2023-01-18,20:00:00,67,25,42,FMN 10 IJzerlaanbrug
657,Fietsbrug Ijzerlaanbrug,2023-01-18,21:00:00,53,21,32,FMN 10 IJzerlaanbrug
657,Fietsbrug Ijzerlaanbrug,2023-01-18,22:00:00,58,18,40,FMN 10 IJzerlaanbrug
657,Fietsbrug Ijzerlaanbrug,2023-01-18,23:00:00,34,10,24,FMN 10 IJzerlaanbrug
657,Fietsbrug Ijzerlaanbrug,2023-01-19,00:00:00,19,6,13,FMN 10 IJzerlaanbrug
657,Fietsbrug Ijzerlaanbrug,2023-01-19,01:00:00,10,2,8,FMN 10 IJzerlaanbrug
657,Fietsbrug Ijzerlaanbrug,2023-01-19,02:00:00,1,0,1,FMN 10 IJzerlaanbrug
657,Fietsbrug Ijzerlaanbrug,2023-01-19,03:00:00,3,2,1,FMN 10 IJzerlaanbrug
657,Fietsbrug Ijzerlaanbrug,2023-01-19,04:00:00,16,12,4,FMN 10 IJzerlaanbrug
657,Fietsbrug Ijzerlaanbrug,2023-01-19,05:00:00,31,16,15,FMN 10 IJzerlaanbrug
657,Fietsbrug Ijzerlaanbrug,2023-01-19,06:00:00,88,54,34,FMN 10 IJzerlaanbrug
657,Fietsbrug Ijzerlaanbrug,2023-01-19,07:00:00,316,233,83,FMN 10 IJzerlaanbrug
657,Fietsbrug Ijzerlaanbrug,2023-01-19,08:00:00,471,365,106,FMN 10 IJzerlaanbrug
657,Fietsbrug Ijzerlaanbrug,2023-01-19,09:00:00,158,111,47,FMN 10 IJzerlaanbrug
657,Fietsbrug Ijzerlaanbrug,2023-01-19,10:00:00,79,49,30,FMN 10 IJzerlaanbrug
657,Fietsbrug Ijzerlaanbrug,2023-01-19,11:00:00,120,64,56,FMN 10 IJzerlaanbrug
657,Fietsbrug Ijzerlaanbrug,2023-01-19,12:00:00,136,62,74,FMN 10 IJzerlaanbrug
657,Fietsbrug Ijzerlaanbrug,2023-01-19,13:00:00,118,66,52,FMN 10 IJzerlaanbrug
657,Fietsbrug Ijzerlaanbrug,2023-01-19,14:00:00,166,66,100,FMN 10 IJzerlaanbrug
657,Fietsbrug Ijzerlaanbrug,2023-01-19,15:00:00,230,105,125,FMN 10 IJzerlaanbrug
657,Fietsbrug Ijzerlaanbrug,2023-01-19,16:00:00,325,110,215,FMN 10 IJzerlaanbrug
657,Fietsbrug Ijzerlaanbrug,2023-01-19,17:00:00,339,110,229,FMN 10 IJzerlaanbrug
657,Fietsbrug Ijzerlaanbrug,2023-01-19,18:00:00,195,71,124,FMN 10 IJzerlaanbrug
657,Fietsbrug Ijzerlaanbrug,2023-01-19,19:00:00,123,45,78,FMN 10 IJzerlaanbrug
657,Fietsbrug Ijzerlaanbrug,2023-01-19,20:00:00,69,34,35,FMN 10 IJzerlaanbrug
657,Fietsbrug Ijzerlaanbrug,2023-01-19,21:00:00,57,21,36,FMN 10 IJzerlaanbrug
657,Fietsbrug Ijzerlaanbrug,2023-01-19,22:00:00,58,17,41,FMN 10 IJzerlaanbrug
657,Fietsbrug Ijzerlaanbrug,2023-01-19,23:00:00,33,7,26,FMN 10 IJzerlaanbrug
657,Fietsbrug Ijzerlaanbrug,2023-01-20,00:00:00,22,8,14,FMN 10 IJzerlaanbrug
657,Fietsbrug Ijzerlaanbrug,2023-01-20,01:00:00,11,0,11,FMN 10 IJzerlaanbrug
657,Fietsbrug Ijzerlaanbrug,2023-01-20,02:00:00,12,4,8,FMN 10 IJzerlaanbrug
657,Fietsbrug Ijzerlaanbrug,2023-01-20,03:00:00,3,1,2,FMN 10 IJzerlaanbrug
657,Fietsbrug Ijzerlaanbrug,2023-01-20,04:00:00,17,9,8,FMN 10 IJzerlaanbrug
657,Fietsbrug Ijzerlaanbrug,2023-01-20,05:00:00,29,18,11,FMN 10 IJzerlaanbrug
657,Fietsbrug Ijzerlaanbrug,2023-01-20,06:00:00,75,43,32,FMN 10 IJzerlaanbrug
657,Fietsbrug Ijzerlaanbrug,2023-01-20,07:00:00,258,178,80,FMN 10 IJzerlaanbrug
657,Fietsbrug Ijzerlaanbrug,2023-01-20,08:00:00,301,223,78,FMN 10 IJzerlaanbrug
657,Fietsbrug Ijzerlaanbrug,2023-01-20,09:00:00,116,81,35,FMN 10 IJzerlaanbrug
657,Fietsbrug Ijzerlaanbrug,2023-01-20,10:00:00,71,46,25,FMN 10 IJzerlaanbrug
657,Fietsbrug Ijzerlaanbrug,2023-01-20,11:00:00,55,32,23,FMN 10 IJzerlaanbrug
657,Fietsbrug Ijzerlaanbrug,2023-01-20,12:00:00,83,41,42,FMN 10 IJzerlaanbrug
657,Fietsbrug Ijzerlaanbrug,2023-01-20,13:00:00,57,25,32,FMN 10 IJzerlaanbrug
657,Fietsbrug Ijzerlaanbrug,2023-01-20,14:00:00,101,53,48,FMN 10 IJzerlaanbrug
657,Fietsbrug Ijzerlaanbrug,2023-01-20,15:00:00,199,84,115,FMN 10 IJzerlaanbrug
657,Fietsbrug Ijzerlaanbrug,2023-01-20,16:00:00,217,82,135,FMN 10 IJzerlaanbrug
657,Fietsbrug Ijzerlaanbrug,2023-01-20,17:00:00,187,54,133,FMN 10 IJzerlaanbrug
657,Fietsbrug Ijzerlaanbrug,2023-01-20,18:00:00,134,43,91,FMN 10 IJzerlaanbrug
657,Fietsbrug Ijzerlaanbrug,2023-01-20,19:00:00,91,50,41,FMN 10 IJzerlaanbrug
657,Fietsbrug Ijzerlaanbrug,2023-01-20,20:00:00,42,23,19,FMN 10 IJzerlaanbrug
657,Fietsbrug Ijzerlaanbrug,2023-01-20,21:00:00,45,20,25,FMN 10 IJzerlaanbrug
657,Fietsbrug Ijzerlaanbrug,2023-01-20,22:00:00,40,15,25,FMN 10 IJzerlaanbrug
657,Fietsbrug Ijzerlaanbrug,2023-01-20,23:00:00,40,14,26,FMN 10 IJzerlaanbrug
657,Fietsbrug Ijzerlaanbrug,2023-01-21,00:00:00,30,5,25,FMN 10 IJzerlaanbrug
657,Fietsbrug Ijzerlaanbrug,2023-01-21,01:00:00,15,5,10,FMN 10 IJzerlaanbrug
657,Fietsbrug Ijzerlaanbrug,2023-01-21,02:00:00,13,4,9,FMN 10 IJzerlaanbrug
657,Fietsbrug Ijzerlaanbrug,2023-01-21,03:00:00,8,3,5,FMN 10 IJzerlaanbrug
657,Fietsbrug Ijzerlaanbrug,2023-01-21,04:00:00,13,5,8,FMN 10 IJzerlaanbrug
657,Fietsbrug Ijzerlaanbrug,2023-01-21,05:00:00,15,8,7,FMN 10 IJzerlaanbrug
657,Fietsbrug Ijzerlaanbrug,2023-01-21,06:00:00,19,8,11,FMN 10 IJzerlaanbrug
657,Fietsbrug Ijzerlaanbrug,2023-01-21,07:00:00,16,12,4,FMN 10 IJzerlaanbrug
657,Fietsbrug Ijzerlaanbrug,2023-01-21,08:00:00,30,14,16,FMN 10 IJzerlaanbrug
657,Fietsbrug Ijzerlaanbrug,2023-01-21,09:00:00,61,40,21,FMN 10 IJzerlaanbrug
657,Fietsbrug Ijzerlaanbrug,2023-01-21,10:00:00,69,42,27,FMN 10 IJzerlaanbrug
657,Fietsbrug Ijzerlaanbrug,2023-01-21,11:00:00,64,38,26,FMN 10 IJzerlaanbrug
657,Fietsbrug Ijzerlaanbrug,2023-01-21,12:00:00,92,46,46,FMN 10 IJzerlaanbrug
657,Fietsbrug Ijzerlaanbrug,2023-01-21,13:00:00,119,63,56,FMN 10 IJzerlaanbrug
657,Fietsbrug Ijzerlaanbrug,2023-01-21,14:00:00,116,64,52,FMN 10 IJzerlaanbrug
657,Fietsbrug Ijzerlaanbrug,2023-01-21,15:00:00,97,51,46,FMN 10 IJzerlaanbrug
657,Fietsbrug Ijzerlaanbrug,2023-01-21,16:00:00,94,41,53,FMN 10 IJzerlaanbrug
657,Fietsbrug Ijzerlaanbrug,2023-01-21,17:00:00,94,39,55,FMN 10 IJzerlaanbrug
657,Fietsbrug Ijzerlaanbrug,2023-01-21,18:00:00,95,48,47,FMN 10 IJzerlaanbrug
657,Fietsbrug Ijzerlaanbrug,2023-01-21,19:00:00,79,42,37,FMN 10 IJzerlaanbrug
657,Fietsbrug Ijzerlaanbrug,2023-01-21,20:00:00,61,33,28,FMN 10 IJzerlaanbrug
657,Fietsbrug Ijzerlaanbrug,2023-01-21,21:00:00,30,16,14,FMN 10 IJzerlaanbrug
657,Fietsbrug Ijzerlaanbrug,2023-01-21,22:00:00,40,27,13,FMN 10 IJzerlaanbrug
657,Fietsbrug Ijzerlaanbrug,2023-01-21,23:00:00,44,18,26,FMN 10 IJzerlaanbrug
657,Fietsbrug Ijzerlaanbrug,2023-01-22,00:00:00,46,18,28,FMN 10 IJzerlaanbrug
657,Fietsbrug Ijzerlaanbrug,2023-01-22,01:00:00,26,13,13,FMN 10 IJzerlaanbrug
657,Fietsbrug Ijzerlaanbrug,2023-01-22,02:00:00,21,6,15,FMN 10 IJzerlaanbrug
657,Fietsbrug Ijzerlaanbrug,2023-01-22,03:00:00,11,2,9,FMN 10 IJzerlaanbrug
657,Fietsbrug Ijzerlaanbrug,2023-01-22,04:00:00,15,2,13,FMN 10 IJzerlaanbrug
657,Fietsbrug Ijzerlaanbrug,2023-01-22,05:00:00,8,4,4,FMN 10 IJzerlaanbrug
657,Fietsbrug Ijzerlaanbrug,2023-01-22,06:00:00,28,12,16,FMN 10 IJzerlaanbrug
657,Fietsbrug Ijzerlaanbrug,2023-01-22,07:00:00,14,5,9,FMN 10 IJzerlaanbrug
657,Fietsbrug Ijzerlaanbrug,2023-01-22,08:00:00,20,7,13,FMN 10 IJzerlaanbrug
657,Fietsbrug Ijzerlaanbrug,2023-01-22,09:00:00,49,30,19,FMN 10 IJzerlaanbrug
657,Fietsbrug Ijzerlaanbrug,2023-01-22,10:00:00,36,21,15,FMN 10 IJzerlaanbrug
657,Fietsbrug Ijzerlaanbrug,2023-01-22,11:00:00,52,28,24,FMN 10 IJzerlaanbrug
657,Fietsbrug Ijzerlaanbrug,2023-01-22,12:00:00,78,48,30,FMN 10 IJzerlaanbrug
657,Fietsbrug Ijzerlaanbrug,2023-01-22,13:00:00,84,44,40,FMN 10 IJzerlaanbrug
657,Fietsbrug Ijzerlaanbrug,2023-01-22,14:00:00,74,31,43,FMN 10 IJzerlaanbrug
657,Fietsbrug Ijzerlaanbrug,2023-01-22,15:00:00,84,48,36,FMN 10 IJzerlaanbrug
657,Fietsbrug Ijzerlaanbrug,2023-01-22,16:00:00,81,51,30,FMN 10 IJzerlaanbrug
657,Fietsbrug Ijzerlaanbrug,2023-01-22,17:00:00,92,28,64,FMN 10 IJzerlaanbrug
657,Fietsbrug Ijzerlaanbrug,2023-01-22,18:00:00,56,35,21,FMN 10 IJzerlaanbrug
657,Fietsbrug Ijzerlaanbrug,2023-01-22,19:00:00,35,19,16,FMN 10 IJzerlaanbrug
657,Fietsbrug Ijzerlaanbrug,2023-01-22,20:00:00,30,10,20,FMN 10 IJzerlaanbrug
657,Fietsbrug Ijzerlaanbrug,2023-01-22,21:00:00,24,9,15,FMN 10 IJzerlaanbrug
657,Fietsbrug Ijzerlaanbrug,2023-01-22,22:00:00,21,12,9,FMN 10 IJzerlaanbrug
657,Fietsbrug Ijzerlaanbrug,2023-01-22,23:00:00,19,7,12,FMN 10 IJzerlaanbrug
657,Fietsbrug Ijzerlaanbrug,2023-01-23,00:00:00,6,2,4,FMN 10 IJzerlaanbrug
657,Fietsbrug Ijzerlaanbrug,2023-01-23,01:00:00,9,1,8,FMN 10 IJzerlaanbrug
657,Fietsbrug Ijzerlaanbrug,2023-01-23,02:00:00,4,0,4,FMN 10 IJzerlaanbrug
657,Fietsbrug Ijzerlaanbrug,2023-01-23,03:00:00,2,2,0,FMN 10 IJzerlaanbrug
657,Fietsbrug Ijzerlaanbrug,2023-01-23,04:00:00,13,12,1,FMN 10 IJzerlaanbrug
657,Fietsbrug Ijzerlaanbrug,2023-01-23,05:00:00,44,24,20,FMN 10 IJzerlaanbrug
657,Fietsbrug Ijzerlaanbrug,2023-01-23,06:00:00,107,78,29,FMN 10 IJzerlaanbrug
657,Fietsbrug Ijzerlaanbrug,2023-01-23,07:00:00,329,240,89,FMN 10 IJzerlaanbrug
657,Fietsbrug Ijzerlaanbrug,2023-01-23,08:00:00,528,393,135,FMN 10 IJzerlaanbrug
657,Fietsbrug Ijzerlaanbrug,2023-01-23,09:00:00,147,96,51,FMN 10 IJzerlaanbrug
657,Fietsbrug Ijzerlaanbrug,2023-01-23,10:00:00,89,51,38,FMN 10 IJzerlaanbrug
657,Fietsbrug Ijzerlaanbrug,2023-01-23,11:00:00,94,60,34,FMN 10 IJzerlaanbrug
657,Fietsbrug Ijzerlaanbrug,2023-01-23,12:00:00,146,82,64,FMN 10 IJzerlaanbrug
657,Fietsbrug Ijzerlaanbrug,2023-01-23,13:00:00,132,62,70,FMN 10 IJzerlaanbrug
657,Fietsbrug Ijzerlaanbrug,2023-01-23,14:00:00,152,71,81,FMN 10 IJzerlaanbrug
657,Fietsbrug Ijzerlaanbrug,2023-01-23,15:00:00,250,93,157,FMN 10 IJzerlaanbrug
657,Fietsbrug Ijzerlaanbrug,2023-01-23,16:00:00,365,126,239,FMN 10 IJzerlaanbrug
657,Fietsbrug Ijzerlaanbrug,2023-01-23,17:00:00,395,118,277,FMN 10 IJzerlaanbrug
657,Fietsbrug Ijzerlaanbrug,2023-01-23,18:00:00,190,59,131,FMN 10 IJzerlaanbrug
657,Fietsbrug Ijzerlaanbrug,2023-01-23,19:00:00,112,52,60,FMN 10 IJzerlaanbrug
657,Fietsbrug Ijzerlaanbrug,2023-01-23,20:00:00,77,40,37,FMN 10 IJzerlaanbrug
657,Fietsbrug Ijzerlaanbrug,2023-01-23,21:00:00,49,17,32,FMN 10 IJzerlaanbrug
657,Fietsbrug Ijzerlaanbrug,2023-01-23,22:00:00,54,23,31,FMN 10 IJzerlaanbrug
657,Fietsbrug Ijzerlaanbrug,2023-01-23,23:00:00,25,11,14,FMN 10 IJzerlaanbrug
657,Fietsbrug Ijzerlaanbrug,2023-01-24,00:00:00,10,1,9,FMN 10 IJzerlaanbrug
657,Fietsbrug Ijzerlaanbrug,2023-01-24,01:00:00,9,2,7,FMN 10 IJzerlaanbrug
657,Fietsbrug Ijzerlaanbrug,2023-01-24,02:00:00,5,2,3,FMN 10 IJzerlaanbrug
657,Fietsbrug Ijzerlaanbrug,2023-01-24,03:00:00,2,1,1,FMN 10 IJzerlaanbrug
657,Fietsbrug Ijzerlaanbrug,2023-01-24,04:00:00,15,9,6,FMN 10 IJzerlaanbrug
657,Fietsbrug Ijzerlaanbrug,2023-01-24,05:00:00,46,31,15,FMN 10 IJzerlaanbrug
657,Fietsbrug Ijzerlaanbrug,2023-01-24,06:00:00,121,82,39,FMN 10 IJzerlaanbrug
657,Fietsbrug Ijzerlaanbrug,2023-01-24,07:00:00,393,287,106,FMN 10 IJzerlaanbrug
657,Fietsbrug Ijzerlaanbrug,2023-01-24,08:00:00,552,411,141,FMN 10 IJzerlaanbrug
657,Fietsbrug Ijzerlaanbrug,2023-01-24,09:00:00,187,123,64,FMN 10 IJzerlaanbrug
657,Fietsbrug Ijzerlaanbrug,2023-01-24,10:00:00,104,70,34,FMN 10 IJzerlaanbrug
657,Fietsbrug Ijzerlaanbrug,2023-01-24,11:00:00,98,58,40,FMN 10 IJzerlaanbrug
657,Fietsbrug Ijzerlaanbrug,2023-01-24,12:00:00,137,70,67,FMN 10 IJzerlaanbrug
657,Fietsbrug Ijzerlaanbrug,2023-01-24,13:00:00,121,60,61,FMN 10 IJzerlaanbrug
657,Fietsbrug Ijzerlaanbrug,2023-01-24,14:00:00,178,87,91,FMN 10 IJzerlaanbrug
657,Fietsbrug Ijzerlaanbrug,2023-01-24,15:00:00,247,106,141,FMN 10 IJzerlaanbrug
657,Fietsbrug Ijzerlaanbrug,2023-01-24,16:00:00,424,144,280,FMN 10 IJzerlaanbrug
657,Fietsbrug Ijzerlaanbrug,2023-01-24,17:00:00,405,115,290,FMN 10 IJzerlaanbrug
657,Fietsbrug Ijzerlaanbrug,2023-01-24,18:00:00,223,64,159,FMN 10 IJzerlaanbrug
657,Fietsbrug Ijzerlaanbrug,2023-01-24,19:00:00,103,38,65,FMN 10 IJzerlaanbrug
657,Fietsbrug Ijzerlaanbrug,2023-01-24,20:00:00,64,23,41,FMN 10 IJzerlaanbrug
657,Fietsbrug Ijzerlaanbrug,2023-01-24,21:00:00,64,33,31,FMN 10 IJzerlaanbrug
657,Fietsbrug Ijzerlaanbrug,2023-01-24,22:00:00,52,16,36,FMN 10 IJzerlaanbrug
657,Fietsbrug Ijzerlaanbrug,2023-01-24,23:00:00,27,11,16,FMN 10 IJzerlaanbrug
657,Fietsbrug Ijzerlaanbrug,2023-01-25,00:00:00,19,6,13,FMN 10 IJzerlaanbrug
657,Fietsbrug Ijzerlaanbrug,2023-01-25,01:00:00,13,3,10,FMN 10 IJzerlaanbrug
657,Fietsbrug Ijzerlaanbrug,2023-01-25,02:00:00,3,0,3,FMN 10 IJzerlaanbrug
657,Fietsbrug Ijzerlaanbrug,2023-01-25,03:00:00,5,2,3,FMN 10 IJzerlaanbrug
657,Fietsbrug Ijzerlaanbrug,2023-01-25,04:00:00,18,14,4,FMN 10 IJzerlaanbrug
657,Fietsbrug Ijzerlaanbrug,2023-01-25,05:00:00,36,23,13,FMN 10 IJzerlaanbrug
657,Fietsbrug Ijzerlaanbrug,2023-01-25,06:00:00,94,61,33,FMN 10 IJzerlaanbrug
657,Fietsbrug Ijzerlaanbrug,2023-01-25,07:00:00,304,212,92,FMN 10 IJzerlaanbrug
657,Fietsbrug Ijzerlaanbrug,2023-01-25,08:00:00,469,336,133,FMN 10 IJzerlaanbrug
657,Fietsbrug Ijzerlaanbrug,2023-01-25,09:00:00,152,115,37,FMN 10 IJzerlaanbrug
657,Fietsbrug Ijzerlaanbrug,2023-01-25,10:00:00,102,62,40,FMN 10 IJzerlaanbrug
657,Fietsbrug Ijzerlaanbrug,2023-01-25,11:00:00,115,66,49,FMN 10 IJzerlaanbrug
657,Fietsbrug Ijzerlaanbrug,2023-01-25,12:00:00,265,142,123,FMN 10 IJzerlaanbrug
657,Fietsbrug Ijzerlaanbrug,2023-01-25,13:00:00,172,88,84,FMN 10 IJzerlaanbrug
657,Fietsbrug Ijzerlaanbrug,2023-01-25,14:00:00,122,53,69,FMN 10 IJzerlaanbrug
657,Fietsbrug Ijzerlaanbrug,2023-01-25,15:00:00,174,73,101,FMN 10 IJzerlaanbrug
657,Fietsbrug Ijzerlaanbrug,2023-01-25,16:00:00,273,101,172,FMN 10 IJzerlaanbrug
657,Fietsbrug Ijzerlaanbrug,2023-01-25,17:00:00,344,99,245,FMN 10 IJzerlaanbrug
657,Fietsbrug Ijzerlaanbrug,2023-01-25,18:00:00,194,57,137,FMN 10 IJzerlaanbrug
657,Fietsbrug Ijzerlaanbrug,2023-01-25,19:00:00,139,70,69,FMN 10 IJzerlaanbrug
657,Fietsbrug Ijzerlaanbrug,2023-01-25,20:00:00,71,29,42,FMN 10 IJzerlaanbrug
657,Fietsbrug Ijzerlaanbrug,2023-01-25,21:00:00,56,17,39,FMN 10 IJzerlaanbrug
657,Fietsbrug Ijzerlaanbrug,2023-01-25,22:00:00,52,20,32,FMN 10 IJzerlaanbrug
657,Fietsbrug Ijzerlaanbrug,2023-01-25,23:00:00,32,14,18,FMN 10 IJzerlaanbrug
657,Fietsbrug Ijzerlaanbrug,2023-01-26,00:00:00,13,4,9,FMN 10 IJzerlaanbrug
657,Fietsbrug Ijzerlaanbrug,2023-01-26,01:00:00,5,0,5,FMN 10 IJzerlaanbrug
657,Fietsbrug Ijzerlaanbrug,2023-01-26,02:00:00,8,3,5,FMN 10 IJzerlaanbrug
657,Fietsbrug Ijzerlaanbrug,2023-01-26,03:00:00,1,1,0,FMN 10 IJzerlaanbrug
657,Fietsbrug Ijzerlaanbrug,2023-01-26,04:00:00,20,15,5,FMN 10 IJzerlaanbrug
657,Fietsbrug Ijzerlaanbrug,2023-01-26,05:00:00,46,22,24,FMN 10 IJzerlaanbrug
657,Fietsbrug Ijzerlaanbrug,2023-01-26,06:00:00,106,72,34,FMN 10 IJzerlaanbrug
657,Fietsbrug Ijzerlaanbrug,2023-01-26,07:00:00,305,220,85,FMN 10 IJzerlaanbrug
657,Fietsbrug Ijzerlaanbrug,2023-01-26,08:00:00,501,371,130,FMN 10 IJzerlaanbrug
657,Fietsbrug Ijzerlaanbrug,2023-01-26,09:00:00,153,113,40,FMN 10 IJzerlaanbrug
657,Fietsbrug Ijzerlaanbrug,2023-01-26,10:00:00,87,54,33,FMN 10 IJzerlaanbrug
657,Fietsbrug Ijzerlaanbrug,2023-01-26,11:00:00,104,61,43,FMN 10 IJzerlaanbrug
657,Fietsbrug Ijzerlaanbrug,2023-01-26,12:00:00,139,70,69,FMN 10 IJzerlaanbrug
657,Fietsbrug Ijzerlaanbrug,2023-01-26,13:00:00,138,69,69,FMN 10 IJzerlaanbrug
657,Fietsbrug Ijzerlaanbrug,2023-01-26,14:00:00,152,57,95,FMN 10 IJzerlaanbrug
657,Fietsbrug Ijzerlaanbrug,2023-01-26,15:00:00,248,91,157,FMN 10 IJzerlaanbrug
657,Fietsbrug Ijzerlaanbrug,2023-01-26,16:00:00,364,126,238,FMN 10 IJzerlaanbrug
657,Fietsbrug Ijzerlaanbrug,2023-01-26,17:00:00,335,106,229,FMN 10 IJzerlaanbrug
657,Fietsbrug Ijzerlaanbrug,2023-01-26,18:00:00,247,82,165,FMN 10 IJzerlaanbrug
657,Fietsbrug Ijzerlaanbrug,2023-01-26,19:00:00,128,44,84,FMN 10 IJzerlaanbrug
657,Fietsbrug Ijzerlaanbrug,2023-01-26,20:00:00,95,47,48,FMN 10 IJzerlaanbrug
657,Fietsbrug Ijzerlaanbrug,2023-01-26,21:00:00,69,31,38,FMN 10 IJzerlaanbrug
657,Fietsbrug Ijzerlaanbrug,2023-01-26,22:00:00,85,39,46,FMN 10 IJzerlaanbrug
657,Fietsbrug Ijzerlaanbrug,2023-01-26,23:00:00,48,30,18,FMN 10 IJzerlaanbrug
657,Fietsbrug Ijzerlaanbrug,2023-01-27,00:00:00,26,5,21,FMN 10 IJzerlaanbrug
657,Fietsbrug Ijzerlaanbrug,2023-01-27,01:00:00,14,4,10,FMN 10 IJzerlaanbrug
657,Fietsbrug Ijzerlaanbrug,2023-01-27,02:00:00,10,1,9,FMN 10 IJzerlaanbrug
657,Fietsbrug Ijzerlaanbrug,2023-01-27,03:00:00,20,1,19,FMN 10 IJzerlaanbrug
657,Fietsbrug Ijzerlaanbrug,2023-01-27,04:00:00,20,14,6,FMN 10 IJzerlaanbrug
657,Fietsbrug Ijzerlaanbrug,2023-01-27,05:00:00,42,23,19,FMN 10 IJzerlaanbrug
657,Fietsbrug Ijzerlaanbrug,2023-01-27,06:00:00,94,68,26,FMN 10 IJzerlaanbrug
657,Fietsbrug Ijzerlaanbrug,2023-01-27,07:00:00,288,198,90,FMN 10 IJzerlaanbrug
657,Fietsbrug Ijzerlaanbrug,2023-01-27,08:00:00,439,335,104,FMN 10 IJzerlaanbrug
657,Fietsbrug Ijzerlaanbrug,2023-01-27,09:00:00,151,98,53,FMN 10 IJzerlaanbrug
657,Fietsbrug Ijzerlaanbrug,2023-01-27,10:00:00,117,80,37,FMN 10 IJzerlaanbrug
657,Fietsbrug Ijzerlaanbrug,2023-01-27,11:00:00,146,82,64,FMN 10 IJzerlaanbrug
657,Fietsbrug Ijzerlaanbrug,2023-01-27,12:00:00,165,76,89,FMN 10 IJzerlaanbrug
657,Fietsbrug Ijzerlaanbrug,2023-01-27,13:00:00,145,86,59,FMN 10 IJzerlaanbrug
657,Fietsbrug Ijzerlaanbrug,2023-01-27,14:00:00,158,51,107,FMN 10 IJzerlaanbrug
657,Fietsbrug Ijzerlaanbrug,2023-01-27,15:00:00,285,116,169,FMN 10 IJzerlaanbrug
657,Fietsbrug Ijzerlaanbrug,2023-01-27,16:00:00,336,120,216,FMN 10 IJzerlaanbrug
657,Fietsbrug Ijzerlaanbrug,2023-01-27,17:00:00,319,104,215,FMN 10 IJzerlaanbrug
657,Fietsbrug Ijzerlaanbrug,2023-01-27,18:00:00,201,77,124,FMN 10 IJzerlaanbrug
657,Fietsbrug Ijzerlaanbrug,2023-01-27,19:00:00,130,52,78,FMN 10 IJzerlaanbrug
657,Fietsbrug Ijzerlaanbrug,2023-01-27,20:00:00,87,41,46,FMN 10 IJzerlaanbrug
657,Fietsbrug Ijzerlaanbrug,2023-01-27,21:00:00,63,24,39,FMN 10 IJzerlaanbrug
657,Fietsbrug Ijzerlaanbrug,2023-01-27,22:00:00,71,27,44,FMN 10 IJzerlaanbrug
657,Fietsbrug Ijzerlaanbrug,2023-01-27,23:00:00,64,21,43,FMN 10 IJzerlaanbrug
657,Fietsbrug Ijzerlaanbrug,2023-01-28,00:00:00,43,11,32,FMN 10 IJzerlaanbrug
657,Fietsbrug Ijzerlaanbrug,2023-01-28,01:00:00,30,3,27,FMN 10 IJzerlaanbrug
657,Fietsbrug Ijzerlaanbrug,2023-01-28,02:00:00,20,7,13,FMN 10 IJzerlaanbrug
657,Fietsbrug Ijzerlaanbrug,2023-01-28,03:00:00,30,12,18,FMN 10 IJzerlaanbrug
657,Fietsbrug Ijzerlaanbrug,2023-01-28,04:00:00,18,8,10,FMN 10 IJzerlaanbrug
657,Fietsbrug Ijzerlaanbrug,2023-01-28,05:00:00,13,4,9,FMN 10 IJzerlaanbrug
657,Fietsbrug Ijzerlaanbrug,2023-01-28,06:00:00,25,16,9,FMN 10 IJzerlaanbrug
657,Fietsbrug Ijzerlaanbrug,2023-01-28,07:00:00,29,16,13,FMN 10 IJzerlaanbrug
657,Fietsbrug Ijzerlaanbrug,2023-01-28,08:00:00,46,24,22,FMN 10 IJzerlaanbrug
657,Fietsbrug Ijzerlaanbrug,2023-01-28,09:00:00,92,66,26,FMN 10 IJzerlaanbrug
657,Fietsbrug Ijzerlaanbrug,2023-01-28,10:00:00,108,70,38,FMN 10 IJzerlaanbrug
657,Fietsbrug Ijzerlaanbrug,2023-01-28,11:00:00,128,64,64,FMN 10 IJzerlaanbrug
657,Fietsbrug Ijzerlaanbrug,2023-01-28,12:00:00,120,55,65,FMN 10 IJzerlaanbrug
657,Fietsbrug Ijzerlaanbrug,2023-01-28,13:00:00,149,83,66,FMN 10 IJzerlaanbrug
657,Fietsbrug Ijzerlaanbrug,2023-01-28,14:00:00,176,110,66,FMN 10 IJzerlaanbrug
657,Fietsbrug Ijzerlaanbrug,2023-01-28,15:00:00,144,70,74,FMN 10 IJzerlaanbrug
657,Fietsbrug Ijzerlaanbrug,2023-01-28,16:00:00,136,43,93,FMN 10 IJzerlaanbrug
657,Fietsbrug Ijzerlaanbrug,2023-01-28,17:00:00,158,70,88,FMN 10 IJzerlaanbrug
657,Fietsbrug Ijzerlaanbrug,2023-01-28,18:00:00,126,57,69,FMN 10 IJzerlaanbrug
657,Fietsbrug Ijzerlaanbrug,2023-01-28,19:00:00,80,48,32,FMN 10 IJzerlaanbrug
657,Fietsbrug Ijzerlaanbrug,2023-01-28,20:00:00,80,53,27,FMN 10 IJzerlaanbrug
657,Fietsbrug Ijzerlaanbrug,2023-01-28,21:00:00,54,24,30,FMN 10 IJzerlaanbrug
657,Fietsbrug Ijzerlaanbrug,2023-01-28,22:00:00,57,19,38,FMN 10 IJzerlaanbrug
657,Fietsbrug Ijzerlaanbrug,2023-01-28,23:00:00,53,20,33,FMN 10 IJzerlaanbrug
657,Fietsbrug Ijzerlaanbrug,2023-01-29,00:00:00,48,22,26,FMN 10 IJzerlaanbrug
657,Fietsbrug Ijzerlaanbrug,2023-01-29,01:00:00,26,8,18,FMN 10 IJzerlaanbrug
657,Fietsbrug Ijzerlaanbrug,2023-01-29,02:00:00,20,5,15,FMN 10 IJzerlaanbrug
657,Fietsbrug Ijzerlaanbrug,2023-01-29,03:00:00,18,1,17,FMN 10 IJzerlaanbrug
657,Fietsbrug Ijzerlaanbrug,2023-01-29,04:00:00,17,6,11,FMN 10 IJzerlaanbrug
657,Fietsbrug Ijzerlaanbrug,2023-01-29,05:00:00,22,6,16,FMN 10 IJzerlaanbrug
657,Fietsbrug Ijzerlaanbrug,2023-01-29,06:00:00,21,14,7,FMN 10 IJzerlaanbrug
657,Fietsbrug Ijzerlaanbrug,2023-01-29,07:00:00,15,8,7,FMN 10 IJzerlaanbrug
657,Fietsbrug Ijzerlaanbrug,2023-01-29,08:00:00,30,18,12,FMN 10 IJzerlaanbrug
657,Fietsbrug Ijzerlaanbrug,2023-01-29,09:00:00,64,42,22,FMN 10 IJzerlaanbrug
657,Fietsbrug Ijzerlaanbrug,2023-01-29,10:00:00,96,62,34,FMN 10 IJzerlaanbrug
657,Fietsbrug Ijzerlaanbrug,2023-01-29,11:00:00,92,47,45,FMN 10 IJzerlaanbrug
657,Fietsbrug Ijzerlaanbrug,2023-01-29,12:00:00,14,7,7,FMN 10 IJzerlaanbrug
657,Fietsbrug Ijzerlaanbrug,2023-01-29,13:00:00,101,62,39,FMN 10 IJzerlaanbrug
657,Fietsbrug Ijzerlaanbrug,2023-01-29,14:00:00,118,72,46,FMN 10 IJzerlaanbrug
657,Fietsbrug Ijzerlaanbrug,2023-01-29,15:00:00,76,26,50,FMN 10 IJzerlaanbrug
657,Fietsbrug Ijzerlaanbrug,2023-01-29,16:00:00,97,29,68,FMN 10 IJzerlaanbrug
657,Fietsbrug Ijzerlaanbrug,2023-01-29,17:00:00,115,48,67,FMN 10 IJzerlaanbrug
657,Fietsbrug Ijzerlaanbrug,2023-01-29,18:00:00,62,25,37,FMN 10 IJzerlaanbrug
657,Fietsbrug Ijzerlaanbrug,2023-01-29,19:00:00,66,26,40,FMN 10 IJzerlaanbrug
657,Fietsbrug Ijzerlaanbrug,2023-01-29,20:00:00,47,27,20,FMN 10 IJzerlaanbrug
657,Fietsbrug Ijzerlaanbrug,2023-01-29,21:00:00,44,27,17,FMN 10 IJzerlaanbrug
657,Fietsbrug Ijzerlaanbrug,2023-01-29,22:00:00,30,11,19,FMN 10 IJzerlaanbrug
657,Fietsbrug Ijzerlaanbrug,2023-01-29,23:00:00,19,6,13,FMN 10 IJzerlaanbrug
657,Fietsbrug Ijzerlaanbrug,2023-01-30,00:00:00,12,2,10,FMN 10 IJzerlaanbrug
657,Fietsbrug Ijzerlaanbrug,2023-01-30,01:00:00,11,6,5,FMN 10 IJzerlaanbrug
657,Fietsbrug Ijzerlaanbrug,2023-01-30,02:00:00,2,0,2,FMN 10 IJzerlaanbrug
657,Fietsbrug Ijzerlaanbrug,2023-01-30,03:00:00,6,3,3,FMN 10 IJzerlaanbrug
657,Fietsbrug Ijzerlaanbrug,2023-01-30,04:00:00,14,11,3,FMN 10 IJzerlaanbrug
657,Fietsbrug Ijzerlaanbrug,2023-01-30,05:00:00,40,26,14,FMN 10 IJzerlaanbrug
657,Fietsbrug Ijzerlaanbrug,2023-01-30,06:00:00,87,59,28,FMN 10 IJzerlaanbrug
657,Fietsbrug Ijzerlaanbrug,2023-01-30,07:00:00,360,265,95,FMN 10 IJzerlaanbrug
657,Fietsbrug Ijzerlaanbrug,2023-01-30,08:00:00,553,402,151,FMN 10 IJzerlaanbrug
657,Fietsbrug Ijzerlaanbrug,2023-01-30,09:00:00,171,128,43,FMN 10 IJzerlaanbrug
657,Fietsbrug Ijzerlaanbrug,2023-01-30,10:00:00,111,72,39,FMN 10 IJzerlaanbrug
657,Fietsbrug Ijzerlaanbrug,2023-01-30,11:00:00,107,64,43,FMN 10 IJzerlaanbrug
657,Fietsbrug Ijzerlaanbrug,2023-01-30,12:00:00,203,118,85,FMN 10 IJzerlaanbrug
657,Fietsbrug Ijzerlaanbrug,2023-01-30,13:00:00,141,58,83,FMN 10 IJzerlaanbrug
657,Fietsbrug Ijzerlaanbrug,2023-01-30,14:00:00,158,67,91,FMN 10 IJzerlaanbrug
657,Fietsbrug Ijzerlaanbrug,2023-01-30,15:00:00,276,110,166,FMN 10 IJzerlaanbrug
657,Fietsbrug Ijzerlaanbrug,2023-01-30,16:00:00,438,160,278,FMN 10 IJzerlaanbrug
657,Fietsbrug Ijzerlaanbrug,2023-01-30,17:00:00,422,117,305,FMN 10 IJzerlaanbrug
657,Fietsbrug Ijzerlaanbrug,2023-01-30,18:00:00,248,67,181,FMN 10 IJzerlaanbrug
657,Fietsbrug Ijzerlaanbrug,2023-01-30,19:00:00,138,60,78,FMN 10 IJzerlaanbrug
657,Fietsbrug Ijzerlaanbrug,2023-01-30,20:00:00,70,29,41,FMN 10 IJzerlaanbrug
657,Fietsbrug Ijzerlaanbrug,2023-01-30,21:00:00,73,32,41,FMN 10 IJzerlaanbrug
657,Fietsbrug Ijzerlaanbrug,2023-01-30,22:00:00,57,28,29,FMN 10 IJzerlaanbrug
657,Fietsbrug Ijzerlaanbrug,2023-01-30,23:00:00,36,12,24,FMN 10 IJzerlaanbrug
657,Fietsbrug Ijzerlaanbrug,2023-01-31,00:00:00,19,6,13,FMN 10 IJzerlaanbrug
657,Fietsbrug Ijzerlaanbrug,2023-01-31,01:00:00,14,6,8,FMN 10 IJzerlaanbrug
657,Fietsbrug Ijzerlaanbrug,2023-01-31,02:00:00,8,0,8,FMN 10 IJzerlaanbrug
657,Fietsbrug Ijzerlaanbrug,2023-01-31,03:00:00,10,5,5,FMN 10 IJzerlaanbrug
657,Fietsbrug Ijzerlaanbrug,2023-01-31,04:00:00,13,9,4,FMN 10 IJzerlaanbrug
657,Fietsbrug Ijzerlaanbrug,2023-01-31,05:00:00,41,22,19,FMN 10 IJzerlaanbrug
657,Fietsbrug Ijzerlaanbrug,2023-01-31,06:00:00,113,82,31,FMN 10 IJzerlaanbrug
657,Fietsbrug Ijzerlaanbrug,2023-01-31,07:00:00,388,275,113,FMN 10 IJzerlaanbrug
657,Fietsbrug Ijzerlaanbrug,2023-01-31,08:00:00,562,422,140,FMN 10 IJzerlaanbrug
657,Fietsbrug Ijzerlaanbrug,2023-01-31,09:00:00,166,118,48,FMN 10 IJzerlaanbrug
657,Fietsbrug Ijzerlaanbrug,2023-01-31,10:00:00,85,51,34,FMN 10 IJzerlaanbrug
657,Fietsbrug Ijzerlaanbrug,2023-01-31,11:00:00,87,50,37,FMN 10 IJzerlaanbrug
657,Fietsbrug Ijzerlaanbrug,2023-01-31,12:00:00,178,95,83,FMN 10 IJzerlaanbrug
657,Fietsbrug Ijzerlaanbrug,2023-01-31,13:00:00,132,64,68,FMN 10 IJzerlaanbrug
657,Fietsbrug Ijzerlaanbrug,2023-01-31,14:00:00,136,60,76,FMN 10 IJzerlaanbrug
657,Fietsbrug Ijzerlaanbrug,2023-01-31,15:00:00,295,141,154,FMN 10 IJzerlaanbrug
657,Fietsbrug Ijzerlaanbrug,2023-01-31,16:00:00,468,154,314,FMN 10 IJzerlaanbrug
657,Fietsbrug Ijzerlaanbrug,2023-01-31,17:00:00,398,107,291,FMN 10 IJzerlaanbrug
657,Fietsbrug Ijzerlaanbrug,2023-01-31,18:00:00,248,67,181,FMN 10 IJzerlaanbrug
657,Fietsbrug Ijzerlaanbrug,2023-01-31,19:00:00,127,47,80,FMN 10 IJzerlaanbrug
657,Fietsbrug Ijzerlaanbrug,2023-01-31,20:00:00,83,38,45,FMN 10 IJzerlaanbrug
657,Fietsbrug Ijzerlaanbrug,2023-01-31,21:00:00,73,32,41,FMN 10 IJzerlaanbrug
657,Fietsbrug Ijzerlaanbrug,2023-01-31,22:00:00,68,29,39,FMN 10 IJzerlaanbrug
657,Fietsbrug Ijzerlaanbrug,2023-01-31,23:00:00,40,14,26,FMN 10 IJzerlaanbrug
657,Fietsbrug Ijzerlaanbrug,2023-02-01,00:00:00,21,6,15,FMN 10 IJzerlaanbrug
657,Fietsbrug Ijzerlaanbrug,2023-02-01,01:00:00,15,3,12,FMN 10 IJzerlaanbrug
657,Fietsbrug Ijzerlaanbrug,2023-02-01,02:00:00,7,2,5,FMN 10 IJzerlaanbrug
657,Fietsbrug Ijzerlaanbrug,2023-02-01,03:00:00,4,4,0,FMN 10 IJzerlaanbrug
657,Fietsbrug Ijzerlaanbrug,2023-02-01,04:00:00,18,8,10,FMN 10 IJzerlaanbrug
657,Fietsbrug Ijzerlaanbrug,2023-02-01,05:00:00,39,25,14,FMN 10 IJzerlaanbrug
657,Fietsbrug Ijzerlaanbrug,2023-02-01,06:00:00,123,86,37,FMN 10 IJzerlaanbrug
657,Fietsbrug Ijzerlaanbrug,2023-02-01,07:00:00,353,259,94,FMN 10 IJzerlaanbrug
657,Fietsbrug Ijzerlaanbrug,2023-02-01,08:00:00,483,342,141,FMN 10 IJzerlaanbrug
657,Fietsbrug Ijzerlaanbrug,2023-02-01,09:00:00,179,114,65,FMN 10 IJzerlaanbrug
657,Fietsbrug Ijzerlaanbrug,2023-02-01,10:00:00,97,51,46,FMN 10 IJzerlaanbrug
657,Fietsbrug Ijzerlaanbrug,2023-02-01,11:00:00,146,83,63,FMN 10 IJzerlaanbrug
657,Fietsbrug Ijzerlaanbrug,2023-02-01,12:00:00,278,139,139,FMN 10 IJzerlaanbrug
657,Fietsbrug Ijzerlaanbrug,2023-02-01,13:00:00,213,96,117,FMN 10 IJzerlaanbrug
657,Fietsbrug Ijzerlaanbrug,2023-02-01,14:00:00,169,70,99,FMN 10 IJzerlaanbrug
657,Fietsbrug Ijzerlaanbrug,2023-02-01,15:00:00,175,83,92,FMN 10 IJzerlaanbrug
657,Fietsbrug Ijzerlaanbrug,2023-02-01,16:00:00,318,113,205,FMN 10 IJzerlaanbrug
657,Fietsbrug Ijzerlaanbrug,2023-02-01,17:00:00,370,101,269,FMN 10 IJzerlaanbrug
657,Fietsbrug Ijzerlaanbrug,2023-02-01,18:00:00,198,79,119,FMN 10 IJzerlaanbrug
657,Fietsbrug Ijzerlaanbrug,2023-02-01,19:00:00,129,64,65,FMN 10 IJzerlaanbrug
657,Fietsbrug Ijzerlaanbrug,2023-02-01,20:00:00,75,36,39,FMN 10 IJzerlaanbrug
657,Fietsbrug Ijzerlaanbrug,2023-02-01,21:00:00,60,19,41,FMN 10 IJzerlaanbrug
657,Fietsbrug Ijzerlaanbrug,2023-02-01,22:00:00,82,36,46,FMN 10 IJzerlaanbrug
657,Fietsbrug Ijzerlaanbrug,2023-02-01,23:00:00,41,16,25,FMN 10 IJzerlaanbrug
657,Fietsbrug Ijzerlaanbrug,2023-02-02,00:00:00,20,3,17,FMN 10 IJzerlaanbrug
657,Fietsbrug Ijzerlaanbrug,2023-02-02,01:00:00,15,5,10,FMN 10 IJzerlaanbrug
657,Fietsbrug Ijzerlaanbrug,2023-02-02,02:00:00,5,1,4,FMN 10 IJzerlaanbrug
657,Fietsbrug Ijzerlaanbrug,2023-02-02,03:00:00,7,5,2,FMN 10 IJzerlaanbrug
657,Fietsbrug Ijzerlaanbrug,2023-02-02,04:00:00,28,14,14,FMN 10 IJzerlaanbrug
657,Fietsbrug Ijzerlaanbrug,2023-02-02,05:00:00,38,25,13,FMN 10 IJzerlaanbrug
657,Fietsbrug Ijzerlaanbrug,2023-02-02,06:00:00,131,90,41,FMN 10 IJzerlaanbrug
657,Fietsbrug Ijzerlaanbrug,2023-02-02,07:00:00,374,257,117,FMN 10 IJzerlaanbrug
657,Fietsbrug Ijzerlaanbrug,2023-02-02,08:00:00,540,405,135,FMN 10 IJzerlaanbrug
657,Fietsbrug Ijzerlaanbrug,2023-02-02,09:00:00,198,128,70,FMN 10 IJzerlaanbrug
657,Fietsbrug Ijzerlaanbrug,2023-02-02,10:00:00,94,57,37,FMN 10 IJzerlaanbrug
657,Fietsbrug Ijzerlaanbrug,2023-02-02,11:00:00,122,73,49,FMN 10 IJzerlaanbrug
657,Fietsbrug Ijzerlaanbrug,2023-02-02,12:00:00,184,109,75,FMN 10 IJzerlaanbrug
657,Fietsbrug Ijzerlaanbrug,2023-02-02,13:00:00,157,71,86,FMN 10 IJzerlaanbrug
657,Fietsbrug Ijzerlaanbrug,2023-02-02,14:00:00,162,60,102,FMN 10 IJzerlaanbrug
657,Fietsbrug Ijzerlaanbrug,2023-02-02,15:00:00,291,126,165,FMN 10 IJzerlaanbrug
657,Fietsbrug Ijzerlaanbrug,2023-02-02,16:00:00,406,139,267,FMN 10 IJzerlaanbrug
657,Fietsbrug Ijzerlaanbrug,2023-02-02,17:00:00,391,117,274,FMN 10 IJzerlaanbrug
657,Fietsbrug Ijzerlaanbrug,2023-02-02,18:00:00,260,73,187,FMN 10 IJzerlaanbrug
657,Fietsbrug Ijzerlaanbrug,2023-02-02,19:00:00,145,53,92,FMN 10 IJzerlaanbrug
657,Fietsbrug Ijzerlaanbrug,2023-02-02,20:00:00,105,41,64,FMN 10 IJzerlaanbrug
657,Fietsbrug Ijzerlaanbrug,2023-02-02,21:00:00,81,28,53,FMN 10 IJzerlaanbrug
657,Fietsbrug Ijzerlaanbrug,2023-02-02,22:00:00,87,45,42,FMN 10 IJzerlaanbrug
657,Fietsbrug Ijzerlaanbrug,2023-02-02,23:00:00,55,22,33,FMN 10 IJzerlaanbrug
657,Fietsbrug Ijzerlaanbrug,2023-02-03,00:00:00,31,7,24,FMN 10 IJzerlaanbrug
657,Fietsbrug Ijzerlaanbrug,2023-02-03,01:00:00,12,2,10,FMN 10 IJzerlaanbrug
657,Fietsbrug Ijzerlaanbrug,2023-02-03,02:00:00,8,2,6,FMN 10 IJzerlaanbrug
657,Fietsbrug Ijzerlaanbrug,2023-02-03,03:00:00,14,4,10,FMN 10 IJzerlaanbrug
657,Fietsbrug Ijzerlaanbrug,2023-02-03,04:00:00,17,10,7,FMN 10 IJzerlaanbrug
657,Fietsbrug Ijzerlaanbrug,2023-02-03,05:00:00,46,27,19,FMN 10 IJzerlaanbrug
657,Fietsbrug Ijzerlaanbrug,2023-02-03,06:00:00,98,60,38,FMN 10 IJzerlaanbrug
657,Fietsbrug Ijzerlaanbrug,2023-02-03,07:00:00,295,206,89,FMN 10 IJzerlaanbrug
657,Fietsbrug Ijzerlaanbrug,2023-02-03,08:00:00,408,294,114,FMN 10 IJzerlaanbrug
657,Fietsbrug Ijzerlaanbrug,2023-02-03,09:00:00,180,132,48,FMN 10 IJzerlaanbrug
657,Fietsbrug Ijzerlaanbrug,2023-02-03,10:00:00,154,95,59,FMN 10 IJzerlaanbrug
657,Fietsbrug Ijzerlaanbrug,2023-02-03,11:00:00,121,64,57,FMN 10 IJzerlaanbrug
657,Fietsbrug Ijzerlaanbrug,2023-02-03,12:00:00,202,107,95,FMN 10 IJzerlaanbrug
657,Fietsbrug Ijzerlaanbrug,2023-02-03,13:00:00,149,76,73,FMN 10 IJzerlaanbrug
657,Fietsbrug Ijzerlaanbrug,2023-02-03,14:00:00,180,73,107,FMN 10 IJzerlaanbrug
657,Fietsbrug Ijzerlaanbrug,2023-02-03,15:00:00,312,139,173,FMN 10 IJzerlaanbrug
657,Fietsbrug Ijzerlaanbrug,2023-02-03,16:00:00,351,119,232,FMN 10 IJzerlaanbrug
657,Fietsbrug Ijzerlaanbrug,2023-02-03,17:00:00,323,107,216,FMN 10 IJzerlaanbrug
657,Fietsbrug Ijzerlaanbrug,2023-02-03,18:00:00,212,71,141,FMN 10 IJzerlaanbrug
657,Fietsbrug Ijzerlaanbrug,2023-02-03,19:00:00,160,66,94,FMN 10 IJzerlaanbrug
657,Fietsbrug Ijzerlaanbrug,2023-02-03,20:00:00,81,45,36,FMN 10 IJzerlaanbrug
657,Fietsbrug Ijzerlaanbrug,2023-02-03,21:00:00,77,43,34,FMN 10 IJzerlaanbrug
657,Fietsbrug Ijzerlaanbrug,2023-02-03,22:00:00,76,33,43,FMN 10 IJzerlaanbrug
657,Fietsbrug Ijzerlaanbrug,2023-02-03,23:00:00,63,25,38,FMN 10 IJzerlaanbrug
657,Fietsbrug Ijzerlaanbrug,2023-02-04,00:00:00,47,25,22,FMN 10 IJzerlaanbrug
657,Fietsbrug Ijzerlaanbrug,2023-02-04,01:00:00,55,11,44,FMN 10 IJzerlaanbrug
657,Fietsbrug Ijzerlaanbrug,2023-02-04,02:00:00,17,4,13,FMN 10 IJzerlaanbrug
657,Fietsbrug Ijzerlaanbrug,2023-02-04,03:00:00,26,10,16,FMN 10 IJzerlaanbrug
657,Fietsbrug Ijzerlaanbrug,2023-02-04,04:00:00,28,14,14,FMN 10 IJzerlaanbrug
657,Fietsbrug Ijzerlaanbrug,2023-02-04,05:00:00,18,13,5,FMN 10 IJzerlaanbrug
657,Fietsbrug Ijzerlaanbrug,2023-02-04,06:00:00,19,9,10,FMN 10 IJzerlaanbrug
657,Fietsbrug Ijzerlaanbrug,2023-02-04,07:00:00,20,11,9,FMN 10 IJzerlaanbrug
657,Fietsbrug Ijzerlaanbrug,2023-02-04,08:00:00,62,33,29,FMN 10 IJzerlaanbrug
657,Fietsbrug Ijzerlaanbrug,2023-02-04,09:00:00,79,51,28,FMN 10 IJzerlaanbrug
657,Fietsbrug Ijzerlaanbrug,2023-02-04,10:00:00,91,56,35,FMN 10 IJzerlaanbrug
657,Fietsbrug Ijzerlaanbrug,2023-02-04,11:00:00,97,47,50,FMN 10 IJzerlaanbrug
657,Fietsbrug Ijzerlaanbrug,2023-02-04,12:00:00,83,39,44,FMN 10 IJzerlaanbrug
657,Fietsbrug Ijzerlaanbrug,2023-02-04,13:00:00,113,60,53,FMN 10 IJzerlaanbrug
657,Fietsbrug Ijzerlaanbrug,2023-02-04,14:00:00,101,52,49,FMN 10 IJzerlaanbrug
657,Fietsbrug Ijzerlaanbrug,2023-02-04,15:00:00,112,55,57,FMN 10 IJzerlaanbrug
657,Fietsbrug Ijzerlaanbrug,2023-02-04,16:00:00,102,41,61,FMN 10 IJzerlaanbrug
657,Fietsbrug Ijzerlaanbrug,2023-02-04,17:00:00,106,49,57,FMN 10 IJzerlaanbrug
657,Fietsbrug Ijzerlaanbrug,2023-02-04,18:00:00,95,43,52,FMN 10 IJzerlaanbrug
657,Fietsbrug Ijzerlaanbrug,2023-02-04,19:00:00,94,52,42,FMN 10 IJzerlaanbrug
657,Fietsbrug Ijzerlaanbrug,2023-02-04,20:00:00,57,25,32,FMN 10 IJzerlaanbrug
657,Fietsbrug Ijzerlaanbrug,2023-02-04,21:00:00,42,24,18,FMN 10 IJzerlaanbrug
657,Fietsbrug Ijzerlaanbrug,2023-02-04,22:00:00,53,19,34,FMN 10 IJzerlaanbrug
657,Fietsbrug Ijzerlaanbrug,2023-02-04,23:00:00,65,23,42,FMN 10 IJzerlaanbrug
657,Fietsbrug Ijzerlaanbrug,2023-02-05,00:00:00,49,19,30,FMN 10 IJzerlaanbrug
657,Fietsbrug Ijzerlaanbrug,2023-02-05,01:00:00,31,6,25,FMN 10 IJzerlaanbrug
657,Fietsbrug Ijzerlaanbrug,2023-02-05,02:00:00,27,9,18,FMN 10 IJzerlaanbrug
657,Fietsbrug Ijzerlaanbrug,2023-02-05,03:00:00,26,12,14,FMN 10 IJzerlaanbrug
657,Fietsbrug Ijzerlaanbrug,2023-02-05,04:00:00,12,4,8,FMN 10 IJzerlaanbrug
657,Fietsbrug Ijzerlaanbrug,2023-02-05,05:00:00,14,4,10,FMN 10 IJzerlaanbrug
657,Fietsbrug Ijzerlaanbrug,2023-02-05,06:00:00,21,10,11,FMN 10 IJzerlaanbrug
657,Fietsbrug Ijzerlaanbrug,2023-02-05,07:00:00,12,5,7,FMN 10 IJzerlaanbrug
657,Fietsbrug Ijzerlaanbrug,2023-02-05,08:00:00,42,24,18,FMN 10 IJzerlaanbrug
657,Fietsbrug Ijzerlaanbrug,2023-02-05,09:00:00,67,30,37,FMN 10 IJzerlaanbrug
657,Fietsbrug Ijzerlaanbrug,2023-02-05,10:00:00,119,42,77,FMN 10 IJzerlaanbrug
657,Fietsbrug Ijzerlaanbrug,2023-02-05,11:00:00,73,37,36,FMN 10 IJzerlaanbrug
657,Fietsbrug Ijzerlaanbrug,2023-02-05,12:00:00,153,95,58,FMN 10 IJzerlaanbrug
657,Fietsbrug Ijzerlaanbrug,2023-02-05,13:00:00,123,74,49,FMN 10 IJzerlaanbrug
657,Fietsbrug Ijzerlaanbrug,2023-02-05,14:00:00,102,59,43,FMN 10 IJzerlaanbrug
657,Fietsbrug Ijzerlaanbrug,2023-02-05,15:00:00,109,49,60,FMN 10 IJzerlaanbrug
657,Fietsbrug Ijzerlaanbrug,2023-02-05,16:00:00,93,41,52,FMN 10 IJzerlaanbrug
657,Fietsbrug Ijzerlaanbrug,2023-02-05,17:00:00,136,56,80,FMN 10 IJzerlaanbrug
657,Fietsbrug Ijzerlaanbrug,2023-02-05,18:00:00,86,42,44,FMN 10 IJzerlaanbrug
657,Fietsbrug Ijzerlaanbrug,2023-02-05,19:00:00,75,37,38,FMN 10 IJzerlaanbrug
657,Fietsbrug Ijzerlaanbrug,2023-02-05,20:00:00,54,25,29,FMN 10 IJzerlaanbrug
657,Fietsbrug Ijzerlaanbrug,2023-02-05,21:00:00,41,17,24,FMN 10 IJzerlaanbrug
657,Fietsbrug Ijzerlaanbrug,2023-02-05,22:00:00,45,17,28,FMN 10 IJzerlaanbrug
657,Fietsbrug Ijzerlaanbrug,2023-02-05,23:00:00,26,10,16,FMN 10 IJzerlaanbrug
657,Fietsbrug Ijzerlaanbrug,2023-02-06,00:00:00,9,2,7,FMN 10 IJzerlaanbrug
657,Fietsbrug Ijzerlaanbrug,2023-02-06,01:00:00,12,4,8,FMN 10 IJzerlaanbrug
657,Fietsbrug Ijzerlaanbrug,2023-02-06,02:00:00,3,1,2,FMN 10 IJzerlaanbrug
657,Fietsbrug Ijzerlaanbrug,2023-02-06,03:00:00,4,4,0,FMN 10 IJzerlaanbrug
657,Fietsbrug Ijzerlaanbrug,2023-02-06,04:00:00,15,14,1,FMN 10 IJzerlaanbrug
657,Fietsbrug Ijzerlaanbrug,2023-02-06,05:00:00,42,19,23,FMN 10 IJzerlaanbrug
657,Fietsbrug Ijzerlaanbrug,2023-02-06,06:00:00,118,79,39,FMN 10 IJzerlaanbrug
657,Fietsbrug Ijzerlaanbrug,2023-02-06,07:00:00,369,278,91,FMN 10 IJzerlaanbrug
657,Fietsbrug Ijzerlaanbrug,2023-02-06,08:00:00,548,419,129,FMN 10 IJzerlaanbrug
657,Fietsbrug Ijzerlaanbrug,2023-02-06,09:00:00,180,127,53,FMN 10 IJzerlaanbrug
657,Fietsbrug Ijzerlaanbrug,2023-02-06,10:00:00,92,61,31,FMN 10 IJzerlaanbrug
657,Fietsbrug Ijzerlaanbrug,2023-02-06,11:00:00,108,61,47,FMN 10 IJzerlaanbrug
657,Fietsbrug Ijzerlaanbrug,2023-02-06,12:00:00,148,78,70,FMN 10 IJzerlaanbrug
657,Fietsbrug Ijzerlaanbrug,2023-02-06,13:00:00,189,114,75,FMN 10 IJzerlaanbrug
657,Fietsbrug Ijzerlaanbrug,2023-02-06,14:00:00,198,84,114,FMN 10 IJzerlaanbrug
657,Fietsbrug Ijzerlaanbrug,2023-02-06,15:00:00,275,107,168,FMN 10 IJzerlaanbrug
657,Fietsbrug Ijzerlaanbrug,2023-02-06,16:00:00,445,144,301,FMN 10 IJzerlaanbrug
657,Fietsbrug Ijzerlaanbrug,2023-02-06,17:00:00,461,122,339,FMN 10 IJzerlaanbrug
657,Fietsbrug Ijzerlaanbrug,2023-02-06,18:00:00,240,76,164,FMN 10 IJzerlaanbrug
657,Fietsbrug Ijzerlaanbrug,2023-02-06,19:00:00,116,46,70,FMN 10 IJzerlaanbrug
657,Fietsbrug Ijzerlaanbrug,2023-02-06,20:00:00,67,30,37,FMN 10 IJzerlaanbrug
657,Fietsbrug Ijzerlaanbrug,2023-02-06,21:00:00,62,27,35,FMN 10 IJzerlaanbrug
657,Fietsbrug Ijzerlaanbrug,2023-02-06,22:00:00,68,23,45,FMN 10 IJzerlaanbrug
657,Fietsbrug Ijzerlaanbrug,2023-02-06,23:00:00,26,12,14,FMN 10 IJzerlaanbrug
657,Fietsbrug Ijzerlaanbrug,2023-02-07,00:00:00,12,8,4,FMN 10 IJzerlaanbrug
657,Fietsbrug Ijzerlaanbrug,2023-02-07,01:00:00,4,2,2,FMN 10 IJzerlaanbrug
657,Fietsbrug Ijzerlaanbrug,2023-02-07,02:00:00,6,2,4,FMN 10 IJzerlaanbrug
657,Fietsbrug Ijzerlaanbrug,2023-02-07,03:00:00,2,2,0,FMN 10 IJzerlaanbrug
657,Fietsbrug Ijzerlaanbrug,2023-02-07,04:00:00,16,14,2,FMN 10 IJzerlaanbrug
657,Fietsbrug Ijzerlaanbrug,2023-02-07,05:00:00,35,19,16,FMN 10 IJzerlaanbrug
657,Fietsbrug Ijzerlaanbrug,2023-02-07,06:00:00,115,84,31,FMN 10 IJzerlaanbrug
657,Fietsbrug Ijzerlaanbrug,2023-02-07,07:00:00,420,315,105,FMN 10 IJzerlaanbrug
657,Fietsbrug Ijzerlaanbrug,2023-02-07,08:00:00,567,430,137,FMN 10 IJzerlaanbrug
657,Fietsbrug Ijzerlaanbrug,2023-02-07,09:00:00,203,140,63,FMN 10 IJzerlaanbrug
657,Fietsbrug Ijzerlaanbrug,2023-02-07,10:00:00,101,70,31,FMN 10 IJzerlaanbrug
657,Fietsbrug Ijzerlaanbrug,2023-02-07,11:00:00,114,67,47,FMN 10 IJzerlaanbrug
657,Fietsbrug Ijzerlaanbrug,2023-02-07,12:00:00,177,96,81,FMN 10 IJzerlaanbrug
657,Fietsbrug Ijzerlaanbrug,2023-02-07,13:00:00,179,92,87,FMN 10 IJzerlaanbrug
657,Fietsbrug Ijzerlaanbrug,2023-02-07,14:00:00,171,84,87,FMN 10 IJzerlaanbrug
657,Fietsbrug Ijzerlaanbrug,2023-02-07,15:00:00,305,141,164,FMN 10 IJzerlaanbrug
657,Fietsbrug Ijzerlaanbrug,2023-02-07,16:00:00,472,155,317,FMN 10 IJzerlaanbrug
657,Fietsbrug Ijzerlaanbrug,2023-02-07,17:00:00,460,131,329,FMN 10 IJzerlaanbrug
657,Fietsbrug Ijzerlaanbrug,2023-02-07,18:00:00,276,76,200,FMN 10 IJzerlaanbrug
657,Fietsbrug Ijzerlaanbrug,2023-02-07,19:00:00,128,48,80,FMN 10 IJzerlaanbrug
657,Fietsbrug Ijzerlaanbrug,2023-02-07,20:00:00,96,49,47,FMN 10 IJzerlaanbrug
657,Fietsbrug Ijzerlaanbrug,2023-02-07,21:00:00,75,30,45,FMN 10 IJzerlaanbrug
657,Fietsbrug Ijzerlaanbrug,2023-02-07,22:00:00,81,22,59,FMN 10 IJzerlaanbrug
657,Fietsbrug Ijzerlaanbrug,2023-02-07,23:00:00,21,9,12,FMN 10 IJzerlaanbrug
657,Fietsbrug Ijzerlaanbrug,2023-02-08,00:00:00,18,2,16,FMN 10 IJzerlaanbrug
657,Fietsbrug Ijzerlaanbrug,2023-02-08,01:00:00,11,3,8,FMN 10 IJzerlaanbrug
657,Fietsbrug Ijzerlaanbrug,2023-02-08,02:00:00,4,1,3,FMN 10 IJzerlaanbrug
657,Fietsbrug Ijzerlaanbrug,2023-02-08,03:00:00,8,4,4,FMN 10 IJzerlaanbrug
657,Fietsbrug Ijzerlaanbrug,2023-02-08,04:00:00,20,14,6,FMN 10 IJzerlaanbrug
657,Fietsbrug Ijzerlaanbrug,2023-02-08,05:00:00,40,23,17,FMN 10 IJzerlaanbrug
657,Fietsbrug Ijzerlaanbrug,2023-02-08,06:00:00,113,79,34,FMN 10 IJzerlaanbrug
657,Fietsbrug Ijzerlaanbrug,2023-02-08,07:00:00,312,228,84,FMN 10 IJzerlaanbrug
657,Fietsbrug Ijzerlaanbrug,2023-02-08,08:00:00,474,346,128,FMN 10 IJzerlaanbrug
657,Fietsbrug Ijzerlaanbrug,2023-02-08,09:00:00,183,136,47,FMN 10 IJzerlaanbrug
657,Fietsbrug Ijzerlaanbrug,2023-02-08,10:00:00,102,64,38,FMN 10 IJzerlaanbrug
657,Fietsbrug Ijzerlaanbrug,2023-02-08,11:00:00,135,81,54,FMN 10 IJzerlaanbrug
657,Fietsbrug Ijzerlaanbrug,2023-02-08,12:00:00,295,146,149,FMN 10 IJzerlaanbrug
657,Fietsbrug Ijzerlaanbrug,2023-02-08,13:00:00,204,101,103,FMN 10 IJzerlaanbrug
657,Fietsbrug Ijzerlaanbrug,2023-02-08,14:00:00,167,82,85,FMN 10 IJzerlaanbrug
657,Fietsbrug Ijzerlaanbrug,2023-02-08,15:00:00,209,84,125,FMN 10 IJzerlaanbrug
657,Fietsbrug Ijzerlaanbrug,2023-02-08,16:00:00,357,126,231,FMN 10 IJzerlaanbrug
657,Fietsbrug Ijzerlaanbrug,2023-02-08,17:00:00,370,109,261,FMN 10 IJzerlaanbrug
657,Fietsbrug Ijzerlaanbrug,2023-02-08,18:00:00,231,83,148,FMN 10 IJzerlaanbrug
657,Fietsbrug Ijzerlaanbrug,2023-02-08,19:00:00,122,60,62,FMN 10 IJzerlaanbrug
657,Fietsbrug Ijzerlaanbrug,2023-02-08,20:00:00,90,32,58,FMN 10 IJzerlaanbrug
657,Fietsbrug Ijzerlaanbrug,2023-02-08,21:00:00,73,18,55,FMN 10 IJzerlaanbrug
657,Fietsbrug Ijzerlaanbrug,2023-02-08,22:00:00,67,29,38,FMN 10 IJzerlaanbrug
657,Fietsbrug Ijzerlaanbrug,2023-02-08,23:00:00,33,14,19,FMN 10 IJzerlaanbrug
657,Fietsbrug Ijzerlaanbrug,2023-02-09,00:00:00,19,7,12,FMN 10 IJzerlaanbrug
657,Fietsbrug Ijzerlaanbrug,2023-02-09,01:00:00,8,1,7,FMN 10 IJzerlaanbrug
657,Fietsbrug Ijzerlaanbrug,2023-02-09,02:00:00,3,0,3,FMN 10 IJzerlaanbrug
657,Fietsbrug Ijzerlaanbrug,2023-02-09,03:00:00,6,5,1,FMN 10 IJzerlaanbrug
657,Fietsbrug Ijzerlaanbrug,2023-02-09,04:00:00,19,13,6,FMN 10 IJzerlaanbrug
657,Fietsbrug Ijzerlaanbrug,2023-02-09,05:00:00,42,25,17,FMN 10 IJzerlaanbrug
657,Fietsbrug Ijzerlaanbrug,2023-02-09,06:00:00,119,73,46,FMN 10 IJzerlaanbrug
657,Fietsbrug Ijzerlaanbrug,2023-02-09,07:00:00,357,273,84,FMN 10 IJzerlaanbrug
657,Fietsbrug Ijzerlaanbrug,2023-02-09,08:00:00,535,416,119,FMN 10 IJzerlaanbrug
657,Fietsbrug Ijzerlaanbrug,2023-02-09,09:00:00,187,122,65,FMN 10 IJzerlaanbrug
657,Fietsbrug Ijzerlaanbrug,2023-02-09,10:00:00,119,88,31,FMN 10 IJzerlaanbrug
657,Fietsbrug Ijzerlaanbrug,2023-02-09,11:00:00,104,60,44,FMN 10 IJzerlaanbrug
657,Fietsbrug Ijzerlaanbrug,2023-02-09,12:00:00,161,80,81,FMN 10 IJzerlaanbrug
657,Fietsbrug Ijzerlaanbrug,2023-02-09,13:00:00,196,98,98,FMN 10 IJzerlaanbrug
657,Fietsbrug Ijzerlaanbrug,2023-02-09,14:00:00,167,74,93,FMN 10 IJzerlaanbrug
657,Fietsbrug Ijzerlaanbrug,2023-02-09,15:00:00,284,124,160,FMN 10 IJzerlaanbrug
657,Fietsbrug Ijzerlaanbrug,2023-02-09,16:00:00,453,137,316,FMN 10 IJzerlaanbrug
657,Fietsbrug Ijzerlaanbrug,2023-02-09,17:00:00,410,123,287,FMN 10 IJzerlaanbrug
657,Fietsbrug Ijzerlaanbrug,2023-02-09,18:00:00,224,68,156,FMN 10 IJzerlaanbrug
657,Fietsbrug Ijzerlaanbrug,2023-02-09,19:00:00,148,84,64,FMN 10 IJzerlaanbrug
657,Fietsbrug Ijzerlaanbrug,2023-02-09,20:00:00,104,46,58,FMN 10 IJzerlaanbrug
657,Fietsbrug Ijzerlaanbrug,2023-02-09,21:00:00,83,42,41,FMN 10 IJzerlaanbrug
657,Fietsbrug Ijzerlaanbrug,2023-02-09,22:00:00,83,34,49,FMN 10 IJzerlaanbrug
657,Fietsbrug Ijzerlaanbrug,2023-02-09,23:00:00,39,11,28,FMN 10 IJzerlaanbrug
657,Fietsbrug Ijzerlaanbrug,2023-02-10,00:00:00,26,8,18,FMN 10 IJzerlaanbrug
657,Fietsbrug Ijzerlaanbrug,2023-02-10,01:00:00,23,7,16,FMN 10 IJzerlaanbrug
657,Fietsbrug Ijzerlaanbrug,2023-02-10,02:00:00,4,0,4,FMN 10 IJzerlaanbrug
657,Fietsbrug Ijzerlaanbrug,2023-02-10,03:00:00,11,2,9,FMN 10 IJzerlaanbrug
657,Fietsbrug Ijzerlaanbrug,2023-02-10,04:00:00,18,10,8,FMN 10 IJzerlaanbrug
657,Fietsbrug Ijzerlaanbrug,2023-02-10,05:00:00,39,19,20,FMN 10 IJzerlaanbrug
657,Fietsbrug Ijzerlaanbrug,2023-02-10,06:00:00,99,69,30,FMN 10 IJzerlaanbrug
657,Fietsbrug Ijzerlaanbrug,2023-02-10,07:00:00,330,225,105,FMN 10 IJzerlaanbrug
657,Fietsbrug Ijzerlaanbrug,2023-02-10,08:00:00,421,321,100,FMN 10 IJzerlaanbrug
657,Fietsbrug Ijzerlaanbrug,2023-02-10,09:00:00,163,110,53,FMN 10 IJzerlaanbrug
657,Fietsbrug Ijzerlaanbrug,2023-02-10,10:00:00,124,81,43,FMN 10 IJzerlaanbrug
657,Fietsbrug Ijzerlaanbrug,2023-02-10,11:00:00,105,48,57,FMN 10 IJzerlaanbrug
657,Fietsbrug Ijzerlaanbrug,2023-02-10,12:00:00,197,100,97,FMN 10 IJzerlaanbrug
657,Fietsbrug Ijzerlaanbrug,2023-02-10,13:00:00,140,67,73,FMN 10 IJzerlaanbrug
657,Fietsbrug Ijzerlaanbrug,2023-02-10,14:00:00,177,80,97,FMN 10 IJzerlaanbrug
657,Fietsbrug Ijzerlaanbrug,2023-02-10,15:00:00,300,129,171,FMN 10 IJzerlaanbrug
657,Fietsbrug Ijzerlaanbrug,2023-02-10,16:00:00,389,124,265,FMN 10 IJzerlaanbrug
657,Fietsbrug Ijzerlaanbrug,2023-02-10,17:00:00,315,97,218,FMN 10 IJzerlaanbrug
657,Fietsbrug Ijzerlaanbrug,2023-02-10,18:00:00,242,104,138,FMN 10 IJzerlaanbrug
657,Fietsbrug Ijzerlaanbrug,2023-02-10,19:00:00,142,67,75,FMN 10 IJzerlaanbrug
657,Fietsbrug Ijzerlaanbrug,2023-02-10,20:00:00,118,71,47,FMN 10 IJzerlaanbrug
657,Fietsbrug Ijzerlaanbrug,2023-02-10,21:00:00,69,38,31,FMN 10 IJzerlaanbrug
657,Fietsbrug Ijzerlaanbrug,2023-02-10,22:00:00,66,25,41,FMN 10 IJzerlaanbrug
657,Fietsbrug Ijzerlaanbrug,2023-02-10,23:00:00,51,20,31,FMN 10 IJzerlaanbrug
657,Fietsbrug Ijzerlaanbrug,2023-02-11,00:00:00,55,21,34,FMN 10 IJzerlaanbrug
657,Fietsbrug Ijzerlaanbrug,2023-02-11,01:00:00,25,5,20,FMN 10 IJzerlaanbrug
657,Fietsbrug Ijzerlaanbrug,2023-02-11,02:00:00,26,6,20,FMN 10 IJzerlaanbrug
657,Fietsbrug Ijzerlaanbrug,2023-02-11,03:00:00,11,5,6,FMN 10 IJzerlaanbrug
657,Fietsbrug Ijzerlaanbrug,2023-02-11,04:00:00,12,4,8,FMN 10 IJzerlaanbrug
657,Fietsbrug Ijzerlaanbrug,2023-02-11,05:00:00,17,7,10,FMN 10 IJzerlaanbrug
657,Fietsbrug Ijzerlaanbrug,2023-02-11,06:00:00,21,9,12,FMN 10 IJzerlaanbrug
657,Fietsbrug Ijzerlaanbrug,2023-02-11,07:00:00,27,11,16,FMN 10 IJzerlaanbrug
657,Fietsbrug Ijzerlaanbrug,2023-02-11,08:00:00,55,30,25,FMN 10 IJzerlaanbrug
657,Fietsbrug Ijzerlaanbrug,2023-02-11,09:00:00,96,59,37,FMN 10 IJzerlaanbrug
657,Fietsbrug Ijzerlaanbrug,2023-02-11,10:00:00,111,70,41,FMN 10 IJzerlaanbrug
657,Fietsbrug Ijzerlaanbrug,2023-02-11,11:00:00,117,68,49,FMN 10 IJzerlaanbrug
657,Fietsbrug Ijzerlaanbrug,2023-02-11,12:00:00,139,70,69,FMN 10 IJzerlaanbrug
657,Fietsbrug Ijzerlaanbrug,2023-02-11,13:00:00,156,76,80,FMN 10 IJzerlaanbrug
657,Fietsbrug Ijzerlaanbrug,2023-02-11,14:00:00,162,89,73,FMN 10 IJzerlaanbrug
657,Fietsbrug Ijzerlaanbrug,2023-02-11,15:00:00,140,71,69,FMN 10 IJzerlaanbrug
657,Fietsbrug Ijzerlaanbrug,2023-02-11,16:00:00,138,59,79,FMN 10 IJzerlaanbrug
657,Fietsbrug Ijzerlaanbrug,2023-02-11,17:00:00,150,65,85,FMN 10 IJzerlaanbrug
657,Fietsbrug Ijzerlaanbrug,2023-02-11,18:00:00,135,70,65,FMN 10 IJzerlaanbrug
657,Fietsbrug Ijzerlaanbrug,2023-02-11,19:00:00,109,58,51,FMN 10 IJzerlaanbrug
657,Fietsbrug Ijzerlaanbrug,2023-02-11,20:00:00,81,43,38,FMN 10 IJzerlaanbrug
657,Fietsbrug Ijzerlaanbrug,2023-02-11,21:00:00,58,30,28,FMN 10 IJzerlaanbrug
657,Fietsbrug Ijzerlaanbrug,2023-02-11,22:00:00,73,26,47,FMN 10 IJzerlaanbrug
657,Fietsbrug Ijzerlaanbrug,2023-02-11,23:00:00,51,20,31,FMN 10 IJzerlaanbrug
657,Fietsbrug Ijzerlaanbrug,2023-02-12,00:00:00,38,11,27,FMN 10 IJzerlaanbrug
657,Fietsbrug Ijzerlaanbrug,2023-02-12,01:00:00,35,5,30,FMN 10 IJzerlaanbrug
657,Fietsbrug Ijzerlaanbrug,2023-02-12,02:00:00,24,4,20,FMN 10 IJzerlaanbrug
657,Fietsbrug Ijzerlaanbrug,2023-02-12,03:00:00,28,6,22,FMN 10 IJzerlaanbrug
657,Fietsbrug Ijzerlaanbrug,2023-02-12,04:00:00,13,4,9,FMN 10 IJzerlaanbrug
657,Fietsbrug Ijzerlaanbrug,2023-02-12,05:00:00,18,7,11,FMN 10 IJzerlaanbrug
657,Fietsbrug Ijzerlaanbrug,2023-02-12,06:00:00,23,13,10,FMN 10 IJzerlaanbrug
657,Fietsbrug Ijzerlaanbrug,2023-02-12,07:00:00,16,8,8,FMN 10 IJzerlaanbrug
657,Fietsbrug Ijzerlaanbrug,2023-02-12,08:00:00,50,32,18,FMN 10 IJzerlaanbrug
657,Fietsbrug Ijzerlaanbrug,2023-02-12,09:00:00,77,44,33,FMN 10 IJzerlaanbrug
657,Fietsbrug Ijzerlaanbrug,2023-02-12,10:00:00,114,71,43,FMN 10 IJzerlaanbrug
657,Fietsbrug Ijzerlaanbrug,2023-02-12,11:00:00,129,78,51,FMN 10 IJzerlaanbrug
657,Fietsbrug Ijzerlaanbrug,2023-02-12,12:00:00,149,78,71,FMN 10 IJzerlaanbrug
657,Fietsbrug Ijzerlaanbrug,2023-02-12,13:00:00,160,79,81,FMN 10 IJzerlaanbrug
657,Fietsbrug Ijzerlaanbrug,2023-02-12,14:00:00,142,88,54,FMN 10 IJzerlaanbrug
657,Fietsbrug Ijzerlaanbrug,2023-02-12,15:00:00,122,49,73,FMN 10 IJzerlaanbrug
657,Fietsbrug Ijzerlaanbrug,2023-02-12,16:00:00,117,42,75,FMN 10 IJzerlaanbrug
657,Fietsbrug Ijzerlaanbrug,2023-02-12,17:00:00,112,48,64,FMN 10 IJzerlaanbrug
657,Fietsbrug Ijzerlaanbrug,2023-02-12,18:00:00,90,50,40,FMN 10 IJzerlaanbrug
657,Fietsbrug Ijzerlaanbrug,2023-02-12,19:00:00,94,48,46,FMN 10 IJzerlaanbrug
657,Fietsbrug Ijzerlaanbrug,2023-02-12,20:00:00,59,28,31,FMN 10 IJzerlaanbrug
657,Fietsbrug Ijzerlaanbrug,2023-02-12,21:00:00,41,13,28,FMN 10 IJzerlaanbrug
657,Fietsbrug Ijzerlaanbrug,2023-02-12,22:00:00,40,15,25,FMN 10 IJzerlaanbrug
657,Fietsbrug Ijzerlaanbrug,2023-02-12,23:00:00,28,6,22,FMN 10 IJzerlaanbrug
657,Fietsbrug Ijzerlaanbrug,2023-02-13,00:00:00,8,1,7,FMN 10 IJzerlaanbrug
657,Fietsbrug Ijzerlaanbrug,2023-02-13,01:00:00,8,5,3,FMN 10 IJzerlaanbrug
657,Fietsbrug Ijzerlaanbrug,2023-02-13,02:00:00,3,0,3,FMN 10 IJzerlaanbrug
657,Fietsbrug Ijzerlaanbrug,2023-02-13,03:00:00,4,2,2,FMN 10 IJzerlaanbrug
657,Fietsbrug Ijzerlaanbrug,2023-02-13,04:00:00,17,10,7,FMN 10 IJzerlaanbrug
657,Fietsbrug Ijzerlaanbrug,2023-02-13,05:00:00,41,24,17,FMN 10 IJzerlaanbrug
657,Fietsbrug Ijzerlaanbrug,2023-02-13,06:00:00,120,78,42,FMN 10 IJzerlaanbrug
657,Fietsbrug Ijzerlaanbrug,2023-02-13,07:00:00,407,304,103,FMN 10 IJzerlaanbrug
657,Fietsbrug Ijzerlaanbrug,2023-02-13,08:00:00,574,425,149,FMN 10 IJzerlaanbrug
657,Fietsbrug Ijzerlaanbrug,2023-02-13,09:00:00,197,143,54,FMN 10 IJzerlaanbrug
657,Fietsbrug Ijzerlaanbrug,2023-02-13,10:00:00,125,83,42,FMN 10 IJzerlaanbrug
657,Fietsbrug Ijzerlaanbrug,2023-02-13,11:00:00,117,69,48,FMN 10 IJzerlaanbrug
657,Fietsbrug Ijzerlaanbrug,2023-02-13,12:00:00,227,136,91,FMN 10 IJzerlaanbrug
657,Fietsbrug Ijzerlaanbrug,2023-02-13,13:00:00,195,108,87,FMN 10 IJzerlaanbrug
657,Fietsbrug Ijzerlaanbrug,2023-02-13,14:00:00,208,86,122,FMN 10 IJzerlaanbrug
657,Fietsbrug Ijzerlaanbrug,2023-02-13,15:00:00,323,134,189,FMN 10 IJzerlaanbrug
657,Fietsbrug Ijzerlaanbrug,2023-02-13,16:00:00,511,169,342,FMN 10 IJzerlaanbrug
657,Fietsbrug Ijzerlaanbrug,2023-02-13,17:00:00,499,120,379,FMN 10 IJzerlaanbrug
657,Fietsbrug Ijzerlaanbrug,2023-02-13,18:00:00,248,84,164,FMN 10 IJzerlaanbrug
657,Fietsbrug Ijzerlaanbrug,2023-02-13,19:00:00,145,59,86,FMN 10 IJzerlaanbrug
657,Fietsbrug Ijzerlaanbrug,2023-02-13,20:00:00,69,26,43,FMN 10 IJzerlaanbrug
657,Fietsbrug Ijzerlaanbrug,2023-02-13,21:00:00,79,25,54,FMN 10 IJzerlaanbrug
657,Fietsbrug Ijzerlaanbrug,2023-02-13,22:00:00,67,27,40,FMN 10 IJzerlaanbrug
657,Fietsbrug Ijzerlaanbrug,2023-02-13,23:00:00,44,17,27,FMN 10 IJzerlaanbrug
657,Fietsbrug Ijzerlaanbrug,2023-02-14,00:00:00,15,5,10,FMN 10 IJzerlaanbrug
657,Fietsbrug Ijzerlaanbrug,2023-02-14,01:00:00,7,2,5,FMN 10 IJzerlaanbrug
657,Fietsbrug Ijzerlaanbrug,2023-02-14,02:00:00,4,0,4,FMN 10 IJzerlaanbrug
657,Fietsbrug Ijzerlaanbrug,2023-02-14,03:00:00,3,2,1,FMN 10 IJzerlaanbrug
657,Fietsbrug Ijzerlaanbrug,2023-02-14,04:00:00,17,11,6,FMN 10 IJzerlaanbrug
657,Fietsbrug Ijzerlaanbrug,2023-02-14,05:00:00,42,29,13,FMN 10 IJzerlaanbrug
657,Fietsbrug Ijzerlaanbrug,2023-02-14,06:00:00,135,98,37,FMN 10 IJzerlaanbrug
657,Fietsbrug Ijzerlaanbrug,2023-02-14,07:00:00,456,325,131,FMN 10 IJzerlaanbrug
657,Fietsbrug Ijzerlaanbrug,2023-02-14,08:00:00,645,497,148,FMN 10 IJzerlaanbrug
657,Fietsbrug Ijzerlaanbrug,2023-02-14,09:00:00,258,176,82,FMN 10 IJzerlaanbrug
657,Fietsbrug Ijzerlaanbrug,2023-02-14,10:00:00,146,92,54,FMN 10 IJzerlaanbrug
657,Fietsbrug Ijzerlaanbrug,2023-02-14,11:00:00,159,113,46,FMN 10 IJzerlaanbrug
657,Fietsbrug Ijzerlaanbrug,2023-02-14,12:00:00,248,132,116,FMN 10 IJzerlaanbrug
657,Fietsbrug Ijzerlaanbrug,2023-02-14,13:00:00,238,128,110,FMN 10 IJzerlaanbrug
657,Fietsbrug Ijzerlaanbrug,2023-02-14,14:00:00,239,116,123,FMN 10 IJzerlaanbrug
657,Fietsbrug Ijzerlaanbrug,2023-02-14,15:00:00,365,135,230,FMN 10 IJzerlaanbrug
657,Fietsbrug Ijzerlaanbrug,2023-02-14,16:00:00,590,204,386,FMN 10 IJzerlaanbrug
657,Fietsbrug Ijzerlaanbrug,2023-02-14,17:00:00,545,149,396,FMN 10 IJzerlaanbrug
657,Fietsbrug Ijzerlaanbrug,2023-02-14,18:00:00,307,77,230,FMN 10 IJzerlaanbrug
657,Fietsbrug Ijzerlaanbrug,2023-02-14,19:00:00,153,60,93,FMN 10 IJzerlaanbrug
657,Fietsbrug Ijzerlaanbrug,2023-02-14,20:00:00,112,54,58,FMN 10 IJzerlaanbrug
657,Fietsbrug Ijzerlaanbrug,2023-02-14,21:00:00,83,37,46,FMN 10 IJzerlaanbrug
657,Fietsbrug Ijzerlaanbrug,2023-02-14,22:00:00,91,36,55,FMN 10 IJzerlaanbrug
657,Fietsbrug Ijzerlaanbrug,2023-02-14,23:00:00,50,16,34,FMN 10 IJzerlaanbrug
657,Fietsbrug Ijzerlaanbrug,2023-02-15,00:00:00,32,10,22,FMN 10 IJzerlaanbrug
657,Fietsbrug Ijzerlaanbrug,2023-02-15,01:00:00,13,3,10,FMN 10 IJzerlaanbrug
657,Fietsbrug Ijzerlaanbrug,2023-02-15,02:00:00,10,3,7,FMN 10 IJzerlaanbrug
657,Fietsbrug Ijzerlaanbrug,2023-02-15,03:00:00,6,3,3,FMN 10 IJzerlaanbrug
657,Fietsbrug Ijzerlaanbrug,2023-02-15,04:00:00,16,10,6,FMN 10 IJzerlaanbrug
657,Fietsbrug Ijzerlaanbrug,2023-02-15,05:00:00,38,26,12,FMN 10 IJzerlaanbrug
657,Fietsbrug Ijzerlaanbrug,2023-02-15,06:00:00,122,83,39,FMN 10 IJzerlaanbrug
657,Fietsbrug Ijzerlaanbrug,2023-02-15,07:00:00,364,269,95,FMN 10 IJzerlaanbrug
657,Fietsbrug Ijzerlaanbrug,2023-02-15,08:00:00,514,369,145,FMN 10 IJzerlaanbrug
657,Fietsbrug Ijzerlaanbrug,2023-02-15,09:00:00,199,143,56,FMN 10 IJzerlaanbrug
657,Fietsbrug Ijzerlaanbrug,2023-02-15,10:00:00,144,97,47,FMN 10 IJzerlaanbrug
657,Fietsbrug Ijzerlaanbrug,2023-02-15,11:00:00,151,81,70,FMN 10 IJzerlaanbrug
657,Fietsbrug Ijzerlaanbrug,2023-02-15,12:00:00,320,169,151,FMN 10 IJzerlaanbrug
657,Fietsbrug Ijzerlaanbrug,2023-02-15,13:00:00,249,116,133,FMN 10 IJzerlaanbrug
657,Fietsbrug Ijzerlaanbrug,2023-02-15,14:00:00,202,98,104,FMN 10 IJzerlaanbrug
657,Fietsbrug Ijzerlaanbrug,2023-02-15,15:00:00,260,108,152,FMN 10 IJzerlaanbrug
657,Fietsbrug Ijzerlaanbrug,2023-02-15,16:00:00,405,130,275,FMN 10 IJzerlaanbrug
657,Fietsbrug Ijzerlaanbrug,2023-02-15,17:00:00,443,134,309,FMN 10 IJzerlaanbrug
657,Fietsbrug Ijzerlaanbrug,2023-02-15,18:00:00,280,96,184,FMN 10 IJzerlaanbrug
657,Fietsbrug Ijzerlaanbrug,2023-02-15,19:00:00,143,75,68,FMN 10 IJzerlaanbrug
657,Fietsbrug Ijzerlaanbrug,2023-02-15,20:00:00,88,36,52,FMN 10 IJzerlaanbrug
657,Fietsbrug Ijzerlaanbrug,2023-02-15,21:00:00,69,32,37,FMN 10 IJzerlaanbrug
657,Fietsbrug Ijzerlaanbrug,2023-02-15,22:00:00,90,29,61,FMN 10 IJzerlaanbrug
657,Fietsbrug Ijzerlaanbrug,2023-02-15,23:00:00,52,16,36,FMN 10 IJzerlaanbrug
657,Fietsbrug Ijzerlaanbrug,2023-02-16,00:00:00,23,5,18,FMN 10 IJzerlaanbrug
657,Fietsbrug Ijzerlaanbrug,2023-02-16,01:00:00,3,1,2,FMN 10 IJzerlaanbrug
657,Fietsbrug Ijzerlaanbrug,2023-02-16,02:00:00,3,1,2,FMN 10 IJzerlaanbrug
657,Fietsbrug Ijzerlaanbrug,2023-02-16,03:00:00,3,3,0,FMN 10 IJzerlaanbrug
657,Fietsbrug Ijzerlaanbrug,2023-02-16,04:00:00,20,12,8,FMN 10 IJzerlaanbrug
657,Fietsbrug Ijzerlaanbrug,2023-02-16,05:00:00,47,34,13,FMN 10 IJzerlaanbrug
657,Fietsbrug Ijzerlaanbrug,2023-02-16,06:00:00,114,73,41,FMN 10 IJzerlaanbrug
657,Fietsbrug Ijzerlaanbrug,2023-02-16,07:00:00,393,284,109,FMN 10 IJzerlaanbrug
657,Fietsbrug Ijzerlaanbrug,2023-02-16,08:00:00,560,410,150,FMN 10 IJzerlaanbrug
657,Fietsbrug Ijzerlaanbrug,2023-02-16,09:00:00,218,162,56,FMN 10 IJzerlaanbrug
657,Fietsbrug Ijzerlaanbrug,2023-02-16,10:00:00,118,77,41,FMN 10 IJzerlaanbrug
657,Fietsbrug Ijzerlaanbrug,2023-02-16,11:00:00,92,53,39,FMN 10 IJzerlaanbrug
657,Fietsbrug Ijzerlaanbrug,2023-02-16,12:00:00,155,82,73,FMN 10 IJzerlaanbrug
657,Fietsbrug Ijzerlaanbrug,2023-02-16,13:00:00,160,78,82,FMN 10 IJzerlaanbrug
657,Fietsbrug Ijzerlaanbrug,2023-02-16,14:00:00,166,69,97,FMN 10 IJzerlaanbrug
657,Fietsbrug Ijzerlaanbrug,2023-02-16,15:00:00,313,141,172,FMN 10 IJzerlaanbrug
657,Fietsbrug Ijzerlaanbrug,2023-02-16,16:00:00,425,136,289,FMN 10 IJzerlaanbrug
657,Fietsbrug Ijzerlaanbrug,2023-02-16,17:00:00,423,120,303,FMN 10 IJzerlaanbrug
657,Fietsbrug Ijzerlaanbrug,2023-02-16,18:00:00,246,76,170,FMN 10 IJzerlaanbrug
657,Fietsbrug Ijzerlaanbrug,2023-02-16,19:00:00,139,53,86,FMN 10 IJzerlaanbrug
657,Fietsbrug Ijzerlaanbrug,2023-02-16,20:00:00,83,40,43,FMN 10 IJzerlaanbrug
657,Fietsbrug Ijzerlaanbrug,2023-02-16,21:00:00,82,47,35,FMN 10 IJzerlaanbrug
657,Fietsbrug Ijzerlaanbrug,2023-02-16,22:00:00,81,35,46,FMN 10 IJzerlaanbrug
657,Fietsbrug Ijzerlaanbrug,2023-02-16,23:00:00,53,17,36,FMN 10 IJzerlaanbrug
657,Fietsbrug Ijzerlaanbrug,2023-02-17,00:00:00,35,7,28,FMN 10 IJzerlaanbrug
657,Fietsbrug Ijzerlaanbrug,2023-02-17,01:00:00,16,5,11,FMN 10 IJzerlaanbrug
657,Fietsbrug Ijzerlaanbrug,2023-02-17,02:00:00,12,2,10,FMN 10 IJzerlaanbrug
657,Fietsbrug Ijzerlaanbrug,2023-02-17,03:00:00,8,2,6,FMN 10 IJzerlaanbrug
657,Fietsbrug Ijzerlaanbrug,2023-02-17,04:00:00,26,16,10,FMN 10 IJzerlaanbrug
657,Fietsbrug Ijzerlaanbrug,2023-02-17,05:00:00,50,27,23,FMN 10 IJzerlaanbrug
657,Fietsbrug Ijzerlaanbrug,2023-02-17,06:00:00,111,66,45,FMN 10 IJzerlaanbrug
657,Fietsbrug Ijzerlaanbrug,2023-02-17,07:00:00,325,219,106,FMN 10 IJzerlaanbrug
657,Fietsbrug Ijzerlaanbrug,2023-02-17,08:00:00,453,315,138,FMN 10 IJzerlaanbrug
657,Fietsbrug Ijzerlaanbrug,2023-02-17,09:00:00,192,134,58,FMN 10 IJzerlaanbrug
657,Fietsbrug Ijzerlaanbrug,2023-02-17,10:00:00,118,79,39,FMN 10 IJzerlaanbrug
657,Fietsbrug Ijzerlaanbrug,2023-02-17,11:00:00,151,75,76,FMN 10 IJzerlaanbrug
657,Fietsbrug Ijzerlaanbrug,2023-02-17,12:00:00,203,89,114,FMN 10 IJzerlaanbrug
657,Fietsbrug Ijzerlaanbrug,2023-02-17,13:00:00,153,64,89,FMN 10 IJzerlaanbrug
657,Fietsbrug Ijzerlaanbrug,2023-02-17,14:00:00,198,88,110,FMN 10 IJzerlaanbrug
657,Fietsbrug Ijzerlaanbrug,2023-02-17,15:00:00,289,134,155,FMN 10 IJzerlaanbrug
657,Fietsbrug Ijzerlaanbrug,2023-02-17,16:00:00,384,112,272,FMN 10 IJzerlaanbrug
657,Fietsbrug Ijzerlaanbrug,2023-02-17,17:00:00,302,103,199,FMN 10 IJzerlaanbrug
657,Fietsbrug Ijzerlaanbrug,2023-02-17,18:00:00,223,90,133,FMN 10 IJzerlaanbrug
657,Fietsbrug Ijzerlaanbrug,2023-02-17,19:00:00,153,75,78,FMN 10 IJzerlaanbrug
657,Fietsbrug Ijzerlaanbrug,2023-02-17,20:00:00,109,53,56,FMN 10 IJzerlaanbrug
657,Fietsbrug Ijzerlaanbrug,2023-02-17,21:00:00,101,53,48,FMN 10 IJzerlaanbrug
657,Fietsbrug Ijzerlaanbrug,2023-02-17,22:00:00,70,24,46,FMN 10 IJzerlaanbrug
657,Fietsbrug Ijzerlaanbrug,2023-02-17,23:00:00,63,14,49,FMN 10 IJzerlaanbrug
657,Fietsbrug Ijzerlaanbrug,2023-02-18,00:00:00,56,17,39,FMN 10 IJzerlaanbrug
657,Fietsbrug Ijzerlaanbrug,2023-02-18,01:00:00,53,31,22,FMN 10 IJzerlaanbrug
657,Fietsbrug Ijzerlaanbrug,2023-02-18,02:00:00,30,4,26,FMN 10 IJzerlaanbrug
657,Fietsbrug Ijzerlaanbrug,2023-02-18,03:00:00,21,1,20,FMN 10 IJzerlaanbrug
657,Fietsbrug Ijzerlaanbrug,2023-02-18,04:00:00,16,8,8,FMN 10 IJzerlaanbrug
657,Fietsbrug Ijzerlaanbrug,2023-02-18,05:00:00,15,3,12,FMN 10 IJzerlaanbrug
657,Fietsbrug Ijzerlaanbrug,2023-02-18,06:00:00,26,19,7,FMN 10 IJzerlaanbrug
657,Fietsbrug Ijzerlaanbrug,2023-02-18,07:00:00,17,8,9,FMN 10 IJzerlaanbrug
657,Fietsbrug Ijzerlaanbrug,2023-02-18,08:00:00,66,37,29,FMN 10 IJzerlaanbrug
657,Fietsbrug Ijzerlaanbrug,2023-02-18,09:00:00,122,56,66,FMN 10 IJzerlaanbrug
657,Fietsbrug Ijzerlaanbrug,2023-02-18,10:00:00,98,65,33,FMN 10 IJzerlaanbrug
657,Fietsbrug Ijzerlaanbrug,2023-02-18,11:00:00,101,57,44,FMN 10 IJzerlaanbrug
657,Fietsbrug Ijzerlaanbrug,2023-02-18,12:00:00,155,81,74,FMN 10 IJzerlaanbrug
657,Fietsbrug Ijzerlaanbrug,2023-02-18,13:00:00,123,84,39,FMN 10 IJzerlaanbrug
657,Fietsbrug Ijzerlaanbrug,2023-02-18,14:00:00,128,65,63,FMN 10 IJzerlaanbrug
657,Fietsbrug Ijzerlaanbrug,2023-02-18,15:00:00,115,48,67,FMN 10 IJzerlaanbrug
657,Fietsbrug Ijzerlaanbrug,2023-02-18,16:00:00,93,36,57,FMN 10 IJzerlaanbrug
657,Fietsbrug Ijzerlaanbrug,2023-02-18,17:00:00,116,46,70,FMN 10 IJzerlaanbrug
657,Fietsbrug Ijzerlaanbrug,2023-02-18,18:00:00,145,64,81,FMN 10 IJzerlaanbrug
657,Fietsbrug Ijzerlaanbrug,2023-02-18,19:00:00,116,66,50,FMN 10 IJzerlaanbrug
657,Fietsbrug Ijzerlaanbrug,2023-02-18,20:00:00,84,38,46,FMN 10 IJzerlaanbrug
657,Fietsbrug Ijzerlaanbrug,2023-02-18,21:00:00,69,37,32,FMN 10 IJzerlaanbrug
657,Fietsbrug Ijzerlaanbrug,2023-02-18,22:00:00,59,30,29,FMN 10 IJzerlaanbrug
657,Fietsbrug Ijzerlaanbrug,2023-02-18,23:00:00,53,20,33,FMN 10 IJzerlaanbrug
657,Fietsbrug Ijzerlaanbrug,2023-02-19,00:00:00,52,18,34,FMN 10 IJzerlaanbrug
657,Fietsbrug Ijzerlaanbrug,2023-02-19,01:00:00,31,8,23,FMN 10 IJzerlaanbrug
657,Fietsbrug Ijzerlaanbrug,2023-02-19,02:00:00,23,6,17,FMN 10 IJzerlaanbrug
657,Fietsbrug Ijzerlaanbrug,2023-02-19,03:00:00,27,9,18,FMN 10 IJzerlaanbrug
657,Fietsbrug Ijzerlaanbrug,2023-02-19,04:00:00,22,4,18,FMN 10 IJzerlaanbrug
657,Fietsbrug Ijzerlaanbrug,2023-02-19,05:00:00,22,5,17,FMN 10 IJzerlaanbrug
657,Fietsbrug Ijzerlaanbrug,2023-02-19,06:00:00,19,9,10,FMN 10 IJzerlaanbrug
657,Fietsbrug Ijzerlaanbrug,2023-02-19,07:00:00,20,9,11,FMN 10 IJzerlaanbrug
657,Fietsbrug Ijzerlaanbrug,2023-02-19,08:00:00,40,24,16,FMN 10 IJzerlaanbrug
657,Fietsbrug Ijzerlaanbrug,2023-02-19,09:00:00,67,32,35,FMN 10 IJzerlaanbrug
657,Fietsbrug Ijzerlaanbrug,2023-02-19,10:00:00,130,68,62,FMN 10 IJzerlaanbrug
657,Fietsbrug Ijzerlaanbrug,2023-02-19,11:00:00,118,60,58,FMN 10 IJzerlaanbrug
657,Fietsbrug Ijzerlaanbrug,2023-02-19,12:00:00,135,76,59,FMN 10 IJzerlaanbrug
657,Fietsbrug Ijzerlaanbrug,2023-02-19,13:00:00,134,67,67,FMN 10 IJzerlaanbrug
657,Fietsbrug Ijzerlaanbrug,2023-02-19,14:00:00,149,66,83,FMN 10 IJzerlaanbrug
657,Fietsbrug Ijzerlaanbrug,2023-02-19,15:00:00,114,58,56,FMN 10 IJzerlaanbrug
657,Fietsbrug Ijzerlaanbrug,2023-02-19,16:00:00,117,54,63,FMN 10 IJzerlaanbrug
657,Fietsbrug Ijzerlaanbrug,2023-02-19,17:00:00,114,57,57,FMN 10 IJzerlaanbrug
657,Fietsbrug Ijzerlaanbrug,2023-02-19,18:00:00,87,36,51,FMN 10 IJzerlaanbrug
657,Fietsbrug Ijzerlaanbrug,2023-02-19,19:00:00,85,41,44,FMN 10 IJzerlaanbrug
657,Fietsbrug Ijzerlaanbrug,2023-02-19,20:00:00,53,23,30,FMN 10 IJzerlaanbrug
657,Fietsbrug Ijzerlaanbrug,2023-02-19,21:00:00,47,15,32,FMN 10 IJzerlaanbrug
657,Fietsbrug Ijzerlaanbrug,2023-02-19,22:00:00,46,21,25,FMN 10 IJzerlaanbrug
657,Fietsbrug Ijzerlaanbrug,2023-02-19,23:00:00,29,9,20,FMN 10 IJzerlaanbrug
657,Fietsbrug Ijzerlaanbrug,2023-02-20,00:00:00,12,5,7,FMN 10 IJzerlaanbrug
657,Fietsbrug Ijzerlaanbrug,2023-02-20,01:00:00,15,4,11,FMN 10 IJzerlaanbrug
657,Fietsbrug Ijzerlaanbrug,2023-02-20,02:00:00,6,2,4,FMN 10 IJzerlaanbrug
657,Fietsbrug Ijzerlaanbrug,2023-02-20,03:00:00,4,2,2,FMN 10 IJzerlaanbrug
657,Fietsbrug Ijzerlaanbrug,2023-02-20,04:00:00,15,11,4,FMN 10 IJzerlaanbrug
657,Fietsbrug Ijzerlaanbrug,2023-02-20,05:00:00,45,26,19,FMN 10 IJzerlaanbrug
657,Fietsbrug Ijzerlaanbrug,2023-02-20,06:00:00,108,70,38,FMN 10 IJzerlaanbrug
657,Fietsbrug Ijzerlaanbrug,2023-02-20,07:00:00,237,167,70,FMN 10 IJzerlaanbrug
657,Fietsbrug Ijzerlaanbrug,2023-02-20,08:00:00,319,258,61,FMN 10 IJzerlaanbrug
657,Fietsbrug Ijzerlaanbrug,2023-02-20,09:00:00,150,106,44,FMN 10 IJzerlaanbrug
657,Fietsbrug Ijzerlaanbrug,2023-02-20,10:00:00,88,53,35,FMN 10 IJzerlaanbrug
657,Fietsbrug Ijzerlaanbrug,2023-02-20,11:00:00,79,47,32,FMN 10 IJzerlaanbrug
657,Fietsbrug Ijzerlaanbrug,2023-02-20,12:00:00,117,65,52,FMN 10 IJzerlaanbrug
657,Fietsbrug Ijzerlaanbrug,2023-02-20,13:00:00,125,56,69,FMN 10 IJzerlaanbrug
657,Fietsbrug Ijzerlaanbrug,2023-02-20,14:00:00,154,65,89,FMN 10 IJzerlaanbrug
657,Fietsbrug Ijzerlaanbrug,2023-02-20,15:00:00,152,49,103,FMN 10 IJzerlaanbrug
657,Fietsbrug Ijzerlaanbrug,2023-02-20,16:00:00,343,112,231,FMN 10 IJzerlaanbrug
657,Fietsbrug Ijzerlaanbrug,2023-02-20,17:00:00,384,105,279,FMN 10 IJzerlaanbrug
657,Fietsbrug Ijzerlaanbrug,2023-02-20,18:00:00,204,69,135,FMN 10 IJzerlaanbrug
657,Fietsbrug Ijzerlaanbrug,2023-02-20,19:00:00,139,65,74,FMN 10 IJzerlaanbrug
657,Fietsbrug Ijzerlaanbrug,2023-02-20,20:00:00,68,31,37,FMN 10 IJzerlaanbrug
657,Fietsbrug Ijzerlaanbrug,2023-02-20,21:00:00,62,30,32,FMN 10 IJzerlaanbrug
657,Fietsbrug Ijzerlaanbrug,2023-02-20,22:00:00,58,26,32,FMN 10 IJzerlaanbrug
657,Fietsbrug Ijzerlaanbrug,2023-02-20,23:00:00,40,13,27,FMN 10 IJzerlaanbrug
657,Fietsbrug Ijzerlaanbrug,2023-02-21,00:00:00,16,6,10,FMN 10 IJzerlaanbrug
657,Fietsbrug Ijzerlaanbrug,2023-02-21,01:00:00,6,3,3,FMN 10 IJzerlaanbrug
657,Fietsbrug Ijzerlaanbrug,2023-02-21,02:00:00,7,1,6,FMN 10 IJzerlaanbrug
657,Fietsbrug Ijzerlaanbrug,2023-02-21,03:00:00,5,2,3,FMN 10 IJzerlaanbrug
657,Fietsbrug Ijzerlaanbrug,2023-02-21,04:00:00,19,14,5,FMN 10 IJzerlaanbrug
657,Fietsbrug Ijzerlaanbrug,2023-02-21,05:00:00,51,27,24,FMN 10 IJzerlaanbrug
657,Fietsbrug Ijzerlaanbrug,2023-02-21,06:00:00,127,80,47,FMN 10 IJzerlaanbrug
657,Fietsbrug Ijzerlaanbrug,2023-02-21,07:00:00,242,180,62,FMN 10 IJzerlaanbrug
657,Fietsbrug Ijzerlaanbrug,2023-02-21,08:00:00,343,266,77,FMN 10 IJzerlaanbrug
657,Fietsbrug Ijzerlaanbrug,2023-02-21,09:00:00,164,121,43,FMN 10 IJzerlaanbrug
657,Fietsbrug Ijzerlaanbrug,2023-02-21,10:00:00,107,66,41,FMN 10 IJzerlaanbrug
657,Fietsbrug Ijzerlaanbrug,2023-02-21,11:00:00,126,79,47,FMN 10 IJzerlaanbrug
657,Fietsbrug Ijzerlaanbrug,2023-02-21,12:00:00,147,84,63,FMN 10 IJzerlaanbrug
657,Fietsbrug Ijzerlaanbrug,2023-02-21,13:00:00,137,73,64,FMN 10 IJzerlaanbrug
657,Fietsbrug Ijzerlaanbrug,2023-02-21,14:00:00,155,66,89,FMN 10 IJzerlaanbrug
657,Fietsbrug Ijzerlaanbrug,2023-02-21,15:00:00,180,51,129,FMN 10 IJzerlaanbrug
657,Fietsbrug Ijzerlaanbrug,2023-02-21,16:00:00,335,110,225,FMN 10 IJzerlaanbrug
657,Fietsbrug Ijzerlaanbrug,2023-02-21,17:00:00,377,95,282,FMN 10 IJzerlaanbrug
657,Fietsbrug Ijzerlaanbrug,2023-02-21,18:00:00,248,85,163,FMN 10 IJzerlaanbrug
657,Fietsbrug Ijzerlaanbrug,2023-02-21,19:00:00,129,51,78,FMN 10 IJzerlaanbrug
657,Fietsbrug Ijzerlaanbrug,2023-02-21,20:00:00,95,48,47,FMN 10 IJzerlaanbrug
657,Fietsbrug Ijzerlaanbrug,2023-02-21,21:00:00,75,31,44,FMN 10 IJzerlaanbrug
657,Fietsbrug Ijzerlaanbrug,2023-02-21,22:00:00,57,23,34,FMN 10 IJzerlaanbrug
657,Fietsbrug Ijzerlaanbrug,2023-02-21,23:00:00,47,17,30,FMN 10 IJzerlaanbrug
657,Fietsbrug Ijzerlaanbrug,2023-02-22,00:00:00,18,7,11,FMN 10 IJzerlaanbrug
657,Fietsbrug Ijzerlaanbrug,2023-02-22,01:00:00,8,3,5,FMN 10 IJzerlaanbrug
657,Fietsbrug Ijzerlaanbrug,2023-02-22,02:00:00,11,3,8,FMN 10 IJzerlaanbrug
657,Fietsbrug Ijzerlaanbrug,2023-02-22,03:00:00,4,2,2,FMN 10 IJzerlaanbrug
657,Fietsbrug Ijzerlaanbrug,2023-02-22,04:00:00,18,14,4,FMN 10 IJzerlaanbrug
657,Fietsbrug Ijzerlaanbrug,2023-02-22,05:00:00,40,24,16,FMN 10 IJzerlaanbrug
657,Fietsbrug Ijzerlaanbrug,2023-02-22,06:00:00,108,69,39,FMN 10 IJzerlaanbrug
657,Fietsbrug Ijzerlaanbrug,2023-02-22,07:00:00,197,137,60,FMN 10 IJzerlaanbrug
657,Fietsbrug Ijzerlaanbrug,2023-02-22,08:00:00,279,198,81,FMN 10 IJzerlaanbrug
657,Fietsbrug Ijzerlaanbrug,2023-02-22,09:00:00,136,96,40,FMN 10 IJzerlaanbrug
657,Fietsbrug Ijzerlaanbrug,2023-02-22,10:00:00,100,71,29,FMN 10 IJzerlaanbrug
657,Fietsbrug Ijzerlaanbrug,2023-02-22,11:00:00,102,56,46,FMN 10 IJzerlaanbrug
657,Fietsbrug Ijzerlaanbrug,2023-02-22,12:00:00,100,57,43,FMN 10 IJzerlaanbrug
657,Fietsbrug Ijzerlaanbrug,2023-02-22,13:00:00,136,76,60,FMN 10 IJzerlaanbrug
657,Fietsbrug Ijzerlaanbrug,2023-02-22,14:00:00,140,62,78,FMN 10 IJzerlaanbrug
657,Fietsbrug Ijzerlaanbrug,2023-02-22,15:00:00,173,69,104,FMN 10 IJzerlaanbrug
657,Fietsbrug Ijzerlaanbrug,2023-02-22,16:00:00,309,108,201,FMN 10 IJzerlaanbrug
657,Fietsbrug Ijzerlaanbrug,2023-02-22,17:00:00,319,107,212,FMN 10 IJzerlaanbrug
657,Fietsbrug Ijzerlaanbrug,2023-02-22,18:00:00,202,82,120,FMN 10 IJzerlaanbrug
657,Fietsbrug Ijzerlaanbrug,2023-02-22,19:00:00,117,57,60,FMN 10 IJzerlaanbrug
657,Fietsbrug Ijzerlaanbrug,2023-02-22,20:00:00,70,29,41,FMN 10 IJzerlaanbrug
657,Fietsbrug Ijzerlaanbrug,2023-02-22,21:00:00,62,30,32,FMN 10 IJzerlaanbrug
657,Fietsbrug Ijzerlaanbrug,2023-02-22,22:00:00,56,18,38,FMN 10 IJzerlaanbrug
657,Fietsbrug Ijzerlaanbrug,2023-02-22,23:00:00,37,9,28,FMN 10 IJzerlaanbrug
657,Fietsbrug Ijzerlaanbrug,2023-02-23,00:00:00,19,8,11,FMN 10 IJzerlaanbrug
657,Fietsbrug Ijzerlaanbrug,2023-02-23,01:00:00,12,1,11,FMN 10 IJzerlaanbrug
657,Fietsbrug Ijzerlaanbrug,2023-02-23,02:00:00,3,1,2,FMN 10 IJzerlaanbrug
657,Fietsbrug Ijzerlaanbrug,2023-02-23,03:00:00,8,2,6,FMN 10 IJzerlaanbrug
657,Fietsbrug Ijzerlaanbrug,2023-02-23,04:00:00,15,11,4,FMN 10 IJzerlaanbrug
657,Fietsbrug Ijzerlaanbrug,2023-02-23,05:00:00,34,16,18,FMN 10 IJzerlaanbrug
657,Fietsbrug Ijzerlaanbrug,2023-02-23,06:00:00,99,61,38,FMN 10 IJzerlaanbrug
657,Fietsbrug Ijzerlaanbrug,2023-02-23,07:00:00,212,163,49,FMN 10 IJzerlaanbrug
657,Fietsbrug Ijzerlaanbrug,2023-02-23,08:00:00,289,213,76,FMN 10 IJzerlaanbrug
657,Fietsbrug Ijzerlaanbrug,2023-02-23,09:00:00,157,120,37,FMN 10 IJzerlaanbrug
657,Fietsbrug Ijzerlaanbrug,2023-02-23,10:00:00,82,54,28,FMN 10 IJzerlaanbrug
657,Fietsbrug Ijzerlaanbrug,2023-02-23,11:00:00,94,53,41,FMN 10 IJzerlaanbrug
657,Fietsbrug Ijzerlaanbrug,2023-02-23,12:00:00,128,67,61,FMN 10 IJzerlaanbrug
657,Fietsbrug Ijzerlaanbrug,2023-02-23,13:00:00,138,64,74,FMN 10 IJzerlaanbrug
657,Fietsbrug Ijzerlaanbrug,2023-02-23,14:00:00,137,60,77,FMN 10 IJzerlaanbrug
657,Fietsbrug Ijzerlaanbrug,2023-02-23,15:00:00,160,47,113,FMN 10 IJzerlaanbrug
657,Fietsbrug Ijzerlaanbrug,2023-02-23,16:00:00,280,94,186,FMN 10 IJzerlaanbrug
657,Fietsbrug Ijzerlaanbrug,2023-02-23,17:00:00,337,102,235,FMN 10 IJzerlaanbrug
657,Fietsbrug Ijzerlaanbrug,2023-02-23,18:00:00,249,95,154,FMN 10 IJzerlaanbrug
657,Fietsbrug Ijzerlaanbrug,2023-02-23,19:00:00,129,65,64,FMN 10 IJzerlaanbrug
657,Fietsbrug Ijzerlaanbrug,2023-02-23,20:00:00,93,45,48,FMN 10 IJzerlaanbrug
657,Fietsbrug Ijzerlaanbrug,2023-02-23,21:00:00,58,24,34,FMN 10 IJzerlaanbrug
657,Fietsbrug Ijzerlaanbrug,2023-02-23,22:00:00,93,41,52,FMN 10 IJzerlaanbrug
657,Fietsbrug Ijzerlaanbrug,2023-02-23,23:00:00,65,23,42,FMN 10 IJzerlaanbrug
657,Fietsbrug Ijzerlaanbrug,2023-02-24,00:00:00,27,6,21,FMN 10 IJzerlaanbrug
657,Fietsbrug Ijzerlaanbrug,2023-02-24,01:00:00,13,4,9,FMN 10 IJzerlaanbrug
657,Fietsbrug Ijzerlaanbrug,2023-02-24,02:00:00,10,4,6,FMN 10 IJzerlaanbrug
657,Fietsbrug Ijzerlaanbrug,2023-02-24,03:00:00,11,2,9,FMN 10 IJzerlaanbrug
657,Fietsbrug Ijzerlaanbrug,2023-02-24,04:00:00,26,14,12,FMN 10 IJzerlaanbrug
657,Fietsbrug Ijzerlaanbrug,2023-02-24,05:00:00,47,20,27,FMN 10 IJzerlaanbrug
657,Fietsbrug Ijzerlaanbrug,2023-02-24,06:00:00,98,63,35,FMN 10 IJzerlaanbrug
657,Fietsbrug Ijzerlaanbrug,2023-02-24,07:00:00,188,124,64,FMN 10 IJzerlaanbrug
657,Fietsbrug Ijzerlaanbrug,2023-02-24,08:00:00,258,193,65,FMN 10 IJzerlaanbrug
657,Fietsbrug Ijzerlaanbrug,2023-02-24,09:00:00,149,108,41,FMN 10 IJzerlaanbrug
657,Fietsbrug Ijzerlaanbrug,2023-02-24,10:00:00,130,103,27,FMN 10 IJzerlaanbrug
657,Fietsbrug Ijzerlaanbrug,2023-02-24,11:00:00,111,54,57,FMN 10 IJzerlaanbrug
657,Fietsbrug Ijzerlaanbrug,2023-02-24,12:00:00,120,59,61,FMN 10 IJzerlaanbrug
657,Fietsbrug Ijzerlaanbrug,2023-02-24,13:00:00,150,66,84,FMN 10 IJzerlaanbrug
657,Fietsbrug Ijzerlaanbrug,2023-02-24,14:00:00,126,68,58,FMN 10 IJzerlaanbrug
657,Fietsbrug Ijzerlaanbrug,2023-02-24,15:00:00,174,68,106,FMN 10 IJzerlaanbrug
657,Fietsbrug Ijzerlaanbrug,2023-02-24,16:00:00,236,75,161,FMN 10 IJzerlaanbrug
657,Fietsbrug Ijzerlaanbrug,2023-02-24,17:00:00,240,84,156,FMN 10 IJzerlaanbrug
657,Fietsbrug Ijzerlaanbrug,2023-02-24,18:00:00,203,92,111,FMN 10 IJzerlaanbrug
657,Fietsbrug Ijzerlaanbrug,2023-02-24,19:00:00,139,69,70,FMN 10 IJzerlaanbrug
657,Fietsbrug Ijzerlaanbrug,2023-02-24,20:00:00,77,38,39,FMN 10 IJzerlaanbrug
657,Fietsbrug Ijzerlaanbrug,2023-02-24,21:00:00,71,25,46,FMN 10 IJzerlaanbrug
657,Fietsbrug Ijzerlaanbrug,2023-02-24,22:00:00,62,21,41,FMN 10 IJzerlaanbrug
657,Fietsbrug Ijzerlaanbrug,2023-02-24,23:00:00,60,13,47,FMN 10 IJzerlaanbrug
657,Fietsbrug Ijzerlaanbrug,2023-02-25,00:00:00,37,12,25,FMN 10 IJzerlaanbrug
657,Fietsbrug Ijzerlaanbrug,2023-02-25,01:00:00,34,8,26,FMN 10 IJzerlaanbrug
657,Fietsbrug Ijzerlaanbrug,2023-02-25,02:00:00,22,7,15,FMN 10 IJzerlaanbrug
657,Fietsbrug Ijzerlaanbrug,2023-02-25,03:00:00,17,6,11,FMN 10 IJzerlaanbrug
657,Fietsbrug Ijzerlaanbrug,2023-02-25,04:00:00,11,6,5,FMN 10 IJzerlaanbrug
657,Fietsbrug Ijzerlaanbrug,2023-02-25,05:00:00,16,8,8,FMN 10 IJzerlaanbrug
657,Fietsbrug Ijzerlaanbrug,2023-02-25,06:00:00,27,13,14,FMN 10 IJzerlaanbrug
657,Fietsbrug Ijzerlaanbrug,2023-02-25,07:00:00,20,13,7,FMN 10 IJzerlaanbrug
657,Fietsbrug Ijzerlaanbrug,2023-02-25,08:00:00,67,34,33,FMN 10 IJzerlaanbrug
657,Fietsbrug Ijzerlaanbrug,2023-02-25,09:00:00,86,53,33,FMN 10 IJzerlaanbrug
657,Fietsbrug Ijzerlaanbrug,2023-02-25,10:00:00,115,68,47,FMN 10 IJzerlaanbrug
657,Fietsbrug Ijzerlaanbrug,2023-02-25,11:00:00,136,75,61,FMN 10 IJzerlaanbrug
657,Fietsbrug Ijzerlaanbrug,2023-02-25,12:00:00,119,61,58,FMN 10 IJzerlaanbrug
657,Fietsbrug Ijzerlaanbrug,2023-02-25,13:00:00,145,81,64,FMN 10 IJzerlaanbrug
657,Fietsbrug Ijzerlaanbrug,2023-02-25,14:00:00,162,90,72,FMN 10 IJzerlaanbrug
657,Fietsbrug Ijzerlaanbrug,2023-02-25,15:00:00,133,57,76,FMN 10 IJzerlaanbrug
657,Fietsbrug Ijzerlaanbrug,2023-02-25,16:00:00,104,40,64,FMN 10 IJzerlaanbrug
657,Fietsbrug Ijzerlaanbrug,2023-02-25,17:00:00,141,65,76,FMN 10 IJzerlaanbrug
657,Fietsbrug Ijzerlaanbrug,2023-02-25,18:00:00,123,60,63,FMN 10 IJzerlaanbrug
657,Fietsbrug Ijzerlaanbrug,2023-02-25,19:00:00,92,46,46,FMN 10 IJzerlaanbrug
657,Fietsbrug Ijzerlaanbrug,2023-02-25,20:00:00,93,51,42,FMN 10 IJzerlaanbrug
657,Fietsbrug Ijzerlaanbrug,2023-02-25,21:00:00,65,43,22,FMN 10 IJzerlaanbrug
657,Fietsbrug Ijzerlaanbrug,2023-02-25,22:00:00,62,26,36,FMN 10 IJzerlaanbrug
657,Fietsbrug Ijzerlaanbrug,2023-02-25,23:00:00,44,20,24,FMN 10 IJzerlaanbrug
657,Fietsbrug Ijzerlaanbrug,2023-02-26,00:00:00,26,6,20,FMN 10 IJzerlaanbrug
657,Fietsbrug Ijzerlaanbrug,2023-02-26,01:00:00,23,5,18,FMN 10 IJzerlaanbrug
657,Fietsbrug Ijzerlaanbrug,2023-02-26,02:00:00,19,3,16,FMN 10 IJzerlaanbrug
657,Fietsbrug Ijzerlaanbrug,2023-02-26,03:00:00,20,4,16,FMN 10 IJzerlaanbrug
657,Fietsbrug Ijzerlaanbrug,2023-02-26,04:00:00,14,3,11,FMN 10 IJzerlaanbrug
657,Fietsbrug Ijzerlaanbrug,2023-02-26,05:00:00,14,6,8,FMN 10 IJzerlaanbrug
657,Fietsbrug Ijzerlaanbrug,2023-02-26,06:00:00,17,11,6,FMN 10 IJzerlaanbrug
657,Fietsbrug Ijzerlaanbrug,2023-02-26,07:00:00,16,9,7,FMN 10 IJzerlaanbrug
657,Fietsbrug Ijzerlaanbrug,2023-02-26,08:00:00,30,14,16,FMN 10 IJzerlaanbrug
657,Fietsbrug Ijzerlaanbrug,2023-02-26,09:00:00,134,56,78,FMN 10 IJzerlaanbrug
657,Fietsbrug Ijzerlaanbrug,2023-02-26,10:00:00,105,52,53,FMN 10 IJzerlaanbrug
657,Fietsbrug Ijzerlaanbrug,2023-02-26,11:00:00,140,75,65,FMN 10 IJzerlaanbrug
657,Fietsbrug Ijzerlaanbrug,2023-02-26,12:00:00,155,90,65,FMN 10 IJzerlaanbrug
657,Fietsbrug Ijzerlaanbrug,2023-02-26,13:00:00,162,106,56,FMN 10 IJzerlaanbrug
657,Fietsbrug Ijzerlaanbrug,2023-02-26,14:00:00,148,59,89,FMN 10 IJzerlaanbrug
657,Fietsbrug Ijzerlaanbrug,2023-02-26,15:00:00,134,72,62,FMN 10 IJzerlaanbrug
657,Fietsbrug Ijzerlaanbrug,2023-02-26,16:00:00,106,45,61,FMN 10 IJzerlaanbrug
657,Fietsbrug Ijzerlaanbrug,2023-02-26,17:00:00,142,72,70,FMN 10 IJzerlaanbrug
657,Fietsbrug Ijzerlaanbrug,2023-02-26,18:00:00,86,37,49,FMN 10 IJzerlaanbrug
657,Fietsbrug Ijzerlaanbrug,2023-02-26,19:00:00,54,25,29,FMN 10 IJzerlaanbrug
657,Fietsbrug Ijzerlaanbrug,2023-02-26,20:00:00,50,21,29,FMN 10 IJzerlaanbrug
657,Fietsbrug Ijzerlaanbrug,2023-02-26,21:00:00,34,13,21,FMN 10 IJzerlaanbrug
657,Fietsbrug Ijzerlaanbrug,2023-02-26,22:00:00,30,10,20,FMN 10 IJzerlaanbrug
657,Fietsbrug Ijzerlaanbrug,2023-02-26,23:00:00,22,5,17,FMN 10 IJzerlaanbrug
657,Fietsbrug Ijzerlaanbrug,2023-02-27,00:00:00,6,2,4,FMN 10 IJzerlaanbrug
657,Fietsbrug Ijzerlaanbrug,2023-02-27,01:00:00,2,0,2,FMN 10 IJzerlaanbrug
657,Fietsbrug Ijzerlaanbrug,2023-02-27,02:00:00,2,0,2,FMN 10 IJzerlaanbrug
657,Fietsbrug Ijzerlaanbrug,2023-02-27,03:00:00,1,1,0,FMN 10 IJzerlaanbrug
657,Fietsbrug Ijzerlaanbrug,2023-02-27,04:00:00,12,11,1,FMN 10 IJzerlaanbrug
657,Fietsbrug Ijzerlaanbrug,2023-02-27,05:00:00,38,19,19,FMN 10 IJzerlaanbrug
657,Fietsbrug Ijzerlaanbrug,2023-02-27,06:00:00,125,85,40,FMN 10 IJzerlaanbrug
657,Fietsbrug Ijzerlaanbrug,2023-02-27,07:00:00,406,306,100,FMN 10 IJzerlaanbrug
657,Fietsbrug Ijzerlaanbrug,2023-02-27,08:00:00,581,434,147,FMN 10 IJzerlaanbrug
657,Fietsbrug Ijzerlaanbrug,2023-02-27,09:00:00,167,123,44,FMN 10 IJzerlaanbrug
657,Fietsbrug Ijzerlaanbrug,2023-02-27,10:00:00,132,89,43,FMN 10 IJzerlaanbrug
657,Fietsbrug Ijzerlaanbrug,2023-02-27,11:00:00,115,68,47,FMN 10 IJzerlaanbrug
657,Fietsbrug Ijzerlaanbrug,2023-02-27,12:00:00,193,116,77,FMN 10 IJzerlaanbrug
657,Fietsbrug Ijzerlaanbrug,2023-02-27,13:00:00,146,62,84,FMN 10 IJzerlaanbrug
657,Fietsbrug Ijzerlaanbrug,2023-02-27,14:00:00,181,77,104,FMN 10 IJzerlaanbrug
657,Fietsbrug Ijzerlaanbrug,2023-02-27,15:00:00,288,123,165,FMN 10 IJzerlaanbrug
657,Fietsbrug Ijzerlaanbrug,2023-02-27,16:00:00,447,131,316,FMN 10 IJzerlaanbrug
657,Fietsbrug Ijzerlaanbrug,2023-02-27,17:00:00,478,125,353,FMN 10 IJzerlaanbrug
657,Fietsbrug Ijzerlaanbrug,2023-02-27,18:00:00,241,67,174,FMN 10 IJzerlaanbrug
657,Fietsbrug Ijzerlaanbrug,2023-02-27,19:00:00,158,66,92,FMN 10 IJzerlaanbrug
657,Fietsbrug Ijzerlaanbrug,2023-02-27,20:00:00,85,45,40,FMN 10 IJzerlaanbrug
657,Fietsbrug Ijzerlaanbrug,2023-02-27,21:00:00,71,35,36,FMN 10 IJzerlaanbrug
657,Fietsbrug Ijzerlaanbrug,2023-02-27,22:00:00,75,28,47,FMN 10 IJzerlaanbrug
657,Fietsbrug Ijzerlaanbrug,2023-02-27,23:00:00,30,12,18,FMN 10 IJzerlaanbrug
657,Fietsbrug Ijzerlaanbrug,2023-02-28,00:00:00,19,6,13,FMN 10 IJzerlaanbrug
657,Fietsbrug Ijzerlaanbrug,2023-02-28,01:00:00,11,1,10,FMN 10 IJzerlaanbrug
657,Fietsbrug Ijzerlaanbrug,2023-02-28,02:00:00,1,0,1,FMN 10 IJzerlaanbrug
657,Fietsbrug Ijzerlaanbrug,2023-02-28,03:00:00,4,2,2,FMN 10 IJzerlaanbrug
657,Fietsbrug Ijzerlaanbrug,2023-02-28,04:00:00,17,12,5,FMN 10 IJzerlaanbrug
657,Fietsbrug Ijzerlaanbrug,2023-02-28,05:00:00,48,27,21,FMN 10 IJzerlaanbrug
657,Fietsbrug Ijzerlaanbrug,2023-02-28,06:00:00,137,93,44,FMN 10 IJzerlaanbrug
657,Fietsbrug Ijzerlaanbrug,2023-02-28,07:00:00,423,317,106,FMN 10 IJzerlaanbrug
657,Fietsbrug Ijzerlaanbrug,2023-02-28,08:00:00,569,436,133,FMN 10 IJzerlaanbrug
657,Fietsbrug Ijzerlaanbrug,2023-02-28,09:00:00,183,132,51,FMN 10 IJzerlaanbrug
657,Fietsbrug Ijzerlaanbrug,2023-02-28,10:00:00,117,80,37,FMN 10 IJzerlaanbrug
657,Fietsbrug Ijzerlaanbrug,2023-02-28,11:00:00,106,63,43,FMN 10 IJzerlaanbrug
657,Fietsbrug Ijzerlaanbrug,2023-02-28,12:00:00,189,103,86,FMN 10 IJzerlaanbrug
657,Fietsbrug Ijzerlaanbrug,2023-02-28,13:00:00,164,87,77,FMN 10 IJzerlaanbrug
657,Fietsbrug Ijzerlaanbrug,2023-02-28,14:00:00,172,74,98,FMN 10 IJzerlaanbrug
657,Fietsbrug Ijzerlaanbrug,2023-02-28,15:00:00,339,143,196,FMN 10 IJzerlaanbrug
657,Fietsbrug Ijzerlaanbrug,2023-02-28,16:00:00,512,171,341,FMN 10 IJzerlaanbrug
657,Fietsbrug Ijzerlaanbrug,2023-02-28,17:00:00,448,138,310,FMN 10 IJzerlaanbrug
657,Fietsbrug Ijzerlaanbrug,2023-02-28,18:00:00,289,92,197,FMN 10 IJzerlaanbrug
657,Fietsbrug Ijzerlaanbrug,2023-02-28,19:00:00,142,54,88,FMN 10 IJzerlaanbrug
657,Fietsbrug Ijzerlaanbrug,2023-02-28,20:00:00,96,47,49,FMN 10 IJzerlaanbrug
657,Fietsbrug Ijzerlaanbrug,2023-02-28,21:00:00,80,29,51,FMN 10 IJzerlaanbrug
657,Fietsbrug Ijzerlaanbrug,2023-02-28,22:00:00,77,31,46,FMN 10 IJzerlaanbrug
657,Fietsbrug Ijzerlaanbrug,2023-02-28,23:00:00,43,6,37,FMN 10 IJzerlaanbrug
657,Fietsbrug Ijzerlaanbrug,2023-03-01,00:00:00,21,6,15,FMN 10 IJzerlaanbrug
657,Fietsbrug Ijzerlaanbrug,2023-03-01,01:00:00,6,3,3,FMN 10 IJzerlaanbrug
657,Fietsbrug Ijzerlaanbrug,2023-03-01,02:00:00,8,0,8,FMN 10 IJzerlaanbrug
657,Fietsbrug Ijzerlaanbrug,2023-03-01,03:00:00,6,4,2,FMN 10 IJzerlaanbrug
657,Fietsbrug Ijzerlaanbrug,2023-03-01,04:00:00,19,8,11,FMN 10 IJzerlaanbrug
657,Fietsbrug Ijzerlaanbrug,2023-03-01,05:00:00,54,36,18,FMN 10 IJzerlaanbrug
657,Fietsbrug Ijzerlaanbrug,2023-03-01,06:00:00,131,79,52,FMN 10 IJzerlaanbrug
657,Fietsbrug Ijzerlaanbrug,2023-03-01,07:00:00,354,251,103,FMN 10 IJzerlaanbrug
657,Fietsbrug Ijzerlaanbrug,2023-03-01,08:00:00,507,370,137,FMN 10 IJzerlaanbrug
657,Fietsbrug Ijzerlaanbrug,2023-03-01,09:00:00,179,127,52,FMN 10 IJzerlaanbrug
657,Fietsbrug Ijzerlaanbrug,2023-03-01,10:00:00,115,70,45,FMN 10 IJzerlaanbrug
657,Fietsbrug Ijzerlaanbrug,2023-03-01,11:00:00,136,79,57,FMN 10 IJzerlaanbrug
657,Fietsbrug Ijzerlaanbrug,2023-03-01,12:00:00,335,176,159,FMN 10 IJzerlaanbrug
657,Fietsbrug Ijzerlaanbrug,2023-03-01,13:00:00,226,93,133,FMN 10 IJzerlaanbrug
657,Fietsbrug Ijzerlaanbrug,2023-03-01,14:00:00,200,90,110,FMN 10 IJzerlaanbrug
657,Fietsbrug Ijzerlaanbrug,2023-03-01,15:00:00,230,98,132,FMN 10 IJzerlaanbrug
657,Fietsbrug Ijzerlaanbrug,2023-03-01,16:00:00,372,122,250,FMN 10 IJzerlaanbrug
657,Fietsbrug Ijzerlaanbrug,2023-03-01,17:00:00,415,126,289,FMN 10 IJzerlaanbrug
657,Fietsbrug Ijzerlaanbrug,2023-03-01,18:00:00,229,68,161,FMN 10 IJzerlaanbrug
657,Fietsbrug Ijzerlaanbrug,2023-03-01,19:00:00,137,59,78,FMN 10 IJzerlaanbrug
657,Fietsbrug Ijzerlaanbrug,2023-03-01,20:00:00,111,47,64,FMN 10 IJzerlaanbrug
657,Fietsbrug Ijzerlaanbrug,2023-03-01,21:00:00,81,36,45,FMN 10 IJzerlaanbrug
657,Fietsbrug Ijzerlaanbrug,2023-03-01,22:00:00,79,34,45,FMN 10 IJzerlaanbrug
657,Fietsbrug Ijzerlaanbrug,2023-03-01,23:00:00,41,16,25,FMN 10 IJzerlaanbrug
657,Fietsbrug Ijzerlaanbrug,2023-03-02,00:00:00,13,3,10,FMN 10 IJzerlaanbrug
657,Fietsbrug Ijzerlaanbrug,2023-03-02,01:00:00,9,0,9,FMN 10 IJzerlaanbrug
657,Fietsbrug Ijzerlaanbrug,2023-03-02,02:00:00,4,1,3,FMN 10 IJzerlaanbrug
657,Fietsbrug Ijzerlaanbrug,2023-03-02,03:00:00,4,2,2,FMN 10 IJzerlaanbrug
657,Fietsbrug Ijzerlaanbrug,2023-03-02,04:00:00,14,8,6,FMN 10 IJzerlaanbrug
657,Fietsbrug Ijzerlaanbrug,2023-03-02,05:00:00,45,28,17,FMN 10 IJzerlaanbrug
657,Fietsbrug Ijzerlaanbrug,2023-03-02,06:00:00,141,90,51,FMN 10 IJzerlaanbrug
657,Fietsbrug Ijzerlaanbrug,2023-03-02,07:00:00,404,306,98,FMN 10 IJzerlaanbrug
657,Fietsbrug Ijzerlaanbrug,2023-03-02,08:00:00,564,411,153,FMN 10 IJzerlaanbrug
657,Fietsbrug Ijzerlaanbrug,2023-03-02,09:00:00,208,149,59,FMN 10 IJzerlaanbrug
657,Fietsbrug Ijzerlaanbrug,2023-03-02,10:00:00,126,80,46,FMN 10 IJzerlaanbrug
657,Fietsbrug Ijzerlaanbrug,2023-03-02,11:00:00,109,62,47,FMN 10 IJzerlaanbrug
657,Fietsbrug Ijzerlaanbrug,2023-03-02,12:00:00,213,119,94,FMN 10 IJzerlaanbrug
657,Fietsbrug Ijzerlaanbrug,2023-03-02,13:00:00,169,86,83,FMN 10 IJzerlaanbrug
657,Fietsbrug Ijzerlaanbrug,2023-03-02,14:00:00,215,83,132,FMN 10 IJzerlaanbrug
657,Fietsbrug Ijzerlaanbrug,2023-03-02,15:00:00,294,119,175,FMN 10 IJzerlaanbrug
657,Fietsbrug Ijzerlaanbrug,2023-03-02,16:00:00,514,176,338,FMN 10 IJzerlaanbrug
657,Fietsbrug Ijzerlaanbrug,2023-03-02,17:00:00,435,136,299,FMN 10 IJzerlaanbrug
657,Fietsbrug Ijzerlaanbrug,2023-03-02,18:00:00,280,101,179,FMN 10 IJzerlaanbrug
657,Fietsbrug Ijzerlaanbrug,2023-03-02,19:00:00,142,54,88,FMN 10 IJzerlaanbrug
657,Fietsbrug Ijzerlaanbrug,2023-03-02,20:00:00,75,30,45,FMN 10 IJzerlaanbrug
657,Fietsbrug Ijzerlaanbrug,2023-03-02,21:00:00,87,35,52,FMN 10 IJzerlaanbrug
657,Fietsbrug Ijzerlaanbrug,2023-03-02,22:00:00,75,31,44,FMN 10 IJzerlaanbrug
657,Fietsbrug Ijzerlaanbrug,2023-03-02,23:00:00,49,18,31,FMN 10 IJzerlaanbrug
657,Fietsbrug Ijzerlaanbrug,2023-03-03,00:00:00,30,10,20,FMN 10 IJzerlaanbrug
657,Fietsbrug Ijzerlaanbrug,2023-03-03,01:00:00,16,7,9,FMN 10 IJzerlaanbrug
657,Fietsbrug Ijzerlaanbrug,2023-03-03,02:00:00,4,0,4,FMN 10 IJzerlaanbrug
657,Fietsbrug Ijzerlaanbrug,2023-03-03,03:00:00,6,1,5,FMN 10 IJzerlaanbrug
657,Fietsbrug Ijzerlaanbrug,2023-03-03,04:00:00,21,13,8,FMN 10 IJzerlaanbrug
657,Fietsbrug Ijzerlaanbrug,2023-03-03,05:00:00,48,31,17,FMN 10 IJzerlaanbrug
657,Fietsbrug Ijzerlaanbrug,2023-03-03,06:00:00,107,66,41,FMN 10 IJzerlaanbrug
657,Fietsbrug Ijzerlaanbrug,2023-03-03,07:00:00,342,231,111,FMN 10 IJzerlaanbrug
657,Fietsbrug Ijzerlaanbrug,2023-03-03,08:00:00,471,350,121,FMN 10 IJzerlaanbrug
657,Fietsbrug Ijzerlaanbrug,2023-03-03,09:00:00,182,125,57,FMN 10 IJzerlaanbrug
657,Fietsbrug Ijzerlaanbrug,2023-03-03,10:00:00,111,72,39,FMN 10 IJzerlaanbrug
657,Fietsbrug Ijzerlaanbrug,2023-03-03,11:00:00,101,59,42,FMN 10 IJzerlaanbrug
657,Fietsbrug Ijzerlaanbrug,2023-03-03,12:00:00,175,94,81,FMN 10 IJzerlaanbrug
657,Fietsbrug Ijzerlaanbrug,2023-03-03,13:00:00,152,68,84,FMN 10 IJzerlaanbrug
657,Fietsbrug Ijzerlaanbrug,2023-03-03,14:00:00,180,74,106,FMN 10 IJzerlaanbrug
657,Fietsbrug Ijzerlaanbrug,2023-03-03,15:00:00,311,132,179,FMN 10 IJzerlaanbrug
657,Fietsbrug Ijzerlaanbrug,2023-03-03,16:00:00,401,133,268,FMN 10 IJzerlaanbrug
657,Fietsbrug Ijzerlaanbrug,2023-03-03,17:00:00,326,123,203,FMN 10 IJzerlaanbrug
657,Fietsbrug Ijzerlaanbrug,2023-03-03,18:00:00,238,85,153,FMN 10 IJzerlaanbrug
657,Fietsbrug Ijzerlaanbrug,2023-03-03,19:00:00,139,66,73,FMN 10 IJzerlaanbrug
657,Fietsbrug Ijzerlaanbrug,2023-03-03,20:00:00,106,55,51,FMN 10 IJzerlaanbrug
657,Fietsbrug Ijzerlaanbrug,2023-03-03,21:00:00,80,33,47,FMN 10 IJzerlaanbrug
657,Fietsbrug Ijzerlaanbrug,2023-03-03,22:00:00,82,38,44,FMN 10 IJzerlaanbrug
657,Fietsbrug Ijzerlaanbrug,2023-03-03,23:00:00,67,30,37,FMN 10 IJzerlaanbrug
657,Fietsbrug Ijzerlaanbrug,2023-03-04,00:00:00,50,11,39,FMN 10 IJzerlaanbrug
657,Fietsbrug Ijzerlaanbrug,2023-03-04,01:00:00,27,11,16,FMN 10 IJzerlaanbrug
657,Fietsbrug Ijzerlaanbrug,2023-03-04,02:00:00,28,11,17,FMN 10 IJzerlaanbrug
657,Fietsbrug Ijzerlaanbrug,2023-03-04,03:00:00,10,1,9,FMN 10 IJzerlaanbrug
657,Fietsbrug Ijzerlaanbrug,2023-03-04,04:00:00,11,4,7,FMN 10 IJzerlaanbrug
657,Fietsbrug Ijzerlaanbrug,2023-03-04,05:00:00,22,10,12,FMN 10 IJzerlaanbrug
657,Fietsbrug Ijzerlaanbrug,2023-03-04,06:00:00,22,10,12,FMN 10 IJzerlaanbrug
657,Fietsbrug Ijzerlaanbrug,2023-03-04,07:00:00,29,14,15,FMN 10 IJzerlaanbrug
657,Fietsbrug Ijzerlaanbrug,2023-03-04,08:00:00,50,30,20,FMN 10 IJzerlaanbrug
657,Fietsbrug Ijzerlaanbrug,2023-03-04,09:00:00,120,66,54,FMN 10 IJzerlaanbrug
657,Fietsbrug Ijzerlaanbrug,2023-03-04,10:00:00,106,67,39,FMN 10 IJzerlaanbrug
657,Fietsbrug Ijzerlaanbrug,2023-03-04,11:00:00,126,87,39,FMN 10 IJzerlaanbrug
657,Fietsbrug Ijzerlaanbrug,2023-03-04,12:00:00,129,70,59,FMN 10 IJzerlaanbrug
657,Fietsbrug Ijzerlaanbrug,2023-03-04,13:00:00,124,63,61,FMN 10 IJzerlaanbrug
657,Fietsbrug Ijzerlaanbrug,2023-03-04,14:00:00,109,54,55,FMN 10 IJzerlaanbrug
657,Fietsbrug Ijzerlaanbrug,2023-03-04,15:00:00,107,52,55,FMN 10 IJzerlaanbrug
657,Fietsbrug Ijzerlaanbrug,2023-03-04,16:00:00,125,53,72,FMN 10 IJzerlaanbrug
657,Fietsbrug Ijzerlaanbrug,2023-03-04,17:00:00,140,60,80,FMN 10 IJzerlaanbrug
657,Fietsbrug Ijzerlaanbrug,2023-03-04,18:00:00,130,65,65,FMN 10 IJzerlaanbrug
657,Fietsbrug Ijzerlaanbrug,2023-03-04,19:00:00,104,65,39,FMN 10 IJzerlaanbrug
657,Fietsbrug Ijzerlaanbrug,2023-03-04,20:00:00,84,38,46,FMN 10 IJzerlaanbrug
657,Fietsbrug Ijzerlaanbrug,2023-03-04,21:00:00,77,33,44,FMN 10 IJzerlaanbrug
657,Fietsbrug Ijzerlaanbrug,2023-03-04,22:00:00,55,15,40,FMN 10 IJzerlaanbrug
657,Fietsbrug Ijzerlaanbrug,2023-03-04,23:00:00,53,19,34,FMN 10 IJzerlaanbrug
657,Fietsbrug Ijzerlaanbrug,2023-03-05,00:00:00,40,10,30,FMN 10 IJzerlaanbrug
657,Fietsbrug Ijzerlaanbrug,2023-03-05,01:00:00,36,15,21,FMN 10 IJzerlaanbrug
657,Fietsbrug Ijzerlaanbrug,2023-03-05,02:00:00,17,7,10,FMN 10 IJzerlaanbrug
657,Fietsbrug Ijzerlaanbrug,2023-03-05,03:00:00,20,1,19,FMN 10 IJzerlaanbrug
657,Fietsbrug Ijzerlaanbrug,2023-03-05,04:00:00,20,4,16,FMN 10 IJzerlaanbrug
657,Fietsbrug Ijzerlaanbrug,2023-03-05,05:00:00,16,7,9,FMN 10 IJzerlaanbrug
657,Fietsbrug Ijzerlaanbrug,2023-03-05,06:00:00,17,10,7,FMN 10 IJzerlaanbrug
657,Fietsbrug Ijzerlaanbrug,2023-03-05,07:00:00,19,10,9,FMN 10 IJzerlaanbrug
657,Fietsbrug Ijzerlaanbrug,2023-03-05,08:00:00,45,30,15,FMN 10 IJzerlaanbrug
657,Fietsbrug Ijzerlaanbrug,2023-03-05,09:00:00,52,30,22,FMN 10 IJzerlaanbrug
657,Fietsbrug Ijzerlaanbrug,2023-03-05,10:00:00,75,42,33,FMN 10 IJzerlaanbrug
657,Fietsbrug Ijzerlaanbrug,2023-03-05,11:00:00,85,38,47,FMN 10 IJzerlaanbrug
657,Fietsbrug Ijzerlaanbrug,2023-03-05,12:00:00,109,60,49,FMN 10 IJzerlaanbrug
657,Fietsbrug Ijzerlaanbrug,2023-03-05,13:00:00,92,43,49,FMN 10 IJzerlaanbrug
657,Fietsbrug Ijzerlaanbrug,2023-03-05,14:00:00,151,93,58,FMN 10 IJzerlaanbrug
657,Fietsbrug Ijzerlaanbrug,2023-03-05,15:00:00,109,53,56,FMN 10 IJzerlaanbrug
657,Fietsbrug Ijzerlaanbrug,2023-03-05,16:00:00,117,51,66,FMN 10 IJzerlaanbrug
657,Fietsbrug Ijzerlaanbrug,2023-03-05,17:00:00,119,44,75,FMN 10 IJzerlaanbrug
657,Fietsbrug Ijzerlaanbrug,2023-03-05,18:00:00,91,31,60,FMN 10 IJzerlaanbrug
657,Fietsbrug Ijzerlaanbrug,2023-03-05,19:00:00,76,34,42,FMN 10 IJzerlaanbrug
657,Fietsbrug Ijzerlaanbrug,2023-03-05,20:00:00,49,27,22,FMN 10 IJzerlaanbrug
657,Fietsbrug Ijzerlaanbrug,2023-03-05,21:00:00,42,20,22,FMN 10 IJzerlaanbrug
657,Fietsbrug Ijzerlaanbrug,2023-03-05,22:00:00,28,10,18,FMN 10 IJzerlaanbrug
657,Fietsbrug Ijzerlaanbrug,2023-03-05,23:00:00,23,5,18,FMN 10 IJzerlaanbrug
657,Fietsbrug Ijzerlaanbrug,2023-03-06,00:00:00,11,4,7,FMN 10 IJzerlaanbrug
657,Fietsbrug Ijzerlaanbrug,2023-03-06,01:00:00,5,1,4,FMN 10 IJzerlaanbrug
657,Fietsbrug Ijzerlaanbrug,2023-03-06,02:00:00,3,2,1,FMN 10 IJzerlaanbrug
657,Fietsbrug Ijzerlaanbrug,2023-03-06,03:00:00,1,1,0,FMN 10 IJzerlaanbrug
657,Fietsbrug Ijzerlaanbrug,2023-03-06,04:00:00,14,12,2,FMN 10 IJzerlaanbrug
657,Fietsbrug Ijzerlaanbrug,2023-03-06,05:00:00,39,20,19,FMN 10 IJzerlaanbrug
657,Fietsbrug Ijzerlaanbrug,2023-03-06,06:00:00,109,68,41,FMN 10 IJzerlaanbrug
657,Fietsbrug Ijzerlaanbrug,2023-03-06,07:00:00,378,286,92,FMN 10 IJzerlaanbrug
657,Fietsbrug Ijzerlaanbrug,2023-03-06,08:00:00,593,437,156,FMN 10 IJzerlaanbrug
657,Fietsbrug Ijzerlaanbrug,2023-03-06,09:00:00,167,121,46,FMN 10 IJzerlaanbrug
657,Fietsbrug Ijzerlaanbrug,2023-03-06,10:00:00,115,71,44,FMN 10 IJzerlaanbrug
657,Fietsbrug Ijzerlaanbrug,2023-03-06,11:00:00,75,44,31,FMN 10 IJzerlaanbrug
657,Fietsbrug Ijzerlaanbrug,2023-03-06,12:00:00,167,93,74,FMN 10 IJzerlaanbrug
657,Fietsbrug Ijzerlaanbrug,2023-03-06,13:00:00,127,59,68,FMN 10 IJzerlaanbrug
657,Fietsbrug Ijzerlaanbrug,2023-03-06,14:00:00,164,74,90,FMN 10 IJzerlaanbrug
657,Fietsbrug Ijzerlaanbrug,2023-03-06,15:00:00,291,114,177,FMN 10 IJzerlaanbrug
657,Fietsbrug Ijzerlaanbrug,2023-03-06,16:00:00,428,145,283,FMN 10 IJzerlaanbrug
657,Fietsbrug Ijzerlaanbrug,2023-03-06,17:00:00,463,117,346,FMN 10 IJzerlaanbrug
657,Fietsbrug Ijzerlaanbrug,2023-03-06,18:00:00,205,69,136,FMN 10 IJzerlaanbrug
657,Fietsbrug Ijzerlaanbrug,2023-03-06,19:00:00,139,57,82,FMN 10 IJzerlaanbrug
657,Fietsbrug Ijzerlaanbrug,2023-03-06,20:00:00,75,36,39,FMN 10 IJzerlaanbrug
657,Fietsbrug Ijzerlaanbrug,2023-03-06,21:00:00,69,33,36,FMN 10 IJzerlaanbrug
657,Fietsbrug Ijzerlaanbrug,2023-03-06,22:00:00,51,15,36,FMN 10 IJzerlaanbrug
657,Fietsbrug Ijzerlaanbrug,2023-03-06,23:00:00,16,6,10,FMN 10 IJzerlaanbrug
657,Fietsbrug Ijzerlaanbrug,2023-03-07,00:00:00,10,4,6,FMN 10 IJzerlaanbrug
657,Fietsbrug Ijzerlaanbrug,2023-03-07,01:00:00,5,1,4,FMN 10 IJzerlaanbrug
657,Fietsbrug Ijzerlaanbrug,2023-03-07,02:00:00,3,0,3,FMN 10 IJzerlaanbrug
657,Fietsbrug Ijzerlaanbrug,2023-03-07,03:00:00,1,1,0,FMN 10 IJzerlaanbrug
657,Fietsbrug Ijzerlaanbrug,2023-03-07,04:00:00,14,10,4,FMN 10 IJzerlaanbrug
657,Fietsbrug Ijzerlaanbrug,2023-03-07,05:00:00,38,27,11,FMN 10 IJzerlaanbrug
657,Fietsbrug Ijzerlaanbrug,2023-03-07,06:00:00,113,76,37,FMN 10 IJzerlaanbrug
657,Fietsbrug Ijzerlaanbrug,2023-03-07,07:00:00,301,221,80,FMN 10 IJzerlaanbrug
657,Fietsbrug Ijzerlaanbrug,2023-03-07,08:00:00,467,343,124,FMN 10 IJzerlaanbrug
657,Fietsbrug Ijzerlaanbrug,2023-03-07,09:00:00,180,143,37,FMN 10 IJzerlaanbrug
657,Fietsbrug Ijzerlaanbrug,2023-03-07,10:00:00,56,36,20,FMN 10 IJzerlaanbrug
657,Fietsbrug Ijzerlaanbrug,2023-03-07,11:00:00,54,31,23,FMN 10 IJzerlaanbrug
657,Fietsbrug Ijzerlaanbrug,2023-03-07,12:00:00,124,56,68,FMN 10 IJzerlaanbrug
657,Fietsbrug Ijzerlaanbrug,2023-03-07,13:00:00,100,41,59,FMN 10 IJzerlaanbrug
657,Fietsbrug Ijzerlaanbrug,2023-03-07,14:00:00,138,47,91,FMN 10 IJzerlaanbrug
657,Fietsbrug Ijzerlaanbrug,2023-03-07,15:00:00,196,87,109,FMN 10 IJzerlaanbrug
657,Fietsbrug Ijzerlaanbrug,2023-03-07,16:00:00,358,119,239,FMN 10 IJzerlaanbrug
657,Fietsbrug Ijzerlaanbrug,2023-03-07,17:00:00,349,92,257,FMN 10 IJzerlaanbrug
657,Fietsbrug Ijzerlaanbrug,2023-03-07,18:00:00,179,52,127,FMN 10 IJzerlaanbrug
657,Fietsbrug Ijzerlaanbrug,2023-03-07,19:00:00,105,36,69,FMN 10 IJzerlaanbrug
657,Fietsbrug Ijzerlaanbrug,2023-03-07,20:00:00,60,24,36,FMN 10 IJzerlaanbrug
657,Fietsbrug Ijzerlaanbrug,2023-03-07,21:00:00,85,40,45,FMN 10 IJzerlaanbrug
657,Fietsbrug Ijzerlaanbrug,2023-03-07,22:00:00,69,29,40,FMN 10 IJzerlaanbrug
657,Fietsbrug Ijzerlaanbrug,2023-03-07,23:00:00,26,12,14,FMN 10 IJzerlaanbrug
657,Fietsbrug Ijzerlaanbrug,2023-03-08,00:00:00,18,8,10,FMN 10 IJzerlaanbrug
657,Fietsbrug Ijzerlaanbrug,2023-03-08,01:00:00,10,5,5,FMN 10 IJzerlaanbrug
657,Fietsbrug Ijzerlaanbrug,2023-03-08,02:00:00,4,2,2,FMN 10 IJzerlaanbrug
657,Fietsbrug Ijzerlaanbrug,2023-03-08,03:00:00,8,2,6,FMN 10 IJzerlaanbrug
657,Fietsbrug Ijzerlaanbrug,2023-03-08,04:00:00,17,10,7,FMN 10 IJzerlaanbrug
657,Fietsbrug Ijzerlaanbrug,2023-03-08,05:00:00,36,21,15,FMN 10 IJzerlaanbrug
657,Fietsbrug Ijzerlaanbrug,2023-03-08,06:00:00,89,58,31,FMN 10 IJzerlaanbrug
657,Fietsbrug Ijzerlaanbrug,2023-03-08,07:00:00,227,158,69,FMN 10 IJzerlaanbrug
657,Fietsbrug Ijzerlaanbrug,2023-03-08,08:00:00,261,178,83,FMN 10 IJzerlaanbrug
657,Fietsbrug Ijzerlaanbrug,2023-03-08,09:00:00,78,55,23,FMN 10 IJzerlaanbrug
657,Fietsbrug Ijzerlaanbrug,2023-03-08,10:00:00,48,32,16,FMN 10 IJzerlaanbrug
657,Fietsbrug Ijzerlaanbrug,2023-03-08,11:00:00,82,45,37,FMN 10 IJzerlaanbrug
657,Fietsbrug Ijzerlaanbrug,2023-03-08,12:00:00,191,92,99,FMN 10 IJzerlaanbrug
657,Fietsbrug Ijzerlaanbrug,2023-03-08,13:00:00,118,59,59,FMN 10 IJzerlaanbrug
657,Fietsbrug Ijzerlaanbrug,2023-03-08,14:00:00,95,46,49,FMN 10 IJzerlaanbrug
657,Fietsbrug Ijzerlaanbrug,2023-03-08,15:00:00,138,65,73,FMN 10 IJzerlaanbrug
657,Fietsbrug Ijzerlaanbrug,2023-03-08,16:00:00,171,62,109,FMN 10 IJzerlaanbrug
657,Fietsbrug Ijzerlaanbrug,2023-03-08,17:00:00,219,75,144,FMN 10 IJzerlaanbrug
657,Fietsbrug Ijzerlaanbrug,2023-03-08,18:00:00,142,46,96,FMN 10 IJzerlaanbrug
657,Fietsbrug Ijzerlaanbrug,2023-03-08,19:00:00,95,48,47,FMN 10 IJzerlaanbrug
657,Fietsbrug Ijzerlaanbrug,2023-03-08,20:00:00,41,15,26,FMN 10 IJzerlaanbrug
657,Fietsbrug Ijzerlaanbrug,2023-03-08,21:00:00,52,23,29,FMN 10 IJzerlaanbrug
657,Fietsbrug Ijzerlaanbrug,2023-03-08,22:00:00,52,9,43,FMN 10 IJzerlaanbrug
657,Fietsbrug Ijzerlaanbrug,2023-03-08,23:00:00,28,8,20,FMN 10 IJzerlaanbrug
657,Fietsbrug Ijzerlaanbrug,2023-03-09,00:00:00,9,4,5,FMN 10 IJzerlaanbrug
657,Fietsbrug Ijzerlaanbrug,2023-03-09,01:00:00,7,1,6,FMN 10 IJzerlaanbrug
657,Fietsbrug Ijzerlaanbrug,2023-03-09,02:00:00,8,2,6,FMN 10 IJzerlaanbrug
657,Fietsbrug Ijzerlaanbrug,2023-03-09,03:00:00,6,4,2,FMN 10 IJzerlaanbrug
657,Fietsbrug Ijzerlaanbrug,2023-03-09,04:00:00,9,8,1,FMN 10 IJzerlaanbrug
657,Fietsbrug Ijzerlaanbrug,2023-03-09,05:00:00,37,28,9,FMN 10 IJzerlaanbrug
657,Fietsbrug Ijzerlaanbrug,2023-03-09,06:00:00,104,69,35,FMN 10 IJzerlaanbrug
657,Fietsbrug Ijzerlaanbrug,2023-03-09,07:00:00,298,230,68,FMN 10 IJzerlaanbrug
657,Fietsbrug Ijzerlaanbrug,2023-03-09,08:00:00,455,335,120,FMN 10 IJzerlaanbrug
657,Fietsbrug Ijzerlaanbrug,2023-03-09,09:00:00,177,131,46,FMN 10 IJzerlaanbrug
657,Fietsbrug Ijzerlaanbrug,2023-03-09,10:00:00,92,63,29,FMN 10 IJzerlaanbrug
657,Fietsbrug Ijzerlaanbrug,2023-03-09,11:00:00,97,52,45,FMN 10 IJzerlaanbrug
657,Fietsbrug Ijzerlaanbrug,2023-03-09,12:00:00,125,68,57,FMN 10 IJzerlaanbrug
657,Fietsbrug Ijzerlaanbrug,2023-03-09,13:00:00,107,53,54,FMN 10 IJzerlaanbrug
657,Fietsbrug Ijzerlaanbrug,2023-03-09,14:00:00,104,34,70,FMN 10 IJzerlaanbrug
657,Fietsbrug Ijzerlaanbrug,2023-03-09,15:00:00,231,93,138,FMN 10 IJzerlaanbrug
657,Fietsbrug Ijzerlaanbrug,2023-03-09,16:00:00,351,107,244,FMN 10 IJzerlaanbrug
657,Fietsbrug Ijzerlaanbrug,2023-03-09,17:00:00,315,83,232,FMN 10 IJzerlaanbrug
657,Fietsbrug Ijzerlaanbrug,2023-03-09,18:00:00,198,54,144,FMN 10 IJzerlaanbrug
657,Fietsbrug Ijzerlaanbrug,2023-03-09,19:00:00,99,49,50,FMN 10 IJzerlaanbrug
657,Fietsbrug Ijzerlaanbrug,2023-03-09,20:00:00,69,34,35,FMN 10 IJzerlaanbrug
657,Fietsbrug Ijzerlaanbrug,2023-03-09,21:00:00,57,16,41,FMN 10 IJzerlaanbrug
657,Fietsbrug Ijzerlaanbrug,2023-03-09,22:00:00,55,21,34,FMN 10 IJzerlaanbrug
657,Fietsbrug Ijzerlaanbrug,2023-03-09,23:00:00,26,8,18,FMN 10 IJzerlaanbrug
657,Fietsbrug Ijzerlaanbrug,2023-03-10,00:00:00,24,3,21,FMN 10 IJzerlaanbrug
657,Fietsbrug Ijzerlaanbrug,2023-03-10,01:00:00,12,6,6,FMN 10 IJzerlaanbrug
657,Fietsbrug Ijzerlaanbrug,2023-03-10,02:00:00,4,2,2,FMN 10 IJzerlaanbrug
657,Fietsbrug Ijzerlaanbrug,2023-03-10,03:00:00,5,3,2,FMN 10 IJzerlaanbrug
657,Fietsbrug Ijzerlaanbrug,2023-03-10,04:00:00,14,8,6,FMN 10 IJzerlaanbrug
657,Fietsbrug Ijzerlaanbrug,2023-03-10,05:00:00,40,19,21,FMN 10 IJzerlaanbrug
657,Fietsbrug Ijzerlaanbrug,2023-03-10,06:00:00,95,53,42,FMN 10 IJzerlaanbrug
657,Fietsbrug Ijzerlaanbrug,2023-03-10,07:00:00,328,219,109,FMN 10 IJzerlaanbrug
657,Fietsbrug Ijzerlaanbrug,2023-03-10,08:00:00,402,292,110,FMN 10 IJzerlaanbrug
657,Fietsbrug Ijzerlaanbrug,2023-03-10,09:00:00,123,94,29,FMN 10 IJzerlaanbrug
657,Fietsbrug Ijzerlaanbrug,2023-03-10,10:00:00,81,53,28,FMN 10 IJzerlaanbrug
657,Fietsbrug Ijzerlaanbrug,2023-03-10,11:00:00,69,38,31,FMN 10 IJzerlaanbrug
657,Fietsbrug Ijzerlaanbrug,2023-03-10,12:00:00,134,63,71,FMN 10 IJzerlaanbrug
657,Fietsbrug Ijzerlaanbrug,2023-03-10,13:00:00,120,52,68,FMN 10 IJzerlaanbrug
657,Fietsbrug Ijzerlaanbrug,2023-03-10,14:00:00,132,50,82,FMN 10 IJzerlaanbrug
657,Fietsbrug Ijzerlaanbrug,2023-03-10,15:00:00,227,97,130,FMN 10 IJzerlaanbrug
657,Fietsbrug Ijzerlaanbrug,2023-03-10,16:00:00,298,102,196,FMN 10 IJzerlaanbrug
657,Fietsbrug Ijzerlaanbrug,2023-03-10,17:00:00,260,74,186,FMN 10 IJzerlaanbrug
657,Fietsbrug Ijzerlaanbrug,2023-03-10,18:00:00,198,76,122,FMN 10 IJzerlaanbrug
657,Fietsbrug Ijzerlaanbrug,2023-03-10,19:00:00,113,52,61,FMN 10 IJzerlaanbrug
657,Fietsbrug Ijzerlaanbrug,2023-03-10,20:00:00,86,44,42,FMN 10 IJzerlaanbrug
657,Fietsbrug Ijzerlaanbrug,2023-03-10,21:00:00,64,29,35,FMN 10 IJzerlaanbrug
657,Fietsbrug Ijzerlaanbrug,2023-03-10,22:00:00,57,19,38,FMN 10 IJzerlaanbrug
657,Fietsbrug Ijzerlaanbrug,2023-03-10,23:00:00,60,24,36,FMN 10 IJzerlaanbrug
657,Fietsbrug Ijzerlaanbrug,2023-03-11,00:00:00,20,9,11,FMN 10 IJzerlaanbrug
657,Fietsbrug Ijzerlaanbrug,2023-03-11,01:00:00,25,8,17,FMN 10 IJzerlaanbrug
657,Fietsbrug Ijzerlaanbrug,2023-03-11,02:00:00,20,3,17,FMN 10 IJzerlaanbrug
657,Fietsbrug Ijzerlaanbrug,2023-03-11,03:00:00,28,15,13,FMN 10 IJzerlaanbrug
657,Fietsbrug Ijzerlaanbrug,2023-03-11,04:00:00,9,2,7,FMN 10 IJzerlaanbrug
657,Fietsbrug Ijzerlaanbrug,2023-03-11,05:00:00,24,6,18,FMN 10 IJzerlaanbrug
657,Fietsbrug Ijzerlaanbrug,2023-03-11,06:00:00,20,15,5,FMN 10 IJzerlaanbrug
657,Fietsbrug Ijzerlaanbrug,2023-03-11,07:00:00,29,17,12,FMN 10 IJzerlaanbrug
657,Fietsbrug Ijzerlaanbrug,2023-03-11,08:00:00,56,33,23,FMN 10 IJzerlaanbrug
657,Fietsbrug Ijzerlaanbrug,2023-03-11,09:00:00,126,88,38,FMN 10 IJzerlaanbrug
657,Fietsbrug Ijzerlaanbrug,2023-03-11,10:00:00,130,82,48,FMN 10 IJzerlaanbrug
657,Fietsbrug Ijzerlaanbrug,2023-03-11,11:00:00,137,88,49,FMN 10 IJzerlaanbrug
657,Fietsbrug Ijzerlaanbrug,2023-03-11,12:00:00,201,101,100,FMN 10 IJzerlaanbrug
657,Fietsbrug Ijzerlaanbrug,2023-03-11,13:00:00,201,127,74,FMN 10 IJzerlaanbrug
657,Fietsbrug Ijzerlaanbrug,2023-03-11,14:00:00,241,123,118,FMN 10 IJzerlaanbrug
657,Fietsbrug Ijzerlaanbrug,2023-03-11,15:00:00,164,70,94,FMN 10 IJzerlaanbrug
657,Fietsbrug Ijzerlaanbrug,2023-03-11,16:00:00,167,69,98,FMN 10 IJzerlaanbrug
657,Fietsbrug Ijzerlaanbrug,2023-03-11,17:00:00,163,67,96,FMN 10 IJzerlaanbrug
657,Fietsbrug Ijzerlaanbrug,2023-03-11,18:00:00,122,56,66,FMN 10 IJzerlaanbrug
657,Fietsbrug Ijzerlaanbrug,2023-03-11,19:00:00,115,59,56,FMN 10 IJzerlaanbrug
657,Fietsbrug Ijzerlaanbrug,2023-03-11,20:00:00,76,37,39,FMN 10 IJzerlaanbrug
657,Fietsbrug Ijzerlaanbrug,2023-03-11,21:00:00,57,26,31,FMN 10 IJzerlaanbrug
657,Fietsbrug Ijzerlaanbrug,2023-03-11,22:00:00,61,29,32,FMN 10 IJzerlaanbrug
657,Fietsbrug Ijzerlaanbrug,2023-03-11,23:00:00,69,23,46,FMN 10 IJzerlaanbrug
657,Fietsbrug Ijzerlaanbrug,2023-03-12,00:00:00,30,10,20,FMN 10 IJzerlaanbrug
657,Fietsbrug Ijzerlaanbrug,2023-03-12,01:00:00,29,9,20,FMN 10 IJzerlaanbrug
657,Fietsbrug Ijzerlaanbrug,2023-03-12,02:00:00,20,1,19,FMN 10 IJzerlaanbrug
657,Fietsbrug Ijzerlaanbrug,2023-03-12,03:00:00,15,3,12,FMN 10 IJzerlaanbrug
657,Fietsbrug Ijzerlaanbrug,2023-03-12,04:00:00,11,5,6,FMN 10 IJzerlaanbrug
657,Fietsbrug Ijzerlaanbrug,2023-03-12,05:00:00,11,2,9,FMN 10 IJzerlaanbrug
657,Fietsbrug Ijzerlaanbrug,2023-03-12,06:00:00,22,14,8,FMN 10 IJzerlaanbrug
657,Fietsbrug Ijzerlaanbrug,2023-03-12,07:00:00,19,10,9,FMN 10 IJzerlaanbrug
657,Fietsbrug Ijzerlaanbrug,2023-03-12,08:00:00,31,20,11,FMN 10 IJzerlaanbrug
657,Fietsbrug Ijzerlaanbrug,2023-03-12,09:00:00,56,40,16,FMN 10 IJzerlaanbrug
657,Fietsbrug Ijzerlaanbrug,2023-03-12,10:00:00,76,41,35,FMN 10 IJzerlaanbrug
657,Fietsbrug Ijzerlaanbrug,2023-03-12,11:00:00,74,32,42,FMN 10 IJzerlaanbrug
657,Fietsbrug Ijzerlaanbrug,2023-03-12,12:00:00,84,42,42,FMN 10 IJzerlaanbrug
657,Fietsbrug Ijzerlaanbrug,2023-03-12,13:00:00,111,65,46,FMN 10 IJzerlaanbrug
657,Fietsbrug Ijzerlaanbrug,2023-03-12,14:00:00,107,52,55,FMN 10 IJzerlaanbrug
657,Fietsbrug Ijzerlaanbrug,2023-03-12,15:00:00,110,53,57,FMN 10 IJzerlaanbrug
657,Fietsbrug Ijzerlaanbrug,2023-03-12,16:00:00,106,39,67,FMN 10 IJzerlaanbrug
657,Fietsbrug Ijzerlaanbrug,2023-03-12,17:00:00,108,49,59,FMN 10 IJzerlaanbrug
657,Fietsbrug Ijzerlaanbrug,2023-03-12,18:00:00,81,45,36,FMN 10 IJzerlaanbrug
657,Fietsbrug Ijzerlaanbrug,2023-03-12,19:00:00,90,41,49,FMN 10 IJzerlaanbrug
657,Fietsbrug Ijzerlaanbrug,2023-03-12,20:00:00,57,22,35,FMN 10 IJzerlaanbrug
657,Fietsbrug Ijzerlaanbrug,2023-03-12,21:00:00,40,27,13,FMN 10 IJzerlaanbrug
657,Fietsbrug Ijzerlaanbrug,2023-03-12,22:00:00,39,15,24,FMN 10 IJzerlaanbrug
657,Fietsbrug Ijzerlaanbrug,2023-03-12,23:00:00,23,4,19,FMN 10 IJzerlaanbrug
657,Fietsbrug Ijzerlaanbrug,2023-03-13,00:00:00,17,4,13,FMN 10 IJzerlaanbrug
657,Fietsbrug Ijzerlaanbrug,2023-03-13,01:00:00,4,1,3,FMN 10 IJzerlaanbrug
657,Fietsbrug Ijzerlaanbrug,2023-03-13,02:00:00,5,0,5,FMN 10 IJzerlaanbrug
657,Fietsbrug Ijzerlaanbrug,2023-03-13,03:00:00,4,1,3,FMN 10 IJzerlaanbrug
657,Fietsbrug Ijzerlaanbrug,2023-03-13,04:00:00,12,9,3,FMN 10 IJzerlaanbrug
657,Fietsbrug Ijzerlaanbrug,2023-03-13,05:00:00,37,22,15,FMN 10 IJzerlaanbrug
657,Fietsbrug Ijzerlaanbrug,2023-03-13,06:00:00,131,82,49,FMN 10 IJzerlaanbrug
657,Fietsbrug Ijzerlaanbrug,2023-03-13,07:00:00,351,261,90,FMN 10 IJzerlaanbrug
657,Fietsbrug Ijzerlaanbrug,2023-03-13,08:00:00,511,365,146,FMN 10 IJzerlaanbrug
657,Fietsbrug Ijzerlaanbrug,2023-03-13,09:00:00,163,111,52,FMN 10 IJzerlaanbrug
657,Fietsbrug Ijzerlaanbrug,2023-03-13,10:00:00,108,67,41,FMN 10 IJzerlaanbrug
657,Fietsbrug Ijzerlaanbrug,2023-03-13,11:00:00,96,57,39,FMN 10 IJzerlaanbrug
657,Fietsbrug Ijzerlaanbrug,2023-03-13,12:00:00,145,81,64,FMN 10 IJzerlaanbrug
657,Fietsbrug Ijzerlaanbrug,2023-03-13,13:00:00,143,77,66,FMN 10 IJzerlaanbrug
657,Fietsbrug Ijzerlaanbrug,2023-03-13,14:00:00,154,65,89,FMN 10 IJzerlaanbrug
657,Fietsbrug Ijzerlaanbrug,2023-03-13,15:00:00,284,128,156,FMN 10 IJzerlaanbrug
657,Fietsbrug Ijzerlaanbrug,2023-03-13,16:00:00,418,139,279,FMN 10 IJzerlaanbrug
657,Fietsbrug Ijzerlaanbrug,2023-03-13,17:00:00,476,132,344,FMN 10 IJzerlaanbrug
657,Fietsbrug Ijzerlaanbrug,2023-03-13,18:00:00,258,80,178,FMN 10 IJzerlaanbrug
657,Fietsbrug Ijzerlaanbrug,2023-03-13,19:00:00,148,66,82,FMN 10 IJzerlaanbrug
657,Fietsbrug Ijzerlaanbrug,2023-03-13,20:00:00,102,48,54,FMN 10 IJzerlaanbrug
657,Fietsbrug Ijzerlaanbrug,2023-03-13,21:00:00,72,25,47,FMN 10 IJzerlaanbrug
657,Fietsbrug Ijzerlaanbrug,2023-03-13,22:00:00,78,34,44,FMN 10 IJzerlaanbrug
657,Fietsbrug Ijzerlaanbrug,2023-03-13,23:00:00,30,6,24,FMN 10 IJzerlaanbrug
657,Fietsbrug Ijzerlaanbrug,2023-03-14,00:00:00,13,2,11,FMN 10 IJzerlaanbrug
657,Fietsbrug Ijzerlaanbrug,2023-03-14,01:00:00,3,0,3,FMN 10 IJzerlaanbrug
657,Fietsbrug Ijzerlaanbrug,2023-03-14,02:00:00,5,0,5,FMN 10 IJzerlaanbrug
657,Fietsbrug Ijzerlaanbrug,2023-03-14,03:00:00,6,3,3,FMN 10 IJzerlaanbrug
657,Fietsbrug Ijzerlaanbrug,2023-03-14,04:00:00,12,5,7,FMN 10 IJzerlaanbrug
657,Fietsbrug Ijzerlaanbrug,2023-03-14,05:00:00,48,25,23,FMN 10 IJzerlaanbrug
657,Fietsbrug Ijzerlaanbrug,2023-03-14,06:00:00,117,79,38,FMN 10 IJzerlaanbrug
657,Fietsbrug Ijzerlaanbrug,2023-03-14,07:00:00,311,233,78,FMN 10 IJzerlaanbrug
657,Fietsbrug Ijzerlaanbrug,2023-03-14,08:00:00,443,322,121,FMN 10 IJzerlaanbrug
657,Fietsbrug Ijzerlaanbrug,2023-03-14,09:00:00,158,118,40,FMN 10 IJzerlaanbrug
657,Fietsbrug Ijzerlaanbrug,2023-03-14,10:00:00,62,37,25,FMN 10 IJzerlaanbrug
657,Fietsbrug Ijzerlaanbrug,2023-03-14,11:00:00,91,56,35,FMN 10 IJzerlaanbrug
657,Fietsbrug Ijzerlaanbrug,2023-03-14,12:00:00,121,61,60,FMN 10 IJzerlaanbrug
657,Fietsbrug Ijzerlaanbrug,2023-03-14,13:00:00,124,64,60,FMN 10 IJzerlaanbrug
657,Fietsbrug Ijzerlaanbrug,2023-03-14,14:00:00,136,52,84,FMN 10 IJzerlaanbrug
657,Fietsbrug Ijzerlaanbrug,2023-03-14,15:00:00,233,102,131,FMN 10 IJzerlaanbrug
657,Fietsbrug Ijzerlaanbrug,2023-03-14,16:00:00,402,123,279,FMN 10 IJzerlaanbrug
657,Fietsbrug Ijzerlaanbrug,2023-03-14,17:00:00,367,101,266,FMN 10 IJzerlaanbrug
657,Fietsbrug Ijzerlaanbrug,2023-03-14,18:00:00,235,71,164,FMN 10 IJzerlaanbrug
657,Fietsbrug Ijzerlaanbrug,2023-03-14,19:00:00,135,60,75,FMN 10 IJzerlaanbrug
657,Fietsbrug Ijzerlaanbrug,2023-03-14,20:00:00,92,44,48,FMN 10 IJzerlaanbrug
657,Fietsbrug Ijzerlaanbrug,2023-03-14,21:00:00,75,33,42,FMN 10 IJzerlaanbrug
657,Fietsbrug Ijzerlaanbrug,2023-03-14,22:00:00,64,22,42,FMN 10 IJzerlaanbrug
657,Fietsbrug Ijzerlaanbrug,2023-03-14,23:00:00,27,4,23,FMN 10 IJzerlaanbrug
657,Fietsbrug Ijzerlaanbrug,2023-03-15,00:00:00,15,6,9,FMN 10 IJzerlaanbrug
657,Fietsbrug Ijzerlaanbrug,2023-03-15,01:00:00,18,10,8,FMN 10 IJzerlaanbrug
657,Fietsbrug Ijzerlaanbrug,2023-03-15,02:00:00,4,0,4,FMN 10 IJzerlaanbrug
657,Fietsbrug Ijzerlaanbrug,2023-03-15,03:00:00,6,2,4,FMN 10 IJzerlaanbrug
657,Fietsbrug Ijzerlaanbrug,2023-03-15,04:00:00,18,10,8,FMN 10 IJzerlaanbrug
657,Fietsbrug Ijzerlaanbrug,2023-03-15,05:00:00,36,26,10,FMN 10 IJzerlaanbrug
657,Fietsbrug Ijzerlaanbrug,2023-03-15,06:00:00,125,82,43,FMN 10 IJzerlaanbrug
657,Fietsbrug Ijzerlaanbrug,2023-03-15,07:00:00,344,239,105,FMN 10 IJzerlaanbrug
657,Fietsbrug Ijzerlaanbrug,2023-03-15,08:00:00,482,354,128,FMN 10 IJzerlaanbrug
657,Fietsbrug Ijzerlaanbrug,2023-03-15,09:00:00,164,120,44,FMN 10 IJzerlaanbrug
657,Fietsbrug Ijzerlaanbrug,2023-03-15,10:00:00,121,78,43,FMN 10 IJzerlaanbrug
657,Fietsbrug Ijzerlaanbrug,2023-03-15,11:00:00,128,61,67,FMN 10 IJzerlaanbrug
657,Fietsbrug Ijzerlaanbrug,2023-03-15,12:00:00,329,154,175,FMN 10 IJzerlaanbrug
657,Fietsbrug Ijzerlaanbrug,2023-03-15,13:00:00,215,106,109,FMN 10 IJzerlaanbrug
657,Fietsbrug Ijzerlaanbrug,2023-03-15,14:00:00,159,83,76,FMN 10 IJzerlaanbrug
657,Fietsbrug Ijzerlaanbrug,2023-03-15,15:00:00,242,107,135,FMN 10 IJzerlaanbrug
657,Fietsbrug Ijzerlaanbrug,2023-03-15,16:00:00,336,115,221,FMN 10 IJzerlaanbrug
657,Fietsbrug Ijzerlaanbrug,2023-03-15,17:00:00,405,121,284,FMN 10 IJzerlaanbrug
657,Fietsbrug Ijzerlaanbrug,2023-03-15,18:00:00,263,89,174,FMN 10 IJzerlaanbrug
657,Fietsbrug Ijzerlaanbrug,2023-03-15,19:00:00,156,69,87,FMN 10 IJzerlaanbrug
657,Fietsbrug Ijzerlaanbrug,2023-03-15,20:00:00,87,44,43,FMN 10 IJzerlaanbrug
657,Fietsbrug Ijzerlaanbrug,2023-03-15,21:00:00,68,25,43,FMN 10 IJzerlaanbrug
657,Fietsbrug Ijzerlaanbrug,2023-03-15,22:00:00,84,35,49,FMN 10 IJzerlaanbrug
657,Fietsbrug Ijzerlaanbrug,2023-03-15,23:00:00,36,10,26,FMN 10 IJzerlaanbrug
657,Fietsbrug Ijzerlaanbrug,2023-03-16,00:00:00,10,3,7,FMN 10 IJzerlaanbrug
657,Fietsbrug Ijzerlaanbrug,2023-03-16,01:00:00,10,2,8,FMN 10 IJzerlaanbrug
657,Fietsbrug Ijzerlaanbrug,2023-03-16,02:00:00,11,0,11,FMN 10 IJzerlaanbrug
657,Fietsbrug Ijzerlaanbrug,2023-03-16,03:00:00,4,3,1,FMN 10 IJzerlaanbrug
657,Fietsbrug Ijzerlaanbrug,2023-03-16,04:00:00,17,11,6,FMN 10 IJzerlaanbrug
657,Fietsbrug Ijzerlaanbrug,2023-03-16,05:00:00,42,28,14,FMN 10 IJzerlaanbrug
657,Fietsbrug Ijzerlaanbrug,2023-03-16,06:00:00,124,86,38,FMN 10 IJzerlaanbrug
657,Fietsbrug Ijzerlaanbrug,2023-03-16,07:00:00,394,288,106,FMN 10 IJzerlaanbrug
657,Fietsbrug Ijzerlaanbrug,2023-03-16,08:00:00,543,391,152,FMN 10 IJzerlaanbrug
657,Fietsbrug Ijzerlaanbrug,2023-03-16,09:00:00,208,163,45,FMN 10 IJzerlaanbrug
657,Fietsbrug Ijzerlaanbrug,2023-03-16,10:00:00,131,91,40,FMN 10 IJzerlaanbrug
657,Fietsbrug Ijzerlaanbrug,2023-03-16,11:00:00,106,59,47,FMN 10 IJzerlaanbrug
657,Fietsbrug Ijzerlaanbrug,2023-03-16,12:00:00,220,110,110,FMN 10 IJzerlaanbrug
657,Fietsbrug Ijzerlaanbrug,2023-03-16,13:00:00,200,97,103,FMN 10 IJzerlaanbrug
657,Fietsbrug Ijzerlaanbrug,2023-03-16,14:00:00,191,74,117,FMN 10 IJzerlaanbrug
657,Fietsbrug Ijzerlaanbrug,2023-03-16,15:00:00,296,118,178,FMN 10 IJzerlaanbrug
657,Fietsbrug Ijzerlaanbrug,2023-03-16,16:00:00,497,158,339,FMN 10 IJzerlaanbrug
657,Fietsbrug Ijzerlaanbrug,2023-03-16,17:00:00,478,158,320,FMN 10 IJzerlaanbrug
657,Fietsbrug Ijzerlaanbrug,2023-03-16,18:00:00,293,87,206,FMN 10 IJzerlaanbrug
657,Fietsbrug Ijzerlaanbrug,2023-03-16,19:00:00,183,75,108,FMN 10 IJzerlaanbrug
657,Fietsbrug Ijzerlaanbrug,2023-03-16,20:00:00,121,51,70,FMN 10 IJzerlaanbrug
657,Fietsbrug Ijzerlaanbrug,2023-03-16,21:00:00,92,29,63,FMN 10 IJzerlaanbrug
657,Fietsbrug Ijzerlaanbrug,2023-03-16,22:00:00,90,30,60,FMN 10 IJzerlaanbrug
657,Fietsbrug Ijzerlaanbrug,2023-03-16,23:00:00,60,13,47,FMN 10 IJzerlaanbrug
657,Fietsbrug Ijzerlaanbrug,2023-03-17,00:00:00,28,12,16,FMN 10 IJzerlaanbrug
657,Fietsbrug Ijzerlaanbrug,2023-03-17,01:00:00,19,5,14,FMN 10 IJzerlaanbrug
657,Fietsbrug Ijzerlaanbrug,2023-03-17,02:00:00,11,1,10,FMN 10 IJzerlaanbrug
657,Fietsbrug Ijzerlaanbrug,2023-03-17,03:00:00,7,1,6,FMN 10 IJzerlaanbrug
657,Fietsbrug Ijzerlaanbrug,2023-03-17,04:00:00,29,11,18,FMN 10 IJzerlaanbrug
657,Fietsbrug Ijzerlaanbrug,2023-03-17,05:00:00,44,29,15,FMN 10 IJzerlaanbrug
657,Fietsbrug Ijzerlaanbrug,2023-03-17,06:00:00,128,82,46,FMN 10 IJzerlaanbrug
657,Fietsbrug Ijzerlaanbrug,2023-03-17,07:00:00,349,247,102,FMN 10 IJzerlaanbrug
657,Fietsbrug Ijzerlaanbrug,2023-03-17,08:00:00,498,362,136,FMN 10 IJzerlaanbrug
657,Fietsbrug Ijzerlaanbrug,2023-03-17,09:00:00,193,139,54,FMN 10 IJzerlaanbrug
657,Fietsbrug Ijzerlaanbrug,2023-03-17,10:00:00,137,87,50,FMN 10 IJzerlaanbrug
657,Fietsbrug Ijzerlaanbrug,2023-03-17,11:00:00,153,87,66,FMN 10 IJzerlaanbrug
657,Fietsbrug Ijzerlaanbrug,2023-03-17,12:00:00,195,99,96,FMN 10 IJzerlaanbrug
657,Fietsbrug Ijzerlaanbrug,2023-03-17,13:00:00,209,98,111,FMN 10 IJzerlaanbrug
657,Fietsbrug Ijzerlaanbrug,2023-03-17,14:00:00,250,117,133,FMN 10 IJzerlaanbrug
657,Fietsbrug Ijzerlaanbrug,2023-03-17,15:00:00,362,148,214,FMN 10 IJzerlaanbrug
657,Fietsbrug Ijzerlaanbrug,2023-03-17,16:00:00,440,130,310,FMN 10 IJzerlaanbrug
657,Fietsbrug Ijzerlaanbrug,2023-03-17,17:00:00,404,151,253,FMN 10 IJzerlaanbrug
657,Fietsbrug Ijzerlaanbrug,2023-03-17,18:00:00,283,109,174,FMN 10 IJzerlaanbrug
657,Fietsbrug Ijzerlaanbrug,2023-03-17,19:00:00,205,91,114,FMN 10 IJzerlaanbrug
657,Fietsbrug Ijzerlaanbrug,2023-03-17,20:00:00,116,55,61,FMN 10 IJzerlaanbrug
657,Fietsbrug Ijzerlaanbrug,2023-03-17,21:00:00,97,45,52,FMN 10 IJzerlaanbrug
657,Fietsbrug Ijzerlaanbrug,2023-03-17,22:00:00,96,41,55,FMN 10 IJzerlaanbrug
657,Fietsbrug Ijzerlaanbrug,2023-03-17,23:00:00,68,18,50,FMN 10 IJzerlaanbrug
657,Fietsbrug Ijzerlaanbrug,2023-03-18,00:00:00,72,18,54,FMN 10 IJzerlaanbrug
657,Fietsbrug Ijzerlaanbrug,2023-03-18,01:00:00,39,8,31,FMN 10 IJzerlaanbrug
657,Fietsbrug Ijzerlaanbrug,2023-03-18,02:00:00,19,4,15,FMN 10 IJzerlaanbrug
657,Fietsbrug Ijzerlaanbrug,2023-03-18,03:00:00,33,18,15,FMN 10 IJzerlaanbrug
657,Fietsbrug Ijzerlaanbrug,2023-03-18,04:00:00,30,6,24,FMN 10 IJzerlaanbrug
657,Fietsbrug Ijzerlaanbrug,2023-03-18,05:00:00,16,5,11,FMN 10 IJzerlaanbrug
657,Fietsbrug Ijzerlaanbrug,2023-03-18,06:00:00,29,14,15,FMN 10 IJzerlaanbrug
657,Fietsbrug Ijzerlaanbrug,2023-03-18,07:00:00,31,18,13,FMN 10 IJzerlaanbrug
657,Fietsbrug Ijzerlaanbrug,2023-03-18,08:00:00,85,44,41,FMN 10 IJzerlaanbrug
657,Fietsbrug Ijzerlaanbrug,2023-03-18,09:00:00,151,90,61,FMN 10 IJzerlaanbrug
657,Fietsbrug Ijzerlaanbrug,2023-03-18,10:00:00,175,111,64,FMN 10 IJzerlaanbrug
657,Fietsbrug Ijzerlaanbrug,2023-03-18,11:00:00,148,85,63,FMN 10 IJzerlaanbrug
657,Fietsbrug Ijzerlaanbrug,2023-03-18,12:00:00,159,87,72,FMN 10 IJzerlaanbrug
657,Fietsbrug Ijzerlaanbrug,2023-03-18,13:00:00,218,124,94,FMN 10 IJzerlaanbrug
657,Fietsbrug Ijzerlaanbrug,2023-03-18,14:00:00,236,127,109,FMN 10 IJzerlaanbrug
657,Fietsbrug Ijzerlaanbrug,2023-03-18,15:00:00,153,66,87,FMN 10 IJzerlaanbrug
657,Fietsbrug Ijzerlaanbrug,2023-03-18,16:00:00,189,63,126,FMN 10 IJzerlaanbrug
657,Fietsbrug Ijzerlaanbrug,2023-03-18,17:00:00,178,81,97,FMN 10 IJzerlaanbrug
657,Fietsbrug Ijzerlaanbrug,2023-03-18,18:00:00,151,77,74,FMN 10 IJzerlaanbrug
657,Fietsbrug Ijzerlaanbrug,2023-03-18,19:00:00,87,43,44,FMN 10 IJzerlaanbrug
657,Fietsbrug Ijzerlaanbrug,2023-03-18,20:00:00,75,43,32,FMN 10 IJzerlaanbrug
657,Fietsbrug Ijzerlaanbrug,2023-03-18,21:00:00,63,29,34,FMN 10 IJzerlaanbrug
657,Fietsbrug Ijzerlaanbrug,2023-03-18,22:00:00,50,20,30,FMN 10 IJzerlaanbrug
657,Fietsbrug Ijzerlaanbrug,2023-03-18,23:00:00,48,15,33,FMN 10 IJzerlaanbrug
657,Fietsbrug Ijzerlaanbrug,2023-03-19,00:00:00,45,16,29,FMN 10 IJzerlaanbrug
657,Fietsbrug Ijzerlaanbrug,2023-03-19,01:00:00,29,6,23,FMN 10 IJzerlaanbrug
657,Fietsbrug Ijzerlaanbrug,2023-03-19,02:00:00,16,3,13,FMN 10 IJzerlaanbrug
657,Fietsbrug Ijzerlaanbrug,2023-03-19,03:00:00,20,7,13,FMN 10 IJzerlaanbrug
657,Fietsbrug Ijzerlaanbrug,2023-03-19,04:00:00,13,5,8,FMN 10 IJzerlaanbrug
657,Fietsbrug Ijzerlaanbrug,2023-03-19,05:00:00,27,10,17,FMN 10 IJzerlaanbrug
657,Fietsbrug Ijzerlaanbrug,2023-03-19,06:00:00,18,6,12,FMN 10 IJzerlaanbrug
657,Fietsbrug Ijzerlaanbrug,2023-03-19,07:00:00,30,15,15,FMN 10 IJzerlaanbrug
657,Fietsbrug Ijzerlaanbrug,2023-03-19,08:00:00,51,36,15,FMN 10 IJzerlaanbrug
657,Fietsbrug Ijzerlaanbrug,2023-03-19,09:00:00,112,63,49,FMN 10 IJzerlaanbrug
657,Fietsbrug Ijzerlaanbrug,2023-03-19,10:00:00,166,96,70,FMN 10 IJzerlaanbrug
657,Fietsbrug Ijzerlaanbrug,2023-03-19,11:00:00,115,57,58,FMN 10 IJzerlaanbrug
657,Fietsbrug Ijzerlaanbrug,2023-03-19,12:00:00,125,65,60,FMN 10 IJzerlaanbrug
657,Fietsbrug Ijzerlaanbrug,2023-03-19,13:00:00,160,82,78,FMN 10 IJzerlaanbrug
657,Fietsbrug Ijzerlaanbrug,2023-03-19,14:00:00,168,104,64,FMN 10 IJzerlaanbrug
657,Fietsbrug Ijzerlaanbrug,2023-03-19,15:00:00,127,58,69,FMN 10 IJzerlaanbrug
657,Fietsbrug Ijzerlaanbrug,2023-03-19,16:00:00,136,48,88,FMN 10 IJzerlaanbrug
657,Fietsbrug Ijzerlaanbrug,2023-03-19,17:00:00,130,51,79,FMN 10 IJzerlaanbrug
657,Fietsbrug Ijzerlaanbrug,2023-03-19,18:00:00,109,50,59,FMN 10 IJzerlaanbrug
657,Fietsbrug Ijzerlaanbrug,2023-03-19,19:00:00,66,31,35,FMN 10 IJzerlaanbrug
657,Fietsbrug Ijzerlaanbrug,2023-03-19,20:00:00,45,19,26,FMN 10 IJzerlaanbrug
657,Fietsbrug Ijzerlaanbrug,2023-03-19,21:00:00,47,17,30,FMN 10 IJzerlaanbrug
657,Fietsbrug Ijzerlaanbrug,2023-03-19,22:00:00,42,14,28,FMN 10 IJzerlaanbrug
657,Fietsbrug Ijzerlaanbrug,2023-03-19,23:00:00,32,7,25,FMN 10 IJzerlaanbrug
657,Fietsbrug Ijzerlaanbrug,2023-03-20,00:00:00,14,7,7,FMN 10 IJzerlaanbrug
657,Fietsbrug Ijzerlaanbrug,2023-03-20,01:00:00,2,0,2,FMN 10 IJzerlaanbrug
657,Fietsbrug Ijzerlaanbrug,2023-03-20,02:00:00,8,4,4,FMN 10 IJzerlaanbrug
657,Fietsbrug Ijzerlaanbrug,2023-03-20,03:00:00,3,2,1,FMN 10 IJzerlaanbrug
657,Fietsbrug Ijzerlaanbrug,2023-03-20,04:00:00,23,12,11,FMN 10 IJzerlaanbrug
657,Fietsbrug Ijzerlaanbrug,2023-03-20,05:00:00,49,29,20,FMN 10 IJzerlaanbrug
657,Fietsbrug Ijzerlaanbrug,2023-03-20,06:00:00,132,77,55,FMN 10 IJzerlaanbrug
657,Fietsbrug Ijzerlaanbrug,2023-03-20,07:00:00,403,309,94,FMN 10 IJzerlaanbrug
657,Fietsbrug Ijzerlaanbrug,2023-03-20,08:00:00,588,430,158,FMN 10 IJzerlaanbrug
657,Fietsbrug Ijzerlaanbrug,2023-03-20,09:00:00,179,114,65,FMN 10 IJzerlaanbrug
657,Fietsbrug Ijzerlaanbrug,2023-03-20,10:00:00,97,74,23,FMN 10 IJzerlaanbrug
657,Fietsbrug Ijzerlaanbrug,2023-03-20,11:00:00,99,53,46,FMN 10 IJzerlaanbrug
657,Fietsbrug Ijzerlaanbrug,2023-03-20,12:00:00,146,74,72,FMN 10 IJzerlaanbrug
657,Fietsbrug Ijzerlaanbrug,2023-03-20,13:00:00,158,76,82,FMN 10 IJzerlaanbrug
657,Fietsbrug Ijzerlaanbrug,2023-03-20,14:00:00,125,55,70,FMN 10 IJzerlaanbrug
657,Fietsbrug Ijzerlaanbrug,2023-03-20,15:00:00,273,123,150,FMN 10 IJzerlaanbrug
657,Fietsbrug Ijzerlaanbrug,2023-03-20,16:00:00,430,140,290,FMN 10 IJzerlaanbrug
657,Fietsbrug Ijzerlaanbrug,2023-03-20,17:00:00,426,102,324,FMN 10 IJzerlaanbrug
657,Fietsbrug Ijzerlaanbrug,2023-03-20,18:00:00,246,72,174,FMN 10 IJzerlaanbrug
657,Fietsbrug Ijzerlaanbrug,2023-03-20,19:00:00,152,64,88,FMN 10 IJzerlaanbrug
657,Fietsbrug Ijzerlaanbrug,2023-03-20,20:00:00,60,26,34,FMN 10 IJzerlaanbrug
657,Fietsbrug Ijzerlaanbrug,2023-03-20,21:00:00,67,24,43,FMN 10 IJzerlaanbrug
657,Fietsbrug Ijzerlaanbrug,2023-03-20,22:00:00,75,32,43,FMN 10 IJzerlaanbrug
657,Fietsbrug Ijzerlaanbrug,2023-03-20,23:00:00,29,7,22,FMN 10 IJzerlaanbrug
657,Fietsbrug Ijzerlaanbrug,2023-03-21,00:00:00,10,3,7,FMN 10 IJzerlaanbrug
657,Fietsbrug Ijzerlaanbrug,2023-03-21,01:00:00,9,2,7,FMN 10 IJzerlaanbrug
657,Fietsbrug Ijzerlaanbrug,2023-03-21,02:00:00,3,1,2,FMN 10 IJzerlaanbrug
657,Fietsbrug Ijzerlaanbrug,2023-03-21,03:00:00,5,4,1,FMN 10 IJzerlaanbrug
657,Fietsbrug Ijzerlaanbrug,2023-03-21,04:00:00,18,12,6,FMN 10 IJzerlaanbrug
657,Fietsbrug Ijzerlaanbrug,2023-03-21,05:00:00,48,30,18,FMN 10 IJzerlaanbrug
657,Fietsbrug Ijzerlaanbrug,2023-03-21,06:00:00,138,84,54,FMN 10 IJzerlaanbrug
657,Fietsbrug Ijzerlaanbrug,2023-03-21,07:00:00,348,261,87,FMN 10 IJzerlaanbrug
657,Fietsbrug Ijzerlaanbrug,2023-03-21,08:00:00,546,405,141,FMN 10 IJzerlaanbrug
657,Fietsbrug Ijzerlaanbrug,2023-03-21,09:00:00,203,140,63,FMN 10 IJzerlaanbrug
657,Fietsbrug Ijzerlaanbrug,2023-03-21,10:00:00,105,70,35,FMN 10 IJzerlaanbrug
657,Fietsbrug Ijzerlaanbrug,2023-03-21,11:00:00,119,66,53,FMN 10 IJzerlaanbrug
657,Fietsbrug Ijzerlaanbrug,2023-03-21,12:00:00,177,95,82,FMN 10 IJzerlaanbrug
657,Fietsbrug Ijzerlaanbrug,2023-03-21,13:00:00,175,95,80,FMN 10 IJzerlaanbrug
657,Fietsbrug Ijzerlaanbrug,2023-03-21,14:00:00,199,86,113,FMN 10 IJzerlaanbrug
657,Fietsbrug Ijzerlaanbrug,2023-03-21,15:00:00,331,133,198,FMN 10 IJzerlaanbrug
657,Fietsbrug Ijzerlaanbrug,2023-03-21,16:00:00,428,132,296,FMN 10 IJzerlaanbrug
657,Fietsbrug Ijzerlaanbrug,2023-03-21,17:00:00,454,124,330,FMN 10 IJzerlaanbrug
657,Fietsbrug Ijzerlaanbrug,2023-03-21,18:00:00,250,93,157,FMN 10 IJzerlaanbrug
657,Fietsbrug Ijzerlaanbrug,2023-03-21,19:00:00,159,55,104,FMN 10 IJzerlaanbrug
657,Fietsbrug Ijzerlaanbrug,2023-03-21,20:00:00,94,52,42,FMN 10 IJzerlaanbrug
657,Fietsbrug Ijzerlaanbrug,2023-03-21,21:00:00,103,55,48,FMN 10 IJzerlaanbrug
657,Fietsbrug Ijzerlaanbrug,2023-03-21,22:00:00,76,24,52,FMN 10 IJzerlaanbrug
657,Fietsbrug Ijzerlaanbrug,2023-03-21,23:00:00,38,6,32,FMN 10 IJzerlaanbrug
657,Fietsbrug Ijzerlaanbrug,2023-03-22,00:00:00,26,8,18,FMN 10 IJzerlaanbrug
657,Fietsbrug Ijzerlaanbrug,2023-03-22,01:00:00,6,1,5,FMN 10 IJzerlaanbrug
657,Fietsbrug Ijzerlaanbrug,2023-03-22,02:00:00,8,0,8,FMN 10 IJzerlaanbrug
657,Fietsbrug Ijzerlaanbrug,2023-03-22,03:00:00,8,5,3,FMN 10 IJzerlaanbrug
657,Fietsbrug Ijzerlaanbrug,2023-03-22,04:00:00,22,13,9,FMN 10 IJzerlaanbrug
657,Fietsbrug Ijzerlaanbrug,2023-03-22,05:00:00,46,26,20,FMN 10 IJzerlaanbrug
657,Fietsbrug Ijzerlaanbrug,2023-03-22,06:00:00,132,83,49,FMN 10 IJzerlaanbrug
657,Fietsbrug Ijzerlaanbrug,2023-03-22,07:00:00,340,242,98,FMN 10 IJzerlaanbrug
657,Fietsbrug Ijzerlaanbrug,2023-03-22,08:00:00,485,357,128,FMN 10 IJzerlaanbrug
657,Fietsbrug Ijzerlaanbrug,2023-03-22,09:00:00,168,110,58,FMN 10 IJzerlaanbrug
657,Fietsbrug Ijzerlaanbrug,2023-03-22,10:00:00,108,57,51,FMN 10 IJzerlaanbrug
657,Fietsbrug Ijzerlaanbrug,2023-03-22,11:00:00,117,61,56,FMN 10 IJzerlaanbrug
657,Fietsbrug Ijzerlaanbrug,2023-03-22,12:00:00,259,117,142,FMN 10 IJzerlaanbrug
657,Fietsbrug Ijzerlaanbrug,2023-03-22,13:00:00,202,99,103,FMN 10 IJzerlaanbrug
657,Fietsbrug Ijzerlaanbrug,2023-03-22,14:00:00,149,57,92,FMN 10 IJzerlaanbrug
657,Fietsbrug Ijzerlaanbrug,2023-03-22,15:00:00,209,87,122,FMN 10 IJzerlaanbrug
657,Fietsbrug Ijzerlaanbrug,2023-03-22,16:00:00,315,114,201,FMN 10 IJzerlaanbrug
657,Fietsbrug Ijzerlaanbrug,2023-03-22,17:00:00,343,91,252,FMN 10 IJzerlaanbrug
657,Fietsbrug Ijzerlaanbrug,2023-03-22,18:00:00,211,76,135,FMN 10 IJzerlaanbrug
657,Fietsbrug Ijzerlaanbrug,2023-03-22,19:00:00,134,58,76,FMN 10 IJzerlaanbrug
657,Fietsbrug Ijzerlaanbrug,2023-03-22,20:00:00,84,39,45,FMN 10 IJzerlaanbrug
657,Fietsbrug Ijzerlaanbrug,2023-03-22,21:00:00,79,37,42,FMN 10 IJzerlaanbrug
657,Fietsbrug Ijzerlaanbrug,2023-03-22,22:00:00,65,22,43,FMN 10 IJzerlaanbrug
657,Fietsbrug Ijzerlaanbrug,2023-03-22,23:00:00,32,9,23,FMN 10 IJzerlaanbrug
657,Fietsbrug Ijzerlaanbrug,2023-03-23,00:00:00,25,9,16,FMN 10 IJzerlaanbrug
657,Fietsbrug Ijzerlaanbrug,2023-03-23,01:00:00,16,2,14,FMN 10 IJzerlaanbrug
657,Fietsbrug Ijzerlaanbrug,2023-03-23,02:00:00,4,0,4,FMN 10 IJzerlaanbrug
657,Fietsbrug Ijzerlaanbrug,2023-03-23,03:00:00,5,3,2,FMN 10 IJzerlaanbrug
657,Fietsbrug Ijzerlaanbrug,2023-03-23,04:00:00,19,14,5,FMN 10 IJzerlaanbrug
657,Fietsbrug Ijzerlaanbrug,2023-03-23,05:00:00,44,27,17,FMN 10 IJzerlaanbrug
657,Fietsbrug Ijzerlaanbrug,2023-03-23,06:00:00,124,72,52,FMN 10 IJzerlaanbrug
657,Fietsbrug Ijzerlaanbrug,2023-03-23,07:00:00,302,217,85,FMN 10 IJzerlaanbrug
657,Fietsbrug Ijzerlaanbrug,2023-03-23,08:00:00,429,320,109,FMN 10 IJzerlaanbrug
657,Fietsbrug Ijzerlaanbrug,2023-03-23,09:00:00,150,111,39,FMN 10 IJzerlaanbrug
657,Fietsbrug Ijzerlaanbrug,2023-03-23,10:00:00,112,72,40,FMN 10 IJzerlaanbrug
657,Fietsbrug Ijzerlaanbrug,2023-03-23,11:00:00,99,64,35,FMN 10 IJzerlaanbrug
657,Fietsbrug Ijzerlaanbrug,2023-03-23,12:00:00,174,83,91,FMN 10 IJzerlaanbrug
657,Fietsbrug Ijzerlaanbrug,2023-03-23,13:00:00,131,62,69,FMN 10 IJzerlaanbrug
657,Fietsbrug Ijzerlaanbrug,2023-03-23,14:00:00,171,54,117,FMN 10 IJzerlaanbrug
657,Fietsbrug Ijzerlaanbrug,2023-03-23,15:00:00,293,135,158,FMN 10 IJzerlaanbrug
657,Fietsbrug Ijzerlaanbrug,2023-03-23,16:00:00,352,110,242,FMN 10 IJzerlaanbrug
657,Fietsbrug Ijzerlaanbrug,2023-03-23,17:00:00,331,94,237,FMN 10 IJzerlaanbrug
657,Fietsbrug Ijzerlaanbrug,2023-03-23,18:00:00,238,87,151,FMN 10 IJzerlaanbrug
657,Fietsbrug Ijzerlaanbrug,2023-03-23,19:00:00,131,51,80,FMN 10 IJzerlaanbrug
657,Fietsbrug Ijzerlaanbrug,2023-03-23,20:00:00,109,59,50,FMN 10 IJzerlaanbrug
657,Fietsbrug Ijzerlaanbrug,2023-03-23,21:00:00,92,34,58,FMN 10 IJzerlaanbrug
657,Fietsbrug Ijzerlaanbrug,2023-03-23,22:00:00,75,28,47,FMN 10 IJzerlaanbrug
657,Fietsbrug Ijzerlaanbrug,2023-03-23,23:00:00,59,20,39,FMN 10 IJzerlaanbrug
657,Fietsbrug Ijzerlaanbrug,2023-03-24,00:00:00,31,10,21,FMN 10 IJzerlaanbrug
657,Fietsbrug Ijzerlaanbrug,2023-03-24,01:00:00,16,4,12,FMN 10 IJzerlaanbrug
657,Fietsbrug Ijzerlaanbrug,2023-03-24,02:00:00,11,2,9,FMN 10 IJzerlaanbrug
657,Fietsbrug Ijzerlaanbrug,2023-03-24,03:00:00,12,10,2,FMN 10 IJzerlaanbrug
657,Fietsbrug Ijzerlaanbrug,2023-03-24,04:00:00,20,13,7,FMN 10 IJzerlaanbrug
657,Fietsbrug Ijzerlaanbrug,2023-03-24,05:00:00,39,20,19,FMN 10 IJzerlaanbrug
657,Fietsbrug Ijzerlaanbrug,2023-03-24,06:00:00,107,60,47,FMN 10 IJzerlaanbrug
657,Fietsbrug Ijzerlaanbrug,2023-03-24,07:00:00,324,226,98,FMN 10 IJzerlaanbrug
657,Fietsbrug Ijzerlaanbrug,2023-03-24,08:00:00,470,352,118,FMN 10 IJzerlaanbrug
657,Fietsbrug Ijzerlaanbrug,2023-03-24,09:00:00,194,123,71,FMN 10 IJzerlaanbrug
657,Fietsbrug Ijzerlaanbrug,2023-03-24,10:00:00,123,73,50,FMN 10 IJzerlaanbrug
657,Fietsbrug Ijzerlaanbrug,2023-03-24,11:00:00,115,75,40,FMN 10 IJzerlaanbrug
657,Fietsbrug Ijzerlaanbrug,2023-03-24,12:00:00,161,76,85,FMN 10 IJzerlaanbrug
657,Fietsbrug Ijzerlaanbrug,2023-03-24,13:00:00,141,65,76,FMN 10 IJzerlaanbrug
657,Fietsbrug Ijzerlaanbrug,2023-03-24,14:00:00,201,71,130,FMN 10 IJzerlaanbrug
657,Fietsbrug Ijzerlaanbrug,2023-03-24,15:00:00,248,96,152,FMN 10 IJzerlaanbrug
657,Fietsbrug Ijzerlaanbrug,2023-03-24,16:00:00,327,109,218,FMN 10 IJzerlaanbrug
657,Fietsbrug Ijzerlaanbrug,2023-03-24,17:00:00,331,94,237,FMN 10 IJzerlaanbrug
657,Fietsbrug Ijzerlaanbrug,2023-03-24,18:00:00,229,91,138,FMN 10 IJzerlaanbrug
657,Fietsbrug Ijzerlaanbrug,2023-03-24,19:00:00,144,62,82,FMN 10 IJzerlaanbrug
657,Fietsbrug Ijzerlaanbrug,2023-03-24,20:00:00,90,51,39,FMN 10 IJzerlaanbrug
657,Fietsbrug Ijzerlaanbrug,2023-03-24,21:00:00,119,38,81,FMN 10 IJzerlaanbrug
657,Fietsbrug Ijzerlaanbrug,2023-03-24,22:00:00,82,34,48,FMN 10 IJzerlaanbrug
657,Fietsbrug Ijzerlaanbrug,2023-03-24,23:00:00,64,9,55,FMN 10 IJzerlaanbrug
657,Fietsbrug Ijzerlaanbrug,2023-03-25,00:00:00,45,13,32,FMN 10 IJzerlaanbrug
657,Fietsbrug Ijzerlaanbrug,2023-03-25,01:00:00,33,8,25,FMN 10 IJzerlaanbrug
657,Fietsbrug Ijzerlaanbrug,2023-03-25,02:00:00,21,5,16,FMN 10 IJzerlaanbrug
657,Fietsbrug Ijzerlaanbrug,2023-03-25,03:00:00,18,3,15,FMN 10 IJzerlaanbrug
657,Fietsbrug Ijzerlaanbrug,2023-03-25,04:00:00,11,5,6,FMN 10 IJzerlaanbrug
657,Fietsbrug Ijzerlaanbrug,2023-03-25,05:00:00,15,3,12,FMN 10 IJzerlaanbrug
657,Fietsbrug Ijzerlaanbrug,2023-03-25,06:00:00,16,13,3,FMN 10 IJzerlaanbrug
657,Fietsbrug Ijzerlaanbrug,2023-03-25,07:00:00,26,15,11,FMN 10 IJzerlaanbrug
657,Fietsbrug Ijzerlaanbrug,2023-03-25,08:00:00,62,31,31,FMN 10 IJzerlaanbrug
657,Fietsbrug Ijzerlaanbrug,2023-03-25,09:00:00,109,76,33,FMN 10 IJzerlaanbrug
657,Fietsbrug Ijzerlaanbrug,2023-03-25,10:00:00,66,40,26,FMN 10 IJzerlaanbrug
657,Fietsbrug Ijzerlaanbrug,2023-03-25,11:00:00,83,48,35,FMN 10 IJzerlaanbrug
657,Fietsbrug Ijzerlaanbrug,2023-03-25,12:00:00,95,42,53,FMN 10 IJzerlaanbrug
657,Fietsbrug Ijzerlaanbrug,2023-03-25,13:00:00,91,48,43,FMN 10 IJzerlaanbrug
657,Fietsbrug Ijzerlaanbrug,2023-03-25,14:00:00,78,37,41,FMN 10 IJzerlaanbrug
657,Fietsbrug Ijzerlaanbrug,2023-03-25,15:00:00,89,42,47,FMN 10 IJzerlaanbrug
657,Fietsbrug Ijzerlaanbrug,2023-03-25,16:00:00,81,27,54,FMN 10 IJzerlaanbrug
657,Fietsbrug Ijzerlaanbrug,2023-03-25,17:00:00,90,38,52,FMN 10 IJzerlaanbrug
657,Fietsbrug Ijzerlaanbrug,2023-03-25,18:00:00,144,81,63,FMN 10 IJzerlaanbrug
657,Fietsbrug Ijzerlaanbrug,2023-03-25,19:00:00,61,33,28,FMN 10 IJzerlaanbrug
657,Fietsbrug Ijzerlaanbrug,2023-03-25,20:00:00,77,48,29,FMN 10 IJzerlaanbrug
657,Fietsbrug Ijzerlaanbrug,2023-03-25,21:00:00,49,27,22,FMN 10 IJzerlaanbrug
657,Fietsbrug Ijzerlaanbrug,2023-03-25,22:00:00,58,21,37,FMN 10 IJzerlaanbrug
657,Fietsbrug Ijzerlaanbrug,2023-03-25,23:00:00,51,9,42,FMN 10 IJzerlaanbrug
657,Fietsbrug Ijzerlaanbrug,2023-03-26,00:00:00,35,11,24,FMN 10 IJzerlaanbrug
657,Fietsbrug Ijzerlaanbrug,2023-03-26,01:00:00,31,9,22,FMN 10 IJzerlaanbrug
657,Fietsbrug Ijzerlaanbrug,2023-03-26,02:00:00,0,0,0,FMN 10 IJzerlaanbrug
657,Fietsbrug Ijzerlaanbrug,2023-03-26,03:00:00,33,7,26,FMN 10 IJzerlaanbrug
657,Fietsbrug Ijzerlaanbrug,2023-03-26,04:00:00,20,7,13,FMN 10 IJzerlaanbrug
657,Fietsbrug Ijzerlaanbrug,2023-03-26,05:00:00,23,12,11,FMN 10 IJzerlaanbrug
657,Fietsbrug Ijzerlaanbrug,2023-03-26,06:00:00,23,13,10,FMN 10 IJzerlaanbrug
657,Fietsbrug Ijzerlaanbrug,2023-03-26,07:00:00,18,11,7,FMN 10 IJzerlaanbrug
657,Fietsbrug Ijzerlaanbrug,2023-03-26,08:00:00,22,13,9,FMN 10 IJzerlaanbrug
657,Fietsbrug Ijzerlaanbrug,2023-03-26,09:00:00,37,19,18,FMN 10 IJzerlaanbrug
657,Fietsbrug Ijzerlaanbrug,2023-03-26,10:00:00,52,40,12,FMN 10 IJzerlaanbrug
657,Fietsbrug Ijzerlaanbrug,2023-03-26,11:00:00,26,18,8,FMN 10 IJzerlaanbrug
657,Fietsbrug Ijzerlaanbrug,2023-03-26,12:00:00,50,30,20,FMN 10 IJzerlaanbrug
657,Fietsbrug Ijzerlaanbrug,2023-03-26,13:00:00,66,31,35,FMN 10 IJzerlaanbrug
657,Fietsbrug Ijzerlaanbrug,2023-03-26,14:00:00,83,40,43,FMN 10 IJzerlaanbrug
657,Fietsbrug Ijzerlaanbrug,2023-03-26,15:00:00,61,29,32,FMN 10 IJzerlaanbrug
657,Fietsbrug Ijzerlaanbrug,2023-03-26,16:00:00,94,27,67,FMN 10 IJzerlaanbrug
657,Fietsbrug Ijzerlaanbrug,2023-03-26,17:00:00,108,51,57,FMN 10 IJzerlaanbrug
657,Fietsbrug Ijzerlaanbrug,2023-03-26,18:00:00,65,39,26,FMN 10 IJzerlaanbrug
657,Fietsbrug Ijzerlaanbrug,2023-03-26,19:00:00,74,36,38,FMN 10 IJzerlaanbrug
657,Fietsbrug Ijzerlaanbrug,2023-03-26,20:00:00,58,29,29,FMN 10 IJzerlaanbrug
657,Fietsbrug Ijzerlaanbrug,2023-03-26,21:00:00,44,26,18,FMN 10 IJzerlaanbrug
657,Fietsbrug Ijzerlaanbrug,2023-03-26,22:00:00,43,10,33,FMN 10 IJzerlaanbrug
657,Fietsbrug Ijzerlaanbrug,2023-03-26,23:00:00,32,11,21,FMN 10 IJzerlaanbrug
657,Fietsbrug Ijzerlaanbrug,2023-03-27,00:00:00,16,9,7,FMN 10 IJzerlaanbrug
657,Fietsbrug Ijzerlaanbrug,2023-03-27,01:00:00,13,5,8,FMN 10 IJzerlaanbrug
657,Fietsbrug Ijzerlaanbrug,2023-03-27,02:00:00,3,1,2,FMN 10 IJzerlaanbrug
657,Fietsbrug Ijzerlaanbrug,2023-03-27,03:00:00,6,3,3,FMN 10 IJzerlaanbrug
657,Fietsbrug Ijzerlaanbrug,2023-03-27,04:00:00,13,8,5,FMN 10 IJzerlaanbrug
657,Fietsbrug Ijzerlaanbrug,2023-03-27,05:00:00,45,30,15,FMN 10 IJzerlaanbrug
657,Fietsbrug Ijzerlaanbrug,2023-03-27,06:00:00,119,73,46,FMN 10 IJzerlaanbrug
657,Fietsbrug Ijzerlaanbrug,2023-03-27,07:00:00,353,264,89,FMN 10 IJzerlaanbrug
657,Fietsbrug Ijzerlaanbrug,2023-03-27,08:00:00,550,408,142,FMN 10 IJzerlaanbrug
657,Fietsbrug Ijzerlaanbrug,2023-03-27,09:00:00,184,126,58,FMN 10 IJzerlaanbrug
657,Fietsbrug Ijzerlaanbrug,2023-03-27,10:00:00,120,80,40,FMN 10 IJzerlaanbrug
657,Fietsbrug Ijzerlaanbrug,2023-03-27,11:00:00,74,35,39,FMN 10 IJzerlaanbrug
657,Fietsbrug Ijzerlaanbrug,2023-03-27,12:00:00,161,88,73,FMN 10 IJzerlaanbrug
657,Fietsbrug Ijzerlaanbrug,2023-03-27,13:00:00,173,76,97,FMN 10 IJzerlaanbrug
657,Fietsbrug Ijzerlaanbrug,2023-03-27,14:00:00,178,67,111,FMN 10 IJzerlaanbrug
657,Fietsbrug Ijzerlaanbrug,2023-03-27,15:00:00,246,108,138,FMN 10 IJzerlaanbrug
657,Fietsbrug Ijzerlaanbrug,2023-03-27,16:00:00,405,143,262,FMN 10 IJzerlaanbrug
657,Fietsbrug Ijzerlaanbrug,2023-03-27,17:00:00,425,105,320,FMN 10 IJzerlaanbrug
657,Fietsbrug Ijzerlaanbrug,2023-03-27,18:00:00,256,69,187,FMN 10 IJzerlaanbrug
657,Fietsbrug Ijzerlaanbrug,2023-03-27,19:00:00,169,65,104,FMN 10 IJzerlaanbrug
657,Fietsbrug Ijzerlaanbrug,2023-03-27,20:00:00,90,45,45,FMN 10 IJzerlaanbrug
657,Fietsbrug Ijzerlaanbrug,2023-03-27,21:00:00,93,47,46,FMN 10 IJzerlaanbrug
657,Fietsbrug Ijzerlaanbrug,2023-03-27,22:00:00,80,28,52,FMN 10 IJzerlaanbrug
657,Fietsbrug Ijzerlaanbrug,2023-03-27,23:00:00,31,10,21,FMN 10 IJzerlaanbrug
657,Fietsbrug Ijzerlaanbrug,2023-03-28,00:00:00,18,6,12,FMN 10 IJzerlaanbrug
657,Fietsbrug Ijzerlaanbrug,2023-03-28,01:00:00,12,5,7,FMN 10 IJzerlaanbrug
657,Fietsbrug Ijzerlaanbrug,2023-03-28,02:00:00,8,2,6,FMN 10 IJzerlaanbrug
657,Fietsbrug Ijzerlaanbrug,2023-03-28,03:00:00,10,5,5,FMN 10 IJzerlaanbrug
657,Fietsbrug Ijzerlaanbrug,2023-03-28,04:00:00,16,8,8,FMN 10 IJzerlaanbrug
657,Fietsbrug Ijzerlaanbrug,2023-03-28,05:00:00,45,32,13,FMN 10 IJzerlaanbrug
657,Fietsbrug Ijzerlaanbrug,2023-03-28,06:00:00,122,80,42,FMN 10 IJzerlaanbrug
657,Fietsbrug Ijzerlaanbrug,2023-03-28,07:00:00,345,259,86,FMN 10 IJzerlaanbrug
657,Fietsbrug Ijzerlaanbrug,2023-03-28,08:00:00,550,417,133,FMN 10 IJzerlaanbrug
657,Fietsbrug Ijzerlaanbrug,2023-03-28,09:00:00,204,145,59,FMN 10 IJzerlaanbrug
657,Fietsbrug Ijzerlaanbrug,2023-03-28,10:00:00,132,82,50,FMN 10 IJzerlaanbrug
657,Fietsbrug Ijzerlaanbrug,2023-03-28,11:00:00,126,76,50,FMN 10 IJzerlaanbrug
657,Fietsbrug Ijzerlaanbrug,2023-03-28,12:00:00,210,111,99,FMN 10 IJzerlaanbrug
657,Fietsbrug Ijzerlaanbrug,2023-03-28,13:00:00,144,68,76,FMN 10 IJzerlaanbrug
657,Fietsbrug Ijzerlaanbrug,2023-03-28,14:00:00,191,81,110,FMN 10 IJzerlaanbrug
657,Fietsbrug Ijzerlaanbrug,2023-03-28,15:00:00,300,107,193,FMN 10 IJzerlaanbrug
657,Fietsbrug Ijzerlaanbrug,2023-03-28,16:00:00,424,126,298,FMN 10 IJzerlaanbrug
657,Fietsbrug Ijzerlaanbrug,2023-03-28,17:00:00,455,128,327,FMN 10 IJzerlaanbrug
657,Fietsbrug Ijzerlaanbrug,2023-03-28,18:00:00,249,76,173,FMN 10 IJzerlaanbrug
657,Fietsbrug Ijzerlaanbrug,2023-03-28,19:00:00,130,58,72,FMN 10 IJzerlaanbrug
657,Fietsbrug Ijzerlaanbrug,2023-03-28,20:00:00,83,38,45,FMN 10 IJzerlaanbrug
657,Fietsbrug Ijzerlaanbrug,2023-03-28,21:00:00,70,28,42,FMN 10 IJzerlaanbrug
657,Fietsbrug Ijzerlaanbrug,2023-03-28,22:00:00,68,21,47,FMN 10 IJzerlaanbrug
657,Fietsbrug Ijzerlaanbrug,2023-03-28,23:00:00,45,14,31,FMN 10 IJzerlaanbrug
657,Fietsbrug Ijzerlaanbrug,2023-03-29,00:00:00,21,2,19,FMN 10 IJzerlaanbrug
657,Fietsbrug Ijzerlaanbrug,2023-03-29,01:00:00,14,4,10,FMN 10 IJzerlaanbrug
657,Fietsbrug Ijzerlaanbrug,2023-03-29,02:00:00,6,2,4,FMN 10 IJzerlaanbrug
657,Fietsbrug Ijzerlaanbrug,2023-03-29,03:00:00,10,6,4,FMN 10 IJzerlaanbrug
657,Fietsbrug Ijzerlaanbrug,2023-03-29,04:00:00,12,7,5,FMN 10 IJzerlaanbrug
657,Fietsbrug Ijzerlaanbrug,2023-03-29,05:00:00,44,25,19,FMN 10 IJzerlaanbrug
657,Fietsbrug Ijzerlaanbrug,2023-03-29,06:00:00,124,79,45,FMN 10 IJzerlaanbrug
657,Fietsbrug Ijzerlaanbrug,2023-03-29,07:00:00,327,246,81,FMN 10 IJzerlaanbrug
657,Fietsbrug Ijzerlaanbrug,2023-03-29,08:00:00,433,305,128,FMN 10 IJzerlaanbrug
657,Fietsbrug Ijzerlaanbrug,2023-03-29,09:00:00,183,129,54,FMN 10 IJzerlaanbrug
657,Fietsbrug Ijzerlaanbrug,2023-03-29,10:00:00,137,80,57,FMN 10 IJzerlaanbrug
657,Fietsbrug Ijzerlaanbrug,2023-03-29,11:00:00,170,96,74,FMN 10 IJzerlaanbrug
657,Fietsbrug Ijzerlaanbrug,2023-03-29,12:00:00,263,130,133,FMN 10 IJzerlaanbrug
657,Fietsbrug Ijzerlaanbrug,2023-03-29,13:00:00,218,97,121,FMN 10 IJzerlaanbrug
657,Fietsbrug Ijzerlaanbrug,2023-03-29,14:00:00,198,97,101,FMN 10 IJzerlaanbrug
657,Fietsbrug Ijzerlaanbrug,2023-03-29,15:00:00,218,83,135,FMN 10 IJzerlaanbrug
657,Fietsbrug Ijzerlaanbrug,2023-03-29,16:00:00,332,126,206,FMN 10 IJzerlaanbrug
657,Fietsbrug Ijzerlaanbrug,2023-03-29,17:00:00,420,126,294,FMN 10 IJzerlaanbrug
657,Fietsbrug Ijzerlaanbrug,2023-03-29,18:00:00,304,99,205,FMN 10 IJzerlaanbrug
657,Fietsbrug Ijzerlaanbrug,2023-03-29,19:00:00,186,88,98,FMN 10 IJzerlaanbrug
657,Fietsbrug Ijzerlaanbrug,2023-03-29,20:00:00,144,70,74,FMN 10 IJzerlaanbrug
657,Fietsbrug Ijzerlaanbrug,2023-03-29,21:00:00,80,36,44,FMN 10 IJzerlaanbrug
657,Fietsbrug Ijzerlaanbrug,2023-03-29,22:00:00,110,37,73,FMN 10 IJzerlaanbrug
657,Fietsbrug Ijzerlaanbrug,2023-03-29,23:00:00,56,22,34,FMN 10 IJzerlaanbrug
657,Fietsbrug Ijzerlaanbrug,2023-03-30,00:00:00,33,11,22,FMN 10 IJzerlaanbrug
657,Fietsbrug Ijzerlaanbrug,2023-03-30,01:00:00,16,3,13,FMN 10 IJzerlaanbrug
657,Fietsbrug Ijzerlaanbrug,2023-03-30,02:00:00,19,2,17,FMN 10 IJzerlaanbrug
657,Fietsbrug Ijzerlaanbrug,2023-03-30,03:00:00,10,2,8,FMN 10 IJzerlaanbrug
657,Fietsbrug Ijzerlaanbrug,2023-03-30,04:00:00,22,12,10,FMN 10 IJzerlaanbrug
657,Fietsbrug Ijzerlaanbrug,2023-03-30,05:00:00,43,25,18,FMN 10 IJzerlaanbrug
657,Fietsbrug Ijzerlaanbrug,2023-03-30,06:00:00,115,74,41,FMN 10 IJzerlaanbrug
657,Fietsbrug Ijzerlaanbrug,2023-03-30,07:00:00,319,235,84,FMN 10 IJzerlaanbrug
657,Fietsbrug Ijzerlaanbrug,2023-03-30,08:00:00,493,358,135,FMN 10 IJzerlaanbrug
657,Fietsbrug Ijzerlaanbrug,2023-03-30,09:00:00,196,139,57,FMN 10 IJzerlaanbrug
657,Fietsbrug Ijzerlaanbrug,2023-03-30,10:00:00,118,77,41,FMN 10 IJzerlaanbrug
657,Fietsbrug Ijzerlaanbrug,2023-03-30,11:00:00,114,65,49,FMN 10 IJzerlaanbrug
657,Fietsbrug Ijzerlaanbrug,2023-03-30,12:00:00,176,87,89,FMN 10 IJzerlaanbrug
657,Fietsbrug Ijzerlaanbrug,2023-03-30,13:00:00,172,78,94,FMN 10 IJzerlaanbrug
657,Fietsbrug Ijzerlaanbrug,2023-03-30,14:00:00,180,61,119,FMN 10 IJzerlaanbrug
657,Fietsbrug Ijzerlaanbrug,2023-03-30,15:00:00,247,97,150,FMN 10 IJzerlaanbrug
657,Fietsbrug Ijzerlaanbrug,2023-03-30,16:00:00,378,120,258,FMN 10 IJzerlaanbrug
657,Fietsbrug Ijzerlaanbrug,2023-03-30,17:00:00,343,105,238,FMN 10 IJzerlaanbrug
657,Fietsbrug Ijzerlaanbrug,2023-03-30,18:00:00,224,80,144,FMN 10 IJzerlaanbrug
657,Fietsbrug Ijzerlaanbrug,2023-03-30,19:00:00,173,64,109,FMN 10 IJzerlaanbrug
657,Fietsbrug Ijzerlaanbrug,2023-03-30,20:00:00,134,50,84,FMN 10 IJzerlaanbrug
657,Fietsbrug Ijzerlaanbrug,2023-03-30,21:00:00,92,45,47,FMN 10 IJzerlaanbrug
657,Fietsbrug Ijzerlaanbrug,2023-03-30,22:00:00,99,36,63,FMN 10 IJzerlaanbrug
657,Fietsbrug Ijzerlaanbrug,2023-03-30,23:00:00,71,18,53,FMN 10 IJzerlaanbrug
657,Fietsbrug Ijzerlaanbrug,2023-03-31,00:00:00,44,17,27,FMN 10 IJzerlaanbrug
657,Fietsbrug Ijzerlaanbrug,2023-03-31,01:00:00,25,4,21,FMN 10 IJzerlaanbrug
657,Fietsbrug Ijzerlaanbrug,2023-03-31,02:00:00,12,2,10,FMN 10 IJzerlaanbrug
657,Fietsbrug Ijzerlaanbrug,2023-03-31,03:00:00,8,3,5,FMN 10 IJzerlaanbrug
657,Fietsbrug Ijzerlaanbrug,2023-03-31,04:00:00,22,12,10,FMN 10 IJzerlaanbrug
657,Fietsbrug Ijzerlaanbrug,2023-03-31,05:00:00,34,19,15,FMN 10 IJzerlaanbrug
657,Fietsbrug Ijzerlaanbrug,2023-03-31,06:00:00,64,36,28,FMN 10 IJzerlaanbrug
657,Fietsbrug Ijzerlaanbrug,2023-03-31,07:00:00,190,133,57,FMN 10 IJzerlaanbrug
657,Fietsbrug Ijzerlaanbrug,2023-03-31,08:00:00,322,237,85,FMN 10 IJzerlaanbrug
657,Fietsbrug Ijzerlaanbrug,2023-03-31,09:00:00,106,74,32,FMN 10 IJzerlaanbrug
657,Fietsbrug Ijzerlaanbrug,2023-03-31,10:00:00,101,64,37,FMN 10 IJzerlaanbrug
657,Fietsbrug Ijzerlaanbrug,2023-03-31,11:00:00,96,51,45,FMN 10 IJzerlaanbrug
657,Fietsbrug Ijzerlaanbrug,2023-03-31,12:00:00,128,63,65,FMN 10 IJzerlaanbrug
657,Fietsbrug Ijzerlaanbrug,2023-03-31,13:00:00,115,59,56,FMN 10 IJzerlaanbrug
657,Fietsbrug Ijzerlaanbrug,2023-03-31,14:00:00,116,49,67,FMN 10 IJzerlaanbrug
657,Fietsbrug Ijzerlaanbrug,2023-03-31,15:00:00,217,93,124,FMN 10 IJzerlaanbrug
657,Fietsbrug Ijzerlaanbrug,2023-03-31,16:00:00,235,76,159,FMN 10 IJzerlaanbrug
657,Fietsbrug Ijzerlaanbrug,2023-03-31,17:00:00,226,76,150,FMN 10 IJzerlaanbrug
657,Fietsbrug Ijzerlaanbrug,2023-03-31,18:00:00,195,79,116,FMN 10 IJzerlaanbrug
657,Fietsbrug Ijzerlaanbrug,2023-03-31,19:00:00,122,67,55,FMN 10 IJzerlaanbrug
657,Fietsbrug Ijzerlaanbrug,2023-03-31,20:00:00,69,33,36,FMN 10 IJzerlaanbrug
657,Fietsbrug Ijzerlaanbrug,2023-03-31,21:00:00,62,32,30,FMN 10 IJzerlaanbrug
657,Fietsbrug Ijzerlaanbrug,2023-03-31,22:00:00,62,23,39,FMN 10 IJzerlaanbrug
657,Fietsbrug Ijzerlaanbrug,2023-03-31,23:00:00,38,11,27,FMN 10 IJzerlaanbrug
657,Fietsbrug Ijzerlaanbrug,2023-04-01,00:00:00,29,7,22,FMN 10 IJzerlaanbrug
657,Fietsbrug Ijzerlaanbrug,2023-04-01,01:00:00,22,5,17,FMN 10 IJzerlaanbrug
657,Fietsbrug Ijzerlaanbrug,2023-04-01,02:00:00,17,2,15,FMN 10 IJzerlaanbrug
657,Fietsbrug Ijzerlaanbrug,2023-04-01,03:00:00,14,6,8,FMN 10 IJzerlaanbrug
657,Fietsbrug Ijzerlaanbrug,2023-04-01,04:00:00,20,5,15,FMN 10 IJzerlaanbrug
657,Fietsbrug Ijzerlaanbrug,2023-04-01,05:00:00,25,11,14,FMN 10 IJzerlaanbrug
657,Fietsbrug Ijzerlaanbrug,2023-04-01,06:00:00,11,5,6,FMN 10 IJzerlaanbrug
657,Fietsbrug Ijzerlaanbrug,2023-04-01,07:00:00,17,7,10,FMN 10 IJzerlaanbrug
657,Fietsbrug Ijzerlaanbrug,2023-04-01,08:00:00,30,18,12,FMN 10 IJzerlaanbrug
657,Fietsbrug Ijzerlaanbrug,2023-04-01,09:00:00,40,22,18,FMN 10 IJzerlaanbrug
657,Fietsbrug Ijzerlaanbrug,2023-04-01,10:00:00,49,28,21,FMN 10 IJzerlaanbrug
657,Fietsbrug Ijzerlaanbrug,2023-04-01,11:00:00,53,28,25,FMN 10 IJzerlaanbrug
657,Fietsbrug Ijzerlaanbrug,2023-04-01,12:00:00,52,25,27,FMN 10 IJzerlaanbrug
657,Fietsbrug Ijzerlaanbrug,2023-04-01,13:00:00,58,39,19,FMN 10 IJzerlaanbrug
657,Fietsbrug Ijzerlaanbrug,2023-04-01,14:00:00,61,26,35,FMN 10 IJzerlaanbrug
657,Fietsbrug Ijzerlaanbrug,2023-04-01,15:00:00,57,25,32,FMN 10 IJzerlaanbrug
657,Fietsbrug Ijzerlaanbrug,2023-04-01,16:00:00,56,21,35,FMN 10 IJzerlaanbrug
657,Fietsbrug Ijzerlaanbrug,2023-04-01,17:00:00,57,23,34,FMN 10 IJzerlaanbrug
657,Fietsbrug Ijzerlaanbrug,2023-04-01,18:00:00,71,34,37,FMN 10 IJzerlaanbrug
657,Fietsbrug Ijzerlaanbrug,2023-04-01,19:00:00,53,30,23,FMN 10 IJzerlaanbrug
657,Fietsbrug Ijzerlaanbrug,2023-04-01,20:00:00,51,31,20,FMN 10 IJzerlaanbrug
657,Fietsbrug Ijzerlaanbrug,2023-04-01,21:00:00,40,30,10,FMN 10 IJzerlaanbrug
657,Fietsbrug Ijzerlaanbrug,2023-04-01,22:00:00,44,17,27,FMN 10 IJzerlaanbrug
657,Fietsbrug Ijzerlaanbrug,2023-04-01,23:00:00,33,12,21,FMN 10 IJzerlaanbrug
657,Fietsbrug Ijzerlaanbrug,2023-04-02,00:00:00,28,4,24,FMN 10 IJzerlaanbrug
657,Fietsbrug Ijzerlaanbrug,2023-04-02,01:00:00,31,8,23,FMN 10 IJzerlaanbrug
657,Fietsbrug Ijzerlaanbrug,2023-04-02,02:00:00,15,3,12,FMN 10 IJzerlaanbrug
657,Fietsbrug Ijzerlaanbrug,2023-04-02,03:00:00,25,8,17,FMN 10 IJzerlaanbrug
657,Fietsbrug Ijzerlaanbrug,2023-04-02,04:00:00,19,3,16,FMN 10 IJzerlaanbrug
657,Fietsbrug Ijzerlaanbrug,2023-04-02,05:00:00,15,6,9,FMN 10 IJzerlaanbrug
657,Fietsbrug Ijzerlaanbrug,2023-04-02,06:00:00,27,11,16,FMN 10 IJzerlaanbrug
657,Fietsbrug Ijzerlaanbrug,2023-04-02,07:00:00,14,10,4,FMN 10 IJzerlaanbrug
657,Fietsbrug Ijzerlaanbrug,2023-04-02,08:00:00,47,22,25,FMN 10 IJzerlaanbrug
657,Fietsbrug Ijzerlaanbrug,2023-04-02,09:00:00,92,48,44,FMN 10 IJzerlaanbrug
657,Fietsbrug Ijzerlaanbrug,2023-04-02,10:00:00,101,54,47,FMN 10 IJzerlaanbrug
657,Fietsbrug Ijzerlaanbrug,2023-04-02,11:00:00,116,59,57,FMN 10 IJzerlaanbrug
657,Fietsbrug Ijzerlaanbrug,2023-04-02,12:00:00,131,84,47,FMN 10 IJzerlaanbrug
657,Fietsbrug Ijzerlaanbrug,2023-04-02,13:00:00,147,88,59,FMN 10 IJzerlaanbrug
657,Fietsbrug Ijzerlaanbrug,2023-04-02,14:00:00,147,80,67,FMN 10 IJzerlaanbrug
657,Fietsbrug Ijzerlaanbrug,2023-04-02,15:00:00,105,51,54,FMN 10 IJzerlaanbrug
657,Fietsbrug Ijzerlaanbrug,2023-04-02,16:00:00,116,41,75,FMN 10 IJzerlaanbrug
657,Fietsbrug Ijzerlaanbrug,2023-04-02,17:00:00,115,48,67,FMN 10 IJzerlaanbrug
657,Fietsbrug Ijzerlaanbrug,2023-04-02,18:00:00,105,45,60,FMN 10 IJzerlaanbrug
657,Fietsbrug Ijzerlaanbrug,2023-04-02,19:00:00,92,46,46,FMN 10 IJzerlaanbrug
657,Fietsbrug Ijzerlaanbrug,2023-04-02,20:00:00,77,32,45,FMN 10 IJzerlaanbrug
657,Fietsbrug Ijzerlaanbrug,2023-04-02,21:00:00,66,34,32,FMN 10 IJzerlaanbrug
657,Fietsbrug Ijzerlaanbrug,2023-04-02,22:00:00,64,26,38,FMN 10 IJzerlaanbrug
657,Fietsbrug Ijzerlaanbrug,2023-04-02,23:00:00,39,13,26,FMN 10 IJzerlaanbrug
657,Fietsbrug Ijzerlaanbrug,2023-04-03,00:00:00,20,7,13,FMN 10 IJzerlaanbrug
657,Fietsbrug Ijzerlaanbrug,2023-04-03,01:00:00,15,5,10,FMN 10 IJzerlaanbrug
657,Fietsbrug Ijzerlaanbrug,2023-04-03,02:00:00,12,5,7,FMN 10 IJzerlaanbrug
657,Fietsbrug Ijzerlaanbrug,2023-04-03,03:00:00,6,2,4,FMN 10 IJzerlaanbrug
657,Fietsbrug Ijzerlaanbrug,2023-04-03,04:00:00,17,13,4,FMN 10 IJzerlaanbrug
657,Fietsbrug Ijzerlaanbrug,2023-04-03,05:00:00,37,22,15,FMN 10 IJzerlaanbrug
657,Fietsbrug Ijzerlaanbrug,2023-04-03,06:00:00,108,65,43,FMN 10 IJzerlaanbrug
657,Fietsbrug Ijzerlaanbrug,2023-04-03,07:00:00,228,172,56,FMN 10 IJzerlaanbrug
657,Fietsbrug Ijzerlaanbrug,2023-04-03,08:00:00,317,248,69,FMN 10 IJzerlaanbrug
657,Fietsbrug Ijzerlaanbrug,2023-04-03,09:00:00,152,110,42,FMN 10 IJzerlaanbrug
657,Fietsbrug Ijzerlaanbrug,2023-04-03,10:00:00,107,56,51,FMN 10 IJzerlaanbrug
657,Fietsbrug Ijzerlaanbrug,2023-04-03,11:00:00,114,71,43,FMN 10 IJzerlaanbrug
657,Fietsbrug Ijzerlaanbrug,2023-04-03,12:00:00,140,80,60,FMN 10 IJzerlaanbrug
657,Fietsbrug Ijzerlaanbrug,2023-04-03,13:00:00,158,97,61,FMN 10 IJzerlaanbrug
657,Fietsbrug Ijzerlaanbrug,2023-04-03,14:00:00,159,71,88,FMN 10 IJzerlaanbrug
657,Fietsbrug Ijzerlaanbrug,2023-04-03,15:00:00,200,70,130,FMN 10 IJzerlaanbrug
657,Fietsbrug Ijzerlaanbrug,2023-04-03,16:00:00,357,137,220,FMN 10 IJzerlaanbrug
657,Fietsbrug Ijzerlaanbrug,2023-04-03,17:00:00,389,110,279,FMN 10 IJzerlaanbrug
657,Fietsbrug Ijzerlaanbrug,2023-04-03,18:00:00,237,79,158,FMN 10 IJzerlaanbrug
657,Fietsbrug Ijzerlaanbrug,2023-04-03,19:00:00,136,61,75,FMN 10 IJzerlaanbrug
657,Fietsbrug Ijzerlaanbrug,2023-04-03,20:00:00,86,40,46,FMN 10 IJzerlaanbrug
657,Fietsbrug Ijzerlaanbrug,2023-04-03,21:00:00,107,64,43,FMN 10 IJzerlaanbrug
657,Fietsbrug Ijzerlaanbrug,2023-04-03,22:00:00,68,20,48,FMN 10 IJzerlaanbrug
657,Fietsbrug Ijzerlaanbrug,2023-04-03,23:00:00,39,16,23,FMN 10 IJzerlaanbrug
657,Fietsbrug Ijzerlaanbrug,2023-04-04,00:00:00,13,5,8,FMN 10 IJzerlaanbrug
657,Fietsbrug Ijzerlaanbrug,2023-04-04,01:00:00,13,4,9,FMN 10 IJzerlaanbrug
657,Fietsbrug Ijzerlaanbrug,2023-04-04,02:00:00,6,2,4,FMN 10 IJzerlaanbrug
657,Fietsbrug Ijzerlaanbrug,2023-04-04,03:00:00,9,2,7,FMN 10 IJzerlaanbrug
657,Fietsbrug Ijzerlaanbrug,2023-04-04,04:00:00,13,12,1,FMN 10 IJzerlaanbrug
657,Fietsbrug Ijzerlaanbrug,2023-04-04,05:00:00,50,31,19,FMN 10 IJzerlaanbrug
657,Fietsbrug Ijzerlaanbrug,2023-04-04,06:00:00,124,78,46,FMN 10 IJzerlaanbrug
657,Fietsbrug Ijzerlaanbrug,2023-04-04,07:00:00,261,191,70,FMN 10 IJzerlaanbrug
657,Fietsbrug Ijzerlaanbrug,2023-04-04,08:00:00,349,269,80,FMN 10 IJzerlaanbrug
657,Fietsbrug Ijzerlaanbrug,2023-04-04,09:00:00,172,131,41,FMN 10 IJzerlaanbrug
657,Fietsbrug Ijzerlaanbrug,2023-04-04,10:00:00,114,63,51,FMN 10 IJzerlaanbrug
657,Fietsbrug Ijzerlaanbrug,2023-04-04,11:00:00,117,65,52,FMN 10 IJzerlaanbrug
657,Fietsbrug Ijzerlaanbrug,2023-04-04,12:00:00,130,83,47,FMN 10 IJzerlaanbrug
657,Fietsbrug Ijzerlaanbrug,2023-04-04,13:00:00,193,99,94,FMN 10 IJzerlaanbrug
657,Fietsbrug Ijzerlaanbrug,2023-04-04,14:00:00,186,91,95,FMN 10 IJzerlaanbrug
657,Fietsbrug Ijzerlaanbrug,2023-04-04,15:00:00,236,91,145,FMN 10 IJzerlaanbrug
657,Fietsbrug Ijzerlaanbrug,2023-04-04,16:00:00,357,128,229,FMN 10 IJzerlaanbrug
657,Fietsbrug Ijzerlaanbrug,2023-04-04,17:00:00,442,128,314,FMN 10 IJzerlaanbrug
657,Fietsbrug Ijzerlaanbrug,2023-04-04,18:00:00,280,103,177,FMN 10 IJzerlaanbrug
657,Fietsbrug Ijzerlaanbrug,2023-04-04,19:00:00,151,55,96,FMN 10 IJzerlaanbrug
657,Fietsbrug Ijzerlaanbrug,2023-04-04,20:00:00,103,47,56,FMN 10 IJzerlaanbrug
657,Fietsbrug Ijzerlaanbrug,2023-04-04,21:00:00,94,43,51,FMN 10 IJzerlaanbrug
657,Fietsbrug Ijzerlaanbrug,2023-04-04,22:00:00,75,30,45,FMN 10 IJzerlaanbrug
657,Fietsbrug Ijzerlaanbrug,2023-04-04,23:00:00,41,12,29,FMN 10 IJzerlaanbrug
657,Fietsbrug Ijzerlaanbrug,2023-04-05,00:00:00,21,5,16,FMN 10 IJzerlaanbrug
657,Fietsbrug Ijzerlaanbrug,2023-04-05,01:00:00,17,1,16,FMN 10 IJzerlaanbrug
657,Fietsbrug Ijzerlaanbrug,2023-04-05,02:00:00,10,4,6,FMN 10 IJzerlaanbrug
657,Fietsbrug Ijzerlaanbrug,2023-04-05,03:00:00,8,5,3,FMN 10 IJzerlaanbrug
657,Fietsbrug Ijzerlaanbrug,2023-04-05,04:00:00,17,14,3,FMN 10 IJzerlaanbrug
657,Fietsbrug Ijzerlaanbrug,2023-04-05,05:00:00,43,28,15,FMN 10 IJzerlaanbrug
657,Fietsbrug Ijzerlaanbrug,2023-04-05,06:00:00,110,65,45,FMN 10 IJzerlaanbrug
657,Fietsbrug Ijzerlaanbrug,2023-04-05,07:00:00,221,161,60,FMN 10 IJzerlaanbrug
657,Fietsbrug Ijzerlaanbrug,2023-04-05,08:00:00,302,243,59,FMN 10 IJzerlaanbrug
657,Fietsbrug Ijzerlaanbrug,2023-04-05,09:00:00,168,111,57,FMN 10 IJzerlaanbrug
657,Fietsbrug Ijzerlaanbrug,2023-04-05,10:00:00,122,75,47,FMN 10 IJzerlaanbrug
657,Fietsbrug Ijzerlaanbrug,2023-04-05,11:00:00,113,73,40,FMN 10 IJzerlaanbrug
657,Fietsbrug Ijzerlaanbrug,2023-04-05,12:00:00,203,108,95,FMN 10 IJzerlaanbrug
657,Fietsbrug Ijzerlaanbrug,2023-04-05,13:00:00,210,94,116,FMN 10 IJzerlaanbrug
657,Fietsbrug Ijzerlaanbrug,2023-04-05,14:00:00,219,93,126,FMN 10 IJzerlaanbrug
657,Fietsbrug Ijzerlaanbrug,2023-04-05,15:00:00,243,81,162,FMN 10 IJzerlaanbrug
657,Fietsbrug Ijzerlaanbrug,2023-04-05,16:00:00,346,111,235,FMN 10 IJzerlaanbrug
657,Fietsbrug Ijzerlaanbrug,2023-04-05,17:00:00,433,167,266,FMN 10 IJzerlaanbrug
657,Fietsbrug Ijzerlaanbrug,2023-04-05,18:00:00,318,126,192,FMN 10 IJzerlaanbrug
657,Fietsbrug Ijzerlaanbrug,2023-04-05,19:00:00,188,104,84,FMN 10 IJzerlaanbrug
657,Fietsbrug Ijzerlaanbrug,2023-04-05,20:00:00,131,61,70,FMN 10 IJzerlaanbrug
657,Fietsbrug Ijzerlaanbrug,2023-04-05,21:00:00,89,45,44,FMN 10 IJzerlaanbrug
657,Fietsbrug Ijzerlaanbrug,2023-04-05,22:00:00,80,25,55,FMN 10 IJzerlaanbrug
657,Fietsbrug Ijzerlaanbrug,2023-04-05,23:00:00,58,17,41,FMN 10 IJzerlaanbrug
657,Fietsbrug Ijzerlaanbrug,2023-04-06,00:00:00,30,13,17,FMN 10 IJzerlaanbrug
657,Fietsbrug Ijzerlaanbrug,2023-04-06,01:00:00,9,3,6,FMN 10 IJzerlaanbrug
657,Fietsbrug Ijzerlaanbrug,2023-04-06,02:00:00,8,3,5,FMN 10 IJzerlaanbrug
657,Fietsbrug Ijzerlaanbrug,2023-04-06,03:00:00,12,4,8,FMN 10 IJzerlaanbrug
657,Fietsbrug Ijzerlaanbrug,2023-04-06,04:00:00,13,10,3,FMN 10 IJzerlaanbrug
657,Fietsbrug Ijzerlaanbrug,2023-04-06,05:00:00,49,28,21,FMN 10 IJzerlaanbrug
657,Fietsbrug Ijzerlaanbrug,2023-04-06,06:00:00,96,53,43,FMN 10 IJzerlaanbrug
657,Fietsbrug Ijzerlaanbrug,2023-04-06,07:00:00,209,147,62,FMN 10 IJzerlaanbrug
657,Fietsbrug Ijzerlaanbrug,2023-04-06,08:00:00,264,204,60,FMN 10 IJzerlaanbrug
657,Fietsbrug Ijzerlaanbrug,2023-04-06,09:00:00,144,82,62,FMN 10 IJzerlaanbrug
657,Fietsbrug Ijzerlaanbrug,2023-04-06,10:00:00,54,33,21,FMN 10 IJzerlaanbrug
657,Fietsbrug Ijzerlaanbrug,2023-04-06,11:00:00,45,29,16,FMN 10 IJzerlaanbrug
657,Fietsbrug Ijzerlaanbrug,2023-04-06,12:00:00,72,37,35,FMN 10 IJzerlaanbrug
657,Fietsbrug Ijzerlaanbrug,2023-04-06,13:00:00,75,38,37,FMN 10 IJzerlaanbrug
657,Fietsbrug Ijzerlaanbrug,2023-04-06,14:00:00,84,34,50,FMN 10 IJzerlaanbrug
657,Fietsbrug Ijzerlaanbrug,2023-04-06,15:00:00,130,52,78,FMN 10 IJzerlaanbrug
657,Fietsbrug Ijzerlaanbrug,2023-04-06,16:00:00,237,81,156,FMN 10 IJzerlaanbrug
657,Fietsbrug Ijzerlaanbrug,2023-04-06,17:00:00,238,67,171,FMN 10 IJzerlaanbrug
657,Fietsbrug Ijzerlaanbrug,2023-04-06,18:00:00,154,39,115,FMN 10 IJzerlaanbrug
657,Fietsbrug Ijzerlaanbrug,2023-04-06,19:00:00,88,43,45,FMN 10 IJzerlaanbrug
657,Fietsbrug Ijzerlaanbrug,2023-04-06,20:00:00,58,24,34,FMN 10 IJzerlaanbrug
657,Fietsbrug Ijzerlaanbrug,2023-04-06,21:00:00,52,25,27,FMN 10 IJzerlaanbrug
657,Fietsbrug Ijzerlaanbrug,2023-04-06,22:00:00,54,28,26,FMN 10 IJzerlaanbrug
657,Fietsbrug Ijzerlaanbrug,2023-04-06,23:00:00,35,6,29,FMN 10 IJzerlaanbrug
657,Fietsbrug Ijzerlaanbrug,2023-04-07,00:00:00,34,8,26,FMN 10 IJzerlaanbrug
657,Fietsbrug Ijzerlaanbrug,2023-04-07,01:00:00,16,4,12,FMN 10 IJzerlaanbrug
657,Fietsbrug Ijzerlaanbrug,2023-04-07,02:00:00,10,2,8,FMN 10 IJzerlaanbrug
657,Fietsbrug Ijzerlaanbrug,2023-04-07,03:00:00,7,4,3,FMN 10 IJzerlaanbrug
657,Fietsbrug Ijzerlaanbrug,2023-04-07,04:00:00,15,9,6,FMN 10 IJzerlaanbrug
657,Fietsbrug Ijzerlaanbrug,2023-04-07,05:00:00,38,25,13,FMN 10 IJzerlaanbrug
657,Fietsbrug Ijzerlaanbrug,2023-04-07,06:00:00,93,53,40,FMN 10 IJzerlaanbrug
657,Fietsbrug Ijzerlaanbrug,2023-04-07,07:00:00,173,118,55,FMN 10 IJzerlaanbrug
657,Fietsbrug Ijzerlaanbrug,2023-04-07,08:00:00,188,140,48,FMN 10 IJzerlaanbrug
657,Fietsbrug Ijzerlaanbrug,2023-04-07,09:00:00,122,83,39,FMN 10 IJzerlaanbrug
657,Fietsbrug Ijzerlaanbrug,2023-04-07,10:00:00,106,61,45,FMN 10 IJzerlaanbrug
657,Fietsbrug Ijzerlaanbrug,2023-04-07,11:00:00,107,64,43,FMN 10 IJzerlaanbrug
657,Fietsbrug Ijzerlaanbrug,2023-04-07,12:00:00,121,62,59,FMN 10 IJzerlaanbrug
657,Fietsbrug Ijzerlaanbrug,2023-04-07,13:00:00,160,91,69,FMN 10 IJzerlaanbrug
657,Fietsbrug Ijzerlaanbrug,2023-04-07,14:00:00,176,69,107,FMN 10 IJzerlaanbrug
657,Fietsbrug Ijzerlaanbrug,2023-04-07,15:00:00,171,80,91,FMN 10 IJzerlaanbrug
657,Fietsbrug Ijzerlaanbrug,2023-04-07,16:00:00,224,77,147,FMN 10 IJzerlaanbrug
657,Fietsbrug Ijzerlaanbrug,2023-04-07,17:00:00,204,68,136,FMN 10 IJzerlaanbrug
657,Fietsbrug Ijzerlaanbrug,2023-04-07,18:00:00,192,87,105,FMN 10 IJzerlaanbrug
657,Fietsbrug Ijzerlaanbrug,2023-04-07,19:00:00,144,69,75,FMN 10 IJzerlaanbrug
657,Fietsbrug Ijzerlaanbrug,2023-04-07,20:00:00,97,49,48,FMN 10 IJzerlaanbrug
657,Fietsbrug Ijzerlaanbrug,2023-04-07,21:00:00,86,48,38,FMN 10 IJzerlaanbrug
657,Fietsbrug Ijzerlaanbrug,2023-04-07,22:00:00,70,33,37,FMN 10 IJzerlaanbrug
657,Fietsbrug Ijzerlaanbrug,2023-04-07,23:00:00,70,19,51,FMN 10 IJzerlaanbrug
657,Fietsbrug Ijzerlaanbrug,2023-04-08,00:00:00,34,11,23,FMN 10 IJzerlaanbrug
657,Fietsbrug Ijzerlaanbrug,2023-04-08,01:00:00,34,9,25,FMN 10 IJzerlaanbrug
657,Fietsbrug Ijzerlaanbrug,2023-04-08,02:00:00,21,3,18,FMN 10 IJzerlaanbrug
657,Fietsbrug Ijzerlaanbrug,2023-04-08,03:00:00,15,5,10,FMN 10 IJzerlaanbrug
657,Fietsbrug Ijzerlaanbrug,2023-04-08,04:00:00,7,2,5,FMN 10 IJzerlaanbrug
657,Fietsbrug Ijzerlaanbrug,2023-04-08,05:00:00,24,7,17,FMN 10 IJzerlaanbrug
657,Fietsbrug Ijzerlaanbrug,2023-04-08,06:00:00,29,16,13,FMN 10 IJzerlaanbrug
657,Fietsbrug Ijzerlaanbrug,2023-04-08,07:00:00,33,16,17,FMN 10 IJzerlaanbrug
657,Fietsbrug Ijzerlaanbrug,2023-04-08,08:00:00,70,30,40,FMN 10 IJzerlaanbrug
657,Fietsbrug Ijzerlaanbrug,2023-04-08,09:00:00,151,64,87,FMN 10 IJzerlaanbrug
657,Fietsbrug Ijzerlaanbrug,2023-04-08,10:00:00,118,74,44,FMN 10 IJzerlaanbrug
657,Fietsbrug Ijzerlaanbrug,2023-04-08,11:00:00,125,82,43,FMN 10 IJzerlaanbrug
657,Fietsbrug Ijzerlaanbrug,2023-04-08,12:00:00,170,99,71,FMN 10 IJzerlaanbrug
657,Fietsbrug Ijzerlaanbrug,2023-04-08,13:00:00,219,136,83,FMN 10 IJzerlaanbrug
657,Fietsbrug Ijzerlaanbrug,2023-04-08,14:00:00,203,119,84,FMN 10 IJzerlaanbrug
657,Fietsbrug Ijzerlaanbrug,2023-04-08,15:00:00,195,82,113,FMN 10 IJzerlaanbrug
657,Fietsbrug Ijzerlaanbrug,2023-04-08,16:00:00,189,77,112,FMN 10 IJzerlaanbrug
657,Fietsbrug Ijzerlaanbrug,2023-04-08,17:00:00,182,82,100,FMN 10 IJzerlaanbrug
657,Fietsbrug Ijzerlaanbrug,2023-04-08,18:00:00,153,74,79,FMN 10 IJzerlaanbrug
657,Fietsbrug Ijzerlaanbrug,2023-04-08,19:00:00,160,82,78,FMN 10 IJzerlaanbrug
657,Fietsbrug Ijzerlaanbrug,2023-04-08,20:00:00,96,44,52,FMN 10 IJzerlaanbrug
657,Fietsbrug Ijzerlaanbrug,2023-04-08,21:00:00,83,41,42,FMN 10 IJzerlaanbrug
657,Fietsbrug Ijzerlaanbrug,2023-04-08,22:00:00,84,31,53,FMN 10 IJzerlaanbrug
657,Fietsbrug Ijzerlaanbrug,2023-04-08,23:00:00,66,16,50,FMN 10 IJzerlaanbrug
657,Fietsbrug Ijzerlaanbrug,2023-04-09,00:00:00,65,17,48,FMN 10 IJzerlaanbrug
657,Fietsbrug Ijzerlaanbrug,2023-04-09,01:00:00,30,5,25,FMN 10 IJzerlaanbrug
657,Fietsbrug Ijzerlaanbrug,2023-04-09,02:00:00,34,14,20,FMN 10 IJzerlaanbrug
657,Fietsbrug Ijzerlaanbrug,2023-04-09,03:00:00,21,10,11,FMN 10 IJzerlaanbrug
657,Fietsbrug Ijzerlaanbrug,2023-04-09,04:00:00,24,7,17,FMN 10 IJzerlaanbrug
657,Fietsbrug Ijzerlaanbrug,2023-04-09,05:00:00,14,4,10,FMN 10 IJzerlaanbrug
657,Fietsbrug Ijzerlaanbrug,2023-04-09,06:00:00,24,15,9,FMN 10 IJzerlaanbrug
657,Fietsbrug Ijzerlaanbrug,2023-04-09,07:00:00,30,15,15,FMN 10 IJzerlaanbrug
657,Fietsbrug Ijzerlaanbrug,2023-04-09,08:00:00,38,20,18,FMN 10 IJzerlaanbrug
657,Fietsbrug Ijzerlaanbrug,2023-04-09,09:00:00,130,59,71,FMN 10 IJzerlaanbrug
657,Fietsbrug Ijzerlaanbrug,2023-04-09,10:00:00,165,76,89,FMN 10 IJzerlaanbrug
657,Fietsbrug Ijzerlaanbrug,2023-04-09,11:00:00,167,88,79,FMN 10 IJzerlaanbrug
657,Fietsbrug Ijzerlaanbrug,2023-04-09,12:00:00,177,107,70,FMN 10 IJzerlaanbrug
657,Fietsbrug Ijzerlaanbrug,2023-04-09,13:00:00,189,113,76,FMN 10 IJzerlaanbrug
657,Fietsbrug Ijzerlaanbrug,2023-04-09,14:00:00,218,120,98,FMN 10 IJzerlaanbrug
657,Fietsbrug Ijzerlaanbrug,2023-04-09,15:00:00,188,93,95,FMN 10 IJzerlaanbrug
657,Fietsbrug Ijzerlaanbrug,2023-04-09,16:00:00,162,66,96,FMN 10 IJzerlaanbrug
657,Fietsbrug Ijzerlaanbrug,2023-04-09,17:00:00,185,78,107,FMN 10 IJzerlaanbrug
657,Fietsbrug Ijzerlaanbrug,2023-04-09,18:00:00,108,47,61,FMN 10 IJzerlaanbrug
657,Fietsbrug Ijzerlaanbrug,2023-04-09,19:00:00,131,63,68,FMN 10 IJzerlaanbrug
657,Fietsbrug Ijzerlaanbrug,2023-04-09,20:00:00,102,57,45,FMN 10 IJzerlaanbrug
657,Fietsbrug Ijzerlaanbrug,2023-04-09,21:00:00,79,49,30,FMN 10 IJzerlaanbrug
657,Fietsbrug Ijzerlaanbrug,2023-04-09,22:00:00,66,25,41,FMN 10 IJzerlaanbrug
657,Fietsbrug Ijzerlaanbrug,2023-04-09,23:00:00,59,26,33,FMN 10 IJzerlaanbrug
657,Fietsbrug Ijzerlaanbrug,2023-04-10,00:00:00,27,4,23,FMN 10 IJzerlaanbrug
657,Fietsbrug Ijzerlaanbrug,2023-04-10,01:00:00,13,5,8,FMN 10 IJzerlaanbrug
657,Fietsbrug Ijzerlaanbrug,2023-04-10,02:00:00,19,6,13,FMN 10 IJzerlaanbrug
657,Fietsbrug Ijzerlaanbrug,2023-04-10,03:00:00,11,3,8,FMN 10 IJzerlaanbrug
657,Fietsbrug Ijzerlaanbrug,2023-04-10,04:00:00,12,4,8,FMN 10 IJzerlaanbrug
657,Fietsbrug Ijzerlaanbrug,2023-04-10,05:00:00,16,6,10,FMN 10 IJzerlaanbrug
657,Fietsbrug Ijzerlaanbrug,2023-04-10,06:00:00,26,10,16,FMN 10 IJzerlaanbrug
657,Fietsbrug Ijzerlaanbrug,2023-04-10,07:00:00,30,15,15,FMN 10 IJzerlaanbrug
657,Fietsbrug Ijzerlaanbrug,2023-04-10,08:00:00,52,34,18,FMN 10 IJzerlaanbrug
657,Fietsbrug Ijzerlaanbrug,2023-04-10,09:00:00,85,55,30,FMN 10 IJzerlaanbrug
657,Fietsbrug Ijzerlaanbrug,2023-04-10,10:00:00,124,70,54,FMN 10 IJzerlaanbrug
657,Fietsbrug Ijzerlaanbrug,2023-04-10,11:00:00,140,69,71,FMN 10 IJzerlaanbrug
657,Fietsbrug Ijzerlaanbrug,2023-04-10,12:00:00,129,58,71,FMN 10 IJzerlaanbrug
657,Fietsbrug Ijzerlaanbrug,2023-04-10,13:00:00,132,69,63,FMN 10 IJzerlaanbrug
657,Fietsbrug Ijzerlaanbrug,2023-04-10,14:00:00,134,56,78,FMN 10 IJzerlaanbrug
657,Fietsbrug Ijzerlaanbrug,2023-04-10,15:00:00,107,49,58,FMN 10 IJzerlaanbrug
657,Fietsbrug Ijzerlaanbrug,2023-04-10,16:00:00,82,37,45,FMN 10 IJzerlaanbrug
657,Fietsbrug Ijzerlaanbrug,2023-04-10,17:00:00,81,40,41,FMN 10 IJzerlaanbrug
657,Fietsbrug Ijzerlaanbrug,2023-04-10,18:00:00,60,29,31,FMN 10 IJzerlaanbrug
657,Fietsbrug Ijzerlaanbrug,2023-04-10,19:00:00,38,19,19,FMN 10 IJzerlaanbrug
657,Fietsbrug Ijzerlaanbrug,2023-04-10,20:00:00,38,20,18,FMN 10 IJzerlaanbrug
657,Fietsbrug Ijzerlaanbrug,2023-04-10,21:00:00,48,31,17,FMN 10 IJzerlaanbrug
657,Fietsbrug Ijzerlaanbrug,2023-04-10,22:00:00,48,23,25,FMN 10 IJzerlaanbrug
657,Fietsbrug Ijzerlaanbrug,2023-04-10,23:00:00,29,10,19,FMN 10 IJzerlaanbrug
657,Fietsbrug Ijzerlaanbrug,2023-04-11,00:00:00,18,4,14,FMN 10 IJzerlaanbrug
657,Fietsbrug Ijzerlaanbrug,2023-04-11,01:00:00,6,1,5,FMN 10 IJzerlaanbrug
657,Fietsbrug Ijzerlaanbrug,2023-04-11,02:00:00,10,1,9,FMN 10 IJzerlaanbrug
657,Fietsbrug Ijzerlaanbrug,2023-04-11,03:00:00,12,9,3,FMN 10 IJzerlaanbrug
657,Fietsbrug Ijzerlaanbrug,2023-04-11,04:00:00,13,8,5,FMN 10 IJzerlaanbrug
657,Fietsbrug Ijzerlaanbrug,2023-04-11,05:00:00,26,16,10,FMN 10 IJzerlaanbrug
657,Fietsbrug Ijzerlaanbrug,2023-04-11,06:00:00,103,66,37,FMN 10 IJzerlaanbrug
657,Fietsbrug Ijzerlaanbrug,2023-04-11,07:00:00,242,178,64,FMN 10 IJzerlaanbrug
657,Fietsbrug Ijzerlaanbrug,2023-04-11,08:00:00,297,250,47,FMN 10 IJzerlaanbrug
657,Fietsbrug Ijzerlaanbrug,2023-04-11,09:00:00,172,118,54,FMN 10 IJzerlaanbrug
657,Fietsbrug Ijzerlaanbrug,2023-04-11,10:00:00,119,78,41,FMN 10 IJzerlaanbrug
657,Fietsbrug Ijzerlaanbrug,2023-04-11,11:00:00,147,67,80,FMN 10 IJzerlaanbrug
657,Fietsbrug Ijzerlaanbrug,2023-04-11,12:00:00,148,84,64,FMN 10 IJzerlaanbrug
657,Fietsbrug Ijzerlaanbrug,2023-04-11,13:00:00,136,74,62,FMN 10 IJzerlaanbrug
657,Fietsbrug Ijzerlaanbrug,2023-04-11,14:00:00,160,67,93,FMN 10 IJzerlaanbrug
657,Fietsbrug Ijzerlaanbrug,2023-04-11,15:00:00,214,84,130,FMN 10 IJzerlaanbrug
657,Fietsbrug Ijzerlaanbrug,2023-04-11,16:00:00,330,125,205,FMN 10 IJzerlaanbrug
657,Fietsbrug Ijzerlaanbrug,2023-04-11,17:00:00,392,109,283,FMN 10 IJzerlaanbrug
657,Fietsbrug Ijzerlaanbrug,2023-04-11,18:00:00,221,75,146,FMN 10 IJzerlaanbrug
657,Fietsbrug Ijzerlaanbrug,2023-04-11,19:00:00,140,50,90,FMN 10 IJzerlaanbrug
657,Fietsbrug Ijzerlaanbrug,2023-04-11,20:00:00,96,50,46,FMN 10 IJzerlaanbrug
657,Fietsbrug Ijzerlaanbrug,2023-04-11,21:00:00,96,41,55,FMN 10 IJzerlaanbrug
657,Fietsbrug Ijzerlaanbrug,2023-04-11,22:00:00,60,32,28,FMN 10 IJzerlaanbrug
657,Fietsbrug Ijzerlaanbrug,2023-04-11,23:00:00,47,7,40,FMN 10 IJzerlaanbrug
657,Fietsbrug Ijzerlaanbrug,2023-04-12,00:00:00,16,6,10,FMN 10 IJzerlaanbrug
657,Fietsbrug Ijzerlaanbrug,2023-04-12,01:00:00,11,4,7,FMN 10 IJzerlaanbrug
657,Fietsbrug Ijzerlaanbrug,2023-04-12,02:00:00,11,4,7,FMN 10 IJzerlaanbrug
657,Fietsbrug Ijzerlaanbrug,2023-04-12,03:00:00,6,1,5,FMN 10 IJzerlaanbrug
657,Fietsbrug Ijzerlaanbrug,2023-04-12,04:00:00,12,8,4,FMN 10 IJzerlaanbrug
657,Fietsbrug Ijzerlaanbrug,2023-04-12,05:00:00,23,14,9,FMN 10 IJzerlaanbrug
657,Fietsbrug Ijzerlaanbrug,2023-04-12,06:00:00,83,51,32,FMN 10 IJzerlaanbrug
657,Fietsbrug Ijzerlaanbrug,2023-04-12,07:00:00,158,102,56,FMN 10 IJzerlaanbrug
657,Fietsbrug Ijzerlaanbrug,2023-04-12,08:00:00,197,155,42,FMN 10 IJzerlaanbrug
657,Fietsbrug Ijzerlaanbrug,2023-04-12,09:00:00,127,81,46,FMN 10 IJzerlaanbrug
657,Fietsbrug Ijzerlaanbrug,2023-04-12,10:00:00,95,71,24,FMN 10 IJzerlaanbrug
657,Fietsbrug Ijzerlaanbrug,2023-04-12,11:00:00,76,35,41,FMN 10 IJzerlaanbrug
657,Fietsbrug Ijzerlaanbrug,2023-04-12,12:00:00,92,59,33,FMN 10 IJzerlaanbrug
657,Fietsbrug Ijzerlaanbrug,2023-04-12,13:00:00,90,42,48,FMN 10 IJzerlaanbrug
657,Fietsbrug Ijzerlaanbrug,2023-04-12,14:00:00,96,46,50,FMN 10 IJzerlaanbrug
657,Fietsbrug Ijzerlaanbrug,2023-04-12,15:00:00,110,41,69,FMN 10 IJzerlaanbrug
657,Fietsbrug Ijzerlaanbrug,2023-04-12,16:00:00,203,76,127,FMN 10 IJzerlaanbrug
657,Fietsbrug Ijzerlaanbrug,2023-04-12,17:00:00,229,67,162,FMN 10 IJzerlaanbrug
657,Fietsbrug Ijzerlaanbrug,2023-04-12,18:00:00,180,65,115,FMN 10 IJzerlaanbrug
657,Fietsbrug Ijzerlaanbrug,2023-04-12,19:00:00,114,60,54,FMN 10 IJzerlaanbrug
657,Fietsbrug Ijzerlaanbrug,2023-04-12,20:00:00,91,44,47,FMN 10 IJzerlaanbrug
657,Fietsbrug Ijzerlaanbrug,2023-04-12,21:00:00,78,38,40,FMN 10 IJzerlaanbrug
657,Fietsbrug Ijzerlaanbrug,2023-04-12,22:00:00,72,33,39,FMN 10 IJzerlaanbrug
657,Fietsbrug Ijzerlaanbrug,2023-04-12,23:00:00,55,12,43,FMN 10 IJzerlaanbrug
657,Fietsbrug Ijzerlaanbrug,2023-04-13,00:00:00,23,9,14,FMN 10 IJzerlaanbrug
657,Fietsbrug Ijzerlaanbrug,2023-04-13,01:00:00,13,1,12,FMN 10 IJzerlaanbrug
657,Fietsbrug Ijzerlaanbrug,2023-04-13,02:00:00,9,1,8,FMN 10 IJzerlaanbrug
657,Fietsbrug Ijzerlaanbrug,2023-04-13,03:00:00,8,2,6,FMN 10 IJzerlaanbrug
657,Fietsbrug Ijzerlaanbrug,2023-04-13,04:00:00,13,8,5,FMN 10 IJzerlaanbrug
657,Fietsbrug Ijzerlaanbrug,2023-04-13,05:00:00,34,21,13,FMN 10 IJzerlaanbrug
657,Fietsbrug Ijzerlaanbrug,2023-04-13,06:00:00,91,52,39,FMN 10 IJzerlaanbrug
657,Fietsbrug Ijzerlaanbrug,2023-04-13,07:00:00,201,140,61,FMN 10 IJzerlaanbrug
657,Fietsbrug Ijzerlaanbrug,2023-04-13,08:00:00,271,222,49,FMN 10 IJzerlaanbrug
657,Fietsbrug Ijzerlaanbrug,2023-04-13,09:00:00,127,93,34,FMN 10 IJzerlaanbrug
657,Fietsbrug Ijzerlaanbrug,2023-04-13,10:00:00,91,65,26,FMN 10 IJzerlaanbrug
657,Fietsbrug Ijzerlaanbrug,2023-04-13,11:00:00,96,60,36,FMN 10 IJzerlaanbrug
657,Fietsbrug Ijzerlaanbrug,2023-04-13,12:00:00,122,66,56,FMN 10 IJzerlaanbrug
657,Fietsbrug Ijzerlaanbrug,2023-04-13,13:00:00,125,69,56,FMN 10 IJzerlaanbrug
657,Fietsbrug Ijzerlaanbrug,2023-04-13,14:00:00,148,70,78,FMN 10 IJzerlaanbrug
657,Fietsbrug Ijzerlaanbrug,2023-04-13,15:00:00,187,73,114,FMN 10 IJzerlaanbrug
657,Fietsbrug Ijzerlaanbrug,2023-04-13,16:00:00,326,131,195,FMN 10 IJzerlaanbrug
657,Fietsbrug Ijzerlaanbrug,2023-04-13,17:00:00,321,96,225,FMN 10 IJzerlaanbrug
657,Fietsbrug Ijzerlaanbrug,2023-04-13,18:00:00,224,75,149,FMN 10 IJzerlaanbrug
657,Fietsbrug Ijzerlaanbrug,2023-04-13,19:00:00,158,61,97,FMN 10 IJzerlaanbrug
657,Fietsbrug Ijzerlaanbrug,2023-04-13,20:00:00,105,45,60,FMN 10 IJzerlaanbrug
657,Fietsbrug Ijzerlaanbrug,2023-04-13,21:00:00,92,38,54,FMN 10 IJzerlaanbrug
657,Fietsbrug Ijzerlaanbrug,2023-04-13,22:00:00,88,43,45,FMN 10 IJzerlaanbrug
657,Fietsbrug Ijzerlaanbrug,2023-04-13,23:00:00,67,24,43,FMN 10 IJzerlaanbrug
657,Fietsbrug Ijzerlaanbrug,2023-04-14,00:00:00,47,18,29,FMN 10 IJzerlaanbrug
657,Fietsbrug Ijzerlaanbrug,2023-04-14,01:00:00,13,6,7,FMN 10 IJzerlaanbrug
657,Fietsbrug Ijzerlaanbrug,2023-04-14,02:00:00,13,6,7,FMN 10 IJzerlaanbrug
657,Fietsbrug Ijzerlaanbrug,2023-04-14,03:00:00,7,2,5,FMN 10 IJzerlaanbrug
657,Fietsbrug Ijzerlaanbrug,2023-04-14,04:00:00,23,13,10,FMN 10 IJzerlaanbrug
657,Fietsbrug Ijzerlaanbrug,2023-04-14,05:00:00,43,18,25,FMN 10 IJzerlaanbrug
657,Fietsbrug Ijzerlaanbrug,2023-04-14,06:00:00,94,56,38,FMN 10 IJzerlaanbrug
657,Fietsbrug Ijzerlaanbrug,2023-04-14,07:00:00,187,127,60,FMN 10 IJzerlaanbrug
657,Fietsbrug Ijzerlaanbrug,2023-04-14,08:00:00,236,179,57,FMN 10 IJzerlaanbrug
657,Fietsbrug Ijzerlaanbrug,2023-04-14,09:00:00,167,125,42,FMN 10 IJzerlaanbrug
657,Fietsbrug Ijzerlaanbrug,2023-04-14,10:00:00,157,109,48,FMN 10 IJzerlaanbrug
657,Fietsbrug Ijzerlaanbrug,2023-04-14,11:00:00,119,74,45,FMN 10 IJzerlaanbrug
657,Fietsbrug Ijzerlaanbrug,2023-04-14,12:00:00,160,85,75,FMN 10 IJzerlaanbrug
657,Fietsbrug Ijzerlaanbrug,2023-04-14,13:00:00,209,118,91,FMN 10 IJzerlaanbrug
657,Fietsbrug Ijzerlaanbrug,2023-04-14,14:00:00,199,97,102,FMN 10 IJzerlaanbrug
657,Fietsbrug Ijzerlaanbrug,2023-04-14,15:00:00,249,107,142,FMN 10 IJzerlaanbrug
657,Fietsbrug Ijzerlaanbrug,2023-04-14,16:00:00,253,76,177,FMN 10 IJzerlaanbrug
657,Fietsbrug Ijzerlaanbrug,2023-04-14,17:00:00,295,98,197,FMN 10 IJzerlaanbrug
657,Fietsbrug Ijzerlaanbrug,2023-04-14,18:00:00,208,90,118,FMN 10 IJzerlaanbrug
657,Fietsbrug Ijzerlaanbrug,2023-04-14,19:00:00,186,111,75,FMN 10 IJzerlaanbrug
657,Fietsbrug Ijzerlaanbrug,2023-04-14,20:00:00,108,58,50,FMN 10 IJzerlaanbrug
657,Fietsbrug Ijzerlaanbrug,2023-04-14,21:00:00,83,47,36,FMN 10 IJzerlaanbrug
657,Fietsbrug Ijzerlaanbrug,2023-04-14,22:00:00,135,70,65,FMN 10 IJzerlaanbrug
657,Fietsbrug Ijzerlaanbrug,2023-04-14,23:00:00,94,35,59,FMN 10 IJzerlaanbrug
657,Fietsbrug Ijzerlaanbrug,2023-04-15,00:00:00,55,15,40,FMN 10 IJzerlaanbrug
657,Fietsbrug Ijzerlaanbrug,2023-04-15,01:00:00,66,14,52,FMN 10 IJzerlaanbrug
657,Fietsbrug Ijzerlaanbrug,2023-04-15,02:00:00,41,5,36,FMN 10 IJzerlaanbrug
657,Fietsbrug Ijzerlaanbrug,2023-04-15,03:00:00,37,5,32,FMN 10 IJzerlaanbrug
657,Fietsbrug Ijzerlaanbrug,2023-04-15,04:00:00,20,4,16,FMN 10 IJzerlaanbrug
657,Fietsbrug Ijzerlaanbrug,2023-04-15,05:00:00,19,7,12,FMN 10 IJzerlaanbrug
657,Fietsbrug Ijzerlaanbrug,2023-04-15,06:00:00,32,13,19,FMN 10 IJzerlaanbrug
657,Fietsbrug Ijzerlaanbrug,2023-04-15,07:00:00,34,18,16,FMN 10 IJzerlaanbrug
657,Fietsbrug Ijzerlaanbrug,2023-04-15,08:00:00,65,34,31,FMN 10 IJzerlaanbrug
657,Fietsbrug Ijzerlaanbrug,2023-04-15,09:00:00,138,77,61,FMN 10 IJzerlaanbrug
657,Fietsbrug Ijzerlaanbrug,2023-04-15,10:00:00,139,89,50,FMN 10 IJzerlaanbrug
657,Fietsbrug Ijzerlaanbrug,2023-04-15,11:00:00,184,104,80,FMN 10 IJzerlaanbrug
657,Fietsbrug Ijzerlaanbrug,2023-04-15,12:00:00,191,122,69,FMN 10 IJzerlaanbrug
657,Fietsbrug Ijzerlaanbrug,2023-04-15,13:00:00,252,171,81,FMN 10 IJzerlaanbrug
657,Fietsbrug Ijzerlaanbrug,2023-04-15,14:00:00,308,179,129,FMN 10 IJzerlaanbrug
657,Fietsbrug Ijzerlaanbrug,2023-04-15,15:00:00,265,128,137,FMN 10 IJzerlaanbrug
657,Fietsbrug Ijzerlaanbrug,2023-04-15,16:00:00,236,83,153,FMN 10 IJzerlaanbrug
657,Fietsbrug Ijzerlaanbrug,2023-04-15,17:00:00,254,117,137,FMN 10 IJzerlaanbrug
657,Fietsbrug Ijzerlaanbrug,2023-04-15,18:00:00,230,96,134,FMN 10 IJzerlaanbrug
657,Fietsbrug Ijzerlaanbrug,2023-04-15,19:00:00,145,70,75,FMN 10 IJzerlaanbrug
657,Fietsbrug Ijzerlaanbrug,2023-04-15,20:00:00,115,66,49,FMN 10 IJzerlaanbrug
657,Fietsbrug Ijzerlaanbrug,2023-04-15,21:00:00,99,55,44,FMN 10 IJzerlaanbrug
657,Fietsbrug Ijzerlaanbrug,2023-04-15,22:00:00,81,29,52,FMN 10 IJzerlaanbrug
657,Fietsbrug Ijzerlaanbrug,2023-04-15,23:00:00,75,17,58,FMN 10 IJzerlaanbrug
657,Fietsbrug Ijzerlaanbrug,2023-04-16,00:00:00,59,19,40,FMN 10 IJzerlaanbrug
657,Fietsbrug Ijzerlaanbrug,2023-04-16,01:00:00,42,8,34,FMN 10 IJzerlaanbrug
657,Fietsbrug Ijzerlaanbrug,2023-04-16,02:00:00,32,4,28,FMN 10 IJzerlaanbrug
657,Fietsbrug Ijzerlaanbrug,2023-04-16,03:00:00,24,6,18,FMN 10 IJzerlaanbrug
657,Fietsbrug Ijzerlaanbrug,2023-04-16,04:00:00,14,3,11,FMN 10 IJzerlaanbrug
657,Fietsbrug Ijzerlaanbrug,2023-04-16,05:00:00,15,6,9,FMN 10 IJzerlaanbrug
657,Fietsbrug Ijzerlaanbrug,2023-04-16,06:00:00,31,11,20,FMN 10 IJzerlaanbrug
657,Fietsbrug Ijzerlaanbrug,2023-04-16,07:00:00,24,9,15,FMN 10 IJzerlaanbrug
657,Fietsbrug Ijzerlaanbrug,2023-04-16,08:00:00,42,25,17,FMN 10 IJzerlaanbrug
657,Fietsbrug Ijzerlaanbrug,2023-04-16,09:00:00,69,47,22,FMN 10 IJzerlaanbrug
657,Fietsbrug Ijzerlaanbrug,2023-04-16,10:00:00,85,59,26,FMN 10 IJzerlaanbrug
657,Fietsbrug Ijzerlaanbrug,2023-04-16,11:00:00,140,82,58,FMN 10 IJzerlaanbrug
657,Fietsbrug Ijzerlaanbrug,2023-04-16,12:00:00,112,66,46,FMN 10 IJzerlaanbrug
657,Fietsbrug Ijzerlaanbrug,2023-04-16,13:00:00,117,62,55,FMN 10 IJzerlaanbrug
657,Fietsbrug Ijzerlaanbrug,2023-04-16,14:00:00,151,76,75,FMN 10 IJzerlaanbrug
657,Fietsbrug Ijzerlaanbrug,2023-04-16,15:00:00,136,63,73,FMN 10 IJzerlaanbrug
657,Fietsbrug Ijzerlaanbrug,2023-04-16,16:00:00,133,57,76,FMN 10 IJzerlaanbrug
657,Fietsbrug Ijzerlaanbrug,2023-04-16,17:00:00,139,48,91,FMN 10 IJzerlaanbrug
657,Fietsbrug Ijzerlaanbrug,2023-04-16,18:00:00,89,47,42,FMN 10 IJzerlaanbrug
657,Fietsbrug Ijzerlaanbrug,2023-04-16,19:00:00,76,36,40,FMN 10 IJzerlaanbrug
657,Fietsbrug Ijzerlaanbrug,2023-04-16,20:00:00,68,27,41,FMN 10 IJzerlaanbrug
657,Fietsbrug Ijzerlaanbrug,2023-04-16,21:00:00,51,26,25,FMN 10 IJzerlaanbrug
657,Fietsbrug Ijzerlaanbrug,2023-04-16,22:00:00,33,15,18,FMN 10 IJzerlaanbrug
657,Fietsbrug Ijzerlaanbrug,2023-04-16,23:00:00,33,9,24,FMN 10 IJzerlaanbrug
657,Fietsbrug Ijzerlaanbrug,2023-04-17,00:00:00,23,5,18,FMN 10 IJzerlaanbrug
657,Fietsbrug Ijzerlaanbrug,2023-04-17,01:00:00,18,10,8,FMN 10 IJzerlaanbrug
657,Fietsbrug Ijzerlaanbrug,2023-04-17,02:00:00,2,1,1,FMN 10 IJzerlaanbrug
657,Fietsbrug Ijzerlaanbrug,2023-04-17,03:00:00,9,7,2,FMN 10 IJzerlaanbrug
657,Fietsbrug Ijzerlaanbrug,2023-04-17,04:00:00,18,15,3,FMN 10 IJzerlaanbrug
657,Fietsbrug Ijzerlaanbrug,2023-04-17,05:00:00,46,27,19,FMN 10 IJzerlaanbrug
657,Fietsbrug Ijzerlaanbrug,2023-04-17,06:00:00,126,89,37,FMN 10 IJzerlaanbrug
657,Fietsbrug Ijzerlaanbrug,2023-04-17,07:00:00,490,365,125,FMN 10 IJzerlaanbrug
657,Fietsbrug Ijzerlaanbrug,2023-04-17,08:00:00,640,472,168,FMN 10 IJzerlaanbrug
657,Fietsbrug Ijzerlaanbrug,2023-04-17,09:00:00,199,140,59,FMN 10 IJzerlaanbrug
657,Fietsbrug Ijzerlaanbrug,2023-04-17,10:00:00,124,87,37,FMN 10 IJzerlaanbrug
657,Fietsbrug Ijzerlaanbrug,2023-04-17,11:00:00,142,80,62,FMN 10 IJzerlaanbrug
657,Fietsbrug Ijzerlaanbrug,2023-04-17,12:00:00,189,95,94,FMN 10 IJzerlaanbrug
657,Fietsbrug Ijzerlaanbrug,2023-04-17,13:00:00,176,95,81,FMN 10 IJzerlaanbrug
657,Fietsbrug Ijzerlaanbrug,2023-04-17,14:00:00,197,87,110,FMN 10 IJzerlaanbrug
657,Fietsbrug Ijzerlaanbrug,2023-04-17,15:00:00,312,126,186,FMN 10 IJzerlaanbrug
657,Fietsbrug Ijzerlaanbrug,2023-04-17,16:00:00,560,175,385,FMN 10 IJzerlaanbrug
657,Fietsbrug Ijzerlaanbrug,2023-04-17,17:00:00,475,138,337,FMN 10 IJzerlaanbrug
657,Fietsbrug Ijzerlaanbrug,2023-04-17,18:00:00,290,65,225,FMN 10 IJzerlaanbrug
657,Fietsbrug Ijzerlaanbrug,2023-04-17,19:00:00,196,81,115,FMN 10 IJzerlaanbrug
657,Fietsbrug Ijzerlaanbrug,2023-04-17,20:00:00,118,58,60,FMN 10 IJzerlaanbrug
657,Fietsbrug Ijzerlaanbrug,2023-04-17,21:00:00,98,58,40,FMN 10 IJzerlaanbrug
657,Fietsbrug Ijzerlaanbrug,2023-04-17,22:00:00,105,46,59,FMN 10 IJzerlaanbrug
657,Fietsbrug Ijzerlaanbrug,2023-04-17,23:00:00,33,10,23,FMN 10 IJzerlaanbrug
657,Fietsbrug Ijzerlaanbrug,2023-04-18,00:00:00,38,12,26,FMN 10 IJzerlaanbrug
657,Fietsbrug Ijzerlaanbrug,2023-04-18,01:00:00,16,2,14,FMN 10 IJzerlaanbrug
657,Fietsbrug Ijzerlaanbrug,2023-04-18,02:00:00,7,3,4,FMN 10 IJzerlaanbrug
657,Fietsbrug Ijzerlaanbrug,2023-04-18,03:00:00,11,5,6,FMN 10 IJzerlaanbrug
657,Fietsbrug Ijzerlaanbrug,2023-04-18,04:00:00,19,15,4,FMN 10 IJzerlaanbrug
657,Fietsbrug Ijzerlaanbrug,2023-04-18,05:00:00,60,37,23,FMN 10 IJzerlaanbrug
657,Fietsbrug Ijzerlaanbrug,2023-04-18,06:00:00,137,94,43,FMN 10 IJzerlaanbrug
657,Fietsbrug Ijzerlaanbrug,2023-04-18,07:00:00,478,356,122,FMN 10 IJzerlaanbrug
657,Fietsbrug Ijzerlaanbrug,2023-04-18,08:00:00,687,520,167,FMN 10 IJzerlaanbrug
657,Fietsbrug Ijzerlaanbrug,2023-04-18,09:00:00,255,183,72,FMN 10 IJzerlaanbrug
657,Fietsbrug Ijzerlaanbrug,2023-04-18,10:00:00,150,98,52,FMN 10 IJzerlaanbrug
657,Fietsbrug Ijzerlaanbrug,2023-04-18,11:00:00,153,84,69,FMN 10 IJzerlaanbrug
657,Fietsbrug Ijzerlaanbrug,2023-04-18,12:00:00,203,98,105,FMN 10 IJzerlaanbrug
657,Fietsbrug Ijzerlaanbrug,2023-04-18,13:00:00,215,111,104,FMN 10 IJzerlaanbrug
657,Fietsbrug Ijzerlaanbrug,2023-04-18,14:00:00,187,93,94,FMN 10 IJzerlaanbrug
657,Fietsbrug Ijzerlaanbrug,2023-04-18,15:00:00,302,113,189,FMN 10 IJzerlaanbrug
657,Fietsbrug Ijzerlaanbrug,2023-04-18,16:00:00,553,170,383,FMN 10 IJzerlaanbrug
657,Fietsbrug Ijzerlaanbrug,2023-04-18,17:00:00,564,153,411,FMN 10 IJzerlaanbrug
657,Fietsbrug Ijzerlaanbrug,2023-04-18,18:00:00,322,102,220,FMN 10 IJzerlaanbrug
657,Fietsbrug Ijzerlaanbrug,2023-04-18,19:00:00,213,89,124,FMN 10 IJzerlaanbrug
657,Fietsbrug Ijzerlaanbrug,2023-04-18,20:00:00,144,63,81,FMN 10 IJzerlaanbrug
657,Fietsbrug Ijzerlaanbrug,2023-04-18,21:00:00,107,46,61,FMN 10 IJzerlaanbrug
657,Fietsbrug Ijzerlaanbrug,2023-04-18,22:00:00,117,46,71,FMN 10 IJzerlaanbrug
657,Fietsbrug Ijzerlaanbrug,2023-04-18,23:00:00,56,18,38,FMN 10 IJzerlaanbrug
657,Fietsbrug Ijzerlaanbrug,2023-04-19,00:00:00,29,13,16,FMN 10 IJzerlaanbrug
657,Fietsbrug Ijzerlaanbrug,2023-04-19,01:00:00,18,6,12,FMN 10 IJzerlaanbrug
657,Fietsbrug Ijzerlaanbrug,2023-04-19,02:00:00,6,2,4,FMN 10 IJzerlaanbrug
657,Fietsbrug Ijzerlaanbrug,2023-04-19,03:00:00,8,5,3,FMN 10 IJzerlaanbrug
657,Fietsbrug Ijzerlaanbrug,2023-04-19,04:00:00,15,9,6,FMN 10 IJzerlaanbrug
657,Fietsbrug Ijzerlaanbrug,2023-04-19,05:00:00,54,35,19,FMN 10 IJzerlaanbrug
657,Fietsbrug Ijzerlaanbrug,2023-04-19,06:00:00,142,90,52,FMN 10 IJzerlaanbrug
657,Fietsbrug Ijzerlaanbrug,2023-04-19,07:00:00,435,313,122,FMN 10 IJzerlaanbrug
657,Fietsbrug Ijzerlaanbrug,2023-04-19,08:00:00,588,426,162,FMN 10 IJzerlaanbrug
657,Fietsbrug Ijzerlaanbrug,2023-04-19,09:00:00,188,128,60,FMN 10 IJzerlaanbrug
657,Fietsbrug Ijzerlaanbrug,2023-04-19,10:00:00,161,113,48,FMN 10 IJzerlaanbrug
657,Fietsbrug Ijzerlaanbrug,2023-04-19,11:00:00,188,98,90,FMN 10 IJzerlaanbrug
657,Fietsbrug Ijzerlaanbrug,2023-04-19,12:00:00,376,187,189,FMN 10 IJzerlaanbrug
657,Fietsbrug Ijzerlaanbrug,2023-04-19,13:00:00,287,132,155,FMN 10 IJzerlaanbrug
657,Fietsbrug Ijzerlaanbrug,2023-04-19,14:00:00,242,105,137,FMN 10 IJzerlaanbrug
657,Fietsbrug Ijzerlaanbrug,2023-04-19,15:00:00,298,134,164,FMN 10 IJzerlaanbrug
657,Fietsbrug Ijzerlaanbrug,2023-04-19,16:00:00,445,159,286,FMN 10 IJzerlaanbrug
657,Fietsbrug Ijzerlaanbrug,2023-04-19,17:00:00,484,145,339,FMN 10 IJzerlaanbrug
657,Fietsbrug Ijzerlaanbrug,2023-04-19,18:00:00,361,122,239,FMN 10 IJzerlaanbrug
657,Fietsbrug Ijzerlaanbrug,2023-04-19,19:00:00,196,89,107,FMN 10 IJzerlaanbrug
657,Fietsbrug Ijzerlaanbrug,2023-04-19,20:00:00,160,71,89,FMN 10 IJzerlaanbrug
657,Fietsbrug Ijzerlaanbrug,2023-04-19,21:00:00,101,36,65,FMN 10 IJzerlaanbrug
657,Fietsbrug Ijzerlaanbrug,2023-04-19,22:00:00,105,39,66,FMN 10 IJzerlaanbrug
657,Fietsbrug Ijzerlaanbrug,2023-04-19,23:00:00,61,20,41,FMN 10 IJzerlaanbrug
657,Fietsbrug Ijzerlaanbrug,2023-04-20,00:00:00,35,11,24,FMN 10 IJzerlaanbrug
657,Fietsbrug Ijzerlaanbrug,2023-04-20,01:00:00,19,8,11,FMN 10 IJzerlaanbrug
657,Fietsbrug Ijzerlaanbrug,2023-04-20,02:00:00,6,1,5,FMN 10 IJzerlaanbrug
657,Fietsbrug Ijzerlaanbrug,2023-04-20,03:00:00,6,3,3,FMN 10 IJzerlaanbrug
657,Fietsbrug Ijzerlaanbrug,2023-04-20,04:00:00,17,11,6,FMN 10 IJzerlaanbrug
657,Fietsbrug Ijzerlaanbrug,2023-04-20,05:00:00,43,31,12,FMN 10 IJzerlaanbrug
657,Fietsbrug Ijzerlaanbrug,2023-04-20,06:00:00,112,68,44,FMN 10 IJzerlaanbrug
657,Fietsbrug Ijzerlaanbrug,2023-04-20,07:00:00,436,322,114,FMN 10 IJzerlaanbrug
657,Fietsbrug Ijzerlaanbrug,2023-04-20,08:00:00,547,412,135,FMN 10 IJzerlaanbrug
657,Fietsbrug Ijzerlaanbrug,2023-04-20,09:00:00,204,140,64,FMN 10 IJzerlaanbrug
657,Fietsbrug Ijzerlaanbrug,2023-04-20,10:00:00,120,79,41,FMN 10 IJzerlaanbrug
657,Fietsbrug Ijzerlaanbrug,2023-04-20,11:00:00,95,56,39,FMN 10 IJzerlaanbrug
657,Fietsbrug Ijzerlaanbrug,2023-04-20,12:00:00,178,90,88,FMN 10 IJzerlaanbrug
657,Fietsbrug Ijzerlaanbrug,2023-04-20,13:00:00,158,78,80,FMN 10 IJzerlaanbrug
657,Fietsbrug Ijzerlaanbrug,2023-04-20,14:00:00,171,60,111,FMN 10 IJzerlaanbrug
657,Fietsbrug Ijzerlaanbrug,2023-04-20,15:00:00,277,111,166,FMN 10 IJzerlaanbrug
657,Fietsbrug Ijzerlaanbrug,2023-04-20,16:00:00,410,126,284,FMN 10 IJzerlaanbrug
657,Fietsbrug Ijzerlaanbrug,2023-04-20,17:00:00,439,135,304,FMN 10 IJzerlaanbrug
657,Fietsbrug Ijzerlaanbrug,2023-04-20,18:00:00,282,95,187,FMN 10 IJzerlaanbrug
657,Fietsbrug Ijzerlaanbrug,2023-04-20,19:00:00,183,79,104,FMN 10 IJzerlaanbrug
657,Fietsbrug Ijzerlaanbrug,2023-04-20,20:00:00,138,69,69,FMN 10 IJzerlaanbrug
657,Fietsbrug Ijzerlaanbrug,2023-04-20,21:00:00,94,39,55,FMN 10 IJzerlaanbrug
657,Fietsbrug Ijzerlaanbrug,2023-04-20,22:00:00,124,54,70,FMN 10 IJzerlaanbrug
657,Fietsbrug Ijzerlaanbrug,2023-04-20,23:00:00,74,31,43,FMN 10 IJzerlaanbrug
657,Fietsbrug Ijzerlaanbrug,2023-04-21,00:00:00,34,10,24,FMN 10 IJzerlaanbrug
657,Fietsbrug Ijzerlaanbrug,2023-04-21,01:00:00,28,9,19,FMN 10 IJzerlaanbrug
657,Fietsbrug Ijzerlaanbrug,2023-04-21,02:00:00,19,3,16,FMN 10 IJzerlaanbrug
657,Fietsbrug Ijzerlaanbrug,2023-04-21,03:00:00,17,3,14,FMN 10 IJzerlaanbrug
657,Fietsbrug Ijzerlaanbrug,2023-04-21,04:00:00,20,11,9,FMN 10 IJzerlaanbrug
657,Fietsbrug Ijzerlaanbrug,2023-04-21,05:00:00,55,32,23,FMN 10 IJzerlaanbrug
657,Fietsbrug Ijzerlaanbrug,2023-04-21,06:00:00,104,72,32,FMN 10 IJzerlaanbrug
657,Fietsbrug Ijzerlaanbrug,2023-04-21,07:00:00,353,255,98,FMN 10 IJzerlaanbrug
657,Fietsbrug Ijzerlaanbrug,2023-04-21,08:00:00,498,383,115,FMN 10 IJzerlaanbrug
657,Fietsbrug Ijzerlaanbrug,2023-04-21,09:00:00,232,165,67,FMN 10 IJzerlaanbrug
657,Fietsbrug Ijzerlaanbrug,2023-04-21,10:00:00,152,109,43,FMN 10 IJzerlaanbrug
657,Fietsbrug Ijzerlaanbrug,2023-04-21,11:00:00,156,97,59,FMN 10 IJzerlaanbrug
657,Fietsbrug Ijzerlaanbrug,2023-04-21,12:00:00,214,92,122,FMN 10 IJzerlaanbrug
657,Fietsbrug Ijzerlaanbrug,2023-04-21,13:00:00,218,98,120,FMN 10 IJzerlaanbrug
657,Fietsbrug Ijzerlaanbrug,2023-04-21,14:00:00,255,105,150,FMN 10 IJzerlaanbrug
657,Fietsbrug Ijzerlaanbrug,2023-04-21,15:00:00,365,144,221,FMN 10 IJzerlaanbrug
657,Fietsbrug Ijzerlaanbrug,2023-04-21,16:00:00,432,164,268,FMN 10 IJzerlaanbrug
657,Fietsbrug Ijzerlaanbrug,2023-04-21,17:00:00,418,117,301,FMN 10 IJzerlaanbrug
657,Fietsbrug Ijzerlaanbrug,2023-04-21,18:00:00,296,115,181,FMN 10 IJzerlaanbrug
657,Fietsbrug Ijzerlaanbrug,2023-04-21,19:00:00,206,93,113,FMN 10 IJzerlaanbrug
657,Fietsbrug Ijzerlaanbrug,2023-04-21,20:00:00,141,77,64,FMN 10 IJzerlaanbrug
657,Fietsbrug Ijzerlaanbrug,2023-04-21,21:00:00,89,42,47,FMN 10 IJzerlaanbrug
657,Fietsbrug Ijzerlaanbrug,2023-04-21,22:00:00,99,42,57,FMN 10 IJzerlaanbrug
657,Fietsbrug Ijzerlaanbrug,2023-04-21,23:00:00,86,23,63,FMN 10 IJzerlaanbrug
657,Fietsbrug Ijzerlaanbrug,2023-04-22,00:00:00,53,11,42,FMN 10 IJzerlaanbrug
657,Fietsbrug Ijzerlaanbrug,2023-04-22,01:00:00,48,14,34,FMN 10 IJzerlaanbrug
657,Fietsbrug Ijzerlaanbrug,2023-04-22,02:00:00,29,4,25,FMN 10 IJzerlaanbrug
657,Fietsbrug Ijzerlaanbrug,2023-04-22,03:00:00,39,13,26,FMN 10 IJzerlaanbrug
657,Fietsbrug Ijzerlaanbrug,2023-04-22,04:00:00,14,4,10,FMN 10 IJzerlaanbrug
657,Fietsbrug Ijzerlaanbrug,2023-04-22,05:00:00,26,6,20,FMN 10 IJzerlaanbrug
657,Fietsbrug Ijzerlaanbrug,2023-04-22,06:00:00,38,24,14,FMN 10 IJzerlaanbrug
657,Fietsbrug Ijzerlaanbrug,2023-04-22,07:00:00,42,24,18,FMN 10 IJzerlaanbrug
657,Fietsbrug Ijzerlaanbrug,2023-04-22,08:00:00,74,42,32,FMN 10 IJzerlaanbrug
657,Fietsbrug Ijzerlaanbrug,2023-04-22,09:00:00,155,109,46,FMN 10 IJzerlaanbrug
657,Fietsbrug Ijzerlaanbrug,2023-04-22,10:00:00,160,119,41,FMN 10 IJzerlaanbrug
657,Fietsbrug Ijzerlaanbrug,2023-04-22,11:00:00,166,101,65,FMN 10 IJzerlaanbrug
657,Fietsbrug Ijzerlaanbrug,2023-04-22,12:00:00,120,53,67,FMN 10 IJzerlaanbrug
657,Fietsbrug Ijzerlaanbrug,2023-04-22,13:00:00,100,33,67,FMN 10 IJzerlaanbrug
657,Fietsbrug Ijzerlaanbrug,2023-04-22,14:00:00,105,48,57,FMN 10 IJzerlaanbrug
657,Fietsbrug Ijzerlaanbrug,2023-04-22,15:00:00,97,46,51,FMN 10 IJzerlaanbrug
657,Fietsbrug Ijzerlaanbrug,2023-04-22,16:00:00,87,41,46,FMN 10 IJzerlaanbrug
657,Fietsbrug Ijzerlaanbrug,2023-04-22,17:00:00,98,35,63,FMN 10 IJzerlaanbrug
657,Fietsbrug Ijzerlaanbrug,2023-04-22,18:00:00,102,49,53,FMN 10 IJzerlaanbrug
657,Fietsbrug Ijzerlaanbrug,2023-04-22,19:00:00,82,41,41,FMN 10 IJzerlaanbrug
657,Fietsbrug Ijzerlaanbrug,2023-04-22,20:00:00,58,29,29,FMN 10 IJzerlaanbrug
657,Fietsbrug Ijzerlaanbrug,2023-04-22,21:00:00,66,38,28,FMN 10 IJzerlaanbrug
657,Fietsbrug Ijzerlaanbrug,2023-04-22,22:00:00,53,21,32,FMN 10 IJzerlaanbrug
657,Fietsbrug Ijzerlaanbrug,2023-04-22,23:00:00,49,19,30,FMN 10 IJzerlaanbrug
657,Fietsbrug Ijzerlaanbrug,2023-04-23,00:00:00,41,10,31,FMN 10 IJzerlaanbrug
657,Fietsbrug Ijzerlaanbrug,2023-04-23,01:00:00,42,13,29,FMN 10 IJzerlaanbrug
657,Fietsbrug Ijzerlaanbrug,2023-04-23,02:00:00,21,8,13,FMN 10 IJzerlaanbrug
657,Fietsbrug Ijzerlaanbrug,2023-04-23,03:00:00,20,0,20,FMN 10 IJzerlaanbrug
657,Fietsbrug Ijzerlaanbrug,2023-04-23,04:00:00,12,2,10,FMN 10 IJzerlaanbrug
657,Fietsbrug Ijzerlaanbrug,2023-04-23,05:00:00,15,8,7,FMN 10 IJzerlaanbrug
657,Fietsbrug Ijzerlaanbrug,2023-04-23,06:00:00,28,16,12,FMN 10 IJzerlaanbrug
657,Fietsbrug Ijzerlaanbrug,2023-04-23,07:00:00,28,18,10,FMN 10 IJzerlaanbrug
657,Fietsbrug Ijzerlaanbrug,2023-04-23,08:00:00,47,32,15,FMN 10 IJzerlaanbrug
657,Fietsbrug Ijzerlaanbrug,2023-04-23,09:00:00,123,68,55,FMN 10 IJzerlaanbrug
657,Fietsbrug Ijzerlaanbrug,2023-04-23,10:00:00,185,142,43,FMN 10 IJzerlaanbrug
657,Fietsbrug Ijzerlaanbrug,2023-04-23,11:00:00,245,151,94,FMN 10 IJzerlaanbrug
657,Fietsbrug Ijzerlaanbrug,2023-04-23,12:00:00,258,184,74,FMN 10 IJzerlaanbrug
657,Fietsbrug Ijzerlaanbrug,2023-04-23,13:00:00,284,219,65,FMN 10 IJzerlaanbrug
657,Fietsbrug Ijzerlaanbrug,2023-04-23,14:00:00,244,157,87,FMN 10 IJzerlaanbrug
657,Fietsbrug Ijzerlaanbrug,2023-04-23,15:00:00,192,59,133,FMN 10 IJzerlaanbrug
657,Fietsbrug Ijzerlaanbrug,2023-04-23,16:00:00,252,48,204,FMN 10 IJzerlaanbrug
657,Fietsbrug Ijzerlaanbrug,2023-04-23,17:00:00,202,48,154,FMN 10 IJzerlaanbrug
657,Fietsbrug Ijzerlaanbrug,2023-04-23,18:00:00,174,35,139,FMN 10 IJzerlaanbrug
657,Fietsbrug Ijzerlaanbrug,2023-04-23,19:00:00,99,39,60,FMN 10 IJzerlaanbrug
657,Fietsbrug Ijzerlaanbrug,2023-04-23,20:00:00,74,21,53,FMN 10 IJzerlaanbrug
657,Fietsbrug Ijzerlaanbrug,2023-04-23,21:00:00,53,21,32,FMN 10 IJzerlaanbrug
657,Fietsbrug Ijzerlaanbrug,2023-04-23,22:00:00,59,21,38,FMN 10 IJzerlaanbrug
657,Fietsbrug Ijzerlaanbrug,2023-04-23,23:00:00,26,5,21,FMN 10 IJzerlaanbrug
657,Fietsbrug Ijzerlaanbrug,2023-04-24,00:00:00,15,6,9,FMN 10 IJzerlaanbrug
657,Fietsbrug Ijzerlaanbrug,2023-04-24,01:00:00,8,2,6,FMN 10 IJzerlaanbrug
657,Fietsbrug Ijzerlaanbrug,2023-04-24,02:00:00,8,4,4,FMN 10 IJzerlaanbrug
657,Fietsbrug Ijzerlaanbrug,2023-04-24,03:00:00,2,1,1,FMN 10 IJzerlaanbrug
657,Fietsbrug Ijzerlaanbrug,2023-04-24,04:00:00,17,11,6,FMN 10 IJzerlaanbrug
657,Fietsbrug Ijzerlaanbrug,2023-04-24,05:00:00,32,21,11,FMN 10 IJzerlaanbrug
657,Fietsbrug Ijzerlaanbrug,2023-04-24,06:00:00,90,55,35,FMN 10 IJzerlaanbrug
657,Fietsbrug Ijzerlaanbrug,2023-04-24,07:00:00,280,202,78,FMN 10 IJzerlaanbrug
657,Fietsbrug Ijzerlaanbrug,2023-04-24,08:00:00,423,296,127,FMN 10 IJzerlaanbrug
657,Fietsbrug Ijzerlaanbrug,2023-04-24,09:00:00,164,110,54,FMN 10 IJzerlaanbrug
657,Fietsbrug Ijzerlaanbrug,2023-04-24,10:00:00,107,70,37,FMN 10 IJzerlaanbrug
657,Fietsbrug Ijzerlaanbrug,2023-04-24,11:00:00,100,66,34,FMN 10 IJzerlaanbrug
657,Fietsbrug Ijzerlaanbrug,2023-04-24,12:00:00,140,72,68,FMN 10 IJzerlaanbrug
657,Fietsbrug Ijzerlaanbrug,2023-04-24,13:00:00,143,70,73,FMN 10 IJzerlaanbrug
657,Fietsbrug Ijzerlaanbrug,2023-04-24,14:00:00,160,62,98,FMN 10 IJzerlaanbrug
657,Fietsbrug Ijzerlaanbrug,2023-04-24,15:00:00,213,97,116,FMN 10 IJzerlaanbrug
657,Fietsbrug Ijzerlaanbrug,2023-04-24,16:00:00,391,144,247,FMN 10 IJzerlaanbrug
657,Fietsbrug Ijzerlaanbrug,2023-04-24,17:00:00,386,110,276,FMN 10 IJzerlaanbrug
657,Fietsbrug Ijzerlaanbrug,2023-04-24,18:00:00,242,89,153,FMN 10 IJzerlaanbrug
657,Fietsbrug Ijzerlaanbrug,2023-04-24,19:00:00,123,46,77,FMN 10 IJzerlaanbrug
657,Fietsbrug Ijzerlaanbrug,2023-04-24,20:00:00,108,62,46,FMN 10 IJzerlaanbrug
657,Fietsbrug Ijzerlaanbrug,2023-04-24,21:00:00,87,40,47,FMN 10 IJzerlaanbrug
657,Fietsbrug Ijzerlaanbrug,2023-04-24,22:00:00,86,25,61,FMN 10 IJzerlaanbrug
657,Fietsbrug Ijzerlaanbrug,2023-04-24,23:00:00,32,11,21,FMN 10 IJzerlaanbrug
657,Fietsbrug Ijzerlaanbrug,2023-04-25,00:00:00,26,7,19,FMN 10 IJzerlaanbrug
657,Fietsbrug Ijzerlaanbrug,2023-04-25,01:00:00,13,1,12,FMN 10 IJzerlaanbrug
657,Fietsbrug Ijzerlaanbrug,2023-04-25,02:00:00,7,4,3,FMN 10 IJzerlaanbrug
657,Fietsbrug Ijzerlaanbrug,2023-04-25,03:00:00,5,1,4,FMN 10 IJzerlaanbrug
657,Fietsbrug Ijzerlaanbrug,2023-04-25,04:00:00,22,16,6,FMN 10 IJzerlaanbrug
657,Fietsbrug Ijzerlaanbrug,2023-04-25,05:00:00,44,26,18,FMN 10 IJzerlaanbrug
657,Fietsbrug Ijzerlaanbrug,2023-04-25,06:00:00,140,96,44,FMN 10 IJzerlaanbrug
657,Fietsbrug Ijzerlaanbrug,2023-04-25,07:00:00,464,349,115,FMN 10 IJzerlaanbrug
657,Fietsbrug Ijzerlaanbrug,2023-04-25,08:00:00,651,492,159,FMN 10 IJzerlaanbrug
657,Fietsbrug Ijzerlaanbrug,2023-04-25,09:00:00,216,147,69,FMN 10 IJzerlaanbrug
657,Fietsbrug Ijzerlaanbrug,2023-04-25,10:00:00,143,102,41,FMN 10 IJzerlaanbrug
657,Fietsbrug Ijzerlaanbrug,2023-04-25,11:00:00,143,96,47,FMN 10 IJzerlaanbrug
657,Fietsbrug Ijzerlaanbrug,2023-04-25,12:00:00,174,87,87,FMN 10 IJzerlaanbrug
657,Fietsbrug Ijzerlaanbrug,2023-04-25,13:00:00,184,75,109,FMN 10 IJzerlaanbrug
657,Fietsbrug Ijzerlaanbrug,2023-04-25,14:00:00,230,88,142,FMN 10 IJzerlaanbrug
657,Fietsbrug Ijzerlaanbrug,2023-04-25,15:00:00,325,140,185,FMN 10 IJzerlaanbrug
657,Fietsbrug Ijzerlaanbrug,2023-04-25,16:00:00,525,155,370,FMN 10 IJzerlaanbrug
657,Fietsbrug Ijzerlaanbrug,2023-04-25,17:00:00,536,137,399,FMN 10 IJzerlaanbrug
657,Fietsbrug Ijzerlaanbrug,2023-04-25,18:00:00,302,94,208,FMN 10 IJzerlaanbrug
657,Fietsbrug Ijzerlaanbrug,2023-04-25,19:00:00,174,78,96,FMN 10 IJzerlaanbrug
657,Fietsbrug Ijzerlaanbrug,2023-04-25,20:00:00,112,51,61,FMN 10 IJzerlaanbrug
657,Fietsbrug Ijzerlaanbrug,2023-04-25,21:00:00,108,48,60,FMN 10 IJzerlaanbrug
657,Fietsbrug Ijzerlaanbrug,2023-04-25,22:00:00,111,44,67,FMN 10 IJzerlaanbrug
657,Fietsbrug Ijzerlaanbrug,2023-04-25,23:00:00,55,16,39,FMN 10 IJzerlaanbrug
657,Fietsbrug Ijzerlaanbrug,2023-04-26,00:00:00,22,3,19,FMN 10 IJzerlaanbrug
657,Fietsbrug Ijzerlaanbrug,2023-04-26,01:00:00,16,2,14,FMN 10 IJzerlaanbrug
657,Fietsbrug Ijzerlaanbrug,2023-04-26,02:00:00,7,2,5,FMN 10 IJzerlaanbrug
657,Fietsbrug Ijzerlaanbrug,2023-04-26,03:00:00,16,4,12,FMN 10 IJzerlaanbrug
657,Fietsbrug Ijzerlaanbrug,2023-04-26,04:00:00,16,10,6,FMN 10 IJzerlaanbrug
657,Fietsbrug Ijzerlaanbrug,2023-04-26,05:00:00,56,31,25,FMN 10 IJzerlaanbrug
657,Fietsbrug Ijzerlaanbrug,2023-04-26,06:00:00,136,89,47,FMN 10 IJzerlaanbrug
657,Fietsbrug Ijzerlaanbrug,2023-04-26,07:00:00,385,286,99,FMN 10 IJzerlaanbrug
657,Fietsbrug Ijzerlaanbrug,2023-04-26,08:00:00,560,405,155,FMN 10 IJzerlaanbrug
657,Fietsbrug Ijzerlaanbrug,2023-04-26,09:00:00,206,124,82,FMN 10 IJzerlaanbrug
657,Fietsbrug Ijzerlaanbrug,2023-04-26,10:00:00,154,103,51,FMN 10 IJzerlaanbrug
657,Fietsbrug Ijzerlaanbrug,2023-04-26,11:00:00,174,102,72,FMN 10 IJzerlaanbrug
657,Fietsbrug Ijzerlaanbrug,2023-04-26,12:00:00,322,172,150,FMN 10 IJzerlaanbrug
657,Fietsbrug Ijzerlaanbrug,2023-04-26,13:00:00,266,122,144,FMN 10 IJzerlaanbrug
657,Fietsbrug Ijzerlaanbrug,2023-04-26,14:00:00,198,83,115,FMN 10 IJzerlaanbrug
657,Fietsbrug Ijzerlaanbrug,2023-04-26,15:00:00,242,102,140,FMN 10 IJzerlaanbrug
657,Fietsbrug Ijzerlaanbrug,2023-04-26,16:00:00,372,124,248,FMN 10 IJzerlaanbrug
657,Fietsbrug Ijzerlaanbrug,2023-04-26,17:00:00,434,129,305,FMN 10 IJzerlaanbrug
657,Fietsbrug Ijzerlaanbrug,2023-04-26,18:00:00,359,111,248,FMN 10 IJzerlaanbrug
657,Fietsbrug Ijzerlaanbrug,2023-04-26,19:00:00,201,89,112,FMN 10 IJzerlaanbrug
657,Fietsbrug Ijzerlaanbrug,2023-04-26,20:00:00,114,53,61,FMN 10 IJzerlaanbrug
657,Fietsbrug Ijzerlaanbrug,2023-04-26,21:00:00,94,36,58,FMN 10 IJzerlaanbrug
657,Fietsbrug Ijzerlaanbrug,2023-04-26,22:00:00,108,37,71,FMN 10 IJzerlaanbrug
657,Fietsbrug Ijzerlaanbrug,2023-04-26,23:00:00,57,15,42,FMN 10 IJzerlaanbrug
657,Fietsbrug Ijzerlaanbrug,2023-04-27,00:00:00,17,2,15,FMN 10 IJzerlaanbrug
657,Fietsbrug Ijzerlaanbrug,2023-04-27,01:00:00,12,4,8,FMN 10 IJzerlaanbrug
657,Fietsbrug Ijzerlaanbrug,2023-04-27,02:00:00,6,1,5,FMN 10 IJzerlaanbrug
657,Fietsbrug Ijzerlaanbrug,2023-04-27,03:00:00,9,3,6,FMN 10 IJzerlaanbrug
657,Fietsbrug Ijzerlaanbrug,2023-04-27,04:00:00,29,20,9,FMN 10 IJzerlaanbrug
657,Fietsbrug Ijzerlaanbrug,2023-04-27,05:00:00,43,25,18,FMN 10 IJzerlaanbrug
657,Fietsbrug Ijzerlaanbrug,2023-04-27,06:00:00,160,114,46,FMN 10 IJzerlaanbrug
657,Fietsbrug Ijzerlaanbrug,2023-04-27,07:00:00,437,339,98,FMN 10 IJzerlaanbrug
657,Fietsbrug Ijzerlaanbrug,2023-04-27,08:00:00,653,492,161,FMN 10 IJzerlaanbrug
657,Fietsbrug Ijzerlaanbrug,2023-04-27,09:00:00,279,201,78,FMN 10 IJzerlaanbrug
657,Fietsbrug Ijzerlaanbrug,2023-04-27,10:00:00,136,80,56,FMN 10 IJzerlaanbrug
657,Fietsbrug Ijzerlaanbrug,2023-04-27,11:00:00,155,89,66,FMN 10 IJzerlaanbrug
657,Fietsbrug Ijzerlaanbrug,2023-04-27,12:00:00,227,123,104,FMN 10 IJzerlaanbrug
657,Fietsbrug Ijzerlaanbrug,2023-04-27,13:00:00,245,122,123,FMN 10 IJzerlaanbrug
657,Fietsbrug Ijzerlaanbrug,2023-04-27,14:00:00,265,104,161,FMN 10 IJzerlaanbrug
657,Fietsbrug Ijzerlaanbrug,2023-04-27,15:00:00,345,134,211,FMN 10 IJzerlaanbrug
657,Fietsbrug Ijzerlaanbrug,2023-04-27,16:00:00,495,146,349,FMN 10 IJzerlaanbrug
657,Fietsbrug Ijzerlaanbrug,2023-04-27,17:00:00,543,152,391,FMN 10 IJzerlaanbrug
657,Fietsbrug Ijzerlaanbrug,2023-04-27,18:00:00,320,117,203,FMN 10 IJzerlaanbrug
657,Fietsbrug Ijzerlaanbrug,2023-04-27,19:00:00,206,89,117,FMN 10 IJzerlaanbrug
657,Fietsbrug Ijzerlaanbrug,2023-04-27,20:00:00,135,60,75,FMN 10 IJzerlaanbrug
657,Fietsbrug Ijzerlaanbrug,2023-04-27,21:00:00,117,43,74,FMN 10 IJzerlaanbrug
657,Fietsbrug Ijzerlaanbrug,2023-04-27,22:00:00,119,45,74,FMN 10 IJzerlaanbrug
657,Fietsbrug Ijzerlaanbrug,2023-04-27,23:00:00,80,21,59,FMN 10 IJzerlaanbrug
657,Fietsbrug Ijzerlaanbrug,2023-04-28,00:00:00,31,8,23,FMN 10 IJzerlaanbrug
657,Fietsbrug Ijzerlaanbrug,2023-04-28,01:00:00,19,5,14,FMN 10 IJzerlaanbrug
657,Fietsbrug Ijzerlaanbrug,2023-04-28,02:00:00,15,6,9,FMN 10 IJzerlaanbrug
657,Fietsbrug Ijzerlaanbrug,2023-04-28,03:00:00,3,0,3,FMN 10 IJzerlaanbrug
657,Fietsbrug Ijzerlaanbrug,2023-04-28,04:00:00,24,14,10,FMN 10 IJzerlaanbrug
657,Fietsbrug Ijzerlaanbrug,2023-04-28,05:00:00,33,19,14,FMN 10 IJzerlaanbrug
657,Fietsbrug Ijzerlaanbrug,2023-04-28,06:00:00,115,80,35,FMN 10 IJzerlaanbrug
657,Fietsbrug Ijzerlaanbrug,2023-04-28,07:00:00,305,216,89,FMN 10 IJzerlaanbrug
657,Fietsbrug Ijzerlaanbrug,2023-04-28,08:00:00,492,358,134,FMN 10 IJzerlaanbrug
657,Fietsbrug Ijzerlaanbrug,2023-04-28,09:00:00,199,136,63,FMN 10 IJzerlaanbrug
657,Fietsbrug Ijzerlaanbrug,2023-04-28,10:00:00,114,70,44,FMN 10 IJzerlaanbrug
657,Fietsbrug Ijzerlaanbrug,2023-04-28,11:00:00,126,74,52,FMN 10 IJzerlaanbrug
657,Fietsbrug Ijzerlaanbrug,2023-04-28,12:00:00,211,107,104,FMN 10 IJzerlaanbrug
657,Fietsbrug Ijzerlaanbrug,2023-04-28,13:00:00,133,65,68,FMN 10 IJzerlaanbrug
657,Fietsbrug Ijzerlaanbrug,2023-04-28,14:00:00,214,92,122,FMN 10 IJzerlaanbrug
657,Fietsbrug Ijzerlaanbrug,2023-04-28,15:00:00,335,137,198,FMN 10 IJzerlaanbrug
657,Fietsbrug Ijzerlaanbrug,2023-04-28,16:00:00,405,140,265,FMN 10 IJzerlaanbrug
657,Fietsbrug Ijzerlaanbrug,2023-04-28,17:00:00,376,112,264,FMN 10 IJzerlaanbrug
657,Fietsbrug Ijzerlaanbrug,2023-04-28,18:00:00,274,121,153,FMN 10 IJzerlaanbrug
657,Fietsbrug Ijzerlaanbrug,2023-04-28,19:00:00,171,94,77,FMN 10 IJzerlaanbrug
657,Fietsbrug Ijzerlaanbrug,2023-04-28,20:00:00,121,60,61,FMN 10 IJzerlaanbrug
657,Fietsbrug Ijzerlaanbrug,2023-04-28,21:00:00,90,42,48,FMN 10 IJzerlaanbrug
657,Fietsbrug Ijzerlaanbrug,2023-04-28,22:00:00,87,38,49,FMN 10 IJzerlaanbrug
657,Fietsbrug Ijzerlaanbrug,2023-04-28,23:00:00,76,23,53,FMN 10 IJzerlaanbrug
657,Fietsbrug Ijzerlaanbrug,2023-04-29,00:00:00,59,20,39,FMN 10 IJzerlaanbrug
657,Fietsbrug Ijzerlaanbrug,2023-04-29,01:00:00,37,10,27,FMN 10 IJzerlaanbrug
657,Fietsbrug Ijzerlaanbrug,2023-04-29,02:00:00,14,2,12,FMN 10 IJzerlaanbrug
657,Fietsbrug Ijzerlaanbrug,2023-04-29,03:00:00,19,5,14,FMN 10 IJzerlaanbrug
657,Fietsbrug Ijzerlaanbrug,2023-04-29,04:00:00,27,6,21,FMN 10 IJzerlaanbrug
657,Fietsbrug Ijzerlaanbrug,2023-04-29,05:00:00,23,6,17,FMN 10 IJzerlaanbrug
657,Fietsbrug Ijzerlaanbrug,2023-04-29,06:00:00,23,13,10,FMN 10 IJzerlaanbrug
657,Fietsbrug Ijzerlaanbrug,2023-04-29,07:00:00,28,16,12,FMN 10 IJzerlaanbrug
657,Fietsbrug Ijzerlaanbrug,2023-04-29,08:00:00,72,35,37,FMN 10 IJzerlaanbrug
657,Fietsbrug Ijzerlaanbrug,2023-04-29,09:00:00,149,81,68,FMN 10 IJzerlaanbrug
657,Fietsbrug Ijzerlaanbrug,2023-04-29,10:00:00,122,71,51,FMN 10 IJzerlaanbrug
657,Fietsbrug Ijzerlaanbrug,2023-04-29,11:00:00,139,81,58,FMN 10 IJzerlaanbrug
657,Fietsbrug Ijzerlaanbrug,2023-04-29,12:00:00,180,110,70,FMN 10 IJzerlaanbrug
657,Fietsbrug Ijzerlaanbrug,2023-04-29,13:00:00,193,106,87,FMN 10 IJzerlaanbrug
657,Fietsbrug Ijzerlaanbrug,2023-04-29,14:00:00,241,148,93,FMN 10 IJzerlaanbrug
657,Fietsbrug Ijzerlaanbrug,2023-04-29,15:00:00,174,86,88,FMN 10 IJzerlaanbrug
657,Fietsbrug Ijzerlaanbrug,2023-04-29,16:00:00,177,77,100,FMN 10 IJzerlaanbrug
657,Fietsbrug Ijzerlaanbrug,2023-04-29,17:00:00,207,87,120,FMN 10 IJzerlaanbrug
657,Fietsbrug Ijzerlaanbrug,2023-04-29,18:00:00,154,66,88,FMN 10 IJzerlaanbrug
657,Fietsbrug Ijzerlaanbrug,2023-04-29,19:00:00,168,96,72,FMN 10 IJzerlaanbrug
657,Fietsbrug Ijzerlaanbrug,2023-04-29,20:00:00,120,64,56,FMN 10 IJzerlaanbrug
657,Fietsbrug Ijzerlaanbrug,2023-04-29,21:00:00,83,30,53,FMN 10 IJzerlaanbrug
657,Fietsbrug Ijzerlaanbrug,2023-04-29,22:00:00,75,28,47,FMN 10 IJzerlaanbrug
657,Fietsbrug Ijzerlaanbrug,2023-04-29,23:00:00,77,21,56,FMN 10 IJzerlaanbrug
657,Fietsbrug Ijzerlaanbrug,2023-04-30,00:00:00,56,23,33,FMN 10 IJzerlaanbrug
657,Fietsbrug Ijzerlaanbrug,2023-04-30,01:00:00,46,2,44,FMN 10 IJzerlaanbrug
657,Fietsbrug Ijzerlaanbrug,2023-04-30,02:00:00,21,8,13,FMN 10 IJzerlaanbrug
657,Fietsbrug Ijzerlaanbrug,2023-04-30,03:00:00,30,10,20,FMN 10 IJzerlaanbrug
657,Fietsbrug Ijzerlaanbrug,2023-04-30,04:00:00,23,8,15,FMN 10 IJzerlaanbrug
657,Fietsbrug Ijzerlaanbrug,2023-04-30,05:00:00,15,6,9,FMN 10 IJzerlaanbrug
657,Fietsbrug Ijzerlaanbrug,2023-04-30,06:00:00,29,13,16,FMN 10 IJzerlaanbrug
657,Fietsbrug Ijzerlaanbrug,2023-04-30,07:00:00,37,17,20,FMN 10 IJzerlaanbrug
657,Fietsbrug Ijzerlaanbrug,2023-04-30,08:00:00,79,44,35,FMN 10 IJzerlaanbrug
657,Fietsbrug Ijzerlaanbrug,2023-04-30,09:00:00,167,82,85,FMN 10 IJzerlaanbrug
657,Fietsbrug Ijzerlaanbrug,2023-04-30,10:00:00,206,138,68,FMN 10 IJzerlaanbrug
657,Fietsbrug Ijzerlaanbrug,2023-04-30,11:00:00,217,124,93,FMN 10 IJzerlaanbrug
657,Fietsbrug Ijzerlaanbrug,2023-04-30,12:00:00,245,159,86,FMN 10 IJzerlaanbrug
657,Fietsbrug Ijzerlaanbrug,2023-04-30,13:00:00,250,154,96,FMN 10 IJzerlaanbrug
657,Fietsbrug Ijzerlaanbrug,2023-04-30,14:00:00,292,159,133,FMN 10 IJzerlaanbrug
657,Fietsbrug Ijzerlaanbrug,2023-04-30,15:00:00,263,136,127,FMN 10 IJzerlaanbrug
657,Fietsbrug Ijzerlaanbrug,2023-04-30,16:00:00,234,85,149,FMN 10 IJzerlaanbrug
657,Fietsbrug Ijzerlaanbrug,2023-04-30,17:00:00,207,88,119,FMN 10 IJzerlaanbrug
657,Fietsbrug Ijzerlaanbrug,2023-04-30,18:00:00,207,87,120,FMN 10 IJzerlaanbrug
657,Fietsbrug Ijzerlaanbrug,2023-04-30,19:00:00,133,66,67,FMN 10 IJzerlaanbrug
657,Fietsbrug Ijzerlaanbrug,2023-04-30,20:00:00,127,55,72,FMN 10 IJzerlaanbrug
657,Fietsbrug Ijzerlaanbrug,2023-04-30,21:00:00,107,56,51,FMN 10 IJzerlaanbrug
657,Fietsbrug Ijzerlaanbrug,2023-04-30,22:00:00,85,34,51,FMN 10 IJzerlaanbrug
657,Fietsbrug Ijzerlaanbrug,2023-04-30,23:00:00,85,28,57,FMN 10 IJzerlaanbrug
657,Fietsbrug Ijzerlaanbrug,2023-05-01,00:00:00,39,9,30,FMN 10 IJzerlaanbrug
657,Fietsbrug Ijzerlaanbrug,2023-05-01,01:00:00,38,13,25,FMN 10 IJzerlaanbrug
657,Fietsbrug Ijzerlaanbrug,2023-05-01,02:00:00,15,6,9,FMN 10 IJzerlaanbrug
657,Fietsbrug Ijzerlaanbrug,2023-05-01,03:00:00,9,3,6,FMN 10 IJzerlaanbrug
657,Fietsbrug Ijzerlaanbrug,2023-05-01,04:00:00,22,8,14,FMN 10 IJzerlaanbrug
657,Fietsbrug Ijzerlaanbrug,2023-05-01,05:00:00,22,11,11,FMN 10 IJzerlaanbrug
657,Fietsbrug Ijzerlaanbrug,2023-05-01,06:00:00,32,15,17,FMN 10 IJzerlaanbrug
657,Fietsbrug Ijzerlaanbrug,2023-05-01,07:00:00,26,15,11,FMN 10 IJzerlaanbrug
657,Fietsbrug Ijzerlaanbrug,2023-05-01,08:00:00,59,31,28,FMN 10 IJzerlaanbrug
657,Fietsbrug Ijzerlaanbrug,2023-05-01,09:00:00,123,77,46,FMN 10 IJzerlaanbrug
657,Fietsbrug Ijzerlaanbrug,2023-05-01,10:00:00,161,116,45,FMN 10 IJzerlaanbrug
657,Fietsbrug Ijzerlaanbrug,2023-05-01,11:00:00,161,79,82,FMN 10 IJzerlaanbrug
657,Fietsbrug Ijzerlaanbrug,2023-05-01,12:00:00,98,71,27,FMN 10 IJzerlaanbrug
657,Fietsbrug Ijzerlaanbrug,2023-05-01,13:00:00,186,108,78,FMN 10 IJzerlaanbrug
657,Fietsbrug Ijzerlaanbrug,2023-05-01,14:00:00,258,139,119,FMN 10 IJzerlaanbrug
657,Fietsbrug Ijzerlaanbrug,2023-05-01,15:00:00,182,79,103,FMN 10 IJzerlaanbrug
657,Fietsbrug Ijzerlaanbrug,2023-05-01,16:00:00,179,65,114,FMN 10 IJzerlaanbrug
657,Fietsbrug Ijzerlaanbrug,2023-05-01,17:00:00,189,80,109,FMN 10 IJzerlaanbrug
657,Fietsbrug Ijzerlaanbrug,2023-05-01,18:00:00,154,78,76,FMN 10 IJzerlaanbrug
657,Fietsbrug Ijzerlaanbrug,2023-05-01,19:00:00,132,56,76,FMN 10 IJzerlaanbrug
657,Fietsbrug Ijzerlaanbrug,2023-05-01,20:00:00,118,59,59,FMN 10 IJzerlaanbrug
657,Fietsbrug Ijzerlaanbrug,2023-05-01,21:00:00,84,33,51,FMN 10 IJzerlaanbrug
657,Fietsbrug Ijzerlaanbrug,2023-05-01,22:00:00,59,22,37,FMN 10 IJzerlaanbrug
657,Fietsbrug Ijzerlaanbrug,2023-05-01,23:00:00,31,4,27,FMN 10 IJzerlaanbrug
657,Fietsbrug Ijzerlaanbrug,2023-05-02,00:00:00,13,2,11,FMN 10 IJzerlaanbrug
657,Fietsbrug Ijzerlaanbrug,2023-05-02,01:00:00,10,3,7,FMN 10 IJzerlaanbrug
657,Fietsbrug Ijzerlaanbrug,2023-05-02,02:00:00,10,3,7,FMN 10 IJzerlaanbrug
657,Fietsbrug Ijzerlaanbrug,2023-05-02,03:00:00,7,5,2,FMN 10 IJzerlaanbrug
657,Fietsbrug Ijzerlaanbrug,2023-05-02,04:00:00,20,14,6,FMN 10 IJzerlaanbrug
657,Fietsbrug Ijzerlaanbrug,2023-05-02,05:00:00,51,26,25,FMN 10 IJzerlaanbrug
657,Fietsbrug Ijzerlaanbrug,2023-05-02,06:00:00,156,104,52,FMN 10 IJzerlaanbrug
657,Fietsbrug Ijzerlaanbrug,2023-05-02,07:00:00,494,359,135,FMN 10 IJzerlaanbrug
657,Fietsbrug Ijzerlaanbrug,2023-05-02,08:00:00,685,505,180,FMN 10 IJzerlaanbrug
657,Fietsbrug Ijzerlaanbrug,2023-05-02,09:00:00,241,182,59,FMN 10 IJzerlaanbrug
657,Fietsbrug Ijzerlaanbrug,2023-05-02,10:00:00,142,90,52,FMN 10 IJzerlaanbrug
657,Fietsbrug Ijzerlaanbrug,2023-05-02,11:00:00,165,79,86,FMN 10 IJzerlaanbrug
657,Fietsbrug Ijzerlaanbrug,2023-05-02,12:00:00,220,118,102,FMN 10 IJzerlaanbrug
657,Fietsbrug Ijzerlaanbrug,2023-05-02,13:00:00,225,110,115,FMN 10 IJzerlaanbrug
657,Fietsbrug Ijzerlaanbrug,2023-05-02,14:00:00,219,94,125,FMN 10 IJzerlaanbrug
657,Fietsbrug Ijzerlaanbrug,2023-05-02,15:00:00,386,155,231,FMN 10 IJzerlaanbrug
657,Fietsbrug Ijzerlaanbrug,2023-05-02,16:00:00,580,189,391,FMN 10 IJzerlaanbrug
657,Fietsbrug Ijzerlaanbrug,2023-05-02,17:00:00,563,144,419,FMN 10 IJzerlaanbrug
657,Fietsbrug Ijzerlaanbrug,2023-05-02,18:00:00,365,112,253,FMN 10 IJzerlaanbrug
657,Fietsbrug Ijzerlaanbrug,2023-05-02,19:00:00,194,82,112,FMN 10 IJzerlaanbrug
657,Fietsbrug Ijzerlaanbrug,2023-05-02,20:00:00,151,80,71,FMN 10 IJzerlaanbrug
657,Fietsbrug Ijzerlaanbrug,2023-05-02,21:00:00,100,42,58,FMN 10 IJzerlaanbrug
657,Fietsbrug Ijzerlaanbrug,2023-05-02,22:00:00,110,40,70,FMN 10 IJzerlaanbrug
657,Fietsbrug Ijzerlaanbrug,2023-05-02,23:00:00,34,11,23,FMN 10 IJzerlaanbrug
657,Fietsbrug Ijzerlaanbrug,2023-05-03,00:00:00,25,4,21,FMN 10 IJzerlaanbrug
657,Fietsbrug Ijzerlaanbrug,2023-05-03,01:00:00,19,2,17,FMN 10 IJzerlaanbrug
657,Fietsbrug Ijzerlaanbrug,2023-05-03,02:00:00,7,1,6,FMN 10 IJzerlaanbrug
657,Fietsbrug Ijzerlaanbrug,2023-05-03,03:00:00,5,2,3,FMN 10 IJzerlaanbrug
657,Fietsbrug Ijzerlaanbrug,2023-05-03,04:00:00,20,14,6,FMN 10 IJzerlaanbrug
657,Fietsbrug Ijzerlaanbrug,2023-05-03,05:00:00,53,31,22,FMN 10 IJzerlaanbrug
657,Fietsbrug Ijzerlaanbrug,2023-05-03,06:00:00,170,115,55,FMN 10 IJzerlaanbrug
657,Fietsbrug Ijzerlaanbrug,2023-05-03,07:00:00,456,326,130,FMN 10 IJzerlaanbrug
657,Fietsbrug Ijzerlaanbrug,2023-05-03,08:00:00,617,454,163,FMN 10 IJzerlaanbrug
657,Fietsbrug Ijzerlaanbrug,2023-05-03,09:00:00,244,174,70,FMN 10 IJzerlaanbrug
657,Fietsbrug Ijzerlaanbrug,2023-05-03,10:00:00,157,96,61,FMN 10 IJzerlaanbrug
657,Fietsbrug Ijzerlaanbrug,2023-05-03,11:00:00,180,109,71,FMN 10 IJzerlaanbrug
657,Fietsbrug Ijzerlaanbrug,2023-05-03,12:00:00,412,203,209,FMN 10 IJzerlaanbrug
657,Fietsbrug Ijzerlaanbrug,2023-05-03,13:00:00,282,145,137,FMN 10 IJzerlaanbrug
657,Fietsbrug Ijzerlaanbrug,2023-05-03,14:00:00,281,138,143,FMN 10 IJzerlaanbrug
657,Fietsbrug Ijzerlaanbrug,2023-05-03,15:00:00,315,108,207,FMN 10 IJzerlaanbrug
657,Fietsbrug Ijzerlaanbrug,2023-05-03,16:00:00,448,159,289,FMN 10 IJzerlaanbrug
657,Fietsbrug Ijzerlaanbrug,2023-05-03,17:00:00,538,147,391,FMN 10 IJzerlaanbrug
657,Fietsbrug Ijzerlaanbrug,2023-05-03,18:00:00,422,136,286,FMN 10 IJzerlaanbrug
657,Fietsbrug Ijzerlaanbrug,2023-05-03,19:00:00,218,102,116,FMN 10 IJzerlaanbrug
657,Fietsbrug Ijzerlaanbrug,2023-05-03,20:00:00,201,119,82,FMN 10 IJzerlaanbrug
657,Fietsbrug Ijzerlaanbrug,2023-05-03,21:00:00,135,48,87,FMN 10 IJzerlaanbrug
657,Fietsbrug Ijzerlaanbrug,2023-05-03,22:00:00,120,45,75,FMN 10 IJzerlaanbrug
657,Fietsbrug Ijzerlaanbrug,2023-05-03,23:00:00,64,18,46,FMN 10 IJzerlaanbrug
657,Fietsbrug Ijzerlaanbrug,2023-05-04,00:00:00,31,10,21,FMN 10 IJzerlaanbrug
657,Fietsbrug Ijzerlaanbrug,2023-05-04,01:00:00,19,4,15,FMN 10 IJzerlaanbrug
657,Fietsbrug Ijzerlaanbrug,2023-05-04,02:00:00,12,3,9,FMN 10 IJzerlaanbrug
657,Fietsbrug Ijzerlaanbrug,2023-05-04,03:00:00,4,4,0,FMN 10 IJzerlaanbrug
657,Fietsbrug Ijzerlaanbrug,2023-05-04,04:00:00,21,12,9,FMN 10 IJzerlaanbrug
657,Fietsbrug Ijzerlaanbrug,2023-05-04,05:00:00,54,30,24,FMN 10 IJzerlaanbrug
657,Fietsbrug Ijzerlaanbrug,2023-05-04,06:00:00,169,108,61,FMN 10 IJzerlaanbrug
657,Fietsbrug Ijzerlaanbrug,2023-05-04,07:00:00,462,333,129,FMN 10 IJzerlaanbrug
657,Fietsbrug Ijzerlaanbrug,2023-05-04,08:00:00,708,535,173,FMN 10 IJzerlaanbrug
657,Fietsbrug Ijzerlaanbrug,2023-05-04,09:00:00,266,196,70,FMN 10 IJzerlaanbrug
657,Fietsbrug Ijzerlaanbrug,2023-05-04,10:00:00,207,135,72,FMN 10 IJzerlaanbrug
657,Fietsbrug Ijzerlaanbrug,2023-05-04,11:00:00,196,111,85,FMN 10 IJzerlaanbrug
657,Fietsbrug Ijzerlaanbrug,2023-05-04,12:00:00,249,145,104,FMN 10 IJzerlaanbrug
657,Fietsbrug Ijzerlaanbrug,2023-05-04,13:00:00,290,151,139,FMN 10 IJzerlaanbrug
657,Fietsbrug Ijzerlaanbrug,2023-05-04,14:00:00,265,122,143,FMN 10 IJzerlaanbrug
657,Fietsbrug Ijzerlaanbrug,2023-05-04,15:00:00,423,153,270,FMN 10 IJzerlaanbrug
657,Fietsbrug Ijzerlaanbrug,2023-05-04,16:00:00,585,188,397,FMN 10 IJzerlaanbrug
657,Fietsbrug Ijzerlaanbrug,2023-05-04,17:00:00,654,188,466,FMN 10 IJzerlaanbrug
657,Fietsbrug Ijzerlaanbrug,2023-05-04,18:00:00,393,144,249,FMN 10 IJzerlaanbrug
657,Fietsbrug Ijzerlaanbrug,2023-05-04,19:00:00,283,124,159,FMN 10 IJzerlaanbrug
657,Fietsbrug Ijzerlaanbrug,2023-05-04,20:00:00,170,76,94,FMN 10 IJzerlaanbrug
657,Fietsbrug Ijzerlaanbrug,2023-05-04,21:00:00,126,49,77,FMN 10 IJzerlaanbrug
657,Fietsbrug Ijzerlaanbrug,2023-05-04,22:00:00,154,56,98,FMN 10 IJzerlaanbrug
657,Fietsbrug Ijzerlaanbrug,2023-05-04,23:00:00,97,22,75,FMN 10 IJzerlaanbrug
657,Fietsbrug Ijzerlaanbrug,2023-05-05,00:00:00,36,12,24,FMN 10 IJzerlaanbrug
657,Fietsbrug Ijzerlaanbrug,2023-05-05,01:00:00,15,5,10,FMN 10 IJzerlaanbrug
657,Fietsbrug Ijzerlaanbrug,2023-05-05,02:00:00,12,3,9,FMN 10 IJzerlaanbrug
657,Fietsbrug Ijzerlaanbrug,2023-05-05,03:00:00,14,6,8,FMN 10 IJzerlaanbrug
657,Fietsbrug Ijzerlaanbrug,2023-05-05,04:00:00,25,12,13,FMN 10 IJzerlaanbrug
657,Fietsbrug Ijzerlaanbrug,2023-05-05,05:00:00,58,34,24,FMN 10 IJzerlaanbrug
657,Fietsbrug Ijzerlaanbrug,2023-05-05,06:00:00,136,81,55,FMN 10 IJzerlaanbrug
657,Fietsbrug Ijzerlaanbrug,2023-05-05,07:00:00,404,297,107,FMN 10 IJzerlaanbrug
657,Fietsbrug Ijzerlaanbrug,2023-05-05,08:00:00,536,402,134,FMN 10 IJzerlaanbrug
657,Fietsbrug Ijzerlaanbrug,2023-05-05,09:00:00,229,163,66,FMN 10 IJzerlaanbrug
657,Fietsbrug Ijzerlaanbrug,2023-05-05,10:00:00,175,95,80,FMN 10 IJzerlaanbrug
657,Fietsbrug Ijzerlaanbrug,2023-05-05,11:00:00,85,45,40,FMN 10 IJzerlaanbrug
657,Fietsbrug Ijzerlaanbrug,2023-05-05,12:00:00,173,78,95,FMN 10 IJzerlaanbrug
657,Fietsbrug Ijzerlaanbrug,2023-05-05,13:00:00,169,75,94,FMN 10 IJzerlaanbrug
657,Fietsbrug Ijzerlaanbrug,2023-05-05,14:00:00,162,62,100,FMN 10 IJzerlaanbrug
657,Fietsbrug Ijzerlaanbrug,2023-05-05,15:00:00,281,100,181,FMN 10 IJzerlaanbrug
657,Fietsbrug Ijzerlaanbrug,2023-05-05,16:00:00,390,117,273,FMN 10 IJzerlaanbrug
657,Fietsbrug Ijzerlaanbrug,2023-05-05,17:00:00,393,132,261,FMN 10 IJzerlaanbrug
657,Fietsbrug Ijzerlaanbrug,2023-05-05,18:00:00,290,129,161,FMN 10 IJzerlaanbrug
657,Fietsbrug Ijzerlaanbrug,2023-05-05,19:00:00,195,89,106,FMN 10 IJzerlaanbrug
657,Fietsbrug Ijzerlaanbrug,2023-05-05,20:00:00,158,82,76,FMN 10 IJzerlaanbrug
657,Fietsbrug Ijzerlaanbrug,2023-05-05,21:00:00,114,55,59,FMN 10 IJzerlaanbrug
657,Fietsbrug Ijzerlaanbrug,2023-05-05,22:00:00,114,47,67,FMN 10 IJzerlaanbrug
657,Fietsbrug Ijzerlaanbrug,2023-05-05,23:00:00,93,17,76,FMN 10 IJzerlaanbrug
657,Fietsbrug Ijzerlaanbrug,2023-05-06,00:00:00,68,25,43,FMN 10 IJzerlaanbrug
657,Fietsbrug Ijzerlaanbrug,2023-05-06,01:00:00,65,12,53,FMN 10 IJzerlaanbrug
657,Fietsbrug Ijzerlaanbrug,2023-05-06,02:00:00,46,9,37,FMN 10 IJzerlaanbrug
657,Fietsbrug Ijzerlaanbrug,2023-05-06,03:00:00,32,6,26,FMN 10 IJzerlaanbrug
657,Fietsbrug Ijzerlaanbrug,2023-05-06,04:00:00,22,9,13,FMN 10 IJzerlaanbrug
657,Fietsbrug Ijzerlaanbrug,2023-05-06,05:00:00,30,11,19,FMN 10 IJzerlaanbrug
657,Fietsbrug Ijzerlaanbrug,2023-05-06,06:00:00,34,22,12,FMN 10 IJzerlaanbrug
657,Fietsbrug Ijzerlaanbrug,2023-05-06,07:00:00,38,18,20,FMN 10 IJzerlaanbrug
657,Fietsbrug Ijzerlaanbrug,2023-05-06,08:00:00,116,58,58,FMN 10 IJzerlaanbrug
657,Fietsbrug Ijzerlaanbrug,2023-05-06,09:00:00,160,102,58,FMN 10 IJzerlaanbrug
657,Fietsbrug Ijzerlaanbrug,2023-05-06,10:00:00,199,120,79,FMN 10 IJzerlaanbrug
657,Fietsbrug Ijzerlaanbrug,2023-05-06,11:00:00,195,112,83,FMN 10 IJzerlaanbrug
657,Fietsbrug Ijzerlaanbrug,2023-05-06,12:00:00,218,139,79,FMN 10 IJzerlaanbrug
657,Fietsbrug Ijzerlaanbrug,2023-05-06,13:00:00,225,114,111,FMN 10 IJzerlaanbrug
657,Fietsbrug Ijzerlaanbrug,2023-05-06,14:00:00,224,122,102,FMN 10 IJzerlaanbrug
657,Fietsbrug Ijzerlaanbrug,2023-05-06,15:00:00,197,98,99,FMN 10 IJzerlaanbrug
657,Fietsbrug Ijzerlaanbrug,2023-05-06,16:00:00,207,86,121,FMN 10 IJzerlaanbrug
657,Fietsbrug Ijzerlaanbrug,2023-05-06,17:00:00,209,96,113,FMN 10 IJzerlaanbrug
657,Fietsbrug Ijzerlaanbrug,2023-05-06,18:00:00,168,62,106,FMN 10 IJzerlaanbrug
657,Fietsbrug Ijzerlaanbrug,2023-05-06,19:00:00,146,62,84,FMN 10 IJzerlaanbrug
657,Fietsbrug Ijzerlaanbrug,2023-05-06,20:00:00,113,51,62,FMN 10 IJzerlaanbrug
657,Fietsbrug Ijzerlaanbrug,2023-05-06,21:00:00,80,45,35,FMN 10 IJzerlaanbrug
657,Fietsbrug Ijzerlaanbrug,2023-05-06,22:00:00,82,36,46,FMN 10 IJzerlaanbrug
657,Fietsbrug Ijzerlaanbrug,2023-05-06,23:00:00,85,29,56,FMN 10 IJzerlaanbrug
657,Fietsbrug Ijzerlaanbrug,2023-05-07,00:00:00,67,21,46,FMN 10 IJzerlaanbrug
657,Fietsbrug Ijzerlaanbrug,2023-05-07,01:00:00,36,16,20,FMN 10 IJzerlaanbrug
657,Fietsbrug Ijzerlaanbrug,2023-05-07,02:00:00,44,16,28,FMN 10 IJzerlaanbrug
657,Fietsbrug Ijzerlaanbrug,2023-05-07,03:00:00,35,7,28,FMN 10 IJzerlaanbrug
657,Fietsbrug Ijzerlaanbrug,2023-05-07,04:00:00,20,5,15,FMN 10 IJzerlaanbrug
657,Fietsbrug Ijzerlaanbrug,2023-05-07,05:00:00,23,6,17,FMN 10 IJzerlaanbrug
657,Fietsbrug Ijzerlaanbrug,2023-05-07,06:00:00,30,16,14,FMN 10 IJzerlaanbrug
657,Fietsbrug Ijzerlaanbrug,2023-05-07,07:00:00,31,21,10,FMN 10 IJzerlaanbrug
657,Fietsbrug Ijzerlaanbrug,2023-05-07,08:00:00,35,25,10,FMN 10 IJzerlaanbrug
657,Fietsbrug Ijzerlaanbrug,2023-05-07,09:00:00,91,61,30,FMN 10 IJzerlaanbrug
657,Fietsbrug Ijzerlaanbrug,2023-05-07,10:00:00,86,52,34,FMN 10 IJzerlaanbrug
657,Fietsbrug Ijzerlaanbrug,2023-05-07,11:00:00,110,63,47,FMN 10 IJzerlaanbrug
657,Fietsbrug Ijzerlaanbrug,2023-05-07,12:00:00,128,58,70,FMN 10 IJzerlaanbrug
657,Fietsbrug Ijzerlaanbrug,2023-05-07,13:00:00,103,64,39,FMN 10 IJzerlaanbrug
657,Fietsbrug Ijzerlaanbrug,2023-05-07,14:00:00,106,65,41,FMN 10 IJzerlaanbrug
657,Fietsbrug Ijzerlaanbrug,2023-05-07,15:00:00,109,54,55,FMN 10 IJzerlaanbrug
657,Fietsbrug Ijzerlaanbrug,2023-05-07,16:00:00,138,59,79,FMN 10 IJzerlaanbrug
657,Fietsbrug Ijzerlaanbrug,2023-05-07,17:00:00,126,59,67,FMN 10 IJzerlaanbrug
657,Fietsbrug Ijzerlaanbrug,2023-05-07,18:00:00,116,48,68,FMN 10 IJzerlaanbrug
657,Fietsbrug Ijzerlaanbrug,2023-05-07,19:00:00,115,62,53,FMN 10 IJzerlaanbrug
657,Fietsbrug Ijzerlaanbrug,2023-05-07,20:00:00,61,19,42,FMN 10 IJzerlaanbrug
657,Fietsbrug Ijzerlaanbrug,2023-05-07,21:00:00,52,18,34,FMN 10 IJzerlaanbrug
657,Fietsbrug Ijzerlaanbrug,2023-05-07,22:00:00,45,19,26,FMN 10 IJzerlaanbrug
657,Fietsbrug Ijzerlaanbrug,2023-05-07,23:00:00,29,10,19,FMN 10 IJzerlaanbrug
657,Fietsbrug Ijzerlaanbrug,2023-05-08,00:00:00,14,4,10,FMN 10 IJzerlaanbrug
657,Fietsbrug Ijzerlaanbrug,2023-05-08,01:00:00,14,3,11,FMN 10 IJzerlaanbrug
657,Fietsbrug Ijzerlaanbrug,2023-05-08,02:00:00,7,3,4,FMN 10 IJzerlaanbrug
657,Fietsbrug Ijzerlaanbrug,2023-05-08,03:00:00,9,6,3,FMN 10 IJzerlaanbrug
657,Fietsbrug Ijzerlaanbrug,2023-05-08,04:00:00,14,11,3,FMN 10 IJzerlaanbrug
657,Fietsbrug Ijzerlaanbrug,2023-05-08,05:00:00,58,31,27,FMN 10 IJzerlaanbrug
657,Fietsbrug Ijzerlaanbrug,2023-05-08,06:00:00,162,113,49,FMN 10 IJzerlaanbrug
657,Fietsbrug Ijzerlaanbrug,2023-05-08,07:00:00,428,311,117,FMN 10 IJzerlaanbrug
657,Fietsbrug Ijzerlaanbrug,2023-05-08,08:00:00,632,465,167,FMN 10 IJzerlaanbrug
657,Fietsbrug Ijzerlaanbrug,2023-05-08,09:00:00,249,192,57,FMN 10 IJzerlaanbrug
657,Fietsbrug Ijzerlaanbrug,2023-05-08,10:00:00,133,85,48,FMN 10 IJzerlaanbrug
657,Fietsbrug Ijzerlaanbrug,2023-05-08,11:00:00,130,79,51,FMN 10 IJzerlaanbrug
657,Fietsbrug Ijzerlaanbrug,2023-05-08,12:00:00,197,98,99,FMN 10 IJzerlaanbrug
657,Fietsbrug Ijzerlaanbrug,2023-05-08,13:00:00,193,109,84,FMN 10 IJzerlaanbrug
657,Fietsbrug Ijzerlaanbrug,2023-05-08,14:00:00,218,89,129,FMN 10 IJzerlaanbrug
657,Fietsbrug Ijzerlaanbrug,2023-05-08,15:00:00,351,135,216,FMN 10 IJzerlaanbrug
657,Fietsbrug Ijzerlaanbrug,2023-05-08,16:00:00,567,180,387,FMN 10 IJzerlaanbrug
657,Fietsbrug Ijzerlaanbrug,2023-05-08,17:00:00,567,170,397,FMN 10 IJzerlaanbrug
657,Fietsbrug Ijzerlaanbrug,2023-05-08,18:00:00,334,99,235,FMN 10 IJzerlaanbrug
657,Fietsbrug Ijzerlaanbrug,2023-05-08,19:00:00,169,73,96,FMN 10 IJzerlaanbrug
657,Fietsbrug Ijzerlaanbrug,2023-05-08,20:00:00,100,40,60,FMN 10 IJzerlaanbrug
657,Fietsbrug Ijzerlaanbrug,2023-05-08,21:00:00,104,48,56,FMN 10 IJzerlaanbrug
657,Fietsbrug Ijzerlaanbrug,2023-05-08,22:00:00,88,35,53,FMN 10 IJzerlaanbrug
657,Fietsbrug Ijzerlaanbrug,2023-05-08,23:00:00,48,19,29,FMN 10 IJzerlaanbrug
657,Fietsbrug Ijzerlaanbrug,2023-05-09,00:00:00,32,10,22,FMN 10 IJzerlaanbrug
657,Fietsbrug Ijzerlaanbrug,2023-05-09,01:00:00,15,7,8,FMN 10 IJzerlaanbrug
657,Fietsbrug Ijzerlaanbrug,2023-05-09,02:00:00,8,3,5,FMN 10 IJzerlaanbrug
657,Fietsbrug Ijzerlaanbrug,2023-05-09,03:00:00,4,1,3,FMN 10 IJzerlaanbrug
657,Fietsbrug Ijzerlaanbrug,2023-05-09,04:00:00,20,14,6,FMN 10 IJzerlaanbrug
657,Fietsbrug Ijzerlaanbrug,2023-05-09,05:00:00,47,27,20,FMN 10 IJzerlaanbrug
657,Fietsbrug Ijzerlaanbrug,2023-05-09,06:00:00,136,93,43,FMN 10 IJzerlaanbrug
657,Fietsbrug Ijzerlaanbrug,2023-05-09,07:00:00,349,249,100,FMN 10 IJzerlaanbrug
657,Fietsbrug Ijzerlaanbrug,2023-05-09,08:00:00,496,372,124,FMN 10 IJzerlaanbrug
657,Fietsbrug Ijzerlaanbrug,2023-05-09,09:00:00,157,117,40,FMN 10 IJzerlaanbrug
657,Fietsbrug Ijzerlaanbrug,2023-05-09,10:00:00,103,56,47,FMN 10 IJzerlaanbrug
657,Fietsbrug Ijzerlaanbrug,2023-05-09,11:00:00,66,37,29,FMN 10 IJzerlaanbrug
657,Fietsbrug Ijzerlaanbrug,2023-05-09,12:00:00,143,60,83,FMN 10 IJzerlaanbrug
657,Fietsbrug Ijzerlaanbrug,2023-05-09,13:00:00,96,40,56,FMN 10 IJzerlaanbrug
657,Fietsbrug Ijzerlaanbrug,2023-05-09,14:00:00,126,58,68,FMN 10 IJzerlaanbrug
657,Fietsbrug Ijzerlaanbrug,2023-05-09,15:00:00,211,89,122,FMN 10 IJzerlaanbrug
657,Fietsbrug Ijzerlaanbrug,2023-05-09,16:00:00,366,111,255,FMN 10 IJzerlaanbrug
657,Fietsbrug Ijzerlaanbrug,2023-05-09,17:00:00,336,84,252,FMN 10 IJzerlaanbrug
657,Fietsbrug Ijzerlaanbrug,2023-05-09,18:00:00,210,68,142,FMN 10 IJzerlaanbrug
657,Fietsbrug Ijzerlaanbrug,2023-05-09,19:00:00,113,47,66,FMN 10 IJzerlaanbrug
657,Fietsbrug Ijzerlaanbrug,2023-05-09,20:00:00,84,36,48,FMN 10 IJzerlaanbrug
657,Fietsbrug Ijzerlaanbrug,2023-05-09,21:00:00,72,24,48,FMN 10 IJzerlaanbrug
657,Fietsbrug Ijzerlaanbrug,2023-05-09,22:00:00,57,23,34,FMN 10 IJzerlaanbrug
657,Fietsbrug Ijzerlaanbrug,2023-05-09,23:00:00,52,15,37,FMN 10 IJzerlaanbrug
657,Fietsbrug Ijzerlaanbrug,2023-05-10,00:00:00,19,6,13,FMN 10 IJzerlaanbrug
657,Fietsbrug Ijzerlaanbrug,2023-05-10,01:00:00,12,2,10,FMN 10 IJzerlaanbrug
657,Fietsbrug Ijzerlaanbrug,2023-05-10,02:00:00,2,0,2,FMN 10 IJzerlaanbrug
657,Fietsbrug Ijzerlaanbrug,2023-05-10,03:00:00,6,5,1,FMN 10 IJzerlaanbrug
657,Fietsbrug Ijzerlaanbrug,2023-05-10,04:00:00,23,14,9,FMN 10 IJzerlaanbrug
657,Fietsbrug Ijzerlaanbrug,2023-05-10,05:00:00,37,23,14,FMN 10 IJzerlaanbrug
657,Fietsbrug Ijzerlaanbrug,2023-05-10,06:00:00,116,78,38,FMN 10 IJzerlaanbrug
657,Fietsbrug Ijzerlaanbrug,2023-05-10,07:00:00,325,239,86,FMN 10 IJzerlaanbrug
657,Fietsbrug Ijzerlaanbrug,2023-05-10,08:00:00,478,333,145,FMN 10 IJzerlaanbrug
657,Fietsbrug Ijzerlaanbrug,2023-05-10,09:00:00,182,117,65,FMN 10 IJzerlaanbrug
657,Fietsbrug Ijzerlaanbrug,2023-05-10,10:00:00,141,92,49,FMN 10 IJzerlaanbrug
657,Fietsbrug Ijzerlaanbrug,2023-05-10,11:00:00,167,81,86,FMN 10 IJzerlaanbrug
657,Fietsbrug Ijzerlaanbrug,2023-05-10,12:00:00,341,176,165,FMN 10 IJzerlaanbrug
657,Fietsbrug Ijzerlaanbrug,2023-05-10,13:00:00,187,90,97,FMN 10 IJzerlaanbrug
657,Fietsbrug Ijzerlaanbrug,2023-05-10,14:00:00,142,62,80,FMN 10 IJzerlaanbrug
657,Fietsbrug Ijzerlaanbrug,2023-05-10,15:00:00,187,59,128,FMN 10 IJzerlaanbrug
657,Fietsbrug Ijzerlaanbrug,2023-05-10,16:00:00,324,94,230,FMN 10 IJzerlaanbrug
657,Fietsbrug Ijzerlaanbrug,2023-05-10,17:00:00,328,102,226,FMN 10 IJzerlaanbrug
657,Fietsbrug Ijzerlaanbrug,2023-05-10,18:00:00,222,66,156,FMN 10 IJzerlaanbrug
657,Fietsbrug Ijzerlaanbrug,2023-05-10,19:00:00,136,63,73,FMN 10 IJzerlaanbrug
657,Fietsbrug Ijzerlaanbrug,2023-05-10,20:00:00,94,43,51,FMN 10 IJzerlaanbrug
657,Fietsbrug Ijzerlaanbrug,2023-05-10,21:00:00,85,23,62,FMN 10 IJzerlaanbrug
657,Fietsbrug Ijzerlaanbrug,2023-05-10,22:00:00,95,42,53,FMN 10 IJzerlaanbrug
657,Fietsbrug Ijzerlaanbrug,2023-05-10,23:00:00,42,9,33,FMN 10 IJzerlaanbrug
657,Fietsbrug Ijzerlaanbrug,2023-05-11,00:00:00,24,7,17,FMN 10 IJzerlaanbrug
657,Fietsbrug Ijzerlaanbrug,2023-05-11,01:00:00,6,3,3,FMN 10 IJzerlaanbrug
657,Fietsbrug Ijzerlaanbrug,2023-05-11,02:00:00,8,1,7,FMN 10 IJzerlaanbrug
657,Fietsbrug Ijzerlaanbrug,2023-05-11,03:00:00,6,2,4,FMN 10 IJzerlaanbrug
657,Fietsbrug Ijzerlaanbrug,2023-05-11,04:00:00,24,18,6,FMN 10 IJzerlaanbrug
657,Fietsbrug Ijzerlaanbrug,2023-05-11,05:00:00,54,30,24,FMN 10 IJzerlaanbrug
657,Fietsbrug Ijzerlaanbrug,2023-05-11,06:00:00,144,94,50,FMN 10 IJzerlaanbrug
657,Fietsbrug Ijzerlaanbrug,2023-05-11,07:00:00,385,281,104,FMN 10 IJzerlaanbrug
657,Fietsbrug Ijzerlaanbrug,2023-05-11,08:00:00,577,431,146,FMN 10 IJzerlaanbrug
657,Fietsbrug Ijzerlaanbrug,2023-05-11,09:00:00,211,157,54,FMN 10 IJzerlaanbrug
657,Fietsbrug Ijzerlaanbrug,2023-05-11,10:00:00,131,71,60,FMN 10 IJzerlaanbrug
657,Fietsbrug Ijzerlaanbrug,2023-05-11,11:00:00,110,64,46,FMN 10 IJzerlaanbrug
657,Fietsbrug Ijzerlaanbrug,2023-05-11,12:00:00,198,113,85,FMN 10 IJzerlaanbrug
657,Fietsbrug Ijzerlaanbrug,2023-05-11,13:00:00,200,113,87,FMN 10 IJzerlaanbrug
657,Fietsbrug Ijzerlaanbrug,2023-05-11,14:00:00,200,92,108,FMN 10 IJzerlaanbrug
657,Fietsbrug Ijzerlaanbrug,2023-05-11,15:00:00,372,140,232,FMN 10 IJzerlaanbrug
657,Fietsbrug Ijzerlaanbrug,2023-05-11,16:00:00,453,151,302,FMN 10 IJzerlaanbrug
657,Fietsbrug Ijzerlaanbrug,2023-05-11,17:00:00,446,119,327,FMN 10 IJzerlaanbrug
657,Fietsbrug Ijzerlaanbrug,2023-05-11,18:00:00,297,99,198,FMN 10 IJzerlaanbrug
657,Fietsbrug Ijzerlaanbrug,2023-05-11,19:00:00,170,76,94,FMN 10 IJzerlaanbrug
657,Fietsbrug Ijzerlaanbrug,2023-05-11,20:00:00,136,74,62,FMN 10 IJzerlaanbrug
657,Fietsbrug Ijzerlaanbrug,2023-05-11,21:00:00,91,29,62,FMN 10 IJzerlaanbrug
657,Fietsbrug Ijzerlaanbrug,2023-05-11,22:00:00,111,41,70,FMN 10 IJzerlaanbrug
657,Fietsbrug Ijzerlaanbrug,2023-05-11,23:00:00,68,22,46,FMN 10 IJzerlaanbrug
657,Fietsbrug Ijzerlaanbrug,2023-05-12,00:00:00,36,8,28,FMN 10 IJzerlaanbrug
657,Fietsbrug Ijzerlaanbrug,2023-05-12,01:00:00,26,8,18,FMN 10 IJzerlaanbrug
657,Fietsbrug Ijzerlaanbrug,2023-05-12,02:00:00,15,3,12,FMN 10 IJzerlaanbrug
657,Fietsbrug Ijzerlaanbrug,2023-05-12,03:00:00,11,4,7,FMN 10 IJzerlaanbrug
657,Fietsbrug Ijzerlaanbrug,2023-05-12,04:00:00,28,16,12,FMN 10 IJzerlaanbrug
657,Fietsbrug Ijzerlaanbrug,2023-05-12,05:00:00,32,19,13,FMN 10 IJzerlaanbrug
657,Fietsbrug Ijzerlaanbrug,2023-05-12,06:00:00,105,65,40,FMN 10 IJzerlaanbrug
657,Fietsbrug Ijzerlaanbrug,2023-05-12,07:00:00,268,195,73,FMN 10 IJzerlaanbrug
657,Fietsbrug Ijzerlaanbrug,2023-05-12,08:00:00,445,320,125,FMN 10 IJzerlaanbrug
657,Fietsbrug Ijzerlaanbrug,2023-05-12,09:00:00,129,93,36,FMN 10 IJzerlaanbrug
657,Fietsbrug Ijzerlaanbrug,2023-05-12,10:00:00,118,76,42,FMN 10 IJzerlaanbrug
657,Fietsbrug Ijzerlaanbrug,2023-05-12,11:00:00,91,51,40,FMN 10 IJzerlaanbrug
657,Fietsbrug Ijzerlaanbrug,2023-05-12,12:00:00,212,116,96,FMN 10 IJzerlaanbrug
657,Fietsbrug Ijzerlaanbrug,2023-05-12,13:00:00,166,80,86,FMN 10 IJzerlaanbrug
657,Fietsbrug Ijzerlaanbrug,2023-05-12,14:00:00,208,97,111,FMN 10 IJzerlaanbrug
657,Fietsbrug Ijzerlaanbrug,2023-05-12,15:00:00,309,127,182,FMN 10 IJzerlaanbrug
657,Fietsbrug Ijzerlaanbrug,2023-05-12,16:00:00,346,107,239,FMN 10 IJzerlaanbrug
657,Fietsbrug Ijzerlaanbrug,2023-05-12,17:00:00,325,117,208,FMN 10 IJzerlaanbrug
657,Fietsbrug Ijzerlaanbrug,2023-05-12,18:00:00,248,81,167,FMN 10 IJzerlaanbrug
657,Fietsbrug Ijzerlaanbrug,2023-05-12,19:00:00,199,108,91,FMN 10 IJzerlaanbrug
657,Fietsbrug Ijzerlaanbrug,2023-05-12,20:00:00,133,69,64,FMN 10 IJzerlaanbrug
657,Fietsbrug Ijzerlaanbrug,2023-05-12,21:00:00,120,52,68,FMN 10 IJzerlaanbrug
657,Fietsbrug Ijzerlaanbrug,2023-05-12,22:00:00,124,52,72,FMN 10 IJzerlaanbrug
657,Fietsbrug Ijzerlaanbrug,2023-05-12,23:00:00,93,28,65,FMN 10 IJzerlaanbrug
657,Fietsbrug Ijzerlaanbrug,2023-05-13,00:00:00,78,25,53,FMN 10 IJzerlaanbrug
657,Fietsbrug Ijzerlaanbrug,2023-05-13,01:00:00,43,13,30,FMN 10 IJzerlaanbrug
657,Fietsbrug Ijzerlaanbrug,2023-05-13,02:00:00,27,12,15,FMN 10 IJzerlaanbrug
657,Fietsbrug Ijzerlaanbrug,2023-05-13,03:00:00,29,5,24,FMN 10 IJzerlaanbrug
657,Fietsbrug Ijzerlaanbrug,2023-05-13,04:00:00,28,10,18,FMN 10 IJzerlaanbrug
657,Fietsbrug Ijzerlaanbrug,2023-05-13,05:00:00,20,4,16,FMN 10 IJzerlaanbrug
657,Fietsbrug Ijzerlaanbrug,2023-05-13,06:00:00,30,16,14,FMN 10 IJzerlaanbrug
657,Fietsbrug Ijzerlaanbrug,2023-05-13,07:00:00,47,15,32,FMN 10 IJzerlaanbrug
657,Fietsbrug Ijzerlaanbrug,2023-05-13,08:00:00,91,55,36,FMN 10 IJzerlaanbrug
657,Fietsbrug Ijzerlaanbrug,2023-05-13,09:00:00,183,123,60,FMN 10 IJzerlaanbrug
657,Fietsbrug Ijzerlaanbrug,2023-05-13,10:00:00,219,130,89,FMN 10 IJzerlaanbrug
657,Fietsbrug Ijzerlaanbrug,2023-05-13,11:00:00,250,159,91,FMN 10 IJzerlaanbrug
657,Fietsbrug Ijzerlaanbrug,2023-05-13,12:00:00,278,167,111,FMN 10 IJzerlaanbrug
657,Fietsbrug Ijzerlaanbrug,2023-05-13,13:00:00,333,189,144,FMN 10 IJzerlaanbrug
657,Fietsbrug Ijzerlaanbrug,2023-05-13,14:00:00,264,147,117,FMN 10 IJzerlaanbrug
657,Fietsbrug Ijzerlaanbrug,2023-05-13,15:00:00,304,149,155,FMN 10 IJzerlaanbrug
657,Fietsbrug Ijzerlaanbrug,2023-05-13,16:00:00,224,94,130,FMN 10 IJzerlaanbrug
657,Fietsbrug Ijzerlaanbrug,2023-05-13,17:00:00,259,96,163,FMN 10 IJzerlaanbrug
657,Fietsbrug Ijzerlaanbrug,2023-05-13,18:00:00,253,101,152,FMN 10 IJzerlaanbrug
657,Fietsbrug Ijzerlaanbrug,2023-05-13,19:00:00,168,75,93,FMN 10 IJzerlaanbrug
657,Fietsbrug Ijzerlaanbrug,2023-05-13,20:00:00,138,60,78,FMN 10 IJzerlaanbrug
657,Fietsbrug Ijzerlaanbrug,2023-05-13,21:00:00,103,50,53,FMN 10 IJzerlaanbrug
657,Fietsbrug Ijzerlaanbrug,2023-05-13,22:00:00,88,42,46,FMN 10 IJzerlaanbrug
657,Fietsbrug Ijzerlaanbrug,2023-05-13,23:00:00,103,36,67,FMN 10 IJzerlaanbrug
657,Fietsbrug Ijzerlaanbrug,2023-05-14,00:00:00,73,18,55,FMN 10 IJzerlaanbrug
657,Fietsbrug Ijzerlaanbrug,2023-05-14,01:00:00,59,15,44,FMN 10 IJzerlaanbrug
657,Fietsbrug Ijzerlaanbrug,2023-05-14,02:00:00,37,6,31,FMN 10 IJzerlaanbrug
657,Fietsbrug Ijzerlaanbrug,2023-05-14,03:00:00,23,5,18,FMN 10 IJzerlaanbrug
657,Fietsbrug Ijzerlaanbrug,2023-05-14,04:00:00,21,9,12,FMN 10 IJzerlaanbrug
657,Fietsbrug Ijzerlaanbrug,2023-05-14,05:00:00,18,4,14,FMN 10 IJzerlaanbrug
657,Fietsbrug Ijzerlaanbrug,2023-05-14,06:00:00,27,17,10,FMN 10 IJzerlaanbrug
657,Fietsbrug Ijzerlaanbrug,2023-05-14,07:00:00,30,18,12,FMN 10 IJzerlaanbrug
657,Fietsbrug Ijzerlaanbrug,2023-05-14,08:00:00,66,44,22,FMN 10 IJzerlaanbrug
657,Fietsbrug Ijzerlaanbrug,2023-05-14,09:00:00,156,91,65,FMN 10 IJzerlaanbrug
657,Fietsbrug Ijzerlaanbrug,2023-05-14,10:00:00,218,141,77,FMN 10 IJzerlaanbrug
657,Fietsbrug Ijzerlaanbrug,2023-05-14,11:00:00,192,116,76,FMN 10 IJzerlaanbrug
657,Fietsbrug Ijzerlaanbrug,2023-05-14,12:00:00,204,114,90,FMN 10 IJzerlaanbrug
657,Fietsbrug Ijzerlaanbrug,2023-05-14,13:00:00,257,160,97,FMN 10 IJzerlaanbrug
657,Fietsbrug Ijzerlaanbrug,2023-05-14,14:00:00,240,131,109,FMN 10 IJzerlaanbrug
657,Fietsbrug Ijzerlaanbrug,2023-05-14,15:00:00,278,143,135,FMN 10 IJzerlaanbrug
657,Fietsbrug Ijzerlaanbrug,2023-05-14,16:00:00,275,103,172,FMN 10 IJzerlaanbrug
657,Fietsbrug Ijzerlaanbrug,2023-05-14,17:00:00,201,88,113,FMN 10 IJzerlaanbrug
657,Fietsbrug Ijzerlaanbrug,2023-05-14,18:00:00,172,73,99,FMN 10 IJzerlaanbrug
657,Fietsbrug Ijzerlaanbrug,2023-05-14,19:00:00,160,67,93,FMN 10 IJzerlaanbrug
657,Fietsbrug Ijzerlaanbrug,2023-05-14,20:00:00,107,48,59,FMN 10 IJzerlaanbrug
657,Fietsbrug Ijzerlaanbrug,2023-05-14,21:00:00,91,39,52,FMN 10 IJzerlaanbrug
657,Fietsbrug Ijzerlaanbrug,2023-05-14,22:00:00,49,14,35,FMN 10 IJzerlaanbrug
657,Fietsbrug Ijzerlaanbrug,2023-05-14,23:00:00,38,7,31,FMN 10 IJzerlaanbrug
657,Fietsbrug Ijzerlaanbrug,2023-05-15,00:00:00,22,8,14,FMN 10 IJzerlaanbrug
657,Fietsbrug Ijzerlaanbrug,2023-05-15,01:00:00,9,4,5,FMN 10 IJzerlaanbrug
657,Fietsbrug Ijzerlaanbrug,2023-05-15,02:00:00,7,1,6,FMN 10 IJzerlaanbrug
657,Fietsbrug Ijzerlaanbrug,2023-05-15,03:00:00,9,3,6,FMN 10 IJzerlaanbrug
657,Fietsbrug Ijzerlaanbrug,2023-05-15,04:00:00,13,11,2,FMN 10 IJzerlaanbrug
657,Fietsbrug Ijzerlaanbrug,2023-05-15,05:00:00,52,27,25,FMN 10 IJzerlaanbrug
657,Fietsbrug Ijzerlaanbrug,2023-05-15,06:00:00,128,85,43,FMN 10 IJzerlaanbrug
657,Fietsbrug Ijzerlaanbrug,2023-05-15,07:00:00,414,301,113,FMN 10 IJzerlaanbrug
657,Fietsbrug Ijzerlaanbrug,2023-05-15,08:00:00,582,415,167,FMN 10 IJzerlaanbrug
657,Fietsbrug Ijzerlaanbrug,2023-05-15,09:00:00,203,150,53,FMN 10 IJzerlaanbrug
657,Fietsbrug Ijzerlaanbrug,2023-05-15,10:00:00,145,84,61,FMN 10 IJzerlaanbrug
657,Fietsbrug Ijzerlaanbrug,2023-05-15,11:00:00,114,53,61,FMN 10 IJzerlaanbrug
657,Fietsbrug Ijzerlaanbrug,2023-05-15,12:00:00,185,93,92,FMN 10 IJzerlaanbrug
657,Fietsbrug Ijzerlaanbrug,2023-05-15,13:00:00,137,53,84,FMN 10 IJzerlaanbrug
657,Fietsbrug Ijzerlaanbrug,2023-05-15,14:00:00,137,52,85,FMN 10 IJzerlaanbrug
657,Fietsbrug Ijzerlaanbrug,2023-05-15,15:00:00,291,126,165,FMN 10 IJzerlaanbrug
657,Fietsbrug Ijzerlaanbrug,2023-05-15,16:00:00,423,142,281,FMN 10 IJzerlaanbrug
657,Fietsbrug Ijzerlaanbrug,2023-05-15,17:00:00,413,104,309,FMN 10 IJzerlaanbrug
657,Fietsbrug Ijzerlaanbrug,2023-05-15,18:00:00,258,74,184,FMN 10 IJzerlaanbrug
657,Fietsbrug Ijzerlaanbrug,2023-05-15,19:00:00,142,56,86,FMN 10 IJzerlaanbrug
657,Fietsbrug Ijzerlaanbrug,2023-05-15,20:00:00,94,40,54,FMN 10 IJzerlaanbrug
657,Fietsbrug Ijzerlaanbrug,2023-05-15,21:00:00,79,34,45,FMN 10 IJzerlaanbrug
657,Fietsbrug Ijzerlaanbrug,2023-05-15,22:00:00,98,48,50,FMN 10 IJzerlaanbrug
657,Fietsbrug Ijzerlaanbrug,2023-05-15,23:00:00,36,15,21,FMN 10 IJzerlaanbrug
657,Fietsbrug Ijzerlaanbrug,2023-05-16,00:00:00,8,0,8,FMN 10 IJzerlaanbrug
657,Fietsbrug Ijzerlaanbrug,2023-05-16,01:00:00,7,2,5,FMN 10 IJzerlaanbrug
657,Fietsbrug Ijzerlaanbrug,2023-05-16,02:00:00,8,4,4,FMN 10 IJzerlaanbrug
657,Fietsbrug Ijzerlaanbrug,2023-05-16,03:00:00,4,3,1,FMN 10 IJzerlaanbrug
657,Fietsbrug Ijzerlaanbrug,2023-05-16,04:00:00,19,15,4,FMN 10 IJzerlaanbrug
657,Fietsbrug Ijzerlaanbrug,2023-05-16,05:00:00,53,31,22,FMN 10 IJzerlaanbrug
657,Fietsbrug Ijzerlaanbrug,2023-05-16,06:00:00,155,100,55,FMN 10 IJzerlaanbrug
657,Fietsbrug Ijzerlaanbrug,2023-05-16,07:00:00,459,346,113,FMN 10 IJzerlaanbrug
657,Fietsbrug Ijzerlaanbrug,2023-05-16,08:00:00,635,453,182,FMN 10 IJzerlaanbrug
657,Fietsbrug Ijzerlaanbrug,2023-05-16,09:00:00,230,169,61,FMN 10 IJzerlaanbrug
657,Fietsbrug Ijzerlaanbrug,2023-05-16,10:00:00,138,94,44,FMN 10 IJzerlaanbrug
657,Fietsbrug Ijzerlaanbrug,2023-05-16,11:00:00,113,67,46,FMN 10 IJzerlaanbrug
657,Fietsbrug Ijzerlaanbrug,2023-05-16,12:00:00,227,104,123,FMN 10 IJzerlaanbrug
657,Fietsbrug Ijzerlaanbrug,2023-05-16,13:00:00,213,102,111,FMN 10 IJzerlaanbrug
657,Fietsbrug Ijzerlaanbrug,2023-05-16,14:00:00,207,70,137,FMN 10 IJzerlaanbrug
657,Fietsbrug Ijzerlaanbrug,2023-05-16,15:00:00,365,143,222,FMN 10 IJzerlaanbrug
657,Fietsbrug Ijzerlaanbrug,2023-05-16,16:00:00,547,180,367,FMN 10 IJzerlaanbrug
657,Fietsbrug Ijzerlaanbrug,2023-05-16,17:00:00,541,173,368,FMN 10 IJzerlaanbrug
657,Fietsbrug Ijzerlaanbrug,2023-05-16,18:00:00,351,102,249,FMN 10 IJzerlaanbrug
657,Fietsbrug Ijzerlaanbrug,2023-05-16,19:00:00,245,112,133,FMN 10 IJzerlaanbrug
657,Fietsbrug Ijzerlaanbrug,2023-05-16,20:00:00,168,80,88,FMN 10 IJzerlaanbrug
657,Fietsbrug Ijzerlaanbrug,2023-05-16,21:00:00,125,44,81,FMN 10 IJzerlaanbrug
657,Fietsbrug Ijzerlaanbrug,2023-05-16,22:00:00,104,37,67,FMN 10 IJzerlaanbrug
657,Fietsbrug Ijzerlaanbrug,2023-05-16,23:00:00,46,10,36,FMN 10 IJzerlaanbrug
657,Fietsbrug Ijzerlaanbrug,2023-05-17,00:00:00,26,6,20,FMN 10 IJzerlaanbrug
657,Fietsbrug Ijzerlaanbrug,2023-05-17,01:00:00,15,4,11,FMN 10 IJzerlaanbrug
657,Fietsbrug Ijzerlaanbrug,2023-05-17,02:00:00,14,3,11,FMN 10 IJzerlaanbrug
657,Fietsbrug Ijzerlaanbrug,2023-05-17,03:00:00,7,4,3,FMN 10 IJzerlaanbrug
657,Fietsbrug Ijzerlaanbrug,2023-05-17,04:00:00,22,18,4,FMN 10 IJzerlaanbrug
657,Fietsbrug Ijzerlaanbrug,2023-05-17,05:00:00,51,28,23,FMN 10 IJzerlaanbrug
657,Fietsbrug Ijzerlaanbrug,2023-05-17,06:00:00,136,91,45,FMN 10 IJzerlaanbrug
657,Fietsbrug Ijzerlaanbrug,2023-05-17,07:00:00,393,288,105,FMN 10 IJzerlaanbrug
657,Fietsbrug Ijzerlaanbrug,2023-05-17,08:00:00,532,354,178,FMN 10 IJzerlaanbrug
657,Fietsbrug Ijzerlaanbrug,2023-05-17,09:00:00,255,154,101,FMN 10 IJzerlaanbrug
657,Fietsbrug Ijzerlaanbrug,2023-05-17,10:00:00,166,110,56,FMN 10 IJzerlaanbrug
657,Fietsbrug Ijzerlaanbrug,2023-05-17,11:00:00,174,84,90,FMN 10 IJzerlaanbrug
657,Fietsbrug Ijzerlaanbrug,2023-05-17,12:00:00,370,192,178,FMN 10 IJzerlaanbrug
657,Fietsbrug Ijzerlaanbrug,2023-05-17,13:00:00,257,121,136,FMN 10 IJzerlaanbrug
657,Fietsbrug Ijzerlaanbrug,2023-05-17,14:00:00,251,124,127,FMN 10 IJzerlaanbrug
657,Fietsbrug Ijzerlaanbrug,2023-05-17,15:00:00,316,125,191,FMN 10 IJzerlaanbrug
657,Fietsbrug Ijzerlaanbrug,2023-05-17,16:00:00,404,146,258,FMN 10 IJzerlaanbrug
657,Fietsbrug Ijzerlaanbrug,2023-05-17,17:00:00,456,167,289,FMN 10 IJzerlaanbrug
657,Fietsbrug Ijzerlaanbrug,2023-05-17,18:00:00,340,120,220,FMN 10 IJzerlaanbrug
657,Fietsbrug Ijzerlaanbrug,2023-05-17,19:00:00,223,95,128,FMN 10 IJzerlaanbrug
657,Fietsbrug Ijzerlaanbrug,2023-05-17,20:00:00,165,79,86,FMN 10 IJzerlaanbrug
657,Fietsbrug Ijzerlaanbrug,2023-05-17,21:00:00,135,57,78,FMN 10 IJzerlaanbrug
657,Fietsbrug Ijzerlaanbrug,2023-05-17,22:00:00,131,46,85,FMN 10 IJzerlaanbrug
657,Fietsbrug Ijzerlaanbrug,2023-05-17,23:00:00,100,31,69,FMN 10 IJzerlaanbrug
657,Fietsbrug Ijzerlaanbrug,2023-05-18,00:00:00,61,18,43,FMN 10 IJzerlaanbrug
657,Fietsbrug Ijzerlaanbrug,2023-05-18,01:00:00,52,9,43,FMN 10 IJzerlaanbrug
657,Fietsbrug Ijzerlaanbrug,2023-05-18,02:00:00,32,12,20,FMN 10 IJzerlaanbrug
657,Fietsbrug Ijzerlaanbrug,2023-05-18,03:00:00,18,1,17,FMN 10 IJzerlaanbrug
657,Fietsbrug Ijzerlaanbrug,2023-05-18,04:00:00,13,4,9,FMN 10 IJzerlaanbrug
657,Fietsbrug Ijzerlaanbrug,2023-05-18,05:00:00,17,8,9,FMN 10 IJzerlaanbrug
657,Fietsbrug Ijzerlaanbrug,2023-05-18,06:00:00,40,22,18,FMN 10 IJzerlaanbrug
657,Fietsbrug Ijzerlaanbrug,2023-05-18,07:00:00,39,19,20,FMN 10 IJzerlaanbrug
657,Fietsbrug Ijzerlaanbrug,2023-05-18,08:00:00,61,39,22,FMN 10 IJzerlaanbrug
657,Fietsbrug Ijzerlaanbrug,2023-05-18,09:00:00,123,76,47,FMN 10 IJzerlaanbrug
657,Fietsbrug Ijzerlaanbrug,2023-05-18,10:00:00,195,85,110,FMN 10 IJzerlaanbrug
657,Fietsbrug Ijzerlaanbrug,2023-05-18,11:00:00,233,144,89,FMN 10 IJzerlaanbrug
657,Fietsbrug Ijzerlaanbrug,2023-05-18,12:00:00,216,122,94,FMN 10 IJzerlaanbrug
657,Fietsbrug Ijzerlaanbrug,2023-05-18,13:00:00,300,177,123,FMN 10 IJzerlaanbrug
657,Fietsbrug Ijzerlaanbrug,2023-05-18,14:00:00,283,162,121,FMN 10 IJzerlaanbrug
657,Fietsbrug Ijzerlaanbrug,2023-05-18,15:00:00,305,144,161,FMN 10 IJzerlaanbrug
657,Fietsbrug Ijzerlaanbrug,2023-05-18,16:00:00,240,99,141,FMN 10 IJzerlaanbrug
657,Fietsbrug Ijzerlaanbrug,2023-05-18,17:00:00,277,119,158,FMN 10 IJzerlaanbrug
657,Fietsbrug Ijzerlaanbrug,2023-05-18,18:00:00,207,119,88,FMN 10 IJzerlaanbrug
657,Fietsbrug Ijzerlaanbrug,2023-05-18,19:00:00,168,81,87,FMN 10 IJzerlaanbrug
657,Fietsbrug Ijzerlaanbrug,2023-05-18,20:00:00,145,48,97,FMN 10 IJzerlaanbrug
657,Fietsbrug Ijzerlaanbrug,2023-05-18,21:00:00,101,41,60,FMN 10 IJzerlaanbrug
657,Fietsbrug Ijzerlaanbrug,2023-05-18,22:00:00,87,32,55,FMN 10 IJzerlaanbrug
657,Fietsbrug Ijzerlaanbrug,2023-05-18,23:00:00,83,14,69,FMN 10 IJzerlaanbrug
657,Fietsbrug Ijzerlaanbrug,2023-05-19,00:00:00,51,9,42,FMN 10 IJzerlaanbrug
657,Fietsbrug Ijzerlaanbrug,2023-05-19,01:00:00,25,5,20,FMN 10 IJzerlaanbrug
657,Fietsbrug Ijzerlaanbrug,2023-05-19,02:00:00,16,5,11,FMN 10 IJzerlaanbrug
657,Fietsbrug Ijzerlaanbrug,2023-05-19,03:00:00,17,4,13,FMN 10 IJzerlaanbrug
657,Fietsbrug Ijzerlaanbrug,2023-05-19,04:00:00,21,11,10,FMN 10 IJzerlaanbrug
657,Fietsbrug Ijzerlaanbrug,2023-05-19,05:00:00,29,16,13,FMN 10 IJzerlaanbrug
657,Fietsbrug Ijzerlaanbrug,2023-05-19,06:00:00,47,31,16,FMN 10 IJzerlaanbrug
657,Fietsbrug Ijzerlaanbrug,2023-05-19,07:00:00,106,73,33,FMN 10 IJzerlaanbrug
657,Fietsbrug Ijzerlaanbrug,2023-05-19,08:00:00,150,98,52,FMN 10 IJzerlaanbrug
657,Fietsbrug Ijzerlaanbrug,2023-05-19,09:00:00,150,96,54,FMN 10 IJzerlaanbrug
657,Fietsbrug Ijzerlaanbrug,2023-05-19,10:00:00,173,109,64,FMN 10 IJzerlaanbrug
657,Fietsbrug Ijzerlaanbrug,2023-05-19,11:00:00,195,111,84,FMN 10 IJzerlaanbrug
657,Fietsbrug Ijzerlaanbrug,2023-05-19,12:00:00,195,111,84,FMN 10 IJzerlaanbrug
657,Fietsbrug Ijzerlaanbrug,2023-05-19,13:00:00,226,151,75,FMN 10 IJzerlaanbrug
657,Fietsbrug Ijzerlaanbrug,2023-05-19,14:00:00,261,137,124,FMN 10 IJzerlaanbrug
657,Fietsbrug Ijzerlaanbrug,2023-05-19,15:00:00,251,114,137,FMN 10 IJzerlaanbrug
657,Fietsbrug Ijzerlaanbrug,2023-05-19,16:00:00,317,129,188,FMN 10 IJzerlaanbrug
657,Fietsbrug Ijzerlaanbrug,2023-05-19,17:00:00,287,106,181,FMN 10 IJzerlaanbrug
657,Fietsbrug Ijzerlaanbrug,2023-05-19,18:00:00,224,104,120,FMN 10 IJzerlaanbrug
657,Fietsbrug Ijzerlaanbrug,2023-05-19,19:00:00,194,96,98,FMN 10 IJzerlaanbrug
657,Fietsbrug Ijzerlaanbrug,2023-05-19,20:00:00,117,61,56,FMN 10 IJzerlaanbrug
657,Fietsbrug Ijzerlaanbrug,2023-05-19,21:00:00,125,50,75,FMN 10 IJzerlaanbrug
657,Fietsbrug Ijzerlaanbrug,2023-05-19,22:00:00,119,31,88,FMN 10 IJzerlaanbrug
657,Fietsbrug Ijzerlaanbrug,2023-05-19,23:00:00,78,29,49,FMN 10 IJzerlaanbrug
657,Fietsbrug Ijzerlaanbrug,2023-05-20,00:00:00,63,17,46,FMN 10 IJzerlaanbrug
657,Fietsbrug Ijzerlaanbrug,2023-05-20,01:00:00,38,10,28,FMN 10 IJzerlaanbrug
657,Fietsbrug Ijzerlaanbrug,2023-05-20,02:00:00,36,8,28,FMN 10 IJzerlaanbrug
657,Fietsbrug Ijzerlaanbrug,2023-05-20,03:00:00,27,13,14,FMN 10 IJzerlaanbrug
657,Fietsbrug Ijzerlaanbrug,2023-05-20,04:00:00,17,9,8,FMN 10 IJzerlaanbrug
657,Fietsbrug Ijzerlaanbrug,2023-05-20,05:00:00,25,10,15,FMN 10 IJzerlaanbrug
657,Fietsbrug Ijzerlaanbrug,2023-05-20,06:00:00,39,21,18,FMN 10 IJzerlaanbrug
657,Fietsbrug Ijzerlaanbrug,2023-05-20,07:00:00,39,24,15,FMN 10 IJzerlaanbrug
657,Fietsbrug Ijzerlaanbrug,2023-05-20,08:00:00,91,52,39,FMN 10 IJzerlaanbrug
657,Fietsbrug Ijzerlaanbrug,2023-05-20,09:00:00,151,96,55,FMN 10 IJzerlaanbrug
657,Fietsbrug Ijzerlaanbrug,2023-05-20,10:00:00,197,131,66,FMN 10 IJzerlaanbrug
657,Fietsbrug Ijzerlaanbrug,2023-05-20,11:00:00,223,135,88,FMN 10 IJzerlaanbrug
657,Fietsbrug Ijzerlaanbrug,2023-05-20,12:00:00,238,128,110,FMN 10 IJzerlaanbrug
657,Fietsbrug Ijzerlaanbrug,2023-05-20,13:00:00,264,156,108,FMN 10 IJzerlaanbrug
657,Fietsbrug Ijzerlaanbrug,2023-05-20,14:00:00,277,155,122,FMN 10 IJzerlaanbrug
657,Fietsbrug Ijzerlaanbrug,2023-05-20,15:00:00,260,125,135,FMN 10 IJzerlaanbrug
657,Fietsbrug Ijzerlaanbrug,2023-05-20,16:00:00,265,112,153,FMN 10 IJzerlaanbrug
657,Fietsbrug Ijzerlaanbrug,2023-05-20,17:00:00,224,83,141,FMN 10 IJzerlaanbrug
657,Fietsbrug Ijzerlaanbrug,2023-05-20,18:00:00,224,84,140,FMN 10 IJzerlaanbrug
657,Fietsbrug Ijzerlaanbrug,2023-05-20,19:00:00,167,86,81,FMN 10 IJzerlaanbrug
657,Fietsbrug Ijzerlaanbrug,2023-05-20,20:00:00,144,69,75,FMN 10 IJzerlaanbrug
657,Fietsbrug Ijzerlaanbrug,2023-05-20,21:00:00,127,59,68,FMN 10 IJzerlaanbrug
657,Fietsbrug Ijzerlaanbrug,2023-05-20,22:00:00,122,48,74,FMN 10 IJzerlaanbrug
657,Fietsbrug Ijzerlaanbrug,2023-05-20,23:00:00,85,32,53,FMN 10 IJzerlaanbrug
657,Fietsbrug Ijzerlaanbrug,2023-05-21,00:00:00,65,21,44,FMN 10 IJzerlaanbrug
657,Fietsbrug Ijzerlaanbrug,2023-05-21,01:00:00,40,10,30,FMN 10 IJzerlaanbrug
657,Fietsbrug Ijzerlaanbrug,2023-05-21,02:00:00,34,2,32,FMN 10 IJzerlaanbrug
657,Fietsbrug Ijzerlaanbrug,2023-05-21,03:00:00,15,4,11,FMN 10 IJzerlaanbrug
657,Fietsbrug Ijzerlaanbrug,2023-05-21,04:00:00,17,5,12,FMN 10 IJzerlaanbrug
657,Fietsbrug Ijzerlaanbrug,2023-05-21,05:00:00,24,5,19,FMN 10 IJzerlaanbrug
657,Fietsbrug Ijzerlaanbrug,2023-05-21,06:00:00,25,16,9,FMN 10 IJzerlaanbrug
657,Fietsbrug Ijzerlaanbrug,2023-05-21,07:00:00,38,23,15,FMN 10 IJzerlaanbrug
657,Fietsbrug Ijzerlaanbrug,2023-05-21,08:00:00,65,37,28,FMN 10 IJzerlaanbrug
657,Fietsbrug Ijzerlaanbrug,2023-05-21,09:00:00,151,89,62,FMN 10 IJzerlaanbrug
657,Fietsbrug Ijzerlaanbrug,2023-05-21,10:00:00,208,137,71,FMN 10 IJzerlaanbrug
657,Fietsbrug Ijzerlaanbrug,2023-05-21,11:00:00,252,163,89,FMN 10 IJzerlaanbrug
657,Fietsbrug Ijzerlaanbrug,2023-05-21,12:00:00,265,174,91,FMN 10 IJzerlaanbrug
657,Fietsbrug Ijzerlaanbrug,2023-05-21,13:00:00,257,153,104,FMN 10 IJzerlaanbrug
657,Fietsbrug Ijzerlaanbrug,2023-05-21,14:00:00,313,157,156,FMN 10 IJzerlaanbrug
657,Fietsbrug Ijzerlaanbrug,2023-05-21,15:00:00,238,92,146,FMN 10 IJzerlaanbrug
657,Fietsbrug Ijzerlaanbrug,2023-05-21,16:00:00,266,90,176,FMN 10 IJzerlaanbrug
657,Fietsbrug Ijzerlaanbrug,2023-05-21,17:00:00,194,88,106,FMN 10 IJzerlaanbrug
657,Fietsbrug Ijzerlaanbrug,2023-05-21,18:00:00,218,82,136,FMN 10 IJzerlaanbrug
657,Fietsbrug Ijzerlaanbrug,2023-05-21,19:00:00,131,51,80,FMN 10 IJzerlaanbrug
657,Fietsbrug Ijzerlaanbrug,2023-05-21,20:00:00,131,52,79,FMN 10 IJzerlaanbrug
657,Fietsbrug Ijzerlaanbrug,2023-05-21,21:00:00,102,47,55,FMN 10 IJzerlaanbrug
657,Fietsbrug Ijzerlaanbrug,2023-05-21,22:00:00,88,38,50,FMN 10 IJzerlaanbrug
657,Fietsbrug Ijzerlaanbrug,2023-05-21,23:00:00,47,11,36,FMN 10 IJzerlaanbrug
657,Fietsbrug Ijzerlaanbrug,2023-05-22,00:00:00,17,2,15,FMN 10 IJzerlaanbrug
657,Fietsbrug Ijzerlaanbrug,2023-05-22,01:00:00,15,6,9,FMN 10 IJzerlaanbrug
657,Fietsbrug Ijzerlaanbrug,2023-05-22,02:00:00,10,3,7,FMN 10 IJzerlaanbrug
657,Fietsbrug Ijzerlaanbrug,2023-05-22,03:00:00,8,3,5,FMN 10 IJzerlaanbrug
657,Fietsbrug Ijzerlaanbrug,2023-05-22,04:00:00,21,15,6,FMN 10 IJzerlaanbrug
657,Fietsbrug Ijzerlaanbrug,2023-05-22,05:00:00,54,26,28,FMN 10 IJzerlaanbrug
657,Fietsbrug Ijzerlaanbrug,2023-05-22,06:00:00,166,109,57,FMN 10 IJzerlaanbrug
657,Fietsbrug Ijzerlaanbrug,2023-05-22,07:00:00,469,348,121,FMN 10 IJzerlaanbrug
657,Fietsbrug Ijzerlaanbrug,2023-05-22,08:00:00,721,534,187,FMN 10 IJzerlaanbrug
657,Fietsbrug Ijzerlaanbrug,2023-05-22,09:00:00,273,190,83,FMN 10 IJzerlaanbrug
657,Fietsbrug Ijzerlaanbrug,2023-05-22,10:00:00,166,102,64,FMN 10 IJzerlaanbrug
657,Fietsbrug Ijzerlaanbrug,2023-05-22,11:00:00,177,91,86,FMN 10 IJzerlaanbrug
657,Fietsbrug Ijzerlaanbrug,2023-05-22,12:00:00,254,139,115,FMN 10 IJzerlaanbrug
657,Fietsbrug Ijzerlaanbrug,2023-05-22,13:00:00,214,116,98,FMN 10 IJzerlaanbrug
657,Fietsbrug Ijzerlaanbrug,2023-05-22,14:00:00,244,99,145,FMN 10 IJzerlaanbrug
657,Fietsbrug Ijzerlaanbrug,2023-05-22,15:00:00,380,136,244,FMN 10 IJzerlaanbrug
657,Fietsbrug Ijzerlaanbrug,2023-05-22,16:00:00,556,181,375,FMN 10 IJzerlaanbrug
657,Fietsbrug Ijzerlaanbrug,2023-05-22,17:00:00,609,187,422,FMN 10 IJzerlaanbrug
657,Fietsbrug Ijzerlaanbrug,2023-05-22,18:00:00,317,95,222,FMN 10 IJzerlaanbrug
657,Fietsbrug Ijzerlaanbrug,2023-05-22,19:00:00,187,86,101,FMN 10 IJzerlaanbrug
657,Fietsbrug Ijzerlaanbrug,2023-05-22,20:00:00,135,58,77,FMN 10 IJzerlaanbrug
657,Fietsbrug Ijzerlaanbrug,2023-05-22,21:00:00,132,62,70,FMN 10 IJzerlaanbrug
657,Fietsbrug Ijzerlaanbrug,2023-05-22,22:00:00,121,39,82,FMN 10 IJzerlaanbrug
657,Fietsbrug Ijzerlaanbrug,2023-05-22,23:00:00,52,16,36,FMN 10 IJzerlaanbrug
657,Fietsbrug Ijzerlaanbrug,2023-05-23,00:00:00,19,4,15,FMN 10 IJzerlaanbrug
657,Fietsbrug Ijzerlaanbrug,2023-05-23,01:00:00,6,0,6,FMN 10 IJzerlaanbrug
657,Fietsbrug Ijzerlaanbrug,2023-05-23,02:00:00,11,6,5,FMN 10 IJzerlaanbrug
657,Fietsbrug Ijzerlaanbrug,2023-05-23,03:00:00,7,6,1,FMN 10 IJzerlaanbrug
657,Fietsbrug Ijzerlaanbrug,2023-05-23,04:00:00,20,15,5,FMN 10 IJzerlaanbrug
657,Fietsbrug Ijzerlaanbrug,2023-05-23,05:00:00,59,32,27,FMN 10 IJzerlaanbrug
657,Fietsbrug Ijzerlaanbrug,2023-05-23,06:00:00,166,110,56,FMN 10 IJzerlaanbrug
657,Fietsbrug Ijzerlaanbrug,2023-05-23,07:00:00,492,358,134,FMN 10 IJzerlaanbrug
657,Fietsbrug Ijzerlaanbrug,2023-05-23,08:00:00,698,515,183,FMN 10 IJzerlaanbrug
657,Fietsbrug Ijzerlaanbrug,2023-05-23,09:00:00,299,224,75,FMN 10 IJzerlaanbrug
657,Fietsbrug Ijzerlaanbrug,2023-05-23,10:00:00,160,100,60,FMN 10 IJzerlaanbrug
657,Fietsbrug Ijzerlaanbrug,2023-05-23,11:00:00,161,102,59,FMN 10 IJzerlaanbrug
657,Fietsbrug Ijzerlaanbrug,2023-05-23,12:00:00,226,108,118,FMN 10 IJzerlaanbrug
657,Fietsbrug Ijzerlaanbrug,2023-05-23,13:00:00,228,116,112,FMN 10 IJzerlaanbrug
657,Fietsbrug Ijzerlaanbrug,2023-05-23,14:00:00,254,98,156,FMN 10 IJzerlaanbrug
657,Fietsbrug Ijzerlaanbrug,2023-05-23,15:00:00,396,145,251,FMN 10 IJzerlaanbrug
657,Fietsbrug Ijzerlaanbrug,2023-05-23,16:00:00,570,175,395,FMN 10 IJzerlaanbrug
657,Fietsbrug Ijzerlaanbrug,2023-05-23,17:00:00,587,160,427,FMN 10 IJzerlaanbrug
657,Fietsbrug Ijzerlaanbrug,2023-05-23,18:00:00,371,127,244,FMN 10 IJzerlaanbrug
657,Fietsbrug Ijzerlaanbrug,2023-05-23,19:00:00,206,75,131,FMN 10 IJzerlaanbrug
657,Fietsbrug Ijzerlaanbrug,2023-05-23,20:00:00,151,62,89,FMN 10 IJzerlaanbrug
657,Fietsbrug Ijzerlaanbrug,2023-05-23,21:00:00,128,46,82,FMN 10 IJzerlaanbrug
657,Fietsbrug Ijzerlaanbrug,2023-05-23,22:00:00,119,39,80,FMN 10 IJzerlaanbrug
657,Fietsbrug Ijzerlaanbrug,2023-05-23,23:00:00,49,13,36,FMN 10 IJzerlaanbrug
657,Fietsbrug Ijzerlaanbrug,2023-05-24,00:00:00,23,9,14,FMN 10 IJzerlaanbrug
657,Fietsbrug Ijzerlaanbrug,2023-05-24,01:00:00,13,3,10,FMN 10 IJzerlaanbrug
657,Fietsbrug Ijzerlaanbrug,2023-05-24,02:00:00,2,0,2,FMN 10 IJzerlaanbrug
657,Fietsbrug Ijzerlaanbrug,2023-05-24,03:00:00,9,5,4,FMN 10 IJzerlaanbrug
657,Fietsbrug Ijzerlaanbrug,2023-05-24,04:00:00,23,15,8,FMN 10 IJzerlaanbrug
657,Fietsbrug Ijzerlaanbrug,2023-05-24,05:00:00,64,37,27,FMN 10 IJzerlaanbrug
657,Fietsbrug Ijzerlaanbrug,2023-05-24,06:00:00,162,112,50,FMN 10 IJzerlaanbrug
657,Fietsbrug Ijzerlaanbrug,2023-05-24,07:00:00,443,317,126,FMN 10 IJzerlaanbrug
657,Fietsbrug Ijzerlaanbrug,2023-05-24,08:00:00,576,399,177,FMN 10 IJzerlaanbrug
657,Fietsbrug Ijzerlaanbrug,2023-05-24,09:00:00,273,189,84,FMN 10 IJzerlaanbrug
657,Fietsbrug Ijzerlaanbrug,2023-05-24,10:00:00,157,88,69,FMN 10 IJzerlaanbrug
657,Fietsbrug Ijzerlaanbrug,2023-05-24,11:00:00,210,120,90,FMN 10 IJzerlaanbrug
657,Fietsbrug Ijzerlaanbrug,2023-05-24,12:00:00,396,199,197,FMN 10 IJzerlaanbrug
657,Fietsbrug Ijzerlaanbrug,2023-05-24,13:00:00,276,137,139,FMN 10 IJzerlaanbrug
657,Fietsbrug Ijzerlaanbrug,2023-05-24,14:00:00,249,125,124,FMN 10 IJzerlaanbrug
657,Fietsbrug Ijzerlaanbrug,2023-05-24,15:00:00,285,121,164,FMN 10 IJzerlaanbrug
657,Fietsbrug Ijzerlaanbrug,2023-05-24,16:00:00,442,155,287,FMN 10 IJzerlaanbrug
657,Fietsbrug Ijzerlaanbrug,2023-05-24,17:00:00,503,159,344,FMN 10 IJzerlaanbrug
657,Fietsbrug Ijzerlaanbrug,2023-05-24,18:00:00,384,131,253,FMN 10 IJzerlaanbrug
657,Fietsbrug Ijzerlaanbrug,2023-05-24,19:00:00,175,71,104,FMN 10 IJzerlaanbrug
657,Fietsbrug Ijzerlaanbrug,2023-05-24,20:00:00,147,77,70,FMN 10 IJzerlaanbrug
657,Fietsbrug Ijzerlaanbrug,2023-05-24,21:00:00,96,40,56,FMN 10 IJzerlaanbrug
657,Fietsbrug Ijzerlaanbrug,2023-05-24,22:00:00,110,34,76,FMN 10 IJzerlaanbrug
657,Fietsbrug Ijzerlaanbrug,2023-05-24,23:00:00,47,12,35,FMN 10 IJzerlaanbrug
657,Fietsbrug Ijzerlaanbrug,2023-05-25,00:00:00,33,9,24,FMN 10 IJzerlaanbrug
657,Fietsbrug Ijzerlaanbrug,2023-05-25,01:00:00,12,1,11,FMN 10 IJzerlaanbrug
657,Fietsbrug Ijzerlaanbrug,2023-05-25,02:00:00,8,1,7,FMN 10 IJzerlaanbrug
657,Fietsbrug Ijzerlaanbrug,2023-05-25,03:00:00,6,3,3,FMN 10 IJzerlaanbrug
657,Fietsbrug Ijzerlaanbrug,2023-05-25,04:00:00,23,16,7,FMN 10 IJzerlaanbrug
657,Fietsbrug Ijzerlaanbrug,2023-05-25,05:00:00,57,34,23,FMN 10 IJzerlaanbrug
657,Fietsbrug Ijzerlaanbrug,2023-05-25,06:00:00,149,96,53,FMN 10 IJzerlaanbrug
657,Fietsbrug Ijzerlaanbrug,2023-05-25,07:00:00,476,367,109,FMN 10 IJzerlaanbrug
657,Fietsbrug Ijzerlaanbrug,2023-05-25,08:00:00,684,497,187,FMN 10 IJzerlaanbrug
657,Fietsbrug Ijzerlaanbrug,2023-05-25,09:00:00,242,173,69,FMN 10 IJzerlaanbrug
657,Fietsbrug Ijzerlaanbrug,2023-05-25,10:00:00,172,112,60,FMN 10 IJzerlaanbrug
657,Fietsbrug Ijzerlaanbrug,2023-05-25,11:00:00,180,99,81,FMN 10 IJzerlaanbrug
657,Fietsbrug Ijzerlaanbrug,2023-05-25,12:00:00,281,166,115,FMN 10 IJzerlaanbrug
657,Fietsbrug Ijzerlaanbrug,2023-05-25,13:00:00,223,118,105,FMN 10 IJzerlaanbrug
657,Fietsbrug Ijzerlaanbrug,2023-05-25,14:00:00,228,88,140,FMN 10 IJzerlaanbrug
657,Fietsbrug Ijzerlaanbrug,2023-05-25,15:00:00,420,161,259,FMN 10 IJzerlaanbrug
657,Fietsbrug Ijzerlaanbrug,2023-05-25,16:00:00,539,173,366,FMN 10 IJzerlaanbrug
657,Fietsbrug Ijzerlaanbrug,2023-05-25,17:00:00,640,194,446,FMN 10 IJzerlaanbrug
657,Fietsbrug Ijzerlaanbrug,2023-05-25,18:00:00,372,124,248,FMN 10 IJzerlaanbrug
657,Fietsbrug Ijzerlaanbrug,2023-05-25,19:00:00,245,119,126,FMN 10 IJzerlaanbrug
657,Fietsbrug Ijzerlaanbrug,2023-05-25,20:00:00,160,64,96,FMN 10 IJzerlaanbrug
657,Fietsbrug Ijzerlaanbrug,2023-05-25,21:00:00,96,45,51,FMN 10 IJzerlaanbrug
657,Fietsbrug Ijzerlaanbrug,2023-05-25,22:00:00,140,37,103,FMN 10 IJzerlaanbrug
657,Fietsbrug Ijzerlaanbrug,2023-05-25,23:00:00,92,35,57,FMN 10 IJzerlaanbrug
657,Fietsbrug Ijzerlaanbrug,2023-05-26,00:00:00,40,6,34,FMN 10 IJzerlaanbrug
657,Fietsbrug Ijzerlaanbrug,2023-05-26,01:00:00,14,4,10,FMN 10 IJzerlaanbrug
657,Fietsbrug Ijzerlaanbrug,2023-05-26,02:00:00,10,4,6,FMN 10 IJzerlaanbrug
657,Fietsbrug Ijzerlaanbrug,2023-05-26,03:00:00,17,6,11,FMN 10 IJzerlaanbrug
657,Fietsbrug Ijzerlaanbrug,2023-05-26,04:00:00,20,14,6,FMN 10 IJzerlaanbrug
657,Fietsbrug Ijzerlaanbrug,2023-05-26,05:00:00,54,32,22,FMN 10 IJzerlaanbrug
657,Fietsbrug Ijzerlaanbrug,2023-05-26,06:00:00,137,93,44,FMN 10 IJzerlaanbrug
657,Fietsbrug Ijzerlaanbrug,2023-05-26,07:00:00,402,284,118,FMN 10 IJzerlaanbrug
657,Fietsbrug Ijzerlaanbrug,2023-05-26,08:00:00,555,389,166,FMN 10 IJzerlaanbrug
657,Fietsbrug Ijzerlaanbrug,2023-05-26,09:00:00,239,164,75,FMN 10 IJzerlaanbrug
657,Fietsbrug Ijzerlaanbrug,2023-05-26,10:00:00,195,129,66,FMN 10 IJzerlaanbrug
657,Fietsbrug Ijzerlaanbrug,2023-05-26,11:00:00,171,95,76,FMN 10 IJzerlaanbrug
657,Fietsbrug Ijzerlaanbrug,2023-05-26,12:00:00,228,107,121,FMN 10 IJzerlaanbrug
657,Fietsbrug Ijzerlaanbrug,2023-05-26,13:00:00,239,121,118,FMN 10 IJzerlaanbrug
657,Fietsbrug Ijzerlaanbrug,2023-05-26,14:00:00,300,118,182,FMN 10 IJzerlaanbrug
657,Fietsbrug Ijzerlaanbrug,2023-05-26,15:00:00,407,171,236,FMN 10 IJzerlaanbrug
657,Fietsbrug Ijzerlaanbrug,2023-05-26,16:00:00,522,188,334,FMN 10 IJzerlaanbrug
657,Fietsbrug Ijzerlaanbrug,2023-05-26,17:00:00,433,165,268,FMN 10 IJzerlaanbrug
657,Fietsbrug Ijzerlaanbrug,2023-05-26,18:00:00,320,133,187,FMN 10 IJzerlaanbrug
657,Fietsbrug Ijzerlaanbrug,2023-05-26,19:00:00,199,94,105,FMN 10 IJzerlaanbrug
657,Fietsbrug Ijzerlaanbrug,2023-05-26,20:00:00,182,81,101,FMN 10 IJzerlaanbrug
657,Fietsbrug Ijzerlaanbrug,2023-05-26,21:00:00,142,60,82,FMN 10 IJzerlaanbrug
657,Fietsbrug Ijzerlaanbrug,2023-05-26,22:00:00,137,45,92,FMN 10 IJzerlaanbrug
657,Fietsbrug Ijzerlaanbrug,2023-05-26,23:00:00,88,24,64,FMN 10 IJzerlaanbrug
657,Fietsbrug Ijzerlaanbrug,2023-05-27,00:00:00,73,24,49,FMN 10 IJzerlaanbrug
657,Fietsbrug Ijzerlaanbrug,2023-05-27,01:00:00,60,20,40,FMN 10 IJzerlaanbrug
657,Fietsbrug Ijzerlaanbrug,2023-05-27,02:00:00,32,5,27,FMN 10 IJzerlaanbrug
657,Fietsbrug Ijzerlaanbrug,2023-05-27,03:00:00,19,5,14,FMN 10 IJzerlaanbrug
657,Fietsbrug Ijzerlaanbrug,2023-05-27,04:00:00,14,7,7,FMN 10 IJzerlaanbrug
657,Fietsbrug Ijzerlaanbrug,2023-05-27,05:00:00,25,10,15,FMN 10 IJzerlaanbrug
657,Fietsbrug Ijzerlaanbrug,2023-05-27,06:00:00,41,20,21,FMN 10 IJzerlaanbrug
657,Fietsbrug Ijzerlaanbrug,2023-05-27,07:00:00,42,25,17,FMN 10 IJzerlaanbrug
657,Fietsbrug Ijzerlaanbrug,2023-05-27,08:00:00,72,34,38,FMN 10 IJzerlaanbrug
657,Fietsbrug Ijzerlaanbrug,2023-05-27,09:00:00,151,109,42,FMN 10 IJzerlaanbrug
657,Fietsbrug Ijzerlaanbrug,2023-05-27,10:00:00,166,115,51,FMN 10 IJzerlaanbrug
657,Fietsbrug Ijzerlaanbrug,2023-05-27,11:00:00,253,163,90,FMN 10 IJzerlaanbrug
657,Fietsbrug Ijzerlaanbrug,2023-05-27,12:00:00,255,144,111,FMN 10 IJzerlaanbrug
657,Fietsbrug Ijzerlaanbrug,2023-05-27,13:00:00,289,177,112,FMN 10 IJzerlaanbrug
657,Fietsbrug Ijzerlaanbrug,2023-05-27,14:00:00,284,162,122,FMN 10 IJzerlaanbrug
657,Fietsbrug Ijzerlaanbrug,2023-05-27,15:00:00,321,159,162,FMN 10 IJzerlaanbrug
657,Fietsbrug Ijzerlaanbrug,2023-05-27,16:00:00,245,116,129,FMN 10 IJzerlaanbrug
657,Fietsbrug Ijzerlaanbrug,2023-05-27,17:00:00,262,119,143,FMN 10 IJzerlaanbrug
657,Fietsbrug Ijzerlaanbrug,2023-05-27,18:00:00,290,117,173,FMN 10 IJzerlaanbrug
657,Fietsbrug Ijzerlaanbrug,2023-05-27,19:00:00,212,109,103,FMN 10 IJzerlaanbrug
657,Fietsbrug Ijzerlaanbrug,2023-05-27,20:00:00,175,86,89,FMN 10 IJzerlaanbrug
657,Fietsbrug Ijzerlaanbrug,2023-05-27,21:00:00,136,48,88,FMN 10 IJzerlaanbrug
657,Fietsbrug Ijzerlaanbrug,2023-05-27,22:00:00,114,52,62,FMN 10 IJzerlaanbrug
657,Fietsbrug Ijzerlaanbrug,2023-05-27,23:00:00,77,19,58,FMN 10 IJzerlaanbrug
657,Fietsbrug Ijzerlaanbrug,2023-05-28,00:00:00,68,24,44,FMN 10 IJzerlaanbrug
657,Fietsbrug Ijzerlaanbrug,2023-05-28,01:00:00,61,18,43,FMN 10 IJzerlaanbrug
657,Fietsbrug Ijzerlaanbrug,2023-05-28,02:00:00,33,9,24,FMN 10 IJzerlaanbrug
657,Fietsbrug Ijzerlaanbrug,2023-05-28,03:00:00,27,7,20,FMN 10 IJzerlaanbrug
657,Fietsbrug Ijzerlaanbrug,2023-05-28,04:00:00,17,6,11,FMN 10 IJzerlaanbrug
657,Fietsbrug Ijzerlaanbrug,2023-05-28,05:00:00,18,12,6,FMN 10 IJzerlaanbrug
657,Fietsbrug Ijzerlaanbrug,2023-05-28,06:00:00,33,18,15,FMN 10 IJzerlaanbrug
657,Fietsbrug Ijzerlaanbrug,2023-05-28,07:00:00,38,20,18,FMN 10 IJzerlaanbrug
657,Fietsbrug Ijzerlaanbrug,2023-05-28,08:00:00,87,52,35,FMN 10 IJzerlaanbrug
657,Fietsbrug Ijzerlaanbrug,2023-05-28,09:00:00,180,86,94,FMN 10 IJzerlaanbrug
657,Fietsbrug Ijzerlaanbrug,2023-05-28,10:00:00,204,131,73,FMN 10 IJzerlaanbrug
657,Fietsbrug Ijzerlaanbrug,2023-05-28,11:00:00,248,158,90,FMN 10 IJzerlaanbrug
657,Fietsbrug Ijzerlaanbrug,2023-05-28,12:00:00,283,190,93,FMN 10 IJzerlaanbrug
657,Fietsbrug Ijzerlaanbrug,2023-05-28,13:00:00,364,223,141,FMN 10 IJzerlaanbrug
657,Fietsbrug Ijzerlaanbrug,2023-05-28,14:00:00,340,214,126,FMN 10 IJzerlaanbrug
657,Fietsbrug Ijzerlaanbrug,2023-05-28,15:00:00,321,152,169,FMN 10 IJzerlaanbrug
657,Fietsbrug Ijzerlaanbrug,2023-05-28,16:00:00,311,119,192,FMN 10 IJzerlaanbrug
657,Fietsbrug Ijzerlaanbrug,2023-05-28,17:00:00,286,115,171,FMN 10 IJzerlaanbrug
657,Fietsbrug Ijzerlaanbrug,2023-05-28,18:00:00,230,94,136,FMN 10 IJzerlaanbrug
657,Fietsbrug Ijzerlaanbrug,2023-05-28,19:00:00,218,79,139,FMN 10 IJzerlaanbrug
657,Fietsbrug Ijzerlaanbrug,2023-05-28,20:00:00,130,51,79,FMN 10 IJzerlaanbrug
657,Fietsbrug Ijzerlaanbrug,2023-05-28,21:00:00,145,56,89,FMN 10 IJzerlaanbrug
657,Fietsbrug Ijzerlaanbrug,2023-05-28,22:00:00,109,41,68,FMN 10 IJzerlaanbrug
657,Fietsbrug Ijzerlaanbrug,2023-05-28,23:00:00,72,25,47,FMN 10 IJzerlaanbrug
657,Fietsbrug Ijzerlaanbrug,2023-05-29,00:00:00,43,13,30,FMN 10 IJzerlaanbrug
657,Fietsbrug Ijzerlaanbrug,2023-05-29,01:00:00,40,12,28,FMN 10 IJzerlaanbrug
657,Fietsbrug Ijzerlaanbrug,2023-05-29,02:00:00,24,8,16,FMN 10 IJzerlaanbrug
657,Fietsbrug Ijzerlaanbrug,2023-05-29,03:00:00,29,5,24,FMN 10 IJzerlaanbrug
657,Fietsbrug Ijzerlaanbrug,2023-05-29,04:00:00,21,11,10,FMN 10 IJzerlaanbrug
657,Fietsbrug Ijzerlaanbrug,2023-05-29,05:00:00,18,11,7,FMN 10 IJzerlaanbrug
657,Fietsbrug Ijzerlaanbrug,2023-05-29,06:00:00,31,20,11,FMN 10 IJzerlaanbrug
657,Fietsbrug Ijzerlaanbrug,2023-05-29,07:00:00,33,17,16,FMN 10 IJzerlaanbrug
657,Fietsbrug Ijzerlaanbrug,2023-05-29,08:00:00,53,30,23,FMN 10 IJzerlaanbrug
657,Fietsbrug Ijzerlaanbrug,2023-05-29,09:00:00,118,60,58,FMN 10 IJzerlaanbrug
657,Fietsbrug Ijzerlaanbrug,2023-05-29,10:00:00,160,97,63,FMN 10 IJzerlaanbrug
657,Fietsbrug Ijzerlaanbrug,2023-05-29,11:00:00,197,117,80,FMN 10 IJzerlaanbrug
657,Fietsbrug Ijzerlaanbrug,2023-05-29,12:00:00,189,113,76,FMN 10 IJzerlaanbrug
657,Fietsbrug Ijzerlaanbrug,2023-05-29,13:00:00,299,180,119,FMN 10 IJzerlaanbrug
657,Fietsbrug Ijzerlaanbrug,2023-05-29,14:00:00,277,154,123,FMN 10 IJzerlaanbrug
657,Fietsbrug Ijzerlaanbrug,2023-05-29,15:00:00,317,161,156,FMN 10 IJzerlaanbrug
657,Fietsbrug Ijzerlaanbrug,2023-05-29,16:00:00,273,139,134,FMN 10 IJzerlaanbrug
657,Fietsbrug Ijzerlaanbrug,2023-05-29,17:00:00,334,116,218,FMN 10 IJzerlaanbrug
657,Fietsbrug Ijzerlaanbrug,2023-05-29,18:00:00,176,80,96,FMN 10 IJzerlaanbrug
657,Fietsbrug Ijzerlaanbrug,2023-05-29,19:00:00,148,62,86,FMN 10 IJzerlaanbrug
657,Fietsbrug Ijzerlaanbrug,2023-05-29,20:00:00,152,71,81,FMN 10 IJzerlaanbrug
657,Fietsbrug Ijzerlaanbrug,2023-05-29,21:00:00,131,65,66,FMN 10 IJzerlaanbrug
657,Fietsbrug Ijzerlaanbrug,2023-05-29,22:00:00,85,28,57,FMN 10 IJzerlaanbrug
657,Fietsbrug Ijzerlaanbrug,2023-05-29,23:00:00,56,12,44,FMN 10 IJzerlaanbrug
657,Fietsbrug Ijzerlaanbrug,2023-05-30,00:00:00,26,9,17,FMN 10 IJzerlaanbrug
657,Fietsbrug Ijzerlaanbrug,2023-05-30,01:00:00,6,0,6,FMN 10 IJzerlaanbrug
657,Fietsbrug Ijzerlaanbrug,2023-05-30,02:00:00,10,3,7,FMN 10 IJzerlaanbrug
657,Fietsbrug Ijzerlaanbrug,2023-05-30,03:00:00,13,9,4,FMN 10 IJzerlaanbrug
657,Fietsbrug Ijzerlaanbrug,2023-05-30,04:00:00,17,15,2,FMN 10 IJzerlaanbrug
657,Fietsbrug Ijzerlaanbrug,2023-05-30,05:00:00,49,26,23,FMN 10 IJzerlaanbrug
657,Fietsbrug Ijzerlaanbrug,2023-05-30,06:00:00,167,113,54,FMN 10 IJzerlaanbrug
657,Fietsbrug Ijzerlaanbrug,2023-05-30,07:00:00,497,360,137,FMN 10 IJzerlaanbrug
657,Fietsbrug Ijzerlaanbrug,2023-05-30,08:00:00,710,502,208,FMN 10 IJzerlaanbrug
657,Fietsbrug Ijzerlaanbrug,2023-05-30,09:00:00,245,173,72,FMN 10 IJzerlaanbrug
657,Fietsbrug Ijzerlaanbrug,2023-05-30,10:00:00,164,103,61,FMN 10 IJzerlaanbrug
657,Fietsbrug Ijzerlaanbrug,2023-05-30,11:00:00,155,80,75,FMN 10 IJzerlaanbrug
657,Fietsbrug Ijzerlaanbrug,2023-05-30,12:00:00,229,118,111,FMN 10 IJzerlaanbrug
657,Fietsbrug Ijzerlaanbrug,2023-05-30,13:00:00,222,110,112,FMN 10 IJzerlaanbrug
657,Fietsbrug Ijzerlaanbrug,2023-05-30,14:00:00,251,116,135,FMN 10 IJzerlaanbrug
657,Fietsbrug Ijzerlaanbrug,2023-05-30,15:00:00,387,159,228,FMN 10 IJzerlaanbrug
657,Fietsbrug Ijzerlaanbrug,2023-05-30,16:00:00,617,209,408,FMN 10 IJzerlaanbrug
657,Fietsbrug Ijzerlaanbrug,2023-05-30,17:00:00,636,196,440,FMN 10 IJzerlaanbrug
657,Fietsbrug Ijzerlaanbrug,2023-05-30,18:00:00,416,147,269,FMN 10 IJzerlaanbrug
657,Fietsbrug Ijzerlaanbrug,2023-05-30,19:00:00,200,71,129,FMN 10 IJzerlaanbrug
657,Fietsbrug Ijzerlaanbrug,2023-05-30,20:00:00,154,64,90,FMN 10 IJzerlaanbrug
657,Fietsbrug Ijzerlaanbrug,2023-05-30,21:00:00,123,62,61,FMN 10 IJzerlaanbrug
657,Fietsbrug Ijzerlaanbrug,2023-05-30,22:00:00,118,41,77,FMN 10 IJzerlaanbrug
657,Fietsbrug Ijzerlaanbrug,2023-05-30,23:00:00,41,6,35,FMN 10 IJzerlaanbrug
657,Fietsbrug Ijzerlaanbrug,2023-05-31,00:00:00,23,6,17,FMN 10 IJzerlaanbrug
657,Fietsbrug Ijzerlaanbrug,2023-05-31,01:00:00,20,5,15,FMN 10 IJzerlaanbrug
657,Fietsbrug Ijzerlaanbrug,2023-05-31,02:00:00,11,2,9,FMN 10 IJzerlaanbrug
657,Fietsbrug Ijzerlaanbrug,2023-05-31,03:00:00,5,1,4,FMN 10 IJzerlaanbrug
657,Fietsbrug Ijzerlaanbrug,2023-05-31,04:00:00,23,16,7,FMN 10 IJzerlaanbrug
657,Fietsbrug Ijzerlaanbrug,2023-05-31,05:00:00,61,37,24,FMN 10 IJzerlaanbrug
657,Fietsbrug Ijzerlaanbrug,2023-05-31,06:00:00,155,101,54,FMN 10 IJzerlaanbrug
657,Fietsbrug Ijzerlaanbrug,2023-05-31,07:00:00,478,345,133,FMN 10 IJzerlaanbrug
657,Fietsbrug Ijzerlaanbrug,2023-05-31,08:00:00,617,418,199,FMN 10 IJzerlaanbrug
657,Fietsbrug Ijzerlaanbrug,2023-05-31,09:00:00,259,179,80,FMN 10 IJzerlaanbrug
657,Fietsbrug Ijzerlaanbrug,2023-05-31,10:00:00,167,95,72,FMN 10 IJzerlaanbrug
657,Fietsbrug Ijzerlaanbrug,2023-05-31,11:00:00,238,152,86,FMN 10 IJzerlaanbrug
657,Fietsbrug Ijzerlaanbrug,2023-05-31,12:00:00,410,215,195,FMN 10 IJzerlaanbrug
657,Fietsbrug Ijzerlaanbrug,2023-05-31,13:00:00,298,149,149,FMN 10 IJzerlaanbrug
657,Fietsbrug Ijzerlaanbrug,2023-05-31,14:00:00,277,137,140,FMN 10 IJzerlaanbrug
657,Fietsbrug Ijzerlaanbrug,2023-05-31,15:00:00,304,113,191,FMN 10 IJzerlaanbrug
657,Fietsbrug Ijzerlaanbrug,2023-05-31,16:00:00,472,165,307,FMN 10 IJzerlaanbrug
657,Fietsbrug Ijzerlaanbrug,2023-05-31,17:00:00,563,210,353,FMN 10 IJzerlaanbrug
657,Fietsbrug Ijzerlaanbrug,2023-05-31,18:00:00,415,165,250,FMN 10 IJzerlaanbrug
657,Fietsbrug Ijzerlaanbrug,2023-05-31,19:00:00,290,108,182,FMN 10 IJzerlaanbrug
657,Fietsbrug Ijzerlaanbrug,2023-05-31,20:00:00,185,87,98,FMN 10 IJzerlaanbrug
657,Fietsbrug Ijzerlaanbrug,2023-05-31,21:00:00,158,59,99,FMN 10 IJzerlaanbrug
657,Fietsbrug Ijzerlaanbrug,2023-05-31,22:00:00,142,40,102,FMN 10 IJzerlaanbrug
657,Fietsbrug Ijzerlaanbrug,2023-05-31,23:00:00,83,21,62,FMN 10 IJzerlaanbrug
657,Fietsbrug Ijzerlaanbrug,2023-06-01,00:00:00,26,13,13,FMN 10 IJzerlaanbrug
657,Fietsbrug Ijzerlaanbrug,2023-06-01,01:00:00,13,5,8,FMN 10 IJzerlaanbrug
657,Fietsbrug Ijzerlaanbrug,2023-06-01,02:00:00,15,6,9,FMN 10 IJzerlaanbrug
657,Fietsbrug Ijzerlaanbrug,2023-06-01,03:00:00,12,6,6,FMN 10 IJzerlaanbrug
657,Fietsbrug Ijzerlaanbrug,2023-06-01,04:00:00,22,13,9,FMN 10 IJzerlaanbrug
657,Fietsbrug Ijzerlaanbrug,2023-06-01,05:00:00,55,35,20,FMN 10 IJzerlaanbrug
657,Fietsbrug Ijzerlaanbrug,2023-06-01,06:00:00,173,106,67,FMN 10 IJzerlaanbrug
657,Fietsbrug Ijzerlaanbrug,2023-06-01,07:00:00,501,359,142,FMN 10 IJzerlaanbrug
657,Fietsbrug Ijzerlaanbrug,2023-06-01,08:00:00,698,504,194,FMN 10 IJzerlaanbrug
657,Fietsbrug Ijzerlaanbrug,2023-06-01,09:00:00,240,172,68,FMN 10 IJzerlaanbrug
657,Fietsbrug Ijzerlaanbrug,2023-06-01,10:00:00,183,117,66,FMN 10 IJzerlaanbrug
657,Fietsbrug Ijzerlaanbrug,2023-06-01,11:00:00,185,110,75,FMN 10 IJzerlaanbrug
657,Fietsbrug Ijzerlaanbrug,2023-06-01,12:00:00,235,118,117,FMN 10 IJzerlaanbrug
657,Fietsbrug Ijzerlaanbrug,2023-06-01,13:00:00,223,121,102,FMN 10 IJzerlaanbrug
657,Fietsbrug Ijzerlaanbrug,2023-06-01,14:00:00,246,105,141,FMN 10 IJzerlaanbrug
657,Fietsbrug Ijzerlaanbrug,2023-06-01,15:00:00,412,161,251,FMN 10 IJzerlaanbrug
657,Fietsbrug Ijzerlaanbrug,2023-06-01,16:00:00,571,201,370,FMN 10 IJzerlaanbrug
657,Fietsbrug Ijzerlaanbrug,2023-06-01,17:00:00,580,165,415,FMN 10 IJzerlaanbrug
657,Fietsbrug Ijzerlaanbrug,2023-06-01,18:00:00,363,127,236,FMN 10 IJzerlaanbrug
657,Fietsbrug Ijzerlaanbrug,2023-06-01,19:00:00,210,93,117,FMN 10 IJzerlaanbrug
657,Fietsbrug Ijzerlaanbrug,2023-06-01,20:00:00,178,81,97,FMN 10 IJzerlaanbrug
657,Fietsbrug Ijzerlaanbrug,2023-06-01,21:00:00,134,55,79,FMN 10 IJzerlaanbrug
657,Fietsbrug Ijzerlaanbrug,2023-06-01,22:00:00,147,50,97,FMN 10 IJzerlaanbrug
657,Fietsbrug Ijzerlaanbrug,2023-06-01,23:00:00,69,14,55,FMN 10 IJzerlaanbrug
657,Fietsbrug Ijzerlaanbrug,2023-06-02,00:00:00,31,5,26,FMN 10 IJzerlaanbrug
657,Fietsbrug Ijzerlaanbrug,2023-06-02,01:00:00,16,6,10,FMN 10 IJzerlaanbrug
657,Fietsbrug Ijzerlaanbrug,2023-06-02,02:00:00,10,3,7,FMN 10 IJzerlaanbrug
657,Fietsbrug Ijzerlaanbrug,2023-06-02,03:00:00,11,3,8,FMN 10 IJzerlaanbrug
657,Fietsbrug Ijzerlaanbrug,2023-06-02,04:00:00,21,10,11,FMN 10 IJzerlaanbrug
657,Fietsbrug Ijzerlaanbrug,2023-06-02,05:00:00,53,32,21,FMN 10 IJzerlaanbrug
657,Fietsbrug Ijzerlaanbrug,2023-06-02,06:00:00,135,93,42,FMN 10 IJzerlaanbrug
657,Fietsbrug Ijzerlaanbrug,2023-06-02,07:00:00,411,285,126,FMN 10 IJzerlaanbrug
657,Fietsbrug Ijzerlaanbrug,2023-06-02,08:00:00,534,411,123,FMN 10 IJzerlaanbrug
657,Fietsbrug Ijzerlaanbrug,2023-06-02,09:00:00,197,137,60,FMN 10 IJzerlaanbrug
657,Fietsbrug Ijzerlaanbrug,2023-06-02,10:00:00,216,160,56,FMN 10 IJzerlaanbrug
657,Fietsbrug Ijzerlaanbrug,2023-06-02,11:00:00,168,92,76,FMN 10 IJzerlaanbrug
657,Fietsbrug Ijzerlaanbrug,2023-06-02,12:00:00,210,112,98,FMN 10 IJzerlaanbrug
657,Fietsbrug Ijzerlaanbrug,2023-06-02,13:00:00,229,118,111,FMN 10 IJzerlaanbrug
657,Fietsbrug Ijzerlaanbrug,2023-06-02,14:00:00,331,123,208,FMN 10 IJzerlaanbrug
657,Fietsbrug Ijzerlaanbrug,2023-06-02,15:00:00,384,157,227,FMN 10 IJzerlaanbrug
657,Fietsbrug Ijzerlaanbrug,2023-06-02,16:00:00,491,179,312,FMN 10 IJzerlaanbrug
657,Fietsbrug Ijzerlaanbrug,2023-06-02,17:00:00,555,183,372,FMN 10 IJzerlaanbrug
657,Fietsbrug Ijzerlaanbrug,2023-06-02,18:00:00,347,145,202,FMN 10 IJzerlaanbrug
657,Fietsbrug Ijzerlaanbrug,2023-06-02,19:00:00,253,117,136,FMN 10 IJzerlaanbrug
657,Fietsbrug Ijzerlaanbrug,2023-06-02,20:00:00,157,76,81,FMN 10 IJzerlaanbrug
657,Fietsbrug Ijzerlaanbrug,2023-06-02,21:00:00,144,56,88,FMN 10 IJzerlaanbrug
657,Fietsbrug Ijzerlaanbrug,2023-06-02,22:00:00,133,48,85,FMN 10 IJzerlaanbrug
657,Fietsbrug Ijzerlaanbrug,2023-06-02,23:00:00,116,35,81,FMN 10 IJzerlaanbrug
657,Fietsbrug Ijzerlaanbrug,2023-06-03,00:00:00,83,15,68,FMN 10 IJzerlaanbrug
657,Fietsbrug Ijzerlaanbrug,2023-06-03,01:00:00,51,14,37,FMN 10 IJzerlaanbrug
657,Fietsbrug Ijzerlaanbrug,2023-06-03,02:00:00,30,5,25,FMN 10 IJzerlaanbrug
657,Fietsbrug Ijzerlaanbrug,2023-06-03,03:00:00,25,5,20,FMN 10 IJzerlaanbrug
657,Fietsbrug Ijzerlaanbrug,2023-06-03,04:00:00,21,9,12,FMN 10 IJzerlaanbrug
657,Fietsbrug Ijzerlaanbrug,2023-06-03,05:00:00,31,11,20,FMN 10 IJzerlaanbrug
657,Fietsbrug Ijzerlaanbrug,2023-06-03,06:00:00,41,24,17,FMN 10 IJzerlaanbrug
657,Fietsbrug Ijzerlaanbrug,2023-06-03,07:00:00,53,22,31,FMN 10 IJzerlaanbrug
657,Fietsbrug Ijzerlaanbrug,2023-06-03,08:00:00,118,72,46,FMN 10 IJzerlaanbrug
657,Fietsbrug Ijzerlaanbrug,2023-06-03,09:00:00,209,120,89,FMN 10 IJzerlaanbrug
657,Fietsbrug Ijzerlaanbrug,2023-06-03,10:00:00,227,141,86,FMN 10 IJzerlaanbrug
657,Fietsbrug Ijzerlaanbrug,2023-06-03,11:00:00,226,142,84,FMN 10 IJzerlaanbrug
657,Fietsbrug Ijzerlaanbrug,2023-06-03,12:00:00,260,140,120,FMN 10 IJzerlaanbrug
657,Fietsbrug Ijzerlaanbrug,2023-06-03,13:00:00,338,192,146,FMN 10 IJzerlaanbrug
657,Fietsbrug Ijzerlaanbrug,2023-06-03,14:00:00,311,174,137,FMN 10 IJzerlaanbrug
657,Fietsbrug Ijzerlaanbrug,2023-06-03,15:00:00,278,148,130,FMN 10 IJzerlaanbrug
657,Fietsbrug Ijzerlaanbrug,2023-06-03,16:00:00,343,163,180,FMN 10 IJzerlaanbrug
657,Fietsbrug Ijzerlaanbrug,2023-06-03,17:00:00,292,130,162,FMN 10 IJzerlaanbrug
657,Fietsbrug Ijzerlaanbrug,2023-06-03,18:00:00,260,115,145,FMN 10 IJzerlaanbrug
657,Fietsbrug Ijzerlaanbrug,2023-06-03,19:00:00,209,102,107,FMN 10 IJzerlaanbrug
657,Fietsbrug Ijzerlaanbrug,2023-06-03,20:00:00,175,67,108,FMN 10 IJzerlaanbrug
657,Fietsbrug Ijzerlaanbrug,2023-06-03,21:00:00,164,66,98,FMN 10 IJzerlaanbrug
657,Fietsbrug Ijzerlaanbrug,2023-06-03,22:00:00,120,48,72,FMN 10 IJzerlaanbrug
657,Fietsbrug Ijzerlaanbrug,2023-06-03,23:00:00,122,44,78,FMN 10 IJzerlaanbrug
657,Fietsbrug Ijzerlaanbrug,2023-06-04,00:00:00,63,20,43,FMN 10 IJzerlaanbrug
657,Fietsbrug Ijzerlaanbrug,2023-06-04,01:00:00,42,11,31,FMN 10 IJzerlaanbrug
657,Fietsbrug Ijzerlaanbrug,2023-06-04,02:00:00,42,10,32,FMN 10 IJzerlaanbrug
657,Fietsbrug Ijzerlaanbrug,2023-06-04,03:00:00,22,6,16,FMN 10 IJzerlaanbrug
657,Fietsbrug Ijzerlaanbrug,2023-06-04,04:00:00,31,8,23,FMN 10 IJzerlaanbrug
657,Fietsbrug Ijzerlaanbrug,2023-06-04,05:00:00,19,7,12,FMN 10 IJzerlaanbrug
657,Fietsbrug Ijzerlaanbrug,2023-06-04,06:00:00,32,19,13,FMN 10 IJzerlaanbrug
657,Fietsbrug Ijzerlaanbrug,2023-06-04,07:00:00,40,16,24,FMN 10 IJzerlaanbrug
657,Fietsbrug Ijzerlaanbrug,2023-06-04,08:00:00,96,52,44,FMN 10 IJzerlaanbrug
657,Fietsbrug Ijzerlaanbrug,2023-06-04,09:00:00,211,99,112,FMN 10 IJzerlaanbrug
657,Fietsbrug Ijzerlaanbrug,2023-06-04,10:00:00,212,136,76,FMN 10 IJzerlaanbrug
657,Fietsbrug Ijzerlaanbrug,2023-06-04,11:00:00,258,161,97,FMN 10 IJzerlaanbrug
657,Fietsbrug Ijzerlaanbrug,2023-06-04,12:00:00,305,183,122,FMN 10 IJzerlaanbrug
657,Fietsbrug Ijzerlaanbrug,2023-06-04,13:00:00,333,188,145,FMN 10 IJzerlaanbrug
657,Fietsbrug Ijzerlaanbrug,2023-06-04,14:00:00,381,213,168,FMN 10 IJzerlaanbrug
657,Fietsbrug Ijzerlaanbrug,2023-06-04,15:00:00,296,144,152,FMN 10 IJzerlaanbrug
657,Fietsbrug Ijzerlaanbrug,2023-06-04,16:00:00,233,106,127,FMN 10 IJzerlaanbrug
657,Fietsbrug Ijzerlaanbrug,2023-06-04,17:00:00,305,134,171,FMN 10 IJzerlaanbrug
657,Fietsbrug Ijzerlaanbrug,2023-06-04,18:00:00,215,98,117,FMN 10 IJzerlaanbrug
657,Fietsbrug Ijzerlaanbrug,2023-06-04,19:00:00,133,57,76,FMN 10 IJzerlaanbrug
657,Fietsbrug Ijzerlaanbrug,2023-06-04,20:00:00,123,57,66,FMN 10 IJzerlaanbrug
657,Fietsbrug Ijzerlaanbrug,2023-06-04,21:00:00,149,65,84,FMN 10 IJzerlaanbrug
657,Fietsbrug Ijzerlaanbrug,2023-06-04,22:00:00,97,33,64,FMN 10 IJzerlaanbrug
657,Fietsbrug Ijzerlaanbrug,2023-06-04,23:00:00,35,8,27,FMN 10 IJzerlaanbrug
657,Fietsbrug Ijzerlaanbrug,2023-06-05,00:00:00,28,11,17,FMN 10 IJzerlaanbrug
657,Fietsbrug Ijzerlaanbrug,2023-06-05,01:00:00,7,1,6,FMN 10 IJzerlaanbrug
657,Fietsbrug Ijzerlaanbrug,2023-06-05,02:00:00,8,3,5,FMN 10 IJzerlaanbrug
657,Fietsbrug Ijzerlaanbrug,2023-06-05,03:00:00,9,5,4,FMN 10 IJzerlaanbrug
657,Fietsbrug Ijzerlaanbrug,2023-06-05,04:00:00,26,13,13,FMN 10 IJzerlaanbrug
657,Fietsbrug Ijzerlaanbrug,2023-06-05,05:00:00,45,23,22,FMN 10 IJzerlaanbrug
657,Fietsbrug Ijzerlaanbrug,2023-06-05,06:00:00,162,109,53,FMN 10 IJzerlaanbrug
657,Fietsbrug Ijzerlaanbrug,2023-06-05,07:00:00,460,331,129,FMN 10 IJzerlaanbrug
657,Fietsbrug Ijzerlaanbrug,2023-06-05,08:00:00,789,588,201,FMN 10 IJzerlaanbrug
657,Fietsbrug Ijzerlaanbrug,2023-06-05,09:00:00,236,169,67,FMN 10 IJzerlaanbrug
657,Fietsbrug Ijzerlaanbrug,2023-06-05,10:00:00,145,80,65,FMN 10 IJzerlaanbrug
657,Fietsbrug Ijzerlaanbrug,2023-06-05,11:00:00,182,99,83,FMN 10 IJzerlaanbrug
657,Fietsbrug Ijzerlaanbrug,2023-06-05,12:00:00,245,147,98,FMN 10 IJzerlaanbrug
657,Fietsbrug Ijzerlaanbrug,2023-06-05,13:00:00,249,119,130,FMN 10 IJzerlaanbrug
657,Fietsbrug Ijzerlaanbrug,2023-06-05,14:00:00,260,122,138,FMN 10 IJzerlaanbrug
657,Fietsbrug Ijzerlaanbrug,2023-06-05,15:00:00,498,216,282,FMN 10 IJzerlaanbrug
657,Fietsbrug Ijzerlaanbrug,2023-06-05,16:00:00,663,257,406,FMN 10 IJzerlaanbrug
657,Fietsbrug Ijzerlaanbrug,2023-06-05,17:00:00,775,353,422,FMN 10 IJzerlaanbrug
657,Fietsbrug Ijzerlaanbrug,2023-06-05,18:00:00,413,180,233,FMN 10 IJzerlaanbrug
657,Fietsbrug Ijzerlaanbrug,2023-06-05,19:00:00,278,91,187,FMN 10 IJzerlaanbrug
657,Fietsbrug Ijzerlaanbrug,2023-06-05,20:00:00,287,72,215,FMN 10 IJzerlaanbrug
657,Fietsbrug Ijzerlaanbrug,2023-06-05,21:00:00,215,56,159,FMN 10 IJzerlaanbrug
657,Fietsbrug Ijzerlaanbrug,2023-06-05,22:00:00,168,44,124,FMN 10 IJzerlaanbrug
657,Fietsbrug Ijzerlaanbrug,2023-06-05,23:00:00,81,15,66,FMN 10 IJzerlaanbrug
657,Fietsbrug Ijzerlaanbrug,2023-06-06,00:00:00,30,6,24,FMN 10 IJzerlaanbrug
657,Fietsbrug Ijzerlaanbrug,2023-06-06,01:00:00,12,4,8,FMN 10 IJzerlaanbrug
657,Fietsbrug Ijzerlaanbrug,2023-06-06,02:00:00,19,5,14,FMN 10 IJzerlaanbrug
657,Fietsbrug Ijzerlaanbrug,2023-06-06,03:00:00,7,3,4,FMN 10 IJzerlaanbrug
657,Fietsbrug Ijzerlaanbrug,2023-06-06,04:00:00,19,14,5,FMN 10 IJzerlaanbrug
657,Fietsbrug Ijzerlaanbrug,2023-06-06,05:00:00,48,27,21,FMN 10 IJzerlaanbrug
657,Fietsbrug Ijzerlaanbrug,2023-06-06,06:00:00,200,135,65,FMN 10 IJzerlaanbrug
657,Fietsbrug Ijzerlaanbrug,2023-06-06,07:00:00,560,411,149,FMN 10 IJzerlaanbrug
657,Fietsbrug Ijzerlaanbrug,2023-06-06,08:00:00,797,596,201,FMN 10 IJzerlaanbrug
657,Fietsbrug Ijzerlaanbrug,2023-06-06,09:00:00,251,164,87,FMN 10 IJzerlaanbrug
657,Fietsbrug Ijzerlaanbrug,2023-06-06,10:00:00,173,109,64,FMN 10 IJzerlaanbrug
657,Fietsbrug Ijzerlaanbrug,2023-06-06,11:00:00,201,119,82,FMN 10 IJzerlaanbrug
657,Fietsbrug Ijzerlaanbrug,2023-06-06,12:00:00,251,131,120,FMN 10 IJzerlaanbrug
657,Fietsbrug Ijzerlaanbrug,2023-06-06,13:00:00,249,131,118,FMN 10 IJzerlaanbrug
657,Fietsbrug Ijzerlaanbrug,2023-06-06,14:00:00,295,122,173,FMN 10 IJzerlaanbrug
657,Fietsbrug Ijzerlaanbrug,2023-06-06,15:00:00,468,193,275,FMN 10 IJzerlaanbrug
657,Fietsbrug Ijzerlaanbrug,2023-06-06,16:00:00,702,225,477,FMN 10 IJzerlaanbrug
657,Fietsbrug Ijzerlaanbrug,2023-06-06,17:00:00,664,207,457,FMN 10 IJzerlaanbrug
657,Fietsbrug Ijzerlaanbrug,2023-06-06,18:00:00,361,108,253,FMN 10 IJzerlaanbrug
657,Fietsbrug Ijzerlaanbrug,2023-06-06,19:00:00,210,75,135,FMN 10 IJzerlaanbrug
657,Fietsbrug Ijzerlaanbrug,2023-06-06,20:00:00,161,70,91,FMN 10 IJzerlaanbrug
657,Fietsbrug Ijzerlaanbrug,2023-06-06,21:00:00,161,77,84,FMN 10 IJzerlaanbrug
657,Fietsbrug Ijzerlaanbrug,2023-06-06,22:00:00,140,51,89,FMN 10 IJzerlaanbrug
657,Fietsbrug Ijzerlaanbrug,2023-06-06,23:00:00,64,16,48,FMN 10 IJzerlaanbrug
657,Fietsbrug Ijzerlaanbrug,2023-06-07,00:00:00,29,9,20,FMN 10 IJzerlaanbrug
657,Fietsbrug Ijzerlaanbrug,2023-06-07,01:00:00,15,3,12,FMN 10 IJzerlaanbrug
657,Fietsbrug Ijzerlaanbrug,2023-06-07,02:00:00,6,2,4,FMN 10 IJzerlaanbrug
657,Fietsbrug Ijzerlaanbrug,2023-06-07,03:00:00,8,3,5,FMN 10 IJzerlaanbrug
657,Fietsbrug Ijzerlaanbrug,2023-06-07,04:00:00,20,16,4,FMN 10 IJzerlaanbrug
657,Fietsbrug Ijzerlaanbrug,2023-06-07,05:00:00,70,43,27,FMN 10 IJzerlaanbrug
657,Fietsbrug Ijzerlaanbrug,2023-06-07,06:00:00,171,124,47,FMN 10 IJzerlaanbrug
657,Fietsbrug Ijzerlaanbrug,2023-06-07,07:00:00,480,340,140,FMN 10 IJzerlaanbrug
657,Fietsbrug Ijzerlaanbrug,2023-06-07,08:00:00,654,459,195,FMN 10 IJzerlaanbrug
657,Fietsbrug Ijzerlaanbrug,2023-06-07,09:00:00,290,195,95,FMN 10 IJzerlaanbrug
657,Fietsbrug Ijzerlaanbrug,2023-06-07,10:00:00,191,102,89,FMN 10 IJzerlaanbrug
657,Fietsbrug Ijzerlaanbrug,2023-06-07,11:00:00,259,141,118,FMN 10 IJzerlaanbrug
657,Fietsbrug Ijzerlaanbrug,2023-06-07,12:00:00,438,228,210,FMN 10 IJzerlaanbrug
657,Fietsbrug Ijzerlaanbrug,2023-06-07,13:00:00,277,150,127,FMN 10 IJzerlaanbrug
657,Fietsbrug Ijzerlaanbrug,2023-06-07,14:00:00,287,128,159,FMN 10 IJzerlaanbrug
657,Fietsbrug Ijzerlaanbrug,2023-06-07,15:00:00,360,124,236,FMN 10 IJzerlaanbrug
657,Fietsbrug Ijzerlaanbrug,2023-06-07,16:00:00,488,171,317,FMN 10 IJzerlaanbrug
657,Fietsbrug Ijzerlaanbrug,2023-06-07,17:00:00,554,191,363,FMN 10 IJzerlaanbrug
657,Fietsbrug Ijzerlaanbrug,2023-06-07,18:00:00,387,136,251,FMN 10 IJzerlaanbrug
657,Fietsbrug Ijzerlaanbrug,2023-06-07,19:00:00,248,96,152,FMN 10 IJzerlaanbrug
657,Fietsbrug Ijzerlaanbrug,2023-06-07,20:00:00,189,92,97,FMN 10 IJzerlaanbrug
657,Fietsbrug Ijzerlaanbrug,2023-06-07,21:00:00,130,51,79,FMN 10 IJzerlaanbrug
657,Fietsbrug Ijzerlaanbrug,2023-06-07,22:00:00,128,45,83,FMN 10 IJzerlaanbrug
657,Fietsbrug Ijzerlaanbrug,2023-06-07,23:00:00,71,20,51,FMN 10 IJzerlaanbrug
657,Fietsbrug Ijzerlaanbrug,2023-06-08,00:00:00,37,9,28,FMN 10 IJzerlaanbrug
657,Fietsbrug Ijzerlaanbrug,2023-06-08,01:00:00,20,9,11,FMN 10 IJzerlaanbrug
657,Fietsbrug Ijzerlaanbrug,2023-06-08,02:00:00,6,4,2,FMN 10 IJzerlaanbrug
657,Fietsbrug Ijzerlaanbrug,2023-06-08,03:00:00,8,2,6,FMN 10 IJzerlaanbrug
657,Fietsbrug Ijzerlaanbrug,2023-06-08,04:00:00,14,11,3,FMN 10 IJzerlaanbrug
657,Fietsbrug Ijzerlaanbrug,2023-06-08,05:00:00,63,44,19,FMN 10 IJzerlaanbrug
657,Fietsbrug Ijzerlaanbrug,2023-06-08,06:00:00,192,129,63,FMN 10 IJzerlaanbrug
657,Fietsbrug Ijzerlaanbrug,2023-06-08,07:00:00,495,345,150,FMN 10 IJzerlaanbrug
657,Fietsbrug Ijzerlaanbrug,2023-06-08,08:00:00,759,571,188,FMN 10 IJzerlaanbrug
657,Fietsbrug Ijzerlaanbrug,2023-06-08,09:00:00,269,183,86,FMN 10 IJzerlaanbrug
657,Fietsbrug Ijzerlaanbrug,2023-06-08,10:00:00,198,124,74,FMN 10 IJzerlaanbrug
657,Fietsbrug Ijzerlaanbrug,2023-06-08,11:00:00,213,129,84,FMN 10 IJzerlaanbrug
657,Fietsbrug Ijzerlaanbrug,2023-06-08,12:00:00,292,133,159,FMN 10 IJzerlaanbrug
657,Fietsbrug Ijzerlaanbrug,2023-06-08,13:00:00,247,119,128,FMN 10 IJzerlaanbrug
657,Fietsbrug Ijzerlaanbrug,2023-06-08,14:00:00,281,121,160,FMN 10 IJzerlaanbrug
657,Fietsbrug Ijzerlaanbrug,2023-06-08,15:00:00,391,159,232,FMN 10 IJzerlaanbrug
657,Fietsbrug Ijzerlaanbrug,2023-06-08,16:00:00,594,226,368,FMN 10 IJzerlaanbrug
657,Fietsbrug Ijzerlaanbrug,2023-06-08,17:00:00,612,194,418,FMN 10 IJzerlaanbrug
657,Fietsbrug Ijzerlaanbrug,2023-06-08,18:00:00,420,175,245,FMN 10 IJzerlaanbrug
657,Fietsbrug Ijzerlaanbrug,2023-06-08,19:00:00,262,119,143,FMN 10 IJzerlaanbrug
657,Fietsbrug Ijzerlaanbrug,2023-06-08,20:00:00,205,92,113,FMN 10 IJzerlaanbrug
657,Fietsbrug Ijzerlaanbrug,2023-06-08,21:00:00,190,75,115,FMN 10 IJzerlaanbrug
657,Fietsbrug Ijzerlaanbrug,2023-06-08,22:00:00,185,57,128,FMN 10 IJzerlaanbrug
657,Fietsbrug Ijzerlaanbrug,2023-06-08,23:00:00,101,25,76,FMN 10 IJzerlaanbrug
657,Fietsbrug Ijzerlaanbrug,2023-06-09,00:00:00,53,10,43,FMN 10 IJzerlaanbrug
657,Fietsbrug Ijzerlaanbrug,2023-06-09,01:00:00,37,13,24,FMN 10 IJzerlaanbrug
657,Fietsbrug Ijzerlaanbrug,2023-06-09,02:00:00,10,4,6,FMN 10 IJzerlaanbrug
657,Fietsbrug Ijzerlaanbrug,2023-06-09,03:00:00,11,3,8,FMN 10 IJzerlaanbrug
657,Fietsbrug Ijzerlaanbrug,2023-06-09,04:00:00,23,16,7,FMN 10 IJzerlaanbrug
657,Fietsbrug Ijzerlaanbrug,2023-06-09,05:00:00,63,34,29,FMN 10 IJzerlaanbrug
657,Fietsbrug Ijzerlaanbrug,2023-06-09,06:00:00,165,105,60,FMN 10 IJzerlaanbrug
657,Fietsbrug Ijzerlaanbrug,2023-06-09,07:00:00,418,302,116,FMN 10 IJzerlaanbrug
657,Fietsbrug Ijzerlaanbrug,2023-06-09,08:00:00,620,438,182,FMN 10 IJzerlaanbrug
657,Fietsbrug Ijzerlaanbrug,2023-06-09,09:00:00,269,168,101,FMN 10 IJzerlaanbrug
657,Fietsbrug Ijzerlaanbrug,2023-06-09,10:00:00,204,129,75,FMN 10 IJzerlaanbrug
657,Fietsbrug Ijzerlaanbrug,2023-06-09,11:00:00,212,117,95,FMN 10 IJzerlaanbrug
657,Fietsbrug Ijzerlaanbrug,2023-06-09,12:00:00,304,180,124,FMN 10 IJzerlaanbrug
657,Fietsbrug Ijzerlaanbrug,2023-06-09,13:00:00,276,132,144,FMN 10 IJzerlaanbrug
657,Fietsbrug Ijzerlaanbrug,2023-06-09,14:00:00,346,131,215,FMN 10 IJzerlaanbrug
657,Fietsbrug Ijzerlaanbrug,2023-06-09,15:00:00,417,187,230,FMN 10 IJzerlaanbrug
657,Fietsbrug Ijzerlaanbrug,2023-06-09,16:00:00,575,210,365,FMN 10 IJzerlaanbrug
657,Fietsbrug Ijzerlaanbrug,2023-06-09,17:00:00,470,168,302,FMN 10 IJzerlaanbrug
657,Fietsbrug Ijzerlaanbrug,2023-06-09,18:00:00,410,186,224,FMN 10 IJzerlaanbrug
657,Fietsbrug Ijzerlaanbrug,2023-06-09,19:00:00,252,143,109,FMN 10 IJzerlaanbrug
657,Fietsbrug Ijzerlaanbrug,2023-06-09,20:00:00,228,125,103,FMN 10 IJzerlaanbrug
657,Fietsbrug Ijzerlaanbrug,2023-06-09,21:00:00,159,83,76,FMN 10 IJzerlaanbrug
657,Fietsbrug Ijzerlaanbrug,2023-06-09,22:00:00,176,58,118,FMN 10 IJzerlaanbrug
657,Fietsbrug Ijzerlaanbrug,2023-06-09,23:00:00,142,48,94,FMN 10 IJzerlaanbrug
657,Fietsbrug Ijzerlaanbrug,2023-06-10,00:00:00,96,26,70,FMN 10 IJzerlaanbrug
657,Fietsbrug Ijzerlaanbrug,2023-06-10,01:00:00,86,27,59,FMN 10 IJzerlaanbrug
657,Fietsbrug Ijzerlaanbrug,2023-06-10,02:00:00,48,10,38,FMN 10 IJzerlaanbrug
657,Fietsbrug Ijzerlaanbrug,2023-06-10,03:00:00,45,8,37,FMN 10 IJzerlaanbrug
657,Fietsbrug Ijzerlaanbrug,2023-06-10,04:00:00,35,10,25,FMN 10 IJzerlaanbrug
657,Fietsbrug Ijzerlaanbrug,2023-06-10,05:00:00,25,12,13,FMN 10 IJzerlaanbrug
657,Fietsbrug Ijzerlaanbrug,2023-06-10,06:00:00,34,22,12,FMN 10 IJzerlaanbrug
657,Fietsbrug Ijzerlaanbrug,2023-06-10,07:00:00,87,42,45,FMN 10 IJzerlaanbrug
657,Fietsbrug Ijzerlaanbrug,2023-06-10,08:00:00,154,104,50,FMN 10 IJzerlaanbrug
657,Fietsbrug Ijzerlaanbrug,2023-06-10,09:00:00,207,120,87,FMN 10 IJzerlaanbrug
657,Fietsbrug Ijzerlaanbrug,2023-06-10,10:00:00,234,144,90,FMN 10 IJzerlaanbrug
657,Fietsbrug Ijzerlaanbrug,2023-06-10,11:00:00,271,143,128,FMN 10 IJzerlaanbrug
657,Fietsbrug Ijzerlaanbrug,2023-06-10,12:00:00,230,125,105,FMN 10 IJzerlaanbrug
657,Fietsbrug Ijzerlaanbrug,2023-06-10,13:00:00,228,135,93,FMN 10 IJzerlaanbrug
657,Fietsbrug Ijzerlaanbrug,2023-06-10,14:00:00,266,134,132,FMN 10 IJzerlaanbrug
657,Fietsbrug Ijzerlaanbrug,2023-06-10,15:00:00,230,114,116,FMN 10 IJzerlaanbrug
657,Fietsbrug Ijzerlaanbrug,2023-06-10,16:00:00,222,103,119,FMN 10 IJzerlaanbrug
657,Fietsbrug Ijzerlaanbrug,2023-06-10,17:00:00,243,110,133,FMN 10 IJzerlaanbrug
657,Fietsbrug Ijzerlaanbrug,2023-06-10,18:00:00,230,105,125,FMN 10 IJzerlaanbrug
657,Fietsbrug Ijzerlaanbrug,2023-06-10,19:00:00,209,121,88,FMN 10 IJzerlaanbrug
657,Fietsbrug Ijzerlaanbrug,2023-06-10,20:00:00,181,86,95,FMN 10 IJzerlaanbrug
657,Fietsbrug Ijzerlaanbrug,2023-06-10,21:00:00,170,76,94,FMN 10 IJzerlaanbrug
657,Fietsbrug Ijzerlaanbrug,2023-06-10,22:00:00,122,60,62,FMN 10 IJzerlaanbrug
657,Fietsbrug Ijzerlaanbrug,2023-06-10,23:00:00,134,45,89,FMN 10 IJzerlaanbrug
657,Fietsbrug Ijzerlaanbrug,2023-06-11,00:00:00,68,26,42,FMN 10 IJzerlaanbrug
657,Fietsbrug Ijzerlaanbrug,2023-06-11,01:00:00,47,19,28,FMN 10 IJzerlaanbrug
657,Fietsbrug Ijzerlaanbrug,2023-06-11,02:00:00,57,11,46,FMN 10 IJzerlaanbrug
657,Fietsbrug Ijzerlaanbrug,2023-06-11,03:00:00,29,8,21,FMN 10 IJzerlaanbrug
657,Fietsbrug Ijzerlaanbrug,2023-06-11,04:00:00,21,4,17,FMN 10 IJzerlaanbrug
657,Fietsbrug Ijzerlaanbrug,2023-06-11,05:00:00,29,16,13,FMN 10 IJzerlaanbrug
657,Fietsbrug Ijzerlaanbrug,2023-06-11,06:00:00,42,20,22,FMN 10 IJzerlaanbrug
657,Fietsbrug Ijzerlaanbrug,2023-06-11,07:00:00,40,20,20,FMN 10 IJzerlaanbrug
657,Fietsbrug Ijzerlaanbrug,2023-06-11,08:00:00,105,72,33,FMN 10 IJzerlaanbrug
657,Fietsbrug Ijzerlaanbrug,2023-06-11,09:00:00,184,109,75,FMN 10 IJzerlaanbrug
657,Fietsbrug Ijzerlaanbrug,2023-06-11,10:00:00,229,135,94,FMN 10 IJzerlaanbrug
657,Fietsbrug Ijzerlaanbrug,2023-06-11,11:00:00,218,115,103,FMN 10 IJzerlaanbrug
657,Fietsbrug Ijzerlaanbrug,2023-06-11,12:00:00,228,118,110,FMN 10 IJzerlaanbrug
657,Fietsbrug Ijzerlaanbrug,2023-06-11,13:00:00,224,140,84,FMN 10 IJzerlaanbrug
657,Fietsbrug Ijzerlaanbrug,2023-06-11,14:00:00,234,126,108,FMN 10 IJzerlaanbrug
657,Fietsbrug Ijzerlaanbrug,2023-06-11,15:00:00,223,122,101,FMN 10 IJzerlaanbrug
657,Fietsbrug Ijzerlaanbrug,2023-06-11,16:00:00,186,106,80,FMN 10 IJzerlaanbrug
657,Fietsbrug Ijzerlaanbrug,2023-06-11,17:00:00,208,85,123,FMN 10 IJzerlaanbrug
657,Fietsbrug Ijzerlaanbrug,2023-06-11,18:00:00,194,76,118,FMN 10 IJzerlaanbrug
657,Fietsbrug Ijzerlaanbrug,2023-06-11,19:00:00,149,73,76,FMN 10 IJzerlaanbrug
657,Fietsbrug Ijzerlaanbrug,2023-06-11,20:00:00,159,68,91,FMN 10 IJzerlaanbrug
657,Fietsbrug Ijzerlaanbrug,2023-06-11,21:00:00,161,64,97,FMN 10 IJzerlaanbrug
657,Fietsbrug Ijzerlaanbrug,2023-06-11,22:00:00,115,41,74,FMN 10 IJzerlaanbrug
657,Fietsbrug Ijzerlaanbrug,2023-06-11,23:00:00,58,19,39,FMN 10 IJzerlaanbrug
657,Fietsbrug Ijzerlaanbrug,2023-06-12,00:00:00,26,7,19,FMN 10 IJzerlaanbrug
657,Fietsbrug Ijzerlaanbrug,2023-06-12,01:00:00,14,3,11,FMN 10 IJzerlaanbrug
657,Fietsbrug Ijzerlaanbrug,2023-06-12,02:00:00,17,5,12,FMN 10 IJzerlaanbrug
657,Fietsbrug Ijzerlaanbrug,2023-06-12,03:00:00,7,3,4,FMN 10 IJzerlaanbrug
657,Fietsbrug Ijzerlaanbrug,2023-06-12,04:00:00,23,17,6,FMN 10 IJzerlaanbrug
657,Fietsbrug Ijzerlaanbrug,2023-06-12,05:00:00,69,41,28,FMN 10 IJzerlaanbrug
657,Fietsbrug Ijzerlaanbrug,2023-06-12,06:00:00,176,123,53,FMN 10 IJzerlaanbrug
657,Fietsbrug Ijzerlaanbrug,2023-06-12,07:00:00,487,353,134,FMN 10 IJzerlaanbrug
657,Fietsbrug Ijzerlaanbrug,2023-06-12,08:00:00,730,543,187,FMN 10 IJzerlaanbrug
657,Fietsbrug Ijzerlaanbrug,2023-06-12,09:00:00,244,165,79,FMN 10 IJzerlaanbrug
657,Fietsbrug Ijzerlaanbrug,2023-06-12,10:00:00,205,130,75,FMN 10 IJzerlaanbrug
657,Fietsbrug Ijzerlaanbrug,2023-06-12,11:00:00,190,96,94,FMN 10 IJzerlaanbrug
657,Fietsbrug Ijzerlaanbrug,2023-06-12,12:00:00,256,120,136,FMN 10 IJzerlaanbrug
657,Fietsbrug Ijzerlaanbrug,2023-06-12,13:00:00,245,119,126,FMN 10 IJzerlaanbrug
657,Fietsbrug Ijzerlaanbrug,2023-06-12,14:00:00,250,108,142,FMN 10 IJzerlaanbrug
657,Fietsbrug Ijzerlaanbrug,2023-06-12,15:00:00,299,106,193,FMN 10 IJzerlaanbrug
657,Fietsbrug Ijzerlaanbrug,2023-06-12,16:00:00,524,162,362,FMN 10 IJzerlaanbrug
657,Fietsbrug Ijzerlaanbrug,2023-06-12,17:00:00,607,180,427,FMN 10 IJzerlaanbrug
657,Fietsbrug Ijzerlaanbrug,2023-06-12,18:00:00,348,140,208,FMN 10 IJzerlaanbrug
657,Fietsbrug Ijzerlaanbrug,2023-06-12,19:00:00,205,84,121,FMN 10 IJzerlaanbrug
657,Fietsbrug Ijzerlaanbrug,2023-06-12,20:00:00,150,69,81,FMN 10 IJzerlaanbrug
657,Fietsbrug Ijzerlaanbrug,2023-06-12,21:00:00,147,66,81,FMN 10 IJzerlaanbrug
657,Fietsbrug Ijzerlaanbrug,2023-06-12,22:00:00,137,45,92,FMN 10 IJzerlaanbrug
657,Fietsbrug Ijzerlaanbrug,2023-06-12,23:00:00,55,15,40,FMN 10 IJzerlaanbrug
657,Fietsbrug Ijzerlaanbrug,2023-06-13,00:00:00,37,6,31,FMN 10 IJzerlaanbrug
657,Fietsbrug Ijzerlaanbrug,2023-06-13,01:00:00,23,11,12,FMN 10 IJzerlaanbrug
657,Fietsbrug Ijzerlaanbrug,2023-06-13,02:00:00,14,4,10,FMN 10 IJzerlaanbrug
657,Fietsbrug Ijzerlaanbrug,2023-06-13,03:00:00,10,5,5,FMN 10 IJzerlaanbrug
657,Fietsbrug Ijzerlaanbrug,2023-06-13,04:00:00,22,15,7,FMN 10 IJzerlaanbrug
657,Fietsbrug Ijzerlaanbrug,2023-06-13,05:00:00,76,49,27,FMN 10 IJzerlaanbrug
657,Fietsbrug Ijzerlaanbrug,2023-06-13,06:00:00,192,129,63,FMN 10 IJzerlaanbrug
657,Fietsbrug Ijzerlaanbrug,2023-06-13,07:00:00,532,393,139,FMN 10 IJzerlaanbrug
657,Fietsbrug Ijzerlaanbrug,2023-06-13,08:00:00,735,530,205,FMN 10 IJzerlaanbrug
657,Fietsbrug Ijzerlaanbrug,2023-06-13,09:00:00,304,222,82,FMN 10 IJzerlaanbrug
657,Fietsbrug Ijzerlaanbrug,2023-06-13,10:00:00,196,113,83,FMN 10 IJzerlaanbrug
657,Fietsbrug Ijzerlaanbrug,2023-06-13,11:00:00,197,103,94,FMN 10 IJzerlaanbrug
657,Fietsbrug Ijzerlaanbrug,2023-06-13,12:00:00,267,134,133,FMN 10 IJzerlaanbrug
657,Fietsbrug Ijzerlaanbrug,2023-06-13,13:00:00,264,148,116,FMN 10 IJzerlaanbrug
657,Fietsbrug Ijzerlaanbrug,2023-06-13,14:00:00,265,100,165,FMN 10 IJzerlaanbrug
657,Fietsbrug Ijzerlaanbrug,2023-06-13,15:00:00,352,127,225,FMN 10 IJzerlaanbrug
657,Fietsbrug Ijzerlaanbrug,2023-06-13,16:00:00,568,186,382,FMN 10 IJzerlaanbrug
657,Fietsbrug Ijzerlaanbrug,2023-06-13,17:00:00,648,180,468,FMN 10 IJzerlaanbrug
657,Fietsbrug Ijzerlaanbrug,2023-06-13,18:00:00,399,144,255,FMN 10 IJzerlaanbrug
657,Fietsbrug Ijzerlaanbrug,2023-06-13,19:00:00,222,97,125,FMN 10 IJzerlaanbrug
657,Fietsbrug Ijzerlaanbrug,2023-06-13,20:00:00,179,99,80,FMN 10 IJzerlaanbrug
657,Fietsbrug Ijzerlaanbrug,2023-06-13,21:00:00,161,69,92,FMN 10 IJzerlaanbrug
657,Fietsbrug Ijzerlaanbrug,2023-06-13,22:00:00,140,51,89,FMN 10 IJzerlaanbrug
657,Fietsbrug Ijzerlaanbrug,2023-06-13,23:00:00,73,21,52,FMN 10 IJzerlaanbrug
657,Fietsbrug Ijzerlaanbrug,2023-06-14,00:00:00,28,7,21,FMN 10 IJzerlaanbrug
657,Fietsbrug Ijzerlaanbrug,2023-06-14,01:00:00,23,2,21,FMN 10 IJzerlaanbrug
657,Fietsbrug Ijzerlaanbrug,2023-06-14,02:00:00,9,4,5,FMN 10 IJzerlaanbrug
657,Fietsbrug Ijzerlaanbrug,2023-06-14,03:00:00,13,6,7,FMN 10 IJzerlaanbrug
657,Fietsbrug Ijzerlaanbrug,2023-06-14,04:00:00,21,13,8,FMN 10 IJzerlaanbrug
657,Fietsbrug Ijzerlaanbrug,2023-06-14,05:00:00,77,42,35,FMN 10 IJzerlaanbrug
657,Fietsbrug Ijzerlaanbrug,2023-06-14,06:00:00,191,121,70,FMN 10 IJzerlaanbrug
657,Fietsbrug Ijzerlaanbrug,2023-06-14,07:00:00,491,354,137,FMN 10 IJzerlaanbrug
657,Fietsbrug Ijzerlaanbrug,2023-06-14,08:00:00,619,441,178,FMN 10 IJzerlaanbrug
657,Fietsbrug Ijzerlaanbrug,2023-06-14,09:00:00,281,209,72,FMN 10 IJzerlaanbrug
657,Fietsbrug Ijzerlaanbrug,2023-06-14,10:00:00,241,144,97,FMN 10 IJzerlaanbrug
657,Fietsbrug Ijzerlaanbrug,2023-06-14,11:00:00,237,120,117,FMN 10 IJzerlaanbrug
657,Fietsbrug Ijzerlaanbrug,2023-06-14,12:00:00,351,172,179,FMN 10 IJzerlaanbrug
657,Fietsbrug Ijzerlaanbrug,2023-06-14,13:00:00,275,129,146,FMN 10 IJzerlaanbrug
657,Fietsbrug Ijzerlaanbrug,2023-06-14,14:00:00,260,118,142,FMN 10 IJzerlaanbrug
657,Fietsbrug Ijzerlaanbrug,2023-06-14,15:00:00,277,101,176,FMN 10 IJzerlaanbrug
657,Fietsbrug Ijzerlaanbrug,2023-06-14,16:00:00,457,158,299,FMN 10 IJzerlaanbrug
657,Fietsbrug Ijzerlaanbrug,2023-06-14,17:00:00,522,147,375,FMN 10 IJzerlaanbrug
657,Fietsbrug Ijzerlaanbrug,2023-06-14,18:00:00,373,142,231,FMN 10 IJzerlaanbrug
657,Fietsbrug Ijzerlaanbrug,2023-06-14,19:00:00,281,111,170,FMN 10 IJzerlaanbrug
657,Fietsbrug Ijzerlaanbrug,2023-06-14,20:00:00,200,95,105,FMN 10 IJzerlaanbrug
657,Fietsbrug Ijzerlaanbrug,2023-06-14,21:00:00,151,62,89,FMN 10 IJzerlaanbrug
657,Fietsbrug Ijzerlaanbrug,2023-06-14,22:00:00,145,41,104,FMN 10 IJzerlaanbrug
657,Fietsbrug Ijzerlaanbrug,2023-06-14,23:00:00,69,17,52,FMN 10 IJzerlaanbrug
657,Fietsbrug Ijzerlaanbrug,2023-06-15,00:00:00,42,10,32,FMN 10 IJzerlaanbrug
657,Fietsbrug Ijzerlaanbrug,2023-06-15,01:00:00,23,10,13,FMN 10 IJzerlaanbrug
657,Fietsbrug Ijzerlaanbrug,2023-06-15,02:00:00,13,4,9,FMN 10 IJzerlaanbrug
657,Fietsbrug Ijzerlaanbrug,2023-06-15,03:00:00,10,4,6,FMN 10 IJzerlaanbrug
657,Fietsbrug Ijzerlaanbrug,2023-06-15,04:00:00,17,13,4,FMN 10 IJzerlaanbrug
657,Fietsbrug Ijzerlaanbrug,2023-06-15,05:00:00,68,41,27,FMN 10 IJzerlaanbrug
657,Fietsbrug Ijzerlaanbrug,2023-06-15,06:00:00,172,112,60,FMN 10 IJzerlaanbrug
657,Fietsbrug Ijzerlaanbrug,2023-06-15,07:00:00,493,361,132,FMN 10 IJzerlaanbrug
657,Fietsbrug Ijzerlaanbrug,2023-06-15,08:00:00,720,516,204,FMN 10 IJzerlaanbrug
657,Fietsbrug Ijzerlaanbrug,2023-06-15,09:00:00,293,204,89,FMN 10 IJzerlaanbrug
657,Fietsbrug Ijzerlaanbrug,2023-06-15,10:00:00,229,138,91,FMN 10 IJzerlaanbrug
657,Fietsbrug Ijzerlaanbrug,2023-06-15,11:00:00,236,117,119,FMN 10 IJzerlaanbrug
657,Fietsbrug Ijzerlaanbrug,2023-06-15,12:00:00,278,160,118,FMN 10 IJzerlaanbrug
657,Fietsbrug Ijzerlaanbrug,2023-06-15,13:00:00,288,129,159,FMN 10 IJzerlaanbrug
657,Fietsbrug Ijzerlaanbrug,2023-06-15,14:00:00,265,115,150,FMN 10 IJzerlaanbrug
657,Fietsbrug Ijzerlaanbrug,2023-06-15,15:00:00,331,119,212,FMN 10 IJzerlaanbrug
657,Fietsbrug Ijzerlaanbrug,2023-06-15,16:00:00,562,186,376,FMN 10 IJzerlaanbrug
657,Fietsbrug Ijzerlaanbrug,2023-06-15,17:00:00,583,189,394,FMN 10 IJzerlaanbrug
657,Fietsbrug Ijzerlaanbrug,2023-06-15,18:00:00,405,146,259,FMN 10 IJzerlaanbrug
657,Fietsbrug Ijzerlaanbrug,2023-06-15,19:00:00,245,111,134,FMN 10 IJzerlaanbrug
657,Fietsbrug Ijzerlaanbrug,2023-06-15,20:00:00,171,79,92,FMN 10 IJzerlaanbrug
657,Fietsbrug Ijzerlaanbrug,2023-06-15,21:00:00,171,75,96,FMN 10 IJzerlaanbrug
657,Fietsbrug Ijzerlaanbrug,2023-06-15,22:00:00,194,62,132,FMN 10 IJzerlaanbrug
657,Fietsbrug Ijzerlaanbrug,2023-06-15,23:00:00,78,20,58,FMN 10 IJzerlaanbrug
657,Fietsbrug Ijzerlaanbrug,2023-06-16,00:00:00,45,18,27,FMN 10 IJzerlaanbrug
657,Fietsbrug Ijzerlaanbrug,2023-06-16,01:00:00,25,5,20,FMN 10 IJzerlaanbrug
657,Fietsbrug Ijzerlaanbrug,2023-06-16,02:00:00,11,2,9,FMN 10 IJzerlaanbrug
657,Fietsbrug Ijzerlaanbrug,2023-06-16,03:00:00,15,10,5,FMN 10 IJzerlaanbrug
657,Fietsbrug Ijzerlaanbrug,2023-06-16,04:00:00,24,13,11,FMN 10 IJzerlaanbrug
657,Fietsbrug Ijzerlaanbrug,2023-06-16,05:00:00,53,27,26,FMN 10 IJzerlaanbrug
657,Fietsbrug Ijzerlaanbrug,2023-06-16,06:00:00,151,93,58,FMN 10 IJzerlaanbrug
657,Fietsbrug Ijzerlaanbrug,2023-06-16,07:00:00,425,295,130,FMN 10 IJzerlaanbrug
657,Fietsbrug Ijzerlaanbrug,2023-06-16,08:00:00,627,459,168,FMN 10 IJzerlaanbrug
657,Fietsbrug Ijzerlaanbrug,2023-06-16,09:00:00,273,175,98,FMN 10 IJzerlaanbrug
657,Fietsbrug Ijzerlaanbrug,2023-06-16,10:00:00,229,146,83,FMN 10 IJzerlaanbrug
657,Fietsbrug Ijzerlaanbrug,2023-06-16,11:00:00,281,169,112,FMN 10 IJzerlaanbrug
657,Fietsbrug Ijzerlaanbrug,2023-06-16,12:00:00,304,173,131,FMN 10 IJzerlaanbrug
657,Fietsbrug Ijzerlaanbrug,2023-06-16,13:00:00,309,156,153,FMN 10 IJzerlaanbrug
657,Fietsbrug Ijzerlaanbrug,2023-06-16,14:00:00,294,107,187,FMN 10 IJzerlaanbrug
657,Fietsbrug Ijzerlaanbrug,2023-06-16,15:00:00,412,175,237,FMN 10 IJzerlaanbrug
657,Fietsbrug Ijzerlaanbrug,2023-06-16,16:00:00,483,153,330,FMN 10 IJzerlaanbrug
657,Fietsbrug Ijzerlaanbrug,2023-06-16,17:00:00,477,171,306,FMN 10 IJzerlaanbrug
657,Fietsbrug Ijzerlaanbrug,2023-06-16,18:00:00,380,153,227,FMN 10 IJzerlaanbrug
657,Fietsbrug Ijzerlaanbrug,2023-06-16,19:00:00,239,134,105,FMN 10 IJzerlaanbrug
657,Fietsbrug Ijzerlaanbrug,2023-06-16,20:00:00,218,113,105,FMN 10 IJzerlaanbrug
657,Fietsbrug Ijzerlaanbrug,2023-06-16,21:00:00,187,86,101,FMN 10 IJzerlaanbrug
657,Fietsbrug Ijzerlaanbrug,2023-06-16,22:00:00,213,77,136,FMN 10 IJzerlaanbrug
657,Fietsbrug Ijzerlaanbrug,2023-06-16,23:00:00,138,20,118,FMN 10 IJzerlaanbrug
657,Fietsbrug Ijzerlaanbrug,2023-06-17,00:00:00,118,32,86,FMN 10 IJzerlaanbrug
657,Fietsbrug Ijzerlaanbrug,2023-06-17,01:00:00,60,8,52,FMN 10 IJzerlaanbrug
657,Fietsbrug Ijzerlaanbrug,2023-06-17,02:00:00,57,16,41,FMN 10 IJzerlaanbrug
657,Fietsbrug Ijzerlaanbrug,2023-06-17,03:00:00,34,11,23,FMN 10 IJzerlaanbrug
657,Fietsbrug Ijzerlaanbrug,2023-06-17,04:00:00,16,8,8,FMN 10 IJzerlaanbrug
657,Fietsbrug Ijzerlaanbrug,2023-06-17,05:00:00,28,10,18,FMN 10 IJzerlaanbrug
657,Fietsbrug Ijzerlaanbrug,2023-06-17,06:00:00,37,16,21,FMN 10 IJzerlaanbrug
657,Fietsbrug Ijzerlaanbrug,2023-06-17,07:00:00,51,25,26,FMN 10 IJzerlaanbrug
657,Fietsbrug Ijzerlaanbrug,2023-06-17,08:00:00,95,53,42,FMN 10 IJzerlaanbrug
657,Fietsbrug Ijzerlaanbrug,2023-06-17,09:00:00,185,108,77,FMN 10 IJzerlaanbrug
657,Fietsbrug Ijzerlaanbrug,2023-06-17,10:00:00,216,143,73,FMN 10 IJzerlaanbrug
657,Fietsbrug Ijzerlaanbrug,2023-06-17,11:00:00,239,132,107,FMN 10 IJzerlaanbrug
657,Fietsbrug Ijzerlaanbrug,2023-06-17,12:00:00,288,174,114,FMN 10 IJzerlaanbrug
657,Fietsbrug Ijzerlaanbrug,2023-06-17,13:00:00,268,142,126,FMN 10 IJzerlaanbrug
657,Fietsbrug Ijzerlaanbrug,2023-06-17,14:00:00,333,188,145,FMN 10 IJzerlaanbrug
657,Fietsbrug Ijzerlaanbrug,2023-06-17,15:00:00,263,131,132,FMN 10 IJzerlaanbrug
657,Fietsbrug Ijzerlaanbrug,2023-06-17,16:00:00,260,114,146,FMN 10 IJzerlaanbrug
657,Fietsbrug Ijzerlaanbrug,2023-06-17,17:00:00,242,102,140,FMN 10 IJzerlaanbrug
657,Fietsbrug Ijzerlaanbrug,2023-06-17,18:00:00,269,118,151,FMN 10 IJzerlaanbrug
657,Fietsbrug Ijzerlaanbrug,2023-06-17,19:00:00,206,103,103,FMN 10 IJzerlaanbrug
657,Fietsbrug Ijzerlaanbrug,2023-06-17,20:00:00,153,82,71,FMN 10 IJzerlaanbrug
657,Fietsbrug Ijzerlaanbrug,2023-06-17,21:00:00,145,68,77,FMN 10 IJzerlaanbrug
657,Fietsbrug Ijzerlaanbrug,2023-06-17,22:00:00,130,33,97,FMN 10 IJzerlaanbrug
657,Fietsbrug Ijzerlaanbrug,2023-06-17,23:00:00,100,31,69,FMN 10 IJzerlaanbrug
657,Fietsbrug Ijzerlaanbrug,2023-06-18,00:00:00,84,23,61,FMN 10 IJzerlaanbrug
657,Fietsbrug Ijzerlaanbrug,2023-06-18,01:00:00,71,10,61,FMN 10 IJzerlaanbrug
657,Fietsbrug Ijzerlaanbrug,2023-06-18,02:00:00,45,11,34,FMN 10 IJzerlaanbrug
657,Fietsbrug Ijzerlaanbrug,2023-06-18,03:00:00,39,12,27,FMN 10 IJzerlaanbrug
657,Fietsbrug Ijzerlaanbrug,2023-06-18,04:00:00,24,6,18,FMN 10 IJzerlaanbrug
657,Fietsbrug Ijzerlaanbrug,2023-06-18,05:00:00,30,8,22,FMN 10 IJzerlaanbrug
657,Fietsbrug Ijzerlaanbrug,2023-06-18,06:00:00,40,19,21,FMN 10 IJzerlaanbrug
657,Fietsbrug Ijzerlaanbrug,2023-06-18,07:00:00,39,17,22,FMN 10 IJzerlaanbrug
657,Fietsbrug Ijzerlaanbrug,2023-06-18,08:00:00,68,52,16,FMN 10 IJzerlaanbrug
657,Fietsbrug Ijzerlaanbrug,2023-06-18,09:00:00,140,81,59,FMN 10 IJzerlaanbrug
657,Fietsbrug Ijzerlaanbrug,2023-06-18,10:00:00,132,75,57,FMN 10 IJzerlaanbrug
657,Fietsbrug Ijzerlaanbrug,2023-06-18,11:00:00,101,52,49,FMN 10 IJzerlaanbrug
657,Fietsbrug Ijzerlaanbrug,2023-06-18,12:00:00,142,73,69,FMN 10 IJzerlaanbrug
657,Fietsbrug Ijzerlaanbrug,2023-06-18,13:00:00,194,105,89,FMN 10 IJzerlaanbrug
657,Fietsbrug Ijzerlaanbrug,2023-06-18,14:00:00,222,141,81,FMN 10 IJzerlaanbrug
657,Fietsbrug Ijzerlaanbrug,2023-06-18,15:00:00,216,122,94,FMN 10 IJzerlaanbrug
657,Fietsbrug Ijzerlaanbrug,2023-06-18,16:00:00,183,77,106,FMN 10 IJzerlaanbrug
657,Fietsbrug Ijzerlaanbrug,2023-06-18,17:00:00,224,88,136,FMN 10 IJzerlaanbrug
657,Fietsbrug Ijzerlaanbrug,2023-06-18,18:00:00,157,62,95,FMN 10 IJzerlaanbrug
657,Fietsbrug Ijzerlaanbrug,2023-06-18,19:00:00,137,52,85,FMN 10 IJzerlaanbrug
657,Fietsbrug Ijzerlaanbrug,2023-06-18,20:00:00,133,62,71,FMN 10 IJzerlaanbrug
657,Fietsbrug Ijzerlaanbrug,2023-06-18,21:00:00,105,39,66,FMN 10 IJzerlaanbrug
657,Fietsbrug Ijzerlaanbrug,2023-06-18,22:00:00,94,38,56,FMN 10 IJzerlaanbrug
657,Fietsbrug Ijzerlaanbrug,2023-06-18,23:00:00,50,16,34,FMN 10 IJzerlaanbrug
657,Fietsbrug Ijzerlaanbrug,2023-06-19,00:00:00,16,4,12,FMN 10 IJzerlaanbrug
657,Fietsbrug Ijzerlaanbrug,2023-06-19,01:00:00,15,7,8,FMN 10 IJzerlaanbrug
657,Fietsbrug Ijzerlaanbrug,2023-06-19,02:00:00,25,8,17,FMN 10 IJzerlaanbrug
657,Fietsbrug Ijzerlaanbrug,2023-06-19,03:00:00,12,6,6,FMN 10 IJzerlaanbrug
657,Fietsbrug Ijzerlaanbrug,2023-06-19,04:00:00,26,17,9,FMN 10 IJzerlaanbrug
657,Fietsbrug Ijzerlaanbrug,2023-06-19,05:00:00,55,31,24,FMN 10 IJzerlaanbrug
657,Fietsbrug Ijzerlaanbrug,2023-06-19,06:00:00,166,116,50,FMN 10 IJzerlaanbrug
657,Fietsbrug Ijzerlaanbrug,2023-06-19,07:00:00,495,352,143,FMN 10 IJzerlaanbrug
657,Fietsbrug Ijzerlaanbrug,2023-06-19,08:00:00,629,481,148,FMN 10 IJzerlaanbrug
657,Fietsbrug Ijzerlaanbrug,2023-06-19,09:00:00,266,191,75,FMN 10 IJzerlaanbrug
657,Fietsbrug Ijzerlaanbrug,2023-06-19,10:00:00,213,126,87,FMN 10 IJzerlaanbrug
657,Fietsbrug Ijzerlaanbrug,2023-06-19,11:00:00,209,113,96,FMN 10 IJzerlaanbrug
657,Fietsbrug Ijzerlaanbrug,2023-06-19,12:00:00,218,117,101,FMN 10 IJzerlaanbrug
657,Fietsbrug Ijzerlaanbrug,2023-06-19,13:00:00,230,125,105,FMN 10 IJzerlaanbrug
657,Fietsbrug Ijzerlaanbrug,2023-06-19,14:00:00,248,111,137,FMN 10 IJzerlaanbrug
657,Fietsbrug Ijzerlaanbrug,2023-06-19,15:00:00,339,122,217,FMN 10 IJzerlaanbrug
657,Fietsbrug Ijzerlaanbrug,2023-06-19,16:00:00,525,163,362,FMN 10 IJzerlaanbrug
657,Fietsbrug Ijzerlaanbrug,2023-06-19,17:00:00,564,154,410,FMN 10 IJzerlaanbrug
657,Fietsbrug Ijzerlaanbrug,2023-06-19,18:00:00,336,126,210,FMN 10 IJzerlaanbrug
657,Fietsbrug Ijzerlaanbrug,2023-06-19,19:00:00,247,118,129,FMN 10 IJzerlaanbrug
657,Fietsbrug Ijzerlaanbrug,2023-06-19,20:00:00,176,87,89,FMN 10 IJzerlaanbrug
657,Fietsbrug Ijzerlaanbrug,2023-06-19,21:00:00,137,51,86,FMN 10 IJzerlaanbrug
657,Fietsbrug Ijzerlaanbrug,2023-06-19,22:00:00,124,45,79,FMN 10 IJzerlaanbrug
657,Fietsbrug Ijzerlaanbrug,2023-06-19,23:00:00,66,11,55,FMN 10 IJzerlaanbrug
657,Fietsbrug Ijzerlaanbrug,2023-06-20,00:00:00,40,11,29,FMN 10 IJzerlaanbrug
657,Fietsbrug Ijzerlaanbrug,2023-06-20,01:00:00,13,3,10,FMN 10 IJzerlaanbrug
657,Fietsbrug Ijzerlaanbrug,2023-06-20,02:00:00,15,7,8,FMN 10 IJzerlaanbrug
657,Fietsbrug Ijzerlaanbrug,2023-06-20,03:00:00,4,2,2,FMN 10 IJzerlaanbrug
657,Fietsbrug Ijzerlaanbrug,2023-06-20,04:00:00,29,18,11,FMN 10 IJzerlaanbrug
657,Fietsbrug Ijzerlaanbrug,2023-06-20,05:00:00,61,35,26,FMN 10 IJzerlaanbrug
657,Fietsbrug Ijzerlaanbrug,2023-06-20,06:00:00,157,103,54,FMN 10 IJzerlaanbrug
657,Fietsbrug Ijzerlaanbrug,2023-06-20,07:00:00,511,382,129,FMN 10 IJzerlaanbrug
657,Fietsbrug Ijzerlaanbrug,2023-06-20,08:00:00,625,455,170,FMN 10 IJzerlaanbrug
657,Fietsbrug Ijzerlaanbrug,2023-06-20,09:00:00,289,204,85,FMN 10 IJzerlaanbrug
657,Fietsbrug Ijzerlaanbrug,2023-06-20,10:00:00,240,137,103,FMN 10 IJzerlaanbrug
657,Fietsbrug Ijzerlaanbrug,2023-06-20,11:00:00,225,121,104,FMN 10 IJzerlaanbrug
657,Fietsbrug Ijzerlaanbrug,2023-06-20,12:00:00,267,139,128,FMN 10 IJzerlaanbrug
657,Fietsbrug Ijzerlaanbrug,2023-06-20,13:00:00,200,91,109,FMN 10 IJzerlaanbrug
657,Fietsbrug Ijzerlaanbrug,2023-06-20,14:00:00,302,106,196,FMN 10 IJzerlaanbrug
657,Fietsbrug Ijzerlaanbrug,2023-06-20,15:00:00,362,123,239,FMN 10 IJzerlaanbrug
657,Fietsbrug Ijzerlaanbrug,2023-06-20,16:00:00,525,141,384,FMN 10 IJzerlaanbrug
657,Fietsbrug Ijzerlaanbrug,2023-06-20,17:00:00,452,117,335,FMN 10 IJzerlaanbrug
657,Fietsbrug Ijzerlaanbrug,2023-06-20,18:00:00,235,82,153,FMN 10 IJzerlaanbrug
657,Fietsbrug Ijzerlaanbrug,2023-06-20,19:00:00,93,33,60,FMN 10 IJzerlaanbrug
657,Fietsbrug Ijzerlaanbrug,2023-06-20,20:00:00,100,36,64,FMN 10 IJzerlaanbrug
657,Fietsbrug Ijzerlaanbrug,2023-06-20,21:00:00,45,23,22,FMN 10 IJzerlaanbrug
657,Fietsbrug Ijzerlaanbrug,2023-06-20,22:00:00,80,31,49,FMN 10 IJzerlaanbrug
657,Fietsbrug Ijzerlaanbrug,2023-06-20,23:00:00,34,8,26,FMN 10 IJzerlaanbrug
657,Fietsbrug Ijzerlaanbrug,2023-06-21,00:00:00,35,10,25,FMN 10 IJzerlaanbrug
657,Fietsbrug Ijzerlaanbrug,2023-06-21,01:00:00,11,3,8,FMN 10 IJzerlaanbrug
657,Fietsbrug Ijzerlaanbrug,2023-06-21,02:00:00,10,6,4,FMN 10 IJzerlaanbrug
657,Fietsbrug Ijzerlaanbrug,2023-06-21,03:00:00,7,2,5,FMN 10 IJzerlaanbrug
657,Fietsbrug Ijzerlaanbrug,2023-06-21,04:00:00,23,15,8,FMN 10 IJzerlaanbrug
657,Fietsbrug Ijzerlaanbrug,2023-06-21,05:00:00,63,37,26,FMN 10 IJzerlaanbrug
657,Fietsbrug Ijzerlaanbrug,2023-06-21,06:00:00,156,111,45,FMN 10 IJzerlaanbrug
657,Fietsbrug Ijzerlaanbrug,2023-06-21,07:00:00,467,326,141,FMN 10 IJzerlaanbrug
657,Fietsbrug Ijzerlaanbrug,2023-06-21,08:00:00,614,446,168,FMN 10 IJzerlaanbrug
657,Fietsbrug Ijzerlaanbrug,2023-06-21,09:00:00,252,175,77,FMN 10 IJzerlaanbrug
657,Fietsbrug Ijzerlaanbrug,2023-06-21,10:00:00,257,155,102,FMN 10 IJzerlaanbrug
657,Fietsbrug Ijzerlaanbrug,2023-06-21,11:00:00,279,134,145,FMN 10 IJzerlaanbrug
657,Fietsbrug Ijzerlaanbrug,2023-06-21,12:00:00,340,162,178,FMN 10 IJzerlaanbrug
657,Fietsbrug Ijzerlaanbrug,2023-06-21,13:00:00,282,147,135,FMN 10 IJzerlaanbrug
657,Fietsbrug Ijzerlaanbrug,2023-06-21,14:00:00,265,127,138,FMN 10 IJzerlaanbrug
657,Fietsbrug Ijzerlaanbrug,2023-06-21,15:00:00,299,122,177,FMN 10 IJzerlaanbrug
657,Fietsbrug Ijzerlaanbrug,2023-06-21,16:00:00,492,167,325,FMN 10 IJzerlaanbrug
657,Fietsbrug Ijzerlaanbrug,2023-06-21,17:00:00,560,176,384,FMN 10 IJzerlaanbrug
657,Fietsbrug Ijzerlaanbrug,2023-06-21,18:00:00,430,170,260,FMN 10 IJzerlaanbrug
657,Fietsbrug Ijzerlaanbrug,2023-06-21,19:00:00,277,104,173,FMN 10 IJzerlaanbrug
657,Fietsbrug Ijzerlaanbrug,2023-06-21,20:00:00,203,95,108,FMN 10 IJzerlaanbrug
657,Fietsbrug Ijzerlaanbrug,2023-06-21,21:00:00,177,78,99,FMN 10 IJzerlaanbrug
657,Fietsbrug Ijzerlaanbrug,2023-06-21,22:00:00,166,57,109,FMN 10 IJzerlaanbrug
657,Fietsbrug Ijzerlaanbrug,2023-06-21,23:00:00,85,28,57,FMN 10 IJzerlaanbrug
657,Fietsbrug Ijzerlaanbrug,2023-06-22,00:00:00,35,4,31,FMN 10 IJzerlaanbrug
657,Fietsbrug Ijzerlaanbrug,2023-06-22,01:00:00,18,4,14,FMN 10 IJzerlaanbrug
657,Fietsbrug Ijzerlaanbrug,2023-06-22,02:00:00,20,2,18,FMN 10 IJzerlaanbrug
657,Fietsbrug Ijzerlaanbrug,2023-06-22,03:00:00,7,2,5,FMN 10 IJzerlaanbrug
657,Fietsbrug Ijzerlaanbrug,2023-06-22,04:00:00,20,14,6,FMN 10 IJzerlaanbrug
657,Fietsbrug Ijzerlaanbrug,2023-06-22,05:00:00,59,38,21,FMN 10 IJzerlaanbrug
657,Fietsbrug Ijzerlaanbrug,2023-06-22,06:00:00,131,87,44,FMN 10 IJzerlaanbrug
657,Fietsbrug Ijzerlaanbrug,2023-06-22,07:00:00,449,321,128,FMN 10 IJzerlaanbrug
657,Fietsbrug Ijzerlaanbrug,2023-06-22,08:00:00,568,418,150,FMN 10 IJzerlaanbrug
657,Fietsbrug Ijzerlaanbrug,2023-06-22,09:00:00,260,180,80,FMN 10 IJzerlaanbrug
657,Fietsbrug Ijzerlaanbrug,2023-06-22,10:00:00,166,103,63,FMN 10 IJzerlaanbrug
657,Fietsbrug Ijzerlaanbrug,2023-06-22,11:00:00,188,94,94,FMN 10 IJzerlaanbrug
657,Fietsbrug Ijzerlaanbrug,2023-06-22,12:00:00,188,85,103,FMN 10 IJzerlaanbrug
657,Fietsbrug Ijzerlaanbrug,2023-06-22,13:00:00,100,34,66,FMN 10 IJzerlaanbrug
657,Fietsbrug Ijzerlaanbrug,2023-06-22,14:00:00,158,46,112,FMN 10 IJzerlaanbrug
657,Fietsbrug Ijzerlaanbrug,2023-06-22,15:00:00,186,64,122,FMN 10 IJzerlaanbrug
657,Fietsbrug Ijzerlaanbrug,2023-06-22,16:00:00,308,99,209,FMN 10 IJzerlaanbrug
657,Fietsbrug Ijzerlaanbrug,2023-06-22,17:00:00,300,79,221,FMN 10 IJzerlaanbrug
657,Fietsbrug Ijzerlaanbrug,2023-06-22,18:00:00,180,49,131,FMN 10 IJzerlaanbrug
657,Fietsbrug Ijzerlaanbrug,2023-06-22,19:00:00,129,48,81,FMN 10 IJzerlaanbrug
657,Fietsbrug Ijzerlaanbrug,2023-06-22,20:00:00,87,48,39,FMN 10 IJzerlaanbrug
657,Fietsbrug Ijzerlaanbrug,2023-06-22,21:00:00,99,36,63,FMN 10 IJzerlaanbrug
657,Fietsbrug Ijzerlaanbrug,2023-06-22,22:00:00,83,27,56,FMN 10 IJzerlaanbrug
657,Fietsbrug Ijzerlaanbrug,2023-06-22,23:00:00,49,19,30,FMN 10 IJzerlaanbrug
657,Fietsbrug Ijzerlaanbrug,2023-06-23,00:00:00,36,9,27,FMN 10 IJzerlaanbrug
657,Fietsbrug Ijzerlaanbrug,2023-06-23,01:00:00,19,6,13,FMN 10 IJzerlaanbrug
657,Fietsbrug Ijzerlaanbrug,2023-06-23,02:00:00,17,3,14,FMN 10 IJzerlaanbrug
657,Fietsbrug Ijzerlaanbrug,2023-06-23,03:00:00,9,3,6,FMN 10 IJzerlaanbrug
657,Fietsbrug Ijzerlaanbrug,2023-06-23,04:00:00,22,11,11,FMN 10 IJzerlaanbrug
657,Fietsbrug Ijzerlaanbrug,2023-06-23,05:00:00,51,31,20,FMN 10 IJzerlaanbrug
657,Fietsbrug Ijzerlaanbrug,2023-06-23,06:00:00,134,93,41,FMN 10 IJzerlaanbrug
657,Fietsbrug Ijzerlaanbrug,2023-06-23,07:00:00,363,247,116,FMN 10 IJzerlaanbrug
657,Fietsbrug Ijzerlaanbrug,2023-06-23,08:00:00,525,390,135,FMN 10 IJzerlaanbrug
657,Fietsbrug Ijzerlaanbrug,2023-06-23,09:00:00,289,229,60,FMN 10 IJzerlaanbrug
657,Fietsbrug Ijzerlaanbrug,2023-06-23,10:00:00,223,139,84,FMN 10 IJzerlaanbrug
657,Fietsbrug Ijzerlaanbrug,2023-06-23,11:00:00,249,144,105,FMN 10 IJzerlaanbrug
657,Fietsbrug Ijzerlaanbrug,2023-06-23,12:00:00,274,144,130,FMN 10 IJzerlaanbrug
657,Fietsbrug Ijzerlaanbrug,2023-06-23,13:00:00,312,171,141,FMN 10 IJzerlaanbrug
657,Fietsbrug Ijzerlaanbrug,2023-06-23,14:00:00,361,151,210,FMN 10 IJzerlaanbrug
657,Fietsbrug Ijzerlaanbrug,2023-06-23,15:00:00,398,176,222,FMN 10 IJzerlaanbrug
657,Fietsbrug Ijzerlaanbrug,2023-06-23,16:00:00,491,177,314,FMN 10 IJzerlaanbrug
657,Fietsbrug Ijzerlaanbrug,2023-06-23,17:00:00,482,175,307,FMN 10 IJzerlaanbrug
657,Fietsbrug Ijzerlaanbrug,2023-06-23,18:00:00,368,142,226,FMN 10 IJzerlaanbrug
657,Fietsbrug Ijzerlaanbrug,2023-06-23,19:00:00,271,141,130,FMN 10 IJzerlaanbrug
657,Fietsbrug Ijzerlaanbrug,2023-06-23,20:00:00,210,104,106,FMN 10 IJzerlaanbrug
657,Fietsbrug Ijzerlaanbrug,2023-06-23,21:00:00,178,72,106,FMN 10 IJzerlaanbrug
657,Fietsbrug Ijzerlaanbrug,2023-06-23,22:00:00,172,64,108,FMN 10 IJzerlaanbrug
657,Fietsbrug Ijzerlaanbrug,2023-06-23,23:00:00,169,33,136,FMN 10 IJzerlaanbrug
657,Fietsbrug Ijzerlaanbrug,2023-06-24,00:00:00,100,25,75,FMN 10 IJzerlaanbrug
657,Fietsbrug Ijzerlaanbrug,2023-06-24,01:00:00,77,9,68,FMN 10 IJzerlaanbrug
657,Fietsbrug Ijzerlaanbrug,2023-06-24,02:00:00,64,14,50,FMN 10 IJzerlaanbrug
657,Fietsbrug Ijzerlaanbrug,2023-06-24,03:00:00,55,22,33,FMN 10 IJzerlaanbrug
657,Fietsbrug Ijzerlaanbrug,2023-06-24,04:00:00,36,14,22,FMN 10 IJzerlaanbrug
657,Fietsbrug Ijzerlaanbrug,2023-06-24,05:00:00,42,20,22,FMN 10 IJzerlaanbrug
657,Fietsbrug Ijzerlaanbrug,2023-06-24,06:00:00,38,25,13,FMN 10 IJzerlaanbrug
657,Fietsbrug Ijzerlaanbrug,2023-06-24,07:00:00,54,27,27,FMN 10 IJzerlaanbrug
657,Fietsbrug Ijzerlaanbrug,2023-06-24,08:00:00,108,78,30,FMN 10 IJzerlaanbrug
657,Fietsbrug Ijzerlaanbrug,2023-06-24,09:00:00,206,128,78,FMN 10 IJzerlaanbrug
657,Fietsbrug Ijzerlaanbrug,2023-06-24,10:00:00,239,149,90,FMN 10 IJzerlaanbrug
657,Fietsbrug Ijzerlaanbrug,2023-06-24,11:00:00,260,153,107,FMN 10 IJzerlaanbrug
657,Fietsbrug Ijzerlaanbrug,2023-06-24,12:00:00,318,191,127,FMN 10 IJzerlaanbrug
657,Fietsbrug Ijzerlaanbrug,2023-06-24,13:00:00,345,218,127,FMN 10 IJzerlaanbrug
657,Fietsbrug Ijzerlaanbrug,2023-06-24,14:00:00,332,181,151,FMN 10 IJzerlaanbrug
657,Fietsbrug Ijzerlaanbrug,2023-06-24,15:00:00,342,177,165,FMN 10 IJzerlaanbrug
657,Fietsbrug Ijzerlaanbrug,2023-06-24,16:00:00,308,138,170,FMN 10 IJzerlaanbrug
657,Fietsbrug Ijzerlaanbrug,2023-06-24,17:00:00,308,146,162,FMN 10 IJzerlaanbrug
657,Fietsbrug Ijzerlaanbrug,2023-06-24,18:00:00,281,136,145,FMN 10 IJzerlaanbrug
657,Fietsbrug Ijzerlaanbrug,2023-06-24,19:00:00,204,108,96,FMN 10 IJzerlaanbrug
657,Fietsbrug Ijzerlaanbrug,2023-06-24,20:00:00,178,87,91,FMN 10 IJzerlaanbrug
657,Fietsbrug Ijzerlaanbrug,2023-06-24,21:00:00,166,74,92,FMN 10 IJzerlaanbrug
657,Fietsbrug Ijzerlaanbrug,2023-06-24,22:00:00,146,55,91,FMN 10 IJzerlaanbrug
657,Fietsbrug Ijzerlaanbrug,2023-06-24,23:00:00,158,40,118,FMN 10 IJzerlaanbrug
657,Fietsbrug Ijzerlaanbrug,2023-06-25,00:00:00,110,15,95,FMN 10 IJzerlaanbrug
657,Fietsbrug Ijzerlaanbrug,2023-06-25,01:00:00,94,13,81,FMN 10 IJzerlaanbrug
657,Fietsbrug Ijzerlaanbrug,2023-06-25,02:00:00,64,17,47,FMN 10 IJzerlaanbrug
657,Fietsbrug Ijzerlaanbrug,2023-06-25,03:00:00,34,11,23,FMN 10 IJzerlaanbrug
657,Fietsbrug Ijzerlaanbrug,2023-06-25,04:00:00,29,8,21,FMN 10 IJzerlaanbrug
657,Fietsbrug Ijzerlaanbrug,2023-06-25,05:00:00,19,12,7,FMN 10 IJzerlaanbrug
657,Fietsbrug Ijzerlaanbrug,2023-06-25,06:00:00,30,11,19,FMN 10 IJzerlaanbrug
657,Fietsbrug Ijzerlaanbrug,2023-06-25,07:00:00,44,23,21,FMN 10 IJzerlaanbrug
657,Fietsbrug Ijzerlaanbrug,2023-06-25,08:00:00,99,60,39,FMN 10 IJzerlaanbrug
657,Fietsbrug Ijzerlaanbrug,2023-06-25,09:00:00,206,90,116,FMN 10 IJzerlaanbrug
657,Fietsbrug Ijzerlaanbrug,2023-06-25,10:00:00,241,142,99,FMN 10 IJzerlaanbrug
657,Fietsbrug Ijzerlaanbrug,2023-06-25,11:00:00,255,155,100,FMN 10 IJzerlaanbrug
657,Fietsbrug Ijzerlaanbrug,2023-06-25,12:00:00,284,166,118,FMN 10 IJzerlaanbrug
657,Fietsbrug Ijzerlaanbrug,2023-06-25,13:00:00,285,181,104,FMN 10 IJzerlaanbrug
657,Fietsbrug Ijzerlaanbrug,2023-06-25,14:00:00,330,186,144,FMN 10 IJzerlaanbrug
657,Fietsbrug Ijzerlaanbrug,2023-06-25,15:00:00,233,113,120,FMN 10 IJzerlaanbrug
657,Fietsbrug Ijzerlaanbrug,2023-06-25,16:00:00,234,105,129,FMN 10 IJzerlaanbrug
657,Fietsbrug Ijzerlaanbrug,2023-06-25,17:00:00,236,100,136,FMN 10 IJzerlaanbrug
657,Fietsbrug Ijzerlaanbrug,2023-06-25,18:00:00,246,115,131,FMN 10 IJzerlaanbrug
657,Fietsbrug Ijzerlaanbrug,2023-06-25,19:00:00,197,98,99,FMN 10 IJzerlaanbrug
657,Fietsbrug Ijzerlaanbrug,2023-06-25,20:00:00,141,54,87,FMN 10 IJzerlaanbrug
657,Fietsbrug Ijzerlaanbrug,2023-06-25,21:00:00,162,83,79,FMN 10 IJzerlaanbrug
657,Fietsbrug Ijzerlaanbrug,2023-06-25,22:00:00,123,45,78,FMN 10 IJzerlaanbrug
657,Fietsbrug Ijzerlaanbrug,2023-06-25,23:00:00,92,29,63,FMN 10 IJzerlaanbrug
657,Fietsbrug Ijzerlaanbrug,2023-06-26,00:00:00,68,10,58,FMN 10 IJzerlaanbrug
657,Fietsbrug Ijzerlaanbrug,2023-06-26,01:00:00,50,6,44,FMN 10 IJzerlaanbrug
657,Fietsbrug Ijzerlaanbrug,2023-06-26,02:00:00,10,5,5,FMN 10 IJzerlaanbrug
657,Fietsbrug Ijzerlaanbrug,2023-06-26,03:00:00,10,7,3,FMN 10 IJzerlaanbrug
657,Fietsbrug Ijzerlaanbrug,2023-06-26,04:00:00,19,11,8,FMN 10 IJzerlaanbrug
657,Fietsbrug Ijzerlaanbrug,2023-06-26,05:00:00,67,44,23,FMN 10 IJzerlaanbrug
657,Fietsbrug Ijzerlaanbrug,2023-06-26,06:00:00,166,121,45,FMN 10 IJzerlaanbrug
657,Fietsbrug Ijzerlaanbrug,2023-06-26,07:00:00,424,307,117,FMN 10 IJzerlaanbrug
657,Fietsbrug Ijzerlaanbrug,2023-06-26,08:00:00,616,460,156,FMN 10 IJzerlaanbrug
657,Fietsbrug Ijzerlaanbrug,2023-06-26,09:00:00,300,186,114,FMN 10 IJzerlaanbrug
657,Fietsbrug Ijzerlaanbrug,2023-06-26,10:00:00,174,111,63,FMN 10 IJzerlaanbrug
657,Fietsbrug Ijzerlaanbrug,2023-06-26,11:00:00,180,115,65,FMN 10 IJzerlaanbrug
657,Fietsbrug Ijzerlaanbrug,2023-06-26,12:00:00,193,101,92,FMN 10 IJzerlaanbrug
657,Fietsbrug Ijzerlaanbrug,2023-06-26,13:00:00,209,111,98,FMN 10 IJzerlaanbrug
657,Fietsbrug Ijzerlaanbrug,2023-06-26,14:00:00,284,148,136,FMN 10 IJzerlaanbrug
657,Fietsbrug Ijzerlaanbrug,2023-06-26,15:00:00,308,97,211,FMN 10 IJzerlaanbrug
657,Fietsbrug Ijzerlaanbrug,2023-06-26,16:00:00,552,167,385,FMN 10 IJzerlaanbrug
657,Fietsbrug Ijzerlaanbrug,2023-06-26,17:00:00,552,167,385,FMN 10 IJzerlaanbrug
657,Fietsbrug Ijzerlaanbrug,2023-06-26,18:00:00,324,126,198,FMN 10 IJzerlaanbrug
657,Fietsbrug Ijzerlaanbrug,2023-06-26,19:00:00,210,91,119,FMN 10 IJzerlaanbrug
657,Fietsbrug Ijzerlaanbrug,2023-06-26,20:00:00,154,63,91,FMN 10 IJzerlaanbrug
657,Fietsbrug Ijzerlaanbrug,2023-06-26,21:00:00,148,56,92,FMN 10 IJzerlaanbrug
657,Fietsbrug Ijzerlaanbrug,2023-06-26,22:00:00,142,48,94,FMN 10 IJzerlaanbrug
657,Fietsbrug Ijzerlaanbrug,2023-06-26,23:00:00,58,10,48,FMN 10 IJzerlaanbrug
657,Fietsbrug Ijzerlaanbrug,2023-06-27,00:00:00,52,25,27,FMN 10 IJzerlaanbrug
657,Fietsbrug Ijzerlaanbrug,2023-06-27,01:00:00,25,5,20,FMN 10 IJzerlaanbrug
657,Fietsbrug Ijzerlaanbrug,2023-06-27,02:00:00,18,6,12,FMN 10 IJzerlaanbrug
657,Fietsbrug Ijzerlaanbrug,2023-06-27,03:00:00,16,5,11,FMN 10 IJzerlaanbrug
657,Fietsbrug Ijzerlaanbrug,2023-06-27,04:00:00,22,12,10,FMN 10 IJzerlaanbrug
657,Fietsbrug Ijzerlaanbrug,2023-06-27,05:00:00,66,38,28,FMN 10 IJzerlaanbrug
657,Fietsbrug Ijzerlaanbrug,2023-06-27,06:00:00,191,140,51,FMN 10 IJzerlaanbrug
657,Fietsbrug Ijzerlaanbrug,2023-06-27,07:00:00,490,358,132,FMN 10 IJzerlaanbrug
657,Fietsbrug Ijzerlaanbrug,2023-06-27,08:00:00,628,484,144,FMN 10 IJzerlaanbrug
657,Fietsbrug Ijzerlaanbrug,2023-06-27,09:00:00,283,198,85,FMN 10 IJzerlaanbrug
657,Fietsbrug Ijzerlaanbrug,2023-06-27,10:00:00,224,147,77,FMN 10 IJzerlaanbrug
657,Fietsbrug Ijzerlaanbrug,2023-06-27,11:00:00,204,114,90,FMN 10 IJzerlaanbrug
657,Fietsbrug Ijzerlaanbrug,2023-06-27,12:00:00,294,147,147,FMN 10 IJzerlaanbrug
657,Fietsbrug Ijzerlaanbrug,2023-06-27,13:00:00,255,132,123,FMN 10 IJzerlaanbrug
657,Fietsbrug Ijzerlaanbrug,2023-06-27,14:00:00,281,131,150,FMN 10 IJzerlaanbrug
657,Fietsbrug Ijzerlaanbrug,2023-06-27,15:00:00,436,173,263,FMN 10 IJzerlaanbrug
657,Fietsbrug Ijzerlaanbrug,2023-06-27,16:00:00,567,179,388,FMN 10 IJzerlaanbrug
657,Fietsbrug Ijzerlaanbrug,2023-06-27,17:00:00,608,178,430,FMN 10 IJzerlaanbrug
657,Fietsbrug Ijzerlaanbrug,2023-06-27,18:00:00,403,153,250,FMN 10 IJzerlaanbrug
657,Fietsbrug Ijzerlaanbrug,2023-06-27,19:00:00,253,99,154,FMN 10 IJzerlaanbrug
657,Fietsbrug Ijzerlaanbrug,2023-06-27,20:00:00,199,82,117,FMN 10 IJzerlaanbrug
657,Fietsbrug Ijzerlaanbrug,2023-06-27,21:00:00,158,66,92,FMN 10 IJzerlaanbrug
657,Fietsbrug Ijzerlaanbrug,2023-06-27,22:00:00,142,38,104,FMN 10 IJzerlaanbrug
657,Fietsbrug Ijzerlaanbrug,2023-06-27,23:00:00,92,31,61,FMN 10 IJzerlaanbrug
657,Fietsbrug Ijzerlaanbrug,2023-06-28,00:00:00,53,10,43,FMN 10 IJzerlaanbrug
657,Fietsbrug Ijzerlaanbrug,2023-06-28,01:00:00,32,8,24,FMN 10 IJzerlaanbrug
657,Fietsbrug Ijzerlaanbrug,2023-06-28,02:00:00,14,1,13,FMN 10 IJzerlaanbrug
657,Fietsbrug Ijzerlaanbrug,2023-06-28,03:00:00,10,4,6,FMN 10 IJzerlaanbrug
657,Fietsbrug Ijzerlaanbrug,2023-06-28,04:00:00,18,15,3,FMN 10 IJzerlaanbrug
657,Fietsbrug Ijzerlaanbrug,2023-06-28,05:00:00,55,37,18,FMN 10 IJzerlaanbrug
657,Fietsbrug Ijzerlaanbrug,2023-06-28,06:00:00,179,125,54,FMN 10 IJzerlaanbrug
657,Fietsbrug Ijzerlaanbrug,2023-06-28,07:00:00,398,281,117,FMN 10 IJzerlaanbrug
657,Fietsbrug Ijzerlaanbrug,2023-06-28,08:00:00,540,405,135,FMN 10 IJzerlaanbrug
657,Fietsbrug Ijzerlaanbrug,2023-06-28,09:00:00,224,151,73,FMN 10 IJzerlaanbrug
657,Fietsbrug Ijzerlaanbrug,2023-06-28,10:00:00,155,91,64,FMN 10 IJzerlaanbrug
657,Fietsbrug Ijzerlaanbrug,2023-06-28,11:00:00,218,123,95,FMN 10 IJzerlaanbrug
657,Fietsbrug Ijzerlaanbrug,2023-06-28,12:00:00,291,139,152,FMN 10 IJzerlaanbrug
657,Fietsbrug Ijzerlaanbrug,2023-06-28,13:00:00,300,150,150,FMN 10 IJzerlaanbrug
657,Fietsbrug Ijzerlaanbrug,2023-06-28,14:00:00,292,146,146,FMN 10 IJzerlaanbrug
657,Fietsbrug Ijzerlaanbrug,2023-06-28,15:00:00,305,134,171,FMN 10 IJzerlaanbrug
657,Fietsbrug Ijzerlaanbrug,2023-06-28,16:00:00,501,156,345,FMN 10 IJzerlaanbrug
657,Fietsbrug Ijzerlaanbrug,2023-06-28,17:00:00,514,160,354,FMN 10 IJzerlaanbrug
657,Fietsbrug Ijzerlaanbrug,2023-06-28,18:00:00,321,118,203,FMN 10 IJzerlaanbrug
657,Fietsbrug Ijzerlaanbrug,2023-06-28,19:00:00,265,101,164,FMN 10 IJzerlaanbrug
657,Fietsbrug Ijzerlaanbrug,2023-06-28,20:00:00,159,75,84,FMN 10 IJzerlaanbrug
657,Fietsbrug Ijzerlaanbrug,2023-06-28,21:00:00,136,64,72,FMN 10 IJzerlaanbrug
657,Fietsbrug Ijzerlaanbrug,2023-06-28,22:00:00,129,46,83,FMN 10 IJzerlaanbrug
657,Fietsbrug Ijzerlaanbrug,2023-06-28,23:00:00,95,35,60,FMN 10 IJzerlaanbrug
657,Fietsbrug Ijzerlaanbrug,2023-06-29,00:00:00,59,15,44,FMN 10 IJzerlaanbrug
657,Fietsbrug Ijzerlaanbrug,2023-06-29,01:00:00,49,15,34,FMN 10 IJzerlaanbrug
657,Fietsbrug Ijzerlaanbrug,2023-06-29,02:00:00,32,13,19,FMN 10 IJzerlaanbrug
657,Fietsbrug Ijzerlaanbrug,2023-06-29,03:00:00,26,19,7,FMN 10 IJzerlaanbrug
657,Fietsbrug Ijzerlaanbrug,2023-06-29,04:00:00,26,17,9,FMN 10 IJzerlaanbrug
657,Fietsbrug Ijzerlaanbrug,2023-06-29,05:00:00,63,41,22,FMN 10 IJzerlaanbrug
657,Fietsbrug Ijzerlaanbrug,2023-06-29,06:00:00,140,99,41,FMN 10 IJzerlaanbrug
657,Fietsbrug Ijzerlaanbrug,2023-06-29,07:00:00,352,248,104,FMN 10 IJzerlaanbrug
657,Fietsbrug Ijzerlaanbrug,2023-06-29,08:00:00,546,429,117,FMN 10 IJzerlaanbrug
657,Fietsbrug Ijzerlaanbrug,2023-06-29,09:00:00,297,209,88,FMN 10 IJzerlaanbrug
657,Fietsbrug Ijzerlaanbrug,2023-06-29,10:00:00,187,105,82,FMN 10 IJzerlaanbrug
657,Fietsbrug Ijzerlaanbrug,2023-06-29,11:00:00,248,125,123,FMN 10 IJzerlaanbrug
657,Fietsbrug Ijzerlaanbrug,2023-06-29,12:00:00,222,114,108,FMN 10 IJzerlaanbrug
657,Fietsbrug Ijzerlaanbrug,2023-06-29,13:00:00,227,108,119,FMN 10 IJzerlaanbrug
657,Fietsbrug Ijzerlaanbrug,2023-06-29,14:00:00,220,83,137,FMN 10 IJzerlaanbrug
657,Fietsbrug Ijzerlaanbrug,2023-06-29,15:00:00,307,100,207,FMN 10 IJzerlaanbrug
657,Fietsbrug Ijzerlaanbrug,2023-06-29,16:00:00,482,170,312,FMN 10 IJzerlaanbrug
657,Fietsbrug Ijzerlaanbrug,2023-06-29,17:00:00,473,156,317,FMN 10 IJzerlaanbrug
657,Fietsbrug Ijzerlaanbrug,2023-06-29,18:00:00,327,119,208,FMN 10 IJzerlaanbrug
657,Fietsbrug Ijzerlaanbrug,2023-06-29,19:00:00,228,97,131,FMN 10 IJzerlaanbrug
657,Fietsbrug Ijzerlaanbrug,2023-06-29,20:00:00,183,75,108,FMN 10 IJzerlaanbrug
657,Fietsbrug Ijzerlaanbrug,2023-06-29,21:00:00,140,61,79,FMN 10 IJzerlaanbrug
657,Fietsbrug Ijzerlaanbrug,2023-06-29,22:00:00,127,45,82,FMN 10 IJzerlaanbrug
657,Fietsbrug Ijzerlaanbrug,2023-06-29,23:00:00,75,29,46,FMN 10 IJzerlaanbrug
657,Fietsbrug Ijzerlaanbrug,2023-06-30,00:00:00,47,9,38,FMN 10 IJzerlaanbrug
657,Fietsbrug Ijzerlaanbrug,2023-06-30,01:00:00,41,13,28,FMN 10 IJzerlaanbrug
657,Fietsbrug Ijzerlaanbrug,2023-06-30,02:00:00,23,10,13,FMN 10 IJzerlaanbrug
657,Fietsbrug Ijzerlaanbrug,2023-06-30,03:00:00,18,10,8,FMN 10 IJzerlaanbrug
657,Fietsbrug Ijzerlaanbrug,2023-06-30,04:00:00,21,10,11,FMN 10 IJzerlaanbrug
657,Fietsbrug Ijzerlaanbrug,2023-06-30,05:00:00,50,29,21,FMN 10 IJzerlaanbrug
657,Fietsbrug Ijzerlaanbrug,2023-06-30,06:00:00,145,93,52,FMN 10 IJzerlaanbrug
657,Fietsbrug Ijzerlaanbrug,2023-06-30,07:00:00,304,222,82,FMN 10 IJzerlaanbrug
657,Fietsbrug Ijzerlaanbrug,2023-06-30,08:00:00,448,335,113,FMN 10 IJzerlaanbrug
657,Fietsbrug Ijzerlaanbrug,2023-06-30,09:00:00,255,174,81,FMN 10 IJzerlaanbrug
657,Fietsbrug Ijzerlaanbrug,2023-06-30,10:00:00,243,145,98,FMN 10 IJzerlaanbrug
657,Fietsbrug Ijzerlaanbrug,2023-06-30,11:00:00,232,122,110,FMN 10 IJzerlaanbrug
657,Fietsbrug Ijzerlaanbrug,2023-06-30,12:00:00,261,133,128,FMN 10 IJzerlaanbrug
657,Fietsbrug Ijzerlaanbrug,2023-06-30,13:00:00,279,150,129,FMN 10 IJzerlaanbrug
657,Fietsbrug Ijzerlaanbrug,2023-06-30,14:00:00,290,142,148,FMN 10 IJzerlaanbrug
657,Fietsbrug Ijzerlaanbrug,2023-06-30,15:00:00,348,128,220,FMN 10 IJzerlaanbrug
657,Fietsbrug Ijzerlaanbrug,2023-06-30,16:00:00,446,165,281,FMN 10 IJzerlaanbrug
657,Fietsbrug Ijzerlaanbrug,2023-06-30,17:00:00,372,125,247,FMN 10 IJzerlaanbrug
657,Fietsbrug Ijzerlaanbrug,2023-06-30,18:00:00,382,160,222,FMN 10 IJzerlaanbrug
657,Fietsbrug Ijzerlaanbrug,2023-06-30,19:00:00,240,107,133,FMN 10 IJzerlaanbrug
657,Fietsbrug Ijzerlaanbrug,2023-06-30,20:00:00,178,74,104,FMN 10 IJzerlaanbrug
657,Fietsbrug Ijzerlaanbrug,2023-06-30,21:00:00,161,60,101,FMN 10 IJzerlaanbrug
657,Fietsbrug Ijzerlaanbrug,2023-06-30,22:00:00,137,54,83,FMN 10 IJzerlaanbrug
657,Fietsbrug Ijzerlaanbrug,2023-06-30,23:00:00,114,42,72,FMN 10 IJzerlaanbrug
657,Fietsbrug Ijzerlaanbrug,2023-07-01,00:00:00,82,26,56,FMN 10 IJzerlaanbrug
657,Fietsbrug Ijzerlaanbrug,2023-07-01,01:00:00,66,15,51,FMN 10 IJzerlaanbrug
657,Fietsbrug Ijzerlaanbrug,2023-07-01,02:00:00,29,4,25,FMN 10 IJzerlaanbrug
657,Fietsbrug Ijzerlaanbrug,2023-07-01,03:00:00,21,4,17,FMN 10 IJzerlaanbrug
657,Fietsbrug Ijzerlaanbrug,2023-07-01,04:00:00,26,8,18,FMN 10 IJzerlaanbrug
657,Fietsbrug Ijzerlaanbrug,2023-07-01,05:00:00,32,12,20,FMN 10 IJzerlaanbrug
657,Fietsbrug Ijzerlaanbrug,2023-07-01,06:00:00,32,12,20,FMN 10 IJzerlaanbrug
657,Fietsbrug Ijzerlaanbrug,2023-07-01,07:00:00,40,22,18,FMN 10 IJzerlaanbrug
657,Fietsbrug Ijzerlaanbrug,2023-07-01,08:00:00,54,33,21,FMN 10 IJzerlaanbrug
657,Fietsbrug Ijzerlaanbrug,2023-07-01,09:00:00,109,75,34,FMN 10 IJzerlaanbrug
657,Fietsbrug Ijzerlaanbrug,2023-07-01,10:00:00,102,56,46,FMN 10 IJzerlaanbrug
657,Fietsbrug Ijzerlaanbrug,2023-07-01,11:00:00,88,49,39,FMN 10 IJzerlaanbrug
657,Fietsbrug Ijzerlaanbrug,2023-07-01,12:00:00,92,52,40,FMN 10 IJzerlaanbrug
657,Fietsbrug Ijzerlaanbrug,2023-07-01,13:00:00,90,49,41,FMN 10 IJzerlaanbrug
657,Fietsbrug Ijzerlaanbrug,2023-07-01,14:00:00,89,37,52,FMN 10 IJzerlaanbrug
657,Fietsbrug Ijzerlaanbrug,2023-07-01,15:00:00,109,50,59,FMN 10 IJzerlaanbrug
657,Fietsbrug Ijzerlaanbrug,2023-07-01,16:00:00,144,66,78,FMN 10 IJzerlaanbrug
657,Fietsbrug Ijzerlaanbrug,2023-07-01,17:00:00,119,58,61,FMN 10 IJzerlaanbrug
657,Fietsbrug Ijzerlaanbrug,2023-07-01,18:00:00,165,84,81,FMN 10 IJzerlaanbrug
657,Fietsbrug Ijzerlaanbrug,2023-07-01,19:00:00,95,50,45,FMN 10 IJzerlaanbrug
657,Fietsbrug Ijzerlaanbrug,2023-07-01,20:00:00,97,50,47,FMN 10 IJzerlaanbrug
657,Fietsbrug Ijzerlaanbrug,2023-07-01,21:00:00,80,37,43,FMN 10 IJzerlaanbrug
657,Fietsbrug Ijzerlaanbrug,2023-07-01,22:00:00,72,30,42,FMN 10 IJzerlaanbrug
657,Fietsbrug Ijzerlaanbrug,2023-07-01,23:00:00,74,23,51,FMN 10 IJzerlaanbrug
657,Fietsbrug Ijzerlaanbrug,2023-07-02,00:00:00,58,21,37,FMN 10 IJzerlaanbrug
657,Fietsbrug Ijzerlaanbrug,2023-07-02,01:00:00,48,21,27,FMN 10 IJzerlaanbrug
657,Fietsbrug Ijzerlaanbrug,2023-07-02,02:00:00,33,10,23,FMN 10 IJzerlaanbrug
657,Fietsbrug Ijzerlaanbrug,2023-07-02,03:00:00,33,4,29,FMN 10 IJzerlaanbrug
657,Fietsbrug Ijzerlaanbrug,2023-07-02,04:00:00,21,5,16,FMN 10 IJzerlaanbrug
657,Fietsbrug Ijzerlaanbrug,2023-07-02,05:00:00,15,5,10,FMN 10 IJzerlaanbrug
657,Fietsbrug Ijzerlaanbrug,2023-07-02,06:00:00,26,12,14,FMN 10 IJzerlaanbrug
657,Fietsbrug Ijzerlaanbrug,2023-07-02,07:00:00,42,19,23,FMN 10 IJzerlaanbrug
657,Fietsbrug Ijzerlaanbrug,2023-07-02,08:00:00,62,39,23,FMN 10 IJzerlaanbrug
657,Fietsbrug Ijzerlaanbrug,2023-07-02,09:00:00,152,88,64,FMN 10 IJzerlaanbrug
657,Fietsbrug Ijzerlaanbrug,2023-07-02,10:00:00,208,126,82,FMN 10 IJzerlaanbrug
657,Fietsbrug Ijzerlaanbrug,2023-07-02,11:00:00,219,121,98,FMN 10 IJzerlaanbrug
657,Fietsbrug Ijzerlaanbrug,2023-07-02,12:00:00,182,101,81,FMN 10 IJzerlaanbrug
657,Fietsbrug Ijzerlaanbrug,2023-07-02,13:00:00,218,150,68,FMN 10 IJzerlaanbrug
657,Fietsbrug Ijzerlaanbrug,2023-07-02,14:00:00,295,178,117,FMN 10 IJzerlaanbrug
657,Fietsbrug Ijzerlaanbrug,2023-07-02,15:00:00,232,91,141,FMN 10 IJzerlaanbrug
657,Fietsbrug Ijzerlaanbrug,2023-07-02,16:00:00,224,86,138,FMN 10 IJzerlaanbrug
657,Fietsbrug Ijzerlaanbrug,2023-07-02,17:00:00,254,81,173,FMN 10 IJzerlaanbrug
657,Fietsbrug Ijzerlaanbrug,2023-07-02,18:00:00,177,79,98,FMN 10 IJzerlaanbrug
657,Fietsbrug Ijzerlaanbrug,2023-07-02,19:00:00,154,76,78,FMN 10 IJzerlaanbrug
657,Fietsbrug Ijzerlaanbrug,2023-07-02,20:00:00,116,36,80,FMN 10 IJzerlaanbrug
657,Fietsbrug Ijzerlaanbrug,2023-07-02,21:00:00,131,61,70,FMN 10 IJzerlaanbrug
657,Fietsbrug Ijzerlaanbrug,2023-07-02,22:00:00,74,30,44,FMN 10 IJzerlaanbrug
657,Fietsbrug Ijzerlaanbrug,2023-07-02,23:00:00,59,23,36,FMN 10 IJzerlaanbrug
657,Fietsbrug Ijzerlaanbrug,2023-07-03,00:00:00,30,10,20,FMN 10 IJzerlaanbrug
657,Fietsbrug Ijzerlaanbrug,2023-07-03,01:00:00,15,6,9,FMN 10 IJzerlaanbrug
657,Fietsbrug Ijzerlaanbrug,2023-07-03,02:00:00,12,6,6,FMN 10 IJzerlaanbrug
657,Fietsbrug Ijzerlaanbrug,2023-07-03,03:00:00,12,5,7,FMN 10 IJzerlaanbrug
657,Fietsbrug Ijzerlaanbrug,2023-07-03,04:00:00,20,13,7,FMN 10 IJzerlaanbrug
657,Fietsbrug Ijzerlaanbrug,2023-07-03,05:00:00,52,30,22,FMN 10 IJzerlaanbrug
657,Fietsbrug Ijzerlaanbrug,2023-07-03,06:00:00,150,104,46,FMN 10 IJzerlaanbrug
657,Fietsbrug Ijzerlaanbrug,2023-07-03,07:00:00,306,221,85,FMN 10 IJzerlaanbrug
657,Fietsbrug Ijzerlaanbrug,2023-07-03,08:00:00,414,307,107,FMN 10 IJzerlaanbrug
657,Fietsbrug Ijzerlaanbrug,2023-07-03,09:00:00,212,156,56,FMN 10 IJzerlaanbrug
657,Fietsbrug Ijzerlaanbrug,2023-07-03,10:00:00,133,79,54,FMN 10 IJzerlaanbrug
657,Fietsbrug Ijzerlaanbrug,2023-07-03,11:00:00,171,72,99,FMN 10 IJzerlaanbrug
657,Fietsbrug Ijzerlaanbrug,2023-07-03,12:00:00,167,83,84,FMN 10 IJzerlaanbrug
657,Fietsbrug Ijzerlaanbrug,2023-07-03,13:00:00,134,68,66,FMN 10 IJzerlaanbrug
657,Fietsbrug Ijzerlaanbrug,2023-07-03,14:00:00,204,103,101,FMN 10 IJzerlaanbrug
657,Fietsbrug Ijzerlaanbrug,2023-07-03,15:00:00,220,81,139,FMN 10 IJzerlaanbrug
657,Fietsbrug Ijzerlaanbrug,2023-07-03,16:00:00,413,137,276,FMN 10 IJzerlaanbrug
657,Fietsbrug Ijzerlaanbrug,2023-07-03,17:00:00,480,132,348,FMN 10 IJzerlaanbrug
657,Fietsbrug Ijzerlaanbrug,2023-07-03,18:00:00,290,101,189,FMN 10 IJzerlaanbrug
657,Fietsbrug Ijzerlaanbrug,2023-07-03,19:00:00,175,83,92,FMN 10 IJzerlaanbrug
657,Fietsbrug Ijzerlaanbrug,2023-07-03,20:00:00,106,45,61,FMN 10 IJzerlaanbrug
657,Fietsbrug Ijzerlaanbrug,2023-07-03,21:00:00,127,56,71,FMN 10 IJzerlaanbrug
657,Fietsbrug Ijzerlaanbrug,2023-07-03,22:00:00,102,35,67,FMN 10 IJzerlaanbrug
657,Fietsbrug Ijzerlaanbrug,2023-07-03,23:00:00,61,18,43,FMN 10 IJzerlaanbrug
657,Fietsbrug Ijzerlaanbrug,2023-07-04,00:00:00,23,9,14,FMN 10 IJzerlaanbrug
657,Fietsbrug Ijzerlaanbrug,2023-07-04,01:00:00,10,1,9,FMN 10 IJzerlaanbrug
657,Fietsbrug Ijzerlaanbrug,2023-07-04,02:00:00,7,1,6,FMN 10 IJzerlaanbrug
657,Fietsbrug Ijzerlaanbrug,2023-07-04,03:00:00,6,4,2,FMN 10 IJzerlaanbrug
657,Fietsbrug Ijzerlaanbrug,2023-07-04,04:00:00,25,18,7,FMN 10 IJzerlaanbrug
657,Fietsbrug Ijzerlaanbrug,2023-07-04,05:00:00,47,31,16,FMN 10 IJzerlaanbrug
657,Fietsbrug Ijzerlaanbrug,2023-07-04,06:00:00,152,100,52,FMN 10 IJzerlaanbrug
657,Fietsbrug Ijzerlaanbrug,2023-07-04,07:00:00,350,263,87,FMN 10 IJzerlaanbrug
657,Fietsbrug Ijzerlaanbrug,2023-07-04,08:00:00,451,339,112,FMN 10 IJzerlaanbrug
657,Fietsbrug Ijzerlaanbrug,2023-07-04,09:00:00,264,183,81,FMN 10 IJzerlaanbrug
657,Fietsbrug Ijzerlaanbrug,2023-07-04,10:00:00,150,100,50,FMN 10 IJzerlaanbrug
657,Fietsbrug Ijzerlaanbrug,2023-07-04,11:00:00,139,77,62,FMN 10 IJzerlaanbrug
657,Fietsbrug Ijzerlaanbrug,2023-07-04,12:00:00,200,110,90,FMN 10 IJzerlaanbrug
657,Fietsbrug Ijzerlaanbrug,2023-07-04,13:00:00,194,104,90,FMN 10 IJzerlaanbrug
657,Fietsbrug Ijzerlaanbrug,2023-07-04,14:00:00,217,74,143,FMN 10 IJzerlaanbrug
657,Fietsbrug Ijzerlaanbrug,2023-07-04,15:00:00,268,96,172,FMN 10 IJzerlaanbrug
657,Fietsbrug Ijzerlaanbrug,2023-07-04,16:00:00,459,150,309,FMN 10 IJzerlaanbrug
657,Fietsbrug Ijzerlaanbrug,2023-07-04,17:00:00,532,159,373,FMN 10 IJzerlaanbrug
657,Fietsbrug Ijzerlaanbrug,2023-07-04,18:00:00,305,110,195,FMN 10 IJzerlaanbrug
657,Fietsbrug Ijzerlaanbrug,2023-07-04,19:00:00,149,56,93,FMN 10 IJzerlaanbrug
657,Fietsbrug Ijzerlaanbrug,2023-07-04,20:00:00,128,64,64,FMN 10 IJzerlaanbrug
657,Fietsbrug Ijzerlaanbrug,2023-07-04,21:00:00,90,33,57,FMN 10 IJzerlaanbrug
657,Fietsbrug Ijzerlaanbrug,2023-07-04,22:00:00,64,16,48,FMN 10 IJzerlaanbrug
657,Fietsbrug Ijzerlaanbrug,2023-07-04,23:00:00,68,18,50,FMN 10 IJzerlaanbrug
657,Fietsbrug Ijzerlaanbrug,2023-07-05,00:00:00,21,2,19,FMN 10 IJzerlaanbrug
657,Fietsbrug Ijzerlaanbrug,2023-07-05,01:00:00,13,4,9,FMN 10 IJzerlaanbrug
657,Fietsbrug Ijzerlaanbrug,2023-07-05,02:00:00,11,4,7,FMN 10 IJzerlaanbrug
657,Fietsbrug Ijzerlaanbrug,2023-07-05,03:00:00,10,5,5,FMN 10 IJzerlaanbrug
657,Fietsbrug Ijzerlaanbrug,2023-07-05,04:00:00,22,18,4,FMN 10 IJzerlaanbrug
657,Fietsbrug Ijzerlaanbrug,2023-07-05,05:00:00,39,23,16,FMN 10 IJzerlaanbrug
657,Fietsbrug Ijzerlaanbrug,2023-07-05,06:00:00,117,71,46,FMN 10 IJzerlaanbrug
657,Fietsbrug Ijzerlaanbrug,2023-07-05,07:00:00,226,156,70,FMN 10 IJzerlaanbrug
657,Fietsbrug Ijzerlaanbrug,2023-07-05,08:00:00,288,222,66,FMN 10 IJzerlaanbrug
657,Fietsbrug Ijzerlaanbrug,2023-07-05,09:00:00,154,110,44,FMN 10 IJzerlaanbrug
657,Fietsbrug Ijzerlaanbrug,2023-07-05,10:00:00,88,56,32,FMN 10 IJzerlaanbrug
657,Fietsbrug Ijzerlaanbrug,2023-07-05,11:00:00,94,54,40,FMN 10 IJzerlaanbrug
657,Fietsbrug Ijzerlaanbrug,2023-07-05,12:00:00,165,92,73,FMN 10 IJzerlaanbrug
657,Fietsbrug Ijzerlaanbrug,2023-07-05,13:00:00,132,74,58,FMN 10 IJzerlaanbrug
657,Fietsbrug Ijzerlaanbrug,2023-07-05,14:00:00,157,65,92,FMN 10 IJzerlaanbrug
657,Fietsbrug Ijzerlaanbrug,2023-07-05,15:00:00,161,57,104,FMN 10 IJzerlaanbrug
657,Fietsbrug Ijzerlaanbrug,2023-07-05,16:00:00,327,120,207,FMN 10 IJzerlaanbrug
657,Fietsbrug Ijzerlaanbrug,2023-07-05,17:00:00,346,114,232,FMN 10 IJzerlaanbrug
657,Fietsbrug Ijzerlaanbrug,2023-07-05,18:00:00,212,78,134,FMN 10 IJzerlaanbrug
657,Fietsbrug Ijzerlaanbrug,2023-07-05,19:00:00,137,47,90,FMN 10 IJzerlaanbrug
657,Fietsbrug Ijzerlaanbrug,2023-07-05,20:00:00,141,65,76,FMN 10 IJzerlaanbrug
657,Fietsbrug Ijzerlaanbrug,2023-07-05,21:00:00,89,36,53,FMN 10 IJzerlaanbrug
657,Fietsbrug Ijzerlaanbrug,2023-07-05,22:00:00,107,55,52,FMN 10 IJzerlaanbrug
657,Fietsbrug Ijzerlaanbrug,2023-07-05,23:00:00,60,18,42,FMN 10 IJzerlaanbrug
657,Fietsbrug Ijzerlaanbrug,2023-07-06,00:00:00,24,12,12,FMN 10 IJzerlaanbrug
657,Fietsbrug Ijzerlaanbrug,2023-07-06,01:00:00,15,4,11,FMN 10 IJzerlaanbrug
657,Fietsbrug Ijzerlaanbrug,2023-07-06,02:00:00,17,4,13,FMN 10 IJzerlaanbrug
657,Fietsbrug Ijzerlaanbrug,2023-07-06,03:00:00,4,2,2,FMN 10 IJzerlaanbrug
657,Fietsbrug Ijzerlaanbrug,2023-07-06,04:00:00,22,15,7,FMN 10 IJzerlaanbrug
657,Fietsbrug Ijzerlaanbrug,2023-07-06,05:00:00,62,37,25,FMN 10 IJzerlaanbrug
657,Fietsbrug Ijzerlaanbrug,2023-07-06,06:00:00,146,95,51,FMN 10 IJzerlaanbrug
657,Fietsbrug Ijzerlaanbrug,2023-07-06,07:00:00,313,228,85,FMN 10 IJzerlaanbrug
657,Fietsbrug Ijzerlaanbrug,2023-07-06,08:00:00,412,322,90,FMN 10 IJzerlaanbrug
657,Fietsbrug Ijzerlaanbrug,2023-07-06,09:00:00,213,145,68,FMN 10 IJzerlaanbrug
657,Fietsbrug Ijzerlaanbrug,2023-07-06,10:00:00,210,142,68,FMN 10 IJzerlaanbrug
657,Fietsbrug Ijzerlaanbrug,2023-07-06,11:00:00,168,85,83,FMN 10 IJzerlaanbrug
657,Fietsbrug Ijzerlaanbrug,2023-07-06,12:00:00,219,116,103,FMN 10 IJzerlaanbrug
657,Fietsbrug Ijzerlaanbrug,2023-07-06,13:00:00,194,114,80,FMN 10 IJzerlaanbrug
657,Fietsbrug Ijzerlaanbrug,2023-07-06,14:00:00,203,87,116,FMN 10 IJzerlaanbrug
657,Fietsbrug Ijzerlaanbrug,2023-07-06,15:00:00,268,114,154,FMN 10 IJzerlaanbrug
657,Fietsbrug Ijzerlaanbrug,2023-07-06,16:00:00,426,152,274,FMN 10 IJzerlaanbrug
657,Fietsbrug Ijzerlaanbrug,2023-07-06,17:00:00,519,178,341,FMN 10 IJzerlaanbrug
657,Fietsbrug Ijzerlaanbrug,2023-07-06,18:00:00,318,119,199,FMN 10 IJzerlaanbrug
657,Fietsbrug Ijzerlaanbrug,2023-07-06,19:00:00,229,97,132,FMN 10 IJzerlaanbrug
657,Fietsbrug Ijzerlaanbrug,2023-07-06,20:00:00,165,75,90,FMN 10 IJzerlaanbrug
657,Fietsbrug Ijzerlaanbrug,2023-07-06,21:00:00,113,45,68,FMN 10 IJzerlaanbrug
657,Fietsbrug Ijzerlaanbrug,2023-07-06,22:00:00,126,40,86,FMN 10 IJzerlaanbrug
657,Fietsbrug Ijzerlaanbrug,2023-07-06,23:00:00,73,16,57,FMN 10 IJzerlaanbrug
657,Fietsbrug Ijzerlaanbrug,2023-07-07,00:00:00,49,15,34,FMN 10 IJzerlaanbrug
657,Fietsbrug Ijzerlaanbrug,2023-07-07,01:00:00,35,15,20,FMN 10 IJzerlaanbrug
657,Fietsbrug Ijzerlaanbrug,2023-07-07,02:00:00,16,6,10,FMN 10 IJzerlaanbrug
657,Fietsbrug Ijzerlaanbrug,2023-07-07,03:00:00,16,4,12,FMN 10 IJzerlaanbrug
657,Fietsbrug Ijzerlaanbrug,2023-07-07,04:00:00,33,17,16,FMN 10 IJzerlaanbrug
657,Fietsbrug Ijzerlaanbrug,2023-07-07,05:00:00,55,35,20,FMN 10 IJzerlaanbrug
657,Fietsbrug Ijzerlaanbrug,2023-07-07,06:00:00,147,94,53,FMN 10 IJzerlaanbrug
657,Fietsbrug Ijzerlaanbrug,2023-07-07,07:00:00,266,187,79,FMN 10 IJzerlaanbrug
657,Fietsbrug Ijzerlaanbrug,2023-07-07,08:00:00,355,263,92,FMN 10 IJzerlaanbrug
657,Fietsbrug Ijzerlaanbrug,2023-07-07,09:00:00,190,144,46,FMN 10 IJzerlaanbrug
657,Fietsbrug Ijzerlaanbrug,2023-07-07,10:00:00,199,138,61,FMN 10 IJzerlaanbrug
657,Fietsbrug Ijzerlaanbrug,2023-07-07,11:00:00,206,121,85,FMN 10 IJzerlaanbrug
657,Fietsbrug Ijzerlaanbrug,2023-07-07,12:00:00,233,128,105,FMN 10 IJzerlaanbrug
657,Fietsbrug Ijzerlaanbrug,2023-07-07,13:00:00,266,121,145,FMN 10 IJzerlaanbrug
657,Fietsbrug Ijzerlaanbrug,2023-07-07,14:00:00,272,123,149,FMN 10 IJzerlaanbrug
657,Fietsbrug Ijzerlaanbrug,2023-07-07,15:00:00,329,137,192,FMN 10 IJzerlaanbrug
657,Fietsbrug Ijzerlaanbrug,2023-07-07,16:00:00,412,139,273,FMN 10 IJzerlaanbrug
657,Fietsbrug Ijzerlaanbrug,2023-07-07,17:00:00,408,155,253,FMN 10 IJzerlaanbrug
657,Fietsbrug Ijzerlaanbrug,2023-07-07,18:00:00,352,161,191,FMN 10 IJzerlaanbrug
657,Fietsbrug Ijzerlaanbrug,2023-07-07,19:00:00,235,111,124,FMN 10 IJzerlaanbrug
657,Fietsbrug Ijzerlaanbrug,2023-07-07,20:00:00,173,81,92,FMN 10 IJzerlaanbrug
657,Fietsbrug Ijzerlaanbrug,2023-07-07,21:00:00,161,66,95,FMN 10 IJzerlaanbrug
657,Fietsbrug Ijzerlaanbrug,2023-07-07,22:00:00,129,40,89,FMN 10 IJzerlaanbrug
657,Fietsbrug Ijzerlaanbrug,2023-07-07,23:00:00,88,34,54,FMN 10 IJzerlaanbrug
657,Fietsbrug Ijzerlaanbrug,2023-07-08,00:00:00,79,31,48,FMN 10 IJzerlaanbrug
657,Fietsbrug Ijzerlaanbrug,2023-07-08,01:00:00,58,16,42,FMN 10 IJzerlaanbrug
657,Fietsbrug Ijzerlaanbrug,2023-07-08,02:00:00,50,13,37,FMN 10 IJzerlaanbrug
657,Fietsbrug Ijzerlaanbrug,2023-07-08,03:00:00,35,14,21,FMN 10 IJzerlaanbrug
657,Fietsbrug Ijzerlaanbrug,2023-07-08,04:00:00,23,6,17,FMN 10 IJzerlaanbrug
657,Fietsbrug Ijzerlaanbrug,2023-07-08,05:00:00,23,14,9,FMN 10 IJzerlaanbrug
657,Fietsbrug Ijzerlaanbrug,2023-07-08,06:00:00,43,28,15,FMN 10 IJzerlaanbrug
657,Fietsbrug Ijzerlaanbrug,2023-07-08,07:00:00,63,27,36,FMN 10 IJzerlaanbrug
657,Fietsbrug Ijzerlaanbrug,2023-07-08,08:00:00,110,65,45,FMN 10 IJzerlaanbrug
657,Fietsbrug Ijzerlaanbrug,2023-07-08,09:00:00,161,108,53,FMN 10 IJzerlaanbrug
657,Fietsbrug Ijzerlaanbrug,2023-07-08,10:00:00,244,153,91,FMN 10 IJzerlaanbrug
657,Fietsbrug Ijzerlaanbrug,2023-07-08,11:00:00,257,149,108,FMN 10 IJzerlaanbrug
657,Fietsbrug Ijzerlaanbrug,2023-07-08,12:00:00,236,125,111,FMN 10 IJzerlaanbrug
657,Fietsbrug Ijzerlaanbrug,2023-07-08,13:00:00,201,105,96,FMN 10 IJzerlaanbrug
657,Fietsbrug Ijzerlaanbrug,2023-07-08,14:00:00,222,129,93,FMN 10 IJzerlaanbrug
657,Fietsbrug Ijzerlaanbrug,2023-07-08,15:00:00,244,117,127,FMN 10 IJzerlaanbrug
657,Fietsbrug Ijzerlaanbrug,2023-07-08,16:00:00,208,88,120,FMN 10 IJzerlaanbrug
657,Fietsbrug Ijzerlaanbrug,2023-07-08,17:00:00,207,97,110,FMN 10 IJzerlaanbrug
657,Fietsbrug Ijzerlaanbrug,2023-07-08,18:00:00,188,91,97,FMN 10 IJzerlaanbrug
657,Fietsbrug Ijzerlaanbrug,2023-07-08,19:00:00,178,87,91,FMN 10 IJzerlaanbrug
657,Fietsbrug Ijzerlaanbrug,2023-07-08,20:00:00,142,71,71,FMN 10 IJzerlaanbrug
657,Fietsbrug Ijzerlaanbrug,2023-07-08,21:00:00,159,75,84,FMN 10 IJzerlaanbrug
657,Fietsbrug Ijzerlaanbrug,2023-07-08,22:00:00,122,59,63,FMN 10 IJzerlaanbrug
657,Fietsbrug Ijzerlaanbrug,2023-07-08,23:00:00,114,32,82,FMN 10 IJzerlaanbrug
657,Fietsbrug Ijzerlaanbrug,2023-07-09,00:00:00,82,23,59,FMN 10 IJzerlaanbrug
657,Fietsbrug Ijzerlaanbrug,2023-07-09,01:00:00,64,12,52,FMN 10 IJzerlaanbrug
657,Fietsbrug Ijzerlaanbrug,2023-07-09,02:00:00,30,13,17,FMN 10 IJzerlaanbrug
657,Fietsbrug Ijzerlaanbrug,2023-07-09,03:00:00,45,7,38,FMN 10 IJzerlaanbrug
657,Fietsbrug Ijzerlaanbrug,2023-07-09,04:00:00,20,9,11,FMN 10 IJzerlaanbrug
657,Fietsbrug Ijzerlaanbrug,2023-07-09,05:00:00,23,7,16,FMN 10 IJzerlaanbrug
657,Fietsbrug Ijzerlaanbrug,2023-07-09,06:00:00,24,12,12,FMN 10 IJzerlaanbrug
657,Fietsbrug Ijzerlaanbrug,2023-07-09,07:00:00,50,22,28,FMN 10 IJzerlaanbrug
657,Fietsbrug Ijzerlaanbrug,2023-07-09,08:00:00,91,55,36,FMN 10 IJzerlaanbrug
657,Fietsbrug Ijzerlaanbrug,2023-07-09,09:00:00,174,87,87,FMN 10 IJzerlaanbrug
657,Fietsbrug Ijzerlaanbrug,2023-07-09,10:00:00,205,108,97,FMN 10 IJzerlaanbrug
657,Fietsbrug Ijzerlaanbrug,2023-07-09,11:00:00,259,148,111,FMN 10 IJzerlaanbrug
657,Fietsbrug Ijzerlaanbrug,2023-07-09,12:00:00,237,126,111,FMN 10 IJzerlaanbrug
657,Fietsbrug Ijzerlaanbrug,2023-07-09,13:00:00,185,90,95,FMN 10 IJzerlaanbrug
657,Fietsbrug Ijzerlaanbrug,2023-07-09,14:00:00,183,74,109,FMN 10 IJzerlaanbrug
657,Fietsbrug Ijzerlaanbrug,2023-07-09,15:00:00,81,27,54,FMN 10 IJzerlaanbrug
657,Fietsbrug Ijzerlaanbrug,2023-07-09,16:00:00,118,47,71,FMN 10 IJzerlaanbrug
657,Fietsbrug Ijzerlaanbrug,2023-07-09,17:00:00,115,66,49,FMN 10 IJzerlaanbrug
657,Fietsbrug Ijzerlaanbrug,2023-07-09,18:00:00,122,70,52,FMN 10 IJzerlaanbrug
657,Fietsbrug Ijzerlaanbrug,2023-07-09,19:00:00,110,54,56,FMN 10 IJzerlaanbrug
657,Fietsbrug Ijzerlaanbrug,2023-07-09,20:00:00,84,35,49,FMN 10 IJzerlaanbrug
657,Fietsbrug Ijzerlaanbrug,2023-07-09,21:00:00,104,37,67,FMN 10 IJzerlaanbrug
657,Fietsbrug Ijzerlaanbrug,2023-07-09,22:00:00,68,24,44,FMN 10 IJzerlaanbrug
657,Fietsbrug Ijzerlaanbrug,2023-07-09,23:00:00,49,15,34,FMN 10 IJzerlaanbrug
657,Fietsbrug Ijzerlaanbrug,2023-07-10,00:00:00,31,8,23,FMN 10 IJzerlaanbrug
657,Fietsbrug Ijzerlaanbrug,2023-07-10,01:00:00,16,4,12,FMN 10 IJzerlaanbrug
657,Fietsbrug Ijzerlaanbrug,2023-07-10,02:00:00,21,10,11,FMN 10 IJzerlaanbrug
657,Fietsbrug Ijzerlaanbrug,2023-07-10,03:00:00,7,2,5,FMN 10 IJzerlaanbrug
657,Fietsbrug Ijzerlaanbrug,2023-07-10,04:00:00,27,16,11,FMN 10 IJzerlaanbrug
657,Fietsbrug Ijzerlaanbrug,2023-07-10,05:00:00,51,28,23,FMN 10 IJzerlaanbrug
657,Fietsbrug Ijzerlaanbrug,2023-07-10,06:00:00,139,89,50,FMN 10 IJzerlaanbrug
657,Fietsbrug Ijzerlaanbrug,2023-07-10,07:00:00,271,196,75,FMN 10 IJzerlaanbrug
657,Fietsbrug Ijzerlaanbrug,2023-07-10,08:00:00,329,244,85,FMN 10 IJzerlaanbrug
657,Fietsbrug Ijzerlaanbrug,2023-07-10,09:00:00,185,138,47,FMN 10 IJzerlaanbrug
657,Fietsbrug Ijzerlaanbrug,2023-07-10,10:00:00,156,93,63,FMN 10 IJzerlaanbrug
657,Fietsbrug Ijzerlaanbrug,2023-07-10,11:00:00,301,156,145,FMN 10 IJzerlaanbrug
657,Fietsbrug Ijzerlaanbrug,2023-07-10,12:00:00,259,135,124,FMN 10 IJzerlaanbrug
657,Fietsbrug Ijzerlaanbrug,2023-07-10,13:00:00,209,123,86,FMN 10 IJzerlaanbrug
657,Fietsbrug Ijzerlaanbrug,2023-07-10,14:00:00,255,112,143,FMN 10 IJzerlaanbrug
657,Fietsbrug Ijzerlaanbrug,2023-07-10,15:00:00,290,101,189,FMN 10 IJzerlaanbrug
657,Fietsbrug Ijzerlaanbrug,2023-07-10,16:00:00,392,153,239,FMN 10 IJzerlaanbrug
657,Fietsbrug Ijzerlaanbrug,2023-07-10,17:00:00,464,134,330,FMN 10 IJzerlaanbrug
657,Fietsbrug Ijzerlaanbrug,2023-07-10,18:00:00,270,102,168,FMN 10 IJzerlaanbrug
657,Fietsbrug Ijzerlaanbrug,2023-07-10,19:00:00,232,101,131,FMN 10 IJzerlaanbrug
657,Fietsbrug Ijzerlaanbrug,2023-07-10,20:00:00,163,83,80,FMN 10 IJzerlaanbrug
657,Fietsbrug Ijzerlaanbrug,2023-07-10,21:00:00,116,58,58,FMN 10 IJzerlaanbrug
657,Fietsbrug Ijzerlaanbrug,2023-07-10,22:00:00,130,43,87,FMN 10 IJzerlaanbrug
657,Fietsbrug Ijzerlaanbrug,2023-07-10,23:00:00,74,28,46,FMN 10 IJzerlaanbrug
657,Fietsbrug Ijzerlaanbrug,2023-07-11,00:00:00,46,13,33,FMN 10 IJzerlaanbrug
657,Fietsbrug Ijzerlaanbrug,2023-07-11,01:00:00,13,4,9,FMN 10 IJzerlaanbrug
657,Fietsbrug Ijzerlaanbrug,2023-07-11,02:00:00,16,6,10,FMN 10 IJzerlaanbrug
657,Fietsbrug Ijzerlaanbrug,2023-07-11,03:00:00,9,1,8,FMN 10 IJzerlaanbrug
657,Fietsbrug Ijzerlaanbrug,2023-07-11,04:00:00,22,19,3,FMN 10 IJzerlaanbrug
657,Fietsbrug Ijzerlaanbrug,2023-07-11,05:00:00,55,33,22,FMN 10 IJzerlaanbrug
657,Fietsbrug Ijzerlaanbrug,2023-07-11,06:00:00,140,87,53,FMN 10 IJzerlaanbrug
657,Fietsbrug Ijzerlaanbrug,2023-07-11,07:00:00,282,185,97,FMN 10 IJzerlaanbrug
657,Fietsbrug Ijzerlaanbrug,2023-07-11,08:00:00,329,244,85,FMN 10 IJzerlaanbrug
657,Fietsbrug Ijzerlaanbrug,2023-07-11,09:00:00,206,134,72,FMN 10 IJzerlaanbrug
657,Fietsbrug Ijzerlaanbrug,2023-07-11,10:00:00,188,125,63,FMN 10 IJzerlaanbrug
657,Fietsbrug Ijzerlaanbrug,2023-07-11,11:00:00,200,144,56,FMN 10 IJzerlaanbrug
657,Fietsbrug Ijzerlaanbrug,2023-07-11,12:00:00,183,90,93,FMN 10 IJzerlaanbrug
657,Fietsbrug Ijzerlaanbrug,2023-07-11,13:00:00,245,140,105,FMN 10 IJzerlaanbrug
657,Fietsbrug Ijzerlaanbrug,2023-07-11,14:00:00,236,105,131,FMN 10 IJzerlaanbrug
657,Fietsbrug Ijzerlaanbrug,2023-07-11,15:00:00,291,121,170,FMN 10 IJzerlaanbrug
657,Fietsbrug Ijzerlaanbrug,2023-07-11,16:00:00,396,155,241,FMN 10 IJzerlaanbrug
657,Fietsbrug Ijzerlaanbrug,2023-07-11,17:00:00,499,186,313,FMN 10 IJzerlaanbrug
657,Fietsbrug Ijzerlaanbrug,2023-07-11,18:00:00,335,152,183,FMN 10 IJzerlaanbrug
657,Fietsbrug Ijzerlaanbrug,2023-07-11,19:00:00,235,117,118,FMN 10 IJzerlaanbrug
657,Fietsbrug Ijzerlaanbrug,2023-07-11,20:00:00,226,117,109,FMN 10 IJzerlaanbrug
657,Fietsbrug Ijzerlaanbrug,2023-07-11,21:00:00,160,64,96,FMN 10 IJzerlaanbrug
657,Fietsbrug Ijzerlaanbrug,2023-07-11,22:00:00,175,38,137,FMN 10 IJzerlaanbrug
657,Fietsbrug Ijzerlaanbrug,2023-07-11,23:00:00,87,15,72,FMN 10 IJzerlaanbrug
657,Fietsbrug Ijzerlaanbrug,2023-07-12,00:00:00,72,14,58,FMN 10 IJzerlaanbrug
657,Fietsbrug Ijzerlaanbrug,2023-07-12,01:00:00,26,2,24,FMN 10 IJzerlaanbrug
657,Fietsbrug Ijzerlaanbrug,2023-07-12,02:00:00,20,2,18,FMN 10 IJzerlaanbrug
657,Fietsbrug Ijzerlaanbrug,2023-07-12,03:00:00,7,1,6,FMN 10 IJzerlaanbrug
657,Fietsbrug Ijzerlaanbrug,2023-07-12,04:00:00,26,15,11,FMN 10 IJzerlaanbrug
657,Fietsbrug Ijzerlaanbrug,2023-07-12,05:00:00,52,34,18,FMN 10 IJzerlaanbrug
657,Fietsbrug Ijzerlaanbrug,2023-07-12,06:00:00,139,90,49,FMN 10 IJzerlaanbrug
657,Fietsbrug Ijzerlaanbrug,2023-07-12,07:00:00,247,179,68,FMN 10 IJzerlaanbrug
657,Fietsbrug Ijzerlaanbrug,2023-07-12,08:00:00,298,242,56,FMN 10 IJzerlaanbrug
657,Fietsbrug Ijzerlaanbrug,2023-07-12,09:00:00,204,147,57,FMN 10 IJzerlaanbrug
657,Fietsbrug Ijzerlaanbrug,2023-07-12,10:00:00,131,89,42,FMN 10 IJzerlaanbrug
657,Fietsbrug Ijzerlaanbrug,2023-07-12,11:00:00,163,82,81,FMN 10 IJzerlaanbrug
657,Fietsbrug Ijzerlaanbrug,2023-07-12,12:00:00,180,101,79,FMN 10 IJzerlaanbrug
657,Fietsbrug Ijzerlaanbrug,2023-07-12,13:00:00,142,81,61,FMN 10 IJzerlaanbrug
657,Fietsbrug Ijzerlaanbrug,2023-07-12,14:00:00,211,94,117,FMN 10 IJzerlaanbrug
657,Fietsbrug Ijzerlaanbrug,2023-07-12,15:00:00,222,87,135,FMN 10 IJzerlaanbrug
657,Fietsbrug Ijzerlaanbrug,2023-07-12,16:00:00,394,146,248,FMN 10 IJzerlaanbrug
657,Fietsbrug Ijzerlaanbrug,2023-07-12,17:00:00,404,118,286,FMN 10 IJzerlaanbrug
657,Fietsbrug Ijzerlaanbrug,2023-07-12,18:00:00,287,116,171,FMN 10 IJzerlaanbrug
657,Fietsbrug Ijzerlaanbrug,2023-07-12,19:00:00,200,88,112,FMN 10 IJzerlaanbrug
657,Fietsbrug Ijzerlaanbrug,2023-07-12,20:00:00,170,95,75,FMN 10 IJzerlaanbrug
657,Fietsbrug Ijzerlaanbrug,2023-07-12,21:00:00,150,74,76,FMN 10 IJzerlaanbrug
657,Fietsbrug Ijzerlaanbrug,2023-07-12,22:00:00,129,31,98,FMN 10 IJzerlaanbrug
657,Fietsbrug Ijzerlaanbrug,2023-07-12,23:00:00,64,21,43,FMN 10 IJzerlaanbrug
657,Fietsbrug Ijzerlaanbrug,2023-07-13,00:00:00,41,16,25,FMN 10 IJzerlaanbrug
657,Fietsbrug Ijzerlaanbrug,2023-07-13,01:00:00,18,6,12,FMN 10 IJzerlaanbrug
657,Fietsbrug Ijzerlaanbrug,2023-07-13,02:00:00,12,3,9,FMN 10 IJzerlaanbrug
657,Fietsbrug Ijzerlaanbrug,2023-07-13,03:00:00,11,3,8,FMN 10 IJzerlaanbrug
657,Fietsbrug Ijzerlaanbrug,2023-07-13,04:00:00,17,11,6,FMN 10 IJzerlaanbrug
657,Fietsbrug Ijzerlaanbrug,2023-07-13,05:00:00,56,39,17,FMN 10 IJzerlaanbrug
657,Fietsbrug Ijzerlaanbrug,2023-07-13,06:00:00,143,90,53,FMN 10 IJzerlaanbrug
657,Fietsbrug Ijzerlaanbrug,2023-07-13,07:00:00,282,207,75,FMN 10 IJzerlaanbrug
657,Fietsbrug Ijzerlaanbrug,2023-07-13,08:00:00,347,269,78,FMN 10 IJzerlaanbrug
657,Fietsbrug Ijzerlaanbrug,2023-07-13,09:00:00,174,120,54,FMN 10 IJzerlaanbrug
657,Fietsbrug Ijzerlaanbrug,2023-07-13,10:00:00,144,92,52,FMN 10 IJzerlaanbrug
657,Fietsbrug Ijzerlaanbrug,2023-07-13,11:00:00,159,86,73,FMN 10 IJzerlaanbrug
657,Fietsbrug Ijzerlaanbrug,2023-07-13,12:00:00,197,127,70,FMN 10 IJzerlaanbrug
657,Fietsbrug Ijzerlaanbrug,2023-07-13,13:00:00,146,87,59,FMN 10 IJzerlaanbrug
657,Fietsbrug Ijzerlaanbrug,2023-07-13,14:00:00,148,65,83,FMN 10 IJzerlaanbrug
657,Fietsbrug Ijzerlaanbrug,2023-07-13,15:00:00,195,64,131,FMN 10 IJzerlaanbrug
657,Fietsbrug Ijzerlaanbrug,2023-07-13,16:00:00,350,112,238,FMN 10 IJzerlaanbrug
657,Fietsbrug Ijzerlaanbrug,2023-07-13,17:00:00,369,97,272,FMN 10 IJzerlaanbrug
657,Fietsbrug Ijzerlaanbrug,2023-07-13,18:00:00,279,90,189,FMN 10 IJzerlaanbrug
657,Fietsbrug Ijzerlaanbrug,2023-07-13,19:00:00,179,96,83,FMN 10 IJzerlaanbrug
657,Fietsbrug Ijzerlaanbrug,2023-07-13,20:00:00,132,57,75,FMN 10 IJzerlaanbrug
657,Fietsbrug Ijzerlaanbrug,2023-07-13,21:00:00,122,41,81,FMN 10 IJzerlaanbrug
657,Fietsbrug Ijzerlaanbrug,2023-07-13,22:00:00,93,30,63,FMN 10 IJzerlaanbrug
657,Fietsbrug Ijzerlaanbrug,2023-07-13,23:00:00,67,21,46,FMN 10 IJzerlaanbrug
657,Fietsbrug Ijzerlaanbrug,2023-07-14,00:00:00,38,13,25,FMN 10 IJzerlaanbrug
657,Fietsbrug Ijzerlaanbrug,2023-07-14,01:00:00,30,12,18,FMN 10 IJzerlaanbrug
657,Fietsbrug Ijzerlaanbrug,2023-07-14,02:00:00,17,5,12,FMN 10 IJzerlaanbrug
657,Fietsbrug Ijzerlaanbrug,2023-07-14,03:00:00,14,5,9,FMN 10 IJzerlaanbrug
657,Fietsbrug Ijzerlaanbrug,2023-07-14,04:00:00,22,13,9,FMN 10 IJzerlaanbrug
657,Fietsbrug Ijzerlaanbrug,2023-07-14,05:00:00,50,33,17,FMN 10 IJzerlaanbrug
657,Fietsbrug Ijzerlaanbrug,2023-07-14,06:00:00,106,71,35,FMN 10 IJzerlaanbrug
657,Fietsbrug Ijzerlaanbrug,2023-07-14,07:00:00,242,157,85,FMN 10 IJzerlaanbrug
657,Fietsbrug Ijzerlaanbrug,2023-07-14,08:00:00,269,211,58,FMN 10 IJzerlaanbrug
657,Fietsbrug Ijzerlaanbrug,2023-07-14,09:00:00,178,121,57,FMN 10 IJzerlaanbrug
657,Fietsbrug Ijzerlaanbrug,2023-07-14,10:00:00,170,111,59,FMN 10 IJzerlaanbrug
657,Fietsbrug Ijzerlaanbrug,2023-07-14,11:00:00,168,107,61,FMN 10 IJzerlaanbrug
657,Fietsbrug Ijzerlaanbrug,2023-07-14,12:00:00,189,98,91,FMN 10 IJzerlaanbrug
657,Fietsbrug Ijzerlaanbrug,2023-07-14,13:00:00,253,149,104,FMN 10 IJzerlaanbrug
657,Fietsbrug Ijzerlaanbrug,2023-07-14,14:00:00,234,104,130,FMN 10 IJzerlaanbrug
657,Fietsbrug Ijzerlaanbrug,2023-07-14,15:00:00,281,115,166,FMN 10 IJzerlaanbrug
657,Fietsbrug Ijzerlaanbrug,2023-07-14,16:00:00,358,117,241,FMN 10 IJzerlaanbrug
657,Fietsbrug Ijzerlaanbrug,2023-07-14,17:00:00,320,125,195,FMN 10 IJzerlaanbrug
657,Fietsbrug Ijzerlaanbrug,2023-07-14,18:00:00,242,96,146,FMN 10 IJzerlaanbrug
657,Fietsbrug Ijzerlaanbrug,2023-07-14,19:00:00,199,100,99,FMN 10 IJzerlaanbrug
657,Fietsbrug Ijzerlaanbrug,2023-07-14,20:00:00,169,92,77,FMN 10 IJzerlaanbrug
657,Fietsbrug Ijzerlaanbrug,2023-07-14,21:00:00,139,68,71,FMN 10 IJzerlaanbrug
657,Fietsbrug Ijzerlaanbrug,2023-07-14,22:00:00,133,50,83,FMN 10 IJzerlaanbrug
657,Fietsbrug Ijzerlaanbrug,2023-07-14,23:00:00,81,18,63,FMN 10 IJzerlaanbrug
657,Fietsbrug Ijzerlaanbrug,2023-07-15,00:00:00,59,13,46,FMN 10 IJzerlaanbrug
657,Fietsbrug Ijzerlaanbrug,2023-07-15,01:00:00,54,17,37,FMN 10 IJzerlaanbrug
657,Fietsbrug Ijzerlaanbrug,2023-07-15,02:00:00,36,6,30,FMN 10 IJzerlaanbrug
657,Fietsbrug Ijzerlaanbrug,2023-07-15,03:00:00,29,5,24,FMN 10 IJzerlaanbrug
657,Fietsbrug Ijzerlaanbrug,2023-07-15,04:00:00,22,8,14,FMN 10 IJzerlaanbrug
657,Fietsbrug Ijzerlaanbrug,2023-07-15,05:00:00,26,10,16,FMN 10 IJzerlaanbrug
657,Fietsbrug Ijzerlaanbrug,2023-07-15,06:00:00,34,20,14,FMN 10 IJzerlaanbrug
657,Fietsbrug Ijzerlaanbrug,2023-07-15,07:00:00,52,19,33,FMN 10 IJzerlaanbrug
657,Fietsbrug Ijzerlaanbrug,2023-07-15,08:00:00,80,45,35,FMN 10 IJzerlaanbrug
657,Fietsbrug Ijzerlaanbrug,2023-07-15,09:00:00,154,109,45,FMN 10 IJzerlaanbrug
657,Fietsbrug Ijzerlaanbrug,2023-07-15,10:00:00,190,102,88,FMN 10 IJzerlaanbrug
657,Fietsbrug Ijzerlaanbrug,2023-07-15,11:00:00,171,90,81,FMN 10 IJzerlaanbrug
657,Fietsbrug Ijzerlaanbrug,2023-07-15,12:00:00,161,83,78,FMN 10 IJzerlaanbrug
657,Fietsbrug Ijzerlaanbrug,2023-07-15,13:00:00,211,135,76,FMN 10 IJzerlaanbrug
657,Fietsbrug Ijzerlaanbrug,2023-07-15,14:00:00,182,87,95,FMN 10 IJzerlaanbrug
657,Fietsbrug Ijzerlaanbrug,2023-07-15,15:00:00,227,133,94,FMN 10 IJzerlaanbrug
657,Fietsbrug Ijzerlaanbrug,2023-07-15,16:00:00,167,79,88,FMN 10 IJzerlaanbrug
657,Fietsbrug Ijzerlaanbrug,2023-07-15,17:00:00,187,81,106,FMN 10 IJzerlaanbrug
657,Fietsbrug Ijzerlaanbrug,2023-07-15,18:00:00,188,97,91,FMN 10 IJzerlaanbrug
657,Fietsbrug Ijzerlaanbrug,2023-07-15,19:00:00,133,73,60,FMN 10 IJzerlaanbrug
657,Fietsbrug Ijzerlaanbrug,2023-07-15,20:00:00,113,64,49,FMN 10 IJzerlaanbrug
657,Fietsbrug Ijzerlaanbrug,2023-07-15,21:00:00,84,42,42,FMN 10 IJzerlaanbrug
657,Fietsbrug Ijzerlaanbrug,2023-07-15,22:00:00,94,44,50,FMN 10 IJzerlaanbrug
657,Fietsbrug Ijzerlaanbrug,2023-07-15,23:00:00,66,16,50,FMN 10 IJzerlaanbrug
657,Fietsbrug Ijzerlaanbrug,2023-07-16,00:00:00,93,26,67,FMN 10 IJzerlaanbrug
657,Fietsbrug Ijzerlaanbrug,2023-07-16,01:00:00,50,13,37,FMN 10 IJzerlaanbrug
657,Fietsbrug Ijzerlaanbrug,2023-07-16,02:00:00,37,8,29,FMN 10 IJzerlaanbrug
657,Fietsbrug Ijzerlaanbrug,2023-07-16,03:00:00,26,3,23,FMN 10 IJzerlaanbrug
657,Fietsbrug Ijzerlaanbrug,2023-07-16,04:00:00,26,7,19,FMN 10 IJzerlaanbrug
657,Fietsbrug Ijzerlaanbrug,2023-07-16,05:00:00,27,10,17,FMN 10 IJzerlaanbrug
657,Fietsbrug Ijzerlaanbrug,2023-07-16,06:00:00,33,20,13,FMN 10 IJzerlaanbrug
657,Fietsbrug Ijzerlaanbrug,2023-07-16,07:00:00,36,13,23,FMN 10 IJzerlaanbrug
657,Fietsbrug Ijzerlaanbrug,2023-07-16,08:00:00,56,35,21,FMN 10 IJzerlaanbrug
657,Fietsbrug Ijzerlaanbrug,2023-07-16,09:00:00,112,73,39,FMN 10 IJzerlaanbrug
657,Fietsbrug Ijzerlaanbrug,2023-07-16,10:00:00,162,96,66,FMN 10 IJzerlaanbrug
657,Fietsbrug Ijzerlaanbrug,2023-07-16,11:00:00,201,120,81,FMN 10 IJzerlaanbrug
657,Fietsbrug Ijzerlaanbrug,2023-07-16,12:00:00,167,88,79,FMN 10 IJzerlaanbrug
657,Fietsbrug Ijzerlaanbrug,2023-07-16,13:00:00,192,115,77,FMN 10 IJzerlaanbrug
657,Fietsbrug Ijzerlaanbrug,2023-07-16,14:00:00,197,105,92,FMN 10 IJzerlaanbrug
657,Fietsbrug Ijzerlaanbrug,2023-07-16,15:00:00,174,79,95,FMN 10 IJzerlaanbrug
657,Fietsbrug Ijzerlaanbrug,2023-07-16,16:00:00,148,47,101,FMN 10 IJzerlaanbrug
657,Fietsbrug Ijzerlaanbrug,2023-07-16,17:00:00,154,57,97,FMN 10 IJzerlaanbrug
657,Fietsbrug Ijzerlaanbrug,2023-07-16,18:00:00,118,51,67,FMN 10 IJzerlaanbrug
657,Fietsbrug Ijzerlaanbrug,2023-07-16,19:00:00,115,53,62,FMN 10 IJzerlaanbrug
657,Fietsbrug Ijzerlaanbrug,2023-07-16,20:00:00,83,39,44,FMN 10 IJzerlaanbrug
657,Fietsbrug Ijzerlaanbrug,2023-07-16,21:00:00,103,39,64,FMN 10 IJzerlaanbrug
657,Fietsbrug Ijzerlaanbrug,2023-07-16,22:00:00,81,34,47,FMN 10 IJzerlaanbrug
657,Fietsbrug Ijzerlaanbrug,2023-07-16,23:00:00,26,9,17,FMN 10 IJzerlaanbrug
657,Fietsbrug Ijzerlaanbrug,2023-07-17,00:00:00,24,10,14,FMN 10 IJzerlaanbrug
657,Fietsbrug Ijzerlaanbrug,2023-07-17,01:00:00,12,4,8,FMN 10 IJzerlaanbrug
657,Fietsbrug Ijzerlaanbrug,2023-07-17,02:00:00,10,5,5,FMN 10 IJzerlaanbrug
657,Fietsbrug Ijzerlaanbrug,2023-07-17,03:00:00,6,4,2,FMN 10 IJzerlaanbrug
657,Fietsbrug Ijzerlaanbrug,2023-07-17,04:00:00,18,10,8,FMN 10 IJzerlaanbrug
657,Fietsbrug Ijzerlaanbrug,2023-07-17,05:00:00,53,36,17,FMN 10 IJzerlaanbrug
657,Fietsbrug Ijzerlaanbrug,2023-07-17,06:00:00,130,81,49,FMN 10 IJzerlaanbrug
657,Fietsbrug Ijzerlaanbrug,2023-07-17,07:00:00,251,181,70,FMN 10 IJzerlaanbrug
657,Fietsbrug Ijzerlaanbrug,2023-07-17,08:00:00,336,272,64,FMN 10 IJzerlaanbrug
657,Fietsbrug Ijzerlaanbrug,2023-07-17,09:00:00,167,114,53,FMN 10 IJzerlaanbrug
657,Fietsbrug Ijzerlaanbrug,2023-07-17,10:00:00,124,78,46,FMN 10 IJzerlaanbrug
657,Fietsbrug Ijzerlaanbrug,2023-07-17,11:00:00,159,94,65,FMN 10 IJzerlaanbrug
657,Fietsbrug Ijzerlaanbrug,2023-07-17,12:00:00,159,86,73,FMN 10 IJzerlaanbrug
657,Fietsbrug Ijzerlaanbrug,2023-07-17,13:00:00,180,100,80,FMN 10 IJzerlaanbrug
657,Fietsbrug Ijzerlaanbrug,2023-07-17,14:00:00,171,76,95,FMN 10 IJzerlaanbrug
657,Fietsbrug Ijzerlaanbrug,2023-07-17,15:00:00,198,86,112,FMN 10 IJzerlaanbrug
657,Fietsbrug Ijzerlaanbrug,2023-07-17,16:00:00,325,119,206,FMN 10 IJzerlaanbrug
657,Fietsbrug Ijzerlaanbrug,2023-07-17,17:00:00,390,104,286,FMN 10 IJzerlaanbrug
657,Fietsbrug Ijzerlaanbrug,2023-07-17,18:00:00,260,85,175,FMN 10 IJzerlaanbrug
657,Fietsbrug Ijzerlaanbrug,2023-07-17,19:00:00,183,88,95,FMN 10 IJzerlaanbrug
657,Fietsbrug Ijzerlaanbrug,2023-07-17,20:00:00,125,61,64,FMN 10 IJzerlaanbrug
657,Fietsbrug Ijzerlaanbrug,2023-07-17,21:00:00,88,37,51,FMN 10 IJzerlaanbrug
657,Fietsbrug Ijzerlaanbrug,2023-07-17,22:00:00,92,30,62,FMN 10 IJzerlaanbrug
657,Fietsbrug Ijzerlaanbrug,2023-07-17,23:00:00,56,14,42,FMN 10 IJzerlaanbrug
657,Fietsbrug Ijzerlaanbrug,2023-07-18,00:00:00,27,11,16,FMN 10 IJzerlaanbrug
657,Fietsbrug Ijzerlaanbrug,2023-07-18,01:00:00,12,4,8,FMN 10 IJzerlaanbrug
657,Fietsbrug Ijzerlaanbrug,2023-07-18,02:00:00,7,4,3,FMN 10 IJzerlaanbrug
657,Fietsbrug Ijzerlaanbrug,2023-07-18,03:00:00,7,1,6,FMN 10 IJzerlaanbrug
657,Fietsbrug Ijzerlaanbrug,2023-07-18,04:00:00,17,12,5,FMN 10 IJzerlaanbrug
657,Fietsbrug Ijzerlaanbrug,2023-07-18,05:00:00,57,39,18,FMN 10 IJzerlaanbrug
657,Fietsbrug Ijzerlaanbrug,2023-07-18,06:00:00,139,92,47,FMN 10 IJzerlaanbrug
657,Fietsbrug Ijzerlaanbrug,2023-07-18,07:00:00,294,220,74,FMN 10 IJzerlaanbrug
657,Fietsbrug Ijzerlaanbrug,2023-07-18,08:00:00,418,328,90,FMN 10 IJzerlaanbrug
657,Fietsbrug Ijzerlaanbrug,2023-07-18,09:00:00,188,137,51,FMN 10 IJzerlaanbrug
657,Fietsbrug Ijzerlaanbrug,2023-07-18,10:00:00,158,94,64,FMN 10 IJzerlaanbrug
657,Fietsbrug Ijzerlaanbrug,2023-07-18,11:00:00,189,118,71,FMN 10 IJzerlaanbrug
657,Fietsbrug Ijzerlaanbrug,2023-07-18,12:00:00,234,147,87,FMN 10 IJzerlaanbrug
657,Fietsbrug Ijzerlaanbrug,2023-07-18,13:00:00,249,134,115,FMN 10 IJzerlaanbrug
657,Fietsbrug Ijzerlaanbrug,2023-07-18,14:00:00,257,128,129,FMN 10 IJzerlaanbrug
657,Fietsbrug Ijzerlaanbrug,2023-07-18,15:00:00,316,150,166,FMN 10 IJzerlaanbrug
657,Fietsbrug Ijzerlaanbrug,2023-07-18,16:00:00,465,164,301,FMN 10 IJzerlaanbrug
657,Fietsbrug Ijzerlaanbrug,2023-07-18,17:00:00,455,137,318,FMN 10 IJzerlaanbrug
657,Fietsbrug Ijzerlaanbrug,2023-07-18,18:00:00,348,120,228,FMN 10 IJzerlaanbrug
657,Fietsbrug Ijzerlaanbrug,2023-07-18,19:00:00,192,83,109,FMN 10 IJzerlaanbrug
657,Fietsbrug Ijzerlaanbrug,2023-07-18,20:00:00,189,85,104,FMN 10 IJzerlaanbrug
657,Fietsbrug Ijzerlaanbrug,2023-07-18,21:00:00,148,60,88,FMN 10 IJzerlaanbrug
657,Fietsbrug Ijzerlaanbrug,2023-07-18,22:00:00,116,49,67,FMN 10 IJzerlaanbrug
657,Fietsbrug Ijzerlaanbrug,2023-07-18,23:00:00,72,18,54,FMN 10 IJzerlaanbrug
657,Fietsbrug Ijzerlaanbrug,2023-07-19,00:00:00,32,6,26,FMN 10 IJzerlaanbrug
657,Fietsbrug Ijzerlaanbrug,2023-07-19,01:00:00,24,10,14,FMN 10 IJzerlaanbrug
657,Fietsbrug Ijzerlaanbrug,2023-07-19,02:00:00,21,10,11,FMN 10 IJzerlaanbrug
657,Fietsbrug Ijzerlaanbrug,2023-07-19,03:00:00,9,1,8,FMN 10 IJzerlaanbrug
657,Fietsbrug Ijzerlaanbrug,2023-07-19,04:00:00,14,10,4,FMN 10 IJzerlaanbrug
657,Fietsbrug Ijzerlaanbrug,2023-07-19,05:00:00,57,35,22,FMN 10 IJzerlaanbrug
657,Fietsbrug Ijzerlaanbrug,2023-07-19,06:00:00,115,68,47,FMN 10 IJzerlaanbrug
657,Fietsbrug Ijzerlaanbrug,2023-07-19,07:00:00,246,174,72,FMN 10 IJzerlaanbrug
657,Fietsbrug Ijzerlaanbrug,2023-07-19,08:00:00,314,240,74,FMN 10 IJzerlaanbrug
657,Fietsbrug Ijzerlaanbrug,2023-07-19,09:00:00,190,126,64,FMN 10 IJzerlaanbrug
657,Fietsbrug Ijzerlaanbrug,2023-07-19,10:00:00,126,82,44,FMN 10 IJzerlaanbrug
657,Fietsbrug Ijzerlaanbrug,2023-07-19,11:00:00,192,88,104,FMN 10 IJzerlaanbrug
657,Fietsbrug Ijzerlaanbrug,2023-07-19,12:00:00,186,115,71,FMN 10 IJzerlaanbrug
657,Fietsbrug Ijzerlaanbrug,2023-07-19,13:00:00,158,83,75,FMN 10 IJzerlaanbrug
657,Fietsbrug Ijzerlaanbrug,2023-07-19,14:00:00,185,88,97,FMN 10 IJzerlaanbrug
657,Fietsbrug Ijzerlaanbrug,2023-07-19,15:00:00,240,96,144,FMN 10 IJzerlaanbrug
657,Fietsbrug Ijzerlaanbrug,2023-07-19,16:00:00,328,114,214,FMN 10 IJzerlaanbrug
657,Fietsbrug Ijzerlaanbrug,2023-07-19,17:00:00,354,107,247,FMN 10 IJzerlaanbrug
657,Fietsbrug Ijzerlaanbrug,2023-07-19,18:00:00,279,88,191,FMN 10 IJzerlaanbrug
657,Fietsbrug Ijzerlaanbrug,2023-07-19,19:00:00,206,72,134,FMN 10 IJzerlaanbrug
657,Fietsbrug Ijzerlaanbrug,2023-07-19,20:00:00,128,67,61,FMN 10 IJzerlaanbrug
657,Fietsbrug Ijzerlaanbrug,2023-07-19,21:00:00,95,37,58,FMN 10 IJzerlaanbrug
657,Fietsbrug Ijzerlaanbrug,2023-07-19,22:00:00,94,25,69,FMN 10 IJzerlaanbrug
657,Fietsbrug Ijzerlaanbrug,2023-07-19,23:00:00,63,23,40,FMN 10 IJzerlaanbrug
657,Fietsbrug Ijzerlaanbrug,2023-07-20,00:00:00,37,12,25,FMN 10 IJzerlaanbrug
657,Fietsbrug Ijzerlaanbrug,2023-07-20,01:00:00,17,2,15,FMN 10 IJzerlaanbrug
657,Fietsbrug Ijzerlaanbrug,2023-07-20,02:00:00,18,2,16,FMN 10 IJzerlaanbrug
657,Fietsbrug Ijzerlaanbrug,2023-07-20,03:00:00,13,5,8,FMN 10 IJzerlaanbrug
657,Fietsbrug Ijzerlaanbrug,2023-07-20,04:00:00,12,7,5,FMN 10 IJzerlaanbrug
657,Fietsbrug Ijzerlaanbrug,2023-07-20,05:00:00,47,30,17,FMN 10 IJzerlaanbrug
657,Fietsbrug Ijzerlaanbrug,2023-07-20,06:00:00,102,66,36,FMN 10 IJzerlaanbrug
657,Fietsbrug Ijzerlaanbrug,2023-07-20,07:00:00,223,153,70,FMN 10 IJzerlaanbrug
657,Fietsbrug Ijzerlaanbrug,2023-07-20,08:00:00,300,230,70,FMN 10 IJzerlaanbrug
657,Fietsbrug Ijzerlaanbrug,2023-07-20,09:00:00,250,143,107,FMN 10 IJzerlaanbrug
657,Fietsbrug Ijzerlaanbrug,2023-07-20,10:00:00,161,86,75,FMN 10 IJzerlaanbrug
657,Fietsbrug Ijzerlaanbrug,2023-07-20,11:00:00,172,105,67,FMN 10 IJzerlaanbrug
657,Fietsbrug Ijzerlaanbrug,2023-07-20,12:00:00,201,109,92,FMN 10 IJzerlaanbrug
657,Fietsbrug Ijzerlaanbrug,2023-07-20,13:00:00,176,92,84,FMN 10 IJzerlaanbrug
657,Fietsbrug Ijzerlaanbrug,2023-07-20,14:00:00,213,88,125,FMN 10 IJzerlaanbrug
657,Fietsbrug Ijzerlaanbrug,2023-07-20,15:00:00,273,110,163,FMN 10 IJzerlaanbrug
657,Fietsbrug Ijzerlaanbrug,2023-07-20,16:00:00,397,143,254,FMN 10 IJzerlaanbrug
657,Fietsbrug Ijzerlaanbrug,2023-07-20,17:00:00,313,107,206,FMN 10 IJzerlaanbrug
657,Fietsbrug Ijzerlaanbrug,2023-07-20,18:00:00,274,102,172,FMN 10 IJzerlaanbrug
657,Fietsbrug Ijzerlaanbrug,2023-07-20,19:00:00,177,84,93,FMN 10 IJzerlaanbrug
657,Fietsbrug Ijzerlaanbrug,2023-07-20,20:00:00,123,61,62,FMN 10 IJzerlaanbrug
657,Fietsbrug Ijzerlaanbrug,2023-07-20,21:00:00,97,35,62,FMN 10 IJzerlaanbrug
657,Fietsbrug Ijzerlaanbrug,2023-07-20,22:00:00,100,21,79,FMN 10 IJzerlaanbrug
657,Fietsbrug Ijzerlaanbrug,2023-07-20,23:00:00,66,20,46,FMN 10 IJzerlaanbrug
657,Fietsbrug Ijzerlaanbrug,2023-07-21,00:00:00,45,22,23,FMN 10 IJzerlaanbrug
657,Fietsbrug Ijzerlaanbrug,2023-07-21,01:00:00,27,3,24,FMN 10 IJzerlaanbrug
657,Fietsbrug Ijzerlaanbrug,2023-07-21,02:00:00,36,13,23,FMN 10 IJzerlaanbrug
657,Fietsbrug Ijzerlaanbrug,2023-07-21,03:00:00,15,5,10,FMN 10 IJzerlaanbrug
657,Fietsbrug Ijzerlaanbrug,2023-07-21,04:00:00,22,2,20,FMN 10 IJzerlaanbrug
657,Fietsbrug Ijzerlaanbrug,2023-07-21,05:00:00,25,10,15,FMN 10 IJzerlaanbrug
657,Fietsbrug Ijzerlaanbrug,2023-07-21,06:00:00,35,19,16,FMN 10 IJzerlaanbrug
657,Fietsbrug Ijzerlaanbrug,2023-07-21,07:00:00,45,30,15,FMN 10 IJzerlaanbrug
657,Fietsbrug Ijzerlaanbrug,2023-07-21,08:00:00,66,32,34,FMN 10 IJzerlaanbrug
657,Fietsbrug Ijzerlaanbrug,2023-07-21,09:00:00,118,87,31,FMN 10 IJzerlaanbrug
657,Fietsbrug Ijzerlaanbrug,2023-07-21,10:00:00,146,90,56,FMN 10 IJzerlaanbrug
657,Fietsbrug Ijzerlaanbrug,2023-07-21,11:00:00,209,119,90,FMN 10 IJzerlaanbrug
657,Fietsbrug Ijzerlaanbrug,2023-07-21,12:00:00,78,44,34,FMN 10 IJzerlaanbrug
657,Fietsbrug Ijzerlaanbrug,2023-07-21,13:00:00,106,55,51,FMN 10 IJzerlaanbrug
657,Fietsbrug Ijzerlaanbrug,2023-07-21,14:00:00,165,83,82,FMN 10 IJzerlaanbrug
657,Fietsbrug Ijzerlaanbrug,2023-07-21,15:00:00,136,59,77,FMN 10 IJzerlaanbrug
657,Fietsbrug Ijzerlaanbrug,2023-07-21,16:00:00,162,72,90,FMN 10 IJzerlaanbrug
657,Fietsbrug Ijzerlaanbrug,2023-07-21,17:00:00,186,99,87,FMN 10 IJzerlaanbrug
657,Fietsbrug Ijzerlaanbrug,2023-07-21,18:00:00,184,84,100,FMN 10 IJzerlaanbrug
657,Fietsbrug Ijzerlaanbrug,2023-07-21,19:00:00,151,73,78,FMN 10 IJzerlaanbrug
657,Fietsbrug Ijzerlaanbrug,2023-07-21,20:00:00,121,64,57,FMN 10 IJzerlaanbrug
657,Fietsbrug Ijzerlaanbrug,2023-07-21,21:00:00,93,39,54,FMN 10 IJzerlaanbrug
657,Fietsbrug Ijzerlaanbrug,2023-07-21,22:00:00,89,38,51,FMN 10 IJzerlaanbrug
657,Fietsbrug Ijzerlaanbrug,2023-07-21,23:00:00,56,27,29,FMN 10 IJzerlaanbrug
657,Fietsbrug Ijzerlaanbrug,2023-07-22,00:00:00,48,13,35,FMN 10 IJzerlaanbrug
657,Fietsbrug Ijzerlaanbrug,2023-07-22,01:00:00,37,10,27,FMN 10 IJzerlaanbrug
657,Fietsbrug Ijzerlaanbrug,2023-07-22,02:00:00,23,7,16,FMN 10 IJzerlaanbrug
657,Fietsbrug Ijzerlaanbrug,2023-07-22,03:00:00,25,5,20,FMN 10 IJzerlaanbrug
657,Fietsbrug Ijzerlaanbrug,2023-07-22,04:00:00,22,6,16,FMN 10 IJzerlaanbrug
657,Fietsbrug Ijzerlaanbrug,2023-07-22,05:00:00,38,21,17,FMN 10 IJzerlaanbrug
657,Fietsbrug Ijzerlaanbrug,2023-07-22,06:00:00,27,10,17,FMN 10 IJzerlaanbrug
657,Fietsbrug Ijzerlaanbrug,2023-07-22,07:00:00,48,20,28,FMN 10 IJzerlaanbrug
657,Fietsbrug Ijzerlaanbrug,2023-07-22,08:00:00,59,41,18,FMN 10 IJzerlaanbrug
657,Fietsbrug Ijzerlaanbrug,2023-07-22,09:00:00,125,91,34,FMN 10 IJzerlaanbrug
657,Fietsbrug Ijzerlaanbrug,2023-07-22,10:00:00,153,99,54,FMN 10 IJzerlaanbrug
657,Fietsbrug Ijzerlaanbrug,2023-07-22,11:00:00,191,118,73,FMN 10 IJzerlaanbrug
657,Fietsbrug Ijzerlaanbrug,2023-07-22,12:00:00,191,106,85,FMN 10 IJzerlaanbrug
657,Fietsbrug Ijzerlaanbrug,2023-07-22,13:00:00,203,112,91,FMN 10 IJzerlaanbrug
657,Fietsbrug Ijzerlaanbrug,2023-07-22,14:00:00,232,123,109,FMN 10 IJzerlaanbrug
657,Fietsbrug Ijzerlaanbrug,2023-07-22,15:00:00,208,87,121,FMN 10 IJzerlaanbrug
657,Fietsbrug Ijzerlaanbrug,2023-07-22,16:00:00,207,91,116,FMN 10 IJzerlaanbrug
657,Fietsbrug Ijzerlaanbrug,2023-07-22,17:00:00,194,64,130,FMN 10 IJzerlaanbrug
657,Fietsbrug Ijzerlaanbrug,2023-07-22,18:00:00,180,69,111,FMN 10 IJzerlaanbrug
657,Fietsbrug Ijzerlaanbrug,2023-07-22,19:00:00,110,37,73,FMN 10 IJzerlaanbrug
657,Fietsbrug Ijzerlaanbrug,2023-07-22,20:00:00,82,39,43,FMN 10 IJzerlaanbrug
657,Fietsbrug Ijzerlaanbrug,2023-07-22,21:00:00,71,34,37,FMN 10 IJzerlaanbrug
657,Fietsbrug Ijzerlaanbrug,2023-07-22,22:00:00,78,30,48,FMN 10 IJzerlaanbrug
657,Fietsbrug Ijzerlaanbrug,2023-07-22,23:00:00,46,11,35,FMN 10 IJzerlaanbrug
657,Fietsbrug Ijzerlaanbrug,2023-07-23,00:00:00,26,7,19,FMN 10 IJzerlaanbrug
657,Fietsbrug Ijzerlaanbrug,2023-07-23,01:00:00,25,6,19,FMN 10 IJzerlaanbrug
657,Fietsbrug Ijzerlaanbrug,2023-07-23,02:00:00,19,6,13,FMN 10 IJzerlaanbrug
657,Fietsbrug Ijzerlaanbrug,2023-07-23,03:00:00,20,2,18,FMN 10 IJzerlaanbrug
657,Fietsbrug Ijzerlaanbrug,2023-07-23,04:00:00,20,2,18,FMN 10 IJzerlaanbrug
657,Fietsbrug Ijzerlaanbrug,2023-07-23,05:00:00,22,12,10,FMN 10 IJzerlaanbrug
657,Fietsbrug Ijzerlaanbrug,2023-07-23,06:00:00,21,9,12,FMN 10 IJzerlaanbrug
657,Fietsbrug Ijzerlaanbrug,2023-07-23,07:00:00,24,14,10,FMN 10 IJzerlaanbrug
657,Fietsbrug Ijzerlaanbrug,2023-07-23,08:00:00,34,23,11,FMN 10 IJzerlaanbrug
657,Fietsbrug Ijzerlaanbrug,2023-07-23,09:00:00,51,28,23,FMN 10 IJzerlaanbrug
657,Fietsbrug Ijzerlaanbrug,2023-07-23,10:00:00,59,38,21,FMN 10 IJzerlaanbrug
657,Fietsbrug Ijzerlaanbrug,2023-07-23,11:00:00,68,33,35,FMN 10 IJzerlaanbrug
657,Fietsbrug Ijzerlaanbrug,2023-07-23,12:00:00,76,43,33,FMN 10 IJzerlaanbrug
657,Fietsbrug Ijzerlaanbrug,2023-07-23,13:00:00,101,57,44,FMN 10 IJzerlaanbrug
657,Fietsbrug Ijzerlaanbrug,2023-07-23,14:00:00,121,54,67,FMN 10 IJzerlaanbrug
657,Fietsbrug Ijzerlaanbrug,2023-07-23,15:00:00,98,44,54,FMN 10 IJzerlaanbrug
657,Fietsbrug Ijzerlaanbrug,2023-07-23,16:00:00,83,56,27,FMN 10 IJzerlaanbrug
657,Fietsbrug Ijzerlaanbrug,2023-07-23,17:00:00,88,26,62,FMN 10 IJzerlaanbrug
657,Fietsbrug Ijzerlaanbrug,2023-07-23,18:00:00,97,45,52,FMN 10 IJzerlaanbrug
657,Fietsbrug Ijzerlaanbrug,2023-07-23,19:00:00,50,18,32,FMN 10 IJzerlaanbrug
657,Fietsbrug Ijzerlaanbrug,2023-07-23,20:00:00,56,22,34,FMN 10 IJzerlaanbrug
657,Fietsbrug Ijzerlaanbrug,2023-07-23,21:00:00,36,12,24,FMN 10 IJzerlaanbrug
657,Fietsbrug Ijzerlaanbrug,2023-07-23,22:00:00,34,17,17,FMN 10 IJzerlaanbrug
657,Fietsbrug Ijzerlaanbrug,2023-07-23,23:00:00,21,9,12,FMN 10 IJzerlaanbrug
657,Fietsbrug Ijzerlaanbrug,2023-07-24,00:00:00,12,3,9,FMN 10 IJzerlaanbrug
657,Fietsbrug Ijzerlaanbrug,2023-07-24,01:00:00,7,2,5,FMN 10 IJzerlaanbrug
657,Fietsbrug Ijzerlaanbrug,2023-07-24,02:00:00,9,1,8,FMN 10 IJzerlaanbrug
657,Fietsbrug Ijzerlaanbrug,2023-07-24,03:00:00,9,4,5,FMN 10 IJzerlaanbrug
657,Fietsbrug Ijzerlaanbrug,2023-07-24,04:00:00,12,7,5,FMN 10 IJzerlaanbrug
657,Fietsbrug Ijzerlaanbrug,2023-07-24,05:00:00,30,17,13,FMN 10 IJzerlaanbrug
657,Fietsbrug Ijzerlaanbrug,2023-07-24,06:00:00,87,56,31,FMN 10 IJzerlaanbrug
657,Fietsbrug Ijzerlaanbrug,2023-07-24,07:00:00,166,130,36,FMN 10 IJzerlaanbrug
657,Fietsbrug Ijzerlaanbrug,2023-07-24,08:00:00,220,177,43,FMN 10 IJzerlaanbrug
657,Fietsbrug Ijzerlaanbrug,2023-07-24,09:00:00,124,80,44,FMN 10 IJzerlaanbrug
657,Fietsbrug Ijzerlaanbrug,2023-07-24,10:00:00,57,34,23,FMN 10 IJzerlaanbrug
657,Fietsbrug Ijzerlaanbrug,2023-07-24,11:00:00,70,43,27,FMN 10 IJzerlaanbrug
657,Fietsbrug Ijzerlaanbrug,2023-07-24,12:00:00,103,56,47,FMN 10 IJzerlaanbrug
657,Fietsbrug Ijzerlaanbrug,2023-07-24,13:00:00,97,47,50,FMN 10 IJzerlaanbrug
657,Fietsbrug Ijzerlaanbrug,2023-07-24,14:00:00,128,69,59,FMN 10 IJzerlaanbrug
657,Fietsbrug Ijzerlaanbrug,2023-07-24,15:00:00,122,46,76,FMN 10 IJzerlaanbrug
657,Fietsbrug Ijzerlaanbrug,2023-07-24,16:00:00,226,88,138,FMN 10 IJzerlaanbrug
657,Fietsbrug Ijzerlaanbrug,2023-07-24,17:00:00,272,62,210,FMN 10 IJzerlaanbrug
657,Fietsbrug Ijzerlaanbrug,2023-07-24,18:00:00,193,62,131,FMN 10 IJzerlaanbrug
657,Fietsbrug Ijzerlaanbrug,2023-07-24,19:00:00,112,40,72,FMN 10 IJzerlaanbrug
657,Fietsbrug Ijzerlaanbrug,2023-07-24,20:00:00,70,37,33,FMN 10 IJzerlaanbrug
657,Fietsbrug Ijzerlaanbrug,2023-07-24,21:00:00,83,43,40,FMN 10 IJzerlaanbrug
657,Fietsbrug Ijzerlaanbrug,2023-07-24,22:00:00,69,24,45,FMN 10 IJzerlaanbrug
657,Fietsbrug Ijzerlaanbrug,2023-07-24,23:00:00,33,13,20,FMN 10 IJzerlaanbrug
657,Fietsbrug Ijzerlaanbrug,2023-07-25,00:00:00,18,7,11,FMN 10 IJzerlaanbrug
657,Fietsbrug Ijzerlaanbrug,2023-07-25,01:00:00,12,6,6,FMN 10 IJzerlaanbrug
657,Fietsbrug Ijzerlaanbrug,2023-07-25,02:00:00,6,1,5,FMN 10 IJzerlaanbrug
657,Fietsbrug Ijzerlaanbrug,2023-07-25,03:00:00,9,4,5,FMN 10 IJzerlaanbrug
657,Fietsbrug Ijzerlaanbrug,2023-07-25,04:00:00,18,9,9,FMN 10 IJzerlaanbrug
657,Fietsbrug Ijzerlaanbrug,2023-07-25,05:00:00,40,25,15,FMN 10 IJzerlaanbrug
657,Fietsbrug Ijzerlaanbrug,2023-07-25,06:00:00,101,65,36,FMN 10 IJzerlaanbrug
657,Fietsbrug Ijzerlaanbrug,2023-07-25,07:00:00,255,198,57,FMN 10 IJzerlaanbrug
657,Fietsbrug Ijzerlaanbrug,2023-07-25,08:00:00,273,210,63,FMN 10 IJzerlaanbrug
657,Fietsbrug Ijzerlaanbrug,2023-07-25,09:00:00,178,124,54,FMN 10 IJzerlaanbrug
657,Fietsbrug Ijzerlaanbrug,2023-07-25,10:00:00,111,67,44,FMN 10 IJzerlaanbrug
657,Fietsbrug Ijzerlaanbrug,2023-07-25,11:00:00,141,84,57,FMN 10 IJzerlaanbrug
657,Fietsbrug Ijzerlaanbrug,2023-07-25,12:00:00,160,96,64,FMN 10 IJzerlaanbrug
657,Fietsbrug Ijzerlaanbrug,2023-07-25,13:00:00,189,112,77,FMN 10 IJzerlaanbrug
657,Fietsbrug Ijzerlaanbrug,2023-07-25,14:00:00,223,109,114,FMN 10 IJzerlaanbrug
657,Fietsbrug Ijzerlaanbrug,2023-07-25,15:00:00,237,119,118,FMN 10 IJzerlaanbrug
657,Fietsbrug Ijzerlaanbrug,2023-07-25,16:00:00,403,138,265,FMN 10 IJzerlaanbrug
657,Fietsbrug Ijzerlaanbrug,2023-07-25,17:00:00,415,124,291,FMN 10 IJzerlaanbrug
657,Fietsbrug Ijzerlaanbrug,2023-07-25,18:00:00,297,100,197,FMN 10 IJzerlaanbrug
657,Fietsbrug Ijzerlaanbrug,2023-07-25,19:00:00,177,76,101,FMN 10 IJzerlaanbrug
657,Fietsbrug Ijzerlaanbrug,2023-07-25,20:00:00,137,59,78,FMN 10 IJzerlaanbrug
657,Fietsbrug Ijzerlaanbrug,2023-07-25,21:00:00,83,29,54,FMN 10 IJzerlaanbrug
657,Fietsbrug Ijzerlaanbrug,2023-07-25,22:00:00,85,22,63,FMN 10 IJzerlaanbrug
657,Fietsbrug Ijzerlaanbrug,2023-07-25,23:00:00,66,17,49,FMN 10 IJzerlaanbrug
657,Fietsbrug Ijzerlaanbrug,2023-07-26,00:00:00,23,7,16,FMN 10 IJzerlaanbrug
657,Fietsbrug Ijzerlaanbrug,2023-07-26,01:00:00,18,5,13,FMN 10 IJzerlaanbrug
657,Fietsbrug Ijzerlaanbrug,2023-07-26,02:00:00,13,3,10,FMN 10 IJzerlaanbrug
657,Fietsbrug Ijzerlaanbrug,2023-07-26,03:00:00,10,2,8,FMN 10 IJzerlaanbrug
657,Fietsbrug Ijzerlaanbrug,2023-07-26,04:00:00,21,13,8,FMN 10 IJzerlaanbrug
657,Fietsbrug Ijzerlaanbrug,2023-07-26,05:00:00,38,20,18,FMN 10 IJzerlaanbrug
657,Fietsbrug Ijzerlaanbrug,2023-07-26,06:00:00,116,71,45,FMN 10 IJzerlaanbrug
657,Fietsbrug Ijzerlaanbrug,2023-07-26,07:00:00,236,175,61,FMN 10 IJzerlaanbrug
657,Fietsbrug Ijzerlaanbrug,2023-07-26,08:00:00,315,234,81,FMN 10 IJzerlaanbrug
657,Fietsbrug Ijzerlaanbrug,2023-07-26,09:00:00,203,137,66,FMN 10 IJzerlaanbrug
657,Fietsbrug Ijzerlaanbrug,2023-07-26,10:00:00,152,90,62,FMN 10 IJzerlaanbrug
657,Fietsbrug Ijzerlaanbrug,2023-07-26,11:00:00,166,93,73,FMN 10 IJzerlaanbrug
657,Fietsbrug Ijzerlaanbrug,2023-07-26,12:00:00,196,115,81,FMN 10 IJzerlaanbrug
657,Fietsbrug Ijzerlaanbrug,2023-07-26,13:00:00,178,102,76,FMN 10 IJzerlaanbrug
657,Fietsbrug Ijzerlaanbrug,2023-07-26,14:00:00,212,115,97,FMN 10 IJzerlaanbrug
657,Fietsbrug Ijzerlaanbrug,2023-07-26,15:00:00,272,77,195,FMN 10 IJzerlaanbrug
657,Fietsbrug Ijzerlaanbrug,2023-07-26,16:00:00,381,144,237,FMN 10 IJzerlaanbrug
657,Fietsbrug Ijzerlaanbrug,2023-07-26,17:00:00,419,135,284,FMN 10 IJzerlaanbrug
657,Fietsbrug Ijzerlaanbrug,2023-07-26,18:00:00,277,117,160,FMN 10 IJzerlaanbrug
657,Fietsbrug Ijzerlaanbrug,2023-07-26,19:00:00,199,82,117,FMN 10 IJzerlaanbrug
657,Fietsbrug Ijzerlaanbrug,2023-07-26,20:00:00,126,55,71,FMN 10 IJzerlaanbrug
657,Fietsbrug Ijzerlaanbrug,2023-07-26,21:00:00,92,44,48,FMN 10 IJzerlaanbrug
657,Fietsbrug Ijzerlaanbrug,2023-07-26,22:00:00,105,28,77,FMN 10 IJzerlaanbrug
657,Fietsbrug Ijzerlaanbrug,2023-07-26,23:00:00,52,13,39,FMN 10 IJzerlaanbrug
657,Fietsbrug Ijzerlaanbrug,2023-07-27,00:00:00,31,12,19,FMN 10 IJzerlaanbrug
657,Fietsbrug Ijzerlaanbrug,2023-07-27,01:00:00,15,5,10,FMN 10 IJzerlaanbrug
657,Fietsbrug Ijzerlaanbrug,2023-07-27,02:00:00,5,0,5,FMN 10 IJzerlaanbrug
657,Fietsbrug Ijzerlaanbrug,2023-07-27,03:00:00,8,4,4,FMN 10 IJzerlaanbrug
657,Fietsbrug Ijzerlaanbrug,2023-07-27,04:00:00,17,13,4,FMN 10 IJzerlaanbrug
657,Fietsbrug Ijzerlaanbrug,2023-07-27,05:00:00,32,19,13,FMN 10 IJzerlaanbrug
657,Fietsbrug Ijzerlaanbrug,2023-07-27,06:00:00,66,36,30,FMN 10 IJzerlaanbrug
657,Fietsbrug Ijzerlaanbrug,2023-07-27,07:00:00,147,103,44,FMN 10 IJzerlaanbrug
657,Fietsbrug Ijzerlaanbrug,2023-07-27,08:00:00,194,155,39,FMN 10 IJzerlaanbrug
657,Fietsbrug Ijzerlaanbrug,2023-07-27,09:00:00,91,63,28,FMN 10 IJzerlaanbrug
657,Fietsbrug Ijzerlaanbrug,2023-07-27,10:00:00,82,53,29,FMN 10 IJzerlaanbrug
657,Fietsbrug Ijzerlaanbrug,2023-07-27,11:00:00,81,48,33,FMN 10 IJzerlaanbrug
657,Fietsbrug Ijzerlaanbrug,2023-07-27,12:00:00,100,51,49,FMN 10 IJzerlaanbrug
657,Fietsbrug Ijzerlaanbrug,2023-07-27,13:00:00,84,36,48,FMN 10 IJzerlaanbrug
657,Fietsbrug Ijzerlaanbrug,2023-07-27,14:00:00,104,45,59,FMN 10 IJzerlaanbrug
657,Fietsbrug Ijzerlaanbrug,2023-07-27,15:00:00,131,57,74,FMN 10 IJzerlaanbrug
657,Fietsbrug Ijzerlaanbrug,2023-07-27,16:00:00,207,70,137,FMN 10 IJzerlaanbrug
657,Fietsbrug Ijzerlaanbrug,2023-07-27,17:00:00,223,67,156,FMN 10 IJzerlaanbrug
657,Fietsbrug Ijzerlaanbrug,2023-07-27,18:00:00,144,47,97,FMN 10 IJzerlaanbrug
657,Fietsbrug Ijzerlaanbrug,2023-07-27,19:00:00,100,42,58,FMN 10 IJzerlaanbrug
657,Fietsbrug Ijzerlaanbrug,2023-07-27,20:00:00,79,39,40,FMN 10 IJzerlaanbrug
657,Fietsbrug Ijzerlaanbrug,2023-07-27,21:00:00,63,29,34,FMN 10 IJzerlaanbrug
657,Fietsbrug Ijzerlaanbrug,2023-07-27,22:00:00,46,15,31,FMN 10 IJzerlaanbrug
657,Fietsbrug Ijzerlaanbrug,2023-07-27,23:00:00,47,20,27,FMN 10 IJzerlaanbrug
657,Fietsbrug Ijzerlaanbrug,2023-07-28,00:00:00,27,10,17,FMN 10 IJzerlaanbrug
657,Fietsbrug Ijzerlaanbrug,2023-07-28,01:00:00,19,6,13,FMN 10 IJzerlaanbrug
657,Fietsbrug Ijzerlaanbrug,2023-07-28,02:00:00,16,4,12,FMN 10 IJzerlaanbrug
657,Fietsbrug Ijzerlaanbrug,2023-07-28,03:00:00,15,3,12,FMN 10 IJzerlaanbrug
657,Fietsbrug Ijzerlaanbrug,2023-07-28,04:00:00,19,10,9,FMN 10 IJzerlaanbrug
657,Fietsbrug Ijzerlaanbrug,2023-07-28,05:00:00,39,26,13,FMN 10 IJzerlaanbrug
657,Fietsbrug Ijzerlaanbrug,2023-07-28,06:00:00,84,51,33,FMN 10 IJzerlaanbrug
657,Fietsbrug Ijzerlaanbrug,2023-07-28,07:00:00,171,123,48,FMN 10 IJzerlaanbrug
657,Fietsbrug Ijzerlaanbrug,2023-07-28,08:00:00,238,181,57,FMN 10 IJzerlaanbrug
657,Fietsbrug Ijzerlaanbrug,2023-07-28,09:00:00,140,96,44,FMN 10 IJzerlaanbrug
657,Fietsbrug Ijzerlaanbrug,2023-07-28,10:00:00,134,94,40,FMN 10 IJzerlaanbrug
657,Fietsbrug Ijzerlaanbrug,2023-07-28,11:00:00,119,72,47,FMN 10 IJzerlaanbrug
657,Fietsbrug Ijzerlaanbrug,2023-07-28,12:00:00,160,82,78,FMN 10 IJzerlaanbrug
657,Fietsbrug Ijzerlaanbrug,2023-07-28,13:00:00,195,101,94,FMN 10 IJzerlaanbrug
657,Fietsbrug Ijzerlaanbrug,2023-07-28,14:00:00,196,108,88,FMN 10 IJzerlaanbrug
657,Fietsbrug Ijzerlaanbrug,2023-07-28,15:00:00,236,105,131,FMN 10 IJzerlaanbrug
657,Fietsbrug Ijzerlaanbrug,2023-07-28,16:00:00,283,115,168,FMN 10 IJzerlaanbrug
657,Fietsbrug Ijzerlaanbrug,2023-07-28,17:00:00,297,108,189,FMN 10 IJzerlaanbrug
657,Fietsbrug Ijzerlaanbrug,2023-07-28,18:00:00,254,124,130,FMN 10 IJzerlaanbrug
657,Fietsbrug Ijzerlaanbrug,2023-07-28,19:00:00,163,75,88,FMN 10 IJzerlaanbrug
657,Fietsbrug Ijzerlaanbrug,2023-07-28,20:00:00,139,61,78,FMN 10 IJzerlaanbrug
657,Fietsbrug Ijzerlaanbrug,2023-07-28,21:00:00,124,61,63,FMN 10 IJzerlaanbrug
657,Fietsbrug Ijzerlaanbrug,2023-07-28,22:00:00,99,43,56,FMN 10 IJzerlaanbrug
657,Fietsbrug Ijzerlaanbrug,2023-07-28,23:00:00,61,16,45,FMN 10 IJzerlaanbrug
657,Fietsbrug Ijzerlaanbrug,2023-07-29,00:00:00,74,15,59,FMN 10 IJzerlaanbrug
657,Fietsbrug Ijzerlaanbrug,2023-07-29,01:00:00,48,14,34,FMN 10 IJzerlaanbrug
657,Fietsbrug Ijzerlaanbrug,2023-07-29,02:00:00,37,7,30,FMN 10 IJzerlaanbrug
657,Fietsbrug Ijzerlaanbrug,2023-07-29,03:00:00,32,5,27,FMN 10 IJzerlaanbrug
657,Fietsbrug Ijzerlaanbrug,2023-07-29,04:00:00,17,5,12,FMN 10 IJzerlaanbrug
657,Fietsbrug Ijzerlaanbrug,2023-07-29,05:00:00,22,9,13,FMN 10 IJzerlaanbrug
657,Fietsbrug Ijzerlaanbrug,2023-07-29,06:00:00,40,20,20,FMN 10 IJzerlaanbrug
657,Fietsbrug Ijzerlaanbrug,2023-07-29,07:00:00,59,20,39,FMN 10 IJzerlaanbrug
657,Fietsbrug Ijzerlaanbrug,2023-07-29,08:00:00,58,28,30,FMN 10 IJzerlaanbrug
657,Fietsbrug Ijzerlaanbrug,2023-07-29,09:00:00,146,100,46,FMN 10 IJzerlaanbrug
657,Fietsbrug Ijzerlaanbrug,2023-07-29,10:00:00,142,96,46,FMN 10 IJzerlaanbrug
657,Fietsbrug Ijzerlaanbrug,2023-07-29,11:00:00,156,102,54,FMN 10 IJzerlaanbrug
657,Fietsbrug Ijzerlaanbrug,2023-07-29,12:00:00,104,65,39,FMN 10 IJzerlaanbrug
657,Fietsbrug Ijzerlaanbrug,2023-07-29,13:00:00,58,23,35,FMN 10 IJzerlaanbrug
657,Fietsbrug Ijzerlaanbrug,2023-07-29,14:00:00,179,89,90,FMN 10 IJzerlaanbrug
657,Fietsbrug Ijzerlaanbrug,2023-07-29,15:00:00,152,74,78,FMN 10 IJzerlaanbrug
657,Fietsbrug Ijzerlaanbrug,2023-07-29,16:00:00,154,71,83,FMN 10 IJzerlaanbrug
657,Fietsbrug Ijzerlaanbrug,2023-07-29,17:00:00,172,93,79,FMN 10 IJzerlaanbrug
657,Fietsbrug Ijzerlaanbrug,2023-07-29,18:00:00,140,53,87,FMN 10 IJzerlaanbrug
657,Fietsbrug Ijzerlaanbrug,2023-07-29,19:00:00,136,70,66,FMN 10 IJzerlaanbrug
657,Fietsbrug Ijzerlaanbrug,2023-07-29,20:00:00,127,56,71,FMN 10 IJzerlaanbrug
657,Fietsbrug Ijzerlaanbrug,2023-07-29,21:00:00,100,56,44,FMN 10 IJzerlaanbrug
657,Fietsbrug Ijzerlaanbrug,2023-07-29,22:00:00,91,40,51,FMN 10 IJzerlaanbrug
657,Fietsbrug Ijzerlaanbrug,2023-07-29,23:00:00,72,28,44,FMN 10 IJzerlaanbrug
657,Fietsbrug Ijzerlaanbrug,2023-07-30,00:00:00,46,17,29,FMN 10 IJzerlaanbrug
657,Fietsbrug Ijzerlaanbrug,2023-07-30,01:00:00,45,14,31,FMN 10 IJzerlaanbrug
657,Fietsbrug Ijzerlaanbrug,2023-07-30,02:00:00,26,10,16,FMN 10 IJzerlaanbrug
657,Fietsbrug Ijzerlaanbrug,2023-07-30,03:00:00,39,7,32,FMN 10 IJzerlaanbrug
657,Fietsbrug Ijzerlaanbrug,2023-07-30,04:00:00,21,2,19,FMN 10 IJzerlaanbrug
657,Fietsbrug Ijzerlaanbrug,2023-07-30,05:00:00,20,5,15,FMN 10 IJzerlaanbrug
657,Fietsbrug Ijzerlaanbrug,2023-07-30,06:00:00,27,12,15,FMN 10 IJzerlaanbrug
657,Fietsbrug Ijzerlaanbrug,2023-07-30,07:00:00,30,17,13,FMN 10 IJzerlaanbrug
657,Fietsbrug Ijzerlaanbrug,2023-07-30,08:00:00,51,28,23,FMN 10 IJzerlaanbrug
657,Fietsbrug Ijzerlaanbrug,2023-07-30,09:00:00,114,64,50,FMN 10 IJzerlaanbrug
657,Fietsbrug Ijzerlaanbrug,2023-07-30,10:00:00,132,71,61,FMN 10 IJzerlaanbrug
657,Fietsbrug Ijzerlaanbrug,2023-07-30,11:00:00,170,99,71,FMN 10 IJzerlaanbrug
657,Fietsbrug Ijzerlaanbrug,2023-07-30,12:00:00,171,99,72,FMN 10 IJzerlaanbrug
657,Fietsbrug Ijzerlaanbrug,2023-07-30,13:00:00,155,92,63,FMN 10 IJzerlaanbrug
657,Fietsbrug Ijzerlaanbrug,2023-07-30,14:00:00,179,99,80,FMN 10 IJzerlaanbrug
657,Fietsbrug Ijzerlaanbrug,2023-07-30,15:00:00,162,68,94,FMN 10 IJzerlaanbrug
657,Fietsbrug Ijzerlaanbrug,2023-07-30,16:00:00,163,67,96,FMN 10 IJzerlaanbrug
657,Fietsbrug Ijzerlaanbrug,2023-07-30,17:00:00,138,45,93,FMN 10 IJzerlaanbrug
657,Fietsbrug Ijzerlaanbrug,2023-07-30,18:00:00,110,47,63,FMN 10 IJzerlaanbrug
657,Fietsbrug Ijzerlaanbrug,2023-07-30,19:00:00,50,16,34,FMN 10 IJzerlaanbrug
657,Fietsbrug Ijzerlaanbrug,2023-07-30,20:00:00,46,14,32,FMN 10 IJzerlaanbrug
657,Fietsbrug Ijzerlaanbrug,2023-07-30,21:00:00,50,13,37,FMN 10 IJzerlaanbrug
657,Fietsbrug Ijzerlaanbrug,2023-07-30,22:00:00,28,14,14,FMN 10 IJzerlaanbrug
657,Fietsbrug Ijzerlaanbrug,2023-07-30,23:00:00,14,7,7,FMN 10 IJzerlaanbrug
657,Fietsbrug Ijzerlaanbrug,2023-07-31,00:00:00,20,7,13,FMN 10 IJzerlaanbrug
657,Fietsbrug Ijzerlaanbrug,2023-07-31,01:00:00,10,5,5,FMN 10 IJzerlaanbrug
657,Fietsbrug Ijzerlaanbrug,2023-07-31,02:00:00,10,5,5,FMN 10 IJzerlaanbrug
657,Fietsbrug Ijzerlaanbrug,2023-07-31,03:00:00,5,2,3,FMN 10 IJzerlaanbrug
657,Fietsbrug Ijzerlaanbrug,2023-07-31,04:00:00,16,12,4,FMN 10 IJzerlaanbrug
657,Fietsbrug Ijzerlaanbrug,2023-07-31,05:00:00,44,27,17,FMN 10 IJzerlaanbrug
657,Fietsbrug Ijzerlaanbrug,2023-07-31,06:00:00,77,44,33,FMN 10 IJzerlaanbrug
657,Fietsbrug Ijzerlaanbrug,2023-07-31,07:00:00,141,103,38,FMN 10 IJzerlaanbrug
657,Fietsbrug Ijzerlaanbrug,2023-07-31,08:00:00,201,161,40,FMN 10 IJzerlaanbrug
657,Fietsbrug Ijzerlaanbrug,2023-07-31,09:00:00,105,72,33,FMN 10 IJzerlaanbrug
657,Fietsbrug Ijzerlaanbrug,2023-07-31,10:00:00,98,42,56,FMN 10 IJzerlaanbrug
657,Fietsbrug Ijzerlaanbrug,2023-07-31,11:00:00,99,61,38,FMN 10 IJzerlaanbrug
657,Fietsbrug Ijzerlaanbrug,2023-07-31,12:00:00,90,51,39,FMN 10 IJzerlaanbrug
657,Fietsbrug Ijzerlaanbrug,2023-07-31,13:00:00,105,46,59,FMN 10 IJzerlaanbrug
657,Fietsbrug Ijzerlaanbrug,2023-07-31,14:00:00,109,53,56,FMN 10 IJzerlaanbrug
657,Fietsbrug Ijzerlaanbrug,2023-07-31,15:00:00,164,92,72,FMN 10 IJzerlaanbrug
657,Fietsbrug Ijzerlaanbrug,2023-07-31,16:00:00,184,63,121,FMN 10 IJzerlaanbrug
657,Fietsbrug Ijzerlaanbrug,2023-07-31,17:00:00,224,58,166,FMN 10 IJzerlaanbrug
657,Fietsbrug Ijzerlaanbrug,2023-07-31,18:00:00,120,37,83,FMN 10 IJzerlaanbrug
657,Fietsbrug Ijzerlaanbrug,2023-07-31,19:00:00,68,28,40,FMN 10 IJzerlaanbrug
657,Fietsbrug Ijzerlaanbrug,2023-07-31,20:00:00,51,23,28,FMN 10 IJzerlaanbrug
657,Fietsbrug Ijzerlaanbrug,2023-07-31,21:00:00,37,15,22,FMN 10 IJzerlaanbrug
657,Fietsbrug Ijzerlaanbrug,2023-07-31,22:00:00,38,15,23,FMN 10 IJzerlaanbrug
657,Fietsbrug Ijzerlaanbrug,2023-07-31,23:00:00,19,4,15,FMN 10 IJzerlaanbrug
657,Fietsbrug Ijzerlaanbrug,2023-08-01,00:00:00,11,3,8,FMN 10 IJzerlaanbrug
657,Fietsbrug Ijzerlaanbrug,2023-08-01,01:00:00,11,2,9,FMN 10 IJzerlaanbrug
657,Fietsbrug Ijzerlaanbrug,2023-08-01,02:00:00,6,4,2,FMN 10 IJzerlaanbrug
657,Fietsbrug Ijzerlaanbrug,2023-08-01,03:00:00,6,3,3,FMN 10 IJzerlaanbrug
657,Fietsbrug Ijzerlaanbrug,2023-08-01,04:00:00,13,10,3,FMN 10 IJzerlaanbrug
657,Fietsbrug Ijzerlaanbrug,2023-08-01,05:00:00,43,29,14,FMN 10 IJzerlaanbrug
657,Fietsbrug Ijzerlaanbrug,2023-08-01,06:00:00,121,77,44,FMN 10 IJzerlaanbrug
657,Fietsbrug Ijzerlaanbrug,2023-08-01,07:00:00,242,179,63,FMN 10 IJzerlaanbrug
657,Fietsbrug Ijzerlaanbrug,2023-08-01,08:00:00,296,230,66,FMN 10 IJzerlaanbrug
657,Fietsbrug Ijzerlaanbrug,2023-08-01,09:00:00,154,94,60,FMN 10 IJzerlaanbrug
657,Fietsbrug Ijzerlaanbrug,2023-08-01,10:00:00,106,65,41,FMN 10 IJzerlaanbrug
657,Fietsbrug Ijzerlaanbrug,2023-08-01,11:00:00,129,92,37,FMN 10 IJzerlaanbrug
657,Fietsbrug Ijzerlaanbrug,2023-08-01,12:00:00,116,67,49,FMN 10 IJzerlaanbrug
657,Fietsbrug Ijzerlaanbrug,2023-08-01,13:00:00,173,119,54,FMN 10 IJzerlaanbrug
657,Fietsbrug Ijzerlaanbrug,2023-08-01,14:00:00,161,71,90,FMN 10 IJzerlaanbrug
657,Fietsbrug Ijzerlaanbrug,2023-08-01,15:00:00,214,87,127,FMN 10 IJzerlaanbrug
657,Fietsbrug Ijzerlaanbrug,2023-08-01,16:00:00,331,103,228,FMN 10 IJzerlaanbrug
657,Fietsbrug Ijzerlaanbrug,2023-08-01,17:00:00,363,102,261,FMN 10 IJzerlaanbrug
657,Fietsbrug Ijzerlaanbrug,2023-08-01,18:00:00,238,73,165,FMN 10 IJzerlaanbrug
657,Fietsbrug Ijzerlaanbrug,2023-08-01,19:00:00,151,75,76,FMN 10 IJzerlaanbrug
657,Fietsbrug Ijzerlaanbrug,2023-08-01,20:00:00,138,62,76,FMN 10 IJzerlaanbrug
657,Fietsbrug Ijzerlaanbrug,2023-08-01,21:00:00,104,41,63,FMN 10 IJzerlaanbrug
657,Fietsbrug Ijzerlaanbrug,2023-08-01,22:00:00,85,23,62,FMN 10 IJzerlaanbrug
657,Fietsbrug Ijzerlaanbrug,2023-08-01,23:00:00,49,22,27,FMN 10 IJzerlaanbrug
657,Fietsbrug Ijzerlaanbrug,2023-08-02,00:00:00,33,14,19,FMN 10 IJzerlaanbrug
657,Fietsbrug Ijzerlaanbrug,2023-08-02,01:00:00,24,5,19,FMN 10 IJzerlaanbrug
657,Fietsbrug Ijzerlaanbrug,2023-08-02,02:00:00,19,7,12,FMN 10 IJzerlaanbrug
657,Fietsbrug Ijzerlaanbrug,2023-08-02,03:00:00,10,4,6,FMN 10 IJzerlaanbrug
657,Fietsbrug Ijzerlaanbrug,2023-08-02,04:00:00,12,8,4,FMN 10 IJzerlaanbrug
657,Fietsbrug Ijzerlaanbrug,2023-08-02,05:00:00,35,19,16,FMN 10 IJzerlaanbrug
657,Fietsbrug Ijzerlaanbrug,2023-08-02,06:00:00,82,48,34,FMN 10 IJzerlaanbrug
657,Fietsbrug Ijzerlaanbrug,2023-08-02,07:00:00,146,120,26,FMN 10 IJzerlaanbrug
657,Fietsbrug Ijzerlaanbrug,2023-08-02,08:00:00,171,126,45,FMN 10 IJzerlaanbrug
657,Fietsbrug Ijzerlaanbrug,2023-08-02,09:00:00,116,75,41,FMN 10 IJzerlaanbrug
657,Fietsbrug Ijzerlaanbrug,2023-08-02,10:00:00,75,43,32,FMN 10 IJzerlaanbrug
657,Fietsbrug Ijzerlaanbrug,2023-08-02,11:00:00,103,67,36,FMN 10 IJzerlaanbrug
657,Fietsbrug Ijzerlaanbrug,2023-08-02,12:00:00,78,34,44,FMN 10 IJzerlaanbrug
657,Fietsbrug Ijzerlaanbrug,2023-08-02,13:00:00,122,75,47,FMN 10 IJzerlaanbrug
657,Fietsbrug Ijzerlaanbrug,2023-08-02,14:00:00,114,64,50,FMN 10 IJzerlaanbrug
657,Fietsbrug Ijzerlaanbrug,2023-08-02,15:00:00,147,67,80,FMN 10 IJzerlaanbrug
657,Fietsbrug Ijzerlaanbrug,2023-08-02,16:00:00,241,93,148,FMN 10 IJzerlaanbrug
657,Fietsbrug Ijzerlaanbrug,2023-08-02,17:00:00,246,73,173,FMN 10 IJzerlaanbrug
657,Fietsbrug Ijzerlaanbrug,2023-08-02,18:00:00,159,69,90,FMN 10 IJzerlaanbrug
657,Fietsbrug Ijzerlaanbrug,2023-08-02,19:00:00,96,32,64,FMN 10 IJzerlaanbrug
657,Fietsbrug Ijzerlaanbrug,2023-08-02,20:00:00,64,30,34,FMN 10 IJzerlaanbrug
657,Fietsbrug Ijzerlaanbrug,2023-08-02,21:00:00,50,22,28,FMN 10 IJzerlaanbrug
657,Fietsbrug Ijzerlaanbrug,2023-08-02,22:00:00,60,21,39,FMN 10 IJzerlaanbrug
657,Fietsbrug Ijzerlaanbrug,2023-08-02,23:00:00,37,12,25,FMN 10 IJzerlaanbrug
657,Fietsbrug Ijzerlaanbrug,2023-08-03,00:00:00,15,8,7,FMN 10 IJzerlaanbrug
657,Fietsbrug Ijzerlaanbrug,2023-08-03,01:00:00,12,4,8,FMN 10 IJzerlaanbrug
657,Fietsbrug Ijzerlaanbrug,2023-08-03,02:00:00,13,3,10,FMN 10 IJzerlaanbrug
657,Fietsbrug Ijzerlaanbrug,2023-08-03,03:00:00,5,2,3,FMN 10 IJzerlaanbrug
657,Fietsbrug Ijzerlaanbrug,2023-08-03,04:00:00,12,6,6,FMN 10 IJzerlaanbrug
657,Fietsbrug Ijzerlaanbrug,2023-08-03,05:00:00,32,21,11,FMN 10 IJzerlaanbrug
657,Fietsbrug Ijzerlaanbrug,2023-08-03,06:00:00,74,50,24,FMN 10 IJzerlaanbrug
657,Fietsbrug Ijzerlaanbrug,2023-08-03,07:00:00,179,125,54,FMN 10 IJzerlaanbrug
657,Fietsbrug Ijzerlaanbrug,2023-08-03,08:00:00,179,142,37,FMN 10 IJzerlaanbrug
657,Fietsbrug Ijzerlaanbrug,2023-08-03,09:00:00,100,69,31,FMN 10 IJzerlaanbrug
657,Fietsbrug Ijzerlaanbrug,2023-08-03,10:00:00,84,43,41,FMN 10 IJzerlaanbrug
657,Fietsbrug Ijzerlaanbrug,2023-08-03,11:00:00,62,28,34,FMN 10 IJzerlaanbrug
657,Fietsbrug Ijzerlaanbrug,2023-08-03,12:00:00,85,43,42,FMN 10 IJzerlaanbrug
657,Fietsbrug Ijzerlaanbrug,2023-08-03,13:00:00,66,30,36,FMN 10 IJzerlaanbrug
657,Fietsbrug Ijzerlaanbrug,2023-08-03,14:00:00,75,30,45,FMN 10 IJzerlaanbrug
657,Fietsbrug Ijzerlaanbrug,2023-08-03,15:00:00,116,49,67,FMN 10 IJzerlaanbrug
657,Fietsbrug Ijzerlaanbrug,2023-08-03,16:00:00,218,81,137,FMN 10 IJzerlaanbrug
657,Fietsbrug Ijzerlaanbrug,2023-08-03,17:00:00,292,95,197,FMN 10 IJzerlaanbrug
657,Fietsbrug Ijzerlaanbrug,2023-08-03,18:00:00,214,93,121,FMN 10 IJzerlaanbrug
657,Fietsbrug Ijzerlaanbrug,2023-08-03,19:00:00,147,65,82,FMN 10 IJzerlaanbrug
657,Fietsbrug Ijzerlaanbrug,2023-08-03,20:00:00,98,59,39,FMN 10 IJzerlaanbrug
657,Fietsbrug Ijzerlaanbrug,2023-08-03,21:00:00,82,36,46,FMN 10 IJzerlaanbrug
657,Fietsbrug Ijzerlaanbrug,2023-08-03,22:00:00,62,18,44,FMN 10 IJzerlaanbrug
657,Fietsbrug Ijzerlaanbrug,2023-08-03,23:00:00,59,23,36,FMN 10 IJzerlaanbrug
657,Fietsbrug Ijzerlaanbrug,2023-08-04,00:00:00,43,10,33,FMN 10 IJzerlaanbrug
657,Fietsbrug Ijzerlaanbrug,2023-08-04,01:00:00,19,7,12,FMN 10 IJzerlaanbrug
657,Fietsbrug Ijzerlaanbrug,2023-08-04,02:00:00,11,1,10,FMN 10 IJzerlaanbrug
657,Fietsbrug Ijzerlaanbrug,2023-08-04,03:00:00,10,2,8,FMN 10 IJzerlaanbrug
657,Fietsbrug Ijzerlaanbrug,2023-08-04,04:00:00,16,11,5,FMN 10 IJzerlaanbrug
657,Fietsbrug Ijzerlaanbrug,2023-08-04,05:00:00,34,18,16,FMN 10 IJzerlaanbrug
657,Fietsbrug Ijzerlaanbrug,2023-08-04,06:00:00,108,60,48,FMN 10 IJzerlaanbrug
657,Fietsbrug Ijzerlaanbrug,2023-08-04,07:00:00,150,104,46,FMN 10 IJzerlaanbrug
657,Fietsbrug Ijzerlaanbrug,2023-08-04,08:00:00,202,162,40,FMN 10 IJzerlaanbrug
657,Fietsbrug Ijzerlaanbrug,2023-08-04,09:00:00,101,62,39,FMN 10 IJzerlaanbrug
657,Fietsbrug Ijzerlaanbrug,2023-08-04,10:00:00,88,57,31,FMN 10 IJzerlaanbrug
657,Fietsbrug Ijzerlaanbrug,2023-08-04,11:00:00,112,67,45,FMN 10 IJzerlaanbrug
657,Fietsbrug Ijzerlaanbrug,2023-08-04,12:00:00,137,74,63,FMN 10 IJzerlaanbrug
657,Fietsbrug Ijzerlaanbrug,2023-08-04,13:00:00,158,86,72,FMN 10 IJzerlaanbrug
657,Fietsbrug Ijzerlaanbrug,2023-08-04,14:00:00,169,77,92,FMN 10 IJzerlaanbrug
657,Fietsbrug Ijzerlaanbrug,2023-08-04,15:00:00,235,109,126,FMN 10 IJzerlaanbrug
657,Fietsbrug Ijzerlaanbrug,2023-08-04,16:00:00,264,92,172,FMN 10 IJzerlaanbrug
657,Fietsbrug Ijzerlaanbrug,2023-08-04,17:00:00,242,84,158,FMN 10 IJzerlaanbrug
657,Fietsbrug Ijzerlaanbrug,2023-08-04,18:00:00,206,87,119,FMN 10 IJzerlaanbrug
657,Fietsbrug Ijzerlaanbrug,2023-08-04,19:00:00,149,68,81,FMN 10 IJzerlaanbrug
657,Fietsbrug Ijzerlaanbrug,2023-08-04,20:00:00,114,64,50,FMN 10 IJzerlaanbrug
657,Fietsbrug Ijzerlaanbrug,2023-08-04,21:00:00,99,44,55,FMN 10 IJzerlaanbrug
657,Fietsbrug Ijzerlaanbrug,2023-08-04,22:00:00,99,36,63,FMN 10 IJzerlaanbrug
657,Fietsbrug Ijzerlaanbrug,2023-08-04,23:00:00,70,27,43,FMN 10 IJzerlaanbrug
657,Fietsbrug Ijzerlaanbrug,2023-08-05,00:00:00,70,19,51,FMN 10 IJzerlaanbrug
657,Fietsbrug Ijzerlaanbrug,2023-08-05,01:00:00,36,12,24,FMN 10 IJzerlaanbrug
657,Fietsbrug Ijzerlaanbrug,2023-08-05,02:00:00,27,6,21,FMN 10 IJzerlaanbrug
657,Fietsbrug Ijzerlaanbrug,2023-08-05,03:00:00,25,5,20,FMN 10 IJzerlaanbrug
657,Fietsbrug Ijzerlaanbrug,2023-08-05,04:00:00,27,5,22,FMN 10 IJzerlaanbrug
657,Fietsbrug Ijzerlaanbrug,2023-08-05,05:00:00,22,6,16,FMN 10 IJzerlaanbrug
657,Fietsbrug Ijzerlaanbrug,2023-08-05,06:00:00,36,19,17,FMN 10 IJzerlaanbrug
657,Fietsbrug Ijzerlaanbrug,2023-08-05,07:00:00,34,19,15,FMN 10 IJzerlaanbrug
657,Fietsbrug Ijzerlaanbrug,2023-08-05,08:00:00,53,32,21,FMN 10 IJzerlaanbrug
657,Fietsbrug Ijzerlaanbrug,2023-08-05,09:00:00,109,75,34,FMN 10 IJzerlaanbrug
657,Fietsbrug Ijzerlaanbrug,2023-08-05,10:00:00,163,113,50,FMN 10 IJzerlaanbrug
657,Fietsbrug Ijzerlaanbrug,2023-08-05,11:00:00,165,78,87,FMN 10 IJzerlaanbrug
657,Fietsbrug Ijzerlaanbrug,2023-08-05,12:00:00,143,57,86,FMN 10 IJzerlaanbrug
657,Fietsbrug Ijzerlaanbrug,2023-08-05,13:00:00,99,51,48,FMN 10 IJzerlaanbrug
657,Fietsbrug Ijzerlaanbrug,2023-08-05,14:00:00,103,53,50,FMN 10 IJzerlaanbrug
657,Fietsbrug Ijzerlaanbrug,2023-08-05,15:00:00,76,36,40,FMN 10 IJzerlaanbrug
657,Fietsbrug Ijzerlaanbrug,2023-08-05,16:00:00,97,48,49,FMN 10 IJzerlaanbrug
657,Fietsbrug Ijzerlaanbrug,2023-08-05,17:00:00,120,62,58,FMN 10 IJzerlaanbrug
657,Fietsbrug Ijzerlaanbrug,2023-08-05,18:00:00,122,58,64,FMN 10 IJzerlaanbrug
657,Fietsbrug Ijzerlaanbrug,2023-08-05,19:00:00,92,43,49,FMN 10 IJzerlaanbrug
657,Fietsbrug Ijzerlaanbrug,2023-08-05,20:00:00,57,24,33,FMN 10 IJzerlaanbrug
657,Fietsbrug Ijzerlaanbrug,2023-08-05,21:00:00,61,27,34,FMN 10 IJzerlaanbrug
657,Fietsbrug Ijzerlaanbrug,2023-08-05,22:00:00,35,12,23,FMN 10 IJzerlaanbrug
657,Fietsbrug Ijzerlaanbrug,2023-08-05,23:00:00,41,11,30,FMN 10 IJzerlaanbrug
657,Fietsbrug Ijzerlaanbrug,2023-08-06,00:00:00,46,6,40,FMN 10 IJzerlaanbrug
657,Fietsbrug Ijzerlaanbrug,2023-08-06,01:00:00,52,8,44,FMN 10 IJzerlaanbrug
657,Fietsbrug Ijzerlaanbrug,2023-08-06,02:00:00,16,9,7,FMN 10 IJzerlaanbrug
657,Fietsbrug Ijzerlaanbrug,2023-08-06,03:00:00,26,10,16,FMN 10 IJzerlaanbrug
657,Fietsbrug Ijzerlaanbrug,2023-08-06,04:00:00,14,5,9,FMN 10 IJzerlaanbrug
657,Fietsbrug Ijzerlaanbrug,2023-08-06,05:00:00,5,1,4,FMN 10 IJzerlaanbrug
657,Fietsbrug Ijzerlaanbrug,2023-08-06,06:00:00,13,7,6,FMN 10 IJzerlaanbrug
657,Fietsbrug Ijzerlaanbrug,2023-08-06,07:00:00,16,7,9,FMN 10 IJzerlaanbrug
657,Fietsbrug Ijzerlaanbrug,2023-08-06,08:00:00,18,10,8,FMN 10 IJzerlaanbrug
657,Fietsbrug Ijzerlaanbrug,2023-08-06,09:00:00,31,15,16,FMN 10 IJzerlaanbrug
657,Fietsbrug Ijzerlaanbrug,2023-08-06,10:00:00,42,25,17,FMN 10 IJzerlaanbrug
657,Fietsbrug Ijzerlaanbrug,2023-08-06,11:00:00,44,24,20,FMN 10 IJzerlaanbrug
657,Fietsbrug Ijzerlaanbrug,2023-08-06,12:00:00,43,25,18,FMN 10 IJzerlaanbrug
657,Fietsbrug Ijzerlaanbrug,2023-08-06,13:00:00,60,33,27,FMN 10 IJzerlaanbrug
657,Fietsbrug Ijzerlaanbrug,2023-08-06,14:00:00,34,13,21,FMN 10 IJzerlaanbrug
657,Fietsbrug Ijzerlaanbrug,2023-08-06,15:00:00,30,13,17,FMN 10 IJzerlaanbrug
657,Fietsbrug Ijzerlaanbrug,2023-08-06,16:00:00,40,17,23,FMN 10 IJzerlaanbrug
657,Fietsbrug Ijzerlaanbrug,2023-08-06,17:00:00,36,14,22,FMN 10 IJzerlaanbrug
657,Fietsbrug Ijzerlaanbrug,2023-08-06,18:00:00,55,20,35,FMN 10 IJzerlaanbrug
657,Fietsbrug Ijzerlaanbrug,2023-08-06,19:00:00,46,27,19,FMN 10 IJzerlaanbrug
657,Fietsbrug Ijzerlaanbrug,2023-08-06,20:00:00,44,23,21,FMN 10 IJzerlaanbrug
657,Fietsbrug Ijzerlaanbrug,2023-08-06,21:00:00,56,20,36,FMN 10 IJzerlaanbrug
657,Fietsbrug Ijzerlaanbrug,2023-08-06,22:00:00,45,19,26,FMN 10 IJzerlaanbrug
657,Fietsbrug Ijzerlaanbrug,2023-08-06,23:00:00,29,8,21,FMN 10 IJzerlaanbrug
657,Fietsbrug Ijzerlaanbrug,2023-08-07,00:00:00,9,2,7,FMN 10 IJzerlaanbrug
657,Fietsbrug Ijzerlaanbrug,2023-08-07,01:00:00,7,4,3,FMN 10 IJzerlaanbrug
657,Fietsbrug Ijzerlaanbrug,2023-08-07,02:00:00,10,5,5,FMN 10 IJzerlaanbrug
657,Fietsbrug Ijzerlaanbrug,2023-08-07,03:00:00,10,5,5,FMN 10 IJzerlaanbrug
657,Fietsbrug Ijzerlaanbrug,2023-08-07,04:00:00,16,13,3,FMN 10 IJzerlaanbrug
657,Fietsbrug Ijzerlaanbrug,2023-08-07,05:00:00,33,20,13,FMN 10 IJzerlaanbrug
657,Fietsbrug Ijzerlaanbrug,2023-08-07,06:00:00,108,71,37,FMN 10 IJzerlaanbrug
657,Fietsbrug Ijzerlaanbrug,2023-08-07,07:00:00,244,175,69,FMN 10 IJzerlaanbrug
657,Fietsbrug Ijzerlaanbrug,2023-08-07,08:00:00,286,225,61,FMN 10 IJzerlaanbrug
657,Fietsbrug Ijzerlaanbrug,2023-08-07,09:00:00,146,100,46,FMN 10 IJzerlaanbrug
657,Fietsbrug Ijzerlaanbrug,2023-08-07,10:00:00,103,62,41,FMN 10 IJzerlaanbrug
657,Fietsbrug Ijzerlaanbrug,2023-08-07,11:00:00,117,63,54,FMN 10 IJzerlaanbrug
657,Fietsbrug Ijzerlaanbrug,2023-08-07,12:00:00,130,69,61,FMN 10 IJzerlaanbrug
657,Fietsbrug Ijzerlaanbrug,2023-08-07,13:00:00,118,74,44,FMN 10 IJzerlaanbrug
657,Fietsbrug Ijzerlaanbrug,2023-08-07,14:00:00,165,76,89,FMN 10 IJzerlaanbrug
657,Fietsbrug Ijzerlaanbrug,2023-08-07,15:00:00,204,89,115,FMN 10 IJzerlaanbrug
657,Fietsbrug Ijzerlaanbrug,2023-08-07,16:00:00,352,119,233,FMN 10 IJzerlaanbrug
657,Fietsbrug Ijzerlaanbrug,2023-08-07,17:00:00,381,101,280,FMN 10 IJzerlaanbrug
657,Fietsbrug Ijzerlaanbrug,2023-08-07,18:00:00,196,70,126,FMN 10 IJzerlaanbrug
657,Fietsbrug Ijzerlaanbrug,2023-08-07,19:00:00,146,73,73,FMN 10 IJzerlaanbrug
657,Fietsbrug Ijzerlaanbrug,2023-08-07,20:00:00,105,52,53,FMN 10 IJzerlaanbrug
657,Fietsbrug Ijzerlaanbrug,2023-08-07,21:00:00,81,34,47,FMN 10 IJzerlaanbrug
657,Fietsbrug Ijzerlaanbrug,2023-08-07,22:00:00,68,19,49,FMN 10 IJzerlaanbrug
657,Fietsbrug Ijzerlaanbrug,2023-08-07,23:00:00,35,7,28,FMN 10 IJzerlaanbrug
657,Fietsbrug Ijzerlaanbrug,2023-08-08,00:00:00,18,5,13,FMN 10 IJzerlaanbrug
657,Fietsbrug Ijzerlaanbrug,2023-08-08,01:00:00,7,2,5,FMN 10 IJzerlaanbrug
657,Fietsbrug Ijzerlaanbrug,2023-08-08,02:00:00,9,2,7,FMN 10 IJzerlaanbrug
657,Fietsbrug Ijzerlaanbrug,2023-08-08,03:00:00,8,6,2,FMN 10 IJzerlaanbrug
657,Fietsbrug Ijzerlaanbrug,2023-08-08,04:00:00,21,17,4,FMN 10 IJzerlaanbrug
657,Fietsbrug Ijzerlaanbrug,2023-08-08,05:00:00,40,24,16,FMN 10 IJzerlaanbrug
657,Fietsbrug Ijzerlaanbrug,2023-08-08,06:00:00,143,91,52,FMN 10 IJzerlaanbrug
657,Fietsbrug Ijzerlaanbrug,2023-08-08,07:00:00,285,206,79,FMN 10 IJzerlaanbrug
657,Fietsbrug Ijzerlaanbrug,2023-08-08,08:00:00,342,261,81,FMN 10 IJzerlaanbrug
657,Fietsbrug Ijzerlaanbrug,2023-08-08,09:00:00,200,143,57,FMN 10 IJzerlaanbrug
657,Fietsbrug Ijzerlaanbrug,2023-08-08,10:00:00,123,74,49,FMN 10 IJzerlaanbrug
657,Fietsbrug Ijzerlaanbrug,2023-08-08,11:00:00,111,64,47,FMN 10 IJzerlaanbrug
657,Fietsbrug Ijzerlaanbrug,2023-08-08,12:00:00,129,64,65,FMN 10 IJzerlaanbrug
657,Fietsbrug Ijzerlaanbrug,2023-08-08,13:00:00,152,80,72,FMN 10 IJzerlaanbrug
657,Fietsbrug Ijzerlaanbrug,2023-08-08,14:00:00,169,84,85,FMN 10 IJzerlaanbrug
657,Fietsbrug Ijzerlaanbrug,2023-08-08,15:00:00,212,76,136,FMN 10 IJzerlaanbrug
657,Fietsbrug Ijzerlaanbrug,2023-08-08,16:00:00,405,129,276,FMN 10 IJzerlaanbrug
657,Fietsbrug Ijzerlaanbrug,2023-08-08,17:00:00,421,104,317,FMN 10 IJzerlaanbrug
657,Fietsbrug Ijzerlaanbrug,2023-08-08,18:00:00,230,79,151,FMN 10 IJzerlaanbrug
657,Fietsbrug Ijzerlaanbrug,2023-08-08,19:00:00,132,49,83,FMN 10 IJzerlaanbrug
657,Fietsbrug Ijzerlaanbrug,2023-08-08,20:00:00,101,45,56,FMN 10 IJzerlaanbrug
657,Fietsbrug Ijzerlaanbrug,2023-08-08,21:00:00,53,15,38,FMN 10 IJzerlaanbrug
657,Fietsbrug Ijzerlaanbrug,2023-08-08,22:00:00,52,18,34,FMN 10 IJzerlaanbrug
657,Fietsbrug Ijzerlaanbrug,2023-08-08,23:00:00,25,10,15,FMN 10 IJzerlaanbrug
657,Fietsbrug Ijzerlaanbrug,2023-08-09,00:00:00,30,7,23,FMN 10 IJzerlaanbrug
657,Fietsbrug Ijzerlaanbrug,2023-08-09,01:00:00,22,7,15,FMN 10 IJzerlaanbrug
657,Fietsbrug Ijzerlaanbrug,2023-08-09,02:00:00,6,3,3,FMN 10 IJzerlaanbrug
657,Fietsbrug Ijzerlaanbrug,2023-08-09,03:00:00,7,3,4,FMN 10 IJzerlaanbrug
657,Fietsbrug Ijzerlaanbrug,2023-08-09,04:00:00,22,15,7,FMN 10 IJzerlaanbrug
657,Fietsbrug Ijzerlaanbrug,2023-08-09,05:00:00,49,28,21,FMN 10 IJzerlaanbrug
657,Fietsbrug Ijzerlaanbrug,2023-08-09,06:00:00,118,82,36,FMN 10 IJzerlaanbrug
657,Fietsbrug Ijzerlaanbrug,2023-08-09,07:00:00,212,151,61,FMN 10 IJzerlaanbrug
657,Fietsbrug Ijzerlaanbrug,2023-08-09,08:00:00,341,264,77,FMN 10 IJzerlaanbrug
657,Fietsbrug Ijzerlaanbrug,2023-08-09,09:00:00,192,140,52,FMN 10 IJzerlaanbrug
657,Fietsbrug Ijzerlaanbrug,2023-08-09,10:00:00,133,74,59,FMN 10 IJzerlaanbrug
657,Fietsbrug Ijzerlaanbrug,2023-08-09,11:00:00,167,112,55,FMN 10 IJzerlaanbrug
657,Fietsbrug Ijzerlaanbrug,2023-08-09,12:00:00,202,100,102,FMN 10 IJzerlaanbrug
657,Fietsbrug Ijzerlaanbrug,2023-08-09,13:00:00,245,112,133,FMN 10 IJzerlaanbrug
657,Fietsbrug Ijzerlaanbrug,2023-08-09,14:00:00,220,111,109,FMN 10 IJzerlaanbrug
657,Fietsbrug Ijzerlaanbrug,2023-08-09,15:00:00,279,103,176,FMN 10 IJzerlaanbrug
657,Fietsbrug Ijzerlaanbrug,2023-08-09,16:00:00,384,126,258,FMN 10 IJzerlaanbrug
657,Fietsbrug Ijzerlaanbrug,2023-08-09,17:00:00,405,126,279,FMN 10 IJzerlaanbrug
657,Fietsbrug Ijzerlaanbrug,2023-08-09,18:00:00,304,123,181,FMN 10 IJzerlaanbrug
657,Fietsbrug Ijzerlaanbrug,2023-08-09,19:00:00,246,93,153,FMN 10 IJzerlaanbrug
657,Fietsbrug Ijzerlaanbrug,2023-08-09,20:00:00,160,90,70,FMN 10 IJzerlaanbrug
657,Fietsbrug Ijzerlaanbrug,2023-08-09,21:00:00,110,42,68,FMN 10 IJzerlaanbrug
657,Fietsbrug Ijzerlaanbrug,2023-08-09,22:00:00,122,34,88,FMN 10 IJzerlaanbrug
657,Fietsbrug Ijzerlaanbrug,2023-08-09,23:00:00,71,16,55,FMN 10 IJzerlaanbrug
657,Fietsbrug Ijzerlaanbrug,2023-08-10,00:00:00,37,13,24,FMN 10 IJzerlaanbrug
657,Fietsbrug Ijzerlaanbrug,2023-08-10,01:00:00,19,7,12,FMN 10 IJzerlaanbrug
657,Fietsbrug Ijzerlaanbrug,2023-08-10,02:00:00,16,4,12,FMN 10 IJzerlaanbrug
657,Fietsbrug Ijzerlaanbrug,2023-08-10,03:00:00,7,2,5,FMN 10 IJzerlaanbrug
657,Fietsbrug Ijzerlaanbrug,2023-08-10,04:00:00,22,13,9,FMN 10 IJzerlaanbrug
657,Fietsbrug Ijzerlaanbrug,2023-08-10,05:00:00,45,32,13,FMN 10 IJzerlaanbrug
657,Fietsbrug Ijzerlaanbrug,2023-08-10,06:00:00,122,78,44,FMN 10 IJzerlaanbrug
657,Fietsbrug Ijzerlaanbrug,2023-08-10,07:00:00,268,192,76,FMN 10 IJzerlaanbrug
657,Fietsbrug Ijzerlaanbrug,2023-08-10,08:00:00,332,250,82,FMN 10 IJzerlaanbrug
657,Fietsbrug Ijzerlaanbrug,2023-08-10,09:00:00,225,162,63,FMN 10 IJzerlaanbrug
657,Fietsbrug Ijzerlaanbrug,2023-08-10,10:00:00,155,98,57,FMN 10 IJzerlaanbrug
657,Fietsbrug Ijzerlaanbrug,2023-08-10,11:00:00,267,141,126,FMN 10 IJzerlaanbrug
657,Fietsbrug Ijzerlaanbrug,2023-08-10,12:00:00,256,136,120,FMN 10 IJzerlaanbrug
657,Fietsbrug Ijzerlaanbrug,2023-08-10,13:00:00,194,105,89,FMN 10 IJzerlaanbrug
657,Fietsbrug Ijzerlaanbrug,2023-08-10,14:00:00,249,133,116,FMN 10 IJzerlaanbrug
657,Fietsbrug Ijzerlaanbrug,2023-08-10,15:00:00,320,120,200,FMN 10 IJzerlaanbrug
657,Fietsbrug Ijzerlaanbrug,2023-08-10,16:00:00,492,180,312,FMN 10 IJzerlaanbrug
657,Fietsbrug Ijzerlaanbrug,2023-08-10,17:00:00,452,157,295,FMN 10 IJzerlaanbrug
657,Fietsbrug Ijzerlaanbrug,2023-08-10,18:00:00,352,149,203,FMN 10 IJzerlaanbrug
657,Fietsbrug Ijzerlaanbrug,2023-08-10,19:00:00,246,89,157,FMN 10 IJzerlaanbrug
657,Fietsbrug Ijzerlaanbrug,2023-08-10,20:00:00,171,90,81,FMN 10 IJzerlaanbrug
657,Fietsbrug Ijzerlaanbrug,2023-08-10,21:00:00,130,55,75,FMN 10 IJzerlaanbrug
657,Fietsbrug Ijzerlaanbrug,2023-08-10,22:00:00,116,38,78,FMN 10 IJzerlaanbrug
657,Fietsbrug Ijzerlaanbrug,2023-08-10,23:00:00,80,22,58,FMN 10 IJzerlaanbrug
657,Fietsbrug Ijzerlaanbrug,2023-08-11,00:00:00,60,12,48,FMN 10 IJzerlaanbrug
657,Fietsbrug Ijzerlaanbrug,2023-08-11,01:00:00,16,4,12,FMN 10 IJzerlaanbrug
657,Fietsbrug Ijzerlaanbrug,2023-08-11,02:00:00,9,3,6,FMN 10 IJzerlaanbrug
657,Fietsbrug Ijzerlaanbrug,2023-08-11,03:00:00,17,6,11,FMN 10 IJzerlaanbrug
657,Fietsbrug Ijzerlaanbrug,2023-08-11,04:00:00,21,11,10,FMN 10 IJzerlaanbrug
657,Fietsbrug Ijzerlaanbrug,2023-08-11,05:00:00,51,24,27,FMN 10 IJzerlaanbrug
657,Fietsbrug Ijzerlaanbrug,2023-08-11,06:00:00,111,69,42,FMN 10 IJzerlaanbrug
657,Fietsbrug Ijzerlaanbrug,2023-08-11,07:00:00,212,140,72,FMN 10 IJzerlaanbrug
657,Fietsbrug Ijzerlaanbrug,2023-08-11,08:00:00,315,228,87,FMN 10 IJzerlaanbrug
657,Fietsbrug Ijzerlaanbrug,2023-08-11,09:00:00,230,161,69,FMN 10 IJzerlaanbrug
657,Fietsbrug Ijzerlaanbrug,2023-08-11,10:00:00,172,106,66,FMN 10 IJzerlaanbrug
657,Fietsbrug Ijzerlaanbrug,2023-08-11,11:00:00,210,128,82,FMN 10 IJzerlaanbrug
657,Fietsbrug Ijzerlaanbrug,2023-08-11,12:00:00,237,133,104,FMN 10 IJzerlaanbrug
657,Fietsbrug Ijzerlaanbrug,2023-08-11,13:00:00,212,110,102,FMN 10 IJzerlaanbrug
657,Fietsbrug Ijzerlaanbrug,2023-08-11,14:00:00,273,127,146,FMN 10 IJzerlaanbrug
657,Fietsbrug Ijzerlaanbrug,2023-08-11,15:00:00,320,116,204,FMN 10 IJzerlaanbrug
657,Fietsbrug Ijzerlaanbrug,2023-08-11,16:00:00,341,118,223,FMN 10 IJzerlaanbrug
657,Fietsbrug Ijzerlaanbrug,2023-08-11,17:00:00,371,159,212,FMN 10 IJzerlaanbrug
657,Fietsbrug Ijzerlaanbrug,2023-08-11,18:00:00,278,103,175,FMN 10 IJzerlaanbrug
657,Fietsbrug Ijzerlaanbrug,2023-08-11,19:00:00,190,90,100,FMN 10 IJzerlaanbrug
657,Fietsbrug Ijzerlaanbrug,2023-08-11,20:00:00,108,36,72,FMN 10 IJzerlaanbrug
657,Fietsbrug Ijzerlaanbrug,2023-08-11,21:00:00,113,47,66,FMN 10 IJzerlaanbrug
657,Fietsbrug Ijzerlaanbrug,2023-08-11,22:00:00,83,27,56,FMN 10 IJzerlaanbrug
657,Fietsbrug Ijzerlaanbrug,2023-08-11,23:00:00,69,24,45,FMN 10 IJzerlaanbrug
657,Fietsbrug Ijzerlaanbrug,2023-08-12,00:00:00,55,18,37,FMN 10 IJzerlaanbrug
657,Fietsbrug Ijzerlaanbrug,2023-08-12,01:00:00,38,6,32,FMN 10 IJzerlaanbrug
657,Fietsbrug Ijzerlaanbrug,2023-08-12,02:00:00,22,7,15,FMN 10 IJzerlaanbrug
657,Fietsbrug Ijzerlaanbrug,2023-08-12,03:00:00,27,8,19,FMN 10 IJzerlaanbrug
657,Fietsbrug Ijzerlaanbrug,2023-08-12,04:00:00,18,4,14,FMN 10 IJzerlaanbrug
657,Fietsbrug Ijzerlaanbrug,2023-08-12,05:00:00,20,8,12,FMN 10 IJzerlaanbrug
657,Fietsbrug Ijzerlaanbrug,2023-08-12,06:00:00,17,8,9,FMN 10 IJzerlaanbrug
657,Fietsbrug Ijzerlaanbrug,2023-08-12,07:00:00,25,10,15,FMN 10 IJzerlaanbrug
657,Fietsbrug Ijzerlaanbrug,2023-08-12,08:00:00,41,27,14,FMN 10 IJzerlaanbrug
657,Fietsbrug Ijzerlaanbrug,2023-08-12,09:00:00,81,58,23,FMN 10 IJzerlaanbrug
657,Fietsbrug Ijzerlaanbrug,2023-08-12,10:00:00,110,84,26,FMN 10 IJzerlaanbrug
657,Fietsbrug Ijzerlaanbrug,2023-08-12,11:00:00,124,78,46,FMN 10 IJzerlaanbrug
657,Fietsbrug Ijzerlaanbrug,2023-08-12,12:00:00,165,92,73,FMN 10 IJzerlaanbrug
657,Fietsbrug Ijzerlaanbrug,2023-08-12,13:00:00,260,191,69,FMN 10 IJzerlaanbrug
657,Fietsbrug Ijzerlaanbrug,2023-08-12,14:00:00,287,206,81,FMN 10 IJzerlaanbrug
657,Fietsbrug Ijzerlaanbrug,2023-08-12,15:00:00,269,137,132,FMN 10 IJzerlaanbrug
657,Fietsbrug Ijzerlaanbrug,2023-08-12,16:00:00,234,95,139,FMN 10 IJzerlaanbrug
657,Fietsbrug Ijzerlaanbrug,2023-08-12,17:00:00,233,101,132,FMN 10 IJzerlaanbrug
657,Fietsbrug Ijzerlaanbrug,2023-08-12,18:00:00,253,128,125,FMN 10 IJzerlaanbrug
657,Fietsbrug Ijzerlaanbrug,2023-08-12,19:00:00,194,68,126,FMN 10 IJzerlaanbrug
657,Fietsbrug Ijzerlaanbrug,2023-08-12,20:00:00,133,56,77,FMN 10 IJzerlaanbrug
657,Fietsbrug Ijzerlaanbrug,2023-08-12,21:00:00,119,42,77,FMN 10 IJzerlaanbrug
657,Fietsbrug Ijzerlaanbrug,2023-08-12,22:00:00,102,36,66,FMN 10 IJzerlaanbrug
657,Fietsbrug Ijzerlaanbrug,2023-08-12,23:00:00,134,33,101,FMN 10 IJzerlaanbrug
657,Fietsbrug Ijzerlaanbrug,2023-08-13,00:00:00,67,23,44,FMN 10 IJzerlaanbrug
657,Fietsbrug Ijzerlaanbrug,2023-08-13,01:00:00,51,20,31,FMN 10 IJzerlaanbrug
657,Fietsbrug Ijzerlaanbrug,2023-08-13,02:00:00,46,24,22,FMN 10 IJzerlaanbrug
657,Fietsbrug Ijzerlaanbrug,2023-08-13,03:00:00,52,12,40,FMN 10 IJzerlaanbrug
657,Fietsbrug Ijzerlaanbrug,2023-08-13,04:00:00,17,5,12,FMN 10 IJzerlaanbrug
657,Fietsbrug Ijzerlaanbrug,2023-08-13,05:00:00,34,10,24,FMN 10 IJzerlaanbrug
657,Fietsbrug Ijzerlaanbrug,2023-08-13,06:00:00,33,18,15,FMN 10 IJzerlaanbrug
657,Fietsbrug Ijzerlaanbrug,2023-08-13,07:00:00,68,48,20,FMN 10 IJzerlaanbrug
657,Fietsbrug Ijzerlaanbrug,2023-08-13,08:00:00,43,28,15,FMN 10 IJzerlaanbrug
657,Fietsbrug Ijzerlaanbrug,2023-08-13,09:00:00,138,95,43,FMN 10 IJzerlaanbrug
657,Fietsbrug Ijzerlaanbrug,2023-08-13,10:00:00,199,100,99,FMN 10 IJzerlaanbrug
657,Fietsbrug Ijzerlaanbrug,2023-08-13,11:00:00,211,122,89,FMN 10 IJzerlaanbrug
657,Fietsbrug Ijzerlaanbrug,2023-08-13,12:00:00,232,138,94,FMN 10 IJzerlaanbrug
657,Fietsbrug Ijzerlaanbrug,2023-08-13,13:00:00,239,160,79,FMN 10 IJzerlaanbrug
657,Fietsbrug Ijzerlaanbrug,2023-08-13,14:00:00,292,166,126,FMN 10 IJzerlaanbrug
657,Fietsbrug Ijzerlaanbrug,2023-08-13,15:00:00,279,132,147,FMN 10 IJzerlaanbrug
657,Fietsbrug Ijzerlaanbrug,2023-08-13,16:00:00,276,104,172,FMN 10 IJzerlaanbrug
657,Fietsbrug Ijzerlaanbrug,2023-08-13,17:00:00,219,93,126,FMN 10 IJzerlaanbrug
657,Fietsbrug Ijzerlaanbrug,2023-08-13,18:00:00,187,60,127,FMN 10 IJzerlaanbrug
657,Fietsbrug Ijzerlaanbrug,2023-08-13,19:00:00,156,62,94,FMN 10 IJzerlaanbrug
657,Fietsbrug Ijzerlaanbrug,2023-08-13,20:00:00,163,64,99,FMN 10 IJzerlaanbrug
657,Fietsbrug Ijzerlaanbrug,2023-08-13,21:00:00,131,42,89,FMN 10 IJzerlaanbrug
657,Fietsbrug Ijzerlaanbrug,2023-08-13,22:00:00,87,27,60,FMN 10 IJzerlaanbrug
657,Fietsbrug Ijzerlaanbrug,2023-08-13,23:00:00,68,23,45,FMN 10 IJzerlaanbrug
657,Fietsbrug Ijzerlaanbrug,2023-08-14,00:00:00,36,11,25,FMN 10 IJzerlaanbrug
657,Fietsbrug Ijzerlaanbrug,2023-08-14,01:00:00,18,6,12,FMN 10 IJzerlaanbrug
657,Fietsbrug Ijzerlaanbrug,2023-08-14,02:00:00,21,8,13,FMN 10 IJzerlaanbrug
657,Fietsbrug Ijzerlaanbrug,2023-08-14,03:00:00,12,4,8,FMN 10 IJzerlaanbrug
657,Fietsbrug Ijzerlaanbrug,2023-08-14,04:00:00,21,10,11,FMN 10 IJzerlaanbrug
657,Fietsbrug Ijzerlaanbrug,2023-08-14,05:00:00,39,21,18,FMN 10 IJzerlaanbrug
657,Fietsbrug Ijzerlaanbrug,2023-08-14,06:00:00,68,45,23,FMN 10 IJzerlaanbrug
657,Fietsbrug Ijzerlaanbrug,2023-08-14,07:00:00,143,87,56,FMN 10 IJzerlaanbrug
657,Fietsbrug Ijzerlaanbrug,2023-08-14,08:00:00,206,153,53,FMN 10 IJzerlaanbrug
657,Fietsbrug Ijzerlaanbrug,2023-08-14,09:00:00,141,88,53,FMN 10 IJzerlaanbrug
657,Fietsbrug Ijzerlaanbrug,2023-08-14,10:00:00,139,87,52,FMN 10 IJzerlaanbrug
657,Fietsbrug Ijzerlaanbrug,2023-08-14,11:00:00,164,98,66,FMN 10 IJzerlaanbrug
657,Fietsbrug Ijzerlaanbrug,2023-08-14,12:00:00,220,140,80,FMN 10 IJzerlaanbrug
657,Fietsbrug Ijzerlaanbrug,2023-08-14,13:00:00,214,120,94,FMN 10 IJzerlaanbrug
657,Fietsbrug Ijzerlaanbrug,2023-08-14,14:00:00,260,133,127,FMN 10 IJzerlaanbrug
657,Fietsbrug Ijzerlaanbrug,2023-08-14,15:00:00,303,151,152,FMN 10 IJzerlaanbrug
657,Fietsbrug Ijzerlaanbrug,2023-08-14,16:00:00,309,121,188,FMN 10 IJzerlaanbrug
657,Fietsbrug Ijzerlaanbrug,2023-08-14,17:00:00,361,147,214,FMN 10 IJzerlaanbrug
657,Fietsbrug Ijzerlaanbrug,2023-08-14,18:00:00,263,105,158,FMN 10 IJzerlaanbrug
657,Fietsbrug Ijzerlaanbrug,2023-08-14,19:00:00,220,101,119,FMN 10 IJzerlaanbrug
657,Fietsbrug Ijzerlaanbrug,2023-08-14,20:00:00,130,62,68,FMN 10 IJzerlaanbrug
657,Fietsbrug Ijzerlaanbrug,2023-08-14,21:00:00,131,54,77,FMN 10 IJzerlaanbrug
657,Fietsbrug Ijzerlaanbrug,2023-08-14,22:00:00,121,47,74,FMN 10 IJzerlaanbrug
657,Fietsbrug Ijzerlaanbrug,2023-08-14,23:00:00,75,15,60,FMN 10 IJzerlaanbrug
657,Fietsbrug Ijzerlaanbrug,2023-08-15,00:00:00,51,13,38,FMN 10 IJzerlaanbrug
657,Fietsbrug Ijzerlaanbrug,2023-08-15,01:00:00,26,8,18,FMN 10 IJzerlaanbrug
657,Fietsbrug Ijzerlaanbrug,2023-08-15,02:00:00,20,7,13,FMN 10 IJzerlaanbrug
657,Fietsbrug Ijzerlaanbrug,2023-08-15,03:00:00,20,5,15,FMN 10 IJzerlaanbrug
657,Fietsbrug Ijzerlaanbrug,2023-08-15,04:00:00,11,8,3,FMN 10 IJzerlaanbrug
657,Fietsbrug Ijzerlaanbrug,2023-08-15,05:00:00,20,10,10,FMN 10 IJzerlaanbrug
657,Fietsbrug Ijzerlaanbrug,2023-08-15,06:00:00,35,20,15,FMN 10 IJzerlaanbrug
657,Fietsbrug Ijzerlaanbrug,2023-08-15,07:00:00,36,19,17,FMN 10 IJzerlaanbrug
657,Fietsbrug Ijzerlaanbrug,2023-08-15,08:00:00,94,67,27,FMN 10 IJzerlaanbrug
657,Fietsbrug Ijzerlaanbrug,2023-08-15,09:00:00,166,123,43,FMN 10 IJzerlaanbrug
657,Fietsbrug Ijzerlaanbrug,2023-08-15,10:00:00,234,152,82,FMN 10 IJzerlaanbrug
657,Fietsbrug Ijzerlaanbrug,2023-08-15,11:00:00,298,194,104,FMN 10 IJzerlaanbrug
657,Fietsbrug Ijzerlaanbrug,2023-08-15,12:00:00,315,196,119,FMN 10 IJzerlaanbrug
657,Fietsbrug Ijzerlaanbrug,2023-08-15,13:00:00,349,193,156,FMN 10 IJzerlaanbrug
657,Fietsbrug Ijzerlaanbrug,2023-08-15,14:00:00,397,188,209,FMN 10 IJzerlaanbrug
657,Fietsbrug Ijzerlaanbrug,2023-08-15,15:00:00,279,105,174,FMN 10 IJzerlaanbrug
657,Fietsbrug Ijzerlaanbrug,2023-08-15,16:00:00,327,133,194,FMN 10 IJzerlaanbrug
657,Fietsbrug Ijzerlaanbrug,2023-08-15,17:00:00,341,116,225,FMN 10 IJzerlaanbrug
657,Fietsbrug Ijzerlaanbrug,2023-08-15,18:00:00,219,95,124,FMN 10 IJzerlaanbrug
657,Fietsbrug Ijzerlaanbrug,2023-08-15,19:00:00,187,77,110,FMN 10 IJzerlaanbrug
657,Fietsbrug Ijzerlaanbrug,2023-08-15,20:00:00,192,83,109,FMN 10 IJzerlaanbrug
657,Fietsbrug Ijzerlaanbrug,2023-08-15,21:00:00,171,76,95,FMN 10 IJzerlaanbrug
657,Fietsbrug Ijzerlaanbrug,2023-08-15,22:00:00,99,38,61,FMN 10 IJzerlaanbrug
657,Fietsbrug Ijzerlaanbrug,2023-08-15,23:00:00,38,11,27,FMN 10 IJzerlaanbrug
657,Fietsbrug Ijzerlaanbrug,2023-08-16,00:00:00,25,6,19,FMN 10 IJzerlaanbrug
657,Fietsbrug Ijzerlaanbrug,2023-08-16,01:00:00,14,5,9,FMN 10 IJzerlaanbrug
657,Fietsbrug Ijzerlaanbrug,2023-08-16,02:00:00,19,4,15,FMN 10 IJzerlaanbrug
657,Fietsbrug Ijzerlaanbrug,2023-08-16,03:00:00,11,5,6,FMN 10 IJzerlaanbrug
657,Fietsbrug Ijzerlaanbrug,2023-08-16,04:00:00,22,13,9,FMN 10 IJzerlaanbrug
657,Fietsbrug Ijzerlaanbrug,2023-08-16,05:00:00,51,33,18,FMN 10 IJzerlaanbrug
657,Fietsbrug Ijzerlaanbrug,2023-08-16,06:00:00,124,81,43,FMN 10 IJzerlaanbrug
657,Fietsbrug Ijzerlaanbrug,2023-08-16,07:00:00,291,206,85,FMN 10 IJzerlaanbrug
657,Fietsbrug Ijzerlaanbrug,2023-08-16,08:00:00,396,312,84,FMN 10 IJzerlaanbrug
657,Fietsbrug Ijzerlaanbrug,2023-08-16,09:00:00,190,126,64,FMN 10 IJzerlaanbrug
657,Fietsbrug Ijzerlaanbrug,2023-08-16,10:00:00,153,109,44,FMN 10 IJzerlaanbrug
657,Fietsbrug Ijzerlaanbrug,2023-08-16,11:00:00,192,109,83,FMN 10 IJzerlaanbrug
657,Fietsbrug Ijzerlaanbrug,2023-08-16,12:00:00,207,123,84,FMN 10 IJzerlaanbrug
657,Fietsbrug Ijzerlaanbrug,2023-08-16,13:00:00,229,119,110,FMN 10 IJzerlaanbrug
657,Fietsbrug Ijzerlaanbrug,2023-08-16,14:00:00,256,126,130,FMN 10 IJzerlaanbrug
657,Fietsbrug Ijzerlaanbrug,2023-08-16,15:00:00,256,96,160,FMN 10 IJzerlaanbrug
657,Fietsbrug Ijzerlaanbrug,2023-08-16,16:00:00,399,149,250,FMN 10 IJzerlaanbrug
657,Fietsbrug Ijzerlaanbrug,2023-08-16,17:00:00,476,140,336,FMN 10 IJzerlaanbrug
657,Fietsbrug Ijzerlaanbrug,2023-08-16,18:00:00,347,110,237,FMN 10 IJzerlaanbrug
657,Fietsbrug Ijzerlaanbrug,2023-08-16,19:00:00,205,93,112,FMN 10 IJzerlaanbrug
657,Fietsbrug Ijzerlaanbrug,2023-08-16,20:00:00,171,97,74,FMN 10 IJzerlaanbrug
657,Fietsbrug Ijzerlaanbrug,2023-08-16,21:00:00,113,43,70,FMN 10 IJzerlaanbrug
657,Fietsbrug Ijzerlaanbrug,2023-08-16,22:00:00,113,38,75,FMN 10 IJzerlaanbrug
657,Fietsbrug Ijzerlaanbrug,2023-08-16,23:00:00,65,19,46,FMN 10 IJzerlaanbrug
657,Fietsbrug Ijzerlaanbrug,2023-08-17,00:00:00,26,14,12,FMN 10 IJzerlaanbrug
657,Fietsbrug Ijzerlaanbrug,2023-08-17,01:00:00,21,2,19,FMN 10 IJzerlaanbrug
657,Fietsbrug Ijzerlaanbrug,2023-08-17,02:00:00,15,4,11,FMN 10 IJzerlaanbrug
657,Fietsbrug Ijzerlaanbrug,2023-08-17,03:00:00,11,3,8,FMN 10 IJzerlaanbrug
657,Fietsbrug Ijzerlaanbrug,2023-08-17,04:00:00,19,11,8,FMN 10 IJzerlaanbrug
657,Fietsbrug Ijzerlaanbrug,2023-08-17,05:00:00,45,31,14,FMN 10 IJzerlaanbrug
657,Fietsbrug Ijzerlaanbrug,2023-08-17,06:00:00,130,87,43,FMN 10 IJzerlaanbrug
657,Fietsbrug Ijzerlaanbrug,2023-08-17,07:00:00,289,206,83,FMN 10 IJzerlaanbrug
657,Fietsbrug Ijzerlaanbrug,2023-08-17,08:00:00,357,291,66,FMN 10 IJzerlaanbrug
657,Fietsbrug Ijzerlaanbrug,2023-08-17,09:00:00,189,138,51,FMN 10 IJzerlaanbrug
657,Fietsbrug Ijzerlaanbrug,2023-08-17,10:00:00,165,130,35,FMN 10 IJzerlaanbrug
657,Fietsbrug Ijzerlaanbrug,2023-08-17,11:00:00,184,111,73,FMN 10 IJzerlaanbrug
657,Fietsbrug Ijzerlaanbrug,2023-08-17,12:00:00,174,103,71,FMN 10 IJzerlaanbrug
657,Fietsbrug Ijzerlaanbrug,2023-08-17,13:00:00,201,103,98,FMN 10 IJzerlaanbrug
657,Fietsbrug Ijzerlaanbrug,2023-08-17,14:00:00,212,102,110,FMN 10 IJzerlaanbrug
657,Fietsbrug Ijzerlaanbrug,2023-08-17,15:00:00,221,65,156,FMN 10 IJzerlaanbrug
657,Fietsbrug Ijzerlaanbrug,2023-08-17,16:00:00,379,129,250,FMN 10 IJzerlaanbrug
657,Fietsbrug Ijzerlaanbrug,2023-08-17,17:00:00,524,163,361,FMN 10 IJzerlaanbrug
657,Fietsbrug Ijzerlaanbrug,2023-08-17,18:00:00,308,117,191,FMN 10 IJzerlaanbrug
657,Fietsbrug Ijzerlaanbrug,2023-08-17,19:00:00,203,94,109,FMN 10 IJzerlaanbrug
657,Fietsbrug Ijzerlaanbrug,2023-08-17,20:00:00,146,73,73,FMN 10 IJzerlaanbrug
657,Fietsbrug Ijzerlaanbrug,2023-08-17,21:00:00,132,41,91,FMN 10 IJzerlaanbrug
657,Fietsbrug Ijzerlaanbrug,2023-08-17,22:00:00,112,36,76,FMN 10 IJzerlaanbrug
657,Fietsbrug Ijzerlaanbrug,2023-08-17,23:00:00,65,20,45,FMN 10 IJzerlaanbrug
657,Fietsbrug Ijzerlaanbrug,2023-08-18,00:00:00,40,10,30,FMN 10 IJzerlaanbrug
657,Fietsbrug Ijzerlaanbrug,2023-08-18,01:00:00,16,4,12,FMN 10 IJzerlaanbrug
657,Fietsbrug Ijzerlaanbrug,2023-08-18,02:00:00,12,4,8,FMN 10 IJzerlaanbrug
657,Fietsbrug Ijzerlaanbrug,2023-08-18,03:00:00,10,3,7,FMN 10 IJzerlaanbrug
657,Fietsbrug Ijzerlaanbrug,2023-08-18,04:00:00,32,17,15,FMN 10 IJzerlaanbrug
657,Fietsbrug Ijzerlaanbrug,2023-08-18,05:00:00,45,31,14,FMN 10 IJzerlaanbrug
657,Fietsbrug Ijzerlaanbrug,2023-08-18,06:00:00,104,64,40,FMN 10 IJzerlaanbrug
657,Fietsbrug Ijzerlaanbrug,2023-08-18,07:00:00,228,155,73,FMN 10 IJzerlaanbrug
657,Fietsbrug Ijzerlaanbrug,2023-08-18,08:00:00,319,252,67,FMN 10 IJzerlaanbrug
657,Fietsbrug Ijzerlaanbrug,2023-08-18,09:00:00,178,124,54,FMN 10 IJzerlaanbrug
657,Fietsbrug Ijzerlaanbrug,2023-08-18,10:00:00,153,99,54,FMN 10 IJzerlaanbrug
657,Fietsbrug Ijzerlaanbrug,2023-08-18,11:00:00,204,130,74,FMN 10 IJzerlaanbrug
657,Fietsbrug Ijzerlaanbrug,2023-08-18,12:00:00,234,125,109,FMN 10 IJzerlaanbrug
657,Fietsbrug Ijzerlaanbrug,2023-08-18,13:00:00,228,128,100,FMN 10 IJzerlaanbrug
657,Fietsbrug Ijzerlaanbrug,2023-08-18,14:00:00,256,144,112,FMN 10 IJzerlaanbrug
657,Fietsbrug Ijzerlaanbrug,2023-08-18,15:00:00,304,135,169,FMN 10 IJzerlaanbrug
657,Fietsbrug Ijzerlaanbrug,2023-08-18,16:00:00,403,128,275,FMN 10 IJzerlaanbrug
657,Fietsbrug Ijzerlaanbrug,2023-08-18,17:00:00,416,193,223,FMN 10 IJzerlaanbrug
657,Fietsbrug Ijzerlaanbrug,2023-08-18,18:00:00,361,166,195,FMN 10 IJzerlaanbrug
657,Fietsbrug Ijzerlaanbrug,2023-08-18,19:00:00,237,129,108,FMN 10 IJzerlaanbrug
657,Fietsbrug Ijzerlaanbrug,2023-08-18,20:00:00,214,127,87,FMN 10 IJzerlaanbrug
657,Fietsbrug Ijzerlaanbrug,2023-08-18,21:00:00,173,86,87,FMN 10 IJzerlaanbrug
657,Fietsbrug Ijzerlaanbrug,2023-08-18,22:00:00,142,55,87,FMN 10 IJzerlaanbrug
657,Fietsbrug Ijzerlaanbrug,2023-08-18,23:00:00,170,36,134,FMN 10 IJzerlaanbrug
657,Fietsbrug Ijzerlaanbrug,2023-08-19,00:00:00,156,27,129,FMN 10 IJzerlaanbrug
657,Fietsbrug Ijzerlaanbrug,2023-08-19,01:00:00,85,16,69,FMN 10 IJzerlaanbrug
657,Fietsbrug Ijzerlaanbrug,2023-08-19,02:00:00,54,7,47,FMN 10 IJzerlaanbrug
657,Fietsbrug Ijzerlaanbrug,2023-08-19,03:00:00,35,6,29,FMN 10 IJzerlaanbrug
657,Fietsbrug Ijzerlaanbrug,2023-08-19,04:00:00,13,6,7,FMN 10 IJzerlaanbrug
657,Fietsbrug Ijzerlaanbrug,2023-08-19,05:00:00,28,9,19,FMN 10 IJzerlaanbrug
657,Fietsbrug Ijzerlaanbrug,2023-08-19,06:00:00,38,20,18,FMN 10 IJzerlaanbrug
657,Fietsbrug Ijzerlaanbrug,2023-08-19,07:00:00,46,22,24,FMN 10 IJzerlaanbrug
657,Fietsbrug Ijzerlaanbrug,2023-08-19,08:00:00,93,55,38,FMN 10 IJzerlaanbrug
657,Fietsbrug Ijzerlaanbrug,2023-08-19,09:00:00,124,79,45,FMN 10 IJzerlaanbrug
657,Fietsbrug Ijzerlaanbrug,2023-08-19,10:00:00,143,87,56,FMN 10 IJzerlaanbrug
657,Fietsbrug Ijzerlaanbrug,2023-08-19,11:00:00,233,146,87,FMN 10 IJzerlaanbrug
657,Fietsbrug Ijzerlaanbrug,2023-08-19,12:00:00,166,82,84,FMN 10 IJzerlaanbrug
657,Fietsbrug Ijzerlaanbrug,2023-08-19,13:00:00,254,150,104,FMN 10 IJzerlaanbrug
657,Fietsbrug Ijzerlaanbrug,2023-08-19,14:00:00,296,189,107,FMN 10 IJzerlaanbrug
657,Fietsbrug Ijzerlaanbrug,2023-08-19,15:00:00,239,128,111,FMN 10 IJzerlaanbrug
657,Fietsbrug Ijzerlaanbrug,2023-08-19,16:00:00,257,107,150,FMN 10 IJzerlaanbrug
657,Fietsbrug Ijzerlaanbrug,2023-08-19,17:00:00,244,132,112,FMN 10 IJzerlaanbrug
657,Fietsbrug Ijzerlaanbrug,2023-08-19,18:00:00,243,130,113,FMN 10 IJzerlaanbrug
657,Fietsbrug Ijzerlaanbrug,2023-08-19,19:00:00,202,120,82,FMN 10 IJzerlaanbrug
657,Fietsbrug Ijzerlaanbrug,2023-08-19,20:00:00,186,93,93,FMN 10 IJzerlaanbrug
657,Fietsbrug Ijzerlaanbrug,2023-08-19,21:00:00,155,67,88,FMN 10 IJzerlaanbrug
657,Fietsbrug Ijzerlaanbrug,2023-08-19,22:00:00,143,33,110,FMN 10 IJzerlaanbrug
657,Fietsbrug Ijzerlaanbrug,2023-08-19,23:00:00,135,32,103,FMN 10 IJzerlaanbrug
657,Fietsbrug Ijzerlaanbrug,2023-08-20,00:00:00,89,15,74,FMN 10 IJzerlaanbrug
657,Fietsbrug Ijzerlaanbrug,2023-08-20,01:00:00,71,19,52,FMN 10 IJzerlaanbrug
657,Fietsbrug Ijzerlaanbrug,2023-08-20,02:00:00,51,7,44,FMN 10 IJzerlaanbrug
657,Fietsbrug Ijzerlaanbrug,2023-08-20,03:00:00,25,9,16,FMN 10 IJzerlaanbrug
657,Fietsbrug Ijzerlaanbrug,2023-08-20,04:00:00,23,6,17,FMN 10 IJzerlaanbrug
657,Fietsbrug Ijzerlaanbrug,2023-08-20,05:00:00,32,7,25,FMN 10 IJzerlaanbrug
657,Fietsbrug Ijzerlaanbrug,2023-08-20,06:00:00,37,25,12,FMN 10 IJzerlaanbrug
657,Fietsbrug Ijzerlaanbrug,2023-08-20,07:00:00,23,11,12,FMN 10 IJzerlaanbrug
657,Fietsbrug Ijzerlaanbrug,2023-08-20,08:00:00,72,46,26,FMN 10 IJzerlaanbrug
657,Fietsbrug Ijzerlaanbrug,2023-08-20,09:00:00,164,92,72,FMN 10 IJzerlaanbrug
657,Fietsbrug Ijzerlaanbrug,2023-08-20,10:00:00,196,115,81,FMN 10 IJzerlaanbrug
657,Fietsbrug Ijzerlaanbrug,2023-08-20,11:00:00,236,146,90,FMN 10 IJzerlaanbrug
657,Fietsbrug Ijzerlaanbrug,2023-08-20,12:00:00,282,174,108,FMN 10 IJzerlaanbrug
657,Fietsbrug Ijzerlaanbrug,2023-08-20,13:00:00,326,190,136,FMN 10 IJzerlaanbrug
657,Fietsbrug Ijzerlaanbrug,2023-08-20,14:00:00,380,228,152,FMN 10 IJzerlaanbrug
657,Fietsbrug Ijzerlaanbrug,2023-08-20,15:00:00,345,171,174,FMN 10 IJzerlaanbrug
657,Fietsbrug Ijzerlaanbrug,2023-08-20,16:00:00,297,148,149,FMN 10 IJzerlaanbrug
657,Fietsbrug Ijzerlaanbrug,2023-08-20,17:00:00,283,148,135,FMN 10 IJzerlaanbrug
657,Fietsbrug Ijzerlaanbrug,2023-08-20,18:00:00,267,131,136,FMN 10 IJzerlaanbrug
657,Fietsbrug Ijzerlaanbrug,2023-08-20,19:00:00,203,87,116,FMN 10 IJzerlaanbrug
657,Fietsbrug Ijzerlaanbrug,2023-08-20,20:00:00,172,69,103,FMN 10 IJzerlaanbrug
657,Fietsbrug Ijzerlaanbrug,2023-08-20,21:00:00,134,44,90,FMN 10 IJzerlaanbrug
657,Fietsbrug Ijzerlaanbrug,2023-08-20,22:00:00,155,33,122,FMN 10 IJzerlaanbrug
657,Fietsbrug Ijzerlaanbrug,2023-08-20,23:00:00,80,21,59,FMN 10 IJzerlaanbrug
657,Fietsbrug Ijzerlaanbrug,2023-08-21,00:00:00,32,8,24,FMN 10 IJzerlaanbrug
657,Fietsbrug Ijzerlaanbrug,2023-08-21,01:00:00,34,9,25,FMN 10 IJzerlaanbrug
657,Fietsbrug Ijzerlaanbrug,2023-08-21,02:00:00,14,5,9,FMN 10 IJzerlaanbrug
657,Fietsbrug Ijzerlaanbrug,2023-08-21,03:00:00,9,2,7,FMN 10 IJzerlaanbrug
657,Fietsbrug Ijzerlaanbrug,2023-08-21,04:00:00,31,20,11,FMN 10 IJzerlaanbrug
657,Fietsbrug Ijzerlaanbrug,2023-08-21,05:00:00,48,28,20,FMN 10 IJzerlaanbrug
657,Fietsbrug Ijzerlaanbrug,2023-08-21,06:00:00,130,82,48,FMN 10 IJzerlaanbrug
657,Fietsbrug Ijzerlaanbrug,2023-08-21,07:00:00,366,264,102,FMN 10 IJzerlaanbrug
657,Fietsbrug Ijzerlaanbrug,2023-08-21,08:00:00,427,349,78,FMN 10 IJzerlaanbrug
657,Fietsbrug Ijzerlaanbrug,2023-08-21,09:00:00,212,145,67,FMN 10 IJzerlaanbrug
657,Fietsbrug Ijzerlaanbrug,2023-08-21,10:00:00,162,105,57,FMN 10 IJzerlaanbrug
657,Fietsbrug Ijzerlaanbrug,2023-08-21,11:00:00,186,110,76,FMN 10 IJzerlaanbrug
657,Fietsbrug Ijzerlaanbrug,2023-08-21,12:00:00,217,121,96,FMN 10 IJzerlaanbrug
657,Fietsbrug Ijzerlaanbrug,2023-08-21,13:00:00,216,103,113,FMN 10 IJzerlaanbrug
657,Fietsbrug Ijzerlaanbrug,2023-08-21,14:00:00,202,111,91,FMN 10 IJzerlaanbrug
657,Fietsbrug Ijzerlaanbrug,2023-08-21,15:00:00,294,112,182,FMN 10 IJzerlaanbrug
657,Fietsbrug Ijzerlaanbrug,2023-08-21,16:00:00,486,172,314,FMN 10 IJzerlaanbrug
657,Fietsbrug Ijzerlaanbrug,2023-08-21,17:00:00,525,142,383,FMN 10 IJzerlaanbrug
657,Fietsbrug Ijzerlaanbrug,2023-08-21,18:00:00,293,109,184,FMN 10 IJzerlaanbrug
657,Fietsbrug Ijzerlaanbrug,2023-08-21,19:00:00,232,85,147,FMN 10 IJzerlaanbrug
657,Fietsbrug Ijzerlaanbrug,2023-08-21,20:00:00,144,62,82,FMN 10 IJzerlaanbrug
657,Fietsbrug Ijzerlaanbrug,2023-08-21,21:00:00,126,60,66,FMN 10 IJzerlaanbrug
657,Fietsbrug Ijzerlaanbrug,2023-08-21,22:00:00,106,34,72,FMN 10 IJzerlaanbrug
657,Fietsbrug Ijzerlaanbrug,2023-08-21,23:00:00,40,9,31,FMN 10 IJzerlaanbrug
657,Fietsbrug Ijzerlaanbrug,2023-08-22,00:00:00,32,12,20,FMN 10 IJzerlaanbrug
657,Fietsbrug Ijzerlaanbrug,2023-08-22,01:00:00,13,5,8,FMN 10 IJzerlaanbrug
657,Fietsbrug Ijzerlaanbrug,2023-08-22,02:00:00,8,7,1,FMN 10 IJzerlaanbrug
657,Fietsbrug Ijzerlaanbrug,2023-08-22,03:00:00,15,9,6,FMN 10 IJzerlaanbrug
657,Fietsbrug Ijzerlaanbrug,2023-08-22,04:00:00,19,12,7,FMN 10 IJzerlaanbrug
657,Fietsbrug Ijzerlaanbrug,2023-08-22,05:00:00,54,36,18,FMN 10 IJzerlaanbrug
657,Fietsbrug Ijzerlaanbrug,2023-08-22,06:00:00,161,113,48,FMN 10 IJzerlaanbrug
657,Fietsbrug Ijzerlaanbrug,2023-08-22,07:00:00,369,274,95,FMN 10 IJzerlaanbrug
657,Fietsbrug Ijzerlaanbrug,2023-08-22,08:00:00,499,401,98,FMN 10 IJzerlaanbrug
657,Fietsbrug Ijzerlaanbrug,2023-08-22,09:00:00,280,192,88,FMN 10 IJzerlaanbrug
657,Fietsbrug Ijzerlaanbrug,2023-08-22,10:00:00,195,111,84,FMN 10 IJzerlaanbrug
657,Fietsbrug Ijzerlaanbrug,2023-08-22,11:00:00,160,87,73,FMN 10 IJzerlaanbrug
657,Fietsbrug Ijzerlaanbrug,2023-08-22,12:00:00,214,117,97,FMN 10 IJzerlaanbrug
657,Fietsbrug Ijzerlaanbrug,2023-08-22,13:00:00,232,136,96,FMN 10 IJzerlaanbrug
657,Fietsbrug Ijzerlaanbrug,2023-08-22,14:00:00,237,116,121,FMN 10 IJzerlaanbrug
657,Fietsbrug Ijzerlaanbrug,2023-08-22,15:00:00,338,132,206,FMN 10 IJzerlaanbrug
657,Fietsbrug Ijzerlaanbrug,2023-08-22,16:00:00,521,181,340,FMN 10 IJzerlaanbrug
657,Fietsbrug Ijzerlaanbrug,2023-08-22,17:00:00,605,170,435,FMN 10 IJzerlaanbrug
657,Fietsbrug Ijzerlaanbrug,2023-08-22,18:00:00,404,141,263,FMN 10 IJzerlaanbrug
657,Fietsbrug Ijzerlaanbrug,2023-08-22,19:00:00,247,105,142,FMN 10 IJzerlaanbrug
657,Fietsbrug Ijzerlaanbrug,2023-08-22,20:00:00,183,90,93,FMN 10 IJzerlaanbrug
657,Fietsbrug Ijzerlaanbrug,2023-08-22,21:00:00,131,53,78,FMN 10 IJzerlaanbrug
657,Fietsbrug Ijzerlaanbrug,2023-08-22,22:00:00,128,41,87,FMN 10 IJzerlaanbrug
657,Fietsbrug Ijzerlaanbrug,2023-08-22,23:00:00,83,34,49,FMN 10 IJzerlaanbrug
657,Fietsbrug Ijzerlaanbrug,2023-08-23,00:00:00,63,19,44,FMN 10 IJzerlaanbrug
657,Fietsbrug Ijzerlaanbrug,2023-08-23,01:00:00,21,10,11,FMN 10 IJzerlaanbrug
657,Fietsbrug Ijzerlaanbrug,2023-08-23,02:00:00,18,6,12,FMN 10 IJzerlaanbrug
657,Fietsbrug Ijzerlaanbrug,2023-08-23,03:00:00,15,7,8,FMN 10 IJzerlaanbrug
657,Fietsbrug Ijzerlaanbrug,2023-08-23,04:00:00,29,15,14,FMN 10 IJzerlaanbrug
657,Fietsbrug Ijzerlaanbrug,2023-08-23,05:00:00,58,32,26,FMN 10 IJzerlaanbrug
657,Fietsbrug Ijzerlaanbrug,2023-08-23,06:00:00,148,96,52,FMN 10 IJzerlaanbrug
657,Fietsbrug Ijzerlaanbrug,2023-08-23,07:00:00,335,239,96,FMN 10 IJzerlaanbrug
657,Fietsbrug Ijzerlaanbrug,2023-08-23,08:00:00,459,356,103,FMN 10 IJzerlaanbrug
657,Fietsbrug Ijzerlaanbrug,2023-08-23,09:00:00,251,165,86,FMN 10 IJzerlaanbrug
657,Fietsbrug Ijzerlaanbrug,2023-08-23,10:00:00,202,125,77,FMN 10 IJzerlaanbrug
657,Fietsbrug Ijzerlaanbrug,2023-08-23,11:00:00,209,135,74,FMN 10 IJzerlaanbrug
657,Fietsbrug Ijzerlaanbrug,2023-08-23,12:00:00,281,175,106,FMN 10 IJzerlaanbrug
657,Fietsbrug Ijzerlaanbrug,2023-08-23,13:00:00,249,135,114,FMN 10 IJzerlaanbrug
657,Fietsbrug Ijzerlaanbrug,2023-08-23,14:00:00,299,141,158,FMN 10 IJzerlaanbrug
657,Fietsbrug Ijzerlaanbrug,2023-08-23,15:00:00,358,131,227,FMN 10 IJzerlaanbrug
657,Fietsbrug Ijzerlaanbrug,2023-08-23,16:00:00,515,162,353,FMN 10 IJzerlaanbrug
657,Fietsbrug Ijzerlaanbrug,2023-08-23,17:00:00,562,195,367,FMN 10 IJzerlaanbrug
657,Fietsbrug Ijzerlaanbrug,2023-08-23,18:00:00,399,136,263,FMN 10 IJzerlaanbrug
657,Fietsbrug Ijzerlaanbrug,2023-08-23,19:00:00,259,123,136,FMN 10 IJzerlaanbrug
657,Fietsbrug Ijzerlaanbrug,2023-08-23,20:00:00,221,106,115,FMN 10 IJzerlaanbrug
657,Fietsbrug Ijzerlaanbrug,2023-08-23,21:00:00,183,78,105,FMN 10 IJzerlaanbrug
657,Fietsbrug Ijzerlaanbrug,2023-08-23,22:00:00,119,30,89,FMN 10 IJzerlaanbrug
657,Fietsbrug Ijzerlaanbrug,2023-08-23,23:00:00,91,18,73,FMN 10 IJzerlaanbrug
657,Fietsbrug Ijzerlaanbrug,2023-08-24,00:00:00,49,22,27,FMN 10 IJzerlaanbrug
657,Fietsbrug Ijzerlaanbrug,2023-08-24,01:00:00,20,9,11,FMN 10 IJzerlaanbrug
657,Fietsbrug Ijzerlaanbrug,2023-08-24,02:00:00,10,4,6,FMN 10 IJzerlaanbrug
657,Fietsbrug Ijzerlaanbrug,2023-08-24,03:00:00,11,4,7,FMN 10 IJzerlaanbrug
657,Fietsbrug Ijzerlaanbrug,2023-08-24,04:00:00,27,14,13,FMN 10 IJzerlaanbrug
657,Fietsbrug Ijzerlaanbrug,2023-08-24,05:00:00,53,32,21,FMN 10 IJzerlaanbrug
657,Fietsbrug Ijzerlaanbrug,2023-08-24,06:00:00,135,90,45,FMN 10 IJzerlaanbrug
657,Fietsbrug Ijzerlaanbrug,2023-08-24,07:00:00,305,221,84,FMN 10 IJzerlaanbrug
657,Fietsbrug Ijzerlaanbrug,2023-08-24,08:00:00,457,361,96,FMN 10 IJzerlaanbrug
657,Fietsbrug Ijzerlaanbrug,2023-08-24,09:00:00,272,189,83,FMN 10 IJzerlaanbrug
657,Fietsbrug Ijzerlaanbrug,2023-08-24,10:00:00,184,116,68,FMN 10 IJzerlaanbrug
657,Fietsbrug Ijzerlaanbrug,2023-08-24,11:00:00,171,93,78,FMN 10 IJzerlaanbrug
657,Fietsbrug Ijzerlaanbrug,2023-08-24,12:00:00,149,74,75,FMN 10 IJzerlaanbrug
657,Fietsbrug Ijzerlaanbrug,2023-08-24,13:00:00,156,76,80,FMN 10 IJzerlaanbrug
657,Fietsbrug Ijzerlaanbrug,2023-08-24,14:00:00,159,78,81,FMN 10 IJzerlaanbrug
657,Fietsbrug Ijzerlaanbrug,2023-08-24,15:00:00,237,95,142,FMN 10 IJzerlaanbrug
657,Fietsbrug Ijzerlaanbrug,2023-08-24,16:00:00,364,127,237,FMN 10 IJzerlaanbrug
657,Fietsbrug Ijzerlaanbrug,2023-08-24,17:00:00,461,136,325,FMN 10 IJzerlaanbrug
657,Fietsbrug Ijzerlaanbrug,2023-08-24,18:00:00,295,104,191,FMN 10 IJzerlaanbrug
657,Fietsbrug Ijzerlaanbrug,2023-08-24,19:00:00,222,96,126,FMN 10 IJzerlaanbrug
657,Fietsbrug Ijzerlaanbrug,2023-08-24,20:00:00,130,56,74,FMN 10 IJzerlaanbrug
657,Fietsbrug Ijzerlaanbrug,2023-08-24,21:00:00,134,43,91,FMN 10 IJzerlaanbrug
657,Fietsbrug Ijzerlaanbrug,2023-08-24,22:00:00,98,29,69,FMN 10 IJzerlaanbrug
657,Fietsbrug Ijzerlaanbrug,2023-08-24,23:00:00,67,12,55,FMN 10 IJzerlaanbrug
657,Fietsbrug Ijzerlaanbrug,2023-08-25,00:00:00,42,7,35,FMN 10 IJzerlaanbrug
657,Fietsbrug Ijzerlaanbrug,2023-08-25,01:00:00,17,12,5,FMN 10 IJzerlaanbrug
657,Fietsbrug Ijzerlaanbrug,2023-08-25,02:00:00,15,3,12,FMN 10 IJzerlaanbrug
657,Fietsbrug Ijzerlaanbrug,2023-08-25,03:00:00,17,5,12,FMN 10 IJzerlaanbrug
657,Fietsbrug Ijzerlaanbrug,2023-08-25,04:00:00,20,13,7,FMN 10 IJzerlaanbrug
657,Fietsbrug Ijzerlaanbrug,2023-08-25,05:00:00,44,27,17,FMN 10 IJzerlaanbrug
657,Fietsbrug Ijzerlaanbrug,2023-08-25,06:00:00,116,74,42,FMN 10 IJzerlaanbrug
657,Fietsbrug Ijzerlaanbrug,2023-08-25,07:00:00,247,169,78,FMN 10 IJzerlaanbrug
657,Fietsbrug Ijzerlaanbrug,2023-08-25,08:00:00,310,249,61,FMN 10 IJzerlaanbrug
657,Fietsbrug Ijzerlaanbrug,2023-08-25,09:00:00,205,137,68,FMN 10 IJzerlaanbrug
657,Fietsbrug Ijzerlaanbrug,2023-08-25,10:00:00,136,98,38,FMN 10 IJzerlaanbrug
657,Fietsbrug Ijzerlaanbrug,2023-08-25,11:00:00,174,108,66,FMN 10 IJzerlaanbrug
657,Fietsbrug Ijzerlaanbrug,2023-08-25,12:00:00,212,125,87,FMN 10 IJzerlaanbrug
657,Fietsbrug Ijzerlaanbrug,2023-08-25,13:00:00,246,136,110,FMN 10 IJzerlaanbrug
657,Fietsbrug Ijzerlaanbrug,2023-08-25,14:00:00,267,141,126,FMN 10 IJzerlaanbrug
657,Fietsbrug Ijzerlaanbrug,2023-08-25,15:00:00,339,153,186,FMN 10 IJzerlaanbrug
657,Fietsbrug Ijzerlaanbrug,2023-08-25,16:00:00,373,130,243,FMN 10 IJzerlaanbrug
657,Fietsbrug Ijzerlaanbrug,2023-08-25,17:00:00,413,143,270,FMN 10 IJzerlaanbrug
657,Fietsbrug Ijzerlaanbrug,2023-08-25,18:00:00,289,127,162,FMN 10 IJzerlaanbrug
657,Fietsbrug Ijzerlaanbrug,2023-08-25,19:00:00,191,73,118,FMN 10 IJzerlaanbrug
657,Fietsbrug Ijzerlaanbrug,2023-08-25,20:00:00,180,76,104,FMN 10 IJzerlaanbrug
657,Fietsbrug Ijzerlaanbrug,2023-08-25,21:00:00,139,57,82,FMN 10 IJzerlaanbrug
657,Fietsbrug Ijzerlaanbrug,2023-08-25,22:00:00,75,26,49,FMN 10 IJzerlaanbrug
657,Fietsbrug Ijzerlaanbrug,2023-08-25,23:00:00,97,26,71,FMN 10 IJzerlaanbrug
657,Fietsbrug Ijzerlaanbrug,2023-08-26,00:00:00,78,26,52,FMN 10 IJzerlaanbrug
657,Fietsbrug Ijzerlaanbrug,2023-08-26,01:00:00,53,10,43,FMN 10 IJzerlaanbrug
657,Fietsbrug Ijzerlaanbrug,2023-08-26,02:00:00,28,6,22,FMN 10 IJzerlaanbrug
657,Fietsbrug Ijzerlaanbrug,2023-08-26,03:00:00,20,5,15,FMN 10 IJzerlaanbrug
657,Fietsbrug Ijzerlaanbrug,2023-08-26,04:00:00,13,2,11,FMN 10 IJzerlaanbrug
657,Fietsbrug Ijzerlaanbrug,2023-08-26,05:00:00,23,5,18,FMN 10 IJzerlaanbrug
657,Fietsbrug Ijzerlaanbrug,2023-08-26,06:00:00,40,24,16,FMN 10 IJzerlaanbrug
657,Fietsbrug Ijzerlaanbrug,2023-08-26,07:00:00,46,17,29,FMN 10 IJzerlaanbrug
657,Fietsbrug Ijzerlaanbrug,2023-08-26,08:00:00,129,86,43,FMN 10 IJzerlaanbrug
657,Fietsbrug Ijzerlaanbrug,2023-08-26,09:00:00,200,142,58,FMN 10 IJzerlaanbrug
657,Fietsbrug Ijzerlaanbrug,2023-08-26,10:00:00,238,175,63,FMN 10 IJzerlaanbrug
657,Fietsbrug Ijzerlaanbrug,2023-08-26,11:00:00,284,202,82,FMN 10 IJzerlaanbrug
657,Fietsbrug Ijzerlaanbrug,2023-08-26,12:00:00,345,204,141,FMN 10 IJzerlaanbrug
657,Fietsbrug Ijzerlaanbrug,2023-08-26,13:00:00,385,227,158,FMN 10 IJzerlaanbrug
657,Fietsbrug Ijzerlaanbrug,2023-08-26,14:00:00,460,276,184,FMN 10 IJzerlaanbrug
657,Fietsbrug Ijzerlaanbrug,2023-08-26,15:00:00,305,122,183,FMN 10 IJzerlaanbrug
657,Fietsbrug Ijzerlaanbrug,2023-08-26,16:00:00,253,76,177,FMN 10 IJzerlaanbrug
657,Fietsbrug Ijzerlaanbrug,2023-08-26,17:00:00,257,50,207,FMN 10 IJzerlaanbrug
657,Fietsbrug Ijzerlaanbrug,2023-08-26,18:00:00,208,73,135,FMN 10 IJzerlaanbrug
657,Fietsbrug Ijzerlaanbrug,2023-08-26,19:00:00,171,66,105,FMN 10 IJzerlaanbrug
657,Fietsbrug Ijzerlaanbrug,2023-08-26,20:00:00,162,67,95,FMN 10 IJzerlaanbrug
657,Fietsbrug Ijzerlaanbrug,2023-08-26,21:00:00,108,43,65,FMN 10 IJzerlaanbrug
657,Fietsbrug Ijzerlaanbrug,2023-08-26,22:00:00,85,28,57,FMN 10 IJzerlaanbrug
657,Fietsbrug Ijzerlaanbrug,2023-08-26,23:00:00,80,25,55,FMN 10 IJzerlaanbrug
657,Fietsbrug Ijzerlaanbrug,2023-08-27,00:00:00,75,27,48,FMN 10 IJzerlaanbrug
657,Fietsbrug Ijzerlaanbrug,2023-08-27,01:00:00,35,12,23,FMN 10 IJzerlaanbrug
657,Fietsbrug Ijzerlaanbrug,2023-08-27,02:00:00,30,11,19,FMN 10 IJzerlaanbrug
657,Fietsbrug Ijzerlaanbrug,2023-08-27,03:00:00,11,3,8,FMN 10 IJzerlaanbrug
657,Fietsbrug Ijzerlaanbrug,2023-08-27,04:00:00,19,5,14,FMN 10 IJzerlaanbrug
657,Fietsbrug Ijzerlaanbrug,2023-08-27,05:00:00,18,5,13,FMN 10 IJzerlaanbrug
657,Fietsbrug Ijzerlaanbrug,2023-08-27,06:00:00,34,18,16,FMN 10 IJzerlaanbrug
657,Fietsbrug Ijzerlaanbrug,2023-08-27,07:00:00,24,12,12,FMN 10 IJzerlaanbrug
657,Fietsbrug Ijzerlaanbrug,2023-08-27,08:00:00,64,42,22,FMN 10 IJzerlaanbrug
657,Fietsbrug Ijzerlaanbrug,2023-08-27,09:00:00,160,115,45,FMN 10 IJzerlaanbrug
657,Fietsbrug Ijzerlaanbrug,2023-08-27,10:00:00,230,167,63,FMN 10 IJzerlaanbrug
657,Fietsbrug Ijzerlaanbrug,2023-08-27,11:00:00,265,138,127,FMN 10 IJzerlaanbrug
657,Fietsbrug Ijzerlaanbrug,2023-08-27,12:00:00,295,157,138,FMN 10 IJzerlaanbrug
657,Fietsbrug Ijzerlaanbrug,2023-08-27,13:00:00,276,122,154,FMN 10 IJzerlaanbrug
657,Fietsbrug Ijzerlaanbrug,2023-08-27,14:00:00,249,162,87,FMN 10 IJzerlaanbrug
657,Fietsbrug Ijzerlaanbrug,2023-08-27,15:00:00,185,90,95,FMN 10 IJzerlaanbrug
657,Fietsbrug Ijzerlaanbrug,2023-08-27,16:00:00,234,116,118,FMN 10 IJzerlaanbrug
657,Fietsbrug Ijzerlaanbrug,2023-08-27,17:00:00,253,91,162,FMN 10 IJzerlaanbrug
657,Fietsbrug Ijzerlaanbrug,2023-08-27,18:00:00,193,61,132,FMN 10 IJzerlaanbrug
657,Fietsbrug Ijzerlaanbrug,2023-08-27,19:00:00,190,64,126,FMN 10 IJzerlaanbrug
657,Fietsbrug Ijzerlaanbrug,2023-08-27,20:00:00,157,68,89,FMN 10 IJzerlaanbrug
657,Fietsbrug Ijzerlaanbrug,2023-08-27,21:00:00,89,37,52,FMN 10 IJzerlaanbrug
657,Fietsbrug Ijzerlaanbrug,2023-08-27,22:00:00,93,28,65,FMN 10 IJzerlaanbrug
657,Fietsbrug Ijzerlaanbrug,2023-08-27,23:00:00,62,19,43,FMN 10 IJzerlaanbrug
657,Fietsbrug Ijzerlaanbrug,2023-08-28,00:00:00,29,12,17,FMN 10 IJzerlaanbrug
657,Fietsbrug Ijzerlaanbrug,2023-08-28,01:00:00,15,5,10,FMN 10 IJzerlaanbrug
657,Fietsbrug Ijzerlaanbrug,2023-08-28,02:00:00,11,3,8,FMN 10 IJzerlaanbrug
657,Fietsbrug Ijzerlaanbrug,2023-08-28,03:00:00,7,2,5,FMN 10 IJzerlaanbrug
657,Fietsbrug Ijzerlaanbrug,2023-08-28,04:00:00,8,6,2,FMN 10 IJzerlaanbrug
657,Fietsbrug Ijzerlaanbrug,2023-08-28,05:00:00,7,4,3,FMN 10 IJzerlaanbrug
657,Fietsbrug Ijzerlaanbrug,2023-08-28,06:00:00,22,15,7,FMN 10 IJzerlaanbrug
657,Fietsbrug Ijzerlaanbrug,2023-08-28,07:00:00,79,44,35,FMN 10 IJzerlaanbrug
657,Fietsbrug Ijzerlaanbrug,2023-08-28,08:00:00,8,3,5,FMN 10 IJzerlaanbrug
657,Fietsbrug Ijzerlaanbrug,2023-08-28,09:00:00,1,1,0,FMN 10 IJzerlaanbrug
657,Fietsbrug Ijzerlaanbrug,2023-08-28,10:00:00,4,2,2,FMN 10 IJzerlaanbrug
657,Fietsbrug Ijzerlaanbrug,2023-08-28,11:00:00,10,8,2,FMN 10 IJzerlaanbrug
657,Fietsbrug Ijzerlaanbrug,2023-08-28,12:00:00,0,0,0,FMN 10 IJzerlaanbrug
657,Fietsbrug Ijzerlaanbrug,2023-08-28,13:00:00,0,0,0,FMN 10 IJzerlaanbrug
657,Fietsbrug Ijzerlaanbrug,2023-08-28,14:00:00,1,0,1,FMN 10 IJzerlaanbrug
657,Fietsbrug Ijzerlaanbrug,2023-08-28,15:00:00,10,6,4,FMN 10 IJzerlaanbrug
657,Fietsbrug Ijzerlaanbrug,2023-08-28,16:00:00,0,0,0,FMN 10 IJzerlaanbrug
657,Fietsbrug Ijzerlaanbrug,2023-08-28,17:00:00,1,1,0,FMN 10 IJzerlaanbrug
657,Fietsbrug Ijzerlaanbrug,2023-08-28,18:00:00,0,0,0,FMN 10 IJzerlaanbrug
657,Fietsbrug Ijzerlaanbrug,2023-08-28,19:00:00,0,0,0,FMN 10 IJzerlaanbrug
657,Fietsbrug Ijzerlaanbrug,2023-08-28,20:00:00,0,0,0,FMN 10 IJzerlaanbrug
657,Fietsbrug Ijzerlaanbrug,2023-08-28,21:00:00,0,0,0,FMN 10 IJzerlaanbrug
657,Fietsbrug Ijzerlaanbrug,2023-08-28,22:00:00,0,0,0,FMN 10 IJzerlaanbrug
657,Fietsbrug Ijzerlaanbrug,2023-08-28,23:00:00,0,0,0,FMN 10 IJzerlaanbrug
657,Fietsbrug Ijzerlaanbrug,2023-08-29,00:00:00,0,0,0,FMN 10 IJzerlaanbrug
657,Fietsbrug Ijzerlaanbrug,2023-08-29,01:00:00,0,0,0,FMN 10 IJzerlaanbrug
657,Fietsbrug Ijzerlaanbrug,2023-08-29,02:00:00,0,0,0,FMN 10 IJzerlaanbrug
657,Fietsbrug Ijzerlaanbrug,2023-08-29,03:00:00,0,0,0,FMN 10 IJzerlaanbrug
657,Fietsbrug Ijzerlaanbrug,2023-08-29,04:00:00,0,0,0,FMN 10 IJzerlaanbrug
657,Fietsbrug Ijzerlaanbrug,2023-08-29,05:00:00,0,0,0,FMN 10 IJzerlaanbrug
657,Fietsbrug Ijzerlaanbrug,2023-08-29,06:00:00,0,0,0,FMN 10 IJzerlaanbrug
657,Fietsbrug Ijzerlaanbrug,2023-08-29,07:00:00,29,13,16,FMN 10 IJzerlaanbrug
657,Fietsbrug Ijzerlaanbrug,2023-08-29,08:00:00,0,0,0,FMN 10 IJzerlaanbrug
657,Fietsbrug Ijzerlaanbrug,2023-08-29,09:00:00,0,0,0,FMN 10 IJzerlaanbrug
657,Fietsbrug Ijzerlaanbrug,2023-08-29,10:00:00,1,1,0,FMN 10 IJzerlaanbrug
657,Fietsbrug Ijzerlaanbrug,2023-08-29,11:00:00,15,5,10,FMN 10 IJzerlaanbrug
657,Fietsbrug Ijzerlaanbrug,2023-08-29,12:00:00,1,0,1,FMN 10 IJzerlaanbrug
657,Fietsbrug Ijzerlaanbrug,2023-08-29,13:00:00,3,2,1,FMN 10 IJzerlaanbrug
657,Fietsbrug Ijzerlaanbrug,2023-08-29,14:00:00,0,0,0,FMN 10 IJzerlaanbrug
657,Fietsbrug Ijzerlaanbrug,2023-08-29,15:00:00,9,5,4,FMN 10 IJzerlaanbrug
657,Fietsbrug Ijzerlaanbrug,2023-08-29,16:00:00,11,5,6,FMN 10 IJzerlaanbrug
657,Fietsbrug Ijzerlaanbrug,2023-08-29,17:00:00,0,0,0,FMN 10 IJzerlaanbrug
657,Fietsbrug Ijzerlaanbrug,2023-08-29,18:00:00,0,0,0,FMN 10 IJzerlaanbrug
657,Fietsbrug Ijzerlaanbrug,2023-08-29,19:00:00,1,1,0,FMN 10 IJzerlaanbrug
657,Fietsbrug Ijzerlaanbrug,2023-08-29,20:00:00,0,0,0,FMN 10 IJzerlaanbrug
657,Fietsbrug Ijzerlaanbrug,2023-08-29,21:00:00,0,0,0,FMN 10 IJzerlaanbrug
657,Fietsbrug Ijzerlaanbrug,2023-08-29,22:00:00,1,0,1,FMN 10 IJzerlaanbrug
657,Fietsbrug Ijzerlaanbrug,2023-08-29,23:00:00,0,0,0,FMN 10 IJzerlaanbrug
657,Fietsbrug Ijzerlaanbrug,2023-08-30,00:00:00,0,0,0,FMN 10 IJzerlaanbrug
657,Fietsbrug Ijzerlaanbrug,2023-08-30,01:00:00,0,0,0,FMN 10 IJzerlaanbrug
657,Fietsbrug Ijzerlaanbrug,2023-08-30,02:00:00,0,0,0,FMN 10 IJzerlaanbrug
657,Fietsbrug Ijzerlaanbrug,2023-08-30,03:00:00,0,0,0,FMN 10 IJzerlaanbrug
657,Fietsbrug Ijzerlaanbrug,2023-08-30,04:00:00,0,0,0,FMN 10 IJzerlaanbrug
657,Fietsbrug Ijzerlaanbrug,2023-08-30,05:00:00,0,0,0,FMN 10 IJzerlaanbrug
657,Fietsbrug Ijzerlaanbrug,2023-08-30,06:00:00,3,1,2,FMN 10 IJzerlaanbrug
657,Fietsbrug Ijzerlaanbrug,2023-08-30,07:00:00,35,16,19,FMN 10 IJzerlaanbrug
657,Fietsbrug Ijzerlaanbrug,2023-08-30,08:00:00,1,1,0,FMN 10 IJzerlaanbrug
657,Fietsbrug Ijzerlaanbrug,2023-08-30,09:00:00,7,4,3,FMN 10 IJzerlaanbrug
657,Fietsbrug Ijzerlaanbrug,2023-08-30,10:00:00,0,0,0,FMN 10 IJzerlaanbrug
657,Fietsbrug Ijzerlaanbrug,2023-08-30,11:00:00,0,0,0,FMN 10 IJzerlaanbrug
657,Fietsbrug Ijzerlaanbrug,2023-08-30,12:00:00,0,0,0,FMN 10 IJzerlaanbrug
657,Fietsbrug Ijzerlaanbrug,2023-08-30,13:00:00,7,3,4,FMN 10 IJzerlaanbrug
657,Fietsbrug Ijzerlaanbrug,2023-08-30,14:00:00,0,0,0,FMN 10 IJzerlaanbrug
657,Fietsbrug Ijzerlaanbrug,2023-08-30,15:00:00,0,0,0,FMN 10 IJzerlaanbrug
657,Fietsbrug Ijzerlaanbrug,2023-08-30,16:00:00,0,0,0,FMN 10 IJzerlaanbrug
657,Fietsbrug Ijzerlaanbrug,2023-08-30,17:00:00,0,0,0,FMN 10 IJzerlaanbrug
657,Fietsbrug Ijzerlaanbrug,2023-08-30,18:00:00,0,0,0,FMN 10 IJzerlaanbrug
657,Fietsbrug Ijzerlaanbrug,2023-08-30,19:00:00,0,0,0,FMN 10 IJzerlaanbrug
657,Fietsbrug Ijzerlaanbrug,2023-08-30,20:00:00,0,0,0,FMN 10 IJzerlaanbrug
657,Fietsbrug Ijzerlaanbrug,2023-08-30,21:00:00,0,0,0,FMN 10 IJzerlaanbrug
657,Fietsbrug Ijzerlaanbrug,2023-08-30,22:00:00,0,0,0,FMN 10 IJzerlaanbrug
657,Fietsbrug Ijzerlaanbrug,2023-08-30,23:00:00,0,0,0,FMN 10 IJzerlaanbrug
657,Fietsbrug Ijzerlaanbrug,2023-08-31,00:00:00,0,0,0,FMN 10 IJzerlaanbrug
657,Fietsbrug Ijzerlaanbrug,2023-08-31,01:00:00,0,0,0,FMN 10 IJzerlaanbrug
657,Fietsbrug Ijzerlaanbrug,2023-08-31,02:00:00,0,0,0,FMN 10 IJzerlaanbrug
657,Fietsbrug Ijzerlaanbrug,2023-08-31,03:00:00,0,0,0,FMN 10 IJzerlaanbrug
657,Fietsbrug Ijzerlaanbrug,2023-08-31,04:00:00,0,0,0,FMN 10 IJzerlaanbrug
657,Fietsbrug Ijzerlaanbrug,2023-08-31,05:00:00,0,0,0,FMN 10 IJzerlaanbrug
657,Fietsbrug Ijzerlaanbrug,2023-08-31,06:00:00,0,0,0,FMN 10 IJzerlaanbrug
657,Fietsbrug Ijzerlaanbrug,2023-08-31,07:00:00,27,13,14,FMN 10 IJzerlaanbrug
657,Fietsbrug Ijzerlaanbrug,2023-08-31,08:00:00,13,5,8,FMN 10 IJzerlaanbrug
657,Fietsbrug Ijzerlaanbrug,2023-08-31,09:00:00,9,6,3,FMN 10 IJzerlaanbrug
657,Fietsbrug Ijzerlaanbrug,2023-08-31,10:00:00,2,0,2,FMN 10 IJzerlaanbrug
657,Fietsbrug Ijzerlaanbrug,2023-08-31,11:00:00,0,0,0,FMN 10 IJzerlaanbrug
657,Fietsbrug Ijzerlaanbrug,2023-08-31,12:00:00,8,4,4,FMN 10 IJzerlaanbrug
657,Fietsbrug Ijzerlaanbrug,2023-08-31,13:00:00,2,2,0,FMN 10 IJzerlaanbrug
657,Fietsbrug Ijzerlaanbrug,2023-08-31,14:00:00,27,13,14,FMN 10 IJzerlaanbrug
657,Fietsbrug Ijzerlaanbrug,2023-08-31,15:00:00,29,16,13,FMN 10 IJzerlaanbrug
657,Fietsbrug Ijzerlaanbrug,2023-08-31,16:00:00,49,29,20,FMN 10 IJzerlaanbrug
657,Fietsbrug Ijzerlaanbrug,2023-08-31,17:00:00,3,1,2,FMN 10 IJzerlaanbrug
657,Fietsbrug Ijzerlaanbrug,2023-08-31,18:00:00,0,0,0,FMN 10 IJzerlaanbrug
657,Fietsbrug Ijzerlaanbrug,2023-08-31,19:00:00,0,0,0,FMN 10 IJzerlaanbrug
657,Fietsbrug Ijzerlaanbrug,2023-08-31,20:00:00,0,0,0,FMN 10 IJzerlaanbrug
657,Fietsbrug Ijzerlaanbrug,2023-08-31,21:00:00,0,0,0,FMN 10 IJzerlaanbrug
657,Fietsbrug Ijzerlaanbrug,2023-08-31,22:00:00,0,0,0,FMN 10 IJzerlaanbrug
657,Fietsbrug Ijzerlaanbrug,2023-08-31,23:00:00,0,0,0,FMN 10 IJzerlaanbrug
657,Fietsbrug Ijzerlaanbrug,2023-09-04,00:00:00,0,0,0,FMN 10 IJzerlaanbrug
657,Fietsbrug Ijzerlaanbrug,2023-09-04,01:00:00,0,0,0,FMN 10 IJzerlaanbrug
657,Fietsbrug Ijzerlaanbrug,2023-09-04,02:00:00,0,0,0,FMN 10 IJzerlaanbrug
657,Fietsbrug Ijzerlaanbrug,2023-09-04,03:00:00,0,0,0,FMN 10 IJzerlaanbrug
657,Fietsbrug Ijzerlaanbrug,2023-09-04,04:00:00,0,0,0,FMN 10 IJzerlaanbrug
657,Fietsbrug Ijzerlaanbrug,2023-09-04,05:00:00,0,0,0,FMN 10 IJzerlaanbrug
657,Fietsbrug Ijzerlaanbrug,2023-09-04,06:00:00,0,0,0,FMN 10 IJzerlaanbrug
657,Fietsbrug Ijzerlaanbrug,2023-09-04,07:00:00,63,28,35,FMN 10 IJzerlaanbrug
657,Fietsbrug Ijzerlaanbrug,2023-09-04,08:00:00,11,6,5,FMN 10 IJzerlaanbrug
657,Fietsbrug Ijzerlaanbrug,2023-09-04,09:00:00,20,9,11,FMN 10 IJzerlaanbrug
657,Fietsbrug Ijzerlaanbrug,2023-09-04,10:00:00,0,0,0,FMN 10 IJzerlaanbrug
657,Fietsbrug Ijzerlaanbrug,2023-09-04,11:00:00,0,0,0,FMN 10 IJzerlaanbrug
657,Fietsbrug Ijzerlaanbrug,2023-09-04,12:00:00,0,0,0,FMN 10 IJzerlaanbrug
657,Fietsbrug Ijzerlaanbrug,2023-09-04,13:00:00,11,3,8,FMN 10 IJzerlaanbrug
657,Fietsbrug Ijzerlaanbrug,2023-09-04,14:00:00,4,2,2,FMN 10 IJzerlaanbrug
657,Fietsbrug Ijzerlaanbrug,2023-09-04,15:00:00,0,0,0,FMN 10 IJzerlaanbrug
657,Fietsbrug Ijzerlaanbrug,2023-09-04,16:00:00,0,0,0,FMN 10 IJzerlaanbrug
657,Fietsbrug Ijzerlaanbrug,2023-09-04,17:00:00,14,9,5,FMN 10 IJzerlaanbrug
657,Fietsbrug Ijzerlaanbrug,2023-09-04,18:00:00,3,2,1,FMN 10 IJzerlaanbrug
657,Fietsbrug Ijzerlaanbrug,2023-09-04,19:00:00,0,0,0,FMN 10 IJzerlaanbrug
657,Fietsbrug Ijzerlaanbrug,2023-09-04,20:00:00,0,0,0,FMN 10 IJzerlaanbrug
657,Fietsbrug Ijzerlaanbrug,2023-09-04,21:00:00,0,0,0,FMN 10 IJzerlaanbrug
657,Fietsbrug Ijzerlaanbrug,2023-09-04,22:00:00,0,0,0,FMN 10 IJzerlaanbrug
657,Fietsbrug Ijzerlaanbrug,2023-09-04,23:00:00,0,0,0,FMN 10 IJzerlaanbrug
657,Fietsbrug Ijzerlaanbrug,2023-09-05,00:00:00,0,0,0,FMN 10 IJzerlaanbrug
657,Fietsbrug Ijzerlaanbrug,2023-09-05,01:00:00,0,0,0,FMN 10 IJzerlaanbrug
657,Fietsbrug Ijzerlaanbrug,2023-09-05,02:00:00,0,0,0,FMN 10 IJzerlaanbrug
657,Fietsbrug Ijzerlaanbrug,2023-09-05,03:00:00,0,0,0,FMN 10 IJzerlaanbrug
657,Fietsbrug Ijzerlaanbrug,2023-09-05,04:00:00,0,0,0,FMN 10 IJzerlaanbrug
657,Fietsbrug Ijzerlaanbrug,2023-09-05,05:00:00,0,0,0,FMN 10 IJzerlaanbrug
657,Fietsbrug Ijzerlaanbrug,2023-09-05,06:00:00,0,0,0,FMN 10 IJzerlaanbrug
657,Fietsbrug Ijzerlaanbrug,2023-09-05,07:00:00,41,24,17,FMN 10 IJzerlaanbrug
657,Fietsbrug Ijzerlaanbrug,2023-09-05,08:00:00,24,11,13,FMN 10 IJzerlaanbrug
657,Fietsbrug Ijzerlaanbrug,2023-09-05,09:00:00,4,2,2,FMN 10 IJzerlaanbrug
657,Fietsbrug Ijzerlaanbrug,2023-09-05,10:00:00,5,2,3,FMN 10 IJzerlaanbrug
657,Fietsbrug Ijzerlaanbrug,2023-09-05,11:00:00,0,0,0,FMN 10 IJzerlaanbrug
657,Fietsbrug Ijzerlaanbrug,2023-09-05,12:00:00,0,0,0,FMN 10 IJzerlaanbrug
657,Fietsbrug Ijzerlaanbrug,2023-09-05,13:00:00,10,4,6,FMN 10 IJzerlaanbrug
657,Fietsbrug Ijzerlaanbrug,2023-09-05,14:00:00,0,0,0,FMN 10 IJzerlaanbrug
657,Fietsbrug Ijzerlaanbrug,2023-09-05,15:00:00,0,0,0,FMN 10 IJzerlaanbrug
657,Fietsbrug Ijzerlaanbrug,2023-09-05,16:00:00,0,0,0,FMN 10 IJzerlaanbrug
657,Fietsbrug Ijzerlaanbrug,2023-09-05,17:00:00,2,1,1,FMN 10 IJzerlaanbrug
657,Fietsbrug Ijzerlaanbrug,2023-09-05,18:00:00,0,0,0,FMN 10 IJzerlaanbrug
657,Fietsbrug Ijzerlaanbrug,2023-09-05,19:00:00,0,0,0,FMN 10 IJzerlaanbrug
657,Fietsbrug Ijzerlaanbrug,2023-09-05,20:00:00,0,0,0,FMN 10 IJzerlaanbrug
657,Fietsbrug Ijzerlaanbrug,2023-09-05,21:00:00,0,0,0,FMN 10 IJzerlaanbrug
657,Fietsbrug Ijzerlaanbrug,2023-09-05,22:00:00,0,0,0,FMN 10 IJzerlaanbrug
657,Fietsbrug Ijzerlaanbrug,2023-09-05,23:00:00,0,0,0,FMN 10 IJzerlaanbrug
657,Fietsbrug Ijzerlaanbrug,2023-09-06,00:00:00,0,0,0,FMN 10 IJzerlaanbrug
657,Fietsbrug Ijzerlaanbrug,2023-09-06,01:00:00,0,0,0,FMN 10 IJzerlaanbrug
657,Fietsbrug Ijzerlaanbrug,2023-09-06,02:00:00,0,0,0,FMN 10 IJzerlaanbrug
657,Fietsbrug Ijzerlaanbrug,2023-09-06,03:00:00,0,0,0,FMN 10 IJzerlaanbrug
657,Fietsbrug Ijzerlaanbrug,2023-09-06,04:00:00,0,0,0,FMN 10 IJzerlaanbrug
657,Fietsbrug Ijzerlaanbrug,2023-09-06,05:00:00,0,0,0,FMN 10 IJzerlaanbrug
657,Fietsbrug Ijzerlaanbrug,2023-09-06,06:00:00,0,0,0,FMN 10 IJzerlaanbrug
657,Fietsbrug Ijzerlaanbrug,2023-09-06,07:00:00,13,7,6,FMN 10 IJzerlaanbrug
657,Fietsbrug Ijzerlaanbrug,2023-09-06,08:00:00,20,12,8,FMN 10 IJzerlaanbrug
657,Fietsbrug Ijzerlaanbrug,2023-09-06,09:00:00,18,7,11,FMN 10 IJzerlaanbrug
657,Fietsbrug Ijzerlaanbrug,2023-09-06,10:00:00,0,0,0,FMN 10 IJzerlaanbrug
657,Fietsbrug Ijzerlaanbrug,2023-09-06,11:00:00,3,1,2,FMN 10 IJzerlaanbrug
657,Fietsbrug Ijzerlaanbrug,2023-09-06,12:00:00,0,0,0,FMN 10 IJzerlaanbrug
657,Fietsbrug Ijzerlaanbrug,2023-09-06,13:00:00,0,0,0,FMN 10 IJzerlaanbrug
657,Fietsbrug Ijzerlaanbrug,2023-09-06,14:00:00,0,0,0,FMN 10 IJzerlaanbrug
657,Fietsbrug Ijzerlaanbrug,2023-09-06,15:00:00,0,0,0,FMN 10 IJzerlaanbrug
657,Fietsbrug Ijzerlaanbrug,2023-09-06,16:00:00,6,3,3,FMN 10 IJzerlaanbrug
657,Fietsbrug Ijzerlaanbrug,2023-09-06,17:00:00,3,2,1,FMN 10 IJzerlaanbrug
657,Fietsbrug Ijzerlaanbrug,2023-09-06,18:00:00,0,0,0,FMN 10 IJzerlaanbrug
657,Fietsbrug Ijzerlaanbrug,2023-09-06,19:00:00,0,0,0,FMN 10 IJzerlaanbrug
657,Fietsbrug Ijzerlaanbrug,2023-09-06,20:00:00,0,0,0,FMN 10 IJzerlaanbrug
657,Fietsbrug Ijzerlaanbrug,2023-09-06,21:00:00,0,0,0,FMN 10 IJzerlaanbrug
657,Fietsbrug Ijzerlaanbrug,2023-09-06,22:00:00,0,0,0,FMN 10 IJzerlaanbrug
657,Fietsbrug Ijzerlaanbrug,2023-09-06,23:00:00,0,0,0,FMN 10 IJzerlaanbrug
657,Fietsbrug Ijzerlaanbrug,2023-09-07,00:00:00,0,0,0,FMN 10 IJzerlaanbrug
657,Fietsbrug Ijzerlaanbrug,2023-09-07,01:00:00,0,0,0,FMN 10 IJzerlaanbrug
657,Fietsbrug Ijzerlaanbrug,2023-09-07,02:00:00,0,0,0,FMN 10 IJzerlaanbrug
657,Fietsbrug Ijzerlaanbrug,2023-09-07,03:00:00,0,0,0,FMN 10 IJzerlaanbrug
657,Fietsbrug Ijzerlaanbrug,2023-09-07,04:00:00,0,0,0,FMN 10 IJzerlaanbrug
657,Fietsbrug Ijzerlaanbrug,2023-09-07,05:00:00,0,0,0,FMN 10 IJzerlaanbrug
657,Fietsbrug Ijzerlaanbrug,2023-09-07,06:00:00,0,0,0,FMN 10 IJzerlaanbrug
657,Fietsbrug Ijzerlaanbrug,2023-09-07,07:00:00,17,10,7,FMN 10 IJzerlaanbrug
657,Fietsbrug Ijzerlaanbrug,2023-09-07,08:00:00,37,17,20,FMN 10 IJzerlaanbrug
657,Fietsbrug Ijzerlaanbrug,2023-09-07,09:00:00,15,7,8,FMN 10 IJzerlaanbrug
657,Fietsbrug Ijzerlaanbrug,2023-09-07,10:00:00,2,1,1,FMN 10 IJzerlaanbrug
657,Fietsbrug Ijzerlaanbrug,2023-09-07,11:00:00,2,1,1,FMN 10 IJzerlaanbrug
657,Fietsbrug Ijzerlaanbrug,2023-09-07,12:00:00,2,1,1,FMN 10 IJzerlaanbrug
657,Fietsbrug Ijzerlaanbrug,2023-09-07,13:00:00,14,10,4,FMN 10 IJzerlaanbrug
657,Fietsbrug Ijzerlaanbrug,2023-09-07,14:00:00,19,9,10,FMN 10 IJzerlaanbrug
657,Fietsbrug Ijzerlaanbrug,2023-09-07,15:00:00,36,14,22,FMN 10 IJzerlaanbrug
657,Fietsbrug Ijzerlaanbrug,2023-09-07,16:00:00,0,0,0,FMN 10 IJzerlaanbrug
657,Fietsbrug Ijzerlaanbrug,2023-09-07,17:00:00,0,0,0,FMN 10 IJzerlaanbrug
657,Fietsbrug Ijzerlaanbrug,2023-09-07,18:00:00,0,0,0,FMN 10 IJzerlaanbrug
657,Fietsbrug Ijzerlaanbrug,2023-09-07,19:00:00,0,0,0,FMN 10 IJzerlaanbrug
657,Fietsbrug Ijzerlaanbrug,2023-09-07,20:00:00,0,0,0,FMN 10 IJzerlaanbrug
657,Fietsbrug Ijzerlaanbrug,2023-09-07,21:00:00,0,0,0,FMN 10 IJzerlaanbrug
657,Fietsbrug Ijzerlaanbrug,2023-09-07,22:00:00,0,0,0,FMN 10 IJzerlaanbrug
657,Fietsbrug Ijzerlaanbrug,2023-09-07,23:00:00,0,0,0,FMN 10 IJzerlaanbrug
657,Fietsbrug Ijzerlaanbrug,2023-09-08,00:00:00,0,0,0,FMN 10 IJzerlaanbrug
657,Fietsbrug Ijzerlaanbrug,2023-09-08,01:00:00,0,0,0,FMN 10 IJzerlaanbrug
657,Fietsbrug Ijzerlaanbrug,2023-09-08,02:00:00,0,0,0,FMN 10 IJzerlaanbrug
657,Fietsbrug Ijzerlaanbrug,2023-09-08,03:00:00,0,0,0,FMN 10 IJzerlaanbrug
657,Fietsbrug Ijzerlaanbrug,2023-09-08,04:00:00,0,0,0,FMN 10 IJzerlaanbrug
657,Fietsbrug Ijzerlaanbrug,2023-09-08,05:00:00,0,0,0,FMN 10 IJzerlaanbrug
657,Fietsbrug Ijzerlaanbrug,2023-09-08,06:00:00,2,1,1,FMN 10 IJzerlaanbrug
657,Fietsbrug Ijzerlaanbrug,2023-09-08,07:00:00,27,14,13,FMN 10 IJzerlaanbrug
657,Fietsbrug Ijzerlaanbrug,2023-09-08,08:00:00,9,6,3,FMN 10 IJzerlaanbrug
657,Fietsbrug Ijzerlaanbrug,2023-09-08,09:00:00,23,10,13,FMN 10 IJzerlaanbrug
657,Fietsbrug Ijzerlaanbrug,2023-09-08,10:00:00,5,0,5,FMN 10 IJzerlaanbrug
657,Fietsbrug Ijzerlaanbrug,2023-09-08,11:00:00,9,3,6,FMN 10 IJzerlaanbrug
657,Fietsbrug Ijzerlaanbrug,2023-09-08,12:00:00,8,5,3,FMN 10 IJzerlaanbrug
657,Fietsbrug Ijzerlaanbrug,2023-09-08,13:00:00,18,9,9,FMN 10 IJzerlaanbrug
657,Fietsbrug Ijzerlaanbrug,2023-09-08,14:00:00,44,21,23,FMN 10 IJzerlaanbrug
657,Fietsbrug Ijzerlaanbrug,2023-09-08,15:00:00,5,3,2,FMN 10 IJzerlaanbrug
657,Fietsbrug Ijzerlaanbrug,2023-09-08,16:00:00,0,0,0,FMN 10 IJzerlaanbrug
657,Fietsbrug Ijzerlaanbrug,2023-09-08,17:00:00,0,0,0,FMN 10 IJzerlaanbrug
657,Fietsbrug Ijzerlaanbrug,2023-09-08,18:00:00,0,0,0,FMN 10 IJzerlaanbrug
657,Fietsbrug Ijzerlaanbrug,2023-09-08,19:00:00,0,0,0,FMN 10 IJzerlaanbrug
657,Fietsbrug Ijzerlaanbrug,2023-09-08,20:00:00,0,0,0,FMN 10 IJzerlaanbrug
657,Fietsbrug Ijzerlaanbrug,2023-09-08,21:00:00,0,0,0,FMN 10 IJzerlaanbrug
657,Fietsbrug Ijzerlaanbrug,2023-09-08,22:00:00,0,0,0,FMN 10 IJzerlaanbrug
657,Fietsbrug Ijzerlaanbrug,2023-09-08,23:00:00,0,0,0,FMN 10 IJzerlaanbrug
657,Fietsbrug Ijzerlaanbrug,2023-09-11,00:00:00,0,0,0,FMN 10 IJzerlaanbrug
657,Fietsbrug Ijzerlaanbrug,2023-09-11,01:00:00,0,0,0,FMN 10 IJzerlaanbrug
657,Fietsbrug Ijzerlaanbrug,2023-09-11,02:00:00,0,0,0,FMN 10 IJzerlaanbrug
657,Fietsbrug Ijzerlaanbrug,2023-09-11,03:00:00,0,0,0,FMN 10 IJzerlaanbrug
657,Fietsbrug Ijzerlaanbrug,2023-09-11,04:00:00,0,0,0,FMN 10 IJzerlaanbrug
657,Fietsbrug Ijzerlaanbrug,2023-09-11,05:00:00,0,0,0,FMN 10 IJzerlaanbrug
657,Fietsbrug Ijzerlaanbrug,2023-09-11,06:00:00,0,0,0,FMN 10 IJzerlaanbrug
657,Fietsbrug Ijzerlaanbrug,2023-09-11,07:00:00,14,5,9,FMN 10 IJzerlaanbrug
657,Fietsbrug Ijzerlaanbrug,2023-09-11,08:00:00,9,3,6,FMN 10 IJzerlaanbrug
657,Fietsbrug Ijzerlaanbrug,2023-09-11,09:00:00,15,9,6,FMN 10 IJzerlaanbrug
657,Fietsbrug Ijzerlaanbrug,2023-09-11,10:00:00,0,0,0,FMN 10 IJzerlaanbrug
657,Fietsbrug Ijzerlaanbrug,2023-09-11,11:00:00,1,1,0,FMN 10 IJzerlaanbrug
657,Fietsbrug Ijzerlaanbrug,2023-09-11,12:00:00,0,0,0,FMN 10 IJzerlaanbrug
657,Fietsbrug Ijzerlaanbrug,2023-09-11,13:00:00,6,2,4,FMN 10 IJzerlaanbrug
657,Fietsbrug Ijzerlaanbrug,2023-09-11,14:00:00,0,0,0,FMN 10 IJzerlaanbrug
657,Fietsbrug Ijzerlaanbrug,2023-09-11,15:00:00,0,0,0,FMN 10 IJzerlaanbrug
657,Fietsbrug Ijzerlaanbrug,2023-09-11,16:00:00,0,0,0,FMN 10 IJzerlaanbrug
657,Fietsbrug Ijzerlaanbrug,2023-09-11,17:00:00,0,0,0,FMN 10 IJzerlaanbrug
657,Fietsbrug Ijzerlaanbrug,2023-09-11,18:00:00,0,0,0,FMN 10 IJzerlaanbrug
657,Fietsbrug Ijzerlaanbrug,2023-09-11,19:00:00,0,0,0,FMN 10 IJzerlaanbrug
657,Fietsbrug Ijzerlaanbrug,2023-09-11,20:00:00,0,0,0,FMN 10 IJzerlaanbrug
657,Fietsbrug Ijzerlaanbrug,2023-09-11,21:00:00,0,0,0,FMN 10 IJzerlaanbrug
657,Fietsbrug Ijzerlaanbrug,2023-09-11,22:00:00,0,0,0,FMN 10 IJzerlaanbrug
657,Fietsbrug Ijzerlaanbrug,2023-09-11,23:00:00,0,0,0,FMN 10 IJzerlaanbrug
657,Fietsbrug Ijzerlaanbrug,2023-09-12,00:00:00,0,0,0,FMN 10 IJzerlaanbrug
657,Fietsbrug Ijzerlaanbrug,2023-09-12,01:00:00,0,0,0,FMN 10 IJzerlaanbrug
657,Fietsbrug Ijzerlaanbrug,2023-09-12,02:00:00,0,0,0,FMN 10 IJzerlaanbrug
657,Fietsbrug Ijzerlaanbrug,2023-09-12,03:00:00,0,0,0,FMN 10 IJzerlaanbrug
657,Fietsbrug Ijzerlaanbrug,2023-09-12,04:00:00,0,0,0,FMN 10 IJzerlaanbrug
657,Fietsbrug Ijzerlaanbrug,2023-09-12,05:00:00,0,0,0,FMN 10 IJzerlaanbrug
657,Fietsbrug Ijzerlaanbrug,2023-09-12,06:00:00,0,0,0,FMN 10 IJzerlaanbrug
657,Fietsbrug Ijzerlaanbrug,2023-09-12,07:00:00,0,0,0,FMN 10 IJzerlaanbrug
657,Fietsbrug Ijzerlaanbrug,2023-09-12,08:00:00,0,0,0,FMN 10 IJzerlaanbrug
657,Fietsbrug Ijzerlaanbrug,2023-09-12,09:00:00,0,0,0,FMN 10 IJzerlaanbrug
657,Fietsbrug Ijzerlaanbrug,2023-09-12,10:00:00,0,0,0,FMN 10 IJzerlaanbrug
657,Fietsbrug Ijzerlaanbrug,2023-09-12,11:00:00,0,0,0,FMN 10 IJzerlaanbrug
657,Fietsbrug Ijzerlaanbrug,2023-09-12,12:00:00,0,0,0,FMN 10 IJzerlaanbrug
657,Fietsbrug Ijzerlaanbrug,2023-09-12,13:00:00,0,0,0,FMN 10 IJzerlaanbrug
657,Fietsbrug Ijzerlaanbrug,2023-09-12,14:00:00,0,0,0,FMN 10 IJzerlaanbrug
657,Fietsbrug Ijzerlaanbrug,2023-09-12,15:00:00,4,2,2,FMN 10 IJzerlaanbrug
657,Fietsbrug Ijzerlaanbrug,2023-09-12,16:00:00,0,0,0,FMN 10 IJzerlaanbrug
657,Fietsbrug Ijzerlaanbrug,2023-09-12,17:00:00,80,15,65,FMN 10 IJzerlaanbrug
657,Fietsbrug Ijzerlaanbrug,2023-09-12,18:00:00,79,35,44,FMN 10 IJzerlaanbrug
657,Fietsbrug Ijzerlaanbrug,2023-09-12,19:00:00,61,28,33,FMN 10 IJzerlaanbrug
657,Fietsbrug Ijzerlaanbrug,2023-09-12,20:00:00,33,11,22,FMN 10 IJzerlaanbrug
657,Fietsbrug Ijzerlaanbrug,2023-09-12,21:00:00,34,16,18,FMN 10 IJzerlaanbrug
657,Fietsbrug Ijzerlaanbrug,2023-09-12,22:00:00,22,4,18,FMN 10 IJzerlaanbrug
657,Fietsbrug Ijzerlaanbrug,2023-09-12,23:00:00,18,3,15,FMN 10 IJzerlaanbrug
657,Fietsbrug Ijzerlaanbrug,2023-09-13,00:00:00,9,4,5,FMN 10 IJzerlaanbrug
657,Fietsbrug Ijzerlaanbrug,2023-09-13,01:00:00,1,0,1,FMN 10 IJzerlaanbrug
657,Fietsbrug Ijzerlaanbrug,2023-09-13,02:00:00,1,0,1,FMN 10 IJzerlaanbrug
657,Fietsbrug Ijzerlaanbrug,2023-09-13,03:00:00,2,1,1,FMN 10 IJzerlaanbrug
657,Fietsbrug Ijzerlaanbrug,2023-09-13,04:00:00,3,0,3,FMN 10 IJzerlaanbrug
657,Fietsbrug Ijzerlaanbrug,2023-09-13,05:00:00,8,6,2,FMN 10 IJzerlaanbrug
657,Fietsbrug Ijzerlaanbrug,2023-09-13,06:00:00,46,36,10,FMN 10 IJzerlaanbrug
657,Fietsbrug Ijzerlaanbrug,2023-09-13,07:00:00,192,141,51,FMN 10 IJzerlaanbrug
657,Fietsbrug Ijzerlaanbrug,2023-09-13,08:00:00,278,212,66,FMN 10 IJzerlaanbrug
657,Fietsbrug Ijzerlaanbrug,2023-09-13,09:00:00,88,62,26,FMN 10 IJzerlaanbrug
657,Fietsbrug Ijzerlaanbrug,2023-09-13,10:00:00,70,37,33,FMN 10 IJzerlaanbrug
657,Fietsbrug Ijzerlaanbrug,2023-09-13,11:00:00,89,47,42,FMN 10 IJzerlaanbrug
657,Fietsbrug Ijzerlaanbrug,2023-09-13,12:00:00,195,106,89,FMN 10 IJzerlaanbrug
657,Fietsbrug Ijzerlaanbrug,2023-09-13,13:00:00,159,72,87,FMN 10 IJzerlaanbrug
657,Fietsbrug Ijzerlaanbrug,2023-09-13,14:00:00,112,42,70,FMN 10 IJzerlaanbrug
657,Fietsbrug Ijzerlaanbrug,2023-09-13,15:00:00,174,68,106,FMN 10 IJzerlaanbrug
657,Fietsbrug Ijzerlaanbrug,2023-09-13,16:00:00,258,78,180,FMN 10 IJzerlaanbrug
657,Fietsbrug Ijzerlaanbrug,2023-09-13,17:00:00,285,81,204,FMN 10 IJzerlaanbrug
657,Fietsbrug Ijzerlaanbrug,2023-09-13,18:00:00,209,70,139,FMN 10 IJzerlaanbrug
657,Fietsbrug Ijzerlaanbrug,2023-09-13,19:00:00,160,77,83,FMN 10 IJzerlaanbrug
657,Fietsbrug Ijzerlaanbrug,2023-09-13,20:00:00,83,35,48,FMN 10 IJzerlaanbrug
657,Fietsbrug Ijzerlaanbrug,2023-09-13,21:00:00,56,21,35,FMN 10 IJzerlaanbrug
657,Fietsbrug Ijzerlaanbrug,2023-09-13,22:00:00,77,20,57,FMN 10 IJzerlaanbrug
657,Fietsbrug Ijzerlaanbrug,2023-09-13,23:00:00,33,13,20,FMN 10 IJzerlaanbrug
657,Fietsbrug Ijzerlaanbrug,2023-09-14,00:00:00,18,3,15,FMN 10 IJzerlaanbrug
657,Fietsbrug Ijzerlaanbrug,2023-09-14,01:00:00,4,2,2,FMN 10 IJzerlaanbrug
657,Fietsbrug Ijzerlaanbrug,2023-09-14,02:00:00,2,0,2,FMN 10 IJzerlaanbrug
657,Fietsbrug Ijzerlaanbrug,2023-09-14,03:00:00,11,6,5,FMN 10 IJzerlaanbrug
657,Fietsbrug Ijzerlaanbrug,2023-09-14,04:00:00,6,4,2,FMN 10 IJzerlaanbrug
657,Fietsbrug Ijzerlaanbrug,2023-09-14,05:00:00,33,17,16,FMN 10 IJzerlaanbrug
657,Fietsbrug Ijzerlaanbrug,2023-09-14,06:00:00,81,52,29,FMN 10 IJzerlaanbrug
657,Fietsbrug Ijzerlaanbrug,2023-09-14,07:00:00,307,227,80,FMN 10 IJzerlaanbrug
657,Fietsbrug Ijzerlaanbrug,2023-09-14,08:00:00,413,313,100,FMN 10 IJzerlaanbrug
657,Fietsbrug Ijzerlaanbrug,2023-09-14,09:00:00,147,109,38,FMN 10 IJzerlaanbrug
657,Fietsbrug Ijzerlaanbrug,2023-09-14,10:00:00,118,72,46,FMN 10 IJzerlaanbrug
657,Fietsbrug Ijzerlaanbrug,2023-09-14,11:00:00,107,70,37,FMN 10 IJzerlaanbrug
657,Fietsbrug Ijzerlaanbrug,2023-09-14,12:00:00,170,86,84,FMN 10 IJzerlaanbrug
657,Fietsbrug Ijzerlaanbrug,2023-09-14,13:00:00,163,86,77,FMN 10 IJzerlaanbrug
657,Fietsbrug Ijzerlaanbrug,2023-09-14,14:00:00,165,71,94,FMN 10 IJzerlaanbrug
657,Fietsbrug Ijzerlaanbrug,2023-09-14,15:00:00,283,110,173,FMN 10 IJzerlaanbrug
657,Fietsbrug Ijzerlaanbrug,2023-09-14,16:00:00,443,131,312,FMN 10 IJzerlaanbrug
657,Fietsbrug Ijzerlaanbrug,2023-09-14,17:00:00,365,100,265,FMN 10 IJzerlaanbrug
657,Fietsbrug Ijzerlaanbrug,2023-09-14,18:00:00,225,79,146,FMN 10 IJzerlaanbrug
657,Fietsbrug Ijzerlaanbrug,2023-09-14,19:00:00,163,63,100,FMN 10 IJzerlaanbrug
657,Fietsbrug Ijzerlaanbrug,2023-09-14,20:00:00,109,65,44,FMN 10 IJzerlaanbrug
657,Fietsbrug Ijzerlaanbrug,2023-09-14,21:00:00,82,26,56,FMN 10 IJzerlaanbrug
657,Fietsbrug Ijzerlaanbrug,2023-09-14,22:00:00,75,13,62,FMN 10 IJzerlaanbrug
657,Fietsbrug Ijzerlaanbrug,2023-09-14,23:00:00,48,17,31,FMN 10 IJzerlaanbrug
657,Fietsbrug Ijzerlaanbrug,2023-09-15,00:00:00,30,8,22,FMN 10 IJzerlaanbrug
657,Fietsbrug Ijzerlaanbrug,2023-09-15,01:00:00,20,4,16,FMN 10 IJzerlaanbrug
657,Fietsbrug Ijzerlaanbrug,2023-09-15,02:00:00,5,1,4,FMN 10 IJzerlaanbrug
657,Fietsbrug Ijzerlaanbrug,2023-09-15,03:00:00,5,2,3,FMN 10 IJzerlaanbrug
657,Fietsbrug Ijzerlaanbrug,2023-09-15,04:00:00,18,11,7,FMN 10 IJzerlaanbrug
657,Fietsbrug Ijzerlaanbrug,2023-09-15,05:00:00,33,19,14,FMN 10 IJzerlaanbrug
657,Fietsbrug Ijzerlaanbrug,2023-09-15,06:00:00,91,57,34,FMN 10 IJzerlaanbrug
657,Fietsbrug Ijzerlaanbrug,2023-09-15,07:00:00,283,194,89,FMN 10 IJzerlaanbrug
657,Fietsbrug Ijzerlaanbrug,2023-09-15,08:00:00,353,257,96,FMN 10 IJzerlaanbrug
657,Fietsbrug Ijzerlaanbrug,2023-09-15,09:00:00,149,117,32,FMN 10 IJzerlaanbrug
657,Fietsbrug Ijzerlaanbrug,2023-09-15,10:00:00,126,79,47,FMN 10 IJzerlaanbrug
657,Fietsbrug Ijzerlaanbrug,2023-09-15,11:00:00,126,71,55,FMN 10 IJzerlaanbrug
657,Fietsbrug Ijzerlaanbrug,2023-09-15,12:00:00,202,100,102,FMN 10 IJzerlaanbrug
657,Fietsbrug Ijzerlaanbrug,2023-09-15,13:00:00,157,87,70,FMN 10 IJzerlaanbrug
657,Fietsbrug Ijzerlaanbrug,2023-09-15,14:00:00,251,102,149,FMN 10 IJzerlaanbrug
657,Fietsbrug Ijzerlaanbrug,2023-09-15,15:00:00,310,145,165,FMN 10 IJzerlaanbrug
657,Fietsbrug Ijzerlaanbrug,2023-09-15,16:00:00,359,126,233,FMN 10 IJzerlaanbrug
657,Fietsbrug Ijzerlaanbrug,2023-09-15,17:00:00,348,121,227,FMN 10 IJzerlaanbrug
657,Fietsbrug Ijzerlaanbrug,2023-09-15,18:00:00,263,117,146,FMN 10 IJzerlaanbrug
657,Fietsbrug Ijzerlaanbrug,2023-09-15,19:00:00,196,103,93,FMN 10 IJzerlaanbrug
657,Fietsbrug Ijzerlaanbrug,2023-09-15,20:00:00,136,56,80,FMN 10 IJzerlaanbrug
657,Fietsbrug Ijzerlaanbrug,2023-09-15,21:00:00,90,28,62,FMN 10 IJzerlaanbrug
657,Fietsbrug Ijzerlaanbrug,2023-09-15,22:00:00,91,33,58,FMN 10 IJzerlaanbrug
657,Fietsbrug Ijzerlaanbrug,2023-09-15,23:00:00,86,35,51,FMN 10 IJzerlaanbrug
657,Fietsbrug Ijzerlaanbrug,2023-09-16,00:00:00,48,13,35,FMN 10 IJzerlaanbrug
657,Fietsbrug Ijzerlaanbrug,2023-09-16,01:00:00,44,7,37,FMN 10 IJzerlaanbrug
657,Fietsbrug Ijzerlaanbrug,2023-09-16,02:00:00,21,4,17,FMN 10 IJzerlaanbrug
657,Fietsbrug Ijzerlaanbrug,2023-09-16,03:00:00,13,2,11,FMN 10 IJzerlaanbrug
657,Fietsbrug Ijzerlaanbrug,2023-09-16,04:00:00,10,5,5,FMN 10 IJzerlaanbrug
657,Fietsbrug Ijzerlaanbrug,2023-09-16,05:00:00,26,8,18,FMN 10 IJzerlaanbrug
657,Fietsbrug Ijzerlaanbrug,2023-09-16,06:00:00,22,12,10,FMN 10 IJzerlaanbrug
657,Fietsbrug Ijzerlaanbrug,2023-09-16,07:00:00,44,23,21,FMN 10 IJzerlaanbrug
657,Fietsbrug Ijzerlaanbrug,2023-09-16,08:00:00,71,47,24,FMN 10 IJzerlaanbrug
657,Fietsbrug Ijzerlaanbrug,2023-09-16,09:00:00,119,88,31,FMN 10 IJzerlaanbrug
657,Fietsbrug Ijzerlaanbrug,2023-09-16,10:00:00,150,98,52,FMN 10 IJzerlaanbrug
657,Fietsbrug Ijzerlaanbrug,2023-09-16,11:00:00,195,120,75,FMN 10 IJzerlaanbrug
657,Fietsbrug Ijzerlaanbrug,2023-09-16,12:00:00,201,116,85,FMN 10 IJzerlaanbrug
657,Fietsbrug Ijzerlaanbrug,2023-09-16,13:00:00,220,127,93,FMN 10 IJzerlaanbrug
657,Fietsbrug Ijzerlaanbrug,2023-09-16,14:00:00,272,143,129,FMN 10 IJzerlaanbrug
657,Fietsbrug Ijzerlaanbrug,2023-09-16,15:00:00,226,124,102,FMN 10 IJzerlaanbrug
657,Fietsbrug Ijzerlaanbrug,2023-09-16,16:00:00,242,104,138,FMN 10 IJzerlaanbrug
657,Fietsbrug Ijzerlaanbrug,2023-09-16,17:00:00,203,76,127,FMN 10 IJzerlaanbrug
657,Fietsbrug Ijzerlaanbrug,2023-09-16,18:00:00,208,95,113,FMN 10 IJzerlaanbrug
657,Fietsbrug Ijzerlaanbrug,2023-09-16,19:00:00,120,64,56,FMN 10 IJzerlaanbrug
657,Fietsbrug Ijzerlaanbrug,2023-09-16,20:00:00,130,65,65,FMN 10 IJzerlaanbrug
657,Fietsbrug Ijzerlaanbrug,2023-09-16,21:00:00,69,23,46,FMN 10 IJzerlaanbrug
657,Fietsbrug Ijzerlaanbrug,2023-09-16,22:00:00,51,23,28,FMN 10 IJzerlaanbrug
657,Fietsbrug Ijzerlaanbrug,2023-09-16,23:00:00,59,16,43,FMN 10 IJzerlaanbrug
657,Fietsbrug Ijzerlaanbrug,2023-09-17,00:00:00,59,12,47,FMN 10 IJzerlaanbrug
657,Fietsbrug Ijzerlaanbrug,2023-09-17,01:00:00,28,9,19,FMN 10 IJzerlaanbrug
657,Fietsbrug Ijzerlaanbrug,2023-09-17,02:00:00,43,10,33,FMN 10 IJzerlaanbrug
657,Fietsbrug Ijzerlaanbrug,2023-09-17,03:00:00,25,8,17,FMN 10 IJzerlaanbrug
657,Fietsbrug Ijzerlaanbrug,2023-09-17,04:00:00,13,3,10,FMN 10 IJzerlaanbrug
657,Fietsbrug Ijzerlaanbrug,2023-09-17,05:00:00,13,7,6,FMN 10 IJzerlaanbrug
657,Fietsbrug Ijzerlaanbrug,2023-09-17,06:00:00,24,15,9,FMN 10 IJzerlaanbrug
657,Fietsbrug Ijzerlaanbrug,2023-09-17,07:00:00,30,21,9,FMN 10 IJzerlaanbrug
657,Fietsbrug Ijzerlaanbrug,2023-09-17,08:00:00,54,40,14,FMN 10 IJzerlaanbrug
657,Fietsbrug Ijzerlaanbrug,2023-09-17,09:00:00,168,87,81,FMN 10 IJzerlaanbrug
657,Fietsbrug Ijzerlaanbrug,2023-09-17,10:00:00,166,119,47,FMN 10 IJzerlaanbrug
657,Fietsbrug Ijzerlaanbrug,2023-09-17,11:00:00,224,152,72,FMN 10 IJzerlaanbrug
657,Fietsbrug Ijzerlaanbrug,2023-09-17,12:00:00,243,146,97,FMN 10 IJzerlaanbrug
657,Fietsbrug Ijzerlaanbrug,2023-09-17,13:00:00,278,193,85,FMN 10 IJzerlaanbrug
657,Fietsbrug Ijzerlaanbrug,2023-09-17,14:00:00,376,271,105,FMN 10 IJzerlaanbrug
657,Fietsbrug Ijzerlaanbrug,2023-09-17,15:00:00,305,145,160,FMN 10 IJzerlaanbrug
657,Fietsbrug Ijzerlaanbrug,2023-09-17,16:00:00,312,97,215,FMN 10 IJzerlaanbrug
657,Fietsbrug Ijzerlaanbrug,2023-09-17,17:00:00,320,106,214,FMN 10 IJzerlaanbrug
657,Fietsbrug Ijzerlaanbrug,2023-09-17,18:00:00,202,56,146,FMN 10 IJzerlaanbrug
657,Fietsbrug Ijzerlaanbrug,2023-09-17,19:00:00,127,46,81,FMN 10 IJzerlaanbrug
657,Fietsbrug Ijzerlaanbrug,2023-09-17,20:00:00,122,50,72,FMN 10 IJzerlaanbrug
657,Fietsbrug Ijzerlaanbrug,2023-09-17,21:00:00,82,27,55,FMN 10 IJzerlaanbrug
657,Fietsbrug Ijzerlaanbrug,2023-09-17,22:00:00,42,13,29,FMN 10 IJzerlaanbrug
657,Fietsbrug Ijzerlaanbrug,2023-09-17,23:00:00,47,17,30,FMN 10 IJzerlaanbrug
657,Fietsbrug Ijzerlaanbrug,2023-09-18,00:00:00,15,3,12,FMN 10 IJzerlaanbrug
657,Fietsbrug Ijzerlaanbrug,2023-09-18,01:00:00,16,9,7,FMN 10 IJzerlaanbrug
657,Fietsbrug Ijzerlaanbrug,2023-09-18,02:00:00,4,2,2,FMN 10 IJzerlaanbrug
657,Fietsbrug Ijzerlaanbrug,2023-09-18,03:00:00,9,3,6,FMN 10 IJzerlaanbrug
657,Fietsbrug Ijzerlaanbrug,2023-09-18,04:00:00,17,9,8,FMN 10 IJzerlaanbrug
657,Fietsbrug Ijzerlaanbrug,2023-09-18,05:00:00,26,18,8,FMN 10 IJzerlaanbrug
657,Fietsbrug Ijzerlaanbrug,2023-09-18,06:00:00,94,67,27,FMN 10 IJzerlaanbrug
657,Fietsbrug Ijzerlaanbrug,2023-09-18,07:00:00,398,305,93,FMN 10 IJzerlaanbrug
657,Fietsbrug Ijzerlaanbrug,2023-09-18,08:00:00,493,388,105,FMN 10 IJzerlaanbrug
657,Fietsbrug Ijzerlaanbrug,2023-09-18,09:00:00,213,154,59,FMN 10 IJzerlaanbrug
657,Fietsbrug Ijzerlaanbrug,2023-09-18,10:00:00,127,78,49,FMN 10 IJzerlaanbrug
657,Fietsbrug Ijzerlaanbrug,2023-09-18,11:00:00,117,58,59,FMN 10 IJzerlaanbrug
657,Fietsbrug Ijzerlaanbrug,2023-09-18,12:00:00,148,88,60,FMN 10 IJzerlaanbrug
657,Fietsbrug Ijzerlaanbrug,2023-09-18,13:00:00,118,67,51,FMN 10 IJzerlaanbrug
657,Fietsbrug Ijzerlaanbrug,2023-09-18,14:00:00,172,60,112,FMN 10 IJzerlaanbrug
657,Fietsbrug Ijzerlaanbrug,2023-09-18,15:00:00,249,87,162,FMN 10 IJzerlaanbrug
657,Fietsbrug Ijzerlaanbrug,2023-09-18,16:00:00,429,133,296,FMN 10 IJzerlaanbrug
657,Fietsbrug Ijzerlaanbrug,2023-09-18,17:00:00,451,119,332,FMN 10 IJzerlaanbrug
657,Fietsbrug Ijzerlaanbrug,2023-09-18,18:00:00,233,69,164,FMN 10 IJzerlaanbrug
657,Fietsbrug Ijzerlaanbrug,2023-09-18,19:00:00,141,65,76,FMN 10 IJzerlaanbrug
657,Fietsbrug Ijzerlaanbrug,2023-09-18,20:00:00,102,34,68,FMN 10 IJzerlaanbrug
657,Fietsbrug Ijzerlaanbrug,2023-09-18,21:00:00,88,29,59,FMN 10 IJzerlaanbrug
657,Fietsbrug Ijzerlaanbrug,2023-09-18,22:00:00,61,20,41,FMN 10 IJzerlaanbrug
657,Fietsbrug Ijzerlaanbrug,2023-09-18,23:00:00,42,10,32,FMN 10 IJzerlaanbrug
657,Fietsbrug Ijzerlaanbrug,2023-09-19,00:00:00,15,3,12,FMN 10 IJzerlaanbrug
657,Fietsbrug Ijzerlaanbrug,2023-09-19,01:00:00,9,2,7,FMN 10 IJzerlaanbrug
657,Fietsbrug Ijzerlaanbrug,2023-09-19,02:00:00,3,1,2,FMN 10 IJzerlaanbrug
657,Fietsbrug Ijzerlaanbrug,2023-09-19,03:00:00,6,5,1,FMN 10 IJzerlaanbrug
657,Fietsbrug Ijzerlaanbrug,2023-09-19,04:00:00,9,8,1,FMN 10 IJzerlaanbrug
657,Fietsbrug Ijzerlaanbrug,2023-09-19,05:00:00,29,18,11,FMN 10 IJzerlaanbrug
657,Fietsbrug Ijzerlaanbrug,2023-09-19,06:00:00,131,91,40,FMN 10 IJzerlaanbrug
657,Fietsbrug Ijzerlaanbrug,2023-09-19,07:00:00,406,295,111,FMN 10 IJzerlaanbrug
657,Fietsbrug Ijzerlaanbrug,2023-09-19,08:00:00,526,417,109,FMN 10 IJzerlaanbrug
657,Fietsbrug Ijzerlaanbrug,2023-09-19,09:00:00,212,158,54,FMN 10 IJzerlaanbrug
657,Fietsbrug Ijzerlaanbrug,2023-09-19,10:00:00,170,114,56,FMN 10 IJzerlaanbrug
657,Fietsbrug Ijzerlaanbrug,2023-09-19,11:00:00,114,60,54,FMN 10 IJzerlaanbrug
657,Fietsbrug Ijzerlaanbrug,2023-09-19,12:00:00,181,99,82,FMN 10 IJzerlaanbrug
657,Fietsbrug Ijzerlaanbrug,2023-09-19,13:00:00,172,90,82,FMN 10 IJzerlaanbrug
657,Fietsbrug Ijzerlaanbrug,2023-09-19,14:00:00,165,67,98,FMN 10 IJzerlaanbrug
657,Fietsbrug Ijzerlaanbrug,2023-09-19,15:00:00,302,106,196,FMN 10 IJzerlaanbrug
657,Fietsbrug Ijzerlaanbrug,2023-09-19,16:00:00,447,142,305,FMN 10 IJzerlaanbrug
657,Fietsbrug Ijzerlaanbrug,2023-09-19,17:00:00,469,113,356,FMN 10 IJzerlaanbrug
657,Fietsbrug Ijzerlaanbrug,2023-09-19,18:00:00,259,86,173,FMN 10 IJzerlaanbrug
657,Fietsbrug Ijzerlaanbrug,2023-09-19,19:00:00,135,62,73,FMN 10 IJzerlaanbrug
657,Fietsbrug Ijzerlaanbrug,2023-09-19,20:00:00,111,53,58,FMN 10 IJzerlaanbrug
657,Fietsbrug Ijzerlaanbrug,2023-09-19,21:00:00,94,32,62,FMN 10 IJzerlaanbrug
657,Fietsbrug Ijzerlaanbrug,2023-09-19,22:00:00,83,21,62,FMN 10 IJzerlaanbrug
657,Fietsbrug Ijzerlaanbrug,2023-09-19,23:00:00,51,13,38,FMN 10 IJzerlaanbrug
657,Fietsbrug Ijzerlaanbrug,2023-09-20,00:00:00,14,2,12,FMN 10 IJzerlaanbrug
657,Fietsbrug Ijzerlaanbrug,2023-09-20,01:00:00,6,1,5,FMN 10 IJzerlaanbrug
657,Fietsbrug Ijzerlaanbrug,2023-09-20,02:00:00,7,4,3,FMN 10 IJzerlaanbrug
657,Fietsbrug Ijzerlaanbrug,2023-09-20,03:00:00,7,2,5,FMN 10 IJzerlaanbrug
657,Fietsbrug Ijzerlaanbrug,2023-09-20,04:00:00,18,14,4,FMN 10 IJzerlaanbrug
657,Fietsbrug Ijzerlaanbrug,2023-09-20,05:00:00,37,27,10,FMN 10 IJzerlaanbrug
657,Fietsbrug Ijzerlaanbrug,2023-09-20,06:00:00,119,76,43,FMN 10 IJzerlaanbrug
657,Fietsbrug Ijzerlaanbrug,2023-09-20,07:00:00,348,244,104,FMN 10 IJzerlaanbrug
657,Fietsbrug Ijzerlaanbrug,2023-09-20,08:00:00,495,382,113,FMN 10 IJzerlaanbrug
657,Fietsbrug Ijzerlaanbrug,2023-09-20,09:00:00,212,157,55,FMN 10 IJzerlaanbrug
657,Fietsbrug Ijzerlaanbrug,2023-09-20,10:00:00,130,69,61,FMN 10 IJzerlaanbrug
657,Fietsbrug Ijzerlaanbrug,2023-09-20,11:00:00,150,72,78,FMN 10 IJzerlaanbrug
657,Fietsbrug Ijzerlaanbrug,2023-09-20,12:00:00,314,153,161,FMN 10 IJzerlaanbrug
657,Fietsbrug Ijzerlaanbrug,2023-09-20,13:00:00,228,109,119,FMN 10 IJzerlaanbrug
657,Fietsbrug Ijzerlaanbrug,2023-09-20,14:00:00,182,79,103,FMN 10 IJzerlaanbrug
657,Fietsbrug Ijzerlaanbrug,2023-09-20,15:00:00,236,86,150,FMN 10 IJzerlaanbrug
657,Fietsbrug Ijzerlaanbrug,2023-09-20,16:00:00,418,135,283,FMN 10 IJzerlaanbrug
657,Fietsbrug Ijzerlaanbrug,2023-09-20,17:00:00,383,114,269,FMN 10 IJzerlaanbrug
657,Fietsbrug Ijzerlaanbrug,2023-09-20,18:00:00,264,82,182,FMN 10 IJzerlaanbrug
657,Fietsbrug Ijzerlaanbrug,2023-09-20,19:00:00,174,84,90,FMN 10 IJzerlaanbrug
657,Fietsbrug Ijzerlaanbrug,2023-09-20,20:00:00,133,81,52,FMN 10 IJzerlaanbrug
657,Fietsbrug Ijzerlaanbrug,2023-09-20,21:00:00,100,26,74,FMN 10 IJzerlaanbrug
657,Fietsbrug Ijzerlaanbrug,2023-09-20,22:00:00,89,15,74,FMN 10 IJzerlaanbrug
657,Fietsbrug Ijzerlaanbrug,2023-09-20,23:00:00,48,11,37,FMN 10 IJzerlaanbrug
657,Fietsbrug Ijzerlaanbrug,2023-09-21,00:00:00,25,7,18,FMN 10 IJzerlaanbrug
657,Fietsbrug Ijzerlaanbrug,2023-09-21,01:00:00,15,7,8,FMN 10 IJzerlaanbrug
657,Fietsbrug Ijzerlaanbrug,2023-09-21,02:00:00,6,3,3,FMN 10 IJzerlaanbrug
657,Fietsbrug Ijzerlaanbrug,2023-09-21,03:00:00,4,2,2,FMN 10 IJzerlaanbrug
657,Fietsbrug Ijzerlaanbrug,2023-09-21,04:00:00,15,8,7,FMN 10 IJzerlaanbrug
657,Fietsbrug Ijzerlaanbrug,2023-09-21,05:00:00,35,23,12,FMN 10 IJzerlaanbrug
657,Fietsbrug Ijzerlaanbrug,2023-09-21,06:00:00,84,57,27,FMN 10 IJzerlaanbrug
657,Fietsbrug Ijzerlaanbrug,2023-09-21,07:00:00,282,203,79,FMN 10 IJzerlaanbrug
657,Fietsbrug Ijzerlaanbrug,2023-09-21,08:00:00,389,303,86,FMN 10 IJzerlaanbrug
657,Fietsbrug Ijzerlaanbrug,2023-09-21,09:00:00,141,109,32,FMN 10 IJzerlaanbrug
657,Fietsbrug Ijzerlaanbrug,2023-09-21,10:00:00,71,39,32,FMN 10 IJzerlaanbrug
657,Fietsbrug Ijzerlaanbrug,2023-09-21,11:00:00,52,25,27,FMN 10 IJzerlaanbrug
657,Fietsbrug Ijzerlaanbrug,2023-09-21,12:00:00,92,40,52,FMN 10 IJzerlaanbrug
657,Fietsbrug Ijzerlaanbrug,2023-09-21,13:00:00,96,42,54,FMN 10 IJzerlaanbrug
657,Fietsbrug Ijzerlaanbrug,2023-09-21,14:00:00,87,31,56,FMN 10 IJzerlaanbrug
657,Fietsbrug Ijzerlaanbrug,2023-09-21,15:00:00,193,74,119,FMN 10 IJzerlaanbrug
657,Fietsbrug Ijzerlaanbrug,2023-09-21,16:00:00,323,104,219,FMN 10 IJzerlaanbrug
657,Fietsbrug Ijzerlaanbrug,2023-09-21,17:00:00,293,87,206,FMN 10 IJzerlaanbrug
657,Fietsbrug Ijzerlaanbrug,2023-09-21,18:00:00,145,50,95,FMN 10 IJzerlaanbrug
657,Fietsbrug Ijzerlaanbrug,2023-09-21,19:00:00,110,53,57,FMN 10 IJzerlaanbrug
657,Fietsbrug Ijzerlaanbrug,2023-09-21,20:00:00,91,45,46,FMN 10 IJzerlaanbrug
657,Fietsbrug Ijzerlaanbrug,2023-09-21,21:00:00,76,36,40,FMN 10 IJzerlaanbrug
657,Fietsbrug Ijzerlaanbrug,2023-09-21,22:00:00,77,16,61,FMN 10 IJzerlaanbrug
657,Fietsbrug Ijzerlaanbrug,2023-09-21,23:00:00,45,10,35,FMN 10 IJzerlaanbrug
657,Fietsbrug Ijzerlaanbrug,2023-09-22,00:00:00,33,18,15,FMN 10 IJzerlaanbrug
657,Fietsbrug Ijzerlaanbrug,2023-09-22,01:00:00,18,5,13,FMN 10 IJzerlaanbrug
657,Fietsbrug Ijzerlaanbrug,2023-09-22,02:00:00,8,4,4,FMN 10 IJzerlaanbrug
657,Fietsbrug Ijzerlaanbrug,2023-09-22,03:00:00,14,2,12,FMN 10 IJzerlaanbrug
657,Fietsbrug Ijzerlaanbrug,2023-09-22,04:00:00,14,10,4,FMN 10 IJzerlaanbrug
657,Fietsbrug Ijzerlaanbrug,2023-09-22,05:00:00,35,25,10,FMN 10 IJzerlaanbrug
657,Fietsbrug Ijzerlaanbrug,2023-09-22,06:00:00,87,58,29,FMN 10 IJzerlaanbrug
657,Fietsbrug Ijzerlaanbrug,2023-09-22,07:00:00,322,232,90,FMN 10 IJzerlaanbrug
657,Fietsbrug Ijzerlaanbrug,2023-09-22,08:00:00,437,326,111,FMN 10 IJzerlaanbrug
657,Fietsbrug Ijzerlaanbrug,2023-09-22,09:00:00,149,112,37,FMN 10 IJzerlaanbrug
657,Fietsbrug Ijzerlaanbrug,2023-09-22,10:00:00,138,90,48,FMN 10 IJzerlaanbrug
657,Fietsbrug Ijzerlaanbrug,2023-09-22,11:00:00,117,59,58,FMN 10 IJzerlaanbrug
657,Fietsbrug Ijzerlaanbrug,2023-09-22,12:00:00,197,105,92,FMN 10 IJzerlaanbrug
657,Fietsbrug Ijzerlaanbrug,2023-09-22,13:00:00,187,94,93,FMN 10 IJzerlaanbrug
657,Fietsbrug Ijzerlaanbrug,2023-09-22,14:00:00,165,59,106,FMN 10 IJzerlaanbrug
657,Fietsbrug Ijzerlaanbrug,2023-09-22,15:00:00,282,108,174,FMN 10 IJzerlaanbrug
657,Fietsbrug Ijzerlaanbrug,2023-09-22,16:00:00,315,105,210,FMN 10 IJzerlaanbrug
657,Fietsbrug Ijzerlaanbrug,2023-09-22,17:00:00,307,79,228,FMN 10 IJzerlaanbrug
657,Fietsbrug Ijzerlaanbrug,2023-09-22,18:00:00,208,84,124,FMN 10 IJzerlaanbrug
657,Fietsbrug Ijzerlaanbrug,2023-09-22,19:00:00,122,63,59,FMN 10 IJzerlaanbrug
657,Fietsbrug Ijzerlaanbrug,2023-09-22,20:00:00,73,25,48,FMN 10 IJzerlaanbrug
657,Fietsbrug Ijzerlaanbrug,2023-09-22,21:00:00,59,30,29,FMN 10 IJzerlaanbrug
657,Fietsbrug Ijzerlaanbrug,2023-09-22,22:00:00,68,17,51,FMN 10 IJzerlaanbrug
657,Fietsbrug Ijzerlaanbrug,2023-09-22,23:00:00,62,19,43,FMN 10 IJzerlaanbrug
657,Fietsbrug Ijzerlaanbrug,2023-09-23,00:00:00,54,20,34,FMN 10 IJzerlaanbrug
657,Fietsbrug Ijzerlaanbrug,2023-09-23,01:00:00,38,11,27,FMN 10 IJzerlaanbrug
657,Fietsbrug Ijzerlaanbrug,2023-09-23,02:00:00,30,11,19,FMN 10 IJzerlaanbrug
657,Fietsbrug Ijzerlaanbrug,2023-09-23,03:00:00,12,6,6,FMN 10 IJzerlaanbrug
657,Fietsbrug Ijzerlaanbrug,2023-09-23,04:00:00,19,6,13,FMN 10 IJzerlaanbrug
657,Fietsbrug Ijzerlaanbrug,2023-09-23,05:00:00,26,10,16,FMN 10 IJzerlaanbrug
657,Fietsbrug Ijzerlaanbrug,2023-09-23,06:00:00,22,16,6,FMN 10 IJzerlaanbrug
657,Fietsbrug Ijzerlaanbrug,2023-09-23,07:00:00,31,19,12,FMN 10 IJzerlaanbrug
657,Fietsbrug Ijzerlaanbrug,2023-09-23,08:00:00,85,52,33,FMN 10 IJzerlaanbrug
657,Fietsbrug Ijzerlaanbrug,2023-09-23,09:00:00,121,86,35,FMN 10 IJzerlaanbrug
657,Fietsbrug Ijzerlaanbrug,2023-09-23,10:00:00,164,119,45,FMN 10 IJzerlaanbrug
657,Fietsbrug Ijzerlaanbrug,2023-09-23,11:00:00,150,94,56,FMN 10 IJzerlaanbrug
657,Fietsbrug Ijzerlaanbrug,2023-09-23,12:00:00,165,90,75,FMN 10 IJzerlaanbrug
657,Fietsbrug Ijzerlaanbrug,2023-09-23,13:00:00,205,104,101,FMN 10 IJzerlaanbrug
657,Fietsbrug Ijzerlaanbrug,2023-09-23,14:00:00,159,83,76,FMN 10 IJzerlaanbrug
657,Fietsbrug Ijzerlaanbrug,2023-09-23,15:00:00,146,70,76,FMN 10 IJzerlaanbrug
657,Fietsbrug Ijzerlaanbrug,2023-09-23,16:00:00,176,68,108,FMN 10 IJzerlaanbrug
657,Fietsbrug Ijzerlaanbrug,2023-09-23,17:00:00,183,79,104,FMN 10 IJzerlaanbrug
657,Fietsbrug Ijzerlaanbrug,2023-09-23,18:00:00,160,70,90,FMN 10 IJzerlaanbrug
657,Fietsbrug Ijzerlaanbrug,2023-09-23,19:00:00,111,59,52,FMN 10 IJzerlaanbrug
657,Fietsbrug Ijzerlaanbrug,2023-09-23,20:00:00,112,49,63,FMN 10 IJzerlaanbrug
657,Fietsbrug Ijzerlaanbrug,2023-09-23,21:00:00,74,38,36,FMN 10 IJzerlaanbrug
657,Fietsbrug Ijzerlaanbrug,2023-09-23,22:00:00,84,31,53,FMN 10 IJzerlaanbrug
657,Fietsbrug Ijzerlaanbrug,2023-09-23,23:00:00,81,34,47,FMN 10 IJzerlaanbrug
657,Fietsbrug Ijzerlaanbrug,2023-09-24,00:00:00,66,19,47,FMN 10 IJzerlaanbrug
657,Fietsbrug Ijzerlaanbrug,2023-09-24,01:00:00,41,13,28,FMN 10 IJzerlaanbrug
657,Fietsbrug Ijzerlaanbrug,2023-09-24,02:00:00,33,6,27,FMN 10 IJzerlaanbrug
657,Fietsbrug Ijzerlaanbrug,2023-09-24,03:00:00,27,10,17,FMN 10 IJzerlaanbrug
657,Fietsbrug Ijzerlaanbrug,2023-09-24,04:00:00,14,3,11,FMN 10 IJzerlaanbrug
657,Fietsbrug Ijzerlaanbrug,2023-09-24,05:00:00,33,9,24,FMN 10 IJzerlaanbrug
657,Fietsbrug Ijzerlaanbrug,2023-09-24,06:00:00,27,13,14,FMN 10 IJzerlaanbrug
657,Fietsbrug Ijzerlaanbrug,2023-09-24,07:00:00,27,16,11,FMN 10 IJzerlaanbrug
657,Fietsbrug Ijzerlaanbrug,2023-09-24,08:00:00,47,27,20,FMN 10 IJzerlaanbrug
657,Fietsbrug Ijzerlaanbrug,2023-09-24,09:00:00,92,58,34,FMN 10 IJzerlaanbrug
657,Fietsbrug Ijzerlaanbrug,2023-09-24,10:00:00,229,140,89,FMN 10 IJzerlaanbrug
657,Fietsbrug Ijzerlaanbrug,2023-09-24,11:00:00,220,127,93,FMN 10 IJzerlaanbrug
657,Fietsbrug Ijzerlaanbrug,2023-09-24,12:00:00,215,139,76,FMN 10 IJzerlaanbrug
657,Fietsbrug Ijzerlaanbrug,2023-09-24,13:00:00,271,164,107,FMN 10 IJzerlaanbrug
657,Fietsbrug Ijzerlaanbrug,2023-09-24,14:00:00,280,180,100,FMN 10 IJzerlaanbrug
657,Fietsbrug Ijzerlaanbrug,2023-09-24,15:00:00,269,122,147,FMN 10 IJzerlaanbrug
657,Fietsbrug Ijzerlaanbrug,2023-09-24,16:00:00,272,95,177,FMN 10 IJzerlaanbrug
657,Fietsbrug Ijzerlaanbrug,2023-09-24,17:00:00,234,88,146,FMN 10 IJzerlaanbrug
657,Fietsbrug Ijzerlaanbrug,2023-09-24,18:00:00,199,89,110,FMN 10 IJzerlaanbrug
657,Fietsbrug Ijzerlaanbrug,2023-09-24,19:00:00,152,61,91,FMN 10 IJzerlaanbrug
657,Fietsbrug Ijzerlaanbrug,2023-09-24,20:00:00,100,43,57,FMN 10 IJzerlaanbrug
657,Fietsbrug Ijzerlaanbrug,2023-09-24,21:00:00,77,28,49,FMN 10 IJzerlaanbrug
657,Fietsbrug Ijzerlaanbrug,2023-09-24,22:00:00,59,18,41,FMN 10 IJzerlaanbrug
657,Fietsbrug Ijzerlaanbrug,2023-09-24,23:00:00,27,9,18,FMN 10 IJzerlaanbrug
657,Fietsbrug Ijzerlaanbrug,2023-09-25,00:00:00,13,6,7,FMN 10 IJzerlaanbrug
657,Fietsbrug Ijzerlaanbrug,2023-09-25,01:00:00,16,5,11,FMN 10 IJzerlaanbrug
657,Fietsbrug Ijzerlaanbrug,2023-09-25,02:00:00,6,1,5,FMN 10 IJzerlaanbrug
657,Fietsbrug Ijzerlaanbrug,2023-09-25,03:00:00,3,2,1,FMN 10 IJzerlaanbrug
657,Fietsbrug Ijzerlaanbrug,2023-09-25,04:00:00,22,15,7,FMN 10 IJzerlaanbrug
657,Fietsbrug Ijzerlaanbrug,2023-09-25,05:00:00,38,22,16,FMN 10 IJzerlaanbrug
657,Fietsbrug Ijzerlaanbrug,2023-09-25,06:00:00,141,101,40,FMN 10 IJzerlaanbrug
657,Fietsbrug Ijzerlaanbrug,2023-09-25,07:00:00,463,350,113,FMN 10 IJzerlaanbrug
657,Fietsbrug Ijzerlaanbrug,2023-09-25,08:00:00,588,460,128,FMN 10 IJzerlaanbrug
657,Fietsbrug Ijzerlaanbrug,2023-09-25,09:00:00,232,175,57,FMN 10 IJzerlaanbrug
657,Fietsbrug Ijzerlaanbrug,2023-09-25,10:00:00,181,119,62,FMN 10 IJzerlaanbrug
657,Fietsbrug Ijzerlaanbrug,2023-09-25,11:00:00,136,89,47,FMN 10 IJzerlaanbrug
657,Fietsbrug Ijzerlaanbrug,2023-09-25,12:00:00,228,123,105,FMN 10 IJzerlaanbrug
657,Fietsbrug Ijzerlaanbrug,2023-09-25,13:00:00,205,108,97,FMN 10 IJzerlaanbrug
657,Fietsbrug Ijzerlaanbrug,2023-09-25,14:00:00,233,106,127,FMN 10 IJzerlaanbrug
657,Fietsbrug Ijzerlaanbrug,2023-09-25,15:00:00,365,133,232,FMN 10 IJzerlaanbrug
657,Fietsbrug Ijzerlaanbrug,2023-09-25,16:00:00,616,234,382,FMN 10 IJzerlaanbrug
657,Fietsbrug Ijzerlaanbrug,2023-09-25,17:00:00,534,133,401,FMN 10 IJzerlaanbrug
657,Fietsbrug Ijzerlaanbrug,2023-09-25,18:00:00,340,95,245,FMN 10 IJzerlaanbrug
657,Fietsbrug Ijzerlaanbrug,2023-09-25,19:00:00,209,73,136,FMN 10 IJzerlaanbrug
657,Fietsbrug Ijzerlaanbrug,2023-09-25,20:00:00,130,52,78,FMN 10 IJzerlaanbrug
657,Fietsbrug Ijzerlaanbrug,2023-09-25,21:00:00,102,32,70,FMN 10 IJzerlaanbrug
657,Fietsbrug Ijzerlaanbrug,2023-09-25,22:00:00,80,27,53,FMN 10 IJzerlaanbrug
657,Fietsbrug Ijzerlaanbrug,2023-09-25,23:00:00,39,7,32,FMN 10 IJzerlaanbrug
657,Fietsbrug Ijzerlaanbrug,2023-09-26,00:00:00,28,7,21,FMN 10 IJzerlaanbrug
657,Fietsbrug Ijzerlaanbrug,2023-09-26,01:00:00,12,4,8,FMN 10 IJzerlaanbrug
657,Fietsbrug Ijzerlaanbrug,2023-09-26,02:00:00,15,5,10,FMN 10 IJzerlaanbrug
657,Fietsbrug Ijzerlaanbrug,2023-09-26,03:00:00,8,3,5,FMN 10 IJzerlaanbrug
657,Fietsbrug Ijzerlaanbrug,2023-09-26,04:00:00,20,8,12,FMN 10 IJzerlaanbrug
657,Fietsbrug Ijzerlaanbrug,2023-09-26,05:00:00,43,28,15,FMN 10 IJzerlaanbrug
657,Fietsbrug Ijzerlaanbrug,2023-09-26,06:00:00,171,116,55,FMN 10 IJzerlaanbrug
657,Fietsbrug Ijzerlaanbrug,2023-09-26,07:00:00,500,381,119,FMN 10 IJzerlaanbrug
657,Fietsbrug Ijzerlaanbrug,2023-09-26,08:00:00,653,514,139,FMN 10 IJzerlaanbrug
657,Fietsbrug Ijzerlaanbrug,2023-09-26,09:00:00,277,212,65,FMN 10 IJzerlaanbrug
657,Fietsbrug Ijzerlaanbrug,2023-09-26,10:00:00,200,120,80,FMN 10 IJzerlaanbrug
657,Fietsbrug Ijzerlaanbrug,2023-09-26,11:00:00,166,100,66,FMN 10 IJzerlaanbrug
657,Fietsbrug Ijzerlaanbrug,2023-09-26,12:00:00,223,125,98,FMN 10 IJzerlaanbrug
657,Fietsbrug Ijzerlaanbrug,2023-09-26,13:00:00,237,133,104,FMN 10 IJzerlaanbrug
657,Fietsbrug Ijzerlaanbrug,2023-09-26,14:00:00,237,111,126,FMN 10 IJzerlaanbrug
657,Fietsbrug Ijzerlaanbrug,2023-09-26,15:00:00,311,97,214,FMN 10 IJzerlaanbrug
657,Fietsbrug Ijzerlaanbrug,2023-09-26,16:00:00,609,182,427,FMN 10 IJzerlaanbrug
657,Fietsbrug Ijzerlaanbrug,2023-09-26,17:00:00,616,169,447,FMN 10 IJzerlaanbrug
657,Fietsbrug Ijzerlaanbrug,2023-09-26,18:00:00,347,106,241,FMN 10 IJzerlaanbrug
657,Fietsbrug Ijzerlaanbrug,2023-09-26,19:00:00,207,81,126,FMN 10 IJzerlaanbrug
657,Fietsbrug Ijzerlaanbrug,2023-09-26,20:00:00,130,59,71,FMN 10 IJzerlaanbrug
657,Fietsbrug Ijzerlaanbrug,2023-09-26,21:00:00,96,31,65,FMN 10 IJzerlaanbrug
657,Fietsbrug Ijzerlaanbrug,2023-09-26,22:00:00,97,21,76,FMN 10 IJzerlaanbrug
657,Fietsbrug Ijzerlaanbrug,2023-09-26,23:00:00,43,8,35,FMN 10 IJzerlaanbrug
657,Fietsbrug Ijzerlaanbrug,2023-09-27,00:00:00,10,2,8,FMN 10 IJzerlaanbrug
657,Fietsbrug Ijzerlaanbrug,2023-09-27,01:00:00,21,9,12,FMN 10 IJzerlaanbrug
657,Fietsbrug Ijzerlaanbrug,2023-09-27,02:00:00,13,4,9,FMN 10 IJzerlaanbrug
657,Fietsbrug Ijzerlaanbrug,2023-09-27,03:00:00,5,1,4,FMN 10 IJzerlaanbrug
657,Fietsbrug Ijzerlaanbrug,2023-09-27,04:00:00,17,10,7,FMN 10 IJzerlaanbrug
657,Fietsbrug Ijzerlaanbrug,2023-09-27,05:00:00,53,37,16,FMN 10 IJzerlaanbrug
657,Fietsbrug Ijzerlaanbrug,2023-09-27,06:00:00,166,121,45,FMN 10 IJzerlaanbrug
657,Fietsbrug Ijzerlaanbrug,2023-09-27,07:00:00,460,351,109,FMN 10 IJzerlaanbrug
657,Fietsbrug Ijzerlaanbrug,2023-09-27,08:00:00,574,447,127,FMN 10 IJzerlaanbrug
657,Fietsbrug Ijzerlaanbrug,2023-09-27,09:00:00,220,166,54,FMN 10 IJzerlaanbrug
657,Fietsbrug Ijzerlaanbrug,2023-09-27,10:00:00,149,102,47,FMN 10 IJzerlaanbrug
657,Fietsbrug Ijzerlaanbrug,2023-09-27,11:00:00,187,101,86,FMN 10 IJzerlaanbrug
657,Fietsbrug Ijzerlaanbrug,2023-09-27,12:00:00,385,188,197,FMN 10 IJzerlaanbrug
657,Fietsbrug Ijzerlaanbrug,2023-09-27,13:00:00,270,124,146,FMN 10 IJzerlaanbrug
657,Fietsbrug Ijzerlaanbrug,2023-09-27,14:00:00,278,143,135,FMN 10 IJzerlaanbrug
657,Fietsbrug Ijzerlaanbrug,2023-09-27,15:00:00,314,112,202,FMN 10 IJzerlaanbrug
657,Fietsbrug Ijzerlaanbrug,2023-09-27,16:00:00,526,162,364,FMN 10 IJzerlaanbrug
657,Fietsbrug Ijzerlaanbrug,2023-09-27,17:00:00,497,149,348,FMN 10 IJzerlaanbrug
657,Fietsbrug Ijzerlaanbrug,2023-09-27,18:00:00,325,116,209,FMN 10 IJzerlaanbrug
657,Fietsbrug Ijzerlaanbrug,2023-09-27,19:00:00,198,105,93,FMN 10 IJzerlaanbrug
657,Fietsbrug Ijzerlaanbrug,2023-09-27,20:00:00,136,55,81,FMN 10 IJzerlaanbrug
657,Fietsbrug Ijzerlaanbrug,2023-09-27,21:00:00,95,36,59,FMN 10 IJzerlaanbrug
657,Fietsbrug Ijzerlaanbrug,2023-09-27,22:00:00,89,28,61,FMN 10 IJzerlaanbrug
657,Fietsbrug Ijzerlaanbrug,2023-09-27,23:00:00,53,15,38,FMN 10 IJzerlaanbrug
