Meetpunt surrogate key,Meetpunt locatie,Datum,Tijd,Aantal fietsers,Aantal fietsers van,Aantal fietsers naar,Meetpunt code
40,Molenlei 59,2020-10-14,00:00:00,4,0,4,F11MO
40,Molenlei 59,2020-10-14,01:00:00,0,0,0,F11MO
40,Molenlei 59,2020-10-14,02:00:00,2,0,2,F11MO
40,Molenlei 59,2020-10-14,03:00:00,0,0,0,F11MO
40,Molenlei 59,2020-10-14,04:00:00,10,6,4,F11MO
40,Molenlei 59,2020-10-14,05:00:00,24,20,4,F11MO
40,Molenlei 59,2020-10-14,06:00:00,92,62,30,F11MO
40,Molenlei 59,2020-10-14,07:00:00,336,216,120,F11MO
40,Molenlei 59,2020-10-14,08:00:00,370,224,146,F11MO
40,Molenlei 59,2020-10-14,09:00:00,128,54,74,F11MO
40,Molenlei 59,2020-10-14,10:00:00,206,90,116,F11MO
40,Molenlei 59,2020-10-14,11:00:00,248,100,148,F11MO
40,Molenlei 59,2020-10-14,12:00:00,270,146,124,F11MO
40,Molenlei 59,2020-10-14,13:00:00,266,94,172,F11MO
40,Molenlei 59,2020-10-14,14:00:00,192,60,132,F11MO
40,Molenlei 59,2020-10-14,15:00:00,200,76,124,F11MO
40,Molenlei 59,2020-10-14,16:00:00,284,114,170,F11MO
40,Molenlei 59,2020-10-14,17:00:00,282,106,176,F11MO
40,Molenlei 59,2020-10-14,18:00:00,190,92,98,F11MO
40,Molenlei 59,2020-10-14,19:00:00,146,70,76,F11MO
40,Molenlei 59,2020-10-14,20:00:00,48,22,26,F11MO
40,Molenlei 59,2020-10-14,21:00:00,48,30,18,F11MO
40,Molenlei 59,2020-10-14,22:00:00,28,4,24,F11MO
40,Molenlei 59,2020-10-14,23:00:00,8,0,8,F11MO
40,Molenlei 59,2020-10-15,00:00:00,8,6,2,F11MO
40,Molenlei 59,2020-10-15,01:00:00,4,0,4,F11MO
40,Molenlei 59,2020-10-15,02:00:00,0,0,0,F11MO
40,Molenlei 59,2020-10-15,03:00:00,0,0,0,F11MO
40,Molenlei 59,2020-10-15,04:00:00,8,8,0,F11MO
40,Molenlei 59,2020-10-15,05:00:00,42,28,14,F11MO
40,Molenlei 59,2020-10-15,06:00:00,86,60,26,F11MO
40,Molenlei 59,2020-10-15,07:00:00,334,226,108,F11MO
40,Molenlei 59,2020-10-15,08:00:00,382,208,174,F11MO
40,Molenlei 59,2020-10-15,09:00:00,100,40,60,F11MO
40,Molenlei 59,2020-10-15,10:00:00,92,44,48,F11MO
40,Molenlei 59,2020-10-15,11:00:00,112,54,58,F11MO
40,Molenlei 59,2020-10-15,12:00:00,126,70,56,F11MO
40,Molenlei 59,2020-10-15,13:00:00,184,106,78,F11MO
40,Molenlei 59,2020-10-15,14:00:00,190,68,122,F11MO
40,Molenlei 59,2020-10-15,15:00:00,282,80,202,F11MO
40,Molenlei 59,2020-10-15,16:00:00,394,136,258,F11MO
40,Molenlei 59,2020-10-15,17:00:00,296,114,182,F11MO
40,Molenlei 59,2020-10-15,18:00:00,142,46,96,F11MO
40,Molenlei 59,2020-10-15,19:00:00,100,38,62,F11MO
40,Molenlei 59,2020-10-15,20:00:00,32,6,26,F11MO
40,Molenlei 59,2020-10-15,21:00:00,40,22,18,F11MO
40,Molenlei 59,2020-10-15,22:00:00,54,10,44,F11MO
40,Molenlei 59,2020-10-15,23:00:00,16,10,6,F11MO
40,Molenlei 59,2020-10-16,00:00:00,2,2,0,F11MO
40,Molenlei 59,2020-10-16,01:00:00,2,0,2,F11MO
40,Molenlei 59,2020-10-16,02:00:00,2,2,0,F11MO
40,Molenlei 59,2020-10-16,03:00:00,0,0,0,F11MO
40,Molenlei 59,2020-10-16,04:00:00,4,4,0,F11MO
40,Molenlei 59,2020-10-16,05:00:00,30,22,8,F11MO
40,Molenlei 59,2020-10-16,06:00:00,66,44,22,F11MO
40,Molenlei 59,2020-10-16,07:00:00,250,126,124,F11MO
40,Molenlei 59,2020-10-16,08:00:00,370,216,154,F11MO
40,Molenlei 59,2020-10-16,09:00:00,116,70,46,F11MO
40,Molenlei 59,2020-10-16,10:00:00,94,36,58,F11MO
40,Molenlei 59,2020-10-16,11:00:00,108,46,62,F11MO
40,Molenlei 59,2020-10-16,12:00:00,154,76,78,F11MO
40,Molenlei 59,2020-10-16,13:00:00,172,62,110,F11MO
40,Molenlei 59,2020-10-16,14:00:00,190,76,114,F11MO
40,Molenlei 59,2020-10-16,15:00:00,290,100,190,F11MO
40,Molenlei 59,2020-10-16,16:00:00,416,194,222,F11MO
40,Molenlei 59,2020-10-16,17:00:00,270,108,162,F11MO
40,Molenlei 59,2020-10-16,18:00:00,176,84,92,F11MO
40,Molenlei 59,2020-10-16,19:00:00,88,32,56,F11MO
40,Molenlei 59,2020-10-16,20:00:00,76,22,54,F11MO
40,Molenlei 59,2020-10-16,21:00:00,32,6,26,F11MO
40,Molenlei 59,2020-10-16,22:00:00,44,18,26,F11MO
40,Molenlei 59,2020-10-16,23:00:00,22,10,12,F11MO
40,Molenlei 59,2020-10-17,00:00:00,14,6,8,F11MO
40,Molenlei 59,2020-10-17,01:00:00,14,6,8,F11MO
40,Molenlei 59,2020-10-17,02:00:00,8,2,6,F11MO
40,Molenlei 59,2020-10-17,03:00:00,6,6,0,F11MO
40,Molenlei 59,2020-10-17,04:00:00,0,0,0,F11MO
40,Molenlei 59,2020-10-17,05:00:00,14,6,8,F11MO
40,Molenlei 59,2020-10-17,06:00:00,12,8,4,F11MO
40,Molenlei 59,2020-10-17,07:00:00,26,8,18,F11MO
40,Molenlei 59,2020-10-17,08:00:00,60,24,36,F11MO
40,Molenlei 59,2020-10-17,09:00:00,126,42,84,F11MO
40,Molenlei 59,2020-10-17,10:00:00,140,72,68,F11MO
40,Molenlei 59,2020-10-17,11:00:00,166,100,66,F11MO
40,Molenlei 59,2020-10-17,12:00:00,190,102,88,F11MO
40,Molenlei 59,2020-10-17,13:00:00,248,120,128,F11MO
40,Molenlei 59,2020-10-17,14:00:00,278,106,172,F11MO
40,Molenlei 59,2020-10-17,15:00:00,266,122,144,F11MO
40,Molenlei 59,2020-10-17,16:00:00,280,172,108,F11MO
40,Molenlei 59,2020-10-17,17:00:00,140,80,60,F11MO
40,Molenlei 59,2020-10-17,18:00:00,100,54,46,F11MO
40,Molenlei 59,2020-10-17,19:00:00,64,22,42,F11MO
40,Molenlei 59,2020-10-17,20:00:00,42,18,24,F11MO
40,Molenlei 59,2020-10-17,21:00:00,72,40,32,F11MO
40,Molenlei 59,2020-10-17,22:00:00,22,4,18,F11MO
40,Molenlei 59,2020-10-17,23:00:00,24,16,8,F11MO
40,Molenlei 59,2020-10-18,00:00:00,12,6,6,F11MO
40,Molenlei 59,2020-10-18,01:00:00,6,2,4,F11MO
40,Molenlei 59,2020-10-18,02:00:00,2,0,2,F11MO
40,Molenlei 59,2020-10-18,03:00:00,10,8,2,F11MO
40,Molenlei 59,2020-10-18,04:00:00,2,2,0,F11MO
40,Molenlei 59,2020-10-18,05:00:00,2,2,0,F11MO
40,Molenlei 59,2020-10-18,06:00:00,26,14,12,F11MO
40,Molenlei 59,2020-10-18,07:00:00,18,8,10,F11MO
40,Molenlei 59,2020-10-18,08:00:00,160,46,114,F11MO
40,Molenlei 59,2020-10-18,09:00:00,138,70,68,F11MO
40,Molenlei 59,2020-10-18,10:00:00,222,80,142,F11MO
40,Molenlei 59,2020-10-18,11:00:00,264,152,112,F11MO
40,Molenlei 59,2020-10-18,12:00:00,260,152,108,F11MO
40,Molenlei 59,2020-10-18,13:00:00,204,96,108,F11MO
40,Molenlei 59,2020-10-18,14:00:00,222,104,118,F11MO
40,Molenlei 59,2020-10-18,15:00:00,154,68,86,F11MO
40,Molenlei 59,2020-10-18,16:00:00,146,84,62,F11MO
40,Molenlei 59,2020-10-18,17:00:00,158,84,74,F11MO
40,Molenlei 59,2020-10-18,18:00:00,100,54,46,F11MO
40,Molenlei 59,2020-10-18,19:00:00,66,32,34,F11MO
40,Molenlei 59,2020-10-18,20:00:00,34,22,12,F11MO
40,Molenlei 59,2020-10-18,21:00:00,30,18,12,F11MO
40,Molenlei 59,2020-10-18,22:00:00,24,6,18,F11MO
40,Molenlei 59,2020-10-18,23:00:00,8,6,2,F11MO
40,Molenlei 59,2020-10-19,00:00:00,0,0,0,F11MO
40,Molenlei 59,2020-10-19,01:00:00,6,4,2,F11MO
40,Molenlei 59,2020-10-19,02:00:00,2,0,2,F11MO
40,Molenlei 59,2020-10-19,03:00:00,2,2,0,F11MO
40,Molenlei 59,2020-10-19,04:00:00,4,4,0,F11MO
40,Molenlei 59,2020-10-19,05:00:00,26,20,6,F11MO
40,Molenlei 59,2020-10-19,06:00:00,56,36,20,F11MO
40,Molenlei 59,2020-10-19,07:00:00,246,122,124,F11MO
40,Molenlei 59,2020-10-19,08:00:00,288,174,114,F11MO
40,Molenlei 59,2020-10-19,09:00:00,104,48,56,F11MO
40,Molenlei 59,2020-10-19,10:00:00,140,60,80,F11MO
40,Molenlei 59,2020-10-19,11:00:00,118,50,68,F11MO
40,Molenlei 59,2020-10-19,12:00:00,118,60,58,F11MO
40,Molenlei 59,2020-10-19,13:00:00,182,72,110,F11MO
40,Molenlei 59,2020-10-19,14:00:00,230,98,132,F11MO
40,Molenlei 59,2020-10-19,15:00:00,332,136,196,F11MO
40,Molenlei 59,2020-10-19,16:00:00,400,174,226,F11MO
40,Molenlei 59,2020-10-19,17:00:00,270,110,160,F11MO
40,Molenlei 59,2020-10-19,18:00:00,180,66,114,F11MO
40,Molenlei 59,2020-10-19,19:00:00,72,30,42,F11MO
40,Molenlei 59,2020-10-19,20:00:00,40,16,24,F11MO
40,Molenlei 59,2020-10-19,21:00:00,18,10,8,F11MO
40,Molenlei 59,2020-10-19,22:00:00,24,8,16,F11MO
40,Molenlei 59,2020-10-19,23:00:00,4,2,2,F11MO
40,Molenlei 59,2020-10-20,00:00:00,0,0,0,F11MO
40,Molenlei 59,2020-10-20,01:00:00,2,0,2,F11MO
40,Molenlei 59,2020-10-20,02:00:00,0,0,0,F11MO
40,Molenlei 59,2020-10-20,03:00:00,2,2,0,F11MO
40,Molenlei 59,2020-10-20,04:00:00,6,4,2,F11MO
40,Molenlei 59,2020-10-20,05:00:00,34,26,8,F11MO
40,Molenlei 59,2020-10-20,06:00:00,54,32,22,F11MO
40,Molenlei 59,2020-10-20,07:00:00,252,144,108,F11MO
40,Molenlei 59,2020-10-20,08:00:00,328,190,138,F11MO
40,Molenlei 59,2020-10-20,09:00:00,76,34,42,F11MO
40,Molenlei 59,2020-10-20,10:00:00,74,46,28,F11MO
40,Molenlei 59,2020-10-20,11:00:00,70,34,36,F11MO
40,Molenlei 59,2020-10-20,12:00:00,70,38,32,F11MO
40,Molenlei 59,2020-10-20,13:00:00,74,30,44,F11MO
40,Molenlei 59,2020-10-20,14:00:00,120,62,58,F11MO
40,Molenlei 59,2020-10-20,15:00:00,206,60,146,F11MO
40,Molenlei 59,2020-10-20,16:00:00,260,112,148,F11MO
40,Molenlei 59,2020-10-20,17:00:00,220,72,148,F11MO
40,Molenlei 59,2020-10-20,18:00:00,92,36,56,F11MO
40,Molenlei 59,2020-10-20,19:00:00,32,10,22,F11MO
40,Molenlei 59,2020-10-20,20:00:00,22,14,8,F11MO
40,Molenlei 59,2020-10-20,21:00:00,28,8,20,F11MO
40,Molenlei 59,2020-10-20,22:00:00,16,2,14,F11MO
40,Molenlei 59,2020-10-20,23:00:00,6,0,6,F11MO
40,Molenlei 59,2020-10-21,00:00:00,0,0,0,F11MO
40,Molenlei 59,2020-10-21,01:00:00,0,0,0,F11MO
40,Molenlei 59,2020-10-21,02:00:00,2,0,2,F11MO
40,Molenlei 59,2020-10-21,03:00:00,0,0,0,F11MO
40,Molenlei 59,2020-10-21,04:00:00,2,2,0,F11MO
40,Molenlei 59,2020-10-21,05:00:00,18,12,6,F11MO
40,Molenlei 59,2020-10-21,06:00:00,32,20,12,F11MO
40,Molenlei 59,2020-10-21,07:00:00,154,92,62,F11MO
40,Molenlei 59,2020-10-21,08:00:00,226,150,76,F11MO
40,Molenlei 59,2020-10-21,09:00:00,48,24,24,F11MO
40,Molenlei 59,2020-10-21,10:00:00,34,16,18,F11MO
40,Molenlei 59,2020-10-21,11:00:00,164,50,114,F11MO
40,Molenlei 59,2020-10-21,12:00:00,172,60,112,F11MO
40,Molenlei 59,2020-10-21,13:00:00,148,56,92,F11MO
40,Molenlei 59,2020-10-21,14:00:00,146,74,72,F11MO
40,Molenlei 59,2020-10-21,15:00:00,120,48,72,F11MO
40,Molenlei 59,2020-10-21,16:00:00,154,66,88,F11MO
40,Molenlei 59,2020-10-21,17:00:00,176,66,110,F11MO
40,Molenlei 59,2020-10-21,18:00:00,166,72,94,F11MO
40,Molenlei 59,2020-10-21,19:00:00,64,30,34,F11MO
40,Molenlei 59,2020-10-21,20:00:00,44,18,26,F11MO
40,Molenlei 59,2020-10-21,21:00:00,34,20,14,F11MO
40,Molenlei 59,2020-10-21,22:00:00,28,10,18,F11MO
40,Molenlei 59,2020-10-21,23:00:00,4,2,2,F11MO
40,Molenlei 59,2020-10-22,00:00:00,2,0,2,F11MO
40,Molenlei 59,2020-10-22,01:00:00,0,0,0,F11MO
40,Molenlei 59,2020-10-22,02:00:00,2,0,2,F11MO
40,Molenlei 59,2020-10-22,03:00:00,0,0,0,F11MO
40,Molenlei 59,2020-10-22,04:00:00,4,4,0,F11MO
40,Molenlei 59,2020-10-22,05:00:00,26,18,8,F11MO
40,Molenlei 59,2020-10-22,06:00:00,42,32,10,F11MO
40,Molenlei 59,2020-10-22,07:00:00,270,170,100,F11MO
40,Molenlei 59,2020-10-22,08:00:00,352,212,140,F11MO
40,Molenlei 59,2020-10-22,09:00:00,128,56,72,F11MO
40,Molenlei 59,2020-10-22,10:00:00,114,54,60,F11MO
40,Molenlei 59,2020-10-22,11:00:00,144,60,84,F11MO
40,Molenlei 59,2020-10-22,12:00:00,152,82,70,F11MO
40,Molenlei 59,2020-10-22,13:00:00,164,84,80,F11MO
40,Molenlei 59,2020-10-22,14:00:00,156,70,86,F11MO
40,Molenlei 59,2020-10-22,15:00:00,238,74,164,F11MO
40,Molenlei 59,2020-10-22,16:00:00,352,140,212,F11MO
40,Molenlei 59,2020-10-22,17:00:00,272,112,160,F11MO
40,Molenlei 59,2020-10-22,18:00:00,160,78,82,F11MO
40,Molenlei 59,2020-10-22,19:00:00,60,22,38,F11MO
40,Molenlei 59,2020-10-22,20:00:00,38,12,26,F11MO
40,Molenlei 59,2020-10-22,21:00:00,38,20,18,F11MO
40,Molenlei 59,2020-10-22,22:00:00,50,20,30,F11MO
40,Molenlei 59,2020-10-22,23:00:00,8,2,6,F11MO
40,Molenlei 59,2020-10-23,00:00:00,0,0,0,F11MO
40,Molenlei 59,2020-10-23,01:00:00,0,0,0,F11MO
40,Molenlei 59,2020-10-23,02:00:00,0,0,0,F11MO
40,Molenlei 59,2020-10-23,03:00:00,0,0,0,F11MO
40,Molenlei 59,2020-10-23,04:00:00,0,0,0,F11MO
40,Molenlei 59,2020-10-23,05:00:00,30,20,10,F11MO
40,Molenlei 59,2020-10-23,06:00:00,50,32,18,F11MO
40,Molenlei 59,2020-10-23,07:00:00,224,134,90,F11MO
40,Molenlei 59,2020-10-23,08:00:00,326,180,146,F11MO
40,Molenlei 59,2020-10-23,09:00:00,118,64,54,F11MO
40,Molenlei 59,2020-10-23,10:00:00,110,50,60,F11MO
40,Molenlei 59,2020-10-23,11:00:00,128,46,82,F11MO
40,Molenlei 59,2020-10-23,12:00:00,178,74,104,F11MO
40,Molenlei 59,2020-10-23,13:00:00,180,76,104,F11MO
40,Molenlei 59,2020-10-23,14:00:00,176,70,106,F11MO
40,Molenlei 59,2020-10-23,15:00:00,384,124,260,F11MO
40,Molenlei 59,2020-10-23,16:00:00,378,154,224,F11MO
40,Molenlei 59,2020-10-23,17:00:00,320,124,196,F11MO
40,Molenlei 59,2020-10-23,18:00:00,144,62,82,F11MO
40,Molenlei 59,2020-10-23,19:00:00,118,44,74,F11MO
40,Molenlei 59,2020-10-23,20:00:00,44,14,30,F11MO
40,Molenlei 59,2020-10-23,21:00:00,18,10,8,F11MO
40,Molenlei 59,2020-10-23,22:00:00,18,10,8,F11MO
40,Molenlei 59,2020-10-23,23:00:00,26,12,14,F11MO
40,Molenlei 59,2020-10-24,00:00:00,4,0,4,F11MO
40,Molenlei 59,2020-10-24,01:00:00,0,0,0,F11MO
40,Molenlei 59,2020-10-24,02:00:00,0,0,0,F11MO
40,Molenlei 59,2020-10-24,03:00:00,2,2,0,F11MO
40,Molenlei 59,2020-10-24,04:00:00,4,4,0,F11MO
40,Molenlei 59,2020-10-24,05:00:00,8,6,2,F11MO
40,Molenlei 59,2020-10-24,06:00:00,6,4,2,F11MO
40,Molenlei 59,2020-10-24,07:00:00,24,8,16,F11MO
40,Molenlei 59,2020-10-24,08:00:00,42,12,30,F11MO
40,Molenlei 59,2020-10-24,09:00:00,88,38,50,F11MO
40,Molenlei 59,2020-10-24,10:00:00,142,50,92,F11MO
40,Molenlei 59,2020-10-24,11:00:00,118,58,60,F11MO
40,Molenlei 59,2020-10-24,12:00:00,112,54,58,F11MO
40,Molenlei 59,2020-10-24,13:00:00,186,100,86,F11MO
40,Molenlei 59,2020-10-24,14:00:00,198,106,92,F11MO
40,Molenlei 59,2020-10-24,15:00:00,186,96,90,F11MO
40,Molenlei 59,2020-10-24,16:00:00,194,114,80,F11MO
40,Molenlei 59,2020-10-24,17:00:00,118,48,70,F11MO
40,Molenlei 59,2020-10-24,18:00:00,72,44,28,F11MO
40,Molenlei 59,2020-10-24,19:00:00,50,22,28,F11MO
40,Molenlei 59,2020-10-24,20:00:00,32,16,16,F11MO
40,Molenlei 59,2020-10-24,21:00:00,8,2,6,F11MO
40,Molenlei 59,2020-10-24,22:00:00,12,6,6,F11MO
40,Molenlei 59,2020-10-24,23:00:00,20,8,12,F11MO
40,Molenlei 59,2020-10-25,00:00:00,12,6,6,F11MO
40,Molenlei 59,2020-10-25,01:00:00,0,0,0,F11MO
40,Molenlei 59,2020-10-25,02:00:00,0,0,0,F11MO
40,Molenlei 59,2020-10-25,03:00:00,0,0,0,F11MO
40,Molenlei 59,2020-10-25,04:00:00,2,2,0,F11MO
40,Molenlei 59,2020-10-25,05:00:00,8,8,0,F11MO
40,Molenlei 59,2020-10-25,06:00:00,14,10,4,F11MO
40,Molenlei 59,2020-10-25,07:00:00,22,8,14,F11MO
40,Molenlei 59,2020-10-25,08:00:00,76,24,52,F11MO
40,Molenlei 59,2020-10-25,09:00:00,136,56,80,F11MO
40,Molenlei 59,2020-10-25,10:00:00,142,46,96,F11MO
40,Molenlei 59,2020-10-25,11:00:00,110,62,48,F11MO
40,Molenlei 59,2020-10-25,12:00:00,104,62,42,F11MO
40,Molenlei 59,2020-10-25,13:00:00,100,42,58,F11MO
40,Molenlei 59,2020-10-25,14:00:00,182,102,80,F11MO
40,Molenlei 59,2020-10-25,15:00:00,134,64,70,F11MO
40,Molenlei 59,2020-10-25,16:00:00,108,44,64,F11MO
40,Molenlei 59,2020-10-25,17:00:00,88,44,44,F11MO
40,Molenlei 59,2020-10-25,18:00:00,60,40,20,F11MO
40,Molenlei 59,2020-10-25,19:00:00,22,0,22,F11MO
40,Molenlei 59,2020-10-25,20:00:00,14,12,2,F11MO
40,Molenlei 59,2020-10-25,21:00:00,8,4,4,F11MO
40,Molenlei 59,2020-10-25,22:00:00,6,2,4,F11MO
40,Molenlei 59,2020-10-25,23:00:00,6,4,2,F11MO
40,Molenlei 59,2020-10-26,00:00:00,0,0,0,F11MO
40,Molenlei 59,2020-10-26,01:00:00,0,0,0,F11MO
40,Molenlei 59,2020-10-26,02:00:00,0,0,0,F11MO
40,Molenlei 59,2020-10-26,03:00:00,0,0,0,F11MO
40,Molenlei 59,2020-10-26,04:00:00,4,4,0,F11MO
40,Molenlei 59,2020-10-26,05:00:00,12,6,6,F11MO
40,Molenlei 59,2020-10-26,06:00:00,54,30,24,F11MO
40,Molenlei 59,2020-10-26,07:00:00,268,148,120,F11MO
40,Molenlei 59,2020-10-26,08:00:00,296,154,142,F11MO
40,Molenlei 59,2020-10-26,09:00:00,140,64,76,F11MO
40,Molenlei 59,2020-10-26,10:00:00,100,40,60,F11MO
40,Molenlei 59,2020-10-26,11:00:00,76,36,40,F11MO
40,Molenlei 59,2020-10-26,12:00:00,126,72,54,F11MO
40,Molenlei 59,2020-10-26,13:00:00,118,64,54,F11MO
40,Molenlei 59,2020-10-26,14:00:00,128,62,66,F11MO
40,Molenlei 59,2020-10-26,15:00:00,258,76,182,F11MO
40,Molenlei 59,2020-10-26,16:00:00,308,124,184,F11MO
40,Molenlei 59,2020-10-26,17:00:00,256,106,150,F11MO
40,Molenlei 59,2020-10-26,18:00:00,96,36,60,F11MO
40,Molenlei 59,2020-10-26,19:00:00,50,20,30,F11MO
40,Molenlei 59,2020-10-26,20:00:00,42,12,30,F11MO
40,Molenlei 59,2020-10-26,21:00:00,14,4,10,F11MO
40,Molenlei 59,2020-10-26,22:00:00,16,2,14,F11MO
40,Molenlei 59,2020-10-26,23:00:00,6,0,6,F11MO
40,Molenlei 59,2020-10-27,00:00:00,0,0,0,F11MO
40,Molenlei 59,2020-10-27,01:00:00,0,0,0,F11MO
40,Molenlei 59,2020-10-27,02:00:00,0,0,0,F11MO
40,Molenlei 59,2020-10-27,03:00:00,0,0,0,F11MO
40,Molenlei 59,2020-10-27,04:00:00,2,2,0,F11MO
40,Molenlei 59,2020-10-27,05:00:00,22,16,6,F11MO
40,Molenlei 59,2020-10-27,06:00:00,72,42,30,F11MO
40,Molenlei 59,2020-10-27,07:00:00,236,132,104,F11MO
40,Molenlei 59,2020-10-27,08:00:00,334,184,150,F11MO
40,Molenlei 59,2020-10-27,09:00:00,96,50,46,F11MO
40,Molenlei 59,2020-10-27,10:00:00,78,32,46,F11MO
40,Molenlei 59,2020-10-27,11:00:00,94,44,50,F11MO
40,Molenlei 59,2020-10-27,12:00:00,86,44,42,F11MO
40,Molenlei 59,2020-10-27,13:00:00,86,54,32,F11MO
40,Molenlei 59,2020-10-27,14:00:00,132,52,80,F11MO
40,Molenlei 59,2020-10-27,15:00:00,208,50,158,F11MO
40,Molenlei 59,2020-10-27,16:00:00,334,132,202,F11MO
40,Molenlei 59,2020-10-27,17:00:00,200,70,130,F11MO
40,Molenlei 59,2020-10-27,18:00:00,88,34,54,F11MO
40,Molenlei 59,2020-10-27,19:00:00,24,12,12,F11MO
40,Molenlei 59,2020-10-27,20:00:00,20,8,12,F11MO
40,Molenlei 59,2020-10-27,21:00:00,12,8,4,F11MO
40,Molenlei 59,2020-10-27,22:00:00,18,4,14,F11MO
40,Molenlei 59,2020-10-27,23:00:00,10,4,6,F11MO
40,Molenlei 59,2020-10-28,00:00:00,0,0,0,F11MO
40,Molenlei 59,2020-10-28,01:00:00,2,0,2,F11MO
40,Molenlei 59,2020-10-28,02:00:00,0,0,0,F11MO
40,Molenlei 59,2020-10-28,03:00:00,0,0,0,F11MO
40,Molenlei 59,2020-10-28,04:00:00,6,6,0,F11MO
40,Molenlei 59,2020-10-28,05:00:00,10,6,4,F11MO
40,Molenlei 59,2020-10-28,06:00:00,50,30,20,F11MO
40,Molenlei 59,2020-10-28,07:00:00,230,134,96,F11MO
40,Molenlei 59,2020-10-28,08:00:00,264,158,106,F11MO
40,Molenlei 59,2020-10-28,09:00:00,120,60,60,F11MO
40,Molenlei 59,2020-10-28,10:00:00,132,52,80,F11MO
40,Molenlei 59,2020-10-28,11:00:00,238,80,158,F11MO
40,Molenlei 59,2020-10-28,12:00:00,234,112,122,F11MO
40,Molenlei 59,2020-10-28,13:00:00,162,86,76,F11MO
40,Molenlei 59,2020-10-28,14:00:00,128,70,58,F11MO
40,Molenlei 59,2020-10-28,15:00:00,124,46,78,F11MO
40,Molenlei 59,2020-10-28,16:00:00,186,66,120,F11MO
40,Molenlei 59,2020-10-28,17:00:00,124,48,76,F11MO
40,Molenlei 59,2020-10-28,18:00:00,74,36,38,F11MO
40,Molenlei 59,2020-10-28,19:00:00,36,12,24,F11MO
40,Molenlei 59,2020-10-28,20:00:00,24,12,12,F11MO
40,Molenlei 59,2020-10-28,21:00:00,12,10,2,F11MO
40,Molenlei 59,2020-10-28,22:00:00,12,4,8,F11MO
40,Molenlei 59,2020-10-28,23:00:00,0,0,0,F11MO
40,Molenlei 59,2020-10-29,00:00:00,0,0,0,F11MO
40,Molenlei 59,2020-10-29,01:00:00,0,0,0,F11MO
40,Molenlei 59,2020-10-29,02:00:00,0,0,0,F11MO
40,Molenlei 59,2020-10-29,03:00:00,0,0,0,F11MO
40,Molenlei 59,2020-10-29,04:00:00,6,6,0,F11MO
40,Molenlei 59,2020-10-29,05:00:00,26,16,10,F11MO
40,Molenlei 59,2020-10-29,06:00:00,50,38,12,F11MO
40,Molenlei 59,2020-10-29,07:00:00,204,118,86,F11MO
40,Molenlei 59,2020-10-29,08:00:00,320,180,140,F11MO
40,Molenlei 59,2020-10-29,09:00:00,128,56,72,F11MO
40,Molenlei 59,2020-10-29,10:00:00,90,50,40,F11MO
40,Molenlei 59,2020-10-29,11:00:00,134,66,68,F11MO
40,Molenlei 59,2020-10-29,12:00:00,116,56,60,F11MO
40,Molenlei 59,2020-10-29,13:00:00,136,72,64,F11MO
40,Molenlei 59,2020-10-29,14:00:00,94,48,46,F11MO
40,Molenlei 59,2020-10-29,15:00:00,210,64,146,F11MO
40,Molenlei 59,2020-10-29,16:00:00,222,102,120,F11MO
40,Molenlei 59,2020-10-29,17:00:00,172,56,116,F11MO
40,Molenlei 59,2020-10-29,18:00:00,66,32,34,F11MO
40,Molenlei 59,2020-10-29,19:00:00,38,10,28,F11MO
40,Molenlei 59,2020-10-29,20:00:00,32,8,24,F11MO
40,Molenlei 59,2020-10-29,21:00:00,12,10,2,F11MO
40,Molenlei 59,2020-10-29,22:00:00,10,0,10,F11MO
40,Molenlei 59,2020-10-29,23:00:00,4,4,0,F11MO
40,Molenlei 59,2020-10-30,00:00:00,2,0,2,F11MO
40,Molenlei 59,2020-10-30,01:00:00,0,0,0,F11MO
40,Molenlei 59,2020-10-30,02:00:00,0,0,0,F11MO
40,Molenlei 59,2020-10-30,03:00:00,0,0,0,F11MO
40,Molenlei 59,2020-10-30,04:00:00,6,6,0,F11MO
40,Molenlei 59,2020-10-30,05:00:00,18,12,6,F11MO
40,Molenlei 59,2020-10-30,06:00:00,42,28,14,F11MO
40,Molenlei 59,2020-10-30,07:00:00,190,112,78,F11MO
40,Molenlei 59,2020-10-30,08:00:00,264,154,110,F11MO
40,Molenlei 59,2020-10-30,09:00:00,112,66,46,F11MO
40,Molenlei 59,2020-10-30,10:00:00,126,58,68,F11MO
40,Molenlei 59,2020-10-30,11:00:00,124,64,60,F11MO
40,Molenlei 59,2020-10-30,12:00:00,96,48,48,F11MO
40,Molenlei 59,2020-10-30,13:00:00,106,44,62,F11MO
40,Molenlei 59,2020-10-30,14:00:00,140,60,80,F11MO
40,Molenlei 59,2020-10-30,15:00:00,270,86,184,F11MO
40,Molenlei 59,2020-10-30,16:00:00,250,120,130,F11MO
40,Molenlei 59,2020-10-30,17:00:00,236,100,136,F11MO
40,Molenlei 59,2020-10-30,18:00:00,126,58,68,F11MO
40,Molenlei 59,2020-10-30,19:00:00,68,20,48,F11MO
40,Molenlei 59,2020-10-30,20:00:00,18,4,14,F11MO
40,Molenlei 59,2020-10-30,21:00:00,16,12,4,F11MO
40,Molenlei 59,2020-10-30,22:00:00,12,6,6,F11MO
40,Molenlei 59,2020-10-30,23:00:00,20,10,10,F11MO
40,Molenlei 59,2020-10-31,00:00:00,0,0,0,F11MO
40,Molenlei 59,2020-10-31,01:00:00,2,0,2,F11MO
40,Molenlei 59,2020-10-31,02:00:00,2,0,2,F11MO
40,Molenlei 59,2020-10-31,03:00:00,0,0,0,F11MO
40,Molenlei 59,2020-10-31,04:00:00,8,8,0,F11MO
40,Molenlei 59,2020-10-31,05:00:00,6,0,6,F11MO
40,Molenlei 59,2020-10-31,06:00:00,14,6,8,F11MO
40,Molenlei 59,2020-10-31,07:00:00,24,10,14,F11MO
40,Molenlei 59,2020-10-31,08:00:00,64,18,46,F11MO
40,Molenlei 59,2020-10-31,09:00:00,208,74,134,F11MO
40,Molenlei 59,2020-10-31,10:00:00,266,80,186,F11MO
40,Molenlei 59,2020-10-31,11:00:00,310,156,154,F11MO
40,Molenlei 59,2020-10-31,12:00:00,318,176,142,F11MO
40,Molenlei 59,2020-10-31,13:00:00,332,144,188,F11MO
40,Molenlei 59,2020-10-31,14:00:00,438,172,266,F11MO
40,Molenlei 59,2020-10-31,15:00:00,352,178,174,F11MO
40,Molenlei 59,2020-10-31,16:00:00,276,172,104,F11MO
40,Molenlei 59,2020-10-31,17:00:00,124,76,48,F11MO
40,Molenlei 59,2020-10-31,18:00:00,60,30,30,F11MO
40,Molenlei 59,2020-10-31,19:00:00,28,14,14,F11MO
40,Molenlei 59,2020-10-31,20:00:00,10,4,6,F11MO
40,Molenlei 59,2020-10-31,21:00:00,12,8,4,F11MO
40,Molenlei 59,2020-10-31,22:00:00,12,0,12,F11MO
40,Molenlei 59,2020-10-31,23:00:00,8,6,2,F11MO
40,Molenlei 59,2020-11-01,00:00:00,10,2,8,F11MO
40,Molenlei 59,2020-11-01,01:00:00,0,0,0,F11MO
40,Molenlei 59,2020-11-01,02:00:00,0,0,0,F11MO
40,Molenlei 59,2020-11-01,03:00:00,0,0,0,F11MO
40,Molenlei 59,2020-11-01,04:00:00,0,0,0,F11MO
40,Molenlei 59,2020-11-01,05:00:00,4,4,0,F11MO
40,Molenlei 59,2020-11-01,06:00:00,10,6,4,F11MO
40,Molenlei 59,2020-11-01,07:00:00,42,14,28,F11MO
40,Molenlei 59,2020-11-01,08:00:00,74,28,46,F11MO
40,Molenlei 59,2020-11-01,09:00:00,180,88,92,F11MO
40,Molenlei 59,2020-11-01,10:00:00,198,80,118,F11MO
40,Molenlei 59,2020-11-01,11:00:00,148,84,64,F11MO
40,Molenlei 59,2020-11-01,12:00:00,116,78,38,F11MO
40,Molenlei 59,2020-11-01,13:00:00,80,32,48,F11MO
40,Molenlei 59,2020-11-01,14:00:00,100,40,60,F11MO
40,Molenlei 59,2020-11-01,15:00:00,168,84,84,F11MO
40,Molenlei 59,2020-11-01,16:00:00,122,76,46,F11MO
40,Molenlei 59,2020-11-01,17:00:00,96,54,42,F11MO
40,Molenlei 59,2020-11-01,18:00:00,66,36,30,F11MO
40,Molenlei 59,2020-11-01,19:00:00,20,8,12,F11MO
40,Molenlei 59,2020-11-01,20:00:00,8,6,2,F11MO
40,Molenlei 59,2020-11-01,21:00:00,8,2,6,F11MO
40,Molenlei 59,2020-11-01,22:00:00,16,4,12,F11MO
40,Molenlei 59,2020-11-01,23:00:00,2,2,0,F11MO
40,Molenlei 59,2020-11-02,00:00:00,0,0,0,F11MO
40,Molenlei 59,2020-11-02,01:00:00,0,0,0,F11MO
40,Molenlei 59,2020-11-02,02:00:00,2,0,2,F11MO
40,Molenlei 59,2020-11-02,03:00:00,0,0,0,F11MO
40,Molenlei 59,2020-11-02,04:00:00,2,2,0,F11MO
40,Molenlei 59,2020-11-02,05:00:00,10,6,4,F11MO
40,Molenlei 59,2020-11-02,06:00:00,30,18,12,F11MO
40,Molenlei 59,2020-11-02,07:00:00,74,46,28,F11MO
40,Molenlei 59,2020-11-02,08:00:00,78,44,34,F11MO
40,Molenlei 59,2020-11-02,09:00:00,74,30,44,F11MO
40,Molenlei 59,2020-11-02,10:00:00,138,72,66,F11MO
40,Molenlei 59,2020-11-02,11:00:00,112,62,50,F11MO
40,Molenlei 59,2020-11-02,12:00:00,90,48,42,F11MO
40,Molenlei 59,2020-11-02,13:00:00,82,58,24,F11MO
40,Molenlei 59,2020-11-02,14:00:00,92,50,42,F11MO
40,Molenlei 59,2020-11-02,15:00:00,46,14,32,F11MO
40,Molenlei 59,2020-11-02,16:00:00,128,42,86,F11MO
40,Molenlei 59,2020-11-02,17:00:00,148,76,72,F11MO
40,Molenlei 59,2020-11-02,18:00:00,52,14,38,F11MO
40,Molenlei 59,2020-11-02,19:00:00,40,16,24,F11MO
40,Molenlei 59,2020-11-02,20:00:00,22,8,14,F11MO
40,Molenlei 59,2020-11-02,21:00:00,18,6,12,F11MO
40,Molenlei 59,2020-11-02,22:00:00,14,4,10,F11MO
40,Molenlei 59,2020-11-02,23:00:00,8,6,2,F11MO
40,Molenlei 59,2020-11-03,00:00:00,0,0,0,F11MO
40,Molenlei 59,2020-11-03,01:00:00,0,0,0,F11MO
40,Molenlei 59,2020-11-03,02:00:00,0,0,0,F11MO
40,Molenlei 59,2020-11-03,03:00:00,0,0,0,F11MO
40,Molenlei 59,2020-11-03,04:00:00,2,2,0,F11MO
40,Molenlei 59,2020-11-03,05:00:00,34,24,10,F11MO
40,Molenlei 59,2020-11-03,06:00:00,60,40,20,F11MO
40,Molenlei 59,2020-11-03,07:00:00,136,70,66,F11MO
40,Molenlei 59,2020-11-03,08:00:00,106,44,62,F11MO
40,Molenlei 59,2020-11-03,09:00:00,108,48,60,F11MO
40,Molenlei 59,2020-11-03,10:00:00,132,68,64,F11MO
40,Molenlei 59,2020-11-03,11:00:00,162,94,68,F11MO
40,Molenlei 59,2020-11-03,12:00:00,192,90,102,F11MO
40,Molenlei 59,2020-11-03,13:00:00,194,86,108,F11MO
40,Molenlei 59,2020-11-03,14:00:00,180,84,96,F11MO
40,Molenlei 59,2020-11-03,15:00:00,170,94,76,F11MO
40,Molenlei 59,2020-11-03,16:00:00,248,104,144,F11MO
40,Molenlei 59,2020-11-03,17:00:00,184,92,92,F11MO
40,Molenlei 59,2020-11-03,18:00:00,98,50,48,F11MO
40,Molenlei 59,2020-11-03,19:00:00,32,12,20,F11MO
40,Molenlei 59,2020-11-03,20:00:00,24,12,12,F11MO
40,Molenlei 59,2020-11-03,21:00:00,14,8,6,F11MO
40,Molenlei 59,2020-11-03,22:00:00,18,4,14,F11MO
40,Molenlei 59,2020-11-03,23:00:00,10,2,8,F11MO
40,Molenlei 59,2020-11-04,00:00:00,2,2,0,F11MO
40,Molenlei 59,2020-11-04,01:00:00,0,0,0,F11MO
40,Molenlei 59,2020-11-04,02:00:00,0,0,0,F11MO
40,Molenlei 59,2020-11-04,03:00:00,0,0,0,F11MO
40,Molenlei 59,2020-11-04,04:00:00,2,0,2,F11MO
40,Molenlei 59,2020-11-04,05:00:00,26,18,8,F11MO
40,Molenlei 59,2020-11-04,06:00:00,64,36,28,F11MO
40,Molenlei 59,2020-11-04,07:00:00,152,82,70,F11MO
40,Molenlei 59,2020-11-04,08:00:00,126,56,70,F11MO
40,Molenlei 59,2020-11-04,09:00:00,96,48,48,F11MO
40,Molenlei 59,2020-11-04,10:00:00,164,90,74,F11MO
40,Molenlei 59,2020-11-04,11:00:00,150,60,90,F11MO
40,Molenlei 59,2020-11-04,12:00:00,192,102,90,F11MO
40,Molenlei 59,2020-11-04,13:00:00,278,132,146,F11MO
40,Molenlei 59,2020-11-04,14:00:00,348,142,206,F11MO
40,Molenlei 59,2020-11-04,15:00:00,280,138,142,F11MO
40,Molenlei 59,2020-11-04,16:00:00,312,158,154,F11MO
40,Molenlei 59,2020-11-04,17:00:00,232,100,132,F11MO
40,Molenlei 59,2020-11-04,18:00:00,92,38,54,F11MO
40,Molenlei 59,2020-11-04,19:00:00,48,24,24,F11MO
40,Molenlei 59,2020-11-04,20:00:00,30,16,14,F11MO
40,Molenlei 59,2020-11-04,21:00:00,36,20,16,F11MO
40,Molenlei 59,2020-11-04,22:00:00,10,4,6,F11MO
40,Molenlei 59,2020-11-04,23:00:00,2,2,0,F11MO
40,Molenlei 59,2020-11-05,00:00:00,2,0,2,F11MO
40,Molenlei 59,2020-11-05,01:00:00,2,0,2,F11MO
40,Molenlei 59,2020-11-05,02:00:00,0,0,0,F11MO
40,Molenlei 59,2020-11-05,03:00:00,0,0,0,F11MO
40,Molenlei 59,2020-11-05,04:00:00,2,2,0,F11MO
40,Molenlei 59,2020-11-05,05:00:00,20,12,8,F11MO
40,Molenlei 59,2020-11-05,06:00:00,62,38,24,F11MO
40,Molenlei 59,2020-11-05,07:00:00,162,94,68,F11MO
40,Molenlei 59,2020-11-05,08:00:00,198,108,90,F11MO
40,Molenlei 59,2020-11-05,09:00:00,136,74,62,F11MO
40,Molenlei 59,2020-11-05,10:00:00,180,82,98,F11MO
40,Molenlei 59,2020-11-05,11:00:00,240,126,114,F11MO
40,Molenlei 59,2020-11-05,12:00:00,242,140,102,F11MO
40,Molenlei 59,2020-11-05,13:00:00,300,120,180,F11MO
40,Molenlei 59,2020-11-05,14:00:00,386,168,218,F11MO
40,Molenlei 59,2020-11-05,15:00:00,352,170,182,F11MO
40,Molenlei 59,2020-11-05,16:00:00,310,186,124,F11MO
40,Molenlei 59,2020-11-05,17:00:00,206,96,110,F11MO
40,Molenlei 59,2020-11-05,18:00:00,110,54,56,F11MO
40,Molenlei 59,2020-11-05,19:00:00,78,36,42,F11MO
40,Molenlei 59,2020-11-05,20:00:00,32,16,16,F11MO
40,Molenlei 59,2020-11-05,21:00:00,22,14,8,F11MO
40,Molenlei 59,2020-11-05,22:00:00,12,2,10,F11MO
40,Molenlei 59,2020-11-05,23:00:00,12,6,6,F11MO
40,Molenlei 59,2020-11-06,00:00:00,8,6,2,F11MO
40,Molenlei 59,2020-11-06,01:00:00,0,0,0,F11MO
40,Molenlei 59,2020-11-06,02:00:00,0,0,0,F11MO
40,Molenlei 59,2020-11-06,03:00:00,0,0,0,F11MO
40,Molenlei 59,2020-11-06,04:00:00,2,2,0,F11MO
40,Molenlei 59,2020-11-06,05:00:00,16,12,4,F11MO
40,Molenlei 59,2020-11-06,06:00:00,60,36,24,F11MO
40,Molenlei 59,2020-11-06,07:00:00,122,74,48,F11MO
40,Molenlei 59,2020-11-06,08:00:00,106,46,60,F11MO
40,Molenlei 59,2020-11-06,09:00:00,96,40,56,F11MO
40,Molenlei 59,2020-11-06,10:00:00,114,54,60,F11MO
40,Molenlei 59,2020-11-06,11:00:00,168,92,76,F11MO
40,Molenlei 59,2020-11-06,12:00:00,176,88,88,F11MO
40,Molenlei 59,2020-11-06,13:00:00,314,126,188,F11MO
40,Molenlei 59,2020-11-06,14:00:00,374,172,202,F11MO
40,Molenlei 59,2020-11-06,15:00:00,360,184,176,F11MO
40,Molenlei 59,2020-11-06,16:00:00,282,164,118,F11MO
40,Molenlei 59,2020-11-06,17:00:00,196,92,104,F11MO
40,Molenlei 59,2020-11-06,18:00:00,102,56,46,F11MO
40,Molenlei 59,2020-11-06,19:00:00,48,22,26,F11MO
40,Molenlei 59,2020-11-06,20:00:00,32,18,14,F11MO
40,Molenlei 59,2020-11-06,21:00:00,12,6,6,F11MO
40,Molenlei 59,2020-11-06,22:00:00,6,2,4,F11MO
40,Molenlei 59,2020-11-06,23:00:00,16,16,0,F11MO
40,Molenlei 59,2020-11-07,00:00:00,2,2,0,F11MO
40,Molenlei 59,2020-11-07,01:00:00,0,0,0,F11MO
40,Molenlei 59,2020-11-07,02:00:00,0,0,0,F11MO
40,Molenlei 59,2020-11-07,03:00:00,2,0,2,F11MO
40,Molenlei 59,2020-11-07,04:00:00,4,4,0,F11MO
40,Molenlei 59,2020-11-07,05:00:00,8,6,2,F11MO
40,Molenlei 59,2020-11-07,06:00:00,24,10,14,F11MO
40,Molenlei 59,2020-11-07,07:00:00,14,2,12,F11MO
40,Molenlei 59,2020-11-07,08:00:00,46,20,26,F11MO
40,Molenlei 59,2020-11-07,09:00:00,136,46,90,F11MO
40,Molenlei 59,2020-11-07,10:00:00,226,88,138,F11MO
40,Molenlei 59,2020-11-07,11:00:00,282,114,168,F11MO
40,Molenlei 59,2020-11-07,12:00:00,242,104,138,F11MO
40,Molenlei 59,2020-11-07,13:00:00,478,174,304,F11MO
40,Molenlei 59,2020-11-07,14:00:00,652,286,366,F11MO
40,Molenlei 59,2020-11-07,15:00:00,588,346,242,F11MO
40,Molenlei 59,2020-11-07,16:00:00,312,188,124,F11MO
40,Molenlei 59,2020-11-07,17:00:00,216,158,58,F11MO
40,Molenlei 59,2020-11-07,18:00:00,48,30,18,F11MO
40,Molenlei 59,2020-11-07,19:00:00,30,8,22,F11MO
40,Molenlei 59,2020-11-07,20:00:00,24,8,16,F11MO
40,Molenlei 59,2020-11-07,21:00:00,12,2,10,F11MO
40,Molenlei 59,2020-11-07,22:00:00,16,12,4,F11MO
40,Molenlei 59,2020-11-07,23:00:00,24,16,8,F11MO
40,Molenlei 59,2020-11-08,00:00:00,2,0,2,F11MO
40,Molenlei 59,2020-11-08,01:00:00,0,0,0,F11MO
40,Molenlei 59,2020-11-08,02:00:00,0,0,0,F11MO
40,Molenlei 59,2020-11-08,03:00:00,0,0,0,F11MO
40,Molenlei 59,2020-11-08,04:00:00,4,4,0,F11MO
40,Molenlei 59,2020-11-08,05:00:00,2,2,0,F11MO
40,Molenlei 59,2020-11-08,06:00:00,20,6,14,F11MO
40,Molenlei 59,2020-11-08,07:00:00,30,12,18,F11MO
40,Molenlei 59,2020-11-08,08:00:00,58,22,36,F11MO
40,Molenlei 59,2020-11-08,09:00:00,238,88,150,F11MO
40,Molenlei 59,2020-11-08,10:00:00,270,92,178,F11MO
40,Molenlei 59,2020-11-08,11:00:00,376,180,196,F11MO
40,Molenlei 59,2020-11-08,12:00:00,294,170,124,F11MO
40,Molenlei 59,2020-11-08,13:00:00,438,200,238,F11MO
40,Molenlei 59,2020-11-08,14:00:00,480,258,222,F11MO
40,Molenlei 59,2020-11-08,15:00:00,422,214,208,F11MO
40,Molenlei 59,2020-11-08,16:00:00,330,222,108,F11MO
40,Molenlei 59,2020-11-08,17:00:00,148,84,64,F11MO
40,Molenlei 59,2020-11-08,18:00:00,56,24,32,F11MO
40,Molenlei 59,2020-11-08,19:00:00,32,16,16,F11MO
40,Molenlei 59,2020-11-08,20:00:00,10,4,6,F11MO
40,Molenlei 59,2020-11-08,21:00:00,16,10,6,F11MO
40,Molenlei 59,2020-11-08,22:00:00,8,4,4,F11MO
40,Molenlei 59,2020-11-08,23:00:00,6,0,6,F11MO
40,Molenlei 59,2020-11-09,00:00:00,2,0,2,F11MO
40,Molenlei 59,2020-11-09,01:00:00,0,0,0,F11MO
40,Molenlei 59,2020-11-09,02:00:00,0,0,0,F11MO
40,Molenlei 59,2020-11-09,03:00:00,0,0,0,F11MO
40,Molenlei 59,2020-11-09,04:00:00,4,4,0,F11MO
40,Molenlei 59,2020-11-09,05:00:00,28,14,14,F11MO
40,Molenlei 59,2020-11-09,06:00:00,68,42,26,F11MO
40,Molenlei 59,2020-11-09,07:00:00,160,102,58,F11MO
40,Molenlei 59,2020-11-09,08:00:00,128,78,50,F11MO
40,Molenlei 59,2020-11-09,09:00:00,102,32,70,F11MO
40,Molenlei 59,2020-11-09,10:00:00,100,46,54,F11MO
40,Molenlei 59,2020-11-09,11:00:00,102,60,42,F11MO
40,Molenlei 59,2020-11-09,12:00:00,192,92,100,F11MO
40,Molenlei 59,2020-11-09,13:00:00,234,116,118,F11MO
40,Molenlei 59,2020-11-09,14:00:00,408,186,222,F11MO
40,Molenlei 59,2020-11-09,15:00:00,384,192,192,F11MO
40,Molenlei 59,2020-11-09,16:00:00,350,140,210,F11MO
40,Molenlei 59,2020-11-09,17:00:00,212,80,132,F11MO
40,Molenlei 59,2020-11-09,18:00:00,96,38,58,F11MO
40,Molenlei 59,2020-11-09,19:00:00,64,28,36,F11MO
40,Molenlei 59,2020-11-09,20:00:00,24,10,14,F11MO
40,Molenlei 59,2020-11-09,21:00:00,16,2,14,F11MO
40,Molenlei 59,2020-11-09,22:00:00,32,6,26,F11MO
40,Molenlei 59,2020-11-09,23:00:00,2,2,0,F11MO
40,Molenlei 59,2020-11-10,00:00:00,0,0,0,F11MO
40,Molenlei 59,2020-11-10,01:00:00,0,0,0,F11MO
40,Molenlei 59,2020-11-10,02:00:00,0,0,0,F11MO
40,Molenlei 59,2020-11-10,03:00:00,0,0,0,F11MO
40,Molenlei 59,2020-11-10,04:00:00,8,6,2,F11MO
40,Molenlei 59,2020-11-10,05:00:00,18,14,4,F11MO
40,Molenlei 59,2020-11-10,06:00:00,62,42,20,F11MO
40,Molenlei 59,2020-11-10,07:00:00,126,74,52,F11MO
40,Molenlei 59,2020-11-10,08:00:00,150,84,66,F11MO
40,Molenlei 59,2020-11-10,09:00:00,92,38,54,F11MO
40,Molenlei 59,2020-11-10,10:00:00,102,58,44,F11MO
40,Molenlei 59,2020-11-10,11:00:00,112,58,54,F11MO
40,Molenlei 59,2020-11-10,12:00:00,142,62,80,F11MO
40,Molenlei 59,2020-11-10,13:00:00,180,82,98,F11MO
40,Molenlei 59,2020-11-10,14:00:00,226,116,110,F11MO
40,Molenlei 59,2020-11-10,15:00:00,140,68,72,F11MO
40,Molenlei 59,2020-11-10,16:00:00,94,44,50,F11MO
40,Molenlei 59,2020-11-10,17:00:00,136,40,96,F11MO
40,Molenlei 59,2020-11-10,18:00:00,66,26,40,F11MO
40,Molenlei 59,2020-11-10,19:00:00,26,12,14,F11MO
40,Molenlei 59,2020-11-10,20:00:00,32,20,12,F11MO
40,Molenlei 59,2020-11-10,21:00:00,18,8,10,F11MO
40,Molenlei 59,2020-11-10,22:00:00,18,2,16,F11MO
40,Molenlei 59,2020-11-10,23:00:00,16,14,2,F11MO
40,Molenlei 59,2020-11-11,00:00:00,2,2,0,F11MO
40,Molenlei 59,2020-11-11,01:00:00,0,0,0,F11MO
40,Molenlei 59,2020-11-11,02:00:00,0,0,0,F11MO
40,Molenlei 59,2020-11-11,03:00:00,0,0,0,F11MO
40,Molenlei 59,2020-11-11,04:00:00,2,2,0,F11MO
40,Molenlei 59,2020-11-11,05:00:00,6,6,0,F11MO
40,Molenlei 59,2020-11-11,06:00:00,38,18,20,F11MO
40,Molenlei 59,2020-11-11,07:00:00,24,12,12,F11MO
40,Molenlei 59,2020-11-11,08:00:00,50,18,32,F11MO
40,Molenlei 59,2020-11-11,09:00:00,152,52,100,F11MO
40,Molenlei 59,2020-11-11,10:00:00,202,82,120,F11MO
40,Molenlei 59,2020-11-11,11:00:00,314,132,182,F11MO
40,Molenlei 59,2020-11-11,12:00:00,294,130,164,F11MO
40,Molenlei 59,2020-11-11,13:00:00,268,112,156,F11MO
40,Molenlei 59,2020-11-11,14:00:00,360,160,200,F11MO
40,Molenlei 59,2020-11-11,15:00:00,378,178,200,F11MO
40,Molenlei 59,2020-11-11,16:00:00,300,158,142,F11MO
40,Molenlei 59,2020-11-11,17:00:00,166,106,60,F11MO
40,Molenlei 59,2020-11-11,18:00:00,78,34,44,F11MO
40,Molenlei 59,2020-11-11,19:00:00,58,20,38,F11MO
40,Molenlei 59,2020-11-11,20:00:00,32,22,10,F11MO
40,Molenlei 59,2020-11-11,21:00:00,12,6,6,F11MO
40,Molenlei 59,2020-11-11,22:00:00,14,2,12,F11MO
40,Molenlei 59,2020-11-11,23:00:00,16,8,8,F11MO
40,Molenlei 59,2020-11-12,00:00:00,0,0,0,F11MO
40,Molenlei 59,2020-11-12,01:00:00,0,0,0,F11MO
40,Molenlei 59,2020-11-12,02:00:00,0,0,0,F11MO
40,Molenlei 59,2020-11-12,03:00:00,2,2,0,F11MO
40,Molenlei 59,2020-11-12,04:00:00,6,4,2,F11MO
40,Molenlei 59,2020-11-12,05:00:00,16,10,6,F11MO
40,Molenlei 59,2020-11-12,06:00:00,50,28,22,F11MO
40,Molenlei 59,2020-11-12,07:00:00,140,86,54,F11MO
40,Molenlei 59,2020-11-12,08:00:00,130,56,74,F11MO
40,Molenlei 59,2020-11-12,09:00:00,102,48,54,F11MO
40,Molenlei 59,2020-11-12,10:00:00,134,56,78,F11MO
40,Molenlei 59,2020-11-12,11:00:00,114,50,64,F11MO
40,Molenlei 59,2020-11-12,12:00:00,124,72,52,F11MO
40,Molenlei 59,2020-11-12,13:00:00,154,72,82,F11MO
40,Molenlei 59,2020-11-12,14:00:00,196,96,100,F11MO
40,Molenlei 59,2020-11-12,15:00:00,258,126,132,F11MO
40,Molenlei 59,2020-11-12,16:00:00,230,90,140,F11MO
40,Molenlei 59,2020-11-12,17:00:00,160,74,86,F11MO
40,Molenlei 59,2020-11-12,18:00:00,116,46,70,F11MO
40,Molenlei 59,2020-11-12,19:00:00,48,22,26,F11MO
40,Molenlei 59,2020-11-12,20:00:00,26,10,16,F11MO
40,Molenlei 59,2020-11-12,21:00:00,20,14,6,F11MO
40,Molenlei 59,2020-11-12,22:00:00,26,8,18,F11MO
40,Molenlei 59,2020-11-12,23:00:00,10,4,6,F11MO
40,Molenlei 59,2020-11-13,00:00:00,2,0,2,F11MO
40,Molenlei 59,2020-11-13,01:00:00,0,0,0,F11MO
40,Molenlei 59,2020-11-13,02:00:00,0,0,0,F11MO
40,Molenlei 59,2020-11-13,03:00:00,2,2,0,F11MO
40,Molenlei 59,2020-11-13,04:00:00,2,2,0,F11MO
40,Molenlei 59,2020-11-13,05:00:00,18,10,8,F11MO
40,Molenlei 59,2020-11-13,06:00:00,40,34,6,F11MO
40,Molenlei 59,2020-11-13,07:00:00,122,74,48,F11MO
40,Molenlei 59,2020-11-13,08:00:00,130,62,68,F11MO
40,Molenlei 59,2020-11-13,09:00:00,106,50,56,F11MO
40,Molenlei 59,2020-11-13,10:00:00,160,88,72,F11MO
40,Molenlei 59,2020-11-13,11:00:00,124,70,54,F11MO
40,Molenlei 59,2020-11-13,12:00:00,108,70,38,F11MO
40,Molenlei 59,2020-11-13,13:00:00,104,42,62,F11MO
40,Molenlei 59,2020-11-13,14:00:00,158,70,88,F11MO
40,Molenlei 59,2020-11-13,15:00:00,160,70,90,F11MO
40,Molenlei 59,2020-11-13,16:00:00,190,76,114,F11MO
40,Molenlei 59,2020-11-13,17:00:00,128,50,78,F11MO
40,Molenlei 59,2020-11-13,18:00:00,78,34,44,F11MO
40,Molenlei 59,2020-11-13,19:00:00,36,18,18,F11MO
40,Molenlei 59,2020-11-13,20:00:00,14,4,10,F11MO
40,Molenlei 59,2020-11-13,21:00:00,12,8,4,F11MO
40,Molenlei 59,2020-11-13,22:00:00,8,2,6,F11MO
40,Molenlei 59,2020-11-13,23:00:00,14,6,8,F11MO
40,Molenlei 59,2020-11-14,00:00:00,2,2,0,F11MO
40,Molenlei 59,2020-11-14,01:00:00,0,0,0,F11MO
40,Molenlei 59,2020-11-14,02:00:00,2,2,0,F11MO
40,Molenlei 59,2020-11-14,03:00:00,0,0,0,F11MO
40,Molenlei 59,2020-11-14,04:00:00,0,0,0,F11MO
40,Molenlei 59,2020-11-14,05:00:00,8,4,4,F11MO
40,Molenlei 59,2020-11-14,06:00:00,12,10,2,F11MO
40,Molenlei 59,2020-11-14,07:00:00,22,10,12,F11MO
40,Molenlei 59,2020-11-14,08:00:00,66,24,42,F11MO
40,Molenlei 59,2020-11-14,09:00:00,166,46,120,F11MO
40,Molenlei 59,2020-11-14,10:00:00,246,106,140,F11MO
40,Molenlei 59,2020-11-14,11:00:00,272,126,146,F11MO
40,Molenlei 59,2020-11-14,12:00:00,354,194,160,F11MO
40,Molenlei 59,2020-11-14,13:00:00,288,124,164,F11MO
40,Molenlei 59,2020-11-14,14:00:00,460,214,246,F11MO
40,Molenlei 59,2020-11-14,15:00:00,462,234,228,F11MO
40,Molenlei 59,2020-11-14,16:00:00,288,190,98,F11MO
40,Molenlei 59,2020-11-14,17:00:00,152,88,64,F11MO
40,Molenlei 59,2020-11-14,18:00:00,94,52,42,F11MO
40,Molenlei 59,2020-11-14,19:00:00,68,40,28,F11MO
40,Molenlei 59,2020-11-14,20:00:00,54,24,30,F11MO
40,Molenlei 59,2020-11-14,21:00:00,20,8,12,F11MO
40,Molenlei 59,2020-11-14,22:00:00,16,4,12,F11MO
40,Molenlei 59,2020-11-14,23:00:00,16,8,8,F11MO
40,Molenlei 59,2020-11-15,00:00:00,4,4,0,F11MO
40,Molenlei 59,2020-11-15,01:00:00,2,0,2,F11MO
40,Molenlei 59,2020-11-15,02:00:00,0,0,0,F11MO
40,Molenlei 59,2020-11-15,03:00:00,0,0,0,F11MO
40,Molenlei 59,2020-11-15,04:00:00,0,0,0,F11MO
40,Molenlei 59,2020-11-15,05:00:00,2,0,2,F11MO
40,Molenlei 59,2020-11-15,06:00:00,16,6,10,F11MO
40,Molenlei 59,2020-11-15,07:00:00,20,6,14,F11MO
40,Molenlei 59,2020-11-15,08:00:00,78,20,58,F11MO
40,Molenlei 59,2020-11-15,09:00:00,228,84,144,F11MO
40,Molenlei 59,2020-11-15,10:00:00,288,118,170,F11MO
40,Molenlei 59,2020-11-15,11:00:00,304,194,110,F11MO
40,Molenlei 59,2020-11-15,12:00:00,192,126,66,F11MO
40,Molenlei 59,2020-11-15,13:00:00,44,24,20,F11MO
40,Molenlei 59,2020-11-15,14:00:00,50,30,20,F11MO
40,Molenlei 59,2020-11-15,15:00:00,28,14,14,F11MO
40,Molenlei 59,2020-11-15,16:00:00,34,24,10,F11MO
40,Molenlei 59,2020-11-15,17:00:00,26,18,8,F11MO
40,Molenlei 59,2020-11-15,18:00:00,26,10,16,F11MO
40,Molenlei 59,2020-11-15,19:00:00,24,8,16,F11MO
40,Molenlei 59,2020-11-15,20:00:00,18,8,10,F11MO
40,Molenlei 59,2020-11-15,21:00:00,12,8,4,F11MO
40,Molenlei 59,2020-11-15,22:00:00,8,0,8,F11MO
40,Molenlei 59,2020-11-15,23:00:00,0,0,0,F11MO
40,Molenlei 59,2020-11-16,00:00:00,2,2,0,F11MO
40,Molenlei 59,2020-11-16,01:00:00,0,0,0,F11MO
40,Molenlei 59,2020-11-16,02:00:00,0,0,0,F11MO
40,Molenlei 59,2020-11-16,03:00:00,2,2,0,F11MO
40,Molenlei 59,2020-11-16,04:00:00,4,4,0,F11MO
40,Molenlei 59,2020-11-16,05:00:00,22,16,6,F11MO
40,Molenlei 59,2020-11-16,06:00:00,62,44,18,F11MO
40,Molenlei 59,2020-11-16,07:00:00,294,192,102,F11MO
40,Molenlei 59,2020-11-16,08:00:00,280,180,100,F11MO
40,Molenlei 59,2020-11-16,09:00:00,102,48,54,F11MO
40,Molenlei 59,2020-11-16,10:00:00,78,30,48,F11MO
40,Molenlei 59,2020-11-16,11:00:00,84,34,50,F11MO
40,Molenlei 59,2020-11-16,12:00:00,140,72,68,F11MO
40,Molenlei 59,2020-11-16,13:00:00,112,76,36,F11MO
40,Molenlei 59,2020-11-16,14:00:00,106,56,50,F11MO
40,Molenlei 59,2020-11-16,15:00:00,230,68,162,F11MO
40,Molenlei 59,2020-11-16,16:00:00,314,124,190,F11MO
40,Molenlei 59,2020-11-16,17:00:00,226,76,150,F11MO
40,Molenlei 59,2020-11-16,18:00:00,86,32,54,F11MO
40,Molenlei 59,2020-11-16,19:00:00,84,42,42,F11MO
40,Molenlei 59,2020-11-16,20:00:00,28,14,14,F11MO
40,Molenlei 59,2020-11-16,21:00:00,26,12,14,F11MO
40,Molenlei 59,2020-11-16,22:00:00,46,4,42,F11MO
40,Molenlei 59,2020-11-16,23:00:00,12,6,6,F11MO
40,Molenlei 59,2020-11-17,00:00:00,0,0,0,F11MO
40,Molenlei 59,2020-11-17,01:00:00,0,0,0,F11MO
40,Molenlei 59,2020-11-17,02:00:00,0,0,0,F11MO
40,Molenlei 59,2020-11-17,03:00:00,0,0,0,F11MO
40,Molenlei 59,2020-11-17,04:00:00,8,8,0,F11MO
40,Molenlei 59,2020-11-17,05:00:00,28,20,8,F11MO
40,Molenlei 59,2020-11-17,06:00:00,78,54,24,F11MO
40,Molenlei 59,2020-11-17,07:00:00,274,182,92,F11MO
40,Molenlei 59,2020-11-17,08:00:00,284,180,104,F11MO
40,Molenlei 59,2020-11-17,09:00:00,96,40,56,F11MO
40,Molenlei 59,2020-11-17,10:00:00,80,50,30,F11MO
40,Molenlei 59,2020-11-17,11:00:00,94,62,32,F11MO
40,Molenlei 59,2020-11-17,12:00:00,140,84,56,F11MO
40,Molenlei 59,2020-11-17,13:00:00,100,48,52,F11MO
40,Molenlei 59,2020-11-17,14:00:00,146,72,74,F11MO
40,Molenlei 59,2020-11-17,15:00:00,258,76,182,F11MO
40,Molenlei 59,2020-11-17,16:00:00,328,136,192,F11MO
40,Molenlei 59,2020-11-17,17:00:00,226,88,138,F11MO
40,Molenlei 59,2020-11-17,18:00:00,100,36,64,F11MO
40,Molenlei 59,2020-11-17,19:00:00,60,40,20,F11MO
40,Molenlei 59,2020-11-17,20:00:00,26,18,8,F11MO
40,Molenlei 59,2020-11-17,21:00:00,40,16,24,F11MO
40,Molenlei 59,2020-11-17,22:00:00,42,6,36,F11MO
40,Molenlei 59,2020-11-17,23:00:00,10,4,6,F11MO
40,Molenlei 59,2020-11-18,00:00:00,0,0,0,F11MO
40,Molenlei 59,2020-11-18,01:00:00,0,0,0,F11MO
40,Molenlei 59,2020-11-18,02:00:00,0,0,0,F11MO
40,Molenlei 59,2020-11-18,03:00:00,0,0,0,F11MO
40,Molenlei 59,2020-11-18,04:00:00,6,4,2,F11MO
40,Molenlei 59,2020-11-18,05:00:00,36,26,10,F11MO
40,Molenlei 59,2020-11-18,06:00:00,90,54,36,F11MO
40,Molenlei 59,2020-11-18,07:00:00,282,194,88,F11MO
40,Molenlei 59,2020-11-18,08:00:00,340,220,120,F11MO
40,Molenlei 59,2020-11-18,09:00:00,130,58,72,F11MO
40,Molenlei 59,2020-11-18,10:00:00,202,84,118,F11MO
40,Molenlei 59,2020-11-18,11:00:00,352,158,194,F11MO
40,Molenlei 59,2020-11-18,12:00:00,322,130,192,F11MO
40,Molenlei 59,2020-11-18,13:00:00,370,168,202,F11MO
40,Molenlei 59,2020-11-18,14:00:00,424,184,240,F11MO
40,Molenlei 59,2020-11-18,15:00:00,442,254,188,F11MO
40,Molenlei 59,2020-11-18,16:00:00,448,228,220,F11MO
40,Molenlei 59,2020-11-18,17:00:00,268,128,140,F11MO
40,Molenlei 59,2020-11-18,18:00:00,108,38,70,F11MO
40,Molenlei 59,2020-11-18,19:00:00,100,42,58,F11MO
40,Molenlei 59,2020-11-18,20:00:00,40,20,20,F11MO
40,Molenlei 59,2020-11-18,21:00:00,24,20,4,F11MO
40,Molenlei 59,2020-11-18,22:00:00,24,0,24,F11MO
40,Molenlei 59,2020-11-18,23:00:00,4,2,2,F11MO
40,Molenlei 59,2020-11-19,00:00:00,6,0,6,F11MO
40,Molenlei 59,2020-11-19,01:00:00,0,0,0,F11MO
40,Molenlei 59,2020-11-19,02:00:00,0,0,0,F11MO
40,Molenlei 59,2020-11-19,03:00:00,0,0,0,F11MO
40,Molenlei 59,2020-11-19,04:00:00,6,6,0,F11MO
40,Molenlei 59,2020-11-19,05:00:00,34,24,10,F11MO
40,Molenlei 59,2020-11-19,06:00:00,76,44,32,F11MO
40,Molenlei 59,2020-11-19,07:00:00,240,158,82,F11MO
40,Molenlei 59,2020-11-19,08:00:00,252,154,98,F11MO
40,Molenlei 59,2020-11-19,09:00:00,68,34,34,F11MO
40,Molenlei 59,2020-11-19,10:00:00,76,50,26,F11MO
40,Molenlei 59,2020-11-19,11:00:00,60,32,28,F11MO
40,Molenlei 59,2020-11-19,12:00:00,58,26,32,F11MO
40,Molenlei 59,2020-11-19,13:00:00,86,46,40,F11MO
40,Molenlei 59,2020-11-19,14:00:00,72,30,42,F11MO
40,Molenlei 59,2020-11-19,15:00:00,190,50,140,F11MO
40,Molenlei 59,2020-11-19,16:00:00,282,96,186,F11MO
40,Molenlei 59,2020-11-19,17:00:00,188,78,110,F11MO
40,Molenlei 59,2020-11-19,18:00:00,88,30,58,F11MO
40,Molenlei 59,2020-11-19,19:00:00,46,22,24,F11MO
40,Molenlei 59,2020-11-19,20:00:00,30,8,22,F11MO
40,Molenlei 59,2020-11-19,21:00:00,16,14,2,F11MO
40,Molenlei 59,2020-11-19,22:00:00,22,4,18,F11MO
40,Molenlei 59,2020-11-19,23:00:00,4,0,4,F11MO
40,Molenlei 59,2020-11-20,00:00:00,0,0,0,F11MO
40,Molenlei 59,2020-11-20,01:00:00,0,0,0,F11MO
40,Molenlei 59,2020-11-20,02:00:00,0,0,0,F11MO
40,Molenlei 59,2020-11-20,03:00:00,0,0,0,F11MO
40,Molenlei 59,2020-11-20,04:00:00,8,8,0,F11MO
40,Molenlei 59,2020-11-20,05:00:00,18,14,4,F11MO
40,Molenlei 59,2020-11-20,06:00:00,90,56,34,F11MO
40,Molenlei 59,2020-11-20,07:00:00,218,132,86,F11MO
40,Molenlei 59,2020-11-20,08:00:00,304,184,120,F11MO
40,Molenlei 59,2020-11-20,09:00:00,132,76,56,F11MO
40,Molenlei 59,2020-11-20,10:00:00,98,38,60,F11MO
40,Molenlei 59,2020-11-20,11:00:00,134,76,58,F11MO
40,Molenlei 59,2020-11-20,12:00:00,170,66,104,F11MO
40,Molenlei 59,2020-11-20,13:00:00,264,130,134,F11MO
40,Molenlei 59,2020-11-20,14:00:00,234,108,126,F11MO
40,Molenlei 59,2020-11-20,15:00:00,384,168,216,F11MO
40,Molenlei 59,2020-11-20,16:00:00,370,178,192,F11MO
40,Molenlei 59,2020-11-20,17:00:00,196,62,134,F11MO
40,Molenlei 59,2020-11-20,18:00:00,110,48,62,F11MO
40,Molenlei 59,2020-11-20,19:00:00,54,30,24,F11MO
40,Molenlei 59,2020-11-20,20:00:00,34,14,20,F11MO
40,Molenlei 59,2020-11-20,21:00:00,10,4,6,F11MO
40,Molenlei 59,2020-11-20,22:00:00,24,2,22,F11MO
40,Molenlei 59,2020-11-20,23:00:00,18,4,14,F11MO
40,Molenlei 59,2020-11-21,00:00:00,2,2,0,F11MO
40,Molenlei 59,2020-11-21,01:00:00,2,2,0,F11MO
40,Molenlei 59,2020-11-21,02:00:00,0,0,0,F11MO
40,Molenlei 59,2020-11-21,03:00:00,0,0,0,F11MO
40,Molenlei 59,2020-11-21,04:00:00,0,0,0,F11MO
40,Molenlei 59,2020-11-21,05:00:00,14,10,4,F11MO
40,Molenlei 59,2020-11-21,06:00:00,14,4,10,F11MO
40,Molenlei 59,2020-11-21,07:00:00,34,12,22,F11MO
40,Molenlei 59,2020-11-21,08:00:00,36,14,22,F11MO
40,Molenlei 59,2020-11-21,09:00:00,208,94,114,F11MO
40,Molenlei 59,2020-11-21,10:00:00,194,84,110,F11MO
40,Molenlei 59,2020-11-21,11:00:00,220,96,124,F11MO
40,Molenlei 59,2020-11-21,12:00:00,254,140,114,F11MO
40,Molenlei 59,2020-11-21,13:00:00,272,120,152,F11MO
40,Molenlei 59,2020-11-21,14:00:00,290,118,172,F11MO
40,Molenlei 59,2020-11-21,15:00:00,228,126,102,F11MO
40,Molenlei 59,2020-11-21,16:00:00,232,130,102,F11MO
40,Molenlei 59,2020-11-21,17:00:00,124,68,56,F11MO
40,Molenlei 59,2020-11-21,18:00:00,32,16,16,F11MO
40,Molenlei 59,2020-11-21,19:00:00,32,20,12,F11MO
40,Molenlei 59,2020-11-21,20:00:00,28,18,10,F11MO
40,Molenlei 59,2020-11-21,21:00:00,12,8,4,F11MO
40,Molenlei 59,2020-11-21,22:00:00,24,8,16,F11MO
40,Molenlei 59,2020-11-21,23:00:00,8,6,2,F11MO
40,Molenlei 59,2020-11-22,00:00:00,2,0,2,F11MO
40,Molenlei 59,2020-11-22,01:00:00,0,0,0,F11MO
40,Molenlei 59,2020-11-22,02:00:00,0,0,0,F11MO
40,Molenlei 59,2020-11-22,03:00:00,2,2,0,F11MO
40,Molenlei 59,2020-11-22,04:00:00,0,0,0,F11MO
40,Molenlei 59,2020-11-22,05:00:00,4,4,0,F11MO
40,Molenlei 59,2020-11-22,06:00:00,18,8,10,F11MO
40,Molenlei 59,2020-11-22,07:00:00,32,12,20,F11MO
40,Molenlei 59,2020-11-22,08:00:00,54,10,44,F11MO
40,Molenlei 59,2020-11-22,09:00:00,172,68,104,F11MO
40,Molenlei 59,2020-11-22,10:00:00,176,76,100,F11MO
40,Molenlei 59,2020-11-22,11:00:00,192,100,92,F11MO
40,Molenlei 59,2020-11-22,12:00:00,152,98,54,F11MO
40,Molenlei 59,2020-11-22,13:00:00,62,36,26,F11MO
40,Molenlei 59,2020-11-22,14:00:00,86,44,42,F11MO
40,Molenlei 59,2020-11-22,15:00:00,56,32,24,F11MO
40,Molenlei 59,2020-11-22,16:00:00,82,42,40,F11MO
40,Molenlei 59,2020-11-22,17:00:00,54,26,28,F11MO
40,Molenlei 59,2020-11-22,18:00:00,34,14,20,F11MO
40,Molenlei 59,2020-11-22,19:00:00,18,10,8,F11MO
40,Molenlei 59,2020-11-22,20:00:00,14,4,10,F11MO
40,Molenlei 59,2020-11-22,21:00:00,14,8,6,F11MO
40,Molenlei 59,2020-11-22,22:00:00,12,0,12,F11MO
40,Molenlei 59,2020-11-22,23:00:00,2,0,2,F11MO
40,Molenlei 59,2020-11-23,00:00:00,0,0,0,F11MO
40,Molenlei 59,2020-11-23,01:00:00,0,0,0,F11MO
40,Molenlei 59,2020-11-23,02:00:00,0,0,0,F11MO
40,Molenlei 59,2020-11-23,03:00:00,0,0,0,F11MO
40,Molenlei 59,2020-11-23,04:00:00,2,2,0,F11MO
40,Molenlei 59,2020-11-23,05:00:00,24,16,8,F11MO
40,Molenlei 59,2020-11-23,06:00:00,74,42,32,F11MO
40,Molenlei 59,2020-11-23,07:00:00,304,190,114,F11MO
40,Molenlei 59,2020-11-23,08:00:00,300,188,112,F11MO
40,Molenlei 59,2020-11-23,09:00:00,98,42,56,F11MO
40,Molenlei 59,2020-11-23,10:00:00,94,44,50,F11MO
40,Molenlei 59,2020-11-23,11:00:00,186,84,102,F11MO
40,Molenlei 59,2020-11-23,12:00:00,206,108,98,F11MO
40,Molenlei 59,2020-11-23,13:00:00,228,114,114,F11MO
40,Molenlei 59,2020-11-23,14:00:00,310,130,180,F11MO
40,Molenlei 59,2020-11-23,15:00:00,422,166,256,F11MO
40,Molenlei 59,2020-11-23,16:00:00,378,170,208,F11MO
40,Molenlei 59,2020-11-23,17:00:00,226,88,138,F11MO
40,Molenlei 59,2020-11-23,18:00:00,84,32,52,F11MO
40,Molenlei 59,2020-11-23,19:00:00,62,24,38,F11MO
40,Molenlei 59,2020-11-23,20:00:00,22,14,8,F11MO
40,Molenlei 59,2020-11-23,21:00:00,18,6,12,F11MO
40,Molenlei 59,2020-11-23,22:00:00,32,2,30,F11MO
40,Molenlei 59,2020-11-23,23:00:00,10,6,4,F11MO
40,Molenlei 59,2020-11-24,00:00:00,0,0,0,F11MO
40,Molenlei 59,2020-11-24,01:00:00,0,0,0,F11MO
40,Molenlei 59,2020-11-24,02:00:00,0,0,0,F11MO
40,Molenlei 59,2020-11-24,03:00:00,0,0,0,F11MO
40,Molenlei 59,2020-11-24,04:00:00,4,4,0,F11MO
40,Molenlei 59,2020-11-24,05:00:00,36,26,10,F11MO
40,Molenlei 59,2020-11-24,06:00:00,90,60,30,F11MO
40,Molenlei 59,2020-11-24,07:00:00,290,194,96,F11MO
40,Molenlei 59,2020-11-24,08:00:00,304,182,122,F11MO
40,Molenlei 59,2020-11-24,09:00:00,112,48,64,F11MO
40,Molenlei 59,2020-11-24,10:00:00,96,48,48,F11MO
40,Molenlei 59,2020-11-24,11:00:00,120,50,70,F11MO
40,Molenlei 59,2020-11-24,12:00:00,204,104,100,F11MO
40,Molenlei 59,2020-11-24,13:00:00,200,76,124,F11MO
40,Molenlei 59,2020-11-24,14:00:00,298,122,176,F11MO
40,Molenlei 59,2020-11-24,15:00:00,376,164,212,F11MO
40,Molenlei 59,2020-11-24,16:00:00,396,172,224,F11MO
40,Molenlei 59,2020-11-24,17:00:00,252,98,154,F11MO
40,Molenlei 59,2020-11-24,18:00:00,104,52,52,F11MO
40,Molenlei 59,2020-11-24,19:00:00,46,22,24,F11MO
40,Molenlei 59,2020-11-24,20:00:00,44,24,20,F11MO
40,Molenlei 59,2020-11-24,21:00:00,24,8,16,F11MO
40,Molenlei 59,2020-11-24,22:00:00,38,6,32,F11MO
40,Molenlei 59,2020-11-24,23:00:00,12,4,8,F11MO
40,Molenlei 59,2020-11-25,00:00:00,0,0,0,F11MO
40,Molenlei 59,2020-11-25,01:00:00,0,0,0,F11MO
40,Molenlei 59,2020-11-25,02:00:00,0,0,0,F11MO
40,Molenlei 59,2020-11-25,03:00:00,2,2,0,F11MO
40,Molenlei 59,2020-11-25,04:00:00,2,2,0,F11MO
40,Molenlei 59,2020-11-25,05:00:00,28,18,10,F11MO
40,Molenlei 59,2020-11-25,06:00:00,78,50,28,F11MO
40,Molenlei 59,2020-11-25,07:00:00,296,194,102,F11MO
40,Molenlei 59,2020-11-25,08:00:00,270,172,98,F11MO
40,Molenlei 59,2020-11-25,09:00:00,114,46,68,F11MO
40,Molenlei 59,2020-11-25,10:00:00,154,70,84,F11MO
40,Molenlei 59,2020-11-25,11:00:00,270,106,164,F11MO
40,Molenlei 59,2020-11-25,12:00:00,252,118,134,F11MO
40,Molenlei 59,2020-11-25,13:00:00,310,134,176,F11MO
40,Molenlei 59,2020-11-25,14:00:00,290,146,144,F11MO
40,Molenlei 59,2020-11-25,15:00:00,242,122,120,F11MO
40,Molenlei 59,2020-11-25,16:00:00,312,146,166,F11MO
40,Molenlei 59,2020-11-25,17:00:00,210,88,122,F11MO
40,Molenlei 59,2020-11-25,18:00:00,106,56,50,F11MO
40,Molenlei 59,2020-11-25,19:00:00,74,34,40,F11MO
40,Molenlei 59,2020-11-25,20:00:00,38,20,18,F11MO
40,Molenlei 59,2020-11-25,21:00:00,36,20,16,F11MO
40,Molenlei 59,2020-11-25,22:00:00,26,2,24,F11MO
40,Molenlei 59,2020-11-25,23:00:00,12,2,10,F11MO
40,Molenlei 59,2020-11-26,00:00:00,0,0,0,F11MO
40,Molenlei 59,2020-11-26,01:00:00,2,0,2,F11MO
40,Molenlei 59,2020-11-26,02:00:00,0,0,0,F11MO
40,Molenlei 59,2020-11-26,03:00:00,2,2,0,F11MO
40,Molenlei 59,2020-11-26,04:00:00,6,6,0,F11MO
40,Molenlei 59,2020-11-26,05:00:00,26,16,10,F11MO
40,Molenlei 59,2020-11-26,06:00:00,88,54,34,F11MO
40,Molenlei 59,2020-11-26,07:00:00,288,184,104,F11MO
40,Molenlei 59,2020-11-26,08:00:00,298,180,118,F11MO
40,Molenlei 59,2020-11-26,09:00:00,108,56,52,F11MO
40,Molenlei 59,2020-11-26,10:00:00,100,46,54,F11MO
40,Molenlei 59,2020-11-26,11:00:00,108,46,62,F11MO
40,Molenlei 59,2020-11-26,12:00:00,180,90,90,F11MO
40,Molenlei 59,2020-11-26,13:00:00,182,98,84,F11MO
40,Molenlei 59,2020-11-26,14:00:00,234,80,154,F11MO
40,Molenlei 59,2020-11-26,15:00:00,352,144,208,F11MO
40,Molenlei 59,2020-11-26,16:00:00,396,170,226,F11MO
40,Molenlei 59,2020-11-26,17:00:00,206,76,130,F11MO
40,Molenlei 59,2020-11-26,18:00:00,84,42,42,F11MO
40,Molenlei 59,2020-11-26,19:00:00,72,28,44,F11MO
40,Molenlei 59,2020-11-26,20:00:00,50,18,32,F11MO
40,Molenlei 59,2020-11-26,21:00:00,30,18,12,F11MO
40,Molenlei 59,2020-11-26,22:00:00,24,6,18,F11MO
40,Molenlei 59,2020-11-26,23:00:00,12,0,12,F11MO
40,Molenlei 59,2020-11-27,00:00:00,0,0,0,F11MO
40,Molenlei 59,2020-11-27,01:00:00,0,0,0,F11MO
40,Molenlei 59,2020-11-27,02:00:00,0,0,0,F11MO
40,Molenlei 59,2020-11-27,03:00:00,0,0,0,F11MO
40,Molenlei 59,2020-11-27,04:00:00,4,2,2,F11MO
40,Molenlei 59,2020-11-27,05:00:00,28,20,8,F11MO
40,Molenlei 59,2020-11-27,06:00:00,68,44,24,F11MO
40,Molenlei 59,2020-11-27,07:00:00,252,130,122,F11MO
40,Molenlei 59,2020-11-27,08:00:00,284,178,106,F11MO
40,Molenlei 59,2020-11-27,09:00:00,112,56,56,F11MO
40,Molenlei 59,2020-11-27,10:00:00,134,60,74,F11MO
40,Molenlei 59,2020-11-27,11:00:00,140,80,60,F11MO
40,Molenlei 59,2020-11-27,12:00:00,174,106,68,F11MO
40,Molenlei 59,2020-11-27,13:00:00,168,66,102,F11MO
40,Molenlei 59,2020-11-27,14:00:00,192,86,106,F11MO
40,Molenlei 59,2020-11-27,15:00:00,278,88,190,F11MO
40,Molenlei 59,2020-11-27,16:00:00,324,150,174,F11MO
40,Molenlei 59,2020-11-27,17:00:00,172,64,108,F11MO
40,Molenlei 59,2020-11-27,18:00:00,94,36,58,F11MO
40,Molenlei 59,2020-11-27,19:00:00,66,26,40,F11MO
40,Molenlei 59,2020-11-27,20:00:00,38,26,12,F11MO
40,Molenlei 59,2020-11-27,21:00:00,20,8,12,F11MO
40,Molenlei 59,2020-11-27,22:00:00,24,6,18,F11MO
40,Molenlei 59,2020-11-27,23:00:00,26,12,14,F11MO
40,Molenlei 59,2020-11-28,00:00:00,2,2,0,F11MO
40,Molenlei 59,2020-11-28,01:00:00,0,0,0,F11MO
40,Molenlei 59,2020-11-28,02:00:00,0,0,0,F11MO
40,Molenlei 59,2020-11-28,03:00:00,0,0,0,F11MO
40,Molenlei 59,2020-11-28,04:00:00,2,2,0,F11MO
40,Molenlei 59,2020-11-28,05:00:00,20,4,16,F11MO
40,Molenlei 59,2020-11-28,06:00:00,10,6,4,F11MO
40,Molenlei 59,2020-11-28,07:00:00,34,14,20,F11MO
40,Molenlei 59,2020-11-28,08:00:00,48,22,26,F11MO
40,Molenlei 59,2020-11-28,09:00:00,106,42,64,F11MO
40,Molenlei 59,2020-11-28,10:00:00,176,56,120,F11MO
40,Molenlei 59,2020-11-28,11:00:00,244,116,128,F11MO
40,Molenlei 59,2020-11-28,12:00:00,304,166,138,F11MO
40,Molenlei 59,2020-11-28,13:00:00,376,172,204,F11MO
40,Molenlei 59,2020-11-28,14:00:00,484,234,250,F11MO
40,Molenlei 59,2020-11-28,15:00:00,462,250,212,F11MO
40,Molenlei 59,2020-11-28,16:00:00,310,210,100,F11MO
40,Molenlei 59,2020-11-28,17:00:00,170,82,88,F11MO
40,Molenlei 59,2020-11-28,18:00:00,66,32,34,F11MO
40,Molenlei 59,2020-11-28,19:00:00,34,16,18,F11MO
40,Molenlei 59,2020-11-28,20:00:00,36,24,12,F11MO
40,Molenlei 59,2020-11-28,21:00:00,10,2,8,F11MO
40,Molenlei 59,2020-11-28,22:00:00,16,8,8,F11MO
40,Molenlei 59,2020-11-28,23:00:00,14,6,8,F11MO
40,Molenlei 59,2020-11-29,00:00:00,6,2,4,F11MO
40,Molenlei 59,2020-11-29,01:00:00,0,0,0,F11MO
40,Molenlei 59,2020-11-29,02:00:00,0,0,0,F11MO
40,Molenlei 59,2020-11-29,03:00:00,0,0,0,F11MO
40,Molenlei 59,2020-11-29,04:00:00,0,0,0,F11MO
40,Molenlei 59,2020-11-29,05:00:00,6,6,0,F11MO
40,Molenlei 59,2020-11-29,06:00:00,18,6,12,F11MO
40,Molenlei 59,2020-11-29,07:00:00,26,6,20,F11MO
40,Molenlei 59,2020-11-29,08:00:00,92,26,66,F11MO
40,Molenlei 59,2020-11-29,09:00:00,148,56,92,F11MO
40,Molenlei 59,2020-11-29,10:00:00,152,42,110,F11MO
40,Molenlei 59,2020-11-29,11:00:00,220,124,96,F11MO
40,Molenlei 59,2020-11-29,12:00:00,178,118,60,F11MO
40,Molenlei 59,2020-11-29,13:00:00,180,86,94,F11MO
40,Molenlei 59,2020-11-29,14:00:00,226,128,98,F11MO
40,Molenlei 59,2020-11-29,15:00:00,178,84,94,F11MO
40,Molenlei 59,2020-11-29,16:00:00,148,76,72,F11MO
40,Molenlei 59,2020-11-29,17:00:00,88,40,48,F11MO
40,Molenlei 59,2020-11-29,18:00:00,34,22,12,F11MO
40,Molenlei 59,2020-11-29,19:00:00,24,12,12,F11MO
40,Molenlei 59,2020-11-29,20:00:00,18,14,4,F11MO
40,Molenlei 59,2020-11-29,21:00:00,24,12,12,F11MO
40,Molenlei 59,2020-11-29,22:00:00,8,2,6,F11MO
40,Molenlei 59,2020-11-29,23:00:00,0,0,0,F11MO
40,Molenlei 59,2020-11-30,00:00:00,0,0,0,F11MO
40,Molenlei 59,2020-11-30,01:00:00,0,0,0,F11MO
40,Molenlei 59,2020-11-30,02:00:00,0,0,0,F11MO
40,Molenlei 59,2020-11-30,03:00:00,4,2,2,F11MO
40,Molenlei 59,2020-11-30,04:00:00,4,4,0,F11MO
40,Molenlei 59,2020-11-30,05:00:00,14,6,8,F11MO
40,Molenlei 59,2020-11-30,06:00:00,58,38,20,F11MO
40,Molenlei 59,2020-11-30,07:00:00,204,120,84,F11MO
40,Molenlei 59,2020-11-30,08:00:00,228,160,68,F11MO
40,Molenlei 59,2020-11-30,09:00:00,76,26,50,F11MO
40,Molenlei 59,2020-11-30,10:00:00,72,38,34,F11MO
40,Molenlei 59,2020-11-30,11:00:00,88,50,38,F11MO
40,Molenlei 59,2020-11-30,12:00:00,96,54,42,F11MO
40,Molenlei 59,2020-11-30,13:00:00,82,52,30,F11MO
40,Molenlei 59,2020-11-30,14:00:00,110,36,74,F11MO
40,Molenlei 59,2020-11-30,15:00:00,204,56,148,F11MO
40,Molenlei 59,2020-11-30,16:00:00,222,84,138,F11MO
40,Molenlei 59,2020-11-30,17:00:00,114,38,76,F11MO
40,Molenlei 59,2020-11-30,18:00:00,54,20,34,F11MO
40,Molenlei 59,2020-11-30,19:00:00,38,10,28,F11MO
40,Molenlei 59,2020-11-30,20:00:00,10,2,8,F11MO
40,Molenlei 59,2020-11-30,21:00:00,16,10,6,F11MO
40,Molenlei 59,2020-11-30,22:00:00,22,4,18,F11MO
40,Molenlei 59,2020-11-30,23:00:00,2,2,0,F11MO
40,Molenlei 59,2020-12-01,00:00:00,0,0,0,F11MO
40,Molenlei 59,2020-12-01,01:00:00,0,0,0,F11MO
40,Molenlei 59,2020-12-01,02:00:00,0,0,0,F11MO
40,Molenlei 59,2020-12-01,03:00:00,2,2,0,F11MO
40,Molenlei 59,2020-12-01,04:00:00,4,4,0,F11MO
40,Molenlei 59,2020-12-01,05:00:00,22,18,4,F11MO
40,Molenlei 59,2020-12-01,06:00:00,54,34,20,F11MO
40,Molenlei 59,2020-12-01,07:00:00,160,92,68,F11MO
40,Molenlei 59,2020-12-01,08:00:00,236,148,88,F11MO
40,Molenlei 59,2020-12-01,09:00:00,54,28,26,F11MO
40,Molenlei 59,2020-12-01,10:00:00,74,56,18,F11MO
40,Molenlei 59,2020-12-01,11:00:00,128,102,26,F11MO
40,Molenlei 59,2020-12-01,12:00:00,186,128,58,F11MO
40,Molenlei 59,2020-12-01,13:00:00,188,126,62,F11MO
40,Molenlei 59,2020-12-01,14:00:00,144,68,76,F11MO
40,Molenlei 59,2020-12-01,15:00:00,200,62,138,F11MO
40,Molenlei 59,2020-12-01,16:00:00,252,90,162,F11MO
40,Molenlei 59,2020-12-01,17:00:00,144,52,92,F11MO
40,Molenlei 59,2020-12-01,18:00:00,78,38,40,F11MO
40,Molenlei 59,2020-12-01,19:00:00,40,10,30,F11MO
40,Molenlei 59,2020-12-01,20:00:00,38,24,14,F11MO
40,Molenlei 59,2020-12-01,21:00:00,52,30,22,F11MO
40,Molenlei 59,2020-12-01,22:00:00,20,4,16,F11MO
40,Molenlei 59,2020-12-01,23:00:00,4,2,2,F11MO
40,Molenlei 59,2020-12-02,00:00:00,2,0,2,F11MO
40,Molenlei 59,2020-12-02,01:00:00,0,0,0,F11MO
40,Molenlei 59,2020-12-02,02:00:00,0,0,0,F11MO
40,Molenlei 59,2020-12-02,03:00:00,0,0,0,F11MO
40,Molenlei 59,2020-12-02,04:00:00,8,8,0,F11MO
40,Molenlei 59,2020-12-02,05:00:00,22,14,8,F11MO
40,Molenlei 59,2020-12-02,06:00:00,58,32,26,F11MO
40,Molenlei 59,2020-12-02,07:00:00,256,158,98,F11MO
40,Molenlei 59,2020-12-02,08:00:00,266,182,84,F11MO
40,Molenlei 59,2020-12-02,09:00:00,96,52,44,F11MO
40,Molenlei 59,2020-12-02,10:00:00,196,60,136,F11MO
40,Molenlei 59,2020-12-02,11:00:00,198,66,132,F11MO
40,Molenlei 59,2020-12-02,12:00:00,272,106,166,F11MO
40,Molenlei 59,2020-12-02,13:00:00,184,74,110,F11MO
40,Molenlei 59,2020-12-02,14:00:00,212,88,124,F11MO
40,Molenlei 59,2020-12-02,15:00:00,178,96,82,F11MO
40,Molenlei 59,2020-12-02,16:00:00,216,80,136,F11MO
40,Molenlei 59,2020-12-02,17:00:00,176,64,112,F11MO
40,Molenlei 59,2020-12-02,18:00:00,88,34,54,F11MO
40,Molenlei 59,2020-12-02,19:00:00,52,22,30,F11MO
40,Molenlei 59,2020-12-02,20:00:00,44,14,30,F11MO
40,Molenlei 59,2020-12-02,21:00:00,32,20,12,F11MO
40,Molenlei 59,2020-12-02,22:00:00,24,8,16,F11MO
40,Molenlei 59,2020-12-02,23:00:00,12,10,2,F11MO
40,Molenlei 59,2020-12-03,00:00:00,0,0,0,F11MO
40,Molenlei 59,2020-12-03,01:00:00,0,0,0,F11MO
40,Molenlei 59,2020-12-03,02:00:00,0,0,0,F11MO
40,Molenlei 59,2020-12-03,03:00:00,0,0,0,F11MO
40,Molenlei 59,2020-12-03,04:00:00,6,6,0,F11MO
40,Molenlei 59,2020-12-03,05:00:00,22,14,8,F11MO
40,Molenlei 59,2020-12-03,06:00:00,64,40,24,F11MO
40,Molenlei 59,2020-12-03,07:00:00,192,116,76,F11MO
40,Molenlei 59,2020-12-03,08:00:00,294,184,110,F11MO
40,Molenlei 59,2020-12-03,09:00:00,80,44,36,F11MO
40,Molenlei 59,2020-12-03,10:00:00,114,54,60,F11MO
40,Molenlei 59,2020-12-03,11:00:00,90,56,34,F11MO
40,Molenlei 59,2020-12-03,12:00:00,94,32,62,F11MO
40,Molenlei 59,2020-12-03,13:00:00,72,26,46,F11MO
40,Molenlei 59,2020-12-03,14:00:00,64,34,30,F11MO
40,Molenlei 59,2020-12-03,15:00:00,200,60,140,F11MO
40,Molenlei 59,2020-12-03,16:00:00,178,70,108,F11MO
40,Molenlei 59,2020-12-03,17:00:00,136,62,74,F11MO
40,Molenlei 59,2020-12-03,18:00:00,102,36,66,F11MO
40,Molenlei 59,2020-12-03,19:00:00,24,12,12,F11MO
40,Molenlei 59,2020-12-03,20:00:00,18,10,8,F11MO
40,Molenlei 59,2020-12-03,21:00:00,16,10,6,F11MO
40,Molenlei 59,2020-12-03,22:00:00,12,2,10,F11MO
40,Molenlei 59,2020-12-03,23:00:00,6,2,4,F11MO
40,Molenlei 59,2020-12-04,00:00:00,2,0,2,F11MO
40,Molenlei 59,2020-12-04,01:00:00,0,0,0,F11MO
40,Molenlei 59,2020-12-04,02:00:00,0,0,0,F11MO
40,Molenlei 59,2020-12-04,03:00:00,0,0,0,F11MO
40,Molenlei 59,2020-12-04,04:00:00,2,2,0,F11MO
40,Molenlei 59,2020-12-04,05:00:00,14,8,6,F11MO
40,Molenlei 59,2020-12-04,06:00:00,68,46,22,F11MO
40,Molenlei 59,2020-12-04,07:00:00,172,98,74,F11MO
40,Molenlei 59,2020-12-04,08:00:00,224,160,64,F11MO
40,Molenlei 59,2020-12-04,09:00:00,84,42,42,F11MO
40,Molenlei 59,2020-12-04,10:00:00,108,44,64,F11MO
40,Molenlei 59,2020-12-04,11:00:00,82,40,42,F11MO
40,Molenlei 59,2020-12-04,12:00:00,156,76,80,F11MO
40,Molenlei 59,2020-12-04,13:00:00,124,52,72,F11MO
40,Molenlei 59,2020-12-04,14:00:00,184,68,116,F11MO
40,Molenlei 59,2020-12-04,15:00:00,266,100,166,F11MO
40,Molenlei 59,2020-12-04,16:00:00,272,116,156,F11MO
40,Molenlei 59,2020-12-04,17:00:00,146,68,78,F11MO
40,Molenlei 59,2020-12-04,18:00:00,72,26,46,F11MO
40,Molenlei 59,2020-12-04,19:00:00,60,24,36,F11MO
40,Molenlei 59,2020-12-04,20:00:00,30,18,12,F11MO
40,Molenlei 59,2020-12-04,21:00:00,20,12,8,F11MO
40,Molenlei 59,2020-12-04,22:00:00,12,2,10,F11MO
40,Molenlei 59,2020-12-04,23:00:00,20,12,8,F11MO
40,Molenlei 59,2020-12-05,00:00:00,2,2,0,F11MO
40,Molenlei 59,2020-12-05,01:00:00,0,0,0,F11MO
40,Molenlei 59,2020-12-05,02:00:00,0,0,0,F11MO
40,Molenlei 59,2020-12-05,03:00:00,0,0,0,F11MO
40,Molenlei 59,2020-12-05,04:00:00,2,2,0,F11MO
40,Molenlei 59,2020-12-05,05:00:00,10,8,2,F11MO
40,Molenlei 59,2020-12-05,06:00:00,18,2,16,F11MO
40,Molenlei 59,2020-12-05,07:00:00,20,6,14,F11MO
40,Molenlei 59,2020-12-05,08:00:00,56,16,40,F11MO
40,Molenlei 59,2020-12-05,09:00:00,118,30,88,F11MO
40,Molenlei 59,2020-12-05,10:00:00,148,54,94,F11MO
40,Molenlei 59,2020-12-05,11:00:00,228,108,120,F11MO
40,Molenlei 59,2020-12-05,12:00:00,176,80,96,F11MO
40,Molenlei 59,2020-12-05,13:00:00,226,104,122,F11MO
40,Molenlei 59,2020-12-05,14:00:00,246,122,124,F11MO
40,Molenlei 59,2020-12-05,15:00:00,236,132,104,F11MO
40,Molenlei 59,2020-12-05,16:00:00,172,92,80,F11MO
40,Molenlei 59,2020-12-05,17:00:00,70,34,36,F11MO
40,Molenlei 59,2020-12-05,18:00:00,54,28,26,F11MO
40,Molenlei 59,2020-12-05,19:00:00,38,14,24,F11MO
40,Molenlei 59,2020-12-05,20:00:00,26,8,18,F11MO
40,Molenlei 59,2020-12-05,21:00:00,18,12,6,F11MO
40,Molenlei 59,2020-12-05,22:00:00,26,14,12,F11MO
40,Molenlei 59,2020-12-05,23:00:00,16,10,6,F11MO
40,Molenlei 59,2020-12-06,00:00:00,6,4,2,F11MO
40,Molenlei 59,2020-12-06,01:00:00,0,0,0,F11MO
40,Molenlei 59,2020-12-06,02:00:00,0,0,0,F11MO
40,Molenlei 59,2020-12-06,03:00:00,0,0,0,F11MO
40,Molenlei 59,2020-12-06,04:00:00,2,2,0,F11MO
40,Molenlei 59,2020-12-06,05:00:00,2,2,0,F11MO
40,Molenlei 59,2020-12-06,06:00:00,20,6,14,F11MO
40,Molenlei 59,2020-12-06,07:00:00,20,4,16,F11MO
40,Molenlei 59,2020-12-06,08:00:00,42,12,30,F11MO
40,Molenlei 59,2020-12-06,09:00:00,138,36,102,F11MO
40,Molenlei 59,2020-12-06,10:00:00,194,74,120,F11MO
40,Molenlei 59,2020-12-06,11:00:00,174,96,78,F11MO
40,Molenlei 59,2020-12-06,12:00:00,170,100,70,F11MO
40,Molenlei 59,2020-12-06,13:00:00,152,80,72,F11MO
40,Molenlei 59,2020-12-06,14:00:00,176,88,88,F11MO
40,Molenlei 59,2020-12-06,15:00:00,184,94,90,F11MO
40,Molenlei 59,2020-12-06,16:00:00,120,52,68,F11MO
40,Molenlei 59,2020-12-06,17:00:00,78,36,42,F11MO
40,Molenlei 59,2020-12-06,18:00:00,32,20,12,F11MO
40,Molenlei 59,2020-12-06,19:00:00,28,18,10,F11MO
40,Molenlei 59,2020-12-06,20:00:00,10,4,6,F11MO
40,Molenlei 59,2020-12-06,21:00:00,14,8,6,F11MO
40,Molenlei 59,2020-12-06,22:00:00,12,2,10,F11MO
40,Molenlei 59,2020-12-06,23:00:00,2,2,0,F11MO
40,Molenlei 59,2020-12-07,00:00:00,2,0,2,F11MO
40,Molenlei 59,2020-12-07,01:00:00,0,0,0,F11MO
40,Molenlei 59,2020-12-07,02:00:00,0,0,0,F11MO
40,Molenlei 59,2020-12-07,03:00:00,0,0,0,F11MO
40,Molenlei 59,2020-12-07,04:00:00,6,4,2,F11MO
40,Molenlei 59,2020-12-07,05:00:00,12,8,4,F11MO
40,Molenlei 59,2020-12-07,06:00:00,56,34,22,F11MO
40,Molenlei 59,2020-12-07,07:00:00,192,122,70,F11MO
40,Molenlei 59,2020-12-07,08:00:00,248,154,94,F11MO
40,Molenlei 59,2020-12-07,09:00:00,66,30,36,F11MO
40,Molenlei 59,2020-12-07,10:00:00,64,30,34,F11MO
40,Molenlei 59,2020-12-07,11:00:00,40,28,12,F11MO
40,Molenlei 59,2020-12-07,12:00:00,148,64,84,F11MO
40,Molenlei 59,2020-12-07,13:00:00,76,48,28,F11MO
40,Molenlei 59,2020-12-07,14:00:00,96,28,68,F11MO
40,Molenlei 59,2020-12-07,15:00:00,166,54,112,F11MO
40,Molenlei 59,2020-12-07,16:00:00,228,88,140,F11MO
40,Molenlei 59,2020-12-07,17:00:00,128,52,76,F11MO
40,Molenlei 59,2020-12-07,18:00:00,72,30,42,F11MO
40,Molenlei 59,2020-12-07,19:00:00,44,18,26,F11MO
40,Molenlei 59,2020-12-07,20:00:00,22,8,14,F11MO
40,Molenlei 59,2020-12-07,21:00:00,18,10,8,F11MO
40,Molenlei 59,2020-12-07,22:00:00,24,2,22,F11MO
40,Molenlei 59,2020-12-07,23:00:00,2,2,0,F11MO
40,Molenlei 59,2020-12-08,00:00:00,0,0,0,F11MO
40,Molenlei 59,2020-12-08,01:00:00,0,0,0,F11MO
40,Molenlei 59,2020-12-08,02:00:00,0,0,0,F11MO
40,Molenlei 59,2020-12-08,03:00:00,0,0,0,F11MO
40,Molenlei 59,2020-12-08,04:00:00,10,8,2,F11MO
40,Molenlei 59,2020-12-08,05:00:00,24,14,10,F11MO
40,Molenlei 59,2020-12-08,06:00:00,60,44,16,F11MO
40,Molenlei 59,2020-12-08,07:00:00,224,136,88,F11MO
40,Molenlei 59,2020-12-08,08:00:00,298,200,98,F11MO
40,Molenlei 59,2020-12-08,09:00:00,90,42,48,F11MO
40,Molenlei 59,2020-12-08,10:00:00,100,32,68,F11MO
40,Molenlei 59,2020-12-08,11:00:00,92,50,42,F11MO
40,Molenlei 59,2020-12-08,12:00:00,156,74,82,F11MO
40,Molenlei 59,2020-12-08,13:00:00,152,78,74,F11MO
40,Molenlei 59,2020-12-08,14:00:00,192,82,110,F11MO
40,Molenlei 59,2020-12-08,15:00:00,274,118,156,F11MO
40,Molenlei 59,2020-12-08,16:00:00,240,104,136,F11MO
40,Molenlei 59,2020-12-08,17:00:00,146,48,98,F11MO
40,Molenlei 59,2020-12-08,18:00:00,80,30,50,F11MO
40,Molenlei 59,2020-12-08,19:00:00,38,12,26,F11MO
40,Molenlei 59,2020-12-08,20:00:00,34,12,22,F11MO
40,Molenlei 59,2020-12-08,21:00:00,18,14,4,F11MO
40,Molenlei 59,2020-12-08,22:00:00,24,6,18,F11MO
40,Molenlei 59,2020-12-08,23:00:00,10,6,4,F11MO
40,Molenlei 59,2020-12-09,00:00:00,2,0,2,F11MO
40,Molenlei 59,2020-12-09,01:00:00,0,0,0,F11MO
40,Molenlei 59,2020-12-09,02:00:00,2,0,2,F11MO
40,Molenlei 59,2020-12-09,03:00:00,2,2,0,F11MO
40,Molenlei 59,2020-12-09,04:00:00,10,10,0,F11MO
40,Molenlei 59,2020-12-09,05:00:00,28,20,8,F11MO
40,Molenlei 59,2020-12-09,06:00:00,54,38,16,F11MO
40,Molenlei 59,2020-12-09,07:00:00,240,140,100,F11MO
40,Molenlei 59,2020-12-09,08:00:00,266,170,96,F11MO
40,Molenlei 59,2020-12-09,09:00:00,108,68,40,F11MO
40,Molenlei 59,2020-12-09,10:00:00,156,56,100,F11MO
40,Molenlei 59,2020-12-09,11:00:00,192,76,116,F11MO
40,Molenlei 59,2020-12-09,12:00:00,178,62,116,F11MO
40,Molenlei 59,2020-12-09,13:00:00,160,66,94,F11MO
40,Molenlei 59,2020-12-09,14:00:00,138,64,74,F11MO
40,Molenlei 59,2020-12-09,15:00:00,144,72,72,F11MO
40,Molenlei 59,2020-12-09,16:00:00,192,86,106,F11MO
40,Molenlei 59,2020-12-09,17:00:00,162,72,90,F11MO
40,Molenlei 59,2020-12-09,18:00:00,76,34,42,F11MO
40,Molenlei 59,2020-12-09,19:00:00,54,32,22,F11MO
40,Molenlei 59,2020-12-09,20:00:00,28,14,14,F11MO
40,Molenlei 59,2020-12-09,21:00:00,22,12,10,F11MO
40,Molenlei 59,2020-12-09,22:00:00,34,2,32,F11MO
40,Molenlei 59,2020-12-09,23:00:00,14,6,8,F11MO
40,Molenlei 59,2020-12-10,00:00:00,0,0,0,F11MO
40,Molenlei 59,2020-12-10,01:00:00,0,0,0,F11MO
40,Molenlei 59,2020-12-10,02:00:00,2,0,2,F11MO
40,Molenlei 59,2020-12-10,03:00:00,2,2,0,F11MO
40,Molenlei 59,2020-12-10,04:00:00,6,6,0,F11MO
40,Molenlei 59,2020-12-10,05:00:00,14,6,8,F11MO
40,Molenlei 59,2020-12-10,06:00:00,56,38,18,F11MO
40,Molenlei 59,2020-12-10,07:00:00,244,152,92,F11MO
40,Molenlei 59,2020-12-10,08:00:00,284,178,106,F11MO
40,Molenlei 59,2020-12-10,09:00:00,92,46,46,F11MO
40,Molenlei 59,2020-12-10,10:00:00,154,54,100,F11MO
40,Molenlei 59,2020-12-10,11:00:00,124,56,68,F11MO
40,Molenlei 59,2020-12-10,12:00:00,140,86,54,F11MO
40,Molenlei 59,2020-12-10,13:00:00,140,78,62,F11MO
40,Molenlei 59,2020-12-10,14:00:00,210,112,98,F11MO
40,Molenlei 59,2020-12-10,15:00:00,308,132,176,F11MO
40,Molenlei 59,2020-12-10,16:00:00,260,94,166,F11MO
40,Molenlei 59,2020-12-10,17:00:00,146,52,94,F11MO
40,Molenlei 59,2020-12-10,18:00:00,94,40,54,F11MO
40,Molenlei 59,2020-12-10,19:00:00,52,20,32,F11MO
40,Molenlei 59,2020-12-10,20:00:00,36,18,18,F11MO
40,Molenlei 59,2020-12-10,21:00:00,18,8,10,F11MO
40,Molenlei 59,2020-12-10,22:00:00,22,6,16,F11MO
40,Molenlei 59,2020-12-10,23:00:00,0,0,0,F11MO
40,Molenlei 59,2020-12-11,00:00:00,2,0,2,F11MO
40,Molenlei 59,2020-12-11,01:00:00,0,0,0,F11MO
40,Molenlei 59,2020-12-11,02:00:00,2,0,2,F11MO
40,Molenlei 59,2020-12-11,03:00:00,0,0,0,F11MO
40,Molenlei 59,2020-12-11,04:00:00,8,8,0,F11MO
40,Molenlei 59,2020-12-11,05:00:00,10,4,6,F11MO
40,Molenlei 59,2020-12-11,06:00:00,50,34,16,F11MO
40,Molenlei 59,2020-12-11,07:00:00,182,84,98,F11MO
40,Molenlei 59,2020-12-11,08:00:00,200,144,56,F11MO
40,Molenlei 59,2020-12-11,09:00:00,54,24,30,F11MO
40,Molenlei 59,2020-12-11,10:00:00,88,40,48,F11MO
40,Molenlei 59,2020-12-11,11:00:00,60,38,22,F11MO
40,Molenlei 59,2020-12-11,12:00:00,88,34,54,F11MO
40,Molenlei 59,2020-12-11,13:00:00,58,30,28,F11MO
40,Molenlei 59,2020-12-11,14:00:00,80,34,46,F11MO
40,Molenlei 59,2020-12-11,15:00:00,126,24,102,F11MO
40,Molenlei 59,2020-12-11,16:00:00,126,44,82,F11MO
40,Molenlei 59,2020-12-11,17:00:00,86,36,50,F11MO
40,Molenlei 59,2020-12-11,18:00:00,70,26,44,F11MO
40,Molenlei 59,2020-12-11,19:00:00,72,28,44,F11MO
40,Molenlei 59,2020-12-11,20:00:00,18,8,10,F11MO
40,Molenlei 59,2020-12-11,21:00:00,10,8,2,F11MO
40,Molenlei 59,2020-12-11,22:00:00,18,6,12,F11MO
40,Molenlei 59,2020-12-11,23:00:00,20,12,8,F11MO
40,Molenlei 59,2020-12-12,00:00:00,6,2,4,F11MO
40,Molenlei 59,2020-12-12,01:00:00,2,2,0,F11MO
40,Molenlei 59,2020-12-12,02:00:00,0,0,0,F11MO
40,Molenlei 59,2020-12-12,03:00:00,0,0,0,F11MO
40,Molenlei 59,2020-12-12,04:00:00,6,6,0,F11MO
40,Molenlei 59,2020-12-12,05:00:00,12,6,6,F11MO
40,Molenlei 59,2020-12-12,06:00:00,14,10,4,F11MO
40,Molenlei 59,2020-12-12,07:00:00,8,4,4,F11MO
40,Molenlei 59,2020-12-12,08:00:00,24,8,16,F11MO
40,Molenlei 59,2020-12-12,09:00:00,82,34,48,F11MO
40,Molenlei 59,2020-12-12,10:00:00,56,26,30,F11MO
40,Molenlei 59,2020-12-12,11:00:00,72,38,34,F11MO
40,Molenlei 59,2020-12-12,12:00:00,96,62,34,F11MO
40,Molenlei 59,2020-12-12,13:00:00,132,64,68,F11MO
40,Molenlei 59,2020-12-12,14:00:00,180,78,102,F11MO
40,Molenlei 59,2020-12-12,15:00:00,112,36,76,F11MO
40,Molenlei 59,2020-12-12,16:00:00,108,52,56,F11MO
40,Molenlei 59,2020-12-12,17:00:00,66,34,32,F11MO
40,Molenlei 59,2020-12-12,18:00:00,38,12,26,F11MO
40,Molenlei 59,2020-12-12,19:00:00,28,16,12,F11MO
40,Molenlei 59,2020-12-12,20:00:00,8,2,6,F11MO
40,Molenlei 59,2020-12-12,21:00:00,8,6,2,F11MO
40,Molenlei 59,2020-12-12,22:00:00,10,0,10,F11MO
40,Molenlei 59,2020-12-12,23:00:00,8,8,0,F11MO
40,Molenlei 59,2020-12-13,00:00:00,4,0,4,F11MO
40,Molenlei 59,2020-12-13,01:00:00,2,2,0,F11MO
40,Molenlei 59,2020-12-13,02:00:00,0,0,0,F11MO
40,Molenlei 59,2020-12-13,03:00:00,0,0,0,F11MO
40,Molenlei 59,2020-12-13,04:00:00,2,2,0,F11MO
40,Molenlei 59,2020-12-13,05:00:00,12,10,2,F11MO
40,Molenlei 59,2020-12-13,06:00:00,22,12,10,F11MO
40,Molenlei 59,2020-12-13,07:00:00,22,8,14,F11MO
40,Molenlei 59,2020-12-13,08:00:00,58,16,42,F11MO
40,Molenlei 59,2020-12-13,09:00:00,224,88,136,F11MO
40,Molenlei 59,2020-12-13,10:00:00,346,112,234,F11MO
40,Molenlei 59,2020-12-13,11:00:00,348,182,166,F11MO
40,Molenlei 59,2020-12-13,12:00:00,316,192,124,F11MO
40,Molenlei 59,2020-12-13,13:00:00,244,144,100,F11MO
40,Molenlei 59,2020-12-13,14:00:00,274,122,152,F11MO
40,Molenlei 59,2020-12-13,15:00:00,220,120,100,F11MO
40,Molenlei 59,2020-12-13,16:00:00,118,68,50,F11MO
40,Molenlei 59,2020-12-13,17:00:00,62,32,30,F11MO
40,Molenlei 59,2020-12-13,18:00:00,72,48,24,F11MO
40,Molenlei 59,2020-12-13,19:00:00,8,4,4,F11MO
40,Molenlei 59,2020-12-13,20:00:00,8,6,2,F11MO
40,Molenlei 59,2020-12-13,21:00:00,12,4,8,F11MO
40,Molenlei 59,2020-12-13,22:00:00,8,4,4,F11MO
40,Molenlei 59,2020-12-13,23:00:00,10,2,8,F11MO
40,Molenlei 59,2020-12-14,00:00:00,0,0,0,F11MO
40,Molenlei 59,2020-12-14,01:00:00,0,0,0,F11MO
40,Molenlei 59,2020-12-14,02:00:00,2,0,2,F11MO
40,Molenlei 59,2020-12-14,03:00:00,0,0,0,F11MO
40,Molenlei 59,2020-12-14,04:00:00,2,2,0,F11MO
40,Molenlei 59,2020-12-14,05:00:00,18,12,6,F11MO
40,Molenlei 59,2020-12-14,06:00:00,50,36,14,F11MO
40,Molenlei 59,2020-12-14,07:00:00,196,110,86,F11MO
40,Molenlei 59,2020-12-14,08:00:00,220,158,62,F11MO
40,Molenlei 59,2020-12-14,09:00:00,76,34,42,F11MO
40,Molenlei 59,2020-12-14,10:00:00,120,48,72,F11MO
40,Molenlei 59,2020-12-14,11:00:00,90,30,60,F11MO
40,Molenlei 59,2020-12-14,12:00:00,110,54,56,F11MO
40,Molenlei 59,2020-12-14,13:00:00,144,74,70,F11MO
40,Molenlei 59,2020-12-14,14:00:00,138,60,78,F11MO
40,Molenlei 59,2020-12-14,15:00:00,272,110,162,F11MO
40,Molenlei 59,2020-12-14,16:00:00,234,92,142,F11MO
40,Molenlei 59,2020-12-14,17:00:00,142,40,102,F11MO
40,Molenlei 59,2020-12-14,18:00:00,64,24,40,F11MO
40,Molenlei 59,2020-12-14,19:00:00,30,14,16,F11MO
40,Molenlei 59,2020-12-14,20:00:00,16,8,8,F11MO
40,Molenlei 59,2020-12-14,21:00:00,16,4,12,F11MO
40,Molenlei 59,2020-12-14,22:00:00,20,4,16,F11MO
40,Molenlei 59,2020-12-14,23:00:00,0,0,0,F11MO
40,Molenlei 59,2020-12-15,00:00:00,0,0,0,F11MO
40,Molenlei 59,2020-12-15,01:00:00,0,0,0,F11MO
40,Molenlei 59,2020-12-15,02:00:00,0,0,0,F11MO
40,Molenlei 59,2020-12-15,03:00:00,0,0,0,F11MO
40,Molenlei 59,2020-12-15,04:00:00,8,8,0,F11MO
40,Molenlei 59,2020-12-15,05:00:00,16,10,6,F11MO
40,Molenlei 59,2020-12-15,06:00:00,52,32,20,F11MO
40,Molenlei 59,2020-12-15,07:00:00,198,118,80,F11MO
40,Molenlei 59,2020-12-15,08:00:00,290,188,102,F11MO
40,Molenlei 59,2020-12-15,09:00:00,78,30,48,F11MO
40,Molenlei 59,2020-12-15,10:00:00,148,68,80,F11MO
40,Molenlei 59,2020-12-15,11:00:00,102,46,56,F11MO
40,Molenlei 59,2020-12-15,12:00:00,88,58,30,F11MO
40,Molenlei 59,2020-12-15,13:00:00,74,20,54,F11MO
40,Molenlei 59,2020-12-15,14:00:00,122,66,56,F11MO
40,Molenlei 59,2020-12-15,15:00:00,204,64,140,F11MO
40,Molenlei 59,2020-12-15,16:00:00,226,82,144,F11MO
40,Molenlei 59,2020-12-15,17:00:00,182,76,106,F11MO
40,Molenlei 59,2020-12-15,18:00:00,100,44,56,F11MO
40,Molenlei 59,2020-12-15,19:00:00,58,24,34,F11MO
40,Molenlei 59,2020-12-15,20:00:00,32,18,14,F11MO
40,Molenlei 59,2020-12-15,21:00:00,36,22,14,F11MO
40,Molenlei 59,2020-12-15,22:00:00,34,6,28,F11MO
40,Molenlei 59,2020-12-15,23:00:00,18,14,4,F11MO
40,Molenlei 59,2020-12-16,00:00:00,4,0,4,F11MO
40,Molenlei 59,2020-12-16,01:00:00,0,0,0,F11MO
40,Molenlei 59,2020-12-16,02:00:00,0,0,0,F11MO
40,Molenlei 59,2020-12-16,03:00:00,2,2,0,F11MO
40,Molenlei 59,2020-12-16,04:00:00,8,6,2,F11MO
40,Molenlei 59,2020-12-16,05:00:00,20,16,4,F11MO
40,Molenlei 59,2020-12-16,06:00:00,70,48,22,F11MO
40,Molenlei 59,2020-12-16,07:00:00,208,132,76,F11MO
40,Molenlei 59,2020-12-16,08:00:00,278,180,98,F11MO
40,Molenlei 59,2020-12-16,09:00:00,104,40,64,F11MO
40,Molenlei 59,2020-12-16,10:00:00,174,76,98,F11MO
40,Molenlei 59,2020-12-16,11:00:00,232,90,142,F11MO
40,Molenlei 59,2020-12-16,12:00:00,274,104,170,F11MO
40,Molenlei 59,2020-12-16,13:00:00,332,164,168,F11MO
40,Molenlei 59,2020-12-16,14:00:00,308,136,172,F11MO
40,Molenlei 59,2020-12-16,15:00:00,322,166,156,F11MO
40,Molenlei 59,2020-12-16,16:00:00,252,122,130,F11MO
40,Molenlei 59,2020-12-16,17:00:00,214,76,138,F11MO
40,Molenlei 59,2020-12-16,18:00:00,138,46,92,F11MO
40,Molenlei 59,2020-12-16,19:00:00,62,40,22,F11MO
40,Molenlei 59,2020-12-16,20:00:00,38,20,18,F11MO
40,Molenlei 59,2020-12-16,21:00:00,12,8,4,F11MO
40,Molenlei 59,2020-12-16,22:00:00,24,8,16,F11MO
40,Molenlei 59,2020-12-16,23:00:00,14,14,0,F11MO
40,Molenlei 59,2020-12-17,00:00:00,4,0,4,F11MO
40,Molenlei 59,2020-12-17,01:00:00,0,0,0,F11MO
40,Molenlei 59,2020-12-17,02:00:00,0,0,0,F11MO
40,Molenlei 59,2020-12-17,03:00:00,0,0,0,F11MO
40,Molenlei 59,2020-12-17,04:00:00,6,6,0,F11MO
40,Molenlei 59,2020-12-17,05:00:00,22,12,10,F11MO
40,Molenlei 59,2020-12-17,06:00:00,38,24,14,F11MO
40,Molenlei 59,2020-12-17,07:00:00,182,112,70,F11MO
40,Molenlei 59,2020-12-17,08:00:00,282,178,104,F11MO
40,Molenlei 59,2020-12-17,09:00:00,114,44,70,F11MO
40,Molenlei 59,2020-12-17,10:00:00,102,48,54,F11MO
40,Molenlei 59,2020-12-17,11:00:00,134,62,72,F11MO
40,Molenlei 59,2020-12-17,12:00:00,110,60,50,F11MO
40,Molenlei 59,2020-12-17,13:00:00,200,90,110,F11MO
40,Molenlei 59,2020-12-17,14:00:00,182,88,94,F11MO
40,Molenlei 59,2020-12-17,15:00:00,300,110,190,F11MO
40,Molenlei 59,2020-12-17,16:00:00,280,122,158,F11MO
40,Molenlei 59,2020-12-17,17:00:00,194,68,126,F11MO
40,Molenlei 59,2020-12-17,18:00:00,114,50,64,F11MO
40,Molenlei 59,2020-12-17,19:00:00,80,40,40,F11MO
40,Molenlei 59,2020-12-17,20:00:00,44,20,24,F11MO
40,Molenlei 59,2020-12-17,21:00:00,12,4,8,F11MO
40,Molenlei 59,2020-12-17,22:00:00,30,6,24,F11MO
40,Molenlei 59,2020-12-17,23:00:00,14,10,4,F11MO
40,Molenlei 59,2020-12-18,00:00:00,2,0,2,F11MO
40,Molenlei 59,2020-12-18,01:00:00,0,0,0,F11MO
40,Molenlei 59,2020-12-18,02:00:00,0,0,0,F11MO
40,Molenlei 59,2020-12-18,03:00:00,0,0,0,F11MO
40,Molenlei 59,2020-12-18,04:00:00,0,0,0,F11MO
40,Molenlei 59,2020-12-18,05:00:00,20,18,2,F11MO
40,Molenlei 59,2020-12-18,06:00:00,72,44,28,F11MO
40,Molenlei 59,2020-12-18,07:00:00,162,100,62,F11MO
40,Molenlei 59,2020-12-18,08:00:00,244,156,88,F11MO
40,Molenlei 59,2020-12-18,09:00:00,126,62,64,F11MO
40,Molenlei 59,2020-12-18,10:00:00,184,68,116,F11MO
40,Molenlei 59,2020-12-18,11:00:00,186,80,106,F11MO
40,Molenlei 59,2020-12-18,12:00:00,208,118,90,F11MO
40,Molenlei 59,2020-12-18,13:00:00,250,98,152,F11MO
40,Molenlei 59,2020-12-18,14:00:00,342,148,194,F11MO
40,Molenlei 59,2020-12-18,15:00:00,386,146,240,F11MO
40,Molenlei 59,2020-12-18,16:00:00,242,120,122,F11MO
40,Molenlei 59,2020-12-18,17:00:00,186,78,108,F11MO
40,Molenlei 59,2020-12-18,18:00:00,76,36,40,F11MO
40,Molenlei 59,2020-12-18,19:00:00,84,36,48,F11MO
40,Molenlei 59,2020-12-18,20:00:00,80,26,54,F11MO
40,Molenlei 59,2020-12-18,21:00:00,28,20,8,F11MO
40,Molenlei 59,2020-12-18,22:00:00,32,12,20,F11MO
40,Molenlei 59,2020-12-18,23:00:00,26,16,10,F11MO
40,Molenlei 59,2020-12-19,00:00:00,10,4,6,F11MO
40,Molenlei 59,2020-12-19,01:00:00,0,0,0,F11MO
40,Molenlei 59,2020-12-19,02:00:00,0,0,0,F11MO
40,Molenlei 59,2020-12-19,03:00:00,0,0,0,F11MO
40,Molenlei 59,2020-12-19,04:00:00,2,2,0,F11MO
40,Molenlei 59,2020-12-19,05:00:00,12,6,6,F11MO
40,Molenlei 59,2020-12-19,06:00:00,8,2,6,F11MO
40,Molenlei 59,2020-12-19,07:00:00,28,10,18,F11MO
40,Molenlei 59,2020-12-19,08:00:00,46,16,30,F11MO
40,Molenlei 59,2020-12-19,09:00:00,118,42,76,F11MO
40,Molenlei 59,2020-12-19,10:00:00,166,70,96,F11MO
40,Molenlei 59,2020-12-19,11:00:00,174,102,72,F11MO
40,Molenlei 59,2020-12-19,12:00:00,166,112,54,F11MO
40,Molenlei 59,2020-12-19,13:00:00,146,76,70,F11MO
40,Molenlei 59,2020-12-19,14:00:00,114,58,56,F11MO
40,Molenlei 59,2020-12-19,15:00:00,116,58,58,F11MO
40,Molenlei 59,2020-12-19,16:00:00,138,70,68,F11MO
40,Molenlei 59,2020-12-19,17:00:00,68,38,30,F11MO
40,Molenlei 59,2020-12-19,18:00:00,76,44,32,F11MO
40,Molenlei 59,2020-12-19,19:00:00,28,12,16,F11MO
40,Molenlei 59,2020-12-19,20:00:00,36,14,22,F11MO
40,Molenlei 59,2020-12-19,21:00:00,14,8,6,F11MO
40,Molenlei 59,2020-12-19,22:00:00,20,10,10,F11MO
40,Molenlei 59,2020-12-19,23:00:00,18,10,8,F11MO
40,Molenlei 59,2020-12-20,00:00:00,6,2,4,F11MO
40,Molenlei 59,2020-12-20,01:00:00,0,0,0,F11MO
40,Molenlei 59,2020-12-20,02:00:00,0,0,0,F11MO
40,Molenlei 59,2020-12-20,03:00:00,0,0,0,F11MO
40,Molenlei 59,2020-12-20,04:00:00,2,0,2,F11MO
40,Molenlei 59,2020-12-20,05:00:00,6,6,0,F11MO
40,Molenlei 59,2020-12-20,06:00:00,22,10,12,F11MO
40,Molenlei 59,2020-12-20,07:00:00,16,6,10,F11MO
40,Molenlei 59,2020-12-20,08:00:00,54,24,30,F11MO
40,Molenlei 59,2020-12-20,09:00:00,178,48,130,F11MO
40,Molenlei 59,2020-12-20,10:00:00,252,90,162,F11MO
40,Molenlei 59,2020-12-20,11:00:00,348,184,164,F11MO
40,Molenlei 59,2020-12-20,12:00:00,284,180,104,F11MO
40,Molenlei 59,2020-12-20,13:00:00,240,138,102,F11MO
40,Molenlei 59,2020-12-20,14:00:00,252,112,140,F11MO
40,Molenlei 59,2020-12-20,15:00:00,248,136,112,F11MO
40,Molenlei 59,2020-12-20,16:00:00,178,98,80,F11MO
40,Molenlei 59,2020-12-20,17:00:00,134,68,66,F11MO
40,Molenlei 59,2020-12-20,18:00:00,68,32,36,F11MO
40,Molenlei 59,2020-12-20,19:00:00,86,44,42,F11MO
40,Molenlei 59,2020-12-20,20:00:00,34,14,20,F11MO
40,Molenlei 59,2020-12-20,21:00:00,24,20,4,F11MO
40,Molenlei 59,2020-12-20,22:00:00,14,2,12,F11MO
40,Molenlei 59,2020-12-20,23:00:00,2,0,2,F11MO
40,Molenlei 59,2020-12-21,00:00:00,2,0,2,F11MO
40,Molenlei 59,2020-12-21,01:00:00,2,0,2,F11MO
40,Molenlei 59,2020-12-21,02:00:00,0,0,0,F11MO
40,Molenlei 59,2020-12-21,03:00:00,0,0,0,F11MO
40,Molenlei 59,2020-12-21,04:00:00,6,4,2,F11MO
40,Molenlei 59,2020-12-21,05:00:00,18,10,8,F11MO
40,Molenlei 59,2020-12-21,06:00:00,32,16,16,F11MO
40,Molenlei 59,2020-12-21,07:00:00,92,44,48,F11MO
40,Molenlei 59,2020-12-21,08:00:00,88,46,42,F11MO
40,Molenlei 59,2020-12-21,09:00:00,76,40,36,F11MO
40,Molenlei 59,2020-12-21,10:00:00,56,28,28,F11MO
40,Molenlei 59,2020-12-21,11:00:00,32,14,18,F11MO
40,Molenlei 59,2020-12-21,12:00:00,44,26,18,F11MO
40,Molenlei 59,2020-12-21,13:00:00,66,34,32,F11MO
40,Molenlei 59,2020-12-21,14:00:00,60,26,34,F11MO
40,Molenlei 59,2020-12-21,15:00:00,44,18,26,F11MO
40,Molenlei 59,2020-12-21,16:00:00,82,30,52,F11MO
40,Molenlei 59,2020-12-21,17:00:00,136,44,92,F11MO
40,Molenlei 59,2020-12-21,18:00:00,56,26,30,F11MO
40,Molenlei 59,2020-12-21,19:00:00,36,24,12,F11MO
40,Molenlei 59,2020-12-21,20:00:00,30,8,22,F11MO
40,Molenlei 59,2020-12-21,21:00:00,6,4,2,F11MO
40,Molenlei 59,2020-12-21,22:00:00,18,2,16,F11MO
40,Molenlei 59,2020-12-21,23:00:00,2,2,0,F11MO
40,Molenlei 59,2020-12-22,00:00:00,4,0,4,F11MO
40,Molenlei 59,2020-12-22,01:00:00,0,0,0,F11MO
40,Molenlei 59,2020-12-22,02:00:00,0,0,0,F11MO
40,Molenlei 59,2020-12-22,03:00:00,0,0,0,F11MO
40,Molenlei 59,2020-12-22,04:00:00,2,2,0,F11MO
40,Molenlei 59,2020-12-22,05:00:00,12,4,8,F11MO
40,Molenlei 59,2020-12-22,06:00:00,18,10,8,F11MO
40,Molenlei 59,2020-12-22,07:00:00,70,32,38,F11MO
40,Molenlei 59,2020-12-22,08:00:00,74,36,38,F11MO
40,Molenlei 59,2020-12-22,09:00:00,58,20,38,F11MO
40,Molenlei 59,2020-12-22,10:00:00,102,58,44,F11MO
40,Molenlei 59,2020-12-22,11:00:00,94,48,46,F11MO
40,Molenlei 59,2020-12-22,12:00:00,148,72,76,F11MO
40,Molenlei 59,2020-12-22,13:00:00,178,80,98,F11MO
40,Molenlei 59,2020-12-22,14:00:00,190,82,108,F11MO
40,Molenlei 59,2020-12-22,15:00:00,142,72,70,F11MO
40,Molenlei 59,2020-12-22,16:00:00,156,72,84,F11MO
40,Molenlei 59,2020-12-22,17:00:00,122,62,60,F11MO
40,Molenlei 59,2020-12-22,18:00:00,44,18,26,F11MO
40,Molenlei 59,2020-12-22,19:00:00,44,18,26,F11MO
40,Molenlei 59,2020-12-22,20:00:00,26,8,18,F11MO
40,Molenlei 59,2020-12-22,21:00:00,18,16,2,F11MO
40,Molenlei 59,2020-12-22,22:00:00,16,4,12,F11MO
40,Molenlei 59,2020-12-22,23:00:00,6,4,2,F11MO
40,Molenlei 59,2020-12-23,00:00:00,4,0,4,F11MO
40,Molenlei 59,2020-12-23,01:00:00,0,0,0,F11MO
40,Molenlei 59,2020-12-23,02:00:00,0,0,0,F11MO
40,Molenlei 59,2020-12-23,03:00:00,0,0,0,F11MO
40,Molenlei 59,2020-12-23,04:00:00,8,8,0,F11MO
40,Molenlei 59,2020-12-23,05:00:00,14,6,8,F11MO
40,Molenlei 59,2020-12-23,06:00:00,28,14,14,F11MO
40,Molenlei 59,2020-12-23,07:00:00,78,38,40,F11MO
40,Molenlei 59,2020-12-23,08:00:00,66,34,32,F11MO
40,Molenlei 59,2020-12-23,09:00:00,68,24,44,F11MO
40,Molenlei 59,2020-12-23,10:00:00,50,26,24,F11MO
40,Molenlei 59,2020-12-23,11:00:00,46,26,20,F11MO
40,Molenlei 59,2020-12-23,12:00:00,42,24,18,F11MO
40,Molenlei 59,2020-12-23,13:00:00,62,20,42,F11MO
40,Molenlei 59,2020-12-23,14:00:00,118,46,72,F11MO
40,Molenlei 59,2020-12-23,15:00:00,72,42,30,F11MO
40,Molenlei 59,2020-12-23,16:00:00,100,58,42,F11MO
40,Molenlei 59,2020-12-23,17:00:00,108,42,66,F11MO
40,Molenlei 59,2020-12-23,18:00:00,54,28,26,F11MO
40,Molenlei 59,2020-12-23,19:00:00,42,26,16,F11MO
40,Molenlei 59,2020-12-23,20:00:00,24,8,16,F11MO
40,Molenlei 59,2020-12-23,21:00:00,10,6,4,F11MO
40,Molenlei 59,2020-12-23,22:00:00,14,8,6,F11MO
40,Molenlei 59,2020-12-23,23:00:00,18,12,6,F11MO
40,Molenlei 59,2020-12-24,00:00:00,4,0,4,F11MO
40,Molenlei 59,2020-12-24,01:00:00,0,0,0,F11MO
40,Molenlei 59,2020-12-24,02:00:00,0,0,0,F11MO
40,Molenlei 59,2020-12-24,03:00:00,0,0,0,F11MO
40,Molenlei 59,2020-12-24,04:00:00,4,4,0,F11MO
40,Molenlei 59,2020-12-24,05:00:00,16,8,8,F11MO
40,Molenlei 59,2020-12-24,06:00:00,16,10,6,F11MO
40,Molenlei 59,2020-12-24,07:00:00,46,20,26,F11MO
40,Molenlei 59,2020-12-24,08:00:00,70,22,48,F11MO
40,Molenlei 59,2020-12-24,09:00:00,38,18,20,F11MO
40,Molenlei 59,2020-12-24,10:00:00,84,34,50,F11MO
40,Molenlei 59,2020-12-24,11:00:00,94,50,44,F11MO
40,Molenlei 59,2020-12-24,12:00:00,46,18,28,F11MO
40,Molenlei 59,2020-12-24,13:00:00,130,60,70,F11MO
40,Molenlei 59,2020-12-24,14:00:00,134,48,86,F11MO
40,Molenlei 59,2020-12-24,15:00:00,98,34,64,F11MO
40,Molenlei 59,2020-12-24,16:00:00,100,52,48,F11MO
40,Molenlei 59,2020-12-24,17:00:00,58,28,30,F11MO
40,Molenlei 59,2020-12-24,18:00:00,14,4,10,F11MO
40,Molenlei 59,2020-12-24,19:00:00,12,2,10,F11MO
40,Molenlei 59,2020-12-24,20:00:00,6,2,4,F11MO
40,Molenlei 59,2020-12-24,21:00:00,20,14,6,F11MO
40,Molenlei 59,2020-12-24,22:00:00,10,8,2,F11MO
40,Molenlei 59,2020-12-24,23:00:00,18,16,2,F11MO
40,Molenlei 59,2020-12-25,00:00:00,12,4,8,F11MO
40,Molenlei 59,2020-12-25,01:00:00,0,0,0,F11MO
40,Molenlei 59,2020-12-25,02:00:00,2,0,2,F11MO
40,Molenlei 59,2020-12-25,03:00:00,0,0,0,F11MO
40,Molenlei 59,2020-12-25,04:00:00,0,0,0,F11MO
40,Molenlei 59,2020-12-25,05:00:00,4,2,2,F11MO
40,Molenlei 59,2020-12-25,06:00:00,8,4,4,F11MO
40,Molenlei 59,2020-12-25,07:00:00,4,0,4,F11MO
40,Molenlei 59,2020-12-25,08:00:00,18,10,8,F11MO
40,Molenlei 59,2020-12-25,09:00:00,92,42,50,F11MO
40,Molenlei 59,2020-12-25,10:00:00,120,46,74,F11MO
40,Molenlei 59,2020-12-25,11:00:00,222,94,128,F11MO
40,Molenlei 59,2020-12-25,12:00:00,172,88,84,F11MO
40,Molenlei 59,2020-12-25,13:00:00,200,116,84,F11MO
40,Molenlei 59,2020-12-25,14:00:00,216,116,100,F11MO
40,Molenlei 59,2020-12-25,15:00:00,140,66,74,F11MO
40,Molenlei 59,2020-12-25,16:00:00,112,70,42,F11MO
40,Molenlei 59,2020-12-25,17:00:00,44,24,20,F11MO
40,Molenlei 59,2020-12-25,18:00:00,16,10,6,F11MO
40,Molenlei 59,2020-12-25,19:00:00,18,10,8,F11MO
40,Molenlei 59,2020-12-25,20:00:00,40,20,20,F11MO
40,Molenlei 59,2020-12-25,21:00:00,16,4,12,F11MO
40,Molenlei 59,2020-12-25,22:00:00,10,2,8,F11MO
40,Molenlei 59,2020-12-25,23:00:00,14,6,8,F11MO
40,Molenlei 59,2020-12-26,00:00:00,4,2,2,F11MO
40,Molenlei 59,2020-12-26,01:00:00,0,0,0,F11MO
40,Molenlei 59,2020-12-26,02:00:00,0,0,0,F11MO
40,Molenlei 59,2020-12-26,03:00:00,0,0,0,F11MO
40,Molenlei 59,2020-12-26,04:00:00,2,2,0,F11MO
40,Molenlei 59,2020-12-26,05:00:00,4,2,2,F11MO
40,Molenlei 59,2020-12-26,06:00:00,12,6,6,F11MO
40,Molenlei 59,2020-12-26,07:00:00,28,10,18,F11MO
40,Molenlei 59,2020-12-26,08:00:00,46,18,28,F11MO
40,Molenlei 59,2020-12-26,09:00:00,100,34,66,F11MO
40,Molenlei 59,2020-12-26,10:00:00,162,60,102,F11MO
40,Molenlei 59,2020-12-26,11:00:00,210,102,108,F11MO
40,Molenlei 59,2020-12-26,12:00:00,214,140,74,F11MO
40,Molenlei 59,2020-12-26,13:00:00,178,92,86,F11MO
40,Molenlei 59,2020-12-26,14:00:00,154,82,72,F11MO
40,Molenlei 59,2020-12-26,15:00:00,114,66,48,F11MO
40,Molenlei 59,2020-12-26,16:00:00,114,60,54,F11MO
40,Molenlei 59,2020-12-26,17:00:00,90,52,38,F11MO
40,Molenlei 59,2020-12-26,18:00:00,48,34,14,F11MO
40,Molenlei 59,2020-12-26,19:00:00,36,12,24,F11MO
40,Molenlei 59,2020-12-26,20:00:00,24,6,18,F11MO
40,Molenlei 59,2020-12-26,21:00:00,22,16,6,F11MO
40,Molenlei 59,2020-12-26,22:00:00,14,6,8,F11MO
40,Molenlei 59,2020-12-26,23:00:00,12,10,2,F11MO
40,Molenlei 59,2020-12-27,00:00:00,2,0,2,F11MO
40,Molenlei 59,2020-12-27,01:00:00,2,0,2,F11MO
40,Molenlei 59,2020-12-27,02:00:00,0,0,0,F11MO
40,Molenlei 59,2020-12-27,03:00:00,0,0,0,F11MO
40,Molenlei 59,2020-12-27,04:00:00,0,0,0,F11MO
40,Molenlei 59,2020-12-27,05:00:00,0,0,0,F11MO
40,Molenlei 59,2020-12-27,06:00:00,8,6,2,F11MO
40,Molenlei 59,2020-12-27,07:00:00,6,0,6,F11MO
40,Molenlei 59,2020-12-27,08:00:00,24,8,16,F11MO
40,Molenlei 59,2020-12-27,09:00:00,16,8,8,F11MO
40,Molenlei 59,2020-12-27,10:00:00,38,12,26,F11MO
40,Molenlei 59,2020-12-27,11:00:00,28,12,16,F11MO
40,Molenlei 59,2020-12-27,12:00:00,36,16,20,F11MO
40,Molenlei 59,2020-12-27,13:00:00,14,8,6,F11MO
40,Molenlei 59,2020-12-27,14:00:00,22,4,18,F11MO
40,Molenlei 59,2020-12-27,15:00:00,20,6,14,F11MO
40,Molenlei 59,2020-12-27,16:00:00,20,14,6,F11MO
40,Molenlei 59,2020-12-27,17:00:00,14,6,8,F11MO
40,Molenlei 59,2020-12-27,18:00:00,28,18,10,F11MO
40,Molenlei 59,2020-12-27,19:00:00,28,12,16,F11MO
40,Molenlei 59,2020-12-27,20:00:00,6,0,6,F11MO
40,Molenlei 59,2020-12-27,21:00:00,4,4,0,F11MO
40,Molenlei 59,2020-12-27,22:00:00,6,0,6,F11MO
40,Molenlei 59,2020-12-27,23:00:00,6,0,6,F11MO
40,Molenlei 59,2020-12-28,00:00:00,2,2,0,F11MO
40,Molenlei 59,2020-12-28,01:00:00,0,0,0,F11MO
40,Molenlei 59,2020-12-28,02:00:00,0,0,0,F11MO
40,Molenlei 59,2020-12-28,03:00:00,2,0,2,F11MO
40,Molenlei 59,2020-12-28,04:00:00,4,2,2,F11MO
40,Molenlei 59,2020-12-28,05:00:00,8,6,2,F11MO
40,Molenlei 59,2020-12-28,06:00:00,20,12,8,F11MO
40,Molenlei 59,2020-12-28,07:00:00,52,22,30,F11MO
40,Molenlei 59,2020-12-28,08:00:00,56,28,28,F11MO
40,Molenlei 59,2020-12-28,09:00:00,76,32,44,F11MO
40,Molenlei 59,2020-12-28,10:00:00,108,36,72,F11MO
40,Molenlei 59,2020-12-28,11:00:00,154,70,84,F11MO
40,Molenlei 59,2020-12-28,12:00:00,128,70,58,F11MO
40,Molenlei 59,2020-12-28,13:00:00,108,48,60,F11MO
40,Molenlei 59,2020-12-28,14:00:00,150,58,92,F11MO
40,Molenlei 59,2020-12-28,15:00:00,154,84,70,F11MO
40,Molenlei 59,2020-12-28,16:00:00,180,112,68,F11MO
40,Molenlei 59,2020-12-28,17:00:00,98,46,52,F11MO
40,Molenlei 59,2020-12-28,18:00:00,58,32,26,F11MO
40,Molenlei 59,2020-12-28,19:00:00,26,14,12,F11MO
40,Molenlei 59,2020-12-28,20:00:00,16,12,4,F11MO
40,Molenlei 59,2020-12-28,21:00:00,10,6,4,F11MO
40,Molenlei 59,2020-12-28,22:00:00,6,2,4,F11MO
40,Molenlei 59,2020-12-28,23:00:00,4,2,2,F11MO
40,Molenlei 59,2020-12-29,00:00:00,2,0,2,F11MO
40,Molenlei 59,2020-12-29,01:00:00,0,0,0,F11MO
40,Molenlei 59,2020-12-29,02:00:00,0,0,0,F11MO
40,Molenlei 59,2020-12-29,03:00:00,0,0,0,F11MO
40,Molenlei 59,2020-12-29,04:00:00,4,4,0,F11MO
40,Molenlei 59,2020-12-29,05:00:00,8,2,6,F11MO
40,Molenlei 59,2020-12-29,06:00:00,22,10,12,F11MO
40,Molenlei 59,2020-12-29,07:00:00,46,24,22,F11MO
40,Molenlei 59,2020-12-29,08:00:00,54,22,32,F11MO
40,Molenlei 59,2020-12-29,09:00:00,60,26,34,F11MO
40,Molenlei 59,2020-12-29,10:00:00,112,66,46,F11MO
40,Molenlei 59,2020-12-29,11:00:00,86,42,44,F11MO
40,Molenlei 59,2020-12-29,12:00:00,78,40,38,F11MO
40,Molenlei 59,2020-12-29,13:00:00,114,62,52,F11MO
40,Molenlei 59,2020-12-29,14:00:00,192,88,104,F11MO
40,Molenlei 59,2020-12-29,15:00:00,198,82,116,F11MO
40,Molenlei 59,2020-12-29,16:00:00,196,102,94,F11MO
40,Molenlei 59,2020-12-29,17:00:00,118,64,54,F11MO
40,Molenlei 59,2020-12-29,18:00:00,48,28,20,F11MO
40,Molenlei 59,2020-12-29,19:00:00,30,10,20,F11MO
40,Molenlei 59,2020-12-29,20:00:00,22,8,14,F11MO
40,Molenlei 59,2020-12-29,21:00:00,14,10,4,F11MO
40,Molenlei 59,2020-12-29,22:00:00,18,10,8,F11MO
40,Molenlei 59,2020-12-29,23:00:00,16,12,4,F11MO
40,Molenlei 59,2020-12-30,00:00:00,2,0,2,F11MO
40,Molenlei 59,2020-12-30,01:00:00,0,0,0,F11MO
40,Molenlei 59,2020-12-30,02:00:00,0,0,0,F11MO
40,Molenlei 59,2020-12-30,03:00:00,0,0,0,F11MO
40,Molenlei 59,2020-12-30,04:00:00,2,2,0,F11MO
40,Molenlei 59,2020-12-30,05:00:00,4,0,4,F11MO
40,Molenlei 59,2020-12-30,06:00:00,28,22,6,F11MO
40,Molenlei 59,2020-12-30,07:00:00,62,20,42,F11MO
40,Molenlei 59,2020-12-30,08:00:00,60,28,32,F11MO
40,Molenlei 59,2020-12-30,09:00:00,70,24,46,F11MO
40,Molenlei 59,2020-12-30,10:00:00,86,36,50,F11MO
40,Molenlei 59,2020-12-30,11:00:00,128,54,74,F11MO
40,Molenlei 59,2020-12-30,12:00:00,164,86,78,F11MO
40,Molenlei 59,2020-12-30,13:00:00,124,72,52,F11MO
40,Molenlei 59,2020-12-30,14:00:00,174,92,82,F11MO
40,Molenlei 59,2020-12-30,15:00:00,168,86,82,F11MO
40,Molenlei 59,2020-12-30,16:00:00,188,98,90,F11MO
40,Molenlei 59,2020-12-30,17:00:00,130,80,50,F11MO
40,Molenlei 59,2020-12-30,18:00:00,86,44,42,F11MO
40,Molenlei 59,2020-12-30,19:00:00,30,20,10,F11MO
40,Molenlei 59,2020-12-30,20:00:00,26,14,12,F11MO
40,Molenlei 59,2020-12-30,21:00:00,6,2,4,F11MO
40,Molenlei 59,2020-12-30,22:00:00,0,0,0,F11MO
40,Molenlei 59,2020-12-30,23:00:00,16,6,10,F11MO
40,Molenlei 59,2020-12-31,00:00:00,2,0,2,F11MO
40,Molenlei 59,2020-12-31,01:00:00,0,0,0,F11MO
40,Molenlei 59,2020-12-31,02:00:00,0,0,0,F11MO
40,Molenlei 59,2020-12-31,03:00:00,0,0,0,F11MO
40,Molenlei 59,2020-12-31,04:00:00,4,2,2,F11MO
40,Molenlei 59,2020-12-31,05:00:00,4,0,4,F11MO
40,Molenlei 59,2020-12-31,06:00:00,14,8,6,F11MO
40,Molenlei 59,2020-12-31,07:00:00,34,18,16,F11MO
40,Molenlei 59,2020-12-31,08:00:00,32,6,26,F11MO
40,Molenlei 59,2020-12-31,09:00:00,48,16,32,F11MO
40,Molenlei 59,2020-12-31,10:00:00,56,30,26,F11MO
40,Molenlei 59,2020-12-31,11:00:00,106,56,50,F11MO
40,Molenlei 59,2020-12-31,12:00:00,116,48,68,F11MO
40,Molenlei 59,2020-12-31,13:00:00,148,76,72,F11MO
40,Molenlei 59,2020-12-31,14:00:00,136,72,64,F11MO
40,Molenlei 59,2020-12-31,15:00:00,158,86,72,F11MO
40,Molenlei 59,2020-12-31,16:00:00,120,56,64,F11MO
40,Molenlei 59,2020-12-31,17:00:00,90,52,38,F11MO
40,Molenlei 59,2020-12-31,18:00:00,40,20,20,F11MO
40,Molenlei 59,2020-12-31,19:00:00,28,14,14,F11MO
40,Molenlei 59,2020-12-31,20:00:00,14,8,6,F11MO
40,Molenlei 59,2020-12-31,21:00:00,2,2,0,F11MO
40,Molenlei 59,2020-12-31,22:00:00,8,4,4,F11MO
40,Molenlei 59,2020-12-31,23:00:00,18,8,10,F11MO
40,Molenlei 59,2021-01-01,00:00:00,4,0,4,F11MO
40,Molenlei 59,2021-01-01,01:00:00,0,0,0,F11MO
40,Molenlei 59,2021-01-01,02:00:00,2,2,0,F11MO
40,Molenlei 59,2021-01-01,03:00:00,0,0,0,F11MO
40,Molenlei 59,2021-01-01,04:00:00,0,0,0,F11MO
40,Molenlei 59,2021-01-01,05:00:00,8,4,4,F11MO
40,Molenlei 59,2021-01-01,06:00:00,10,2,8,F11MO
40,Molenlei 59,2021-01-01,07:00:00,2,2,0,F11MO
40,Molenlei 59,2021-01-01,08:00:00,14,6,8,F11MO
40,Molenlei 59,2021-01-01,09:00:00,40,16,24,F11MO
40,Molenlei 59,2021-01-01,10:00:00,80,36,44,F11MO
40,Molenlei 59,2021-01-01,11:00:00,110,60,50,F11MO
40,Molenlei 59,2021-01-01,12:00:00,114,58,56,F11MO
40,Molenlei 59,2021-01-01,13:00:00,170,80,90,F11MO
40,Molenlei 59,2021-01-01,14:00:00,234,120,114,F11MO
40,Molenlei 59,2021-01-01,15:00:00,200,90,110,F11MO
40,Molenlei 59,2021-01-01,16:00:00,132,96,36,F11MO
40,Molenlei 59,2021-01-01,17:00:00,34,22,12,F11MO
40,Molenlei 59,2021-01-01,18:00:00,28,12,16,F11MO
40,Molenlei 59,2021-01-01,19:00:00,24,14,10,F11MO
40,Molenlei 59,2021-01-01,20:00:00,24,16,8,F11MO
40,Molenlei 59,2021-01-01,21:00:00,8,4,4,F11MO
40,Molenlei 59,2021-01-01,22:00:00,2,0,2,F11MO
40,Molenlei 59,2021-01-01,23:00:00,4,2,2,F11MO
40,Molenlei 59,2021-01-02,00:00:00,2,2,0,F11MO
40,Molenlei 59,2021-01-02,01:00:00,0,0,0,F11MO
40,Molenlei 59,2021-01-02,02:00:00,0,0,0,F11MO
40,Molenlei 59,2021-01-02,03:00:00,0,0,0,F11MO
40,Molenlei 59,2021-01-02,04:00:00,2,2,0,F11MO
40,Molenlei 59,2021-01-02,05:00:00,6,4,2,F11MO
40,Molenlei 59,2021-01-02,06:00:00,8,4,4,F11MO
40,Molenlei 59,2021-01-02,07:00:00,18,6,12,F11MO
40,Molenlei 59,2021-01-02,08:00:00,22,12,10,F11MO
40,Molenlei 59,2021-01-02,09:00:00,46,22,24,F11MO
40,Molenlei 59,2021-01-02,10:00:00,74,24,50,F11MO
40,Molenlei 59,2021-01-02,11:00:00,110,52,58,F11MO
40,Molenlei 59,2021-01-02,12:00:00,144,88,56,F11MO
40,Molenlei 59,2021-01-02,13:00:00,134,76,58,F11MO
40,Molenlei 59,2021-01-02,14:00:00,238,124,114,F11MO
40,Molenlei 59,2021-01-02,15:00:00,244,130,114,F11MO
40,Molenlei 59,2021-01-02,16:00:00,138,82,56,F11MO
40,Molenlei 59,2021-01-02,17:00:00,46,24,22,F11MO
40,Molenlei 59,2021-01-02,18:00:00,50,30,20,F11MO
40,Molenlei 59,2021-01-02,19:00:00,40,24,16,F11MO
40,Molenlei 59,2021-01-02,20:00:00,24,8,16,F11MO
40,Molenlei 59,2021-01-02,21:00:00,12,2,10,F11MO
40,Molenlei 59,2021-01-02,22:00:00,8,2,6,F11MO
40,Molenlei 59,2021-01-02,23:00:00,8,2,6,F11MO
40,Molenlei 59,2021-01-03,00:00:00,2,0,2,F11MO
40,Molenlei 59,2021-01-03,01:00:00,0,0,0,F11MO
40,Molenlei 59,2021-01-03,02:00:00,2,2,0,F11MO
40,Molenlei 59,2021-01-03,03:00:00,0,0,0,F11MO
40,Molenlei 59,2021-01-03,04:00:00,2,2,0,F11MO
40,Molenlei 59,2021-01-03,05:00:00,2,2,0,F11MO
40,Molenlei 59,2021-01-03,06:00:00,14,8,6,F11MO
40,Molenlei 59,2021-01-03,07:00:00,14,4,10,F11MO
40,Molenlei 59,2021-01-03,08:00:00,62,18,44,F11MO
40,Molenlei 59,2021-01-03,09:00:00,134,44,90,F11MO
40,Molenlei 59,2021-01-03,10:00:00,146,76,70,F11MO
40,Molenlei 59,2021-01-03,11:00:00,186,96,90,F11MO
40,Molenlei 59,2021-01-03,12:00:00,144,100,44,F11MO
40,Molenlei 59,2021-01-03,13:00:00,162,82,80,F11MO
40,Molenlei 59,2021-01-03,14:00:00,164,68,96,F11MO
40,Molenlei 59,2021-01-03,15:00:00,104,60,44,F11MO
40,Molenlei 59,2021-01-03,16:00:00,88,32,56,F11MO
40,Molenlei 59,2021-01-03,17:00:00,44,18,26,F11MO
40,Molenlei 59,2021-01-03,18:00:00,32,18,14,F11MO
40,Molenlei 59,2021-01-03,19:00:00,32,14,18,F11MO
40,Molenlei 59,2021-01-03,20:00:00,10,4,6,F11MO
40,Molenlei 59,2021-01-03,21:00:00,14,8,6,F11MO
40,Molenlei 59,2021-01-03,22:00:00,6,0,6,F11MO
40,Molenlei 59,2021-01-03,23:00:00,6,6,0,F11MO
40,Molenlei 59,2021-01-04,00:00:00,2,2,0,F11MO
40,Molenlei 59,2021-01-04,01:00:00,0,0,0,F11MO
40,Molenlei 59,2021-01-04,02:00:00,0,0,0,F11MO
40,Molenlei 59,2021-01-04,03:00:00,0,0,0,F11MO
40,Molenlei 59,2021-01-04,04:00:00,4,4,0,F11MO
40,Molenlei 59,2021-01-04,05:00:00,22,16,6,F11MO
40,Molenlei 59,2021-01-04,06:00:00,42,26,16,F11MO
40,Molenlei 59,2021-01-04,07:00:00,232,146,86,F11MO
40,Molenlei 59,2021-01-04,08:00:00,232,148,84,F11MO
40,Molenlei 59,2021-01-04,09:00:00,54,26,28,F11MO
40,Molenlei 59,2021-01-04,10:00:00,94,32,62,F11MO
40,Molenlei 59,2021-01-04,11:00:00,74,38,36,F11MO
40,Molenlei 59,2021-01-04,12:00:00,82,54,28,F11MO
40,Molenlei 59,2021-01-04,13:00:00,80,40,40,F11MO
40,Molenlei 59,2021-01-04,14:00:00,94,34,60,F11MO
40,Molenlei 59,2021-01-04,15:00:00,180,48,132,F11MO
40,Molenlei 59,2021-01-04,16:00:00,244,94,150,F11MO
40,Molenlei 59,2021-01-04,17:00:00,172,46,126,F11MO
40,Molenlei 59,2021-01-04,18:00:00,58,24,34,F11MO
40,Molenlei 59,2021-01-04,19:00:00,36,10,26,F11MO
40,Molenlei 59,2021-01-04,20:00:00,18,6,12,F11MO
40,Molenlei 59,2021-01-04,21:00:00,10,8,2,F11MO
40,Molenlei 59,2021-01-04,22:00:00,20,2,18,F11MO
40,Molenlei 59,2021-01-04,23:00:00,2,0,2,F11MO
40,Molenlei 59,2021-01-05,00:00:00,0,0,0,F11MO
40,Molenlei 59,2021-01-05,01:00:00,0,0,0,F11MO
40,Molenlei 59,2021-01-05,02:00:00,0,0,0,F11MO
40,Molenlei 59,2021-01-05,03:00:00,0,0,0,F11MO
40,Molenlei 59,2021-01-05,04:00:00,2,2,0,F11MO
40,Molenlei 59,2021-01-05,05:00:00,34,26,8,F11MO
40,Molenlei 59,2021-01-05,06:00:00,64,40,24,F11MO
40,Molenlei 59,2021-01-05,07:00:00,232,156,76,F11MO
40,Molenlei 59,2021-01-05,08:00:00,258,148,110,F11MO
40,Molenlei 59,2021-01-05,09:00:00,88,44,44,F11MO
40,Molenlei 59,2021-01-05,10:00:00,86,38,48,F11MO
40,Molenlei 59,2021-01-05,11:00:00,80,40,40,F11MO
40,Molenlei 59,2021-01-05,12:00:00,100,58,42,F11MO
40,Molenlei 59,2021-01-05,13:00:00,90,42,48,F11MO
40,Molenlei 59,2021-01-05,14:00:00,130,56,74,F11MO
40,Molenlei 59,2021-01-05,15:00:00,190,52,138,F11MO
40,Molenlei 59,2021-01-05,16:00:00,282,108,174,F11MO
40,Molenlei 59,2021-01-05,17:00:00,218,84,134,F11MO
40,Molenlei 59,2021-01-05,18:00:00,88,46,42,F11MO
40,Molenlei 59,2021-01-05,19:00:00,34,20,14,F11MO
40,Molenlei 59,2021-01-05,20:00:00,28,10,18,F11MO
40,Molenlei 59,2021-01-05,21:00:00,18,14,4,F11MO
40,Molenlei 59,2021-01-05,22:00:00,26,2,24,F11MO
40,Molenlei 59,2021-01-05,23:00:00,4,0,4,F11MO
40,Molenlei 59,2021-01-06,00:00:00,2,0,2,F11MO
40,Molenlei 59,2021-01-06,01:00:00,0,0,0,F11MO
40,Molenlei 59,2021-01-06,02:00:00,0,0,0,F11MO
40,Molenlei 59,2021-01-06,03:00:00,2,2,0,F11MO
40,Molenlei 59,2021-01-06,04:00:00,6,6,0,F11MO
40,Molenlei 59,2021-01-06,05:00:00,22,14,8,F11MO
40,Molenlei 59,2021-01-06,06:00:00,54,36,18,F11MO
40,Molenlei 59,2021-01-06,07:00:00,192,114,78,F11MO
40,Molenlei 59,2021-01-06,08:00:00,240,146,94,F11MO
40,Molenlei 59,2021-01-06,09:00:00,52,30,22,F11MO
40,Molenlei 59,2021-01-06,10:00:00,108,42,66,F11MO
40,Molenlei 59,2021-01-06,11:00:00,160,54,106,F11MO
40,Molenlei 59,2021-01-06,12:00:00,184,86,98,F11MO
40,Molenlei 59,2021-01-06,13:00:00,164,72,92,F11MO
40,Molenlei 59,2021-01-06,14:00:00,140,76,64,F11MO
40,Molenlei 59,2021-01-06,15:00:00,170,76,94,F11MO
40,Molenlei 59,2021-01-06,16:00:00,198,82,116,F11MO
40,Molenlei 59,2021-01-06,17:00:00,160,62,98,F11MO
40,Molenlei 59,2021-01-06,18:00:00,76,32,44,F11MO
40,Molenlei 59,2021-01-06,19:00:00,58,20,38,F11MO
40,Molenlei 59,2021-01-06,20:00:00,20,14,6,F11MO
40,Molenlei 59,2021-01-06,21:00:00,12,10,2,F11MO
40,Molenlei 59,2021-01-06,22:00:00,30,6,24,F11MO
40,Molenlei 59,2021-01-06,23:00:00,14,2,12,F11MO
40,Molenlei 59,2021-01-07,00:00:00,0,0,0,F11MO
40,Molenlei 59,2021-01-07,01:00:00,0,0,0,F11MO
40,Molenlei 59,2021-01-07,02:00:00,0,0,0,F11MO
40,Molenlei 59,2021-01-07,03:00:00,0,0,0,F11MO
40,Molenlei 59,2021-01-07,04:00:00,2,2,0,F11MO
40,Molenlei 59,2021-01-07,05:00:00,10,8,2,F11MO
40,Molenlei 59,2021-01-07,06:00:00,40,26,14,F11MO
40,Molenlei 59,2021-01-07,07:00:00,170,96,74,F11MO
40,Molenlei 59,2021-01-07,08:00:00,228,148,80,F11MO
40,Molenlei 59,2021-01-07,09:00:00,34,16,18,F11MO
40,Molenlei 59,2021-01-07,10:00:00,30,14,16,F11MO
40,Molenlei 59,2021-01-07,11:00:00,42,18,24,F11MO
40,Molenlei 59,2021-01-07,12:00:00,72,40,32,F11MO
40,Molenlei 59,2021-01-07,13:00:00,130,62,68,F11MO
40,Molenlei 59,2021-01-07,14:00:00,134,52,82,F11MO
40,Molenlei 59,2021-01-07,15:00:00,142,42,100,F11MO
40,Molenlei 59,2021-01-07,16:00:00,164,64,100,F11MO
40,Molenlei 59,2021-01-07,17:00:00,122,42,80,F11MO
40,Molenlei 59,2021-01-07,18:00:00,78,40,38,F11MO
40,Molenlei 59,2021-01-07,19:00:00,34,18,16,F11MO
40,Molenlei 59,2021-01-07,20:00:00,14,12,2,F11MO
40,Molenlei 59,2021-01-07,21:00:00,6,4,2,F11MO
40,Molenlei 59,2021-01-07,22:00:00,26,4,22,F11MO
40,Molenlei 59,2021-01-07,23:00:00,4,2,2,F11MO
40,Molenlei 59,2021-01-08,00:00:00,2,0,2,F11MO
40,Molenlei 59,2021-01-08,01:00:00,0,0,0,F11MO
40,Molenlei 59,2021-01-08,02:00:00,0,0,0,F11MO
40,Molenlei 59,2021-01-08,03:00:00,0,0,0,F11MO
40,Molenlei 59,2021-01-08,04:00:00,2,2,0,F11MO
40,Molenlei 59,2021-01-08,05:00:00,8,8,0,F11MO
40,Molenlei 59,2021-01-08,06:00:00,50,28,22,F11MO
40,Molenlei 59,2021-01-08,07:00:00,134,78,56,F11MO
40,Molenlei 59,2021-01-08,08:00:00,254,134,120,F11MO
40,Molenlei 59,2021-01-08,09:00:00,80,42,38,F11MO
40,Molenlei 59,2021-01-08,10:00:00,52,14,38,F11MO
40,Molenlei 59,2021-01-08,11:00:00,72,40,32,F11MO
40,Molenlei 59,2021-01-08,12:00:00,60,28,32,F11MO
40,Molenlei 59,2021-01-08,13:00:00,114,48,66,F11MO
40,Molenlei 59,2021-01-08,14:00:00,118,48,70,F11MO
40,Molenlei 59,2021-01-08,15:00:00,182,58,124,F11MO
40,Molenlei 59,2021-01-08,16:00:00,210,92,118,F11MO
40,Molenlei 59,2021-01-08,17:00:00,152,76,76,F11MO
40,Molenlei 59,2021-01-08,18:00:00,78,42,36,F11MO
40,Molenlei 59,2021-01-08,19:00:00,32,14,18,F11MO
40,Molenlei 59,2021-01-08,20:00:00,38,14,24,F11MO
40,Molenlei 59,2021-01-08,21:00:00,24,4,20,F11MO
40,Molenlei 59,2021-01-08,22:00:00,20,10,10,F11MO
40,Molenlei 59,2021-01-08,23:00:00,14,8,6,F11MO
40,Molenlei 59,2021-01-09,00:00:00,12,8,4,F11MO
40,Molenlei 59,2021-01-09,01:00:00,2,2,0,F11MO
40,Molenlei 59,2021-01-09,02:00:00,0,0,0,F11MO
40,Molenlei 59,2021-01-09,03:00:00,0,0,0,F11MO
40,Molenlei 59,2021-01-09,04:00:00,2,2,0,F11MO
40,Molenlei 59,2021-01-09,05:00:00,14,10,4,F11MO
40,Molenlei 59,2021-01-09,06:00:00,6,2,4,F11MO
40,Molenlei 59,2021-01-09,07:00:00,6,4,2,F11MO
40,Molenlei 59,2021-01-09,08:00:00,44,18,26,F11MO
40,Molenlei 59,2021-01-09,09:00:00,74,20,54,F11MO
40,Molenlei 59,2021-01-09,10:00:00,62,24,38,F11MO
40,Molenlei 59,2021-01-09,11:00:00,88,46,42,F11MO
40,Molenlei 59,2021-01-09,12:00:00,126,78,48,F11MO
40,Molenlei 59,2021-01-09,13:00:00,212,96,116,F11MO
40,Molenlei 59,2021-01-09,14:00:00,238,118,120,F11MO
40,Molenlei 59,2021-01-09,15:00:00,258,138,120,F11MO
40,Molenlei 59,2021-01-09,16:00:00,182,102,80,F11MO
40,Molenlei 59,2021-01-09,17:00:00,82,44,38,F11MO
40,Molenlei 59,2021-01-09,18:00:00,54,38,16,F11MO
40,Molenlei 59,2021-01-09,19:00:00,28,12,16,F11MO
40,Molenlei 59,2021-01-09,20:00:00,14,6,8,F11MO
40,Molenlei 59,2021-01-09,21:00:00,14,12,2,F11MO
40,Molenlei 59,2021-01-09,22:00:00,4,2,2,F11MO
40,Molenlei 59,2021-01-09,23:00:00,14,4,10,F11MO
40,Molenlei 59,2021-01-10,00:00:00,4,4,0,F11MO
40,Molenlei 59,2021-01-10,01:00:00,0,0,0,F11MO
40,Molenlei 59,2021-01-10,02:00:00,0,0,0,F11MO
40,Molenlei 59,2021-01-10,03:00:00,0,0,0,F11MO
40,Molenlei 59,2021-01-10,04:00:00,0,0,0,F11MO
40,Molenlei 59,2021-01-10,05:00:00,6,6,0,F11MO
40,Molenlei 59,2021-01-10,06:00:00,2,0,2,F11MO
40,Molenlei 59,2021-01-10,07:00:00,12,4,8,F11MO
40,Molenlei 59,2021-01-10,08:00:00,44,18,26,F11MO
40,Molenlei 59,2021-01-10,09:00:00,94,32,62,F11MO
40,Molenlei 59,2021-01-10,10:00:00,110,46,64,F11MO
40,Molenlei 59,2021-01-10,11:00:00,166,76,90,F11MO
40,Molenlei 59,2021-01-10,12:00:00,180,90,90,F11MO
40,Molenlei 59,2021-01-10,13:00:00,236,106,130,F11MO
40,Molenlei 59,2021-01-10,14:00:00,250,132,118,F11MO
40,Molenlei 59,2021-01-10,15:00:00,224,138,86,F11MO
40,Molenlei 59,2021-01-10,16:00:00,162,110,52,F11MO
40,Molenlei 59,2021-01-10,17:00:00,96,50,46,F11MO
40,Molenlei 59,2021-01-10,18:00:00,42,24,18,F11MO
40,Molenlei 59,2021-01-10,19:00:00,22,10,12,F11MO
40,Molenlei 59,2021-01-10,20:00:00,10,4,6,F11MO
40,Molenlei 59,2021-01-10,21:00:00,14,8,6,F11MO
40,Molenlei 59,2021-01-10,22:00:00,2,2,0,F11MO
40,Molenlei 59,2021-01-10,23:00:00,8,4,4,F11MO
40,Molenlei 59,2021-01-11,00:00:00,0,0,0,F11MO
40,Molenlei 59,2021-01-11,01:00:00,0,0,0,F11MO
40,Molenlei 59,2021-01-11,02:00:00,0,0,0,F11MO
40,Molenlei 59,2021-01-11,03:00:00,2,2,0,F11MO
40,Molenlei 59,2021-01-11,04:00:00,4,4,0,F11MO
40,Molenlei 59,2021-01-11,05:00:00,28,22,6,F11MO
40,Molenlei 59,2021-01-11,06:00:00,76,50,26,F11MO
40,Molenlei 59,2021-01-11,07:00:00,248,150,98,F11MO
40,Molenlei 59,2021-01-11,08:00:00,252,168,84,F11MO
40,Molenlei 59,2021-01-11,09:00:00,82,48,34,F11MO
40,Molenlei 59,2021-01-11,10:00:00,100,34,66,F11MO
40,Molenlei 59,2021-01-11,11:00:00,110,52,58,F11MO
40,Molenlei 59,2021-01-11,12:00:00,120,64,56,F11MO
40,Molenlei 59,2021-01-11,13:00:00,108,54,54,F11MO
40,Molenlei 59,2021-01-11,14:00:00,132,64,68,F11MO
40,Molenlei 59,2021-01-11,15:00:00,246,78,168,F11MO
40,Molenlei 59,2021-01-11,16:00:00,304,120,184,F11MO
40,Molenlei 59,2021-01-11,17:00:00,200,56,144,F11MO
40,Molenlei 59,2021-01-11,18:00:00,108,42,66,F11MO
40,Molenlei 59,2021-01-11,19:00:00,58,24,34,F11MO
40,Molenlei 59,2021-01-11,20:00:00,36,16,20,F11MO
40,Molenlei 59,2021-01-11,21:00:00,16,10,6,F11MO
40,Molenlei 59,2021-01-11,22:00:00,34,6,28,F11MO
40,Molenlei 59,2021-01-11,23:00:00,6,0,6,F11MO
40,Molenlei 59,2021-01-12,00:00:00,0,0,0,F11MO
40,Molenlei 59,2021-01-12,01:00:00,0,0,0,F11MO
40,Molenlei 59,2021-01-12,02:00:00,0,0,0,F11MO
40,Molenlei 59,2021-01-12,03:00:00,0,0,0,F11MO
40,Molenlei 59,2021-01-12,04:00:00,6,6,0,F11MO
40,Molenlei 59,2021-01-12,05:00:00,12,10,2,F11MO
40,Molenlei 59,2021-01-12,06:00:00,46,18,28,F11MO
40,Molenlei 59,2021-01-12,07:00:00,134,78,56,F11MO
40,Molenlei 59,2021-01-12,08:00:00,190,126,64,F11MO
40,Molenlei 59,2021-01-12,09:00:00,42,28,14,F11MO
40,Molenlei 59,2021-01-12,10:00:00,24,18,6,F11MO
40,Molenlei 59,2021-01-12,11:00:00,30,16,14,F11MO
40,Molenlei 59,2021-01-12,12:00:00,84,36,48,F11MO
40,Molenlei 59,2021-01-12,13:00:00,90,44,46,F11MO
40,Molenlei 59,2021-01-12,14:00:00,130,58,72,F11MO
40,Molenlei 59,2021-01-12,15:00:00,180,84,96,F11MO
40,Molenlei 59,2021-01-12,16:00:00,212,90,122,F11MO
40,Molenlei 59,2021-01-12,17:00:00,166,62,104,F11MO
40,Molenlei 59,2021-01-12,18:00:00,84,38,46,F11MO
40,Molenlei 59,2021-01-12,19:00:00,26,10,16,F11MO
40,Molenlei 59,2021-01-12,20:00:00,26,10,16,F11MO
40,Molenlei 59,2021-01-12,21:00:00,30,24,6,F11MO
40,Molenlei 59,2021-01-12,22:00:00,36,8,28,F11MO
40,Molenlei 59,2021-01-12,23:00:00,10,6,4,F11MO
40,Molenlei 59,2021-01-13,00:00:00,0,0,0,F11MO
40,Molenlei 59,2021-01-13,01:00:00,0,0,0,F11MO
40,Molenlei 59,2021-01-13,02:00:00,2,0,2,F11MO
40,Molenlei 59,2021-01-13,03:00:00,2,2,0,F11MO
40,Molenlei 59,2021-01-13,04:00:00,8,8,0,F11MO
40,Molenlei 59,2021-01-13,05:00:00,18,16,2,F11MO
40,Molenlei 59,2021-01-13,06:00:00,72,42,30,F11MO
40,Molenlei 59,2021-01-13,07:00:00,208,112,96,F11MO
40,Molenlei 59,2021-01-13,08:00:00,230,152,78,F11MO
40,Molenlei 59,2021-01-13,09:00:00,94,52,42,F11MO
40,Molenlei 59,2021-01-13,10:00:00,102,58,44,F11MO
40,Molenlei 59,2021-01-13,11:00:00,196,76,120,F11MO
40,Molenlei 59,2021-01-13,12:00:00,216,88,128,F11MO
40,Molenlei 59,2021-01-13,13:00:00,238,108,130,F11MO
40,Molenlei 59,2021-01-13,14:00:00,230,102,128,F11MO
40,Molenlei 59,2021-01-13,15:00:00,214,108,106,F11MO
40,Molenlei 59,2021-01-13,16:00:00,202,90,112,F11MO
40,Molenlei 59,2021-01-13,17:00:00,170,68,102,F11MO
40,Molenlei 59,2021-01-13,18:00:00,90,34,56,F11MO
40,Molenlei 59,2021-01-13,19:00:00,84,34,50,F11MO
40,Molenlei 59,2021-01-13,20:00:00,24,10,14,F11MO
40,Molenlei 59,2021-01-13,21:00:00,34,20,14,F11MO
40,Molenlei 59,2021-01-13,22:00:00,24,10,14,F11MO
40,Molenlei 59,2021-01-13,23:00:00,2,0,2,F11MO
40,Molenlei 59,2021-01-14,00:00:00,2,0,2,F11MO
40,Molenlei 59,2021-01-14,01:00:00,0,0,0,F11MO
40,Molenlei 59,2021-01-14,02:00:00,0,0,0,F11MO
40,Molenlei 59,2021-01-14,03:00:00,0,0,0,F11MO
40,Molenlei 59,2021-01-14,04:00:00,4,4,0,F11MO
40,Molenlei 59,2021-01-14,05:00:00,22,16,6,F11MO
40,Molenlei 59,2021-01-14,06:00:00,44,22,22,F11MO
40,Molenlei 59,2021-01-14,07:00:00,138,80,58,F11MO
40,Molenlei 59,2021-01-14,08:00:00,208,134,74,F11MO
40,Molenlei 59,2021-01-14,09:00:00,78,34,44,F11MO
40,Molenlei 59,2021-01-14,10:00:00,42,22,20,F11MO
40,Molenlei 59,2021-01-14,11:00:00,94,34,60,F11MO
40,Molenlei 59,2021-01-14,12:00:00,68,44,24,F11MO
40,Molenlei 59,2021-01-14,13:00:00,66,30,36,F11MO
40,Molenlei 59,2021-01-14,14:00:00,96,46,50,F11MO
40,Molenlei 59,2021-01-14,15:00:00,136,34,102,F11MO
40,Molenlei 59,2021-01-14,16:00:00,194,76,118,F11MO
40,Molenlei 59,2021-01-14,17:00:00,154,60,94,F11MO
40,Molenlei 59,2021-01-14,18:00:00,70,34,36,F11MO
40,Molenlei 59,2021-01-14,19:00:00,38,20,18,F11MO
40,Molenlei 59,2021-01-14,20:00:00,20,6,14,F11MO
40,Molenlei 59,2021-01-14,21:00:00,28,18,10,F11MO
40,Molenlei 59,2021-01-14,22:00:00,24,8,16,F11MO
40,Molenlei 59,2021-01-14,23:00:00,6,2,4,F11MO
40,Molenlei 59,2021-01-15,00:00:00,0,0,0,F11MO
40,Molenlei 59,2021-01-15,01:00:00,0,0,0,F11MO
40,Molenlei 59,2021-01-15,02:00:00,0,0,0,F11MO
40,Molenlei 59,2021-01-15,03:00:00,0,0,0,F11MO
40,Molenlei 59,2021-01-15,04:00:00,4,4,0,F11MO
40,Molenlei 59,2021-01-15,05:00:00,22,20,2,F11MO
40,Molenlei 59,2021-01-15,06:00:00,78,48,30,F11MO
40,Molenlei 59,2021-01-15,07:00:00,164,86,78,F11MO
40,Molenlei 59,2021-01-15,08:00:00,216,144,72,F11MO
40,Molenlei 59,2021-01-15,09:00:00,70,26,44,F11MO
40,Molenlei 59,2021-01-15,10:00:00,94,50,44,F11MO
40,Molenlei 59,2021-01-15,11:00:00,110,48,62,F11MO
40,Molenlei 59,2021-01-15,12:00:00,106,52,54,F11MO
40,Molenlei 59,2021-01-15,13:00:00,104,42,62,F11MO
40,Molenlei 59,2021-01-15,14:00:00,180,58,122,F11MO
40,Molenlei 59,2021-01-15,15:00:00,260,110,150,F11MO
40,Molenlei 59,2021-01-15,16:00:00,274,112,162,F11MO
40,Molenlei 59,2021-01-15,17:00:00,176,78,98,F11MO
40,Molenlei 59,2021-01-15,18:00:00,74,28,46,F11MO
40,Molenlei 59,2021-01-15,19:00:00,78,38,40,F11MO
40,Molenlei 59,2021-01-15,20:00:00,38,24,14,F11MO
40,Molenlei 59,2021-01-15,21:00:00,14,8,6,F11MO
40,Molenlei 59,2021-01-15,22:00:00,22,8,14,F11MO
40,Molenlei 59,2021-01-15,23:00:00,16,8,8,F11MO
40,Molenlei 59,2021-01-16,00:00:00,6,2,4,F11MO
40,Molenlei 59,2021-01-16,01:00:00,0,0,0,F11MO
40,Molenlei 59,2021-01-16,02:00:00,0,0,0,F11MO
40,Molenlei 59,2021-01-16,03:00:00,0,0,0,F11MO
40,Molenlei 59,2021-01-16,04:00:00,6,4,2,F11MO
40,Molenlei 59,2021-01-16,05:00:00,8,4,4,F11MO
40,Molenlei 59,2021-01-16,06:00:00,8,0,8,F11MO
40,Molenlei 59,2021-01-16,07:00:00,16,8,8,F11MO
40,Molenlei 59,2021-01-16,08:00:00,26,10,16,F11MO
40,Molenlei 59,2021-01-16,09:00:00,78,32,46,F11MO
40,Molenlei 59,2021-01-16,10:00:00,110,36,74,F11MO
40,Molenlei 59,2021-01-16,11:00:00,148,74,74,F11MO
40,Molenlei 59,2021-01-16,12:00:00,152,94,58,F11MO
40,Molenlei 59,2021-01-16,13:00:00,90,52,38,F11MO
40,Molenlei 59,2021-01-16,14:00:00,70,40,30,F11MO
40,Molenlei 59,2021-01-16,15:00:00,32,16,16,F11MO
40,Molenlei 59,2021-01-16,16:00:00,40,28,12,F11MO
40,Molenlei 59,2021-01-16,17:00:00,28,14,14,F11MO
40,Molenlei 59,2021-01-16,18:00:00,34,16,18,F11MO
40,Molenlei 59,2021-01-16,19:00:00,18,10,8,F11MO
40,Molenlei 59,2021-01-16,20:00:00,12,4,8,F11MO
40,Molenlei 59,2021-01-16,21:00:00,14,4,10,F11MO
40,Molenlei 59,2021-01-16,22:00:00,8,4,4,F11MO
40,Molenlei 59,2021-01-16,23:00:00,0,0,0,F11MO
40,Molenlei 59,2021-01-17,00:00:00,0,0,0,F11MO
40,Molenlei 59,2021-01-17,01:00:00,0,0,0,F11MO
40,Molenlei 59,2021-01-17,02:00:00,0,0,0,F11MO
40,Molenlei 59,2021-01-17,03:00:00,0,0,0,F11MO
40,Molenlei 59,2021-01-17,04:00:00,0,0,0,F11MO
40,Molenlei 59,2021-01-17,05:00:00,4,4,0,F11MO
40,Molenlei 59,2021-01-17,06:00:00,12,6,6,F11MO
40,Molenlei 59,2021-01-17,07:00:00,22,14,8,F11MO
40,Molenlei 59,2021-01-17,08:00:00,44,18,26,F11MO
40,Molenlei 59,2021-01-17,09:00:00,122,50,72,F11MO
40,Molenlei 59,2021-01-17,10:00:00,108,56,52,F11MO
40,Molenlei 59,2021-01-17,11:00:00,152,64,88,F11MO
40,Molenlei 59,2021-01-17,12:00:00,180,84,96,F11MO
40,Molenlei 59,2021-01-17,13:00:00,170,88,82,F11MO
40,Molenlei 59,2021-01-17,14:00:00,170,84,86,F11MO
40,Molenlei 59,2021-01-17,15:00:00,166,76,90,F11MO
40,Molenlei 59,2021-01-17,16:00:00,116,74,42,F11MO
40,Molenlei 59,2021-01-17,17:00:00,42,22,20,F11MO
40,Molenlei 59,2021-01-17,18:00:00,42,26,16,F11MO
40,Molenlei 59,2021-01-17,19:00:00,24,14,10,F11MO
40,Molenlei 59,2021-01-17,20:00:00,8,2,6,F11MO
40,Molenlei 59,2021-01-17,21:00:00,14,6,8,F11MO
40,Molenlei 59,2021-01-17,22:00:00,10,0,10,F11MO
40,Molenlei 59,2021-01-17,23:00:00,4,0,4,F11MO
40,Molenlei 59,2021-01-18,00:00:00,2,0,2,F11MO
40,Molenlei 59,2021-01-18,01:00:00,0,0,0,F11MO
40,Molenlei 59,2021-01-18,02:00:00,0,0,0,F11MO
40,Molenlei 59,2021-01-18,03:00:00,0,0,0,F11MO
40,Molenlei 59,2021-01-18,04:00:00,6,4,2,F11MO
40,Molenlei 59,2021-01-18,05:00:00,24,20,4,F11MO
40,Molenlei 59,2021-01-18,06:00:00,72,54,18,F11MO
40,Molenlei 59,2021-01-18,07:00:00,226,134,92,F11MO
40,Molenlei 59,2021-01-18,08:00:00,260,150,110,F11MO
40,Molenlei 59,2021-01-18,09:00:00,56,32,24,F11MO
40,Molenlei 59,2021-01-18,10:00:00,102,38,64,F11MO
40,Molenlei 59,2021-01-18,11:00:00,150,78,72,F11MO
40,Molenlei 59,2021-01-18,12:00:00,126,66,60,F11MO
40,Molenlei 59,2021-01-18,13:00:00,132,56,76,F11MO
40,Molenlei 59,2021-01-18,14:00:00,188,102,86,F11MO
40,Molenlei 59,2021-01-18,15:00:00,236,84,152,F11MO
40,Molenlei 59,2021-01-18,16:00:00,388,146,242,F11MO
40,Molenlei 59,2021-01-18,17:00:00,224,86,138,F11MO
40,Molenlei 59,2021-01-18,18:00:00,64,26,38,F11MO
40,Molenlei 59,2021-01-18,19:00:00,52,22,30,F11MO
40,Molenlei 59,2021-01-18,20:00:00,34,16,18,F11MO
40,Molenlei 59,2021-01-18,21:00:00,14,14,0,F11MO
40,Molenlei 59,2021-01-18,22:00:00,36,8,28,F11MO
40,Molenlei 59,2021-01-18,23:00:00,0,0,0,F11MO
40,Molenlei 59,2021-01-19,00:00:00,0,0,0,F11MO
40,Molenlei 59,2021-01-19,01:00:00,0,0,0,F11MO
40,Molenlei 59,2021-01-19,02:00:00,0,0,0,F11MO
40,Molenlei 59,2021-01-19,03:00:00,2,2,0,F11MO
40,Molenlei 59,2021-01-19,04:00:00,6,6,0,F11MO
40,Molenlei 59,2021-01-19,05:00:00,22,16,6,F11MO
40,Molenlei 59,2021-01-19,06:00:00,54,30,24,F11MO
40,Molenlei 59,2021-01-19,07:00:00,106,64,42,F11MO
40,Molenlei 59,2021-01-19,08:00:00,176,108,68,F11MO
40,Molenlei 59,2021-01-19,09:00:00,38,16,22,F11MO
40,Molenlei 59,2021-01-19,10:00:00,36,22,14,F11MO
40,Molenlei 59,2021-01-19,11:00:00,46,20,26,F11MO
40,Molenlei 59,2021-01-19,12:00:00,52,24,28,F11MO
40,Molenlei 59,2021-01-19,13:00:00,40,22,18,F11MO
40,Molenlei 59,2021-01-19,14:00:00,74,24,50,F11MO
40,Molenlei 59,2021-01-19,15:00:00,118,28,90,F11MO
40,Molenlei 59,2021-01-19,16:00:00,152,56,96,F11MO
40,Molenlei 59,2021-01-19,17:00:00,110,42,68,F11MO
40,Molenlei 59,2021-01-19,18:00:00,54,32,22,F11MO
40,Molenlei 59,2021-01-19,19:00:00,30,10,20,F11MO
40,Molenlei 59,2021-01-19,20:00:00,24,16,8,F11MO
40,Molenlei 59,2021-01-19,21:00:00,24,16,8,F11MO
40,Molenlei 59,2021-01-19,22:00:00,20,0,20,F11MO
40,Molenlei 59,2021-01-19,23:00:00,2,0,2,F11MO
40,Molenlei 59,2021-01-20,00:00:00,0,0,0,F11MO
40,Molenlei 59,2021-01-20,01:00:00,0,0,0,F11MO
40,Molenlei 59,2021-01-20,02:00:00,0,0,0,F11MO
40,Molenlei 59,2021-01-20,03:00:00,0,0,0,F11MO
40,Molenlei 59,2021-01-20,04:00:00,8,8,0,F11MO
40,Molenlei 59,2021-01-20,05:00:00,30,22,8,F11MO
40,Molenlei 59,2021-01-20,06:00:00,64,40,24,F11MO
40,Molenlei 59,2021-01-20,07:00:00,182,90,92,F11MO
40,Molenlei 59,2021-01-20,08:00:00,248,150,98,F11MO
40,Molenlei 59,2021-01-20,09:00:00,56,22,34,F11MO
40,Molenlei 59,2021-01-20,10:00:00,124,64,60,F11MO
40,Molenlei 59,2021-01-20,11:00:00,154,64,90,F11MO
40,Molenlei 59,2021-01-20,12:00:00,196,88,108,F11MO
40,Molenlei 59,2021-01-20,13:00:00,126,60,66,F11MO
40,Molenlei 59,2021-01-20,14:00:00,168,62,106,F11MO
40,Molenlei 59,2021-01-20,15:00:00,186,90,96,F11MO
40,Molenlei 59,2021-01-20,16:00:00,230,120,110,F11MO
40,Molenlei 59,2021-01-20,17:00:00,190,84,106,F11MO
40,Molenlei 59,2021-01-20,18:00:00,92,56,36,F11MO
40,Molenlei 59,2021-01-20,19:00:00,48,20,28,F11MO
40,Molenlei 59,2021-01-20,20:00:00,30,12,18,F11MO
40,Molenlei 59,2021-01-20,21:00:00,32,20,12,F11MO
40,Molenlei 59,2021-01-20,22:00:00,28,2,26,F11MO
40,Molenlei 59,2021-01-20,23:00:00,6,0,6,F11MO
40,Molenlei 59,2021-01-21,00:00:00,0,0,0,F11MO
40,Molenlei 59,2021-01-21,01:00:00,0,0,0,F11MO
40,Molenlei 59,2021-01-21,02:00:00,0,0,0,F11MO
40,Molenlei 59,2021-01-21,03:00:00,0,0,0,F11MO
40,Molenlei 59,2021-01-21,04:00:00,8,6,2,F11MO
40,Molenlei 59,2021-01-21,05:00:00,18,12,6,F11MO
40,Molenlei 59,2021-01-21,06:00:00,58,34,24,F11MO
40,Molenlei 59,2021-01-21,07:00:00,176,108,68,F11MO
40,Molenlei 59,2021-01-21,08:00:00,248,156,92,F11MO
40,Molenlei 59,2021-01-21,09:00:00,80,42,38,F11MO
40,Molenlei 59,2021-01-21,10:00:00,134,56,78,F11MO
40,Molenlei 59,2021-01-21,11:00:00,90,38,52,F11MO
40,Molenlei 59,2021-01-21,12:00:00,110,60,50,F11MO
40,Molenlei 59,2021-01-21,13:00:00,130,60,70,F11MO
40,Molenlei 59,2021-01-21,14:00:00,136,52,84,F11MO
40,Molenlei 59,2021-01-21,15:00:00,186,64,122,F11MO
40,Molenlei 59,2021-01-21,16:00:00,246,86,160,F11MO
40,Molenlei 59,2021-01-21,17:00:00,134,48,86,F11MO
40,Molenlei 59,2021-01-21,18:00:00,66,30,36,F11MO
40,Molenlei 59,2021-01-21,19:00:00,30,12,18,F11MO
40,Molenlei 59,2021-01-21,20:00:00,14,8,6,F11MO
40,Molenlei 59,2021-01-21,21:00:00,16,8,8,F11MO
40,Molenlei 59,2021-01-21,22:00:00,26,6,20,F11MO
40,Molenlei 59,2021-01-21,23:00:00,0,0,0,F11MO
40,Molenlei 59,2021-01-22,00:00:00,0,0,0,F11MO
40,Molenlei 59,2021-01-22,01:00:00,2,0,2,F11MO
40,Molenlei 59,2021-01-22,02:00:00,0,0,0,F11MO
40,Molenlei 59,2021-01-22,03:00:00,0,0,0,F11MO
40,Molenlei 59,2021-01-22,04:00:00,4,4,0,F11MO
40,Molenlei 59,2021-01-22,05:00:00,26,22,4,F11MO
40,Molenlei 59,2021-01-22,06:00:00,82,58,24,F11MO
40,Molenlei 59,2021-01-22,07:00:00,184,96,88,F11MO
40,Molenlei 59,2021-01-22,08:00:00,250,160,90,F11MO
40,Molenlei 59,2021-01-22,09:00:00,78,28,50,F11MO
40,Molenlei 59,2021-01-22,10:00:00,102,46,56,F11MO
40,Molenlei 59,2021-01-22,11:00:00,146,80,66,F11MO
40,Molenlei 59,2021-01-22,12:00:00,126,72,54,F11MO
40,Molenlei 59,2021-01-22,13:00:00,178,82,96,F11MO
40,Molenlei 59,2021-01-22,14:00:00,234,92,142,F11MO
40,Molenlei 59,2021-01-22,15:00:00,364,142,222,F11MO
40,Molenlei 59,2021-01-22,16:00:00,296,140,156,F11MO
40,Molenlei 59,2021-01-22,17:00:00,218,120,98,F11MO
40,Molenlei 59,2021-01-22,18:00:00,142,52,90,F11MO
40,Molenlei 59,2021-01-22,19:00:00,68,30,38,F11MO
40,Molenlei 59,2021-01-22,20:00:00,64,28,36,F11MO
40,Molenlei 59,2021-01-22,21:00:00,16,6,10,F11MO
40,Molenlei 59,2021-01-22,22:00:00,22,6,16,F11MO
40,Molenlei 59,2021-01-22,23:00:00,22,14,8,F11MO
40,Molenlei 59,2021-01-23,00:00:00,6,4,2,F11MO
40,Molenlei 59,2021-01-23,01:00:00,0,0,0,F11MO
40,Molenlei 59,2021-01-23,02:00:00,0,0,0,F11MO
40,Molenlei 59,2021-01-23,03:00:00,0,0,0,F11MO
40,Molenlei 59,2021-01-23,04:00:00,0,0,0,F11MO
40,Molenlei 59,2021-01-23,05:00:00,14,8,6,F11MO
40,Molenlei 59,2021-01-23,06:00:00,22,8,14,F11MO
40,Molenlei 59,2021-01-23,07:00:00,22,16,6,F11MO
40,Molenlei 59,2021-01-23,08:00:00,42,14,28,F11MO
40,Molenlei 59,2021-01-23,09:00:00,94,36,58,F11MO
40,Molenlei 59,2021-01-23,10:00:00,132,44,88,F11MO
40,Molenlei 59,2021-01-23,11:00:00,176,96,80,F11MO
40,Molenlei 59,2021-01-23,12:00:00,152,90,62,F11MO
40,Molenlei 59,2021-01-23,13:00:00,168,84,84,F11MO
40,Molenlei 59,2021-01-23,14:00:00,142,58,84,F11MO
40,Molenlei 59,2021-01-23,15:00:00,124,72,52,F11MO
40,Molenlei 59,2021-01-23,16:00:00,96,52,44,F11MO
40,Molenlei 59,2021-01-23,17:00:00,24,16,8,F11MO
40,Molenlei 59,2021-01-23,18:00:00,26,14,12,F11MO
40,Molenlei 59,2021-01-23,19:00:00,22,12,10,F11MO
40,Molenlei 59,2021-01-23,20:00:00,6,2,4,F11MO
40,Molenlei 59,2021-01-23,21:00:00,10,6,4,F11MO
40,Molenlei 59,2021-01-23,22:00:00,6,2,4,F11MO
40,Molenlei 59,2021-01-23,23:00:00,4,4,0,F11MO
40,Molenlei 59,2021-01-24,00:00:00,0,0,0,F11MO
40,Molenlei 59,2021-01-24,01:00:00,0,0,0,F11MO
40,Molenlei 59,2021-01-24,02:00:00,0,0,0,F11MO
40,Molenlei 59,2021-01-24,03:00:00,0,0,0,F11MO
40,Molenlei 59,2021-01-24,04:00:00,0,0,0,F11MO
40,Molenlei 59,2021-01-24,05:00:00,6,6,0,F11MO
40,Molenlei 59,2021-01-24,06:00:00,14,4,10,F11MO
40,Molenlei 59,2021-01-24,07:00:00,16,8,8,F11MO
40,Molenlei 59,2021-01-24,08:00:00,58,20,38,F11MO
40,Molenlei 59,2021-01-24,09:00:00,130,50,80,F11MO
40,Molenlei 59,2021-01-24,10:00:00,202,74,128,F11MO
40,Molenlei 59,2021-01-24,11:00:00,252,120,132,F11MO
40,Molenlei 59,2021-01-24,12:00:00,274,144,130,F11MO
40,Molenlei 59,2021-01-24,13:00:00,208,124,84,F11MO
40,Molenlei 59,2021-01-24,14:00:00,210,112,98,F11MO
40,Molenlei 59,2021-01-24,15:00:00,190,102,88,F11MO
40,Molenlei 59,2021-01-24,16:00:00,106,58,48,F11MO
40,Molenlei 59,2021-01-24,17:00:00,72,40,32,F11MO
40,Molenlei 59,2021-01-24,18:00:00,44,18,26,F11MO
40,Molenlei 59,2021-01-24,19:00:00,24,12,12,F11MO
40,Molenlei 59,2021-01-24,20:00:00,16,6,10,F11MO
40,Molenlei 59,2021-01-24,21:00:00,26,14,12,F11MO
40,Molenlei 59,2021-01-24,22:00:00,6,2,4,F11MO
40,Molenlei 59,2021-01-24,23:00:00,0,0,0,F11MO
40,Molenlei 59,2021-01-25,00:00:00,2,0,2,F11MO
40,Molenlei 59,2021-01-25,01:00:00,0,0,0,F11MO
40,Molenlei 59,2021-01-25,02:00:00,0,0,0,F11MO
40,Molenlei 59,2021-01-25,03:00:00,0,0,0,F11MO
40,Molenlei 59,2021-01-25,04:00:00,2,2,0,F11MO
40,Molenlei 59,2021-01-25,05:00:00,24,18,6,F11MO
40,Molenlei 59,2021-01-25,06:00:00,58,46,12,F11MO
40,Molenlei 59,2021-01-25,07:00:00,170,96,74,F11MO
40,Molenlei 59,2021-01-25,08:00:00,296,196,100,F11MO
40,Molenlei 59,2021-01-25,09:00:00,48,30,18,F11MO
40,Molenlei 59,2021-01-25,10:00:00,108,34,74,F11MO
40,Molenlei 59,2021-01-25,11:00:00,110,42,68,F11MO
40,Molenlei 59,2021-01-25,12:00:00,120,64,56,F11MO
40,Molenlei 59,2021-01-25,13:00:00,144,64,80,F11MO
40,Molenlei 59,2021-01-25,14:00:00,186,90,96,F11MO
40,Molenlei 59,2021-01-25,15:00:00,290,124,166,F11MO
40,Molenlei 59,2021-01-25,16:00:00,302,132,170,F11MO
40,Molenlei 59,2021-01-25,17:00:00,196,78,118,F11MO
40,Molenlei 59,2021-01-25,18:00:00,86,44,42,F11MO
40,Molenlei 59,2021-01-25,19:00:00,64,26,38,F11MO
40,Molenlei 59,2021-01-25,20:00:00,18,10,8,F11MO
40,Molenlei 59,2021-01-25,21:00:00,28,12,16,F11MO
40,Molenlei 59,2021-01-25,22:00:00,18,2,16,F11MO
40,Molenlei 59,2021-01-25,23:00:00,2,0,2,F11MO
40,Molenlei 59,2021-01-26,00:00:00,0,0,0,F11MO
40,Molenlei 59,2021-01-26,01:00:00,0,0,0,F11MO
40,Molenlei 59,2021-01-26,02:00:00,0,0,0,F11MO
40,Molenlei 59,2021-01-26,03:00:00,0,0,0,F11MO
40,Molenlei 59,2021-01-26,04:00:00,4,4,0,F11MO
40,Molenlei 59,2021-01-26,05:00:00,28,20,8,F11MO
40,Molenlei 59,2021-01-26,06:00:00,64,42,22,F11MO
40,Molenlei 59,2021-01-26,07:00:00,196,128,68,F11MO
40,Molenlei 59,2021-01-26,08:00:00,258,160,98,F11MO
40,Molenlei 59,2021-01-26,09:00:00,108,48,60,F11MO
40,Molenlei 59,2021-01-26,10:00:00,104,38,66,F11MO
40,Molenlei 59,2021-01-26,11:00:00,128,64,64,F11MO
40,Molenlei 59,2021-01-26,12:00:00,174,90,84,F11MO
40,Molenlei 59,2021-01-26,13:00:00,182,74,108,F11MO
40,Molenlei 59,2021-01-26,14:00:00,178,82,96,F11MO
40,Molenlei 59,2021-01-26,15:00:00,270,108,162,F11MO
40,Molenlei 59,2021-01-26,16:00:00,322,124,198,F11MO
40,Molenlei 59,2021-01-26,17:00:00,182,58,124,F11MO
40,Molenlei 59,2021-01-26,18:00:00,98,44,54,F11MO
40,Molenlei 59,2021-01-26,19:00:00,48,26,22,F11MO
40,Molenlei 59,2021-01-26,20:00:00,46,14,32,F11MO
40,Molenlei 59,2021-01-26,21:00:00,32,20,12,F11MO
40,Molenlei 59,2021-01-26,22:00:00,32,2,30,F11MO
40,Molenlei 59,2021-01-26,23:00:00,20,8,12,F11MO
40,Molenlei 59,2021-01-27,00:00:00,0,0,0,F11MO
40,Molenlei 59,2021-01-27,01:00:00,0,0,0,F11MO
40,Molenlei 59,2021-01-27,02:00:00,0,0,0,F11MO
40,Molenlei 59,2021-01-27,03:00:00,0,0,0,F11MO
40,Molenlei 59,2021-01-27,04:00:00,2,2,0,F11MO
40,Molenlei 59,2021-01-27,05:00:00,30,22,8,F11MO
40,Molenlei 59,2021-01-27,06:00:00,60,40,20,F11MO
40,Molenlei 59,2021-01-27,07:00:00,184,102,82,F11MO
40,Molenlei 59,2021-01-27,08:00:00,170,102,68,F11MO
40,Molenlei 59,2021-01-27,09:00:00,60,26,34,F11MO
40,Molenlei 59,2021-01-27,10:00:00,74,32,42,F11MO
40,Molenlei 59,2021-01-27,11:00:00,92,38,54,F11MO
40,Molenlei 59,2021-01-27,12:00:00,172,74,98,F11MO
40,Molenlei 59,2021-01-27,13:00:00,132,62,70,F11MO
40,Molenlei 59,2021-01-27,14:00:00,122,66,56,F11MO
40,Molenlei 59,2021-01-27,15:00:00,134,46,88,F11MO
40,Molenlei 59,2021-01-27,16:00:00,216,106,110,F11MO
40,Molenlei 59,2021-01-27,17:00:00,178,90,88,F11MO
40,Molenlei 59,2021-01-27,18:00:00,92,40,52,F11MO
40,Molenlei 59,2021-01-27,19:00:00,58,28,30,F11MO
40,Molenlei 59,2021-01-27,20:00:00,38,20,18,F11MO
40,Molenlei 59,2021-01-27,21:00:00,22,16,6,F11MO
40,Molenlei 59,2021-01-27,22:00:00,28,8,20,F11MO
40,Molenlei 59,2021-01-27,23:00:00,16,4,12,F11MO
40,Molenlei 59,2021-01-28,00:00:00,0,0,0,F11MO
40,Molenlei 59,2021-01-28,01:00:00,0,0,0,F11MO
40,Molenlei 59,2021-01-28,02:00:00,0,0,0,F11MO
40,Molenlei 59,2021-01-28,03:00:00,0,0,0,F11MO
40,Molenlei 59,2021-01-28,04:00:00,0,0,0,F11MO
40,Molenlei 59,2021-01-28,05:00:00,18,14,4,F11MO
40,Molenlei 59,2021-01-28,06:00:00,50,26,24,F11MO
40,Molenlei 59,2021-01-28,07:00:00,118,72,46,F11MO
40,Molenlei 59,2021-01-28,08:00:00,152,90,62,F11MO
40,Molenlei 59,2021-01-28,09:00:00,30,16,14,F11MO
40,Molenlei 59,2021-01-28,10:00:00,46,28,18,F11MO
40,Molenlei 59,2021-01-28,11:00:00,42,24,18,F11MO
40,Molenlei 59,2021-01-28,12:00:00,58,26,32,F11MO
40,Molenlei 59,2021-01-28,13:00:00,90,32,58,F11MO
40,Molenlei 59,2021-01-28,14:00:00,60,24,36,F11MO
40,Molenlei 59,2021-01-28,15:00:00,110,32,78,F11MO
40,Molenlei 59,2021-01-28,16:00:00,138,46,92,F11MO
40,Molenlei 59,2021-01-28,17:00:00,108,38,70,F11MO
40,Molenlei 59,2021-01-28,18:00:00,64,28,36,F11MO
40,Molenlei 59,2021-01-28,19:00:00,42,16,26,F11MO
40,Molenlei 59,2021-01-28,20:00:00,40,16,24,F11MO
40,Molenlei 59,2021-01-28,21:00:00,24,8,16,F11MO
40,Molenlei 59,2021-01-28,22:00:00,20,8,12,F11MO
40,Molenlei 59,2021-01-28,23:00:00,14,6,8,F11MO
40,Molenlei 59,2021-01-29,00:00:00,2,2,0,F11MO
40,Molenlei 59,2021-01-29,01:00:00,0,0,0,F11MO
40,Molenlei 59,2021-01-29,02:00:00,0,0,0,F11MO
40,Molenlei 59,2021-01-29,03:00:00,0,0,0,F11MO
40,Molenlei 59,2021-01-29,04:00:00,2,2,0,F11MO
40,Molenlei 59,2021-01-29,05:00:00,16,14,2,F11MO
40,Molenlei 59,2021-01-29,06:00:00,46,32,14,F11MO
40,Molenlei 59,2021-01-29,07:00:00,114,74,40,F11MO
40,Molenlei 59,2021-01-29,08:00:00,194,120,74,F11MO
40,Molenlei 59,2021-01-29,09:00:00,70,28,42,F11MO
40,Molenlei 59,2021-01-29,10:00:00,128,70,58,F11MO
40,Molenlei 59,2021-01-29,11:00:00,110,60,50,F11MO
40,Molenlei 59,2021-01-29,12:00:00,150,78,72,F11MO
40,Molenlei 59,2021-01-29,13:00:00,106,54,52,F11MO
40,Molenlei 59,2021-01-29,14:00:00,84,30,54,F11MO
40,Molenlei 59,2021-01-29,15:00:00,264,98,166,F11MO
40,Molenlei 59,2021-01-29,16:00:00,186,74,112,F11MO
40,Molenlei 59,2021-01-29,17:00:00,156,74,82,F11MO
40,Molenlei 59,2021-01-29,18:00:00,88,46,42,F11MO
40,Molenlei 59,2021-01-29,19:00:00,68,22,46,F11MO
40,Molenlei 59,2021-01-29,20:00:00,48,14,34,F11MO
40,Molenlei 59,2021-01-29,21:00:00,18,4,14,F11MO
40,Molenlei 59,2021-01-29,22:00:00,24,4,20,F11MO
40,Molenlei 59,2021-01-29,23:00:00,14,12,2,F11MO
40,Molenlei 59,2021-01-30,00:00:00,12,4,8,F11MO
40,Molenlei 59,2021-01-30,01:00:00,0,0,0,F11MO
40,Molenlei 59,2021-01-30,02:00:00,0,0,0,F11MO
40,Molenlei 59,2021-01-30,03:00:00,2,2,0,F11MO
40,Molenlei 59,2021-01-30,04:00:00,4,4,0,F11MO
40,Molenlei 59,2021-01-30,05:00:00,8,6,2,F11MO
40,Molenlei 59,2021-01-30,06:00:00,8,4,4,F11MO
40,Molenlei 59,2021-01-30,07:00:00,12,6,6,F11MO
40,Molenlei 59,2021-01-30,08:00:00,24,4,20,F11MO
40,Molenlei 59,2021-01-30,09:00:00,38,16,22,F11MO
40,Molenlei 59,2021-01-30,10:00:00,36,16,20,F11MO
40,Molenlei 59,2021-01-30,11:00:00,26,14,12,F11MO
40,Molenlei 59,2021-01-30,12:00:00,68,34,34,F11MO
40,Molenlei 59,2021-01-30,13:00:00,52,30,22,F11MO
40,Molenlei 59,2021-01-30,14:00:00,54,26,28,F11MO
40,Molenlei 59,2021-01-30,15:00:00,66,22,44,F11MO
40,Molenlei 59,2021-01-30,16:00:00,44,20,24,F11MO
40,Molenlei 59,2021-01-30,17:00:00,34,16,18,F11MO
40,Molenlei 59,2021-01-30,18:00:00,34,18,16,F11MO
40,Molenlei 59,2021-01-30,19:00:00,28,4,24,F11MO
40,Molenlei 59,2021-01-30,20:00:00,16,4,12,F11MO
40,Molenlei 59,2021-01-30,21:00:00,16,10,6,F11MO
40,Molenlei 59,2021-01-30,22:00:00,10,0,10,F11MO
40,Molenlei 59,2021-01-30,23:00:00,8,2,6,F11MO
40,Molenlei 59,2021-01-31,00:00:00,4,4,0,F11MO
40,Molenlei 59,2021-01-31,01:00:00,4,2,2,F11MO
40,Molenlei 59,2021-01-31,02:00:00,2,2,0,F11MO
40,Molenlei 59,2021-01-31,03:00:00,0,0,0,F11MO
40,Molenlei 59,2021-01-31,04:00:00,4,4,0,F11MO
40,Molenlei 59,2021-01-31,05:00:00,6,2,4,F11MO
40,Molenlei 59,2021-01-31,06:00:00,6,0,6,F11MO
40,Molenlei 59,2021-01-31,07:00:00,22,10,12,F11MO
40,Molenlei 59,2021-01-31,08:00:00,56,32,24,F11MO
40,Molenlei 59,2021-01-31,09:00:00,122,48,74,F11MO
40,Molenlei 59,2021-01-31,10:00:00,102,52,50,F11MO
40,Molenlei 59,2021-01-31,11:00:00,180,52,128,F11MO
40,Molenlei 59,2021-01-31,12:00:00,246,134,112,F11MO
40,Molenlei 59,2021-01-31,13:00:00,228,134,94,F11MO
40,Molenlei 59,2021-01-31,14:00:00,258,110,148,F11MO
40,Molenlei 59,2021-01-31,15:00:00,196,100,96,F11MO
40,Molenlei 59,2021-01-31,16:00:00,118,46,72,F11MO
40,Molenlei 59,2021-01-31,17:00:00,86,42,44,F11MO
40,Molenlei 59,2021-01-31,18:00:00,48,28,20,F11MO
40,Molenlei 59,2021-01-31,19:00:00,14,10,4,F11MO
40,Molenlei 59,2021-01-31,20:00:00,16,10,6,F11MO
40,Molenlei 59,2021-01-31,21:00:00,16,6,10,F11MO
40,Molenlei 59,2021-01-31,22:00:00,8,4,4,F11MO
40,Molenlei 59,2021-01-31,23:00:00,4,4,0,F11MO
40,Molenlei 59,2021-02-01,00:00:00,0,0,0,F11MO
40,Molenlei 59,2021-02-01,01:00:00,0,0,0,F11MO
40,Molenlei 59,2021-02-01,02:00:00,0,0,0,F11MO
40,Molenlei 59,2021-02-01,03:00:00,2,2,0,F11MO
40,Molenlei 59,2021-02-01,04:00:00,8,8,0,F11MO
40,Molenlei 59,2021-02-01,05:00:00,22,16,6,F11MO
40,Molenlei 59,2021-02-01,06:00:00,56,38,18,F11MO
40,Molenlei 59,2021-02-01,07:00:00,222,124,98,F11MO
40,Molenlei 59,2021-02-01,08:00:00,234,140,94,F11MO
40,Molenlei 59,2021-02-01,09:00:00,64,38,26,F11MO
40,Molenlei 59,2021-02-01,10:00:00,96,36,60,F11MO
40,Molenlei 59,2021-02-01,11:00:00,96,56,40,F11MO
40,Molenlei 59,2021-02-01,12:00:00,120,66,54,F11MO
40,Molenlei 59,2021-02-01,13:00:00,104,58,46,F11MO
40,Molenlei 59,2021-02-01,14:00:00,100,56,44,F11MO
40,Molenlei 59,2021-02-01,15:00:00,184,60,124,F11MO
40,Molenlei 59,2021-02-01,16:00:00,300,122,178,F11MO
40,Molenlei 59,2021-02-01,17:00:00,180,66,114,F11MO
40,Molenlei 59,2021-02-01,18:00:00,66,22,44,F11MO
40,Molenlei 59,2021-02-01,19:00:00,48,24,24,F11MO
40,Molenlei 59,2021-02-01,20:00:00,16,4,12,F11MO
40,Molenlei 59,2021-02-01,21:00:00,26,12,14,F11MO
40,Molenlei 59,2021-02-01,22:00:00,30,2,28,F11MO
40,Molenlei 59,2021-02-01,23:00:00,4,2,2,F11MO
40,Molenlei 59,2021-02-02,00:00:00,0,0,0,F11MO
40,Molenlei 59,2021-02-02,01:00:00,0,0,0,F11MO
40,Molenlei 59,2021-02-02,02:00:00,0,0,0,F11MO
40,Molenlei 59,2021-02-02,03:00:00,2,2,0,F11MO
40,Molenlei 59,2021-02-02,04:00:00,6,6,0,F11MO
40,Molenlei 59,2021-02-02,05:00:00,30,22,8,F11MO
40,Molenlei 59,2021-02-02,06:00:00,46,32,14,F11MO
40,Molenlei 59,2021-02-02,07:00:00,144,74,70,F11MO
40,Molenlei 59,2021-02-02,08:00:00,174,100,74,F11MO
40,Molenlei 59,2021-02-02,09:00:00,34,18,16,F11MO
40,Molenlei 59,2021-02-02,10:00:00,38,24,14,F11MO
40,Molenlei 59,2021-02-02,11:00:00,54,30,24,F11MO
40,Molenlei 59,2021-02-02,12:00:00,54,20,34,F11MO
40,Molenlei 59,2021-02-02,13:00:00,50,30,20,F11MO
40,Molenlei 59,2021-02-02,14:00:00,62,28,34,F11MO
40,Molenlei 59,2021-02-02,15:00:00,172,58,114,F11MO
40,Molenlei 59,2021-02-02,16:00:00,240,96,144,F11MO
40,Molenlei 59,2021-02-02,17:00:00,136,56,80,F11MO
40,Molenlei 59,2021-02-02,18:00:00,88,38,50,F11MO
40,Molenlei 59,2021-02-02,19:00:00,22,10,12,F11MO
40,Molenlei 59,2021-02-02,20:00:00,22,8,14,F11MO
40,Molenlei 59,2021-02-02,21:00:00,24,10,14,F11MO
40,Molenlei 59,2021-02-02,22:00:00,26,0,26,F11MO
40,Molenlei 59,2021-02-02,23:00:00,8,4,4,F11MO
40,Molenlei 59,2021-02-03,00:00:00,0,0,0,F11MO
40,Molenlei 59,2021-02-03,01:00:00,0,0,0,F11MO
40,Molenlei 59,2021-02-03,02:00:00,0,0,0,F11MO
40,Molenlei 59,2021-02-03,03:00:00,0,0,0,F11MO
40,Molenlei 59,2021-02-03,04:00:00,4,2,2,F11MO
40,Molenlei 59,2021-02-03,05:00:00,28,24,4,F11MO
40,Molenlei 59,2021-02-03,06:00:00,42,28,14,F11MO
40,Molenlei 59,2021-02-03,07:00:00,152,90,62,F11MO
40,Molenlei 59,2021-02-03,08:00:00,196,126,70,F11MO
40,Molenlei 59,2021-02-03,09:00:00,24,12,12,F11MO
40,Molenlei 59,2021-02-03,10:00:00,36,14,22,F11MO
40,Molenlei 59,2021-02-03,11:00:00,72,24,48,F11MO
40,Molenlei 59,2021-02-03,12:00:00,142,54,88,F11MO
40,Molenlei 59,2021-02-03,13:00:00,74,28,46,F11MO
40,Molenlei 59,2021-02-03,14:00:00,56,16,40,F11MO
40,Molenlei 59,2021-02-03,15:00:00,70,24,46,F11MO
40,Molenlei 59,2021-02-03,16:00:00,90,38,52,F11MO
40,Molenlei 59,2021-02-03,17:00:00,92,40,52,F11MO
40,Molenlei 59,2021-02-03,18:00:00,42,22,20,F11MO
40,Molenlei 59,2021-02-03,19:00:00,34,6,28,F11MO
40,Molenlei 59,2021-02-03,20:00:00,14,2,12,F11MO
40,Molenlei 59,2021-02-03,21:00:00,10,6,4,F11MO
40,Molenlei 59,2021-02-03,22:00:00,26,4,22,F11MO
40,Molenlei 59,2021-02-03,23:00:00,4,2,2,F11MO
40,Molenlei 59,2021-02-04,00:00:00,2,0,2,F11MO
40,Molenlei 59,2021-02-04,01:00:00,2,2,0,F11MO
40,Molenlei 59,2021-02-04,02:00:00,0,0,0,F11MO
40,Molenlei 59,2021-02-04,03:00:00,0,0,0,F11MO
40,Molenlei 59,2021-02-04,04:00:00,6,4,2,F11MO
40,Molenlei 59,2021-02-04,05:00:00,28,24,4,F11MO
40,Molenlei 59,2021-02-04,06:00:00,74,58,16,F11MO
40,Molenlei 59,2021-02-04,07:00:00,212,140,72,F11MO
40,Molenlei 59,2021-02-04,08:00:00,276,162,114,F11MO
40,Molenlei 59,2021-02-04,09:00:00,138,62,76,F11MO
40,Molenlei 59,2021-02-04,10:00:00,206,106,100,F11MO
40,Molenlei 59,2021-02-04,11:00:00,150,72,78,F11MO
40,Molenlei 59,2021-02-04,12:00:00,196,92,104,F11MO
40,Molenlei 59,2021-02-04,13:00:00,282,140,142,F11MO
40,Molenlei 59,2021-02-04,14:00:00,224,104,120,F11MO
40,Molenlei 59,2021-02-04,15:00:00,338,142,196,F11MO
40,Molenlei 59,2021-02-04,16:00:00,372,148,224,F11MO
40,Molenlei 59,2021-02-04,17:00:00,268,104,164,F11MO
40,Molenlei 59,2021-02-04,18:00:00,104,30,74,F11MO
40,Molenlei 59,2021-02-04,19:00:00,66,28,38,F11MO
40,Molenlei 59,2021-02-04,20:00:00,32,18,14,F11MO
40,Molenlei 59,2021-02-04,21:00:00,18,12,6,F11MO
40,Molenlei 59,2021-02-04,22:00:00,32,8,24,F11MO
40,Molenlei 59,2021-02-04,23:00:00,16,4,12,F11MO
40,Molenlei 59,2021-02-05,00:00:00,2,2,0,F11MO
40,Molenlei 59,2021-02-05,01:00:00,0,0,0,F11MO
40,Molenlei 59,2021-02-05,02:00:00,0,0,0,F11MO
40,Molenlei 59,2021-02-05,03:00:00,0,0,0,F11MO
40,Molenlei 59,2021-02-05,04:00:00,8,6,2,F11MO
40,Molenlei 59,2021-02-05,05:00:00,24,22,2,F11MO
40,Molenlei 59,2021-02-05,06:00:00,62,48,14,F11MO
40,Molenlei 59,2021-02-05,07:00:00,208,126,82,F11MO
40,Molenlei 59,2021-02-05,08:00:00,298,180,118,F11MO
40,Molenlei 59,2021-02-05,09:00:00,88,48,40,F11MO
40,Molenlei 59,2021-02-05,10:00:00,118,52,66,F11MO
40,Molenlei 59,2021-02-05,11:00:00,168,74,94,F11MO
40,Molenlei 59,2021-02-05,12:00:00,158,82,76,F11MO
40,Molenlei 59,2021-02-05,13:00:00,226,114,112,F11MO
40,Molenlei 59,2021-02-05,14:00:00,298,116,182,F11MO
40,Molenlei 59,2021-02-05,15:00:00,400,160,240,F11MO
40,Molenlei 59,2021-02-05,16:00:00,334,158,176,F11MO
40,Molenlei 59,2021-02-05,17:00:00,226,104,122,F11MO
40,Molenlei 59,2021-02-05,18:00:00,134,74,60,F11MO
40,Molenlei 59,2021-02-05,19:00:00,90,40,50,F11MO
40,Molenlei 59,2021-02-05,20:00:00,58,18,40,F11MO
40,Molenlei 59,2021-02-05,21:00:00,16,10,6,F11MO
40,Molenlei 59,2021-02-05,22:00:00,18,4,14,F11MO
40,Molenlei 59,2021-02-05,23:00:00,34,28,6,F11MO
40,Molenlei 59,2021-02-06,00:00:00,0,0,0,F11MO
40,Molenlei 59,2021-02-06,01:00:00,0,0,0,F11MO
40,Molenlei 59,2021-02-06,02:00:00,0,0,0,F11MO
40,Molenlei 59,2021-02-06,03:00:00,0,0,0,F11MO
40,Molenlei 59,2021-02-06,04:00:00,2,2,0,F11MO
40,Molenlei 59,2021-02-06,05:00:00,6,4,2,F11MO
40,Molenlei 59,2021-02-06,06:00:00,16,4,12,F11MO
40,Molenlei 59,2021-02-06,07:00:00,14,2,12,F11MO
40,Molenlei 59,2021-02-06,08:00:00,46,12,34,F11MO
40,Molenlei 59,2021-02-06,09:00:00,110,32,78,F11MO
40,Molenlei 59,2021-02-06,10:00:00,144,76,68,F11MO
40,Molenlei 59,2021-02-06,11:00:00,134,68,66,F11MO
40,Molenlei 59,2021-02-06,12:00:00,176,120,56,F11MO
40,Molenlei 59,2021-02-06,13:00:00,148,76,72,F11MO
40,Molenlei 59,2021-02-06,14:00:00,154,80,74,F11MO
40,Molenlei 59,2021-02-06,15:00:00,92,34,58,F11MO
40,Molenlei 59,2021-02-06,16:00:00,126,82,44,F11MO
40,Molenlei 59,2021-02-06,17:00:00,66,28,38,F11MO
40,Molenlei 59,2021-02-06,18:00:00,28,16,12,F11MO
40,Molenlei 59,2021-02-06,19:00:00,26,8,18,F11MO
40,Molenlei 59,2021-02-06,20:00:00,14,6,8,F11MO
40,Molenlei 59,2021-02-06,21:00:00,14,10,4,F11MO
40,Molenlei 59,2021-02-06,22:00:00,12,4,8,F11MO
40,Molenlei 59,2021-02-06,23:00:00,10,6,4,F11MO
40,Molenlei 59,2021-02-07,00:00:00,0,0,0,F11MO
40,Molenlei 59,2021-02-07,01:00:00,0,0,0,F11MO
40,Molenlei 59,2021-02-07,02:00:00,0,0,0,F11MO
40,Molenlei 59,2021-02-07,03:00:00,0,0,0,F11MO
40,Molenlei 59,2021-02-07,04:00:00,0,0,0,F11MO
40,Molenlei 59,2021-02-07,05:00:00,0,0,0,F11MO
40,Molenlei 59,2021-02-07,06:00:00,0,0,0,F11MO
40,Molenlei 59,2021-02-07,07:00:00,0,0,0,F11MO
40,Molenlei 59,2021-02-07,08:00:00,0,0,0,F11MO
40,Molenlei 59,2021-02-07,09:00:00,0,0,0,F11MO
40,Molenlei 59,2021-02-07,10:00:00,0,0,0,F11MO
40,Molenlei 59,2021-02-07,11:00:00,0,0,0,F11MO
40,Molenlei 59,2021-02-07,12:00:00,0,0,0,F11MO
40,Molenlei 59,2021-02-07,13:00:00,0,0,0,F11MO
40,Molenlei 59,2021-02-07,14:00:00,0,0,0,F11MO
40,Molenlei 59,2021-02-07,15:00:00,0,0,0,F11MO
40,Molenlei 59,2021-02-07,16:00:00,0,0,0,F11MO
40,Molenlei 59,2021-02-07,17:00:00,0,0,0,F11MO
40,Molenlei 59,2021-02-07,18:00:00,0,0,0,F11MO
40,Molenlei 59,2021-02-07,19:00:00,0,0,0,F11MO
40,Molenlei 59,2021-02-07,20:00:00,0,0,0,F11MO
40,Molenlei 59,2021-02-07,21:00:00,0,0,0,F11MO
40,Molenlei 59,2021-02-07,22:00:00,0,0,0,F11MO
40,Molenlei 59,2021-02-07,23:00:00,0,0,0,F11MO
40,Molenlei 59,2021-02-08,00:00:00,0,0,0,F11MO
40,Molenlei 59,2021-02-08,01:00:00,0,0,0,F11MO
40,Molenlei 59,2021-02-08,02:00:00,0,0,0,F11MO
40,Molenlei 59,2021-02-08,03:00:00,0,0,0,F11MO
40,Molenlei 59,2021-02-08,04:00:00,0,0,0,F11MO
40,Molenlei 59,2021-02-08,05:00:00,0,0,0,F11MO
40,Molenlei 59,2021-02-08,06:00:00,0,0,0,F11MO
40,Molenlei 59,2021-02-08,07:00:00,0,0,0,F11MO
40,Molenlei 59,2021-02-08,08:00:00,0,0,0,F11MO
40,Molenlei 59,2021-02-08,09:00:00,0,0,0,F11MO
40,Molenlei 59,2021-02-08,10:00:00,0,0,0,F11MO
40,Molenlei 59,2021-02-08,11:00:00,0,0,0,F11MO
40,Molenlei 59,2021-02-08,12:00:00,0,0,0,F11MO
40,Molenlei 59,2021-02-08,13:00:00,0,0,0,F11MO
40,Molenlei 59,2021-02-08,14:00:00,0,0,0,F11MO
40,Molenlei 59,2021-02-08,15:00:00,0,0,0,F11MO
40,Molenlei 59,2021-02-08,16:00:00,0,0,0,F11MO
40,Molenlei 59,2021-02-08,17:00:00,0,0,0,F11MO
40,Molenlei 59,2021-02-08,18:00:00,0,0,0,F11MO
40,Molenlei 59,2021-02-08,19:00:00,0,0,0,F11MO
40,Molenlei 59,2021-02-08,20:00:00,0,0,0,F11MO
40,Molenlei 59,2021-02-08,21:00:00,0,0,0,F11MO
40,Molenlei 59,2021-02-08,22:00:00,0,0,0,F11MO
40,Molenlei 59,2021-02-08,23:00:00,0,0,0,F11MO
40,Molenlei 59,2021-02-09,00:00:00,0,0,0,F11MO
40,Molenlei 59,2021-02-09,01:00:00,0,0,0,F11MO
40,Molenlei 59,2021-02-09,02:00:00,0,0,0,F11MO
40,Molenlei 59,2021-02-09,03:00:00,0,0,0,F11MO
40,Molenlei 59,2021-02-09,04:00:00,0,0,0,F11MO
40,Molenlei 59,2021-02-09,05:00:00,0,0,0,F11MO
40,Molenlei 59,2021-02-09,06:00:00,0,0,0,F11MO
40,Molenlei 59,2021-02-09,07:00:00,0,0,0,F11MO
40,Molenlei 59,2021-02-09,08:00:00,0,0,0,F11MO
40,Molenlei 59,2021-02-09,09:00:00,0,0,0,F11MO
40,Molenlei 59,2021-02-09,10:00:00,0,0,0,F11MO
40,Molenlei 59,2021-02-09,11:00:00,0,0,0,F11MO
40,Molenlei 59,2021-02-09,12:00:00,0,0,0,F11MO
40,Molenlei 59,2021-02-09,13:00:00,0,0,0,F11MO
40,Molenlei 59,2021-02-09,14:00:00,0,0,0,F11MO
40,Molenlei 59,2021-02-09,15:00:00,0,0,0,F11MO
40,Molenlei 59,2021-02-09,16:00:00,0,0,0,F11MO
40,Molenlei 59,2021-02-09,17:00:00,0,0,0,F11MO
40,Molenlei 59,2021-02-09,18:00:00,0,0,0,F11MO
40,Molenlei 59,2021-02-09,19:00:00,0,0,0,F11MO
40,Molenlei 59,2021-02-09,20:00:00,0,0,0,F11MO
40,Molenlei 59,2021-02-09,21:00:00,0,0,0,F11MO
40,Molenlei 59,2021-02-09,22:00:00,0,0,0,F11MO
40,Molenlei 59,2021-02-09,23:00:00,0,0,0,F11MO
40,Molenlei 59,2021-02-10,00:00:00,0,0,0,F11MO
40,Molenlei 59,2021-02-10,01:00:00,0,0,0,F11MO
40,Molenlei 59,2021-02-10,02:00:00,0,0,0,F11MO
40,Molenlei 59,2021-02-10,03:00:00,0,0,0,F11MO
40,Molenlei 59,2021-02-10,04:00:00,0,0,0,F11MO
40,Molenlei 59,2021-02-10,05:00:00,0,0,0,F11MO
40,Molenlei 59,2021-02-10,06:00:00,0,0,0,F11MO
40,Molenlei 59,2021-02-10,07:00:00,0,0,0,F11MO
40,Molenlei 59,2021-02-10,08:00:00,0,0,0,F11MO
40,Molenlei 59,2021-02-10,09:00:00,0,0,0,F11MO
40,Molenlei 59,2021-02-10,10:00:00,0,0,0,F11MO
40,Molenlei 59,2021-02-10,11:00:00,0,0,0,F11MO
40,Molenlei 59,2021-02-10,12:00:00,0,0,0,F11MO
40,Molenlei 59,2021-02-10,13:00:00,0,0,0,F11MO
40,Molenlei 59,2021-02-10,14:00:00,0,0,0,F11MO
40,Molenlei 59,2021-02-10,15:00:00,0,0,0,F11MO
40,Molenlei 59,2021-02-10,16:00:00,0,0,0,F11MO
40,Molenlei 59,2021-02-10,17:00:00,0,0,0,F11MO
40,Molenlei 59,2021-02-10,18:00:00,0,0,0,F11MO
40,Molenlei 59,2021-02-10,19:00:00,0,0,0,F11MO
40,Molenlei 59,2021-02-10,20:00:00,0,0,0,F11MO
40,Molenlei 59,2021-02-10,21:00:00,0,0,0,F11MO
40,Molenlei 59,2021-02-10,22:00:00,0,0,0,F11MO
40,Molenlei 59,2021-02-10,23:00:00,0,0,0,F11MO
40,Molenlei 59,2021-02-11,00:00:00,0,0,0,F11MO
40,Molenlei 59,2021-02-11,01:00:00,0,0,0,F11MO
40,Molenlei 59,2021-02-11,02:00:00,0,0,0,F11MO
40,Molenlei 59,2021-02-11,03:00:00,0,0,0,F11MO
40,Molenlei 59,2021-02-11,04:00:00,0,0,0,F11MO
40,Molenlei 59,2021-02-11,05:00:00,0,0,0,F11MO
40,Molenlei 59,2021-02-11,06:00:00,0,0,0,F11MO
40,Molenlei 59,2021-02-11,07:00:00,0,0,0,F11MO
40,Molenlei 59,2021-02-11,08:00:00,0,0,0,F11MO
40,Molenlei 59,2021-02-11,09:00:00,0,0,0,F11MO
40,Molenlei 59,2021-02-11,10:00:00,0,0,0,F11MO
40,Molenlei 59,2021-02-11,11:00:00,0,0,0,F11MO
40,Molenlei 59,2021-02-11,12:00:00,0,0,0,F11MO
40,Molenlei 59,2021-02-11,13:00:00,0,0,0,F11MO
40,Molenlei 59,2021-02-11,14:00:00,0,0,0,F11MO
40,Molenlei 59,2021-02-11,15:00:00,0,0,0,F11MO
40,Molenlei 59,2021-02-11,16:00:00,0,0,0,F11MO
40,Molenlei 59,2021-02-11,17:00:00,0,0,0,F11MO
40,Molenlei 59,2021-02-11,18:00:00,0,0,0,F11MO
40,Molenlei 59,2021-02-11,19:00:00,0,0,0,F11MO
40,Molenlei 59,2021-02-11,20:00:00,0,0,0,F11MO
40,Molenlei 59,2021-02-11,21:00:00,0,0,0,F11MO
40,Molenlei 59,2021-02-11,22:00:00,0,0,0,F11MO
40,Molenlei 59,2021-02-11,23:00:00,0,0,0,F11MO
40,Molenlei 59,2021-02-12,00:00:00,0,0,0,F11MO
40,Molenlei 59,2021-02-12,01:00:00,0,0,0,F11MO
40,Molenlei 59,2021-02-12,02:00:00,0,0,0,F11MO
40,Molenlei 59,2021-02-12,03:00:00,0,0,0,F11MO
40,Molenlei 59,2021-02-12,04:00:00,0,0,0,F11MO
40,Molenlei 59,2021-02-12,05:00:00,0,0,0,F11MO
40,Molenlei 59,2021-02-12,06:00:00,0,0,0,F11MO
40,Molenlei 59,2021-02-12,07:00:00,0,0,0,F11MO
40,Molenlei 59,2021-02-12,08:00:00,0,0,0,F11MO
40,Molenlei 59,2021-02-12,09:00:00,0,0,0,F11MO
40,Molenlei 59,2021-02-12,10:00:00,0,0,0,F11MO
40,Molenlei 59,2021-02-12,11:00:00,0,0,0,F11MO
40,Molenlei 59,2021-02-12,12:00:00,0,0,0,F11MO
40,Molenlei 59,2021-02-12,13:00:00,0,0,0,F11MO
40,Molenlei 59,2021-02-12,14:00:00,0,0,0,F11MO
40,Molenlei 59,2021-02-12,15:00:00,0,0,0,F11MO
40,Molenlei 59,2021-02-12,16:00:00,0,0,0,F11MO
40,Molenlei 59,2021-02-12,17:00:00,0,0,0,F11MO
40,Molenlei 59,2021-02-12,18:00:00,0,0,0,F11MO
40,Molenlei 59,2021-02-12,19:00:00,0,0,0,F11MO
40,Molenlei 59,2021-02-12,20:00:00,0,0,0,F11MO
40,Molenlei 59,2021-02-12,21:00:00,0,0,0,F11MO
40,Molenlei 59,2021-02-12,22:00:00,0,0,0,F11MO
40,Molenlei 59,2021-02-12,23:00:00,0,0,0,F11MO
40,Molenlei 59,2021-02-13,00:00:00,0,0,0,F11MO
40,Molenlei 59,2021-02-13,01:00:00,0,0,0,F11MO
40,Molenlei 59,2021-02-13,02:00:00,0,0,0,F11MO
40,Molenlei 59,2021-02-13,03:00:00,0,0,0,F11MO
40,Molenlei 59,2021-02-13,04:00:00,0,0,0,F11MO
40,Molenlei 59,2021-02-13,05:00:00,0,0,0,F11MO
40,Molenlei 59,2021-02-13,06:00:00,0,0,0,F11MO
40,Molenlei 59,2021-02-13,07:00:00,0,0,0,F11MO
40,Molenlei 59,2021-02-13,08:00:00,0,0,0,F11MO
40,Molenlei 59,2021-02-13,09:00:00,0,0,0,F11MO
40,Molenlei 59,2021-02-13,10:00:00,0,0,0,F11MO
40,Molenlei 59,2021-02-13,11:00:00,0,0,0,F11MO
40,Molenlei 59,2021-02-13,12:00:00,0,0,0,F11MO
40,Molenlei 59,2021-02-13,13:00:00,0,0,0,F11MO
40,Molenlei 59,2021-02-13,14:00:00,0,0,0,F11MO
40,Molenlei 59,2021-02-13,15:00:00,0,0,0,F11MO
40,Molenlei 59,2021-02-13,16:00:00,0,0,0,F11MO
40,Molenlei 59,2021-02-13,17:00:00,0,0,0,F11MO
40,Molenlei 59,2021-02-13,18:00:00,0,0,0,F11MO
40,Molenlei 59,2021-02-13,19:00:00,0,0,0,F11MO
40,Molenlei 59,2021-02-13,20:00:00,0,0,0,F11MO
40,Molenlei 59,2021-02-13,21:00:00,0,0,0,F11MO
40,Molenlei 59,2021-02-13,22:00:00,0,0,0,F11MO
40,Molenlei 59,2021-02-13,23:00:00,0,0,0,F11MO
40,Molenlei 59,2021-02-14,00:00:00,0,0,0,F11MO
40,Molenlei 59,2021-02-14,01:00:00,0,0,0,F11MO
40,Molenlei 59,2021-02-14,02:00:00,0,0,0,F11MO
40,Molenlei 59,2021-02-14,03:00:00,0,0,0,F11MO
40,Molenlei 59,2021-02-14,04:00:00,0,0,0,F11MO
40,Molenlei 59,2021-02-14,05:00:00,0,0,0,F11MO
40,Molenlei 59,2021-02-14,06:00:00,0,0,0,F11MO
40,Molenlei 59,2021-02-14,07:00:00,0,0,0,F11MO
40,Molenlei 59,2021-02-14,08:00:00,0,0,0,F11MO
40,Molenlei 59,2021-02-14,09:00:00,0,0,0,F11MO
40,Molenlei 59,2021-02-14,10:00:00,0,0,0,F11MO
40,Molenlei 59,2021-02-14,11:00:00,0,0,0,F11MO
40,Molenlei 59,2021-02-14,12:00:00,0,0,0,F11MO
40,Molenlei 59,2021-02-14,13:00:00,0,0,0,F11MO
40,Molenlei 59,2021-02-14,14:00:00,0,0,0,F11MO
40,Molenlei 59,2021-02-14,15:00:00,0,0,0,F11MO
40,Molenlei 59,2021-02-14,16:00:00,0,0,0,F11MO
40,Molenlei 59,2021-02-14,17:00:00,0,0,0,F11MO
40,Molenlei 59,2021-02-14,18:00:00,0,0,0,F11MO
40,Molenlei 59,2021-02-14,19:00:00,0,0,0,F11MO
40,Molenlei 59,2021-02-14,20:00:00,0,0,0,F11MO
40,Molenlei 59,2021-02-14,21:00:00,0,0,0,F11MO
40,Molenlei 59,2021-02-14,22:00:00,0,0,0,F11MO
40,Molenlei 59,2021-02-14,23:00:00,0,0,0,F11MO
40,Molenlei 59,2021-02-15,00:00:00,0,0,0,F11MO
40,Molenlei 59,2021-02-15,01:00:00,0,0,0,F11MO
40,Molenlei 59,2021-02-15,02:00:00,0,0,0,F11MO
40,Molenlei 59,2021-02-15,03:00:00,0,0,0,F11MO
40,Molenlei 59,2021-02-15,04:00:00,0,0,0,F11MO
40,Molenlei 59,2021-02-15,05:00:00,0,0,0,F11MO
40,Molenlei 59,2021-02-15,06:00:00,0,0,0,F11MO
40,Molenlei 59,2021-02-15,07:00:00,0,0,0,F11MO
40,Molenlei 59,2021-02-15,08:00:00,0,0,0,F11MO
40,Molenlei 59,2021-02-15,09:00:00,0,0,0,F11MO
40,Molenlei 59,2021-02-15,10:00:00,0,0,0,F11MO
40,Molenlei 59,2021-02-15,11:00:00,0,0,0,F11MO
40,Molenlei 59,2021-02-15,12:00:00,0,0,0,F11MO
40,Molenlei 59,2021-02-15,13:00:00,0,0,0,F11MO
40,Molenlei 59,2021-02-15,14:00:00,0,0,0,F11MO
40,Molenlei 59,2021-02-15,15:00:00,0,0,0,F11MO
40,Molenlei 59,2021-02-15,16:00:00,0,0,0,F11MO
40,Molenlei 59,2021-02-15,17:00:00,0,0,0,F11MO
40,Molenlei 59,2021-02-15,18:00:00,0,0,0,F11MO
40,Molenlei 59,2021-02-15,19:00:00,0,0,0,F11MO
40,Molenlei 59,2021-02-15,20:00:00,0,0,0,F11MO
40,Molenlei 59,2021-02-15,21:00:00,0,0,0,F11MO
40,Molenlei 59,2021-02-15,22:00:00,0,0,0,F11MO
40,Molenlei 59,2021-02-15,23:00:00,0,0,0,F11MO
40,Molenlei 59,2021-02-16,00:00:00,0,0,0,F11MO
40,Molenlei 59,2021-02-16,01:00:00,0,0,0,F11MO
40,Molenlei 59,2021-02-16,02:00:00,0,0,0,F11MO
40,Molenlei 59,2021-02-16,03:00:00,0,0,0,F11MO
40,Molenlei 59,2021-02-16,04:00:00,0,0,0,F11MO
40,Molenlei 59,2021-02-16,05:00:00,0,0,0,F11MO
40,Molenlei 59,2021-02-16,06:00:00,0,0,0,F11MO
40,Molenlei 59,2021-02-16,07:00:00,0,0,0,F11MO
40,Molenlei 59,2021-02-16,08:00:00,0,0,0,F11MO
40,Molenlei 59,2021-02-16,09:00:00,0,0,0,F11MO
40,Molenlei 59,2021-02-16,10:00:00,0,0,0,F11MO
40,Molenlei 59,2021-02-16,11:00:00,0,0,0,F11MO
40,Molenlei 59,2021-02-16,12:00:00,0,0,0,F11MO
40,Molenlei 59,2021-02-16,13:00:00,0,0,0,F11MO
40,Molenlei 59,2021-02-16,14:00:00,0,0,0,F11MO
40,Molenlei 59,2021-02-16,15:00:00,0,0,0,F11MO
40,Molenlei 59,2021-02-16,16:00:00,0,0,0,F11MO
40,Molenlei 59,2021-02-16,17:00:00,0,0,0,F11MO
40,Molenlei 59,2021-02-16,18:00:00,0,0,0,F11MO
40,Molenlei 59,2021-02-16,19:00:00,0,0,0,F11MO
40,Molenlei 59,2021-02-16,20:00:00,0,0,0,F11MO
40,Molenlei 59,2021-02-16,21:00:00,0,0,0,F11MO
40,Molenlei 59,2021-02-16,22:00:00,0,0,0,F11MO
40,Molenlei 59,2021-02-16,23:00:00,0,0,0,F11MO
40,Molenlei 59,2021-02-17,00:00:00,0,0,0,F11MO
40,Molenlei 59,2021-02-17,01:00:00,0,0,0,F11MO
40,Molenlei 59,2021-02-17,02:00:00,0,0,0,F11MO
40,Molenlei 59,2021-02-17,03:00:00,0,0,0,F11MO
40,Molenlei 59,2021-02-17,04:00:00,0,0,0,F11MO
40,Molenlei 59,2021-02-17,05:00:00,0,0,0,F11MO
40,Molenlei 59,2021-02-17,06:00:00,0,0,0,F11MO
40,Molenlei 59,2021-02-17,07:00:00,0,0,0,F11MO
40,Molenlei 59,2021-02-17,08:00:00,0,0,0,F11MO
40,Molenlei 59,2021-02-17,09:00:00,0,0,0,F11MO
40,Molenlei 59,2021-02-17,10:00:00,0,0,0,F11MO
40,Molenlei 59,2021-02-17,11:00:00,0,0,0,F11MO
40,Molenlei 59,2021-02-17,12:00:00,0,0,0,F11MO
40,Molenlei 59,2021-02-17,13:00:00,0,0,0,F11MO
40,Molenlei 59,2021-02-17,14:00:00,0,0,0,F11MO
40,Molenlei 59,2021-02-17,15:00:00,0,0,0,F11MO
40,Molenlei 59,2021-02-17,16:00:00,0,0,0,F11MO
40,Molenlei 59,2021-02-17,17:00:00,0,0,0,F11MO
40,Molenlei 59,2021-02-17,18:00:00,0,0,0,F11MO
40,Molenlei 59,2021-02-17,19:00:00,0,0,0,F11MO
40,Molenlei 59,2021-02-17,20:00:00,0,0,0,F11MO
40,Molenlei 59,2021-02-17,21:00:00,0,0,0,F11MO
40,Molenlei 59,2021-02-17,22:00:00,0,0,0,F11MO
40,Molenlei 59,2021-02-17,23:00:00,0,0,0,F11MO
40,Molenlei 59,2021-02-18,00:00:00,0,0,0,F11MO
40,Molenlei 59,2021-02-18,01:00:00,0,0,0,F11MO
40,Molenlei 59,2021-02-18,02:00:00,0,0,0,F11MO
40,Molenlei 59,2021-02-18,03:00:00,0,0,0,F11MO
40,Molenlei 59,2021-02-18,04:00:00,0,0,0,F11MO
40,Molenlei 59,2021-02-18,05:00:00,0,0,0,F11MO
40,Molenlei 59,2021-02-18,06:00:00,0,0,0,F11MO
40,Molenlei 59,2021-02-18,07:00:00,0,0,0,F11MO
40,Molenlei 59,2021-02-18,08:00:00,0,0,0,F11MO
40,Molenlei 59,2021-02-18,09:00:00,0,0,0,F11MO
40,Molenlei 59,2021-02-18,10:00:00,0,0,0,F11MO
40,Molenlei 59,2021-02-18,11:00:00,0,0,0,F11MO
40,Molenlei 59,2021-02-18,12:00:00,0,0,0,F11MO
40,Molenlei 59,2021-02-18,13:00:00,0,0,0,F11MO
40,Molenlei 59,2021-02-18,14:00:00,0,0,0,F11MO
40,Molenlei 59,2021-02-18,15:00:00,0,0,0,F11MO
40,Molenlei 59,2021-02-18,16:00:00,0,0,0,F11MO
40,Molenlei 59,2021-02-18,17:00:00,0,0,0,F11MO
40,Molenlei 59,2021-02-18,18:00:00,0,0,0,F11MO
40,Molenlei 59,2021-02-18,19:00:00,0,0,0,F11MO
40,Molenlei 59,2021-02-18,20:00:00,0,0,0,F11MO
40,Molenlei 59,2021-02-18,21:00:00,0,0,0,F11MO
40,Molenlei 59,2021-02-18,22:00:00,0,0,0,F11MO
40,Molenlei 59,2021-02-18,23:00:00,0,0,0,F11MO
40,Molenlei 59,2021-02-19,00:00:00,0,0,0,F11MO
40,Molenlei 59,2021-02-19,01:00:00,0,0,0,F11MO
40,Molenlei 59,2021-02-19,02:00:00,0,0,0,F11MO
40,Molenlei 59,2021-02-19,03:00:00,0,0,0,F11MO
40,Molenlei 59,2021-02-19,04:00:00,0,0,0,F11MO
40,Molenlei 59,2021-02-19,05:00:00,0,0,0,F11MO
40,Molenlei 59,2021-02-19,06:00:00,0,0,0,F11MO
40,Molenlei 59,2021-02-19,07:00:00,0,0,0,F11MO
40,Molenlei 59,2021-02-19,08:00:00,0,0,0,F11MO
40,Molenlei 59,2021-02-19,09:00:00,0,0,0,F11MO
40,Molenlei 59,2021-02-19,10:00:00,0,0,0,F11MO
40,Molenlei 59,2021-02-19,11:00:00,0,0,0,F11MO
40,Molenlei 59,2021-02-19,12:00:00,0,0,0,F11MO
40,Molenlei 59,2021-02-19,13:00:00,0,0,0,F11MO
40,Molenlei 59,2021-02-19,14:00:00,0,0,0,F11MO
40,Molenlei 59,2021-02-19,15:00:00,0,0,0,F11MO
40,Molenlei 59,2021-02-19,16:00:00,0,0,0,F11MO
40,Molenlei 59,2021-02-19,17:00:00,0,0,0,F11MO
40,Molenlei 59,2021-02-19,18:00:00,0,0,0,F11MO
40,Molenlei 59,2021-02-19,19:00:00,0,0,0,F11MO
40,Molenlei 59,2021-02-19,20:00:00,0,0,0,F11MO
40,Molenlei 59,2021-02-19,21:00:00,0,0,0,F11MO
40,Molenlei 59,2021-02-19,22:00:00,0,0,0,F11MO
40,Molenlei 59,2021-02-19,23:00:00,0,0,0,F11MO
40,Molenlei 59,2021-02-20,00:00:00,0,0,0,F11MO
40,Molenlei 59,2021-02-20,01:00:00,0,0,0,F11MO
40,Molenlei 59,2021-02-20,02:00:00,0,0,0,F11MO
40,Molenlei 59,2021-02-20,03:00:00,0,0,0,F11MO
40,Molenlei 59,2021-02-20,04:00:00,0,0,0,F11MO
40,Molenlei 59,2021-02-20,05:00:00,0,0,0,F11MO
40,Molenlei 59,2021-02-20,06:00:00,0,0,0,F11MO
40,Molenlei 59,2021-02-20,07:00:00,0,0,0,F11MO
40,Molenlei 59,2021-02-20,08:00:00,0,0,0,F11MO
40,Molenlei 59,2021-02-20,09:00:00,0,0,0,F11MO
40,Molenlei 59,2021-02-20,10:00:00,0,0,0,F11MO
40,Molenlei 59,2021-02-20,11:00:00,0,0,0,F11MO
40,Molenlei 59,2021-02-20,12:00:00,0,0,0,F11MO
40,Molenlei 59,2021-02-20,13:00:00,0,0,0,F11MO
40,Molenlei 59,2021-02-20,14:00:00,0,0,0,F11MO
40,Molenlei 59,2021-02-20,15:00:00,0,0,0,F11MO
40,Molenlei 59,2021-02-20,16:00:00,0,0,0,F11MO
40,Molenlei 59,2021-02-20,17:00:00,0,0,0,F11MO
40,Molenlei 59,2021-02-20,18:00:00,0,0,0,F11MO
40,Molenlei 59,2021-02-20,19:00:00,0,0,0,F11MO
40,Molenlei 59,2021-02-20,20:00:00,0,0,0,F11MO
40,Molenlei 59,2021-02-20,21:00:00,0,0,0,F11MO
40,Molenlei 59,2021-02-20,22:00:00,0,0,0,F11MO
40,Molenlei 59,2021-02-20,23:00:00,0,0,0,F11MO
40,Molenlei 59,2021-02-21,00:00:00,0,0,0,F11MO
40,Molenlei 59,2021-02-21,01:00:00,0,0,0,F11MO
40,Molenlei 59,2021-02-21,02:00:00,0,0,0,F11MO
40,Molenlei 59,2021-02-21,03:00:00,0,0,0,F11MO
40,Molenlei 59,2021-02-21,04:00:00,0,0,0,F11MO
40,Molenlei 59,2021-02-21,05:00:00,0,0,0,F11MO
40,Molenlei 59,2021-02-21,06:00:00,0,0,0,F11MO
40,Molenlei 59,2021-02-21,07:00:00,0,0,0,F11MO
40,Molenlei 59,2021-02-21,08:00:00,0,0,0,F11MO
40,Molenlei 59,2021-02-21,09:00:00,0,0,0,F11MO
40,Molenlei 59,2021-02-21,10:00:00,0,0,0,F11MO
40,Molenlei 59,2021-02-21,11:00:00,0,0,0,F11MO
40,Molenlei 59,2021-02-21,12:00:00,0,0,0,F11MO
40,Molenlei 59,2021-02-21,13:00:00,0,0,0,F11MO
40,Molenlei 59,2021-02-21,14:00:00,0,0,0,F11MO
40,Molenlei 59,2021-02-21,15:00:00,0,0,0,F11MO
40,Molenlei 59,2021-02-21,16:00:00,0,0,0,F11MO
40,Molenlei 59,2021-02-21,17:00:00,0,0,0,F11MO
40,Molenlei 59,2021-02-21,18:00:00,0,0,0,F11MO
40,Molenlei 59,2021-02-21,19:00:00,0,0,0,F11MO
40,Molenlei 59,2021-02-21,20:00:00,0,0,0,F11MO
40,Molenlei 59,2021-02-21,21:00:00,0,0,0,F11MO
40,Molenlei 59,2021-02-21,22:00:00,0,0,0,F11MO
40,Molenlei 59,2021-02-21,23:00:00,0,0,0,F11MO
40,Molenlei 59,2021-02-22,00:00:00,0,0,0,F11MO
40,Molenlei 59,2021-02-22,01:00:00,0,0,0,F11MO
40,Molenlei 59,2021-02-22,02:00:00,0,0,0,F11MO
40,Molenlei 59,2021-02-22,03:00:00,0,0,0,F11MO
40,Molenlei 59,2021-02-22,04:00:00,0,0,0,F11MO
40,Molenlei 59,2021-02-22,05:00:00,0,0,0,F11MO
40,Molenlei 59,2021-02-22,06:00:00,0,0,0,F11MO
40,Molenlei 59,2021-02-22,07:00:00,0,0,0,F11MO
40,Molenlei 59,2021-02-22,08:00:00,0,0,0,F11MO
40,Molenlei 59,2021-02-22,09:00:00,0,0,0,F11MO
40,Molenlei 59,2021-02-22,10:00:00,0,0,0,F11MO
40,Molenlei 59,2021-02-22,11:00:00,0,0,0,F11MO
40,Molenlei 59,2021-02-22,12:00:00,0,0,0,F11MO
40,Molenlei 59,2021-02-22,13:00:00,0,0,0,F11MO
40,Molenlei 59,2021-02-22,14:00:00,0,0,0,F11MO
40,Molenlei 59,2021-02-22,15:00:00,0,0,0,F11MO
40,Molenlei 59,2021-02-22,16:00:00,0,0,0,F11MO
40,Molenlei 59,2021-02-22,17:00:00,0,0,0,F11MO
40,Molenlei 59,2021-02-22,18:00:00,0,0,0,F11MO
40,Molenlei 59,2021-02-22,19:00:00,0,0,0,F11MO
40,Molenlei 59,2021-02-22,20:00:00,0,0,0,F11MO
40,Molenlei 59,2021-02-22,21:00:00,0,0,0,F11MO
40,Molenlei 59,2021-02-22,22:00:00,0,0,0,F11MO
40,Molenlei 59,2021-02-22,23:00:00,0,0,0,F11MO
40,Molenlei 59,2021-02-23,00:00:00,0,0,0,F11MO
40,Molenlei 59,2021-02-23,01:00:00,0,0,0,F11MO
40,Molenlei 59,2021-02-23,02:00:00,0,0,0,F11MO
40,Molenlei 59,2021-02-23,03:00:00,0,0,0,F11MO
40,Molenlei 59,2021-02-23,04:00:00,0,0,0,F11MO
40,Molenlei 59,2021-02-23,05:00:00,0,0,0,F11MO
40,Molenlei 59,2021-02-23,06:00:00,0,0,0,F11MO
40,Molenlei 59,2021-02-23,07:00:00,0,0,0,F11MO
40,Molenlei 59,2021-02-23,08:00:00,0,0,0,F11MO
40,Molenlei 59,2021-02-23,09:00:00,0,0,0,F11MO
40,Molenlei 59,2021-02-23,10:00:00,0,0,0,F11MO
40,Molenlei 59,2021-02-23,11:00:00,0,0,0,F11MO
40,Molenlei 59,2021-02-23,12:00:00,0,0,0,F11MO
40,Molenlei 59,2021-02-23,13:00:00,0,0,0,F11MO
40,Molenlei 59,2021-02-23,14:00:00,142,50,92,F11MO
40,Molenlei 59,2021-02-23,15:00:00,432,188,244,F11MO
40,Molenlei 59,2021-02-23,16:00:00,486,178,308,F11MO
40,Molenlei 59,2021-02-23,17:00:00,394,152,242,F11MO
40,Molenlei 59,2021-02-23,18:00:00,194,100,94,F11MO
40,Molenlei 59,2021-02-23,19:00:00,70,42,28,F11MO
40,Molenlei 59,2021-02-23,20:00:00,46,26,20,F11MO
40,Molenlei 59,2021-02-23,21:00:00,64,44,20,F11MO
40,Molenlei 59,2021-02-23,22:00:00,32,0,32,F11MO
40,Molenlei 59,2021-02-23,23:00:00,6,0,6,F11MO
40,Molenlei 59,2021-02-24,00:00:00,2,0,2,F11MO
40,Molenlei 59,2021-02-24,01:00:00,0,0,0,F11MO
40,Molenlei 59,2021-02-24,02:00:00,0,0,0,F11MO
40,Molenlei 59,2021-02-24,03:00:00,2,2,0,F11MO
40,Molenlei 59,2021-02-24,04:00:00,6,4,2,F11MO
40,Molenlei 59,2021-02-24,05:00:00,34,20,14,F11MO
40,Molenlei 59,2021-02-24,06:00:00,100,62,38,F11MO
40,Molenlei 59,2021-02-24,07:00:00,320,194,126,F11MO
40,Molenlei 59,2021-02-24,08:00:00,390,252,138,F11MO
40,Molenlei 59,2021-02-24,09:00:00,152,68,84,F11MO
40,Molenlei 59,2021-02-24,10:00:00,182,82,100,F11MO
40,Molenlei 59,2021-02-24,11:00:00,304,122,182,F11MO
40,Molenlei 59,2021-02-24,12:00:00,404,180,224,F11MO
40,Molenlei 59,2021-02-24,13:00:00,426,174,252,F11MO
40,Molenlei 59,2021-02-24,14:00:00,432,188,244,F11MO
40,Molenlei 59,2021-02-24,15:00:00,438,208,230,F11MO
40,Molenlei 59,2021-02-24,16:00:00,548,276,272,F11MO
40,Molenlei 59,2021-02-24,17:00:00,454,226,228,F11MO
40,Molenlei 59,2021-02-24,18:00:00,218,126,92,F11MO
40,Molenlei 59,2021-02-24,19:00:00,76,24,52,F11MO
40,Molenlei 59,2021-02-24,20:00:00,70,44,26,F11MO
40,Molenlei 59,2021-02-24,21:00:00,62,40,22,F11MO
40,Molenlei 59,2021-02-24,22:00:00,46,10,36,F11MO
40,Molenlei 59,2021-02-24,23:00:00,20,4,16,F11MO
40,Molenlei 59,2021-02-25,00:00:00,0,0,0,F11MO
40,Molenlei 59,2021-02-25,01:00:00,0,0,0,F11MO
40,Molenlei 59,2021-02-25,02:00:00,2,0,2,F11MO
40,Molenlei 59,2021-02-25,03:00:00,0,0,0,F11MO
40,Molenlei 59,2021-02-25,04:00:00,8,6,2,F11MO
40,Molenlei 59,2021-02-25,05:00:00,32,18,14,F11MO
40,Molenlei 59,2021-02-25,06:00:00,90,64,26,F11MO
40,Molenlei 59,2021-02-25,07:00:00,282,176,106,F11MO
40,Molenlei 59,2021-02-25,08:00:00,338,196,142,F11MO
40,Molenlei 59,2021-02-25,09:00:00,128,44,84,F11MO
40,Molenlei 59,2021-02-25,10:00:00,154,60,94,F11MO
40,Molenlei 59,2021-02-25,11:00:00,186,94,92,F11MO
40,Molenlei 59,2021-02-25,12:00:00,180,78,102,F11MO
40,Molenlei 59,2021-02-25,13:00:00,186,70,116,F11MO
40,Molenlei 59,2021-02-25,14:00:00,224,92,132,F11MO
40,Molenlei 59,2021-02-25,15:00:00,368,158,210,F11MO
40,Molenlei 59,2021-02-25,16:00:00,376,174,202,F11MO
40,Molenlei 59,2021-02-25,17:00:00,254,106,148,F11MO
40,Molenlei 59,2021-02-25,18:00:00,96,52,44,F11MO
40,Molenlei 59,2021-02-25,19:00:00,50,22,28,F11MO
40,Molenlei 59,2021-02-25,20:00:00,20,2,18,F11MO
40,Molenlei 59,2021-02-25,21:00:00,22,12,10,F11MO
40,Molenlei 59,2021-02-25,22:00:00,24,10,14,F11MO
40,Molenlei 59,2021-02-25,23:00:00,12,2,10,F11MO
40,Molenlei 59,2021-02-26,00:00:00,0,0,0,F11MO
40,Molenlei 59,2021-02-26,01:00:00,0,0,0,F11MO
40,Molenlei 59,2021-02-26,02:00:00,0,0,0,F11MO
40,Molenlei 59,2021-02-26,03:00:00,0,0,0,F11MO
40,Molenlei 59,2021-02-26,04:00:00,8,8,0,F11MO
40,Molenlei 59,2021-02-26,05:00:00,16,12,4,F11MO
40,Molenlei 59,2021-02-26,06:00:00,72,52,20,F11MO
40,Molenlei 59,2021-02-26,07:00:00,256,156,100,F11MO
40,Molenlei 59,2021-02-26,08:00:00,322,196,126,F11MO
40,Molenlei 59,2021-02-26,09:00:00,140,60,80,F11MO
40,Molenlei 59,2021-02-26,10:00:00,118,50,68,F11MO
40,Molenlei 59,2021-02-26,11:00:00,160,76,84,F11MO
40,Molenlei 59,2021-02-26,12:00:00,168,92,76,F11MO
40,Molenlei 59,2021-02-26,13:00:00,182,86,96,F11MO
40,Molenlei 59,2021-02-26,14:00:00,298,152,146,F11MO
40,Molenlei 59,2021-02-26,15:00:00,382,154,228,F11MO
40,Molenlei 59,2021-02-26,16:00:00,400,190,210,F11MO
40,Molenlei 59,2021-02-26,17:00:00,344,168,176,F11MO
40,Molenlei 59,2021-02-26,18:00:00,198,86,112,F11MO
40,Molenlei 59,2021-02-26,19:00:00,100,54,46,F11MO
40,Molenlei 59,2021-02-26,20:00:00,52,28,24,F11MO
40,Molenlei 59,2021-02-26,21:00:00,42,30,12,F11MO
40,Molenlei 59,2021-02-26,22:00:00,30,12,18,F11MO
40,Molenlei 59,2021-02-26,23:00:00,38,20,18,F11MO
40,Molenlei 59,2021-02-27,00:00:00,8,2,6,F11MO
40,Molenlei 59,2021-02-27,01:00:00,0,0,0,F11MO
40,Molenlei 59,2021-02-27,02:00:00,4,2,2,F11MO
40,Molenlei 59,2021-02-27,03:00:00,0,0,0,F11MO
40,Molenlei 59,2021-02-27,04:00:00,2,2,0,F11MO
40,Molenlei 59,2021-02-27,05:00:00,12,8,4,F11MO
40,Molenlei 59,2021-02-27,06:00:00,22,8,14,F11MO
40,Molenlei 59,2021-02-27,07:00:00,12,4,8,F11MO
40,Molenlei 59,2021-02-27,08:00:00,66,22,44,F11MO
40,Molenlei 59,2021-02-27,09:00:00,94,28,66,F11MO
40,Molenlei 59,2021-02-27,10:00:00,176,68,108,F11MO
40,Molenlei 59,2021-02-27,11:00:00,178,104,74,F11MO
40,Molenlei 59,2021-02-27,12:00:00,176,100,76,F11MO
40,Molenlei 59,2021-02-27,13:00:00,228,120,108,F11MO
40,Molenlei 59,2021-02-27,14:00:00,192,88,104,F11MO
40,Molenlei 59,2021-02-27,15:00:00,206,100,106,F11MO
40,Molenlei 59,2021-02-27,16:00:00,184,100,84,F11MO
40,Molenlei 59,2021-02-27,17:00:00,138,78,60,F11MO
40,Molenlei 59,2021-02-27,18:00:00,68,40,28,F11MO
40,Molenlei 59,2021-02-27,19:00:00,44,18,26,F11MO
40,Molenlei 59,2021-02-27,20:00:00,28,16,12,F11MO
40,Molenlei 59,2021-02-27,21:00:00,30,10,20,F11MO
40,Molenlei 59,2021-02-27,22:00:00,30,8,22,F11MO
40,Molenlei 59,2021-02-27,23:00:00,24,14,10,F11MO
40,Molenlei 59,2021-02-28,00:00:00,0,0,0,F11MO
40,Molenlei 59,2021-02-28,01:00:00,0,0,0,F11MO
40,Molenlei 59,2021-02-28,02:00:00,0,0,0,F11MO
40,Molenlei 59,2021-02-28,03:00:00,2,0,2,F11MO
40,Molenlei 59,2021-02-28,04:00:00,0,0,0,F11MO
40,Molenlei 59,2021-02-28,05:00:00,4,4,0,F11MO
40,Molenlei 59,2021-02-28,06:00:00,20,8,12,F11MO
40,Molenlei 59,2021-02-28,07:00:00,30,14,16,F11MO
40,Molenlei 59,2021-02-28,08:00:00,86,28,58,F11MO
40,Molenlei 59,2021-02-28,09:00:00,232,102,130,F11MO
40,Molenlei 59,2021-02-28,10:00:00,412,132,280,F11MO
40,Molenlei 59,2021-02-28,11:00:00,506,252,254,F11MO
40,Molenlei 59,2021-02-28,12:00:00,398,218,180,F11MO
40,Molenlei 59,2021-02-28,13:00:00,422,198,224,F11MO
40,Molenlei 59,2021-02-28,14:00:00,444,200,244,F11MO
40,Molenlei 59,2021-02-28,15:00:00,376,176,200,F11MO
40,Molenlei 59,2021-02-28,16:00:00,436,254,182,F11MO
40,Molenlei 59,2021-02-28,17:00:00,232,152,80,F11MO
40,Molenlei 59,2021-02-28,18:00:00,106,60,46,F11MO
40,Molenlei 59,2021-02-28,19:00:00,36,16,20,F11MO
40,Molenlei 59,2021-02-28,20:00:00,20,12,8,F11MO
40,Molenlei 59,2021-02-28,21:00:00,16,14,2,F11MO
40,Molenlei 59,2021-02-28,22:00:00,22,6,16,F11MO
40,Molenlei 59,2021-02-28,23:00:00,4,4,0,F11MO
40,Molenlei 59,2021-03-01,00:00:00,0,0,0,F11MO
40,Molenlei 59,2021-03-01,01:00:00,0,0,0,F11MO
40,Molenlei 59,2021-03-01,02:00:00,0,0,0,F11MO
40,Molenlei 59,2021-03-01,03:00:00,2,0,2,F11MO
40,Molenlei 59,2021-03-01,04:00:00,12,10,2,F11MO
40,Molenlei 59,2021-03-01,05:00:00,28,18,10,F11MO
40,Molenlei 59,2021-03-01,06:00:00,100,74,26,F11MO
40,Molenlei 59,2021-03-01,07:00:00,278,170,108,F11MO
40,Molenlei 59,2021-03-01,08:00:00,330,192,138,F11MO
40,Molenlei 59,2021-03-01,09:00:00,100,42,58,F11MO
40,Molenlei 59,2021-03-01,10:00:00,76,28,48,F11MO
40,Molenlei 59,2021-03-01,11:00:00,96,50,46,F11MO
40,Molenlei 59,2021-03-01,12:00:00,116,60,56,F11MO
40,Molenlei 59,2021-03-01,13:00:00,144,76,68,F11MO
40,Molenlei 59,2021-03-01,14:00:00,246,114,132,F11MO
40,Molenlei 59,2021-03-01,15:00:00,326,90,236,F11MO
40,Molenlei 59,2021-03-01,16:00:00,412,172,240,F11MO
40,Molenlei 59,2021-03-01,17:00:00,244,114,130,F11MO
40,Molenlei 59,2021-03-01,18:00:00,184,76,108,F11MO
40,Molenlei 59,2021-03-01,19:00:00,56,28,28,F11MO
40,Molenlei 59,2021-03-01,20:00:00,44,20,24,F11MO
40,Molenlei 59,2021-03-01,21:00:00,18,10,8,F11MO
40,Molenlei 59,2021-03-01,22:00:00,30,6,24,F11MO
40,Molenlei 59,2021-03-01,23:00:00,12,4,8,F11MO
40,Molenlei 59,2021-03-02,00:00:00,0,0,0,F11MO
40,Molenlei 59,2021-03-02,01:00:00,0,0,0,F11MO
40,Molenlei 59,2021-03-02,02:00:00,0,0,0,F11MO
40,Molenlei 59,2021-03-02,03:00:00,4,2,2,F11MO
40,Molenlei 59,2021-03-02,04:00:00,4,4,0,F11MO
40,Molenlei 59,2021-03-02,05:00:00,38,28,10,F11MO
40,Molenlei 59,2021-03-02,06:00:00,106,84,22,F11MO
40,Molenlei 59,2021-03-02,07:00:00,272,170,102,F11MO
40,Molenlei 59,2021-03-02,08:00:00,308,188,120,F11MO
40,Molenlei 59,2021-03-02,09:00:00,102,48,54,F11MO
40,Molenlei 59,2021-03-02,10:00:00,122,68,54,F11MO
40,Molenlei 59,2021-03-02,11:00:00,118,56,62,F11MO
40,Molenlei 59,2021-03-02,12:00:00,200,98,102,F11MO
40,Molenlei 59,2021-03-02,13:00:00,288,124,164,F11MO
40,Molenlei 59,2021-03-02,14:00:00,384,186,198,F11MO
40,Molenlei 59,2021-03-02,15:00:00,504,200,304,F11MO
40,Molenlei 59,2021-03-02,16:00:00,556,216,340,F11MO
40,Molenlei 59,2021-03-02,17:00:00,366,140,226,F11MO
40,Molenlei 59,2021-03-02,18:00:00,216,118,98,F11MO
40,Molenlei 59,2021-03-02,19:00:00,50,22,28,F11MO
40,Molenlei 59,2021-03-02,20:00:00,52,34,18,F11MO
40,Molenlei 59,2021-03-02,21:00:00,26,14,12,F11MO
40,Molenlei 59,2021-03-02,22:00:00,44,2,42,F11MO
40,Molenlei 59,2021-03-02,23:00:00,8,6,2,F11MO
40,Molenlei 59,2021-03-03,00:00:00,0,0,0,F11MO
40,Molenlei 59,2021-03-03,01:00:00,0,0,0,F11MO
40,Molenlei 59,2021-03-03,02:00:00,2,0,2,F11MO
40,Molenlei 59,2021-03-03,03:00:00,0,0,0,F11MO
40,Molenlei 59,2021-03-03,04:00:00,12,12,0,F11MO
40,Molenlei 59,2021-03-03,05:00:00,44,36,8,F11MO
40,Molenlei 59,2021-03-03,06:00:00,80,66,14,F11MO
40,Molenlei 59,2021-03-03,07:00:00,294,166,128,F11MO
40,Molenlei 59,2021-03-03,08:00:00,292,186,106,F11MO
40,Molenlei 59,2021-03-03,09:00:00,124,40,84,F11MO
40,Molenlei 59,2021-03-03,10:00:00,182,102,80,F11MO
40,Molenlei 59,2021-03-03,11:00:00,272,104,168,F11MO
40,Molenlei 59,2021-03-03,12:00:00,348,134,214,F11MO
40,Molenlei 59,2021-03-03,13:00:00,398,146,252,F11MO
40,Molenlei 59,2021-03-03,14:00:00,438,182,256,F11MO
40,Molenlei 59,2021-03-03,15:00:00,398,194,204,F11MO
40,Molenlei 59,2021-03-03,16:00:00,466,216,250,F11MO
40,Molenlei 59,2021-03-03,17:00:00,408,174,234,F11MO
40,Molenlei 59,2021-03-03,18:00:00,190,108,82,F11MO
40,Molenlei 59,2021-03-03,19:00:00,114,56,58,F11MO
40,Molenlei 59,2021-03-03,20:00:00,30,16,14,F11MO
40,Molenlei 59,2021-03-03,21:00:00,32,14,18,F11MO
40,Molenlei 59,2021-03-03,22:00:00,36,6,30,F11MO
40,Molenlei 59,2021-03-03,23:00:00,12,8,4,F11MO
40,Molenlei 59,2021-03-04,00:00:00,2,0,2,F11MO
40,Molenlei 59,2021-03-04,01:00:00,0,0,0,F11MO
40,Molenlei 59,2021-03-04,02:00:00,0,0,0,F11MO
40,Molenlei 59,2021-03-04,03:00:00,0,0,0,F11MO
40,Molenlei 59,2021-03-04,04:00:00,2,2,0,F11MO
40,Molenlei 59,2021-03-04,05:00:00,38,30,8,F11MO
40,Molenlei 59,2021-03-04,06:00:00,64,44,20,F11MO
40,Molenlei 59,2021-03-04,07:00:00,214,122,92,F11MO
40,Molenlei 59,2021-03-04,08:00:00,292,160,132,F11MO
40,Molenlei 59,2021-03-04,09:00:00,74,28,46,F11MO
40,Molenlei 59,2021-03-04,10:00:00,56,32,24,F11MO
40,Molenlei 59,2021-03-04,11:00:00,68,30,38,F11MO
40,Molenlei 59,2021-03-04,12:00:00,56,20,36,F11MO
40,Molenlei 59,2021-03-04,13:00:00,74,26,48,F11MO
40,Molenlei 59,2021-03-04,14:00:00,80,30,50,F11MO
40,Molenlei 59,2021-03-04,15:00:00,200,68,132,F11MO
40,Molenlei 59,2021-03-04,16:00:00,218,76,142,F11MO
40,Molenlei 59,2021-03-04,17:00:00,248,110,138,F11MO
40,Molenlei 59,2021-03-04,18:00:00,96,42,54,F11MO
40,Molenlei 59,2021-03-04,19:00:00,84,36,48,F11MO
40,Molenlei 59,2021-03-04,20:00:00,36,14,22,F11MO
40,Molenlei 59,2021-03-04,21:00:00,14,6,8,F11MO
40,Molenlei 59,2021-03-04,22:00:00,18,6,12,F11MO
40,Molenlei 59,2021-03-04,23:00:00,20,16,4,F11MO
40,Molenlei 59,2021-03-05,00:00:00,0,0,0,F11MO
40,Molenlei 59,2021-03-05,01:00:00,2,0,2,F11MO
40,Molenlei 59,2021-03-05,02:00:00,0,0,0,F11MO
40,Molenlei 59,2021-03-05,03:00:00,0,0,0,F11MO
40,Molenlei 59,2021-03-05,04:00:00,4,2,2,F11MO
40,Molenlei 59,2021-03-05,05:00:00,30,26,4,F11MO
40,Molenlei 59,2021-03-05,06:00:00,76,52,24,F11MO
40,Molenlei 59,2021-03-05,07:00:00,262,148,114,F11MO
40,Molenlei 59,2021-03-05,08:00:00,308,186,122,F11MO
40,Molenlei 59,2021-03-05,09:00:00,96,44,52,F11MO
40,Molenlei 59,2021-03-05,10:00:00,142,54,88,F11MO
40,Molenlei 59,2021-03-05,11:00:00,146,64,82,F11MO
40,Molenlei 59,2021-03-05,12:00:00,170,78,92,F11MO
40,Molenlei 59,2021-03-05,13:00:00,168,72,96,F11MO
40,Molenlei 59,2021-03-05,14:00:00,244,104,140,F11MO
40,Molenlei 59,2021-03-05,15:00:00,342,136,206,F11MO
40,Molenlei 59,2021-03-05,16:00:00,336,116,220,F11MO
40,Molenlei 59,2021-03-05,17:00:00,258,86,172,F11MO
40,Molenlei 59,2021-03-05,18:00:00,150,58,92,F11MO
40,Molenlei 59,2021-03-05,19:00:00,92,48,44,F11MO
40,Molenlei 59,2021-03-05,20:00:00,42,18,24,F11MO
40,Molenlei 59,2021-03-05,21:00:00,24,14,10,F11MO
40,Molenlei 59,2021-03-05,22:00:00,20,4,16,F11MO
40,Molenlei 59,2021-03-05,23:00:00,16,8,8,F11MO
40,Molenlei 59,2021-03-06,00:00:00,2,2,0,F11MO
40,Molenlei 59,2021-03-06,01:00:00,4,0,4,F11MO
40,Molenlei 59,2021-03-06,02:00:00,2,2,0,F11MO
40,Molenlei 59,2021-03-06,03:00:00,0,0,0,F11MO
40,Molenlei 59,2021-03-06,04:00:00,0,0,0,F11MO
40,Molenlei 59,2021-03-06,05:00:00,18,12,6,F11MO
40,Molenlei 59,2021-03-06,06:00:00,22,14,8,F11MO
40,Molenlei 59,2021-03-06,07:00:00,20,12,8,F11MO
40,Molenlei 59,2021-03-06,08:00:00,46,12,34,F11MO
40,Molenlei 59,2021-03-06,09:00:00,116,38,78,F11MO
40,Molenlei 59,2021-03-06,10:00:00,214,80,134,F11MO
40,Molenlei 59,2021-03-06,11:00:00,206,80,126,F11MO
40,Molenlei 59,2021-03-06,12:00:00,244,118,126,F11MO
40,Molenlei 59,2021-03-06,13:00:00,282,116,166,F11MO
40,Molenlei 59,2021-03-06,14:00:00,300,162,138,F11MO
40,Molenlei 59,2021-03-06,15:00:00,248,100,148,F11MO
40,Molenlei 59,2021-03-06,16:00:00,258,150,108,F11MO
40,Molenlei 59,2021-03-06,17:00:00,252,138,114,F11MO
40,Molenlei 59,2021-03-06,18:00:00,78,40,38,F11MO
40,Molenlei 59,2021-03-06,19:00:00,54,34,20,F11MO
40,Molenlei 59,2021-03-06,20:00:00,46,20,26,F11MO
40,Molenlei 59,2021-03-06,21:00:00,10,6,4,F11MO
40,Molenlei 59,2021-03-06,22:00:00,20,12,8,F11MO
40,Molenlei 59,2021-03-06,23:00:00,24,12,12,F11MO
40,Molenlei 59,2021-03-07,00:00:00,4,0,4,F11MO
40,Molenlei 59,2021-03-07,01:00:00,0,0,0,F11MO
40,Molenlei 59,2021-03-07,02:00:00,0,0,0,F11MO
40,Molenlei 59,2021-03-07,03:00:00,0,0,0,F11MO
40,Molenlei 59,2021-03-07,04:00:00,4,4,0,F11MO
40,Molenlei 59,2021-03-07,05:00:00,6,4,2,F11MO
40,Molenlei 59,2021-03-07,06:00:00,10,4,6,F11MO
40,Molenlei 59,2021-03-07,07:00:00,30,16,14,F11MO
40,Molenlei 59,2021-03-07,08:00:00,58,24,34,F11MO
40,Molenlei 59,2021-03-07,09:00:00,166,56,110,F11MO
40,Molenlei 59,2021-03-07,10:00:00,302,122,180,F11MO
40,Molenlei 59,2021-03-07,11:00:00,378,206,172,F11MO
40,Molenlei 59,2021-03-07,12:00:00,288,160,128,F11MO
40,Molenlei 59,2021-03-07,13:00:00,274,124,150,F11MO
40,Molenlei 59,2021-03-07,14:00:00,380,192,188,F11MO
40,Molenlei 59,2021-03-07,15:00:00,308,158,150,F11MO
40,Molenlei 59,2021-03-07,16:00:00,232,122,110,F11MO
40,Molenlei 59,2021-03-07,17:00:00,138,76,62,F11MO
40,Molenlei 59,2021-03-07,18:00:00,68,32,36,F11MO
40,Molenlei 59,2021-03-07,19:00:00,46,26,20,F11MO
40,Molenlei 59,2021-03-07,20:00:00,14,4,10,F11MO
40,Molenlei 59,2021-03-07,21:00:00,18,6,12,F11MO
40,Molenlei 59,2021-03-07,22:00:00,6,0,6,F11MO
40,Molenlei 59,2021-03-07,23:00:00,2,2,0,F11MO
40,Molenlei 59,2021-03-08,00:00:00,0,0,0,F11MO
40,Molenlei 59,2021-03-08,01:00:00,0,0,0,F11MO
40,Molenlei 59,2021-03-08,02:00:00,0,0,0,F11MO
40,Molenlei 59,2021-03-08,03:00:00,0,0,0,F11MO
40,Molenlei 59,2021-03-08,04:00:00,4,4,0,F11MO
40,Molenlei 59,2021-03-08,05:00:00,32,22,10,F11MO
40,Molenlei 59,2021-03-08,06:00:00,62,50,12,F11MO
40,Molenlei 59,2021-03-08,07:00:00,270,158,112,F11MO
40,Molenlei 59,2021-03-08,08:00:00,300,200,100,F11MO
40,Molenlei 59,2021-03-08,09:00:00,72,36,36,F11MO
40,Molenlei 59,2021-03-08,10:00:00,102,38,64,F11MO
40,Molenlei 59,2021-03-08,11:00:00,156,70,86,F11MO
40,Molenlei 59,2021-03-08,12:00:00,146,84,62,F11MO
40,Molenlei 59,2021-03-08,13:00:00,210,98,112,F11MO
40,Molenlei 59,2021-03-08,14:00:00,272,128,144,F11MO
40,Molenlei 59,2021-03-08,15:00:00,344,154,190,F11MO
40,Molenlei 59,2021-03-08,16:00:00,402,176,226,F11MO
40,Molenlei 59,2021-03-08,17:00:00,276,92,184,F11MO
40,Molenlei 59,2021-03-08,18:00:00,144,60,84,F11MO
40,Molenlei 59,2021-03-08,19:00:00,68,30,38,F11MO
40,Molenlei 59,2021-03-08,20:00:00,30,16,14,F11MO
40,Molenlei 59,2021-03-08,21:00:00,20,10,10,F11MO
40,Molenlei 59,2021-03-08,22:00:00,34,6,28,F11MO
40,Molenlei 59,2021-03-08,23:00:00,2,0,2,F11MO
40,Molenlei 59,2021-03-09,00:00:00,0,0,0,F11MO
40,Molenlei 59,2021-03-09,01:00:00,0,0,0,F11MO
40,Molenlei 59,2021-03-09,02:00:00,0,0,0,F11MO
40,Molenlei 59,2021-03-09,03:00:00,2,2,0,F11MO
40,Molenlei 59,2021-03-09,04:00:00,2,2,0,F11MO
40,Molenlei 59,2021-03-09,05:00:00,34,26,8,F11MO
40,Molenlei 59,2021-03-09,06:00:00,56,38,18,F11MO
40,Molenlei 59,2021-03-09,07:00:00,200,118,82,F11MO
40,Molenlei 59,2021-03-09,08:00:00,280,176,104,F11MO
40,Molenlei 59,2021-03-09,09:00:00,118,58,60,F11MO
40,Molenlei 59,2021-03-09,10:00:00,100,56,44,F11MO
40,Molenlei 59,2021-03-09,11:00:00,102,74,28,F11MO
40,Molenlei 59,2021-03-09,12:00:00,118,84,34,F11MO
40,Molenlei 59,2021-03-09,13:00:00,246,176,70,F11MO
40,Molenlei 59,2021-03-09,14:00:00,98,42,56,F11MO
40,Molenlei 59,2021-03-09,15:00:00,202,74,128,F11MO
40,Molenlei 59,2021-03-09,16:00:00,214,64,150,F11MO
40,Molenlei 59,2021-03-09,17:00:00,182,82,100,F11MO
40,Molenlei 59,2021-03-09,18:00:00,108,48,60,F11MO
40,Molenlei 59,2021-03-09,19:00:00,44,16,28,F11MO
40,Molenlei 59,2021-03-09,20:00:00,34,18,16,F11MO
40,Molenlei 59,2021-03-09,21:00:00,32,24,8,F11MO
40,Molenlei 59,2021-03-09,22:00:00,36,12,24,F11MO
40,Molenlei 59,2021-03-09,23:00:00,4,2,2,F11MO
40,Molenlei 59,2021-03-10,00:00:00,0,0,0,F11MO
40,Molenlei 59,2021-03-10,01:00:00,0,0,0,F11MO
40,Molenlei 59,2021-03-10,02:00:00,0,0,0,F11MO
40,Molenlei 59,2021-03-10,03:00:00,0,0,0,F11MO
40,Molenlei 59,2021-03-10,04:00:00,4,2,2,F11MO
40,Molenlei 59,2021-03-10,05:00:00,42,34,8,F11MO
40,Molenlei 59,2021-03-10,06:00:00,88,58,30,F11MO
40,Molenlei 59,2021-03-10,07:00:00,214,112,102,F11MO
40,Molenlei 59,2021-03-10,08:00:00,214,136,78,F11MO
40,Molenlei 59,2021-03-10,09:00:00,90,34,56,F11MO
40,Molenlei 59,2021-03-10,10:00:00,134,60,74,F11MO
40,Molenlei 59,2021-03-10,11:00:00,146,84,62,F11MO
40,Molenlei 59,2021-03-10,12:00:00,244,106,138,F11MO
40,Molenlei 59,2021-03-10,13:00:00,180,88,92,F11MO
40,Molenlei 59,2021-03-10,14:00:00,156,80,76,F11MO
40,Molenlei 59,2021-03-10,15:00:00,168,70,98,F11MO
40,Molenlei 59,2021-03-10,16:00:00,140,62,78,F11MO
40,Molenlei 59,2021-03-10,17:00:00,164,58,106,F11MO
40,Molenlei 59,2021-03-10,18:00:00,102,52,50,F11MO
40,Molenlei 59,2021-03-10,19:00:00,44,8,36,F11MO
40,Molenlei 59,2021-03-10,20:00:00,28,14,14,F11MO
40,Molenlei 59,2021-03-10,21:00:00,30,16,14,F11MO
40,Molenlei 59,2021-03-10,22:00:00,20,2,18,F11MO
40,Molenlei 59,2021-03-10,23:00:00,8,6,2,F11MO
40,Molenlei 59,2021-03-11,00:00:00,0,0,0,F11MO
40,Molenlei 59,2021-03-11,01:00:00,0,0,0,F11MO
40,Molenlei 59,2021-03-11,02:00:00,0,0,0,F11MO
40,Molenlei 59,2021-03-11,03:00:00,0,0,0,F11MO
40,Molenlei 59,2021-03-11,04:00:00,2,2,0,F11MO
40,Molenlei 59,2021-03-11,05:00:00,24,16,8,F11MO
40,Molenlei 59,2021-03-11,06:00:00,46,28,18,F11MO
40,Molenlei 59,2021-03-11,07:00:00,140,82,58,F11MO
40,Molenlei 59,2021-03-11,08:00:00,220,130,90,F11MO
40,Molenlei 59,2021-03-11,09:00:00,60,30,30,F11MO
40,Molenlei 59,2021-03-11,10:00:00,46,22,24,F11MO
40,Molenlei 59,2021-03-11,11:00:00,42,22,20,F11MO
40,Molenlei 59,2021-03-11,12:00:00,58,26,32,F11MO
40,Molenlei 59,2021-03-11,13:00:00,38,18,20,F11MO
40,Molenlei 59,2021-03-11,14:00:00,50,22,28,F11MO
40,Molenlei 59,2021-03-11,15:00:00,140,40,100,F11MO
40,Molenlei 59,2021-03-11,16:00:00,180,64,116,F11MO
40,Molenlei 59,2021-03-11,17:00:00,104,52,52,F11MO
40,Molenlei 59,2021-03-11,18:00:00,78,42,36,F11MO
40,Molenlei 59,2021-03-11,19:00:00,40,16,24,F11MO
40,Molenlei 59,2021-03-11,20:00:00,30,8,22,F11MO
40,Molenlei 59,2021-03-11,21:00:00,20,14,6,F11MO
40,Molenlei 59,2021-03-11,22:00:00,22,6,16,F11MO
40,Molenlei 59,2021-03-11,23:00:00,8,4,4,F11MO
40,Molenlei 59,2021-03-12,00:00:00,0,0,0,F11MO
40,Molenlei 59,2021-03-12,01:00:00,0,0,0,F11MO
40,Molenlei 59,2021-03-12,02:00:00,0,0,0,F11MO
40,Molenlei 59,2021-03-12,03:00:00,0,0,0,F11MO
40,Molenlei 59,2021-03-12,04:00:00,2,2,0,F11MO
40,Molenlei 59,2021-03-12,05:00:00,24,16,8,F11MO
40,Molenlei 59,2021-03-12,06:00:00,58,32,26,F11MO
40,Molenlei 59,2021-03-12,07:00:00,180,94,86,F11MO
40,Molenlei 59,2021-03-12,08:00:00,238,140,98,F11MO
40,Molenlei 59,2021-03-12,09:00:00,90,50,40,F11MO
40,Molenlei 59,2021-03-12,10:00:00,70,38,32,F11MO
40,Molenlei 59,2021-03-12,11:00:00,104,48,56,F11MO
40,Molenlei 59,2021-03-12,12:00:00,110,60,50,F11MO
40,Molenlei 59,2021-03-12,13:00:00,98,44,54,F11MO
40,Molenlei 59,2021-03-12,14:00:00,56,20,36,F11MO
40,Molenlei 59,2021-03-12,15:00:00,158,60,98,F11MO
40,Molenlei 59,2021-03-12,16:00:00,202,82,120,F11MO
40,Molenlei 59,2021-03-12,17:00:00,122,38,84,F11MO
40,Molenlei 59,2021-03-12,18:00:00,104,44,60,F11MO
40,Molenlei 59,2021-03-12,19:00:00,76,42,34,F11MO
40,Molenlei 59,2021-03-12,20:00:00,42,30,12,F11MO
40,Molenlei 59,2021-03-12,21:00:00,20,8,12,F11MO
40,Molenlei 59,2021-03-12,22:00:00,14,2,12,F11MO
40,Molenlei 59,2021-03-12,23:00:00,36,20,16,F11MO
40,Molenlei 59,2021-03-13,00:00:00,8,4,4,F11MO
40,Molenlei 59,2021-03-13,01:00:00,0,0,0,F11MO
40,Molenlei 59,2021-03-13,02:00:00,0,0,0,F11MO
40,Molenlei 59,2021-03-13,03:00:00,0,0,0,F11MO
40,Molenlei 59,2021-03-13,04:00:00,0,0,0,F11MO
40,Molenlei 59,2021-03-13,05:00:00,8,4,4,F11MO
40,Molenlei 59,2021-03-13,06:00:00,4,0,4,F11MO
40,Molenlei 59,2021-03-13,07:00:00,10,4,6,F11MO
40,Molenlei 59,2021-03-13,08:00:00,26,12,14,F11MO
40,Molenlei 59,2021-03-13,09:00:00,48,22,26,F11MO
40,Molenlei 59,2021-03-13,10:00:00,96,40,56,F11MO
40,Molenlei 59,2021-03-13,11:00:00,120,58,62,F11MO
40,Molenlei 59,2021-03-13,12:00:00,68,46,22,F11MO
40,Molenlei 59,2021-03-13,13:00:00,52,22,30,F11MO
40,Molenlei 59,2021-03-13,14:00:00,86,36,50,F11MO
40,Molenlei 59,2021-03-13,15:00:00,72,36,36,F11MO
40,Molenlei 59,2021-03-13,16:00:00,74,48,26,F11MO
40,Molenlei 59,2021-03-13,17:00:00,64,28,36,F11MO
40,Molenlei 59,2021-03-13,18:00:00,36,18,18,F11MO
40,Molenlei 59,2021-03-13,19:00:00,18,10,8,F11MO
40,Molenlei 59,2021-03-13,20:00:00,26,16,10,F11MO
40,Molenlei 59,2021-03-13,21:00:00,2,0,2,F11MO
40,Molenlei 59,2021-03-13,22:00:00,12,2,10,F11MO
40,Molenlei 59,2021-03-13,23:00:00,28,12,16,F11MO
40,Molenlei 59,2021-03-14,00:00:00,6,4,2,F11MO
40,Molenlei 59,2021-03-14,01:00:00,2,2,0,F11MO
40,Molenlei 59,2021-03-14,02:00:00,4,4,0,F11MO
40,Molenlei 59,2021-03-14,03:00:00,0,0,0,F11MO
40,Molenlei 59,2021-03-14,04:00:00,0,0,0,F11MO
40,Molenlei 59,2021-03-14,05:00:00,10,6,4,F11MO
40,Molenlei 59,2021-03-14,06:00:00,4,0,4,F11MO
40,Molenlei 59,2021-03-14,07:00:00,28,16,12,F11MO
40,Molenlei 59,2021-03-14,08:00:00,68,26,42,F11MO
40,Molenlei 59,2021-03-14,09:00:00,102,44,58,F11MO
40,Molenlei 59,2021-03-14,10:00:00,138,54,84,F11MO
40,Molenlei 59,2021-03-14,11:00:00,184,112,72,F11MO
40,Molenlei 59,2021-03-14,12:00:00,234,170,64,F11MO
40,Molenlei 59,2021-03-14,13:00:00,154,88,66,F11MO
40,Molenlei 59,2021-03-14,14:00:00,206,116,90,F11MO
40,Molenlei 59,2021-03-14,15:00:00,196,98,98,F11MO
40,Molenlei 59,2021-03-14,16:00:00,118,54,64,F11MO
40,Molenlei 59,2021-03-14,17:00:00,94,54,40,F11MO
40,Molenlei 59,2021-03-14,18:00:00,78,36,42,F11MO
40,Molenlei 59,2021-03-14,19:00:00,30,14,16,F11MO
40,Molenlei 59,2021-03-14,20:00:00,34,24,10,F11MO
40,Molenlei 59,2021-03-14,21:00:00,20,14,6,F11MO
40,Molenlei 59,2021-03-14,22:00:00,12,6,6,F11MO
40,Molenlei 59,2021-03-14,23:00:00,6,2,4,F11MO
40,Molenlei 59,2021-03-15,00:00:00,2,0,2,F11MO
40,Molenlei 59,2021-03-15,01:00:00,0,0,0,F11MO
40,Molenlei 59,2021-03-15,02:00:00,0,0,0,F11MO
40,Molenlei 59,2021-03-15,03:00:00,0,0,0,F11MO
40,Molenlei 59,2021-03-15,04:00:00,8,8,0,F11MO
40,Molenlei 59,2021-03-15,05:00:00,34,26,8,F11MO
40,Molenlei 59,2021-03-15,06:00:00,64,44,20,F11MO
40,Molenlei 59,2021-03-15,07:00:00,210,136,74,F11MO
40,Molenlei 59,2021-03-15,08:00:00,228,170,58,F11MO
40,Molenlei 59,2021-03-15,09:00:00,96,42,54,F11MO
40,Molenlei 59,2021-03-15,10:00:00,80,44,36,F11MO
40,Molenlei 59,2021-03-15,11:00:00,78,34,44,F11MO
40,Molenlei 59,2021-03-15,12:00:00,94,48,46,F11MO
40,Molenlei 59,2021-03-15,13:00:00,100,60,40,F11MO
40,Molenlei 59,2021-03-15,14:00:00,90,38,52,F11MO
40,Molenlei 59,2021-03-15,15:00:00,194,64,130,F11MO
40,Molenlei 59,2021-03-15,16:00:00,246,70,176,F11MO
40,Molenlei 59,2021-03-15,17:00:00,188,54,134,F11MO
40,Molenlei 59,2021-03-15,18:00:00,90,36,54,F11MO
40,Molenlei 59,2021-03-15,19:00:00,48,20,28,F11MO
40,Molenlei 59,2021-03-15,20:00:00,20,4,16,F11MO
40,Molenlei 59,2021-03-15,21:00:00,22,10,12,F11MO
40,Molenlei 59,2021-03-15,22:00:00,20,4,16,F11MO
40,Molenlei 59,2021-03-15,23:00:00,2,2,0,F11MO
40,Molenlei 59,2021-03-16,00:00:00,2,2,0,F11MO
40,Molenlei 59,2021-03-16,01:00:00,0,0,0,F11MO
40,Molenlei 59,2021-03-16,02:00:00,0,0,0,F11MO
40,Molenlei 59,2021-03-16,03:00:00,2,2,0,F11MO
40,Molenlei 59,2021-03-16,04:00:00,10,10,0,F11MO
40,Molenlei 59,2021-03-16,05:00:00,34,16,18,F11MO
40,Molenlei 59,2021-03-16,06:00:00,60,42,18,F11MO
40,Molenlei 59,2021-03-16,07:00:00,192,120,72,F11MO
40,Molenlei 59,2021-03-16,08:00:00,250,162,88,F11MO
40,Molenlei 59,2021-03-16,09:00:00,56,28,28,F11MO
40,Molenlei 59,2021-03-16,10:00:00,42,20,22,F11MO
40,Molenlei 59,2021-03-16,11:00:00,38,24,14,F11MO
40,Molenlei 59,2021-03-16,12:00:00,54,24,30,F11MO
40,Molenlei 59,2021-03-16,13:00:00,78,50,28,F11MO
40,Molenlei 59,2021-03-16,14:00:00,54,20,34,F11MO
40,Molenlei 59,2021-03-16,15:00:00,136,38,98,F11MO
40,Molenlei 59,2021-03-16,16:00:00,220,82,138,F11MO
40,Molenlei 59,2021-03-16,17:00:00,148,52,96,F11MO
40,Molenlei 59,2021-03-16,18:00:00,82,34,48,F11MO
40,Molenlei 59,2021-03-16,19:00:00,16,10,6,F11MO
40,Molenlei 59,2021-03-16,20:00:00,10,2,8,F11MO
40,Molenlei 59,2021-03-16,21:00:00,26,22,4,F11MO
40,Molenlei 59,2021-03-16,22:00:00,30,6,24,F11MO
40,Molenlei 59,2021-03-16,23:00:00,8,6,2,F11MO
40,Molenlei 59,2021-03-17,00:00:00,0,0,0,F11MO
40,Molenlei 59,2021-03-17,01:00:00,0,0,0,F11MO
40,Molenlei 59,2021-03-17,02:00:00,0,0,0,F11MO
40,Molenlei 59,2021-03-17,03:00:00,0,0,0,F11MO
40,Molenlei 59,2021-03-17,04:00:00,6,6,0,F11MO
40,Molenlei 59,2021-03-17,05:00:00,32,18,14,F11MO
40,Molenlei 59,2021-03-17,06:00:00,48,36,12,F11MO
40,Molenlei 59,2021-03-17,07:00:00,234,126,108,F11MO
40,Molenlei 59,2021-03-17,08:00:00,258,166,92,F11MO
40,Molenlei 59,2021-03-17,09:00:00,70,32,38,F11MO
40,Molenlei 59,2021-03-17,10:00:00,116,42,74,F11MO
40,Molenlei 59,2021-03-17,11:00:00,172,70,102,F11MO
40,Molenlei 59,2021-03-17,12:00:00,174,56,118,F11MO
40,Molenlei 59,2021-03-17,13:00:00,114,52,62,F11MO
40,Molenlei 59,2021-03-17,14:00:00,104,44,60,F11MO
40,Molenlei 59,2021-03-17,15:00:00,142,58,84,F11MO
40,Molenlei 59,2021-03-17,16:00:00,216,80,136,F11MO
40,Molenlei 59,2021-03-17,17:00:00,164,60,104,F11MO
40,Molenlei 59,2021-03-17,18:00:00,130,80,50,F11MO
40,Molenlei 59,2021-03-17,19:00:00,56,28,28,F11MO
40,Molenlei 59,2021-03-17,20:00:00,34,16,18,F11MO
40,Molenlei 59,2021-03-17,21:00:00,32,20,12,F11MO
40,Molenlei 59,2021-03-17,22:00:00,24,4,20,F11MO
40,Molenlei 59,2021-03-17,23:00:00,6,4,2,F11MO
40,Molenlei 59,2021-03-18,00:00:00,2,0,2,F11MO
40,Molenlei 59,2021-03-18,01:00:00,0,0,0,F11MO
40,Molenlei 59,2021-03-18,02:00:00,0,0,0,F11MO
40,Molenlei 59,2021-03-18,03:00:00,0,0,0,F11MO
40,Molenlei 59,2021-03-18,04:00:00,12,10,2,F11MO
40,Molenlei 59,2021-03-18,05:00:00,34,22,12,F11MO
40,Molenlei 59,2021-03-18,06:00:00,52,36,16,F11MO
40,Molenlei 59,2021-03-18,07:00:00,220,136,84,F11MO
40,Molenlei 59,2021-03-18,08:00:00,248,158,90,F11MO
40,Molenlei 59,2021-03-18,09:00:00,60,32,28,F11MO
40,Molenlei 59,2021-03-18,10:00:00,86,48,38,F11MO
40,Molenlei 59,2021-03-18,11:00:00,116,44,72,F11MO
40,Molenlei 59,2021-03-18,12:00:00,108,46,62,F11MO
40,Molenlei 59,2021-03-18,13:00:00,124,68,56,F11MO
40,Molenlei 59,2021-03-18,14:00:00,130,68,62,F11MO
40,Molenlei 59,2021-03-18,15:00:00,172,54,118,F11MO
40,Molenlei 59,2021-03-18,16:00:00,254,78,176,F11MO
40,Molenlei 59,2021-03-18,17:00:00,190,70,120,F11MO
40,Molenlei 59,2021-03-18,18:00:00,112,46,66,F11MO
40,Molenlei 59,2021-03-18,19:00:00,58,30,28,F11MO
40,Molenlei 59,2021-03-18,20:00:00,48,22,26,F11MO
40,Molenlei 59,2021-03-18,21:00:00,18,8,10,F11MO
40,Molenlei 59,2021-03-18,22:00:00,16,4,12,F11MO
40,Molenlei 59,2021-03-18,23:00:00,8,4,4,F11MO
40,Molenlei 59,2021-03-19,00:00:00,0,0,0,F11MO
40,Molenlei 59,2021-03-19,01:00:00,6,4,2,F11MO
40,Molenlei 59,2021-03-19,02:00:00,0,0,0,F11MO
40,Molenlei 59,2021-03-19,03:00:00,0,0,0,F11MO
40,Molenlei 59,2021-03-19,04:00:00,4,4,0,F11MO
40,Molenlei 59,2021-03-19,05:00:00,30,22,8,F11MO
40,Molenlei 59,2021-03-19,06:00:00,60,40,20,F11MO
40,Molenlei 59,2021-03-19,07:00:00,228,132,96,F11MO
40,Molenlei 59,2021-03-19,08:00:00,304,194,110,F11MO
40,Molenlei 59,2021-03-19,09:00:00,108,52,56,F11MO
40,Molenlei 59,2021-03-19,10:00:00,118,40,78,F11MO
40,Molenlei 59,2021-03-19,11:00:00,138,70,68,F11MO
40,Molenlei 59,2021-03-19,12:00:00,136,78,58,F11MO
40,Molenlei 59,2021-03-19,13:00:00,184,44,140,F11MO
40,Molenlei 59,2021-03-19,14:00:00,246,108,138,F11MO
40,Molenlei 59,2021-03-19,15:00:00,326,130,196,F11MO
40,Molenlei 59,2021-03-19,16:00:00,362,146,216,F11MO
40,Molenlei 59,2021-03-19,17:00:00,264,114,150,F11MO
40,Molenlei 59,2021-03-19,18:00:00,204,102,102,F11MO
40,Molenlei 59,2021-03-19,19:00:00,88,38,50,F11MO
40,Molenlei 59,2021-03-19,20:00:00,34,16,18,F11MO
40,Molenlei 59,2021-03-19,21:00:00,26,18,8,F11MO
40,Molenlei 59,2021-03-19,22:00:00,8,4,4,F11MO
40,Molenlei 59,2021-03-19,23:00:00,34,14,20,F11MO
40,Molenlei 59,2021-03-20,00:00:00,8,0,8,F11MO
40,Molenlei 59,2021-03-20,01:00:00,2,2,0,F11MO
40,Molenlei 59,2021-03-20,02:00:00,0,0,0,F11MO
40,Molenlei 59,2021-03-20,03:00:00,2,2,0,F11MO
40,Molenlei 59,2021-03-20,04:00:00,4,4,0,F11MO
40,Molenlei 59,2021-03-20,05:00:00,6,0,6,F11MO
40,Molenlei 59,2021-03-20,06:00:00,8,4,4,F11MO
40,Molenlei 59,2021-03-20,07:00:00,12,8,4,F11MO
40,Molenlei 59,2021-03-20,08:00:00,64,24,40,F11MO
40,Molenlei 59,2021-03-20,09:00:00,170,58,112,F11MO
40,Molenlei 59,2021-03-20,10:00:00,230,90,140,F11MO
40,Molenlei 59,2021-03-20,11:00:00,276,148,128,F11MO
40,Molenlei 59,2021-03-20,12:00:00,302,174,128,F11MO
40,Molenlei 59,2021-03-20,13:00:00,300,128,172,F11MO
40,Molenlei 59,2021-03-20,14:00:00,466,196,270,F11MO
40,Molenlei 59,2021-03-20,15:00:00,344,208,136,F11MO
40,Molenlei 59,2021-03-20,16:00:00,272,138,134,F11MO
40,Molenlei 59,2021-03-20,17:00:00,180,98,82,F11MO
40,Molenlei 59,2021-03-20,18:00:00,104,60,44,F11MO
40,Molenlei 59,2021-03-20,19:00:00,48,24,24,F11MO
40,Molenlei 59,2021-03-20,20:00:00,58,20,38,F11MO
40,Molenlei 59,2021-03-20,21:00:00,10,4,6,F11MO
40,Molenlei 59,2021-03-20,22:00:00,22,2,20,F11MO
40,Molenlei 59,2021-03-20,23:00:00,34,26,8,F11MO
40,Molenlei 59,2021-03-21,00:00:00,8,4,4,F11MO
40,Molenlei 59,2021-03-21,01:00:00,0,0,0,F11MO
40,Molenlei 59,2021-03-21,02:00:00,0,0,0,F11MO
40,Molenlei 59,2021-03-21,03:00:00,2,2,0,F11MO
40,Molenlei 59,2021-03-21,04:00:00,0,0,0,F11MO
40,Molenlei 59,2021-03-21,05:00:00,4,4,0,F11MO
40,Molenlei 59,2021-03-21,06:00:00,12,4,8,F11MO
40,Molenlei 59,2021-03-21,07:00:00,20,8,12,F11MO
40,Molenlei 59,2021-03-21,08:00:00,78,38,40,F11MO
40,Molenlei 59,2021-03-21,09:00:00,166,66,100,F11MO
40,Molenlei 59,2021-03-21,10:00:00,330,136,194,F11MO
40,Molenlei 59,2021-03-21,11:00:00,332,222,110,F11MO
40,Molenlei 59,2021-03-21,12:00:00,272,178,94,F11MO
40,Molenlei 59,2021-03-21,13:00:00,248,138,110,F11MO
40,Molenlei 59,2021-03-21,14:00:00,224,80,144,F11MO
40,Molenlei 59,2021-03-21,15:00:00,204,90,114,F11MO
40,Molenlei 59,2021-03-21,16:00:00,162,96,66,F11MO
40,Molenlei 59,2021-03-21,17:00:00,112,68,44,F11MO
40,Molenlei 59,2021-03-21,18:00:00,62,30,32,F11MO
40,Molenlei 59,2021-03-21,19:00:00,26,14,12,F11MO
40,Molenlei 59,2021-03-21,20:00:00,18,8,10,F11MO
40,Molenlei 59,2021-03-21,21:00:00,8,4,4,F11MO
40,Molenlei 59,2021-03-21,22:00:00,20,2,18,F11MO
40,Molenlei 59,2021-03-21,23:00:00,18,10,8,F11MO
40,Molenlei 59,2021-03-22,00:00:00,4,0,4,F11MO
40,Molenlei 59,2021-03-22,01:00:00,0,0,0,F11MO
40,Molenlei 59,2021-03-22,02:00:00,0,0,0,F11MO
40,Molenlei 59,2021-03-22,03:00:00,0,0,0,F11MO
40,Molenlei 59,2021-03-22,04:00:00,8,6,2,F11MO
40,Molenlei 59,2021-03-22,05:00:00,30,20,10,F11MO
40,Molenlei 59,2021-03-22,06:00:00,80,62,18,F11MO
40,Molenlei 59,2021-03-22,07:00:00,264,168,96,F11MO
40,Molenlei 59,2021-03-22,08:00:00,294,196,98,F11MO
40,Molenlei 59,2021-03-22,09:00:00,90,36,54,F11MO
40,Molenlei 59,2021-03-22,10:00:00,82,26,56,F11MO
40,Molenlei 59,2021-03-22,11:00:00,100,52,48,F11MO
40,Molenlei 59,2021-03-22,12:00:00,150,80,70,F11MO
40,Molenlei 59,2021-03-22,13:00:00,142,64,78,F11MO
40,Molenlei 59,2021-03-22,14:00:00,120,44,76,F11MO
40,Molenlei 59,2021-03-22,15:00:00,218,78,140,F11MO
40,Molenlei 59,2021-03-22,16:00:00,316,120,196,F11MO
40,Molenlei 59,2021-03-22,17:00:00,218,84,134,F11MO
40,Molenlei 59,2021-03-22,18:00:00,134,50,84,F11MO
40,Molenlei 59,2021-03-22,19:00:00,70,32,38,F11MO
40,Molenlei 59,2021-03-22,20:00:00,46,32,14,F11MO
40,Molenlei 59,2021-03-22,21:00:00,28,18,10,F11MO
40,Molenlei 59,2021-03-22,22:00:00,22,4,18,F11MO
40,Molenlei 59,2021-03-22,23:00:00,4,0,4,F11MO
40,Molenlei 59,2021-03-23,00:00:00,0,0,0,F11MO
40,Molenlei 59,2021-03-23,01:00:00,0,0,0,F11MO
40,Molenlei 59,2021-03-23,02:00:00,0,0,0,F11MO
40,Molenlei 59,2021-03-23,03:00:00,0,0,0,F11MO
40,Molenlei 59,2021-03-23,04:00:00,8,6,2,F11MO
40,Molenlei 59,2021-03-23,05:00:00,40,26,14,F11MO
40,Molenlei 59,2021-03-23,06:00:00,88,66,22,F11MO
40,Molenlei 59,2021-03-23,07:00:00,250,152,98,F11MO
40,Molenlei 59,2021-03-23,08:00:00,274,166,108,F11MO
40,Molenlei 59,2021-03-23,09:00:00,130,50,80,F11MO
40,Molenlei 59,2021-03-23,10:00:00,106,40,66,F11MO
40,Molenlei 59,2021-03-23,11:00:00,120,74,46,F11MO
40,Molenlei 59,2021-03-23,12:00:00,150,70,80,F11MO
40,Molenlei 59,2021-03-23,13:00:00,232,100,132,F11MO
40,Molenlei 59,2021-03-23,14:00:00,226,100,126,F11MO
40,Molenlei 59,2021-03-23,15:00:00,274,116,158,F11MO
40,Molenlei 59,2021-03-23,16:00:00,344,136,208,F11MO
40,Molenlei 59,2021-03-23,17:00:00,308,120,188,F11MO
40,Molenlei 59,2021-03-23,18:00:00,208,108,100,F11MO
40,Molenlei 59,2021-03-23,19:00:00,72,44,28,F11MO
40,Molenlei 59,2021-03-23,20:00:00,64,36,28,F11MO
40,Molenlei 59,2021-03-23,21:00:00,52,40,12,F11MO
40,Molenlei 59,2021-03-23,22:00:00,24,6,18,F11MO
40,Molenlei 59,2021-03-23,23:00:00,12,6,6,F11MO
40,Molenlei 59,2021-03-24,00:00:00,6,2,4,F11MO
40,Molenlei 59,2021-03-24,01:00:00,0,0,0,F11MO
40,Molenlei 59,2021-03-24,02:00:00,2,0,2,F11MO
40,Molenlei 59,2021-03-24,03:00:00,0,0,0,F11MO
40,Molenlei 59,2021-03-24,04:00:00,4,2,2,F11MO
40,Molenlei 59,2021-03-24,05:00:00,30,20,10,F11MO
40,Molenlei 59,2021-03-24,06:00:00,70,50,20,F11MO
40,Molenlei 59,2021-03-24,07:00:00,280,166,114,F11MO
40,Molenlei 59,2021-03-24,08:00:00,336,214,122,F11MO
40,Molenlei 59,2021-03-24,09:00:00,138,46,92,F11MO
40,Molenlei 59,2021-03-24,10:00:00,174,80,94,F11MO
40,Molenlei 59,2021-03-24,11:00:00,344,158,186,F11MO
40,Molenlei 59,2021-03-24,12:00:00,302,142,160,F11MO
40,Molenlei 59,2021-03-24,13:00:00,314,132,182,F11MO
40,Molenlei 59,2021-03-24,14:00:00,294,128,166,F11MO
40,Molenlei 59,2021-03-24,15:00:00,322,148,174,F11MO
40,Molenlei 59,2021-03-24,16:00:00,352,170,182,F11MO
40,Molenlei 59,2021-03-24,17:00:00,376,170,206,F11MO
40,Molenlei 59,2021-03-24,18:00:00,262,166,96,F11MO
40,Molenlei 59,2021-03-24,19:00:00,110,58,52,F11MO
40,Molenlei 59,2021-03-24,20:00:00,60,30,30,F11MO
40,Molenlei 59,2021-03-24,21:00:00,32,16,16,F11MO
40,Molenlei 59,2021-03-24,22:00:00,34,14,20,F11MO
40,Molenlei 59,2021-03-24,23:00:00,16,6,10,F11MO
40,Molenlei 59,2021-03-25,00:00:00,2,0,2,F11MO
40,Molenlei 59,2021-03-25,01:00:00,0,0,0,F11MO
40,Molenlei 59,2021-03-25,02:00:00,0,0,0,F11MO
40,Molenlei 59,2021-03-25,03:00:00,2,2,0,F11MO
40,Molenlei 59,2021-03-25,04:00:00,6,2,4,F11MO
40,Molenlei 59,2021-03-25,05:00:00,28,16,12,F11MO
40,Molenlei 59,2021-03-25,06:00:00,74,54,20,F11MO
40,Molenlei 59,2021-03-25,07:00:00,292,180,112,F11MO
40,Molenlei 59,2021-03-25,08:00:00,302,176,126,F11MO
40,Molenlei 59,2021-03-25,09:00:00,116,54,62,F11MO
40,Molenlei 59,2021-03-25,10:00:00,148,70,78,F11MO
40,Molenlei 59,2021-03-25,11:00:00,102,52,50,F11MO
40,Molenlei 59,2021-03-25,12:00:00,110,54,56,F11MO
40,Molenlei 59,2021-03-25,13:00:00,130,76,54,F11MO
40,Molenlei 59,2021-03-25,14:00:00,172,86,86,F11MO
40,Molenlei 59,2021-03-25,15:00:00,230,80,150,F11MO
40,Molenlei 59,2021-03-25,16:00:00,350,142,208,F11MO
40,Molenlei 59,2021-03-25,17:00:00,320,146,174,F11MO
40,Molenlei 59,2021-03-25,18:00:00,190,108,82,F11MO
40,Molenlei 59,2021-03-25,19:00:00,98,54,44,F11MO
40,Molenlei 59,2021-03-25,20:00:00,40,12,28,F11MO
40,Molenlei 59,2021-03-25,21:00:00,22,10,12,F11MO
40,Molenlei 59,2021-03-25,22:00:00,26,12,14,F11MO
40,Molenlei 59,2021-03-25,23:00:00,28,12,16,F11MO
40,Molenlei 59,2021-03-26,00:00:00,2,2,0,F11MO
40,Molenlei 59,2021-03-26,01:00:00,0,0,0,F11MO
40,Molenlei 59,2021-03-26,02:00:00,2,0,2,F11MO
40,Molenlei 59,2021-03-26,03:00:00,0,0,0,F11MO
40,Molenlei 59,2021-03-26,04:00:00,6,4,2,F11MO
40,Molenlei 59,2021-03-26,05:00:00,28,16,12,F11MO
40,Molenlei 59,2021-03-26,06:00:00,82,60,22,F11MO
40,Molenlei 59,2021-03-26,07:00:00,242,136,106,F11MO
40,Molenlei 59,2021-03-26,08:00:00,296,190,106,F11MO
40,Molenlei 59,2021-03-26,09:00:00,132,60,72,F11MO
40,Molenlei 59,2021-03-26,10:00:00,198,80,118,F11MO
40,Molenlei 59,2021-03-26,11:00:00,148,90,58,F11MO
40,Molenlei 59,2021-03-26,12:00:00,152,80,72,F11MO
40,Molenlei 59,2021-03-26,13:00:00,138,58,80,F11MO
40,Molenlei 59,2021-03-26,14:00:00,192,100,92,F11MO
40,Molenlei 59,2021-03-26,15:00:00,314,108,206,F11MO
40,Molenlei 59,2021-03-26,16:00:00,284,118,166,F11MO
40,Molenlei 59,2021-03-26,17:00:00,240,88,152,F11MO
40,Molenlei 59,2021-03-26,18:00:00,216,90,126,F11MO
40,Molenlei 59,2021-03-26,19:00:00,50,24,26,F11MO
40,Molenlei 59,2021-03-26,20:00:00,54,16,38,F11MO
40,Molenlei 59,2021-03-26,21:00:00,16,12,4,F11MO
40,Molenlei 59,2021-03-26,22:00:00,22,10,12,F11MO
40,Molenlei 59,2021-03-26,23:00:00,20,10,10,F11MO
40,Molenlei 59,2021-03-27,00:00:00,10,4,6,F11MO
40,Molenlei 59,2021-03-27,01:00:00,0,0,0,F11MO
40,Molenlei 59,2021-03-27,02:00:00,2,0,2,F11MO
40,Molenlei 59,2021-03-27,03:00:00,0,0,0,F11MO
40,Molenlei 59,2021-03-27,04:00:00,0,0,0,F11MO
40,Molenlei 59,2021-03-27,05:00:00,16,8,8,F11MO
40,Molenlei 59,2021-03-27,06:00:00,18,4,14,F11MO
40,Molenlei 59,2021-03-27,07:00:00,14,6,8,F11MO
40,Molenlei 59,2021-03-27,08:00:00,52,24,28,F11MO
40,Molenlei 59,2021-03-27,09:00:00,76,30,46,F11MO
40,Molenlei 59,2021-03-27,10:00:00,150,60,90,F11MO
40,Molenlei 59,2021-03-27,11:00:00,120,62,58,F11MO
40,Molenlei 59,2021-03-27,12:00:00,124,78,46,F11MO
40,Molenlei 59,2021-03-27,13:00:00,150,80,70,F11MO
40,Molenlei 59,2021-03-27,14:00:00,172,76,96,F11MO
40,Molenlei 59,2021-03-27,15:00:00,200,90,110,F11MO
40,Molenlei 59,2021-03-27,16:00:00,184,118,66,F11MO
40,Molenlei 59,2021-03-27,17:00:00,162,90,72,F11MO
40,Molenlei 59,2021-03-27,18:00:00,88,44,44,F11MO
40,Molenlei 59,2021-03-27,19:00:00,64,32,32,F11MO
40,Molenlei 59,2021-03-27,20:00:00,28,10,18,F11MO
40,Molenlei 59,2021-03-27,21:00:00,14,12,2,F11MO
40,Molenlei 59,2021-03-27,22:00:00,12,2,10,F11MO
40,Molenlei 59,2021-03-27,23:00:00,12,2,10,F11MO
40,Molenlei 59,2021-03-28,00:00:00,4,0,4,F11MO
40,Molenlei 59,2021-03-28,01:00:00,2,0,2,F11MO
40,Molenlei 59,2021-03-28,02:00:00,0,0,0,F11MO
40,Molenlei 59,2021-03-28,03:00:00,2,0,2,F11MO
40,Molenlei 59,2021-03-28,04:00:00,6,4,2,F11MO
40,Molenlei 59,2021-03-28,05:00:00,6,4,2,F11MO
40,Molenlei 59,2021-03-28,06:00:00,14,6,8,F11MO
40,Molenlei 59,2021-03-28,07:00:00,22,10,12,F11MO
40,Molenlei 59,2021-03-28,08:00:00,54,20,34,F11MO
40,Molenlei 59,2021-03-28,09:00:00,246,76,170,F11MO
40,Molenlei 59,2021-03-28,10:00:00,340,94,246,F11MO
40,Molenlei 59,2021-03-28,11:00:00,366,168,198,F11MO
40,Molenlei 59,2021-03-28,12:00:00,476,350,126,F11MO
40,Molenlei 59,2021-03-28,13:00:00,356,200,156,F11MO
40,Molenlei 59,2021-03-28,14:00:00,268,130,138,F11MO
40,Molenlei 59,2021-03-28,15:00:00,202,104,98,F11MO
40,Molenlei 59,2021-03-28,16:00:00,232,154,78,F11MO
40,Molenlei 59,2021-03-28,17:00:00,166,92,74,F11MO
40,Molenlei 59,2021-03-28,18:00:00,78,42,36,F11MO
40,Molenlei 59,2021-03-28,19:00:00,62,32,30,F11MO
40,Molenlei 59,2021-03-28,20:00:00,40,20,20,F11MO
40,Molenlei 59,2021-03-28,21:00:00,12,4,8,F11MO
40,Molenlei 59,2021-03-28,22:00:00,12,4,8,F11MO
40,Molenlei 59,2021-03-28,23:00:00,2,2,0,F11MO
40,Molenlei 59,2021-03-29,00:00:00,4,0,4,F11MO
40,Molenlei 59,2021-03-29,01:00:00,0,0,0,F11MO
40,Molenlei 59,2021-03-29,02:00:00,0,0,0,F11MO
40,Molenlei 59,2021-03-29,03:00:00,0,0,0,F11MO
40,Molenlei 59,2021-03-29,04:00:00,4,4,0,F11MO
40,Molenlei 59,2021-03-29,05:00:00,28,18,10,F11MO
40,Molenlei 59,2021-03-29,06:00:00,68,56,12,F11MO
40,Molenlei 59,2021-03-29,07:00:00,244,124,120,F11MO
40,Molenlei 59,2021-03-29,08:00:00,200,126,74,F11MO
40,Molenlei 59,2021-03-29,09:00:00,128,60,68,F11MO
40,Molenlei 59,2021-03-29,10:00:00,190,70,120,F11MO
40,Molenlei 59,2021-03-29,11:00:00,208,100,108,F11MO
40,Molenlei 59,2021-03-29,12:00:00,232,114,118,F11MO
40,Molenlei 59,2021-03-29,13:00:00,288,146,142,F11MO
40,Molenlei 59,2021-03-29,14:00:00,382,154,228,F11MO
40,Molenlei 59,2021-03-29,15:00:00,428,216,212,F11MO
40,Molenlei 59,2021-03-29,16:00:00,446,220,226,F11MO
40,Molenlei 59,2021-03-29,17:00:00,472,264,208,F11MO
40,Molenlei 59,2021-03-29,18:00:00,324,172,152,F11MO
40,Molenlei 59,2021-03-29,19:00:00,200,132,68,F11MO
40,Molenlei 59,2021-03-29,20:00:00,84,44,40,F11MO
40,Molenlei 59,2021-03-29,21:00:00,50,10,40,F11MO
40,Molenlei 59,2021-03-29,22:00:00,36,8,28,F11MO
40,Molenlei 59,2021-03-29,23:00:00,20,12,8,F11MO
40,Molenlei 59,2021-03-30,00:00:00,8,4,4,F11MO
40,Molenlei 59,2021-03-30,01:00:00,0,0,0,F11MO
40,Molenlei 59,2021-03-30,02:00:00,0,0,0,F11MO
40,Molenlei 59,2021-03-30,03:00:00,0,0,0,F11MO
40,Molenlei 59,2021-03-30,04:00:00,8,4,4,F11MO
40,Molenlei 59,2021-03-30,05:00:00,32,18,14,F11MO
40,Molenlei 59,2021-03-30,06:00:00,94,66,28,F11MO
40,Molenlei 59,2021-03-30,07:00:00,206,120,86,F11MO
40,Molenlei 59,2021-03-30,08:00:00,188,104,84,F11MO
40,Molenlei 59,2021-03-30,09:00:00,130,50,80,F11MO
40,Molenlei 59,2021-03-30,10:00:00,226,84,142,F11MO
40,Molenlei 59,2021-03-30,11:00:00,290,126,164,F11MO
40,Molenlei 59,2021-03-30,12:00:00,294,156,138,F11MO
40,Molenlei 59,2021-03-30,13:00:00,334,160,174,F11MO
40,Molenlei 59,2021-03-30,14:00:00,448,196,252,F11MO
40,Molenlei 59,2021-03-30,15:00:00,500,250,250,F11MO
40,Molenlei 59,2021-03-30,16:00:00,540,284,256,F11MO
40,Molenlei 59,2021-03-30,17:00:00,504,194,310,F11MO
40,Molenlei 59,2021-03-30,18:00:00,404,172,232,F11MO
40,Molenlei 59,2021-03-30,19:00:00,332,200,132,F11MO
40,Molenlei 59,2021-03-30,20:00:00,146,90,56,F11MO
40,Molenlei 59,2021-03-30,21:00:00,68,46,22,F11MO
40,Molenlei 59,2021-03-30,22:00:00,34,8,26,F11MO
40,Molenlei 59,2021-03-30,23:00:00,26,12,14,F11MO
40,Molenlei 59,2021-03-31,00:00:00,0,0,0,F11MO
40,Molenlei 59,2021-03-31,01:00:00,0,0,0,F11MO
40,Molenlei 59,2021-03-31,02:00:00,0,0,0,F11MO
40,Molenlei 59,2021-03-31,03:00:00,0,0,0,F11MO
40,Molenlei 59,2021-03-31,04:00:00,12,10,2,F11MO
40,Molenlei 59,2021-03-31,05:00:00,24,14,10,F11MO
40,Molenlei 59,2021-03-31,06:00:00,90,58,32,F11MO
40,Molenlei 59,2021-03-31,07:00:00,220,116,104,F11MO
40,Molenlei 59,2021-03-31,08:00:00,202,98,104,F11MO
40,Molenlei 59,2021-03-31,09:00:00,170,72,98,F11MO
40,Molenlei 59,2021-03-31,10:00:00,218,98,120,F11MO
40,Molenlei 59,2021-03-31,11:00:00,276,124,152,F11MO
40,Molenlei 59,2021-03-31,12:00:00,354,186,168,F11MO
40,Molenlei 59,2021-03-31,13:00:00,366,154,212,F11MO
40,Molenlei 59,2021-03-31,14:00:00,486,212,274,F11MO
40,Molenlei 59,2021-03-31,15:00:00,452,240,212,F11MO
40,Molenlei 59,2021-03-31,16:00:00,484,212,272,F11MO
40,Molenlei 59,2021-03-31,17:00:00,512,226,286,F11MO
40,Molenlei 59,2021-03-31,18:00:00,350,154,196,F11MO
40,Molenlei 59,2021-03-31,19:00:00,248,134,114,F11MO
40,Molenlei 59,2021-03-31,20:00:00,138,114,24,F11MO
40,Molenlei 59,2021-03-31,21:00:00,38,22,16,F11MO
40,Molenlei 59,2021-03-31,22:00:00,38,14,24,F11MO
40,Molenlei 59,2021-03-31,23:00:00,22,12,10,F11MO
40,Molenlei 59,2021-04-01,00:00:00,6,0,6,F11MO
40,Molenlei 59,2021-04-01,01:00:00,0,0,0,F11MO
40,Molenlei 59,2021-04-01,02:00:00,0,0,0,F11MO
40,Molenlei 59,2021-04-01,03:00:00,0,0,0,F11MO
40,Molenlei 59,2021-04-01,04:00:00,4,2,2,F11MO
40,Molenlei 59,2021-04-01,05:00:00,44,34,10,F11MO
40,Molenlei 59,2021-04-01,06:00:00,74,44,30,F11MO
40,Molenlei 59,2021-04-01,07:00:00,218,128,90,F11MO
40,Molenlei 59,2021-04-01,08:00:00,220,112,108,F11MO
40,Molenlei 59,2021-04-01,09:00:00,102,54,48,F11MO
40,Molenlei 59,2021-04-01,10:00:00,156,84,72,F11MO
40,Molenlei 59,2021-04-01,11:00:00,208,104,104,F11MO
40,Molenlei 59,2021-04-01,12:00:00,222,98,124,F11MO
40,Molenlei 59,2021-04-01,13:00:00,286,120,166,F11MO
40,Molenlei 59,2021-04-01,14:00:00,384,190,194,F11MO
40,Molenlei 59,2021-04-01,15:00:00,428,190,238,F11MO
40,Molenlei 59,2021-04-01,16:00:00,418,190,228,F11MO
40,Molenlei 59,2021-04-01,17:00:00,422,168,254,F11MO
40,Molenlei 59,2021-04-01,18:00:00,294,120,174,F11MO
40,Molenlei 59,2021-04-01,19:00:00,172,136,36,F11MO
40,Molenlei 59,2021-04-01,20:00:00,70,46,24,F11MO
40,Molenlei 59,2021-04-01,21:00:00,32,18,14,F11MO
40,Molenlei 59,2021-04-01,22:00:00,36,6,30,F11MO
40,Molenlei 59,2021-04-01,23:00:00,20,6,14,F11MO
40,Molenlei 59,2021-04-02,00:00:00,0,0,0,F11MO
40,Molenlei 59,2021-04-02,01:00:00,0,0,0,F11MO
40,Molenlei 59,2021-04-02,02:00:00,0,0,0,F11MO
40,Molenlei 59,2021-04-02,03:00:00,0,0,0,F11MO
40,Molenlei 59,2021-04-02,04:00:00,0,0,0,F11MO
40,Molenlei 59,2021-04-02,05:00:00,20,14,6,F11MO
40,Molenlei 59,2021-04-02,06:00:00,78,52,26,F11MO
40,Molenlei 59,2021-04-02,07:00:00,142,80,62,F11MO
40,Molenlei 59,2021-04-02,08:00:00,146,86,60,F11MO
40,Molenlei 59,2021-04-02,09:00:00,122,46,76,F11MO
40,Molenlei 59,2021-04-02,10:00:00,142,66,76,F11MO
40,Molenlei 59,2021-04-02,11:00:00,170,80,90,F11MO
40,Molenlei 59,2021-04-02,12:00:00,182,98,84,F11MO
40,Molenlei 59,2021-04-02,13:00:00,146,84,62,F11MO
40,Molenlei 59,2021-04-02,14:00:00,188,64,124,F11MO
40,Molenlei 59,2021-04-02,15:00:00,204,82,122,F11MO
40,Molenlei 59,2021-04-02,16:00:00,258,118,140,F11MO
40,Molenlei 59,2021-04-02,17:00:00,250,120,130,F11MO
40,Molenlei 59,2021-04-02,18:00:00,166,92,74,F11MO
40,Molenlei 59,2021-04-02,19:00:00,76,38,38,F11MO
40,Molenlei 59,2021-04-02,20:00:00,48,28,20,F11MO
40,Molenlei 59,2021-04-02,21:00:00,30,20,10,F11MO
40,Molenlei 59,2021-04-02,22:00:00,18,4,14,F11MO
40,Molenlei 59,2021-04-02,23:00:00,22,12,10,F11MO
40,Molenlei 59,2021-04-03,00:00:00,8,2,6,F11MO
40,Molenlei 59,2021-04-03,01:00:00,2,2,0,F11MO
40,Molenlei 59,2021-04-03,02:00:00,0,0,0,F11MO
40,Molenlei 59,2021-04-03,03:00:00,0,0,0,F11MO
40,Molenlei 59,2021-04-03,04:00:00,2,2,0,F11MO
40,Molenlei 59,2021-04-03,05:00:00,18,10,8,F11MO
40,Molenlei 59,2021-04-03,06:00:00,22,12,10,F11MO
40,Molenlei 59,2021-04-03,07:00:00,22,14,8,F11MO
40,Molenlei 59,2021-04-03,08:00:00,48,18,30,F11MO
40,Molenlei 59,2021-04-03,09:00:00,134,42,92,F11MO
40,Molenlei 59,2021-04-03,10:00:00,202,82,120,F11MO
40,Molenlei 59,2021-04-03,11:00:00,148,76,72,F11MO
40,Molenlei 59,2021-04-03,12:00:00,272,146,126,F11MO
40,Molenlei 59,2021-04-03,13:00:00,194,90,104,F11MO
40,Molenlei 59,2021-04-03,14:00:00,268,110,158,F11MO
40,Molenlei 59,2021-04-03,15:00:00,284,144,140,F11MO
40,Molenlei 59,2021-04-03,16:00:00,206,96,110,F11MO
40,Molenlei 59,2021-04-03,17:00:00,146,66,80,F11MO
40,Molenlei 59,2021-04-03,18:00:00,152,84,68,F11MO
40,Molenlei 59,2021-04-03,19:00:00,58,30,28,F11MO
40,Molenlei 59,2021-04-03,20:00:00,40,22,18,F11MO
40,Molenlei 59,2021-04-03,21:00:00,16,12,4,F11MO
40,Molenlei 59,2021-04-03,22:00:00,18,2,16,F11MO
40,Molenlei 59,2021-04-03,23:00:00,32,14,18,F11MO
40,Molenlei 59,2021-04-04,00:00:00,0,0,0,F11MO
40,Molenlei 59,2021-04-04,01:00:00,4,4,0,F11MO
40,Molenlei 59,2021-04-04,02:00:00,2,0,2,F11MO
40,Molenlei 59,2021-04-04,03:00:00,0,0,0,F11MO
40,Molenlei 59,2021-04-04,04:00:00,2,2,0,F11MO
40,Molenlei 59,2021-04-04,05:00:00,2,0,2,F11MO
40,Molenlei 59,2021-04-04,06:00:00,22,12,10,F11MO
40,Molenlei 59,2021-04-04,07:00:00,22,6,16,F11MO
40,Molenlei 59,2021-04-04,08:00:00,82,38,44,F11MO
40,Molenlei 59,2021-04-04,09:00:00,192,76,116,F11MO
40,Molenlei 59,2021-04-04,10:00:00,250,106,144,F11MO
40,Molenlei 59,2021-04-04,11:00:00,340,202,138,F11MO
40,Molenlei 59,2021-04-04,12:00:00,260,172,88,F11MO
40,Molenlei 59,2021-04-04,13:00:00,184,114,70,F11MO
40,Molenlei 59,2021-04-04,14:00:00,158,90,68,F11MO
40,Molenlei 59,2021-04-04,15:00:00,160,80,80,F11MO
40,Molenlei 59,2021-04-04,16:00:00,170,88,82,F11MO
40,Molenlei 59,2021-04-04,17:00:00,178,88,90,F11MO
40,Molenlei 59,2021-04-04,18:00:00,112,72,40,F11MO
40,Molenlei 59,2021-04-04,19:00:00,72,50,22,F11MO
40,Molenlei 59,2021-04-04,20:00:00,38,12,26,F11MO
40,Molenlei 59,2021-04-04,21:00:00,22,16,6,F11MO
40,Molenlei 59,2021-04-04,22:00:00,12,8,4,F11MO
40,Molenlei 59,2021-04-04,23:00:00,16,14,2,F11MO
40,Molenlei 59,2021-04-05,00:00:00,2,0,2,F11MO
40,Molenlei 59,2021-04-05,01:00:00,6,6,0,F11MO
40,Molenlei 59,2021-04-05,02:00:00,0,0,0,F11MO
40,Molenlei 59,2021-04-05,03:00:00,0,0,0,F11MO
40,Molenlei 59,2021-04-05,04:00:00,0,0,0,F11MO
40,Molenlei 59,2021-04-05,05:00:00,2,0,2,F11MO
40,Molenlei 59,2021-04-05,06:00:00,12,6,6,F11MO
40,Molenlei 59,2021-04-05,07:00:00,20,12,8,F11MO
40,Molenlei 59,2021-04-05,08:00:00,22,14,8,F11MO
40,Molenlei 59,2021-04-05,09:00:00,42,22,20,F11MO
40,Molenlei 59,2021-04-05,10:00:00,40,26,14,F11MO
40,Molenlei 59,2021-04-05,11:00:00,68,34,34,F11MO
40,Molenlei 59,2021-04-05,12:00:00,54,34,20,F11MO
40,Molenlei 59,2021-04-05,13:00:00,68,32,36,F11MO
40,Molenlei 59,2021-04-05,14:00:00,80,36,44,F11MO
40,Molenlei 59,2021-04-05,15:00:00,152,72,80,F11MO
40,Molenlei 59,2021-04-05,16:00:00,104,50,54,F11MO
40,Molenlei 59,2021-04-05,17:00:00,50,34,16,F11MO
40,Molenlei 59,2021-04-05,18:00:00,36,18,18,F11MO
40,Molenlei 59,2021-04-05,19:00:00,34,14,20,F11MO
40,Molenlei 59,2021-04-05,20:00:00,28,14,14,F11MO
40,Molenlei 59,2021-04-05,21:00:00,8,6,2,F11MO
40,Molenlei 59,2021-04-05,22:00:00,16,0,16,F11MO
40,Molenlei 59,2021-04-05,23:00:00,4,2,2,F11MO
40,Molenlei 59,2021-04-06,00:00:00,2,2,0,F11MO
40,Molenlei 59,2021-04-06,01:00:00,0,0,0,F11MO
40,Molenlei 59,2021-04-06,02:00:00,0,0,0,F11MO
40,Molenlei 59,2021-04-06,03:00:00,0,0,0,F11MO
40,Molenlei 59,2021-04-06,04:00:00,2,2,0,F11MO
40,Molenlei 59,2021-04-06,05:00:00,26,16,10,F11MO
40,Molenlei 59,2021-04-06,06:00:00,24,10,14,F11MO
40,Molenlei 59,2021-04-06,07:00:00,72,34,38,F11MO
40,Molenlei 59,2021-04-06,08:00:00,44,16,28,F11MO
40,Molenlei 59,2021-04-06,09:00:00,34,10,24,F11MO
40,Molenlei 59,2021-04-06,10:00:00,30,18,12,F11MO
40,Molenlei 59,2021-04-06,11:00:00,48,26,22,F11MO
40,Molenlei 59,2021-04-06,12:00:00,44,16,28,F11MO
40,Molenlei 59,2021-04-06,13:00:00,42,24,18,F11MO
40,Molenlei 59,2021-04-06,14:00:00,50,24,26,F11MO
40,Molenlei 59,2021-04-06,15:00:00,30,20,10,F11MO
40,Molenlei 59,2021-04-06,16:00:00,58,30,28,F11MO
40,Molenlei 59,2021-04-06,17:00:00,58,26,32,F11MO
40,Molenlei 59,2021-04-06,18:00:00,34,12,22,F11MO
40,Molenlei 59,2021-04-06,19:00:00,20,10,10,F11MO
40,Molenlei 59,2021-04-06,20:00:00,2,0,2,F11MO
40,Molenlei 59,2021-04-06,21:00:00,12,6,6,F11MO
40,Molenlei 59,2021-04-06,22:00:00,4,0,4,F11MO
40,Molenlei 59,2021-04-06,23:00:00,0,0,0,F11MO
40,Molenlei 59,2021-04-07,00:00:00,0,0,0,F11MO
40,Molenlei 59,2021-04-07,01:00:00,0,0,0,F11MO
40,Molenlei 59,2021-04-07,02:00:00,0,0,0,F11MO
40,Molenlei 59,2021-04-07,03:00:00,0,0,0,F11MO
40,Molenlei 59,2021-04-07,04:00:00,4,4,0,F11MO
40,Molenlei 59,2021-04-07,05:00:00,14,12,2,F11MO
40,Molenlei 59,2021-04-07,06:00:00,36,14,22,F11MO
40,Molenlei 59,2021-04-07,07:00:00,48,24,24,F11MO
40,Molenlei 59,2021-04-07,08:00:00,56,24,32,F11MO
40,Molenlei 59,2021-04-07,09:00:00,30,12,18,F11MO
40,Molenlei 59,2021-04-07,10:00:00,48,22,26,F11MO
40,Molenlei 59,2021-04-07,11:00:00,40,14,26,F11MO
40,Molenlei 59,2021-04-07,12:00:00,54,24,30,F11MO
40,Molenlei 59,2021-04-07,13:00:00,66,40,26,F11MO
40,Molenlei 59,2021-04-07,14:00:00,102,32,70,F11MO
40,Molenlei 59,2021-04-07,15:00:00,94,40,54,F11MO
40,Molenlei 59,2021-04-07,16:00:00,114,52,62,F11MO
40,Molenlei 59,2021-04-07,17:00:00,108,46,62,F11MO
40,Molenlei 59,2021-04-07,18:00:00,86,46,40,F11MO
40,Molenlei 59,2021-04-07,19:00:00,78,44,34,F11MO
40,Molenlei 59,2021-04-07,20:00:00,50,38,12,F11MO
40,Molenlei 59,2021-04-07,21:00:00,18,10,8,F11MO
40,Molenlei 59,2021-04-07,22:00:00,18,2,16,F11MO
40,Molenlei 59,2021-04-07,23:00:00,12,6,6,F11MO
40,Molenlei 59,2021-04-08,00:00:00,0,0,0,F11MO
40,Molenlei 59,2021-04-08,01:00:00,2,0,2,F11MO
40,Molenlei 59,2021-04-08,02:00:00,2,0,2,F11MO
40,Molenlei 59,2021-04-08,03:00:00,0,0,0,F11MO
40,Molenlei 59,2021-04-08,04:00:00,6,4,2,F11MO
40,Molenlei 59,2021-04-08,05:00:00,28,18,10,F11MO
40,Molenlei 59,2021-04-08,06:00:00,52,34,18,F11MO
40,Molenlei 59,2021-04-08,07:00:00,120,58,62,F11MO
40,Molenlei 59,2021-04-08,08:00:00,112,54,58,F11MO
40,Molenlei 59,2021-04-08,09:00:00,82,36,46,F11MO
40,Molenlei 59,2021-04-08,10:00:00,106,52,54,F11MO
40,Molenlei 59,2021-04-08,11:00:00,106,70,36,F11MO
40,Molenlei 59,2021-04-08,12:00:00,122,78,44,F11MO
40,Molenlei 59,2021-04-08,13:00:00,144,74,70,F11MO
40,Molenlei 59,2021-04-08,14:00:00,232,88,144,F11MO
40,Molenlei 59,2021-04-08,15:00:00,244,122,122,F11MO
40,Molenlei 59,2021-04-08,16:00:00,276,124,152,F11MO
40,Molenlei 59,2021-04-08,17:00:00,256,108,148,F11MO
40,Molenlei 59,2021-04-08,18:00:00,256,142,114,F11MO
40,Molenlei 59,2021-04-08,19:00:00,204,134,70,F11MO
40,Molenlei 59,2021-04-08,20:00:00,104,56,48,F11MO
40,Molenlei 59,2021-04-08,21:00:00,34,30,4,F11MO
40,Molenlei 59,2021-04-08,22:00:00,28,10,18,F11MO
40,Molenlei 59,2021-04-08,23:00:00,12,4,8,F11MO
40,Molenlei 59,2021-04-09,00:00:00,6,2,4,F11MO
40,Molenlei 59,2021-04-09,01:00:00,0,0,0,F11MO
40,Molenlei 59,2021-04-09,02:00:00,0,0,0,F11MO
40,Molenlei 59,2021-04-09,03:00:00,0,0,0,F11MO
40,Molenlei 59,2021-04-09,04:00:00,6,4,2,F11MO
40,Molenlei 59,2021-04-09,05:00:00,22,16,6,F11MO
40,Molenlei 59,2021-04-09,06:00:00,54,36,18,F11MO
40,Molenlei 59,2021-04-09,07:00:00,124,66,58,F11MO
40,Molenlei 59,2021-04-09,08:00:00,112,58,54,F11MO
40,Molenlei 59,2021-04-09,09:00:00,90,36,54,F11MO
40,Molenlei 59,2021-04-09,10:00:00,150,48,102,F11MO
40,Molenlei 59,2021-04-09,11:00:00,158,76,82,F11MO
40,Molenlei 59,2021-04-09,12:00:00,198,94,104,F11MO
40,Molenlei 59,2021-04-09,13:00:00,214,110,104,F11MO
40,Molenlei 59,2021-04-09,14:00:00,302,144,158,F11MO
40,Molenlei 59,2021-04-09,15:00:00,366,196,170,F11MO
40,Molenlei 59,2021-04-09,16:00:00,332,156,176,F11MO
40,Molenlei 59,2021-04-09,17:00:00,286,140,146,F11MO
40,Molenlei 59,2021-04-09,18:00:00,216,118,98,F11MO
40,Molenlei 59,2021-04-09,19:00:00,92,56,36,F11MO
40,Molenlei 59,2021-04-09,20:00:00,78,48,30,F11MO
40,Molenlei 59,2021-04-09,21:00:00,34,14,20,F11MO
40,Molenlei 59,2021-04-09,22:00:00,32,2,30,F11MO
40,Molenlei 59,2021-04-09,23:00:00,14,8,6,F11MO
40,Molenlei 59,2021-04-10,00:00:00,6,2,4,F11MO
40,Molenlei 59,2021-04-10,01:00:00,0,0,0,F11MO
40,Molenlei 59,2021-04-10,02:00:00,0,0,0,F11MO
40,Molenlei 59,2021-04-10,03:00:00,0,0,0,F11MO
40,Molenlei 59,2021-04-10,04:00:00,0,0,0,F11MO
40,Molenlei 59,2021-04-10,05:00:00,14,8,6,F11MO
40,Molenlei 59,2021-04-10,06:00:00,18,2,16,F11MO
40,Molenlei 59,2021-04-10,07:00:00,18,4,14,F11MO
40,Molenlei 59,2021-04-10,08:00:00,24,10,14,F11MO
40,Molenlei 59,2021-04-10,09:00:00,70,28,42,F11MO
40,Molenlei 59,2021-04-10,10:00:00,38,16,22,F11MO
40,Molenlei 59,2021-04-10,11:00:00,58,26,32,F11MO
40,Molenlei 59,2021-04-10,12:00:00,78,42,36,F11MO
40,Molenlei 59,2021-04-10,13:00:00,48,20,28,F11MO
40,Molenlei 59,2021-04-10,14:00:00,66,22,44,F11MO
40,Molenlei 59,2021-04-10,15:00:00,34,10,24,F11MO
40,Molenlei 59,2021-04-10,16:00:00,46,26,20,F11MO
40,Molenlei 59,2021-04-10,17:00:00,16,8,8,F11MO
40,Molenlei 59,2021-04-10,18:00:00,30,14,16,F11MO
40,Molenlei 59,2021-04-10,19:00:00,18,10,8,F11MO
40,Molenlei 59,2021-04-10,20:00:00,24,12,12,F11MO
40,Molenlei 59,2021-04-10,21:00:00,6,2,4,F11MO
40,Molenlei 59,2021-04-10,22:00:00,10,4,6,F11MO
40,Molenlei 59,2021-04-10,23:00:00,8,2,6,F11MO
40,Molenlei 59,2021-04-11,00:00:00,2,2,0,F11MO
40,Molenlei 59,2021-04-11,01:00:00,2,2,0,F11MO
40,Molenlei 59,2021-04-11,02:00:00,0,0,0,F11MO
40,Molenlei 59,2021-04-11,03:00:00,0,0,0,F11MO
40,Molenlei 59,2021-04-11,04:00:00,0,0,0,F11MO
40,Molenlei 59,2021-04-11,05:00:00,4,2,2,F11MO
40,Molenlei 59,2021-04-11,06:00:00,16,4,12,F11MO
40,Molenlei 59,2021-04-11,07:00:00,14,8,6,F11MO
40,Molenlei 59,2021-04-11,08:00:00,36,12,24,F11MO
40,Molenlei 59,2021-04-11,09:00:00,134,70,64,F11MO
40,Molenlei 59,2021-04-11,10:00:00,200,94,106,F11MO
40,Molenlei 59,2021-04-11,11:00:00,170,78,92,F11MO
40,Molenlei 59,2021-04-11,12:00:00,214,112,102,F11MO
40,Molenlei 59,2021-04-11,13:00:00,182,96,86,F11MO
40,Molenlei 59,2021-04-11,14:00:00,260,104,156,F11MO
40,Molenlei 59,2021-04-11,15:00:00,172,86,86,F11MO
40,Molenlei 59,2021-04-11,16:00:00,214,130,84,F11MO
40,Molenlei 59,2021-04-11,17:00:00,158,80,78,F11MO
40,Molenlei 59,2021-04-11,18:00:00,82,50,32,F11MO
40,Molenlei 59,2021-04-11,19:00:00,86,50,36,F11MO
40,Molenlei 59,2021-04-11,20:00:00,32,20,12,F11MO
40,Molenlei 59,2021-04-11,21:00:00,12,4,8,F11MO
40,Molenlei 59,2021-04-11,22:00:00,6,2,4,F11MO
40,Molenlei 59,2021-04-11,23:00:00,8,0,8,F11MO
40,Molenlei 59,2021-04-12,00:00:00,4,0,4,F11MO
40,Molenlei 59,2021-04-12,01:00:00,0,0,0,F11MO
40,Molenlei 59,2021-04-12,02:00:00,0,0,0,F11MO
40,Molenlei 59,2021-04-12,03:00:00,2,2,0,F11MO
40,Molenlei 59,2021-04-12,04:00:00,2,2,0,F11MO
40,Molenlei 59,2021-04-12,05:00:00,28,18,10,F11MO
40,Molenlei 59,2021-04-12,06:00:00,52,26,26,F11MO
40,Molenlei 59,2021-04-12,07:00:00,130,72,58,F11MO
40,Molenlei 59,2021-04-12,08:00:00,92,54,38,F11MO
40,Molenlei 59,2021-04-12,09:00:00,60,36,24,F11MO
40,Molenlei 59,2021-04-12,10:00:00,84,40,44,F11MO
40,Molenlei 59,2021-04-12,11:00:00,52,20,32,F11MO
40,Molenlei 59,2021-04-12,12:00:00,94,42,52,F11MO
40,Molenlei 59,2021-04-12,13:00:00,94,54,40,F11MO
40,Molenlei 59,2021-04-12,14:00:00,108,66,42,F11MO
40,Molenlei 59,2021-04-12,15:00:00,108,46,62,F11MO
40,Molenlei 59,2021-04-12,16:00:00,202,90,112,F11MO
40,Molenlei 59,2021-04-12,17:00:00,228,112,116,F11MO
40,Molenlei 59,2021-04-12,18:00:00,130,54,76,F11MO
40,Molenlei 59,2021-04-12,19:00:00,114,74,40,F11MO
40,Molenlei 59,2021-04-12,20:00:00,54,36,18,F11MO
40,Molenlei 59,2021-04-12,21:00:00,32,22,10,F11MO
40,Molenlei 59,2021-04-12,22:00:00,30,8,22,F11MO
40,Molenlei 59,2021-04-12,23:00:00,8,4,4,F11MO
40,Molenlei 59,2021-04-13,00:00:00,2,0,2,F11MO
40,Molenlei 59,2021-04-13,01:00:00,2,0,2,F11MO
40,Molenlei 59,2021-04-13,02:00:00,0,0,0,F11MO
40,Molenlei 59,2021-04-13,03:00:00,0,0,0,F11MO
40,Molenlei 59,2021-04-13,04:00:00,2,2,0,F11MO
40,Molenlei 59,2021-04-13,05:00:00,26,18,8,F11MO
40,Molenlei 59,2021-04-13,06:00:00,64,34,30,F11MO
40,Molenlei 59,2021-04-13,07:00:00,164,90,74,F11MO
40,Molenlei 59,2021-04-13,08:00:00,108,44,64,F11MO
40,Molenlei 59,2021-04-13,09:00:00,106,50,56,F11MO
40,Molenlei 59,2021-04-13,10:00:00,110,54,56,F11MO
40,Molenlei 59,2021-04-13,11:00:00,124,58,66,F11MO
40,Molenlei 59,2021-04-13,12:00:00,162,82,80,F11MO
40,Molenlei 59,2021-04-13,13:00:00,164,94,70,F11MO
40,Molenlei 59,2021-04-13,14:00:00,232,120,112,F11MO
40,Molenlei 59,2021-04-13,15:00:00,262,102,160,F11MO
40,Molenlei 59,2021-04-13,16:00:00,272,134,138,F11MO
40,Molenlei 59,2021-04-13,17:00:00,244,104,140,F11MO
40,Molenlei 59,2021-04-13,18:00:00,188,96,92,F11MO
40,Molenlei 59,2021-04-13,19:00:00,156,92,64,F11MO
40,Molenlei 59,2021-04-13,20:00:00,104,62,42,F11MO
40,Molenlei 59,2021-04-13,21:00:00,34,28,6,F11MO
40,Molenlei 59,2021-04-13,22:00:00,22,8,14,F11MO
40,Molenlei 59,2021-04-13,23:00:00,22,10,12,F11MO
40,Molenlei 59,2021-04-14,00:00:00,2,0,2,F11MO
40,Molenlei 59,2021-04-14,01:00:00,0,0,0,F11MO
40,Molenlei 59,2021-04-14,02:00:00,2,0,2,F11MO
40,Molenlei 59,2021-04-14,03:00:00,0,0,0,F11MO
40,Molenlei 59,2021-04-14,04:00:00,8,4,4,F11MO
40,Molenlei 59,2021-04-14,05:00:00,22,18,4,F11MO
40,Molenlei 59,2021-04-14,06:00:00,56,32,24,F11MO
40,Molenlei 59,2021-04-14,07:00:00,154,88,66,F11MO
40,Molenlei 59,2021-04-14,08:00:00,138,68,70,F11MO
40,Molenlei 59,2021-04-14,09:00:00,132,66,66,F11MO
40,Molenlei 59,2021-04-14,10:00:00,162,68,94,F11MO
40,Molenlei 59,2021-04-14,11:00:00,164,56,108,F11MO
40,Molenlei 59,2021-04-14,12:00:00,150,74,76,F11MO
40,Molenlei 59,2021-04-14,13:00:00,216,120,96,F11MO
40,Molenlei 59,2021-04-14,14:00:00,156,86,70,F11MO
40,Molenlei 59,2021-04-14,15:00:00,200,102,98,F11MO
40,Molenlei 59,2021-04-14,16:00:00,214,116,98,F11MO
40,Molenlei 59,2021-04-14,17:00:00,242,96,146,F11MO
40,Molenlei 59,2021-04-14,18:00:00,160,72,88,F11MO
40,Molenlei 59,2021-04-14,19:00:00,148,88,60,F11MO
40,Molenlei 59,2021-04-14,20:00:00,98,56,42,F11MO
40,Molenlei 59,2021-04-14,21:00:00,40,24,16,F11MO
40,Molenlei 59,2021-04-14,22:00:00,24,6,18,F11MO
40,Molenlei 59,2021-04-14,23:00:00,30,4,26,F11MO
40,Molenlei 59,2021-04-15,00:00:00,6,4,2,F11MO
40,Molenlei 59,2021-04-15,01:00:00,0,0,0,F11MO
40,Molenlei 59,2021-04-15,02:00:00,0,0,0,F11MO
40,Molenlei 59,2021-04-15,03:00:00,2,0,2,F11MO
40,Molenlei 59,2021-04-15,04:00:00,4,4,0,F11MO
40,Molenlei 59,2021-04-15,05:00:00,24,16,8,F11MO
40,Molenlei 59,2021-04-15,06:00:00,72,42,30,F11MO
40,Molenlei 59,2021-04-15,07:00:00,146,76,70,F11MO
40,Molenlei 59,2021-04-15,08:00:00,116,64,52,F11MO
40,Molenlei 59,2021-04-15,09:00:00,102,44,58,F11MO
40,Molenlei 59,2021-04-15,10:00:00,112,66,46,F11MO
40,Molenlei 59,2021-04-15,11:00:00,96,48,48,F11MO
40,Molenlei 59,2021-04-15,12:00:00,124,58,66,F11MO
40,Molenlei 59,2021-04-15,13:00:00,190,110,80,F11MO
40,Molenlei 59,2021-04-15,14:00:00,152,94,58,F11MO
40,Molenlei 59,2021-04-15,15:00:00,180,78,102,F11MO
40,Molenlei 59,2021-04-15,16:00:00,252,108,144,F11MO
40,Molenlei 59,2021-04-15,17:00:00,266,102,164,F11MO
40,Molenlei 59,2021-04-15,18:00:00,182,102,80,F11MO
40,Molenlei 59,2021-04-15,19:00:00,174,84,90,F11MO
40,Molenlei 59,2021-04-15,20:00:00,94,76,18,F11MO
40,Molenlei 59,2021-04-15,21:00:00,28,14,14,F11MO
40,Molenlei 59,2021-04-15,22:00:00,36,16,20,F11MO
40,Molenlei 59,2021-04-15,23:00:00,18,12,6,F11MO
40,Molenlei 59,2021-04-16,00:00:00,4,0,4,F11MO
40,Molenlei 59,2021-04-16,01:00:00,2,0,2,F11MO
40,Molenlei 59,2021-04-16,02:00:00,0,0,0,F11MO
40,Molenlei 59,2021-04-16,03:00:00,0,0,0,F11MO
40,Molenlei 59,2021-04-16,04:00:00,6,4,2,F11MO
40,Molenlei 59,2021-04-16,05:00:00,34,20,14,F11MO
40,Molenlei 59,2021-04-16,06:00:00,70,36,34,F11MO
40,Molenlei 59,2021-04-16,07:00:00,124,62,62,F11MO
40,Molenlei 59,2021-04-16,08:00:00,144,76,68,F11MO
40,Molenlei 59,2021-04-16,09:00:00,124,56,68,F11MO
40,Molenlei 59,2021-04-16,10:00:00,174,68,106,F11MO
40,Molenlei 59,2021-04-16,11:00:00,152,88,64,F11MO
40,Molenlei 59,2021-04-16,12:00:00,166,82,84,F11MO
40,Molenlei 59,2021-04-16,13:00:00,198,94,104,F11MO
40,Molenlei 59,2021-04-16,14:00:00,306,136,170,F11MO
40,Molenlei 59,2021-04-16,15:00:00,258,100,158,F11MO
40,Molenlei 59,2021-04-16,16:00:00,340,170,170,F11MO
40,Molenlei 59,2021-04-16,17:00:00,256,124,132,F11MO
40,Molenlei 59,2021-04-16,18:00:00,194,84,110,F11MO
40,Molenlei 59,2021-04-16,19:00:00,156,74,82,F11MO
40,Molenlei 59,2021-04-16,20:00:00,80,42,38,F11MO
40,Molenlei 59,2021-04-16,21:00:00,32,10,22,F11MO
40,Molenlei 59,2021-04-16,22:00:00,24,8,16,F11MO
40,Molenlei 59,2021-04-16,23:00:00,30,18,12,F11MO
40,Molenlei 59,2021-04-17,00:00:00,10,4,6,F11MO
40,Molenlei 59,2021-04-17,01:00:00,4,4,0,F11MO
40,Molenlei 59,2021-04-17,02:00:00,4,0,4,F11MO
40,Molenlei 59,2021-04-17,03:00:00,0,0,0,F11MO
40,Molenlei 59,2021-04-17,04:00:00,4,4,0,F11MO
40,Molenlei 59,2021-04-17,05:00:00,18,12,6,F11MO
40,Molenlei 59,2021-04-17,06:00:00,20,4,16,F11MO
40,Molenlei 59,2021-04-17,07:00:00,30,12,18,F11MO
40,Molenlei 59,2021-04-17,08:00:00,54,20,34,F11MO
40,Molenlei 59,2021-04-17,09:00:00,150,82,68,F11MO
40,Molenlei 59,2021-04-17,10:00:00,238,92,146,F11MO
40,Molenlei 59,2021-04-17,11:00:00,248,106,142,F11MO
40,Molenlei 59,2021-04-17,12:00:00,260,122,138,F11MO
40,Molenlei 59,2021-04-17,13:00:00,272,146,126,F11MO
40,Molenlei 59,2021-04-17,14:00:00,432,184,248,F11MO
40,Molenlei 59,2021-04-17,15:00:00,374,166,208,F11MO
40,Molenlei 59,2021-04-17,16:00:00,378,208,170,F11MO
40,Molenlei 59,2021-04-17,17:00:00,262,158,104,F11MO
40,Molenlei 59,2021-04-17,18:00:00,178,96,82,F11MO
40,Molenlei 59,2021-04-17,19:00:00,124,62,62,F11MO
40,Molenlei 59,2021-04-17,20:00:00,74,52,22,F11MO
40,Molenlei 59,2021-04-17,21:00:00,38,20,18,F11MO
40,Molenlei 59,2021-04-17,22:00:00,36,16,20,F11MO
40,Molenlei 59,2021-04-17,23:00:00,32,20,12,F11MO
40,Molenlei 59,2021-04-18,00:00:00,12,4,8,F11MO
40,Molenlei 59,2021-04-18,01:00:00,0,0,0,F11MO
40,Molenlei 59,2021-04-18,02:00:00,0,0,0,F11MO
40,Molenlei 59,2021-04-18,03:00:00,0,0,0,F11MO
40,Molenlei 59,2021-04-18,04:00:00,2,0,2,F11MO
40,Molenlei 59,2021-04-18,05:00:00,8,4,4,F11MO
40,Molenlei 59,2021-04-18,06:00:00,20,10,10,F11MO
40,Molenlei 59,2021-04-18,07:00:00,40,18,22,F11MO
40,Molenlei 59,2021-04-18,08:00:00,70,14,56,F11MO
40,Molenlei 59,2021-04-18,09:00:00,318,136,182,F11MO
40,Molenlei 59,2021-04-18,10:00:00,398,138,260,F11MO
40,Molenlei 59,2021-04-18,11:00:00,504,248,256,F11MO
40,Molenlei 59,2021-04-18,12:00:00,436,256,180,F11MO
40,Molenlei 59,2021-04-18,13:00:00,478,264,214,F11MO
40,Molenlei 59,2021-04-18,14:00:00,590,298,292,F11MO
40,Molenlei 59,2021-04-18,15:00:00,516,246,270,F11MO
40,Molenlei 59,2021-04-18,16:00:00,386,202,184,F11MO
40,Molenlei 59,2021-04-18,17:00:00,318,186,132,F11MO
40,Molenlei 59,2021-04-18,18:00:00,182,108,74,F11MO
40,Molenlei 59,2021-04-18,19:00:00,116,52,64,F11MO
40,Molenlei 59,2021-04-18,20:00:00,68,44,24,F11MO
40,Molenlei 59,2021-04-18,21:00:00,36,18,18,F11MO
40,Molenlei 59,2021-04-18,22:00:00,16,6,10,F11MO
40,Molenlei 59,2021-04-18,23:00:00,4,4,0,F11MO
40,Molenlei 59,2021-04-19,00:00:00,0,0,0,F11MO
40,Molenlei 59,2021-04-19,01:00:00,0,0,0,F11MO
40,Molenlei 59,2021-04-19,02:00:00,0,0,0,F11MO
40,Molenlei 59,2021-04-19,03:00:00,2,2,0,F11MO
40,Molenlei 59,2021-04-19,04:00:00,6,6,0,F11MO
40,Molenlei 59,2021-04-19,05:00:00,38,24,14,F11MO
40,Molenlei 59,2021-04-19,06:00:00,92,56,36,F11MO
40,Molenlei 59,2021-04-19,07:00:00,294,200,94,F11MO
40,Molenlei 59,2021-04-19,08:00:00,286,186,100,F11MO
40,Molenlei 59,2021-04-19,09:00:00,114,58,56,F11MO
40,Molenlei 59,2021-04-19,10:00:00,156,70,86,F11MO
40,Molenlei 59,2021-04-19,11:00:00,156,74,82,F11MO
40,Molenlei 59,2021-04-19,12:00:00,136,74,62,F11MO
40,Molenlei 59,2021-04-19,13:00:00,138,70,68,F11MO
40,Molenlei 59,2021-04-19,14:00:00,100,42,58,F11MO
40,Molenlei 59,2021-04-19,15:00:00,236,92,144,F11MO
40,Molenlei 59,2021-04-19,16:00:00,386,134,252,F11MO
40,Molenlei 59,2021-04-19,17:00:00,236,94,142,F11MO
40,Molenlei 59,2021-04-19,18:00:00,146,64,82,F11MO
40,Molenlei 59,2021-04-19,19:00:00,110,52,58,F11MO
40,Molenlei 59,2021-04-19,20:00:00,56,22,34,F11MO
40,Molenlei 59,2021-04-19,21:00:00,50,28,22,F11MO
40,Molenlei 59,2021-04-19,22:00:00,42,6,36,F11MO
40,Molenlei 59,2021-04-19,23:00:00,6,4,2,F11MO
40,Molenlei 59,2021-04-20,00:00:00,0,0,0,F11MO
40,Molenlei 59,2021-04-20,01:00:00,0,0,0,F11MO
40,Molenlei 59,2021-04-20,02:00:00,0,0,0,F11MO
40,Molenlei 59,2021-04-20,03:00:00,0,0,0,F11MO
40,Molenlei 59,2021-04-20,04:00:00,4,4,0,F11MO
40,Molenlei 59,2021-04-20,05:00:00,44,24,20,F11MO
40,Molenlei 59,2021-04-20,06:00:00,94,60,34,F11MO
40,Molenlei 59,2021-04-20,07:00:00,334,204,130,F11MO
40,Molenlei 59,2021-04-20,08:00:00,334,202,132,F11MO
40,Molenlei 59,2021-04-20,09:00:00,126,56,70,F11MO
40,Molenlei 59,2021-04-20,10:00:00,138,58,80,F11MO
40,Molenlei 59,2021-04-20,11:00:00,158,94,64,F11MO
40,Molenlei 59,2021-04-20,12:00:00,172,100,72,F11MO
40,Molenlei 59,2021-04-20,13:00:00,248,132,116,F11MO
40,Molenlei 59,2021-04-20,14:00:00,276,124,152,F11MO
40,Molenlei 59,2021-04-20,15:00:00,358,156,202,F11MO
40,Molenlei 59,2021-04-20,16:00:00,528,206,322,F11MO
40,Molenlei 59,2021-04-20,17:00:00,392,142,250,F11MO
40,Molenlei 59,2021-04-20,18:00:00,290,138,152,F11MO
40,Molenlei 59,2021-04-20,19:00:00,194,102,92,F11MO
40,Molenlei 59,2021-04-20,20:00:00,134,94,40,F11MO
40,Molenlei 59,2021-04-20,21:00:00,46,28,18,F11MO
40,Molenlei 59,2021-04-20,22:00:00,34,4,30,F11MO
40,Molenlei 59,2021-04-20,23:00:00,6,4,2,F11MO
40,Molenlei 59,2021-04-21,00:00:00,4,2,2,F11MO
40,Molenlei 59,2021-04-21,01:00:00,0,0,0,F11MO
40,Molenlei 59,2021-04-21,02:00:00,0,0,0,F11MO
40,Molenlei 59,2021-04-21,03:00:00,0,0,0,F11MO
40,Molenlei 59,2021-04-21,04:00:00,4,0,4,F11MO
40,Molenlei 59,2021-04-21,05:00:00,46,36,10,F11MO
40,Molenlei 59,2021-04-21,06:00:00,86,38,48,F11MO
40,Molenlei 59,2021-04-21,07:00:00,308,190,118,F11MO
40,Molenlei 59,2021-04-21,08:00:00,282,180,102,F11MO
40,Molenlei 59,2021-04-21,09:00:00,168,86,82,F11MO
40,Molenlei 59,2021-04-21,10:00:00,196,68,128,F11MO
40,Molenlei 59,2021-04-21,11:00:00,272,114,158,F11MO
40,Molenlei 59,2021-04-21,12:00:00,342,140,202,F11MO
40,Molenlei 59,2021-04-21,13:00:00,244,94,150,F11MO
40,Molenlei 59,2021-04-21,14:00:00,264,110,154,F11MO
40,Molenlei 59,2021-04-21,15:00:00,292,146,146,F11MO
40,Molenlei 59,2021-04-21,16:00:00,296,124,172,F11MO
40,Molenlei 59,2021-04-21,17:00:00,326,134,192,F11MO
40,Molenlei 59,2021-04-21,18:00:00,330,154,176,F11MO
40,Molenlei 59,2021-04-21,19:00:00,236,122,114,F11MO
40,Molenlei 59,2021-04-21,20:00:00,162,110,52,F11MO
40,Molenlei 59,2021-04-21,21:00:00,58,30,28,F11MO
40,Molenlei 59,2021-04-21,22:00:00,44,6,38,F11MO
40,Molenlei 59,2021-04-21,23:00:00,18,4,14,F11MO
40,Molenlei 59,2021-04-22,00:00:00,2,0,2,F11MO
40,Molenlei 59,2021-04-22,01:00:00,0,0,0,F11MO
40,Molenlei 59,2021-04-22,02:00:00,0,0,0,F11MO
40,Molenlei 59,2021-04-22,03:00:00,0,0,0,F11MO
40,Molenlei 59,2021-04-22,04:00:00,10,8,2,F11MO
40,Molenlei 59,2021-04-22,05:00:00,40,30,10,F11MO
40,Molenlei 59,2021-04-22,06:00:00,88,56,32,F11MO
40,Molenlei 59,2021-04-22,07:00:00,308,188,120,F11MO
40,Molenlei 59,2021-04-22,08:00:00,330,218,112,F11MO
40,Molenlei 59,2021-04-22,09:00:00,138,58,80,F11MO
40,Molenlei 59,2021-04-22,10:00:00,150,66,84,F11MO
40,Molenlei 59,2021-04-22,11:00:00,140,66,74,F11MO
40,Molenlei 59,2021-04-22,12:00:00,108,56,52,F11MO
40,Molenlei 59,2021-04-22,13:00:00,196,94,102,F11MO
40,Molenlei 59,2021-04-22,14:00:00,220,78,142,F11MO
40,Molenlei 59,2021-04-22,15:00:00,364,134,230,F11MO
40,Molenlei 59,2021-04-22,16:00:00,464,196,268,F11MO
40,Molenlei 59,2021-04-22,17:00:00,322,116,206,F11MO
40,Molenlei 59,2021-04-22,18:00:00,294,116,178,F11MO
40,Molenlei 59,2021-04-22,19:00:00,218,134,84,F11MO
40,Molenlei 59,2021-04-22,20:00:00,152,120,32,F11MO
40,Molenlei 59,2021-04-22,21:00:00,44,22,22,F11MO
40,Molenlei 59,2021-04-22,22:00:00,26,4,22,F11MO
40,Molenlei 59,2021-04-22,23:00:00,26,10,16,F11MO
40,Molenlei 59,2021-04-23,00:00:00,0,0,0,F11MO
40,Molenlei 59,2021-04-23,01:00:00,0,0,0,F11MO
40,Molenlei 59,2021-04-23,02:00:00,0,0,0,F11MO
40,Molenlei 59,2021-04-23,03:00:00,0,0,0,F11MO
40,Molenlei 59,2021-04-23,04:00:00,6,6,0,F11MO
40,Molenlei 59,2021-04-23,05:00:00,22,16,6,F11MO
40,Molenlei 59,2021-04-23,06:00:00,94,58,36,F11MO
40,Molenlei 59,2021-04-23,07:00:00,280,162,118,F11MO
40,Molenlei 59,2021-04-23,08:00:00,378,236,142,F11MO
40,Molenlei 59,2021-04-23,09:00:00,108,44,64,F11MO
40,Molenlei 59,2021-04-23,10:00:00,156,62,94,F11MO
40,Molenlei 59,2021-04-23,11:00:00,146,84,62,F11MO
40,Molenlei 59,2021-04-23,12:00:00,194,92,102,F11MO
40,Molenlei 59,2021-04-23,13:00:00,284,138,146,F11MO
40,Molenlei 59,2021-04-23,14:00:00,312,130,182,F11MO
40,Molenlei 59,2021-04-23,15:00:00,410,202,208,F11MO
40,Molenlei 59,2021-04-23,16:00:00,486,202,284,F11MO
40,Molenlei 59,2021-04-23,17:00:00,338,108,230,F11MO
40,Molenlei 59,2021-04-23,18:00:00,244,132,112,F11MO
40,Molenlei 59,2021-04-23,19:00:00,132,64,68,F11MO
40,Molenlei 59,2021-04-23,20:00:00,80,48,32,F11MO
40,Molenlei 59,2021-04-23,21:00:00,42,16,26,F11MO
40,Molenlei 59,2021-04-23,22:00:00,52,18,34,F11MO
40,Molenlei 59,2021-04-23,23:00:00,28,14,14,F11MO
40,Molenlei 59,2021-04-24,00:00:00,14,4,10,F11MO
40,Molenlei 59,2021-04-24,01:00:00,4,0,4,F11MO
40,Molenlei 59,2021-04-24,02:00:00,0,0,0,F11MO
40,Molenlei 59,2021-04-24,03:00:00,0,0,0,F11MO
40,Molenlei 59,2021-04-24,04:00:00,0,0,0,F11MO
40,Molenlei 59,2021-04-24,05:00:00,22,14,8,F11MO
40,Molenlei 59,2021-04-24,06:00:00,12,2,10,F11MO
40,Molenlei 59,2021-04-24,07:00:00,34,14,20,F11MO
40,Molenlei 59,2021-04-24,08:00:00,54,22,32,F11MO
40,Molenlei 59,2021-04-24,09:00:00,142,44,98,F11MO
40,Molenlei 59,2021-04-24,10:00:00,206,90,116,F11MO
40,Molenlei 59,2021-04-24,11:00:00,228,102,126,F11MO
40,Molenlei 59,2021-04-24,12:00:00,216,112,104,F11MO
40,Molenlei 59,2021-04-24,13:00:00,340,180,160,F11MO
40,Molenlei 59,2021-04-24,14:00:00,392,156,236,F11MO
40,Molenlei 59,2021-04-24,15:00:00,390,202,188,F11MO
40,Molenlei 59,2021-04-24,16:00:00,342,206,136,F11MO
40,Molenlei 59,2021-04-24,17:00:00,286,172,114,F11MO
40,Molenlei 59,2021-04-24,18:00:00,198,104,94,F11MO
40,Molenlei 59,2021-04-24,19:00:00,122,66,56,F11MO
40,Molenlei 59,2021-04-24,20:00:00,52,30,22,F11MO
40,Molenlei 59,2021-04-24,21:00:00,24,12,12,F11MO
40,Molenlei 59,2021-04-24,22:00:00,32,10,22,F11MO
40,Molenlei 59,2021-04-24,23:00:00,22,10,12,F11MO
40,Molenlei 59,2021-04-25,00:00:00,10,6,4,F11MO
40,Molenlei 59,2021-04-25,01:00:00,0,0,0,F11MO
40,Molenlei 59,2021-04-25,02:00:00,4,0,4,F11MO
40,Molenlei 59,2021-04-25,03:00:00,0,0,0,F11MO
40,Molenlei 59,2021-04-25,04:00:00,4,4,0,F11MO
40,Molenlei 59,2021-04-25,05:00:00,10,4,6,F11MO
40,Molenlei 59,2021-04-25,06:00:00,18,4,14,F11MO
40,Molenlei 59,2021-04-25,07:00:00,40,18,22,F11MO
40,Molenlei 59,2021-04-25,08:00:00,68,20,48,F11MO
40,Molenlei 59,2021-04-25,09:00:00,258,98,160,F11MO
40,Molenlei 59,2021-04-25,10:00:00,304,140,164,F11MO
40,Molenlei 59,2021-04-25,11:00:00,322,148,174,F11MO
40,Molenlei 59,2021-04-25,12:00:00,382,198,184,F11MO
40,Molenlei 59,2021-04-25,13:00:00,304,140,164,F11MO
40,Molenlei 59,2021-04-25,14:00:00,440,200,240,F11MO
40,Molenlei 59,2021-04-25,15:00:00,474,258,216,F11MO
40,Molenlei 59,2021-04-25,16:00:00,268,130,138,F11MO
40,Molenlei 59,2021-04-25,17:00:00,212,122,90,F11MO
40,Molenlei 59,2021-04-25,18:00:00,164,78,86,F11MO
40,Molenlei 59,2021-04-25,19:00:00,86,62,24,F11MO
40,Molenlei 59,2021-04-25,20:00:00,38,22,16,F11MO
40,Molenlei 59,2021-04-25,21:00:00,24,18,6,F11MO
40,Molenlei 59,2021-04-25,22:00:00,14,6,8,F11MO
40,Molenlei 59,2021-04-25,23:00:00,6,4,2,F11MO
40,Molenlei 59,2021-04-26,00:00:00,4,2,2,F11MO
40,Molenlei 59,2021-04-26,01:00:00,0,0,0,F11MO
40,Molenlei 59,2021-04-26,02:00:00,0,0,0,F11MO
40,Molenlei 59,2021-04-26,03:00:00,0,0,0,F11MO
40,Molenlei 59,2021-04-26,04:00:00,6,6,0,F11MO
40,Molenlei 59,2021-04-26,05:00:00,34,20,14,F11MO
40,Molenlei 59,2021-04-26,06:00:00,94,70,24,F11MO
40,Molenlei 59,2021-04-26,07:00:00,322,194,128,F11MO
40,Molenlei 59,2021-04-26,08:00:00,378,236,142,F11MO
40,Molenlei 59,2021-04-26,09:00:00,120,62,58,F11MO
40,Molenlei 59,2021-04-26,10:00:00,130,58,72,F11MO
40,Molenlei 59,2021-04-26,11:00:00,118,58,60,F11MO
40,Molenlei 59,2021-04-26,12:00:00,190,104,86,F11MO
40,Molenlei 59,2021-04-26,13:00:00,224,114,110,F11MO
40,Molenlei 59,2021-04-26,14:00:00,276,118,158,F11MO
40,Molenlei 59,2021-04-26,15:00:00,376,164,212,F11MO
40,Molenlei 59,2021-04-26,16:00:00,434,186,248,F11MO
40,Molenlei 59,2021-04-26,17:00:00,348,132,216,F11MO
40,Molenlei 59,2021-04-26,18:00:00,242,104,138,F11MO
40,Molenlei 59,2021-04-26,19:00:00,164,92,72,F11MO
40,Molenlei 59,2021-04-26,20:00:00,74,38,36,F11MO
40,Molenlei 59,2021-04-26,21:00:00,30,14,16,F11MO
40,Molenlei 59,2021-04-26,22:00:00,36,6,30,F11MO
40,Molenlei 59,2021-04-26,23:00:00,10,4,6,F11MO
40,Molenlei 59,2021-04-27,00:00:00,4,2,2,F11MO
40,Molenlei 59,2021-04-27,01:00:00,0,0,0,F11MO
40,Molenlei 59,2021-04-27,02:00:00,0,0,0,F11MO
40,Molenlei 59,2021-04-27,03:00:00,0,0,0,F11MO
40,Molenlei 59,2021-04-27,04:00:00,12,10,2,F11MO
40,Molenlei 59,2021-04-27,05:00:00,44,30,14,F11MO
40,Molenlei 59,2021-04-27,06:00:00,104,70,34,F11MO
40,Molenlei 59,2021-04-27,07:00:00,352,206,146,F11MO
40,Molenlei 59,2021-04-27,08:00:00,334,216,118,F11MO
40,Molenlei 59,2021-04-27,09:00:00,134,76,58,F11MO
40,Molenlei 59,2021-04-27,10:00:00,130,66,64,F11MO
40,Molenlei 59,2021-04-27,11:00:00,152,92,60,F11MO
40,Molenlei 59,2021-04-27,12:00:00,178,74,104,F11MO
40,Molenlei 59,2021-04-27,13:00:00,202,92,110,F11MO
40,Molenlei 59,2021-04-27,14:00:00,256,102,154,F11MO
40,Molenlei 59,2021-04-27,15:00:00,396,174,222,F11MO
40,Molenlei 59,2021-04-27,16:00:00,468,172,296,F11MO
40,Molenlei 59,2021-04-27,17:00:00,406,148,258,F11MO
40,Molenlei 59,2021-04-27,18:00:00,320,118,202,F11MO
40,Molenlei 59,2021-04-27,19:00:00,208,108,100,F11MO
40,Molenlei 59,2021-04-27,20:00:00,152,76,76,F11MO
40,Molenlei 59,2021-04-27,21:00:00,72,42,30,F11MO
40,Molenlei 59,2021-04-27,22:00:00,48,2,46,F11MO
40,Molenlei 59,2021-04-27,23:00:00,12,4,8,F11MO
40,Molenlei 59,2021-04-28,00:00:00,4,0,4,F11MO
40,Molenlei 59,2021-04-28,01:00:00,2,2,0,F11MO
40,Molenlei 59,2021-04-28,02:00:00,0,0,0,F11MO
40,Molenlei 59,2021-04-28,03:00:00,0,0,0,F11MO
40,Molenlei 59,2021-04-28,04:00:00,10,8,2,F11MO
40,Molenlei 59,2021-04-28,05:00:00,28,24,4,F11MO
40,Molenlei 59,2021-04-28,06:00:00,90,60,30,F11MO
40,Molenlei 59,2021-04-28,07:00:00,316,180,136,F11MO
40,Molenlei 59,2021-04-28,08:00:00,276,148,128,F11MO
40,Molenlei 59,2021-04-28,09:00:00,134,70,64,F11MO
40,Molenlei 59,2021-04-28,10:00:00,142,62,80,F11MO
40,Molenlei 59,2021-04-28,11:00:00,208,82,126,F11MO
40,Molenlei 59,2021-04-28,12:00:00,306,158,148,F11MO
40,Molenlei 59,2021-04-28,13:00:00,332,120,212,F11MO
40,Molenlei 59,2021-04-28,14:00:00,392,168,224,F11MO
40,Molenlei 59,2021-04-28,15:00:00,324,164,160,F11MO
40,Molenlei 59,2021-04-28,16:00:00,376,166,210,F11MO
40,Molenlei 59,2021-04-28,17:00:00,430,164,266,F11MO
40,Molenlei 59,2021-04-28,18:00:00,344,146,198,F11MO
40,Molenlei 59,2021-04-28,19:00:00,264,140,124,F11MO
40,Molenlei 59,2021-04-28,20:00:00,114,74,40,F11MO
40,Molenlei 59,2021-04-28,21:00:00,62,36,26,F11MO
40,Molenlei 59,2021-04-28,22:00:00,36,6,30,F11MO
40,Molenlei 59,2021-04-28,23:00:00,20,8,12,F11MO
40,Molenlei 59,2021-04-29,00:00:00,2,0,2,F11MO
40,Molenlei 59,2021-04-29,01:00:00,2,2,0,F11MO
40,Molenlei 59,2021-04-29,02:00:00,0,0,0,F11MO
40,Molenlei 59,2021-04-29,03:00:00,2,2,0,F11MO
40,Molenlei 59,2021-04-29,04:00:00,6,4,2,F11MO
40,Molenlei 59,2021-04-29,05:00:00,28,20,8,F11MO
40,Molenlei 59,2021-04-29,06:00:00,78,52,26,F11MO
40,Molenlei 59,2021-04-29,07:00:00,254,152,102,F11MO
40,Molenlei 59,2021-04-29,08:00:00,244,160,84,F11MO
40,Molenlei 59,2021-04-29,09:00:00,46,28,18,F11MO
40,Molenlei 59,2021-04-29,10:00:00,40,16,24,F11MO
40,Molenlei 59,2021-04-29,11:00:00,74,16,58,F11MO
40,Molenlei 59,2021-04-29,12:00:00,72,30,42,F11MO
40,Molenlei 59,2021-04-29,13:00:00,98,54,44,F11MO
40,Molenlei 59,2021-04-29,14:00:00,80,32,48,F11MO
40,Molenlei 59,2021-04-29,15:00:00,184,60,124,F11MO
40,Molenlei 59,2021-04-29,16:00:00,290,90,200,F11MO
40,Molenlei 59,2021-04-29,17:00:00,212,82,130,F11MO
40,Molenlei 59,2021-04-29,18:00:00,152,62,90,F11MO
40,Molenlei 59,2021-04-29,19:00:00,88,58,30,F11MO
40,Molenlei 59,2021-04-29,20:00:00,116,76,40,F11MO
40,Molenlei 59,2021-04-29,21:00:00,42,28,14,F11MO
40,Molenlei 59,2021-04-29,22:00:00,34,10,24,F11MO
40,Molenlei 59,2021-04-29,23:00:00,8,2,6,F11MO
40,Molenlei 59,2021-04-30,00:00:00,0,0,0,F11MO
40,Molenlei 59,2021-04-30,01:00:00,0,0,0,F11MO
40,Molenlei 59,2021-04-30,02:00:00,0,0,0,F11MO
40,Molenlei 59,2021-04-30,03:00:00,0,0,0,F11MO
40,Molenlei 59,2021-04-30,04:00:00,6,6,0,F11MO
40,Molenlei 59,2021-04-30,05:00:00,32,26,6,F11MO
40,Molenlei 59,2021-04-30,06:00:00,70,44,26,F11MO
40,Molenlei 59,2021-04-30,07:00:00,278,162,116,F11MO
40,Molenlei 59,2021-04-30,08:00:00,300,170,130,F11MO
40,Molenlei 59,2021-04-30,09:00:00,158,78,80,F11MO
40,Molenlei 59,2021-04-30,10:00:00,118,70,48,F11MO
40,Molenlei 59,2021-04-30,11:00:00,132,68,64,F11MO
40,Molenlei 59,2021-04-30,12:00:00,154,90,64,F11MO
40,Molenlei 59,2021-04-30,13:00:00,214,86,128,F11MO
40,Molenlei 59,2021-04-30,14:00:00,218,84,134,F11MO
40,Molenlei 59,2021-04-30,15:00:00,300,126,174,F11MO
40,Molenlei 59,2021-04-30,16:00:00,350,134,216,F11MO
40,Molenlei 59,2021-04-30,17:00:00,332,156,176,F11MO
40,Molenlei 59,2021-04-30,18:00:00,212,108,104,F11MO
40,Molenlei 59,2021-04-30,19:00:00,124,50,74,F11MO
40,Molenlei 59,2021-04-30,20:00:00,56,26,30,F11MO
40,Molenlei 59,2021-04-30,21:00:00,42,24,18,F11MO
40,Molenlei 59,2021-04-30,22:00:00,22,12,10,F11MO
40,Molenlei 59,2021-04-30,23:00:00,34,14,20,F11MO
40,Molenlei 59,2021-05-01,00:00:00,14,6,8,F11MO
40,Molenlei 59,2021-05-01,01:00:00,2,2,0,F11MO
40,Molenlei 59,2021-05-01,02:00:00,4,2,2,F11MO
40,Molenlei 59,2021-05-01,03:00:00,2,2,0,F11MO
40,Molenlei 59,2021-05-01,04:00:00,0,0,0,F11MO
40,Molenlei 59,2021-05-01,05:00:00,16,8,8,F11MO
40,Molenlei 59,2021-05-01,06:00:00,22,12,10,F11MO
40,Molenlei 59,2021-05-01,07:00:00,18,10,8,F11MO
40,Molenlei 59,2021-05-01,08:00:00,52,20,32,F11MO
40,Molenlei 59,2021-05-01,09:00:00,146,42,104,F11MO
40,Molenlei 59,2021-05-01,10:00:00,238,94,144,F11MO
40,Molenlei 59,2021-05-01,11:00:00,286,130,156,F11MO
40,Molenlei 59,2021-05-01,12:00:00,278,182,96,F11MO
40,Molenlei 59,2021-05-01,13:00:00,238,104,134,F11MO
40,Molenlei 59,2021-05-01,14:00:00,360,146,214,F11MO
40,Molenlei 59,2021-05-01,15:00:00,354,182,172,F11MO
40,Molenlei 59,2021-05-01,16:00:00,282,142,140,F11MO
40,Molenlei 59,2021-05-01,17:00:00,232,112,120,F11MO
40,Molenlei 59,2021-05-01,18:00:00,122,68,54,F11MO
40,Molenlei 59,2021-05-01,19:00:00,136,70,66,F11MO
40,Molenlei 59,2021-05-01,20:00:00,108,68,40,F11MO
40,Molenlei 59,2021-05-01,21:00:00,42,26,16,F11MO
40,Molenlei 59,2021-05-01,22:00:00,48,16,32,F11MO
40,Molenlei 59,2021-05-01,23:00:00,46,36,10,F11MO
40,Molenlei 59,2021-05-02,00:00:00,22,8,14,F11MO
40,Molenlei 59,2021-05-02,01:00:00,2,2,0,F11MO
40,Molenlei 59,2021-05-02,02:00:00,4,2,2,F11MO
40,Molenlei 59,2021-05-02,03:00:00,4,4,0,F11MO
40,Molenlei 59,2021-05-02,04:00:00,2,2,0,F11MO
40,Molenlei 59,2021-05-02,05:00:00,20,16,4,F11MO
40,Molenlei 59,2021-05-02,06:00:00,16,6,10,F11MO
40,Molenlei 59,2021-05-02,07:00:00,18,8,10,F11MO
40,Molenlei 59,2021-05-02,08:00:00,96,40,56,F11MO
40,Molenlei 59,2021-05-02,09:00:00,322,140,182,F11MO
40,Molenlei 59,2021-05-02,10:00:00,314,112,202,F11MO
40,Molenlei 59,2021-05-02,11:00:00,422,262,160,F11MO
40,Molenlei 59,2021-05-02,12:00:00,398,266,132,F11MO
40,Molenlei 59,2021-05-02,13:00:00,268,148,120,F11MO
40,Molenlei 59,2021-05-02,14:00:00,278,134,144,F11MO
40,Molenlei 59,2021-05-02,15:00:00,270,140,130,F11MO
40,Molenlei 59,2021-05-02,16:00:00,230,132,98,F11MO
40,Molenlei 59,2021-05-02,17:00:00,204,110,94,F11MO
40,Molenlei 59,2021-05-02,18:00:00,148,72,76,F11MO
40,Molenlei 59,2021-05-02,19:00:00,46,16,30,F11MO
40,Molenlei 59,2021-05-02,20:00:00,30,26,4,F11MO
40,Molenlei 59,2021-05-02,21:00:00,36,16,20,F11MO
40,Molenlei 59,2021-05-02,22:00:00,24,10,14,F11MO
40,Molenlei 59,2021-05-02,23:00:00,6,4,2,F11MO
40,Molenlei 59,2021-05-03,00:00:00,2,0,2,F11MO
40,Molenlei 59,2021-05-03,01:00:00,0,0,0,F11MO
40,Molenlei 59,2021-05-03,02:00:00,2,0,2,F11MO
40,Molenlei 59,2021-05-03,03:00:00,0,0,0,F11MO
40,Molenlei 59,2021-05-03,04:00:00,2,2,0,F11MO
40,Molenlei 59,2021-05-03,05:00:00,36,24,12,F11MO
40,Molenlei 59,2021-05-03,06:00:00,62,48,14,F11MO
40,Molenlei 59,2021-05-03,07:00:00,242,140,102,F11MO
40,Molenlei 59,2021-05-03,08:00:00,340,220,120,F11MO
40,Molenlei 59,2021-05-03,09:00:00,140,66,74,F11MO
40,Molenlei 59,2021-05-03,10:00:00,120,54,66,F11MO
40,Molenlei 59,2021-05-03,11:00:00,170,90,80,F11MO
40,Molenlei 59,2021-05-03,12:00:00,172,92,80,F11MO
40,Molenlei 59,2021-05-03,13:00:00,202,94,108,F11MO
40,Molenlei 59,2021-05-03,14:00:00,174,84,90,F11MO
40,Molenlei 59,2021-05-03,15:00:00,330,128,202,F11MO
40,Molenlei 59,2021-05-03,16:00:00,366,150,216,F11MO
40,Molenlei 59,2021-05-03,17:00:00,226,98,128,F11MO
40,Molenlei 59,2021-05-03,18:00:00,166,80,86,F11MO
40,Molenlei 59,2021-05-03,19:00:00,112,48,64,F11MO
40,Molenlei 59,2021-05-03,20:00:00,88,48,40,F11MO
40,Molenlei 59,2021-05-03,21:00:00,30,16,14,F11MO
40,Molenlei 59,2021-05-03,22:00:00,32,14,18,F11MO
40,Molenlei 59,2021-05-03,23:00:00,4,0,4,F11MO
40,Molenlei 59,2021-05-04,00:00:00,2,0,2,F11MO
40,Molenlei 59,2021-05-04,01:00:00,0,0,0,F11MO
40,Molenlei 59,2021-05-04,02:00:00,0,0,0,F11MO
40,Molenlei 59,2021-05-04,03:00:00,0,0,0,F11MO
40,Molenlei 59,2021-05-04,04:00:00,0,0,0,F11MO
40,Molenlei 59,2021-05-04,05:00:00,26,18,8,F11MO
40,Molenlei 59,2021-05-04,06:00:00,50,32,18,F11MO
40,Molenlei 59,2021-05-04,07:00:00,132,66,66,F11MO
40,Molenlei 59,2021-05-04,08:00:00,200,124,76,F11MO
40,Molenlei 59,2021-05-04,09:00:00,52,22,30,F11MO
40,Molenlei 59,2021-05-04,10:00:00,26,16,10,F11MO
40,Molenlei 59,2021-05-04,11:00:00,44,20,24,F11MO
40,Molenlei 59,2021-05-04,12:00:00,68,36,32,F11MO
40,Molenlei 59,2021-05-04,13:00:00,56,26,30,F11MO
40,Molenlei 59,2021-05-04,14:00:00,60,26,34,F11MO
40,Molenlei 59,2021-05-04,15:00:00,140,64,76,F11MO
40,Molenlei 59,2021-05-04,16:00:00,176,70,106,F11MO
40,Molenlei 59,2021-05-04,17:00:00,114,38,76,F11MO
40,Molenlei 59,2021-05-04,18:00:00,72,22,50,F11MO
40,Molenlei 59,2021-05-04,19:00:00,22,8,14,F11MO
40,Molenlei 59,2021-05-04,20:00:00,42,18,24,F11MO
40,Molenlei 59,2021-05-04,21:00:00,20,14,6,F11MO
40,Molenlei 59,2021-05-04,22:00:00,10,0,10,F11MO
40,Molenlei 59,2021-05-04,23:00:00,6,2,4,F11MO
40,Molenlei 59,2021-05-05,00:00:00,2,2,0,F11MO
40,Molenlei 59,2021-05-05,01:00:00,0,0,0,F11MO
40,Molenlei 59,2021-05-05,02:00:00,0,0,0,F11MO
40,Molenlei 59,2021-05-05,03:00:00,0,0,0,F11MO
40,Molenlei 59,2021-05-05,04:00:00,2,2,0,F11MO
40,Molenlei 59,2021-05-05,05:00:00,24,16,8,F11MO
40,Molenlei 59,2021-05-05,06:00:00,64,34,30,F11MO
40,Molenlei 59,2021-05-05,07:00:00,146,90,56,F11MO
40,Molenlei 59,2021-05-05,08:00:00,220,132,88,F11MO
40,Molenlei 59,2021-05-05,09:00:00,40,20,20,F11MO
40,Molenlei 59,2021-05-05,10:00:00,68,36,32,F11MO
40,Molenlei 59,2021-05-05,11:00:00,124,36,88,F11MO
40,Molenlei 59,2021-05-05,12:00:00,166,76,90,F11MO
40,Molenlei 59,2021-05-05,13:00:00,116,52,64,F11MO
40,Molenlei 59,2021-05-05,14:00:00,160,68,92,F11MO
40,Molenlei 59,2021-05-05,15:00:00,134,50,84,F11MO
40,Molenlei 59,2021-05-05,16:00:00,198,100,98,F11MO
40,Molenlei 59,2021-05-05,17:00:00,228,94,134,F11MO
40,Molenlei 59,2021-05-05,18:00:00,150,62,88,F11MO
40,Molenlei 59,2021-05-05,19:00:00,138,72,66,F11MO
40,Molenlei 59,2021-05-05,20:00:00,84,46,38,F11MO
40,Molenlei 59,2021-05-05,21:00:00,46,30,16,F11MO
40,Molenlei 59,2021-05-05,22:00:00,26,4,22,F11MO
40,Molenlei 59,2021-05-05,23:00:00,10,4,6,F11MO
40,Molenlei 59,2021-05-06,00:00:00,2,0,2,F11MO
40,Molenlei 59,2021-05-06,01:00:00,0,0,0,F11MO
40,Molenlei 59,2021-05-06,02:00:00,0,0,0,F11MO
40,Molenlei 59,2021-05-06,03:00:00,0,0,0,F11MO
40,Molenlei 59,2021-05-06,04:00:00,4,4,0,F11MO
40,Molenlei 59,2021-05-06,05:00:00,38,30,8,F11MO
40,Molenlei 59,2021-05-06,06:00:00,76,50,26,F11MO
40,Molenlei 59,2021-05-06,07:00:00,248,142,106,F11MO
40,Molenlei 59,2021-05-06,08:00:00,278,188,90,F11MO
40,Molenlei 59,2021-05-06,09:00:00,120,64,56,F11MO
40,Molenlei 59,2021-05-06,10:00:00,132,72,60,F11MO
40,Molenlei 59,2021-05-06,11:00:00,102,50,52,F11MO
40,Molenlei 59,2021-05-06,12:00:00,140,64,76,F11MO
40,Molenlei 59,2021-05-06,13:00:00,176,86,90,F11MO
40,Molenlei 59,2021-05-06,14:00:00,140,68,72,F11MO
40,Molenlei 59,2021-05-06,15:00:00,242,72,170,F11MO
40,Molenlei 59,2021-05-06,16:00:00,292,114,178,F11MO
40,Molenlei 59,2021-05-06,17:00:00,224,92,132,F11MO
40,Molenlei 59,2021-05-06,18:00:00,122,58,64,F11MO
40,Molenlei 59,2021-05-06,19:00:00,68,24,44,F11MO
40,Molenlei 59,2021-05-06,20:00:00,30,20,10,F11MO
40,Molenlei 59,2021-05-06,21:00:00,20,12,8,F11MO
40,Molenlei 59,2021-05-06,22:00:00,26,6,20,F11MO
40,Molenlei 59,2021-05-06,23:00:00,14,8,6,F11MO
40,Molenlei 59,2021-05-07,00:00:00,0,0,0,F11MO
40,Molenlei 59,2021-05-07,01:00:00,0,0,0,F11MO
40,Molenlei 59,2021-05-07,02:00:00,2,0,2,F11MO
40,Molenlei 59,2021-05-07,03:00:00,0,0,0,F11MO
40,Molenlei 59,2021-05-07,04:00:00,10,8,2,F11MO
40,Molenlei 59,2021-05-07,05:00:00,34,24,10,F11MO
40,Molenlei 59,2021-05-07,06:00:00,72,48,24,F11MO
40,Molenlei 59,2021-05-07,07:00:00,196,118,78,F11MO
40,Molenlei 59,2021-05-07,08:00:00,300,202,98,F11MO
40,Molenlei 59,2021-05-07,09:00:00,96,42,54,F11MO
40,Molenlei 59,2021-05-07,10:00:00,110,54,56,F11MO
40,Molenlei 59,2021-05-07,11:00:00,118,82,36,F11MO
40,Molenlei 59,2021-05-07,12:00:00,176,86,90,F11MO
40,Molenlei 59,2021-05-07,13:00:00,174,78,96,F11MO
40,Molenlei 59,2021-05-07,14:00:00,220,106,114,F11MO
40,Molenlei 59,2021-05-07,15:00:00,332,178,154,F11MO
40,Molenlei 59,2021-05-07,16:00:00,334,112,222,F11MO
40,Molenlei 59,2021-05-07,17:00:00,260,94,166,F11MO
40,Molenlei 59,2021-05-07,18:00:00,234,100,134,F11MO
40,Molenlei 59,2021-05-07,19:00:00,148,82,66,F11MO
40,Molenlei 59,2021-05-07,20:00:00,116,64,52,F11MO
40,Molenlei 59,2021-05-07,21:00:00,38,28,10,F11MO
40,Molenlei 59,2021-05-07,22:00:00,22,6,16,F11MO
40,Molenlei 59,2021-05-07,23:00:00,32,16,16,F11MO
40,Molenlei 59,2021-05-08,00:00:00,16,4,12,F11MO
40,Molenlei 59,2021-05-08,01:00:00,8,2,6,F11MO
40,Molenlei 59,2021-05-08,02:00:00,10,2,8,F11MO
40,Molenlei 59,2021-05-08,03:00:00,4,2,2,F11MO
40,Molenlei 59,2021-05-08,04:00:00,4,2,2,F11MO
40,Molenlei 59,2021-05-08,05:00:00,20,14,6,F11MO
40,Molenlei 59,2021-05-08,06:00:00,16,6,10,F11MO
40,Molenlei 59,2021-05-08,07:00:00,28,8,20,F11MO
40,Molenlei 59,2021-05-08,08:00:00,46,22,24,F11MO
40,Molenlei 59,2021-05-08,09:00:00,112,42,70,F11MO
40,Molenlei 59,2021-05-08,10:00:00,126,56,70,F11MO
40,Molenlei 59,2021-05-08,11:00:00,86,52,34,F11MO
40,Molenlei 59,2021-05-08,12:00:00,70,34,36,F11MO
40,Molenlei 59,2021-05-08,13:00:00,94,50,44,F11MO
40,Molenlei 59,2021-05-08,14:00:00,164,58,106,F11MO
40,Molenlei 59,2021-05-08,15:00:00,152,70,82,F11MO
40,Molenlei 59,2021-05-08,16:00:00,166,96,70,F11MO
40,Molenlei 59,2021-05-08,17:00:00,188,96,92,F11MO
40,Molenlei 59,2021-05-08,18:00:00,168,76,92,F11MO
40,Molenlei 59,2021-05-08,19:00:00,96,40,56,F11MO
40,Molenlei 59,2021-05-08,20:00:00,120,72,48,F11MO
40,Molenlei 59,2021-05-08,21:00:00,48,32,16,F11MO
40,Molenlei 59,2021-05-08,22:00:00,24,22,2,F11MO
40,Molenlei 59,2021-05-08,23:00:00,22,12,10,F11MO
40,Molenlei 59,2021-05-09,00:00:00,16,6,10,F11MO
40,Molenlei 59,2021-05-09,01:00:00,14,2,12,F11MO
40,Molenlei 59,2021-05-09,02:00:00,4,0,4,F11MO
40,Molenlei 59,2021-05-09,03:00:00,2,0,2,F11MO
40,Molenlei 59,2021-05-09,04:00:00,4,2,2,F11MO
40,Molenlei 59,2021-05-09,05:00:00,14,12,2,F11MO
40,Molenlei 59,2021-05-09,06:00:00,34,16,18,F11MO
40,Molenlei 59,2021-05-09,07:00:00,40,18,22,F11MO
40,Molenlei 59,2021-05-09,08:00:00,110,52,58,F11MO
40,Molenlei 59,2021-05-09,09:00:00,248,92,156,F11MO
40,Molenlei 59,2021-05-09,10:00:00,372,126,246,F11MO
40,Molenlei 59,2021-05-09,11:00:00,290,134,156,F11MO
40,Molenlei 59,2021-05-09,12:00:00,352,236,116,F11MO
40,Molenlei 59,2021-05-09,13:00:00,238,166,72,F11MO
40,Molenlei 59,2021-05-09,14:00:00,378,130,248,F11MO
40,Molenlei 59,2021-05-09,15:00:00,416,222,194,F11MO
40,Molenlei 59,2021-05-09,16:00:00,326,172,154,F11MO
40,Molenlei 59,2021-05-09,17:00:00,288,174,114,F11MO
40,Molenlei 59,2021-05-09,18:00:00,156,82,74,F11MO
40,Molenlei 59,2021-05-09,19:00:00,124,56,68,F11MO
40,Molenlei 59,2021-05-09,20:00:00,66,40,26,F11MO
40,Molenlei 59,2021-05-09,21:00:00,28,16,12,F11MO
40,Molenlei 59,2021-05-09,22:00:00,12,4,8,F11MO
40,Molenlei 59,2021-05-09,23:00:00,12,4,8,F11MO
40,Molenlei 59,2021-05-10,00:00:00,6,6,0,F11MO
40,Molenlei 59,2021-05-10,01:00:00,0,0,0,F11MO
40,Molenlei 59,2021-05-10,02:00:00,2,0,2,F11MO
40,Molenlei 59,2021-05-10,03:00:00,0,0,0,F11MO
40,Molenlei 59,2021-05-10,04:00:00,2,2,0,F11MO
40,Molenlei 59,2021-05-10,05:00:00,26,18,8,F11MO
40,Molenlei 59,2021-05-10,06:00:00,64,48,16,F11MO
40,Molenlei 59,2021-05-10,07:00:00,264,140,124,F11MO
40,Molenlei 59,2021-05-10,08:00:00,292,174,118,F11MO
40,Molenlei 59,2021-05-10,09:00:00,82,32,50,F11MO
40,Molenlei 59,2021-05-10,10:00:00,76,32,44,F11MO
40,Molenlei 59,2021-05-10,11:00:00,88,38,50,F11MO
40,Molenlei 59,2021-05-10,12:00:00,138,78,60,F11MO
40,Molenlei 59,2021-05-10,13:00:00,102,56,46,F11MO
40,Molenlei 59,2021-05-10,14:00:00,144,66,78,F11MO
40,Molenlei 59,2021-05-10,15:00:00,230,100,130,F11MO
40,Molenlei 59,2021-05-10,16:00:00,360,136,224,F11MO
40,Molenlei 59,2021-05-10,17:00:00,298,138,160,F11MO
40,Molenlei 59,2021-05-10,18:00:00,174,76,98,F11MO
40,Molenlei 59,2021-05-10,19:00:00,162,72,90,F11MO
40,Molenlei 59,2021-05-10,20:00:00,88,66,22,F11MO
40,Molenlei 59,2021-05-10,21:00:00,70,34,36,F11MO
40,Molenlei 59,2021-05-10,22:00:00,56,20,36,F11MO
40,Molenlei 59,2021-05-10,23:00:00,4,0,4,F11MO
40,Molenlei 59,2021-05-11,00:00:00,0,0,0,F11MO
40,Molenlei 59,2021-05-11,01:00:00,0,0,0,F11MO
40,Molenlei 59,2021-05-11,02:00:00,2,0,2,F11MO
40,Molenlei 59,2021-05-11,03:00:00,0,0,0,F11MO
40,Molenlei 59,2021-05-11,04:00:00,6,4,2,F11MO
40,Molenlei 59,2021-05-11,05:00:00,36,30,6,F11MO
40,Molenlei 59,2021-05-11,06:00:00,88,62,26,F11MO
40,Molenlei 59,2021-05-11,07:00:00,282,164,118,F11MO
40,Molenlei 59,2021-05-11,08:00:00,332,210,122,F11MO
40,Molenlei 59,2021-05-11,09:00:00,132,50,82,F11MO
40,Molenlei 59,2021-05-11,10:00:00,148,68,80,F11MO
40,Molenlei 59,2021-05-11,11:00:00,144,86,58,F11MO
40,Molenlei 59,2021-05-11,12:00:00,168,104,64,F11MO
40,Molenlei 59,2021-05-11,13:00:00,146,84,62,F11MO
40,Molenlei 59,2021-05-11,14:00:00,158,52,106,F11MO
40,Molenlei 59,2021-05-11,15:00:00,248,102,146,F11MO
40,Molenlei 59,2021-05-11,16:00:00,278,104,174,F11MO
40,Molenlei 59,2021-05-11,17:00:00,200,72,128,F11MO
40,Molenlei 59,2021-05-11,18:00:00,126,46,80,F11MO
40,Molenlei 59,2021-05-11,19:00:00,72,36,36,F11MO
40,Molenlei 59,2021-05-11,20:00:00,50,30,20,F11MO
40,Molenlei 59,2021-05-11,21:00:00,60,44,16,F11MO
40,Molenlei 59,2021-05-11,22:00:00,36,10,26,F11MO
40,Molenlei 59,2021-05-11,23:00:00,0,0,0,F11MO
40,Molenlei 59,2021-05-12,00:00:00,14,12,2,F11MO
40,Molenlei 59,2021-05-12,01:00:00,6,4,2,F11MO
40,Molenlei 59,2021-05-12,02:00:00,2,0,2,F11MO
40,Molenlei 59,2021-05-12,03:00:00,2,0,2,F11MO
40,Molenlei 59,2021-05-12,04:00:00,12,4,8,F11MO
40,Molenlei 59,2021-05-12,05:00:00,44,32,12,F11MO
40,Molenlei 59,2021-05-12,06:00:00,92,64,28,F11MO
40,Molenlei 59,2021-05-12,07:00:00,236,132,104,F11MO
40,Molenlei 59,2021-05-12,08:00:00,246,146,100,F11MO
40,Molenlei 59,2021-05-12,09:00:00,198,90,108,F11MO
40,Molenlei 59,2021-05-12,10:00:00,196,94,102,F11MO
40,Molenlei 59,2021-05-12,11:00:00,264,132,132,F11MO
40,Molenlei 59,2021-05-12,12:00:00,276,118,158,F11MO
40,Molenlei 59,2021-05-12,13:00:00,248,106,142,F11MO
40,Molenlei 59,2021-05-12,14:00:00,202,102,100,F11MO
40,Molenlei 59,2021-05-12,15:00:00,210,100,110,F11MO
40,Molenlei 59,2021-05-12,16:00:00,250,104,146,F11MO
40,Molenlei 59,2021-05-12,17:00:00,244,106,138,F11MO
40,Molenlei 59,2021-05-12,18:00:00,214,90,124,F11MO
40,Molenlei 59,2021-05-12,19:00:00,122,32,90,F11MO
40,Molenlei 59,2021-05-12,20:00:00,102,68,34,F11MO
40,Molenlei 59,2021-05-12,21:00:00,112,68,44,F11MO
40,Molenlei 59,2021-05-12,22:00:00,80,34,46,F11MO
40,Molenlei 59,2021-05-12,23:00:00,8,0,8,F11MO
40,Molenlei 59,2021-05-13,00:00:00,12,2,10,F11MO
40,Molenlei 59,2021-05-13,01:00:00,8,6,2,F11MO
40,Molenlei 59,2021-05-13,02:00:00,8,0,8,F11MO
40,Molenlei 59,2021-05-13,03:00:00,6,2,4,F11MO
40,Molenlei 59,2021-05-13,04:00:00,2,0,2,F11MO
40,Molenlei 59,2021-05-13,05:00:00,16,16,0,F11MO
40,Molenlei 59,2021-05-13,06:00:00,24,6,18,F11MO
40,Molenlei 59,2021-05-13,07:00:00,30,10,20,F11MO
40,Molenlei 59,2021-05-13,08:00:00,70,36,34,F11MO
40,Molenlei 59,2021-05-13,09:00:00,222,84,138,F11MO
40,Molenlei 59,2021-05-13,10:00:00,388,152,236,F11MO
40,Molenlei 59,2021-05-13,11:00:00,358,178,180,F11MO
40,Molenlei 59,2021-05-13,12:00:00,276,174,102,F11MO
40,Molenlei 59,2021-05-13,13:00:00,234,148,86,F11MO
40,Molenlei 59,2021-05-13,14:00:00,326,178,148,F11MO
40,Molenlei 59,2021-05-13,15:00:00,190,94,96,F11MO
40,Molenlei 59,2021-05-13,16:00:00,206,130,76,F11MO
40,Molenlei 59,2021-05-13,17:00:00,146,72,74,F11MO
40,Molenlei 59,2021-05-13,18:00:00,108,60,48,F11MO
40,Molenlei 59,2021-05-13,19:00:00,92,50,42,F11MO
40,Molenlei 59,2021-05-13,20:00:00,72,42,30,F11MO
40,Molenlei 59,2021-05-13,21:00:00,88,50,38,F11MO
40,Molenlei 59,2021-05-13,22:00:00,44,10,34,F11MO
40,Molenlei 59,2021-05-13,23:00:00,8,6,2,F11MO
40,Molenlei 59,2021-05-14,00:00:00,16,6,10,F11MO
40,Molenlei 59,2021-05-14,01:00:00,8,0,8,F11MO
40,Molenlei 59,2021-05-14,02:00:00,4,0,4,F11MO
40,Molenlei 59,2021-05-14,03:00:00,0,0,0,F11MO
40,Molenlei 59,2021-05-14,04:00:00,6,4,2,F11MO
40,Molenlei 59,2021-05-14,05:00:00,14,6,8,F11MO
40,Molenlei 59,2021-05-14,06:00:00,28,8,20,F11MO
40,Molenlei 59,2021-05-14,07:00:00,50,24,26,F11MO
40,Molenlei 59,2021-05-14,08:00:00,90,18,72,F11MO
40,Molenlei 59,2021-05-14,09:00:00,128,50,78,F11MO
40,Molenlei 59,2021-05-14,10:00:00,266,112,154,F11MO
40,Molenlei 59,2021-05-14,11:00:00,280,154,126,F11MO
40,Molenlei 59,2021-05-14,12:00:00,232,166,66,F11MO
40,Molenlei 59,2021-05-14,13:00:00,112,58,54,F11MO
40,Molenlei 59,2021-05-14,14:00:00,118,64,54,F11MO
40,Molenlei 59,2021-05-14,15:00:00,98,62,36,F11MO
40,Molenlei 59,2021-05-14,16:00:00,130,86,44,F11MO
40,Molenlei 59,2021-05-14,17:00:00,156,76,80,F11MO
40,Molenlei 59,2021-05-14,18:00:00,150,82,68,F11MO
40,Molenlei 59,2021-05-14,19:00:00,48,26,22,F11MO
40,Molenlei 59,2021-05-14,20:00:00,50,26,24,F11MO
40,Molenlei 59,2021-05-14,21:00:00,32,14,18,F11MO
40,Molenlei 59,2021-05-14,22:00:00,30,12,18,F11MO
40,Molenlei 59,2021-05-14,23:00:00,8,0,8,F11MO
40,Molenlei 59,2021-05-15,00:00:00,2,2,0,F11MO
40,Molenlei 59,2021-05-15,01:00:00,8,8,0,F11MO
40,Molenlei 59,2021-05-15,02:00:00,4,2,2,F11MO
40,Molenlei 59,2021-05-15,03:00:00,2,2,0,F11MO
40,Molenlei 59,2021-05-15,04:00:00,12,10,2,F11MO
40,Molenlei 59,2021-05-15,05:00:00,12,2,10,F11MO
40,Molenlei 59,2021-05-15,06:00:00,14,8,6,F11MO
40,Molenlei 59,2021-05-15,07:00:00,22,8,14,F11MO
40,Molenlei 59,2021-05-15,08:00:00,50,14,36,F11MO
40,Molenlei 59,2021-05-15,09:00:00,134,54,80,F11MO
40,Molenlei 59,2021-05-15,10:00:00,148,66,82,F11MO
40,Molenlei 59,2021-05-15,11:00:00,150,86,64,F11MO
40,Molenlei 59,2021-05-15,12:00:00,102,58,44,F11MO
40,Molenlei 59,2021-05-15,13:00:00,82,48,34,F11MO
40,Molenlei 59,2021-05-15,14:00:00,88,34,54,F11MO
40,Molenlei 59,2021-05-15,15:00:00,76,24,52,F11MO
40,Molenlei 59,2021-05-15,16:00:00,54,28,26,F11MO
40,Molenlei 59,2021-05-15,17:00:00,74,46,28,F11MO
40,Molenlei 59,2021-05-15,18:00:00,68,32,36,F11MO
40,Molenlei 59,2021-05-15,19:00:00,74,18,56,F11MO
40,Molenlei 59,2021-05-15,20:00:00,54,38,16,F11MO
40,Molenlei 59,2021-05-15,21:00:00,54,30,24,F11MO
40,Molenlei 59,2021-05-15,22:00:00,30,8,22,F11MO
40,Molenlei 59,2021-05-15,23:00:00,14,8,6,F11MO
40,Molenlei 59,2021-05-16,00:00:00,16,4,12,F11MO
40,Molenlei 59,2021-05-16,01:00:00,8,4,4,F11MO
40,Molenlei 59,2021-05-16,02:00:00,18,16,2,F11MO
40,Molenlei 59,2021-05-16,03:00:00,4,0,4,F11MO
40,Molenlei 59,2021-05-16,04:00:00,4,0,4,F11MO
40,Molenlei 59,2021-05-16,05:00:00,14,6,8,F11MO
40,Molenlei 59,2021-05-16,06:00:00,22,10,12,F11MO
40,Molenlei 59,2021-05-16,07:00:00,34,16,18,F11MO
40,Molenlei 59,2021-05-16,08:00:00,118,36,82,F11MO
40,Molenlei 59,2021-05-16,09:00:00,292,106,186,F11MO
40,Molenlei 59,2021-05-16,10:00:00,326,148,178,F11MO
40,Molenlei 59,2021-05-16,11:00:00,346,218,128,F11MO
40,Molenlei 59,2021-05-16,12:00:00,282,170,112,F11MO
40,Molenlei 59,2021-05-16,13:00:00,206,126,80,F11MO
40,Molenlei 59,2021-05-16,14:00:00,154,72,82,F11MO
40,Molenlei 59,2021-05-16,15:00:00,66,42,24,F11MO
40,Molenlei 59,2021-05-16,16:00:00,110,48,62,F11MO
40,Molenlei 59,2021-05-16,17:00:00,102,62,40,F11MO
40,Molenlei 59,2021-05-16,18:00:00,82,40,42,F11MO
40,Molenlei 59,2021-05-16,19:00:00,50,28,22,F11MO
40,Molenlei 59,2021-05-16,20:00:00,58,22,36,F11MO
40,Molenlei 59,2021-05-16,21:00:00,38,24,14,F11MO
40,Molenlei 59,2021-05-16,22:00:00,10,4,6,F11MO
40,Molenlei 59,2021-05-16,23:00:00,4,0,4,F11MO
40,Molenlei 59,2021-05-17,00:00:00,2,0,2,F11MO
40,Molenlei 59,2021-05-17,01:00:00,4,2,2,F11MO
40,Molenlei 59,2021-05-17,02:00:00,2,2,0,F11MO
40,Molenlei 59,2021-05-17,03:00:00,0,0,0,F11MO
40,Molenlei 59,2021-05-17,04:00:00,8,8,0,F11MO
40,Molenlei 59,2021-05-17,05:00:00,30,22,8,F11MO
40,Molenlei 59,2021-05-17,06:00:00,82,52,30,F11MO
40,Molenlei 59,2021-05-17,07:00:00,202,112,90,F11MO
40,Molenlei 59,2021-05-17,08:00:00,266,176,90,F11MO
40,Molenlei 59,2021-05-17,09:00:00,64,34,30,F11MO
40,Molenlei 59,2021-05-17,10:00:00,34,18,16,F11MO
40,Molenlei 59,2021-05-17,11:00:00,78,40,38,F11MO
40,Molenlei 59,2021-05-17,12:00:00,80,44,36,F11MO
40,Molenlei 59,2021-05-17,13:00:00,102,62,40,F11MO
40,Molenlei 59,2021-05-17,14:00:00,84,38,46,F11MO
40,Molenlei 59,2021-05-17,15:00:00,194,60,134,F11MO
40,Molenlei 59,2021-05-17,16:00:00,250,98,152,F11MO
40,Molenlei 59,2021-05-17,17:00:00,292,120,172,F11MO
40,Molenlei 59,2021-05-17,18:00:00,190,82,108,F11MO
40,Molenlei 59,2021-05-17,19:00:00,150,54,96,F11MO
40,Molenlei 59,2021-05-17,20:00:00,78,46,32,F11MO
40,Molenlei 59,2021-05-17,21:00:00,58,26,32,F11MO
40,Molenlei 59,2021-05-17,22:00:00,28,14,14,F11MO
40,Molenlei 59,2021-05-17,23:00:00,4,0,4,F11MO
40,Molenlei 59,2021-05-18,00:00:00,2,2,0,F11MO
40,Molenlei 59,2021-05-18,01:00:00,2,2,0,F11MO
40,Molenlei 59,2021-05-18,02:00:00,0,0,0,F11MO
40,Molenlei 59,2021-05-18,03:00:00,0,0,0,F11MO
40,Molenlei 59,2021-05-18,04:00:00,8,8,0,F11MO
40,Molenlei 59,2021-05-18,05:00:00,34,24,10,F11MO
40,Molenlei 59,2021-05-18,06:00:00,84,56,28,F11MO
40,Molenlei 59,2021-05-18,07:00:00,242,146,96,F11MO
40,Molenlei 59,2021-05-18,08:00:00,352,212,140,F11MO
40,Molenlei 59,2021-05-18,09:00:00,96,38,58,F11MO
40,Molenlei 59,2021-05-18,10:00:00,102,52,50,F11MO
40,Molenlei 59,2021-05-18,11:00:00,100,56,44,F11MO
40,Molenlei 59,2021-05-18,12:00:00,96,58,38,F11MO
40,Molenlei 59,2021-05-18,13:00:00,226,100,126,F11MO
40,Molenlei 59,2021-05-18,14:00:00,178,70,108,F11MO
40,Molenlei 59,2021-05-18,15:00:00,280,104,176,F11MO
40,Molenlei 59,2021-05-18,16:00:00,324,152,172,F11MO
40,Molenlei 59,2021-05-18,17:00:00,334,142,192,F11MO
40,Molenlei 59,2021-05-18,18:00:00,302,154,148,F11MO
40,Molenlei 59,2021-05-18,19:00:00,234,120,114,F11MO
40,Molenlei 59,2021-05-18,20:00:00,160,112,48,F11MO
40,Molenlei 59,2021-05-18,21:00:00,90,68,22,F11MO
40,Molenlei 59,2021-05-18,22:00:00,52,10,42,F11MO
40,Molenlei 59,2021-05-18,23:00:00,10,4,6,F11MO
40,Molenlei 59,2021-05-19,00:00:00,4,2,2,F11MO
40,Molenlei 59,2021-05-19,01:00:00,0,0,0,F11MO
40,Molenlei 59,2021-05-19,02:00:00,0,0,0,F11MO
40,Molenlei 59,2021-05-19,03:00:00,0,0,0,F11MO
40,Molenlei 59,2021-05-19,04:00:00,10,10,0,F11MO
40,Molenlei 59,2021-05-19,05:00:00,28,18,10,F11MO
40,Molenlei 59,2021-05-19,06:00:00,88,58,30,F11MO
40,Molenlei 59,2021-05-19,07:00:00,270,120,150,F11MO
40,Molenlei 59,2021-05-19,08:00:00,350,256,94,F11MO
40,Molenlei 59,2021-05-19,09:00:00,136,76,60,F11MO
40,Molenlei 59,2021-05-19,10:00:00,124,48,76,F11MO
40,Molenlei 59,2021-05-19,11:00:00,216,84,132,F11MO
40,Molenlei 59,2021-05-19,12:00:00,284,114,170,F11MO
40,Molenlei 59,2021-05-19,13:00:00,172,74,98,F11MO
40,Molenlei 59,2021-05-19,14:00:00,156,76,80,F11MO
40,Molenlei 59,2021-05-19,15:00:00,172,74,98,F11MO
40,Molenlei 59,2021-05-19,16:00:00,134,54,80,F11MO
40,Molenlei 59,2021-05-19,17:00:00,186,86,100,F11MO
40,Molenlei 59,2021-05-19,18:00:00,210,68,142,F11MO
40,Molenlei 59,2021-05-19,19:00:00,118,62,56,F11MO
40,Molenlei 59,2021-05-19,20:00:00,130,96,34,F11MO
40,Molenlei 59,2021-05-19,21:00:00,42,36,6,F11MO
40,Molenlei 59,2021-05-19,22:00:00,40,18,22,F11MO
40,Molenlei 59,2021-05-19,23:00:00,16,10,6,F11MO
40,Molenlei 59,2021-05-20,00:00:00,6,2,4,F11MO
40,Molenlei 59,2021-05-20,01:00:00,4,0,4,F11MO
40,Molenlei 59,2021-05-20,02:00:00,0,0,0,F11MO
40,Molenlei 59,2021-05-20,03:00:00,0,0,0,F11MO
40,Molenlei 59,2021-05-20,04:00:00,6,6,0,F11MO
40,Molenlei 59,2021-05-20,05:00:00,36,28,8,F11MO
40,Molenlei 59,2021-05-20,06:00:00,104,70,34,F11MO
40,Molenlei 59,2021-05-20,07:00:00,320,178,142,F11MO
40,Molenlei 59,2021-05-20,08:00:00,384,248,136,F11MO
40,Molenlei 59,2021-05-20,09:00:00,246,150,96,F11MO
40,Molenlei 59,2021-05-20,10:00:00,172,78,94,F11MO
40,Molenlei 59,2021-05-20,11:00:00,196,102,94,F11MO
40,Molenlei 59,2021-05-20,12:00:00,174,90,84,F11MO
40,Molenlei 59,2021-05-20,13:00:00,256,152,104,F11MO
40,Molenlei 59,2021-05-20,14:00:00,296,136,160,F11MO
40,Molenlei 59,2021-05-20,15:00:00,394,176,218,F11MO
40,Molenlei 59,2021-05-20,16:00:00,450,164,286,F11MO
40,Molenlei 59,2021-05-20,17:00:00,310,104,206,F11MO
40,Molenlei 59,2021-05-20,18:00:00,246,86,160,F11MO
40,Molenlei 59,2021-05-20,19:00:00,198,82,116,F11MO
40,Molenlei 59,2021-05-20,20:00:00,198,154,44,F11MO
40,Molenlei 59,2021-05-20,21:00:00,80,58,22,F11MO
40,Molenlei 59,2021-05-20,22:00:00,48,20,28,F11MO
40,Molenlei 59,2021-05-20,23:00:00,16,8,8,F11MO
40,Molenlei 59,2021-05-21,00:00:00,2,2,0,F11MO
40,Molenlei 59,2021-05-21,01:00:00,4,2,2,F11MO
40,Molenlei 59,2021-05-21,02:00:00,2,2,0,F11MO
40,Molenlei 59,2021-05-21,03:00:00,0,0,0,F11MO
40,Molenlei 59,2021-05-21,04:00:00,8,8,0,F11MO
40,Molenlei 59,2021-05-21,05:00:00,34,20,14,F11MO
40,Molenlei 59,2021-05-21,06:00:00,76,56,20,F11MO
40,Molenlei 59,2021-05-21,07:00:00,250,138,112,F11MO
40,Molenlei 59,2021-05-21,08:00:00,292,162,130,F11MO
40,Molenlei 59,2021-05-21,09:00:00,72,38,34,F11MO
40,Molenlei 59,2021-05-21,10:00:00,64,36,28,F11MO
40,Molenlei 59,2021-05-21,11:00:00,108,64,44,F11MO
40,Molenlei 59,2021-05-21,12:00:00,104,66,38,F11MO
40,Molenlei 59,2021-05-21,13:00:00,110,54,56,F11MO
40,Molenlei 59,2021-05-21,14:00:00,120,44,76,F11MO
40,Molenlei 59,2021-05-21,15:00:00,264,102,162,F11MO
40,Molenlei 59,2021-05-21,16:00:00,244,100,144,F11MO
40,Molenlei 59,2021-05-21,17:00:00,180,78,102,F11MO
40,Molenlei 59,2021-05-21,18:00:00,144,74,70,F11MO
40,Molenlei 59,2021-05-21,19:00:00,110,40,70,F11MO
40,Molenlei 59,2021-05-21,20:00:00,62,28,34,F11MO
40,Molenlei 59,2021-05-21,21:00:00,32,18,14,F11MO
40,Molenlei 59,2021-05-21,22:00:00,44,14,30,F11MO
40,Molenlei 59,2021-05-21,23:00:00,26,6,20,F11MO
40,Molenlei 59,2021-05-22,00:00:00,22,8,14,F11MO
40,Molenlei 59,2021-05-22,01:00:00,8,2,6,F11MO
40,Molenlei 59,2021-05-22,02:00:00,10,8,2,F11MO
40,Molenlei 59,2021-05-22,03:00:00,4,2,2,F11MO
40,Molenlei 59,2021-05-22,04:00:00,8,4,4,F11MO
40,Molenlei 59,2021-05-22,05:00:00,8,4,4,F11MO
40,Molenlei 59,2021-05-22,06:00:00,6,2,4,F11MO
40,Molenlei 59,2021-05-22,07:00:00,16,4,12,F11MO
40,Molenlei 59,2021-05-22,08:00:00,20,6,14,F11MO
40,Molenlei 59,2021-05-22,09:00:00,40,12,28,F11MO
40,Molenlei 59,2021-05-22,10:00:00,40,22,18,F11MO
40,Molenlei 59,2021-05-22,11:00:00,38,18,20,F11MO
40,Molenlei 59,2021-05-22,12:00:00,58,30,28,F11MO
40,Molenlei 59,2021-05-22,13:00:00,24,16,8,F11MO
40,Molenlei 59,2021-05-22,14:00:00,42,6,36,F11MO
40,Molenlei 59,2021-05-22,15:00:00,80,48,32,F11MO
40,Molenlei 59,2021-05-22,16:00:00,60,30,30,F11MO
40,Molenlei 59,2021-05-22,17:00:00,22,12,10,F11MO
40,Molenlei 59,2021-05-22,18:00:00,34,14,20,F11MO
40,Molenlei 59,2021-05-22,19:00:00,66,24,42,F11MO
40,Molenlei 59,2021-05-22,20:00:00,42,24,18,F11MO
40,Molenlei 59,2021-05-22,21:00:00,14,10,4,F11MO
40,Molenlei 59,2021-05-22,22:00:00,20,8,12,F11MO
40,Molenlei 59,2021-05-22,23:00:00,16,2,14,F11MO
40,Molenlei 59,2021-05-23,00:00:00,0,0,0,F11MO
40,Molenlei 59,2021-05-23,01:00:00,4,2,2,F11MO
40,Molenlei 59,2021-05-23,02:00:00,6,4,2,F11MO
40,Molenlei 59,2021-05-23,03:00:00,8,0,8,F11MO
40,Molenlei 59,2021-05-23,04:00:00,2,0,2,F11MO
40,Molenlei 59,2021-05-23,05:00:00,16,6,10,F11MO
40,Molenlei 59,2021-05-23,06:00:00,8,2,6,F11MO
40,Molenlei 59,2021-05-23,07:00:00,40,18,22,F11MO
40,Molenlei 59,2021-05-23,08:00:00,92,28,64,F11MO
40,Molenlei 59,2021-05-23,09:00:00,270,106,164,F11MO
40,Molenlei 59,2021-05-23,10:00:00,368,118,250,F11MO
40,Molenlei 59,2021-05-23,11:00:00,368,180,188,F11MO
40,Molenlei 59,2021-05-23,12:00:00,360,218,142,F11MO
40,Molenlei 59,2021-05-23,13:00:00,250,134,116,F11MO
40,Molenlei 59,2021-05-23,14:00:00,292,144,148,F11MO
40,Molenlei 59,2021-05-23,15:00:00,236,134,102,F11MO
40,Molenlei 59,2021-05-23,16:00:00,280,182,98,F11MO
40,Molenlei 59,2021-05-23,17:00:00,240,136,104,F11MO
40,Molenlei 59,2021-05-23,18:00:00,154,84,70,F11MO
40,Molenlei 59,2021-05-23,19:00:00,88,36,52,F11MO
40,Molenlei 59,2021-05-23,20:00:00,70,44,26,F11MO
40,Molenlei 59,2021-05-23,21:00:00,44,14,30,F11MO
40,Molenlei 59,2021-05-23,22:00:00,30,12,18,F11MO
40,Molenlei 59,2021-05-23,23:00:00,14,8,6,F11MO
40,Molenlei 59,2021-05-24,00:00:00,8,2,6,F11MO
40,Molenlei 59,2021-05-24,01:00:00,4,0,4,F11MO
40,Molenlei 59,2021-05-24,02:00:00,10,2,8,F11MO
40,Molenlei 59,2021-05-24,03:00:00,0,0,0,F11MO
40,Molenlei 59,2021-05-24,04:00:00,4,0,4,F11MO
40,Molenlei 59,2021-05-24,05:00:00,10,8,2,F11MO
40,Molenlei 59,2021-05-24,06:00:00,4,0,4,F11MO
40,Molenlei 59,2021-05-24,07:00:00,12,6,6,F11MO
40,Molenlei 59,2021-05-24,08:00:00,18,10,8,F11MO
40,Molenlei 59,2021-05-24,09:00:00,12,6,6,F11MO
40,Molenlei 59,2021-05-24,10:00:00,20,4,16,F11MO
40,Molenlei 59,2021-05-24,11:00:00,60,28,32,F11MO
40,Molenlei 59,2021-05-24,12:00:00,76,34,42,F11MO
40,Molenlei 59,2021-05-24,13:00:00,74,44,30,F11MO
40,Molenlei 59,2021-05-24,14:00:00,112,46,66,F11MO
40,Molenlei 59,2021-05-24,15:00:00,224,102,122,F11MO
40,Molenlei 59,2021-05-24,16:00:00,162,96,66,F11MO
40,Molenlei 59,2021-05-24,17:00:00,114,72,42,F11MO
40,Molenlei 59,2021-05-24,18:00:00,46,26,20,F11MO
40,Molenlei 59,2021-05-24,19:00:00,38,20,18,F11MO
40,Molenlei 59,2021-05-24,20:00:00,36,26,10,F11MO
40,Molenlei 59,2021-05-24,21:00:00,20,14,6,F11MO
40,Molenlei 59,2021-05-24,22:00:00,26,12,14,F11MO
40,Molenlei 59,2021-05-24,23:00:00,2,0,2,F11MO
40,Molenlei 59,2021-05-25,00:00:00,2,2,0,F11MO
40,Molenlei 59,2021-05-25,01:00:00,2,2,0,F11MO
40,Molenlei 59,2021-05-25,02:00:00,2,0,2,F11MO
40,Molenlei 59,2021-05-25,03:00:00,0,0,0,F11MO
40,Molenlei 59,2021-05-25,04:00:00,6,6,0,F11MO
40,Molenlei 59,2021-05-25,05:00:00,18,8,10,F11MO
40,Molenlei 59,2021-05-25,06:00:00,58,40,18,F11MO
40,Molenlei 59,2021-05-25,07:00:00,124,64,60,F11MO
40,Molenlei 59,2021-05-25,08:00:00,232,130,102,F11MO
40,Molenlei 59,2021-05-25,09:00:00,70,38,32,F11MO
40,Molenlei 59,2021-05-25,10:00:00,72,44,28,F11MO
40,Molenlei 59,2021-05-25,11:00:00,82,50,32,F11MO
40,Molenlei 59,2021-05-25,12:00:00,58,34,24,F11MO
40,Molenlei 59,2021-05-25,13:00:00,66,26,40,F11MO
40,Molenlei 59,2021-05-25,14:00:00,58,24,34,F11MO
40,Molenlei 59,2021-05-25,15:00:00,140,34,106,F11MO
40,Molenlei 59,2021-05-25,16:00:00,142,62,80,F11MO
40,Molenlei 59,2021-05-25,17:00:00,150,60,90,F11MO
40,Molenlei 59,2021-05-25,18:00:00,72,28,44,F11MO
40,Molenlei 59,2021-05-25,19:00:00,68,18,50,F11MO
40,Molenlei 59,2021-05-25,20:00:00,54,32,22,F11MO
40,Molenlei 59,2021-05-25,21:00:00,32,22,10,F11MO
40,Molenlei 59,2021-05-25,22:00:00,38,10,28,F11MO
40,Molenlei 59,2021-05-25,23:00:00,10,2,8,F11MO
40,Molenlei 59,2021-05-26,00:00:00,4,2,2,F11MO
40,Molenlei 59,2021-05-26,01:00:00,2,0,2,F11MO
40,Molenlei 59,2021-05-26,02:00:00,2,0,2,F11MO
40,Molenlei 59,2021-05-26,03:00:00,0,0,0,F11MO
40,Molenlei 59,2021-05-26,04:00:00,6,6,0,F11MO
40,Molenlei 59,2021-05-26,05:00:00,30,18,12,F11MO
40,Molenlei 59,2021-05-26,06:00:00,72,52,20,F11MO
40,Molenlei 59,2021-05-26,07:00:00,222,126,96,F11MO
40,Molenlei 59,2021-05-26,08:00:00,296,204,92,F11MO
40,Molenlei 59,2021-05-26,09:00:00,140,66,74,F11MO
40,Molenlei 59,2021-05-26,10:00:00,142,78,64,F11MO
40,Molenlei 59,2021-05-26,11:00:00,216,102,114,F11MO
40,Molenlei 59,2021-05-26,12:00:00,226,90,136,F11MO
40,Molenlei 59,2021-05-26,13:00:00,172,74,98,F11MO
40,Molenlei 59,2021-05-26,14:00:00,144,58,86,F11MO
40,Molenlei 59,2021-05-26,15:00:00,110,42,68,F11MO
40,Molenlei 59,2021-05-26,16:00:00,230,84,146,F11MO
40,Molenlei 59,2021-05-26,17:00:00,246,92,154,F11MO
40,Molenlei 59,2021-05-26,18:00:00,210,96,114,F11MO
40,Molenlei 59,2021-05-26,19:00:00,148,74,74,F11MO
40,Molenlei 59,2021-05-26,20:00:00,136,88,48,F11MO
40,Molenlei 59,2021-05-26,21:00:00,56,36,20,F11MO
40,Molenlei 59,2021-05-26,22:00:00,50,24,26,F11MO
40,Molenlei 59,2021-05-26,23:00:00,12,2,10,F11MO
40,Molenlei 59,2021-05-27,00:00:00,2,0,2,F11MO
40,Molenlei 59,2021-05-27,01:00:00,0,0,0,F11MO
40,Molenlei 59,2021-05-27,02:00:00,0,0,0,F11MO
40,Molenlei 59,2021-05-27,03:00:00,0,0,0,F11MO
40,Molenlei 59,2021-05-27,04:00:00,4,4,0,F11MO
40,Molenlei 59,2021-05-27,05:00:00,36,26,10,F11MO
40,Molenlei 59,2021-05-27,06:00:00,98,72,26,F11MO
40,Molenlei 59,2021-05-27,07:00:00,306,184,122,F11MO
40,Molenlei 59,2021-05-27,08:00:00,382,238,144,F11MO
40,Molenlei 59,2021-05-27,09:00:00,164,88,76,F11MO
40,Molenlei 59,2021-05-27,10:00:00,122,54,68,F11MO
40,Molenlei 59,2021-05-27,11:00:00,240,50,190,F11MO
40,Molenlei 59,2021-05-27,12:00:00,122,56,66,F11MO
40,Molenlei 59,2021-05-27,13:00:00,160,90,70,F11MO
40,Molenlei 59,2021-05-27,14:00:00,192,72,120,F11MO
40,Molenlei 59,2021-05-27,15:00:00,370,174,196,F11MO
40,Molenlei 59,2021-05-27,16:00:00,370,146,224,F11MO
40,Molenlei 59,2021-05-27,17:00:00,308,100,208,F11MO
40,Molenlei 59,2021-05-27,18:00:00,168,56,112,F11MO
40,Molenlei 59,2021-05-27,19:00:00,180,60,120,F11MO
40,Molenlei 59,2021-05-27,20:00:00,186,142,44,F11MO
40,Molenlei 59,2021-05-27,21:00:00,78,58,20,F11MO
40,Molenlei 59,2021-05-27,22:00:00,62,28,34,F11MO
40,Molenlei 59,2021-05-27,23:00:00,10,4,6,F11MO
40,Molenlei 59,2021-05-28,00:00:00,4,2,2,F11MO
40,Molenlei 59,2021-05-28,01:00:00,2,2,0,F11MO
40,Molenlei 59,2021-05-28,02:00:00,0,0,0,F11MO
40,Molenlei 59,2021-05-28,03:00:00,0,0,0,F11MO
40,Molenlei 59,2021-05-28,04:00:00,0,0,0,F11MO
40,Molenlei 59,2021-05-28,05:00:00,38,26,12,F11MO
40,Molenlei 59,2021-05-28,06:00:00,78,56,22,F11MO
40,Molenlei 59,2021-05-28,07:00:00,276,158,118,F11MO
40,Molenlei 59,2021-05-28,08:00:00,398,254,144,F11MO
40,Molenlei 59,2021-05-28,09:00:00,254,66,188,F11MO
40,Molenlei 59,2021-05-28,10:00:00,120,66,54,F11MO
40,Molenlei 59,2021-05-28,11:00:00,166,102,64,F11MO
40,Molenlei 59,2021-05-28,12:00:00,192,88,104,F11MO
40,Molenlei 59,2021-05-28,13:00:00,234,122,112,F11MO
40,Molenlei 59,2021-05-28,14:00:00,370,230,140,F11MO
40,Molenlei 59,2021-05-28,15:00:00,402,150,252,F11MO
40,Molenlei 59,2021-05-28,16:00:00,456,192,264,F11MO
40,Molenlei 59,2021-05-28,17:00:00,386,168,218,F11MO
40,Molenlei 59,2021-05-28,18:00:00,254,112,142,F11MO
40,Molenlei 59,2021-05-28,19:00:00,172,90,82,F11MO
40,Molenlei 59,2021-05-28,20:00:00,106,56,50,F11MO
40,Molenlei 59,2021-05-28,21:00:00,72,46,26,F11MO
40,Molenlei 59,2021-05-28,22:00:00,74,6,68,F11MO
40,Molenlei 59,2021-05-28,23:00:00,14,10,4,F11MO
40,Molenlei 59,2021-05-29,00:00:00,18,10,8,F11MO
40,Molenlei 59,2021-05-29,01:00:00,22,2,20,F11MO
40,Molenlei 59,2021-05-29,02:00:00,10,6,4,F11MO
40,Molenlei 59,2021-05-29,03:00:00,2,0,2,F11MO
40,Molenlei 59,2021-05-29,04:00:00,6,6,0,F11MO
40,Molenlei 59,2021-05-29,05:00:00,16,12,4,F11MO
40,Molenlei 59,2021-05-29,06:00:00,26,10,16,F11MO
40,Molenlei 59,2021-05-29,07:00:00,36,16,20,F11MO
40,Molenlei 59,2021-05-29,08:00:00,76,24,52,F11MO
40,Molenlei 59,2021-05-29,09:00:00,210,58,152,F11MO
40,Molenlei 59,2021-05-29,10:00:00,290,94,196,F11MO
40,Molenlei 59,2021-05-29,11:00:00,286,122,164,F11MO
40,Molenlei 59,2021-05-29,12:00:00,278,152,126,F11MO
40,Molenlei 59,2021-05-29,13:00:00,304,146,158,F11MO
40,Molenlei 59,2021-05-29,14:00:00,390,120,270,F11MO
40,Molenlei 59,2021-05-29,15:00:00,410,202,208,F11MO
40,Molenlei 59,2021-05-29,16:00:00,336,206,130,F11MO
40,Molenlei 59,2021-05-29,17:00:00,330,190,140,F11MO
40,Molenlei 59,2021-05-29,18:00:00,208,110,98,F11MO
40,Molenlei 59,2021-05-29,19:00:00,130,64,66,F11MO
40,Molenlei 59,2021-05-29,20:00:00,120,56,64,F11MO
40,Molenlei 59,2021-05-29,21:00:00,88,54,34,F11MO
40,Molenlei 59,2021-05-29,22:00:00,90,36,54,F11MO
40,Molenlei 59,2021-05-29,23:00:00,38,14,24,F11MO
40,Molenlei 59,2021-05-30,00:00:00,22,12,10,F11MO
40,Molenlei 59,2021-05-30,01:00:00,12,12,0,F11MO
40,Molenlei 59,2021-05-30,02:00:00,8,6,2,F11MO
40,Molenlei 59,2021-05-30,03:00:00,8,4,4,F11MO
40,Molenlei 59,2021-05-30,04:00:00,4,4,0,F11MO
40,Molenlei 59,2021-05-30,05:00:00,14,8,6,F11MO
40,Molenlei 59,2021-05-30,06:00:00,20,10,10,F11MO
40,Molenlei 59,2021-05-30,07:00:00,28,12,16,F11MO
40,Molenlei 59,2021-05-30,08:00:00,130,60,70,F11MO
40,Molenlei 59,2021-05-30,09:00:00,308,146,162,F11MO
40,Molenlei 59,2021-05-30,10:00:00,438,150,288,F11MO
40,Molenlei 59,2021-05-30,11:00:00,454,232,222,F11MO
40,Molenlei 59,2021-05-30,12:00:00,546,292,254,F11MO
40,Molenlei 59,2021-05-30,13:00:00,422,216,206,F11MO
40,Molenlei 59,2021-05-30,14:00:00,546,250,296,F11MO
40,Molenlei 59,2021-05-30,15:00:00,538,264,274,F11MO
40,Molenlei 59,2021-05-30,16:00:00,446,232,214,F11MO
40,Molenlei 59,2021-05-30,17:00:00,382,254,128,F11MO
40,Molenlei 59,2021-05-30,18:00:00,198,116,82,F11MO
40,Molenlei 59,2021-05-30,19:00:00,154,64,90,F11MO
40,Molenlei 59,2021-05-30,20:00:00,118,64,54,F11MO
40,Molenlei 59,2021-05-30,21:00:00,102,64,38,F11MO
40,Molenlei 59,2021-05-30,22:00:00,42,14,28,F11MO
40,Molenlei 59,2021-05-30,23:00:00,24,10,14,F11MO
40,Molenlei 59,2021-05-31,00:00:00,0,0,0,F11MO
40,Molenlei 59,2021-05-31,01:00:00,8,4,4,F11MO
40,Molenlei 59,2021-05-31,02:00:00,0,0,0,F11MO
40,Molenlei 59,2021-05-31,03:00:00,2,0,2,F11MO
40,Molenlei 59,2021-05-31,04:00:00,6,6,0,F11MO
40,Molenlei 59,2021-05-31,05:00:00,38,24,14,F11MO
40,Molenlei 59,2021-05-31,06:00:00,98,78,20,F11MO
40,Molenlei 59,2021-05-31,07:00:00,380,224,156,F11MO
40,Molenlei 59,2021-05-31,08:00:00,436,270,166,F11MO
40,Molenlei 59,2021-05-31,09:00:00,322,54,268,F11MO
40,Molenlei 59,2021-05-31,10:00:00,160,58,102,F11MO
40,Molenlei 59,2021-05-31,11:00:00,224,112,112,F11MO
40,Molenlei 59,2021-05-31,12:00:00,214,130,84,F11MO
40,Molenlei 59,2021-05-31,13:00:00,210,116,94,F11MO
40,Molenlei 59,2021-05-31,14:00:00,314,134,180,F11MO
40,Molenlei 59,2021-05-31,15:00:00,444,174,270,F11MO
40,Molenlei 59,2021-05-31,16:00:00,768,438,330,F11MO
40,Molenlei 59,2021-05-31,17:00:00,448,184,264,F11MO
40,Molenlei 59,2021-05-31,18:00:00,272,116,156,F11MO
40,Molenlei 59,2021-05-31,19:00:00,244,110,134,F11MO
40,Molenlei 59,2021-05-31,20:00:00,226,108,118,F11MO
40,Molenlei 59,2021-05-31,21:00:00,88,68,20,F11MO
40,Molenlei 59,2021-05-31,22:00:00,70,16,54,F11MO
40,Molenlei 59,2021-05-31,23:00:00,22,8,14,F11MO
40,Molenlei 59,2021-06-01,00:00:00,2,0,2,F11MO
40,Molenlei 59,2021-06-01,01:00:00,4,0,4,F11MO
40,Molenlei 59,2021-06-01,02:00:00,0,0,0,F11MO
40,Molenlei 59,2021-06-01,03:00:00,0,0,0,F11MO
40,Molenlei 59,2021-06-01,04:00:00,4,4,0,F11MO
40,Molenlei 59,2021-06-01,05:00:00,52,40,12,F11MO
40,Molenlei 59,2021-06-01,06:00:00,116,92,24,F11MO
40,Molenlei 59,2021-06-01,07:00:00,372,224,148,F11MO
40,Molenlei 59,2021-06-01,08:00:00,446,252,194,F11MO
40,Molenlei 59,2021-06-01,09:00:00,360,66,294,F11MO
40,Molenlei 59,2021-06-01,10:00:00,198,92,106,F11MO
40,Molenlei 59,2021-06-01,11:00:00,196,106,90,F11MO
40,Molenlei 59,2021-06-01,12:00:00,222,118,104,F11MO
40,Molenlei 59,2021-06-01,13:00:00,234,148,86,F11MO
40,Molenlei 59,2021-06-01,14:00:00,230,94,136,F11MO
40,Molenlei 59,2021-06-01,15:00:00,366,162,204,F11MO
40,Molenlei 59,2021-06-01,16:00:00,720,332,388,F11MO
40,Molenlei 59,2021-06-01,17:00:00,468,200,268,F11MO
40,Molenlei 59,2021-06-01,18:00:00,416,154,262,F11MO
40,Molenlei 59,2021-06-01,19:00:00,308,110,198,F11MO
40,Molenlei 59,2021-06-01,20:00:00,300,184,116,F11MO
40,Molenlei 59,2021-06-01,21:00:00,242,178,64,F11MO
40,Molenlei 59,2021-06-01,22:00:00,92,38,54,F11MO
40,Molenlei 59,2021-06-01,23:00:00,14,4,10,F11MO
40,Molenlei 59,2021-06-02,00:00:00,8,4,4,F11MO
40,Molenlei 59,2021-06-02,01:00:00,0,0,0,F11MO
40,Molenlei 59,2021-06-02,02:00:00,2,0,2,F11MO
40,Molenlei 59,2021-06-02,03:00:00,0,0,0,F11MO
40,Molenlei 59,2021-06-02,04:00:00,10,8,2,F11MO
40,Molenlei 59,2021-06-02,05:00:00,52,40,12,F11MO
40,Molenlei 59,2021-06-02,06:00:00,122,82,40,F11MO
40,Molenlei 59,2021-06-02,07:00:00,362,194,168,F11MO
40,Molenlei 59,2021-06-02,08:00:00,416,278,138,F11MO
40,Molenlei 59,2021-06-02,09:00:00,404,74,330,F11MO
40,Molenlei 59,2021-06-02,10:00:00,224,114,110,F11MO
40,Molenlei 59,2021-06-02,11:00:00,298,116,182,F11MO
40,Molenlei 59,2021-06-02,12:00:00,386,172,214,F11MO
40,Molenlei 59,2021-06-02,13:00:00,296,108,188,F11MO
40,Molenlei 59,2021-06-02,14:00:00,314,136,178,F11MO
40,Molenlei 59,2021-06-02,15:00:00,298,120,178,F11MO
40,Molenlei 59,2021-06-02,16:00:00,526,324,202,F11MO
40,Molenlei 59,2021-06-02,17:00:00,442,184,258,F11MO
40,Molenlei 59,2021-06-02,18:00:00,390,160,230,F11MO
40,Molenlei 59,2021-06-02,19:00:00,432,176,256,F11MO
40,Molenlei 59,2021-06-02,20:00:00,228,144,84,F11MO
40,Molenlei 59,2021-06-02,21:00:00,162,114,48,F11MO
40,Molenlei 59,2021-06-02,22:00:00,86,44,42,F11MO
40,Molenlei 59,2021-06-02,23:00:00,12,6,6,F11MO
40,Molenlei 59,2021-06-03,00:00:00,4,2,2,F11MO
40,Molenlei 59,2021-06-03,01:00:00,0,0,0,F11MO
40,Molenlei 59,2021-06-03,02:00:00,0,0,0,F11MO
40,Molenlei 59,2021-06-03,03:00:00,0,0,0,F11MO
40,Molenlei 59,2021-06-03,04:00:00,4,2,2,F11MO
40,Molenlei 59,2021-06-03,05:00:00,50,38,12,F11MO
40,Molenlei 59,2021-06-03,06:00:00,92,62,30,F11MO
40,Molenlei 59,2021-06-03,07:00:00,300,176,124,F11MO
40,Molenlei 59,2021-06-03,08:00:00,370,234,136,F11MO
40,Molenlei 59,2021-06-03,09:00:00,320,64,256,F11MO
40,Molenlei 59,2021-06-03,10:00:00,122,56,66,F11MO
40,Molenlei 59,2021-06-03,11:00:00,220,76,144,F11MO
40,Molenlei 59,2021-06-03,12:00:00,150,78,72,F11MO
40,Molenlei 59,2021-06-03,13:00:00,148,100,48,F11MO
40,Molenlei 59,2021-06-03,14:00:00,186,62,124,F11MO
40,Molenlei 59,2021-06-03,15:00:00,292,104,188,F11MO
40,Molenlei 59,2021-06-03,16:00:00,654,372,282,F11MO
40,Molenlei 59,2021-06-03,17:00:00,292,126,166,F11MO
40,Molenlei 59,2021-06-03,18:00:00,242,92,150,F11MO
40,Molenlei 59,2021-06-03,19:00:00,232,126,106,F11MO
40,Molenlei 59,2021-06-03,20:00:00,218,140,78,F11MO
40,Molenlei 59,2021-06-03,21:00:00,138,94,44,F11MO
40,Molenlei 59,2021-06-03,22:00:00,62,22,40,F11MO
40,Molenlei 59,2021-06-03,23:00:00,18,6,12,F11MO
40,Molenlei 59,2021-06-04,00:00:00,2,2,0,F11MO
40,Molenlei 59,2021-06-04,01:00:00,2,0,2,F11MO
40,Molenlei 59,2021-06-04,02:00:00,2,2,0,F11MO
40,Molenlei 59,2021-06-04,03:00:00,0,0,0,F11MO
40,Molenlei 59,2021-06-04,04:00:00,6,2,4,F11MO
40,Molenlei 59,2021-06-04,05:00:00,30,20,10,F11MO
40,Molenlei 59,2021-06-04,06:00:00,92,60,32,F11MO
40,Molenlei 59,2021-06-04,07:00:00,288,164,124,F11MO
40,Molenlei 59,2021-06-04,08:00:00,428,254,174,F11MO
40,Molenlei 59,2021-06-04,09:00:00,456,74,382,F11MO
40,Molenlei 59,2021-06-04,10:00:00,216,80,136,F11MO
40,Molenlei 59,2021-06-04,11:00:00,218,106,112,F11MO
40,Molenlei 59,2021-06-04,12:00:00,208,96,112,F11MO
40,Molenlei 59,2021-06-04,13:00:00,244,132,112,F11MO
40,Molenlei 59,2021-06-04,14:00:00,224,104,120,F11MO
40,Molenlei 59,2021-06-04,15:00:00,380,168,212,F11MO
40,Molenlei 59,2021-06-04,16:00:00,406,254,152,F11MO
40,Molenlei 59,2021-06-04,17:00:00,198,68,130,F11MO
40,Molenlei 59,2021-06-04,18:00:00,142,56,86,F11MO
40,Molenlei 59,2021-06-04,19:00:00,86,36,50,F11MO
40,Molenlei 59,2021-06-04,20:00:00,66,22,44,F11MO
40,Molenlei 59,2021-06-04,21:00:00,28,10,18,F11MO
40,Molenlei 59,2021-06-04,22:00:00,26,14,12,F11MO
40,Molenlei 59,2021-06-04,23:00:00,22,6,16,F11MO
40,Molenlei 59,2021-06-05,00:00:00,12,10,2,F11MO
40,Molenlei 59,2021-06-05,01:00:00,4,4,0,F11MO
40,Molenlei 59,2021-06-05,02:00:00,8,2,6,F11MO
40,Molenlei 59,2021-06-05,03:00:00,0,0,0,F11MO
40,Molenlei 59,2021-06-05,04:00:00,10,6,4,F11MO
40,Molenlei 59,2021-06-05,05:00:00,16,8,8,F11MO
40,Molenlei 59,2021-06-05,06:00:00,14,6,8,F11MO
40,Molenlei 59,2021-06-05,07:00:00,26,12,14,F11MO
40,Molenlei 59,2021-06-05,08:00:00,90,38,52,F11MO
40,Molenlei 59,2021-06-05,09:00:00,100,48,52,F11MO
40,Molenlei 59,2021-06-05,10:00:00,202,66,136,F11MO
40,Molenlei 59,2021-06-05,11:00:00,148,76,72,F11MO
40,Molenlei 59,2021-06-05,12:00:00,158,92,66,F11MO
40,Molenlei 59,2021-06-05,13:00:00,196,112,84,F11MO
40,Molenlei 59,2021-06-05,14:00:00,204,110,94,F11MO
40,Molenlei 59,2021-06-05,15:00:00,196,76,120,F11MO
40,Molenlei 59,2021-06-05,16:00:00,172,90,82,F11MO
40,Molenlei 59,2021-06-05,17:00:00,196,102,94,F11MO
40,Molenlei 59,2021-06-05,18:00:00,138,66,72,F11MO
40,Molenlei 59,2021-06-05,19:00:00,98,64,34,F11MO
40,Molenlei 59,2021-06-05,20:00:00,80,30,50,F11MO
40,Molenlei 59,2021-06-05,21:00:00,54,20,34,F11MO
40,Molenlei 59,2021-06-05,22:00:00,46,30,16,F11MO
40,Molenlei 59,2021-06-05,23:00:00,20,6,14,F11MO
40,Molenlei 59,2021-06-06,00:00:00,20,2,18,F11MO
40,Molenlei 59,2021-06-06,01:00:00,10,2,8,F11MO
40,Molenlei 59,2021-06-06,02:00:00,10,6,4,F11MO
40,Molenlei 59,2021-06-06,03:00:00,2,0,2,F11MO
40,Molenlei 59,2021-06-06,04:00:00,4,4,0,F11MO
40,Molenlei 59,2021-06-06,05:00:00,14,10,4,F11MO
40,Molenlei 59,2021-06-06,06:00:00,24,14,10,F11MO
40,Molenlei 59,2021-06-06,07:00:00,48,24,24,F11MO
40,Molenlei 59,2021-06-06,08:00:00,128,38,90,F11MO
40,Molenlei 59,2021-06-06,09:00:00,352,156,196,F11MO
40,Molenlei 59,2021-06-06,10:00:00,364,142,222,F11MO
40,Molenlei 59,2021-06-06,11:00:00,530,272,258,F11MO
40,Molenlei 59,2021-06-06,12:00:00,480,264,216,F11MO
40,Molenlei 59,2021-06-06,13:00:00,492,252,240,F11MO
40,Molenlei 59,2021-06-06,14:00:00,552,290,262,F11MO
40,Molenlei 59,2021-06-06,15:00:00,468,192,276,F11MO
40,Molenlei 59,2021-06-06,16:00:00,438,254,184,F11MO
40,Molenlei 59,2021-06-06,17:00:00,392,204,188,F11MO
40,Molenlei 59,2021-06-06,18:00:00,286,158,128,F11MO
40,Molenlei 59,2021-06-06,19:00:00,192,108,84,F11MO
40,Molenlei 59,2021-06-06,20:00:00,132,84,48,F11MO
40,Molenlei 59,2021-06-06,21:00:00,88,54,34,F11MO
40,Molenlei 59,2021-06-06,22:00:00,40,14,26,F11MO
40,Molenlei 59,2021-06-06,23:00:00,22,10,12,F11MO
40,Molenlei 59,2021-06-07,00:00:00,8,6,2,F11MO
40,Molenlei 59,2021-06-07,01:00:00,0,0,0,F11MO
40,Molenlei 59,2021-06-07,02:00:00,0,0,0,F11MO
40,Molenlei 59,2021-06-07,03:00:00,0,0,0,F11MO
40,Molenlei 59,2021-06-07,04:00:00,12,12,0,F11MO
40,Molenlei 59,2021-06-07,05:00:00,34,24,10,F11MO
40,Molenlei 59,2021-06-07,06:00:00,122,86,36,F11MO
40,Molenlei 59,2021-06-07,07:00:00,376,232,144,F11MO
40,Molenlei 59,2021-06-07,08:00:00,462,302,160,F11MO
40,Molenlei 59,2021-06-07,09:00:00,172,72,100,F11MO
40,Molenlei 59,2021-06-07,10:00:00,160,74,86,F11MO
40,Molenlei 59,2021-06-07,11:00:00,154,82,72,F11MO
40,Molenlei 59,2021-06-07,12:00:00,186,100,86,F11MO
40,Molenlei 59,2021-06-07,13:00:00,196,98,98,F11MO
40,Molenlei 59,2021-06-07,14:00:00,254,108,146,F11MO
40,Molenlei 59,2021-06-07,15:00:00,420,178,242,F11MO
40,Molenlei 59,2021-06-07,16:00:00,558,224,334,F11MO
40,Molenlei 59,2021-06-07,17:00:00,382,142,240,F11MO
40,Molenlei 59,2021-06-07,18:00:00,326,144,182,F11MO
40,Molenlei 59,2021-06-07,19:00:00,266,98,168,F11MO
40,Molenlei 59,2021-06-07,20:00:00,194,86,108,F11MO
40,Molenlei 59,2021-06-07,21:00:00,90,64,26,F11MO
40,Molenlei 59,2021-06-07,22:00:00,88,38,50,F11MO
40,Molenlei 59,2021-06-07,23:00:00,6,2,4,F11MO
40,Molenlei 59,2021-06-08,00:00:00,10,2,8,F11MO
40,Molenlei 59,2021-06-08,01:00:00,4,4,0,F11MO
40,Molenlei 59,2021-06-08,02:00:00,2,0,2,F11MO
40,Molenlei 59,2021-06-08,03:00:00,4,2,2,F11MO
40,Molenlei 59,2021-06-08,04:00:00,14,12,2,F11MO
40,Molenlei 59,2021-06-08,05:00:00,38,24,14,F11MO
40,Molenlei 59,2021-06-08,06:00:00,124,98,26,F11MO
40,Molenlei 59,2021-06-08,07:00:00,412,254,158,F11MO
40,Molenlei 59,2021-06-08,08:00:00,418,268,150,F11MO
40,Molenlei 59,2021-06-08,09:00:00,176,74,102,F11MO
40,Molenlei 59,2021-06-08,10:00:00,156,56,100,F11MO
40,Molenlei 59,2021-06-08,11:00:00,184,86,98,F11MO
40,Molenlei 59,2021-06-08,12:00:00,234,144,90,F11MO
40,Molenlei 59,2021-06-08,13:00:00,206,98,108,F11MO
40,Molenlei 59,2021-06-08,14:00:00,244,128,116,F11MO
40,Molenlei 59,2021-06-08,15:00:00,424,202,222,F11MO
40,Molenlei 59,2021-06-08,16:00:00,564,232,332,F11MO
40,Molenlei 59,2021-06-08,17:00:00,396,134,262,F11MO
40,Molenlei 59,2021-06-08,18:00:00,316,136,180,F11MO
40,Molenlei 59,2021-06-08,19:00:00,274,112,162,F11MO
40,Molenlei 59,2021-06-08,20:00:00,210,138,72,F11MO
40,Molenlei 59,2021-06-08,21:00:00,122,72,50,F11MO
40,Molenlei 59,2021-06-08,22:00:00,116,62,54,F11MO
40,Molenlei 59,2021-06-08,23:00:00,10,2,8,F11MO
40,Molenlei 59,2021-06-09,00:00:00,2,0,2,F11MO
40,Molenlei 59,2021-06-09,01:00:00,8,4,4,F11MO
40,Molenlei 59,2021-06-09,02:00:00,6,4,2,F11MO
40,Molenlei 59,2021-06-09,03:00:00,0,0,0,F11MO
40,Molenlei 59,2021-06-09,04:00:00,16,12,4,F11MO
40,Molenlei 59,2021-06-09,05:00:00,42,32,10,F11MO
40,Molenlei 59,2021-06-09,06:00:00,100,68,32,F11MO
40,Molenlei 59,2021-06-09,07:00:00,362,210,152,F11MO
40,Molenlei 59,2021-06-09,08:00:00,386,234,152,F11MO
40,Molenlei 59,2021-06-09,09:00:00,150,72,78,F11MO
40,Molenlei 59,2021-06-09,10:00:00,196,102,94,F11MO
40,Molenlei 59,2021-06-09,11:00:00,354,156,198,F11MO
40,Molenlei 59,2021-06-09,12:00:00,438,168,270,F11MO
40,Molenlei 59,2021-06-09,13:00:00,268,132,136,F11MO
40,Molenlei 59,2021-06-09,14:00:00,260,116,144,F11MO
40,Molenlei 59,2021-06-09,15:00:00,316,126,190,F11MO
40,Molenlei 59,2021-06-09,16:00:00,374,160,214,F11MO
40,Molenlei 59,2021-06-09,17:00:00,432,180,252,F11MO
40,Molenlei 59,2021-06-09,18:00:00,348,138,210,F11MO
40,Molenlei 59,2021-06-09,19:00:00,388,164,224,F11MO
40,Molenlei 59,2021-06-09,20:00:00,330,232,98,F11MO
40,Molenlei 59,2021-06-09,21:00:00,174,122,52,F11MO
40,Molenlei 59,2021-06-09,22:00:00,94,52,42,F11MO
40,Molenlei 59,2021-06-09,23:00:00,20,4,16,F11MO
40,Molenlei 59,2021-06-10,00:00:00,12,4,8,F11MO
40,Molenlei 59,2021-06-10,01:00:00,0,0,0,F11MO
40,Molenlei 59,2021-06-10,02:00:00,2,0,2,F11MO
40,Molenlei 59,2021-06-10,03:00:00,2,0,2,F11MO
40,Molenlei 59,2021-06-10,04:00:00,14,14,0,F11MO
40,Molenlei 59,2021-06-10,05:00:00,36,24,12,F11MO
40,Molenlei 59,2021-06-10,06:00:00,114,74,40,F11MO
40,Molenlei 59,2021-06-10,07:00:00,412,244,168,F11MO
40,Molenlei 59,2021-06-10,08:00:00,478,308,170,F11MO
40,Molenlei 59,2021-06-10,09:00:00,214,108,106,F11MO
40,Molenlei 59,2021-06-10,10:00:00,194,84,110,F11MO
40,Molenlei 59,2021-06-10,11:00:00,206,128,78,F11MO
40,Molenlei 59,2021-06-10,12:00:00,246,102,144,F11MO
40,Molenlei 59,2021-06-10,13:00:00,182,102,80,F11MO
40,Molenlei 59,2021-06-10,14:00:00,256,130,126,F11MO
40,Molenlei 59,2021-06-10,15:00:00,430,128,302,F11MO
40,Molenlei 59,2021-06-10,16:00:00,488,208,280,F11MO
40,Molenlei 59,2021-06-10,17:00:00,400,168,232,F11MO
40,Molenlei 59,2021-06-10,18:00:00,316,126,190,F11MO
40,Molenlei 59,2021-06-10,19:00:00,292,132,160,F11MO
40,Molenlei 59,2021-06-10,20:00:00,236,130,106,F11MO
40,Molenlei 59,2021-06-10,21:00:00,176,120,56,F11MO
40,Molenlei 59,2021-06-10,22:00:00,72,28,44,F11MO
40,Molenlei 59,2021-06-10,23:00:00,68,34,34,F11MO
40,Molenlei 59,2021-06-11,00:00:00,16,4,12,F11MO
40,Molenlei 59,2021-06-11,01:00:00,2,0,2,F11MO
40,Molenlei 59,2021-06-11,02:00:00,0,0,0,F11MO
40,Molenlei 59,2021-06-11,03:00:00,2,2,0,F11MO
40,Molenlei 59,2021-06-11,04:00:00,16,10,6,F11MO
40,Molenlei 59,2021-06-11,05:00:00,24,14,10,F11MO
40,Molenlei 59,2021-06-11,06:00:00,110,64,46,F11MO
40,Molenlei 59,2021-06-11,07:00:00,368,204,164,F11MO
40,Molenlei 59,2021-06-11,08:00:00,412,270,142,F11MO
40,Molenlei 59,2021-06-11,09:00:00,176,90,86,F11MO
40,Molenlei 59,2021-06-11,10:00:00,248,130,118,F11MO
40,Molenlei 59,2021-06-11,11:00:00,250,114,136,F11MO
40,Molenlei 59,2021-06-11,12:00:00,218,108,110,F11MO
40,Molenlei 59,2021-06-11,13:00:00,236,110,126,F11MO
40,Molenlei 59,2021-06-11,14:00:00,276,142,134,F11MO
40,Molenlei 59,2021-06-11,15:00:00,428,154,274,F11MO
40,Molenlei 59,2021-06-11,16:00:00,466,184,282,F11MO
40,Molenlei 59,2021-06-11,17:00:00,396,174,222,F11MO
40,Molenlei 59,2021-06-11,18:00:00,290,122,168,F11MO
40,Molenlei 59,2021-06-11,19:00:00,150,70,80,F11MO
40,Molenlei 59,2021-06-11,20:00:00,196,84,112,F11MO
40,Molenlei 59,2021-06-11,21:00:00,142,96,46,F11MO
40,Molenlei 59,2021-06-11,22:00:00,72,32,40,F11MO
40,Molenlei 59,2021-06-11,23:00:00,48,34,14,F11MO
40,Molenlei 59,2021-06-12,00:00:00,34,16,18,F11MO
40,Molenlei 59,2021-06-12,01:00:00,6,0,6,F11MO
40,Molenlei 59,2021-06-12,02:00:00,10,4,6,F11MO
40,Molenlei 59,2021-06-12,03:00:00,10,4,6,F11MO
40,Molenlei 59,2021-06-12,04:00:00,4,4,0,F11MO
40,Molenlei 59,2021-06-12,05:00:00,12,6,6,F11MO
40,Molenlei 59,2021-06-12,06:00:00,26,12,14,F11MO
40,Molenlei 59,2021-06-12,07:00:00,18,6,12,F11MO
40,Molenlei 59,2021-06-12,08:00:00,110,48,62,F11MO
40,Molenlei 59,2021-06-12,09:00:00,152,56,96,F11MO
40,Molenlei 59,2021-06-12,10:00:00,174,76,98,F11MO
40,Molenlei 59,2021-06-12,11:00:00,204,94,110,F11MO
40,Molenlei 59,2021-06-12,12:00:00,160,82,78,F11MO
40,Molenlei 59,2021-06-12,13:00:00,210,118,92,F11MO
40,Molenlei 59,2021-06-12,14:00:00,296,118,178,F11MO
40,Molenlei 59,2021-06-12,15:00:00,286,146,140,F11MO
40,Molenlei 59,2021-06-12,16:00:00,282,148,134,F11MO
40,Molenlei 59,2021-06-12,17:00:00,198,96,102,F11MO
40,Molenlei 59,2021-06-12,18:00:00,212,112,100,F11MO
40,Molenlei 59,2021-06-12,19:00:00,220,74,146,F11MO
40,Molenlei 59,2021-06-12,20:00:00,142,54,88,F11MO
40,Molenlei 59,2021-06-12,21:00:00,98,66,32,F11MO
40,Molenlei 59,2021-06-12,22:00:00,58,40,18,F11MO
40,Molenlei 59,2021-06-12,23:00:00,68,38,30,F11MO
40,Molenlei 59,2021-06-13,00:00:00,42,20,22,F11MO
40,Molenlei 59,2021-06-13,01:00:00,30,12,18,F11MO
40,Molenlei 59,2021-06-13,02:00:00,18,12,6,F11MO
40,Molenlei 59,2021-06-13,03:00:00,6,4,2,F11MO
40,Molenlei 59,2021-06-13,04:00:00,6,2,4,F11MO
40,Molenlei 59,2021-06-13,05:00:00,12,6,6,F11MO
40,Molenlei 59,2021-06-13,06:00:00,26,10,16,F11MO
40,Molenlei 59,2021-06-13,07:00:00,52,16,36,F11MO
40,Molenlei 59,2021-06-13,08:00:00,92,38,54,F11MO
40,Molenlei 59,2021-06-13,09:00:00,290,102,188,F11MO
40,Molenlei 59,2021-06-13,10:00:00,360,172,188,F11MO
40,Molenlei 59,2021-06-13,11:00:00,464,210,254,F11MO
40,Molenlei 59,2021-06-13,12:00:00,390,224,166,F11MO
40,Molenlei 59,2021-06-13,13:00:00,418,188,230,F11MO
40,Molenlei 59,2021-06-13,14:00:00,410,146,264,F11MO
40,Molenlei 59,2021-06-13,15:00:00,438,194,244,F11MO
40,Molenlei 59,2021-06-13,16:00:00,380,234,146,F11MO
40,Molenlei 59,2021-06-13,17:00:00,298,160,138,F11MO
40,Molenlei 59,2021-06-13,18:00:00,216,114,102,F11MO
40,Molenlei 59,2021-06-13,19:00:00,168,88,80,F11MO
40,Molenlei 59,2021-06-13,20:00:00,124,80,44,F11MO
40,Molenlei 59,2021-06-13,21:00:00,84,50,34,F11MO
40,Molenlei 59,2021-06-13,22:00:00,44,26,18,F11MO
40,Molenlei 59,2021-06-13,23:00:00,18,10,8,F11MO
40,Molenlei 59,2021-06-14,00:00:00,2,0,2,F11MO
40,Molenlei 59,2021-06-14,01:00:00,2,2,0,F11MO
40,Molenlei 59,2021-06-14,02:00:00,2,2,0,F11MO
40,Molenlei 59,2021-06-14,03:00:00,0,0,0,F11MO
40,Molenlei 59,2021-06-14,04:00:00,14,12,2,F11MO
40,Molenlei 59,2021-06-14,05:00:00,34,18,16,F11MO
40,Molenlei 59,2021-06-14,06:00:00,118,82,36,F11MO
40,Molenlei 59,2021-06-14,07:00:00,356,222,134,F11MO
40,Molenlei 59,2021-06-14,08:00:00,436,290,146,F11MO
40,Molenlei 59,2021-06-14,09:00:00,194,92,102,F11MO
40,Molenlei 59,2021-06-14,10:00:00,200,90,110,F11MO
40,Molenlei 59,2021-06-14,11:00:00,208,98,110,F11MO
40,Molenlei 59,2021-06-14,12:00:00,274,148,126,F11MO
40,Molenlei 59,2021-06-14,13:00:00,192,80,112,F11MO
40,Molenlei 59,2021-06-14,14:00:00,302,162,140,F11MO
40,Molenlei 59,2021-06-14,15:00:00,468,164,304,F11MO
40,Molenlei 59,2021-06-14,16:00:00,466,190,276,F11MO
40,Molenlei 59,2021-06-14,17:00:00,386,160,226,F11MO
40,Molenlei 59,2021-06-14,18:00:00,292,114,178,F11MO
40,Molenlei 59,2021-06-14,19:00:00,246,114,132,F11MO
40,Molenlei 59,2021-06-14,20:00:00,208,106,102,F11MO
40,Molenlei 59,2021-06-14,21:00:00,132,96,36,F11MO
40,Molenlei 59,2021-06-14,22:00:00,82,26,56,F11MO
40,Molenlei 59,2021-06-14,23:00:00,20,12,8,F11MO
40,Molenlei 59,2021-06-15,00:00:00,14,6,8,F11MO
40,Molenlei 59,2021-06-15,01:00:00,8,8,0,F11MO
40,Molenlei 59,2021-06-15,02:00:00,2,0,2,F11MO
40,Molenlei 59,2021-06-15,03:00:00,0,0,0,F11MO
40,Molenlei 59,2021-06-15,04:00:00,16,16,0,F11MO
40,Molenlei 59,2021-06-15,05:00:00,54,34,20,F11MO
40,Molenlei 59,2021-06-15,06:00:00,130,82,48,F11MO
40,Molenlei 59,2021-06-15,07:00:00,366,238,128,F11MO
40,Molenlei 59,2021-06-15,08:00:00,452,280,172,F11MO
40,Molenlei 59,2021-06-15,09:00:00,136,46,90,F11MO
40,Molenlei 59,2021-06-15,10:00:00,222,100,122,F11MO
40,Molenlei 59,2021-06-15,11:00:00,152,70,82,F11MO
40,Molenlei 59,2021-06-15,12:00:00,208,90,118,F11MO
40,Molenlei 59,2021-06-15,13:00:00,212,98,114,F11MO
40,Molenlei 59,2021-06-15,14:00:00,220,100,120,F11MO
40,Molenlei 59,2021-06-15,15:00:00,392,130,262,F11MO
40,Molenlei 59,2021-06-15,16:00:00,390,140,250,F11MO
40,Molenlei 59,2021-06-15,17:00:00,376,144,232,F11MO
40,Molenlei 59,2021-06-15,18:00:00,340,154,186,F11MO
40,Molenlei 59,2021-06-15,19:00:00,250,80,170,F11MO
40,Molenlei 59,2021-06-15,20:00:00,264,130,134,F11MO
40,Molenlei 59,2021-06-15,21:00:00,162,108,54,F11MO
40,Molenlei 59,2021-06-15,22:00:00,74,40,34,F11MO
40,Molenlei 59,2021-06-15,23:00:00,68,50,18,F11MO
40,Molenlei 59,2021-06-16,00:00:00,4,0,4,F11MO
40,Molenlei 59,2021-06-16,01:00:00,2,2,0,F11MO
40,Molenlei 59,2021-06-16,02:00:00,2,2,0,F11MO
40,Molenlei 59,2021-06-16,03:00:00,0,0,0,F11MO
40,Molenlei 59,2021-06-16,04:00:00,16,10,6,F11MO
40,Molenlei 59,2021-06-16,05:00:00,46,32,14,F11MO
40,Molenlei 59,2021-06-16,06:00:00,128,76,52,F11MO
40,Molenlei 59,2021-06-16,07:00:00,364,210,154,F11MO
40,Molenlei 59,2021-06-16,08:00:00,492,336,156,F11MO
40,Molenlei 59,2021-06-16,09:00:00,234,122,112,F11MO
40,Molenlei 59,2021-06-16,10:00:00,274,128,146,F11MO
40,Molenlei 59,2021-06-16,11:00:00,344,134,210,F11MO
40,Molenlei 59,2021-06-16,12:00:00,262,96,166,F11MO
40,Molenlei 59,2021-06-16,13:00:00,236,104,132,F11MO
40,Molenlei 59,2021-06-16,14:00:00,264,108,156,F11MO
40,Molenlei 59,2021-06-16,15:00:00,232,98,134,F11MO
40,Molenlei 59,2021-06-16,16:00:00,306,126,180,F11MO
40,Molenlei 59,2021-06-16,17:00:00,338,150,188,F11MO
40,Molenlei 59,2021-06-16,18:00:00,306,114,192,F11MO
40,Molenlei 59,2021-06-16,19:00:00,216,104,112,F11MO
40,Molenlei 59,2021-06-16,20:00:00,232,130,102,F11MO
40,Molenlei 59,2021-06-16,21:00:00,174,110,64,F11MO
40,Molenlei 59,2021-06-16,22:00:00,110,58,52,F11MO
40,Molenlei 59,2021-06-16,23:00:00,38,22,16,F11MO
40,Molenlei 59,2021-06-17,00:00:00,36,18,18,F11MO
40,Molenlei 59,2021-06-17,01:00:00,2,2,0,F11MO
40,Molenlei 59,2021-06-17,02:00:00,0,0,0,F11MO
40,Molenlei 59,2021-06-17,03:00:00,2,2,0,F11MO
40,Molenlei 59,2021-06-17,04:00:00,8,8,0,F11MO
40,Molenlei 59,2021-06-17,05:00:00,44,34,10,F11MO
40,Molenlei 59,2021-06-17,06:00:00,120,70,50,F11MO
40,Molenlei 59,2021-06-17,07:00:00,372,228,144,F11MO
40,Molenlei 59,2021-06-17,08:00:00,444,292,152,F11MO
40,Molenlei 59,2021-06-17,09:00:00,184,90,94,F11MO
40,Molenlei 59,2021-06-17,10:00:00,198,92,106,F11MO
40,Molenlei 59,2021-06-17,11:00:00,170,72,98,F11MO
40,Molenlei 59,2021-06-17,12:00:00,166,96,70,F11MO
40,Molenlei 59,2021-06-17,13:00:00,192,94,98,F11MO
40,Molenlei 59,2021-06-17,14:00:00,160,70,90,F11MO
40,Molenlei 59,2021-06-17,15:00:00,394,154,240,F11MO
40,Molenlei 59,2021-06-17,16:00:00,388,158,230,F11MO
40,Molenlei 59,2021-06-17,17:00:00,364,128,236,F11MO
40,Molenlei 59,2021-06-17,18:00:00,146,52,94,F11MO
40,Molenlei 59,2021-06-17,19:00:00,92,42,50,F11MO
40,Molenlei 59,2021-06-17,20:00:00,158,64,94,F11MO
40,Molenlei 59,2021-06-17,21:00:00,78,58,20,F11MO
40,Molenlei 59,2021-06-17,22:00:00,76,28,48,F11MO
40,Molenlei 59,2021-06-17,23:00:00,42,18,24,F11MO
40,Molenlei 59,2021-06-18,00:00:00,28,16,12,F11MO
40,Molenlei 59,2021-06-18,01:00:00,8,6,2,F11MO
40,Molenlei 59,2021-06-18,02:00:00,4,0,4,F11MO
40,Molenlei 59,2021-06-18,03:00:00,2,0,2,F11MO
40,Molenlei 59,2021-06-18,04:00:00,4,4,0,F11MO
40,Molenlei 59,2021-06-18,05:00:00,24,16,8,F11MO
40,Molenlei 59,2021-06-18,06:00:00,56,28,28,F11MO
40,Molenlei 59,2021-06-18,07:00:00,206,118,88,F11MO
40,Molenlei 59,2021-06-18,08:00:00,328,202,126,F11MO
40,Molenlei 59,2021-06-18,09:00:00,154,64,90,F11MO
40,Molenlei 59,2021-06-18,10:00:00,220,108,112,F11MO
40,Molenlei 59,2021-06-18,11:00:00,210,102,108,F11MO
40,Molenlei 59,2021-06-18,12:00:00,208,110,98,F11MO
40,Molenlei 59,2021-06-18,13:00:00,168,68,100,F11MO
40,Molenlei 59,2021-06-18,14:00:00,214,86,128,F11MO
40,Molenlei 59,2021-06-18,15:00:00,316,130,186,F11MO
40,Molenlei 59,2021-06-18,16:00:00,276,108,168,F11MO
40,Molenlei 59,2021-06-18,17:00:00,224,96,128,F11MO
40,Molenlei 59,2021-06-18,18:00:00,184,68,116,F11MO
40,Molenlei 59,2021-06-18,19:00:00,184,78,106,F11MO
40,Molenlei 59,2021-06-18,20:00:00,126,56,70,F11MO
40,Molenlei 59,2021-06-18,21:00:00,84,56,28,F11MO
40,Molenlei 59,2021-06-18,22:00:00,58,26,32,F11MO
40,Molenlei 59,2021-06-18,23:00:00,32,22,10,F11MO
40,Molenlei 59,2021-06-19,00:00:00,28,16,12,F11MO
40,Molenlei 59,2021-06-19,01:00:00,8,4,4,F11MO
40,Molenlei 59,2021-06-19,02:00:00,10,4,6,F11MO
40,Molenlei 59,2021-06-19,03:00:00,10,2,8,F11MO
40,Molenlei 59,2021-06-19,04:00:00,4,2,2,F11MO
40,Molenlei 59,2021-06-19,05:00:00,20,14,6,F11MO
40,Molenlei 59,2021-06-19,06:00:00,22,4,18,F11MO
40,Molenlei 59,2021-06-19,07:00:00,60,30,30,F11MO
40,Molenlei 59,2021-06-19,08:00:00,90,38,52,F11MO
40,Molenlei 59,2021-06-19,09:00:00,186,68,118,F11MO
40,Molenlei 59,2021-06-19,10:00:00,228,98,130,F11MO
40,Molenlei 59,2021-06-19,11:00:00,226,124,102,F11MO
40,Molenlei 59,2021-06-19,12:00:00,222,108,114,F11MO
40,Molenlei 59,2021-06-19,13:00:00,258,138,120,F11MO
40,Molenlei 59,2021-06-19,14:00:00,296,148,148,F11MO
40,Molenlei 59,2021-06-19,15:00:00,266,132,134,F11MO
40,Molenlei 59,2021-06-19,16:00:00,236,122,114,F11MO
40,Molenlei 59,2021-06-19,17:00:00,222,122,100,F11MO
40,Molenlei 59,2021-06-19,18:00:00,136,98,38,F11MO
40,Molenlei 59,2021-06-19,19:00:00,136,76,60,F11MO
40,Molenlei 59,2021-06-19,20:00:00,82,42,40,F11MO
40,Molenlei 59,2021-06-19,21:00:00,68,26,42,F11MO
40,Molenlei 59,2021-06-19,22:00:00,76,26,50,F11MO
40,Molenlei 59,2021-06-19,23:00:00,28,12,16,F11MO
40,Molenlei 59,2021-06-20,00:00:00,6,0,6,F11MO
40,Molenlei 59,2021-06-20,01:00:00,12,2,10,F11MO
40,Molenlei 59,2021-06-20,02:00:00,14,0,14,F11MO
40,Molenlei 59,2021-06-20,03:00:00,6,2,4,F11MO
40,Molenlei 59,2021-06-20,04:00:00,8,8,0,F11MO
40,Molenlei 59,2021-06-20,05:00:00,16,8,8,F11MO
40,Molenlei 59,2021-06-20,06:00:00,18,4,14,F11MO
40,Molenlei 59,2021-06-20,07:00:00,30,8,22,F11MO
40,Molenlei 59,2021-06-20,08:00:00,110,42,68,F11MO
40,Molenlei 59,2021-06-20,09:00:00,310,78,232,F11MO
40,Molenlei 59,2021-06-20,10:00:00,344,172,172,F11MO
40,Molenlei 59,2021-06-20,11:00:00,344,166,178,F11MO
40,Molenlei 59,2021-06-20,12:00:00,342,218,124,F11MO
40,Molenlei 59,2021-06-20,13:00:00,364,214,150,F11MO
40,Molenlei 59,2021-06-20,14:00:00,270,128,142,F11MO
40,Molenlei 59,2021-06-20,15:00:00,328,176,152,F11MO
40,Molenlei 59,2021-06-20,16:00:00,356,170,186,F11MO
40,Molenlei 59,2021-06-20,17:00:00,338,196,142,F11MO
40,Molenlei 59,2021-06-20,18:00:00,244,140,104,F11MO
40,Molenlei 59,2021-06-20,19:00:00,126,80,46,F11MO
40,Molenlei 59,2021-06-20,20:00:00,98,52,46,F11MO
40,Molenlei 59,2021-06-20,21:00:00,64,56,8,F11MO
40,Molenlei 59,2021-06-20,22:00:00,56,26,30,F11MO
40,Molenlei 59,2021-06-20,23:00:00,14,4,10,F11MO
40,Molenlei 59,2021-06-21,00:00:00,4,2,2,F11MO
40,Molenlei 59,2021-06-21,01:00:00,6,4,2,F11MO
40,Molenlei 59,2021-06-21,02:00:00,0,0,0,F11MO
40,Molenlei 59,2021-06-21,03:00:00,4,2,2,F11MO
40,Molenlei 59,2021-06-21,04:00:00,4,4,0,F11MO
40,Molenlei 59,2021-06-21,05:00:00,22,12,10,F11MO
40,Molenlei 59,2021-06-21,06:00:00,50,22,28,F11MO
40,Molenlei 59,2021-06-21,07:00:00,188,90,98,F11MO
40,Molenlei 59,2021-06-21,08:00:00,228,164,64,F11MO
40,Molenlei 59,2021-06-21,09:00:00,134,24,110,F11MO
40,Molenlei 59,2021-06-21,10:00:00,68,24,44,F11MO
40,Molenlei 59,2021-06-21,11:00:00,68,40,28,F11MO
40,Molenlei 59,2021-06-21,12:00:00,104,50,54,F11MO
40,Molenlei 59,2021-06-21,13:00:00,92,46,46,F11MO
40,Molenlei 59,2021-06-21,14:00:00,200,160,40,F11MO
40,Molenlei 59,2021-06-21,15:00:00,176,62,114,F11MO
40,Molenlei 59,2021-06-21,16:00:00,192,70,122,F11MO
40,Molenlei 59,2021-06-21,17:00:00,174,70,104,F11MO
40,Molenlei 59,2021-06-21,18:00:00,114,62,52,F11MO
40,Molenlei 59,2021-06-21,19:00:00,86,42,44,F11MO
40,Molenlei 59,2021-06-21,20:00:00,78,40,38,F11MO
40,Molenlei 59,2021-06-21,21:00:00,20,14,6,F11MO
40,Molenlei 59,2021-06-21,22:00:00,30,4,26,F11MO
40,Molenlei 59,2021-06-21,23:00:00,30,12,18,F11MO
40,Molenlei 59,2021-06-22,00:00:00,12,8,4,F11MO
40,Molenlei 59,2021-06-22,01:00:00,8,4,4,F11MO
40,Molenlei 59,2021-06-22,02:00:00,0,0,0,F11MO
40,Molenlei 59,2021-06-22,03:00:00,2,0,2,F11MO
40,Molenlei 59,2021-06-22,04:00:00,6,4,2,F11MO
40,Molenlei 59,2021-06-22,05:00:00,38,24,14,F11MO
40,Molenlei 59,2021-06-22,06:00:00,80,52,28,F11MO
40,Molenlei 59,2021-06-22,07:00:00,260,154,106,F11MO
40,Molenlei 59,2021-06-22,08:00:00,298,208,90,F11MO
40,Molenlei 59,2021-06-22,09:00:00,124,54,70,F11MO
40,Molenlei 59,2021-06-22,10:00:00,148,78,70,F11MO
40,Molenlei 59,2021-06-22,11:00:00,96,44,52,F11MO
40,Molenlei 59,2021-06-22,12:00:00,114,54,60,F11MO
40,Molenlei 59,2021-06-22,13:00:00,84,52,32,F11MO
40,Molenlei 59,2021-06-22,14:00:00,104,50,54,F11MO
40,Molenlei 59,2021-06-22,15:00:00,184,48,136,F11MO
40,Molenlei 59,2021-06-22,16:00:00,164,52,112,F11MO
40,Molenlei 59,2021-06-22,17:00:00,236,94,142,F11MO
40,Molenlei 59,2021-06-22,18:00:00,158,68,90,F11MO
40,Molenlei 59,2021-06-22,19:00:00,94,26,68,F11MO
40,Molenlei 59,2021-06-22,20:00:00,48,34,14,F11MO
40,Molenlei 59,2021-06-22,21:00:00,36,14,22,F11MO
40,Molenlei 59,2021-06-22,22:00:00,54,12,42,F11MO
40,Molenlei 59,2021-06-22,23:00:00,6,0,6,F11MO
40,Molenlei 59,2021-06-23,00:00:00,2,0,2,F11MO
40,Molenlei 59,2021-06-23,01:00:00,2,2,0,F11MO
40,Molenlei 59,2021-06-23,02:00:00,6,2,4,F11MO
40,Molenlei 59,2021-06-23,03:00:00,2,0,2,F11MO
40,Molenlei 59,2021-06-23,04:00:00,8,6,2,F11MO
40,Molenlei 59,2021-06-23,05:00:00,24,14,10,F11MO
40,Molenlei 59,2021-06-23,06:00:00,78,54,24,F11MO
40,Molenlei 59,2021-06-23,07:00:00,244,144,100,F11MO
40,Molenlei 59,2021-06-23,08:00:00,334,216,118,F11MO
40,Molenlei 59,2021-06-23,09:00:00,194,112,82,F11MO
40,Molenlei 59,2021-06-23,10:00:00,152,84,68,F11MO
40,Molenlei 59,2021-06-23,11:00:00,240,94,146,F11MO
40,Molenlei 59,2021-06-23,12:00:00,234,100,134,F11MO
40,Molenlei 59,2021-06-23,13:00:00,264,90,174,F11MO
40,Molenlei 59,2021-06-23,14:00:00,248,124,124,F11MO
40,Molenlei 59,2021-06-23,15:00:00,228,116,112,F11MO
40,Molenlei 59,2021-06-23,16:00:00,278,126,152,F11MO
40,Molenlei 59,2021-06-23,17:00:00,334,138,196,F11MO
40,Molenlei 59,2021-06-23,18:00:00,288,130,158,F11MO
40,Molenlei 59,2021-06-23,19:00:00,182,88,94,F11MO
40,Molenlei 59,2021-06-23,20:00:00,212,142,70,F11MO
40,Molenlei 59,2021-06-23,21:00:00,94,58,36,F11MO
40,Molenlei 59,2021-06-23,22:00:00,62,14,48,F11MO
40,Molenlei 59,2021-06-23,23:00:00,22,8,14,F11MO
40,Molenlei 59,2021-06-24,00:00:00,8,2,6,F11MO
40,Molenlei 59,2021-06-24,01:00:00,4,0,4,F11MO
40,Molenlei 59,2021-06-24,02:00:00,8,0,8,F11MO
40,Molenlei 59,2021-06-24,03:00:00,2,0,2,F11MO
40,Molenlei 59,2021-06-24,04:00:00,2,2,0,F11MO
40,Molenlei 59,2021-06-24,05:00:00,42,30,12,F11MO
40,Molenlei 59,2021-06-24,06:00:00,90,60,30,F11MO
40,Molenlei 59,2021-06-24,07:00:00,246,170,76,F11MO
40,Molenlei 59,2021-06-24,08:00:00,344,206,138,F11MO
40,Molenlei 59,2021-06-24,09:00:00,158,78,80,F11MO
40,Molenlei 59,2021-06-24,10:00:00,122,46,76,F11MO
40,Molenlei 59,2021-06-24,11:00:00,142,66,76,F11MO
40,Molenlei 59,2021-06-24,12:00:00,186,98,88,F11MO
40,Molenlei 59,2021-06-24,13:00:00,228,118,110,F11MO
40,Molenlei 59,2021-06-24,14:00:00,246,112,134,F11MO
40,Molenlei 59,2021-06-24,15:00:00,280,90,190,F11MO
40,Molenlei 59,2021-06-24,16:00:00,378,142,236,F11MO
40,Molenlei 59,2021-06-24,17:00:00,388,172,216,F11MO
40,Molenlei 59,2021-06-24,18:00:00,268,120,148,F11MO
40,Molenlei 59,2021-06-24,19:00:00,248,114,134,F11MO
40,Molenlei 59,2021-06-24,20:00:00,186,114,72,F11MO
40,Molenlei 59,2021-06-24,21:00:00,108,58,50,F11MO
40,Molenlei 59,2021-06-24,22:00:00,74,24,50,F11MO
40,Molenlei 59,2021-06-24,23:00:00,52,28,24,F11MO
40,Molenlei 59,2021-06-25,00:00:00,22,12,10,F11MO
40,Molenlei 59,2021-06-25,01:00:00,14,8,6,F11MO
40,Molenlei 59,2021-06-25,02:00:00,0,0,0,F11MO
40,Molenlei 59,2021-06-25,03:00:00,4,2,2,F11MO
40,Molenlei 59,2021-06-25,04:00:00,4,2,2,F11MO
40,Molenlei 59,2021-06-25,05:00:00,34,22,12,F11MO
40,Molenlei 59,2021-06-25,06:00:00,80,54,26,F11MO
40,Molenlei 59,2021-06-25,07:00:00,180,108,72,F11MO
40,Molenlei 59,2021-06-25,08:00:00,390,214,176,F11MO
40,Molenlei 59,2021-06-25,09:00:00,170,78,92,F11MO
40,Molenlei 59,2021-06-25,10:00:00,162,72,90,F11MO
40,Molenlei 59,2021-06-25,11:00:00,266,176,90,F11MO
40,Molenlei 59,2021-06-25,12:00:00,238,146,92,F11MO
40,Molenlei 59,2021-06-25,13:00:00,270,180,90,F11MO
40,Molenlei 59,2021-06-25,14:00:00,198,92,106,F11MO
40,Molenlei 59,2021-06-25,15:00:00,360,136,224,F11MO
40,Molenlei 59,2021-06-25,16:00:00,272,112,160,F11MO
40,Molenlei 59,2021-06-25,17:00:00,234,96,138,F11MO
40,Molenlei 59,2021-06-25,18:00:00,156,72,84,F11MO
40,Molenlei 59,2021-06-25,19:00:00,126,50,76,F11MO
40,Molenlei 59,2021-06-25,20:00:00,46,22,24,F11MO
40,Molenlei 59,2021-06-25,21:00:00,50,22,28,F11MO
40,Molenlei 59,2021-06-25,22:00:00,48,8,40,F11MO
40,Molenlei 59,2021-06-25,23:00:00,26,8,18,F11MO
40,Molenlei 59,2021-06-26,00:00:00,24,2,22,F11MO
40,Molenlei 59,2021-06-26,01:00:00,28,22,6,F11MO
40,Molenlei 59,2021-06-26,02:00:00,12,8,4,F11MO
40,Molenlei 59,2021-06-26,03:00:00,2,0,2,F11MO
40,Molenlei 59,2021-06-26,04:00:00,0,0,0,F11MO
40,Molenlei 59,2021-06-26,05:00:00,20,10,10,F11MO
40,Molenlei 59,2021-06-26,06:00:00,20,8,12,F11MO
40,Molenlei 59,2021-06-26,07:00:00,28,8,20,F11MO
40,Molenlei 59,2021-06-26,08:00:00,72,32,40,F11MO
40,Molenlei 59,2021-06-26,09:00:00,144,60,84,F11MO
40,Molenlei 59,2021-06-26,10:00:00,194,78,116,F11MO
40,Molenlei 59,2021-06-26,11:00:00,192,84,108,F11MO
40,Molenlei 59,2021-06-26,12:00:00,220,132,88,F11MO
40,Molenlei 59,2021-06-26,13:00:00,238,130,108,F11MO
40,Molenlei 59,2021-06-26,14:00:00,226,112,114,F11MO
40,Molenlei 59,2021-06-26,15:00:00,204,114,90,F11MO
40,Molenlei 59,2021-06-26,16:00:00,194,108,86,F11MO
40,Molenlei 59,2021-06-26,17:00:00,132,72,60,F11MO
40,Molenlei 59,2021-06-26,18:00:00,152,86,66,F11MO
40,Molenlei 59,2021-06-26,19:00:00,112,42,70,F11MO
40,Molenlei 59,2021-06-26,20:00:00,128,56,72,F11MO
40,Molenlei 59,2021-06-26,21:00:00,84,28,56,F11MO
40,Molenlei 59,2021-06-26,22:00:00,58,30,28,F11MO
40,Molenlei 59,2021-06-26,23:00:00,20,8,12,F11MO
40,Molenlei 59,2021-06-27,00:00:00,12,4,8,F11MO
40,Molenlei 59,2021-06-27,01:00:00,14,8,6,F11MO
40,Molenlei 59,2021-06-27,02:00:00,10,2,8,F11MO
40,Molenlei 59,2021-06-27,03:00:00,12,6,6,F11MO
40,Molenlei 59,2021-06-27,04:00:00,10,8,2,F11MO
40,Molenlei 59,2021-06-27,05:00:00,12,6,6,F11MO
40,Molenlei 59,2021-06-27,06:00:00,28,12,16,F11MO
40,Molenlei 59,2021-06-27,07:00:00,54,26,28,F11MO
40,Molenlei 59,2021-06-27,08:00:00,124,46,78,F11MO
40,Molenlei 59,2021-06-27,09:00:00,298,98,200,F11MO
40,Molenlei 59,2021-06-27,10:00:00,392,180,212,F11MO
40,Molenlei 59,2021-06-27,11:00:00,394,178,216,F11MO
40,Molenlei 59,2021-06-27,12:00:00,360,202,158,F11MO
40,Molenlei 59,2021-06-27,13:00:00,318,164,154,F11MO
40,Molenlei 59,2021-06-27,14:00:00,326,170,156,F11MO
40,Molenlei 59,2021-06-27,15:00:00,258,158,100,F11MO
40,Molenlei 59,2021-06-27,16:00:00,212,120,92,F11MO
40,Molenlei 59,2021-06-27,17:00:00,112,70,42,F11MO
40,Molenlei 59,2021-06-27,18:00:00,122,56,66,F11MO
40,Molenlei 59,2021-06-27,19:00:00,48,20,28,F11MO
40,Molenlei 59,2021-06-27,20:00:00,56,18,38,F11MO
40,Molenlei 59,2021-06-27,21:00:00,32,14,18,F11MO
40,Molenlei 59,2021-06-27,22:00:00,10,4,6,F11MO
40,Molenlei 59,2021-06-27,23:00:00,42,16,26,F11MO
40,Molenlei 59,2021-06-28,00:00:00,12,2,10,F11MO
40,Molenlei 59,2021-06-28,01:00:00,10,0,10,F11MO
40,Molenlei 59,2021-06-28,02:00:00,14,14,0,F11MO
40,Molenlei 59,2021-06-28,03:00:00,10,6,4,F11MO
40,Molenlei 59,2021-06-28,04:00:00,8,8,0,F11MO
40,Molenlei 59,2021-06-28,05:00:00,32,24,8,F11MO
40,Molenlei 59,2021-06-28,06:00:00,96,74,22,F11MO
40,Molenlei 59,2021-06-28,07:00:00,208,140,68,F11MO
40,Molenlei 59,2021-06-28,08:00:00,426,272,154,F11MO
40,Molenlei 59,2021-06-28,09:00:00,246,80,166,F11MO
40,Molenlei 59,2021-06-28,10:00:00,110,48,62,F11MO
40,Molenlei 59,2021-06-28,11:00:00,108,66,42,F11MO
40,Molenlei 59,2021-06-28,12:00:00,110,52,58,F11MO
40,Molenlei 59,2021-06-28,13:00:00,276,76,200,F11MO
40,Molenlei 59,2021-06-28,14:00:00,280,182,98,F11MO
40,Molenlei 59,2021-06-28,15:00:00,348,126,222,F11MO
40,Molenlei 59,2021-06-28,16:00:00,458,266,192,F11MO
40,Molenlei 59,2021-06-28,17:00:00,322,118,204,F11MO
40,Molenlei 59,2021-06-28,18:00:00,280,128,152,F11MO
40,Molenlei 59,2021-06-28,19:00:00,204,84,120,F11MO
40,Molenlei 59,2021-06-28,20:00:00,166,66,100,F11MO
40,Molenlei 59,2021-06-28,21:00:00,88,60,28,F11MO
40,Molenlei 59,2021-06-28,22:00:00,82,40,42,F11MO
40,Molenlei 59,2021-06-28,23:00:00,38,12,26,F11MO
40,Molenlei 59,2021-06-29,00:00:00,16,12,4,F11MO
40,Molenlei 59,2021-06-29,01:00:00,10,2,8,F11MO
40,Molenlei 59,2021-06-29,02:00:00,4,0,4,F11MO
40,Molenlei 59,2021-06-29,03:00:00,2,2,0,F11MO
40,Molenlei 59,2021-06-29,04:00:00,12,12,0,F11MO
40,Molenlei 59,2021-06-29,05:00:00,34,24,10,F11MO
40,Molenlei 59,2021-06-29,06:00:00,102,62,40,F11MO
40,Molenlei 59,2021-06-29,07:00:00,226,144,82,F11MO
40,Molenlei 59,2021-06-29,08:00:00,320,212,108,F11MO
40,Molenlei 59,2021-06-29,09:00:00,168,92,76,F11MO
40,Molenlei 59,2021-06-29,10:00:00,226,96,130,F11MO
40,Molenlei 59,2021-06-29,11:00:00,202,96,106,F11MO
40,Molenlei 59,2021-06-29,12:00:00,168,90,78,F11MO
40,Molenlei 59,2021-06-29,13:00:00,280,130,150,F11MO
40,Molenlei 59,2021-06-29,14:00:00,212,108,104,F11MO
40,Molenlei 59,2021-06-29,15:00:00,288,106,182,F11MO
40,Molenlei 59,2021-06-29,16:00:00,264,106,158,F11MO
40,Molenlei 59,2021-06-29,17:00:00,338,132,206,F11MO
40,Molenlei 59,2021-06-29,18:00:00,196,88,108,F11MO
40,Molenlei 59,2021-06-29,19:00:00,166,56,110,F11MO
40,Molenlei 59,2021-06-29,20:00:00,124,56,68,F11MO
40,Molenlei 59,2021-06-29,21:00:00,78,26,52,F11MO
40,Molenlei 59,2021-06-29,22:00:00,42,12,30,F11MO
40,Molenlei 59,2021-06-29,23:00:00,28,12,16,F11MO
40,Molenlei 59,2021-06-30,00:00:00,16,2,14,F11MO
40,Molenlei 59,2021-06-30,01:00:00,2,2,0,F11MO
40,Molenlei 59,2021-06-30,02:00:00,0,0,0,F11MO
40,Molenlei 59,2021-06-30,03:00:00,0,0,0,F11MO
40,Molenlei 59,2021-06-30,04:00:00,6,6,0,F11MO
40,Molenlei 59,2021-06-30,05:00:00,14,10,4,F11MO
40,Molenlei 59,2021-06-30,06:00:00,56,24,32,F11MO
40,Molenlei 59,2021-06-30,07:00:00,128,68,60,F11MO
40,Molenlei 59,2021-06-30,08:00:00,200,136,64,F11MO
40,Molenlei 59,2021-06-30,09:00:00,78,30,48,F11MO
40,Molenlei 59,2021-06-30,10:00:00,102,66,36,F11MO
40,Molenlei 59,2021-06-30,11:00:00,98,26,72,F11MO
40,Molenlei 59,2021-06-30,12:00:00,128,66,62,F11MO
40,Molenlei 59,2021-06-30,13:00:00,110,60,50,F11MO
40,Molenlei 59,2021-06-30,14:00:00,94,38,56,F11MO
40,Molenlei 59,2021-06-30,15:00:00,80,44,36,F11MO
40,Molenlei 59,2021-06-30,16:00:00,94,36,58,F11MO
40,Molenlei 59,2021-06-30,17:00:00,126,46,80,F11MO
40,Molenlei 59,2021-06-30,18:00:00,80,28,52,F11MO
40,Molenlei 59,2021-06-30,19:00:00,108,38,70,F11MO
40,Molenlei 59,2021-06-30,20:00:00,82,46,36,F11MO
40,Molenlei 59,2021-06-30,21:00:00,48,22,26,F11MO
40,Molenlei 59,2021-06-30,22:00:00,40,20,20,F11MO
40,Molenlei 59,2021-06-30,23:00:00,18,6,12,F11MO
40,Molenlei 59,2021-07-01,00:00:00,10,6,4,F11MO
40,Molenlei 59,2021-07-01,01:00:00,6,0,6,F11MO
40,Molenlei 59,2021-07-01,02:00:00,0,0,0,F11MO
40,Molenlei 59,2021-07-01,03:00:00,0,0,0,F11MO
40,Molenlei 59,2021-07-01,04:00:00,10,10,0,F11MO
40,Molenlei 59,2021-07-01,05:00:00,34,24,10,F11MO
40,Molenlei 59,2021-07-01,06:00:00,92,58,34,F11MO
40,Molenlei 59,2021-07-01,07:00:00,192,108,84,F11MO
40,Molenlei 59,2021-07-01,08:00:00,246,130,116,F11MO
40,Molenlei 59,2021-07-01,09:00:00,144,76,68,F11MO
40,Molenlei 59,2021-07-01,10:00:00,130,68,62,F11MO
40,Molenlei 59,2021-07-01,11:00:00,156,78,78,F11MO
40,Molenlei 59,2021-07-01,12:00:00,128,62,66,F11MO
40,Molenlei 59,2021-07-01,13:00:00,172,82,90,F11MO
40,Molenlei 59,2021-07-01,14:00:00,148,80,68,F11MO
40,Molenlei 59,2021-07-01,15:00:00,204,112,92,F11MO
40,Molenlei 59,2021-07-01,16:00:00,284,108,176,F11MO
40,Molenlei 59,2021-07-01,17:00:00,220,72,148,F11MO
40,Molenlei 59,2021-07-01,18:00:00,238,114,124,F11MO
40,Molenlei 59,2021-07-01,19:00:00,118,58,60,F11MO
40,Molenlei 59,2021-07-01,20:00:00,124,64,60,F11MO
40,Molenlei 59,2021-07-01,21:00:00,82,68,14,F11MO
40,Molenlei 59,2021-07-01,22:00:00,62,26,36,F11MO
40,Molenlei 59,2021-07-01,23:00:00,32,18,14,F11MO
40,Molenlei 59,2021-07-02,00:00:00,16,12,4,F11MO
40,Molenlei 59,2021-07-02,01:00:00,8,0,8,F11MO
40,Molenlei 59,2021-07-02,02:00:00,10,6,4,F11MO
40,Molenlei 59,2021-07-02,03:00:00,0,0,0,F11MO
40,Molenlei 59,2021-07-02,04:00:00,14,12,2,F11MO
40,Molenlei 59,2021-07-02,05:00:00,28,20,8,F11MO
40,Molenlei 59,2021-07-02,06:00:00,82,52,30,F11MO
40,Molenlei 59,2021-07-02,07:00:00,190,102,88,F11MO
40,Molenlei 59,2021-07-02,08:00:00,208,98,110,F11MO
40,Molenlei 59,2021-07-02,09:00:00,156,60,96,F11MO
40,Molenlei 59,2021-07-02,10:00:00,192,94,98,F11MO
40,Molenlei 59,2021-07-02,11:00:00,184,94,90,F11MO
40,Molenlei 59,2021-07-02,12:00:00,246,108,138,F11MO
40,Molenlei 59,2021-07-02,13:00:00,218,114,104,F11MO
40,Molenlei 59,2021-07-02,14:00:00,236,116,120,F11MO
40,Molenlei 59,2021-07-02,15:00:00,262,102,160,F11MO
40,Molenlei 59,2021-07-02,16:00:00,318,146,172,F11MO
40,Molenlei 59,2021-07-02,17:00:00,314,142,172,F11MO
40,Molenlei 59,2021-07-02,18:00:00,232,100,132,F11MO
40,Molenlei 59,2021-07-02,19:00:00,194,92,102,F11MO
40,Molenlei 59,2021-07-02,20:00:00,114,62,52,F11MO
40,Molenlei 59,2021-07-02,21:00:00,52,36,16,F11MO
40,Molenlei 59,2021-07-02,22:00:00,38,8,30,F11MO
40,Molenlei 59,2021-07-02,23:00:00,46,22,24,F11MO
40,Molenlei 59,2021-07-03,00:00:00,36,10,26,F11MO
40,Molenlei 59,2021-07-03,01:00:00,26,18,8,F11MO
40,Molenlei 59,2021-07-03,02:00:00,4,4,0,F11MO
40,Molenlei 59,2021-07-03,03:00:00,10,4,6,F11MO
40,Molenlei 59,2021-07-03,04:00:00,8,4,4,F11MO
40,Molenlei 59,2021-07-03,05:00:00,26,14,12,F11MO
40,Molenlei 59,2021-07-03,06:00:00,10,4,6,F11MO
40,Molenlei 59,2021-07-03,07:00:00,16,4,12,F11MO
40,Molenlei 59,2021-07-03,08:00:00,68,26,42,F11MO
40,Molenlei 59,2021-07-03,09:00:00,140,30,110,F11MO
40,Molenlei 59,2021-07-03,10:00:00,108,46,62,F11MO
40,Molenlei 59,2021-07-03,11:00:00,168,104,64,F11MO
40,Molenlei 59,2021-07-03,12:00:00,228,122,106,F11MO
40,Molenlei 59,2021-07-03,13:00:00,182,66,116,F11MO
40,Molenlei 59,2021-07-03,14:00:00,226,116,110,F11MO
40,Molenlei 59,2021-07-03,15:00:00,192,118,74,F11MO
40,Molenlei 59,2021-07-03,16:00:00,162,92,70,F11MO
40,Molenlei 59,2021-07-03,17:00:00,80,40,40,F11MO
40,Molenlei 59,2021-07-03,18:00:00,100,74,26,F11MO
40,Molenlei 59,2021-07-03,19:00:00,42,20,22,F11MO
40,Molenlei 59,2021-07-03,20:00:00,32,20,12,F11MO
40,Molenlei 59,2021-07-03,21:00:00,26,14,12,F11MO
40,Molenlei 59,2021-07-03,22:00:00,22,2,20,F11MO
40,Molenlei 59,2021-07-03,23:00:00,24,4,20,F11MO
40,Molenlei 59,2021-07-04,00:00:00,4,2,2,F11MO
40,Molenlei 59,2021-07-04,01:00:00,10,4,6,F11MO
40,Molenlei 59,2021-07-04,02:00:00,2,2,0,F11MO
40,Molenlei 59,2021-07-04,03:00:00,6,2,4,F11MO
40,Molenlei 59,2021-07-04,04:00:00,0,0,0,F11MO
40,Molenlei 59,2021-07-04,05:00:00,8,4,4,F11MO
40,Molenlei 59,2021-07-04,06:00:00,30,14,16,F11MO
40,Molenlei 59,2021-07-04,07:00:00,14,8,6,F11MO
40,Molenlei 59,2021-07-04,08:00:00,76,24,52,F11MO
40,Molenlei 59,2021-07-04,09:00:00,250,90,160,F11MO
40,Molenlei 59,2021-07-04,10:00:00,362,184,178,F11MO
40,Molenlei 59,2021-07-04,11:00:00,388,236,152,F11MO
40,Molenlei 59,2021-07-04,12:00:00,216,148,68,F11MO
40,Molenlei 59,2021-07-04,13:00:00,44,30,14,F11MO
40,Molenlei 59,2021-07-04,14:00:00,40,24,16,F11MO
40,Molenlei 59,2021-07-04,15:00:00,32,14,18,F11MO
40,Molenlei 59,2021-07-04,16:00:00,112,56,56,F11MO
40,Molenlei 59,2021-07-04,17:00:00,174,82,92,F11MO
40,Molenlei 59,2021-07-04,18:00:00,170,78,92,F11MO
40,Molenlei 59,2021-07-04,19:00:00,86,42,44,F11MO
40,Molenlei 59,2021-07-04,20:00:00,88,46,42,F11MO
40,Molenlei 59,2021-07-04,21:00:00,58,42,16,F11MO
40,Molenlei 59,2021-07-04,22:00:00,34,12,22,F11MO
40,Molenlei 59,2021-07-04,23:00:00,10,4,6,F11MO
40,Molenlei 59,2021-07-05,00:00:00,6,4,2,F11MO
40,Molenlei 59,2021-07-05,01:00:00,12,10,2,F11MO
40,Molenlei 59,2021-07-05,02:00:00,2,2,0,F11MO
40,Molenlei 59,2021-07-05,03:00:00,0,0,0,F11MO
40,Molenlei 59,2021-07-05,04:00:00,8,8,0,F11MO
40,Molenlei 59,2021-07-05,05:00:00,30,18,12,F11MO
40,Molenlei 59,2021-07-05,06:00:00,80,48,32,F11MO
40,Molenlei 59,2021-07-05,07:00:00,152,84,68,F11MO
40,Molenlei 59,2021-07-05,08:00:00,190,106,84,F11MO
40,Molenlei 59,2021-07-05,09:00:00,90,58,32,F11MO
40,Molenlei 59,2021-07-05,10:00:00,60,34,26,F11MO
40,Molenlei 59,2021-07-05,11:00:00,80,36,44,F11MO
40,Molenlei 59,2021-07-05,12:00:00,122,54,68,F11MO
40,Molenlei 59,2021-07-05,13:00:00,110,70,40,F11MO
40,Molenlei 59,2021-07-05,14:00:00,116,58,58,F11MO
40,Molenlei 59,2021-07-05,15:00:00,142,74,68,F11MO
40,Molenlei 59,2021-07-05,16:00:00,258,110,148,F11MO
40,Molenlei 59,2021-07-05,17:00:00,262,110,152,F11MO
40,Molenlei 59,2021-07-05,18:00:00,216,88,128,F11MO
40,Molenlei 59,2021-07-05,19:00:00,172,82,90,F11MO
40,Molenlei 59,2021-07-05,20:00:00,106,64,42,F11MO
40,Molenlei 59,2021-07-05,21:00:00,94,58,36,F11MO
40,Molenlei 59,2021-07-05,22:00:00,44,14,30,F11MO
40,Molenlei 59,2021-07-05,23:00:00,14,10,4,F11MO
40,Molenlei 59,2021-07-06,00:00:00,2,0,2,F11MO
40,Molenlei 59,2021-07-06,01:00:00,2,0,2,F11MO
40,Molenlei 59,2021-07-06,02:00:00,0,0,0,F11MO
40,Molenlei 59,2021-07-06,03:00:00,0,0,0,F11MO
40,Molenlei 59,2021-07-06,04:00:00,8,8,0,F11MO
40,Molenlei 59,2021-07-06,05:00:00,26,18,8,F11MO
40,Molenlei 59,2021-07-06,06:00:00,92,62,30,F11MO
40,Molenlei 59,2021-07-06,07:00:00,170,94,76,F11MO
40,Molenlei 59,2021-07-06,08:00:00,192,100,92,F11MO
40,Molenlei 59,2021-07-06,09:00:00,98,50,48,F11MO
40,Molenlei 59,2021-07-06,10:00:00,80,30,50,F11MO
40,Molenlei 59,2021-07-06,11:00:00,74,46,28,F11MO
40,Molenlei 59,2021-07-06,12:00:00,94,50,44,F11MO
40,Molenlei 59,2021-07-06,13:00:00,112,66,46,F11MO
40,Molenlei 59,2021-07-06,14:00:00,120,60,60,F11MO
40,Molenlei 59,2021-07-06,15:00:00,146,56,90,F11MO
40,Molenlei 59,2021-07-06,16:00:00,154,48,106,F11MO
40,Molenlei 59,2021-07-06,17:00:00,198,70,128,F11MO
40,Molenlei 59,2021-07-06,18:00:00,144,50,94,F11MO
40,Molenlei 59,2021-07-06,19:00:00,108,48,60,F11MO
40,Molenlei 59,2021-07-06,20:00:00,118,68,50,F11MO
40,Molenlei 59,2021-07-06,21:00:00,86,56,30,F11MO
40,Molenlei 59,2021-07-06,22:00:00,50,22,28,F11MO
40,Molenlei 59,2021-07-06,23:00:00,22,8,14,F11MO
40,Molenlei 59,2021-07-07,00:00:00,6,2,4,F11MO
40,Molenlei 59,2021-07-07,01:00:00,16,12,4,F11MO
40,Molenlei 59,2021-07-07,02:00:00,4,2,2,F11MO
40,Molenlei 59,2021-07-07,03:00:00,6,2,4,F11MO
40,Molenlei 59,2021-07-07,04:00:00,6,6,0,F11MO
40,Molenlei 59,2021-07-07,05:00:00,24,22,2,F11MO
40,Molenlei 59,2021-07-07,06:00:00,92,62,30,F11MO
40,Molenlei 59,2021-07-07,07:00:00,198,112,86,F11MO
40,Molenlei 59,2021-07-07,08:00:00,216,122,94,F11MO
40,Molenlei 59,2021-07-07,09:00:00,152,76,76,F11MO
40,Molenlei 59,2021-07-07,10:00:00,168,78,90,F11MO
40,Molenlei 59,2021-07-07,11:00:00,180,78,102,F11MO
40,Molenlei 59,2021-07-07,12:00:00,188,88,100,F11MO
40,Molenlei 59,2021-07-07,13:00:00,156,82,74,F11MO
40,Molenlei 59,2021-07-07,14:00:00,174,92,82,F11MO
40,Molenlei 59,2021-07-07,15:00:00,186,84,102,F11MO
40,Molenlei 59,2021-07-07,16:00:00,284,112,172,F11MO
40,Molenlei 59,2021-07-07,17:00:00,260,102,158,F11MO
40,Molenlei 59,2021-07-07,18:00:00,326,120,206,F11MO
40,Molenlei 59,2021-07-07,19:00:00,176,74,102,F11MO
40,Molenlei 59,2021-07-07,20:00:00,174,90,84,F11MO
40,Molenlei 59,2021-07-07,21:00:00,156,120,36,F11MO
40,Molenlei 59,2021-07-07,22:00:00,84,26,58,F11MO
40,Molenlei 59,2021-07-07,23:00:00,18,10,8,F11MO
40,Molenlei 59,2021-07-08,00:00:00,12,2,10,F11MO
40,Molenlei 59,2021-07-08,01:00:00,10,2,8,F11MO
40,Molenlei 59,2021-07-08,02:00:00,0,0,0,F11MO
40,Molenlei 59,2021-07-08,03:00:00,0,0,0,F11MO
40,Molenlei 59,2021-07-08,04:00:00,8,8,0,F11MO
40,Molenlei 59,2021-07-08,05:00:00,34,28,6,F11MO
40,Molenlei 59,2021-07-08,06:00:00,82,46,36,F11MO
40,Molenlei 59,2021-07-08,07:00:00,182,100,82,F11MO
40,Molenlei 59,2021-07-08,08:00:00,208,112,96,F11MO
40,Molenlei 59,2021-07-08,09:00:00,138,52,86,F11MO
40,Molenlei 59,2021-07-08,10:00:00,176,84,92,F11MO
40,Molenlei 59,2021-07-08,11:00:00,182,104,78,F11MO
40,Molenlei 59,2021-07-08,12:00:00,172,96,76,F11MO
40,Molenlei 59,2021-07-08,13:00:00,176,100,76,F11MO
40,Molenlei 59,2021-07-08,14:00:00,196,86,110,F11MO
40,Molenlei 59,2021-07-08,15:00:00,212,86,126,F11MO
40,Molenlei 59,2021-07-08,16:00:00,284,118,166,F11MO
40,Molenlei 59,2021-07-08,17:00:00,276,104,172,F11MO
40,Molenlei 59,2021-07-08,18:00:00,190,90,100,F11MO
40,Molenlei 59,2021-07-08,19:00:00,164,66,98,F11MO
40,Molenlei 59,2021-07-08,20:00:00,164,108,56,F11MO
40,Molenlei 59,2021-07-08,21:00:00,92,62,30,F11MO
40,Molenlei 59,2021-07-08,22:00:00,60,24,36,F11MO
40,Molenlei 59,2021-07-08,23:00:00,18,6,12,F11MO
40,Molenlei 59,2021-07-09,00:00:00,18,10,8,F11MO
40,Molenlei 59,2021-07-09,01:00:00,12,6,6,F11MO
40,Molenlei 59,2021-07-09,02:00:00,6,2,4,F11MO
40,Molenlei 59,2021-07-09,03:00:00,2,2,0,F11MO
40,Molenlei 59,2021-07-09,04:00:00,6,4,2,F11MO
40,Molenlei 59,2021-07-09,05:00:00,24,18,6,F11MO
40,Molenlei 59,2021-07-09,06:00:00,86,48,38,F11MO
40,Molenlei 59,2021-07-09,07:00:00,202,110,92,F11MO
40,Molenlei 59,2021-07-09,08:00:00,168,102,66,F11MO
40,Molenlei 59,2021-07-09,09:00:00,142,56,86,F11MO
40,Molenlei 59,2021-07-09,10:00:00,196,82,114,F11MO
40,Molenlei 59,2021-07-09,11:00:00,194,110,84,F11MO
40,Molenlei 59,2021-07-09,12:00:00,192,80,112,F11MO
40,Molenlei 59,2021-07-09,13:00:00,160,74,86,F11MO
40,Molenlei 59,2021-07-09,14:00:00,226,96,130,F11MO
40,Molenlei 59,2021-07-09,15:00:00,260,124,136,F11MO
40,Molenlei 59,2021-07-09,16:00:00,268,126,142,F11MO
40,Molenlei 59,2021-07-09,17:00:00,274,126,148,F11MO
40,Molenlei 59,2021-07-09,18:00:00,240,114,126,F11MO
40,Molenlei 59,2021-07-09,19:00:00,164,68,96,F11MO
40,Molenlei 59,2021-07-09,20:00:00,150,98,52,F11MO
40,Molenlei 59,2021-07-09,21:00:00,90,50,40,F11MO
40,Molenlei 59,2021-07-09,22:00:00,52,18,34,F11MO
40,Molenlei 59,2021-07-09,23:00:00,32,18,14,F11MO
40,Molenlei 59,2021-07-10,00:00:00,18,4,14,F11MO
40,Molenlei 59,2021-07-10,01:00:00,16,0,16,F11MO
40,Molenlei 59,2021-07-10,02:00:00,8,2,6,F11MO
40,Molenlei 59,2021-07-10,03:00:00,2,0,2,F11MO
40,Molenlei 59,2021-07-10,04:00:00,10,10,0,F11MO
40,Molenlei 59,2021-07-10,05:00:00,8,6,2,F11MO
40,Molenlei 59,2021-07-10,06:00:00,36,8,28,F11MO
40,Molenlei 59,2021-07-10,07:00:00,26,12,14,F11MO
40,Molenlei 59,2021-07-10,08:00:00,62,22,40,F11MO
40,Molenlei 59,2021-07-10,09:00:00,126,56,70,F11MO
40,Molenlei 59,2021-07-10,10:00:00,202,74,128,F11MO
40,Molenlei 59,2021-07-10,11:00:00,258,150,108,F11MO
40,Molenlei 59,2021-07-10,12:00:00,214,120,94,F11MO
40,Molenlei 59,2021-07-10,13:00:00,152,74,78,F11MO
40,Molenlei 59,2021-07-10,14:00:00,208,120,88,F11MO
40,Molenlei 59,2021-07-10,15:00:00,130,72,58,F11MO
40,Molenlei 59,2021-07-10,16:00:00,62,24,38,F11MO
40,Molenlei 59,2021-07-10,17:00:00,40,16,24,F11MO
40,Molenlei 59,2021-07-10,18:00:00,42,24,18,F11MO
40,Molenlei 59,2021-07-10,19:00:00,36,18,18,F11MO
40,Molenlei 59,2021-07-10,20:00:00,36,26,10,F11MO
40,Molenlei 59,2021-07-10,21:00:00,60,30,30,F11MO
40,Molenlei 59,2021-07-10,22:00:00,22,8,14,F11MO
40,Molenlei 59,2021-07-10,23:00:00,6,2,4,F11MO
40,Molenlei 59,2021-07-11,00:00:00,10,0,10,F11MO
40,Molenlei 59,2021-07-11,01:00:00,8,2,6,F11MO
40,Molenlei 59,2021-07-11,02:00:00,4,2,2,F11MO
40,Molenlei 59,2021-07-11,03:00:00,2,0,2,F11MO
40,Molenlei 59,2021-07-11,04:00:00,0,0,0,F11MO
40,Molenlei 59,2021-07-11,05:00:00,14,10,4,F11MO
40,Molenlei 59,2021-07-11,06:00:00,38,18,20,F11MO
40,Molenlei 59,2021-07-11,07:00:00,32,10,22,F11MO
40,Molenlei 59,2021-07-11,08:00:00,80,28,52,F11MO
40,Molenlei 59,2021-07-11,09:00:00,264,94,170,F11MO
40,Molenlei 59,2021-07-11,10:00:00,408,154,254,F11MO
40,Molenlei 59,2021-07-11,11:00:00,396,222,174,F11MO
40,Molenlei 59,2021-07-11,12:00:00,298,142,156,F11MO
40,Molenlei 59,2021-07-11,13:00:00,398,202,196,F11MO
40,Molenlei 59,2021-07-11,14:00:00,388,194,194,F11MO
40,Molenlei 59,2021-07-11,15:00:00,370,182,188,F11MO
40,Molenlei 59,2021-07-11,16:00:00,274,156,118,F11MO
40,Molenlei 59,2021-07-11,17:00:00,240,136,104,F11MO
40,Molenlei 59,2021-07-11,18:00:00,204,88,116,F11MO
40,Molenlei 59,2021-07-11,19:00:00,158,70,88,F11MO
40,Molenlei 59,2021-07-11,20:00:00,82,48,34,F11MO
40,Molenlei 59,2021-07-11,21:00:00,64,38,26,F11MO
40,Molenlei 59,2021-07-11,22:00:00,26,14,12,F11MO
40,Molenlei 59,2021-07-11,23:00:00,18,8,10,F11MO
40,Molenlei 59,2021-07-12,00:00:00,36,16,20,F11MO
40,Molenlei 59,2021-07-12,01:00:00,6,2,4,F11MO
40,Molenlei 59,2021-07-12,02:00:00,8,6,2,F11MO
40,Molenlei 59,2021-07-12,03:00:00,4,4,0,F11MO
40,Molenlei 59,2021-07-12,04:00:00,8,0,8,F11MO
40,Molenlei 59,2021-07-12,05:00:00,16,10,6,F11MO
40,Molenlei 59,2021-07-12,06:00:00,74,40,34,F11MO
40,Molenlei 59,2021-07-12,07:00:00,156,88,68,F11MO
40,Molenlei 59,2021-07-12,08:00:00,210,142,68,F11MO
40,Molenlei 59,2021-07-12,09:00:00,138,74,64,F11MO
40,Molenlei 59,2021-07-12,10:00:00,176,72,104,F11MO
40,Molenlei 59,2021-07-12,11:00:00,174,98,76,F11MO
40,Molenlei 59,2021-07-12,12:00:00,142,68,74,F11MO
40,Molenlei 59,2021-07-12,13:00:00,184,102,82,F11MO
40,Molenlei 59,2021-07-12,14:00:00,98,52,46,F11MO
40,Molenlei 59,2021-07-12,15:00:00,194,98,96,F11MO
40,Molenlei 59,2021-07-12,16:00:00,196,92,104,F11MO
40,Molenlei 59,2021-07-12,17:00:00,260,92,168,F11MO
40,Molenlei 59,2021-07-12,18:00:00,190,64,126,F11MO
40,Molenlei 59,2021-07-12,19:00:00,108,46,62,F11MO
40,Molenlei 59,2021-07-12,20:00:00,96,42,54,F11MO
40,Molenlei 59,2021-07-12,21:00:00,120,76,44,F11MO
40,Molenlei 59,2021-07-12,22:00:00,56,26,30,F11MO
40,Molenlei 59,2021-07-12,23:00:00,20,6,14,F11MO
40,Molenlei 59,2021-07-13,00:00:00,10,2,8,F11MO
40,Molenlei 59,2021-07-13,01:00:00,4,2,2,F11MO
40,Molenlei 59,2021-07-13,02:00:00,4,4,0,F11MO
40,Molenlei 59,2021-07-13,03:00:00,0,0,0,F11MO
40,Molenlei 59,2021-07-13,04:00:00,2,2,0,F11MO
40,Molenlei 59,2021-07-13,05:00:00,32,18,14,F11MO
40,Molenlei 59,2021-07-13,06:00:00,76,44,32,F11MO
40,Molenlei 59,2021-07-13,07:00:00,138,76,62,F11MO
40,Molenlei 59,2021-07-13,08:00:00,146,78,68,F11MO
40,Molenlei 59,2021-07-13,09:00:00,92,46,46,F11MO
40,Molenlei 59,2021-07-13,10:00:00,78,40,38,F11MO
40,Molenlei 59,2021-07-13,11:00:00,92,50,42,F11MO
40,Molenlei 59,2021-07-13,12:00:00,82,50,32,F11MO
40,Molenlei 59,2021-07-13,13:00:00,80,32,48,F11MO
40,Molenlei 59,2021-07-13,14:00:00,38,12,26,F11MO
40,Molenlei 59,2021-07-13,15:00:00,94,54,40,F11MO
40,Molenlei 59,2021-07-13,16:00:00,106,36,70,F11MO
40,Molenlei 59,2021-07-13,17:00:00,182,72,110,F11MO
40,Molenlei 59,2021-07-13,18:00:00,110,36,74,F11MO
40,Molenlei 59,2021-07-13,19:00:00,84,40,44,F11MO
40,Molenlei 59,2021-07-13,20:00:00,90,60,30,F11MO
40,Molenlei 59,2021-07-13,21:00:00,52,18,34,F11MO
40,Molenlei 59,2021-07-13,22:00:00,46,10,36,F11MO
40,Molenlei 59,2021-07-13,23:00:00,14,8,6,F11MO
40,Molenlei 59,2021-07-14,00:00:00,6,0,6,F11MO
40,Molenlei 59,2021-07-14,01:00:00,2,2,0,F11MO
40,Molenlei 59,2021-07-14,02:00:00,4,2,2,F11MO
40,Molenlei 59,2021-07-14,03:00:00,0,0,0,F11MO
40,Molenlei 59,2021-07-14,04:00:00,6,4,2,F11MO
40,Molenlei 59,2021-07-14,05:00:00,28,12,16,F11MO
40,Molenlei 59,2021-07-14,06:00:00,48,22,26,F11MO
40,Molenlei 59,2021-07-14,07:00:00,112,56,56,F11MO
40,Molenlei 59,2021-07-14,08:00:00,130,78,52,F11MO
40,Molenlei 59,2021-07-14,09:00:00,82,52,30,F11MO
40,Molenlei 59,2021-07-14,10:00:00,112,46,66,F11MO
40,Molenlei 59,2021-07-14,11:00:00,116,50,66,F11MO
40,Molenlei 59,2021-07-14,12:00:00,74,40,34,F11MO
40,Molenlei 59,2021-07-14,13:00:00,106,44,62,F11MO
40,Molenlei 59,2021-07-14,14:00:00,128,54,74,F11MO
40,Molenlei 59,2021-07-14,15:00:00,106,40,66,F11MO
40,Molenlei 59,2021-07-14,16:00:00,170,76,94,F11MO
40,Molenlei 59,2021-07-14,17:00:00,176,70,106,F11MO
40,Molenlei 59,2021-07-14,18:00:00,132,64,68,F11MO
40,Molenlei 59,2021-07-14,19:00:00,106,54,52,F11MO
40,Molenlei 59,2021-07-14,20:00:00,82,28,54,F11MO
40,Molenlei 59,2021-07-14,21:00:00,40,26,14,F11MO
40,Molenlei 59,2021-07-14,22:00:00,30,0,30,F11MO
40,Molenlei 59,2021-07-14,23:00:00,14,12,2,F11MO
40,Molenlei 59,2021-07-15,00:00:00,8,2,6,F11MO
40,Molenlei 59,2021-07-15,01:00:00,2,2,0,F11MO
40,Molenlei 59,2021-07-15,02:00:00,10,4,6,F11MO
40,Molenlei 59,2021-07-15,03:00:00,2,0,2,F11MO
40,Molenlei 59,2021-07-15,04:00:00,0,0,0,F11MO
40,Molenlei 59,2021-07-15,05:00:00,24,14,10,F11MO
40,Molenlei 59,2021-07-15,06:00:00,64,32,32,F11MO
40,Molenlei 59,2021-07-15,07:00:00,100,46,54,F11MO
40,Molenlei 59,2021-07-15,08:00:00,96,36,60,F11MO
40,Molenlei 59,2021-07-15,09:00:00,34,18,16,F11MO
40,Molenlei 59,2021-07-15,10:00:00,18,8,10,F11MO
40,Molenlei 59,2021-07-15,11:00:00,36,14,22,F11MO
40,Molenlei 59,2021-07-15,12:00:00,40,26,14,F11MO
40,Molenlei 59,2021-07-15,13:00:00,42,26,16,F11MO
40,Molenlei 59,2021-07-15,14:00:00,54,24,30,F11MO
40,Molenlei 59,2021-07-15,15:00:00,72,40,32,F11MO
40,Molenlei 59,2021-07-15,16:00:00,76,32,44,F11MO
40,Molenlei 59,2021-07-15,17:00:00,62,40,22,F11MO
40,Molenlei 59,2021-07-15,18:00:00,76,30,46,F11MO
40,Molenlei 59,2021-07-15,19:00:00,36,18,18,F11MO
40,Molenlei 59,2021-07-15,20:00:00,42,32,10,F11MO
40,Molenlei 59,2021-07-15,21:00:00,16,12,4,F11MO
40,Molenlei 59,2021-07-15,22:00:00,22,2,20,F11MO
40,Molenlei 59,2021-07-15,23:00:00,8,4,4,F11MO
40,Molenlei 59,2021-07-16,00:00:00,0,0,0,F11MO
40,Molenlei 59,2021-07-16,01:00:00,8,6,2,F11MO
40,Molenlei 59,2021-07-16,02:00:00,0,0,0,F11MO
40,Molenlei 59,2021-07-16,03:00:00,0,0,0,F11MO
40,Molenlei 59,2021-07-16,04:00:00,4,4,0,F11MO
40,Molenlei 59,2021-07-16,05:00:00,24,14,10,F11MO
40,Molenlei 59,2021-07-16,06:00:00,52,32,20,F11MO
40,Molenlei 59,2021-07-16,07:00:00,128,72,56,F11MO
40,Molenlei 59,2021-07-16,08:00:00,130,76,54,F11MO
40,Molenlei 59,2021-07-16,09:00:00,122,56,66,F11MO
40,Molenlei 59,2021-07-16,10:00:00,130,72,58,F11MO
40,Molenlei 59,2021-07-16,11:00:00,150,82,68,F11MO
40,Molenlei 59,2021-07-16,12:00:00,116,60,56,F11MO
40,Molenlei 59,2021-07-16,13:00:00,194,102,92,F11MO
40,Molenlei 59,2021-07-16,14:00:00,218,98,120,F11MO
40,Molenlei 59,2021-07-16,15:00:00,278,132,146,F11MO
40,Molenlei 59,2021-07-16,16:00:00,256,116,140,F11MO
40,Molenlei 59,2021-07-16,17:00:00,244,108,136,F11MO
40,Molenlei 59,2021-07-16,18:00:00,198,100,98,F11MO
40,Molenlei 59,2021-07-16,19:00:00,116,44,72,F11MO
40,Molenlei 59,2021-07-16,20:00:00,130,72,58,F11MO
40,Molenlei 59,2021-07-16,21:00:00,86,58,28,F11MO
40,Molenlei 59,2021-07-16,22:00:00,46,10,36,F11MO
40,Molenlei 59,2021-07-16,23:00:00,22,10,12,F11MO
40,Molenlei 59,2021-07-17,00:00:00,14,8,6,F11MO
40,Molenlei 59,2021-07-17,01:00:00,24,10,14,F11MO
40,Molenlei 59,2021-07-17,02:00:00,20,8,12,F11MO
40,Molenlei 59,2021-07-17,03:00:00,10,8,2,F11MO
40,Molenlei 59,2021-07-17,04:00:00,10,8,2,F11MO
40,Molenlei 59,2021-07-17,05:00:00,22,16,6,F11MO
40,Molenlei 59,2021-07-17,06:00:00,24,6,18,F11MO
40,Molenlei 59,2021-07-17,07:00:00,16,10,6,F11MO
40,Molenlei 59,2021-07-17,08:00:00,80,44,36,F11MO
40,Molenlei 59,2021-07-17,09:00:00,162,64,98,F11MO
40,Molenlei 59,2021-07-17,10:00:00,210,90,120,F11MO
40,Molenlei 59,2021-07-17,11:00:00,284,116,168,F11MO
40,Molenlei 59,2021-07-17,12:00:00,232,118,114,F11MO
40,Molenlei 59,2021-07-17,13:00:00,240,116,124,F11MO
40,Molenlei 59,2021-07-17,14:00:00,332,152,180,F11MO
40,Molenlei 59,2021-07-17,15:00:00,324,152,172,F11MO
40,Molenlei 59,2021-07-17,16:00:00,254,124,130,F11MO
40,Molenlei 59,2021-07-17,17:00:00,270,142,128,F11MO
40,Molenlei 59,2021-07-17,18:00:00,168,110,58,F11MO
40,Molenlei 59,2021-07-17,19:00:00,110,48,62,F11MO
40,Molenlei 59,2021-07-17,20:00:00,136,70,66,F11MO
40,Molenlei 59,2021-07-17,21:00:00,98,48,50,F11MO
40,Molenlei 59,2021-07-17,22:00:00,56,20,36,F11MO
40,Molenlei 59,2021-07-17,23:00:00,32,6,26,F11MO
40,Molenlei 59,2021-07-18,00:00:00,12,2,10,F11MO
40,Molenlei 59,2021-07-18,01:00:00,12,8,4,F11MO
40,Molenlei 59,2021-07-18,02:00:00,12,2,10,F11MO
40,Molenlei 59,2021-07-18,03:00:00,12,10,2,F11MO
40,Molenlei 59,2021-07-18,04:00:00,8,0,8,F11MO
40,Molenlei 59,2021-07-18,05:00:00,12,4,8,F11MO
40,Molenlei 59,2021-07-18,06:00:00,18,8,10,F11MO
40,Molenlei 59,2021-07-18,07:00:00,46,18,28,F11MO
40,Molenlei 59,2021-07-18,08:00:00,106,50,56,F11MO
40,Molenlei 59,2021-07-18,09:00:00,298,130,168,F11MO
40,Molenlei 59,2021-07-18,10:00:00,374,128,246,F11MO
40,Molenlei 59,2021-07-18,11:00:00,464,222,242,F11MO
40,Molenlei 59,2021-07-18,12:00:00,384,192,192,F11MO
40,Molenlei 59,2021-07-18,13:00:00,416,228,188,F11MO
40,Molenlei 59,2021-07-18,14:00:00,456,218,238,F11MO
40,Molenlei 59,2021-07-18,15:00:00,396,200,196,F11MO
40,Molenlei 59,2021-07-18,16:00:00,322,182,140,F11MO
40,Molenlei 59,2021-07-18,17:00:00,280,164,116,F11MO
40,Molenlei 59,2021-07-18,18:00:00,222,122,100,F11MO
40,Molenlei 59,2021-07-18,19:00:00,148,78,70,F11MO
40,Molenlei 59,2021-07-18,20:00:00,124,74,50,F11MO
40,Molenlei 59,2021-07-18,21:00:00,84,48,36,F11MO
40,Molenlei 59,2021-07-18,22:00:00,44,22,22,F11MO
40,Molenlei 59,2021-07-18,23:00:00,28,10,18,F11MO
40,Molenlei 59,2021-07-19,00:00:00,14,6,8,F11MO
40,Molenlei 59,2021-07-19,01:00:00,0,0,0,F11MO
40,Molenlei 59,2021-07-19,02:00:00,4,2,2,F11MO
40,Molenlei 59,2021-07-19,03:00:00,6,6,0,F11MO
40,Molenlei 59,2021-07-19,04:00:00,18,12,6,F11MO
40,Molenlei 59,2021-07-19,05:00:00,22,12,10,F11MO
40,Molenlei 59,2021-07-19,06:00:00,68,54,14,F11MO
40,Molenlei 59,2021-07-19,07:00:00,178,110,68,F11MO
40,Molenlei 59,2021-07-19,08:00:00,176,90,86,F11MO
40,Molenlei 59,2021-07-19,09:00:00,164,82,82,F11MO
40,Molenlei 59,2021-07-19,10:00:00,154,74,80,F11MO
40,Molenlei 59,2021-07-19,11:00:00,174,66,108,F11MO
40,Molenlei 59,2021-07-19,12:00:00,182,84,98,F11MO
40,Molenlei 59,2021-07-19,13:00:00,184,92,92,F11MO
40,Molenlei 59,2021-07-19,14:00:00,256,114,142,F11MO
40,Molenlei 59,2021-07-19,15:00:00,312,158,154,F11MO
40,Molenlei 59,2021-07-19,16:00:00,380,158,222,F11MO
40,Molenlei 59,2021-07-19,17:00:00,306,136,170,F11MO
40,Molenlei 59,2021-07-19,18:00:00,220,100,120,F11MO
40,Molenlei 59,2021-07-19,19:00:00,198,82,116,F11MO
40,Molenlei 59,2021-07-19,20:00:00,152,56,96,F11MO
40,Molenlei 59,2021-07-19,21:00:00,132,82,50,F11MO
40,Molenlei 59,2021-07-19,22:00:00,44,16,28,F11MO
40,Molenlei 59,2021-07-19,23:00:00,36,8,28,F11MO
40,Molenlei 59,2021-07-20,00:00:00,12,6,6,F11MO
40,Molenlei 59,2021-07-20,01:00:00,6,2,4,F11MO
40,Molenlei 59,2021-07-20,02:00:00,0,0,0,F11MO
40,Molenlei 59,2021-07-20,03:00:00,0,0,0,F11MO
40,Molenlei 59,2021-07-20,04:00:00,18,14,4,F11MO
40,Molenlei 59,2021-07-20,05:00:00,20,8,12,F11MO
40,Molenlei 59,2021-07-20,06:00:00,84,54,30,F11MO
40,Molenlei 59,2021-07-20,07:00:00,188,110,78,F11MO
40,Molenlei 59,2021-07-20,08:00:00,188,106,82,F11MO
40,Molenlei 59,2021-07-20,09:00:00,108,48,60,F11MO
40,Molenlei 59,2021-07-20,10:00:00,164,72,92,F11MO
40,Molenlei 59,2021-07-20,11:00:00,182,90,92,F11MO
40,Molenlei 59,2021-07-20,12:00:00,150,74,76,F11MO
40,Molenlei 59,2021-07-20,13:00:00,206,102,104,F11MO
40,Molenlei 59,2021-07-20,14:00:00,246,120,126,F11MO
40,Molenlei 59,2021-07-20,15:00:00,292,140,152,F11MO
40,Molenlei 59,2021-07-20,16:00:00,332,164,168,F11MO
40,Molenlei 59,2021-07-20,17:00:00,332,158,174,F11MO
40,Molenlei 59,2021-07-20,18:00:00,256,114,142,F11MO
40,Molenlei 59,2021-07-20,19:00:00,158,74,84,F11MO
40,Molenlei 59,2021-07-20,20:00:00,186,118,68,F11MO
40,Molenlei 59,2021-07-20,21:00:00,106,68,38,F11MO
40,Molenlei 59,2021-07-20,22:00:00,82,24,58,F11MO
40,Molenlei 59,2021-07-20,23:00:00,46,32,14,F11MO
40,Molenlei 59,2021-07-21,00:00:00,26,10,16,F11MO
40,Molenlei 59,2021-07-21,01:00:00,4,2,2,F11MO
40,Molenlei 59,2021-07-21,02:00:00,4,2,2,F11MO
40,Molenlei 59,2021-07-21,03:00:00,4,4,0,F11MO
40,Molenlei 59,2021-07-21,04:00:00,6,4,2,F11MO
40,Molenlei 59,2021-07-21,05:00:00,8,6,2,F11MO
40,Molenlei 59,2021-07-21,06:00:00,22,10,12,F11MO
40,Molenlei 59,2021-07-21,07:00:00,24,16,8,F11MO
40,Molenlei 59,2021-07-21,08:00:00,90,20,70,F11MO
40,Molenlei 59,2021-07-21,09:00:00,300,104,196,F11MO
40,Molenlei 59,2021-07-21,10:00:00,368,154,214,F11MO
40,Molenlei 59,2021-07-21,11:00:00,426,170,256,F11MO
40,Molenlei 59,2021-07-21,12:00:00,406,208,198,F11MO
40,Molenlei 59,2021-07-21,13:00:00,406,208,198,F11MO
40,Molenlei 59,2021-07-21,14:00:00,324,142,182,F11MO
40,Molenlei 59,2021-07-21,15:00:00,390,210,180,F11MO
40,Molenlei 59,2021-07-21,16:00:00,388,182,206,F11MO
40,Molenlei 59,2021-07-21,17:00:00,232,136,96,F11MO
40,Molenlei 59,2021-07-21,18:00:00,244,164,80,F11MO
40,Molenlei 59,2021-07-21,19:00:00,134,58,76,F11MO
40,Molenlei 59,2021-07-21,20:00:00,144,84,60,F11MO
40,Molenlei 59,2021-07-21,21:00:00,52,36,16,F11MO
40,Molenlei 59,2021-07-21,22:00:00,70,30,40,F11MO
40,Molenlei 59,2021-07-21,23:00:00,16,2,14,F11MO
40,Molenlei 59,2021-07-22,00:00:00,18,0,18,F11MO
40,Molenlei 59,2021-07-22,01:00:00,8,4,4,F11MO
40,Molenlei 59,2021-07-22,02:00:00,2,0,2,F11MO
40,Molenlei 59,2021-07-22,03:00:00,0,0,0,F11MO
40,Molenlei 59,2021-07-22,04:00:00,12,12,0,F11MO
40,Molenlei 59,2021-07-22,05:00:00,44,32,12,F11MO
40,Molenlei 59,2021-07-22,06:00:00,72,46,26,F11MO
40,Molenlei 59,2021-07-22,07:00:00,176,106,70,F11MO
40,Molenlei 59,2021-07-22,08:00:00,164,88,76,F11MO
40,Molenlei 59,2021-07-22,09:00:00,134,62,72,F11MO
40,Molenlei 59,2021-07-22,10:00:00,152,64,88,F11MO
40,Molenlei 59,2021-07-22,11:00:00,200,88,112,F11MO
40,Molenlei 59,2021-07-22,12:00:00,196,86,110,F11MO
40,Molenlei 59,2021-07-22,13:00:00,200,84,116,F11MO
40,Molenlei 59,2021-07-22,14:00:00,248,110,138,F11MO
40,Molenlei 59,2021-07-22,15:00:00,284,140,144,F11MO
40,Molenlei 59,2021-07-22,16:00:00,254,110,144,F11MO
40,Molenlei 59,2021-07-22,17:00:00,312,136,176,F11MO
40,Molenlei 59,2021-07-22,18:00:00,254,114,140,F11MO
40,Molenlei 59,2021-07-22,19:00:00,200,112,88,F11MO
40,Molenlei 59,2021-07-22,20:00:00,212,134,78,F11MO
40,Molenlei 59,2021-07-22,21:00:00,100,70,30,F11MO
40,Molenlei 59,2021-07-22,22:00:00,98,42,56,F11MO
40,Molenlei 59,2021-07-22,23:00:00,16,10,6,F11MO
40,Molenlei 59,2021-07-23,00:00:00,24,14,10,F11MO
40,Molenlei 59,2021-07-23,01:00:00,6,0,6,F11MO
40,Molenlei 59,2021-07-23,02:00:00,2,2,0,F11MO
40,Molenlei 59,2021-07-23,03:00:00,4,2,2,F11MO
40,Molenlei 59,2021-07-23,04:00:00,16,8,8,F11MO
40,Molenlei 59,2021-07-23,05:00:00,36,26,10,F11MO
40,Molenlei 59,2021-07-23,06:00:00,70,44,26,F11MO
40,Molenlei 59,2021-07-23,07:00:00,164,98,66,F11MO
40,Molenlei 59,2021-07-23,08:00:00,164,86,78,F11MO
40,Molenlei 59,2021-07-23,09:00:00,130,62,68,F11MO
40,Molenlei 59,2021-07-23,10:00:00,182,74,108,F11MO
40,Molenlei 59,2021-07-23,11:00:00,200,94,106,F11MO
40,Molenlei 59,2021-07-23,12:00:00,236,104,132,F11MO
40,Molenlei 59,2021-07-23,13:00:00,226,106,120,F11MO
40,Molenlei 59,2021-07-23,14:00:00,252,112,140,F11MO
40,Molenlei 59,2021-07-23,15:00:00,284,124,160,F11MO
40,Molenlei 59,2021-07-23,16:00:00,288,134,154,F11MO
40,Molenlei 59,2021-07-23,17:00:00,302,142,160,F11MO
40,Molenlei 59,2021-07-23,18:00:00,246,128,118,F11MO
40,Molenlei 59,2021-07-23,19:00:00,186,84,102,F11MO
40,Molenlei 59,2021-07-23,20:00:00,150,90,60,F11MO
40,Molenlei 59,2021-07-23,21:00:00,80,54,26,F11MO
40,Molenlei 59,2021-07-23,22:00:00,58,18,40,F11MO
40,Molenlei 59,2021-07-23,23:00:00,32,6,26,F11MO
40,Molenlei 59,2021-07-24,00:00:00,38,24,14,F11MO
40,Molenlei 59,2021-07-24,01:00:00,22,8,14,F11MO
40,Molenlei 59,2021-07-24,02:00:00,4,4,0,F11MO
40,Molenlei 59,2021-07-24,03:00:00,0,0,0,F11MO
40,Molenlei 59,2021-07-24,04:00:00,6,2,4,F11MO
40,Molenlei 59,2021-07-24,05:00:00,16,10,6,F11MO
40,Molenlei 59,2021-07-24,06:00:00,38,16,22,F11MO
40,Molenlei 59,2021-07-24,07:00:00,28,16,12,F11MO
40,Molenlei 59,2021-07-24,08:00:00,32,12,20,F11MO
40,Molenlei 59,2021-07-24,09:00:00,116,56,60,F11MO
40,Molenlei 59,2021-07-24,10:00:00,136,66,70,F11MO
40,Molenlei 59,2021-07-24,11:00:00,144,68,76,F11MO
40,Molenlei 59,2021-07-24,12:00:00,126,66,60,F11MO
40,Molenlei 59,2021-07-24,13:00:00,124,64,60,F11MO
40,Molenlei 59,2021-07-24,14:00:00,140,78,62,F11MO
40,Molenlei 59,2021-07-24,15:00:00,124,64,60,F11MO
40,Molenlei 59,2021-07-24,16:00:00,78,44,34,F11MO
40,Molenlei 59,2021-07-24,17:00:00,114,54,60,F11MO
40,Molenlei 59,2021-07-24,18:00:00,82,44,38,F11MO
40,Molenlei 59,2021-07-24,19:00:00,64,28,36,F11MO
40,Molenlei 59,2021-07-24,20:00:00,28,20,8,F11MO
40,Molenlei 59,2021-07-24,21:00:00,16,4,12,F11MO
40,Molenlei 59,2021-07-24,22:00:00,10,8,2,F11MO
40,Molenlei 59,2021-07-24,23:00:00,12,6,6,F11MO
40,Molenlei 59,2021-07-25,00:00:00,12,2,10,F11MO
40,Molenlei 59,2021-07-25,01:00:00,8,4,4,F11MO
40,Molenlei 59,2021-07-25,02:00:00,6,4,2,F11MO
40,Molenlei 59,2021-07-25,03:00:00,8,4,4,F11MO
40,Molenlei 59,2021-07-25,04:00:00,4,2,2,F11MO
40,Molenlei 59,2021-07-25,05:00:00,8,4,4,F11MO
40,Molenlei 59,2021-07-25,06:00:00,20,8,12,F11MO
40,Molenlei 59,2021-07-25,07:00:00,28,10,18,F11MO
40,Molenlei 59,2021-07-25,08:00:00,72,28,44,F11MO
40,Molenlei 59,2021-07-25,09:00:00,250,98,152,F11MO
40,Molenlei 59,2021-07-25,10:00:00,250,110,140,F11MO
40,Molenlei 59,2021-07-25,11:00:00,328,174,154,F11MO
40,Molenlei 59,2021-07-25,12:00:00,286,170,116,F11MO
40,Molenlei 59,2021-07-25,13:00:00,190,114,76,F11MO
40,Molenlei 59,2021-07-25,14:00:00,118,48,70,F11MO
40,Molenlei 59,2021-07-25,15:00:00,140,78,62,F11MO
40,Molenlei 59,2021-07-25,16:00:00,212,116,96,F11MO
40,Molenlei 59,2021-07-25,17:00:00,110,62,48,F11MO
40,Molenlei 59,2021-07-25,18:00:00,122,66,56,F11MO
40,Molenlei 59,2021-07-25,19:00:00,50,32,18,F11MO
40,Molenlei 59,2021-07-25,20:00:00,60,40,20,F11MO
40,Molenlei 59,2021-07-25,21:00:00,32,22,10,F11MO
40,Molenlei 59,2021-07-25,22:00:00,32,12,20,F11MO
40,Molenlei 59,2021-07-25,23:00:00,10,6,4,F11MO
40,Molenlei 59,2021-07-26,00:00:00,8,6,2,F11MO
40,Molenlei 59,2021-07-26,01:00:00,4,2,2,F11MO
40,Molenlei 59,2021-07-26,02:00:00,4,2,2,F11MO
40,Molenlei 59,2021-07-26,03:00:00,0,0,0,F11MO
40,Molenlei 59,2021-07-26,04:00:00,8,6,2,F11MO
40,Molenlei 59,2021-07-26,05:00:00,38,22,16,F11MO
40,Molenlei 59,2021-07-26,06:00:00,66,38,28,F11MO
40,Molenlei 59,2021-07-26,07:00:00,144,86,58,F11MO
40,Molenlei 59,2021-07-26,08:00:00,128,76,52,F11MO
40,Molenlei 59,2021-07-26,09:00:00,102,48,54,F11MO
40,Molenlei 59,2021-07-26,10:00:00,86,40,46,F11MO
40,Molenlei 59,2021-07-26,11:00:00,62,32,30,F11MO
40,Molenlei 59,2021-07-26,12:00:00,66,44,22,F11MO
40,Molenlei 59,2021-07-26,13:00:00,64,48,16,F11MO
40,Molenlei 59,2021-07-26,14:00:00,104,50,54,F11MO
40,Molenlei 59,2021-07-26,15:00:00,74,44,30,F11MO
40,Molenlei 59,2021-07-26,16:00:00,158,68,90,F11MO
40,Molenlei 59,2021-07-26,17:00:00,186,80,106,F11MO
40,Molenlei 59,2021-07-26,18:00:00,124,38,86,F11MO
40,Molenlei 59,2021-07-26,19:00:00,116,46,70,F11MO
40,Molenlei 59,2021-07-26,20:00:00,58,32,26,F11MO
40,Molenlei 59,2021-07-26,21:00:00,86,46,40,F11MO
40,Molenlei 59,2021-07-26,22:00:00,50,20,30,F11MO
40,Molenlei 59,2021-07-26,23:00:00,4,2,2,F11MO
40,Molenlei 59,2021-07-27,00:00:00,6,6,0,F11MO
40,Molenlei 59,2021-07-27,01:00:00,4,2,2,F11MO
40,Molenlei 59,2021-07-27,02:00:00,2,0,2,F11MO
40,Molenlei 59,2021-07-27,03:00:00,0,0,0,F11MO
40,Molenlei 59,2021-07-27,04:00:00,10,6,4,F11MO
40,Molenlei 59,2021-07-27,05:00:00,38,26,12,F11MO
40,Molenlei 59,2021-07-27,06:00:00,66,36,30,F11MO
40,Molenlei 59,2021-07-27,07:00:00,148,96,52,F11MO
40,Molenlei 59,2021-07-27,08:00:00,172,88,84,F11MO
40,Molenlei 59,2021-07-27,09:00:00,118,54,64,F11MO
40,Molenlei 59,2021-07-27,10:00:00,122,54,68,F11MO
40,Molenlei 59,2021-07-27,11:00:00,94,62,32,F11MO
40,Molenlei 59,2021-07-27,12:00:00,104,40,64,F11MO
40,Molenlei 59,2021-07-27,13:00:00,154,98,56,F11MO
40,Molenlei 59,2021-07-27,14:00:00,146,54,92,F11MO
40,Molenlei 59,2021-07-27,15:00:00,114,52,62,F11MO
40,Molenlei 59,2021-07-27,16:00:00,182,76,106,F11MO
40,Molenlei 59,2021-07-27,17:00:00,208,74,134,F11MO
40,Molenlei 59,2021-07-27,18:00:00,152,62,90,F11MO
40,Molenlei 59,2021-07-27,19:00:00,76,38,38,F11MO
40,Molenlei 59,2021-07-27,20:00:00,60,34,26,F11MO
40,Molenlei 59,2021-07-27,21:00:00,42,30,12,F11MO
40,Molenlei 59,2021-07-27,22:00:00,50,18,32,F11MO
40,Molenlei 59,2021-07-27,23:00:00,16,6,10,F11MO
40,Molenlei 59,2021-07-28,00:00:00,12,8,4,F11MO
40,Molenlei 59,2021-07-28,01:00:00,2,0,2,F11MO
40,Molenlei 59,2021-07-28,02:00:00,0,0,0,F11MO
40,Molenlei 59,2021-07-28,03:00:00,6,6,0,F11MO
40,Molenlei 59,2021-07-28,04:00:00,8,6,2,F11MO
40,Molenlei 59,2021-07-28,05:00:00,32,24,8,F11MO
40,Molenlei 59,2021-07-28,06:00:00,74,44,30,F11MO
40,Molenlei 59,2021-07-28,07:00:00,148,94,54,F11MO
40,Molenlei 59,2021-07-28,08:00:00,134,72,62,F11MO
40,Molenlei 59,2021-07-28,09:00:00,108,60,48,F11MO
40,Molenlei 59,2021-07-28,10:00:00,140,60,80,F11MO
40,Molenlei 59,2021-07-28,11:00:00,122,54,68,F11MO
40,Molenlei 59,2021-07-28,12:00:00,144,66,78,F11MO
40,Molenlei 59,2021-07-28,13:00:00,108,62,46,F11MO
40,Molenlei 59,2021-07-28,14:00:00,134,52,82,F11MO
40,Molenlei 59,2021-07-28,15:00:00,170,74,96,F11MO
40,Molenlei 59,2021-07-28,16:00:00,212,102,110,F11MO
40,Molenlei 59,2021-07-28,17:00:00,222,82,140,F11MO
40,Molenlei 59,2021-07-28,18:00:00,186,76,110,F11MO
40,Molenlei 59,2021-07-28,19:00:00,174,96,78,F11MO
40,Molenlei 59,2021-07-28,20:00:00,104,56,48,F11MO
40,Molenlei 59,2021-07-28,21:00:00,54,40,14,F11MO
40,Molenlei 59,2021-07-28,22:00:00,48,12,36,F11MO
40,Molenlei 59,2021-07-28,23:00:00,22,12,10,F11MO
40,Molenlei 59,2021-07-29,00:00:00,6,2,4,F11MO
40,Molenlei 59,2021-07-29,01:00:00,10,0,10,F11MO
40,Molenlei 59,2021-07-29,02:00:00,0,0,0,F11MO
40,Molenlei 59,2021-07-29,03:00:00,2,2,0,F11MO
40,Molenlei 59,2021-07-29,04:00:00,8,6,2,F11MO
40,Molenlei 59,2021-07-29,05:00:00,32,20,12,F11MO
40,Molenlei 59,2021-07-29,06:00:00,68,38,30,F11MO
40,Molenlei 59,2021-07-29,07:00:00,164,100,64,F11MO
40,Molenlei 59,2021-07-29,08:00:00,170,96,74,F11MO
40,Molenlei 59,2021-07-29,09:00:00,128,58,70,F11MO
40,Molenlei 59,2021-07-29,10:00:00,120,60,60,F11MO
40,Molenlei 59,2021-07-29,11:00:00,180,102,78,F11MO
40,Molenlei 59,2021-07-29,12:00:00,156,94,62,F11MO
40,Molenlei 59,2021-07-29,13:00:00,200,104,96,F11MO
40,Molenlei 59,2021-07-29,14:00:00,226,124,102,F11MO
40,Molenlei 59,2021-07-29,15:00:00,240,94,146,F11MO
40,Molenlei 59,2021-07-29,16:00:00,336,140,196,F11MO
40,Molenlei 59,2021-07-29,17:00:00,296,114,182,F11MO
40,Molenlei 59,2021-07-29,18:00:00,246,122,124,F11MO
40,Molenlei 59,2021-07-29,19:00:00,186,100,86,F11MO
40,Molenlei 59,2021-07-29,20:00:00,182,110,72,F11MO
40,Molenlei 59,2021-07-29,21:00:00,74,44,30,F11MO
40,Molenlei 59,2021-07-29,22:00:00,56,26,30,F11MO
40,Molenlei 59,2021-07-29,23:00:00,32,12,20,F11MO
40,Molenlei 59,2021-07-30,00:00:00,4,2,2,F11MO
40,Molenlei 59,2021-07-30,01:00:00,26,18,8,F11MO
40,Molenlei 59,2021-07-30,02:00:00,18,6,12,F11MO
40,Molenlei 59,2021-07-30,03:00:00,10,2,8,F11MO
40,Molenlei 59,2021-07-30,04:00:00,6,4,2,F11MO
40,Molenlei 59,2021-07-30,05:00:00,48,34,14,F11MO
40,Molenlei 59,2021-07-30,06:00:00,66,34,32,F11MO
40,Molenlei 59,2021-07-30,07:00:00,130,72,58,F11MO
40,Molenlei 59,2021-07-30,08:00:00,142,70,72,F11MO
40,Molenlei 59,2021-07-30,09:00:00,130,72,58,F11MO
40,Molenlei 59,2021-07-30,10:00:00,154,78,76,F11MO
40,Molenlei 59,2021-07-30,11:00:00,214,108,106,F11MO
40,Molenlei 59,2021-07-30,12:00:00,156,70,86,F11MO
40,Molenlei 59,2021-07-30,13:00:00,160,82,78,F11MO
40,Molenlei 59,2021-07-30,14:00:00,172,88,84,F11MO
40,Molenlei 59,2021-07-30,15:00:00,120,44,76,F11MO
40,Molenlei 59,2021-07-30,16:00:00,202,86,116,F11MO
40,Molenlei 59,2021-07-30,17:00:00,206,96,110,F11MO
40,Molenlei 59,2021-07-30,18:00:00,160,90,70,F11MO
40,Molenlei 59,2021-07-30,19:00:00,100,30,70,F11MO
40,Molenlei 59,2021-07-30,20:00:00,54,32,22,F11MO
40,Molenlei 59,2021-07-30,21:00:00,54,32,22,F11MO
40,Molenlei 59,2021-07-30,22:00:00,56,14,42,F11MO
40,Molenlei 59,2021-07-30,23:00:00,26,10,16,F11MO
40,Molenlei 59,2021-07-31,00:00:00,12,0,12,F11MO
40,Molenlei 59,2021-07-31,01:00:00,28,10,18,F11MO
40,Molenlei 59,2021-07-31,02:00:00,4,0,4,F11MO
40,Molenlei 59,2021-07-31,03:00:00,6,4,2,F11MO
40,Molenlei 59,2021-07-31,04:00:00,2,0,2,F11MO
40,Molenlei 59,2021-07-31,05:00:00,12,10,2,F11MO
40,Molenlei 59,2021-07-31,06:00:00,6,4,2,F11MO
40,Molenlei 59,2021-07-31,07:00:00,44,12,32,F11MO
40,Molenlei 59,2021-07-31,08:00:00,26,8,18,F11MO
40,Molenlei 59,2021-07-31,09:00:00,134,44,90,F11MO
40,Molenlei 59,2021-07-31,10:00:00,142,62,80,F11MO
40,Molenlei 59,2021-07-31,11:00:00,218,98,120,F11MO
40,Molenlei 59,2021-07-31,12:00:00,142,94,48,F11MO
40,Molenlei 59,2021-07-31,13:00:00,122,72,50,F11MO
40,Molenlei 59,2021-07-31,14:00:00,250,154,96,F11MO
40,Molenlei 59,2021-07-31,15:00:00,276,172,104,F11MO
40,Molenlei 59,2021-07-31,16:00:00,166,90,76,F11MO
40,Molenlei 59,2021-07-31,17:00:00,122,62,60,F11MO
40,Molenlei 59,2021-07-31,18:00:00,118,56,62,F11MO
40,Molenlei 59,2021-07-31,19:00:00,60,34,26,F11MO
40,Molenlei 59,2021-07-31,20:00:00,58,16,42,F11MO
40,Molenlei 59,2021-07-31,21:00:00,10,2,8,F11MO
40,Molenlei 59,2021-07-31,22:00:00,24,10,14,F11MO
40,Molenlei 59,2021-07-31,23:00:00,24,10,14,F11MO
40,Molenlei 59,2021-08-01,00:00:00,14,8,6,F11MO
40,Molenlei 59,2021-08-01,01:00:00,18,12,6,F11MO
40,Molenlei 59,2021-08-01,02:00:00,8,2,6,F11MO
40,Molenlei 59,2021-08-01,03:00:00,12,8,4,F11MO
40,Molenlei 59,2021-08-01,04:00:00,2,2,0,F11MO
40,Molenlei 59,2021-08-01,05:00:00,2,2,0,F11MO
40,Molenlei 59,2021-08-01,06:00:00,24,10,14,F11MO
40,Molenlei 59,2021-08-01,07:00:00,26,6,20,F11MO
40,Molenlei 59,2021-08-01,08:00:00,72,28,44,F11MO
40,Molenlei 59,2021-08-01,09:00:00,148,48,100,F11MO
40,Molenlei 59,2021-08-01,10:00:00,216,78,138,F11MO
40,Molenlei 59,2021-08-01,11:00:00,214,122,92,F11MO
40,Molenlei 59,2021-08-01,12:00:00,150,92,58,F11MO
40,Molenlei 59,2021-08-01,13:00:00,106,56,50,F11MO
40,Molenlei 59,2021-08-01,14:00:00,120,52,68,F11MO
40,Molenlei 59,2021-08-01,15:00:00,86,52,34,F11MO
40,Molenlei 59,2021-08-01,16:00:00,78,46,32,F11MO
40,Molenlei 59,2021-08-01,17:00:00,64,30,34,F11MO
40,Molenlei 59,2021-08-01,18:00:00,26,14,12,F11MO
40,Molenlei 59,2021-08-01,19:00:00,56,36,20,F11MO
40,Molenlei 59,2021-08-01,20:00:00,62,26,36,F11MO
40,Molenlei 59,2021-08-01,21:00:00,54,40,14,F11MO
40,Molenlei 59,2021-08-01,22:00:00,14,4,10,F11MO
40,Molenlei 59,2021-08-01,23:00:00,12,10,2,F11MO
40,Molenlei 59,2021-08-02,00:00:00,8,2,6,F11MO
40,Molenlei 59,2021-08-02,01:00:00,18,2,16,F11MO
40,Molenlei 59,2021-08-02,02:00:00,0,0,0,F11MO
40,Molenlei 59,2021-08-02,03:00:00,4,4,0,F11MO
40,Molenlei 59,2021-08-02,04:00:00,6,4,2,F11MO
40,Molenlei 59,2021-08-02,05:00:00,34,24,10,F11MO
40,Molenlei 59,2021-08-02,06:00:00,48,34,14,F11MO
40,Molenlei 59,2021-08-02,07:00:00,134,70,64,F11MO
40,Molenlei 59,2021-08-02,08:00:00,188,106,82,F11MO
40,Molenlei 59,2021-08-02,09:00:00,100,62,38,F11MO
40,Molenlei 59,2021-08-02,10:00:00,158,86,72,F11MO
40,Molenlei 59,2021-08-02,11:00:00,124,46,78,F11MO
40,Molenlei 59,2021-08-02,12:00:00,152,78,74,F11MO
40,Molenlei 59,2021-08-02,13:00:00,126,54,72,F11MO
40,Molenlei 59,2021-08-02,14:00:00,196,90,106,F11MO
40,Molenlei 59,2021-08-02,15:00:00,238,114,124,F11MO
40,Molenlei 59,2021-08-02,16:00:00,248,102,146,F11MO
40,Molenlei 59,2021-08-02,17:00:00,294,150,144,F11MO
40,Molenlei 59,2021-08-02,18:00:00,170,60,110,F11MO
40,Molenlei 59,2021-08-02,19:00:00,202,96,106,F11MO
40,Molenlei 59,2021-08-02,20:00:00,174,90,84,F11MO
40,Molenlei 59,2021-08-02,21:00:00,118,78,40,F11MO
40,Molenlei 59,2021-08-02,22:00:00,78,20,58,F11MO
40,Molenlei 59,2021-08-02,23:00:00,24,6,18,F11MO
40,Molenlei 59,2021-08-03,00:00:00,12,2,10,F11MO
40,Molenlei 59,2021-08-03,01:00:00,10,10,0,F11MO
40,Molenlei 59,2021-08-03,02:00:00,4,0,4,F11MO
40,Molenlei 59,2021-08-03,03:00:00,2,0,2,F11MO
40,Molenlei 59,2021-08-03,04:00:00,2,2,0,F11MO
40,Molenlei 59,2021-08-03,05:00:00,30,22,8,F11MO
40,Molenlei 59,2021-08-03,06:00:00,72,42,30,F11MO
40,Molenlei 59,2021-08-03,07:00:00,162,92,70,F11MO
40,Molenlei 59,2021-08-03,08:00:00,158,96,62,F11MO
40,Molenlei 59,2021-08-03,09:00:00,98,46,52,F11MO
40,Molenlei 59,2021-08-03,10:00:00,130,54,76,F11MO
40,Molenlei 59,2021-08-03,11:00:00,116,48,68,F11MO
40,Molenlei 59,2021-08-03,12:00:00,178,84,94,F11MO
40,Molenlei 59,2021-08-03,13:00:00,212,100,112,F11MO
40,Molenlei 59,2021-08-03,14:00:00,206,96,110,F11MO
40,Molenlei 59,2021-08-03,15:00:00,244,120,124,F11MO
40,Molenlei 59,2021-08-03,16:00:00,324,152,172,F11MO
40,Molenlei 59,2021-08-03,17:00:00,260,96,164,F11MO
40,Molenlei 59,2021-08-03,18:00:00,216,108,108,F11MO
40,Molenlei 59,2021-08-03,19:00:00,166,86,80,F11MO
40,Molenlei 59,2021-08-03,20:00:00,156,98,58,F11MO
40,Molenlei 59,2021-08-03,21:00:00,120,70,50,F11MO
40,Molenlei 59,2021-08-03,22:00:00,78,24,54,F11MO
40,Molenlei 59,2021-08-03,23:00:00,20,14,6,F11MO
40,Molenlei 59,2021-08-04,00:00:00,12,2,10,F11MO
40,Molenlei 59,2021-08-04,01:00:00,16,8,8,F11MO
40,Molenlei 59,2021-08-04,02:00:00,2,0,2,F11MO
40,Molenlei 59,2021-08-04,03:00:00,2,0,2,F11MO
40,Molenlei 59,2021-08-04,04:00:00,8,8,0,F11MO
40,Molenlei 59,2021-08-04,05:00:00,32,24,8,F11MO
40,Molenlei 59,2021-08-04,06:00:00,82,56,26,F11MO
40,Molenlei 59,2021-08-04,07:00:00,148,88,60,F11MO
40,Molenlei 59,2021-08-04,08:00:00,158,94,64,F11MO
40,Molenlei 59,2021-08-04,09:00:00,192,108,84,F11MO
40,Molenlei 59,2021-08-04,10:00:00,198,90,108,F11MO
40,Molenlei 59,2021-08-04,11:00:00,182,94,88,F11MO
40,Molenlei 59,2021-08-04,12:00:00,258,116,142,F11MO
40,Molenlei 59,2021-08-04,13:00:00,200,100,100,F11MO
40,Molenlei 59,2021-08-04,14:00:00,248,106,142,F11MO
40,Molenlei 59,2021-08-04,15:00:00,162,72,90,F11MO
40,Molenlei 59,2021-08-04,16:00:00,188,84,104,F11MO
40,Molenlei 59,2021-08-04,17:00:00,238,72,166,F11MO
40,Molenlei 59,2021-08-04,18:00:00,214,90,124,F11MO
40,Molenlei 59,2021-08-04,19:00:00,198,76,122,F11MO
40,Molenlei 59,2021-08-04,20:00:00,154,92,62,F11MO
40,Molenlei 59,2021-08-04,21:00:00,108,64,44,F11MO
40,Molenlei 59,2021-08-04,22:00:00,46,18,28,F11MO
40,Molenlei 59,2021-08-04,23:00:00,32,24,8,F11MO
40,Molenlei 59,2021-08-05,00:00:00,10,2,8,F11MO
40,Molenlei 59,2021-08-05,01:00:00,12,0,12,F11MO
40,Molenlei 59,2021-08-05,02:00:00,8,2,6,F11MO
40,Molenlei 59,2021-08-05,03:00:00,2,2,0,F11MO
40,Molenlei 59,2021-08-05,04:00:00,14,8,6,F11MO
40,Molenlei 59,2021-08-05,05:00:00,38,32,6,F11MO
40,Molenlei 59,2021-08-05,06:00:00,96,66,30,F11MO
40,Molenlei 59,2021-08-05,07:00:00,154,82,72,F11MO
40,Molenlei 59,2021-08-05,08:00:00,198,124,74,F11MO
40,Molenlei 59,2021-08-05,09:00:00,106,48,58,F11MO
40,Molenlei 59,2021-08-05,10:00:00,172,76,96,F11MO
40,Molenlei 59,2021-08-05,11:00:00,178,88,90,F11MO
40,Molenlei 59,2021-08-05,12:00:00,198,116,82,F11MO
40,Molenlei 59,2021-08-05,13:00:00,154,94,60,F11MO
40,Molenlei 59,2021-08-05,14:00:00,182,92,90,F11MO
40,Molenlei 59,2021-08-05,15:00:00,274,142,132,F11MO
40,Molenlei 59,2021-08-05,16:00:00,322,140,182,F11MO
40,Molenlei 59,2021-08-05,17:00:00,288,124,164,F11MO
40,Molenlei 59,2021-08-05,18:00:00,292,112,180,F11MO
40,Molenlei 59,2021-08-05,19:00:00,242,112,130,F11MO
40,Molenlei 59,2021-08-05,20:00:00,238,166,72,F11MO
40,Molenlei 59,2021-08-05,21:00:00,100,66,34,F11MO
40,Molenlei 59,2021-08-05,22:00:00,52,30,22,F11MO
40,Molenlei 59,2021-08-05,23:00:00,38,22,16,F11MO
40,Molenlei 59,2021-08-06,00:00:00,20,14,6,F11MO
40,Molenlei 59,2021-08-06,01:00:00,10,8,2,F11MO
40,Molenlei 59,2021-08-06,02:00:00,0,0,0,F11MO
40,Molenlei 59,2021-08-06,03:00:00,2,2,0,F11MO
40,Molenlei 59,2021-08-06,04:00:00,8,8,0,F11MO
40,Molenlei 59,2021-08-06,05:00:00,20,16,4,F11MO
40,Molenlei 59,2021-08-06,06:00:00,52,30,22,F11MO
40,Molenlei 59,2021-08-06,07:00:00,126,70,56,F11MO
40,Molenlei 59,2021-08-06,08:00:00,150,86,64,F11MO
40,Molenlei 59,2021-08-06,09:00:00,130,72,58,F11MO
40,Molenlei 59,2021-08-06,10:00:00,110,48,62,F11MO
40,Molenlei 59,2021-08-06,11:00:00,104,60,44,F11MO
40,Molenlei 59,2021-08-06,12:00:00,98,54,44,F11MO
40,Molenlei 59,2021-08-06,13:00:00,110,54,56,F11MO
40,Molenlei 59,2021-08-06,14:00:00,96,46,50,F11MO
40,Molenlei 59,2021-08-06,15:00:00,80,20,60,F11MO
40,Molenlei 59,2021-08-06,16:00:00,198,90,108,F11MO
40,Molenlei 59,2021-08-06,17:00:00,196,70,126,F11MO
40,Molenlei 59,2021-08-06,18:00:00,202,112,90,F11MO
40,Molenlei 59,2021-08-06,19:00:00,162,66,96,F11MO
40,Molenlei 59,2021-08-06,20:00:00,100,42,58,F11MO
40,Molenlei 59,2021-08-06,21:00:00,64,42,22,F11MO
40,Molenlei 59,2021-08-06,22:00:00,34,10,24,F11MO
40,Molenlei 59,2021-08-06,23:00:00,14,8,6,F11MO
40,Molenlei 59,2021-08-07,00:00:00,24,10,14,F11MO
40,Molenlei 59,2021-08-07,01:00:00,22,12,10,F11MO
40,Molenlei 59,2021-08-07,02:00:00,4,2,2,F11MO
40,Molenlei 59,2021-08-07,03:00:00,6,6,0,F11MO
40,Molenlei 59,2021-08-07,04:00:00,10,10,0,F11MO
40,Molenlei 59,2021-08-07,05:00:00,16,4,12,F11MO
40,Molenlei 59,2021-08-07,06:00:00,18,8,10,F11MO
40,Molenlei 59,2021-08-07,07:00:00,16,2,14,F11MO
40,Molenlei 59,2021-08-07,08:00:00,72,40,32,F11MO
40,Molenlei 59,2021-08-07,09:00:00,136,56,80,F11MO
40,Molenlei 59,2021-08-07,10:00:00,210,84,126,F11MO
40,Molenlei 59,2021-08-07,11:00:00,232,116,116,F11MO
40,Molenlei 59,2021-08-07,12:00:00,214,120,94,F11MO
40,Molenlei 59,2021-08-07,13:00:00,172,96,76,F11MO
40,Molenlei 59,2021-08-07,14:00:00,178,88,90,F11MO
40,Molenlei 59,2021-08-07,15:00:00,224,134,90,F11MO
40,Molenlei 59,2021-08-07,16:00:00,92,54,38,F11MO
40,Molenlei 59,2021-08-07,17:00:00,96,30,66,F11MO
40,Molenlei 59,2021-08-07,18:00:00,40,24,16,F11MO
40,Molenlei 59,2021-08-07,19:00:00,48,22,26,F11MO
40,Molenlei 59,2021-08-07,20:00:00,32,16,16,F11MO
40,Molenlei 59,2021-08-07,21:00:00,46,30,16,F11MO
40,Molenlei 59,2021-08-07,22:00:00,28,10,18,F11MO
40,Molenlei 59,2021-08-07,23:00:00,16,6,10,F11MO
40,Molenlei 59,2021-08-08,00:00:00,6,2,4,F11MO
40,Molenlei 59,2021-08-08,01:00:00,20,12,8,F11MO
40,Molenlei 59,2021-08-08,02:00:00,8,6,2,F11MO
40,Molenlei 59,2021-08-08,03:00:00,0,0,0,F11MO
40,Molenlei 59,2021-08-08,04:00:00,4,2,2,F11MO
40,Molenlei 59,2021-08-08,05:00:00,2,2,0,F11MO
40,Molenlei 59,2021-08-08,06:00:00,24,14,10,F11MO
40,Molenlei 59,2021-08-08,07:00:00,30,10,20,F11MO
40,Molenlei 59,2021-08-08,08:00:00,76,38,38,F11MO
40,Molenlei 59,2021-08-08,09:00:00,194,48,146,F11MO
40,Molenlei 59,2021-08-08,10:00:00,224,96,128,F11MO
40,Molenlei 59,2021-08-08,11:00:00,218,130,88,F11MO
40,Molenlei 59,2021-08-08,12:00:00,190,134,56,F11MO
40,Molenlei 59,2021-08-08,13:00:00,176,110,66,F11MO
40,Molenlei 59,2021-08-08,14:00:00,96,54,42,F11MO
40,Molenlei 59,2021-08-08,15:00:00,98,46,52,F11MO
40,Molenlei 59,2021-08-08,16:00:00,166,96,70,F11MO
40,Molenlei 59,2021-08-08,17:00:00,124,48,76,F11MO
40,Molenlei 59,2021-08-08,18:00:00,118,66,52,F11MO
40,Molenlei 59,2021-08-08,19:00:00,60,38,22,F11MO
40,Molenlei 59,2021-08-08,20:00:00,48,36,12,F11MO
40,Molenlei 59,2021-08-08,21:00:00,44,22,22,F11MO
40,Molenlei 59,2021-08-08,22:00:00,26,14,12,F11MO
40,Molenlei 59,2021-08-08,23:00:00,14,6,8,F11MO
40,Molenlei 59,2021-08-09,00:00:00,12,4,8,F11MO
40,Molenlei 59,2021-08-09,01:00:00,0,0,0,F11MO
40,Molenlei 59,2021-08-09,02:00:00,0,0,0,F11MO
40,Molenlei 59,2021-08-09,03:00:00,4,2,2,F11MO
40,Molenlei 59,2021-08-09,04:00:00,10,6,4,F11MO
40,Molenlei 59,2021-08-09,05:00:00,34,24,10,F11MO
40,Molenlei 59,2021-08-09,06:00:00,92,68,24,F11MO
40,Molenlei 59,2021-08-09,07:00:00,150,86,64,F11MO
40,Molenlei 59,2021-08-09,08:00:00,162,78,84,F11MO
40,Molenlei 59,2021-08-09,09:00:00,116,76,40,F11MO
40,Molenlei 59,2021-08-09,10:00:00,116,58,58,F11MO
40,Molenlei 59,2021-08-09,11:00:00,102,42,60,F11MO
40,Molenlei 59,2021-08-09,12:00:00,110,68,42,F11MO
40,Molenlei 59,2021-08-09,13:00:00,92,58,34,F11MO
40,Molenlei 59,2021-08-09,14:00:00,132,64,68,F11MO
40,Molenlei 59,2021-08-09,15:00:00,110,38,72,F11MO
40,Molenlei 59,2021-08-09,16:00:00,224,94,130,F11MO
40,Molenlei 59,2021-08-09,17:00:00,238,102,136,F11MO
40,Molenlei 59,2021-08-09,18:00:00,178,62,116,F11MO
40,Molenlei 59,2021-08-09,19:00:00,130,60,70,F11MO
40,Molenlei 59,2021-08-09,20:00:00,80,44,36,F11MO
40,Molenlei 59,2021-08-09,21:00:00,54,24,30,F11MO
40,Molenlei 59,2021-08-09,22:00:00,40,16,24,F11MO
40,Molenlei 59,2021-08-09,23:00:00,14,4,10,F11MO
40,Molenlei 59,2021-08-10,00:00:00,6,4,2,F11MO
40,Molenlei 59,2021-08-10,01:00:00,0,0,0,F11MO
40,Molenlei 59,2021-08-10,02:00:00,2,0,2,F11MO
40,Molenlei 59,2021-08-10,03:00:00,0,0,0,F11MO
40,Molenlei 59,2021-08-10,04:00:00,12,10,2,F11MO
40,Molenlei 59,2021-08-10,05:00:00,34,22,12,F11MO
40,Molenlei 59,2021-08-10,06:00:00,66,50,16,F11MO
40,Molenlei 59,2021-08-10,07:00:00,150,98,52,F11MO
40,Molenlei 59,2021-08-10,08:00:00,182,100,82,F11MO
40,Molenlei 59,2021-08-10,09:00:00,124,80,44,F11MO
40,Molenlei 59,2021-08-10,10:00:00,112,58,54,F11MO
40,Molenlei 59,2021-08-10,11:00:00,102,44,58,F11MO
40,Molenlei 59,2021-08-10,12:00:00,90,56,34,F11MO
40,Molenlei 59,2021-08-10,13:00:00,64,36,28,F11MO
40,Molenlei 59,2021-08-10,14:00:00,120,64,56,F11MO
40,Molenlei 59,2021-08-10,15:00:00,80,38,42,F11MO
40,Molenlei 59,2021-08-10,16:00:00,228,90,138,F11MO
40,Molenlei 59,2021-08-10,17:00:00,238,96,142,F11MO
40,Molenlei 59,2021-08-10,18:00:00,190,86,104,F11MO
40,Molenlei 59,2021-08-10,19:00:00,154,68,86,F11MO
40,Molenlei 59,2021-08-10,20:00:00,180,114,66,F11MO
40,Molenlei 59,2021-08-10,21:00:00,74,46,28,F11MO
40,Molenlei 59,2021-08-10,22:00:00,42,14,28,F11MO
40,Molenlei 59,2021-08-10,23:00:00,24,2,22,F11MO
40,Molenlei 59,2021-08-11,00:00:00,12,8,4,F11MO
40,Molenlei 59,2021-08-11,01:00:00,10,2,8,F11MO
40,Molenlei 59,2021-08-11,02:00:00,4,0,4,F11MO
40,Molenlei 59,2021-08-11,03:00:00,0,0,0,F11MO
40,Molenlei 59,2021-08-11,04:00:00,14,6,8,F11MO
40,Molenlei 59,2021-08-11,05:00:00,14,10,4,F11MO
40,Molenlei 59,2021-08-11,06:00:00,80,48,32,F11MO
40,Molenlei 59,2021-08-11,07:00:00,182,124,58,F11MO
40,Molenlei 59,2021-08-11,08:00:00,232,140,92,F11MO
40,Molenlei 59,2021-08-11,09:00:00,196,98,98,F11MO
40,Molenlei 59,2021-08-11,10:00:00,226,116,110,F11MO
40,Molenlei 59,2021-08-11,11:00:00,278,148,130,F11MO
40,Molenlei 59,2021-08-11,12:00:00,232,90,142,F11MO
40,Molenlei 59,2021-08-11,13:00:00,252,114,138,F11MO
40,Molenlei 59,2021-08-11,14:00:00,340,172,168,F11MO
40,Molenlei 59,2021-08-11,15:00:00,322,172,150,F11MO
40,Molenlei 59,2021-08-11,16:00:00,392,196,196,F11MO
40,Molenlei 59,2021-08-11,17:00:00,394,132,262,F11MO
40,Molenlei 59,2021-08-11,18:00:00,276,144,132,F11MO
40,Molenlei 59,2021-08-11,19:00:00,298,156,142,F11MO
40,Molenlei 59,2021-08-11,20:00:00,198,122,76,F11MO
40,Molenlei 59,2021-08-11,21:00:00,118,84,34,F11MO
40,Molenlei 59,2021-08-11,22:00:00,54,20,34,F11MO
40,Molenlei 59,2021-08-11,23:00:00,32,22,10,F11MO
40,Molenlei 59,2021-08-12,00:00:00,18,10,8,F11MO
40,Molenlei 59,2021-08-12,01:00:00,12,4,8,F11MO
40,Molenlei 59,2021-08-12,02:00:00,6,0,6,F11MO
40,Molenlei 59,2021-08-12,03:00:00,0,0,0,F11MO
40,Molenlei 59,2021-08-12,04:00:00,8,6,2,F11MO
40,Molenlei 59,2021-08-12,05:00:00,26,18,8,F11MO
40,Molenlei 59,2021-08-12,06:00:00,72,50,22,F11MO
40,Molenlei 59,2021-08-12,07:00:00,166,92,74,F11MO
40,Molenlei 59,2021-08-12,08:00:00,254,152,102,F11MO
40,Molenlei 59,2021-08-12,09:00:00,154,56,98,F11MO
40,Molenlei 59,2021-08-12,10:00:00,168,88,80,F11MO
40,Molenlei 59,2021-08-12,11:00:00,274,124,150,F11MO
40,Molenlei 59,2021-08-12,12:00:00,212,114,98,F11MO
40,Molenlei 59,2021-08-12,13:00:00,192,88,104,F11MO
40,Molenlei 59,2021-08-12,14:00:00,282,144,138,F11MO
40,Molenlei 59,2021-08-12,15:00:00,282,144,138,F11MO
40,Molenlei 59,2021-08-12,16:00:00,348,166,182,F11MO
40,Molenlei 59,2021-08-12,17:00:00,370,170,200,F11MO
40,Molenlei 59,2021-08-12,18:00:00,278,128,150,F11MO
40,Molenlei 59,2021-08-12,19:00:00,192,98,94,F11MO
40,Molenlei 59,2021-08-12,20:00:00,184,108,76,F11MO
40,Molenlei 59,2021-08-12,21:00:00,120,82,38,F11MO
40,Molenlei 59,2021-08-12,22:00:00,68,28,40,F11MO
40,Molenlei 59,2021-08-12,23:00:00,42,12,30,F11MO
40,Molenlei 59,2021-08-13,00:00:00,22,14,8,F11MO
40,Molenlei 59,2021-08-13,01:00:00,34,20,14,F11MO
40,Molenlei 59,2021-08-13,02:00:00,10,6,4,F11MO
40,Molenlei 59,2021-08-13,03:00:00,10,8,2,F11MO
40,Molenlei 59,2021-08-13,04:00:00,10,10,0,F11MO
40,Molenlei 59,2021-08-13,05:00:00,18,12,6,F11MO
40,Molenlei 59,2021-08-13,06:00:00,76,54,22,F11MO
40,Molenlei 59,2021-08-13,07:00:00,156,88,68,F11MO
40,Molenlei 59,2021-08-13,08:00:00,184,98,86,F11MO
40,Molenlei 59,2021-08-13,09:00:00,128,82,46,F11MO
40,Molenlei 59,2021-08-13,10:00:00,232,104,128,F11MO
40,Molenlei 59,2021-08-13,11:00:00,170,94,76,F11MO
40,Molenlei 59,2021-08-13,12:00:00,250,126,124,F11MO
40,Molenlei 59,2021-08-13,13:00:00,220,118,102,F11MO
40,Molenlei 59,2021-08-13,14:00:00,328,148,180,F11MO
40,Molenlei 59,2021-08-13,15:00:00,342,154,188,F11MO
40,Molenlei 59,2021-08-13,16:00:00,320,154,166,F11MO
40,Molenlei 59,2021-08-13,17:00:00,298,128,170,F11MO
40,Molenlei 59,2021-08-13,18:00:00,254,128,126,F11MO
40,Molenlei 59,2021-08-13,19:00:00,178,104,74,F11MO
40,Molenlei 59,2021-08-13,20:00:00,100,68,32,F11MO
40,Molenlei 59,2021-08-13,21:00:00,60,40,20,F11MO
40,Molenlei 59,2021-08-13,22:00:00,46,10,36,F11MO
40,Molenlei 59,2021-08-13,23:00:00,24,10,14,F11MO
40,Molenlei 59,2021-08-14,00:00:00,18,8,10,F11MO
40,Molenlei 59,2021-08-14,01:00:00,32,2,30,F11MO
40,Molenlei 59,2021-08-14,02:00:00,14,6,8,F11MO
40,Molenlei 59,2021-08-14,03:00:00,4,2,2,F11MO
40,Molenlei 59,2021-08-14,04:00:00,4,0,4,F11MO
40,Molenlei 59,2021-08-14,05:00:00,8,8,0,F11MO
40,Molenlei 59,2021-08-14,06:00:00,34,12,22,F11MO
40,Molenlei 59,2021-08-14,07:00:00,30,16,14,F11MO
40,Molenlei 59,2021-08-14,08:00:00,102,50,52,F11MO
40,Molenlei 59,2021-08-14,09:00:00,122,56,66,F11MO
40,Molenlei 59,2021-08-14,10:00:00,172,62,110,F11MO
40,Molenlei 59,2021-08-14,11:00:00,222,112,110,F11MO
40,Molenlei 59,2021-08-14,12:00:00,198,114,84,F11MO
40,Molenlei 59,2021-08-14,13:00:00,246,122,124,F11MO
40,Molenlei 59,2021-08-14,14:00:00,342,166,176,F11MO
40,Molenlei 59,2021-08-14,15:00:00,298,150,148,F11MO
40,Molenlei 59,2021-08-14,16:00:00,318,156,162,F11MO
40,Molenlei 59,2021-08-14,17:00:00,220,112,108,F11MO
40,Molenlei 59,2021-08-14,18:00:00,190,116,74,F11MO
40,Molenlei 59,2021-08-14,19:00:00,106,44,62,F11MO
40,Molenlei 59,2021-08-14,20:00:00,104,56,48,F11MO
40,Molenlei 59,2021-08-14,21:00:00,62,34,28,F11MO
40,Molenlei 59,2021-08-14,22:00:00,72,28,44,F11MO
40,Molenlei 59,2021-08-14,23:00:00,40,22,18,F11MO
40,Molenlei 59,2021-08-15,00:00:00,36,16,20,F11MO
40,Molenlei 59,2021-08-15,01:00:00,16,4,12,F11MO
40,Molenlei 59,2021-08-15,02:00:00,18,8,10,F11MO
40,Molenlei 59,2021-08-15,03:00:00,12,4,8,F11MO
40,Molenlei 59,2021-08-15,04:00:00,10,8,2,F11MO
40,Molenlei 59,2021-08-15,05:00:00,6,4,2,F11MO
40,Molenlei 59,2021-08-15,06:00:00,18,8,10,F11MO
40,Molenlei 59,2021-08-15,07:00:00,24,2,22,F11MO
40,Molenlei 59,2021-08-15,08:00:00,140,64,76,F11MO
40,Molenlei 59,2021-08-15,09:00:00,236,92,144,F11MO
40,Molenlei 59,2021-08-15,10:00:00,262,122,140,F11MO
40,Molenlei 59,2021-08-15,11:00:00,292,168,124,F11MO
40,Molenlei 59,2021-08-15,12:00:00,274,148,126,F11MO
40,Molenlei 59,2021-08-15,13:00:00,266,114,152,F11MO
40,Molenlei 59,2021-08-15,14:00:00,460,236,224,F11MO
40,Molenlei 59,2021-08-15,15:00:00,388,204,184,F11MO
40,Molenlei 59,2021-08-15,16:00:00,320,176,144,F11MO
40,Molenlei 59,2021-08-15,17:00:00,270,144,126,F11MO
40,Molenlei 59,2021-08-15,18:00:00,224,108,116,F11MO
40,Molenlei 59,2021-08-15,19:00:00,162,86,76,F11MO
40,Molenlei 59,2021-08-15,20:00:00,142,86,56,F11MO
40,Molenlei 59,2021-08-15,21:00:00,90,58,32,F11MO
40,Molenlei 59,2021-08-15,22:00:00,60,22,38,F11MO
40,Molenlei 59,2021-08-15,23:00:00,20,4,16,F11MO
40,Molenlei 59,2021-08-16,00:00:00,28,4,24,F11MO
40,Molenlei 59,2021-08-16,01:00:00,18,6,12,F11MO
40,Molenlei 59,2021-08-16,02:00:00,14,4,10,F11MO
40,Molenlei 59,2021-08-16,03:00:00,0,0,0,F11MO
40,Molenlei 59,2021-08-16,04:00:00,10,6,4,F11MO
40,Molenlei 59,2021-08-16,05:00:00,22,14,8,F11MO
40,Molenlei 59,2021-08-16,06:00:00,44,24,20,F11MO
40,Molenlei 59,2021-08-16,07:00:00,130,74,56,F11MO
40,Molenlei 59,2021-08-16,08:00:00,150,82,68,F11MO
40,Molenlei 59,2021-08-16,09:00:00,36,18,18,F11MO
40,Molenlei 59,2021-08-16,10:00:00,58,36,22,F11MO
40,Molenlei 59,2021-08-16,11:00:00,88,42,46,F11MO
40,Molenlei 59,2021-08-16,12:00:00,90,54,36,F11MO
40,Molenlei 59,2021-08-16,13:00:00,104,52,52,F11MO
40,Molenlei 59,2021-08-16,14:00:00,102,50,52,F11MO
40,Molenlei 59,2021-08-16,15:00:00,84,40,44,F11MO
40,Molenlei 59,2021-08-16,16:00:00,130,56,74,F11MO
40,Molenlei 59,2021-08-16,17:00:00,128,48,80,F11MO
40,Molenlei 59,2021-08-16,18:00:00,98,40,58,F11MO
40,Molenlei 59,2021-08-16,19:00:00,124,62,62,F11MO
40,Molenlei 59,2021-08-16,20:00:00,106,52,54,F11MO
40,Molenlei 59,2021-08-16,21:00:00,52,26,26,F11MO
40,Molenlei 59,2021-08-16,22:00:00,48,20,28,F11MO
40,Molenlei 59,2021-08-16,23:00:00,10,6,4,F11MO
40,Molenlei 59,2021-08-17,00:00:00,20,10,10,F11MO
40,Molenlei 59,2021-08-17,01:00:00,2,2,0,F11MO
40,Molenlei 59,2021-08-17,02:00:00,6,0,6,F11MO
40,Molenlei 59,2021-08-17,03:00:00,2,2,0,F11MO
40,Molenlei 59,2021-08-17,04:00:00,20,14,6,F11MO
40,Molenlei 59,2021-08-17,05:00:00,22,14,8,F11MO
40,Molenlei 59,2021-08-17,06:00:00,66,46,20,F11MO
40,Molenlei 59,2021-08-17,07:00:00,140,100,40,F11MO
40,Molenlei 59,2021-08-17,08:00:00,226,116,110,F11MO
40,Molenlei 59,2021-08-17,09:00:00,110,58,52,F11MO
40,Molenlei 59,2021-08-17,10:00:00,114,68,46,F11MO
40,Molenlei 59,2021-08-17,11:00:00,110,60,50,F11MO
40,Molenlei 59,2021-08-17,12:00:00,86,44,42,F11MO
40,Molenlei 59,2021-08-17,13:00:00,68,36,32,F11MO
40,Molenlei 59,2021-08-17,14:00:00,68,34,34,F11MO
40,Molenlei 59,2021-08-17,15:00:00,62,26,36,F11MO
40,Molenlei 59,2021-08-17,16:00:00,134,46,88,F11MO
40,Molenlei 59,2021-08-17,17:00:00,178,74,104,F11MO
40,Molenlei 59,2021-08-17,18:00:00,120,46,74,F11MO
40,Molenlei 59,2021-08-17,19:00:00,56,32,24,F11MO
40,Molenlei 59,2021-08-17,20:00:00,36,12,24,F11MO
40,Molenlei 59,2021-08-17,21:00:00,24,10,14,F11MO
40,Molenlei 59,2021-08-17,22:00:00,24,4,20,F11MO
40,Molenlei 59,2021-08-17,23:00:00,10,0,10,F11MO
40,Molenlei 59,2021-08-18,00:00:00,6,4,2,F11MO
40,Molenlei 59,2021-08-18,01:00:00,16,10,6,F11MO
40,Molenlei 59,2021-08-18,02:00:00,4,0,4,F11MO
40,Molenlei 59,2021-08-18,03:00:00,0,0,0,F11MO
40,Molenlei 59,2021-08-18,04:00:00,4,4,0,F11MO
40,Molenlei 59,2021-08-18,05:00:00,20,14,6,F11MO
40,Molenlei 59,2021-08-18,06:00:00,68,44,24,F11MO
40,Molenlei 59,2021-08-18,07:00:00,124,64,60,F11MO
40,Molenlei 59,2021-08-18,08:00:00,150,74,76,F11MO
40,Molenlei 59,2021-08-18,09:00:00,84,52,32,F11MO
40,Molenlei 59,2021-08-18,10:00:00,124,72,52,F11MO
40,Molenlei 59,2021-08-18,11:00:00,120,64,56,F11MO
40,Molenlei 59,2021-08-18,12:00:00,94,46,48,F11MO
40,Molenlei 59,2021-08-18,13:00:00,88,44,44,F11MO
40,Molenlei 59,2021-08-18,14:00:00,176,94,82,F11MO
40,Molenlei 59,2021-08-18,15:00:00,156,80,76,F11MO
40,Molenlei 59,2021-08-18,16:00:00,198,106,92,F11MO
40,Molenlei 59,2021-08-18,17:00:00,196,88,108,F11MO
40,Molenlei 59,2021-08-18,18:00:00,218,108,110,F11MO
40,Molenlei 59,2021-08-18,19:00:00,120,58,62,F11MO
40,Molenlei 59,2021-08-18,20:00:00,126,72,54,F11MO
40,Molenlei 59,2021-08-18,21:00:00,58,24,34,F11MO
40,Molenlei 59,2021-08-18,22:00:00,56,28,28,F11MO
40,Molenlei 59,2021-08-18,23:00:00,26,10,16,F11MO
40,Molenlei 59,2021-08-19,00:00:00,16,8,8,F11MO
40,Molenlei 59,2021-08-19,01:00:00,4,4,0,F11MO
40,Molenlei 59,2021-08-19,02:00:00,6,2,4,F11MO
40,Molenlei 59,2021-08-19,03:00:00,0,0,0,F11MO
40,Molenlei 59,2021-08-19,04:00:00,6,6,0,F11MO
40,Molenlei 59,2021-08-19,05:00:00,26,18,8,F11MO
40,Molenlei 59,2021-08-19,06:00:00,82,56,26,F11MO
40,Molenlei 59,2021-08-19,07:00:00,158,94,64,F11MO
40,Molenlei 59,2021-08-19,08:00:00,212,110,102,F11MO
40,Molenlei 59,2021-08-19,09:00:00,128,72,56,F11MO
40,Molenlei 59,2021-08-19,10:00:00,128,52,76,F11MO
40,Molenlei 59,2021-08-19,11:00:00,152,68,84,F11MO
40,Molenlei 59,2021-08-19,12:00:00,138,64,74,F11MO
40,Molenlei 59,2021-08-19,13:00:00,154,98,56,F11MO
40,Molenlei 59,2021-08-19,14:00:00,220,94,126,F11MO
40,Molenlei 59,2021-08-19,15:00:00,162,74,88,F11MO
40,Molenlei 59,2021-08-19,16:00:00,302,136,166,F11MO
40,Molenlei 59,2021-08-19,17:00:00,284,120,164,F11MO
40,Molenlei 59,2021-08-19,18:00:00,248,116,132,F11MO
40,Molenlei 59,2021-08-19,19:00:00,132,72,60,F11MO
40,Molenlei 59,2021-08-19,20:00:00,178,104,74,F11MO
40,Molenlei 59,2021-08-19,21:00:00,46,30,16,F11MO
40,Molenlei 59,2021-08-19,22:00:00,80,22,58,F11MO
40,Molenlei 59,2021-08-19,23:00:00,42,8,34,F11MO
40,Molenlei 59,2021-08-20,00:00:00,44,30,14,F11MO
40,Molenlei 59,2021-08-20,01:00:00,8,6,2,F11MO
40,Molenlei 59,2021-08-20,02:00:00,6,2,4,F11MO
40,Molenlei 59,2021-08-20,03:00:00,2,2,0,F11MO
40,Molenlei 59,2021-08-20,04:00:00,2,2,0,F11MO
40,Molenlei 59,2021-08-20,05:00:00,16,10,6,F11MO
40,Molenlei 59,2021-08-20,06:00:00,66,40,26,F11MO
40,Molenlei 59,2021-08-20,07:00:00,110,64,46,F11MO
40,Molenlei 59,2021-08-20,08:00:00,190,86,104,F11MO
40,Molenlei 59,2021-08-20,09:00:00,120,60,60,F11MO
40,Molenlei 59,2021-08-20,10:00:00,124,62,62,F11MO
40,Molenlei 59,2021-08-20,11:00:00,136,74,62,F11MO
40,Molenlei 59,2021-08-20,12:00:00,136,80,56,F11MO
40,Molenlei 59,2021-08-20,13:00:00,140,74,66,F11MO
40,Molenlei 59,2021-08-20,14:00:00,206,104,102,F11MO
40,Molenlei 59,2021-08-20,15:00:00,226,126,100,F11MO
40,Molenlei 59,2021-08-20,16:00:00,248,130,118,F11MO
40,Molenlei 59,2021-08-20,17:00:00,252,92,160,F11MO
40,Molenlei 59,2021-08-20,18:00:00,200,94,106,F11MO
40,Molenlei 59,2021-08-20,19:00:00,142,62,80,F11MO
40,Molenlei 59,2021-08-20,20:00:00,122,68,54,F11MO
40,Molenlei 59,2021-08-20,21:00:00,40,26,14,F11MO
40,Molenlei 59,2021-08-20,22:00:00,44,10,34,F11MO
40,Molenlei 59,2021-08-20,23:00:00,28,22,6,F11MO
40,Molenlei 59,2021-08-21,00:00:00,24,20,4,F11MO
40,Molenlei 59,2021-08-21,01:00:00,10,4,6,F11MO
40,Molenlei 59,2021-08-21,02:00:00,8,2,6,F11MO
40,Molenlei 59,2021-08-21,03:00:00,2,0,2,F11MO
40,Molenlei 59,2021-08-21,04:00:00,8,4,4,F11MO
40,Molenlei 59,2021-08-21,05:00:00,14,10,4,F11MO
40,Molenlei 59,2021-08-21,06:00:00,18,12,6,F11MO
40,Molenlei 59,2021-08-21,07:00:00,32,16,16,F11MO
40,Molenlei 59,2021-08-21,08:00:00,58,18,40,F11MO
40,Molenlei 59,2021-08-21,09:00:00,246,68,178,F11MO
40,Molenlei 59,2021-08-21,10:00:00,312,148,164,F11MO
40,Molenlei 59,2021-08-21,11:00:00,318,146,172,F11MO
40,Molenlei 59,2021-08-21,12:00:00,378,254,124,F11MO
40,Molenlei 59,2021-08-21,13:00:00,358,176,182,F11MO
40,Molenlei 59,2021-08-21,14:00:00,464,224,240,F11MO
40,Molenlei 59,2021-08-21,15:00:00,338,196,142,F11MO
40,Molenlei 59,2021-08-21,16:00:00,318,188,130,F11MO
40,Molenlei 59,2021-08-21,17:00:00,240,166,74,F11MO
40,Molenlei 59,2021-08-21,18:00:00,204,108,96,F11MO
40,Molenlei 59,2021-08-21,19:00:00,164,74,90,F11MO
40,Molenlei 59,2021-08-21,20:00:00,64,30,34,F11MO
40,Molenlei 59,2021-08-21,21:00:00,18,8,10,F11MO
40,Molenlei 59,2021-08-21,22:00:00,12,6,6,F11MO
40,Molenlei 59,2021-08-21,23:00:00,38,16,22,F11MO
40,Molenlei 59,2021-08-22,00:00:00,34,18,16,F11MO
40,Molenlei 59,2021-08-22,01:00:00,18,12,6,F11MO
40,Molenlei 59,2021-08-22,02:00:00,12,2,10,F11MO
40,Molenlei 59,2021-08-22,03:00:00,4,4,0,F11MO
40,Molenlei 59,2021-08-22,04:00:00,6,4,2,F11MO
40,Molenlei 59,2021-08-22,05:00:00,12,6,6,F11MO
40,Molenlei 59,2021-08-22,06:00:00,22,12,10,F11MO
40,Molenlei 59,2021-08-22,07:00:00,24,8,16,F11MO
40,Molenlei 59,2021-08-22,08:00:00,68,44,24,F11MO
40,Molenlei 59,2021-08-22,09:00:00,144,76,68,F11MO
40,Molenlei 59,2021-08-22,10:00:00,190,92,98,F11MO
40,Molenlei 59,2021-08-22,11:00:00,230,110,120,F11MO
40,Molenlei 59,2021-08-22,12:00:00,100,46,54,F11MO
40,Molenlei 59,2021-08-22,13:00:00,170,92,78,F11MO
40,Molenlei 59,2021-08-22,14:00:00,74,32,42,F11MO
40,Molenlei 59,2021-08-22,15:00:00,62,36,26,F11MO
40,Molenlei 59,2021-08-22,16:00:00,86,34,52,F11MO
40,Molenlei 59,2021-08-22,17:00:00,82,38,44,F11MO
40,Molenlei 59,2021-08-22,18:00:00,100,44,56,F11MO
40,Molenlei 59,2021-08-22,19:00:00,78,32,46,F11MO
40,Molenlei 59,2021-08-22,20:00:00,58,44,14,F11MO
40,Molenlei 59,2021-08-22,21:00:00,22,8,14,F11MO
40,Molenlei 59,2021-08-22,22:00:00,18,4,14,F11MO
40,Molenlei 59,2021-08-22,23:00:00,4,0,4,F11MO
40,Molenlei 59,2021-08-23,00:00:00,12,12,0,F11MO
40,Molenlei 59,2021-08-23,01:00:00,6,4,2,F11MO
40,Molenlei 59,2021-08-23,02:00:00,2,0,2,F11MO
40,Molenlei 59,2021-08-23,03:00:00,2,2,0,F11MO
40,Molenlei 59,2021-08-23,04:00:00,2,2,0,F11MO
40,Molenlei 59,2021-08-23,05:00:00,20,12,8,F11MO
40,Molenlei 59,2021-08-23,06:00:00,56,32,24,F11MO
40,Molenlei 59,2021-08-23,07:00:00,146,72,74,F11MO
40,Molenlei 59,2021-08-23,08:00:00,146,62,84,F11MO
40,Molenlei 59,2021-08-23,09:00:00,60,22,38,F11MO
40,Molenlei 59,2021-08-23,10:00:00,92,38,54,F11MO
40,Molenlei 59,2021-08-23,11:00:00,138,48,90,F11MO
40,Molenlei 59,2021-08-23,12:00:00,92,34,58,F11MO
40,Molenlei 59,2021-08-23,13:00:00,134,76,58,F11MO
40,Molenlei 59,2021-08-23,14:00:00,176,90,86,F11MO
40,Molenlei 59,2021-08-23,15:00:00,188,80,108,F11MO
40,Molenlei 59,2021-08-23,16:00:00,276,128,148,F11MO
40,Molenlei 59,2021-08-23,17:00:00,296,108,188,F11MO
40,Molenlei 59,2021-08-23,18:00:00,224,100,124,F11MO
40,Molenlei 59,2021-08-23,19:00:00,158,86,72,F11MO
40,Molenlei 59,2021-08-23,20:00:00,122,70,52,F11MO
40,Molenlei 59,2021-08-23,21:00:00,50,30,20,F11MO
40,Molenlei 59,2021-08-23,22:00:00,44,16,28,F11MO
40,Molenlei 59,2021-08-23,23:00:00,14,6,8,F11MO
40,Molenlei 59,2021-08-24,00:00:00,6,0,6,F11MO
40,Molenlei 59,2021-08-24,01:00:00,8,4,4,F11MO
40,Molenlei 59,2021-08-24,02:00:00,4,0,4,F11MO
40,Molenlei 59,2021-08-24,03:00:00,2,0,2,F11MO
40,Molenlei 59,2021-08-24,04:00:00,4,4,0,F11MO
40,Molenlei 59,2021-08-24,05:00:00,38,28,10,F11MO
40,Molenlei 59,2021-08-24,06:00:00,106,76,30,F11MO
40,Molenlei 59,2021-08-24,07:00:00,212,146,66,F11MO
40,Molenlei 59,2021-08-24,08:00:00,302,176,126,F11MO
40,Molenlei 59,2021-08-24,09:00:00,162,100,62,F11MO
40,Molenlei 59,2021-08-24,10:00:00,164,96,68,F11MO
40,Molenlei 59,2021-08-24,11:00:00,196,104,92,F11MO
40,Molenlei 59,2021-08-24,12:00:00,172,70,102,F11MO
40,Molenlei 59,2021-08-24,13:00:00,244,128,116,F11MO
40,Molenlei 59,2021-08-24,14:00:00,296,98,198,F11MO
40,Molenlei 59,2021-08-24,15:00:00,312,132,180,F11MO
40,Molenlei 59,2021-08-24,16:00:00,420,180,240,F11MO
40,Molenlei 59,2021-08-24,17:00:00,426,152,274,F11MO
40,Molenlei 59,2021-08-24,18:00:00,284,140,144,F11MO
40,Molenlei 59,2021-08-24,19:00:00,268,144,124,F11MO
40,Molenlei 59,2021-08-24,20:00:00,208,130,78,F11MO
40,Molenlei 59,2021-08-24,21:00:00,82,48,34,F11MO
40,Molenlei 59,2021-08-24,22:00:00,46,16,30,F11MO
40,Molenlei 59,2021-08-24,23:00:00,22,6,16,F11MO
40,Molenlei 59,2021-08-25,00:00:00,22,10,12,F11MO
40,Molenlei 59,2021-08-25,01:00:00,10,4,6,F11MO
40,Molenlei 59,2021-08-25,02:00:00,16,8,8,F11MO
40,Molenlei 59,2021-08-25,03:00:00,6,2,4,F11MO
40,Molenlei 59,2021-08-25,04:00:00,8,8,0,F11MO
40,Molenlei 59,2021-08-25,05:00:00,32,24,8,F11MO
40,Molenlei 59,2021-08-25,06:00:00,106,70,36,F11MO
40,Molenlei 59,2021-08-25,07:00:00,186,122,64,F11MO
40,Molenlei 59,2021-08-25,08:00:00,310,168,142,F11MO
40,Molenlei 59,2021-08-25,09:00:00,146,86,60,F11MO
40,Molenlei 59,2021-08-25,10:00:00,230,116,114,F11MO
40,Molenlei 59,2021-08-25,11:00:00,264,128,136,F11MO
40,Molenlei 59,2021-08-25,12:00:00,242,96,146,F11MO
40,Molenlei 59,2021-08-25,13:00:00,266,132,134,F11MO
40,Molenlei 59,2021-08-25,14:00:00,342,146,196,F11MO
40,Molenlei 59,2021-08-25,15:00:00,320,122,198,F11MO
40,Molenlei 59,2021-08-25,16:00:00,400,166,234,F11MO
40,Molenlei 59,2021-08-25,17:00:00,450,170,280,F11MO
40,Molenlei 59,2021-08-25,18:00:00,348,166,182,F11MO
40,Molenlei 59,2021-08-25,19:00:00,272,140,132,F11MO
40,Molenlei 59,2021-08-25,20:00:00,214,128,86,F11MO
40,Molenlei 59,2021-08-25,21:00:00,92,52,40,F11MO
40,Molenlei 59,2021-08-25,22:00:00,56,20,36,F11MO
40,Molenlei 59,2021-08-25,23:00:00,42,16,26,F11MO
40,Molenlei 59,2021-08-26,00:00:00,6,0,6,F11MO
40,Molenlei 59,2021-08-26,01:00:00,12,6,6,F11MO
40,Molenlei 59,2021-08-26,02:00:00,6,0,6,F11MO
40,Molenlei 59,2021-08-26,03:00:00,6,4,2,F11MO
40,Molenlei 59,2021-08-26,04:00:00,4,4,0,F11MO
40,Molenlei 59,2021-08-26,05:00:00,22,16,6,F11MO
40,Molenlei 59,2021-08-26,06:00:00,82,58,24,F11MO
40,Molenlei 59,2021-08-26,07:00:00,200,128,72,F11MO
40,Molenlei 59,2021-08-26,08:00:00,284,150,134,F11MO
40,Molenlei 59,2021-08-26,09:00:00,144,72,72,F11MO
40,Molenlei 59,2021-08-26,10:00:00,112,50,62,F11MO
40,Molenlei 59,2021-08-26,11:00:00,118,50,68,F11MO
40,Molenlei 59,2021-08-26,12:00:00,144,72,72,F11MO
40,Molenlei 59,2021-08-26,13:00:00,154,82,72,F11MO
40,Molenlei 59,2021-08-26,14:00:00,182,54,128,F11MO
40,Molenlei 59,2021-08-26,15:00:00,200,88,112,F11MO
40,Molenlei 59,2021-08-26,16:00:00,312,164,148,F11MO
40,Molenlei 59,2021-08-26,17:00:00,340,142,198,F11MO
40,Molenlei 59,2021-08-26,18:00:00,236,116,120,F11MO
40,Molenlei 59,2021-08-26,19:00:00,200,108,92,F11MO
40,Molenlei 59,2021-08-26,20:00:00,152,102,50,F11MO
40,Molenlei 59,2021-08-26,21:00:00,88,46,42,F11MO
40,Molenlei 59,2021-08-26,22:00:00,54,20,34,F11MO
40,Molenlei 59,2021-08-26,23:00:00,42,12,30,F11MO
40,Molenlei 59,2021-08-27,00:00:00,20,4,16,F11MO
40,Molenlei 59,2021-08-27,01:00:00,36,4,32,F11MO
40,Molenlei 59,2021-08-27,02:00:00,6,2,4,F11MO
40,Molenlei 59,2021-08-27,03:00:00,4,0,4,F11MO
40,Molenlei 59,2021-08-27,04:00:00,2,2,0,F11MO
40,Molenlei 59,2021-08-27,05:00:00,12,10,2,F11MO
40,Molenlei 59,2021-08-27,06:00:00,68,40,28,F11MO
40,Molenlei 59,2021-08-27,07:00:00,158,90,68,F11MO
40,Molenlei 59,2021-08-27,08:00:00,264,150,114,F11MO
40,Molenlei 59,2021-08-27,09:00:00,184,96,88,F11MO
40,Molenlei 59,2021-08-27,10:00:00,144,60,84,F11MO
40,Molenlei 59,2021-08-27,11:00:00,202,110,92,F11MO
40,Molenlei 59,2021-08-27,12:00:00,234,154,80,F11MO
40,Molenlei 59,2021-08-27,13:00:00,218,114,104,F11MO
40,Molenlei 59,2021-08-27,14:00:00,218,104,114,F11MO
40,Molenlei 59,2021-08-27,15:00:00,236,118,118,F11MO
40,Molenlei 59,2021-08-27,16:00:00,318,130,188,F11MO
40,Molenlei 59,2021-08-27,17:00:00,320,138,182,F11MO
40,Molenlei 59,2021-08-27,18:00:00,262,144,118,F11MO
40,Molenlei 59,2021-08-27,19:00:00,104,58,46,F11MO
40,Molenlei 59,2021-08-27,20:00:00,140,74,66,F11MO
40,Molenlei 59,2021-08-27,21:00:00,80,38,42,F11MO
40,Molenlei 59,2021-08-27,22:00:00,92,56,36,F11MO
40,Molenlei 59,2021-08-27,23:00:00,26,0,26,F11MO
40,Molenlei 59,2021-08-28,00:00:00,42,8,34,F11MO
40,Molenlei 59,2021-08-28,01:00:00,96,24,72,F11MO
40,Molenlei 59,2021-08-28,02:00:00,24,8,16,F11MO
40,Molenlei 59,2021-08-28,03:00:00,10,2,8,F11MO
40,Molenlei 59,2021-08-28,04:00:00,12,0,12,F11MO
40,Molenlei 59,2021-08-28,05:00:00,14,10,4,F11MO
40,Molenlei 59,2021-08-28,06:00:00,14,2,12,F11MO
40,Molenlei 59,2021-08-28,07:00:00,34,18,16,F11MO
40,Molenlei 59,2021-08-28,08:00:00,70,38,32,F11MO
40,Molenlei 59,2021-08-28,09:00:00,130,46,84,F11MO
40,Molenlei 59,2021-08-28,10:00:00,176,74,102,F11MO
40,Molenlei 59,2021-08-28,11:00:00,232,128,104,F11MO
40,Molenlei 59,2021-08-28,12:00:00,164,92,72,F11MO
40,Molenlei 59,2021-08-28,13:00:00,218,116,102,F11MO
40,Molenlei 59,2021-08-28,14:00:00,178,94,84,F11MO
40,Molenlei 59,2021-08-28,15:00:00,270,130,140,F11MO
40,Molenlei 59,2021-08-28,16:00:00,234,96,138,F11MO
40,Molenlei 59,2021-08-28,17:00:00,278,174,104,F11MO
40,Molenlei 59,2021-08-28,18:00:00,196,132,64,F11MO
40,Molenlei 59,2021-08-28,19:00:00,172,90,82,F11MO
40,Molenlei 59,2021-08-28,20:00:00,122,56,66,F11MO
40,Molenlei 59,2021-08-28,21:00:00,72,38,34,F11MO
40,Molenlei 59,2021-08-28,22:00:00,68,28,40,F11MO
40,Molenlei 59,2021-08-28,23:00:00,54,26,28,F11MO
40,Molenlei 59,2021-08-29,00:00:00,48,4,44,F11MO
40,Molenlei 59,2021-08-29,01:00:00,68,16,52,F11MO
40,Molenlei 59,2021-08-29,02:00:00,24,4,20,F11MO
40,Molenlei 59,2021-08-29,03:00:00,18,4,14,F11MO
40,Molenlei 59,2021-08-29,04:00:00,6,2,4,F11MO
40,Molenlei 59,2021-08-29,05:00:00,4,4,0,F11MO
40,Molenlei 59,2021-08-29,06:00:00,26,10,16,F11MO
40,Molenlei 59,2021-08-29,07:00:00,28,16,12,F11MO
40,Molenlei 59,2021-08-29,08:00:00,58,26,32,F11MO
40,Molenlei 59,2021-08-29,09:00:00,202,56,146,F11MO
40,Molenlei 59,2021-08-29,10:00:00,256,98,158,F11MO
40,Molenlei 59,2021-08-29,11:00:00,298,186,112,F11MO
40,Molenlei 59,2021-08-29,12:00:00,280,188,92,F11MO
40,Molenlei 59,2021-08-29,13:00:00,206,106,100,F11MO
40,Molenlei 59,2021-08-29,14:00:00,158,94,64,F11MO
40,Molenlei 59,2021-08-29,15:00:00,148,98,50,F11MO
40,Molenlei 59,2021-08-29,16:00:00,178,88,90,F11MO
40,Molenlei 59,2021-08-29,17:00:00,166,76,90,F11MO
40,Molenlei 59,2021-08-29,18:00:00,116,38,78,F11MO
40,Molenlei 59,2021-08-29,19:00:00,168,108,60,F11MO
40,Molenlei 59,2021-08-29,20:00:00,80,32,48,F11MO
40,Molenlei 59,2021-08-29,21:00:00,36,28,8,F11MO
40,Molenlei 59,2021-08-29,22:00:00,24,10,14,F11MO
40,Molenlei 59,2021-08-29,23:00:00,14,6,8,F11MO
40,Molenlei 59,2021-08-30,00:00:00,16,8,8,F11MO
40,Molenlei 59,2021-08-30,01:00:00,22,8,14,F11MO
40,Molenlei 59,2021-08-30,02:00:00,14,8,6,F11MO
40,Molenlei 59,2021-08-30,03:00:00,2,0,2,F11MO
40,Molenlei 59,2021-08-30,04:00:00,10,8,2,F11MO
40,Molenlei 59,2021-08-30,05:00:00,20,16,4,F11MO
40,Molenlei 59,2021-08-30,06:00:00,98,60,38,F11MO
40,Molenlei 59,2021-08-30,07:00:00,188,130,58,F11MO
40,Molenlei 59,2021-08-30,08:00:00,272,176,96,F11MO
40,Molenlei 59,2021-08-30,09:00:00,142,84,58,F11MO
40,Molenlei 59,2021-08-30,10:00:00,134,72,62,F11MO
40,Molenlei 59,2021-08-30,11:00:00,120,56,64,F11MO
40,Molenlei 59,2021-08-30,12:00:00,142,68,74,F11MO
40,Molenlei 59,2021-08-30,13:00:00,164,94,70,F11MO
40,Molenlei 59,2021-08-30,14:00:00,268,124,144,F11MO
40,Molenlei 59,2021-08-30,15:00:00,296,148,148,F11MO
40,Molenlei 59,2021-08-30,16:00:00,316,104,212,F11MO
40,Molenlei 59,2021-08-30,17:00:00,346,160,186,F11MO
40,Molenlei 59,2021-08-30,18:00:00,378,164,214,F11MO
40,Molenlei 59,2021-08-30,19:00:00,252,104,148,F11MO
40,Molenlei 59,2021-08-30,20:00:00,134,62,72,F11MO
40,Molenlei 59,2021-08-30,21:00:00,58,28,30,F11MO
40,Molenlei 59,2021-08-30,22:00:00,64,18,46,F11MO
40,Molenlei 59,2021-08-30,23:00:00,24,16,8,F11MO
40,Molenlei 59,2021-08-31,00:00:00,20,4,16,F11MO
40,Molenlei 59,2021-08-31,01:00:00,4,0,4,F11MO
40,Molenlei 59,2021-08-31,02:00:00,0,0,0,F11MO
40,Molenlei 59,2021-08-31,03:00:00,2,0,2,F11MO
40,Molenlei 59,2021-08-31,04:00:00,16,14,2,F11MO
40,Molenlei 59,2021-08-31,05:00:00,30,22,8,F11MO
40,Molenlei 59,2021-08-31,06:00:00,120,84,36,F11MO
40,Molenlei 59,2021-08-31,07:00:00,218,166,52,F11MO
40,Molenlei 59,2021-08-31,08:00:00,268,164,104,F11MO
40,Molenlei 59,2021-08-31,09:00:00,124,82,42,F11MO
40,Molenlei 59,2021-08-31,10:00:00,138,70,68,F11MO
40,Molenlei 59,2021-08-31,11:00:00,162,98,64,F11MO
40,Molenlei 59,2021-08-31,12:00:00,200,100,100,F11MO
40,Molenlei 59,2021-08-31,13:00:00,236,122,114,F11MO
40,Molenlei 59,2021-08-31,14:00:00,242,94,148,F11MO
40,Molenlei 59,2021-08-31,15:00:00,290,136,154,F11MO
40,Molenlei 59,2021-08-31,16:00:00,404,156,248,F11MO
40,Molenlei 59,2021-08-31,17:00:00,428,166,262,F11MO
40,Molenlei 59,2021-08-31,18:00:00,368,126,242,F11MO
40,Molenlei 59,2021-08-31,19:00:00,184,72,112,F11MO
40,Molenlei 59,2021-08-31,20:00:00,226,136,90,F11MO
40,Molenlei 59,2021-08-31,21:00:00,64,44,20,F11MO
40,Molenlei 59,2021-08-31,22:00:00,52,18,34,F11MO
40,Molenlei 59,2021-08-31,23:00:00,26,20,6,F11MO
40,Molenlei 59,2021-09-01,00:00:00,10,4,6,F11MO
40,Molenlei 59,2021-09-01,01:00:00,0,0,0,F11MO
40,Molenlei 59,2021-09-01,02:00:00,2,0,2,F11MO
40,Molenlei 59,2021-09-01,03:00:00,0,0,0,F11MO
40,Molenlei 59,2021-09-01,04:00:00,14,12,2,F11MO
40,Molenlei 59,2021-09-01,05:00:00,30,22,8,F11MO
40,Molenlei 59,2021-09-01,06:00:00,94,62,32,F11MO
40,Molenlei 59,2021-09-01,07:00:00,312,224,88,F11MO
40,Molenlei 59,2021-09-01,08:00:00,590,384,206,F11MO
40,Molenlei 59,2021-09-01,09:00:00,212,112,100,F11MO
40,Molenlei 59,2021-09-01,10:00:00,180,92,88,F11MO
40,Molenlei 59,2021-09-01,11:00:00,228,130,98,F11MO
40,Molenlei 59,2021-09-01,12:00:00,444,168,276,F11MO
40,Molenlei 59,2021-09-01,13:00:00,326,148,178,F11MO
40,Molenlei 59,2021-09-01,14:00:00,260,96,164,F11MO
40,Molenlei 59,2021-09-01,15:00:00,308,132,176,F11MO
40,Molenlei 59,2021-09-01,16:00:00,312,122,190,F11MO
40,Molenlei 59,2021-09-01,17:00:00,368,140,228,F11MO
40,Molenlei 59,2021-09-01,18:00:00,222,82,140,F11MO
40,Molenlei 59,2021-09-01,19:00:00,220,106,114,F11MO
40,Molenlei 59,2021-09-01,20:00:00,112,56,56,F11MO
40,Molenlei 59,2021-09-01,21:00:00,88,62,26,F11MO
40,Molenlei 59,2021-09-01,22:00:00,58,22,36,F11MO
40,Molenlei 59,2021-09-01,23:00:00,32,12,20,F11MO
40,Molenlei 59,2021-09-02,00:00:00,16,8,8,F11MO
40,Molenlei 59,2021-09-02,01:00:00,4,0,4,F11MO
40,Molenlei 59,2021-09-02,02:00:00,8,6,2,F11MO
40,Molenlei 59,2021-09-02,03:00:00,2,0,2,F11MO
40,Molenlei 59,2021-09-02,04:00:00,12,10,2,F11MO
40,Molenlei 59,2021-09-02,05:00:00,32,24,8,F11MO
40,Molenlei 59,2021-09-02,06:00:00,124,90,34,F11MO
40,Molenlei 59,2021-09-02,07:00:00,414,254,160,F11MO
40,Molenlei 59,2021-09-02,08:00:00,604,410,194,F11MO
40,Molenlei 59,2021-09-02,09:00:00,182,90,92,F11MO
40,Molenlei 59,2021-09-02,10:00:00,146,64,82,F11MO
40,Molenlei 59,2021-09-02,11:00:00,184,94,90,F11MO
40,Molenlei 59,2021-09-02,12:00:00,226,114,112,F11MO
40,Molenlei 59,2021-09-02,13:00:00,252,120,132,F11MO
40,Molenlei 59,2021-09-02,14:00:00,240,118,122,F11MO
40,Molenlei 59,2021-09-02,15:00:00,406,152,254,F11MO
40,Molenlei 59,2021-09-02,16:00:00,534,200,334,F11MO
40,Molenlei 59,2021-09-02,17:00:00,508,210,298,F11MO
40,Molenlei 59,2021-09-02,18:00:00,314,146,168,F11MO
40,Molenlei 59,2021-09-02,19:00:00,218,86,132,F11MO
40,Molenlei 59,2021-09-02,20:00:00,196,134,62,F11MO
40,Molenlei 59,2021-09-02,21:00:00,74,42,32,F11MO
40,Molenlei 59,2021-09-02,22:00:00,64,24,40,F11MO
40,Molenlei 59,2021-09-02,23:00:00,24,12,12,F11MO
40,Molenlei 59,2021-09-03,00:00:00,16,6,10,F11MO
40,Molenlei 59,2021-09-03,01:00:00,8,4,4,F11MO
40,Molenlei 59,2021-09-03,02:00:00,2,0,2,F11MO
40,Molenlei 59,2021-09-03,03:00:00,2,2,0,F11MO
40,Molenlei 59,2021-09-03,04:00:00,22,18,4,F11MO
40,Molenlei 59,2021-09-03,05:00:00,26,18,8,F11MO
40,Molenlei 59,2021-09-03,06:00:00,92,58,34,F11MO
40,Molenlei 59,2021-09-03,07:00:00,380,228,152,F11MO
40,Molenlei 59,2021-09-03,08:00:00,540,360,180,F11MO
40,Molenlei 59,2021-09-03,09:00:00,160,78,82,F11MO
40,Molenlei 59,2021-09-03,10:00:00,216,100,116,F11MO
40,Molenlei 59,2021-09-03,11:00:00,200,98,102,F11MO
40,Molenlei 59,2021-09-03,12:00:00,214,98,116,F11MO
40,Molenlei 59,2021-09-03,13:00:00,288,140,148,F11MO
40,Molenlei 59,2021-09-03,14:00:00,356,146,210,F11MO
40,Molenlei 59,2021-09-03,15:00:00,476,186,290,F11MO
40,Molenlei 59,2021-09-03,16:00:00,588,252,336,F11MO
40,Molenlei 59,2021-09-03,17:00:00,394,152,242,F11MO
40,Molenlei 59,2021-09-03,18:00:00,290,140,150,F11MO
40,Molenlei 59,2021-09-03,19:00:00,214,128,86,F11MO
40,Molenlei 59,2021-09-03,20:00:00,162,90,72,F11MO
40,Molenlei 59,2021-09-03,21:00:00,74,42,32,F11MO
40,Molenlei 59,2021-09-03,22:00:00,60,22,38,F11MO
40,Molenlei 59,2021-09-03,23:00:00,48,20,28,F11MO
40,Molenlei 59,2021-09-04,00:00:00,18,6,12,F11MO
40,Molenlei 59,2021-09-04,01:00:00,18,2,16,F11MO
40,Molenlei 59,2021-09-04,02:00:00,14,8,6,F11MO
40,Molenlei 59,2021-09-04,03:00:00,16,6,10,F11MO
40,Molenlei 59,2021-09-04,04:00:00,14,10,4,F11MO
40,Molenlei 59,2021-09-04,05:00:00,12,10,2,F11MO
40,Molenlei 59,2021-09-04,06:00:00,18,4,14,F11MO
40,Molenlei 59,2021-09-04,07:00:00,40,22,18,F11MO
40,Molenlei 59,2021-09-04,08:00:00,82,32,50,F11MO
40,Molenlei 59,2021-09-04,09:00:00,148,52,96,F11MO
40,Molenlei 59,2021-09-04,10:00:00,274,98,176,F11MO
40,Molenlei 59,2021-09-04,11:00:00,178,86,92,F11MO
40,Molenlei 59,2021-09-04,12:00:00,242,124,118,F11MO
40,Molenlei 59,2021-09-04,13:00:00,210,110,100,F11MO
40,Molenlei 59,2021-09-04,14:00:00,272,144,128,F11MO
40,Molenlei 59,2021-09-04,15:00:00,280,118,162,F11MO
40,Molenlei 59,2021-09-04,16:00:00,304,154,150,F11MO
40,Molenlei 59,2021-09-04,17:00:00,232,134,98,F11MO
40,Molenlei 59,2021-09-04,18:00:00,166,68,98,F11MO
40,Molenlei 59,2021-09-04,19:00:00,180,116,64,F11MO
40,Molenlei 59,2021-09-04,20:00:00,114,82,32,F11MO
40,Molenlei 59,2021-09-04,21:00:00,70,38,32,F11MO
40,Molenlei 59,2021-09-04,22:00:00,52,26,26,F11MO
40,Molenlei 59,2021-09-04,23:00:00,14,4,10,F11MO
40,Molenlei 59,2021-09-05,00:00:00,26,6,20,F11MO
40,Molenlei 59,2021-09-05,01:00:00,14,0,14,F11MO
40,Molenlei 59,2021-09-05,02:00:00,14,8,6,F11MO
40,Molenlei 59,2021-09-05,03:00:00,10,4,6,F11MO
40,Molenlei 59,2021-09-05,04:00:00,2,2,0,F11MO
40,Molenlei 59,2021-09-05,05:00:00,18,12,6,F11MO
40,Molenlei 59,2021-09-05,06:00:00,14,6,8,F11MO
40,Molenlei 59,2021-09-05,07:00:00,44,16,28,F11MO
40,Molenlei 59,2021-09-05,08:00:00,102,36,66,F11MO
40,Molenlei 59,2021-09-05,09:00:00,248,114,134,F11MO
40,Molenlei 59,2021-09-05,10:00:00,282,122,160,F11MO
40,Molenlei 59,2021-09-05,11:00:00,364,172,192,F11MO
40,Molenlei 59,2021-09-05,12:00:00,414,200,214,F11MO
40,Molenlei 59,2021-09-05,13:00:00,450,228,222,F11MO
40,Molenlei 59,2021-09-05,14:00:00,510,258,252,F11MO
40,Molenlei 59,2021-09-05,15:00:00,504,230,274,F11MO
40,Molenlei 59,2021-09-05,16:00:00,384,178,206,F11MO
40,Molenlei 59,2021-09-05,17:00:00,378,210,168,F11MO
40,Molenlei 59,2021-09-05,18:00:00,276,152,124,F11MO
40,Molenlei 59,2021-09-05,19:00:00,180,126,54,F11MO
40,Molenlei 59,2021-09-05,20:00:00,132,68,64,F11MO
40,Molenlei 59,2021-09-05,21:00:00,78,38,40,F11MO
40,Molenlei 59,2021-09-05,22:00:00,28,12,16,F11MO
40,Molenlei 59,2021-09-05,23:00:00,12,10,2,F11MO
40,Molenlei 59,2021-09-06,00:00:00,10,4,6,F11MO
40,Molenlei 59,2021-09-06,01:00:00,0,0,0,F11MO
40,Molenlei 59,2021-09-06,02:00:00,4,0,4,F11MO
40,Molenlei 59,2021-09-06,03:00:00,4,2,2,F11MO
40,Molenlei 59,2021-09-06,04:00:00,12,12,0,F11MO
40,Molenlei 59,2021-09-06,05:00:00,42,26,16,F11MO
40,Molenlei 59,2021-09-06,06:00:00,126,84,42,F11MO
40,Molenlei 59,2021-09-06,07:00:00,414,256,158,F11MO
40,Molenlei 59,2021-09-06,08:00:00,626,444,182,F11MO
40,Molenlei 59,2021-09-06,09:00:00,146,88,58,F11MO
40,Molenlei 59,2021-09-06,10:00:00,150,78,72,F11MO
40,Molenlei 59,2021-09-06,11:00:00,174,74,100,F11MO
40,Molenlei 59,2021-09-06,12:00:00,260,144,116,F11MO
40,Molenlei 59,2021-09-06,13:00:00,220,88,132,F11MO
40,Molenlei 59,2021-09-06,14:00:00,298,110,188,F11MO
40,Molenlei 59,2021-09-06,15:00:00,374,172,202,F11MO
40,Molenlei 59,2021-09-06,16:00:00,860,290,570,F11MO
40,Molenlei 59,2021-09-06,17:00:00,514,216,298,F11MO
40,Molenlei 59,2021-09-06,18:00:00,280,102,178,F11MO
40,Molenlei 59,2021-09-06,19:00:00,216,84,132,F11MO
40,Molenlei 59,2021-09-06,20:00:00,122,66,56,F11MO
40,Molenlei 59,2021-09-06,21:00:00,80,46,34,F11MO
40,Molenlei 59,2021-09-06,22:00:00,60,18,42,F11MO
40,Molenlei 59,2021-09-06,23:00:00,18,6,12,F11MO
40,Molenlei 59,2021-09-07,00:00:00,10,4,6,F11MO
40,Molenlei 59,2021-09-07,01:00:00,10,8,2,F11MO
40,Molenlei 59,2021-09-07,02:00:00,2,0,2,F11MO
40,Molenlei 59,2021-09-07,03:00:00,0,0,0,F11MO
40,Molenlei 59,2021-09-07,04:00:00,10,10,0,F11MO
40,Molenlei 59,2021-09-07,05:00:00,42,34,8,F11MO
40,Molenlei 59,2021-09-07,06:00:00,128,90,38,F11MO
40,Molenlei 59,2021-09-07,07:00:00,402,270,132,F11MO
40,Molenlei 59,2021-09-07,08:00:00,726,536,190,F11MO
40,Molenlei 59,2021-09-07,09:00:00,198,98,100,F11MO
40,Molenlei 59,2021-09-07,10:00:00,190,88,102,F11MO
40,Molenlei 59,2021-09-07,11:00:00,200,124,76,F11MO
40,Molenlei 59,2021-09-07,12:00:00,176,92,84,F11MO
40,Molenlei 59,2021-09-07,13:00:00,262,124,138,F11MO
40,Molenlei 59,2021-09-07,14:00:00,302,110,192,F11MO
40,Molenlei 59,2021-09-07,15:00:00,424,160,264,F11MO
40,Molenlei 59,2021-09-07,16:00:00,744,254,490,F11MO
40,Molenlei 59,2021-09-07,17:00:00,484,180,304,F11MO
40,Molenlei 59,2021-09-07,18:00:00,396,172,224,F11MO
40,Molenlei 59,2021-09-07,19:00:00,256,102,154,F11MO
40,Molenlei 59,2021-09-07,20:00:00,212,94,118,F11MO
40,Molenlei 59,2021-09-07,21:00:00,86,48,38,F11MO
40,Molenlei 59,2021-09-07,22:00:00,70,24,46,F11MO
40,Molenlei 59,2021-09-07,23:00:00,22,12,10,F11MO
40,Molenlei 59,2021-09-08,00:00:00,4,0,4,F11MO
40,Molenlei 59,2021-09-08,01:00:00,8,2,6,F11MO
40,Molenlei 59,2021-09-08,02:00:00,6,2,4,F11MO
40,Molenlei 59,2021-09-08,03:00:00,4,4,0,F11MO
40,Molenlei 59,2021-09-08,04:00:00,18,16,2,F11MO
40,Molenlei 59,2021-09-08,05:00:00,42,30,12,F11MO
40,Molenlei 59,2021-09-08,06:00:00,110,70,40,F11MO
40,Molenlei 59,2021-09-08,07:00:00,372,246,126,F11MO
40,Molenlei 59,2021-09-08,08:00:00,1194,972,222,F11MO
40,Molenlei 59,2021-09-08,09:00:00,244,114,130,F11MO
40,Molenlei 59,2021-09-08,10:00:00,288,160,128,F11MO
40,Molenlei 59,2021-09-08,11:00:00,316,170,146,F11MO
40,Molenlei 59,2021-09-08,12:00:00,828,230,598,F11MO
40,Molenlei 59,2021-09-08,13:00:00,536,218,318,F11MO
40,Molenlei 59,2021-09-08,14:00:00,508,202,306,F11MO
40,Molenlei 59,2021-09-08,15:00:00,480,224,256,F11MO
40,Molenlei 59,2021-09-08,16:00:00,566,244,322,F11MO
40,Molenlei 59,2021-09-08,17:00:00,550,208,342,F11MO
40,Molenlei 59,2021-09-08,18:00:00,530,214,316,F11MO
40,Molenlei 59,2021-09-08,19:00:00,364,186,178,F11MO
40,Molenlei 59,2021-09-08,20:00:00,262,164,98,F11MO
40,Molenlei 59,2021-09-08,21:00:00,106,66,40,F11MO
40,Molenlei 59,2021-09-08,22:00:00,90,20,70,F11MO
40,Molenlei 59,2021-09-08,23:00:00,32,4,28,F11MO
40,Molenlei 59,2021-09-09,00:00:00,22,8,14,F11MO
40,Molenlei 59,2021-09-09,01:00:00,12,12,0,F11MO
40,Molenlei 59,2021-09-09,02:00:00,6,2,4,F11MO
40,Molenlei 59,2021-09-09,03:00:00,6,0,6,F11MO
40,Molenlei 59,2021-09-09,04:00:00,12,10,2,F11MO
40,Molenlei 59,2021-09-09,05:00:00,46,32,14,F11MO
40,Molenlei 59,2021-09-09,06:00:00,122,82,40,F11MO
40,Molenlei 59,2021-09-09,07:00:00,380,242,138,F11MO
40,Molenlei 59,2021-09-09,08:00:00,1194,942,252,F11MO
40,Molenlei 59,2021-09-09,09:00:00,234,122,112,F11MO
40,Molenlei 59,2021-09-09,10:00:00,254,160,94,F11MO
40,Molenlei 59,2021-09-09,11:00:00,230,126,104,F11MO
40,Molenlei 59,2021-09-09,12:00:00,218,110,108,F11MO
40,Molenlei 59,2021-09-09,13:00:00,300,138,162,F11MO
40,Molenlei 59,2021-09-09,14:00:00,284,148,136,F11MO
40,Molenlei 59,2021-09-09,15:00:00,602,258,344,F11MO
40,Molenlei 59,2021-09-09,16:00:00,1102,252,850,F11MO
40,Molenlei 59,2021-09-09,17:00:00,494,190,304,F11MO
40,Molenlei 59,2021-09-09,18:00:00,296,102,194,F11MO
40,Molenlei 59,2021-09-09,19:00:00,174,96,78,F11MO
40,Molenlei 59,2021-09-09,20:00:00,94,56,38,F11MO
40,Molenlei 59,2021-09-09,21:00:00,38,14,24,F11MO
40,Molenlei 59,2021-09-09,22:00:00,60,8,52,F11MO
40,Molenlei 59,2021-09-09,23:00:00,24,10,14,F11MO
40,Molenlei 59,2021-09-10,00:00:00,14,4,10,F11MO
40,Molenlei 59,2021-09-10,01:00:00,10,2,8,F11MO
40,Molenlei 59,2021-09-10,02:00:00,8,0,8,F11MO
40,Molenlei 59,2021-09-10,03:00:00,0,0,0,F11MO
40,Molenlei 59,2021-09-10,04:00:00,6,6,0,F11MO
40,Molenlei 59,2021-09-10,05:00:00,46,32,14,F11MO
40,Molenlei 59,2021-09-10,06:00:00,106,82,24,F11MO
40,Molenlei 59,2021-09-10,07:00:00,304,196,108,F11MO
40,Molenlei 59,2021-09-10,08:00:00,1102,892,210,F11MO
40,Molenlei 59,2021-09-10,09:00:00,308,146,162,F11MO
40,Molenlei 59,2021-09-10,10:00:00,214,100,114,F11MO
40,Molenlei 59,2021-09-10,11:00:00,156,68,88,F11MO
40,Molenlei 59,2021-09-10,12:00:00,268,144,124,F11MO
40,Molenlei 59,2021-09-10,13:00:00,172,68,104,F11MO
40,Molenlei 59,2021-09-10,14:00:00,298,160,138,F11MO
40,Molenlei 59,2021-09-10,15:00:00,410,172,238,F11MO
40,Molenlei 59,2021-09-10,16:00:00,1022,216,806,F11MO
40,Molenlei 59,2021-09-10,17:00:00,432,180,252,F11MO
40,Molenlei 59,2021-09-10,18:00:00,306,132,174,F11MO
40,Molenlei 59,2021-09-10,19:00:00,222,110,112,F11MO
40,Molenlei 59,2021-09-10,20:00:00,180,102,78,F11MO
40,Molenlei 59,2021-09-10,21:00:00,120,98,22,F11MO
40,Molenlei 59,2021-09-10,22:00:00,268,220,48,F11MO
40,Molenlei 59,2021-09-10,23:00:00,128,106,22,F11MO
40,Molenlei 59,2021-09-11,00:00:00,46,18,28,F11MO
40,Molenlei 59,2021-09-11,01:00:00,62,8,54,F11MO
40,Molenlei 59,2021-09-11,02:00:00,94,0,94,F11MO
40,Molenlei 59,2021-09-11,03:00:00,194,10,184,F11MO
40,Molenlei 59,2021-09-11,04:00:00,20,4,16,F11MO
40,Molenlei 59,2021-09-11,05:00:00,18,12,6,F11MO
40,Molenlei 59,2021-09-11,06:00:00,28,12,16,F11MO
40,Molenlei 59,2021-09-11,07:00:00,26,8,18,F11MO
40,Molenlei 59,2021-09-11,08:00:00,90,46,44,F11MO
40,Molenlei 59,2021-09-11,09:00:00,156,56,100,F11MO
40,Molenlei 59,2021-09-11,10:00:00,234,128,106,F11MO
40,Molenlei 59,2021-09-11,11:00:00,220,112,108,F11MO
40,Molenlei 59,2021-09-11,12:00:00,234,128,106,F11MO
40,Molenlei 59,2021-09-11,13:00:00,252,148,104,F11MO
40,Molenlei 59,2021-09-11,14:00:00,212,118,94,F11MO
40,Molenlei 59,2021-09-11,15:00:00,134,78,56,F11MO
40,Molenlei 59,2021-09-11,16:00:00,226,126,100,F11MO
40,Molenlei 59,2021-09-11,17:00:00,180,86,94,F11MO
40,Molenlei 59,2021-09-11,18:00:00,144,64,80,F11MO
40,Molenlei 59,2021-09-11,19:00:00,126,84,42,F11MO
40,Molenlei 59,2021-09-11,20:00:00,86,42,44,F11MO
40,Molenlei 59,2021-09-11,21:00:00,44,22,22,F11MO
40,Molenlei 59,2021-09-11,22:00:00,56,24,32,F11MO
40,Molenlei 59,2021-09-11,23:00:00,40,10,30,F11MO
40,Molenlei 59,2021-09-12,00:00:00,34,8,26,F11MO
40,Molenlei 59,2021-09-12,01:00:00,12,0,12,F11MO
40,Molenlei 59,2021-09-12,02:00:00,24,8,16,F11MO
40,Molenlei 59,2021-09-12,03:00:00,6,4,2,F11MO
40,Molenlei 59,2021-09-12,04:00:00,22,4,18,F11MO
40,Molenlei 59,2021-09-12,05:00:00,8,8,0,F11MO
40,Molenlei 59,2021-09-12,06:00:00,24,12,12,F11MO
40,Molenlei 59,2021-09-12,07:00:00,38,12,26,F11MO
40,Molenlei 59,2021-09-12,08:00:00,136,48,88,F11MO
40,Molenlei 59,2021-09-12,09:00:00,320,172,148,F11MO
40,Molenlei 59,2021-09-12,10:00:00,380,174,206,F11MO
40,Molenlei 59,2021-09-12,11:00:00,462,284,178,F11MO
40,Molenlei 59,2021-09-12,12:00:00,480,282,198,F11MO
40,Molenlei 59,2021-09-12,13:00:00,346,182,164,F11MO
40,Molenlei 59,2021-09-12,14:00:00,398,210,188,F11MO
40,Molenlei 59,2021-09-12,15:00:00,448,236,212,F11MO
40,Molenlei 59,2021-09-12,16:00:00,342,170,172,F11MO
40,Molenlei 59,2021-09-12,17:00:00,302,120,182,F11MO
40,Molenlei 59,2021-09-12,18:00:00,254,102,152,F11MO
40,Molenlei 59,2021-09-12,19:00:00,132,58,74,F11MO
40,Molenlei 59,2021-09-12,20:00:00,74,48,26,F11MO
40,Molenlei 59,2021-09-12,21:00:00,40,18,22,F11MO
40,Molenlei 59,2021-09-12,22:00:00,22,12,10,F11MO
40,Molenlei 59,2021-09-12,23:00:00,12,4,8,F11MO
40,Molenlei 59,2021-09-13,00:00:00,6,6,0,F11MO
40,Molenlei 59,2021-09-13,01:00:00,2,0,2,F11MO
40,Molenlei 59,2021-09-13,02:00:00,0,0,0,F11MO
40,Molenlei 59,2021-09-13,03:00:00,0,0,0,F11MO
40,Molenlei 59,2021-09-13,04:00:00,8,6,2,F11MO
40,Molenlei 59,2021-09-13,05:00:00,42,30,12,F11MO
40,Molenlei 59,2021-09-13,06:00:00,128,104,24,F11MO
40,Molenlei 59,2021-09-13,07:00:00,406,290,116,F11MO
40,Molenlei 59,2021-09-13,08:00:00,1308,1012,296,F11MO
40,Molenlei 59,2021-09-13,09:00:00,252,138,114,F11MO
40,Molenlei 59,2021-09-13,10:00:00,248,152,96,F11MO
40,Molenlei 59,2021-09-13,11:00:00,246,134,112,F11MO
40,Molenlei 59,2021-09-13,12:00:00,248,152,96,F11MO
40,Molenlei 59,2021-09-13,13:00:00,326,140,186,F11MO
40,Molenlei 59,2021-09-13,14:00:00,342,168,174,F11MO
40,Molenlei 59,2021-09-13,15:00:00,630,258,372,F11MO
40,Molenlei 59,2021-09-13,16:00:00,1082,268,814,F11MO
40,Molenlei 59,2021-09-13,17:00:00,618,200,418,F11MO
40,Molenlei 59,2021-09-13,18:00:00,346,136,210,F11MO
40,Molenlei 59,2021-09-13,19:00:00,228,104,124,F11MO
40,Molenlei 59,2021-09-13,20:00:00,130,54,76,F11MO
40,Molenlei 59,2021-09-13,21:00:00,70,32,38,F11MO
40,Molenlei 59,2021-09-13,22:00:00,60,20,40,F11MO
40,Molenlei 59,2021-09-13,23:00:00,18,6,12,F11MO
40,Molenlei 59,2021-09-14,00:00:00,6,2,4,F11MO
40,Molenlei 59,2021-09-14,01:00:00,0,0,0,F11MO
40,Molenlei 59,2021-09-14,02:00:00,2,0,2,F11MO
40,Molenlei 59,2021-09-14,03:00:00,2,2,0,F11MO
40,Molenlei 59,2021-09-14,04:00:00,4,2,2,F11MO
40,Molenlei 59,2021-09-14,05:00:00,32,20,12,F11MO
40,Molenlei 59,2021-09-14,06:00:00,118,88,30,F11MO
40,Molenlei 59,2021-09-14,07:00:00,398,276,122,F11MO
40,Molenlei 59,2021-09-14,08:00:00,1136,918,218,F11MO
40,Molenlei 59,2021-09-14,09:00:00,212,112,100,F11MO
40,Molenlei 59,2021-09-14,10:00:00,218,114,104,F11MO
40,Molenlei 59,2021-09-14,11:00:00,272,150,122,F11MO
40,Molenlei 59,2021-09-14,12:00:00,336,142,194,F11MO
40,Molenlei 59,2021-09-14,13:00:00,314,142,172,F11MO
40,Molenlei 59,2021-09-14,14:00:00,146,96,50,F11MO
40,Molenlei 59,2021-09-14,15:00:00,366,148,218,F11MO
40,Molenlei 59,2021-09-14,16:00:00,1066,214,852,F11MO
40,Molenlei 59,2021-09-14,17:00:00,438,160,278,F11MO
40,Molenlei 59,2021-09-14,18:00:00,220,86,134,F11MO
40,Molenlei 59,2021-09-14,19:00:00,168,68,100,F11MO
40,Molenlei 59,2021-09-14,20:00:00,104,46,58,F11MO
40,Molenlei 59,2021-09-14,21:00:00,60,26,34,F11MO
40,Molenlei 59,2021-09-14,22:00:00,52,14,38,F11MO
40,Molenlei 59,2021-09-14,23:00:00,36,6,30,F11MO
40,Molenlei 59,2021-09-15,00:00:00,20,10,10,F11MO
40,Molenlei 59,2021-09-15,01:00:00,18,16,2,F11MO
40,Molenlei 59,2021-09-15,02:00:00,0,0,0,F11MO
40,Molenlei 59,2021-09-15,03:00:00,0,0,0,F11MO
40,Molenlei 59,2021-09-15,04:00:00,6,6,0,F11MO
40,Molenlei 59,2021-09-15,05:00:00,30,24,6,F11MO
40,Molenlei 59,2021-09-15,06:00:00,100,72,28,F11MO
40,Molenlei 59,2021-09-15,07:00:00,372,224,148,F11MO
40,Molenlei 59,2021-09-15,08:00:00,1048,842,206,F11MO
40,Molenlei 59,2021-09-15,09:00:00,212,112,100,F11MO
40,Molenlei 59,2021-09-15,10:00:00,170,104,66,F11MO
40,Molenlei 59,2021-09-15,11:00:00,276,134,142,F11MO
40,Molenlei 59,2021-09-15,12:00:00,878,210,668,F11MO
40,Molenlei 59,2021-09-15,13:00:00,380,168,212,F11MO
40,Molenlei 59,2021-09-15,14:00:00,284,124,160,F11MO
40,Molenlei 59,2021-09-15,15:00:00,342,166,176,F11MO
40,Molenlei 59,2021-09-15,16:00:00,388,162,226,F11MO
40,Molenlei 59,2021-09-15,17:00:00,368,122,246,F11MO
40,Molenlei 59,2021-09-15,18:00:00,336,124,212,F11MO
40,Molenlei 59,2021-09-15,19:00:00,216,98,118,F11MO
40,Molenlei 59,2021-09-15,20:00:00,170,118,52,F11MO
40,Molenlei 59,2021-09-15,21:00:00,64,34,30,F11MO
40,Molenlei 59,2021-09-15,22:00:00,50,10,40,F11MO
40,Molenlei 59,2021-09-15,23:00:00,30,14,16,F11MO
40,Molenlei 59,2021-09-16,00:00:00,30,10,20,F11MO
40,Molenlei 59,2021-09-16,01:00:00,2,0,2,F11MO
40,Molenlei 59,2021-09-16,02:00:00,4,0,4,F11MO
40,Molenlei 59,2021-09-16,03:00:00,8,0,8,F11MO
40,Molenlei 59,2021-09-16,04:00:00,10,8,2,F11MO
40,Molenlei 59,2021-09-16,05:00:00,30,18,12,F11MO
40,Molenlei 59,2021-09-16,06:00:00,124,94,30,F11MO
40,Molenlei 59,2021-09-16,07:00:00,426,298,128,F11MO
40,Molenlei 59,2021-09-16,08:00:00,1120,906,214,F11MO
40,Molenlei 59,2021-09-16,09:00:00,286,148,138,F11MO
40,Molenlei 59,2021-09-16,10:00:00,236,142,94,F11MO
40,Molenlei 59,2021-09-16,11:00:00,252,152,100,F11MO
40,Molenlei 59,2021-09-16,12:00:00,246,108,138,F11MO
40,Molenlei 59,2021-09-16,13:00:00,298,156,142,F11MO
40,Molenlei 59,2021-09-16,14:00:00,314,160,154,F11MO
40,Molenlei 59,2021-09-16,15:00:00,636,254,382,F11MO
40,Molenlei 59,2021-09-16,16:00:00,1114,264,850,F11MO
40,Molenlei 59,2021-09-16,17:00:00,550,202,348,F11MO
40,Molenlei 59,2021-09-16,18:00:00,286,112,174,F11MO
40,Molenlei 59,2021-09-16,19:00:00,208,110,98,F11MO
40,Molenlei 59,2021-09-16,20:00:00,180,126,54,F11MO
40,Molenlei 59,2021-09-16,21:00:00,70,28,42,F11MO
40,Molenlei 59,2021-09-16,22:00:00,90,22,68,F11MO
40,Molenlei 59,2021-09-16,23:00:00,20,6,14,F11MO
40,Molenlei 59,2021-09-17,00:00:00,12,6,6,F11MO
40,Molenlei 59,2021-09-17,01:00:00,10,2,8,F11MO
40,Molenlei 59,2021-09-17,02:00:00,10,2,8,F11MO
40,Molenlei 59,2021-09-17,03:00:00,4,2,2,F11MO
40,Molenlei 59,2021-09-17,04:00:00,4,4,0,F11MO
40,Molenlei 59,2021-09-17,05:00:00,36,22,14,F11MO
40,Molenlei 59,2021-09-17,06:00:00,88,64,24,F11MO
40,Molenlei 59,2021-09-17,07:00:00,386,242,144,F11MO
40,Molenlei 59,2021-09-17,08:00:00,1208,986,222,F11MO
40,Molenlei 59,2021-09-17,09:00:00,228,132,96,F11MO
40,Molenlei 59,2021-09-17,10:00:00,272,124,148,F11MO
40,Molenlei 59,2021-09-17,11:00:00,218,108,110,F11MO
40,Molenlei 59,2021-09-17,12:00:00,386,210,176,F11MO
40,Molenlei 59,2021-09-17,13:00:00,368,168,200,F11MO
40,Molenlei 59,2021-09-17,14:00:00,386,182,204,F11MO
40,Molenlei 59,2021-09-17,15:00:00,612,242,370,F11MO
40,Molenlei 59,2021-09-17,16:00:00,1064,274,790,F11MO
40,Molenlei 59,2021-09-17,17:00:00,514,208,306,F11MO
40,Molenlei 59,2021-09-17,18:00:00,412,176,236,F11MO
40,Molenlei 59,2021-09-17,19:00:00,214,108,106,F11MO
40,Molenlei 59,2021-09-17,20:00:00,196,82,114,F11MO
40,Molenlei 59,2021-09-17,21:00:00,104,24,80,F11MO
40,Molenlei 59,2021-09-17,22:00:00,56,14,42,F11MO
40,Molenlei 59,2021-09-17,23:00:00,50,24,26,F11MO
40,Molenlei 59,2021-09-18,00:00:00,56,28,28,F11MO
40,Molenlei 59,2021-09-18,01:00:00,32,12,20,F11MO
40,Molenlei 59,2021-09-18,02:00:00,12,4,8,F11MO
40,Molenlei 59,2021-09-18,03:00:00,8,2,6,F11MO
40,Molenlei 59,2021-09-18,04:00:00,18,4,14,F11MO
40,Molenlei 59,2021-09-18,05:00:00,26,16,10,F11MO
40,Molenlei 59,2021-09-18,06:00:00,30,14,16,F11MO
40,Molenlei 59,2021-09-18,07:00:00,52,24,28,F11MO
40,Molenlei 59,2021-09-18,08:00:00,132,74,58,F11MO
40,Molenlei 59,2021-09-18,09:00:00,242,120,122,F11MO
40,Molenlei 59,2021-09-18,10:00:00,310,162,148,F11MO
40,Molenlei 59,2021-09-18,11:00:00,354,192,162,F11MO
40,Molenlei 59,2021-09-18,12:00:00,360,220,140,F11MO
40,Molenlei 59,2021-09-18,13:00:00,406,174,232,F11MO
40,Molenlei 59,2021-09-18,14:00:00,464,210,254,F11MO
40,Molenlei 59,2021-09-18,15:00:00,348,174,174,F11MO
40,Molenlei 59,2021-09-18,16:00:00,356,194,162,F11MO
40,Molenlei 59,2021-09-18,17:00:00,318,152,166,F11MO
40,Molenlei 59,2021-09-18,18:00:00,278,176,102,F11MO
40,Molenlei 59,2021-09-18,19:00:00,166,86,80,F11MO
40,Molenlei 59,2021-09-18,20:00:00,112,50,62,F11MO
40,Molenlei 59,2021-09-18,21:00:00,92,32,60,F11MO
40,Molenlei 59,2021-09-18,22:00:00,48,30,18,F11MO
40,Molenlei 59,2021-09-18,23:00:00,28,18,10,F11MO
40,Molenlei 59,2021-09-19,00:00:00,24,10,14,F11MO
40,Molenlei 59,2021-09-19,01:00:00,16,0,16,F11MO
40,Molenlei 59,2021-09-19,02:00:00,12,4,8,F11MO
40,Molenlei 59,2021-09-19,03:00:00,12,8,4,F11MO
40,Molenlei 59,2021-09-19,04:00:00,6,2,4,F11MO
40,Molenlei 59,2021-09-19,05:00:00,16,10,6,F11MO
40,Molenlei 59,2021-09-19,06:00:00,16,4,12,F11MO
40,Molenlei 59,2021-09-19,07:00:00,42,18,24,F11MO
40,Molenlei 59,2021-09-19,08:00:00,144,64,80,F11MO
40,Molenlei 59,2021-09-19,09:00:00,210,92,118,F11MO
40,Molenlei 59,2021-09-19,10:00:00,456,208,248,F11MO
40,Molenlei 59,2021-09-19,11:00:00,458,256,202,F11MO
40,Molenlei 59,2021-09-19,12:00:00,440,206,234,F11MO
40,Molenlei 59,2021-09-19,13:00:00,416,248,168,F11MO
40,Molenlei 59,2021-09-19,14:00:00,464,232,232,F11MO
40,Molenlei 59,2021-09-19,15:00:00,350,172,178,F11MO
40,Molenlei 59,2021-09-19,16:00:00,378,212,166,F11MO
40,Molenlei 59,2021-09-19,17:00:00,360,184,176,F11MO
40,Molenlei 59,2021-09-19,18:00:00,272,154,118,F11MO
40,Molenlei 59,2021-09-19,19:00:00,126,72,54,F11MO
40,Molenlei 59,2021-09-19,20:00:00,82,54,28,F11MO
40,Molenlei 59,2021-09-19,21:00:00,58,38,20,F11MO
40,Molenlei 59,2021-09-19,22:00:00,42,16,26,F11MO
40,Molenlei 59,2021-09-19,23:00:00,10,0,10,F11MO
40,Molenlei 59,2021-09-20,00:00:00,8,4,4,F11MO
40,Molenlei 59,2021-09-20,01:00:00,0,0,0,F11MO
40,Molenlei 59,2021-09-20,02:00:00,2,0,2,F11MO
40,Molenlei 59,2021-09-20,03:00:00,4,2,2,F11MO
40,Molenlei 59,2021-09-20,04:00:00,10,8,2,F11MO
40,Molenlei 59,2021-09-20,05:00:00,44,34,10,F11MO
40,Molenlei 59,2021-09-20,06:00:00,134,106,28,F11MO
40,Molenlei 59,2021-09-20,07:00:00,462,308,154,F11MO
40,Molenlei 59,2021-09-20,08:00:00,1218,982,236,F11MO
40,Molenlei 59,2021-09-20,09:00:00,254,150,104,F11MO
40,Molenlei 59,2021-09-20,10:00:00,252,148,104,F11MO
40,Molenlei 59,2021-09-20,11:00:00,208,112,96,F11MO
40,Molenlei 59,2021-09-20,12:00:00,248,134,114,F11MO
40,Molenlei 59,2021-09-20,13:00:00,288,130,158,F11MO
40,Molenlei 59,2021-09-20,14:00:00,300,164,136,F11MO
40,Molenlei 59,2021-09-20,15:00:00,474,200,274,F11MO
40,Molenlei 59,2021-09-20,16:00:00,1118,224,894,F11MO
40,Molenlei 59,2021-09-20,17:00:00,548,232,316,F11MO
40,Molenlei 59,2021-09-20,18:00:00,370,120,250,F11MO
40,Molenlei 59,2021-09-20,19:00:00,202,92,110,F11MO
40,Molenlei 59,2021-09-20,20:00:00,118,72,46,F11MO
40,Molenlei 59,2021-09-20,21:00:00,62,36,26,F11MO
40,Molenlei 59,2021-09-20,22:00:00,50,10,40,F11MO
40,Molenlei 59,2021-09-20,23:00:00,10,6,4,F11MO
40,Molenlei 59,2021-09-21,00:00:00,6,2,4,F11MO
40,Molenlei 59,2021-09-21,01:00:00,4,2,2,F11MO
40,Molenlei 59,2021-09-21,02:00:00,2,0,2,F11MO
40,Molenlei 59,2021-09-21,03:00:00,2,0,2,F11MO
40,Molenlei 59,2021-09-21,04:00:00,10,8,2,F11MO
40,Molenlei 59,2021-09-21,05:00:00,44,32,12,F11MO
40,Molenlei 59,2021-09-21,06:00:00,146,110,36,F11MO
40,Molenlei 59,2021-09-21,07:00:00,462,326,136,F11MO
40,Molenlei 59,2021-09-21,08:00:00,1234,984,250,F11MO
40,Molenlei 59,2021-09-21,09:00:00,228,112,116,F11MO
40,Molenlei 59,2021-09-21,10:00:00,232,126,106,F11MO
40,Molenlei 59,2021-09-21,11:00:00,188,76,112,F11MO
40,Molenlei 59,2021-09-21,12:00:00,314,204,110,F11MO
40,Molenlei 59,2021-09-21,13:00:00,320,160,160,F11MO
40,Molenlei 59,2021-09-21,14:00:00,330,162,168,F11MO
40,Molenlei 59,2021-09-21,15:00:00,524,250,274,F11MO
40,Molenlei 59,2021-09-21,16:00:00,1122,234,888,F11MO
40,Molenlei 59,2021-09-21,17:00:00,620,232,388,F11MO
40,Molenlei 59,2021-09-21,18:00:00,386,170,216,F11MO
40,Molenlei 59,2021-09-21,19:00:00,258,150,108,F11MO
40,Molenlei 59,2021-09-21,20:00:00,128,50,78,F11MO
40,Molenlei 59,2021-09-21,21:00:00,64,30,34,F11MO
40,Molenlei 59,2021-09-21,22:00:00,108,34,74,F11MO
40,Molenlei 59,2021-09-21,23:00:00,20,14,6,F11MO
40,Molenlei 59,2021-09-22,00:00:00,8,6,2,F11MO
40,Molenlei 59,2021-09-22,01:00:00,8,2,6,F11MO
40,Molenlei 59,2021-09-22,02:00:00,2,2,0,F11MO
40,Molenlei 59,2021-09-22,03:00:00,4,0,4,F11MO
40,Molenlei 59,2021-09-22,04:00:00,8,6,2,F11MO
40,Molenlei 59,2021-09-22,05:00:00,42,24,18,F11MO
40,Molenlei 59,2021-09-22,06:00:00,142,102,40,F11MO
40,Molenlei 59,2021-09-22,07:00:00,452,312,140,F11MO
40,Molenlei 59,2021-09-22,08:00:00,1032,818,214,F11MO
40,Molenlei 59,2021-09-22,09:00:00,230,114,116,F11MO
40,Molenlei 59,2021-09-22,10:00:00,338,186,152,F11MO
40,Molenlei 59,2021-09-22,11:00:00,370,158,212,F11MO
40,Molenlei 59,2021-09-22,12:00:00,988,228,760,F11MO
40,Molenlei 59,2021-09-22,13:00:00,500,246,254,F11MO
40,Molenlei 59,2021-09-22,14:00:00,352,158,194,F11MO
40,Molenlei 59,2021-09-22,15:00:00,450,226,224,F11MO
40,Molenlei 59,2021-09-22,16:00:00,546,266,280,F11MO
40,Molenlei 59,2021-09-22,17:00:00,516,172,344,F11MO
40,Molenlei 59,2021-09-22,18:00:00,370,152,218,F11MO
40,Molenlei 59,2021-09-22,19:00:00,274,156,118,F11MO
40,Molenlei 59,2021-09-22,20:00:00,144,102,42,F11MO
40,Molenlei 59,2021-09-22,21:00:00,54,24,30,F11MO
40,Molenlei 59,2021-09-22,22:00:00,84,36,48,F11MO
40,Molenlei 59,2021-09-22,23:00:00,38,26,12,F11MO
40,Molenlei 59,2021-09-23,00:00:00,20,6,14,F11MO
40,Molenlei 59,2021-09-23,01:00:00,4,2,2,F11MO
40,Molenlei 59,2021-09-23,02:00:00,2,0,2,F11MO
40,Molenlei 59,2021-09-23,03:00:00,6,0,6,F11MO
40,Molenlei 59,2021-09-23,04:00:00,4,4,0,F11MO
40,Molenlei 59,2021-09-23,05:00:00,60,42,18,F11MO
40,Molenlei 59,2021-09-23,06:00:00,110,86,24,F11MO
40,Molenlei 59,2021-09-23,07:00:00,440,296,144,F11MO
40,Molenlei 59,2021-09-23,08:00:00,1332,1012,320,F11MO
40,Molenlei 59,2021-09-23,09:00:00,232,130,102,F11MO
40,Molenlei 59,2021-09-23,10:00:00,454,140,314,F11MO
40,Molenlei 59,2021-09-23,11:00:00,276,146,130,F11MO
40,Molenlei 59,2021-09-23,12:00:00,520,350,170,F11MO
40,Molenlei 59,2021-09-23,13:00:00,344,186,158,F11MO
40,Molenlei 59,2021-09-23,14:00:00,280,164,116,F11MO
40,Molenlei 59,2021-09-23,15:00:00,556,220,336,F11MO
40,Molenlei 59,2021-09-23,16:00:00,1186,252,934,F11MO
40,Molenlei 59,2021-09-23,17:00:00,502,188,314,F11MO
40,Molenlei 59,2021-09-23,18:00:00,322,122,200,F11MO
40,Molenlei 59,2021-09-23,19:00:00,208,106,102,F11MO
40,Molenlei 59,2021-09-23,20:00:00,108,58,50,F11MO
40,Molenlei 59,2021-09-23,21:00:00,72,16,56,F11MO
40,Molenlei 59,2021-09-23,22:00:00,78,18,60,F11MO
40,Molenlei 59,2021-09-23,23:00:00,32,10,22,F11MO
40,Molenlei 59,2021-09-24,00:00:00,18,10,8,F11MO
40,Molenlei 59,2021-09-24,01:00:00,14,8,6,F11MO
40,Molenlei 59,2021-09-24,02:00:00,2,0,2,F11MO
40,Molenlei 59,2021-09-24,03:00:00,4,4,0,F11MO
40,Molenlei 59,2021-09-24,04:00:00,6,6,0,F11MO
40,Molenlei 59,2021-09-24,05:00:00,34,16,18,F11MO
40,Molenlei 59,2021-09-24,06:00:00,96,70,26,F11MO
40,Molenlei 59,2021-09-24,07:00:00,398,294,104,F11MO
40,Molenlei 59,2021-09-24,08:00:00,1144,890,254,F11MO
40,Molenlei 59,2021-09-24,09:00:00,250,160,90,F11MO
40,Molenlei 59,2021-09-24,10:00:00,298,180,118,F11MO
40,Molenlei 59,2021-09-24,11:00:00,182,94,88,F11MO
40,Molenlei 59,2021-09-24,12:00:00,280,132,148,F11MO
40,Molenlei 59,2021-09-24,13:00:00,320,128,192,F11MO
40,Molenlei 59,2021-09-24,14:00:00,308,136,172,F11MO
40,Molenlei 59,2021-09-24,15:00:00,568,226,342,F11MO
40,Molenlei 59,2021-09-24,16:00:00,1072,248,824,F11MO
40,Molenlei 59,2021-09-24,17:00:00,450,186,264,F11MO
40,Molenlei 59,2021-09-24,18:00:00,340,144,196,F11MO
40,Molenlei 59,2021-09-24,19:00:00,216,114,102,F11MO
40,Molenlei 59,2021-09-24,20:00:00,148,64,84,F11MO
40,Molenlei 59,2021-09-24,21:00:00,114,46,68,F11MO
40,Molenlei 59,2021-09-24,22:00:00,62,32,30,F11MO
40,Molenlei 59,2021-09-24,23:00:00,64,28,36,F11MO
40,Molenlei 59,2021-09-25,00:00:00,40,24,16,F11MO
40,Molenlei 59,2021-09-25,01:00:00,32,8,24,F11MO
40,Molenlei 59,2021-09-25,02:00:00,12,0,12,F11MO
40,Molenlei 59,2021-09-25,03:00:00,18,6,12,F11MO
40,Molenlei 59,2021-09-25,04:00:00,20,6,14,F11MO
40,Molenlei 59,2021-09-25,05:00:00,6,6,0,F11MO
40,Molenlei 59,2021-09-25,06:00:00,16,8,8,F11MO
40,Molenlei 59,2021-09-25,07:00:00,48,26,22,F11MO
40,Molenlei 59,2021-09-25,08:00:00,100,40,60,F11MO
40,Molenlei 59,2021-09-25,09:00:00,252,86,166,F11MO
40,Molenlei 59,2021-09-25,10:00:00,220,106,114,F11MO
40,Molenlei 59,2021-09-25,11:00:00,334,176,158,F11MO
40,Molenlei 59,2021-09-25,12:00:00,316,198,118,F11MO
40,Molenlei 59,2021-09-25,13:00:00,312,142,170,F11MO
40,Molenlei 59,2021-09-25,14:00:00,460,230,230,F11MO
40,Molenlei 59,2021-09-25,15:00:00,428,220,208,F11MO
40,Molenlei 59,2021-09-25,16:00:00,372,210,162,F11MO
40,Molenlei 59,2021-09-25,17:00:00,304,158,146,F11MO
40,Molenlei 59,2021-09-25,18:00:00,298,164,134,F11MO
40,Molenlei 59,2021-09-25,19:00:00,186,104,82,F11MO
40,Molenlei 59,2021-09-25,20:00:00,154,88,66,F11MO
40,Molenlei 59,2021-09-25,21:00:00,64,30,34,F11MO
40,Molenlei 59,2021-09-25,22:00:00,46,22,24,F11MO
40,Molenlei 59,2021-09-25,23:00:00,38,20,18,F11MO
40,Molenlei 59,2021-09-26,00:00:00,54,32,22,F11MO
40,Molenlei 59,2021-09-26,01:00:00,28,12,16,F11MO
40,Molenlei 59,2021-09-26,02:00:00,8,0,8,F11MO
40,Molenlei 59,2021-09-26,03:00:00,22,4,18,F11MO
40,Molenlei 59,2021-09-26,04:00:00,10,4,6,F11MO
40,Molenlei 59,2021-09-26,05:00:00,12,2,10,F11MO
40,Molenlei 59,2021-09-26,06:00:00,30,20,10,F11MO
40,Molenlei 59,2021-09-26,07:00:00,38,16,22,F11MO
40,Molenlei 59,2021-09-26,08:00:00,150,74,76,F11MO
40,Molenlei 59,2021-09-26,09:00:00,352,158,194,F11MO
40,Molenlei 59,2021-09-26,10:00:00,320,142,178,F11MO
40,Molenlei 59,2021-09-26,11:00:00,532,256,276,F11MO
40,Molenlei 59,2021-09-26,12:00:00,476,232,244,F11MO
40,Molenlei 59,2021-09-26,13:00:00,348,174,174,F11MO
40,Molenlei 59,2021-09-26,14:00:00,274,140,134,F11MO
40,Molenlei 59,2021-09-26,15:00:00,292,156,136,F11MO
40,Molenlei 59,2021-09-26,16:00:00,234,118,116,F11MO
40,Molenlei 59,2021-09-26,17:00:00,240,106,134,F11MO
40,Molenlei 59,2021-09-26,18:00:00,220,110,110,F11MO
40,Molenlei 59,2021-09-26,19:00:00,116,62,54,F11MO
40,Molenlei 59,2021-09-26,20:00:00,60,32,28,F11MO
40,Molenlei 59,2021-09-26,21:00:00,44,20,24,F11MO
40,Molenlei 59,2021-09-26,22:00:00,32,14,18,F11MO
40,Molenlei 59,2021-09-26,23:00:00,16,8,8,F11MO
40,Molenlei 59,2021-09-27,00:00:00,6,0,6,F11MO
40,Molenlei 59,2021-09-27,01:00:00,0,0,0,F11MO
40,Molenlei 59,2021-09-27,02:00:00,2,2,0,F11MO
40,Molenlei 59,2021-09-27,03:00:00,2,2,0,F11MO
40,Molenlei 59,2021-09-27,04:00:00,10,8,2,F11MO
40,Molenlei 59,2021-09-27,05:00:00,36,26,10,F11MO
40,Molenlei 59,2021-09-27,06:00:00,130,90,40,F11MO
40,Molenlei 59,2021-09-27,07:00:00,550,366,184,F11MO
40,Molenlei 59,2021-09-27,08:00:00,1136,854,282,F11MO
40,Molenlei 59,2021-09-27,09:00:00,194,104,90,F11MO
40,Molenlei 59,2021-09-27,10:00:00,140,80,60,F11MO
40,Molenlei 59,2021-09-27,11:00:00,180,106,74,F11MO
40,Molenlei 59,2021-09-27,12:00:00,196,122,74,F11MO
40,Molenlei 59,2021-09-27,13:00:00,134,66,68,F11MO
40,Molenlei 59,2021-09-27,14:00:00,120,44,76,F11MO
40,Molenlei 59,2021-09-27,15:00:00,452,124,328,F11MO
40,Molenlei 59,2021-09-27,16:00:00,686,166,520,F11MO
40,Molenlei 59,2021-09-27,17:00:00,426,158,268,F11MO
40,Molenlei 59,2021-09-27,18:00:00,288,86,202,F11MO
40,Molenlei 59,2021-09-27,19:00:00,118,58,60,F11MO
40,Molenlei 59,2021-09-27,20:00:00,102,64,38,F11MO
40,Molenlei 59,2021-09-27,21:00:00,44,22,22,F11MO
40,Molenlei 59,2021-09-27,22:00:00,70,18,52,F11MO
40,Molenlei 59,2021-09-27,23:00:00,26,18,8,F11MO
40,Molenlei 59,2021-09-28,00:00:00,6,6,0,F11MO
40,Molenlei 59,2021-09-28,01:00:00,8,0,8,F11MO
40,Molenlei 59,2021-09-28,02:00:00,2,0,2,F11MO
40,Molenlei 59,2021-09-28,03:00:00,2,2,0,F11MO
40,Molenlei 59,2021-09-28,04:00:00,6,6,0,F11MO
40,Molenlei 59,2021-09-28,05:00:00,32,22,10,F11MO
40,Molenlei 59,2021-09-28,06:00:00,154,116,38,F11MO
40,Molenlei 59,2021-09-28,07:00:00,574,398,176,F11MO
40,Molenlei 59,2021-09-28,08:00:00,1154,930,224,F11MO
40,Molenlei 59,2021-09-28,09:00:00,240,136,104,F11MO
40,Molenlei 59,2021-09-28,10:00:00,234,122,112,F11MO
40,Molenlei 59,2021-09-28,11:00:00,246,122,124,F11MO
40,Molenlei 59,2021-09-28,12:00:00,306,172,134,F11MO
40,Molenlei 59,2021-09-28,13:00:00,376,154,222,F11MO
40,Molenlei 59,2021-09-28,14:00:00,274,108,166,F11MO
40,Molenlei 59,2021-09-28,15:00:00,572,202,370,F11MO
40,Molenlei 59,2021-09-28,16:00:00,1072,264,808,F11MO
40,Molenlei 59,2021-09-28,17:00:00,480,180,300,F11MO
40,Molenlei 59,2021-09-28,18:00:00,346,138,208,F11MO
40,Molenlei 59,2021-09-28,19:00:00,190,106,84,F11MO
40,Molenlei 59,2021-09-28,20:00:00,132,60,72,F11MO
40,Molenlei 59,2021-09-28,21:00:00,52,32,20,F11MO
40,Molenlei 59,2021-09-28,22:00:00,82,26,56,F11MO
40,Molenlei 59,2021-09-28,23:00:00,20,4,16,F11MO
40,Molenlei 59,2021-09-29,00:00:00,8,4,4,F11MO
40,Molenlei 59,2021-09-29,01:00:00,4,0,4,F11MO
40,Molenlei 59,2021-09-29,02:00:00,0,0,0,F11MO
40,Molenlei 59,2021-09-29,03:00:00,0,0,0,F11MO
40,Molenlei 59,2021-09-29,04:00:00,6,6,0,F11MO
40,Molenlei 59,2021-09-29,05:00:00,38,24,14,F11MO
40,Molenlei 59,2021-09-29,06:00:00,106,70,36,F11MO
40,Molenlei 59,2021-09-29,07:00:00,306,202,104,F11MO
40,Molenlei 59,2021-09-29,08:00:00,786,630,156,F11MO
40,Molenlei 59,2021-09-29,09:00:00,116,68,48,F11MO
40,Molenlei 59,2021-09-29,10:00:00,152,94,58,F11MO
40,Molenlei 59,2021-09-29,11:00:00,254,106,148,F11MO
40,Molenlei 59,2021-09-29,12:00:00,624,126,498,F11MO
40,Molenlei 59,2021-09-29,13:00:00,232,102,130,F11MO
40,Molenlei 59,2021-09-29,14:00:00,126,60,66,F11MO
40,Molenlei 59,2021-09-29,15:00:00,198,80,118,F11MO
40,Molenlei 59,2021-09-29,16:00:00,234,94,140,F11MO
40,Molenlei 59,2021-09-29,17:00:00,264,90,174,F11MO
40,Molenlei 59,2021-09-29,18:00:00,128,64,64,F11MO
40,Molenlei 59,2021-09-29,19:00:00,74,34,40,F11MO
40,Molenlei 59,2021-09-29,20:00:00,50,32,18,F11MO
40,Molenlei 59,2021-09-29,21:00:00,34,14,20,F11MO
40,Molenlei 59,2021-09-29,22:00:00,36,4,32,F11MO
40,Molenlei 59,2021-09-29,23:00:00,18,8,10,F11MO
40,Molenlei 59,2021-09-30,00:00:00,12,4,8,F11MO
40,Molenlei 59,2021-09-30,01:00:00,2,0,2,F11MO
40,Molenlei 59,2021-09-30,02:00:00,0,0,0,F11MO
40,Molenlei 59,2021-09-30,03:00:00,2,2,0,F11MO
40,Molenlei 59,2021-09-30,04:00:00,8,6,2,F11MO
40,Molenlei 59,2021-09-30,05:00:00,30,22,8,F11MO
40,Molenlei 59,2021-09-30,06:00:00,124,88,36,F11MO
40,Molenlei 59,2021-09-30,07:00:00,472,314,158,F11MO
40,Molenlei 59,2021-09-30,08:00:00,1002,802,200,F11MO
40,Molenlei 59,2021-09-30,09:00:00,238,108,130,F11MO
40,Molenlei 59,2021-09-30,10:00:00,200,132,68,F11MO
40,Molenlei 59,2021-09-30,11:00:00,222,126,96,F11MO
40,Molenlei 59,2021-09-30,12:00:00,254,128,126,F11MO
40,Molenlei 59,2021-09-30,13:00:00,250,146,104,F11MO
40,Molenlei 59,2021-09-30,14:00:00,246,152,94,F11MO
40,Molenlei 59,2021-09-30,15:00:00,418,162,256,F11MO
40,Molenlei 59,2021-09-30,16:00:00,710,208,502,F11MO
40,Molenlei 59,2021-09-30,17:00:00,442,128,314,F11MO
40,Molenlei 59,2021-09-30,18:00:00,260,112,148,F11MO
40,Molenlei 59,2021-09-30,19:00:00,124,68,56,F11MO
40,Molenlei 59,2021-09-30,20:00:00,94,56,38,F11MO
40,Molenlei 59,2021-09-30,21:00:00,70,22,48,F11MO
40,Molenlei 59,2021-09-30,22:00:00,66,28,38,F11MO
40,Molenlei 59,2021-09-30,23:00:00,44,20,24,F11MO
40,Molenlei 59,2021-10-01,00:00:00,34,16,18,F11MO
40,Molenlei 59,2021-10-01,01:00:00,10,2,8,F11MO
40,Molenlei 59,2021-10-01,02:00:00,0,0,0,F11MO
40,Molenlei 59,2021-10-01,03:00:00,0,0,0,F11MO
40,Molenlei 59,2021-10-01,04:00:00,12,8,4,F11MO
40,Molenlei 59,2021-10-01,05:00:00,28,16,12,F11MO
40,Molenlei 59,2021-10-01,06:00:00,72,46,26,F11MO
40,Molenlei 59,2021-10-01,07:00:00,362,248,114,F11MO
40,Molenlei 59,2021-10-01,08:00:00,830,586,244,F11MO
40,Molenlei 59,2021-10-01,09:00:00,168,88,80,F11MO
40,Molenlei 59,2021-10-01,10:00:00,162,104,58,F11MO
40,Molenlei 59,2021-10-01,11:00:00,156,74,82,F11MO
40,Molenlei 59,2021-10-01,12:00:00,192,102,90,F11MO
40,Molenlei 59,2021-10-01,13:00:00,184,88,96,F11MO
40,Molenlei 59,2021-10-01,14:00:00,188,86,102,F11MO
40,Molenlei 59,2021-10-01,15:00:00,334,108,226,F11MO
40,Molenlei 59,2021-10-01,16:00:00,506,166,340,F11MO
40,Molenlei 59,2021-10-01,17:00:00,238,88,150,F11MO
40,Molenlei 59,2021-10-01,18:00:00,184,64,120,F11MO
40,Molenlei 59,2021-10-01,19:00:00,108,58,50,F11MO
40,Molenlei 59,2021-10-01,20:00:00,74,38,36,F11MO
40,Molenlei 59,2021-10-01,21:00:00,106,34,72,F11MO
40,Molenlei 59,2021-10-01,22:00:00,78,32,46,F11MO
40,Molenlei 59,2021-10-01,23:00:00,22,8,14,F11MO
40,Molenlei 59,2021-10-02,00:00:00,22,12,10,F11MO
40,Molenlei 59,2021-10-02,01:00:00,18,2,16,F11MO
40,Molenlei 59,2021-10-02,02:00:00,30,14,16,F11MO
40,Molenlei 59,2021-10-02,03:00:00,26,26,0,F11MO
40,Molenlei 59,2021-10-02,04:00:00,12,12,0,F11MO
40,Molenlei 59,2021-10-02,05:00:00,12,10,2,F11MO
40,Molenlei 59,2021-10-02,06:00:00,28,10,18,F11MO
40,Molenlei 59,2021-10-02,07:00:00,18,6,12,F11MO
40,Molenlei 59,2021-10-02,08:00:00,54,24,30,F11MO
40,Molenlei 59,2021-10-02,09:00:00,138,60,78,F11MO
40,Molenlei 59,2021-10-02,10:00:00,206,68,138,F11MO
40,Molenlei 59,2021-10-02,11:00:00,268,154,114,F11MO
40,Molenlei 59,2021-10-02,12:00:00,208,136,72,F11MO
40,Molenlei 59,2021-10-02,13:00:00,196,114,82,F11MO
40,Molenlei 59,2021-10-02,14:00:00,176,86,90,F11MO
40,Molenlei 59,2021-10-02,15:00:00,150,90,60,F11MO
40,Molenlei 59,2021-10-02,16:00:00,130,62,68,F11MO
40,Molenlei 59,2021-10-02,17:00:00,148,70,78,F11MO
40,Molenlei 59,2021-10-02,18:00:00,76,42,34,F11MO
40,Molenlei 59,2021-10-02,19:00:00,58,24,34,F11MO
40,Molenlei 59,2021-10-02,20:00:00,36,24,12,F11MO
40,Molenlei 59,2021-10-02,21:00:00,24,8,16,F11MO
40,Molenlei 59,2021-10-02,22:00:00,16,4,12,F11MO
40,Molenlei 59,2021-10-02,23:00:00,18,8,10,F11MO
40,Molenlei 59,2021-10-03,00:00:00,14,14,0,F11MO
40,Molenlei 59,2021-10-03,01:00:00,0,0,0,F11MO
40,Molenlei 59,2021-10-03,02:00:00,8,6,2,F11MO
40,Molenlei 59,2021-10-03,03:00:00,0,0,0,F11MO
40,Molenlei 59,2021-10-03,04:00:00,4,0,4,F11MO
40,Molenlei 59,2021-10-03,05:00:00,0,0,0,F11MO
40,Molenlei 59,2021-10-03,06:00:00,2,2,0,F11MO
40,Molenlei 59,2021-10-03,07:00:00,10,2,8,F11MO
40,Molenlei 59,2021-10-03,08:00:00,36,16,20,F11MO
40,Molenlei 59,2021-10-03,09:00:00,38,22,16,F11MO
40,Molenlei 59,2021-10-03,10:00:00,44,16,28,F11MO
40,Molenlei 59,2021-10-03,11:00:00,74,26,48,F11MO
40,Molenlei 59,2021-10-03,12:00:00,32,22,10,F11MO
40,Molenlei 59,2021-10-03,13:00:00,36,16,20,F11MO
40,Molenlei 59,2021-10-03,14:00:00,52,30,22,F11MO
40,Molenlei 59,2021-10-03,15:00:00,90,30,60,F11MO
40,Molenlei 59,2021-10-03,16:00:00,78,54,24,F11MO
40,Molenlei 59,2021-10-03,17:00:00,118,48,70,F11MO
40,Molenlei 59,2021-10-03,18:00:00,118,74,44,F11MO
40,Molenlei 59,2021-10-03,19:00:00,46,20,26,F11MO
40,Molenlei 59,2021-10-03,20:00:00,44,28,16,F11MO
40,Molenlei 59,2021-10-03,21:00:00,30,16,14,F11MO
40,Molenlei 59,2021-10-03,22:00:00,18,4,14,F11MO
40,Molenlei 59,2021-10-03,23:00:00,4,0,4,F11MO
40,Molenlei 59,2021-10-04,00:00:00,4,4,0,F11MO
40,Molenlei 59,2021-10-04,01:00:00,4,4,0,F11MO
40,Molenlei 59,2021-10-04,02:00:00,0,0,0,F11MO
40,Molenlei 59,2021-10-04,03:00:00,0,0,0,F11MO
40,Molenlei 59,2021-10-04,04:00:00,6,4,2,F11MO
40,Molenlei 59,2021-10-04,05:00:00,40,28,12,F11MO
40,Molenlei 59,2021-10-04,06:00:00,126,86,40,F11MO
40,Molenlei 59,2021-10-04,07:00:00,350,244,106,F11MO
40,Molenlei 59,2021-10-04,08:00:00,806,612,194,F11MO
40,Molenlei 59,2021-10-04,09:00:00,142,94,48,F11MO
40,Molenlei 59,2021-10-04,10:00:00,166,94,72,F11MO
40,Molenlei 59,2021-10-04,11:00:00,210,114,96,F11MO
40,Molenlei 59,2021-10-04,12:00:00,196,106,90,F11MO
40,Molenlei 59,2021-10-04,13:00:00,206,94,112,F11MO
40,Molenlei 59,2021-10-04,14:00:00,264,118,146,F11MO
40,Molenlei 59,2021-10-04,15:00:00,358,136,222,F11MO
40,Molenlei 59,2021-10-04,16:00:00,596,170,426,F11MO
40,Molenlei 59,2021-10-04,17:00:00,472,178,294,F11MO
40,Molenlei 59,2021-10-04,18:00:00,278,102,176,F11MO
40,Molenlei 59,2021-10-04,19:00:00,158,96,62,F11MO
40,Molenlei 59,2021-10-04,20:00:00,74,50,24,F11MO
40,Molenlei 59,2021-10-04,21:00:00,36,16,20,F11MO
40,Molenlei 59,2021-10-04,22:00:00,60,20,40,F11MO
40,Molenlei 59,2021-10-04,23:00:00,16,8,8,F11MO
40,Molenlei 59,2021-10-05,00:00:00,12,4,8,F11MO
40,Molenlei 59,2021-10-05,01:00:00,2,0,2,F11MO
40,Molenlei 59,2021-10-05,02:00:00,0,0,0,F11MO
40,Molenlei 59,2021-10-05,03:00:00,0,0,0,F11MO
40,Molenlei 59,2021-10-05,04:00:00,2,2,0,F11MO
40,Molenlei 59,2021-10-05,05:00:00,40,26,14,F11MO
40,Molenlei 59,2021-10-05,06:00:00,84,56,28,F11MO
40,Molenlei 59,2021-10-05,07:00:00,396,244,152,F11MO
40,Molenlei 59,2021-10-05,08:00:00,378,242,136,F11MO
40,Molenlei 59,2021-10-05,09:00:00,190,118,72,F11MO
40,Molenlei 59,2021-10-05,10:00:00,204,108,96,F11MO
40,Molenlei 59,2021-10-05,11:00:00,142,54,88,F11MO
40,Molenlei 59,2021-10-05,12:00:00,148,78,70,F11MO
40,Molenlei 59,2021-10-05,13:00:00,102,48,54,F11MO
40,Molenlei 59,2021-10-05,14:00:00,84,38,46,F11MO
40,Molenlei 59,2021-10-05,15:00:00,144,52,92,F11MO
40,Molenlei 59,2021-10-05,16:00:00,380,132,248,F11MO
40,Molenlei 59,2021-10-05,17:00:00,376,130,246,F11MO
40,Molenlei 59,2021-10-05,18:00:00,206,88,118,F11MO
40,Molenlei 59,2021-10-05,19:00:00,188,68,120,F11MO
40,Molenlei 59,2021-10-05,20:00:00,82,40,42,F11MO
40,Molenlei 59,2021-10-05,21:00:00,52,28,24,F11MO
40,Molenlei 59,2021-10-05,22:00:00,56,16,40,F11MO
40,Molenlei 59,2021-10-05,23:00:00,36,24,12,F11MO
40,Molenlei 59,2021-10-06,00:00:00,24,16,8,F11MO
40,Molenlei 59,2021-10-06,01:00:00,18,14,4,F11MO
40,Molenlei 59,2021-10-06,02:00:00,20,18,2,F11MO
40,Molenlei 59,2021-10-06,03:00:00,22,22,0,F11MO
40,Molenlei 59,2021-10-06,04:00:00,22,20,2,F11MO
40,Molenlei 59,2021-10-06,05:00:00,28,18,10,F11MO
40,Molenlei 59,2021-10-06,06:00:00,54,30,24,F11MO
40,Molenlei 59,2021-10-06,07:00:00,230,128,102,F11MO
40,Molenlei 59,2021-10-06,08:00:00,254,168,86,F11MO
40,Molenlei 59,2021-10-06,09:00:00,66,34,32,F11MO
40,Molenlei 59,2021-10-06,10:00:00,28,20,8,F11MO
40,Molenlei 59,2021-10-06,11:00:00,74,26,48,F11MO
40,Molenlei 59,2021-10-06,12:00:00,218,94,124,F11MO
40,Molenlei 59,2021-10-06,13:00:00,144,68,76,F11MO
40,Molenlei 59,2021-10-06,14:00:00,108,46,62,F11MO
40,Molenlei 59,2021-10-06,15:00:00,114,46,68,F11MO
40,Molenlei 59,2021-10-06,16:00:00,186,80,106,F11MO
40,Molenlei 59,2021-10-06,17:00:00,238,90,148,F11MO
40,Molenlei 59,2021-10-06,18:00:00,128,46,82,F11MO
40,Molenlei 59,2021-10-06,19:00:00,94,48,46,F11MO
40,Molenlei 59,2021-10-06,20:00:00,52,32,20,F11MO
40,Molenlei 59,2021-10-06,21:00:00,46,26,20,F11MO
40,Molenlei 59,2021-10-06,22:00:00,36,8,28,F11MO
40,Molenlei 59,2021-10-06,23:00:00,12,2,10,F11MO
40,Molenlei 59,2021-10-07,00:00:00,2,0,2,F11MO
40,Molenlei 59,2021-10-07,01:00:00,4,2,2,F11MO
40,Molenlei 59,2021-10-07,02:00:00,2,0,2,F11MO
40,Molenlei 59,2021-10-07,03:00:00,2,0,2,F11MO
40,Molenlei 59,2021-10-07,04:00:00,4,4,0,F11MO
40,Molenlei 59,2021-10-07,05:00:00,40,26,14,F11MO
40,Molenlei 59,2021-10-07,06:00:00,102,68,34,F11MO
40,Molenlei 59,2021-10-07,07:00:00,386,246,140,F11MO
40,Molenlei 59,2021-10-07,08:00:00,572,340,232,F11MO
40,Molenlei 59,2021-10-07,09:00:00,260,88,172,F11MO
40,Molenlei 59,2021-10-07,10:00:00,132,80,52,F11MO
40,Molenlei 59,2021-10-07,11:00:00,190,98,92,F11MO
40,Molenlei 59,2021-10-07,12:00:00,198,102,96,F11MO
40,Molenlei 59,2021-10-07,13:00:00,230,110,120,F11MO
40,Molenlei 59,2021-10-07,14:00:00,208,102,106,F11MO
40,Molenlei 59,2021-10-07,15:00:00,540,310,230,F11MO
40,Molenlei 59,2021-10-07,16:00:00,560,188,372,F11MO
40,Molenlei 59,2021-10-07,17:00:00,422,138,284,F11MO
40,Molenlei 59,2021-10-07,18:00:00,300,122,178,F11MO
40,Molenlei 59,2021-10-07,19:00:00,110,50,60,F11MO
40,Molenlei 59,2021-10-07,20:00:00,58,36,22,F11MO
40,Molenlei 59,2021-10-07,21:00:00,58,26,32,F11MO
40,Molenlei 59,2021-10-07,22:00:00,66,20,46,F11MO
40,Molenlei 59,2021-10-07,23:00:00,26,6,20,F11MO
40,Molenlei 59,2021-10-08,00:00:00,12,2,10,F11MO
40,Molenlei 59,2021-10-08,01:00:00,6,4,2,F11MO
40,Molenlei 59,2021-10-08,02:00:00,2,0,2,F11MO
40,Molenlei 59,2021-10-08,03:00:00,4,2,2,F11MO
40,Molenlei 59,2021-10-08,04:00:00,8,6,2,F11MO
40,Molenlei 59,2021-10-08,05:00:00,34,20,14,F11MO
40,Molenlei 59,2021-10-08,06:00:00,92,58,34,F11MO
40,Molenlei 59,2021-10-08,07:00:00,304,192,112,F11MO
40,Molenlei 59,2021-10-08,08:00:00,440,292,148,F11MO
40,Molenlei 59,2021-10-08,09:00:00,122,80,42,F11MO
40,Molenlei 59,2021-10-08,10:00:00,124,52,72,F11MO
40,Molenlei 59,2021-10-08,11:00:00,156,78,78,F11MO
40,Molenlei 59,2021-10-08,12:00:00,240,104,136,F11MO
40,Molenlei 59,2021-10-08,13:00:00,264,134,130,F11MO
40,Molenlei 59,2021-10-08,14:00:00,274,94,180,F11MO
40,Molenlei 59,2021-10-08,15:00:00,442,170,272,F11MO
40,Molenlei 59,2021-10-08,16:00:00,552,214,338,F11MO
40,Molenlei 59,2021-10-08,17:00:00,396,160,236,F11MO
40,Molenlei 59,2021-10-08,18:00:00,256,118,138,F11MO
40,Molenlei 59,2021-10-08,19:00:00,156,76,80,F11MO
40,Molenlei 59,2021-10-08,20:00:00,130,66,64,F11MO
40,Molenlei 59,2021-10-08,21:00:00,56,22,34,F11MO
40,Molenlei 59,2021-10-08,22:00:00,60,16,44,F11MO
40,Molenlei 59,2021-10-08,23:00:00,24,4,20,F11MO
40,Molenlei 59,2021-10-09,00:00:00,26,6,20,F11MO
40,Molenlei 59,2021-10-09,01:00:00,14,2,12,F11MO
40,Molenlei 59,2021-10-09,02:00:00,6,2,4,F11MO
40,Molenlei 59,2021-10-09,03:00:00,20,6,14,F11MO
40,Molenlei 59,2021-10-09,04:00:00,14,8,6,F11MO
40,Molenlei 59,2021-10-09,05:00:00,16,10,6,F11MO
40,Molenlei 59,2021-10-09,06:00:00,18,4,14,F11MO
40,Molenlei 59,2021-10-09,07:00:00,20,8,12,F11MO
40,Molenlei 59,2021-10-09,08:00:00,64,26,38,F11MO
40,Molenlei 59,2021-10-09,09:00:00,164,50,114,F11MO
40,Molenlei 59,2021-10-09,10:00:00,218,114,104,F11MO
40,Molenlei 59,2021-10-09,11:00:00,252,100,152,F11MO
40,Molenlei 59,2021-10-09,12:00:00,262,140,122,F11MO
40,Molenlei 59,2021-10-09,13:00:00,372,182,190,F11MO
40,Molenlei 59,2021-10-09,14:00:00,350,134,216,F11MO
40,Molenlei 59,2021-10-09,15:00:00,300,150,150,F11MO
40,Molenlei 59,2021-10-09,16:00:00,322,208,114,F11MO
40,Molenlei 59,2021-10-09,17:00:00,262,134,128,F11MO
40,Molenlei 59,2021-10-09,18:00:00,174,114,60,F11MO
40,Molenlei 59,2021-10-09,19:00:00,100,44,56,F11MO
40,Molenlei 59,2021-10-09,20:00:00,60,30,30,F11MO
40,Molenlei 59,2021-10-09,21:00:00,70,30,40,F11MO
40,Molenlei 59,2021-10-09,22:00:00,38,8,30,F11MO
40,Molenlei 59,2021-10-09,23:00:00,20,12,8,F11MO
40,Molenlei 59,2021-10-10,00:00:00,16,0,16,F11MO
40,Molenlei 59,2021-10-10,01:00:00,10,4,6,F11MO
40,Molenlei 59,2021-10-10,02:00:00,10,4,6,F11MO
40,Molenlei 59,2021-10-10,03:00:00,0,0,0,F11MO
40,Molenlei 59,2021-10-10,04:00:00,6,4,2,F11MO
40,Molenlei 59,2021-10-10,05:00:00,6,4,2,F11MO
40,Molenlei 59,2021-10-10,06:00:00,32,12,20,F11MO
40,Molenlei 59,2021-10-10,07:00:00,14,6,8,F11MO
40,Molenlei 59,2021-10-10,08:00:00,86,50,36,F11MO
40,Molenlei 59,2021-10-10,09:00:00,210,50,160,F11MO
40,Molenlei 59,2021-10-10,10:00:00,318,142,176,F11MO
40,Molenlei 59,2021-10-10,11:00:00,310,186,124,F11MO
40,Molenlei 59,2021-10-10,12:00:00,320,198,122,F11MO
40,Molenlei 59,2021-10-10,13:00:00,346,204,142,F11MO
40,Molenlei 59,2021-10-10,14:00:00,370,178,192,F11MO
40,Molenlei 59,2021-10-10,15:00:00,278,126,152,F11MO
40,Molenlei 59,2021-10-10,16:00:00,270,140,130,F11MO
40,Molenlei 59,2021-10-10,17:00:00,280,142,138,F11MO
40,Molenlei 59,2021-10-10,18:00:00,206,92,114,F11MO
40,Molenlei 59,2021-10-10,19:00:00,94,40,54,F11MO
40,Molenlei 59,2021-10-10,20:00:00,66,46,20,F11MO
40,Molenlei 59,2021-10-10,21:00:00,32,16,16,F11MO
40,Molenlei 59,2021-10-10,22:00:00,32,10,22,F11MO
40,Molenlei 59,2021-10-10,23:00:00,20,6,14,F11MO
40,Molenlei 59,2021-10-11,00:00:00,4,0,4,F11MO
40,Molenlei 59,2021-10-11,01:00:00,0,0,0,F11MO
40,Molenlei 59,2021-10-11,02:00:00,2,0,2,F11MO
40,Molenlei 59,2021-10-11,03:00:00,0,0,0,F11MO
40,Molenlei 59,2021-10-11,04:00:00,12,12,0,F11MO
40,Molenlei 59,2021-10-11,05:00:00,24,14,10,F11MO
40,Molenlei 59,2021-10-11,06:00:00,146,102,44,F11MO
40,Molenlei 59,2021-10-11,07:00:00,342,198,144,F11MO
40,Molenlei 59,2021-10-11,08:00:00,486,348,138,F11MO
40,Molenlei 59,2021-10-11,09:00:00,130,78,52,F11MO
40,Molenlei 59,2021-10-11,10:00:00,96,40,56,F11MO
40,Molenlei 59,2021-10-11,11:00:00,98,54,44,F11MO
40,Molenlei 59,2021-10-11,12:00:00,152,70,82,F11MO
40,Molenlei 59,2021-10-11,13:00:00,142,90,52,F11MO
40,Molenlei 59,2021-10-11,14:00:00,184,74,110,F11MO
40,Molenlei 59,2021-10-11,15:00:00,308,110,198,F11MO
40,Molenlei 59,2021-10-11,16:00:00,462,134,328,F11MO
40,Molenlei 59,2021-10-11,17:00:00,378,140,238,F11MO
40,Molenlei 59,2021-10-11,18:00:00,176,50,126,F11MO
40,Molenlei 59,2021-10-11,19:00:00,152,58,94,F11MO
40,Molenlei 59,2021-10-11,20:00:00,64,34,30,F11MO
40,Molenlei 59,2021-10-11,21:00:00,44,22,22,F11MO
40,Molenlei 59,2021-10-11,22:00:00,32,12,20,F11MO
40,Molenlei 59,2021-10-11,23:00:00,16,8,8,F11MO
40,Molenlei 59,2021-10-12,00:00:00,4,2,2,F11MO
40,Molenlei 59,2021-10-12,01:00:00,4,0,4,F11MO
40,Molenlei 59,2021-10-12,02:00:00,2,0,2,F11MO
40,Molenlei 59,2021-10-12,03:00:00,0,0,0,F11MO
40,Molenlei 59,2021-10-12,04:00:00,14,12,2,F11MO
40,Molenlei 59,2021-10-12,05:00:00,32,20,12,F11MO
40,Molenlei 59,2021-10-12,06:00:00,96,64,32,F11MO
40,Molenlei 59,2021-10-12,07:00:00,372,238,134,F11MO
40,Molenlei 59,2021-10-12,08:00:00,396,268,128,F11MO
40,Molenlei 59,2021-10-12,09:00:00,106,56,50,F11MO
40,Molenlei 59,2021-10-12,10:00:00,64,18,46,F11MO
40,Molenlei 59,2021-10-12,11:00:00,84,38,46,F11MO
40,Molenlei 59,2021-10-12,12:00:00,104,46,58,F11MO
40,Molenlei 59,2021-10-12,13:00:00,98,54,44,F11MO
40,Molenlei 59,2021-10-12,14:00:00,76,32,44,F11MO
40,Molenlei 59,2021-10-12,15:00:00,188,50,138,F11MO
40,Molenlei 59,2021-10-12,16:00:00,388,138,250,F11MO
40,Molenlei 59,2021-10-12,17:00:00,306,110,196,F11MO
40,Molenlei 59,2021-10-12,18:00:00,168,60,108,F11MO
40,Molenlei 59,2021-10-12,19:00:00,78,24,54,F11MO
40,Molenlei 59,2021-10-12,20:00:00,56,24,32,F11MO
40,Molenlei 59,2021-10-12,21:00:00,46,24,22,F11MO
40,Molenlei 59,2021-10-12,22:00:00,48,18,30,F11MO
40,Molenlei 59,2021-10-12,23:00:00,12,4,8,F11MO
40,Molenlei 59,2021-10-13,00:00:00,8,0,8,F11MO
40,Molenlei 59,2021-10-13,01:00:00,0,0,0,F11MO
40,Molenlei 59,2021-10-13,02:00:00,0,0,0,F11MO
40,Molenlei 59,2021-10-13,03:00:00,0,0,0,F11MO
40,Molenlei 59,2021-10-13,04:00:00,8,6,2,F11MO
40,Molenlei 59,2021-10-13,05:00:00,30,14,16,F11MO
40,Molenlei 59,2021-10-13,06:00:00,104,70,34,F11MO
40,Molenlei 59,2021-10-13,07:00:00,338,192,146,F11MO
40,Molenlei 59,2021-10-13,08:00:00,376,252,124,F11MO
40,Molenlei 59,2021-10-13,09:00:00,142,58,84,F11MO
40,Molenlei 59,2021-10-13,10:00:00,108,62,46,F11MO
40,Molenlei 59,2021-10-13,11:00:00,250,70,180,F11MO
40,Molenlei 59,2021-10-13,12:00:00,298,156,142,F11MO
40,Molenlei 59,2021-10-13,13:00:00,226,112,114,F11MO
40,Molenlei 59,2021-10-13,14:00:00,204,82,122,F11MO
40,Molenlei 59,2021-10-13,15:00:00,256,112,144,F11MO
40,Molenlei 59,2021-10-13,16:00:00,336,124,212,F11MO
40,Molenlei 59,2021-10-13,17:00:00,306,114,192,F11MO
40,Molenlei 59,2021-10-13,18:00:00,202,108,94,F11MO
40,Molenlei 59,2021-10-13,19:00:00,108,68,40,F11MO
40,Molenlei 59,2021-10-13,20:00:00,62,30,32,F11MO
40,Molenlei 59,2021-10-13,21:00:00,44,28,16,F11MO
40,Molenlei 59,2021-10-13,22:00:00,50,10,40,F11MO
40,Molenlei 59,2021-10-13,23:00:00,10,4,6,F11MO
40,Molenlei 59,2021-10-14,00:00:00,12,6,6,F11MO
40,Molenlei 59,2021-10-14,01:00:00,14,4,10,F11MO
40,Molenlei 59,2021-10-14,02:00:00,0,0,0,F11MO
40,Molenlei 59,2021-10-14,03:00:00,2,0,2,F11MO
40,Molenlei 59,2021-10-14,04:00:00,8,2,6,F11MO
40,Molenlei 59,2021-10-14,05:00:00,36,26,10,F11MO
40,Molenlei 59,2021-10-14,06:00:00,96,70,26,F11MO
40,Molenlei 59,2021-10-14,07:00:00,376,234,142,F11MO
40,Molenlei 59,2021-10-14,08:00:00,468,306,162,F11MO
40,Molenlei 59,2021-10-14,09:00:00,110,48,62,F11MO
40,Molenlei 59,2021-10-14,10:00:00,144,74,70,F11MO
40,Molenlei 59,2021-10-14,11:00:00,92,42,50,F11MO
40,Molenlei 59,2021-10-14,12:00:00,156,88,68,F11MO
40,Molenlei 59,2021-10-14,13:00:00,174,80,94,F11MO
40,Molenlei 59,2021-10-14,14:00:00,178,78,100,F11MO
40,Molenlei 59,2021-10-14,15:00:00,292,118,174,F11MO
40,Molenlei 59,2021-10-14,16:00:00,454,156,298,F11MO
40,Molenlei 59,2021-10-14,17:00:00,374,108,266,F11MO
40,Molenlei 59,2021-10-14,18:00:00,212,78,134,F11MO
40,Molenlei 59,2021-10-14,19:00:00,130,68,62,F11MO
40,Molenlei 59,2021-10-14,20:00:00,70,32,38,F11MO
40,Molenlei 59,2021-10-14,21:00:00,40,18,22,F11MO
40,Molenlei 59,2021-10-14,22:00:00,58,12,46,F11MO
40,Molenlei 59,2021-10-14,23:00:00,24,12,12,F11MO
40,Molenlei 59,2021-10-15,00:00:00,10,6,4,F11MO
40,Molenlei 59,2021-10-15,01:00:00,10,2,8,F11MO
40,Molenlei 59,2021-10-15,02:00:00,6,0,6,F11MO
40,Molenlei 59,2021-10-15,03:00:00,0,0,0,F11MO
40,Molenlei 59,2021-10-15,04:00:00,6,4,2,F11MO
40,Molenlei 59,2021-10-15,05:00:00,28,16,12,F11MO
40,Molenlei 59,2021-10-15,06:00:00,84,62,22,F11MO
40,Molenlei 59,2021-10-15,07:00:00,288,190,98,F11MO
40,Molenlei 59,2021-10-15,08:00:00,388,234,154,F11MO
40,Molenlei 59,2021-10-15,09:00:00,400,350,50,F11MO
40,Molenlei 59,2021-10-15,10:00:00,80,36,44,F11MO
40,Molenlei 59,2021-10-15,11:00:00,78,48,30,F11MO
40,Molenlei 59,2021-10-15,12:00:00,132,58,74,F11MO
40,Molenlei 59,2021-10-15,13:00:00,136,68,68,F11MO
40,Molenlei 59,2021-10-15,14:00:00,154,64,90,F11MO
40,Molenlei 59,2021-10-15,15:00:00,560,98,462,F11MO
40,Molenlei 59,2021-10-15,16:00:00,414,152,262,F11MO
40,Molenlei 59,2021-10-15,17:00:00,318,114,204,F11MO
40,Molenlei 59,2021-10-15,18:00:00,196,84,112,F11MO
40,Molenlei 59,2021-10-15,19:00:00,90,40,50,F11MO
40,Molenlei 59,2021-10-15,20:00:00,70,36,34,F11MO
40,Molenlei 59,2021-10-15,21:00:00,34,18,16,F11MO
40,Molenlei 59,2021-10-15,22:00:00,46,16,30,F11MO
40,Molenlei 59,2021-10-15,23:00:00,16,2,14,F11MO
40,Molenlei 59,2021-10-16,00:00:00,22,14,8,F11MO
40,Molenlei 59,2021-10-16,01:00:00,24,6,18,F11MO
40,Molenlei 59,2021-10-16,02:00:00,6,4,2,F11MO
40,Molenlei 59,2021-10-16,03:00:00,12,6,6,F11MO
40,Molenlei 59,2021-10-16,04:00:00,10,10,0,F11MO
40,Molenlei 59,2021-10-16,05:00:00,20,16,4,F11MO
40,Molenlei 59,2021-10-16,06:00:00,34,12,22,F11MO
40,Molenlei 59,2021-10-16,07:00:00,24,10,14,F11MO
40,Molenlei 59,2021-10-16,08:00:00,58,26,32,F11MO
40,Molenlei 59,2021-10-16,09:00:00,110,42,68,F11MO
40,Molenlei 59,2021-10-16,10:00:00,172,72,100,F11MO
40,Molenlei 59,2021-10-16,11:00:00,186,108,78,F11MO
40,Molenlei 59,2021-10-16,12:00:00,166,80,86,F11MO
40,Molenlei 59,2021-10-16,13:00:00,194,90,104,F11MO
40,Molenlei 59,2021-10-16,14:00:00,322,158,164,F11MO
40,Molenlei 59,2021-10-16,15:00:00,330,164,166,F11MO
40,Molenlei 59,2021-10-16,16:00:00,300,170,130,F11MO
40,Molenlei 59,2021-10-16,17:00:00,242,116,126,F11MO
40,Molenlei 59,2021-10-16,18:00:00,116,50,66,F11MO
40,Molenlei 59,2021-10-16,19:00:00,94,50,44,F11MO
40,Molenlei 59,2021-10-16,20:00:00,62,36,26,F11MO
40,Molenlei 59,2021-10-16,21:00:00,44,28,16,F11MO
40,Molenlei 59,2021-10-16,22:00:00,34,18,16,F11MO
40,Molenlei 59,2021-10-16,23:00:00,26,16,10,F11MO
40,Molenlei 59,2021-10-17,00:00:00,16,6,10,F11MO
40,Molenlei 59,2021-10-17,01:00:00,16,4,12,F11MO
40,Molenlei 59,2021-10-17,02:00:00,2,0,2,F11MO
40,Molenlei 59,2021-10-17,03:00:00,8,0,8,F11MO
40,Molenlei 59,2021-10-17,04:00:00,2,2,0,F11MO
40,Molenlei 59,2021-10-17,05:00:00,26,20,6,F11MO
40,Molenlei 59,2021-10-17,06:00:00,22,12,10,F11MO
40,Molenlei 59,2021-10-17,07:00:00,20,6,14,F11MO
40,Molenlei 59,2021-10-17,08:00:00,78,40,38,F11MO
40,Molenlei 59,2021-10-17,09:00:00,256,86,170,F11MO
40,Molenlei 59,2021-10-17,10:00:00,252,102,150,F11MO
40,Molenlei 59,2021-10-17,11:00:00,300,148,152,F11MO
40,Molenlei 59,2021-10-17,12:00:00,298,170,128,F11MO
40,Molenlei 59,2021-10-17,13:00:00,294,128,166,F11MO
40,Molenlei 59,2021-10-17,14:00:00,288,138,150,F11MO
40,Molenlei 59,2021-10-17,15:00:00,332,144,188,F11MO
40,Molenlei 59,2021-10-17,16:00:00,272,174,98,F11MO
40,Molenlei 59,2021-10-17,17:00:00,164,102,62,F11MO
40,Molenlei 59,2021-10-17,18:00:00,92,58,34,F11MO
40,Molenlei 59,2021-10-17,19:00:00,70,38,32,F11MO
40,Molenlei 59,2021-10-17,20:00:00,38,16,22,F11MO
40,Molenlei 59,2021-10-17,21:00:00,34,18,16,F11MO
40,Molenlei 59,2021-10-17,22:00:00,8,6,2,F11MO
40,Molenlei 59,2021-10-17,23:00:00,20,6,14,F11MO
40,Molenlei 59,2021-10-18,00:00:00,2,0,2,F11MO
40,Molenlei 59,2021-10-18,01:00:00,2,0,2,F11MO
40,Molenlei 59,2021-10-18,02:00:00,2,0,2,F11MO
40,Molenlei 59,2021-10-18,03:00:00,0,0,0,F11MO
40,Molenlei 59,2021-10-18,04:00:00,6,6,0,F11MO
40,Molenlei 59,2021-10-18,05:00:00,42,30,12,F11MO
40,Molenlei 59,2021-10-18,06:00:00,130,98,32,F11MO
40,Molenlei 59,2021-10-18,07:00:00,346,236,110,F11MO
40,Molenlei 59,2021-10-18,08:00:00,476,330,146,F11MO
40,Molenlei 59,2021-10-18,09:00:00,120,68,52,F11MO
40,Molenlei 59,2021-10-18,10:00:00,118,66,52,F11MO
40,Molenlei 59,2021-10-18,11:00:00,130,58,72,F11MO
40,Molenlei 59,2021-10-18,12:00:00,164,108,56,F11MO
40,Molenlei 59,2021-10-18,13:00:00,162,66,96,F11MO
40,Molenlei 59,2021-10-18,14:00:00,192,84,108,F11MO
40,Molenlei 59,2021-10-18,15:00:00,356,134,222,F11MO
40,Molenlei 59,2021-10-18,16:00:00,532,186,346,F11MO
40,Molenlei 59,2021-10-18,17:00:00,416,154,262,F11MO
40,Molenlei 59,2021-10-18,18:00:00,248,92,156,F11MO
40,Molenlei 59,2021-10-18,19:00:00,96,48,48,F11MO
40,Molenlei 59,2021-10-18,20:00:00,68,34,34,F11MO
40,Molenlei 59,2021-10-18,21:00:00,34,16,18,F11MO
40,Molenlei 59,2021-10-18,22:00:00,52,6,46,F11MO
40,Molenlei 59,2021-10-18,23:00:00,14,4,10,F11MO
40,Molenlei 59,2021-10-19,00:00:00,6,2,4,F11MO
40,Molenlei 59,2021-10-19,01:00:00,4,4,0,F11MO
40,Molenlei 59,2021-10-19,02:00:00,0,0,0,F11MO
40,Molenlei 59,2021-10-19,03:00:00,2,0,2,F11MO
40,Molenlei 59,2021-10-19,04:00:00,4,4,0,F11MO
40,Molenlei 59,2021-10-19,05:00:00,32,20,12,F11MO
40,Molenlei 59,2021-10-19,06:00:00,90,70,20,F11MO
40,Molenlei 59,2021-10-19,07:00:00,354,210,144,F11MO
40,Molenlei 59,2021-10-19,08:00:00,410,300,110,F11MO
40,Molenlei 59,2021-10-19,09:00:00,98,48,50,F11MO
40,Molenlei 59,2021-10-19,10:00:00,80,30,50,F11MO
40,Molenlei 59,2021-10-19,11:00:00,70,38,32,F11MO
40,Molenlei 59,2021-10-19,12:00:00,126,64,62,F11MO
40,Molenlei 59,2021-10-19,13:00:00,118,68,50,F11MO
40,Molenlei 59,2021-10-19,14:00:00,140,70,70,F11MO
40,Molenlei 59,2021-10-19,15:00:00,254,82,172,F11MO
40,Molenlei 59,2021-10-19,16:00:00,418,128,290,F11MO
40,Molenlei 59,2021-10-19,17:00:00,334,114,220,F11MO
40,Molenlei 59,2021-10-19,18:00:00,194,90,104,F11MO
40,Molenlei 59,2021-10-19,19:00:00,102,46,56,F11MO
40,Molenlei 59,2021-10-19,20:00:00,50,26,24,F11MO
40,Molenlei 59,2021-10-19,21:00:00,28,18,10,F11MO
40,Molenlei 59,2021-10-19,22:00:00,72,20,52,F11MO
40,Molenlei 59,2021-10-19,23:00:00,10,4,6,F11MO
40,Molenlei 59,2021-10-20,00:00:00,14,4,10,F11MO
40,Molenlei 59,2021-10-20,01:00:00,4,0,4,F11MO
40,Molenlei 59,2021-10-20,02:00:00,6,0,6,F11MO
40,Molenlei 59,2021-10-20,03:00:00,0,0,0,F11MO
40,Molenlei 59,2021-10-20,04:00:00,8,8,0,F11MO
40,Molenlei 59,2021-10-20,05:00:00,24,20,4,F11MO
40,Molenlei 59,2021-10-20,06:00:00,104,72,32,F11MO
40,Molenlei 59,2021-10-20,07:00:00,280,158,122,F11MO
40,Molenlei 59,2021-10-20,08:00:00,390,278,112,F11MO
40,Molenlei 59,2021-10-20,09:00:00,98,68,30,F11MO
40,Molenlei 59,2021-10-20,10:00:00,146,88,58,F11MO
40,Molenlei 59,2021-10-20,11:00:00,150,50,100,F11MO
40,Molenlei 59,2021-10-20,12:00:00,270,114,156,F11MO
40,Molenlei 59,2021-10-20,13:00:00,210,104,106,F11MO
40,Molenlei 59,2021-10-20,14:00:00,136,52,84,F11MO
40,Molenlei 59,2021-10-20,15:00:00,182,80,102,F11MO
40,Molenlei 59,2021-10-20,16:00:00,232,86,146,F11MO
40,Molenlei 59,2021-10-20,17:00:00,252,72,180,F11MO
40,Molenlei 59,2021-10-20,18:00:00,194,72,122,F11MO
40,Molenlei 59,2021-10-20,19:00:00,96,52,44,F11MO
40,Molenlei 59,2021-10-20,20:00:00,48,26,22,F11MO
40,Molenlei 59,2021-10-20,21:00:00,24,4,20,F11MO
40,Molenlei 59,2021-10-20,22:00:00,44,14,30,F11MO
40,Molenlei 59,2021-10-20,23:00:00,14,4,10,F11MO
40,Molenlei 59,2021-10-21,00:00:00,8,2,6,F11MO
40,Molenlei 59,2021-10-21,01:00:00,6,2,4,F11MO
40,Molenlei 59,2021-10-21,02:00:00,12,4,8,F11MO
40,Molenlei 59,2021-10-21,03:00:00,0,0,0,F11MO
40,Molenlei 59,2021-10-21,04:00:00,2,2,0,F11MO
40,Molenlei 59,2021-10-21,05:00:00,28,22,6,F11MO
40,Molenlei 59,2021-10-21,06:00:00,40,26,14,F11MO
40,Molenlei 59,2021-10-21,07:00:00,130,68,62,F11MO
40,Molenlei 59,2021-10-21,08:00:00,286,192,94,F11MO
40,Molenlei 59,2021-10-21,09:00:00,102,50,52,F11MO
40,Molenlei 59,2021-10-21,10:00:00,50,16,34,F11MO
40,Molenlei 59,2021-10-21,11:00:00,66,42,24,F11MO
40,Molenlei 59,2021-10-21,12:00:00,66,32,34,F11MO
40,Molenlei 59,2021-10-21,13:00:00,76,38,38,F11MO
40,Molenlei 59,2021-10-21,14:00:00,88,46,42,F11MO
40,Molenlei 59,2021-10-21,15:00:00,142,42,100,F11MO
40,Molenlei 59,2021-10-21,16:00:00,244,86,158,F11MO
40,Molenlei 59,2021-10-21,17:00:00,182,62,120,F11MO
40,Molenlei 59,2021-10-21,18:00:00,90,44,46,F11MO
40,Molenlei 59,2021-10-21,19:00:00,62,20,42,F11MO
40,Molenlei 59,2021-10-21,20:00:00,30,14,16,F11MO
40,Molenlei 59,2021-10-21,21:00:00,28,12,16,F11MO
40,Molenlei 59,2021-10-21,22:00:00,32,14,18,F11MO
40,Molenlei 59,2021-10-21,23:00:00,22,8,14,F11MO
40,Molenlei 59,2021-10-22,00:00:00,8,2,6,F11MO
40,Molenlei 59,2021-10-22,01:00:00,6,4,2,F11MO
40,Molenlei 59,2021-10-22,02:00:00,2,0,2,F11MO
40,Molenlei 59,2021-10-22,03:00:00,0,0,0,F11MO
40,Molenlei 59,2021-10-22,04:00:00,8,8,0,F11MO
40,Molenlei 59,2021-10-22,05:00:00,32,24,8,F11MO
40,Molenlei 59,2021-10-22,06:00:00,94,56,38,F11MO
40,Molenlei 59,2021-10-22,07:00:00,278,152,126,F11MO
40,Molenlei 59,2021-10-22,08:00:00,384,252,132,F11MO
40,Molenlei 59,2021-10-22,09:00:00,84,38,46,F11MO
40,Molenlei 59,2021-10-22,10:00:00,142,88,54,F11MO
40,Molenlei 59,2021-10-22,11:00:00,116,46,70,F11MO
40,Molenlei 59,2021-10-22,12:00:00,160,94,66,F11MO
40,Molenlei 59,2021-10-22,13:00:00,134,72,62,F11MO
40,Molenlei 59,2021-10-22,14:00:00,96,40,56,F11MO
40,Molenlei 59,2021-10-22,15:00:00,214,72,142,F11MO
40,Molenlei 59,2021-10-22,16:00:00,328,132,196,F11MO
40,Molenlei 59,2021-10-22,17:00:00,250,80,170,F11MO
40,Molenlei 59,2021-10-22,18:00:00,170,72,98,F11MO
40,Molenlei 59,2021-10-22,19:00:00,100,36,64,F11MO
40,Molenlei 59,2021-10-22,20:00:00,36,16,20,F11MO
40,Molenlei 59,2021-10-22,21:00:00,34,14,20,F11MO
40,Molenlei 59,2021-10-22,22:00:00,54,24,30,F11MO
40,Molenlei 59,2021-10-22,23:00:00,26,6,20,F11MO
40,Molenlei 59,2021-10-23,00:00:00,20,4,16,F11MO
40,Molenlei 59,2021-10-23,01:00:00,20,2,18,F11MO
40,Molenlei 59,2021-10-23,02:00:00,16,8,8,F11MO
40,Molenlei 59,2021-10-23,03:00:00,14,8,6,F11MO
40,Molenlei 59,2021-10-23,04:00:00,10,6,4,F11MO
40,Molenlei 59,2021-10-23,05:00:00,48,42,6,F11MO
40,Molenlei 59,2021-10-23,06:00:00,24,12,12,F11MO
40,Molenlei 59,2021-10-23,07:00:00,26,14,12,F11MO
40,Molenlei 59,2021-10-23,08:00:00,44,20,24,F11MO
40,Molenlei 59,2021-10-23,09:00:00,104,42,62,F11MO
40,Molenlei 59,2021-10-23,10:00:00,146,72,74,F11MO
40,Molenlei 59,2021-10-23,11:00:00,182,102,80,F11MO
40,Molenlei 59,2021-10-23,12:00:00,154,86,68,F11MO
40,Molenlei 59,2021-10-23,13:00:00,196,92,104,F11MO
40,Molenlei 59,2021-10-23,14:00:00,232,132,100,F11MO
40,Molenlei 59,2021-10-23,15:00:00,258,128,130,F11MO
40,Molenlei 59,2021-10-23,16:00:00,228,124,104,F11MO
40,Molenlei 59,2021-10-23,17:00:00,138,64,74,F11MO
40,Molenlei 59,2021-10-23,18:00:00,110,64,46,F11MO
40,Molenlei 59,2021-10-23,19:00:00,98,38,60,F11MO
40,Molenlei 59,2021-10-23,20:00:00,48,26,22,F11MO
40,Molenlei 59,2021-10-23,21:00:00,34,12,22,F11MO
40,Molenlei 59,2021-10-23,22:00:00,36,12,24,F11MO
40,Molenlei 59,2021-10-23,23:00:00,14,6,8,F11MO
40,Molenlei 59,2021-10-24,00:00:00,30,26,4,F11MO
40,Molenlei 59,2021-10-24,01:00:00,10,6,4,F11MO
40,Molenlei 59,2021-10-24,02:00:00,20,16,4,F11MO
40,Molenlei 59,2021-10-24,03:00:00,8,4,4,F11MO
40,Molenlei 59,2021-10-24,04:00:00,2,2,0,F11MO
40,Molenlei 59,2021-10-24,05:00:00,14,12,2,F11MO
40,Molenlei 59,2021-10-24,06:00:00,24,10,14,F11MO
40,Molenlei 59,2021-10-24,07:00:00,18,4,14,F11MO
40,Molenlei 59,2021-10-24,08:00:00,96,50,46,F11MO
40,Molenlei 59,2021-10-24,09:00:00,178,64,114,F11MO
40,Molenlei 59,2021-10-24,10:00:00,232,76,156,F11MO
40,Molenlei 59,2021-10-24,11:00:00,254,148,106,F11MO
40,Molenlei 59,2021-10-24,12:00:00,358,210,148,F11MO
40,Molenlei 59,2021-10-24,13:00:00,370,196,174,F11MO
40,Molenlei 59,2021-10-24,14:00:00,380,166,214,F11MO
40,Molenlei 59,2021-10-24,15:00:00,308,176,132,F11MO
40,Molenlei 59,2021-10-24,16:00:00,252,152,100,F11MO
40,Molenlei 59,2021-10-24,17:00:00,246,148,98,F11MO
40,Molenlei 59,2021-10-24,18:00:00,128,56,72,F11MO
40,Molenlei 59,2021-10-24,19:00:00,46,20,26,F11MO
40,Molenlei 59,2021-10-24,20:00:00,36,24,12,F11MO
40,Molenlei 59,2021-10-24,21:00:00,26,10,16,F11MO
40,Molenlei 59,2021-10-24,22:00:00,18,2,16,F11MO
40,Molenlei 59,2021-10-24,23:00:00,2,0,2,F11MO
40,Molenlei 59,2021-10-25,00:00:00,2,2,0,F11MO
40,Molenlei 59,2021-10-25,01:00:00,2,0,2,F11MO
40,Molenlei 59,2021-10-25,02:00:00,0,0,0,F11MO
40,Molenlei 59,2021-10-25,03:00:00,0,0,0,F11MO
40,Molenlei 59,2021-10-25,04:00:00,4,2,2,F11MO
40,Molenlei 59,2021-10-25,05:00:00,26,18,8,F11MO
40,Molenlei 59,2021-10-25,06:00:00,86,64,22,F11MO
40,Molenlei 59,2021-10-25,07:00:00,330,216,114,F11MO
40,Molenlei 59,2021-10-25,08:00:00,484,310,174,F11MO
40,Molenlei 59,2021-10-25,09:00:00,102,72,30,F11MO
40,Molenlei 59,2021-10-25,10:00:00,78,48,30,F11MO
40,Molenlei 59,2021-10-25,11:00:00,96,42,54,F11MO
40,Molenlei 59,2021-10-25,12:00:00,118,58,60,F11MO
40,Molenlei 59,2021-10-25,13:00:00,106,50,56,F11MO
40,Molenlei 59,2021-10-25,14:00:00,140,60,80,F11MO
40,Molenlei 59,2021-10-25,15:00:00,278,80,198,F11MO
40,Molenlei 59,2021-10-25,16:00:00,450,144,306,F11MO
40,Molenlei 59,2021-10-25,17:00:00,348,130,218,F11MO
40,Molenlei 59,2021-10-25,18:00:00,194,82,112,F11MO
40,Molenlei 59,2021-10-25,19:00:00,68,32,36,F11MO
40,Molenlei 59,2021-10-25,20:00:00,48,30,18,F11MO
40,Molenlei 59,2021-10-25,21:00:00,38,14,24,F11MO
40,Molenlei 59,2021-10-25,22:00:00,44,10,34,F11MO
40,Molenlei 59,2021-10-25,23:00:00,16,6,10,F11MO
40,Molenlei 59,2021-10-26,00:00:00,0,0,0,F11MO
40,Molenlei 59,2021-10-26,01:00:00,0,0,0,F11MO
40,Molenlei 59,2021-10-26,02:00:00,0,0,0,F11MO
40,Molenlei 59,2021-10-26,03:00:00,0,0,0,F11MO
40,Molenlei 59,2021-10-26,04:00:00,4,4,0,F11MO
40,Molenlei 59,2021-10-26,05:00:00,38,26,12,F11MO
40,Molenlei 59,2021-10-26,06:00:00,122,98,24,F11MO
40,Molenlei 59,2021-10-26,07:00:00,382,234,148,F11MO
40,Molenlei 59,2021-10-26,08:00:00,422,296,126,F11MO
40,Molenlei 59,2021-10-26,09:00:00,134,70,64,F11MO
40,Molenlei 59,2021-10-26,10:00:00,76,46,30,F11MO
40,Molenlei 59,2021-10-26,11:00:00,108,48,60,F11MO
40,Molenlei 59,2021-10-26,12:00:00,130,64,66,F11MO
40,Molenlei 59,2021-10-26,13:00:00,162,84,78,F11MO
40,Molenlei 59,2021-10-26,14:00:00,144,60,84,F11MO
40,Molenlei 59,2021-10-26,15:00:00,274,100,174,F11MO
40,Molenlei 59,2021-10-26,16:00:00,470,144,326,F11MO
40,Molenlei 59,2021-10-26,17:00:00,398,146,252,F11MO
40,Molenlei 59,2021-10-26,18:00:00,208,90,118,F11MO
40,Molenlei 59,2021-10-26,19:00:00,86,34,52,F11MO
40,Molenlei 59,2021-10-26,20:00:00,48,20,28,F11MO
40,Molenlei 59,2021-10-26,21:00:00,42,28,14,F11MO
40,Molenlei 59,2021-10-26,22:00:00,60,20,40,F11MO
40,Molenlei 59,2021-10-26,23:00:00,14,4,10,F11MO
40,Molenlei 59,2021-10-27,00:00:00,6,0,6,F11MO
40,Molenlei 59,2021-10-27,01:00:00,2,0,2,F11MO
40,Molenlei 59,2021-10-27,02:00:00,2,0,2,F11MO
40,Molenlei 59,2021-10-27,03:00:00,2,2,0,F11MO
40,Molenlei 59,2021-10-27,04:00:00,6,2,4,F11MO
40,Molenlei 59,2021-10-27,05:00:00,32,20,12,F11MO
40,Molenlei 59,2021-10-27,06:00:00,114,76,38,F11MO
40,Molenlei 59,2021-10-27,07:00:00,324,200,124,F11MO
40,Molenlei 59,2021-10-27,08:00:00,422,304,118,F11MO
40,Molenlei 59,2021-10-27,09:00:00,154,90,64,F11MO
40,Molenlei 59,2021-10-27,10:00:00,176,108,68,F11MO
40,Molenlei 59,2021-10-27,11:00:00,258,122,136,F11MO
40,Molenlei 59,2021-10-27,12:00:00,360,146,214,F11MO
40,Molenlei 59,2021-10-27,13:00:00,284,142,142,F11MO
40,Molenlei 59,2021-10-27,14:00:00,208,102,106,F11MO
40,Molenlei 59,2021-10-27,15:00:00,272,130,142,F11MO
40,Molenlei 59,2021-10-27,16:00:00,346,132,214,F11MO
40,Molenlei 59,2021-10-27,17:00:00,346,124,222,F11MO
40,Molenlei 59,2021-10-27,18:00:00,238,98,140,F11MO
40,Molenlei 59,2021-10-27,19:00:00,78,36,42,F11MO
40,Molenlei 59,2021-10-27,20:00:00,70,28,42,F11MO
40,Molenlei 59,2021-10-27,21:00:00,74,36,38,F11MO
40,Molenlei 59,2021-10-27,22:00:00,56,16,40,F11MO
40,Molenlei 59,2021-10-27,23:00:00,26,6,20,F11MO
40,Molenlei 59,2021-10-28,00:00:00,12,10,2,F11MO
40,Molenlei 59,2021-10-28,01:00:00,2,2,0,F11MO
40,Molenlei 59,2021-10-28,02:00:00,0,0,0,F11MO
40,Molenlei 59,2021-10-28,03:00:00,4,0,4,F11MO
40,Molenlei 59,2021-10-28,04:00:00,6,4,2,F11MO
40,Molenlei 59,2021-10-28,05:00:00,34,22,12,F11MO
40,Molenlei 59,2021-10-28,06:00:00,114,86,28,F11MO
40,Molenlei 59,2021-10-28,07:00:00,320,210,110,F11MO
40,Molenlei 59,2021-10-28,08:00:00,430,300,130,F11MO
40,Molenlei 59,2021-10-28,09:00:00,158,84,74,F11MO
40,Molenlei 59,2021-10-28,10:00:00,164,66,98,F11MO
40,Molenlei 59,2021-10-28,11:00:00,120,74,46,F11MO
40,Molenlei 59,2021-10-28,12:00:00,172,90,82,F11MO
40,Molenlei 59,2021-10-28,13:00:00,186,74,112,F11MO
40,Molenlei 59,2021-10-28,14:00:00,240,112,128,F11MO
40,Molenlei 59,2021-10-28,15:00:00,318,130,188,F11MO
40,Molenlei 59,2021-10-28,16:00:00,516,204,312,F11MO
40,Molenlei 59,2021-10-28,17:00:00,394,136,258,F11MO
40,Molenlei 59,2021-10-28,18:00:00,210,78,132,F11MO
40,Molenlei 59,2021-10-28,19:00:00,108,60,48,F11MO
40,Molenlei 59,2021-10-28,20:00:00,40,22,18,F11MO
40,Molenlei 59,2021-10-28,21:00:00,52,22,30,F11MO
40,Molenlei 59,2021-10-28,22:00:00,44,6,38,F11MO
40,Molenlei 59,2021-10-28,23:00:00,24,12,12,F11MO
40,Molenlei 59,2021-10-29,00:00:00,14,6,8,F11MO
40,Molenlei 59,2021-10-29,01:00:00,8,6,2,F11MO
40,Molenlei 59,2021-10-29,02:00:00,2,2,0,F11MO
40,Molenlei 59,2021-10-29,03:00:00,0,0,0,F11MO
40,Molenlei 59,2021-10-29,04:00:00,10,6,4,F11MO
40,Molenlei 59,2021-10-29,05:00:00,20,10,10,F11MO
40,Molenlei 59,2021-10-29,06:00:00,76,46,30,F11MO
40,Molenlei 59,2021-10-29,07:00:00,292,186,106,F11MO
40,Molenlei 59,2021-10-29,08:00:00,338,216,122,F11MO
40,Molenlei 59,2021-10-29,09:00:00,138,78,60,F11MO
40,Molenlei 59,2021-10-29,10:00:00,140,48,92,F11MO
40,Molenlei 59,2021-10-29,11:00:00,152,68,84,F11MO
40,Molenlei 59,2021-10-29,12:00:00,170,78,92,F11MO
40,Molenlei 59,2021-10-29,13:00:00,184,86,98,F11MO
40,Molenlei 59,2021-10-29,14:00:00,238,110,128,F11MO
40,Molenlei 59,2021-10-29,15:00:00,332,134,198,F11MO
40,Molenlei 59,2021-10-29,16:00:00,384,142,242,F11MO
40,Molenlei 59,2021-10-29,17:00:00,166,54,112,F11MO
40,Molenlei 59,2021-10-29,18:00:00,156,58,98,F11MO
40,Molenlei 59,2021-10-29,19:00:00,88,44,44,F11MO
40,Molenlei 59,2021-10-29,20:00:00,74,34,40,F11MO
40,Molenlei 59,2021-10-29,21:00:00,40,20,20,F11MO
40,Molenlei 59,2021-10-29,22:00:00,38,26,12,F11MO
40,Molenlei 59,2021-10-29,23:00:00,16,6,10,F11MO
40,Molenlei 59,2021-10-30,00:00:00,10,4,6,F11MO
40,Molenlei 59,2021-10-30,01:00:00,32,14,18,F11MO
40,Molenlei 59,2021-10-30,02:00:00,8,4,4,F11MO
40,Molenlei 59,2021-10-30,03:00:00,2,0,2,F11MO
40,Molenlei 59,2021-10-30,04:00:00,8,8,0,F11MO
40,Molenlei 59,2021-10-30,05:00:00,14,6,8,F11MO
40,Molenlei 59,2021-10-30,06:00:00,22,4,18,F11MO
40,Molenlei 59,2021-10-30,07:00:00,18,4,14,F11MO
40,Molenlei 59,2021-10-30,08:00:00,26,14,12,F11MO
40,Molenlei 59,2021-10-30,09:00:00,48,16,32,F11MO
40,Molenlei 59,2021-10-30,10:00:00,34,20,14,F11MO
40,Molenlei 59,2021-10-30,11:00:00,46,28,18,F11MO
40,Molenlei 59,2021-10-30,12:00:00,52,28,24,F11MO
40,Molenlei 59,2021-10-30,13:00:00,64,30,34,F11MO
40,Molenlei 59,2021-10-30,14:00:00,94,42,52,F11MO
40,Molenlei 59,2021-10-30,15:00:00,92,60,32,F11MO
40,Molenlei 59,2021-10-30,16:00:00,76,34,42,F11MO
40,Molenlei 59,2021-10-30,17:00:00,68,36,32,F11MO
40,Molenlei 59,2021-10-30,18:00:00,54,30,24,F11MO
40,Molenlei 59,2021-10-30,19:00:00,58,26,32,F11MO
40,Molenlei 59,2021-10-30,20:00:00,14,6,8,F11MO
40,Molenlei 59,2021-10-30,21:00:00,20,10,10,F11MO
40,Molenlei 59,2021-10-30,22:00:00,10,0,10,F11MO
40,Molenlei 59,2021-10-30,23:00:00,10,4,6,F11MO
40,Molenlei 59,2021-10-31,00:00:00,8,6,2,F11MO
40,Molenlei 59,2021-10-31,01:00:00,6,4,2,F11MO
40,Molenlei 59,2021-10-31,02:00:00,14,8,6,F11MO
40,Molenlei 59,2021-10-31,03:00:00,16,4,12,F11MO
40,Molenlei 59,2021-10-31,04:00:00,10,6,4,F11MO
40,Molenlei 59,2021-10-31,05:00:00,22,6,16,F11MO
40,Molenlei 59,2021-10-31,06:00:00,24,8,16,F11MO
40,Molenlei 59,2021-10-31,07:00:00,26,8,18,F11MO
40,Molenlei 59,2021-10-31,08:00:00,78,40,38,F11MO
40,Molenlei 59,2021-10-31,09:00:00,190,74,116,F11MO
40,Molenlei 59,2021-10-31,10:00:00,230,96,134,F11MO
40,Molenlei 59,2021-10-31,11:00:00,346,214,132,F11MO
40,Molenlei 59,2021-10-31,12:00:00,220,144,76,F11MO
40,Molenlei 59,2021-10-31,13:00:00,118,68,50,F11MO
40,Molenlei 59,2021-10-31,14:00:00,126,72,54,F11MO
40,Molenlei 59,2021-10-31,15:00:00,56,30,26,F11MO
40,Molenlei 59,2021-10-31,16:00:00,22,14,8,F11MO
40,Molenlei 59,2021-10-31,17:00:00,46,26,20,F11MO
40,Molenlei 59,2021-10-31,18:00:00,40,22,18,F11MO
40,Molenlei 59,2021-10-31,19:00:00,66,34,32,F11MO
40,Molenlei 59,2021-10-31,20:00:00,32,14,18,F11MO
40,Molenlei 59,2021-10-31,21:00:00,30,14,16,F11MO
40,Molenlei 59,2021-10-31,22:00:00,36,20,16,F11MO
40,Molenlei 59,2021-10-31,23:00:00,8,6,2,F11MO
40,Molenlei 59,2021-11-01,00:00:00,10,0,10,F11MO
40,Molenlei 59,2021-11-01,01:00:00,8,2,6,F11MO
40,Molenlei 59,2021-11-01,02:00:00,10,4,6,F11MO
40,Molenlei 59,2021-11-01,03:00:00,2,2,0,F11MO
40,Molenlei 59,2021-11-01,04:00:00,2,0,2,F11MO
40,Molenlei 59,2021-11-01,05:00:00,10,10,0,F11MO
40,Molenlei 59,2021-11-01,06:00:00,16,6,10,F11MO
40,Molenlei 59,2021-11-01,07:00:00,24,14,10,F11MO
40,Molenlei 59,2021-11-01,08:00:00,40,20,20,F11MO
40,Molenlei 59,2021-11-01,09:00:00,118,38,80,F11MO
40,Molenlei 59,2021-11-01,10:00:00,174,68,106,F11MO
40,Molenlei 59,2021-11-01,11:00:00,170,98,72,F11MO
40,Molenlei 59,2021-11-01,12:00:00,132,80,52,F11MO
40,Molenlei 59,2021-11-01,13:00:00,116,56,60,F11MO
40,Molenlei 59,2021-11-01,14:00:00,150,74,76,F11MO
40,Molenlei 59,2021-11-01,15:00:00,118,66,52,F11MO
40,Molenlei 59,2021-11-01,16:00:00,96,48,48,F11MO
40,Molenlei 59,2021-11-01,17:00:00,64,28,36,F11MO
40,Molenlei 59,2021-11-01,18:00:00,50,18,32,F11MO
40,Molenlei 59,2021-11-01,19:00:00,18,6,12,F11MO
40,Molenlei 59,2021-11-01,20:00:00,52,34,18,F11MO
40,Molenlei 59,2021-11-01,21:00:00,8,6,2,F11MO
40,Molenlei 59,2021-11-01,22:00:00,6,2,4,F11MO
40,Molenlei 59,2021-11-01,23:00:00,2,2,0,F11MO
40,Molenlei 59,2021-11-02,00:00:00,10,6,4,F11MO
40,Molenlei 59,2021-11-02,01:00:00,4,0,4,F11MO
40,Molenlei 59,2021-11-02,02:00:00,2,0,2,F11MO
40,Molenlei 59,2021-11-02,03:00:00,2,0,2,F11MO
40,Molenlei 59,2021-11-02,04:00:00,8,6,2,F11MO
40,Molenlei 59,2021-11-02,05:00:00,20,10,10,F11MO
40,Molenlei 59,2021-11-02,06:00:00,58,34,24,F11MO
40,Molenlei 59,2021-11-02,07:00:00,134,74,60,F11MO
40,Molenlei 59,2021-11-02,08:00:00,136,76,60,F11MO
40,Molenlei 59,2021-11-02,09:00:00,70,42,28,F11MO
40,Molenlei 59,2021-11-02,10:00:00,40,28,12,F11MO
40,Molenlei 59,2021-11-02,11:00:00,58,30,28,F11MO
40,Molenlei 59,2021-11-02,12:00:00,74,40,34,F11MO
40,Molenlei 59,2021-11-02,13:00:00,66,40,26,F11MO
40,Molenlei 59,2021-11-02,14:00:00,84,42,42,F11MO
40,Molenlei 59,2021-11-02,15:00:00,128,52,76,F11MO
40,Molenlei 59,2021-11-02,16:00:00,194,68,126,F11MO
40,Molenlei 59,2021-11-02,17:00:00,162,68,94,F11MO
40,Molenlei 59,2021-11-02,18:00:00,106,44,62,F11MO
40,Molenlei 59,2021-11-02,19:00:00,40,24,16,F11MO
40,Molenlei 59,2021-11-02,20:00:00,42,16,26,F11MO
40,Molenlei 59,2021-11-02,21:00:00,24,8,16,F11MO
40,Molenlei 59,2021-11-02,22:00:00,22,12,10,F11MO
40,Molenlei 59,2021-11-02,23:00:00,18,14,4,F11MO
40,Molenlei 59,2021-11-03,00:00:00,8,2,6,F11MO
40,Molenlei 59,2021-11-03,01:00:00,6,4,2,F11MO
40,Molenlei 59,2021-11-03,02:00:00,0,0,0,F11MO
40,Molenlei 59,2021-11-03,03:00:00,2,2,0,F11MO
40,Molenlei 59,2021-11-03,04:00:00,12,10,2,F11MO
40,Molenlei 59,2021-11-03,05:00:00,20,10,10,F11MO
40,Molenlei 59,2021-11-03,06:00:00,80,48,32,F11MO
40,Molenlei 59,2021-11-03,07:00:00,180,116,64,F11MO
40,Molenlei 59,2021-11-03,08:00:00,162,104,58,F11MO
40,Molenlei 59,2021-11-03,09:00:00,122,62,60,F11MO
40,Molenlei 59,2021-11-03,10:00:00,128,70,58,F11MO
40,Molenlei 59,2021-11-03,11:00:00,124,66,58,F11MO
40,Molenlei 59,2021-11-03,12:00:00,142,72,70,F11MO
40,Molenlei 59,2021-11-03,13:00:00,148,72,76,F11MO
40,Molenlei 59,2021-11-03,14:00:00,178,82,96,F11MO
40,Molenlei 59,2021-11-03,15:00:00,192,84,108,F11MO
40,Molenlei 59,2021-11-03,16:00:00,272,98,174,F11MO
40,Molenlei 59,2021-11-03,17:00:00,242,70,172,F11MO
40,Molenlei 59,2021-11-03,18:00:00,112,50,62,F11MO
40,Molenlei 59,2021-11-03,19:00:00,70,36,34,F11MO
40,Molenlei 59,2021-11-03,20:00:00,22,16,6,F11MO
40,Molenlei 59,2021-11-03,21:00:00,16,10,6,F11MO
40,Molenlei 59,2021-11-03,22:00:00,22,0,22,F11MO
40,Molenlei 59,2021-11-03,23:00:00,16,8,8,F11MO
40,Molenlei 59,2021-11-04,00:00:00,14,2,12,F11MO
40,Molenlei 59,2021-11-04,01:00:00,4,2,2,F11MO
40,Molenlei 59,2021-11-04,02:00:00,2,0,2,F11MO
40,Molenlei 59,2021-11-04,03:00:00,4,0,4,F11MO
40,Molenlei 59,2021-11-04,04:00:00,10,10,0,F11MO
40,Molenlei 59,2021-11-04,05:00:00,32,20,12,F11MO
40,Molenlei 59,2021-11-04,06:00:00,66,40,26,F11MO
40,Molenlei 59,2021-11-04,07:00:00,172,100,72,F11MO
40,Molenlei 59,2021-11-04,08:00:00,180,102,78,F11MO
40,Molenlei 59,2021-11-04,09:00:00,94,52,42,F11MO
40,Molenlei 59,2021-11-04,10:00:00,108,50,58,F11MO
40,Molenlei 59,2021-11-04,11:00:00,102,68,34,F11MO
40,Molenlei 59,2021-11-04,12:00:00,76,40,36,F11MO
40,Molenlei 59,2021-11-04,13:00:00,60,28,32,F11MO
40,Molenlei 59,2021-11-04,14:00:00,132,52,80,F11MO
40,Molenlei 59,2021-11-04,15:00:00,142,60,82,F11MO
40,Molenlei 59,2021-11-04,16:00:00,208,74,134,F11MO
40,Molenlei 59,2021-11-04,17:00:00,226,88,138,F11MO
40,Molenlei 59,2021-11-04,18:00:00,90,36,54,F11MO
40,Molenlei 59,2021-11-04,19:00:00,34,14,20,F11MO
40,Molenlei 59,2021-11-04,20:00:00,46,20,26,F11MO
40,Molenlei 59,2021-11-04,21:00:00,14,4,10,F11MO
40,Molenlei 59,2021-11-04,22:00:00,34,10,24,F11MO
40,Molenlei 59,2021-11-04,23:00:00,18,6,12,F11MO
40,Molenlei 59,2021-11-05,00:00:00,12,6,6,F11MO
40,Molenlei 59,2021-11-05,01:00:00,6,4,2,F11MO
40,Molenlei 59,2021-11-05,02:00:00,0,0,0,F11MO
40,Molenlei 59,2021-11-05,03:00:00,0,0,0,F11MO
40,Molenlei 59,2021-11-05,04:00:00,10,8,2,F11MO
40,Molenlei 59,2021-11-05,05:00:00,22,16,6,F11MO
40,Molenlei 59,2021-11-05,06:00:00,56,34,22,F11MO
40,Molenlei 59,2021-11-05,07:00:00,130,88,42,F11MO
40,Molenlei 59,2021-11-05,08:00:00,168,94,74,F11MO
40,Molenlei 59,2021-11-05,09:00:00,102,56,46,F11MO
40,Molenlei 59,2021-11-05,10:00:00,176,90,86,F11MO
40,Molenlei 59,2021-11-05,11:00:00,146,74,72,F11MO
40,Molenlei 59,2021-11-05,12:00:00,132,82,50,F11MO
40,Molenlei 59,2021-11-05,13:00:00,104,38,66,F11MO
40,Molenlei 59,2021-11-05,14:00:00,104,46,58,F11MO
40,Molenlei 59,2021-11-05,15:00:00,112,50,62,F11MO
40,Molenlei 59,2021-11-05,16:00:00,160,60,100,F11MO
40,Molenlei 59,2021-11-05,17:00:00,184,78,106,F11MO
40,Molenlei 59,2021-11-05,18:00:00,108,40,68,F11MO
40,Molenlei 59,2021-11-05,19:00:00,60,30,30,F11MO
40,Molenlei 59,2021-11-05,20:00:00,40,18,22,F11MO
40,Molenlei 59,2021-11-05,21:00:00,34,18,16,F11MO
40,Molenlei 59,2021-11-05,22:00:00,26,10,16,F11MO
40,Molenlei 59,2021-11-05,23:00:00,6,0,6,F11MO
40,Molenlei 59,2021-11-06,00:00:00,44,22,22,F11MO
40,Molenlei 59,2021-11-06,01:00:00,28,8,20,F11MO
40,Molenlei 59,2021-11-06,02:00:00,16,8,8,F11MO
40,Molenlei 59,2021-11-06,03:00:00,8,4,4,F11MO
40,Molenlei 59,2021-11-06,04:00:00,12,8,4,F11MO
40,Molenlei 59,2021-11-06,05:00:00,24,10,14,F11MO
40,Molenlei 59,2021-11-06,06:00:00,18,4,14,F11MO
40,Molenlei 59,2021-11-06,07:00:00,18,6,12,F11MO
40,Molenlei 59,2021-11-06,08:00:00,54,26,28,F11MO
40,Molenlei 59,2021-11-06,09:00:00,142,48,94,F11MO
40,Molenlei 59,2021-11-06,10:00:00,152,74,78,F11MO
40,Molenlei 59,2021-11-06,11:00:00,184,108,76,F11MO
40,Molenlei 59,2021-11-06,12:00:00,172,106,66,F11MO
40,Molenlei 59,2021-11-06,13:00:00,174,98,76,F11MO
40,Molenlei 59,2021-11-06,14:00:00,190,92,98,F11MO
40,Molenlei 59,2021-11-06,15:00:00,146,88,58,F11MO
40,Molenlei 59,2021-11-06,16:00:00,154,74,80,F11MO
40,Molenlei 59,2021-11-06,17:00:00,102,44,58,F11MO
40,Molenlei 59,2021-11-06,18:00:00,66,38,28,F11MO
40,Molenlei 59,2021-11-06,19:00:00,44,24,20,F11MO
40,Molenlei 59,2021-11-06,20:00:00,44,20,24,F11MO
40,Molenlei 59,2021-11-06,21:00:00,30,4,26,F11MO
40,Molenlei 59,2021-11-06,22:00:00,18,6,12,F11MO
40,Molenlei 59,2021-11-06,23:00:00,24,16,8,F11MO
40,Molenlei 59,2021-11-07,00:00:00,6,4,2,F11MO
40,Molenlei 59,2021-11-07,01:00:00,22,14,8,F11MO
40,Molenlei 59,2021-11-07,02:00:00,16,0,16,F11MO
40,Molenlei 59,2021-11-07,03:00:00,6,4,2,F11MO
40,Molenlei 59,2021-11-07,04:00:00,4,4,0,F11MO
40,Molenlei 59,2021-11-07,05:00:00,10,8,2,F11MO
40,Molenlei 59,2021-11-07,06:00:00,12,4,8,F11MO
40,Molenlei 59,2021-11-07,07:00:00,30,12,18,F11MO
40,Molenlei 59,2021-11-07,08:00:00,72,36,36,F11MO
40,Molenlei 59,2021-11-07,09:00:00,138,68,70,F11MO
40,Molenlei 59,2021-11-07,10:00:00,228,98,130,F11MO
40,Molenlei 59,2021-11-07,11:00:00,218,100,118,F11MO
40,Molenlei 59,2021-11-07,12:00:00,242,160,82,F11MO
40,Molenlei 59,2021-11-07,13:00:00,158,94,64,F11MO
40,Molenlei 59,2021-11-07,14:00:00,140,84,56,F11MO
40,Molenlei 59,2021-11-07,15:00:00,120,46,74,F11MO
40,Molenlei 59,2021-11-07,16:00:00,112,64,48,F11MO
40,Molenlei 59,2021-11-07,17:00:00,132,66,66,F11MO
40,Molenlei 59,2021-11-07,18:00:00,44,14,30,F11MO
40,Molenlei 59,2021-11-07,19:00:00,22,14,8,F11MO
40,Molenlei 59,2021-11-07,20:00:00,22,20,2,F11MO
40,Molenlei 59,2021-11-07,21:00:00,20,8,12,F11MO
40,Molenlei 59,2021-11-07,22:00:00,18,4,14,F11MO
40,Molenlei 59,2021-11-07,23:00:00,4,2,2,F11MO
40,Molenlei 59,2021-11-08,00:00:00,2,2,0,F11MO
40,Molenlei 59,2021-11-08,01:00:00,0,0,0,F11MO
40,Molenlei 59,2021-11-08,02:00:00,0,0,0,F11MO
40,Molenlei 59,2021-11-08,03:00:00,0,0,0,F11MO
40,Molenlei 59,2021-11-08,04:00:00,4,4,0,F11MO
40,Molenlei 59,2021-11-08,05:00:00,18,14,4,F11MO
40,Molenlei 59,2021-11-08,06:00:00,98,72,26,F11MO
40,Molenlei 59,2021-11-08,07:00:00,330,188,142,F11MO
40,Molenlei 59,2021-11-08,08:00:00,382,264,118,F11MO
40,Molenlei 59,2021-11-08,09:00:00,100,68,32,F11MO
40,Molenlei 59,2021-11-08,10:00:00,98,48,50,F11MO
40,Molenlei 59,2021-11-08,11:00:00,120,58,62,F11MO
40,Molenlei 59,2021-11-08,12:00:00,120,70,50,F11MO
40,Molenlei 59,2021-11-08,13:00:00,188,102,86,F11MO
40,Molenlei 59,2021-11-08,14:00:00,178,92,86,F11MO
40,Molenlei 59,2021-11-08,15:00:00,326,140,186,F11MO
40,Molenlei 59,2021-11-08,16:00:00,410,146,264,F11MO
40,Molenlei 59,2021-11-08,17:00:00,332,114,218,F11MO
40,Molenlei 59,2021-11-08,18:00:00,150,54,96,F11MO
40,Molenlei 59,2021-11-08,19:00:00,114,42,72,F11MO
40,Molenlei 59,2021-11-08,20:00:00,54,24,30,F11MO
40,Molenlei 59,2021-11-08,21:00:00,22,6,16,F11MO
40,Molenlei 59,2021-11-08,22:00:00,44,10,34,F11MO
40,Molenlei 59,2021-11-08,23:00:00,16,10,6,F11MO
40,Molenlei 59,2021-11-09,00:00:00,2,0,2,F11MO
40,Molenlei 59,2021-11-09,01:00:00,0,0,0,F11MO
40,Molenlei 59,2021-11-09,02:00:00,0,0,0,F11MO
40,Molenlei 59,2021-11-09,03:00:00,0,0,0,F11MO
40,Molenlei 59,2021-11-09,04:00:00,2,2,0,F11MO
40,Molenlei 59,2021-11-09,05:00:00,28,20,8,F11MO
40,Molenlei 59,2021-11-09,06:00:00,80,50,30,F11MO
40,Molenlei 59,2021-11-09,07:00:00,324,192,132,F11MO
40,Molenlei 59,2021-11-09,08:00:00,402,282,120,F11MO
40,Molenlei 59,2021-11-09,09:00:00,104,68,36,F11MO
40,Molenlei 59,2021-11-09,10:00:00,104,48,56,F11MO
40,Molenlei 59,2021-11-09,11:00:00,102,48,54,F11MO
40,Molenlei 59,2021-11-09,12:00:00,172,86,86,F11MO
40,Molenlei 59,2021-11-09,13:00:00,160,68,92,F11MO
40,Molenlei 59,2021-11-09,14:00:00,220,86,134,F11MO
40,Molenlei 59,2021-11-09,15:00:00,276,112,164,F11MO
40,Molenlei 59,2021-11-09,16:00:00,414,146,268,F11MO
40,Molenlei 59,2021-11-09,17:00:00,270,100,170,F11MO
40,Molenlei 59,2021-11-09,18:00:00,154,58,96,F11MO
40,Molenlei 59,2021-11-09,19:00:00,58,12,46,F11MO
40,Molenlei 59,2021-11-09,20:00:00,68,28,40,F11MO
40,Molenlei 59,2021-11-09,21:00:00,18,4,14,F11MO
40,Molenlei 59,2021-11-09,22:00:00,44,14,30,F11MO
40,Molenlei 59,2021-11-09,23:00:00,12,6,6,F11MO
40,Molenlei 59,2021-11-10,00:00:00,6,4,2,F11MO
40,Molenlei 59,2021-11-10,01:00:00,2,2,0,F11MO
40,Molenlei 59,2021-11-10,02:00:00,2,0,2,F11MO
40,Molenlei 59,2021-11-10,03:00:00,2,0,2,F11MO
40,Molenlei 59,2021-11-10,04:00:00,2,2,0,F11MO
40,Molenlei 59,2021-11-10,05:00:00,34,22,12,F11MO
40,Molenlei 59,2021-11-10,06:00:00,74,56,18,F11MO
40,Molenlei 59,2021-11-10,07:00:00,264,150,114,F11MO
40,Molenlei 59,2021-11-10,08:00:00,398,292,106,F11MO
40,Molenlei 59,2021-11-10,09:00:00,104,54,50,F11MO
40,Molenlei 59,2021-11-10,10:00:00,160,88,72,F11MO
40,Molenlei 59,2021-11-10,11:00:00,176,64,112,F11MO
40,Molenlei 59,2021-11-10,12:00:00,338,132,206,F11MO
40,Molenlei 59,2021-11-10,13:00:00,264,112,152,F11MO
40,Molenlei 59,2021-11-10,14:00:00,210,88,122,F11MO
40,Molenlei 59,2021-11-10,15:00:00,234,126,108,F11MO
40,Molenlei 59,2021-11-10,16:00:00,268,94,174,F11MO
40,Molenlei 59,2021-11-10,17:00:00,304,116,188,F11MO
40,Molenlei 59,2021-11-10,18:00:00,148,48,100,F11MO
40,Molenlei 59,2021-11-10,19:00:00,86,36,50,F11MO
40,Molenlei 59,2021-11-10,20:00:00,76,40,36,F11MO
40,Molenlei 59,2021-11-10,21:00:00,20,6,14,F11MO
40,Molenlei 59,2021-11-10,22:00:00,40,4,36,F11MO
40,Molenlei 59,2021-11-10,23:00:00,48,32,16,F11MO
40,Molenlei 59,2021-11-11,00:00:00,30,20,10,F11MO
40,Molenlei 59,2021-11-11,01:00:00,22,2,20,F11MO
40,Molenlei 59,2021-11-11,02:00:00,28,10,18,F11MO
40,Molenlei 59,2021-11-11,03:00:00,20,12,8,F11MO
40,Molenlei 59,2021-11-11,04:00:00,10,6,4,F11MO
40,Molenlei 59,2021-11-11,05:00:00,32,14,18,F11MO
40,Molenlei 59,2021-11-11,06:00:00,10,2,8,F11MO
40,Molenlei 59,2021-11-11,07:00:00,10,4,6,F11MO
40,Molenlei 59,2021-11-11,08:00:00,50,28,22,F11MO
40,Molenlei 59,2021-11-11,09:00:00,114,50,64,F11MO
40,Molenlei 59,2021-11-11,10:00:00,150,58,92,F11MO
40,Molenlei 59,2021-11-11,11:00:00,228,120,108,F11MO
40,Molenlei 59,2021-11-11,12:00:00,206,104,102,F11MO
40,Molenlei 59,2021-11-11,13:00:00,170,76,94,F11MO
40,Molenlei 59,2021-11-11,14:00:00,210,94,116,F11MO
40,Molenlei 59,2021-11-11,15:00:00,232,128,104,F11MO
40,Molenlei 59,2021-11-11,16:00:00,194,104,90,F11MO
40,Molenlei 59,2021-11-11,17:00:00,150,82,68,F11MO
40,Molenlei 59,2021-11-11,18:00:00,90,40,50,F11MO
40,Molenlei 59,2021-11-11,19:00:00,34,14,20,F11MO
40,Molenlei 59,2021-11-11,20:00:00,32,12,20,F11MO
40,Molenlei 59,2021-11-11,21:00:00,20,12,8,F11MO
40,Molenlei 59,2021-11-11,22:00:00,26,4,22,F11MO
40,Molenlei 59,2021-11-11,23:00:00,8,2,6,F11MO
40,Molenlei 59,2021-11-12,00:00:00,16,8,8,F11MO
40,Molenlei 59,2021-11-12,01:00:00,0,0,0,F11MO
40,Molenlei 59,2021-11-12,02:00:00,2,2,0,F11MO
40,Molenlei 59,2021-11-12,03:00:00,0,0,0,F11MO
40,Molenlei 59,2021-11-12,04:00:00,4,2,2,F11MO
40,Molenlei 59,2021-11-12,05:00:00,8,2,6,F11MO
40,Molenlei 59,2021-11-12,06:00:00,38,20,18,F11MO
40,Molenlei 59,2021-11-12,07:00:00,152,74,78,F11MO
40,Molenlei 59,2021-11-12,08:00:00,308,190,118,F11MO
40,Molenlei 59,2021-11-12,09:00:00,100,42,58,F11MO
40,Molenlei 59,2021-11-12,10:00:00,146,50,96,F11MO
40,Molenlei 59,2021-11-12,11:00:00,174,86,88,F11MO
40,Molenlei 59,2021-11-12,12:00:00,184,90,94,F11MO
40,Molenlei 59,2021-11-12,13:00:00,214,104,110,F11MO
40,Molenlei 59,2021-11-12,14:00:00,220,92,128,F11MO
40,Molenlei 59,2021-11-12,15:00:00,268,120,148,F11MO
40,Molenlei 59,2021-11-12,16:00:00,288,132,156,F11MO
40,Molenlei 59,2021-11-12,17:00:00,144,58,86,F11MO
40,Molenlei 59,2021-11-12,18:00:00,138,58,80,F11MO
40,Molenlei 59,2021-11-12,19:00:00,66,40,26,F11MO
40,Molenlei 59,2021-11-12,20:00:00,34,14,20,F11MO
40,Molenlei 59,2021-11-12,21:00:00,26,22,4,F11MO
40,Molenlei 59,2021-11-12,22:00:00,28,10,18,F11MO
40,Molenlei 59,2021-11-12,23:00:00,16,10,6,F11MO
40,Molenlei 59,2021-11-13,00:00:00,6,4,2,F11MO
40,Molenlei 59,2021-11-13,01:00:00,24,18,6,F11MO
40,Molenlei 59,2021-11-13,02:00:00,10,8,2,F11MO
40,Molenlei 59,2021-11-13,03:00:00,6,2,4,F11MO
40,Molenlei 59,2021-11-13,04:00:00,2,0,2,F11MO
40,Molenlei 59,2021-11-13,05:00:00,16,12,4,F11MO
40,Molenlei 59,2021-11-13,06:00:00,42,16,26,F11MO
40,Molenlei 59,2021-11-13,07:00:00,14,6,8,F11MO
40,Molenlei 59,2021-11-13,08:00:00,44,20,24,F11MO
40,Molenlei 59,2021-11-13,09:00:00,50,16,34,F11MO
40,Molenlei 59,2021-11-13,10:00:00,58,40,18,F11MO
40,Molenlei 59,2021-11-13,11:00:00,84,38,46,F11MO
40,Molenlei 59,2021-11-13,12:00:00,80,44,36,F11MO
40,Molenlei 59,2021-11-13,13:00:00,104,56,48,F11MO
40,Molenlei 59,2021-11-13,14:00:00,72,26,46,F11MO
40,Molenlei 59,2021-11-13,15:00:00,82,34,48,F11MO
40,Molenlei 59,2021-11-13,16:00:00,90,48,42,F11MO
40,Molenlei 59,2021-11-13,17:00:00,78,52,26,F11MO
40,Molenlei 59,2021-11-13,18:00:00,62,24,38,F11MO
40,Molenlei 59,2021-11-13,19:00:00,48,20,28,F11MO
40,Molenlei 59,2021-11-13,20:00:00,40,20,20,F11MO
40,Molenlei 59,2021-11-13,21:00:00,28,12,16,F11MO
40,Molenlei 59,2021-11-13,22:00:00,12,2,10,F11MO
40,Molenlei 59,2021-11-13,23:00:00,6,6,0,F11MO
40,Molenlei 59,2021-11-14,00:00:00,12,8,4,F11MO
40,Molenlei 59,2021-11-14,01:00:00,14,4,10,F11MO
40,Molenlei 59,2021-11-14,02:00:00,10,8,2,F11MO
40,Molenlei 59,2021-11-14,03:00:00,4,4,0,F11MO
40,Molenlei 59,2021-11-14,04:00:00,2,2,0,F11MO
40,Molenlei 59,2021-11-14,05:00:00,6,4,2,F11MO
40,Molenlei 59,2021-11-14,06:00:00,16,4,12,F11MO
40,Molenlei 59,2021-11-14,07:00:00,38,22,16,F11MO
40,Molenlei 59,2021-11-14,08:00:00,82,32,50,F11MO
40,Molenlei 59,2021-11-14,09:00:00,124,52,72,F11MO
40,Molenlei 59,2021-11-14,10:00:00,186,58,128,F11MO
40,Molenlei 59,2021-11-14,11:00:00,256,150,106,F11MO
40,Molenlei 59,2021-11-14,12:00:00,186,118,68,F11MO
40,Molenlei 59,2021-11-14,13:00:00,154,88,66,F11MO
40,Molenlei 59,2021-11-14,14:00:00,212,96,116,F11MO
40,Molenlei 59,2021-11-14,15:00:00,184,106,78,F11MO
40,Molenlei 59,2021-11-14,16:00:00,192,100,92,F11MO
40,Molenlei 59,2021-11-14,17:00:00,122,80,42,F11MO
40,Molenlei 59,2021-11-14,18:00:00,68,36,32,F11MO
40,Molenlei 59,2021-11-14,19:00:00,30,12,18,F11MO
40,Molenlei 59,2021-11-14,20:00:00,34,14,20,F11MO
40,Molenlei 59,2021-11-14,21:00:00,20,10,10,F11MO
40,Molenlei 59,2021-11-14,22:00:00,12,4,8,F11MO
40,Molenlei 59,2021-11-14,23:00:00,6,6,0,F11MO
40,Molenlei 59,2021-11-15,00:00:00,2,2,0,F11MO
40,Molenlei 59,2021-11-15,01:00:00,2,2,0,F11MO
40,Molenlei 59,2021-11-15,02:00:00,2,0,2,F11MO
40,Molenlei 59,2021-11-15,03:00:00,0,0,0,F11MO
40,Molenlei 59,2021-11-15,04:00:00,6,2,4,F11MO
40,Molenlei 59,2021-11-15,05:00:00,28,22,6,F11MO
40,Molenlei 59,2021-11-15,06:00:00,86,58,28,F11MO
40,Molenlei 59,2021-11-15,07:00:00,208,94,114,F11MO
40,Molenlei 59,2021-11-15,08:00:00,254,100,154,F11MO
40,Molenlei 59,2021-11-15,09:00:00,64,28,36,F11MO
40,Molenlei 59,2021-11-15,10:00:00,66,36,30,F11MO
40,Molenlei 59,2021-11-15,11:00:00,72,32,40,F11MO
40,Molenlei 59,2021-11-15,12:00:00,92,40,52,F11MO
40,Molenlei 59,2021-11-15,13:00:00,94,40,54,F11MO
40,Molenlei 59,2021-11-15,14:00:00,108,40,68,F11MO
40,Molenlei 59,2021-11-15,15:00:00,162,36,126,F11MO
40,Molenlei 59,2021-11-15,16:00:00,292,88,204,F11MO
40,Molenlei 59,2021-11-15,17:00:00,186,66,120,F11MO
40,Molenlei 59,2021-11-15,18:00:00,112,48,64,F11MO
40,Molenlei 59,2021-11-15,19:00:00,70,22,48,F11MO
40,Molenlei 59,2021-11-15,20:00:00,30,8,22,F11MO
40,Molenlei 59,2021-11-15,21:00:00,14,4,10,F11MO
40,Molenlei 59,2021-11-15,22:00:00,26,4,22,F11MO
40,Molenlei 59,2021-11-15,23:00:00,12,2,10,F11MO
40,Molenlei 59,2021-11-16,00:00:00,0,0,0,F11MO
40,Molenlei 59,2021-11-16,01:00:00,0,0,0,F11MO
40,Molenlei 59,2021-11-16,02:00:00,0,0,0,F11MO
40,Molenlei 59,2021-11-16,03:00:00,4,0,4,F11MO
40,Molenlei 59,2021-11-16,04:00:00,2,0,2,F11MO
40,Molenlei 59,2021-11-16,05:00:00,16,6,10,F11MO
40,Molenlei 59,2021-11-16,06:00:00,48,20,28,F11MO
40,Molenlei 59,2021-11-16,07:00:00,142,62,80,F11MO
40,Molenlei 59,2021-11-16,08:00:00,148,58,90,F11MO
40,Molenlei 59,2021-11-16,09:00:00,92,24,68,F11MO
40,Molenlei 59,2021-11-16,10:00:00,64,16,48,F11MO
40,Molenlei 59,2021-11-16,11:00:00,56,14,42,F11MO
40,Molenlei 59,2021-11-16,12:00:00,78,28,50,F11MO
40,Molenlei 59,2021-11-16,13:00:00,74,38,36,F11MO
40,Molenlei 59,2021-11-16,14:00:00,132,50,82,F11MO
40,Molenlei 59,2021-11-16,15:00:00,146,40,106,F11MO
40,Molenlei 59,2021-11-16,16:00:00,268,66,202,F11MO
40,Molenlei 59,2021-11-16,17:00:00,160,54,106,F11MO
40,Molenlei 59,2021-11-16,18:00:00,112,34,78,F11MO
40,Molenlei 59,2021-11-16,19:00:00,48,26,22,F11MO
40,Molenlei 59,2021-11-16,20:00:00,24,10,14,F11MO
40,Molenlei 59,2021-11-16,21:00:00,24,8,16,F11MO
40,Molenlei 59,2021-11-16,22:00:00,28,12,16,F11MO
40,Molenlei 59,2021-11-16,23:00:00,10,4,6,F11MO
40,Molenlei 59,2021-11-17,00:00:00,6,2,4,F11MO
40,Molenlei 59,2021-11-17,01:00:00,8,0,8,F11MO
40,Molenlei 59,2021-11-17,02:00:00,0,0,0,F11MO
40,Molenlei 59,2021-11-17,03:00:00,2,0,2,F11MO
40,Molenlei 59,2021-11-17,04:00:00,2,2,0,F11MO
40,Molenlei 59,2021-11-17,05:00:00,18,8,10,F11MO
40,Molenlei 59,2021-11-17,06:00:00,50,26,24,F11MO
40,Molenlei 59,2021-11-17,07:00:00,88,30,58,F11MO
40,Molenlei 59,2021-11-17,08:00:00,164,80,84,F11MO
40,Molenlei 59,2021-11-17,09:00:00,68,34,34,F11MO
40,Molenlei 59,2021-11-17,10:00:00,108,56,52,F11MO
40,Molenlei 59,2021-11-17,11:00:00,162,72,90,F11MO
40,Molenlei 59,2021-11-17,12:00:00,212,96,116,F11MO
40,Molenlei 59,2021-11-17,13:00:00,162,68,94,F11MO
40,Molenlei 59,2021-11-17,14:00:00,200,88,112,F11MO
40,Molenlei 59,2021-11-17,15:00:00,198,88,110,F11MO
40,Molenlei 59,2021-11-17,16:00:00,206,108,98,F11MO
40,Molenlei 59,2021-11-17,17:00:00,206,88,118,F11MO
40,Molenlei 59,2021-11-17,18:00:00,114,58,56,F11MO
40,Molenlei 59,2021-11-17,19:00:00,64,20,44,F11MO
40,Molenlei 59,2021-11-17,20:00:00,42,20,22,F11MO
40,Molenlei 59,2021-11-17,21:00:00,40,16,24,F11MO
40,Molenlei 59,2021-11-17,22:00:00,36,10,26,F11MO
40,Molenlei 59,2021-11-17,23:00:00,12,6,6,F11MO
40,Molenlei 59,2021-11-18,00:00:00,2,0,2,F11MO
40,Molenlei 59,2021-11-18,01:00:00,6,6,0,F11MO
40,Molenlei 59,2021-11-18,02:00:00,0,0,0,F11MO
40,Molenlei 59,2021-11-18,03:00:00,0,0,0,F11MO
40,Molenlei 59,2021-11-18,04:00:00,4,4,0,F11MO
40,Molenlei 59,2021-11-18,05:00:00,52,28,24,F11MO
40,Molenlei 59,2021-11-18,06:00:00,82,58,24,F11MO
40,Molenlei 59,2021-11-18,07:00:00,254,152,102,F11MO
40,Molenlei 59,2021-11-18,08:00:00,312,172,140,F11MO
40,Molenlei 59,2021-11-18,09:00:00,130,64,66,F11MO
40,Molenlei 59,2021-11-18,10:00:00,64,44,20,F11MO
40,Molenlei 59,2021-11-18,11:00:00,100,70,30,F11MO
40,Molenlei 59,2021-11-18,12:00:00,154,80,74,F11MO
40,Molenlei 59,2021-11-18,13:00:00,160,84,76,F11MO
40,Molenlei 59,2021-11-18,14:00:00,170,76,94,F11MO
40,Molenlei 59,2021-11-18,15:00:00,238,80,158,F11MO
40,Molenlei 59,2021-11-18,16:00:00,430,164,266,F11MO
40,Molenlei 59,2021-11-18,17:00:00,272,84,188,F11MO
40,Molenlei 59,2021-11-18,18:00:00,160,56,104,F11MO
40,Molenlei 59,2021-11-18,19:00:00,86,24,62,F11MO
40,Molenlei 59,2021-11-18,20:00:00,36,20,16,F11MO
40,Molenlei 59,2021-11-18,21:00:00,32,14,18,F11MO
40,Molenlei 59,2021-11-18,22:00:00,44,14,30,F11MO
40,Molenlei 59,2021-11-18,23:00:00,16,14,2,F11MO
40,Molenlei 59,2021-11-19,00:00:00,6,4,2,F11MO
40,Molenlei 59,2021-11-19,01:00:00,2,0,2,F11MO
40,Molenlei 59,2021-11-19,02:00:00,0,0,0,F11MO
40,Molenlei 59,2021-11-19,03:00:00,2,0,2,F11MO
40,Molenlei 59,2021-11-19,04:00:00,2,0,2,F11MO
40,Molenlei 59,2021-11-19,05:00:00,36,22,14,F11MO
40,Molenlei 59,2021-11-19,06:00:00,70,52,18,F11MO
40,Molenlei 59,2021-11-19,07:00:00,228,134,94,F11MO
40,Molenlei 59,2021-11-19,08:00:00,394,240,154,F11MO
40,Molenlei 59,2021-11-19,09:00:00,82,48,34,F11MO
40,Molenlei 59,2021-11-19,10:00:00,124,56,68,F11MO
40,Molenlei 59,2021-11-19,11:00:00,84,48,36,F11MO
40,Molenlei 59,2021-11-19,12:00:00,140,60,80,F11MO
40,Molenlei 59,2021-11-19,13:00:00,128,54,74,F11MO
40,Molenlei 59,2021-11-19,14:00:00,214,106,108,F11MO
40,Molenlei 59,2021-11-19,15:00:00,326,108,218,F11MO
40,Molenlei 59,2021-11-19,16:00:00,406,168,238,F11MO
40,Molenlei 59,2021-11-19,17:00:00,180,60,120,F11MO
40,Molenlei 59,2021-11-19,18:00:00,132,64,68,F11MO
40,Molenlei 59,2021-11-19,19:00:00,100,62,38,F11MO
40,Molenlei 59,2021-11-19,20:00:00,48,22,26,F11MO
40,Molenlei 59,2021-11-19,21:00:00,48,18,30,F11MO
40,Molenlei 59,2021-11-19,22:00:00,46,18,28,F11MO
40,Molenlei 59,2021-11-19,23:00:00,28,10,18,F11MO
40,Molenlei 59,2021-11-20,00:00:00,36,16,20,F11MO
40,Molenlei 59,2021-11-20,01:00:00,18,4,14,F11MO
40,Molenlei 59,2021-11-20,02:00:00,20,8,12,F11MO
40,Molenlei 59,2021-11-20,03:00:00,12,4,8,F11MO
40,Molenlei 59,2021-11-20,04:00:00,4,2,2,F11MO
40,Molenlei 59,2021-11-20,05:00:00,18,12,6,F11MO
40,Molenlei 59,2021-11-20,06:00:00,14,8,6,F11MO
40,Molenlei 59,2021-11-20,07:00:00,20,6,14,F11MO
40,Molenlei 59,2021-11-20,08:00:00,54,16,38,F11MO
40,Molenlei 59,2021-11-20,09:00:00,84,28,56,F11MO
40,Molenlei 59,2021-11-20,10:00:00,182,78,104,F11MO
40,Molenlei 59,2021-11-20,11:00:00,130,72,58,F11MO
40,Molenlei 59,2021-11-20,12:00:00,180,100,80,F11MO
40,Molenlei 59,2021-11-20,13:00:00,132,60,72,F11MO
40,Molenlei 59,2021-11-20,14:00:00,198,102,96,F11MO
40,Molenlei 59,2021-11-20,15:00:00,122,58,64,F11MO
40,Molenlei 59,2021-11-20,16:00:00,176,100,76,F11MO
40,Molenlei 59,2021-11-20,17:00:00,84,40,44,F11MO
40,Molenlei 59,2021-11-20,18:00:00,92,44,48,F11MO
40,Molenlei 59,2021-11-20,19:00:00,46,22,24,F11MO
40,Molenlei 59,2021-11-20,20:00:00,32,16,16,F11MO
40,Molenlei 59,2021-11-20,21:00:00,64,40,24,F11MO
40,Molenlei 59,2021-11-20,22:00:00,20,10,10,F11MO
40,Molenlei 59,2021-11-20,23:00:00,28,16,12,F11MO
40,Molenlei 59,2021-11-21,00:00:00,28,6,22,F11MO
40,Molenlei 59,2021-11-21,01:00:00,12,6,6,F11MO
40,Molenlei 59,2021-11-21,02:00:00,6,0,6,F11MO
40,Molenlei 59,2021-11-21,03:00:00,10,4,6,F11MO
40,Molenlei 59,2021-11-21,04:00:00,8,0,8,F11MO
40,Molenlei 59,2021-11-21,05:00:00,8,6,2,F11MO
40,Molenlei 59,2021-11-21,06:00:00,12,8,4,F11MO
40,Molenlei 59,2021-11-21,07:00:00,14,8,6,F11MO
40,Molenlei 59,2021-11-21,08:00:00,58,24,34,F11MO
40,Molenlei 59,2021-11-21,09:00:00,68,38,30,F11MO
40,Molenlei 59,2021-11-21,10:00:00,88,36,52,F11MO
40,Molenlei 59,2021-11-21,11:00:00,114,62,52,F11MO
40,Molenlei 59,2021-11-21,12:00:00,148,72,76,F11MO
40,Molenlei 59,2021-11-21,13:00:00,112,58,54,F11MO
40,Molenlei 59,2021-11-21,14:00:00,138,70,68,F11MO
40,Molenlei 59,2021-11-21,15:00:00,138,70,68,F11MO
40,Molenlei 59,2021-11-21,16:00:00,104,56,48,F11MO
40,Molenlei 59,2021-11-21,17:00:00,102,50,52,F11MO
40,Molenlei 59,2021-11-21,18:00:00,54,20,34,F11MO
40,Molenlei 59,2021-11-21,19:00:00,24,14,10,F11MO
40,Molenlei 59,2021-11-21,20:00:00,22,14,8,F11MO
40,Molenlei 59,2021-11-21,21:00:00,20,6,14,F11MO
40,Molenlei 59,2021-11-21,22:00:00,12,4,8,F11MO
40,Molenlei 59,2021-11-21,23:00:00,6,2,4,F11MO
40,Molenlei 59,2021-11-22,00:00:00,6,6,0,F11MO
40,Molenlei 59,2021-11-22,01:00:00,0,0,0,F11MO
40,Molenlei 59,2021-11-22,02:00:00,2,2,0,F11MO
40,Molenlei 59,2021-11-22,03:00:00,0,0,0,F11MO
40,Molenlei 59,2021-11-22,04:00:00,6,2,4,F11MO
40,Molenlei 59,2021-11-22,05:00:00,34,22,12,F11MO
40,Molenlei 59,2021-11-22,06:00:00,72,44,28,F11MO
40,Molenlei 59,2021-11-22,07:00:00,280,158,122,F11MO
40,Molenlei 59,2021-11-22,08:00:00,402,262,140,F11MO
40,Molenlei 59,2021-11-22,09:00:00,120,80,40,F11MO
40,Molenlei 59,2021-11-22,10:00:00,102,52,50,F11MO
40,Molenlei 59,2021-11-22,11:00:00,86,42,44,F11MO
40,Molenlei 59,2021-11-22,12:00:00,110,60,50,F11MO
40,Molenlei 59,2021-11-22,13:00:00,160,80,80,F11MO
40,Molenlei 59,2021-11-22,14:00:00,158,60,98,F11MO
40,Molenlei 59,2021-11-22,15:00:00,280,102,178,F11MO
40,Molenlei 59,2021-11-22,16:00:00,374,116,258,F11MO
40,Molenlei 59,2021-11-22,17:00:00,282,110,172,F11MO
40,Molenlei 59,2021-11-22,18:00:00,160,48,112,F11MO
40,Molenlei 59,2021-11-22,19:00:00,70,34,36,F11MO
40,Molenlei 59,2021-11-22,20:00:00,48,22,26,F11MO
40,Molenlei 59,2021-11-22,21:00:00,32,16,16,F11MO
40,Molenlei 59,2021-11-22,22:00:00,50,14,36,F11MO
40,Molenlei 59,2021-11-22,23:00:00,8,2,6,F11MO
40,Molenlei 59,2021-11-23,00:00:00,2,0,2,F11MO
40,Molenlei 59,2021-11-23,01:00:00,0,0,0,F11MO
40,Molenlei 59,2021-11-23,02:00:00,0,0,0,F11MO
40,Molenlei 59,2021-11-23,03:00:00,2,0,2,F11MO
40,Molenlei 59,2021-11-23,04:00:00,0,0,0,F11MO
40,Molenlei 59,2021-11-23,05:00:00,20,12,8,F11MO
40,Molenlei 59,2021-11-23,06:00:00,102,64,38,F11MO
40,Molenlei 59,2021-11-23,07:00:00,234,136,98,F11MO
40,Molenlei 59,2021-11-23,08:00:00,358,238,120,F11MO
40,Molenlei 59,2021-11-23,09:00:00,106,58,48,F11MO
40,Molenlei 59,2021-11-23,10:00:00,80,38,42,F11MO
40,Molenlei 59,2021-11-23,11:00:00,70,44,26,F11MO
40,Molenlei 59,2021-11-23,12:00:00,108,56,52,F11MO
40,Molenlei 59,2021-11-23,13:00:00,126,64,62,F11MO
40,Molenlei 59,2021-11-23,14:00:00,156,80,76,F11MO
40,Molenlei 59,2021-11-23,15:00:00,224,80,144,F11MO
40,Molenlei 59,2021-11-23,16:00:00,362,106,256,F11MO
40,Molenlei 59,2021-11-23,17:00:00,234,90,144,F11MO
40,Molenlei 59,2021-11-23,18:00:00,100,32,68,F11MO
40,Molenlei 59,2021-11-23,19:00:00,48,20,28,F11MO
40,Molenlei 59,2021-11-23,20:00:00,46,16,30,F11MO
40,Molenlei 59,2021-11-23,21:00:00,20,16,4,F11MO
40,Molenlei 59,2021-11-23,22:00:00,52,14,38,F11MO
40,Molenlei 59,2021-11-23,23:00:00,6,4,2,F11MO
40,Molenlei 59,2021-11-24,00:00:00,4,2,2,F11MO
40,Molenlei 59,2021-11-24,01:00:00,0,0,0,F11MO
40,Molenlei 59,2021-11-24,02:00:00,0,0,0,F11MO
40,Molenlei 59,2021-11-24,03:00:00,0,0,0,F11MO
40,Molenlei 59,2021-11-24,04:00:00,12,10,2,F11MO
40,Molenlei 59,2021-11-24,05:00:00,22,16,6,F11MO
40,Molenlei 59,2021-11-24,06:00:00,80,48,32,F11MO
40,Molenlei 59,2021-11-24,07:00:00,242,136,106,F11MO
40,Molenlei 59,2021-11-24,08:00:00,292,192,100,F11MO
40,Molenlei 59,2021-11-24,09:00:00,82,44,38,F11MO
40,Molenlei 59,2021-11-24,10:00:00,112,64,48,F11MO
40,Molenlei 59,2021-11-24,11:00:00,186,62,124,F11MO
40,Molenlei 59,2021-11-24,12:00:00,268,102,166,F11MO
40,Molenlei 59,2021-11-24,13:00:00,188,108,80,F11MO
40,Molenlei 59,2021-11-24,14:00:00,142,54,88,F11MO
40,Molenlei 59,2021-11-24,15:00:00,164,82,82,F11MO
40,Molenlei 59,2021-11-24,16:00:00,272,86,186,F11MO
40,Molenlei 59,2021-11-24,17:00:00,234,104,130,F11MO
40,Molenlei 59,2021-11-24,18:00:00,128,54,74,F11MO
40,Molenlei 59,2021-11-24,19:00:00,74,32,42,F11MO
40,Molenlei 59,2021-11-24,20:00:00,50,20,30,F11MO
40,Molenlei 59,2021-11-24,21:00:00,60,34,26,F11MO
40,Molenlei 59,2021-11-24,22:00:00,40,14,26,F11MO
40,Molenlei 59,2021-11-24,23:00:00,8,2,6,F11MO
40,Molenlei 59,2021-11-25,00:00:00,12,4,8,F11MO
40,Molenlei 59,2021-11-25,01:00:00,4,4,0,F11MO
40,Molenlei 59,2021-11-25,02:00:00,2,0,2,F11MO
40,Molenlei 59,2021-11-25,03:00:00,0,0,0,F11MO
40,Molenlei 59,2021-11-25,04:00:00,6,4,2,F11MO
40,Molenlei 59,2021-11-25,05:00:00,32,16,16,F11MO
40,Molenlei 59,2021-11-25,06:00:00,84,56,28,F11MO
40,Molenlei 59,2021-11-25,07:00:00,240,146,94,F11MO
40,Molenlei 59,2021-11-25,08:00:00,302,198,104,F11MO
40,Molenlei 59,2021-11-25,09:00:00,88,44,44,F11MO
40,Molenlei 59,2021-11-25,10:00:00,58,34,24,F11MO
40,Molenlei 59,2021-11-25,11:00:00,62,38,24,F11MO
40,Molenlei 59,2021-11-25,12:00:00,74,40,34,F11MO
40,Molenlei 59,2021-11-25,13:00:00,92,42,50,F11MO
40,Molenlei 59,2021-11-25,14:00:00,114,50,64,F11MO
40,Molenlei 59,2021-11-25,15:00:00,238,82,156,F11MO
40,Molenlei 59,2021-11-25,16:00:00,324,112,212,F11MO
40,Molenlei 59,2021-11-25,17:00:00,218,70,148,F11MO
40,Molenlei 59,2021-11-25,18:00:00,132,60,72,F11MO
40,Molenlei 59,2021-11-25,19:00:00,56,28,28,F11MO
40,Molenlei 59,2021-11-25,20:00:00,40,18,22,F11MO
40,Molenlei 59,2021-11-25,21:00:00,36,14,22,F11MO
40,Molenlei 59,2021-11-25,22:00:00,44,12,32,F11MO
40,Molenlei 59,2021-11-25,23:00:00,8,2,6,F11MO
40,Molenlei 59,2021-11-26,00:00:00,20,8,12,F11MO
40,Molenlei 59,2021-11-26,01:00:00,8,6,2,F11MO
40,Molenlei 59,2021-11-26,02:00:00,0,0,0,F11MO
40,Molenlei 59,2021-11-26,03:00:00,0,0,0,F11MO
40,Molenlei 59,2021-11-26,04:00:00,10,8,2,F11MO
40,Molenlei 59,2021-11-26,05:00:00,18,10,8,F11MO
40,Molenlei 59,2021-11-26,06:00:00,68,46,22,F11MO
40,Molenlei 59,2021-11-26,07:00:00,198,122,76,F11MO
40,Molenlei 59,2021-11-26,08:00:00,294,178,116,F11MO
40,Molenlei 59,2021-11-26,09:00:00,114,66,48,F11MO
40,Molenlei 59,2021-11-26,10:00:00,102,34,68,F11MO
40,Molenlei 59,2021-11-26,11:00:00,84,38,46,F11MO
40,Molenlei 59,2021-11-26,12:00:00,106,38,68,F11MO
40,Molenlei 59,2021-11-26,13:00:00,72,42,30,F11MO
40,Molenlei 59,2021-11-26,14:00:00,72,26,46,F11MO
40,Molenlei 59,2021-11-26,15:00:00,144,64,80,F11MO
40,Molenlei 59,2021-11-26,16:00:00,274,92,182,F11MO
40,Molenlei 59,2021-11-26,17:00:00,158,58,100,F11MO
40,Molenlei 59,2021-11-26,18:00:00,58,24,34,F11MO
40,Molenlei 59,2021-11-26,19:00:00,64,28,36,F11MO
40,Molenlei 59,2021-11-26,20:00:00,22,8,14,F11MO
40,Molenlei 59,2021-11-26,21:00:00,28,10,18,F11MO
40,Molenlei 59,2021-11-26,22:00:00,18,6,12,F11MO
40,Molenlei 59,2021-11-26,23:00:00,4,0,4,F11MO
40,Molenlei 59,2021-11-27,00:00:00,4,4,0,F11MO
40,Molenlei 59,2021-11-27,01:00:00,14,4,10,F11MO
40,Molenlei 59,2021-11-27,02:00:00,2,2,0,F11MO
40,Molenlei 59,2021-11-27,03:00:00,10,10,0,F11MO
40,Molenlei 59,2021-11-27,04:00:00,8,8,0,F11MO
40,Molenlei 59,2021-11-27,05:00:00,16,12,4,F11MO
40,Molenlei 59,2021-11-27,06:00:00,12,6,6,F11MO
40,Molenlei 59,2021-11-27,07:00:00,42,26,16,F11MO
40,Molenlei 59,2021-11-27,08:00:00,52,16,36,F11MO
40,Molenlei 59,2021-11-27,09:00:00,98,40,58,F11MO
40,Molenlei 59,2021-11-27,10:00:00,116,66,50,F11MO
40,Molenlei 59,2021-11-27,11:00:00,158,66,92,F11MO
40,Molenlei 59,2021-11-27,12:00:00,176,108,68,F11MO
40,Molenlei 59,2021-11-27,13:00:00,208,112,96,F11MO
40,Molenlei 59,2021-11-27,14:00:00,176,78,98,F11MO
40,Molenlei 59,2021-11-27,15:00:00,108,44,64,F11MO
40,Molenlei 59,2021-11-27,16:00:00,72,42,30,F11MO
40,Molenlei 59,2021-11-27,17:00:00,40,18,22,F11MO
40,Molenlei 59,2021-11-27,18:00:00,62,30,32,F11MO
40,Molenlei 59,2021-11-27,19:00:00,36,16,20,F11MO
40,Molenlei 59,2021-11-27,20:00:00,12,8,4,F11MO
40,Molenlei 59,2021-11-27,21:00:00,14,8,6,F11MO
40,Molenlei 59,2021-11-27,22:00:00,20,4,16,F11MO
40,Molenlei 59,2021-11-27,23:00:00,6,2,4,F11MO
40,Molenlei 59,2021-11-28,00:00:00,8,2,6,F11MO
40,Molenlei 59,2021-11-28,01:00:00,8,4,4,F11MO
40,Molenlei 59,2021-11-28,02:00:00,4,0,4,F11MO
40,Molenlei 59,2021-11-28,03:00:00,0,0,0,F11MO
40,Molenlei 59,2021-11-28,04:00:00,0,0,0,F11MO
40,Molenlei 59,2021-11-28,05:00:00,8,8,0,F11MO
40,Molenlei 59,2021-11-28,06:00:00,18,10,8,F11MO
40,Molenlei 59,2021-11-28,07:00:00,24,8,16,F11MO
40,Molenlei 59,2021-11-28,08:00:00,62,28,34,F11MO
40,Molenlei 59,2021-11-28,09:00:00,138,52,86,F11MO
40,Molenlei 59,2021-11-28,10:00:00,160,70,90,F11MO
40,Molenlei 59,2021-11-28,11:00:00,156,98,58,F11MO
40,Molenlei 59,2021-11-28,12:00:00,94,62,32,F11MO
40,Molenlei 59,2021-11-28,13:00:00,54,38,16,F11MO
40,Molenlei 59,2021-11-28,14:00:00,58,32,26,F11MO
40,Molenlei 59,2021-11-28,15:00:00,68,30,38,F11MO
40,Molenlei 59,2021-11-28,16:00:00,68,40,28,F11MO
40,Molenlei 59,2021-11-28,17:00:00,72,26,46,F11MO
40,Molenlei 59,2021-11-28,18:00:00,48,28,20,F11MO
40,Molenlei 59,2021-11-28,19:00:00,28,10,18,F11MO
40,Molenlei 59,2021-11-28,20:00:00,14,8,6,F11MO
40,Molenlei 59,2021-11-28,21:00:00,14,8,6,F11MO
40,Molenlei 59,2021-11-28,22:00:00,20,0,20,F11MO
40,Molenlei 59,2021-11-28,23:00:00,8,6,2,F11MO
40,Molenlei 59,2021-11-29,00:00:00,4,0,4,F11MO
40,Molenlei 59,2021-11-29,01:00:00,0,0,0,F11MO
40,Molenlei 59,2021-11-29,02:00:00,0,0,0,F11MO
40,Molenlei 59,2021-11-29,03:00:00,0,0,0,F11MO
40,Molenlei 59,2021-11-29,04:00:00,8,8,0,F11MO
40,Molenlei 59,2021-11-29,05:00:00,26,12,14,F11MO
40,Molenlei 59,2021-11-29,06:00:00,60,42,18,F11MO
40,Molenlei 59,2021-11-29,07:00:00,202,120,82,F11MO
40,Molenlei 59,2021-11-29,08:00:00,258,154,104,F11MO
40,Molenlei 59,2021-11-29,09:00:00,62,40,22,F11MO
40,Molenlei 59,2021-11-29,10:00:00,74,36,38,F11MO
40,Molenlei 59,2021-11-29,11:00:00,70,38,32,F11MO
40,Molenlei 59,2021-11-29,12:00:00,138,74,64,F11MO
40,Molenlei 59,2021-11-29,13:00:00,124,50,74,F11MO
40,Molenlei 59,2021-11-29,14:00:00,126,70,56,F11MO
40,Molenlei 59,2021-11-29,15:00:00,176,66,110,F11MO
40,Molenlei 59,2021-11-29,16:00:00,284,100,184,F11MO
40,Molenlei 59,2021-11-29,17:00:00,186,70,116,F11MO
40,Molenlei 59,2021-11-29,18:00:00,120,46,74,F11MO
40,Molenlei 59,2021-11-29,19:00:00,62,30,32,F11MO
40,Molenlei 59,2021-11-29,20:00:00,40,14,26,F11MO
40,Molenlei 59,2021-11-29,21:00:00,28,14,14,F11MO
40,Molenlei 59,2021-11-29,22:00:00,34,6,28,F11MO
40,Molenlei 59,2021-11-29,23:00:00,2,2,0,F11MO
40,Molenlei 59,2021-11-30,00:00:00,0,0,0,F11MO
40,Molenlei 59,2021-11-30,01:00:00,0,0,0,F11MO
40,Molenlei 59,2021-11-30,02:00:00,0,0,0,F11MO
40,Molenlei 59,2021-11-30,03:00:00,0,0,0,F11MO
40,Molenlei 59,2021-11-30,04:00:00,4,4,0,F11MO
40,Molenlei 59,2021-11-30,05:00:00,28,16,12,F11MO
40,Molenlei 59,2021-11-30,06:00:00,48,30,18,F11MO
40,Molenlei 59,2021-11-30,07:00:00,182,116,66,F11MO
40,Molenlei 59,2021-11-30,08:00:00,194,110,84,F11MO
40,Molenlei 59,2021-11-30,09:00:00,56,28,28,F11MO
40,Molenlei 59,2021-11-30,10:00:00,44,20,24,F11MO
40,Molenlei 59,2021-11-30,11:00:00,10,2,8,F11MO
40,Molenlei 59,2021-11-30,12:00:00,58,36,22,F11MO
40,Molenlei 59,2021-11-30,13:00:00,84,32,52,F11MO
40,Molenlei 59,2021-11-30,14:00:00,52,14,38,F11MO
40,Molenlei 59,2021-11-30,15:00:00,118,42,76,F11MO
40,Molenlei 59,2021-11-30,16:00:00,218,76,142,F11MO
40,Molenlei 59,2021-11-30,17:00:00,126,46,80,F11MO
40,Molenlei 59,2021-11-30,18:00:00,82,26,56,F11MO
40,Molenlei 59,2021-11-30,19:00:00,40,12,28,F11MO
40,Molenlei 59,2021-11-30,20:00:00,24,10,14,F11MO
40,Molenlei 59,2021-11-30,21:00:00,14,6,8,F11MO
40,Molenlei 59,2021-11-30,22:00:00,32,16,16,F11MO
40,Molenlei 59,2021-11-30,23:00:00,4,2,2,F11MO
40,Molenlei 59,2021-12-01,00:00:00,6,2,4,F11MO
40,Molenlei 59,2021-12-01,01:00:00,2,0,2,F11MO
40,Molenlei 59,2021-12-01,02:00:00,0,0,0,F11MO
40,Molenlei 59,2021-12-01,03:00:00,0,0,0,F11MO
40,Molenlei 59,2021-12-01,04:00:00,0,0,0,F11MO
40,Molenlei 59,2021-12-01,05:00:00,30,18,12,F11MO
40,Molenlei 59,2021-12-01,06:00:00,50,28,22,F11MO
40,Molenlei 59,2021-12-01,07:00:00,160,78,82,F11MO
40,Molenlei 59,2021-12-01,08:00:00,190,120,70,F11MO
40,Molenlei 59,2021-12-01,09:00:00,70,36,34,F11MO
40,Molenlei 59,2021-12-01,10:00:00,44,24,20,F11MO
40,Molenlei 59,2021-12-01,11:00:00,78,36,42,F11MO
40,Molenlei 59,2021-12-01,12:00:00,194,84,110,F11MO
40,Molenlei 59,2021-12-01,13:00:00,134,74,60,F11MO
40,Molenlei 59,2021-12-01,14:00:00,92,40,52,F11MO
40,Molenlei 59,2021-12-01,15:00:00,92,42,50,F11MO
40,Molenlei 59,2021-12-01,16:00:00,156,76,80,F11MO
40,Molenlei 59,2021-12-01,17:00:00,124,56,68,F11MO
40,Molenlei 59,2021-12-01,18:00:00,86,34,52,F11MO
40,Molenlei 59,2021-12-01,19:00:00,52,24,28,F11MO
40,Molenlei 59,2021-12-01,20:00:00,20,8,12,F11MO
40,Molenlei 59,2021-12-01,21:00:00,10,4,6,F11MO
40,Molenlei 59,2021-12-01,22:00:00,22,6,16,F11MO
40,Molenlei 59,2021-12-01,23:00:00,6,4,2,F11MO
40,Molenlei 59,2021-12-02,00:00:00,2,0,2,F11MO
40,Molenlei 59,2021-12-02,01:00:00,0,0,0,F11MO
40,Molenlei 59,2021-12-02,02:00:00,0,0,0,F11MO
40,Molenlei 59,2021-12-02,03:00:00,0,0,0,F11MO
40,Molenlei 59,2021-12-02,04:00:00,0,0,0,F11MO
40,Molenlei 59,2021-12-02,05:00:00,30,18,12,F11MO
40,Molenlei 59,2021-12-02,06:00:00,52,34,18,F11MO
40,Molenlei 59,2021-12-02,07:00:00,170,78,92,F11MO
40,Molenlei 59,2021-12-02,08:00:00,210,134,76,F11MO
40,Molenlei 59,2021-12-02,09:00:00,56,26,30,F11MO
40,Molenlei 59,2021-12-02,10:00:00,30,14,16,F11MO
40,Molenlei 59,2021-12-02,11:00:00,30,16,14,F11MO
40,Molenlei 59,2021-12-02,12:00:00,76,44,32,F11MO
40,Molenlei 59,2021-12-02,13:00:00,72,42,30,F11MO
40,Molenlei 59,2021-12-02,14:00:00,66,28,38,F11MO
40,Molenlei 59,2021-12-02,15:00:00,130,46,84,F11MO
40,Molenlei 59,2021-12-02,16:00:00,194,80,114,F11MO
40,Molenlei 59,2021-12-02,17:00:00,166,68,98,F11MO
40,Molenlei 59,2021-12-02,18:00:00,96,44,52,F11MO
40,Molenlei 59,2021-12-02,19:00:00,42,18,24,F11MO
40,Molenlei 59,2021-12-02,20:00:00,14,2,12,F11MO
40,Molenlei 59,2021-12-02,21:00:00,26,8,18,F11MO
40,Molenlei 59,2021-12-02,22:00:00,28,6,22,F11MO
40,Molenlei 59,2021-12-02,23:00:00,14,10,4,F11MO
40,Molenlei 59,2021-12-03,00:00:00,0,0,0,F11MO
40,Molenlei 59,2021-12-03,01:00:00,4,2,2,F11MO
40,Molenlei 59,2021-12-03,02:00:00,2,2,0,F11MO
40,Molenlei 59,2021-12-03,03:00:00,0,0,0,F11MO
40,Molenlei 59,2021-12-03,04:00:00,4,4,0,F11MO
40,Molenlei 59,2021-12-03,05:00:00,20,10,10,F11MO
40,Molenlei 59,2021-12-03,06:00:00,46,30,16,F11MO
40,Molenlei 59,2021-12-03,07:00:00,150,78,72,F11MO
40,Molenlei 59,2021-12-03,08:00:00,212,128,84,F11MO
40,Molenlei 59,2021-12-03,09:00:00,74,32,42,F11MO
40,Molenlei 59,2021-12-03,10:00:00,64,28,36,F11MO
40,Molenlei 59,2021-12-03,11:00:00,94,52,42,F11MO
40,Molenlei 59,2021-12-03,12:00:00,126,76,50,F11MO
40,Molenlei 59,2021-12-03,13:00:00,100,58,42,F11MO
40,Molenlei 59,2021-12-03,14:00:00,68,38,30,F11MO
40,Molenlei 59,2021-12-03,15:00:00,166,68,98,F11MO
40,Molenlei 59,2021-12-03,16:00:00,192,62,130,F11MO
40,Molenlei 59,2021-12-03,17:00:00,120,50,70,F11MO
40,Molenlei 59,2021-12-03,18:00:00,114,52,62,F11MO
40,Molenlei 59,2021-12-03,19:00:00,54,16,38,F11MO
40,Molenlei 59,2021-12-03,20:00:00,28,14,14,F11MO
40,Molenlei 59,2021-12-03,21:00:00,18,10,8,F11MO
40,Molenlei 59,2021-12-03,22:00:00,30,6,24,F11MO
40,Molenlei 59,2021-12-03,23:00:00,38,16,22,F11MO
40,Molenlei 59,2021-12-04,00:00:00,10,8,2,F11MO
40,Molenlei 59,2021-12-04,01:00:00,4,2,2,F11MO
40,Molenlei 59,2021-12-04,02:00:00,8,0,8,F11MO
40,Molenlei 59,2021-12-04,03:00:00,0,0,0,F11MO
40,Molenlei 59,2021-12-04,04:00:00,6,4,2,F11MO
40,Molenlei 59,2021-12-04,05:00:00,0,0,0,F11MO
40,Molenlei 59,2021-12-04,06:00:00,14,2,12,F11MO
40,Molenlei 59,2021-12-04,07:00:00,12,2,10,F11MO
40,Molenlei 59,2021-12-04,08:00:00,36,18,18,F11MO
40,Molenlei 59,2021-12-04,09:00:00,76,38,38,F11MO
40,Molenlei 59,2021-12-04,10:00:00,118,64,54,F11MO
40,Molenlei 59,2021-12-04,11:00:00,128,54,74,F11MO
40,Molenlei 59,2021-12-04,12:00:00,82,40,42,F11MO
40,Molenlei 59,2021-12-04,13:00:00,48,22,26,F11MO
40,Molenlei 59,2021-12-04,14:00:00,26,12,14,F11MO
40,Molenlei 59,2021-12-04,15:00:00,60,24,36,F11MO
40,Molenlei 59,2021-12-04,16:00:00,92,42,50,F11MO
40,Molenlei 59,2021-12-04,17:00:00,50,26,24,F11MO
40,Molenlei 59,2021-12-04,18:00:00,48,26,22,F11MO
40,Molenlei 59,2021-12-04,19:00:00,38,18,20,F11MO
40,Molenlei 59,2021-12-04,20:00:00,38,20,18,F11MO
40,Molenlei 59,2021-12-04,21:00:00,16,0,16,F11MO
40,Molenlei 59,2021-12-04,22:00:00,26,4,22,F11MO
40,Molenlei 59,2021-12-04,23:00:00,18,12,6,F11MO
40,Molenlei 59,2021-12-05,00:00:00,12,10,2,F11MO
40,Molenlei 59,2021-12-05,01:00:00,6,2,4,F11MO
40,Molenlei 59,2021-12-05,02:00:00,6,2,4,F11MO
40,Molenlei 59,2021-12-05,03:00:00,6,6,0,F11MO
40,Molenlei 59,2021-12-05,04:00:00,2,2,0,F11MO
40,Molenlei 59,2021-12-05,05:00:00,0,0,0,F11MO
40,Molenlei 59,2021-12-05,06:00:00,8,2,6,F11MO
40,Molenlei 59,2021-12-05,07:00:00,12,2,10,F11MO
40,Molenlei 59,2021-12-05,08:00:00,56,22,34,F11MO
40,Molenlei 59,2021-12-05,09:00:00,62,30,32,F11MO
40,Molenlei 59,2021-12-05,10:00:00,130,46,84,F11MO
40,Molenlei 59,2021-12-05,11:00:00,140,72,68,F11MO
40,Molenlei 59,2021-12-05,12:00:00,114,48,66,F11MO
40,Molenlei 59,2021-12-05,13:00:00,146,68,78,F11MO
40,Molenlei 59,2021-12-05,14:00:00,142,74,68,F11MO
40,Molenlei 59,2021-12-05,15:00:00,150,68,82,F11MO
40,Molenlei 59,2021-12-05,16:00:00,106,58,48,F11MO
40,Molenlei 59,2021-12-05,17:00:00,92,46,46,F11MO
40,Molenlei 59,2021-12-05,18:00:00,76,36,40,F11MO
40,Molenlei 59,2021-12-05,19:00:00,34,20,14,F11MO
40,Molenlei 59,2021-12-05,20:00:00,34,16,18,F11MO
40,Molenlei 59,2021-12-05,21:00:00,16,12,4,F11MO
40,Molenlei 59,2021-12-05,22:00:00,26,6,20,F11MO
40,Molenlei 59,2021-12-05,23:00:00,6,6,0,F11MO
40,Molenlei 59,2021-12-06,00:00:00,4,4,0,F11MO
40,Molenlei 59,2021-12-06,01:00:00,2,0,2,F11MO
40,Molenlei 59,2021-12-06,02:00:00,2,2,0,F11MO
40,Molenlei 59,2021-12-06,03:00:00,0,0,0,F11MO
40,Molenlei 59,2021-12-06,04:00:00,4,2,2,F11MO
40,Molenlei 59,2021-12-06,05:00:00,30,16,14,F11MO
40,Molenlei 59,2021-12-06,06:00:00,56,40,16,F11MO
40,Molenlei 59,2021-12-06,07:00:00,204,110,94,F11MO
40,Molenlei 59,2021-12-06,08:00:00,284,170,114,F11MO
40,Molenlei 59,2021-12-06,09:00:00,104,56,48,F11MO
40,Molenlei 59,2021-12-06,10:00:00,78,44,34,F11MO
40,Molenlei 59,2021-12-06,11:00:00,78,42,36,F11MO
40,Molenlei 59,2021-12-06,12:00:00,152,88,64,F11MO
40,Molenlei 59,2021-12-06,13:00:00,120,54,66,F11MO
40,Molenlei 59,2021-12-06,14:00:00,98,46,52,F11MO
40,Molenlei 59,2021-12-06,15:00:00,216,88,128,F11MO
40,Molenlei 59,2021-12-06,16:00:00,308,98,210,F11MO
40,Molenlei 59,2021-12-06,17:00:00,148,48,100,F11MO
40,Molenlei 59,2021-12-06,18:00:00,74,30,44,F11MO
40,Molenlei 59,2021-12-06,19:00:00,40,10,30,F11MO
40,Molenlei 59,2021-12-06,20:00:00,38,18,20,F11MO
40,Molenlei 59,2021-12-06,21:00:00,28,10,18,F11MO
40,Molenlei 59,2021-12-06,22:00:00,28,10,18,F11MO
40,Molenlei 59,2021-12-06,23:00:00,6,2,4,F11MO
40,Molenlei 59,2021-12-07,00:00:00,2,2,0,F11MO
40,Molenlei 59,2021-12-07,01:00:00,0,0,0,F11MO
40,Molenlei 59,2021-12-07,02:00:00,0,0,0,F11MO
40,Molenlei 59,2021-12-07,03:00:00,2,0,2,F11MO
40,Molenlei 59,2021-12-07,04:00:00,4,2,2,F11MO
40,Molenlei 59,2021-12-07,05:00:00,18,8,10,F11MO
40,Molenlei 59,2021-12-07,06:00:00,80,58,22,F11MO
40,Molenlei 59,2021-12-07,07:00:00,208,116,92,F11MO
40,Molenlei 59,2021-12-07,08:00:00,306,194,112,F11MO
40,Molenlei 59,2021-12-07,09:00:00,88,44,44,F11MO
40,Molenlei 59,2021-12-07,10:00:00,78,22,56,F11MO
40,Molenlei 59,2021-12-07,11:00:00,88,56,32,F11MO
40,Molenlei 59,2021-12-07,12:00:00,132,84,48,F11MO
40,Molenlei 59,2021-12-07,13:00:00,172,100,72,F11MO
40,Molenlei 59,2021-12-07,14:00:00,174,62,112,F11MO
40,Molenlei 59,2021-12-07,15:00:00,218,72,146,F11MO
40,Molenlei 59,2021-12-07,16:00:00,270,88,182,F11MO
40,Molenlei 59,2021-12-07,17:00:00,164,54,110,F11MO
40,Molenlei 59,2021-12-07,18:00:00,90,32,58,F11MO
40,Molenlei 59,2021-12-07,19:00:00,42,16,26,F11MO
40,Molenlei 59,2021-12-07,20:00:00,34,14,20,F11MO
40,Molenlei 59,2021-12-07,21:00:00,26,16,10,F11MO
40,Molenlei 59,2021-12-07,22:00:00,28,8,20,F11MO
40,Molenlei 59,2021-12-07,23:00:00,4,4,0,F11MO
40,Molenlei 59,2021-12-08,00:00:00,4,0,4,F11MO
40,Molenlei 59,2021-12-08,01:00:00,2,0,2,F11MO
40,Molenlei 59,2021-12-08,02:00:00,0,0,0,F11MO
40,Molenlei 59,2021-12-08,03:00:00,0,0,0,F11MO
40,Molenlei 59,2021-12-08,04:00:00,0,0,0,F11MO
40,Molenlei 59,2021-12-08,05:00:00,32,18,14,F11MO
40,Molenlei 59,2021-12-08,06:00:00,56,34,22,F11MO
40,Molenlei 59,2021-12-08,07:00:00,212,120,92,F11MO
40,Molenlei 59,2021-12-08,08:00:00,278,188,90,F11MO
40,Molenlei 59,2021-12-08,09:00:00,84,38,46,F11MO
40,Molenlei 59,2021-12-08,10:00:00,112,58,54,F11MO
40,Molenlei 59,2021-12-08,11:00:00,164,68,96,F11MO
40,Molenlei 59,2021-12-08,12:00:00,216,102,114,F11MO
40,Molenlei 59,2021-12-08,13:00:00,170,82,88,F11MO
40,Molenlei 59,2021-12-08,14:00:00,142,52,90,F11MO
40,Molenlei 59,2021-12-08,15:00:00,98,58,40,F11MO
40,Molenlei 59,2021-12-08,16:00:00,162,64,98,F11MO
40,Molenlei 59,2021-12-08,17:00:00,160,58,102,F11MO
40,Molenlei 59,2021-12-08,18:00:00,114,54,60,F11MO
40,Molenlei 59,2021-12-08,19:00:00,60,18,42,F11MO
40,Molenlei 59,2021-12-08,20:00:00,18,10,8,F11MO
40,Molenlei 59,2021-12-08,21:00:00,28,14,14,F11MO
40,Molenlei 59,2021-12-08,22:00:00,34,8,26,F11MO
40,Molenlei 59,2021-12-08,23:00:00,8,2,6,F11MO
40,Molenlei 59,2021-12-09,00:00:00,4,4,0,F11MO
40,Molenlei 59,2021-12-09,01:00:00,0,0,0,F11MO
40,Molenlei 59,2021-12-09,02:00:00,2,0,2,F11MO
40,Molenlei 59,2021-12-09,03:00:00,0,0,0,F11MO
40,Molenlei 59,2021-12-09,04:00:00,6,2,4,F11MO
40,Molenlei 59,2021-12-09,05:00:00,28,14,14,F11MO
40,Molenlei 59,2021-12-09,06:00:00,56,40,16,F11MO
40,Molenlei 59,2021-12-09,07:00:00,194,108,86,F11MO
40,Molenlei 59,2021-12-09,08:00:00,256,178,78,F11MO
40,Molenlei 59,2021-12-09,09:00:00,94,42,52,F11MO
40,Molenlei 59,2021-12-09,10:00:00,94,46,48,F11MO
40,Molenlei 59,2021-12-09,11:00:00,100,42,58,F11MO
40,Molenlei 59,2021-12-09,12:00:00,152,82,70,F11MO
40,Molenlei 59,2021-12-09,13:00:00,108,58,50,F11MO
40,Molenlei 59,2021-12-09,14:00:00,118,56,62,F11MO
40,Molenlei 59,2021-12-09,15:00:00,208,76,132,F11MO
40,Molenlei 59,2021-12-09,16:00:00,206,68,138,F11MO
40,Molenlei 59,2021-12-09,17:00:00,140,48,92,F11MO
40,Molenlei 59,2021-12-09,18:00:00,82,40,42,F11MO
40,Molenlei 59,2021-12-09,19:00:00,46,20,26,F11MO
40,Molenlei 59,2021-12-09,20:00:00,30,4,26,F11MO
40,Molenlei 59,2021-12-09,21:00:00,22,8,14,F11MO
40,Molenlei 59,2021-12-09,22:00:00,44,6,38,F11MO
40,Molenlei 59,2021-12-09,23:00:00,18,6,12,F11MO
40,Molenlei 59,2021-12-10,00:00:00,8,2,6,F11MO
40,Molenlei 59,2021-12-10,01:00:00,2,0,2,F11MO
40,Molenlei 59,2021-12-10,02:00:00,0,0,0,F11MO
40,Molenlei 59,2021-12-10,03:00:00,0,0,0,F11MO
40,Molenlei 59,2021-12-10,04:00:00,2,2,0,F11MO
40,Molenlei 59,2021-12-10,05:00:00,24,12,12,F11MO
40,Molenlei 59,2021-12-10,06:00:00,38,26,12,F11MO
40,Molenlei 59,2021-12-10,07:00:00,132,66,66,F11MO
40,Molenlei 59,2021-12-10,08:00:00,198,126,72,F11MO
40,Molenlei 59,2021-12-10,09:00:00,50,20,30,F11MO
40,Molenlei 59,2021-12-10,10:00:00,52,22,30,F11MO
40,Molenlei 59,2021-12-10,11:00:00,86,50,36,F11MO
40,Molenlei 59,2021-12-10,12:00:00,96,32,64,F11MO
40,Molenlei 59,2021-12-10,13:00:00,74,34,40,F11MO
40,Molenlei 59,2021-12-10,14:00:00,78,36,42,F11MO
40,Molenlei 59,2021-12-10,15:00:00,154,50,104,F11MO
40,Molenlei 59,2021-12-10,16:00:00,144,62,82,F11MO
40,Molenlei 59,2021-12-10,17:00:00,118,50,68,F11MO
40,Molenlei 59,2021-12-10,18:00:00,76,24,52,F11MO
40,Molenlei 59,2021-12-10,19:00:00,68,30,38,F11MO
40,Molenlei 59,2021-12-10,20:00:00,24,8,16,F11MO
40,Molenlei 59,2021-12-10,21:00:00,14,4,10,F11MO
40,Molenlei 59,2021-12-10,22:00:00,18,8,10,F11MO
40,Molenlei 59,2021-12-10,23:00:00,26,20,6,F11MO
40,Molenlei 59,2021-12-11,00:00:00,8,8,0,F11MO
40,Molenlei 59,2021-12-11,01:00:00,4,2,2,F11MO
40,Molenlei 59,2021-12-11,02:00:00,10,0,10,F11MO
40,Molenlei 59,2021-12-11,03:00:00,4,4,0,F11MO
40,Molenlei 59,2021-12-11,04:00:00,4,0,4,F11MO
40,Molenlei 59,2021-12-11,05:00:00,10,6,4,F11MO
40,Molenlei 59,2021-12-11,06:00:00,12,8,4,F11MO
40,Molenlei 59,2021-12-11,07:00:00,12,8,4,F11MO
40,Molenlei 59,2021-12-11,08:00:00,44,22,22,F11MO
40,Molenlei 59,2021-12-11,09:00:00,110,32,78,F11MO
40,Molenlei 59,2021-12-11,10:00:00,124,60,64,F11MO
40,Molenlei 59,2021-12-11,11:00:00,180,102,78,F11MO
40,Molenlei 59,2021-12-11,12:00:00,156,76,80,F11MO
40,Molenlei 59,2021-12-11,13:00:00,174,98,76,F11MO
40,Molenlei 59,2021-12-11,14:00:00,214,102,112,F11MO
40,Molenlei 59,2021-12-11,15:00:00,184,98,86,F11MO
40,Molenlei 59,2021-12-11,16:00:00,122,76,46,F11MO
40,Molenlei 59,2021-12-11,17:00:00,82,32,50,F11MO
40,Molenlei 59,2021-12-11,18:00:00,60,32,28,F11MO
40,Molenlei 59,2021-12-11,19:00:00,44,26,18,F11MO
40,Molenlei 59,2021-12-11,20:00:00,44,20,24,F11MO
40,Molenlei 59,2021-12-11,21:00:00,24,12,12,F11MO
40,Molenlei 59,2021-12-11,22:00:00,30,6,24,F11MO
40,Molenlei 59,2021-12-11,23:00:00,10,8,2,F11MO
40,Molenlei 59,2021-12-12,00:00:00,6,4,2,F11MO
40,Molenlei 59,2021-12-12,01:00:00,12,8,4,F11MO
40,Molenlei 59,2021-12-12,02:00:00,4,4,0,F11MO
40,Molenlei 59,2021-12-12,03:00:00,2,0,2,F11MO
40,Molenlei 59,2021-12-12,04:00:00,4,0,4,F11MO
40,Molenlei 59,2021-12-12,05:00:00,8,4,4,F11MO
40,Molenlei 59,2021-12-12,06:00:00,12,4,8,F11MO
40,Molenlei 59,2021-12-12,07:00:00,22,12,10,F11MO
40,Molenlei 59,2021-12-12,08:00:00,42,16,26,F11MO
40,Molenlei 59,2021-12-12,09:00:00,106,40,66,F11MO
40,Molenlei 59,2021-12-12,10:00:00,98,40,58,F11MO
40,Molenlei 59,2021-12-12,11:00:00,128,78,50,F11MO
40,Molenlei 59,2021-12-12,12:00:00,102,58,44,F11MO
40,Molenlei 59,2021-12-12,13:00:00,64,44,20,F11MO
40,Molenlei 59,2021-12-12,14:00:00,62,24,38,F11MO
40,Molenlei 59,2021-12-12,15:00:00,94,56,38,F11MO
40,Molenlei 59,2021-12-12,16:00:00,54,34,20,F11MO
40,Molenlei 59,2021-12-12,17:00:00,68,34,34,F11MO
40,Molenlei 59,2021-12-12,18:00:00,40,26,14,F11MO
40,Molenlei 59,2021-12-12,19:00:00,14,8,6,F11MO
40,Molenlei 59,2021-12-12,20:00:00,14,6,8,F11MO
40,Molenlei 59,2021-12-12,21:00:00,12,4,8,F11MO
40,Molenlei 59,2021-12-12,22:00:00,12,4,8,F11MO
40,Molenlei 59,2021-12-12,23:00:00,4,2,2,F11MO
40,Molenlei 59,2021-12-13,00:00:00,2,0,2,F11MO
40,Molenlei 59,2021-12-13,01:00:00,4,0,4,F11MO
40,Molenlei 59,2021-12-13,02:00:00,2,2,0,F11MO
40,Molenlei 59,2021-12-13,03:00:00,0,0,0,F11MO
40,Molenlei 59,2021-12-13,04:00:00,10,10,0,F11MO
40,Molenlei 59,2021-12-13,05:00:00,42,26,16,F11MO
40,Molenlei 59,2021-12-13,06:00:00,56,42,14,F11MO
40,Molenlei 59,2021-12-13,07:00:00,262,148,114,F11MO
40,Molenlei 59,2021-12-13,08:00:00,320,190,130,F11MO
40,Molenlei 59,2021-12-13,09:00:00,118,58,60,F11MO
40,Molenlei 59,2021-12-13,10:00:00,84,36,48,F11MO
40,Molenlei 59,2021-12-13,11:00:00,160,84,76,F11MO
40,Molenlei 59,2021-12-13,12:00:00,182,76,106,F11MO
40,Molenlei 59,2021-12-13,13:00:00,136,80,56,F11MO
40,Molenlei 59,2021-12-13,14:00:00,134,48,86,F11MO
40,Molenlei 59,2021-12-13,15:00:00,254,72,182,F11MO
40,Molenlei 59,2021-12-13,16:00:00,264,104,160,F11MO
40,Molenlei 59,2021-12-13,17:00:00,206,72,134,F11MO
40,Molenlei 59,2021-12-13,18:00:00,138,52,86,F11MO
40,Molenlei 59,2021-12-13,19:00:00,70,26,44,F11MO
40,Molenlei 59,2021-12-13,20:00:00,58,20,38,F11MO
40,Molenlei 59,2021-12-13,21:00:00,34,20,14,F11MO
40,Molenlei 59,2021-12-13,22:00:00,32,10,22,F11MO
40,Molenlei 59,2021-12-13,23:00:00,10,2,8,F11MO
40,Molenlei 59,2021-12-14,00:00:00,4,2,2,F11MO
40,Molenlei 59,2021-12-14,01:00:00,0,0,0,F11MO
40,Molenlei 59,2021-12-14,02:00:00,4,2,2,F11MO
40,Molenlei 59,2021-12-14,03:00:00,2,2,0,F11MO
40,Molenlei 59,2021-12-14,04:00:00,10,6,4,F11MO
40,Molenlei 59,2021-12-14,05:00:00,42,26,16,F11MO
40,Molenlei 59,2021-12-14,06:00:00,66,46,20,F11MO
40,Molenlei 59,2021-12-14,07:00:00,238,142,96,F11MO
40,Molenlei 59,2021-12-14,08:00:00,336,220,116,F11MO
40,Molenlei 59,2021-12-14,09:00:00,102,46,56,F11MO
40,Molenlei 59,2021-12-14,10:00:00,126,48,78,F11MO
40,Molenlei 59,2021-12-14,11:00:00,110,58,52,F11MO
40,Molenlei 59,2021-12-14,12:00:00,132,62,70,F11MO
40,Molenlei 59,2021-12-14,13:00:00,174,96,78,F11MO
40,Molenlei 59,2021-12-14,14:00:00,140,68,72,F11MO
40,Molenlei 59,2021-12-14,15:00:00,230,78,152,F11MO
40,Molenlei 59,2021-12-14,16:00:00,230,92,138,F11MO
40,Molenlei 59,2021-12-14,17:00:00,270,100,170,F11MO
40,Molenlei 59,2021-12-14,18:00:00,92,30,62,F11MO
40,Molenlei 59,2021-12-14,19:00:00,70,34,36,F11MO
40,Molenlei 59,2021-12-14,20:00:00,36,18,18,F11MO
40,Molenlei 59,2021-12-14,21:00:00,20,6,14,F11MO
40,Molenlei 59,2021-12-14,22:00:00,36,14,22,F11MO
40,Molenlei 59,2021-12-14,23:00:00,16,6,10,F11MO
40,Molenlei 59,2021-12-15,00:00:00,2,2,0,F11MO
40,Molenlei 59,2021-12-15,01:00:00,2,2,0,F11MO
40,Molenlei 59,2021-12-15,02:00:00,2,0,2,F11MO
40,Molenlei 59,2021-12-15,03:00:00,0,0,0,F11MO
40,Molenlei 59,2021-12-15,04:00:00,6,4,2,F11MO
40,Molenlei 59,2021-12-15,05:00:00,28,14,14,F11MO
40,Molenlei 59,2021-12-15,06:00:00,70,52,18,F11MO
40,Molenlei 59,2021-12-15,07:00:00,234,132,102,F11MO
40,Molenlei 59,2021-12-15,08:00:00,284,194,90,F11MO
40,Molenlei 59,2021-12-15,09:00:00,114,62,52,F11MO
40,Molenlei 59,2021-12-15,10:00:00,172,62,110,F11MO
40,Molenlei 59,2021-12-15,11:00:00,194,88,106,F11MO
40,Molenlei 59,2021-12-15,12:00:00,188,86,102,F11MO
40,Molenlei 59,2021-12-15,13:00:00,142,60,82,F11MO
40,Molenlei 59,2021-12-15,14:00:00,170,62,108,F11MO
40,Molenlei 59,2021-12-15,15:00:00,164,82,82,F11MO
40,Molenlei 59,2021-12-15,16:00:00,208,72,136,F11MO
40,Molenlei 59,2021-12-15,17:00:00,190,74,116,F11MO
40,Molenlei 59,2021-12-15,18:00:00,126,58,68,F11MO
40,Molenlei 59,2021-12-15,19:00:00,56,26,30,F11MO
40,Molenlei 59,2021-12-15,20:00:00,24,14,10,F11MO
40,Molenlei 59,2021-12-15,21:00:00,44,26,18,F11MO
40,Molenlei 59,2021-12-15,22:00:00,28,6,22,F11MO
40,Molenlei 59,2021-12-15,23:00:00,18,2,16,F11MO
40,Molenlei 59,2021-12-16,00:00:00,2,0,2,F11MO
40,Molenlei 59,2021-12-16,01:00:00,4,0,4,F11MO
40,Molenlei 59,2021-12-16,02:00:00,0,0,0,F11MO
40,Molenlei 59,2021-12-16,03:00:00,2,0,2,F11MO
40,Molenlei 59,2021-12-16,04:00:00,6,6,0,F11MO
40,Molenlei 59,2021-12-16,05:00:00,42,24,18,F11MO
40,Molenlei 59,2021-12-16,06:00:00,66,50,16,F11MO
40,Molenlei 59,2021-12-16,07:00:00,230,136,94,F11MO
40,Molenlei 59,2021-12-16,08:00:00,354,228,126,F11MO
40,Molenlei 59,2021-12-16,09:00:00,132,58,74,F11MO
40,Molenlei 59,2021-12-16,10:00:00,154,52,102,F11MO
40,Molenlei 59,2021-12-16,11:00:00,118,68,50,F11MO
40,Molenlei 59,2021-12-16,12:00:00,188,84,104,F11MO
40,Molenlei 59,2021-12-16,13:00:00,164,66,98,F11MO
40,Molenlei 59,2021-12-16,14:00:00,282,130,152,F11MO
40,Molenlei 59,2021-12-16,15:00:00,336,124,212,F11MO
40,Molenlei 59,2021-12-16,16:00:00,312,134,178,F11MO
40,Molenlei 59,2021-12-16,17:00:00,216,76,140,F11MO
40,Molenlei 59,2021-12-16,18:00:00,160,72,88,F11MO
40,Molenlei 59,2021-12-16,19:00:00,84,34,50,F11MO
40,Molenlei 59,2021-12-16,20:00:00,40,12,28,F11MO
40,Molenlei 59,2021-12-16,21:00:00,26,14,12,F11MO
40,Molenlei 59,2021-12-16,22:00:00,46,10,36,F11MO
40,Molenlei 59,2021-12-16,23:00:00,22,14,8,F11MO
40,Molenlei 59,2021-12-17,00:00:00,2,0,2,F11MO
40,Molenlei 59,2021-12-17,01:00:00,0,0,0,F11MO
40,Molenlei 59,2021-12-17,02:00:00,2,0,2,F11MO
40,Molenlei 59,2021-12-17,03:00:00,0,0,0,F11MO
40,Molenlei 59,2021-12-17,04:00:00,4,4,0,F11MO
40,Molenlei 59,2021-12-17,05:00:00,34,22,12,F11MO
40,Molenlei 59,2021-12-17,06:00:00,54,36,18,F11MO
40,Molenlei 59,2021-12-17,07:00:00,200,106,94,F11MO
40,Molenlei 59,2021-12-17,08:00:00,304,200,104,F11MO
40,Molenlei 59,2021-12-17,09:00:00,92,44,48,F11MO
40,Molenlei 59,2021-12-17,10:00:00,162,54,108,F11MO
40,Molenlei 59,2021-12-17,11:00:00,180,102,78,F11MO
40,Molenlei 59,2021-12-17,12:00:00,172,78,94,F11MO
40,Molenlei 59,2021-12-17,13:00:00,124,58,66,F11MO
40,Molenlei 59,2021-12-17,14:00:00,190,78,112,F11MO
40,Molenlei 59,2021-12-17,15:00:00,248,100,148,F11MO
40,Molenlei 59,2021-12-17,16:00:00,218,82,136,F11MO
40,Molenlei 59,2021-12-17,17:00:00,194,74,120,F11MO
40,Molenlei 59,2021-12-17,18:00:00,166,62,104,F11MO
40,Molenlei 59,2021-12-17,19:00:00,72,40,32,F11MO
40,Molenlei 59,2021-12-17,20:00:00,54,18,36,F11MO
40,Molenlei 59,2021-12-17,21:00:00,30,14,16,F11MO
40,Molenlei 59,2021-12-17,22:00:00,24,8,16,F11MO
40,Molenlei 59,2021-12-17,23:00:00,22,10,12,F11MO
40,Molenlei 59,2021-12-18,00:00:00,12,6,6,F11MO
40,Molenlei 59,2021-12-18,01:00:00,12,8,4,F11MO
40,Molenlei 59,2021-12-18,02:00:00,10,4,6,F11MO
40,Molenlei 59,2021-12-18,03:00:00,4,2,2,F11MO
40,Molenlei 59,2021-12-18,04:00:00,8,4,4,F11MO
40,Molenlei 59,2021-12-18,05:00:00,18,16,2,F11MO
40,Molenlei 59,2021-12-18,06:00:00,10,2,8,F11MO
40,Molenlei 59,2021-12-18,07:00:00,18,6,12,F11MO
40,Molenlei 59,2021-12-18,08:00:00,44,22,22,F11MO
40,Molenlei 59,2021-12-18,09:00:00,102,38,64,F11MO
40,Molenlei 59,2021-12-18,10:00:00,88,52,36,F11MO
40,Molenlei 59,2021-12-18,11:00:00,206,144,62,F11MO
40,Molenlei 59,2021-12-18,12:00:00,158,80,78,F11MO
40,Molenlei 59,2021-12-18,13:00:00,126,72,54,F11MO
40,Molenlei 59,2021-12-18,14:00:00,158,80,78,F11MO
40,Molenlei 59,2021-12-18,15:00:00,154,86,68,F11MO
40,Molenlei 59,2021-12-18,16:00:00,122,62,60,F11MO
40,Molenlei 59,2021-12-18,17:00:00,82,34,48,F11MO
40,Molenlei 59,2021-12-18,18:00:00,70,32,38,F11MO
40,Molenlei 59,2021-12-18,19:00:00,40,20,20,F11MO
40,Molenlei 59,2021-12-18,20:00:00,38,14,24,F11MO
40,Molenlei 59,2021-12-18,21:00:00,26,10,16,F11MO
40,Molenlei 59,2021-12-18,22:00:00,28,12,16,F11MO
40,Molenlei 59,2021-12-18,23:00:00,26,10,16,F11MO
40,Molenlei 59,2021-12-19,00:00:00,6,2,4,F11MO
40,Molenlei 59,2021-12-19,01:00:00,8,2,6,F11MO
40,Molenlei 59,2021-12-19,02:00:00,4,2,2,F11MO
40,Molenlei 59,2021-12-19,03:00:00,4,0,4,F11MO
40,Molenlei 59,2021-12-19,04:00:00,0,0,0,F11MO
40,Molenlei 59,2021-12-19,05:00:00,6,4,2,F11MO
40,Molenlei 59,2021-12-19,06:00:00,30,18,12,F11MO
40,Molenlei 59,2021-12-19,07:00:00,20,8,12,F11MO
40,Molenlei 59,2021-12-19,08:00:00,58,16,42,F11MO
40,Molenlei 59,2021-12-19,09:00:00,100,48,52,F11MO
40,Molenlei 59,2021-12-19,10:00:00,176,78,98,F11MO
40,Molenlei 59,2021-12-19,11:00:00,200,104,96,F11MO
40,Molenlei 59,2021-12-19,12:00:00,180,96,84,F11MO
40,Molenlei 59,2021-12-19,13:00:00,128,66,62,F11MO
40,Molenlei 59,2021-12-19,14:00:00,158,78,80,F11MO
40,Molenlei 59,2021-12-19,15:00:00,146,78,68,F11MO
40,Molenlei 59,2021-12-19,16:00:00,82,44,38,F11MO
40,Molenlei 59,2021-12-19,17:00:00,68,34,34,F11MO
40,Molenlei 59,2021-12-19,18:00:00,42,20,22,F11MO
40,Molenlei 59,2021-12-19,19:00:00,16,12,4,F11MO
40,Molenlei 59,2021-12-19,20:00:00,32,12,20,F11MO
40,Molenlei 59,2021-12-19,21:00:00,20,8,12,F11MO
40,Molenlei 59,2021-12-19,22:00:00,26,12,14,F11MO
40,Molenlei 59,2021-12-19,23:00:00,6,2,4,F11MO
40,Molenlei 59,2021-12-20,00:00:00,2,2,0,F11MO
40,Molenlei 59,2021-12-20,01:00:00,6,4,2,F11MO
40,Molenlei 59,2021-12-20,02:00:00,0,0,0,F11MO
40,Molenlei 59,2021-12-20,03:00:00,2,2,0,F11MO
40,Molenlei 59,2021-12-20,04:00:00,2,2,0,F11MO
40,Molenlei 59,2021-12-20,05:00:00,34,16,18,F11MO
40,Molenlei 59,2021-12-20,06:00:00,54,44,10,F11MO
40,Molenlei 59,2021-12-20,07:00:00,204,108,96,F11MO
40,Molenlei 59,2021-12-20,08:00:00,226,124,102,F11MO
40,Molenlei 59,2021-12-20,09:00:00,96,52,44,F11MO
40,Molenlei 59,2021-12-20,10:00:00,144,64,80,F11MO
40,Molenlei 59,2021-12-20,11:00:00,118,44,74,F11MO
40,Molenlei 59,2021-12-20,12:00:00,218,126,92,F11MO
40,Molenlei 59,2021-12-20,13:00:00,126,74,52,F11MO
40,Molenlei 59,2021-12-20,14:00:00,208,90,118,F11MO
40,Molenlei 59,2021-12-20,15:00:00,186,74,112,F11MO
40,Molenlei 59,2021-12-20,16:00:00,206,76,130,F11MO
40,Molenlei 59,2021-12-20,17:00:00,192,72,120,F11MO
40,Molenlei 59,2021-12-20,18:00:00,130,58,72,F11MO
40,Molenlei 59,2021-12-20,19:00:00,54,26,28,F11MO
40,Molenlei 59,2021-12-20,20:00:00,42,24,18,F11MO
40,Molenlei 59,2021-12-20,21:00:00,24,10,14,F11MO
40,Molenlei 59,2021-12-20,22:00:00,30,8,22,F11MO
40,Molenlei 59,2021-12-20,23:00:00,10,4,6,F11MO
40,Molenlei 59,2021-12-21,00:00:00,10,4,6,F11MO
40,Molenlei 59,2021-12-21,01:00:00,2,2,0,F11MO
40,Molenlei 59,2021-12-21,02:00:00,4,0,4,F11MO
40,Molenlei 59,2021-12-21,03:00:00,0,0,0,F11MO
40,Molenlei 59,2021-12-21,04:00:00,8,6,2,F11MO
40,Molenlei 59,2021-12-21,05:00:00,34,20,14,F11MO
40,Molenlei 59,2021-12-21,06:00:00,48,36,12,F11MO
40,Molenlei 59,2021-12-21,07:00:00,168,92,76,F11MO
40,Molenlei 59,2021-12-21,08:00:00,168,94,74,F11MO
40,Molenlei 59,2021-12-21,09:00:00,90,48,42,F11MO
40,Molenlei 59,2021-12-21,10:00:00,62,24,38,F11MO
40,Molenlei 59,2021-12-21,11:00:00,94,50,44,F11MO
40,Molenlei 59,2021-12-21,12:00:00,126,64,62,F11MO
40,Molenlei 59,2021-12-21,13:00:00,170,64,106,F11MO
40,Molenlei 59,2021-12-21,14:00:00,184,72,112,F11MO
40,Molenlei 59,2021-12-21,15:00:00,164,64,100,F11MO
40,Molenlei 59,2021-12-21,16:00:00,184,78,106,F11MO
40,Molenlei 59,2021-12-21,17:00:00,254,90,164,F11MO
40,Molenlei 59,2021-12-21,18:00:00,100,34,66,F11MO
40,Molenlei 59,2021-12-21,19:00:00,64,26,38,F11MO
40,Molenlei 59,2021-12-21,20:00:00,44,16,28,F11MO
40,Molenlei 59,2021-12-21,21:00:00,34,16,18,F11MO
40,Molenlei 59,2021-12-21,22:00:00,24,6,18,F11MO
40,Molenlei 59,2021-12-21,23:00:00,42,24,18,F11MO
40,Molenlei 59,2021-12-22,00:00:00,14,8,6,F11MO
40,Molenlei 59,2021-12-22,01:00:00,10,10,0,F11MO
40,Molenlei 59,2021-12-22,02:00:00,6,4,2,F11MO
40,Molenlei 59,2021-12-22,03:00:00,4,2,2,F11MO
40,Molenlei 59,2021-12-22,04:00:00,8,6,2,F11MO
40,Molenlei 59,2021-12-22,05:00:00,22,10,12,F11MO
40,Molenlei 59,2021-12-22,06:00:00,36,24,12,F11MO
40,Molenlei 59,2021-12-22,07:00:00,122,62,60,F11MO
40,Molenlei 59,2021-12-22,08:00:00,152,92,60,F11MO
40,Molenlei 59,2021-12-22,09:00:00,90,50,40,F11MO
40,Molenlei 59,2021-12-22,10:00:00,84,46,38,F11MO
40,Molenlei 59,2021-12-22,11:00:00,114,56,58,F11MO
40,Molenlei 59,2021-12-22,12:00:00,168,84,84,F11MO
40,Molenlei 59,2021-12-22,13:00:00,126,60,66,F11MO
40,Molenlei 59,2021-12-22,14:00:00,186,76,110,F11MO
40,Molenlei 59,2021-12-22,15:00:00,180,80,100,F11MO
40,Molenlei 59,2021-12-22,16:00:00,174,80,94,F11MO
40,Molenlei 59,2021-12-22,17:00:00,140,48,92,F11MO
40,Molenlei 59,2021-12-22,18:00:00,94,44,50,F11MO
40,Molenlei 59,2021-12-22,19:00:00,48,20,28,F11MO
40,Molenlei 59,2021-12-22,20:00:00,34,14,20,F11MO
40,Molenlei 59,2021-12-22,21:00:00,36,16,20,F11MO
40,Molenlei 59,2021-12-22,22:00:00,26,10,16,F11MO
40,Molenlei 59,2021-12-22,23:00:00,28,20,8,F11MO
40,Molenlei 59,2021-12-23,00:00:00,10,6,4,F11MO
40,Molenlei 59,2021-12-23,01:00:00,0,0,0,F11MO
40,Molenlei 59,2021-12-23,02:00:00,2,2,0,F11MO
40,Molenlei 59,2021-12-23,03:00:00,2,0,2,F11MO
40,Molenlei 59,2021-12-23,04:00:00,4,4,0,F11MO
40,Molenlei 59,2021-12-23,05:00:00,20,12,8,F11MO
40,Molenlei 59,2021-12-23,06:00:00,50,32,18,F11MO
40,Molenlei 59,2021-12-23,07:00:00,128,68,60,F11MO
40,Molenlei 59,2021-12-23,08:00:00,194,126,68,F11MO
40,Molenlei 59,2021-12-23,09:00:00,76,34,42,F11MO
40,Molenlei 59,2021-12-23,10:00:00,122,36,86,F11MO
40,Molenlei 59,2021-12-23,11:00:00,128,66,62,F11MO
40,Molenlei 59,2021-12-23,12:00:00,86,38,48,F11MO
40,Molenlei 59,2021-12-23,13:00:00,118,58,60,F11MO
40,Molenlei 59,2021-12-23,14:00:00,120,44,76,F11MO
40,Molenlei 59,2021-12-23,15:00:00,158,86,72,F11MO
40,Molenlei 59,2021-12-23,16:00:00,146,70,76,F11MO
40,Molenlei 59,2021-12-23,17:00:00,152,56,96,F11MO
40,Molenlei 59,2021-12-23,18:00:00,90,40,50,F11MO
40,Molenlei 59,2021-12-23,19:00:00,48,16,32,F11MO
40,Molenlei 59,2021-12-23,20:00:00,10,4,6,F11MO
40,Molenlei 59,2021-12-23,21:00:00,24,14,10,F11MO
40,Molenlei 59,2021-12-23,22:00:00,18,4,14,F11MO
40,Molenlei 59,2021-12-23,23:00:00,8,0,8,F11MO
40,Molenlei 59,2021-12-24,00:00:00,18,8,10,F11MO
40,Molenlei 59,2021-12-24,01:00:00,4,2,2,F11MO
40,Molenlei 59,2021-12-24,02:00:00,0,0,0,F11MO
40,Molenlei 59,2021-12-24,03:00:00,0,0,0,F11MO
40,Molenlei 59,2021-12-24,04:00:00,6,4,2,F11MO
40,Molenlei 59,2021-12-24,05:00:00,8,4,4,F11MO
40,Molenlei 59,2021-12-24,06:00:00,16,8,8,F11MO
40,Molenlei 59,2021-12-24,07:00:00,62,28,34,F11MO
40,Molenlei 59,2021-12-24,08:00:00,94,50,44,F11MO
40,Molenlei 59,2021-12-24,09:00:00,116,52,64,F11MO
40,Molenlei 59,2021-12-24,10:00:00,122,66,56,F11MO
40,Molenlei 59,2021-12-24,11:00:00,176,90,86,F11MO
40,Molenlei 59,2021-12-24,12:00:00,148,50,98,F11MO
40,Molenlei 59,2021-12-24,13:00:00,160,90,70,F11MO
40,Molenlei 59,2021-12-24,14:00:00,152,66,86,F11MO
40,Molenlei 59,2021-12-24,15:00:00,134,66,68,F11MO
40,Molenlei 59,2021-12-24,16:00:00,128,62,66,F11MO
40,Molenlei 59,2021-12-24,17:00:00,78,24,54,F11MO
40,Molenlei 59,2021-12-24,18:00:00,30,14,16,F11MO
40,Molenlei 59,2021-12-24,19:00:00,10,8,2,F11MO
40,Molenlei 59,2021-12-24,20:00:00,10,6,4,F11MO
40,Molenlei 59,2021-12-24,21:00:00,14,8,6,F11MO
40,Molenlei 59,2021-12-24,22:00:00,4,0,4,F11MO
40,Molenlei 59,2021-12-24,23:00:00,6,2,4,F11MO
40,Molenlei 59,2021-12-25,00:00:00,24,10,14,F11MO
40,Molenlei 59,2021-12-25,01:00:00,12,6,6,F11MO
40,Molenlei 59,2021-12-25,02:00:00,2,0,2,F11MO
40,Molenlei 59,2021-12-25,03:00:00,6,6,0,F11MO
40,Molenlei 59,2021-12-25,04:00:00,0,0,0,F11MO
40,Molenlei 59,2021-12-25,05:00:00,6,4,2,F11MO
40,Molenlei 59,2021-12-25,06:00:00,2,2,0,F11MO
40,Molenlei 59,2021-12-25,07:00:00,6,0,6,F11MO
40,Molenlei 59,2021-12-25,08:00:00,20,8,12,F11MO
40,Molenlei 59,2021-12-25,09:00:00,32,12,20,F11MO
40,Molenlei 59,2021-12-25,10:00:00,52,22,30,F11MO
40,Molenlei 59,2021-12-25,11:00:00,62,24,38,F11MO
40,Molenlei 59,2021-12-25,12:00:00,60,34,26,F11MO
40,Molenlei 59,2021-12-25,13:00:00,58,36,22,F11MO
40,Molenlei 59,2021-12-25,14:00:00,52,22,30,F11MO
40,Molenlei 59,2021-12-25,15:00:00,68,30,38,F11MO
40,Molenlei 59,2021-12-25,16:00:00,32,14,18,F11MO
40,Molenlei 59,2021-12-25,17:00:00,38,12,26,F11MO
40,Molenlei 59,2021-12-25,18:00:00,22,10,12,F11MO
40,Molenlei 59,2021-12-25,19:00:00,14,4,10,F11MO
40,Molenlei 59,2021-12-25,20:00:00,10,8,2,F11MO
40,Molenlei 59,2021-12-25,21:00:00,10,4,6,F11MO
40,Molenlei 59,2021-12-25,22:00:00,22,6,16,F11MO
40,Molenlei 59,2021-12-25,23:00:00,12,12,0,F11MO
40,Molenlei 59,2021-12-26,00:00:00,2,2,0,F11MO
40,Molenlei 59,2021-12-26,01:00:00,16,12,4,F11MO
40,Molenlei 59,2021-12-26,02:00:00,8,4,4,F11MO
40,Molenlei 59,2021-12-26,03:00:00,2,0,2,F11MO
40,Molenlei 59,2021-12-26,04:00:00,2,0,2,F11MO
40,Molenlei 59,2021-12-26,05:00:00,12,4,8,F11MO
40,Molenlei 59,2021-12-26,06:00:00,8,6,2,F11MO
40,Molenlei 59,2021-12-26,07:00:00,20,4,16,F11MO
40,Molenlei 59,2021-12-26,08:00:00,20,6,14,F11MO
40,Molenlei 59,2021-12-26,09:00:00,78,24,54,F11MO
40,Molenlei 59,2021-12-26,10:00:00,144,56,88,F11MO
40,Molenlei 59,2021-12-26,11:00:00,152,90,62,F11MO
40,Molenlei 59,2021-12-26,12:00:00,160,96,64,F11MO
40,Molenlei 59,2021-12-26,13:00:00,168,96,72,F11MO
40,Molenlei 59,2021-12-26,14:00:00,150,90,60,F11MO
40,Molenlei 59,2021-12-26,15:00:00,92,34,58,F11MO
40,Molenlei 59,2021-12-26,16:00:00,58,26,32,F11MO
40,Molenlei 59,2021-12-26,17:00:00,56,32,24,F11MO
40,Molenlei 59,2021-12-26,18:00:00,38,8,30,F11MO
40,Molenlei 59,2021-12-26,19:00:00,34,18,16,F11MO
40,Molenlei 59,2021-12-26,20:00:00,12,2,10,F11MO
40,Molenlei 59,2021-12-26,21:00:00,14,4,10,F11MO
40,Molenlei 59,2021-12-26,22:00:00,8,4,4,F11MO
40,Molenlei 59,2021-12-26,23:00:00,4,2,2,F11MO
40,Molenlei 59,2021-12-27,00:00:00,0,0,0,F11MO
40,Molenlei 59,2021-12-27,01:00:00,0,0,0,F11MO
40,Molenlei 59,2021-12-27,02:00:00,4,2,2,F11MO
40,Molenlei 59,2021-12-27,03:00:00,2,0,2,F11MO
40,Molenlei 59,2021-12-27,04:00:00,4,2,2,F11MO
40,Molenlei 59,2021-12-27,05:00:00,18,8,10,F11MO
40,Molenlei 59,2021-12-27,06:00:00,36,26,10,F11MO
40,Molenlei 59,2021-12-27,07:00:00,70,42,28,F11MO
40,Molenlei 59,2021-12-27,08:00:00,76,38,38,F11MO
40,Molenlei 59,2021-12-27,09:00:00,80,36,44,F11MO
40,Molenlei 59,2021-12-27,10:00:00,132,36,96,F11MO
40,Molenlei 59,2021-12-27,11:00:00,166,78,88,F11MO
40,Molenlei 59,2021-12-27,12:00:00,144,74,70,F11MO
40,Molenlei 59,2021-12-27,13:00:00,126,76,50,F11MO
40,Molenlei 59,2021-12-27,14:00:00,102,54,48,F11MO
40,Molenlei 59,2021-12-27,15:00:00,88,46,42,F11MO
40,Molenlei 59,2021-12-27,16:00:00,80,30,50,F11MO
40,Molenlei 59,2021-12-27,17:00:00,94,32,62,F11MO
40,Molenlei 59,2021-12-27,18:00:00,50,28,22,F11MO
40,Molenlei 59,2021-12-27,19:00:00,38,16,22,F11MO
40,Molenlei 59,2021-12-27,20:00:00,28,10,18,F11MO
40,Molenlei 59,2021-12-27,21:00:00,20,4,16,F11MO
40,Molenlei 59,2021-12-27,22:00:00,12,4,8,F11MO
40,Molenlei 59,2021-12-27,23:00:00,14,10,4,F11MO
40,Molenlei 59,2021-12-28,00:00:00,8,6,2,F11MO
40,Molenlei 59,2021-12-28,01:00:00,4,0,4,F11MO
40,Molenlei 59,2021-12-28,02:00:00,2,2,0,F11MO
40,Molenlei 59,2021-12-28,03:00:00,0,0,0,F11MO
40,Molenlei 59,2021-12-28,04:00:00,2,2,0,F11MO
40,Molenlei 59,2021-12-28,05:00:00,16,10,6,F11MO
40,Molenlei 59,2021-12-28,06:00:00,28,10,18,F11MO
40,Molenlei 59,2021-12-28,07:00:00,44,28,16,F11MO
40,Molenlei 59,2021-12-28,08:00:00,98,58,40,F11MO
40,Molenlei 59,2021-12-28,09:00:00,34,18,16,F11MO
40,Molenlei 59,2021-12-28,10:00:00,84,44,40,F11MO
40,Molenlei 59,2021-12-28,11:00:00,66,40,26,F11MO
40,Molenlei 59,2021-12-28,12:00:00,62,24,38,F11MO
40,Molenlei 59,2021-12-28,13:00:00,76,36,40,F11MO
40,Molenlei 59,2021-12-28,14:00:00,40,22,18,F11MO
40,Molenlei 59,2021-12-28,15:00:00,56,18,38,F11MO
40,Molenlei 59,2021-12-28,16:00:00,68,28,40,F11MO
40,Molenlei 59,2021-12-28,17:00:00,96,40,56,F11MO
40,Molenlei 59,2021-12-28,18:00:00,54,22,32,F11MO
40,Molenlei 59,2021-12-28,19:00:00,30,12,18,F11MO
40,Molenlei 59,2021-12-28,20:00:00,26,14,12,F11MO
40,Molenlei 59,2021-12-28,21:00:00,10,6,4,F11MO
40,Molenlei 59,2021-12-28,22:00:00,22,10,12,F11MO
40,Molenlei 59,2021-12-28,23:00:00,12,10,2,F11MO
40,Molenlei 59,2021-12-29,00:00:00,6,2,4,F11MO
40,Molenlei 59,2021-12-29,01:00:00,8,4,4,F11MO
40,Molenlei 59,2021-12-29,02:00:00,2,0,2,F11MO
40,Molenlei 59,2021-12-29,03:00:00,0,0,0,F11MO
40,Molenlei 59,2021-12-29,04:00:00,2,2,0,F11MO
40,Molenlei 59,2021-12-29,05:00:00,12,6,6,F11MO
40,Molenlei 59,2021-12-29,06:00:00,24,8,16,F11MO
40,Molenlei 59,2021-12-29,07:00:00,54,38,16,F11MO
40,Molenlei 59,2021-12-29,08:00:00,82,46,36,F11MO
40,Molenlei 59,2021-12-29,09:00:00,56,20,36,F11MO
40,Molenlei 59,2021-12-29,10:00:00,128,76,52,F11MO
40,Molenlei 59,2021-12-29,11:00:00,100,46,54,F11MO
40,Molenlei 59,2021-12-29,12:00:00,124,40,84,F11MO
40,Molenlei 59,2021-12-29,13:00:00,102,52,50,F11MO
40,Molenlei 59,2021-12-29,14:00:00,68,48,20,F11MO
40,Molenlei 59,2021-12-29,15:00:00,68,28,40,F11MO
40,Molenlei 59,2021-12-29,16:00:00,106,48,58,F11MO
40,Molenlei 59,2021-12-29,17:00:00,94,36,58,F11MO
40,Molenlei 59,2021-12-29,18:00:00,70,36,34,F11MO
40,Molenlei 59,2021-12-29,19:00:00,38,18,20,F11MO
40,Molenlei 59,2021-12-29,20:00:00,42,18,24,F11MO
40,Molenlei 59,2021-12-29,21:00:00,18,10,8,F11MO
40,Molenlei 59,2021-12-29,22:00:00,10,2,8,F11MO
40,Molenlei 59,2021-12-29,23:00:00,48,34,14,F11MO
40,Molenlei 59,2021-12-30,00:00:00,4,0,4,F11MO
40,Molenlei 59,2021-12-30,01:00:00,4,0,4,F11MO
40,Molenlei 59,2021-12-30,02:00:00,2,0,2,F11MO
40,Molenlei 59,2021-12-30,03:00:00,6,4,2,F11MO
40,Molenlei 59,2021-12-30,04:00:00,4,4,0,F11MO
40,Molenlei 59,2021-12-30,05:00:00,6,0,6,F11MO
40,Molenlei 59,2021-12-30,06:00:00,30,16,14,F11MO
40,Molenlei 59,2021-12-30,07:00:00,52,30,22,F11MO
40,Molenlei 59,2021-12-30,08:00:00,98,38,60,F11MO
40,Molenlei 59,2021-12-30,09:00:00,68,28,40,F11MO
40,Molenlei 59,2021-12-30,10:00:00,108,48,60,F11MO
40,Molenlei 59,2021-12-30,11:00:00,126,58,68,F11MO
40,Molenlei 59,2021-12-30,12:00:00,114,52,62,F11MO
40,Molenlei 59,2021-12-30,13:00:00,188,116,72,F11MO
40,Molenlei 59,2021-12-30,14:00:00,138,48,90,F11MO
40,Molenlei 59,2021-12-30,15:00:00,140,76,64,F11MO
40,Molenlei 59,2021-12-30,16:00:00,144,68,76,F11MO
40,Molenlei 59,2021-12-30,17:00:00,110,44,66,F11MO
40,Molenlei 59,2021-12-30,18:00:00,86,48,38,F11MO
40,Molenlei 59,2021-12-30,19:00:00,40,22,18,F11MO
40,Molenlei 59,2021-12-30,20:00:00,34,22,12,F11MO
40,Molenlei 59,2021-12-30,21:00:00,20,4,16,F11MO
40,Molenlei 59,2021-12-30,22:00:00,24,8,16,F11MO
40,Molenlei 59,2021-12-30,23:00:00,34,22,12,F11MO
40,Molenlei 59,2021-12-31,00:00:00,22,14,8,F11MO
40,Molenlei 59,2021-12-31,01:00:00,2,0,2,F11MO
40,Molenlei 59,2021-12-31,02:00:00,2,0,2,F11MO
40,Molenlei 59,2021-12-31,03:00:00,2,2,0,F11MO
40,Molenlei 59,2021-12-31,04:00:00,2,2,0,F11MO
40,Molenlei 59,2021-12-31,05:00:00,12,6,6,F11MO
40,Molenlei 59,2021-12-31,06:00:00,22,10,12,F11MO
40,Molenlei 59,2021-12-31,07:00:00,36,20,16,F11MO
40,Molenlei 59,2021-12-31,08:00:00,78,30,48,F11MO
40,Molenlei 59,2021-12-31,09:00:00,78,34,44,F11MO
40,Molenlei 59,2021-12-31,10:00:00,172,68,104,F11MO
40,Molenlei 59,2021-12-31,11:00:00,224,96,128,F11MO
40,Molenlei 59,2021-12-31,12:00:00,192,124,68,F11MO
40,Molenlei 59,2021-12-31,13:00:00,198,104,94,F11MO
40,Molenlei 59,2021-12-31,14:00:00,218,120,98,F11MO
40,Molenlei 59,2021-12-31,15:00:00,256,166,90,F11MO
40,Molenlei 59,2021-12-31,16:00:00,118,60,58,F11MO
40,Molenlei 59,2021-12-31,17:00:00,116,44,72,F11MO
40,Molenlei 59,2021-12-31,18:00:00,102,60,42,F11MO
40,Molenlei 59,2021-12-31,19:00:00,24,16,8,F11MO
40,Molenlei 59,2021-12-31,20:00:00,18,6,12,F11MO
40,Molenlei 59,2021-12-31,21:00:00,16,10,6,F11MO
40,Molenlei 59,2021-12-31,22:00:00,10,2,8,F11MO
40,Molenlei 59,2021-12-31,23:00:00,18,6,12,F11MO
40,Molenlei 59,2022-01-01,00:00:00,6,2,4,F11MO
40,Molenlei 59,2022-01-01,01:00:00,22,10,12,F11MO
40,Molenlei 59,2022-01-01,02:00:00,40,14,26,F11MO
40,Molenlei 59,2022-01-01,03:00:00,12,8,4,F11MO
40,Molenlei 59,2022-01-01,04:00:00,32,14,18,F11MO
40,Molenlei 59,2022-01-01,05:00:00,28,20,8,F11MO
40,Molenlei 59,2022-01-01,06:00:00,14,2,12,F11MO
40,Molenlei 59,2022-01-01,07:00:00,18,6,12,F11MO
40,Molenlei 59,2022-01-01,08:00:00,34,16,18,F11MO
40,Molenlei 59,2022-01-01,09:00:00,42,16,26,F11MO
40,Molenlei 59,2022-01-01,10:00:00,78,32,46,F11MO
40,Molenlei 59,2022-01-01,11:00:00,140,58,82,F11MO
40,Molenlei 59,2022-01-01,12:00:00,136,56,80,F11MO
40,Molenlei 59,2022-01-01,13:00:00,250,130,120,F11MO
40,Molenlei 59,2022-01-01,14:00:00,256,144,112,F11MO
40,Molenlei 59,2022-01-01,15:00:00,270,176,94,F11MO
40,Molenlei 59,2022-01-01,16:00:00,190,110,80,F11MO
40,Molenlei 59,2022-01-01,17:00:00,84,56,28,F11MO
40,Molenlei 59,2022-01-01,18:00:00,42,26,16,F11MO
40,Molenlei 59,2022-01-01,19:00:00,22,10,12,F11MO
40,Molenlei 59,2022-01-01,20:00:00,16,8,8,F11MO
40,Molenlei 59,2022-01-01,21:00:00,18,10,8,F11MO
40,Molenlei 59,2022-01-01,22:00:00,8,0,8,F11MO
40,Molenlei 59,2022-01-01,23:00:00,6,0,6,F11MO
40,Molenlei 59,2022-01-02,00:00:00,2,0,2,F11MO
40,Molenlei 59,2022-01-02,01:00:00,0,0,0,F11MO
40,Molenlei 59,2022-01-02,02:00:00,4,2,2,F11MO
40,Molenlei 59,2022-01-02,03:00:00,0,0,0,F11MO
40,Molenlei 59,2022-01-02,04:00:00,2,2,0,F11MO
40,Molenlei 59,2022-01-02,05:00:00,4,2,2,F11MO
40,Molenlei 59,2022-01-02,06:00:00,12,4,8,F11MO
40,Molenlei 59,2022-01-02,07:00:00,20,6,14,F11MO
40,Molenlei 59,2022-01-02,08:00:00,28,6,22,F11MO
40,Molenlei 59,2022-01-02,09:00:00,112,54,58,F11MO
40,Molenlei 59,2022-01-02,10:00:00,158,70,88,F11MO
40,Molenlei 59,2022-01-02,11:00:00,262,146,116,F11MO
40,Molenlei 59,2022-01-02,12:00:00,206,106,100,F11MO
40,Molenlei 59,2022-01-02,13:00:00,206,122,84,F11MO
40,Molenlei 59,2022-01-02,14:00:00,220,126,94,F11MO
40,Molenlei 59,2022-01-02,15:00:00,158,100,58,F11MO
40,Molenlei 59,2022-01-02,16:00:00,168,90,78,F11MO
40,Molenlei 59,2022-01-02,17:00:00,74,32,42,F11MO
40,Molenlei 59,2022-01-02,18:00:00,52,24,28,F11MO
40,Molenlei 59,2022-01-02,19:00:00,22,12,10,F11MO
40,Molenlei 59,2022-01-02,20:00:00,18,14,4,F11MO
40,Molenlei 59,2022-01-02,21:00:00,12,6,6,F11MO
40,Molenlei 59,2022-01-02,22:00:00,14,10,4,F11MO
40,Molenlei 59,2022-01-02,23:00:00,16,10,6,F11MO
40,Molenlei 59,2022-01-03,00:00:00,8,4,4,F11MO
40,Molenlei 59,2022-01-03,01:00:00,0,0,0,F11MO
40,Molenlei 59,2022-01-03,02:00:00,0,0,0,F11MO
40,Molenlei 59,2022-01-03,03:00:00,0,0,0,F11MO
40,Molenlei 59,2022-01-03,04:00:00,4,4,0,F11MO
40,Molenlei 59,2022-01-03,05:00:00,22,12,10,F11MO
40,Molenlei 59,2022-01-03,06:00:00,38,18,20,F11MO
40,Molenlei 59,2022-01-03,07:00:00,98,54,44,F11MO
40,Molenlei 59,2022-01-03,08:00:00,82,42,40,F11MO
40,Molenlei 59,2022-01-03,09:00:00,64,32,32,F11MO
40,Molenlei 59,2022-01-03,10:00:00,76,38,38,F11MO
40,Molenlei 59,2022-01-03,11:00:00,108,56,52,F11MO
40,Molenlei 59,2022-01-03,12:00:00,104,50,54,F11MO
40,Molenlei 59,2022-01-03,13:00:00,96,66,30,F11MO
40,Molenlei 59,2022-01-03,14:00:00,116,50,66,F11MO
40,Molenlei 59,2022-01-03,15:00:00,64,28,36,F11MO
40,Molenlei 59,2022-01-03,16:00:00,148,64,84,F11MO
40,Molenlei 59,2022-01-03,17:00:00,126,60,66,F11MO
40,Molenlei 59,2022-01-03,18:00:00,54,20,34,F11MO
40,Molenlei 59,2022-01-03,19:00:00,50,16,34,F11MO
40,Molenlei 59,2022-01-03,20:00:00,34,14,20,F11MO
40,Molenlei 59,2022-01-03,21:00:00,24,12,12,F11MO
40,Molenlei 59,2022-01-03,22:00:00,10,2,8,F11MO
40,Molenlei 59,2022-01-03,23:00:00,4,4,0,F11MO
40,Molenlei 59,2022-01-04,00:00:00,4,0,4,F11MO
40,Molenlei 59,2022-01-04,01:00:00,0,0,0,F11MO
40,Molenlei 59,2022-01-04,02:00:00,2,0,2,F11MO
40,Molenlei 59,2022-01-04,03:00:00,0,0,0,F11MO
40,Molenlei 59,2022-01-04,04:00:00,4,4,0,F11MO
40,Molenlei 59,2022-01-04,05:00:00,22,12,10,F11MO
40,Molenlei 59,2022-01-04,06:00:00,48,28,20,F11MO
40,Molenlei 59,2022-01-04,07:00:00,100,58,42,F11MO
40,Molenlei 59,2022-01-04,08:00:00,118,66,52,F11MO
40,Molenlei 59,2022-01-04,09:00:00,58,32,26,F11MO
40,Molenlei 59,2022-01-04,10:00:00,58,26,32,F11MO
40,Molenlei 59,2022-01-04,11:00:00,58,36,22,F11MO
40,Molenlei 59,2022-01-04,12:00:00,80,46,34,F11MO
40,Molenlei 59,2022-01-04,13:00:00,88,52,36,F11MO
40,Molenlei 59,2022-01-04,14:00:00,36,14,22,F11MO
40,Molenlei 59,2022-01-04,15:00:00,58,24,34,F11MO
40,Molenlei 59,2022-01-04,16:00:00,158,52,106,F11MO
40,Molenlei 59,2022-01-04,17:00:00,112,36,76,F11MO
40,Molenlei 59,2022-01-04,18:00:00,64,34,30,F11MO
40,Molenlei 59,2022-01-04,19:00:00,16,8,8,F11MO
40,Molenlei 59,2022-01-04,20:00:00,42,20,22,F11MO
40,Molenlei 59,2022-01-04,21:00:00,18,12,6,F11MO
40,Molenlei 59,2022-01-04,22:00:00,18,6,12,F11MO
40,Molenlei 59,2022-01-04,23:00:00,14,6,8,F11MO
40,Molenlei 59,2022-01-05,00:00:00,2,0,2,F11MO
40,Molenlei 59,2022-01-05,01:00:00,2,2,0,F11MO
40,Molenlei 59,2022-01-05,02:00:00,4,4,0,F11MO
40,Molenlei 59,2022-01-05,03:00:00,0,0,0,F11MO
40,Molenlei 59,2022-01-05,04:00:00,4,4,0,F11MO
40,Molenlei 59,2022-01-05,05:00:00,26,16,10,F11MO
40,Molenlei 59,2022-01-05,06:00:00,54,26,28,F11MO
40,Molenlei 59,2022-01-05,07:00:00,120,72,48,F11MO
40,Molenlei 59,2022-01-05,08:00:00,112,66,46,F11MO
40,Molenlei 59,2022-01-05,09:00:00,72,42,30,F11MO
40,Molenlei 59,2022-01-05,10:00:00,82,46,36,F11MO
40,Molenlei 59,2022-01-05,11:00:00,66,34,32,F11MO
40,Molenlei 59,2022-01-05,12:00:00,116,66,50,F11MO
40,Molenlei 59,2022-01-05,13:00:00,84,46,38,F11MO
40,Molenlei 59,2022-01-05,14:00:00,124,42,82,F11MO
40,Molenlei 59,2022-01-05,15:00:00,132,72,60,F11MO
40,Molenlei 59,2022-01-05,16:00:00,148,54,94,F11MO
40,Molenlei 59,2022-01-05,17:00:00,162,58,104,F11MO
40,Molenlei 59,2022-01-05,18:00:00,62,24,38,F11MO
40,Molenlei 59,2022-01-05,19:00:00,40,16,24,F11MO
40,Molenlei 59,2022-01-05,20:00:00,30,12,18,F11MO
40,Molenlei 59,2022-01-05,21:00:00,16,8,8,F11MO
40,Molenlei 59,2022-01-05,22:00:00,18,8,10,F11MO
40,Molenlei 59,2022-01-05,23:00:00,12,10,2,F11MO
40,Molenlei 59,2022-01-06,00:00:00,2,2,0,F11MO
40,Molenlei 59,2022-01-06,01:00:00,6,4,2,F11MO
40,Molenlei 59,2022-01-06,02:00:00,4,0,4,F11MO
40,Molenlei 59,2022-01-06,03:00:00,4,4,0,F11MO
40,Molenlei 59,2022-01-06,04:00:00,4,4,0,F11MO
40,Molenlei 59,2022-01-06,05:00:00,30,16,14,F11MO
40,Molenlei 59,2022-01-06,06:00:00,72,44,28,F11MO
40,Molenlei 59,2022-01-06,07:00:00,130,70,60,F11MO
40,Molenlei 59,2022-01-06,08:00:00,122,64,58,F11MO
40,Molenlei 59,2022-01-06,09:00:00,90,44,46,F11MO
40,Molenlei 59,2022-01-06,10:00:00,108,62,46,F11MO
40,Molenlei 59,2022-01-06,11:00:00,156,66,90,F11MO
40,Molenlei 59,2022-01-06,12:00:00,178,94,84,F11MO
40,Molenlei 59,2022-01-06,13:00:00,196,104,92,F11MO
40,Molenlei 59,2022-01-06,14:00:00,218,110,108,F11MO
40,Molenlei 59,2022-01-06,15:00:00,182,80,102,F11MO
40,Molenlei 59,2022-01-06,16:00:00,244,126,118,F11MO
40,Molenlei 59,2022-01-06,17:00:00,198,92,106,F11MO
40,Molenlei 59,2022-01-06,18:00:00,116,42,74,F11MO
40,Molenlei 59,2022-01-06,19:00:00,44,28,16,F11MO
40,Molenlei 59,2022-01-06,20:00:00,40,14,26,F11MO
40,Molenlei 59,2022-01-06,21:00:00,54,32,22,F11MO
40,Molenlei 59,2022-01-06,22:00:00,28,2,26,F11MO
40,Molenlei 59,2022-01-06,23:00:00,20,14,6,F11MO
40,Molenlei 59,2022-01-07,00:00:00,10,2,8,F11MO
40,Molenlei 59,2022-01-07,01:00:00,8,2,6,F11MO
40,Molenlei 59,2022-01-07,02:00:00,2,0,2,F11MO
40,Molenlei 59,2022-01-07,03:00:00,6,6,0,F11MO
40,Molenlei 59,2022-01-07,04:00:00,2,2,0,F11MO
40,Molenlei 59,2022-01-07,05:00:00,18,10,8,F11MO
40,Molenlei 59,2022-01-07,06:00:00,50,30,20,F11MO
40,Molenlei 59,2022-01-07,07:00:00,90,44,46,F11MO
40,Molenlei 59,2022-01-07,08:00:00,96,44,52,F11MO
40,Molenlei 59,2022-01-07,09:00:00,88,46,42,F11MO
40,Molenlei 59,2022-01-07,10:00:00,102,28,74,F11MO
40,Molenlei 59,2022-01-07,11:00:00,98,56,42,F11MO
40,Molenlei 59,2022-01-07,12:00:00,108,68,40,F11MO
40,Molenlei 59,2022-01-07,13:00:00,94,46,48,F11MO
40,Molenlei 59,2022-01-07,14:00:00,126,48,78,F11MO
40,Molenlei 59,2022-01-07,15:00:00,92,34,58,F11MO
40,Molenlei 59,2022-01-07,16:00:00,168,94,74,F11MO
40,Molenlei 59,2022-01-07,17:00:00,152,72,80,F11MO
40,Molenlei 59,2022-01-07,18:00:00,84,34,50,F11MO
40,Molenlei 59,2022-01-07,19:00:00,36,14,22,F11MO
40,Molenlei 59,2022-01-07,20:00:00,34,10,24,F11MO
40,Molenlei 59,2022-01-07,21:00:00,34,22,12,F11MO
40,Molenlei 59,2022-01-07,22:00:00,18,2,16,F11MO
40,Molenlei 59,2022-01-07,23:00:00,18,6,12,F11MO
40,Molenlei 59,2022-01-08,00:00:00,8,0,8,F11MO
40,Molenlei 59,2022-01-08,01:00:00,10,4,6,F11MO
40,Molenlei 59,2022-01-08,02:00:00,2,0,2,F11MO
40,Molenlei 59,2022-01-08,03:00:00,2,2,0,F11MO
40,Molenlei 59,2022-01-08,04:00:00,2,2,0,F11MO
40,Molenlei 59,2022-01-08,05:00:00,18,14,4,F11MO
40,Molenlei 59,2022-01-08,06:00:00,12,0,12,F11MO
40,Molenlei 59,2022-01-08,07:00:00,10,6,4,F11MO
40,Molenlei 59,2022-01-08,08:00:00,46,14,32,F11MO
40,Molenlei 59,2022-01-08,09:00:00,76,36,40,F11MO
40,Molenlei 59,2022-01-08,10:00:00,146,52,94,F11MO
40,Molenlei 59,2022-01-08,11:00:00,158,98,60,F11MO
40,Molenlei 59,2022-01-08,12:00:00,100,60,40,F11MO
40,Molenlei 59,2022-01-08,13:00:00,58,30,28,F11MO
40,Molenlei 59,2022-01-08,14:00:00,60,18,42,F11MO
40,Molenlei 59,2022-01-08,15:00:00,54,26,28,F11MO
40,Molenlei 59,2022-01-08,16:00:00,32,14,18,F11MO
40,Molenlei 59,2022-01-08,17:00:00,14,10,4,F11MO
40,Molenlei 59,2022-01-08,18:00:00,38,26,12,F11MO
40,Molenlei 59,2022-01-08,19:00:00,48,20,28,F11MO
40,Molenlei 59,2022-01-08,20:00:00,24,4,20,F11MO
40,Molenlei 59,2022-01-08,21:00:00,14,14,0,F11MO
40,Molenlei 59,2022-01-08,22:00:00,10,0,10,F11MO
40,Molenlei 59,2022-01-08,23:00:00,6,2,4,F11MO
40,Molenlei 59,2022-01-09,00:00:00,0,0,0,F11MO
40,Molenlei 59,2022-01-09,01:00:00,12,8,4,F11MO
40,Molenlei 59,2022-01-09,02:00:00,0,0,0,F11MO
40,Molenlei 59,2022-01-09,03:00:00,4,0,4,F11MO
40,Molenlei 59,2022-01-09,04:00:00,2,2,0,F11MO
40,Molenlei 59,2022-01-09,05:00:00,8,6,2,F11MO
40,Molenlei 59,2022-01-09,06:00:00,14,10,4,F11MO
40,Molenlei 59,2022-01-09,07:00:00,20,6,14,F11MO
40,Molenlei 59,2022-01-09,08:00:00,28,14,14,F11MO
40,Molenlei 59,2022-01-09,09:00:00,130,60,70,F11MO
40,Molenlei 59,2022-01-09,10:00:00,176,56,120,F11MO
40,Molenlei 59,2022-01-09,11:00:00,240,144,96,F11MO
40,Molenlei 59,2022-01-09,12:00:00,234,130,104,F11MO
40,Molenlei 59,2022-01-09,13:00:00,184,74,110,F11MO
40,Molenlei 59,2022-01-09,14:00:00,192,84,108,F11MO
40,Molenlei 59,2022-01-09,15:00:00,142,84,58,F11MO
40,Molenlei 59,2022-01-09,16:00:00,178,106,72,F11MO
40,Molenlei 59,2022-01-09,17:00:00,70,34,36,F11MO
40,Molenlei 59,2022-01-09,18:00:00,64,36,28,F11MO
40,Molenlei 59,2022-01-09,19:00:00,28,12,16,F11MO
40,Molenlei 59,2022-01-09,20:00:00,38,20,18,F11MO
40,Molenlei 59,2022-01-09,21:00:00,8,4,4,F11MO
40,Molenlei 59,2022-01-09,22:00:00,16,6,10,F11MO
40,Molenlei 59,2022-01-09,23:00:00,4,0,4,F11MO
40,Molenlei 59,2022-01-10,00:00:00,2,0,2,F11MO
40,Molenlei 59,2022-01-10,01:00:00,0,0,0,F11MO
40,Molenlei 59,2022-01-10,02:00:00,0,0,0,F11MO
40,Molenlei 59,2022-01-10,03:00:00,2,2,0,F11MO
40,Molenlei 59,2022-01-10,04:00:00,4,4,0,F11MO
40,Molenlei 59,2022-01-10,05:00:00,38,22,16,F11MO
40,Molenlei 59,2022-01-10,06:00:00,82,62,20,F11MO
40,Molenlei 59,2022-01-10,07:00:00,318,186,132,F11MO
40,Molenlei 59,2022-01-10,08:00:00,316,198,118,F11MO
40,Molenlei 59,2022-01-10,09:00:00,80,46,34,F11MO
40,Molenlei 59,2022-01-10,10:00:00,78,48,30,F11MO
40,Molenlei 59,2022-01-10,11:00:00,94,54,40,F11MO
40,Molenlei 59,2022-01-10,12:00:00,124,66,58,F11MO
40,Molenlei 59,2022-01-10,13:00:00,176,82,94,F11MO
40,Molenlei 59,2022-01-10,14:00:00,170,66,104,F11MO
40,Molenlei 59,2022-01-10,15:00:00,242,94,148,F11MO
40,Molenlei 59,2022-01-10,16:00:00,326,114,212,F11MO
40,Molenlei 59,2022-01-10,17:00:00,276,100,176,F11MO
40,Molenlei 59,2022-01-10,18:00:00,108,32,76,F11MO
40,Molenlei 59,2022-01-10,19:00:00,66,32,34,F11MO
40,Molenlei 59,2022-01-10,20:00:00,34,18,16,F11MO
40,Molenlei 59,2022-01-10,21:00:00,26,10,16,F11MO
40,Molenlei 59,2022-01-10,22:00:00,18,2,16,F11MO
40,Molenlei 59,2022-01-10,23:00:00,4,2,2,F11MO
40,Molenlei 59,2022-01-11,00:00:00,0,0,0,F11MO
40,Molenlei 59,2022-01-11,01:00:00,0,0,0,F11MO
40,Molenlei 59,2022-01-11,02:00:00,0,0,0,F11MO
40,Molenlei 59,2022-01-11,03:00:00,0,0,0,F11MO
40,Molenlei 59,2022-01-11,04:00:00,4,2,2,F11MO
40,Molenlei 59,2022-01-11,05:00:00,46,30,16,F11MO
40,Molenlei 59,2022-01-11,06:00:00,74,54,20,F11MO
40,Molenlei 59,2022-01-11,07:00:00,288,178,110,F11MO
40,Molenlei 59,2022-01-11,08:00:00,322,208,114,F11MO
40,Molenlei 59,2022-01-11,09:00:00,88,36,52,F11MO
40,Molenlei 59,2022-01-11,10:00:00,82,40,42,F11MO
40,Molenlei 59,2022-01-11,11:00:00,122,60,62,F11MO
40,Molenlei 59,2022-01-11,12:00:00,116,62,54,F11MO
40,Molenlei 59,2022-01-11,13:00:00,162,74,88,F11MO
40,Molenlei 59,2022-01-11,14:00:00,152,78,74,F11MO
40,Molenlei 59,2022-01-11,15:00:00,326,158,168,F11MO
40,Molenlei 59,2022-01-11,16:00:00,318,102,216,F11MO
40,Molenlei 59,2022-01-11,17:00:00,216,84,132,F11MO
40,Molenlei 59,2022-01-11,18:00:00,108,32,76,F11MO
40,Molenlei 59,2022-01-11,19:00:00,46,16,30,F11MO
40,Molenlei 59,2022-01-11,20:00:00,26,12,14,F11MO
40,Molenlei 59,2022-01-11,21:00:00,22,10,12,F11MO
40,Molenlei 59,2022-01-11,22:00:00,28,8,20,F11MO
40,Molenlei 59,2022-01-11,23:00:00,4,2,2,F11MO
40,Molenlei 59,2022-01-12,00:00:00,0,0,0,F11MO
40,Molenlei 59,2022-01-12,01:00:00,0,0,0,F11MO
40,Molenlei 59,2022-01-12,02:00:00,2,0,2,F11MO
40,Molenlei 59,2022-01-12,03:00:00,0,0,0,F11MO
40,Molenlei 59,2022-01-12,04:00:00,12,8,4,F11MO
40,Molenlei 59,2022-01-12,05:00:00,36,30,6,F11MO
40,Molenlei 59,2022-01-12,06:00:00,74,54,20,F11MO
40,Molenlei 59,2022-01-12,07:00:00,242,154,88,F11MO
40,Molenlei 59,2022-01-12,08:00:00,340,220,120,F11MO
40,Molenlei 59,2022-01-12,09:00:00,112,56,56,F11MO
40,Molenlei 59,2022-01-12,10:00:00,84,44,40,F11MO
40,Molenlei 59,2022-01-12,11:00:00,124,48,76,F11MO
40,Molenlei 59,2022-01-12,12:00:00,260,104,156,F11MO
40,Molenlei 59,2022-01-12,13:00:00,168,66,102,F11MO
40,Molenlei 59,2022-01-12,14:00:00,178,78,100,F11MO
40,Molenlei 59,2022-01-12,15:00:00,160,68,92,F11MO
40,Molenlei 59,2022-01-12,16:00:00,204,88,116,F11MO
40,Molenlei 59,2022-01-12,17:00:00,176,62,114,F11MO
40,Molenlei 59,2022-01-12,18:00:00,100,46,54,F11MO
40,Molenlei 59,2022-01-12,19:00:00,70,24,46,F11MO
40,Molenlei 59,2022-01-12,20:00:00,42,20,22,F11MO
40,Molenlei 59,2022-01-12,21:00:00,28,16,12,F11MO
40,Molenlei 59,2022-01-12,22:00:00,22,2,20,F11MO
40,Molenlei 59,2022-01-12,23:00:00,12,6,6,F11MO
40,Molenlei 59,2022-01-13,00:00:00,0,0,0,F11MO
40,Molenlei 59,2022-01-13,01:00:00,0,0,0,F11MO
40,Molenlei 59,2022-01-13,02:00:00,0,0,0,F11MO
40,Molenlei 59,2022-01-13,03:00:00,0,0,0,F11MO
40,Molenlei 59,2022-01-13,04:00:00,10,4,6,F11MO
40,Molenlei 59,2022-01-13,05:00:00,32,14,18,F11MO
40,Molenlei 59,2022-01-13,06:00:00,66,42,24,F11MO
40,Molenlei 59,2022-01-13,07:00:00,256,152,104,F11MO
40,Molenlei 59,2022-01-13,08:00:00,324,208,116,F11MO
40,Molenlei 59,2022-01-13,09:00:00,98,50,48,F11MO
40,Molenlei 59,2022-01-13,10:00:00,54,28,26,F11MO
40,Molenlei 59,2022-01-13,11:00:00,78,38,40,F11MO
40,Molenlei 59,2022-01-13,12:00:00,130,64,66,F11MO
40,Molenlei 59,2022-01-13,13:00:00,128,48,80,F11MO
40,Molenlei 59,2022-01-13,14:00:00,122,66,56,F11MO
40,Molenlei 59,2022-01-13,15:00:00,202,68,134,F11MO
40,Molenlei 59,2022-01-13,16:00:00,300,116,184,F11MO
40,Molenlei 59,2022-01-13,17:00:00,226,94,132,F11MO
40,Molenlei 59,2022-01-13,18:00:00,118,50,68,F11MO
40,Molenlei 59,2022-01-13,19:00:00,52,20,32,F11MO
40,Molenlei 59,2022-01-13,20:00:00,34,12,22,F11MO
40,Molenlei 59,2022-01-13,21:00:00,34,16,18,F11MO
40,Molenlei 59,2022-01-13,22:00:00,34,8,26,F11MO
40,Molenlei 59,2022-01-13,23:00:00,10,8,2,F11MO
40,Molenlei 59,2022-01-14,00:00:00,8,2,6,F11MO
40,Molenlei 59,2022-01-14,01:00:00,0,0,0,F11MO
40,Molenlei 59,2022-01-14,02:00:00,4,0,4,F11MO
40,Molenlei 59,2022-01-14,03:00:00,0,0,0,F11MO
40,Molenlei 59,2022-01-14,04:00:00,8,4,4,F11MO
40,Molenlei 59,2022-01-14,05:00:00,20,14,6,F11MO
40,Molenlei 59,2022-01-14,06:00:00,70,50,20,F11MO
40,Molenlei 59,2022-01-14,07:00:00,224,124,100,F11MO
40,Molenlei 59,2022-01-14,08:00:00,312,178,134,F11MO
40,Molenlei 59,2022-01-14,09:00:00,88,30,58,F11MO
40,Molenlei 59,2022-01-14,10:00:00,74,32,42,F11MO
40,Molenlei 59,2022-01-14,11:00:00,118,64,54,F11MO
40,Molenlei 59,2022-01-14,12:00:00,128,74,54,F11MO
40,Molenlei 59,2022-01-14,13:00:00,174,76,98,F11MO
40,Molenlei 59,2022-01-14,14:00:00,152,72,80,F11MO
40,Molenlei 59,2022-01-14,15:00:00,244,102,142,F11MO
40,Molenlei 59,2022-01-14,16:00:00,272,116,156,F11MO
40,Molenlei 59,2022-01-14,17:00:00,148,58,90,F11MO
40,Molenlei 59,2022-01-14,18:00:00,100,36,64,F11MO
40,Molenlei 59,2022-01-14,19:00:00,52,20,32,F11MO
40,Molenlei 59,2022-01-14,20:00:00,42,12,30,F11MO
40,Molenlei 59,2022-01-14,21:00:00,18,10,8,F11MO
40,Molenlei 59,2022-01-14,22:00:00,50,12,38,F11MO
40,Molenlei 59,2022-01-14,23:00:00,18,8,10,F11MO
40,Molenlei 59,2022-01-15,00:00:00,16,6,10,F11MO
40,Molenlei 59,2022-01-15,01:00:00,8,6,2,F11MO
40,Molenlei 59,2022-01-15,02:00:00,4,0,4,F11MO
40,Molenlei 59,2022-01-15,03:00:00,6,2,4,F11MO
40,Molenlei 59,2022-01-15,04:00:00,6,4,2,F11MO
40,Molenlei 59,2022-01-15,05:00:00,6,6,0,F11MO
40,Molenlei 59,2022-01-15,06:00:00,20,4,16,F11MO
40,Molenlei 59,2022-01-15,07:00:00,16,4,12,F11MO
40,Molenlei 59,2022-01-15,08:00:00,40,14,26,F11MO
40,Molenlei 59,2022-01-15,09:00:00,78,32,46,F11MO
40,Molenlei 59,2022-01-15,10:00:00,122,42,80,F11MO
40,Molenlei 59,2022-01-15,11:00:00,140,88,52,F11MO
40,Molenlei 59,2022-01-15,12:00:00,186,102,84,F11MO
40,Molenlei 59,2022-01-15,13:00:00,196,104,92,F11MO
40,Molenlei 59,2022-01-15,14:00:00,268,144,124,F11MO
40,Molenlei 59,2022-01-15,15:00:00,286,160,126,F11MO
40,Molenlei 59,2022-01-15,16:00:00,182,110,72,F11MO
40,Molenlei 59,2022-01-15,17:00:00,86,38,48,F11MO
40,Molenlei 59,2022-01-15,18:00:00,62,26,36,F11MO
40,Molenlei 59,2022-01-15,19:00:00,40,16,24,F11MO
40,Molenlei 59,2022-01-15,20:00:00,30,16,14,F11MO
40,Molenlei 59,2022-01-15,21:00:00,32,16,16,F11MO
40,Molenlei 59,2022-01-15,22:00:00,14,2,12,F11MO
40,Molenlei 59,2022-01-15,23:00:00,24,14,10,F11MO
40,Molenlei 59,2022-01-16,00:00:00,8,2,6,F11MO
40,Molenlei 59,2022-01-16,01:00:00,18,10,8,F11MO
40,Molenlei 59,2022-01-16,02:00:00,8,0,8,F11MO
40,Molenlei 59,2022-01-16,03:00:00,4,0,4,F11MO
40,Molenlei 59,2022-01-16,04:00:00,2,2,0,F11MO
40,Molenlei 59,2022-01-16,05:00:00,12,10,2,F11MO
40,Molenlei 59,2022-01-16,06:00:00,16,8,8,F11MO
40,Molenlei 59,2022-01-16,07:00:00,32,10,22,F11MO
40,Molenlei 59,2022-01-16,08:00:00,70,32,38,F11MO
40,Molenlei 59,2022-01-16,09:00:00,140,42,98,F11MO
40,Molenlei 59,2022-01-16,10:00:00,124,50,74,F11MO
40,Molenlei 59,2022-01-16,11:00:00,202,104,98,F11MO
40,Molenlei 59,2022-01-16,12:00:00,156,108,48,F11MO
40,Molenlei 59,2022-01-16,13:00:00,110,58,52,F11MO
40,Molenlei 59,2022-01-16,14:00:00,100,50,50,F11MO
40,Molenlei 59,2022-01-16,15:00:00,112,68,44,F11MO
40,Molenlei 59,2022-01-16,16:00:00,108,74,34,F11MO
40,Molenlei 59,2022-01-16,17:00:00,90,44,46,F11MO
40,Molenlei 59,2022-01-16,18:00:00,32,14,18,F11MO
40,Molenlei 59,2022-01-16,19:00:00,38,16,22,F11MO
40,Molenlei 59,2022-01-16,20:00:00,14,8,6,F11MO
40,Molenlei 59,2022-01-16,21:00:00,16,4,12,F11MO
40,Molenlei 59,2022-01-16,22:00:00,12,2,10,F11MO
40,Molenlei 59,2022-01-16,23:00:00,6,2,4,F11MO
40,Molenlei 59,2022-01-17,00:00:00,2,2,0,F11MO
40,Molenlei 59,2022-01-17,01:00:00,2,2,0,F11MO
40,Molenlei 59,2022-01-17,02:00:00,0,0,0,F11MO
40,Molenlei 59,2022-01-17,03:00:00,2,0,2,F11MO
40,Molenlei 59,2022-01-17,04:00:00,2,2,0,F11MO
40,Molenlei 59,2022-01-17,05:00:00,40,26,14,F11MO
40,Molenlei 59,2022-01-17,06:00:00,72,48,24,F11MO
40,Molenlei 59,2022-01-17,07:00:00,298,172,126,F11MO
40,Molenlei 59,2022-01-17,08:00:00,314,216,98,F11MO
40,Molenlei 59,2022-01-17,09:00:00,120,66,54,F11MO
40,Molenlei 59,2022-01-17,10:00:00,80,30,50,F11MO
40,Molenlei 59,2022-01-17,11:00:00,112,60,52,F11MO
40,Molenlei 59,2022-01-17,12:00:00,148,94,54,F11MO
40,Molenlei 59,2022-01-17,13:00:00,138,56,82,F11MO
40,Molenlei 59,2022-01-17,14:00:00,194,90,104,F11MO
40,Molenlei 59,2022-01-17,15:00:00,250,108,142,F11MO
40,Molenlei 59,2022-01-17,16:00:00,364,134,230,F11MO
40,Molenlei 59,2022-01-17,17:00:00,234,96,138,F11MO
40,Molenlei 59,2022-01-17,18:00:00,122,54,68,F11MO
40,Molenlei 59,2022-01-17,19:00:00,74,32,42,F11MO
40,Molenlei 59,2022-01-17,20:00:00,26,6,20,F11MO
40,Molenlei 59,2022-01-17,21:00:00,40,18,22,F11MO
40,Molenlei 59,2022-01-17,22:00:00,42,8,34,F11MO
40,Molenlei 59,2022-01-17,23:00:00,4,0,4,F11MO
40,Molenlei 59,2022-01-18,00:00:00,0,0,0,F11MO
40,Molenlei 59,2022-01-18,01:00:00,0,0,0,F11MO
40,Molenlei 59,2022-01-18,02:00:00,0,0,0,F11MO
40,Molenlei 59,2022-01-18,03:00:00,2,0,2,F11MO
40,Molenlei 59,2022-01-18,04:00:00,8,8,0,F11MO
40,Molenlei 59,2022-01-18,05:00:00,38,22,16,F11MO
40,Molenlei 59,2022-01-18,06:00:00,76,50,26,F11MO
40,Molenlei 59,2022-01-18,07:00:00,290,180,110,F11MO
40,Molenlei 59,2022-01-18,08:00:00,302,186,116,F11MO
40,Molenlei 59,2022-01-18,09:00:00,96,56,40,F11MO
40,Molenlei 59,2022-01-18,10:00:00,58,26,32,F11MO
40,Molenlei 59,2022-01-18,11:00:00,84,40,44,F11MO
40,Molenlei 59,2022-01-18,12:00:00,152,82,70,F11MO
40,Molenlei 59,2022-01-18,13:00:00,146,60,86,F11MO
40,Molenlei 59,2022-01-18,14:00:00,212,116,96,F11MO
40,Molenlei 59,2022-01-18,15:00:00,286,120,166,F11MO
40,Molenlei 59,2022-01-18,16:00:00,322,114,208,F11MO
40,Molenlei 59,2022-01-18,17:00:00,272,106,166,F11MO
40,Molenlei 59,2022-01-18,18:00:00,122,34,88,F11MO
40,Molenlei 59,2022-01-18,19:00:00,54,28,26,F11MO
40,Molenlei 59,2022-01-18,20:00:00,36,10,26,F11MO
40,Molenlei 59,2022-01-18,21:00:00,26,14,12,F11MO
40,Molenlei 59,2022-01-18,22:00:00,40,10,30,F11MO
40,Molenlei 59,2022-01-18,23:00:00,20,10,10,F11MO
40,Molenlei 59,2022-01-19,00:00:00,2,2,0,F11MO
40,Molenlei 59,2022-01-19,01:00:00,0,0,0,F11MO
40,Molenlei 59,2022-01-19,02:00:00,0,0,0,F11MO
40,Molenlei 59,2022-01-19,03:00:00,2,0,2,F11MO
40,Molenlei 59,2022-01-19,04:00:00,6,6,0,F11MO
40,Molenlei 59,2022-01-19,05:00:00,20,10,10,F11MO
40,Molenlei 59,2022-01-19,06:00:00,84,50,34,F11MO
40,Molenlei 59,2022-01-19,07:00:00,204,120,84,F11MO
40,Molenlei 59,2022-01-19,08:00:00,268,178,90,F11MO
40,Molenlei 59,2022-01-19,09:00:00,90,38,52,F11MO
40,Molenlei 59,2022-01-19,10:00:00,96,46,50,F11MO
40,Molenlei 59,2022-01-19,11:00:00,152,68,84,F11MO
40,Molenlei 59,2022-01-19,12:00:00,228,94,134,F11MO
40,Molenlei 59,2022-01-19,13:00:00,138,72,66,F11MO
40,Molenlei 59,2022-01-19,14:00:00,124,54,70,F11MO
40,Molenlei 59,2022-01-19,15:00:00,130,52,78,F11MO
40,Molenlei 59,2022-01-19,16:00:00,190,76,114,F11MO
40,Molenlei 59,2022-01-19,17:00:00,156,60,96,F11MO
40,Molenlei 59,2022-01-19,18:00:00,78,36,42,F11MO
40,Molenlei 59,2022-01-19,19:00:00,42,16,26,F11MO
40,Molenlei 59,2022-01-19,20:00:00,22,16,6,F11MO
40,Molenlei 59,2022-01-19,21:00:00,22,16,6,F11MO
40,Molenlei 59,2022-01-19,22:00:00,40,12,28,F11MO
40,Molenlei 59,2022-01-19,23:00:00,8,4,4,F11MO
40,Molenlei 59,2022-01-20,00:00:00,2,0,2,F11MO
40,Molenlei 59,2022-01-20,01:00:00,0,0,0,F11MO
40,Molenlei 59,2022-01-20,02:00:00,0,0,0,F11MO
40,Molenlei 59,2022-01-20,03:00:00,0,0,0,F11MO
40,Molenlei 59,2022-01-20,04:00:00,8,6,2,F11MO
40,Molenlei 59,2022-01-20,05:00:00,32,14,18,F11MO
40,Molenlei 59,2022-01-20,06:00:00,60,34,26,F11MO
40,Molenlei 59,2022-01-20,07:00:00,206,126,80,F11MO
40,Molenlei 59,2022-01-20,08:00:00,278,180,98,F11MO
40,Molenlei 59,2022-01-20,09:00:00,84,32,52,F11MO
40,Molenlei 59,2022-01-20,10:00:00,90,34,56,F11MO
40,Molenlei 59,2022-01-20,11:00:00,72,40,32,F11MO
40,Molenlei 59,2022-01-20,12:00:00,98,48,50,F11MO
40,Molenlei 59,2022-01-20,13:00:00,132,82,50,F11MO
40,Molenlei 59,2022-01-20,14:00:00,116,60,56,F11MO
40,Molenlei 59,2022-01-20,15:00:00,230,88,142,F11MO
40,Molenlei 59,2022-01-20,16:00:00,280,106,174,F11MO
40,Molenlei 59,2022-01-20,17:00:00,218,82,136,F11MO
40,Molenlei 59,2022-01-20,18:00:00,116,50,66,F11MO
40,Molenlei 59,2022-01-20,19:00:00,48,26,22,F11MO
40,Molenlei 59,2022-01-20,20:00:00,42,12,30,F11MO
40,Molenlei 59,2022-01-20,21:00:00,18,10,8,F11MO
40,Molenlei 59,2022-01-20,22:00:00,36,10,26,F11MO
40,Molenlei 59,2022-01-20,23:00:00,18,10,8,F11MO
40,Molenlei 59,2022-01-21,00:00:00,6,2,4,F11MO
40,Molenlei 59,2022-01-21,01:00:00,2,2,0,F11MO
40,Molenlei 59,2022-01-21,02:00:00,0,0,0,F11MO
40,Molenlei 59,2022-01-21,03:00:00,2,0,2,F11MO
40,Molenlei 59,2022-01-21,04:00:00,8,8,0,F11MO
40,Molenlei 59,2022-01-21,05:00:00,20,10,10,F11MO
40,Molenlei 59,2022-01-21,06:00:00,62,40,22,F11MO
40,Molenlei 59,2022-01-21,07:00:00,178,110,68,F11MO
40,Molenlei 59,2022-01-21,08:00:00,260,160,100,F11MO
40,Molenlei 59,2022-01-21,09:00:00,80,36,44,F11MO
40,Molenlei 59,2022-01-21,10:00:00,96,58,38,F11MO
40,Molenlei 59,2022-01-21,11:00:00,114,50,64,F11MO
40,Molenlei 59,2022-01-21,12:00:00,124,56,68,F11MO
40,Molenlei 59,2022-01-21,13:00:00,104,52,52,F11MO
40,Molenlei 59,2022-01-21,14:00:00,114,64,50,F11MO
40,Molenlei 59,2022-01-21,15:00:00,232,66,166,F11MO
40,Molenlei 59,2022-01-21,16:00:00,248,98,150,F11MO
40,Molenlei 59,2022-01-21,17:00:00,140,44,96,F11MO
40,Molenlei 59,2022-01-21,18:00:00,122,46,76,F11MO
40,Molenlei 59,2022-01-21,19:00:00,72,38,34,F11MO
40,Molenlei 59,2022-01-21,20:00:00,44,24,20,F11MO
40,Molenlei 59,2022-01-21,21:00:00,32,10,22,F11MO
40,Molenlei 59,2022-01-21,22:00:00,22,6,16,F11MO
40,Molenlei 59,2022-01-21,23:00:00,38,24,14,F11MO
40,Molenlei 59,2022-01-22,00:00:00,14,2,12,F11MO
40,Molenlei 59,2022-01-22,01:00:00,8,4,4,F11MO
40,Molenlei 59,2022-01-22,02:00:00,2,0,2,F11MO
40,Molenlei 59,2022-01-22,03:00:00,6,2,4,F11MO
40,Molenlei 59,2022-01-22,04:00:00,2,2,0,F11MO
40,Molenlei 59,2022-01-22,05:00:00,10,6,4,F11MO
40,Molenlei 59,2022-01-22,06:00:00,20,6,14,F11MO
40,Molenlei 59,2022-01-22,07:00:00,18,6,12,F11MO
40,Molenlei 59,2022-01-22,08:00:00,68,24,44,F11MO
40,Molenlei 59,2022-01-22,09:00:00,68,28,40,F11MO
40,Molenlei 59,2022-01-22,10:00:00,98,28,70,F11MO
40,Molenlei 59,2022-01-22,11:00:00,172,88,84,F11MO
40,Molenlei 59,2022-01-22,12:00:00,152,86,66,F11MO
40,Molenlei 59,2022-01-22,13:00:00,158,80,78,F11MO
40,Molenlei 59,2022-01-22,14:00:00,182,94,88,F11MO
40,Molenlei 59,2022-01-22,15:00:00,170,94,76,F11MO
40,Molenlei 59,2022-01-22,16:00:00,152,90,62,F11MO
40,Molenlei 59,2022-01-22,17:00:00,92,44,48,F11MO
40,Molenlei 59,2022-01-22,18:00:00,84,50,34,F11MO
40,Molenlei 59,2022-01-22,19:00:00,56,38,18,F11MO
40,Molenlei 59,2022-01-22,20:00:00,30,6,24,F11MO
40,Molenlei 59,2022-01-22,21:00:00,46,30,16,F11MO
40,Molenlei 59,2022-01-22,22:00:00,18,6,12,F11MO
40,Molenlei 59,2022-01-22,23:00:00,18,8,10,F11MO
40,Molenlei 59,2022-01-23,00:00:00,4,2,2,F11MO
40,Molenlei 59,2022-01-23,01:00:00,6,2,4,F11MO
40,Molenlei 59,2022-01-23,02:00:00,10,8,2,F11MO
40,Molenlei 59,2022-01-23,03:00:00,2,2,0,F11MO
40,Molenlei 59,2022-01-23,04:00:00,8,4,4,F11MO
40,Molenlei 59,2022-01-23,05:00:00,10,10,0,F11MO
40,Molenlei 59,2022-01-23,06:00:00,28,12,16,F11MO
40,Molenlei 59,2022-01-23,07:00:00,36,12,24,F11MO
40,Molenlei 59,2022-01-23,08:00:00,74,24,50,F11MO
40,Molenlei 59,2022-01-23,09:00:00,150,38,112,F11MO
40,Molenlei 59,2022-01-23,10:00:00,202,88,114,F11MO
40,Molenlei 59,2022-01-23,11:00:00,246,136,110,F11MO
40,Molenlei 59,2022-01-23,12:00:00,272,162,110,F11MO
40,Molenlei 59,2022-01-23,13:00:00,186,112,74,F11MO
40,Molenlei 59,2022-01-23,14:00:00,170,52,118,F11MO
40,Molenlei 59,2022-01-23,15:00:00,182,106,76,F11MO
40,Molenlei 59,2022-01-23,16:00:00,128,84,44,F11MO
40,Molenlei 59,2022-01-23,17:00:00,106,72,34,F11MO
40,Molenlei 59,2022-01-23,18:00:00,74,36,38,F11MO
40,Molenlei 59,2022-01-23,19:00:00,30,18,12,F11MO
40,Molenlei 59,2022-01-23,20:00:00,16,10,6,F11MO
40,Molenlei 59,2022-01-23,21:00:00,26,18,8,F11MO
40,Molenlei 59,2022-01-23,22:00:00,20,8,12,F11MO
40,Molenlei 59,2022-01-23,23:00:00,6,6,0,F11MO
40,Molenlei 59,2022-01-24,00:00:00,6,6,0,F11MO
40,Molenlei 59,2022-01-24,01:00:00,0,0,0,F11MO
40,Molenlei 59,2022-01-24,02:00:00,2,2,0,F11MO
40,Molenlei 59,2022-01-24,03:00:00,2,0,2,F11MO
40,Molenlei 59,2022-01-24,04:00:00,8,6,2,F11MO
40,Molenlei 59,2022-01-24,05:00:00,40,24,16,F11MO
40,Molenlei 59,2022-01-24,06:00:00,94,68,26,F11MO
40,Molenlei 59,2022-01-24,07:00:00,278,172,106,F11MO
40,Molenlei 59,2022-01-24,08:00:00,268,178,90,F11MO
40,Molenlei 59,2022-01-24,09:00:00,88,44,44,F11MO
40,Molenlei 59,2022-01-24,10:00:00,90,30,60,F11MO
40,Molenlei 59,2022-01-24,11:00:00,96,46,50,F11MO
40,Molenlei 59,2022-01-24,12:00:00,140,80,60,F11MO
40,Molenlei 59,2022-01-24,13:00:00,154,60,94,F11MO
40,Molenlei 59,2022-01-24,14:00:00,292,120,172,F11MO
40,Molenlei 59,2022-01-24,15:00:00,328,130,198,F11MO
40,Molenlei 59,2022-01-24,16:00:00,416,158,258,F11MO
40,Molenlei 59,2022-01-24,17:00:00,286,108,178,F11MO
40,Molenlei 59,2022-01-24,18:00:00,124,48,76,F11MO
40,Molenlei 59,2022-01-24,19:00:00,68,32,36,F11MO
40,Molenlei 59,2022-01-24,20:00:00,44,20,24,F11MO
40,Molenlei 59,2022-01-24,21:00:00,38,22,16,F11MO
40,Molenlei 59,2022-01-24,22:00:00,36,8,28,F11MO
40,Molenlei 59,2022-01-24,23:00:00,8,2,6,F11MO
40,Molenlei 59,2022-01-25,00:00:00,0,0,0,F11MO
40,Molenlei 59,2022-01-25,01:00:00,0,0,0,F11MO
40,Molenlei 59,2022-01-25,02:00:00,4,0,4,F11MO
40,Molenlei 59,2022-01-25,03:00:00,2,0,2,F11MO
40,Molenlei 59,2022-01-25,04:00:00,12,10,2,F11MO
40,Molenlei 59,2022-01-25,05:00:00,36,20,16,F11MO
40,Molenlei 59,2022-01-25,06:00:00,98,62,36,F11MO
40,Molenlei 59,2022-01-25,07:00:00,204,150,54,F11MO
40,Molenlei 59,2022-01-25,08:00:00,300,196,104,F11MO
40,Molenlei 59,2022-01-25,09:00:00,76,26,50,F11MO
40,Molenlei 59,2022-01-25,10:00:00,50,22,28,F11MO
40,Molenlei 59,2022-01-25,11:00:00,66,36,30,F11MO
40,Molenlei 59,2022-01-25,12:00:00,118,82,36,F11MO
40,Molenlei 59,2022-01-25,13:00:00,100,50,50,F11MO
40,Molenlei 59,2022-01-25,14:00:00,110,44,66,F11MO
40,Molenlei 59,2022-01-25,15:00:00,206,78,128,F11MO
40,Molenlei 59,2022-01-25,16:00:00,268,74,194,F11MO
40,Molenlei 59,2022-01-25,17:00:00,214,76,138,F11MO
40,Molenlei 59,2022-01-25,18:00:00,98,30,68,F11MO
40,Molenlei 59,2022-01-25,19:00:00,32,14,18,F11MO
40,Molenlei 59,2022-01-25,20:00:00,42,20,22,F11MO
40,Molenlei 59,2022-01-25,21:00:00,20,14,6,F11MO
40,Molenlei 59,2022-01-25,22:00:00,22,8,14,F11MO
40,Molenlei 59,2022-01-25,23:00:00,12,10,2,F11MO
40,Molenlei 59,2022-01-26,00:00:00,0,0,0,F11MO
40,Molenlei 59,2022-01-26,01:00:00,2,0,2,F11MO
40,Molenlei 59,2022-01-26,02:00:00,0,0,0,F11MO
40,Molenlei 59,2022-01-26,03:00:00,4,0,4,F11MO
40,Molenlei 59,2022-01-26,04:00:00,12,10,2,F11MO
40,Molenlei 59,2022-01-26,05:00:00,32,18,14,F11MO
40,Molenlei 59,2022-01-26,06:00:00,74,44,30,F11MO
40,Molenlei 59,2022-01-26,07:00:00,206,134,72,F11MO
40,Molenlei 59,2022-01-26,08:00:00,218,138,80,F11MO
40,Molenlei 59,2022-01-26,09:00:00,90,50,40,F11MO
40,Molenlei 59,2022-01-26,10:00:00,72,40,32,F11MO
40,Molenlei 59,2022-01-26,11:00:00,118,56,62,F11MO
40,Molenlei 59,2022-01-26,12:00:00,214,60,154,F11MO
40,Molenlei 59,2022-01-26,13:00:00,146,78,68,F11MO
40,Molenlei 59,2022-01-26,14:00:00,142,60,82,F11MO
40,Molenlei 59,2022-01-26,15:00:00,122,66,56,F11MO
40,Molenlei 59,2022-01-26,16:00:00,216,58,158,F11MO
40,Molenlei 59,2022-01-26,17:00:00,234,88,146,F11MO
40,Molenlei 59,2022-01-26,18:00:00,116,44,72,F11MO
40,Molenlei 59,2022-01-26,19:00:00,72,30,42,F11MO
40,Molenlei 59,2022-01-26,20:00:00,34,18,16,F11MO
40,Molenlei 59,2022-01-26,21:00:00,38,22,16,F11MO
40,Molenlei 59,2022-01-26,22:00:00,44,18,26,F11MO
40,Molenlei 59,2022-01-26,23:00:00,6,2,4,F11MO
40,Molenlei 59,2022-01-27,00:00:00,6,2,4,F11MO
40,Molenlei 59,2022-01-27,01:00:00,2,0,2,F11MO
40,Molenlei 59,2022-01-27,02:00:00,12,12,0,F11MO
40,Molenlei 59,2022-01-27,03:00:00,2,2,0,F11MO
40,Molenlei 59,2022-01-27,04:00:00,8,6,2,F11MO
40,Molenlei 59,2022-01-27,05:00:00,28,18,10,F11MO
40,Molenlei 59,2022-01-27,06:00:00,60,34,26,F11MO
40,Molenlei 59,2022-01-27,07:00:00,210,158,52,F11MO
40,Molenlei 59,2022-01-27,08:00:00,322,228,94,F11MO
40,Molenlei 59,2022-01-27,09:00:00,96,52,44,F11MO
40,Molenlei 59,2022-01-27,10:00:00,46,24,22,F11MO
40,Molenlei 59,2022-01-27,11:00:00,52,16,36,F11MO
40,Molenlei 59,2022-01-27,12:00:00,76,36,40,F11MO
40,Molenlei 59,2022-01-27,13:00:00,80,40,40,F11MO
40,Molenlei 59,2022-01-27,14:00:00,84,44,40,F11MO
40,Molenlei 59,2022-01-27,15:00:00,150,42,108,F11MO
40,Molenlei 59,2022-01-27,16:00:00,206,60,146,F11MO
40,Molenlei 59,2022-01-27,17:00:00,186,62,124,F11MO
40,Molenlei 59,2022-01-27,18:00:00,108,38,70,F11MO
40,Molenlei 59,2022-01-27,19:00:00,46,20,26,F11MO
40,Molenlei 59,2022-01-27,20:00:00,44,20,24,F11MO
40,Molenlei 59,2022-01-27,21:00:00,34,20,14,F11MO
40,Molenlei 59,2022-01-27,22:00:00,36,12,24,F11MO
40,Molenlei 59,2022-01-27,23:00:00,24,8,16,F11MO
40,Molenlei 59,2022-01-28,00:00:00,8,2,6,F11MO
40,Molenlei 59,2022-01-28,01:00:00,4,4,0,F11MO
40,Molenlei 59,2022-01-28,02:00:00,2,2,0,F11MO
40,Molenlei 59,2022-01-28,03:00:00,2,0,2,F11MO
40,Molenlei 59,2022-01-28,04:00:00,8,8,0,F11MO
40,Molenlei 59,2022-01-28,05:00:00,28,18,10,F11MO
40,Molenlei 59,2022-01-28,06:00:00,70,44,26,F11MO
40,Molenlei 59,2022-01-28,07:00:00,160,116,44,F11MO
40,Molenlei 59,2022-01-28,08:00:00,240,140,100,F11MO
40,Molenlei 59,2022-01-28,09:00:00,112,42,70,F11MO
40,Molenlei 59,2022-01-28,10:00:00,146,86,60,F11MO
40,Molenlei 59,2022-01-28,11:00:00,128,66,62,F11MO
40,Molenlei 59,2022-01-28,12:00:00,166,74,92,F11MO
40,Molenlei 59,2022-01-28,13:00:00,210,96,114,F11MO
40,Molenlei 59,2022-01-28,14:00:00,198,94,104,F11MO
40,Molenlei 59,2022-01-28,15:00:00,280,100,180,F11MO
40,Molenlei 59,2022-01-28,16:00:00,272,120,152,F11MO
40,Molenlei 59,2022-01-28,17:00:00,202,86,116,F11MO
40,Molenlei 59,2022-01-28,18:00:00,128,58,70,F11MO
40,Molenlei 59,2022-01-28,19:00:00,56,22,34,F11MO
40,Molenlei 59,2022-01-28,20:00:00,56,16,40,F11MO
40,Molenlei 59,2022-01-28,21:00:00,30,14,16,F11MO
40,Molenlei 59,2022-01-28,22:00:00,38,12,26,F11MO
40,Molenlei 59,2022-01-28,23:00:00,34,28,6,F11MO
40,Molenlei 59,2022-01-29,00:00:00,44,34,10,F11MO
40,Molenlei 59,2022-01-29,01:00:00,14,8,6,F11MO
40,Molenlei 59,2022-01-29,02:00:00,8,6,2,F11MO
40,Molenlei 59,2022-01-29,03:00:00,8,2,6,F11MO
40,Molenlei 59,2022-01-29,04:00:00,6,0,6,F11MO
40,Molenlei 59,2022-01-29,05:00:00,12,8,4,F11MO
40,Molenlei 59,2022-01-29,06:00:00,12,2,10,F11MO
40,Molenlei 59,2022-01-29,07:00:00,16,4,12,F11MO
40,Molenlei 59,2022-01-29,08:00:00,44,20,24,F11MO
40,Molenlei 59,2022-01-29,09:00:00,94,28,66,F11MO
40,Molenlei 59,2022-01-29,10:00:00,98,50,48,F11MO
40,Molenlei 59,2022-01-29,11:00:00,126,66,60,F11MO
40,Molenlei 59,2022-01-29,12:00:00,154,82,72,F11MO
40,Molenlei 59,2022-01-29,13:00:00,150,86,64,F11MO
40,Molenlei 59,2022-01-29,14:00:00,162,78,84,F11MO
40,Molenlei 59,2022-01-29,15:00:00,150,78,72,F11MO
40,Molenlei 59,2022-01-29,16:00:00,104,74,30,F11MO
40,Molenlei 59,2022-01-29,17:00:00,72,38,34,F11MO
40,Molenlei 59,2022-01-29,18:00:00,106,60,46,F11MO
40,Molenlei 59,2022-01-29,19:00:00,30,14,16,F11MO
40,Molenlei 59,2022-01-29,20:00:00,32,12,20,F11MO
40,Molenlei 59,2022-01-29,21:00:00,44,12,32,F11MO
40,Molenlei 59,2022-01-29,22:00:00,40,14,26,F11MO
40,Molenlei 59,2022-01-29,23:00:00,10,2,8,F11MO
40,Molenlei 59,2022-01-30,00:00:00,18,8,10,F11MO
40,Molenlei 59,2022-01-30,01:00:00,20,16,4,F11MO
40,Molenlei 59,2022-01-30,02:00:00,10,4,6,F11MO
40,Molenlei 59,2022-01-30,03:00:00,4,2,2,F11MO
40,Molenlei 59,2022-01-30,04:00:00,2,2,0,F11MO
40,Molenlei 59,2022-01-30,05:00:00,6,6,0,F11MO
40,Molenlei 59,2022-01-30,06:00:00,26,12,14,F11MO
40,Molenlei 59,2022-01-30,07:00:00,22,8,14,F11MO
40,Molenlei 59,2022-01-30,08:00:00,50,16,34,F11MO
40,Molenlei 59,2022-01-30,09:00:00,180,70,110,F11MO
40,Molenlei 59,2022-01-30,10:00:00,240,72,168,F11MO
40,Molenlei 59,2022-01-30,11:00:00,344,200,144,F11MO
40,Molenlei 59,2022-01-30,12:00:00,286,172,114,F11MO
40,Molenlei 59,2022-01-30,13:00:00,260,160,100,F11MO
40,Molenlei 59,2022-01-30,14:00:00,180,96,84,F11MO
40,Molenlei 59,2022-01-30,15:00:00,216,116,100,F11MO
40,Molenlei 59,2022-01-30,16:00:00,150,76,74,F11MO
40,Molenlei 59,2022-01-30,17:00:00,182,116,66,F11MO
40,Molenlei 59,2022-01-30,18:00:00,72,40,32,F11MO
40,Molenlei 59,2022-01-30,19:00:00,46,24,22,F11MO
40,Molenlei 59,2022-01-30,20:00:00,24,10,14,F11MO
40,Molenlei 59,2022-01-30,21:00:00,12,4,8,F11MO
40,Molenlei 59,2022-01-30,22:00:00,26,8,18,F11MO
40,Molenlei 59,2022-01-30,23:00:00,8,4,4,F11MO
40,Molenlei 59,2022-01-31,00:00:00,0,0,0,F11MO
40,Molenlei 59,2022-01-31,01:00:00,2,0,2,F11MO
40,Molenlei 59,2022-01-31,02:00:00,2,2,0,F11MO
40,Molenlei 59,2022-01-31,03:00:00,0,0,0,F11MO
40,Molenlei 59,2022-01-31,04:00:00,0,0,0,F11MO
40,Molenlei 59,2022-01-31,05:00:00,26,16,10,F11MO
40,Molenlei 59,2022-01-31,06:00:00,60,40,20,F11MO
40,Molenlei 59,2022-01-31,07:00:00,172,90,82,F11MO
40,Molenlei 59,2022-01-31,08:00:00,222,136,86,F11MO
40,Molenlei 59,2022-01-31,09:00:00,62,34,28,F11MO
40,Molenlei 59,2022-01-31,10:00:00,44,16,28,F11MO
40,Molenlei 59,2022-01-31,11:00:00,40,22,18,F11MO
40,Molenlei 59,2022-01-31,12:00:00,48,22,26,F11MO
40,Molenlei 59,2022-01-31,13:00:00,86,36,50,F11MO
40,Molenlei 59,2022-01-31,14:00:00,46,18,28,F11MO
40,Molenlei 59,2022-01-31,15:00:00,162,60,102,F11MO
40,Molenlei 59,2022-01-31,16:00:00,220,70,150,F11MO
40,Molenlei 59,2022-01-31,17:00:00,152,68,84,F11MO
40,Molenlei 59,2022-01-31,18:00:00,78,24,54,F11MO
40,Molenlei 59,2022-01-31,19:00:00,34,6,28,F11MO
40,Molenlei 59,2022-01-31,20:00:00,24,16,8,F11MO
40,Molenlei 59,2022-01-31,21:00:00,18,6,12,F11MO
40,Molenlei 59,2022-01-31,22:00:00,30,6,24,F11MO
40,Molenlei 59,2022-01-31,23:00:00,0,0,0,F11MO
40,Molenlei 59,2022-02-01,00:00:00,2,0,2,F11MO
40,Molenlei 59,2022-02-01,01:00:00,0,0,0,F11MO
40,Molenlei 59,2022-02-01,02:00:00,0,0,0,F11MO
40,Molenlei 59,2022-02-01,03:00:00,0,0,0,F11MO
40,Molenlei 59,2022-02-01,04:00:00,6,6,0,F11MO
40,Molenlei 59,2022-02-01,05:00:00,36,22,14,F11MO
40,Molenlei 59,2022-02-01,06:00:00,66,48,18,F11MO
40,Molenlei 59,2022-02-01,07:00:00,202,130,72,F11MO
40,Molenlei 59,2022-02-01,08:00:00,240,154,86,F11MO
40,Molenlei 59,2022-02-01,09:00:00,54,24,30,F11MO
40,Molenlei 59,2022-02-01,10:00:00,28,12,16,F11MO
40,Molenlei 59,2022-02-01,11:00:00,38,18,20,F11MO
40,Molenlei 59,2022-02-01,12:00:00,102,58,44,F11MO
40,Molenlei 59,2022-02-01,13:00:00,98,40,58,F11MO
40,Molenlei 59,2022-02-01,14:00:00,64,24,40,F11MO
40,Molenlei 59,2022-02-01,15:00:00,196,64,132,F11MO
40,Molenlei 59,2022-02-01,16:00:00,222,76,146,F11MO
40,Molenlei 59,2022-02-01,17:00:00,218,82,136,F11MO
40,Molenlei 59,2022-02-01,18:00:00,78,30,48,F11MO
40,Molenlei 59,2022-02-01,19:00:00,76,26,50,F11MO
40,Molenlei 59,2022-02-01,20:00:00,30,18,12,F11MO
40,Molenlei 59,2022-02-01,21:00:00,46,20,26,F11MO
40,Molenlei 59,2022-02-01,22:00:00,36,4,32,F11MO
40,Molenlei 59,2022-02-01,23:00:00,14,6,8,F11MO
40,Molenlei 59,2022-02-02,00:00:00,2,2,0,F11MO
40,Molenlei 59,2022-02-02,01:00:00,6,4,2,F11MO
40,Molenlei 59,2022-02-02,02:00:00,6,6,0,F11MO
40,Molenlei 59,2022-02-02,03:00:00,4,4,0,F11MO
40,Molenlei 59,2022-02-02,04:00:00,8,4,4,F11MO
40,Molenlei 59,2022-02-02,05:00:00,34,18,16,F11MO
40,Molenlei 59,2022-02-02,06:00:00,62,48,14,F11MO
40,Molenlei 59,2022-02-02,07:00:00,250,154,96,F11MO
40,Molenlei 59,2022-02-02,08:00:00,258,170,88,F11MO
40,Molenlei 59,2022-02-02,09:00:00,122,56,66,F11MO
40,Molenlei 59,2022-02-02,10:00:00,142,74,68,F11MO
40,Molenlei 59,2022-02-02,11:00:00,202,88,114,F11MO
40,Molenlei 59,2022-02-02,12:00:00,234,92,142,F11MO
40,Molenlei 59,2022-02-02,13:00:00,170,92,78,F11MO
40,Molenlei 59,2022-02-02,14:00:00,110,46,64,F11MO
40,Molenlei 59,2022-02-02,15:00:00,98,44,54,F11MO
40,Molenlei 59,2022-02-02,16:00:00,176,62,114,F11MO
40,Molenlei 59,2022-02-02,17:00:00,154,68,86,F11MO
40,Molenlei 59,2022-02-02,18:00:00,124,54,70,F11MO
40,Molenlei 59,2022-02-02,19:00:00,46,22,24,F11MO
40,Molenlei 59,2022-02-02,20:00:00,36,28,8,F11MO
40,Molenlei 59,2022-02-02,21:00:00,20,6,14,F11MO
40,Molenlei 59,2022-02-02,22:00:00,28,2,26,F11MO
40,Molenlei 59,2022-02-02,23:00:00,6,2,4,F11MO
40,Molenlei 59,2022-02-03,00:00:00,2,0,2,F11MO
40,Molenlei 59,2022-02-03,01:00:00,4,2,2,F11MO
40,Molenlei 59,2022-02-03,02:00:00,2,0,2,F11MO
40,Molenlei 59,2022-02-03,03:00:00,0,0,0,F11MO
40,Molenlei 59,2022-02-03,04:00:00,10,6,4,F11MO
40,Molenlei 59,2022-02-03,05:00:00,32,22,10,F11MO
40,Molenlei 59,2022-02-03,06:00:00,64,44,20,F11MO
40,Molenlei 59,2022-02-03,07:00:00,220,134,86,F11MO
40,Molenlei 59,2022-02-03,08:00:00,340,208,132,F11MO
40,Molenlei 59,2022-02-03,09:00:00,98,38,60,F11MO
40,Molenlei 59,2022-02-03,10:00:00,78,38,40,F11MO
40,Molenlei 59,2022-02-03,11:00:00,92,56,36,F11MO
40,Molenlei 59,2022-02-03,12:00:00,132,50,82,F11MO
40,Molenlei 59,2022-02-03,13:00:00,120,50,70,F11MO
40,Molenlei 59,2022-02-03,14:00:00,100,46,54,F11MO
40,Molenlei 59,2022-02-03,15:00:00,240,100,140,F11MO
40,Molenlei 59,2022-02-03,16:00:00,324,114,210,F11MO
40,Molenlei 59,2022-02-03,17:00:00,204,84,120,F11MO
40,Molenlei 59,2022-02-03,18:00:00,126,48,78,F11MO
40,Molenlei 59,2022-02-03,19:00:00,64,30,34,F11MO
40,Molenlei 59,2022-02-03,20:00:00,42,10,32,F11MO
40,Molenlei 59,2022-02-03,21:00:00,30,14,16,F11MO
40,Molenlei 59,2022-02-03,22:00:00,58,14,44,F11MO
40,Molenlei 59,2022-02-03,23:00:00,12,6,6,F11MO
40,Molenlei 59,2022-02-04,00:00:00,6,4,2,F11MO
40,Molenlei 59,2022-02-04,01:00:00,2,0,2,F11MO
40,Molenlei 59,2022-02-04,02:00:00,4,2,2,F11MO
40,Molenlei 59,2022-02-04,03:00:00,4,2,2,F11MO
40,Molenlei 59,2022-02-04,04:00:00,16,10,6,F11MO
40,Molenlei 59,2022-02-04,05:00:00,38,26,12,F11MO
40,Molenlei 59,2022-02-04,06:00:00,38,26,12,F11MO
40,Molenlei 59,2022-02-04,07:00:00,182,104,78,F11MO
40,Molenlei 59,2022-02-04,08:00:00,238,150,88,F11MO
40,Molenlei 59,2022-02-04,09:00:00,102,54,48,F11MO
40,Molenlei 59,2022-02-04,10:00:00,132,46,86,F11MO
40,Molenlei 59,2022-02-04,11:00:00,90,38,52,F11MO
40,Molenlei 59,2022-02-04,12:00:00,110,56,54,F11MO
40,Molenlei 59,2022-02-04,13:00:00,92,58,34,F11MO
40,Molenlei 59,2022-02-04,14:00:00,130,56,74,F11MO
40,Molenlei 59,2022-02-04,15:00:00,176,62,114,F11MO
40,Molenlei 59,2022-02-04,16:00:00,196,70,126,F11MO
40,Molenlei 59,2022-02-04,17:00:00,162,56,106,F11MO
40,Molenlei 59,2022-02-04,18:00:00,116,60,56,F11MO
40,Molenlei 59,2022-02-04,19:00:00,60,24,36,F11MO
40,Molenlei 59,2022-02-04,20:00:00,68,38,30,F11MO
40,Molenlei 59,2022-02-04,21:00:00,16,6,10,F11MO
40,Molenlei 59,2022-02-04,22:00:00,30,6,24,F11MO
40,Molenlei 59,2022-02-04,23:00:00,22,14,8,F11MO
40,Molenlei 59,2022-02-05,00:00:00,20,6,14,F11MO
40,Molenlei 59,2022-02-05,01:00:00,12,6,6,F11MO
40,Molenlei 59,2022-02-05,02:00:00,18,12,6,F11MO
40,Molenlei 59,2022-02-05,03:00:00,22,16,6,F11MO
40,Molenlei 59,2022-02-05,04:00:00,4,4,0,F11MO
40,Molenlei 59,2022-02-05,05:00:00,18,12,6,F11MO
40,Molenlei 59,2022-02-05,06:00:00,14,2,12,F11MO
40,Molenlei 59,2022-02-05,07:00:00,14,6,8,F11MO
40,Molenlei 59,2022-02-05,08:00:00,72,36,36,F11MO
40,Molenlei 59,2022-02-05,09:00:00,120,22,98,F11MO
40,Molenlei 59,2022-02-05,10:00:00,158,52,106,F11MO
40,Molenlei 59,2022-02-05,11:00:00,250,152,98,F11MO
40,Molenlei 59,2022-02-05,12:00:00,230,100,130,F11MO
40,Molenlei 59,2022-02-05,13:00:00,310,138,172,F11MO
40,Molenlei 59,2022-02-05,14:00:00,316,166,150,F11MO
40,Molenlei 59,2022-02-05,15:00:00,256,152,104,F11MO
40,Molenlei 59,2022-02-05,16:00:00,200,110,90,F11MO
40,Molenlei 59,2022-02-05,17:00:00,126,78,48,F11MO
40,Molenlei 59,2022-02-05,18:00:00,86,54,32,F11MO
40,Molenlei 59,2022-02-05,19:00:00,58,26,32,F11MO
40,Molenlei 59,2022-02-05,20:00:00,46,20,26,F11MO
40,Molenlei 59,2022-02-05,21:00:00,18,4,14,F11MO
40,Molenlei 59,2022-02-05,22:00:00,22,4,18,F11MO
40,Molenlei 59,2022-02-05,23:00:00,18,6,12,F11MO
40,Molenlei 59,2022-02-06,00:00:00,22,14,8,F11MO
40,Molenlei 59,2022-02-06,01:00:00,6,2,4,F11MO
40,Molenlei 59,2022-02-06,02:00:00,12,8,4,F11MO
40,Molenlei 59,2022-02-06,03:00:00,0,0,0,F11MO
40,Molenlei 59,2022-02-06,04:00:00,0,0,0,F11MO
40,Molenlei 59,2022-02-06,05:00:00,6,2,4,F11MO
40,Molenlei 59,2022-02-06,06:00:00,4,2,2,F11MO
40,Molenlei 59,2022-02-06,07:00:00,12,2,10,F11MO
40,Molenlei 59,2022-02-06,08:00:00,32,14,18,F11MO
40,Molenlei 59,2022-02-06,09:00:00,50,18,32,F11MO
40,Molenlei 59,2022-02-06,10:00:00,52,28,24,F11MO
40,Molenlei 59,2022-02-06,11:00:00,34,20,14,F11MO
40,Molenlei 59,2022-02-06,12:00:00,34,10,24,F11MO
40,Molenlei 59,2022-02-06,13:00:00,14,8,6,F11MO
40,Molenlei 59,2022-02-06,14:00:00,22,10,12,F11MO
40,Molenlei 59,2022-02-06,15:00:00,16,8,8,F11MO
40,Molenlei 59,2022-02-06,16:00:00,44,20,24,F11MO
40,Molenlei 59,2022-02-06,17:00:00,28,16,12,F11MO
40,Molenlei 59,2022-02-06,18:00:00,30,16,14,F11MO
40,Molenlei 59,2022-02-06,19:00:00,20,12,8,F11MO
40,Molenlei 59,2022-02-06,20:00:00,6,2,4,F11MO
40,Molenlei 59,2022-02-06,21:00:00,6,4,2,F11MO
40,Molenlei 59,2022-02-06,22:00:00,8,4,4,F11MO
40,Molenlei 59,2022-02-06,23:00:00,0,0,0,F11MO
40,Molenlei 59,2022-02-07,00:00:00,6,4,2,F11MO
40,Molenlei 59,2022-02-07,01:00:00,0,0,0,F11MO
40,Molenlei 59,2022-02-07,02:00:00,0,0,0,F11MO
40,Molenlei 59,2022-02-07,03:00:00,0,0,0,F11MO
40,Molenlei 59,2022-02-07,04:00:00,8,2,6,F11MO
40,Molenlei 59,2022-02-07,05:00:00,52,30,22,F11MO
40,Molenlei 59,2022-02-07,06:00:00,60,48,12,F11MO
40,Molenlei 59,2022-02-07,07:00:00,206,140,66,F11MO
40,Molenlei 59,2022-02-07,08:00:00,318,212,106,F11MO
40,Molenlei 59,2022-02-07,09:00:00,106,62,44,F11MO
40,Molenlei 59,2022-02-07,10:00:00,96,50,46,F11MO
40,Molenlei 59,2022-02-07,11:00:00,122,66,56,F11MO
40,Molenlei 59,2022-02-07,12:00:00,196,140,56,F11MO
40,Molenlei 59,2022-02-07,13:00:00,196,76,120,F11MO
40,Molenlei 59,2022-02-07,14:00:00,242,94,148,F11MO
40,Molenlei 59,2022-02-07,15:00:00,308,118,190,F11MO
40,Molenlei 59,2022-02-07,16:00:00,370,132,238,F11MO
40,Molenlei 59,2022-02-07,17:00:00,238,90,148,F11MO
40,Molenlei 59,2022-02-07,18:00:00,144,48,96,F11MO
40,Molenlei 59,2022-02-07,19:00:00,74,32,42,F11MO
40,Molenlei 59,2022-02-07,20:00:00,40,16,24,F11MO
40,Molenlei 59,2022-02-07,21:00:00,30,24,6,F11MO
40,Molenlei 59,2022-02-07,22:00:00,44,10,34,F11MO
40,Molenlei 59,2022-02-07,23:00:00,10,8,2,F11MO
40,Molenlei 59,2022-02-08,00:00:00,2,0,2,F11MO
40,Molenlei 59,2022-02-08,01:00:00,0,0,0,F11MO
40,Molenlei 59,2022-02-08,02:00:00,0,0,0,F11MO
40,Molenlei 59,2022-02-08,03:00:00,0,0,0,F11MO
40,Molenlei 59,2022-02-08,04:00:00,4,4,0,F11MO
40,Molenlei 59,2022-02-08,05:00:00,36,24,12,F11MO
40,Molenlei 59,2022-02-08,06:00:00,62,38,24,F11MO
40,Molenlei 59,2022-02-08,07:00:00,290,186,104,F11MO
40,Molenlei 59,2022-02-08,08:00:00,312,212,100,F11MO
40,Molenlei 59,2022-02-08,09:00:00,90,46,44,F11MO
40,Molenlei 59,2022-02-08,10:00:00,74,38,36,F11MO
40,Molenlei 59,2022-02-08,11:00:00,66,36,30,F11MO
40,Molenlei 59,2022-02-08,12:00:00,114,52,62,F11MO
40,Molenlei 59,2022-02-08,13:00:00,106,50,56,F11MO
40,Molenlei 59,2022-02-08,14:00:00,114,54,60,F11MO
40,Molenlei 59,2022-02-08,15:00:00,266,84,182,F11MO
40,Molenlei 59,2022-02-08,16:00:00,306,106,200,F11MO
40,Molenlei 59,2022-02-08,17:00:00,260,84,176,F11MO
40,Molenlei 59,2022-02-08,18:00:00,66,34,32,F11MO
40,Molenlei 59,2022-02-08,19:00:00,72,42,30,F11MO
40,Molenlei 59,2022-02-08,20:00:00,40,14,26,F11MO
40,Molenlei 59,2022-02-08,21:00:00,22,8,14,F11MO
40,Molenlei 59,2022-02-08,22:00:00,36,10,26,F11MO
40,Molenlei 59,2022-02-08,23:00:00,14,6,8,F11MO
40,Molenlei 59,2022-02-09,00:00:00,6,2,4,F11MO
40,Molenlei 59,2022-02-09,01:00:00,2,0,2,F11MO
40,Molenlei 59,2022-02-09,02:00:00,0,0,0,F11MO
40,Molenlei 59,2022-02-09,03:00:00,0,0,0,F11MO
40,Molenlei 59,2022-02-09,04:00:00,10,8,2,F11MO
40,Molenlei 59,2022-02-09,05:00:00,48,32,16,F11MO
40,Molenlei 59,2022-02-09,06:00:00,72,48,24,F11MO
40,Molenlei 59,2022-02-09,07:00:00,284,184,100,F11MO
40,Molenlei 59,2022-02-09,08:00:00,288,182,106,F11MO
40,Molenlei 59,2022-02-09,09:00:00,130,66,64,F11MO
40,Molenlei 59,2022-02-09,10:00:00,140,76,64,F11MO
40,Molenlei 59,2022-02-09,11:00:00,154,54,100,F11MO
40,Molenlei 59,2022-02-09,12:00:00,310,124,186,F11MO
40,Molenlei 59,2022-02-09,13:00:00,256,114,142,F11MO
40,Molenlei 59,2022-02-09,14:00:00,180,82,98,F11MO
40,Molenlei 59,2022-02-09,15:00:00,250,100,150,F11MO
40,Molenlei 59,2022-02-09,16:00:00,250,74,176,F11MO
40,Molenlei 59,2022-02-09,17:00:00,224,96,128,F11MO
40,Molenlei 59,2022-02-09,18:00:00,146,62,84,F11MO
40,Molenlei 59,2022-02-09,19:00:00,86,28,58,F11MO
40,Molenlei 59,2022-02-09,20:00:00,42,22,20,F11MO
40,Molenlei 59,2022-02-09,21:00:00,42,16,26,F11MO
40,Molenlei 59,2022-02-09,22:00:00,40,8,32,F11MO
40,Molenlei 59,2022-02-09,23:00:00,16,6,10,F11MO
40,Molenlei 59,2022-02-10,00:00:00,16,8,8,F11MO
40,Molenlei 59,2022-02-10,01:00:00,4,4,0,F11MO
40,Molenlei 59,2022-02-10,02:00:00,0,0,0,F11MO
40,Molenlei 59,2022-02-10,03:00:00,0,0,0,F11MO
40,Molenlei 59,2022-02-10,04:00:00,6,4,2,F11MO
40,Molenlei 59,2022-02-10,05:00:00,44,28,16,F11MO
40,Molenlei 59,2022-02-10,06:00:00,56,30,26,F11MO
40,Molenlei 59,2022-02-10,07:00:00,236,124,112,F11MO
40,Molenlei 59,2022-02-10,08:00:00,314,204,110,F11MO
40,Molenlei 59,2022-02-10,09:00:00,74,32,42,F11MO
40,Molenlei 59,2022-02-10,10:00:00,54,24,30,F11MO
40,Molenlei 59,2022-02-10,11:00:00,38,20,18,F11MO
40,Molenlei 59,2022-02-10,12:00:00,96,44,52,F11MO
40,Molenlei 59,2022-02-10,13:00:00,106,58,48,F11MO
40,Molenlei 59,2022-02-10,14:00:00,106,44,62,F11MO
40,Molenlei 59,2022-02-10,15:00:00,200,56,144,F11MO
40,Molenlei 59,2022-02-10,16:00:00,278,104,174,F11MO
40,Molenlei 59,2022-02-10,17:00:00,240,78,162,F11MO
40,Molenlei 59,2022-02-10,18:00:00,114,46,68,F11MO
40,Molenlei 59,2022-02-10,19:00:00,66,32,34,F11MO
40,Molenlei 59,2022-02-10,20:00:00,34,6,28,F11MO
40,Molenlei 59,2022-02-10,21:00:00,14,6,8,F11MO
40,Molenlei 59,2022-02-10,22:00:00,36,12,24,F11MO
40,Molenlei 59,2022-02-10,23:00:00,10,8,2,F11MO
40,Molenlei 59,2022-02-11,00:00:00,4,2,2,F11MO
40,Molenlei 59,2022-02-11,01:00:00,0,0,0,F11MO
40,Molenlei 59,2022-02-11,02:00:00,4,2,2,F11MO
40,Molenlei 59,2022-02-11,03:00:00,0,0,0,F11MO
40,Molenlei 59,2022-02-11,04:00:00,8,8,0,F11MO
40,Molenlei 59,2022-02-11,05:00:00,28,16,12,F11MO
40,Molenlei 59,2022-02-11,06:00:00,72,50,22,F11MO
40,Molenlei 59,2022-02-11,07:00:00,212,130,82,F11MO
40,Molenlei 59,2022-02-11,08:00:00,344,200,144,F11MO
40,Molenlei 59,2022-02-11,09:00:00,100,50,50,F11MO
40,Molenlei 59,2022-02-11,10:00:00,98,38,60,F11MO
40,Molenlei 59,2022-02-11,11:00:00,106,66,40,F11MO
40,Molenlei 59,2022-02-11,12:00:00,176,96,80,F11MO
40,Molenlei 59,2022-02-11,13:00:00,176,72,104,F11MO
40,Molenlei 59,2022-02-11,14:00:00,172,74,98,F11MO
40,Molenlei 59,2022-02-11,15:00:00,304,130,174,F11MO
40,Molenlei 59,2022-02-11,16:00:00,362,134,228,F11MO
40,Molenlei 59,2022-02-11,17:00:00,204,70,134,F11MO
40,Molenlei 59,2022-02-11,18:00:00,156,58,98,F11MO
40,Molenlei 59,2022-02-11,19:00:00,94,42,52,F11MO
40,Molenlei 59,2022-02-11,20:00:00,54,36,18,F11MO
40,Molenlei 59,2022-02-11,21:00:00,22,8,14,F11MO
40,Molenlei 59,2022-02-11,22:00:00,50,22,28,F11MO
40,Molenlei 59,2022-02-11,23:00:00,20,6,14,F11MO
40,Molenlei 59,2022-02-12,00:00:00,30,20,10,F11MO
40,Molenlei 59,2022-02-12,01:00:00,10,2,8,F11MO
40,Molenlei 59,2022-02-12,02:00:00,18,10,8,F11MO
40,Molenlei 59,2022-02-12,03:00:00,8,8,0,F11MO
40,Molenlei 59,2022-02-12,04:00:00,4,4,0,F11MO
40,Molenlei 59,2022-02-12,05:00:00,14,8,6,F11MO
40,Molenlei 59,2022-02-12,06:00:00,12,6,6,F11MO
40,Molenlei 59,2022-02-12,07:00:00,18,6,12,F11MO
40,Molenlei 59,2022-02-12,08:00:00,38,16,22,F11MO
40,Molenlei 59,2022-02-12,09:00:00,84,24,60,F11MO
40,Molenlei 59,2022-02-12,10:00:00,172,74,98,F11MO
40,Molenlei 59,2022-02-12,11:00:00,208,98,110,F11MO
40,Molenlei 59,2022-02-12,12:00:00,186,116,70,F11MO
40,Molenlei 59,2022-02-12,13:00:00,240,126,114,F11MO
40,Molenlei 59,2022-02-12,14:00:00,260,120,140,F11MO
40,Molenlei 59,2022-02-12,15:00:00,302,172,130,F11MO
40,Molenlei 59,2022-02-12,16:00:00,198,124,74,F11MO
40,Molenlei 59,2022-02-12,17:00:00,160,90,70,F11MO
40,Molenlei 59,2022-02-12,18:00:00,108,74,34,F11MO
40,Molenlei 59,2022-02-12,19:00:00,60,26,34,F11MO
40,Molenlei 59,2022-02-12,20:00:00,30,16,14,F11MO
40,Molenlei 59,2022-02-12,21:00:00,18,4,14,F11MO
40,Molenlei 59,2022-02-12,22:00:00,16,6,10,F11MO
40,Molenlei 59,2022-02-12,23:00:00,14,4,10,F11MO
40,Molenlei 59,2022-02-13,00:00:00,38,6,32,F11MO
40,Molenlei 59,2022-02-13,01:00:00,10,6,4,F11MO
40,Molenlei 59,2022-02-13,02:00:00,10,0,10,F11MO
40,Molenlei 59,2022-02-13,03:00:00,0,0,0,F11MO
40,Molenlei 59,2022-02-13,04:00:00,6,0,6,F11MO
40,Molenlei 59,2022-02-13,05:00:00,10,4,6,F11MO
40,Molenlei 59,2022-02-13,06:00:00,30,14,16,F11MO
40,Molenlei 59,2022-02-13,07:00:00,36,14,22,F11MO
40,Molenlei 59,2022-02-13,08:00:00,90,34,56,F11MO
40,Molenlei 59,2022-02-13,09:00:00,204,78,126,F11MO
40,Molenlei 59,2022-02-13,10:00:00,236,90,146,F11MO
40,Molenlei 59,2022-02-13,11:00:00,196,76,120,F11MO
40,Molenlei 59,2022-02-13,12:00:00,208,118,90,F11MO
40,Molenlei 59,2022-02-13,13:00:00,264,148,116,F11MO
40,Molenlei 59,2022-02-13,14:00:00,238,116,122,F11MO
40,Molenlei 59,2022-02-13,15:00:00,236,118,118,F11MO
40,Molenlei 59,2022-02-13,16:00:00,174,108,66,F11MO
40,Molenlei 59,2022-02-13,17:00:00,126,80,46,F11MO
40,Molenlei 59,2022-02-13,18:00:00,68,38,30,F11MO
40,Molenlei 59,2022-02-13,19:00:00,60,28,32,F11MO
40,Molenlei 59,2022-02-13,20:00:00,46,24,22,F11MO
40,Molenlei 59,2022-02-13,21:00:00,28,8,20,F11MO
40,Molenlei 59,2022-02-13,22:00:00,12,4,8,F11MO
40,Molenlei 59,2022-02-13,23:00:00,10,4,6,F11MO
40,Molenlei 59,2022-02-14,00:00:00,0,0,0,F11MO
40,Molenlei 59,2022-02-14,01:00:00,0,0,0,F11MO
40,Molenlei 59,2022-02-14,02:00:00,2,0,2,F11MO
40,Molenlei 59,2022-02-14,03:00:00,2,2,0,F11MO
40,Molenlei 59,2022-02-14,04:00:00,4,4,0,F11MO
40,Molenlei 59,2022-02-14,05:00:00,24,14,10,F11MO
40,Molenlei 59,2022-02-14,06:00:00,74,52,22,F11MO
40,Molenlei 59,2022-02-14,07:00:00,242,148,94,F11MO
40,Molenlei 59,2022-02-14,08:00:00,326,202,124,F11MO
40,Molenlei 59,2022-02-14,09:00:00,64,34,30,F11MO
40,Molenlei 59,2022-02-14,10:00:00,70,42,28,F11MO
40,Molenlei 59,2022-02-14,11:00:00,62,26,36,F11MO
40,Molenlei 59,2022-02-14,12:00:00,92,62,30,F11MO
40,Molenlei 59,2022-02-14,13:00:00,80,42,38,F11MO
40,Molenlei 59,2022-02-14,14:00:00,108,58,50,F11MO
40,Molenlei 59,2022-02-14,15:00:00,236,72,164,F11MO
40,Molenlei 59,2022-02-14,16:00:00,298,96,202,F11MO
40,Molenlei 59,2022-02-14,17:00:00,244,102,142,F11MO
40,Molenlei 59,2022-02-14,18:00:00,122,60,62,F11MO
40,Molenlei 59,2022-02-14,19:00:00,54,28,26,F11MO
40,Molenlei 59,2022-02-14,20:00:00,52,24,28,F11MO
40,Molenlei 59,2022-02-14,21:00:00,38,22,16,F11MO
40,Molenlei 59,2022-02-14,22:00:00,34,8,26,F11MO
40,Molenlei 59,2022-02-14,23:00:00,10,2,8,F11MO
40,Molenlei 59,2022-02-15,00:00:00,0,0,0,F11MO
40,Molenlei 59,2022-02-15,01:00:00,2,0,2,F11MO
40,Molenlei 59,2022-02-15,02:00:00,0,0,0,F11MO
40,Molenlei 59,2022-02-15,03:00:00,0,0,0,F11MO
40,Molenlei 59,2022-02-15,04:00:00,8,6,2,F11MO
40,Molenlei 59,2022-02-15,05:00:00,34,22,12,F11MO
40,Molenlei 59,2022-02-15,06:00:00,84,52,32,F11MO
40,Molenlei 59,2022-02-15,07:00:00,230,144,86,F11MO
40,Molenlei 59,2022-02-15,08:00:00,346,198,148,F11MO
40,Molenlei 59,2022-02-15,09:00:00,100,54,46,F11MO
40,Molenlei 59,2022-02-15,10:00:00,94,36,58,F11MO
40,Molenlei 59,2022-02-15,11:00:00,104,58,46,F11MO
40,Molenlei 59,2022-02-15,12:00:00,142,70,72,F11MO
40,Molenlei 59,2022-02-15,13:00:00,120,54,66,F11MO
40,Molenlei 59,2022-02-15,14:00:00,104,44,60,F11MO
40,Molenlei 59,2022-02-15,15:00:00,244,88,156,F11MO
40,Molenlei 59,2022-02-15,16:00:00,324,116,208,F11MO
40,Molenlei 59,2022-02-15,17:00:00,178,84,94,F11MO
40,Molenlei 59,2022-02-15,18:00:00,60,14,46,F11MO
40,Molenlei 59,2022-02-15,19:00:00,50,18,32,F11MO
40,Molenlei 59,2022-02-15,20:00:00,36,10,26,F11MO
40,Molenlei 59,2022-02-15,21:00:00,14,4,10,F11MO
40,Molenlei 59,2022-02-15,22:00:00,42,16,26,F11MO
40,Molenlei 59,2022-02-15,23:00:00,18,4,14,F11MO
40,Molenlei 59,2022-02-16,00:00:00,12,8,4,F11MO
40,Molenlei 59,2022-02-16,01:00:00,0,0,0,F11MO
40,Molenlei 59,2022-02-16,02:00:00,2,2,0,F11MO
40,Molenlei 59,2022-02-16,03:00:00,2,0,2,F11MO
40,Molenlei 59,2022-02-16,04:00:00,10,10,0,F11MO
40,Molenlei 59,2022-02-16,05:00:00,18,8,10,F11MO
40,Molenlei 59,2022-02-16,06:00:00,44,26,18,F11MO
40,Molenlei 59,2022-02-16,07:00:00,244,132,112,F11MO
40,Molenlei 59,2022-02-16,08:00:00,230,150,80,F11MO
40,Molenlei 59,2022-02-16,09:00:00,98,48,50,F11MO
40,Molenlei 59,2022-02-16,10:00:00,80,40,40,F11MO
40,Molenlei 59,2022-02-16,11:00:00,156,60,96,F11MO
40,Molenlei 59,2022-02-16,12:00:00,230,90,140,F11MO
40,Molenlei 59,2022-02-16,13:00:00,142,60,82,F11MO
40,Molenlei 59,2022-02-16,14:00:00,124,52,72,F11MO
40,Molenlei 59,2022-02-16,15:00:00,116,50,66,F11MO
40,Molenlei 59,2022-02-16,16:00:00,190,98,92,F11MO
40,Molenlei 59,2022-02-16,17:00:00,152,66,86,F11MO
40,Molenlei 59,2022-02-16,18:00:00,138,72,66,F11MO
40,Molenlei 59,2022-02-16,19:00:00,66,26,40,F11MO
40,Molenlei 59,2022-02-16,20:00:00,22,14,8,F11MO
40,Molenlei 59,2022-02-16,21:00:00,18,8,10,F11MO
40,Molenlei 59,2022-02-16,22:00:00,36,2,34,F11MO
40,Molenlei 59,2022-02-16,23:00:00,6,2,4,F11MO
40,Molenlei 59,2022-02-17,00:00:00,4,2,2,F11MO
40,Molenlei 59,2022-02-17,01:00:00,0,0,0,F11MO
40,Molenlei 59,2022-02-17,02:00:00,2,0,2,F11MO
40,Molenlei 59,2022-02-17,03:00:00,0,0,0,F11MO
40,Molenlei 59,2022-02-17,04:00:00,8,8,0,F11MO
40,Molenlei 59,2022-02-17,05:00:00,28,18,10,F11MO
40,Molenlei 59,2022-02-17,06:00:00,56,36,20,F11MO
40,Molenlei 59,2022-02-17,07:00:00,246,138,108,F11MO
40,Molenlei 59,2022-02-17,08:00:00,308,188,120,F11MO
40,Molenlei 59,2022-02-17,09:00:00,116,42,74,F11MO
40,Molenlei 59,2022-02-17,10:00:00,64,34,30,F11MO
40,Molenlei 59,2022-02-17,11:00:00,82,40,42,F11MO
40,Molenlei 59,2022-02-17,12:00:00,148,82,66,F11MO
40,Molenlei 59,2022-02-17,13:00:00,132,72,60,F11MO
40,Molenlei 59,2022-02-17,14:00:00,122,50,72,F11MO
40,Molenlei 59,2022-02-17,15:00:00,198,74,124,F11MO
40,Molenlei 59,2022-02-17,16:00:00,302,132,170,F11MO
40,Molenlei 59,2022-02-17,17:00:00,200,80,120,F11MO
40,Molenlei 59,2022-02-17,18:00:00,150,54,96,F11MO
40,Molenlei 59,2022-02-17,19:00:00,86,32,54,F11MO
40,Molenlei 59,2022-02-17,20:00:00,36,14,22,F11MO
40,Molenlei 59,2022-02-17,21:00:00,30,20,10,F11MO
40,Molenlei 59,2022-02-17,22:00:00,32,8,24,F11MO
40,Molenlei 59,2022-02-17,23:00:00,8,0,8,F11MO
40,Molenlei 59,2022-02-18,00:00:00,4,2,2,F11MO
40,Molenlei 59,2022-02-18,01:00:00,8,6,2,F11MO
40,Molenlei 59,2022-02-18,02:00:00,0,0,0,F11MO
40,Molenlei 59,2022-02-18,03:00:00,6,4,2,F11MO
40,Molenlei 59,2022-02-18,04:00:00,6,6,0,F11MO
40,Molenlei 59,2022-02-18,05:00:00,20,14,6,F11MO
40,Molenlei 59,2022-02-18,06:00:00,38,18,20,F11MO
40,Molenlei 59,2022-02-18,07:00:00,136,78,58,F11MO
40,Molenlei 59,2022-02-18,08:00:00,222,130,92,F11MO
40,Molenlei 59,2022-02-18,09:00:00,44,26,18,F11MO
40,Molenlei 59,2022-02-18,10:00:00,94,40,54,F11MO
40,Molenlei 59,2022-02-18,11:00:00,54,26,28,F11MO
40,Molenlei 59,2022-02-18,12:00:00,172,66,106,F11MO
40,Molenlei 59,2022-02-18,13:00:00,108,50,58,F11MO
40,Molenlei 59,2022-02-18,14:00:00,54,18,36,F11MO
40,Molenlei 59,2022-02-18,15:00:00,24,6,18,F11MO
40,Molenlei 59,2022-02-18,16:00:00,30,4,26,F11MO
40,Molenlei 59,2022-02-18,17:00:00,42,12,30,F11MO
40,Molenlei 59,2022-02-18,18:00:00,36,12,24,F11MO
40,Molenlei 59,2022-02-18,19:00:00,28,10,18,F11MO
40,Molenlei 59,2022-02-18,20:00:00,24,2,22,F11MO
40,Molenlei 59,2022-02-18,21:00:00,6,2,4,F11MO
40,Molenlei 59,2022-02-18,22:00:00,8,4,4,F11MO
40,Molenlei 59,2022-02-18,23:00:00,16,0,16,F11MO
40,Molenlei 59,2022-02-19,00:00:00,26,12,14,F11MO
40,Molenlei 59,2022-02-19,01:00:00,8,6,2,F11MO
40,Molenlei 59,2022-02-19,02:00:00,16,14,2,F11MO
40,Molenlei 59,2022-02-19,03:00:00,10,6,4,F11MO
40,Molenlei 59,2022-02-19,04:00:00,12,4,8,F11MO
40,Molenlei 59,2022-02-19,05:00:00,10,8,2,F11MO
40,Molenlei 59,2022-02-19,06:00:00,18,6,12,F11MO
40,Molenlei 59,2022-02-19,07:00:00,14,4,10,F11MO
40,Molenlei 59,2022-02-19,08:00:00,70,24,46,F11MO
40,Molenlei 59,2022-02-19,09:00:00,80,26,54,F11MO
40,Molenlei 59,2022-02-19,10:00:00,142,52,90,F11MO
40,Molenlei 59,2022-02-19,11:00:00,174,102,72,F11MO
40,Molenlei 59,2022-02-19,12:00:00,188,106,82,F11MO
40,Molenlei 59,2022-02-19,13:00:00,142,76,66,F11MO
40,Molenlei 59,2022-02-19,14:00:00,164,82,82,F11MO
40,Molenlei 59,2022-02-19,15:00:00,94,58,36,F11MO
40,Molenlei 59,2022-02-19,16:00:00,82,48,34,F11MO
40,Molenlei 59,2022-02-19,17:00:00,94,56,38,F11MO
40,Molenlei 59,2022-02-19,18:00:00,36,18,18,F11MO
40,Molenlei 59,2022-02-19,19:00:00,14,8,6,F11MO
40,Molenlei 59,2022-02-19,20:00:00,30,22,8,F11MO
40,Molenlei 59,2022-02-19,21:00:00,30,12,18,F11MO
40,Molenlei 59,2022-02-19,22:00:00,16,8,8,F11MO
40,Molenlei 59,2022-02-19,23:00:00,8,4,4,F11MO
40,Molenlei 59,2022-02-20,00:00:00,10,6,4,F11MO
40,Molenlei 59,2022-02-20,01:00:00,6,2,4,F11MO
40,Molenlei 59,2022-02-20,02:00:00,8,4,4,F11MO
40,Molenlei 59,2022-02-20,03:00:00,6,0,6,F11MO
40,Molenlei 59,2022-02-20,04:00:00,0,0,0,F11MO
40,Molenlei 59,2022-02-20,05:00:00,6,2,4,F11MO
40,Molenlei 59,2022-02-20,06:00:00,10,6,4,F11MO
40,Molenlei 59,2022-02-20,07:00:00,6,0,6,F11MO
40,Molenlei 59,2022-02-20,08:00:00,32,20,12,F11MO
40,Molenlei 59,2022-02-20,09:00:00,80,30,50,F11MO
40,Molenlei 59,2022-02-20,10:00:00,102,50,52,F11MO
40,Molenlei 59,2022-02-20,11:00:00,54,28,26,F11MO
40,Molenlei 59,2022-02-20,12:00:00,78,40,38,F11MO
40,Molenlei 59,2022-02-20,13:00:00,44,26,18,F11MO
40,Molenlei 59,2022-02-20,14:00:00,22,6,16,F11MO
40,Molenlei 59,2022-02-20,15:00:00,30,18,12,F11MO
40,Molenlei 59,2022-02-20,16:00:00,36,14,22,F11MO
40,Molenlei 59,2022-02-20,17:00:00,12,8,4,F11MO
40,Molenlei 59,2022-02-20,18:00:00,20,16,4,F11MO
40,Molenlei 59,2022-02-20,19:00:00,14,8,6,F11MO
40,Molenlei 59,2022-02-20,20:00:00,8,6,2,F11MO
40,Molenlei 59,2022-02-20,21:00:00,4,0,4,F11MO
40,Molenlei 59,2022-02-20,22:00:00,6,0,6,F11MO
40,Molenlei 59,2022-02-20,23:00:00,6,4,2,F11MO
40,Molenlei 59,2022-02-21,00:00:00,0,0,0,F11MO
40,Molenlei 59,2022-02-21,01:00:00,0,0,0,F11MO
40,Molenlei 59,2022-02-21,02:00:00,0,0,0,F11MO
40,Molenlei 59,2022-02-21,03:00:00,0,0,0,F11MO
40,Molenlei 59,2022-02-21,04:00:00,2,2,0,F11MO
40,Molenlei 59,2022-02-21,05:00:00,38,26,12,F11MO
40,Molenlei 59,2022-02-21,06:00:00,34,26,8,F11MO
40,Molenlei 59,2022-02-21,07:00:00,180,106,74,F11MO
40,Molenlei 59,2022-02-21,08:00:00,238,130,108,F11MO
40,Molenlei 59,2022-02-21,09:00:00,74,42,32,F11MO
40,Molenlei 59,2022-02-21,10:00:00,40,16,24,F11MO
40,Molenlei 59,2022-02-21,11:00:00,24,16,8,F11MO
40,Molenlei 59,2022-02-21,12:00:00,64,38,26,F11MO
40,Molenlei 59,2022-02-21,13:00:00,38,18,20,F11MO
40,Molenlei 59,2022-02-21,14:00:00,30,10,20,F11MO
40,Molenlei 59,2022-02-21,15:00:00,182,50,132,F11MO
40,Molenlei 59,2022-02-21,16:00:00,196,60,136,F11MO
40,Molenlei 59,2022-02-21,17:00:00,144,58,86,F11MO
40,Molenlei 59,2022-02-21,18:00:00,94,36,58,F11MO
40,Molenlei 59,2022-02-21,19:00:00,74,34,40,F11MO
40,Molenlei 59,2022-02-21,20:00:00,54,28,26,F11MO
40,Molenlei 59,2022-02-21,21:00:00,44,24,20,F11MO
40,Molenlei 59,2022-02-21,22:00:00,30,18,12,F11MO
40,Molenlei 59,2022-02-21,23:00:00,6,2,4,F11MO
40,Molenlei 59,2022-02-22,00:00:00,2,2,0,F11MO
40,Molenlei 59,2022-02-22,01:00:00,0,0,0,F11MO
40,Molenlei 59,2022-02-22,02:00:00,0,0,0,F11MO
40,Molenlei 59,2022-02-22,03:00:00,2,2,0,F11MO
40,Molenlei 59,2022-02-22,04:00:00,8,6,2,F11MO
40,Molenlei 59,2022-02-22,05:00:00,40,28,12,F11MO
40,Molenlei 59,2022-02-22,06:00:00,72,48,24,F11MO
40,Molenlei 59,2022-02-22,07:00:00,218,138,80,F11MO
40,Molenlei 59,2022-02-22,08:00:00,312,192,120,F11MO
40,Molenlei 59,2022-02-22,09:00:00,98,50,48,F11MO
40,Molenlei 59,2022-02-22,10:00:00,82,46,36,F11MO
40,Molenlei 59,2022-02-22,11:00:00,68,38,30,F11MO
40,Molenlei 59,2022-02-22,12:00:00,98,58,40,F11MO
40,Molenlei 59,2022-02-22,13:00:00,66,32,34,F11MO
40,Molenlei 59,2022-02-22,14:00:00,112,40,72,F11MO
40,Molenlei 59,2022-02-22,15:00:00,178,58,120,F11MO
40,Molenlei 59,2022-02-22,16:00:00,270,88,182,F11MO
40,Molenlei 59,2022-02-22,17:00:00,164,40,124,F11MO
40,Molenlei 59,2022-02-22,18:00:00,124,46,78,F11MO
40,Molenlei 59,2022-02-22,19:00:00,36,6,30,F11MO
40,Molenlei 59,2022-02-22,20:00:00,44,20,24,F11MO
40,Molenlei 59,2022-02-22,21:00:00,22,10,12,F11MO
40,Molenlei 59,2022-02-22,22:00:00,50,10,40,F11MO
40,Molenlei 59,2022-02-22,23:00:00,32,22,10,F11MO
40,Molenlei 59,2022-02-23,00:00:00,12,10,2,F11MO
40,Molenlei 59,2022-02-23,01:00:00,24,20,4,F11MO
40,Molenlei 59,2022-02-23,02:00:00,4,2,2,F11MO
40,Molenlei 59,2022-02-23,03:00:00,8,4,4,F11MO
40,Molenlei 59,2022-02-23,04:00:00,8,8,0,F11MO
40,Molenlei 59,2022-02-23,05:00:00,46,28,18,F11MO
40,Molenlei 59,2022-02-23,06:00:00,84,58,26,F11MO
40,Molenlei 59,2022-02-23,07:00:00,286,188,98,F11MO
40,Molenlei 59,2022-02-23,08:00:00,348,234,114,F11MO
40,Molenlei 59,2022-02-23,09:00:00,166,80,86,F11MO
40,Molenlei 59,2022-02-23,10:00:00,186,98,88,F11MO
40,Molenlei 59,2022-02-23,11:00:00,230,116,114,F11MO
40,Molenlei 59,2022-02-23,12:00:00,328,144,184,F11MO
40,Molenlei 59,2022-02-23,13:00:00,332,150,182,F11MO
40,Molenlei 59,2022-02-23,14:00:00,298,128,170,F11MO
40,Molenlei 59,2022-02-23,15:00:00,238,116,122,F11MO
40,Molenlei 59,2022-02-23,16:00:00,354,140,214,F11MO
40,Molenlei 59,2022-02-23,17:00:00,336,136,200,F11MO
40,Molenlei 59,2022-02-23,18:00:00,176,80,96,F11MO
40,Molenlei 59,2022-02-23,19:00:00,78,30,48,F11MO
40,Molenlei 59,2022-02-23,20:00:00,70,36,34,F11MO
40,Molenlei 59,2022-02-23,21:00:00,26,8,18,F11MO
40,Molenlei 59,2022-02-23,22:00:00,40,8,32,F11MO
40,Molenlei 59,2022-02-23,23:00:00,12,6,6,F11MO
40,Molenlei 59,2022-02-24,00:00:00,8,6,2,F11MO
40,Molenlei 59,2022-02-24,01:00:00,10,0,10,F11MO
40,Molenlei 59,2022-02-24,02:00:00,6,6,0,F11MO
40,Molenlei 59,2022-02-24,03:00:00,0,0,0,F11MO
40,Molenlei 59,2022-02-24,04:00:00,10,8,2,F11MO
40,Molenlei 59,2022-02-24,05:00:00,46,26,20,F11MO
40,Molenlei 59,2022-02-24,06:00:00,78,62,16,F11MO
40,Molenlei 59,2022-02-24,07:00:00,272,166,106,F11MO
40,Molenlei 59,2022-02-24,08:00:00,344,214,130,F11MO
40,Molenlei 59,2022-02-24,09:00:00,122,56,66,F11MO
40,Molenlei 59,2022-02-24,10:00:00,88,44,44,F11MO
40,Molenlei 59,2022-02-24,11:00:00,76,38,38,F11MO
40,Molenlei 59,2022-02-24,12:00:00,102,48,54,F11MO
40,Molenlei 59,2022-02-24,13:00:00,82,46,36,F11MO
40,Molenlei 59,2022-02-24,14:00:00,54,20,34,F11MO
40,Molenlei 59,2022-02-24,15:00:00,154,52,102,F11MO
40,Molenlei 59,2022-02-24,16:00:00,308,104,204,F11MO
40,Molenlei 59,2022-02-24,17:00:00,228,80,148,F11MO
40,Molenlei 59,2022-02-24,18:00:00,96,30,66,F11MO
40,Molenlei 59,2022-02-24,19:00:00,54,22,32,F11MO
40,Molenlei 59,2022-02-24,20:00:00,20,10,10,F11MO
40,Molenlei 59,2022-02-24,21:00:00,26,14,12,F11MO
40,Molenlei 59,2022-02-24,22:00:00,24,0,24,F11MO
40,Molenlei 59,2022-02-24,23:00:00,14,4,10,F11MO
40,Molenlei 59,2022-02-25,00:00:00,6,4,2,F11MO
40,Molenlei 59,2022-02-25,01:00:00,4,2,2,F11MO
40,Molenlei 59,2022-02-25,02:00:00,2,0,2,F11MO
40,Molenlei 59,2022-02-25,03:00:00,0,0,0,F11MO
40,Molenlei 59,2022-02-25,04:00:00,10,8,2,F11MO
40,Molenlei 59,2022-02-25,05:00:00,32,14,18,F11MO
40,Molenlei 59,2022-02-25,06:00:00,46,34,12,F11MO
40,Molenlei 59,2022-02-25,07:00:00,200,126,74,F11MO
40,Molenlei 59,2022-02-25,08:00:00,280,158,122,F11MO
40,Molenlei 59,2022-02-25,09:00:00,100,52,48,F11MO
40,Molenlei 59,2022-02-25,10:00:00,134,54,80,F11MO
40,Molenlei 59,2022-02-25,11:00:00,90,36,54,F11MO
40,Molenlei 59,2022-02-25,12:00:00,138,64,74,F11MO
40,Molenlei 59,2022-02-25,13:00:00,82,36,46,F11MO
40,Molenlei 59,2022-02-25,14:00:00,106,38,68,F11MO
40,Molenlei 59,2022-02-25,15:00:00,218,84,134,F11MO
40,Molenlei 59,2022-02-25,16:00:00,272,110,162,F11MO
40,Molenlei 59,2022-02-25,17:00:00,226,84,142,F11MO
40,Molenlei 59,2022-02-25,18:00:00,150,54,96,F11MO
40,Molenlei 59,2022-02-25,19:00:00,80,36,44,F11MO
40,Molenlei 59,2022-02-25,20:00:00,74,34,40,F11MO
40,Molenlei 59,2022-02-25,21:00:00,34,18,16,F11MO
40,Molenlei 59,2022-02-25,22:00:00,42,16,26,F11MO
40,Molenlei 59,2022-02-25,23:00:00,14,0,14,F11MO
40,Molenlei 59,2022-02-26,00:00:00,14,6,8,F11MO
40,Molenlei 59,2022-02-26,01:00:00,18,8,10,F11MO
40,Molenlei 59,2022-02-26,02:00:00,16,6,10,F11MO
40,Molenlei 59,2022-02-26,03:00:00,4,2,2,F11MO
40,Molenlei 59,2022-02-26,04:00:00,6,2,4,F11MO
40,Molenlei 59,2022-02-26,05:00:00,22,8,14,F11MO
40,Molenlei 59,2022-02-26,06:00:00,8,0,8,F11MO
40,Molenlei 59,2022-02-26,07:00:00,20,6,14,F11MO
40,Molenlei 59,2022-02-26,08:00:00,52,22,30,F11MO
40,Molenlei 59,2022-02-26,09:00:00,92,30,62,F11MO
40,Molenlei 59,2022-02-26,10:00:00,186,72,114,F11MO
40,Molenlei 59,2022-02-26,11:00:00,218,112,106,F11MO
40,Molenlei 59,2022-02-26,12:00:00,222,124,98,F11MO
40,Molenlei 59,2022-02-26,13:00:00,254,116,138,F11MO
40,Molenlei 59,2022-02-26,14:00:00,296,126,170,F11MO
40,Molenlei 59,2022-02-26,15:00:00,254,150,104,F11MO
40,Molenlei 59,2022-02-26,16:00:00,178,104,74,F11MO
40,Molenlei 59,2022-02-26,17:00:00,142,84,58,F11MO
40,Molenlei 59,2022-02-26,18:00:00,90,52,38,F11MO
40,Molenlei 59,2022-02-26,19:00:00,50,20,30,F11MO
40,Molenlei 59,2022-02-26,20:00:00,38,16,22,F11MO
40,Molenlei 59,2022-02-26,21:00:00,28,8,20,F11MO
40,Molenlei 59,2022-02-26,22:00:00,40,10,30,F11MO
40,Molenlei 59,2022-02-26,23:00:00,14,2,12,F11MO
40,Molenlei 59,2022-02-27,00:00:00,20,8,12,F11MO
40,Molenlei 59,2022-02-27,01:00:00,14,8,6,F11MO
40,Molenlei 59,2022-02-27,02:00:00,8,0,8,F11MO
40,Molenlei 59,2022-02-27,03:00:00,6,2,4,F11MO
40,Molenlei 59,2022-02-27,04:00:00,10,6,4,F11MO
40,Molenlei 59,2022-02-27,05:00:00,10,8,2,F11MO
40,Molenlei 59,2022-02-27,06:00:00,10,4,6,F11MO
40,Molenlei 59,2022-02-27,07:00:00,44,16,28,F11MO
40,Molenlei 59,2022-02-27,08:00:00,54,20,34,F11MO
40,Molenlei 59,2022-02-27,09:00:00,244,110,134,F11MO
40,Molenlei 59,2022-02-27,10:00:00,248,66,182,F11MO
40,Molenlei 59,2022-02-27,11:00:00,332,184,148,F11MO
40,Molenlei 59,2022-02-27,12:00:00,258,142,116,F11MO
40,Molenlei 59,2022-02-27,13:00:00,334,130,204,F11MO
40,Molenlei 59,2022-02-27,14:00:00,312,124,188,F11MO
40,Molenlei 59,2022-02-27,15:00:00,264,182,82,F11MO
40,Molenlei 59,2022-02-27,16:00:00,240,158,82,F11MO
40,Molenlei 59,2022-02-27,17:00:00,154,84,70,F11MO
40,Molenlei 59,2022-02-27,18:00:00,98,44,54,F11MO
40,Molenlei 59,2022-02-27,19:00:00,64,34,30,F11MO
40,Molenlei 59,2022-02-27,20:00:00,44,18,26,F11MO
40,Molenlei 59,2022-02-27,21:00:00,20,14,6,F11MO
40,Molenlei 59,2022-02-27,22:00:00,32,10,22,F11MO
40,Molenlei 59,2022-02-27,23:00:00,2,0,2,F11MO
40,Molenlei 59,2022-02-28,00:00:00,6,0,6,F11MO
40,Molenlei 59,2022-02-28,01:00:00,2,0,2,F11MO
40,Molenlei 59,2022-02-28,02:00:00,2,0,2,F11MO
40,Molenlei 59,2022-02-28,03:00:00,0,0,0,F11MO
40,Molenlei 59,2022-02-28,04:00:00,6,6,0,F11MO
40,Molenlei 59,2022-02-28,05:00:00,26,16,10,F11MO
40,Molenlei 59,2022-02-28,06:00:00,70,48,22,F11MO
40,Molenlei 59,2022-02-28,07:00:00,178,118,60,F11MO
40,Molenlei 59,2022-02-28,08:00:00,246,134,112,F11MO
40,Molenlei 59,2022-02-28,09:00:00,132,76,56,F11MO
40,Molenlei 59,2022-02-28,10:00:00,106,44,62,F11MO
40,Molenlei 59,2022-02-28,11:00:00,156,74,82,F11MO
40,Molenlei 59,2022-02-28,12:00:00,158,86,72,F11MO
40,Molenlei 59,2022-02-28,13:00:00,214,98,116,F11MO
40,Molenlei 59,2022-02-28,14:00:00,210,106,104,F11MO
40,Molenlei 59,2022-02-28,15:00:00,220,106,114,F11MO
40,Molenlei 59,2022-02-28,16:00:00,318,160,158,F11MO
40,Molenlei 59,2022-02-28,17:00:00,314,122,192,F11MO
40,Molenlei 59,2022-02-28,18:00:00,202,86,116,F11MO
40,Molenlei 59,2022-02-28,19:00:00,66,36,30,F11MO
40,Molenlei 59,2022-02-28,20:00:00,38,18,20,F11MO
40,Molenlei 59,2022-02-28,21:00:00,24,12,12,F11MO
40,Molenlei 59,2022-02-28,22:00:00,38,8,30,F11MO
40,Molenlei 59,2022-02-28,23:00:00,2,0,2,F11MO
40,Molenlei 59,2022-03-01,00:00:00,6,2,4,F11MO
40,Molenlei 59,2022-03-01,01:00:00,0,0,0,F11MO
40,Molenlei 59,2022-03-01,02:00:00,0,0,0,F11MO
40,Molenlei 59,2022-03-01,03:00:00,0,0,0,F11MO
40,Molenlei 59,2022-03-01,04:00:00,8,6,2,F11MO
40,Molenlei 59,2022-03-01,05:00:00,34,16,18,F11MO
40,Molenlei 59,2022-03-01,06:00:00,88,64,24,F11MO
40,Molenlei 59,2022-03-01,07:00:00,188,142,46,F11MO
40,Molenlei 59,2022-03-01,08:00:00,224,124,100,F11MO
40,Molenlei 59,2022-03-01,09:00:00,86,42,44,F11MO
40,Molenlei 59,2022-03-01,10:00:00,64,40,24,F11MO
40,Molenlei 59,2022-03-01,11:00:00,84,42,42,F11MO
40,Molenlei 59,2022-03-01,12:00:00,92,56,36,F11MO
40,Molenlei 59,2022-03-01,13:00:00,112,66,46,F11MO
40,Molenlei 59,2022-03-01,14:00:00,134,50,84,F11MO
40,Molenlei 59,2022-03-01,15:00:00,106,48,58,F11MO
40,Molenlei 59,2022-03-01,16:00:00,266,86,180,F11MO
40,Molenlei 59,2022-03-01,17:00:00,238,78,160,F11MO
40,Molenlei 59,2022-03-01,18:00:00,174,60,114,F11MO
40,Molenlei 59,2022-03-01,19:00:00,60,30,30,F11MO
40,Molenlei 59,2022-03-01,20:00:00,54,20,34,F11MO
40,Molenlei 59,2022-03-01,21:00:00,20,6,14,F11MO
40,Molenlei 59,2022-03-01,22:00:00,40,18,22,F11MO
40,Molenlei 59,2022-03-01,23:00:00,10,6,4,F11MO
40,Molenlei 59,2022-03-02,00:00:00,12,2,10,F11MO
40,Molenlei 59,2022-03-02,01:00:00,12,12,0,F11MO
40,Molenlei 59,2022-03-02,02:00:00,0,0,0,F11MO
40,Molenlei 59,2022-03-02,03:00:00,4,4,0,F11MO
40,Molenlei 59,2022-03-02,04:00:00,8,6,2,F11MO
40,Molenlei 59,2022-03-02,05:00:00,34,20,14,F11MO
40,Molenlei 59,2022-03-02,06:00:00,84,50,34,F11MO
40,Molenlei 59,2022-03-02,07:00:00,208,142,66,F11MO
40,Molenlei 59,2022-03-02,08:00:00,214,126,88,F11MO
40,Molenlei 59,2022-03-02,09:00:00,92,46,46,F11MO
40,Molenlei 59,2022-03-02,10:00:00,154,82,72,F11MO
40,Molenlei 59,2022-03-02,11:00:00,120,66,54,F11MO
40,Molenlei 59,2022-03-02,12:00:00,132,52,80,F11MO
40,Molenlei 59,2022-03-02,13:00:00,154,84,70,F11MO
40,Molenlei 59,2022-03-02,14:00:00,210,86,124,F11MO
40,Molenlei 59,2022-03-02,15:00:00,208,106,102,F11MO
40,Molenlei 59,2022-03-02,16:00:00,296,116,180,F11MO
40,Molenlei 59,2022-03-02,17:00:00,284,118,166,F11MO
40,Molenlei 59,2022-03-02,18:00:00,168,72,96,F11MO
40,Molenlei 59,2022-03-02,19:00:00,80,46,34,F11MO
40,Molenlei 59,2022-03-02,20:00:00,48,18,30,F11MO
40,Molenlei 59,2022-03-02,21:00:00,48,10,38,F11MO
40,Molenlei 59,2022-03-02,22:00:00,38,14,24,F11MO
40,Molenlei 59,2022-03-02,23:00:00,16,4,12,F11MO
40,Molenlei 59,2022-03-03,00:00:00,6,2,4,F11MO
40,Molenlei 59,2022-03-03,01:00:00,6,4,2,F11MO
40,Molenlei 59,2022-03-03,02:00:00,0,0,0,F11MO
40,Molenlei 59,2022-03-03,03:00:00,0,0,0,F11MO
40,Molenlei 59,2022-03-03,04:00:00,4,4,0,F11MO
40,Molenlei 59,2022-03-03,05:00:00,40,22,18,F11MO
40,Molenlei 59,2022-03-03,06:00:00,102,76,26,F11MO
40,Molenlei 59,2022-03-03,07:00:00,170,110,60,F11MO
40,Molenlei 59,2022-03-03,08:00:00,248,142,106,F11MO
40,Molenlei 59,2022-03-03,09:00:00,98,54,44,F11MO
40,Molenlei 59,2022-03-03,10:00:00,86,44,42,F11MO
40,Molenlei 59,2022-03-03,11:00:00,126,76,50,F11MO
40,Molenlei 59,2022-03-03,12:00:00,156,86,70,F11MO
40,Molenlei 59,2022-03-03,13:00:00,216,100,116,F11MO
40,Molenlei 59,2022-03-03,14:00:00,272,106,166,F11MO
40,Molenlei 59,2022-03-03,15:00:00,216,106,110,F11MO
40,Molenlei 59,2022-03-03,16:00:00,416,178,238,F11MO
40,Molenlei 59,2022-03-03,17:00:00,318,118,200,F11MO
40,Molenlei 59,2022-03-03,18:00:00,160,54,106,F11MO
40,Molenlei 59,2022-03-03,19:00:00,106,38,68,F11MO
40,Molenlei 59,2022-03-03,20:00:00,42,22,20,F11MO
40,Molenlei 59,2022-03-03,21:00:00,38,12,26,F11MO
40,Molenlei 59,2022-03-03,22:00:00,70,32,38,F11MO
40,Molenlei 59,2022-03-03,23:00:00,22,8,14,F11MO
40,Molenlei 59,2022-03-04,00:00:00,22,16,6,F11MO
40,Molenlei 59,2022-03-04,01:00:00,14,8,6,F11MO
40,Molenlei 59,2022-03-04,02:00:00,2,2,0,F11MO
40,Molenlei 59,2022-03-04,03:00:00,2,0,2,F11MO
40,Molenlei 59,2022-03-04,04:00:00,10,8,2,F11MO
40,Molenlei 59,2022-03-04,05:00:00,28,20,8,F11MO
40,Molenlei 59,2022-03-04,06:00:00,60,36,24,F11MO
40,Molenlei 59,2022-03-04,07:00:00,170,92,78,F11MO
40,Molenlei 59,2022-03-04,08:00:00,194,104,90,F11MO
40,Molenlei 59,2022-03-04,09:00:00,126,60,66,F11MO
40,Molenlei 59,2022-03-04,10:00:00,132,72,60,F11MO
40,Molenlei 59,2022-03-04,11:00:00,144,72,72,F11MO
40,Molenlei 59,2022-03-04,12:00:00,178,80,98,F11MO
40,Molenlei 59,2022-03-04,13:00:00,246,90,156,F11MO
40,Molenlei 59,2022-03-04,14:00:00,282,114,168,F11MO
40,Molenlei 59,2022-03-04,15:00:00,302,180,122,F11MO
40,Molenlei 59,2022-03-04,16:00:00,330,156,174,F11MO
40,Molenlei 59,2022-03-04,17:00:00,284,136,148,F11MO
40,Molenlei 59,2022-03-04,18:00:00,192,68,124,F11MO
40,Molenlei 59,2022-03-04,19:00:00,110,58,52,F11MO
40,Molenlei 59,2022-03-04,20:00:00,64,22,42,F11MO
40,Molenlei 59,2022-03-04,21:00:00,44,20,24,F11MO
40,Molenlei 59,2022-03-04,22:00:00,36,12,24,F11MO
40,Molenlei 59,2022-03-04,23:00:00,18,10,8,F11MO
40,Molenlei 59,2022-03-05,00:00:00,20,2,18,F11MO
40,Molenlei 59,2022-03-05,01:00:00,26,14,12,F11MO
40,Molenlei 59,2022-03-05,02:00:00,10,6,4,F11MO
40,Molenlei 59,2022-03-05,03:00:00,4,2,2,F11MO
40,Molenlei 59,2022-03-05,04:00:00,8,2,6,F11MO
40,Molenlei 59,2022-03-05,05:00:00,16,12,4,F11MO
40,Molenlei 59,2022-03-05,06:00:00,10,4,6,F11MO
40,Molenlei 59,2022-03-05,07:00:00,22,8,14,F11MO
40,Molenlei 59,2022-03-05,08:00:00,62,22,40,F11MO
40,Molenlei 59,2022-03-05,09:00:00,98,32,66,F11MO
40,Molenlei 59,2022-03-05,10:00:00,158,76,82,F11MO
40,Molenlei 59,2022-03-05,11:00:00,206,100,106,F11MO
40,Molenlei 59,2022-03-05,12:00:00,244,108,136,F11MO
40,Molenlei 59,2022-03-05,13:00:00,254,102,152,F11MO
40,Molenlei 59,2022-03-05,14:00:00,368,146,222,F11MO
40,Molenlei 59,2022-03-05,15:00:00,286,172,114,F11MO
40,Molenlei 59,2022-03-05,16:00:00,280,172,108,F11MO
40,Molenlei 59,2022-03-05,17:00:00,160,102,58,F11MO
40,Molenlei 59,2022-03-05,18:00:00,132,72,60,F11MO
40,Molenlei 59,2022-03-05,19:00:00,56,26,30,F11MO
40,Molenlei 59,2022-03-05,20:00:00,42,26,16,F11MO
40,Molenlei 59,2022-03-05,21:00:00,60,28,32,F11MO
40,Molenlei 59,2022-03-05,22:00:00,36,18,18,F11MO
40,Molenlei 59,2022-03-05,23:00:00,26,12,14,F11MO
40,Molenlei 59,2022-03-06,00:00:00,28,10,18,F11MO
40,Molenlei 59,2022-03-06,01:00:00,16,12,4,F11MO
40,Molenlei 59,2022-03-06,02:00:00,6,2,4,F11MO
40,Molenlei 59,2022-03-06,03:00:00,8,2,6,F11MO
40,Molenlei 59,2022-03-06,04:00:00,4,4,0,F11MO
40,Molenlei 59,2022-03-06,05:00:00,20,8,12,F11MO
40,Molenlei 59,2022-03-06,06:00:00,28,12,16,F11MO
40,Molenlei 59,2022-03-06,07:00:00,32,8,24,F11MO
40,Molenlei 59,2022-03-06,08:00:00,80,46,34,F11MO
40,Molenlei 59,2022-03-06,09:00:00,150,40,110,F11MO
40,Molenlei 59,2022-03-06,10:00:00,236,108,128,F11MO
40,Molenlei 59,2022-03-06,11:00:00,252,120,132,F11MO
40,Molenlei 59,2022-03-06,12:00:00,272,174,98,F11MO
40,Molenlei 59,2022-03-06,13:00:00,232,120,112,F11MO
40,Molenlei 59,2022-03-06,14:00:00,330,164,166,F11MO
40,Molenlei 59,2022-03-06,15:00:00,180,96,84,F11MO
40,Molenlei 59,2022-03-06,16:00:00,154,74,80,F11MO
40,Molenlei 59,2022-03-06,17:00:00,176,102,74,F11MO
40,Molenlei 59,2022-03-06,18:00:00,108,54,54,F11MO
40,Molenlei 59,2022-03-06,19:00:00,38,28,10,F11MO
40,Molenlei 59,2022-03-06,20:00:00,38,20,18,F11MO
40,Molenlei 59,2022-03-06,21:00:00,12,10,2,F11MO
40,Molenlei 59,2022-03-06,22:00:00,24,10,14,F11MO
40,Molenlei 59,2022-03-06,23:00:00,6,2,4,F11MO
40,Molenlei 59,2022-03-07,00:00:00,2,0,2,F11MO
40,Molenlei 59,2022-03-07,01:00:00,8,4,4,F11MO
40,Molenlei 59,2022-03-07,02:00:00,0,0,0,F11MO
40,Molenlei 59,2022-03-07,03:00:00,2,2,0,F11MO
40,Molenlei 59,2022-03-07,04:00:00,10,8,2,F11MO
40,Molenlei 59,2022-03-07,05:00:00,38,26,12,F11MO
40,Molenlei 59,2022-03-07,06:00:00,112,80,32,F11MO
40,Molenlei 59,2022-03-07,07:00:00,316,198,118,F11MO
40,Molenlei 59,2022-03-07,08:00:00,392,246,146,F11MO
40,Molenlei 59,2022-03-07,09:00:00,122,68,54,F11MO
40,Molenlei 59,2022-03-07,10:00:00,92,42,50,F11MO
40,Molenlei 59,2022-03-07,11:00:00,84,38,46,F11MO
40,Molenlei 59,2022-03-07,12:00:00,166,96,70,F11MO
40,Molenlei 59,2022-03-07,13:00:00,194,112,82,F11MO
40,Molenlei 59,2022-03-07,14:00:00,156,72,84,F11MO
40,Molenlei 59,2022-03-07,15:00:00,258,94,164,F11MO
40,Molenlei 59,2022-03-07,16:00:00,460,146,314,F11MO
40,Molenlei 59,2022-03-07,17:00:00,324,100,224,F11MO
40,Molenlei 59,2022-03-07,18:00:00,176,72,104,F11MO
40,Molenlei 59,2022-03-07,19:00:00,100,48,52,F11MO
40,Molenlei 59,2022-03-07,20:00:00,42,22,20,F11MO
40,Molenlei 59,2022-03-07,21:00:00,36,26,10,F11MO
40,Molenlei 59,2022-03-07,22:00:00,46,12,34,F11MO
40,Molenlei 59,2022-03-07,23:00:00,6,2,4,F11MO
40,Molenlei 59,2022-03-08,00:00:00,2,2,0,F11MO
40,Molenlei 59,2022-03-08,01:00:00,0,0,0,F11MO
40,Molenlei 59,2022-03-08,02:00:00,0,0,0,F11MO
40,Molenlei 59,2022-03-08,03:00:00,0,0,0,F11MO
40,Molenlei 59,2022-03-08,04:00:00,14,8,6,F11MO
40,Molenlei 59,2022-03-08,05:00:00,38,24,14,F11MO
40,Molenlei 59,2022-03-08,06:00:00,114,78,36,F11MO
40,Molenlei 59,2022-03-08,07:00:00,342,238,104,F11MO
40,Molenlei 59,2022-03-08,08:00:00,460,302,158,F11MO
40,Molenlei 59,2022-03-08,09:00:00,118,52,66,F11MO
40,Molenlei 59,2022-03-08,10:00:00,66,32,34,F11MO
40,Molenlei 59,2022-03-08,11:00:00,84,40,44,F11MO
40,Molenlei 59,2022-03-08,12:00:00,158,76,82,F11MO
40,Molenlei 59,2022-03-08,13:00:00,152,78,74,F11MO
40,Molenlei 59,2022-03-08,14:00:00,158,68,90,F11MO
40,Molenlei 59,2022-03-08,15:00:00,260,106,154,F11MO
40,Molenlei 59,2022-03-08,16:00:00,378,146,232,F11MO
40,Molenlei 59,2022-03-08,17:00:00,366,124,242,F11MO
40,Molenlei 59,2022-03-08,18:00:00,236,112,124,F11MO
40,Molenlei 59,2022-03-08,19:00:00,98,50,48,F11MO
40,Molenlei 59,2022-03-08,20:00:00,62,20,42,F11MO
40,Molenlei 59,2022-03-08,21:00:00,34,12,22,F11MO
40,Molenlei 59,2022-03-08,22:00:00,24,4,20,F11MO
40,Molenlei 59,2022-03-08,23:00:00,14,6,8,F11MO
40,Molenlei 59,2022-03-09,00:00:00,10,0,10,F11MO
40,Molenlei 59,2022-03-09,01:00:00,4,0,4,F11MO
40,Molenlei 59,2022-03-09,02:00:00,0,0,0,F11MO
40,Molenlei 59,2022-03-09,03:00:00,0,0,0,F11MO
40,Molenlei 59,2022-03-09,04:00:00,12,10,2,F11MO
40,Molenlei 59,2022-03-09,05:00:00,42,24,18,F11MO
40,Molenlei 59,2022-03-09,06:00:00,92,64,28,F11MO
40,Molenlei 59,2022-03-09,07:00:00,342,214,128,F11MO
40,Molenlei 59,2022-03-09,08:00:00,334,224,110,F11MO
40,Molenlei 59,2022-03-09,09:00:00,160,74,86,F11MO
40,Molenlei 59,2022-03-09,10:00:00,138,98,40,F11MO
40,Molenlei 59,2022-03-09,11:00:00,196,74,122,F11MO
40,Molenlei 59,2022-03-09,12:00:00,372,148,224,F11MO
40,Molenlei 59,2022-03-09,13:00:00,242,106,136,F11MO
40,Molenlei 59,2022-03-09,14:00:00,340,150,190,F11MO
40,Molenlei 59,2022-03-09,15:00:00,248,110,138,F11MO
40,Molenlei 59,2022-03-09,16:00:00,380,184,196,F11MO
40,Molenlei 59,2022-03-09,17:00:00,372,154,218,F11MO
40,Molenlei 59,2022-03-09,18:00:00,266,138,128,F11MO
40,Molenlei 59,2022-03-09,19:00:00,96,36,60,F11MO
40,Molenlei 59,2022-03-09,20:00:00,52,18,34,F11MO
40,Molenlei 59,2022-03-09,21:00:00,46,24,22,F11MO
40,Molenlei 59,2022-03-09,22:00:00,40,8,32,F11MO
40,Molenlei 59,2022-03-09,23:00:00,18,4,14,F11MO
40,Molenlei 59,2022-03-10,00:00:00,10,2,8,F11MO
40,Molenlei 59,2022-03-10,01:00:00,0,0,0,F11MO
40,Molenlei 59,2022-03-10,02:00:00,0,0,0,F11MO
40,Molenlei 59,2022-03-10,03:00:00,0,0,0,F11MO
40,Molenlei 59,2022-03-10,04:00:00,8,8,0,F11MO
40,Molenlei 59,2022-03-10,05:00:00,50,30,20,F11MO
40,Molenlei 59,2022-03-10,06:00:00,92,68,24,F11MO
40,Molenlei 59,2022-03-10,07:00:00,414,266,148,F11MO
40,Molenlei 59,2022-03-10,08:00:00,416,250,166,F11MO
40,Molenlei 59,2022-03-10,09:00:00,108,56,52,F11MO
40,Molenlei 59,2022-03-10,10:00:00,112,54,58,F11MO
40,Molenlei 59,2022-03-10,11:00:00,134,72,62,F11MO
40,Molenlei 59,2022-03-10,12:00:00,156,88,68,F11MO
40,Molenlei 59,2022-03-10,13:00:00,312,140,172,F11MO
40,Molenlei 59,2022-03-10,14:00:00,342,190,152,F11MO
40,Molenlei 59,2022-03-10,15:00:00,380,152,228,F11MO
40,Molenlei 59,2022-03-10,16:00:00,598,252,346,F11MO
40,Molenlei 59,2022-03-10,17:00:00,474,202,272,F11MO
40,Molenlei 59,2022-03-10,18:00:00,210,98,112,F11MO
40,Molenlei 59,2022-03-10,19:00:00,112,58,54,F11MO
40,Molenlei 59,2022-03-10,20:00:00,64,32,32,F11MO
40,Molenlei 59,2022-03-10,21:00:00,26,12,14,F11MO
40,Molenlei 59,2022-03-10,22:00:00,70,20,50,F11MO
40,Molenlei 59,2022-03-10,23:00:00,40,16,24,F11MO
40,Molenlei 59,2022-03-11,00:00:00,38,20,18,F11MO
40,Molenlei 59,2022-03-11,01:00:00,6,4,2,F11MO
40,Molenlei 59,2022-03-11,02:00:00,2,0,2,F11MO
40,Molenlei 59,2022-03-11,03:00:00,2,2,0,F11MO
40,Molenlei 59,2022-03-11,04:00:00,14,12,2,F11MO
40,Molenlei 59,2022-03-11,05:00:00,44,28,16,F11MO
40,Molenlei 59,2022-03-11,06:00:00,84,56,28,F11MO
40,Molenlei 59,2022-03-11,07:00:00,300,186,114,F11MO
40,Molenlei 59,2022-03-11,08:00:00,422,232,190,F11MO
40,Molenlei 59,2022-03-11,09:00:00,154,80,74,F11MO
40,Molenlei 59,2022-03-11,10:00:00,198,86,112,F11MO
40,Molenlei 59,2022-03-11,11:00:00,124,60,64,F11MO
40,Molenlei 59,2022-03-11,12:00:00,212,120,92,F11MO
40,Molenlei 59,2022-03-11,13:00:00,218,90,128,F11MO
40,Molenlei 59,2022-03-11,14:00:00,250,118,132,F11MO
40,Molenlei 59,2022-03-11,15:00:00,350,166,184,F11MO
40,Molenlei 59,2022-03-11,16:00:00,404,166,238,F11MO
40,Molenlei 59,2022-03-11,17:00:00,294,102,192,F11MO
40,Molenlei 59,2022-03-11,18:00:00,170,84,86,F11MO
40,Molenlei 59,2022-03-11,19:00:00,114,38,76,F11MO
40,Molenlei 59,2022-03-11,20:00:00,62,38,24,F11MO
40,Molenlei 59,2022-03-11,21:00:00,32,14,18,F11MO
40,Molenlei 59,2022-03-11,22:00:00,60,38,22,F11MO
40,Molenlei 59,2022-03-11,23:00:00,22,8,14,F11MO
40,Molenlei 59,2022-03-12,00:00:00,20,14,6,F11MO
40,Molenlei 59,2022-03-12,01:00:00,32,12,20,F11MO
40,Molenlei 59,2022-03-12,02:00:00,2,0,2,F11MO
40,Molenlei 59,2022-03-12,03:00:00,8,4,4,F11MO
40,Molenlei 59,2022-03-12,04:00:00,6,2,4,F11MO
40,Molenlei 59,2022-03-12,05:00:00,24,12,12,F11MO
40,Molenlei 59,2022-03-12,06:00:00,16,4,12,F11MO
40,Molenlei 59,2022-03-12,07:00:00,32,10,22,F11MO
40,Molenlei 59,2022-03-12,08:00:00,108,56,52,F11MO
40,Molenlei 59,2022-03-12,09:00:00,154,48,106,F11MO
40,Molenlei 59,2022-03-12,10:00:00,178,74,104,F11MO
40,Molenlei 59,2022-03-12,11:00:00,232,118,114,F11MO
40,Molenlei 59,2022-03-12,12:00:00,226,128,98,F11MO
40,Molenlei 59,2022-03-12,13:00:00,220,110,110,F11MO
40,Molenlei 59,2022-03-12,14:00:00,238,124,114,F11MO
40,Molenlei 59,2022-03-12,15:00:00,234,116,118,F11MO
40,Molenlei 59,2022-03-12,16:00:00,196,94,102,F11MO
40,Molenlei 59,2022-03-12,17:00:00,178,98,80,F11MO
40,Molenlei 59,2022-03-12,18:00:00,128,72,56,F11MO
40,Molenlei 59,2022-03-12,19:00:00,78,44,34,F11MO
40,Molenlei 59,2022-03-12,20:00:00,54,18,36,F11MO
40,Molenlei 59,2022-03-12,21:00:00,44,22,22,F11MO
40,Molenlei 59,2022-03-12,22:00:00,26,12,14,F11MO
40,Molenlei 59,2022-03-12,23:00:00,26,20,6,F11MO
40,Molenlei 59,2022-03-13,00:00:00,22,10,12,F11MO
40,Molenlei 59,2022-03-13,01:00:00,28,2,26,F11MO
40,Molenlei 59,2022-03-13,02:00:00,38,14,24,F11MO
40,Molenlei 59,2022-03-13,03:00:00,14,6,8,F11MO
40,Molenlei 59,2022-03-13,04:00:00,14,6,8,F11MO
40,Molenlei 59,2022-03-13,05:00:00,18,10,8,F11MO
40,Molenlei 59,2022-03-13,06:00:00,26,10,16,F11MO
40,Molenlei 59,2022-03-13,07:00:00,50,18,32,F11MO
40,Molenlei 59,2022-03-13,08:00:00,138,64,74,F11MO
40,Molenlei 59,2022-03-13,09:00:00,288,88,200,F11MO
40,Molenlei 59,2022-03-13,10:00:00,312,102,210,F11MO
40,Molenlei 59,2022-03-13,11:00:00,400,230,170,F11MO
40,Molenlei 59,2022-03-13,12:00:00,412,234,178,F11MO
40,Molenlei 59,2022-03-13,13:00:00,326,162,164,F11MO
40,Molenlei 59,2022-03-13,14:00:00,342,136,206,F11MO
40,Molenlei 59,2022-03-13,15:00:00,360,202,158,F11MO
40,Molenlei 59,2022-03-13,16:00:00,238,156,82,F11MO
40,Molenlei 59,2022-03-13,17:00:00,214,148,66,F11MO
40,Molenlei 59,2022-03-13,18:00:00,124,92,32,F11MO
40,Molenlei 59,2022-03-13,19:00:00,50,22,28,F11MO
40,Molenlei 59,2022-03-13,20:00:00,42,10,32,F11MO
40,Molenlei 59,2022-03-13,21:00:00,16,8,8,F11MO
40,Molenlei 59,2022-03-13,22:00:00,26,10,16,F11MO
40,Molenlei 59,2022-03-13,23:00:00,10,2,8,F11MO
40,Molenlei 59,2022-03-14,00:00:00,4,2,2,F11MO
40,Molenlei 59,2022-03-14,01:00:00,4,2,2,F11MO
40,Molenlei 59,2022-03-14,02:00:00,0,0,0,F11MO
40,Molenlei 59,2022-03-14,03:00:00,4,2,2,F11MO
40,Molenlei 59,2022-03-14,04:00:00,10,10,0,F11MO
40,Molenlei 59,2022-03-14,05:00:00,48,22,26,F11MO
40,Molenlei 59,2022-03-14,06:00:00,124,94,30,F11MO
40,Molenlei 59,2022-03-14,07:00:00,356,234,122,F11MO
40,Molenlei 59,2022-03-14,08:00:00,466,320,146,F11MO
40,Molenlei 59,2022-03-14,09:00:00,134,62,72,F11MO
40,Molenlei 59,2022-03-14,10:00:00,98,60,38,F11MO
40,Molenlei 59,2022-03-14,11:00:00,102,68,34,F11MO
40,Molenlei 59,2022-03-14,12:00:00,140,74,66,F11MO
40,Molenlei 59,2022-03-14,13:00:00,130,76,54,F11MO
40,Molenlei 59,2022-03-14,14:00:00,170,64,106,F11MO
40,Molenlei 59,2022-03-14,15:00:00,356,124,232,F11MO
40,Molenlei 59,2022-03-14,16:00:00,444,152,292,F11MO
40,Molenlei 59,2022-03-14,17:00:00,426,158,268,F11MO
40,Molenlei 59,2022-03-14,18:00:00,226,110,116,F11MO
40,Molenlei 59,2022-03-14,19:00:00,114,44,70,F11MO
40,Molenlei 59,2022-03-14,20:00:00,60,32,28,F11MO
40,Molenlei 59,2022-03-14,21:00:00,36,12,24,F11MO
40,Molenlei 59,2022-03-14,22:00:00,52,14,38,F11MO
40,Molenlei 59,2022-03-14,23:00:00,10,6,4,F11MO
40,Molenlei 59,2022-03-15,00:00:00,2,0,2,F11MO
40,Molenlei 59,2022-03-15,01:00:00,0,0,0,F11MO
40,Molenlei 59,2022-03-15,02:00:00,0,0,0,F11MO
40,Molenlei 59,2022-03-15,03:00:00,0,0,0,F11MO
40,Molenlei 59,2022-03-15,04:00:00,8,6,2,F11MO
40,Molenlei 59,2022-03-15,05:00:00,52,36,16,F11MO
40,Molenlei 59,2022-03-15,06:00:00,116,86,30,F11MO
40,Molenlei 59,2022-03-15,07:00:00,334,218,116,F11MO
40,Molenlei 59,2022-03-15,08:00:00,424,258,166,F11MO
40,Molenlei 59,2022-03-15,09:00:00,114,66,48,F11MO
40,Molenlei 59,2022-03-15,10:00:00,60,34,26,F11MO
40,Molenlei 59,2022-03-15,11:00:00,82,38,44,F11MO
40,Molenlei 59,2022-03-15,12:00:00,114,68,46,F11MO
40,Molenlei 59,2022-03-15,13:00:00,116,48,68,F11MO
40,Molenlei 59,2022-03-15,14:00:00,150,60,90,F11MO
40,Molenlei 59,2022-03-15,15:00:00,310,98,212,F11MO
40,Molenlei 59,2022-03-15,16:00:00,388,130,258,F11MO
40,Molenlei 59,2022-03-15,17:00:00,400,158,242,F11MO
40,Molenlei 59,2022-03-15,18:00:00,212,78,134,F11MO
40,Molenlei 59,2022-03-15,19:00:00,86,42,44,F11MO
40,Molenlei 59,2022-03-15,20:00:00,50,30,20,F11MO
40,Molenlei 59,2022-03-15,21:00:00,42,28,14,F11MO
40,Molenlei 59,2022-03-15,22:00:00,74,12,62,F11MO
40,Molenlei 59,2022-03-15,23:00:00,26,6,20,F11MO
40,Molenlei 59,2022-03-16,00:00:00,12,8,4,F11MO
40,Molenlei 59,2022-03-16,01:00:00,6,2,4,F11MO
40,Molenlei 59,2022-03-16,02:00:00,0,0,0,F11MO
40,Molenlei 59,2022-03-16,03:00:00,0,0,0,F11MO
40,Molenlei 59,2022-03-16,04:00:00,8,8,0,F11MO
40,Molenlei 59,2022-03-16,05:00:00,50,34,16,F11MO
40,Molenlei 59,2022-03-16,06:00:00,124,76,48,F11MO
40,Molenlei 59,2022-03-16,07:00:00,376,228,148,F11MO
40,Molenlei 59,2022-03-16,08:00:00,412,284,128,F11MO
40,Molenlei 59,2022-03-16,09:00:00,152,68,84,F11MO
40,Molenlei 59,2022-03-16,10:00:00,190,106,84,F11MO
40,Molenlei 59,2022-03-16,11:00:00,290,92,198,F11MO
40,Molenlei 59,2022-03-16,12:00:00,394,160,234,F11MO
40,Molenlei 59,2022-03-16,13:00:00,314,142,172,F11MO
40,Molenlei 59,2022-03-16,14:00:00,266,124,142,F11MO
40,Molenlei 59,2022-03-16,15:00:00,268,134,134,F11MO
40,Molenlei 59,2022-03-16,16:00:00,370,178,192,F11MO
40,Molenlei 59,2022-03-16,17:00:00,400,156,244,F11MO
40,Molenlei 59,2022-03-16,18:00:00,260,118,142,F11MO
40,Molenlei 59,2022-03-16,19:00:00,100,54,46,F11MO
40,Molenlei 59,2022-03-16,20:00:00,92,44,48,F11MO
40,Molenlei 59,2022-03-16,21:00:00,36,14,22,F11MO
40,Molenlei 59,2022-03-16,22:00:00,74,18,56,F11MO
40,Molenlei 59,2022-03-16,23:00:00,24,2,22,F11MO
40,Molenlei 59,2022-03-17,00:00:00,10,0,10,F11MO
40,Molenlei 59,2022-03-17,01:00:00,4,2,2,F11MO
40,Molenlei 59,2022-03-17,02:00:00,0,0,0,F11MO
40,Molenlei 59,2022-03-17,03:00:00,2,0,2,F11MO
40,Molenlei 59,2022-03-17,04:00:00,10,8,2,F11MO
40,Molenlei 59,2022-03-17,05:00:00,66,40,26,F11MO
40,Molenlei 59,2022-03-17,06:00:00,112,70,42,F11MO
40,Molenlei 59,2022-03-17,07:00:00,360,242,118,F11MO
40,Molenlei 59,2022-03-17,08:00:00,442,312,130,F11MO
40,Molenlei 59,2022-03-17,09:00:00,144,80,64,F11MO
40,Molenlei 59,2022-03-17,10:00:00,90,34,56,F11MO
40,Molenlei 59,2022-03-17,11:00:00,122,64,58,F11MO
40,Molenlei 59,2022-03-17,12:00:00,146,70,76,F11MO
40,Molenlei 59,2022-03-17,13:00:00,182,96,86,F11MO
40,Molenlei 59,2022-03-17,14:00:00,206,88,118,F11MO
40,Molenlei 59,2022-03-17,15:00:00,316,102,214,F11MO
40,Molenlei 59,2022-03-17,16:00:00,464,160,304,F11MO
40,Molenlei 59,2022-03-17,17:00:00,398,152,246,F11MO
40,Molenlei 59,2022-03-17,18:00:00,192,80,112,F11MO
40,Molenlei 59,2022-03-17,19:00:00,128,60,68,F11MO
40,Molenlei 59,2022-03-17,20:00:00,38,12,26,F11MO
40,Molenlei 59,2022-03-17,21:00:00,40,14,26,F11MO
40,Molenlei 59,2022-03-17,22:00:00,90,24,66,F11MO
40,Molenlei 59,2022-03-17,23:00:00,28,16,12,F11MO
40,Molenlei 59,2022-03-18,00:00:00,10,8,2,F11MO
40,Molenlei 59,2022-03-18,01:00:00,8,4,4,F11MO
40,Molenlei 59,2022-03-18,02:00:00,4,0,4,F11MO
40,Molenlei 59,2022-03-18,03:00:00,0,0,0,F11MO
40,Molenlei 59,2022-03-18,04:00:00,8,8,0,F11MO
40,Molenlei 59,2022-03-18,05:00:00,52,32,20,F11MO
40,Molenlei 59,2022-03-18,06:00:00,104,78,26,F11MO
40,Molenlei 59,2022-03-18,07:00:00,268,184,84,F11MO
40,Molenlei 59,2022-03-18,08:00:00,394,256,138,F11MO
40,Molenlei 59,2022-03-18,09:00:00,146,82,64,F11MO
40,Molenlei 59,2022-03-18,10:00:00,166,94,72,F11MO
40,Molenlei 59,2022-03-18,11:00:00,162,60,102,F11MO
40,Molenlei 59,2022-03-18,12:00:00,202,94,108,F11MO
40,Molenlei 59,2022-03-18,13:00:00,206,102,104,F11MO
40,Molenlei 59,2022-03-18,14:00:00,288,134,154,F11MO
40,Molenlei 59,2022-03-18,15:00:00,386,132,254,F11MO
40,Molenlei 59,2022-03-18,16:00:00,520,192,328,F11MO
40,Molenlei 59,2022-03-18,17:00:00,370,146,224,F11MO
40,Molenlei 59,2022-03-18,18:00:00,208,96,112,F11MO
40,Molenlei 59,2022-03-18,19:00:00,122,68,54,F11MO
40,Molenlei 59,2022-03-18,20:00:00,74,42,32,F11MO
40,Molenlei 59,2022-03-18,21:00:00,50,30,20,F11MO
40,Molenlei 59,2022-03-18,22:00:00,72,22,50,F11MO
40,Molenlei 59,2022-03-18,23:00:00,36,16,20,F11MO
40,Molenlei 59,2022-03-19,00:00:00,26,14,12,F11MO
40,Molenlei 59,2022-03-19,01:00:00,18,10,8,F11MO
40,Molenlei 59,2022-03-19,02:00:00,30,10,20,F11MO
40,Molenlei 59,2022-03-19,03:00:00,6,2,4,F11MO
40,Molenlei 59,2022-03-19,04:00:00,10,8,2,F11MO
40,Molenlei 59,2022-03-19,05:00:00,32,14,18,F11MO
40,Molenlei 59,2022-03-19,06:00:00,20,6,14,F11MO
40,Molenlei 59,2022-03-19,07:00:00,52,20,32,F11MO
40,Molenlei 59,2022-03-19,08:00:00,124,64,60,F11MO
40,Molenlei 59,2022-03-19,09:00:00,162,52,110,F11MO
40,Molenlei 59,2022-03-19,10:00:00,262,96,166,F11MO
40,Molenlei 59,2022-03-19,11:00:00,224,106,118,F11MO
40,Molenlei 59,2022-03-19,12:00:00,278,140,138,F11MO
40,Molenlei 59,2022-03-19,13:00:00,276,152,124,F11MO
40,Molenlei 59,2022-03-19,14:00:00,288,130,158,F11MO
40,Molenlei 59,2022-03-19,15:00:00,228,116,112,F11MO
40,Molenlei 59,2022-03-19,16:00:00,170,90,80,F11MO
40,Molenlei 59,2022-03-19,17:00:00,178,92,86,F11MO
40,Molenlei 59,2022-03-19,18:00:00,124,64,60,F11MO
40,Molenlei 59,2022-03-19,19:00:00,66,34,32,F11MO
40,Molenlei 59,2022-03-19,20:00:00,32,20,12,F11MO
40,Molenlei 59,2022-03-19,21:00:00,24,10,14,F11MO
40,Molenlei 59,2022-03-19,22:00:00,30,20,10,F11MO
40,Molenlei 59,2022-03-19,23:00:00,22,10,12,F11MO
40,Molenlei 59,2022-03-20,00:00:00,22,4,18,F11MO
40,Molenlei 59,2022-03-20,01:00:00,20,6,14,F11MO
40,Molenlei 59,2022-03-20,02:00:00,10,4,6,F11MO
40,Molenlei 59,2022-03-20,03:00:00,2,2,0,F11MO
40,Molenlei 59,2022-03-20,04:00:00,6,0,6,F11MO
40,Molenlei 59,2022-03-20,05:00:00,18,12,6,F11MO
40,Molenlei 59,2022-03-20,06:00:00,26,14,12,F11MO
40,Molenlei 59,2022-03-20,07:00:00,30,8,22,F11MO
40,Molenlei 59,2022-03-20,08:00:00,68,24,44,F11MO
40,Molenlei 59,2022-03-20,09:00:00,130,38,92,F11MO
40,Molenlei 59,2022-03-20,10:00:00,158,68,90,F11MO
40,Molenlei 59,2022-03-20,11:00:00,172,100,72,F11MO
40,Molenlei 59,2022-03-20,12:00:00,210,124,86,F11MO
40,Molenlei 59,2022-03-20,13:00:00,222,112,110,F11MO
40,Molenlei 59,2022-03-20,14:00:00,250,114,136,F11MO
40,Molenlei 59,2022-03-20,15:00:00,166,78,88,F11MO
40,Molenlei 59,2022-03-20,16:00:00,164,90,74,F11MO
40,Molenlei 59,2022-03-20,17:00:00,154,86,68,F11MO
40,Molenlei 59,2022-03-20,18:00:00,92,48,44,F11MO
40,Molenlei 59,2022-03-20,19:00:00,60,22,38,F11MO
40,Molenlei 59,2022-03-20,20:00:00,34,20,14,F11MO
40,Molenlei 59,2022-03-20,21:00:00,14,4,10,F11MO
40,Molenlei 59,2022-03-20,22:00:00,12,4,8,F11MO
40,Molenlei 59,2022-03-20,23:00:00,8,4,4,F11MO
40,Molenlei 59,2022-03-21,00:00:00,2,2,0,F11MO
40,Molenlei 59,2022-03-21,01:00:00,4,2,2,F11MO
40,Molenlei 59,2022-03-21,02:00:00,2,0,2,F11MO
40,Molenlei 59,2022-03-21,03:00:00,0,0,0,F11MO
40,Molenlei 59,2022-03-21,04:00:00,12,12,0,F11MO
40,Molenlei 59,2022-03-21,05:00:00,64,40,24,F11MO
40,Molenlei 59,2022-03-21,06:00:00,128,96,32,F11MO
40,Molenlei 59,2022-03-21,07:00:00,350,224,126,F11MO
40,Molenlei 59,2022-03-21,08:00:00,474,336,138,F11MO
40,Molenlei 59,2022-03-21,09:00:00,236,74,162,F11MO
40,Molenlei 59,2022-03-21,10:00:00,138,54,84,F11MO
40,Molenlei 59,2022-03-21,11:00:00,152,76,76,F11MO
40,Molenlei 59,2022-03-21,12:00:00,186,114,72,F11MO
40,Molenlei 59,2022-03-21,13:00:00,252,110,142,F11MO
40,Molenlei 59,2022-03-21,14:00:00,416,216,200,F11MO
40,Molenlei 59,2022-03-21,15:00:00,452,154,298,F11MO
40,Molenlei 59,2022-03-21,16:00:00,460,190,270,F11MO
40,Molenlei 59,2022-03-21,17:00:00,452,150,302,F11MO
40,Molenlei 59,2022-03-21,18:00:00,246,108,138,F11MO
40,Molenlei 59,2022-03-21,19:00:00,80,38,42,F11MO
40,Molenlei 59,2022-03-21,20:00:00,54,26,28,F11MO
40,Molenlei 59,2022-03-21,21:00:00,42,10,32,F11MO
40,Molenlei 59,2022-03-21,22:00:00,48,10,38,F11MO
40,Molenlei 59,2022-03-21,23:00:00,28,14,14,F11MO
40,Molenlei 59,2022-03-22,00:00:00,8,2,6,F11MO
40,Molenlei 59,2022-03-22,01:00:00,12,0,12,F11MO
40,Molenlei 59,2022-03-22,02:00:00,4,4,0,F11MO
40,Molenlei 59,2022-03-22,03:00:00,2,2,0,F11MO
40,Molenlei 59,2022-03-22,04:00:00,14,12,2,F11MO
40,Molenlei 59,2022-03-22,05:00:00,70,50,20,F11MO
40,Molenlei 59,2022-03-22,06:00:00,132,94,38,F11MO
40,Molenlei 59,2022-03-22,07:00:00,368,250,118,F11MO
40,Molenlei 59,2022-03-22,08:00:00,484,338,146,F11MO
40,Molenlei 59,2022-03-22,09:00:00,144,68,76,F11MO
40,Molenlei 59,2022-03-22,10:00:00,128,62,66,F11MO
40,Molenlei 59,2022-03-22,11:00:00,162,86,76,F11MO
40,Molenlei 59,2022-03-22,12:00:00,224,112,112,F11MO
40,Molenlei 59,2022-03-22,13:00:00,242,86,156,F11MO
40,Molenlei 59,2022-03-22,14:00:00,294,114,180,F11MO
40,Molenlei 59,2022-03-22,15:00:00,406,166,240,F11MO
40,Molenlei 59,2022-03-22,16:00:00,574,212,362,F11MO
40,Molenlei 59,2022-03-22,17:00:00,490,160,330,F11MO
40,Molenlei 59,2022-03-22,18:00:00,296,130,166,F11MO
40,Molenlei 59,2022-03-22,19:00:00,90,52,38,F11MO
40,Molenlei 59,2022-03-22,20:00:00,66,18,48,F11MO
40,Molenlei 59,2022-03-22,21:00:00,54,24,30,F11MO
40,Molenlei 59,2022-03-22,22:00:00,44,8,36,F11MO
40,Molenlei 59,2022-03-22,23:00:00,26,12,14,F11MO
40,Molenlei 59,2022-03-23,00:00:00,6,0,6,F11MO
40,Molenlei 59,2022-03-23,01:00:00,2,0,2,F11MO
40,Molenlei 59,2022-03-23,02:00:00,0,0,0,F11MO
40,Molenlei 59,2022-03-23,03:00:00,2,2,0,F11MO
40,Molenlei 59,2022-03-23,04:00:00,12,8,4,F11MO
40,Molenlei 59,2022-03-23,05:00:00,58,32,26,F11MO
40,Molenlei 59,2022-03-23,06:00:00,120,82,38,F11MO
40,Molenlei 59,2022-03-23,07:00:00,362,220,142,F11MO
40,Molenlei 59,2022-03-23,08:00:00,430,286,144,F11MO
40,Molenlei 59,2022-03-23,09:00:00,164,86,78,F11MO
40,Molenlei 59,2022-03-23,10:00:00,240,114,126,F11MO
40,Molenlei 59,2022-03-23,11:00:00,314,134,180,F11MO
40,Molenlei 59,2022-03-23,12:00:00,372,168,204,F11MO
40,Molenlei 59,2022-03-23,13:00:00,360,150,210,F11MO
40,Molenlei 59,2022-03-23,14:00:00,326,156,170,F11MO
40,Molenlei 59,2022-03-23,15:00:00,322,148,174,F11MO
40,Molenlei 59,2022-03-23,16:00:00,428,168,260,F11MO
40,Molenlei 59,2022-03-23,17:00:00,476,190,286,F11MO
40,Molenlei 59,2022-03-23,18:00:00,324,148,176,F11MO
40,Molenlei 59,2022-03-23,19:00:00,170,96,74,F11MO
40,Molenlei 59,2022-03-23,20:00:00,86,40,46,F11MO
40,Molenlei 59,2022-03-23,21:00:00,40,18,22,F11MO
40,Molenlei 59,2022-03-23,22:00:00,54,12,42,F11MO
40,Molenlei 59,2022-03-23,23:00:00,20,8,12,F11MO
40,Molenlei 59,2022-03-24,00:00:00,10,4,6,F11MO
40,Molenlei 59,2022-03-24,01:00:00,8,2,6,F11MO
40,Molenlei 59,2022-03-24,02:00:00,4,2,2,F11MO
40,Molenlei 59,2022-03-24,03:00:00,2,2,0,F11MO
40,Molenlei 59,2022-03-24,04:00:00,12,10,2,F11MO
40,Molenlei 59,2022-03-24,05:00:00,54,36,18,F11MO
40,Molenlei 59,2022-03-24,06:00:00,118,84,34,F11MO
40,Molenlei 59,2022-03-24,07:00:00,392,254,138,F11MO
40,Molenlei 59,2022-03-24,08:00:00,474,336,138,F11MO
40,Molenlei 59,2022-03-24,09:00:00,160,80,80,F11MO
40,Molenlei 59,2022-03-24,10:00:00,218,106,112,F11MO
40,Molenlei 59,2022-03-24,11:00:00,158,82,76,F11MO
40,Molenlei 59,2022-03-24,12:00:00,252,128,124,F11MO
40,Molenlei 59,2022-03-24,13:00:00,212,80,132,F11MO
40,Molenlei 59,2022-03-24,14:00:00,262,104,158,F11MO
40,Molenlei 59,2022-03-24,15:00:00,424,180,244,F11MO
40,Molenlei 59,2022-03-24,16:00:00,510,186,324,F11MO
40,Molenlei 59,2022-03-24,17:00:00,440,182,258,F11MO
40,Molenlei 59,2022-03-24,18:00:00,268,136,132,F11MO
40,Molenlei 59,2022-03-24,19:00:00,126,76,50,F11MO
40,Molenlei 59,2022-03-24,20:00:00,82,28,54,F11MO
40,Molenlei 59,2022-03-24,21:00:00,48,26,22,F11MO
40,Molenlei 59,2022-03-24,22:00:00,86,28,58,F11MO
40,Molenlei 59,2022-03-24,23:00:00,30,12,18,F11MO
40,Molenlei 59,2022-03-25,00:00:00,20,6,14,F11MO
40,Molenlei 59,2022-03-25,01:00:00,4,2,2,F11MO
40,Molenlei 59,2022-03-25,02:00:00,2,0,2,F11MO
40,Molenlei 59,2022-03-25,03:00:00,2,2,0,F11MO
40,Molenlei 59,2022-03-25,04:00:00,12,10,2,F11MO
40,Molenlei 59,2022-03-25,05:00:00,58,42,16,F11MO
40,Molenlei 59,2022-03-25,06:00:00,94,66,28,F11MO
40,Molenlei 59,2022-03-25,07:00:00,324,188,136,F11MO
40,Molenlei 59,2022-03-25,08:00:00,458,290,168,F11MO
40,Molenlei 59,2022-03-25,09:00:00,150,74,76,F11MO
40,Molenlei 59,2022-03-25,10:00:00,192,76,116,F11MO
40,Molenlei 59,2022-03-25,11:00:00,206,118,88,F11MO
40,Molenlei 59,2022-03-25,12:00:00,236,96,140,F11MO
40,Molenlei 59,2022-03-25,13:00:00,216,98,118,F11MO
40,Molenlei 59,2022-03-25,14:00:00,280,128,152,F11MO
40,Molenlei 59,2022-03-25,15:00:00,438,192,246,F11MO
40,Molenlei 59,2022-03-25,16:00:00,430,180,250,F11MO
40,Molenlei 59,2022-03-25,17:00:00,338,138,200,F11MO
40,Molenlei 59,2022-03-25,18:00:00,240,108,132,F11MO
40,Molenlei 59,2022-03-25,19:00:00,144,60,84,F11MO
40,Molenlei 59,2022-03-25,20:00:00,78,34,44,F11MO
40,Molenlei 59,2022-03-25,21:00:00,68,30,38,F11MO
40,Molenlei 59,2022-03-25,22:00:00,52,16,36,F11MO
40,Molenlei 59,2022-03-25,23:00:00,34,12,22,F11MO
40,Molenlei 59,2022-03-26,00:00:00,20,10,10,F11MO
40,Molenlei 59,2022-03-26,01:00:00,32,20,12,F11MO
40,Molenlei 59,2022-03-26,02:00:00,22,16,6,F11MO
40,Molenlei 59,2022-03-26,03:00:00,12,6,6,F11MO
40,Molenlei 59,2022-03-26,04:00:00,4,4,0,F11MO
40,Molenlei 59,2022-03-26,05:00:00,24,14,10,F11MO
40,Molenlei 59,2022-03-26,06:00:00,20,8,12,F11MO
40,Molenlei 59,2022-03-26,07:00:00,34,12,22,F11MO
40,Molenlei 59,2022-03-26,08:00:00,106,46,60,F11MO
40,Molenlei 59,2022-03-26,09:00:00,188,54,134,F11MO
40,Molenlei 59,2022-03-26,10:00:00,232,76,156,F11MO
40,Molenlei 59,2022-03-26,11:00:00,284,126,158,F11MO
40,Molenlei 59,2022-03-26,12:00:00,232,108,124,F11MO
40,Molenlei 59,2022-03-26,13:00:00,358,168,190,F11MO
40,Molenlei 59,2022-03-26,14:00:00,444,186,258,F11MO
40,Molenlei 59,2022-03-26,15:00:00,364,204,160,F11MO
40,Molenlei 59,2022-03-26,16:00:00,320,172,148,F11MO
40,Molenlei 59,2022-03-26,17:00:00,258,160,98,F11MO
40,Molenlei 59,2022-03-26,18:00:00,192,116,76,F11MO
40,Molenlei 59,2022-03-26,19:00:00,108,62,46,F11MO
40,Molenlei 59,2022-03-26,20:00:00,54,30,24,F11MO
40,Molenlei 59,2022-03-26,21:00:00,44,22,22,F11MO
40,Molenlei 59,2022-03-26,22:00:00,40,24,16,F11MO
40,Molenlei 59,2022-03-26,23:00:00,26,2,24,F11MO
40,Molenlei 59,2022-03-27,00:00:00,32,12,20,F11MO
40,Molenlei 59,2022-03-27,01:00:00,16,8,8,F11MO
40,Molenlei 59,2022-03-27,02:00:00,0,0,0,F11MO
40,Molenlei 59,2022-03-27,03:00:00,10,2,8,F11MO
40,Molenlei 59,2022-03-27,04:00:00,8,2,6,F11MO
40,Molenlei 59,2022-03-27,05:00:00,18,8,10,F11MO
40,Molenlei 59,2022-03-27,06:00:00,22,6,16,F11MO
40,Molenlei 59,2022-03-27,07:00:00,38,14,24,F11MO
40,Molenlei 59,2022-03-27,08:00:00,110,48,62,F11MO
40,Molenlei 59,2022-03-27,09:00:00,214,84,130,F11MO
40,Molenlei 59,2022-03-27,10:00:00,212,84,128,F11MO
40,Molenlei 59,2022-03-27,11:00:00,288,152,136,F11MO
40,Molenlei 59,2022-03-27,12:00:00,274,162,112,F11MO
40,Molenlei 59,2022-03-27,13:00:00,262,128,134,F11MO
40,Molenlei 59,2022-03-27,14:00:00,208,108,100,F11MO
40,Molenlei 59,2022-03-27,15:00:00,240,102,138,F11MO
40,Molenlei 59,2022-03-27,16:00:00,252,146,106,F11MO
40,Molenlei 59,2022-03-27,17:00:00,314,150,164,F11MO
40,Molenlei 59,2022-03-27,18:00:00,202,134,68,F11MO
40,Molenlei 59,2022-03-27,19:00:00,102,56,46,F11MO
40,Molenlei 59,2022-03-27,20:00:00,68,26,42,F11MO
40,Molenlei 59,2022-03-27,21:00:00,38,26,12,F11MO
40,Molenlei 59,2022-03-27,22:00:00,34,16,18,F11MO
40,Molenlei 59,2022-03-27,23:00:00,6,0,6,F11MO
40,Molenlei 59,2022-03-28,00:00:00,4,4,0,F11MO
40,Molenlei 59,2022-03-28,01:00:00,4,4,0,F11MO
40,Molenlei 59,2022-03-28,02:00:00,0,0,0,F11MO
40,Molenlei 59,2022-03-28,03:00:00,0,0,0,F11MO
40,Molenlei 59,2022-03-28,04:00:00,6,6,0,F11MO
40,Molenlei 59,2022-03-28,05:00:00,38,18,20,F11MO
40,Molenlei 59,2022-03-28,06:00:00,108,86,22,F11MO
40,Molenlei 59,2022-03-28,07:00:00,358,230,128,F11MO
40,Molenlei 59,2022-03-28,08:00:00,452,306,146,F11MO
40,Molenlei 59,2022-03-28,09:00:00,138,62,76,F11MO
40,Molenlei 59,2022-03-28,10:00:00,148,86,62,F11MO
40,Molenlei 59,2022-03-28,11:00:00,116,42,74,F11MO
40,Molenlei 59,2022-03-28,12:00:00,246,126,120,F11MO
40,Molenlei 59,2022-03-28,13:00:00,244,110,134,F11MO
40,Molenlei 59,2022-03-28,14:00:00,254,132,122,F11MO
40,Molenlei 59,2022-03-28,15:00:00,358,126,232,F11MO
40,Molenlei 59,2022-03-28,16:00:00,428,152,276,F11MO
40,Molenlei 59,2022-03-28,17:00:00,448,146,302,F11MO
40,Molenlei 59,2022-03-28,18:00:00,248,102,146,F11MO
40,Molenlei 59,2022-03-28,19:00:00,112,50,62,F11MO
40,Molenlei 59,2022-03-28,20:00:00,76,32,44,F11MO
40,Molenlei 59,2022-03-28,21:00:00,40,12,28,F11MO
40,Molenlei 59,2022-03-28,22:00:00,60,12,48,F11MO
40,Molenlei 59,2022-03-28,23:00:00,12,6,6,F11MO
40,Molenlei 59,2022-03-29,00:00:00,2,2,0,F11MO
40,Molenlei 59,2022-03-29,01:00:00,0,0,0,F11MO
40,Molenlei 59,2022-03-29,02:00:00,0,0,0,F11MO
40,Molenlei 59,2022-03-29,03:00:00,0,0,0,F11MO
40,Molenlei 59,2022-03-29,04:00:00,10,6,4,F11MO
40,Molenlei 59,2022-03-29,05:00:00,44,28,16,F11MO
40,Molenlei 59,2022-03-29,06:00:00,112,84,28,F11MO
40,Molenlei 59,2022-03-29,07:00:00,302,194,108,F11MO
40,Molenlei 59,2022-03-29,08:00:00,412,286,126,F11MO
40,Molenlei 59,2022-03-29,09:00:00,138,60,78,F11MO
40,Molenlei 59,2022-03-29,10:00:00,112,50,62,F11MO
40,Molenlei 59,2022-03-29,11:00:00,124,72,52,F11MO
40,Molenlei 59,2022-03-29,12:00:00,148,88,60,F11MO
40,Molenlei 59,2022-03-29,13:00:00,150,70,80,F11MO
40,Molenlei 59,2022-03-29,14:00:00,190,98,92,F11MO
40,Molenlei 59,2022-03-29,15:00:00,302,96,206,F11MO
40,Molenlei 59,2022-03-29,16:00:00,348,100,248,F11MO
40,Molenlei 59,2022-03-29,17:00:00,366,140,226,F11MO
40,Molenlei 59,2022-03-29,18:00:00,196,86,110,F11MO
40,Molenlei 59,2022-03-29,19:00:00,86,32,54,F11MO
40,Molenlei 59,2022-03-29,20:00:00,86,54,32,F11MO
40,Molenlei 59,2022-03-29,21:00:00,58,30,28,F11MO
40,Molenlei 59,2022-03-29,22:00:00,82,24,58,F11MO
40,Molenlei 59,2022-03-29,23:00:00,36,6,30,F11MO
40,Molenlei 59,2022-03-30,00:00:00,18,8,10,F11MO
40,Molenlei 59,2022-03-30,01:00:00,22,20,2,F11MO
40,Molenlei 59,2022-03-30,02:00:00,8,2,6,F11MO
40,Molenlei 59,2022-03-30,03:00:00,2,0,2,F11MO
40,Molenlei 59,2022-03-30,04:00:00,8,8,0,F11MO
40,Molenlei 59,2022-03-30,05:00:00,44,28,16,F11MO
40,Molenlei 59,2022-03-30,06:00:00,114,84,30,F11MO
40,Molenlei 59,2022-03-30,07:00:00,316,196,120,F11MO
40,Molenlei 59,2022-03-30,08:00:00,366,242,124,F11MO
40,Molenlei 59,2022-03-30,09:00:00,150,74,76,F11MO
40,Molenlei 59,2022-03-30,10:00:00,160,70,90,F11MO
40,Molenlei 59,2022-03-30,11:00:00,218,106,112,F11MO
40,Molenlei 59,2022-03-30,12:00:00,280,98,182,F11MO
40,Molenlei 59,2022-03-30,13:00:00,258,128,130,F11MO
40,Molenlei 59,2022-03-30,14:00:00,224,104,120,F11MO
40,Molenlei 59,2022-03-30,15:00:00,214,88,126,F11MO
40,Molenlei 59,2022-03-30,16:00:00,354,140,214,F11MO
40,Molenlei 59,2022-03-30,17:00:00,352,130,222,F11MO
40,Molenlei 59,2022-03-30,18:00:00,206,108,98,F11MO
40,Molenlei 59,2022-03-30,19:00:00,152,82,70,F11MO
40,Molenlei 59,2022-03-30,20:00:00,56,28,28,F11MO
40,Molenlei 59,2022-03-30,21:00:00,46,20,26,F11MO
40,Molenlei 59,2022-03-30,22:00:00,54,12,42,F11MO
40,Molenlei 59,2022-03-30,23:00:00,24,8,16,F11MO
40,Molenlei 59,2022-03-31,00:00:00,18,4,14,F11MO
40,Molenlei 59,2022-03-31,01:00:00,6,0,6,F11MO
40,Molenlei 59,2022-03-31,02:00:00,0,0,0,F11MO
40,Molenlei 59,2022-03-31,03:00:00,0,0,0,F11MO
40,Molenlei 59,2022-03-31,04:00:00,6,4,2,F11MO
40,Molenlei 59,2022-03-31,05:00:00,38,22,16,F11MO
40,Molenlei 59,2022-03-31,06:00:00,66,42,24,F11MO
40,Molenlei 59,2022-03-31,07:00:00,208,122,86,F11MO
40,Molenlei 59,2022-03-31,08:00:00,346,208,138,F11MO
40,Molenlei 59,2022-03-31,09:00:00,76,40,36,F11MO
40,Molenlei 59,2022-03-31,10:00:00,52,28,24,F11MO
40,Molenlei 59,2022-03-31,11:00:00,86,48,38,F11MO
40,Molenlei 59,2022-03-31,12:00:00,116,70,46,F11MO
40,Molenlei 59,2022-03-31,13:00:00,92,38,54,F11MO
40,Molenlei 59,2022-03-31,14:00:00,154,82,72,F11MO
40,Molenlei 59,2022-03-31,15:00:00,188,68,120,F11MO
40,Molenlei 59,2022-03-31,16:00:00,268,114,154,F11MO
40,Molenlei 59,2022-03-31,17:00:00,228,84,144,F11MO
40,Molenlei 59,2022-03-31,18:00:00,130,54,76,F11MO
40,Molenlei 59,2022-03-31,19:00:00,62,26,36,F11MO
40,Molenlei 59,2022-03-31,20:00:00,66,22,44,F11MO
40,Molenlei 59,2022-03-31,21:00:00,26,16,10,F11MO
40,Molenlei 59,2022-03-31,22:00:00,36,10,26,F11MO
40,Molenlei 59,2022-03-31,23:00:00,16,8,8,F11MO
40,Molenlei 59,2022-04-01,00:00:00,24,16,8,F11MO
40,Molenlei 59,2022-04-01,01:00:00,10,6,4,F11MO
40,Molenlei 59,2022-04-01,02:00:00,0,0,0,F11MO
40,Molenlei 59,2022-04-01,03:00:00,0,0,0,F11MO
40,Molenlei 59,2022-04-01,04:00:00,10,8,2,F11MO
40,Molenlei 59,2022-04-01,05:00:00,30,16,14,F11MO
40,Molenlei 59,2022-04-01,06:00:00,36,28,8,F11MO
40,Molenlei 59,2022-04-01,07:00:00,114,72,42,F11MO
40,Molenlei 59,2022-04-01,08:00:00,220,126,94,F11MO
40,Molenlei 59,2022-04-01,09:00:00,70,24,46,F11MO
40,Molenlei 59,2022-04-01,10:00:00,110,38,72,F11MO
40,Molenlei 59,2022-04-01,11:00:00,44,24,20,F11MO
40,Molenlei 59,2022-04-01,12:00:00,98,54,44,F11MO
40,Molenlei 59,2022-04-01,13:00:00,64,30,34,F11MO
40,Molenlei 59,2022-04-01,14:00:00,78,38,40,F11MO
40,Molenlei 59,2022-04-01,15:00:00,142,48,94,F11MO
40,Molenlei 59,2022-04-01,16:00:00,120,50,70,F11MO
40,Molenlei 59,2022-04-01,17:00:00,156,64,92,F11MO
40,Molenlei 59,2022-04-01,18:00:00,64,24,40,F11MO
40,Molenlei 59,2022-04-01,19:00:00,68,30,38,F11MO
40,Molenlei 59,2022-04-01,20:00:00,32,24,8,F11MO
40,Molenlei 59,2022-04-01,21:00:00,54,20,34,F11MO
40,Molenlei 59,2022-04-01,22:00:00,48,34,14,F11MO
40,Molenlei 59,2022-04-01,23:00:00,24,16,8,F11MO
40,Molenlei 59,2022-04-02,00:00:00,26,10,16,F11MO
40,Molenlei 59,2022-04-02,01:00:00,32,14,18,F11MO
40,Molenlei 59,2022-04-02,02:00:00,18,4,14,F11MO
40,Molenlei 59,2022-04-02,03:00:00,18,10,8,F11MO
40,Molenlei 59,2022-04-02,04:00:00,16,4,12,F11MO
40,Molenlei 59,2022-04-02,05:00:00,18,8,10,F11MO
40,Molenlei 59,2022-04-02,06:00:00,34,22,12,F11MO
40,Molenlei 59,2022-04-02,07:00:00,14,8,6,F11MO
40,Molenlei 59,2022-04-02,08:00:00,64,24,40,F11MO
40,Molenlei 59,2022-04-02,09:00:00,58,30,28,F11MO
40,Molenlei 59,2022-04-02,10:00:00,86,36,50,F11MO
40,Molenlei 59,2022-04-02,11:00:00,134,52,82,F11MO
40,Molenlei 59,2022-04-02,12:00:00,124,68,56,F11MO
40,Molenlei 59,2022-04-02,13:00:00,124,76,48,F11MO
40,Molenlei 59,2022-04-02,14:00:00,146,68,78,F11MO
40,Molenlei 59,2022-04-02,15:00:00,82,46,36,F11MO
40,Molenlei 59,2022-04-02,16:00:00,72,48,24,F11MO
40,Molenlei 59,2022-04-02,17:00:00,118,66,52,F11MO
40,Molenlei 59,2022-04-02,18:00:00,70,38,32,F11MO
40,Molenlei 59,2022-04-02,19:00:00,40,22,18,F11MO
40,Molenlei 59,2022-04-02,20:00:00,20,4,16,F11MO
40,Molenlei 59,2022-04-02,21:00:00,26,8,18,F11MO
40,Molenlei 59,2022-04-02,22:00:00,22,8,14,F11MO
40,Molenlei 59,2022-04-02,23:00:00,8,6,2,F11MO
40,Molenlei 59,2022-04-03,00:00:00,10,2,8,F11MO
40,Molenlei 59,2022-04-03,01:00:00,18,8,10,F11MO
40,Molenlei 59,2022-04-03,02:00:00,6,4,2,F11MO
40,Molenlei 59,2022-04-03,03:00:00,6,2,4,F11MO
40,Molenlei 59,2022-04-03,04:00:00,4,4,0,F11MO
40,Molenlei 59,2022-04-03,05:00:00,12,8,4,F11MO
40,Molenlei 59,2022-04-03,06:00:00,12,8,4,F11MO
40,Molenlei 59,2022-04-03,07:00:00,32,12,20,F11MO
40,Molenlei 59,2022-04-03,08:00:00,86,46,40,F11MO
40,Molenlei 59,2022-04-03,09:00:00,140,52,88,F11MO
40,Molenlei 59,2022-04-03,10:00:00,198,90,108,F11MO
40,Molenlei 59,2022-04-03,11:00:00,302,152,150,F11MO
40,Molenlei 59,2022-04-03,12:00:00,272,152,120,F11MO
40,Molenlei 59,2022-04-03,13:00:00,208,112,96,F11MO
40,Molenlei 59,2022-04-03,14:00:00,168,104,64,F11MO
40,Molenlei 59,2022-04-03,15:00:00,112,58,54,F11MO
40,Molenlei 59,2022-04-03,16:00:00,86,54,32,F11MO
40,Molenlei 59,2022-04-03,17:00:00,110,56,54,F11MO
40,Molenlei 59,2022-04-03,18:00:00,78,38,40,F11MO
40,Molenlei 59,2022-04-03,19:00:00,70,42,28,F11MO
40,Molenlei 59,2022-04-03,20:00:00,30,14,16,F11MO
40,Molenlei 59,2022-04-03,21:00:00,16,12,4,F11MO
40,Molenlei 59,2022-04-03,22:00:00,8,2,6,F11MO
40,Molenlei 59,2022-04-03,23:00:00,12,6,6,F11MO
40,Molenlei 59,2022-04-04,00:00:00,14,2,12,F11MO
40,Molenlei 59,2022-04-04,01:00:00,10,10,0,F11MO
40,Molenlei 59,2022-04-04,02:00:00,4,4,0,F11MO
40,Molenlei 59,2022-04-04,03:00:00,0,0,0,F11MO
40,Molenlei 59,2022-04-04,04:00:00,0,0,0,F11MO
40,Molenlei 59,2022-04-04,05:00:00,44,28,16,F11MO
40,Molenlei 59,2022-04-04,06:00:00,56,46,10,F11MO
40,Molenlei 59,2022-04-04,07:00:00,130,80,50,F11MO
40,Molenlei 59,2022-04-04,08:00:00,174,96,78,F11MO
40,Molenlei 59,2022-04-04,09:00:00,96,48,48,F11MO
40,Molenlei 59,2022-04-04,10:00:00,76,38,38,F11MO
40,Molenlei 59,2022-04-04,11:00:00,58,32,26,F11MO
40,Molenlei 59,2022-04-04,12:00:00,56,32,24,F11MO
40,Molenlei 59,2022-04-04,13:00:00,52,28,24,F11MO
40,Molenlei 59,2022-04-04,14:00:00,62,22,40,F11MO
40,Molenlei 59,2022-04-04,15:00:00,72,40,32,F11MO
40,Molenlei 59,2022-04-04,16:00:00,136,54,82,F11MO
40,Molenlei 59,2022-04-04,17:00:00,154,38,116,F11MO
40,Molenlei 59,2022-04-04,18:00:00,84,24,60,F11MO
40,Molenlei 59,2022-04-04,19:00:00,42,12,30,F11MO
40,Molenlei 59,2022-04-04,20:00:00,16,8,8,F11MO
40,Molenlei 59,2022-04-04,21:00:00,14,4,10,F11MO
40,Molenlei 59,2022-04-04,22:00:00,16,2,14,F11MO
40,Molenlei 59,2022-04-04,23:00:00,8,0,8,F11MO
40,Molenlei 59,2022-04-05,00:00:00,4,2,2,F11MO
40,Molenlei 59,2022-04-05,01:00:00,2,2,0,F11MO
40,Molenlei 59,2022-04-05,02:00:00,2,0,2,F11MO
40,Molenlei 59,2022-04-05,03:00:00,0,0,0,F11MO
40,Molenlei 59,2022-04-05,04:00:00,4,2,2,F11MO
40,Molenlei 59,2022-04-05,05:00:00,38,22,16,F11MO
40,Molenlei 59,2022-04-05,06:00:00,32,26,6,F11MO
40,Molenlei 59,2022-04-05,07:00:00,110,70,40,F11MO
40,Molenlei 59,2022-04-05,08:00:00,142,76,66,F11MO
40,Molenlei 59,2022-04-05,09:00:00,38,22,16,F11MO
40,Molenlei 59,2022-04-05,10:00:00,38,14,24,F11MO
40,Molenlei 59,2022-04-05,11:00:00,30,12,18,F11MO
40,Molenlei 59,2022-04-05,12:00:00,56,48,8,F11MO
40,Molenlei 59,2022-04-05,13:00:00,36,16,20,F11MO
40,Molenlei 59,2022-04-05,14:00:00,70,34,36,F11MO
40,Molenlei 59,2022-04-05,15:00:00,62,12,50,F11MO
40,Molenlei 59,2022-04-05,16:00:00,152,66,86,F11MO
40,Molenlei 59,2022-04-05,17:00:00,188,78,110,F11MO
40,Molenlei 59,2022-04-05,18:00:00,116,48,68,F11MO
40,Molenlei 59,2022-04-05,19:00:00,70,44,26,F11MO
40,Molenlei 59,2022-04-05,20:00:00,24,20,4,F11MO
40,Molenlei 59,2022-04-05,21:00:00,16,8,8,F11MO
40,Molenlei 59,2022-04-05,22:00:00,28,0,28,F11MO
40,Molenlei 59,2022-04-05,23:00:00,12,0,12,F11MO
40,Molenlei 59,2022-04-06,00:00:00,6,2,4,F11MO
40,Molenlei 59,2022-04-06,01:00:00,2,0,2,F11MO
40,Molenlei 59,2022-04-06,02:00:00,8,4,4,F11MO
40,Molenlei 59,2022-04-06,03:00:00,0,0,0,F11MO
40,Molenlei 59,2022-04-06,04:00:00,8,6,2,F11MO
40,Molenlei 59,2022-04-06,05:00:00,30,18,12,F11MO
40,Molenlei 59,2022-04-06,06:00:00,38,24,14,F11MO
40,Molenlei 59,2022-04-06,07:00:00,134,82,52,F11MO
40,Molenlei 59,2022-04-06,08:00:00,138,82,56,F11MO
40,Molenlei 59,2022-04-06,09:00:00,118,64,54,F11MO
40,Molenlei 59,2022-04-06,10:00:00,126,68,58,F11MO
40,Molenlei 59,2022-04-06,11:00:00,96,46,50,F11MO
40,Molenlei 59,2022-04-06,12:00:00,112,60,52,F11MO
40,Molenlei 59,2022-04-06,13:00:00,108,60,48,F11MO
40,Molenlei 59,2022-04-06,14:00:00,128,54,74,F11MO
40,Molenlei 59,2022-04-06,15:00:00,78,36,42,F11MO
40,Molenlei 59,2022-04-06,16:00:00,130,44,86,F11MO
40,Molenlei 59,2022-04-06,17:00:00,188,68,120,F11MO
40,Molenlei 59,2022-04-06,18:00:00,84,36,48,F11MO
40,Molenlei 59,2022-04-06,19:00:00,50,18,32,F11MO
40,Molenlei 59,2022-04-06,20:00:00,28,10,18,F11MO
40,Molenlei 59,2022-04-06,21:00:00,32,16,16,F11MO
40,Molenlei 59,2022-04-06,22:00:00,24,8,16,F11MO
40,Molenlei 59,2022-04-06,23:00:00,8,6,2,F11MO
40,Molenlei 59,2022-04-07,00:00:00,4,0,4,F11MO
40,Molenlei 59,2022-04-07,01:00:00,4,4,0,F11MO
40,Molenlei 59,2022-04-07,02:00:00,2,0,2,F11MO
40,Molenlei 59,2022-04-07,03:00:00,2,2,0,F11MO
40,Molenlei 59,2022-04-07,04:00:00,4,0,4,F11MO
40,Molenlei 59,2022-04-07,05:00:00,40,24,16,F11MO
40,Molenlei 59,2022-04-07,06:00:00,36,24,12,F11MO
40,Molenlei 59,2022-04-07,07:00:00,92,50,42,F11MO
40,Molenlei 59,2022-04-07,08:00:00,112,58,54,F11MO
40,Molenlei 59,2022-04-07,09:00:00,38,18,20,F11MO
40,Molenlei 59,2022-04-07,10:00:00,50,34,16,F11MO
40,Molenlei 59,2022-04-07,11:00:00,56,22,34,F11MO
40,Molenlei 59,2022-04-07,12:00:00,58,28,30,F11MO
40,Molenlei 59,2022-04-07,13:00:00,80,36,44,F11MO
40,Molenlei 59,2022-04-07,14:00:00,80,42,38,F11MO
40,Molenlei 59,2022-04-07,15:00:00,58,20,38,F11MO
40,Molenlei 59,2022-04-07,16:00:00,124,56,68,F11MO
40,Molenlei 59,2022-04-07,17:00:00,160,64,96,F11MO
40,Molenlei 59,2022-04-07,18:00:00,78,28,50,F11MO
40,Molenlei 59,2022-04-07,19:00:00,38,12,26,F11MO
40,Molenlei 59,2022-04-07,20:00:00,38,20,18,F11MO
40,Molenlei 59,2022-04-07,21:00:00,10,2,8,F11MO
40,Molenlei 59,2022-04-07,22:00:00,22,2,20,F11MO
40,Molenlei 59,2022-04-07,23:00:00,4,2,2,F11MO
40,Molenlei 59,2022-04-08,00:00:00,10,6,4,F11MO
40,Molenlei 59,2022-04-08,01:00:00,4,0,4,F11MO
40,Molenlei 59,2022-04-08,02:00:00,0,0,0,F11MO
40,Molenlei 59,2022-04-08,03:00:00,0,0,0,F11MO
40,Molenlei 59,2022-04-08,04:00:00,12,6,6,F11MO
40,Molenlei 59,2022-04-08,05:00:00,28,20,8,F11MO
40,Molenlei 59,2022-04-08,06:00:00,54,34,20,F11MO
40,Molenlei 59,2022-04-08,07:00:00,108,58,50,F11MO
40,Molenlei 59,2022-04-08,08:00:00,142,78,64,F11MO
40,Molenlei 59,2022-04-08,09:00:00,80,38,42,F11MO
40,Molenlei 59,2022-04-08,10:00:00,84,48,36,F11MO
40,Molenlei 59,2022-04-08,11:00:00,120,70,50,F11MO
40,Molenlei 59,2022-04-08,12:00:00,108,48,60,F11MO
40,Molenlei 59,2022-04-08,13:00:00,116,52,64,F11MO
40,Molenlei 59,2022-04-08,14:00:00,134,54,80,F11MO
40,Molenlei 59,2022-04-08,15:00:00,148,58,90,F11MO
40,Molenlei 59,2022-04-08,16:00:00,176,90,86,F11MO
40,Molenlei 59,2022-04-08,17:00:00,174,72,102,F11MO
40,Molenlei 59,2022-04-08,18:00:00,96,38,58,F11MO
40,Molenlei 59,2022-04-08,19:00:00,50,20,30,F11MO
40,Molenlei 59,2022-04-08,20:00:00,70,30,40,F11MO
40,Molenlei 59,2022-04-08,21:00:00,26,16,10,F11MO
40,Molenlei 59,2022-04-08,22:00:00,24,10,14,F11MO
40,Molenlei 59,2022-04-08,23:00:00,18,6,12,F11MO
40,Molenlei 59,2022-04-09,00:00:00,18,14,4,F11MO
40,Molenlei 59,2022-04-09,01:00:00,4,0,4,F11MO
40,Molenlei 59,2022-04-09,02:00:00,10,6,4,F11MO
40,Molenlei 59,2022-04-09,03:00:00,4,4,0,F11MO
40,Molenlei 59,2022-04-09,04:00:00,12,6,6,F11MO
40,Molenlei 59,2022-04-09,05:00:00,18,8,10,F11MO
40,Molenlei 59,2022-04-09,06:00:00,8,6,2,F11MO
40,Molenlei 59,2022-04-09,07:00:00,10,4,6,F11MO
40,Molenlei 59,2022-04-09,08:00:00,62,28,34,F11MO
40,Molenlei 59,2022-04-09,09:00:00,68,18,50,F11MO
40,Molenlei 59,2022-04-09,10:00:00,136,56,80,F11MO
40,Molenlei 59,2022-04-09,11:00:00,134,66,68,F11MO
40,Molenlei 59,2022-04-09,12:00:00,138,80,58,F11MO
40,Molenlei 59,2022-04-09,13:00:00,186,108,78,F11MO
40,Molenlei 59,2022-04-09,14:00:00,142,56,86,F11MO
40,Molenlei 59,2022-04-09,15:00:00,172,90,82,F11MO
40,Molenlei 59,2022-04-09,16:00:00,152,96,56,F11MO
40,Molenlei 59,2022-04-09,17:00:00,114,64,50,F11MO
40,Molenlei 59,2022-04-09,18:00:00,94,62,32,F11MO
40,Molenlei 59,2022-04-09,19:00:00,38,20,18,F11MO
40,Molenlei 59,2022-04-09,20:00:00,42,22,20,F11MO
40,Molenlei 59,2022-04-09,21:00:00,16,8,8,F11MO
40,Molenlei 59,2022-04-09,22:00:00,20,4,16,F11MO
40,Molenlei 59,2022-04-09,23:00:00,10,6,4,F11MO
40,Molenlei 59,2022-04-10,00:00:00,22,18,4,F11MO
40,Molenlei 59,2022-04-10,01:00:00,12,4,8,F11MO
40,Molenlei 59,2022-04-10,02:00:00,2,0,2,F11MO
40,Molenlei 59,2022-04-10,03:00:00,4,0,4,F11MO
40,Molenlei 59,2022-04-10,04:00:00,6,6,0,F11MO
40,Molenlei 59,2022-04-10,05:00:00,14,8,6,F11MO
40,Molenlei 59,2022-04-10,06:00:00,16,8,8,F11MO
40,Molenlei 59,2022-04-10,07:00:00,14,6,8,F11MO
40,Molenlei 59,2022-04-10,08:00:00,52,32,20,F11MO
40,Molenlei 59,2022-04-10,09:00:00,224,94,130,F11MO
40,Molenlei 59,2022-04-10,10:00:00,296,104,192,F11MO
40,Molenlei 59,2022-04-10,11:00:00,306,152,154,F11MO
40,Molenlei 59,2022-04-10,12:00:00,252,142,110,F11MO
40,Molenlei 59,2022-04-10,13:00:00,228,118,110,F11MO
40,Molenlei 59,2022-04-10,14:00:00,278,132,146,F11MO
40,Molenlei 59,2022-04-10,15:00:00,246,114,132,F11MO
40,Molenlei 59,2022-04-10,16:00:00,208,136,72,F11MO
40,Molenlei 59,2022-04-10,17:00:00,202,112,90,F11MO
40,Molenlei 59,2022-04-10,18:00:00,136,64,72,F11MO
40,Molenlei 59,2022-04-10,19:00:00,82,42,40,F11MO
40,Molenlei 59,2022-04-10,20:00:00,56,24,32,F11MO
40,Molenlei 59,2022-04-10,21:00:00,20,6,14,F11MO
40,Molenlei 59,2022-04-10,22:00:00,28,12,16,F11MO
40,Molenlei 59,2022-04-10,23:00:00,28,10,18,F11MO
40,Molenlei 59,2022-04-11,00:00:00,0,0,0,F11MO
40,Molenlei 59,2022-04-11,01:00:00,6,6,0,F11MO
40,Molenlei 59,2022-04-11,02:00:00,10,10,0,F11MO
40,Molenlei 59,2022-04-11,03:00:00,0,0,0,F11MO
40,Molenlei 59,2022-04-11,04:00:00,4,4,0,F11MO
40,Molenlei 59,2022-04-11,05:00:00,34,24,10,F11MO
40,Molenlei 59,2022-04-11,06:00:00,88,62,26,F11MO
40,Molenlei 59,2022-04-11,07:00:00,188,112,76,F11MO
40,Molenlei 59,2022-04-11,08:00:00,212,126,86,F11MO
40,Molenlei 59,2022-04-11,09:00:00,132,60,72,F11MO
40,Molenlei 59,2022-04-11,10:00:00,108,38,70,F11MO
40,Molenlei 59,2022-04-11,11:00:00,128,72,56,F11MO
40,Molenlei 59,2022-04-11,12:00:00,186,124,62,F11MO
40,Molenlei 59,2022-04-11,13:00:00,208,100,108,F11MO
40,Molenlei 59,2022-04-11,14:00:00,212,86,126,F11MO
40,Molenlei 59,2022-04-11,15:00:00,222,108,114,F11MO
40,Molenlei 59,2022-04-11,16:00:00,250,120,130,F11MO
40,Molenlei 59,2022-04-11,17:00:00,356,158,198,F11MO
40,Molenlei 59,2022-04-11,18:00:00,224,82,142,F11MO
40,Molenlei 59,2022-04-11,19:00:00,148,76,72,F11MO
40,Molenlei 59,2022-04-11,20:00:00,74,42,32,F11MO
40,Molenlei 59,2022-04-11,21:00:00,44,26,18,F11MO
40,Molenlei 59,2022-04-11,22:00:00,34,6,28,F11MO
40,Molenlei 59,2022-04-11,23:00:00,12,2,10,F11MO
40,Molenlei 59,2022-04-12,00:00:00,10,2,8,F11MO
40,Molenlei 59,2022-04-12,01:00:00,6,2,4,F11MO
40,Molenlei 59,2022-04-12,02:00:00,0,0,0,F11MO
40,Molenlei 59,2022-04-12,03:00:00,2,0,2,F11MO
40,Molenlei 59,2022-04-12,04:00:00,10,6,4,F11MO
40,Molenlei 59,2022-04-12,05:00:00,58,42,16,F11MO
40,Molenlei 59,2022-04-12,06:00:00,106,76,30,F11MO
40,Molenlei 59,2022-04-12,07:00:00,204,134,70,F11MO
40,Molenlei 59,2022-04-12,08:00:00,272,148,124,F11MO
40,Molenlei 59,2022-04-12,09:00:00,140,68,72,F11MO
40,Molenlei 59,2022-04-12,10:00:00,126,58,68,F11MO
40,Molenlei 59,2022-04-12,11:00:00,172,102,70,F11MO
40,Molenlei 59,2022-04-12,12:00:00,178,76,102,F11MO
40,Molenlei 59,2022-04-12,13:00:00,256,104,152,F11MO
40,Molenlei 59,2022-04-12,14:00:00,266,94,172,F11MO
40,Molenlei 59,2022-04-12,15:00:00,290,126,164,F11MO
40,Molenlei 59,2022-04-12,16:00:00,376,172,204,F11MO
40,Molenlei 59,2022-04-12,17:00:00,454,200,254,F11MO
40,Molenlei 59,2022-04-12,18:00:00,306,134,172,F11MO
40,Molenlei 59,2022-04-12,19:00:00,236,138,98,F11MO
40,Molenlei 59,2022-04-12,20:00:00,162,132,30,F11MO
40,Molenlei 59,2022-04-12,21:00:00,38,18,20,F11MO
40,Molenlei 59,2022-04-12,22:00:00,34,14,20,F11MO
40,Molenlei 59,2022-04-12,23:00:00,22,8,14,F11MO
40,Molenlei 59,2022-04-13,00:00:00,14,4,10,F11MO
40,Molenlei 59,2022-04-13,01:00:00,18,10,8,F11MO
40,Molenlei 59,2022-04-13,02:00:00,4,2,2,F11MO
40,Molenlei 59,2022-04-13,03:00:00,4,2,2,F11MO
40,Molenlei 59,2022-04-13,04:00:00,12,8,4,F11MO
40,Molenlei 59,2022-04-13,05:00:00,50,32,18,F11MO
40,Molenlei 59,2022-04-13,06:00:00,78,50,28,F11MO
40,Molenlei 59,2022-04-13,07:00:00,194,126,68,F11MO
40,Molenlei 59,2022-04-13,08:00:00,204,130,74,F11MO
40,Molenlei 59,2022-04-13,09:00:00,104,56,48,F11MO
40,Molenlei 59,2022-04-13,10:00:00,150,76,74,F11MO
40,Molenlei 59,2022-04-13,11:00:00,148,84,64,F11MO
40,Molenlei 59,2022-04-13,12:00:00,106,38,68,F11MO
40,Molenlei 59,2022-04-13,13:00:00,134,68,66,F11MO
40,Molenlei 59,2022-04-13,14:00:00,124,50,74,F11MO
40,Molenlei 59,2022-04-13,15:00:00,98,32,66,F11MO
40,Molenlei 59,2022-04-13,16:00:00,194,94,100,F11MO
40,Molenlei 59,2022-04-13,17:00:00,288,82,206,F11MO
40,Molenlei 59,2022-04-13,18:00:00,220,68,152,F11MO
40,Molenlei 59,2022-04-13,19:00:00,92,48,44,F11MO
40,Molenlei 59,2022-04-13,20:00:00,86,64,22,F11MO
40,Molenlei 59,2022-04-13,21:00:00,52,30,22,F11MO
40,Molenlei 59,2022-04-13,22:00:00,26,8,18,F11MO
40,Molenlei 59,2022-04-13,23:00:00,24,6,18,F11MO
40,Molenlei 59,2022-04-14,00:00:00,12,2,10,F11MO
40,Molenlei 59,2022-04-14,01:00:00,2,0,2,F11MO
40,Molenlei 59,2022-04-14,02:00:00,0,0,0,F11MO
40,Molenlei 59,2022-04-14,03:00:00,0,0,0,F11MO
40,Molenlei 59,2022-04-14,04:00:00,10,8,2,F11MO
40,Molenlei 59,2022-04-14,05:00:00,32,20,12,F11MO
40,Molenlei 59,2022-04-14,06:00:00,92,64,28,F11MO
40,Molenlei 59,2022-04-14,07:00:00,178,108,70,F11MO
40,Molenlei 59,2022-04-14,08:00:00,242,150,92,F11MO
40,Molenlei 59,2022-04-14,09:00:00,126,58,68,F11MO
40,Molenlei 59,2022-04-14,10:00:00,148,70,78,F11MO
40,Molenlei 59,2022-04-14,11:00:00,182,88,94,F11MO
40,Molenlei 59,2022-04-14,12:00:00,190,92,98,F11MO
40,Molenlei 59,2022-04-14,13:00:00,224,102,122,F11MO
40,Molenlei 59,2022-04-14,14:00:00,286,130,156,F11MO
40,Molenlei 59,2022-04-14,15:00:00,216,88,128,F11MO
40,Molenlei 59,2022-04-14,16:00:00,314,170,144,F11MO
40,Molenlei 59,2022-04-14,17:00:00,432,166,266,F11MO
40,Molenlei 59,2022-04-14,18:00:00,216,92,124,F11MO
40,Molenlei 59,2022-04-14,19:00:00,192,96,96,F11MO
40,Molenlei 59,2022-04-14,20:00:00,134,112,22,F11MO
40,Molenlei 59,2022-04-14,21:00:00,44,26,18,F11MO
40,Molenlei 59,2022-04-14,22:00:00,48,12,36,F11MO
40,Molenlei 59,2022-04-14,23:00:00,12,0,12,F11MO
40,Molenlei 59,2022-04-15,00:00:00,26,16,10,F11MO
40,Molenlei 59,2022-04-15,01:00:00,8,4,4,F11MO
40,Molenlei 59,2022-04-15,02:00:00,22,16,6,F11MO
40,Molenlei 59,2022-04-15,03:00:00,2,0,2,F11MO
40,Molenlei 59,2022-04-15,04:00:00,10,4,6,F11MO
40,Molenlei 59,2022-04-15,05:00:00,34,22,12,F11MO
40,Molenlei 59,2022-04-15,06:00:00,80,50,30,F11MO
40,Molenlei 59,2022-04-15,07:00:00,138,80,58,F11MO
40,Molenlei 59,2022-04-15,08:00:00,192,112,80,F11MO
40,Molenlei 59,2022-04-15,09:00:00,144,72,72,F11MO
40,Molenlei 59,2022-04-15,10:00:00,164,72,92,F11MO
40,Molenlei 59,2022-04-15,11:00:00,158,74,84,F11MO
40,Molenlei 59,2022-04-15,12:00:00,154,74,80,F11MO
40,Molenlei 59,2022-04-15,13:00:00,262,124,138,F11MO
40,Molenlei 59,2022-04-15,14:00:00,286,126,160,F11MO
40,Molenlei 59,2022-04-15,15:00:00,312,156,156,F11MO
40,Molenlei 59,2022-04-15,16:00:00,344,144,200,F11MO
40,Molenlei 59,2022-04-15,17:00:00,312,154,158,F11MO
40,Molenlei 59,2022-04-15,18:00:00,258,140,118,F11MO
40,Molenlei 59,2022-04-15,19:00:00,148,66,82,F11MO
40,Molenlei 59,2022-04-15,20:00:00,88,62,26,F11MO
40,Molenlei 59,2022-04-15,21:00:00,68,34,34,F11MO
40,Molenlei 59,2022-04-15,22:00:00,48,16,32,F11MO
40,Molenlei 59,2022-04-15,23:00:00,28,16,12,F11MO
40,Molenlei 59,2022-04-16,00:00:00,14,6,8,F11MO
40,Molenlei 59,2022-04-16,01:00:00,18,8,10,F11MO
40,Molenlei 59,2022-04-16,02:00:00,6,4,2,F11MO
40,Molenlei 59,2022-04-16,03:00:00,10,0,10,F11MO
40,Molenlei 59,2022-04-16,04:00:00,18,12,6,F11MO
40,Molenlei 59,2022-04-16,05:00:00,28,10,18,F11MO
40,Molenlei 59,2022-04-16,06:00:00,24,6,18,F11MO
40,Molenlei 59,2022-04-16,07:00:00,38,18,20,F11MO
40,Molenlei 59,2022-04-16,08:00:00,96,40,56,F11MO
40,Molenlei 59,2022-04-16,09:00:00,148,68,80,F11MO
40,Molenlei 59,2022-04-16,10:00:00,222,92,130,F11MO
40,Molenlei 59,2022-04-16,11:00:00,224,102,122,F11MO
40,Molenlei 59,2022-04-16,12:00:00,282,168,114,F11MO
40,Molenlei 59,2022-04-16,13:00:00,314,162,152,F11MO
40,Molenlei 59,2022-04-16,14:00:00,334,160,174,F11MO
40,Molenlei 59,2022-04-16,15:00:00,392,172,220,F11MO
40,Molenlei 59,2022-04-16,16:00:00,318,170,148,F11MO
40,Molenlei 59,2022-04-16,17:00:00,270,154,116,F11MO
40,Molenlei 59,2022-04-16,18:00:00,178,92,86,F11MO
40,Molenlei 59,2022-04-16,19:00:00,90,46,44,F11MO
40,Molenlei 59,2022-04-16,20:00:00,84,34,50,F11MO
40,Molenlei 59,2022-04-16,21:00:00,28,10,18,F11MO
40,Molenlei 59,2022-04-16,22:00:00,36,10,26,F11MO
40,Molenlei 59,2022-04-16,23:00:00,22,8,14,F11MO
40,Molenlei 59,2022-04-17,00:00:00,44,34,10,F11MO
40,Molenlei 59,2022-04-17,01:00:00,20,2,18,F11MO
40,Molenlei 59,2022-04-17,02:00:00,16,8,8,F11MO
40,Molenlei 59,2022-04-17,03:00:00,6,4,2,F11MO
40,Molenlei 59,2022-04-17,04:00:00,6,6,0,F11MO
40,Molenlei 59,2022-04-17,05:00:00,28,12,16,F11MO
40,Molenlei 59,2022-04-17,06:00:00,24,12,12,F11MO
40,Molenlei 59,2022-04-17,07:00:00,48,14,34,F11MO
40,Molenlei 59,2022-04-17,08:00:00,72,30,42,F11MO
40,Molenlei 59,2022-04-17,09:00:00,208,62,146,F11MO
40,Molenlei 59,2022-04-17,10:00:00,252,96,156,F11MO
40,Molenlei 59,2022-04-17,11:00:00,350,178,172,F11MO
40,Molenlei 59,2022-04-17,12:00:00,262,134,128,F11MO
40,Molenlei 59,2022-04-17,13:00:00,330,142,188,F11MO
40,Molenlei 59,2022-04-17,14:00:00,376,146,230,F11MO
40,Molenlei 59,2022-04-17,15:00:00,286,138,148,F11MO
40,Molenlei 59,2022-04-17,16:00:00,270,154,116,F11MO
40,Molenlei 59,2022-04-17,17:00:00,334,212,122,F11MO
40,Molenlei 59,2022-04-17,18:00:00,206,120,86,F11MO
40,Molenlei 59,2022-04-17,19:00:00,138,86,52,F11MO
40,Molenlei 59,2022-04-17,20:00:00,104,72,32,F11MO
40,Molenlei 59,2022-04-17,21:00:00,60,36,24,F11MO
40,Molenlei 59,2022-04-17,22:00:00,24,8,16,F11MO
40,Molenlei 59,2022-04-17,23:00:00,16,10,6,F11MO
40,Molenlei 59,2022-04-18,00:00:00,16,8,8,F11MO
40,Molenlei 59,2022-04-18,01:00:00,22,10,12,F11MO
40,Molenlei 59,2022-04-18,02:00:00,2,2,0,F11MO
40,Molenlei 59,2022-04-18,03:00:00,14,4,10,F11MO
40,Molenlei 59,2022-04-18,04:00:00,6,4,2,F11MO
40,Molenlei 59,2022-04-18,05:00:00,18,4,14,F11MO
40,Molenlei 59,2022-04-18,06:00:00,18,14,4,F11MO
40,Molenlei 59,2022-04-18,07:00:00,40,10,30,F11MO
40,Molenlei 59,2022-04-18,08:00:00,76,22,54,F11MO
40,Molenlei 59,2022-04-18,09:00:00,216,80,136,F11MO
40,Molenlei 59,2022-04-18,10:00:00,360,130,230,F11MO
40,Molenlei 59,2022-04-18,11:00:00,352,166,186,F11MO
40,Molenlei 59,2022-04-18,12:00:00,294,146,148,F11MO
40,Molenlei 59,2022-04-18,13:00:00,464,178,286,F11MO
40,Molenlei 59,2022-04-18,14:00:00,494,270,224,F11MO
40,Molenlei 59,2022-04-18,15:00:00,516,284,232,F11MO
40,Molenlei 59,2022-04-18,16:00:00,414,216,198,F11MO
40,Molenlei 59,2022-04-18,17:00:00,360,238,122,F11MO
40,Molenlei 59,2022-04-18,18:00:00,264,180,84,F11MO
40,Molenlei 59,2022-04-18,19:00:00,188,90,98,F11MO
40,Molenlei 59,2022-04-18,20:00:00,56,40,16,F11MO
40,Molenlei 59,2022-04-18,21:00:00,40,22,18,F11MO
40,Molenlei 59,2022-04-18,22:00:00,28,8,20,F11MO
40,Molenlei 59,2022-04-18,23:00:00,22,10,12,F11MO
40,Molenlei 59,2022-04-19,00:00:00,6,0,6,F11MO
40,Molenlei 59,2022-04-19,01:00:00,0,0,0,F11MO
40,Molenlei 59,2022-04-19,02:00:00,0,0,0,F11MO
40,Molenlei 59,2022-04-19,03:00:00,0,0,0,F11MO
40,Molenlei 59,2022-04-19,04:00:00,10,8,2,F11MO
40,Molenlei 59,2022-04-19,05:00:00,56,36,20,F11MO
40,Molenlei 59,2022-04-19,06:00:00,134,98,36,F11MO
40,Molenlei 59,2022-04-19,07:00:00,420,286,134,F11MO
40,Molenlei 59,2022-04-19,08:00:00,480,306,174,F11MO
40,Molenlei 59,2022-04-19,09:00:00,130,60,70,F11MO
40,Molenlei 59,2022-04-19,10:00:00,124,72,52,F11MO
40,Molenlei 59,2022-04-19,11:00:00,108,46,62,F11MO
40,Molenlei 59,2022-04-19,12:00:00,158,92,66,F11MO
40,Molenlei 59,2022-04-19,13:00:00,166,66,100,F11MO
40,Molenlei 59,2022-04-19,14:00:00,222,104,118,F11MO
40,Molenlei 59,2022-04-19,15:00:00,370,144,226,F11MO
40,Molenlei 59,2022-04-19,16:00:00,486,168,318,F11MO
40,Molenlei 59,2022-04-19,17:00:00,476,168,308,F11MO
40,Molenlei 59,2022-04-19,18:00:00,346,170,176,F11MO
40,Molenlei 59,2022-04-19,19:00:00,210,110,100,F11MO
40,Molenlei 59,2022-04-19,20:00:00,116,58,58,F11MO
40,Molenlei 59,2022-04-19,21:00:00,62,44,18,F11MO
40,Molenlei 59,2022-04-19,22:00:00,52,16,36,F11MO
40,Molenlei 59,2022-04-19,23:00:00,10,4,6,F11MO
40,Molenlei 59,2022-04-20,00:00:00,8,0,8,F11MO
40,Molenlei 59,2022-04-20,01:00:00,2,2,0,F11MO
40,Molenlei 59,2022-04-20,02:00:00,4,0,4,F11MO
40,Molenlei 59,2022-04-20,03:00:00,0,0,0,F11MO
40,Molenlei 59,2022-04-20,04:00:00,10,10,0,F11MO
40,Molenlei 59,2022-04-20,05:00:00,50,40,10,F11MO
40,Molenlei 59,2022-04-20,06:00:00,132,86,46,F11MO
40,Molenlei 59,2022-04-20,07:00:00,432,268,164,F11MO
40,Molenlei 59,2022-04-20,08:00:00,484,326,158,F11MO
40,Molenlei 59,2022-04-20,09:00:00,174,96,78,F11MO
40,Molenlei 59,2022-04-20,10:00:00,166,92,74,F11MO
40,Molenlei 59,2022-04-20,11:00:00,250,100,150,F11MO
40,Molenlei 59,2022-04-20,12:00:00,386,140,246,F11MO
40,Molenlei 59,2022-04-20,13:00:00,318,144,174,F11MO
40,Molenlei 59,2022-04-20,14:00:00,246,122,124,F11MO
40,Molenlei 59,2022-04-20,15:00:00,262,124,138,F11MO
40,Molenlei 59,2022-04-20,16:00:00,412,160,252,F11MO
40,Molenlei 59,2022-04-20,17:00:00,486,196,290,F11MO
40,Molenlei 59,2022-04-20,18:00:00,374,148,226,F11MO
40,Molenlei 59,2022-04-20,19:00:00,260,126,134,F11MO
40,Molenlei 59,2022-04-20,20:00:00,166,98,68,F11MO
40,Molenlei 59,2022-04-20,21:00:00,78,38,40,F11MO
40,Molenlei 59,2022-04-20,22:00:00,58,18,40,F11MO
40,Molenlei 59,2022-04-20,23:00:00,16,2,14,F11MO
40,Molenlei 59,2022-04-21,00:00:00,4,0,4,F11MO
40,Molenlei 59,2022-04-21,01:00:00,4,0,4,F11MO
40,Molenlei 59,2022-04-21,02:00:00,0,0,0,F11MO
40,Molenlei 59,2022-04-21,03:00:00,0,0,0,F11MO
40,Molenlei 59,2022-04-21,04:00:00,12,12,0,F11MO
40,Molenlei 59,2022-04-21,05:00:00,54,42,12,F11MO
40,Molenlei 59,2022-04-21,06:00:00,130,94,36,F11MO
40,Molenlei 59,2022-04-21,07:00:00,430,288,142,F11MO
40,Molenlei 59,2022-04-21,08:00:00,586,380,206,F11MO
40,Molenlei 59,2022-04-21,09:00:00,174,84,90,F11MO
40,Molenlei 59,2022-04-21,10:00:00,134,64,70,F11MO
40,Molenlei 59,2022-04-21,11:00:00,140,74,66,F11MO
40,Molenlei 59,2022-04-21,12:00:00,212,112,100,F11MO
40,Molenlei 59,2022-04-21,13:00:00,166,74,92,F11MO
40,Molenlei 59,2022-04-21,14:00:00,240,88,152,F11MO
40,Molenlei 59,2022-04-21,15:00:00,376,162,214,F11MO
40,Molenlei 59,2022-04-21,16:00:00,616,204,412,F11MO
40,Molenlei 59,2022-04-21,17:00:00,532,180,352,F11MO
40,Molenlei 59,2022-04-21,18:00:00,348,132,216,F11MO
40,Molenlei 59,2022-04-21,19:00:00,282,134,148,F11MO
40,Molenlei 59,2022-04-21,20:00:00,164,106,58,F11MO
40,Molenlei 59,2022-04-21,21:00:00,90,42,48,F11MO
40,Molenlei 59,2022-04-21,22:00:00,42,10,32,F11MO
40,Molenlei 59,2022-04-21,23:00:00,32,8,24,F11MO
40,Molenlei 59,2022-04-22,00:00:00,4,0,4,F11MO
40,Molenlei 59,2022-04-22,01:00:00,2,2,0,F11MO
40,Molenlei 59,2022-04-22,02:00:00,2,0,2,F11MO
40,Molenlei 59,2022-04-22,03:00:00,2,0,2,F11MO
40,Molenlei 59,2022-04-22,04:00:00,12,12,0,F11MO
40,Molenlei 59,2022-04-22,05:00:00,46,34,12,F11MO
40,Molenlei 59,2022-04-22,06:00:00,96,70,26,F11MO
40,Molenlei 59,2022-04-22,07:00:00,320,204,116,F11MO
40,Molenlei 59,2022-04-22,08:00:00,486,280,206,F11MO
40,Molenlei 59,2022-04-22,09:00:00,194,104,90,F11MO
40,Molenlei 59,2022-04-22,10:00:00,130,70,60,F11MO
40,Molenlei 59,2022-04-22,11:00:00,142,78,64,F11MO
40,Molenlei 59,2022-04-22,12:00:00,170,90,80,F11MO
40,Molenlei 59,2022-04-22,13:00:00,130,58,72,F11MO
40,Molenlei 59,2022-04-22,14:00:00,206,90,116,F11MO
40,Molenlei 59,2022-04-22,15:00:00,386,130,256,F11MO
40,Molenlei 59,2022-04-22,16:00:00,428,170,258,F11MO
40,Molenlei 59,2022-04-22,17:00:00,348,126,222,F11MO
40,Molenlei 59,2022-04-22,18:00:00,228,102,126,F11MO
40,Molenlei 59,2022-04-22,19:00:00,120,70,50,F11MO
40,Molenlei 59,2022-04-22,20:00:00,86,42,44,F11MO
40,Molenlei 59,2022-04-22,21:00:00,62,18,44,F11MO
40,Molenlei 59,2022-04-22,22:00:00,62,18,44,F11MO
40,Molenlei 59,2022-04-22,23:00:00,48,22,26,F11MO
40,Molenlei 59,2022-04-23,00:00:00,20,6,14,F11MO
40,Molenlei 59,2022-04-23,01:00:00,22,14,8,F11MO
40,Molenlei 59,2022-04-23,02:00:00,22,16,6,F11MO
40,Molenlei 59,2022-04-23,03:00:00,12,2,10,F11MO
40,Molenlei 59,2022-04-23,04:00:00,6,6,0,F11MO
40,Molenlei 59,2022-04-23,05:00:00,16,6,10,F11MO
40,Molenlei 59,2022-04-23,06:00:00,6,0,6,F11MO
40,Molenlei 59,2022-04-23,07:00:00,18,8,10,F11MO
40,Molenlei 59,2022-04-23,08:00:00,100,50,50,F11MO
40,Molenlei 59,2022-04-23,09:00:00,162,54,108,F11MO
40,Molenlei 59,2022-04-23,10:00:00,224,96,128,F11MO
40,Molenlei 59,2022-04-23,11:00:00,232,102,130,F11MO
40,Molenlei 59,2022-04-23,12:00:00,220,126,94,F11MO
40,Molenlei 59,2022-04-23,13:00:00,250,126,124,F11MO
40,Molenlei 59,2022-04-23,14:00:00,250,104,146,F11MO
40,Molenlei 59,2022-04-23,15:00:00,282,124,158,F11MO
40,Molenlei 59,2022-04-23,16:00:00,284,142,142,F11MO
40,Molenlei 59,2022-04-23,17:00:00,168,90,78,F11MO
40,Molenlei 59,2022-04-23,18:00:00,130,74,56,F11MO
40,Molenlei 59,2022-04-23,19:00:00,148,68,80,F11MO
40,Molenlei 59,2022-04-23,20:00:00,46,28,18,F11MO
40,Molenlei 59,2022-04-23,21:00:00,72,44,28,F11MO
40,Molenlei 59,2022-04-23,22:00:00,38,24,14,F11MO
40,Molenlei 59,2022-04-23,23:00:00,36,18,18,F11MO
40,Molenlei 59,2022-04-24,00:00:00,46,16,30,F11MO
40,Molenlei 59,2022-04-24,01:00:00,12,4,8,F11MO
40,Molenlei 59,2022-04-24,02:00:00,14,4,10,F11MO
40,Molenlei 59,2022-04-24,03:00:00,6,6,0,F11MO
40,Molenlei 59,2022-04-24,04:00:00,10,8,2,F11MO
40,Molenlei 59,2022-04-24,05:00:00,8,2,6,F11MO
40,Molenlei 59,2022-04-24,06:00:00,24,18,6,F11MO
40,Molenlei 59,2022-04-24,07:00:00,46,10,36,F11MO
40,Molenlei 59,2022-04-24,08:00:00,96,34,62,F11MO
40,Molenlei 59,2022-04-24,09:00:00,252,72,180,F11MO
40,Molenlei 59,2022-04-24,10:00:00,378,156,222,F11MO
40,Molenlei 59,2022-04-24,11:00:00,408,226,182,F11MO
40,Molenlei 59,2022-04-24,12:00:00,388,212,176,F11MO
40,Molenlei 59,2022-04-24,13:00:00,366,172,194,F11MO
40,Molenlei 59,2022-04-24,14:00:00,304,134,170,F11MO
40,Molenlei 59,2022-04-24,15:00:00,330,146,184,F11MO
40,Molenlei 59,2022-04-24,16:00:00,278,146,132,F11MO
40,Molenlei 59,2022-04-24,17:00:00,238,100,138,F11MO
40,Molenlei 59,2022-04-24,18:00:00,182,96,86,F11MO
40,Molenlei 59,2022-04-24,19:00:00,128,58,70,F11MO
40,Molenlei 59,2022-04-24,20:00:00,60,34,26,F11MO
40,Molenlei 59,2022-04-24,21:00:00,32,20,12,F11MO
40,Molenlei 59,2022-04-24,22:00:00,48,18,30,F11MO
40,Molenlei 59,2022-04-24,23:00:00,8,6,2,F11MO
40,Molenlei 59,2022-04-25,00:00:00,14,2,12,F11MO
40,Molenlei 59,2022-04-25,01:00:00,2,0,2,F11MO
40,Molenlei 59,2022-04-25,02:00:00,2,2,0,F11MO
40,Molenlei 59,2022-04-25,03:00:00,0,0,0,F11MO
40,Molenlei 59,2022-04-25,04:00:00,10,8,2,F11MO
40,Molenlei 59,2022-04-25,05:00:00,44,24,20,F11MO
40,Molenlei 59,2022-04-25,06:00:00,108,86,22,F11MO
40,Molenlei 59,2022-04-25,07:00:00,368,228,140,F11MO
40,Molenlei 59,2022-04-25,08:00:00,398,242,156,F11MO
40,Molenlei 59,2022-04-25,09:00:00,138,80,58,F11MO
40,Molenlei 59,2022-04-25,10:00:00,120,60,60,F11MO
40,Molenlei 59,2022-04-25,11:00:00,118,60,58,F11MO
40,Molenlei 59,2022-04-25,12:00:00,112,58,54,F11MO
40,Molenlei 59,2022-04-25,13:00:00,118,68,50,F11MO
40,Molenlei 59,2022-04-25,14:00:00,146,72,74,F11MO
40,Molenlei 59,2022-04-25,15:00:00,264,70,194,F11MO
40,Molenlei 59,2022-04-25,16:00:00,424,156,268,F11MO
40,Molenlei 59,2022-04-25,17:00:00,348,126,222,F11MO
40,Molenlei 59,2022-04-25,18:00:00,206,86,120,F11MO
40,Molenlei 59,2022-04-25,19:00:00,132,66,66,F11MO
40,Molenlei 59,2022-04-25,20:00:00,72,46,26,F11MO
40,Molenlei 59,2022-04-25,21:00:00,30,16,14,F11MO
40,Molenlei 59,2022-04-25,22:00:00,66,22,44,F11MO
40,Molenlei 59,2022-04-25,23:00:00,12,6,6,F11MO
40,Molenlei 59,2022-04-26,00:00:00,2,0,2,F11MO
40,Molenlei 59,2022-04-26,01:00:00,4,0,4,F11MO
40,Molenlei 59,2022-04-26,02:00:00,2,0,2,F11MO
40,Molenlei 59,2022-04-26,03:00:00,8,6,2,F11MO
40,Molenlei 59,2022-04-26,04:00:00,16,10,6,F11MO
40,Molenlei 59,2022-04-26,05:00:00,52,30,22,F11MO
40,Molenlei 59,2022-04-26,06:00:00,134,108,26,F11MO
40,Molenlei 59,2022-04-26,07:00:00,428,288,140,F11MO
40,Molenlei 59,2022-04-26,08:00:00,448,290,158,F11MO
40,Molenlei 59,2022-04-26,09:00:00,126,60,66,F11MO
40,Molenlei 59,2022-04-26,10:00:00,90,48,42,F11MO
40,Molenlei 59,2022-04-26,11:00:00,114,44,70,F11MO
40,Molenlei 59,2022-04-26,12:00:00,140,72,68,F11MO
40,Molenlei 59,2022-04-26,13:00:00,124,74,50,F11MO
40,Molenlei 59,2022-04-26,14:00:00,144,72,72,F11MO
40,Molenlei 59,2022-04-26,15:00:00,340,110,230,F11MO
40,Molenlei 59,2022-04-26,16:00:00,444,158,286,F11MO
40,Molenlei 59,2022-04-26,17:00:00,438,110,328,F11MO
40,Molenlei 59,2022-04-26,18:00:00,258,92,166,F11MO
40,Molenlei 59,2022-04-26,19:00:00,188,82,106,F11MO
40,Molenlei 59,2022-04-26,20:00:00,148,84,64,F11MO
40,Molenlei 59,2022-04-26,21:00:00,68,40,28,F11MO
40,Molenlei 59,2022-04-26,22:00:00,58,16,42,F11MO
40,Molenlei 59,2022-04-26,23:00:00,22,8,14,F11MO
40,Molenlei 59,2022-04-27,00:00:00,10,2,8,F11MO
40,Molenlei 59,2022-04-27,01:00:00,0,0,0,F11MO
40,Molenlei 59,2022-04-27,02:00:00,0,0,0,F11MO
40,Molenlei 59,2022-04-27,03:00:00,0,0,0,F11MO
40,Molenlei 59,2022-04-27,04:00:00,12,10,2,F11MO
40,Molenlei 59,2022-04-27,05:00:00,48,28,20,F11MO
40,Molenlei 59,2022-04-27,06:00:00,120,86,34,F11MO
40,Molenlei 59,2022-04-27,07:00:00,392,244,148,F11MO
40,Molenlei 59,2022-04-27,08:00:00,400,218,182,F11MO
40,Molenlei 59,2022-04-27,09:00:00,158,84,74,F11MO
40,Molenlei 59,2022-04-27,10:00:00,202,98,104,F11MO
40,Molenlei 59,2022-04-27,11:00:00,204,94,110,F11MO
40,Molenlei 59,2022-04-27,12:00:00,370,158,212,F11MO
40,Molenlei 59,2022-04-27,13:00:00,284,140,144,F11MO
40,Molenlei 59,2022-04-27,14:00:00,358,142,216,F11MO
40,Molenlei 59,2022-04-27,15:00:00,304,140,164,F11MO
40,Molenlei 59,2022-04-27,16:00:00,334,134,200,F11MO
40,Molenlei 59,2022-04-27,17:00:00,448,156,292,F11MO
40,Molenlei 59,2022-04-27,18:00:00,352,136,216,F11MO
40,Molenlei 59,2022-04-27,19:00:00,234,106,128,F11MO
40,Molenlei 59,2022-04-27,20:00:00,134,84,50,F11MO
40,Molenlei 59,2022-04-27,21:00:00,72,34,38,F11MO
40,Molenlei 59,2022-04-27,22:00:00,82,28,54,F11MO
40,Molenlei 59,2022-04-27,23:00:00,22,8,14,F11MO
40,Molenlei 59,2022-04-28,00:00:00,10,6,4,F11MO
40,Molenlei 59,2022-04-28,01:00:00,2,0,2,F11MO
40,Molenlei 59,2022-04-28,02:00:00,0,0,0,F11MO
40,Molenlei 59,2022-04-28,03:00:00,0,0,0,F11MO
40,Molenlei 59,2022-04-28,04:00:00,16,14,2,F11MO
40,Molenlei 59,2022-04-28,05:00:00,40,30,10,F11MO
40,Molenlei 59,2022-04-28,06:00:00,128,90,38,F11MO
40,Molenlei 59,2022-04-28,07:00:00,428,272,156,F11MO
40,Molenlei 59,2022-04-28,08:00:00,518,330,188,F11MO
40,Molenlei 59,2022-04-28,09:00:00,142,72,70,F11MO
40,Molenlei 59,2022-04-28,10:00:00,116,50,66,F11MO
40,Molenlei 59,2022-04-28,11:00:00,128,80,48,F11MO
40,Molenlei 59,2022-04-28,12:00:00,206,110,96,F11MO
40,Molenlei 59,2022-04-28,13:00:00,248,132,116,F11MO
40,Molenlei 59,2022-04-28,14:00:00,304,142,162,F11MO
40,Molenlei 59,2022-04-28,15:00:00,386,166,220,F11MO
40,Molenlei 59,2022-04-28,16:00:00,614,240,374,F11MO
40,Molenlei 59,2022-04-28,17:00:00,478,158,320,F11MO
40,Molenlei 59,2022-04-28,18:00:00,368,148,220,F11MO
40,Molenlei 59,2022-04-28,19:00:00,248,118,130,F11MO
40,Molenlei 59,2022-04-28,20:00:00,208,142,66,F11MO
40,Molenlei 59,2022-04-28,21:00:00,94,40,54,F11MO
40,Molenlei 59,2022-04-28,22:00:00,78,26,52,F11MO
40,Molenlei 59,2022-04-28,23:00:00,36,14,22,F11MO
40,Molenlei 59,2022-04-29,00:00:00,18,10,8,F11MO
40,Molenlei 59,2022-04-29,01:00:00,10,0,10,F11MO
40,Molenlei 59,2022-04-29,02:00:00,14,10,4,F11MO
40,Molenlei 59,2022-04-29,03:00:00,0,0,0,F11MO
40,Molenlei 59,2022-04-29,04:00:00,22,16,6,F11MO
40,Molenlei 59,2022-04-29,05:00:00,42,26,16,F11MO
40,Molenlei 59,2022-04-29,06:00:00,102,76,26,F11MO
40,Molenlei 59,2022-04-29,07:00:00,350,202,148,F11MO
40,Molenlei 59,2022-04-29,08:00:00,476,294,182,F11MO
40,Molenlei 59,2022-04-29,09:00:00,134,68,66,F11MO
40,Molenlei 59,2022-04-29,10:00:00,160,76,84,F11MO
40,Molenlei 59,2022-04-29,11:00:00,148,82,66,F11MO
40,Molenlei 59,2022-04-29,12:00:00,230,108,122,F11MO
40,Molenlei 59,2022-04-29,13:00:00,212,118,94,F11MO
40,Molenlei 59,2022-04-29,14:00:00,214,76,138,F11MO
40,Molenlei 59,2022-04-29,15:00:00,358,116,242,F11MO
40,Molenlei 59,2022-04-29,16:00:00,432,188,244,F11MO
40,Molenlei 59,2022-04-29,17:00:00,340,110,230,F11MO
40,Molenlei 59,2022-04-29,18:00:00,258,114,144,F11MO
40,Molenlei 59,2022-04-29,19:00:00,128,58,70,F11MO
40,Molenlei 59,2022-04-29,20:00:00,84,44,40,F11MO
40,Molenlei 59,2022-04-29,21:00:00,40,22,18,F11MO
40,Molenlei 59,2022-04-29,22:00:00,66,32,34,F11MO
40,Molenlei 59,2022-04-29,23:00:00,46,8,38,F11MO
40,Molenlei 59,2022-04-30,00:00:00,40,22,18,F11MO
40,Molenlei 59,2022-04-30,01:00:00,28,16,12,F11MO
40,Molenlei 59,2022-04-30,02:00:00,18,12,6,F11MO
40,Molenlei 59,2022-04-30,03:00:00,12,8,4,F11MO
40,Molenlei 59,2022-04-30,04:00:00,6,4,2,F11MO
40,Molenlei 59,2022-04-30,05:00:00,32,22,10,F11MO
40,Molenlei 59,2022-04-30,06:00:00,16,6,10,F11MO
40,Molenlei 59,2022-04-30,07:00:00,26,12,14,F11MO
40,Molenlei 59,2022-04-30,08:00:00,94,30,64,F11MO
40,Molenlei 59,2022-04-30,09:00:00,138,50,88,F11MO
40,Molenlei 59,2022-04-30,10:00:00,154,64,90,F11MO
40,Molenlei 59,2022-04-30,11:00:00,230,90,140,F11MO
40,Molenlei 59,2022-04-30,12:00:00,190,106,84,F11MO
40,Molenlei 59,2022-04-30,13:00:00,198,106,92,F11MO
40,Molenlei 59,2022-04-30,14:00:00,234,98,136,F11MO
40,Molenlei 59,2022-04-30,15:00:00,202,78,124,F11MO
40,Molenlei 59,2022-04-30,16:00:00,180,88,92,F11MO
40,Molenlei 59,2022-04-30,17:00:00,168,90,78,F11MO
40,Molenlei 59,2022-04-30,18:00:00,162,86,76,F11MO
40,Molenlei 59,2022-04-30,19:00:00,100,46,54,F11MO
40,Molenlei 59,2022-04-30,20:00:00,42,24,18,F11MO
40,Molenlei 59,2022-04-30,21:00:00,46,18,28,F11MO
40,Molenlei 59,2022-04-30,22:00:00,36,10,26,F11MO
40,Molenlei 59,2022-04-30,23:00:00,38,20,18,F11MO
40,Molenlei 59,2022-05-01,00:00:00,18,12,6,F11MO
40,Molenlei 59,2022-05-01,01:00:00,22,14,8,F11MO
40,Molenlei 59,2022-05-01,02:00:00,28,24,4,F11MO
40,Molenlei 59,2022-05-01,03:00:00,20,10,10,F11MO
40,Molenlei 59,2022-05-01,04:00:00,4,0,4,F11MO
40,Molenlei 59,2022-05-01,05:00:00,12,8,4,F11MO
40,Molenlei 59,2022-05-01,06:00:00,14,8,6,F11MO
40,Molenlei 59,2022-05-01,07:00:00,22,10,12,F11MO
40,Molenlei 59,2022-05-01,08:00:00,96,38,58,F11MO
40,Molenlei 59,2022-05-01,09:00:00,286,98,188,F11MO
40,Molenlei 59,2022-05-01,10:00:00,284,104,180,F11MO
40,Molenlei 59,2022-05-01,11:00:00,324,204,120,F11MO
40,Molenlei 59,2022-05-01,12:00:00,280,162,118,F11MO
40,Molenlei 59,2022-05-01,13:00:00,290,150,140,F11MO
40,Molenlei 59,2022-05-01,14:00:00,318,160,158,F11MO
40,Molenlei 59,2022-05-01,15:00:00,252,92,160,F11MO
40,Molenlei 59,2022-05-01,16:00:00,256,138,118,F11MO
40,Molenlei 59,2022-05-01,17:00:00,274,154,120,F11MO
40,Molenlei 59,2022-05-01,18:00:00,164,94,70,F11MO
40,Molenlei 59,2022-05-01,19:00:00,92,54,38,F11MO
40,Molenlei 59,2022-05-01,20:00:00,76,38,38,F11MO
40,Molenlei 59,2022-05-01,21:00:00,40,32,8,F11MO
40,Molenlei 59,2022-05-01,22:00:00,30,16,14,F11MO
40,Molenlei 59,2022-05-01,23:00:00,10,2,8,F11MO
40,Molenlei 59,2022-05-02,00:00:00,2,2,0,F11MO
40,Molenlei 59,2022-05-02,01:00:00,2,2,0,F11MO
40,Molenlei 59,2022-05-02,02:00:00,6,2,4,F11MO
40,Molenlei 59,2022-05-02,03:00:00,0,0,0,F11MO
40,Molenlei 59,2022-05-02,04:00:00,6,6,0,F11MO
40,Molenlei 59,2022-05-02,05:00:00,60,36,24,F11MO
40,Molenlei 59,2022-05-02,06:00:00,86,70,16,F11MO
40,Molenlei 59,2022-05-02,07:00:00,408,250,158,F11MO
40,Molenlei 59,2022-05-02,08:00:00,488,308,180,F11MO
40,Molenlei 59,2022-05-02,09:00:00,148,80,68,F11MO
40,Molenlei 59,2022-05-02,10:00:00,142,66,76,F11MO
40,Molenlei 59,2022-05-02,11:00:00,148,92,56,F11MO
40,Molenlei 59,2022-05-02,12:00:00,176,84,92,F11MO
40,Molenlei 59,2022-05-02,13:00:00,214,106,108,F11MO
40,Molenlei 59,2022-05-02,14:00:00,240,92,148,F11MO
40,Molenlei 59,2022-05-02,15:00:00,396,138,258,F11MO
40,Molenlei 59,2022-05-02,16:00:00,550,196,354,F11MO
40,Molenlei 59,2022-05-02,17:00:00,462,174,288,F11MO
40,Molenlei 59,2022-05-02,18:00:00,282,128,154,F11MO
40,Molenlei 59,2022-05-02,19:00:00,232,110,122,F11MO
40,Molenlei 59,2022-05-02,20:00:00,128,72,56,F11MO
40,Molenlei 59,2022-05-02,21:00:00,44,10,34,F11MO
40,Molenlei 59,2022-05-02,22:00:00,58,14,44,F11MO
40,Molenlei 59,2022-05-02,23:00:00,14,2,12,F11MO
40,Molenlei 59,2022-05-03,00:00:00,2,2,0,F11MO
40,Molenlei 59,2022-05-03,01:00:00,0,0,0,F11MO
40,Molenlei 59,2022-05-03,02:00:00,0,0,0,F11MO
40,Molenlei 59,2022-05-03,03:00:00,0,0,0,F11MO
40,Molenlei 59,2022-05-03,04:00:00,10,8,2,F11MO
40,Molenlei 59,2022-05-03,05:00:00,76,58,18,F11MO
40,Molenlei 59,2022-05-03,06:00:00,164,114,50,F11MO
40,Molenlei 59,2022-05-03,07:00:00,488,314,174,F11MO
40,Molenlei 59,2022-05-03,08:00:00,516,356,160,F11MO
40,Molenlei 59,2022-05-03,09:00:00,148,92,56,F11MO
40,Molenlei 59,2022-05-03,10:00:00,130,70,60,F11MO
40,Molenlei 59,2022-05-03,11:00:00,144,72,72,F11MO
40,Molenlei 59,2022-05-03,12:00:00,170,90,80,F11MO
40,Molenlei 59,2022-05-03,13:00:00,188,98,90,F11MO
40,Molenlei 59,2022-05-03,14:00:00,224,104,120,F11MO
40,Molenlei 59,2022-05-03,15:00:00,362,106,256,F11MO
40,Molenlei 59,2022-05-03,16:00:00,498,164,334,F11MO
40,Molenlei 59,2022-05-03,17:00:00,556,160,396,F11MO
40,Molenlei 59,2022-05-03,18:00:00,336,140,196,F11MO
40,Molenlei 59,2022-05-03,19:00:00,182,92,90,F11MO
40,Molenlei 59,2022-05-03,20:00:00,136,74,62,F11MO
40,Molenlei 59,2022-05-03,21:00:00,56,34,22,F11MO
40,Molenlei 59,2022-05-03,22:00:00,66,28,38,F11MO
40,Molenlei 59,2022-05-03,23:00:00,10,2,8,F11MO
40,Molenlei 59,2022-05-04,00:00:00,4,0,4,F11MO
40,Molenlei 59,2022-05-04,01:00:00,4,0,4,F11MO
40,Molenlei 59,2022-05-04,02:00:00,4,0,4,F11MO
40,Molenlei 59,2022-05-04,03:00:00,0,0,0,F11MO
40,Molenlei 59,2022-05-04,04:00:00,12,10,2,F11MO
40,Molenlei 59,2022-05-04,05:00:00,74,52,22,F11MO
40,Molenlei 59,2022-05-04,06:00:00,146,110,36,F11MO
40,Molenlei 59,2022-05-04,07:00:00,438,274,164,F11MO
40,Molenlei 59,2022-05-04,08:00:00,530,324,206,F11MO
40,Molenlei 59,2022-05-04,09:00:00,180,110,70,F11MO
40,Molenlei 59,2022-05-04,10:00:00,166,102,64,F11MO
40,Molenlei 59,2022-05-04,11:00:00,248,84,164,F11MO
40,Molenlei 59,2022-05-04,12:00:00,412,182,230,F11MO
40,Molenlei 59,2022-05-04,13:00:00,378,170,208,F11MO
40,Molenlei 59,2022-05-04,14:00:00,338,130,208,F11MO
40,Molenlei 59,2022-05-04,15:00:00,236,122,114,F11MO
40,Molenlei 59,2022-05-04,16:00:00,454,158,296,F11MO
40,Molenlei 59,2022-05-04,17:00:00,448,156,292,F11MO
40,Molenlei 59,2022-05-04,18:00:00,382,162,220,F11MO
40,Molenlei 59,2022-05-04,19:00:00,200,90,110,F11MO
40,Molenlei 59,2022-05-04,20:00:00,182,116,66,F11MO
40,Molenlei 59,2022-05-04,21:00:00,82,54,28,F11MO
40,Molenlei 59,2022-05-04,22:00:00,68,26,42,F11MO
40,Molenlei 59,2022-05-04,23:00:00,22,8,14,F11MO
40,Molenlei 59,2022-05-05,00:00:00,10,8,2,F11MO
40,Molenlei 59,2022-05-05,01:00:00,2,0,2,F11MO
40,Molenlei 59,2022-05-05,02:00:00,2,0,2,F11MO
40,Molenlei 59,2022-05-05,03:00:00,0,0,0,F11MO
40,Molenlei 59,2022-05-05,04:00:00,10,8,2,F11MO
40,Molenlei 59,2022-05-05,05:00:00,74,50,24,F11MO
40,Molenlei 59,2022-05-05,06:00:00,120,92,28,F11MO
40,Molenlei 59,2022-05-05,07:00:00,450,296,154,F11MO
40,Molenlei 59,2022-05-05,08:00:00,502,348,154,F11MO
40,Molenlei 59,2022-05-05,09:00:00,332,96,236,F11MO
40,Molenlei 59,2022-05-05,10:00:00,138,76,62,F11MO
40,Molenlei 59,2022-05-05,11:00:00,146,92,54,F11MO
40,Molenlei 59,2022-05-05,12:00:00,196,108,88,F11MO
40,Molenlei 59,2022-05-05,13:00:00,260,128,132,F11MO
40,Molenlei 59,2022-05-05,14:00:00,206,92,114,F11MO
40,Molenlei 59,2022-05-05,15:00:00,370,116,254,F11MO
40,Molenlei 59,2022-05-05,16:00:00,670,330,340,F11MO
40,Molenlei 59,2022-05-05,17:00:00,472,136,336,F11MO
40,Molenlei 59,2022-05-05,18:00:00,340,144,196,F11MO
40,Molenlei 59,2022-05-05,19:00:00,236,98,138,F11MO
40,Molenlei 59,2022-05-05,20:00:00,178,122,56,F11MO
40,Molenlei 59,2022-05-05,21:00:00,50,28,22,F11MO
40,Molenlei 59,2022-05-05,22:00:00,62,14,48,F11MO
40,Molenlei 59,2022-05-05,23:00:00,42,10,32,F11MO
40,Molenlei 59,2022-05-06,00:00:00,18,8,10,F11MO
40,Molenlei 59,2022-05-06,01:00:00,6,4,2,F11MO
40,Molenlei 59,2022-05-06,02:00:00,2,0,2,F11MO
40,Molenlei 59,2022-05-06,03:00:00,0,0,0,F11MO
40,Molenlei 59,2022-05-06,04:00:00,10,8,2,F11MO
40,Molenlei 59,2022-05-06,05:00:00,74,44,30,F11MO
40,Molenlei 59,2022-05-06,06:00:00,98,70,28,F11MO
40,Molenlei 59,2022-05-06,07:00:00,394,248,146,F11MO
40,Molenlei 59,2022-05-06,08:00:00,564,288,276,F11MO
40,Molenlei 59,2022-05-06,09:00:00,148,70,78,F11MO
40,Molenlei 59,2022-05-06,10:00:00,154,70,84,F11MO
40,Molenlei 59,2022-05-06,11:00:00,156,68,88,F11MO
40,Molenlei 59,2022-05-06,12:00:00,216,110,106,F11MO
40,Molenlei 59,2022-05-06,13:00:00,224,92,132,F11MO
40,Molenlei 59,2022-05-06,14:00:00,290,128,162,F11MO
40,Molenlei 59,2022-05-06,15:00:00,506,282,224,F11MO
40,Molenlei 59,2022-05-06,16:00:00,536,214,322,F11MO
40,Molenlei 59,2022-05-06,17:00:00,418,160,258,F11MO
40,Molenlei 59,2022-05-06,18:00:00,322,158,164,F11MO
40,Molenlei 59,2022-05-06,19:00:00,204,92,112,F11MO
40,Molenlei 59,2022-05-06,20:00:00,124,70,54,F11MO
40,Molenlei 59,2022-05-06,21:00:00,130,52,78,F11MO
40,Molenlei 59,2022-05-06,22:00:00,108,32,76,F11MO
40,Molenlei 59,2022-05-06,23:00:00,40,14,26,F11MO
40,Molenlei 59,2022-05-07,00:00:00,62,30,32,F11MO
40,Molenlei 59,2022-05-07,01:00:00,60,46,14,F11MO
40,Molenlei 59,2022-05-07,02:00:00,20,6,14,F11MO
40,Molenlei 59,2022-05-07,03:00:00,32,30,2,F11MO
40,Molenlei 59,2022-05-07,04:00:00,32,18,14,F11MO
40,Molenlei 59,2022-05-07,05:00:00,50,36,14,F11MO
40,Molenlei 59,2022-05-07,06:00:00,18,4,14,F11MO
40,Molenlei 59,2022-05-07,07:00:00,54,22,32,F11MO
40,Molenlei 59,2022-05-07,08:00:00,100,58,42,F11MO
40,Molenlei 59,2022-05-07,09:00:00,174,72,102,F11MO
40,Molenlei 59,2022-05-07,10:00:00,192,92,100,F11MO
40,Molenlei 59,2022-05-07,11:00:00,218,92,126,F11MO
40,Molenlei 59,2022-05-07,12:00:00,218,108,110,F11MO
40,Molenlei 59,2022-05-07,13:00:00,226,106,120,F11MO
40,Molenlei 59,2022-05-07,14:00:00,298,142,156,F11MO
40,Molenlei 59,2022-05-07,15:00:00,326,160,166,F11MO
40,Molenlei 59,2022-05-07,16:00:00,240,146,94,F11MO
40,Molenlei 59,2022-05-07,17:00:00,258,134,124,F11MO
40,Molenlei 59,2022-05-07,18:00:00,204,120,84,F11MO
40,Molenlei 59,2022-05-07,19:00:00,146,76,70,F11MO
40,Molenlei 59,2022-05-07,20:00:00,106,56,50,F11MO
40,Molenlei 59,2022-05-07,21:00:00,68,30,38,F11MO
40,Molenlei 59,2022-05-07,22:00:00,58,10,48,F11MO
40,Molenlei 59,2022-05-07,23:00:00,52,24,28,F11MO
40,Molenlei 59,2022-05-08,00:00:00,20,8,12,F11MO
40,Molenlei 59,2022-05-08,01:00:00,24,12,12,F11MO
40,Molenlei 59,2022-05-08,02:00:00,18,8,10,F11MO
40,Molenlei 59,2022-05-08,03:00:00,16,10,6,F11MO
40,Molenlei 59,2022-05-08,04:00:00,6,2,4,F11MO
40,Molenlei 59,2022-05-08,05:00:00,34,22,12,F11MO
40,Molenlei 59,2022-05-08,06:00:00,36,14,22,F11MO
40,Molenlei 59,2022-05-08,07:00:00,62,20,42,F11MO
40,Molenlei 59,2022-05-08,08:00:00,98,50,48,F11MO
40,Molenlei 59,2022-05-08,09:00:00,198,76,122,F11MO
40,Molenlei 59,2022-05-08,10:00:00,304,98,206,F11MO
40,Molenlei 59,2022-05-08,11:00:00,386,204,182,F11MO
40,Molenlei 59,2022-05-08,12:00:00,464,294,170,F11MO
40,Molenlei 59,2022-05-08,13:00:00,522,250,272,F11MO
40,Molenlei 59,2022-05-08,14:00:00,508,200,308,F11MO
40,Molenlei 59,2022-05-08,15:00:00,408,174,234,F11MO
40,Molenlei 59,2022-05-08,16:00:00,356,166,190,F11MO
40,Molenlei 59,2022-05-08,17:00:00,294,184,110,F11MO
40,Molenlei 59,2022-05-08,18:00:00,182,122,60,F11MO
40,Molenlei 59,2022-05-08,19:00:00,130,72,58,F11MO
40,Molenlei 59,2022-05-08,20:00:00,100,68,32,F11MO
40,Molenlei 59,2022-05-08,21:00:00,64,36,28,F11MO
40,Molenlei 59,2022-05-08,22:00:00,34,16,18,F11MO
40,Molenlei 59,2022-05-08,23:00:00,14,4,10,F11MO
40,Molenlei 59,2022-05-09,00:00:00,2,2,0,F11MO
40,Molenlei 59,2022-05-09,01:00:00,2,0,2,F11MO
40,Molenlei 59,2022-05-09,02:00:00,0,0,0,F11MO
40,Molenlei 59,2022-05-09,03:00:00,0,0,0,F11MO
40,Molenlei 59,2022-05-09,04:00:00,16,14,2,F11MO
40,Molenlei 59,2022-05-09,05:00:00,50,30,20,F11MO
40,Molenlei 59,2022-05-09,06:00:00,150,108,42,F11MO
40,Molenlei 59,2022-05-09,07:00:00,456,290,166,F11MO
40,Molenlei 59,2022-05-09,08:00:00,556,352,204,F11MO
40,Molenlei 59,2022-05-09,09:00:00,172,104,68,F11MO
40,Molenlei 59,2022-05-09,10:00:00,184,72,112,F11MO
40,Molenlei 59,2022-05-09,11:00:00,176,88,88,F11MO
40,Molenlei 59,2022-05-09,12:00:00,198,106,92,F11MO
40,Molenlei 59,2022-05-09,13:00:00,248,120,128,F11MO
40,Molenlei 59,2022-05-09,14:00:00,286,128,158,F11MO
40,Molenlei 59,2022-05-09,15:00:00,404,156,248,F11MO
40,Molenlei 59,2022-05-09,16:00:00,662,242,420,F11MO
40,Molenlei 59,2022-05-09,17:00:00,526,154,372,F11MO
40,Molenlei 59,2022-05-09,18:00:00,350,156,194,F11MO
40,Molenlei 59,2022-05-09,19:00:00,250,122,128,F11MO
40,Molenlei 59,2022-05-09,20:00:00,146,88,58,F11MO
40,Molenlei 59,2022-05-09,21:00:00,68,36,32,F11MO
40,Molenlei 59,2022-05-09,22:00:00,72,24,48,F11MO
40,Molenlei 59,2022-05-09,23:00:00,18,2,16,F11MO
40,Molenlei 59,2022-05-10,00:00:00,6,2,4,F11MO
40,Molenlei 59,2022-05-10,01:00:00,0,0,0,F11MO
40,Molenlei 59,2022-05-10,02:00:00,0,0,0,F11MO
40,Molenlei 59,2022-05-10,03:00:00,0,0,0,F11MO
40,Molenlei 59,2022-05-10,04:00:00,12,10,2,F11MO
40,Molenlei 59,2022-05-10,05:00:00,66,44,22,F11MO
40,Molenlei 59,2022-05-10,06:00:00,176,122,54,F11MO
40,Molenlei 59,2022-05-10,07:00:00,488,336,152,F11MO
40,Molenlei 59,2022-05-10,08:00:00,608,408,200,F11MO
40,Molenlei 59,2022-05-10,09:00:00,176,92,84,F11MO
40,Molenlei 59,2022-05-10,10:00:00,148,56,92,F11MO
40,Molenlei 59,2022-05-10,11:00:00,168,92,76,F11MO
40,Molenlei 59,2022-05-10,12:00:00,178,100,78,F11MO
40,Molenlei 59,2022-05-10,13:00:00,188,104,84,F11MO
40,Molenlei 59,2022-05-10,14:00:00,204,108,96,F11MO
40,Molenlei 59,2022-05-10,15:00:00,394,106,288,F11MO
40,Molenlei 59,2022-05-10,16:00:00,564,204,360,F11MO
40,Molenlei 59,2022-05-10,17:00:00,498,164,334,F11MO
40,Molenlei 59,2022-05-10,18:00:00,324,130,194,F11MO
40,Molenlei 59,2022-05-10,19:00:00,216,100,116,F11MO
40,Molenlei 59,2022-05-10,20:00:00,156,104,52,F11MO
40,Molenlei 59,2022-05-10,21:00:00,76,54,22,F11MO
40,Molenlei 59,2022-05-10,22:00:00,88,32,56,F11MO
40,Molenlei 59,2022-05-10,23:00:00,18,10,8,F11MO
40,Molenlei 59,2022-05-11,00:00:00,8,2,6,F11MO
40,Molenlei 59,2022-05-11,01:00:00,8,4,4,F11MO
40,Molenlei 59,2022-05-11,02:00:00,2,0,2,F11MO
40,Molenlei 59,2022-05-11,03:00:00,2,0,2,F11MO
40,Molenlei 59,2022-05-11,04:00:00,10,10,0,F11MO
40,Molenlei 59,2022-05-11,05:00:00,56,38,18,F11MO
40,Molenlei 59,2022-05-11,06:00:00,148,100,48,F11MO
40,Molenlei 59,2022-05-11,07:00:00,452,292,160,F11MO
40,Molenlei 59,2022-05-11,08:00:00,518,348,170,F11MO
40,Molenlei 59,2022-05-11,09:00:00,204,94,110,F11MO
40,Molenlei 59,2022-05-11,10:00:00,278,156,122,F11MO
40,Molenlei 59,2022-05-11,11:00:00,268,120,148,F11MO
40,Molenlei 59,2022-05-11,12:00:00,476,164,312,F11MO
40,Molenlei 59,2022-05-11,13:00:00,302,148,154,F11MO
40,Molenlei 59,2022-05-11,14:00:00,284,136,148,F11MO
40,Molenlei 59,2022-05-11,15:00:00,316,120,196,F11MO
40,Molenlei 59,2022-05-11,16:00:00,424,164,260,F11MO
40,Molenlei 59,2022-05-11,17:00:00,432,170,262,F11MO
40,Molenlei 59,2022-05-11,18:00:00,436,160,276,F11MO
40,Molenlei 59,2022-05-11,19:00:00,302,104,198,F11MO
40,Molenlei 59,2022-05-11,20:00:00,204,136,68,F11MO
40,Molenlei 59,2022-05-11,21:00:00,100,62,38,F11MO
40,Molenlei 59,2022-05-11,22:00:00,80,22,58,F11MO
40,Molenlei 59,2022-05-11,23:00:00,30,16,14,F11MO
40,Molenlei 59,2022-05-12,00:00:00,14,2,12,F11MO
40,Molenlei 59,2022-05-12,01:00:00,0,0,0,F11MO
40,Molenlei 59,2022-05-12,02:00:00,0,0,0,F11MO
40,Molenlei 59,2022-05-12,03:00:00,4,2,2,F11MO
40,Molenlei 59,2022-05-12,04:00:00,10,6,4,F11MO
40,Molenlei 59,2022-05-12,05:00:00,66,38,28,F11MO
40,Molenlei 59,2022-05-12,06:00:00,152,112,40,F11MO
40,Molenlei 59,2022-05-12,07:00:00,478,336,142,F11MO
40,Molenlei 59,2022-05-12,08:00:00,578,386,192,F11MO
40,Molenlei 59,2022-05-12,09:00:00,204,100,104,F11MO
40,Molenlei 59,2022-05-12,10:00:00,174,84,90,F11MO
40,Molenlei 59,2022-05-12,11:00:00,212,122,90,F11MO
40,Molenlei 59,2022-05-12,12:00:00,224,114,110,F11MO
40,Molenlei 59,2022-05-12,13:00:00,276,116,160,F11MO
40,Molenlei 59,2022-05-12,14:00:00,240,106,134,F11MO
40,Molenlei 59,2022-05-12,15:00:00,450,174,276,F11MO
40,Molenlei 59,2022-05-12,16:00:00,668,242,426,F11MO
40,Molenlei 59,2022-05-12,17:00:00,522,190,332,F11MO
40,Molenlei 59,2022-05-12,18:00:00,314,120,194,F11MO
40,Molenlei 59,2022-05-12,19:00:00,258,132,126,F11MO
40,Molenlei 59,2022-05-12,20:00:00,250,188,62,F11MO
40,Molenlei 59,2022-05-12,21:00:00,100,50,50,F11MO
40,Molenlei 59,2022-05-12,22:00:00,76,32,44,F11MO
40,Molenlei 59,2022-05-12,23:00:00,42,12,30,F11MO
40,Molenlei 59,2022-05-13,00:00:00,10,4,6,F11MO
40,Molenlei 59,2022-05-13,01:00:00,4,2,2,F11MO
40,Molenlei 59,2022-05-13,02:00:00,0,0,0,F11MO
40,Molenlei 59,2022-05-13,03:00:00,0,0,0,F11MO
40,Molenlei 59,2022-05-13,04:00:00,12,12,0,F11MO
40,Molenlei 59,2022-05-13,05:00:00,54,30,24,F11MO
40,Molenlei 59,2022-05-13,06:00:00,130,82,48,F11MO
40,Molenlei 59,2022-05-13,07:00:00,382,248,134,F11MO
40,Molenlei 59,2022-05-13,08:00:00,524,292,232,F11MO
40,Molenlei 59,2022-05-13,09:00:00,166,78,88,F11MO
40,Molenlei 59,2022-05-13,10:00:00,166,74,92,F11MO
40,Molenlei 59,2022-05-13,11:00:00,168,86,82,F11MO
40,Molenlei 59,2022-05-13,12:00:00,178,86,92,F11MO
40,Molenlei 59,2022-05-13,13:00:00,220,94,126,F11MO
40,Molenlei 59,2022-05-13,14:00:00,272,138,134,F11MO
40,Molenlei 59,2022-05-13,15:00:00,408,124,284,F11MO
40,Molenlei 59,2022-05-13,16:00:00,468,184,284,F11MO
40,Molenlei 59,2022-05-13,17:00:00,348,158,190,F11MO
40,Molenlei 59,2022-05-13,18:00:00,310,120,190,F11MO
40,Molenlei 59,2022-05-13,19:00:00,220,120,100,F11MO
40,Molenlei 59,2022-05-13,20:00:00,138,94,44,F11MO
40,Molenlei 59,2022-05-13,21:00:00,80,40,40,F11MO
40,Molenlei 59,2022-05-13,22:00:00,64,16,48,F11MO
40,Molenlei 59,2022-05-13,23:00:00,60,34,26,F11MO
40,Molenlei 59,2022-05-14,00:00:00,40,10,30,F11MO
40,Molenlei 59,2022-05-14,01:00:00,28,12,16,F11MO
40,Molenlei 59,2022-05-14,02:00:00,14,0,14,F11MO
40,Molenlei 59,2022-05-14,03:00:00,10,6,4,F11MO
40,Molenlei 59,2022-05-14,04:00:00,16,8,8,F11MO
40,Molenlei 59,2022-05-14,05:00:00,30,12,18,F11MO
40,Molenlei 59,2022-05-14,06:00:00,30,8,22,F11MO
40,Molenlei 59,2022-05-14,07:00:00,32,12,20,F11MO
40,Molenlei 59,2022-05-14,08:00:00,96,38,58,F11MO
40,Molenlei 59,2022-05-14,09:00:00,140,66,74,F11MO
40,Molenlei 59,2022-05-14,10:00:00,236,92,144,F11MO
40,Molenlei 59,2022-05-14,11:00:00,300,172,128,F11MO
40,Molenlei 59,2022-05-14,12:00:00,326,156,170,F11MO
40,Molenlei 59,2022-05-14,13:00:00,352,162,190,F11MO
40,Molenlei 59,2022-05-14,14:00:00,318,130,188,F11MO
40,Molenlei 59,2022-05-14,15:00:00,372,158,214,F11MO
40,Molenlei 59,2022-05-14,16:00:00,326,188,138,F11MO
40,Molenlei 59,2022-05-14,17:00:00,226,120,106,F11MO
40,Molenlei 59,2022-05-14,18:00:00,254,166,88,F11MO
40,Molenlei 59,2022-05-14,19:00:00,134,74,60,F11MO
40,Molenlei 59,2022-05-14,20:00:00,114,50,64,F11MO
40,Molenlei 59,2022-05-14,21:00:00,82,38,44,F11MO
40,Molenlei 59,2022-05-14,22:00:00,70,42,28,F11MO
40,Molenlei 59,2022-05-14,23:00:00,36,22,14,F11MO
40,Molenlei 59,2022-05-15,00:00:00,24,10,14,F11MO
40,Molenlei 59,2022-05-15,01:00:00,14,2,12,F11MO
40,Molenlei 59,2022-05-15,02:00:00,14,12,2,F11MO
40,Molenlei 59,2022-05-15,03:00:00,10,4,6,F11MO
40,Molenlei 59,2022-05-15,04:00:00,12,6,6,F11MO
40,Molenlei 59,2022-05-15,05:00:00,24,8,16,F11MO
40,Molenlei 59,2022-05-15,06:00:00,34,12,22,F11MO
40,Molenlei 59,2022-05-15,07:00:00,52,18,34,F11MO
40,Molenlei 59,2022-05-15,08:00:00,152,76,76,F11MO
40,Molenlei 59,2022-05-15,09:00:00,362,110,252,F11MO
40,Molenlei 59,2022-05-15,10:00:00,402,152,250,F11MO
40,Molenlei 59,2022-05-15,11:00:00,384,210,174,F11MO
40,Molenlei 59,2022-05-15,12:00:00,374,194,180,F11MO
40,Molenlei 59,2022-05-15,13:00:00,438,228,210,F11MO
40,Molenlei 59,2022-05-15,14:00:00,450,196,254,F11MO
40,Molenlei 59,2022-05-15,15:00:00,442,230,212,F11MO
40,Molenlei 59,2022-05-15,16:00:00,364,200,164,F11MO
40,Molenlei 59,2022-05-15,17:00:00,346,198,148,F11MO
40,Molenlei 59,2022-05-15,18:00:00,250,110,140,F11MO
40,Molenlei 59,2022-05-15,19:00:00,210,116,94,F11MO
40,Molenlei 59,2022-05-15,20:00:00,112,68,44,F11MO
40,Molenlei 59,2022-05-15,21:00:00,88,60,28,F11MO
40,Molenlei 59,2022-05-15,22:00:00,52,26,26,F11MO
40,Molenlei 59,2022-05-15,23:00:00,20,14,6,F11MO
40,Molenlei 59,2022-05-16,00:00:00,12,4,8,F11MO
40,Molenlei 59,2022-05-16,01:00:00,4,0,4,F11MO
40,Molenlei 59,2022-05-16,02:00:00,10,0,10,F11MO
40,Molenlei 59,2022-05-16,03:00:00,2,2,0,F11MO
40,Molenlei 59,2022-05-16,04:00:00,14,12,2,F11MO
40,Molenlei 59,2022-05-16,05:00:00,66,40,26,F11MO
40,Molenlei 59,2022-05-16,06:00:00,128,96,32,F11MO
40,Molenlei 59,2022-05-16,07:00:00,430,276,154,F11MO
40,Molenlei 59,2022-05-16,08:00:00,536,360,176,F11MO
40,Molenlei 59,2022-05-16,09:00:00,136,78,58,F11MO
40,Molenlei 59,2022-05-16,10:00:00,118,64,54,F11MO
40,Molenlei 59,2022-05-16,11:00:00,162,92,70,F11MO
40,Molenlei 59,2022-05-16,12:00:00,134,74,60,F11MO
40,Molenlei 59,2022-05-16,13:00:00,144,74,70,F11MO
40,Molenlei 59,2022-05-16,14:00:00,202,82,120,F11MO
40,Molenlei 59,2022-05-16,15:00:00,434,136,298,F11MO
40,Molenlei 59,2022-05-16,16:00:00,472,162,310,F11MO
40,Molenlei 59,2022-05-16,17:00:00,446,156,290,F11MO
40,Molenlei 59,2022-05-16,18:00:00,338,160,178,F11MO
40,Molenlei 59,2022-05-16,19:00:00,220,98,122,F11MO
40,Molenlei 59,2022-05-16,20:00:00,132,54,78,F11MO
40,Molenlei 59,2022-05-16,21:00:00,74,30,44,F11MO
40,Molenlei 59,2022-05-16,22:00:00,90,42,48,F11MO
40,Molenlei 59,2022-05-16,23:00:00,32,12,20,F11MO
40,Molenlei 59,2022-05-17,00:00:00,12,0,12,F11MO
40,Molenlei 59,2022-05-17,01:00:00,4,0,4,F11MO
40,Molenlei 59,2022-05-17,02:00:00,4,0,4,F11MO
40,Molenlei 59,2022-05-17,03:00:00,2,2,0,F11MO
40,Molenlei 59,2022-05-17,04:00:00,14,10,4,F11MO
40,Molenlei 59,2022-05-17,05:00:00,76,52,24,F11MO
40,Molenlei 59,2022-05-17,06:00:00,158,104,54,F11MO
40,Molenlei 59,2022-05-17,07:00:00,476,304,172,F11MO
40,Molenlei 59,2022-05-17,08:00:00,522,378,144,F11MO
40,Molenlei 59,2022-05-17,09:00:00,106,48,58,F11MO
40,Molenlei 59,2022-05-17,10:00:00,96,56,40,F11MO
40,Molenlei 59,2022-05-17,11:00:00,142,56,86,F11MO
40,Molenlei 59,2022-05-17,12:00:00,188,112,76,F11MO
40,Molenlei 59,2022-05-17,13:00:00,186,86,100,F11MO
40,Molenlei 59,2022-05-17,14:00:00,206,90,116,F11MO
40,Molenlei 59,2022-05-17,15:00:00,410,130,280,F11MO
40,Molenlei 59,2022-05-17,16:00:00,556,192,364,F11MO
40,Molenlei 59,2022-05-17,17:00:00,576,198,378,F11MO
40,Molenlei 59,2022-05-17,18:00:00,386,144,242,F11MO
40,Molenlei 59,2022-05-17,19:00:00,244,110,134,F11MO
40,Molenlei 59,2022-05-17,20:00:00,230,150,80,F11MO
40,Molenlei 59,2022-05-17,21:00:00,140,76,64,F11MO
40,Molenlei 59,2022-05-17,22:00:00,110,44,66,F11MO
40,Molenlei 59,2022-05-17,23:00:00,28,20,8,F11MO
40,Molenlei 59,2022-05-18,00:00:00,18,6,12,F11MO
40,Molenlei 59,2022-05-18,01:00:00,4,0,4,F11MO
40,Molenlei 59,2022-05-18,02:00:00,4,2,2,F11MO
40,Molenlei 59,2022-05-18,03:00:00,2,2,0,F11MO
40,Molenlei 59,2022-05-18,04:00:00,20,14,6,F11MO
40,Molenlei 59,2022-05-18,05:00:00,70,46,24,F11MO
40,Molenlei 59,2022-05-18,06:00:00,142,96,46,F11MO
40,Molenlei 59,2022-05-18,07:00:00,412,248,164,F11MO
40,Molenlei 59,2022-05-18,08:00:00,574,394,180,F11MO
40,Molenlei 59,2022-05-18,09:00:00,244,138,106,F11MO
40,Molenlei 59,2022-05-18,10:00:00,248,148,100,F11MO
40,Molenlei 59,2022-05-18,11:00:00,312,132,180,F11MO
40,Molenlei 59,2022-05-18,12:00:00,484,204,280,F11MO
40,Molenlei 59,2022-05-18,13:00:00,322,144,178,F11MO
40,Molenlei 59,2022-05-18,14:00:00,296,134,162,F11MO
40,Molenlei 59,2022-05-18,15:00:00,348,140,208,F11MO
40,Molenlei 59,2022-05-18,16:00:00,434,184,250,F11MO
40,Molenlei 59,2022-05-18,17:00:00,446,170,276,F11MO
40,Molenlei 59,2022-05-18,18:00:00,416,154,262,F11MO
40,Molenlei 59,2022-05-18,19:00:00,236,100,136,F11MO
40,Molenlei 59,2022-05-18,20:00:00,302,210,92,F11MO
40,Molenlei 59,2022-05-18,21:00:00,164,104,60,F11MO
40,Molenlei 59,2022-05-18,22:00:00,104,26,78,F11MO
40,Molenlei 59,2022-05-18,23:00:00,42,22,20,F11MO
40,Molenlei 59,2022-05-19,00:00:00,20,8,12,F11MO
40,Molenlei 59,2022-05-19,01:00:00,8,2,6,F11MO
40,Molenlei 59,2022-05-19,02:00:00,2,2,0,F11MO
40,Molenlei 59,2022-05-19,03:00:00,2,0,2,F11MO
40,Molenlei 59,2022-05-19,04:00:00,14,12,2,F11MO
40,Molenlei 59,2022-05-19,05:00:00,46,32,14,F11MO
40,Molenlei 59,2022-05-19,06:00:00,60,38,22,F11MO
40,Molenlei 59,2022-05-19,07:00:00,266,164,102,F11MO
40,Molenlei 59,2022-05-19,08:00:00,470,302,168,F11MO
40,Molenlei 59,2022-05-19,09:00:00,150,74,76,F11MO
40,Molenlei 59,2022-05-19,10:00:00,128,60,68,F11MO
40,Molenlei 59,2022-05-19,11:00:00,128,52,76,F11MO
40,Molenlei 59,2022-05-19,12:00:00,142,82,60,F11MO
40,Molenlei 59,2022-05-19,13:00:00,84,54,30,F11MO
40,Molenlei 59,2022-05-19,14:00:00,104,44,60,F11MO
40,Molenlei 59,2022-05-19,15:00:00,220,64,156,F11MO
40,Molenlei 59,2022-05-19,16:00:00,356,136,220,F11MO
40,Molenlei 59,2022-05-19,17:00:00,328,118,210,F11MO
40,Molenlei 59,2022-05-19,18:00:00,240,100,140,F11MO
40,Molenlei 59,2022-05-19,19:00:00,172,60,112,F11MO
40,Molenlei 59,2022-05-19,20:00:00,206,132,74,F11MO
40,Molenlei 59,2022-05-19,21:00:00,104,74,30,F11MO
40,Molenlei 59,2022-05-19,22:00:00,44,12,32,F11MO
40,Molenlei 59,2022-05-19,23:00:00,20,6,14,F11MO
40,Molenlei 59,2022-05-20,00:00:00,10,8,2,F11MO
40,Molenlei 59,2022-05-20,01:00:00,2,0,2,F11MO
40,Molenlei 59,2022-05-20,02:00:00,8,0,8,F11MO
40,Molenlei 59,2022-05-20,03:00:00,4,0,4,F11MO
40,Molenlei 59,2022-05-20,04:00:00,8,6,2,F11MO
40,Molenlei 59,2022-05-20,05:00:00,54,30,24,F11MO
40,Molenlei 59,2022-05-20,06:00:00,96,62,34,F11MO
40,Molenlei 59,2022-05-20,07:00:00,292,172,120,F11MO
40,Molenlei 59,2022-05-20,08:00:00,360,206,154,F11MO
40,Molenlei 59,2022-05-20,09:00:00,268,88,180,F11MO
40,Molenlei 59,2022-05-20,10:00:00,128,58,70,F11MO
40,Molenlei 59,2022-05-20,11:00:00,104,46,58,F11MO
40,Molenlei 59,2022-05-20,12:00:00,120,46,74,F11MO
40,Molenlei 59,2022-05-20,13:00:00,48,18,30,F11MO
40,Molenlei 59,2022-05-20,14:00:00,182,132,50,F11MO
40,Molenlei 59,2022-05-20,15:00:00,188,62,126,F11MO
40,Molenlei 59,2022-05-20,16:00:00,258,86,172,F11MO
40,Molenlei 59,2022-05-20,17:00:00,232,102,130,F11MO
40,Molenlei 59,2022-05-20,18:00:00,140,50,90,F11MO
40,Molenlei 59,2022-05-20,19:00:00,102,46,56,F11MO
40,Molenlei 59,2022-05-20,20:00:00,84,38,46,F11MO
40,Molenlei 59,2022-05-20,21:00:00,42,16,26,F11MO
40,Molenlei 59,2022-05-20,22:00:00,38,20,18,F11MO
40,Molenlei 59,2022-05-20,23:00:00,36,16,20,F11MO
40,Molenlei 59,2022-05-21,00:00:00,18,12,6,F11MO
40,Molenlei 59,2022-05-21,01:00:00,10,4,6,F11MO
40,Molenlei 59,2022-05-21,02:00:00,12,10,2,F11MO
40,Molenlei 59,2022-05-21,03:00:00,12,2,10,F11MO
40,Molenlei 59,2022-05-21,04:00:00,2,2,0,F11MO
40,Molenlei 59,2022-05-21,05:00:00,16,4,12,F11MO
40,Molenlei 59,2022-05-21,06:00:00,12,4,8,F11MO
40,Molenlei 59,2022-05-21,07:00:00,26,10,16,F11MO
40,Molenlei 59,2022-05-21,08:00:00,112,60,52,F11MO
40,Molenlei 59,2022-05-21,09:00:00,210,104,106,F11MO
40,Molenlei 59,2022-05-21,10:00:00,150,68,82,F11MO
40,Molenlei 59,2022-05-21,11:00:00,206,94,112,F11MO
40,Molenlei 59,2022-05-21,12:00:00,218,150,68,F11MO
40,Molenlei 59,2022-05-21,13:00:00,220,122,98,F11MO
40,Molenlei 59,2022-05-21,14:00:00,294,136,158,F11MO
40,Molenlei 59,2022-05-21,15:00:00,258,136,122,F11MO
40,Molenlei 59,2022-05-21,16:00:00,246,140,106,F11MO
40,Molenlei 59,2022-05-21,17:00:00,264,140,124,F11MO
40,Molenlei 59,2022-05-21,18:00:00,204,96,108,F11MO
40,Molenlei 59,2022-05-21,19:00:00,116,52,64,F11MO
40,Molenlei 59,2022-05-21,20:00:00,102,46,56,F11MO
40,Molenlei 59,2022-05-21,21:00:00,72,32,40,F11MO
40,Molenlei 59,2022-05-21,22:00:00,58,26,32,F11MO
40,Molenlei 59,2022-05-21,23:00:00,60,20,40,F11MO
40,Molenlei 59,2022-05-22,00:00:00,64,50,14,F11MO
40,Molenlei 59,2022-05-22,01:00:00,58,42,16,F11MO
40,Molenlei 59,2022-05-22,02:00:00,16,6,10,F11MO
40,Molenlei 59,2022-05-22,03:00:00,16,8,8,F11MO
40,Molenlei 59,2022-05-22,04:00:00,6,6,0,F11MO
40,Molenlei 59,2022-05-22,05:00:00,16,6,10,F11MO
40,Molenlei 59,2022-05-22,06:00:00,12,6,6,F11MO
40,Molenlei 59,2022-05-22,07:00:00,74,32,42,F11MO
40,Molenlei 59,2022-05-22,08:00:00,156,62,94,F11MO
40,Molenlei 59,2022-05-22,09:00:00,296,94,202,F11MO
40,Molenlei 59,2022-05-22,10:00:00,390,126,264,F11MO
40,Molenlei 59,2022-05-22,11:00:00,394,200,194,F11MO
40,Molenlei 59,2022-05-22,12:00:00,458,242,216,F11MO
40,Molenlei 59,2022-05-22,13:00:00,456,242,214,F11MO
40,Molenlei 59,2022-05-22,14:00:00,536,242,294,F11MO
40,Molenlei 59,2022-05-22,15:00:00,486,264,222,F11MO
40,Molenlei 59,2022-05-22,16:00:00,428,206,222,F11MO
40,Molenlei 59,2022-05-22,17:00:00,348,226,122,F11MO
40,Molenlei 59,2022-05-22,18:00:00,294,144,150,F11MO
40,Molenlei 59,2022-05-22,19:00:00,210,122,88,F11MO
40,Molenlei 59,2022-05-22,20:00:00,116,76,40,F11MO
40,Molenlei 59,2022-05-22,21:00:00,74,56,18,F11MO
40,Molenlei 59,2022-05-22,22:00:00,40,12,28,F11MO
40,Molenlei 59,2022-05-22,23:00:00,12,6,6,F11MO
40,Molenlei 59,2022-05-23,00:00:00,2,2,0,F11MO
40,Molenlei 59,2022-05-23,01:00:00,6,4,2,F11MO
40,Molenlei 59,2022-05-23,02:00:00,0,0,0,F11MO
40,Molenlei 59,2022-05-23,03:00:00,2,2,0,F11MO
40,Molenlei 59,2022-05-23,04:00:00,10,8,2,F11MO
40,Molenlei 59,2022-05-23,05:00:00,46,32,14,F11MO
40,Molenlei 59,2022-05-23,06:00:00,108,82,26,F11MO
40,Molenlei 59,2022-05-23,07:00:00,344,218,126,F11MO
40,Molenlei 59,2022-05-23,08:00:00,440,282,158,F11MO
40,Molenlei 59,2022-05-23,09:00:00,98,58,40,F11MO
40,Molenlei 59,2022-05-23,10:00:00,80,40,40,F11MO
40,Molenlei 59,2022-05-23,11:00:00,118,46,72,F11MO
40,Molenlei 59,2022-05-23,12:00:00,164,88,76,F11MO
40,Molenlei 59,2022-05-23,13:00:00,132,68,64,F11MO
40,Molenlei 59,2022-05-23,14:00:00,70,22,48,F11MO
40,Molenlei 59,2022-05-23,15:00:00,228,80,148,F11MO
40,Molenlei 59,2022-05-23,16:00:00,374,118,256,F11MO
40,Molenlei 59,2022-05-23,17:00:00,310,74,236,F11MO
40,Molenlei 59,2022-05-23,18:00:00,130,50,80,F11MO
40,Molenlei 59,2022-05-23,19:00:00,90,36,54,F11MO
40,Molenlei 59,2022-05-23,20:00:00,66,34,32,F11MO
40,Molenlei 59,2022-05-23,21:00:00,40,16,24,F11MO
40,Molenlei 59,2022-05-23,22:00:00,38,18,20,F11MO
40,Molenlei 59,2022-05-23,23:00:00,8,4,4,F11MO
40,Molenlei 59,2022-05-24,00:00:00,4,4,0,F11MO
40,Molenlei 59,2022-05-24,01:00:00,6,0,6,F11MO
40,Molenlei 59,2022-05-24,02:00:00,0,0,0,F11MO
40,Molenlei 59,2022-05-24,03:00:00,4,4,0,F11MO
40,Molenlei 59,2022-05-24,04:00:00,8,6,2,F11MO
40,Molenlei 59,2022-05-24,05:00:00,48,32,16,F11MO
40,Molenlei 59,2022-05-24,06:00:00,94,70,24,F11MO
40,Molenlei 59,2022-05-24,07:00:00,334,228,106,F11MO
40,Molenlei 59,2022-05-24,08:00:00,486,330,156,F11MO
40,Molenlei 59,2022-05-24,09:00:00,124,70,54,F11MO
40,Molenlei 59,2022-05-24,10:00:00,84,48,36,F11MO
40,Molenlei 59,2022-05-24,11:00:00,142,62,80,F11MO
40,Molenlei 59,2022-05-24,12:00:00,144,72,72,F11MO
40,Molenlei 59,2022-05-24,13:00:00,116,68,48,F11MO
40,Molenlei 59,2022-05-24,14:00:00,124,44,80,F11MO
40,Molenlei 59,2022-05-24,15:00:00,224,64,160,F11MO
40,Molenlei 59,2022-05-24,16:00:00,348,118,230,F11MO
40,Molenlei 59,2022-05-24,17:00:00,384,140,244,F11MO
40,Molenlei 59,2022-05-24,18:00:00,202,70,132,F11MO
40,Molenlei 59,2022-05-24,19:00:00,86,38,48,F11MO
40,Molenlei 59,2022-05-24,20:00:00,100,54,46,F11MO
40,Molenlei 59,2022-05-24,21:00:00,68,34,34,F11MO
40,Molenlei 59,2022-05-24,22:00:00,74,28,46,F11MO
40,Molenlei 59,2022-05-24,23:00:00,16,4,12,F11MO
40,Molenlei 59,2022-05-25,00:00:00,10,4,6,F11MO
40,Molenlei 59,2022-05-25,01:00:00,4,2,2,F11MO
40,Molenlei 59,2022-05-25,02:00:00,2,0,2,F11MO
40,Molenlei 59,2022-05-25,03:00:00,2,2,0,F11MO
40,Molenlei 59,2022-05-25,04:00:00,2,2,0,F11MO
40,Molenlei 59,2022-05-25,05:00:00,58,38,20,F11MO
40,Molenlei 59,2022-05-25,06:00:00,106,82,24,F11MO
40,Molenlei 59,2022-05-25,07:00:00,336,184,152,F11MO
40,Molenlei 59,2022-05-25,08:00:00,416,264,152,F11MO
40,Molenlei 59,2022-05-25,09:00:00,182,94,88,F11MO
40,Molenlei 59,2022-05-25,10:00:00,234,120,114,F11MO
40,Molenlei 59,2022-05-25,11:00:00,168,82,86,F11MO
40,Molenlei 59,2022-05-25,12:00:00,342,136,206,F11MO
40,Molenlei 59,2022-05-25,13:00:00,280,152,128,F11MO
40,Molenlei 59,2022-05-25,14:00:00,186,100,86,F11MO
40,Molenlei 59,2022-05-25,15:00:00,230,96,134,F11MO
40,Molenlei 59,2022-05-25,16:00:00,318,130,188,F11MO
40,Molenlei 59,2022-05-25,17:00:00,330,148,182,F11MO
40,Molenlei 59,2022-05-25,18:00:00,238,110,128,F11MO
40,Molenlei 59,2022-05-25,19:00:00,144,56,88,F11MO
40,Molenlei 59,2022-05-25,20:00:00,94,52,42,F11MO
40,Molenlei 59,2022-05-25,21:00:00,78,52,26,F11MO
40,Molenlei 59,2022-05-25,22:00:00,60,16,44,F11MO
40,Molenlei 59,2022-05-25,23:00:00,36,10,26,F11MO
40,Molenlei 59,2022-05-26,00:00:00,20,4,16,F11MO
40,Molenlei 59,2022-05-26,01:00:00,26,12,14,F11MO
40,Molenlei 59,2022-05-26,02:00:00,6,0,6,F11MO
40,Molenlei 59,2022-05-26,03:00:00,14,10,4,F11MO
40,Molenlei 59,2022-05-26,04:00:00,2,2,0,F11MO
40,Molenlei 59,2022-05-26,05:00:00,24,14,10,F11MO
40,Molenlei 59,2022-05-26,06:00:00,24,16,8,F11MO
40,Molenlei 59,2022-05-26,07:00:00,30,12,18,F11MO
40,Molenlei 59,2022-05-26,08:00:00,66,30,36,F11MO
40,Molenlei 59,2022-05-26,09:00:00,190,82,108,F11MO
40,Molenlei 59,2022-05-26,10:00:00,206,82,124,F11MO
40,Molenlei 59,2022-05-26,11:00:00,286,148,138,F11MO
40,Molenlei 59,2022-05-26,12:00:00,254,170,84,F11MO
40,Molenlei 59,2022-05-26,13:00:00,340,174,166,F11MO
40,Molenlei 59,2022-05-26,14:00:00,292,136,156,F11MO
40,Molenlei 59,2022-05-26,15:00:00,318,158,160,F11MO
40,Molenlei 59,2022-05-26,16:00:00,312,182,130,F11MO
40,Molenlei 59,2022-05-26,17:00:00,294,124,170,F11MO
40,Molenlei 59,2022-05-26,18:00:00,242,118,124,F11MO
40,Molenlei 59,2022-05-26,19:00:00,202,128,74,F11MO
40,Molenlei 59,2022-05-26,20:00:00,144,84,60,F11MO
40,Molenlei 59,2022-05-26,21:00:00,114,60,54,F11MO
40,Molenlei 59,2022-05-26,22:00:00,106,52,54,F11MO
40,Molenlei 59,2022-05-26,23:00:00,42,6,36,F11MO
40,Molenlei 59,2022-05-27,00:00:00,70,12,58,F11MO
40,Molenlei 59,2022-05-27,01:00:00,44,14,30,F11MO
40,Molenlei 59,2022-05-27,02:00:00,4,0,4,F11MO
40,Molenlei 59,2022-05-27,03:00:00,6,2,4,F11MO
40,Molenlei 59,2022-05-27,04:00:00,6,2,4,F11MO
40,Molenlei 59,2022-05-27,05:00:00,24,10,14,F11MO
40,Molenlei 59,2022-05-27,06:00:00,28,14,14,F11MO
40,Molenlei 59,2022-05-27,07:00:00,82,40,42,F11MO
40,Molenlei 59,2022-05-27,08:00:00,78,28,50,F11MO
40,Molenlei 59,2022-05-27,09:00:00,116,60,56,F11MO
40,Molenlei 59,2022-05-27,10:00:00,192,94,98,F11MO
40,Molenlei 59,2022-05-27,11:00:00,182,90,92,F11MO
40,Molenlei 59,2022-05-27,12:00:00,188,102,86,F11MO
40,Molenlei 59,2022-05-27,13:00:00,182,84,98,F11MO
40,Molenlei 59,2022-05-27,14:00:00,266,116,150,F11MO
40,Molenlei 59,2022-05-27,15:00:00,260,132,128,F11MO
40,Molenlei 59,2022-05-27,16:00:00,240,140,100,F11MO
40,Molenlei 59,2022-05-27,17:00:00,284,142,142,F11MO
40,Molenlei 59,2022-05-27,18:00:00,172,90,82,F11MO
40,Molenlei 59,2022-05-27,19:00:00,102,56,46,F11MO
40,Molenlei 59,2022-05-27,20:00:00,82,24,58,F11MO
40,Molenlei 59,2022-05-27,21:00:00,78,40,38,F11MO
40,Molenlei 59,2022-05-27,22:00:00,42,24,18,F11MO
40,Molenlei 59,2022-05-27,23:00:00,18,14,4,F11MO
40,Molenlei 59,2022-05-28,00:00:00,16,2,14,F11MO
40,Molenlei 59,2022-05-28,01:00:00,28,14,14,F11MO
40,Molenlei 59,2022-05-28,02:00:00,10,8,2,F11MO
40,Molenlei 59,2022-05-28,03:00:00,4,4,0,F11MO
40,Molenlei 59,2022-05-28,04:00:00,4,4,0,F11MO
40,Molenlei 59,2022-05-28,05:00:00,22,14,8,F11MO
40,Molenlei 59,2022-05-28,06:00:00,30,14,16,F11MO
40,Molenlei 59,2022-05-28,07:00:00,28,10,18,F11MO
40,Molenlei 59,2022-05-28,08:00:00,76,28,48,F11MO
40,Molenlei 59,2022-05-28,09:00:00,160,56,104,F11MO
40,Molenlei 59,2022-05-28,10:00:00,180,86,94,F11MO
40,Molenlei 59,2022-05-28,11:00:00,236,110,126,F11MO
40,Molenlei 59,2022-05-28,12:00:00,178,84,94,F11MO
40,Molenlei 59,2022-05-28,13:00:00,250,130,120,F11MO
40,Molenlei 59,2022-05-28,14:00:00,316,178,138,F11MO
40,Molenlei 59,2022-05-28,15:00:00,306,170,136,F11MO
40,Molenlei 59,2022-05-28,16:00:00,224,112,112,F11MO
40,Molenlei 59,2022-05-28,17:00:00,252,100,152,F11MO
40,Molenlei 59,2022-05-28,18:00:00,278,168,110,F11MO
40,Molenlei 59,2022-05-28,19:00:00,184,100,84,F11MO
40,Molenlei 59,2022-05-28,20:00:00,150,102,48,F11MO
40,Molenlei 59,2022-05-28,21:00:00,104,44,60,F11MO
40,Molenlei 59,2022-05-28,22:00:00,72,22,50,F11MO
40,Molenlei 59,2022-05-28,23:00:00,78,26,52,F11MO
40,Molenlei 59,2022-05-29,00:00:00,62,20,42,F11MO
40,Molenlei 59,2022-05-29,01:00:00,38,10,28,F11MO
40,Molenlei 59,2022-05-29,02:00:00,6,0,6,F11MO
40,Molenlei 59,2022-05-29,03:00:00,8,2,6,F11MO
40,Molenlei 59,2022-05-29,04:00:00,6,6,0,F11MO
40,Molenlei 59,2022-05-29,05:00:00,24,12,12,F11MO
40,Molenlei 59,2022-05-29,06:00:00,24,12,12,F11MO
40,Molenlei 59,2022-05-29,07:00:00,36,14,22,F11MO
40,Molenlei 59,2022-05-29,08:00:00,88,28,60,F11MO
40,Molenlei 59,2022-05-29,09:00:00,114,44,70,F11MO
40,Molenlei 59,2022-05-29,10:00:00,172,66,106,F11MO
40,Molenlei 59,2022-05-29,11:00:00,72,46,26,F11MO
40,Molenlei 59,2022-05-29,12:00:00,108,62,46,F11MO
40,Molenlei 59,2022-05-29,13:00:00,80,46,34,F11MO
40,Molenlei 59,2022-05-29,14:00:00,80,32,48,F11MO
40,Molenlei 59,2022-05-29,15:00:00,88,46,42,F11MO
40,Molenlei 59,2022-05-29,16:00:00,62,34,28,F11MO
40,Molenlei 59,2022-05-29,17:00:00,126,70,56,F11MO
40,Molenlei 59,2022-05-29,18:00:00,98,48,50,F11MO
40,Molenlei 59,2022-05-29,19:00:00,106,56,50,F11MO
40,Molenlei 59,2022-05-29,20:00:00,54,28,26,F11MO
40,Molenlei 59,2022-05-29,21:00:00,50,36,14,F11MO
40,Molenlei 59,2022-05-29,22:00:00,18,6,12,F11MO
40,Molenlei 59,2022-05-29,23:00:00,6,2,4,F11MO
40,Molenlei 59,2022-05-30,00:00:00,4,0,4,F11MO
40,Molenlei 59,2022-05-30,01:00:00,0,0,0,F11MO
40,Molenlei 59,2022-05-30,02:00:00,2,2,0,F11MO
40,Molenlei 59,2022-05-30,03:00:00,0,0,0,F11MO
40,Molenlei 59,2022-05-30,04:00:00,8,6,2,F11MO
40,Molenlei 59,2022-05-30,05:00:00,66,42,24,F11MO
40,Molenlei 59,2022-05-30,06:00:00,122,94,28,F11MO
40,Molenlei 59,2022-05-30,07:00:00,376,266,110,F11MO
40,Molenlei 59,2022-05-30,08:00:00,492,324,168,F11MO
40,Molenlei 59,2022-05-30,09:00:00,172,102,70,F11MO
40,Molenlei 59,2022-05-30,10:00:00,128,66,62,F11MO
40,Molenlei 59,2022-05-30,11:00:00,152,68,84,F11MO
40,Molenlei 59,2022-05-30,12:00:00,162,70,92,F11MO
40,Molenlei 59,2022-05-30,13:00:00,138,72,66,F11MO
40,Molenlei 59,2022-05-30,14:00:00,202,110,92,F11MO
40,Molenlei 59,2022-05-30,15:00:00,392,162,230,F11MO
40,Molenlei 59,2022-05-30,16:00:00,482,156,326,F11MO
40,Molenlei 59,2022-05-30,17:00:00,422,128,294,F11MO
40,Molenlei 59,2022-05-30,18:00:00,222,90,132,F11MO
40,Molenlei 59,2022-05-30,19:00:00,150,86,64,F11MO
40,Molenlei 59,2022-05-30,20:00:00,116,68,48,F11MO
40,Molenlei 59,2022-05-30,21:00:00,80,44,36,F11MO
40,Molenlei 59,2022-05-30,22:00:00,62,26,36,F11MO
40,Molenlei 59,2022-05-30,23:00:00,34,8,26,F11MO
40,Molenlei 59,2022-05-31,00:00:00,8,4,4,F11MO
40,Molenlei 59,2022-05-31,01:00:00,0,0,0,F11MO
40,Molenlei 59,2022-05-31,02:00:00,0,0,0,F11MO
40,Molenlei 59,2022-05-31,03:00:00,0,0,0,F11MO
40,Molenlei 59,2022-05-31,04:00:00,6,2,4,F11MO
40,Molenlei 59,2022-05-31,05:00:00,72,52,20,F11MO
40,Molenlei 59,2022-05-31,06:00:00,148,106,42,F11MO
40,Molenlei 59,2022-05-31,07:00:00,452,312,140,F11MO
40,Molenlei 59,2022-05-31,08:00:00,554,370,184,F11MO
40,Molenlei 59,2022-05-31,09:00:00,186,114,72,F11MO
40,Molenlei 59,2022-05-31,10:00:00,134,72,62,F11MO
40,Molenlei 59,2022-05-31,11:00:00,176,98,78,F11MO
40,Molenlei 59,2022-05-31,12:00:00,204,90,114,F11MO
40,Molenlei 59,2022-05-31,13:00:00,200,124,76,F11MO
40,Molenlei 59,2022-05-31,14:00:00,168,80,88,F11MO
40,Molenlei 59,2022-05-31,15:00:00,368,114,254,F11MO
40,Molenlei 59,2022-05-31,16:00:00,504,152,352,F11MO
40,Molenlei 59,2022-05-31,17:00:00,494,158,336,F11MO
40,Molenlei 59,2022-05-31,18:00:00,234,76,158,F11MO
40,Molenlei 59,2022-05-31,19:00:00,94,48,46,F11MO
40,Molenlei 59,2022-05-31,20:00:00,116,50,66,F11MO
40,Molenlei 59,2022-05-31,21:00:00,100,60,40,F11MO
40,Molenlei 59,2022-05-31,22:00:00,72,36,36,F11MO
40,Molenlei 59,2022-05-31,23:00:00,20,2,18,F11MO
40,Molenlei 59,2022-06-01,00:00:00,0,0,0,F11MO
40,Molenlei 59,2022-06-01,01:00:00,8,2,6,F11MO
40,Molenlei 59,2022-06-01,02:00:00,2,0,2,F11MO
40,Molenlei 59,2022-06-01,03:00:00,0,0,0,F11MO
40,Molenlei 59,2022-06-01,04:00:00,14,12,2,F11MO
40,Molenlei 59,2022-06-01,05:00:00,66,44,22,F11MO
40,Molenlei 59,2022-06-01,06:00:00,148,102,46,F11MO
40,Molenlei 59,2022-06-01,07:00:00,412,256,156,F11MO
40,Molenlei 59,2022-06-01,08:00:00,536,368,168,F11MO
40,Molenlei 59,2022-06-01,09:00:00,180,92,88,F11MO
40,Molenlei 59,2022-06-01,10:00:00,148,94,54,F11MO
40,Molenlei 59,2022-06-01,11:00:00,280,136,144,F11MO
40,Molenlei 59,2022-06-01,12:00:00,326,122,204,F11MO
40,Molenlei 59,2022-06-01,13:00:00,206,76,130,F11MO
40,Molenlei 59,2022-06-01,14:00:00,160,54,106,F11MO
40,Molenlei 59,2022-06-01,15:00:00,198,76,122,F11MO
40,Molenlei 59,2022-06-01,16:00:00,332,130,202,F11MO
40,Molenlei 59,2022-06-01,17:00:00,454,176,278,F11MO
40,Molenlei 59,2022-06-01,18:00:00,300,126,174,F11MO
40,Molenlei 59,2022-06-01,19:00:00,190,68,122,F11MO
40,Molenlei 59,2022-06-01,20:00:00,142,84,58,F11MO
40,Molenlei 59,2022-06-01,21:00:00,126,92,34,F11MO
40,Molenlei 59,2022-06-01,22:00:00,56,18,38,F11MO
40,Molenlei 59,2022-06-01,23:00:00,36,12,24,F11MO
40,Molenlei 59,2022-06-02,00:00:00,10,6,4,F11MO
40,Molenlei 59,2022-06-02,01:00:00,4,0,4,F11MO
40,Molenlei 59,2022-06-02,02:00:00,0,0,0,F11MO
40,Molenlei 59,2022-06-02,03:00:00,0,0,0,F11MO
40,Molenlei 59,2022-06-02,04:00:00,16,14,2,F11MO
40,Molenlei 59,2022-06-02,05:00:00,72,52,20,F11MO
40,Molenlei 59,2022-06-02,06:00:00,118,84,34,F11MO
40,Molenlei 59,2022-06-02,07:00:00,426,278,148,F11MO
40,Molenlei 59,2022-06-02,08:00:00,552,388,164,F11MO
40,Molenlei 59,2022-06-02,09:00:00,200,98,102,F11MO
40,Molenlei 59,2022-06-02,10:00:00,188,100,88,F11MO
40,Molenlei 59,2022-06-02,11:00:00,168,88,80,F11MO
40,Molenlei 59,2022-06-02,12:00:00,162,90,72,F11MO
40,Molenlei 59,2022-06-02,13:00:00,210,110,100,F11MO
40,Molenlei 59,2022-06-02,14:00:00,254,100,154,F11MO
40,Molenlei 59,2022-06-02,15:00:00,370,164,206,F11MO
40,Molenlei 59,2022-06-02,16:00:00,572,194,378,F11MO
40,Molenlei 59,2022-06-02,17:00:00,504,172,332,F11MO
40,Molenlei 59,2022-06-02,18:00:00,346,134,212,F11MO
40,Molenlei 59,2022-06-02,19:00:00,290,128,162,F11MO
40,Molenlei 59,2022-06-02,20:00:00,210,128,82,F11MO
40,Molenlei 59,2022-06-02,21:00:00,100,70,30,F11MO
40,Molenlei 59,2022-06-02,22:00:00,74,18,56,F11MO
40,Molenlei 59,2022-06-02,23:00:00,30,4,26,F11MO
40,Molenlei 59,2022-06-03,00:00:00,16,6,10,F11MO
40,Molenlei 59,2022-06-03,01:00:00,8,2,6,F11MO
40,Molenlei 59,2022-06-03,02:00:00,0,0,0,F11MO
40,Molenlei 59,2022-06-03,03:00:00,4,0,4,F11MO
40,Molenlei 59,2022-06-03,04:00:00,12,10,2,F11MO
40,Molenlei 59,2022-06-03,05:00:00,48,34,14,F11MO
40,Molenlei 59,2022-06-03,06:00:00,128,92,36,F11MO
40,Molenlei 59,2022-06-03,07:00:00,362,232,130,F11MO
40,Molenlei 59,2022-06-03,08:00:00,524,344,180,F11MO
40,Molenlei 59,2022-06-03,09:00:00,290,102,188,F11MO
40,Molenlei 59,2022-06-03,10:00:00,208,78,130,F11MO
40,Molenlei 59,2022-06-03,11:00:00,180,90,90,F11MO
40,Molenlei 59,2022-06-03,12:00:00,210,102,108,F11MO
40,Molenlei 59,2022-06-03,13:00:00,252,104,148,F11MO
40,Molenlei 59,2022-06-03,14:00:00,318,146,172,F11MO
40,Molenlei 59,2022-06-03,15:00:00,654,372,282,F11MO
40,Molenlei 59,2022-06-03,16:00:00,566,238,328,F11MO
40,Molenlei 59,2022-06-03,17:00:00,424,198,226,F11MO
40,Molenlei 59,2022-06-03,18:00:00,302,124,178,F11MO
40,Molenlei 59,2022-06-03,19:00:00,260,118,142,F11MO
40,Molenlei 59,2022-06-03,20:00:00,144,68,76,F11MO
40,Molenlei 59,2022-06-03,21:00:00,92,60,32,F11MO
40,Molenlei 59,2022-06-03,22:00:00,88,44,44,F11MO
40,Molenlei 59,2022-06-03,23:00:00,54,14,40,F11MO
40,Molenlei 59,2022-06-04,00:00:00,32,12,20,F11MO
40,Molenlei 59,2022-06-04,01:00:00,14,4,10,F11MO
40,Molenlei 59,2022-06-04,02:00:00,14,12,2,F11MO
40,Molenlei 59,2022-06-04,03:00:00,10,8,2,F11MO
40,Molenlei 59,2022-06-04,04:00:00,12,8,4,F11MO
40,Molenlei 59,2022-06-04,05:00:00,28,8,20,F11MO
40,Molenlei 59,2022-06-04,06:00:00,32,8,24,F11MO
40,Molenlei 59,2022-06-04,07:00:00,22,14,8,F11MO
40,Molenlei 59,2022-06-04,08:00:00,72,20,52,F11MO
40,Molenlei 59,2022-06-04,09:00:00,120,50,70,F11MO
40,Molenlei 59,2022-06-04,10:00:00,238,104,134,F11MO
40,Molenlei 59,2022-06-04,11:00:00,268,150,118,F11MO
40,Molenlei 59,2022-06-04,12:00:00,242,140,102,F11MO
40,Molenlei 59,2022-06-04,13:00:00,284,116,168,F11MO
40,Molenlei 59,2022-06-04,14:00:00,362,144,218,F11MO
40,Molenlei 59,2022-06-04,15:00:00,360,176,184,F11MO
40,Molenlei 59,2022-06-04,16:00:00,286,140,146,F11MO
40,Molenlei 59,2022-06-04,17:00:00,296,162,134,F11MO
40,Molenlei 59,2022-06-04,18:00:00,230,136,94,F11MO
40,Molenlei 59,2022-06-04,19:00:00,152,74,78,F11MO
40,Molenlei 59,2022-06-04,20:00:00,112,58,54,F11MO
40,Molenlei 59,2022-06-04,21:00:00,82,44,38,F11MO
40,Molenlei 59,2022-06-04,22:00:00,50,20,30,F11MO
40,Molenlei 59,2022-06-04,23:00:00,42,16,26,F11MO
40,Molenlei 59,2022-06-05,00:00:00,28,6,22,F11MO
40,Molenlei 59,2022-06-05,01:00:00,16,6,10,F11MO
40,Molenlei 59,2022-06-05,02:00:00,12,10,2,F11MO
40,Molenlei 59,2022-06-05,03:00:00,2,2,0,F11MO
40,Molenlei 59,2022-06-05,04:00:00,4,2,2,F11MO
40,Molenlei 59,2022-06-05,05:00:00,30,18,12,F11MO
40,Molenlei 59,2022-06-05,06:00:00,20,8,12,F11MO
40,Molenlei 59,2022-06-05,07:00:00,16,6,10,F11MO
40,Molenlei 59,2022-06-05,08:00:00,60,30,30,F11MO
40,Molenlei 59,2022-06-05,09:00:00,180,98,82,F11MO
40,Molenlei 59,2022-06-05,10:00:00,246,104,142,F11MO
40,Molenlei 59,2022-06-05,11:00:00,244,136,108,F11MO
40,Molenlei 59,2022-06-05,12:00:00,150,94,56,F11MO
40,Molenlei 59,2022-06-05,13:00:00,38,26,12,F11MO
40,Molenlei 59,2022-06-05,14:00:00,70,50,20,F11MO
40,Molenlei 59,2022-06-05,15:00:00,34,18,16,F11MO
40,Molenlei 59,2022-06-05,16:00:00,24,16,8,F11MO
40,Molenlei 59,2022-06-05,17:00:00,34,22,12,F11MO
40,Molenlei 59,2022-06-05,18:00:00,82,36,46,F11MO
40,Molenlei 59,2022-06-05,19:00:00,78,34,44,F11MO
40,Molenlei 59,2022-06-05,20:00:00,50,24,26,F11MO
40,Molenlei 59,2022-06-05,21:00:00,28,12,16,F11MO
40,Molenlei 59,2022-06-05,22:00:00,16,4,12,F11MO
40,Molenlei 59,2022-06-05,23:00:00,14,4,10,F11MO
40,Molenlei 59,2022-06-06,00:00:00,4,2,2,F11MO
40,Molenlei 59,2022-06-06,01:00:00,4,0,4,F11MO
40,Molenlei 59,2022-06-06,02:00:00,2,0,2,F11MO
40,Molenlei 59,2022-06-06,03:00:00,2,2,0,F11MO
40,Molenlei 59,2022-06-06,04:00:00,2,2,0,F11MO
40,Molenlei 59,2022-06-06,05:00:00,12,6,6,F11MO
40,Molenlei 59,2022-06-06,06:00:00,4,2,2,F11MO
40,Molenlei 59,2022-06-06,07:00:00,32,8,24,F11MO
40,Molenlei 59,2022-06-06,08:00:00,68,34,34,F11MO
40,Molenlei 59,2022-06-06,09:00:00,220,112,108,F11MO
40,Molenlei 59,2022-06-06,10:00:00,244,122,122,F11MO
40,Molenlei 59,2022-06-06,11:00:00,314,192,122,F11MO
40,Molenlei 59,2022-06-06,12:00:00,228,152,76,F11MO
40,Molenlei 59,2022-06-06,13:00:00,200,122,78,F11MO
40,Molenlei 59,2022-06-06,14:00:00,126,52,74,F11MO
40,Molenlei 59,2022-06-06,15:00:00,204,114,90,F11MO
40,Molenlei 59,2022-06-06,16:00:00,154,68,86,F11MO
40,Molenlei 59,2022-06-06,17:00:00,162,100,62,F11MO
40,Molenlei 59,2022-06-06,18:00:00,92,46,46,F11MO
40,Molenlei 59,2022-06-06,19:00:00,50,26,24,F11MO
40,Molenlei 59,2022-06-06,20:00:00,72,38,34,F11MO
40,Molenlei 59,2022-06-06,21:00:00,30,24,6,F11MO
40,Molenlei 59,2022-06-06,22:00:00,24,12,12,F11MO
40,Molenlei 59,2022-06-06,23:00:00,18,8,10,F11MO
40,Molenlei 59,2022-06-07,00:00:00,16,4,12,F11MO
40,Molenlei 59,2022-06-07,01:00:00,0,0,0,F11MO
40,Molenlei 59,2022-06-07,02:00:00,2,2,0,F11MO
40,Molenlei 59,2022-06-07,03:00:00,0,0,0,F11MO
40,Molenlei 59,2022-06-07,04:00:00,12,6,6,F11MO
40,Molenlei 59,2022-06-07,05:00:00,72,44,28,F11MO
40,Molenlei 59,2022-06-07,06:00:00,136,98,38,F11MO
40,Molenlei 59,2022-06-07,07:00:00,498,314,184,F11MO
40,Molenlei 59,2022-06-07,08:00:00,456,318,138,F11MO
40,Molenlei 59,2022-06-07,09:00:00,140,76,64,F11MO
40,Molenlei 59,2022-06-07,10:00:00,118,54,64,F11MO
40,Molenlei 59,2022-06-07,11:00:00,98,52,46,F11MO
40,Molenlei 59,2022-06-07,12:00:00,198,126,72,F11MO
40,Molenlei 59,2022-06-07,13:00:00,128,60,68,F11MO
40,Molenlei 59,2022-06-07,14:00:00,156,58,98,F11MO
40,Molenlei 59,2022-06-07,15:00:00,274,114,160,F11MO
40,Molenlei 59,2022-06-07,16:00:00,486,146,340,F11MO
40,Molenlei 59,2022-06-07,17:00:00,436,154,282,F11MO
40,Molenlei 59,2022-06-07,18:00:00,212,86,126,F11MO
40,Molenlei 59,2022-06-07,19:00:00,162,68,94,F11MO
40,Molenlei 59,2022-06-07,20:00:00,86,36,50,F11MO
40,Molenlei 59,2022-06-07,21:00:00,96,58,38,F11MO
40,Molenlei 59,2022-06-07,22:00:00,66,22,44,F11MO
40,Molenlei 59,2022-06-07,23:00:00,12,2,10,F11MO
40,Molenlei 59,2022-06-08,00:00:00,10,2,8,F11MO
40,Molenlei 59,2022-06-08,01:00:00,0,0,0,F11MO
40,Molenlei 59,2022-06-08,02:00:00,4,0,4,F11MO
40,Molenlei 59,2022-06-08,03:00:00,2,0,2,F11MO
40,Molenlei 59,2022-06-08,04:00:00,16,12,4,F11MO
40,Molenlei 59,2022-06-08,05:00:00,54,32,22,F11MO
40,Molenlei 59,2022-06-08,06:00:00,100,70,30,F11MO
40,Molenlei 59,2022-06-08,07:00:00,322,184,138,F11MO
40,Molenlei 59,2022-06-08,08:00:00,356,240,116,F11MO
40,Molenlei 59,2022-06-08,09:00:00,148,68,80,F11MO
40,Molenlei 59,2022-06-08,10:00:00,106,64,42,F11MO
40,Molenlei 59,2022-06-08,11:00:00,142,62,80,F11MO
40,Molenlei 59,2022-06-08,12:00:00,234,88,146,F11MO
40,Molenlei 59,2022-06-08,13:00:00,110,64,46,F11MO
40,Molenlei 59,2022-06-08,14:00:00,72,28,44,F11MO
40,Molenlei 59,2022-06-08,15:00:00,100,42,58,F11MO
40,Molenlei 59,2022-06-08,16:00:00,200,58,142,F11MO
40,Molenlei 59,2022-06-08,17:00:00,254,98,156,F11MO
40,Molenlei 59,2022-06-08,18:00:00,162,62,100,F11MO
40,Molenlei 59,2022-06-08,19:00:00,204,80,124,F11MO
40,Molenlei 59,2022-06-08,20:00:00,130,80,50,F11MO
40,Molenlei 59,2022-06-08,21:00:00,72,34,38,F11MO
40,Molenlei 59,2022-06-08,22:00:00,68,36,32,F11MO
40,Molenlei 59,2022-06-08,23:00:00,18,6,12,F11MO
40,Molenlei 59,2022-06-09,00:00:00,8,0,8,F11MO
40,Molenlei 59,2022-06-09,01:00:00,0,0,0,F11MO
40,Molenlei 59,2022-06-09,02:00:00,0,0,0,F11MO
40,Molenlei 59,2022-06-09,03:00:00,0,0,0,F11MO
40,Molenlei 59,2022-06-09,04:00:00,10,10,0,F11MO
40,Molenlei 59,2022-06-09,05:00:00,66,40,26,F11MO
40,Molenlei 59,2022-06-09,06:00:00,122,94,28,F11MO
40,Molenlei 59,2022-06-09,07:00:00,384,252,132,F11MO
40,Molenlei 59,2022-06-09,08:00:00,536,348,188,F11MO
40,Molenlei 59,2022-06-09,09:00:00,202,98,104,F11MO
40,Molenlei 59,2022-06-09,10:00:00,120,62,58,F11MO
40,Molenlei 59,2022-06-09,11:00:00,142,82,60,F11MO
40,Molenlei 59,2022-06-09,12:00:00,194,116,78,F11MO
40,Molenlei 59,2022-06-09,13:00:00,170,86,84,F11MO
40,Molenlei 59,2022-06-09,14:00:00,206,90,116,F11MO
40,Molenlei 59,2022-06-09,15:00:00,312,98,214,F11MO
40,Molenlei 59,2022-06-09,16:00:00,496,158,338,F11MO
40,Molenlei 59,2022-06-09,17:00:00,428,156,272,F11MO
40,Molenlei 59,2022-06-09,18:00:00,344,96,248,F11MO
40,Molenlei 59,2022-06-09,19:00:00,220,86,134,F11MO
40,Molenlei 59,2022-06-09,20:00:00,192,132,60,F11MO
40,Molenlei 59,2022-06-09,21:00:00,150,116,34,F11MO
40,Molenlei 59,2022-06-09,22:00:00,92,18,74,F11MO
40,Molenlei 59,2022-06-09,23:00:00,20,12,8,F11MO
40,Molenlei 59,2022-06-10,00:00:00,18,6,12,F11MO
40,Molenlei 59,2022-06-10,01:00:00,4,0,4,F11MO
40,Molenlei 59,2022-06-10,02:00:00,2,0,2,F11MO
40,Molenlei 59,2022-06-10,03:00:00,8,4,4,F11MO
40,Molenlei 59,2022-06-10,04:00:00,22,20,2,F11MO
40,Molenlei 59,2022-06-10,05:00:00,56,38,18,F11MO
40,Molenlei 59,2022-06-10,06:00:00,130,100,30,F11MO
40,Molenlei 59,2022-06-10,07:00:00,378,222,156,F11MO
40,Molenlei 59,2022-06-10,08:00:00,394,262,132,F11MO
40,Molenlei 59,2022-06-10,09:00:00,158,84,74,F11MO
40,Molenlei 59,2022-06-10,10:00:00,162,86,76,F11MO
40,Molenlei 59,2022-06-10,11:00:00,160,74,86,F11MO
40,Molenlei 59,2022-06-10,12:00:00,266,138,128,F11MO
40,Molenlei 59,2022-06-10,13:00:00,224,106,118,F11MO
40,Molenlei 59,2022-06-10,14:00:00,226,84,142,F11MO
40,Molenlei 59,2022-06-10,15:00:00,414,158,256,F11MO
40,Molenlei 59,2022-06-10,16:00:00,480,180,300,F11MO
40,Molenlei 59,2022-06-10,17:00:00,354,158,196,F11MO
40,Molenlei 59,2022-06-10,18:00:00,276,112,164,F11MO
40,Molenlei 59,2022-06-10,19:00:00,168,72,96,F11MO
40,Molenlei 59,2022-06-10,20:00:00,146,66,80,F11MO
40,Molenlei 59,2022-06-10,21:00:00,82,38,44,F11MO
40,Molenlei 59,2022-06-10,22:00:00,80,24,56,F11MO
40,Molenlei 59,2022-06-10,23:00:00,68,24,44,F11MO
40,Molenlei 59,2022-06-11,00:00:00,42,20,22,F11MO
40,Molenlei 59,2022-06-11,01:00:00,36,20,16,F11MO
40,Molenlei 59,2022-06-11,02:00:00,12,6,6,F11MO
40,Molenlei 59,2022-06-11,03:00:00,10,2,8,F11MO
40,Molenlei 59,2022-06-11,04:00:00,8,6,2,F11MO
40,Molenlei 59,2022-06-11,05:00:00,30,12,18,F11MO
40,Molenlei 59,2022-06-11,06:00:00,22,10,12,F11MO
40,Molenlei 59,2022-06-11,07:00:00,36,16,20,F11MO
40,Molenlei 59,2022-06-11,08:00:00,72,28,44,F11MO
40,Molenlei 59,2022-06-11,09:00:00,168,72,96,F11MO
40,Molenlei 59,2022-06-11,10:00:00,184,64,120,F11MO
40,Molenlei 59,2022-06-11,11:00:00,244,140,104,F11MO
40,Molenlei 59,2022-06-11,12:00:00,260,140,120,F11MO
40,Molenlei 59,2022-06-11,13:00:00,314,170,144,F11MO
40,Molenlei 59,2022-06-11,14:00:00,388,158,230,F11MO
40,Molenlei 59,2022-06-11,15:00:00,334,182,152,F11MO
40,Molenlei 59,2022-06-11,16:00:00,274,164,110,F11MO
40,Molenlei 59,2022-06-11,17:00:00,278,154,124,F11MO
40,Molenlei 59,2022-06-11,18:00:00,268,136,132,F11MO
40,Molenlei 59,2022-06-11,19:00:00,248,118,130,F11MO
40,Molenlei 59,2022-06-11,20:00:00,138,78,60,F11MO
40,Molenlei 59,2022-06-11,21:00:00,146,90,56,F11MO
40,Molenlei 59,2022-06-11,22:00:00,34,4,30,F11MO
40,Molenlei 59,2022-06-11,23:00:00,30,8,22,F11MO
40,Molenlei 59,2022-06-12,00:00:00,4,2,2,F11MO
40,Molenlei 59,2022-06-12,01:00:00,10,2,8,F11MO
40,Molenlei 59,2022-06-12,02:00:00,16,10,6,F11MO
40,Molenlei 59,2022-06-12,03:00:00,2,0,2,F11MO
40,Molenlei 59,2022-06-12,04:00:00,14,12,2,F11MO
40,Molenlei 59,2022-06-12,05:00:00,24,8,16,F11MO
40,Molenlei 59,2022-06-12,06:00:00,20,10,10,F11MO
40,Molenlei 59,2022-06-12,07:00:00,54,14,40,F11MO
40,Molenlei 59,2022-06-12,08:00:00,130,42,88,F11MO
40,Molenlei 59,2022-06-12,09:00:00,260,94,166,F11MO
40,Molenlei 59,2022-06-12,10:00:00,326,118,208,F11MO
40,Molenlei 59,2022-06-12,11:00:00,528,270,258,F11MO
40,Molenlei 59,2022-06-12,12:00:00,380,212,168,F11MO
40,Molenlei 59,2022-06-12,13:00:00,416,206,210,F11MO
40,Molenlei 59,2022-06-12,14:00:00,504,210,294,F11MO
40,Molenlei 59,2022-06-12,15:00:00,364,170,194,F11MO
40,Molenlei 59,2022-06-12,16:00:00,406,232,174,F11MO
40,Molenlei 59,2022-06-12,17:00:00,300,172,128,F11MO
40,Molenlei 59,2022-06-12,18:00:00,224,114,110,F11MO
40,Molenlei 59,2022-06-12,19:00:00,152,106,46,F11MO
40,Molenlei 59,2022-06-12,20:00:00,106,58,48,F11MO
40,Molenlei 59,2022-06-12,21:00:00,76,44,32,F11MO
40,Molenlei 59,2022-06-12,22:00:00,42,18,24,F11MO
40,Molenlei 59,2022-06-12,23:00:00,20,6,14,F11MO
40,Molenlei 59,2022-06-13,00:00:00,8,4,4,F11MO
40,Molenlei 59,2022-06-13,01:00:00,8,6,2,F11MO
40,Molenlei 59,2022-06-13,02:00:00,0,0,0,F11MO
40,Molenlei 59,2022-06-13,03:00:00,4,4,0,F11MO
40,Molenlei 59,2022-06-13,04:00:00,10,8,2,F11MO
40,Molenlei 59,2022-06-13,05:00:00,64,44,20,F11MO
40,Molenlei 59,2022-06-13,06:00:00,180,124,56,F11MO
40,Molenlei 59,2022-06-13,07:00:00,522,348,174,F11MO
40,Molenlei 59,2022-06-13,08:00:00,550,404,146,F11MO
40,Molenlei 59,2022-06-13,09:00:00,190,96,94,F11MO
40,Molenlei 59,2022-06-13,10:00:00,110,50,60,F11MO
40,Molenlei 59,2022-06-13,11:00:00,122,60,62,F11MO
40,Molenlei 59,2022-06-13,12:00:00,212,86,126,F11MO
40,Molenlei 59,2022-06-13,13:00:00,166,76,90,F11MO
40,Molenlei 59,2022-06-13,14:00:00,194,62,132,F11MO
40,Molenlei 59,2022-06-13,15:00:00,382,112,270,F11MO
40,Molenlei 59,2022-06-13,16:00:00,476,142,334,F11MO
40,Molenlei 59,2022-06-13,17:00:00,478,164,314,F11MO
40,Molenlei 59,2022-06-13,18:00:00,288,108,180,F11MO
40,Molenlei 59,2022-06-13,19:00:00,240,96,144,F11MO
40,Molenlei 59,2022-06-13,20:00:00,154,60,94,F11MO
40,Molenlei 59,2022-06-13,21:00:00,110,64,46,F11MO
40,Molenlei 59,2022-06-13,22:00:00,62,24,38,F11MO
40,Molenlei 59,2022-06-13,23:00:00,26,14,12,F11MO
40,Molenlei 59,2022-06-14,00:00:00,8,4,4,F11MO
40,Molenlei 59,2022-06-14,01:00:00,6,0,6,F11MO
40,Molenlei 59,2022-06-14,02:00:00,2,0,2,F11MO
40,Molenlei 59,2022-06-14,03:00:00,2,0,2,F11MO
40,Molenlei 59,2022-06-14,04:00:00,12,10,2,F11MO
40,Molenlei 59,2022-06-14,05:00:00,78,52,26,F11MO
40,Molenlei 59,2022-06-14,06:00:00,184,140,44,F11MO
40,Molenlei 59,2022-06-14,07:00:00,558,384,174,F11MO
40,Molenlei 59,2022-06-14,08:00:00,588,428,160,F11MO
40,Molenlei 59,2022-06-14,09:00:00,182,100,82,F11MO
40,Molenlei 59,2022-06-14,10:00:00,178,84,94,F11MO
40,Molenlei 59,2022-06-14,11:00:00,224,122,102,F11MO
40,Molenlei 59,2022-06-14,12:00:00,282,142,140,F11MO
40,Molenlei 59,2022-06-14,13:00:00,184,82,102,F11MO
40,Molenlei 59,2022-06-14,14:00:00,310,124,186,F11MO
40,Molenlei 59,2022-06-14,15:00:00,426,156,270,F11MO
40,Molenlei 59,2022-06-14,16:00:00,624,208,416,F11MO
40,Molenlei 59,2022-06-14,17:00:00,554,178,376,F11MO
40,Molenlei 59,2022-06-14,18:00:00,318,108,210,F11MO
40,Molenlei 59,2022-06-14,19:00:00,252,118,134,F11MO
40,Molenlei 59,2022-06-14,20:00:00,208,124,84,F11MO
40,Molenlei 59,2022-06-14,21:00:00,180,122,58,F11MO
40,Molenlei 59,2022-06-14,22:00:00,88,32,56,F11MO
40,Molenlei 59,2022-06-14,23:00:00,22,6,16,F11MO
40,Molenlei 59,2022-06-15,00:00:00,8,2,6,F11MO
40,Molenlei 59,2022-06-15,01:00:00,10,2,8,F11MO
40,Molenlei 59,2022-06-15,02:00:00,0,0,0,F11MO
40,Molenlei 59,2022-06-15,03:00:00,0,0,0,F11MO
40,Molenlei 59,2022-06-15,04:00:00,22,16,6,F11MO
40,Molenlei 59,2022-06-15,05:00:00,56,36,20,F11MO
40,Molenlei 59,2022-06-15,06:00:00,152,100,52,F11MO
40,Molenlei 59,2022-06-15,07:00:00,474,316,158,F11MO
40,Molenlei 59,2022-06-15,08:00:00,460,318,142,F11MO
40,Molenlei 59,2022-06-15,09:00:00,208,108,100,F11MO
40,Molenlei 59,2022-06-15,10:00:00,354,150,204,F11MO
40,Molenlei 59,2022-06-15,11:00:00,332,144,188,F11MO
40,Molenlei 59,2022-06-15,12:00:00,416,190,226,F11MO
40,Molenlei 59,2022-06-15,13:00:00,348,142,206,F11MO
40,Molenlei 59,2022-06-15,14:00:00,272,122,150,F11MO
40,Molenlei 59,2022-06-15,15:00:00,258,108,150,F11MO
40,Molenlei 59,2022-06-15,16:00:00,402,152,250,F11MO
40,Molenlei 59,2022-06-15,17:00:00,492,164,328,F11MO
40,Molenlei 59,2022-06-15,18:00:00,376,140,236,F11MO
40,Molenlei 59,2022-06-15,19:00:00,308,136,172,F11MO
40,Molenlei 59,2022-06-15,20:00:00,356,198,158,F11MO
40,Molenlei 59,2022-06-15,21:00:00,174,102,72,F11MO
40,Molenlei 59,2022-06-15,22:00:00,100,58,42,F11MO
40,Molenlei 59,2022-06-15,23:00:00,30,16,14,F11MO
40,Molenlei 59,2022-06-16,00:00:00,16,10,6,F11MO
40,Molenlei 59,2022-06-16,01:00:00,6,4,2,F11MO
40,Molenlei 59,2022-06-16,02:00:00,0,0,0,F11MO
40,Molenlei 59,2022-06-16,03:00:00,4,4,0,F11MO
40,Molenlei 59,2022-06-16,04:00:00,12,10,2,F11MO
40,Molenlei 59,2022-06-16,05:00:00,70,46,24,F11MO
40,Molenlei 59,2022-06-16,06:00:00,138,98,40,F11MO
40,Molenlei 59,2022-06-16,07:00:00,542,356,186,F11MO
40,Molenlei 59,2022-06-16,08:00:00,586,408,178,F11MO
40,Molenlei 59,2022-06-16,09:00:00,238,100,138,F11MO
40,Molenlei 59,2022-06-16,10:00:00,306,150,156,F11MO
40,Molenlei 59,2022-06-16,11:00:00,202,116,86,F11MO
40,Molenlei 59,2022-06-16,12:00:00,246,110,136,F11MO
40,Molenlei 59,2022-06-16,13:00:00,206,92,114,F11MO
40,Molenlei 59,2022-06-16,14:00:00,214,80,134,F11MO
40,Molenlei 59,2022-06-16,15:00:00,374,126,248,F11MO
40,Molenlei 59,2022-06-16,16:00:00,582,248,334,F11MO
40,Molenlei 59,2022-06-16,17:00:00,530,180,350,F11MO
40,Molenlei 59,2022-06-16,18:00:00,324,120,204,F11MO
40,Molenlei 59,2022-06-16,19:00:00,222,98,124,F11MO
40,Molenlei 59,2022-06-16,20:00:00,232,154,78,F11MO
40,Molenlei 59,2022-06-16,21:00:00,160,94,66,F11MO
40,Molenlei 59,2022-06-16,22:00:00,154,64,90,F11MO
40,Molenlei 59,2022-06-16,23:00:00,30,8,22,F11MO
40,Molenlei 59,2022-06-17,00:00:00,20,4,16,F11MO
40,Molenlei 59,2022-06-17,01:00:00,2,2,0,F11MO
40,Molenlei 59,2022-06-17,02:00:00,4,4,0,F11MO
40,Molenlei 59,2022-06-17,03:00:00,4,0,4,F11MO
40,Molenlei 59,2022-06-17,04:00:00,14,10,4,F11MO
40,Molenlei 59,2022-06-17,05:00:00,64,38,26,F11MO
40,Molenlei 59,2022-06-17,06:00:00,120,90,30,F11MO
40,Molenlei 59,2022-06-17,07:00:00,396,260,136,F11MO
40,Molenlei 59,2022-06-17,08:00:00,530,352,178,F11MO
40,Molenlei 59,2022-06-17,09:00:00,292,92,200,F11MO
40,Molenlei 59,2022-06-17,10:00:00,244,104,140,F11MO
40,Molenlei 59,2022-06-17,11:00:00,232,118,114,F11MO
40,Molenlei 59,2022-06-17,12:00:00,324,162,162,F11MO
40,Molenlei 59,2022-06-17,13:00:00,198,70,128,F11MO
40,Molenlei 59,2022-06-17,14:00:00,330,180,150,F11MO
40,Molenlei 59,2022-06-17,15:00:00,584,292,292,F11MO
40,Molenlei 59,2022-06-17,16:00:00,454,160,294,F11MO
40,Molenlei 59,2022-06-17,17:00:00,422,152,270,F11MO
40,Molenlei 59,2022-06-17,18:00:00,336,140,196,F11MO
40,Molenlei 59,2022-06-17,19:00:00,242,126,116,F11MO
40,Molenlei 59,2022-06-17,20:00:00,216,96,120,F11MO
40,Molenlei 59,2022-06-17,21:00:00,114,56,58,F11MO
40,Molenlei 59,2022-06-17,22:00:00,112,68,44,F11MO
40,Molenlei 59,2022-06-17,23:00:00,62,30,32,F11MO
40,Molenlei 59,2022-06-18,00:00:00,32,16,16,F11MO
40,Molenlei 59,2022-06-18,01:00:00,28,16,12,F11MO
40,Molenlei 59,2022-06-18,02:00:00,50,16,34,F11MO
40,Molenlei 59,2022-06-18,03:00:00,28,16,12,F11MO
40,Molenlei 59,2022-06-18,04:00:00,14,10,4,F11MO
40,Molenlei 59,2022-06-18,05:00:00,42,12,30,F11MO
40,Molenlei 59,2022-06-18,06:00:00,24,10,14,F11MO
40,Molenlei 59,2022-06-18,07:00:00,74,34,40,F11MO
40,Molenlei 59,2022-06-18,08:00:00,128,58,70,F11MO
40,Molenlei 59,2022-06-18,09:00:00,210,90,120,F11MO
40,Molenlei 59,2022-06-18,10:00:00,318,138,180,F11MO
40,Molenlei 59,2022-06-18,11:00:00,304,174,130,F11MO
40,Molenlei 59,2022-06-18,12:00:00,310,178,132,F11MO
40,Molenlei 59,2022-06-18,13:00:00,212,110,102,F11MO
40,Molenlei 59,2022-06-18,14:00:00,210,110,100,F11MO
40,Molenlei 59,2022-06-18,15:00:00,210,102,108,F11MO
40,Molenlei 59,2022-06-18,16:00:00,136,76,60,F11MO
40,Molenlei 59,2022-06-18,17:00:00,182,96,86,F11MO
40,Molenlei 59,2022-06-18,18:00:00,202,120,82,F11MO
40,Molenlei 59,2022-06-18,19:00:00,192,80,112,F11MO
40,Molenlei 59,2022-06-18,20:00:00,126,76,50,F11MO
40,Molenlei 59,2022-06-18,21:00:00,118,60,58,F11MO
40,Molenlei 59,2022-06-18,22:00:00,90,36,54,F11MO
40,Molenlei 59,2022-06-18,23:00:00,38,26,12,F11MO
40,Molenlei 59,2022-06-19,00:00:00,34,12,22,F11MO
40,Molenlei 59,2022-06-19,01:00:00,14,6,8,F11MO
40,Molenlei 59,2022-06-19,02:00:00,8,8,0,F11MO
40,Molenlei 59,2022-06-19,03:00:00,16,8,8,F11MO
40,Molenlei 59,2022-06-19,04:00:00,10,8,2,F11MO
40,Molenlei 59,2022-06-19,05:00:00,18,4,14,F11MO
40,Molenlei 59,2022-06-19,06:00:00,18,6,12,F11MO
40,Molenlei 59,2022-06-19,07:00:00,44,12,32,F11MO
40,Molenlei 59,2022-06-19,08:00:00,52,32,20,F11MO
40,Molenlei 59,2022-06-19,09:00:00,64,26,38,F11MO
40,Molenlei 59,2022-06-19,10:00:00,132,50,82,F11MO
40,Molenlei 59,2022-06-19,11:00:00,188,58,130,F11MO
40,Molenlei 59,2022-06-19,12:00:00,168,96,72,F11MO
40,Molenlei 59,2022-06-19,13:00:00,190,88,102,F11MO
40,Molenlei 59,2022-06-19,14:00:00,156,82,74,F11MO
40,Molenlei 59,2022-06-19,15:00:00,134,74,60,F11MO
40,Molenlei 59,2022-06-19,16:00:00,152,78,74,F11MO
40,Molenlei 59,2022-06-19,17:00:00,162,76,86,F11MO
40,Molenlei 59,2022-06-19,18:00:00,142,102,40,F11MO
40,Molenlei 59,2022-06-19,19:00:00,110,58,52,F11MO
40,Molenlei 59,2022-06-19,20:00:00,78,46,32,F11MO
40,Molenlei 59,2022-06-19,21:00:00,52,34,18,F11MO
40,Molenlei 59,2022-06-19,22:00:00,30,8,22,F11MO
40,Molenlei 59,2022-06-19,23:00:00,14,6,8,F11MO
40,Molenlei 59,2022-06-20,00:00:00,0,0,0,F11MO
40,Molenlei 59,2022-06-20,01:00:00,4,4,0,F11MO
40,Molenlei 59,2022-06-20,02:00:00,6,6,0,F11MO
40,Molenlei 59,2022-06-20,03:00:00,2,0,2,F11MO
40,Molenlei 59,2022-06-20,04:00:00,8,6,2,F11MO
40,Molenlei 59,2022-06-20,05:00:00,56,22,34,F11MO
40,Molenlei 59,2022-06-20,06:00:00,156,124,32,F11MO
40,Molenlei 59,2022-06-20,07:00:00,460,272,188,F11MO
40,Molenlei 59,2022-06-20,08:00:00,532,366,166,F11MO
40,Molenlei 59,2022-06-20,09:00:00,288,100,188,F11MO
40,Molenlei 59,2022-06-20,10:00:00,206,98,108,F11MO
40,Molenlei 59,2022-06-20,11:00:00,126,72,54,F11MO
40,Molenlei 59,2022-06-20,12:00:00,220,112,108,F11MO
40,Molenlei 59,2022-06-20,13:00:00,220,110,110,F11MO
40,Molenlei 59,2022-06-20,14:00:00,394,260,134,F11MO
40,Molenlei 59,2022-06-20,15:00:00,416,152,264,F11MO
40,Molenlei 59,2022-06-20,16:00:00,536,180,356,F11MO
40,Molenlei 59,2022-06-20,17:00:00,518,186,332,F11MO
40,Molenlei 59,2022-06-20,18:00:00,226,118,108,F11MO
40,Molenlei 59,2022-06-20,19:00:00,246,118,128,F11MO
40,Molenlei 59,2022-06-20,20:00:00,148,62,86,F11MO
40,Molenlei 59,2022-06-20,21:00:00,88,52,36,F11MO
40,Molenlei 59,2022-06-20,22:00:00,82,42,40,F11MO
40,Molenlei 59,2022-06-20,23:00:00,16,10,6,F11MO
40,Molenlei 59,2022-06-21,00:00:00,12,2,10,F11MO
40,Molenlei 59,2022-06-21,01:00:00,2,0,2,F11MO
40,Molenlei 59,2022-06-21,02:00:00,0,0,0,F11MO
40,Molenlei 59,2022-06-21,03:00:00,4,2,2,F11MO
40,Molenlei 59,2022-06-21,04:00:00,10,8,2,F11MO
40,Molenlei 59,2022-06-21,05:00:00,76,48,28,F11MO
40,Molenlei 59,2022-06-21,06:00:00,178,128,50,F11MO
40,Molenlei 59,2022-06-21,07:00:00,494,334,160,F11MO
40,Molenlei 59,2022-06-21,08:00:00,516,334,182,F11MO
40,Molenlei 59,2022-06-21,09:00:00,214,112,102,F11MO
40,Molenlei 59,2022-06-21,10:00:00,192,66,126,F11MO
40,Molenlei 59,2022-06-21,11:00:00,216,114,102,F11MO
40,Molenlei 59,2022-06-21,12:00:00,180,116,64,F11MO
40,Molenlei 59,2022-06-21,13:00:00,216,132,84,F11MO
40,Molenlei 59,2022-06-21,14:00:00,206,80,126,F11MO
40,Molenlei 59,2022-06-21,15:00:00,354,102,252,F11MO
40,Molenlei 59,2022-06-21,16:00:00,434,132,302,F11MO
40,Molenlei 59,2022-06-21,17:00:00,474,160,314,F11MO
40,Molenlei 59,2022-06-21,18:00:00,282,96,186,F11MO
40,Molenlei 59,2022-06-21,19:00:00,166,82,84,F11MO
40,Molenlei 59,2022-06-21,20:00:00,190,88,102,F11MO
40,Molenlei 59,2022-06-21,21:00:00,116,84,32,F11MO
40,Molenlei 59,2022-06-21,22:00:00,94,38,56,F11MO
40,Molenlei 59,2022-06-21,23:00:00,28,10,18,F11MO
40,Molenlei 59,2022-06-22,00:00:00,12,2,10,F11MO
40,Molenlei 59,2022-06-22,01:00:00,4,0,4,F11MO
40,Molenlei 59,2022-06-22,02:00:00,2,0,2,F11MO
40,Molenlei 59,2022-06-22,03:00:00,2,2,0,F11MO
40,Molenlei 59,2022-06-22,04:00:00,16,14,2,F11MO
40,Molenlei 59,2022-06-22,05:00:00,50,32,18,F11MO
40,Molenlei 59,2022-06-22,06:00:00,156,120,36,F11MO
40,Molenlei 59,2022-06-22,07:00:00,452,298,154,F11MO
40,Molenlei 59,2022-06-22,08:00:00,524,364,160,F11MO
40,Molenlei 59,2022-06-22,09:00:00,260,126,134,F11MO
40,Molenlei 59,2022-06-22,10:00:00,312,136,176,F11MO
40,Molenlei 59,2022-06-22,11:00:00,414,190,224,F11MO
40,Molenlei 59,2022-06-22,12:00:00,378,184,194,F11MO
40,Molenlei 59,2022-06-22,13:00:00,276,116,160,F11MO
40,Molenlei 59,2022-06-22,14:00:00,280,128,152,F11MO
40,Molenlei 59,2022-06-22,15:00:00,380,180,200,F11MO
40,Molenlei 59,2022-06-22,16:00:00,456,188,268,F11MO
40,Molenlei 59,2022-06-22,17:00:00,538,206,332,F11MO
40,Molenlei 59,2022-06-22,18:00:00,400,186,214,F11MO
40,Molenlei 59,2022-06-22,19:00:00,328,140,188,F11MO
40,Molenlei 59,2022-06-22,20:00:00,316,174,142,F11MO
40,Molenlei 59,2022-06-22,21:00:00,180,102,78,F11MO
40,Molenlei 59,2022-06-22,22:00:00,120,54,66,F11MO
40,Molenlei 59,2022-06-22,23:00:00,28,10,18,F11MO
40,Molenlei 59,2022-06-23,00:00:00,50,26,24,F11MO
40,Molenlei 59,2022-06-23,01:00:00,10,6,4,F11MO
40,Molenlei 59,2022-06-23,02:00:00,4,0,4,F11MO
40,Molenlei 59,2022-06-23,03:00:00,12,6,6,F11MO
40,Molenlei 59,2022-06-23,04:00:00,14,12,2,F11MO
40,Molenlei 59,2022-06-23,05:00:00,64,38,26,F11MO
40,Molenlei 59,2022-06-23,06:00:00,134,88,46,F11MO
40,Molenlei 59,2022-06-23,07:00:00,410,292,118,F11MO
40,Molenlei 59,2022-06-23,08:00:00,588,386,202,F11MO
40,Molenlei 59,2022-06-23,09:00:00,260,116,144,F11MO
40,Molenlei 59,2022-06-23,10:00:00,212,104,108,F11MO
40,Molenlei 59,2022-06-23,11:00:00,204,98,106,F11MO
40,Molenlei 59,2022-06-23,12:00:00,228,128,100,F11MO
40,Molenlei 59,2022-06-23,13:00:00,260,118,142,F11MO
40,Molenlei 59,2022-06-23,14:00:00,302,172,130,F11MO
40,Molenlei 59,2022-06-23,15:00:00,444,214,230,F11MO
40,Molenlei 59,2022-06-23,16:00:00,498,196,302,F11MO
40,Molenlei 59,2022-06-23,17:00:00,434,146,288,F11MO
40,Molenlei 59,2022-06-23,18:00:00,342,130,212,F11MO
40,Molenlei 59,2022-06-23,19:00:00,258,102,156,F11MO
40,Molenlei 59,2022-06-23,20:00:00,236,146,90,F11MO
40,Molenlei 59,2022-06-23,21:00:00,136,98,38,F11MO
40,Molenlei 59,2022-06-23,22:00:00,116,36,80,F11MO
40,Molenlei 59,2022-06-23,23:00:00,32,20,12,F11MO
40,Molenlei 59,2022-06-24,00:00:00,62,26,36,F11MO
40,Molenlei 59,2022-06-24,01:00:00,14,6,8,F11MO
40,Molenlei 59,2022-06-24,02:00:00,0,0,0,F11MO
40,Molenlei 59,2022-06-24,03:00:00,4,2,2,F11MO
40,Molenlei 59,2022-06-24,04:00:00,12,8,4,F11MO
40,Molenlei 59,2022-06-24,05:00:00,50,24,26,F11MO
40,Molenlei 59,2022-06-24,06:00:00,48,32,16,F11MO
40,Molenlei 59,2022-06-24,07:00:00,152,88,64,F11MO
40,Molenlei 59,2022-06-24,08:00:00,282,190,92,F11MO
40,Molenlei 59,2022-06-24,09:00:00,126,64,62,F11MO
40,Molenlei 59,2022-06-24,10:00:00,102,68,34,F11MO
40,Molenlei 59,2022-06-24,11:00:00,80,38,42,F11MO
40,Molenlei 59,2022-06-24,12:00:00,120,72,48,F11MO
40,Molenlei 59,2022-06-24,13:00:00,202,84,118,F11MO
40,Molenlei 59,2022-06-24,14:00:00,252,156,96,F11MO
40,Molenlei 59,2022-06-24,15:00:00,244,54,190,F11MO
40,Molenlei 59,2022-06-24,16:00:00,242,110,132,F11MO
40,Molenlei 59,2022-06-24,17:00:00,196,92,104,F11MO
40,Molenlei 59,2022-06-24,18:00:00,174,74,100,F11MO
40,Molenlei 59,2022-06-24,19:00:00,124,58,66,F11MO
40,Molenlei 59,2022-06-24,20:00:00,142,58,84,F11MO
40,Molenlei 59,2022-06-24,21:00:00,84,36,48,F11MO
40,Molenlei 59,2022-06-24,22:00:00,76,22,54,F11MO
40,Molenlei 59,2022-06-24,23:00:00,38,22,16,F11MO
40,Molenlei 59,2022-06-25,00:00:00,30,14,16,F11MO
40,Molenlei 59,2022-06-25,01:00:00,38,22,16,F11MO
40,Molenlei 59,2022-06-25,02:00:00,12,6,6,F11MO
40,Molenlei 59,2022-06-25,03:00:00,16,10,6,F11MO
40,Molenlei 59,2022-06-25,04:00:00,16,6,10,F11MO
40,Molenlei 59,2022-06-25,05:00:00,32,12,20,F11MO
40,Molenlei 59,2022-06-25,06:00:00,18,12,6,F11MO
40,Molenlei 59,2022-06-25,07:00:00,30,12,18,F11MO
40,Molenlei 59,2022-06-25,08:00:00,116,58,58,F11MO
40,Molenlei 59,2022-06-25,09:00:00,180,66,114,F11MO
40,Molenlei 59,2022-06-25,10:00:00,186,82,104,F11MO
40,Molenlei 59,2022-06-25,11:00:00,200,116,84,F11MO
40,Molenlei 59,2022-06-25,12:00:00,240,116,124,F11MO
40,Molenlei 59,2022-06-25,13:00:00,150,82,68,F11MO
40,Molenlei 59,2022-06-25,14:00:00,200,104,96,F11MO
40,Molenlei 59,2022-06-25,15:00:00,154,78,76,F11MO
40,Molenlei 59,2022-06-25,16:00:00,94,48,46,F11MO
40,Molenlei 59,2022-06-25,17:00:00,106,52,54,F11MO
40,Molenlei 59,2022-06-25,18:00:00,116,52,64,F11MO
40,Molenlei 59,2022-06-25,19:00:00,60,24,36,F11MO
40,Molenlei 59,2022-06-25,20:00:00,50,28,22,F11MO
40,Molenlei 59,2022-06-25,21:00:00,24,6,18,F11MO
40,Molenlei 59,2022-06-25,22:00:00,20,2,18,F11MO
40,Molenlei 59,2022-06-25,23:00:00,8,4,4,F11MO
40,Molenlei 59,2022-06-26,00:00:00,10,2,8,F11MO
40,Molenlei 59,2022-06-26,01:00:00,6,6,0,F11MO
40,Molenlei 59,2022-06-26,02:00:00,4,2,2,F11MO
40,Molenlei 59,2022-06-26,03:00:00,16,8,8,F11MO
40,Molenlei 59,2022-06-26,04:00:00,12,8,4,F11MO
40,Molenlei 59,2022-06-26,05:00:00,32,22,10,F11MO
40,Molenlei 59,2022-06-26,06:00:00,24,8,16,F11MO
40,Molenlei 59,2022-06-26,07:00:00,44,14,30,F11MO
40,Molenlei 59,2022-06-26,08:00:00,110,52,58,F11MO
40,Molenlei 59,2022-06-26,09:00:00,240,94,146,F11MO
40,Molenlei 59,2022-06-26,10:00:00,262,124,138,F11MO
40,Molenlei 59,2022-06-26,11:00:00,284,170,114,F11MO
40,Molenlei 59,2022-06-26,12:00:00,330,174,156,F11MO
40,Molenlei 59,2022-06-26,13:00:00,288,138,150,F11MO
40,Molenlei 59,2022-06-26,14:00:00,318,162,156,F11MO
40,Molenlei 59,2022-06-26,15:00:00,286,170,116,F11MO
40,Molenlei 59,2022-06-26,16:00:00,326,160,166,F11MO
40,Molenlei 59,2022-06-26,17:00:00,232,110,122,F11MO
40,Molenlei 59,2022-06-26,18:00:00,222,124,98,F11MO
40,Molenlei 59,2022-06-26,19:00:00,94,56,38,F11MO
40,Molenlei 59,2022-06-26,20:00:00,112,64,48,F11MO
40,Molenlei 59,2022-06-26,21:00:00,94,54,40,F11MO
40,Molenlei 59,2022-06-26,22:00:00,50,18,32,F11MO
40,Molenlei 59,2022-06-26,23:00:00,36,10,26,F11MO
40,Molenlei 59,2022-06-27,00:00:00,14,2,12,F11MO
40,Molenlei 59,2022-06-27,01:00:00,0,0,0,F11MO
40,Molenlei 59,2022-06-27,02:00:00,2,0,2,F11MO
40,Molenlei 59,2022-06-27,03:00:00,14,4,10,F11MO
40,Molenlei 59,2022-06-27,04:00:00,14,6,8,F11MO
40,Molenlei 59,2022-06-27,05:00:00,64,42,22,F11MO
40,Molenlei 59,2022-06-27,06:00:00,124,90,34,F11MO
40,Molenlei 59,2022-06-27,07:00:00,400,294,106,F11MO
40,Molenlei 59,2022-06-27,08:00:00,460,314,146,F11MO
40,Molenlei 59,2022-06-27,09:00:00,108,68,40,F11MO
40,Molenlei 59,2022-06-27,10:00:00,150,86,64,F11MO
40,Molenlei 59,2022-06-27,11:00:00,128,78,50,F11MO
40,Molenlei 59,2022-06-27,12:00:00,118,60,58,F11MO
40,Molenlei 59,2022-06-27,13:00:00,98,52,46,F11MO
40,Molenlei 59,2022-06-27,14:00:00,92,42,50,F11MO
40,Molenlei 59,2022-06-27,15:00:00,354,180,174,F11MO
40,Molenlei 59,2022-06-27,16:00:00,302,60,242,F11MO
40,Molenlei 59,2022-06-27,17:00:00,374,118,256,F11MO
40,Molenlei 59,2022-06-27,18:00:00,260,108,152,F11MO
40,Molenlei 59,2022-06-27,19:00:00,184,108,76,F11MO
40,Molenlei 59,2022-06-27,20:00:00,164,90,74,F11MO
40,Molenlei 59,2022-06-27,21:00:00,84,44,40,F11MO
40,Molenlei 59,2022-06-27,22:00:00,56,14,42,F11MO
40,Molenlei 59,2022-06-27,23:00:00,96,6,90,F11MO
40,Molenlei 59,2022-06-28,00:00:00,22,10,12,F11MO
40,Molenlei 59,2022-06-28,01:00:00,40,36,4,F11MO
40,Molenlei 59,2022-06-28,02:00:00,40,40,0,F11MO
40,Molenlei 59,2022-06-28,03:00:00,4,2,2,F11MO
40,Molenlei 59,2022-06-28,04:00:00,8,8,0,F11MO
40,Molenlei 59,2022-06-28,05:00:00,60,38,22,F11MO
40,Molenlei 59,2022-06-28,06:00:00,118,86,32,F11MO
40,Molenlei 59,2022-06-28,07:00:00,340,254,86,F11MO
40,Molenlei 59,2022-06-28,08:00:00,512,378,134,F11MO
40,Molenlei 59,2022-06-28,09:00:00,366,136,230,F11MO
40,Molenlei 59,2022-06-28,10:00:00,192,90,102,F11MO
40,Molenlei 59,2022-06-28,11:00:00,222,100,122,F11MO
40,Molenlei 59,2022-06-28,12:00:00,202,104,98,F11MO
40,Molenlei 59,2022-06-28,13:00:00,274,116,158,F11MO
40,Molenlei 59,2022-06-28,14:00:00,290,134,156,F11MO
40,Molenlei 59,2022-06-28,15:00:00,594,306,288,F11MO
40,Molenlei 59,2022-06-28,16:00:00,516,198,318,F11MO
40,Molenlei 59,2022-06-28,17:00:00,466,118,348,F11MO
40,Molenlei 59,2022-06-28,18:00:00,410,158,252,F11MO
40,Molenlei 59,2022-06-28,19:00:00,362,186,176,F11MO
40,Molenlei 59,2022-06-28,20:00:00,172,98,74,F11MO
40,Molenlei 59,2022-06-28,21:00:00,208,130,78,F11MO
40,Molenlei 59,2022-06-28,22:00:00,100,38,62,F11MO
40,Molenlei 59,2022-06-28,23:00:00,64,22,42,F11MO
40,Molenlei 59,2022-06-29,00:00:00,28,8,20,F11MO
40,Molenlei 59,2022-06-29,01:00:00,34,22,12,F11MO
40,Molenlei 59,2022-06-29,02:00:00,26,18,8,F11MO
40,Molenlei 59,2022-06-29,03:00:00,16,14,2,F11MO
40,Molenlei 59,2022-06-29,04:00:00,6,4,2,F11MO
40,Molenlei 59,2022-06-29,05:00:00,68,50,18,F11MO
40,Molenlei 59,2022-06-29,06:00:00,170,124,46,F11MO
40,Molenlei 59,2022-06-29,07:00:00,322,236,86,F11MO
40,Molenlei 59,2022-06-29,08:00:00,492,348,144,F11MO
40,Molenlei 59,2022-06-29,09:00:00,240,126,114,F11MO
40,Molenlei 59,2022-06-29,10:00:00,214,94,120,F11MO
40,Molenlei 59,2022-06-29,11:00:00,330,156,174,F11MO
40,Molenlei 59,2022-06-29,12:00:00,362,128,234,F11MO
40,Molenlei 59,2022-06-29,13:00:00,320,114,206,F11MO
40,Molenlei 59,2022-06-29,14:00:00,294,110,184,F11MO
40,Molenlei 59,2022-06-29,15:00:00,354,162,192,F11MO
40,Molenlei 59,2022-06-29,16:00:00,414,180,234,F11MO
40,Molenlei 59,2022-06-29,17:00:00,436,178,258,F11MO
40,Molenlei 59,2022-06-29,18:00:00,462,220,242,F11MO
40,Molenlei 59,2022-06-29,19:00:00,300,130,170,F11MO
40,Molenlei 59,2022-06-29,20:00:00,280,146,134,F11MO
40,Molenlei 59,2022-06-29,21:00:00,234,130,104,F11MO
40,Molenlei 59,2022-06-29,22:00:00,204,46,158,F11MO
40,Molenlei 59,2022-06-29,23:00:00,58,38,20,F11MO
40,Molenlei 59,2022-06-30,00:00:00,32,16,16,F11MO
40,Molenlei 59,2022-06-30,01:00:00,20,16,4,F11MO
40,Molenlei 59,2022-06-30,02:00:00,26,20,6,F11MO
40,Molenlei 59,2022-06-30,03:00:00,14,10,4,F11MO
40,Molenlei 59,2022-06-30,04:00:00,16,6,10,F11MO
40,Molenlei 59,2022-06-30,05:00:00,54,32,22,F11MO
40,Molenlei 59,2022-06-30,06:00:00,116,78,38,F11MO
40,Molenlei 59,2022-06-30,07:00:00,216,144,72,F11MO
40,Molenlei 59,2022-06-30,08:00:00,406,282,124,F11MO
40,Molenlei 59,2022-06-30,09:00:00,194,116,78,F11MO
40,Molenlei 59,2022-06-30,10:00:00,206,96,110,F11MO
40,Molenlei 59,2022-06-30,11:00:00,238,114,124,F11MO
40,Molenlei 59,2022-06-30,12:00:00,150,64,86,F11MO
40,Molenlei 59,2022-06-30,13:00:00,138,68,70,F11MO
40,Molenlei 59,2022-06-30,14:00:00,126,50,76,F11MO
40,Molenlei 59,2022-06-30,15:00:00,150,58,92,F11MO
40,Molenlei 59,2022-06-30,16:00:00,254,92,162,F11MO
40,Molenlei 59,2022-06-30,17:00:00,168,62,106,F11MO
40,Molenlei 59,2022-06-30,18:00:00,86,22,64,F11MO
40,Molenlei 59,2022-06-30,19:00:00,68,26,42,F11MO
40,Molenlei 59,2022-06-30,20:00:00,46,18,28,F11MO
40,Molenlei 59,2022-06-30,21:00:00,40,20,20,F11MO
40,Molenlei 59,2022-06-30,22:00:00,46,10,36,F11MO
40,Molenlei 59,2022-06-30,23:00:00,26,18,8,F11MO
40,Molenlei 59,2022-07-01,00:00:00,26,16,10,F11MO
40,Molenlei 59,2022-07-01,01:00:00,4,2,2,F11MO
40,Molenlei 59,2022-07-01,02:00:00,16,6,10,F11MO
40,Molenlei 59,2022-07-01,03:00:00,0,0,0,F11MO
40,Molenlei 59,2022-07-01,04:00:00,6,4,2,F11MO
40,Molenlei 59,2022-07-01,05:00:00,64,36,28,F11MO
40,Molenlei 59,2022-07-01,06:00:00,100,80,20,F11MO
40,Molenlei 59,2022-07-01,07:00:00,162,102,60,F11MO
40,Molenlei 59,2022-07-01,08:00:00,264,164,100,F11MO
40,Molenlei 59,2022-07-01,09:00:00,152,78,74,F11MO
40,Molenlei 59,2022-07-01,10:00:00,134,76,58,F11MO
40,Molenlei 59,2022-07-01,11:00:00,190,102,88,F11MO
40,Molenlei 59,2022-07-01,12:00:00,190,108,82,F11MO
40,Molenlei 59,2022-07-01,13:00:00,200,92,108,F11MO
40,Molenlei 59,2022-07-01,14:00:00,256,92,164,F11MO
40,Molenlei 59,2022-07-01,15:00:00,224,100,124,F11MO
40,Molenlei 59,2022-07-01,16:00:00,292,130,162,F11MO
40,Molenlei 59,2022-07-01,17:00:00,320,116,204,F11MO
40,Molenlei 59,2022-07-01,18:00:00,152,54,98,F11MO
40,Molenlei 59,2022-07-01,19:00:00,138,64,74,F11MO
40,Molenlei 59,2022-07-01,20:00:00,114,68,46,F11MO
40,Molenlei 59,2022-07-01,21:00:00,82,54,28,F11MO
40,Molenlei 59,2022-07-01,22:00:00,68,20,48,F11MO
40,Molenlei 59,2022-07-01,23:00:00,46,28,18,F11MO
40,Molenlei 59,2022-07-02,00:00:00,22,4,18,F11MO
40,Molenlei 59,2022-07-02,01:00:00,38,10,28,F11MO
40,Molenlei 59,2022-07-02,02:00:00,10,6,4,F11MO
40,Molenlei 59,2022-07-02,03:00:00,14,6,8,F11MO
40,Molenlei 59,2022-07-02,04:00:00,8,4,4,F11MO
40,Molenlei 59,2022-07-02,05:00:00,30,12,18,F11MO
40,Molenlei 59,2022-07-02,06:00:00,26,6,20,F11MO
40,Molenlei 59,2022-07-02,07:00:00,34,10,24,F11MO
40,Molenlei 59,2022-07-02,08:00:00,88,42,46,F11MO
40,Molenlei 59,2022-07-02,09:00:00,136,52,84,F11MO
40,Molenlei 59,2022-07-02,10:00:00,178,74,104,F11MO
40,Molenlei 59,2022-07-02,11:00:00,254,120,134,F11MO
40,Molenlei 59,2022-07-02,12:00:00,256,146,110,F11MO
40,Molenlei 59,2022-07-02,13:00:00,264,148,116,F11MO
40,Molenlei 59,2022-07-02,14:00:00,312,150,162,F11MO
40,Molenlei 59,2022-07-02,15:00:00,232,120,112,F11MO
40,Molenlei 59,2022-07-02,16:00:00,290,154,136,F11MO
40,Molenlei 59,2022-07-02,17:00:00,218,98,120,F11MO
40,Molenlei 59,2022-07-02,18:00:00,134,66,68,F11MO
40,Molenlei 59,2022-07-02,19:00:00,110,46,64,F11MO
40,Molenlei 59,2022-07-02,20:00:00,104,52,52,F11MO
40,Molenlei 59,2022-07-02,21:00:00,68,46,22,F11MO
40,Molenlei 59,2022-07-02,22:00:00,58,24,34,F11MO
40,Molenlei 59,2022-07-02,23:00:00,32,8,24,F11MO
40,Molenlei 59,2022-07-03,00:00:00,8,4,4,F11MO
40,Molenlei 59,2022-07-03,01:00:00,26,10,16,F11MO
40,Molenlei 59,2022-07-03,02:00:00,14,8,6,F11MO
40,Molenlei 59,2022-07-03,03:00:00,18,12,6,F11MO
40,Molenlei 59,2022-07-03,04:00:00,14,12,2,F11MO
40,Molenlei 59,2022-07-03,05:00:00,28,18,10,F11MO
40,Molenlei 59,2022-07-03,06:00:00,30,16,14,F11MO
40,Molenlei 59,2022-07-03,07:00:00,64,18,46,F11MO
40,Molenlei 59,2022-07-03,08:00:00,92,46,46,F11MO
40,Molenlei 59,2022-07-03,09:00:00,240,104,136,F11MO
40,Molenlei 59,2022-07-03,10:00:00,310,130,180,F11MO
40,Molenlei 59,2022-07-03,11:00:00,282,168,114,F11MO
40,Molenlei 59,2022-07-03,12:00:00,286,150,136,F11MO
40,Molenlei 59,2022-07-03,13:00:00,266,154,112,F11MO
40,Molenlei 59,2022-07-03,14:00:00,354,174,180,F11MO
40,Molenlei 59,2022-07-03,15:00:00,262,122,140,F11MO
40,Molenlei 59,2022-07-03,16:00:00,278,170,108,F11MO
40,Molenlei 59,2022-07-03,17:00:00,256,140,116,F11MO
40,Molenlei 59,2022-07-03,18:00:00,172,96,76,F11MO
40,Molenlei 59,2022-07-03,19:00:00,132,62,70,F11MO
40,Molenlei 59,2022-07-03,20:00:00,118,62,56,F11MO
40,Molenlei 59,2022-07-03,21:00:00,98,58,40,F11MO
40,Molenlei 59,2022-07-03,22:00:00,58,34,24,F11MO
40,Molenlei 59,2022-07-03,23:00:00,28,20,8,F11MO
40,Molenlei 59,2022-07-04,00:00:00,4,2,2,F11MO
40,Molenlei 59,2022-07-04,01:00:00,4,0,4,F11MO
40,Molenlei 59,2022-07-04,02:00:00,8,0,8,F11MO
40,Molenlei 59,2022-07-04,03:00:00,2,2,0,F11MO
40,Molenlei 59,2022-07-04,04:00:00,12,10,2,F11MO
40,Molenlei 59,2022-07-04,05:00:00,58,34,24,F11MO
40,Molenlei 59,2022-07-04,06:00:00,116,80,36,F11MO
40,Molenlei 59,2022-07-04,07:00:00,304,192,112,F11MO
40,Molenlei 59,2022-07-04,08:00:00,334,206,128,F11MO
40,Molenlei 59,2022-07-04,09:00:00,186,120,66,F11MO
40,Molenlei 59,2022-07-04,10:00:00,148,62,86,F11MO
40,Molenlei 59,2022-07-04,11:00:00,158,82,76,F11MO
40,Molenlei 59,2022-07-04,12:00:00,184,98,86,F11MO
40,Molenlei 59,2022-07-04,13:00:00,210,130,80,F11MO
40,Molenlei 59,2022-07-04,14:00:00,216,88,128,F11MO
40,Molenlei 59,2022-07-04,15:00:00,244,102,142,F11MO
40,Molenlei 59,2022-07-04,16:00:00,462,190,272,F11MO
40,Molenlei 59,2022-07-04,17:00:00,472,176,296,F11MO
40,Molenlei 59,2022-07-04,18:00:00,220,92,128,F11MO
40,Molenlei 59,2022-07-04,19:00:00,174,92,82,F11MO
40,Molenlei 59,2022-07-04,20:00:00,146,84,62,F11MO
40,Molenlei 59,2022-07-04,21:00:00,116,60,56,F11MO
40,Molenlei 59,2022-07-04,22:00:00,78,20,58,F11MO
40,Molenlei 59,2022-07-04,23:00:00,28,16,12,F11MO
40,Molenlei 59,2022-07-05,00:00:00,8,2,6,F11MO
40,Molenlei 59,2022-07-05,01:00:00,12,4,8,F11MO
40,Molenlei 59,2022-07-05,02:00:00,6,6,0,F11MO
40,Molenlei 59,2022-07-05,03:00:00,0,0,0,F11MO
40,Molenlei 59,2022-07-05,04:00:00,10,8,2,F11MO
40,Molenlei 59,2022-07-05,05:00:00,68,46,22,F11MO
40,Molenlei 59,2022-07-05,06:00:00,144,100,44,F11MO
40,Molenlei 59,2022-07-05,07:00:00,296,202,94,F11MO
40,Molenlei 59,2022-07-05,08:00:00,372,240,132,F11MO
40,Molenlei 59,2022-07-05,09:00:00,162,90,72,F11MO
40,Molenlei 59,2022-07-05,10:00:00,122,56,66,F11MO
40,Molenlei 59,2022-07-05,11:00:00,116,58,58,F11MO
40,Molenlei 59,2022-07-05,12:00:00,134,76,58,F11MO
40,Molenlei 59,2022-07-05,13:00:00,168,96,72,F11MO
40,Molenlei 59,2022-07-05,14:00:00,228,90,138,F11MO
40,Molenlei 59,2022-07-05,15:00:00,238,88,150,F11MO
40,Molenlei 59,2022-07-05,16:00:00,454,146,308,F11MO
40,Molenlei 59,2022-07-05,17:00:00,458,154,304,F11MO
40,Molenlei 59,2022-07-05,18:00:00,270,78,192,F11MO
40,Molenlei 59,2022-07-05,19:00:00,198,92,106,F11MO
40,Molenlei 59,2022-07-05,20:00:00,198,134,64,F11MO
40,Molenlei 59,2022-07-05,21:00:00,84,52,32,F11MO
40,Molenlei 59,2022-07-05,22:00:00,52,10,42,F11MO
40,Molenlei 59,2022-07-05,23:00:00,38,14,24,F11MO
40,Molenlei 59,2022-07-06,00:00:00,6,4,2,F11MO
40,Molenlei 59,2022-07-06,01:00:00,8,4,4,F11MO
40,Molenlei 59,2022-07-06,02:00:00,10,4,6,F11MO
40,Molenlei 59,2022-07-06,03:00:00,4,2,2,F11MO
40,Molenlei 59,2022-07-06,04:00:00,14,12,2,F11MO
40,Molenlei 59,2022-07-06,05:00:00,48,28,20,F11MO
40,Molenlei 59,2022-07-06,06:00:00,114,70,44,F11MO
40,Molenlei 59,2022-07-06,07:00:00,240,156,84,F11MO
40,Molenlei 59,2022-07-06,08:00:00,300,168,132,F11MO
40,Molenlei 59,2022-07-06,09:00:00,168,102,66,F11MO
40,Molenlei 59,2022-07-06,10:00:00,226,124,102,F11MO
40,Molenlei 59,2022-07-06,11:00:00,188,84,104,F11MO
40,Molenlei 59,2022-07-06,12:00:00,222,100,122,F11MO
40,Molenlei 59,2022-07-06,13:00:00,178,68,110,F11MO
40,Molenlei 59,2022-07-06,14:00:00,228,92,136,F11MO
40,Molenlei 59,2022-07-06,15:00:00,214,100,114,F11MO
40,Molenlei 59,2022-07-06,16:00:00,388,202,186,F11MO
40,Molenlei 59,2022-07-06,17:00:00,434,180,254,F11MO
40,Molenlei 59,2022-07-06,18:00:00,248,112,136,F11MO
40,Molenlei 59,2022-07-06,19:00:00,224,94,130,F11MO
40,Molenlei 59,2022-07-06,20:00:00,208,118,90,F11MO
40,Molenlei 59,2022-07-06,21:00:00,124,92,32,F11MO
40,Molenlei 59,2022-07-06,22:00:00,92,40,52,F11MO
40,Molenlei 59,2022-07-06,23:00:00,32,18,14,F11MO
40,Molenlei 59,2022-07-07,00:00:00,14,2,12,F11MO
40,Molenlei 59,2022-07-07,01:00:00,4,2,2,F11MO
40,Molenlei 59,2022-07-07,02:00:00,4,2,2,F11MO
40,Molenlei 59,2022-07-07,03:00:00,8,2,6,F11MO
40,Molenlei 59,2022-07-07,04:00:00,14,14,0,F11MO
40,Molenlei 59,2022-07-07,05:00:00,56,40,16,F11MO
40,Molenlei 59,2022-07-07,06:00:00,100,68,32,F11MO
40,Molenlei 59,2022-07-07,07:00:00,190,126,64,F11MO
40,Molenlei 59,2022-07-07,08:00:00,240,138,102,F11MO
40,Molenlei 59,2022-07-07,09:00:00,130,66,64,F11MO
40,Molenlei 59,2022-07-07,10:00:00,78,50,28,F11MO
40,Molenlei 59,2022-07-07,11:00:00,70,38,32,F11MO
40,Molenlei 59,2022-07-07,12:00:00,102,66,36,F11MO
40,Molenlei 59,2022-07-07,13:00:00,128,68,60,F11MO
40,Molenlei 59,2022-07-07,14:00:00,150,66,84,F11MO
40,Molenlei 59,2022-07-07,15:00:00,128,42,86,F11MO
40,Molenlei 59,2022-07-07,16:00:00,258,102,156,F11MO
40,Molenlei 59,2022-07-07,17:00:00,284,98,186,F11MO
40,Molenlei 59,2022-07-07,18:00:00,206,60,146,F11MO
40,Molenlei 59,2022-07-07,19:00:00,132,46,86,F11MO
40,Molenlei 59,2022-07-07,20:00:00,118,78,40,F11MO
40,Molenlei 59,2022-07-07,21:00:00,92,62,30,F11MO
40,Molenlei 59,2022-07-07,22:00:00,68,16,52,F11MO
40,Molenlei 59,2022-07-07,23:00:00,30,16,14,F11MO
40,Molenlei 59,2022-07-08,00:00:00,20,14,6,F11MO
40,Molenlei 59,2022-07-08,01:00:00,8,6,2,F11MO
40,Molenlei 59,2022-07-08,02:00:00,6,0,6,F11MO
40,Molenlei 59,2022-07-08,03:00:00,2,2,0,F11MO
40,Molenlei 59,2022-07-08,04:00:00,12,8,4,F11MO
40,Molenlei 59,2022-07-08,05:00:00,50,32,18,F11MO
40,Molenlei 59,2022-07-08,06:00:00,108,66,42,F11MO
40,Molenlei 59,2022-07-08,07:00:00,202,124,78,F11MO
40,Molenlei 59,2022-07-08,08:00:00,238,140,98,F11MO
40,Molenlei 59,2022-07-08,09:00:00,172,90,82,F11MO
40,Molenlei 59,2022-07-08,10:00:00,160,58,102,F11MO
40,Molenlei 59,2022-07-08,11:00:00,166,98,68,F11MO
40,Molenlei 59,2022-07-08,12:00:00,216,110,106,F11MO
40,Molenlei 59,2022-07-08,13:00:00,238,88,150,F11MO
40,Molenlei 59,2022-07-08,14:00:00,312,122,190,F11MO
40,Molenlei 59,2022-07-08,15:00:00,276,122,154,F11MO
40,Molenlei 59,2022-07-08,16:00:00,354,176,178,F11MO
40,Molenlei 59,2022-07-08,17:00:00,280,102,178,F11MO
40,Molenlei 59,2022-07-08,18:00:00,278,126,152,F11MO
40,Molenlei 59,2022-07-08,19:00:00,182,108,74,F11MO
40,Molenlei 59,2022-07-08,20:00:00,132,68,64,F11MO
40,Molenlei 59,2022-07-08,21:00:00,106,58,48,F11MO
40,Molenlei 59,2022-07-08,22:00:00,54,34,20,F11MO
40,Molenlei 59,2022-07-08,23:00:00,44,22,22,F11MO
40,Molenlei 59,2022-07-09,00:00:00,20,8,12,F11MO
40,Molenlei 59,2022-07-09,01:00:00,34,12,22,F11MO
40,Molenlei 59,2022-07-09,02:00:00,6,6,0,F11MO
40,Molenlei 59,2022-07-09,03:00:00,16,4,12,F11MO
40,Molenlei 59,2022-07-09,04:00:00,8,6,2,F11MO
40,Molenlei 59,2022-07-09,05:00:00,30,10,20,F11MO
40,Molenlei 59,2022-07-09,06:00:00,24,8,16,F11MO
40,Molenlei 59,2022-07-09,07:00:00,50,16,34,F11MO
40,Molenlei 59,2022-07-09,08:00:00,72,38,34,F11MO
40,Molenlei 59,2022-07-09,09:00:00,118,46,72,F11MO
40,Molenlei 59,2022-07-09,10:00:00,162,56,106,F11MO
40,Molenlei 59,2022-07-09,11:00:00,216,122,94,F11MO
40,Molenlei 59,2022-07-09,12:00:00,238,130,108,F11MO
40,Molenlei 59,2022-07-09,13:00:00,208,130,78,F11MO
40,Molenlei 59,2022-07-09,14:00:00,298,132,166,F11MO
40,Molenlei 59,2022-07-09,15:00:00,254,126,128,F11MO
40,Molenlei 59,2022-07-09,16:00:00,216,110,106,F11MO
40,Molenlei 59,2022-07-09,17:00:00,188,108,80,F11MO
40,Molenlei 59,2022-07-09,18:00:00,118,44,74,F11MO
40,Molenlei 59,2022-07-09,19:00:00,130,66,64,F11MO
40,Molenlei 59,2022-07-09,20:00:00,94,62,32,F11MO
40,Molenlei 59,2022-07-09,21:00:00,54,30,24,F11MO
40,Molenlei 59,2022-07-09,22:00:00,44,24,20,F11MO
40,Molenlei 59,2022-07-09,23:00:00,42,34,8,F11MO
40,Molenlei 59,2022-07-10,00:00:00,30,22,8,F11MO
40,Molenlei 59,2022-07-10,01:00:00,38,14,24,F11MO
40,Molenlei 59,2022-07-10,02:00:00,8,2,6,F11MO
40,Molenlei 59,2022-07-10,03:00:00,28,12,16,F11MO
40,Molenlei 59,2022-07-10,04:00:00,2,0,2,F11MO
40,Molenlei 59,2022-07-10,05:00:00,16,6,10,F11MO
40,Molenlei 59,2022-07-10,06:00:00,30,12,18,F11MO
40,Molenlei 59,2022-07-10,07:00:00,74,26,48,F11MO
40,Molenlei 59,2022-07-10,08:00:00,68,20,48,F11MO
40,Molenlei 59,2022-07-10,09:00:00,194,98,96,F11MO
40,Molenlei 59,2022-07-10,10:00:00,184,84,100,F11MO
40,Molenlei 59,2022-07-10,11:00:00,282,160,122,F11MO
40,Molenlei 59,2022-07-10,12:00:00,248,132,116,F11MO
40,Molenlei 59,2022-07-10,13:00:00,338,140,198,F11MO
40,Molenlei 59,2022-07-10,14:00:00,270,144,126,F11MO
40,Molenlei 59,2022-07-10,15:00:00,214,106,108,F11MO
40,Molenlei 59,2022-07-10,16:00:00,232,142,90,F11MO
40,Molenlei 59,2022-07-10,17:00:00,190,112,78,F11MO
40,Molenlei 59,2022-07-10,18:00:00,212,122,90,F11MO
40,Molenlei 59,2022-07-10,19:00:00,110,48,62,F11MO
40,Molenlei 59,2022-07-10,20:00:00,92,50,42,F11MO
40,Molenlei 59,2022-07-10,21:00:00,66,56,10,F11MO
40,Molenlei 59,2022-07-10,22:00:00,32,12,20,F11MO
40,Molenlei 59,2022-07-10,23:00:00,24,10,14,F11MO
40,Molenlei 59,2022-07-11,00:00:00,22,12,10,F11MO
40,Molenlei 59,2022-07-11,01:00:00,10,4,6,F11MO
40,Molenlei 59,2022-07-11,02:00:00,8,0,8,F11MO
40,Molenlei 59,2022-07-11,03:00:00,2,2,0,F11MO
40,Molenlei 59,2022-07-11,04:00:00,8,8,0,F11MO
40,Molenlei 59,2022-07-11,05:00:00,46,26,20,F11MO
40,Molenlei 59,2022-07-11,06:00:00,70,46,24,F11MO
40,Molenlei 59,2022-07-11,07:00:00,184,98,86,F11MO
40,Molenlei 59,2022-07-11,08:00:00,212,116,96,F11MO
40,Molenlei 59,2022-07-11,09:00:00,172,104,68,F11MO
40,Molenlei 59,2022-07-11,10:00:00,228,152,76,F11MO
40,Molenlei 59,2022-07-11,11:00:00,206,148,58,F11MO
40,Molenlei 59,2022-07-11,12:00:00,170,90,80,F11MO
40,Molenlei 59,2022-07-11,13:00:00,160,78,82,F11MO
40,Molenlei 59,2022-07-11,14:00:00,198,84,114,F11MO
40,Molenlei 59,2022-07-11,15:00:00,282,120,162,F11MO
40,Molenlei 59,2022-07-11,16:00:00,328,154,174,F11MO
40,Molenlei 59,2022-07-11,17:00:00,288,120,168,F11MO
40,Molenlei 59,2022-07-11,18:00:00,202,110,92,F11MO
40,Molenlei 59,2022-07-11,19:00:00,184,98,86,F11MO
40,Molenlei 59,2022-07-11,20:00:00,182,114,68,F11MO
40,Molenlei 59,2022-07-11,21:00:00,116,68,48,F11MO
40,Molenlei 59,2022-07-11,22:00:00,42,18,24,F11MO
40,Molenlei 59,2022-07-11,23:00:00,34,4,30,F11MO
40,Molenlei 59,2022-07-12,00:00:00,18,2,16,F11MO
40,Molenlei 59,2022-07-12,01:00:00,4,0,4,F11MO
40,Molenlei 59,2022-07-12,02:00:00,4,4,0,F11MO
40,Molenlei 59,2022-07-12,03:00:00,0,0,0,F11MO
40,Molenlei 59,2022-07-12,04:00:00,20,16,4,F11MO
40,Molenlei 59,2022-07-12,05:00:00,54,30,24,F11MO
40,Molenlei 59,2022-07-12,06:00:00,98,62,36,F11MO
40,Molenlei 59,2022-07-12,07:00:00,258,172,86,F11MO
40,Molenlei 59,2022-07-12,08:00:00,294,182,112,F11MO
40,Molenlei 59,2022-07-12,09:00:00,182,82,100,F11MO
40,Molenlei 59,2022-07-12,10:00:00,176,74,102,F11MO
40,Molenlei 59,2022-07-12,11:00:00,196,96,100,F11MO
40,Molenlei 59,2022-07-12,12:00:00,216,98,118,F11MO
40,Molenlei 59,2022-07-12,13:00:00,160,62,98,F11MO
40,Molenlei 59,2022-07-12,14:00:00,204,102,102,F11MO
40,Molenlei 59,2022-07-12,15:00:00,234,90,144,F11MO
40,Molenlei 59,2022-07-12,16:00:00,348,142,206,F11MO
40,Molenlei 59,2022-07-12,17:00:00,340,112,228,F11MO
40,Molenlei 59,2022-07-12,18:00:00,316,104,212,F11MO
40,Molenlei 59,2022-07-12,19:00:00,214,104,110,F11MO
40,Molenlei 59,2022-07-12,20:00:00,250,164,86,F11MO
40,Molenlei 59,2022-07-12,21:00:00,148,92,56,F11MO
40,Molenlei 59,2022-07-12,22:00:00,62,22,40,F11MO
40,Molenlei 59,2022-07-12,23:00:00,22,10,12,F11MO
40,Molenlei 59,2022-07-13,00:00:00,18,10,8,F11MO
40,Molenlei 59,2022-07-13,01:00:00,14,4,10,F11MO
40,Molenlei 59,2022-07-13,02:00:00,4,2,2,F11MO
40,Molenlei 59,2022-07-13,03:00:00,4,2,2,F11MO
40,Molenlei 59,2022-07-13,04:00:00,18,8,10,F11MO
40,Molenlei 59,2022-07-13,05:00:00,60,34,26,F11MO
40,Molenlei 59,2022-07-13,06:00:00,108,58,50,F11MO
40,Molenlei 59,2022-07-13,07:00:00,248,152,96,F11MO
40,Molenlei 59,2022-07-13,08:00:00,284,180,104,F11MO
40,Molenlei 59,2022-07-13,09:00:00,170,82,88,F11MO
40,Molenlei 59,2022-07-13,10:00:00,194,86,108,F11MO
40,Molenlei 59,2022-07-13,11:00:00,198,92,106,F11MO
40,Molenlei 59,2022-07-13,12:00:00,158,64,94,F11MO
40,Molenlei 59,2022-07-13,13:00:00,226,106,120,F11MO
40,Molenlei 59,2022-07-13,14:00:00,190,92,98,F11MO
40,Molenlei 59,2022-07-13,15:00:00,184,70,114,F11MO
40,Molenlei 59,2022-07-13,16:00:00,312,122,190,F11MO
40,Molenlei 59,2022-07-13,17:00:00,384,150,234,F11MO
40,Molenlei 59,2022-07-13,18:00:00,242,112,130,F11MO
40,Molenlei 59,2022-07-13,19:00:00,224,68,156,F11MO
40,Molenlei 59,2022-07-13,20:00:00,234,154,80,F11MO
40,Molenlei 59,2022-07-13,21:00:00,140,84,56,F11MO
40,Molenlei 59,2022-07-13,22:00:00,74,36,38,F11MO
40,Molenlei 59,2022-07-13,23:00:00,52,26,26,F11MO
40,Molenlei 59,2022-07-14,00:00:00,28,10,18,F11MO
40,Molenlei 59,2022-07-14,01:00:00,6,2,4,F11MO
40,Molenlei 59,2022-07-14,02:00:00,4,2,2,F11MO
40,Molenlei 59,2022-07-14,03:00:00,8,4,4,F11MO
40,Molenlei 59,2022-07-14,04:00:00,14,12,2,F11MO
40,Molenlei 59,2022-07-14,05:00:00,42,24,18,F11MO
40,Molenlei 59,2022-07-14,06:00:00,114,62,52,F11MO
40,Molenlei 59,2022-07-14,07:00:00,268,176,92,F11MO
40,Molenlei 59,2022-07-14,08:00:00,252,170,82,F11MO
40,Molenlei 59,2022-07-14,09:00:00,166,86,80,F11MO
40,Molenlei 59,2022-07-14,10:00:00,162,82,80,F11MO
40,Molenlei 59,2022-07-14,11:00:00,66,24,42,F11MO
40,Molenlei 59,2022-07-14,12:00:00,0,0,0,F11MO
40,Molenlei 59,2022-07-14,13:00:00,0,0,0,F11MO
40,Molenlei 59,2022-07-14,14:00:00,0,0,0,F11MO
40,Molenlei 59,2022-07-14,15:00:00,0,0,0,F11MO
40,Molenlei 59,2022-07-14,16:00:00,0,0,0,F11MO
40,Molenlei 59,2022-07-14,17:00:00,0,0,0,F11MO
40,Molenlei 59,2022-07-14,18:00:00,0,0,0,F11MO
40,Molenlei 59,2022-07-14,19:00:00,0,0,0,F11MO
40,Molenlei 59,2022-07-14,20:00:00,0,0,0,F11MO
40,Molenlei 59,2022-07-14,21:00:00,0,0,0,F11MO
40,Molenlei 59,2022-07-14,22:00:00,0,0,0,F11MO
40,Molenlei 59,2022-07-14,23:00:00,0,0,0,F11MO
40,Molenlei 59,2022-08-11,00:00:00,0,0,0,F11MO
40,Molenlei 59,2022-08-11,01:00:00,0,0,0,F11MO
40,Molenlei 59,2022-08-11,02:00:00,0,0,0,F11MO
40,Molenlei 59,2022-08-11,03:00:00,0,0,0,F11MO
40,Molenlei 59,2022-08-11,04:00:00,0,0,0,F11MO
40,Molenlei 59,2022-08-11,05:00:00,0,0,0,F11MO
40,Molenlei 59,2022-08-11,06:00:00,0,0,0,F11MO
40,Molenlei 59,2022-08-11,07:00:00,0,0,0,F11MO
40,Molenlei 59,2022-08-11,08:00:00,0,0,0,F11MO
40,Molenlei 59,2022-08-11,09:00:00,0,0,0,F11MO
40,Molenlei 59,2022-08-11,10:00:00,42,22,20,F11MO
40,Molenlei 59,2022-08-11,11:00:00,334,194,140,F11MO
40,Molenlei 59,2022-08-11,12:00:00,292,180,112,F11MO
40,Molenlei 59,2022-08-11,13:00:00,278,156,122,F11MO
40,Molenlei 59,2022-08-11,14:00:00,330,152,178,F11MO
40,Molenlei 59,2022-08-11,15:00:00,464,204,260,F11MO
40,Molenlei 59,2022-08-11,16:00:00,940,338,602,F11MO
40,Molenlei 59,2022-08-11,17:00:00,956,340,616,F11MO
40,Molenlei 59,2022-08-11,18:00:00,718,266,452,F11MO
40,Molenlei 59,2022-08-11,19:00:00,324,128,196,F11MO
40,Molenlei 59,2022-08-11,20:00:00,390,252,138,F11MO
40,Molenlei 59,2022-08-11,21:00:00,282,154,128,F11MO
40,Molenlei 59,2022-08-11,22:00:00,162,62,100,F11MO
40,Molenlei 59,2022-08-11,23:00:00,92,40,52,F11MO
40,Molenlei 59,2022-08-12,00:00:00,48,20,28,F11MO
40,Molenlei 59,2022-08-12,01:00:00,28,20,8,F11MO
40,Molenlei 59,2022-08-12,02:00:00,6,6,0,F11MO
40,Molenlei 59,2022-08-12,03:00:00,32,16,16,F11MO
40,Molenlei 59,2022-08-12,04:00:00,16,14,2,F11MO
40,Molenlei 59,2022-08-12,05:00:00,66,32,34,F11MO
40,Molenlei 59,2022-08-12,06:00:00,106,48,58,F11MO
40,Molenlei 59,2022-08-12,07:00:00,266,118,148,F11MO
40,Molenlei 59,2022-08-12,08:00:00,388,176,212,F11MO
40,Molenlei 59,2022-08-12,09:00:00,308,138,170,F11MO
40,Molenlei 59,2022-08-12,10:00:00,354,170,184,F11MO
40,Molenlei 59,2022-08-12,11:00:00,332,192,140,F11MO
40,Molenlei 59,2022-08-12,12:00:00,272,124,148,F11MO
40,Molenlei 59,2022-08-12,13:00:00,312,146,166,F11MO
40,Molenlei 59,2022-08-12,14:00:00,328,114,214,F11MO
40,Molenlei 59,2022-08-12,15:00:00,394,174,220,F11MO
40,Molenlei 59,2022-08-12,16:00:00,778,354,424,F11MO
40,Molenlei 59,2022-08-12,17:00:00,684,194,490,F11MO
40,Molenlei 59,2022-08-12,18:00:00,532,210,322,F11MO
40,Molenlei 59,2022-08-12,19:00:00,288,134,154,F11MO
40,Molenlei 59,2022-08-12,20:00:00,266,140,126,F11MO
40,Molenlei 59,2022-08-12,21:00:00,132,84,48,F11MO
40,Molenlei 59,2022-08-12,22:00:00,124,56,68,F11MO
40,Molenlei 59,2022-08-12,23:00:00,72,20,52,F11MO
40,Molenlei 59,2022-08-13,00:00:00,54,12,42,F11MO
40,Molenlei 59,2022-08-13,01:00:00,40,12,28,F11MO
40,Molenlei 59,2022-08-13,02:00:00,24,18,6,F11MO
40,Molenlei 59,2022-08-13,03:00:00,6,4,2,F11MO
40,Molenlei 59,2022-08-13,04:00:00,20,6,14,F11MO
40,Molenlei 59,2022-08-13,05:00:00,26,8,18,F11MO
40,Molenlei 59,2022-08-13,06:00:00,40,12,28,F11MO
40,Molenlei 59,2022-08-13,07:00:00,114,38,76,F11MO
40,Molenlei 59,2022-08-13,08:00:00,192,68,124,F11MO
40,Molenlei 59,2022-08-13,09:00:00,356,134,222,F11MO
40,Molenlei 59,2022-08-13,10:00:00,476,182,294,F11MO
40,Molenlei 59,2022-08-13,11:00:00,450,266,184,F11MO
40,Molenlei 59,2022-08-13,12:00:00,340,242,98,F11MO
40,Molenlei 59,2022-08-13,13:00:00,422,242,180,F11MO
40,Molenlei 59,2022-08-13,14:00:00,492,154,338,F11MO
40,Molenlei 59,2022-08-13,15:00:00,586,268,318,F11MO
40,Molenlei 59,2022-08-13,16:00:00,330,146,184,F11MO
40,Molenlei 59,2022-08-13,17:00:00,388,200,188,F11MO
40,Molenlei 59,2022-08-13,18:00:00,334,140,194,F11MO
40,Molenlei 59,2022-08-13,19:00:00,338,96,242,F11MO
40,Molenlei 59,2022-08-13,20:00:00,218,96,122,F11MO
40,Molenlei 59,2022-08-13,21:00:00,116,56,60,F11MO
40,Molenlei 59,2022-08-13,22:00:00,204,92,112,F11MO
40,Molenlei 59,2022-08-13,23:00:00,102,12,90,F11MO
40,Molenlei 59,2022-08-14,00:00:00,84,38,46,F11MO
40,Molenlei 59,2022-08-14,01:00:00,36,16,20,F11MO
40,Molenlei 59,2022-08-14,02:00:00,50,42,8,F11MO
40,Molenlei 59,2022-08-14,03:00:00,36,20,16,F11MO
40,Molenlei 59,2022-08-14,04:00:00,6,6,0,F11MO
40,Molenlei 59,2022-08-14,05:00:00,20,10,10,F11MO
40,Molenlei 59,2022-08-14,06:00:00,60,18,42,F11MO
40,Molenlei 59,2022-08-14,07:00:00,76,22,54,F11MO
40,Molenlei 59,2022-08-14,08:00:00,254,64,190,F11MO
40,Molenlei 59,2022-08-14,09:00:00,492,224,268,F11MO
40,Molenlei 59,2022-08-14,10:00:00,518,230,288,F11MO
40,Molenlei 59,2022-08-14,11:00:00,450,264,186,F11MO
40,Molenlei 59,2022-08-14,12:00:00,492,294,198,F11MO
40,Molenlei 59,2022-08-14,13:00:00,450,274,176,F11MO
40,Molenlei 59,2022-08-14,14:00:00,430,200,230,F11MO
40,Molenlei 59,2022-08-14,15:00:00,540,164,376,F11MO
40,Molenlei 59,2022-08-14,16:00:00,356,160,196,F11MO
40,Molenlei 59,2022-08-14,17:00:00,258,130,128,F11MO
40,Molenlei 59,2022-08-14,18:00:00,262,130,132,F11MO
40,Molenlei 59,2022-08-14,19:00:00,232,144,88,F11MO
40,Molenlei 59,2022-08-14,20:00:00,188,98,90,F11MO
40,Molenlei 59,2022-08-14,21:00:00,140,68,72,F11MO
40,Molenlei 59,2022-08-14,22:00:00,86,30,56,F11MO
40,Molenlei 59,2022-08-14,23:00:00,36,10,26,F11MO
40,Molenlei 59,2022-08-15,00:00:00,54,12,42,F11MO
40,Molenlei 59,2022-08-15,01:00:00,18,2,16,F11MO
40,Molenlei 59,2022-08-15,02:00:00,18,16,2,F11MO
40,Molenlei 59,2022-08-15,03:00:00,10,4,6,F11MO
40,Molenlei 59,2022-08-15,04:00:00,16,16,0,F11MO
40,Molenlei 59,2022-08-15,05:00:00,18,4,14,F11MO
40,Molenlei 59,2022-08-15,06:00:00,38,10,28,F11MO
40,Molenlei 59,2022-08-15,07:00:00,54,16,38,F11MO
40,Molenlei 59,2022-08-15,08:00:00,104,42,62,F11MO
40,Molenlei 59,2022-08-15,09:00:00,168,66,102,F11MO
40,Molenlei 59,2022-08-15,10:00:00,324,176,148,F11MO
40,Molenlei 59,2022-08-15,11:00:00,432,236,196,F11MO
40,Molenlei 59,2022-08-15,12:00:00,388,228,160,F11MO
40,Molenlei 59,2022-08-15,13:00:00,404,176,228,F11MO
40,Molenlei 59,2022-08-15,14:00:00,458,198,260,F11MO
40,Molenlei 59,2022-08-15,15:00:00,450,196,254,F11MO
40,Molenlei 59,2022-08-15,16:00:00,320,160,160,F11MO
40,Molenlei 59,2022-08-15,17:00:00,320,164,156,F11MO
40,Molenlei 59,2022-08-15,18:00:00,242,110,132,F11MO
40,Molenlei 59,2022-08-15,19:00:00,250,150,100,F11MO
40,Molenlei 59,2022-08-15,20:00:00,144,70,74,F11MO
40,Molenlei 59,2022-08-15,21:00:00,108,56,52,F11MO
40,Molenlei 59,2022-08-15,22:00:00,78,30,48,F11MO
40,Molenlei 59,2022-08-15,23:00:00,28,6,22,F11MO
40,Molenlei 59,2022-08-16,00:00:00,18,8,10,F11MO
40,Molenlei 59,2022-08-16,01:00:00,6,2,4,F11MO
40,Molenlei 59,2022-08-16,02:00:00,6,0,6,F11MO
40,Molenlei 59,2022-08-16,03:00:00,6,2,4,F11MO
40,Molenlei 59,2022-08-16,04:00:00,20,12,8,F11MO
40,Molenlei 59,2022-08-16,05:00:00,52,30,22,F11MO
40,Molenlei 59,2022-08-16,06:00:00,96,56,40,F11MO
40,Molenlei 59,2022-08-16,07:00:00,324,188,136,F11MO
40,Molenlei 59,2022-08-16,08:00:00,388,226,162,F11MO
40,Molenlei 59,2022-08-16,09:00:00,256,96,160,F11MO
40,Molenlei 59,2022-08-16,10:00:00,284,124,160,F11MO
40,Molenlei 59,2022-08-16,11:00:00,350,156,194,F11MO
40,Molenlei 59,2022-08-16,12:00:00,382,164,218,F11MO
40,Molenlei 59,2022-08-16,13:00:00,386,202,184,F11MO
40,Molenlei 59,2022-08-16,14:00:00,396,148,248,F11MO
40,Molenlei 59,2022-08-16,15:00:00,478,218,260,F11MO
40,Molenlei 59,2022-08-16,16:00:00,654,330,324,F11MO
40,Molenlei 59,2022-08-16,17:00:00,794,244,550,F11MO
40,Molenlei 59,2022-08-16,18:00:00,484,140,344,F11MO
40,Molenlei 59,2022-08-16,19:00:00,304,118,186,F11MO
40,Molenlei 59,2022-08-16,20:00:00,298,202,96,F11MO
40,Molenlei 59,2022-08-16,21:00:00,180,116,64,F11MO
40,Molenlei 59,2022-08-16,22:00:00,106,30,76,F11MO
40,Molenlei 59,2022-08-16,23:00:00,34,8,26,F11MO
40,Molenlei 59,2022-08-17,00:00:00,40,24,16,F11MO
40,Molenlei 59,2022-08-17,01:00:00,20,8,12,F11MO
40,Molenlei 59,2022-08-17,02:00:00,4,0,4,F11MO
40,Molenlei 59,2022-08-17,03:00:00,4,4,0,F11MO
40,Molenlei 59,2022-08-17,04:00:00,10,4,6,F11MO
40,Molenlei 59,2022-08-17,05:00:00,52,32,20,F11MO
40,Molenlei 59,2022-08-17,06:00:00,106,66,40,F11MO
40,Molenlei 59,2022-08-17,07:00:00,238,134,104,F11MO
40,Molenlei 59,2022-08-17,08:00:00,304,158,146,F11MO
40,Molenlei 59,2022-08-17,09:00:00,192,84,108,F11MO
40,Molenlei 59,2022-08-17,10:00:00,94,36,58,F11MO
40,Molenlei 59,2022-08-17,11:00:00,94,28,66,F11MO
40,Molenlei 59,2022-08-17,12:00:00,96,46,50,F11MO
40,Molenlei 59,2022-08-17,13:00:00,168,78,90,F11MO
40,Molenlei 59,2022-08-17,14:00:00,128,58,70,F11MO
40,Molenlei 59,2022-08-17,15:00:00,262,114,148,F11MO
40,Molenlei 59,2022-08-17,16:00:00,262,92,170,F11MO
40,Molenlei 59,2022-08-17,17:00:00,354,118,236,F11MO
40,Molenlei 59,2022-08-17,18:00:00,284,116,168,F11MO
40,Molenlei 59,2022-08-17,19:00:00,176,76,100,F11MO
40,Molenlei 59,2022-08-17,20:00:00,146,56,90,F11MO
40,Molenlei 59,2022-08-17,21:00:00,52,28,24,F11MO
40,Molenlei 59,2022-08-17,22:00:00,44,8,36,F11MO
40,Molenlei 59,2022-08-17,23:00:00,52,8,44,F11MO
40,Molenlei 59,2022-08-18,00:00:00,22,12,10,F11MO
40,Molenlei 59,2022-08-18,01:00:00,10,2,8,F11MO
40,Molenlei 59,2022-08-18,02:00:00,4,4,0,F11MO
40,Molenlei 59,2022-08-18,03:00:00,4,2,2,F11MO
40,Molenlei 59,2022-08-18,04:00:00,6,4,2,F11MO
40,Molenlei 59,2022-08-18,05:00:00,54,32,22,F11MO
40,Molenlei 59,2022-08-18,06:00:00,104,62,42,F11MO
40,Molenlei 59,2022-08-18,07:00:00,322,198,124,F11MO
40,Molenlei 59,2022-08-18,08:00:00,368,222,146,F11MO
40,Molenlei 59,2022-08-18,09:00:00,218,112,106,F11MO
40,Molenlei 59,2022-08-18,10:00:00,244,104,140,F11MO
40,Molenlei 59,2022-08-18,11:00:00,348,188,160,F11MO
40,Molenlei 59,2022-08-18,12:00:00,284,130,154,F11MO
40,Molenlei 59,2022-08-18,13:00:00,376,182,194,F11MO
40,Molenlei 59,2022-08-18,14:00:00,454,218,236,F11MO
40,Molenlei 59,2022-08-18,15:00:00,424,172,252,F11MO
40,Molenlei 59,2022-08-18,16:00:00,716,282,434,F11MO
40,Molenlei 59,2022-08-18,17:00:00,880,316,564,F11MO
40,Molenlei 59,2022-08-18,18:00:00,634,254,380,F11MO
40,Molenlei 59,2022-08-18,19:00:00,376,182,194,F11MO
40,Molenlei 59,2022-08-18,20:00:00,422,220,202,F11MO
40,Molenlei 59,2022-08-18,21:00:00,126,74,52,F11MO
40,Molenlei 59,2022-08-18,22:00:00,142,40,102,F11MO
40,Molenlei 59,2022-08-18,23:00:00,98,70,28,F11MO
40,Molenlei 59,2022-08-19,00:00:00,50,28,22,F11MO
40,Molenlei 59,2022-08-19,01:00:00,24,14,10,F11MO
40,Molenlei 59,2022-08-19,02:00:00,2,2,0,F11MO
40,Molenlei 59,2022-08-19,03:00:00,8,8,0,F11MO
40,Molenlei 59,2022-08-19,04:00:00,2,2,0,F11MO
40,Molenlei 59,2022-08-19,05:00:00,60,40,20,F11MO
40,Molenlei 59,2022-08-19,06:00:00,76,48,28,F11MO
40,Molenlei 59,2022-08-19,07:00:00,192,88,104,F11MO
40,Molenlei 59,2022-08-19,08:00:00,342,198,144,F11MO
40,Molenlei 59,2022-08-19,09:00:00,166,98,68,F11MO
40,Molenlei 59,2022-08-19,10:00:00,176,70,106,F11MO
40,Molenlei 59,2022-08-19,11:00:00,244,112,132,F11MO
40,Molenlei 59,2022-08-19,12:00:00,250,136,114,F11MO
40,Molenlei 59,2022-08-19,13:00:00,216,92,124,F11MO
40,Molenlei 59,2022-08-19,14:00:00,262,118,144,F11MO
40,Molenlei 59,2022-08-19,15:00:00,330,124,206,F11MO
40,Molenlei 59,2022-08-19,16:00:00,458,176,282,F11MO
40,Molenlei 59,2022-08-19,17:00:00,326,132,194,F11MO
40,Molenlei 59,2022-08-19,18:00:00,282,130,152,F11MO
40,Molenlei 59,2022-08-19,19:00:00,130,82,48,F11MO
40,Molenlei 59,2022-08-19,20:00:00,90,24,66,F11MO
40,Molenlei 59,2022-08-19,21:00:00,64,32,32,F11MO
40,Molenlei 59,2022-08-19,22:00:00,30,2,28,F11MO
40,Molenlei 59,2022-08-19,23:00:00,20,6,14,F11MO
40,Molenlei 59,2022-08-20,00:00:00,30,10,20,F11MO
40,Molenlei 59,2022-08-20,01:00:00,20,16,4,F11MO
40,Molenlei 59,2022-08-20,02:00:00,6,6,0,F11MO
40,Molenlei 59,2022-08-20,03:00:00,14,12,2,F11MO
40,Molenlei 59,2022-08-20,04:00:00,0,0,0,F11MO
40,Molenlei 59,2022-08-20,05:00:00,32,18,14,F11MO
40,Molenlei 59,2022-08-20,06:00:00,18,12,6,F11MO
40,Molenlei 59,2022-08-20,07:00:00,48,14,34,F11MO
40,Molenlei 59,2022-08-20,08:00:00,108,46,62,F11MO
40,Molenlei 59,2022-08-20,09:00:00,204,52,152,F11MO
40,Molenlei 59,2022-08-20,10:00:00,402,160,242,F11MO
40,Molenlei 59,2022-08-20,11:00:00,534,280,254,F11MO
40,Molenlei 59,2022-08-20,12:00:00,486,292,194,F11MO
40,Molenlei 59,2022-08-20,13:00:00,432,194,238,F11MO
40,Molenlei 59,2022-08-20,14:00:00,612,272,340,F11MO
40,Molenlei 59,2022-08-20,15:00:00,530,274,256,F11MO
40,Molenlei 59,2022-08-20,16:00:00,492,272,220,F11MO
40,Molenlei 59,2022-08-20,17:00:00,302,134,168,F11MO
40,Molenlei 59,2022-08-20,18:00:00,312,188,124,F11MO
40,Molenlei 59,2022-08-20,19:00:00,252,136,116,F11MO
40,Molenlei 59,2022-08-20,20:00:00,174,106,68,F11MO
40,Molenlei 59,2022-08-20,21:00:00,98,48,50,F11MO
40,Molenlei 59,2022-08-20,22:00:00,58,28,30,F11MO
40,Molenlei 59,2022-08-20,23:00:00,34,8,26,F11MO
40,Molenlei 59,2022-08-21,00:00:00,28,18,10,F11MO
40,Molenlei 59,2022-08-21,01:00:00,18,4,14,F11MO
40,Molenlei 59,2022-08-21,02:00:00,16,12,4,F11MO
40,Molenlei 59,2022-08-21,03:00:00,6,0,6,F11MO
40,Molenlei 59,2022-08-21,04:00:00,8,8,0,F11MO
40,Molenlei 59,2022-08-21,05:00:00,18,12,6,F11MO
40,Molenlei 59,2022-08-21,06:00:00,18,6,12,F11MO
40,Molenlei 59,2022-08-21,07:00:00,44,6,38,F11MO
40,Molenlei 59,2022-08-21,08:00:00,118,34,84,F11MO
40,Molenlei 59,2022-08-21,09:00:00,432,174,258,F11MO
40,Molenlei 59,2022-08-21,10:00:00,502,222,280,F11MO
40,Molenlei 59,2022-08-21,11:00:00,576,290,286,F11MO
40,Molenlei 59,2022-08-21,12:00:00,598,356,242,F11MO
40,Molenlei 59,2022-08-21,13:00:00,666,370,296,F11MO
40,Molenlei 59,2022-08-21,14:00:00,724,352,372,F11MO
40,Molenlei 59,2022-08-21,15:00:00,556,284,272,F11MO
40,Molenlei 59,2022-08-21,16:00:00,506,276,230,F11MO
40,Molenlei 59,2022-08-21,17:00:00,428,232,196,F11MO
40,Molenlei 59,2022-08-21,18:00:00,428,216,212,F11MO
40,Molenlei 59,2022-08-21,19:00:00,266,128,138,F11MO
40,Molenlei 59,2022-08-21,20:00:00,122,66,56,F11MO
40,Molenlei 59,2022-08-21,21:00:00,98,46,52,F11MO
40,Molenlei 59,2022-08-21,22:00:00,40,6,34,F11MO
40,Molenlei 59,2022-08-21,23:00:00,32,20,12,F11MO
40,Molenlei 59,2022-08-22,00:00:00,14,8,6,F11MO
40,Molenlei 59,2022-08-22,01:00:00,12,0,12,F11MO
40,Molenlei 59,2022-08-22,02:00:00,0,0,0,F11MO
40,Molenlei 59,2022-08-22,03:00:00,6,2,4,F11MO
40,Molenlei 59,2022-08-22,04:00:00,8,6,2,F11MO
40,Molenlei 59,2022-08-22,05:00:00,50,28,22,F11MO
40,Molenlei 59,2022-08-22,06:00:00,90,66,24,F11MO
40,Molenlei 59,2022-08-22,07:00:00,326,188,138,F11MO
40,Molenlei 59,2022-08-22,08:00:00,410,228,182,F11MO
40,Molenlei 59,2022-08-22,09:00:00,238,104,134,F11MO
40,Molenlei 59,2022-08-22,10:00:00,190,88,102,F11MO
40,Molenlei 59,2022-08-22,11:00:00,288,136,152,F11MO
40,Molenlei 59,2022-08-22,12:00:00,308,160,148,F11MO
40,Molenlei 59,2022-08-22,13:00:00,390,218,172,F11MO
40,Molenlei 59,2022-08-22,14:00:00,458,194,264,F11MO
40,Molenlei 59,2022-08-22,15:00:00,524,192,332,F11MO
40,Molenlei 59,2022-08-22,16:00:00,798,332,466,F11MO
40,Molenlei 59,2022-08-22,17:00:00,786,284,502,F11MO
40,Molenlei 59,2022-08-22,18:00:00,490,236,254,F11MO
40,Molenlei 59,2022-08-22,19:00:00,388,164,224,F11MO
40,Molenlei 59,2022-08-22,20:00:00,292,142,150,F11MO
40,Molenlei 59,2022-08-22,21:00:00,114,62,52,F11MO
40,Molenlei 59,2022-08-22,22:00:00,88,32,56,F11MO
40,Molenlei 59,2022-08-22,23:00:00,54,26,28,F11MO
40,Molenlei 59,2022-08-23,00:00:00,6,4,2,F11MO
40,Molenlei 59,2022-08-23,01:00:00,14,2,12,F11MO
40,Molenlei 59,2022-08-23,02:00:00,14,4,10,F11MO
40,Molenlei 59,2022-08-23,03:00:00,4,4,0,F11MO
40,Molenlei 59,2022-08-23,04:00:00,12,8,4,F11MO
40,Molenlei 59,2022-08-23,05:00:00,60,46,14,F11MO
40,Molenlei 59,2022-08-23,06:00:00,134,92,42,F11MO
40,Molenlei 59,2022-08-23,07:00:00,392,242,150,F11MO
40,Molenlei 59,2022-08-23,08:00:00,526,290,236,F11MO
40,Molenlei 59,2022-08-23,09:00:00,368,190,178,F11MO
40,Molenlei 59,2022-08-23,10:00:00,220,104,116,F11MO
40,Molenlei 59,2022-08-23,11:00:00,280,154,126,F11MO
40,Molenlei 59,2022-08-23,12:00:00,244,114,130,F11MO
40,Molenlei 59,2022-08-23,13:00:00,334,150,184,F11MO
40,Molenlei 59,2022-08-23,14:00:00,538,260,278,F11MO
40,Molenlei 59,2022-08-23,15:00:00,432,170,262,F11MO
40,Molenlei 59,2022-08-23,16:00:00,744,246,498,F11MO
40,Molenlei 59,2022-08-23,17:00:00,828,264,564,F11MO
40,Molenlei 59,2022-08-23,18:00:00,512,204,308,F11MO
40,Molenlei 59,2022-08-23,19:00:00,398,194,204,F11MO
40,Molenlei 59,2022-08-23,20:00:00,344,206,138,F11MO
40,Molenlei 59,2022-08-23,21:00:00,136,106,30,F11MO
40,Molenlei 59,2022-08-23,22:00:00,104,32,72,F11MO
40,Molenlei 59,2022-08-23,23:00:00,22,2,20,F11MO
40,Molenlei 59,2022-08-24,00:00:00,60,22,38,F11MO
40,Molenlei 59,2022-08-24,01:00:00,12,10,2,F11MO
40,Molenlei 59,2022-08-24,02:00:00,20,2,18,F11MO
40,Molenlei 59,2022-08-24,03:00:00,14,8,6,F11MO
40,Molenlei 59,2022-08-24,04:00:00,22,16,6,F11MO
40,Molenlei 59,2022-08-24,05:00:00,58,40,18,F11MO
40,Molenlei 59,2022-08-24,06:00:00,142,92,50,F11MO
40,Molenlei 59,2022-08-24,07:00:00,358,208,150,F11MO
40,Molenlei 59,2022-08-24,08:00:00,486,252,234,F11MO
40,Molenlei 59,2022-08-24,09:00:00,484,232,252,F11MO
40,Molenlei 59,2022-08-24,10:00:00,400,214,186,F11MO
40,Molenlei 59,2022-08-24,11:00:00,0,0,0,F11MO
40,Molenlei 59,2022-08-24,12:00:00,406,146,260,F11MO
40,Molenlei 59,2022-08-24,13:00:00,424,214,210,F11MO
40,Molenlei 59,2022-08-24,14:00:00,602,300,302,F11MO
40,Molenlei 59,2022-08-24,15:00:00,710,294,416,F11MO
40,Molenlei 59,2022-08-24,16:00:00,824,322,502,F11MO
40,Molenlei 59,2022-08-24,17:00:00,758,296,462,F11MO
40,Molenlei 59,2022-08-24,18:00:00,622,280,342,F11MO
40,Molenlei 59,2022-08-24,19:00:00,538,246,292,F11MO
40,Molenlei 59,2022-08-24,20:00:00,414,238,176,F11MO
40,Molenlei 59,2022-08-24,21:00:00,194,112,82,F11MO
40,Molenlei 59,2022-08-24,22:00:00,110,10,100,F11MO
40,Molenlei 59,2022-08-24,23:00:00,54,38,16,F11MO
40,Molenlei 59,2022-08-25,00:00:00,30,14,16,F11MO
40,Molenlei 59,2022-08-25,01:00:00,16,0,16,F11MO
40,Molenlei 59,2022-08-25,02:00:00,4,4,0,F11MO
40,Molenlei 59,2022-08-25,03:00:00,10,4,6,F11MO
40,Molenlei 59,2022-08-25,04:00:00,22,16,6,F11MO
40,Molenlei 59,2022-08-25,05:00:00,70,46,24,F11MO
40,Molenlei 59,2022-08-25,06:00:00,118,70,48,F11MO
40,Molenlei 59,2022-08-25,07:00:00,434,260,174,F11MO
40,Molenlei 59,2022-08-25,08:00:00,526,280,246,F11MO
40,Molenlei 59,2022-08-25,09:00:00,370,200,170,F11MO
40,Molenlei 59,2022-08-25,10:00:00,376,214,162,F11MO
40,Molenlei 59,2022-08-25,11:00:00,316,166,150,F11MO
40,Molenlei 59,2022-08-25,12:00:00,328,170,158,F11MO
40,Molenlei 59,2022-08-25,13:00:00,388,176,212,F11MO
40,Molenlei 59,2022-08-25,14:00:00,514,178,336,F11MO
40,Molenlei 59,2022-08-25,15:00:00,556,210,346,F11MO
40,Molenlei 59,2022-08-25,16:00:00,684,272,412,F11MO
40,Molenlei 59,2022-08-25,17:00:00,904,298,606,F11MO
40,Molenlei 59,2022-08-25,18:00:00,582,228,354,F11MO
40,Molenlei 59,2022-08-25,19:00:00,358,194,164,F11MO
40,Molenlei 59,2022-08-25,20:00:00,330,184,146,F11MO
40,Molenlei 59,2022-08-25,21:00:00,186,116,70,F11MO
40,Molenlei 59,2022-08-25,22:00:00,80,34,46,F11MO
40,Molenlei 59,2022-08-25,23:00:00,64,26,38,F11MO
40,Molenlei 59,2022-08-26,00:00:00,24,8,16,F11MO
40,Molenlei 59,2022-08-26,01:00:00,32,8,24,F11MO
40,Molenlei 59,2022-08-26,02:00:00,14,10,4,F11MO
40,Molenlei 59,2022-08-26,03:00:00,2,2,0,F11MO
40,Molenlei 59,2022-08-26,04:00:00,22,12,10,F11MO
40,Molenlei 59,2022-08-26,05:00:00,60,38,22,F11MO
40,Molenlei 59,2022-08-26,06:00:00,86,58,28,F11MO
40,Molenlei 59,2022-08-26,07:00:00,280,148,132,F11MO
40,Molenlei 59,2022-08-26,08:00:00,432,240,192,F11MO
40,Molenlei 59,2022-08-26,09:00:00,144,78,66,F11MO
40,Molenlei 59,2022-08-26,10:00:00,236,100,136,F11MO
40,Molenlei 59,2022-08-26,11:00:00,208,100,108,F11MO
40,Molenlei 59,2022-08-26,12:00:00,208,70,138,F11MO
40,Molenlei 59,2022-08-26,13:00:00,208,90,118,F11MO
40,Molenlei 59,2022-08-26,14:00:00,348,150,198,F11MO
40,Molenlei 59,2022-08-26,15:00:00,340,140,200,F11MO
40,Molenlei 59,2022-08-26,16:00:00,556,210,346,F11MO
40,Molenlei 59,2022-08-26,17:00:00,452,166,286,F11MO
40,Molenlei 59,2022-08-26,18:00:00,388,156,232,F11MO
40,Molenlei 59,2022-08-26,19:00:00,306,128,178,F11MO
40,Molenlei 59,2022-08-26,20:00:00,208,98,110,F11MO
40,Molenlei 59,2022-08-26,21:00:00,128,36,92,F11MO
40,Molenlei 59,2022-08-26,22:00:00,68,50,18,F11MO
40,Molenlei 59,2022-08-26,23:00:00,56,26,30,F11MO
40,Molenlei 59,2022-08-27,00:00:00,38,8,30,F11MO
40,Molenlei 59,2022-08-27,01:00:00,22,8,14,F11MO
40,Molenlei 59,2022-08-27,02:00:00,16,6,10,F11MO
40,Molenlei 59,2022-08-27,03:00:00,18,14,4,F11MO
40,Molenlei 59,2022-08-27,04:00:00,6,6,0,F11MO
40,Molenlei 59,2022-08-27,05:00:00,22,10,12,F11MO
40,Molenlei 59,2022-08-27,06:00:00,24,16,8,F11MO
40,Molenlei 59,2022-08-27,07:00:00,54,20,34,F11MO
40,Molenlei 59,2022-08-27,08:00:00,114,42,72,F11MO
40,Molenlei 59,2022-08-27,09:00:00,246,96,150,F11MO
40,Molenlei 59,2022-08-27,10:00:00,334,116,218,F11MO
40,Molenlei 59,2022-08-27,11:00:00,488,188,300,F11MO
40,Molenlei 59,2022-08-27,12:00:00,494,214,280,F11MO
40,Molenlei 59,2022-08-27,13:00:00,434,226,208,F11MO
40,Molenlei 59,2022-08-27,14:00:00,570,274,296,F11MO
40,Molenlei 59,2022-08-27,15:00:00,480,200,280,F11MO
40,Molenlei 59,2022-08-27,16:00:00,414,176,238,F11MO
40,Molenlei 59,2022-08-27,17:00:00,298,136,162,F11MO
40,Molenlei 59,2022-08-27,18:00:00,298,154,144,F11MO
40,Molenlei 59,2022-08-27,19:00:00,242,124,118,F11MO
40,Molenlei 59,2022-08-27,20:00:00,136,78,58,F11MO
40,Molenlei 59,2022-08-27,21:00:00,114,62,52,F11MO
40,Molenlei 59,2022-08-27,22:00:00,42,24,18,F11MO
40,Molenlei 59,2022-08-27,23:00:00,38,18,20,F11MO
40,Molenlei 59,2022-08-28,00:00:00,22,10,12,F11MO
40,Molenlei 59,2022-08-28,01:00:00,26,8,18,F11MO
40,Molenlei 59,2022-08-28,02:00:00,22,4,18,F11MO
40,Molenlei 59,2022-08-28,03:00:00,16,6,10,F11MO
40,Molenlei 59,2022-08-28,04:00:00,8,6,2,F11MO
40,Molenlei 59,2022-08-28,05:00:00,28,16,12,F11MO
40,Molenlei 59,2022-08-28,06:00:00,34,16,18,F11MO
40,Molenlei 59,2022-08-28,07:00:00,56,14,42,F11MO
40,Molenlei 59,2022-08-28,08:00:00,160,56,104,F11MO
40,Molenlei 59,2022-08-28,09:00:00,302,100,202,F11MO
40,Molenlei 59,2022-08-28,10:00:00,476,220,256,F11MO
40,Molenlei 59,2022-08-28,11:00:00,564,218,346,F11MO
40,Molenlei 59,2022-08-28,12:00:00,460,218,242,F11MO
40,Molenlei 59,2022-08-28,13:00:00,584,320,264,F11MO
40,Molenlei 59,2022-08-28,14:00:00,556,294,262,F11MO
40,Molenlei 59,2022-08-28,15:00:00,504,236,268,F11MO
40,Molenlei 59,2022-08-28,16:00:00,490,262,228,F11MO
40,Molenlei 59,2022-08-28,17:00:00,476,222,254,F11MO
40,Molenlei 59,2022-08-28,18:00:00,442,200,242,F11MO
40,Molenlei 59,2022-08-28,19:00:00,238,86,152,F11MO
40,Molenlei 59,2022-08-28,20:00:00,126,38,88,F11MO
40,Molenlei 59,2022-08-28,21:00:00,86,40,46,F11MO
40,Molenlei 59,2022-08-28,22:00:00,26,12,14,F11MO
40,Molenlei 59,2022-08-28,23:00:00,32,12,20,F11MO
40,Molenlei 59,2022-08-29,00:00:00,16,10,6,F11MO
40,Molenlei 59,2022-08-29,01:00:00,0,0,0,F11MO
40,Molenlei 59,2022-08-29,02:00:00,2,2,0,F11MO
40,Molenlei 59,2022-08-29,03:00:00,4,4,0,F11MO
40,Molenlei 59,2022-08-29,04:00:00,10,8,2,F11MO
40,Molenlei 59,2022-08-29,05:00:00,50,28,22,F11MO
40,Molenlei 59,2022-08-29,06:00:00,126,94,32,F11MO
40,Molenlei 59,2022-08-29,07:00:00,334,216,118,F11MO
40,Molenlei 59,2022-08-29,08:00:00,468,276,192,F11MO
40,Molenlei 59,2022-08-29,09:00:00,194,94,100,F11MO
40,Molenlei 59,2022-08-29,10:00:00,178,90,88,F11MO
40,Molenlei 59,2022-08-29,11:00:00,288,142,146,F11MO
40,Molenlei 59,2022-08-29,12:00:00,330,136,194,F11MO
40,Molenlei 59,2022-08-29,13:00:00,308,114,194,F11MO
40,Molenlei 59,2022-08-29,14:00:00,528,224,304,F11MO
40,Molenlei 59,2022-08-29,15:00:00,472,186,286,F11MO
40,Molenlei 59,2022-08-29,16:00:00,776,316,460,F11MO
40,Molenlei 59,2022-08-29,17:00:00,822,236,586,F11MO
40,Molenlei 59,2022-08-29,18:00:00,476,178,298,F11MO
40,Molenlei 59,2022-08-29,19:00:00,310,122,188,F11MO
40,Molenlei 59,2022-08-29,20:00:00,238,102,136,F11MO
40,Molenlei 59,2022-08-29,21:00:00,158,70,88,F11MO
40,Molenlei 59,2022-08-29,22:00:00,54,16,38,F11MO
40,Molenlei 59,2022-08-29,23:00:00,32,14,18,F11MO
40,Molenlei 59,2022-08-30,00:00:00,20,10,10,F11MO
40,Molenlei 59,2022-08-30,01:00:00,14,4,10,F11MO
40,Molenlei 59,2022-08-30,02:00:00,4,0,4,F11MO
40,Molenlei 59,2022-08-30,03:00:00,10,8,2,F11MO
40,Molenlei 59,2022-08-30,04:00:00,14,12,2,F11MO
40,Molenlei 59,2022-08-30,05:00:00,60,30,30,F11MO
40,Molenlei 59,2022-08-30,06:00:00,144,98,46,F11MO
40,Molenlei 59,2022-08-30,07:00:00,380,238,142,F11MO
40,Molenlei 59,2022-08-30,08:00:00,502,318,184,F11MO
40,Molenlei 59,2022-08-30,09:00:00,268,132,136,F11MO
40,Molenlei 59,2022-08-30,10:00:00,232,112,120,F11MO
40,Molenlei 59,2022-08-30,11:00:00,298,168,130,F11MO
40,Molenlei 59,2022-08-30,12:00:00,330,166,164,F11MO
40,Molenlei 59,2022-08-30,13:00:00,412,174,238,F11MO
40,Molenlei 59,2022-08-30,14:00:00,498,208,290,F11MO
40,Molenlei 59,2022-08-30,15:00:00,426,138,288,F11MO
40,Molenlei 59,2022-08-30,16:00:00,808,352,456,F11MO
40,Molenlei 59,2022-08-30,17:00:00,984,380,604,F11MO
40,Molenlei 59,2022-08-30,18:00:00,988,410,578,F11MO
40,Molenlei 59,2022-08-30,19:00:00,470,232,238,F11MO
40,Molenlei 59,2022-08-30,20:00:00,242,136,106,F11MO
40,Molenlei 59,2022-08-30,21:00:00,170,72,98,F11MO
40,Molenlei 59,2022-08-30,22:00:00,100,42,58,F11MO
40,Molenlei 59,2022-08-30,23:00:00,40,16,24,F11MO
40,Molenlei 59,2022-08-31,00:00:00,14,10,4,F11MO
40,Molenlei 59,2022-08-31,01:00:00,20,6,14,F11MO
40,Molenlei 59,2022-08-31,02:00:00,4,2,2,F11MO
40,Molenlei 59,2022-08-31,03:00:00,8,2,6,F11MO
40,Molenlei 59,2022-08-31,04:00:00,16,14,2,F11MO
40,Molenlei 59,2022-08-31,05:00:00,54,30,24,F11MO
40,Molenlei 59,2022-08-31,06:00:00,130,78,52,F11MO
40,Molenlei 59,2022-08-31,07:00:00,306,194,112,F11MO
40,Molenlei 59,2022-08-31,08:00:00,382,244,138,F11MO
40,Molenlei 59,2022-08-31,09:00:00,282,136,146,F11MO
40,Molenlei 59,2022-08-31,10:00:00,348,212,136,F11MO
40,Molenlei 59,2022-08-31,11:00:00,412,202,210,F11MO
40,Molenlei 59,2022-08-31,12:00:00,392,134,258,F11MO
40,Molenlei 59,2022-08-31,13:00:00,498,180,318,F11MO
40,Molenlei 59,2022-08-31,14:00:00,632,244,388,F11MO
40,Molenlei 59,2022-08-31,15:00:00,704,284,420,F11MO
40,Molenlei 59,2022-08-31,16:00:00,680,318,362,F11MO
40,Molenlei 59,2022-08-31,17:00:00,884,300,584,F11MO
40,Molenlei 59,2022-08-31,18:00:00,556,232,324,F11MO
40,Molenlei 59,2022-08-31,19:00:00,406,204,202,F11MO
40,Molenlei 59,2022-08-31,20:00:00,224,142,82,F11MO
40,Molenlei 59,2022-08-31,21:00:00,124,54,70,F11MO
40,Molenlei 59,2022-08-31,22:00:00,82,36,46,F11MO
40,Molenlei 59,2022-08-31,23:00:00,56,10,46,F11MO
40,Molenlei 59,2022-09-01,00:00:00,10,0,10,F11MO
40,Molenlei 59,2022-09-01,01:00:00,16,6,10,F11MO
40,Molenlei 59,2022-09-01,02:00:00,10,0,10,F11MO
40,Molenlei 59,2022-09-01,03:00:00,6,4,2,F11MO
40,Molenlei 59,2022-09-01,04:00:00,14,12,2,F11MO
40,Molenlei 59,2022-09-01,05:00:00,58,34,24,F11MO
40,Molenlei 59,2022-09-01,06:00:00,156,112,44,F11MO
40,Molenlei 59,2022-09-01,07:00:00,478,308,170,F11MO
40,Molenlei 59,2022-09-01,08:00:00,746,470,276,F11MO
40,Molenlei 59,2022-09-01,09:00:00,368,152,216,F11MO
40,Molenlei 59,2022-09-01,10:00:00,296,120,176,F11MO
40,Molenlei 59,2022-09-01,11:00:00,262,154,108,F11MO
40,Molenlei 59,2022-09-01,12:00:00,440,192,248,F11MO
40,Molenlei 59,2022-09-01,13:00:00,358,174,184,F11MO
40,Molenlei 59,2022-09-01,14:00:00,562,236,326,F11MO
40,Molenlei 59,2022-09-01,15:00:00,842,312,530,F11MO
40,Molenlei 59,2022-09-01,16:00:00,1022,316,706,F11MO
40,Molenlei 59,2022-09-01,17:00:00,952,328,624,F11MO
40,Molenlei 59,2022-09-01,18:00:00,648,202,446,F11MO
40,Molenlei 59,2022-09-01,19:00:00,344,180,164,F11MO
40,Molenlei 59,2022-09-01,20:00:00,312,222,90,F11MO
40,Molenlei 59,2022-09-01,21:00:00,140,96,44,F11MO
40,Molenlei 59,2022-09-01,22:00:00,94,28,66,F11MO
40,Molenlei 59,2022-09-01,23:00:00,36,18,18,F11MO
40,Molenlei 59,2022-09-02,00:00:00,26,10,16,F11MO
40,Molenlei 59,2022-09-02,01:00:00,12,4,8,F11MO
40,Molenlei 59,2022-09-02,02:00:00,4,0,4,F11MO
40,Molenlei 59,2022-09-02,03:00:00,8,6,2,F11MO
40,Molenlei 59,2022-09-02,04:00:00,22,18,4,F11MO
40,Molenlei 59,2022-09-02,05:00:00,56,32,24,F11MO
40,Molenlei 59,2022-09-02,06:00:00,136,92,44,F11MO
40,Molenlei 59,2022-09-02,07:00:00,488,258,230,F11MO
40,Molenlei 59,2022-09-02,08:00:00,652,412,240,F11MO
40,Molenlei 59,2022-09-02,09:00:00,210,92,118,F11MO
40,Molenlei 59,2022-09-02,10:00:00,246,106,140,F11MO
40,Molenlei 59,2022-09-02,11:00:00,342,146,196,F11MO
40,Molenlei 59,2022-09-02,12:00:00,332,122,210,F11MO
40,Molenlei 59,2022-09-02,13:00:00,392,146,246,F11MO
40,Molenlei 59,2022-09-02,14:00:00,576,258,318,F11MO
40,Molenlei 59,2022-09-02,15:00:00,850,288,562,F11MO
40,Molenlei 59,2022-09-02,16:00:00,950,390,560,F11MO
40,Molenlei 59,2022-09-02,17:00:00,872,342,530,F11MO
40,Molenlei 59,2022-09-02,18:00:00,516,224,292,F11MO
40,Molenlei 59,2022-09-02,19:00:00,276,130,146,F11MO
40,Molenlei 59,2022-09-02,20:00:00,186,92,94,F11MO
40,Molenlei 59,2022-09-02,21:00:00,134,50,84,F11MO
40,Molenlei 59,2022-09-02,22:00:00,116,34,82,F11MO
40,Molenlei 59,2022-09-02,23:00:00,62,22,40,F11MO
40,Molenlei 59,2022-09-03,00:00:00,66,26,40,F11MO
40,Molenlei 59,2022-09-03,01:00:00,28,4,24,F11MO
40,Molenlei 59,2022-09-03,02:00:00,22,10,12,F11MO
40,Molenlei 59,2022-09-03,03:00:00,16,6,10,F11MO
40,Molenlei 59,2022-09-03,04:00:00,22,14,8,F11MO
40,Molenlei 59,2022-09-03,05:00:00,12,4,8,F11MO
40,Molenlei 59,2022-09-03,06:00:00,22,4,18,F11MO
40,Molenlei 59,2022-09-03,07:00:00,46,12,34,F11MO
40,Molenlei 59,2022-09-03,08:00:00,96,38,58,F11MO
40,Molenlei 59,2022-09-03,09:00:00,186,54,132,F11MO
40,Molenlei 59,2022-09-03,10:00:00,324,166,158,F11MO
40,Molenlei 59,2022-09-03,11:00:00,324,182,142,F11MO
40,Molenlei 59,2022-09-03,12:00:00,398,182,216,F11MO
40,Molenlei 59,2022-09-03,13:00:00,380,192,188,F11MO
40,Molenlei 59,2022-09-03,14:00:00,514,212,302,F11MO
40,Molenlei 59,2022-09-03,15:00:00,382,160,222,F11MO
40,Molenlei 59,2022-09-03,16:00:00,340,154,186,F11MO
40,Molenlei 59,2022-09-03,17:00:00,414,196,218,F11MO
40,Molenlei 59,2022-09-03,18:00:00,228,126,102,F11MO
40,Molenlei 59,2022-09-03,19:00:00,142,52,90,F11MO
40,Molenlei 59,2022-09-03,20:00:00,126,68,58,F11MO
40,Molenlei 59,2022-09-03,21:00:00,44,24,20,F11MO
40,Molenlei 59,2022-09-03,22:00:00,60,22,38,F11MO
40,Molenlei 59,2022-09-03,23:00:00,10,2,8,F11MO
40,Molenlei 59,2022-09-04,00:00:00,40,20,20,F11MO
40,Molenlei 59,2022-09-04,01:00:00,16,4,12,F11MO
40,Molenlei 59,2022-09-04,02:00:00,50,22,28,F11MO
40,Molenlei 59,2022-09-04,03:00:00,10,6,4,F11MO
40,Molenlei 59,2022-09-04,04:00:00,6,2,4,F11MO
40,Molenlei 59,2022-09-04,05:00:00,30,16,14,F11MO
40,Molenlei 59,2022-09-04,06:00:00,28,8,20,F11MO
40,Molenlei 59,2022-09-04,07:00:00,64,8,56,F11MO
40,Molenlei 59,2022-09-04,08:00:00,198,56,142,F11MO
40,Molenlei 59,2022-09-04,09:00:00,418,158,260,F11MO
40,Molenlei 59,2022-09-04,10:00:00,664,288,376,F11MO
40,Molenlei 59,2022-09-04,11:00:00,726,390,336,F11MO
40,Molenlei 59,2022-09-04,12:00:00,648,308,340,F11MO
40,Molenlei 59,2022-09-04,13:00:00,636,292,344,F11MO
40,Molenlei 59,2022-09-04,14:00:00,732,310,422,F11MO
40,Molenlei 59,2022-09-04,15:00:00,606,310,296,F11MO
40,Molenlei 59,2022-09-04,16:00:00,544,256,288,F11MO
40,Molenlei 59,2022-09-04,17:00:00,440,232,208,F11MO
40,Molenlei 59,2022-09-04,18:00:00,392,198,194,F11MO
40,Molenlei 59,2022-09-04,19:00:00,336,158,178,F11MO
40,Molenlei 59,2022-09-04,20:00:00,208,108,100,F11MO
40,Molenlei 59,2022-09-04,21:00:00,70,48,22,F11MO
40,Molenlei 59,2022-09-04,22:00:00,74,22,52,F11MO
40,Molenlei 59,2022-09-04,23:00:00,40,16,24,F11MO
40,Molenlei 59,2022-09-05,00:00:00,16,4,12,F11MO
40,Molenlei 59,2022-09-05,01:00:00,2,0,2,F11MO
40,Molenlei 59,2022-09-05,02:00:00,2,0,2,F11MO
40,Molenlei 59,2022-09-05,03:00:00,4,4,0,F11MO
40,Molenlei 59,2022-09-05,04:00:00,18,10,8,F11MO
40,Molenlei 59,2022-09-05,05:00:00,82,64,18,F11MO
40,Molenlei 59,2022-09-05,06:00:00,150,112,38,F11MO
40,Molenlei 59,2022-09-05,07:00:00,564,324,240,F11MO
40,Molenlei 59,2022-09-05,08:00:00,720,422,298,F11MO
40,Molenlei 59,2022-09-05,09:00:00,262,138,124,F11MO
40,Molenlei 59,2022-09-05,10:00:00,228,96,132,F11MO
40,Molenlei 59,2022-09-05,11:00:00,330,142,188,F11MO
40,Molenlei 59,2022-09-05,12:00:00,326,162,164,F11MO
40,Molenlei 59,2022-09-05,13:00:00,318,148,170,F11MO
40,Molenlei 59,2022-09-05,14:00:00,518,218,300,F11MO
40,Molenlei 59,2022-09-05,15:00:00,784,340,444,F11MO
40,Molenlei 59,2022-09-05,16:00:00,1180,448,732,F11MO
40,Molenlei 59,2022-09-05,17:00:00,1220,380,840,F11MO
40,Molenlei 59,2022-09-05,18:00:00,380,156,224,F11MO
40,Molenlei 59,2022-09-05,19:00:00,204,78,126,F11MO
40,Molenlei 59,2022-09-05,20:00:00,122,54,68,F11MO
40,Molenlei 59,2022-09-05,21:00:00,60,18,42,F11MO
40,Molenlei 59,2022-09-05,22:00:00,62,32,30,F11MO
40,Molenlei 59,2022-09-05,23:00:00,20,6,14,F11MO
40,Molenlei 59,2022-09-06,00:00:00,12,2,10,F11MO
40,Molenlei 59,2022-09-06,01:00:00,0,0,0,F11MO
40,Molenlei 59,2022-09-06,02:00:00,6,4,2,F11MO
40,Molenlei 59,2022-09-06,03:00:00,4,4,0,F11MO
40,Molenlei 59,2022-09-06,04:00:00,26,16,10,F11MO
40,Molenlei 59,2022-09-06,05:00:00,70,50,20,F11MO
40,Molenlei 59,2022-09-06,06:00:00,152,92,60,F11MO
40,Molenlei 59,2022-09-06,07:00:00,578,352,226,F11MO
40,Molenlei 59,2022-09-06,08:00:00,688,454,234,F11MO
40,Molenlei 59,2022-09-06,09:00:00,234,138,96,F11MO
40,Molenlei 59,2022-09-06,10:00:00,302,136,166,F11MO
40,Molenlei 59,2022-09-06,11:00:00,296,134,162,F11MO
40,Molenlei 59,2022-09-06,12:00:00,340,134,206,F11MO
40,Molenlei 59,2022-09-06,13:00:00,360,162,198,F11MO
40,Molenlei 59,2022-09-06,14:00:00,536,224,312,F11MO
40,Molenlei 59,2022-09-06,15:00:00,724,288,436,F11MO
40,Molenlei 59,2022-09-06,16:00:00,1004,336,668,F11MO
40,Molenlei 59,2022-09-06,17:00:00,834,218,616,F11MO
40,Molenlei 59,2022-09-06,18:00:00,520,250,270,F11MO
40,Molenlei 59,2022-09-06,19:00:00,348,124,224,F11MO
40,Molenlei 59,2022-09-06,20:00:00,236,122,114,F11MO
40,Molenlei 59,2022-09-06,21:00:00,92,34,58,F11MO
40,Molenlei 59,2022-09-06,22:00:00,84,30,54,F11MO
40,Molenlei 59,2022-09-06,23:00:00,40,0,40,F11MO
40,Molenlei 59,2022-09-07,00:00:00,8,0,8,F11MO
40,Molenlei 59,2022-09-07,01:00:00,10,0,10,F11MO
40,Molenlei 59,2022-09-07,02:00:00,0,0,0,F11MO
40,Molenlei 59,2022-09-07,03:00:00,2,0,2,F11MO
40,Molenlei 59,2022-09-07,04:00:00,10,8,2,F11MO
40,Molenlei 59,2022-09-07,05:00:00,64,42,22,F11MO
40,Molenlei 59,2022-09-07,06:00:00,150,92,58,F11MO
40,Molenlei 59,2022-09-07,07:00:00,518,292,226,F11MO
40,Molenlei 59,2022-09-07,08:00:00,760,386,374,F11MO
40,Molenlei 59,2022-09-07,09:00:00,274,124,150,F11MO
40,Molenlei 59,2022-09-07,10:00:00,310,138,172,F11MO
40,Molenlei 59,2022-09-07,11:00:00,486,170,316,F11MO
40,Molenlei 59,2022-09-07,12:00:00,706,298,408,F11MO
40,Molenlei 59,2022-09-07,13:00:00,602,240,362,F11MO
40,Molenlei 59,2022-09-07,14:00:00,428,206,222,F11MO
40,Molenlei 59,2022-09-07,15:00:00,528,230,298,F11MO
40,Molenlei 59,2022-09-07,16:00:00,778,304,474,F11MO
40,Molenlei 59,2022-09-07,17:00:00,836,296,540,F11MO
40,Molenlei 59,2022-09-07,18:00:00,558,214,344,F11MO
40,Molenlei 59,2022-09-07,19:00:00,370,188,182,F11MO
40,Molenlei 59,2022-09-07,20:00:00,254,146,108,F11MO
40,Molenlei 59,2022-09-07,21:00:00,106,54,52,F11MO
40,Molenlei 59,2022-09-07,22:00:00,78,14,64,F11MO
40,Molenlei 59,2022-09-07,23:00:00,32,10,22,F11MO
40,Molenlei 59,2022-09-08,00:00:00,30,4,26,F11MO
40,Molenlei 59,2022-09-08,01:00:00,12,4,8,F11MO
40,Molenlei 59,2022-09-08,02:00:00,12,4,8,F11MO
40,Molenlei 59,2022-09-08,03:00:00,2,0,2,F11MO
40,Molenlei 59,2022-09-08,04:00:00,8,6,2,F11MO
40,Molenlei 59,2022-09-08,05:00:00,54,32,22,F11MO
40,Molenlei 59,2022-09-08,06:00:00,92,52,40,F11MO
40,Molenlei 59,2022-09-08,07:00:00,406,222,184,F11MO
40,Molenlei 59,2022-09-08,08:00:00,534,332,202,F11MO
40,Molenlei 59,2022-09-08,09:00:00,200,102,98,F11MO
40,Molenlei 59,2022-09-08,10:00:00,156,74,82,F11MO
40,Molenlei 59,2022-09-08,11:00:00,198,94,104,F11MO
40,Molenlei 59,2022-09-08,12:00:00,206,100,106,F11MO
40,Molenlei 59,2022-09-08,13:00:00,250,94,156,F11MO
40,Molenlei 59,2022-09-08,14:00:00,290,108,182,F11MO
40,Molenlei 59,2022-09-08,15:00:00,398,134,264,F11MO
40,Molenlei 59,2022-09-08,16:00:00,790,230,560,F11MO
40,Molenlei 59,2022-09-08,17:00:00,514,160,354,F11MO
40,Molenlei 59,2022-09-08,18:00:00,294,120,174,F11MO
40,Molenlei 59,2022-09-08,19:00:00,120,48,72,F11MO
40,Molenlei 59,2022-09-08,20:00:00,74,42,32,F11MO
40,Molenlei 59,2022-09-08,21:00:00,56,18,38,F11MO
40,Molenlei 59,2022-09-08,22:00:00,52,12,40,F11MO
40,Molenlei 59,2022-09-08,23:00:00,26,8,18,F11MO
40,Molenlei 59,2022-09-09,00:00:00,14,2,12,F11MO
40,Molenlei 59,2022-09-09,01:00:00,6,6,0,F11MO
40,Molenlei 59,2022-09-09,02:00:00,0,0,0,F11MO
40,Molenlei 59,2022-09-09,03:00:00,2,0,2,F11MO
40,Molenlei 59,2022-09-09,04:00:00,10,8,2,F11MO
40,Molenlei 59,2022-09-09,05:00:00,44,36,8,F11MO
40,Molenlei 59,2022-09-09,06:00:00,116,60,56,F11MO
40,Molenlei 59,2022-09-09,07:00:00,338,186,152,F11MO
40,Molenlei 59,2022-09-09,08:00:00,458,278,180,F11MO
40,Molenlei 59,2022-09-09,09:00:00,156,72,84,F11MO
40,Molenlei 59,2022-09-09,10:00:00,110,62,48,F11MO
40,Molenlei 59,2022-09-09,11:00:00,92,54,38,F11MO
40,Molenlei 59,2022-09-09,12:00:00,160,68,92,F11MO
40,Molenlei 59,2022-09-09,13:00:00,146,54,92,F11MO
40,Molenlei 59,2022-09-09,14:00:00,182,72,110,F11MO
40,Molenlei 59,2022-09-09,15:00:00,404,178,226,F11MO
40,Molenlei 59,2022-09-09,16:00:00,648,226,422,F11MO
40,Molenlei 59,2022-09-09,17:00:00,390,134,256,F11MO
40,Molenlei 59,2022-09-09,18:00:00,202,64,138,F11MO
40,Molenlei 59,2022-09-09,19:00:00,140,60,80,F11MO
40,Molenlei 59,2022-09-09,20:00:00,68,36,32,F11MO
40,Molenlei 59,2022-09-09,21:00:00,66,40,26,F11MO
40,Molenlei 59,2022-09-09,22:00:00,122,84,38,F11MO
40,Molenlei 59,2022-09-09,23:00:00,26,8,18,F11MO
40,Molenlei 59,2022-09-10,00:00:00,54,28,26,F11MO
40,Molenlei 59,2022-09-10,01:00:00,76,4,72,F11MO
40,Molenlei 59,2022-09-10,02:00:00,38,2,36,F11MO
40,Molenlei 59,2022-09-10,03:00:00,20,4,16,F11MO
40,Molenlei 59,2022-09-10,04:00:00,10,6,4,F11MO
40,Molenlei 59,2022-09-10,05:00:00,26,4,22,F11MO
40,Molenlei 59,2022-09-10,06:00:00,26,4,22,F11MO
40,Molenlei 59,2022-09-10,07:00:00,6,2,4,F11MO
40,Molenlei 59,2022-09-10,08:00:00,36,12,24,F11MO
40,Molenlei 59,2022-09-10,09:00:00,42,20,22,F11MO
40,Molenlei 59,2022-09-10,10:00:00,42,22,20,F11MO
40,Molenlei 59,2022-09-10,11:00:00,60,16,44,F11MO
40,Molenlei 59,2022-09-10,12:00:00,62,30,32,F11MO
40,Molenlei 59,2022-09-10,13:00:00,48,26,22,F11MO
40,Molenlei 59,2022-09-10,14:00:00,106,38,68,F11MO
40,Molenlei 59,2022-09-10,15:00:00,116,44,72,F11MO
40,Molenlei 59,2022-09-10,16:00:00,130,54,76,F11MO
40,Molenlei 59,2022-09-10,17:00:00,182,88,94,F11MO
40,Molenlei 59,2022-09-10,18:00:00,182,84,98,F11MO
40,Molenlei 59,2022-09-10,19:00:00,132,48,84,F11MO
40,Molenlei 59,2022-09-10,20:00:00,90,38,52,F11MO
40,Molenlei 59,2022-09-10,21:00:00,84,36,48,F11MO
40,Molenlei 59,2022-09-10,22:00:00,30,12,18,F11MO
40,Molenlei 59,2022-09-10,23:00:00,30,16,14,F11MO
40,Molenlei 59,2022-09-11,00:00:00,14,2,12,F11MO
40,Molenlei 59,2022-09-11,01:00:00,36,6,30,F11MO
40,Molenlei 59,2022-09-11,02:00:00,10,8,2,F11MO
40,Molenlei 59,2022-09-11,03:00:00,24,12,12,F11MO
40,Molenlei 59,2022-09-11,04:00:00,16,12,4,F11MO
40,Molenlei 59,2022-09-11,05:00:00,20,8,12,F11MO
40,Molenlei 59,2022-09-11,06:00:00,34,14,20,F11MO
40,Molenlei 59,2022-09-11,07:00:00,68,26,42,F11MO
40,Molenlei 59,2022-09-11,08:00:00,162,60,102,F11MO
40,Molenlei 59,2022-09-11,09:00:00,270,126,144,F11MO
40,Molenlei 59,2022-09-11,10:00:00,306,124,182,F11MO
40,Molenlei 59,2022-09-11,11:00:00,390,206,184,F11MO
40,Molenlei 59,2022-09-11,12:00:00,438,200,238,F11MO
40,Molenlei 59,2022-09-11,13:00:00,446,210,236,F11MO
40,Molenlei 59,2022-09-11,14:00:00,682,282,400,F11MO
40,Molenlei 59,2022-09-11,15:00:00,498,264,234,F11MO
40,Molenlei 59,2022-09-11,16:00:00,520,280,240,F11MO
40,Molenlei 59,2022-09-11,17:00:00,480,254,226,F11MO
40,Molenlei 59,2022-09-11,18:00:00,348,158,190,F11MO
40,Molenlei 59,2022-09-11,19:00:00,212,98,114,F11MO
40,Molenlei 59,2022-09-11,20:00:00,118,76,42,F11MO
40,Molenlei 59,2022-09-11,21:00:00,62,22,40,F11MO
40,Molenlei 59,2022-09-11,22:00:00,58,14,44,F11MO
40,Molenlei 59,2022-09-11,23:00:00,24,4,20,F11MO
40,Molenlei 59,2022-09-12,00:00:00,12,4,8,F11MO
40,Molenlei 59,2022-09-12,01:00:00,0,0,0,F11MO
40,Molenlei 59,2022-09-12,02:00:00,2,2,0,F11MO
40,Molenlei 59,2022-09-12,03:00:00,4,4,0,F11MO
40,Molenlei 59,2022-09-12,04:00:00,8,8,0,F11MO
40,Molenlei 59,2022-09-12,05:00:00,52,26,26,F11MO
40,Molenlei 59,2022-09-12,06:00:00,148,96,52,F11MO
40,Molenlei 59,2022-09-12,07:00:00,574,334,240,F11MO
40,Molenlei 59,2022-09-12,08:00:00,628,382,246,F11MO
40,Molenlei 59,2022-09-12,09:00:00,220,96,124,F11MO
40,Molenlei 59,2022-09-12,10:00:00,260,112,148,F11MO
40,Molenlei 59,2022-09-12,11:00:00,206,110,96,F11MO
40,Molenlei 59,2022-09-12,12:00:00,374,194,180,F11MO
40,Molenlei 59,2022-09-12,13:00:00,364,140,224,F11MO
40,Molenlei 59,2022-09-12,14:00:00,452,188,264,F11MO
40,Molenlei 59,2022-09-12,15:00:00,804,346,458,F11MO
40,Molenlei 59,2022-09-12,16:00:00,1066,428,638,F11MO
40,Molenlei 59,2022-09-12,17:00:00,984,354,630,F11MO
40,Molenlei 59,2022-09-12,18:00:00,556,196,360,F11MO
40,Molenlei 59,2022-09-12,19:00:00,382,206,176,F11MO
40,Molenlei 59,2022-09-12,20:00:00,202,114,88,F11MO
40,Molenlei 59,2022-09-12,21:00:00,88,30,58,F11MO
40,Molenlei 59,2022-09-12,22:00:00,98,30,68,F11MO
40,Molenlei 59,2022-09-12,23:00:00,28,6,22,F11MO
40,Molenlei 59,2022-09-13,00:00:00,8,6,2,F11MO
40,Molenlei 59,2022-09-13,01:00:00,4,0,4,F11MO
40,Molenlei 59,2022-09-13,02:00:00,4,4,0,F11MO
40,Molenlei 59,2022-09-13,03:00:00,12,6,6,F11MO
40,Molenlei 59,2022-09-13,04:00:00,12,12,0,F11MO
40,Molenlei 59,2022-09-13,05:00:00,80,48,32,F11MO
40,Molenlei 59,2022-09-13,06:00:00,150,98,52,F11MO
40,Molenlei 59,2022-09-13,07:00:00,548,302,246,F11MO
40,Molenlei 59,2022-09-13,08:00:00,594,366,228,F11MO
40,Molenlei 59,2022-09-13,09:00:00,186,102,84,F11MO
40,Molenlei 59,2022-09-13,10:00:00,136,60,76,F11MO
40,Molenlei 59,2022-09-13,11:00:00,224,100,124,F11MO
40,Molenlei 59,2022-09-13,12:00:00,230,122,108,F11MO
40,Molenlei 59,2022-09-13,13:00:00,312,114,198,F11MO
40,Molenlei 59,2022-09-13,14:00:00,310,148,162,F11MO
40,Molenlei 59,2022-09-13,15:00:00,556,260,296,F11MO
40,Molenlei 59,2022-09-13,16:00:00,672,220,452,F11MO
40,Molenlei 59,2022-09-13,17:00:00,608,188,420,F11MO
40,Molenlei 59,2022-09-13,18:00:00,300,86,214,F11MO
40,Molenlei 59,2022-09-13,19:00:00,106,38,68,F11MO
40,Molenlei 59,2022-09-13,20:00:00,82,40,42,F11MO
40,Molenlei 59,2022-09-13,21:00:00,54,16,38,F11MO
40,Molenlei 59,2022-09-13,22:00:00,58,8,50,F11MO
40,Molenlei 59,2022-09-13,23:00:00,22,6,16,F11MO
40,Molenlei 59,2022-09-14,00:00:00,0,0,0,F11MO
40,Molenlei 59,2022-09-14,01:00:00,14,6,8,F11MO
40,Molenlei 59,2022-09-14,02:00:00,0,0,0,F11MO
40,Molenlei 59,2022-09-14,03:00:00,0,0,0,F11MO
40,Molenlei 59,2022-09-14,04:00:00,4,4,0,F11MO
40,Molenlei 59,2022-09-14,05:00:00,26,8,18,F11MO
40,Molenlei 59,2022-09-14,06:00:00,96,54,42,F11MO
40,Molenlei 59,2022-09-14,07:00:00,280,146,134,F11MO
40,Molenlei 59,2022-09-14,08:00:00,292,164,128,F11MO
40,Molenlei 59,2022-09-14,09:00:00,102,58,44,F11MO
40,Molenlei 59,2022-09-14,10:00:00,56,24,32,F11MO
40,Molenlei 59,2022-09-14,11:00:00,70,38,32,F11MO
40,Molenlei 59,2022-09-14,12:00:00,180,82,98,F11MO
40,Molenlei 59,2022-09-14,13:00:00,128,56,72,F11MO
40,Molenlei 59,2022-09-14,14:00:00,94,40,54,F11MO
40,Molenlei 59,2022-09-14,15:00:00,96,28,68,F11MO
40,Molenlei 59,2022-09-14,16:00:00,154,54,100,F11MO
40,Molenlei 59,2022-09-14,17:00:00,228,84,144,F11MO
40,Molenlei 59,2022-09-14,18:00:00,166,46,120,F11MO
40,Molenlei 59,2022-09-14,19:00:00,64,30,34,F11MO
40,Molenlei 59,2022-09-14,20:00:00,66,38,28,F11MO
40,Molenlei 59,2022-09-14,21:00:00,44,24,20,F11MO
40,Molenlei 59,2022-09-14,22:00:00,48,12,36,F11MO
40,Molenlei 59,2022-09-14,23:00:00,20,12,8,F11MO
40,Molenlei 59,2022-09-15,00:00:00,10,0,10,F11MO
40,Molenlei 59,2022-09-15,01:00:00,4,2,2,F11MO
40,Molenlei 59,2022-09-15,02:00:00,2,2,0,F11MO
40,Molenlei 59,2022-09-15,03:00:00,2,2,0,F11MO
40,Molenlei 59,2022-09-15,04:00:00,6,4,2,F11MO
40,Molenlei 59,2022-09-15,05:00:00,46,28,18,F11MO
40,Molenlei 59,2022-09-15,06:00:00,98,64,34,F11MO
40,Molenlei 59,2022-09-15,07:00:00,412,248,164,F11MO
40,Molenlei 59,2022-09-15,08:00:00,508,328,180,F11MO
40,Molenlei 59,2022-09-15,09:00:00,194,84,110,F11MO
40,Molenlei 59,2022-09-15,10:00:00,156,70,86,F11MO
40,Molenlei 59,2022-09-15,11:00:00,158,92,66,F11MO
40,Molenlei 59,2022-09-15,12:00:00,186,96,90,F11MO
40,Molenlei 59,2022-09-15,13:00:00,108,24,84,F11MO
40,Molenlei 59,2022-09-15,14:00:00,190,78,112,F11MO
40,Molenlei 59,2022-09-15,15:00:00,410,168,242,F11MO
40,Molenlei 59,2022-09-15,16:00:00,554,190,364,F11MO
40,Molenlei 59,2022-09-15,17:00:00,478,140,338,F11MO
40,Molenlei 59,2022-09-15,18:00:00,320,108,212,F11MO
40,Molenlei 59,2022-09-15,19:00:00,208,106,102,F11MO
40,Molenlei 59,2022-09-15,20:00:00,184,124,60,F11MO
40,Molenlei 59,2022-09-15,21:00:00,92,44,48,F11MO
40,Molenlei 59,2022-09-15,22:00:00,82,20,62,F11MO
40,Molenlei 59,2022-09-15,23:00:00,30,4,26,F11MO
40,Molenlei 59,2022-09-16,00:00:00,16,2,14,F11MO
40,Molenlei 59,2022-09-16,01:00:00,8,2,6,F11MO
40,Molenlei 59,2022-09-16,02:00:00,0,0,0,F11MO
40,Molenlei 59,2022-09-16,03:00:00,2,2,0,F11MO
40,Molenlei 59,2022-09-16,04:00:00,2,2,0,F11MO
40,Molenlei 59,2022-09-16,05:00:00,44,32,12,F11MO
40,Molenlei 59,2022-09-16,06:00:00,92,58,34,F11MO
40,Molenlei 59,2022-09-16,07:00:00,268,168,100,F11MO
40,Molenlei 59,2022-09-16,08:00:00,330,170,160,F11MO
40,Molenlei 59,2022-09-16,09:00:00,100,56,44,F11MO
40,Molenlei 59,2022-09-16,10:00:00,110,36,74,F11MO
40,Molenlei 59,2022-09-16,11:00:00,64,44,20,F11MO
40,Molenlei 59,2022-09-16,12:00:00,102,44,58,F11MO
40,Molenlei 59,2022-09-16,13:00:00,90,32,58,F11MO
40,Molenlei 59,2022-09-16,14:00:00,106,44,62,F11MO
40,Molenlei 59,2022-09-16,15:00:00,280,76,204,F11MO
40,Molenlei 59,2022-09-16,16:00:00,366,114,252,F11MO
40,Molenlei 59,2022-09-16,17:00:00,210,56,154,F11MO
40,Molenlei 59,2022-09-16,18:00:00,154,66,88,F11MO
40,Molenlei 59,2022-09-16,19:00:00,76,34,42,F11MO
40,Molenlei 59,2022-09-16,20:00:00,44,32,12,F11MO
40,Molenlei 59,2022-09-16,21:00:00,36,10,26,F11MO
40,Molenlei 59,2022-09-16,22:00:00,38,14,24,F11MO
40,Molenlei 59,2022-09-16,23:00:00,22,4,18,F11MO
40,Molenlei 59,2022-09-17,00:00:00,18,14,4,F11MO
40,Molenlei 59,2022-09-17,01:00:00,36,18,18,F11MO
40,Molenlei 59,2022-09-17,02:00:00,2,0,2,F11MO
40,Molenlei 59,2022-09-17,03:00:00,4,2,2,F11MO
40,Molenlei 59,2022-09-17,04:00:00,6,2,4,F11MO
40,Molenlei 59,2022-09-17,05:00:00,20,18,2,F11MO
40,Molenlei 59,2022-09-17,06:00:00,28,6,22,F11MO
40,Molenlei 59,2022-09-17,07:00:00,20,8,12,F11MO
40,Molenlei 59,2022-09-17,08:00:00,62,26,36,F11MO
40,Molenlei 59,2022-09-17,09:00:00,80,32,48,F11MO
40,Molenlei 59,2022-09-17,10:00:00,124,62,62,F11MO
40,Molenlei 59,2022-09-17,11:00:00,82,46,36,F11MO
40,Molenlei 59,2022-09-17,12:00:00,94,30,64,F11MO
40,Molenlei 59,2022-09-17,13:00:00,120,60,60,F11MO
40,Molenlei 59,2022-09-17,14:00:00,166,56,110,F11MO
40,Molenlei 59,2022-09-17,15:00:00,130,42,88,F11MO
40,Molenlei 59,2022-09-17,16:00:00,76,36,40,F11MO
40,Molenlei 59,2022-09-17,17:00:00,112,56,56,F11MO
40,Molenlei 59,2022-09-17,18:00:00,82,52,30,F11MO
40,Molenlei 59,2022-09-17,19:00:00,64,28,36,F11MO
40,Molenlei 59,2022-09-17,20:00:00,44,22,22,F11MO
40,Molenlei 59,2022-09-17,21:00:00,18,0,18,F11MO
40,Molenlei 59,2022-09-17,22:00:00,14,2,12,F11MO
40,Molenlei 59,2022-09-17,23:00:00,18,8,10,F11MO
40,Molenlei 59,2022-09-18,00:00:00,10,4,6,F11MO
40,Molenlei 59,2022-09-18,01:00:00,8,2,6,F11MO
40,Molenlei 59,2022-09-18,02:00:00,0,0,0,F11MO
40,Molenlei 59,2022-09-18,03:00:00,14,4,10,F11MO
40,Molenlei 59,2022-09-18,04:00:00,0,0,0,F11MO
40,Molenlei 59,2022-09-18,05:00:00,18,12,6,F11MO
40,Molenlei 59,2022-09-18,06:00:00,18,6,12,F11MO
40,Molenlei 59,2022-09-18,07:00:00,24,10,14,F11MO
40,Molenlei 59,2022-09-18,08:00:00,58,34,24,F11MO
40,Molenlei 59,2022-09-18,09:00:00,162,70,92,F11MO
40,Molenlei 59,2022-09-18,10:00:00,138,62,76,F11MO
40,Molenlei 59,2022-09-18,11:00:00,168,72,96,F11MO
40,Molenlei 59,2022-09-18,12:00:00,206,90,116,F11MO
40,Molenlei 59,2022-09-18,13:00:00,144,88,56,F11MO
40,Molenlei 59,2022-09-18,14:00:00,172,72,100,F11MO
40,Molenlei 59,2022-09-18,15:00:00,88,44,44,F11MO
40,Molenlei 59,2022-09-18,16:00:00,102,42,60,F11MO
40,Molenlei 59,2022-09-18,17:00:00,64,30,34,F11MO
40,Molenlei 59,2022-09-18,18:00:00,60,30,30,F11MO
40,Molenlei 59,2022-09-18,19:00:00,32,12,20,F11MO
40,Molenlei 59,2022-09-18,20:00:00,34,26,8,F11MO
40,Molenlei 59,2022-09-18,21:00:00,22,8,14,F11MO
40,Molenlei 59,2022-09-18,22:00:00,26,12,14,F11MO
40,Molenlei 59,2022-09-18,23:00:00,10,8,2,F11MO
40,Molenlei 59,2022-09-19,00:00:00,2,0,2,F11MO
40,Molenlei 59,2022-09-19,01:00:00,2,2,0,F11MO
40,Molenlei 59,2022-09-19,02:00:00,8,6,2,F11MO
40,Molenlei 59,2022-09-19,03:00:00,4,4,0,F11MO
40,Molenlei 59,2022-09-19,04:00:00,6,6,0,F11MO
40,Molenlei 59,2022-09-19,05:00:00,48,40,8,F11MO
40,Molenlei 59,2022-09-19,06:00:00,110,76,34,F11MO
40,Molenlei 59,2022-09-19,07:00:00,444,280,164,F11MO
40,Molenlei 59,2022-09-19,08:00:00,500,308,192,F11MO
40,Molenlei 59,2022-09-19,09:00:00,158,98,60,F11MO
40,Molenlei 59,2022-09-19,10:00:00,136,68,68,F11MO
40,Molenlei 59,2022-09-19,11:00:00,140,64,76,F11MO
40,Molenlei 59,2022-09-19,12:00:00,214,130,84,F11MO
40,Molenlei 59,2022-09-19,13:00:00,186,90,96,F11MO
40,Molenlei 59,2022-09-19,14:00:00,280,92,188,F11MO
40,Molenlei 59,2022-09-19,15:00:00,440,176,264,F11MO
40,Molenlei 59,2022-09-19,16:00:00,660,238,422,F11MO
40,Molenlei 59,2022-09-19,17:00:00,564,166,398,F11MO
40,Molenlei 59,2022-09-19,18:00:00,278,102,176,F11MO
40,Molenlei 59,2022-09-19,19:00:00,170,84,86,F11MO
40,Molenlei 59,2022-09-19,20:00:00,70,32,38,F11MO
40,Molenlei 59,2022-09-19,21:00:00,44,14,30,F11MO
40,Molenlei 59,2022-09-19,22:00:00,68,14,54,F11MO
40,Molenlei 59,2022-09-19,23:00:00,16,2,14,F11MO
40,Molenlei 59,2022-09-20,00:00:00,4,2,2,F11MO
40,Molenlei 59,2022-09-20,01:00:00,4,2,2,F11MO
40,Molenlei 59,2022-09-20,02:00:00,0,0,0,F11MO
40,Molenlei 59,2022-09-20,03:00:00,6,2,4,F11MO
40,Molenlei 59,2022-09-20,04:00:00,8,8,0,F11MO
40,Molenlei 59,2022-09-20,05:00:00,58,44,14,F11MO
40,Molenlei 59,2022-09-20,06:00:00,120,96,24,F11MO
40,Molenlei 59,2022-09-20,07:00:00,456,308,148,F11MO
40,Molenlei 59,2022-09-20,08:00:00,534,364,170,F11MO
40,Molenlei 59,2022-09-20,09:00:00,124,84,40,F11MO
40,Molenlei 59,2022-09-20,10:00:00,120,64,56,F11MO
40,Molenlei 59,2022-09-20,11:00:00,134,66,68,F11MO
40,Molenlei 59,2022-09-20,12:00:00,154,84,70,F11MO
40,Molenlei 59,2022-09-20,13:00:00,212,94,118,F11MO
40,Molenlei 59,2022-09-20,14:00:00,262,82,180,F11MO
40,Molenlei 59,2022-09-20,15:00:00,350,102,248,F11MO
40,Molenlei 59,2022-09-20,16:00:00,622,196,426,F11MO
40,Molenlei 59,2022-09-20,17:00:00,560,156,404,F11MO
40,Molenlei 59,2022-09-20,18:00:00,322,114,208,F11MO
40,Molenlei 59,2022-09-20,19:00:00,180,98,82,F11MO
40,Molenlei 59,2022-09-20,20:00:00,100,60,40,F11MO
40,Molenlei 59,2022-09-20,21:00:00,54,22,32,F11MO
40,Molenlei 59,2022-09-20,22:00:00,62,14,48,F11MO
40,Molenlei 59,2022-09-20,23:00:00,20,12,8,F11MO
40,Molenlei 59,2022-09-21,00:00:00,14,6,8,F11MO
40,Molenlei 59,2022-09-21,01:00:00,8,4,4,F11MO
40,Molenlei 59,2022-09-21,02:00:00,0,0,0,F11MO
40,Molenlei 59,2022-09-21,03:00:00,2,2,0,F11MO
40,Molenlei 59,2022-09-21,04:00:00,6,6,0,F11MO
40,Molenlei 59,2022-09-21,05:00:00,42,28,14,F11MO
40,Molenlei 59,2022-09-21,06:00:00,128,82,46,F11MO
40,Molenlei 59,2022-09-21,07:00:00,430,274,156,F11MO
40,Molenlei 59,2022-09-21,08:00:00,490,310,180,F11MO
40,Molenlei 59,2022-09-21,09:00:00,210,114,96,F11MO
40,Molenlei 59,2022-09-21,10:00:00,186,100,86,F11MO
40,Molenlei 59,2022-09-21,11:00:00,380,146,234,F11MO
40,Molenlei 59,2022-09-21,12:00:00,540,184,356,F11MO
40,Molenlei 59,2022-09-21,13:00:00,476,208,268,F11MO
40,Molenlei 59,2022-09-21,14:00:00,442,194,248,F11MO
40,Molenlei 59,2022-09-21,15:00:00,458,186,272,F11MO
40,Molenlei 59,2022-09-21,16:00:00,546,192,354,F11MO
40,Molenlei 59,2022-09-21,17:00:00,616,188,428,F11MO
40,Molenlei 59,2022-09-21,18:00:00,468,160,308,F11MO
40,Molenlei 59,2022-09-21,19:00:00,248,110,138,F11MO
40,Molenlei 59,2022-09-21,20:00:00,110,66,44,F11MO
40,Molenlei 59,2022-09-21,21:00:00,56,40,16,F11MO
40,Molenlei 59,2022-09-21,22:00:00,60,12,48,F11MO
40,Molenlei 59,2022-09-21,23:00:00,16,8,8,F11MO
40,Molenlei 59,2022-09-22,00:00:00,12,0,12,F11MO
40,Molenlei 59,2022-09-22,01:00:00,6,4,2,F11MO
40,Molenlei 59,2022-09-22,02:00:00,8,2,6,F11MO
40,Molenlei 59,2022-09-22,03:00:00,6,4,2,F11MO
40,Molenlei 59,2022-09-22,04:00:00,12,12,0,F11MO
40,Molenlei 59,2022-09-22,05:00:00,56,44,12,F11MO
40,Molenlei 59,2022-09-22,06:00:00,146,100,46,F11MO
40,Molenlei 59,2022-09-22,07:00:00,468,294,174,F11MO
40,Molenlei 59,2022-09-22,08:00:00,580,390,190,F11MO
40,Molenlei 59,2022-09-22,09:00:00,206,104,102,F11MO
40,Molenlei 59,2022-09-22,10:00:00,124,58,66,F11MO
40,Molenlei 59,2022-09-22,11:00:00,188,74,114,F11MO
40,Molenlei 59,2022-09-22,12:00:00,276,102,174,F11MO
40,Molenlei 59,2022-09-22,13:00:00,366,158,208,F11MO
40,Molenlei 59,2022-09-22,14:00:00,426,182,244,F11MO
40,Molenlei 59,2022-09-22,15:00:00,600,204,396,F11MO
40,Molenlei 59,2022-09-22,16:00:00,882,338,544,F11MO
40,Molenlei 59,2022-09-22,17:00:00,790,258,532,F11MO
40,Molenlei 59,2022-09-22,18:00:00,448,128,320,F11MO
40,Molenlei 59,2022-09-22,19:00:00,182,122,60,F11MO
40,Molenlei 59,2022-09-22,20:00:00,124,62,62,F11MO
40,Molenlei 59,2022-09-22,21:00:00,36,12,24,F11MO
40,Molenlei 59,2022-09-22,22:00:00,58,18,40,F11MO
40,Molenlei 59,2022-09-22,23:00:00,42,20,22,F11MO
40,Molenlei 59,2022-09-23,00:00:00,10,4,6,F11MO
40,Molenlei 59,2022-09-23,01:00:00,4,0,4,F11MO
40,Molenlei 59,2022-09-23,02:00:00,4,2,2,F11MO
40,Molenlei 59,2022-09-23,03:00:00,2,2,0,F11MO
40,Molenlei 59,2022-09-23,04:00:00,12,8,4,F11MO
40,Molenlei 59,2022-09-23,05:00:00,50,36,14,F11MO
40,Molenlei 59,2022-09-23,06:00:00,98,60,38,F11MO
40,Molenlei 59,2022-09-23,07:00:00,348,232,116,F11MO
40,Molenlei 59,2022-09-23,08:00:00,514,312,202,F11MO
40,Molenlei 59,2022-09-23,09:00:00,220,108,112,F11MO
40,Molenlei 59,2022-09-23,10:00:00,164,78,86,F11MO
40,Molenlei 59,2022-09-23,11:00:00,172,100,72,F11MO
40,Molenlei 59,2022-09-23,12:00:00,284,138,146,F11MO
40,Molenlei 59,2022-09-23,13:00:00,228,88,140,F11MO
40,Molenlei 59,2022-09-23,14:00:00,324,142,182,F11MO
40,Molenlei 59,2022-09-23,15:00:00,540,170,370,F11MO
40,Molenlei 59,2022-09-23,16:00:00,626,196,430,F11MO
40,Molenlei 59,2022-09-23,17:00:00,344,122,222,F11MO
40,Molenlei 59,2022-09-23,18:00:00,234,104,130,F11MO
40,Molenlei 59,2022-09-23,19:00:00,122,46,76,F11MO
40,Molenlei 59,2022-09-23,20:00:00,66,30,36,F11MO
40,Molenlei 59,2022-09-23,21:00:00,40,14,26,F11MO
40,Molenlei 59,2022-09-23,22:00:00,78,14,64,F11MO
40,Molenlei 59,2022-09-23,23:00:00,74,16,58,F11MO
40,Molenlei 59,2022-09-24,00:00:00,174,56,118,F11MO
40,Molenlei 59,2022-09-24,01:00:00,118,66,52,F11MO
40,Molenlei 59,2022-09-24,02:00:00,88,62,26,F11MO
40,Molenlei 59,2022-09-24,03:00:00,52,46,6,F11MO
40,Molenlei 59,2022-09-24,04:00:00,60,56,4,F11MO
40,Molenlei 59,2022-09-24,05:00:00,14,8,6,F11MO
40,Molenlei 59,2022-09-24,06:00:00,16,6,10,F11MO
40,Molenlei 59,2022-09-24,07:00:00,18,6,12,F11MO
40,Molenlei 59,2022-09-24,08:00:00,68,30,38,F11MO
40,Molenlei 59,2022-09-24,09:00:00,104,50,54,F11MO
40,Molenlei 59,2022-09-24,10:00:00,72,28,44,F11MO
40,Molenlei 59,2022-09-24,11:00:00,72,44,28,F11MO
40,Molenlei 59,2022-09-24,12:00:00,66,34,32,F11MO
40,Molenlei 59,2022-09-24,13:00:00,90,36,54,F11MO
40,Molenlei 59,2022-09-24,14:00:00,78,34,44,F11MO
40,Molenlei 59,2022-09-24,15:00:00,72,30,42,F11MO
40,Molenlei 59,2022-09-24,16:00:00,102,44,58,F11MO
40,Molenlei 59,2022-09-24,17:00:00,106,60,46,F11MO
40,Molenlei 59,2022-09-24,18:00:00,86,36,50,F11MO
40,Molenlei 59,2022-09-24,19:00:00,60,34,26,F11MO
40,Molenlei 59,2022-09-24,20:00:00,32,16,16,F11MO
40,Molenlei 59,2022-09-24,21:00:00,28,14,14,F11MO
40,Molenlei 59,2022-09-24,22:00:00,22,6,16,F11MO
40,Molenlei 59,2022-09-24,23:00:00,22,8,14,F11MO
40,Molenlei 59,2022-09-25,00:00:00,16,6,10,F11MO
40,Molenlei 59,2022-09-25,01:00:00,2,0,2,F11MO
40,Molenlei 59,2022-09-25,02:00:00,12,8,4,F11MO
40,Molenlei 59,2022-09-25,03:00:00,8,6,2,F11MO
40,Molenlei 59,2022-09-25,04:00:00,6,2,4,F11MO
40,Molenlei 59,2022-09-25,05:00:00,20,16,4,F11MO
40,Molenlei 59,2022-09-25,06:00:00,72,50,22,F11MO
40,Molenlei 59,2022-09-25,07:00:00,18,8,10,F11MO
40,Molenlei 59,2022-09-25,08:00:00,88,44,44,F11MO
40,Molenlei 59,2022-09-25,09:00:00,238,82,156,F11MO
40,Molenlei 59,2022-09-25,10:00:00,354,156,198,F11MO
40,Molenlei 59,2022-09-25,11:00:00,480,244,236,F11MO
40,Molenlei 59,2022-09-25,12:00:00,430,204,226,F11MO
40,Molenlei 59,2022-09-25,13:00:00,398,194,204,F11MO
40,Molenlei 59,2022-09-25,14:00:00,446,216,230,F11MO
40,Molenlei 59,2022-09-25,15:00:00,410,200,210,F11MO
40,Molenlei 59,2022-09-25,16:00:00,286,126,160,F11MO
40,Molenlei 59,2022-09-25,17:00:00,254,154,100,F11MO
40,Molenlei 59,2022-09-25,18:00:00,260,138,122,F11MO
40,Molenlei 59,2022-09-25,19:00:00,114,56,58,F11MO
40,Molenlei 59,2022-09-25,20:00:00,82,36,46,F11MO
40,Molenlei 59,2022-09-25,21:00:00,24,12,12,F11MO
40,Molenlei 59,2022-09-25,22:00:00,26,4,22,F11MO
40,Molenlei 59,2022-09-25,23:00:00,18,8,10,F11MO
40,Molenlei 59,2022-09-26,00:00:00,8,2,6,F11MO
40,Molenlei 59,2022-09-26,01:00:00,6,4,2,F11MO
40,Molenlei 59,2022-09-26,02:00:00,2,0,2,F11MO
40,Molenlei 59,2022-09-26,03:00:00,4,2,2,F11MO
40,Molenlei 59,2022-09-26,04:00:00,8,4,4,F11MO
40,Molenlei 59,2022-09-26,05:00:00,44,28,16,F11MO
40,Molenlei 59,2022-09-26,06:00:00,72,50,22,F11MO
40,Molenlei 59,2022-09-26,07:00:00,348,222,126,F11MO
40,Molenlei 59,2022-09-26,08:00:00,470,276,194,F11MO
40,Molenlei 59,2022-09-26,09:00:00,126,82,44,F11MO
40,Molenlei 59,2022-09-26,10:00:00,64,38,26,F11MO
40,Molenlei 59,2022-09-26,11:00:00,76,40,36,F11MO
40,Molenlei 59,2022-09-26,12:00:00,90,44,46,F11MO
40,Molenlei 59,2022-09-26,13:00:00,72,30,42,F11MO
40,Molenlei 59,2022-09-26,14:00:00,112,52,60,F11MO
40,Molenlei 59,2022-09-26,15:00:00,188,64,124,F11MO
40,Molenlei 59,2022-09-26,16:00:00,312,126,186,F11MO
40,Molenlei 59,2022-09-26,17:00:00,288,96,192,F11MO
40,Molenlei 59,2022-09-26,18:00:00,134,40,94,F11MO
40,Molenlei 59,2022-09-26,19:00:00,50,24,26,F11MO
40,Molenlei 59,2022-09-26,20:00:00,32,18,14,F11MO
40,Molenlei 59,2022-09-26,21:00:00,38,20,18,F11MO
40,Molenlei 59,2022-09-26,22:00:00,12,0,12,F11MO
40,Molenlei 59,2022-09-26,23:00:00,12,6,6,F11MO
40,Molenlei 59,2022-09-27,00:00:00,2,0,2,F11MO
40,Molenlei 59,2022-09-27,01:00:00,2,0,2,F11MO
40,Molenlei 59,2022-09-27,02:00:00,6,2,4,F11MO
40,Molenlei 59,2022-09-27,03:00:00,2,2,0,F11MO
40,Molenlei 59,2022-09-27,04:00:00,0,0,0,F11MO
40,Molenlei 59,2022-09-27,05:00:00,42,30,12,F11MO
40,Molenlei 59,2022-09-27,06:00:00,70,42,28,F11MO
40,Molenlei 59,2022-09-27,07:00:00,256,168,88,F11MO
40,Molenlei 59,2022-09-27,08:00:00,346,214,132,F11MO
40,Molenlei 59,2022-09-27,09:00:00,92,58,34,F11MO
40,Molenlei 59,2022-09-27,10:00:00,56,24,32,F11MO
40,Molenlei 59,2022-09-27,11:00:00,50,22,28,F11MO
40,Molenlei 59,2022-09-27,12:00:00,104,46,58,F11MO
40,Molenlei 59,2022-09-27,13:00:00,104,60,44,F11MO
40,Molenlei 59,2022-09-27,14:00:00,102,52,50,F11MO
40,Molenlei 59,2022-09-27,15:00:00,210,78,132,F11MO
40,Molenlei 59,2022-09-27,16:00:00,282,100,182,F11MO
40,Molenlei 59,2022-09-27,17:00:00,198,64,134,F11MO
40,Molenlei 59,2022-09-27,18:00:00,142,26,116,F11MO
40,Molenlei 59,2022-09-27,19:00:00,70,34,36,F11MO
40,Molenlei 59,2022-09-27,20:00:00,50,30,20,F11MO
40,Molenlei 59,2022-09-27,21:00:00,26,14,12,F11MO
40,Molenlei 59,2022-09-27,22:00:00,46,4,42,F11MO
40,Molenlei 59,2022-09-27,23:00:00,10,6,4,F11MO
40,Molenlei 59,2022-09-28,00:00:00,10,2,8,F11MO
40,Molenlei 59,2022-09-28,01:00:00,0,0,0,F11MO
40,Molenlei 59,2022-09-28,02:00:00,0,0,0,F11MO
40,Molenlei 59,2022-09-28,03:00:00,2,2,0,F11MO
40,Molenlei 59,2022-09-28,04:00:00,4,2,2,F11MO
40,Molenlei 59,2022-09-28,05:00:00,28,22,6,F11MO
40,Molenlei 59,2022-09-28,06:00:00,100,60,40,F11MO
40,Molenlei 59,2022-09-28,07:00:00,282,186,96,F11MO
40,Molenlei 59,2022-09-28,08:00:00,432,260,172,F11MO
40,Molenlei 59,2022-09-28,09:00:00,146,74,72,F11MO
40,Molenlei 59,2022-09-28,10:00:00,176,96,80,F11MO
40,Molenlei 59,2022-09-28,11:00:00,168,78,90,F11MO
40,Molenlei 59,2022-09-28,12:00:00,356,140,216,F11MO
40,Molenlei 59,2022-09-28,13:00:00,190,106,84,F11MO
40,Molenlei 59,2022-09-28,14:00:00,136,60,76,F11MO
40,Molenlei 59,2022-09-28,15:00:00,166,38,128,F11MO
40,Molenlei 59,2022-09-28,16:00:00,302,104,198,F11MO
40,Molenlei 59,2022-09-28,17:00:00,332,124,208,F11MO
40,Molenlei 59,2022-09-28,18:00:00,230,94,136,F11MO
40,Molenlei 59,2022-09-28,19:00:00,130,66,64,F11MO
40,Molenlei 59,2022-09-28,20:00:00,70,40,30,F11MO
40,Molenlei 59,2022-09-28,21:00:00,70,40,30,F11MO
40,Molenlei 59,2022-09-28,22:00:00,50,12,38,F11MO
40,Molenlei 59,2022-09-28,23:00:00,18,6,12,F11MO
40,Molenlei 59,2022-09-29,00:00:00,8,0,8,F11MO
40,Molenlei 59,2022-09-29,01:00:00,8,2,6,F11MO
40,Molenlei 59,2022-09-29,02:00:00,0,0,0,F11MO
40,Molenlei 59,2022-09-29,03:00:00,2,2,0,F11MO
40,Molenlei 59,2022-09-29,04:00:00,8,6,2,F11MO
40,Molenlei 59,2022-09-29,05:00:00,52,38,14,F11MO
40,Molenlei 59,2022-09-29,06:00:00,110,76,34,F11MO
40,Molenlei 59,2022-09-29,07:00:00,378,254,124,F11MO
40,Molenlei 59,2022-09-29,08:00:00,520,354,166,F11MO
40,Molenlei 59,2022-09-29,09:00:00,196,68,128,F11MO
40,Molenlei 59,2022-09-29,10:00:00,160,84,76,F11MO
40,Molenlei 59,2022-09-29,11:00:00,144,60,84,F11MO
40,Molenlei 59,2022-09-29,12:00:00,272,124,148,F11MO
40,Molenlei 59,2022-09-29,13:00:00,540,106,434,F11MO
40,Molenlei 59,2022-09-29,14:00:00,294,142,152,F11MO
40,Molenlei 59,2022-09-29,15:00:00,698,374,324,F11MO
40,Molenlei 59,2022-09-29,16:00:00,626,228,398,F11MO
40,Molenlei 59,2022-09-29,17:00:00,556,192,364,F11MO
40,Molenlei 59,2022-09-29,18:00:00,246,92,154,F11MO
40,Molenlei 59,2022-09-29,19:00:00,124,48,76,F11MO
40,Molenlei 59,2022-09-29,20:00:00,94,50,44,F11MO
40,Molenlei 59,2022-09-29,21:00:00,52,32,20,F11MO
40,Molenlei 59,2022-09-29,22:00:00,54,12,42,F11MO
40,Molenlei 59,2022-09-29,23:00:00,20,4,16,F11MO
40,Molenlei 59,2022-09-30,00:00:00,16,4,12,F11MO
40,Molenlei 59,2022-09-30,01:00:00,2,2,0,F11MO
40,Molenlei 59,2022-09-30,02:00:00,6,2,4,F11MO
40,Molenlei 59,2022-09-30,03:00:00,8,2,6,F11MO
40,Molenlei 59,2022-09-30,04:00:00,8,4,4,F11MO
40,Molenlei 59,2022-09-30,05:00:00,36,26,10,F11MO
40,Molenlei 59,2022-09-30,06:00:00,78,46,32,F11MO
40,Molenlei 59,2022-09-30,07:00:00,316,178,138,F11MO
40,Molenlei 59,2022-09-30,08:00:00,448,288,160,F11MO
40,Molenlei 59,2022-09-30,09:00:00,148,88,60,F11MO
40,Molenlei 59,2022-09-30,10:00:00,170,72,98,F11MO
40,Molenlei 59,2022-09-30,11:00:00,180,76,104,F11MO
40,Molenlei 59,2022-09-30,12:00:00,256,134,122,F11MO
40,Molenlei 59,2022-09-30,13:00:00,312,122,190,F11MO
40,Molenlei 59,2022-09-30,14:00:00,360,160,200,F11MO
40,Molenlei 59,2022-09-30,15:00:00,542,180,362,F11MO
40,Molenlei 59,2022-09-30,16:00:00,652,244,408,F11MO
40,Molenlei 59,2022-09-30,17:00:00,468,170,298,F11MO
40,Molenlei 59,2022-09-30,18:00:00,286,118,168,F11MO
40,Molenlei 59,2022-09-30,19:00:00,178,100,78,F11MO
40,Molenlei 59,2022-09-30,20:00:00,116,48,68,F11MO
40,Molenlei 59,2022-09-30,21:00:00,84,46,38,F11MO
40,Molenlei 59,2022-09-30,22:00:00,78,34,44,F11MO
40,Molenlei 59,2022-09-30,23:00:00,30,10,20,F11MO
40,Molenlei 59,2022-10-01,00:00:00,26,10,16,F11MO
40,Molenlei 59,2022-10-01,01:00:00,46,26,20,F11MO
40,Molenlei 59,2022-10-01,02:00:00,18,14,4,F11MO
40,Molenlei 59,2022-10-01,03:00:00,18,16,2,F11MO
40,Molenlei 59,2022-10-01,04:00:00,14,8,6,F11MO
40,Molenlei 59,2022-10-01,05:00:00,14,6,8,F11MO
40,Molenlei 59,2022-10-01,06:00:00,22,8,14,F11MO
40,Molenlei 59,2022-10-01,07:00:00,14,6,8,F11MO
40,Molenlei 59,2022-10-01,08:00:00,52,22,30,F11MO
40,Molenlei 59,2022-10-01,09:00:00,76,26,50,F11MO
40,Molenlei 59,2022-10-01,10:00:00,136,56,80,F11MO
40,Molenlei 59,2022-10-01,11:00:00,166,66,100,F11MO
40,Molenlei 59,2022-10-01,12:00:00,224,106,118,F11MO
40,Molenlei 59,2022-10-01,13:00:00,416,138,278,F11MO
40,Molenlei 59,2022-10-01,14:00:00,294,126,168,F11MO
40,Molenlei 59,2022-10-01,15:00:00,358,182,176,F11MO
40,Molenlei 59,2022-10-01,16:00:00,284,174,110,F11MO
40,Molenlei 59,2022-10-01,17:00:00,256,142,114,F11MO
40,Molenlei 59,2022-10-01,18:00:00,186,94,92,F11MO
40,Molenlei 59,2022-10-01,19:00:00,94,44,50,F11MO
40,Molenlei 59,2022-10-01,20:00:00,50,36,14,F11MO
40,Molenlei 59,2022-10-01,21:00:00,30,14,16,F11MO
40,Molenlei 59,2022-10-01,22:00:00,26,6,20,F11MO
40,Molenlei 59,2022-10-01,23:00:00,18,8,10,F11MO
40,Molenlei 59,2022-10-02,00:00:00,12,0,12,F11MO
40,Molenlei 59,2022-10-02,01:00:00,22,8,14,F11MO
40,Molenlei 59,2022-10-02,02:00:00,20,4,16,F11MO
40,Molenlei 59,2022-10-02,03:00:00,14,4,10,F11MO
40,Molenlei 59,2022-10-02,04:00:00,8,4,4,F11MO
40,Molenlei 59,2022-10-02,05:00:00,16,10,6,F11MO
40,Molenlei 59,2022-10-02,06:00:00,34,8,26,F11MO
40,Molenlei 59,2022-10-02,07:00:00,20,10,10,F11MO
40,Molenlei 59,2022-10-02,08:00:00,94,34,60,F11MO
40,Molenlei 59,2022-10-02,09:00:00,240,74,166,F11MO
40,Molenlei 59,2022-10-02,10:00:00,296,136,160,F11MO
40,Molenlei 59,2022-10-02,11:00:00,252,124,128,F11MO
40,Molenlei 59,2022-10-02,12:00:00,288,128,160,F11MO
40,Molenlei 59,2022-10-02,13:00:00,276,144,132,F11MO
40,Molenlei 59,2022-10-02,14:00:00,300,118,182,F11MO
40,Molenlei 59,2022-10-02,15:00:00,242,120,122,F11MO
40,Molenlei 59,2022-10-02,16:00:00,368,202,166,F11MO
40,Molenlei 59,2022-10-02,17:00:00,280,156,124,F11MO
40,Molenlei 59,2022-10-02,18:00:00,194,118,76,F11MO
40,Molenlei 59,2022-10-02,19:00:00,126,80,46,F11MO
40,Molenlei 59,2022-10-02,20:00:00,72,34,38,F11MO
40,Molenlei 59,2022-10-02,21:00:00,38,18,20,F11MO
40,Molenlei 59,2022-10-02,22:00:00,24,2,22,F11MO
40,Molenlei 59,2022-10-02,23:00:00,6,0,6,F11MO
40,Molenlei 59,2022-10-03,00:00:00,6,4,2,F11MO
40,Molenlei 59,2022-10-03,01:00:00,6,2,4,F11MO
40,Molenlei 59,2022-10-03,02:00:00,0,0,0,F11MO
40,Molenlei 59,2022-10-03,03:00:00,0,0,0,F11MO
40,Molenlei 59,2022-10-03,04:00:00,4,4,0,F11MO
40,Molenlei 59,2022-10-03,05:00:00,38,28,10,F11MO
40,Molenlei 59,2022-10-03,06:00:00,106,74,32,F11MO
40,Molenlei 59,2022-10-03,07:00:00,428,282,146,F11MO
40,Molenlei 59,2022-10-03,08:00:00,608,390,218,F11MO
40,Molenlei 59,2022-10-03,09:00:00,208,124,84,F11MO
40,Molenlei 59,2022-10-03,10:00:00,184,116,68,F11MO
40,Molenlei 59,2022-10-03,11:00:00,190,80,110,F11MO
40,Molenlei 59,2022-10-03,12:00:00,326,162,164,F11MO
40,Molenlei 59,2022-10-03,13:00:00,402,148,254,F11MO
40,Molenlei 59,2022-10-03,14:00:00,450,164,286,F11MO
40,Molenlei 59,2022-10-03,15:00:00,612,244,368,F11MO
40,Molenlei 59,2022-10-03,16:00:00,670,250,420,F11MO
40,Molenlei 59,2022-10-03,17:00:00,550,142,408,F11MO
40,Molenlei 59,2022-10-03,18:00:00,306,120,186,F11MO
40,Molenlei 59,2022-10-03,19:00:00,170,78,92,F11MO
40,Molenlei 59,2022-10-03,20:00:00,72,48,24,F11MO
40,Molenlei 59,2022-10-03,21:00:00,76,32,44,F11MO
40,Molenlei 59,2022-10-03,22:00:00,62,22,40,F11MO
40,Molenlei 59,2022-10-03,23:00:00,16,0,16,F11MO
40,Molenlei 59,2022-10-04,00:00:00,4,0,4,F11MO
40,Molenlei 59,2022-10-04,01:00:00,12,2,10,F11MO
40,Molenlei 59,2022-10-04,02:00:00,2,0,2,F11MO
40,Molenlei 59,2022-10-04,03:00:00,0,0,0,F11MO
40,Molenlei 59,2022-10-04,04:00:00,4,2,2,F11MO
40,Molenlei 59,2022-10-04,05:00:00,64,46,18,F11MO
40,Molenlei 59,2022-10-04,06:00:00,146,96,50,F11MO
40,Molenlei 59,2022-10-04,07:00:00,478,324,154,F11MO
40,Molenlei 59,2022-10-04,08:00:00,542,348,194,F11MO
40,Molenlei 59,2022-10-04,09:00:00,200,124,76,F11MO
40,Molenlei 59,2022-10-04,10:00:00,242,98,144,F11MO
40,Molenlei 59,2022-10-04,11:00:00,284,156,128,F11MO
40,Molenlei 59,2022-10-04,12:00:00,418,212,206,F11MO
40,Molenlei 59,2022-10-04,13:00:00,608,252,356,F11MO
40,Molenlei 59,2022-10-04,14:00:00,652,288,364,F11MO
40,Molenlei 59,2022-10-04,15:00:00,672,234,438,F11MO
40,Molenlei 59,2022-10-04,16:00:00,972,388,584,F11MO
40,Molenlei 59,2022-10-04,17:00:00,856,326,530,F11MO
40,Molenlei 59,2022-10-04,18:00:00,416,140,276,F11MO
40,Molenlei 59,2022-10-04,19:00:00,236,84,152,F11MO
40,Molenlei 59,2022-10-04,20:00:00,166,70,96,F11MO
40,Molenlei 59,2022-10-04,21:00:00,126,76,50,F11MO
40,Molenlei 59,2022-10-04,22:00:00,74,30,44,F11MO
40,Molenlei 59,2022-10-04,23:00:00,18,14,4,F11MO
40,Molenlei 59,2022-10-05,00:00:00,24,6,18,F11MO
40,Molenlei 59,2022-10-05,01:00:00,0,0,0,F11MO
40,Molenlei 59,2022-10-05,02:00:00,6,6,0,F11MO
40,Molenlei 59,2022-10-05,03:00:00,4,4,0,F11MO
40,Molenlei 59,2022-10-05,04:00:00,8,8,0,F11MO
40,Molenlei 59,2022-10-05,05:00:00,54,30,24,F11MO
40,Molenlei 59,2022-10-05,06:00:00,150,102,48,F11MO
40,Molenlei 59,2022-10-05,07:00:00,480,308,172,F11MO
40,Molenlei 59,2022-10-05,08:00:00,528,328,200,F11MO
40,Molenlei 59,2022-10-05,09:00:00,224,130,94,F11MO
40,Molenlei 59,2022-10-05,10:00:00,248,112,136,F11MO
40,Molenlei 59,2022-10-05,11:00:00,236,114,122,F11MO
40,Molenlei 59,2022-10-05,12:00:00,450,210,240,F11MO
40,Molenlei 59,2022-10-05,13:00:00,494,206,288,F11MO
40,Molenlei 59,2022-10-05,14:00:00,488,190,298,F11MO
40,Molenlei 59,2022-10-05,15:00:00,398,142,256,F11MO
40,Molenlei 59,2022-10-05,16:00:00,492,156,336,F11MO
40,Molenlei 59,2022-10-05,17:00:00,564,166,398,F11MO
40,Molenlei 59,2022-10-05,18:00:00,364,110,254,F11MO
40,Molenlei 59,2022-10-05,19:00:00,202,82,120,F11MO
40,Molenlei 59,2022-10-05,20:00:00,88,48,40,F11MO
40,Molenlei 59,2022-10-05,21:00:00,84,36,48,F11MO
40,Molenlei 59,2022-10-05,22:00:00,80,24,56,F11MO
40,Molenlei 59,2022-10-05,23:00:00,20,4,16,F11MO
40,Molenlei 59,2022-10-06,00:00:00,10,6,4,F11MO
40,Molenlei 59,2022-10-06,01:00:00,4,4,0,F11MO
40,Molenlei 59,2022-10-06,02:00:00,0,0,0,F11MO
40,Molenlei 59,2022-10-06,03:00:00,2,2,0,F11MO
40,Molenlei 59,2022-10-06,04:00:00,12,12,0,F11MO
40,Molenlei 59,2022-10-06,05:00:00,40,32,8,F11MO
40,Molenlei 59,2022-10-06,06:00:00,136,98,38,F11MO
40,Molenlei 59,2022-10-06,07:00:00,410,268,142,F11MO
40,Molenlei 59,2022-10-06,08:00:00,612,418,194,F11MO
40,Molenlei 59,2022-10-06,09:00:00,192,90,102,F11MO
40,Molenlei 59,2022-10-06,10:00:00,146,68,78,F11MO
40,Molenlei 59,2022-10-06,11:00:00,180,96,84,F11MO
40,Molenlei 59,2022-10-06,12:00:00,250,94,156,F11MO
40,Molenlei 59,2022-10-06,13:00:00,412,180,232,F11MO
40,Molenlei 59,2022-10-06,14:00:00,540,208,332,F11MO
40,Molenlei 59,2022-10-06,15:00:00,546,170,376,F11MO
40,Molenlei 59,2022-10-06,16:00:00,808,302,506,F11MO
40,Molenlei 59,2022-10-06,17:00:00,736,230,506,F11MO
40,Molenlei 59,2022-10-06,18:00:00,354,146,208,F11MO
40,Molenlei 59,2022-10-06,19:00:00,216,112,104,F11MO
40,Molenlei 59,2022-10-06,20:00:00,92,46,46,F11MO
40,Molenlei 59,2022-10-06,21:00:00,62,32,30,F11MO
40,Molenlei 59,2022-10-06,22:00:00,108,32,76,F11MO
40,Molenlei 59,2022-10-06,23:00:00,32,10,22,F11MO
40,Molenlei 59,2022-10-07,00:00:00,18,6,12,F11MO
40,Molenlei 59,2022-10-07,01:00:00,4,2,2,F11MO
40,Molenlei 59,2022-10-07,02:00:00,0,0,0,F11MO
40,Molenlei 59,2022-10-07,03:00:00,2,0,2,F11MO
40,Molenlei 59,2022-10-07,04:00:00,14,14,0,F11MO
40,Molenlei 59,2022-10-07,05:00:00,46,36,10,F11MO
40,Molenlei 59,2022-10-07,06:00:00,106,68,38,F11MO
40,Molenlei 59,2022-10-07,07:00:00,352,222,130,F11MO
40,Molenlei 59,2022-10-07,08:00:00,566,308,258,F11MO
40,Molenlei 59,2022-10-07,09:00:00,234,92,142,F11MO
40,Molenlei 59,2022-10-07,10:00:00,154,70,84,F11MO
40,Molenlei 59,2022-10-07,11:00:00,240,136,104,F11MO
40,Molenlei 59,2022-10-07,12:00:00,312,146,166,F11MO
40,Molenlei 59,2022-10-07,13:00:00,364,154,210,F11MO
40,Molenlei 59,2022-10-07,14:00:00,442,144,298,F11MO
40,Molenlei 59,2022-10-07,15:00:00,760,362,398,F11MO
40,Molenlei 59,2022-10-07,16:00:00,860,392,468,F11MO
40,Molenlei 59,2022-10-07,17:00:00,578,206,372,F11MO
40,Molenlei 59,2022-10-07,18:00:00,316,128,188,F11MO
40,Molenlei 59,2022-10-07,19:00:00,134,62,72,F11MO
40,Molenlei 59,2022-10-07,20:00:00,106,52,54,F11MO
40,Molenlei 59,2022-10-07,21:00:00,56,28,28,F11MO
40,Molenlei 59,2022-10-07,22:00:00,56,14,42,F11MO
40,Molenlei 59,2022-10-07,23:00:00,48,18,30,F11MO
40,Molenlei 59,2022-10-08,00:00:00,20,12,8,F11MO
40,Molenlei 59,2022-10-08,01:00:00,36,18,18,F11MO
40,Molenlei 59,2022-10-08,02:00:00,12,8,4,F11MO
40,Molenlei 59,2022-10-08,03:00:00,8,0,8,F11MO
40,Molenlei 59,2022-10-08,04:00:00,12,10,2,F11MO
40,Molenlei 59,2022-10-08,05:00:00,18,8,10,F11MO
40,Molenlei 59,2022-10-08,06:00:00,30,10,20,F11MO
40,Molenlei 59,2022-10-08,07:00:00,20,6,14,F11MO
40,Molenlei 59,2022-10-08,08:00:00,84,34,50,F11MO
40,Molenlei 59,2022-10-08,09:00:00,150,52,98,F11MO
40,Molenlei 59,2022-10-08,10:00:00,220,108,112,F11MO
40,Molenlei 59,2022-10-08,11:00:00,238,118,120,F11MO
40,Molenlei 59,2022-10-08,12:00:00,246,148,98,F11MO
40,Molenlei 59,2022-10-08,13:00:00,402,174,228,F11MO
40,Molenlei 59,2022-10-08,14:00:00,396,194,202,F11MO
40,Molenlei 59,2022-10-08,15:00:00,316,130,186,F11MO
40,Molenlei 59,2022-10-08,16:00:00,390,212,178,F11MO
40,Molenlei 59,2022-10-08,17:00:00,326,150,176,F11MO
40,Molenlei 59,2022-10-08,18:00:00,178,94,84,F11MO
40,Molenlei 59,2022-10-08,19:00:00,90,42,48,F11MO
40,Molenlei 59,2022-10-08,20:00:00,56,36,20,F11MO
40,Molenlei 59,2022-10-08,21:00:00,58,34,24,F11MO
40,Molenlei 59,2022-10-08,22:00:00,36,12,24,F11MO
40,Molenlei 59,2022-10-08,23:00:00,30,10,20,F11MO
40,Molenlei 59,2022-10-09,00:00:00,20,6,14,F11MO
40,Molenlei 59,2022-10-09,01:00:00,16,6,10,F11MO
40,Molenlei 59,2022-10-09,02:00:00,10,8,2,F11MO
40,Molenlei 59,2022-10-09,03:00:00,16,12,4,F11MO
40,Molenlei 59,2022-10-09,04:00:00,4,4,0,F11MO
40,Molenlei 59,2022-10-09,05:00:00,20,4,16,F11MO
40,Molenlei 59,2022-10-09,06:00:00,18,4,14,F11MO
40,Molenlei 59,2022-10-09,07:00:00,38,14,24,F11MO
40,Molenlei 59,2022-10-09,08:00:00,114,46,68,F11MO
40,Molenlei 59,2022-10-09,09:00:00,300,108,192,F11MO
40,Molenlei 59,2022-10-09,10:00:00,330,118,212,F11MO
40,Molenlei 59,2022-10-09,11:00:00,490,256,234,F11MO
40,Molenlei 59,2022-10-09,12:00:00,404,202,202,F11MO
40,Molenlei 59,2022-10-09,13:00:00,626,238,388,F11MO
40,Molenlei 59,2022-10-09,14:00:00,1016,328,688,F11MO
40,Molenlei 59,2022-10-09,15:00:00,720,334,386,F11MO
40,Molenlei 59,2022-10-09,16:00:00,650,396,254,F11MO
40,Molenlei 59,2022-10-09,17:00:00,608,362,246,F11MO
40,Molenlei 59,2022-10-09,18:00:00,302,196,106,F11MO
40,Molenlei 59,2022-10-09,19:00:00,124,64,60,F11MO
40,Molenlei 59,2022-10-09,20:00:00,66,46,20,F11MO
40,Molenlei 59,2022-10-09,21:00:00,36,12,24,F11MO
40,Molenlei 59,2022-10-09,22:00:00,32,8,24,F11MO
40,Molenlei 59,2022-10-09,23:00:00,2,0,2,F11MO
40,Molenlei 59,2022-10-10,00:00:00,6,2,4,F11MO
40,Molenlei 59,2022-10-10,01:00:00,12,8,4,F11MO
40,Molenlei 59,2022-10-10,02:00:00,0,0,0,F11MO
40,Molenlei 59,2022-10-10,03:00:00,4,4,0,F11MO
40,Molenlei 59,2022-10-10,04:00:00,8,8,0,F11MO
40,Molenlei 59,2022-10-10,05:00:00,50,34,16,F11MO
40,Molenlei 59,2022-10-10,06:00:00,124,86,38,F11MO
40,Molenlei 59,2022-10-10,07:00:00,394,280,114,F11MO
40,Molenlei 59,2022-10-10,08:00:00,506,356,150,F11MO
40,Molenlei 59,2022-10-10,09:00:00,132,90,42,F11MO
40,Molenlei 59,2022-10-10,10:00:00,144,80,64,F11MO
40,Molenlei 59,2022-10-10,11:00:00,174,88,86,F11MO
40,Molenlei 59,2022-10-10,12:00:00,232,142,90,F11MO
40,Molenlei 59,2022-10-10,13:00:00,258,108,150,F11MO
40,Molenlei 59,2022-10-10,14:00:00,264,106,158,F11MO
40,Molenlei 59,2022-10-10,15:00:00,370,110,260,F11MO
40,Molenlei 59,2022-10-10,16:00:00,462,158,304,F11MO
40,Molenlei 59,2022-10-10,17:00:00,426,114,312,F11MO
40,Molenlei 59,2022-10-10,18:00:00,204,70,134,F11MO
40,Molenlei 59,2022-10-10,19:00:00,92,32,60,F11MO
40,Molenlei 59,2022-10-10,20:00:00,58,30,28,F11MO
40,Molenlei 59,2022-10-10,21:00:00,30,12,18,F11MO
40,Molenlei 59,2022-10-10,22:00:00,38,6,32,F11MO
40,Molenlei 59,2022-10-10,23:00:00,8,0,8,F11MO
40,Molenlei 59,2022-10-11,00:00:00,4,0,4,F11MO
40,Molenlei 59,2022-10-11,01:00:00,2,0,2,F11MO
40,Molenlei 59,2022-10-11,02:00:00,0,0,0,F11MO
40,Molenlei 59,2022-10-11,03:00:00,2,2,0,F11MO
40,Molenlei 59,2022-10-11,04:00:00,10,6,4,F11MO
40,Molenlei 59,2022-10-11,05:00:00,68,44,24,F11MO
40,Molenlei 59,2022-10-11,06:00:00,146,104,42,F11MO
40,Molenlei 59,2022-10-11,07:00:00,464,314,150,F11MO
40,Molenlei 59,2022-10-11,08:00:00,560,376,184,F11MO
40,Molenlei 59,2022-10-11,09:00:00,160,98,62,F11MO
40,Molenlei 59,2022-10-11,10:00:00,126,68,58,F11MO
40,Molenlei 59,2022-10-11,11:00:00,182,76,106,F11MO
40,Molenlei 59,2022-10-11,12:00:00,206,114,92,F11MO
40,Molenlei 59,2022-10-11,13:00:00,300,136,164,F11MO
40,Molenlei 59,2022-10-11,14:00:00,438,216,222,F11MO
40,Molenlei 59,2022-10-11,15:00:00,640,224,416,F11MO
40,Molenlei 59,2022-10-11,16:00:00,690,238,452,F11MO
40,Molenlei 59,2022-10-11,17:00:00,698,212,486,F11MO
40,Molenlei 59,2022-10-11,18:00:00,362,112,250,F11MO
40,Molenlei 59,2022-10-11,19:00:00,110,36,74,F11MO
40,Molenlei 59,2022-10-11,20:00:00,94,48,46,F11MO
40,Molenlei 59,2022-10-11,21:00:00,74,26,48,F11MO
40,Molenlei 59,2022-10-11,22:00:00,88,24,64,F11MO
40,Molenlei 59,2022-10-11,23:00:00,20,8,12,F11MO
40,Molenlei 59,2022-10-12,00:00:00,4,0,4,F11MO
40,Molenlei 59,2022-10-12,01:00:00,4,4,0,F11MO
40,Molenlei 59,2022-10-12,02:00:00,6,0,6,F11MO
40,Molenlei 59,2022-10-12,03:00:00,2,2,0,F11MO
40,Molenlei 59,2022-10-12,04:00:00,14,10,4,F11MO
40,Molenlei 59,2022-10-12,05:00:00,36,26,10,F11MO
40,Molenlei 59,2022-10-12,06:00:00,118,68,50,F11MO
40,Molenlei 59,2022-10-12,07:00:00,374,208,166,F11MO
40,Molenlei 59,2022-10-12,08:00:00,516,310,206,F11MO
40,Molenlei 59,2022-10-12,09:00:00,204,98,106,F11MO
40,Molenlei 59,2022-10-12,10:00:00,194,112,82,F11MO
40,Molenlei 59,2022-10-12,11:00:00,234,116,118,F11MO
40,Molenlei 59,2022-10-12,12:00:00,398,180,218,F11MO
40,Molenlei 59,2022-10-12,13:00:00,394,140,254,F11MO
40,Molenlei 59,2022-10-12,14:00:00,398,152,246,F11MO
40,Molenlei 59,2022-10-12,15:00:00,358,144,214,F11MO
40,Molenlei 59,2022-10-12,16:00:00,514,234,280,F11MO
40,Molenlei 59,2022-10-12,17:00:00,490,166,324,F11MO
40,Molenlei 59,2022-10-12,18:00:00,314,128,186,F11MO
40,Molenlei 59,2022-10-12,19:00:00,112,56,56,F11MO
40,Molenlei 59,2022-10-12,20:00:00,118,66,52,F11MO
40,Molenlei 59,2022-10-12,21:00:00,50,26,24,F11MO
40,Molenlei 59,2022-10-12,22:00:00,60,12,48,F11MO
40,Molenlei 59,2022-10-12,23:00:00,12,2,10,F11MO
40,Molenlei 59,2022-10-13,00:00:00,18,6,12,F11MO
40,Molenlei 59,2022-10-13,01:00:00,0,0,0,F11MO
40,Molenlei 59,2022-10-13,02:00:00,4,0,4,F11MO
40,Molenlei 59,2022-10-13,03:00:00,2,2,0,F11MO
40,Molenlei 59,2022-10-13,04:00:00,4,4,0,F11MO
40,Molenlei 59,2022-10-13,05:00:00,34,24,10,F11MO
40,Molenlei 59,2022-10-13,06:00:00,114,70,44,F11MO
40,Molenlei 59,2022-10-13,07:00:00,354,238,116,F11MO
40,Molenlei 59,2022-10-13,08:00:00,524,340,184,F11MO
40,Molenlei 59,2022-10-13,09:00:00,166,78,88,F11MO
40,Molenlei 59,2022-10-13,10:00:00,114,56,58,F11MO
40,Molenlei 59,2022-10-13,11:00:00,90,48,42,F11MO
40,Molenlei 59,2022-10-13,12:00:00,138,66,72,F11MO
40,Molenlei 59,2022-10-13,13:00:00,120,58,62,F11MO
40,Molenlei 59,2022-10-13,14:00:00,122,46,76,F11MO
40,Molenlei 59,2022-10-13,15:00:00,268,90,178,F11MO
40,Molenlei 59,2022-10-13,16:00:00,422,164,258,F11MO
40,Molenlei 59,2022-10-13,17:00:00,378,114,264,F11MO
40,Molenlei 59,2022-10-13,18:00:00,210,68,142,F11MO
40,Molenlei 59,2022-10-13,19:00:00,80,34,46,F11MO
40,Molenlei 59,2022-10-13,20:00:00,70,32,38,F11MO
40,Molenlei 59,2022-10-13,21:00:00,26,16,10,F11MO
40,Molenlei 59,2022-10-13,22:00:00,60,18,42,F11MO
40,Molenlei 59,2022-10-13,23:00:00,16,8,8,F11MO
40,Molenlei 59,2022-10-14,00:00:00,8,4,4,F11MO
40,Molenlei 59,2022-10-14,01:00:00,8,8,0,F11MO
40,Molenlei 59,2022-10-14,02:00:00,6,4,2,F11MO
40,Molenlei 59,2022-10-14,03:00:00,4,2,2,F11MO
40,Molenlei 59,2022-10-14,04:00:00,10,10,0,F11MO
40,Molenlei 59,2022-10-14,05:00:00,44,30,14,F11MO
40,Molenlei 59,2022-10-14,06:00:00,100,58,42,F11MO
40,Molenlei 59,2022-10-14,07:00:00,310,190,120,F11MO
40,Molenlei 59,2022-10-14,08:00:00,632,490,142,F11MO
40,Molenlei 59,2022-10-14,09:00:00,134,76,58,F11MO
40,Molenlei 59,2022-10-14,10:00:00,86,42,44,F11MO
40,Molenlei 59,2022-10-14,11:00:00,114,56,58,F11MO
40,Molenlei 59,2022-10-14,12:00:00,108,52,56,F11MO
40,Molenlei 59,2022-10-14,13:00:00,138,62,76,F11MO
40,Molenlei 59,2022-10-14,14:00:00,138,56,82,F11MO
40,Molenlei 59,2022-10-14,15:00:00,466,108,358,F11MO
40,Molenlei 59,2022-10-14,16:00:00,458,160,298,F11MO
40,Molenlei 59,2022-10-14,17:00:00,288,118,170,F11MO
40,Molenlei 59,2022-10-14,18:00:00,256,96,160,F11MO
40,Molenlei 59,2022-10-14,19:00:00,148,54,94,F11MO
40,Molenlei 59,2022-10-14,20:00:00,82,48,34,F11MO
40,Molenlei 59,2022-10-14,21:00:00,76,38,38,F11MO
40,Molenlei 59,2022-10-14,22:00:00,48,20,28,F11MO
40,Molenlei 59,2022-10-14,23:00:00,36,14,22,F11MO
40,Molenlei 59,2022-10-15,00:00:00,38,18,20,F11MO
40,Molenlei 59,2022-10-15,01:00:00,28,2,26,F11MO
40,Molenlei 59,2022-10-15,02:00:00,18,8,10,F11MO
40,Molenlei 59,2022-10-15,03:00:00,16,10,6,F11MO
40,Molenlei 59,2022-10-15,04:00:00,14,6,8,F11MO
40,Molenlei 59,2022-10-15,05:00:00,30,16,14,F11MO
40,Molenlei 59,2022-10-15,06:00:00,22,6,16,F11MO
40,Molenlei 59,2022-10-15,07:00:00,20,6,14,F11MO
40,Molenlei 59,2022-10-15,08:00:00,86,40,46,F11MO
40,Molenlei 59,2022-10-15,09:00:00,136,54,82,F11MO
40,Molenlei 59,2022-10-15,10:00:00,142,62,80,F11MO
40,Molenlei 59,2022-10-15,11:00:00,158,60,98,F11MO
40,Molenlei 59,2022-10-15,12:00:00,168,72,96,F11MO
40,Molenlei 59,2022-10-15,13:00:00,168,76,92,F11MO
40,Molenlei 59,2022-10-15,14:00:00,174,56,118,F11MO
40,Molenlei 59,2022-10-15,15:00:00,248,116,132,F11MO
40,Molenlei 59,2022-10-15,16:00:00,222,116,106,F11MO
40,Molenlei 59,2022-10-15,17:00:00,232,124,108,F11MO
40,Molenlei 59,2022-10-15,18:00:00,166,98,68,F11MO
40,Molenlei 59,2022-10-15,19:00:00,108,54,54,F11MO
40,Molenlei 59,2022-10-15,20:00:00,62,24,38,F11MO
40,Molenlei 59,2022-10-15,21:00:00,46,18,28,F11MO
40,Molenlei 59,2022-10-15,22:00:00,28,18,10,F11MO
40,Molenlei 59,2022-10-15,23:00:00,40,12,28,F11MO
40,Molenlei 59,2022-10-16,00:00:00,26,18,8,F11MO
40,Molenlei 59,2022-10-16,01:00:00,32,20,12,F11MO
40,Molenlei 59,2022-10-16,02:00:00,14,10,4,F11MO
40,Molenlei 59,2022-10-16,03:00:00,16,10,6,F11MO
40,Molenlei 59,2022-10-16,04:00:00,14,10,4,F11MO
40,Molenlei 59,2022-10-16,05:00:00,18,10,8,F11MO
40,Molenlei 59,2022-10-16,06:00:00,16,4,12,F11MO
40,Molenlei 59,2022-10-16,07:00:00,28,10,18,F11MO
40,Molenlei 59,2022-10-16,08:00:00,116,58,58,F11MO
40,Molenlei 59,2022-10-16,09:00:00,300,126,174,F11MO
40,Molenlei 59,2022-10-16,10:00:00,312,104,208,F11MO
40,Molenlei 59,2022-10-16,11:00:00,416,226,190,F11MO
40,Molenlei 59,2022-10-16,12:00:00,414,194,220,F11MO
40,Molenlei 59,2022-10-16,13:00:00,412,220,192,F11MO
40,Molenlei 59,2022-10-16,14:00:00,574,276,298,F11MO
40,Molenlei 59,2022-10-16,15:00:00,584,354,230,F11MO
40,Molenlei 59,2022-10-16,16:00:00,350,190,160,F11MO
40,Molenlei 59,2022-10-16,17:00:00,262,122,140,F11MO
40,Molenlei 59,2022-10-16,18:00:00,132,66,66,F11MO
40,Molenlei 59,2022-10-16,19:00:00,68,42,26,F11MO
40,Molenlei 59,2022-10-16,20:00:00,32,8,24,F11MO
40,Molenlei 59,2022-10-16,21:00:00,36,14,22,F11MO
40,Molenlei 59,2022-10-16,22:00:00,52,18,34,F11MO
40,Molenlei 59,2022-10-16,23:00:00,12,4,8,F11MO
40,Molenlei 59,2022-10-17,00:00:00,8,4,4,F11MO
40,Molenlei 59,2022-10-17,01:00:00,4,2,2,F11MO
40,Molenlei 59,2022-10-17,02:00:00,2,2,0,F11MO
40,Molenlei 59,2022-10-17,03:00:00,0,0,0,F11MO
40,Molenlei 59,2022-10-17,04:00:00,8,6,2,F11MO
40,Molenlei 59,2022-10-17,05:00:00,54,44,10,F11MO
40,Molenlei 59,2022-10-17,06:00:00,88,64,24,F11MO
40,Molenlei 59,2022-10-17,07:00:00,382,254,128,F11MO
40,Molenlei 59,2022-10-17,08:00:00,390,230,160,F11MO
40,Molenlei 59,2022-10-17,09:00:00,86,44,42,F11MO
40,Molenlei 59,2022-10-17,10:00:00,52,30,22,F11MO
40,Molenlei 59,2022-10-17,11:00:00,70,36,34,F11MO
40,Molenlei 59,2022-10-17,12:00:00,136,88,48,F11MO
40,Molenlei 59,2022-10-17,13:00:00,124,54,70,F11MO
40,Molenlei 59,2022-10-17,14:00:00,122,52,70,F11MO
40,Molenlei 59,2022-10-17,15:00:00,262,86,176,F11MO
40,Molenlei 59,2022-10-17,16:00:00,452,142,310,F11MO
40,Molenlei 59,2022-10-17,17:00:00,386,136,250,F11MO
40,Molenlei 59,2022-10-17,18:00:00,184,58,126,F11MO
40,Molenlei 59,2022-10-17,19:00:00,100,40,60,F11MO
40,Molenlei 59,2022-10-17,20:00:00,50,26,24,F11MO
40,Molenlei 59,2022-10-17,21:00:00,48,26,22,F11MO
40,Molenlei 59,2022-10-17,22:00:00,52,12,40,F11MO
40,Molenlei 59,2022-10-17,23:00:00,12,0,12,F11MO
40,Molenlei 59,2022-10-18,00:00:00,0,0,0,F11MO
40,Molenlei 59,2022-10-18,01:00:00,0,0,0,F11MO
40,Molenlei 59,2022-10-18,02:00:00,0,0,0,F11MO
40,Molenlei 59,2022-10-18,03:00:00,0,0,0,F11MO
40,Molenlei 59,2022-10-18,04:00:00,10,8,2,F11MO
40,Molenlei 59,2022-10-18,05:00:00,60,46,14,F11MO
40,Molenlei 59,2022-10-18,06:00:00,154,108,46,F11MO
40,Molenlei 59,2022-10-18,07:00:00,464,330,134,F11MO
40,Molenlei 59,2022-10-18,08:00:00,542,364,178,F11MO
40,Molenlei 59,2022-10-18,09:00:00,164,96,68,F11MO
40,Molenlei 59,2022-10-18,10:00:00,186,104,82,F11MO
40,Molenlei 59,2022-10-18,11:00:00,186,88,98,F11MO
40,Molenlei 59,2022-10-18,12:00:00,270,122,148,F11MO
40,Molenlei 59,2022-10-18,13:00:00,444,130,314,F11MO
40,Molenlei 59,2022-10-18,14:00:00,592,262,330,F11MO
40,Molenlei 59,2022-10-18,15:00:00,682,244,438,F11MO
40,Molenlei 59,2022-10-18,16:00:00,954,360,594,F11MO
40,Molenlei 59,2022-10-18,17:00:00,748,246,502,F11MO
40,Molenlei 59,2022-10-18,18:00:00,318,128,190,F11MO
40,Molenlei 59,2022-10-18,19:00:00,144,66,78,F11MO
40,Molenlei 59,2022-10-18,20:00:00,98,48,50,F11MO
40,Molenlei 59,2022-10-18,21:00:00,62,32,30,F11MO
40,Molenlei 59,2022-10-18,22:00:00,72,22,50,F11MO
40,Molenlei 59,2022-10-18,23:00:00,12,4,8,F11MO
40,Molenlei 59,2022-10-19,00:00:00,2,0,2,F11MO
40,Molenlei 59,2022-10-19,01:00:00,10,2,8,F11MO
40,Molenlei 59,2022-10-19,02:00:00,2,0,2,F11MO
40,Molenlei 59,2022-10-19,03:00:00,2,2,0,F11MO
40,Molenlei 59,2022-10-19,04:00:00,18,14,4,F11MO
40,Molenlei 59,2022-10-19,05:00:00,50,42,8,F11MO
40,Molenlei 59,2022-10-19,06:00:00,162,108,54,F11MO
40,Molenlei 59,2022-10-19,07:00:00,406,256,150,F11MO
40,Molenlei 59,2022-10-19,08:00:00,516,350,166,F11MO
40,Molenlei 59,2022-10-19,09:00:00,194,102,92,F11MO
40,Molenlei 59,2022-10-19,10:00:00,204,112,92,F11MO
40,Molenlei 59,2022-10-19,11:00:00,312,130,182,F11MO
40,Molenlei 59,2022-10-19,12:00:00,446,174,272,F11MO
40,Molenlei 59,2022-10-19,13:00:00,362,148,214,F11MO
40,Molenlei 59,2022-10-19,14:00:00,554,240,314,F11MO
40,Molenlei 59,2022-10-19,15:00:00,356,148,208,F11MO
40,Molenlei 59,2022-10-19,16:00:00,554,208,346,F11MO
40,Molenlei 59,2022-10-19,17:00:00,482,164,318,F11MO
40,Molenlei 59,2022-10-19,18:00:00,266,106,160,F11MO
40,Molenlei 59,2022-10-19,19:00:00,160,74,86,F11MO
40,Molenlei 59,2022-10-19,20:00:00,82,48,34,F11MO
40,Molenlei 59,2022-10-19,21:00:00,60,38,22,F11MO
40,Molenlei 59,2022-10-19,22:00:00,90,30,60,F11MO
40,Molenlei 59,2022-10-19,23:00:00,24,12,12,F11MO
40,Molenlei 59,2022-10-20,00:00:00,14,4,10,F11MO
40,Molenlei 59,2022-10-20,01:00:00,6,0,6,F11MO
40,Molenlei 59,2022-10-20,02:00:00,4,2,2,F11MO
40,Molenlei 59,2022-10-20,03:00:00,2,0,2,F11MO
40,Molenlei 59,2022-10-20,04:00:00,10,10,0,F11MO
40,Molenlei 59,2022-10-20,05:00:00,52,42,10,F11MO
40,Molenlei 59,2022-10-20,06:00:00,128,90,38,F11MO
40,Molenlei 59,2022-10-20,07:00:00,398,262,136,F11MO
40,Molenlei 59,2022-10-20,08:00:00,562,348,214,F11MO
40,Molenlei 59,2022-10-20,09:00:00,144,98,46,F11MO
40,Molenlei 59,2022-10-20,10:00:00,102,52,50,F11MO
40,Molenlei 59,2022-10-20,11:00:00,44,20,24,F11MO
40,Molenlei 59,2022-10-20,12:00:00,88,48,40,F11MO
40,Molenlei 59,2022-10-20,13:00:00,152,62,90,F11MO
40,Molenlei 59,2022-10-20,14:00:00,154,48,106,F11MO
40,Molenlei 59,2022-10-20,15:00:00,364,128,236,F11MO
40,Molenlei 59,2022-10-20,16:00:00,654,236,418,F11MO
40,Molenlei 59,2022-10-20,17:00:00,654,232,422,F11MO
40,Molenlei 59,2022-10-20,18:00:00,304,108,196,F11MO
40,Molenlei 59,2022-10-20,19:00:00,130,50,80,F11MO
40,Molenlei 59,2022-10-20,20:00:00,94,40,54,F11MO
40,Molenlei 59,2022-10-20,21:00:00,78,36,42,F11MO
40,Molenlei 59,2022-10-20,22:00:00,62,20,42,F11MO
40,Molenlei 59,2022-10-20,23:00:00,18,12,6,F11MO
40,Molenlei 59,2022-10-21,00:00:00,12,6,6,F11MO
40,Molenlei 59,2022-10-21,01:00:00,16,6,10,F11MO
40,Molenlei 59,2022-10-21,02:00:00,4,0,4,F11MO
40,Molenlei 59,2022-10-21,03:00:00,0,0,0,F11MO
40,Molenlei 59,2022-10-21,04:00:00,14,10,4,F11MO
40,Molenlei 59,2022-10-21,05:00:00,40,30,10,F11MO
40,Molenlei 59,2022-10-21,06:00:00,102,62,40,F11MO
40,Molenlei 59,2022-10-21,07:00:00,364,216,148,F11MO
40,Molenlei 59,2022-10-21,08:00:00,482,300,182,F11MO
40,Molenlei 59,2022-10-21,09:00:00,138,72,66,F11MO
40,Molenlei 59,2022-10-21,10:00:00,78,36,42,F11MO
40,Molenlei 59,2022-10-21,11:00:00,148,54,94,F11MO
40,Molenlei 59,2022-10-21,12:00:00,208,114,94,F11MO
40,Molenlei 59,2022-10-21,13:00:00,348,130,218,F11MO
40,Molenlei 59,2022-10-21,14:00:00,348,128,220,F11MO
40,Molenlei 59,2022-10-21,15:00:00,636,228,408,F11MO
40,Molenlei 59,2022-10-21,16:00:00,654,234,420,F11MO
40,Molenlei 59,2022-10-21,17:00:00,550,192,358,F11MO
40,Molenlei 59,2022-10-21,18:00:00,294,122,172,F11MO
40,Molenlei 59,2022-10-21,19:00:00,144,66,78,F11MO
40,Molenlei 59,2022-10-21,20:00:00,108,52,56,F11MO
40,Molenlei 59,2022-10-21,21:00:00,60,26,34,F11MO
40,Molenlei 59,2022-10-21,22:00:00,46,20,26,F11MO
40,Molenlei 59,2022-10-21,23:00:00,40,14,26,F11MO
40,Molenlei 59,2022-10-22,00:00:00,46,22,24,F11MO
40,Molenlei 59,2022-10-22,01:00:00,14,8,6,F11MO
40,Molenlei 59,2022-10-22,02:00:00,20,6,14,F11MO
40,Molenlei 59,2022-10-22,03:00:00,12,10,2,F11MO
40,Molenlei 59,2022-10-22,04:00:00,8,4,4,F11MO
40,Molenlei 59,2022-10-22,05:00:00,24,8,16,F11MO
40,Molenlei 59,2022-10-22,06:00:00,28,8,20,F11MO
40,Molenlei 59,2022-10-22,07:00:00,18,6,12,F11MO
40,Molenlei 59,2022-10-22,08:00:00,98,40,58,F11MO
40,Molenlei 59,2022-10-22,09:00:00,148,52,96,F11MO
40,Molenlei 59,2022-10-22,10:00:00,196,96,100,F11MO
40,Molenlei 59,2022-10-22,11:00:00,254,124,130,F11MO
40,Molenlei 59,2022-10-22,12:00:00,276,186,90,F11MO
40,Molenlei 59,2022-10-22,13:00:00,320,144,176,F11MO
40,Molenlei 59,2022-10-22,14:00:00,366,176,190,F11MO
40,Molenlei 59,2022-10-22,15:00:00,416,200,216,F11MO
40,Molenlei 59,2022-10-22,16:00:00,352,172,180,F11MO
40,Molenlei 59,2022-10-22,17:00:00,296,154,142,F11MO
40,Molenlei 59,2022-10-22,18:00:00,180,102,78,F11MO
40,Molenlei 59,2022-10-22,19:00:00,132,64,68,F11MO
40,Molenlei 59,2022-10-22,20:00:00,60,28,32,F11MO
40,Molenlei 59,2022-10-22,21:00:00,24,2,22,F11MO
40,Molenlei 59,2022-10-22,22:00:00,22,4,18,F11MO
40,Molenlei 59,2022-10-22,23:00:00,40,24,16,F11MO
40,Molenlei 59,2022-10-23,00:00:00,24,14,10,F11MO
40,Molenlei 59,2022-10-23,01:00:00,14,6,8,F11MO
40,Molenlei 59,2022-10-23,02:00:00,14,6,8,F11MO
40,Molenlei 59,2022-10-23,03:00:00,10,2,8,F11MO
40,Molenlei 59,2022-10-23,04:00:00,20,20,0,F11MO
40,Molenlei 59,2022-10-23,05:00:00,16,10,6,F11MO
40,Molenlei 59,2022-10-23,06:00:00,30,8,22,F11MO
40,Molenlei 59,2022-10-23,07:00:00,26,8,18,F11MO
40,Molenlei 59,2022-10-23,08:00:00,118,50,68,F11MO
40,Molenlei 59,2022-10-23,09:00:00,224,94,130,F11MO
40,Molenlei 59,2022-10-23,10:00:00,332,144,188,F11MO
40,Molenlei 59,2022-10-23,11:00:00,354,184,170,F11MO
40,Molenlei 59,2022-10-23,12:00:00,286,180,106,F11MO
40,Molenlei 59,2022-10-23,13:00:00,318,182,136,F11MO
40,Molenlei 59,2022-10-23,14:00:00,308,150,158,F11MO
40,Molenlei 59,2022-10-23,15:00:00,266,112,154,F11MO
40,Molenlei 59,2022-10-23,16:00:00,292,144,148,F11MO
40,Molenlei 59,2022-10-23,17:00:00,276,150,126,F11MO
40,Molenlei 59,2022-10-23,18:00:00,162,88,74,F11MO
40,Molenlei 59,2022-10-23,19:00:00,104,40,64,F11MO
40,Molenlei 59,2022-10-23,20:00:00,38,22,16,F11MO
40,Molenlei 59,2022-10-23,21:00:00,18,8,10,F11MO
40,Molenlei 59,2022-10-23,22:00:00,24,6,18,F11MO
40,Molenlei 59,2022-10-23,23:00:00,16,2,14,F11MO
40,Molenlei 59,2022-10-24,00:00:00,0,0,0,F11MO
40,Molenlei 59,2022-10-24,01:00:00,0,0,0,F11MO
40,Molenlei 59,2022-10-24,02:00:00,4,4,0,F11MO
40,Molenlei 59,2022-10-24,03:00:00,0,0,0,F11MO
40,Molenlei 59,2022-10-24,04:00:00,14,12,2,F11MO
40,Molenlei 59,2022-10-24,05:00:00,34,18,16,F11MO
40,Molenlei 59,2022-10-24,06:00:00,104,72,32,F11MO
40,Molenlei 59,2022-10-24,07:00:00,334,216,118,F11MO
40,Molenlei 59,2022-10-24,08:00:00,426,266,160,F11MO
40,Molenlei 59,2022-10-24,09:00:00,104,60,44,F11MO
40,Molenlei 59,2022-10-24,10:00:00,122,68,54,F11MO
40,Molenlei 59,2022-10-24,11:00:00,80,44,36,F11MO
40,Molenlei 59,2022-10-24,12:00:00,114,60,54,F11MO
40,Molenlei 59,2022-10-24,13:00:00,128,62,66,F11MO
40,Molenlei 59,2022-10-24,14:00:00,166,64,102,F11MO
40,Molenlei 59,2022-10-24,15:00:00,286,90,196,F11MO
40,Molenlei 59,2022-10-24,16:00:00,488,170,318,F11MO
40,Molenlei 59,2022-10-24,17:00:00,384,134,250,F11MO
40,Molenlei 59,2022-10-24,18:00:00,194,62,132,F11MO
40,Molenlei 59,2022-10-24,19:00:00,52,28,24,F11MO
40,Molenlei 59,2022-10-24,20:00:00,40,16,24,F11MO
40,Molenlei 59,2022-10-24,21:00:00,34,16,18,F11MO
40,Molenlei 59,2022-10-24,22:00:00,38,4,34,F11MO
40,Molenlei 59,2022-10-24,23:00:00,18,8,10,F11MO
40,Molenlei 59,2022-10-25,00:00:00,6,0,6,F11MO
40,Molenlei 59,2022-10-25,01:00:00,2,2,0,F11MO
40,Molenlei 59,2022-10-25,02:00:00,0,0,0,F11MO
40,Molenlei 59,2022-10-25,03:00:00,2,0,2,F11MO
40,Molenlei 59,2022-10-25,04:00:00,20,16,4,F11MO
40,Molenlei 59,2022-10-25,05:00:00,58,46,12,F11MO
40,Molenlei 59,2022-10-25,06:00:00,158,110,48,F11MO
40,Molenlei 59,2022-10-25,07:00:00,464,338,126,F11MO
40,Molenlei 59,2022-10-25,08:00:00,546,360,186,F11MO
40,Molenlei 59,2022-10-25,09:00:00,178,120,58,F11MO
40,Molenlei 59,2022-10-25,10:00:00,138,66,72,F11MO
40,Molenlei 59,2022-10-25,11:00:00,128,82,46,F11MO
40,Molenlei 59,2022-10-25,12:00:00,180,80,100,F11MO
40,Molenlei 59,2022-10-25,13:00:00,224,100,124,F11MO
40,Molenlei 59,2022-10-25,14:00:00,252,106,146,F11MO
40,Molenlei 59,2022-10-25,15:00:00,422,116,306,F11MO
40,Molenlei 59,2022-10-25,16:00:00,602,204,398,F11MO
40,Molenlei 59,2022-10-25,17:00:00,558,172,386,F11MO
40,Molenlei 59,2022-10-25,18:00:00,304,116,188,F11MO
40,Molenlei 59,2022-10-25,19:00:00,94,28,66,F11MO
40,Molenlei 59,2022-10-25,20:00:00,76,32,44,F11MO
40,Molenlei 59,2022-10-25,21:00:00,48,22,26,F11MO
40,Molenlei 59,2022-10-25,22:00:00,80,26,54,F11MO
40,Molenlei 59,2022-10-25,23:00:00,12,4,8,F11MO
40,Molenlei 59,2022-10-26,00:00:00,12,0,12,F11MO
40,Molenlei 59,2022-10-26,01:00:00,4,0,4,F11MO
40,Molenlei 59,2022-10-26,02:00:00,2,0,2,F11MO
40,Molenlei 59,2022-10-26,03:00:00,0,0,0,F11MO
40,Molenlei 59,2022-10-26,04:00:00,22,22,0,F11MO
40,Molenlei 59,2022-10-26,05:00:00,42,34,8,F11MO
40,Molenlei 59,2022-10-26,06:00:00,134,88,46,F11MO
40,Molenlei 59,2022-10-26,07:00:00,422,262,160,F11MO
40,Molenlei 59,2022-10-26,08:00:00,496,322,174,F11MO
40,Molenlei 59,2022-10-26,09:00:00,208,110,98,F11MO
40,Molenlei 59,2022-10-26,10:00:00,224,120,104,F11MO
40,Molenlei 59,2022-10-26,11:00:00,352,110,242,F11MO
40,Molenlei 59,2022-10-26,12:00:00,386,182,204,F11MO
40,Molenlei 59,2022-10-26,13:00:00,390,142,248,F11MO
40,Molenlei 59,2022-10-26,14:00:00,454,154,300,F11MO
40,Molenlei 59,2022-10-26,15:00:00,606,224,382,F11MO
40,Molenlei 59,2022-10-26,16:00:00,524,242,282,F11MO
40,Molenlei 59,2022-10-26,17:00:00,496,204,292,F11MO
40,Molenlei 59,2022-10-26,18:00:00,310,130,180,F11MO
40,Molenlei 59,2022-10-26,19:00:00,126,62,64,F11MO
40,Molenlei 59,2022-10-26,20:00:00,106,58,48,F11MO
40,Molenlei 59,2022-10-26,21:00:00,62,32,30,F11MO
40,Molenlei 59,2022-10-26,22:00:00,60,22,38,F11MO
40,Molenlei 59,2022-10-26,23:00:00,32,8,24,F11MO
40,Molenlei 59,2022-10-27,00:00:00,14,2,12,F11MO
40,Molenlei 59,2022-10-27,01:00:00,2,0,2,F11MO
40,Molenlei 59,2022-10-27,02:00:00,4,2,2,F11MO
40,Molenlei 59,2022-10-27,03:00:00,4,2,2,F11MO
40,Molenlei 59,2022-10-27,04:00:00,22,18,4,F11MO
40,Molenlei 59,2022-10-27,05:00:00,50,36,14,F11MO
40,Molenlei 59,2022-10-27,06:00:00,164,118,46,F11MO
40,Molenlei 59,2022-10-27,07:00:00,450,308,142,F11MO
40,Molenlei 59,2022-10-27,08:00:00,616,426,190,F11MO
40,Molenlei 59,2022-10-27,09:00:00,188,100,88,F11MO
40,Molenlei 59,2022-10-27,10:00:00,138,74,64,F11MO
40,Molenlei 59,2022-10-27,11:00:00,200,98,102,F11MO
40,Molenlei 59,2022-10-27,12:00:00,200,104,96,F11MO
40,Molenlei 59,2022-10-27,13:00:00,276,116,160,F11MO
40,Molenlei 59,2022-10-27,14:00:00,236,70,166,F11MO
40,Molenlei 59,2022-10-27,15:00:00,466,194,272,F11MO
40,Molenlei 59,2022-10-27,16:00:00,842,306,536,F11MO
40,Molenlei 59,2022-10-27,17:00:00,592,194,398,F11MO
40,Molenlei 59,2022-10-27,18:00:00,302,120,182,F11MO
40,Molenlei 59,2022-10-27,19:00:00,144,60,84,F11MO
40,Molenlei 59,2022-10-27,20:00:00,86,46,40,F11MO
40,Molenlei 59,2022-10-27,21:00:00,90,42,48,F11MO
40,Molenlei 59,2022-10-27,22:00:00,82,18,64,F11MO
40,Molenlei 59,2022-10-27,23:00:00,34,12,22,F11MO
40,Molenlei 59,2022-10-28,00:00:00,12,4,8,F11MO
40,Molenlei 59,2022-10-28,01:00:00,16,2,14,F11MO
40,Molenlei 59,2022-10-28,02:00:00,2,2,0,F11MO
40,Molenlei 59,2022-10-28,03:00:00,4,2,2,F11MO
40,Molenlei 59,2022-10-28,04:00:00,18,14,4,F11MO
40,Molenlei 59,2022-10-28,05:00:00,52,34,18,F11MO
40,Molenlei 59,2022-10-28,06:00:00,130,84,46,F11MO
40,Molenlei 59,2022-10-28,07:00:00,334,226,108,F11MO
40,Molenlei 59,2022-10-28,08:00:00,476,308,168,F11MO
40,Molenlei 59,2022-10-28,09:00:00,162,78,84,F11MO
40,Molenlei 59,2022-10-28,10:00:00,168,82,86,F11MO
40,Molenlei 59,2022-10-28,11:00:00,210,104,106,F11MO
40,Molenlei 59,2022-10-28,12:00:00,326,154,172,F11MO
40,Molenlei 59,2022-10-28,13:00:00,426,180,246,F11MO
40,Molenlei 59,2022-10-28,14:00:00,472,202,270,F11MO
40,Molenlei 59,2022-10-28,15:00:00,554,204,350,F11MO
40,Molenlei 59,2022-10-28,16:00:00,672,272,400,F11MO
40,Molenlei 59,2022-10-28,17:00:00,488,178,310,F11MO
40,Molenlei 59,2022-10-28,18:00:00,264,118,146,F11MO
40,Molenlei 59,2022-10-28,19:00:00,252,52,200,F11MO
40,Molenlei 59,2022-10-28,20:00:00,100,50,50,F11MO
40,Molenlei 59,2022-10-28,21:00:00,58,30,28,F11MO
40,Molenlei 59,2022-10-28,22:00:00,60,14,46,F11MO
40,Molenlei 59,2022-10-28,23:00:00,70,20,50,F11MO
40,Molenlei 59,2022-10-29,00:00:00,42,20,22,F11MO
40,Molenlei 59,2022-10-29,01:00:00,22,14,8,F11MO
40,Molenlei 59,2022-10-29,02:00:00,18,12,6,F11MO
40,Molenlei 59,2022-10-29,03:00:00,26,20,6,F11MO
40,Molenlei 59,2022-10-29,04:00:00,38,32,6,F11MO
40,Molenlei 59,2022-10-29,05:00:00,24,10,14,F11MO
40,Molenlei 59,2022-10-29,06:00:00,52,16,36,F11MO
40,Molenlei 59,2022-10-29,07:00:00,26,10,16,F11MO
40,Molenlei 59,2022-10-29,08:00:00,94,48,46,F11MO
40,Molenlei 59,2022-10-29,09:00:00,112,58,54,F11MO
40,Molenlei 59,2022-10-29,10:00:00,194,86,108,F11MO
40,Molenlei 59,2022-10-29,11:00:00,268,118,150,F11MO
40,Molenlei 59,2022-10-29,12:00:00,328,174,154,F11MO
40,Molenlei 59,2022-10-29,13:00:00,420,174,246,F11MO
40,Molenlei 59,2022-10-29,14:00:00,758,290,468,F11MO
40,Molenlei 59,2022-10-29,15:00:00,626,268,358,F11MO
40,Molenlei 59,2022-10-29,16:00:00,508,282,226,F11MO
40,Molenlei 59,2022-10-29,17:00:00,336,184,152,F11MO
40,Molenlei 59,2022-10-29,18:00:00,230,108,122,F11MO
40,Molenlei 59,2022-10-29,19:00:00,134,66,68,F11MO
40,Molenlei 59,2022-10-29,20:00:00,82,36,46,F11MO
40,Molenlei 59,2022-10-29,21:00:00,48,16,32,F11MO
40,Molenlei 59,2022-10-29,22:00:00,50,20,30,F11MO
40,Molenlei 59,2022-10-29,23:00:00,82,24,58,F11MO
40,Molenlei 59,2022-10-30,00:00:00,44,22,22,F11MO
40,Molenlei 59,2022-10-30,01:00:00,16,12,4,F11MO
40,Molenlei 59,2022-10-30,02:00:00,22,4,18,F11MO
40,Molenlei 59,2022-10-30,03:00:00,10,4,6,F11MO
40,Molenlei 59,2022-10-30,04:00:00,10,6,4,F11MO
40,Molenlei 59,2022-10-30,05:00:00,24,8,16,F11MO
40,Molenlei 59,2022-10-30,06:00:00,32,8,24,F11MO
40,Molenlei 59,2022-10-30,07:00:00,78,30,48,F11MO
40,Molenlei 59,2022-10-30,08:00:00,152,54,98,F11MO
40,Molenlei 59,2022-10-30,09:00:00,308,138,170,F11MO
40,Molenlei 59,2022-10-30,10:00:00,302,148,154,F11MO
40,Molenlei 59,2022-10-30,11:00:00,568,274,294,F11MO
40,Molenlei 59,2022-10-30,12:00:00,470,210,260,F11MO
40,Molenlei 59,2022-10-30,13:00:00,394,220,174,F11MO
40,Molenlei 59,2022-10-30,14:00:00,612,268,344,F11MO
40,Molenlei 59,2022-10-30,15:00:00,626,346,280,F11MO
40,Molenlei 59,2022-10-30,16:00:00,344,216,128,F11MO
40,Molenlei 59,2022-10-30,17:00:00,270,152,118,F11MO
40,Molenlei 59,2022-10-30,18:00:00,108,54,54,F11MO
40,Molenlei 59,2022-10-30,19:00:00,68,38,30,F11MO
40,Molenlei 59,2022-10-30,20:00:00,58,32,26,F11MO
40,Molenlei 59,2022-10-30,21:00:00,34,20,14,F11MO
40,Molenlei 59,2022-10-30,22:00:00,26,6,20,F11MO
40,Molenlei 59,2022-10-30,23:00:00,16,8,8,F11MO
40,Molenlei 59,2022-10-31,00:00:00,6,2,4,F11MO
40,Molenlei 59,2022-10-31,01:00:00,2,0,2,F11MO
40,Molenlei 59,2022-10-31,02:00:00,2,2,0,F11MO
40,Molenlei 59,2022-10-31,03:00:00,8,6,2,F11MO
40,Molenlei 59,2022-10-31,04:00:00,14,12,2,F11MO
40,Molenlei 59,2022-10-31,05:00:00,24,10,14,F11MO
40,Molenlei 59,2022-10-31,06:00:00,30,16,14,F11MO
40,Molenlei 59,2022-10-31,07:00:00,118,68,50,F11MO
40,Molenlei 59,2022-10-31,08:00:00,160,80,80,F11MO
40,Molenlei 59,2022-10-31,09:00:00,102,56,46,F11MO
40,Molenlei 59,2022-10-31,10:00:00,90,38,52,F11MO
40,Molenlei 59,2022-10-31,11:00:00,138,76,62,F11MO
40,Molenlei 59,2022-10-31,12:00:00,130,68,62,F11MO
40,Molenlei 59,2022-10-31,13:00:00,206,82,124,F11MO
40,Molenlei 59,2022-10-31,14:00:00,252,84,168,F11MO
40,Molenlei 59,2022-10-31,15:00:00,296,140,156,F11MO
40,Molenlei 59,2022-10-31,16:00:00,316,148,168,F11MO
40,Molenlei 59,2022-10-31,17:00:00,224,124,100,F11MO
40,Molenlei 59,2022-10-31,18:00:00,126,66,60,F11MO
40,Molenlei 59,2022-10-31,19:00:00,90,36,54,F11MO
40,Molenlei 59,2022-10-31,20:00:00,48,26,22,F11MO
40,Molenlei 59,2022-10-31,21:00:00,22,10,12,F11MO
40,Molenlei 59,2022-10-31,22:00:00,20,2,18,F11MO
40,Molenlei 59,2022-10-31,23:00:00,16,4,12,F11MO
40,Molenlei 59,2022-11-01,00:00:00,16,12,4,F11MO
40,Molenlei 59,2022-11-01,01:00:00,16,6,10,F11MO
40,Molenlei 59,2022-11-01,02:00:00,14,14,0,F11MO
40,Molenlei 59,2022-11-01,03:00:00,4,0,4,F11MO
40,Molenlei 59,2022-11-01,04:00:00,16,10,6,F11MO
40,Molenlei 59,2022-11-01,05:00:00,14,8,6,F11MO
40,Molenlei 59,2022-11-01,06:00:00,20,8,12,F11MO
40,Molenlei 59,2022-11-01,07:00:00,32,12,20,F11MO
40,Molenlei 59,2022-11-01,08:00:00,60,24,36,F11MO
40,Molenlei 59,2022-11-01,09:00:00,122,50,72,F11MO
40,Molenlei 59,2022-11-01,10:00:00,136,64,72,F11MO
40,Molenlei 59,2022-11-01,11:00:00,202,114,88,F11MO
40,Molenlei 59,2022-11-01,12:00:00,178,92,86,F11MO
40,Molenlei 59,2022-11-01,13:00:00,230,112,118,F11MO
40,Molenlei 59,2022-11-01,14:00:00,280,128,152,F11MO
40,Molenlei 59,2022-11-01,15:00:00,208,118,90,F11MO
40,Molenlei 59,2022-11-01,16:00:00,208,134,74,F11MO
40,Molenlei 59,2022-11-01,17:00:00,140,84,56,F11MO
40,Molenlei 59,2022-11-01,18:00:00,68,36,32,F11MO
40,Molenlei 59,2022-11-01,19:00:00,76,30,46,F11MO
40,Molenlei 59,2022-11-01,20:00:00,50,32,18,F11MO
40,Molenlei 59,2022-11-01,21:00:00,46,16,30,F11MO
40,Molenlei 59,2022-11-01,22:00:00,22,8,14,F11MO
40,Molenlei 59,2022-11-01,23:00:00,12,2,10,F11MO
40,Molenlei 59,2022-11-02,00:00:00,2,0,2,F11MO
40,Molenlei 59,2022-11-02,01:00:00,4,2,2,F11MO
40,Molenlei 59,2022-11-02,02:00:00,4,0,4,F11MO
40,Molenlei 59,2022-11-02,03:00:00,6,2,4,F11MO
40,Molenlei 59,2022-11-02,04:00:00,14,12,2,F11MO
40,Molenlei 59,2022-11-02,05:00:00,48,38,10,F11MO
40,Molenlei 59,2022-11-02,06:00:00,74,46,28,F11MO
40,Molenlei 59,2022-11-02,07:00:00,210,124,86,F11MO
40,Molenlei 59,2022-11-02,08:00:00,212,122,90,F11MO
40,Molenlei 59,2022-11-02,09:00:00,132,68,64,F11MO
40,Molenlei 59,2022-11-02,10:00:00,148,66,82,F11MO
40,Molenlei 59,2022-11-02,11:00:00,184,68,116,F11MO
40,Molenlei 59,2022-11-02,12:00:00,192,86,106,F11MO
40,Molenlei 59,2022-11-02,13:00:00,220,94,126,F11MO
40,Molenlei 59,2022-11-02,14:00:00,272,108,164,F11MO
40,Molenlei 59,2022-11-02,15:00:00,238,108,130,F11MO
40,Molenlei 59,2022-11-02,16:00:00,350,146,204,F11MO
40,Molenlei 59,2022-11-02,17:00:00,328,136,192,F11MO
40,Molenlei 59,2022-11-02,18:00:00,146,64,82,F11MO
40,Molenlei 59,2022-11-02,19:00:00,112,54,58,F11MO
40,Molenlei 59,2022-11-02,20:00:00,48,32,16,F11MO
40,Molenlei 59,2022-11-02,21:00:00,36,14,22,F11MO
40,Molenlei 59,2022-11-02,22:00:00,60,24,36,F11MO
40,Molenlei 59,2022-11-02,23:00:00,26,12,14,F11MO
40,Molenlei 59,2022-11-03,00:00:00,16,8,8,F11MO
40,Molenlei 59,2022-11-03,01:00:00,6,2,4,F11MO
40,Molenlei 59,2022-11-03,02:00:00,2,0,2,F11MO
40,Molenlei 59,2022-11-03,03:00:00,4,2,2,F11MO
40,Molenlei 59,2022-11-03,04:00:00,12,10,2,F11MO
40,Molenlei 59,2022-11-03,05:00:00,36,30,6,F11MO
40,Molenlei 59,2022-11-03,06:00:00,92,64,28,F11MO
40,Molenlei 59,2022-11-03,07:00:00,224,156,68,F11MO
40,Molenlei 59,2022-11-03,08:00:00,232,120,112,F11MO
40,Molenlei 59,2022-11-03,09:00:00,152,72,80,F11MO
40,Molenlei 59,2022-11-03,10:00:00,124,62,62,F11MO
40,Molenlei 59,2022-11-03,11:00:00,112,58,54,F11MO
40,Molenlei 59,2022-11-03,12:00:00,158,94,64,F11MO
40,Molenlei 59,2022-11-03,13:00:00,116,60,56,F11MO
40,Molenlei 59,2022-11-03,14:00:00,162,68,94,F11MO
40,Molenlei 59,2022-11-03,15:00:00,136,52,84,F11MO
40,Molenlei 59,2022-11-03,16:00:00,256,100,156,F11MO
40,Molenlei 59,2022-11-03,17:00:00,198,62,136,F11MO
40,Molenlei 59,2022-11-03,18:00:00,124,40,84,F11MO
40,Molenlei 59,2022-11-03,19:00:00,68,22,46,F11MO
40,Molenlei 59,2022-11-03,20:00:00,52,24,28,F11MO
40,Molenlei 59,2022-11-03,21:00:00,20,10,10,F11MO
40,Molenlei 59,2022-11-03,22:00:00,44,24,20,F11MO
40,Molenlei 59,2022-11-03,23:00:00,18,6,12,F11MO
40,Molenlei 59,2022-11-04,00:00:00,6,2,4,F11MO
40,Molenlei 59,2022-11-04,01:00:00,10,4,6,F11MO
40,Molenlei 59,2022-11-04,02:00:00,0,0,0,F11MO
40,Molenlei 59,2022-11-04,03:00:00,2,2,0,F11MO
40,Molenlei 59,2022-11-04,04:00:00,16,12,4,F11MO
40,Molenlei 59,2022-11-04,05:00:00,34,26,8,F11MO
40,Molenlei 59,2022-11-04,06:00:00,66,44,22,F11MO
40,Molenlei 59,2022-11-04,07:00:00,150,82,68,F11MO
40,Molenlei 59,2022-11-04,08:00:00,162,104,58,F11MO
40,Molenlei 59,2022-11-04,09:00:00,86,40,46,F11MO
40,Molenlei 59,2022-11-04,10:00:00,98,54,44,F11MO
40,Molenlei 59,2022-11-04,11:00:00,104,58,46,F11MO
40,Molenlei 59,2022-11-04,12:00:00,150,74,76,F11MO
40,Molenlei 59,2022-11-04,13:00:00,200,82,118,F11MO
40,Molenlei 59,2022-11-04,14:00:00,150,74,76,F11MO
40,Molenlei 59,2022-11-04,15:00:00,166,54,112,F11MO
40,Molenlei 59,2022-11-04,16:00:00,226,124,102,F11MO
40,Molenlei 59,2022-11-04,17:00:00,192,80,112,F11MO
40,Molenlei 59,2022-11-04,18:00:00,164,74,90,F11MO
40,Molenlei 59,2022-11-04,19:00:00,84,30,54,F11MO
40,Molenlei 59,2022-11-04,20:00:00,100,68,32,F11MO
40,Molenlei 59,2022-11-04,21:00:00,60,20,40,F11MO
40,Molenlei 59,2022-11-04,22:00:00,42,14,28,F11MO
40,Molenlei 59,2022-11-04,23:00:00,22,10,12,F11MO
40,Molenlei 59,2022-11-05,00:00:00,14,4,10,F11MO
40,Molenlei 59,2022-11-05,01:00:00,16,6,10,F11MO
40,Molenlei 59,2022-11-05,02:00:00,50,36,14,F11MO
40,Molenlei 59,2022-11-05,03:00:00,46,42,4,F11MO
40,Molenlei 59,2022-11-05,04:00:00,22,16,6,F11MO
40,Molenlei 59,2022-11-05,05:00:00,8,0,8,F11MO
40,Molenlei 59,2022-11-05,06:00:00,32,14,18,F11MO
40,Molenlei 59,2022-11-05,07:00:00,24,4,20,F11MO
40,Molenlei 59,2022-11-05,08:00:00,86,36,50,F11MO
40,Molenlei 59,2022-11-05,09:00:00,184,62,122,F11MO
40,Molenlei 59,2022-11-05,10:00:00,206,78,128,F11MO
40,Molenlei 59,2022-11-05,11:00:00,264,126,138,F11MO
40,Molenlei 59,2022-11-05,12:00:00,278,184,94,F11MO
40,Molenlei 59,2022-11-05,13:00:00,218,130,88,F11MO
40,Molenlei 59,2022-11-05,14:00:00,252,128,124,F11MO
40,Molenlei 59,2022-11-05,15:00:00,190,106,84,F11MO
40,Molenlei 59,2022-11-05,16:00:00,168,92,76,F11MO
40,Molenlei 59,2022-11-05,17:00:00,152,96,56,F11MO
40,Molenlei 59,2022-11-05,18:00:00,98,54,44,F11MO
40,Molenlei 59,2022-11-05,19:00:00,30,10,20,F11MO
40,Molenlei 59,2022-11-05,20:00:00,38,12,26,F11MO
40,Molenlei 59,2022-11-05,21:00:00,30,14,16,F11MO
40,Molenlei 59,2022-11-05,22:00:00,34,12,22,F11MO
40,Molenlei 59,2022-11-05,23:00:00,22,12,10,F11MO
40,Molenlei 59,2022-11-06,00:00:00,6,6,0,F11MO
40,Molenlei 59,2022-11-06,01:00:00,20,10,10,F11MO
40,Molenlei 59,2022-11-06,02:00:00,4,0,4,F11MO
40,Molenlei 59,2022-11-06,03:00:00,4,4,0,F11MO
40,Molenlei 59,2022-11-06,04:00:00,4,4,0,F11MO
40,Molenlei 59,2022-11-06,05:00:00,10,0,10,F11MO
40,Molenlei 59,2022-11-06,06:00:00,30,12,18,F11MO
40,Molenlei 59,2022-11-06,07:00:00,38,18,20,F11MO
40,Molenlei 59,2022-11-06,08:00:00,120,48,72,F11MO
40,Molenlei 59,2022-11-06,09:00:00,146,62,84,F11MO
40,Molenlei 59,2022-11-06,10:00:00,250,120,130,F11MO
40,Molenlei 59,2022-11-06,11:00:00,228,144,84,F11MO
40,Molenlei 59,2022-11-06,12:00:00,190,118,72,F11MO
40,Molenlei 59,2022-11-06,13:00:00,82,52,30,F11MO
40,Molenlei 59,2022-11-06,14:00:00,42,24,18,F11MO
40,Molenlei 59,2022-11-06,15:00:00,36,6,30,F11MO
40,Molenlei 59,2022-11-06,16:00:00,28,12,16,F11MO
40,Molenlei 59,2022-11-06,17:00:00,46,28,18,F11MO
40,Molenlei 59,2022-11-06,18:00:00,52,28,24,F11MO
40,Molenlei 59,2022-11-06,19:00:00,36,12,24,F11MO
40,Molenlei 59,2022-11-06,20:00:00,30,18,12,F11MO
40,Molenlei 59,2022-11-06,21:00:00,14,8,6,F11MO
40,Molenlei 59,2022-11-06,22:00:00,38,10,28,F11MO
40,Molenlei 59,2022-11-06,23:00:00,6,4,2,F11MO
40,Molenlei 59,2022-11-07,00:00:00,4,2,2,F11MO
40,Molenlei 59,2022-11-07,01:00:00,2,0,2,F11MO
40,Molenlei 59,2022-11-07,02:00:00,2,2,0,F11MO
40,Molenlei 59,2022-11-07,03:00:00,2,0,2,F11MO
40,Molenlei 59,2022-11-07,04:00:00,6,6,0,F11MO
40,Molenlei 59,2022-11-07,05:00:00,48,36,12,F11MO
40,Molenlei 59,2022-11-07,06:00:00,88,66,22,F11MO
40,Molenlei 59,2022-11-07,07:00:00,362,230,132,F11MO
40,Molenlei 59,2022-11-07,08:00:00,446,288,158,F11MO
40,Molenlei 59,2022-11-07,09:00:00,98,58,40,F11MO
40,Molenlei 59,2022-11-07,10:00:00,94,68,26,F11MO
40,Molenlei 59,2022-11-07,11:00:00,96,48,48,F11MO
40,Molenlei 59,2022-11-07,12:00:00,146,68,78,F11MO
40,Molenlei 59,2022-11-07,13:00:00,154,84,70,F11MO
40,Molenlei 59,2022-11-07,14:00:00,172,76,96,F11MO
40,Molenlei 59,2022-11-07,15:00:00,242,78,164,F11MO
40,Molenlei 59,2022-11-07,16:00:00,416,126,290,F11MO
40,Molenlei 59,2022-11-07,17:00:00,348,122,226,F11MO
40,Molenlei 59,2022-11-07,18:00:00,180,56,124,F11MO
40,Molenlei 59,2022-11-07,19:00:00,72,28,44,F11MO
40,Molenlei 59,2022-11-07,20:00:00,72,32,40,F11MO
40,Molenlei 59,2022-11-07,21:00:00,28,8,20,F11MO
40,Molenlei 59,2022-11-07,22:00:00,50,16,34,F11MO
40,Molenlei 59,2022-11-07,23:00:00,12,8,4,F11MO
40,Molenlei 59,2022-11-08,00:00:00,6,2,4,F11MO
40,Molenlei 59,2022-11-08,01:00:00,2,0,2,F11MO
40,Molenlei 59,2022-11-08,02:00:00,0,0,0,F11MO
40,Molenlei 59,2022-11-08,03:00:00,0,0,0,F11MO
40,Molenlei 59,2022-11-08,04:00:00,12,10,2,F11MO
40,Molenlei 59,2022-11-08,05:00:00,60,42,18,F11MO
40,Molenlei 59,2022-11-08,06:00:00,150,104,46,F11MO
40,Molenlei 59,2022-11-08,07:00:00,440,308,132,F11MO
40,Molenlei 59,2022-11-08,08:00:00,556,360,196,F11MO
40,Molenlei 59,2022-11-08,09:00:00,166,102,64,F11MO
40,Molenlei 59,2022-11-08,10:00:00,144,60,84,F11MO
40,Molenlei 59,2022-11-08,11:00:00,136,76,60,F11MO
40,Molenlei 59,2022-11-08,12:00:00,152,108,44,F11MO
40,Molenlei 59,2022-11-08,13:00:00,146,56,90,F11MO
40,Molenlei 59,2022-11-08,14:00:00,206,84,122,F11MO
40,Molenlei 59,2022-11-08,15:00:00,356,118,238,F11MO
40,Molenlei 59,2022-11-08,16:00:00,474,146,328,F11MO
40,Molenlei 59,2022-11-08,17:00:00,490,160,330,F11MO
40,Molenlei 59,2022-11-08,18:00:00,196,78,118,F11MO
40,Molenlei 59,2022-11-08,19:00:00,100,28,72,F11MO
40,Molenlei 59,2022-11-08,20:00:00,76,36,40,F11MO
40,Molenlei 59,2022-11-08,21:00:00,48,18,30,F11MO
40,Molenlei 59,2022-11-08,22:00:00,90,28,62,F11MO
40,Molenlei 59,2022-11-08,23:00:00,18,4,14,F11MO
40,Molenlei 59,2022-11-09,00:00:00,8,4,4,F11MO
40,Molenlei 59,2022-11-09,01:00:00,4,2,2,F11MO
40,Molenlei 59,2022-11-09,02:00:00,4,2,2,F11MO
40,Molenlei 59,2022-11-09,03:00:00,2,2,0,F11MO
40,Molenlei 59,2022-11-09,04:00:00,10,10,0,F11MO
40,Molenlei 59,2022-11-09,05:00:00,32,24,8,F11MO
40,Molenlei 59,2022-11-09,06:00:00,130,94,36,F11MO
40,Molenlei 59,2022-11-09,07:00:00,444,282,162,F11MO
40,Molenlei 59,2022-11-09,08:00:00,518,344,174,F11MO
40,Molenlei 59,2022-11-09,09:00:00,214,120,94,F11MO
40,Molenlei 59,2022-11-09,10:00:00,228,126,102,F11MO
40,Molenlei 59,2022-11-09,11:00:00,232,98,134,F11MO
40,Molenlei 59,2022-11-09,12:00:00,358,148,210,F11MO
40,Molenlei 59,2022-11-09,13:00:00,238,106,132,F11MO
40,Molenlei 59,2022-11-09,14:00:00,214,102,112,F11MO
40,Molenlei 59,2022-11-09,15:00:00,178,60,118,F11MO
40,Molenlei 59,2022-11-09,16:00:00,360,128,232,F11MO
40,Molenlei 59,2022-11-09,17:00:00,454,156,298,F11MO
40,Molenlei 59,2022-11-09,18:00:00,208,82,126,F11MO
40,Molenlei 59,2022-11-09,19:00:00,112,50,62,F11MO
40,Molenlei 59,2022-11-09,20:00:00,60,36,24,F11MO
40,Molenlei 59,2022-11-09,21:00:00,48,16,32,F11MO
40,Molenlei 59,2022-11-09,22:00:00,48,18,30,F11MO
40,Molenlei 59,2022-11-09,23:00:00,26,8,18,F11MO
40,Molenlei 59,2022-11-10,00:00:00,8,4,4,F11MO
40,Molenlei 59,2022-11-10,01:00:00,6,0,6,F11MO
40,Molenlei 59,2022-11-10,02:00:00,0,0,0,F11MO
40,Molenlei 59,2022-11-10,03:00:00,0,0,0,F11MO
40,Molenlei 59,2022-11-10,04:00:00,6,6,0,F11MO
40,Molenlei 59,2022-11-10,05:00:00,40,28,12,F11MO
40,Molenlei 59,2022-11-10,06:00:00,138,104,34,F11MO
40,Molenlei 59,2022-11-10,07:00:00,392,270,122,F11MO
40,Molenlei 59,2022-11-10,08:00:00,492,320,172,F11MO
40,Molenlei 59,2022-11-10,09:00:00,150,90,60,F11MO
40,Molenlei 59,2022-11-10,10:00:00,178,102,76,F11MO
40,Molenlei 59,2022-11-10,11:00:00,176,94,82,F11MO
40,Molenlei 59,2022-11-10,12:00:00,220,106,114,F11MO
40,Molenlei 59,2022-11-10,13:00:00,250,96,154,F11MO
40,Molenlei 59,2022-11-10,14:00:00,330,174,156,F11MO
40,Molenlei 59,2022-11-10,15:00:00,364,128,236,F11MO
40,Molenlei 59,2022-11-10,16:00:00,530,182,348,F11MO
40,Molenlei 59,2022-11-10,17:00:00,442,152,290,F11MO
40,Molenlei 59,2022-11-10,18:00:00,216,80,136,F11MO
40,Molenlei 59,2022-11-10,19:00:00,138,50,88,F11MO
40,Molenlei 59,2022-11-10,20:00:00,84,34,50,F11MO
40,Molenlei 59,2022-11-10,21:00:00,100,34,66,F11MO
40,Molenlei 59,2022-11-10,22:00:00,56,24,32,F11MO
40,Molenlei 59,2022-11-10,23:00:00,54,34,20,F11MO
40,Molenlei 59,2022-11-11,00:00:00,94,66,28,F11MO
40,Molenlei 59,2022-11-11,01:00:00,52,24,28,F11MO
40,Molenlei 59,2022-11-11,02:00:00,28,14,14,F11MO
40,Molenlei 59,2022-11-11,03:00:00,20,18,2,F11MO
40,Molenlei 59,2022-11-11,04:00:00,10,6,4,F11MO
40,Molenlei 59,2022-11-11,05:00:00,18,12,6,F11MO
40,Molenlei 59,2022-11-11,06:00:00,22,6,16,F11MO
40,Molenlei 59,2022-11-11,07:00:00,20,10,10,F11MO
40,Molenlei 59,2022-11-11,08:00:00,56,28,28,F11MO
40,Molenlei 59,2022-11-11,09:00:00,136,40,96,F11MO
40,Molenlei 59,2022-11-11,10:00:00,178,80,98,F11MO
40,Molenlei 59,2022-11-11,11:00:00,266,142,124,F11MO
40,Molenlei 59,2022-11-11,12:00:00,290,142,148,F11MO
40,Molenlei 59,2022-11-11,13:00:00,294,128,166,F11MO
40,Molenlei 59,2022-11-11,14:00:00,370,160,210,F11MO
40,Molenlei 59,2022-11-11,15:00:00,316,186,130,F11MO
40,Molenlei 59,2022-11-11,16:00:00,262,154,108,F11MO
40,Molenlei 59,2022-11-11,17:00:00,124,56,68,F11MO
40,Molenlei 59,2022-11-11,18:00:00,110,56,54,F11MO
40,Molenlei 59,2022-11-11,19:00:00,66,30,36,F11MO
40,Molenlei 59,2022-11-11,20:00:00,52,30,22,F11MO
40,Molenlei 59,2022-11-11,21:00:00,28,8,20,F11MO
40,Molenlei 59,2022-11-11,22:00:00,36,20,16,F11MO
40,Molenlei 59,2022-11-11,23:00:00,32,8,24,F11MO
40,Molenlei 59,2022-11-12,00:00:00,24,14,10,F11MO
40,Molenlei 59,2022-11-12,01:00:00,12,6,6,F11MO
40,Molenlei 59,2022-11-12,02:00:00,2,0,2,F11MO
40,Molenlei 59,2022-11-12,03:00:00,0,0,0,F11MO
40,Molenlei 59,2022-11-12,04:00:00,6,2,4,F11MO
40,Molenlei 59,2022-11-12,05:00:00,28,22,6,F11MO
40,Molenlei 59,2022-11-12,06:00:00,24,8,16,F11MO
40,Molenlei 59,2022-11-12,07:00:00,24,10,14,F11MO
40,Molenlei 59,2022-11-12,08:00:00,64,26,38,F11MO
40,Molenlei 59,2022-11-12,09:00:00,156,60,96,F11MO
40,Molenlei 59,2022-11-12,10:00:00,164,78,86,F11MO
40,Molenlei 59,2022-11-12,11:00:00,226,118,108,F11MO
40,Molenlei 59,2022-11-12,12:00:00,270,146,124,F11MO
40,Molenlei 59,2022-11-12,13:00:00,318,132,186,F11MO
40,Molenlei 59,2022-11-12,14:00:00,454,154,300,F11MO
40,Molenlei 59,2022-11-12,15:00:00,328,152,176,F11MO
40,Molenlei 59,2022-11-12,16:00:00,278,160,118,F11MO
40,Molenlei 59,2022-11-12,17:00:00,150,84,66,F11MO
40,Molenlei 59,2022-11-12,18:00:00,108,70,38,F11MO
40,Molenlei 59,2022-11-12,19:00:00,88,46,42,F11MO
40,Molenlei 59,2022-11-12,20:00:00,62,36,26,F11MO
40,Molenlei 59,2022-11-12,21:00:00,34,20,14,F11MO
40,Molenlei 59,2022-11-12,22:00:00,36,8,28,F11MO
40,Molenlei 59,2022-11-12,23:00:00,42,16,26,F11MO
40,Molenlei 59,2022-11-13,00:00:00,22,10,12,F11MO
40,Molenlei 59,2022-11-13,01:00:00,16,10,6,F11MO
40,Molenlei 59,2022-11-13,02:00:00,10,4,6,F11MO
40,Molenlei 59,2022-11-13,03:00:00,20,14,6,F11MO
40,Molenlei 59,2022-11-13,04:00:00,6,4,2,F11MO
40,Molenlei 59,2022-11-13,05:00:00,12,8,4,F11MO
40,Molenlei 59,2022-11-13,06:00:00,20,8,12,F11MO
40,Molenlei 59,2022-11-13,07:00:00,30,8,22,F11MO
40,Molenlei 59,2022-11-13,08:00:00,80,22,58,F11MO
40,Molenlei 59,2022-11-13,09:00:00,282,128,154,F11MO
40,Molenlei 59,2022-11-13,10:00:00,234,80,154,F11MO
40,Molenlei 59,2022-11-13,11:00:00,346,174,172,F11MO
40,Molenlei 59,2022-11-13,12:00:00,366,196,170,F11MO
40,Molenlei 59,2022-11-13,13:00:00,418,178,240,F11MO
40,Molenlei 59,2022-11-13,14:00:00,370,178,192,F11MO
40,Molenlei 59,2022-11-13,15:00:00,372,170,202,F11MO
40,Molenlei 59,2022-11-13,16:00:00,322,190,132,F11MO
40,Molenlei 59,2022-11-13,17:00:00,182,114,68,F11MO
40,Molenlei 59,2022-11-13,18:00:00,104,62,42,F11MO
40,Molenlei 59,2022-11-13,19:00:00,50,30,20,F11MO
40,Molenlei 59,2022-11-13,20:00:00,40,28,12,F11MO
40,Molenlei 59,2022-11-13,21:00:00,38,14,24,F11MO
40,Molenlei 59,2022-11-13,22:00:00,24,2,22,F11MO
40,Molenlei 59,2022-11-13,23:00:00,8,0,8,F11MO
40,Molenlei 59,2022-11-14,00:00:00,4,0,4,F11MO
40,Molenlei 59,2022-11-14,01:00:00,2,0,2,F11MO
40,Molenlei 59,2022-11-14,02:00:00,0,0,0,F11MO
40,Molenlei 59,2022-11-14,03:00:00,0,0,0,F11MO
40,Molenlei 59,2022-11-14,04:00:00,10,10,0,F11MO
40,Molenlei 59,2022-11-14,05:00:00,36,28,8,F11MO
40,Molenlei 59,2022-11-14,06:00:00,132,106,26,F11MO
40,Molenlei 59,2022-11-14,07:00:00,422,274,148,F11MO
40,Molenlei 59,2022-11-14,08:00:00,512,332,180,F11MO
40,Molenlei 59,2022-11-14,09:00:00,160,86,74,F11MO
40,Molenlei 59,2022-11-14,10:00:00,150,76,74,F11MO
40,Molenlei 59,2022-11-14,11:00:00,142,72,70,F11MO
40,Molenlei 59,2022-11-14,12:00:00,206,116,90,F11MO
40,Molenlei 59,2022-11-14,13:00:00,192,102,90,F11MO
40,Molenlei 59,2022-11-14,14:00:00,216,96,120,F11MO
40,Molenlei 59,2022-11-14,15:00:00,328,136,192,F11MO
40,Molenlei 59,2022-11-14,16:00:00,504,158,346,F11MO
40,Molenlei 59,2022-11-14,17:00:00,414,120,294,F11MO
40,Molenlei 59,2022-11-14,18:00:00,190,76,114,F11MO
40,Molenlei 59,2022-11-14,19:00:00,82,32,50,F11MO
40,Molenlei 59,2022-11-14,20:00:00,52,16,36,F11MO
40,Molenlei 59,2022-11-14,21:00:00,38,20,18,F11MO
40,Molenlei 59,2022-11-14,22:00:00,64,16,48,F11MO
40,Molenlei 59,2022-11-14,23:00:00,10,4,6,F11MO
40,Molenlei 59,2022-11-15,00:00:00,4,2,2,F11MO
40,Molenlei 59,2022-11-15,01:00:00,0,0,0,F11MO
40,Molenlei 59,2022-11-15,02:00:00,0,0,0,F11MO
40,Molenlei 59,2022-11-15,03:00:00,2,0,2,F11MO
40,Molenlei 59,2022-11-15,04:00:00,8,6,2,F11MO
40,Molenlei 59,2022-11-15,05:00:00,38,32,6,F11MO
40,Molenlei 59,2022-11-15,06:00:00,126,92,34,F11MO
40,Molenlei 59,2022-11-15,07:00:00,358,240,118,F11MO
40,Molenlei 59,2022-11-15,08:00:00,444,282,162,F11MO
40,Molenlei 59,2022-11-15,09:00:00,160,98,62,F11MO
40,Molenlei 59,2022-11-15,10:00:00,114,70,44,F11MO
40,Molenlei 59,2022-11-15,11:00:00,138,80,58,F11MO
40,Molenlei 59,2022-11-15,12:00:00,182,90,92,F11MO
40,Molenlei 59,2022-11-15,13:00:00,126,56,70,F11MO
40,Molenlei 59,2022-11-15,14:00:00,144,54,90,F11MO
40,Molenlei 59,2022-11-15,15:00:00,222,70,152,F11MO
40,Molenlei 59,2022-11-15,16:00:00,360,120,240,F11MO
40,Molenlei 59,2022-11-15,17:00:00,314,86,228,F11MO
40,Molenlei 59,2022-11-15,18:00:00,154,58,96,F11MO
40,Molenlei 59,2022-11-15,19:00:00,58,24,34,F11MO
40,Molenlei 59,2022-11-15,20:00:00,52,24,28,F11MO
40,Molenlei 59,2022-11-15,21:00:00,42,18,24,F11MO
40,Molenlei 59,2022-11-15,22:00:00,52,18,34,F11MO
40,Molenlei 59,2022-11-15,23:00:00,16,4,12,F11MO
40,Molenlei 59,2022-11-16,00:00:00,4,2,2,F11MO
40,Molenlei 59,2022-11-16,01:00:00,0,0,0,F11MO
40,Molenlei 59,2022-11-16,02:00:00,0,0,0,F11MO
40,Molenlei 59,2022-11-16,03:00:00,0,0,0,F11MO
40,Molenlei 59,2022-11-16,04:00:00,20,18,2,F11MO
40,Molenlei 59,2022-11-16,05:00:00,26,24,2,F11MO
40,Molenlei 59,2022-11-16,06:00:00,106,78,28,F11MO
40,Molenlei 59,2022-11-16,07:00:00,352,222,130,F11MO
40,Molenlei 59,2022-11-16,08:00:00,374,214,160,F11MO
40,Molenlei 59,2022-11-16,09:00:00,154,84,70,F11MO
40,Molenlei 59,2022-11-16,10:00:00,154,76,78,F11MO
40,Molenlei 59,2022-11-16,11:00:00,164,88,76,F11MO
40,Molenlei 59,2022-11-16,12:00:00,330,156,174,F11MO
40,Molenlei 59,2022-11-16,13:00:00,200,94,106,F11MO
40,Molenlei 59,2022-11-16,14:00:00,156,64,92,F11MO
40,Molenlei 59,2022-11-16,15:00:00,184,56,128,F11MO
40,Molenlei 59,2022-11-16,16:00:00,276,90,186,F11MO
40,Molenlei 59,2022-11-16,17:00:00,270,86,184,F11MO
40,Molenlei 59,2022-11-16,18:00:00,204,76,128,F11MO
40,Molenlei 59,2022-11-16,19:00:00,92,34,58,F11MO
40,Molenlei 59,2022-11-16,20:00:00,58,40,18,F11MO
40,Molenlei 59,2022-11-16,21:00:00,30,12,18,F11MO
40,Molenlei 59,2022-11-16,22:00:00,36,12,24,F11MO
40,Molenlei 59,2022-11-16,23:00:00,16,4,12,F11MO
40,Molenlei 59,2022-11-17,00:00:00,4,0,4,F11MO
40,Molenlei 59,2022-11-17,01:00:00,4,0,4,F11MO
40,Molenlei 59,2022-11-17,02:00:00,2,0,2,F11MO
40,Molenlei 59,2022-11-17,03:00:00,0,0,0,F11MO
40,Molenlei 59,2022-11-17,04:00:00,6,6,0,F11MO
40,Molenlei 59,2022-11-17,05:00:00,20,18,2,F11MO
40,Molenlei 59,2022-11-17,06:00:00,84,64,20,F11MO
40,Molenlei 59,2022-11-17,07:00:00,224,142,82,F11MO
40,Molenlei 59,2022-11-17,08:00:00,324,222,102,F11MO
40,Molenlei 59,2022-11-17,09:00:00,74,42,32,F11MO
40,Molenlei 59,2022-11-17,10:00:00,72,44,28,F11MO
40,Molenlei 59,2022-11-17,11:00:00,50,24,26,F11MO
40,Molenlei 59,2022-11-17,12:00:00,112,54,58,F11MO
40,Molenlei 59,2022-11-17,13:00:00,128,58,70,F11MO
40,Molenlei 59,2022-11-17,14:00:00,110,38,72,F11MO
40,Molenlei 59,2022-11-17,15:00:00,224,82,142,F11MO
40,Molenlei 59,2022-11-17,16:00:00,290,94,196,F11MO
40,Molenlei 59,2022-11-17,17:00:00,306,110,196,F11MO
40,Molenlei 59,2022-11-17,18:00:00,164,70,94,F11MO
40,Molenlei 59,2022-11-17,19:00:00,80,36,44,F11MO
40,Molenlei 59,2022-11-17,20:00:00,60,32,28,F11MO
40,Molenlei 59,2022-11-17,21:00:00,36,16,20,F11MO
40,Molenlei 59,2022-11-17,22:00:00,46,16,30,F11MO
40,Molenlei 59,2022-11-17,23:00:00,32,10,22,F11MO
40,Molenlei 59,2022-11-18,00:00:00,8,2,6,F11MO
40,Molenlei 59,2022-11-18,01:00:00,4,2,2,F11MO
40,Molenlei 59,2022-11-18,02:00:00,0,0,0,F11MO
40,Molenlei 59,2022-11-18,03:00:00,2,2,0,F11MO
40,Molenlei 59,2022-11-18,04:00:00,10,8,2,F11MO
40,Molenlei 59,2022-11-18,05:00:00,36,30,6,F11MO
40,Molenlei 59,2022-11-18,06:00:00,86,64,22,F11MO
40,Molenlei 59,2022-11-18,07:00:00,298,184,114,F11MO
40,Molenlei 59,2022-11-18,08:00:00,378,232,146,F11MO
40,Molenlei 59,2022-11-18,09:00:00,122,74,48,F11MO
40,Molenlei 59,2022-11-18,10:00:00,154,64,90,F11MO
40,Molenlei 59,2022-11-18,11:00:00,158,84,74,F11MO
40,Molenlei 59,2022-11-18,12:00:00,150,60,90,F11MO
40,Molenlei 59,2022-11-18,13:00:00,116,50,66,F11MO
40,Molenlei 59,2022-11-18,14:00:00,126,54,72,F11MO
40,Molenlei 59,2022-11-18,15:00:00,232,86,146,F11MO
40,Molenlei 59,2022-11-18,16:00:00,306,102,204,F11MO
40,Molenlei 59,2022-11-18,17:00:00,214,66,148,F11MO
40,Molenlei 59,2022-11-18,18:00:00,118,58,60,F11MO
40,Molenlei 59,2022-11-18,19:00:00,42,22,20,F11MO
40,Molenlei 59,2022-11-18,20:00:00,32,6,26,F11MO
40,Molenlei 59,2022-11-18,21:00:00,30,12,18,F11MO
40,Molenlei 59,2022-11-18,22:00:00,52,12,40,F11MO
40,Molenlei 59,2022-11-18,23:00:00,30,14,16,F11MO
40,Molenlei 59,2022-11-19,00:00:00,34,20,14,F11MO
40,Molenlei 59,2022-11-19,01:00:00,32,20,12,F11MO
40,Molenlei 59,2022-11-19,02:00:00,10,4,6,F11MO
40,Molenlei 59,2022-11-19,03:00:00,20,12,8,F11MO
40,Molenlei 59,2022-11-19,04:00:00,8,4,4,F11MO
40,Molenlei 59,2022-11-19,05:00:00,10,4,6,F11MO
40,Molenlei 59,2022-11-19,06:00:00,16,6,10,F11MO
40,Molenlei 59,2022-11-19,07:00:00,20,10,10,F11MO
40,Molenlei 59,2022-11-19,08:00:00,42,16,26,F11MO
40,Molenlei 59,2022-11-19,09:00:00,60,18,42,F11MO
40,Molenlei 59,2022-11-19,10:00:00,96,42,54,F11MO
40,Molenlei 59,2022-11-19,11:00:00,90,42,48,F11MO
40,Molenlei 59,2022-11-19,12:00:00,120,68,52,F11MO
40,Molenlei 59,2022-11-19,13:00:00,86,52,34,F11MO
40,Molenlei 59,2022-11-19,14:00:00,88,42,46,F11MO
40,Molenlei 59,2022-11-19,15:00:00,90,50,40,F11MO
40,Molenlei 59,2022-11-19,16:00:00,114,58,56,F11MO
40,Molenlei 59,2022-11-19,17:00:00,98,46,52,F11MO
40,Molenlei 59,2022-11-19,18:00:00,84,48,36,F11MO
40,Molenlei 59,2022-11-19,19:00:00,40,26,14,F11MO
40,Molenlei 59,2022-11-19,20:00:00,44,36,8,F11MO
40,Molenlei 59,2022-11-19,21:00:00,16,4,12,F11MO
40,Molenlei 59,2022-11-19,22:00:00,38,24,14,F11MO
40,Molenlei 59,2022-11-19,23:00:00,12,4,8,F11MO
40,Molenlei 59,2022-11-20,00:00:00,32,20,12,F11MO
40,Molenlei 59,2022-11-20,01:00:00,18,10,8,F11MO
40,Molenlei 59,2022-11-20,02:00:00,14,0,14,F11MO
40,Molenlei 59,2022-11-20,03:00:00,22,0,22,F11MO
40,Molenlei 59,2022-11-20,04:00:00,2,2,0,F11MO
40,Molenlei 59,2022-11-20,05:00:00,16,4,12,F11MO
40,Molenlei 59,2022-11-20,06:00:00,30,10,20,F11MO
40,Molenlei 59,2022-11-20,07:00:00,10,6,4,F11MO
40,Molenlei 59,2022-11-20,08:00:00,66,20,46,F11MO
40,Molenlei 59,2022-11-20,09:00:00,148,68,80,F11MO
40,Molenlei 59,2022-11-20,10:00:00,156,82,74,F11MO
40,Molenlei 59,2022-11-20,11:00:00,182,114,68,F11MO
40,Molenlei 59,2022-11-20,12:00:00,162,80,82,F11MO
40,Molenlei 59,2022-11-20,13:00:00,94,44,50,F11MO
40,Molenlei 59,2022-11-20,14:00:00,40,22,18,F11MO
40,Molenlei 59,2022-11-20,15:00:00,36,16,20,F11MO
40,Molenlei 59,2022-11-20,16:00:00,50,30,20,F11MO
40,Molenlei 59,2022-11-20,17:00:00,58,34,24,F11MO
40,Molenlei 59,2022-11-20,18:00:00,44,22,22,F11MO
40,Molenlei 59,2022-11-20,19:00:00,62,32,30,F11MO
40,Molenlei 59,2022-11-20,20:00:00,30,20,10,F11MO
40,Molenlei 59,2022-11-20,21:00:00,24,12,12,F11MO
40,Molenlei 59,2022-11-20,22:00:00,24,8,16,F11MO
40,Molenlei 59,2022-11-20,23:00:00,6,2,4,F11MO
40,Molenlei 59,2022-11-21,00:00:00,0,0,0,F11MO
40,Molenlei 59,2022-11-21,01:00:00,0,0,0,F11MO
40,Molenlei 59,2022-11-21,02:00:00,12,6,6,F11MO
40,Molenlei 59,2022-11-21,03:00:00,2,2,0,F11MO
40,Molenlei 59,2022-11-21,04:00:00,8,6,2,F11MO
40,Molenlei 59,2022-11-21,05:00:00,42,28,14,F11MO
40,Molenlei 59,2022-11-21,06:00:00,94,66,28,F11MO
40,Molenlei 59,2022-11-21,07:00:00,390,276,114,F11MO
40,Molenlei 59,2022-11-21,08:00:00,430,272,158,F11MO
40,Molenlei 59,2022-11-21,09:00:00,140,74,66,F11MO
40,Molenlei 59,2022-11-21,10:00:00,130,76,54,F11MO
40,Molenlei 59,2022-11-21,11:00:00,140,78,62,F11MO
40,Molenlei 59,2022-11-21,12:00:00,176,84,92,F11MO
40,Molenlei 59,2022-11-21,13:00:00,118,52,66,F11MO
40,Molenlei 59,2022-11-21,14:00:00,158,84,74,F11MO
40,Molenlei 59,2022-11-21,15:00:00,226,64,162,F11MO
40,Molenlei 59,2022-11-21,16:00:00,416,152,264,F11MO
40,Molenlei 59,2022-11-21,17:00:00,360,112,248,F11MO
40,Molenlei 59,2022-11-21,18:00:00,142,34,108,F11MO
40,Molenlei 59,2022-11-21,19:00:00,82,28,54,F11MO
40,Molenlei 59,2022-11-21,20:00:00,20,12,8,F11MO
40,Molenlei 59,2022-11-21,21:00:00,28,10,18,F11MO
40,Molenlei 59,2022-11-21,22:00:00,46,18,28,F11MO
40,Molenlei 59,2022-11-21,23:00:00,6,0,6,F11MO
40,Molenlei 59,2022-11-22,00:00:00,4,2,2,F11MO
40,Molenlei 59,2022-11-22,01:00:00,0,0,0,F11MO
40,Molenlei 59,2022-11-22,02:00:00,0,0,0,F11MO
40,Molenlei 59,2022-11-22,03:00:00,4,2,2,F11MO
40,Molenlei 59,2022-11-22,04:00:00,16,10,6,F11MO
40,Molenlei 59,2022-11-22,05:00:00,44,34,10,F11MO
40,Molenlei 59,2022-11-22,06:00:00,108,76,32,F11MO
40,Molenlei 59,2022-11-22,07:00:00,358,256,102,F11MO
40,Molenlei 59,2022-11-22,08:00:00,428,284,144,F11MO
40,Molenlei 59,2022-11-22,09:00:00,144,82,62,F11MO
40,Molenlei 59,2022-11-22,10:00:00,86,46,40,F11MO
40,Molenlei 59,2022-11-22,11:00:00,78,44,34,F11MO
40,Molenlei 59,2022-11-22,12:00:00,114,70,44,F11MO
40,Molenlei 59,2022-11-22,13:00:00,110,50,60,F11MO
40,Molenlei 59,2022-11-22,14:00:00,94,30,64,F11MO
40,Molenlei 59,2022-11-22,15:00:00,202,40,162,F11MO
40,Molenlei 59,2022-11-22,16:00:00,368,130,238,F11MO
40,Molenlei 59,2022-11-22,17:00:00,342,106,236,F11MO
40,Molenlei 59,2022-11-22,18:00:00,176,42,134,F11MO
40,Molenlei 59,2022-11-22,19:00:00,76,30,46,F11MO
40,Molenlei 59,2022-11-22,20:00:00,44,20,24,F11MO
40,Molenlei 59,2022-11-22,21:00:00,40,18,22,F11MO
40,Molenlei 59,2022-11-22,22:00:00,46,12,34,F11MO
40,Molenlei 59,2022-11-22,23:00:00,16,8,8,F11MO
40,Molenlei 59,2022-11-23,00:00:00,10,4,6,F11MO
40,Molenlei 59,2022-11-23,01:00:00,4,0,4,F11MO
40,Molenlei 59,2022-11-23,02:00:00,2,0,2,F11MO
40,Molenlei 59,2022-11-23,03:00:00,0,0,0,F11MO
40,Molenlei 59,2022-11-23,04:00:00,10,6,4,F11MO
40,Molenlei 59,2022-11-23,05:00:00,34,28,6,F11MO
40,Molenlei 59,2022-11-23,06:00:00,108,70,38,F11MO
40,Molenlei 59,2022-11-23,07:00:00,306,194,112,F11MO
40,Molenlei 59,2022-11-23,08:00:00,358,232,126,F11MO
40,Molenlei 59,2022-11-23,09:00:00,156,76,80,F11MO
40,Molenlei 59,2022-11-23,10:00:00,164,82,82,F11MO
40,Molenlei 59,2022-11-23,11:00:00,166,72,94,F11MO
40,Molenlei 59,2022-11-23,12:00:00,280,110,170,F11MO
40,Molenlei 59,2022-11-23,13:00:00,212,106,106,F11MO
40,Molenlei 59,2022-11-23,14:00:00,92,34,58,F11MO
40,Molenlei 59,2022-11-23,15:00:00,100,42,58,F11MO
40,Molenlei 59,2022-11-23,16:00:00,248,104,144,F11MO
40,Molenlei 59,2022-11-23,17:00:00,260,100,160,F11MO
40,Molenlei 59,2022-11-23,18:00:00,174,68,106,F11MO
40,Molenlei 59,2022-11-23,19:00:00,108,52,56,F11MO
40,Molenlei 59,2022-11-23,20:00:00,32,24,8,F11MO
40,Molenlei 59,2022-11-23,21:00:00,28,12,16,F11MO
40,Molenlei 59,2022-11-23,22:00:00,46,12,34,F11MO
40,Molenlei 59,2022-11-23,23:00:00,20,8,12,F11MO
40,Molenlei 59,2022-11-24,00:00:00,14,10,4,F11MO
40,Molenlei 59,2022-11-24,01:00:00,2,2,0,F11MO
40,Molenlei 59,2022-11-24,02:00:00,2,0,2,F11MO
40,Molenlei 59,2022-11-24,03:00:00,4,2,2,F11MO
40,Molenlei 59,2022-11-24,04:00:00,10,10,0,F11MO
40,Molenlei 59,2022-11-24,05:00:00,30,20,10,F11MO
40,Molenlei 59,2022-11-24,06:00:00,114,74,40,F11MO
40,Molenlei 59,2022-11-24,07:00:00,404,284,120,F11MO
40,Molenlei 59,2022-11-24,08:00:00,502,336,166,F11MO
40,Molenlei 59,2022-11-24,09:00:00,154,80,74,F11MO
40,Molenlei 59,2022-11-24,10:00:00,106,54,52,F11MO
40,Molenlei 59,2022-11-24,11:00:00,128,82,46,F11MO
40,Molenlei 59,2022-11-24,12:00:00,182,78,104,F11MO
40,Molenlei 59,2022-11-24,13:00:00,200,88,112,F11MO
40,Molenlei 59,2022-11-24,14:00:00,192,88,104,F11MO
40,Molenlei 59,2022-11-24,15:00:00,312,138,174,F11MO
40,Molenlei 59,2022-11-24,16:00:00,398,154,244,F11MO
40,Molenlei 59,2022-11-24,17:00:00,360,104,256,F11MO
40,Molenlei 59,2022-11-24,18:00:00,210,74,136,F11MO
40,Molenlei 59,2022-11-24,19:00:00,90,24,66,F11MO
40,Molenlei 59,2022-11-24,20:00:00,48,20,28,F11MO
40,Molenlei 59,2022-11-24,21:00:00,46,24,22,F11MO
40,Molenlei 59,2022-11-24,22:00:00,64,18,46,F11MO
40,Molenlei 59,2022-11-24,23:00:00,26,8,18,F11MO
40,Molenlei 59,2022-11-25,00:00:00,14,4,10,F11MO
40,Molenlei 59,2022-11-25,01:00:00,0,0,0,F11MO
40,Molenlei 59,2022-11-25,02:00:00,2,2,0,F11MO
40,Molenlei 59,2022-11-25,03:00:00,0,0,0,F11MO
40,Molenlei 59,2022-11-25,04:00:00,22,20,2,F11MO
40,Molenlei 59,2022-11-25,05:00:00,32,22,10,F11MO
40,Molenlei 59,2022-11-25,06:00:00,86,58,28,F11MO
40,Molenlei 59,2022-11-25,07:00:00,272,168,104,F11MO
40,Molenlei 59,2022-11-25,08:00:00,382,246,136,F11MO
40,Molenlei 59,2022-11-25,09:00:00,160,82,78,F11MO
40,Molenlei 59,2022-11-25,10:00:00,112,66,46,F11MO
40,Molenlei 59,2022-11-25,11:00:00,142,70,72,F11MO
40,Molenlei 59,2022-11-25,12:00:00,156,74,82,F11MO
40,Molenlei 59,2022-11-25,13:00:00,188,74,114,F11MO
40,Molenlei 59,2022-11-25,14:00:00,204,84,120,F11MO
40,Molenlei 59,2022-11-25,15:00:00,360,138,222,F11MO
40,Molenlei 59,2022-11-25,16:00:00,438,162,276,F11MO
40,Molenlei 59,2022-11-25,17:00:00,268,72,196,F11MO
40,Molenlei 59,2022-11-25,18:00:00,184,82,102,F11MO
40,Molenlei 59,2022-11-25,19:00:00,88,30,58,F11MO
40,Molenlei 59,2022-11-25,20:00:00,64,36,28,F11MO
40,Molenlei 59,2022-11-25,21:00:00,36,20,16,F11MO
40,Molenlei 59,2022-11-25,22:00:00,32,6,26,F11MO
40,Molenlei 59,2022-11-25,23:00:00,36,26,10,F11MO
40,Molenlei 59,2022-11-26,00:00:00,26,14,12,F11MO
40,Molenlei 59,2022-11-26,01:00:00,26,14,12,F11MO
40,Molenlei 59,2022-11-26,02:00:00,10,6,4,F11MO
40,Molenlei 59,2022-11-26,03:00:00,12,6,6,F11MO
40,Molenlei 59,2022-11-26,04:00:00,6,4,2,F11MO
40,Molenlei 59,2022-11-26,05:00:00,20,10,10,F11MO
40,Molenlei 59,2022-11-26,06:00:00,14,2,12,F11MO
40,Molenlei 59,2022-11-26,07:00:00,36,16,20,F11MO
40,Molenlei 59,2022-11-26,08:00:00,76,26,50,F11MO
40,Molenlei 59,2022-11-26,09:00:00,140,46,94,F11MO
40,Molenlei 59,2022-11-26,10:00:00,156,76,80,F11MO
40,Molenlei 59,2022-11-26,11:00:00,254,118,136,F11MO
40,Molenlei 59,2022-11-26,12:00:00,220,122,98,F11MO
40,Molenlei 59,2022-11-26,13:00:00,238,138,100,F11MO
40,Molenlei 59,2022-11-26,14:00:00,212,120,92,F11MO
40,Molenlei 59,2022-11-26,15:00:00,256,142,114,F11MO
40,Molenlei 59,2022-11-26,16:00:00,172,90,82,F11MO
40,Molenlei 59,2022-11-26,17:00:00,92,48,44,F11MO
40,Molenlei 59,2022-11-26,18:00:00,76,36,40,F11MO
40,Molenlei 59,2022-11-26,19:00:00,52,26,26,F11MO
40,Molenlei 59,2022-11-26,20:00:00,40,24,16,F11MO
40,Molenlei 59,2022-11-26,21:00:00,26,16,10,F11MO
40,Molenlei 59,2022-11-26,22:00:00,32,14,18,F11MO
40,Molenlei 59,2022-11-26,23:00:00,12,4,8,F11MO
40,Molenlei 59,2022-11-27,00:00:00,26,14,12,F11MO
40,Molenlei 59,2022-11-27,01:00:00,14,10,4,F11MO
40,Molenlei 59,2022-11-27,02:00:00,10,2,8,F11MO
40,Molenlei 59,2022-11-27,03:00:00,6,0,6,F11MO
40,Molenlei 59,2022-11-27,04:00:00,4,2,2,F11MO
40,Molenlei 59,2022-11-27,05:00:00,12,2,10,F11MO
40,Molenlei 59,2022-11-27,06:00:00,16,4,12,F11MO
40,Molenlei 59,2022-11-27,07:00:00,6,2,4,F11MO
40,Molenlei 59,2022-11-27,08:00:00,54,30,24,F11MO
40,Molenlei 59,2022-11-27,09:00:00,98,40,58,F11MO
40,Molenlei 59,2022-11-27,10:00:00,90,46,44,F11MO
40,Molenlei 59,2022-11-27,11:00:00,94,66,28,F11MO
40,Molenlei 59,2022-11-27,12:00:00,112,64,48,F11MO
40,Molenlei 59,2022-11-27,13:00:00,112,54,58,F11MO
40,Molenlei 59,2022-11-27,14:00:00,68,34,34,F11MO
40,Molenlei 59,2022-11-27,15:00:00,28,12,16,F11MO
40,Molenlei 59,2022-11-27,16:00:00,100,50,50,F11MO
40,Molenlei 59,2022-11-27,17:00:00,86,34,52,F11MO
40,Molenlei 59,2022-11-27,18:00:00,58,28,30,F11MO
40,Molenlei 59,2022-11-27,19:00:00,44,18,26,F11MO
40,Molenlei 59,2022-11-27,20:00:00,18,12,6,F11MO
40,Molenlei 59,2022-11-27,21:00:00,18,6,12,F11MO
40,Molenlei 59,2022-11-27,22:00:00,30,10,20,F11MO
40,Molenlei 59,2022-11-27,23:00:00,2,2,0,F11MO
40,Molenlei 59,2022-11-28,00:00:00,0,0,0,F11MO
40,Molenlei 59,2022-11-28,01:00:00,0,0,0,F11MO
40,Molenlei 59,2022-11-28,02:00:00,0,0,0,F11MO
40,Molenlei 59,2022-11-28,03:00:00,0,0,0,F11MO
40,Molenlei 59,2022-11-28,04:00:00,14,14,0,F11MO
40,Molenlei 59,2022-11-28,05:00:00,46,34,12,F11MO
40,Molenlei 59,2022-11-28,06:00:00,98,80,18,F11MO
40,Molenlei 59,2022-11-28,07:00:00,332,214,118,F11MO
40,Molenlei 59,2022-11-28,08:00:00,428,286,142,F11MO
40,Molenlei 59,2022-11-28,09:00:00,132,62,70,F11MO
40,Molenlei 59,2022-11-28,10:00:00,76,40,36,F11MO
40,Molenlei 59,2022-11-28,11:00:00,82,48,34,F11MO
40,Molenlei 59,2022-11-28,12:00:00,144,80,64,F11MO
40,Molenlei 59,2022-11-28,13:00:00,132,68,64,F11MO
40,Molenlei 59,2022-11-28,14:00:00,132,56,76,F11MO
40,Molenlei 59,2022-11-28,15:00:00,240,86,154,F11MO
40,Molenlei 59,2022-11-28,16:00:00,430,126,304,F11MO
40,Molenlei 59,2022-11-28,17:00:00,356,126,230,F11MO
40,Molenlei 59,2022-11-28,18:00:00,158,64,94,F11MO
40,Molenlei 59,2022-11-28,19:00:00,102,40,62,F11MO
40,Molenlei 59,2022-11-28,20:00:00,38,20,18,F11MO
40,Molenlei 59,2022-11-28,21:00:00,26,8,18,F11MO
40,Molenlei 59,2022-11-28,22:00:00,58,20,38,F11MO
40,Molenlei 59,2022-11-28,23:00:00,12,6,6,F11MO
40,Molenlei 59,2022-11-29,00:00:00,6,2,4,F11MO
40,Molenlei 59,2022-11-29,01:00:00,2,0,2,F11MO
40,Molenlei 59,2022-11-29,02:00:00,0,0,0,F11MO
40,Molenlei 59,2022-11-29,03:00:00,0,0,0,F11MO
40,Molenlei 59,2022-11-29,04:00:00,8,6,2,F11MO
40,Molenlei 59,2022-11-29,05:00:00,50,44,6,F11MO
40,Molenlei 59,2022-11-29,06:00:00,154,116,38,F11MO
40,Molenlei 59,2022-11-29,07:00:00,446,320,126,F11MO
40,Molenlei 59,2022-11-29,08:00:00,520,370,150,F11MO
40,Molenlei 59,2022-11-29,09:00:00,156,92,64,F11MO
40,Molenlei 59,2022-11-29,10:00:00,118,66,52,F11MO
40,Molenlei 59,2022-11-29,11:00:00,84,44,40,F11MO
40,Molenlei 59,2022-11-29,12:00:00,128,76,52,F11MO
40,Molenlei 59,2022-11-29,13:00:00,172,68,104,F11MO
40,Molenlei 59,2022-11-29,14:00:00,156,78,78,F11MO
40,Molenlei 59,2022-11-29,15:00:00,342,102,240,F11MO
40,Molenlei 59,2022-11-29,16:00:00,490,136,354,F11MO
40,Molenlei 59,2022-11-29,17:00:00,406,116,290,F11MO
40,Molenlei 59,2022-11-29,18:00:00,188,50,138,F11MO
40,Molenlei 59,2022-11-29,19:00:00,102,44,58,F11MO
40,Molenlei 59,2022-11-29,20:00:00,38,18,20,F11MO
40,Molenlei 59,2022-11-29,21:00:00,30,10,20,F11MO
40,Molenlei 59,2022-11-29,22:00:00,60,12,48,F11MO
40,Molenlei 59,2022-11-29,23:00:00,10,4,6,F11MO
40,Molenlei 59,2022-11-30,00:00:00,6,0,6,F11MO
40,Molenlei 59,2022-11-30,01:00:00,2,0,2,F11MO
40,Molenlei 59,2022-11-30,02:00:00,0,0,0,F11MO
40,Molenlei 59,2022-11-30,03:00:00,6,6,0,F11MO
40,Molenlei 59,2022-11-30,04:00:00,10,8,2,F11MO
40,Molenlei 59,2022-11-30,05:00:00,54,48,6,F11MO
40,Molenlei 59,2022-11-30,06:00:00,122,84,38,F11MO
40,Molenlei 59,2022-11-30,07:00:00,388,254,134,F11MO
40,Molenlei 59,2022-11-30,08:00:00,406,276,130,F11MO
40,Molenlei 59,2022-11-30,09:00:00,176,100,76,F11MO
40,Molenlei 59,2022-11-30,10:00:00,120,54,66,F11MO
40,Molenlei 59,2022-11-30,11:00:00,152,44,108,F11MO
40,Molenlei 59,2022-11-30,12:00:00,308,122,186,F11MO
40,Molenlei 59,2022-11-30,13:00:00,224,104,120,F11MO
40,Molenlei 59,2022-11-30,14:00:00,156,50,106,F11MO
40,Molenlei 59,2022-11-30,15:00:00,204,84,120,F11MO
40,Molenlei 59,2022-11-30,16:00:00,314,100,214,F11MO
40,Molenlei 59,2022-11-30,17:00:00,292,94,198,F11MO
40,Molenlei 59,2022-11-30,18:00:00,228,90,138,F11MO
40,Molenlei 59,2022-11-30,19:00:00,108,38,70,F11MO
40,Molenlei 59,2022-11-30,20:00:00,40,20,20,F11MO
40,Molenlei 59,2022-11-30,21:00:00,46,20,26,F11MO
40,Molenlei 59,2022-11-30,22:00:00,50,20,30,F11MO
40,Molenlei 59,2022-11-30,23:00:00,22,10,12,F11MO
40,Molenlei 59,2022-12-01,00:00:00,6,4,2,F11MO
40,Molenlei 59,2022-12-01,01:00:00,4,2,2,F11MO
40,Molenlei 59,2022-12-01,02:00:00,2,2,0,F11MO
40,Molenlei 59,2022-12-01,03:00:00,2,0,2,F11MO
40,Molenlei 59,2022-12-01,04:00:00,12,10,2,F11MO
40,Molenlei 59,2022-12-01,05:00:00,44,38,6,F11MO
40,Molenlei 59,2022-12-01,06:00:00,136,100,36,F11MO
40,Molenlei 59,2022-12-01,07:00:00,376,256,120,F11MO
40,Molenlei 59,2022-12-01,08:00:00,536,374,162,F11MO
40,Molenlei 59,2022-12-01,09:00:00,166,96,70,F11MO
40,Molenlei 59,2022-12-01,10:00:00,102,48,54,F11MO
40,Molenlei 59,2022-12-01,11:00:00,132,58,74,F11MO
40,Molenlei 59,2022-12-01,12:00:00,154,80,74,F11MO
40,Molenlei 59,2022-12-01,13:00:00,152,60,92,F11MO
40,Molenlei 59,2022-12-01,14:00:00,156,74,82,F11MO
40,Molenlei 59,2022-12-01,15:00:00,344,132,212,F11MO
40,Molenlei 59,2022-12-01,16:00:00,356,110,246,F11MO
40,Molenlei 59,2022-12-01,17:00:00,274,90,184,F11MO
40,Molenlei 59,2022-12-01,18:00:00,250,78,172,F11MO
40,Molenlei 59,2022-12-01,19:00:00,96,42,54,F11MO
40,Molenlei 59,2022-12-01,20:00:00,60,32,28,F11MO
40,Molenlei 59,2022-12-01,21:00:00,60,24,36,F11MO
40,Molenlei 59,2022-12-01,22:00:00,68,20,48,F11MO
40,Molenlei 59,2022-12-01,23:00:00,38,22,16,F11MO
40,Molenlei 59,2022-12-02,00:00:00,18,6,12,F11MO
40,Molenlei 59,2022-12-02,01:00:00,4,2,2,F11MO
40,Molenlei 59,2022-12-02,02:00:00,6,2,4,F11MO
40,Molenlei 59,2022-12-02,03:00:00,0,0,0,F11MO
40,Molenlei 59,2022-12-02,04:00:00,16,14,2,F11MO
40,Molenlei 59,2022-12-02,05:00:00,38,32,6,F11MO
40,Molenlei 59,2022-12-02,06:00:00,106,74,32,F11MO
40,Molenlei 59,2022-12-02,07:00:00,280,170,110,F11MO
40,Molenlei 59,2022-12-02,08:00:00,334,212,122,F11MO
40,Molenlei 59,2022-12-02,09:00:00,146,88,58,F11MO
40,Molenlei 59,2022-12-02,10:00:00,130,72,58,F11MO
40,Molenlei 59,2022-12-02,11:00:00,98,52,46,F11MO
40,Molenlei 59,2022-12-02,12:00:00,154,62,92,F11MO
40,Molenlei 59,2022-12-02,13:00:00,118,50,68,F11MO
40,Molenlei 59,2022-12-02,14:00:00,114,54,60,F11MO
40,Molenlei 59,2022-12-02,15:00:00,286,90,196,F11MO
40,Molenlei 59,2022-12-02,16:00:00,302,102,200,F11MO
40,Molenlei 59,2022-12-02,17:00:00,220,74,146,F11MO
40,Molenlei 59,2022-12-02,18:00:00,180,78,102,F11MO
40,Molenlei 59,2022-12-02,19:00:00,92,40,52,F11MO
40,Molenlei 59,2022-12-02,20:00:00,52,16,36,F11MO
40,Molenlei 59,2022-12-02,21:00:00,50,22,28,F11MO
40,Molenlei 59,2022-12-02,22:00:00,40,20,20,F11MO
40,Molenlei 59,2022-12-02,23:00:00,36,16,20,F11MO
40,Molenlei 59,2022-12-03,00:00:00,26,8,18,F11MO
40,Molenlei 59,2022-12-03,01:00:00,24,8,16,F11MO
40,Molenlei 59,2022-12-03,02:00:00,22,6,16,F11MO
40,Molenlei 59,2022-12-03,03:00:00,10,4,6,F11MO
40,Molenlei 59,2022-12-03,04:00:00,6,4,2,F11MO
40,Molenlei 59,2022-12-03,05:00:00,12,8,4,F11MO
40,Molenlei 59,2022-12-03,06:00:00,26,4,22,F11MO
40,Molenlei 59,2022-12-03,07:00:00,8,4,4,F11MO
40,Molenlei 59,2022-12-03,08:00:00,60,30,30,F11MO
40,Molenlei 59,2022-12-03,09:00:00,56,30,26,F11MO
40,Molenlei 59,2022-12-03,10:00:00,104,42,62,F11MO
40,Molenlei 59,2022-12-03,11:00:00,140,54,86,F11MO
40,Molenlei 59,2022-12-03,12:00:00,122,60,62,F11MO
40,Molenlei 59,2022-12-03,13:00:00,134,80,54,F11MO
40,Molenlei 59,2022-12-03,14:00:00,144,74,70,F11MO
40,Molenlei 59,2022-12-03,15:00:00,134,58,76,F11MO
40,Molenlei 59,2022-12-03,16:00:00,72,46,26,F11MO
40,Molenlei 59,2022-12-03,17:00:00,80,42,38,F11MO
40,Molenlei 59,2022-12-03,18:00:00,68,26,42,F11MO
40,Molenlei 59,2022-12-03,19:00:00,26,14,12,F11MO
40,Molenlei 59,2022-12-03,20:00:00,48,20,28,F11MO
40,Molenlei 59,2022-12-03,21:00:00,28,10,18,F11MO
40,Molenlei 59,2022-12-03,22:00:00,76,16,60,F11MO
40,Molenlei 59,2022-12-03,23:00:00,20,8,12,F11MO
40,Molenlei 59,2022-12-04,00:00:00,18,12,6,F11MO
40,Molenlei 59,2022-12-04,01:00:00,32,16,16,F11MO
40,Molenlei 59,2022-12-04,02:00:00,14,14,0,F11MO
40,Molenlei 59,2022-12-04,03:00:00,8,8,0,F11MO
40,Molenlei 59,2022-12-04,04:00:00,12,8,4,F11MO
40,Molenlei 59,2022-12-04,05:00:00,18,6,12,F11MO
40,Molenlei 59,2022-12-04,06:00:00,26,8,18,F11MO
40,Molenlei 59,2022-12-04,07:00:00,16,4,12,F11MO
40,Molenlei 59,2022-12-04,08:00:00,88,38,50,F11MO
40,Molenlei 59,2022-12-04,09:00:00,130,54,76,F11MO
40,Molenlei 59,2022-12-04,10:00:00,120,60,60,F11MO
40,Molenlei 59,2022-12-04,11:00:00,194,112,82,F11MO
40,Molenlei 59,2022-12-04,12:00:00,182,110,72,F11MO
40,Molenlei 59,2022-12-04,13:00:00,106,56,50,F11MO
40,Molenlei 59,2022-12-04,14:00:00,82,36,46,F11MO
40,Molenlei 59,2022-12-04,15:00:00,106,74,32,F11MO
40,Molenlei 59,2022-12-04,16:00:00,72,40,32,F11MO
40,Molenlei 59,2022-12-04,17:00:00,44,18,26,F11MO
40,Molenlei 59,2022-12-04,18:00:00,78,22,56,F11MO
40,Molenlei 59,2022-12-04,19:00:00,32,22,10,F11MO
40,Molenlei 59,2022-12-04,20:00:00,26,10,16,F11MO
40,Molenlei 59,2022-12-04,21:00:00,20,10,10,F11MO
40,Molenlei 59,2022-12-04,22:00:00,16,8,8,F11MO
40,Molenlei 59,2022-12-04,23:00:00,4,0,4,F11MO
40,Molenlei 59,2022-12-05,00:00:00,10,4,6,F11MO
40,Molenlei 59,2022-12-05,01:00:00,0,0,0,F11MO
40,Molenlei 59,2022-12-05,02:00:00,2,0,2,F11MO
40,Molenlei 59,2022-12-05,03:00:00,0,0,0,F11MO
40,Molenlei 59,2022-12-05,04:00:00,4,4,0,F11MO
40,Molenlei 59,2022-12-05,05:00:00,34,14,20,F11MO
40,Molenlei 59,2022-12-05,06:00:00,68,52,16,F11MO
40,Molenlei 59,2022-12-05,07:00:00,290,188,102,F11MO
40,Molenlei 59,2022-12-05,08:00:00,386,244,142,F11MO
40,Molenlei 59,2022-12-05,09:00:00,96,50,46,F11MO
40,Molenlei 59,2022-12-05,10:00:00,68,38,30,F11MO
40,Molenlei 59,2022-12-05,11:00:00,64,32,32,F11MO
40,Molenlei 59,2022-12-05,12:00:00,124,64,60,F11MO
40,Molenlei 59,2022-12-05,13:00:00,84,48,36,F11MO
40,Molenlei 59,2022-12-05,14:00:00,82,30,52,F11MO
40,Molenlei 59,2022-12-05,15:00:00,156,46,110,F11MO
40,Molenlei 59,2022-12-05,16:00:00,314,116,198,F11MO
40,Molenlei 59,2022-12-05,17:00:00,280,92,188,F11MO
40,Molenlei 59,2022-12-05,18:00:00,156,54,102,F11MO
40,Molenlei 59,2022-12-05,19:00:00,62,24,38,F11MO
40,Molenlei 59,2022-12-05,20:00:00,36,18,18,F11MO
40,Molenlei 59,2022-12-05,21:00:00,20,8,12,F11MO
40,Molenlei 59,2022-12-05,22:00:00,36,14,22,F11MO
40,Molenlei 59,2022-12-05,23:00:00,8,0,8,F11MO
40,Molenlei 59,2022-12-06,00:00:00,4,2,2,F11MO
40,Molenlei 59,2022-12-06,01:00:00,2,0,2,F11MO
40,Molenlei 59,2022-12-06,02:00:00,0,0,0,F11MO
40,Molenlei 59,2022-12-06,03:00:00,0,0,0,F11MO
40,Molenlei 59,2022-12-06,04:00:00,10,8,2,F11MO
40,Molenlei 59,2022-12-06,05:00:00,36,26,10,F11MO
40,Molenlei 59,2022-12-06,06:00:00,130,88,42,F11MO
40,Molenlei 59,2022-12-06,07:00:00,342,236,106,F11MO
40,Molenlei 59,2022-12-06,08:00:00,476,308,168,F11MO
40,Molenlei 59,2022-12-06,09:00:00,140,88,52,F11MO
40,Molenlei 59,2022-12-06,10:00:00,64,38,26,F11MO
40,Molenlei 59,2022-12-06,11:00:00,122,68,54,F11MO
40,Molenlei 59,2022-12-06,12:00:00,148,58,90,F11MO
40,Molenlei 59,2022-12-06,13:00:00,168,92,76,F11MO
40,Molenlei 59,2022-12-06,14:00:00,186,102,84,F11MO
40,Molenlei 59,2022-12-06,15:00:00,288,86,202,F11MO
40,Molenlei 59,2022-12-06,16:00:00,314,104,210,F11MO
40,Molenlei 59,2022-12-06,17:00:00,372,106,266,F11MO
40,Molenlei 59,2022-12-06,18:00:00,148,50,98,F11MO
40,Molenlei 59,2022-12-06,19:00:00,74,28,46,F11MO
40,Molenlei 59,2022-12-06,20:00:00,76,40,36,F11MO
40,Molenlei 59,2022-12-06,21:00:00,56,30,26,F11MO
40,Molenlei 59,2022-12-06,22:00:00,54,12,42,F11MO
40,Molenlei 59,2022-12-06,23:00:00,14,6,8,F11MO
40,Molenlei 59,2022-12-07,00:00:00,6,2,4,F11MO
40,Molenlei 59,2022-12-07,01:00:00,10,4,6,F11MO
40,Molenlei 59,2022-12-07,02:00:00,2,2,0,F11MO
40,Molenlei 59,2022-12-07,03:00:00,0,0,0,F11MO
40,Molenlei 59,2022-12-07,04:00:00,8,6,2,F11MO
40,Molenlei 59,2022-12-07,05:00:00,32,20,12,F11MO
40,Molenlei 59,2022-12-07,06:00:00,92,64,28,F11MO
40,Molenlei 59,2022-12-07,07:00:00,304,184,120,F11MO
40,Molenlei 59,2022-12-07,08:00:00,298,198,100,F11MO
40,Molenlei 59,2022-12-07,09:00:00,138,80,58,F11MO
40,Molenlei 59,2022-12-07,10:00:00,106,52,54,F11MO
40,Molenlei 59,2022-12-07,11:00:00,118,60,58,F11MO
40,Molenlei 59,2022-12-07,12:00:00,228,80,148,F11MO
40,Molenlei 59,2022-12-07,13:00:00,156,78,78,F11MO
40,Molenlei 59,2022-12-07,14:00:00,102,36,66,F11MO
40,Molenlei 59,2022-12-07,15:00:00,114,46,68,F11MO
40,Molenlei 59,2022-12-07,16:00:00,216,84,132,F11MO
40,Molenlei 59,2022-12-07,17:00:00,262,102,160,F11MO
40,Molenlei 59,2022-12-07,18:00:00,134,48,86,F11MO
40,Molenlei 59,2022-12-07,19:00:00,62,24,38,F11MO
40,Molenlei 59,2022-12-07,20:00:00,50,28,22,F11MO
40,Molenlei 59,2022-12-07,21:00:00,42,16,26,F11MO
40,Molenlei 59,2022-12-07,22:00:00,64,22,42,F11MO
40,Molenlei 59,2022-12-07,23:00:00,4,0,4,F11MO
40,Molenlei 59,2022-12-08,00:00:00,6,2,4,F11MO
40,Molenlei 59,2022-12-08,01:00:00,0,0,0,F11MO
40,Molenlei 59,2022-12-08,02:00:00,0,0,0,F11MO
40,Molenlei 59,2022-12-08,03:00:00,0,0,0,F11MO
40,Molenlei 59,2022-12-08,04:00:00,4,4,0,F11MO
40,Molenlei 59,2022-12-08,05:00:00,22,14,8,F11MO
40,Molenlei 59,2022-12-08,06:00:00,92,60,32,F11MO
40,Molenlei 59,2022-12-08,07:00:00,302,196,106,F11MO
40,Molenlei 59,2022-12-08,08:00:00,344,210,134,F11MO
40,Molenlei 59,2022-12-08,09:00:00,144,84,60,F11MO
40,Molenlei 59,2022-12-08,10:00:00,128,72,56,F11MO
40,Molenlei 59,2022-12-08,11:00:00,122,66,56,F11MO
40,Molenlei 59,2022-12-08,12:00:00,126,58,68,F11MO
40,Molenlei 59,2022-12-08,13:00:00,94,48,46,F11MO
40,Molenlei 59,2022-12-08,14:00:00,56,22,34,F11MO
40,Molenlei 59,2022-12-08,15:00:00,190,62,128,F11MO
40,Molenlei 59,2022-12-08,16:00:00,296,82,214,F11MO
40,Molenlei 59,2022-12-08,17:00:00,264,84,180,F11MO
40,Molenlei 59,2022-12-08,18:00:00,150,68,82,F11MO
40,Molenlei 59,2022-12-08,19:00:00,58,22,36,F11MO
40,Molenlei 59,2022-12-08,20:00:00,52,20,32,F11MO
40,Molenlei 59,2022-12-08,21:00:00,44,26,18,F11MO
40,Molenlei 59,2022-12-08,22:00:00,54,24,30,F11MO
40,Molenlei 59,2022-12-08,23:00:00,12,0,12,F11MO
40,Molenlei 59,2022-12-09,00:00:00,16,6,10,F11MO
40,Molenlei 59,2022-12-09,01:00:00,10,6,4,F11MO
40,Molenlei 59,2022-12-09,02:00:00,4,2,2,F11MO
40,Molenlei 59,2022-12-09,03:00:00,0,0,0,F11MO
40,Molenlei 59,2022-12-09,04:00:00,6,4,2,F11MO
40,Molenlei 59,2022-12-09,05:00:00,38,20,18,F11MO
40,Molenlei 59,2022-12-09,06:00:00,60,34,26,F11MO
40,Molenlei 59,2022-12-09,07:00:00,228,148,80,F11MO
40,Molenlei 59,2022-12-09,08:00:00,308,218,90,F11MO
40,Molenlei 59,2022-12-09,09:00:00,106,64,42,F11MO
40,Molenlei 59,2022-12-09,10:00:00,98,58,40,F11MO
40,Molenlei 59,2022-12-09,11:00:00,124,66,58,F11MO
40,Molenlei 59,2022-12-09,12:00:00,140,62,78,F11MO
40,Molenlei 59,2022-12-09,13:00:00,128,64,64,F11MO
40,Molenlei 59,2022-12-09,14:00:00,124,64,60,F11MO
40,Molenlei 59,2022-12-09,15:00:00,218,66,152,F11MO
40,Molenlei 59,2022-12-09,16:00:00,226,68,158,F11MO
40,Molenlei 59,2022-12-09,17:00:00,162,40,122,F11MO
40,Molenlei 59,2022-12-09,18:00:00,142,54,88,F11MO
40,Molenlei 59,2022-12-09,19:00:00,52,26,26,F11MO
40,Molenlei 59,2022-12-09,20:00:00,52,20,32,F11MO
40,Molenlei 59,2022-12-09,21:00:00,42,18,24,F11MO
40,Molenlei 59,2022-12-09,22:00:00,30,16,14,F11MO
40,Molenlei 59,2022-12-09,23:00:00,32,14,18,F11MO
40,Molenlei 59,2022-12-10,00:00:00,20,12,8,F11MO
40,Molenlei 59,2022-12-10,01:00:00,16,0,16,F11MO
40,Molenlei 59,2022-12-10,02:00:00,12,6,6,F11MO
40,Molenlei 59,2022-12-10,03:00:00,6,0,6,F11MO
40,Molenlei 59,2022-12-10,04:00:00,0,0,0,F11MO
40,Molenlei 59,2022-12-10,05:00:00,16,8,8,F11MO
40,Molenlei 59,2022-12-10,06:00:00,20,6,14,F11MO
40,Molenlei 59,2022-12-10,07:00:00,8,4,4,F11MO
40,Molenlei 59,2022-12-10,08:00:00,48,22,26,F11MO
40,Molenlei 59,2022-12-10,09:00:00,36,18,18,F11MO
40,Molenlei 59,2022-12-10,10:00:00,62,24,38,F11MO
40,Molenlei 59,2022-12-10,11:00:00,78,30,48,F11MO
40,Molenlei 59,2022-12-10,12:00:00,92,52,40,F11MO
40,Molenlei 59,2022-12-10,13:00:00,108,60,48,F11MO
40,Molenlei 59,2022-12-10,14:00:00,76,44,32,F11MO
40,Molenlei 59,2022-12-10,15:00:00,62,34,28,F11MO
40,Molenlei 59,2022-12-10,16:00:00,64,34,30,F11MO
40,Molenlei 59,2022-12-10,17:00:00,86,30,56,F11MO
40,Molenlei 59,2022-12-10,18:00:00,26,10,16,F11MO
40,Molenlei 59,2022-12-10,19:00:00,36,20,16,F11MO
40,Molenlei 59,2022-12-10,20:00:00,28,12,16,F11MO
40,Molenlei 59,2022-12-10,21:00:00,16,6,10,F11MO
40,Molenlei 59,2022-12-10,22:00:00,44,22,22,F11MO
40,Molenlei 59,2022-12-10,23:00:00,20,6,14,F11MO
40,Molenlei 59,2022-12-11,00:00:00,10,6,4,F11MO
40,Molenlei 59,2022-12-11,01:00:00,14,8,6,F11MO
40,Molenlei 59,2022-12-11,02:00:00,10,6,4,F11MO
40,Molenlei 59,2022-12-11,03:00:00,2,2,0,F11MO
40,Molenlei 59,2022-12-11,04:00:00,0,0,0,F11MO
40,Molenlei 59,2022-12-11,05:00:00,18,4,14,F11MO
40,Molenlei 59,2022-12-11,06:00:00,16,4,12,F11MO
40,Molenlei 59,2022-12-11,07:00:00,6,2,4,F11MO
40,Molenlei 59,2022-12-11,08:00:00,38,10,28,F11MO
40,Molenlei 59,2022-12-11,09:00:00,98,40,58,F11MO
40,Molenlei 59,2022-12-11,10:00:00,124,58,66,F11MO
40,Molenlei 59,2022-12-11,11:00:00,114,62,52,F11MO
40,Molenlei 59,2022-12-11,12:00:00,126,76,50,F11MO
40,Molenlei 59,2022-12-11,13:00:00,138,80,58,F11MO
40,Molenlei 59,2022-12-11,14:00:00,88,50,38,F11MO
40,Molenlei 59,2022-12-11,15:00:00,94,46,48,F11MO
40,Molenlei 59,2022-12-11,16:00:00,76,42,34,F11MO
40,Molenlei 59,2022-12-11,17:00:00,56,24,32,F11MO
40,Molenlei 59,2022-12-11,18:00:00,46,14,32,F11MO
40,Molenlei 59,2022-12-11,19:00:00,40,22,18,F11MO
40,Molenlei 59,2022-12-11,20:00:00,20,14,6,F11MO
40,Molenlei 59,2022-12-11,21:00:00,24,8,16,F11MO
40,Molenlei 59,2022-12-11,22:00:00,26,0,26,F11MO
40,Molenlei 59,2022-12-11,23:00:00,12,6,6,F11MO
40,Molenlei 59,2022-12-12,00:00:00,2,0,2,F11MO
40,Molenlei 59,2022-12-12,01:00:00,0,0,0,F11MO
40,Molenlei 59,2022-12-12,02:00:00,2,2,0,F11MO
40,Molenlei 59,2022-12-12,03:00:00,2,2,0,F11MO
40,Molenlei 59,2022-12-12,04:00:00,6,4,2,F11MO
40,Molenlei 59,2022-12-12,05:00:00,32,24,8,F11MO
40,Molenlei 59,2022-12-12,06:00:00,72,48,24,F11MO
40,Molenlei 59,2022-12-12,07:00:00,272,178,94,F11MO
40,Molenlei 59,2022-12-12,08:00:00,386,260,126,F11MO
40,Molenlei 59,2022-12-12,09:00:00,96,38,58,F11MO
40,Molenlei 59,2022-12-12,10:00:00,82,46,36,F11MO
40,Molenlei 59,2022-12-12,11:00:00,72,32,40,F11MO
40,Molenlei 59,2022-12-12,12:00:00,178,82,96,F11MO
40,Molenlei 59,2022-12-12,13:00:00,128,74,54,F11MO
40,Molenlei 59,2022-12-12,14:00:00,158,90,68,F11MO
40,Molenlei 59,2022-12-12,15:00:00,196,58,138,F11MO
40,Molenlei 59,2022-12-12,16:00:00,260,90,170,F11MO
40,Molenlei 59,2022-12-12,17:00:00,270,78,192,F11MO
40,Molenlei 59,2022-12-12,18:00:00,154,56,98,F11MO
40,Molenlei 59,2022-12-12,19:00:00,60,22,38,F11MO
40,Molenlei 59,2022-12-12,20:00:00,36,16,20,F11MO
40,Molenlei 59,2022-12-12,21:00:00,30,4,26,F11MO
40,Molenlei 59,2022-12-12,22:00:00,42,10,32,F11MO
40,Molenlei 59,2022-12-12,23:00:00,4,2,2,F11MO
40,Molenlei 59,2022-12-13,00:00:00,4,2,2,F11MO
40,Molenlei 59,2022-12-13,01:00:00,2,0,2,F11MO
40,Molenlei 59,2022-12-13,02:00:00,0,0,0,F11MO
40,Molenlei 59,2022-12-13,03:00:00,0,0,0,F11MO
40,Molenlei 59,2022-12-13,04:00:00,10,6,4,F11MO
40,Molenlei 59,2022-12-13,05:00:00,32,24,8,F11MO
40,Molenlei 59,2022-12-13,06:00:00,64,40,24,F11MO
40,Molenlei 59,2022-12-13,07:00:00,258,168,90,F11MO
40,Molenlei 59,2022-12-13,08:00:00,338,220,118,F11MO
40,Molenlei 59,2022-12-13,09:00:00,96,40,56,F11MO
40,Molenlei 59,2022-12-13,10:00:00,90,40,50,F11MO
40,Molenlei 59,2022-12-13,11:00:00,84,44,40,F11MO
40,Molenlei 59,2022-12-13,12:00:00,114,62,52,F11MO
40,Molenlei 59,2022-12-13,13:00:00,124,68,56,F11MO
40,Molenlei 59,2022-12-13,14:00:00,96,32,64,F11MO
40,Molenlei 59,2022-12-13,15:00:00,162,62,100,F11MO
40,Molenlei 59,2022-12-13,16:00:00,242,80,162,F11MO
40,Molenlei 59,2022-12-13,17:00:00,256,98,158,F11MO
40,Molenlei 59,2022-12-13,18:00:00,100,32,68,F11MO
40,Molenlei 59,2022-12-13,19:00:00,50,22,28,F11MO
40,Molenlei 59,2022-12-13,20:00:00,32,18,14,F11MO
40,Molenlei 59,2022-12-13,21:00:00,24,12,12,F11MO
40,Molenlei 59,2022-12-13,22:00:00,56,12,44,F11MO
40,Molenlei 59,2022-12-13,23:00:00,12,4,8,F11MO
40,Molenlei 59,2022-12-14,00:00:00,0,0,0,F11MO
40,Molenlei 59,2022-12-14,01:00:00,0,0,0,F11MO
40,Molenlei 59,2022-12-14,02:00:00,2,0,2,F11MO
40,Molenlei 59,2022-12-14,03:00:00,0,0,0,F11MO
40,Molenlei 59,2022-12-14,04:00:00,8,6,2,F11MO
40,Molenlei 59,2022-12-14,05:00:00,18,16,2,F11MO
40,Molenlei 59,2022-12-14,06:00:00,86,52,34,F11MO
40,Molenlei 59,2022-12-14,07:00:00,214,134,80,F11MO
40,Molenlei 59,2022-12-14,08:00:00,248,152,96,F11MO
40,Molenlei 59,2022-12-14,09:00:00,90,38,52,F11MO
40,Molenlei 59,2022-12-14,10:00:00,110,64,46,F11MO
40,Molenlei 59,2022-12-14,11:00:00,140,44,96,F11MO
40,Molenlei 59,2022-12-14,12:00:00,156,60,96,F11MO
40,Molenlei 59,2022-12-14,13:00:00,130,64,66,F11MO
40,Molenlei 59,2022-12-14,14:00:00,120,52,68,F11MO
40,Molenlei 59,2022-12-14,15:00:00,140,56,84,F11MO
40,Molenlei 59,2022-12-14,16:00:00,170,62,108,F11MO
40,Molenlei 59,2022-12-14,17:00:00,168,72,96,F11MO
40,Molenlei 59,2022-12-14,18:00:00,140,54,86,F11MO
40,Molenlei 59,2022-12-14,19:00:00,54,16,38,F11MO
40,Molenlei 59,2022-12-14,20:00:00,24,14,10,F11MO
40,Molenlei 59,2022-12-14,21:00:00,16,10,6,F11MO
40,Molenlei 59,2022-12-14,22:00:00,34,12,22,F11MO
40,Molenlei 59,2022-12-14,23:00:00,8,4,4,F11MO
40,Molenlei 59,2022-12-15,00:00:00,8,6,2,F11MO
40,Molenlei 59,2022-12-15,01:00:00,4,2,2,F11MO
40,Molenlei 59,2022-12-15,02:00:00,0,0,0,F11MO
40,Molenlei 59,2022-12-15,03:00:00,2,2,0,F11MO
40,Molenlei 59,2022-12-15,04:00:00,8,8,0,F11MO
40,Molenlei 59,2022-12-15,05:00:00,22,16,6,F11MO
40,Molenlei 59,2022-12-15,06:00:00,66,46,20,F11MO
40,Molenlei 59,2022-12-15,07:00:00,222,134,88,F11MO
40,Molenlei 59,2022-12-15,08:00:00,312,190,122,F11MO
40,Molenlei 59,2022-12-15,09:00:00,102,60,42,F11MO
40,Molenlei 59,2022-12-15,10:00:00,96,40,56,F11MO
40,Molenlei 59,2022-12-15,11:00:00,78,38,40,F11MO
40,Molenlei 59,2022-12-15,12:00:00,128,70,58,F11MO
40,Molenlei 59,2022-12-15,13:00:00,138,68,70,F11MO
40,Molenlei 59,2022-12-15,14:00:00,90,40,50,F11MO
40,Molenlei 59,2022-12-15,15:00:00,178,54,124,F11MO
40,Molenlei 59,2022-12-15,16:00:00,208,72,136,F11MO
40,Molenlei 59,2022-12-15,17:00:00,208,74,134,F11MO
40,Molenlei 59,2022-12-15,18:00:00,116,52,64,F11MO
40,Molenlei 59,2022-12-15,19:00:00,40,20,20,F11MO
40,Molenlei 59,2022-12-15,20:00:00,46,24,22,F11MO
40,Molenlei 59,2022-12-15,21:00:00,22,12,10,F11MO
40,Molenlei 59,2022-12-15,22:00:00,48,16,32,F11MO
40,Molenlei 59,2022-12-15,23:00:00,14,10,4,F11MO
40,Molenlei 59,2022-12-16,00:00:00,10,2,8,F11MO
40,Molenlei 59,2022-12-16,01:00:00,2,2,0,F11MO
40,Molenlei 59,2022-12-16,02:00:00,0,0,0,F11MO
40,Molenlei 59,2022-12-16,03:00:00,2,2,0,F11MO
40,Molenlei 59,2022-12-16,04:00:00,10,8,2,F11MO
40,Molenlei 59,2022-12-16,05:00:00,24,20,4,F11MO
40,Molenlei 59,2022-12-16,06:00:00,44,24,20,F11MO
40,Molenlei 59,2022-12-16,07:00:00,168,100,68,F11MO
40,Molenlei 59,2022-12-16,08:00:00,278,164,114,F11MO
40,Molenlei 59,2022-12-16,09:00:00,138,66,72,F11MO
40,Molenlei 59,2022-12-16,10:00:00,116,54,62,F11MO
40,Molenlei 59,2022-12-16,11:00:00,118,52,66,F11MO
40,Molenlei 59,2022-12-16,12:00:00,162,74,88,F11MO
40,Molenlei 59,2022-12-16,13:00:00,154,68,86,F11MO
40,Molenlei 59,2022-12-16,14:00:00,138,58,80,F11MO
40,Molenlei 59,2022-12-16,15:00:00,176,86,90,F11MO
40,Molenlei 59,2022-12-16,16:00:00,202,100,102,F11MO
40,Molenlei 59,2022-12-16,17:00:00,224,52,172,F11MO
40,Molenlei 59,2022-12-16,18:00:00,104,54,50,F11MO
40,Molenlei 59,2022-12-16,19:00:00,70,24,46,F11MO
40,Molenlei 59,2022-12-16,20:00:00,30,18,12,F11MO
40,Molenlei 59,2022-12-16,21:00:00,58,10,48,F11MO
40,Molenlei 59,2022-12-16,22:00:00,20,8,12,F11MO
40,Molenlei 59,2022-12-16,23:00:00,30,16,14,F11MO
40,Molenlei 59,2022-12-17,00:00:00,18,14,4,F11MO
40,Molenlei 59,2022-12-17,01:00:00,24,10,14,F11MO
40,Molenlei 59,2022-12-17,02:00:00,12,6,6,F11MO
40,Molenlei 59,2022-12-17,03:00:00,8,2,6,F11MO
40,Molenlei 59,2022-12-17,04:00:00,2,2,0,F11MO
40,Molenlei 59,2022-12-17,05:00:00,10,2,8,F11MO
40,Molenlei 59,2022-12-17,06:00:00,10,2,8,F11MO
40,Molenlei 59,2022-12-17,07:00:00,14,4,10,F11MO
40,Molenlei 59,2022-12-17,08:00:00,48,20,28,F11MO
40,Molenlei 59,2022-12-17,09:00:00,36,20,16,F11MO
40,Molenlei 59,2022-12-17,10:00:00,66,26,40,F11MO
40,Molenlei 59,2022-12-17,11:00:00,86,42,44,F11MO
40,Molenlei 59,2022-12-17,12:00:00,86,40,46,F11MO
40,Molenlei 59,2022-12-17,13:00:00,104,38,66,F11MO
40,Molenlei 59,2022-12-17,14:00:00,68,26,42,F11MO
40,Molenlei 59,2022-12-17,15:00:00,78,42,36,F11MO
40,Molenlei 59,2022-12-17,16:00:00,48,30,18,F11MO
40,Molenlei 59,2022-12-17,17:00:00,64,38,26,F11MO
40,Molenlei 59,2022-12-17,18:00:00,68,38,30,F11MO
40,Molenlei 59,2022-12-17,19:00:00,42,22,20,F11MO
40,Molenlei 59,2022-12-17,20:00:00,32,20,12,F11MO
40,Molenlei 59,2022-12-17,21:00:00,16,0,16,F11MO
40,Molenlei 59,2022-12-17,22:00:00,28,10,18,F11MO
40,Molenlei 59,2022-12-17,23:00:00,10,4,6,F11MO
40,Molenlei 59,2022-12-18,00:00:00,10,4,6,F11MO
40,Molenlei 59,2022-12-18,01:00:00,16,2,14,F11MO
40,Molenlei 59,2022-12-18,02:00:00,16,8,8,F11MO
40,Molenlei 59,2022-12-18,03:00:00,6,4,2,F11MO
40,Molenlei 59,2022-12-18,04:00:00,2,0,2,F11MO
40,Molenlei 59,2022-12-18,05:00:00,10,6,4,F11MO
40,Molenlei 59,2022-12-18,06:00:00,30,6,24,F11MO
40,Molenlei 59,2022-12-18,07:00:00,8,0,8,F11MO
40,Molenlei 59,2022-12-18,08:00:00,32,16,16,F11MO
40,Molenlei 59,2022-12-18,09:00:00,78,36,42,F11MO
40,Molenlei 59,2022-12-18,10:00:00,58,26,32,F11MO
40,Molenlei 59,2022-12-18,11:00:00,58,26,32,F11MO
40,Molenlei 59,2022-12-18,12:00:00,90,46,44,F11MO
40,Molenlei 59,2022-12-18,13:00:00,74,42,32,F11MO
40,Molenlei 59,2022-12-18,14:00:00,54,14,40,F11MO
40,Molenlei 59,2022-12-18,15:00:00,94,48,46,F11MO
40,Molenlei 59,2022-12-18,16:00:00,46,32,14,F11MO
40,Molenlei 59,2022-12-18,17:00:00,28,18,10,F11MO
40,Molenlei 59,2022-12-18,18:00:00,38,14,24,F11MO
40,Molenlei 59,2022-12-18,19:00:00,32,18,14,F11MO
40,Molenlei 59,2022-12-18,20:00:00,12,8,4,F11MO
40,Molenlei 59,2022-12-18,21:00:00,8,4,4,F11MO
40,Molenlei 59,2022-12-18,22:00:00,8,2,6,F11MO
40,Molenlei 59,2022-12-18,23:00:00,0,0,0,F11MO
40,Molenlei 59,2022-12-23,00:00:00,12,4,8,F11MO
40,Molenlei 59,2022-12-23,01:00:00,8,4,4,F11MO
40,Molenlei 59,2022-12-23,02:00:00,2,0,2,F11MO
40,Molenlei 59,2022-12-23,03:00:00,0,0,0,F11MO
40,Molenlei 59,2022-12-23,04:00:00,2,2,0,F11MO
40,Molenlei 59,2022-12-23,05:00:00,28,22,6,F11MO
40,Molenlei 59,2022-12-23,06:00:00,38,22,16,F11MO
40,Molenlei 59,2022-12-23,07:00:00,150,84,66,F11MO
40,Molenlei 59,2022-12-23,08:00:00,232,146,86,F11MO
40,Molenlei 59,2022-12-23,09:00:00,132,54,78,F11MO
40,Molenlei 59,2022-12-23,10:00:00,122,54,68,F11MO
40,Molenlei 59,2022-12-23,11:00:00,72,50,22,F11MO
40,Molenlei 59,2022-12-23,12:00:00,76,52,24,F11MO
40,Molenlei 59,2022-12-23,13:00:00,70,22,48,F11MO
40,Molenlei 59,2022-12-23,14:00:00,116,48,68,F11MO
40,Molenlei 59,2022-12-23,15:00:00,124,44,80,F11MO
40,Molenlei 59,2022-12-23,16:00:00,144,44,100,F11MO
40,Molenlei 59,2022-12-23,17:00:00,114,40,74,F11MO
40,Molenlei 59,2022-12-23,18:00:00,114,56,58,F11MO
40,Molenlei 59,2022-12-23,19:00:00,44,14,30,F11MO
40,Molenlei 59,2022-12-23,20:00:00,36,16,20,F11MO
40,Molenlei 59,2022-12-23,21:00:00,32,12,20,F11MO
40,Molenlei 59,2022-12-23,22:00:00,20,8,12,F11MO
40,Molenlei 59,2022-12-23,23:00:00,26,12,14,F11MO
40,Molenlei 59,2022-12-24,00:00:00,6,2,4,F11MO
40,Molenlei 59,2022-12-24,01:00:00,16,10,6,F11MO
40,Molenlei 59,2022-12-24,02:00:00,8,6,2,F11MO
40,Molenlei 59,2022-12-24,03:00:00,2,2,0,F11MO
40,Molenlei 59,2022-12-24,04:00:00,14,6,8,F11MO
40,Molenlei 59,2022-12-24,05:00:00,2,0,2,F11MO
40,Molenlei 59,2022-12-24,06:00:00,24,8,16,F11MO
40,Molenlei 59,2022-12-24,07:00:00,30,14,16,F11MO
40,Molenlei 59,2022-12-24,08:00:00,60,28,32,F11MO
40,Molenlei 59,2022-12-24,09:00:00,98,38,60,F11MO
40,Molenlei 59,2022-12-24,10:00:00,154,64,90,F11MO
40,Molenlei 59,2022-12-24,11:00:00,148,68,80,F11MO
40,Molenlei 59,2022-12-24,12:00:00,198,122,76,F11MO
40,Molenlei 59,2022-12-24,13:00:00,184,130,54,F11MO
40,Molenlei 59,2022-12-24,14:00:00,152,68,84,F11MO
40,Molenlei 59,2022-12-24,15:00:00,146,72,74,F11MO
40,Molenlei 59,2022-12-24,16:00:00,122,54,68,F11MO
40,Molenlei 59,2022-12-24,17:00:00,66,26,40,F11MO
40,Molenlei 59,2022-12-24,18:00:00,30,20,10,F11MO
40,Molenlei 59,2022-12-24,19:00:00,10,4,6,F11MO
40,Molenlei 59,2022-12-24,20:00:00,10,4,6,F11MO
40,Molenlei 59,2022-12-24,21:00:00,12,4,8,F11MO
40,Molenlei 59,2022-12-24,22:00:00,10,6,4,F11MO
40,Molenlei 59,2022-12-24,23:00:00,16,8,8,F11MO
40,Molenlei 59,2022-12-25,00:00:00,18,6,12,F11MO
40,Molenlei 59,2022-12-25,01:00:00,16,12,4,F11MO
40,Molenlei 59,2022-12-25,02:00:00,6,6,0,F11MO
40,Molenlei 59,2022-12-25,03:00:00,4,0,4,F11MO
40,Molenlei 59,2022-12-25,04:00:00,18,4,14,F11MO
40,Molenlei 59,2022-12-25,05:00:00,14,4,10,F11MO
40,Molenlei 59,2022-12-25,06:00:00,16,8,8,F11MO
40,Molenlei 59,2022-12-25,07:00:00,14,4,10,F11MO
40,Molenlei 59,2022-12-25,08:00:00,32,20,12,F11MO
40,Molenlei 59,2022-12-25,09:00:00,38,22,16,F11MO
40,Molenlei 59,2022-12-25,10:00:00,42,16,26,F11MO
40,Molenlei 59,2022-12-25,11:00:00,56,36,20,F11MO
40,Molenlei 59,2022-12-25,12:00:00,56,28,28,F11MO
40,Molenlei 59,2022-12-25,13:00:00,38,20,18,F11MO
40,Molenlei 59,2022-12-25,14:00:00,32,10,22,F11MO
40,Molenlei 59,2022-12-25,15:00:00,36,12,24,F11MO
40,Molenlei 59,2022-12-25,16:00:00,24,10,14,F11MO
40,Molenlei 59,2022-12-25,17:00:00,8,4,4,F11MO
40,Molenlei 59,2022-12-25,18:00:00,20,10,10,F11MO
40,Molenlei 59,2022-12-25,19:00:00,10,6,4,F11MO
40,Molenlei 59,2022-12-25,20:00:00,10,8,2,F11MO
40,Molenlei 59,2022-12-25,21:00:00,14,6,8,F11MO
40,Molenlei 59,2022-12-25,22:00:00,14,6,8,F11MO
40,Molenlei 59,2022-12-25,23:00:00,22,8,14,F11MO
40,Molenlei 59,2022-12-26,00:00:00,4,4,0,F11MO
40,Molenlei 59,2022-12-26,01:00:00,4,4,0,F11MO
40,Molenlei 59,2022-12-26,02:00:00,10,8,2,F11MO
40,Molenlei 59,2022-12-26,03:00:00,26,12,14,F11MO
40,Molenlei 59,2022-12-26,04:00:00,10,8,2,F11MO
40,Molenlei 59,2022-12-26,05:00:00,8,0,8,F11MO
40,Molenlei 59,2022-12-26,06:00:00,20,12,8,F11MO
40,Molenlei 59,2022-12-26,07:00:00,42,22,20,F11MO
40,Molenlei 59,2022-12-26,08:00:00,72,52,20,F11MO
40,Molenlei 59,2022-12-26,09:00:00,72,36,36,F11MO
40,Molenlei 59,2022-12-26,10:00:00,78,36,42,F11MO
40,Molenlei 59,2022-12-26,11:00:00,96,38,58,F11MO
40,Molenlei 59,2022-12-26,12:00:00,92,38,54,F11MO
40,Molenlei 59,2022-12-26,13:00:00,122,72,50,F11MO
40,Molenlei 59,2022-12-26,14:00:00,122,72,50,F11MO
40,Molenlei 59,2022-12-26,15:00:00,126,52,74,F11MO
40,Molenlei 59,2022-12-26,16:00:00,196,104,92,F11MO
40,Molenlei 59,2022-12-26,17:00:00,106,56,50,F11MO
40,Molenlei 59,2022-12-26,18:00:00,58,22,36,F11MO
40,Molenlei 59,2022-12-26,19:00:00,54,30,24,F11MO
40,Molenlei 59,2022-12-26,20:00:00,18,10,8,F11MO
40,Molenlei 59,2022-12-26,21:00:00,36,14,22,F11MO
40,Molenlei 59,2022-12-26,22:00:00,18,6,12,F11MO
40,Molenlei 59,2022-12-26,23:00:00,18,8,10,F11MO
40,Molenlei 59,2022-12-27,00:00:00,14,6,8,F11MO
40,Molenlei 59,2022-12-27,01:00:00,6,6,0,F11MO
40,Molenlei 59,2022-12-27,02:00:00,2,0,2,F11MO
40,Molenlei 59,2022-12-27,03:00:00,2,0,2,F11MO
40,Molenlei 59,2022-12-27,04:00:00,10,6,4,F11MO
40,Molenlei 59,2022-12-27,05:00:00,12,6,6,F11MO
40,Molenlei 59,2022-12-27,06:00:00,36,14,22,F11MO
40,Molenlei 59,2022-12-27,07:00:00,78,46,32,F11MO
40,Molenlei 59,2022-12-27,08:00:00,92,58,34,F11MO
40,Molenlei 59,2022-12-27,09:00:00,118,46,72,F11MO
40,Molenlei 59,2022-12-27,10:00:00,94,48,46,F11MO
40,Molenlei 59,2022-12-27,11:00:00,158,70,88,F11MO
40,Molenlei 59,2022-12-27,12:00:00,168,102,66,F11MO
40,Molenlei 59,2022-12-27,13:00:00,138,72,66,F11MO
40,Molenlei 59,2022-12-27,14:00:00,182,102,80,F11MO
40,Molenlei 59,2022-12-27,15:00:00,138,64,74,F11MO
40,Molenlei 59,2022-12-27,16:00:00,198,112,86,F11MO
40,Molenlei 59,2022-12-27,17:00:00,130,60,70,F11MO
40,Molenlei 59,2022-12-27,18:00:00,96,44,52,F11MO
40,Molenlei 59,2022-12-27,19:00:00,46,18,28,F11MO
40,Molenlei 59,2022-12-27,20:00:00,22,10,12,F11MO
40,Molenlei 59,2022-12-27,21:00:00,14,8,6,F11MO
40,Molenlei 59,2022-12-27,22:00:00,30,2,28,F11MO
40,Molenlei 59,2022-12-27,23:00:00,16,8,8,F11MO
40,Molenlei 59,2022-12-28,00:00:00,12,6,6,F11MO
40,Molenlei 59,2022-12-28,01:00:00,6,0,6,F11MO
40,Molenlei 59,2022-12-28,02:00:00,6,6,0,F11MO
40,Molenlei 59,2022-12-28,03:00:00,6,6,0,F11MO
40,Molenlei 59,2022-12-28,04:00:00,4,4,0,F11MO
40,Molenlei 59,2022-12-28,05:00:00,14,6,8,F11MO
40,Molenlei 59,2022-12-28,06:00:00,36,14,22,F11MO
40,Molenlei 59,2022-12-28,07:00:00,68,36,32,F11MO
40,Molenlei 59,2022-12-28,08:00:00,76,36,40,F11MO
40,Molenlei 59,2022-12-28,09:00:00,86,34,52,F11MO
40,Molenlei 59,2022-12-28,10:00:00,88,34,54,F11MO
40,Molenlei 59,2022-12-28,11:00:00,84,46,38,F11MO
40,Molenlei 59,2022-12-28,12:00:00,54,38,16,F11MO
40,Molenlei 59,2022-12-28,13:00:00,88,56,32,F11MO
40,Molenlei 59,2022-12-28,14:00:00,62,34,28,F11MO
40,Molenlei 59,2022-12-28,15:00:00,86,34,52,F11MO
40,Molenlei 59,2022-12-28,16:00:00,94,32,62,F11MO
40,Molenlei 59,2022-12-28,17:00:00,88,40,48,F11MO
40,Molenlei 59,2022-12-28,18:00:00,50,24,26,F11MO
40,Molenlei 59,2022-12-28,19:00:00,36,14,22,F11MO
40,Molenlei 59,2022-12-28,20:00:00,22,10,12,F11MO
40,Molenlei 59,2022-12-28,21:00:00,20,6,14,F11MO
40,Molenlei 59,2022-12-28,22:00:00,28,10,18,F11MO
40,Molenlei 59,2022-12-28,23:00:00,28,20,8,F11MO
40,Molenlei 59,2022-12-29,00:00:00,10,2,8,F11MO
40,Molenlei 59,2022-12-29,01:00:00,2,0,2,F11MO
40,Molenlei 59,2022-12-29,02:00:00,0,0,0,F11MO
40,Molenlei 59,2022-12-29,03:00:00,0,0,0,F11MO
40,Molenlei 59,2022-12-29,04:00:00,6,6,0,F11MO
40,Molenlei 59,2022-12-29,05:00:00,10,2,8,F11MO
40,Molenlei 59,2022-12-29,06:00:00,26,18,8,F11MO
40,Molenlei 59,2022-12-29,07:00:00,50,28,22,F11MO
40,Molenlei 59,2022-12-29,08:00:00,94,48,46,F11MO
40,Molenlei 59,2022-12-29,09:00:00,56,32,24,F11MO
40,Molenlei 59,2022-12-29,10:00:00,68,36,32,F11MO
40,Molenlei 59,2022-12-29,11:00:00,52,22,30,F11MO
40,Molenlei 59,2022-12-29,12:00:00,78,36,42,F11MO
40,Molenlei 59,2022-12-29,13:00:00,76,32,44,F11MO
40,Molenlei 59,2022-12-29,14:00:00,66,34,32,F11MO
40,Molenlei 59,2022-12-29,15:00:00,78,38,40,F11MO
40,Molenlei 59,2022-12-29,16:00:00,98,48,50,F11MO
40,Molenlei 59,2022-12-29,17:00:00,110,44,66,F11MO
40,Molenlei 59,2022-12-29,18:00:00,56,28,28,F11MO
40,Molenlei 59,2022-12-29,19:00:00,54,32,22,F11MO
40,Molenlei 59,2022-12-29,20:00:00,20,6,14,F11MO
40,Molenlei 59,2022-12-29,21:00:00,26,16,10,F11MO
40,Molenlei 59,2022-12-29,22:00:00,22,6,16,F11MO
40,Molenlei 59,2022-12-29,23:00:00,30,12,18,F11MO
40,Molenlei 59,2022-12-30,00:00:00,12,8,4,F11MO
40,Molenlei 59,2022-12-30,01:00:00,4,4,0,F11MO
40,Molenlei 59,2022-12-30,02:00:00,2,2,0,F11MO
40,Molenlei 59,2022-12-30,03:00:00,0,0,0,F11MO
40,Molenlei 59,2022-12-30,04:00:00,8,8,0,F11MO
40,Molenlei 59,2022-12-30,05:00:00,8,0,8,F11MO
40,Molenlei 59,2022-12-30,06:00:00,22,10,12,F11MO
40,Molenlei 59,2022-12-30,07:00:00,54,30,24,F11MO
40,Molenlei 59,2022-12-30,08:00:00,64,30,34,F11MO
40,Molenlei 59,2022-12-30,09:00:00,94,42,52,F11MO
40,Molenlei 59,2022-12-30,10:00:00,104,50,54,F11MO
40,Molenlei 59,2022-12-30,11:00:00,116,62,54,F11MO
40,Molenlei 59,2022-12-30,12:00:00,88,48,40,F11MO
40,Molenlei 59,2022-12-30,13:00:00,48,22,26,F11MO
40,Molenlei 59,2022-12-30,14:00:00,44,20,24,F11MO
40,Molenlei 59,2022-12-30,15:00:00,42,20,22,F11MO
40,Molenlei 59,2022-12-30,16:00:00,88,42,46,F11MO
40,Molenlei 59,2022-12-30,17:00:00,70,24,46,F11MO
40,Molenlei 59,2022-12-30,18:00:00,56,30,26,F11MO
40,Molenlei 59,2022-12-30,19:00:00,28,14,14,F11MO
40,Molenlei 59,2022-12-30,20:00:00,36,16,20,F11MO
40,Molenlei 59,2022-12-30,21:00:00,20,8,12,F11MO
40,Molenlei 59,2022-12-30,22:00:00,16,2,14,F11MO
40,Molenlei 59,2022-12-30,23:00:00,18,6,12,F11MO
40,Molenlei 59,2022-12-31,00:00:00,12,4,8,F11MO
40,Molenlei 59,2022-12-31,01:00:00,4,4,0,F11MO
40,Molenlei 59,2022-12-31,02:00:00,0,0,0,F11MO
40,Molenlei 59,2022-12-31,03:00:00,0,0,0,F11MO
40,Molenlei 59,2022-12-31,04:00:00,8,6,2,F11MO
40,Molenlei 59,2022-12-31,05:00:00,6,0,6,F11MO
40,Molenlei 59,2022-12-31,06:00:00,16,4,12,F11MO
40,Molenlei 59,2022-12-31,07:00:00,18,6,12,F11MO
40,Molenlei 59,2022-12-31,08:00:00,36,14,22,F11MO
40,Molenlei 59,2022-12-31,09:00:00,42,20,22,F11MO
40,Molenlei 59,2022-12-31,10:00:00,72,24,48,F11MO
40,Molenlei 59,2022-12-31,11:00:00,78,34,44,F11MO
40,Molenlei 59,2022-12-31,12:00:00,60,30,30,F11MO
40,Molenlei 59,2022-12-31,13:00:00,66,46,20,F11MO
40,Molenlei 59,2022-12-31,14:00:00,88,38,50,F11MO
40,Molenlei 59,2022-12-31,15:00:00,102,54,48,F11MO
40,Molenlei 59,2022-12-31,16:00:00,92,54,38,F11MO
40,Molenlei 59,2022-12-31,17:00:00,82,42,40,F11MO
40,Molenlei 59,2022-12-31,18:00:00,58,26,32,F11MO
40,Molenlei 59,2022-12-31,19:00:00,52,20,32,F11MO
40,Molenlei 59,2022-12-31,20:00:00,20,12,8,F11MO
40,Molenlei 59,2022-12-31,21:00:00,8,4,4,F11MO
40,Molenlei 59,2022-12-31,22:00:00,26,16,10,F11MO
40,Molenlei 59,2022-12-31,23:00:00,40,16,24,F11MO
40,Molenlei 59,2023-01-01,00:00:00,18,8,10,F11MO
40,Molenlei 59,2023-01-01,01:00:00,66,24,42,F11MO
40,Molenlei 59,2023-01-01,02:00:00,30,16,14,F11MO
40,Molenlei 59,2023-01-01,03:00:00,36,10,26,F11MO
40,Molenlei 59,2023-01-01,04:00:00,32,22,10,F11MO
40,Molenlei 59,2023-01-01,05:00:00,28,18,10,F11MO
40,Molenlei 59,2023-01-01,06:00:00,32,12,20,F11MO
40,Molenlei 59,2023-01-01,07:00:00,22,4,18,F11MO
40,Molenlei 59,2023-01-01,08:00:00,30,12,18,F11MO
40,Molenlei 59,2023-01-01,09:00:00,20,12,8,F11MO
40,Molenlei 59,2023-01-01,10:00:00,96,40,56,F11MO
40,Molenlei 59,2023-01-01,11:00:00,114,56,58,F11MO
40,Molenlei 59,2023-01-01,12:00:00,144,50,94,F11MO
40,Molenlei 59,2023-01-01,13:00:00,152,72,80,F11MO
40,Molenlei 59,2023-01-01,14:00:00,176,102,74,F11MO
40,Molenlei 59,2023-01-01,15:00:00,80,42,38,F11MO
40,Molenlei 59,2023-01-01,16:00:00,98,52,46,F11MO
40,Molenlei 59,2023-01-01,17:00:00,30,12,18,F11MO
40,Molenlei 59,2023-01-01,18:00:00,32,20,12,F11MO
40,Molenlei 59,2023-01-01,19:00:00,18,8,10,F11MO
40,Molenlei 59,2023-01-01,20:00:00,20,14,6,F11MO
40,Molenlei 59,2023-01-01,21:00:00,8,0,8,F11MO
40,Molenlei 59,2023-01-01,22:00:00,10,4,6,F11MO
40,Molenlei 59,2023-01-01,23:00:00,2,2,0,F11MO
40,Molenlei 59,2023-01-02,00:00:00,6,6,0,F11MO
40,Molenlei 59,2023-01-02,01:00:00,2,0,2,F11MO
40,Molenlei 59,2023-01-02,02:00:00,0,0,0,F11MO
40,Molenlei 59,2023-01-02,03:00:00,0,0,0,F11MO
40,Molenlei 59,2023-01-02,04:00:00,6,6,0,F11MO
40,Molenlei 59,2023-01-02,05:00:00,12,2,10,F11MO
40,Molenlei 59,2023-01-02,06:00:00,18,12,6,F11MO
40,Molenlei 59,2023-01-02,07:00:00,72,46,26,F11MO
40,Molenlei 59,2023-01-02,08:00:00,72,40,32,F11MO
40,Molenlei 59,2023-01-02,09:00:00,52,22,30,F11MO
40,Molenlei 59,2023-01-02,10:00:00,50,28,22,F11MO
40,Molenlei 59,2023-01-02,11:00:00,94,48,46,F11MO
40,Molenlei 59,2023-01-02,12:00:00,102,52,50,F11MO
40,Molenlei 59,2023-01-02,13:00:00,108,54,54,F11MO
40,Molenlei 59,2023-01-02,14:00:00,118,64,54,F11MO
40,Molenlei 59,2023-01-02,15:00:00,106,54,52,F11MO
40,Molenlei 59,2023-01-02,16:00:00,142,50,92,F11MO
40,Molenlei 59,2023-01-02,17:00:00,112,38,74,F11MO
40,Molenlei 59,2023-01-02,18:00:00,50,20,30,F11MO
40,Molenlei 59,2023-01-02,19:00:00,24,16,8,F11MO
40,Molenlei 59,2023-01-02,20:00:00,26,14,12,F11MO
40,Molenlei 59,2023-01-02,21:00:00,18,12,6,F11MO
40,Molenlei 59,2023-01-02,22:00:00,20,0,20,F11MO
40,Molenlei 59,2023-01-02,23:00:00,4,4,0,F11MO
40,Molenlei 59,2023-01-03,00:00:00,6,4,2,F11MO
40,Molenlei 59,2023-01-03,01:00:00,4,0,4,F11MO
40,Molenlei 59,2023-01-03,02:00:00,2,2,0,F11MO
40,Molenlei 59,2023-01-03,03:00:00,2,2,0,F11MO
40,Molenlei 59,2023-01-03,04:00:00,12,10,2,F11MO
40,Molenlei 59,2023-01-03,05:00:00,34,24,10,F11MO
40,Molenlei 59,2023-01-03,06:00:00,88,58,30,F11MO
40,Molenlei 59,2023-01-03,07:00:00,164,118,46,F11MO
40,Molenlei 59,2023-01-03,08:00:00,182,110,72,F11MO
40,Molenlei 59,2023-01-03,09:00:00,106,56,50,F11MO
40,Molenlei 59,2023-01-03,10:00:00,124,58,66,F11MO
40,Molenlei 59,2023-01-03,11:00:00,106,48,58,F11MO
40,Molenlei 59,2023-01-03,12:00:00,146,68,78,F11MO
40,Molenlei 59,2023-01-03,13:00:00,124,74,50,F11MO
40,Molenlei 59,2023-01-03,14:00:00,156,66,90,F11MO
40,Molenlei 59,2023-01-03,15:00:00,140,64,76,F11MO
40,Molenlei 59,2023-01-03,16:00:00,202,76,126,F11MO
40,Molenlei 59,2023-01-03,17:00:00,276,108,168,F11MO
40,Molenlei 59,2023-01-03,18:00:00,118,46,72,F11MO
40,Molenlei 59,2023-01-03,19:00:00,56,18,38,F11MO
40,Molenlei 59,2023-01-03,20:00:00,48,22,26,F11MO
40,Molenlei 59,2023-01-03,21:00:00,32,14,18,F11MO
40,Molenlei 59,2023-01-03,22:00:00,24,4,20,F11MO
40,Molenlei 59,2023-01-03,23:00:00,16,8,8,F11MO
40,Molenlei 59,2023-01-04,00:00:00,8,2,6,F11MO
40,Molenlei 59,2023-01-04,01:00:00,4,4,0,F11MO
40,Molenlei 59,2023-01-04,02:00:00,4,2,2,F11MO
40,Molenlei 59,2023-01-04,03:00:00,4,4,0,F11MO
40,Molenlei 59,2023-01-04,04:00:00,4,4,0,F11MO
40,Molenlei 59,2023-01-04,05:00:00,36,24,12,F11MO
40,Molenlei 59,2023-01-04,06:00:00,62,34,28,F11MO
40,Molenlei 59,2023-01-04,07:00:00,134,68,66,F11MO
40,Molenlei 59,2023-01-04,08:00:00,114,66,48,F11MO
40,Molenlei 59,2023-01-04,09:00:00,76,44,32,F11MO
40,Molenlei 59,2023-01-04,10:00:00,60,38,22,F11MO
40,Molenlei 59,2023-01-04,11:00:00,72,34,38,F11MO
40,Molenlei 59,2023-01-04,12:00:00,92,46,46,F11MO
40,Molenlei 59,2023-01-04,13:00:00,76,36,40,F11MO
40,Molenlei 59,2023-01-04,14:00:00,80,34,46,F11MO
40,Molenlei 59,2023-01-04,15:00:00,88,30,58,F11MO
40,Molenlei 59,2023-01-04,16:00:00,146,64,82,F11MO
40,Molenlei 59,2023-01-04,17:00:00,142,70,72,F11MO
40,Molenlei 59,2023-01-04,18:00:00,98,44,54,F11MO
40,Molenlei 59,2023-01-04,19:00:00,54,18,36,F11MO
40,Molenlei 59,2023-01-04,20:00:00,40,16,24,F11MO
40,Molenlei 59,2023-01-04,21:00:00,30,16,14,F11MO
40,Molenlei 59,2023-01-04,22:00:00,40,8,32,F11MO
40,Molenlei 59,2023-01-04,23:00:00,14,8,6,F11MO
40,Molenlei 59,2023-01-05,00:00:00,2,0,2,F11MO
40,Molenlei 59,2023-01-05,01:00:00,0,0,0,F11MO
40,Molenlei 59,2023-01-05,02:00:00,0,0,0,F11MO
40,Molenlei 59,2023-01-05,03:00:00,0,0,0,F11MO
40,Molenlei 59,2023-01-05,04:00:00,2,2,0,F11MO
40,Molenlei 59,2023-01-05,05:00:00,36,26,10,F11MO
40,Molenlei 59,2023-01-05,06:00:00,82,52,30,F11MO
40,Molenlei 59,2023-01-05,07:00:00,162,116,46,F11MO
40,Molenlei 59,2023-01-05,08:00:00,174,108,66,F11MO
40,Molenlei 59,2023-01-05,09:00:00,108,52,56,F11MO
40,Molenlei 59,2023-01-05,10:00:00,148,64,84,F11MO
40,Molenlei 59,2023-01-05,11:00:00,142,74,68,F11MO
40,Molenlei 59,2023-01-05,12:00:00,154,72,82,F11MO
40,Molenlei 59,2023-01-05,13:00:00,186,98,88,F11MO
40,Molenlei 59,2023-01-05,14:00:00,166,80,86,F11MO
40,Molenlei 59,2023-01-05,15:00:00,100,42,58,F11MO
40,Molenlei 59,2023-01-05,16:00:00,194,70,124,F11MO
40,Molenlei 59,2023-01-05,17:00:00,224,80,144,F11MO
40,Molenlei 59,2023-01-05,18:00:00,110,40,70,F11MO
40,Molenlei 59,2023-01-05,19:00:00,58,28,30,F11MO
40,Molenlei 59,2023-01-05,20:00:00,30,14,16,F11MO
40,Molenlei 59,2023-01-05,21:00:00,54,22,32,F11MO
40,Molenlei 59,2023-01-05,22:00:00,40,8,32,F11MO
40,Molenlei 59,2023-01-05,23:00:00,24,14,10,F11MO
40,Molenlei 59,2023-01-06,00:00:00,14,12,2,F11MO
40,Molenlei 59,2023-01-06,01:00:00,6,4,2,F11MO
40,Molenlei 59,2023-01-06,02:00:00,0,0,0,F11MO
40,Molenlei 59,2023-01-06,03:00:00,0,0,0,F11MO
40,Molenlei 59,2023-01-06,04:00:00,4,4,0,F11MO
40,Molenlei 59,2023-01-06,05:00:00,34,26,8,F11MO
40,Molenlei 59,2023-01-06,06:00:00,52,34,18,F11MO
40,Molenlei 59,2023-01-06,07:00:00,138,84,54,F11MO
40,Molenlei 59,2023-01-06,08:00:00,114,74,40,F11MO
40,Molenlei 59,2023-01-06,09:00:00,66,24,42,F11MO
40,Molenlei 59,2023-01-06,10:00:00,78,38,40,F11MO
40,Molenlei 59,2023-01-06,11:00:00,130,72,58,F11MO
40,Molenlei 59,2023-01-06,12:00:00,140,84,56,F11MO
40,Molenlei 59,2023-01-06,13:00:00,164,86,78,F11MO
40,Molenlei 59,2023-01-06,14:00:00,168,60,108,F11MO
40,Molenlei 59,2023-01-06,15:00:00,156,70,86,F11MO
40,Molenlei 59,2023-01-06,16:00:00,190,88,102,F11MO
40,Molenlei 59,2023-01-06,17:00:00,180,78,102,F11MO
40,Molenlei 59,2023-01-06,18:00:00,114,56,58,F11MO
40,Molenlei 59,2023-01-06,19:00:00,38,12,26,F11MO
40,Molenlei 59,2023-01-06,20:00:00,52,24,28,F11MO
40,Molenlei 59,2023-01-06,21:00:00,26,10,16,F11MO
40,Molenlei 59,2023-01-06,22:00:00,28,8,20,F11MO
40,Molenlei 59,2023-01-06,23:00:00,16,2,14,F11MO
40,Molenlei 59,2023-01-07,00:00:00,14,4,10,F11MO
40,Molenlei 59,2023-01-07,01:00:00,14,4,10,F11MO
40,Molenlei 59,2023-01-07,02:00:00,20,14,6,F11MO
40,Molenlei 59,2023-01-07,03:00:00,14,4,10,F11MO
40,Molenlei 59,2023-01-07,04:00:00,14,12,2,F11MO
40,Molenlei 59,2023-01-07,05:00:00,14,6,8,F11MO
40,Molenlei 59,2023-01-07,06:00:00,18,6,12,F11MO
40,Molenlei 59,2023-01-07,07:00:00,16,6,10,F11MO
40,Molenlei 59,2023-01-07,08:00:00,42,18,24,F11MO
40,Molenlei 59,2023-01-07,09:00:00,136,28,108,F11MO
40,Molenlei 59,2023-01-07,10:00:00,150,60,90,F11MO
40,Molenlei 59,2023-01-07,11:00:00,212,114,98,F11MO
40,Molenlei 59,2023-01-07,12:00:00,248,158,90,F11MO
40,Molenlei 59,2023-01-07,13:00:00,186,104,82,F11MO
40,Molenlei 59,2023-01-07,14:00:00,240,112,128,F11MO
40,Molenlei 59,2023-01-07,15:00:00,132,72,60,F11MO
40,Molenlei 59,2023-01-07,16:00:00,118,74,44,F11MO
40,Molenlei 59,2023-01-07,17:00:00,64,26,38,F11MO
40,Molenlei 59,2023-01-07,18:00:00,64,36,28,F11MO
40,Molenlei 59,2023-01-07,19:00:00,58,28,30,F11MO
40,Molenlei 59,2023-01-07,20:00:00,40,22,18,F11MO
40,Molenlei 59,2023-01-07,21:00:00,20,10,10,F11MO
40,Molenlei 59,2023-01-07,22:00:00,22,10,12,F11MO
40,Molenlei 59,2023-01-07,23:00:00,20,8,12,F11MO
40,Molenlei 59,2023-01-08,00:00:00,18,12,6,F11MO
40,Molenlei 59,2023-01-08,01:00:00,22,12,10,F11MO
40,Molenlei 59,2023-01-08,02:00:00,14,6,8,F11MO
40,Molenlei 59,2023-01-08,03:00:00,4,0,4,F11MO
40,Molenlei 59,2023-01-08,04:00:00,12,4,8,F11MO
40,Molenlei 59,2023-01-08,05:00:00,14,6,8,F11MO
40,Molenlei 59,2023-01-08,06:00:00,12,8,4,F11MO
40,Molenlei 59,2023-01-08,07:00:00,40,16,24,F11MO
40,Molenlei 59,2023-01-08,08:00:00,44,16,28,F11MO
40,Molenlei 59,2023-01-08,09:00:00,140,42,98,F11MO
40,Molenlei 59,2023-01-08,10:00:00,202,102,100,F11MO
40,Molenlei 59,2023-01-08,11:00:00,324,140,184,F11MO
40,Molenlei 59,2023-01-08,12:00:00,312,182,130,F11MO
40,Molenlei 59,2023-01-08,13:00:00,180,100,80,F11MO
40,Molenlei 59,2023-01-08,14:00:00,230,122,108,F11MO
40,Molenlei 59,2023-01-08,15:00:00,230,128,102,F11MO
40,Molenlei 59,2023-01-08,16:00:00,152,88,64,F11MO
40,Molenlei 59,2023-01-08,17:00:00,128,84,44,F11MO
40,Molenlei 59,2023-01-08,18:00:00,90,38,52,F11MO
40,Molenlei 59,2023-01-08,19:00:00,38,20,18,F11MO
40,Molenlei 59,2023-01-08,20:00:00,24,14,10,F11MO
40,Molenlei 59,2023-01-08,21:00:00,24,10,14,F11MO
40,Molenlei 59,2023-01-08,22:00:00,8,0,8,F11MO
40,Molenlei 59,2023-01-08,23:00:00,8,2,6,F11MO
40,Molenlei 59,2023-01-09,00:00:00,0,0,0,F11MO
40,Molenlei 59,2023-01-09,01:00:00,0,0,0,F11MO
40,Molenlei 59,2023-01-09,02:00:00,0,0,0,F11MO
40,Molenlei 59,2023-01-09,03:00:00,0,0,0,F11MO
40,Molenlei 59,2023-01-09,04:00:00,18,16,2,F11MO
40,Molenlei 59,2023-01-09,05:00:00,58,44,14,F11MO
40,Molenlei 59,2023-01-09,06:00:00,90,72,18,F11MO
40,Molenlei 59,2023-01-09,07:00:00,334,216,118,F11MO
40,Molenlei 59,2023-01-09,08:00:00,446,306,140,F11MO
40,Molenlei 59,2023-01-09,09:00:00,100,58,42,F11MO
40,Molenlei 59,2023-01-09,10:00:00,136,68,68,F11MO
40,Molenlei 59,2023-01-09,11:00:00,104,42,62,F11MO
40,Molenlei 59,2023-01-09,12:00:00,124,80,44,F11MO
40,Molenlei 59,2023-01-09,13:00:00,138,72,66,F11MO
40,Molenlei 59,2023-01-09,14:00:00,176,70,106,F11MO
40,Molenlei 59,2023-01-09,15:00:00,274,82,192,F11MO
40,Molenlei 59,2023-01-09,16:00:00,440,146,294,F11MO
40,Molenlei 59,2023-01-09,17:00:00,330,90,240,F11MO
40,Molenlei 59,2023-01-09,18:00:00,156,52,104,F11MO
40,Molenlei 59,2023-01-09,19:00:00,64,24,40,F11MO
40,Molenlei 59,2023-01-09,20:00:00,24,12,12,F11MO
40,Molenlei 59,2023-01-09,21:00:00,36,20,16,F11MO
40,Molenlei 59,2023-01-09,22:00:00,48,12,36,F11MO
40,Molenlei 59,2023-01-09,23:00:00,6,0,6,F11MO
40,Molenlei 59,2023-01-10,00:00:00,6,0,6,F11MO
40,Molenlei 59,2023-01-10,01:00:00,2,0,2,F11MO
40,Molenlei 59,2023-01-10,02:00:00,0,0,0,F11MO
40,Molenlei 59,2023-01-10,03:00:00,0,0,0,F11MO
40,Molenlei 59,2023-01-10,04:00:00,8,4,4,F11MO
40,Molenlei 59,2023-01-10,05:00:00,60,54,6,F11MO
40,Molenlei 59,2023-01-10,06:00:00,96,64,32,F11MO
40,Molenlei 59,2023-01-10,07:00:00,368,270,98,F11MO
40,Molenlei 59,2023-01-10,08:00:00,428,278,150,F11MO
40,Molenlei 59,2023-01-10,09:00:00,110,62,48,F11MO
40,Molenlei 59,2023-01-10,10:00:00,86,46,40,F11MO
40,Molenlei 59,2023-01-10,11:00:00,90,34,56,F11MO
40,Molenlei 59,2023-01-10,12:00:00,124,76,48,F11MO
40,Molenlei 59,2023-01-10,13:00:00,122,62,60,F11MO
40,Molenlei 59,2023-01-10,14:00:00,84,26,58,F11MO
40,Molenlei 59,2023-01-10,15:00:00,160,38,122,F11MO
40,Molenlei 59,2023-01-10,16:00:00,300,100,200,F11MO
40,Molenlei 59,2023-01-10,17:00:00,318,96,222,F11MO
40,Molenlei 59,2023-01-10,18:00:00,140,36,104,F11MO
40,Molenlei 59,2023-01-10,19:00:00,58,26,32,F11MO
40,Molenlei 59,2023-01-10,20:00:00,40,18,22,F11MO
40,Molenlei 59,2023-01-10,21:00:00,40,18,22,F11MO
40,Molenlei 59,2023-01-10,22:00:00,60,10,50,F11MO
40,Molenlei 59,2023-01-10,23:00:00,4,0,4,F11MO
40,Molenlei 59,2023-01-11,00:00:00,6,2,4,F11MO
40,Molenlei 59,2023-01-11,01:00:00,4,0,4,F11MO
40,Molenlei 59,2023-01-11,02:00:00,0,0,0,F11MO
40,Molenlei 59,2023-01-11,03:00:00,0,0,0,F11MO
40,Molenlei 59,2023-01-11,04:00:00,8,8,0,F11MO
40,Molenlei 59,2023-01-11,05:00:00,44,34,10,F11MO
40,Molenlei 59,2023-01-11,06:00:00,88,58,30,F11MO
40,Molenlei 59,2023-01-11,07:00:00,300,190,110,F11MO
40,Molenlei 59,2023-01-11,08:00:00,352,214,138,F11MO
40,Molenlei 59,2023-01-11,09:00:00,140,70,70,F11MO
40,Molenlei 59,2023-01-11,10:00:00,142,96,46,F11MO
40,Molenlei 59,2023-01-11,11:00:00,186,72,114,F11MO
40,Molenlei 59,2023-01-11,12:00:00,264,110,154,F11MO
40,Molenlei 59,2023-01-11,13:00:00,300,122,178,F11MO
40,Molenlei 59,2023-01-11,14:00:00,212,90,122,F11MO
40,Molenlei 59,2023-01-11,15:00:00,244,110,134,F11MO
40,Molenlei 59,2023-01-11,16:00:00,270,102,168,F11MO
40,Molenlei 59,2023-01-11,17:00:00,272,100,172,F11MO
40,Molenlei 59,2023-01-11,18:00:00,144,46,98,F11MO
40,Molenlei 59,2023-01-11,19:00:00,64,28,36,F11MO
40,Molenlei 59,2023-01-11,20:00:00,36,22,14,F11MO
40,Molenlei 59,2023-01-11,21:00:00,32,14,18,F11MO
40,Molenlei 59,2023-01-11,22:00:00,30,10,20,F11MO
40,Molenlei 59,2023-01-11,23:00:00,12,6,6,F11MO
40,Molenlei 59,2023-01-12,00:00:00,6,2,4,F11MO
40,Molenlei 59,2023-01-12,01:00:00,2,2,0,F11MO
40,Molenlei 59,2023-01-12,02:00:00,0,0,0,F11MO
40,Molenlei 59,2023-01-12,03:00:00,0,0,0,F11MO
40,Molenlei 59,2023-01-12,04:00:00,2,2,0,F11MO
40,Molenlei 59,2023-01-12,05:00:00,28,22,6,F11MO
40,Molenlei 59,2023-01-12,06:00:00,38,22,16,F11MO
40,Molenlei 59,2023-01-12,07:00:00,144,92,52,F11MO
40,Molenlei 59,2023-01-12,08:00:00,242,152,90,F11MO
40,Molenlei 59,2023-01-12,09:00:00,62,36,26,F11MO
40,Molenlei 59,2023-01-12,10:00:00,34,16,18,F11MO
40,Molenlei 59,2023-01-12,11:00:00,40,28,12,F11MO
40,Molenlei 59,2023-01-12,12:00:00,32,20,12,F11MO
40,Molenlei 59,2023-01-12,13:00:00,56,28,28,F11MO
40,Molenlei 59,2023-01-12,14:00:00,38,16,22,F11MO
40,Molenlei 59,2023-01-12,15:00:00,100,40,60,F11MO
40,Molenlei 59,2023-01-12,16:00:00,168,66,102,F11MO
40,Molenlei 59,2023-01-12,17:00:00,162,48,114,F11MO
40,Molenlei 59,2023-01-12,18:00:00,100,36,64,F11MO
40,Molenlei 59,2023-01-12,19:00:00,44,24,20,F11MO
40,Molenlei 59,2023-01-12,20:00:00,22,8,14,F11MO
40,Molenlei 59,2023-01-12,21:00:00,22,14,8,F11MO
40,Molenlei 59,2023-01-12,22:00:00,26,8,18,F11MO
40,Molenlei 59,2023-01-12,23:00:00,24,12,12,F11MO
40,Molenlei 59,2023-01-13,00:00:00,6,2,4,F11MO
40,Molenlei 59,2023-01-13,01:00:00,4,4,0,F11MO
40,Molenlei 59,2023-01-13,02:00:00,4,2,2,F11MO
40,Molenlei 59,2023-01-13,03:00:00,0,0,0,F11MO
40,Molenlei 59,2023-01-13,04:00:00,6,4,2,F11MO
40,Molenlei 59,2023-01-13,05:00:00,44,38,6,F11MO
40,Molenlei 59,2023-01-13,06:00:00,80,54,26,F11MO
40,Molenlei 59,2023-01-13,07:00:00,276,202,74,F11MO
40,Molenlei 59,2023-01-13,08:00:00,400,188,212,F11MO
40,Molenlei 59,2023-01-13,09:00:00,144,76,68,F11MO
40,Molenlei 59,2023-01-13,10:00:00,76,36,40,F11MO
40,Molenlei 59,2023-01-13,11:00:00,114,62,52,F11MO
40,Molenlei 59,2023-01-13,12:00:00,124,60,64,F11MO
40,Molenlei 59,2023-01-13,13:00:00,196,110,86,F11MO
40,Molenlei 59,2023-01-13,14:00:00,124,48,76,F11MO
40,Molenlei 59,2023-01-13,15:00:00,228,78,150,F11MO
40,Molenlei 59,2023-01-13,16:00:00,350,132,218,F11MO
40,Molenlei 59,2023-01-13,17:00:00,226,56,170,F11MO
40,Molenlei 59,2023-01-13,18:00:00,146,58,88,F11MO
40,Molenlei 59,2023-01-13,19:00:00,66,26,40,F11MO
40,Molenlei 59,2023-01-13,20:00:00,66,36,30,F11MO
40,Molenlei 59,2023-01-13,21:00:00,46,20,26,F11MO
40,Molenlei 59,2023-01-13,22:00:00,54,22,32,F11MO
40,Molenlei 59,2023-01-13,23:00:00,26,14,12,F11MO
40,Molenlei 59,2023-01-14,00:00:00,22,14,8,F11MO
40,Molenlei 59,2023-01-14,01:00:00,22,4,18,F11MO
40,Molenlei 59,2023-01-14,02:00:00,10,4,6,F11MO
40,Molenlei 59,2023-01-14,03:00:00,4,2,2,F11MO
40,Molenlei 59,2023-01-14,04:00:00,4,2,2,F11MO
40,Molenlei 59,2023-01-14,05:00:00,14,6,8,F11MO
40,Molenlei 59,2023-01-14,06:00:00,30,12,18,F11MO
40,Molenlei 59,2023-01-14,07:00:00,4,2,2,F11MO
40,Molenlei 59,2023-01-14,08:00:00,24,6,18,F11MO
40,Molenlei 59,2023-01-14,09:00:00,30,20,10,F11MO
40,Molenlei 59,2023-01-14,10:00:00,72,42,30,F11MO
40,Molenlei 59,2023-01-14,11:00:00,50,20,30,F11MO
40,Molenlei 59,2023-01-14,12:00:00,52,36,16,F11MO
40,Molenlei 59,2023-01-14,13:00:00,44,30,14,F11MO
40,Molenlei 59,2023-01-14,14:00:00,36,20,16,F11MO
40,Molenlei 59,2023-01-14,15:00:00,34,14,20,F11MO
40,Molenlei 59,2023-01-14,16:00:00,34,18,16,F11MO
40,Molenlei 59,2023-01-14,17:00:00,38,22,16,F11MO
40,Molenlei 59,2023-01-14,18:00:00,70,32,38,F11MO
40,Molenlei 59,2023-01-14,19:00:00,42,20,22,F11MO
40,Molenlei 59,2023-01-14,20:00:00,30,14,16,F11MO
40,Molenlei 59,2023-01-14,21:00:00,30,6,24,F11MO
40,Molenlei 59,2023-01-14,22:00:00,20,8,12,F11MO
40,Molenlei 59,2023-01-14,23:00:00,16,12,4,F11MO
40,Molenlei 59,2023-01-15,00:00:00,12,6,6,F11MO
40,Molenlei 59,2023-01-15,01:00:00,10,8,2,F11MO
40,Molenlei 59,2023-01-15,02:00:00,10,2,8,F11MO
40,Molenlei 59,2023-01-15,03:00:00,4,0,4,F11MO
40,Molenlei 59,2023-01-15,04:00:00,4,4,0,F11MO
40,Molenlei 59,2023-01-15,05:00:00,16,10,6,F11MO
40,Molenlei 59,2023-01-15,06:00:00,28,14,14,F11MO
40,Molenlei 59,2023-01-15,07:00:00,20,10,10,F11MO
40,Molenlei 59,2023-01-15,08:00:00,74,28,46,F11MO
40,Molenlei 59,2023-01-15,09:00:00,136,44,92,F11MO
40,Molenlei 59,2023-01-15,10:00:00,214,100,114,F11MO
40,Molenlei 59,2023-01-15,11:00:00,270,162,108,F11MO
40,Molenlei 59,2023-01-15,12:00:00,246,158,88,F11MO
40,Molenlei 59,2023-01-15,13:00:00,96,56,40,F11MO
40,Molenlei 59,2023-01-15,14:00:00,128,56,72,F11MO
40,Molenlei 59,2023-01-15,15:00:00,110,52,58,F11MO
40,Molenlei 59,2023-01-15,16:00:00,90,38,52,F11MO
40,Molenlei 59,2023-01-15,17:00:00,86,54,32,F11MO
40,Molenlei 59,2023-01-15,18:00:00,32,16,16,F11MO
40,Molenlei 59,2023-01-15,19:00:00,44,26,18,F11MO
40,Molenlei 59,2023-01-15,20:00:00,26,8,18,F11MO
40,Molenlei 59,2023-01-15,21:00:00,26,16,10,F11MO
40,Molenlei 59,2023-01-15,22:00:00,16,4,12,F11MO
40,Molenlei 59,2023-01-15,23:00:00,4,2,2,F11MO
40,Molenlei 59,2023-01-16,00:00:00,2,2,0,F11MO
40,Molenlei 59,2023-01-16,01:00:00,0,0,0,F11MO
40,Molenlei 59,2023-01-16,02:00:00,0,0,0,F11MO
40,Molenlei 59,2023-01-16,03:00:00,0,0,0,F11MO
40,Molenlei 59,2023-01-16,04:00:00,4,2,2,F11MO
40,Molenlei 59,2023-01-16,05:00:00,40,30,10,F11MO
40,Molenlei 59,2023-01-16,06:00:00,74,62,12,F11MO
40,Molenlei 59,2023-01-16,07:00:00,214,134,80,F11MO
40,Molenlei 59,2023-01-16,08:00:00,262,174,88,F11MO
40,Molenlei 59,2023-01-16,09:00:00,92,40,52,F11MO
40,Molenlei 59,2023-01-16,10:00:00,98,64,34,F11MO
40,Molenlei 59,2023-01-16,11:00:00,44,28,16,F11MO
40,Molenlei 59,2023-01-16,12:00:00,64,44,20,F11MO
40,Molenlei 59,2023-01-16,13:00:00,62,28,34,F11MO
40,Molenlei 59,2023-01-16,14:00:00,64,34,30,F11MO
40,Molenlei 59,2023-01-16,15:00:00,132,32,100,F11MO
40,Molenlei 59,2023-01-16,16:00:00,266,94,172,F11MO
40,Molenlei 59,2023-01-16,17:00:00,242,82,160,F11MO
40,Molenlei 59,2023-01-16,18:00:00,92,30,62,F11MO
40,Molenlei 59,2023-01-16,19:00:00,26,8,18,F11MO
40,Molenlei 59,2023-01-16,20:00:00,30,10,20,F11MO
40,Molenlei 59,2023-01-16,21:00:00,20,6,14,F11MO
40,Molenlei 59,2023-01-16,22:00:00,34,6,28,F11MO
40,Molenlei 59,2023-01-16,23:00:00,2,0,2,F11MO
40,Molenlei 59,2023-01-17,00:00:00,6,2,4,F11MO
40,Molenlei 59,2023-01-17,01:00:00,6,2,4,F11MO
40,Molenlei 59,2023-01-17,02:00:00,0,0,0,F11MO
40,Molenlei 59,2023-01-17,03:00:00,0,0,0,F11MO
40,Molenlei 59,2023-01-17,04:00:00,14,10,4,F11MO
40,Molenlei 59,2023-01-17,05:00:00,42,34,8,F11MO
40,Molenlei 59,2023-01-17,06:00:00,76,60,16,F11MO
40,Molenlei 59,2023-01-17,07:00:00,304,208,96,F11MO
40,Molenlei 59,2023-01-17,08:00:00,364,250,114,F11MO
40,Molenlei 59,2023-01-17,09:00:00,124,60,64,F11MO
40,Molenlei 59,2023-01-17,10:00:00,88,52,36,F11MO
40,Molenlei 59,2023-01-17,11:00:00,66,32,34,F11MO
40,Molenlei 59,2023-01-17,12:00:00,136,66,70,F11MO
40,Molenlei 59,2023-01-17,13:00:00,132,62,70,F11MO
40,Molenlei 59,2023-01-17,14:00:00,148,56,92,F11MO
40,Molenlei 59,2023-01-17,15:00:00,216,62,154,F11MO
40,Molenlei 59,2023-01-17,16:00:00,354,118,236,F11MO
40,Molenlei 59,2023-01-17,17:00:00,274,90,184,F11MO
40,Molenlei 59,2023-01-17,18:00:00,154,52,102,F11MO
40,Molenlei 59,2023-01-17,19:00:00,74,32,42,F11MO
40,Molenlei 59,2023-01-17,20:00:00,28,8,20,F11MO
40,Molenlei 59,2023-01-17,21:00:00,28,12,16,F11MO
40,Molenlei 59,2023-01-17,22:00:00,52,14,38,F11MO
40,Molenlei 59,2023-01-17,23:00:00,18,6,12,F11MO
40,Molenlei 59,2023-01-18,00:00:00,14,4,10,F11MO
40,Molenlei 59,2023-01-18,01:00:00,4,2,2,F11MO
40,Molenlei 59,2023-01-18,02:00:00,0,0,0,F11MO
40,Molenlei 59,2023-01-18,03:00:00,0,0,0,F11MO
40,Molenlei 59,2023-01-18,04:00:00,10,6,4,F11MO
40,Molenlei 59,2023-01-18,05:00:00,40,32,8,F11MO
40,Molenlei 59,2023-01-18,06:00:00,94,66,28,F11MO
40,Molenlei 59,2023-01-18,07:00:00,266,164,102,F11MO
40,Molenlei 59,2023-01-18,08:00:00,294,190,104,F11MO
40,Molenlei 59,2023-01-18,09:00:00,120,56,64,F11MO
40,Molenlei 59,2023-01-18,10:00:00,98,54,44,F11MO
40,Molenlei 59,2023-01-18,11:00:00,146,56,90,F11MO
40,Molenlei 59,2023-01-18,12:00:00,252,90,162,F11MO
40,Molenlei 59,2023-01-18,13:00:00,162,68,94,F11MO
40,Molenlei 59,2023-01-18,14:00:00,180,82,98,F11MO
40,Molenlei 59,2023-01-18,15:00:00,170,76,94,F11MO
40,Molenlei 59,2023-01-18,16:00:00,244,104,140,F11MO
40,Molenlei 59,2023-01-18,17:00:00,224,88,136,F11MO
40,Molenlei 59,2023-01-18,18:00:00,142,64,78,F11MO
40,Molenlei 59,2023-01-18,19:00:00,64,24,40,F11MO
40,Molenlei 59,2023-01-18,20:00:00,54,32,22,F11MO
40,Molenlei 59,2023-01-18,21:00:00,38,16,22,F11MO
40,Molenlei 59,2023-01-18,22:00:00,34,8,26,F11MO
40,Molenlei 59,2023-01-18,23:00:00,12,6,6,F11MO
