Meetpunt surrogate key,Meetpunt locatie,Datum,Tijd,Aantal fietsers,Aantal fietsers van,Aantal fietsers naar,Meetpunt code
652,Jan van Rijswijcklaan 159-171,2022-08-22,00:00:00,12,7,5,FMN 04 Jan Van Rijswijcklaan
652,Jan van Rijswijcklaan 159-171,2022-08-22,01:00:00,14,12,2,FMN 04 Jan Van Rijswijcklaan
652,Jan van Rijswijcklaan 159-171,2022-08-22,02:00:00,2,2,0,FMN 04 Jan Van Rijswijcklaan
652,Jan van Rijswijcklaan 159-171,2022-08-22,03:00:00,1,1,0,FMN 04 Jan Van Rijswijcklaan
652,Jan van Rijswijcklaan 159-171,2022-08-22,04:00:00,13,10,3,FMN 04 Jan Van Rijswijcklaan
652,Jan van Rijswijcklaan 159-171,2022-08-22,05:00:00,26,23,3,FMN 04 Jan Van Rijswijcklaan
652,Jan van Rijswijcklaan 159-171,2022-08-22,06:00:00,73,68,5,FMN 04 Jan Van Rijswijcklaan
652,Jan van Rijswijcklaan 159-171,2022-08-22,07:00:00,149,133,16,FMN 04 Jan Van Rijswijcklaan
652,Jan van Rijswijcklaan 159-171,2022-08-22,08:00:00,248,236,12,FMN 04 Jan Van Rijswijcklaan
652,Jan van Rijswijcklaan 159-171,2022-08-22,09:00:00,145,136,9,FMN 04 Jan Van Rijswijcklaan
652,Jan van Rijswijcklaan 159-171,2022-08-22,10:00:00,111,104,7,FMN 04 Jan Van Rijswijcklaan
652,Jan van Rijswijcklaan 159-171,2022-08-22,11:00:00,87,76,11,FMN 04 Jan Van Rijswijcklaan
652,Jan van Rijswijcklaan 159-171,2022-08-22,12:00:00,117,108,9,FMN 04 Jan Van Rijswijcklaan
652,Jan van Rijswijcklaan 159-171,2022-08-22,13:00:00,113,95,18,FMN 04 Jan Van Rijswijcklaan
652,Jan van Rijswijcklaan 159-171,2022-08-22,14:00:00,131,116,15,FMN 04 Jan Van Rijswijcklaan
652,Jan van Rijswijcklaan 159-171,2022-08-22,15:00:00,131,118,13,FMN 04 Jan Van Rijswijcklaan
652,Jan van Rijswijcklaan 159-171,2022-08-22,16:00:00,199,180,19,FMN 04 Jan Van Rijswijcklaan
652,Jan van Rijswijcklaan 159-171,2022-08-22,17:00:00,237,210,27,FMN 04 Jan Van Rijswijcklaan
652,Jan van Rijswijcklaan 159-171,2022-08-22,18:00:00,162,138,24,FMN 04 Jan Van Rijswijcklaan
652,Jan van Rijswijcklaan 159-171,2022-08-22,19:00:00,101,81,20,FMN 04 Jan Van Rijswijcklaan
652,Jan van Rijswijcklaan 159-171,2022-08-22,20:00:00,101,83,18,FMN 04 Jan Van Rijswijcklaan
652,Jan van Rijswijcklaan 159-171,2022-08-22,21:00:00,61,46,15,FMN 04 Jan Van Rijswijcklaan
652,Jan van Rijswijcklaan 159-171,2022-08-22,22:00:00,80,65,15,FMN 04 Jan Van Rijswijcklaan
652,Jan van Rijswijcklaan 159-171,2022-08-22,23:00:00,41,28,13,FMN 04 Jan Van Rijswijcklaan
652,Jan van Rijswijcklaan 159-171,2022-08-23,00:00:00,14,10,4,FMN 04 Jan Van Rijswijcklaan
652,Jan van Rijswijcklaan 159-171,2022-08-23,01:00:00,6,5,1,FMN 04 Jan Van Rijswijcklaan
652,Jan van Rijswijcklaan 159-171,2022-08-23,02:00:00,10,4,6,FMN 04 Jan Van Rijswijcklaan
652,Jan van Rijswijcklaan 159-171,2022-08-23,03:00:00,5,4,1,FMN 04 Jan Van Rijswijcklaan
652,Jan van Rijswijcklaan 159-171,2022-08-23,04:00:00,16,11,5,FMN 04 Jan Van Rijswijcklaan
652,Jan van Rijswijcklaan 159-171,2022-08-23,05:00:00,25,23,2,FMN 04 Jan Van Rijswijcklaan
652,Jan van Rijswijcklaan 159-171,2022-08-23,06:00:00,76,67,9,FMN 04 Jan Van Rijswijcklaan
652,Jan van Rijswijcklaan 159-171,2022-08-23,07:00:00,171,157,14,FMN 04 Jan Van Rijswijcklaan
652,Jan van Rijswijcklaan 159-171,2022-08-23,08:00:00,312,288,24,FMN 04 Jan Van Rijswijcklaan
652,Jan van Rijswijcklaan 159-171,2022-08-23,09:00:00,185,169,16,FMN 04 Jan Van Rijswijcklaan
652,Jan van Rijswijcklaan 159-171,2022-08-23,10:00:00,110,97,13,FMN 04 Jan Van Rijswijcklaan
652,Jan van Rijswijcklaan 159-171,2022-08-23,11:00:00,114,104,10,FMN 04 Jan Van Rijswijcklaan
652,Jan van Rijswijcklaan 159-171,2022-08-23,12:00:00,154,135,19,FMN 04 Jan Van Rijswijcklaan
652,Jan van Rijswijcklaan 159-171,2022-08-23,13:00:00,121,103,18,FMN 04 Jan Van Rijswijcklaan
652,Jan van Rijswijcklaan 159-171,2022-08-23,14:00:00,118,106,12,FMN 04 Jan Van Rijswijcklaan
652,Jan van Rijswijcklaan 159-171,2022-08-23,15:00:00,131,118,13,FMN 04 Jan Van Rijswijcklaan
652,Jan van Rijswijcklaan 159-171,2022-08-23,16:00:00,212,192,20,FMN 04 Jan Van Rijswijcklaan
652,Jan van Rijswijcklaan 159-171,2022-08-23,17:00:00,278,246,32,FMN 04 Jan Van Rijswijcklaan
652,Jan van Rijswijcklaan 159-171,2022-08-23,18:00:00,166,145,21,FMN 04 Jan Van Rijswijcklaan
652,Jan van Rijswijcklaan 159-171,2022-08-23,19:00:00,148,128,20,FMN 04 Jan Van Rijswijcklaan
652,Jan van Rijswijcklaan 159-171,2022-08-23,20:00:00,114,90,24,FMN 04 Jan Van Rijswijcklaan
652,Jan van Rijswijcklaan 159-171,2022-08-23,21:00:00,96,75,21,FMN 04 Jan Van Rijswijcklaan
652,Jan van Rijswijcklaan 159-171,2022-08-23,22:00:00,100,81,19,FMN 04 Jan Van Rijswijcklaan
652,Jan van Rijswijcklaan 159-171,2022-08-23,23:00:00,53,45,8,FMN 04 Jan Van Rijswijcklaan
652,Jan van Rijswijcklaan 159-171,2022-08-24,00:00:00,20,17,3,FMN 04 Jan Van Rijswijcklaan
652,Jan van Rijswijcklaan 159-171,2022-08-24,01:00:00,7,4,3,FMN 04 Jan Van Rijswijcklaan
652,Jan van Rijswijcklaan 159-171,2022-08-24,02:00:00,6,5,1,FMN 04 Jan Van Rijswijcklaan
652,Jan van Rijswijcklaan 159-171,2022-08-24,03:00:00,3,3,0,FMN 04 Jan Van Rijswijcklaan
652,Jan van Rijswijcklaan 159-171,2022-08-24,04:00:00,18,12,6,FMN 04 Jan Van Rijswijcklaan
652,Jan van Rijswijcklaan 159-171,2022-08-24,05:00:00,30,21,9,FMN 04 Jan Van Rijswijcklaan
652,Jan van Rijswijcklaan 159-171,2022-08-24,06:00:00,71,64,7,FMN 04 Jan Van Rijswijcklaan
652,Jan van Rijswijcklaan 159-171,2022-08-24,07:00:00,160,140,20,FMN 04 Jan Van Rijswijcklaan
652,Jan van Rijswijcklaan 159-171,2022-08-24,08:00:00,292,273,19,FMN 04 Jan Van Rijswijcklaan
652,Jan van Rijswijcklaan 159-171,2022-08-24,09:00:00,179,161,18,FMN 04 Jan Van Rijswijcklaan
652,Jan van Rijswijcklaan 159-171,2022-08-24,10:00:00,113,103,10,FMN 04 Jan Van Rijswijcklaan
652,Jan van Rijswijcklaan 159-171,2022-08-24,11:00:00,106,93,13,FMN 04 Jan Van Rijswijcklaan
652,Jan van Rijswijcklaan 159-171,2022-08-24,12:00:00,147,133,14,FMN 04 Jan Van Rijswijcklaan
652,Jan van Rijswijcklaan 159-171,2022-08-24,13:00:00,120,104,16,FMN 04 Jan Van Rijswijcklaan
652,Jan van Rijswijcklaan 159-171,2022-08-24,14:00:00,140,125,15,FMN 04 Jan Van Rijswijcklaan
652,Jan van Rijswijcklaan 159-171,2022-08-24,15:00:00,142,123,19,FMN 04 Jan Van Rijswijcklaan
652,Jan van Rijswijcklaan 159-171,2022-08-24,16:00:00,185,160,25,FMN 04 Jan Van Rijswijcklaan
652,Jan van Rijswijcklaan 159-171,2022-08-24,17:00:00,268,239,29,FMN 04 Jan Van Rijswijcklaan
652,Jan van Rijswijcklaan 159-171,2022-08-24,18:00:00,205,168,37,FMN 04 Jan Van Rijswijcklaan
652,Jan van Rijswijcklaan 159-171,2022-08-24,19:00:00,117,98,19,FMN 04 Jan Van Rijswijcklaan
652,Jan van Rijswijcklaan 159-171,2022-08-24,20:00:00,135,109,26,FMN 04 Jan Van Rijswijcklaan
652,Jan van Rijswijcklaan 159-171,2022-08-24,21:00:00,69,54,15,FMN 04 Jan Van Rijswijcklaan
652,Jan van Rijswijcklaan 159-171,2022-08-24,22:00:00,67,54,13,FMN 04 Jan Van Rijswijcklaan
652,Jan van Rijswijcklaan 159-171,2022-08-24,23:00:00,33,28,5,FMN 04 Jan Van Rijswijcklaan
652,Jan van Rijswijcklaan 159-171,2022-08-25,00:00:00,25,16,9,FMN 04 Jan Van Rijswijcklaan
652,Jan van Rijswijcklaan 159-171,2022-08-25,01:00:00,10,7,3,FMN 04 Jan Van Rijswijcklaan
652,Jan van Rijswijcklaan 159-171,2022-08-25,02:00:00,6,4,2,FMN 04 Jan Van Rijswijcklaan
652,Jan van Rijswijcklaan 159-171,2022-08-25,03:00:00,7,6,1,FMN 04 Jan Van Rijswijcklaan
652,Jan van Rijswijcklaan 159-171,2022-08-25,04:00:00,12,8,4,FMN 04 Jan Van Rijswijcklaan
652,Jan van Rijswijcklaan 159-171,2022-08-25,05:00:00,34,28,6,FMN 04 Jan Van Rijswijcklaan
652,Jan van Rijswijcklaan 159-171,2022-08-25,06:00:00,60,56,4,FMN 04 Jan Van Rijswijcklaan
652,Jan van Rijswijcklaan 159-171,2022-08-25,07:00:00,164,150,14,FMN 04 Jan Van Rijswijcklaan
652,Jan van Rijswijcklaan 159-171,2022-08-25,08:00:00,309,283,26,FMN 04 Jan Van Rijswijcklaan
652,Jan van Rijswijcklaan 159-171,2022-08-25,09:00:00,174,163,11,FMN 04 Jan Van Rijswijcklaan
652,Jan van Rijswijcklaan 159-171,2022-08-25,10:00:00,109,98,11,FMN 04 Jan Van Rijswijcklaan
652,Jan van Rijswijcklaan 159-171,2022-08-25,11:00:00,119,110,9,FMN 04 Jan Van Rijswijcklaan
652,Jan van Rijswijcklaan 159-171,2022-08-25,12:00:00,141,122,19,FMN 04 Jan Van Rijswijcklaan
652,Jan van Rijswijcklaan 159-171,2022-08-25,13:00:00,145,123,22,FMN 04 Jan Van Rijswijcklaan
652,Jan van Rijswijcklaan 159-171,2022-08-25,14:00:00,152,135,17,FMN 04 Jan Van Rijswijcklaan
652,Jan van Rijswijcklaan 159-171,2022-08-25,15:00:00,131,113,18,FMN 04 Jan Van Rijswijcklaan
652,Jan van Rijswijcklaan 159-171,2022-08-25,16:00:00,218,194,24,FMN 04 Jan Van Rijswijcklaan
652,Jan van Rijswijcklaan 159-171,2022-08-25,17:00:00,243,215,28,FMN 04 Jan Van Rijswijcklaan
652,Jan van Rijswijcklaan 159-171,2022-08-25,18:00:00,182,161,21,FMN 04 Jan Van Rijswijcklaan
652,Jan van Rijswijcklaan 159-171,2022-08-25,19:00:00,175,154,21,FMN 04 Jan Van Rijswijcklaan
652,Jan van Rijswijcklaan 159-171,2022-08-25,20:00:00,116,95,21,FMN 04 Jan Van Rijswijcklaan
652,Jan van Rijswijcklaan 159-171,2022-08-25,21:00:00,78,57,21,FMN 04 Jan Van Rijswijcklaan
652,Jan van Rijswijcklaan 159-171,2022-08-25,22:00:00,104,96,8,FMN 04 Jan Van Rijswijcklaan
652,Jan van Rijswijcklaan 159-171,2022-08-25,23:00:00,51,44,7,FMN 04 Jan Van Rijswijcklaan
652,Jan van Rijswijcklaan 159-171,2022-08-26,00:00:00,14,10,4,FMN 04 Jan Van Rijswijcklaan
652,Jan van Rijswijcklaan 159-171,2022-08-26,01:00:00,20,9,11,FMN 04 Jan Van Rijswijcklaan
652,Jan van Rijswijcklaan 159-171,2022-08-26,02:00:00,11,8,3,FMN 04 Jan Van Rijswijcklaan
652,Jan van Rijswijcklaan 159-171,2022-08-26,03:00:00,8,4,4,FMN 04 Jan Van Rijswijcklaan
652,Jan van Rijswijcklaan 159-171,2022-08-26,04:00:00,0,0,0,FMN 04 Jan Van Rijswijcklaan
652,Jan van Rijswijcklaan 159-171,2022-08-26,05:00:00,0,0,0,FMN 04 Jan Van Rijswijcklaan
652,Jan van Rijswijcklaan 159-171,2022-08-26,06:00:00,0,0,0,FMN 04 Jan Van Rijswijcklaan
652,Jan van Rijswijcklaan 159-171,2022-08-26,07:00:00,0,0,0,FMN 04 Jan Van Rijswijcklaan
652,Jan van Rijswijcklaan 159-171,2022-08-26,08:00:00,28,25,3,FMN 04 Jan Van Rijswijcklaan
652,Jan van Rijswijcklaan 159-171,2022-08-26,09:00:00,146,139,7,FMN 04 Jan Van Rijswijcklaan
652,Jan van Rijswijcklaan 159-171,2022-08-26,10:00:00,121,113,8,FMN 04 Jan Van Rijswijcklaan
652,Jan van Rijswijcklaan 159-171,2022-08-26,11:00:00,91,84,7,FMN 04 Jan Van Rijswijcklaan
652,Jan van Rijswijcklaan 159-171,2022-08-26,12:00:00,112,102,10,FMN 04 Jan Van Rijswijcklaan
652,Jan van Rijswijcklaan 159-171,2022-08-26,13:00:00,153,131,22,FMN 04 Jan Van Rijswijcklaan
652,Jan van Rijswijcklaan 159-171,2022-08-26,14:00:00,136,124,12,FMN 04 Jan Van Rijswijcklaan
652,Jan van Rijswijcklaan 159-171,2022-08-26,15:00:00,165,146,19,FMN 04 Jan Van Rijswijcklaan
652,Jan van Rijswijcklaan 159-171,2022-08-26,16:00:00,194,180,14,FMN 04 Jan Van Rijswijcklaan
652,Jan van Rijswijcklaan 159-171,2022-08-26,17:00:00,229,207,22,FMN 04 Jan Van Rijswijcklaan
652,Jan van Rijswijcklaan 159-171,2022-08-26,18:00:00,152,139,13,FMN 04 Jan Van Rijswijcklaan
652,Jan van Rijswijcklaan 159-171,2022-08-26,19:00:00,152,129,23,FMN 04 Jan Van Rijswijcklaan
652,Jan van Rijswijcklaan 159-171,2022-08-26,20:00:00,97,91,6,FMN 04 Jan Van Rijswijcklaan
652,Jan van Rijswijcklaan 159-171,2022-08-26,21:00:00,90,85,5,FMN 04 Jan Van Rijswijcklaan
652,Jan van Rijswijcklaan 159-171,2022-08-26,22:00:00,63,45,18,FMN 04 Jan Van Rijswijcklaan
652,Jan van Rijswijcklaan 159-171,2022-08-26,23:00:00,50,37,13,FMN 04 Jan Van Rijswijcklaan
652,Jan van Rijswijcklaan 159-171,2022-08-27,00:00:00,34,24,10,FMN 04 Jan Van Rijswijcklaan
652,Jan van Rijswijcklaan 159-171,2022-08-27,01:00:00,33,20,13,FMN 04 Jan Van Rijswijcklaan
652,Jan van Rijswijcklaan 159-171,2022-08-27,02:00:00,2,2,0,FMN 04 Jan Van Rijswijcklaan
652,Jan van Rijswijcklaan 159-171,2022-08-27,03:00:00,0,0,0,FMN 04 Jan Van Rijswijcklaan
652,Jan van Rijswijcklaan 159-171,2022-08-27,04:00:00,0,0,0,FMN 04 Jan Van Rijswijcklaan
652,Jan van Rijswijcklaan 159-171,2022-08-27,05:00:00,0,0,0,FMN 04 Jan Van Rijswijcklaan
652,Jan van Rijswijcklaan 159-171,2022-08-27,06:00:00,0,0,0,FMN 04 Jan Van Rijswijcklaan
652,Jan van Rijswijcklaan 159-171,2022-08-27,07:00:00,0,0,0,FMN 04 Jan Van Rijswijcklaan
652,Jan van Rijswijcklaan 159-171,2022-08-27,08:00:00,27,23,4,FMN 04 Jan Van Rijswijcklaan
652,Jan van Rijswijcklaan 159-171,2022-08-27,09:00:00,100,89,11,FMN 04 Jan Van Rijswijcklaan
652,Jan van Rijswijcklaan 159-171,2022-08-27,10:00:00,112,101,11,FMN 04 Jan Van Rijswijcklaan
652,Jan van Rijswijcklaan 159-171,2022-08-27,11:00:00,152,127,25,FMN 04 Jan Van Rijswijcklaan
652,Jan van Rijswijcklaan 159-171,2022-08-27,12:00:00,126,113,13,FMN 04 Jan Van Rijswijcklaan
652,Jan van Rijswijcklaan 159-171,2022-08-27,13:00:00,142,117,25,FMN 04 Jan Van Rijswijcklaan
652,Jan van Rijswijcklaan 159-171,2022-08-27,14:00:00,137,117,20,FMN 04 Jan Van Rijswijcklaan
652,Jan van Rijswijcklaan 159-171,2022-08-27,15:00:00,139,125,14,FMN 04 Jan Van Rijswijcklaan
652,Jan van Rijswijcklaan 159-171,2022-08-27,16:00:00,135,125,10,FMN 04 Jan Van Rijswijcklaan
652,Jan van Rijswijcklaan 159-171,2022-08-27,17:00:00,113,102,11,FMN 04 Jan Van Rijswijcklaan
652,Jan van Rijswijcklaan 159-171,2022-08-27,18:00:00,133,112,21,FMN 04 Jan Van Rijswijcklaan
652,Jan van Rijswijcklaan 159-171,2022-08-27,19:00:00,89,76,13,FMN 04 Jan Van Rijswijcklaan
652,Jan van Rijswijcklaan 159-171,2022-08-27,20:00:00,87,71,16,FMN 04 Jan Van Rijswijcklaan
652,Jan van Rijswijcklaan 159-171,2022-08-27,21:00:00,94,81,13,FMN 04 Jan Van Rijswijcklaan
652,Jan van Rijswijcklaan 159-171,2022-08-27,22:00:00,47,33,14,FMN 04 Jan Van Rijswijcklaan
652,Jan van Rijswijcklaan 159-171,2022-08-27,23:00:00,29,22,7,FMN 04 Jan Van Rijswijcklaan
652,Jan van Rijswijcklaan 159-171,2022-08-28,00:00:00,18,15,3,FMN 04 Jan Van Rijswijcklaan
652,Jan van Rijswijcklaan 159-171,2022-08-28,01:00:00,0,0,0,FMN 04 Jan Van Rijswijcklaan
652,Jan van Rijswijcklaan 159-171,2022-08-28,02:00:00,0,0,0,FMN 04 Jan Van Rijswijcklaan
652,Jan van Rijswijcklaan 159-171,2022-08-28,03:00:00,0,0,0,FMN 04 Jan Van Rijswijcklaan
652,Jan van Rijswijcklaan 159-171,2022-08-28,04:00:00,0,0,0,FMN 04 Jan Van Rijswijcklaan
652,Jan van Rijswijcklaan 159-171,2022-08-28,05:00:00,0,0,0,FMN 04 Jan Van Rijswijcklaan
652,Jan van Rijswijcklaan 159-171,2022-08-28,06:00:00,0,0,0,FMN 04 Jan Van Rijswijcklaan
652,Jan van Rijswijcklaan 159-171,2022-08-28,07:00:00,0,0,0,FMN 04 Jan Van Rijswijcklaan
652,Jan van Rijswijcklaan 159-171,2022-08-28,08:00:00,27,23,4,FMN 04 Jan Van Rijswijcklaan
652,Jan van Rijswijcklaan 159-171,2022-08-28,09:00:00,79,72,7,FMN 04 Jan Van Rijswijcklaan
652,Jan van Rijswijcklaan 159-171,2022-08-28,10:00:00,91,80,11,FMN 04 Jan Van Rijswijcklaan
652,Jan van Rijswijcklaan 159-171,2022-08-28,11:00:00,88,73,15,FMN 04 Jan Van Rijswijcklaan
652,Jan van Rijswijcklaan 159-171,2022-08-28,12:00:00,100,87,13,FMN 04 Jan Van Rijswijcklaan
652,Jan van Rijswijcklaan 159-171,2022-08-28,13:00:00,119,105,14,FMN 04 Jan Van Rijswijcklaan
652,Jan van Rijswijcklaan 159-171,2022-08-28,14:00:00,111,96,15,FMN 04 Jan Van Rijswijcklaan
652,Jan van Rijswijcklaan 159-171,2022-08-28,15:00:00,94,81,13,FMN 04 Jan Van Rijswijcklaan
652,Jan van Rijswijcklaan 159-171,2022-08-28,16:00:00,86,74,12,FMN 04 Jan Van Rijswijcklaan
652,Jan van Rijswijcklaan 159-171,2022-08-28,17:00:00,137,123,14,FMN 04 Jan Van Rijswijcklaan
652,Jan van Rijswijcklaan 159-171,2022-08-28,18:00:00,98,83,15,FMN 04 Jan Van Rijswijcklaan
652,Jan van Rijswijcklaan 159-171,2022-08-28,19:00:00,80,69,11,FMN 04 Jan Van Rijswijcklaan
652,Jan van Rijswijcklaan 159-171,2022-08-28,20:00:00,92,80,12,FMN 04 Jan Van Rijswijcklaan
652,Jan van Rijswijcklaan 159-171,2022-08-28,21:00:00,47,40,7,FMN 04 Jan Van Rijswijcklaan
652,Jan van Rijswijcklaan 159-171,2022-08-28,22:00:00,19,14,5,FMN 04 Jan Van Rijswijcklaan
652,Jan van Rijswijcklaan 159-171,2022-08-28,23:00:00,0,0,0,FMN 04 Jan Van Rijswijcklaan
652,Jan van Rijswijcklaan 159-171,2022-08-29,00:00:00,0,0,0,FMN 04 Jan Van Rijswijcklaan
652,Jan van Rijswijcklaan 159-171,2022-08-29,01:00:00,0,0,0,FMN 04 Jan Van Rijswijcklaan
652,Jan van Rijswijcklaan 159-171,2022-08-29,02:00:00,0,0,0,FMN 04 Jan Van Rijswijcklaan
652,Jan van Rijswijcklaan 159-171,2022-08-29,03:00:00,0,0,0,FMN 04 Jan Van Rijswijcklaan
652,Jan van Rijswijcklaan 159-171,2022-08-29,04:00:00,0,0,0,FMN 04 Jan Van Rijswijcklaan
652,Jan van Rijswijcklaan 159-171,2022-08-29,05:00:00,0,0,0,FMN 04 Jan Van Rijswijcklaan
652,Jan van Rijswijcklaan 159-171,2022-08-29,06:00:00,0,0,0,FMN 04 Jan Van Rijswijcklaan
652,Jan van Rijswijcklaan 159-171,2022-08-29,07:00:00,0,0,0,FMN 04 Jan Van Rijswijcklaan
652,Jan van Rijswijcklaan 159-171,2022-08-29,08:00:00,278,266,12,FMN 04 Jan Van Rijswijcklaan
652,Jan van Rijswijcklaan 159-171,2022-08-29,09:00:00,136,127,9,FMN 04 Jan Van Rijswijcklaan
652,Jan van Rijswijcklaan 159-171,2022-08-29,10:00:00,98,89,9,FMN 04 Jan Van Rijswijcklaan
652,Jan van Rijswijcklaan 159-171,2022-08-29,11:00:00,122,108,14,FMN 04 Jan Van Rijswijcklaan
652,Jan van Rijswijcklaan 159-171,2022-08-29,12:00:00,140,124,16,FMN 04 Jan Van Rijswijcklaan
652,Jan van Rijswijcklaan 159-171,2022-08-29,13:00:00,134,118,16,FMN 04 Jan Van Rijswijcklaan
652,Jan van Rijswijcklaan 159-171,2022-08-29,14:00:00,149,129,20,FMN 04 Jan Van Rijswijcklaan
652,Jan van Rijswijcklaan 159-171,2022-08-29,15:00:00,166,140,26,FMN 04 Jan Van Rijswijcklaan
652,Jan van Rijswijcklaan 159-171,2022-08-29,16:00:00,221,195,26,FMN 04 Jan Van Rijswijcklaan
652,Jan van Rijswijcklaan 159-171,2022-08-29,17:00:00,268,235,33,FMN 04 Jan Van Rijswijcklaan
652,Jan van Rijswijcklaan 159-171,2022-08-29,18:00:00,220,184,36,FMN 04 Jan Van Rijswijcklaan
652,Jan van Rijswijcklaan 159-171,2022-08-29,19:00:00,127,106,21,FMN 04 Jan Van Rijswijcklaan
652,Jan van Rijswijcklaan 159-171,2022-08-29,20:00:00,105,74,31,FMN 04 Jan Van Rijswijcklaan
652,Jan van Rijswijcklaan 159-171,2022-08-29,21:00:00,85,66,19,FMN 04 Jan Van Rijswijcklaan
652,Jan van Rijswijcklaan 159-171,2022-08-29,22:00:00,31,25,6,FMN 04 Jan Van Rijswijcklaan
652,Jan van Rijswijcklaan 159-171,2022-08-29,23:00:00,0,0,0,FMN 04 Jan Van Rijswijcklaan
652,Jan van Rijswijcklaan 159-171,2022-08-30,00:00:00,0,0,0,FMN 04 Jan Van Rijswijcklaan
652,Jan van Rijswijcklaan 159-171,2022-08-30,01:00:00,0,0,0,FMN 04 Jan Van Rijswijcklaan
652,Jan van Rijswijcklaan 159-171,2022-08-30,02:00:00,0,0,0,FMN 04 Jan Van Rijswijcklaan
652,Jan van Rijswijcklaan 159-171,2022-08-30,03:00:00,0,0,0,FMN 04 Jan Van Rijswijcklaan
652,Jan van Rijswijcklaan 159-171,2022-08-30,04:00:00,0,0,0,FMN 04 Jan Van Rijswijcklaan
652,Jan van Rijswijcklaan 159-171,2022-08-30,05:00:00,0,0,0,FMN 04 Jan Van Rijswijcklaan
652,Jan van Rijswijcklaan 159-171,2022-08-30,06:00:00,0,0,0,FMN 04 Jan Van Rijswijcklaan
652,Jan van Rijswijcklaan 159-171,2022-08-30,07:00:00,0,0,0,FMN 04 Jan Van Rijswijcklaan
652,Jan van Rijswijcklaan 159-171,2022-08-30,08:00:00,311,301,10,FMN 04 Jan Van Rijswijcklaan
652,Jan van Rijswijcklaan 159-171,2022-08-30,09:00:00,181,166,15,FMN 04 Jan Van Rijswijcklaan
652,Jan van Rijswijcklaan 159-171,2022-08-30,10:00:00,126,111,15,FMN 04 Jan Van Rijswijcklaan
652,Jan van Rijswijcklaan 159-171,2022-08-30,11:00:00,141,129,12,FMN 04 Jan Van Rijswijcklaan
652,Jan van Rijswijcklaan 159-171,2022-08-30,12:00:00,158,149,9,FMN 04 Jan Van Rijswijcklaan
652,Jan van Rijswijcklaan 159-171,2022-08-30,13:00:00,136,121,15,FMN 04 Jan Van Rijswijcklaan
652,Jan van Rijswijcklaan 159-171,2022-08-30,14:00:00,173,154,19,FMN 04 Jan Van Rijswijcklaan
652,Jan van Rijswijcklaan 159-171,2022-08-30,15:00:00,186,157,29,FMN 04 Jan Van Rijswijcklaan
652,Jan van Rijswijcklaan 159-171,2022-08-30,16:00:00,209,172,37,FMN 04 Jan Van Rijswijcklaan
652,Jan van Rijswijcklaan 159-171,2022-08-30,17:00:00,262,223,39,FMN 04 Jan Van Rijswijcklaan
652,Jan van Rijswijcklaan 159-171,2022-08-30,18:00:00,200,173,27,FMN 04 Jan Van Rijswijcklaan
652,Jan van Rijswijcklaan 159-171,2022-08-30,19:00:00,137,114,23,FMN 04 Jan Van Rijswijcklaan
652,Jan van Rijswijcklaan 159-171,2022-08-30,20:00:00,114,91,23,FMN 04 Jan Van Rijswijcklaan
652,Jan van Rijswijcklaan 159-171,2022-08-30,21:00:00,94,76,18,FMN 04 Jan Van Rijswijcklaan
652,Jan van Rijswijcklaan 159-171,2022-08-30,22:00:00,28,24,4,FMN 04 Jan Van Rijswijcklaan
652,Jan van Rijswijcklaan 159-171,2022-08-30,23:00:00,0,0,0,FMN 04 Jan Van Rijswijcklaan
652,Jan van Rijswijcklaan 159-171,2022-08-31,00:00:00,0,0,0,FMN 04 Jan Van Rijswijcklaan
652,Jan van Rijswijcklaan 159-171,2022-08-31,01:00:00,0,0,0,FMN 04 Jan Van Rijswijcklaan
652,Jan van Rijswijcklaan 159-171,2022-08-31,02:00:00,0,0,0,FMN 04 Jan Van Rijswijcklaan
652,Jan van Rijswijcklaan 159-171,2022-08-31,03:00:00,0,0,0,FMN 04 Jan Van Rijswijcklaan
652,Jan van Rijswijcklaan 159-171,2022-08-31,04:00:00,0,0,0,FMN 04 Jan Van Rijswijcklaan
652,Jan van Rijswijcklaan 159-171,2022-08-31,05:00:00,0,0,0,FMN 04 Jan Van Rijswijcklaan
652,Jan van Rijswijcklaan 159-171,2022-08-31,06:00:00,0,0,0,FMN 04 Jan Van Rijswijcklaan
652,Jan van Rijswijcklaan 159-171,2022-08-31,07:00:00,0,0,0,FMN 04 Jan Van Rijswijcklaan
652,Jan van Rijswijcklaan 159-171,2022-08-31,08:00:00,242,232,10,FMN 04 Jan Van Rijswijcklaan
652,Jan van Rijswijcklaan 159-171,2022-08-31,09:00:00,144,132,12,FMN 04 Jan Van Rijswijcklaan
652,Jan van Rijswijcklaan 159-171,2022-08-31,10:00:00,103,94,9,FMN 04 Jan Van Rijswijcklaan
652,Jan van Rijswijcklaan 159-171,2022-08-31,11:00:00,148,136,12,FMN 04 Jan Van Rijswijcklaan
652,Jan van Rijswijcklaan 159-171,2022-08-31,12:00:00,165,154,11,FMN 04 Jan Van Rijswijcklaan
652,Jan van Rijswijcklaan 159-171,2022-08-31,13:00:00,169,152,17,FMN 04 Jan Van Rijswijcklaan
652,Jan van Rijswijcklaan 159-171,2022-08-31,14:00:00,145,125,20,FMN 04 Jan Van Rijswijcklaan
652,Jan van Rijswijcklaan 159-171,2022-08-31,15:00:00,171,148,23,FMN 04 Jan Van Rijswijcklaan
652,Jan van Rijswijcklaan 159-171,2022-08-31,16:00:00,227,202,25,FMN 04 Jan Van Rijswijcklaan
652,Jan van Rijswijcklaan 159-171,2022-08-31,17:00:00,287,250,37,FMN 04 Jan Van Rijswijcklaan
652,Jan van Rijswijcklaan 159-171,2022-08-31,18:00:00,222,196,26,FMN 04 Jan Van Rijswijcklaan
652,Jan van Rijswijcklaan 159-171,2022-08-31,19:00:00,165,134,31,FMN 04 Jan Van Rijswijcklaan
652,Jan van Rijswijcklaan 159-171,2022-08-31,20:00:00,131,112,19,FMN 04 Jan Van Rijswijcklaan
652,Jan van Rijswijcklaan 159-171,2022-08-31,21:00:00,83,65,18,FMN 04 Jan Van Rijswijcklaan
652,Jan van Rijswijcklaan 159-171,2022-08-31,22:00:00,32,23,9,FMN 04 Jan Van Rijswijcklaan
652,Jan van Rijswijcklaan 159-171,2022-08-31,23:00:00,0,0,0,FMN 04 Jan Van Rijswijcklaan
652,Jan van Rijswijcklaan 159-171,2022-09-01,00:00:00,0,0,0,FMN 04 Jan Van Rijswijcklaan
652,Jan van Rijswijcklaan 159-171,2022-09-01,01:00:00,0,0,0,FMN 04 Jan Van Rijswijcklaan
652,Jan van Rijswijcklaan 159-171,2022-09-01,02:00:00,0,0,0,FMN 04 Jan Van Rijswijcklaan
652,Jan van Rijswijcklaan 159-171,2022-09-01,03:00:00,0,0,0,FMN 04 Jan Van Rijswijcklaan
652,Jan van Rijswijcklaan 159-171,2022-09-01,04:00:00,0,0,0,FMN 04 Jan Van Rijswijcklaan
652,Jan van Rijswijcklaan 159-171,2022-09-01,05:00:00,0,0,0,FMN 04 Jan Van Rijswijcklaan
652,Jan van Rijswijcklaan 159-171,2022-09-01,06:00:00,0,0,0,FMN 04 Jan Van Rijswijcklaan
652,Jan van Rijswijcklaan 159-171,2022-09-01,07:00:00,0,0,0,FMN 04 Jan Van Rijswijcklaan
652,Jan van Rijswijcklaan 159-171,2022-09-01,08:00:00,441,423,18,FMN 04 Jan Van Rijswijcklaan
652,Jan van Rijswijcklaan 159-171,2022-09-01,09:00:00,264,242,22,FMN 04 Jan Van Rijswijcklaan
652,Jan van Rijswijcklaan 159-171,2022-09-01,10:00:00,128,116,12,FMN 04 Jan Van Rijswijcklaan
652,Jan van Rijswijcklaan 159-171,2022-09-01,11:00:00,101,89,12,FMN 04 Jan Van Rijswijcklaan
652,Jan van Rijswijcklaan 159-171,2022-09-01,12:00:00,174,154,20,FMN 04 Jan Van Rijswijcklaan
652,Jan van Rijswijcklaan 159-171,2022-09-01,13:00:00,185,171,14,FMN 04 Jan Van Rijswijcklaan
652,Jan van Rijswijcklaan 159-171,2022-09-01,14:00:00,221,197,24,FMN 04 Jan Van Rijswijcklaan
652,Jan van Rijswijcklaan 159-171,2022-09-01,15:00:00,250,227,23,FMN 04 Jan Van Rijswijcklaan
652,Jan van Rijswijcklaan 159-171,2022-09-01,16:00:00,228,206,22,FMN 04 Jan Van Rijswijcklaan
652,Jan van Rijswijcklaan 159-171,2022-09-01,17:00:00,241,202,39,FMN 04 Jan Van Rijswijcklaan
652,Jan van Rijswijcklaan 159-171,2022-09-01,18:00:00,191,162,29,FMN 04 Jan Van Rijswijcklaan
652,Jan van Rijswijcklaan 159-171,2022-09-01,19:00:00,171,143,28,FMN 04 Jan Van Rijswijcklaan
652,Jan van Rijswijcklaan 159-171,2022-09-01,20:00:00,143,119,24,FMN 04 Jan Van Rijswijcklaan
652,Jan van Rijswijcklaan 159-171,2022-09-01,21:00:00,95,74,21,FMN 04 Jan Van Rijswijcklaan
652,Jan van Rijswijcklaan 159-171,2022-09-01,22:00:00,26,19,7,FMN 04 Jan Van Rijswijcklaan
652,Jan van Rijswijcklaan 159-171,2022-09-01,23:00:00,0,0,0,FMN 04 Jan Van Rijswijcklaan
652,Jan van Rijswijcklaan 159-171,2022-09-02,00:00:00,0,0,0,FMN 04 Jan Van Rijswijcklaan
652,Jan van Rijswijcklaan 159-171,2022-09-02,01:00:00,0,0,0,FMN 04 Jan Van Rijswijcklaan
652,Jan van Rijswijcklaan 159-171,2022-09-02,02:00:00,0,0,0,FMN 04 Jan Van Rijswijcklaan
652,Jan van Rijswijcklaan 159-171,2022-09-02,03:00:00,0,0,0,FMN 04 Jan Van Rijswijcklaan
652,Jan van Rijswijcklaan 159-171,2022-09-02,04:00:00,0,0,0,FMN 04 Jan Van Rijswijcklaan
652,Jan van Rijswijcklaan 159-171,2022-09-02,05:00:00,0,0,0,FMN 04 Jan Van Rijswijcklaan
652,Jan van Rijswijcklaan 159-171,2022-09-02,06:00:00,0,0,0,FMN 04 Jan Van Rijswijcklaan
652,Jan van Rijswijcklaan 159-171,2022-09-02,07:00:00,0,0,0,FMN 04 Jan Van Rijswijcklaan
652,Jan van Rijswijcklaan 159-171,2022-09-02,08:00:00,26,24,2,FMN 04 Jan Van Rijswijcklaan
652,Jan van Rijswijcklaan 159-171,2022-09-02,09:00:00,174,163,11,FMN 04 Jan Van Rijswijcklaan
652,Jan van Rijswijcklaan 159-171,2022-09-02,10:00:00,123,103,20,FMN 04 Jan Van Rijswijcklaan
652,Jan van Rijswijcklaan 159-171,2022-09-02,11:00:00,123,110,13,FMN 04 Jan Van Rijswijcklaan
652,Jan van Rijswijcklaan 159-171,2022-09-02,12:00:00,157,137,20,FMN 04 Jan Van Rijswijcklaan
652,Jan van Rijswijcklaan 159-171,2022-09-02,13:00:00,139,117,22,FMN 04 Jan Van Rijswijcklaan
652,Jan van Rijswijcklaan 159-171,2022-09-02,14:00:00,139,113,26,FMN 04 Jan Van Rijswijcklaan
652,Jan van Rijswijcklaan 159-171,2022-09-02,15:00:00,298,265,33,FMN 04 Jan Van Rijswijcklaan
652,Jan van Rijswijcklaan 159-171,2022-09-02,16:00:00,327,284,43,FMN 04 Jan Van Rijswijcklaan
652,Jan van Rijswijcklaan 159-171,2022-09-02,17:00:00,219,192,27,FMN 04 Jan Van Rijswijcklaan
652,Jan van Rijswijcklaan 159-171,2022-09-02,18:00:00,248,226,22,FMN 04 Jan Van Rijswijcklaan
652,Jan van Rijswijcklaan 159-171,2022-09-02,19:00:00,198,181,17,FMN 04 Jan Van Rijswijcklaan
652,Jan van Rijswijcklaan 159-171,2022-09-02,20:00:00,180,154,26,FMN 04 Jan Van Rijswijcklaan
652,Jan van Rijswijcklaan 159-171,2022-09-02,21:00:00,0,0,0,FMN 04 Jan Van Rijswijcklaan
652,Jan van Rijswijcklaan 159-171,2022-09-02,22:00:00,0,0,0,FMN 04 Jan Van Rijswijcklaan
652,Jan van Rijswijcklaan 159-171,2022-09-02,23:00:00,0,0,0,FMN 04 Jan Van Rijswijcklaan
652,Jan van Rijswijcklaan 159-171,2022-09-03,00:00:00,0,0,0,FMN 04 Jan Van Rijswijcklaan
652,Jan van Rijswijcklaan 159-171,2022-09-03,01:00:00,0,0,0,FMN 04 Jan Van Rijswijcklaan
652,Jan van Rijswijcklaan 159-171,2022-09-03,02:00:00,0,0,0,FMN 04 Jan Van Rijswijcklaan
652,Jan van Rijswijcklaan 159-171,2022-09-03,03:00:00,0,0,0,FMN 04 Jan Van Rijswijcklaan
652,Jan van Rijswijcklaan 159-171,2022-09-03,04:00:00,0,0,0,FMN 04 Jan Van Rijswijcklaan
652,Jan van Rijswijcklaan 159-171,2022-09-03,05:00:00,0,0,0,FMN 04 Jan Van Rijswijcklaan
652,Jan van Rijswijcklaan 159-171,2022-09-03,06:00:00,0,0,0,FMN 04 Jan Van Rijswijcklaan
652,Jan van Rijswijcklaan 159-171,2022-09-03,07:00:00,0,0,0,FMN 04 Jan Van Rijswijcklaan
652,Jan van Rijswijcklaan 159-171,2022-09-03,08:00:00,0,0,0,FMN 04 Jan Van Rijswijcklaan
652,Jan van Rijswijcklaan 159-171,2022-09-03,09:00:00,76,62,14,FMN 04 Jan Van Rijswijcklaan
652,Jan van Rijswijcklaan 159-171,2022-09-03,10:00:00,124,111,13,FMN 04 Jan Van Rijswijcklaan
652,Jan van Rijswijcklaan 159-171,2022-09-03,11:00:00,145,125,20,FMN 04 Jan Van Rijswijcklaan
652,Jan van Rijswijcklaan 159-171,2022-09-03,12:00:00,132,113,19,FMN 04 Jan Van Rijswijcklaan
652,Jan van Rijswijcklaan 159-171,2022-09-03,13:00:00,141,122,19,FMN 04 Jan Van Rijswijcklaan
652,Jan van Rijswijcklaan 159-171,2022-09-03,14:00:00,160,147,13,FMN 04 Jan Van Rijswijcklaan
652,Jan van Rijswijcklaan 159-171,2022-09-03,15:00:00,130,114,16,FMN 04 Jan Van Rijswijcklaan
652,Jan van Rijswijcklaan 159-171,2022-09-03,16:00:00,120,109,11,FMN 04 Jan Van Rijswijcklaan
652,Jan van Rijswijcklaan 159-171,2022-09-03,17:00:00,110,99,11,FMN 04 Jan Van Rijswijcklaan
652,Jan van Rijswijcklaan 159-171,2022-09-03,18:00:00,106,93,13,FMN 04 Jan Van Rijswijcklaan
652,Jan van Rijswijcklaan 159-171,2022-09-03,19:00:00,47,41,6,FMN 04 Jan Van Rijswijcklaan
652,Jan van Rijswijcklaan 159-171,2022-09-03,20:00:00,0,0,0,FMN 04 Jan Van Rijswijcklaan
652,Jan van Rijswijcklaan 159-171,2022-09-03,21:00:00,0,0,0,FMN 04 Jan Van Rijswijcklaan
652,Jan van Rijswijcklaan 159-171,2022-09-03,22:00:00,0,0,0,FMN 04 Jan Van Rijswijcklaan
652,Jan van Rijswijcklaan 159-171,2022-09-03,23:00:00,0,0,0,FMN 04 Jan Van Rijswijcklaan
652,Jan van Rijswijcklaan 159-171,2022-09-04,00:00:00,0,0,0,FMN 04 Jan Van Rijswijcklaan
652,Jan van Rijswijcklaan 159-171,2022-09-04,01:00:00,0,0,0,FMN 04 Jan Van Rijswijcklaan
652,Jan van Rijswijcklaan 159-171,2022-09-04,02:00:00,0,0,0,FMN 04 Jan Van Rijswijcklaan
652,Jan van Rijswijcklaan 159-171,2022-09-04,03:00:00,0,0,0,FMN 04 Jan Van Rijswijcklaan
652,Jan van Rijswijcklaan 159-171,2022-09-04,04:00:00,0,0,0,FMN 04 Jan Van Rijswijcklaan
652,Jan van Rijswijcklaan 159-171,2022-09-04,05:00:00,0,0,0,FMN 04 Jan Van Rijswijcklaan
652,Jan van Rijswijcklaan 159-171,2022-09-04,06:00:00,0,0,0,FMN 04 Jan Van Rijswijcklaan
652,Jan van Rijswijcklaan 159-171,2022-09-04,07:00:00,0,0,0,FMN 04 Jan Van Rijswijcklaan
652,Jan van Rijswijcklaan 159-171,2022-09-04,08:00:00,25,22,3,FMN 04 Jan Van Rijswijcklaan
652,Jan van Rijswijcklaan 159-171,2022-09-04,09:00:00,101,95,6,FMN 04 Jan Van Rijswijcklaan
652,Jan van Rijswijcklaan 159-171,2022-09-04,10:00:00,123,103,20,FMN 04 Jan Van Rijswijcklaan
652,Jan van Rijswijcklaan 159-171,2022-09-04,11:00:00,147,130,17,FMN 04 Jan Van Rijswijcklaan
652,Jan van Rijswijcklaan 159-171,2022-09-04,12:00:00,141,115,26,FMN 04 Jan Van Rijswijcklaan
652,Jan van Rijswijcklaan 159-171,2022-09-04,13:00:00,139,120,19,FMN 04 Jan Van Rijswijcklaan
652,Jan van Rijswijcklaan 159-171,2022-09-04,14:00:00,131,114,17,FMN 04 Jan Van Rijswijcklaan
652,Jan van Rijswijcklaan 159-171,2022-09-04,15:00:00,109,95,14,FMN 04 Jan Van Rijswijcklaan
652,Jan van Rijswijcklaan 159-171,2022-09-04,16:00:00,104,82,22,FMN 04 Jan Van Rijswijcklaan
652,Jan van Rijswijcklaan 159-171,2022-09-04,17:00:00,95,84,11,FMN 04 Jan Van Rijswijcklaan
652,Jan van Rijswijcklaan 159-171,2022-09-04,18:00:00,134,108,26,FMN 04 Jan Van Rijswijcklaan
652,Jan van Rijswijcklaan 159-171,2022-09-04,19:00:00,96,80,16,FMN 04 Jan Van Rijswijcklaan
652,Jan van Rijswijcklaan 159-171,2022-09-04,20:00:00,56,45,11,FMN 04 Jan Van Rijswijcklaan
652,Jan van Rijswijcklaan 159-171,2022-09-04,21:00:00,0,0,0,FMN 04 Jan Van Rijswijcklaan
652,Jan van Rijswijcklaan 159-171,2022-09-04,22:00:00,0,0,0,FMN 04 Jan Van Rijswijcklaan
652,Jan van Rijswijcklaan 159-171,2022-09-04,23:00:00,0,0,0,FMN 04 Jan Van Rijswijcklaan
652,Jan van Rijswijcklaan 159-171,2022-09-05,00:00:00,0,0,0,FMN 04 Jan Van Rijswijcklaan
652,Jan van Rijswijcklaan 159-171,2022-09-05,01:00:00,0,0,0,FMN 04 Jan Van Rijswijcklaan
652,Jan van Rijswijcklaan 159-171,2022-09-05,02:00:00,0,0,0,FMN 04 Jan Van Rijswijcklaan
652,Jan van Rijswijcklaan 159-171,2022-09-05,03:00:00,0,0,0,FMN 04 Jan Van Rijswijcklaan
652,Jan van Rijswijcklaan 159-171,2022-09-05,04:00:00,0,0,0,FMN 04 Jan Van Rijswijcklaan
652,Jan van Rijswijcklaan 159-171,2022-09-05,05:00:00,0,0,0,FMN 04 Jan Van Rijswijcklaan
652,Jan van Rijswijcklaan 159-171,2022-09-05,06:00:00,0,0,0,FMN 04 Jan Van Rijswijcklaan
652,Jan van Rijswijcklaan 159-171,2022-09-05,07:00:00,179,171,8,FMN 04 Jan Van Rijswijcklaan
652,Jan van Rijswijcklaan 159-171,2022-09-05,08:00:00,508,482,26,FMN 04 Jan Van Rijswijcklaan
652,Jan van Rijswijcklaan 159-171,2022-09-05,09:00:00,154,144,10,FMN 04 Jan Van Rijswijcklaan
652,Jan van Rijswijcklaan 159-171,2022-09-05,10:00:00,90,77,13,FMN 04 Jan Van Rijswijcklaan
652,Jan van Rijswijcklaan 159-171,2022-09-05,11:00:00,88,79,9,FMN 04 Jan Van Rijswijcklaan
652,Jan van Rijswijcklaan 159-171,2022-09-05,12:00:00,141,120,21,FMN 04 Jan Van Rijswijcklaan
652,Jan van Rijswijcklaan 159-171,2022-09-05,13:00:00,122,103,19,FMN 04 Jan Van Rijswijcklaan
652,Jan van Rijswijcklaan 159-171,2022-09-05,14:00:00,158,142,16,FMN 04 Jan Van Rijswijcklaan
652,Jan van Rijswijcklaan 159-171,2022-09-05,15:00:00,236,212,24,FMN 04 Jan Van Rijswijcklaan
652,Jan van Rijswijcklaan 159-171,2022-09-05,16:00:00,329,301,28,FMN 04 Jan Van Rijswijcklaan
652,Jan van Rijswijcklaan 159-171,2022-09-05,17:00:00,279,245,34,FMN 04 Jan Van Rijswijcklaan
652,Jan van Rijswijcklaan 159-171,2022-09-05,18:00:00,159,137,22,FMN 04 Jan Van Rijswijcklaan
652,Jan van Rijswijcklaan 159-171,2022-09-05,19:00:00,83,63,20,FMN 04 Jan Van Rijswijcklaan
652,Jan van Rijswijcklaan 159-171,2022-09-05,20:00:00,0,0,0,FMN 04 Jan Van Rijswijcklaan
652,Jan van Rijswijcklaan 159-171,2022-09-05,21:00:00,0,0,0,FMN 04 Jan Van Rijswijcklaan
652,Jan van Rijswijcklaan 159-171,2022-09-05,22:00:00,0,0,0,FMN 04 Jan Van Rijswijcklaan
652,Jan van Rijswijcklaan 159-171,2022-09-05,23:00:00,0,0,0,FMN 04 Jan Van Rijswijcklaan
652,Jan van Rijswijcklaan 159-171,2022-09-06,00:00:00,0,0,0,FMN 04 Jan Van Rijswijcklaan
652,Jan van Rijswijcklaan 159-171,2022-09-06,01:00:00,0,0,0,FMN 04 Jan Van Rijswijcklaan
652,Jan van Rijswijcklaan 159-171,2022-09-06,02:00:00,0,0,0,FMN 04 Jan Van Rijswijcklaan
652,Jan van Rijswijcklaan 159-171,2022-09-06,03:00:00,0,0,0,FMN 04 Jan Van Rijswijcklaan
652,Jan van Rijswijcklaan 159-171,2022-09-06,04:00:00,0,0,0,FMN 04 Jan Van Rijswijcklaan
652,Jan van Rijswijcklaan 159-171,2022-09-06,05:00:00,0,0,0,FMN 04 Jan Van Rijswijcklaan
652,Jan van Rijswijcklaan 159-171,2022-09-06,06:00:00,0,0,0,FMN 04 Jan Van Rijswijcklaan
652,Jan van Rijswijcklaan 159-171,2022-09-06,07:00:00,0,0,0,FMN 04 Jan Van Rijswijcklaan
652,Jan van Rijswijcklaan 159-171,2022-09-06,08:00:00,487,459,28,FMN 04 Jan Van Rijswijcklaan
652,Jan van Rijswijcklaan 159-171,2022-09-06,09:00:00,157,145,12,FMN 04 Jan Van Rijswijcklaan
652,Jan van Rijswijcklaan 159-171,2022-09-06,10:00:00,96,77,19,FMN 04 Jan Van Rijswijcklaan
652,Jan van Rijswijcklaan 159-171,2022-09-06,11:00:00,104,92,12,FMN 04 Jan Van Rijswijcklaan
652,Jan van Rijswijcklaan 159-171,2022-09-06,12:00:00,134,120,14,FMN 04 Jan Van Rijswijcklaan
652,Jan van Rijswijcklaan 159-171,2022-09-06,13:00:00,146,127,19,FMN 04 Jan Van Rijswijcklaan
652,Jan van Rijswijcklaan 159-171,2022-09-06,14:00:00,136,123,13,FMN 04 Jan Van Rijswijcklaan
652,Jan van Rijswijcklaan 159-171,2022-09-06,15:00:00,254,222,32,FMN 04 Jan Van Rijswijcklaan
652,Jan van Rijswijcklaan 159-171,2022-09-06,16:00:00,338,308,30,FMN 04 Jan Van Rijswijcklaan
652,Jan van Rijswijcklaan 159-171,2022-09-06,17:00:00,289,239,50,FMN 04 Jan Van Rijswijcklaan
652,Jan van Rijswijcklaan 159-171,2022-09-06,18:00:00,211,185,26,FMN 04 Jan Van Rijswijcklaan
652,Jan van Rijswijcklaan 159-171,2022-09-06,19:00:00,145,124,21,FMN 04 Jan Van Rijswijcklaan
652,Jan van Rijswijcklaan 159-171,2022-09-06,20:00:00,19,17,2,FMN 04 Jan Van Rijswijcklaan
652,Jan van Rijswijcklaan 159-171,2022-09-06,21:00:00,0,0,0,FMN 04 Jan Van Rijswijcklaan
652,Jan van Rijswijcklaan 159-171,2022-09-06,22:00:00,0,0,0,FMN 04 Jan Van Rijswijcklaan
652,Jan van Rijswijcklaan 159-171,2022-09-06,23:00:00,0,0,0,FMN 04 Jan Van Rijswijcklaan
652,Jan van Rijswijcklaan 159-171,2022-09-07,00:00:00,0,0,0,FMN 04 Jan Van Rijswijcklaan
652,Jan van Rijswijcklaan 159-171,2022-09-07,01:00:00,0,0,0,FMN 04 Jan Van Rijswijcklaan
652,Jan van Rijswijcklaan 159-171,2022-09-07,02:00:00,0,0,0,FMN 04 Jan Van Rijswijcklaan
652,Jan van Rijswijcklaan 159-171,2022-09-07,03:00:00,0,0,0,FMN 04 Jan Van Rijswijcklaan
652,Jan van Rijswijcklaan 159-171,2022-09-07,04:00:00,0,0,0,FMN 04 Jan Van Rijswijcklaan
652,Jan van Rijswijcklaan 159-171,2022-09-07,05:00:00,0,0,0,FMN 04 Jan Van Rijswijcklaan
652,Jan van Rijswijcklaan 159-171,2022-09-07,06:00:00,0,0,0,FMN 04 Jan Van Rijswijcklaan
652,Jan van Rijswijcklaan 159-171,2022-09-07,07:00:00,0,0,0,FMN 04 Jan Van Rijswijcklaan
652,Jan van Rijswijcklaan 159-171,2022-09-07,08:00:00,212,197,15,FMN 04 Jan Van Rijswijcklaan
652,Jan van Rijswijcklaan 159-171,2022-09-07,09:00:00,151,135,16,FMN 04 Jan Van Rijswijcklaan
652,Jan van Rijswijcklaan 159-171,2022-09-07,10:00:00,135,119,16,FMN 04 Jan Van Rijswijcklaan
652,Jan van Rijswijcklaan 159-171,2022-09-07,11:00:00,99,88,11,FMN 04 Jan Van Rijswijcklaan
652,Jan van Rijswijcklaan 159-171,2022-09-07,12:00:00,382,349,33,FMN 04 Jan Van Rijswijcklaan
652,Jan van Rijswijcklaan 159-171,2022-09-07,13:00:00,180,154,26,FMN 04 Jan Van Rijswijcklaan
652,Jan van Rijswijcklaan 159-171,2022-09-07,14:00:00,166,144,22,FMN 04 Jan Van Rijswijcklaan
652,Jan van Rijswijcklaan 159-171,2022-09-07,15:00:00,172,134,38,FMN 04 Jan Van Rijswijcklaan
652,Jan van Rijswijcklaan 159-171,2022-09-07,16:00:00,222,190,32,FMN 04 Jan Van Rijswijcklaan
652,Jan van Rijswijcklaan 159-171,2022-09-07,17:00:00,298,254,44,FMN 04 Jan Van Rijswijcklaan
652,Jan van Rijswijcklaan 159-171,2022-09-07,18:00:00,248,222,26,FMN 04 Jan Van Rijswijcklaan
652,Jan van Rijswijcklaan 159-171,2022-09-07,19:00:00,159,126,33,FMN 04 Jan Van Rijswijcklaan
652,Jan van Rijswijcklaan 159-171,2022-09-07,20:00:00,68,65,3,FMN 04 Jan Van Rijswijcklaan
652,Jan van Rijswijcklaan 159-171,2022-09-07,21:00:00,0,0,0,FMN 04 Jan Van Rijswijcklaan
652,Jan van Rijswijcklaan 159-171,2022-09-07,22:00:00,0,0,0,FMN 04 Jan Van Rijswijcklaan
652,Jan van Rijswijcklaan 159-171,2022-09-07,23:00:00,0,0,0,FMN 04 Jan Van Rijswijcklaan
652,Jan van Rijswijcklaan 159-171,2022-09-08,00:00:00,0,0,0,FMN 04 Jan Van Rijswijcklaan
652,Jan van Rijswijcklaan 159-171,2022-09-08,01:00:00,0,0,0,FMN 04 Jan Van Rijswijcklaan
652,Jan van Rijswijcklaan 159-171,2022-09-08,02:00:00,0,0,0,FMN 04 Jan Van Rijswijcklaan
652,Jan van Rijswijcklaan 159-171,2022-09-08,03:00:00,0,0,0,FMN 04 Jan Van Rijswijcklaan
652,Jan van Rijswijcklaan 159-171,2022-09-08,04:00:00,0,0,0,FMN 04 Jan Van Rijswijcklaan
652,Jan van Rijswijcklaan 159-171,2022-09-08,05:00:00,0,0,0,FMN 04 Jan Van Rijswijcklaan
652,Jan van Rijswijcklaan 159-171,2022-09-08,06:00:00,0,0,0,FMN 04 Jan Van Rijswijcklaan
652,Jan van Rijswijcklaan 159-171,2022-09-08,07:00:00,0,0,0,FMN 04 Jan Van Rijswijcklaan
652,Jan van Rijswijcklaan 159-171,2022-09-08,08:00:00,276,264,12,FMN 04 Jan Van Rijswijcklaan
652,Jan van Rijswijcklaan 159-171,2022-09-08,09:00:00,166,154,12,FMN 04 Jan Van Rijswijcklaan
652,Jan van Rijswijcklaan 159-171,2022-09-08,10:00:00,105,94,11,FMN 04 Jan Van Rijswijcklaan
652,Jan van Rijswijcklaan 159-171,2022-09-08,11:00:00,90,84,6,FMN 04 Jan Van Rijswijcklaan
652,Jan van Rijswijcklaan 159-171,2022-09-08,12:00:00,142,124,18,FMN 04 Jan Van Rijswijcklaan
652,Jan van Rijswijcklaan 159-171,2022-09-08,13:00:00,123,106,17,FMN 04 Jan Van Rijswijcklaan
652,Jan van Rijswijcklaan 159-171,2022-09-08,14:00:00,151,131,20,FMN 04 Jan Van Rijswijcklaan
652,Jan van Rijswijcklaan 159-171,2022-09-08,15:00:00,218,191,27,FMN 04 Jan Van Rijswijcklaan
652,Jan van Rijswijcklaan 159-171,2022-09-08,16:00:00,322,283,39,FMN 04 Jan Van Rijswijcklaan
652,Jan van Rijswijcklaan 159-171,2022-09-08,17:00:00,240,199,41,FMN 04 Jan Van Rijswijcklaan
652,Jan van Rijswijcklaan 159-171,2022-09-08,18:00:00,172,147,25,FMN 04 Jan Van Rijswijcklaan
652,Jan van Rijswijcklaan 159-171,2022-09-08,19:00:00,150,121,29,FMN 04 Jan Van Rijswijcklaan
652,Jan van Rijswijcklaan 159-171,2022-09-08,20:00:00,63,51,12,FMN 04 Jan Van Rijswijcklaan
652,Jan van Rijswijcklaan 159-171,2022-09-08,21:00:00,0,0,0,FMN 04 Jan Van Rijswijcklaan
652,Jan van Rijswijcklaan 159-171,2022-09-08,22:00:00,0,0,0,FMN 04 Jan Van Rijswijcklaan
652,Jan van Rijswijcklaan 159-171,2022-09-08,23:00:00,0,0,0,FMN 04 Jan Van Rijswijcklaan
652,Jan van Rijswijcklaan 159-171,2022-09-09,00:00:00,0,0,0,FMN 04 Jan Van Rijswijcklaan
652,Jan van Rijswijcklaan 159-171,2022-09-09,01:00:00,0,0,0,FMN 04 Jan Van Rijswijcklaan
652,Jan van Rijswijcklaan 159-171,2022-09-09,02:00:00,0,0,0,FMN 04 Jan Van Rijswijcklaan
652,Jan van Rijswijcklaan 159-171,2022-09-09,03:00:00,0,0,0,FMN 04 Jan Van Rijswijcklaan
652,Jan van Rijswijcklaan 159-171,2022-09-09,04:00:00,0,0,0,FMN 04 Jan Van Rijswijcklaan
652,Jan van Rijswijcklaan 159-171,2022-09-09,05:00:00,0,0,0,FMN 04 Jan Van Rijswijcklaan
652,Jan van Rijswijcklaan 159-171,2022-09-09,06:00:00,0,0,0,FMN 04 Jan Van Rijswijcklaan
652,Jan van Rijswijcklaan 159-171,2022-09-09,07:00:00,0,0,0,FMN 04 Jan Van Rijswijcklaan
652,Jan van Rijswijcklaan 159-171,2022-09-09,08:00:00,0,0,0,FMN 04 Jan Van Rijswijcklaan
652,Jan van Rijswijcklaan 159-171,2022-09-09,09:00:00,100,88,12,FMN 04 Jan Van Rijswijcklaan
652,Jan van Rijswijcklaan 159-171,2022-09-09,10:00:00,82,72,10,FMN 04 Jan Van Rijswijcklaan
652,Jan van Rijswijcklaan 159-171,2022-09-09,11:00:00,74,61,13,FMN 04 Jan Van Rijswijcklaan
652,Jan van Rijswijcklaan 159-171,2022-09-09,12:00:00,102,92,10,FMN 04 Jan Van Rijswijcklaan
652,Jan van Rijswijcklaan 159-171,2022-09-09,13:00:00,101,93,8,FMN 04 Jan Van Rijswijcklaan
652,Jan van Rijswijcklaan 159-171,2022-09-09,14:00:00,113,104,9,FMN 04 Jan Van Rijswijcklaan
652,Jan van Rijswijcklaan 159-171,2022-09-09,15:00:00,248,222,26,FMN 04 Jan Van Rijswijcklaan
652,Jan van Rijswijcklaan 159-171,2022-09-09,16:00:00,259,219,40,FMN 04 Jan Van Rijswijcklaan
652,Jan van Rijswijcklaan 159-171,2022-09-09,17:00:00,213,182,31,FMN 04 Jan Van Rijswijcklaan
652,Jan van Rijswijcklaan 159-171,2022-09-09,18:00:00,207,177,30,FMN 04 Jan Van Rijswijcklaan
652,Jan van Rijswijcklaan 159-171,2022-09-09,19:00:00,128,112,16,FMN 04 Jan Van Rijswijcklaan
652,Jan van Rijswijcklaan 159-171,2022-09-09,20:00:00,128,114,14,FMN 04 Jan Van Rijswijcklaan
652,Jan van Rijswijcklaan 159-171,2022-09-09,21:00:00,19,17,2,FMN 04 Jan Van Rijswijcklaan
652,Jan van Rijswijcklaan 159-171,2022-09-09,22:00:00,0,0,0,FMN 04 Jan Van Rijswijcklaan
652,Jan van Rijswijcklaan 159-171,2022-09-09,23:00:00,0,0,0,FMN 04 Jan Van Rijswijcklaan
652,Jan van Rijswijcklaan 159-171,2022-09-10,00:00:00,0,0,0,FMN 04 Jan Van Rijswijcklaan
652,Jan van Rijswijcklaan 159-171,2022-09-10,01:00:00,0,0,0,FMN 04 Jan Van Rijswijcklaan
652,Jan van Rijswijcklaan 159-171,2022-09-10,02:00:00,0,0,0,FMN 04 Jan Van Rijswijcklaan
652,Jan van Rijswijcklaan 159-171,2022-09-10,03:00:00,0,0,0,FMN 04 Jan Van Rijswijcklaan
652,Jan van Rijswijcklaan 159-171,2022-09-10,04:00:00,0,0,0,FMN 04 Jan Van Rijswijcklaan
652,Jan van Rijswijcklaan 159-171,2022-09-10,05:00:00,0,0,0,FMN 04 Jan Van Rijswijcklaan
652,Jan van Rijswijcklaan 159-171,2022-09-10,06:00:00,0,0,0,FMN 04 Jan Van Rijswijcklaan
652,Jan van Rijswijcklaan 159-171,2022-09-10,07:00:00,0,0,0,FMN 04 Jan Van Rijswijcklaan
652,Jan van Rijswijcklaan 159-171,2022-09-10,08:00:00,0,0,0,FMN 04 Jan Van Rijswijcklaan
652,Jan van Rijswijcklaan 159-171,2022-09-10,09:00:00,0,0,0,FMN 04 Jan Van Rijswijcklaan
652,Jan van Rijswijcklaan 159-171,2022-09-10,10:00:00,0,0,0,FMN 04 Jan Van Rijswijcklaan
652,Jan van Rijswijcklaan 159-171,2022-09-10,11:00:00,0,0,0,FMN 04 Jan Van Rijswijcklaan
652,Jan van Rijswijcklaan 159-171,2022-09-10,12:00:00,0,0,0,FMN 04 Jan Van Rijswijcklaan
652,Jan van Rijswijcklaan 159-171,2022-09-10,13:00:00,0,0,0,FMN 04 Jan Van Rijswijcklaan
652,Jan van Rijswijcklaan 159-171,2022-09-10,14:00:00,13,12,1,FMN 04 Jan Van Rijswijcklaan
652,Jan van Rijswijcklaan 159-171,2022-09-10,15:00:00,59,55,4,FMN 04 Jan Van Rijswijcklaan
652,Jan van Rijswijcklaan 159-171,2022-09-10,16:00:00,97,76,21,FMN 04 Jan Van Rijswijcklaan
652,Jan van Rijswijcklaan 159-171,2022-09-10,17:00:00,118,108,10,FMN 04 Jan Van Rijswijcklaan
652,Jan van Rijswijcklaan 159-171,2022-09-10,18:00:00,107,92,15,FMN 04 Jan Van Rijswijcklaan
652,Jan van Rijswijcklaan 159-171,2022-09-10,19:00:00,91,74,17,FMN 04 Jan Van Rijswijcklaan
652,Jan van Rijswijcklaan 159-171,2022-09-10,20:00:00,46,40,6,FMN 04 Jan Van Rijswijcklaan
652,Jan van Rijswijcklaan 159-171,2022-09-10,21:00:00,0,0,0,FMN 04 Jan Van Rijswijcklaan
652,Jan van Rijswijcklaan 159-171,2022-09-10,22:00:00,0,0,0,FMN 04 Jan Van Rijswijcklaan
652,Jan van Rijswijcklaan 159-171,2022-09-10,23:00:00,0,0,0,FMN 04 Jan Van Rijswijcklaan
652,Jan van Rijswijcklaan 159-171,2022-09-11,00:00:00,0,0,0,FMN 04 Jan Van Rijswijcklaan
652,Jan van Rijswijcklaan 159-171,2022-09-11,01:00:00,0,0,0,FMN 04 Jan Van Rijswijcklaan
652,Jan van Rijswijcklaan 159-171,2022-09-11,02:00:00,0,0,0,FMN 04 Jan Van Rijswijcklaan
652,Jan van Rijswijcklaan 159-171,2022-09-11,03:00:00,0,0,0,FMN 04 Jan Van Rijswijcklaan
652,Jan van Rijswijcklaan 159-171,2022-09-11,04:00:00,0,0,0,FMN 04 Jan Van Rijswijcklaan
652,Jan van Rijswijcklaan 159-171,2022-09-11,05:00:00,0,0,0,FMN 04 Jan Van Rijswijcklaan
652,Jan van Rijswijcklaan 159-171,2022-09-11,06:00:00,0,0,0,FMN 04 Jan Van Rijswijcklaan
652,Jan van Rijswijcklaan 159-171,2022-09-11,07:00:00,0,0,0,FMN 04 Jan Van Rijswijcklaan
652,Jan van Rijswijcklaan 159-171,2022-09-11,08:00:00,8,3,5,FMN 04 Jan Van Rijswijcklaan
652,Jan van Rijswijcklaan 159-171,2022-09-11,09:00:00,20,17,3,FMN 04 Jan Van Rijswijcklaan
652,Jan van Rijswijcklaan 159-171,2022-09-11,10:00:00,149,84,65,FMN 04 Jan Van Rijswijcklaan
652,Jan van Rijswijcklaan 159-171,2022-09-11,11:00:00,30,26,4,FMN 04 Jan Van Rijswijcklaan
652,Jan van Rijswijcklaan 159-171,2022-09-11,12:00:00,82,75,7,FMN 04 Jan Van Rijswijcklaan
652,Jan van Rijswijcklaan 159-171,2022-09-11,13:00:00,105,96,9,FMN 04 Jan Van Rijswijcklaan
652,Jan van Rijswijcklaan 159-171,2022-09-11,14:00:00,159,141,18,FMN 04 Jan Van Rijswijcklaan
652,Jan van Rijswijcklaan 159-171,2022-09-11,15:00:00,147,125,22,FMN 04 Jan Van Rijswijcklaan
652,Jan van Rijswijcklaan 159-171,2022-09-11,16:00:00,102,83,19,FMN 04 Jan Van Rijswijcklaan
652,Jan van Rijswijcklaan 159-171,2022-09-11,17:00:00,128,101,27,FMN 04 Jan Van Rijswijcklaan
652,Jan van Rijswijcklaan 159-171,2022-09-11,18:00:00,100,84,16,FMN 04 Jan Van Rijswijcklaan
652,Jan van Rijswijcklaan 159-171,2022-09-11,19:00:00,78,66,12,FMN 04 Jan Van Rijswijcklaan
652,Jan van Rijswijcklaan 159-171,2022-09-11,20:00:00,71,56,15,FMN 04 Jan Van Rijswijcklaan
652,Jan van Rijswijcklaan 159-171,2022-09-11,21:00:00,48,38,10,FMN 04 Jan Van Rijswijcklaan
652,Jan van Rijswijcklaan 159-171,2022-09-11,22:00:00,24,21,3,FMN 04 Jan Van Rijswijcklaan
652,Jan van Rijswijcklaan 159-171,2022-09-11,23:00:00,0,0,0,FMN 04 Jan Van Rijswijcklaan
652,Jan van Rijswijcklaan 159-171,2022-09-12,00:00:00,0,0,0,FMN 04 Jan Van Rijswijcklaan
652,Jan van Rijswijcklaan 159-171,2022-09-12,01:00:00,0,0,0,FMN 04 Jan Van Rijswijcklaan
652,Jan van Rijswijcklaan 159-171,2022-09-12,02:00:00,0,0,0,FMN 04 Jan Van Rijswijcklaan
652,Jan van Rijswijcklaan 159-171,2022-09-12,03:00:00,0,0,0,FMN 04 Jan Van Rijswijcklaan
652,Jan van Rijswijcklaan 159-171,2022-09-12,04:00:00,0,0,0,FMN 04 Jan Van Rijswijcklaan
652,Jan van Rijswijcklaan 159-171,2022-09-12,05:00:00,0,0,0,FMN 04 Jan Van Rijswijcklaan
652,Jan van Rijswijcklaan 159-171,2022-09-12,06:00:00,0,0,0,FMN 04 Jan Van Rijswijcklaan
652,Jan van Rijswijcklaan 159-171,2022-09-12,07:00:00,0,0,0,FMN 04 Jan Van Rijswijcklaan
652,Jan van Rijswijcklaan 159-171,2022-09-12,08:00:00,206,188,18,FMN 04 Jan Van Rijswijcklaan
652,Jan van Rijswijcklaan 159-171,2022-09-12,09:00:00,185,158,27,FMN 04 Jan Van Rijswijcklaan
652,Jan van Rijswijcklaan 159-171,2022-09-12,10:00:00,207,166,41,FMN 04 Jan Van Rijswijcklaan
652,Jan van Rijswijcklaan 159-171,2022-09-12,11:00:00,251,197,54,FMN 04 Jan Van Rijswijcklaan
652,Jan van Rijswijcklaan 159-171,2022-09-12,12:00:00,302,248,54,FMN 04 Jan Van Rijswijcklaan
652,Jan van Rijswijcklaan 159-171,2022-09-12,13:00:00,282,205,77,FMN 04 Jan Van Rijswijcklaan
652,Jan van Rijswijcklaan 159-171,2022-09-12,14:00:00,303,240,63,FMN 04 Jan Van Rijswijcklaan
652,Jan van Rijswijcklaan 159-171,2022-09-12,15:00:00,395,338,57,FMN 04 Jan Van Rijswijcklaan
652,Jan van Rijswijcklaan 159-171,2022-09-12,16:00:00,490,420,70,FMN 04 Jan Van Rijswijcklaan
652,Jan van Rijswijcklaan 159-171,2022-09-12,17:00:00,472,386,86,FMN 04 Jan Van Rijswijcklaan
652,Jan van Rijswijcklaan 159-171,2022-09-12,18:00:00,387,315,72,FMN 04 Jan Van Rijswijcklaan
652,Jan van Rijswijcklaan 159-171,2022-09-12,19:00:00,213,178,35,FMN 04 Jan Van Rijswijcklaan
652,Jan van Rijswijcklaan 159-171,2022-09-12,20:00:00,131,114,17,FMN 04 Jan Van Rijswijcklaan
652,Jan van Rijswijcklaan 159-171,2022-09-12,21:00:00,98,69,29,FMN 04 Jan Van Rijswijcklaan
652,Jan van Rijswijcklaan 159-171,2022-09-12,22:00:00,50,44,6,FMN 04 Jan Van Rijswijcklaan
652,Jan van Rijswijcklaan 159-171,2022-09-12,23:00:00,0,0,0,FMN 04 Jan Van Rijswijcklaan
652,Jan van Rijswijcklaan 159-171,2022-09-13,00:00:00,0,0,0,FMN 04 Jan Van Rijswijcklaan
652,Jan van Rijswijcklaan 159-171,2022-09-13,01:00:00,0,0,0,FMN 04 Jan Van Rijswijcklaan
652,Jan van Rijswijcklaan 159-171,2022-09-13,02:00:00,0,0,0,FMN 04 Jan Van Rijswijcklaan
652,Jan van Rijswijcklaan 159-171,2022-09-13,03:00:00,0,0,0,FMN 04 Jan Van Rijswijcklaan
652,Jan van Rijswijcklaan 159-171,2022-09-13,04:00:00,0,0,0,FMN 04 Jan Van Rijswijcklaan
652,Jan van Rijswijcklaan 159-171,2022-09-13,05:00:00,0,0,0,FMN 04 Jan Van Rijswijcklaan
652,Jan van Rijswijcklaan 159-171,2022-09-13,06:00:00,0,0,0,FMN 04 Jan Van Rijswijcklaan
652,Jan van Rijswijcklaan 159-171,2022-09-13,07:00:00,0,0,0,FMN 04 Jan Van Rijswijcklaan
652,Jan van Rijswijcklaan 159-171,2022-09-13,08:00:00,0,0,0,FMN 04 Jan Van Rijswijcklaan
652,Jan van Rijswijcklaan 159-171,2022-09-13,09:00:00,108,91,17,FMN 04 Jan Van Rijswijcklaan
652,Jan van Rijswijcklaan 159-171,2022-09-13,10:00:00,172,127,45,FMN 04 Jan Van Rijswijcklaan
652,Jan van Rijswijcklaan 159-171,2022-09-13,11:00:00,239,193,46,FMN 04 Jan Van Rijswijcklaan
652,Jan van Rijswijcklaan 159-171,2022-09-13,12:00:00,290,233,57,FMN 04 Jan Van Rijswijcklaan
652,Jan van Rijswijcklaan 159-171,2022-09-13,13:00:00,253,207,46,FMN 04 Jan Van Rijswijcklaan
652,Jan van Rijswijcklaan 159-171,2022-09-13,14:00:00,251,197,54,FMN 04 Jan Van Rijswijcklaan
652,Jan van Rijswijcklaan 159-171,2022-09-13,15:00:00,377,310,67,FMN 04 Jan Van Rijswijcklaan
652,Jan van Rijswijcklaan 159-171,2022-09-13,16:00:00,411,352,59,FMN 04 Jan Van Rijswijcklaan
652,Jan van Rijswijcklaan 159-171,2022-09-13,17:00:00,380,302,78,FMN 04 Jan Van Rijswijcklaan
652,Jan van Rijswijcklaan 159-171,2022-09-13,18:00:00,299,254,45,FMN 04 Jan Van Rijswijcklaan
652,Jan van Rijswijcklaan 159-171,2022-09-13,19:00:00,204,168,36,FMN 04 Jan Van Rijswijcklaan
652,Jan van Rijswijcklaan 159-171,2022-09-13,20:00:00,126,102,24,FMN 04 Jan Van Rijswijcklaan
652,Jan van Rijswijcklaan 159-171,2022-09-13,21:00:00,66,56,10,FMN 04 Jan Van Rijswijcklaan
652,Jan van Rijswijcklaan 159-171,2022-09-13,22:00:00,64,54,10,FMN 04 Jan Van Rijswijcklaan
652,Jan van Rijswijcklaan 159-171,2022-09-13,23:00:00,11,6,5,FMN 04 Jan Van Rijswijcklaan
652,Jan van Rijswijcklaan 159-171,2022-09-14,00:00:00,0,0,0,FMN 04 Jan Van Rijswijcklaan
652,Jan van Rijswijcklaan 159-171,2022-09-14,01:00:00,0,0,0,FMN 04 Jan Van Rijswijcklaan
652,Jan van Rijswijcklaan 159-171,2022-09-14,02:00:00,0,0,0,FMN 04 Jan Van Rijswijcklaan
652,Jan van Rijswijcklaan 159-171,2022-09-14,03:00:00,0,0,0,FMN 04 Jan Van Rijswijcklaan
652,Jan van Rijswijcklaan 159-171,2022-09-14,04:00:00,0,0,0,FMN 04 Jan Van Rijswijcklaan
652,Jan van Rijswijcklaan 159-171,2022-09-14,05:00:00,0,0,0,FMN 04 Jan Van Rijswijcklaan
652,Jan van Rijswijcklaan 159-171,2022-09-14,06:00:00,0,0,0,FMN 04 Jan Van Rijswijcklaan
652,Jan van Rijswijcklaan 159-171,2022-09-14,07:00:00,0,0,0,FMN 04 Jan Van Rijswijcklaan
652,Jan van Rijswijcklaan 159-171,2022-09-14,08:00:00,0,0,0,FMN 04 Jan Van Rijswijcklaan
652,Jan van Rijswijcklaan 159-171,2022-09-14,09:00:00,0,0,0,FMN 04 Jan Van Rijswijcklaan
652,Jan van Rijswijcklaan 159-171,2022-09-14,10:00:00,0,0,0,FMN 04 Jan Van Rijswijcklaan
652,Jan van Rijswijcklaan 159-171,2022-09-14,11:00:00,1,1,0,FMN 04 Jan Van Rijswijcklaan
652,Jan van Rijswijcklaan 159-171,2022-09-14,12:00:00,0,0,0,FMN 04 Jan Van Rijswijcklaan
652,Jan van Rijswijcklaan 159-171,2022-09-14,13:00:00,119,95,24,FMN 04 Jan Van Rijswijcklaan
652,Jan van Rijswijcklaan 159-171,2022-09-14,14:00:00,96,74,22,FMN 04 Jan Van Rijswijcklaan
652,Jan van Rijswijcklaan 159-171,2022-09-14,15:00:00,112,98,14,FMN 04 Jan Van Rijswijcklaan
652,Jan van Rijswijcklaan 159-171,2022-09-14,16:00:00,161,141,20,FMN 04 Jan Van Rijswijcklaan
652,Jan van Rijswijcklaan 159-171,2022-09-14,17:00:00,168,152,16,FMN 04 Jan Van Rijswijcklaan
652,Jan van Rijswijcklaan 159-171,2022-09-14,18:00:00,152,122,30,FMN 04 Jan Van Rijswijcklaan
652,Jan van Rijswijcklaan 159-171,2022-09-14,19:00:00,147,115,32,FMN 04 Jan Van Rijswijcklaan
652,Jan van Rijswijcklaan 159-171,2022-09-14,20:00:00,85,68,17,FMN 04 Jan Van Rijswijcklaan
652,Jan van Rijswijcklaan 159-171,2022-09-14,21:00:00,2,2,0,FMN 04 Jan Van Rijswijcklaan
652,Jan van Rijswijcklaan 159-171,2022-09-14,22:00:00,0,0,0,FMN 04 Jan Van Rijswijcklaan
652,Jan van Rijswijcklaan 159-171,2022-09-14,23:00:00,0,0,0,FMN 04 Jan Van Rijswijcklaan
652,Jan van Rijswijcklaan 159-171,2022-09-15,00:00:00,0,0,0,FMN 04 Jan Van Rijswijcklaan
652,Jan van Rijswijcklaan 159-171,2022-09-15,01:00:00,0,0,0,FMN 04 Jan Van Rijswijcklaan
652,Jan van Rijswijcklaan 159-171,2022-09-15,02:00:00,0,0,0,FMN 04 Jan Van Rijswijcklaan
652,Jan van Rijswijcklaan 159-171,2022-09-15,03:00:00,0,0,0,FMN 04 Jan Van Rijswijcklaan
652,Jan van Rijswijcklaan 159-171,2022-09-15,04:00:00,0,0,0,FMN 04 Jan Van Rijswijcklaan
652,Jan van Rijswijcklaan 159-171,2022-09-15,05:00:00,0,0,0,FMN 04 Jan Van Rijswijcklaan
652,Jan van Rijswijcklaan 159-171,2022-09-15,06:00:00,0,0,0,FMN 04 Jan Van Rijswijcklaan
652,Jan van Rijswijcklaan 159-171,2022-09-15,07:00:00,0,0,0,FMN 04 Jan Van Rijswijcklaan
652,Jan van Rijswijcklaan 159-171,2022-09-15,08:00:00,0,0,0,FMN 04 Jan Van Rijswijcklaan
652,Jan van Rijswijcklaan 159-171,2022-09-15,09:00:00,54,45,9,FMN 04 Jan Van Rijswijcklaan
652,Jan van Rijswijcklaan 159-171,2022-09-15,10:00:00,206,180,26,FMN 04 Jan Van Rijswijcklaan
652,Jan van Rijswijcklaan 159-171,2022-09-15,11:00:00,204,164,40,FMN 04 Jan Van Rijswijcklaan
652,Jan van Rijswijcklaan 159-171,2022-09-15,12:00:00,270,213,57,FMN 04 Jan Van Rijswijcklaan
652,Jan van Rijswijcklaan 159-171,2022-09-15,13:00:00,211,184,27,FMN 04 Jan Van Rijswijcklaan
652,Jan van Rijswijcklaan 159-171,2022-09-15,14:00:00,234,188,46,FMN 04 Jan Van Rijswijcklaan
652,Jan van Rijswijcklaan 159-171,2022-09-15,15:00:00,344,304,40,FMN 04 Jan Van Rijswijcklaan
652,Jan van Rijswijcklaan 159-171,2022-09-15,16:00:00,288,264,24,FMN 04 Jan Van Rijswijcklaan
652,Jan van Rijswijcklaan 159-171,2022-09-15,17:00:00,242,208,34,FMN 04 Jan Van Rijswijcklaan
652,Jan van Rijswijcklaan 159-171,2022-09-15,18:00:00,217,187,30,FMN 04 Jan Van Rijswijcklaan
652,Jan van Rijswijcklaan 159-171,2022-09-15,19:00:00,160,138,22,FMN 04 Jan Van Rijswijcklaan
652,Jan van Rijswijcklaan 159-171,2022-09-15,20:00:00,129,110,19,FMN 04 Jan Van Rijswijcklaan
652,Jan van Rijswijcklaan 159-171,2022-09-15,21:00:00,59,43,16,FMN 04 Jan Van Rijswijcklaan
652,Jan van Rijswijcklaan 159-171,2022-09-15,22:00:00,0,0,0,FMN 04 Jan Van Rijswijcklaan
652,Jan van Rijswijcklaan 159-171,2022-09-15,23:00:00,0,0,0,FMN 04 Jan Van Rijswijcklaan
652,Jan van Rijswijcklaan 159-171,2022-09-16,00:00:00,0,0,0,FMN 04 Jan Van Rijswijcklaan
652,Jan van Rijswijcklaan 159-171,2022-09-16,01:00:00,0,0,0,FMN 04 Jan Van Rijswijcklaan
652,Jan van Rijswijcklaan 159-171,2022-09-16,02:00:00,0,0,0,FMN 04 Jan Van Rijswijcklaan
652,Jan van Rijswijcklaan 159-171,2022-09-16,03:00:00,0,0,0,FMN 04 Jan Van Rijswijcklaan
652,Jan van Rijswijcklaan 159-171,2022-09-16,04:00:00,0,0,0,FMN 04 Jan Van Rijswijcklaan
652,Jan van Rijswijcklaan 159-171,2022-09-16,05:00:00,0,0,0,FMN 04 Jan Van Rijswijcklaan
652,Jan van Rijswijcklaan 159-171,2022-09-16,06:00:00,0,0,0,FMN 04 Jan Van Rijswijcklaan
652,Jan van Rijswijcklaan 159-171,2022-09-16,07:00:00,0,0,0,FMN 04 Jan Van Rijswijcklaan
652,Jan van Rijswijcklaan 159-171,2022-09-16,08:00:00,0,0,0,FMN 04 Jan Van Rijswijcklaan
652,Jan van Rijswijcklaan 159-171,2022-09-16,09:00:00,99,86,13,FMN 04 Jan Van Rijswijcklaan
652,Jan van Rijswijcklaan 159-171,2022-09-16,10:00:00,67,51,16,FMN 04 Jan Van Rijswijcklaan
652,Jan van Rijswijcklaan 159-171,2022-09-16,11:00:00,61,50,11,FMN 04 Jan Van Rijswijcklaan
652,Jan van Rijswijcklaan 159-171,2022-09-16,12:00:00,97,86,11,FMN 04 Jan Van Rijswijcklaan
652,Jan van Rijswijcklaan 159-171,2022-09-16,13:00:00,74,61,13,FMN 04 Jan Van Rijswijcklaan
652,Jan van Rijswijcklaan 159-171,2022-09-16,14:00:00,119,102,17,FMN 04 Jan Van Rijswijcklaan
652,Jan van Rijswijcklaan 159-171,2022-09-16,15:00:00,161,146,15,FMN 04 Jan Van Rijswijcklaan
652,Jan van Rijswijcklaan 159-171,2022-09-16,16:00:00,244,221,23,FMN 04 Jan Van Rijswijcklaan
652,Jan van Rijswijcklaan 159-171,2022-09-16,17:00:00,161,139,22,FMN 04 Jan Van Rijswijcklaan
652,Jan van Rijswijcklaan 159-171,2022-09-16,18:00:00,135,115,20,FMN 04 Jan Van Rijswijcklaan
652,Jan van Rijswijcklaan 159-171,2022-09-16,19:00:00,85,73,12,FMN 04 Jan Van Rijswijcklaan
652,Jan van Rijswijcklaan 159-171,2022-09-16,20:00:00,110,102,8,FMN 04 Jan Van Rijswijcklaan
652,Jan van Rijswijcklaan 159-171,2022-09-16,21:00:00,5,4,1,FMN 04 Jan Van Rijswijcklaan
652,Jan van Rijswijcklaan 159-171,2022-09-16,22:00:00,0,0,0,FMN 04 Jan Van Rijswijcklaan
652,Jan van Rijswijcklaan 159-171,2022-09-16,23:00:00,0,0,0,FMN 04 Jan Van Rijswijcklaan
652,Jan van Rijswijcklaan 159-171,2022-09-17,00:00:00,0,0,0,FMN 04 Jan Van Rijswijcklaan
652,Jan van Rijswijcklaan 159-171,2022-09-17,01:00:00,0,0,0,FMN 04 Jan Van Rijswijcklaan
652,Jan van Rijswijcklaan 159-171,2022-09-17,02:00:00,0,0,0,FMN 04 Jan Van Rijswijcklaan
652,Jan van Rijswijcklaan 159-171,2022-09-17,03:00:00,0,0,0,FMN 04 Jan Van Rijswijcklaan
652,Jan van Rijswijcklaan 159-171,2022-09-17,04:00:00,0,0,0,FMN 04 Jan Van Rijswijcklaan
652,Jan van Rijswijcklaan 159-171,2022-09-17,05:00:00,0,0,0,FMN 04 Jan Van Rijswijcklaan
652,Jan van Rijswijcklaan 159-171,2022-09-17,06:00:00,0,0,0,FMN 04 Jan Van Rijswijcklaan
652,Jan van Rijswijcklaan 159-171,2022-09-17,07:00:00,0,0,0,FMN 04 Jan Van Rijswijcklaan
652,Jan van Rijswijcklaan 159-171,2022-09-17,08:00:00,29,27,2,FMN 04 Jan Van Rijswijcklaan
652,Jan van Rijswijcklaan 159-171,2022-09-17,09:00:00,90,79,11,FMN 04 Jan Van Rijswijcklaan
652,Jan van Rijswijcklaan 159-171,2022-09-17,10:00:00,79,68,11,FMN 04 Jan Van Rijswijcklaan
652,Jan van Rijswijcklaan 159-171,2022-09-17,11:00:00,61,53,8,FMN 04 Jan Van Rijswijcklaan
652,Jan van Rijswijcklaan 159-171,2022-09-17,12:00:00,95,81,14,FMN 04 Jan Van Rijswijcklaan
652,Jan van Rijswijcklaan 159-171,2022-09-17,13:00:00,75,65,10,FMN 04 Jan Van Rijswijcklaan
652,Jan van Rijswijcklaan 159-171,2022-09-17,14:00:00,87,69,18,FMN 04 Jan Van Rijswijcklaan
652,Jan van Rijswijcklaan 159-171,2022-09-17,15:00:00,76,64,12,FMN 04 Jan Van Rijswijcklaan
652,Jan van Rijswijcklaan 159-171,2022-09-17,16:00:00,53,49,4,FMN 04 Jan Van Rijswijcklaan
652,Jan van Rijswijcklaan 159-171,2022-09-17,17:00:00,96,88,8,FMN 04 Jan Van Rijswijcklaan
652,Jan van Rijswijcklaan 159-171,2022-09-17,18:00:00,122,101,21,FMN 04 Jan Van Rijswijcklaan
652,Jan van Rijswijcklaan 159-171,2022-09-17,19:00:00,74,62,12,FMN 04 Jan Van Rijswijcklaan
652,Jan van Rijswijcklaan 159-171,2022-09-17,20:00:00,41,32,9,FMN 04 Jan Van Rijswijcklaan
652,Jan van Rijswijcklaan 159-171,2022-09-17,21:00:00,29,22,7,FMN 04 Jan Van Rijswijcklaan
652,Jan van Rijswijcklaan 159-171,2022-09-17,22:00:00,15,11,4,FMN 04 Jan Van Rijswijcklaan
652,Jan van Rijswijcklaan 159-171,2022-09-17,23:00:00,0,0,0,FMN 04 Jan Van Rijswijcklaan
652,Jan van Rijswijcklaan 159-171,2022-09-18,00:00:00,0,0,0,FMN 04 Jan Van Rijswijcklaan
652,Jan van Rijswijcklaan 159-171,2022-09-18,01:00:00,0,0,0,FMN 04 Jan Van Rijswijcklaan
652,Jan van Rijswijcklaan 159-171,2022-09-18,02:00:00,0,0,0,FMN 04 Jan Van Rijswijcklaan
652,Jan van Rijswijcklaan 159-171,2022-09-18,03:00:00,0,0,0,FMN 04 Jan Van Rijswijcklaan
652,Jan van Rijswijcklaan 159-171,2022-09-18,04:00:00,0,0,0,FMN 04 Jan Van Rijswijcklaan
652,Jan van Rijswijcklaan 159-171,2022-09-18,05:00:00,0,0,0,FMN 04 Jan Van Rijswijcklaan
652,Jan van Rijswijcklaan 159-171,2022-09-18,06:00:00,0,0,0,FMN 04 Jan Van Rijswijcklaan
652,Jan van Rijswijcklaan 159-171,2022-09-18,07:00:00,0,0,0,FMN 04 Jan Van Rijswijcklaan
652,Jan van Rijswijcklaan 159-171,2022-09-18,08:00:00,0,0,0,FMN 04 Jan Van Rijswijcklaan
652,Jan van Rijswijcklaan 159-171,2022-09-18,09:00:00,12,10,2,FMN 04 Jan Van Rijswijcklaan
652,Jan van Rijswijcklaan 159-171,2022-09-18,10:00:00,70,59,11,FMN 04 Jan Van Rijswijcklaan
652,Jan van Rijswijcklaan 159-171,2022-09-18,11:00:00,100,79,21,FMN 04 Jan Van Rijswijcklaan
652,Jan van Rijswijcklaan 159-171,2022-09-18,12:00:00,87,65,22,FMN 04 Jan Van Rijswijcklaan
652,Jan van Rijswijcklaan 159-171,2022-09-18,13:00:00,85,69,16,FMN 04 Jan Van Rijswijcklaan
652,Jan van Rijswijcklaan 159-171,2022-09-18,14:00:00,79,72,7,FMN 04 Jan Van Rijswijcklaan
652,Jan van Rijswijcklaan 159-171,2022-09-18,15:00:00,93,82,11,FMN 04 Jan Van Rijswijcklaan
652,Jan van Rijswijcklaan 159-171,2022-09-18,16:00:00,46,42,4,FMN 04 Jan Van Rijswijcklaan
652,Jan van Rijswijcklaan 159-171,2022-09-18,17:00:00,48,40,8,FMN 04 Jan Van Rijswijcklaan
652,Jan van Rijswijcklaan 159-171,2022-09-18,18:00:00,53,47,6,FMN 04 Jan Van Rijswijcklaan
652,Jan van Rijswijcklaan 159-171,2022-09-18,19:00:00,47,43,4,FMN 04 Jan Van Rijswijcklaan
652,Jan van Rijswijcklaan 159-171,2022-09-18,20:00:00,32,25,7,FMN 04 Jan Van Rijswijcklaan
652,Jan van Rijswijcklaan 159-171,2022-09-18,21:00:00,25,14,11,FMN 04 Jan Van Rijswijcklaan
652,Jan van Rijswijcklaan 159-171,2022-09-18,22:00:00,0,0,0,FMN 04 Jan Van Rijswijcklaan
652,Jan van Rijswijcklaan 159-171,2022-09-18,23:00:00,0,0,0,FMN 04 Jan Van Rijswijcklaan
652,Jan van Rijswijcklaan 159-171,2022-09-19,00:00:00,0,0,0,FMN 04 Jan Van Rijswijcklaan
652,Jan van Rijswijcklaan 159-171,2022-09-19,01:00:00,0,0,0,FMN 04 Jan Van Rijswijcklaan
652,Jan van Rijswijcklaan 159-171,2022-09-19,02:00:00,0,0,0,FMN 04 Jan Van Rijswijcklaan
652,Jan van Rijswijcklaan 159-171,2022-09-19,03:00:00,0,0,0,FMN 04 Jan Van Rijswijcklaan
652,Jan van Rijswijcklaan 159-171,2022-09-19,04:00:00,0,0,0,FMN 04 Jan Van Rijswijcklaan
652,Jan van Rijswijcklaan 159-171,2022-09-19,05:00:00,0,0,0,FMN 04 Jan Van Rijswijcklaan
652,Jan van Rijswijcklaan 159-171,2022-09-19,06:00:00,0,0,0,FMN 04 Jan Van Rijswijcklaan
652,Jan van Rijswijcklaan 159-171,2022-09-19,07:00:00,0,0,0,FMN 04 Jan Van Rijswijcklaan
652,Jan van Rijswijcklaan 159-171,2022-09-19,08:00:00,156,140,16,FMN 04 Jan Van Rijswijcklaan
652,Jan van Rijswijcklaan 159-171,2022-09-19,09:00:00,172,149,23,FMN 04 Jan Van Rijswijcklaan
652,Jan van Rijswijcklaan 159-171,2022-09-19,10:00:00,321,237,84,FMN 04 Jan Van Rijswijcklaan
652,Jan van Rijswijcklaan 159-171,2022-09-19,11:00:00,315,239,76,FMN 04 Jan Van Rijswijcklaan
652,Jan van Rijswijcklaan 159-171,2022-09-19,12:00:00,421,337,84,FMN 04 Jan Van Rijswijcklaan
652,Jan van Rijswijcklaan 159-171,2022-09-19,13:00:00,333,251,82,FMN 04 Jan Van Rijswijcklaan
652,Jan van Rijswijcklaan 159-171,2022-09-19,14:00:00,365,296,69,FMN 04 Jan Van Rijswijcklaan
652,Jan van Rijswijcklaan 159-171,2022-09-19,15:00:00,387,328,59,FMN 04 Jan Van Rijswijcklaan
652,Jan van Rijswijcklaan 159-171,2022-09-19,16:00:00,343,297,46,FMN 04 Jan Van Rijswijcklaan
652,Jan van Rijswijcklaan 159-171,2022-09-19,17:00:00,285,243,42,FMN 04 Jan Van Rijswijcklaan
652,Jan van Rijswijcklaan 159-171,2022-09-19,18:00:00,168,153,15,FMN 04 Jan Van Rijswijcklaan
652,Jan van Rijswijcklaan 159-171,2022-09-19,19:00:00,127,102,25,FMN 04 Jan Van Rijswijcklaan
652,Jan van Rijswijcklaan 159-171,2022-09-19,20:00:00,97,77,20,FMN 04 Jan Van Rijswijcklaan
652,Jan van Rijswijcklaan 159-171,2022-09-19,21:00:00,96,74,22,FMN 04 Jan Van Rijswijcklaan
652,Jan van Rijswijcklaan 159-171,2022-09-19,22:00:00,59,46,13,FMN 04 Jan Van Rijswijcklaan
652,Jan van Rijswijcklaan 159-171,2022-09-19,23:00:00,0,0,0,FMN 04 Jan Van Rijswijcklaan
652,Jan van Rijswijcklaan 159-171,2022-09-20,00:00:00,0,0,0,FMN 04 Jan Van Rijswijcklaan
652,Jan van Rijswijcklaan 159-171,2022-09-20,01:00:00,0,0,0,FMN 04 Jan Van Rijswijcklaan
652,Jan van Rijswijcklaan 159-171,2022-09-20,02:00:00,0,0,0,FMN 04 Jan Van Rijswijcklaan
652,Jan van Rijswijcklaan 159-171,2022-09-20,03:00:00,0,0,0,FMN 04 Jan Van Rijswijcklaan
652,Jan van Rijswijcklaan 159-171,2022-09-20,04:00:00,0,0,0,FMN 04 Jan Van Rijswijcklaan
652,Jan van Rijswijcklaan 159-171,2022-09-20,05:00:00,0,0,0,FMN 04 Jan Van Rijswijcklaan
652,Jan van Rijswijcklaan 159-171,2022-09-20,06:00:00,0,0,0,FMN 04 Jan Van Rijswijcklaan
652,Jan van Rijswijcklaan 159-171,2022-09-20,07:00:00,0,0,0,FMN 04 Jan Van Rijswijcklaan
652,Jan van Rijswijcklaan 159-171,2022-09-20,08:00:00,0,0,0,FMN 04 Jan Van Rijswijcklaan
652,Jan van Rijswijcklaan 159-171,2022-09-20,09:00:00,23,20,3,FMN 04 Jan Van Rijswijcklaan
652,Jan van Rijswijcklaan 159-171,2022-09-20,10:00:00,294,230,64,FMN 04 Jan Van Rijswijcklaan
652,Jan van Rijswijcklaan 159-171,2022-09-20,11:00:00,335,247,88,FMN 04 Jan Van Rijswijcklaan
652,Jan van Rijswijcklaan 159-171,2022-09-20,12:00:00,506,388,118,FMN 04 Jan Van Rijswijcklaan
652,Jan van Rijswijcklaan 159-171,2022-09-20,13:00:00,294,236,58,FMN 04 Jan Van Rijswijcklaan
652,Jan van Rijswijcklaan 159-171,2022-09-20,14:00:00,280,213,67,FMN 04 Jan Van Rijswijcklaan
652,Jan van Rijswijcklaan 159-171,2022-09-20,15:00:00,457,360,97,FMN 04 Jan Van Rijswijcklaan
652,Jan van Rijswijcklaan 159-171,2022-09-20,16:00:00,484,404,80,FMN 04 Jan Van Rijswijcklaan
652,Jan van Rijswijcklaan 159-171,2022-09-20,17:00:00,393,311,82,FMN 04 Jan Van Rijswijcklaan
652,Jan van Rijswijcklaan 159-171,2022-09-20,18:00:00,327,253,74,FMN 04 Jan Van Rijswijcklaan
652,Jan van Rijswijcklaan 159-171,2022-09-20,19:00:00,230,195,35,FMN 04 Jan Van Rijswijcklaan
652,Jan van Rijswijcklaan 159-171,2022-09-20,20:00:00,124,107,17,FMN 04 Jan Van Rijswijcklaan
652,Jan van Rijswijcklaan 159-171,2022-09-20,21:00:00,80,67,13,FMN 04 Jan Van Rijswijcklaan
652,Jan van Rijswijcklaan 159-171,2022-09-20,22:00:00,2,2,0,FMN 04 Jan Van Rijswijcklaan
652,Jan van Rijswijcklaan 159-171,2022-09-20,23:00:00,0,0,0,FMN 04 Jan Van Rijswijcklaan
652,Jan van Rijswijcklaan 159-171,2022-09-21,00:00:00,0,0,0,FMN 04 Jan Van Rijswijcklaan
652,Jan van Rijswijcklaan 159-171,2022-09-21,01:00:00,0,0,0,FMN 04 Jan Van Rijswijcklaan
652,Jan van Rijswijcklaan 159-171,2022-09-21,02:00:00,0,0,0,FMN 04 Jan Van Rijswijcklaan
652,Jan van Rijswijcklaan 159-171,2022-09-21,03:00:00,0,0,0,FMN 04 Jan Van Rijswijcklaan
652,Jan van Rijswijcklaan 159-171,2022-09-21,04:00:00,0,0,0,FMN 04 Jan Van Rijswijcklaan
652,Jan van Rijswijcklaan 159-171,2022-09-21,05:00:00,0,0,0,FMN 04 Jan Van Rijswijcklaan
652,Jan van Rijswijcklaan 159-171,2022-09-21,06:00:00,0,0,0,FMN 04 Jan Van Rijswijcklaan
652,Jan van Rijswijcklaan 159-171,2022-09-21,07:00:00,0,0,0,FMN 04 Jan Van Rijswijcklaan
652,Jan van Rijswijcklaan 159-171,2022-09-21,08:00:00,304,281,23,FMN 04 Jan Van Rijswijcklaan
652,Jan van Rijswijcklaan 159-171,2022-09-21,09:00:00,200,168,32,FMN 04 Jan Van Rijswijcklaan
652,Jan van Rijswijcklaan 159-171,2022-09-21,10:00:00,342,269,73,FMN 04 Jan Van Rijswijcklaan
652,Jan van Rijswijcklaan 159-171,2022-09-21,11:00:00,283,232,51,FMN 04 Jan Van Rijswijcklaan
652,Jan van Rijswijcklaan 159-171,2022-09-21,12:00:00,568,478,90,FMN 04 Jan Van Rijswijcklaan
652,Jan van Rijswijcklaan 159-171,2022-09-21,13:00:00,389,287,102,FMN 04 Jan Van Rijswijcklaan
652,Jan van Rijswijcklaan 159-171,2022-09-21,14:00:00,443,345,98,FMN 04 Jan Van Rijswijcklaan
652,Jan van Rijswijcklaan 159-171,2022-09-21,15:00:00,461,354,107,FMN 04 Jan Van Rijswijcklaan
652,Jan van Rijswijcklaan 159-171,2022-09-21,16:00:00,623,485,138,FMN 04 Jan Van Rijswijcklaan
652,Jan van Rijswijcklaan 159-171,2022-09-21,17:00:00,758,600,158,FMN 04 Jan Van Rijswijcklaan
652,Jan van Rijswijcklaan 159-171,2022-09-21,18:00:00,543,448,95,FMN 04 Jan Van Rijswijcklaan
652,Jan van Rijswijcklaan 159-171,2022-09-21,19:00:00,348,284,64,FMN 04 Jan Van Rijswijcklaan
652,Jan van Rijswijcklaan 159-171,2022-09-21,20:00:00,153,138,15,FMN 04 Jan Van Rijswijcklaan
652,Jan van Rijswijcklaan 159-171,2022-09-21,21:00:00,94,72,22,FMN 04 Jan Van Rijswijcklaan
652,Jan van Rijswijcklaan 159-171,2022-09-21,22:00:00,50,37,13,FMN 04 Jan Van Rijswijcklaan
652,Jan van Rijswijcklaan 159-171,2022-09-21,23:00:00,0,0,0,FMN 04 Jan Van Rijswijcklaan
652,Jan van Rijswijcklaan 159-171,2022-09-22,00:00:00,0,0,0,FMN 04 Jan Van Rijswijcklaan
652,Jan van Rijswijcklaan 159-171,2022-09-22,01:00:00,0,0,0,FMN 04 Jan Van Rijswijcklaan
652,Jan van Rijswijcklaan 159-171,2022-09-22,02:00:00,0,0,0,FMN 04 Jan Van Rijswijcklaan
652,Jan van Rijswijcklaan 159-171,2022-09-22,03:00:00,0,0,0,FMN 04 Jan Van Rijswijcklaan
652,Jan van Rijswijcklaan 159-171,2022-09-22,04:00:00,0,0,0,FMN 04 Jan Van Rijswijcklaan
652,Jan van Rijswijcklaan 159-171,2022-09-22,05:00:00,0,0,0,FMN 04 Jan Van Rijswijcklaan
652,Jan van Rijswijcklaan 159-171,2022-09-22,06:00:00,0,0,0,FMN 04 Jan Van Rijswijcklaan
652,Jan van Rijswijcklaan 159-171,2022-09-22,07:00:00,0,0,0,FMN 04 Jan Van Rijswijcklaan
652,Jan van Rijswijcklaan 159-171,2022-09-22,08:00:00,195,185,10,FMN 04 Jan Van Rijswijcklaan
652,Jan van Rijswijcklaan 159-171,2022-09-22,09:00:00,183,150,33,FMN 04 Jan Van Rijswijcklaan
652,Jan van Rijswijcklaan 159-171,2022-09-22,10:00:00,305,253,52,FMN 04 Jan Van Rijswijcklaan
652,Jan van Rijswijcklaan 159-171,2022-09-22,11:00:00,377,282,95,FMN 04 Jan Van Rijswijcklaan
652,Jan van Rijswijcklaan 159-171,2022-09-22,12:00:00,536,416,120,FMN 04 Jan Van Rijswijcklaan
652,Jan van Rijswijcklaan 159-171,2022-09-22,13:00:00,451,355,96,FMN 04 Jan Van Rijswijcklaan
652,Jan van Rijswijcklaan 159-171,2022-09-22,14:00:00,488,374,114,FMN 04 Jan Van Rijswijcklaan
652,Jan van Rijswijcklaan 159-171,2022-09-22,15:00:00,403,332,71,FMN 04 Jan Van Rijswijcklaan
652,Jan van Rijswijcklaan 159-171,2022-09-22,16:00:00,303,261,42,FMN 04 Jan Van Rijswijcklaan
652,Jan van Rijswijcklaan 159-171,2022-09-22,17:00:00,313,265,48,FMN 04 Jan Van Rijswijcklaan
652,Jan van Rijswijcklaan 159-171,2022-09-22,18:00:00,222,191,31,FMN 04 Jan Van Rijswijcklaan
652,Jan van Rijswijcklaan 159-171,2022-09-22,19:00:00,155,140,15,FMN 04 Jan Van Rijswijcklaan
652,Jan van Rijswijcklaan 159-171,2022-09-22,20:00:00,143,111,32,FMN 04 Jan Van Rijswijcklaan
652,Jan van Rijswijcklaan 159-171,2022-09-22,21:00:00,78,62,16,FMN 04 Jan Van Rijswijcklaan
652,Jan van Rijswijcklaan 159-171,2022-09-22,22:00:00,83,73,10,FMN 04 Jan Van Rijswijcklaan
652,Jan van Rijswijcklaan 159-171,2022-09-22,23:00:00,0,0,0,FMN 04 Jan Van Rijswijcklaan
652,Jan van Rijswijcklaan 159-171,2022-09-23,00:00:00,0,0,0,FMN 04 Jan Van Rijswijcklaan
652,Jan van Rijswijcklaan 159-171,2022-09-23,01:00:00,0,0,0,FMN 04 Jan Van Rijswijcklaan
652,Jan van Rijswijcklaan 159-171,2022-09-23,02:00:00,0,0,0,FMN 04 Jan Van Rijswijcklaan
652,Jan van Rijswijcklaan 159-171,2022-09-23,03:00:00,0,0,0,FMN 04 Jan Van Rijswijcklaan
652,Jan van Rijswijcklaan 159-171,2022-09-23,04:00:00,0,0,0,FMN 04 Jan Van Rijswijcklaan
652,Jan van Rijswijcklaan 159-171,2022-09-23,05:00:00,0,0,0,FMN 04 Jan Van Rijswijcklaan
652,Jan van Rijswijcklaan 159-171,2022-09-23,06:00:00,0,0,0,FMN 04 Jan Van Rijswijcklaan
652,Jan van Rijswijcklaan 159-171,2022-09-23,07:00:00,0,0,0,FMN 04 Jan Van Rijswijcklaan
652,Jan van Rijswijcklaan 159-171,2022-09-23,08:00:00,0,0,0,FMN 04 Jan Van Rijswijcklaan
652,Jan van Rijswijcklaan 159-171,2022-09-23,09:00:00,141,127,14,FMN 04 Jan Van Rijswijcklaan
652,Jan van Rijswijcklaan 159-171,2022-09-23,10:00:00,106,95,11,FMN 04 Jan Van Rijswijcklaan
652,Jan van Rijswijcklaan 159-171,2022-09-23,11:00:00,87,79,8,FMN 04 Jan Van Rijswijcklaan
652,Jan van Rijswijcklaan 159-171,2022-09-23,12:00:00,140,123,17,FMN 04 Jan Van Rijswijcklaan
652,Jan van Rijswijcklaan 159-171,2022-09-23,13:00:00,125,104,21,FMN 04 Jan Van Rijswijcklaan
652,Jan van Rijswijcklaan 159-171,2022-09-23,14:00:00,145,125,20,FMN 04 Jan Van Rijswijcklaan
652,Jan van Rijswijcklaan 159-171,2022-09-23,15:00:00,236,210,26,FMN 04 Jan Van Rijswijcklaan
652,Jan van Rijswijcklaan 159-171,2022-09-23,16:00:00,245,212,33,FMN 04 Jan Van Rijswijcklaan
652,Jan van Rijswijcklaan 159-171,2022-09-23,17:00:00,222,183,39,FMN 04 Jan Van Rijswijcklaan
652,Jan van Rijswijcklaan 159-171,2022-09-23,18:00:00,202,180,22,FMN 04 Jan Van Rijswijcklaan
652,Jan van Rijswijcklaan 159-171,2022-09-23,19:00:00,167,147,20,FMN 04 Jan Van Rijswijcklaan
652,Jan van Rijswijcklaan 159-171,2022-09-23,20:00:00,136,121,15,FMN 04 Jan Van Rijswijcklaan
652,Jan van Rijswijcklaan 159-171,2022-09-23,21:00:00,21,16,5,FMN 04 Jan Van Rijswijcklaan
652,Jan van Rijswijcklaan 159-171,2022-09-23,22:00:00,0,0,0,FMN 04 Jan Van Rijswijcklaan
652,Jan van Rijswijcklaan 159-171,2022-09-23,23:00:00,0,0,0,FMN 04 Jan Van Rijswijcklaan
652,Jan van Rijswijcklaan 159-171,2022-09-24,00:00:00,0,0,0,FMN 04 Jan Van Rijswijcklaan
652,Jan van Rijswijcklaan 159-171,2022-09-24,01:00:00,0,0,0,FMN 04 Jan Van Rijswijcklaan
652,Jan van Rijswijcklaan 159-171,2022-09-24,02:00:00,0,0,0,FMN 04 Jan Van Rijswijcklaan
652,Jan van Rijswijcklaan 159-171,2022-09-24,03:00:00,0,0,0,FMN 04 Jan Van Rijswijcklaan
652,Jan van Rijswijcklaan 159-171,2022-09-24,04:00:00,0,0,0,FMN 04 Jan Van Rijswijcklaan
652,Jan van Rijswijcklaan 159-171,2022-09-24,05:00:00,0,0,0,FMN 04 Jan Van Rijswijcklaan
652,Jan van Rijswijcklaan 159-171,2022-09-24,06:00:00,0,0,0,FMN 04 Jan Van Rijswijcklaan
652,Jan van Rijswijcklaan 159-171,2022-09-24,07:00:00,0,0,0,FMN 04 Jan Van Rijswijcklaan
652,Jan van Rijswijcklaan 159-171,2022-09-24,08:00:00,0,0,0,FMN 04 Jan Van Rijswijcklaan
652,Jan van Rijswijcklaan 159-171,2022-09-24,09:00:00,0,0,0,FMN 04 Jan Van Rijswijcklaan
652,Jan van Rijswijcklaan 159-171,2022-09-24,10:00:00,0,0,0,FMN 04 Jan Van Rijswijcklaan
652,Jan van Rijswijcklaan 159-171,2022-09-24,11:00:00,0,0,0,FMN 04 Jan Van Rijswijcklaan
652,Jan van Rijswijcklaan 159-171,2022-09-24,12:00:00,0,0,0,FMN 04 Jan Van Rijswijcklaan
652,Jan van Rijswijcklaan 159-171,2022-09-24,13:00:00,44,38,6,FMN 04 Jan Van Rijswijcklaan
652,Jan van Rijswijcklaan 159-171,2022-09-24,14:00:00,120,95,25,FMN 04 Jan Van Rijswijcklaan
652,Jan van Rijswijcklaan 159-171,2022-09-24,15:00:00,98,86,12,FMN 04 Jan Van Rijswijcklaan
652,Jan van Rijswijcklaan 159-171,2022-09-24,16:00:00,103,94,9,FMN 04 Jan Van Rijswijcklaan
652,Jan van Rijswijcklaan 159-171,2022-09-24,17:00:00,111,96,15,FMN 04 Jan Van Rijswijcklaan
652,Jan van Rijswijcklaan 159-171,2022-09-24,18:00:00,106,88,18,FMN 04 Jan Van Rijswijcklaan
652,Jan van Rijswijcklaan 159-171,2022-09-24,19:00:00,43,39,4,FMN 04 Jan Van Rijswijcklaan
652,Jan van Rijswijcklaan 159-171,2022-09-24,20:00:00,0,0,0,FMN 04 Jan Van Rijswijcklaan
652,Jan van Rijswijcklaan 159-171,2022-09-24,21:00:00,0,0,0,FMN 04 Jan Van Rijswijcklaan
652,Jan van Rijswijcklaan 159-171,2022-09-24,22:00:00,0,0,0,FMN 04 Jan Van Rijswijcklaan
652,Jan van Rijswijcklaan 159-171,2022-09-24,23:00:00,0,0,0,FMN 04 Jan Van Rijswijcklaan
652,Jan van Rijswijcklaan 159-171,2022-09-25,00:00:00,0,0,0,FMN 04 Jan Van Rijswijcklaan
652,Jan van Rijswijcklaan 159-171,2022-09-25,01:00:00,0,0,0,FMN 04 Jan Van Rijswijcklaan
652,Jan van Rijswijcklaan 159-171,2022-09-25,02:00:00,0,0,0,FMN 04 Jan Van Rijswijcklaan
652,Jan van Rijswijcklaan 159-171,2022-09-25,03:00:00,0,0,0,FMN 04 Jan Van Rijswijcklaan
652,Jan van Rijswijcklaan 159-171,2022-09-25,04:00:00,0,0,0,FMN 04 Jan Van Rijswijcklaan
652,Jan van Rijswijcklaan 159-171,2022-09-25,05:00:00,0,0,0,FMN 04 Jan Van Rijswijcklaan
652,Jan van Rijswijcklaan 159-171,2022-09-25,06:00:00,0,0,0,FMN 04 Jan Van Rijswijcklaan
652,Jan van Rijswijcklaan 159-171,2022-09-25,07:00:00,0,0,0,FMN 04 Jan Van Rijswijcklaan
652,Jan van Rijswijcklaan 159-171,2022-09-25,08:00:00,4,4,0,FMN 04 Jan Van Rijswijcklaan
652,Jan van Rijswijcklaan 159-171,2022-09-25,09:00:00,91,78,13,FMN 04 Jan Van Rijswijcklaan
652,Jan van Rijswijcklaan 159-171,2022-09-25,10:00:00,123,98,25,FMN 04 Jan Van Rijswijcklaan
652,Jan van Rijswijcklaan 159-171,2022-09-25,11:00:00,129,101,28,FMN 04 Jan Van Rijswijcklaan
652,Jan van Rijswijcklaan 159-171,2022-09-25,12:00:00,102,92,10,FMN 04 Jan Van Rijswijcklaan
652,Jan van Rijswijcklaan 159-171,2022-09-25,13:00:00,110,92,18,FMN 04 Jan Van Rijswijcklaan
652,Jan van Rijswijcklaan 159-171,2022-09-25,14:00:00,124,98,26,FMN 04 Jan Van Rijswijcklaan
652,Jan van Rijswijcklaan 159-171,2022-09-25,15:00:00,100,90,10,FMN 04 Jan Van Rijswijcklaan
652,Jan van Rijswijcklaan 159-171,2022-09-25,16:00:00,98,84,14,FMN 04 Jan Van Rijswijcklaan
652,Jan van Rijswijcklaan 159-171,2022-09-25,17:00:00,132,105,27,FMN 04 Jan Van Rijswijcklaan
652,Jan van Rijswijcklaan 159-171,2022-09-25,18:00:00,117,96,21,FMN 04 Jan Van Rijswijcklaan
652,Jan van Rijswijcklaan 159-171,2022-09-25,19:00:00,3,3,0,FMN 04 Jan Van Rijswijcklaan
652,Jan van Rijswijcklaan 159-171,2022-09-25,20:00:00,0,0,0,FMN 04 Jan Van Rijswijcklaan
652,Jan van Rijswijcklaan 159-171,2022-09-25,21:00:00,0,0,0,FMN 04 Jan Van Rijswijcklaan
652,Jan van Rijswijcklaan 159-171,2022-09-25,22:00:00,0,0,0,FMN 04 Jan Van Rijswijcklaan
652,Jan van Rijswijcklaan 159-171,2022-09-25,23:00:00,0,0,0,FMN 04 Jan Van Rijswijcklaan
652,Jan van Rijswijcklaan 159-171,2022-09-26,00:00:00,0,0,0,FMN 04 Jan Van Rijswijcklaan
652,Jan van Rijswijcklaan 159-171,2022-09-26,01:00:00,0,0,0,FMN 04 Jan Van Rijswijcklaan
652,Jan van Rijswijcklaan 159-171,2022-09-26,02:00:00,0,0,0,FMN 04 Jan Van Rijswijcklaan
652,Jan van Rijswijcklaan 159-171,2022-09-26,03:00:00,0,0,0,FMN 04 Jan Van Rijswijcklaan
652,Jan van Rijswijcklaan 159-171,2022-09-26,04:00:00,0,0,0,FMN 04 Jan Van Rijswijcklaan
652,Jan van Rijswijcklaan 159-171,2022-09-26,05:00:00,0,0,0,FMN 04 Jan Van Rijswijcklaan
652,Jan van Rijswijcklaan 159-171,2022-09-26,06:00:00,0,0,0,FMN 04 Jan Van Rijswijcklaan
652,Jan van Rijswijcklaan 159-171,2022-09-26,07:00:00,0,0,0,FMN 04 Jan Van Rijswijcklaan
652,Jan van Rijswijcklaan 159-171,2022-09-26,08:00:00,0,0,0,FMN 04 Jan Van Rijswijcklaan
652,Jan van Rijswijcklaan 159-171,2022-09-26,09:00:00,77,63,14,FMN 04 Jan Van Rijswijcklaan
652,Jan van Rijswijcklaan 159-171,2022-09-26,10:00:00,317,213,104,FMN 04 Jan Van Rijswijcklaan
652,Jan van Rijswijcklaan 159-171,2022-09-26,11:00:00,234,177,57,FMN 04 Jan Van Rijswijcklaan
652,Jan van Rijswijcklaan 159-171,2022-09-26,12:00:00,383,278,105,FMN 04 Jan Van Rijswijcklaan
652,Jan van Rijswijcklaan 159-171,2022-09-26,13:00:00,328,255,73,FMN 04 Jan Van Rijswijcklaan
652,Jan van Rijswijcklaan 159-171,2022-09-26,14:00:00,314,226,88,FMN 04 Jan Van Rijswijcklaan
652,Jan van Rijswijcklaan 159-171,2022-09-26,15:00:00,436,364,72,FMN 04 Jan Van Rijswijcklaan
652,Jan van Rijswijcklaan 159-171,2022-09-26,16:00:00,481,393,88,FMN 04 Jan Van Rijswijcklaan
652,Jan van Rijswijcklaan 159-171,2022-09-26,17:00:00,431,335,96,FMN 04 Jan Van Rijswijcklaan
652,Jan van Rijswijcklaan 159-171,2022-09-26,18:00:00,382,296,86,FMN 04 Jan Van Rijswijcklaan
652,Jan van Rijswijcklaan 159-171,2022-09-26,19:00:00,148,114,34,FMN 04 Jan Van Rijswijcklaan
652,Jan van Rijswijcklaan 159-171,2022-09-26,20:00:00,0,0,0,FMN 04 Jan Van Rijswijcklaan
652,Jan van Rijswijcklaan 159-171,2022-09-26,21:00:00,0,0,0,FMN 04 Jan Van Rijswijcklaan
652,Jan van Rijswijcklaan 159-171,2022-09-26,22:00:00,0,0,0,FMN 04 Jan Van Rijswijcklaan
652,Jan van Rijswijcklaan 159-171,2022-09-26,23:00:00,0,0,0,FMN 04 Jan Van Rijswijcklaan
652,Jan van Rijswijcklaan 159-171,2022-09-27,00:00:00,0,0,0,FMN 04 Jan Van Rijswijcklaan
652,Jan van Rijswijcklaan 159-171,2022-09-27,01:00:00,0,0,0,FMN 04 Jan Van Rijswijcklaan
652,Jan van Rijswijcklaan 159-171,2022-09-27,02:00:00,0,0,0,FMN 04 Jan Van Rijswijcklaan
652,Jan van Rijswijcklaan 159-171,2022-09-27,03:00:00,0,0,0,FMN 04 Jan Van Rijswijcklaan
652,Jan van Rijswijcklaan 159-171,2022-09-27,04:00:00,0,0,0,FMN 04 Jan Van Rijswijcklaan
652,Jan van Rijswijcklaan 159-171,2022-09-27,05:00:00,0,0,0,FMN 04 Jan Van Rijswijcklaan
652,Jan van Rijswijcklaan 159-171,2022-09-27,06:00:00,0,0,0,FMN 04 Jan Van Rijswijcklaan
652,Jan van Rijswijcklaan 159-171,2022-09-27,07:00:00,0,0,0,FMN 04 Jan Van Rijswijcklaan
652,Jan van Rijswijcklaan 159-171,2022-09-27,08:00:00,0,0,0,FMN 04 Jan Van Rijswijcklaan
652,Jan van Rijswijcklaan 159-171,2022-09-27,09:00:00,57,42,15,FMN 04 Jan Van Rijswijcklaan
652,Jan van Rijswijcklaan 159-171,2022-09-27,10:00:00,234,184,50,FMN 04 Jan Van Rijswijcklaan
652,Jan van Rijswijcklaan 159-171,2022-09-27,11:00:00,236,186,50,FMN 04 Jan Van Rijswijcklaan
652,Jan van Rijswijcklaan 159-171,2022-09-27,12:00:00,347,244,103,FMN 04 Jan Van Rijswijcklaan
652,Jan van Rijswijcklaan 159-171,2022-09-27,13:00:00,341,267,74,FMN 04 Jan Van Rijswijcklaan
652,Jan van Rijswijcklaan 159-171,2022-09-27,14:00:00,229,178,51,FMN 04 Jan Van Rijswijcklaan
652,Jan van Rijswijcklaan 159-171,2022-09-27,15:00:00,411,324,87,FMN 04 Jan Van Rijswijcklaan
652,Jan van Rijswijcklaan 159-171,2022-09-27,16:00:00,426,351,75,FMN 04 Jan Van Rijswijcklaan
652,Jan van Rijswijcklaan 159-171,2022-09-27,17:00:00,356,280,76,FMN 04 Jan Van Rijswijcklaan
652,Jan van Rijswijcklaan 159-171,2022-09-27,18:00:00,376,306,70,FMN 04 Jan Van Rijswijcklaan
652,Jan van Rijswijcklaan 159-171,2022-09-27,19:00:00,289,226,63,FMN 04 Jan Van Rijswijcklaan
652,Jan van Rijswijcklaan 159-171,2022-09-27,20:00:00,109,91,18,FMN 04 Jan Van Rijswijcklaan
652,Jan van Rijswijcklaan 159-171,2022-09-27,21:00:00,47,39,8,FMN 04 Jan Van Rijswijcklaan
652,Jan van Rijswijcklaan 159-171,2022-09-27,22:00:00,0,0,0,FMN 04 Jan Van Rijswijcklaan
652,Jan van Rijswijcklaan 159-171,2022-09-27,23:00:00,0,0,0,FMN 04 Jan Van Rijswijcklaan
652,Jan van Rijswijcklaan 159-171,2022-09-28,00:00:00,0,0,0,FMN 04 Jan Van Rijswijcklaan
652,Jan van Rijswijcklaan 159-171,2022-09-28,01:00:00,0,0,0,FMN 04 Jan Van Rijswijcklaan
652,Jan van Rijswijcklaan 159-171,2022-09-28,02:00:00,0,0,0,FMN 04 Jan Van Rijswijcklaan
652,Jan van Rijswijcklaan 159-171,2022-09-28,03:00:00,0,0,0,FMN 04 Jan Van Rijswijcklaan
652,Jan van Rijswijcklaan 159-171,2022-09-28,04:00:00,0,0,0,FMN 04 Jan Van Rijswijcklaan
652,Jan van Rijswijcklaan 159-171,2022-09-28,05:00:00,0,0,0,FMN 04 Jan Van Rijswijcklaan
652,Jan van Rijswijcklaan 159-171,2022-09-28,06:00:00,0,0,0,FMN 04 Jan Van Rijswijcklaan
652,Jan van Rijswijcklaan 159-171,2022-09-28,07:00:00,0,0,0,FMN 04 Jan Van Rijswijcklaan
652,Jan van Rijswijcklaan 159-171,2022-09-28,08:00:00,0,0,0,FMN 04 Jan Van Rijswijcklaan
652,Jan van Rijswijcklaan 159-171,2022-09-28,09:00:00,169,145,24,FMN 04 Jan Van Rijswijcklaan
652,Jan van Rijswijcklaan 159-171,2022-09-28,10:00:00,334,251,83,FMN 04 Jan Van Rijswijcklaan
652,Jan van Rijswijcklaan 159-171,2022-09-28,11:00:00,346,266,80,FMN 04 Jan Van Rijswijcklaan
652,Jan van Rijswijcklaan 159-171,2022-09-28,12:00:00,602,491,111,FMN 04 Jan Van Rijswijcklaan
652,Jan van Rijswijcklaan 159-171,2022-09-28,13:00:00,369,286,83,FMN 04 Jan Van Rijswijcklaan
652,Jan van Rijswijcklaan 159-171,2022-09-28,14:00:00,293,211,82,FMN 04 Jan Van Rijswijcklaan
652,Jan van Rijswijcklaan 159-171,2022-09-28,15:00:00,386,292,94,FMN 04 Jan Van Rijswijcklaan
652,Jan van Rijswijcklaan 159-171,2022-09-28,16:00:00,386,301,85,FMN 04 Jan Van Rijswijcklaan
652,Jan van Rijswijcklaan 159-171,2022-09-28,17:00:00,452,354,98,FMN 04 Jan Van Rijswijcklaan
652,Jan van Rijswijcklaan 159-171,2022-09-28,18:00:00,406,309,97,FMN 04 Jan Van Rijswijcklaan
652,Jan van Rijswijcklaan 159-171,2022-09-28,19:00:00,350,280,70,FMN 04 Jan Van Rijswijcklaan
652,Jan van Rijswijcklaan 159-171,2022-09-28,20:00:00,140,125,15,FMN 04 Jan Van Rijswijcklaan
652,Jan van Rijswijcklaan 159-171,2022-09-28,21:00:00,12,10,2,FMN 04 Jan Van Rijswijcklaan
652,Jan van Rijswijcklaan 159-171,2022-09-28,22:00:00,0,0,0,FMN 04 Jan Van Rijswijcklaan
652,Jan van Rijswijcklaan 159-171,2022-09-28,23:00:00,0,0,0,FMN 04 Jan Van Rijswijcklaan
652,Jan van Rijswijcklaan 159-171,2022-09-29,00:00:00,0,0,0,FMN 04 Jan Van Rijswijcklaan
652,Jan van Rijswijcklaan 159-171,2022-09-29,01:00:00,0,0,0,FMN 04 Jan Van Rijswijcklaan
652,Jan van Rijswijcklaan 159-171,2022-09-29,02:00:00,0,0,0,FMN 04 Jan Van Rijswijcklaan
652,Jan van Rijswijcklaan 159-171,2022-09-29,03:00:00,0,0,0,FMN 04 Jan Van Rijswijcklaan
652,Jan van Rijswijcklaan 159-171,2022-09-29,04:00:00,0,0,0,FMN 04 Jan Van Rijswijcklaan
652,Jan van Rijswijcklaan 159-171,2022-09-29,05:00:00,0,0,0,FMN 04 Jan Van Rijswijcklaan
652,Jan van Rijswijcklaan 159-171,2022-09-29,06:00:00,0,0,0,FMN 04 Jan Van Rijswijcklaan
652,Jan van Rijswijcklaan 159-171,2022-09-29,07:00:00,0,0,0,FMN 04 Jan Van Rijswijcklaan
652,Jan van Rijswijcklaan 159-171,2022-09-29,08:00:00,46,43,3,FMN 04 Jan Van Rijswijcklaan
652,Jan van Rijswijcklaan 159-171,2022-09-29,09:00:00,223,194,29,FMN 04 Jan Van Rijswijcklaan
652,Jan van Rijswijcklaan 159-171,2022-09-29,10:00:00,335,254,81,FMN 04 Jan Van Rijswijcklaan
652,Jan van Rijswijcklaan 159-171,2022-09-29,11:00:00,348,267,81,FMN 04 Jan Van Rijswijcklaan
652,Jan van Rijswijcklaan 159-171,2022-09-29,12:00:00,477,362,115,FMN 04 Jan Van Rijswijcklaan
652,Jan van Rijswijcklaan 159-171,2022-09-29,13:00:00,360,294,66,FMN 04 Jan Van Rijswijcklaan
652,Jan van Rijswijcklaan 159-171,2022-09-29,14:00:00,357,280,77,FMN 04 Jan Van Rijswijcklaan
652,Jan van Rijswijcklaan 159-171,2022-09-29,15:00:00,517,425,92,FMN 04 Jan Van Rijswijcklaan
652,Jan van Rijswijcklaan 159-171,2022-09-29,16:00:00,326,299,27,FMN 04 Jan Van Rijswijcklaan
652,Jan van Rijswijcklaan 159-171,2022-09-29,17:00:00,270,230,40,FMN 04 Jan Van Rijswijcklaan
652,Jan van Rijswijcklaan 159-171,2022-09-29,18:00:00,156,141,15,FMN 04 Jan Van Rijswijcklaan
652,Jan van Rijswijcklaan 159-171,2022-09-29,19:00:00,164,133,31,FMN 04 Jan Van Rijswijcklaan
652,Jan van Rijswijcklaan 159-171,2022-09-29,20:00:00,130,114,16,FMN 04 Jan Van Rijswijcklaan
652,Jan van Rijswijcklaan 159-171,2022-09-29,21:00:00,3,3,0,FMN 04 Jan Van Rijswijcklaan
652,Jan van Rijswijcklaan 159-171,2022-09-29,22:00:00,0,0,0,FMN 04 Jan Van Rijswijcklaan
652,Jan van Rijswijcklaan 159-171,2022-09-29,23:00:00,0,0,0,FMN 04 Jan Van Rijswijcklaan
652,Jan van Rijswijcklaan 159-171,2022-09-30,00:00:00,0,0,0,FMN 04 Jan Van Rijswijcklaan
652,Jan van Rijswijcklaan 159-171,2022-09-30,01:00:00,0,0,0,FMN 04 Jan Van Rijswijcklaan
652,Jan van Rijswijcklaan 159-171,2022-09-30,02:00:00,0,0,0,FMN 04 Jan Van Rijswijcklaan
652,Jan van Rijswijcklaan 159-171,2022-09-30,03:00:00,0,0,0,FMN 04 Jan Van Rijswijcklaan
652,Jan van Rijswijcklaan 159-171,2022-09-30,04:00:00,0,0,0,FMN 04 Jan Van Rijswijcklaan
652,Jan van Rijswijcklaan 159-171,2022-09-30,05:00:00,0,0,0,FMN 04 Jan Van Rijswijcklaan
652,Jan van Rijswijcklaan 159-171,2022-09-30,06:00:00,0,0,0,FMN 04 Jan Van Rijswijcklaan
652,Jan van Rijswijcklaan 159-171,2022-09-30,07:00:00,0,0,0,FMN 04 Jan Van Rijswijcklaan
652,Jan van Rijswijcklaan 159-171,2022-09-30,08:00:00,0,0,0,FMN 04 Jan Van Rijswijcklaan
652,Jan van Rijswijcklaan 159-171,2022-09-30,09:00:00,183,132,51,FMN 04 Jan Van Rijswijcklaan
652,Jan van Rijswijcklaan 159-171,2022-09-30,10:00:00,134,117,17,FMN 04 Jan Van Rijswijcklaan
652,Jan van Rijswijcklaan 159-171,2022-09-30,11:00:00,139,129,10,FMN 04 Jan Van Rijswijcklaan
652,Jan van Rijswijcklaan 159-171,2022-09-30,12:00:00,155,136,19,FMN 04 Jan Van Rijswijcklaan
652,Jan van Rijswijcklaan 159-171,2022-09-30,13:00:00,139,122,17,FMN 04 Jan Van Rijswijcklaan
652,Jan van Rijswijcklaan 159-171,2022-09-30,14:00:00,150,127,23,FMN 04 Jan Van Rijswijcklaan
652,Jan van Rijswijcklaan 159-171,2022-09-30,15:00:00,260,230,30,FMN 04 Jan Van Rijswijcklaan
652,Jan van Rijswijcklaan 159-171,2022-09-30,16:00:00,355,308,47,FMN 04 Jan Van Rijswijcklaan
652,Jan van Rijswijcklaan 159-171,2022-09-30,17:00:00,248,206,42,FMN 04 Jan Van Rijswijcklaan
652,Jan van Rijswijcklaan 159-171,2022-09-30,18:00:00,261,234,27,FMN 04 Jan Van Rijswijcklaan
652,Jan van Rijswijcklaan 159-171,2022-09-30,19:00:00,230,193,37,FMN 04 Jan Van Rijswijcklaan
652,Jan van Rijswijcklaan 159-171,2022-09-30,20:00:00,159,145,14,FMN 04 Jan Van Rijswijcklaan
652,Jan van Rijswijcklaan 159-171,2022-09-30,21:00:00,91,85,6,FMN 04 Jan Van Rijswijcklaan
652,Jan van Rijswijcklaan 159-171,2022-09-30,22:00:00,58,41,17,FMN 04 Jan Van Rijswijcklaan
652,Jan van Rijswijcklaan 159-171,2022-09-30,23:00:00,6,4,2,FMN 04 Jan Van Rijswijcklaan
652,Jan van Rijswijcklaan 159-171,2022-10-01,00:00:00,0,0,0,FMN 04 Jan Van Rijswijcklaan
652,Jan van Rijswijcklaan 159-171,2022-10-01,01:00:00,0,0,0,FMN 04 Jan Van Rijswijcklaan
652,Jan van Rijswijcklaan 159-171,2022-10-01,02:00:00,0,0,0,FMN 04 Jan Van Rijswijcklaan
652,Jan van Rijswijcklaan 159-171,2022-10-01,03:00:00,0,0,0,FMN 04 Jan Van Rijswijcklaan
652,Jan van Rijswijcklaan 159-171,2022-10-01,04:00:00,0,0,0,FMN 04 Jan Van Rijswijcklaan
652,Jan van Rijswijcklaan 159-171,2022-10-01,05:00:00,0,0,0,FMN 04 Jan Van Rijswijcklaan
652,Jan van Rijswijcklaan 159-171,2022-10-01,06:00:00,0,0,0,FMN 04 Jan Van Rijswijcklaan
652,Jan van Rijswijcklaan 159-171,2022-10-01,07:00:00,0,0,0,FMN 04 Jan Van Rijswijcklaan
652,Jan van Rijswijcklaan 159-171,2022-10-01,08:00:00,0,0,0,FMN 04 Jan Van Rijswijcklaan
652,Jan van Rijswijcklaan 159-171,2022-10-01,09:00:00,67,59,8,FMN 04 Jan Van Rijswijcklaan
652,Jan van Rijswijcklaan 159-171,2022-10-01,10:00:00,105,93,12,FMN 04 Jan Van Rijswijcklaan
652,Jan van Rijswijcklaan 159-171,2022-10-01,11:00:00,106,92,14,FMN 04 Jan Van Rijswijcklaan
652,Jan van Rijswijcklaan 159-171,2022-10-01,12:00:00,121,110,11,FMN 04 Jan Van Rijswijcklaan
652,Jan van Rijswijcklaan 159-171,2022-10-01,13:00:00,163,140,23,FMN 04 Jan Van Rijswijcklaan
652,Jan van Rijswijcklaan 159-171,2022-10-01,14:00:00,146,128,18,FMN 04 Jan Van Rijswijcklaan
652,Jan van Rijswijcklaan 159-171,2022-10-01,15:00:00,107,96,11,FMN 04 Jan Van Rijswijcklaan
652,Jan van Rijswijcklaan 159-171,2022-10-01,16:00:00,127,117,10,FMN 04 Jan Van Rijswijcklaan
652,Jan van Rijswijcklaan 159-171,2022-10-01,17:00:00,147,130,17,FMN 04 Jan Van Rijswijcklaan
652,Jan van Rijswijcklaan 159-171,2022-10-01,18:00:00,109,84,25,FMN 04 Jan Van Rijswijcklaan
652,Jan van Rijswijcklaan 159-171,2022-10-01,19:00:00,110,98,12,FMN 04 Jan Van Rijswijcklaan
652,Jan van Rijswijcklaan 159-171,2022-10-01,20:00:00,96,86,10,FMN 04 Jan Van Rijswijcklaan
652,Jan van Rijswijcklaan 159-171,2022-10-01,21:00:00,28,22,6,FMN 04 Jan Van Rijswijcklaan
652,Jan van Rijswijcklaan 159-171,2022-10-01,22:00:00,0,0,0,FMN 04 Jan Van Rijswijcklaan
652,Jan van Rijswijcklaan 159-171,2022-10-01,23:00:00,0,0,0,FMN 04 Jan Van Rijswijcklaan
652,Jan van Rijswijcklaan 159-171,2022-10-02,00:00:00,0,0,0,FMN 04 Jan Van Rijswijcklaan
652,Jan van Rijswijcklaan 159-171,2022-10-02,01:00:00,0,0,0,FMN 04 Jan Van Rijswijcklaan
652,Jan van Rijswijcklaan 159-171,2022-10-02,02:00:00,0,0,0,FMN 04 Jan Van Rijswijcklaan
652,Jan van Rijswijcklaan 159-171,2022-10-02,03:00:00,0,0,0,FMN 04 Jan Van Rijswijcklaan
652,Jan van Rijswijcklaan 159-171,2022-10-02,04:00:00,0,0,0,FMN 04 Jan Van Rijswijcklaan
652,Jan van Rijswijcklaan 159-171,2022-10-02,05:00:00,0,0,0,FMN 04 Jan Van Rijswijcklaan
652,Jan van Rijswijcklaan 159-171,2022-10-02,06:00:00,0,0,0,FMN 04 Jan Van Rijswijcklaan
652,Jan van Rijswijcklaan 159-171,2022-10-02,07:00:00,0,0,0,FMN 04 Jan Van Rijswijcklaan
652,Jan van Rijswijcklaan 159-171,2022-10-02,08:00:00,0,0,0,FMN 04 Jan Van Rijswijcklaan
652,Jan van Rijswijcklaan 159-171,2022-10-02,09:00:00,34,31,3,FMN 04 Jan Van Rijswijcklaan
652,Jan van Rijswijcklaan 159-171,2022-10-02,10:00:00,107,85,22,FMN 04 Jan Van Rijswijcklaan
652,Jan van Rijswijcklaan 159-171,2022-10-02,11:00:00,83,63,20,FMN 04 Jan Van Rijswijcklaan
652,Jan van Rijswijcklaan 159-171,2022-10-02,12:00:00,99,86,13,FMN 04 Jan Van Rijswijcklaan
652,Jan van Rijswijcklaan 159-171,2022-10-02,13:00:00,100,89,11,FMN 04 Jan Van Rijswijcklaan
652,Jan van Rijswijcklaan 159-171,2022-10-02,14:00:00,132,115,17,FMN 04 Jan Van Rijswijcklaan
652,Jan van Rijswijcklaan 159-171,2022-10-02,15:00:00,108,90,18,FMN 04 Jan Van Rijswijcklaan
652,Jan van Rijswijcklaan 159-171,2022-10-02,16:00:00,76,64,12,FMN 04 Jan Van Rijswijcklaan
652,Jan van Rijswijcklaan 159-171,2022-10-02,17:00:00,109,88,21,FMN 04 Jan Van Rijswijcklaan
652,Jan van Rijswijcklaan 159-171,2022-10-02,18:00:00,101,75,26,FMN 04 Jan Van Rijswijcklaan
652,Jan van Rijswijcklaan 159-171,2022-10-02,19:00:00,57,47,10,FMN 04 Jan Van Rijswijcklaan
652,Jan van Rijswijcklaan 159-171,2022-10-02,20:00:00,76,57,19,FMN 04 Jan Van Rijswijcklaan
652,Jan van Rijswijcklaan 159-171,2022-10-02,21:00:00,47,40,7,FMN 04 Jan Van Rijswijcklaan
652,Jan van Rijswijcklaan 159-171,2022-10-02,22:00:00,33,22,11,FMN 04 Jan Van Rijswijcklaan
652,Jan van Rijswijcklaan 159-171,2022-10-02,23:00:00,20,11,9,FMN 04 Jan Van Rijswijcklaan
652,Jan van Rijswijcklaan 159-171,2022-10-03,00:00:00,0,0,0,FMN 04 Jan Van Rijswijcklaan
652,Jan van Rijswijcklaan 159-171,2022-10-03,01:00:00,0,0,0,FMN 04 Jan Van Rijswijcklaan
652,Jan van Rijswijcklaan 159-171,2022-10-03,02:00:00,0,0,0,FMN 04 Jan Van Rijswijcklaan
652,Jan van Rijswijcklaan 159-171,2022-10-03,03:00:00,0,0,0,FMN 04 Jan Van Rijswijcklaan
652,Jan van Rijswijcklaan 159-171,2022-10-03,04:00:00,0,0,0,FMN 04 Jan Van Rijswijcklaan
652,Jan van Rijswijcklaan 159-171,2022-10-03,05:00:00,0,0,0,FMN 04 Jan Van Rijswijcklaan
652,Jan van Rijswijcklaan 159-171,2022-10-03,06:00:00,0,0,0,FMN 04 Jan Van Rijswijcklaan
652,Jan van Rijswijcklaan 159-171,2022-10-03,07:00:00,0,0,0,FMN 04 Jan Van Rijswijcklaan
652,Jan van Rijswijcklaan 159-171,2022-10-03,08:00:00,34,30,4,FMN 04 Jan Van Rijswijcklaan
652,Jan van Rijswijcklaan 159-171,2022-10-03,09:00:00,167,152,15,FMN 04 Jan Van Rijswijcklaan
652,Jan van Rijswijcklaan 159-171,2022-10-03,10:00:00,130,113,17,FMN 04 Jan Van Rijswijcklaan
652,Jan van Rijswijcklaan 159-171,2022-10-03,11:00:00,121,112,9,FMN 04 Jan Van Rijswijcklaan
652,Jan van Rijswijcklaan 159-171,2022-10-03,12:00:00,148,125,23,FMN 04 Jan Van Rijswijcklaan
652,Jan van Rijswijcklaan 159-171,2022-10-03,13:00:00,142,119,23,FMN 04 Jan Van Rijswijcklaan
652,Jan van Rijswijcklaan 159-171,2022-10-03,14:00:00,132,115,17,FMN 04 Jan Van Rijswijcklaan
652,Jan van Rijswijcklaan 159-171,2022-10-03,15:00:00,228,201,27,FMN 04 Jan Van Rijswijcklaan
652,Jan van Rijswijcklaan 159-171,2022-10-03,16:00:00,305,271,34,FMN 04 Jan Van Rijswijcklaan
652,Jan van Rijswijcklaan 159-171,2022-10-03,17:00:00,308,272,36,FMN 04 Jan Van Rijswijcklaan
652,Jan van Rijswijcklaan 159-171,2022-10-03,18:00:00,211,183,28,FMN 04 Jan Van Rijswijcklaan
652,Jan van Rijswijcklaan 159-171,2022-10-03,19:00:00,124,93,31,FMN 04 Jan Van Rijswijcklaan
652,Jan van Rijswijcklaan 159-171,2022-10-03,20:00:00,105,79,26,FMN 04 Jan Van Rijswijcklaan
652,Jan van Rijswijcklaan 159-171,2022-10-03,21:00:00,64,51,13,FMN 04 Jan Van Rijswijcklaan
652,Jan van Rijswijcklaan 159-171,2022-10-03,22:00:00,108,94,14,FMN 04 Jan Van Rijswijcklaan
652,Jan van Rijswijcklaan 159-171,2022-10-03,23:00:00,2,2,0,FMN 04 Jan Van Rijswijcklaan
652,Jan van Rijswijcklaan 159-171,2022-10-04,00:00:00,0,0,0,FMN 04 Jan Van Rijswijcklaan
652,Jan van Rijswijcklaan 159-171,2022-10-04,01:00:00,0,0,0,FMN 04 Jan Van Rijswijcklaan
652,Jan van Rijswijcklaan 159-171,2022-10-04,02:00:00,0,0,0,FMN 04 Jan Van Rijswijcklaan
652,Jan van Rijswijcklaan 159-171,2022-10-04,03:00:00,0,0,0,FMN 04 Jan Van Rijswijcklaan
652,Jan van Rijswijcklaan 159-171,2022-10-04,04:00:00,0,0,0,FMN 04 Jan Van Rijswijcklaan
652,Jan van Rijswijcklaan 159-171,2022-10-04,05:00:00,0,0,0,FMN 04 Jan Van Rijswijcklaan
652,Jan van Rijswijcklaan 159-171,2022-10-04,06:00:00,0,0,0,FMN 04 Jan Van Rijswijcklaan
652,Jan van Rijswijcklaan 159-171,2022-10-04,07:00:00,0,0,0,FMN 04 Jan Van Rijswijcklaan
652,Jan van Rijswijcklaan 159-171,2022-10-04,08:00:00,0,0,0,FMN 04 Jan Van Rijswijcklaan
652,Jan van Rijswijcklaan 159-171,2022-10-04,09:00:00,139,136,3,FMN 04 Jan Van Rijswijcklaan
652,Jan van Rijswijcklaan 159-171,2022-10-04,10:00:00,123,102,21,FMN 04 Jan Van Rijswijcklaan
652,Jan van Rijswijcklaan 159-171,2022-10-04,11:00:00,105,92,13,FMN 04 Jan Van Rijswijcklaan
652,Jan van Rijswijcklaan 159-171,2022-10-04,12:00:00,154,139,15,FMN 04 Jan Van Rijswijcklaan
652,Jan van Rijswijcklaan 159-171,2022-10-04,13:00:00,188,167,21,FMN 04 Jan Van Rijswijcklaan
652,Jan van Rijswijcklaan 159-171,2022-10-04,14:00:00,150,129,21,FMN 04 Jan Van Rijswijcklaan
652,Jan van Rijswijcklaan 159-171,2022-10-04,15:00:00,244,204,40,FMN 04 Jan Van Rijswijcklaan
652,Jan van Rijswijcklaan 159-171,2022-10-04,16:00:00,363,321,42,FMN 04 Jan Van Rijswijcklaan
652,Jan van Rijswijcklaan 159-171,2022-10-04,17:00:00,329,269,60,FMN 04 Jan Van Rijswijcklaan
652,Jan van Rijswijcklaan 159-171,2022-10-04,18:00:00,234,204,30,FMN 04 Jan Van Rijswijcklaan
652,Jan van Rijswijcklaan 159-171,2022-10-04,19:00:00,160,128,32,FMN 04 Jan Van Rijswijcklaan
652,Jan van Rijswijcklaan 159-171,2022-10-04,20:00:00,131,104,27,FMN 04 Jan Van Rijswijcklaan
652,Jan van Rijswijcklaan 159-171,2022-10-04,21:00:00,81,66,15,FMN 04 Jan Van Rijswijcklaan
652,Jan van Rijswijcklaan 159-171,2022-10-04,22:00:00,87,75,12,FMN 04 Jan Van Rijswijcklaan
652,Jan van Rijswijcklaan 159-171,2022-10-04,23:00:00,17,11,6,FMN 04 Jan Van Rijswijcklaan
652,Jan van Rijswijcklaan 159-171,2022-10-05,00:00:00,0,0,0,FMN 04 Jan Van Rijswijcklaan
652,Jan van Rijswijcklaan 159-171,2022-10-05,01:00:00,0,0,0,FMN 04 Jan Van Rijswijcklaan
652,Jan van Rijswijcklaan 159-171,2022-10-05,02:00:00,0,0,0,FMN 04 Jan Van Rijswijcklaan
652,Jan van Rijswijcklaan 159-171,2022-10-05,03:00:00,0,0,0,FMN 04 Jan Van Rijswijcklaan
652,Jan van Rijswijcklaan 159-171,2022-10-05,04:00:00,0,0,0,FMN 04 Jan Van Rijswijcklaan
652,Jan van Rijswijcklaan 159-171,2022-10-05,05:00:00,0,0,0,FMN 04 Jan Van Rijswijcklaan
652,Jan van Rijswijcklaan 159-171,2022-10-05,06:00:00,0,0,0,FMN 04 Jan Van Rijswijcklaan
652,Jan van Rijswijcklaan 159-171,2022-10-05,07:00:00,0,0,0,FMN 04 Jan Van Rijswijcklaan
652,Jan van Rijswijcklaan 159-171,2022-10-05,08:00:00,0,0,0,FMN 04 Jan Van Rijswijcklaan
652,Jan van Rijswijcklaan 159-171,2022-10-05,09:00:00,22,19,3,FMN 04 Jan Van Rijswijcklaan
652,Jan van Rijswijcklaan 159-171,2022-10-05,10:00:00,113,101,12,FMN 04 Jan Van Rijswijcklaan
652,Jan van Rijswijcklaan 159-171,2022-10-05,11:00:00,108,98,10,FMN 04 Jan Van Rijswijcklaan
652,Jan van Rijswijcklaan 159-171,2022-10-05,12:00:00,348,322,26,FMN 04 Jan Van Rijswijcklaan
652,Jan van Rijswijcklaan 159-171,2022-10-05,13:00:00,175,153,22,FMN 04 Jan Van Rijswijcklaan
652,Jan van Rijswijcklaan 159-171,2022-10-05,14:00:00,174,145,29,FMN 04 Jan Van Rijswijcklaan
652,Jan van Rijswijcklaan 159-171,2022-10-05,15:00:00,180,153,27,FMN 04 Jan Van Rijswijcklaan
652,Jan van Rijswijcklaan 159-171,2022-10-05,16:00:00,249,209,40,FMN 04 Jan Van Rijswijcklaan
652,Jan van Rijswijcklaan 159-171,2022-10-05,17:00:00,320,273,47,FMN 04 Jan Van Rijswijcklaan
652,Jan van Rijswijcklaan 159-171,2022-10-05,18:00:00,257,230,27,FMN 04 Jan Van Rijswijcklaan
652,Jan van Rijswijcklaan 159-171,2022-10-05,19:00:00,198,168,30,FMN 04 Jan Van Rijswijcklaan
652,Jan van Rijswijcklaan 159-171,2022-10-05,20:00:00,131,113,18,FMN 04 Jan Van Rijswijcklaan
652,Jan van Rijswijcklaan 159-171,2022-10-05,21:00:00,65,51,14,FMN 04 Jan Van Rijswijcklaan
652,Jan van Rijswijcklaan 159-171,2022-10-05,22:00:00,0,0,0,FMN 04 Jan Van Rijswijcklaan
652,Jan van Rijswijcklaan 159-171,2022-10-05,23:00:00,0,0,0,FMN 04 Jan Van Rijswijcklaan
652,Jan van Rijswijcklaan 159-171,2022-10-06,00:00:00,0,0,0,FMN 04 Jan Van Rijswijcklaan
652,Jan van Rijswijcklaan 159-171,2022-10-06,01:00:00,0,0,0,FMN 04 Jan Van Rijswijcklaan
652,Jan van Rijswijcklaan 159-171,2022-10-06,02:00:00,0,0,0,FMN 04 Jan Van Rijswijcklaan
652,Jan van Rijswijcklaan 159-171,2022-10-06,03:00:00,0,0,0,FMN 04 Jan Van Rijswijcklaan
652,Jan van Rijswijcklaan 159-171,2022-10-06,04:00:00,0,0,0,FMN 04 Jan Van Rijswijcklaan
652,Jan van Rijswijcklaan 159-171,2022-10-06,05:00:00,0,0,0,FMN 04 Jan Van Rijswijcklaan
652,Jan van Rijswijcklaan 159-171,2022-10-06,06:00:00,0,0,0,FMN 04 Jan Van Rijswijcklaan
652,Jan van Rijswijcklaan 159-171,2022-10-06,07:00:00,0,0,0,FMN 04 Jan Van Rijswijcklaan
652,Jan van Rijswijcklaan 159-171,2022-10-06,08:00:00,0,0,0,FMN 04 Jan Van Rijswijcklaan
652,Jan van Rijswijcklaan 159-171,2022-10-06,09:00:00,85,77,8,FMN 04 Jan Van Rijswijcklaan
652,Jan van Rijswijcklaan 159-171,2022-10-06,10:00:00,144,123,21,FMN 04 Jan Van Rijswijcklaan
652,Jan van Rijswijcklaan 159-171,2022-10-06,11:00:00,113,107,6,FMN 04 Jan Van Rijswijcklaan
652,Jan van Rijswijcklaan 159-171,2022-10-06,12:00:00,167,145,22,FMN 04 Jan Van Rijswijcklaan
652,Jan van Rijswijcklaan 159-171,2022-10-06,13:00:00,153,126,27,FMN 04 Jan Van Rijswijcklaan
652,Jan van Rijswijcklaan 159-171,2022-10-06,14:00:00,161,134,27,FMN 04 Jan Van Rijswijcklaan
652,Jan van Rijswijcklaan 159-171,2022-10-06,15:00:00,265,228,37,FMN 04 Jan Van Rijswijcklaan
652,Jan van Rijswijcklaan 159-171,2022-10-06,16:00:00,382,335,47,FMN 04 Jan Van Rijswijcklaan
652,Jan van Rijswijcklaan 159-171,2022-10-06,17:00:00,324,277,47,FMN 04 Jan Van Rijswijcklaan
652,Jan van Rijswijcklaan 159-171,2022-10-06,18:00:00,237,203,34,FMN 04 Jan Van Rijswijcklaan
652,Jan van Rijswijcklaan 159-171,2022-10-06,19:00:00,165,134,31,FMN 04 Jan Van Rijswijcklaan
652,Jan van Rijswijcklaan 159-171,2022-10-06,20:00:00,144,115,29,FMN 04 Jan Van Rijswijcklaan
652,Jan van Rijswijcklaan 159-171,2022-10-06,21:00:00,55,43,12,FMN 04 Jan Van Rijswijcklaan
652,Jan van Rijswijcklaan 159-171,2022-10-06,22:00:00,0,0,0,FMN 04 Jan Van Rijswijcklaan
652,Jan van Rijswijcklaan 159-171,2022-10-06,23:00:00,0,0,0,FMN 04 Jan Van Rijswijcklaan
652,Jan van Rijswijcklaan 159-171,2022-10-07,00:00:00,0,0,0,FMN 04 Jan Van Rijswijcklaan
652,Jan van Rijswijcklaan 159-171,2022-10-07,01:00:00,0,0,0,FMN 04 Jan Van Rijswijcklaan
652,Jan van Rijswijcklaan 159-171,2022-10-07,02:00:00,0,0,0,FMN 04 Jan Van Rijswijcklaan
652,Jan van Rijswijcklaan 159-171,2022-10-07,03:00:00,0,0,0,FMN 04 Jan Van Rijswijcklaan
652,Jan van Rijswijcklaan 159-171,2022-10-07,04:00:00,0,0,0,FMN 04 Jan Van Rijswijcklaan
652,Jan van Rijswijcklaan 159-171,2022-10-07,05:00:00,0,0,0,FMN 04 Jan Van Rijswijcklaan
652,Jan van Rijswijcklaan 159-171,2022-10-07,06:00:00,0,0,0,FMN 04 Jan Van Rijswijcklaan
652,Jan van Rijswijcklaan 159-171,2022-10-07,07:00:00,0,0,0,FMN 04 Jan Van Rijswijcklaan
652,Jan van Rijswijcklaan 159-171,2022-10-07,08:00:00,0,0,0,FMN 04 Jan Van Rijswijcklaan
652,Jan van Rijswijcklaan 159-171,2022-10-07,09:00:00,61,57,4,FMN 04 Jan Van Rijswijcklaan
652,Jan van Rijswijcklaan 159-171,2022-10-07,10:00:00,137,122,15,FMN 04 Jan Van Rijswijcklaan
652,Jan van Rijswijcklaan 159-171,2022-10-07,11:00:00,114,103,11,FMN 04 Jan Van Rijswijcklaan
652,Jan van Rijswijcklaan 159-171,2022-10-07,12:00:00,167,143,24,FMN 04 Jan Van Rijswijcklaan
652,Jan van Rijswijcklaan 159-171,2022-10-07,13:00:00,187,165,22,FMN 04 Jan Van Rijswijcklaan
652,Jan van Rijswijcklaan 159-171,2022-10-07,14:00:00,167,147,20,FMN 04 Jan Van Rijswijcklaan
652,Jan van Rijswijcklaan 159-171,2022-10-07,15:00:00,250,222,28,FMN 04 Jan Van Rijswijcklaan
652,Jan van Rijswijcklaan 159-171,2022-10-07,16:00:00,350,303,47,FMN 04 Jan Van Rijswijcklaan
652,Jan van Rijswijcklaan 159-171,2022-10-07,17:00:00,254,219,35,FMN 04 Jan Van Rijswijcklaan
652,Jan van Rijswijcklaan 159-171,2022-10-07,18:00:00,224,202,22,FMN 04 Jan Van Rijswijcklaan
652,Jan van Rijswijcklaan 159-171,2022-10-07,19:00:00,219,194,25,FMN 04 Jan Van Rijswijcklaan
652,Jan van Rijswijcklaan 159-171,2022-10-07,20:00:00,164,144,20,FMN 04 Jan Van Rijswijcklaan
652,Jan van Rijswijcklaan 159-171,2022-10-07,21:00:00,49,41,8,FMN 04 Jan Van Rijswijcklaan
652,Jan van Rijswijcklaan 159-171,2022-10-07,22:00:00,0,0,0,FMN 04 Jan Van Rijswijcklaan
652,Jan van Rijswijcklaan 159-171,2022-10-07,23:00:00,0,0,0,FMN 04 Jan Van Rijswijcklaan
652,Jan van Rijswijcklaan 159-171,2022-10-08,00:00:00,0,0,0,FMN 04 Jan Van Rijswijcklaan
652,Jan van Rijswijcklaan 159-171,2022-10-08,01:00:00,0,0,0,FMN 04 Jan Van Rijswijcklaan
652,Jan van Rijswijcklaan 159-171,2022-10-08,02:00:00,0,0,0,FMN 04 Jan Van Rijswijcklaan
652,Jan van Rijswijcklaan 159-171,2022-10-08,03:00:00,0,0,0,FMN 04 Jan Van Rijswijcklaan
652,Jan van Rijswijcklaan 159-171,2022-10-08,04:00:00,0,0,0,FMN 04 Jan Van Rijswijcklaan
652,Jan van Rijswijcklaan 159-171,2022-10-08,05:00:00,0,0,0,FMN 04 Jan Van Rijswijcklaan
652,Jan van Rijswijcklaan 159-171,2022-10-08,06:00:00,0,0,0,FMN 04 Jan Van Rijswijcklaan
652,Jan van Rijswijcklaan 159-171,2022-10-08,07:00:00,0,0,0,FMN 04 Jan Van Rijswijcklaan
652,Jan van Rijswijcklaan 159-171,2022-10-08,08:00:00,0,0,0,FMN 04 Jan Van Rijswijcklaan
652,Jan van Rijswijcklaan 159-171,2022-10-08,09:00:00,66,58,8,FMN 04 Jan Van Rijswijcklaan
652,Jan van Rijswijcklaan 159-171,2022-10-08,10:00:00,117,105,12,FMN 04 Jan Van Rijswijcklaan
652,Jan van Rijswijcklaan 159-171,2022-10-08,11:00:00,123,105,18,FMN 04 Jan Van Rijswijcklaan
652,Jan van Rijswijcklaan 159-171,2022-10-08,12:00:00,149,133,16,FMN 04 Jan Van Rijswijcklaan
652,Jan van Rijswijcklaan 159-171,2022-10-08,13:00:00,182,152,30,FMN 04 Jan Van Rijswijcklaan
652,Jan van Rijswijcklaan 159-171,2022-10-08,14:00:00,139,117,22,FMN 04 Jan Van Rijswijcklaan
652,Jan van Rijswijcklaan 159-171,2022-10-08,15:00:00,143,126,17,FMN 04 Jan Van Rijswijcklaan
652,Jan van Rijswijcklaan 159-171,2022-10-08,16:00:00,120,104,16,FMN 04 Jan Van Rijswijcklaan
652,Jan van Rijswijcklaan 159-171,2022-10-08,17:00:00,141,127,14,FMN 04 Jan Van Rijswijcklaan
652,Jan van Rijswijcklaan 159-171,2022-10-08,18:00:00,147,129,18,FMN 04 Jan Van Rijswijcklaan
652,Jan van Rijswijcklaan 159-171,2022-10-08,19:00:00,138,109,29,FMN 04 Jan Van Rijswijcklaan
652,Jan van Rijswijcklaan 159-171,2022-10-08,20:00:00,80,68,12,FMN 04 Jan Van Rijswijcklaan
652,Jan van Rijswijcklaan 159-171,2022-10-08,21:00:00,29,24,5,FMN 04 Jan Van Rijswijcklaan
652,Jan van Rijswijcklaan 159-171,2022-10-08,22:00:00,0,0,0,FMN 04 Jan Van Rijswijcklaan
652,Jan van Rijswijcklaan 159-171,2022-10-08,23:00:00,0,0,0,FMN 04 Jan Van Rijswijcklaan
652,Jan van Rijswijcklaan 159-171,2022-10-09,00:00:00,0,0,0,FMN 04 Jan Van Rijswijcklaan
652,Jan van Rijswijcklaan 159-171,2022-10-09,01:00:00,0,0,0,FMN 04 Jan Van Rijswijcklaan
652,Jan van Rijswijcklaan 159-171,2022-10-09,02:00:00,0,0,0,FMN 04 Jan Van Rijswijcklaan
652,Jan van Rijswijcklaan 159-171,2022-10-09,03:00:00,0,0,0,FMN 04 Jan Van Rijswijcklaan
652,Jan van Rijswijcklaan 159-171,2022-10-09,04:00:00,0,0,0,FMN 04 Jan Van Rijswijcklaan
652,Jan van Rijswijcklaan 159-171,2022-10-09,05:00:00,0,0,0,FMN 04 Jan Van Rijswijcklaan
652,Jan van Rijswijcklaan 159-171,2022-10-09,06:00:00,0,0,0,FMN 04 Jan Van Rijswijcklaan
652,Jan van Rijswijcklaan 159-171,2022-10-09,07:00:00,0,0,0,FMN 04 Jan Van Rijswijcklaan
652,Jan van Rijswijcklaan 159-171,2022-10-09,08:00:00,0,0,0,FMN 04 Jan Van Rijswijcklaan
652,Jan van Rijswijcklaan 159-171,2022-10-09,09:00:00,78,57,21,FMN 04 Jan Van Rijswijcklaan
652,Jan van Rijswijcklaan 159-171,2022-10-09,10:00:00,111,85,26,FMN 04 Jan Van Rijswijcklaan
652,Jan van Rijswijcklaan 159-171,2022-10-09,11:00:00,153,127,26,FMN 04 Jan Van Rijswijcklaan
652,Jan van Rijswijcklaan 159-171,2022-10-09,12:00:00,195,165,30,FMN 04 Jan Van Rijswijcklaan
652,Jan van Rijswijcklaan 159-171,2022-10-09,13:00:00,183,156,27,FMN 04 Jan Van Rijswijcklaan
652,Jan van Rijswijcklaan 159-171,2022-10-09,14:00:00,173,143,30,FMN 04 Jan Van Rijswijcklaan
652,Jan van Rijswijcklaan 159-171,2022-10-09,15:00:00,133,111,22,FMN 04 Jan Van Rijswijcklaan
652,Jan van Rijswijcklaan 159-171,2022-10-09,16:00:00,156,142,14,FMN 04 Jan Van Rijswijcklaan
652,Jan van Rijswijcklaan 159-171,2022-10-09,17:00:00,118,100,18,FMN 04 Jan Van Rijswijcklaan
652,Jan van Rijswijcklaan 159-171,2022-10-09,18:00:00,98,85,13,FMN 04 Jan Van Rijswijcklaan
652,Jan van Rijswijcklaan 159-171,2022-10-09,19:00:00,59,48,11,FMN 04 Jan Van Rijswijcklaan
652,Jan van Rijswijcklaan 159-171,2022-10-09,20:00:00,0,0,0,FMN 04 Jan Van Rijswijcklaan
652,Jan van Rijswijcklaan 159-171,2022-10-09,21:00:00,0,0,0,FMN 04 Jan Van Rijswijcklaan
652,Jan van Rijswijcklaan 159-171,2022-10-09,22:00:00,0,0,0,FMN 04 Jan Van Rijswijcklaan
652,Jan van Rijswijcklaan 159-171,2022-10-09,23:00:00,0,0,0,FMN 04 Jan Van Rijswijcklaan
652,Jan van Rijswijcklaan 159-171,2022-10-10,00:00:00,0,0,0,FMN 04 Jan Van Rijswijcklaan
652,Jan van Rijswijcklaan 159-171,2022-10-10,01:00:00,0,0,0,FMN 04 Jan Van Rijswijcklaan
652,Jan van Rijswijcklaan 159-171,2022-10-10,02:00:00,0,0,0,FMN 04 Jan Van Rijswijcklaan
652,Jan van Rijswijcklaan 159-171,2022-10-10,03:00:00,0,0,0,FMN 04 Jan Van Rijswijcklaan
652,Jan van Rijswijcklaan 159-171,2022-10-10,04:00:00,0,0,0,FMN 04 Jan Van Rijswijcklaan
652,Jan van Rijswijcklaan 159-171,2022-10-10,05:00:00,0,0,0,FMN 04 Jan Van Rijswijcklaan
652,Jan van Rijswijcklaan 159-171,2022-10-10,06:00:00,0,0,0,FMN 04 Jan Van Rijswijcklaan
652,Jan van Rijswijcklaan 159-171,2022-10-10,07:00:00,0,0,0,FMN 04 Jan Van Rijswijcklaan
652,Jan van Rijswijcklaan 159-171,2022-10-10,08:00:00,0,0,0,FMN 04 Jan Van Rijswijcklaan
652,Jan van Rijswijcklaan 159-171,2022-10-10,09:00:00,67,59,8,FMN 04 Jan Van Rijswijcklaan
652,Jan van Rijswijcklaan 159-171,2022-10-10,10:00:00,110,86,24,FMN 04 Jan Van Rijswijcklaan
652,Jan van Rijswijcklaan 159-171,2022-10-10,11:00:00,114,101,13,FMN 04 Jan Van Rijswijcklaan
652,Jan van Rijswijcklaan 159-171,2022-10-10,12:00:00,153,138,15,FMN 04 Jan Van Rijswijcklaan
652,Jan van Rijswijcklaan 159-171,2022-10-10,13:00:00,200,171,29,FMN 04 Jan Van Rijswijcklaan
652,Jan van Rijswijcklaan 159-171,2022-10-10,14:00:00,139,118,21,FMN 04 Jan Van Rijswijcklaan
652,Jan van Rijswijcklaan 159-171,2022-10-10,15:00:00,252,206,46,FMN 04 Jan Van Rijswijcklaan
652,Jan van Rijswijcklaan 159-171,2022-10-10,16:00:00,346,289,57,FMN 04 Jan Van Rijswijcklaan
652,Jan van Rijswijcklaan 159-171,2022-10-10,17:00:00,269,224,45,FMN 04 Jan Van Rijswijcklaan
652,Jan van Rijswijcklaan 159-171,2022-10-10,18:00:00,207,183,24,FMN 04 Jan Van Rijswijcklaan
652,Jan van Rijswijcklaan 159-171,2022-10-10,19:00:00,97,71,26,FMN 04 Jan Van Rijswijcklaan
652,Jan van Rijswijcklaan 159-171,2022-10-10,20:00:00,0,0,0,FMN 04 Jan Van Rijswijcklaan
652,Jan van Rijswijcklaan 159-171,2022-10-10,21:00:00,0,0,0,FMN 04 Jan Van Rijswijcklaan
652,Jan van Rijswijcklaan 159-171,2022-10-10,22:00:00,0,0,0,FMN 04 Jan Van Rijswijcklaan
652,Jan van Rijswijcklaan 159-171,2022-10-10,23:00:00,0,0,0,FMN 04 Jan Van Rijswijcklaan
652,Jan van Rijswijcklaan 159-171,2022-10-11,00:00:00,0,0,0,FMN 04 Jan Van Rijswijcklaan
652,Jan van Rijswijcklaan 159-171,2022-10-11,01:00:00,0,0,0,FMN 04 Jan Van Rijswijcklaan
652,Jan van Rijswijcklaan 159-171,2022-10-11,02:00:00,0,0,0,FMN 04 Jan Van Rijswijcklaan
652,Jan van Rijswijcklaan 159-171,2022-10-11,03:00:00,0,0,0,FMN 04 Jan Van Rijswijcklaan
652,Jan van Rijswijcklaan 159-171,2022-10-11,04:00:00,0,0,0,FMN 04 Jan Van Rijswijcklaan
652,Jan van Rijswijcklaan 159-171,2022-10-11,05:00:00,0,0,0,FMN 04 Jan Van Rijswijcklaan
652,Jan van Rijswijcklaan 159-171,2022-10-11,06:00:00,0,0,0,FMN 04 Jan Van Rijswijcklaan
652,Jan van Rijswijcklaan 159-171,2022-10-11,07:00:00,0,0,0,FMN 04 Jan Van Rijswijcklaan
652,Jan van Rijswijcklaan 159-171,2022-10-11,08:00:00,0,0,0,FMN 04 Jan Van Rijswijcklaan
652,Jan van Rijswijcklaan 159-171,2022-10-11,09:00:00,88,78,10,FMN 04 Jan Van Rijswijcklaan
652,Jan van Rijswijcklaan 159-171,2022-10-11,10:00:00,146,130,16,FMN 04 Jan Van Rijswijcklaan
652,Jan van Rijswijcklaan 159-171,2022-10-11,11:00:00,124,113,11,FMN 04 Jan Van Rijswijcklaan
652,Jan van Rijswijcklaan 159-171,2022-10-11,12:00:00,176,148,28,FMN 04 Jan Van Rijswijcklaan
652,Jan van Rijswijcklaan 159-171,2022-10-11,13:00:00,145,127,18,FMN 04 Jan Van Rijswijcklaan
652,Jan van Rijswijcklaan 159-171,2022-10-11,14:00:00,156,138,18,FMN 04 Jan Van Rijswijcklaan
652,Jan van Rijswijcklaan 159-171,2022-10-11,15:00:00,234,201,33,FMN 04 Jan Van Rijswijcklaan
652,Jan van Rijswijcklaan 159-171,2022-10-11,16:00:00,341,302,39,FMN 04 Jan Van Rijswijcklaan
652,Jan van Rijswijcklaan 159-171,2022-10-11,17:00:00,306,260,46,FMN 04 Jan Van Rijswijcklaan
652,Jan van Rijswijcklaan 159-171,2022-10-11,18:00:00,259,200,59,FMN 04 Jan Van Rijswijcklaan
652,Jan van Rijswijcklaan 159-171,2022-10-11,19:00:00,102,83,19,FMN 04 Jan Van Rijswijcklaan
652,Jan van Rijswijcklaan 159-171,2022-10-11,20:00:00,0,0,0,FMN 04 Jan Van Rijswijcklaan
652,Jan van Rijswijcklaan 159-171,2022-10-11,21:00:00,0,0,0,FMN 04 Jan Van Rijswijcklaan
652,Jan van Rijswijcklaan 159-171,2022-10-11,22:00:00,0,0,0,FMN 04 Jan Van Rijswijcklaan
652,Jan van Rijswijcklaan 159-171,2022-10-11,23:00:00,0,0,0,FMN 04 Jan Van Rijswijcklaan
652,Jan van Rijswijcklaan 159-171,2022-10-12,00:00:00,0,0,0,FMN 04 Jan Van Rijswijcklaan
652,Jan van Rijswijcklaan 159-171,2022-10-12,01:00:00,0,0,0,FMN 04 Jan Van Rijswijcklaan
652,Jan van Rijswijcklaan 159-171,2022-10-12,02:00:00,0,0,0,FMN 04 Jan Van Rijswijcklaan
652,Jan van Rijswijcklaan 159-171,2022-10-12,03:00:00,0,0,0,FMN 04 Jan Van Rijswijcklaan
652,Jan van Rijswijcklaan 159-171,2022-10-12,04:00:00,0,0,0,FMN 04 Jan Van Rijswijcklaan
652,Jan van Rijswijcklaan 159-171,2022-10-12,05:00:00,0,0,0,FMN 04 Jan Van Rijswijcklaan
652,Jan van Rijswijcklaan 159-171,2022-10-12,06:00:00,0,0,0,FMN 04 Jan Van Rijswijcklaan
652,Jan van Rijswijcklaan 159-171,2022-10-12,07:00:00,0,0,0,FMN 04 Jan Van Rijswijcklaan
652,Jan van Rijswijcklaan 159-171,2022-10-12,08:00:00,0,0,0,FMN 04 Jan Van Rijswijcklaan
652,Jan van Rijswijcklaan 159-171,2022-10-12,09:00:00,124,113,11,FMN 04 Jan Van Rijswijcklaan
652,Jan van Rijswijcklaan 159-171,2022-10-12,10:00:00,148,117,31,FMN 04 Jan Van Rijswijcklaan
652,Jan van Rijswijcklaan 159-171,2022-10-12,11:00:00,116,103,13,FMN 04 Jan Van Rijswijcklaan
652,Jan van Rijswijcklaan 159-171,2022-10-12,12:00:00,342,304,38,FMN 04 Jan Van Rijswijcklaan
652,Jan van Rijswijcklaan 159-171,2022-10-12,13:00:00,213,181,32,FMN 04 Jan Van Rijswijcklaan
652,Jan van Rijswijcklaan 159-171,2022-10-12,14:00:00,145,118,27,FMN 04 Jan Van Rijswijcklaan
652,Jan van Rijswijcklaan 159-171,2022-10-12,15:00:00,174,133,41,FMN 04 Jan Van Rijswijcklaan
652,Jan van Rijswijcklaan 159-171,2022-10-12,16:00:00,262,224,38,FMN 04 Jan Van Rijswijcklaan
652,Jan van Rijswijcklaan 159-171,2022-10-12,17:00:00,320,258,62,FMN 04 Jan Van Rijswijcklaan
652,Jan van Rijswijcklaan 159-171,2022-10-12,18:00:00,297,249,48,FMN 04 Jan Van Rijswijcklaan
652,Jan van Rijswijcklaan 159-171,2022-10-12,19:00:00,53,50,3,FMN 04 Jan Van Rijswijcklaan
652,Jan van Rijswijcklaan 159-171,2022-10-12,20:00:00,0,0,0,FMN 04 Jan Van Rijswijcklaan
652,Jan van Rijswijcklaan 159-171,2022-10-12,21:00:00,0,0,0,FMN 04 Jan Van Rijswijcklaan
652,Jan van Rijswijcklaan 159-171,2022-10-12,22:00:00,0,0,0,FMN 04 Jan Van Rijswijcklaan
652,Jan van Rijswijcklaan 159-171,2022-10-12,23:00:00,0,0,0,FMN 04 Jan Van Rijswijcklaan
652,Jan van Rijswijcklaan 159-171,2022-10-13,00:00:00,0,0,0,FMN 04 Jan Van Rijswijcklaan
652,Jan van Rijswijcklaan 159-171,2022-10-13,01:00:00,0,0,0,FMN 04 Jan Van Rijswijcklaan
652,Jan van Rijswijcklaan 159-171,2022-10-13,02:00:00,0,0,0,FMN 04 Jan Van Rijswijcklaan
652,Jan van Rijswijcklaan 159-171,2022-10-13,03:00:00,0,0,0,FMN 04 Jan Van Rijswijcklaan
652,Jan van Rijswijcklaan 159-171,2022-10-13,04:00:00,0,0,0,FMN 04 Jan Van Rijswijcklaan
652,Jan van Rijswijcklaan 159-171,2022-10-13,05:00:00,0,0,0,FMN 04 Jan Van Rijswijcklaan
652,Jan van Rijswijcklaan 159-171,2022-10-13,06:00:00,0,0,0,FMN 04 Jan Van Rijswijcklaan
652,Jan van Rijswijcklaan 159-171,2022-10-13,07:00:00,0,0,0,FMN 04 Jan Van Rijswijcklaan
652,Jan van Rijswijcklaan 159-171,2022-10-13,08:00:00,0,0,0,FMN 04 Jan Van Rijswijcklaan
652,Jan van Rijswijcklaan 159-171,2022-10-13,09:00:00,0,0,0,FMN 04 Jan Van Rijswijcklaan
652,Jan van Rijswijcklaan 159-171,2022-10-13,10:00:00,38,31,7,FMN 04 Jan Van Rijswijcklaan
652,Jan van Rijswijcklaan 159-171,2022-10-13,11:00:00,137,125,12,FMN 04 Jan Van Rijswijcklaan
652,Jan van Rijswijcklaan 159-171,2022-10-13,12:00:00,134,101,33,FMN 04 Jan Van Rijswijcklaan
652,Jan van Rijswijcklaan 159-171,2022-10-13,13:00:00,111,94,17,FMN 04 Jan Van Rijswijcklaan
652,Jan van Rijswijcklaan 159-171,2022-10-13,14:00:00,107,94,13,FMN 04 Jan Van Rijswijcklaan
652,Jan van Rijswijcklaan 159-171,2022-10-13,15:00:00,254,233,21,FMN 04 Jan Van Rijswijcklaan
652,Jan van Rijswijcklaan 159-171,2022-10-13,16:00:00,325,286,39,FMN 04 Jan Van Rijswijcklaan
652,Jan van Rijswijcklaan 159-171,2022-10-13,17:00:00,270,228,42,FMN 04 Jan Van Rijswijcklaan
652,Jan van Rijswijcklaan 159-171,2022-10-13,18:00:00,175,157,18,FMN 04 Jan Van Rijswijcklaan
652,Jan van Rijswijcklaan 159-171,2022-10-13,19:00:00,0,0,0,FMN 04 Jan Van Rijswijcklaan
652,Jan van Rijswijcklaan 159-171,2022-10-13,20:00:00,0,0,0,FMN 04 Jan Van Rijswijcklaan
652,Jan van Rijswijcklaan 159-171,2022-10-13,21:00:00,0,0,0,FMN 04 Jan Van Rijswijcklaan
652,Jan van Rijswijcklaan 159-171,2022-10-13,22:00:00,0,0,0,FMN 04 Jan Van Rijswijcklaan
652,Jan van Rijswijcklaan 159-171,2022-10-13,23:00:00,0,0,0,FMN 04 Jan Van Rijswijcklaan
652,Jan van Rijswijcklaan 159-171,2022-10-14,00:00:00,0,0,0,FMN 04 Jan Van Rijswijcklaan
652,Jan van Rijswijcklaan 159-171,2022-10-14,01:00:00,0,0,0,FMN 04 Jan Van Rijswijcklaan
652,Jan van Rijswijcklaan 159-171,2022-10-14,02:00:00,0,0,0,FMN 04 Jan Van Rijswijcklaan
652,Jan van Rijswijcklaan 159-171,2022-10-14,03:00:00,0,0,0,FMN 04 Jan Van Rijswijcklaan
652,Jan van Rijswijcklaan 159-171,2022-10-14,04:00:00,0,0,0,FMN 04 Jan Van Rijswijcklaan
652,Jan van Rijswijcklaan 159-171,2022-10-14,05:00:00,0,0,0,FMN 04 Jan Van Rijswijcklaan
652,Jan van Rijswijcklaan 159-171,2022-10-14,06:00:00,0,0,0,FMN 04 Jan Van Rijswijcklaan
652,Jan van Rijswijcklaan 159-171,2022-10-14,07:00:00,0,0,0,FMN 04 Jan Van Rijswijcklaan
652,Jan van Rijswijcklaan 159-171,2022-10-14,08:00:00,0,0,0,FMN 04 Jan Van Rijswijcklaan
652,Jan van Rijswijcklaan 159-171,2022-10-14,09:00:00,0,0,0,FMN 04 Jan Van Rijswijcklaan
652,Jan van Rijswijcklaan 159-171,2022-10-14,10:00:00,0,0,0,FMN 04 Jan Van Rijswijcklaan
652,Jan van Rijswijcklaan 159-171,2022-10-14,11:00:00,35,30,5,FMN 04 Jan Van Rijswijcklaan
652,Jan van Rijswijcklaan 159-171,2022-10-14,12:00:00,96,84,12,FMN 04 Jan Van Rijswijcklaan
652,Jan van Rijswijcklaan 159-171,2022-10-14,13:00:00,121,93,28,FMN 04 Jan Van Rijswijcklaan
652,Jan van Rijswijcklaan 159-171,2022-10-14,14:00:00,129,112,17,FMN 04 Jan Van Rijswijcklaan
652,Jan van Rijswijcklaan 159-171,2022-10-14,15:00:00,278,251,27,FMN 04 Jan Van Rijswijcklaan
652,Jan van Rijswijcklaan 159-171,2022-10-14,16:00:00,330,295,35,FMN 04 Jan Van Rijswijcklaan
652,Jan van Rijswijcklaan 159-171,2022-10-14,17:00:00,255,219,36,FMN 04 Jan Van Rijswijcklaan
652,Jan van Rijswijcklaan 159-171,2022-10-14,18:00:00,267,230,37,FMN 04 Jan Van Rijswijcklaan
652,Jan van Rijswijcklaan 159-171,2022-10-14,19:00:00,141,120,21,FMN 04 Jan Van Rijswijcklaan
652,Jan van Rijswijcklaan 159-171,2022-10-14,20:00:00,0,0,0,FMN 04 Jan Van Rijswijcklaan
652,Jan van Rijswijcklaan 159-171,2022-10-14,21:00:00,0,0,0,FMN 04 Jan Van Rijswijcklaan
652,Jan van Rijswijcklaan 159-171,2022-10-14,22:00:00,0,0,0,FMN 04 Jan Van Rijswijcklaan
652,Jan van Rijswijcklaan 159-171,2022-10-14,23:00:00,0,0,0,FMN 04 Jan Van Rijswijcklaan
652,Jan van Rijswijcklaan 159-171,2022-10-15,00:00:00,0,0,0,FMN 04 Jan Van Rijswijcklaan
652,Jan van Rijswijcklaan 159-171,2022-10-15,01:00:00,0,0,0,FMN 04 Jan Van Rijswijcklaan
652,Jan van Rijswijcklaan 159-171,2022-10-15,02:00:00,0,0,0,FMN 04 Jan Van Rijswijcklaan
652,Jan van Rijswijcklaan 159-171,2022-10-15,03:00:00,0,0,0,FMN 04 Jan Van Rijswijcklaan
652,Jan van Rijswijcklaan 159-171,2022-10-15,04:00:00,0,0,0,FMN 04 Jan Van Rijswijcklaan
652,Jan van Rijswijcklaan 159-171,2022-10-15,05:00:00,0,0,0,FMN 04 Jan Van Rijswijcklaan
652,Jan van Rijswijcklaan 159-171,2022-10-15,06:00:00,0,0,0,FMN 04 Jan Van Rijswijcklaan
652,Jan van Rijswijcklaan 159-171,2022-10-15,07:00:00,0,0,0,FMN 04 Jan Van Rijswijcklaan
652,Jan van Rijswijcklaan 159-171,2022-10-15,08:00:00,0,0,0,FMN 04 Jan Van Rijswijcklaan
652,Jan van Rijswijcklaan 159-171,2022-10-15,09:00:00,11,10,1,FMN 04 Jan Van Rijswijcklaan
652,Jan van Rijswijcklaan 159-171,2022-10-15,10:00:00,78,69,9,FMN 04 Jan Van Rijswijcklaan
652,Jan van Rijswijcklaan 159-171,2022-10-15,11:00:00,148,126,22,FMN 04 Jan Van Rijswijcklaan
652,Jan van Rijswijcklaan 159-171,2022-10-15,12:00:00,131,115,16,FMN 04 Jan Van Rijswijcklaan
652,Jan van Rijswijcklaan 159-171,2022-10-15,13:00:00,119,96,23,FMN 04 Jan Van Rijswijcklaan
652,Jan van Rijswijcklaan 159-171,2022-10-15,14:00:00,110,96,14,FMN 04 Jan Van Rijswijcklaan
652,Jan van Rijswijcklaan 159-171,2022-10-15,15:00:00,125,107,18,FMN 04 Jan Van Rijswijcklaan
652,Jan van Rijswijcklaan 159-171,2022-10-15,16:00:00,153,128,25,FMN 04 Jan Van Rijswijcklaan
652,Jan van Rijswijcklaan 159-171,2022-10-15,17:00:00,135,116,19,FMN 04 Jan Van Rijswijcklaan
652,Jan van Rijswijcklaan 159-171,2022-10-15,18:00:00,144,125,19,FMN 04 Jan Van Rijswijcklaan
652,Jan van Rijswijcklaan 159-171,2022-10-15,19:00:00,108,92,16,FMN 04 Jan Van Rijswijcklaan
652,Jan van Rijswijcklaan 159-171,2022-10-15,20:00:00,92,82,10,FMN 04 Jan Van Rijswijcklaan
652,Jan van Rijswijcklaan 159-171,2022-10-15,21:00:00,55,35,20,FMN 04 Jan Van Rijswijcklaan
652,Jan van Rijswijcklaan 159-171,2022-10-15,22:00:00,1,1,0,FMN 04 Jan Van Rijswijcklaan
652,Jan van Rijswijcklaan 159-171,2022-10-15,23:00:00,0,0,0,FMN 04 Jan Van Rijswijcklaan
652,Jan van Rijswijcklaan 159-171,2022-10-16,00:00:00,0,0,0,FMN 04 Jan Van Rijswijcklaan
652,Jan van Rijswijcklaan 159-171,2022-10-16,01:00:00,0,0,0,FMN 04 Jan Van Rijswijcklaan
652,Jan van Rijswijcklaan 159-171,2022-10-16,02:00:00,0,0,0,FMN 04 Jan Van Rijswijcklaan
652,Jan van Rijswijcklaan 159-171,2022-10-16,03:00:00,0,0,0,FMN 04 Jan Van Rijswijcklaan
652,Jan van Rijswijcklaan 159-171,2022-10-16,04:00:00,0,0,0,FMN 04 Jan Van Rijswijcklaan
652,Jan van Rijswijcklaan 159-171,2022-10-16,05:00:00,0,0,0,FMN 04 Jan Van Rijswijcklaan
652,Jan van Rijswijcklaan 159-171,2022-10-16,06:00:00,0,0,0,FMN 04 Jan Van Rijswijcklaan
652,Jan van Rijswijcklaan 159-171,2022-10-16,07:00:00,0,0,0,FMN 04 Jan Van Rijswijcklaan
652,Jan van Rijswijcklaan 159-171,2022-10-16,08:00:00,0,0,0,FMN 04 Jan Van Rijswijcklaan
652,Jan van Rijswijcklaan 159-171,2022-10-16,09:00:00,0,0,0,FMN 04 Jan Van Rijswijcklaan
652,Jan van Rijswijcklaan 159-171,2022-10-16,10:00:00,94,82,12,FMN 04 Jan Van Rijswijcklaan
652,Jan van Rijswijcklaan 159-171,2022-10-16,11:00:00,113,87,26,FMN 04 Jan Van Rijswijcklaan
652,Jan van Rijswijcklaan 159-171,2022-10-16,12:00:00,168,151,17,FMN 04 Jan Van Rijswijcklaan
652,Jan van Rijswijcklaan 159-171,2022-10-16,13:00:00,139,120,19,FMN 04 Jan Van Rijswijcklaan
652,Jan van Rijswijcklaan 159-171,2022-10-16,14:00:00,127,108,19,FMN 04 Jan Van Rijswijcklaan
652,Jan van Rijswijcklaan 159-171,2022-10-16,15:00:00,91,71,20,FMN 04 Jan Van Rijswijcklaan
652,Jan van Rijswijcklaan 159-171,2022-10-16,16:00:00,124,110,14,FMN 04 Jan Van Rijswijcklaan
652,Jan van Rijswijcklaan 159-171,2022-10-16,17:00:00,124,102,22,FMN 04 Jan Van Rijswijcklaan
652,Jan van Rijswijcklaan 159-171,2022-10-16,18:00:00,101,79,22,FMN 04 Jan Van Rijswijcklaan
652,Jan van Rijswijcklaan 159-171,2022-10-16,19:00:00,69,55,14,FMN 04 Jan Van Rijswijcklaan
652,Jan van Rijswijcklaan 159-171,2022-10-16,20:00:00,39,34,5,FMN 04 Jan Van Rijswijcklaan
652,Jan van Rijswijcklaan 159-171,2022-10-16,21:00:00,50,38,12,FMN 04 Jan Van Rijswijcklaan
652,Jan van Rijswijcklaan 159-171,2022-10-16,22:00:00,39,39,0,FMN 04 Jan Van Rijswijcklaan
652,Jan van Rijswijcklaan 159-171,2022-10-16,23:00:00,0,0,0,FMN 04 Jan Van Rijswijcklaan
652,Jan van Rijswijcklaan 159-171,2022-10-17,00:00:00,0,0,0,FMN 04 Jan Van Rijswijcklaan
652,Jan van Rijswijcklaan 159-171,2022-10-17,01:00:00,0,0,0,FMN 04 Jan Van Rijswijcklaan
652,Jan van Rijswijcklaan 159-171,2022-10-17,02:00:00,0,0,0,FMN 04 Jan Van Rijswijcklaan
652,Jan van Rijswijcklaan 159-171,2022-10-17,03:00:00,0,0,0,FMN 04 Jan Van Rijswijcklaan
652,Jan van Rijswijcklaan 159-171,2022-10-17,04:00:00,0,0,0,FMN 04 Jan Van Rijswijcklaan
652,Jan van Rijswijcklaan 159-171,2022-10-17,05:00:00,0,0,0,FMN 04 Jan Van Rijswijcklaan
652,Jan van Rijswijcklaan 159-171,2022-10-17,06:00:00,0,0,0,FMN 04 Jan Van Rijswijcklaan
652,Jan van Rijswijcklaan 159-171,2022-10-17,07:00:00,0,0,0,FMN 04 Jan Van Rijswijcklaan
652,Jan van Rijswijcklaan 159-171,2022-10-17,08:00:00,0,0,0,FMN 04 Jan Van Rijswijcklaan
652,Jan van Rijswijcklaan 159-171,2022-10-17,09:00:00,0,0,0,FMN 04 Jan Van Rijswijcklaan
652,Jan van Rijswijcklaan 159-171,2022-10-17,10:00:00,0,0,0,FMN 04 Jan Van Rijswijcklaan
652,Jan van Rijswijcklaan 159-171,2022-10-17,11:00:00,0,0,0,FMN 04 Jan Van Rijswijcklaan
652,Jan van Rijswijcklaan 159-171,2022-10-17,12:00:00,14,10,4,FMN 04 Jan Van Rijswijcklaan
652,Jan van Rijswijcklaan 159-171,2022-10-17,13:00:00,110,100,10,FMN 04 Jan Van Rijswijcklaan
652,Jan van Rijswijcklaan 159-171,2022-10-17,14:00:00,108,94,14,FMN 04 Jan Van Rijswijcklaan
652,Jan van Rijswijcklaan 159-171,2022-10-17,15:00:00,219,199,20,FMN 04 Jan Van Rijswijcklaan
652,Jan van Rijswijcklaan 159-171,2022-10-17,16:00:00,287,247,40,FMN 04 Jan Van Rijswijcklaan
652,Jan van Rijswijcklaan 159-171,2022-10-17,17:00:00,260,229,31,FMN 04 Jan Van Rijswijcklaan
652,Jan van Rijswijcklaan 159-171,2022-10-17,18:00:00,199,176,23,FMN 04 Jan Van Rijswijcklaan
652,Jan van Rijswijcklaan 159-171,2022-10-17,19:00:00,124,95,29,FMN 04 Jan Van Rijswijcklaan
652,Jan van Rijswijcklaan 159-171,2022-10-17,20:00:00,82,58,24,FMN 04 Jan Van Rijswijcklaan
652,Jan van Rijswijcklaan 159-171,2022-10-17,21:00:00,49,37,12,FMN 04 Jan Van Rijswijcklaan
652,Jan van Rijswijcklaan 159-171,2022-10-17,22:00:00,82,66,16,FMN 04 Jan Van Rijswijcklaan
652,Jan van Rijswijcklaan 159-171,2022-10-17,23:00:00,0,0,0,FMN 04 Jan Van Rijswijcklaan
652,Jan van Rijswijcklaan 159-171,2022-10-18,00:00:00,0,0,0,FMN 04 Jan Van Rijswijcklaan
652,Jan van Rijswijcklaan 159-171,2022-10-18,01:00:00,0,0,0,FMN 04 Jan Van Rijswijcklaan
652,Jan van Rijswijcklaan 159-171,2022-10-18,02:00:00,0,0,0,FMN 04 Jan Van Rijswijcklaan
652,Jan van Rijswijcklaan 159-171,2022-10-18,03:00:00,0,0,0,FMN 04 Jan Van Rijswijcklaan
652,Jan van Rijswijcklaan 159-171,2022-10-18,04:00:00,0,0,0,FMN 04 Jan Van Rijswijcklaan
652,Jan van Rijswijcklaan 159-171,2022-10-18,05:00:00,0,0,0,FMN 04 Jan Van Rijswijcklaan
652,Jan van Rijswijcklaan 159-171,2022-10-18,06:00:00,0,0,0,FMN 04 Jan Van Rijswijcklaan
652,Jan van Rijswijcklaan 159-171,2022-10-18,07:00:00,0,0,0,FMN 04 Jan Van Rijswijcklaan
652,Jan van Rijswijcklaan 159-171,2022-10-18,08:00:00,0,0,0,FMN 04 Jan Van Rijswijcklaan
652,Jan van Rijswijcklaan 159-171,2022-10-18,09:00:00,0,0,0,FMN 04 Jan Van Rijswijcklaan
652,Jan van Rijswijcklaan 159-171,2022-10-18,10:00:00,114,100,14,FMN 04 Jan Van Rijswijcklaan
652,Jan van Rijswijcklaan 159-171,2022-10-18,11:00:00,115,100,15,FMN 04 Jan Van Rijswijcklaan
652,Jan van Rijswijcklaan 159-171,2022-10-18,12:00:00,170,147,23,FMN 04 Jan Van Rijswijcklaan
652,Jan van Rijswijcklaan 159-171,2022-10-18,13:00:00,188,165,23,FMN 04 Jan Van Rijswijcklaan
652,Jan van Rijswijcklaan 159-171,2022-10-18,14:00:00,154,134,20,FMN 04 Jan Van Rijswijcklaan
652,Jan van Rijswijcklaan 159-171,2022-10-18,15:00:00,241,205,36,FMN 04 Jan Van Rijswijcklaan
652,Jan van Rijswijcklaan 159-171,2022-10-18,16:00:00,323,290,33,FMN 04 Jan Van Rijswijcklaan
652,Jan van Rijswijcklaan 159-171,2022-10-18,17:00:00,347,297,50,FMN 04 Jan Van Rijswijcklaan
652,Jan van Rijswijcklaan 159-171,2022-10-18,18:00:00,274,227,47,FMN 04 Jan Van Rijswijcklaan
652,Jan van Rijswijcklaan 159-171,2022-10-18,19:00:00,171,142,29,FMN 04 Jan Van Rijswijcklaan
652,Jan van Rijswijcklaan 159-171,2022-10-18,20:00:00,100,83,17,FMN 04 Jan Van Rijswijcklaan
652,Jan van Rijswijcklaan 159-171,2022-10-18,21:00:00,89,72,17,FMN 04 Jan Van Rijswijcklaan
652,Jan van Rijswijcklaan 159-171,2022-10-18,22:00:00,100,77,23,FMN 04 Jan Van Rijswijcklaan
652,Jan van Rijswijcklaan 159-171,2022-10-18,23:00:00,36,24,12,FMN 04 Jan Van Rijswijcklaan
652,Jan van Rijswijcklaan 159-171,2022-10-19,00:00:00,5,5,0,FMN 04 Jan Van Rijswijcklaan
652,Jan van Rijswijcklaan 159-171,2022-10-19,01:00:00,0,0,0,FMN 04 Jan Van Rijswijcklaan
652,Jan van Rijswijcklaan 159-171,2022-10-19,02:00:00,0,0,0,FMN 04 Jan Van Rijswijcklaan
652,Jan van Rijswijcklaan 159-171,2022-10-19,03:00:00,0,0,0,FMN 04 Jan Van Rijswijcklaan
652,Jan van Rijswijcklaan 159-171,2022-10-19,04:00:00,0,0,0,FMN 04 Jan Van Rijswijcklaan
652,Jan van Rijswijcklaan 159-171,2022-10-19,05:00:00,0,0,0,FMN 04 Jan Van Rijswijcklaan
652,Jan van Rijswijcklaan 159-171,2022-10-19,06:00:00,0,0,0,FMN 04 Jan Van Rijswijcklaan
652,Jan van Rijswijcklaan 159-171,2022-10-19,07:00:00,0,0,0,FMN 04 Jan Van Rijswijcklaan
652,Jan van Rijswijcklaan 159-171,2022-10-19,08:00:00,0,0,0,FMN 04 Jan Van Rijswijcklaan
652,Jan van Rijswijcklaan 159-171,2022-10-19,09:00:00,53,43,10,FMN 04 Jan Van Rijswijcklaan
652,Jan van Rijswijcklaan 159-171,2022-10-19,10:00:00,130,106,24,FMN 04 Jan Van Rijswijcklaan
652,Jan van Rijswijcklaan 159-171,2022-10-19,11:00:00,104,95,9,FMN 04 Jan Van Rijswijcklaan
652,Jan van Rijswijcklaan 159-171,2022-10-19,12:00:00,382,341,41,FMN 04 Jan Van Rijswijcklaan
652,Jan van Rijswijcklaan 159-171,2022-10-19,13:00:00,208,174,34,FMN 04 Jan Van Rijswijcklaan
652,Jan van Rijswijcklaan 159-171,2022-10-19,14:00:00,148,126,22,FMN 04 Jan Van Rijswijcklaan
652,Jan van Rijswijcklaan 159-171,2022-10-19,15:00:00,196,159,37,FMN 04 Jan Van Rijswijcklaan
652,Jan van Rijswijcklaan 159-171,2022-10-19,16:00:00,254,224,30,FMN 04 Jan Van Rijswijcklaan
652,Jan van Rijswijcklaan 159-171,2022-10-19,17:00:00,305,269,36,FMN 04 Jan Van Rijswijcklaan
652,Jan van Rijswijcklaan 159-171,2022-10-19,18:00:00,283,247,36,FMN 04 Jan Van Rijswijcklaan
652,Jan van Rijswijcklaan 159-171,2022-10-19,19:00:00,193,161,32,FMN 04 Jan Van Rijswijcklaan
652,Jan van Rijswijcklaan 159-171,2022-10-19,20:00:00,147,126,21,FMN 04 Jan Van Rijswijcklaan
652,Jan van Rijswijcklaan 159-171,2022-10-19,21:00:00,97,76,21,FMN 04 Jan Van Rijswijcklaan
652,Jan van Rijswijcklaan 159-171,2022-10-19,22:00:00,119,92,27,FMN 04 Jan Van Rijswijcklaan
652,Jan van Rijswijcklaan 159-171,2022-10-19,23:00:00,38,30,8,FMN 04 Jan Van Rijswijcklaan
652,Jan van Rijswijcklaan 159-171,2022-10-20,00:00:00,0,0,0,FMN 04 Jan Van Rijswijcklaan
652,Jan van Rijswijcklaan 159-171,2022-10-20,01:00:00,0,0,0,FMN 04 Jan Van Rijswijcklaan
652,Jan van Rijswijcklaan 159-171,2022-10-20,02:00:00,0,0,0,FMN 04 Jan Van Rijswijcklaan
652,Jan van Rijswijcklaan 159-171,2022-10-20,03:00:00,0,0,0,FMN 04 Jan Van Rijswijcklaan
652,Jan van Rijswijcklaan 159-171,2022-10-20,04:00:00,0,0,0,FMN 04 Jan Van Rijswijcklaan
652,Jan van Rijswijcklaan 159-171,2022-10-20,05:00:00,0,0,0,FMN 04 Jan Van Rijswijcklaan
652,Jan van Rijswijcklaan 159-171,2022-10-20,06:00:00,0,0,0,FMN 04 Jan Van Rijswijcklaan
652,Jan van Rijswijcklaan 159-171,2022-10-20,07:00:00,0,0,0,FMN 04 Jan Van Rijswijcklaan
652,Jan van Rijswijcklaan 159-171,2022-10-20,08:00:00,0,0,0,FMN 04 Jan Van Rijswijcklaan
652,Jan van Rijswijcklaan 159-171,2022-10-20,09:00:00,0,0,0,FMN 04 Jan Van Rijswijcklaan
652,Jan van Rijswijcklaan 159-171,2022-10-20,10:00:00,0,0,0,FMN 04 Jan Van Rijswijcklaan
652,Jan van Rijswijcklaan 159-171,2022-10-20,11:00:00,0,0,0,FMN 04 Jan Van Rijswijcklaan
652,Jan van Rijswijcklaan 159-171,2022-10-20,12:00:00,82,73,9,FMN 04 Jan Van Rijswijcklaan
652,Jan van Rijswijcklaan 159-171,2022-10-20,13:00:00,120,100,20,FMN 04 Jan Van Rijswijcklaan
652,Jan van Rijswijcklaan 159-171,2022-10-20,14:00:00,121,109,12,FMN 04 Jan Van Rijswijcklaan
652,Jan van Rijswijcklaan 159-171,2022-10-20,15:00:00,248,222,26,FMN 04 Jan Van Rijswijcklaan
652,Jan van Rijswijcklaan 159-171,2022-10-20,16:00:00,343,304,39,FMN 04 Jan Van Rijswijcklaan
652,Jan van Rijswijcklaan 159-171,2022-10-20,17:00:00,304,278,26,FMN 04 Jan Van Rijswijcklaan
652,Jan van Rijswijcklaan 159-171,2022-10-20,18:00:00,221,192,29,FMN 04 Jan Van Rijswijcklaan
652,Jan van Rijswijcklaan 159-171,2022-10-20,19:00:00,205,173,32,FMN 04 Jan Van Rijswijcklaan
652,Jan van Rijswijcklaan 159-171,2022-10-20,20:00:00,94,80,14,FMN 04 Jan Van Rijswijcklaan
652,Jan van Rijswijcklaan 159-171,2022-10-20,21:00:00,90,73,17,FMN 04 Jan Van Rijswijcklaan
652,Jan van Rijswijcklaan 159-171,2022-10-20,22:00:00,73,59,14,FMN 04 Jan Van Rijswijcklaan
652,Jan van Rijswijcklaan 159-171,2022-10-20,23:00:00,0,0,0,FMN 04 Jan Van Rijswijcklaan
652,Jan van Rijswijcklaan 159-171,2022-10-21,00:00:00,0,0,0,FMN 04 Jan Van Rijswijcklaan
652,Jan van Rijswijcklaan 159-171,2022-10-21,01:00:00,0,0,0,FMN 04 Jan Van Rijswijcklaan
652,Jan van Rijswijcklaan 159-171,2022-10-21,02:00:00,0,0,0,FMN 04 Jan Van Rijswijcklaan
652,Jan van Rijswijcklaan 159-171,2022-10-21,03:00:00,0,0,0,FMN 04 Jan Van Rijswijcklaan
652,Jan van Rijswijcklaan 159-171,2022-10-21,04:00:00,0,0,0,FMN 04 Jan Van Rijswijcklaan
652,Jan van Rijswijcklaan 159-171,2022-10-21,05:00:00,0,0,0,FMN 04 Jan Van Rijswijcklaan
652,Jan van Rijswijcklaan 159-171,2022-10-21,06:00:00,0,0,0,FMN 04 Jan Van Rijswijcklaan
652,Jan van Rijswijcklaan 159-171,2022-10-21,07:00:00,0,0,0,FMN 04 Jan Van Rijswijcklaan
652,Jan van Rijswijcklaan 159-171,2022-10-21,08:00:00,0,0,0,FMN 04 Jan Van Rijswijcklaan
652,Jan van Rijswijcklaan 159-171,2022-10-21,09:00:00,0,0,0,FMN 04 Jan Van Rijswijcklaan
652,Jan van Rijswijcklaan 159-171,2022-10-21,10:00:00,77,66,11,FMN 04 Jan Van Rijswijcklaan
652,Jan van Rijswijcklaan 159-171,2022-10-21,11:00:00,114,102,12,FMN 04 Jan Van Rijswijcklaan
652,Jan van Rijswijcklaan 159-171,2022-10-21,12:00:00,156,139,17,FMN 04 Jan Van Rijswijcklaan
652,Jan van Rijswijcklaan 159-171,2022-10-21,13:00:00,156,138,18,FMN 04 Jan Van Rijswijcklaan
652,Jan van Rijswijcklaan 159-171,2022-10-21,14:00:00,187,159,28,FMN 04 Jan Van Rijswijcklaan
652,Jan van Rijswijcklaan 159-171,2022-10-21,15:00:00,231,199,32,FMN 04 Jan Van Rijswijcklaan
652,Jan van Rijswijcklaan 159-171,2022-10-21,16:00:00,282,250,32,FMN 04 Jan Van Rijswijcklaan
652,Jan van Rijswijcklaan 159-171,2022-10-21,17:00:00,255,218,37,FMN 04 Jan Van Rijswijcklaan
652,Jan van Rijswijcklaan 159-171,2022-10-21,18:00:00,257,233,24,FMN 04 Jan Van Rijswijcklaan
652,Jan van Rijswijcklaan 159-171,2022-10-21,19:00:00,217,191,26,FMN 04 Jan Van Rijswijcklaan
652,Jan van Rijswijcklaan 159-171,2022-10-21,20:00:00,188,176,12,FMN 04 Jan Van Rijswijcklaan
652,Jan van Rijswijcklaan 159-171,2022-10-21,21:00:00,74,64,10,FMN 04 Jan Van Rijswijcklaan
652,Jan van Rijswijcklaan 159-171,2022-10-21,22:00:00,30,26,4,FMN 04 Jan Van Rijswijcklaan
652,Jan van Rijswijcklaan 159-171,2022-10-21,23:00:00,0,0,0,FMN 04 Jan Van Rijswijcklaan
652,Jan van Rijswijcklaan 159-171,2022-10-22,00:00:00,0,0,0,FMN 04 Jan Van Rijswijcklaan
652,Jan van Rijswijcklaan 159-171,2022-10-22,01:00:00,0,0,0,FMN 04 Jan Van Rijswijcklaan
652,Jan van Rijswijcklaan 159-171,2022-10-22,02:00:00,0,0,0,FMN 04 Jan Van Rijswijcklaan
652,Jan van Rijswijcklaan 159-171,2022-10-22,03:00:00,0,0,0,FMN 04 Jan Van Rijswijcklaan
652,Jan van Rijswijcklaan 159-171,2022-10-22,04:00:00,0,0,0,FMN 04 Jan Van Rijswijcklaan
652,Jan van Rijswijcklaan 159-171,2022-10-22,05:00:00,0,0,0,FMN 04 Jan Van Rijswijcklaan
652,Jan van Rijswijcklaan 159-171,2022-10-22,06:00:00,0,0,0,FMN 04 Jan Van Rijswijcklaan
652,Jan van Rijswijcklaan 159-171,2022-10-22,07:00:00,0,0,0,FMN 04 Jan Van Rijswijcklaan
652,Jan van Rijswijcklaan 159-171,2022-10-22,08:00:00,0,0,0,FMN 04 Jan Van Rijswijcklaan
652,Jan van Rijswijcklaan 159-171,2022-10-22,09:00:00,25,22,3,FMN 04 Jan Van Rijswijcklaan
652,Jan van Rijswijcklaan 159-171,2022-10-22,10:00:00,130,111,19,FMN 04 Jan Van Rijswijcklaan
652,Jan van Rijswijcklaan 159-171,2022-10-22,11:00:00,179,159,20,FMN 04 Jan Van Rijswijcklaan
652,Jan van Rijswijcklaan 159-171,2022-10-22,12:00:00,150,135,15,FMN 04 Jan Van Rijswijcklaan
652,Jan van Rijswijcklaan 159-171,2022-10-22,13:00:00,165,138,27,FMN 04 Jan Van Rijswijcklaan
652,Jan van Rijswijcklaan 159-171,2022-10-22,14:00:00,165,138,27,FMN 04 Jan Van Rijswijcklaan
652,Jan van Rijswijcklaan 159-171,2022-10-22,15:00:00,126,112,14,FMN 04 Jan Van Rijswijcklaan
652,Jan van Rijswijcklaan 159-171,2022-10-22,16:00:00,138,121,17,FMN 04 Jan Van Rijswijcklaan
652,Jan van Rijswijcklaan 159-171,2022-10-22,17:00:00,176,151,25,FMN 04 Jan Van Rijswijcklaan
652,Jan van Rijswijcklaan 159-171,2022-10-22,18:00:00,176,155,21,FMN 04 Jan Van Rijswijcklaan
652,Jan van Rijswijcklaan 159-171,2022-10-22,19:00:00,131,115,16,FMN 04 Jan Van Rijswijcklaan
652,Jan van Rijswijcklaan 159-171,2022-10-22,20:00:00,96,83,13,FMN 04 Jan Van Rijswijcklaan
652,Jan van Rijswijcklaan 159-171,2022-10-22,21:00:00,74,64,10,FMN 04 Jan Van Rijswijcklaan
652,Jan van Rijswijcklaan 159-171,2022-10-22,22:00:00,0,0,0,FMN 04 Jan Van Rijswijcklaan
652,Jan van Rijswijcklaan 159-171,2022-10-22,23:00:00,0,0,0,FMN 04 Jan Van Rijswijcklaan
652,Jan van Rijswijcklaan 159-171,2022-10-23,00:00:00,0,0,0,FMN 04 Jan Van Rijswijcklaan
652,Jan van Rijswijcklaan 159-171,2022-10-23,01:00:00,0,0,0,FMN 04 Jan Van Rijswijcklaan
652,Jan van Rijswijcklaan 159-171,2022-10-23,02:00:00,0,0,0,FMN 04 Jan Van Rijswijcklaan
652,Jan van Rijswijcklaan 159-171,2022-10-23,03:00:00,0,0,0,FMN 04 Jan Van Rijswijcklaan
652,Jan van Rijswijcklaan 159-171,2022-10-23,04:00:00,0,0,0,FMN 04 Jan Van Rijswijcklaan
652,Jan van Rijswijcklaan 159-171,2022-10-23,05:00:00,0,0,0,FMN 04 Jan Van Rijswijcklaan
652,Jan van Rijswijcklaan 159-171,2022-10-23,06:00:00,0,0,0,FMN 04 Jan Van Rijswijcklaan
652,Jan van Rijswijcklaan 159-171,2022-10-23,07:00:00,0,0,0,FMN 04 Jan Van Rijswijcklaan
652,Jan van Rijswijcklaan 159-171,2022-10-23,08:00:00,0,0,0,FMN 04 Jan Van Rijswijcklaan
652,Jan van Rijswijcklaan 159-171,2022-10-23,09:00:00,0,0,0,FMN 04 Jan Van Rijswijcklaan
652,Jan van Rijswijcklaan 159-171,2022-10-23,10:00:00,0,0,0,FMN 04 Jan Van Rijswijcklaan
652,Jan van Rijswijcklaan 159-171,2022-10-23,11:00:00,95,69,26,FMN 04 Jan Van Rijswijcklaan
652,Jan van Rijswijcklaan 159-171,2022-10-23,12:00:00,113,97,16,FMN 04 Jan Van Rijswijcklaan
652,Jan van Rijswijcklaan 159-171,2022-10-23,13:00:00,87,70,17,FMN 04 Jan Van Rijswijcklaan
652,Jan van Rijswijcklaan 159-171,2022-10-23,14:00:00,86,70,16,FMN 04 Jan Van Rijswijcklaan
652,Jan van Rijswijcklaan 159-171,2022-10-23,15:00:00,117,100,17,FMN 04 Jan Van Rijswijcklaan
652,Jan van Rijswijcklaan 159-171,2022-10-23,16:00:00,100,85,15,FMN 04 Jan Van Rijswijcklaan
652,Jan van Rijswijcklaan 159-171,2022-10-23,17:00:00,112,97,15,FMN 04 Jan Van Rijswijcklaan
652,Jan van Rijswijcklaan 159-171,2022-10-23,18:00:00,105,83,22,FMN 04 Jan Van Rijswijcklaan
652,Jan van Rijswijcklaan 159-171,2022-10-23,19:00:00,63,46,17,FMN 04 Jan Van Rijswijcklaan
652,Jan van Rijswijcklaan 159-171,2022-10-23,20:00:00,35,29,6,FMN 04 Jan Van Rijswijcklaan
652,Jan van Rijswijcklaan 159-171,2022-10-23,21:00:00,7,6,1,FMN 04 Jan Van Rijswijcklaan
652,Jan van Rijswijcklaan 159-171,2022-10-23,22:00:00,0,0,0,FMN 04 Jan Van Rijswijcklaan
652,Jan van Rijswijcklaan 159-171,2022-10-23,23:00:00,0,0,0,FMN 04 Jan Van Rijswijcklaan
652,Jan van Rijswijcklaan 159-171,2022-10-24,00:00:00,0,0,0,FMN 04 Jan Van Rijswijcklaan
652,Jan van Rijswijcklaan 159-171,2022-10-24,01:00:00,0,0,0,FMN 04 Jan Van Rijswijcklaan
652,Jan van Rijswijcklaan 159-171,2022-10-24,02:00:00,0,0,0,FMN 04 Jan Van Rijswijcklaan
652,Jan van Rijswijcklaan 159-171,2022-10-24,03:00:00,0,0,0,FMN 04 Jan Van Rijswijcklaan
652,Jan van Rijswijcklaan 159-171,2022-10-24,04:00:00,0,0,0,FMN 04 Jan Van Rijswijcklaan
652,Jan van Rijswijcklaan 159-171,2022-10-24,05:00:00,0,0,0,FMN 04 Jan Van Rijswijcklaan
652,Jan van Rijswijcklaan 159-171,2022-10-24,06:00:00,0,0,0,FMN 04 Jan Van Rijswijcklaan
652,Jan van Rijswijcklaan 159-171,2022-10-24,07:00:00,0,0,0,FMN 04 Jan Van Rijswijcklaan
652,Jan van Rijswijcklaan 159-171,2022-10-24,08:00:00,0,0,0,FMN 04 Jan Van Rijswijcklaan
652,Jan van Rijswijcklaan 159-171,2022-10-24,09:00:00,113,106,7,FMN 04 Jan Van Rijswijcklaan
652,Jan van Rijswijcklaan 159-171,2022-10-24,10:00:00,117,108,9,FMN 04 Jan Van Rijswijcklaan
652,Jan van Rijswijcklaan 159-171,2022-10-24,11:00:00,118,102,16,FMN 04 Jan Van Rijswijcklaan
652,Jan van Rijswijcklaan 159-171,2022-10-24,12:00:00,188,168,20,FMN 04 Jan Van Rijswijcklaan
652,Jan van Rijswijcklaan 159-171,2022-10-24,13:00:00,142,126,16,FMN 04 Jan Van Rijswijcklaan
652,Jan van Rijswijcklaan 159-171,2022-10-24,14:00:00,138,121,17,FMN 04 Jan Van Rijswijcklaan
652,Jan van Rijswijcklaan 159-171,2022-10-24,15:00:00,240,212,28,FMN 04 Jan Van Rijswijcklaan
652,Jan van Rijswijcklaan 159-171,2022-10-24,16:00:00,339,295,44,FMN 04 Jan Van Rijswijcklaan
652,Jan van Rijswijcklaan 159-171,2022-10-24,17:00:00,267,232,35,FMN 04 Jan Van Rijswijcklaan
652,Jan van Rijswijcklaan 159-171,2022-10-24,18:00:00,210,179,31,FMN 04 Jan Van Rijswijcklaan
652,Jan van Rijswijcklaan 159-171,2022-10-24,19:00:00,98,76,22,FMN 04 Jan Van Rijswijcklaan
652,Jan van Rijswijcklaan 159-171,2022-10-24,20:00:00,89,66,23,FMN 04 Jan Van Rijswijcklaan
652,Jan van Rijswijcklaan 159-171,2022-10-24,21:00:00,35,22,13,FMN 04 Jan Van Rijswijcklaan
652,Jan van Rijswijcklaan 159-171,2022-10-24,22:00:00,0,0,0,FMN 04 Jan Van Rijswijcklaan
652,Jan van Rijswijcklaan 159-171,2022-10-24,23:00:00,0,0,0,FMN 04 Jan Van Rijswijcklaan
652,Jan van Rijswijcklaan 159-171,2022-10-25,00:00:00,0,0,0,FMN 04 Jan Van Rijswijcklaan
652,Jan van Rijswijcklaan 159-171,2022-10-25,01:00:00,0,0,0,FMN 04 Jan Van Rijswijcklaan
652,Jan van Rijswijcklaan 159-171,2022-10-25,02:00:00,0,0,0,FMN 04 Jan Van Rijswijcklaan
652,Jan van Rijswijcklaan 159-171,2022-10-25,03:00:00,0,0,0,FMN 04 Jan Van Rijswijcklaan
652,Jan van Rijswijcklaan 159-171,2022-10-25,04:00:00,0,0,0,FMN 04 Jan Van Rijswijcklaan
652,Jan van Rijswijcklaan 159-171,2022-10-25,05:00:00,0,0,0,FMN 04 Jan Van Rijswijcklaan
652,Jan van Rijswijcklaan 159-171,2022-10-25,06:00:00,0,0,0,FMN 04 Jan Van Rijswijcklaan
652,Jan van Rijswijcklaan 159-171,2022-10-25,07:00:00,0,0,0,FMN 04 Jan Van Rijswijcklaan
652,Jan van Rijswijcklaan 159-171,2022-10-25,08:00:00,0,0,0,FMN 04 Jan Van Rijswijcklaan
652,Jan van Rijswijcklaan 159-171,2022-10-25,09:00:00,88,83,5,FMN 04 Jan Van Rijswijcklaan
652,Jan van Rijswijcklaan 159-171,2022-10-25,10:00:00,143,125,18,FMN 04 Jan Van Rijswijcklaan
652,Jan van Rijswijcklaan 159-171,2022-10-25,11:00:00,101,90,11,FMN 04 Jan Van Rijswijcklaan
652,Jan van Rijswijcklaan 159-171,2022-10-25,12:00:00,176,150,26,FMN 04 Jan Van Rijswijcklaan
652,Jan van Rijswijcklaan 159-171,2022-10-25,13:00:00,152,139,13,FMN 04 Jan Van Rijswijcklaan
652,Jan van Rijswijcklaan 159-171,2022-10-25,14:00:00,123,109,14,FMN 04 Jan Van Rijswijcklaan
652,Jan van Rijswijcklaan 159-171,2022-10-25,15:00:00,245,208,37,FMN 04 Jan Van Rijswijcklaan
652,Jan van Rijswijcklaan 159-171,2022-10-25,16:00:00,314,281,33,FMN 04 Jan Van Rijswijcklaan
652,Jan van Rijswijcklaan 159-171,2022-10-25,17:00:00,321,276,45,FMN 04 Jan Van Rijswijcklaan
652,Jan van Rijswijcklaan 159-171,2022-10-25,18:00:00,270,236,34,FMN 04 Jan Van Rijswijcklaan
652,Jan van Rijswijcklaan 159-171,2022-10-25,19:00:00,194,160,34,FMN 04 Jan Van Rijswijcklaan
652,Jan van Rijswijcklaan 159-171,2022-10-25,20:00:00,124,99,25,FMN 04 Jan Van Rijswijcklaan
652,Jan van Rijswijcklaan 159-171,2022-10-25,21:00:00,44,36,8,FMN 04 Jan Van Rijswijcklaan
652,Jan van Rijswijcklaan 159-171,2022-10-25,22:00:00,0,0,0,FMN 04 Jan Van Rijswijcklaan
652,Jan van Rijswijcklaan 159-171,2022-10-25,23:00:00,0,0,0,FMN 04 Jan Van Rijswijcklaan
652,Jan van Rijswijcklaan 159-171,2022-10-26,00:00:00,0,0,0,FMN 04 Jan Van Rijswijcklaan
652,Jan van Rijswijcklaan 159-171,2022-10-26,01:00:00,0,0,0,FMN 04 Jan Van Rijswijcklaan
652,Jan van Rijswijcklaan 159-171,2022-10-26,02:00:00,0,0,0,FMN 04 Jan Van Rijswijcklaan
652,Jan van Rijswijcklaan 159-171,2022-10-26,03:00:00,0,0,0,FMN 04 Jan Van Rijswijcklaan
652,Jan van Rijswijcklaan 159-171,2022-10-26,04:00:00,0,0,0,FMN 04 Jan Van Rijswijcklaan
652,Jan van Rijswijcklaan 159-171,2022-10-26,05:00:00,0,0,0,FMN 04 Jan Van Rijswijcklaan
652,Jan van Rijswijcklaan 159-171,2022-10-26,06:00:00,0,0,0,FMN 04 Jan Van Rijswijcklaan
652,Jan van Rijswijcklaan 159-171,2022-10-26,07:00:00,0,0,0,FMN 04 Jan Van Rijswijcklaan
652,Jan van Rijswijcklaan 159-171,2022-10-26,08:00:00,0,0,0,FMN 04 Jan Van Rijswijcklaan
652,Jan van Rijswijcklaan 159-171,2022-10-26,09:00:00,0,0,0,FMN 04 Jan Van Rijswijcklaan
652,Jan van Rijswijcklaan 159-171,2022-10-26,10:00:00,117,96,21,FMN 04 Jan Van Rijswijcklaan
652,Jan van Rijswijcklaan 159-171,2022-10-26,11:00:00,102,90,12,FMN 04 Jan Van Rijswijcklaan
652,Jan van Rijswijcklaan 159-171,2022-10-26,12:00:00,330,309,21,FMN 04 Jan Van Rijswijcklaan
652,Jan van Rijswijcklaan 159-171,2022-10-26,13:00:00,186,166,20,FMN 04 Jan Van Rijswijcklaan
652,Jan van Rijswijcklaan 159-171,2022-10-26,14:00:00,184,158,26,FMN 04 Jan Van Rijswijcklaan
652,Jan van Rijswijcklaan 159-171,2022-10-26,15:00:00,161,140,21,FMN 04 Jan Van Rijswijcklaan
652,Jan van Rijswijcklaan 159-171,2022-10-26,16:00:00,254,223,31,FMN 04 Jan Van Rijswijcklaan
652,Jan van Rijswijcklaan 159-171,2022-10-26,17:00:00,323,287,36,FMN 04 Jan Van Rijswijcklaan
652,Jan van Rijswijcklaan 159-171,2022-10-26,18:00:00,260,225,35,FMN 04 Jan Van Rijswijcklaan
652,Jan van Rijswijcklaan 159-171,2022-10-26,19:00:00,168,147,21,FMN 04 Jan Van Rijswijcklaan
652,Jan van Rijswijcklaan 159-171,2022-10-26,20:00:00,30,20,10,FMN 04 Jan Van Rijswijcklaan
652,Jan van Rijswijcklaan 159-171,2022-10-26,21:00:00,0,0,0,FMN 04 Jan Van Rijswijcklaan
652,Jan van Rijswijcklaan 159-171,2022-10-26,22:00:00,0,0,0,FMN 04 Jan Van Rijswijcklaan
652,Jan van Rijswijcklaan 159-171,2022-10-26,23:00:00,0,0,0,FMN 04 Jan Van Rijswijcklaan
652,Jan van Rijswijcklaan 159-171,2022-10-27,00:00:00,0,0,0,FMN 04 Jan Van Rijswijcklaan
652,Jan van Rijswijcklaan 159-171,2022-10-27,01:00:00,0,0,0,FMN 04 Jan Van Rijswijcklaan
652,Jan van Rijswijcklaan 159-171,2022-10-27,02:00:00,0,0,0,FMN 04 Jan Van Rijswijcklaan
652,Jan van Rijswijcklaan 159-171,2022-10-27,03:00:00,0,0,0,FMN 04 Jan Van Rijswijcklaan
652,Jan van Rijswijcklaan 159-171,2022-10-27,04:00:00,0,0,0,FMN 04 Jan Van Rijswijcklaan
652,Jan van Rijswijcklaan 159-171,2022-10-27,05:00:00,0,0,0,FMN 04 Jan Van Rijswijcklaan
652,Jan van Rijswijcklaan 159-171,2022-10-27,06:00:00,0,0,0,FMN 04 Jan Van Rijswijcklaan
652,Jan van Rijswijcklaan 159-171,2022-10-27,07:00:00,0,0,0,FMN 04 Jan Van Rijswijcklaan
652,Jan van Rijswijcklaan 159-171,2022-10-27,08:00:00,0,0,0,FMN 04 Jan Van Rijswijcklaan
652,Jan van Rijswijcklaan 159-171,2022-10-27,09:00:00,50,46,4,FMN 04 Jan Van Rijswijcklaan
652,Jan van Rijswijcklaan 159-171,2022-10-27,10:00:00,110,94,16,FMN 04 Jan Van Rijswijcklaan
652,Jan van Rijswijcklaan 159-171,2022-10-27,11:00:00,130,115,15,FMN 04 Jan Van Rijswijcklaan
652,Jan van Rijswijcklaan 159-171,2022-10-27,12:00:00,164,149,15,FMN 04 Jan Van Rijswijcklaan
652,Jan van Rijswijcklaan 159-171,2022-10-27,13:00:00,140,126,14,FMN 04 Jan Van Rijswijcklaan
652,Jan van Rijswijcklaan 159-171,2022-10-27,14:00:00,142,125,17,FMN 04 Jan Van Rijswijcklaan
652,Jan van Rijswijcklaan 159-171,2022-10-27,15:00:00,251,212,39,FMN 04 Jan Van Rijswijcklaan
652,Jan van Rijswijcklaan 159-171,2022-10-27,16:00:00,333,292,41,FMN 04 Jan Van Rijswijcklaan
652,Jan van Rijswijcklaan 159-171,2022-10-27,17:00:00,287,255,32,FMN 04 Jan Van Rijswijcklaan
652,Jan van Rijswijcklaan 159-171,2022-10-27,18:00:00,262,236,26,FMN 04 Jan Van Rijswijcklaan
652,Jan van Rijswijcklaan 159-171,2022-10-27,19:00:00,187,157,30,FMN 04 Jan Van Rijswijcklaan
652,Jan van Rijswijcklaan 159-171,2022-10-27,20:00:00,150,126,24,FMN 04 Jan Van Rijswijcklaan
652,Jan van Rijswijcklaan 159-171,2022-10-27,21:00:00,75,61,14,FMN 04 Jan Van Rijswijcklaan
652,Jan van Rijswijcklaan 159-171,2022-10-27,22:00:00,0,0,0,FMN 04 Jan Van Rijswijcklaan
652,Jan van Rijswijcklaan 159-171,2022-10-27,23:00:00,0,0,0,FMN 04 Jan Van Rijswijcklaan
652,Jan van Rijswijcklaan 159-171,2022-10-28,00:00:00,0,0,0,FMN 04 Jan Van Rijswijcklaan
652,Jan van Rijswijcklaan 159-171,2022-10-28,01:00:00,0,0,0,FMN 04 Jan Van Rijswijcklaan
652,Jan van Rijswijcklaan 159-171,2022-10-28,02:00:00,0,0,0,FMN 04 Jan Van Rijswijcklaan
652,Jan van Rijswijcklaan 159-171,2022-10-28,03:00:00,0,0,0,FMN 04 Jan Van Rijswijcklaan
652,Jan van Rijswijcklaan 159-171,2022-10-28,04:00:00,0,0,0,FMN 04 Jan Van Rijswijcklaan
652,Jan van Rijswijcklaan 159-171,2022-10-28,05:00:00,0,0,0,FMN 04 Jan Van Rijswijcklaan
652,Jan van Rijswijcklaan 159-171,2022-10-28,06:00:00,0,0,0,FMN 04 Jan Van Rijswijcklaan
652,Jan van Rijswijcklaan 159-171,2022-10-28,07:00:00,0,0,0,FMN 04 Jan Van Rijswijcklaan
652,Jan van Rijswijcklaan 159-171,2022-10-28,08:00:00,0,0,0,FMN 04 Jan Van Rijswijcklaan
652,Jan van Rijswijcklaan 159-171,2022-10-28,09:00:00,52,49,3,FMN 04 Jan Van Rijswijcklaan
652,Jan van Rijswijcklaan 159-171,2022-10-28,10:00:00,110,88,22,FMN 04 Jan Van Rijswijcklaan
652,Jan van Rijswijcklaan 159-171,2022-10-28,11:00:00,106,101,5,FMN 04 Jan Van Rijswijcklaan
652,Jan van Rijswijcklaan 159-171,2022-10-28,12:00:00,270,237,33,FMN 04 Jan Van Rijswijcklaan
652,Jan van Rijswijcklaan 159-171,2022-10-28,13:00:00,157,138,19,FMN 04 Jan Van Rijswijcklaan
652,Jan van Rijswijcklaan 159-171,2022-10-28,14:00:00,177,150,27,FMN 04 Jan Van Rijswijcklaan
652,Jan van Rijswijcklaan 159-171,2022-10-28,15:00:00,269,212,57,FMN 04 Jan Van Rijswijcklaan
652,Jan van Rijswijcklaan 159-171,2022-10-28,16:00:00,323,274,49,FMN 04 Jan Van Rijswijcklaan
652,Jan van Rijswijcklaan 159-171,2022-10-28,17:00:00,316,276,40,FMN 04 Jan Van Rijswijcklaan
652,Jan van Rijswijcklaan 159-171,2022-10-28,18:00:00,262,230,32,FMN 04 Jan Van Rijswijcklaan
652,Jan van Rijswijcklaan 159-171,2022-10-28,19:00:00,178,161,17,FMN 04 Jan Van Rijswijcklaan
652,Jan van Rijswijcklaan 159-171,2022-10-28,20:00:00,0,0,0,FMN 04 Jan Van Rijswijcklaan
652,Jan van Rijswijcklaan 159-171,2022-10-28,21:00:00,0,0,0,FMN 04 Jan Van Rijswijcklaan
652,Jan van Rijswijcklaan 159-171,2022-10-28,22:00:00,0,0,0,FMN 04 Jan Van Rijswijcklaan
652,Jan van Rijswijcklaan 159-171,2022-10-28,23:00:00,0,0,0,FMN 04 Jan Van Rijswijcklaan
652,Jan van Rijswijcklaan 159-171,2022-10-29,00:00:00,0,0,0,FMN 04 Jan Van Rijswijcklaan
652,Jan van Rijswijcklaan 159-171,2022-10-29,01:00:00,0,0,0,FMN 04 Jan Van Rijswijcklaan
652,Jan van Rijswijcklaan 159-171,2022-10-29,02:00:00,0,0,0,FMN 04 Jan Van Rijswijcklaan
652,Jan van Rijswijcklaan 159-171,2022-10-29,03:00:00,0,0,0,FMN 04 Jan Van Rijswijcklaan
652,Jan van Rijswijcklaan 159-171,2022-10-29,04:00:00,0,0,0,FMN 04 Jan Van Rijswijcklaan
652,Jan van Rijswijcklaan 159-171,2022-10-29,05:00:00,0,0,0,FMN 04 Jan Van Rijswijcklaan
652,Jan van Rijswijcklaan 159-171,2022-10-29,06:00:00,0,0,0,FMN 04 Jan Van Rijswijcklaan
652,Jan van Rijswijcklaan 159-171,2022-10-29,07:00:00,0,0,0,FMN 04 Jan Van Rijswijcklaan
652,Jan van Rijswijcklaan 159-171,2022-10-29,08:00:00,0,0,0,FMN 04 Jan Van Rijswijcklaan
652,Jan van Rijswijcklaan 159-171,2022-10-29,09:00:00,0,0,0,FMN 04 Jan Van Rijswijcklaan
652,Jan van Rijswijcklaan 159-171,2022-10-29,10:00:00,101,92,9,FMN 04 Jan Van Rijswijcklaan
652,Jan van Rijswijcklaan 159-171,2022-10-29,11:00:00,136,119,17,FMN 04 Jan Van Rijswijcklaan
652,Jan van Rijswijcklaan 159-171,2022-10-29,12:00:00,137,120,17,FMN 04 Jan Van Rijswijcklaan
652,Jan van Rijswijcklaan 159-171,2022-10-29,13:00:00,146,133,13,FMN 04 Jan Van Rijswijcklaan
652,Jan van Rijswijcklaan 159-171,2022-10-29,14:00:00,142,125,17,FMN 04 Jan Van Rijswijcklaan
652,Jan van Rijswijcklaan 159-171,2022-10-29,15:00:00,168,147,21,FMN 04 Jan Van Rijswijcklaan
652,Jan van Rijswijcklaan 159-171,2022-10-29,16:00:00,134,109,25,FMN 04 Jan Van Rijswijcklaan
652,Jan van Rijswijcklaan 159-171,2022-10-29,17:00:00,149,119,30,FMN 04 Jan Van Rijswijcklaan
652,Jan van Rijswijcklaan 159-171,2022-10-29,18:00:00,163,142,21,FMN 04 Jan Van Rijswijcklaan
652,Jan van Rijswijcklaan 159-171,2022-10-29,19:00:00,116,94,22,FMN 04 Jan Van Rijswijcklaan
652,Jan van Rijswijcklaan 159-171,2022-10-29,20:00:00,26,24,2,FMN 04 Jan Van Rijswijcklaan
652,Jan van Rijswijcklaan 159-171,2022-10-29,21:00:00,0,0,0,FMN 04 Jan Van Rijswijcklaan
652,Jan van Rijswijcklaan 159-171,2022-10-29,22:00:00,0,0,0,FMN 04 Jan Van Rijswijcklaan
652,Jan van Rijswijcklaan 159-171,2022-10-29,23:00:00,0,0,0,FMN 04 Jan Van Rijswijcklaan
652,Jan van Rijswijcklaan 159-171,2022-10-30,00:00:00,0,0,0,FMN 04 Jan Van Rijswijcklaan
652,Jan van Rijswijcklaan 159-171,2022-10-30,01:00:00,0,0,0,FMN 04 Jan Van Rijswijcklaan
652,Jan van Rijswijcklaan 159-171,2022-10-30,02:00:00,0,0,0,FMN 04 Jan Van Rijswijcklaan
652,Jan van Rijswijcklaan 159-171,2022-10-30,03:00:00,0,0,0,FMN 04 Jan Van Rijswijcklaan
652,Jan van Rijswijcklaan 159-171,2022-10-30,04:00:00,0,0,0,FMN 04 Jan Van Rijswijcklaan
652,Jan van Rijswijcklaan 159-171,2022-10-30,05:00:00,0,0,0,FMN 04 Jan Van Rijswijcklaan
652,Jan van Rijswijcklaan 159-171,2022-10-30,06:00:00,0,0,0,FMN 04 Jan Van Rijswijcklaan
652,Jan van Rijswijcklaan 159-171,2022-10-30,07:00:00,0,0,0,FMN 04 Jan Van Rijswijcklaan
652,Jan van Rijswijcklaan 159-171,2022-10-30,08:00:00,20,16,4,FMN 04 Jan Van Rijswijcklaan
652,Jan van Rijswijcklaan 159-171,2022-10-30,09:00:00,78,66,12,FMN 04 Jan Van Rijswijcklaan
652,Jan van Rijswijcklaan 159-171,2022-10-30,10:00:00,93,82,11,FMN 04 Jan Van Rijswijcklaan
652,Jan van Rijswijcklaan 159-171,2022-10-30,11:00:00,130,104,26,FMN 04 Jan Van Rijswijcklaan
652,Jan van Rijswijcklaan 159-171,2022-10-30,12:00:00,114,96,18,FMN 04 Jan Van Rijswijcklaan
652,Jan van Rijswijcklaan 159-171,2022-10-30,13:00:00,112,97,15,FMN 04 Jan Van Rijswijcklaan
652,Jan van Rijswijcklaan 159-171,2022-10-30,14:00:00,114,91,23,FMN 04 Jan Van Rijswijcklaan
652,Jan van Rijswijcklaan 159-171,2022-10-30,15:00:00,89,82,7,FMN 04 Jan Van Rijswijcklaan
652,Jan van Rijswijcklaan 159-171,2022-10-30,16:00:00,89,78,11,FMN 04 Jan Van Rijswijcklaan
652,Jan van Rijswijcklaan 159-171,2022-10-30,17:00:00,88,73,15,FMN 04 Jan Van Rijswijcklaan
652,Jan van Rijswijcklaan 159-171,2022-10-30,18:00:00,56,52,4,FMN 04 Jan Van Rijswijcklaan
652,Jan van Rijswijcklaan 159-171,2022-10-30,19:00:00,0,0,0,FMN 04 Jan Van Rijswijcklaan
652,Jan van Rijswijcklaan 159-171,2022-10-30,20:00:00,0,0,0,FMN 04 Jan Van Rijswijcklaan
652,Jan van Rijswijcklaan 159-171,2022-10-30,21:00:00,0,0,0,FMN 04 Jan Van Rijswijcklaan
652,Jan van Rijswijcklaan 159-171,2022-10-30,22:00:00,0,0,0,FMN 04 Jan Van Rijswijcklaan
652,Jan van Rijswijcklaan 159-171,2022-10-30,23:00:00,0,0,0,FMN 04 Jan Van Rijswijcklaan
652,Jan van Rijswijcklaan 159-171,2022-10-31,00:00:00,0,0,0,FMN 04 Jan Van Rijswijcklaan
652,Jan van Rijswijcklaan 159-171,2022-10-31,01:00:00,0,0,0,FMN 04 Jan Van Rijswijcklaan
652,Jan van Rijswijcklaan 159-171,2022-10-31,02:00:00,0,0,0,FMN 04 Jan Van Rijswijcklaan
652,Jan van Rijswijcklaan 159-171,2022-10-31,03:00:00,0,0,0,FMN 04 Jan Van Rijswijcklaan
652,Jan van Rijswijcklaan 159-171,2022-10-31,04:00:00,0,0,0,FMN 04 Jan Van Rijswijcklaan
652,Jan van Rijswijcklaan 159-171,2022-10-31,05:00:00,0,0,0,FMN 04 Jan Van Rijswijcklaan
652,Jan van Rijswijcklaan 159-171,2022-10-31,06:00:00,0,0,0,FMN 04 Jan Van Rijswijcklaan
652,Jan van Rijswijcklaan 159-171,2022-10-31,07:00:00,0,0,0,FMN 04 Jan Van Rijswijcklaan
652,Jan van Rijswijcklaan 159-171,2022-10-31,08:00:00,0,0,0,FMN 04 Jan Van Rijswijcklaan
652,Jan van Rijswijcklaan 159-171,2022-10-31,09:00:00,35,27,8,FMN 04 Jan Van Rijswijcklaan
652,Jan van Rijswijcklaan 159-171,2022-10-31,10:00:00,67,58,9,FMN 04 Jan Van Rijswijcklaan
652,Jan van Rijswijcklaan 159-171,2022-10-31,11:00:00,75,63,12,FMN 04 Jan Van Rijswijcklaan
652,Jan van Rijswijcklaan 159-171,2022-10-31,12:00:00,100,85,15,FMN 04 Jan Van Rijswijcklaan
652,Jan van Rijswijcklaan 159-171,2022-10-31,13:00:00,91,80,11,FMN 04 Jan Van Rijswijcklaan
652,Jan van Rijswijcklaan 159-171,2022-10-31,14:00:00,109,92,17,FMN 04 Jan Van Rijswijcklaan
652,Jan van Rijswijcklaan 159-171,2022-10-31,15:00:00,106,89,17,FMN 04 Jan Van Rijswijcklaan
652,Jan van Rijswijcklaan 159-171,2022-10-31,16:00:00,156,137,19,FMN 04 Jan Van Rijswijcklaan
652,Jan van Rijswijcklaan 159-171,2022-10-31,17:00:00,97,83,14,FMN 04 Jan Van Rijswijcklaan
652,Jan van Rijswijcklaan 159-171,2022-10-31,18:00:00,0,0,0,FMN 04 Jan Van Rijswijcklaan
652,Jan van Rijswijcklaan 159-171,2022-10-31,19:00:00,0,0,0,FMN 04 Jan Van Rijswijcklaan
652,Jan van Rijswijcklaan 159-171,2022-10-31,20:00:00,0,0,0,FMN 04 Jan Van Rijswijcklaan
652,Jan van Rijswijcklaan 159-171,2022-10-31,21:00:00,0,0,0,FMN 04 Jan Van Rijswijcklaan
652,Jan van Rijswijcklaan 159-171,2022-10-31,22:00:00,0,0,0,FMN 04 Jan Van Rijswijcklaan
652,Jan van Rijswijcklaan 159-171,2022-10-31,23:00:00,0,0,0,FMN 04 Jan Van Rijswijcklaan
652,Jan van Rijswijcklaan 159-171,2022-11-01,00:00:00,0,0,0,FMN 04 Jan Van Rijswijcklaan
652,Jan van Rijswijcklaan 159-171,2022-11-01,01:00:00,0,0,0,FMN 04 Jan Van Rijswijcklaan
652,Jan van Rijswijcklaan 159-171,2022-11-01,02:00:00,0,0,0,FMN 04 Jan Van Rijswijcklaan
652,Jan van Rijswijcklaan 159-171,2022-11-01,03:00:00,0,0,0,FMN 04 Jan Van Rijswijcklaan
652,Jan van Rijswijcklaan 159-171,2022-11-01,04:00:00,0,0,0,FMN 04 Jan Van Rijswijcklaan
652,Jan van Rijswijcklaan 159-171,2022-11-01,05:00:00,0,0,0,FMN 04 Jan Van Rijswijcklaan
652,Jan van Rijswijcklaan 159-171,2022-11-01,06:00:00,0,0,0,FMN 04 Jan Van Rijswijcklaan
652,Jan van Rijswijcklaan 159-171,2022-11-01,07:00:00,0,0,0,FMN 04 Jan Van Rijswijcklaan
652,Jan van Rijswijcklaan 159-171,2022-11-01,08:00:00,0,0,0,FMN 04 Jan Van Rijswijcklaan
652,Jan van Rijswijcklaan 159-171,2022-11-01,09:00:00,42,36,6,FMN 04 Jan Van Rijswijcklaan
652,Jan van Rijswijcklaan 159-171,2022-11-01,10:00:00,66,61,5,FMN 04 Jan Van Rijswijcklaan
652,Jan van Rijswijcklaan 159-171,2022-11-01,11:00:00,75,65,10,FMN 04 Jan Van Rijswijcklaan
652,Jan van Rijswijcklaan 159-171,2022-11-01,12:00:00,74,64,10,FMN 04 Jan Van Rijswijcklaan
652,Jan van Rijswijcklaan 159-171,2022-11-01,13:00:00,94,76,18,FMN 04 Jan Van Rijswijcklaan
652,Jan van Rijswijcklaan 159-171,2022-11-01,14:00:00,90,78,12,FMN 04 Jan Van Rijswijcklaan
652,Jan van Rijswijcklaan 159-171,2022-11-01,15:00:00,106,92,14,FMN 04 Jan Van Rijswijcklaan
652,Jan van Rijswijcklaan 159-171,2022-11-01,16:00:00,83,76,7,FMN 04 Jan Van Rijswijcklaan
652,Jan van Rijswijcklaan 159-171,2022-11-01,17:00:00,110,97,13,FMN 04 Jan Van Rijswijcklaan
652,Jan van Rijswijcklaan 159-171,2022-11-01,18:00:00,72,62,10,FMN 04 Jan Van Rijswijcklaan
652,Jan van Rijswijcklaan 159-171,2022-11-01,19:00:00,7,6,1,FMN 04 Jan Van Rijswijcklaan
652,Jan van Rijswijcklaan 159-171,2022-11-01,20:00:00,0,0,0,FMN 04 Jan Van Rijswijcklaan
652,Jan van Rijswijcklaan 159-171,2022-11-01,21:00:00,0,0,0,FMN 04 Jan Van Rijswijcklaan
652,Jan van Rijswijcklaan 159-171,2022-11-01,22:00:00,0,0,0,FMN 04 Jan Van Rijswijcklaan
652,Jan van Rijswijcklaan 159-171,2022-11-01,23:00:00,0,0,0,FMN 04 Jan Van Rijswijcklaan
652,Jan van Rijswijcklaan 159-171,2022-11-02,00:00:00,0,0,0,FMN 04 Jan Van Rijswijcklaan
652,Jan van Rijswijcklaan 159-171,2022-11-02,01:00:00,0,0,0,FMN 04 Jan Van Rijswijcklaan
652,Jan van Rijswijcklaan 159-171,2022-11-02,02:00:00,0,0,0,FMN 04 Jan Van Rijswijcklaan
652,Jan van Rijswijcklaan 159-171,2022-11-02,03:00:00,0,0,0,FMN 04 Jan Van Rijswijcklaan
652,Jan van Rijswijcklaan 159-171,2022-11-02,04:00:00,0,0,0,FMN 04 Jan Van Rijswijcklaan
652,Jan van Rijswijcklaan 159-171,2022-11-02,05:00:00,0,0,0,FMN 04 Jan Van Rijswijcklaan
652,Jan van Rijswijcklaan 159-171,2022-11-02,06:00:00,0,0,0,FMN 04 Jan Van Rijswijcklaan
652,Jan van Rijswijcklaan 159-171,2022-11-02,07:00:00,0,0,0,FMN 04 Jan Van Rijswijcklaan
652,Jan van Rijswijcklaan 159-171,2022-11-02,08:00:00,0,0,0,FMN 04 Jan Van Rijswijcklaan
652,Jan van Rijswijcklaan 159-171,2022-11-02,09:00:00,112,100,12,FMN 04 Jan Van Rijswijcklaan
652,Jan van Rijswijcklaan 159-171,2022-11-02,10:00:00,72,65,7,FMN 04 Jan Van Rijswijcklaan
652,Jan van Rijswijcklaan 159-171,2022-11-02,11:00:00,112,96,16,FMN 04 Jan Van Rijswijcklaan
652,Jan van Rijswijcklaan 159-171,2022-11-02,12:00:00,105,93,12,FMN 04 Jan Van Rijswijcklaan
652,Jan van Rijswijcklaan 159-171,2022-11-02,13:00:00,137,119,18,FMN 04 Jan Van Rijswijcklaan
652,Jan van Rijswijcklaan 159-171,2022-11-02,14:00:00,123,111,12,FMN 04 Jan Van Rijswijcklaan
652,Jan van Rijswijcklaan 159-171,2022-11-02,15:00:00,105,93,12,FMN 04 Jan Van Rijswijcklaan
652,Jan van Rijswijcklaan 159-171,2022-11-02,16:00:00,198,175,23,FMN 04 Jan Van Rijswijcklaan
652,Jan van Rijswijcklaan 159-171,2022-11-02,17:00:00,250,204,46,FMN 04 Jan Van Rijswijcklaan
652,Jan van Rijswijcklaan 159-171,2022-11-02,18:00:00,152,132,20,FMN 04 Jan Van Rijswijcklaan
652,Jan van Rijswijcklaan 159-171,2022-11-02,19:00:00,25,20,5,FMN 04 Jan Van Rijswijcklaan
652,Jan van Rijswijcklaan 159-171,2022-11-02,20:00:00,0,0,0,FMN 04 Jan Van Rijswijcklaan
652,Jan van Rijswijcklaan 159-171,2022-11-02,21:00:00,0,0,0,FMN 04 Jan Van Rijswijcklaan
652,Jan van Rijswijcklaan 159-171,2022-11-02,22:00:00,0,0,0,FMN 04 Jan Van Rijswijcklaan
652,Jan van Rijswijcklaan 159-171,2022-11-02,23:00:00,0,0,0,FMN 04 Jan Van Rijswijcklaan
652,Jan van Rijswijcklaan 159-171,2022-11-03,00:00:00,0,0,0,FMN 04 Jan Van Rijswijcklaan
652,Jan van Rijswijcklaan 159-171,2022-11-03,01:00:00,0,0,0,FMN 04 Jan Van Rijswijcklaan
652,Jan van Rijswijcklaan 159-171,2022-11-03,02:00:00,0,0,0,FMN 04 Jan Van Rijswijcklaan
652,Jan van Rijswijcklaan 159-171,2022-11-03,03:00:00,0,0,0,FMN 04 Jan Van Rijswijcklaan
652,Jan van Rijswijcklaan 159-171,2022-11-03,04:00:00,0,0,0,FMN 04 Jan Van Rijswijcklaan
652,Jan van Rijswijcklaan 159-171,2022-11-03,05:00:00,0,0,0,FMN 04 Jan Van Rijswijcklaan
652,Jan van Rijswijcklaan 159-171,2022-11-03,06:00:00,0,0,0,FMN 04 Jan Van Rijswijcklaan
652,Jan van Rijswijcklaan 159-171,2022-11-03,07:00:00,0,0,0,FMN 04 Jan Van Rijswijcklaan
652,Jan van Rijswijcklaan 159-171,2022-11-03,08:00:00,0,0,0,FMN 04 Jan Van Rijswijcklaan
652,Jan van Rijswijcklaan 159-171,2022-11-03,09:00:00,67,56,11,FMN 04 Jan Van Rijswijcklaan
652,Jan van Rijswijcklaan 159-171,2022-11-03,10:00:00,91,82,9,FMN 04 Jan Van Rijswijcklaan
652,Jan van Rijswijcklaan 159-171,2022-11-03,11:00:00,92,80,12,FMN 04 Jan Van Rijswijcklaan
652,Jan van Rijswijcklaan 159-171,2022-11-03,12:00:00,113,101,12,FMN 04 Jan Van Rijswijcklaan
652,Jan van Rijswijcklaan 159-171,2022-11-03,13:00:00,114,96,18,FMN 04 Jan Van Rijswijcklaan
652,Jan van Rijswijcklaan 159-171,2022-11-03,14:00:00,115,101,14,FMN 04 Jan Van Rijswijcklaan
652,Jan van Rijswijcklaan 159-171,2022-11-03,15:00:00,108,94,14,FMN 04 Jan Van Rijswijcklaan
652,Jan van Rijswijcklaan 159-171,2022-11-03,16:00:00,196,175,21,FMN 04 Jan Van Rijswijcklaan
652,Jan van Rijswijcklaan 159-171,2022-11-03,17:00:00,98,85,13,FMN 04 Jan Van Rijswijcklaan
652,Jan van Rijswijcklaan 159-171,2022-11-03,18:00:00,0,0,0,FMN 04 Jan Van Rijswijcklaan
652,Jan van Rijswijcklaan 159-171,2022-11-03,19:00:00,0,0,0,FMN 04 Jan Van Rijswijcklaan
652,Jan van Rijswijcklaan 159-171,2022-11-03,20:00:00,0,0,0,FMN 04 Jan Van Rijswijcklaan
652,Jan van Rijswijcklaan 159-171,2022-11-03,21:00:00,0,0,0,FMN 04 Jan Van Rijswijcklaan
652,Jan van Rijswijcklaan 159-171,2022-11-03,22:00:00,0,0,0,FMN 04 Jan Van Rijswijcklaan
652,Jan van Rijswijcklaan 159-171,2022-11-03,23:00:00,0,0,0,FMN 04 Jan Van Rijswijcklaan
652,Jan van Rijswijcklaan 159-171,2022-11-04,00:00:00,0,0,0,FMN 04 Jan Van Rijswijcklaan
652,Jan van Rijswijcklaan 159-171,2022-11-04,01:00:00,0,0,0,FMN 04 Jan Van Rijswijcklaan
652,Jan van Rijswijcklaan 159-171,2022-11-04,02:00:00,0,0,0,FMN 04 Jan Van Rijswijcklaan
652,Jan van Rijswijcklaan 159-171,2022-11-04,03:00:00,0,0,0,FMN 04 Jan Van Rijswijcklaan
652,Jan van Rijswijcklaan 159-171,2022-11-04,04:00:00,0,0,0,FMN 04 Jan Van Rijswijcklaan
652,Jan van Rijswijcklaan 159-171,2022-11-04,05:00:00,0,0,0,FMN 04 Jan Van Rijswijcklaan
652,Jan van Rijswijcklaan 159-171,2022-11-04,06:00:00,0,0,0,FMN 04 Jan Van Rijswijcklaan
652,Jan van Rijswijcklaan 159-171,2022-11-04,07:00:00,0,0,0,FMN 04 Jan Van Rijswijcklaan
652,Jan van Rijswijcklaan 159-171,2022-11-04,08:00:00,0,0,0,FMN 04 Jan Van Rijswijcklaan
652,Jan van Rijswijcklaan 159-171,2022-11-04,09:00:00,63,58,5,FMN 04 Jan Van Rijswijcklaan
652,Jan van Rijswijcklaan 159-171,2022-11-04,10:00:00,57,48,9,FMN 04 Jan Van Rijswijcklaan
652,Jan van Rijswijcklaan 159-171,2022-11-04,11:00:00,76,72,4,FMN 04 Jan Van Rijswijcklaan
652,Jan van Rijswijcklaan 159-171,2022-11-04,12:00:00,100,93,7,FMN 04 Jan Van Rijswijcklaan
652,Jan van Rijswijcklaan 159-171,2022-11-04,13:00:00,117,98,19,FMN 04 Jan Van Rijswijcklaan
652,Jan van Rijswijcklaan 159-171,2022-11-04,14:00:00,103,87,16,FMN 04 Jan Van Rijswijcklaan
652,Jan van Rijswijcklaan 159-171,2022-11-04,15:00:00,155,130,25,FMN 04 Jan Van Rijswijcklaan
652,Jan van Rijswijcklaan 159-171,2022-11-04,16:00:00,199,176,23,FMN 04 Jan Van Rijswijcklaan
652,Jan van Rijswijcklaan 159-171,2022-11-04,17:00:00,98,89,9,FMN 04 Jan Van Rijswijcklaan
652,Jan van Rijswijcklaan 159-171,2022-11-04,18:00:00,0,0,0,FMN 04 Jan Van Rijswijcklaan
652,Jan van Rijswijcklaan 159-171,2022-11-04,19:00:00,0,0,0,FMN 04 Jan Van Rijswijcklaan
652,Jan van Rijswijcklaan 159-171,2022-11-04,20:00:00,0,0,0,FMN 04 Jan Van Rijswijcklaan
652,Jan van Rijswijcklaan 159-171,2022-11-04,21:00:00,0,0,0,FMN 04 Jan Van Rijswijcklaan
652,Jan van Rijswijcklaan 159-171,2022-11-04,22:00:00,0,0,0,FMN 04 Jan Van Rijswijcklaan
652,Jan van Rijswijcklaan 159-171,2022-11-04,23:00:00,0,0,0,FMN 04 Jan Van Rijswijcklaan
652,Jan van Rijswijcklaan 159-171,2022-11-05,00:00:00,0,0,0,FMN 04 Jan Van Rijswijcklaan
652,Jan van Rijswijcklaan 159-171,2022-11-05,01:00:00,0,0,0,FMN 04 Jan Van Rijswijcklaan
652,Jan van Rijswijcklaan 159-171,2022-11-05,02:00:00,0,0,0,FMN 04 Jan Van Rijswijcklaan
652,Jan van Rijswijcklaan 159-171,2022-11-05,03:00:00,0,0,0,FMN 04 Jan Van Rijswijcklaan
652,Jan van Rijswijcklaan 159-171,2022-11-05,04:00:00,0,0,0,FMN 04 Jan Van Rijswijcklaan
652,Jan van Rijswijcklaan 159-171,2022-11-05,05:00:00,0,0,0,FMN 04 Jan Van Rijswijcklaan
652,Jan van Rijswijcklaan 159-171,2022-11-05,06:00:00,0,0,0,FMN 04 Jan Van Rijswijcklaan
652,Jan van Rijswijcklaan 159-171,2022-11-05,07:00:00,0,0,0,FMN 04 Jan Van Rijswijcklaan
652,Jan van Rijswijcklaan 159-171,2022-11-05,08:00:00,0,0,0,FMN 04 Jan Van Rijswijcklaan
652,Jan van Rijswijcklaan 159-171,2022-11-05,09:00:00,70,64,6,FMN 04 Jan Van Rijswijcklaan
652,Jan van Rijswijcklaan 159-171,2022-11-05,10:00:00,104,89,15,FMN 04 Jan Van Rijswijcklaan
652,Jan van Rijswijcklaan 159-171,2022-11-05,11:00:00,85,71,14,FMN 04 Jan Van Rijswijcklaan
652,Jan van Rijswijcklaan 159-171,2022-11-05,12:00:00,120,111,9,FMN 04 Jan Van Rijswijcklaan
652,Jan van Rijswijcklaan 159-171,2022-11-05,13:00:00,99,86,13,FMN 04 Jan Van Rijswijcklaan
652,Jan van Rijswijcklaan 159-171,2022-11-05,14:00:00,134,116,18,FMN 04 Jan Van Rijswijcklaan
652,Jan van Rijswijcklaan 159-171,2022-11-05,15:00:00,99,87,12,FMN 04 Jan Van Rijswijcklaan
652,Jan van Rijswijcklaan 159-171,2022-11-05,16:00:00,121,113,8,FMN 04 Jan Van Rijswijcklaan
652,Jan van Rijswijcklaan 159-171,2022-11-05,17:00:00,21,17,4,FMN 04 Jan Van Rijswijcklaan
652,Jan van Rijswijcklaan 159-171,2022-11-05,18:00:00,0,0,0,FMN 04 Jan Van Rijswijcklaan
652,Jan van Rijswijcklaan 159-171,2022-11-05,19:00:00,0,0,0,FMN 04 Jan Van Rijswijcklaan
652,Jan van Rijswijcklaan 159-171,2022-11-05,20:00:00,0,0,0,FMN 04 Jan Van Rijswijcklaan
652,Jan van Rijswijcklaan 159-171,2022-11-05,21:00:00,0,0,0,FMN 04 Jan Van Rijswijcklaan
652,Jan van Rijswijcklaan 159-171,2022-11-05,22:00:00,0,0,0,FMN 04 Jan Van Rijswijcklaan
652,Jan van Rijswijcklaan 159-171,2022-11-05,23:00:00,0,0,0,FMN 04 Jan Van Rijswijcklaan
652,Jan van Rijswijcklaan 159-171,2022-11-06,00:00:00,0,0,0,FMN 04 Jan Van Rijswijcklaan
652,Jan van Rijswijcklaan 159-171,2022-11-06,01:00:00,0,0,0,FMN 04 Jan Van Rijswijcklaan
652,Jan van Rijswijcklaan 159-171,2022-11-06,02:00:00,0,0,0,FMN 04 Jan Van Rijswijcklaan
652,Jan van Rijswijcklaan 159-171,2022-11-06,03:00:00,0,0,0,FMN 04 Jan Van Rijswijcklaan
652,Jan van Rijswijcklaan 159-171,2022-11-06,04:00:00,0,0,0,FMN 04 Jan Van Rijswijcklaan
652,Jan van Rijswijcklaan 159-171,2022-11-06,05:00:00,0,0,0,FMN 04 Jan Van Rijswijcklaan
652,Jan van Rijswijcklaan 159-171,2022-11-06,06:00:00,0,0,0,FMN 04 Jan Van Rijswijcklaan
652,Jan van Rijswijcklaan 159-171,2022-11-06,07:00:00,0,0,0,FMN 04 Jan Van Rijswijcklaan
652,Jan van Rijswijcklaan 159-171,2022-11-06,08:00:00,13,12,1,FMN 04 Jan Van Rijswijcklaan
652,Jan van Rijswijcklaan 159-171,2022-11-06,09:00:00,68,59,9,FMN 04 Jan Van Rijswijcklaan
652,Jan van Rijswijcklaan 159-171,2022-11-06,10:00:00,96,80,16,FMN 04 Jan Van Rijswijcklaan
652,Jan van Rijswijcklaan 159-171,2022-11-06,11:00:00,71,58,13,FMN 04 Jan Van Rijswijcklaan
652,Jan van Rijswijcklaan 159-171,2022-11-06,12:00:00,75,60,15,FMN 04 Jan Van Rijswijcklaan
652,Jan van Rijswijcklaan 159-171,2022-11-06,13:00:00,75,56,19,FMN 04 Jan Van Rijswijcklaan
652,Jan van Rijswijcklaan 159-171,2022-11-06,14:00:00,45,36,9,FMN 04 Jan Van Rijswijcklaan
652,Jan van Rijswijcklaan 159-171,2022-11-06,15:00:00,40,36,4,FMN 04 Jan Van Rijswijcklaan
652,Jan van Rijswijcklaan 159-171,2022-11-06,16:00:00,29,23,6,FMN 04 Jan Van Rijswijcklaan
652,Jan van Rijswijcklaan 159-171,2022-11-06,17:00:00,0,0,0,FMN 04 Jan Van Rijswijcklaan
652,Jan van Rijswijcklaan 159-171,2022-11-06,18:00:00,0,0,0,FMN 04 Jan Van Rijswijcklaan
652,Jan van Rijswijcklaan 159-171,2022-11-06,19:00:00,0,0,0,FMN 04 Jan Van Rijswijcklaan
652,Jan van Rijswijcklaan 159-171,2022-11-06,20:00:00,0,0,0,FMN 04 Jan Van Rijswijcklaan
652,Jan van Rijswijcklaan 159-171,2022-11-06,21:00:00,0,0,0,FMN 04 Jan Van Rijswijcklaan
652,Jan van Rijswijcklaan 159-171,2022-11-06,22:00:00,0,0,0,FMN 04 Jan Van Rijswijcklaan
652,Jan van Rijswijcklaan 159-171,2022-11-06,23:00:00,0,0,0,FMN 04 Jan Van Rijswijcklaan
652,Jan van Rijswijcklaan 159-171,2022-11-07,00:00:00,0,0,0,FMN 04 Jan Van Rijswijcklaan
652,Jan van Rijswijcklaan 159-171,2022-11-07,01:00:00,0,0,0,FMN 04 Jan Van Rijswijcklaan
652,Jan van Rijswijcklaan 159-171,2022-11-07,02:00:00,0,0,0,FMN 04 Jan Van Rijswijcklaan
652,Jan van Rijswijcklaan 159-171,2022-11-07,03:00:00,0,0,0,FMN 04 Jan Van Rijswijcklaan
652,Jan van Rijswijcklaan 159-171,2022-11-07,04:00:00,0,0,0,FMN 04 Jan Van Rijswijcklaan
652,Jan van Rijswijcklaan 159-171,2022-11-07,05:00:00,0,0,0,FMN 04 Jan Van Rijswijcklaan
652,Jan van Rijswijcklaan 159-171,2022-11-07,06:00:00,0,0,0,FMN 04 Jan Van Rijswijcklaan
652,Jan van Rijswijcklaan 159-171,2022-11-07,07:00:00,0,0,0,FMN 04 Jan Van Rijswijcklaan
652,Jan van Rijswijcklaan 159-171,2022-11-07,08:00:00,0,0,0,FMN 04 Jan Van Rijswijcklaan
652,Jan van Rijswijcklaan 159-171,2022-11-07,09:00:00,4,4,0,FMN 04 Jan Van Rijswijcklaan
652,Jan van Rijswijcklaan 159-171,2022-11-07,10:00:00,105,99,6,FMN 04 Jan Van Rijswijcklaan
652,Jan van Rijswijcklaan 159-171,2022-11-07,11:00:00,83,77,6,FMN 04 Jan Van Rijswijcklaan
652,Jan van Rijswijcklaan 159-171,2022-11-07,12:00:00,132,118,14,FMN 04 Jan Van Rijswijcklaan
652,Jan van Rijswijcklaan 159-171,2022-11-07,13:00:00,137,123,14,FMN 04 Jan Van Rijswijcklaan
652,Jan van Rijswijcklaan 159-171,2022-11-07,14:00:00,101,89,12,FMN 04 Jan Van Rijswijcklaan
652,Jan van Rijswijcklaan 159-171,2022-11-07,15:00:00,215,193,22,FMN 04 Jan Van Rijswijcklaan
652,Jan van Rijswijcklaan 159-171,2022-11-07,16:00:00,292,243,49,FMN 04 Jan Van Rijswijcklaan
652,Jan van Rijswijcklaan 159-171,2022-11-07,17:00:00,249,211,38,FMN 04 Jan Van Rijswijcklaan
652,Jan van Rijswijcklaan 159-171,2022-11-07,18:00:00,9,8,1,FMN 04 Jan Van Rijswijcklaan
652,Jan van Rijswijcklaan 159-171,2022-11-07,19:00:00,0,0,0,FMN 04 Jan Van Rijswijcklaan
652,Jan van Rijswijcklaan 159-171,2022-11-07,20:00:00,0,0,0,FMN 04 Jan Van Rijswijcklaan
652,Jan van Rijswijcklaan 159-171,2022-11-07,21:00:00,0,0,0,FMN 04 Jan Van Rijswijcklaan
652,Jan van Rijswijcklaan 159-171,2022-11-07,22:00:00,0,0,0,FMN 04 Jan Van Rijswijcklaan
652,Jan van Rijswijcklaan 159-171,2022-11-07,23:00:00,0,0,0,FMN 04 Jan Van Rijswijcklaan
652,Jan van Rijswijcklaan 159-171,2022-11-08,00:00:00,0,0,0,FMN 04 Jan Van Rijswijcklaan
652,Jan van Rijswijcklaan 159-171,2022-11-08,01:00:00,0,0,0,FMN 04 Jan Van Rijswijcklaan
652,Jan van Rijswijcklaan 159-171,2022-11-08,02:00:00,0,0,0,FMN 04 Jan Van Rijswijcklaan
652,Jan van Rijswijcklaan 159-171,2022-11-08,03:00:00,0,0,0,FMN 04 Jan Van Rijswijcklaan
652,Jan van Rijswijcklaan 159-171,2022-11-08,04:00:00,0,0,0,FMN 04 Jan Van Rijswijcklaan
652,Jan van Rijswijcklaan 159-171,2022-11-08,05:00:00,0,0,0,FMN 04 Jan Van Rijswijcklaan
652,Jan van Rijswijcklaan 159-171,2022-11-08,06:00:00,0,0,0,FMN 04 Jan Van Rijswijcklaan
652,Jan van Rijswijcklaan 159-171,2022-11-08,07:00:00,0,0,0,FMN 04 Jan Van Rijswijcklaan
652,Jan van Rijswijcklaan 159-171,2022-11-08,08:00:00,2,0,2,FMN 04 Jan Van Rijswijcklaan
652,Jan van Rijswijcklaan 159-171,2022-11-08,09:00:00,128,116,12,FMN 04 Jan Van Rijswijcklaan
652,Jan van Rijswijcklaan 159-171,2022-11-08,10:00:00,117,95,22,FMN 04 Jan Van Rijswijcklaan
652,Jan van Rijswijcklaan 159-171,2022-11-08,11:00:00,107,95,12,FMN 04 Jan Van Rijswijcklaan
652,Jan van Rijswijcklaan 159-171,2022-11-08,12:00:00,161,139,22,FMN 04 Jan Van Rijswijcklaan
652,Jan van Rijswijcklaan 159-171,2022-11-08,13:00:00,155,132,23,FMN 04 Jan Van Rijswijcklaan
652,Jan van Rijswijcklaan 159-171,2022-11-08,14:00:00,134,120,14,FMN 04 Jan Van Rijswijcklaan
652,Jan van Rijswijcklaan 159-171,2022-11-08,15:00:00,230,200,30,FMN 04 Jan Van Rijswijcklaan
652,Jan van Rijswijcklaan 159-171,2022-11-08,16:00:00,337,301,36,FMN 04 Jan Van Rijswijcklaan
652,Jan van Rijswijcklaan 159-171,2022-11-08,17:00:00,317,268,49,FMN 04 Jan Van Rijswijcklaan
652,Jan van Rijswijcklaan 159-171,2022-11-08,18:00:00,225,202,23,FMN 04 Jan Van Rijswijcklaan
652,Jan van Rijswijcklaan 159-171,2022-11-08,19:00:00,59,53,6,FMN 04 Jan Van Rijswijcklaan
652,Jan van Rijswijcklaan 159-171,2022-11-08,20:00:00,0,0,0,FMN 04 Jan Van Rijswijcklaan
652,Jan van Rijswijcklaan 159-171,2022-11-08,21:00:00,0,0,0,FMN 04 Jan Van Rijswijcklaan
652,Jan van Rijswijcklaan 159-171,2022-11-08,22:00:00,0,0,0,FMN 04 Jan Van Rijswijcklaan
652,Jan van Rijswijcklaan 159-171,2022-11-08,23:00:00,0,0,0,FMN 04 Jan Van Rijswijcklaan
652,Jan van Rijswijcklaan 159-171,2022-11-09,00:00:00,0,0,0,FMN 04 Jan Van Rijswijcklaan
652,Jan van Rijswijcklaan 159-171,2022-11-09,01:00:00,0,0,0,FMN 04 Jan Van Rijswijcklaan
652,Jan van Rijswijcklaan 159-171,2022-11-09,02:00:00,0,0,0,FMN 04 Jan Van Rijswijcklaan
652,Jan van Rijswijcklaan 159-171,2022-11-09,03:00:00,0,0,0,FMN 04 Jan Van Rijswijcklaan
652,Jan van Rijswijcklaan 159-171,2022-11-09,04:00:00,0,0,0,FMN 04 Jan Van Rijswijcklaan
652,Jan van Rijswijcklaan 159-171,2022-11-09,05:00:00,0,0,0,FMN 04 Jan Van Rijswijcklaan
652,Jan van Rijswijcklaan 159-171,2022-11-09,06:00:00,0,0,0,FMN 04 Jan Van Rijswijcklaan
652,Jan van Rijswijcklaan 159-171,2022-11-09,07:00:00,0,0,0,FMN 04 Jan Van Rijswijcklaan
652,Jan van Rijswijcklaan 159-171,2022-11-09,08:00:00,0,0,0,FMN 04 Jan Van Rijswijcklaan
652,Jan van Rijswijcklaan 159-171,2022-11-09,09:00:00,94,82,12,FMN 04 Jan Van Rijswijcklaan
652,Jan van Rijswijcklaan 159-171,2022-11-09,10:00:00,142,120,22,FMN 04 Jan Van Rijswijcklaan
652,Jan van Rijswijcklaan 159-171,2022-11-09,11:00:00,139,121,18,FMN 04 Jan Van Rijswijcklaan
652,Jan van Rijswijcklaan 159-171,2022-11-09,12:00:00,305,277,28,FMN 04 Jan Van Rijswijcklaan
652,Jan van Rijswijcklaan 159-171,2022-11-09,13:00:00,148,125,23,FMN 04 Jan Van Rijswijcklaan
652,Jan van Rijswijcklaan 159-171,2022-11-09,14:00:00,143,117,26,FMN 04 Jan Van Rijswijcklaan
652,Jan van Rijswijcklaan 159-171,2022-11-09,15:00:00,182,159,23,FMN 04 Jan Van Rijswijcklaan
652,Jan van Rijswijcklaan 159-171,2022-11-09,16:00:00,252,221,31,FMN 04 Jan Van Rijswijcklaan
652,Jan van Rijswijcklaan 159-171,2022-11-09,17:00:00,332,301,31,FMN 04 Jan Van Rijswijcklaan
652,Jan van Rijswijcklaan 159-171,2022-11-09,18:00:00,252,222,30,FMN 04 Jan Van Rijswijcklaan
652,Jan van Rijswijcklaan 159-171,2022-11-09,19:00:00,61,48,13,FMN 04 Jan Van Rijswijcklaan
652,Jan van Rijswijcklaan 159-171,2022-11-09,20:00:00,0,0,0,FMN 04 Jan Van Rijswijcklaan
652,Jan van Rijswijcklaan 159-171,2022-11-09,21:00:00,0,0,0,FMN 04 Jan Van Rijswijcklaan
652,Jan van Rijswijcklaan 159-171,2022-11-09,22:00:00,0,0,0,FMN 04 Jan Van Rijswijcklaan
652,Jan van Rijswijcklaan 159-171,2022-11-09,23:00:00,0,0,0,FMN 04 Jan Van Rijswijcklaan
652,Jan van Rijswijcklaan 159-171,2022-11-10,00:00:00,0,0,0,FMN 04 Jan Van Rijswijcklaan
652,Jan van Rijswijcklaan 159-171,2022-11-10,01:00:00,0,0,0,FMN 04 Jan Van Rijswijcklaan
652,Jan van Rijswijcklaan 159-171,2022-11-10,02:00:00,0,0,0,FMN 04 Jan Van Rijswijcklaan
652,Jan van Rijswijcklaan 159-171,2022-11-10,03:00:00,0,0,0,FMN 04 Jan Van Rijswijcklaan
652,Jan van Rijswijcklaan 159-171,2022-11-10,04:00:00,0,0,0,FMN 04 Jan Van Rijswijcklaan
652,Jan van Rijswijcklaan 159-171,2022-11-10,05:00:00,0,0,0,FMN 04 Jan Van Rijswijcklaan
652,Jan van Rijswijcklaan 159-171,2022-11-10,06:00:00,0,0,0,FMN 04 Jan Van Rijswijcklaan
652,Jan van Rijswijcklaan 159-171,2022-11-10,07:00:00,0,0,0,FMN 04 Jan Van Rijswijcklaan
652,Jan van Rijswijcklaan 159-171,2022-11-10,08:00:00,0,0,0,FMN 04 Jan Van Rijswijcklaan
652,Jan van Rijswijcklaan 159-171,2022-11-10,09:00:00,101,90,11,FMN 04 Jan Van Rijswijcklaan
652,Jan van Rijswijcklaan 159-171,2022-11-10,10:00:00,164,120,44,FMN 04 Jan Van Rijswijcklaan
652,Jan van Rijswijcklaan 159-171,2022-11-10,11:00:00,133,120,13,FMN 04 Jan Van Rijswijcklaan
652,Jan van Rijswijcklaan 159-171,2022-11-10,12:00:00,176,160,16,FMN 04 Jan Van Rijswijcklaan
652,Jan van Rijswijcklaan 159-171,2022-11-10,13:00:00,169,157,12,FMN 04 Jan Van Rijswijcklaan
652,Jan van Rijswijcklaan 159-171,2022-11-10,14:00:00,150,138,12,FMN 04 Jan Van Rijswijcklaan
652,Jan van Rijswijcklaan 159-171,2022-11-10,15:00:00,223,189,34,FMN 04 Jan Van Rijswijcklaan
652,Jan van Rijswijcklaan 159-171,2022-11-10,16:00:00,294,259,35,FMN 04 Jan Van Rijswijcklaan
652,Jan van Rijswijcklaan 159-171,2022-11-10,17:00:00,275,240,35,FMN 04 Jan Van Rijswijcklaan
652,Jan van Rijswijcklaan 159-171,2022-11-10,18:00:00,219,187,32,FMN 04 Jan Van Rijswijcklaan
652,Jan van Rijswijcklaan 159-171,2022-11-10,19:00:00,81,68,13,FMN 04 Jan Van Rijswijcklaan
652,Jan van Rijswijcklaan 159-171,2022-11-10,20:00:00,0,0,0,FMN 04 Jan Van Rijswijcklaan
652,Jan van Rijswijcklaan 159-171,2022-11-10,21:00:00,0,0,0,FMN 04 Jan Van Rijswijcklaan
652,Jan van Rijswijcklaan 159-171,2022-11-10,22:00:00,0,0,0,FMN 04 Jan Van Rijswijcklaan
652,Jan van Rijswijcklaan 159-171,2022-11-10,23:00:00,0,0,0,FMN 04 Jan Van Rijswijcklaan
652,Jan van Rijswijcklaan 159-171,2022-11-11,00:00:00,0,0,0,FMN 04 Jan Van Rijswijcklaan
652,Jan van Rijswijcklaan 159-171,2022-11-11,01:00:00,0,0,0,FMN 04 Jan Van Rijswijcklaan
652,Jan van Rijswijcklaan 159-171,2022-11-11,02:00:00,0,0,0,FMN 04 Jan Van Rijswijcklaan
652,Jan van Rijswijcklaan 159-171,2022-11-11,03:00:00,0,0,0,FMN 04 Jan Van Rijswijcklaan
652,Jan van Rijswijcklaan 159-171,2022-11-11,04:00:00,0,0,0,FMN 04 Jan Van Rijswijcklaan
652,Jan van Rijswijcklaan 159-171,2022-11-11,05:00:00,0,0,0,FMN 04 Jan Van Rijswijcklaan
652,Jan van Rijswijcklaan 159-171,2022-11-11,06:00:00,0,0,0,FMN 04 Jan Van Rijswijcklaan
652,Jan van Rijswijcklaan 159-171,2022-11-11,07:00:00,0,0,0,FMN 04 Jan Van Rijswijcklaan
652,Jan van Rijswijcklaan 159-171,2022-11-11,08:00:00,0,0,0,FMN 04 Jan Van Rijswijcklaan
652,Jan van Rijswijcklaan 159-171,2022-11-11,09:00:00,14,11,3,FMN 04 Jan Van Rijswijcklaan
652,Jan van Rijswijcklaan 159-171,2022-11-11,10:00:00,79,61,18,FMN 04 Jan Van Rijswijcklaan
652,Jan van Rijswijcklaan 159-171,2022-11-11,11:00:00,99,82,17,FMN 04 Jan Van Rijswijcklaan
652,Jan van Rijswijcklaan 159-171,2022-11-11,12:00:00,78,67,11,FMN 04 Jan Van Rijswijcklaan
652,Jan van Rijswijcklaan 159-171,2022-11-11,13:00:00,105,87,18,FMN 04 Jan Van Rijswijcklaan
652,Jan van Rijswijcklaan 159-171,2022-11-11,14:00:00,129,113,16,FMN 04 Jan Van Rijswijcklaan
652,Jan van Rijswijcklaan 159-171,2022-11-11,15:00:00,115,101,14,FMN 04 Jan Van Rijswijcklaan
652,Jan van Rijswijcklaan 159-171,2022-11-11,16:00:00,120,107,13,FMN 04 Jan Van Rijswijcklaan
652,Jan van Rijswijcklaan 159-171,2022-11-11,17:00:00,121,99,22,FMN 04 Jan Van Rijswijcklaan
652,Jan van Rijswijcklaan 159-171,2022-11-11,18:00:00,119,95,24,FMN 04 Jan Van Rijswijcklaan
652,Jan van Rijswijcklaan 159-171,2022-11-11,19:00:00,90,73,17,FMN 04 Jan Van Rijswijcklaan
652,Jan van Rijswijcklaan 159-171,2022-11-11,20:00:00,0,0,0,FMN 04 Jan Van Rijswijcklaan
652,Jan van Rijswijcklaan 159-171,2022-11-11,21:00:00,0,0,0,FMN 04 Jan Van Rijswijcklaan
652,Jan van Rijswijcklaan 159-171,2022-11-11,22:00:00,0,0,0,FMN 04 Jan Van Rijswijcklaan
652,Jan van Rijswijcklaan 159-171,2022-11-11,23:00:00,0,0,0,FMN 04 Jan Van Rijswijcklaan
652,Jan van Rijswijcklaan 159-171,2022-11-12,00:00:00,0,0,0,FMN 04 Jan Van Rijswijcklaan
652,Jan van Rijswijcklaan 159-171,2022-11-12,01:00:00,0,0,0,FMN 04 Jan Van Rijswijcklaan
652,Jan van Rijswijcklaan 159-171,2022-11-12,02:00:00,0,0,0,FMN 04 Jan Van Rijswijcklaan
652,Jan van Rijswijcklaan 159-171,2022-11-12,03:00:00,0,0,0,FMN 04 Jan Van Rijswijcklaan
652,Jan van Rijswijcklaan 159-171,2022-11-12,04:00:00,0,0,0,FMN 04 Jan Van Rijswijcklaan
652,Jan van Rijswijcklaan 159-171,2022-11-12,05:00:00,0,0,0,FMN 04 Jan Van Rijswijcklaan
652,Jan van Rijswijcklaan 159-171,2022-11-12,06:00:00,0,0,0,FMN 04 Jan Van Rijswijcklaan
652,Jan van Rijswijcklaan 159-171,2022-11-12,07:00:00,0,0,0,FMN 04 Jan Van Rijswijcklaan
652,Jan van Rijswijcklaan 159-171,2022-11-12,08:00:00,0,0,0,FMN 04 Jan Van Rijswijcklaan
652,Jan van Rijswijcklaan 159-171,2022-11-12,09:00:00,77,64,13,FMN 04 Jan Van Rijswijcklaan
652,Jan van Rijswijcklaan 159-171,2022-11-12,10:00:00,113,101,12,FMN 04 Jan Van Rijswijcklaan
652,Jan van Rijswijcklaan 159-171,2022-11-12,11:00:00,155,134,21,FMN 04 Jan Van Rijswijcklaan
652,Jan van Rijswijcklaan 159-171,2022-11-12,12:00:00,180,159,21,FMN 04 Jan Van Rijswijcklaan
652,Jan van Rijswijcklaan 159-171,2022-11-12,13:00:00,173,146,27,FMN 04 Jan Van Rijswijcklaan
652,Jan van Rijswijcklaan 159-171,2022-11-12,14:00:00,191,174,17,FMN 04 Jan Van Rijswijcklaan
652,Jan van Rijswijcklaan 159-171,2022-11-12,15:00:00,154,136,18,FMN 04 Jan Van Rijswijcklaan
652,Jan van Rijswijcklaan 159-171,2022-11-12,16:00:00,127,111,16,FMN 04 Jan Van Rijswijcklaan
652,Jan van Rijswijcklaan 159-171,2022-11-12,17:00:00,147,123,24,FMN 04 Jan Van Rijswijcklaan
652,Jan van Rijswijcklaan 159-171,2022-11-12,18:00:00,99,87,12,FMN 04 Jan Van Rijswijcklaan
652,Jan van Rijswijcklaan 159-171,2022-11-12,19:00:00,47,40,7,FMN 04 Jan Van Rijswijcklaan
652,Jan van Rijswijcklaan 159-171,2022-11-12,20:00:00,0,0,0,FMN 04 Jan Van Rijswijcklaan
652,Jan van Rijswijcklaan 159-171,2022-11-12,21:00:00,0,0,0,FMN 04 Jan Van Rijswijcklaan
652,Jan van Rijswijcklaan 159-171,2022-11-12,22:00:00,0,0,0,FMN 04 Jan Van Rijswijcklaan
652,Jan van Rijswijcklaan 159-171,2022-11-12,23:00:00,0,0,0,FMN 04 Jan Van Rijswijcklaan
652,Jan van Rijswijcklaan 159-171,2022-11-13,00:00:00,0,0,0,FMN 04 Jan Van Rijswijcklaan
652,Jan van Rijswijcklaan 159-171,2022-11-13,01:00:00,0,0,0,FMN 04 Jan Van Rijswijcklaan
652,Jan van Rijswijcklaan 159-171,2022-11-13,02:00:00,0,0,0,FMN 04 Jan Van Rijswijcklaan
652,Jan van Rijswijcklaan 159-171,2022-11-13,03:00:00,0,0,0,FMN 04 Jan Van Rijswijcklaan
652,Jan van Rijswijcklaan 159-171,2022-11-13,04:00:00,0,0,0,FMN 04 Jan Van Rijswijcklaan
652,Jan van Rijswijcklaan 159-171,2022-11-13,05:00:00,0,0,0,FMN 04 Jan Van Rijswijcklaan
652,Jan van Rijswijcklaan 159-171,2022-11-13,06:00:00,0,0,0,FMN 04 Jan Van Rijswijcklaan
652,Jan van Rijswijcklaan 159-171,2022-11-13,07:00:00,0,0,0,FMN 04 Jan Van Rijswijcklaan
652,Jan van Rijswijcklaan 159-171,2022-11-13,08:00:00,0,0,0,FMN 04 Jan Van Rijswijcklaan
652,Jan van Rijswijcklaan 159-171,2022-11-13,09:00:00,50,43,7,FMN 04 Jan Van Rijswijcklaan
652,Jan van Rijswijcklaan 159-171,2022-11-13,10:00:00,91,77,14,FMN 04 Jan Van Rijswijcklaan
652,Jan van Rijswijcklaan 159-171,2022-11-13,11:00:00,123,99,24,FMN 04 Jan Van Rijswijcklaan
652,Jan van Rijswijcklaan 159-171,2022-11-13,12:00:00,127,104,23,FMN 04 Jan Van Rijswijcklaan
652,Jan van Rijswijcklaan 159-171,2022-11-13,13:00:00,132,111,21,FMN 04 Jan Van Rijswijcklaan
652,Jan van Rijswijcklaan 159-171,2022-11-13,14:00:00,119,96,23,FMN 04 Jan Van Rijswijcklaan
652,Jan van Rijswijcklaan 159-171,2022-11-13,15:00:00,119,100,19,FMN 04 Jan Van Rijswijcklaan
652,Jan van Rijswijcklaan 159-171,2022-11-13,16:00:00,141,112,29,FMN 04 Jan Van Rijswijcklaan
652,Jan van Rijswijcklaan 159-171,2022-11-13,17:00:00,128,104,24,FMN 04 Jan Van Rijswijcklaan
652,Jan van Rijswijcklaan 159-171,2022-11-13,18:00:00,78,60,18,FMN 04 Jan Van Rijswijcklaan
652,Jan van Rijswijcklaan 159-171,2022-11-13,19:00:00,39,27,12,FMN 04 Jan Van Rijswijcklaan
652,Jan van Rijswijcklaan 159-171,2022-11-13,20:00:00,0,0,0,FMN 04 Jan Van Rijswijcklaan
652,Jan van Rijswijcklaan 159-171,2022-11-13,21:00:00,0,0,0,FMN 04 Jan Van Rijswijcklaan
652,Jan van Rijswijcklaan 159-171,2022-11-13,22:00:00,0,0,0,FMN 04 Jan Van Rijswijcklaan
652,Jan van Rijswijcklaan 159-171,2022-11-13,23:00:00,0,0,0,FMN 04 Jan Van Rijswijcklaan
652,Jan van Rijswijcklaan 159-171,2022-11-14,00:00:00,0,0,0,FMN 04 Jan Van Rijswijcklaan
652,Jan van Rijswijcklaan 159-171,2022-11-14,01:00:00,0,0,0,FMN 04 Jan Van Rijswijcklaan
652,Jan van Rijswijcklaan 159-171,2022-11-14,02:00:00,0,0,0,FMN 04 Jan Van Rijswijcklaan
652,Jan van Rijswijcklaan 159-171,2022-11-14,03:00:00,0,0,0,FMN 04 Jan Van Rijswijcklaan
652,Jan van Rijswijcklaan 159-171,2022-11-14,04:00:00,0,0,0,FMN 04 Jan Van Rijswijcklaan
652,Jan van Rijswijcklaan 159-171,2022-11-14,05:00:00,0,0,0,FMN 04 Jan Van Rijswijcklaan
652,Jan van Rijswijcklaan 159-171,2022-11-14,06:00:00,0,0,0,FMN 04 Jan Van Rijswijcklaan
652,Jan van Rijswijcklaan 159-171,2022-11-14,07:00:00,0,0,0,FMN 04 Jan Van Rijswijcklaan
652,Jan van Rijswijcklaan 159-171,2022-11-14,08:00:00,0,0,0,FMN 04 Jan Van Rijswijcklaan
652,Jan van Rijswijcklaan 159-171,2022-11-14,09:00:00,79,75,4,FMN 04 Jan Van Rijswijcklaan
652,Jan van Rijswijcklaan 159-171,2022-11-14,10:00:00,110,93,17,FMN 04 Jan Van Rijswijcklaan
652,Jan van Rijswijcklaan 159-171,2022-11-14,11:00:00,103,96,7,FMN 04 Jan Van Rijswijcklaan
652,Jan van Rijswijcklaan 159-171,2022-11-14,12:00:00,132,113,19,FMN 04 Jan Van Rijswijcklaan
652,Jan van Rijswijcklaan 159-171,2022-11-14,13:00:00,115,104,11,FMN 04 Jan Van Rijswijcklaan
652,Jan van Rijswijcklaan 159-171,2022-11-14,14:00:00,148,130,18,FMN 04 Jan Van Rijswijcklaan
652,Jan van Rijswijcklaan 159-171,2022-11-14,15:00:00,244,216,28,FMN 04 Jan Van Rijswijcklaan
652,Jan van Rijswijcklaan 159-171,2022-11-14,16:00:00,325,295,30,FMN 04 Jan Van Rijswijcklaan
652,Jan van Rijswijcklaan 159-171,2022-11-14,17:00:00,143,122,21,FMN 04 Jan Van Rijswijcklaan
652,Jan van Rijswijcklaan 159-171,2022-11-14,18:00:00,0,0,0,FMN 04 Jan Van Rijswijcklaan
652,Jan van Rijswijcklaan 159-171,2022-11-14,19:00:00,0,0,0,FMN 04 Jan Van Rijswijcklaan
652,Jan van Rijswijcklaan 159-171,2022-11-14,20:00:00,0,0,0,FMN 04 Jan Van Rijswijcklaan
652,Jan van Rijswijcklaan 159-171,2022-11-14,21:00:00,0,0,0,FMN 04 Jan Van Rijswijcklaan
652,Jan van Rijswijcklaan 159-171,2022-11-14,22:00:00,0,0,0,FMN 04 Jan Van Rijswijcklaan
652,Jan van Rijswijcklaan 159-171,2022-11-14,23:00:00,0,0,0,FMN 04 Jan Van Rijswijcklaan
652,Jan van Rijswijcklaan 159-171,2022-11-15,00:00:00,0,0,0,FMN 04 Jan Van Rijswijcklaan
652,Jan van Rijswijcklaan 159-171,2022-11-15,01:00:00,0,0,0,FMN 04 Jan Van Rijswijcklaan
652,Jan van Rijswijcklaan 159-171,2022-11-15,02:00:00,0,0,0,FMN 04 Jan Van Rijswijcklaan
652,Jan van Rijswijcklaan 159-171,2022-11-15,03:00:00,0,0,0,FMN 04 Jan Van Rijswijcklaan
652,Jan van Rijswijcklaan 159-171,2022-11-15,04:00:00,0,0,0,FMN 04 Jan Van Rijswijcklaan
652,Jan van Rijswijcklaan 159-171,2022-11-15,05:00:00,0,0,0,FMN 04 Jan Van Rijswijcklaan
652,Jan van Rijswijcklaan 159-171,2022-11-15,06:00:00,0,0,0,FMN 04 Jan Van Rijswijcklaan
652,Jan van Rijswijcklaan 159-171,2022-11-15,07:00:00,0,0,0,FMN 04 Jan Van Rijswijcklaan
652,Jan van Rijswijcklaan 159-171,2022-11-15,08:00:00,0,0,0,FMN 04 Jan Van Rijswijcklaan
652,Jan van Rijswijcklaan 159-171,2022-11-15,09:00:00,111,96,15,FMN 04 Jan Van Rijswijcklaan
652,Jan van Rijswijcklaan 159-171,2022-11-15,10:00:00,108,93,15,FMN 04 Jan Van Rijswijcklaan
652,Jan van Rijswijcklaan 159-171,2022-11-15,11:00:00,124,107,17,FMN 04 Jan Van Rijswijcklaan
652,Jan van Rijswijcklaan 159-171,2022-11-15,12:00:00,157,136,21,FMN 04 Jan Van Rijswijcklaan
652,Jan van Rijswijcklaan 159-171,2022-11-15,13:00:00,128,114,14,FMN 04 Jan Van Rijswijcklaan
652,Jan van Rijswijcklaan 159-171,2022-11-15,14:00:00,122,107,15,FMN 04 Jan Van Rijswijcklaan
652,Jan van Rijswijcklaan 159-171,2022-11-15,15:00:00,211,176,35,FMN 04 Jan Van Rijswijcklaan
652,Jan van Rijswijcklaan 159-171,2022-11-15,16:00:00,250,223,27,FMN 04 Jan Van Rijswijcklaan
652,Jan van Rijswijcklaan 159-171,2022-11-15,17:00:00,61,49,12,FMN 04 Jan Van Rijswijcklaan
652,Jan van Rijswijcklaan 159-171,2022-11-15,18:00:00,0,0,0,FMN 04 Jan Van Rijswijcklaan
652,Jan van Rijswijcklaan 159-171,2022-11-15,19:00:00,0,0,0,FMN 04 Jan Van Rijswijcklaan
652,Jan van Rijswijcklaan 159-171,2022-11-15,20:00:00,0,0,0,FMN 04 Jan Van Rijswijcklaan
652,Jan van Rijswijcklaan 159-171,2022-11-15,21:00:00,0,0,0,FMN 04 Jan Van Rijswijcklaan
652,Jan van Rijswijcklaan 159-171,2022-11-15,22:00:00,0,0,0,FMN 04 Jan Van Rijswijcklaan
652,Jan van Rijswijcklaan 159-171,2022-11-15,23:00:00,0,0,0,FMN 04 Jan Van Rijswijcklaan
652,Jan van Rijswijcklaan 159-171,2022-11-16,00:00:00,0,0,0,FMN 04 Jan Van Rijswijcklaan
652,Jan van Rijswijcklaan 159-171,2022-11-16,01:00:00,0,0,0,FMN 04 Jan Van Rijswijcklaan
652,Jan van Rijswijcklaan 159-171,2022-11-16,02:00:00,0,0,0,FMN 04 Jan Van Rijswijcklaan
652,Jan van Rijswijcklaan 159-171,2022-11-16,03:00:00,0,0,0,FMN 04 Jan Van Rijswijcklaan
652,Jan van Rijswijcklaan 159-171,2022-11-16,04:00:00,0,0,0,FMN 04 Jan Van Rijswijcklaan
652,Jan van Rijswijcklaan 159-171,2022-11-16,05:00:00,0,0,0,FMN 04 Jan Van Rijswijcklaan
652,Jan van Rijswijcklaan 159-171,2022-11-16,06:00:00,0,0,0,FMN 04 Jan Van Rijswijcklaan
652,Jan van Rijswijcklaan 159-171,2022-11-16,07:00:00,0,0,0,FMN 04 Jan Van Rijswijcklaan
652,Jan van Rijswijcklaan 159-171,2022-11-16,08:00:00,0,0,0,FMN 04 Jan Van Rijswijcklaan
652,Jan van Rijswijcklaan 159-171,2022-11-16,09:00:00,65,57,8,FMN 04 Jan Van Rijswijcklaan
652,Jan van Rijswijcklaan 159-171,2022-11-16,10:00:00,105,86,19,FMN 04 Jan Van Rijswijcklaan
652,Jan van Rijswijcklaan 159-171,2022-11-16,11:00:00,109,100,9,FMN 04 Jan Van Rijswijcklaan
652,Jan van Rijswijcklaan 159-171,2022-11-16,12:00:00,294,273,21,FMN 04 Jan Van Rijswijcklaan
652,Jan van Rijswijcklaan 159-171,2022-11-16,13:00:00,143,119,24,FMN 04 Jan Van Rijswijcklaan
652,Jan van Rijswijcklaan 159-171,2022-11-16,14:00:00,114,99,15,FMN 04 Jan Van Rijswijcklaan
652,Jan van Rijswijcklaan 159-171,2022-11-16,15:00:00,186,161,25,FMN 04 Jan Van Rijswijcklaan
652,Jan van Rijswijcklaan 159-171,2022-11-16,16:00:00,210,164,46,FMN 04 Jan Van Rijswijcklaan
652,Jan van Rijswijcklaan 159-171,2022-11-16,17:00:00,288,258,30,FMN 04 Jan Van Rijswijcklaan
652,Jan van Rijswijcklaan 159-171,2022-11-16,18:00:00,225,186,39,FMN 04 Jan Van Rijswijcklaan
652,Jan van Rijswijcklaan 159-171,2022-11-16,19:00:00,77,65,12,FMN 04 Jan Van Rijswijcklaan
652,Jan van Rijswijcklaan 159-171,2022-11-16,20:00:00,0,0,0,FMN 04 Jan Van Rijswijcklaan
652,Jan van Rijswijcklaan 159-171,2022-11-16,21:00:00,0,0,0,FMN 04 Jan Van Rijswijcklaan
652,Jan van Rijswijcklaan 159-171,2022-11-16,22:00:00,0,0,0,FMN 04 Jan Van Rijswijcklaan
652,Jan van Rijswijcklaan 159-171,2022-11-16,23:00:00,0,0,0,FMN 04 Jan Van Rijswijcklaan
652,Jan van Rijswijcklaan 159-171,2022-11-17,00:00:00,0,0,0,FMN 04 Jan Van Rijswijcklaan
652,Jan van Rijswijcklaan 159-171,2022-11-17,01:00:00,0,0,0,FMN 04 Jan Van Rijswijcklaan
652,Jan van Rijswijcklaan 159-171,2022-11-17,02:00:00,0,0,0,FMN 04 Jan Van Rijswijcklaan
652,Jan van Rijswijcklaan 159-171,2022-11-17,03:00:00,0,0,0,FMN 04 Jan Van Rijswijcklaan
652,Jan van Rijswijcklaan 159-171,2022-11-17,04:00:00,0,0,0,FMN 04 Jan Van Rijswijcklaan
652,Jan van Rijswijcklaan 159-171,2022-11-17,05:00:00,0,0,0,FMN 04 Jan Van Rijswijcklaan
652,Jan van Rijswijcklaan 159-171,2022-11-17,06:00:00,0,0,0,FMN 04 Jan Van Rijswijcklaan
652,Jan van Rijswijcklaan 159-171,2022-11-17,07:00:00,0,0,0,FMN 04 Jan Van Rijswijcklaan
652,Jan van Rijswijcklaan 159-171,2022-11-17,08:00:00,0,0,0,FMN 04 Jan Van Rijswijcklaan
652,Jan van Rijswijcklaan 159-171,2022-11-17,09:00:00,0,0,0,FMN 04 Jan Van Rijswijcklaan
652,Jan van Rijswijcklaan 159-171,2022-11-17,10:00:00,16,15,1,FMN 04 Jan Van Rijswijcklaan
652,Jan van Rijswijcklaan 159-171,2022-11-17,11:00:00,87,79,8,FMN 04 Jan Van Rijswijcklaan
652,Jan van Rijswijcklaan 159-171,2022-11-17,12:00:00,137,127,10,FMN 04 Jan Van Rijswijcklaan
652,Jan van Rijswijcklaan 159-171,2022-11-17,13:00:00,103,85,18,FMN 04 Jan Van Rijswijcklaan
652,Jan van Rijswijcklaan 159-171,2022-11-17,14:00:00,94,83,11,FMN 04 Jan Van Rijswijcklaan
652,Jan van Rijswijcklaan 159-171,2022-11-17,15:00:00,175,154,21,FMN 04 Jan Van Rijswijcklaan
652,Jan van Rijswijcklaan 159-171,2022-11-17,16:00:00,277,249,28,FMN 04 Jan Van Rijswijcklaan
652,Jan van Rijswijcklaan 159-171,2022-11-17,17:00:00,250,213,37,FMN 04 Jan Van Rijswijcklaan
652,Jan van Rijswijcklaan 159-171,2022-11-17,18:00:00,167,147,20,FMN 04 Jan Van Rijswijcklaan
652,Jan van Rijswijcklaan 159-171,2022-11-17,19:00:00,0,0,0,FMN 04 Jan Van Rijswijcklaan
652,Jan van Rijswijcklaan 159-171,2022-11-17,20:00:00,0,0,0,FMN 04 Jan Van Rijswijcklaan
652,Jan van Rijswijcklaan 159-171,2022-11-17,21:00:00,0,0,0,FMN 04 Jan Van Rijswijcklaan
652,Jan van Rijswijcklaan 159-171,2022-11-17,22:00:00,0,0,0,FMN 04 Jan Van Rijswijcklaan
652,Jan van Rijswijcklaan 159-171,2022-11-17,23:00:00,0,0,0,FMN 04 Jan Van Rijswijcklaan
652,Jan van Rijswijcklaan 159-171,2022-11-18,00:00:00,0,0,0,FMN 04 Jan Van Rijswijcklaan
652,Jan van Rijswijcklaan 159-171,2022-11-18,01:00:00,0,0,0,FMN 04 Jan Van Rijswijcklaan
652,Jan van Rijswijcklaan 159-171,2022-11-18,02:00:00,0,0,0,FMN 04 Jan Van Rijswijcklaan
652,Jan van Rijswijcklaan 159-171,2022-11-18,03:00:00,0,0,0,FMN 04 Jan Van Rijswijcklaan
652,Jan van Rijswijcklaan 159-171,2022-11-18,04:00:00,0,0,0,FMN 04 Jan Van Rijswijcklaan
652,Jan van Rijswijcklaan 159-171,2022-11-18,05:00:00,0,0,0,FMN 04 Jan Van Rijswijcklaan
652,Jan van Rijswijcklaan 159-171,2022-11-18,06:00:00,0,0,0,FMN 04 Jan Van Rijswijcklaan
652,Jan van Rijswijcklaan 159-171,2022-11-18,07:00:00,0,0,0,FMN 04 Jan Van Rijswijcklaan
652,Jan van Rijswijcklaan 159-171,2022-11-18,08:00:00,0,0,0,FMN 04 Jan Van Rijswijcklaan
652,Jan van Rijswijcklaan 159-171,2022-11-18,09:00:00,17,16,1,FMN 04 Jan Van Rijswijcklaan
652,Jan van Rijswijcklaan 159-171,2022-11-18,10:00:00,112,103,9,FMN 04 Jan Van Rijswijcklaan
652,Jan van Rijswijcklaan 159-171,2022-11-18,11:00:00,79,71,8,FMN 04 Jan Van Rijswijcklaan
652,Jan van Rijswijcklaan 159-171,2022-11-18,12:00:00,132,110,22,FMN 04 Jan Van Rijswijcklaan
652,Jan van Rijswijcklaan 159-171,2022-11-18,13:00:00,108,98,10,FMN 04 Jan Van Rijswijcklaan
652,Jan van Rijswijcklaan 159-171,2022-11-18,14:00:00,117,98,19,FMN 04 Jan Van Rijswijcklaan
652,Jan van Rijswijcklaan 159-171,2022-11-18,15:00:00,187,165,22,FMN 04 Jan Van Rijswijcklaan
652,Jan van Rijswijcklaan 159-171,2022-11-18,16:00:00,285,247,38,FMN 04 Jan Van Rijswijcklaan
652,Jan van Rijswijcklaan 159-171,2022-11-18,17:00:00,174,156,18,FMN 04 Jan Van Rijswijcklaan
652,Jan van Rijswijcklaan 159-171,2022-11-18,18:00:00,0,0,0,FMN 04 Jan Van Rijswijcklaan
652,Jan van Rijswijcklaan 159-171,2022-11-18,19:00:00,0,0,0,FMN 04 Jan Van Rijswijcklaan
652,Jan van Rijswijcklaan 159-171,2022-11-18,20:00:00,0,0,0,FMN 04 Jan Van Rijswijcklaan
652,Jan van Rijswijcklaan 159-171,2022-11-18,21:00:00,0,0,0,FMN 04 Jan Van Rijswijcklaan
652,Jan van Rijswijcklaan 159-171,2022-11-18,22:00:00,0,0,0,FMN 04 Jan Van Rijswijcklaan
652,Jan van Rijswijcklaan 159-171,2022-11-18,23:00:00,0,0,0,FMN 04 Jan Van Rijswijcklaan
652,Jan van Rijswijcklaan 159-171,2022-11-19,00:00:00,10,9,1,FMN 04 Jan Van Rijswijcklaan
652,Jan van Rijswijcklaan 159-171,2022-11-19,01:00:00,14,8,6,FMN 04 Jan Van Rijswijcklaan
652,Jan van Rijswijcklaan 159-171,2022-11-19,02:00:00,10,6,4,FMN 04 Jan Van Rijswijcklaan
652,Jan van Rijswijcklaan 159-171,2022-11-19,03:00:00,3,1,2,FMN 04 Jan Van Rijswijcklaan
652,Jan van Rijswijcklaan 159-171,2022-11-19,04:00:00,0,0,0,FMN 04 Jan Van Rijswijcklaan
652,Jan van Rijswijcklaan 159-171,2022-11-19,05:00:00,4,4,0,FMN 04 Jan Van Rijswijcklaan
652,Jan van Rijswijcklaan 159-171,2022-11-19,06:00:00,10,8,2,FMN 04 Jan Van Rijswijcklaan
652,Jan van Rijswijcklaan 159-171,2022-11-19,07:00:00,8,7,1,FMN 04 Jan Van Rijswijcklaan
652,Jan van Rijswijcklaan 159-171,2022-11-19,08:00:00,20,20,0,FMN 04 Jan Van Rijswijcklaan
652,Jan van Rijswijcklaan 159-171,2022-11-19,09:00:00,43,41,2,FMN 04 Jan Van Rijswijcklaan
652,Jan van Rijswijcklaan 159-171,2022-11-19,10:00:00,57,47,10,FMN 04 Jan Van Rijswijcklaan
652,Jan van Rijswijcklaan 159-171,2022-11-19,11:00:00,51,48,3,FMN 04 Jan Van Rijswijcklaan
652,Jan van Rijswijcklaan 159-171,2022-11-19,12:00:00,47,39,8,FMN 04 Jan Van Rijswijcklaan
652,Jan van Rijswijcklaan 159-171,2022-11-19,13:00:00,58,47,11,FMN 04 Jan Van Rijswijcklaan
652,Jan van Rijswijcklaan 159-171,2022-11-19,14:00:00,64,56,8,FMN 04 Jan Van Rijswijcklaan
652,Jan van Rijswijcklaan 159-171,2022-11-19,15:00:00,55,45,10,FMN 04 Jan Van Rijswijcklaan
652,Jan van Rijswijcklaan 159-171,2022-11-19,16:00:00,44,37,7,FMN 04 Jan Van Rijswijcklaan
652,Jan van Rijswijcklaan 159-171,2022-11-19,17:00:00,60,45,15,FMN 04 Jan Van Rijswijcklaan
652,Jan van Rijswijcklaan 159-171,2022-11-19,18:00:00,65,57,8,FMN 04 Jan Van Rijswijcklaan
652,Jan van Rijswijcklaan 159-171,2022-11-19,19:00:00,39,33,6,FMN 04 Jan Van Rijswijcklaan
652,Jan van Rijswijcklaan 159-171,2022-11-19,20:00:00,29,27,2,FMN 04 Jan Van Rijswijcklaan
652,Jan van Rijswijcklaan 159-171,2022-11-19,21:00:00,27,20,7,FMN 04 Jan Van Rijswijcklaan
652,Jan van Rijswijcklaan 159-171,2022-11-19,22:00:00,13,11,2,FMN 04 Jan Van Rijswijcklaan
652,Jan van Rijswijcklaan 159-171,2022-11-19,23:00:00,17,14,3,FMN 04 Jan Van Rijswijcklaan
652,Jan van Rijswijcklaan 159-171,2022-11-20,00:00:00,0,0,0,FMN 04 Jan Van Rijswijcklaan
652,Jan van Rijswijcklaan 159-171,2022-11-20,01:00:00,0,0,0,FMN 04 Jan Van Rijswijcklaan
652,Jan van Rijswijcklaan 159-171,2022-11-20,02:00:00,0,0,0,FMN 04 Jan Van Rijswijcklaan
652,Jan van Rijswijcklaan 159-171,2022-11-20,03:00:00,0,0,0,FMN 04 Jan Van Rijswijcklaan
652,Jan van Rijswijcklaan 159-171,2022-11-20,04:00:00,0,0,0,FMN 04 Jan Van Rijswijcklaan
652,Jan van Rijswijcklaan 159-171,2022-11-20,05:00:00,0,0,0,FMN 04 Jan Van Rijswijcklaan
652,Jan van Rijswijcklaan 159-171,2022-11-20,06:00:00,0,0,0,FMN 04 Jan Van Rijswijcklaan
652,Jan van Rijswijcklaan 159-171,2022-11-20,07:00:00,0,0,0,FMN 04 Jan Van Rijswijcklaan
652,Jan van Rijswijcklaan 159-171,2022-11-20,08:00:00,0,0,0,FMN 04 Jan Van Rijswijcklaan
652,Jan van Rijswijcklaan 159-171,2022-11-20,09:00:00,0,0,0,FMN 04 Jan Van Rijswijcklaan
652,Jan van Rijswijcklaan 159-171,2022-11-20,10:00:00,1,0,1,FMN 04 Jan Van Rijswijcklaan
652,Jan van Rijswijcklaan 159-171,2022-11-20,11:00:00,70,53,17,FMN 04 Jan Van Rijswijcklaan
652,Jan van Rijswijcklaan 159-171,2022-11-20,12:00:00,106,81,25,FMN 04 Jan Van Rijswijcklaan
652,Jan van Rijswijcklaan 159-171,2022-11-20,13:00:00,90,62,28,FMN 04 Jan Van Rijswijcklaan
652,Jan van Rijswijcklaan 159-171,2022-11-20,14:00:00,79,53,26,FMN 04 Jan Van Rijswijcklaan
652,Jan van Rijswijcklaan 159-171,2022-11-20,15:00:00,1,1,0,FMN 04 Jan Van Rijswijcklaan
652,Jan van Rijswijcklaan 159-171,2022-11-20,16:00:00,0,0,0,FMN 04 Jan Van Rijswijcklaan
652,Jan van Rijswijcklaan 159-171,2022-11-20,17:00:00,0,0,0,FMN 04 Jan Van Rijswijcklaan
652,Jan van Rijswijcklaan 159-171,2022-11-20,18:00:00,0,0,0,FMN 04 Jan Van Rijswijcklaan
652,Jan van Rijswijcklaan 159-171,2022-11-20,19:00:00,0,0,0,FMN 04 Jan Van Rijswijcklaan
652,Jan van Rijswijcklaan 159-171,2022-11-20,20:00:00,0,0,0,FMN 04 Jan Van Rijswijcklaan
652,Jan van Rijswijcklaan 159-171,2022-11-20,21:00:00,0,0,0,FMN 04 Jan Van Rijswijcklaan
652,Jan van Rijswijcklaan 159-171,2022-11-20,22:00:00,0,0,0,FMN 04 Jan Van Rijswijcklaan
652,Jan van Rijswijcklaan 159-171,2022-11-20,23:00:00,0,0,0,FMN 04 Jan Van Rijswijcklaan
652,Jan van Rijswijcklaan 159-171,2022-11-21,00:00:00,0,0,0,FMN 04 Jan Van Rijswijcklaan
652,Jan van Rijswijcklaan 159-171,2022-11-21,01:00:00,0,0,0,FMN 04 Jan Van Rijswijcklaan
652,Jan van Rijswijcklaan 159-171,2022-11-21,02:00:00,0,0,0,FMN 04 Jan Van Rijswijcklaan
652,Jan van Rijswijcklaan 159-171,2022-11-21,03:00:00,0,0,0,FMN 04 Jan Van Rijswijcklaan
652,Jan van Rijswijcklaan 159-171,2022-11-21,04:00:00,0,0,0,FMN 04 Jan Van Rijswijcklaan
652,Jan van Rijswijcklaan 159-171,2022-11-21,05:00:00,0,0,0,FMN 04 Jan Van Rijswijcklaan
652,Jan van Rijswijcklaan 159-171,2022-11-21,06:00:00,0,0,0,FMN 04 Jan Van Rijswijcklaan
652,Jan van Rijswijcklaan 159-171,2022-11-21,07:00:00,0,0,0,FMN 04 Jan Van Rijswijcklaan
652,Jan van Rijswijcklaan 159-171,2022-11-21,08:00:00,0,0,0,FMN 04 Jan Van Rijswijcklaan
652,Jan van Rijswijcklaan 159-171,2022-11-21,09:00:00,87,73,14,FMN 04 Jan Van Rijswijcklaan
652,Jan van Rijswijcklaan 159-171,2022-11-21,10:00:00,103,84,19,FMN 04 Jan Van Rijswijcklaan
652,Jan van Rijswijcklaan 159-171,2022-11-21,11:00:00,76,68,8,FMN 04 Jan Van Rijswijcklaan
652,Jan van Rijswijcklaan 159-171,2022-11-21,12:00:00,141,126,15,FMN 04 Jan Van Rijswijcklaan
652,Jan van Rijswijcklaan 159-171,2022-11-21,13:00:00,126,113,13,FMN 04 Jan Van Rijswijcklaan
652,Jan van Rijswijcklaan 159-171,2022-11-21,14:00:00,119,103,16,FMN 04 Jan Van Rijswijcklaan
652,Jan van Rijswijcklaan 159-171,2022-11-21,15:00:00,59,50,9,FMN 04 Jan Van Rijswijcklaan
652,Jan van Rijswijcklaan 159-171,2022-11-21,16:00:00,0,0,0,FMN 04 Jan Van Rijswijcklaan
652,Jan van Rijswijcklaan 159-171,2022-11-21,17:00:00,0,0,0,FMN 04 Jan Van Rijswijcklaan
652,Jan van Rijswijcklaan 159-171,2022-11-21,18:00:00,0,0,0,FMN 04 Jan Van Rijswijcklaan
652,Jan van Rijswijcklaan 159-171,2022-11-21,19:00:00,0,0,0,FMN 04 Jan Van Rijswijcklaan
652,Jan van Rijswijcklaan 159-171,2022-11-21,20:00:00,0,0,0,FMN 04 Jan Van Rijswijcklaan
652,Jan van Rijswijcklaan 159-171,2022-11-21,21:00:00,0,0,0,FMN 04 Jan Van Rijswijcklaan
652,Jan van Rijswijcklaan 159-171,2022-11-21,22:00:00,0,0,0,FMN 04 Jan Van Rijswijcklaan
652,Jan van Rijswijcklaan 159-171,2022-11-21,23:00:00,0,0,0,FMN 04 Jan Van Rijswijcklaan
652,Jan van Rijswijcklaan 159-171,2022-11-22,00:00:00,0,0,0,FMN 04 Jan Van Rijswijcklaan
652,Jan van Rijswijcklaan 159-171,2022-11-22,01:00:00,0,0,0,FMN 04 Jan Van Rijswijcklaan
652,Jan van Rijswijcklaan 159-171,2022-11-22,02:00:00,0,0,0,FMN 04 Jan Van Rijswijcklaan
652,Jan van Rijswijcklaan 159-171,2022-11-22,03:00:00,0,0,0,FMN 04 Jan Van Rijswijcklaan
652,Jan van Rijswijcklaan 159-171,2022-11-22,04:00:00,0,0,0,FMN 04 Jan Van Rijswijcklaan
652,Jan van Rijswijcklaan 159-171,2022-11-22,05:00:00,0,0,0,FMN 04 Jan Van Rijswijcklaan
652,Jan van Rijswijcklaan 159-171,2022-11-22,06:00:00,0,0,0,FMN 04 Jan Van Rijswijcklaan
652,Jan van Rijswijcklaan 159-171,2022-11-22,07:00:00,0,0,0,FMN 04 Jan Van Rijswijcklaan
652,Jan van Rijswijcklaan 159-171,2022-11-22,08:00:00,0,0,0,FMN 04 Jan Van Rijswijcklaan
652,Jan van Rijswijcklaan 159-171,2022-11-22,09:00:00,0,0,0,FMN 04 Jan Van Rijswijcklaan
652,Jan van Rijswijcklaan 159-171,2022-11-22,10:00:00,0,0,0,FMN 04 Jan Van Rijswijcklaan
652,Jan van Rijswijcklaan 159-171,2022-11-22,11:00:00,82,73,9,FMN 04 Jan Van Rijswijcklaan
652,Jan van Rijswijcklaan 159-171,2022-11-22,12:00:00,139,122,17,FMN 04 Jan Van Rijswijcklaan
652,Jan van Rijswijcklaan 159-171,2022-11-22,13:00:00,124,104,20,FMN 04 Jan Van Rijswijcklaan
652,Jan van Rijswijcklaan 159-171,2022-11-22,14:00:00,113,101,12,FMN 04 Jan Van Rijswijcklaan
652,Jan van Rijswijcklaan 159-171,2022-11-22,15:00:00,33,28,5,FMN 04 Jan Van Rijswijcklaan
652,Jan van Rijswijcklaan 159-171,2022-11-22,16:00:00,0,0,0,FMN 04 Jan Van Rijswijcklaan
652,Jan van Rijswijcklaan 159-171,2022-11-22,17:00:00,0,0,0,FMN 04 Jan Van Rijswijcklaan
652,Jan van Rijswijcklaan 159-171,2022-11-22,18:00:00,0,0,0,FMN 04 Jan Van Rijswijcklaan
652,Jan van Rijswijcklaan 159-171,2022-11-22,19:00:00,0,0,0,FMN 04 Jan Van Rijswijcklaan
652,Jan van Rijswijcklaan 159-171,2022-11-22,20:00:00,0,0,0,FMN 04 Jan Van Rijswijcklaan
652,Jan van Rijswijcklaan 159-171,2022-11-22,21:00:00,0,0,0,FMN 04 Jan Van Rijswijcklaan
652,Jan van Rijswijcklaan 159-171,2022-11-22,22:00:00,0,0,0,FMN 04 Jan Van Rijswijcklaan
652,Jan van Rijswijcklaan 159-171,2022-11-22,23:00:00,0,0,0,FMN 04 Jan Van Rijswijcklaan
652,Jan van Rijswijcklaan 159-171,2022-11-23,00:00:00,0,0,0,FMN 04 Jan Van Rijswijcklaan
652,Jan van Rijswijcklaan 159-171,2022-11-23,01:00:00,0,0,0,FMN 04 Jan Van Rijswijcklaan
652,Jan van Rijswijcklaan 159-171,2022-11-23,02:00:00,0,0,0,FMN 04 Jan Van Rijswijcklaan
652,Jan van Rijswijcklaan 159-171,2022-11-23,03:00:00,0,0,0,FMN 04 Jan Van Rijswijcklaan
652,Jan van Rijswijcklaan 159-171,2022-11-23,04:00:00,0,0,0,FMN 04 Jan Van Rijswijcklaan
652,Jan van Rijswijcklaan 159-171,2022-11-23,05:00:00,0,0,0,FMN 04 Jan Van Rijswijcklaan
652,Jan van Rijswijcklaan 159-171,2022-11-23,06:00:00,0,0,0,FMN 04 Jan Van Rijswijcklaan
652,Jan van Rijswijcklaan 159-171,2022-11-23,07:00:00,0,0,0,FMN 04 Jan Van Rijswijcklaan
652,Jan van Rijswijcklaan 159-171,2022-11-23,08:00:00,0,0,0,FMN 04 Jan Van Rijswijcklaan
652,Jan van Rijswijcklaan 159-171,2022-11-23,09:00:00,100,90,10,FMN 04 Jan Van Rijswijcklaan
652,Jan van Rijswijcklaan 159-171,2022-11-23,10:00:00,120,102,18,FMN 04 Jan Van Rijswijcklaan
652,Jan van Rijswijcklaan 159-171,2022-11-23,11:00:00,100,94,6,FMN 04 Jan Van Rijswijcklaan
652,Jan van Rijswijcklaan 159-171,2022-11-23,12:00:00,287,263,24,FMN 04 Jan Van Rijswijcklaan
652,Jan van Rijswijcklaan 159-171,2022-11-23,13:00:00,118,100,18,FMN 04 Jan Van Rijswijcklaan
652,Jan van Rijswijcklaan 159-171,2022-11-23,14:00:00,85,72,13,FMN 04 Jan Van Rijswijcklaan
652,Jan van Rijswijcklaan 159-171,2022-11-23,15:00:00,51,45,6,FMN 04 Jan Van Rijswijcklaan
652,Jan van Rijswijcklaan 159-171,2022-11-23,16:00:00,0,0,0,FMN 04 Jan Van Rijswijcklaan
652,Jan van Rijswijcklaan 159-171,2022-11-23,17:00:00,0,0,0,FMN 04 Jan Van Rijswijcklaan
652,Jan van Rijswijcklaan 159-171,2022-11-23,18:00:00,0,0,0,FMN 04 Jan Van Rijswijcklaan
652,Jan van Rijswijcklaan 159-171,2022-11-23,19:00:00,0,0,0,FMN 04 Jan Van Rijswijcklaan
652,Jan van Rijswijcklaan 159-171,2022-11-23,20:00:00,0,0,0,FMN 04 Jan Van Rijswijcklaan
652,Jan van Rijswijcklaan 159-171,2022-11-23,21:00:00,0,0,0,FMN 04 Jan Van Rijswijcklaan
652,Jan van Rijswijcklaan 159-171,2022-11-23,22:00:00,0,0,0,FMN 04 Jan Van Rijswijcklaan
652,Jan van Rijswijcklaan 159-171,2022-11-23,23:00:00,0,0,0,FMN 04 Jan Van Rijswijcklaan
652,Jan van Rijswijcklaan 159-171,2022-11-24,00:00:00,0,0,0,FMN 04 Jan Van Rijswijcklaan
652,Jan van Rijswijcklaan 159-171,2022-11-24,01:00:00,0,0,0,FMN 04 Jan Van Rijswijcklaan
652,Jan van Rijswijcklaan 159-171,2022-11-24,02:00:00,0,0,0,FMN 04 Jan Van Rijswijcklaan
652,Jan van Rijswijcklaan 159-171,2022-11-24,03:00:00,0,0,0,FMN 04 Jan Van Rijswijcklaan
652,Jan van Rijswijcklaan 159-171,2022-11-24,04:00:00,0,0,0,FMN 04 Jan Van Rijswijcklaan
652,Jan van Rijswijcklaan 159-171,2022-11-24,05:00:00,0,0,0,FMN 04 Jan Van Rijswijcklaan
652,Jan van Rijswijcklaan 159-171,2022-11-24,06:00:00,0,0,0,FMN 04 Jan Van Rijswijcklaan
652,Jan van Rijswijcklaan 159-171,2022-11-24,07:00:00,0,0,0,FMN 04 Jan Van Rijswijcklaan
652,Jan van Rijswijcklaan 159-171,2022-11-24,08:00:00,0,0,0,FMN 04 Jan Van Rijswijcklaan
652,Jan van Rijswijcklaan 159-171,2022-11-24,09:00:00,103,96,7,FMN 04 Jan Van Rijswijcklaan
652,Jan van Rijswijcklaan 159-171,2022-11-24,10:00:00,118,104,14,FMN 04 Jan Van Rijswijcklaan
652,Jan van Rijswijcklaan 159-171,2022-11-24,11:00:00,86,74,12,FMN 04 Jan Van Rijswijcklaan
652,Jan van Rijswijcklaan 159-171,2022-11-24,12:00:00,155,142,13,FMN 04 Jan Van Rijswijcklaan
652,Jan van Rijswijcklaan 159-171,2022-11-24,13:00:00,123,101,22,FMN 04 Jan Van Rijswijcklaan
652,Jan van Rijswijcklaan 159-171,2022-11-24,14:00:00,107,95,12,FMN 04 Jan Van Rijswijcklaan
652,Jan van Rijswijcklaan 159-171,2022-11-24,15:00:00,218,198,20,FMN 04 Jan Van Rijswijcklaan
652,Jan van Rijswijcklaan 159-171,2022-11-24,16:00:00,298,264,34,FMN 04 Jan Van Rijswijcklaan
652,Jan van Rijswijcklaan 159-171,2022-11-24,17:00:00,118,101,17,FMN 04 Jan Van Rijswijcklaan
652,Jan van Rijswijcklaan 159-171,2022-11-24,18:00:00,0,0,0,FMN 04 Jan Van Rijswijcklaan
652,Jan van Rijswijcklaan 159-171,2022-11-24,19:00:00,0,0,0,FMN 04 Jan Van Rijswijcklaan
652,Jan van Rijswijcklaan 159-171,2022-11-24,20:00:00,0,0,0,FMN 04 Jan Van Rijswijcklaan
652,Jan van Rijswijcklaan 159-171,2022-11-24,21:00:00,0,0,0,FMN 04 Jan Van Rijswijcklaan
652,Jan van Rijswijcklaan 159-171,2022-11-24,22:00:00,0,0,0,FMN 04 Jan Van Rijswijcklaan
652,Jan van Rijswijcklaan 159-171,2022-11-24,23:00:00,0,0,0,FMN 04 Jan Van Rijswijcklaan
652,Jan van Rijswijcklaan 159-171,2022-11-25,00:00:00,0,0,0,FMN 04 Jan Van Rijswijcklaan
652,Jan van Rijswijcklaan 159-171,2022-11-25,01:00:00,0,0,0,FMN 04 Jan Van Rijswijcklaan
652,Jan van Rijswijcklaan 159-171,2022-11-25,02:00:00,0,0,0,FMN 04 Jan Van Rijswijcklaan
652,Jan van Rijswijcklaan 159-171,2022-11-25,03:00:00,0,0,0,FMN 04 Jan Van Rijswijcklaan
652,Jan van Rijswijcklaan 159-171,2022-11-25,04:00:00,0,0,0,FMN 04 Jan Van Rijswijcklaan
652,Jan van Rijswijcklaan 159-171,2022-11-25,05:00:00,0,0,0,FMN 04 Jan Van Rijswijcklaan
652,Jan van Rijswijcklaan 159-171,2022-11-25,06:00:00,0,0,0,FMN 04 Jan Van Rijswijcklaan
652,Jan van Rijswijcklaan 159-171,2022-11-25,07:00:00,0,0,0,FMN 04 Jan Van Rijswijcklaan
652,Jan van Rijswijcklaan 159-171,2022-11-25,08:00:00,0,0,0,FMN 04 Jan Van Rijswijcklaan
652,Jan van Rijswijcklaan 159-171,2022-11-25,09:00:00,114,103,11,FMN 04 Jan Van Rijswijcklaan
652,Jan van Rijswijcklaan 159-171,2022-11-25,10:00:00,112,101,11,FMN 04 Jan Van Rijswijcklaan
652,Jan van Rijswijcklaan 159-171,2022-11-25,11:00:00,117,102,15,FMN 04 Jan Van Rijswijcklaan
652,Jan van Rijswijcklaan 159-171,2022-11-25,12:00:00,138,121,17,FMN 04 Jan Van Rijswijcklaan
652,Jan van Rijswijcklaan 159-171,2022-11-25,13:00:00,130,113,17,FMN 04 Jan Van Rijswijcklaan
652,Jan van Rijswijcklaan 159-171,2022-11-25,14:00:00,134,121,13,FMN 04 Jan Van Rijswijcklaan
652,Jan van Rijswijcklaan 159-171,2022-11-25,15:00:00,203,176,27,FMN 04 Jan Van Rijswijcklaan
652,Jan van Rijswijcklaan 159-171,2022-11-25,16:00:00,299,259,40,FMN 04 Jan Van Rijswijcklaan
652,Jan van Rijswijcklaan 159-171,2022-11-25,17:00:00,82,72,10,FMN 04 Jan Van Rijswijcklaan
652,Jan van Rijswijcklaan 159-171,2022-11-25,18:00:00,0,0,0,FMN 04 Jan Van Rijswijcklaan
652,Jan van Rijswijcklaan 159-171,2022-11-25,19:00:00,0,0,0,FMN 04 Jan Van Rijswijcklaan
652,Jan van Rijswijcklaan 159-171,2022-11-25,20:00:00,0,0,0,FMN 04 Jan Van Rijswijcklaan
652,Jan van Rijswijcklaan 159-171,2022-11-25,21:00:00,0,0,0,FMN 04 Jan Van Rijswijcklaan
652,Jan van Rijswijcklaan 159-171,2022-11-25,22:00:00,0,0,0,FMN 04 Jan Van Rijswijcklaan
652,Jan van Rijswijcklaan 159-171,2022-11-25,23:00:00,0,0,0,FMN 04 Jan Van Rijswijcklaan
652,Jan van Rijswijcklaan 159-171,2022-11-26,00:00:00,0,0,0,FMN 04 Jan Van Rijswijcklaan
652,Jan van Rijswijcklaan 159-171,2022-11-26,01:00:00,0,0,0,FMN 04 Jan Van Rijswijcklaan
652,Jan van Rijswijcklaan 159-171,2022-11-26,02:00:00,0,0,0,FMN 04 Jan Van Rijswijcklaan
652,Jan van Rijswijcklaan 159-171,2022-11-26,03:00:00,0,0,0,FMN 04 Jan Van Rijswijcklaan
652,Jan van Rijswijcklaan 159-171,2022-11-26,04:00:00,0,0,0,FMN 04 Jan Van Rijswijcklaan
652,Jan van Rijswijcklaan 159-171,2022-11-26,05:00:00,0,0,0,FMN 04 Jan Van Rijswijcklaan
652,Jan van Rijswijcklaan 159-171,2022-11-26,06:00:00,0,0,0,FMN 04 Jan Van Rijswijcklaan
652,Jan van Rijswijcklaan 159-171,2022-11-26,07:00:00,0,0,0,FMN 04 Jan Van Rijswijcklaan
652,Jan van Rijswijcklaan 159-171,2022-11-26,08:00:00,0,0,0,FMN 04 Jan Van Rijswijcklaan
652,Jan van Rijswijcklaan 159-171,2022-11-26,09:00:00,59,55,4,FMN 04 Jan Van Rijswijcklaan
652,Jan van Rijswijcklaan 159-171,2022-11-26,10:00:00,104,84,20,FMN 04 Jan Van Rijswijcklaan
652,Jan van Rijswijcklaan 159-171,2022-11-26,11:00:00,109,101,8,FMN 04 Jan Van Rijswijcklaan
652,Jan van Rijswijcklaan 159-171,2022-11-26,12:00:00,120,104,16,FMN 04 Jan Van Rijswijcklaan
652,Jan van Rijswijcklaan 159-171,2022-11-26,13:00:00,161,141,20,FMN 04 Jan Van Rijswijcklaan
652,Jan van Rijswijcklaan 159-171,2022-11-26,14:00:00,122,112,10,FMN 04 Jan Van Rijswijcklaan
652,Jan van Rijswijcklaan 159-171,2022-11-26,15:00:00,124,113,11,FMN 04 Jan Van Rijswijcklaan
652,Jan van Rijswijcklaan 159-171,2022-11-26,16:00:00,121,112,9,FMN 04 Jan Van Rijswijcklaan
652,Jan van Rijswijcklaan 159-171,2022-11-26,17:00:00,62,57,5,FMN 04 Jan Van Rijswijcklaan
652,Jan van Rijswijcklaan 159-171,2022-11-26,18:00:00,0,0,0,FMN 04 Jan Van Rijswijcklaan
652,Jan van Rijswijcklaan 159-171,2022-11-26,19:00:00,0,0,0,FMN 04 Jan Van Rijswijcklaan
652,Jan van Rijswijcklaan 159-171,2022-11-26,20:00:00,0,0,0,FMN 04 Jan Van Rijswijcklaan
652,Jan van Rijswijcklaan 159-171,2022-11-26,21:00:00,0,0,0,FMN 04 Jan Van Rijswijcklaan
652,Jan van Rijswijcklaan 159-171,2022-11-26,22:00:00,0,0,0,FMN 04 Jan Van Rijswijcklaan
652,Jan van Rijswijcklaan 159-171,2022-11-26,23:00:00,0,0,0,FMN 04 Jan Van Rijswijcklaan
652,Jan van Rijswijcklaan 159-171,2022-11-27,00:00:00,0,0,0,FMN 04 Jan Van Rijswijcklaan
652,Jan van Rijswijcklaan 159-171,2022-11-27,01:00:00,0,0,0,FMN 04 Jan Van Rijswijcklaan
652,Jan van Rijswijcklaan 159-171,2022-11-27,02:00:00,0,0,0,FMN 04 Jan Van Rijswijcklaan
652,Jan van Rijswijcklaan 159-171,2022-11-27,03:00:00,0,0,0,FMN 04 Jan Van Rijswijcklaan
652,Jan van Rijswijcklaan 159-171,2022-11-27,04:00:00,0,0,0,FMN 04 Jan Van Rijswijcklaan
652,Jan van Rijswijcklaan 159-171,2022-11-27,05:00:00,0,0,0,FMN 04 Jan Van Rijswijcklaan
652,Jan van Rijswijcklaan 159-171,2022-11-27,06:00:00,0,0,0,FMN 04 Jan Van Rijswijcklaan
652,Jan van Rijswijcklaan 159-171,2022-11-27,07:00:00,0,0,0,FMN 04 Jan Van Rijswijcklaan
652,Jan van Rijswijcklaan 159-171,2022-11-27,08:00:00,0,0,0,FMN 04 Jan Van Rijswijcklaan
652,Jan van Rijswijcklaan 159-171,2022-11-27,09:00:00,0,0,0,FMN 04 Jan Van Rijswijcklaan
652,Jan van Rijswijcklaan 159-171,2022-11-27,10:00:00,0,0,0,FMN 04 Jan Van Rijswijcklaan
652,Jan van Rijswijcklaan 159-171,2022-11-27,11:00:00,17,14,3,FMN 04 Jan Van Rijswijcklaan
652,Jan van Rijswijcklaan 159-171,2022-11-27,12:00:00,81,65,16,FMN 04 Jan Van Rijswijcklaan
652,Jan van Rijswijcklaan 159-171,2022-11-27,13:00:00,108,99,9,FMN 04 Jan Van Rijswijcklaan
652,Jan van Rijswijcklaan 159-171,2022-11-27,14:00:00,52,41,11,FMN 04 Jan Van Rijswijcklaan
652,Jan van Rijswijcklaan 159-171,2022-11-27,15:00:00,45,39,6,FMN 04 Jan Van Rijswijcklaan
652,Jan van Rijswijcklaan 159-171,2022-11-27,16:00:00,70,62,8,FMN 04 Jan Van Rijswijcklaan
652,Jan van Rijswijcklaan 159-171,2022-11-27,17:00:00,47,37,10,FMN 04 Jan Van Rijswijcklaan
652,Jan van Rijswijcklaan 159-171,2022-11-27,18:00:00,0,0,0,FMN 04 Jan Van Rijswijcklaan
652,Jan van Rijswijcklaan 159-171,2022-11-27,19:00:00,0,0,0,FMN 04 Jan Van Rijswijcklaan
652,Jan van Rijswijcklaan 159-171,2022-11-27,20:00:00,0,0,0,FMN 04 Jan Van Rijswijcklaan
652,Jan van Rijswijcklaan 159-171,2022-11-27,21:00:00,0,0,0,FMN 04 Jan Van Rijswijcklaan
652,Jan van Rijswijcklaan 159-171,2022-11-27,22:00:00,0,0,0,FMN 04 Jan Van Rijswijcklaan
652,Jan van Rijswijcklaan 159-171,2022-11-27,23:00:00,0,0,0,FMN 04 Jan Van Rijswijcklaan
652,Jan van Rijswijcklaan 159-171,2022-11-28,00:00:00,0,0,0,FMN 04 Jan Van Rijswijcklaan
652,Jan van Rijswijcklaan 159-171,2022-11-28,01:00:00,0,0,0,FMN 04 Jan Van Rijswijcklaan
652,Jan van Rijswijcklaan 159-171,2022-11-28,02:00:00,0,0,0,FMN 04 Jan Van Rijswijcklaan
652,Jan van Rijswijcklaan 159-171,2022-11-28,03:00:00,0,0,0,FMN 04 Jan Van Rijswijcklaan
652,Jan van Rijswijcklaan 159-171,2022-11-28,04:00:00,0,0,0,FMN 04 Jan Van Rijswijcklaan
652,Jan van Rijswijcklaan 159-171,2022-11-28,05:00:00,0,0,0,FMN 04 Jan Van Rijswijcklaan
652,Jan van Rijswijcklaan 159-171,2022-11-28,06:00:00,0,0,0,FMN 04 Jan Van Rijswijcklaan
652,Jan van Rijswijcklaan 159-171,2022-11-28,07:00:00,0,0,0,FMN 04 Jan Van Rijswijcklaan
652,Jan van Rijswijcklaan 159-171,2022-11-28,08:00:00,0,0,0,FMN 04 Jan Van Rijswijcklaan
652,Jan van Rijswijcklaan 159-171,2022-11-28,09:00:00,0,0,0,FMN 04 Jan Van Rijswijcklaan
652,Jan van Rijswijcklaan 159-171,2022-11-28,10:00:00,25,24,1,FMN 04 Jan Van Rijswijcklaan
652,Jan van Rijswijcklaan 159-171,2022-11-28,11:00:00,79,69,10,FMN 04 Jan Van Rijswijcklaan
652,Jan van Rijswijcklaan 159-171,2022-11-28,12:00:00,135,123,12,FMN 04 Jan Van Rijswijcklaan
652,Jan van Rijswijcklaan 159-171,2022-11-28,13:00:00,93,80,13,FMN 04 Jan Van Rijswijcklaan
652,Jan van Rijswijcklaan 159-171,2022-11-28,14:00:00,113,95,18,FMN 04 Jan Van Rijswijcklaan
652,Jan van Rijswijcklaan 159-171,2022-11-28,15:00:00,205,177,28,FMN 04 Jan Van Rijswijcklaan
652,Jan van Rijswijcklaan 159-171,2022-11-28,16:00:00,331,292,39,FMN 04 Jan Van Rijswijcklaan
652,Jan van Rijswijcklaan 159-171,2022-11-28,17:00:00,235,205,30,FMN 04 Jan Van Rijswijcklaan
652,Jan van Rijswijcklaan 159-171,2022-11-28,18:00:00,141,118,23,FMN 04 Jan Van Rijswijcklaan
652,Jan van Rijswijcklaan 159-171,2022-11-28,19:00:00,0,0,0,FMN 04 Jan Van Rijswijcklaan
652,Jan van Rijswijcklaan 159-171,2022-11-28,20:00:00,0,0,0,FMN 04 Jan Van Rijswijcklaan
652,Jan van Rijswijcklaan 159-171,2022-11-28,21:00:00,0,0,0,FMN 04 Jan Van Rijswijcklaan
652,Jan van Rijswijcklaan 159-171,2022-11-28,22:00:00,0,0,0,FMN 04 Jan Van Rijswijcklaan
652,Jan van Rijswijcklaan 159-171,2022-11-28,23:00:00,0,0,0,FMN 04 Jan Van Rijswijcklaan
652,Jan van Rijswijcklaan 159-171,2022-11-29,00:00:00,0,0,0,FMN 04 Jan Van Rijswijcklaan
652,Jan van Rijswijcklaan 159-171,2022-11-29,01:00:00,0,0,0,FMN 04 Jan Van Rijswijcklaan
652,Jan van Rijswijcklaan 159-171,2022-11-29,02:00:00,0,0,0,FMN 04 Jan Van Rijswijcklaan
652,Jan van Rijswijcklaan 159-171,2022-11-29,03:00:00,0,0,0,FMN 04 Jan Van Rijswijcklaan
652,Jan van Rijswijcklaan 159-171,2022-11-29,04:00:00,0,0,0,FMN 04 Jan Van Rijswijcklaan
652,Jan van Rijswijcklaan 159-171,2022-11-29,05:00:00,0,0,0,FMN 04 Jan Van Rijswijcklaan
652,Jan van Rijswijcklaan 159-171,2022-11-29,06:00:00,0,0,0,FMN 04 Jan Van Rijswijcklaan
652,Jan van Rijswijcklaan 159-171,2022-11-29,07:00:00,0,0,0,FMN 04 Jan Van Rijswijcklaan
652,Jan van Rijswijcklaan 159-171,2022-11-29,08:00:00,0,0,0,FMN 04 Jan Van Rijswijcklaan
652,Jan van Rijswijcklaan 159-171,2022-11-29,09:00:00,0,0,0,FMN 04 Jan Van Rijswijcklaan
652,Jan van Rijswijcklaan 159-171,2022-11-29,10:00:00,0,0,0,FMN 04 Jan Van Rijswijcklaan
652,Jan van Rijswijcklaan 159-171,2022-11-29,11:00:00,103,84,19,FMN 04 Jan Van Rijswijcklaan
652,Jan van Rijswijcklaan 159-171,2022-11-29,12:00:00,127,115,12,FMN 04 Jan Van Rijswijcklaan
652,Jan van Rijswijcklaan 159-171,2022-11-29,13:00:00,127,113,14,FMN 04 Jan Van Rijswijcklaan
652,Jan van Rijswijcklaan 159-171,2022-11-29,14:00:00,113,104,9,FMN 04 Jan Van Rijswijcklaan
652,Jan van Rijswijcklaan 159-171,2022-11-29,15:00:00,220,191,29,FMN 04 Jan Van Rijswijcklaan
652,Jan van Rijswijcklaan 159-171,2022-11-29,16:00:00,315,275,40,FMN 04 Jan Van Rijswijcklaan
652,Jan van Rijswijcklaan 159-171,2022-11-29,17:00:00,284,241,43,FMN 04 Jan Van Rijswijcklaan
652,Jan van Rijswijcklaan 159-171,2022-11-29,18:00:00,188,165,23,FMN 04 Jan Van Rijswijcklaan
652,Jan van Rijswijcklaan 159-171,2022-11-29,19:00:00,26,19,7,FMN 04 Jan Van Rijswijcklaan
652,Jan van Rijswijcklaan 159-171,2022-11-29,20:00:00,0,0,0,FMN 04 Jan Van Rijswijcklaan
652,Jan van Rijswijcklaan 159-171,2022-11-29,21:00:00,0,0,0,FMN 04 Jan Van Rijswijcklaan
652,Jan van Rijswijcklaan 159-171,2022-11-29,22:00:00,0,0,0,FMN 04 Jan Van Rijswijcklaan
652,Jan van Rijswijcklaan 159-171,2022-11-29,23:00:00,0,0,0,FMN 04 Jan Van Rijswijcklaan
652,Jan van Rijswijcklaan 159-171,2022-11-30,00:00:00,0,0,0,FMN 04 Jan Van Rijswijcklaan
652,Jan van Rijswijcklaan 159-171,2022-11-30,01:00:00,0,0,0,FMN 04 Jan Van Rijswijcklaan
652,Jan van Rijswijcklaan 159-171,2022-11-30,02:00:00,0,0,0,FMN 04 Jan Van Rijswijcklaan
652,Jan van Rijswijcklaan 159-171,2022-11-30,03:00:00,0,0,0,FMN 04 Jan Van Rijswijcklaan
652,Jan van Rijswijcklaan 159-171,2022-11-30,04:00:00,0,0,0,FMN 04 Jan Van Rijswijcklaan
652,Jan van Rijswijcklaan 159-171,2022-11-30,05:00:00,0,0,0,FMN 04 Jan Van Rijswijcklaan
652,Jan van Rijswijcklaan 159-171,2022-11-30,06:00:00,0,0,0,FMN 04 Jan Van Rijswijcklaan
652,Jan van Rijswijcklaan 159-171,2022-11-30,07:00:00,0,0,0,FMN 04 Jan Van Rijswijcklaan
652,Jan van Rijswijcklaan 159-171,2022-11-30,08:00:00,0,0,0,FMN 04 Jan Van Rijswijcklaan
652,Jan van Rijswijcklaan 159-171,2022-11-30,09:00:00,0,0,0,FMN 04 Jan Van Rijswijcklaan
652,Jan van Rijswijcklaan 159-171,2022-11-30,10:00:00,65,46,19,FMN 04 Jan Van Rijswijcklaan
652,Jan van Rijswijcklaan 159-171,2022-11-30,11:00:00,100,93,7,FMN 04 Jan Van Rijswijcklaan
652,Jan van Rijswijcklaan 159-171,2022-11-30,12:00:00,297,270,27,FMN 04 Jan Van Rijswijcklaan
652,Jan van Rijswijcklaan 159-171,2022-11-30,13:00:00,126,108,18,FMN 04 Jan Van Rijswijcklaan
652,Jan van Rijswijcklaan 159-171,2022-11-30,14:00:00,121,104,17,FMN 04 Jan Van Rijswijcklaan
652,Jan van Rijswijcklaan 159-171,2022-11-30,15:00:00,139,113,26,FMN 04 Jan Van Rijswijcklaan
652,Jan van Rijswijcklaan 159-171,2022-11-30,16:00:00,224,198,26,FMN 04 Jan Van Rijswijcklaan
652,Jan van Rijswijcklaan 159-171,2022-11-30,17:00:00,254,226,28,FMN 04 Jan Van Rijswijcklaan
652,Jan van Rijswijcklaan 159-171,2022-11-30,18:00:00,145,125,20,FMN 04 Jan Van Rijswijcklaan
652,Jan van Rijswijcklaan 159-171,2022-11-30,19:00:00,0,0,0,FMN 04 Jan Van Rijswijcklaan
652,Jan van Rijswijcklaan 159-171,2022-11-30,20:00:00,0,0,0,FMN 04 Jan Van Rijswijcklaan
652,Jan van Rijswijcklaan 159-171,2022-11-30,21:00:00,0,0,0,FMN 04 Jan Van Rijswijcklaan
652,Jan van Rijswijcklaan 159-171,2022-11-30,22:00:00,0,0,0,FMN 04 Jan Van Rijswijcklaan
652,Jan van Rijswijcklaan 159-171,2022-11-30,23:00:00,0,0,0,FMN 04 Jan Van Rijswijcklaan
652,Jan van Rijswijcklaan 159-171,2022-12-01,00:00:00,0,0,0,FMN 04 Jan Van Rijswijcklaan
652,Jan van Rijswijcklaan 159-171,2022-12-01,01:00:00,0,0,0,FMN 04 Jan Van Rijswijcklaan
652,Jan van Rijswijcklaan 159-171,2022-12-01,02:00:00,0,0,0,FMN 04 Jan Van Rijswijcklaan
652,Jan van Rijswijcklaan 159-171,2022-12-01,03:00:00,0,0,0,FMN 04 Jan Van Rijswijcklaan
652,Jan van Rijswijcklaan 159-171,2022-12-01,04:00:00,0,0,0,FMN 04 Jan Van Rijswijcklaan
652,Jan van Rijswijcklaan 159-171,2022-12-01,05:00:00,0,0,0,FMN 04 Jan Van Rijswijcklaan
652,Jan van Rijswijcklaan 159-171,2022-12-01,06:00:00,0,0,0,FMN 04 Jan Van Rijswijcklaan
652,Jan van Rijswijcklaan 159-171,2022-12-01,07:00:00,0,0,0,FMN 04 Jan Van Rijswijcklaan
652,Jan van Rijswijcklaan 159-171,2022-12-01,08:00:00,0,0,0,FMN 04 Jan Van Rijswijcklaan
652,Jan van Rijswijcklaan 159-171,2022-12-01,09:00:00,0,0,0,FMN 04 Jan Van Rijswijcklaan
652,Jan van Rijswijcklaan 159-171,2022-12-01,10:00:00,0,0,0,FMN 04 Jan Van Rijswijcklaan
652,Jan van Rijswijcklaan 159-171,2022-12-01,11:00:00,48,45,3,FMN 04 Jan Van Rijswijcklaan
652,Jan van Rijswijcklaan 159-171,2022-12-01,12:00:00,147,129,18,FMN 04 Jan Van Rijswijcklaan
652,Jan van Rijswijcklaan 159-171,2022-12-01,13:00:00,127,110,17,FMN 04 Jan Van Rijswijcklaan
652,Jan van Rijswijcklaan 159-171,2022-12-01,14:00:00,120,110,10,FMN 04 Jan Van Rijswijcklaan
652,Jan van Rijswijcklaan 159-171,2022-12-01,15:00:00,248,219,29,FMN 04 Jan Van Rijswijcklaan
652,Jan van Rijswijcklaan 159-171,2022-12-01,16:00:00,301,271,30,FMN 04 Jan Van Rijswijcklaan
652,Jan van Rijswijcklaan 159-171,2022-12-01,17:00:00,236,214,22,FMN 04 Jan Van Rijswijcklaan
652,Jan van Rijswijcklaan 159-171,2022-12-01,18:00:00,213,190,23,FMN 04 Jan Van Rijswijcklaan
652,Jan van Rijswijcklaan 159-171,2022-12-01,19:00:00,91,82,9,FMN 04 Jan Van Rijswijcklaan
652,Jan van Rijswijcklaan 159-171,2022-12-01,20:00:00,0,0,0,FMN 04 Jan Van Rijswijcklaan
652,Jan van Rijswijcklaan 159-171,2022-12-01,21:00:00,0,0,0,FMN 04 Jan Van Rijswijcklaan
652,Jan van Rijswijcklaan 159-171,2022-12-01,22:00:00,0,0,0,FMN 04 Jan Van Rijswijcklaan
652,Jan van Rijswijcklaan 159-171,2022-12-01,23:00:00,0,0,0,FMN 04 Jan Van Rijswijcklaan
652,Jan van Rijswijcklaan 159-171,2022-12-02,00:00:00,6,4,2,FMN 04 Jan Van Rijswijcklaan
652,Jan van Rijswijcklaan 159-171,2022-12-02,01:00:00,4,3,1,FMN 04 Jan Van Rijswijcklaan
652,Jan van Rijswijcklaan 159-171,2022-12-02,02:00:00,2,1,1,FMN 04 Jan Van Rijswijcklaan
652,Jan van Rijswijcklaan 159-171,2022-12-02,03:00:00,4,3,1,FMN 04 Jan Van Rijswijcklaan
652,Jan van Rijswijcklaan 159-171,2022-12-02,04:00:00,2,2,0,FMN 04 Jan Van Rijswijcklaan
652,Jan van Rijswijcklaan 159-171,2022-12-02,05:00:00,14,13,1,FMN 04 Jan Van Rijswijcklaan
652,Jan van Rijswijcklaan 159-171,2022-12-02,06:00:00,37,24,13,FMN 04 Jan Van Rijswijcklaan
652,Jan van Rijswijcklaan 159-171,2022-12-02,07:00:00,92,84,8,FMN 04 Jan Van Rijswijcklaan
652,Jan van Rijswijcklaan 159-171,2022-12-02,08:00:00,195,175,20,FMN 04 Jan Van Rijswijcklaan
652,Jan van Rijswijcklaan 159-171,2022-12-02,09:00:00,96,81,15,FMN 04 Jan Van Rijswijcklaan
652,Jan van Rijswijcklaan 159-171,2022-12-02,10:00:00,80,69,11,FMN 04 Jan Van Rijswijcklaan
652,Jan van Rijswijcklaan 159-171,2022-12-02,11:00:00,62,52,10,FMN 04 Jan Van Rijswijcklaan
652,Jan van Rijswijcklaan 159-171,2022-12-02,12:00:00,89,81,8,FMN 04 Jan Van Rijswijcklaan
652,Jan van Rijswijcklaan 159-171,2022-12-02,13:00:00,89,72,17,FMN 04 Jan Van Rijswijcklaan
652,Jan van Rijswijcklaan 159-171,2022-12-02,14:00:00,96,79,17,FMN 04 Jan Van Rijswijcklaan
652,Jan van Rijswijcklaan 159-171,2022-12-02,15:00:00,134,115,19,FMN 04 Jan Van Rijswijcklaan
652,Jan van Rijswijcklaan 159-171,2022-12-02,16:00:00,157,136,21,FMN 04 Jan Van Rijswijcklaan
652,Jan van Rijswijcklaan 159-171,2022-12-02,17:00:00,137,115,22,FMN 04 Jan Van Rijswijcklaan
652,Jan van Rijswijcklaan 159-171,2022-12-02,18:00:00,119,106,13,FMN 04 Jan Van Rijswijcklaan
652,Jan van Rijswijcklaan 159-171,2022-12-02,19:00:00,91,80,11,FMN 04 Jan Van Rijswijcklaan
652,Jan van Rijswijcklaan 159-171,2022-12-02,20:00:00,62,56,6,FMN 04 Jan Van Rijswijcklaan
652,Jan van Rijswijcklaan 159-171,2022-12-02,21:00:00,42,33,9,FMN 04 Jan Van Rijswijcklaan
652,Jan van Rijswijcklaan 159-171,2022-12-02,22:00:00,33,28,5,FMN 04 Jan Van Rijswijcklaan
652,Jan van Rijswijcklaan 159-171,2022-12-02,23:00:00,42,31,11,FMN 04 Jan Van Rijswijcklaan
652,Jan van Rijswijcklaan 159-171,2022-12-03,00:00:00,0,0,0,FMN 04 Jan Van Rijswijcklaan
652,Jan van Rijswijcklaan 159-171,2022-12-03,01:00:00,0,0,0,FMN 04 Jan Van Rijswijcklaan
652,Jan van Rijswijcklaan 159-171,2022-12-03,02:00:00,0,0,0,FMN 04 Jan Van Rijswijcklaan
652,Jan van Rijswijcklaan 159-171,2022-12-03,03:00:00,0,0,0,FMN 04 Jan Van Rijswijcklaan
652,Jan van Rijswijcklaan 159-171,2022-12-03,04:00:00,0,0,0,FMN 04 Jan Van Rijswijcklaan
652,Jan van Rijswijcklaan 159-171,2022-12-03,05:00:00,0,0,0,FMN 04 Jan Van Rijswijcklaan
652,Jan van Rijswijcklaan 159-171,2022-12-03,06:00:00,0,0,0,FMN 04 Jan Van Rijswijcklaan
652,Jan van Rijswijcklaan 159-171,2022-12-03,07:00:00,0,0,0,FMN 04 Jan Van Rijswijcklaan
652,Jan van Rijswijcklaan 159-171,2022-12-03,08:00:00,0,0,0,FMN 04 Jan Van Rijswijcklaan
652,Jan van Rijswijcklaan 159-171,2022-12-03,09:00:00,0,0,0,FMN 04 Jan Van Rijswijcklaan
652,Jan van Rijswijcklaan 159-171,2022-12-03,10:00:00,0,0,0,FMN 04 Jan Van Rijswijcklaan
652,Jan van Rijswijcklaan 159-171,2022-12-03,11:00:00,11,10,1,FMN 04 Jan Van Rijswijcklaan
652,Jan van Rijswijcklaan 159-171,2022-12-03,12:00:00,121,111,10,FMN 04 Jan Van Rijswijcklaan
652,Jan van Rijswijcklaan 159-171,2022-12-03,13:00:00,106,81,25,FMN 04 Jan Van Rijswijcklaan
652,Jan van Rijswijcklaan 159-171,2022-12-03,14:00:00,99,80,19,FMN 04 Jan Van Rijswijcklaan
652,Jan van Rijswijcklaan 159-171,2022-12-03,15:00:00,86,72,14,FMN 04 Jan Van Rijswijcklaan
652,Jan van Rijswijcklaan 159-171,2022-12-03,16:00:00,0,0,0,FMN 04 Jan Van Rijswijcklaan
652,Jan van Rijswijcklaan 159-171,2022-12-03,17:00:00,0,0,0,FMN 04 Jan Van Rijswijcklaan
652,Jan van Rijswijcklaan 159-171,2022-12-03,18:00:00,0,0,0,FMN 04 Jan Van Rijswijcklaan
652,Jan van Rijswijcklaan 159-171,2022-12-03,19:00:00,0,0,0,FMN 04 Jan Van Rijswijcklaan
652,Jan van Rijswijcklaan 159-171,2022-12-03,20:00:00,0,0,0,FMN 04 Jan Van Rijswijcklaan
652,Jan van Rijswijcklaan 159-171,2022-12-03,21:00:00,0,0,0,FMN 04 Jan Van Rijswijcklaan
652,Jan van Rijswijcklaan 159-171,2022-12-03,22:00:00,0,0,0,FMN 04 Jan Van Rijswijcklaan
652,Jan van Rijswijcklaan 159-171,2022-12-03,23:00:00,0,0,0,FMN 04 Jan Van Rijswijcklaan
652,Jan van Rijswijcklaan 159-171,2022-12-04,00:00:00,0,0,0,FMN 04 Jan Van Rijswijcklaan
652,Jan van Rijswijcklaan 159-171,2022-12-04,01:00:00,0,0,0,FMN 04 Jan Van Rijswijcklaan
652,Jan van Rijswijcklaan 159-171,2022-12-04,02:00:00,0,0,0,FMN 04 Jan Van Rijswijcklaan
652,Jan van Rijswijcklaan 159-171,2022-12-04,03:00:00,0,0,0,FMN 04 Jan Van Rijswijcklaan
652,Jan van Rijswijcklaan 159-171,2022-12-04,04:00:00,0,0,0,FMN 04 Jan Van Rijswijcklaan
652,Jan van Rijswijcklaan 159-171,2022-12-04,05:00:00,0,0,0,FMN 04 Jan Van Rijswijcklaan
652,Jan van Rijswijcklaan 159-171,2022-12-04,06:00:00,0,0,0,FMN 04 Jan Van Rijswijcklaan
652,Jan van Rijswijcklaan 159-171,2022-12-04,07:00:00,0,0,0,FMN 04 Jan Van Rijswijcklaan
652,Jan van Rijswijcklaan 159-171,2022-12-04,08:00:00,0,0,0,FMN 04 Jan Van Rijswijcklaan
652,Jan van Rijswijcklaan 159-171,2022-12-04,09:00:00,0,0,0,FMN 04 Jan Van Rijswijcklaan
652,Jan van Rijswijcklaan 159-171,2022-12-04,10:00:00,0,0,0,FMN 04 Jan Van Rijswijcklaan
652,Jan van Rijswijcklaan 159-171,2022-12-04,11:00:00,2,0,2,FMN 04 Jan Van Rijswijcklaan
652,Jan van Rijswijcklaan 159-171,2022-12-04,12:00:00,0,0,0,FMN 04 Jan Van Rijswijcklaan
652,Jan van Rijswijcklaan 159-171,2022-12-04,13:00:00,0,0,0,FMN 04 Jan Van Rijswijcklaan
652,Jan van Rijswijcklaan 159-171,2022-12-04,14:00:00,0,0,0,FMN 04 Jan Van Rijswijcklaan
652,Jan van Rijswijcklaan 159-171,2022-12-04,15:00:00,0,0,0,FMN 04 Jan Van Rijswijcklaan
652,Jan van Rijswijcklaan 159-171,2022-12-04,16:00:00,0,0,0,FMN 04 Jan Van Rijswijcklaan
652,Jan van Rijswijcklaan 159-171,2022-12-04,17:00:00,0,0,0,FMN 04 Jan Van Rijswijcklaan
652,Jan van Rijswijcklaan 159-171,2022-12-04,18:00:00,0,0,0,FMN 04 Jan Van Rijswijcklaan
652,Jan van Rijswijcklaan 159-171,2022-12-04,19:00:00,0,0,0,FMN 04 Jan Van Rijswijcklaan
652,Jan van Rijswijcklaan 159-171,2022-12-04,20:00:00,0,0,0,FMN 04 Jan Van Rijswijcklaan
652,Jan van Rijswijcklaan 159-171,2022-12-04,21:00:00,0,0,0,FMN 04 Jan Van Rijswijcklaan
652,Jan van Rijswijcklaan 159-171,2022-12-04,22:00:00,0,0,0,FMN 04 Jan Van Rijswijcklaan
652,Jan van Rijswijcklaan 159-171,2022-12-04,23:00:00,0,0,0,FMN 04 Jan Van Rijswijcklaan
652,Jan van Rijswijcklaan 159-171,2022-12-05,00:00:00,5,4,1,FMN 04 Jan Van Rijswijcklaan
652,Jan van Rijswijcklaan 159-171,2022-12-05,01:00:00,6,6,0,FMN 04 Jan Van Rijswijcklaan
652,Jan van Rijswijcklaan 159-171,2022-12-05,02:00:00,1,1,0,FMN 04 Jan Van Rijswijcklaan
652,Jan van Rijswijcklaan 159-171,2022-12-05,03:00:00,3,2,1,FMN 04 Jan Van Rijswijcklaan
652,Jan van Rijswijcklaan 159-171,2022-12-05,04:00:00,6,4,2,FMN 04 Jan Van Rijswijcklaan
652,Jan van Rijswijcklaan 159-171,2022-12-05,05:00:00,7,6,1,FMN 04 Jan Van Rijswijcklaan
652,Jan van Rijswijcklaan 159-171,2022-12-05,06:00:00,39,36,3,FMN 04 Jan Van Rijswijcklaan
652,Jan van Rijswijcklaan 159-171,2022-12-05,07:00:00,98,90,8,FMN 04 Jan Van Rijswijcklaan
652,Jan van Rijswijcklaan 159-171,2022-12-05,08:00:00,198,186,12,FMN 04 Jan Van Rijswijcklaan
652,Jan van Rijswijcklaan 159-171,2022-12-05,09:00:00,73,67,6,FMN 04 Jan Van Rijswijcklaan
652,Jan van Rijswijcklaan 159-171,2022-12-05,10:00:00,71,59,12,FMN 04 Jan Van Rijswijcklaan
652,Jan van Rijswijcklaan 159-171,2022-12-05,11:00:00,63,57,6,FMN 04 Jan Van Rijswijcklaan
652,Jan van Rijswijcklaan 159-171,2022-12-05,12:00:00,77,62,15,FMN 04 Jan Van Rijswijcklaan
652,Jan van Rijswijcklaan 159-171,2022-12-05,13:00:00,83,65,18,FMN 04 Jan Van Rijswijcklaan
652,Jan van Rijswijcklaan 159-171,2022-12-05,14:00:00,88,79,9,FMN 04 Jan Van Rijswijcklaan
652,Jan van Rijswijcklaan 159-171,2022-12-05,15:00:00,109,94,15,FMN 04 Jan Van Rijswijcklaan
652,Jan van Rijswijcklaan 159-171,2022-12-05,16:00:00,148,130,18,FMN 04 Jan Van Rijswijcklaan
652,Jan van Rijswijcklaan 159-171,2022-12-05,17:00:00,151,131,20,FMN 04 Jan Van Rijswijcklaan
652,Jan van Rijswijcklaan 159-171,2022-12-05,18:00:00,115,102,13,FMN 04 Jan Van Rijswijcklaan
652,Jan van Rijswijcklaan 159-171,2022-12-05,19:00:00,70,60,10,FMN 04 Jan Van Rijswijcklaan
652,Jan van Rijswijcklaan 159-171,2022-12-05,20:00:00,55,42,13,FMN 04 Jan Van Rijswijcklaan
652,Jan van Rijswijcklaan 159-171,2022-12-05,21:00:00,37,30,7,FMN 04 Jan Van Rijswijcklaan
652,Jan van Rijswijcklaan 159-171,2022-12-05,22:00:00,38,29,9,FMN 04 Jan Van Rijswijcklaan
652,Jan van Rijswijcklaan 159-171,2022-12-05,23:00:00,17,14,3,FMN 04 Jan Van Rijswijcklaan
652,Jan van Rijswijcklaan 159-171,2022-12-06,00:00:00,0,0,0,FMN 04 Jan Van Rijswijcklaan
652,Jan van Rijswijcklaan 159-171,2022-12-06,01:00:00,0,0,0,FMN 04 Jan Van Rijswijcklaan
652,Jan van Rijswijcklaan 159-171,2022-12-06,02:00:00,0,0,0,FMN 04 Jan Van Rijswijcklaan
652,Jan van Rijswijcklaan 159-171,2022-12-06,03:00:00,0,0,0,FMN 04 Jan Van Rijswijcklaan
652,Jan van Rijswijcklaan 159-171,2022-12-06,04:00:00,0,0,0,FMN 04 Jan Van Rijswijcklaan
652,Jan van Rijswijcklaan 159-171,2022-12-06,05:00:00,0,0,0,FMN 04 Jan Van Rijswijcklaan
652,Jan van Rijswijcklaan 159-171,2022-12-06,06:00:00,0,0,0,FMN 04 Jan Van Rijswijcklaan
652,Jan van Rijswijcklaan 159-171,2022-12-06,07:00:00,0,0,0,FMN 04 Jan Van Rijswijcklaan
652,Jan van Rijswijcklaan 159-171,2022-12-06,08:00:00,0,0,0,FMN 04 Jan Van Rijswijcklaan
652,Jan van Rijswijcklaan 159-171,2022-12-06,09:00:00,0,0,0,FMN 04 Jan Van Rijswijcklaan
652,Jan van Rijswijcklaan 159-171,2022-12-06,10:00:00,99,91,8,FMN 04 Jan Van Rijswijcklaan
652,Jan van Rijswijcklaan 159-171,2022-12-06,11:00:00,111,102,9,FMN 04 Jan Van Rijswijcklaan
652,Jan van Rijswijcklaan 159-171,2022-12-06,12:00:00,124,107,17,FMN 04 Jan Van Rijswijcklaan
652,Jan van Rijswijcklaan 159-171,2022-12-06,13:00:00,114,94,20,FMN 04 Jan Van Rijswijcklaan
652,Jan van Rijswijcklaan 159-171,2022-12-06,14:00:00,102,92,10,FMN 04 Jan Van Rijswijcklaan
652,Jan van Rijswijcklaan 159-171,2022-12-06,15:00:00,211,186,25,FMN 04 Jan Van Rijswijcklaan
652,Jan van Rijswijcklaan 159-171,2022-12-06,16:00:00,57,51,6,FMN 04 Jan Van Rijswijcklaan
652,Jan van Rijswijcklaan 159-171,2022-12-06,17:00:00,0,0,0,FMN 04 Jan Van Rijswijcklaan
652,Jan van Rijswijcklaan 159-171,2022-12-06,18:00:00,0,0,0,FMN 04 Jan Van Rijswijcklaan
652,Jan van Rijswijcklaan 159-171,2022-12-06,19:00:00,0,0,0,FMN 04 Jan Van Rijswijcklaan
652,Jan van Rijswijcklaan 159-171,2022-12-06,20:00:00,0,0,0,FMN 04 Jan Van Rijswijcklaan
652,Jan van Rijswijcklaan 159-171,2022-12-06,21:00:00,0,0,0,FMN 04 Jan Van Rijswijcklaan
652,Jan van Rijswijcklaan 159-171,2022-12-06,22:00:00,0,0,0,FMN 04 Jan Van Rijswijcklaan
652,Jan van Rijswijcklaan 159-171,2022-12-06,23:00:00,0,0,0,FMN 04 Jan Van Rijswijcklaan
652,Jan van Rijswijcklaan 159-171,2022-12-07,00:00:00,0,0,0,FMN 04 Jan Van Rijswijcklaan
652,Jan van Rijswijcklaan 159-171,2022-12-07,01:00:00,0,0,0,FMN 04 Jan Van Rijswijcklaan
652,Jan van Rijswijcklaan 159-171,2022-12-07,02:00:00,0,0,0,FMN 04 Jan Van Rijswijcklaan
652,Jan van Rijswijcklaan 159-171,2022-12-07,03:00:00,0,0,0,FMN 04 Jan Van Rijswijcklaan
652,Jan van Rijswijcklaan 159-171,2022-12-07,04:00:00,0,0,0,FMN 04 Jan Van Rijswijcklaan
652,Jan van Rijswijcklaan 159-171,2022-12-07,05:00:00,0,0,0,FMN 04 Jan Van Rijswijcklaan
652,Jan van Rijswijcklaan 159-171,2022-12-07,06:00:00,0,0,0,FMN 04 Jan Van Rijswijcklaan
652,Jan van Rijswijcklaan 159-171,2022-12-07,07:00:00,0,0,0,FMN 04 Jan Van Rijswijcklaan
652,Jan van Rijswijcklaan 159-171,2022-12-07,08:00:00,0,0,0,FMN 04 Jan Van Rijswijcklaan
652,Jan van Rijswijcklaan 159-171,2022-12-07,09:00:00,0,0,0,FMN 04 Jan Van Rijswijcklaan
652,Jan van Rijswijcklaan 159-171,2022-12-07,10:00:00,0,0,0,FMN 04 Jan Van Rijswijcklaan
652,Jan van Rijswijcklaan 159-171,2022-12-07,11:00:00,0,0,0,FMN 04 Jan Van Rijswijcklaan
652,Jan van Rijswijcklaan 159-171,2022-12-07,12:00:00,201,185,16,FMN 04 Jan Van Rijswijcklaan
652,Jan van Rijswijcklaan 159-171,2022-12-07,13:00:00,122,101,21,FMN 04 Jan Van Rijswijcklaan
652,Jan van Rijswijcklaan 159-171,2022-12-07,14:00:00,105,96,9,FMN 04 Jan Van Rijswijcklaan
652,Jan van Rijswijcklaan 159-171,2022-12-07,15:00:00,114,99,15,FMN 04 Jan Van Rijswijcklaan
652,Jan van Rijswijcklaan 159-171,2022-12-07,16:00:00,17,14,3,FMN 04 Jan Van Rijswijcklaan
652,Jan van Rijswijcklaan 159-171,2022-12-07,17:00:00,0,0,0,FMN 04 Jan Van Rijswijcklaan
652,Jan van Rijswijcklaan 159-171,2022-12-07,18:00:00,0,0,0,FMN 04 Jan Van Rijswijcklaan
652,Jan van Rijswijcklaan 159-171,2022-12-07,19:00:00,0,0,0,FMN 04 Jan Van Rijswijcklaan
652,Jan van Rijswijcklaan 159-171,2022-12-07,20:00:00,0,0,0,FMN 04 Jan Van Rijswijcklaan
652,Jan van Rijswijcklaan 159-171,2022-12-07,21:00:00,0,0,0,FMN 04 Jan Van Rijswijcklaan
652,Jan van Rijswijcklaan 159-171,2022-12-07,22:00:00,0,0,0,FMN 04 Jan Van Rijswijcklaan
652,Jan van Rijswijcklaan 159-171,2022-12-07,23:00:00,0,0,0,FMN 04 Jan Van Rijswijcklaan
652,Jan van Rijswijcklaan 159-171,2022-12-08,00:00:00,0,0,0,FMN 04 Jan Van Rijswijcklaan
652,Jan van Rijswijcklaan 159-171,2022-12-08,01:00:00,0,0,0,FMN 04 Jan Van Rijswijcklaan
652,Jan van Rijswijcklaan 159-171,2022-12-08,02:00:00,0,0,0,FMN 04 Jan Van Rijswijcklaan
652,Jan van Rijswijcklaan 159-171,2022-12-08,03:00:00,0,0,0,FMN 04 Jan Van Rijswijcklaan
652,Jan van Rijswijcklaan 159-171,2022-12-08,04:00:00,0,0,0,FMN 04 Jan Van Rijswijcklaan
652,Jan van Rijswijcklaan 159-171,2022-12-08,05:00:00,0,0,0,FMN 04 Jan Van Rijswijcklaan
652,Jan van Rijswijcklaan 159-171,2022-12-08,06:00:00,0,0,0,FMN 04 Jan Van Rijswijcklaan
652,Jan van Rijswijcklaan 159-171,2022-12-08,07:00:00,0,0,0,FMN 04 Jan Van Rijswijcklaan
652,Jan van Rijswijcklaan 159-171,2022-12-08,08:00:00,0,0,0,FMN 04 Jan Van Rijswijcklaan
652,Jan van Rijswijcklaan 159-171,2022-12-08,09:00:00,0,0,0,FMN 04 Jan Van Rijswijcklaan
652,Jan van Rijswijcklaan 159-171,2022-12-08,10:00:00,70,60,10,FMN 04 Jan Van Rijswijcklaan
652,Jan van Rijswijcklaan 159-171,2022-12-08,11:00:00,110,102,8,FMN 04 Jan Van Rijswijcklaan
652,Jan van Rijswijcklaan 159-171,2022-12-08,12:00:00,124,115,9,FMN 04 Jan Van Rijswijcklaan
652,Jan van Rijswijcklaan 159-171,2022-12-08,13:00:00,100,89,11,FMN 04 Jan Van Rijswijcklaan
652,Jan van Rijswijcklaan 159-171,2022-12-08,14:00:00,71,62,9,FMN 04 Jan Van Rijswijcklaan
652,Jan van Rijswijcklaan 159-171,2022-12-08,15:00:00,172,150,22,FMN 04 Jan Van Rijswijcklaan
652,Jan van Rijswijcklaan 159-171,2022-12-08,16:00:00,88,82,6,FMN 04 Jan Van Rijswijcklaan
652,Jan van Rijswijcklaan 159-171,2022-12-08,17:00:00,0,0,0,FMN 04 Jan Van Rijswijcklaan
652,Jan van Rijswijcklaan 159-171,2022-12-08,18:00:00,0,0,0,FMN 04 Jan Van Rijswijcklaan
652,Jan van Rijswijcklaan 159-171,2022-12-08,19:00:00,0,0,0,FMN 04 Jan Van Rijswijcklaan
652,Jan van Rijswijcklaan 159-171,2022-12-08,20:00:00,0,0,0,FMN 04 Jan Van Rijswijcklaan
652,Jan van Rijswijcklaan 159-171,2022-12-08,21:00:00,0,0,0,FMN 04 Jan Van Rijswijcklaan
652,Jan van Rijswijcklaan 159-171,2022-12-08,22:00:00,0,0,0,FMN 04 Jan Van Rijswijcklaan
652,Jan van Rijswijcklaan 159-171,2022-12-08,23:00:00,0,0,0,FMN 04 Jan Van Rijswijcklaan
652,Jan van Rijswijcklaan 159-171,2022-12-09,00:00:00,0,0,0,FMN 04 Jan Van Rijswijcklaan
652,Jan van Rijswijcklaan 159-171,2022-12-09,01:00:00,0,0,0,FMN 04 Jan Van Rijswijcklaan
652,Jan van Rijswijcklaan 159-171,2022-12-09,02:00:00,0,0,0,FMN 04 Jan Van Rijswijcklaan
652,Jan van Rijswijcklaan 159-171,2022-12-09,03:00:00,0,0,0,FMN 04 Jan Van Rijswijcklaan
652,Jan van Rijswijcklaan 159-171,2022-12-09,04:00:00,0,0,0,FMN 04 Jan Van Rijswijcklaan
652,Jan van Rijswijcklaan 159-171,2022-12-09,05:00:00,0,0,0,FMN 04 Jan Van Rijswijcklaan
652,Jan van Rijswijcklaan 159-171,2022-12-09,06:00:00,0,0,0,FMN 04 Jan Van Rijswijcklaan
652,Jan van Rijswijcklaan 159-171,2022-12-09,07:00:00,0,0,0,FMN 04 Jan Van Rijswijcklaan
652,Jan van Rijswijcklaan 159-171,2022-12-09,08:00:00,0,0,0,FMN 04 Jan Van Rijswijcklaan
652,Jan van Rijswijcklaan 159-171,2022-12-09,09:00:00,0,0,0,FMN 04 Jan Van Rijswijcklaan
652,Jan van Rijswijcklaan 159-171,2022-12-09,10:00:00,76,70,6,FMN 04 Jan Van Rijswijcklaan
652,Jan van Rijswijcklaan 159-171,2022-12-09,11:00:00,109,98,11,FMN 04 Jan Van Rijswijcklaan
652,Jan van Rijswijcklaan 159-171,2022-12-09,12:00:00,145,132,13,FMN 04 Jan Van Rijswijcklaan
652,Jan van Rijswijcklaan 159-171,2022-12-09,13:00:00,113,96,17,FMN 04 Jan Van Rijswijcklaan
652,Jan van Rijswijcklaan 159-171,2022-12-09,14:00:00,112,94,18,FMN 04 Jan Van Rijswijcklaan
652,Jan van Rijswijcklaan 159-171,2022-12-09,15:00:00,162,142,20,FMN 04 Jan Van Rijswijcklaan
652,Jan van Rijswijcklaan 159-171,2022-12-09,16:00:00,102,86,16,FMN 04 Jan Van Rijswijcklaan
652,Jan van Rijswijcklaan 159-171,2022-12-09,17:00:00,0,0,0,FMN 04 Jan Van Rijswijcklaan
652,Jan van Rijswijcklaan 159-171,2022-12-09,18:00:00,0,0,0,FMN 04 Jan Van Rijswijcklaan
652,Jan van Rijswijcklaan 159-171,2022-12-09,19:00:00,0,0,0,FMN 04 Jan Van Rijswijcklaan
652,Jan van Rijswijcklaan 159-171,2022-12-09,20:00:00,0,0,0,FMN 04 Jan Van Rijswijcklaan
652,Jan van Rijswijcklaan 159-171,2022-12-09,21:00:00,0,0,0,FMN 04 Jan Van Rijswijcklaan
652,Jan van Rijswijcklaan 159-171,2022-12-09,22:00:00,0,0,0,FMN 04 Jan Van Rijswijcklaan
652,Jan van Rijswijcklaan 159-171,2022-12-09,23:00:00,0,0,0,FMN 04 Jan Van Rijswijcklaan
652,Jan van Rijswijcklaan 159-171,2022-12-10,00:00:00,0,0,0,FMN 04 Jan Van Rijswijcklaan
652,Jan van Rijswijcklaan 159-171,2022-12-10,01:00:00,0,0,0,FMN 04 Jan Van Rijswijcklaan
652,Jan van Rijswijcklaan 159-171,2022-12-10,02:00:00,0,0,0,FMN 04 Jan Van Rijswijcklaan
652,Jan van Rijswijcklaan 159-171,2022-12-10,03:00:00,0,0,0,FMN 04 Jan Van Rijswijcklaan
652,Jan van Rijswijcklaan 159-171,2022-12-10,04:00:00,0,0,0,FMN 04 Jan Van Rijswijcklaan
652,Jan van Rijswijcklaan 159-171,2022-12-10,05:00:00,0,0,0,FMN 04 Jan Van Rijswijcklaan
652,Jan van Rijswijcklaan 159-171,2022-12-10,06:00:00,0,0,0,FMN 04 Jan Van Rijswijcklaan
652,Jan van Rijswijcklaan 159-171,2022-12-10,07:00:00,0,0,0,FMN 04 Jan Van Rijswijcklaan
652,Jan van Rijswijcklaan 159-171,2022-12-10,08:00:00,0,0,0,FMN 04 Jan Van Rijswijcklaan
652,Jan van Rijswijcklaan 159-171,2022-12-10,09:00:00,0,0,0,FMN 04 Jan Van Rijswijcklaan
652,Jan van Rijswijcklaan 159-171,2022-12-10,10:00:00,0,0,0,FMN 04 Jan Van Rijswijcklaan
652,Jan van Rijswijcklaan 159-171,2022-12-10,11:00:00,41,35,6,FMN 04 Jan Van Rijswijcklaan
652,Jan van Rijswijcklaan 159-171,2022-12-10,12:00:00,75,64,11,FMN 04 Jan Van Rijswijcklaan
652,Jan van Rijswijcklaan 159-171,2022-12-10,13:00:00,84,75,9,FMN 04 Jan Van Rijswijcklaan
652,Jan van Rijswijcklaan 159-171,2022-12-10,14:00:00,69,62,7,FMN 04 Jan Van Rijswijcklaan
652,Jan van Rijswijcklaan 159-171,2022-12-10,15:00:00,76,63,13,FMN 04 Jan Van Rijswijcklaan
652,Jan van Rijswijcklaan 159-171,2022-12-10,16:00:00,72,58,14,FMN 04 Jan Van Rijswijcklaan
652,Jan van Rijswijcklaan 159-171,2022-12-10,17:00:00,18,15,3,FMN 04 Jan Van Rijswijcklaan
652,Jan van Rijswijcklaan 159-171,2022-12-10,18:00:00,0,0,0,FMN 04 Jan Van Rijswijcklaan
652,Jan van Rijswijcklaan 159-171,2022-12-10,19:00:00,0,0,0,FMN 04 Jan Van Rijswijcklaan
652,Jan van Rijswijcklaan 159-171,2022-12-10,20:00:00,0,0,0,FMN 04 Jan Van Rijswijcklaan
652,Jan van Rijswijcklaan 159-171,2022-12-10,21:00:00,0,0,0,FMN 04 Jan Van Rijswijcklaan
652,Jan van Rijswijcklaan 159-171,2022-12-10,22:00:00,0,0,0,FMN 04 Jan Van Rijswijcklaan
652,Jan van Rijswijcklaan 159-171,2022-12-10,23:00:00,0,0,0,FMN 04 Jan Van Rijswijcklaan
652,Jan van Rijswijcklaan 159-171,2022-12-11,00:00:00,0,0,0,FMN 04 Jan Van Rijswijcklaan
652,Jan van Rijswijcklaan 159-171,2022-12-11,01:00:00,0,0,0,FMN 04 Jan Van Rijswijcklaan
652,Jan van Rijswijcklaan 159-171,2022-12-11,02:00:00,0,0,0,FMN 04 Jan Van Rijswijcklaan
652,Jan van Rijswijcklaan 159-171,2022-12-11,03:00:00,0,0,0,FMN 04 Jan Van Rijswijcklaan
652,Jan van Rijswijcklaan 159-171,2022-12-11,04:00:00,0,0,0,FMN 04 Jan Van Rijswijcklaan
652,Jan van Rijswijcklaan 159-171,2022-12-11,05:00:00,0,0,0,FMN 04 Jan Van Rijswijcklaan
652,Jan van Rijswijcklaan 159-171,2022-12-11,06:00:00,0,0,0,FMN 04 Jan Van Rijswijcklaan
652,Jan van Rijswijcklaan 159-171,2022-12-11,07:00:00,0,0,0,FMN 04 Jan Van Rijswijcklaan
652,Jan van Rijswijcklaan 159-171,2022-12-11,08:00:00,0,0,0,FMN 04 Jan Van Rijswijcklaan
652,Jan van Rijswijcklaan 159-171,2022-12-11,09:00:00,0,0,0,FMN 04 Jan Van Rijswijcklaan
652,Jan van Rijswijcklaan 159-171,2022-12-11,10:00:00,21,19,2,FMN 04 Jan Van Rijswijcklaan
652,Jan van Rijswijcklaan 159-171,2022-12-11,11:00:00,55,49,6,FMN 04 Jan Van Rijswijcklaan
652,Jan van Rijswijcklaan 159-171,2022-12-11,12:00:00,84,74,10,FMN 04 Jan Van Rijswijcklaan
652,Jan van Rijswijcklaan 159-171,2022-12-11,13:00:00,49,44,5,FMN 04 Jan Van Rijswijcklaan
652,Jan van Rijswijcklaan 159-171,2022-12-11,14:00:00,85,74,11,FMN 04 Jan Van Rijswijcklaan
652,Jan van Rijswijcklaan 159-171,2022-12-11,15:00:00,52,42,10,FMN 04 Jan Van Rijswijcklaan
652,Jan van Rijswijcklaan 159-171,2022-12-11,16:00:00,54,39,15,FMN 04 Jan Van Rijswijcklaan
652,Jan van Rijswijcklaan 159-171,2022-12-11,17:00:00,60,50,10,FMN 04 Jan Van Rijswijcklaan
652,Jan van Rijswijcklaan 159-171,2022-12-11,18:00:00,47,40,7,FMN 04 Jan Van Rijswijcklaan
652,Jan van Rijswijcklaan 159-171,2022-12-11,19:00:00,90,83,7,FMN 04 Jan Van Rijswijcklaan
652,Jan van Rijswijcklaan 159-171,2022-12-11,20:00:00,27,20,7,FMN 04 Jan Van Rijswijcklaan
652,Jan van Rijswijcklaan 159-171,2022-12-11,21:00:00,8,7,1,FMN 04 Jan Van Rijswijcklaan
652,Jan van Rijswijcklaan 159-171,2022-12-11,22:00:00,0,0,0,FMN 04 Jan Van Rijswijcklaan
652,Jan van Rijswijcklaan 159-171,2022-12-11,23:00:00,0,0,0,FMN 04 Jan Van Rijswijcklaan
652,Jan van Rijswijcklaan 159-171,2022-12-12,00:00:00,0,0,0,FMN 04 Jan Van Rijswijcklaan
652,Jan van Rijswijcklaan 159-171,2022-12-12,01:00:00,0,0,0,FMN 04 Jan Van Rijswijcklaan
652,Jan van Rijswijcklaan 159-171,2022-12-12,02:00:00,0,0,0,FMN 04 Jan Van Rijswijcklaan
652,Jan van Rijswijcklaan 159-171,2022-12-12,03:00:00,0,0,0,FMN 04 Jan Van Rijswijcklaan
652,Jan van Rijswijcklaan 159-171,2022-12-12,04:00:00,0,0,0,FMN 04 Jan Van Rijswijcklaan
652,Jan van Rijswijcklaan 159-171,2022-12-12,05:00:00,0,0,0,FMN 04 Jan Van Rijswijcklaan
652,Jan van Rijswijcklaan 159-171,2022-12-12,06:00:00,0,0,0,FMN 04 Jan Van Rijswijcklaan
652,Jan van Rijswijcklaan 159-171,2022-12-12,07:00:00,0,0,0,FMN 04 Jan Van Rijswijcklaan
652,Jan van Rijswijcklaan 159-171,2022-12-12,08:00:00,0,0,0,FMN 04 Jan Van Rijswijcklaan
652,Jan van Rijswijcklaan 159-171,2022-12-12,09:00:00,44,33,11,FMN 04 Jan Van Rijswijcklaan
652,Jan van Rijswijcklaan 159-171,2022-12-12,10:00:00,125,115,10,FMN 04 Jan Van Rijswijcklaan
652,Jan van Rijswijcklaan 159-171,2022-12-12,11:00:00,113,107,6,FMN 04 Jan Van Rijswijcklaan
652,Jan van Rijswijcklaan 159-171,2022-12-12,12:00:00,138,122,16,FMN 04 Jan Van Rijswijcklaan
652,Jan van Rijswijcklaan 159-171,2022-12-12,13:00:00,123,107,16,FMN 04 Jan Van Rijswijcklaan
652,Jan van Rijswijcklaan 159-171,2022-12-12,14:00:00,89,69,20,FMN 04 Jan Van Rijswijcklaan
652,Jan van Rijswijcklaan 159-171,2022-12-12,15:00:00,116,103,13,FMN 04 Jan Van Rijswijcklaan
652,Jan van Rijswijcklaan 159-171,2022-12-12,16:00:00,153,131,22,FMN 04 Jan Van Rijswijcklaan
652,Jan van Rijswijcklaan 159-171,2022-12-12,17:00:00,196,179,17,FMN 04 Jan Van Rijswijcklaan
652,Jan van Rijswijcklaan 159-171,2022-12-12,18:00:00,127,117,10,FMN 04 Jan Van Rijswijcklaan
652,Jan van Rijswijcklaan 159-171,2022-12-12,19:00:00,64,51,13,FMN 04 Jan Van Rijswijcklaan
652,Jan van Rijswijcklaan 159-171,2022-12-12,20:00:00,57,40,17,FMN 04 Jan Van Rijswijcklaan
652,Jan van Rijswijcklaan 159-171,2022-12-12,21:00:00,26,18,8,FMN 04 Jan Van Rijswijcklaan
652,Jan van Rijswijcklaan 159-171,2022-12-12,22:00:00,61,47,14,FMN 04 Jan Van Rijswijcklaan
652,Jan van Rijswijcklaan 159-171,2022-12-12,23:00:00,23,19,4,FMN 04 Jan Van Rijswijcklaan
652,Jan van Rijswijcklaan 159-171,2022-12-13,00:00:00,8,3,5,FMN 04 Jan Van Rijswijcklaan
652,Jan van Rijswijcklaan 159-171,2022-12-13,01:00:00,2,2,0,FMN 04 Jan Van Rijswijcklaan
652,Jan van Rijswijcklaan 159-171,2022-12-13,02:00:00,1,0,1,FMN 04 Jan Van Rijswijcklaan
652,Jan van Rijswijcklaan 159-171,2022-12-13,03:00:00,0,0,0,FMN 04 Jan Van Rijswijcklaan
652,Jan van Rijswijcklaan 159-171,2022-12-13,04:00:00,0,0,0,FMN 04 Jan Van Rijswijcklaan
652,Jan van Rijswijcklaan 159-171,2022-12-13,05:00:00,0,0,0,FMN 04 Jan Van Rijswijcklaan
652,Jan van Rijswijcklaan 159-171,2022-12-13,06:00:00,0,0,0,FMN 04 Jan Van Rijswijcklaan
652,Jan van Rijswijcklaan 159-171,2022-12-13,07:00:00,0,0,0,FMN 04 Jan Van Rijswijcklaan
652,Jan van Rijswijcklaan 159-171,2022-12-13,08:00:00,0,0,0,FMN 04 Jan Van Rijswijcklaan
652,Jan van Rijswijcklaan 159-171,2022-12-13,09:00:00,53,45,8,FMN 04 Jan Van Rijswijcklaan
652,Jan van Rijswijcklaan 159-171,2022-12-13,10:00:00,146,127,19,FMN 04 Jan Van Rijswijcklaan
652,Jan van Rijswijcklaan 159-171,2022-12-13,11:00:00,115,110,5,FMN 04 Jan Van Rijswijcklaan
652,Jan van Rijswijcklaan 159-171,2022-12-13,12:00:00,109,90,19,FMN 04 Jan Van Rijswijcklaan
652,Jan van Rijswijcklaan 159-171,2022-12-13,13:00:00,92,85,7,FMN 04 Jan Van Rijswijcklaan
652,Jan van Rijswijcklaan 159-171,2022-12-13,14:00:00,84,67,17,FMN 04 Jan Van Rijswijcklaan
652,Jan van Rijswijcklaan 159-171,2022-12-13,15:00:00,116,102,14,FMN 04 Jan Van Rijswijcklaan
652,Jan van Rijswijcklaan 159-171,2022-12-13,16:00:00,143,120,23,FMN 04 Jan Van Rijswijcklaan
652,Jan van Rijswijcklaan 159-171,2022-12-13,17:00:00,186,164,22,FMN 04 Jan Van Rijswijcklaan
652,Jan van Rijswijcklaan 159-171,2022-12-13,18:00:00,144,133,11,FMN 04 Jan Van Rijswijcklaan
652,Jan van Rijswijcklaan 159-171,2022-12-13,19:00:00,90,74,16,FMN 04 Jan Van Rijswijcklaan
652,Jan van Rijswijcklaan 159-171,2022-12-13,20:00:00,50,39,11,FMN 04 Jan Van Rijswijcklaan
652,Jan van Rijswijcklaan 159-171,2022-12-13,21:00:00,45,32,13,FMN 04 Jan Van Rijswijcklaan
652,Jan van Rijswijcklaan 159-171,2022-12-13,22:00:00,42,31,11,FMN 04 Jan Van Rijswijcklaan
652,Jan van Rijswijcklaan 159-171,2022-12-13,23:00:00,21,12,9,FMN 04 Jan Van Rijswijcklaan
652,Jan van Rijswijcklaan 159-171,2022-12-14,00:00:00,15,9,6,FMN 04 Jan Van Rijswijcklaan
652,Jan van Rijswijcklaan 159-171,2022-12-14,01:00:00,5,4,1,FMN 04 Jan Van Rijswijcklaan
652,Jan van Rijswijcklaan 159-171,2022-12-14,02:00:00,0,0,0,FMN 04 Jan Van Rijswijcklaan
652,Jan van Rijswijcklaan 159-171,2022-12-14,03:00:00,0,0,0,FMN 04 Jan Van Rijswijcklaan
652,Jan van Rijswijcklaan 159-171,2022-12-14,04:00:00,11,6,5,FMN 04 Jan Van Rijswijcklaan
652,Jan van Rijswijcklaan 159-171,2022-12-14,05:00:00,13,4,9,FMN 04 Jan Van Rijswijcklaan
652,Jan van Rijswijcklaan 159-171,2022-12-14,06:00:00,72,48,24,FMN 04 Jan Van Rijswijcklaan
652,Jan van Rijswijcklaan 159-171,2022-12-14,07:00:00,19,7,12,FMN 04 Jan Van Rijswijcklaan
652,Jan van Rijswijcklaan 159-171,2022-12-14,08:00:00,0,0,0,FMN 04 Jan Van Rijswijcklaan
652,Jan van Rijswijcklaan 159-171,2022-12-14,09:00:00,44,35,9,FMN 04 Jan Van Rijswijcklaan
652,Jan van Rijswijcklaan 159-171,2022-12-14,10:00:00,125,104,21,FMN 04 Jan Van Rijswijcklaan
652,Jan van Rijswijcklaan 159-171,2022-12-14,11:00:00,104,93,11,FMN 04 Jan Van Rijswijcklaan
652,Jan van Rijswijcklaan 159-171,2022-12-14,12:00:00,152,137,15,FMN 04 Jan Van Rijswijcklaan
652,Jan van Rijswijcklaan 159-171,2022-12-14,13:00:00,101,85,16,FMN 04 Jan Van Rijswijcklaan
652,Jan van Rijswijcklaan 159-171,2022-12-14,14:00:00,73,64,9,FMN 04 Jan Van Rijswijcklaan
652,Jan van Rijswijcklaan 159-171,2022-12-14,15:00:00,98,83,15,FMN 04 Jan Van Rijswijcklaan
652,Jan van Rijswijcklaan 159-171,2022-12-14,16:00:00,138,116,22,FMN 04 Jan Van Rijswijcklaan
652,Jan van Rijswijcklaan 159-171,2022-12-14,17:00:00,202,175,27,FMN 04 Jan Van Rijswijcklaan
652,Jan van Rijswijcklaan 159-171,2022-12-14,18:00:00,149,129,20,FMN 04 Jan Van Rijswijcklaan
652,Jan van Rijswijcklaan 159-171,2022-12-14,19:00:00,80,62,18,FMN 04 Jan Van Rijswijcklaan
652,Jan van Rijswijcklaan 159-171,2022-12-14,20:00:00,3,1,2,FMN 04 Jan Van Rijswijcklaan
652,Jan van Rijswijcklaan 159-171,2022-12-14,21:00:00,28,22,6,FMN 04 Jan Van Rijswijcklaan
652,Jan van Rijswijcklaan 159-171,2022-12-14,22:00:00,54,40,14,FMN 04 Jan Van Rijswijcklaan
652,Jan van Rijswijcklaan 159-171,2022-12-14,23:00:00,24,9,15,FMN 04 Jan Van Rijswijcklaan
652,Jan van Rijswijcklaan 159-171,2022-12-15,00:00:00,9,6,3,FMN 04 Jan Van Rijswijcklaan
652,Jan van Rijswijcklaan 159-171,2022-12-15,01:00:00,5,4,1,FMN 04 Jan Van Rijswijcklaan
652,Jan van Rijswijcklaan 159-171,2022-12-15,02:00:00,5,4,1,FMN 04 Jan Van Rijswijcklaan
652,Jan van Rijswijcklaan 159-171,2022-12-15,03:00:00,2,1,1,FMN 04 Jan Van Rijswijcklaan
652,Jan van Rijswijcklaan 159-171,2022-12-15,04:00:00,4,4,0,FMN 04 Jan Van Rijswijcklaan
652,Jan van Rijswijcklaan 159-171,2022-12-15,05:00:00,17,13,4,FMN 04 Jan Van Rijswijcklaan
652,Jan van Rijswijcklaan 159-171,2022-12-15,06:00:00,2,2,0,FMN 04 Jan Van Rijswijcklaan
652,Jan van Rijswijcklaan 159-171,2022-12-15,07:00:00,0,0,0,FMN 04 Jan Van Rijswijcklaan
652,Jan van Rijswijcklaan 159-171,2022-12-15,08:00:00,0,0,0,FMN 04 Jan Van Rijswijcklaan
652,Jan van Rijswijcklaan 159-171,2022-12-15,09:00:00,77,70,7,FMN 04 Jan Van Rijswijcklaan
652,Jan van Rijswijcklaan 159-171,2022-12-15,10:00:00,144,108,36,FMN 04 Jan Van Rijswijcklaan
652,Jan van Rijswijcklaan 159-171,2022-12-15,11:00:00,111,97,14,FMN 04 Jan Van Rijswijcklaan
652,Jan van Rijswijcklaan 159-171,2022-12-15,12:00:00,133,120,13,FMN 04 Jan Van Rijswijcklaan
652,Jan van Rijswijcklaan 159-171,2022-12-15,13:00:00,93,82,11,FMN 04 Jan Van Rijswijcklaan
652,Jan van Rijswijcklaan 159-171,2022-12-15,14:00:00,95,82,13,FMN 04 Jan Van Rijswijcklaan
652,Jan van Rijswijcklaan 159-171,2022-12-15,15:00:00,139,127,12,FMN 04 Jan Van Rijswijcklaan
652,Jan van Rijswijcklaan 159-171,2022-12-15,16:00:00,151,126,25,FMN 04 Jan Van Rijswijcklaan
652,Jan van Rijswijcklaan 159-171,2022-12-15,17:00:00,211,172,39,FMN 04 Jan Van Rijswijcklaan
652,Jan van Rijswijcklaan 159-171,2022-12-15,18:00:00,215,173,42,FMN 04 Jan Van Rijswijcklaan
652,Jan van Rijswijcklaan 159-171,2022-12-15,19:00:00,150,117,33,FMN 04 Jan Van Rijswijcklaan
652,Jan van Rijswijcklaan 159-171,2022-12-15,20:00:00,89,80,9,FMN 04 Jan Van Rijswijcklaan
652,Jan van Rijswijcklaan 159-171,2022-12-15,21:00:00,115,99,16,FMN 04 Jan Van Rijswijcklaan
652,Jan van Rijswijcklaan 159-171,2022-12-15,22:00:00,65,50,15,FMN 04 Jan Van Rijswijcklaan
652,Jan van Rijswijcklaan 159-171,2022-12-15,23:00:00,25,18,7,FMN 04 Jan Van Rijswijcklaan
652,Jan van Rijswijcklaan 159-171,2022-12-16,00:00:00,19,15,4,FMN 04 Jan Van Rijswijcklaan
652,Jan van Rijswijcklaan 159-171,2022-12-16,01:00:00,6,4,2,FMN 04 Jan Van Rijswijcklaan
652,Jan van Rijswijcklaan 159-171,2022-12-16,02:00:00,0,0,0,FMN 04 Jan Van Rijswijcklaan
652,Jan van Rijswijcklaan 159-171,2022-12-16,03:00:00,0,0,0,FMN 04 Jan Van Rijswijcklaan
652,Jan van Rijswijcklaan 159-171,2022-12-16,04:00:00,8,8,0,FMN 04 Jan Van Rijswijcklaan
652,Jan van Rijswijcklaan 159-171,2022-12-16,05:00:00,13,10,3,FMN 04 Jan Van Rijswijcklaan
652,Jan van Rijswijcklaan 159-171,2022-12-16,06:00:00,44,39,5,FMN 04 Jan Van Rijswijcklaan
652,Jan van Rijswijcklaan 159-171,2022-12-16,07:00:00,138,131,7,FMN 04 Jan Van Rijswijcklaan
652,Jan van Rijswijcklaan 159-171,2022-12-16,08:00:00,347,327,20,FMN 04 Jan Van Rijswijcklaan
652,Jan van Rijswijcklaan 159-171,2022-12-16,09:00:00,145,135,10,FMN 04 Jan Van Rijswijcklaan
652,Jan van Rijswijcklaan 159-171,2022-12-16,10:00:00,183,168,15,FMN 04 Jan Van Rijswijcklaan
652,Jan van Rijswijcklaan 159-171,2022-12-16,11:00:00,116,94,22,FMN 04 Jan Van Rijswijcklaan
652,Jan van Rijswijcklaan 159-171,2022-12-16,12:00:00,127,104,23,FMN 04 Jan Van Rijswijcklaan
652,Jan van Rijswijcklaan 159-171,2022-12-16,13:00:00,154,130,24,FMN 04 Jan Van Rijswijcklaan
652,Jan van Rijswijcklaan 159-171,2022-12-16,14:00:00,124,108,16,FMN 04 Jan Van Rijswijcklaan
652,Jan van Rijswijcklaan 159-171,2022-12-16,15:00:00,183,149,34,FMN 04 Jan Van Rijswijcklaan
652,Jan van Rijswijcklaan 159-171,2022-12-16,16:00:00,246,215,31,FMN 04 Jan Van Rijswijcklaan
652,Jan van Rijswijcklaan 159-171,2022-12-16,17:00:00,196,169,27,FMN 04 Jan Van Rijswijcklaan
652,Jan van Rijswijcklaan 159-171,2022-12-16,18:00:00,204,178,26,FMN 04 Jan Van Rijswijcklaan
652,Jan van Rijswijcklaan 159-171,2022-12-16,19:00:00,151,132,19,FMN 04 Jan Van Rijswijcklaan
652,Jan van Rijswijcklaan 159-171,2022-12-16,20:00:00,99,69,30,FMN 04 Jan Van Rijswijcklaan
652,Jan van Rijswijcklaan 159-171,2022-12-16,21:00:00,17,7,10,FMN 04 Jan Van Rijswijcklaan
652,Jan van Rijswijcklaan 159-171,2022-12-16,22:00:00,0,0,0,FMN 04 Jan Van Rijswijcklaan
652,Jan van Rijswijcklaan 159-171,2022-12-16,23:00:00,2,0,2,FMN 04 Jan Van Rijswijcklaan
652,Jan van Rijswijcklaan 159-171,2022-12-17,00:00:00,2,2,0,FMN 04 Jan Van Rijswijcklaan
652,Jan van Rijswijcklaan 159-171,2022-12-17,01:00:00,23,14,9,FMN 04 Jan Van Rijswijcklaan
652,Jan van Rijswijcklaan 159-171,2022-12-17,02:00:00,1,1,0,FMN 04 Jan Van Rijswijcklaan
652,Jan van Rijswijcklaan 159-171,2022-12-17,03:00:00,6,3,3,FMN 04 Jan Van Rijswijcklaan
652,Jan van Rijswijcklaan 159-171,2022-12-17,04:00:00,6,3,3,FMN 04 Jan Van Rijswijcklaan
652,Jan van Rijswijcklaan 159-171,2022-12-17,05:00:00,11,8,3,FMN 04 Jan Van Rijswijcklaan
652,Jan van Rijswijcklaan 159-171,2022-12-17,06:00:00,10,10,0,FMN 04 Jan Van Rijswijcklaan
652,Jan van Rijswijcklaan 159-171,2022-12-17,07:00:00,16,13,3,FMN 04 Jan Van Rijswijcklaan
652,Jan van Rijswijcklaan 159-171,2022-12-17,08:00:00,17,16,1,FMN 04 Jan Van Rijswijcklaan
652,Jan van Rijswijcklaan 159-171,2022-12-17,09:00:00,54,47,7,FMN 04 Jan Van Rijswijcklaan
652,Jan van Rijswijcklaan 159-171,2022-12-17,10:00:00,62,46,16,FMN 04 Jan Van Rijswijcklaan
652,Jan van Rijswijcklaan 159-171,2022-12-17,11:00:00,77,59,18,FMN 04 Jan Van Rijswijcklaan
652,Jan van Rijswijcklaan 159-171,2022-12-17,12:00:00,91,79,12,FMN 04 Jan Van Rijswijcklaan
652,Jan van Rijswijcklaan 159-171,2022-12-17,13:00:00,106,87,19,FMN 04 Jan Van Rijswijcklaan
652,Jan van Rijswijcklaan 159-171,2022-12-17,14:00:00,109,93,16,FMN 04 Jan Van Rijswijcklaan
652,Jan van Rijswijcklaan 159-171,2022-12-17,15:00:00,98,82,16,FMN 04 Jan Van Rijswijcklaan
652,Jan van Rijswijcklaan 159-171,2022-12-17,16:00:00,87,76,11,FMN 04 Jan Van Rijswijcklaan
652,Jan van Rijswijcklaan 159-171,2022-12-17,17:00:00,113,82,31,FMN 04 Jan Van Rijswijcklaan
652,Jan van Rijswijcklaan 159-171,2022-12-17,18:00:00,114,69,45,FMN 04 Jan Van Rijswijcklaan
652,Jan van Rijswijcklaan 159-171,2022-12-17,19:00:00,16,5,11,FMN 04 Jan Van Rijswijcklaan
652,Jan van Rijswijcklaan 159-171,2022-12-17,20:00:00,25,15,10,FMN 04 Jan Van Rijswijcklaan
652,Jan van Rijswijcklaan 159-171,2022-12-17,21:00:00,35,23,12,FMN 04 Jan Van Rijswijcklaan
652,Jan van Rijswijcklaan 159-171,2022-12-17,22:00:00,19,15,4,FMN 04 Jan Van Rijswijcklaan
652,Jan van Rijswijcklaan 159-171,2022-12-17,23:00:00,25,18,7,FMN 04 Jan Van Rijswijcklaan
652,Jan van Rijswijcklaan 159-171,2022-12-18,00:00:00,23,17,6,FMN 04 Jan Van Rijswijcklaan
652,Jan van Rijswijcklaan 159-171,2022-12-18,01:00:00,15,9,6,FMN 04 Jan Van Rijswijcklaan
652,Jan van Rijswijcklaan 159-171,2022-12-18,02:00:00,8,5,3,FMN 04 Jan Van Rijswijcklaan
652,Jan van Rijswijcklaan 159-171,2022-12-18,03:00:00,8,8,0,FMN 04 Jan Van Rijswijcklaan
652,Jan van Rijswijcklaan 159-171,2022-12-18,04:00:00,4,4,0,FMN 04 Jan Van Rijswijcklaan
652,Jan van Rijswijcklaan 159-171,2022-12-18,05:00:00,0,0,0,FMN 04 Jan Van Rijswijcklaan
652,Jan van Rijswijcklaan 159-171,2022-12-18,06:00:00,0,0,0,FMN 04 Jan Van Rijswijcklaan
652,Jan van Rijswijcklaan 159-171,2022-12-18,07:00:00,0,0,0,FMN 04 Jan Van Rijswijcklaan
652,Jan van Rijswijcklaan 159-171,2022-12-18,08:00:00,0,0,0,FMN 04 Jan Van Rijswijcklaan
652,Jan van Rijswijcklaan 159-171,2022-12-18,09:00:00,19,19,0,FMN 04 Jan Van Rijswijcklaan
652,Jan van Rijswijcklaan 159-171,2022-12-18,10:00:00,54,45,9,FMN 04 Jan Van Rijswijcklaan
652,Jan van Rijswijcklaan 159-171,2022-12-18,11:00:00,12,4,8,FMN 04 Jan Van Rijswijcklaan
652,Jan van Rijswijcklaan 159-171,2022-12-18,12:00:00,63,54,9,FMN 04 Jan Van Rijswijcklaan
652,Jan van Rijswijcklaan 159-171,2022-12-18,13:00:00,85,64,21,FMN 04 Jan Van Rijswijcklaan
652,Jan van Rijswijcklaan 159-171,2022-12-18,14:00:00,95,69,26,FMN 04 Jan Van Rijswijcklaan
652,Jan van Rijswijcklaan 159-171,2022-12-18,15:00:00,95,75,20,FMN 04 Jan Van Rijswijcklaan
652,Jan van Rijswijcklaan 159-171,2022-12-18,16:00:00,62,50,12,FMN 04 Jan Van Rijswijcklaan
652,Jan van Rijswijcklaan 159-171,2022-12-18,17:00:00,62,51,11,FMN 04 Jan Van Rijswijcklaan
652,Jan van Rijswijcklaan 159-171,2022-12-18,18:00:00,45,36,9,FMN 04 Jan Van Rijswijcklaan
652,Jan van Rijswijcklaan 159-171,2022-12-18,19:00:00,37,30,7,FMN 04 Jan Van Rijswijcklaan
652,Jan van Rijswijcklaan 159-171,2022-12-18,20:00:00,14,12,2,FMN 04 Jan Van Rijswijcklaan
652,Jan van Rijswijcklaan 159-171,2022-12-18,21:00:00,9,6,3,FMN 04 Jan Van Rijswijcklaan
652,Jan van Rijswijcklaan 159-171,2022-12-18,22:00:00,7,6,1,FMN 04 Jan Van Rijswijcklaan
652,Jan van Rijswijcklaan 159-171,2022-12-18,23:00:00,9,3,6,FMN 04 Jan Van Rijswijcklaan
652,Jan van Rijswijcklaan 159-171,2022-12-19,00:00:00,5,2,3,FMN 04 Jan Van Rijswijcklaan
652,Jan van Rijswijcklaan 159-171,2022-12-19,01:00:00,4,3,1,FMN 04 Jan Van Rijswijcklaan
652,Jan van Rijswijcklaan 159-171,2022-12-19,02:00:00,1,1,0,FMN 04 Jan Van Rijswijcklaan
652,Jan van Rijswijcklaan 159-171,2022-12-19,03:00:00,1,1,0,FMN 04 Jan Van Rijswijcklaan
652,Jan van Rijswijcklaan 159-171,2022-12-19,04:00:00,5,4,1,FMN 04 Jan Van Rijswijcklaan
652,Jan van Rijswijcklaan 159-171,2022-12-19,05:00:00,19,14,5,FMN 04 Jan Van Rijswijcklaan
652,Jan van Rijswijcklaan 159-171,2022-12-19,06:00:00,52,50,2,FMN 04 Jan Van Rijswijcklaan
652,Jan van Rijswijcklaan 159-171,2022-12-19,07:00:00,141,134,7,FMN 04 Jan Van Rijswijcklaan
652,Jan van Rijswijcklaan 159-171,2022-12-19,08:00:00,294,279,15,FMN 04 Jan Van Rijswijcklaan
652,Jan van Rijswijcklaan 159-171,2022-12-19,09:00:00,127,120,7,FMN 04 Jan Van Rijswijcklaan
652,Jan van Rijswijcklaan 159-171,2022-12-19,10:00:00,146,133,13,FMN 04 Jan Van Rijswijcklaan
652,Jan van Rijswijcklaan 159-171,2022-12-19,11:00:00,76,67,9,FMN 04 Jan Van Rijswijcklaan
652,Jan van Rijswijcklaan 159-171,2022-12-19,12:00:00,116,106,10,FMN 04 Jan Van Rijswijcklaan
652,Jan van Rijswijcklaan 159-171,2022-12-19,13:00:00,96,83,13,FMN 04 Jan Van Rijswijcklaan
652,Jan van Rijswijcklaan 159-171,2022-12-19,14:00:00,86,77,9,FMN 04 Jan Van Rijswijcklaan
652,Jan van Rijswijcklaan 159-171,2022-12-19,15:00:00,133,117,16,FMN 04 Jan Van Rijswijcklaan
652,Jan van Rijswijcklaan 159-171,2022-12-19,16:00:00,152,126,26,FMN 04 Jan Van Rijswijcklaan
652,Jan van Rijswijcklaan 159-171,2022-12-19,17:00:00,192,167,25,FMN 04 Jan Van Rijswijcklaan
652,Jan van Rijswijcklaan 159-171,2022-12-19,18:00:00,116,93,23,FMN 04 Jan Van Rijswijcklaan
652,Jan van Rijswijcklaan 159-171,2022-12-19,19:00:00,70,62,8,FMN 04 Jan Van Rijswijcklaan
652,Jan van Rijswijcklaan 159-171,2022-12-19,20:00:00,68,51,17,FMN 04 Jan Van Rijswijcklaan
652,Jan van Rijswijcklaan 159-171,2022-12-19,21:00:00,58,38,20,FMN 04 Jan Van Rijswijcklaan
652,Jan van Rijswijcklaan 159-171,2022-12-19,22:00:00,62,48,14,FMN 04 Jan Van Rijswijcklaan
652,Jan van Rijswijcklaan 159-171,2022-12-19,23:00:00,44,36,8,FMN 04 Jan Van Rijswijcklaan
652,Jan van Rijswijcklaan 159-171,2022-12-20,00:00:00,1,0,1,FMN 04 Jan Van Rijswijcklaan
652,Jan van Rijswijcklaan 159-171,2022-12-20,01:00:00,0,0,0,FMN 04 Jan Van Rijswijcklaan
652,Jan van Rijswijcklaan 159-171,2022-12-20,02:00:00,0,0,0,FMN 04 Jan Van Rijswijcklaan
652,Jan van Rijswijcklaan 159-171,2022-12-20,03:00:00,0,0,0,FMN 04 Jan Van Rijswijcklaan
652,Jan van Rijswijcklaan 159-171,2022-12-20,04:00:00,0,0,0,FMN 04 Jan Van Rijswijcklaan
652,Jan van Rijswijcklaan 159-171,2022-12-20,05:00:00,0,0,0,FMN 04 Jan Van Rijswijcklaan
652,Jan van Rijswijcklaan 159-171,2022-12-20,06:00:00,0,0,0,FMN 04 Jan Van Rijswijcklaan
652,Jan van Rijswijcklaan 159-171,2022-12-20,07:00:00,0,0,0,FMN 04 Jan Van Rijswijcklaan
652,Jan van Rijswijcklaan 159-171,2022-12-20,08:00:00,0,0,0,FMN 04 Jan Van Rijswijcklaan
652,Jan van Rijswijcklaan 159-171,2022-12-20,09:00:00,0,0,0,FMN 04 Jan Van Rijswijcklaan
652,Jan van Rijswijcklaan 159-171,2022-12-20,10:00:00,35,32,3,FMN 04 Jan Van Rijswijcklaan
652,Jan van Rijswijcklaan 159-171,2022-12-20,11:00:00,64,54,10,FMN 04 Jan Van Rijswijcklaan
652,Jan van Rijswijcklaan 159-171,2022-12-20,12:00:00,86,69,17,FMN 04 Jan Van Rijswijcklaan
652,Jan van Rijswijcklaan 159-171,2022-12-20,13:00:00,71,60,11,FMN 04 Jan Van Rijswijcklaan
652,Jan van Rijswijcklaan 159-171,2022-12-20,14:00:00,70,60,10,FMN 04 Jan Van Rijswijcklaan
652,Jan van Rijswijcklaan 159-171,2022-12-20,15:00:00,98,92,6,FMN 04 Jan Van Rijswijcklaan
652,Jan van Rijswijcklaan 159-171,2022-12-20,16:00:00,95,88,7,FMN 04 Jan Van Rijswijcklaan
652,Jan van Rijswijcklaan 159-171,2022-12-20,17:00:00,0,0,0,FMN 04 Jan Van Rijswijcklaan
652,Jan van Rijswijcklaan 159-171,2022-12-20,18:00:00,0,0,0,FMN 04 Jan Van Rijswijcklaan
652,Jan van Rijswijcklaan 159-171,2022-12-20,19:00:00,0,0,0,FMN 04 Jan Van Rijswijcklaan
652,Jan van Rijswijcklaan 159-171,2022-12-20,20:00:00,0,0,0,FMN 04 Jan Van Rijswijcklaan
652,Jan van Rijswijcklaan 159-171,2022-12-20,21:00:00,0,0,0,FMN 04 Jan Van Rijswijcklaan
652,Jan van Rijswijcklaan 159-171,2022-12-20,22:00:00,0,0,0,FMN 04 Jan Van Rijswijcklaan
652,Jan van Rijswijcklaan 159-171,2022-12-20,23:00:00,0,0,0,FMN 04 Jan Van Rijswijcklaan
652,Jan van Rijswijcklaan 159-171,2022-12-21,00:00:00,0,0,0,FMN 04 Jan Van Rijswijcklaan
652,Jan van Rijswijcklaan 159-171,2022-12-21,01:00:00,0,0,0,FMN 04 Jan Van Rijswijcklaan
652,Jan van Rijswijcklaan 159-171,2022-12-21,02:00:00,0,0,0,FMN 04 Jan Van Rijswijcklaan
652,Jan van Rijswijcklaan 159-171,2022-12-21,03:00:00,0,0,0,FMN 04 Jan Van Rijswijcklaan
652,Jan van Rijswijcklaan 159-171,2022-12-21,04:00:00,0,0,0,FMN 04 Jan Van Rijswijcklaan
652,Jan van Rijswijcklaan 159-171,2022-12-21,05:00:00,0,0,0,FMN 04 Jan Van Rijswijcklaan
652,Jan van Rijswijcklaan 159-171,2022-12-21,06:00:00,0,0,0,FMN 04 Jan Van Rijswijcklaan
652,Jan van Rijswijcklaan 159-171,2022-12-21,07:00:00,0,0,0,FMN 04 Jan Van Rijswijcklaan
652,Jan van Rijswijcklaan 159-171,2022-12-21,08:00:00,0,0,0,FMN 04 Jan Van Rijswijcklaan
652,Jan van Rijswijcklaan 159-171,2022-12-21,09:00:00,0,0,0,FMN 04 Jan Van Rijswijcklaan
652,Jan van Rijswijcklaan 159-171,2022-12-21,10:00:00,81,69,12,FMN 04 Jan Van Rijswijcklaan
652,Jan van Rijswijcklaan 159-171,2022-12-21,11:00:00,125,114,11,FMN 04 Jan Van Rijswijcklaan
652,Jan van Rijswijcklaan 159-171,2022-12-21,12:00:00,117,111,6,FMN 04 Jan Van Rijswijcklaan
652,Jan van Rijswijcklaan 159-171,2022-12-21,13:00:00,130,120,10,FMN 04 Jan Van Rijswijcklaan
652,Jan van Rijswijcklaan 159-171,2022-12-21,14:00:00,127,104,23,FMN 04 Jan Van Rijswijcklaan
652,Jan van Rijswijcklaan 159-171,2022-12-21,15:00:00,100,80,20,FMN 04 Jan Van Rijswijcklaan
652,Jan van Rijswijcklaan 159-171,2022-12-21,16:00:00,170,150,20,FMN 04 Jan Van Rijswijcklaan
652,Jan van Rijswijcklaan 159-171,2022-12-21,17:00:00,172,161,11,FMN 04 Jan Van Rijswijcklaan
652,Jan van Rijswijcklaan 159-171,2022-12-21,18:00:00,155,142,13,FMN 04 Jan Van Rijswijcklaan
652,Jan van Rijswijcklaan 159-171,2022-12-21,19:00:00,88,69,19,FMN 04 Jan Van Rijswijcklaan
652,Jan van Rijswijcklaan 159-171,2022-12-21,20:00:00,78,63,15,FMN 04 Jan Van Rijswijcklaan
652,Jan van Rijswijcklaan 159-171,2022-12-21,21:00:00,43,33,10,FMN 04 Jan Van Rijswijcklaan
652,Jan van Rijswijcklaan 159-171,2022-12-21,22:00:00,48,35,13,FMN 04 Jan Van Rijswijcklaan
652,Jan van Rijswijcklaan 159-171,2022-12-21,23:00:00,25,13,12,FMN 04 Jan Van Rijswijcklaan
652,Jan van Rijswijcklaan 159-171,2022-12-22,00:00:00,11,8,3,FMN 04 Jan Van Rijswijcklaan
652,Jan van Rijswijcklaan 159-171,2022-12-22,01:00:00,8,5,3,FMN 04 Jan Van Rijswijcklaan
652,Jan van Rijswijcklaan 159-171,2022-12-22,02:00:00,0,0,0,FMN 04 Jan Van Rijswijcklaan
652,Jan van Rijswijcklaan 159-171,2022-12-22,03:00:00,0,0,0,FMN 04 Jan Van Rijswijcklaan
652,Jan van Rijswijcklaan 159-171,2022-12-22,04:00:00,0,0,0,FMN 04 Jan Van Rijswijcklaan
652,Jan van Rijswijcklaan 159-171,2022-12-22,05:00:00,0,0,0,FMN 04 Jan Van Rijswijcklaan
652,Jan van Rijswijcklaan 159-171,2022-12-22,06:00:00,0,0,0,FMN 04 Jan Van Rijswijcklaan
652,Jan van Rijswijcklaan 159-171,2022-12-22,07:00:00,0,0,0,FMN 04 Jan Van Rijswijcklaan
652,Jan van Rijswijcklaan 159-171,2022-12-22,08:00:00,0,0,0,FMN 04 Jan Van Rijswijcklaan
652,Jan van Rijswijcklaan 159-171,2022-12-22,09:00:00,0,0,0,FMN 04 Jan Van Rijswijcklaan
652,Jan van Rijswijcklaan 159-171,2022-12-22,10:00:00,21,18,3,FMN 04 Jan Van Rijswijcklaan
652,Jan van Rijswijcklaan 159-171,2022-12-22,11:00:00,106,97,9,FMN 04 Jan Van Rijswijcklaan
652,Jan van Rijswijcklaan 159-171,2022-12-22,12:00:00,134,124,10,FMN 04 Jan Van Rijswijcklaan
652,Jan van Rijswijcklaan 159-171,2022-12-22,13:00:00,98,90,8,FMN 04 Jan Van Rijswijcklaan
652,Jan van Rijswijcklaan 159-171,2022-12-22,14:00:00,135,118,17,FMN 04 Jan Van Rijswijcklaan
652,Jan van Rijswijcklaan 159-171,2022-12-22,15:00:00,157,145,12,FMN 04 Jan Van Rijswijcklaan
652,Jan van Rijswijcklaan 159-171,2022-12-22,16:00:00,166,150,16,FMN 04 Jan Van Rijswijcklaan
652,Jan van Rijswijcklaan 159-171,2022-12-22,17:00:00,195,180,15,FMN 04 Jan Van Rijswijcklaan
652,Jan van Rijswijcklaan 159-171,2022-12-22,18:00:00,138,121,17,FMN 04 Jan Van Rijswijcklaan
652,Jan van Rijswijcklaan 159-171,2022-12-22,19:00:00,109,93,16,FMN 04 Jan Van Rijswijcklaan
652,Jan van Rijswijcklaan 159-171,2022-12-22,20:00:00,59,49,10,FMN 04 Jan Van Rijswijcklaan
652,Jan van Rijswijcklaan 159-171,2022-12-22,21:00:00,48,31,17,FMN 04 Jan Van Rijswijcklaan
652,Jan van Rijswijcklaan 159-171,2022-12-22,22:00:00,52,35,17,FMN 04 Jan Van Rijswijcklaan
652,Jan van Rijswijcklaan 159-171,2022-12-22,23:00:00,52,38,14,FMN 04 Jan Van Rijswijcklaan
652,Jan van Rijswijcklaan 159-171,2022-12-23,00:00:00,32,25,7,FMN 04 Jan Van Rijswijcklaan
652,Jan van Rijswijcklaan 159-171,2022-12-23,01:00:00,0,0,0,FMN 04 Jan Van Rijswijcklaan
652,Jan van Rijswijcklaan 159-171,2022-12-23,02:00:00,0,0,0,FMN 04 Jan Van Rijswijcklaan
652,Jan van Rijswijcklaan 159-171,2022-12-23,03:00:00,0,0,0,FMN 04 Jan Van Rijswijcklaan
652,Jan van Rijswijcklaan 159-171,2022-12-23,04:00:00,0,0,0,FMN 04 Jan Van Rijswijcklaan
652,Jan van Rijswijcklaan 159-171,2022-12-23,05:00:00,0,0,0,FMN 04 Jan Van Rijswijcklaan
652,Jan van Rijswijcklaan 159-171,2022-12-23,06:00:00,0,0,0,FMN 04 Jan Van Rijswijcklaan
652,Jan van Rijswijcklaan 159-171,2022-12-23,07:00:00,0,0,0,FMN 04 Jan Van Rijswijcklaan
652,Jan van Rijswijcklaan 159-171,2022-12-23,08:00:00,0,0,0,FMN 04 Jan Van Rijswijcklaan
652,Jan van Rijswijcklaan 159-171,2022-12-23,09:00:00,0,0,0,FMN 04 Jan Van Rijswijcklaan
652,Jan van Rijswijcklaan 159-171,2022-12-23,10:00:00,0,0,0,FMN 04 Jan Van Rijswijcklaan
652,Jan van Rijswijcklaan 159-171,2022-12-23,11:00:00,0,0,0,FMN 04 Jan Van Rijswijcklaan
652,Jan van Rijswijcklaan 159-171,2022-12-23,12:00:00,0,0,0,FMN 04 Jan Van Rijswijcklaan
652,Jan van Rijswijcklaan 159-171,2022-12-23,13:00:00,42,37,5,FMN 04 Jan Van Rijswijcklaan
652,Jan van Rijswijcklaan 159-171,2022-12-23,14:00:00,84,76,8,FMN 04 Jan Van Rijswijcklaan
652,Jan van Rijswijcklaan 159-171,2022-12-23,15:00:00,130,120,10,FMN 04 Jan Van Rijswijcklaan
652,Jan van Rijswijcklaan 159-171,2022-12-23,16:00:00,144,128,16,FMN 04 Jan Van Rijswijcklaan
652,Jan van Rijswijcklaan 159-171,2022-12-23,17:00:00,40,36,4,FMN 04 Jan Van Rijswijcklaan
652,Jan van Rijswijcklaan 159-171,2022-12-23,18:00:00,0,0,0,FMN 04 Jan Van Rijswijcklaan
652,Jan van Rijswijcklaan 159-171,2022-12-23,19:00:00,0,0,0,FMN 04 Jan Van Rijswijcklaan
652,Jan van Rijswijcklaan 159-171,2022-12-23,20:00:00,0,0,0,FMN 04 Jan Van Rijswijcklaan
652,Jan van Rijswijcklaan 159-171,2022-12-23,21:00:00,0,0,0,FMN 04 Jan Van Rijswijcklaan
652,Jan van Rijswijcklaan 159-171,2022-12-23,22:00:00,0,0,0,FMN 04 Jan Van Rijswijcklaan
652,Jan van Rijswijcklaan 159-171,2022-12-23,23:00:00,0,0,0,FMN 04 Jan Van Rijswijcklaan
652,Jan van Rijswijcklaan 159-171,2022-12-24,00:00:00,0,0,0,FMN 04 Jan Van Rijswijcklaan
652,Jan van Rijswijcklaan 159-171,2022-12-24,01:00:00,0,0,0,FMN 04 Jan Van Rijswijcklaan
652,Jan van Rijswijcklaan 159-171,2022-12-24,02:00:00,0,0,0,FMN 04 Jan Van Rijswijcklaan
652,Jan van Rijswijcklaan 159-171,2022-12-24,03:00:00,0,0,0,FMN 04 Jan Van Rijswijcklaan
652,Jan van Rijswijcklaan 159-171,2022-12-24,04:00:00,0,0,0,FMN 04 Jan Van Rijswijcklaan
652,Jan van Rijswijcklaan 159-171,2022-12-24,05:00:00,0,0,0,FMN 04 Jan Van Rijswijcklaan
652,Jan van Rijswijcklaan 159-171,2022-12-24,06:00:00,0,0,0,FMN 04 Jan Van Rijswijcklaan
652,Jan van Rijswijcklaan 159-171,2022-12-24,07:00:00,0,0,0,FMN 04 Jan Van Rijswijcklaan
652,Jan van Rijswijcklaan 159-171,2022-12-24,08:00:00,0,0,0,FMN 04 Jan Van Rijswijcklaan
652,Jan van Rijswijcklaan 159-171,2022-12-24,09:00:00,0,0,0,FMN 04 Jan Van Rijswijcklaan
652,Jan van Rijswijcklaan 159-171,2022-12-24,10:00:00,51,46,5,FMN 04 Jan Van Rijswijcklaan
652,Jan van Rijswijcklaan 159-171,2022-12-24,11:00:00,88,81,7,FMN 04 Jan Van Rijswijcklaan
652,Jan van Rijswijcklaan 159-171,2022-12-24,12:00:00,68,57,11,FMN 04 Jan Van Rijswijcklaan
652,Jan van Rijswijcklaan 159-171,2022-12-24,13:00:00,55,46,9,FMN 04 Jan Van Rijswijcklaan
652,Jan van Rijswijcklaan 159-171,2022-12-24,14:00:00,67,64,3,FMN 04 Jan Van Rijswijcklaan
652,Jan van Rijswijcklaan 159-171,2022-12-24,15:00:00,75,61,14,FMN 04 Jan Van Rijswijcklaan
652,Jan van Rijswijcklaan 159-171,2022-12-24,16:00:00,72,60,12,FMN 04 Jan Van Rijswijcklaan
652,Jan van Rijswijcklaan 159-171,2022-12-24,17:00:00,64,58,6,FMN 04 Jan Van Rijswijcklaan
652,Jan van Rijswijcklaan 159-171,2022-12-24,18:00:00,28,21,7,FMN 04 Jan Van Rijswijcklaan
652,Jan van Rijswijcklaan 159-171,2022-12-24,19:00:00,17,13,4,FMN 04 Jan Van Rijswijcklaan
652,Jan van Rijswijcklaan 159-171,2022-12-24,20:00:00,16,9,7,FMN 04 Jan Van Rijswijcklaan
652,Jan van Rijswijcklaan 159-171,2022-12-24,21:00:00,13,10,3,FMN 04 Jan Van Rijswijcklaan
652,Jan van Rijswijcklaan 159-171,2022-12-24,22:00:00,16,13,3,FMN 04 Jan Van Rijswijcklaan
652,Jan van Rijswijcklaan 159-171,2022-12-24,23:00:00,24,21,3,FMN 04 Jan Van Rijswijcklaan
652,Jan van Rijswijcklaan 159-171,2022-12-25,00:00:00,34,24,10,FMN 04 Jan Van Rijswijcklaan
652,Jan van Rijswijcklaan 159-171,2022-12-25,01:00:00,14,12,2,FMN 04 Jan Van Rijswijcklaan
652,Jan van Rijswijcklaan 159-171,2022-12-25,02:00:00,3,1,2,FMN 04 Jan Van Rijswijcklaan
652,Jan van Rijswijcklaan 159-171,2022-12-25,03:00:00,1,0,1,FMN 04 Jan Van Rijswijcklaan
652,Jan van Rijswijcklaan 159-171,2022-12-25,04:00:00,7,5,2,FMN 04 Jan Van Rijswijcklaan
652,Jan van Rijswijcklaan 159-171,2022-12-25,05:00:00,10,10,0,FMN 04 Jan Van Rijswijcklaan
652,Jan van Rijswijcklaan 159-171,2022-12-25,06:00:00,4,4,0,FMN 04 Jan Van Rijswijcklaan
652,Jan van Rijswijcklaan 159-171,2022-12-25,07:00:00,7,6,1,FMN 04 Jan Van Rijswijcklaan
652,Jan van Rijswijcklaan 159-171,2022-12-25,08:00:00,5,4,1,FMN 04 Jan Van Rijswijcklaan
652,Jan van Rijswijcklaan 159-171,2022-12-25,09:00:00,12,11,1,FMN 04 Jan Van Rijswijcklaan
652,Jan van Rijswijcklaan 159-171,2022-12-25,10:00:00,16,13,3,FMN 04 Jan Van Rijswijcklaan
652,Jan van Rijswijcklaan 159-171,2022-12-25,11:00:00,8,7,1,FMN 04 Jan Van Rijswijcklaan
652,Jan van Rijswijcklaan 159-171,2022-12-25,12:00:00,17,17,0,FMN 04 Jan Van Rijswijcklaan
652,Jan van Rijswijcklaan 159-171,2022-12-25,13:00:00,26,24,2,FMN 04 Jan Van Rijswijcklaan
652,Jan van Rijswijcklaan 159-171,2022-12-25,14:00:00,27,19,8,FMN 04 Jan Van Rijswijcklaan
652,Jan van Rijswijcklaan 159-171,2022-12-25,15:00:00,16,13,3,FMN 04 Jan Van Rijswijcklaan
652,Jan van Rijswijcklaan 159-171,2022-12-25,16:00:00,2,2,0,FMN 04 Jan Van Rijswijcklaan
652,Jan van Rijswijcklaan 159-171,2022-12-25,17:00:00,0,0,0,FMN 04 Jan Van Rijswijcklaan
652,Jan van Rijswijcklaan 159-171,2022-12-25,18:00:00,0,0,0,FMN 04 Jan Van Rijswijcklaan
652,Jan van Rijswijcklaan 159-171,2022-12-25,19:00:00,0,0,0,FMN 04 Jan Van Rijswijcklaan
652,Jan van Rijswijcklaan 159-171,2022-12-25,20:00:00,0,0,0,FMN 04 Jan Van Rijswijcklaan
652,Jan van Rijswijcklaan 159-171,2022-12-25,21:00:00,0,0,0,FMN 04 Jan Van Rijswijcklaan
652,Jan van Rijswijcklaan 159-171,2022-12-25,22:00:00,0,0,0,FMN 04 Jan Van Rijswijcklaan
652,Jan van Rijswijcklaan 159-171,2022-12-25,23:00:00,0,0,0,FMN 04 Jan Van Rijswijcklaan
652,Jan van Rijswijcklaan 159-171,2022-12-26,00:00:00,0,0,0,FMN 04 Jan Van Rijswijcklaan
652,Jan van Rijswijcklaan 159-171,2022-12-26,01:00:00,0,0,0,FMN 04 Jan Van Rijswijcklaan
652,Jan van Rijswijcklaan 159-171,2022-12-26,02:00:00,0,0,0,FMN 04 Jan Van Rijswijcklaan
652,Jan van Rijswijcklaan 159-171,2022-12-26,03:00:00,0,0,0,FMN 04 Jan Van Rijswijcklaan
652,Jan van Rijswijcklaan 159-171,2022-12-26,04:00:00,0,0,0,FMN 04 Jan Van Rijswijcklaan
652,Jan van Rijswijcklaan 159-171,2022-12-26,05:00:00,0,0,0,FMN 04 Jan Van Rijswijcklaan
652,Jan van Rijswijcklaan 159-171,2022-12-26,06:00:00,0,0,0,FMN 04 Jan Van Rijswijcklaan
652,Jan van Rijswijcklaan 159-171,2022-12-26,07:00:00,0,0,0,FMN 04 Jan Van Rijswijcklaan
652,Jan van Rijswijcklaan 159-171,2022-12-26,08:00:00,0,0,0,FMN 04 Jan Van Rijswijcklaan
652,Jan van Rijswijcklaan 159-171,2022-12-26,09:00:00,22,20,2,FMN 04 Jan Van Rijswijcklaan
652,Jan van Rijswijcklaan 159-171,2022-12-26,10:00:00,54,45,9,FMN 04 Jan Van Rijswijcklaan
652,Jan van Rijswijcklaan 159-171,2022-12-26,11:00:00,35,31,4,FMN 04 Jan Van Rijswijcklaan
652,Jan van Rijswijcklaan 159-171,2022-12-26,12:00:00,56,47,9,FMN 04 Jan Van Rijswijcklaan
652,Jan van Rijswijcklaan 159-171,2022-12-26,13:00:00,75,63,12,FMN 04 Jan Van Rijswijcklaan
652,Jan van Rijswijcklaan 159-171,2022-12-26,14:00:00,67,59,8,FMN 04 Jan Van Rijswijcklaan
652,Jan van Rijswijcklaan 159-171,2022-12-26,15:00:00,76,60,16,FMN 04 Jan Van Rijswijcklaan
652,Jan van Rijswijcklaan 159-171,2022-12-26,16:00:00,83,72,11,FMN 04 Jan Van Rijswijcklaan
652,Jan van Rijswijcklaan 159-171,2022-12-26,17:00:00,76,71,5,FMN 04 Jan Van Rijswijcklaan
652,Jan van Rijswijcklaan 159-171,2022-12-26,18:00:00,78,68,10,FMN 04 Jan Van Rijswijcklaan
652,Jan van Rijswijcklaan 159-171,2022-12-26,19:00:00,42,36,6,FMN 04 Jan Van Rijswijcklaan
652,Jan van Rijswijcklaan 159-171,2022-12-26,20:00:00,43,35,8,FMN 04 Jan Van Rijswijcklaan
652,Jan van Rijswijcklaan 159-171,2022-12-26,21:00:00,21,19,2,FMN 04 Jan Van Rijswijcklaan
652,Jan van Rijswijcklaan 159-171,2022-12-26,22:00:00,35,26,9,FMN 04 Jan Van Rijswijcklaan
652,Jan van Rijswijcklaan 159-171,2022-12-26,23:00:00,16,14,2,FMN 04 Jan Van Rijswijcklaan
652,Jan van Rijswijcklaan 159-171,2022-12-27,00:00:00,13,10,3,FMN 04 Jan Van Rijswijcklaan
652,Jan van Rijswijcklaan 159-171,2022-12-27,01:00:00,4,4,0,FMN 04 Jan Van Rijswijcklaan
652,Jan van Rijswijcklaan 159-171,2022-12-27,02:00:00,3,3,0,FMN 04 Jan Van Rijswijcklaan
652,Jan van Rijswijcklaan 159-171,2022-12-27,03:00:00,2,2,0,FMN 04 Jan Van Rijswijcklaan
652,Jan van Rijswijcklaan 159-171,2022-12-27,04:00:00,7,6,1,FMN 04 Jan Van Rijswijcklaan
652,Jan van Rijswijcklaan 159-171,2022-12-27,05:00:00,11,10,1,FMN 04 Jan Van Rijswijcklaan
652,Jan van Rijswijcklaan 159-171,2022-12-27,06:00:00,33,30,3,FMN 04 Jan Van Rijswijcklaan
652,Jan van Rijswijcklaan 159-171,2022-12-27,07:00:00,58,53,5,FMN 04 Jan Van Rijswijcklaan
652,Jan van Rijswijcklaan 159-171,2022-12-27,08:00:00,5,5,0,FMN 04 Jan Van Rijswijcklaan
652,Jan van Rijswijcklaan 159-171,2022-12-27,09:00:00,34,31,3,FMN 04 Jan Van Rijswijcklaan
652,Jan van Rijswijcklaan 159-171,2022-12-27,10:00:00,74,66,8,FMN 04 Jan Van Rijswijcklaan
652,Jan van Rijswijcklaan 159-171,2022-12-27,11:00:00,70,63,7,FMN 04 Jan Van Rijswijcklaan
652,Jan van Rijswijcklaan 159-171,2022-12-27,12:00:00,78,69,9,FMN 04 Jan Van Rijswijcklaan
652,Jan van Rijswijcklaan 159-171,2022-12-27,13:00:00,83,75,8,FMN 04 Jan Van Rijswijcklaan
652,Jan van Rijswijcklaan 159-171,2022-12-27,14:00:00,75,64,11,FMN 04 Jan Van Rijswijcklaan
652,Jan van Rijswijcklaan 159-171,2022-12-27,15:00:00,97,89,8,FMN 04 Jan Van Rijswijcklaan
652,Jan van Rijswijcklaan 159-171,2022-12-27,16:00:00,101,96,5,FMN 04 Jan Van Rijswijcklaan
652,Jan van Rijswijcklaan 159-171,2022-12-27,17:00:00,130,120,10,FMN 04 Jan Van Rijswijcklaan
652,Jan van Rijswijcklaan 159-171,2022-12-27,18:00:00,102,93,9,FMN 04 Jan Van Rijswijcklaan
652,Jan van Rijswijcklaan 159-171,2022-12-27,19:00:00,66,59,7,FMN 04 Jan Van Rijswijcklaan
652,Jan van Rijswijcklaan 159-171,2022-12-27,20:00:00,34,26,8,FMN 04 Jan Van Rijswijcklaan
652,Jan van Rijswijcklaan 159-171,2022-12-27,21:00:00,33,26,7,FMN 04 Jan Van Rijswijcklaan
652,Jan van Rijswijcklaan 159-171,2022-12-27,22:00:00,24,20,4,FMN 04 Jan Van Rijswijcklaan
652,Jan van Rijswijcklaan 159-171,2022-12-27,23:00:00,16,10,6,FMN 04 Jan Van Rijswijcklaan
652,Jan van Rijswijcklaan 159-171,2022-12-28,00:00:00,12,9,3,FMN 04 Jan Van Rijswijcklaan
652,Jan van Rijswijcklaan 159-171,2022-12-28,01:00:00,9,8,1,FMN 04 Jan Van Rijswijcklaan
652,Jan van Rijswijcklaan 159-171,2022-12-28,02:00:00,7,4,3,FMN 04 Jan Van Rijswijcklaan
652,Jan van Rijswijcklaan 159-171,2022-12-28,03:00:00,1,1,0,FMN 04 Jan Van Rijswijcklaan
652,Jan van Rijswijcklaan 159-171,2022-12-28,04:00:00,9,8,1,FMN 04 Jan Van Rijswijcklaan
652,Jan van Rijswijcklaan 159-171,2022-12-28,05:00:00,13,9,4,FMN 04 Jan Van Rijswijcklaan
652,Jan van Rijswijcklaan 159-171,2022-12-28,06:00:00,32,29,3,FMN 04 Jan Van Rijswijcklaan
652,Jan van Rijswijcklaan 159-171,2022-12-28,07:00:00,56,51,5,FMN 04 Jan Van Rijswijcklaan
652,Jan van Rijswijcklaan 159-171,2022-12-28,08:00:00,84,77,7,FMN 04 Jan Van Rijswijcklaan
652,Jan van Rijswijcklaan 159-171,2022-12-28,09:00:00,64,56,8,FMN 04 Jan Van Rijswijcklaan
652,Jan van Rijswijcklaan 159-171,2022-12-28,10:00:00,47,42,5,FMN 04 Jan Van Rijswijcklaan
652,Jan van Rijswijcklaan 159-171,2022-12-28,11:00:00,32,26,6,FMN 04 Jan Van Rijswijcklaan
652,Jan van Rijswijcklaan 159-171,2022-12-28,12:00:00,56,50,6,FMN 04 Jan Van Rijswijcklaan
652,Jan van Rijswijcklaan 159-171,2022-12-28,13:00:00,69,57,12,FMN 04 Jan Van Rijswijcklaan
652,Jan van Rijswijcklaan 159-171,2022-12-28,14:00:00,70,64,6,FMN 04 Jan Van Rijswijcklaan
652,Jan van Rijswijcklaan 159-171,2022-12-28,15:00:00,61,55,6,FMN 04 Jan Van Rijswijcklaan
652,Jan van Rijswijcklaan 159-171,2022-12-28,16:00:00,84,72,12,FMN 04 Jan Van Rijswijcklaan
652,Jan van Rijswijcklaan 159-171,2022-12-28,17:00:00,92,83,9,FMN 04 Jan Van Rijswijcklaan
652,Jan van Rijswijcklaan 159-171,2022-12-28,18:00:00,74,62,12,FMN 04 Jan Van Rijswijcklaan
652,Jan van Rijswijcklaan 159-171,2022-12-28,19:00:00,52,46,6,FMN 04 Jan Van Rijswijcklaan
652,Jan van Rijswijcklaan 159-171,2022-12-28,20:00:00,40,30,10,FMN 04 Jan Van Rijswijcklaan
652,Jan van Rijswijcklaan 159-171,2022-12-28,21:00:00,25,18,7,FMN 04 Jan Van Rijswijcklaan
652,Jan van Rijswijcklaan 159-171,2022-12-28,22:00:00,1,1,0,FMN 04 Jan Van Rijswijcklaan
652,Jan van Rijswijcklaan 159-171,2022-12-28,23:00:00,0,0,0,FMN 04 Jan Van Rijswijcklaan
652,Jan van Rijswijcklaan 159-171,2022-12-29,00:00:00,0,0,0,FMN 04 Jan Van Rijswijcklaan
652,Jan van Rijswijcklaan 159-171,2022-12-29,01:00:00,0,0,0,FMN 04 Jan Van Rijswijcklaan
652,Jan van Rijswijcklaan 159-171,2022-12-29,02:00:00,0,0,0,FMN 04 Jan Van Rijswijcklaan
652,Jan van Rijswijcklaan 159-171,2022-12-29,03:00:00,0,0,0,FMN 04 Jan Van Rijswijcklaan
652,Jan van Rijswijcklaan 159-171,2022-12-29,04:00:00,0,0,0,FMN 04 Jan Van Rijswijcklaan
652,Jan van Rijswijcklaan 159-171,2022-12-29,05:00:00,0,0,0,FMN 04 Jan Van Rijswijcklaan
652,Jan van Rijswijcklaan 159-171,2022-12-29,06:00:00,0,0,0,FMN 04 Jan Van Rijswijcklaan
652,Jan van Rijswijcklaan 159-171,2022-12-29,07:00:00,0,0,0,FMN 04 Jan Van Rijswijcklaan
652,Jan van Rijswijcklaan 159-171,2022-12-29,08:00:00,0,0,0,FMN 04 Jan Van Rijswijcklaan
652,Jan van Rijswijcklaan 159-171,2022-12-29,09:00:00,0,0,0,FMN 04 Jan Van Rijswijcklaan
652,Jan van Rijswijcklaan 159-171,2022-12-29,10:00:00,17,15,2,FMN 04 Jan Van Rijswijcklaan
652,Jan van Rijswijcklaan 159-171,2022-12-29,11:00:00,48,42,6,FMN 04 Jan Van Rijswijcklaan
652,Jan van Rijswijcklaan 159-171,2022-12-29,12:00:00,55,51,4,FMN 04 Jan Van Rijswijcklaan
652,Jan van Rijswijcklaan 159-171,2022-12-29,13:00:00,61,50,11,FMN 04 Jan Van Rijswijcklaan
652,Jan van Rijswijcklaan 159-171,2022-12-29,14:00:00,56,49,7,FMN 04 Jan Van Rijswijcklaan
652,Jan van Rijswijcklaan 159-171,2022-12-29,15:00:00,61,56,5,FMN 04 Jan Van Rijswijcklaan
652,Jan van Rijswijcklaan 159-171,2022-12-29,16:00:00,82,70,12,FMN 04 Jan Van Rijswijcklaan
652,Jan van Rijswijcklaan 159-171,2022-12-29,17:00:00,87,78,9,FMN 04 Jan Van Rijswijcklaan
652,Jan van Rijswijcklaan 159-171,2022-12-29,18:00:00,101,92,9,FMN 04 Jan Van Rijswijcklaan
652,Jan van Rijswijcklaan 159-171,2022-12-29,19:00:00,72,63,9,FMN 04 Jan Van Rijswijcklaan
652,Jan van Rijswijcklaan 159-171,2022-12-29,20:00:00,51,37,14,FMN 04 Jan Van Rijswijcklaan
652,Jan van Rijswijcklaan 159-171,2022-12-29,21:00:00,20,17,3,FMN 04 Jan Van Rijswijcklaan
652,Jan van Rijswijcklaan 159-171,2022-12-29,22:00:00,31,22,9,FMN 04 Jan Van Rijswijcklaan
652,Jan van Rijswijcklaan 159-171,2022-12-29,23:00:00,18,17,1,FMN 04 Jan Van Rijswijcklaan
652,Jan van Rijswijcklaan 159-171,2022-12-30,00:00:00,10,3,7,FMN 04 Jan Van Rijswijcklaan
652,Jan van Rijswijcklaan 159-171,2022-12-30,01:00:00,11,8,3,FMN 04 Jan Van Rijswijcklaan
652,Jan van Rijswijcklaan 159-171,2022-12-30,02:00:00,0,0,0,FMN 04 Jan Van Rijswijcklaan
652,Jan van Rijswijcklaan 159-171,2022-12-30,03:00:00,0,0,0,FMN 04 Jan Van Rijswijcklaan
652,Jan van Rijswijcklaan 159-171,2022-12-30,04:00:00,0,0,0,FMN 04 Jan Van Rijswijcklaan
652,Jan van Rijswijcklaan 159-171,2022-12-30,05:00:00,0,0,0,FMN 04 Jan Van Rijswijcklaan
652,Jan van Rijswijcklaan 159-171,2022-12-30,06:00:00,0,0,0,FMN 04 Jan Van Rijswijcklaan
652,Jan van Rijswijcklaan 159-171,2022-12-30,07:00:00,0,0,0,FMN 04 Jan Van Rijswijcklaan
652,Jan van Rijswijcklaan 159-171,2022-12-30,08:00:00,0,0,0,FMN 04 Jan Van Rijswijcklaan
652,Jan van Rijswijcklaan 159-171,2022-12-30,09:00:00,0,0,0,FMN 04 Jan Van Rijswijcklaan
652,Jan van Rijswijcklaan 159-171,2022-12-30,10:00:00,33,29,4,FMN 04 Jan Van Rijswijcklaan
652,Jan van Rijswijcklaan 159-171,2022-12-30,11:00:00,56,49,7,FMN 04 Jan Van Rijswijcklaan
652,Jan van Rijswijcklaan 159-171,2022-12-30,12:00:00,66,58,8,FMN 04 Jan Van Rijswijcklaan
652,Jan van Rijswijcklaan 159-171,2022-12-30,13:00:00,41,32,9,FMN 04 Jan Van Rijswijcklaan
652,Jan van Rijswijcklaan 159-171,2022-12-30,14:00:00,50,44,6,FMN 04 Jan Van Rijswijcklaan
652,Jan van Rijswijcklaan 159-171,2022-12-30,15:00:00,60,53,7,FMN 04 Jan Van Rijswijcklaan
652,Jan van Rijswijcklaan 159-171,2022-12-30,16:00:00,56,49,7,FMN 04 Jan Van Rijswijcklaan
652,Jan van Rijswijcklaan 159-171,2022-12-30,17:00:00,73,62,11,FMN 04 Jan Van Rijswijcklaan
652,Jan van Rijswijcklaan 159-171,2022-12-30,18:00:00,47,43,4,FMN 04 Jan Van Rijswijcklaan
652,Jan van Rijswijcklaan 159-171,2022-12-30,19:00:00,0,0,0,FMN 04 Jan Van Rijswijcklaan
652,Jan van Rijswijcklaan 159-171,2022-12-30,20:00:00,0,0,0,FMN 04 Jan Van Rijswijcklaan
652,Jan van Rijswijcklaan 159-171,2022-12-30,21:00:00,0,0,0,FMN 04 Jan Van Rijswijcklaan
652,Jan van Rijswijcklaan 159-171,2022-12-30,22:00:00,0,0,0,FMN 04 Jan Van Rijswijcklaan
652,Jan van Rijswijcklaan 159-171,2022-12-30,23:00:00,0,0,0,FMN 04 Jan Van Rijswijcklaan
652,Jan van Rijswijcklaan 159-171,2022-12-31,00:00:00,0,0,0,FMN 04 Jan Van Rijswijcklaan
652,Jan van Rijswijcklaan 159-171,2022-12-31,01:00:00,0,0,0,FMN 04 Jan Van Rijswijcklaan
652,Jan van Rijswijcklaan 159-171,2022-12-31,02:00:00,0,0,0,FMN 04 Jan Van Rijswijcklaan
652,Jan van Rijswijcklaan 159-171,2022-12-31,03:00:00,0,0,0,FMN 04 Jan Van Rijswijcklaan
652,Jan van Rijswijcklaan 159-171,2022-12-31,04:00:00,0,0,0,FMN 04 Jan Van Rijswijcklaan
652,Jan van Rijswijcklaan 159-171,2022-12-31,05:00:00,0,0,0,FMN 04 Jan Van Rijswijcklaan
652,Jan van Rijswijcklaan 159-171,2022-12-31,06:00:00,0,0,0,FMN 04 Jan Van Rijswijcklaan
652,Jan van Rijswijcklaan 159-171,2022-12-31,07:00:00,0,0,0,FMN 04 Jan Van Rijswijcklaan
652,Jan van Rijswijcklaan 159-171,2022-12-31,08:00:00,0,0,0,FMN 04 Jan Van Rijswijcklaan
652,Jan van Rijswijcklaan 159-171,2022-12-31,09:00:00,0,0,0,FMN 04 Jan Van Rijswijcklaan
652,Jan van Rijswijcklaan 159-171,2022-12-31,10:00:00,0,0,0,FMN 04 Jan Van Rijswijcklaan
652,Jan van Rijswijcklaan 159-171,2022-12-31,11:00:00,24,22,2,FMN 04 Jan Van Rijswijcklaan
652,Jan van Rijswijcklaan 159-171,2022-12-31,12:00:00,44,38,6,FMN 04 Jan Van Rijswijcklaan
652,Jan van Rijswijcklaan 159-171,2022-12-31,13:00:00,45,35,10,FMN 04 Jan Van Rijswijcklaan
652,Jan van Rijswijcklaan 159-171,2022-12-31,14:00:00,57,51,6,FMN 04 Jan Van Rijswijcklaan
652,Jan van Rijswijcklaan 159-171,2022-12-31,15:00:00,62,52,10,FMN 04 Jan Van Rijswijcklaan
652,Jan van Rijswijcklaan 159-171,2022-12-31,16:00:00,81,75,6,FMN 04 Jan Van Rijswijcklaan
652,Jan van Rijswijcklaan 159-171,2022-12-31,17:00:00,73,64,9,FMN 04 Jan Van Rijswijcklaan
652,Jan van Rijswijcklaan 159-171,2022-12-31,18:00:00,105,97,8,FMN 04 Jan Van Rijswijcklaan
652,Jan van Rijswijcklaan 159-171,2022-12-31,19:00:00,69,60,9,FMN 04 Jan Van Rijswijcklaan
652,Jan van Rijswijcklaan 159-171,2022-12-31,20:00:00,36,31,5,FMN 04 Jan Van Rijswijcklaan
652,Jan van Rijswijcklaan 159-171,2022-12-31,21:00:00,21,18,3,FMN 04 Jan Van Rijswijcklaan
652,Jan van Rijswijcklaan 159-171,2022-12-31,22:00:00,0,0,0,FMN 04 Jan Van Rijswijcklaan
652,Jan van Rijswijcklaan 159-171,2022-12-31,23:00:00,0,0,0,FMN 04 Jan Van Rijswijcklaan
652,Jan van Rijswijcklaan 159-171,2023-01-01,00:00:00,0,0,0,FMN 04 Jan Van Rijswijcklaan
652,Jan van Rijswijcklaan 159-171,2023-01-01,01:00:00,0,0,0,FMN 04 Jan Van Rijswijcklaan
652,Jan van Rijswijcklaan 159-171,2023-01-01,02:00:00,0,0,0,FMN 04 Jan Van Rijswijcklaan
652,Jan van Rijswijcklaan 159-171,2023-01-01,03:00:00,0,0,0,FMN 04 Jan Van Rijswijcklaan
652,Jan van Rijswijcklaan 159-171,2023-01-01,04:00:00,0,0,0,FMN 04 Jan Van Rijswijcklaan
652,Jan van Rijswijcklaan 159-171,2023-01-01,05:00:00,0,0,0,FMN 04 Jan Van Rijswijcklaan
652,Jan van Rijswijcklaan 159-171,2023-01-01,06:00:00,0,0,0,FMN 04 Jan Van Rijswijcklaan
652,Jan van Rijswijcklaan 159-171,2023-01-01,07:00:00,0,0,0,FMN 04 Jan Van Rijswijcklaan
652,Jan van Rijswijcklaan 159-171,2023-01-01,08:00:00,0,0,0,FMN 04 Jan Van Rijswijcklaan
652,Jan van Rijswijcklaan 159-171,2023-01-01,09:00:00,0,0,0,FMN 04 Jan Van Rijswijcklaan
652,Jan van Rijswijcklaan 159-171,2023-01-01,10:00:00,7,6,1,FMN 04 Jan Van Rijswijcklaan
652,Jan van Rijswijcklaan 159-171,2023-01-01,11:00:00,24,21,3,FMN 04 Jan Van Rijswijcklaan
652,Jan van Rijswijcklaan 159-171,2023-01-01,12:00:00,27,24,3,FMN 04 Jan Van Rijswijcklaan
652,Jan van Rijswijcklaan 159-171,2023-01-01,13:00:00,45,41,4,FMN 04 Jan Van Rijswijcklaan
652,Jan van Rijswijcklaan 159-171,2023-01-01,14:00:00,33,28,5,FMN 04 Jan Van Rijswijcklaan
652,Jan van Rijswijcklaan 159-171,2023-01-01,15:00:00,49,43,6,FMN 04 Jan Van Rijswijcklaan
652,Jan van Rijswijcklaan 159-171,2023-01-01,16:00:00,56,50,6,FMN 04 Jan Van Rijswijcklaan
652,Jan van Rijswijcklaan 159-171,2023-01-01,17:00:00,44,34,10,FMN 04 Jan Van Rijswijcklaan
652,Jan van Rijswijcklaan 159-171,2023-01-01,18:00:00,24,23,1,FMN 04 Jan Van Rijswijcklaan
652,Jan van Rijswijcklaan 159-171,2023-01-01,19:00:00,17,15,2,FMN 04 Jan Van Rijswijcklaan
652,Jan van Rijswijcklaan 159-171,2023-01-01,20:00:00,20,20,0,FMN 04 Jan Van Rijswijcklaan
652,Jan van Rijswijcklaan 159-171,2023-01-01,21:00:00,13,13,0,FMN 04 Jan Van Rijswijcklaan
652,Jan van Rijswijcklaan 159-171,2023-01-01,22:00:00,11,7,4,FMN 04 Jan Van Rijswijcklaan
652,Jan van Rijswijcklaan 159-171,2023-01-01,23:00:00,10,6,4,FMN 04 Jan Van Rijswijcklaan
652,Jan van Rijswijcklaan 159-171,2023-01-02,00:00:00,4,2,2,FMN 04 Jan Van Rijswijcklaan
652,Jan van Rijswijcklaan 159-171,2023-01-02,01:00:00,2,2,0,FMN 04 Jan Van Rijswijcklaan
652,Jan van Rijswijcklaan 159-171,2023-01-02,02:00:00,0,0,0,FMN 04 Jan Van Rijswijcklaan
652,Jan van Rijswijcklaan 159-171,2023-01-02,03:00:00,2,2,0,FMN 04 Jan Van Rijswijcklaan
652,Jan van Rijswijcklaan 159-171,2023-01-02,04:00:00,0,0,0,FMN 04 Jan Van Rijswijcklaan
652,Jan van Rijswijcklaan 159-171,2023-01-02,05:00:00,0,0,0,FMN 04 Jan Van Rijswijcklaan
652,Jan van Rijswijcklaan 159-171,2023-01-02,06:00:00,0,0,0,FMN 04 Jan Van Rijswijcklaan
652,Jan van Rijswijcklaan 159-171,2023-01-02,07:00:00,0,0,0,FMN 04 Jan Van Rijswijcklaan
652,Jan van Rijswijcklaan 159-171,2023-01-02,08:00:00,0,0,0,FMN 04 Jan Van Rijswijcklaan
652,Jan van Rijswijcklaan 159-171,2023-01-02,09:00:00,0,0,0,FMN 04 Jan Van Rijswijcklaan
652,Jan van Rijswijcklaan 159-171,2023-01-02,10:00:00,27,23,4,FMN 04 Jan Van Rijswijcklaan
652,Jan van Rijswijcklaan 159-171,2023-01-02,11:00:00,44,40,4,FMN 04 Jan Van Rijswijcklaan
652,Jan van Rijswijcklaan 159-171,2023-01-02,12:00:00,66,57,9,FMN 04 Jan Van Rijswijcklaan
652,Jan van Rijswijcklaan 159-171,2023-01-02,13:00:00,48,38,10,FMN 04 Jan Van Rijswijcklaan
652,Jan van Rijswijcklaan 159-171,2023-01-02,14:00:00,46,37,9,FMN 04 Jan Van Rijswijcklaan
652,Jan van Rijswijcklaan 159-171,2023-01-02,15:00:00,67,63,4,FMN 04 Jan Van Rijswijcklaan
652,Jan van Rijswijcklaan 159-171,2023-01-02,16:00:00,57,53,4,FMN 04 Jan Van Rijswijcklaan
652,Jan van Rijswijcklaan 159-171,2023-01-02,17:00:00,73,61,12,FMN 04 Jan Van Rijswijcklaan
652,Jan van Rijswijcklaan 159-171,2023-01-02,18:00:00,82,69,13,FMN 04 Jan Van Rijswijcklaan
652,Jan van Rijswijcklaan 159-171,2023-01-02,19:00:00,44,38,6,FMN 04 Jan Van Rijswijcklaan
652,Jan van Rijswijcklaan 159-171,2023-01-02,20:00:00,45,35,10,FMN 04 Jan Van Rijswijcklaan
652,Jan van Rijswijcklaan 159-171,2023-01-02,21:00:00,23,20,3,FMN 04 Jan Van Rijswijcklaan
652,Jan van Rijswijcklaan 159-171,2023-01-02,22:00:00,26,17,9,FMN 04 Jan Van Rijswijcklaan
652,Jan van Rijswijcklaan 159-171,2023-01-02,23:00:00,10,8,2,FMN 04 Jan Van Rijswijcklaan
652,Jan van Rijswijcklaan 159-171,2023-01-03,00:00:00,10,7,3,FMN 04 Jan Van Rijswijcklaan
652,Jan van Rijswijcklaan 159-171,2023-01-03,01:00:00,2,2,0,FMN 04 Jan Van Rijswijcklaan
652,Jan van Rijswijcklaan 159-171,2023-01-03,02:00:00,1,1,0,FMN 04 Jan Van Rijswijcklaan
652,Jan van Rijswijcklaan 159-171,2023-01-03,03:00:00,0,0,0,FMN 04 Jan Van Rijswijcklaan
652,Jan van Rijswijcklaan 159-171,2023-01-03,04:00:00,0,0,0,FMN 04 Jan Van Rijswijcklaan
652,Jan van Rijswijcklaan 159-171,2023-01-03,05:00:00,0,0,0,FMN 04 Jan Van Rijswijcklaan
652,Jan van Rijswijcklaan 159-171,2023-01-03,06:00:00,0,0,0,FMN 04 Jan Van Rijswijcklaan
652,Jan van Rijswijcklaan 159-171,2023-01-03,07:00:00,0,0,0,FMN 04 Jan Van Rijswijcklaan
652,Jan van Rijswijcklaan 159-171,2023-01-03,08:00:00,0,0,0,FMN 04 Jan Van Rijswijcklaan
652,Jan van Rijswijcklaan 159-171,2023-01-03,09:00:00,0,0,0,FMN 04 Jan Van Rijswijcklaan
652,Jan van Rijswijcklaan 159-171,2023-01-03,10:00:00,39,34,5,FMN 04 Jan Van Rijswijcklaan
652,Jan van Rijswijcklaan 159-171,2023-01-03,11:00:00,59,50,9,FMN 04 Jan Van Rijswijcklaan
652,Jan van Rijswijcklaan 159-171,2023-01-03,12:00:00,67,61,6,FMN 04 Jan Van Rijswijcklaan
652,Jan van Rijswijcklaan 159-171,2023-01-03,13:00:00,73,65,8,FMN 04 Jan Van Rijswijcklaan
652,Jan van Rijswijcklaan 159-171,2023-01-03,14:00:00,79,70,9,FMN 04 Jan Van Rijswijcklaan
652,Jan van Rijswijcklaan 159-171,2023-01-03,15:00:00,80,66,14,FMN 04 Jan Van Rijswijcklaan
652,Jan van Rijswijcklaan 159-171,2023-01-03,16:00:00,121,103,18,FMN 04 Jan Van Rijswijcklaan
652,Jan van Rijswijcklaan 159-171,2023-01-03,17:00:00,178,158,20,FMN 04 Jan Van Rijswijcklaan
652,Jan van Rijswijcklaan 159-171,2023-01-03,18:00:00,113,97,16,FMN 04 Jan Van Rijswijcklaan
652,Jan van Rijswijcklaan 159-171,2023-01-03,19:00:00,60,45,15,FMN 04 Jan Van Rijswijcklaan
652,Jan van Rijswijcklaan 159-171,2023-01-03,20:00:00,56,44,12,FMN 04 Jan Van Rijswijcklaan
652,Jan van Rijswijcklaan 159-171,2023-01-03,21:00:00,34,26,8,FMN 04 Jan Van Rijswijcklaan
652,Jan van Rijswijcklaan 159-171,2023-01-03,22:00:00,38,32,6,FMN 04 Jan Van Rijswijcklaan
652,Jan van Rijswijcklaan 159-171,2023-01-03,23:00:00,12,7,5,FMN 04 Jan Van Rijswijcklaan
652,Jan van Rijswijcklaan 159-171,2023-01-04,00:00:00,8,6,2,FMN 04 Jan Van Rijswijcklaan
652,Jan van Rijswijcklaan 159-171,2023-01-04,01:00:00,3,2,1,FMN 04 Jan Van Rijswijcklaan
652,Jan van Rijswijcklaan 159-171,2023-01-04,02:00:00,4,3,1,FMN 04 Jan Van Rijswijcklaan
652,Jan van Rijswijcklaan 159-171,2023-01-04,03:00:00,1,1,0,FMN 04 Jan Van Rijswijcklaan
652,Jan van Rijswijcklaan 159-171,2023-01-04,04:00:00,0,0,0,FMN 04 Jan Van Rijswijcklaan
652,Jan van Rijswijcklaan 159-171,2023-01-04,05:00:00,0,0,0,FMN 04 Jan Van Rijswijcklaan
652,Jan van Rijswijcklaan 159-171,2023-01-04,06:00:00,0,0,0,FMN 04 Jan Van Rijswijcklaan
652,Jan van Rijswijcklaan 159-171,2023-01-04,07:00:00,0,0,0,FMN 04 Jan Van Rijswijcklaan
652,Jan van Rijswijcklaan 159-171,2023-01-04,08:00:00,0,0,0,FMN 04 Jan Van Rijswijcklaan
652,Jan van Rijswijcklaan 159-171,2023-01-04,09:00:00,0,0,0,FMN 04 Jan Van Rijswijcklaan
652,Jan van Rijswijcklaan 159-171,2023-01-04,10:00:00,0,0,0,FMN 04 Jan Van Rijswijcklaan
652,Jan van Rijswijcklaan 159-171,2023-01-04,11:00:00,56,52,4,FMN 04 Jan Van Rijswijcklaan
652,Jan van Rijswijcklaan 159-171,2023-01-04,12:00:00,54,45,9,FMN 04 Jan Van Rijswijcklaan
652,Jan van Rijswijcklaan 159-171,2023-01-04,13:00:00,53,48,5,FMN 04 Jan Van Rijswijcklaan
652,Jan van Rijswijcklaan 159-171,2023-01-04,14:00:00,66,64,2,FMN 04 Jan Van Rijswijcklaan
652,Jan van Rijswijcklaan 159-171,2023-01-04,15:00:00,68,60,8,FMN 04 Jan Van Rijswijcklaan
652,Jan van Rijswijcklaan 159-171,2023-01-04,16:00:00,116,105,11,FMN 04 Jan Van Rijswijcklaan
652,Jan van Rijswijcklaan 159-171,2023-01-04,17:00:00,128,111,17,FMN 04 Jan Van Rijswijcklaan
652,Jan van Rijswijcklaan 159-171,2023-01-04,18:00:00,107,96,11,FMN 04 Jan Van Rijswijcklaan
652,Jan van Rijswijcklaan 159-171,2023-01-04,19:00:00,20,15,5,FMN 04 Jan Van Rijswijcklaan
652,Jan van Rijswijcklaan 159-171,2023-01-04,20:00:00,0,0,0,FMN 04 Jan Van Rijswijcklaan
652,Jan van Rijswijcklaan 159-171,2023-01-04,21:00:00,0,0,0,FMN 04 Jan Van Rijswijcklaan
652,Jan van Rijswijcklaan 159-171,2023-01-04,22:00:00,0,0,0,FMN 04 Jan Van Rijswijcklaan
652,Jan van Rijswijcklaan 159-171,2023-01-04,23:00:00,0,0,0,FMN 04 Jan Van Rijswijcklaan
652,Jan van Rijswijcklaan 159-171,2023-01-05,00:00:00,0,0,0,FMN 04 Jan Van Rijswijcklaan
652,Jan van Rijswijcklaan 159-171,2023-01-05,01:00:00,0,0,0,FMN 04 Jan Van Rijswijcklaan
652,Jan van Rijswijcklaan 159-171,2023-01-05,02:00:00,0,0,0,FMN 04 Jan Van Rijswijcklaan
652,Jan van Rijswijcklaan 159-171,2023-01-05,03:00:00,0,0,0,FMN 04 Jan Van Rijswijcklaan
652,Jan van Rijswijcklaan 159-171,2023-01-05,04:00:00,0,0,0,FMN 04 Jan Van Rijswijcklaan
652,Jan van Rijswijcklaan 159-171,2023-01-05,05:00:00,0,0,0,FMN 04 Jan Van Rijswijcklaan
652,Jan van Rijswijcklaan 159-171,2023-01-05,06:00:00,0,0,0,FMN 04 Jan Van Rijswijcklaan
652,Jan van Rijswijcklaan 159-171,2023-01-05,07:00:00,0,0,0,FMN 04 Jan Van Rijswijcklaan
652,Jan van Rijswijcklaan 159-171,2023-01-05,08:00:00,0,0,0,FMN 04 Jan Van Rijswijcklaan
652,Jan van Rijswijcklaan 159-171,2023-01-05,09:00:00,24,23,1,FMN 04 Jan Van Rijswijcklaan
652,Jan van Rijswijcklaan 159-171,2023-01-05,10:00:00,89,83,6,FMN 04 Jan Van Rijswijcklaan
652,Jan van Rijswijcklaan 159-171,2023-01-05,11:00:00,69,57,12,FMN 04 Jan Van Rijswijcklaan
652,Jan van Rijswijcklaan 159-171,2023-01-05,12:00:00,92,82,10,FMN 04 Jan Van Rijswijcklaan
652,Jan van Rijswijcklaan 159-171,2023-01-05,13:00:00,73,64,9,FMN 04 Jan Van Rijswijcklaan
652,Jan van Rijswijcklaan 159-171,2023-01-05,14:00:00,85,80,5,FMN 04 Jan Van Rijswijcklaan
652,Jan van Rijswijcklaan 159-171,2023-01-05,15:00:00,76,67,9,FMN 04 Jan Van Rijswijcklaan
652,Jan van Rijswijcklaan 159-171,2023-01-05,16:00:00,115,105,10,FMN 04 Jan Van Rijswijcklaan
652,Jan van Rijswijcklaan 159-171,2023-01-05,17:00:00,166,147,19,FMN 04 Jan Van Rijswijcklaan
652,Jan van Rijswijcklaan 159-171,2023-01-05,18:00:00,96,81,15,FMN 04 Jan Van Rijswijcklaan
652,Jan van Rijswijcklaan 159-171,2023-01-05,19:00:00,142,123,19,FMN 04 Jan Van Rijswijcklaan
652,Jan van Rijswijcklaan 159-171,2023-01-05,20:00:00,51,40,11,FMN 04 Jan Van Rijswijcklaan
652,Jan van Rijswijcklaan 159-171,2023-01-05,21:00:00,30,26,4,FMN 04 Jan Van Rijswijcklaan
652,Jan van Rijswijcklaan 159-171,2023-01-05,22:00:00,49,41,8,FMN 04 Jan Van Rijswijcklaan
652,Jan van Rijswijcklaan 159-171,2023-01-05,23:00:00,13,11,2,FMN 04 Jan Van Rijswijcklaan
652,Jan van Rijswijcklaan 159-171,2023-01-06,00:00:00,9,7,2,FMN 04 Jan Van Rijswijcklaan
652,Jan van Rijswijcklaan 159-171,2023-01-06,01:00:00,9,7,2,FMN 04 Jan Van Rijswijcklaan
652,Jan van Rijswijcklaan 159-171,2023-01-06,02:00:00,3,2,1,FMN 04 Jan Van Rijswijcklaan
652,Jan van Rijswijcklaan 159-171,2023-01-06,03:00:00,7,5,2,FMN 04 Jan Van Rijswijcklaan
652,Jan van Rijswijcklaan 159-171,2023-01-06,04:00:00,7,7,0,FMN 04 Jan Van Rijswijcklaan
652,Jan van Rijswijcklaan 159-171,2023-01-06,05:00:00,19,12,7,FMN 04 Jan Van Rijswijcklaan
652,Jan van Rijswijcklaan 159-171,2023-01-06,06:00:00,1,1,0,FMN 04 Jan Van Rijswijcklaan
652,Jan van Rijswijcklaan 159-171,2023-01-06,07:00:00,0,0,0,FMN 04 Jan Van Rijswijcklaan
652,Jan van Rijswijcklaan 159-171,2023-01-06,08:00:00,0,0,0,FMN 04 Jan Van Rijswijcklaan
652,Jan van Rijswijcklaan 159-171,2023-01-06,09:00:00,29,28,1,FMN 04 Jan Van Rijswijcklaan
652,Jan van Rijswijcklaan 159-171,2023-01-06,10:00:00,68,58,10,FMN 04 Jan Van Rijswijcklaan
652,Jan van Rijswijcklaan 159-171,2023-01-06,11:00:00,56,51,5,FMN 04 Jan Van Rijswijcklaan
652,Jan van Rijswijcklaan 159-171,2023-01-06,12:00:00,92,82,10,FMN 04 Jan Van Rijswijcklaan
652,Jan van Rijswijcklaan 159-171,2023-01-06,13:00:00,90,72,18,FMN 04 Jan Van Rijswijcklaan
652,Jan van Rijswijcklaan 159-171,2023-01-06,14:00:00,90,84,6,FMN 04 Jan Van Rijswijcklaan
652,Jan van Rijswijcklaan 159-171,2023-01-06,15:00:00,93,76,17,FMN 04 Jan Van Rijswijcklaan
652,Jan van Rijswijcklaan 159-171,2023-01-06,16:00:00,128,115,13,FMN 04 Jan Van Rijswijcklaan
652,Jan van Rijswijcklaan 159-171,2023-01-06,17:00:00,160,139,21,FMN 04 Jan Van Rijswijcklaan
652,Jan van Rijswijcklaan 159-171,2023-01-06,18:00:00,102,93,9,FMN 04 Jan Van Rijswijcklaan
652,Jan van Rijswijcklaan 159-171,2023-01-06,19:00:00,79,67,12,FMN 04 Jan Van Rijswijcklaan
652,Jan van Rijswijcklaan 159-171,2023-01-06,20:00:00,62,51,11,FMN 04 Jan Van Rijswijcklaan
652,Jan van Rijswijcklaan 159-171,2023-01-06,21:00:00,42,37,5,FMN 04 Jan Van Rijswijcklaan
652,Jan van Rijswijcklaan 159-171,2023-01-06,22:00:00,40,35,5,FMN 04 Jan Van Rijswijcklaan
652,Jan van Rijswijcklaan 159-171,2023-01-06,23:00:00,38,31,7,FMN 04 Jan Van Rijswijcklaan
652,Jan van Rijswijcklaan 159-171,2023-01-07,00:00:00,28,17,11,FMN 04 Jan Van Rijswijcklaan
652,Jan van Rijswijcklaan 159-171,2023-01-07,01:00:00,24,22,2,FMN 04 Jan Van Rijswijcklaan
652,Jan van Rijswijcklaan 159-171,2023-01-07,02:00:00,10,7,3,FMN 04 Jan Van Rijswijcklaan
652,Jan van Rijswijcklaan 159-171,2023-01-07,03:00:00,11,6,5,FMN 04 Jan Van Rijswijcklaan
652,Jan van Rijswijcklaan 159-171,2023-01-07,04:00:00,4,4,0,FMN 04 Jan Van Rijswijcklaan
652,Jan van Rijswijcklaan 159-171,2023-01-07,05:00:00,10,9,1,FMN 04 Jan Van Rijswijcklaan
652,Jan van Rijswijcklaan 159-171,2023-01-07,06:00:00,15,14,1,FMN 04 Jan Van Rijswijcklaan
652,Jan van Rijswijcklaan 159-171,2023-01-07,07:00:00,19,14,5,FMN 04 Jan Van Rijswijcklaan
652,Jan van Rijswijcklaan 159-171,2023-01-07,08:00:00,1,1,0,FMN 04 Jan Van Rijswijcklaan
652,Jan van Rijswijcklaan 159-171,2023-01-07,09:00:00,0,0,0,FMN 04 Jan Van Rijswijcklaan
652,Jan van Rijswijcklaan 159-171,2023-01-07,10:00:00,88,78,10,FMN 04 Jan Van Rijswijcklaan
652,Jan van Rijswijcklaan 159-171,2023-01-07,11:00:00,69,59,10,FMN 04 Jan Van Rijswijcklaan
652,Jan van Rijswijcklaan 159-171,2023-01-07,12:00:00,68,60,8,FMN 04 Jan Van Rijswijcklaan
652,Jan van Rijswijcklaan 159-171,2023-01-07,13:00:00,89,77,12,FMN 04 Jan Van Rijswijcklaan
652,Jan van Rijswijcklaan 159-171,2023-01-07,14:00:00,88,75,13,FMN 04 Jan Van Rijswijcklaan
652,Jan van Rijswijcklaan 159-171,2023-01-07,15:00:00,83,80,3,FMN 04 Jan Van Rijswijcklaan
652,Jan van Rijswijcklaan 159-171,2023-01-07,16:00:00,70,67,3,FMN 04 Jan Van Rijswijcklaan
652,Jan van Rijswijcklaan 159-171,2023-01-07,17:00:00,60,53,7,FMN 04 Jan Van Rijswijcklaan
652,Jan van Rijswijcklaan 159-171,2023-01-07,18:00:00,62,54,8,FMN 04 Jan Van Rijswijcklaan
652,Jan van Rijswijcklaan 159-171,2023-01-07,19:00:00,52,43,9,FMN 04 Jan Van Rijswijcklaan
652,Jan van Rijswijcklaan 159-171,2023-01-07,20:00:00,67,59,8,FMN 04 Jan Van Rijswijcklaan
652,Jan van Rijswijcklaan 159-171,2023-01-07,21:00:00,28,26,2,FMN 04 Jan Van Rijswijcklaan
652,Jan van Rijswijcklaan 159-171,2023-01-07,22:00:00,29,24,5,FMN 04 Jan Van Rijswijcklaan
652,Jan van Rijswijcklaan 159-171,2023-01-07,23:00:00,26,17,9,FMN 04 Jan Van Rijswijcklaan
652,Jan van Rijswijcklaan 159-171,2023-01-08,00:00:00,16,12,4,FMN 04 Jan Van Rijswijcklaan
652,Jan van Rijswijcklaan 159-171,2023-01-08,01:00:00,13,11,2,FMN 04 Jan Van Rijswijcklaan
652,Jan van Rijswijcklaan 159-171,2023-01-08,02:00:00,9,5,4,FMN 04 Jan Van Rijswijcklaan
652,Jan van Rijswijcklaan 159-171,2023-01-08,03:00:00,7,5,2,FMN 04 Jan Van Rijswijcklaan
652,Jan van Rijswijcklaan 159-171,2023-01-08,04:00:00,6,3,3,FMN 04 Jan Van Rijswijcklaan
652,Jan van Rijswijcklaan 159-171,2023-01-08,05:00:00,4,4,0,FMN 04 Jan Van Rijswijcklaan
652,Jan van Rijswijcklaan 159-171,2023-01-08,06:00:00,12,12,0,FMN 04 Jan Van Rijswijcklaan
652,Jan van Rijswijcklaan 159-171,2023-01-08,07:00:00,19,16,3,FMN 04 Jan Van Rijswijcklaan
652,Jan van Rijswijcklaan 159-171,2023-01-08,08:00:00,18,14,4,FMN 04 Jan Van Rijswijcklaan
652,Jan van Rijswijcklaan 159-171,2023-01-08,09:00:00,36,31,5,FMN 04 Jan Van Rijswijcklaan
652,Jan van Rijswijcklaan 159-171,2023-01-08,10:00:00,65,53,12,FMN 04 Jan Van Rijswijcklaan
652,Jan van Rijswijcklaan 159-171,2023-01-08,11:00:00,89,72,17,FMN 04 Jan Van Rijswijcklaan
652,Jan van Rijswijcklaan 159-171,2023-01-08,12:00:00,69,57,12,FMN 04 Jan Van Rijswijcklaan
652,Jan van Rijswijcklaan 159-171,2023-01-08,13:00:00,52,49,3,FMN 04 Jan Van Rijswijcklaan
652,Jan van Rijswijcklaan 159-171,2023-01-08,14:00:00,89,82,7,FMN 04 Jan Van Rijswijcklaan
652,Jan van Rijswijcklaan 159-171,2023-01-08,15:00:00,76,64,12,FMN 04 Jan Van Rijswijcklaan
652,Jan van Rijswijcklaan 159-171,2023-01-08,16:00:00,68,54,14,FMN 04 Jan Van Rijswijcklaan
652,Jan van Rijswijcklaan 159-171,2023-01-08,17:00:00,68,61,7,FMN 04 Jan Van Rijswijcklaan
652,Jan van Rijswijcklaan 159-171,2023-01-08,18:00:00,57,46,11,FMN 04 Jan Van Rijswijcklaan
652,Jan van Rijswijcklaan 159-171,2023-01-08,19:00:00,26,18,8,FMN 04 Jan Van Rijswijcklaan
652,Jan van Rijswijcklaan 159-171,2023-01-08,20:00:00,36,30,6,FMN 04 Jan Van Rijswijcklaan
652,Jan van Rijswijcklaan 159-171,2023-01-08,21:00:00,34,33,1,FMN 04 Jan Van Rijswijcklaan
652,Jan van Rijswijcklaan 159-171,2023-01-08,22:00:00,7,5,2,FMN 04 Jan Van Rijswijcklaan
652,Jan van Rijswijcklaan 159-171,2023-01-08,23:00:00,11,7,4,FMN 04 Jan Van Rijswijcklaan
652,Jan van Rijswijcklaan 159-171,2023-01-09,00:00:00,6,5,1,FMN 04 Jan Van Rijswijcklaan
652,Jan van Rijswijcklaan 159-171,2023-01-09,01:00:00,2,2,0,FMN 04 Jan Van Rijswijcklaan
652,Jan van Rijswijcklaan 159-171,2023-01-09,02:00:00,0,0,0,FMN 04 Jan Van Rijswijcklaan
652,Jan van Rijswijcklaan 159-171,2023-01-09,03:00:00,2,2,0,FMN 04 Jan Van Rijswijcklaan
652,Jan van Rijswijcklaan 159-171,2023-01-09,04:00:00,10,8,2,FMN 04 Jan Van Rijswijcklaan
652,Jan van Rijswijcklaan 159-171,2023-01-09,05:00:00,14,11,3,FMN 04 Jan Van Rijswijcklaan
652,Jan van Rijswijcklaan 159-171,2023-01-09,06:00:00,65,60,5,FMN 04 Jan Van Rijswijcklaan
652,Jan van Rijswijcklaan 159-171,2023-01-09,07:00:00,233,218,15,FMN 04 Jan Van Rijswijcklaan
652,Jan van Rijswijcklaan 159-171,2023-01-09,08:00:00,413,396,17,FMN 04 Jan Van Rijswijcklaan
652,Jan van Rijswijcklaan 159-171,2023-01-09,09:00:00,125,113,12,FMN 04 Jan Van Rijswijcklaan
652,Jan van Rijswijcklaan 159-171,2023-01-09,10:00:00,86,74,12,FMN 04 Jan Van Rijswijcklaan
652,Jan van Rijswijcklaan 159-171,2023-01-09,11:00:00,73,63,10,FMN 04 Jan Van Rijswijcklaan
652,Jan van Rijswijcklaan 159-171,2023-01-09,12:00:00,106,92,14,FMN 04 Jan Van Rijswijcklaan
652,Jan van Rijswijcklaan 159-171,2023-01-09,13:00:00,68,60,8,FMN 04 Jan Van Rijswijcklaan
652,Jan van Rijswijcklaan 159-171,2023-01-09,14:00:00,95,80,15,FMN 04 Jan Van Rijswijcklaan
652,Jan van Rijswijcklaan 159-171,2023-01-09,15:00:00,203,184,19,FMN 04 Jan Van Rijswijcklaan
652,Jan van Rijswijcklaan 159-171,2023-01-09,16:00:00,250,225,25,FMN 04 Jan Van Rijswijcklaan
652,Jan van Rijswijcklaan 159-171,2023-01-09,17:00:00,209,187,22,FMN 04 Jan Van Rijswijcklaan
652,Jan van Rijswijcklaan 159-171,2023-01-09,18:00:00,119,105,14,FMN 04 Jan Van Rijswijcklaan
652,Jan van Rijswijcklaan 159-171,2023-01-09,19:00:00,61,47,14,FMN 04 Jan Van Rijswijcklaan
652,Jan van Rijswijcklaan 159-171,2023-01-09,20:00:00,55,45,10,FMN 04 Jan Van Rijswijcklaan
652,Jan van Rijswijcklaan 159-171,2023-01-09,21:00:00,37,22,15,FMN 04 Jan Van Rijswijcklaan
652,Jan van Rijswijcklaan 159-171,2023-01-09,22:00:00,40,33,7,FMN 04 Jan Van Rijswijcklaan
652,Jan van Rijswijcklaan 159-171,2023-01-09,23:00:00,21,14,7,FMN 04 Jan Van Rijswijcklaan
652,Jan van Rijswijcklaan 159-171,2023-01-10,00:00:00,2,1,1,FMN 04 Jan Van Rijswijcklaan
652,Jan van Rijswijcklaan 159-171,2023-01-10,01:00:00,6,6,0,FMN 04 Jan Van Rijswijcklaan
652,Jan van Rijswijcklaan 159-171,2023-01-10,02:00:00,3,2,1,FMN 04 Jan Van Rijswijcklaan
652,Jan van Rijswijcklaan 159-171,2023-01-10,03:00:00,1,1,0,FMN 04 Jan Van Rijswijcklaan
652,Jan van Rijswijcklaan 159-171,2023-01-10,04:00:00,11,9,2,FMN 04 Jan Van Rijswijcklaan
652,Jan van Rijswijcklaan 159-171,2023-01-10,05:00:00,22,17,5,FMN 04 Jan Van Rijswijcklaan
652,Jan van Rijswijcklaan 159-171,2023-01-10,06:00:00,60,56,4,FMN 04 Jan Van Rijswijcklaan
652,Jan van Rijswijcklaan 159-171,2023-01-10,07:00:00,222,206,16,FMN 04 Jan Van Rijswijcklaan
652,Jan van Rijswijcklaan 159-171,2023-01-10,08:00:00,454,437,17,FMN 04 Jan Van Rijswijcklaan
652,Jan van Rijswijcklaan 159-171,2023-01-10,09:00:00,112,106,6,FMN 04 Jan Van Rijswijcklaan
652,Jan van Rijswijcklaan 159-171,2023-01-10,10:00:00,83,72,11,FMN 04 Jan Van Rijswijcklaan
652,Jan van Rijswijcklaan 159-171,2023-01-10,11:00:00,84,72,12,FMN 04 Jan Van Rijswijcklaan
652,Jan van Rijswijcklaan 159-171,2023-01-10,12:00:00,124,110,14,FMN 04 Jan Van Rijswijcklaan
652,Jan van Rijswijcklaan 159-171,2023-01-10,13:00:00,96,80,16,FMN 04 Jan Van Rijswijcklaan
652,Jan van Rijswijcklaan 159-171,2023-01-10,14:00:00,80,69,11,FMN 04 Jan Van Rijswijcklaan
652,Jan van Rijswijcklaan 159-171,2023-01-10,15:00:00,163,142,21,FMN 04 Jan Van Rijswijcklaan
652,Jan van Rijswijcklaan 159-171,2023-01-10,16:00:00,249,227,22,FMN 04 Jan Van Rijswijcklaan
652,Jan van Rijswijcklaan 159-171,2023-01-10,17:00:00,190,168,22,FMN 04 Jan Van Rijswijcklaan
652,Jan van Rijswijcklaan 159-171,2023-01-10,18:00:00,116,99,17,FMN 04 Jan Van Rijswijcklaan
652,Jan van Rijswijcklaan 159-171,2023-01-10,19:00:00,84,71,13,FMN 04 Jan Van Rijswijcklaan
652,Jan van Rijswijcklaan 159-171,2023-01-10,20:00:00,55,43,12,FMN 04 Jan Van Rijswijcklaan
652,Jan van Rijswijcklaan 159-171,2023-01-10,21:00:00,40,32,8,FMN 04 Jan Van Rijswijcklaan
652,Jan van Rijswijcklaan 159-171,2023-01-10,22:00:00,55,44,11,FMN 04 Jan Van Rijswijcklaan
652,Jan van Rijswijcklaan 159-171,2023-01-10,23:00:00,16,9,7,FMN 04 Jan Van Rijswijcklaan
652,Jan van Rijswijcklaan 159-171,2023-01-11,00:00:00,4,1,3,FMN 04 Jan Van Rijswijcklaan
652,Jan van Rijswijcklaan 159-171,2023-01-11,01:00:00,6,6,0,FMN 04 Jan Van Rijswijcklaan
652,Jan van Rijswijcklaan 159-171,2023-01-11,02:00:00,1,1,0,FMN 04 Jan Van Rijswijcklaan
652,Jan van Rijswijcklaan 159-171,2023-01-11,03:00:00,3,2,1,FMN 04 Jan Van Rijswijcklaan
652,Jan van Rijswijcklaan 159-171,2023-01-11,04:00:00,0,0,0,FMN 04 Jan Van Rijswijcklaan
652,Jan van Rijswijcklaan 159-171,2023-01-11,05:00:00,0,0,0,FMN 04 Jan Van Rijswijcklaan
652,Jan van Rijswijcklaan 159-171,2023-01-11,06:00:00,0,0,0,FMN 04 Jan Van Rijswijcklaan
652,Jan van Rijswijcklaan 159-171,2023-01-11,07:00:00,0,0,0,FMN 04 Jan Van Rijswijcklaan
652,Jan van Rijswijcklaan 159-171,2023-01-11,08:00:00,0,0,0,FMN 04 Jan Van Rijswijcklaan
652,Jan van Rijswijcklaan 159-171,2023-01-11,09:00:00,13,13,0,FMN 04 Jan Van Rijswijcklaan
652,Jan van Rijswijcklaan 159-171,2023-01-11,10:00:00,77,62,15,FMN 04 Jan Van Rijswijcklaan
652,Jan van Rijswijcklaan 159-171,2023-01-11,11:00:00,92,82,10,FMN 04 Jan Van Rijswijcklaan
652,Jan van Rijswijcklaan 159-171,2023-01-11,12:00:00,293,268,25,FMN 04 Jan Van Rijswijcklaan
652,Jan van Rijswijcklaan 159-171,2023-01-11,13:00:00,105,89,16,FMN 04 Jan Van Rijswijcklaan
652,Jan van Rijswijcklaan 159-171,2023-01-11,14:00:00,116,99,17,FMN 04 Jan Van Rijswijcklaan
652,Jan van Rijswijcklaan 159-171,2023-01-11,15:00:00,126,111,15,FMN 04 Jan Van Rijswijcklaan
652,Jan van Rijswijcklaan 159-171,2023-01-11,16:00:00,207,166,41,FMN 04 Jan Van Rijswijcklaan
652,Jan van Rijswijcklaan 159-171,2023-01-11,17:00:00,249,219,30,FMN 04 Jan Van Rijswijcklaan
652,Jan van Rijswijcklaan 159-171,2023-01-11,18:00:00,200,168,32,FMN 04 Jan Van Rijswijcklaan
652,Jan van Rijswijcklaan 159-171,2023-01-11,19:00:00,135,100,35,FMN 04 Jan Van Rijswijcklaan
652,Jan van Rijswijcklaan 159-171,2023-01-11,20:00:00,73,57,16,FMN 04 Jan Van Rijswijcklaan
652,Jan van Rijswijcklaan 159-171,2023-01-11,21:00:00,53,41,12,FMN 04 Jan Van Rijswijcklaan
652,Jan van Rijswijcklaan 159-171,2023-01-11,22:00:00,47,43,4,FMN 04 Jan Van Rijswijcklaan
652,Jan van Rijswijcklaan 159-171,2023-01-11,23:00:00,18,14,4,FMN 04 Jan Van Rijswijcklaan
652,Jan van Rijswijcklaan 159-171,2023-01-12,00:00:00,10,7,3,FMN 04 Jan Van Rijswijcklaan
652,Jan van Rijswijcklaan 159-171,2023-01-12,01:00:00,5,4,1,FMN 04 Jan Van Rijswijcklaan
652,Jan van Rijswijcklaan 159-171,2023-01-12,02:00:00,3,2,1,FMN 04 Jan Van Rijswijcklaan
652,Jan van Rijswijcklaan 159-171,2023-01-12,03:00:00,5,5,0,FMN 04 Jan Van Rijswijcklaan
652,Jan van Rijswijcklaan 159-171,2023-01-12,04:00:00,10,9,1,FMN 04 Jan Van Rijswijcklaan
652,Jan van Rijswijcklaan 159-171,2023-01-12,05:00:00,13,10,3,FMN 04 Jan Van Rijswijcklaan
652,Jan van Rijswijcklaan 159-171,2023-01-12,06:00:00,46,38,8,FMN 04 Jan Van Rijswijcklaan
652,Jan van Rijswijcklaan 159-171,2023-01-12,07:00:00,137,128,9,FMN 04 Jan Van Rijswijcklaan
652,Jan van Rijswijcklaan 159-171,2023-01-12,08:00:00,303,296,7,FMN 04 Jan Van Rijswijcklaan
652,Jan van Rijswijcklaan 159-171,2023-01-12,09:00:00,68,62,6,FMN 04 Jan Van Rijswijcklaan
652,Jan van Rijswijcklaan 159-171,2023-01-12,10:00:00,44,41,3,FMN 04 Jan Van Rijswijcklaan
652,Jan van Rijswijcklaan 159-171,2023-01-12,11:00:00,44,35,9,FMN 04 Jan Van Rijswijcklaan
652,Jan van Rijswijcklaan 159-171,2023-01-12,12:00:00,74,62,12,FMN 04 Jan Van Rijswijcklaan
652,Jan van Rijswijcklaan 159-171,2023-01-12,13:00:00,59,50,9,FMN 04 Jan Van Rijswijcklaan
652,Jan van Rijswijcklaan 159-171,2023-01-12,14:00:00,60,53,7,FMN 04 Jan Van Rijswijcklaan
652,Jan van Rijswijcklaan 159-171,2023-01-12,15:00:00,104,97,7,FMN 04 Jan Van Rijswijcklaan
652,Jan van Rijswijcklaan 159-171,2023-01-12,16:00:00,178,160,18,FMN 04 Jan Van Rijswijcklaan
652,Jan van Rijswijcklaan 159-171,2023-01-12,17:00:00,145,121,24,FMN 04 Jan Van Rijswijcklaan
652,Jan van Rijswijcklaan 159-171,2023-01-12,18:00:00,10,10,0,FMN 04 Jan Van Rijswijcklaan
652,Jan van Rijswijcklaan 159-171,2023-01-12,19:00:00,0,0,0,FMN 04 Jan Van Rijswijcklaan
652,Jan van Rijswijcklaan 159-171,2023-01-12,20:00:00,0,0,0,FMN 04 Jan Van Rijswijcklaan
652,Jan van Rijswijcklaan 159-171,2023-01-12,21:00:00,0,0,0,FMN 04 Jan Van Rijswijcklaan
652,Jan van Rijswijcklaan 159-171,2023-01-12,22:00:00,0,0,0,FMN 04 Jan Van Rijswijcklaan
652,Jan van Rijswijcklaan 159-171,2023-01-12,23:00:00,0,0,0,FMN 04 Jan Van Rijswijcklaan
652,Jan van Rijswijcklaan 159-171,2023-01-13,00:00:00,0,0,0,FMN 04 Jan Van Rijswijcklaan
652,Jan van Rijswijcklaan 159-171,2023-01-13,01:00:00,0,0,0,FMN 04 Jan Van Rijswijcklaan
652,Jan van Rijswijcklaan 159-171,2023-01-13,02:00:00,0,0,0,FMN 04 Jan Van Rijswijcklaan
652,Jan van Rijswijcklaan 159-171,2023-01-13,03:00:00,0,0,0,FMN 04 Jan Van Rijswijcklaan
652,Jan van Rijswijcklaan 159-171,2023-01-13,04:00:00,0,0,0,FMN 04 Jan Van Rijswijcklaan
652,Jan van Rijswijcklaan 159-171,2023-01-13,05:00:00,0,0,0,FMN 04 Jan Van Rijswijcklaan
652,Jan van Rijswijcklaan 159-171,2023-01-13,06:00:00,0,0,0,FMN 04 Jan Van Rijswijcklaan
652,Jan van Rijswijcklaan 159-171,2023-01-13,07:00:00,0,0,0,FMN 04 Jan Van Rijswijcklaan
652,Jan van Rijswijcklaan 159-171,2023-01-13,08:00:00,0,0,0,FMN 04 Jan Van Rijswijcklaan
652,Jan van Rijswijcklaan 159-171,2023-01-13,09:00:00,55,51,4,FMN 04 Jan Van Rijswijcklaan
652,Jan van Rijswijcklaan 159-171,2023-01-13,10:00:00,82,70,12,FMN 04 Jan Van Rijswijcklaan
652,Jan van Rijswijcklaan 159-171,2023-01-13,11:00:00,83,73,10,FMN 04 Jan Van Rijswijcklaan
652,Jan van Rijswijcklaan 159-171,2023-01-13,12:00:00,105,88,17,FMN 04 Jan Van Rijswijcklaan
652,Jan van Rijswijcklaan 159-171,2023-01-13,13:00:00,79,62,17,FMN 04 Jan Van Rijswijcklaan
652,Jan van Rijswijcklaan 159-171,2023-01-13,14:00:00,106,93,13,FMN 04 Jan Van Rijswijcklaan
652,Jan van Rijswijcklaan 159-171,2023-01-13,15:00:00,201,180,21,FMN 04 Jan Van Rijswijcklaan
652,Jan van Rijswijcklaan 159-171,2023-01-13,16:00:00,230,215,15,FMN 04 Jan Van Rijswijcklaan
652,Jan van Rijswijcklaan 159-171,2023-01-13,17:00:00,201,185,16,FMN 04 Jan Van Rijswijcklaan
652,Jan van Rijswijcklaan 159-171,2023-01-13,18:00:00,138,124,14,FMN 04 Jan Van Rijswijcklaan
652,Jan van Rijswijcklaan 159-171,2023-01-13,19:00:00,112,99,13,FMN 04 Jan Van Rijswijcklaan
652,Jan van Rijswijcklaan 159-171,2023-01-13,20:00:00,83,76,7,FMN 04 Jan Van Rijswijcklaan
652,Jan van Rijswijcklaan 159-171,2023-01-13,21:00:00,52,45,7,FMN 04 Jan Van Rijswijcklaan
652,Jan van Rijswijcklaan 159-171,2023-01-13,22:00:00,65,52,13,FMN 04 Jan Van Rijswijcklaan
652,Jan van Rijswijcklaan 159-171,2023-01-13,23:00:00,35,25,10,FMN 04 Jan Van Rijswijcklaan
652,Jan van Rijswijcklaan 159-171,2023-01-14,00:00:00,40,33,7,FMN 04 Jan Van Rijswijcklaan
652,Jan van Rijswijcklaan 159-171,2023-01-14,01:00:00,21,14,7,FMN 04 Jan Van Rijswijcklaan
652,Jan van Rijswijcklaan 159-171,2023-01-14,02:00:00,20,16,4,FMN 04 Jan Van Rijswijcklaan
652,Jan van Rijswijcklaan 159-171,2023-01-14,03:00:00,8,7,1,FMN 04 Jan Van Rijswijcklaan
652,Jan van Rijswijcklaan 159-171,2023-01-14,04:00:00,0,0,0,FMN 04 Jan Van Rijswijcklaan
652,Jan van Rijswijcklaan 159-171,2023-01-14,05:00:00,0,0,0,FMN 04 Jan Van Rijswijcklaan
652,Jan van Rijswijcklaan 159-171,2023-01-14,06:00:00,0,0,0,FMN 04 Jan Van Rijswijcklaan
652,Jan van Rijswijcklaan 159-171,2023-01-14,07:00:00,0,0,0,FMN 04 Jan Van Rijswijcklaan
652,Jan van Rijswijcklaan 159-171,2023-01-14,08:00:00,0,0,0,FMN 04 Jan Van Rijswijcklaan
652,Jan van Rijswijcklaan 159-171,2023-01-14,09:00:00,0,0,0,FMN 04 Jan Van Rijswijcklaan
652,Jan van Rijswijcklaan 159-171,2023-01-14,10:00:00,0,0,0,FMN 04 Jan Van Rijswijcklaan
652,Jan van Rijswijcklaan 159-171,2023-01-14,11:00:00,0,0,0,FMN 04 Jan Van Rijswijcklaan
652,Jan van Rijswijcklaan 159-171,2023-01-14,12:00:00,0,0,0,FMN 04 Jan Van Rijswijcklaan
652,Jan van Rijswijcklaan 159-171,2023-01-14,13:00:00,0,0,0,FMN 04 Jan Van Rijswijcklaan
652,Jan van Rijswijcklaan 159-171,2023-01-14,14:00:00,21,21,0,FMN 04 Jan Van Rijswijcklaan
652,Jan van Rijswijcklaan 159-171,2023-01-14,15:00:00,46,38,8,FMN 04 Jan Van Rijswijcklaan
652,Jan van Rijswijcklaan 159-171,2023-01-14,16:00:00,23,21,2,FMN 04 Jan Van Rijswijcklaan
652,Jan van Rijswijcklaan 159-171,2023-01-14,17:00:00,0,0,0,FMN 04 Jan Van Rijswijcklaan
652,Jan van Rijswijcklaan 159-171,2023-01-14,18:00:00,0,0,0,FMN 04 Jan Van Rijswijcklaan
652,Jan van Rijswijcklaan 159-171,2023-01-14,19:00:00,0,0,0,FMN 04 Jan Van Rijswijcklaan
652,Jan van Rijswijcklaan 159-171,2023-01-14,20:00:00,0,0,0,FMN 04 Jan Van Rijswijcklaan
652,Jan van Rijswijcklaan 159-171,2023-01-14,21:00:00,0,0,0,FMN 04 Jan Van Rijswijcklaan
652,Jan van Rijswijcklaan 159-171,2023-01-14,22:00:00,0,0,0,FMN 04 Jan Van Rijswijcklaan
652,Jan van Rijswijcklaan 159-171,2023-01-14,23:00:00,0,0,0,FMN 04 Jan Van Rijswijcklaan
652,Jan van Rijswijcklaan 159-171,2023-01-15,00:00:00,0,0,0,FMN 04 Jan Van Rijswijcklaan
652,Jan van Rijswijcklaan 159-171,2023-01-15,01:00:00,0,0,0,FMN 04 Jan Van Rijswijcklaan
652,Jan van Rijswijcklaan 159-171,2023-01-15,02:00:00,0,0,0,FMN 04 Jan Van Rijswijcklaan
652,Jan van Rijswijcklaan 159-171,2023-01-15,03:00:00,0,0,0,FMN 04 Jan Van Rijswijcklaan
652,Jan van Rijswijcklaan 159-171,2023-01-15,04:00:00,0,0,0,FMN 04 Jan Van Rijswijcklaan
652,Jan van Rijswijcklaan 159-171,2023-01-15,05:00:00,0,0,0,FMN 04 Jan Van Rijswijcklaan
652,Jan van Rijswijcklaan 159-171,2023-01-15,06:00:00,0,0,0,FMN 04 Jan Van Rijswijcklaan
652,Jan van Rijswijcklaan 159-171,2023-01-15,07:00:00,0,0,0,FMN 04 Jan Van Rijswijcklaan
652,Jan van Rijswijcklaan 159-171,2023-01-15,08:00:00,0,0,0,FMN 04 Jan Van Rijswijcklaan
652,Jan van Rijswijcklaan 159-171,2023-01-15,09:00:00,26,18,8,FMN 04 Jan Van Rijswijcklaan
652,Jan van Rijswijcklaan 159-171,2023-01-15,10:00:00,77,66,11,FMN 04 Jan Van Rijswijcklaan
652,Jan van Rijswijcklaan 159-171,2023-01-15,11:00:00,66,49,17,FMN 04 Jan Van Rijswijcklaan
652,Jan van Rijswijcklaan 159-171,2023-01-15,12:00:00,67,54,13,FMN 04 Jan Van Rijswijcklaan
652,Jan van Rijswijcklaan 159-171,2023-01-15,13:00:00,77,55,22,FMN 04 Jan Van Rijswijcklaan
652,Jan van Rijswijcklaan 159-171,2023-01-15,14:00:00,64,53,11,FMN 04 Jan Van Rijswijcklaan
652,Jan van Rijswijcklaan 159-171,2023-01-15,15:00:00,53,39,14,FMN 04 Jan Van Rijswijcklaan
652,Jan van Rijswijcklaan 159-171,2023-01-15,16:00:00,48,41,7,FMN 04 Jan Van Rijswijcklaan
652,Jan van Rijswijcklaan 159-171,2023-01-15,17:00:00,61,56,5,FMN 04 Jan Van Rijswijcklaan
652,Jan van Rijswijcklaan 159-171,2023-01-15,18:00:00,44,35,9,FMN 04 Jan Van Rijswijcklaan
652,Jan van Rijswijcklaan 159-171,2023-01-15,19:00:00,34,29,5,FMN 04 Jan Van Rijswijcklaan
652,Jan van Rijswijcklaan 159-171,2023-01-15,20:00:00,26,21,5,FMN 04 Jan Van Rijswijcklaan
652,Jan van Rijswijcklaan 159-171,2023-01-15,21:00:00,25,14,11,FMN 04 Jan Van Rijswijcklaan
652,Jan van Rijswijcklaan 159-171,2023-01-15,22:00:00,12,10,2,FMN 04 Jan Van Rijswijcklaan
652,Jan van Rijswijcklaan 159-171,2023-01-15,23:00:00,17,13,4,FMN 04 Jan Van Rijswijcklaan
652,Jan van Rijswijcklaan 159-171,2023-01-16,00:00:00,5,4,1,FMN 04 Jan Van Rijswijcklaan
652,Jan van Rijswijcklaan 159-171,2023-01-16,01:00:00,3,3,0,FMN 04 Jan Van Rijswijcklaan
652,Jan van Rijswijcklaan 159-171,2023-01-16,02:00:00,7,5,2,FMN 04 Jan Van Rijswijcklaan
652,Jan van Rijswijcklaan 159-171,2023-01-16,03:00:00,3,3,0,FMN 04 Jan Van Rijswijcklaan
652,Jan van Rijswijcklaan 159-171,2023-01-16,04:00:00,12,12,0,FMN 04 Jan Van Rijswijcklaan
652,Jan van Rijswijcklaan 159-171,2023-01-16,05:00:00,13,10,3,FMN 04 Jan Van Rijswijcklaan
652,Jan van Rijswijcklaan 159-171,2023-01-16,06:00:00,57,53,4,FMN 04 Jan Van Rijswijcklaan
652,Jan van Rijswijcklaan 159-171,2023-01-16,07:00:00,142,137,5,FMN 04 Jan Van Rijswijcklaan
652,Jan van Rijswijcklaan 159-171,2023-01-16,08:00:00,32,31,1,FMN 04 Jan Van Rijswijcklaan
652,Jan van Rijswijcklaan 159-171,2023-01-16,09:00:00,14,11,3,FMN 04 Jan Van Rijswijcklaan
652,Jan van Rijswijcklaan 159-171,2023-01-16,10:00:00,85,71,14,FMN 04 Jan Van Rijswijcklaan
652,Jan van Rijswijcklaan 159-171,2023-01-16,11:00:00,38,35,3,FMN 04 Jan Van Rijswijcklaan
652,Jan van Rijswijcklaan 159-171,2023-01-16,12:00:00,68,62,6,FMN 04 Jan Van Rijswijcklaan
652,Jan van Rijswijcklaan 159-171,2023-01-16,13:00:00,79,64,15,FMN 04 Jan Van Rijswijcklaan
652,Jan van Rijswijcklaan 159-171,2023-01-16,14:00:00,70,60,10,FMN 04 Jan Van Rijswijcklaan
652,Jan van Rijswijcklaan 159-171,2023-01-16,15:00:00,155,139,16,FMN 04 Jan Van Rijswijcklaan
652,Jan van Rijswijcklaan 159-171,2023-01-16,16:00:00,186,167,19,FMN 04 Jan Van Rijswijcklaan
652,Jan van Rijswijcklaan 159-171,2023-01-16,17:00:00,164,143,21,FMN 04 Jan Van Rijswijcklaan
652,Jan van Rijswijcklaan 159-171,2023-01-16,18:00:00,114,99,15,FMN 04 Jan Van Rijswijcklaan
652,Jan van Rijswijcklaan 159-171,2023-01-16,19:00:00,57,46,11,FMN 04 Jan Van Rijswijcklaan
652,Jan van Rijswijcklaan 159-171,2023-01-16,20:00:00,40,33,7,FMN 04 Jan Van Rijswijcklaan
652,Jan van Rijswijcklaan 159-171,2023-01-16,21:00:00,26,17,9,FMN 04 Jan Van Rijswijcklaan
652,Jan van Rijswijcklaan 159-171,2023-01-16,22:00:00,33,22,11,FMN 04 Jan Van Rijswijcklaan
652,Jan van Rijswijcklaan 159-171,2023-01-16,23:00:00,12,6,6,FMN 04 Jan Van Rijswijcklaan
652,Jan van Rijswijcklaan 159-171,2023-01-17,00:00:00,2,1,1,FMN 04 Jan Van Rijswijcklaan
652,Jan van Rijswijcklaan 159-171,2023-01-17,01:00:00,2,1,1,FMN 04 Jan Van Rijswijcklaan
652,Jan van Rijswijcklaan 159-171,2023-01-17,02:00:00,4,2,2,FMN 04 Jan Van Rijswijcklaan
652,Jan van Rijswijcklaan 159-171,2023-01-17,03:00:00,2,2,0,FMN 04 Jan Van Rijswijcklaan
652,Jan van Rijswijcklaan 159-171,2023-01-17,04:00:00,0,0,0,FMN 04 Jan Van Rijswijcklaan
652,Jan van Rijswijcklaan 159-171,2023-01-17,05:00:00,0,0,0,FMN 04 Jan Van Rijswijcklaan
652,Jan van Rijswijcklaan 159-171,2023-01-17,06:00:00,0,0,0,FMN 04 Jan Van Rijswijcklaan
652,Jan van Rijswijcklaan 159-171,2023-01-17,07:00:00,0,0,0,FMN 04 Jan Van Rijswijcklaan
652,Jan van Rijswijcklaan 159-171,2023-01-17,08:00:00,0,0,0,FMN 04 Jan Van Rijswijcklaan
652,Jan van Rijswijcklaan 159-171,2023-01-17,09:00:00,69,61,8,FMN 04 Jan Van Rijswijcklaan
652,Jan van Rijswijcklaan 159-171,2023-01-17,10:00:00,72,61,11,FMN 04 Jan Van Rijswijcklaan
652,Jan van Rijswijcklaan 159-171,2023-01-17,11:00:00,73,65,8,FMN 04 Jan Van Rijswijcklaan
652,Jan van Rijswijcklaan 159-171,2023-01-17,12:00:00,113,99,14,FMN 04 Jan Van Rijswijcklaan
652,Jan van Rijswijcklaan 159-171,2023-01-17,13:00:00,109,92,17,FMN 04 Jan Van Rijswijcklaan
652,Jan van Rijswijcklaan 159-171,2023-01-17,14:00:00,90,77,13,FMN 04 Jan Van Rijswijcklaan
652,Jan van Rijswijcklaan 159-171,2023-01-17,15:00:00,201,178,23,FMN 04 Jan Van Rijswijcklaan
652,Jan van Rijswijcklaan 159-171,2023-01-17,16:00:00,208,190,18,FMN 04 Jan Van Rijswijcklaan
652,Jan van Rijswijcklaan 159-171,2023-01-17,17:00:00,214,187,27,FMN 04 Jan Van Rijswijcklaan
652,Jan van Rijswijcklaan 159-171,2023-01-17,18:00:00,157,123,34,FMN 04 Jan Van Rijswijcklaan
652,Jan van Rijswijcklaan 159-171,2023-01-17,19:00:00,115,95,20,FMN 04 Jan Van Rijswijcklaan
652,Jan van Rijswijcklaan 159-171,2023-01-17,20:00:00,69,54,15,FMN 04 Jan Van Rijswijcklaan
652,Jan van Rijswijcklaan 159-171,2023-01-17,21:00:00,55,43,12,FMN 04 Jan Van Rijswijcklaan
652,Jan van Rijswijcklaan 159-171,2023-01-17,22:00:00,72,49,23,FMN 04 Jan Van Rijswijcklaan
652,Jan van Rijswijcklaan 159-171,2023-01-17,23:00:00,31,19,12,FMN 04 Jan Van Rijswijcklaan
652,Jan van Rijswijcklaan 159-171,2023-01-18,00:00:00,8,4,4,FMN 04 Jan Van Rijswijcklaan
652,Jan van Rijswijcklaan 159-171,2023-01-18,01:00:00,4,4,0,FMN 04 Jan Van Rijswijcklaan
652,Jan van Rijswijcklaan 159-171,2023-01-18,02:00:00,0,0,0,FMN 04 Jan Van Rijswijcklaan
652,Jan van Rijswijcklaan 159-171,2023-01-18,03:00:00,0,0,0,FMN 04 Jan Van Rijswijcklaan
652,Jan van Rijswijcklaan 159-171,2023-01-18,04:00:00,0,0,0,FMN 04 Jan Van Rijswijcklaan
652,Jan van Rijswijcklaan 159-171,2023-01-18,05:00:00,0,0,0,FMN 04 Jan Van Rijswijcklaan
652,Jan van Rijswijcklaan 159-171,2023-01-18,06:00:00,0,0,0,FMN 04 Jan Van Rijswijcklaan
652,Jan van Rijswijcklaan 159-171,2023-01-18,07:00:00,0,0,0,FMN 04 Jan Van Rijswijcklaan
652,Jan van Rijswijcklaan 159-171,2023-01-18,08:00:00,0,0,0,FMN 04 Jan Van Rijswijcklaan
652,Jan van Rijswijcklaan 159-171,2023-01-18,09:00:00,29,28,1,FMN 04 Jan Van Rijswijcklaan
652,Jan van Rijswijcklaan 159-171,2023-01-18,10:00:00,75,63,12,FMN 04 Jan Van Rijswijcklaan
652,Jan van Rijswijcklaan 159-171,2023-01-18,11:00:00,83,73,10,FMN 04 Jan Van Rijswijcklaan
652,Jan van Rijswijcklaan 159-171,2023-01-18,12:00:00,233,214,19,FMN 04 Jan Van Rijswijcklaan
652,Jan van Rijswijcklaan 159-171,2023-01-18,13:00:00,114,102,12,FMN 04 Jan Van Rijswijcklaan
652,Jan van Rijswijcklaan 159-171,2023-01-18,14:00:00,114,92,22,FMN 04 Jan Van Rijswijcklaan
652,Jan van Rijswijcklaan 159-171,2023-01-18,15:00:00,110,99,11,FMN 04 Jan Van Rijswijcklaan
652,Jan van Rijswijcklaan 159-171,2023-01-18,16:00:00,142,129,13,FMN 04 Jan Van Rijswijcklaan
652,Jan van Rijswijcklaan 159-171,2023-01-18,17:00:00,221,193,28,FMN 04 Jan Van Rijswijcklaan
652,Jan van Rijswijcklaan 159-171,2023-01-18,18:00:00,174,143,31,FMN 04 Jan Van Rijswijcklaan
652,Jan van Rijswijcklaan 159-171,2023-01-18,19:00:00,117,90,27,FMN 04 Jan Van Rijswijcklaan
652,Jan van Rijswijcklaan 159-171,2023-01-18,20:00:00,74,56,18,FMN 04 Jan Van Rijswijcklaan
652,Jan van Rijswijcklaan 159-171,2023-01-18,21:00:00,48,32,16,FMN 04 Jan Van Rijswijcklaan
652,Jan van Rijswijcklaan 159-171,2023-01-18,22:00:00,69,59,10,FMN 04 Jan Van Rijswijcklaan
652,Jan van Rijswijcklaan 159-171,2023-01-18,23:00:00,24,19,5,FMN 04 Jan Van Rijswijcklaan
652,Jan van Rijswijcklaan 159-171,2023-01-19,00:00:00,6,4,2,FMN 04 Jan Van Rijswijcklaan
652,Jan van Rijswijcklaan 159-171,2023-01-19,01:00:00,2,0,2,FMN 04 Jan Van Rijswijcklaan
652,Jan van Rijswijcklaan 159-171,2023-01-19,02:00:00,3,3,0,FMN 04 Jan Van Rijswijcklaan
652,Jan van Rijswijcklaan 159-171,2023-01-19,03:00:00,3,3,0,FMN 04 Jan Van Rijswijcklaan
652,Jan van Rijswijcklaan 159-171,2023-01-19,04:00:00,0,0,0,FMN 04 Jan Van Rijswijcklaan
652,Jan van Rijswijcklaan 159-171,2023-01-19,05:00:00,0,0,0,FMN 04 Jan Van Rijswijcklaan
652,Jan van Rijswijcklaan 159-171,2023-01-19,06:00:00,0,0,0,FMN 04 Jan Van Rijswijcklaan
652,Jan van Rijswijcklaan 159-171,2023-01-19,07:00:00,0,0,0,FMN 04 Jan Van Rijswijcklaan
652,Jan van Rijswijcklaan 159-171,2023-01-19,08:00:00,0,0,0,FMN 04 Jan Van Rijswijcklaan
652,Jan van Rijswijcklaan 159-171,2023-01-19,09:00:00,56,51,5,FMN 04 Jan Van Rijswijcklaan
652,Jan van Rijswijcklaan 159-171,2023-01-19,10:00:00,74,62,12,FMN 04 Jan Van Rijswijcklaan
652,Jan van Rijswijcklaan 159-171,2023-01-19,11:00:00,75,69,6,FMN 04 Jan Van Rijswijcklaan
652,Jan van Rijswijcklaan 159-171,2023-01-19,12:00:00,132,114,18,FMN 04 Jan Van Rijswijcklaan
652,Jan van Rijswijcklaan 159-171,2023-01-19,13:00:00,97,80,17,FMN 04 Jan Van Rijswijcklaan
652,Jan van Rijswijcklaan 159-171,2023-01-19,14:00:00,98,86,12,FMN 04 Jan Van Rijswijcklaan
652,Jan van Rijswijcklaan 159-171,2023-01-19,15:00:00,172,159,13,FMN 04 Jan Van Rijswijcklaan
652,Jan van Rijswijcklaan 159-171,2023-01-19,16:00:00,239,217,22,FMN 04 Jan Van Rijswijcklaan
652,Jan van Rijswijcklaan 159-171,2023-01-19,17:00:00,191,163,28,FMN 04 Jan Van Rijswijcklaan
652,Jan van Rijswijcklaan 159-171,2023-01-19,18:00:00,161,142,19,FMN 04 Jan Van Rijswijcklaan
652,Jan van Rijswijcklaan 159-171,2023-01-19,19:00:00,90,74,16,FMN 04 Jan Van Rijswijcklaan
652,Jan van Rijswijcklaan 159-171,2023-01-19,20:00:00,67,54,13,FMN 04 Jan Van Rijswijcklaan
652,Jan van Rijswijcklaan 159-171,2023-01-19,21:00:00,41,31,10,FMN 04 Jan Van Rijswijcklaan
652,Jan van Rijswijcklaan 159-171,2023-01-19,22:00:00,61,52,9,FMN 04 Jan Van Rijswijcklaan
652,Jan van Rijswijcklaan 159-171,2023-01-19,23:00:00,28,23,5,FMN 04 Jan Van Rijswijcklaan
652,Jan van Rijswijcklaan 159-171,2023-01-20,00:00:00,13,9,4,FMN 04 Jan Van Rijswijcklaan
652,Jan van Rijswijcklaan 159-171,2023-01-20,01:00:00,9,5,4,FMN 04 Jan Van Rijswijcklaan
652,Jan van Rijswijcklaan 159-171,2023-01-20,02:00:00,0,0,0,FMN 04 Jan Van Rijswijcklaan
652,Jan van Rijswijcklaan 159-171,2023-01-20,03:00:00,0,0,0,FMN 04 Jan Van Rijswijcklaan
652,Jan van Rijswijcklaan 159-171,2023-01-20,04:00:00,0,0,0,FMN 04 Jan Van Rijswijcklaan
652,Jan van Rijswijcklaan 159-171,2023-01-20,05:00:00,0,0,0,FMN 04 Jan Van Rijswijcklaan
652,Jan van Rijswijcklaan 159-171,2023-01-20,06:00:00,0,0,0,FMN 04 Jan Van Rijswijcklaan
652,Jan van Rijswijcklaan 159-171,2023-01-20,07:00:00,0,0,0,FMN 04 Jan Van Rijswijcklaan
652,Jan van Rijswijcklaan 159-171,2023-01-20,08:00:00,0,0,0,FMN 04 Jan Van Rijswijcklaan
652,Jan van Rijswijcklaan 159-171,2023-01-20,09:00:00,3,3,0,FMN 04 Jan Van Rijswijcklaan
652,Jan van Rijswijcklaan 159-171,2023-01-20,10:00:00,57,54,3,FMN 04 Jan Van Rijswijcklaan
652,Jan van Rijswijcklaan 159-171,2023-01-20,11:00:00,42,36,6,FMN 04 Jan Van Rijswijcklaan
652,Jan van Rijswijcklaan 159-171,2023-01-20,12:00:00,57,49,8,FMN 04 Jan Van Rijswijcklaan
652,Jan van Rijswijcklaan 159-171,2023-01-20,13:00:00,65,59,6,FMN 04 Jan Van Rijswijcklaan
652,Jan van Rijswijcklaan 159-171,2023-01-20,14:00:00,89,71,18,FMN 04 Jan Van Rijswijcklaan
652,Jan van Rijswijcklaan 159-171,2023-01-20,15:00:00,129,114,15,FMN 04 Jan Van Rijswijcklaan
652,Jan van Rijswijcklaan 159-171,2023-01-20,16:00:00,166,150,16,FMN 04 Jan Van Rijswijcklaan
652,Jan van Rijswijcklaan 159-171,2023-01-20,17:00:00,151,131,20,FMN 04 Jan Van Rijswijcklaan
652,Jan van Rijswijcklaan 159-171,2023-01-20,18:00:00,106,85,21,FMN 04 Jan Van Rijswijcklaan
652,Jan van Rijswijcklaan 159-171,2023-01-20,19:00:00,93,74,19,FMN 04 Jan Van Rijswijcklaan
652,Jan van Rijswijcklaan 159-171,2023-01-20,20:00:00,88,75,13,FMN 04 Jan Van Rijswijcklaan
652,Jan van Rijswijcklaan 159-171,2023-01-20,21:00:00,62,53,9,FMN 04 Jan Van Rijswijcklaan
652,Jan van Rijswijcklaan 159-171,2023-01-20,22:00:00,31,26,5,FMN 04 Jan Van Rijswijcklaan
652,Jan van Rijswijcklaan 159-171,2023-01-20,23:00:00,21,16,5,FMN 04 Jan Van Rijswijcklaan
652,Jan van Rijswijcklaan 159-171,2023-01-21,00:00:00,3,3,0,FMN 04 Jan Van Rijswijcklaan
652,Jan van Rijswijcklaan 159-171,2023-01-21,01:00:00,0,0,0,FMN 04 Jan Van Rijswijcklaan
652,Jan van Rijswijcklaan 159-171,2023-01-21,02:00:00,0,0,0,FMN 04 Jan Van Rijswijcklaan
652,Jan van Rijswijcklaan 159-171,2023-01-21,03:00:00,0,0,0,FMN 04 Jan Van Rijswijcklaan
652,Jan van Rijswijcklaan 159-171,2023-01-21,04:00:00,0,0,0,FMN 04 Jan Van Rijswijcklaan
652,Jan van Rijswijcklaan 159-171,2023-01-21,05:00:00,0,0,0,FMN 04 Jan Van Rijswijcklaan
652,Jan van Rijswijcklaan 159-171,2023-01-21,06:00:00,0,0,0,FMN 04 Jan Van Rijswijcklaan
652,Jan van Rijswijcklaan 159-171,2023-01-21,07:00:00,0,0,0,FMN 04 Jan Van Rijswijcklaan
652,Jan van Rijswijcklaan 159-171,2023-01-21,08:00:00,0,0,0,FMN 04 Jan Van Rijswijcklaan
652,Jan van Rijswijcklaan 159-171,2023-01-21,09:00:00,35,31,4,FMN 04 Jan Van Rijswijcklaan
652,Jan van Rijswijcklaan 159-171,2023-01-21,10:00:00,69,61,8,FMN 04 Jan Van Rijswijcklaan
652,Jan van Rijswijcklaan 159-171,2023-01-21,11:00:00,83,68,15,FMN 04 Jan Van Rijswijcklaan
652,Jan van Rijswijcklaan 159-171,2023-01-21,12:00:00,88,75,13,FMN 04 Jan Van Rijswijcklaan
652,Jan van Rijswijcklaan 159-171,2023-01-21,13:00:00,113,99,14,FMN 04 Jan Van Rijswijcklaan
652,Jan van Rijswijcklaan 159-171,2023-01-21,14:00:00,94,87,7,FMN 04 Jan Van Rijswijcklaan
652,Jan van Rijswijcklaan 159-171,2023-01-21,15:00:00,55,45,10,FMN 04 Jan Van Rijswijcklaan
652,Jan van Rijswijcklaan 159-171,2023-01-21,16:00:00,76,64,12,FMN 04 Jan Van Rijswijcklaan
652,Jan van Rijswijcklaan 159-171,2023-01-21,17:00:00,85,78,7,FMN 04 Jan Van Rijswijcklaan
652,Jan van Rijswijcklaan 159-171,2023-01-21,18:00:00,83,70,13,FMN 04 Jan Van Rijswijcklaan
652,Jan van Rijswijcklaan 159-171,2023-01-21,19:00:00,83,73,10,FMN 04 Jan Van Rijswijcklaan
652,Jan van Rijswijcklaan 159-171,2023-01-21,20:00:00,58,50,8,FMN 04 Jan Van Rijswijcklaan
652,Jan van Rijswijcklaan 159-171,2023-01-21,21:00:00,44,34,10,FMN 04 Jan Van Rijswijcklaan
652,Jan van Rijswijcklaan 159-171,2023-01-21,22:00:00,38,27,11,FMN 04 Jan Van Rijswijcklaan
652,Jan van Rijswijcklaan 159-171,2023-01-21,23:00:00,29,20,9,FMN 04 Jan Van Rijswijcklaan
652,Jan van Rijswijcklaan 159-171,2023-01-22,00:00:00,17,15,2,FMN 04 Jan Van Rijswijcklaan
652,Jan van Rijswijcklaan 159-171,2023-01-22,01:00:00,24,17,7,FMN 04 Jan Van Rijswijcklaan
652,Jan van Rijswijcklaan 159-171,2023-01-22,02:00:00,7,3,4,FMN 04 Jan Van Rijswijcklaan
652,Jan van Rijswijcklaan 159-171,2023-01-22,03:00:00,0,0,0,FMN 04 Jan Van Rijswijcklaan
652,Jan van Rijswijcklaan 159-171,2023-01-22,04:00:00,0,0,0,FMN 04 Jan Van Rijswijcklaan
652,Jan van Rijswijcklaan 159-171,2023-01-22,05:00:00,0,0,0,FMN 04 Jan Van Rijswijcklaan
652,Jan van Rijswijcklaan 159-171,2023-01-22,06:00:00,0,0,0,FMN 04 Jan Van Rijswijcklaan
652,Jan van Rijswijcklaan 159-171,2023-01-22,07:00:00,0,0,0,FMN 04 Jan Van Rijswijcklaan
652,Jan van Rijswijcklaan 159-171,2023-01-22,08:00:00,0,0,0,FMN 04 Jan Van Rijswijcklaan
652,Jan van Rijswijcklaan 159-171,2023-01-22,09:00:00,0,0,0,FMN 04 Jan Van Rijswijcklaan
652,Jan van Rijswijcklaan 159-171,2023-01-22,10:00:00,3,1,2,FMN 04 Jan Van Rijswijcklaan
652,Jan van Rijswijcklaan 159-171,2023-01-22,11:00:00,36,24,12,FMN 04 Jan Van Rijswijcklaan
652,Jan van Rijswijcklaan 159-171,2023-01-22,12:00:00,75,62,13,FMN 04 Jan Van Rijswijcklaan
652,Jan van Rijswijcklaan 159-171,2023-01-22,13:00:00,61,51,10,FMN 04 Jan Van Rijswijcklaan
652,Jan van Rijswijcklaan 159-171,2023-01-22,14:00:00,89,80,9,FMN 04 Jan Van Rijswijcklaan
652,Jan van Rijswijcklaan 159-171,2023-01-22,15:00:00,47,40,7,FMN 04 Jan Van Rijswijcklaan
652,Jan van Rijswijcklaan 159-171,2023-01-22,16:00:00,74,63,11,FMN 04 Jan Van Rijswijcklaan
652,Jan van Rijswijcklaan 159-171,2023-01-22,17:00:00,65,45,20,FMN 04 Jan Van Rijswijcklaan
652,Jan van Rijswijcklaan 159-171,2023-01-22,18:00:00,41,32,9,FMN 04 Jan Van Rijswijcklaan
652,Jan van Rijswijcklaan 159-171,2023-01-22,19:00:00,32,29,3,FMN 04 Jan Van Rijswijcklaan
652,Jan van Rijswijcklaan 159-171,2023-01-22,20:00:00,33,28,5,FMN 04 Jan Van Rijswijcklaan
652,Jan van Rijswijcklaan 159-171,2023-01-22,21:00:00,11,10,1,FMN 04 Jan Van Rijswijcklaan
652,Jan van Rijswijcklaan 159-171,2023-01-22,22:00:00,0,0,0,FMN 04 Jan Van Rijswijcklaan
652,Jan van Rijswijcklaan 159-171,2023-01-22,23:00:00,0,0,0,FMN 04 Jan Van Rijswijcklaan
652,Jan van Rijswijcklaan 159-171,2023-01-23,00:00:00,0,0,0,FMN 04 Jan Van Rijswijcklaan
652,Jan van Rijswijcklaan 159-171,2023-01-23,01:00:00,0,0,0,FMN 04 Jan Van Rijswijcklaan
652,Jan van Rijswijcklaan 159-171,2023-01-23,02:00:00,0,0,0,FMN 04 Jan Van Rijswijcklaan
652,Jan van Rijswijcklaan 159-171,2023-01-23,03:00:00,0,0,0,FMN 04 Jan Van Rijswijcklaan
652,Jan van Rijswijcklaan 159-171,2023-01-23,04:00:00,0,0,0,FMN 04 Jan Van Rijswijcklaan
652,Jan van Rijswijcklaan 159-171,2023-01-23,05:00:00,0,0,0,FMN 04 Jan Van Rijswijcklaan
652,Jan van Rijswijcklaan 159-171,2023-01-23,06:00:00,0,0,0,FMN 04 Jan Van Rijswijcklaan
652,Jan van Rijswijcklaan 159-171,2023-01-23,07:00:00,0,0,0,FMN 04 Jan Van Rijswijcklaan
652,Jan van Rijswijcklaan 159-171,2023-01-23,08:00:00,0,0,0,FMN 04 Jan Van Rijswijcklaan
652,Jan van Rijswijcklaan 159-171,2023-01-23,09:00:00,0,0,0,FMN 04 Jan Van Rijswijcklaan
652,Jan van Rijswijcklaan 159-171,2023-01-23,10:00:00,68,61,7,FMN 04 Jan Van Rijswijcklaan
652,Jan van Rijswijcklaan 159-171,2023-01-23,11:00:00,70,58,12,FMN 04 Jan Van Rijswijcklaan
652,Jan van Rijswijcklaan 159-171,2023-01-23,12:00:00,112,104,8,FMN 04 Jan Van Rijswijcklaan
652,Jan van Rijswijcklaan 159-171,2023-01-23,13:00:00,92,80,12,FMN 04 Jan Van Rijswijcklaan
652,Jan van Rijswijcklaan 159-171,2023-01-23,14:00:00,99,88,11,FMN 04 Jan Van Rijswijcklaan
652,Jan van Rijswijcklaan 159-171,2023-01-23,15:00:00,192,172,20,FMN 04 Jan Van Rijswijcklaan
652,Jan van Rijswijcklaan 159-171,2023-01-23,16:00:00,253,219,34,FMN 04 Jan Van Rijswijcklaan
652,Jan van Rijswijcklaan 159-171,2023-01-23,17:00:00,230,198,32,FMN 04 Jan Van Rijswijcklaan
652,Jan van Rijswijcklaan 159-171,2023-01-23,18:00:00,122,101,21,FMN 04 Jan Van Rijswijcklaan
652,Jan van Rijswijcklaan 159-171,2023-01-23,19:00:00,68,56,12,FMN 04 Jan Van Rijswijcklaan
652,Jan van Rijswijcklaan 159-171,2023-01-23,20:00:00,53,45,8,FMN 04 Jan Van Rijswijcklaan
652,Jan van Rijswijcklaan 159-171,2023-01-23,21:00:00,39,31,8,FMN 04 Jan Van Rijswijcklaan
652,Jan van Rijswijcklaan 159-171,2023-01-23,22:00:00,47,35,12,FMN 04 Jan Van Rijswijcklaan
652,Jan van Rijswijcklaan 159-171,2023-01-23,23:00:00,14,9,5,FMN 04 Jan Van Rijswijcklaan
652,Jan van Rijswijcklaan 159-171,2023-01-24,00:00:00,0,0,0,FMN 04 Jan Van Rijswijcklaan
652,Jan van Rijswijcklaan 159-171,2023-01-24,01:00:00,0,0,0,FMN 04 Jan Van Rijswijcklaan
652,Jan van Rijswijcklaan 159-171,2023-01-24,02:00:00,0,0,0,FMN 04 Jan Van Rijswijcklaan
652,Jan van Rijswijcklaan 159-171,2023-01-24,03:00:00,0,0,0,FMN 04 Jan Van Rijswijcklaan
652,Jan van Rijswijcklaan 159-171,2023-01-24,04:00:00,0,0,0,FMN 04 Jan Van Rijswijcklaan
652,Jan van Rijswijcklaan 159-171,2023-01-24,05:00:00,0,0,0,FMN 04 Jan Van Rijswijcklaan
652,Jan van Rijswijcklaan 159-171,2023-01-24,06:00:00,0,0,0,FMN 04 Jan Van Rijswijcklaan
652,Jan van Rijswijcklaan 159-171,2023-01-24,07:00:00,0,0,0,FMN 04 Jan Van Rijswijcklaan
652,Jan van Rijswijcklaan 159-171,2023-01-24,08:00:00,0,0,0,FMN 04 Jan Van Rijswijcklaan
652,Jan van Rijswijcklaan 159-171,2023-01-24,09:00:00,0,0,0,FMN 04 Jan Van Rijswijcklaan
652,Jan van Rijswijcklaan 159-171,2023-01-24,10:00:00,0,0,0,FMN 04 Jan Van Rijswijcklaan
652,Jan van Rijswijcklaan 159-171,2023-01-24,11:00:00,49,45,4,FMN 04 Jan Van Rijswijcklaan
652,Jan van Rijswijcklaan 159-171,2023-01-24,12:00:00,123,105,18,FMN 04 Jan Van Rijswijcklaan
652,Jan van Rijswijcklaan 159-171,2023-01-24,13:00:00,115,94,21,FMN 04 Jan Van Rijswijcklaan
652,Jan van Rijswijcklaan 159-171,2023-01-24,14:00:00,90,78,12,FMN 04 Jan Van Rijswijcklaan
652,Jan van Rijswijcklaan 159-171,2023-01-24,15:00:00,197,177,20,FMN 04 Jan Van Rijswijcklaan
652,Jan van Rijswijcklaan 159-171,2023-01-24,16:00:00,256,222,34,FMN 04 Jan Van Rijswijcklaan
652,Jan van Rijswijcklaan 159-171,2023-01-24,17:00:00,219,185,34,FMN 04 Jan Van Rijswijcklaan
652,Jan van Rijswijcklaan 159-171,2023-01-24,18:00:00,179,155,24,FMN 04 Jan Van Rijswijcklaan
652,Jan van Rijswijcklaan 159-171,2023-01-24,19:00:00,96,81,15,FMN 04 Jan Van Rijswijcklaan
652,Jan van Rijswijcklaan 159-171,2023-01-24,20:00:00,61,48,13,FMN 04 Jan Van Rijswijcklaan
652,Jan van Rijswijcklaan 159-171,2023-01-24,21:00:00,26,22,4,FMN 04 Jan Van Rijswijcklaan
652,Jan van Rijswijcklaan 159-171,2023-01-24,22:00:00,0,0,0,FMN 04 Jan Van Rijswijcklaan
652,Jan van Rijswijcklaan 159-171,2023-01-24,23:00:00,0,0,0,FMN 04 Jan Van Rijswijcklaan
652,Jan van Rijswijcklaan 159-171,2023-01-25,00:00:00,0,0,0,FMN 04 Jan Van Rijswijcklaan
652,Jan van Rijswijcklaan 159-171,2023-01-25,01:00:00,0,0,0,FMN 04 Jan Van Rijswijcklaan
652,Jan van Rijswijcklaan 159-171,2023-01-25,02:00:00,0,0,0,FMN 04 Jan Van Rijswijcklaan
652,Jan van Rijswijcklaan 159-171,2023-01-25,03:00:00,0,0,0,FMN 04 Jan Van Rijswijcklaan
652,Jan van Rijswijcklaan 159-171,2023-01-25,04:00:00,0,0,0,FMN 04 Jan Van Rijswijcklaan
652,Jan van Rijswijcklaan 159-171,2023-01-25,05:00:00,0,0,0,FMN 04 Jan Van Rijswijcklaan
652,Jan van Rijswijcklaan 159-171,2023-01-25,06:00:00,0,0,0,FMN 04 Jan Van Rijswijcklaan
652,Jan van Rijswijcklaan 159-171,2023-01-25,07:00:00,0,0,0,FMN 04 Jan Van Rijswijcklaan
652,Jan van Rijswijcklaan 159-171,2023-01-25,08:00:00,0,0,0,FMN 04 Jan Van Rijswijcklaan
652,Jan van Rijswijcklaan 159-171,2023-01-25,09:00:00,0,0,0,FMN 04 Jan Van Rijswijcklaan
652,Jan van Rijswijcklaan 159-171,2023-01-25,10:00:00,0,0,0,FMN 04 Jan Van Rijswijcklaan
652,Jan van Rijswijcklaan 159-171,2023-01-25,11:00:00,38,35,3,FMN 04 Jan Van Rijswijcklaan
652,Jan van Rijswijcklaan 159-171,2023-01-25,12:00:00,271,242,29,FMN 04 Jan Van Rijswijcklaan
652,Jan van Rijswijcklaan 159-171,2023-01-25,13:00:00,103,87,16,FMN 04 Jan Van Rijswijcklaan
652,Jan van Rijswijcklaan 159-171,2023-01-25,14:00:00,97,82,15,FMN 04 Jan Van Rijswijcklaan
652,Jan van Rijswijcklaan 159-171,2023-01-25,15:00:00,119,105,14,FMN 04 Jan Van Rijswijcklaan
652,Jan van Rijswijcklaan 159-171,2023-01-25,16:00:00,163,149,14,FMN 04 Jan Van Rijswijcklaan
652,Jan van Rijswijcklaan 159-171,2023-01-25,17:00:00,212,180,32,FMN 04 Jan Van Rijswijcklaan
652,Jan van Rijswijcklaan 159-171,2023-01-25,18:00:00,226,146,80,FMN 04 Jan Van Rijswijcklaan
652,Jan van Rijswijcklaan 159-171,2023-01-25,19:00:00,188,104,84,FMN 04 Jan Van Rijswijcklaan
652,Jan van Rijswijcklaan 159-171,2023-01-25,20:00:00,117,65,52,FMN 04 Jan Van Rijswijcklaan
652,Jan van Rijswijcklaan 159-171,2023-01-25,21:00:00,73,35,38,FMN 04 Jan Van Rijswijcklaan
652,Jan van Rijswijcklaan 159-171,2023-01-25,22:00:00,5,3,2,FMN 04 Jan Van Rijswijcklaan
652,Jan van Rijswijcklaan 159-171,2023-01-25,23:00:00,0,0,0,FMN 04 Jan Van Rijswijcklaan
652,Jan van Rijswijcklaan 159-171,2023-01-26,00:00:00,0,0,0,FMN 04 Jan Van Rijswijcklaan
652,Jan van Rijswijcklaan 159-171,2023-01-26,01:00:00,0,0,0,FMN 04 Jan Van Rijswijcklaan
652,Jan van Rijswijcklaan 159-171,2023-01-26,02:00:00,0,0,0,FMN 04 Jan Van Rijswijcklaan
652,Jan van Rijswijcklaan 159-171,2023-01-26,03:00:00,0,0,0,FMN 04 Jan Van Rijswijcklaan
652,Jan van Rijswijcklaan 159-171,2023-01-26,04:00:00,0,0,0,FMN 04 Jan Van Rijswijcklaan
652,Jan van Rijswijcklaan 159-171,2023-01-26,05:00:00,0,0,0,FMN 04 Jan Van Rijswijcklaan
652,Jan van Rijswijcklaan 159-171,2023-01-26,06:00:00,0,0,0,FMN 04 Jan Van Rijswijcklaan
652,Jan van Rijswijcklaan 159-171,2023-01-26,07:00:00,0,0,0,FMN 04 Jan Van Rijswijcklaan
652,Jan van Rijswijcklaan 159-171,2023-01-26,08:00:00,0,0,0,FMN 04 Jan Van Rijswijcklaan
652,Jan van Rijswijcklaan 159-171,2023-01-26,09:00:00,0,0,0,FMN 04 Jan Van Rijswijcklaan
652,Jan van Rijswijcklaan 159-171,2023-01-26,10:00:00,33,28,5,FMN 04 Jan Van Rijswijcklaan
652,Jan van Rijswijcklaan 159-171,2023-01-26,11:00:00,102,95,7,FMN 04 Jan Van Rijswijcklaan
652,Jan van Rijswijcklaan 159-171,2023-01-26,12:00:00,121,105,16,FMN 04 Jan Van Rijswijcklaan
652,Jan van Rijswijcklaan 159-171,2023-01-26,13:00:00,91,80,11,FMN 04 Jan Van Rijswijcklaan
652,Jan van Rijswijcklaan 159-171,2023-01-26,14:00:00,68,60,8,FMN 04 Jan Van Rijswijcklaan
652,Jan van Rijswijcklaan 159-171,2023-01-26,15:00:00,182,167,15,FMN 04 Jan Van Rijswijcklaan
652,Jan van Rijswijcklaan 159-171,2023-01-26,16:00:00,258,229,29,FMN 04 Jan Van Rijswijcklaan
652,Jan van Rijswijcklaan 159-171,2023-01-26,17:00:00,199,170,29,FMN 04 Jan Van Rijswijcklaan
652,Jan van Rijswijcklaan 159-171,2023-01-26,18:00:00,163,138,25,FMN 04 Jan Van Rijswijcklaan
652,Jan van Rijswijcklaan 159-171,2023-01-26,19:00:00,126,106,20,FMN 04 Jan Van Rijswijcklaan
652,Jan van Rijswijcklaan 159-171,2023-01-26,20:00:00,52,41,11,FMN 04 Jan Van Rijswijcklaan
652,Jan van Rijswijcklaan 159-171,2023-01-26,21:00:00,55,41,14,FMN 04 Jan Van Rijswijcklaan
652,Jan van Rijswijcklaan 159-171,2023-01-26,22:00:00,71,56,15,FMN 04 Jan Van Rijswijcklaan
652,Jan van Rijswijcklaan 159-171,2023-01-26,23:00:00,40,32,8,FMN 04 Jan Van Rijswijcklaan
652,Jan van Rijswijcklaan 159-171,2023-01-27,00:00:00,20,14,6,FMN 04 Jan Van Rijswijcklaan
652,Jan van Rijswijcklaan 159-171,2023-01-27,01:00:00,0,0,0,FMN 04 Jan Van Rijswijcklaan
652,Jan van Rijswijcklaan 159-171,2023-01-27,02:00:00,0,0,0,FMN 04 Jan Van Rijswijcklaan
652,Jan van Rijswijcklaan 159-171,2023-01-27,03:00:00,0,0,0,FMN 04 Jan Van Rijswijcklaan
652,Jan van Rijswijcklaan 159-171,2023-01-27,04:00:00,0,0,0,FMN 04 Jan Van Rijswijcklaan
652,Jan van Rijswijcklaan 159-171,2023-01-27,05:00:00,0,0,0,FMN 04 Jan Van Rijswijcklaan
652,Jan van Rijswijcklaan 159-171,2023-01-27,06:00:00,0,0,0,FMN 04 Jan Van Rijswijcklaan
652,Jan van Rijswijcklaan 159-171,2023-01-27,07:00:00,0,0,0,FMN 04 Jan Van Rijswijcklaan
652,Jan van Rijswijcklaan 159-171,2023-01-27,08:00:00,0,0,0,FMN 04 Jan Van Rijswijcklaan
652,Jan van Rijswijcklaan 159-171,2023-01-27,09:00:00,0,0,0,FMN 04 Jan Van Rijswijcklaan
652,Jan van Rijswijcklaan 159-171,2023-01-27,10:00:00,36,29,7,FMN 04 Jan Van Rijswijcklaan
652,Jan van Rijswijcklaan 159-171,2023-01-27,11:00:00,101,87,14,FMN 04 Jan Van Rijswijcklaan
652,Jan van Rijswijcklaan 159-171,2023-01-27,12:00:00,134,119,15,FMN 04 Jan Van Rijswijcklaan
652,Jan van Rijswijcklaan 159-171,2023-01-27,13:00:00,95,83,12,FMN 04 Jan Van Rijswijcklaan
652,Jan van Rijswijcklaan 159-171,2023-01-27,14:00:00,137,124,13,FMN 04 Jan Van Rijswijcklaan
652,Jan van Rijswijcklaan 159-171,2023-01-27,15:00:00,173,160,13,FMN 04 Jan Van Rijswijcklaan
652,Jan van Rijswijcklaan 159-171,2023-01-27,16:00:00,245,219,26,FMN 04 Jan Van Rijswijcklaan
652,Jan van Rijswijcklaan 159-171,2023-01-27,17:00:00,193,157,36,FMN 04 Jan Van Rijswijcklaan
652,Jan van Rijswijcklaan 159-171,2023-01-27,18:00:00,134,120,14,FMN 04 Jan Van Rijswijcklaan
652,Jan van Rijswijcklaan 159-171,2023-01-27,19:00:00,120,98,22,FMN 04 Jan Van Rijswijcklaan
652,Jan van Rijswijcklaan 159-171,2023-01-27,20:00:00,83,71,12,FMN 04 Jan Van Rijswijcklaan
652,Jan van Rijswijcklaan 159-171,2023-01-27,21:00:00,61,48,13,FMN 04 Jan Van Rijswijcklaan
652,Jan van Rijswijcklaan 159-171,2023-01-27,22:00:00,79,73,6,FMN 04 Jan Van Rijswijcklaan
652,Jan van Rijswijcklaan 159-171,2023-01-27,23:00:00,0,0,0,FMN 04 Jan Van Rijswijcklaan
652,Jan van Rijswijcklaan 159-171,2023-01-28,00:00:00,0,0,0,FMN 04 Jan Van Rijswijcklaan
652,Jan van Rijswijcklaan 159-171,2023-01-28,01:00:00,0,0,0,FMN 04 Jan Van Rijswijcklaan
652,Jan van Rijswijcklaan 159-171,2023-01-28,02:00:00,0,0,0,FMN 04 Jan Van Rijswijcklaan
652,Jan van Rijswijcklaan 159-171,2023-01-28,03:00:00,0,0,0,FMN 04 Jan Van Rijswijcklaan
652,Jan van Rijswijcklaan 159-171,2023-01-28,04:00:00,0,0,0,FMN 04 Jan Van Rijswijcklaan
652,Jan van Rijswijcklaan 159-171,2023-01-28,05:00:00,0,0,0,FMN 04 Jan Van Rijswijcklaan
652,Jan van Rijswijcklaan 159-171,2023-01-28,06:00:00,0,0,0,FMN 04 Jan Van Rijswijcklaan
652,Jan van Rijswijcklaan 159-171,2023-01-28,07:00:00,0,0,0,FMN 04 Jan Van Rijswijcklaan
652,Jan van Rijswijcklaan 159-171,2023-01-28,08:00:00,0,0,0,FMN 04 Jan Van Rijswijcklaan
652,Jan van Rijswijcklaan 159-171,2023-01-28,09:00:00,0,0,0,FMN 04 Jan Van Rijswijcklaan
652,Jan van Rijswijcklaan 159-171,2023-01-28,10:00:00,0,0,0,FMN 04 Jan Van Rijswijcklaan
652,Jan van Rijswijcklaan 159-171,2023-01-28,11:00:00,100,85,15,FMN 04 Jan Van Rijswijcklaan
652,Jan van Rijswijcklaan 159-171,2023-01-28,12:00:00,106,96,10,FMN 04 Jan Van Rijswijcklaan
652,Jan van Rijswijcklaan 159-171,2023-01-28,13:00:00,111,94,17,FMN 04 Jan Van Rijswijcklaan
652,Jan van Rijswijcklaan 159-171,2023-01-28,14:00:00,127,119,8,FMN 04 Jan Van Rijswijcklaan
652,Jan van Rijswijcklaan 159-171,2023-01-28,15:00:00,95,80,15,FMN 04 Jan Van Rijswijcklaan
652,Jan van Rijswijcklaan 159-171,2023-01-28,16:00:00,99,80,19,FMN 04 Jan Van Rijswijcklaan
652,Jan van Rijswijcklaan 159-171,2023-01-28,17:00:00,102,93,9,FMN 04 Jan Van Rijswijcklaan
652,Jan van Rijswijcklaan 159-171,2023-01-28,18:00:00,130,116,14,FMN 04 Jan Van Rijswijcklaan
652,Jan van Rijswijcklaan 159-171,2023-01-28,19:00:00,78,66,12,FMN 04 Jan Van Rijswijcklaan
652,Jan van Rijswijcklaan 159-171,2023-01-28,20:00:00,52,42,10,FMN 04 Jan Van Rijswijcklaan
652,Jan van Rijswijcklaan 159-171,2023-01-28,21:00:00,58,36,22,FMN 04 Jan Van Rijswijcklaan
652,Jan van Rijswijcklaan 159-171,2023-01-28,22:00:00,34,13,21,FMN 04 Jan Van Rijswijcklaan
652,Jan van Rijswijcklaan 159-171,2023-01-28,23:00:00,1,1,0,FMN 04 Jan Van Rijswijcklaan
652,Jan van Rijswijcklaan 159-171,2023-01-29,00:00:00,0,0,0,FMN 04 Jan Van Rijswijcklaan
652,Jan van Rijswijcklaan 159-171,2023-01-29,01:00:00,3,3,0,FMN 04 Jan Van Rijswijcklaan
652,Jan van Rijswijcklaan 159-171,2023-01-29,02:00:00,0,0,0,FMN 04 Jan Van Rijswijcklaan
652,Jan van Rijswijcklaan 159-171,2023-01-29,03:00:00,0,0,0,FMN 04 Jan Van Rijswijcklaan
652,Jan van Rijswijcklaan 159-171,2023-01-29,04:00:00,0,0,0,FMN 04 Jan Van Rijswijcklaan
652,Jan van Rijswijcklaan 159-171,2023-01-29,05:00:00,0,0,0,FMN 04 Jan Van Rijswijcklaan
652,Jan van Rijswijcklaan 159-171,2023-01-29,06:00:00,0,0,0,FMN 04 Jan Van Rijswijcklaan
652,Jan van Rijswijcklaan 159-171,2023-01-29,07:00:00,0,0,0,FMN 04 Jan Van Rijswijcklaan
652,Jan van Rijswijcklaan 159-171,2023-01-29,08:00:00,0,0,0,FMN 04 Jan Van Rijswijcklaan
652,Jan van Rijswijcklaan 159-171,2023-01-29,09:00:00,0,0,0,FMN 04 Jan Van Rijswijcklaan
652,Jan van Rijswijcklaan 159-171,2023-01-29,10:00:00,0,0,0,FMN 04 Jan Van Rijswijcklaan
652,Jan van Rijswijcklaan 159-171,2023-01-29,11:00:00,51,39,12,FMN 04 Jan Van Rijswijcklaan
652,Jan van Rijswijcklaan 159-171,2023-01-29,12:00:00,81,68,13,FMN 04 Jan Van Rijswijcklaan
652,Jan van Rijswijcklaan 159-171,2023-01-29,13:00:00,95,79,16,FMN 04 Jan Van Rijswijcklaan
652,Jan van Rijswijcklaan 159-171,2023-01-29,14:00:00,91,66,25,FMN 04 Jan Van Rijswijcklaan
652,Jan van Rijswijcklaan 159-171,2023-01-29,15:00:00,65,54,11,FMN 04 Jan Van Rijswijcklaan
652,Jan van Rijswijcklaan 159-171,2023-01-29,16:00:00,93,80,13,FMN 04 Jan Van Rijswijcklaan
652,Jan van Rijswijcklaan 159-171,2023-01-29,17:00:00,90,79,11,FMN 04 Jan Van Rijswijcklaan
652,Jan van Rijswijcklaan 159-171,2023-01-29,18:00:00,68,56,12,FMN 04 Jan Van Rijswijcklaan
652,Jan van Rijswijcklaan 159-171,2023-01-29,19:00:00,40,29,11,FMN 04 Jan Van Rijswijcklaan
652,Jan van Rijswijcklaan 159-171,2023-01-29,20:00:00,35,25,10,FMN 04 Jan Van Rijswijcklaan
652,Jan van Rijswijcklaan 159-171,2023-01-29,21:00:00,31,28,3,FMN 04 Jan Van Rijswijcklaan
652,Jan van Rijswijcklaan 159-171,2023-01-29,22:00:00,23,20,3,FMN 04 Jan Van Rijswijcklaan
652,Jan van Rijswijcklaan 159-171,2023-01-29,23:00:00,10,9,1,FMN 04 Jan Van Rijswijcklaan
652,Jan van Rijswijcklaan 159-171,2023-01-30,00:00:00,7,7,0,FMN 04 Jan Van Rijswijcklaan
652,Jan van Rijswijcklaan 159-171,2023-01-30,01:00:00,3,2,1,FMN 04 Jan Van Rijswijcklaan
652,Jan van Rijswijcklaan 159-171,2023-01-30,02:00:00,1,0,1,FMN 04 Jan Van Rijswijcklaan
652,Jan van Rijswijcklaan 159-171,2023-01-30,03:00:00,0,0,0,FMN 04 Jan Van Rijswijcklaan
652,Jan van Rijswijcklaan 159-171,2023-01-30,04:00:00,0,0,0,FMN 04 Jan Van Rijswijcklaan
652,Jan van Rijswijcklaan 159-171,2023-01-30,05:00:00,0,0,0,FMN 04 Jan Van Rijswijcklaan
652,Jan van Rijswijcklaan 159-171,2023-01-30,06:00:00,0,0,0,FMN 04 Jan Van Rijswijcklaan
652,Jan van Rijswijcklaan 159-171,2023-01-30,07:00:00,0,0,0,FMN 04 Jan Van Rijswijcklaan
652,Jan van Rijswijcklaan 159-171,2023-01-30,08:00:00,0,0,0,FMN 04 Jan Van Rijswijcklaan
652,Jan van Rijswijcklaan 159-171,2023-01-30,09:00:00,85,79,6,FMN 04 Jan Van Rijswijcklaan
652,Jan van Rijswijcklaan 159-171,2023-01-30,10:00:00,91,74,17,FMN 04 Jan Van Rijswijcklaan
652,Jan van Rijswijcklaan 159-171,2023-01-30,11:00:00,99,90,9,FMN 04 Jan Van Rijswijcklaan
652,Jan van Rijswijcklaan 159-171,2023-01-30,12:00:00,116,105,11,FMN 04 Jan Van Rijswijcklaan
652,Jan van Rijswijcklaan 159-171,2023-01-30,13:00:00,112,92,20,FMN 04 Jan Van Rijswijcklaan
652,Jan van Rijswijcklaan 159-171,2023-01-30,14:00:00,94,86,8,FMN 04 Jan Van Rijswijcklaan
652,Jan van Rijswijcklaan 159-171,2023-01-30,15:00:00,135,118,17,FMN 04 Jan Van Rijswijcklaan
652,Jan van Rijswijcklaan 159-171,2023-01-30,16:00:00,192,161,31,FMN 04 Jan Van Rijswijcklaan
652,Jan van Rijswijcklaan 159-171,2023-01-30,17:00:00,203,172,31,FMN 04 Jan Van Rijswijcklaan
652,Jan van Rijswijcklaan 159-171,2023-01-30,18:00:00,142,127,15,FMN 04 Jan Van Rijswijcklaan
652,Jan van Rijswijcklaan 159-171,2023-01-30,19:00:00,90,71,19,FMN 04 Jan Van Rijswijcklaan
652,Jan van Rijswijcklaan 159-171,2023-01-30,20:00:00,62,45,17,FMN 04 Jan Van Rijswijcklaan
652,Jan van Rijswijcklaan 159-171,2023-01-30,21:00:00,47,35,12,FMN 04 Jan Van Rijswijcklaan
652,Jan van Rijswijcklaan 159-171,2023-01-30,22:00:00,52,37,15,FMN 04 Jan Van Rijswijcklaan
652,Jan van Rijswijcklaan 159-171,2023-01-30,23:00:00,18,10,8,FMN 04 Jan Van Rijswijcklaan
652,Jan van Rijswijcklaan 159-171,2023-01-31,00:00:00,4,3,1,FMN 04 Jan Van Rijswijcklaan
652,Jan van Rijswijcklaan 159-171,2023-01-31,01:00:00,4,4,0,FMN 04 Jan Van Rijswijcklaan
652,Jan van Rijswijcklaan 159-171,2023-01-31,02:00:00,3,1,2,FMN 04 Jan Van Rijswijcklaan
652,Jan van Rijswijcklaan 159-171,2023-01-31,03:00:00,2,2,0,FMN 04 Jan Van Rijswijcklaan
652,Jan van Rijswijcklaan 159-171,2023-01-31,04:00:00,12,8,4,FMN 04 Jan Van Rijswijcklaan
652,Jan van Rijswijcklaan 159-171,2023-01-31,05:00:00,24,18,6,FMN 04 Jan Van Rijswijcklaan
652,Jan van Rijswijcklaan 159-171,2023-01-31,06:00:00,3,3,0,FMN 04 Jan Van Rijswijcklaan
652,Jan van Rijswijcklaan 159-171,2023-01-31,07:00:00,0,0,0,FMN 04 Jan Van Rijswijcklaan
652,Jan van Rijswijcklaan 159-171,2023-01-31,08:00:00,0,0,0,FMN 04 Jan Van Rijswijcklaan
652,Jan van Rijswijcklaan 159-171,2023-01-31,09:00:00,64,50,14,FMN 04 Jan Van Rijswijcklaan
652,Jan van Rijswijcklaan 159-171,2023-01-31,10:00:00,102,86,16,FMN 04 Jan Van Rijswijcklaan
652,Jan van Rijswijcklaan 159-171,2023-01-31,11:00:00,87,81,6,FMN 04 Jan Van Rijswijcklaan
652,Jan van Rijswijcklaan 159-171,2023-01-31,12:00:00,116,103,13,FMN 04 Jan Van Rijswijcklaan
652,Jan van Rijswijcklaan 159-171,2023-01-31,13:00:00,108,102,6,FMN 04 Jan Van Rijswijcklaan
652,Jan van Rijswijcklaan 159-171,2023-01-31,14:00:00,90,76,14,FMN 04 Jan Van Rijswijcklaan
652,Jan van Rijswijcklaan 159-171,2023-01-31,15:00:00,185,159,26,FMN 04 Jan Van Rijswijcklaan
652,Jan van Rijswijcklaan 159-171,2023-01-31,16:00:00,230,205,25,FMN 04 Jan Van Rijswijcklaan
652,Jan van Rijswijcklaan 159-171,2023-01-31,17:00:00,222,191,31,FMN 04 Jan Van Rijswijcklaan
652,Jan van Rijswijcklaan 159-171,2023-01-31,18:00:00,142,127,15,FMN 04 Jan Van Rijswijcklaan
652,Jan van Rijswijcklaan 159-171,2023-01-31,19:00:00,105,91,14,FMN 04 Jan Van Rijswijcklaan
652,Jan van Rijswijcklaan 159-171,2023-01-31,20:00:00,82,67,15,FMN 04 Jan Van Rijswijcklaan
652,Jan van Rijswijcklaan 159-171,2023-01-31,21:00:00,50,40,10,FMN 04 Jan Van Rijswijcklaan
652,Jan van Rijswijcklaan 159-171,2023-01-31,22:00:00,46,32,14,FMN 04 Jan Van Rijswijcklaan
652,Jan van Rijswijcklaan 159-171,2023-01-31,23:00:00,20,13,7,FMN 04 Jan Van Rijswijcklaan
652,Jan van Rijswijcklaan 159-171,2023-02-01,00:00:00,15,15,0,FMN 04 Jan Van Rijswijcklaan
652,Jan van Rijswijcklaan 159-171,2023-02-01,01:00:00,2,2,0,FMN 04 Jan Van Rijswijcklaan
652,Jan van Rijswijcklaan 159-171,2023-02-01,02:00:00,3,3,0,FMN 04 Jan Van Rijswijcklaan
652,Jan van Rijswijcklaan 159-171,2023-02-01,03:00:00,3,3,0,FMN 04 Jan Van Rijswijcklaan
652,Jan van Rijswijcklaan 159-171,2023-02-01,04:00:00,8,7,1,FMN 04 Jan Van Rijswijcklaan
652,Jan van Rijswijcklaan 159-171,2023-02-01,05:00:00,26,19,7,FMN 04 Jan Van Rijswijcklaan
652,Jan van Rijswijcklaan 159-171,2023-02-01,06:00:00,3,3,0,FMN 04 Jan Van Rijswijcklaan
652,Jan van Rijswijcklaan 159-171,2023-02-01,07:00:00,0,0,0,FMN 04 Jan Van Rijswijcklaan
652,Jan van Rijswijcklaan 159-171,2023-02-01,08:00:00,0,0,0,FMN 04 Jan Van Rijswijcklaan
652,Jan van Rijswijcklaan 159-171,2023-02-01,09:00:00,56,52,4,FMN 04 Jan Van Rijswijcklaan
652,Jan van Rijswijcklaan 159-171,2023-02-01,10:00:00,87,70,17,FMN 04 Jan Van Rijswijcklaan
652,Jan van Rijswijcklaan 159-171,2023-02-01,11:00:00,85,77,8,FMN 04 Jan Van Rijswijcklaan
652,Jan van Rijswijcklaan 159-171,2023-02-01,12:00:00,258,236,22,FMN 04 Jan Van Rijswijcklaan
652,Jan van Rijswijcklaan 159-171,2023-02-01,13:00:00,104,86,18,FMN 04 Jan Van Rijswijcklaan
652,Jan van Rijswijcklaan 159-171,2023-02-01,14:00:00,103,87,16,FMN 04 Jan Van Rijswijcklaan
652,Jan van Rijswijcklaan 159-171,2023-02-01,15:00:00,140,122,18,FMN 04 Jan Van Rijswijcklaan
652,Jan van Rijswijcklaan 159-171,2023-02-01,16:00:00,228,206,22,FMN 04 Jan Van Rijswijcklaan
652,Jan van Rijswijcklaan 159-171,2023-02-01,17:00:00,204,176,28,FMN 04 Jan Van Rijswijcklaan
652,Jan van Rijswijcklaan 159-171,2023-02-01,18:00:00,188,166,22,FMN 04 Jan Van Rijswijcklaan
652,Jan van Rijswijcklaan 159-171,2023-02-01,19:00:00,138,120,18,FMN 04 Jan Van Rijswijcklaan
652,Jan van Rijswijcklaan 159-171,2023-02-01,20:00:00,79,60,19,FMN 04 Jan Van Rijswijcklaan
652,Jan van Rijswijcklaan 159-171,2023-02-01,21:00:00,41,31,10,FMN 04 Jan Van Rijswijcklaan
652,Jan van Rijswijcklaan 159-171,2023-02-01,22:00:00,64,49,15,FMN 04 Jan Van Rijswijcklaan
652,Jan van Rijswijcklaan 159-171,2023-02-01,23:00:00,27,23,4,FMN 04 Jan Van Rijswijcklaan
652,Jan van Rijswijcklaan 159-171,2023-02-02,00:00:00,12,11,1,FMN 04 Jan Van Rijswijcklaan
652,Jan van Rijswijcklaan 159-171,2023-02-02,01:00:00,3,2,1,FMN 04 Jan Van Rijswijcklaan
652,Jan van Rijswijcklaan 159-171,2023-02-02,02:00:00,3,1,2,FMN 04 Jan Van Rijswijcklaan
652,Jan van Rijswijcklaan 159-171,2023-02-02,03:00:00,3,3,0,FMN 04 Jan Van Rijswijcklaan
652,Jan van Rijswijcklaan 159-171,2023-02-02,04:00:00,10,8,2,FMN 04 Jan Van Rijswijcklaan
652,Jan van Rijswijcklaan 159-171,2023-02-02,05:00:00,20,15,5,FMN 04 Jan Van Rijswijcklaan
652,Jan van Rijswijcklaan 159-171,2023-02-02,06:00:00,4,4,0,FMN 04 Jan Van Rijswijcklaan
652,Jan van Rijswijcklaan 159-171,2023-02-02,07:00:00,0,0,0,FMN 04 Jan Van Rijswijcklaan
652,Jan van Rijswijcklaan 159-171,2023-02-02,08:00:00,0,0,0,FMN 04 Jan Van Rijswijcklaan
652,Jan van Rijswijcklaan 159-171,2023-02-02,09:00:00,109,88,21,FMN 04 Jan Van Rijswijcklaan
652,Jan van Rijswijcklaan 159-171,2023-02-02,10:00:00,108,94,14,FMN 04 Jan Van Rijswijcklaan
652,Jan van Rijswijcklaan 159-171,2023-02-02,11:00:00,123,115,8,FMN 04 Jan Van Rijswijcklaan
652,Jan van Rijswijcklaan 159-171,2023-02-02,12:00:00,169,142,27,FMN 04 Jan Van Rijswijcklaan
652,Jan van Rijswijcklaan 159-171,2023-02-02,13:00:00,103,82,21,FMN 04 Jan Van Rijswijcklaan
652,Jan van Rijswijcklaan 159-171,2023-02-02,14:00:00,110,88,22,FMN 04 Jan Van Rijswijcklaan
652,Jan van Rijswijcklaan 159-171,2023-02-02,15:00:00,273,248,25,FMN 04 Jan Van Rijswijcklaan
652,Jan van Rijswijcklaan 159-171,2023-02-02,16:00:00,338,312,26,FMN 04 Jan Van Rijswijcklaan
652,Jan van Rijswijcklaan 159-171,2023-02-02,17:00:00,220,198,22,FMN 04 Jan Van Rijswijcklaan
652,Jan van Rijswijcklaan 159-171,2023-02-02,18:00:00,185,153,32,FMN 04 Jan Van Rijswijcklaan
652,Jan van Rijswijcklaan 159-171,2023-02-02,19:00:00,157,135,22,FMN 04 Jan Van Rijswijcklaan
652,Jan van Rijswijcklaan 159-171,2023-02-02,20:00:00,91,73,18,FMN 04 Jan Van Rijswijcklaan
652,Jan van Rijswijcklaan 159-171,2023-02-02,21:00:00,56,44,12,FMN 04 Jan Van Rijswijcklaan
652,Jan van Rijswijcklaan 159-171,2023-02-02,22:00:00,95,74,21,FMN 04 Jan Van Rijswijcklaan
652,Jan van Rijswijcklaan 159-171,2023-02-02,23:00:00,29,20,9,FMN 04 Jan Van Rijswijcklaan
652,Jan van Rijswijcklaan 159-171,2023-02-03,00:00:00,21,13,8,FMN 04 Jan Van Rijswijcklaan
652,Jan van Rijswijcklaan 159-171,2023-02-03,01:00:00,16,9,7,FMN 04 Jan Van Rijswijcklaan
652,Jan van Rijswijcklaan 159-171,2023-02-03,02:00:00,2,2,0,FMN 04 Jan Van Rijswijcklaan
652,Jan van Rijswijcklaan 159-171,2023-02-03,03:00:00,3,2,1,FMN 04 Jan Van Rijswijcklaan
652,Jan van Rijswijcklaan 159-171,2023-02-03,04:00:00,12,11,1,FMN 04 Jan Van Rijswijcklaan
652,Jan van Rijswijcklaan 159-171,2023-02-03,05:00:00,20,16,4,FMN 04 Jan Van Rijswijcklaan
652,Jan van Rijswijcklaan 159-171,2023-02-03,06:00:00,60,50,10,FMN 04 Jan Van Rijswijcklaan
652,Jan van Rijswijcklaan 159-171,2023-02-03,07:00:00,177,164,13,FMN 04 Jan Van Rijswijcklaan
652,Jan van Rijswijcklaan 159-171,2023-02-03,08:00:00,383,302,81,FMN 04 Jan Van Rijswijcklaan
652,Jan van Rijswijcklaan 159-171,2023-02-03,09:00:00,145,126,19,FMN 04 Jan Van Rijswijcklaan
652,Jan van Rijswijcklaan 159-171,2023-02-03,10:00:00,204,147,57,FMN 04 Jan Van Rijswijcklaan
652,Jan van Rijswijcklaan 159-171,2023-02-03,11:00:00,116,105,11,FMN 04 Jan Van Rijswijcklaan
652,Jan van Rijswijcklaan 159-171,2023-02-03,12:00:00,264,184,80,FMN 04 Jan Van Rijswijcklaan
652,Jan van Rijswijcklaan 159-171,2023-02-03,13:00:00,159,91,68,FMN 04 Jan Van Rijswijcklaan
652,Jan van Rijswijcklaan 159-171,2023-02-03,14:00:00,206,186,20,FMN 04 Jan Van Rijswijcklaan
652,Jan van Rijswijcklaan 159-171,2023-02-03,15:00:00,308,282,26,FMN 04 Jan Van Rijswijcklaan
652,Jan van Rijswijcklaan 159-171,2023-02-03,16:00:00,306,286,20,FMN 04 Jan Van Rijswijcklaan
652,Jan van Rijswijcklaan 159-171,2023-02-03,17:00:00,223,187,36,FMN 04 Jan Van Rijswijcklaan
652,Jan van Rijswijcklaan 159-171,2023-02-03,18:00:00,188,162,26,FMN 04 Jan Van Rijswijcklaan
652,Jan van Rijswijcklaan 159-171,2023-02-03,19:00:00,186,164,22,FMN 04 Jan Van Rijswijcklaan
652,Jan van Rijswijcklaan 159-171,2023-02-03,20:00:00,140,119,21,FMN 04 Jan Van Rijswijcklaan
652,Jan van Rijswijcklaan 159-171,2023-02-03,21:00:00,67,59,8,FMN 04 Jan Van Rijswijcklaan
652,Jan van Rijswijcklaan 159-171,2023-02-03,22:00:00,47,38,9,FMN 04 Jan Van Rijswijcklaan
652,Jan van Rijswijcklaan 159-171,2023-02-03,23:00:00,42,27,15,FMN 04 Jan Van Rijswijcklaan
652,Jan van Rijswijcklaan 159-171,2023-02-04,00:00:00,32,19,13,FMN 04 Jan Van Rijswijcklaan
652,Jan van Rijswijcklaan 159-171,2023-02-04,01:00:00,28,23,5,FMN 04 Jan Van Rijswijcklaan
652,Jan van Rijswijcklaan 159-171,2023-02-04,02:00:00,17,12,5,FMN 04 Jan Van Rijswijcklaan
652,Jan van Rijswijcklaan 159-171,2023-02-04,03:00:00,15,12,3,FMN 04 Jan Van Rijswijcklaan
652,Jan van Rijswijcklaan 159-171,2023-02-04,04:00:00,18,18,0,FMN 04 Jan Van Rijswijcklaan
652,Jan van Rijswijcklaan 159-171,2023-02-04,05:00:00,15,12,3,FMN 04 Jan Van Rijswijcklaan
652,Jan van Rijswijcklaan 159-171,2023-02-04,06:00:00,1,1,0,FMN 04 Jan Van Rijswijcklaan
652,Jan van Rijswijcklaan 159-171,2023-02-04,07:00:00,0,0,0,FMN 04 Jan Van Rijswijcklaan
652,Jan van Rijswijcklaan 159-171,2023-02-04,08:00:00,0,0,0,FMN 04 Jan Van Rijswijcklaan
652,Jan van Rijswijcklaan 159-171,2023-02-04,09:00:00,0,0,0,FMN 04 Jan Van Rijswijcklaan
652,Jan van Rijswijcklaan 159-171,2023-02-04,10:00:00,28,22,6,FMN 04 Jan Van Rijswijcklaan
652,Jan van Rijswijcklaan 159-171,2023-02-04,11:00:00,89,70,19,FMN 04 Jan Van Rijswijcklaan
652,Jan van Rijswijcklaan 159-171,2023-02-04,12:00:00,124,98,26,FMN 04 Jan Van Rijswijcklaan
652,Jan van Rijswijcklaan 159-171,2023-02-04,13:00:00,152,108,44,FMN 04 Jan Van Rijswijcklaan
652,Jan van Rijswijcklaan 159-171,2023-02-04,14:00:00,126,116,10,FMN 04 Jan Van Rijswijcklaan
652,Jan van Rijswijcklaan 159-171,2023-02-04,15:00:00,135,111,24,FMN 04 Jan Van Rijswijcklaan
652,Jan van Rijswijcklaan 159-171,2023-02-04,16:00:00,192,174,18,FMN 04 Jan Van Rijswijcklaan
652,Jan van Rijswijcklaan 159-171,2023-02-04,17:00:00,120,102,18,FMN 04 Jan Van Rijswijcklaan
652,Jan van Rijswijcklaan 159-171,2023-02-04,18:00:00,105,88,17,FMN 04 Jan Van Rijswijcklaan
652,Jan van Rijswijcklaan 159-171,2023-02-04,19:00:00,88,77,11,FMN 04 Jan Van Rijswijcklaan
652,Jan van Rijswijcklaan 159-171,2023-02-04,20:00:00,68,52,16,FMN 04 Jan Van Rijswijcklaan
652,Jan van Rijswijcklaan 159-171,2023-02-04,21:00:00,36,28,8,FMN 04 Jan Van Rijswijcklaan
652,Jan van Rijswijcklaan 159-171,2023-02-04,22:00:00,49,37,12,FMN 04 Jan Van Rijswijcklaan
652,Jan van Rijswijcklaan 159-171,2023-02-04,23:00:00,31,21,10,FMN 04 Jan Van Rijswijcklaan
652,Jan van Rijswijcklaan 159-171,2023-02-05,00:00:00,25,15,10,FMN 04 Jan Van Rijswijcklaan
652,Jan van Rijswijcklaan 159-171,2023-02-05,01:00:00,16,15,1,FMN 04 Jan Van Rijswijcklaan
652,Jan van Rijswijcklaan 159-171,2023-02-05,02:00:00,14,8,6,FMN 04 Jan Van Rijswijcklaan
652,Jan van Rijswijcklaan 159-171,2023-02-05,03:00:00,10,5,5,FMN 04 Jan Van Rijswijcklaan
652,Jan van Rijswijcklaan 159-171,2023-02-05,04:00:00,7,2,5,FMN 04 Jan Van Rijswijcklaan
652,Jan van Rijswijcklaan 159-171,2023-02-05,05:00:00,2,2,0,FMN 04 Jan Van Rijswijcklaan
652,Jan van Rijswijcklaan 159-171,2023-02-05,06:00:00,1,1,0,FMN 04 Jan Van Rijswijcklaan
652,Jan van Rijswijcklaan 159-171,2023-02-05,07:00:00,0,0,0,FMN 04 Jan Van Rijswijcklaan
652,Jan van Rijswijcklaan 159-171,2023-02-05,08:00:00,0,0,0,FMN 04 Jan Van Rijswijcklaan
652,Jan van Rijswijcklaan 159-171,2023-02-05,09:00:00,40,38,2,FMN 04 Jan Van Rijswijcklaan
652,Jan van Rijswijcklaan 159-171,2023-02-05,10:00:00,74,60,14,FMN 04 Jan Van Rijswijcklaan
652,Jan van Rijswijcklaan 159-171,2023-02-05,11:00:00,69,62,7,FMN 04 Jan Van Rijswijcklaan
652,Jan van Rijswijcklaan 159-171,2023-02-05,12:00:00,82,67,15,FMN 04 Jan Van Rijswijcklaan
652,Jan van Rijswijcklaan 159-171,2023-02-05,13:00:00,83,69,14,FMN 04 Jan Van Rijswijcklaan
652,Jan van Rijswijcklaan 159-171,2023-02-05,14:00:00,79,61,18,FMN 04 Jan Van Rijswijcklaan
652,Jan van Rijswijcklaan 159-171,2023-02-05,15:00:00,74,68,6,FMN 04 Jan Van Rijswijcklaan
652,Jan van Rijswijcklaan 159-171,2023-02-05,16:00:00,78,63,15,FMN 04 Jan Van Rijswijcklaan
652,Jan van Rijswijcklaan 159-171,2023-02-05,17:00:00,83,65,18,FMN 04 Jan Van Rijswijcklaan
652,Jan van Rijswijcklaan 159-171,2023-02-05,18:00:00,60,48,12,FMN 04 Jan Van Rijswijcklaan
652,Jan van Rijswijcklaan 159-171,2023-02-05,19:00:00,50,45,5,FMN 04 Jan Van Rijswijcklaan
652,Jan van Rijswijcklaan 159-171,2023-02-05,20:00:00,40,30,10,FMN 04 Jan Van Rijswijcklaan
652,Jan van Rijswijcklaan 159-171,2023-02-05,21:00:00,23,20,3,FMN 04 Jan Van Rijswijcklaan
652,Jan van Rijswijcklaan 159-171,2023-02-05,22:00:00,23,16,7,FMN 04 Jan Van Rijswijcklaan
652,Jan van Rijswijcklaan 159-171,2023-02-05,23:00:00,15,15,0,FMN 04 Jan Van Rijswijcklaan
652,Jan van Rijswijcklaan 159-171,2023-02-06,00:00:00,5,5,0,FMN 04 Jan Van Rijswijcklaan
652,Jan van Rijswijcklaan 159-171,2023-02-06,01:00:00,4,3,1,FMN 04 Jan Van Rijswijcklaan
652,Jan van Rijswijcklaan 159-171,2023-02-06,02:00:00,1,0,1,FMN 04 Jan Van Rijswijcklaan
652,Jan van Rijswijcklaan 159-171,2023-02-06,03:00:00,2,2,0,FMN 04 Jan Van Rijswijcklaan
652,Jan van Rijswijcklaan 159-171,2023-02-06,04:00:00,13,12,1,FMN 04 Jan Van Rijswijcklaan
652,Jan van Rijswijcklaan 159-171,2023-02-06,05:00:00,24,21,3,FMN 04 Jan Van Rijswijcklaan
652,Jan van Rijswijcklaan 159-171,2023-02-06,06:00:00,1,1,0,FMN 04 Jan Van Rijswijcklaan
652,Jan van Rijswijcklaan 159-171,2023-02-06,07:00:00,0,0,0,FMN 04 Jan Van Rijswijcklaan
652,Jan van Rijswijcklaan 159-171,2023-02-06,08:00:00,0,0,0,FMN 04 Jan Van Rijswijcklaan
652,Jan van Rijswijcklaan 159-171,2023-02-06,09:00:00,54,47,7,FMN 04 Jan Van Rijswijcklaan
652,Jan van Rijswijcklaan 159-171,2023-02-06,10:00:00,80,65,15,FMN 04 Jan Van Rijswijcklaan
652,Jan van Rijswijcklaan 159-171,2023-02-06,11:00:00,75,70,5,FMN 04 Jan Van Rijswijcklaan
652,Jan van Rijswijcklaan 159-171,2023-02-06,12:00:00,121,108,13,FMN 04 Jan Van Rijswijcklaan
652,Jan van Rijswijcklaan 159-171,2023-02-06,13:00:00,103,89,14,FMN 04 Jan Van Rijswijcklaan
652,Jan van Rijswijcklaan 159-171,2023-02-06,14:00:00,106,96,10,FMN 04 Jan Van Rijswijcklaan
652,Jan van Rijswijcklaan 159-171,2023-02-06,15:00:00,195,175,20,FMN 04 Jan Van Rijswijcklaan
652,Jan van Rijswijcklaan 159-171,2023-02-06,16:00:00,249,224,25,FMN 04 Jan Van Rijswijcklaan
652,Jan van Rijswijcklaan 159-171,2023-02-06,17:00:00,206,175,31,FMN 04 Jan Van Rijswijcklaan
652,Jan van Rijswijcklaan 159-171,2023-02-06,18:00:00,159,134,25,FMN 04 Jan Van Rijswijcklaan
652,Jan van Rijswijcklaan 159-171,2023-02-06,19:00:00,90,70,20,FMN 04 Jan Van Rijswijcklaan
652,Jan van Rijswijcklaan 159-171,2023-02-06,20:00:00,64,53,11,FMN 04 Jan Van Rijswijcklaan
652,Jan van Rijswijcklaan 159-171,2023-02-06,21:00:00,49,35,14,FMN 04 Jan Van Rijswijcklaan
652,Jan van Rijswijcklaan 159-171,2023-02-06,22:00:00,52,43,9,FMN 04 Jan Van Rijswijcklaan
652,Jan van Rijswijcklaan 159-171,2023-02-06,23:00:00,19,15,4,FMN 04 Jan Van Rijswijcklaan
652,Jan van Rijswijcklaan 159-171,2023-02-07,00:00:00,5,4,1,FMN 04 Jan Van Rijswijcklaan
652,Jan van Rijswijcklaan 159-171,2023-02-07,01:00:00,1,1,0,FMN 04 Jan Van Rijswijcklaan
652,Jan van Rijswijcklaan 159-171,2023-02-07,02:00:00,2,2,0,FMN 04 Jan Van Rijswijcklaan
652,Jan van Rijswijcklaan 159-171,2023-02-07,03:00:00,1,1,0,FMN 04 Jan Van Rijswijcklaan
652,Jan van Rijswijcklaan 159-171,2023-02-07,04:00:00,1,1,0,FMN 04 Jan Van Rijswijcklaan
652,Jan van Rijswijcklaan 159-171,2023-02-07,05:00:00,0,0,0,FMN 04 Jan Van Rijswijcklaan
652,Jan van Rijswijcklaan 159-171,2023-02-07,06:00:00,0,0,0,FMN 04 Jan Van Rijswijcklaan
652,Jan van Rijswijcklaan 159-171,2023-02-07,07:00:00,0,0,0,FMN 04 Jan Van Rijswijcklaan
652,Jan van Rijswijcklaan 159-171,2023-02-07,08:00:00,16,14,2,FMN 04 Jan Van Rijswijcklaan
652,Jan van Rijswijcklaan 159-171,2023-02-07,09:00:00,135,123,12,FMN 04 Jan Van Rijswijcklaan
652,Jan van Rijswijcklaan 159-171,2023-02-07,10:00:00,83,75,8,FMN 04 Jan Van Rijswijcklaan
652,Jan van Rijswijcklaan 159-171,2023-02-07,11:00:00,72,65,7,FMN 04 Jan Van Rijswijcklaan
652,Jan van Rijswijcklaan 159-171,2023-02-07,12:00:00,109,97,12,FMN 04 Jan Van Rijswijcklaan
652,Jan van Rijswijcklaan 159-171,2023-02-07,13:00:00,115,105,10,FMN 04 Jan Van Rijswijcklaan
652,Jan van Rijswijcklaan 159-171,2023-02-07,14:00:00,74,62,12,FMN 04 Jan Van Rijswijcklaan
652,Jan van Rijswijcklaan 159-171,2023-02-07,15:00:00,172,159,13,FMN 04 Jan Van Rijswijcklaan
652,Jan van Rijswijcklaan 159-171,2023-02-07,16:00:00,236,209,27,FMN 04 Jan Van Rijswijcklaan
652,Jan van Rijswijcklaan 159-171,2023-02-07,17:00:00,246,213,33,FMN 04 Jan Van Rijswijcklaan
652,Jan van Rijswijcklaan 159-171,2023-02-07,18:00:00,185,165,20,FMN 04 Jan Van Rijswijcklaan
652,Jan van Rijswijcklaan 159-171,2023-02-07,19:00:00,111,94,17,FMN 04 Jan Van Rijswijcklaan
652,Jan van Rijswijcklaan 159-171,2023-02-07,20:00:00,78,62,16,FMN 04 Jan Van Rijswijcklaan
652,Jan van Rijswijcklaan 159-171,2023-02-07,21:00:00,50,41,9,FMN 04 Jan Van Rijswijcklaan
652,Jan van Rijswijcklaan 159-171,2023-02-07,22:00:00,56,44,12,FMN 04 Jan Van Rijswijcklaan
652,Jan van Rijswijcklaan 159-171,2023-02-07,23:00:00,19,12,7,FMN 04 Jan Van Rijswijcklaan
652,Jan van Rijswijcklaan 159-171,2023-02-08,00:00:00,3,2,1,FMN 04 Jan Van Rijswijcklaan
652,Jan van Rijswijcklaan 159-171,2023-02-08,01:00:00,7,6,1,FMN 04 Jan Van Rijswijcklaan
652,Jan van Rijswijcklaan 159-171,2023-02-08,02:00:00,3,2,1,FMN 04 Jan Van Rijswijcklaan
652,Jan van Rijswijcklaan 159-171,2023-02-08,03:00:00,2,2,0,FMN 04 Jan Van Rijswijcklaan
652,Jan van Rijswijcklaan 159-171,2023-02-08,04:00:00,0,0,0,FMN 04 Jan Van Rijswijcklaan
652,Jan van Rijswijcklaan 159-171,2023-02-08,05:00:00,0,0,0,FMN 04 Jan Van Rijswijcklaan
652,Jan van Rijswijcklaan 159-171,2023-02-08,06:00:00,0,0,0,FMN 04 Jan Van Rijswijcklaan
652,Jan van Rijswijcklaan 159-171,2023-02-08,07:00:00,0,0,0,FMN 04 Jan Van Rijswijcklaan
652,Jan van Rijswijcklaan 159-171,2023-02-08,08:00:00,0,0,0,FMN 04 Jan Van Rijswijcklaan
652,Jan van Rijswijcklaan 159-171,2023-02-08,09:00:00,67,57,10,FMN 04 Jan Van Rijswijcklaan
652,Jan van Rijswijcklaan 159-171,2023-02-08,10:00:00,88,78,10,FMN 04 Jan Van Rijswijcklaan
652,Jan van Rijswijcklaan 159-171,2023-02-08,11:00:00,84,75,9,FMN 04 Jan Van Rijswijcklaan
652,Jan van Rijswijcklaan 159-171,2023-02-08,12:00:00,253,224,29,FMN 04 Jan Van Rijswijcklaan
652,Jan van Rijswijcklaan 159-171,2023-02-08,13:00:00,143,124,19,FMN 04 Jan Van Rijswijcklaan
652,Jan van Rijswijcklaan 159-171,2023-02-08,14:00:00,97,84,13,FMN 04 Jan Van Rijswijcklaan
652,Jan van Rijswijcklaan 159-171,2023-02-08,15:00:00,127,112,15,FMN 04 Jan Van Rijswijcklaan
652,Jan van Rijswijcklaan 159-171,2023-02-08,16:00:00,214,192,22,FMN 04 Jan Van Rijswijcklaan
652,Jan van Rijswijcklaan 159-171,2023-02-08,17:00:00,243,212,31,FMN 04 Jan Van Rijswijcklaan
652,Jan van Rijswijcklaan 159-171,2023-02-08,18:00:00,174,149,25,FMN 04 Jan Van Rijswijcklaan
652,Jan van Rijswijcklaan 159-171,2023-02-08,19:00:00,130,116,14,FMN 04 Jan Van Rijswijcklaan
652,Jan van Rijswijcklaan 159-171,2023-02-08,20:00:00,77,67,10,FMN 04 Jan Van Rijswijcklaan
652,Jan van Rijswijcklaan 159-171,2023-02-08,21:00:00,63,46,17,FMN 04 Jan Van Rijswijcklaan
652,Jan van Rijswijcklaan 159-171,2023-02-08,22:00:00,52,45,7,FMN 04 Jan Van Rijswijcklaan
652,Jan van Rijswijcklaan 159-171,2023-02-08,23:00:00,27,19,8,FMN 04 Jan Van Rijswijcklaan
652,Jan van Rijswijcklaan 159-171,2023-02-09,00:00:00,7,5,2,FMN 04 Jan Van Rijswijcklaan
652,Jan van Rijswijcklaan 159-171,2023-02-09,01:00:00,5,3,2,FMN 04 Jan Van Rijswijcklaan
652,Jan van Rijswijcklaan 159-171,2023-02-09,02:00:00,3,2,1,FMN 04 Jan Van Rijswijcklaan
652,Jan van Rijswijcklaan 159-171,2023-02-09,03:00:00,2,0,2,FMN 04 Jan Van Rijswijcklaan
652,Jan van Rijswijcklaan 159-171,2023-02-09,04:00:00,11,9,2,FMN 04 Jan Van Rijswijcklaan
652,Jan van Rijswijcklaan 159-171,2023-02-09,05:00:00,1,1,0,FMN 04 Jan Van Rijswijcklaan
652,Jan van Rijswijcklaan 159-171,2023-02-09,06:00:00,0,0,0,FMN 04 Jan Van Rijswijcklaan
652,Jan van Rijswijcklaan 159-171,2023-02-09,07:00:00,0,0,0,FMN 04 Jan Van Rijswijcklaan
652,Jan van Rijswijcklaan 159-171,2023-02-09,08:00:00,23,20,3,FMN 04 Jan Van Rijswijcklaan
652,Jan van Rijswijcklaan 159-171,2023-02-09,09:00:00,125,115,10,FMN 04 Jan Van Rijswijcklaan
652,Jan van Rijswijcklaan 159-171,2023-02-09,10:00:00,82,74,8,FMN 04 Jan Van Rijswijcklaan
652,Jan van Rijswijcklaan 159-171,2023-02-09,11:00:00,75,68,7,FMN 04 Jan Van Rijswijcklaan
652,Jan van Rijswijcklaan 159-171,2023-02-09,12:00:00,145,132,13,FMN 04 Jan Van Rijswijcklaan
652,Jan van Rijswijcklaan 159-171,2023-02-09,13:00:00,89,79,10,FMN 04 Jan Van Rijswijcklaan
652,Jan van Rijswijcklaan 159-171,2023-02-09,14:00:00,83,75,8,FMN 04 Jan Van Rijswijcklaan
652,Jan van Rijswijcklaan 159-171,2023-02-09,15:00:00,161,144,17,FMN 04 Jan Van Rijswijcklaan
652,Jan van Rijswijcklaan 159-171,2023-02-09,16:00:00,240,211,29,FMN 04 Jan Van Rijswijcklaan
652,Jan van Rijswijcklaan 159-171,2023-02-09,17:00:00,240,207,33,FMN 04 Jan Van Rijswijcklaan
652,Jan van Rijswijcklaan 159-171,2023-02-09,18:00:00,163,131,32,FMN 04 Jan Van Rijswijcklaan
652,Jan van Rijswijcklaan 159-171,2023-02-09,19:00:00,130,109,21,FMN 04 Jan Van Rijswijcklaan
652,Jan van Rijswijcklaan 159-171,2023-02-09,20:00:00,70,54,16,FMN 04 Jan Van Rijswijcklaan
652,Jan van Rijswijcklaan 159-171,2023-02-09,21:00:00,64,49,15,FMN 04 Jan Van Rijswijcklaan
652,Jan van Rijswijcklaan 159-171,2023-02-09,22:00:00,65,49,16,FMN 04 Jan Van Rijswijcklaan
652,Jan van Rijswijcklaan 159-171,2023-02-09,23:00:00,35,24,11,FMN 04 Jan Van Rijswijcklaan
652,Jan van Rijswijcklaan 159-171,2023-02-10,00:00:00,14,10,4,FMN 04 Jan Van Rijswijcklaan
652,Jan van Rijswijcklaan 159-171,2023-02-10,01:00:00,6,3,3,FMN 04 Jan Van Rijswijcklaan
652,Jan van Rijswijcklaan 159-171,2023-02-10,02:00:00,1,1,0,FMN 04 Jan Van Rijswijcklaan
652,Jan van Rijswijcklaan 159-171,2023-02-10,03:00:00,3,1,2,FMN 04 Jan Van Rijswijcklaan
652,Jan van Rijswijcklaan 159-171,2023-02-10,04:00:00,1,1,0,FMN 04 Jan Van Rijswijcklaan
652,Jan van Rijswijcklaan 159-171,2023-02-10,05:00:00,0,0,0,FMN 04 Jan Van Rijswijcklaan
652,Jan van Rijswijcklaan 159-171,2023-02-10,06:00:00,0,0,0,FMN 04 Jan Van Rijswijcklaan
652,Jan van Rijswijcklaan 159-171,2023-02-10,07:00:00,0,0,0,FMN 04 Jan Van Rijswijcklaan
652,Jan van Rijswijcklaan 159-171,2023-02-10,08:00:00,0,0,0,FMN 04 Jan Van Rijswijcklaan
652,Jan van Rijswijcklaan 159-171,2023-02-10,09:00:00,116,107,9,FMN 04 Jan Van Rijswijcklaan
652,Jan van Rijswijcklaan 159-171,2023-02-10,10:00:00,89,80,9,FMN 04 Jan Van Rijswijcklaan
652,Jan van Rijswijcklaan 159-171,2023-02-10,11:00:00,62,50,12,FMN 04 Jan Van Rijswijcklaan
652,Jan van Rijswijcklaan 159-171,2023-02-10,12:00:00,125,114,11,FMN 04 Jan Van Rijswijcklaan
652,Jan van Rijswijcklaan 159-171,2023-02-10,13:00:00,100,85,15,FMN 04 Jan Van Rijswijcklaan
652,Jan van Rijswijcklaan 159-171,2023-02-10,14:00:00,109,98,11,FMN 04 Jan Van Rijswijcklaan
652,Jan van Rijswijcklaan 159-171,2023-02-10,15:00:00,185,159,26,FMN 04 Jan Van Rijswijcklaan
652,Jan van Rijswijcklaan 159-171,2023-02-10,16:00:00,241,207,34,FMN 04 Jan Van Rijswijcklaan
652,Jan van Rijswijcklaan 159-171,2023-02-10,17:00:00,180,148,32,FMN 04 Jan Van Rijswijcklaan
652,Jan van Rijswijcklaan 159-171,2023-02-10,18:00:00,203,180,23,FMN 04 Jan Van Rijswijcklaan
652,Jan van Rijswijcklaan 159-171,2023-02-10,19:00:00,140,127,13,FMN 04 Jan Van Rijswijcklaan
652,Jan van Rijswijcklaan 159-171,2023-02-10,20:00:00,118,107,11,FMN 04 Jan Van Rijswijcklaan
652,Jan van Rijswijcklaan 159-171,2023-02-10,21:00:00,71,52,19,FMN 04 Jan Van Rijswijcklaan
652,Jan van Rijswijcklaan 159-171,2023-02-10,22:00:00,68,58,10,FMN 04 Jan Van Rijswijcklaan
652,Jan van Rijswijcklaan 159-171,2023-02-10,23:00:00,48,39,9,FMN 04 Jan Van Rijswijcklaan
652,Jan van Rijswijcklaan 159-171,2023-02-11,00:00:00,47,38,9,FMN 04 Jan Van Rijswijcklaan
652,Jan van Rijswijcklaan 159-171,2023-02-11,01:00:00,23,15,8,FMN 04 Jan Van Rijswijcklaan
652,Jan van Rijswijcklaan 159-171,2023-02-11,02:00:00,19,17,2,FMN 04 Jan Van Rijswijcklaan
652,Jan van Rijswijcklaan 159-171,2023-02-11,03:00:00,5,1,4,FMN 04 Jan Van Rijswijcklaan
652,Jan van Rijswijcklaan 159-171,2023-02-11,04:00:00,0,0,0,FMN 04 Jan Van Rijswijcklaan
652,Jan van Rijswijcklaan 159-171,2023-02-11,05:00:00,0,0,0,FMN 04 Jan Van Rijswijcklaan
652,Jan van Rijswijcklaan 159-171,2023-02-11,06:00:00,0,0,0,FMN 04 Jan Van Rijswijcklaan
652,Jan van Rijswijcklaan 159-171,2023-02-11,07:00:00,0,0,0,FMN 04 Jan Van Rijswijcklaan
652,Jan van Rijswijcklaan 159-171,2023-02-11,08:00:00,0,0,0,FMN 04 Jan Van Rijswijcklaan
652,Jan van Rijswijcklaan 159-171,2023-02-11,09:00:00,0,0,0,FMN 04 Jan Van Rijswijcklaan
652,Jan van Rijswijcklaan 159-171,2023-02-11,10:00:00,48,46,2,FMN 04 Jan Van Rijswijcklaan
652,Jan van Rijswijcklaan 159-171,2023-02-11,11:00:00,100,85,15,FMN 04 Jan Van Rijswijcklaan
652,Jan van Rijswijcklaan 159-171,2023-02-11,12:00:00,90,78,12,FMN 04 Jan Van Rijswijcklaan
652,Jan van Rijswijcklaan 159-171,2023-02-11,13:00:00,111,102,9,FMN 04 Jan Van Rijswijcklaan
652,Jan van Rijswijcklaan 159-171,2023-02-11,14:00:00,94,86,8,FMN 04 Jan Van Rijswijcklaan
652,Jan van Rijswijcklaan 159-171,2023-02-11,15:00:00,96,85,11,FMN 04 Jan Van Rijswijcklaan
652,Jan van Rijswijcklaan 159-171,2023-02-11,16:00:00,103,92,11,FMN 04 Jan Van Rijswijcklaan
652,Jan van Rijswijcklaan 159-171,2023-02-11,17:00:00,94,79,15,FMN 04 Jan Van Rijswijcklaan
652,Jan van Rijswijcklaan 159-171,2023-02-11,18:00:00,119,92,27,FMN 04 Jan Van Rijswijcklaan
652,Jan van Rijswijcklaan 159-171,2023-02-11,19:00:00,84,72,12,FMN 04 Jan Van Rijswijcklaan
652,Jan van Rijswijcklaan 159-171,2023-02-11,20:00:00,77,66,11,FMN 04 Jan Van Rijswijcklaan
652,Jan van Rijswijcklaan 159-171,2023-02-11,21:00:00,58,44,14,FMN 04 Jan Van Rijswijcklaan
652,Jan van Rijswijcklaan 159-171,2023-02-11,22:00:00,46,39,7,FMN 04 Jan Van Rijswijcklaan
652,Jan van Rijswijcklaan 159-171,2023-02-11,23:00:00,46,27,19,FMN 04 Jan Van Rijswijcklaan
652,Jan van Rijswijcklaan 159-171,2023-02-12,00:00:00,33,26,7,FMN 04 Jan Van Rijswijcklaan
652,Jan van Rijswijcklaan 159-171,2023-02-12,01:00:00,40,29,11,FMN 04 Jan Van Rijswijcklaan
652,Jan van Rijswijcklaan 159-171,2023-02-12,02:00:00,0,0,0,FMN 04 Jan Van Rijswijcklaan
652,Jan van Rijswijcklaan 159-171,2023-02-12,03:00:00,0,0,0,FMN 04 Jan Van Rijswijcklaan
652,Jan van Rijswijcklaan 159-171,2023-02-12,04:00:00,0,0,0,FMN 04 Jan Van Rijswijcklaan
652,Jan van Rijswijcklaan 159-171,2023-02-12,05:00:00,0,0,0,FMN 04 Jan Van Rijswijcklaan
652,Jan van Rijswijcklaan 159-171,2023-02-12,06:00:00,0,0,0,FMN 04 Jan Van Rijswijcklaan
652,Jan van Rijswijcklaan 159-171,2023-02-12,07:00:00,0,0,0,FMN 04 Jan Van Rijswijcklaan
652,Jan van Rijswijcklaan 159-171,2023-02-12,08:00:00,0,0,0,FMN 04 Jan Van Rijswijcklaan
652,Jan van Rijswijcklaan 159-171,2023-02-12,09:00:00,14,11,3,FMN 04 Jan Van Rijswijcklaan
652,Jan van Rijswijcklaan 159-171,2023-02-12,10:00:00,68,62,6,FMN 04 Jan Van Rijswijcklaan
652,Jan van Rijswijcklaan 159-171,2023-02-12,11:00:00,49,33,16,FMN 04 Jan Van Rijswijcklaan
652,Jan van Rijswijcklaan 159-171,2023-02-12,12:00:00,106,93,13,FMN 04 Jan Van Rijswijcklaan
652,Jan van Rijswijcklaan 159-171,2023-02-12,13:00:00,92,72,20,FMN 04 Jan Van Rijswijcklaan
652,Jan van Rijswijcklaan 159-171,2023-02-12,14:00:00,65,56,9,FMN 04 Jan Van Rijswijcklaan
652,Jan van Rijswijcklaan 159-171,2023-02-12,15:00:00,61,51,10,FMN 04 Jan Van Rijswijcklaan
652,Jan van Rijswijcklaan 159-171,2023-02-12,16:00:00,60,48,12,FMN 04 Jan Van Rijswijcklaan
652,Jan van Rijswijcklaan 159-171,2023-02-12,17:00:00,79,67,12,FMN 04 Jan Van Rijswijcklaan
652,Jan van Rijswijcklaan 159-171,2023-02-12,18:00:00,67,47,20,FMN 04 Jan Van Rijswijcklaan
652,Jan van Rijswijcklaan 159-171,2023-02-12,19:00:00,57,51,6,FMN 04 Jan Van Rijswijcklaan
652,Jan van Rijswijcklaan 159-171,2023-02-12,20:00:00,50,41,9,FMN 04 Jan Van Rijswijcklaan
652,Jan van Rijswijcklaan 159-171,2023-02-12,21:00:00,87,83,4,FMN 04 Jan Van Rijswijcklaan
652,Jan van Rijswijcklaan 159-171,2023-02-12,22:00:00,30,25,5,FMN 04 Jan Van Rijswijcklaan
652,Jan van Rijswijcklaan 159-171,2023-02-12,23:00:00,14,10,4,FMN 04 Jan Van Rijswijcklaan
652,Jan van Rijswijcklaan 159-171,2023-02-13,00:00:00,9,7,2,FMN 04 Jan Van Rijswijcklaan
652,Jan van Rijswijcklaan 159-171,2023-02-13,01:00:00,6,6,0,FMN 04 Jan Van Rijswijcklaan
652,Jan van Rijswijcklaan 159-171,2023-02-13,02:00:00,3,3,0,FMN 04 Jan Van Rijswijcklaan
652,Jan van Rijswijcklaan 159-171,2023-02-13,03:00:00,3,2,1,FMN 04 Jan Van Rijswijcklaan
652,Jan van Rijswijcklaan 159-171,2023-02-13,04:00:00,8,7,1,FMN 04 Jan Van Rijswijcklaan
652,Jan van Rijswijcklaan 159-171,2023-02-13,05:00:00,0,0,0,FMN 04 Jan Van Rijswijcklaan
652,Jan van Rijswijcklaan 159-171,2023-02-13,06:00:00,0,0,0,FMN 04 Jan Van Rijswijcklaan
652,Jan van Rijswijcklaan 159-171,2023-02-13,07:00:00,0,0,0,FMN 04 Jan Van Rijswijcklaan
652,Jan van Rijswijcklaan 159-171,2023-02-13,08:00:00,22,19,3,FMN 04 Jan Van Rijswijcklaan
652,Jan van Rijswijcklaan 159-171,2023-02-13,09:00:00,162,156,6,FMN 04 Jan Van Rijswijcklaan
652,Jan van Rijswijcklaan 159-171,2023-02-13,10:00:00,119,104,15,FMN 04 Jan Van Rijswijcklaan
652,Jan van Rijswijcklaan 159-171,2023-02-13,11:00:00,85,78,7,FMN 04 Jan Van Rijswijcklaan
652,Jan van Rijswijcklaan 159-171,2023-02-13,12:00:00,117,103,14,FMN 04 Jan Van Rijswijcklaan
652,Jan van Rijswijcklaan 159-171,2023-02-13,13:00:00,149,138,11,FMN 04 Jan Van Rijswijcklaan
652,Jan van Rijswijcklaan 159-171,2023-02-13,14:00:00,105,89,16,FMN 04 Jan Van Rijswijcklaan
652,Jan van Rijswijcklaan 159-171,2023-02-13,15:00:00,224,198,26,FMN 04 Jan Van Rijswijcklaan
652,Jan van Rijswijcklaan 159-171,2023-02-13,16:00:00,271,237,34,FMN 04 Jan Van Rijswijcklaan
652,Jan van Rijswijcklaan 159-171,2023-02-13,17:00:00,254,222,32,FMN 04 Jan Van Rijswijcklaan
652,Jan van Rijswijcklaan 159-171,2023-02-13,18:00:00,175,151,24,FMN 04 Jan Van Rijswijcklaan
652,Jan van Rijswijcklaan 159-171,2023-02-13,19:00:00,112,90,22,FMN 04 Jan Van Rijswijcklaan
652,Jan van Rijswijcklaan 159-171,2023-02-13,20:00:00,85,63,22,FMN 04 Jan Van Rijswijcklaan
652,Jan van Rijswijcklaan 159-171,2023-02-13,21:00:00,76,45,31,FMN 04 Jan Van Rijswijcklaan
652,Jan van Rijswijcklaan 159-171,2023-02-13,22:00:00,58,50,8,FMN 04 Jan Van Rijswijcklaan
652,Jan van Rijswijcklaan 159-171,2023-02-13,23:00:00,54,45,9,FMN 04 Jan Van Rijswijcklaan
652,Jan van Rijswijcklaan 159-171,2023-02-14,00:00:00,9,8,1,FMN 04 Jan Van Rijswijcklaan
652,Jan van Rijswijcklaan 159-171,2023-02-14,01:00:00,3,2,1,FMN 04 Jan Van Rijswijcklaan
652,Jan van Rijswijcklaan 159-171,2023-02-14,02:00:00,4,2,2,FMN 04 Jan Van Rijswijcklaan
652,Jan van Rijswijcklaan 159-171,2023-02-14,03:00:00,5,5,0,FMN 04 Jan Van Rijswijcklaan
652,Jan van Rijswijcklaan 159-171,2023-02-14,04:00:00,6,6,0,FMN 04 Jan Van Rijswijcklaan
652,Jan van Rijswijcklaan 159-171,2023-02-14,05:00:00,23,21,2,FMN 04 Jan Van Rijswijcklaan
652,Jan van Rijswijcklaan 159-171,2023-02-14,06:00:00,2,2,0,FMN 04 Jan Van Rijswijcklaan
652,Jan van Rijswijcklaan 159-171,2023-02-14,07:00:00,0,0,0,FMN 04 Jan Van Rijswijcklaan
652,Jan van Rijswijcklaan 159-171,2023-02-14,08:00:00,34,34,0,FMN 04 Jan Van Rijswijcklaan
652,Jan van Rijswijcklaan 159-171,2023-02-14,09:00:00,169,158,11,FMN 04 Jan Van Rijswijcklaan
652,Jan van Rijswijcklaan 159-171,2023-02-14,10:00:00,106,92,14,FMN 04 Jan Van Rijswijcklaan
652,Jan van Rijswijcklaan 159-171,2023-02-14,11:00:00,96,84,12,FMN 04 Jan Van Rijswijcklaan
652,Jan van Rijswijcklaan 159-171,2023-02-14,12:00:00,156,141,15,FMN 04 Jan Van Rijswijcklaan
652,Jan van Rijswijcklaan 159-171,2023-02-14,13:00:00,161,146,15,FMN 04 Jan Van Rijswijcklaan
652,Jan van Rijswijcklaan 159-171,2023-02-14,14:00:00,133,122,11,FMN 04 Jan Van Rijswijcklaan
652,Jan van Rijswijcklaan 159-171,2023-02-14,15:00:00,240,217,23,FMN 04 Jan Van Rijswijcklaan
652,Jan van Rijswijcklaan 159-171,2023-02-14,16:00:00,283,262,21,FMN 04 Jan Van Rijswijcklaan
652,Jan van Rijswijcklaan 159-171,2023-02-14,17:00:00,291,242,49,FMN 04 Jan Van Rijswijcklaan
652,Jan van Rijswijcklaan 159-171,2023-02-14,18:00:00,194,163,31,FMN 04 Jan Van Rijswijcklaan
652,Jan van Rijswijcklaan 159-171,2023-02-14,19:00:00,128,109,19,FMN 04 Jan Van Rijswijcklaan
652,Jan van Rijswijcklaan 159-171,2023-02-14,20:00:00,88,71,17,FMN 04 Jan Van Rijswijcklaan
652,Jan van Rijswijcklaan 159-171,2023-02-14,21:00:00,72,61,11,FMN 04 Jan Van Rijswijcklaan
652,Jan van Rijswijcklaan 159-171,2023-02-14,22:00:00,59,51,8,FMN 04 Jan Van Rijswijcklaan
652,Jan van Rijswijcklaan 159-171,2023-02-14,23:00:00,39,31,8,FMN 04 Jan Van Rijswijcklaan
652,Jan van Rijswijcklaan 159-171,2023-02-15,00:00:00,10,6,4,FMN 04 Jan Van Rijswijcklaan
652,Jan van Rijswijcklaan 159-171,2023-02-15,01:00:00,7,4,3,FMN 04 Jan Van Rijswijcklaan
652,Jan van Rijswijcklaan 159-171,2023-02-15,02:00:00,2,2,0,FMN 04 Jan Van Rijswijcklaan
652,Jan van Rijswijcklaan 159-171,2023-02-15,03:00:00,7,5,2,FMN 04 Jan Van Rijswijcklaan
652,Jan van Rijswijcklaan 159-171,2023-02-15,04:00:00,0,0,0,FMN 04 Jan Van Rijswijcklaan
652,Jan van Rijswijcklaan 159-171,2023-02-15,05:00:00,0,0,0,FMN 04 Jan Van Rijswijcklaan
652,Jan van Rijswijcklaan 159-171,2023-02-15,06:00:00,0,0,0,FMN 04 Jan Van Rijswijcklaan
652,Jan van Rijswijcklaan 159-171,2023-02-15,07:00:00,0,0,0,FMN 04 Jan Van Rijswijcklaan
652,Jan van Rijswijcklaan 159-171,2023-02-15,08:00:00,128,124,4,FMN 04 Jan Van Rijswijcklaan
652,Jan van Rijswijcklaan 159-171,2023-02-15,09:00:00,131,118,13,FMN 04 Jan Van Rijswijcklaan
652,Jan van Rijswijcklaan 159-171,2023-02-15,10:00:00,102,86,16,FMN 04 Jan Van Rijswijcklaan
652,Jan van Rijswijcklaan 159-171,2023-02-15,11:00:00,101,93,8,FMN 04 Jan Van Rijswijcklaan
652,Jan van Rijswijcklaan 159-171,2023-02-15,12:00:00,286,263,23,FMN 04 Jan Van Rijswijcklaan
652,Jan van Rijswijcklaan 159-171,2023-02-15,13:00:00,170,153,17,FMN 04 Jan Van Rijswijcklaan
652,Jan van Rijswijcklaan 159-171,2023-02-15,14:00:00,121,102,19,FMN 04 Jan Van Rijswijcklaan
652,Jan van Rijswijcklaan 159-171,2023-02-15,15:00:00,136,123,13,FMN 04 Jan Van Rijswijcklaan
652,Jan van Rijswijcklaan 159-171,2023-02-15,16:00:00,230,203,27,FMN 04 Jan Van Rijswijcklaan
652,Jan van Rijswijcklaan 159-171,2023-02-15,17:00:00,271,238,33,FMN 04 Jan Van Rijswijcklaan
652,Jan van Rijswijcklaan 159-171,2023-02-15,18:00:00,204,171,33,FMN 04 Jan Van Rijswijcklaan
652,Jan van Rijswijcklaan 159-171,2023-02-15,19:00:00,144,123,21,FMN 04 Jan Van Rijswijcklaan
652,Jan van Rijswijcklaan 159-171,2023-02-15,20:00:00,97,84,13,FMN 04 Jan Van Rijswijcklaan
652,Jan van Rijswijcklaan 159-171,2023-02-15,21:00:00,61,52,9,FMN 04 Jan Van Rijswijcklaan
652,Jan van Rijswijcklaan 159-171,2023-02-15,22:00:00,77,66,11,FMN 04 Jan Van Rijswijcklaan
652,Jan van Rijswijcklaan 159-171,2023-02-15,23:00:00,35,30,5,FMN 04 Jan Van Rijswijcklaan
652,Jan van Rijswijcklaan 159-171,2023-02-16,00:00:00,11,5,6,FMN 04 Jan Van Rijswijcklaan
652,Jan van Rijswijcklaan 159-171,2023-02-16,01:00:00,9,6,3,FMN 04 Jan Van Rijswijcklaan
652,Jan van Rijswijcklaan 159-171,2023-02-16,02:00:00,2,1,1,FMN 04 Jan Van Rijswijcklaan
652,Jan van Rijswijcklaan 159-171,2023-02-16,03:00:00,4,4,0,FMN 04 Jan Van Rijswijcklaan
652,Jan van Rijswijcklaan 159-171,2023-02-16,04:00:00,12,10,2,FMN 04 Jan Van Rijswijcklaan
652,Jan van Rijswijcklaan 159-171,2023-02-16,05:00:00,23,17,6,FMN 04 Jan Van Rijswijcklaan
652,Jan van Rijswijcklaan 159-171,2023-02-16,06:00:00,1,1,0,FMN 04 Jan Van Rijswijcklaan
652,Jan van Rijswijcklaan 159-171,2023-02-16,07:00:00,0,0,0,FMN 04 Jan Van Rijswijcklaan
652,Jan van Rijswijcklaan 159-171,2023-02-16,08:00:00,0,0,0,FMN 04 Jan Van Rijswijcklaan
652,Jan van Rijswijcklaan 159-171,2023-02-16,09:00:00,12,10,2,FMN 04 Jan Van Rijswijcklaan
652,Jan van Rijswijcklaan 159-171,2023-02-16,10:00:00,88,80,8,FMN 04 Jan Van Rijswijcklaan
652,Jan van Rijswijcklaan 159-171,2023-02-16,11:00:00,68,60,8,FMN 04 Jan Van Rijswijcklaan
652,Jan van Rijswijcklaan 159-171,2023-02-16,12:00:00,133,119,14,FMN 04 Jan Van Rijswijcklaan
652,Jan van Rijswijcklaan 159-171,2023-02-16,13:00:00,93,79,14,FMN 04 Jan Van Rijswijcklaan
652,Jan van Rijswijcklaan 159-171,2023-02-16,14:00:00,106,89,17,FMN 04 Jan Van Rijswijcklaan
652,Jan van Rijswijcklaan 159-171,2023-02-16,15:00:00,210,187,23,FMN 04 Jan Van Rijswijcklaan
652,Jan van Rijswijcklaan 159-171,2023-02-16,16:00:00,251,220,31,FMN 04 Jan Van Rijswijcklaan
652,Jan van Rijswijcklaan 159-171,2023-02-16,17:00:00,235,209,26,FMN 04 Jan Van Rijswijcklaan
652,Jan van Rijswijcklaan 159-171,2023-02-16,18:00:00,187,163,24,FMN 04 Jan Van Rijswijcklaan
652,Jan van Rijswijcklaan 159-171,2023-02-16,19:00:00,134,119,15,FMN 04 Jan Van Rijswijcklaan
652,Jan van Rijswijcklaan 159-171,2023-02-16,20:00:00,85,73,12,FMN 04 Jan Van Rijswijcklaan
652,Jan van Rijswijcklaan 159-171,2023-02-16,21:00:00,53,46,7,FMN 04 Jan Van Rijswijcklaan
652,Jan van Rijswijcklaan 159-171,2023-02-16,22:00:00,81,59,22,FMN 04 Jan Van Rijswijcklaan
652,Jan van Rijswijcklaan 159-171,2023-02-16,23:00:00,34,29,5,FMN 04 Jan Van Rijswijcklaan
652,Jan van Rijswijcklaan 159-171,2023-02-17,00:00:00,34,29,5,FMN 04 Jan Van Rijswijcklaan
652,Jan van Rijswijcklaan 159-171,2023-02-17,01:00:00,12,12,0,FMN 04 Jan Van Rijswijcklaan
652,Jan van Rijswijcklaan 159-171,2023-02-17,02:00:00,1,1,0,FMN 04 Jan Van Rijswijcklaan
652,Jan van Rijswijcklaan 159-171,2023-02-17,03:00:00,10,7,3,FMN 04 Jan Van Rijswijcklaan
652,Jan van Rijswijcklaan 159-171,2023-02-17,04:00:00,1,1,0,FMN 04 Jan Van Rijswijcklaan
652,Jan van Rijswijcklaan 159-171,2023-02-17,05:00:00,0,0,0,FMN 04 Jan Van Rijswijcklaan
652,Jan van Rijswijcklaan 159-171,2023-02-17,06:00:00,0,0,0,FMN 04 Jan Van Rijswijcklaan
652,Jan van Rijswijcklaan 159-171,2023-02-17,07:00:00,0,0,0,FMN 04 Jan Van Rijswijcklaan
652,Jan van Rijswijcklaan 159-171,2023-02-17,08:00:00,0,0,0,FMN 04 Jan Van Rijswijcklaan
652,Jan van Rijswijcklaan 159-171,2023-02-17,09:00:00,93,82,11,FMN 04 Jan Van Rijswijcklaan
652,Jan van Rijswijcklaan 159-171,2023-02-17,10:00:00,105,94,11,FMN 04 Jan Van Rijswijcklaan
652,Jan van Rijswijcklaan 159-171,2023-02-17,11:00:00,93,83,10,FMN 04 Jan Van Rijswijcklaan
652,Jan van Rijswijcklaan 159-171,2023-02-17,12:00:00,126,115,11,FMN 04 Jan Van Rijswijcklaan
652,Jan van Rijswijcklaan 159-171,2023-02-17,13:00:00,112,94,18,FMN 04 Jan Van Rijswijcklaan
652,Jan van Rijswijcklaan 159-171,2023-02-17,14:00:00,128,110,18,FMN 04 Jan Van Rijswijcklaan
652,Jan van Rijswijcklaan 159-171,2023-02-17,15:00:00,201,179,22,FMN 04 Jan Van Rijswijcklaan
652,Jan van Rijswijcklaan 159-171,2023-02-17,16:00:00,235,211,24,FMN 04 Jan Van Rijswijcklaan
652,Jan van Rijswijcklaan 159-171,2023-02-17,17:00:00,201,172,29,FMN 04 Jan Van Rijswijcklaan
652,Jan van Rijswijcklaan 159-171,2023-02-17,18:00:00,189,161,28,FMN 04 Jan Van Rijswijcklaan
652,Jan van Rijswijcklaan 159-171,2023-02-17,19:00:00,136,115,21,FMN 04 Jan Van Rijswijcklaan
652,Jan van Rijswijcklaan 159-171,2023-02-17,20:00:00,116,110,6,FMN 04 Jan Van Rijswijcklaan
652,Jan van Rijswijcklaan 159-171,2023-02-17,21:00:00,77,60,17,FMN 04 Jan Van Rijswijcklaan
652,Jan van Rijswijcklaan 159-171,2023-02-17,22:00:00,60,47,13,FMN 04 Jan Van Rijswijcklaan
652,Jan van Rijswijcklaan 159-171,2023-02-17,23:00:00,35,23,12,FMN 04 Jan Van Rijswijcklaan
652,Jan van Rijswijcklaan 159-171,2023-02-18,00:00:00,25,16,9,FMN 04 Jan Van Rijswijcklaan
652,Jan van Rijswijcklaan 159-171,2023-02-18,01:00:00,12,6,6,FMN 04 Jan Van Rijswijcklaan
652,Jan van Rijswijcklaan 159-171,2023-02-18,02:00:00,10,7,3,FMN 04 Jan Van Rijswijcklaan
652,Jan van Rijswijcklaan 159-171,2023-02-18,03:00:00,12,6,6,FMN 04 Jan Van Rijswijcklaan
652,Jan van Rijswijcklaan 159-171,2023-02-18,04:00:00,0,0,0,FMN 04 Jan Van Rijswijcklaan
652,Jan van Rijswijcklaan 159-171,2023-02-18,05:00:00,0,0,0,FMN 04 Jan Van Rijswijcklaan
652,Jan van Rijswijcklaan 159-171,2023-02-18,06:00:00,0,0,0,FMN 04 Jan Van Rijswijcklaan
652,Jan van Rijswijcklaan 159-171,2023-02-18,07:00:00,0,0,0,FMN 04 Jan Van Rijswijcklaan
652,Jan van Rijswijcklaan 159-171,2023-02-18,08:00:00,3,3,0,FMN 04 Jan Van Rijswijcklaan
652,Jan van Rijswijcklaan 159-171,2023-02-18,09:00:00,69,59,10,FMN 04 Jan Van Rijswijcklaan
652,Jan van Rijswijcklaan 159-171,2023-02-18,10:00:00,81,76,5,FMN 04 Jan Van Rijswijcklaan
652,Jan van Rijswijcklaan 159-171,2023-02-18,11:00:00,77,70,7,FMN 04 Jan Van Rijswijcklaan
652,Jan van Rijswijcklaan 159-171,2023-02-18,12:00:00,109,92,17,FMN 04 Jan Van Rijswijcklaan
652,Jan van Rijswijcklaan 159-171,2023-02-18,13:00:00,112,94,18,FMN 04 Jan Van Rijswijcklaan
652,Jan van Rijswijcklaan 159-171,2023-02-18,14:00:00,118,97,21,FMN 04 Jan Van Rijswijcklaan
652,Jan van Rijswijcklaan 159-171,2023-02-18,15:00:00,93,81,12,FMN 04 Jan Van Rijswijcklaan
652,Jan van Rijswijcklaan 159-171,2023-02-18,16:00:00,90,75,15,FMN 04 Jan Van Rijswijcklaan
652,Jan van Rijswijcklaan 159-171,2023-02-18,17:00:00,110,97,13,FMN 04 Jan Van Rijswijcklaan
652,Jan van Rijswijcklaan 159-171,2023-02-18,18:00:00,82,72,10,FMN 04 Jan Van Rijswijcklaan
652,Jan van Rijswijcklaan 159-171,2023-02-18,19:00:00,79,64,15,FMN 04 Jan Van Rijswijcklaan
652,Jan van Rijswijcklaan 159-171,2023-02-18,20:00:00,68,57,11,FMN 04 Jan Van Rijswijcklaan
652,Jan van Rijswijcklaan 159-171,2023-02-18,21:00:00,32,23,9,FMN 04 Jan Van Rijswijcklaan
652,Jan van Rijswijcklaan 159-171,2023-02-18,22:00:00,39,30,9,FMN 04 Jan Van Rijswijcklaan
652,Jan van Rijswijcklaan 159-171,2023-02-18,23:00:00,27,22,5,FMN 04 Jan Van Rijswijcklaan
652,Jan van Rijswijcklaan 159-171,2023-02-19,00:00:00,22,11,11,FMN 04 Jan Van Rijswijcklaan
652,Jan van Rijswijcklaan 159-171,2023-02-19,01:00:00,16,12,4,FMN 04 Jan Van Rijswijcklaan
652,Jan van Rijswijcklaan 159-171,2023-02-19,02:00:00,9,5,4,FMN 04 Jan Van Rijswijcklaan
652,Jan van Rijswijcklaan 159-171,2023-02-19,03:00:00,2,1,1,FMN 04 Jan Van Rijswijcklaan
652,Jan van Rijswijcklaan 159-171,2023-02-19,04:00:00,6,0,6,FMN 04 Jan Van Rijswijcklaan
652,Jan van Rijswijcklaan 159-171,2023-02-19,05:00:00,7,4,3,FMN 04 Jan Van Rijswijcklaan
652,Jan van Rijswijcklaan 159-171,2023-02-19,06:00:00,1,1,0,FMN 04 Jan Van Rijswijcklaan
652,Jan van Rijswijcklaan 159-171,2023-02-19,07:00:00,0,0,0,FMN 04 Jan Van Rijswijcklaan
652,Jan van Rijswijcklaan 159-171,2023-02-19,08:00:00,0,0,0,FMN 04 Jan Van Rijswijcklaan
652,Jan van Rijswijcklaan 159-171,2023-02-19,09:00:00,79,59,20,FMN 04 Jan Van Rijswijcklaan
652,Jan van Rijswijcklaan 159-171,2023-02-19,10:00:00,87,61,26,FMN 04 Jan Van Rijswijcklaan
652,Jan van Rijswijcklaan 159-171,2023-02-19,11:00:00,115,82,33,FMN 04 Jan Van Rijswijcklaan
652,Jan van Rijswijcklaan 159-171,2023-02-19,12:00:00,116,95,21,FMN 04 Jan Van Rijswijcklaan
652,Jan van Rijswijcklaan 159-171,2023-02-19,13:00:00,115,92,23,FMN 04 Jan Van Rijswijcklaan
652,Jan van Rijswijcklaan 159-171,2023-02-19,14:00:00,131,109,22,FMN 04 Jan Van Rijswijcklaan
652,Jan van Rijswijcklaan 159-171,2023-02-19,15:00:00,79,64,15,FMN 04 Jan Van Rijswijcklaan
652,Jan van Rijswijcklaan 159-171,2023-02-19,16:00:00,70,57,13,FMN 04 Jan Van Rijswijcklaan
652,Jan van Rijswijcklaan 159-171,2023-02-19,17:00:00,77,64,13,FMN 04 Jan Van Rijswijcklaan
652,Jan van Rijswijcklaan 159-171,2023-02-19,18:00:00,68,58,10,FMN 04 Jan Van Rijswijcklaan
652,Jan van Rijswijcklaan 159-171,2023-02-19,19:00:00,41,30,11,FMN 04 Jan Van Rijswijcklaan
652,Jan van Rijswijcklaan 159-171,2023-02-19,20:00:00,51,39,12,FMN 04 Jan Van Rijswijcklaan
652,Jan van Rijswijcklaan 159-171,2023-02-19,21:00:00,36,34,2,FMN 04 Jan Van Rijswijcklaan
652,Jan van Rijswijcklaan 159-171,2023-02-19,22:00:00,34,20,14,FMN 04 Jan Van Rijswijcklaan
652,Jan van Rijswijcklaan 159-171,2023-02-19,23:00:00,11,8,3,FMN 04 Jan Van Rijswijcklaan
652,Jan van Rijswijcklaan 159-171,2023-02-20,00:00:00,3,2,1,FMN 04 Jan Van Rijswijcklaan
652,Jan van Rijswijcklaan 159-171,2023-02-20,01:00:00,13,4,9,FMN 04 Jan Van Rijswijcklaan
652,Jan van Rijswijcklaan 159-171,2023-02-20,02:00:00,5,2,3,FMN 04 Jan Van Rijswijcklaan
652,Jan van Rijswijcklaan 159-171,2023-02-20,03:00:00,3,3,0,FMN 04 Jan Van Rijswijcklaan
652,Jan van Rijswijcklaan 159-171,2023-02-20,04:00:00,7,7,0,FMN 04 Jan Van Rijswijcklaan
652,Jan van Rijswijcklaan 159-171,2023-02-20,05:00:00,22,17,5,FMN 04 Jan Van Rijswijcklaan
652,Jan van Rijswijcklaan 159-171,2023-02-20,06:00:00,68,64,4,FMN 04 Jan Van Rijswijcklaan
652,Jan van Rijswijcklaan 159-171,2023-02-20,07:00:00,141,134,7,FMN 04 Jan Van Rijswijcklaan
652,Jan van Rijswijcklaan 159-171,2023-02-20,08:00:00,245,229,16,FMN 04 Jan Van Rijswijcklaan
652,Jan van Rijswijcklaan 159-171,2023-02-20,09:00:00,109,101,8,FMN 04 Jan Van Rijswijcklaan
652,Jan van Rijswijcklaan 159-171,2023-02-20,10:00:00,78,73,5,FMN 04 Jan Van Rijswijcklaan
652,Jan van Rijswijcklaan 159-171,2023-02-20,11:00:00,78,64,14,FMN 04 Jan Van Rijswijcklaan
652,Jan van Rijswijcklaan 159-171,2023-02-20,12:00:00,81,69,12,FMN 04 Jan Van Rijswijcklaan
652,Jan van Rijswijcklaan 159-171,2023-02-20,13:00:00,95,85,10,FMN 04 Jan Van Rijswijcklaan
652,Jan van Rijswijcklaan 159-171,2023-02-20,14:00:00,86,81,5,FMN 04 Jan Van Rijswijcklaan
652,Jan van Rijswijcklaan 159-171,2023-02-20,15:00:00,92,76,16,FMN 04 Jan Van Rijswijcklaan
652,Jan van Rijswijcklaan 159-171,2023-02-20,16:00:00,177,159,18,FMN 04 Jan Van Rijswijcklaan
652,Jan van Rijswijcklaan 159-171,2023-02-20,17:00:00,180,153,27,FMN 04 Jan Van Rijswijcklaan
652,Jan van Rijswijcklaan 159-171,2023-02-20,18:00:00,150,132,18,FMN 04 Jan Van Rijswijcklaan
652,Jan van Rijswijcklaan 159-171,2023-02-20,19:00:00,79,66,13,FMN 04 Jan Van Rijswijcklaan
652,Jan van Rijswijcklaan 159-171,2023-02-20,20:00:00,69,52,17,FMN 04 Jan Van Rijswijcklaan
652,Jan van Rijswijcklaan 159-171,2023-02-20,21:00:00,44,27,17,FMN 04 Jan Van Rijswijcklaan
652,Jan van Rijswijcklaan 159-171,2023-02-20,22:00:00,61,54,7,FMN 04 Jan Van Rijswijcklaan
652,Jan van Rijswijcklaan 159-171,2023-02-20,23:00:00,40,36,4,FMN 04 Jan Van Rijswijcklaan
652,Jan van Rijswijcklaan 159-171,2023-02-21,00:00:00,13,12,1,FMN 04 Jan Van Rijswijcklaan
652,Jan van Rijswijcklaan 159-171,2023-02-21,01:00:00,2,2,0,FMN 04 Jan Van Rijswijcklaan
652,Jan van Rijswijcklaan 159-171,2023-02-21,02:00:00,1,0,1,FMN 04 Jan Van Rijswijcklaan
652,Jan van Rijswijcklaan 159-171,2023-02-21,03:00:00,3,3,0,FMN 04 Jan Van Rijswijcklaan
652,Jan van Rijswijcklaan 159-171,2023-02-21,04:00:00,12,11,1,FMN 04 Jan Van Rijswijcklaan
652,Jan van Rijswijcklaan 159-171,2023-02-21,05:00:00,21,19,2,FMN 04 Jan Van Rijswijcklaan
652,Jan van Rijswijcklaan 159-171,2023-02-21,06:00:00,2,2,0,FMN 04 Jan Van Rijswijcklaan
652,Jan van Rijswijcklaan 159-171,2023-02-21,07:00:00,0,0,0,FMN 04 Jan Van Rijswijcklaan
652,Jan van Rijswijcklaan 159-171,2023-02-21,08:00:00,0,0,0,FMN 04 Jan Van Rijswijcklaan
652,Jan van Rijswijcklaan 159-171,2023-02-21,09:00:00,28,26,2,FMN 04 Jan Van Rijswijcklaan
652,Jan van Rijswijcklaan 159-171,2023-02-21,10:00:00,92,82,10,FMN 04 Jan Van Rijswijcklaan
652,Jan van Rijswijcklaan 159-171,2023-02-21,11:00:00,86,82,4,FMN 04 Jan Van Rijswijcklaan
652,Jan van Rijswijcklaan 159-171,2023-02-21,12:00:00,111,99,12,FMN 04 Jan Van Rijswijcklaan
652,Jan van Rijswijcklaan 159-171,2023-02-21,13:00:00,87,77,10,FMN 04 Jan Van Rijswijcklaan
652,Jan van Rijswijcklaan 159-171,2023-02-21,14:00:00,78,71,7,FMN 04 Jan Van Rijswijcklaan
652,Jan van Rijswijcklaan 159-171,2023-02-21,15:00:00,108,91,17,FMN 04 Jan Van Rijswijcklaan
652,Jan van Rijswijcklaan 159-171,2023-02-21,16:00:00,143,123,20,FMN 04 Jan Van Rijswijcklaan
652,Jan van Rijswijcklaan 159-171,2023-02-21,17:00:00,195,171,24,FMN 04 Jan Van Rijswijcklaan
652,Jan van Rijswijcklaan 159-171,2023-02-21,18:00:00,193,171,22,FMN 04 Jan Van Rijswijcklaan
652,Jan van Rijswijcklaan 159-171,2023-02-21,19:00:00,84,69,15,FMN 04 Jan Van Rijswijcklaan
652,Jan van Rijswijcklaan 159-171,2023-02-21,20:00:00,77,62,15,FMN 04 Jan Van Rijswijcklaan
652,Jan van Rijswijcklaan 159-171,2023-02-21,21:00:00,44,38,6,FMN 04 Jan Van Rijswijcklaan
652,Jan van Rijswijcklaan 159-171,2023-02-21,22:00:00,64,50,14,FMN 04 Jan Van Rijswijcklaan
652,Jan van Rijswijcklaan 159-171,2023-02-21,23:00:00,31,23,8,FMN 04 Jan Van Rijswijcklaan
652,Jan van Rijswijcklaan 159-171,2023-02-22,00:00:00,22,20,2,FMN 04 Jan Van Rijswijcklaan
652,Jan van Rijswijcklaan 159-171,2023-02-22,01:00:00,9,8,1,FMN 04 Jan Van Rijswijcklaan
652,Jan van Rijswijcklaan 159-171,2023-02-22,02:00:00,6,5,1,FMN 04 Jan Van Rijswijcklaan
652,Jan van Rijswijcklaan 159-171,2023-02-22,03:00:00,7,7,0,FMN 04 Jan Van Rijswijcklaan
652,Jan van Rijswijcklaan 159-171,2023-02-22,04:00:00,0,0,0,FMN 04 Jan Van Rijswijcklaan
652,Jan van Rijswijcklaan 159-171,2023-02-22,05:00:00,0,0,0,FMN 04 Jan Van Rijswijcklaan
652,Jan van Rijswijcklaan 159-171,2023-02-22,06:00:00,0,0,0,FMN 04 Jan Van Rijswijcklaan
652,Jan van Rijswijcklaan 159-171,2023-02-22,07:00:00,0,0,0,FMN 04 Jan Van Rijswijcklaan
652,Jan van Rijswijcklaan 159-171,2023-02-22,08:00:00,94,91,3,FMN 04 Jan Van Rijswijcklaan
652,Jan van Rijswijcklaan 159-171,2023-02-22,09:00:00,115,103,12,FMN 04 Jan Van Rijswijcklaan
652,Jan van Rijswijcklaan 159-171,2023-02-22,10:00:00,70,63,7,FMN 04 Jan Van Rijswijcklaan
652,Jan van Rijswijcklaan 159-171,2023-02-22,11:00:00,63,55,8,FMN 04 Jan Van Rijswijcklaan
652,Jan van Rijswijcklaan 159-171,2023-02-22,12:00:00,103,90,13,FMN 04 Jan Van Rijswijcklaan
652,Jan van Rijswijcklaan 159-171,2023-02-22,13:00:00,82,71,11,FMN 04 Jan Van Rijswijcklaan
652,Jan van Rijswijcklaan 159-171,2023-02-22,14:00:00,85,79,6,FMN 04 Jan Van Rijswijcklaan
652,Jan van Rijswijcklaan 159-171,2023-02-22,15:00:00,102,90,12,FMN 04 Jan Van Rijswijcklaan
652,Jan van Rijswijcklaan 159-171,2023-02-22,16:00:00,157,137,20,FMN 04 Jan Van Rijswijcklaan
652,Jan van Rijswijcklaan 159-171,2023-02-22,17:00:00,207,179,28,FMN 04 Jan Van Rijswijcklaan
652,Jan van Rijswijcklaan 159-171,2023-02-22,18:00:00,134,120,14,FMN 04 Jan Van Rijswijcklaan
652,Jan van Rijswijcklaan 159-171,2023-02-22,19:00:00,90,75,15,FMN 04 Jan Van Rijswijcklaan
652,Jan van Rijswijcklaan 159-171,2023-02-22,20:00:00,71,58,13,FMN 04 Jan Van Rijswijcklaan
652,Jan van Rijswijcklaan 159-171,2023-02-22,21:00:00,43,32,11,FMN 04 Jan Van Rijswijcklaan
652,Jan van Rijswijcklaan 159-171,2023-02-22,22:00:00,45,38,7,FMN 04 Jan Van Rijswijcklaan
652,Jan van Rijswijcklaan 159-171,2023-02-22,23:00:00,21,15,6,FMN 04 Jan Van Rijswijcklaan
652,Jan van Rijswijcklaan 159-171,2023-02-23,00:00:00,7,6,1,FMN 04 Jan Van Rijswijcklaan
652,Jan van Rijswijcklaan 159-171,2023-02-23,01:00:00,7,5,2,FMN 04 Jan Van Rijswijcklaan
652,Jan van Rijswijcklaan 159-171,2023-02-23,02:00:00,7,4,3,FMN 04 Jan Van Rijswijcklaan
652,Jan van Rijswijcklaan 159-171,2023-02-23,03:00:00,9,7,2,FMN 04 Jan Van Rijswijcklaan
652,Jan van Rijswijcklaan 159-171,2023-02-23,04:00:00,0,0,0,FMN 04 Jan Van Rijswijcklaan
652,Jan van Rijswijcklaan 159-171,2023-02-23,05:00:00,0,0,0,FMN 04 Jan Van Rijswijcklaan
652,Jan van Rijswijcklaan 159-171,2023-02-23,06:00:00,0,0,0,FMN 04 Jan Van Rijswijcklaan
652,Jan van Rijswijcklaan 159-171,2023-02-23,07:00:00,0,0,0,FMN 04 Jan Van Rijswijcklaan
652,Jan van Rijswijcklaan 159-171,2023-02-23,08:00:00,0,0,0,FMN 04 Jan Van Rijswijcklaan
652,Jan van Rijswijcklaan 159-171,2023-02-23,09:00:00,61,58,3,FMN 04 Jan Van Rijswijcklaan
652,Jan van Rijswijcklaan 159-171,2023-02-23,10:00:00,64,56,8,FMN 04 Jan Van Rijswijcklaan
652,Jan van Rijswijcklaan 159-171,2023-02-23,11:00:00,76,69,7,FMN 04 Jan Van Rijswijcklaan
652,Jan van Rijswijcklaan 159-171,2023-02-23,12:00:00,98,88,10,FMN 04 Jan Van Rijswijcklaan
652,Jan van Rijswijcklaan 159-171,2023-02-23,13:00:00,106,90,16,FMN 04 Jan Van Rijswijcklaan
652,Jan van Rijswijcklaan 159-171,2023-02-23,14:00:00,98,79,19,FMN 04 Jan Van Rijswijcklaan
652,Jan van Rijswijcklaan 159-171,2023-02-23,15:00:00,100,85,15,FMN 04 Jan Van Rijswijcklaan
652,Jan van Rijswijcklaan 159-171,2023-02-23,16:00:00,177,158,19,FMN 04 Jan Van Rijswijcklaan
652,Jan van Rijswijcklaan 159-171,2023-02-23,17:00:00,212,199,13,FMN 04 Jan Van Rijswijcklaan
652,Jan van Rijswijcklaan 159-171,2023-02-23,18:00:00,158,133,25,FMN 04 Jan Van Rijswijcklaan
652,Jan van Rijswijcklaan 159-171,2023-02-23,19:00:00,126,108,18,FMN 04 Jan Van Rijswijcklaan
652,Jan van Rijswijcklaan 159-171,2023-02-23,20:00:00,67,54,13,FMN 04 Jan Van Rijswijcklaan
652,Jan van Rijswijcklaan 159-171,2023-02-23,21:00:00,42,37,5,FMN 04 Jan Van Rijswijcklaan
652,Jan van Rijswijcklaan 159-171,2023-02-23,22:00:00,63,49,14,FMN 04 Jan Van Rijswijcklaan
652,Jan van Rijswijcklaan 159-171,2023-02-23,23:00:00,43,37,6,FMN 04 Jan Van Rijswijcklaan
652,Jan van Rijswijcklaan 159-171,2023-02-24,00:00:00,24,14,10,FMN 04 Jan Van Rijswijcklaan
652,Jan van Rijswijcklaan 159-171,2023-02-24,01:00:00,13,9,4,FMN 04 Jan Van Rijswijcklaan
652,Jan van Rijswijcklaan 159-171,2023-02-24,02:00:00,0,0,0,FMN 04 Jan Van Rijswijcklaan
652,Jan van Rijswijcklaan 159-171,2023-02-24,03:00:00,0,0,0,FMN 04 Jan Van Rijswijcklaan
652,Jan van Rijswijcklaan 159-171,2023-02-24,04:00:00,0,0,0,FMN 04 Jan Van Rijswijcklaan
652,Jan van Rijswijcklaan 159-171,2023-02-24,05:00:00,0,0,0,FMN 04 Jan Van Rijswijcklaan
652,Jan van Rijswijcklaan 159-171,2023-02-24,06:00:00,0,0,0,FMN 04 Jan Van Rijswijcklaan
652,Jan van Rijswijcklaan 159-171,2023-02-24,07:00:00,0,0,0,FMN 04 Jan Van Rijswijcklaan
652,Jan van Rijswijcklaan 159-171,2023-02-24,08:00:00,96,87,9,FMN 04 Jan Van Rijswijcklaan
652,Jan van Rijswijcklaan 159-171,2023-02-24,09:00:00,99,91,8,FMN 04 Jan Van Rijswijcklaan
652,Jan van Rijswijcklaan 159-171,2023-02-24,10:00:00,72,65,7,FMN 04 Jan Van Rijswijcklaan
652,Jan van Rijswijcklaan 159-171,2023-02-24,11:00:00,86,79,7,FMN 04 Jan Van Rijswijcklaan
652,Jan van Rijswijcklaan 159-171,2023-02-24,12:00:00,87,76,11,FMN 04 Jan Van Rijswijcklaan
652,Jan van Rijswijcklaan 159-171,2023-02-24,13:00:00,91,74,17,FMN 04 Jan Van Rijswijcklaan
652,Jan van Rijswijcklaan 159-171,2023-02-24,14:00:00,76,63,13,FMN 04 Jan Van Rijswijcklaan
652,Jan van Rijswijcklaan 159-171,2023-02-24,15:00:00,113,103,10,FMN 04 Jan Van Rijswijcklaan
652,Jan van Rijswijcklaan 159-171,2023-02-24,16:00:00,134,127,7,FMN 04 Jan Van Rijswijcklaan
652,Jan van Rijswijcklaan 159-171,2023-02-24,17:00:00,170,149,21,FMN 04 Jan Van Rijswijcklaan
652,Jan van Rijswijcklaan 159-171,2023-02-24,18:00:00,138,116,22,FMN 04 Jan Van Rijswijcklaan
652,Jan van Rijswijcklaan 159-171,2023-02-24,19:00:00,116,87,29,FMN 04 Jan Van Rijswijcklaan
652,Jan van Rijswijcklaan 159-171,2023-02-24,20:00:00,79,69,10,FMN 04 Jan Van Rijswijcklaan
652,Jan van Rijswijcklaan 159-171,2023-02-24,21:00:00,55,50,5,FMN 04 Jan Van Rijswijcklaan
652,Jan van Rijswijcklaan 159-171,2023-02-24,22:00:00,46,38,8,FMN 04 Jan Van Rijswijcklaan
652,Jan van Rijswijcklaan 159-171,2023-02-24,23:00:00,27,17,10,FMN 04 Jan Van Rijswijcklaan
652,Jan van Rijswijcklaan 159-171,2023-02-25,00:00:00,21,17,4,FMN 04 Jan Van Rijswijcklaan
652,Jan van Rijswijcklaan 159-171,2023-02-25,01:00:00,20,12,8,FMN 04 Jan Van Rijswijcklaan
652,Jan van Rijswijcklaan 159-171,2023-02-25,02:00:00,20,19,1,FMN 04 Jan Van Rijswijcklaan
652,Jan van Rijswijcklaan 159-171,2023-02-25,03:00:00,19,18,1,FMN 04 Jan Van Rijswijcklaan
652,Jan van Rijswijcklaan 159-171,2023-02-25,04:00:00,0,0,0,FMN 04 Jan Van Rijswijcklaan
652,Jan van Rijswijcklaan 159-171,2023-02-25,05:00:00,0,0,0,FMN 04 Jan Van Rijswijcklaan
652,Jan van Rijswijcklaan 159-171,2023-02-25,06:00:00,0,0,0,FMN 04 Jan Van Rijswijcklaan
652,Jan van Rijswijcklaan 159-171,2023-02-25,07:00:00,0,0,0,FMN 04 Jan Van Rijswijcklaan
652,Jan van Rijswijcklaan 159-171,2023-02-25,08:00:00,24,21,3,FMN 04 Jan Van Rijswijcklaan
652,Jan van Rijswijcklaan 159-171,2023-02-25,09:00:00,85,80,5,FMN 04 Jan Van Rijswijcklaan
652,Jan van Rijswijcklaan 159-171,2023-02-25,10:00:00,91,84,7,FMN 04 Jan Van Rijswijcklaan
652,Jan van Rijswijcklaan 159-171,2023-02-25,11:00:00,76,70,6,FMN 04 Jan Van Rijswijcklaan
652,Jan van Rijswijcklaan 159-171,2023-02-25,12:00:00,75,65,10,FMN 04 Jan Van Rijswijcklaan
652,Jan van Rijswijcklaan 159-171,2023-02-25,13:00:00,79,74,5,FMN 04 Jan Van Rijswijcklaan
652,Jan van Rijswijcklaan 159-171,2023-02-25,14:00:00,74,64,10,FMN 04 Jan Van Rijswijcklaan
652,Jan van Rijswijcklaan 159-171,2023-02-25,15:00:00,78,70,8,FMN 04 Jan Van Rijswijcklaan
652,Jan van Rijswijcklaan 159-171,2023-02-25,16:00:00,73,67,6,FMN 04 Jan Van Rijswijcklaan
652,Jan van Rijswijcklaan 159-171,2023-02-25,17:00:00,89,75,14,FMN 04 Jan Van Rijswijcklaan
652,Jan van Rijswijcklaan 159-171,2023-02-25,18:00:00,108,91,17,FMN 04 Jan Van Rijswijcklaan
652,Jan van Rijswijcklaan 159-171,2023-02-25,19:00:00,57,51,6,FMN 04 Jan Van Rijswijcklaan
652,Jan van Rijswijcklaan 159-171,2023-02-25,20:00:00,67,51,16,FMN 04 Jan Van Rijswijcklaan
652,Jan van Rijswijcklaan 159-171,2023-02-25,21:00:00,34,33,1,FMN 04 Jan Van Rijswijcklaan
652,Jan van Rijswijcklaan 159-171,2023-02-25,22:00:00,36,25,11,FMN 04 Jan Van Rijswijcklaan
652,Jan van Rijswijcklaan 159-171,2023-02-25,23:00:00,36,29,7,FMN 04 Jan Van Rijswijcklaan
652,Jan van Rijswijcklaan 159-171,2023-02-26,00:00:00,25,21,4,FMN 04 Jan Van Rijswijcklaan
652,Jan van Rijswijcklaan 159-171,2023-02-26,01:00:00,27,20,7,FMN 04 Jan Van Rijswijcklaan
652,Jan van Rijswijcklaan 159-171,2023-02-26,02:00:00,14,8,6,FMN 04 Jan Van Rijswijcklaan
652,Jan van Rijswijcklaan 159-171,2023-02-26,03:00:00,9,4,5,FMN 04 Jan Van Rijswijcklaan
652,Jan van Rijswijcklaan 159-171,2023-02-26,04:00:00,0,0,0,FMN 04 Jan Van Rijswijcklaan
652,Jan van Rijswijcklaan 159-171,2023-02-26,05:00:00,0,0,0,FMN 04 Jan Van Rijswijcklaan
652,Jan van Rijswijcklaan 159-171,2023-02-26,06:00:00,0,0,0,FMN 04 Jan Van Rijswijcklaan
652,Jan van Rijswijcklaan 159-171,2023-02-26,07:00:00,0,0,0,FMN 04 Jan Van Rijswijcklaan
652,Jan van Rijswijcklaan 159-171,2023-02-26,08:00:00,17,17,0,FMN 04 Jan Van Rijswijcklaan
652,Jan van Rijswijcklaan 159-171,2023-02-26,09:00:00,73,63,10,FMN 04 Jan Van Rijswijcklaan
652,Jan van Rijswijcklaan 159-171,2023-02-26,10:00:00,59,47,12,FMN 04 Jan Van Rijswijcklaan
652,Jan van Rijswijcklaan 159-171,2023-02-26,11:00:00,69,55,14,FMN 04 Jan Van Rijswijcklaan
652,Jan van Rijswijcklaan 159-171,2023-02-26,12:00:00,89,69,20,FMN 04 Jan Van Rijswijcklaan
652,Jan van Rijswijcklaan 159-171,2023-02-26,13:00:00,93,84,9,FMN 04 Jan Van Rijswijcklaan
652,Jan van Rijswijcklaan 159-171,2023-02-26,14:00:00,85,70,15,FMN 04 Jan Van Rijswijcklaan
652,Jan van Rijswijcklaan 159-171,2023-02-26,15:00:00,60,52,8,FMN 04 Jan Van Rijswijcklaan
652,Jan van Rijswijcklaan 159-171,2023-02-26,16:00:00,68,56,12,FMN 04 Jan Van Rijswijcklaan
652,Jan van Rijswijcklaan 159-171,2023-02-26,17:00:00,65,48,17,FMN 04 Jan Van Rijswijcklaan
652,Jan van Rijswijcklaan 159-171,2023-02-26,18:00:00,104,92,12,FMN 04 Jan Van Rijswijcklaan
652,Jan van Rijswijcklaan 159-171,2023-02-26,19:00:00,47,37,10,FMN 04 Jan Van Rijswijcklaan
652,Jan van Rijswijcklaan 159-171,2023-02-26,20:00:00,45,35,10,FMN 04 Jan Van Rijswijcklaan
652,Jan van Rijswijcklaan 159-171,2023-02-26,21:00:00,31,28,3,FMN 04 Jan Van Rijswijcklaan
652,Jan van Rijswijcklaan 159-171,2023-02-26,22:00:00,31,25,6,FMN 04 Jan Van Rijswijcklaan
652,Jan van Rijswijcklaan 159-171,2023-02-26,23:00:00,5,3,2,FMN 04 Jan Van Rijswijcklaan
652,Jan van Rijswijcklaan 159-171,2023-02-27,00:00:00,12,7,5,FMN 04 Jan Van Rijswijcklaan
652,Jan van Rijswijcklaan 159-171,2023-02-27,01:00:00,3,3,0,FMN 04 Jan Van Rijswijcklaan
652,Jan van Rijswijcklaan 159-171,2023-02-27,02:00:00,1,1,0,FMN 04 Jan Van Rijswijcklaan
652,Jan van Rijswijcklaan 159-171,2023-02-27,03:00:00,4,4,0,FMN 04 Jan Van Rijswijcklaan
652,Jan van Rijswijcklaan 159-171,2023-02-27,04:00:00,16,13,3,FMN 04 Jan Van Rijswijcklaan
652,Jan van Rijswijcklaan 159-171,2023-02-27,05:00:00,12,8,4,FMN 04 Jan Van Rijswijcklaan
652,Jan van Rijswijcklaan 159-171,2023-02-27,06:00:00,0,0,0,FMN 04 Jan Van Rijswijcklaan
652,Jan van Rijswijcklaan 159-171,2023-02-27,07:00:00,0,0,0,FMN 04 Jan Van Rijswijcklaan
652,Jan van Rijswijcklaan 159-171,2023-02-27,08:00:00,173,164,9,FMN 04 Jan Van Rijswijcklaan
652,Jan van Rijswijcklaan 159-171,2023-02-27,09:00:00,136,120,16,FMN 04 Jan Van Rijswijcklaan
652,Jan van Rijswijcklaan 159-171,2023-02-27,10:00:00,107,97,10,FMN 04 Jan Van Rijswijcklaan
652,Jan van Rijswijcklaan 159-171,2023-02-27,11:00:00,88,82,6,FMN 04 Jan Van Rijswijcklaan
652,Jan van Rijswijcklaan 159-171,2023-02-27,12:00:00,123,110,13,FMN 04 Jan Van Rijswijcklaan
652,Jan van Rijswijcklaan 159-171,2023-02-27,13:00:00,128,114,14,FMN 04 Jan Van Rijswijcklaan
652,Jan van Rijswijcklaan 159-171,2023-02-27,14:00:00,101,86,15,FMN 04 Jan Van Rijswijcklaan
652,Jan van Rijswijcklaan 159-171,2023-02-27,15:00:00,223,195,28,FMN 04 Jan Van Rijswijcklaan
652,Jan van Rijswijcklaan 159-171,2023-02-27,16:00:00,249,215,34,FMN 04 Jan Van Rijswijcklaan
652,Jan van Rijswijcklaan 159-171,2023-02-27,17:00:00,255,223,32,FMN 04 Jan Van Rijswijcklaan
652,Jan van Rijswijcklaan 159-171,2023-02-27,18:00:00,183,157,26,FMN 04 Jan Van Rijswijcklaan
652,Jan van Rijswijcklaan 159-171,2023-02-27,19:00:00,111,91,20,FMN 04 Jan Van Rijswijcklaan
652,Jan van Rijswijcklaan 159-171,2023-02-27,20:00:00,70,48,22,FMN 04 Jan Van Rijswijcklaan
652,Jan van Rijswijcklaan 159-171,2023-02-27,21:00:00,54,38,16,FMN 04 Jan Van Rijswijcklaan
652,Jan van Rijswijcklaan 159-171,2023-02-27,22:00:00,54,45,9,FMN 04 Jan Van Rijswijcklaan
652,Jan van Rijswijcklaan 159-171,2023-02-27,23:00:00,30,25,5,FMN 04 Jan Van Rijswijcklaan
652,Jan van Rijswijcklaan 159-171,2023-02-28,00:00:00,11,10,1,FMN 04 Jan Van Rijswijcklaan
652,Jan van Rijswijcklaan 159-171,2023-02-28,01:00:00,8,8,0,FMN 04 Jan Van Rijswijcklaan
652,Jan van Rijswijcklaan 159-171,2023-02-28,02:00:00,6,4,2,FMN 04 Jan Van Rijswijcklaan
652,Jan van Rijswijcklaan 159-171,2023-02-28,03:00:00,1,1,0,FMN 04 Jan Van Rijswijcklaan
652,Jan van Rijswijcklaan 159-171,2023-02-28,04:00:00,0,0,0,FMN 04 Jan Van Rijswijcklaan
652,Jan van Rijswijcklaan 159-171,2023-02-28,05:00:00,0,0,0,FMN 04 Jan Van Rijswijcklaan
652,Jan van Rijswijcklaan 159-171,2023-02-28,06:00:00,0,0,0,FMN 04 Jan Van Rijswijcklaan
652,Jan van Rijswijcklaan 159-171,2023-02-28,07:00:00,0,0,0,FMN 04 Jan Van Rijswijcklaan
652,Jan van Rijswijcklaan 159-171,2023-02-28,08:00:00,166,160,6,FMN 04 Jan Van Rijswijcklaan
652,Jan van Rijswijcklaan 159-171,2023-02-28,09:00:00,151,135,16,FMN 04 Jan Van Rijswijcklaan
652,Jan van Rijswijcklaan 159-171,2023-02-28,10:00:00,83,71,12,FMN 04 Jan Van Rijswijcklaan
652,Jan van Rijswijcklaan 159-171,2023-02-28,11:00:00,75,62,13,FMN 04 Jan Van Rijswijcklaan
652,Jan van Rijswijcklaan 159-171,2023-02-28,12:00:00,126,110,16,FMN 04 Jan Van Rijswijcklaan
652,Jan van Rijswijcklaan 159-171,2023-02-28,13:00:00,126,109,17,FMN 04 Jan Van Rijswijcklaan
652,Jan van Rijswijcklaan 159-171,2023-02-28,14:00:00,116,108,8,FMN 04 Jan Van Rijswijcklaan
652,Jan van Rijswijcklaan 159-171,2023-02-28,15:00:00,196,170,26,FMN 04 Jan Van Rijswijcklaan
652,Jan van Rijswijcklaan 159-171,2023-02-28,16:00:00,282,249,33,FMN 04 Jan Van Rijswijcklaan
652,Jan van Rijswijcklaan 159-171,2023-02-28,17:00:00,246,201,45,FMN 04 Jan Van Rijswijcklaan
652,Jan van Rijswijcklaan 159-171,2023-02-28,18:00:00,195,170,25,FMN 04 Jan Van Rijswijcklaan
652,Jan van Rijswijcklaan 159-171,2023-02-28,19:00:00,131,109,22,FMN 04 Jan Van Rijswijcklaan
652,Jan van Rijswijcklaan 159-171,2023-02-28,20:00:00,106,85,21,FMN 04 Jan Van Rijswijcklaan
652,Jan van Rijswijcklaan 159-171,2023-02-28,21:00:00,71,55,16,FMN 04 Jan Van Rijswijcklaan
652,Jan van Rijswijcklaan 159-171,2023-02-28,22:00:00,83,57,26,FMN 04 Jan Van Rijswijcklaan
652,Jan van Rijswijcklaan 159-171,2023-02-28,23:00:00,23,10,13,FMN 04 Jan Van Rijswijcklaan
652,Jan van Rijswijcklaan 159-171,2023-03-01,00:00:00,4,3,1,FMN 04 Jan Van Rijswijcklaan
652,Jan van Rijswijcklaan 159-171,2023-03-01,01:00:00,7,6,1,FMN 04 Jan Van Rijswijcklaan
652,Jan van Rijswijcklaan 159-171,2023-03-01,02:00:00,1,1,0,FMN 04 Jan Van Rijswijcklaan
652,Jan van Rijswijcklaan 159-171,2023-03-01,03:00:00,5,4,1,FMN 04 Jan Van Rijswijcklaan
652,Jan van Rijswijcklaan 159-171,2023-03-01,04:00:00,10,5,5,FMN 04 Jan Van Rijswijcklaan
652,Jan van Rijswijcklaan 159-171,2023-03-01,05:00:00,29,22,7,FMN 04 Jan Van Rijswijcklaan
652,Jan van Rijswijcklaan 159-171,2023-03-01,06:00:00,18,13,5,FMN 04 Jan Van Rijswijcklaan
652,Jan van Rijswijcklaan 159-171,2023-03-01,07:00:00,0,0,0,FMN 04 Jan Van Rijswijcklaan
652,Jan van Rijswijcklaan 159-171,2023-03-01,08:00:00,265,247,18,FMN 04 Jan Van Rijswijcklaan
652,Jan van Rijswijcklaan 159-171,2023-03-01,09:00:00,132,119,13,FMN 04 Jan Van Rijswijcklaan
652,Jan van Rijswijcklaan 159-171,2023-03-01,10:00:00,94,80,14,FMN 04 Jan Van Rijswijcklaan
652,Jan van Rijswijcklaan 159-171,2023-03-01,11:00:00,95,84,11,FMN 04 Jan Van Rijswijcklaan
652,Jan van Rijswijcklaan 159-171,2023-03-01,12:00:00,303,273,30,FMN 04 Jan Van Rijswijcklaan
652,Jan van Rijswijcklaan 159-171,2023-03-01,13:00:00,134,113,21,FMN 04 Jan Van Rijswijcklaan
652,Jan van Rijswijcklaan 159-171,2023-03-01,14:00:00,139,119,20,FMN 04 Jan Van Rijswijcklaan
652,Jan van Rijswijcklaan 159-171,2023-03-01,15:00:00,128,112,16,FMN 04 Jan Van Rijswijcklaan
652,Jan van Rijswijcklaan 159-171,2023-03-01,16:00:00,195,175,20,FMN 04 Jan Van Rijswijcklaan
652,Jan van Rijswijcklaan 159-171,2023-03-01,17:00:00,246,221,25,FMN 04 Jan Van Rijswijcklaan
652,Jan van Rijswijcklaan 159-171,2023-03-01,18:00:00,219,187,32,FMN 04 Jan Van Rijswijcklaan
652,Jan van Rijswijcklaan 159-171,2023-03-01,19:00:00,157,125,32,FMN 04 Jan Van Rijswijcklaan
652,Jan van Rijswijcklaan 159-171,2023-03-01,20:00:00,100,86,14,FMN 04 Jan Van Rijswijcklaan
652,Jan van Rijswijcklaan 159-171,2023-03-01,21:00:00,60,44,16,FMN 04 Jan Van Rijswijcklaan
652,Jan van Rijswijcklaan 159-171,2023-03-01,22:00:00,56,43,13,FMN 04 Jan Van Rijswijcklaan
652,Jan van Rijswijcklaan 159-171,2023-03-01,23:00:00,12,8,4,FMN 04 Jan Van Rijswijcklaan
652,Jan van Rijswijcklaan 159-171,2023-03-02,00:00:00,6,5,1,FMN 04 Jan Van Rijswijcklaan
652,Jan van Rijswijcklaan 159-171,2023-03-02,01:00:00,6,5,1,FMN 04 Jan Van Rijswijcklaan
652,Jan van Rijswijcklaan 159-171,2023-03-02,02:00:00,2,1,1,FMN 04 Jan Van Rijswijcklaan
652,Jan van Rijswijcklaan 159-171,2023-03-02,03:00:00,3,3,0,FMN 04 Jan Van Rijswijcklaan
652,Jan van Rijswijcklaan 159-171,2023-03-02,04:00:00,10,10,0,FMN 04 Jan Van Rijswijcklaan
652,Jan van Rijswijcklaan 159-171,2023-03-02,05:00:00,26,17,9,FMN 04 Jan Van Rijswijcklaan
652,Jan van Rijswijcklaan 159-171,2023-03-02,06:00:00,16,11,5,FMN 04 Jan Van Rijswijcklaan
652,Jan van Rijswijcklaan 159-171,2023-03-02,07:00:00,0,0,0,FMN 04 Jan Van Rijswijcklaan
652,Jan van Rijswijcklaan 159-171,2023-03-02,08:00:00,332,310,22,FMN 04 Jan Van Rijswijcklaan
652,Jan van Rijswijcklaan 159-171,2023-03-02,09:00:00,125,121,4,FMN 04 Jan Van Rijswijcklaan
652,Jan van Rijswijcklaan 159-171,2023-03-02,10:00:00,95,81,14,FMN 04 Jan Van Rijswijcklaan
652,Jan van Rijswijcklaan 159-171,2023-03-02,11:00:00,99,85,14,FMN 04 Jan Van Rijswijcklaan
652,Jan van Rijswijcklaan 159-171,2023-03-02,12:00:00,123,109,14,FMN 04 Jan Van Rijswijcklaan
652,Jan van Rijswijcklaan 159-171,2023-03-02,13:00:00,115,95,20,FMN 04 Jan Van Rijswijcklaan
652,Jan van Rijswijcklaan 159-171,2023-03-02,14:00:00,107,91,16,FMN 04 Jan Van Rijswijcklaan
652,Jan van Rijswijcklaan 159-171,2023-03-02,15:00:00,211,182,29,FMN 04 Jan Van Rijswijcklaan
652,Jan van Rijswijcklaan 159-171,2023-03-02,16:00:00,255,233,22,FMN 04 Jan Van Rijswijcklaan
652,Jan van Rijswijcklaan 159-171,2023-03-02,17:00:00,251,213,38,FMN 04 Jan Van Rijswijcklaan
652,Jan van Rijswijcklaan 159-171,2023-03-02,18:00:00,175,156,19,FMN 04 Jan Van Rijswijcklaan
652,Jan van Rijswijcklaan 159-171,2023-03-02,19:00:00,129,104,25,FMN 04 Jan Van Rijswijcklaan
652,Jan van Rijswijcklaan 159-171,2023-03-02,20:00:00,105,79,26,FMN 04 Jan Van Rijswijcklaan
652,Jan van Rijswijcklaan 159-171,2023-03-02,21:00:00,110,96,14,FMN 04 Jan Van Rijswijcklaan
652,Jan van Rijswijcklaan 159-171,2023-03-02,22:00:00,77,67,10,FMN 04 Jan Van Rijswijcklaan
652,Jan van Rijswijcklaan 159-171,2023-03-02,23:00:00,51,42,9,FMN 04 Jan Van Rijswijcklaan
652,Jan van Rijswijcklaan 159-171,2023-03-03,00:00:00,26,17,9,FMN 04 Jan Van Rijswijcklaan
652,Jan van Rijswijcklaan 159-171,2023-03-03,01:00:00,10,7,3,FMN 04 Jan Van Rijswijcklaan
652,Jan van Rijswijcklaan 159-171,2023-03-03,02:00:00,1,1,0,FMN 04 Jan Van Rijswijcklaan
652,Jan van Rijswijcklaan 159-171,2023-03-03,03:00:00,7,5,2,FMN 04 Jan Van Rijswijcklaan
652,Jan van Rijswijcklaan 159-171,2023-03-03,04:00:00,13,12,1,FMN 04 Jan Van Rijswijcklaan
652,Jan van Rijswijcklaan 159-171,2023-03-03,05:00:00,17,12,5,FMN 04 Jan Van Rijswijcklaan
652,Jan van Rijswijcklaan 159-171,2023-03-03,06:00:00,64,57,7,FMN 04 Jan Van Rijswijcklaan
652,Jan van Rijswijcklaan 159-171,2023-03-03,07:00:00,174,166,8,FMN 04 Jan Van Rijswijcklaan
652,Jan van Rijswijcklaan 159-171,2023-03-03,08:00:00,409,384,25,FMN 04 Jan Van Rijswijcklaan
652,Jan van Rijswijcklaan 159-171,2023-03-03,09:00:00,149,138,11,FMN 04 Jan Van Rijswijcklaan
652,Jan van Rijswijcklaan 159-171,2023-03-03,10:00:00,81,71,10,FMN 04 Jan Van Rijswijcklaan
652,Jan van Rijswijcklaan 159-171,2023-03-03,11:00:00,60,56,4,FMN 04 Jan Van Rijswijcklaan
652,Jan van Rijswijcklaan 159-171,2023-03-03,12:00:00,115,102,13,FMN 04 Jan Van Rijswijcklaan
652,Jan van Rijswijcklaan 159-171,2023-03-03,13:00:00,114,93,21,FMN 04 Jan Van Rijswijcklaan
652,Jan van Rijswijcklaan 159-171,2023-03-03,14:00:00,107,94,13,FMN 04 Jan Van Rijswijcklaan
652,Jan van Rijswijcklaan 159-171,2023-03-03,15:00:00,193,170,23,FMN 04 Jan Van Rijswijcklaan
652,Jan van Rijswijcklaan 159-171,2023-03-03,16:00:00,249,225,24,FMN 04 Jan Van Rijswijcklaan
652,Jan van Rijswijcklaan 159-171,2023-03-03,17:00:00,224,191,33,FMN 04 Jan Van Rijswijcklaan
652,Jan van Rijswijcklaan 159-171,2023-03-03,18:00:00,217,194,23,FMN 04 Jan Van Rijswijcklaan
652,Jan van Rijswijcklaan 159-171,2023-03-03,19:00:00,184,157,27,FMN 04 Jan Van Rijswijcklaan
652,Jan van Rijswijcklaan 159-171,2023-03-03,20:00:00,182,159,23,FMN 04 Jan Van Rijswijcklaan
652,Jan van Rijswijcklaan 159-171,2023-03-03,21:00:00,82,65,17,FMN 04 Jan Van Rijswijcklaan
652,Jan van Rijswijcklaan 159-171,2023-03-03,22:00:00,84,72,12,FMN 04 Jan Van Rijswijcklaan
652,Jan van Rijswijcklaan 159-171,2023-03-03,23:00:00,63,47,16,FMN 04 Jan Van Rijswijcklaan
652,Jan van Rijswijcklaan 159-171,2023-03-04,00:00:00,48,39,9,FMN 04 Jan Van Rijswijcklaan
652,Jan van Rijswijcklaan 159-171,2023-03-04,01:00:00,43,38,5,FMN 04 Jan Van Rijswijcklaan
652,Jan van Rijswijcklaan 159-171,2023-03-04,02:00:00,21,18,3,FMN 04 Jan Van Rijswijcklaan
652,Jan van Rijswijcklaan 159-171,2023-03-04,03:00:00,8,7,1,FMN 04 Jan Van Rijswijcklaan
652,Jan van Rijswijcklaan 159-171,2023-03-04,04:00:00,13,7,6,FMN 04 Jan Van Rijswijcklaan
652,Jan van Rijswijcklaan 159-171,2023-03-04,05:00:00,7,5,2,FMN 04 Jan Van Rijswijcklaan
652,Jan van Rijswijcklaan 159-171,2023-03-04,06:00:00,13,13,0,FMN 04 Jan Van Rijswijcklaan
652,Jan van Rijswijcklaan 159-171,2023-03-04,07:00:00,26,21,5,FMN 04 Jan Van Rijswijcklaan
652,Jan van Rijswijcklaan 159-171,2023-03-04,08:00:00,40,36,4,FMN 04 Jan Van Rijswijcklaan
652,Jan van Rijswijcklaan 159-171,2023-03-04,09:00:00,96,87,9,FMN 04 Jan Van Rijswijcklaan
652,Jan van Rijswijcklaan 159-171,2023-03-04,10:00:00,94,71,23,FMN 04 Jan Van Rijswijcklaan
652,Jan van Rijswijcklaan 159-171,2023-03-04,11:00:00,116,104,12,FMN 04 Jan Van Rijswijcklaan
652,Jan van Rijswijcklaan 159-171,2023-03-04,12:00:00,130,113,17,FMN 04 Jan Van Rijswijcklaan
652,Jan van Rijswijcklaan 159-171,2023-03-04,13:00:00,121,109,12,FMN 04 Jan Van Rijswijcklaan
652,Jan van Rijswijcklaan 159-171,2023-03-04,14:00:00,76,66,10,FMN 04 Jan Van Rijswijcklaan
652,Jan van Rijswijcklaan 159-171,2023-03-04,15:00:00,92,84,8,FMN 04 Jan Van Rijswijcklaan
652,Jan van Rijswijcklaan 159-171,2023-03-04,16:00:00,97,85,12,FMN 04 Jan Van Rijswijcklaan
652,Jan van Rijswijcklaan 159-171,2023-03-04,17:00:00,112,93,19,FMN 04 Jan Van Rijswijcklaan
652,Jan van Rijswijcklaan 159-171,2023-03-04,18:00:00,109,94,15,FMN 04 Jan Van Rijswijcklaan
652,Jan van Rijswijcklaan 159-171,2023-03-04,19:00:00,82,69,13,FMN 04 Jan Van Rijswijcklaan
652,Jan van Rijswijcklaan 159-171,2023-03-04,20:00:00,61,54,7,FMN 04 Jan Van Rijswijcklaan
652,Jan van Rijswijcklaan 159-171,2023-03-04,21:00:00,49,39,10,FMN 04 Jan Van Rijswijcklaan
652,Jan van Rijswijcklaan 159-171,2023-03-04,22:00:00,40,28,12,FMN 04 Jan Van Rijswijcklaan
652,Jan van Rijswijcklaan 159-171,2023-03-04,23:00:00,34,30,4,FMN 04 Jan Van Rijswijcklaan
652,Jan van Rijswijcklaan 159-171,2023-03-05,00:00:00,34,23,11,FMN 04 Jan Van Rijswijcklaan
652,Jan van Rijswijcklaan 159-171,2023-03-05,01:00:00,15,10,5,FMN 04 Jan Van Rijswijcklaan
652,Jan van Rijswijcklaan 159-171,2023-03-05,02:00:00,16,12,4,FMN 04 Jan Van Rijswijcklaan
652,Jan van Rijswijcklaan 159-171,2023-03-05,03:00:00,3,2,1,FMN 04 Jan Van Rijswijcklaan
652,Jan van Rijswijcklaan 159-171,2023-03-05,04:00:00,4,4,0,FMN 04 Jan Van Rijswijcklaan
652,Jan van Rijswijcklaan 159-171,2023-03-05,05:00:00,7,4,3,FMN 04 Jan Van Rijswijcklaan
652,Jan van Rijswijcklaan 159-171,2023-03-05,06:00:00,2,2,0,FMN 04 Jan Van Rijswijcklaan
652,Jan van Rijswijcklaan 159-171,2023-03-05,07:00:00,0,0,0,FMN 04 Jan Van Rijswijcklaan
652,Jan van Rijswijcklaan 159-171,2023-03-05,08:00:00,10,9,1,FMN 04 Jan Van Rijswijcklaan
652,Jan van Rijswijcklaan 159-171,2023-03-05,09:00:00,58,51,7,FMN 04 Jan Van Rijswijcklaan
652,Jan van Rijswijcklaan 159-171,2023-03-05,10:00:00,52,43,9,FMN 04 Jan Van Rijswijcklaan
652,Jan van Rijswijcklaan 159-171,2023-03-05,11:00:00,74,58,16,FMN 04 Jan Van Rijswijcklaan
652,Jan van Rijswijcklaan 159-171,2023-03-05,12:00:00,68,57,11,FMN 04 Jan Van Rijswijcklaan
652,Jan van Rijswijcklaan 159-171,2023-03-05,13:00:00,68,61,7,FMN 04 Jan Van Rijswijcklaan
652,Jan van Rijswijcklaan 159-171,2023-03-05,14:00:00,71,67,4,FMN 04 Jan Van Rijswijcklaan
652,Jan van Rijswijcklaan 159-171,2023-03-05,15:00:00,48,38,10,FMN 04 Jan Van Rijswijcklaan
652,Jan van Rijswijcklaan 159-171,2023-03-05,16:00:00,62,49,13,FMN 04 Jan Van Rijswijcklaan
652,Jan van Rijswijcklaan 159-171,2023-03-05,17:00:00,67,48,19,FMN 04 Jan Van Rijswijcklaan
652,Jan van Rijswijcklaan 159-171,2023-03-05,18:00:00,49,40,9,FMN 04 Jan Van Rijswijcklaan
652,Jan van Rijswijcklaan 159-171,2023-03-05,19:00:00,48,40,8,FMN 04 Jan Van Rijswijcklaan
652,Jan van Rijswijcklaan 159-171,2023-03-05,20:00:00,47,41,6,FMN 04 Jan Van Rijswijcklaan
652,Jan van Rijswijcklaan 159-171,2023-03-05,21:00:00,28,26,2,FMN 04 Jan Van Rijswijcklaan
652,Jan van Rijswijcklaan 159-171,2023-03-05,22:00:00,28,22,6,FMN 04 Jan Van Rijswijcklaan
652,Jan van Rijswijcklaan 159-171,2023-03-05,23:00:00,8,5,3,FMN 04 Jan Van Rijswijcklaan
652,Jan van Rijswijcklaan 159-171,2023-03-06,00:00:00,5,3,2,FMN 04 Jan Van Rijswijcklaan
652,Jan van Rijswijcklaan 159-171,2023-03-06,01:00:00,0,0,0,FMN 04 Jan Van Rijswijcklaan
652,Jan van Rijswijcklaan 159-171,2023-03-06,02:00:00,0,0,0,FMN 04 Jan Van Rijswijcklaan
652,Jan van Rijswijcklaan 159-171,2023-03-06,03:00:00,2,1,1,FMN 04 Jan Van Rijswijcklaan
652,Jan van Rijswijcklaan 159-171,2023-03-06,04:00:00,6,5,1,FMN 04 Jan Van Rijswijcklaan
652,Jan van Rijswijcklaan 159-171,2023-03-06,05:00:00,20,18,2,FMN 04 Jan Van Rijswijcklaan
652,Jan van Rijswijcklaan 159-171,2023-03-06,06:00:00,2,2,0,FMN 04 Jan Van Rijswijcklaan
652,Jan van Rijswijcklaan 159-171,2023-03-06,07:00:00,0,0,0,FMN 04 Jan Van Rijswijcklaan
652,Jan van Rijswijcklaan 159-171,2023-03-06,08:00:00,361,344,17,FMN 04 Jan Van Rijswijcklaan
652,Jan van Rijswijcklaan 159-171,2023-03-06,09:00:00,144,133,11,FMN 04 Jan Van Rijswijcklaan
652,Jan van Rijswijcklaan 159-171,2023-03-06,10:00:00,74,59,15,FMN 04 Jan Van Rijswijcklaan
652,Jan van Rijswijcklaan 159-171,2023-03-06,11:00:00,70,66,4,FMN 04 Jan Van Rijswijcklaan
652,Jan van Rijswijcklaan 159-171,2023-03-06,12:00:00,126,112,14,FMN 04 Jan Van Rijswijcklaan
652,Jan van Rijswijcklaan 159-171,2023-03-06,13:00:00,141,131,10,FMN 04 Jan Van Rijswijcklaan
652,Jan van Rijswijcklaan 159-171,2023-03-06,14:00:00,100,89,11,FMN 04 Jan Van Rijswijcklaan
652,Jan van Rijswijcklaan 159-171,2023-03-06,15:00:00,207,178,29,FMN 04 Jan Van Rijswijcklaan
652,Jan van Rijswijcklaan 159-171,2023-03-06,16:00:00,287,250,37,FMN 04 Jan Van Rijswijcklaan
652,Jan van Rijswijcklaan 159-171,2023-03-06,17:00:00,252,216,36,FMN 04 Jan Van Rijswijcklaan
652,Jan van Rijswijcklaan 159-171,2023-03-06,18:00:00,124,106,18,FMN 04 Jan Van Rijswijcklaan
652,Jan van Rijswijcklaan 159-171,2023-03-06,19:00:00,87,76,11,FMN 04 Jan Van Rijswijcklaan
652,Jan van Rijswijcklaan 159-171,2023-03-06,20:00:00,61,48,13,FMN 04 Jan Van Rijswijcklaan
652,Jan van Rijswijcklaan 159-171,2023-03-06,21:00:00,45,33,12,FMN 04 Jan Van Rijswijcklaan
652,Jan van Rijswijcklaan 159-171,2023-03-06,22:00:00,52,43,9,FMN 04 Jan Van Rijswijcklaan
652,Jan van Rijswijcklaan 159-171,2023-03-06,23:00:00,11,10,1,FMN 04 Jan Van Rijswijcklaan
652,Jan van Rijswijcklaan 159-171,2023-03-07,00:00:00,8,7,1,FMN 04 Jan Van Rijswijcklaan
652,Jan van Rijswijcklaan 159-171,2023-03-07,01:00:00,4,4,0,FMN 04 Jan Van Rijswijcklaan
652,Jan van Rijswijcklaan 159-171,2023-03-07,02:00:00,0,0,0,FMN 04 Jan Van Rijswijcklaan
652,Jan van Rijswijcklaan 159-171,2023-03-07,03:00:00,1,1,0,FMN 04 Jan Van Rijswijcklaan
652,Jan van Rijswijcklaan 159-171,2023-03-07,04:00:00,8,8,0,FMN 04 Jan Van Rijswijcklaan
652,Jan van Rijswijcklaan 159-171,2023-03-07,05:00:00,18,18,0,FMN 04 Jan Van Rijswijcklaan
652,Jan van Rijswijcklaan 159-171,2023-03-07,06:00:00,0,0,0,FMN 04 Jan Van Rijswijcklaan
652,Jan van Rijswijcklaan 159-171,2023-03-07,07:00:00,0,0,0,FMN 04 Jan Van Rijswijcklaan
652,Jan van Rijswijcklaan 159-171,2023-03-07,08:00:00,0,0,0,FMN 04 Jan Van Rijswijcklaan
652,Jan van Rijswijcklaan 159-171,2023-03-07,09:00:00,27,26,1,FMN 04 Jan Van Rijswijcklaan
652,Jan van Rijswijcklaan 159-171,2023-03-07,10:00:00,63,54,9,FMN 04 Jan Van Rijswijcklaan
652,Jan van Rijswijcklaan 159-171,2023-03-07,11:00:00,66,55,11,FMN 04 Jan Van Rijswijcklaan
652,Jan van Rijswijcklaan 159-171,2023-03-07,12:00:00,87,81,6,FMN 04 Jan Van Rijswijcklaan
652,Jan van Rijswijcklaan 159-171,2023-03-07,13:00:00,79,74,5,FMN 04 Jan Van Rijswijcklaan
652,Jan van Rijswijcklaan 159-171,2023-03-07,14:00:00,73,62,11,FMN 04 Jan Van Rijswijcklaan
652,Jan van Rijswijcklaan 159-171,2023-03-07,15:00:00,136,120,16,FMN 04 Jan Van Rijswijcklaan
652,Jan van Rijswijcklaan 159-171,2023-03-07,16:00:00,206,191,15,FMN 04 Jan Van Rijswijcklaan
652,Jan van Rijswijcklaan 159-171,2023-03-07,17:00:00,183,159,24,FMN 04 Jan Van Rijswijcklaan
652,Jan van Rijswijcklaan 159-171,2023-03-07,18:00:00,155,135,20,FMN 04 Jan Van Rijswijcklaan
652,Jan van Rijswijcklaan 159-171,2023-03-07,19:00:00,83,68,15,FMN 04 Jan Van Rijswijcklaan
652,Jan van Rijswijcklaan 159-171,2023-03-07,20:00:00,75,56,19,FMN 04 Jan Van Rijswijcklaan
652,Jan van Rijswijcklaan 159-171,2023-03-07,21:00:00,56,45,11,FMN 04 Jan Van Rijswijcklaan
652,Jan van Rijswijcklaan 159-171,2023-03-07,22:00:00,54,43,11,FMN 04 Jan Van Rijswijcklaan
652,Jan van Rijswijcklaan 159-171,2023-03-07,23:00:00,24,23,1,FMN 04 Jan Van Rijswijcklaan
652,Jan van Rijswijcklaan 159-171,2023-03-08,00:00:00,8,5,3,FMN 04 Jan Van Rijswijcklaan
652,Jan van Rijswijcklaan 159-171,2023-03-08,01:00:00,5,4,1,FMN 04 Jan Van Rijswijcklaan
652,Jan van Rijswijcklaan 159-171,2023-03-08,02:00:00,1,0,1,FMN 04 Jan Van Rijswijcklaan
652,Jan van Rijswijcklaan 159-171,2023-03-08,03:00:00,9,8,1,FMN 04 Jan Van Rijswijcklaan
652,Jan van Rijswijcklaan 159-171,2023-03-08,04:00:00,10,9,1,FMN 04 Jan Van Rijswijcklaan
652,Jan van Rijswijcklaan 159-171,2023-03-08,05:00:00,12,11,1,FMN 04 Jan Van Rijswijcklaan
652,Jan van Rijswijcklaan 159-171,2023-03-08,06:00:00,0,0,0,FMN 04 Jan Van Rijswijcklaan
652,Jan van Rijswijcklaan 159-171,2023-03-08,07:00:00,0,0,0,FMN 04 Jan Van Rijswijcklaan
652,Jan van Rijswijcklaan 159-171,2023-03-08,08:00:00,0,0,0,FMN 04 Jan Van Rijswijcklaan
652,Jan van Rijswijcklaan 159-171,2023-03-08,09:00:00,19,17,2,FMN 04 Jan Van Rijswijcklaan
652,Jan van Rijswijcklaan 159-171,2023-03-08,10:00:00,52,43,9,FMN 04 Jan Van Rijswijcklaan
652,Jan van Rijswijcklaan 159-171,2023-03-08,11:00:00,58,52,6,FMN 04 Jan Van Rijswijcklaan
652,Jan van Rijswijcklaan 159-171,2023-03-08,12:00:00,166,153,13,FMN 04 Jan Van Rijswijcklaan
652,Jan van Rijswijcklaan 159-171,2023-03-08,13:00:00,100,88,12,FMN 04 Jan Van Rijswijcklaan
652,Jan van Rijswijcklaan 159-171,2023-03-08,14:00:00,75,63,12,FMN 04 Jan Van Rijswijcklaan
652,Jan van Rijswijcklaan 159-171,2023-03-08,15:00:00,81,72,9,FMN 04 Jan Van Rijswijcklaan
652,Jan van Rijswijcklaan 159-171,2023-03-08,16:00:00,128,113,15,FMN 04 Jan Van Rijswijcklaan
652,Jan van Rijswijcklaan 159-171,2023-03-08,17:00:00,163,149,14,FMN 04 Jan Van Rijswijcklaan
652,Jan van Rijswijcklaan 159-171,2023-03-08,18:00:00,102,83,19,FMN 04 Jan Van Rijswijcklaan
652,Jan van Rijswijcklaan 159-171,2023-03-08,19:00:00,67,58,9,FMN 04 Jan Van Rijswijcklaan
652,Jan van Rijswijcklaan 159-171,2023-03-08,20:00:00,71,58,13,FMN 04 Jan Van Rijswijcklaan
652,Jan van Rijswijcklaan 159-171,2023-03-08,21:00:00,43,35,8,FMN 04 Jan Van Rijswijcklaan
652,Jan van Rijswijcklaan 159-171,2023-03-08,22:00:00,35,31,4,FMN 04 Jan Van Rijswijcklaan
652,Jan van Rijswijcklaan 159-171,2023-03-08,23:00:00,29,26,3,FMN 04 Jan Van Rijswijcklaan
652,Jan van Rijswijcklaan 159-171,2023-03-09,00:00:00,10,7,3,FMN 04 Jan Van Rijswijcklaan
652,Jan van Rijswijcklaan 159-171,2023-03-09,01:00:00,2,2,0,FMN 04 Jan Van Rijswijcklaan
652,Jan van Rijswijcklaan 159-171,2023-03-09,02:00:00,1,0,1,FMN 04 Jan Van Rijswijcklaan
652,Jan van Rijswijcklaan 159-171,2023-03-09,03:00:00,4,3,1,FMN 04 Jan Van Rijswijcklaan
652,Jan van Rijswijcklaan 159-171,2023-03-09,04:00:00,0,0,0,FMN 04 Jan Van Rijswijcklaan
652,Jan van Rijswijcklaan 159-171,2023-03-09,05:00:00,0,0,0,FMN 04 Jan Van Rijswijcklaan
652,Jan van Rijswijcklaan 159-171,2023-03-09,06:00:00,0,0,0,FMN 04 Jan Van Rijswijcklaan
652,Jan van Rijswijcklaan 159-171,2023-03-09,07:00:00,0,0,0,FMN 04 Jan Van Rijswijcklaan
652,Jan van Rijswijcklaan 159-171,2023-03-09,08:00:00,89,83,6,FMN 04 Jan Van Rijswijcklaan
652,Jan van Rijswijcklaan 159-171,2023-03-09,09:00:00,118,102,16,FMN 04 Jan Van Rijswijcklaan
652,Jan van Rijswijcklaan 159-171,2023-03-09,10:00:00,88,76,12,FMN 04 Jan Van Rijswijcklaan
652,Jan van Rijswijcklaan 159-171,2023-03-09,11:00:00,58,48,10,FMN 04 Jan Van Rijswijcklaan
652,Jan van Rijswijcklaan 159-171,2023-03-09,12:00:00,89,83,6,FMN 04 Jan Van Rijswijcklaan
652,Jan van Rijswijcklaan 159-171,2023-03-09,13:00:00,92,79,13,FMN 04 Jan Van Rijswijcklaan
652,Jan van Rijswijcklaan 159-171,2023-03-09,14:00:00,81,69,12,FMN 04 Jan Van Rijswijcklaan
652,Jan van Rijswijcklaan 159-171,2023-03-09,15:00:00,154,133,21,FMN 04 Jan Van Rijswijcklaan
652,Jan van Rijswijcklaan 159-171,2023-03-09,16:00:00,213,193,20,FMN 04 Jan Van Rijswijcklaan
652,Jan van Rijswijcklaan 159-171,2023-03-09,17:00:00,180,156,24,FMN 04 Jan Van Rijswijcklaan
652,Jan van Rijswijcklaan 159-171,2023-03-09,18:00:00,142,122,20,FMN 04 Jan Van Rijswijcklaan
652,Jan van Rijswijcklaan 159-171,2023-03-09,19:00:00,104,87,17,FMN 04 Jan Van Rijswijcklaan
652,Jan van Rijswijcklaan 159-171,2023-03-09,20:00:00,80,63,17,FMN 04 Jan Van Rijswijcklaan
652,Jan van Rijswijcklaan 159-171,2023-03-09,21:00:00,41,29,12,FMN 04 Jan Van Rijswijcklaan
652,Jan van Rijswijcklaan 159-171,2023-03-09,22:00:00,49,45,4,FMN 04 Jan Van Rijswijcklaan
652,Jan van Rijswijcklaan 159-171,2023-03-09,23:00:00,22,14,8,FMN 04 Jan Van Rijswijcklaan
652,Jan van Rijswijcklaan 159-171,2023-03-10,00:00:00,11,9,2,FMN 04 Jan Van Rijswijcklaan
652,Jan van Rijswijcklaan 159-171,2023-03-10,01:00:00,8,6,2,FMN 04 Jan Van Rijswijcklaan
652,Jan van Rijswijcklaan 159-171,2023-03-10,02:00:00,2,1,1,FMN 04 Jan Van Rijswijcklaan
652,Jan van Rijswijcklaan 159-171,2023-03-10,03:00:00,5,5,0,FMN 04 Jan Van Rijswijcklaan
652,Jan van Rijswijcklaan 159-171,2023-03-10,04:00:00,0,0,0,FMN 04 Jan Van Rijswijcklaan
652,Jan van Rijswijcklaan 159-171,2023-03-10,05:00:00,0,0,0,FMN 04 Jan Van Rijswijcklaan
652,Jan van Rijswijcklaan 159-171,2023-03-10,06:00:00,0,0,0,FMN 04 Jan Van Rijswijcklaan
652,Jan van Rijswijcklaan 159-171,2023-03-10,07:00:00,111,105,6,FMN 04 Jan Van Rijswijcklaan
652,Jan van Rijswijcklaan 159-171,2023-03-10,08:00:00,363,349,14,FMN 04 Jan Van Rijswijcklaan
652,Jan van Rijswijcklaan 159-171,2023-03-10,09:00:00,124,115,9,FMN 04 Jan Van Rijswijcklaan
652,Jan van Rijswijcklaan 159-171,2023-03-10,10:00:00,66,58,8,FMN 04 Jan Van Rijswijcklaan
652,Jan van Rijswijcklaan 159-171,2023-03-10,11:00:00,67,60,7,FMN 04 Jan Van Rijswijcklaan
652,Jan van Rijswijcklaan 159-171,2023-03-10,12:00:00,107,95,12,FMN 04 Jan Van Rijswijcklaan
652,Jan van Rijswijcklaan 159-171,2023-03-10,13:00:00,90,76,14,FMN 04 Jan Van Rijswijcklaan
652,Jan van Rijswijcklaan 159-171,2023-03-10,14:00:00,100,91,9,FMN 04 Jan Van Rijswijcklaan
652,Jan van Rijswijcklaan 159-171,2023-03-10,15:00:00,156,141,15,FMN 04 Jan Van Rijswijcklaan
652,Jan van Rijswijcklaan 159-171,2023-03-10,16:00:00,219,195,24,FMN 04 Jan Van Rijswijcklaan
652,Jan van Rijswijcklaan 159-171,2023-03-10,17:00:00,191,157,34,FMN 04 Jan Van Rijswijcklaan
652,Jan van Rijswijcklaan 159-171,2023-03-10,18:00:00,146,120,26,FMN 04 Jan Van Rijswijcklaan
652,Jan van Rijswijcklaan 159-171,2023-03-10,19:00:00,148,130,18,FMN 04 Jan Van Rijswijcklaan
652,Jan van Rijswijcklaan 159-171,2023-03-10,20:00:00,96,82,14,FMN 04 Jan Van Rijswijcklaan
652,Jan van Rijswijcklaan 159-171,2023-03-10,21:00:00,68,57,11,FMN 04 Jan Van Rijswijcklaan
652,Jan van Rijswijcklaan 159-171,2023-03-10,22:00:00,95,89,6,FMN 04 Jan Van Rijswijcklaan
652,Jan van Rijswijcklaan 159-171,2023-03-10,23:00:00,46,40,6,FMN 04 Jan Van Rijswijcklaan
652,Jan van Rijswijcklaan 159-171,2023-03-11,00:00:00,25,17,8,FMN 04 Jan Van Rijswijcklaan
652,Jan van Rijswijcklaan 159-171,2023-03-11,01:00:00,7,4,3,FMN 04 Jan Van Rijswijcklaan
652,Jan van Rijswijcklaan 159-171,2023-03-11,02:00:00,9,9,0,FMN 04 Jan Van Rijswijcklaan
652,Jan van Rijswijcklaan 159-171,2023-03-11,03:00:00,8,6,2,FMN 04 Jan Van Rijswijcklaan
652,Jan van Rijswijcklaan 159-171,2023-03-11,04:00:00,6,4,2,FMN 04 Jan Van Rijswijcklaan
652,Jan van Rijswijcklaan 159-171,2023-03-11,05:00:00,12,9,3,FMN 04 Jan Van Rijswijcklaan
652,Jan van Rijswijcklaan 159-171,2023-03-11,06:00:00,4,3,1,FMN 04 Jan Van Rijswijcklaan
652,Jan van Rijswijcklaan 159-171,2023-03-11,07:00:00,5,4,1,FMN 04 Jan Van Rijswijcklaan
652,Jan van Rijswijcklaan 159-171,2023-03-11,08:00:00,43,39,4,FMN 04 Jan Van Rijswijcklaan
652,Jan van Rijswijcklaan 159-171,2023-03-11,09:00:00,115,97,18,FMN 04 Jan Van Rijswijcklaan
652,Jan van Rijswijcklaan 159-171,2023-03-11,10:00:00,106,93,13,FMN 04 Jan Van Rijswijcklaan
652,Jan van Rijswijcklaan 159-171,2023-03-11,11:00:00,99,89,10,FMN 04 Jan Van Rijswijcklaan
652,Jan van Rijswijcklaan 159-171,2023-03-11,12:00:00,133,121,12,FMN 04 Jan Van Rijswijcklaan
652,Jan van Rijswijcklaan 159-171,2023-03-11,13:00:00,142,127,15,FMN 04 Jan Van Rijswijcklaan
652,Jan van Rijswijcklaan 159-171,2023-03-11,14:00:00,120,104,16,FMN 04 Jan Van Rijswijcklaan
652,Jan van Rijswijcklaan 159-171,2023-03-11,15:00:00,50,44,6,FMN 04 Jan Van Rijswijcklaan
652,Jan van Rijswijcklaan 159-171,2023-03-11,16:00:00,80,70,10,FMN 04 Jan Van Rijswijcklaan
652,Jan van Rijswijcklaan 159-171,2023-03-11,17:00:00,113,92,21,FMN 04 Jan Van Rijswijcklaan
652,Jan van Rijswijcklaan 159-171,2023-03-11,18:00:00,101,88,13,FMN 04 Jan Van Rijswijcklaan
652,Jan van Rijswijcklaan 159-171,2023-03-11,19:00:00,104,97,7,FMN 04 Jan Van Rijswijcklaan
652,Jan van Rijswijcklaan 159-171,2023-03-11,20:00:00,50,37,13,FMN 04 Jan Van Rijswijcklaan
652,Jan van Rijswijcklaan 159-171,2023-03-11,21:00:00,40,32,8,FMN 04 Jan Van Rijswijcklaan
652,Jan van Rijswijcklaan 159-171,2023-03-11,22:00:00,33,25,8,FMN 04 Jan Van Rijswijcklaan
652,Jan van Rijswijcklaan 159-171,2023-03-11,23:00:00,29,24,5,FMN 04 Jan Van Rijswijcklaan
652,Jan van Rijswijcklaan 159-171,2023-03-12,00:00:00,30,27,3,FMN 04 Jan Van Rijswijcklaan
652,Jan van Rijswijcklaan 159-171,2023-03-12,01:00:00,18,13,5,FMN 04 Jan Van Rijswijcklaan
652,Jan van Rijswijcklaan 159-171,2023-03-12,02:00:00,11,8,3,FMN 04 Jan Van Rijswijcklaan
652,Jan van Rijswijcklaan 159-171,2023-03-12,03:00:00,10,8,2,FMN 04 Jan Van Rijswijcklaan
652,Jan van Rijswijcklaan 159-171,2023-03-12,04:00:00,6,4,2,FMN 04 Jan Van Rijswijcklaan
652,Jan van Rijswijcklaan 159-171,2023-03-12,05:00:00,15,15,0,FMN 04 Jan Van Rijswijcklaan
652,Jan van Rijswijcklaan 159-171,2023-03-12,06:00:00,16,11,5,FMN 04 Jan Van Rijswijcklaan
652,Jan van Rijswijcklaan 159-171,2023-03-12,07:00:00,14,13,1,FMN 04 Jan Van Rijswijcklaan
652,Jan van Rijswijcklaan 159-171,2023-03-12,08:00:00,22,18,4,FMN 04 Jan Van Rijswijcklaan
652,Jan van Rijswijcklaan 159-171,2023-03-12,09:00:00,54,44,10,FMN 04 Jan Van Rijswijcklaan
652,Jan van Rijswijcklaan 159-171,2023-03-12,10:00:00,73,61,12,FMN 04 Jan Van Rijswijcklaan
652,Jan van Rijswijcklaan 159-171,2023-03-12,11:00:00,76,59,17,FMN 04 Jan Van Rijswijcklaan
652,Jan van Rijswijcklaan 159-171,2023-03-12,12:00:00,99,82,17,FMN 04 Jan Van Rijswijcklaan
652,Jan van Rijswijcklaan 159-171,2023-03-12,13:00:00,103,78,25,FMN 04 Jan Van Rijswijcklaan
652,Jan van Rijswijcklaan 159-171,2023-03-12,14:00:00,97,79,18,FMN 04 Jan Van Rijswijcklaan
652,Jan van Rijswijcklaan 159-171,2023-03-12,15:00:00,101,80,21,FMN 04 Jan Van Rijswijcklaan
652,Jan van Rijswijcklaan 159-171,2023-03-12,16:00:00,60,46,14,FMN 04 Jan Van Rijswijcklaan
652,Jan van Rijswijcklaan 159-171,2023-03-12,17:00:00,79,61,18,FMN 04 Jan Van Rijswijcklaan
652,Jan van Rijswijcklaan 159-171,2023-03-12,18:00:00,67,57,10,FMN 04 Jan Van Rijswijcklaan
652,Jan van Rijswijcklaan 159-171,2023-03-12,19:00:00,50,46,4,FMN 04 Jan Van Rijswijcklaan
652,Jan van Rijswijcklaan 159-171,2023-03-12,20:00:00,58,53,5,FMN 04 Jan Van Rijswijcklaan
652,Jan van Rijswijcklaan 159-171,2023-03-12,21:00:00,39,35,4,FMN 04 Jan Van Rijswijcklaan
652,Jan van Rijswijcklaan 159-171,2023-03-12,22:00:00,24,20,4,FMN 04 Jan Van Rijswijcklaan
652,Jan van Rijswijcklaan 159-171,2023-03-12,23:00:00,24,18,6,FMN 04 Jan Van Rijswijcklaan
652,Jan van Rijswijcklaan 159-171,2023-03-13,00:00:00,8,2,6,FMN 04 Jan Van Rijswijcklaan
652,Jan van Rijswijcklaan 159-171,2023-03-13,01:00:00,8,6,2,FMN 04 Jan Van Rijswijcklaan
652,Jan van Rijswijcklaan 159-171,2023-03-13,02:00:00,1,1,0,FMN 04 Jan Van Rijswijcklaan
652,Jan van Rijswijcklaan 159-171,2023-03-13,03:00:00,4,3,1,FMN 04 Jan Van Rijswijcklaan
652,Jan van Rijswijcklaan 159-171,2023-03-13,04:00:00,8,6,2,FMN 04 Jan Van Rijswijcklaan
652,Jan van Rijswijcklaan 159-171,2023-03-13,05:00:00,22,19,3,FMN 04 Jan Van Rijswijcklaan
652,Jan van Rijswijcklaan 159-171,2023-03-13,06:00:00,56,49,7,FMN 04 Jan Van Rijswijcklaan
652,Jan van Rijswijcklaan 159-171,2023-03-13,07:00:00,202,190,12,FMN 04 Jan Van Rijswijcklaan
652,Jan van Rijswijcklaan 159-171,2023-03-13,08:00:00,412,392,20,FMN 04 Jan Van Rijswijcklaan
652,Jan van Rijswijcklaan 159-171,2023-03-13,09:00:00,138,126,12,FMN 04 Jan Van Rijswijcklaan
652,Jan van Rijswijcklaan 159-171,2023-03-13,10:00:00,87,79,8,FMN 04 Jan Van Rijswijcklaan
652,Jan van Rijswijcklaan 159-171,2023-03-13,11:00:00,69,65,4,FMN 04 Jan Van Rijswijcklaan
652,Jan van Rijswijcklaan 159-171,2023-03-13,12:00:00,135,117,18,FMN 04 Jan Van Rijswijcklaan
652,Jan van Rijswijcklaan 159-171,2023-03-13,13:00:00,101,93,8,FMN 04 Jan Van Rijswijcklaan
652,Jan van Rijswijcklaan 159-171,2023-03-13,14:00:00,110,98,12,FMN 04 Jan Van Rijswijcklaan
652,Jan van Rijswijcklaan 159-171,2023-03-13,15:00:00,195,176,19,FMN 04 Jan Van Rijswijcklaan
652,Jan van Rijswijcklaan 159-171,2023-03-13,16:00:00,252,226,26,FMN 04 Jan Van Rijswijcklaan
652,Jan van Rijswijcklaan 159-171,2023-03-13,17:00:00,236,210,26,FMN 04 Jan Van Rijswijcklaan
652,Jan van Rijswijcklaan 159-171,2023-03-13,18:00:00,168,140,28,FMN 04 Jan Van Rijswijcklaan
652,Jan van Rijswijcklaan 159-171,2023-03-13,19:00:00,109,90,19,FMN 04 Jan Van Rijswijcklaan
652,Jan van Rijswijcklaan 159-171,2023-03-13,20:00:00,71,52,19,FMN 04 Jan Van Rijswijcklaan
652,Jan van Rijswijcklaan 159-171,2023-03-13,21:00:00,75,63,12,FMN 04 Jan Van Rijswijcklaan
652,Jan van Rijswijcklaan 159-171,2023-03-13,22:00:00,74,64,10,FMN 04 Jan Van Rijswijcklaan
652,Jan van Rijswijcklaan 159-171,2023-03-13,23:00:00,49,39,10,FMN 04 Jan Van Rijswijcklaan
652,Jan van Rijswijcklaan 159-171,2023-03-14,00:00:00,14,10,4,FMN 04 Jan Van Rijswijcklaan
652,Jan van Rijswijcklaan 159-171,2023-03-14,01:00:00,7,6,1,FMN 04 Jan Van Rijswijcklaan
652,Jan van Rijswijcklaan 159-171,2023-03-14,02:00:00,7,5,2,FMN 04 Jan Van Rijswijcklaan
652,Jan van Rijswijcklaan 159-171,2023-03-14,03:00:00,3,3,0,FMN 04 Jan Van Rijswijcklaan
652,Jan van Rijswijcklaan 159-171,2023-03-14,04:00:00,8,8,0,FMN 04 Jan Van Rijswijcklaan
652,Jan van Rijswijcklaan 159-171,2023-03-14,05:00:00,20,18,2,FMN 04 Jan Van Rijswijcklaan
652,Jan van Rijswijcklaan 159-171,2023-03-14,06:00:00,54,50,4,FMN 04 Jan Van Rijswijcklaan
652,Jan van Rijswijcklaan 159-171,2023-03-14,07:00:00,185,168,17,FMN 04 Jan Van Rijswijcklaan
652,Jan van Rijswijcklaan 159-171,2023-03-14,08:00:00,336,322,14,FMN 04 Jan Van Rijswijcklaan
652,Jan van Rijswijcklaan 159-171,2023-03-14,09:00:00,112,103,9,FMN 04 Jan Van Rijswijcklaan
652,Jan van Rijswijcklaan 159-171,2023-03-14,10:00:00,64,60,4,FMN 04 Jan Van Rijswijcklaan
652,Jan van Rijswijcklaan 159-171,2023-03-14,11:00:00,52,45,7,FMN 04 Jan Van Rijswijcklaan
652,Jan van Rijswijcklaan 159-171,2023-03-14,12:00:00,80,73,7,FMN 04 Jan Van Rijswijcklaan
652,Jan van Rijswijcklaan 159-171,2023-03-14,13:00:00,93,83,10,FMN 04 Jan Van Rijswijcklaan
652,Jan van Rijswijcklaan 159-171,2023-03-14,14:00:00,115,98,17,FMN 04 Jan Van Rijswijcklaan
652,Jan van Rijswijcklaan 159-171,2023-03-14,15:00:00,195,159,36,FMN 04 Jan Van Rijswijcklaan
652,Jan van Rijswijcklaan 159-171,2023-03-14,16:00:00,223,197,26,FMN 04 Jan Van Rijswijcklaan
652,Jan van Rijswijcklaan 159-171,2023-03-14,17:00:00,240,204,36,FMN 04 Jan Van Rijswijcklaan
652,Jan van Rijswijcklaan 159-171,2023-03-14,18:00:00,169,146,23,FMN 04 Jan Van Rijswijcklaan
652,Jan van Rijswijcklaan 159-171,2023-03-14,19:00:00,143,112,31,FMN 04 Jan Van Rijswijcklaan
652,Jan van Rijswijcklaan 159-171,2023-03-14,20:00:00,104,80,24,FMN 04 Jan Van Rijswijcklaan
652,Jan van Rijswijcklaan 159-171,2023-03-14,21:00:00,61,48,13,FMN 04 Jan Van Rijswijcklaan
652,Jan van Rijswijcklaan 159-171,2023-03-14,22:00:00,73,60,13,FMN 04 Jan Van Rijswijcklaan
652,Jan van Rijswijcklaan 159-171,2023-03-14,23:00:00,22,19,3,FMN 04 Jan Van Rijswijcklaan
652,Jan van Rijswijcklaan 159-171,2023-03-15,00:00:00,12,9,3,FMN 04 Jan Van Rijswijcklaan
652,Jan van Rijswijcklaan 159-171,2023-03-15,01:00:00,4,2,2,FMN 04 Jan Van Rijswijcklaan
652,Jan van Rijswijcklaan 159-171,2023-03-15,02:00:00,1,1,0,FMN 04 Jan Van Rijswijcklaan
652,Jan van Rijswijcklaan 159-171,2023-03-15,03:00:00,3,3,0,FMN 04 Jan Van Rijswijcklaan
652,Jan van Rijswijcklaan 159-171,2023-03-15,04:00:00,9,8,1,FMN 04 Jan Van Rijswijcklaan
652,Jan van Rijswijcklaan 159-171,2023-03-15,05:00:00,30,20,10,FMN 04 Jan Van Rijswijcklaan
652,Jan van Rijswijcklaan 159-171,2023-03-15,06:00:00,74,67,7,FMN 04 Jan Van Rijswijcklaan
652,Jan van Rijswijcklaan 159-171,2023-03-15,07:00:00,209,190,19,FMN 04 Jan Van Rijswijcklaan
652,Jan van Rijswijcklaan 159-171,2023-03-15,08:00:00,407,385,22,FMN 04 Jan Van Rijswijcklaan
652,Jan van Rijswijcklaan 159-171,2023-03-15,09:00:00,147,120,27,FMN 04 Jan Van Rijswijcklaan
652,Jan van Rijswijcklaan 159-171,2023-03-15,10:00:00,106,77,29,FMN 04 Jan Van Rijswijcklaan
652,Jan van Rijswijcklaan 159-171,2023-03-15,11:00:00,117,102,15,FMN 04 Jan Van Rijswijcklaan
652,Jan van Rijswijcklaan 159-171,2023-03-15,12:00:00,323,292,31,FMN 04 Jan Van Rijswijcklaan
652,Jan van Rijswijcklaan 159-171,2023-03-15,13:00:00,160,144,16,FMN 04 Jan Van Rijswijcklaan
652,Jan van Rijswijcklaan 159-171,2023-03-15,14:00:00,166,143,23,FMN 04 Jan Van Rijswijcklaan
652,Jan van Rijswijcklaan 159-171,2023-03-15,15:00:00,165,149,16,FMN 04 Jan Van Rijswijcklaan
652,Jan van Rijswijcklaan 159-171,2023-03-15,16:00:00,234,199,35,FMN 04 Jan Van Rijswijcklaan
652,Jan van Rijswijcklaan 159-171,2023-03-15,17:00:00,234,209,25,FMN 04 Jan Van Rijswijcklaan
652,Jan van Rijswijcklaan 159-171,2023-03-15,18:00:00,228,196,32,FMN 04 Jan Van Rijswijcklaan
652,Jan van Rijswijcklaan 159-171,2023-03-15,19:00:00,156,129,27,FMN 04 Jan Van Rijswijcklaan
652,Jan van Rijswijcklaan 159-171,2023-03-15,20:00:00,116,94,22,FMN 04 Jan Van Rijswijcklaan
652,Jan van Rijswijcklaan 159-171,2023-03-15,21:00:00,68,57,11,FMN 04 Jan Van Rijswijcklaan
652,Jan van Rijswijcklaan 159-171,2023-03-15,22:00:00,52,48,4,FMN 04 Jan Van Rijswijcklaan
652,Jan van Rijswijcklaan 159-171,2023-03-15,23:00:00,27,18,9,FMN 04 Jan Van Rijswijcklaan
652,Jan van Rijswijcklaan 159-171,2023-03-16,00:00:00,10,7,3,FMN 04 Jan Van Rijswijcklaan
652,Jan van Rijswijcklaan 159-171,2023-03-16,01:00:00,7,5,2,FMN 04 Jan Van Rijswijcklaan
652,Jan van Rijswijcklaan 159-171,2023-03-16,02:00:00,4,0,4,FMN 04 Jan Van Rijswijcklaan
652,Jan van Rijswijcklaan 159-171,2023-03-16,03:00:00,9,7,2,FMN 04 Jan Van Rijswijcklaan
652,Jan van Rijswijcklaan 159-171,2023-03-16,04:00:00,10,9,1,FMN 04 Jan Van Rijswijcklaan
652,Jan van Rijswijcklaan 159-171,2023-03-16,05:00:00,19,16,3,FMN 04 Jan Van Rijswijcklaan
652,Jan van Rijswijcklaan 159-171,2023-03-16,06:00:00,63,55,8,FMN 04 Jan Van Rijswijcklaan
652,Jan van Rijswijcklaan 159-171,2023-03-16,07:00:00,223,204,19,FMN 04 Jan Van Rijswijcklaan
652,Jan van Rijswijcklaan 159-171,2023-03-16,08:00:00,451,434,17,FMN 04 Jan Van Rijswijcklaan
652,Jan van Rijswijcklaan 159-171,2023-03-16,09:00:00,162,152,10,FMN 04 Jan Van Rijswijcklaan
652,Jan van Rijswijcklaan 159-171,2023-03-16,10:00:00,93,86,7,FMN 04 Jan Van Rijswijcklaan
652,Jan van Rijswijcklaan 159-171,2023-03-16,11:00:00,106,94,12,FMN 04 Jan Van Rijswijcklaan
652,Jan van Rijswijcklaan 159-171,2023-03-16,12:00:00,158,132,26,FMN 04 Jan Van Rijswijcklaan
652,Jan van Rijswijcklaan 159-171,2023-03-16,13:00:00,123,115,8,FMN 04 Jan Van Rijswijcklaan
652,Jan van Rijswijcklaan 159-171,2023-03-16,14:00:00,113,102,11,FMN 04 Jan Van Rijswijcklaan
652,Jan van Rijswijcklaan 159-171,2023-03-16,15:00:00,206,180,26,FMN 04 Jan Van Rijswijcklaan
652,Jan van Rijswijcklaan 159-171,2023-03-16,16:00:00,298,262,36,FMN 04 Jan Van Rijswijcklaan
652,Jan van Rijswijcklaan 159-171,2023-03-16,17:00:00,250,215,35,FMN 04 Jan Van Rijswijcklaan
652,Jan van Rijswijcklaan 159-171,2023-03-16,18:00:00,223,198,25,FMN 04 Jan Van Rijswijcklaan
652,Jan van Rijswijcklaan 159-171,2023-03-16,19:00:00,166,142,24,FMN 04 Jan Van Rijswijcklaan
652,Jan van Rijswijcklaan 159-171,2023-03-16,20:00:00,106,85,21,FMN 04 Jan Van Rijswijcklaan
652,Jan van Rijswijcklaan 159-171,2023-03-16,21:00:00,80,64,16,FMN 04 Jan Van Rijswijcklaan
652,Jan van Rijswijcklaan 159-171,2023-03-16,22:00:00,97,82,15,FMN 04 Jan Van Rijswijcklaan
652,Jan van Rijswijcklaan 159-171,2023-03-16,23:00:00,52,41,11,FMN 04 Jan Van Rijswijcklaan
652,Jan van Rijswijcklaan 159-171,2023-03-17,00:00:00,18,13,5,FMN 04 Jan Van Rijswijcklaan
652,Jan van Rijswijcklaan 159-171,2023-03-17,01:00:00,6,6,0,FMN 04 Jan Van Rijswijcklaan
652,Jan van Rijswijcklaan 159-171,2023-03-17,02:00:00,1,0,1,FMN 04 Jan Van Rijswijcklaan
652,Jan van Rijswijcklaan 159-171,2023-03-17,03:00:00,5,5,0,FMN 04 Jan Van Rijswijcklaan
652,Jan van Rijswijcklaan 159-171,2023-03-17,04:00:00,12,12,0,FMN 04 Jan Van Rijswijcklaan
652,Jan van Rijswijcklaan 159-171,2023-03-17,05:00:00,30,17,13,FMN 04 Jan Van Rijswijcklaan
652,Jan van Rijswijcklaan 159-171,2023-03-17,06:00:00,62,57,5,FMN 04 Jan Van Rijswijcklaan
652,Jan van Rijswijcklaan 159-171,2023-03-17,07:00:00,201,183,18,FMN 04 Jan Van Rijswijcklaan
652,Jan van Rijswijcklaan 159-171,2023-03-17,08:00:00,398,380,18,FMN 04 Jan Van Rijswijcklaan
652,Jan van Rijswijcklaan 159-171,2023-03-17,09:00:00,142,134,8,FMN 04 Jan Van Rijswijcklaan
652,Jan van Rijswijcklaan 159-171,2023-03-17,10:00:00,80,72,8,FMN 04 Jan Van Rijswijcklaan
652,Jan van Rijswijcklaan 159-171,2023-03-17,11:00:00,83,72,11,FMN 04 Jan Van Rijswijcklaan
652,Jan van Rijswijcklaan 159-171,2023-03-17,12:00:00,164,145,19,FMN 04 Jan Van Rijswijcklaan
652,Jan van Rijswijcklaan 159-171,2023-03-17,13:00:00,120,101,19,FMN 04 Jan Van Rijswijcklaan
652,Jan van Rijswijcklaan 159-171,2023-03-17,14:00:00,123,106,17,FMN 04 Jan Van Rijswijcklaan
652,Jan van Rijswijcklaan 159-171,2023-03-17,15:00:00,230,209,21,FMN 04 Jan Van Rijswijcklaan
652,Jan van Rijswijcklaan 159-171,2023-03-17,16:00:00,288,253,35,FMN 04 Jan Van Rijswijcklaan
652,Jan van Rijswijcklaan 159-171,2023-03-17,17:00:00,249,197,52,FMN 04 Jan Van Rijswijcklaan
652,Jan van Rijswijcklaan 159-171,2023-03-17,18:00:00,213,186,27,FMN 04 Jan Van Rijswijcklaan
652,Jan van Rijswijcklaan 159-171,2023-03-17,19:00:00,188,165,23,FMN 04 Jan Van Rijswijcklaan
652,Jan van Rijswijcklaan 159-171,2023-03-17,20:00:00,173,155,18,FMN 04 Jan Van Rijswijcklaan
652,Jan van Rijswijcklaan 159-171,2023-03-17,21:00:00,84,76,8,FMN 04 Jan Van Rijswijcklaan
652,Jan van Rijswijcklaan 159-171,2023-03-17,22:00:00,48,39,9,FMN 04 Jan Van Rijswijcklaan
652,Jan van Rijswijcklaan 159-171,2023-03-17,23:00:00,67,57,10,FMN 04 Jan Van Rijswijcklaan
652,Jan van Rijswijcklaan 159-171,2023-03-18,00:00:00,42,34,8,FMN 04 Jan Van Rijswijcklaan
652,Jan van Rijswijcklaan 159-171,2023-03-18,01:00:00,26,23,3,FMN 04 Jan Van Rijswijcklaan
652,Jan van Rijswijcklaan 159-171,2023-03-18,02:00:00,13,10,3,FMN 04 Jan Van Rijswijcklaan
652,Jan van Rijswijcklaan 159-171,2023-03-18,03:00:00,4,3,1,FMN 04 Jan Van Rijswijcklaan
652,Jan van Rijswijcklaan 159-171,2023-03-18,04:00:00,6,6,0,FMN 04 Jan Van Rijswijcklaan
652,Jan van Rijswijcklaan 159-171,2023-03-18,05:00:00,9,6,3,FMN 04 Jan Van Rijswijcklaan
652,Jan van Rijswijcklaan 159-171,2023-03-18,06:00:00,14,13,1,FMN 04 Jan Van Rijswijcklaan
652,Jan van Rijswijcklaan 159-171,2023-03-18,07:00:00,25,23,2,FMN 04 Jan Van Rijswijcklaan
652,Jan van Rijswijcklaan 159-171,2023-03-18,08:00:00,46,42,4,FMN 04 Jan Van Rijswijcklaan
652,Jan van Rijswijcklaan 159-171,2023-03-18,09:00:00,116,104,12,FMN 04 Jan Van Rijswijcklaan
652,Jan van Rijswijcklaan 159-171,2023-03-18,10:00:00,116,103,13,FMN 04 Jan Van Rijswijcklaan
652,Jan van Rijswijcklaan 159-171,2023-03-18,11:00:00,105,99,6,FMN 04 Jan Van Rijswijcklaan
652,Jan van Rijswijcklaan 159-171,2023-03-18,12:00:00,104,96,8,FMN 04 Jan Van Rijswijcklaan
652,Jan van Rijswijcklaan 159-171,2023-03-18,13:00:00,135,120,15,FMN 04 Jan Van Rijswijcklaan
652,Jan van Rijswijcklaan 159-171,2023-03-18,14:00:00,111,101,10,FMN 04 Jan Van Rijswijcklaan
652,Jan van Rijswijcklaan 159-171,2023-03-18,15:00:00,97,83,14,FMN 04 Jan Van Rijswijcklaan
652,Jan van Rijswijcklaan 159-171,2023-03-18,16:00:00,97,89,8,FMN 04 Jan Van Rijswijcklaan
652,Jan van Rijswijcklaan 159-171,2023-03-18,17:00:00,117,108,9,FMN 04 Jan Van Rijswijcklaan
652,Jan van Rijswijcklaan 159-171,2023-03-18,18:00:00,120,106,14,FMN 04 Jan Van Rijswijcklaan
652,Jan van Rijswijcklaan 159-171,2023-03-18,19:00:00,92,70,22,FMN 04 Jan Van Rijswijcklaan
652,Jan van Rijswijcklaan 159-171,2023-03-18,20:00:00,81,76,5,FMN 04 Jan Van Rijswijcklaan
652,Jan van Rijswijcklaan 159-171,2023-03-18,21:00:00,61,50,11,FMN 04 Jan Van Rijswijcklaan
652,Jan van Rijswijcklaan 159-171,2023-03-18,22:00:00,43,34,9,FMN 04 Jan Van Rijswijcklaan
652,Jan van Rijswijcklaan 159-171,2023-03-18,23:00:00,30,23,7,FMN 04 Jan Van Rijswijcklaan
652,Jan van Rijswijcklaan 159-171,2023-03-19,00:00:00,30,26,4,FMN 04 Jan Van Rijswijcklaan
652,Jan van Rijswijcklaan 159-171,2023-03-19,01:00:00,25,20,5,FMN 04 Jan Van Rijswijcklaan
652,Jan van Rijswijcklaan 159-171,2023-03-19,02:00:00,15,12,3,FMN 04 Jan Van Rijswijcklaan
652,Jan van Rijswijcklaan 159-171,2023-03-19,03:00:00,6,4,2,FMN 04 Jan Van Rijswijcklaan
652,Jan van Rijswijcklaan 159-171,2023-03-19,04:00:00,6,5,1,FMN 04 Jan Van Rijswijcklaan
652,Jan van Rijswijcklaan 159-171,2023-03-19,05:00:00,9,9,0,FMN 04 Jan Van Rijswijcklaan
652,Jan van Rijswijcklaan 159-171,2023-03-19,06:00:00,9,9,0,FMN 04 Jan Van Rijswijcklaan
652,Jan van Rijswijcklaan 159-171,2023-03-19,07:00:00,18,17,1,FMN 04 Jan Van Rijswijcklaan
652,Jan van Rijswijcklaan 159-171,2023-03-19,08:00:00,38,37,1,FMN 04 Jan Van Rijswijcklaan
652,Jan van Rijswijcklaan 159-171,2023-03-19,09:00:00,71,61,10,FMN 04 Jan Van Rijswijcklaan
652,Jan van Rijswijcklaan 159-171,2023-03-19,10:00:00,71,61,10,FMN 04 Jan Van Rijswijcklaan
652,Jan van Rijswijcklaan 159-171,2023-03-19,11:00:00,66,53,13,FMN 04 Jan Van Rijswijcklaan
652,Jan van Rijswijcklaan 159-171,2023-03-19,12:00:00,88,77,11,FMN 04 Jan Van Rijswijcklaan
652,Jan van Rijswijcklaan 159-171,2023-03-19,13:00:00,89,77,12,FMN 04 Jan Van Rijswijcklaan
652,Jan van Rijswijcklaan 159-171,2023-03-19,14:00:00,80,73,7,FMN 04 Jan Van Rijswijcklaan
652,Jan van Rijswijcklaan 159-171,2023-03-19,15:00:00,68,55,13,FMN 04 Jan Van Rijswijcklaan
652,Jan van Rijswijcklaan 159-171,2023-03-19,16:00:00,74,66,8,FMN 04 Jan Van Rijswijcklaan
652,Jan van Rijswijcklaan 159-171,2023-03-19,17:00:00,77,63,14,FMN 04 Jan Van Rijswijcklaan
652,Jan van Rijswijcklaan 159-171,2023-03-19,18:00:00,79,72,7,FMN 04 Jan Van Rijswijcklaan
652,Jan van Rijswijcklaan 159-171,2023-03-19,19:00:00,47,42,5,FMN 04 Jan Van Rijswijcklaan
652,Jan van Rijswijcklaan 159-171,2023-03-19,20:00:00,51,38,13,FMN 04 Jan Van Rijswijcklaan
652,Jan van Rijswijcklaan 159-171,2023-03-19,21:00:00,34,27,7,FMN 04 Jan Van Rijswijcklaan
652,Jan van Rijswijcklaan 159-171,2023-03-19,22:00:00,29,22,7,FMN 04 Jan Van Rijswijcklaan
652,Jan van Rijswijcklaan 159-171,2023-03-19,23:00:00,15,11,4,FMN 04 Jan Van Rijswijcklaan
652,Jan van Rijswijcklaan 159-171,2023-03-20,00:00:00,10,8,2,FMN 04 Jan Van Rijswijcklaan
652,Jan van Rijswijcklaan 159-171,2023-03-20,01:00:00,3,3,0,FMN 04 Jan Van Rijswijcklaan
652,Jan van Rijswijcklaan 159-171,2023-03-20,02:00:00,2,0,2,FMN 04 Jan Van Rijswijcklaan
652,Jan van Rijswijcklaan 159-171,2023-03-20,03:00:00,3,3,0,FMN 04 Jan Van Rijswijcklaan
652,Jan van Rijswijcklaan 159-171,2023-03-20,04:00:00,10,9,1,FMN 04 Jan Van Rijswijcklaan
652,Jan van Rijswijcklaan 159-171,2023-03-20,05:00:00,24,21,3,FMN 04 Jan Van Rijswijcklaan
652,Jan van Rijswijcklaan 159-171,2023-03-20,06:00:00,64,56,8,FMN 04 Jan Van Rijswijcklaan
652,Jan van Rijswijcklaan 159-171,2023-03-20,07:00:00,217,201,16,FMN 04 Jan Van Rijswijcklaan
652,Jan van Rijswijcklaan 159-171,2023-03-20,08:00:00,454,433,21,FMN 04 Jan Van Rijswijcklaan
652,Jan van Rijswijcklaan 159-171,2023-03-20,09:00:00,151,134,17,FMN 04 Jan Van Rijswijcklaan
652,Jan van Rijswijcklaan 159-171,2023-03-20,10:00:00,122,107,15,FMN 04 Jan Van Rijswijcklaan
652,Jan van Rijswijcklaan 159-171,2023-03-20,11:00:00,88,83,5,FMN 04 Jan Van Rijswijcklaan
652,Jan van Rijswijcklaan 159-171,2023-03-20,12:00:00,125,113,12,FMN 04 Jan Van Rijswijcklaan
652,Jan van Rijswijcklaan 159-171,2023-03-20,13:00:00,122,113,9,FMN 04 Jan Van Rijswijcklaan
652,Jan van Rijswijcklaan 159-171,2023-03-20,14:00:00,108,95,13,FMN 04 Jan Van Rijswijcklaan
652,Jan van Rijswijcklaan 159-171,2023-03-20,15:00:00,173,141,32,FMN 04 Jan Van Rijswijcklaan
652,Jan van Rijswijcklaan 159-171,2023-03-20,16:00:00,237,204,33,FMN 04 Jan Van Rijswijcklaan
652,Jan van Rijswijcklaan 159-171,2023-03-20,17:00:00,250,221,29,FMN 04 Jan Van Rijswijcklaan
652,Jan van Rijswijcklaan 159-171,2023-03-20,18:00:00,194,168,26,FMN 04 Jan Van Rijswijcklaan
652,Jan van Rijswijcklaan 159-171,2023-03-20,19:00:00,101,87,14,FMN 04 Jan Van Rijswijcklaan
652,Jan van Rijswijcklaan 159-171,2023-03-20,20:00:00,73,55,18,FMN 04 Jan Van Rijswijcklaan
652,Jan van Rijswijcklaan 159-171,2023-03-20,21:00:00,74,49,25,FMN 04 Jan Van Rijswijcklaan
652,Jan van Rijswijcklaan 159-171,2023-03-20,22:00:00,74,59,15,FMN 04 Jan Van Rijswijcklaan
652,Jan van Rijswijcklaan 159-171,2023-03-20,23:00:00,20,15,5,FMN 04 Jan Van Rijswijcklaan
652,Jan van Rijswijcklaan 159-171,2023-03-21,00:00:00,7,6,1,FMN 04 Jan Van Rijswijcklaan
652,Jan van Rijswijcklaan 159-171,2023-03-21,01:00:00,9,6,3,FMN 04 Jan Van Rijswijcklaan
652,Jan van Rijswijcklaan 159-171,2023-03-21,02:00:00,2,1,1,FMN 04 Jan Van Rijswijcklaan
652,Jan van Rijswijcklaan 159-171,2023-03-21,03:00:00,6,6,0,FMN 04 Jan Van Rijswijcklaan
652,Jan van Rijswijcklaan 159-171,2023-03-21,04:00:00,7,7,0,FMN 04 Jan Van Rijswijcklaan
652,Jan van Rijswijcklaan 159-171,2023-03-21,05:00:00,18,17,1,FMN 04 Jan Van Rijswijcklaan
652,Jan van Rijswijcklaan 159-171,2023-03-21,06:00:00,62,56,6,FMN 04 Jan Van Rijswijcklaan
652,Jan van Rijswijcklaan 159-171,2023-03-21,07:00:00,214,199,15,FMN 04 Jan Van Rijswijcklaan
652,Jan van Rijswijcklaan 159-171,2023-03-21,08:00:00,446,423,23,FMN 04 Jan Van Rijswijcklaan
652,Jan van Rijswijcklaan 159-171,2023-03-21,09:00:00,147,130,17,FMN 04 Jan Van Rijswijcklaan
652,Jan van Rijswijcklaan 159-171,2023-03-21,10:00:00,140,122,18,FMN 04 Jan Van Rijswijcklaan
652,Jan van Rijswijcklaan 159-171,2023-03-21,11:00:00,95,86,9,FMN 04 Jan Van Rijswijcklaan
652,Jan van Rijswijcklaan 159-171,2023-03-21,12:00:00,148,126,22,FMN 04 Jan Van Rijswijcklaan
652,Jan van Rijswijcklaan 159-171,2023-03-21,13:00:00,125,108,17,FMN 04 Jan Van Rijswijcklaan
652,Jan van Rijswijcklaan 159-171,2023-03-21,14:00:00,108,99,9,FMN 04 Jan Van Rijswijcklaan
652,Jan van Rijswijcklaan 159-171,2023-03-21,15:00:00,175,157,18,FMN 04 Jan Van Rijswijcklaan
652,Jan van Rijswijcklaan 159-171,2023-03-21,16:00:00,229,196,33,FMN 04 Jan Van Rijswijcklaan
652,Jan van Rijswijcklaan 159-171,2023-03-21,17:00:00,256,224,32,FMN 04 Jan Van Rijswijcklaan
652,Jan van Rijswijcklaan 159-171,2023-03-21,18:00:00,151,134,17,FMN 04 Jan Van Rijswijcklaan
652,Jan van Rijswijcklaan 159-171,2023-03-21,19:00:00,124,99,25,FMN 04 Jan Van Rijswijcklaan
652,Jan van Rijswijcklaan 159-171,2023-03-21,20:00:00,94,72,22,FMN 04 Jan Van Rijswijcklaan
652,Jan van Rijswijcklaan 159-171,2023-03-21,21:00:00,70,57,13,FMN 04 Jan Van Rijswijcklaan
652,Jan van Rijswijcklaan 159-171,2023-03-21,22:00:00,75,64,11,FMN 04 Jan Van Rijswijcklaan
652,Jan van Rijswijcklaan 159-171,2023-03-21,23:00:00,26,20,6,FMN 04 Jan Van Rijswijcklaan
652,Jan van Rijswijcklaan 159-171,2023-03-22,00:00:00,11,9,2,FMN 04 Jan Van Rijswijcklaan
652,Jan van Rijswijcklaan 159-171,2023-03-22,01:00:00,9,5,4,FMN 04 Jan Van Rijswijcklaan
652,Jan van Rijswijcklaan 159-171,2023-03-22,02:00:00,2,1,1,FMN 04 Jan Van Rijswijcklaan
652,Jan van Rijswijcklaan 159-171,2023-03-22,03:00:00,8,8,0,FMN 04 Jan Van Rijswijcklaan
652,Jan van Rijswijcklaan 159-171,2023-03-22,04:00:00,14,14,0,FMN 04 Jan Van Rijswijcklaan
652,Jan van Rijswijcklaan 159-171,2023-03-22,05:00:00,19,19,0,FMN 04 Jan Van Rijswijcklaan
652,Jan van Rijswijcklaan 159-171,2023-03-22,06:00:00,64,57,7,FMN 04 Jan Van Rijswijcklaan
652,Jan van Rijswijcklaan 159-171,2023-03-22,07:00:00,199,187,12,FMN 04 Jan Van Rijswijcklaan
652,Jan van Rijswijcklaan 159-171,2023-03-22,08:00:00,430,400,30,FMN 04 Jan Van Rijswijcklaan
652,Jan van Rijswijcklaan 159-171,2023-03-22,09:00:00,128,117,11,FMN 04 Jan Van Rijswijcklaan
652,Jan van Rijswijcklaan 159-171,2023-03-22,10:00:00,147,123,24,FMN 04 Jan Van Rijswijcklaan
652,Jan van Rijswijcklaan 159-171,2023-03-22,11:00:00,101,93,8,FMN 04 Jan Van Rijswijcklaan
652,Jan van Rijswijcklaan 159-171,2023-03-22,12:00:00,257,239,18,FMN 04 Jan Van Rijswijcklaan
652,Jan van Rijswijcklaan 159-171,2023-03-22,13:00:00,130,112,18,FMN 04 Jan Van Rijswijcklaan
652,Jan van Rijswijcklaan 159-171,2023-03-22,14:00:00,119,102,17,FMN 04 Jan Van Rijswijcklaan
652,Jan van Rijswijcklaan 159-171,2023-03-22,15:00:00,142,117,25,FMN 04 Jan Van Rijswijcklaan
652,Jan van Rijswijcklaan 159-171,2023-03-22,16:00:00,180,162,18,FMN 04 Jan Van Rijswijcklaan
652,Jan van Rijswijcklaan 159-171,2023-03-22,17:00:00,189,166,23,FMN 04 Jan Van Rijswijcklaan
652,Jan van Rijswijcklaan 159-171,2023-03-22,18:00:00,199,170,29,FMN 04 Jan Van Rijswijcklaan
652,Jan van Rijswijcklaan 159-171,2023-03-22,19:00:00,109,95,14,FMN 04 Jan Van Rijswijcklaan
652,Jan van Rijswijcklaan 159-171,2023-03-22,20:00:00,81,67,14,FMN 04 Jan Van Rijswijcklaan
652,Jan van Rijswijcklaan 159-171,2023-03-22,21:00:00,66,50,16,FMN 04 Jan Van Rijswijcklaan
652,Jan van Rijswijcklaan 159-171,2023-03-22,22:00:00,61,49,12,FMN 04 Jan Van Rijswijcklaan
652,Jan van Rijswijcklaan 159-171,2023-03-22,23:00:00,23,20,3,FMN 04 Jan Van Rijswijcklaan
652,Jan van Rijswijcklaan 159-171,2023-03-23,00:00:00,10,7,3,FMN 04 Jan Van Rijswijcklaan
652,Jan van Rijswijcklaan 159-171,2023-03-23,01:00:00,5,5,0,FMN 04 Jan Van Rijswijcklaan
652,Jan van Rijswijcklaan 159-171,2023-03-23,02:00:00,2,1,1,FMN 04 Jan Van Rijswijcklaan
652,Jan van Rijswijcklaan 159-171,2023-03-23,03:00:00,3,3,0,FMN 04 Jan Van Rijswijcklaan
652,Jan van Rijswijcklaan 159-171,2023-03-23,04:00:00,15,15,0,FMN 04 Jan Van Rijswijcklaan
652,Jan van Rijswijcklaan 159-171,2023-03-23,05:00:00,22,18,4,FMN 04 Jan Van Rijswijcklaan
652,Jan van Rijswijcklaan 159-171,2023-03-23,06:00:00,65,60,5,FMN 04 Jan Van Rijswijcklaan
652,Jan van Rijswijcklaan 159-171,2023-03-23,07:00:00,172,158,14,FMN 04 Jan Van Rijswijcklaan
652,Jan van Rijswijcklaan 159-171,2023-03-23,08:00:00,352,338,14,FMN 04 Jan Van Rijswijcklaan
652,Jan van Rijswijcklaan 159-171,2023-03-23,09:00:00,130,111,19,FMN 04 Jan Van Rijswijcklaan
652,Jan van Rijswijcklaan 159-171,2023-03-23,10:00:00,103,93,10,FMN 04 Jan Van Rijswijcklaan
652,Jan van Rijswijcklaan 159-171,2023-03-23,11:00:00,95,85,10,FMN 04 Jan Van Rijswijcklaan
652,Jan van Rijswijcklaan 159-171,2023-03-23,12:00:00,135,121,14,FMN 04 Jan Van Rijswijcklaan
652,Jan van Rijswijcklaan 159-171,2023-03-23,13:00:00,120,98,22,FMN 04 Jan Van Rijswijcklaan
652,Jan van Rijswijcklaan 159-171,2023-03-23,14:00:00,72,60,12,FMN 04 Jan Van Rijswijcklaan
652,Jan van Rijswijcklaan 159-171,2023-03-23,15:00:00,151,130,21,FMN 04 Jan Van Rijswijcklaan
652,Jan van Rijswijcklaan 159-171,2023-03-23,16:00:00,239,207,32,FMN 04 Jan Van Rijswijcklaan
652,Jan van Rijswijcklaan 159-171,2023-03-23,17:00:00,209,187,22,FMN 04 Jan Van Rijswijcklaan
652,Jan van Rijswijcklaan 159-171,2023-03-23,18:00:00,190,166,24,FMN 04 Jan Van Rijswijcklaan
652,Jan van Rijswijcklaan 159-171,2023-03-23,19:00:00,132,114,18,FMN 04 Jan Van Rijswijcklaan
652,Jan van Rijswijcklaan 159-171,2023-03-23,20:00:00,96,74,22,FMN 04 Jan Van Rijswijcklaan
652,Jan van Rijswijcklaan 159-171,2023-03-23,21:00:00,54,40,14,FMN 04 Jan Van Rijswijcklaan
652,Jan van Rijswijcklaan 159-171,2023-03-23,22:00:00,58,50,8,FMN 04 Jan Van Rijswijcklaan
652,Jan van Rijswijcklaan 159-171,2023-03-23,23:00:00,50,35,15,FMN 04 Jan Van Rijswijcklaan
652,Jan van Rijswijcklaan 159-171,2023-03-24,00:00:00,15,11,4,FMN 04 Jan Van Rijswijcklaan
652,Jan van Rijswijcklaan 159-171,2023-03-24,01:00:00,7,4,3,FMN 04 Jan Van Rijswijcklaan
652,Jan van Rijswijcklaan 159-171,2023-03-24,02:00:00,3,3,0,FMN 04 Jan Van Rijswijcklaan
652,Jan van Rijswijcklaan 159-171,2023-03-24,03:00:00,9,6,3,FMN 04 Jan Van Rijswijcklaan
652,Jan van Rijswijcklaan 159-171,2023-03-24,04:00:00,13,11,2,FMN 04 Jan Van Rijswijcklaan
652,Jan van Rijswijcklaan 159-171,2023-03-24,05:00:00,18,14,4,FMN 04 Jan Van Rijswijcklaan
652,Jan van Rijswijcklaan 159-171,2023-03-24,06:00:00,56,49,7,FMN 04 Jan Van Rijswijcklaan
652,Jan van Rijswijcklaan 159-171,2023-03-24,07:00:00,200,190,10,FMN 04 Jan Van Rijswijcklaan
652,Jan van Rijswijcklaan 159-171,2023-03-24,08:00:00,352,336,16,FMN 04 Jan Van Rijswijcklaan
652,Jan van Rijswijcklaan 159-171,2023-03-24,09:00:00,136,123,13,FMN 04 Jan Van Rijswijcklaan
652,Jan van Rijswijcklaan 159-171,2023-03-24,10:00:00,96,88,8,FMN 04 Jan Van Rijswijcklaan
652,Jan van Rijswijcklaan 159-171,2023-03-24,11:00:00,84,73,11,FMN 04 Jan Van Rijswijcklaan
652,Jan van Rijswijcklaan 159-171,2023-03-24,12:00:00,116,102,14,FMN 04 Jan Van Rijswijcklaan
652,Jan van Rijswijcklaan 159-171,2023-03-24,13:00:00,101,89,12,FMN 04 Jan Van Rijswijcklaan
652,Jan van Rijswijcklaan 159-171,2023-03-24,14:00:00,106,88,18,FMN 04 Jan Van Rijswijcklaan
652,Jan van Rijswijcklaan 159-171,2023-03-24,15:00:00,128,116,12,FMN 04 Jan Van Rijswijcklaan
652,Jan van Rijswijcklaan 159-171,2023-03-24,16:00:00,234,208,26,FMN 04 Jan Van Rijswijcklaan
652,Jan van Rijswijcklaan 159-171,2023-03-24,17:00:00,212,179,33,FMN 04 Jan Van Rijswijcklaan
652,Jan van Rijswijcklaan 159-171,2023-03-24,18:00:00,184,158,26,FMN 04 Jan Van Rijswijcklaan
652,Jan van Rijswijcklaan 159-171,2023-03-24,19:00:00,146,133,13,FMN 04 Jan Van Rijswijcklaan
652,Jan van Rijswijcklaan 159-171,2023-03-24,20:00:00,117,111,6,FMN 04 Jan Van Rijswijcklaan
652,Jan van Rijswijcklaan 159-171,2023-03-24,21:00:00,86,65,21,FMN 04 Jan Van Rijswijcklaan
652,Jan van Rijswijcklaan 159-171,2023-03-24,22:00:00,66,54,12,FMN 04 Jan Van Rijswijcklaan
652,Jan van Rijswijcklaan 159-171,2023-03-24,23:00:00,57,48,9,FMN 04 Jan Van Rijswijcklaan
652,Jan van Rijswijcklaan 159-171,2023-03-25,00:00:00,25,16,9,FMN 04 Jan Van Rijswijcklaan
652,Jan van Rijswijcklaan 159-171,2023-03-25,01:00:00,18,12,6,FMN 04 Jan Van Rijswijcklaan
652,Jan van Rijswijcklaan 159-171,2023-03-25,02:00:00,12,6,6,FMN 04 Jan Van Rijswijcklaan
652,Jan van Rijswijcklaan 159-171,2023-03-25,03:00:00,4,4,0,FMN 04 Jan Van Rijswijcklaan
652,Jan van Rijswijcklaan 159-171,2023-03-25,04:00:00,6,6,0,FMN 04 Jan Van Rijswijcklaan
652,Jan van Rijswijcklaan 159-171,2023-03-25,05:00:00,8,6,2,FMN 04 Jan Van Rijswijcklaan
652,Jan van Rijswijcklaan 159-171,2023-03-25,06:00:00,16,15,1,FMN 04 Jan Van Rijswijcklaan
652,Jan van Rijswijcklaan 159-171,2023-03-25,07:00:00,23,23,0,FMN 04 Jan Van Rijswijcklaan
652,Jan van Rijswijcklaan 159-171,2023-03-25,08:00:00,37,27,10,FMN 04 Jan Van Rijswijcklaan
652,Jan van Rijswijcklaan 159-171,2023-03-25,09:00:00,81,72,9,FMN 04 Jan Van Rijswijcklaan
652,Jan van Rijswijcklaan 159-171,2023-03-25,10:00:00,63,57,6,FMN 04 Jan Van Rijswijcklaan
652,Jan van Rijswijcklaan 159-171,2023-03-25,11:00:00,108,93,15,FMN 04 Jan Van Rijswijcklaan
652,Jan van Rijswijcklaan 159-171,2023-03-25,12:00:00,105,80,25,FMN 04 Jan Van Rijswijcklaan
652,Jan van Rijswijcklaan 159-171,2023-03-25,13:00:00,106,93,13,FMN 04 Jan Van Rijswijcklaan
652,Jan van Rijswijcklaan 159-171,2023-03-25,14:00:00,79,68,11,FMN 04 Jan Van Rijswijcklaan
652,Jan van Rijswijcklaan 159-171,2023-03-25,15:00:00,66,57,9,FMN 04 Jan Van Rijswijcklaan
652,Jan van Rijswijcklaan 159-171,2023-03-25,16:00:00,66,59,7,FMN 04 Jan Van Rijswijcklaan
652,Jan van Rijswijcklaan 159-171,2023-03-25,17:00:00,82,74,8,FMN 04 Jan Van Rijswijcklaan
652,Jan van Rijswijcklaan 159-171,2023-03-25,18:00:00,87,69,18,FMN 04 Jan Van Rijswijcklaan
652,Jan van Rijswijcklaan 159-171,2023-03-25,19:00:00,68,63,5,FMN 04 Jan Van Rijswijcklaan
652,Jan van Rijswijcklaan 159-171,2023-03-25,20:00:00,60,52,8,FMN 04 Jan Van Rijswijcklaan
652,Jan van Rijswijcklaan 159-171,2023-03-25,21:00:00,42,31,11,FMN 04 Jan Van Rijswijcklaan
652,Jan van Rijswijcklaan 159-171,2023-03-25,22:00:00,29,22,7,FMN 04 Jan Van Rijswijcklaan
652,Jan van Rijswijcklaan 159-171,2023-03-25,23:00:00,36,30,6,FMN 04 Jan Van Rijswijcklaan
652,Jan van Rijswijcklaan 159-171,2023-03-26,00:00:00,26,21,5,FMN 04 Jan Van Rijswijcklaan
652,Jan van Rijswijcklaan 159-171,2023-03-26,01:00:00,17,11,6,FMN 04 Jan Van Rijswijcklaan
652,Jan van Rijswijcklaan 159-171,2023-03-26,02:00:00,0,0,0,FMN 04 Jan Van Rijswijcklaan
652,Jan van Rijswijcklaan 159-171,2023-03-26,03:00:00,12,8,4,FMN 04 Jan Van Rijswijcklaan
652,Jan van Rijswijcklaan 159-171,2023-03-26,04:00:00,7,4,3,FMN 04 Jan Van Rijswijcklaan
652,Jan van Rijswijcklaan 159-171,2023-03-26,05:00:00,7,4,3,FMN 04 Jan Van Rijswijcklaan
652,Jan van Rijswijcklaan 159-171,2023-03-26,06:00:00,17,15,2,FMN 04 Jan Van Rijswijcklaan
652,Jan van Rijswijcklaan 159-171,2023-03-26,07:00:00,12,10,2,FMN 04 Jan Van Rijswijcklaan
652,Jan van Rijswijcklaan 159-171,2023-03-26,08:00:00,9,9,0,FMN 04 Jan Van Rijswijcklaan
652,Jan van Rijswijcklaan 159-171,2023-03-26,09:00:00,39,34,5,FMN 04 Jan Van Rijswijcklaan
652,Jan van Rijswijcklaan 159-171,2023-03-26,10:00:00,41,27,14,FMN 04 Jan Van Rijswijcklaan
652,Jan van Rijswijcklaan 159-171,2023-03-26,11:00:00,42,30,12,FMN 04 Jan Van Rijswijcklaan
652,Jan van Rijswijcklaan 159-171,2023-03-26,12:00:00,57,45,12,FMN 04 Jan Van Rijswijcklaan
652,Jan van Rijswijcklaan 159-171,2023-03-26,13:00:00,63,54,9,FMN 04 Jan Van Rijswijcklaan
652,Jan van Rijswijcklaan 159-171,2023-03-26,14:00:00,71,60,11,FMN 04 Jan Van Rijswijcklaan
652,Jan van Rijswijcklaan 159-171,2023-03-26,15:00:00,70,55,15,FMN 04 Jan Van Rijswijcklaan
652,Jan van Rijswijcklaan 159-171,2023-03-26,16:00:00,60,52,8,FMN 04 Jan Van Rijswijcklaan
652,Jan van Rijswijcklaan 159-171,2023-03-26,17:00:00,56,44,12,FMN 04 Jan Van Rijswijcklaan
652,Jan van Rijswijcklaan 159-171,2023-03-26,18:00:00,45,36,9,FMN 04 Jan Van Rijswijcklaan
652,Jan van Rijswijcklaan 159-171,2023-03-26,19:00:00,45,39,6,FMN 04 Jan Van Rijswijcklaan
652,Jan van Rijswijcklaan 159-171,2023-03-26,20:00:00,54,49,5,FMN 04 Jan Van Rijswijcklaan
652,Jan van Rijswijcklaan 159-171,2023-03-26,21:00:00,24,21,3,FMN 04 Jan Van Rijswijcklaan
652,Jan van Rijswijcklaan 159-171,2023-03-26,22:00:00,19,12,7,FMN 04 Jan Van Rijswijcklaan
652,Jan van Rijswijcklaan 159-171,2023-03-26,23:00:00,9,8,1,FMN 04 Jan Van Rijswijcklaan
652,Jan van Rijswijcklaan 159-171,2023-03-27,00:00:00,8,7,1,FMN 04 Jan Van Rijswijcklaan
652,Jan van Rijswijcklaan 159-171,2023-03-27,01:00:00,7,5,2,FMN 04 Jan Van Rijswijcklaan
652,Jan van Rijswijcklaan 159-171,2023-03-27,02:00:00,0,0,0,FMN 04 Jan Van Rijswijcklaan
652,Jan van Rijswijcklaan 159-171,2023-03-27,03:00:00,3,2,1,FMN 04 Jan Van Rijswijcklaan
652,Jan van Rijswijcklaan 159-171,2023-03-27,04:00:00,8,8,0,FMN 04 Jan Van Rijswijcklaan
652,Jan van Rijswijcklaan 159-171,2023-03-27,05:00:00,26,24,2,FMN 04 Jan Van Rijswijcklaan
652,Jan van Rijswijcklaan 159-171,2023-03-27,06:00:00,56,53,3,FMN 04 Jan Van Rijswijcklaan
652,Jan van Rijswijcklaan 159-171,2023-03-27,07:00:00,187,175,12,FMN 04 Jan Van Rijswijcklaan
652,Jan van Rijswijcklaan 159-171,2023-03-27,08:00:00,405,381,24,FMN 04 Jan Van Rijswijcklaan
652,Jan van Rijswijcklaan 159-171,2023-03-27,09:00:00,128,118,10,FMN 04 Jan Van Rijswijcklaan
652,Jan van Rijswijcklaan 159-171,2023-03-27,10:00:00,118,107,11,FMN 04 Jan Van Rijswijcklaan
652,Jan van Rijswijcklaan 159-171,2023-03-27,11:00:00,70,61,9,FMN 04 Jan Van Rijswijcklaan
652,Jan van Rijswijcklaan 159-171,2023-03-27,12:00:00,87,71,16,FMN 04 Jan Van Rijswijcklaan
652,Jan van Rijswijcklaan 159-171,2023-03-27,13:00:00,105,91,14,FMN 04 Jan Van Rijswijcklaan
652,Jan van Rijswijcklaan 159-171,2023-03-27,14:00:00,99,89,10,FMN 04 Jan Van Rijswijcklaan
652,Jan van Rijswijcklaan 159-171,2023-03-27,15:00:00,169,152,17,FMN 04 Jan Van Rijswijcklaan
652,Jan van Rijswijcklaan 159-171,2023-03-27,16:00:00,237,206,31,FMN 04 Jan Van Rijswijcklaan
652,Jan van Rijswijcklaan 159-171,2023-03-27,17:00:00,232,199,33,FMN 04 Jan Van Rijswijcklaan
652,Jan van Rijswijcklaan 159-171,2023-03-27,18:00:00,180,149,31,FMN 04 Jan Van Rijswijcklaan
652,Jan van Rijswijcklaan 159-171,2023-03-27,19:00:00,114,88,26,FMN 04 Jan Van Rijswijcklaan
652,Jan van Rijswijcklaan 159-171,2023-03-27,20:00:00,78,64,14,FMN 04 Jan Van Rijswijcklaan
652,Jan van Rijswijcklaan 159-171,2023-03-27,21:00:00,53,39,14,FMN 04 Jan Van Rijswijcklaan
652,Jan van Rijswijcklaan 159-171,2023-03-27,22:00:00,49,42,7,FMN 04 Jan Van Rijswijcklaan
652,Jan van Rijswijcklaan 159-171,2023-03-27,23:00:00,29,26,3,FMN 04 Jan Van Rijswijcklaan
652,Jan van Rijswijcklaan 159-171,2023-03-28,00:00:00,17,16,1,FMN 04 Jan Van Rijswijcklaan
652,Jan van Rijswijcklaan 159-171,2023-03-28,01:00:00,4,3,1,FMN 04 Jan Van Rijswijcklaan
652,Jan van Rijswijcklaan 159-171,2023-03-28,02:00:00,1,0,1,FMN 04 Jan Van Rijswijcklaan
652,Jan van Rijswijcklaan 159-171,2023-03-28,03:00:00,5,5,0,FMN 04 Jan Van Rijswijcklaan
652,Jan van Rijswijcklaan 159-171,2023-03-28,04:00:00,10,10,0,FMN 04 Jan Van Rijswijcklaan
652,Jan van Rijswijcklaan 159-171,2023-03-28,05:00:00,25,23,2,FMN 04 Jan Van Rijswijcklaan
652,Jan van Rijswijcklaan 159-171,2023-03-28,06:00:00,91,58,33,FMN 04 Jan Van Rijswijcklaan
652,Jan van Rijswijcklaan 159-171,2023-03-28,07:00:00,250,208,42,FMN 04 Jan Van Rijswijcklaan
652,Jan van Rijswijcklaan 159-171,2023-03-28,08:00:00,436,411,25,FMN 04 Jan Van Rijswijcklaan
652,Jan van Rijswijcklaan 159-171,2023-03-28,09:00:00,159,143,16,FMN 04 Jan Van Rijswijcklaan
652,Jan van Rijswijcklaan 159-171,2023-03-28,10:00:00,99,86,13,FMN 04 Jan Van Rijswijcklaan
652,Jan van Rijswijcklaan 159-171,2023-03-28,11:00:00,76,69,7,FMN 04 Jan Van Rijswijcklaan
652,Jan van Rijswijcklaan 159-171,2023-03-28,12:00:00,172,154,18,FMN 04 Jan Van Rijswijcklaan
652,Jan van Rijswijcklaan 159-171,2023-03-28,13:00:00,100,89,11,FMN 04 Jan Van Rijswijcklaan
652,Jan van Rijswijcklaan 159-171,2023-03-28,14:00:00,113,97,16,FMN 04 Jan Van Rijswijcklaan
652,Jan van Rijswijcklaan 159-171,2023-03-28,15:00:00,154,132,22,FMN 04 Jan Van Rijswijcklaan
652,Jan van Rijswijcklaan 159-171,2023-03-28,16:00:00,269,245,24,FMN 04 Jan Van Rijswijcklaan
652,Jan van Rijswijcklaan 159-171,2023-03-28,17:00:00,249,213,36,FMN 04 Jan Van Rijswijcklaan
652,Jan van Rijswijcklaan 159-171,2023-03-28,18:00:00,180,155,25,FMN 04 Jan Van Rijswijcklaan
652,Jan van Rijswijcklaan 159-171,2023-03-28,19:00:00,137,111,26,FMN 04 Jan Van Rijswijcklaan
652,Jan van Rijswijcklaan 159-171,2023-03-28,20:00:00,69,53,16,FMN 04 Jan Van Rijswijcklaan
652,Jan van Rijswijcklaan 159-171,2023-03-28,21:00:00,54,43,11,FMN 04 Jan Van Rijswijcklaan
652,Jan van Rijswijcklaan 159-171,2023-03-28,22:00:00,56,51,5,FMN 04 Jan Van Rijswijcklaan
652,Jan van Rijswijcklaan 159-171,2023-03-28,23:00:00,32,22,10,FMN 04 Jan Van Rijswijcklaan
652,Jan van Rijswijcklaan 159-171,2023-03-29,00:00:00,17,12,5,FMN 04 Jan Van Rijswijcklaan
652,Jan van Rijswijcklaan 159-171,2023-03-29,01:00:00,9,6,3,FMN 04 Jan Van Rijswijcklaan
652,Jan van Rijswijcklaan 159-171,2023-03-29,02:00:00,3,2,1,FMN 04 Jan Van Rijswijcklaan
652,Jan van Rijswijcklaan 159-171,2023-03-29,03:00:00,7,5,2,FMN 04 Jan Van Rijswijcklaan
652,Jan van Rijswijcklaan 159-171,2023-03-29,04:00:00,15,15,0,FMN 04 Jan Van Rijswijcklaan
652,Jan van Rijswijcklaan 159-171,2023-03-29,05:00:00,24,22,2,FMN 04 Jan Van Rijswijcklaan
652,Jan van Rijswijcklaan 159-171,2023-03-29,06:00:00,55,49,6,FMN 04 Jan Van Rijswijcklaan
652,Jan van Rijswijcklaan 159-171,2023-03-29,07:00:00,213,199,14,FMN 04 Jan Van Rijswijcklaan
652,Jan van Rijswijcklaan 159-171,2023-03-29,08:00:00,359,343,16,FMN 04 Jan Van Rijswijcklaan
652,Jan van Rijswijcklaan 159-171,2023-03-29,09:00:00,149,136,13,FMN 04 Jan Van Rijswijcklaan
652,Jan van Rijswijcklaan 159-171,2023-03-29,10:00:00,87,79,8,FMN 04 Jan Van Rijswijcklaan
652,Jan van Rijswijcklaan 159-171,2023-03-29,11:00:00,88,83,5,FMN 04 Jan Van Rijswijcklaan
652,Jan van Rijswijcklaan 159-171,2023-03-29,12:00:00,229,209,20,FMN 04 Jan Van Rijswijcklaan
652,Jan van Rijswijcklaan 159-171,2023-03-29,13:00:00,139,121,18,FMN 04 Jan Van Rijswijcklaan
652,Jan van Rijswijcklaan 159-171,2023-03-29,14:00:00,153,133,20,FMN 04 Jan Van Rijswijcklaan
652,Jan van Rijswijcklaan 159-171,2023-03-29,15:00:00,142,122,20,FMN 04 Jan Van Rijswijcklaan
652,Jan van Rijswijcklaan 159-171,2023-03-29,16:00:00,196,171,25,FMN 04 Jan Van Rijswijcklaan
652,Jan van Rijswijcklaan 159-171,2023-03-29,17:00:00,217,192,25,FMN 04 Jan Van Rijswijcklaan
652,Jan van Rijswijcklaan 159-171,2023-03-29,18:00:00,218,191,27,FMN 04 Jan Van Rijswijcklaan
652,Jan van Rijswijcklaan 159-171,2023-03-29,19:00:00,140,124,16,FMN 04 Jan Van Rijswijcklaan
652,Jan van Rijswijcklaan 159-171,2023-03-29,20:00:00,107,94,13,FMN 04 Jan Van Rijswijcklaan
652,Jan van Rijswijcklaan 159-171,2023-03-29,21:00:00,70,59,11,FMN 04 Jan Van Rijswijcklaan
652,Jan van Rijswijcklaan 159-171,2023-03-29,22:00:00,64,49,15,FMN 04 Jan Van Rijswijcklaan
652,Jan van Rijswijcklaan 159-171,2023-03-29,23:00:00,31,24,7,FMN 04 Jan Van Rijswijcklaan
652,Jan van Rijswijcklaan 159-171,2023-03-30,00:00:00,14,9,5,FMN 04 Jan Van Rijswijcklaan
652,Jan van Rijswijcklaan 159-171,2023-03-30,01:00:00,8,6,2,FMN 04 Jan Van Rijswijcklaan
652,Jan van Rijswijcklaan 159-171,2023-03-30,02:00:00,3,3,0,FMN 04 Jan Van Rijswijcklaan
652,Jan van Rijswijcklaan 159-171,2023-03-30,03:00:00,3,3,0,FMN 04 Jan Van Rijswijcklaan
652,Jan van Rijswijcklaan 159-171,2023-03-30,04:00:00,13,13,0,FMN 04 Jan Van Rijswijcklaan
652,Jan van Rijswijcklaan 159-171,2023-03-30,05:00:00,22,14,8,FMN 04 Jan Van Rijswijcklaan
652,Jan van Rijswijcklaan 159-171,2023-03-30,06:00:00,60,56,4,FMN 04 Jan Van Rijswijcklaan
652,Jan van Rijswijcklaan 159-171,2023-03-30,07:00:00,176,164,12,FMN 04 Jan Van Rijswijcklaan
652,Jan van Rijswijcklaan 159-171,2023-03-30,08:00:00,408,385,23,FMN 04 Jan Van Rijswijcklaan
652,Jan van Rijswijcklaan 159-171,2023-03-30,09:00:00,144,132,12,FMN 04 Jan Van Rijswijcklaan
652,Jan van Rijswijcklaan 159-171,2023-03-30,10:00:00,111,94,17,FMN 04 Jan Van Rijswijcklaan
652,Jan van Rijswijcklaan 159-171,2023-03-30,11:00:00,96,87,9,FMN 04 Jan Van Rijswijcklaan
652,Jan van Rijswijcklaan 159-171,2023-03-30,12:00:00,134,118,16,FMN 04 Jan Van Rijswijcklaan
652,Jan van Rijswijcklaan 159-171,2023-03-30,13:00:00,124,111,13,FMN 04 Jan Van Rijswijcklaan
652,Jan van Rijswijcklaan 159-171,2023-03-30,14:00:00,105,91,14,FMN 04 Jan Van Rijswijcklaan
652,Jan van Rijswijcklaan 159-171,2023-03-30,15:00:00,157,125,32,FMN 04 Jan Van Rijswijcklaan
652,Jan van Rijswijcklaan 159-171,2023-03-30,16:00:00,231,206,25,FMN 04 Jan Van Rijswijcklaan
652,Jan van Rijswijcklaan 159-171,2023-03-30,17:00:00,245,205,40,FMN 04 Jan Van Rijswijcklaan
652,Jan van Rijswijcklaan 159-171,2023-03-30,18:00:00,175,159,16,FMN 04 Jan Van Rijswijcklaan
652,Jan van Rijswijcklaan 159-171,2023-03-30,19:00:00,166,141,25,FMN 04 Jan Van Rijswijcklaan
652,Jan van Rijswijcklaan 159-171,2023-03-30,20:00:00,100,80,20,FMN 04 Jan Van Rijswijcklaan
652,Jan van Rijswijcklaan 159-171,2023-03-30,21:00:00,76,66,10,FMN 04 Jan Van Rijswijcklaan
652,Jan van Rijswijcklaan 159-171,2023-03-30,22:00:00,98,78,20,FMN 04 Jan Van Rijswijcklaan
652,Jan van Rijswijcklaan 159-171,2023-03-30,23:00:00,54,41,13,FMN 04 Jan Van Rijswijcklaan
652,Jan van Rijswijcklaan 159-171,2023-03-31,00:00:00,21,16,5,FMN 04 Jan Van Rijswijcklaan
652,Jan van Rijswijcklaan 159-171,2023-03-31,01:00:00,8,7,1,FMN 04 Jan Van Rijswijcklaan
652,Jan van Rijswijcklaan 159-171,2023-03-31,02:00:00,5,2,3,FMN 04 Jan Van Rijswijcklaan
652,Jan van Rijswijcklaan 159-171,2023-03-31,03:00:00,6,2,4,FMN 04 Jan Van Rijswijcklaan
652,Jan van Rijswijcklaan 159-171,2023-03-31,04:00:00,12,9,3,FMN 04 Jan Van Rijswijcklaan
652,Jan van Rijswijcklaan 159-171,2023-03-31,05:00:00,15,11,4,FMN 04 Jan Van Rijswijcklaan
652,Jan van Rijswijcklaan 159-171,2023-03-31,06:00:00,38,36,2,FMN 04 Jan Van Rijswijcklaan
652,Jan van Rijswijcklaan 159-171,2023-03-31,07:00:00,89,81,8,FMN 04 Jan Van Rijswijcklaan
652,Jan van Rijswijcklaan 159-171,2023-03-31,08:00:00,267,256,11,FMN 04 Jan Van Rijswijcklaan
652,Jan van Rijswijcklaan 159-171,2023-03-31,09:00:00,100,95,5,FMN 04 Jan Van Rijswijcklaan
652,Jan van Rijswijcklaan 159-171,2023-03-31,10:00:00,61,53,8,FMN 04 Jan Van Rijswijcklaan
652,Jan van Rijswijcklaan 159-171,2023-03-31,11:00:00,89,76,13,FMN 04 Jan Van Rijswijcklaan
652,Jan van Rijswijcklaan 159-171,2023-03-31,12:00:00,122,116,6,FMN 04 Jan Van Rijswijcklaan
652,Jan van Rijswijcklaan 159-171,2023-03-31,13:00:00,103,88,15,FMN 04 Jan Van Rijswijcklaan
652,Jan van Rijswijcklaan 159-171,2023-03-31,14:00:00,127,115,12,FMN 04 Jan Van Rijswijcklaan
652,Jan van Rijswijcklaan 159-171,2023-03-31,15:00:00,129,112,17,FMN 04 Jan Van Rijswijcklaan
652,Jan van Rijswijcklaan 159-171,2023-03-31,16:00:00,151,134,17,FMN 04 Jan Van Rijswijcklaan
652,Jan van Rijswijcklaan 159-171,2023-03-31,17:00:00,183,150,33,FMN 04 Jan Van Rijswijcklaan
652,Jan van Rijswijcklaan 159-171,2023-03-31,18:00:00,159,129,30,FMN 04 Jan Van Rijswijcklaan
652,Jan van Rijswijcklaan 159-171,2023-03-31,19:00:00,133,118,15,FMN 04 Jan Van Rijswijcklaan
652,Jan van Rijswijcklaan 159-171,2023-03-31,20:00:00,98,89,9,FMN 04 Jan Van Rijswijcklaan
652,Jan van Rijswijcklaan 159-171,2023-03-31,21:00:00,51,45,6,FMN 04 Jan Van Rijswijcklaan
652,Jan van Rijswijcklaan 159-171,2023-03-31,22:00:00,38,27,11,FMN 04 Jan Van Rijswijcklaan
652,Jan van Rijswijcklaan 159-171,2023-03-31,23:00:00,38,27,11,FMN 04 Jan Van Rijswijcklaan
652,Jan van Rijswijcklaan 159-171,2023-04-01,00:00:00,24,19,5,FMN 04 Jan Van Rijswijcklaan
652,Jan van Rijswijcklaan 159-171,2023-04-01,01:00:00,19,13,6,FMN 04 Jan Van Rijswijcklaan
652,Jan van Rijswijcklaan 159-171,2023-04-01,02:00:00,8,5,3,FMN 04 Jan Van Rijswijcklaan
652,Jan van Rijswijcklaan 159-171,2023-04-01,03:00:00,9,5,4,FMN 04 Jan Van Rijswijcklaan
652,Jan van Rijswijcklaan 159-171,2023-04-01,04:00:00,8,7,1,FMN 04 Jan Van Rijswijcklaan
652,Jan van Rijswijcklaan 159-171,2023-04-01,05:00:00,5,5,0,FMN 04 Jan Van Rijswijcklaan
652,Jan van Rijswijcklaan 159-171,2023-04-01,06:00:00,14,14,0,FMN 04 Jan Van Rijswijcklaan
652,Jan van Rijswijcklaan 159-171,2023-04-01,07:00:00,23,17,6,FMN 04 Jan Van Rijswijcklaan
652,Jan van Rijswijcklaan 159-171,2023-04-01,08:00:00,27,26,1,FMN 04 Jan Van Rijswijcklaan
652,Jan van Rijswijcklaan 159-171,2023-04-01,09:00:00,52,44,8,FMN 04 Jan Van Rijswijcklaan
652,Jan van Rijswijcklaan 159-171,2023-04-01,10:00:00,53,43,10,FMN 04 Jan Van Rijswijcklaan
652,Jan van Rijswijcklaan 159-171,2023-04-01,11:00:00,50,44,6,FMN 04 Jan Van Rijswijcklaan
652,Jan van Rijswijcklaan 159-171,2023-04-01,12:00:00,67,59,8,FMN 04 Jan Van Rijswijcklaan
652,Jan van Rijswijcklaan 159-171,2023-04-01,13:00:00,58,49,9,FMN 04 Jan Van Rijswijcklaan
652,Jan van Rijswijcklaan 159-171,2023-04-01,14:00:00,56,47,9,FMN 04 Jan Van Rijswijcklaan
652,Jan van Rijswijcklaan 159-171,2023-04-01,15:00:00,56,49,7,FMN 04 Jan Van Rijswijcklaan
652,Jan van Rijswijcklaan 159-171,2023-04-01,16:00:00,52,47,5,FMN 04 Jan Van Rijswijcklaan
652,Jan van Rijswijcklaan 159-171,2023-04-01,17:00:00,65,56,9,FMN 04 Jan Van Rijswijcklaan
652,Jan van Rijswijcklaan 159-171,2023-04-01,18:00:00,64,55,9,FMN 04 Jan Van Rijswijcklaan
652,Jan van Rijswijcklaan 159-171,2023-04-01,19:00:00,47,39,8,FMN 04 Jan Van Rijswijcklaan
652,Jan van Rijswijcklaan 159-171,2023-04-01,20:00:00,50,42,8,FMN 04 Jan Van Rijswijcklaan
652,Jan van Rijswijcklaan 159-171,2023-04-01,21:00:00,22,19,3,FMN 04 Jan Van Rijswijcklaan
652,Jan van Rijswijcklaan 159-171,2023-04-01,22:00:00,25,19,6,FMN 04 Jan Van Rijswijcklaan
652,Jan van Rijswijcklaan 159-171,2023-04-01,23:00:00,30,19,11,FMN 04 Jan Van Rijswijcklaan
652,Jan van Rijswijcklaan 159-171,2023-04-02,00:00:00,24,17,7,FMN 04 Jan Van Rijswijcklaan
652,Jan van Rijswijcklaan 159-171,2023-04-02,01:00:00,15,12,3,FMN 04 Jan Van Rijswijcklaan
652,Jan van Rijswijcklaan 159-171,2023-04-02,02:00:00,15,13,2,FMN 04 Jan Van Rijswijcklaan
652,Jan van Rijswijcklaan 159-171,2023-04-02,03:00:00,15,10,5,FMN 04 Jan Van Rijswijcklaan
652,Jan van Rijswijcklaan 159-171,2023-04-02,04:00:00,2,2,0,FMN 04 Jan Van Rijswijcklaan
652,Jan van Rijswijcklaan 159-171,2023-04-02,05:00:00,9,6,3,FMN 04 Jan Van Rijswijcklaan
652,Jan van Rijswijcklaan 159-171,2023-04-02,06:00:00,12,11,1,FMN 04 Jan Van Rijswijcklaan
652,Jan van Rijswijcklaan 159-171,2023-04-02,07:00:00,10,9,1,FMN 04 Jan Van Rijswijcklaan
652,Jan van Rijswijcklaan 159-171,2023-04-02,08:00:00,29,28,1,FMN 04 Jan Van Rijswijcklaan
652,Jan van Rijswijcklaan 159-171,2023-04-02,09:00:00,62,51,11,FMN 04 Jan Van Rijswijcklaan
652,Jan van Rijswijcklaan 159-171,2023-04-02,10:00:00,67,50,17,FMN 04 Jan Van Rijswijcklaan
652,Jan van Rijswijcklaan 159-171,2023-04-02,11:00:00,90,79,11,FMN 04 Jan Van Rijswijcklaan
652,Jan van Rijswijcklaan 159-171,2023-04-02,12:00:00,92,72,20,FMN 04 Jan Van Rijswijcklaan
652,Jan van Rijswijcklaan 159-171,2023-04-02,13:00:00,82,69,13,FMN 04 Jan Van Rijswijcklaan
652,Jan van Rijswijcklaan 159-171,2023-04-02,14:00:00,96,78,18,FMN 04 Jan Van Rijswijcklaan
652,Jan van Rijswijcklaan 159-171,2023-04-02,15:00:00,67,62,5,FMN 04 Jan Van Rijswijcklaan
652,Jan van Rijswijcklaan 159-171,2023-04-02,16:00:00,70,62,8,FMN 04 Jan Van Rijswijcklaan
652,Jan van Rijswijcklaan 159-171,2023-04-02,17:00:00,79,60,19,FMN 04 Jan Van Rijswijcklaan
652,Jan van Rijswijcklaan 159-171,2023-04-02,18:00:00,74,59,15,FMN 04 Jan Van Rijswijcklaan
652,Jan van Rijswijcklaan 159-171,2023-04-02,19:00:00,77,61,16,FMN 04 Jan Van Rijswijcklaan
652,Jan van Rijswijcklaan 159-171,2023-04-02,20:00:00,49,41,8,FMN 04 Jan Van Rijswijcklaan
652,Jan van Rijswijcklaan 159-171,2023-04-02,21:00:00,55,52,3,FMN 04 Jan Van Rijswijcklaan
652,Jan van Rijswijcklaan 159-171,2023-04-02,22:00:00,34,26,8,FMN 04 Jan Van Rijswijcklaan
652,Jan van Rijswijcklaan 159-171,2023-04-02,23:00:00,24,15,9,FMN 04 Jan Van Rijswijcklaan
652,Jan van Rijswijcklaan 159-171,2023-04-03,00:00:00,12,7,5,FMN 04 Jan Van Rijswijcklaan
652,Jan van Rijswijcklaan 159-171,2023-04-03,01:00:00,14,9,5,FMN 04 Jan Van Rijswijcklaan
652,Jan van Rijswijcklaan 159-171,2023-04-03,02:00:00,2,2,0,FMN 04 Jan Van Rijswijcklaan
652,Jan van Rijswijcklaan 159-171,2023-04-03,03:00:00,4,3,1,FMN 04 Jan Van Rijswijcklaan
652,Jan van Rijswijcklaan 159-171,2023-04-03,04:00:00,11,11,0,FMN 04 Jan Van Rijswijcklaan
652,Jan van Rijswijcklaan 159-171,2023-04-03,05:00:00,19,16,3,FMN 04 Jan Van Rijswijcklaan
652,Jan van Rijswijcklaan 159-171,2023-04-03,06:00:00,59,56,3,FMN 04 Jan Van Rijswijcklaan
652,Jan van Rijswijcklaan 159-171,2023-04-03,07:00:00,122,109,13,FMN 04 Jan Van Rijswijcklaan
652,Jan van Rijswijcklaan 159-171,2023-04-03,08:00:00,237,228,9,FMN 04 Jan Van Rijswijcklaan
652,Jan van Rijswijcklaan 159-171,2023-04-03,09:00:00,132,124,8,FMN 04 Jan Van Rijswijcklaan
652,Jan van Rijswijcklaan 159-171,2023-04-03,10:00:00,66,57,9,FMN 04 Jan Van Rijswijcklaan
652,Jan van Rijswijcklaan 159-171,2023-04-03,11:00:00,60,57,3,FMN 04 Jan Van Rijswijcklaan
652,Jan van Rijswijcklaan 159-171,2023-04-03,12:00:00,100,88,12,FMN 04 Jan Van Rijswijcklaan
652,Jan van Rijswijcklaan 159-171,2023-04-03,13:00:00,104,93,11,FMN 04 Jan Van Rijswijcklaan
652,Jan van Rijswijcklaan 159-171,2023-04-03,14:00:00,101,86,15,FMN 04 Jan Van Rijswijcklaan
652,Jan van Rijswijcklaan 159-171,2023-04-03,15:00:00,117,102,15,FMN 04 Jan Van Rijswijcklaan
652,Jan van Rijswijcklaan 159-171,2023-04-03,16:00:00,173,153,20,FMN 04 Jan Van Rijswijcklaan
652,Jan van Rijswijcklaan 159-171,2023-04-03,17:00:00,231,191,40,FMN 04 Jan Van Rijswijcklaan
652,Jan van Rijswijcklaan 159-171,2023-04-03,18:00:00,136,116,20,FMN 04 Jan Van Rijswijcklaan
652,Jan van Rijswijcklaan 159-171,2023-04-03,19:00:00,95,72,23,FMN 04 Jan Van Rijswijcklaan
652,Jan van Rijswijcklaan 159-171,2023-04-03,20:00:00,60,50,10,FMN 04 Jan Van Rijswijcklaan
652,Jan van Rijswijcklaan 159-171,2023-04-03,21:00:00,62,41,21,FMN 04 Jan Van Rijswijcklaan
652,Jan van Rijswijcklaan 159-171,2023-04-03,22:00:00,58,49,9,FMN 04 Jan Van Rijswijcklaan
652,Jan van Rijswijcklaan 159-171,2023-04-03,23:00:00,18,14,4,FMN 04 Jan Van Rijswijcklaan
652,Jan van Rijswijcklaan 159-171,2023-04-04,00:00:00,14,9,5,FMN 04 Jan Van Rijswijcklaan
652,Jan van Rijswijcklaan 159-171,2023-04-04,01:00:00,7,7,0,FMN 04 Jan Van Rijswijcklaan
652,Jan van Rijswijcklaan 159-171,2023-04-04,02:00:00,4,3,1,FMN 04 Jan Van Rijswijcklaan
652,Jan van Rijswijcklaan 159-171,2023-04-04,03:00:00,3,3,0,FMN 04 Jan Van Rijswijcklaan
652,Jan van Rijswijcklaan 159-171,2023-04-04,04:00:00,11,11,0,FMN 04 Jan Van Rijswijcklaan
652,Jan van Rijswijcklaan 159-171,2023-04-04,05:00:00,21,18,3,FMN 04 Jan Van Rijswijcklaan
652,Jan van Rijswijcklaan 159-171,2023-04-04,06:00:00,55,51,4,FMN 04 Jan Van Rijswijcklaan
652,Jan van Rijswijcklaan 159-171,2023-04-04,07:00:00,143,128,15,FMN 04 Jan Van Rijswijcklaan
652,Jan van Rijswijcklaan 159-171,2023-04-04,08:00:00,279,267,12,FMN 04 Jan Van Rijswijcklaan
652,Jan van Rijswijcklaan 159-171,2023-04-04,09:00:00,130,116,14,FMN 04 Jan Van Rijswijcklaan
652,Jan van Rijswijcklaan 159-171,2023-04-04,10:00:00,81,72,9,FMN 04 Jan Van Rijswijcklaan
652,Jan van Rijswijcklaan 159-171,2023-04-04,11:00:00,74,63,11,FMN 04 Jan Van Rijswijcklaan
652,Jan van Rijswijcklaan 159-171,2023-04-04,12:00:00,90,76,14,FMN 04 Jan Van Rijswijcklaan
652,Jan van Rijswijcklaan 159-171,2023-04-04,13:00:00,88,80,8,FMN 04 Jan Van Rijswijcklaan
652,Jan van Rijswijcklaan 159-171,2023-04-04,14:00:00,118,103,15,FMN 04 Jan Van Rijswijcklaan
652,Jan van Rijswijcklaan 159-171,2023-04-04,15:00:00,111,98,13,FMN 04 Jan Van Rijswijcklaan
652,Jan van Rijswijcklaan 159-171,2023-04-04,16:00:00,153,135,18,FMN 04 Jan Van Rijswijcklaan
652,Jan van Rijswijcklaan 159-171,2023-04-04,17:00:00,268,230,38,FMN 04 Jan Van Rijswijcklaan
652,Jan van Rijswijcklaan 159-171,2023-04-04,18:00:00,183,156,27,FMN 04 Jan Van Rijswijcklaan
652,Jan van Rijswijcklaan 159-171,2023-04-04,19:00:00,130,97,33,FMN 04 Jan Van Rijswijcklaan
652,Jan van Rijswijcklaan 159-171,2023-04-04,20:00:00,70,58,12,FMN 04 Jan Van Rijswijcklaan
652,Jan van Rijswijcklaan 159-171,2023-04-04,21:00:00,70,56,14,FMN 04 Jan Van Rijswijcklaan
652,Jan van Rijswijcklaan 159-171,2023-04-04,22:00:00,64,58,6,FMN 04 Jan Van Rijswijcklaan
652,Jan van Rijswijcklaan 159-171,2023-04-04,23:00:00,22,16,6,FMN 04 Jan Van Rijswijcklaan
652,Jan van Rijswijcklaan 159-171,2023-04-05,00:00:00,18,13,5,FMN 04 Jan Van Rijswijcklaan
652,Jan van Rijswijcklaan 159-171,2023-04-05,01:00:00,4,2,2,FMN 04 Jan Van Rijswijcklaan
652,Jan van Rijswijcklaan 159-171,2023-04-05,02:00:00,4,2,2,FMN 04 Jan Van Rijswijcklaan
652,Jan van Rijswijcklaan 159-171,2023-04-05,03:00:00,4,4,0,FMN 04 Jan Van Rijswijcklaan
652,Jan van Rijswijcklaan 159-171,2023-04-05,04:00:00,9,8,1,FMN 04 Jan Van Rijswijcklaan
652,Jan van Rijswijcklaan 159-171,2023-04-05,05:00:00,17,14,3,FMN 04 Jan Van Rijswijcklaan
652,Jan van Rijswijcklaan 159-171,2023-04-05,06:00:00,52,45,7,FMN 04 Jan Van Rijswijcklaan
652,Jan van Rijswijcklaan 159-171,2023-04-05,07:00:00,141,129,12,FMN 04 Jan Van Rijswijcklaan
652,Jan van Rijswijcklaan 159-171,2023-04-05,08:00:00,205,193,12,FMN 04 Jan Van Rijswijcklaan
652,Jan van Rijswijcklaan 159-171,2023-04-05,09:00:00,136,117,19,FMN 04 Jan Van Rijswijcklaan
652,Jan van Rijswijcklaan 159-171,2023-04-05,10:00:00,64,60,4,FMN 04 Jan Van Rijswijcklaan
652,Jan van Rijswijcklaan 159-171,2023-04-05,11:00:00,91,79,12,FMN 04 Jan Van Rijswijcklaan
652,Jan van Rijswijcklaan 159-171,2023-04-05,12:00:00,103,94,9,FMN 04 Jan Van Rijswijcklaan
652,Jan van Rijswijcklaan 159-171,2023-04-05,13:00:00,75,68,7,FMN 04 Jan Van Rijswijcklaan
652,Jan van Rijswijcklaan 159-171,2023-04-05,14:00:00,132,118,14,FMN 04 Jan Van Rijswijcklaan
652,Jan van Rijswijcklaan 159-171,2023-04-05,15:00:00,132,116,16,FMN 04 Jan Van Rijswijcklaan
652,Jan van Rijswijcklaan 159-171,2023-04-05,16:00:00,178,152,26,FMN 04 Jan Van Rijswijcklaan
652,Jan van Rijswijcklaan 159-171,2023-04-05,17:00:00,223,200,23,FMN 04 Jan Van Rijswijcklaan
652,Jan van Rijswijcklaan 159-171,2023-04-05,18:00:00,210,180,30,FMN 04 Jan Van Rijswijcklaan
652,Jan van Rijswijcklaan 159-171,2023-04-05,19:00:00,110,93,17,FMN 04 Jan Van Rijswijcklaan
652,Jan van Rijswijcklaan 159-171,2023-04-05,20:00:00,88,65,23,FMN 04 Jan Van Rijswijcklaan
652,Jan van Rijswijcklaan 159-171,2023-04-05,21:00:00,61,50,11,FMN 04 Jan Van Rijswijcklaan
652,Jan van Rijswijcklaan 159-171,2023-04-05,22:00:00,64,55,9,FMN 04 Jan Van Rijswijcklaan
652,Jan van Rijswijcklaan 159-171,2023-04-05,23:00:00,19,13,6,FMN 04 Jan Van Rijswijcklaan
652,Jan van Rijswijcklaan 159-171,2023-04-06,00:00:00,4,3,1,FMN 04 Jan Van Rijswijcklaan
652,Jan van Rijswijcklaan 159-171,2023-04-06,01:00:00,9,8,1,FMN 04 Jan Van Rijswijcklaan
652,Jan van Rijswijcklaan 159-171,2023-04-06,02:00:00,5,4,1,FMN 04 Jan Van Rijswijcklaan
652,Jan van Rijswijcklaan 159-171,2023-04-06,03:00:00,5,4,1,FMN 04 Jan Van Rijswijcklaan
652,Jan van Rijswijcklaan 159-171,2023-04-06,04:00:00,7,6,1,FMN 04 Jan Van Rijswijcklaan
652,Jan van Rijswijcklaan 159-171,2023-04-06,05:00:00,12,9,3,FMN 04 Jan Van Rijswijcklaan
652,Jan van Rijswijcklaan 159-171,2023-04-06,06:00:00,55,49,6,FMN 04 Jan Van Rijswijcklaan
652,Jan van Rijswijcklaan 159-171,2023-04-06,07:00:00,123,112,11,FMN 04 Jan Van Rijswijcklaan
652,Jan van Rijswijcklaan 159-171,2023-04-06,08:00:00,218,204,14,FMN 04 Jan Van Rijswijcklaan
652,Jan van Rijswijcklaan 159-171,2023-04-06,09:00:00,89,80,9,FMN 04 Jan Van Rijswijcklaan
652,Jan van Rijswijcklaan 159-171,2023-04-06,10:00:00,32,28,4,FMN 04 Jan Van Rijswijcklaan
652,Jan van Rijswijcklaan 159-171,2023-04-06,11:00:00,43,38,5,FMN 04 Jan Van Rijswijcklaan
652,Jan van Rijswijcklaan 159-171,2023-04-06,12:00:00,57,49,8,FMN 04 Jan Van Rijswijcklaan
652,Jan van Rijswijcklaan 159-171,2023-04-06,13:00:00,55,47,8,FMN 04 Jan Van Rijswijcklaan
652,Jan van Rijswijcklaan 159-171,2023-04-06,14:00:00,61,55,6,FMN 04 Jan Van Rijswijcklaan
652,Jan van Rijswijcklaan 159-171,2023-04-06,15:00:00,80,68,12,FMN 04 Jan Van Rijswijcklaan
652,Jan van Rijswijcklaan 159-171,2023-04-06,16:00:00,123,106,17,FMN 04 Jan Van Rijswijcklaan
652,Jan van Rijswijcklaan 159-171,2023-04-06,17:00:00,151,133,18,FMN 04 Jan Van Rijswijcklaan
652,Jan van Rijswijcklaan 159-171,2023-04-06,18:00:00,116,102,14,FMN 04 Jan Van Rijswijcklaan
652,Jan van Rijswijcklaan 159-171,2023-04-06,19:00:00,67,54,13,FMN 04 Jan Van Rijswijcklaan
652,Jan van Rijswijcklaan 159-171,2023-04-06,20:00:00,67,52,15,FMN 04 Jan Van Rijswijcklaan
652,Jan van Rijswijcklaan 159-171,2023-04-06,21:00:00,43,35,8,FMN 04 Jan Van Rijswijcklaan
652,Jan van Rijswijcklaan 159-171,2023-04-06,22:00:00,58,50,8,FMN 04 Jan Van Rijswijcklaan
652,Jan van Rijswijcklaan 159-171,2023-04-06,23:00:00,22,16,6,FMN 04 Jan Van Rijswijcklaan
652,Jan van Rijswijcklaan 159-171,2023-04-07,00:00:00,14,10,4,FMN 04 Jan Van Rijswijcklaan
652,Jan van Rijswijcklaan 159-171,2023-04-07,01:00:00,10,8,2,FMN 04 Jan Van Rijswijcklaan
652,Jan van Rijswijcklaan 159-171,2023-04-07,02:00:00,2,0,2,FMN 04 Jan Van Rijswijcklaan
652,Jan van Rijswijcklaan 159-171,2023-04-07,03:00:00,6,4,2,FMN 04 Jan Van Rijswijcklaan
652,Jan van Rijswijcklaan 159-171,2023-04-07,04:00:00,8,8,0,FMN 04 Jan Van Rijswijcklaan
652,Jan van Rijswijcklaan 159-171,2023-04-07,05:00:00,15,13,2,FMN 04 Jan Van Rijswijcklaan
652,Jan van Rijswijcklaan 159-171,2023-04-07,06:00:00,34,30,4,FMN 04 Jan Van Rijswijcklaan
652,Jan van Rijswijcklaan 159-171,2023-04-07,07:00:00,89,81,8,FMN 04 Jan Van Rijswijcklaan
652,Jan van Rijswijcklaan 159-171,2023-04-07,08:00:00,165,156,9,FMN 04 Jan Van Rijswijcklaan
652,Jan van Rijswijcklaan 159-171,2023-04-07,09:00:00,95,87,8,FMN 04 Jan Van Rijswijcklaan
652,Jan van Rijswijcklaan 159-171,2023-04-07,10:00:00,87,79,8,FMN 04 Jan Van Rijswijcklaan
652,Jan van Rijswijcklaan 159-171,2023-04-07,11:00:00,71,59,12,FMN 04 Jan Van Rijswijcklaan
652,Jan van Rijswijcklaan 159-171,2023-04-07,12:00:00,80,68,12,FMN 04 Jan Van Rijswijcklaan
652,Jan van Rijswijcklaan 159-171,2023-04-07,13:00:00,72,62,10,FMN 04 Jan Van Rijswijcklaan
652,Jan van Rijswijcklaan 159-171,2023-04-07,14:00:00,95,85,10,FMN 04 Jan Van Rijswijcklaan
652,Jan van Rijswijcklaan 159-171,2023-04-07,15:00:00,109,91,18,FMN 04 Jan Van Rijswijcklaan
652,Jan van Rijswijcklaan 159-171,2023-04-07,16:00:00,162,136,26,FMN 04 Jan Van Rijswijcklaan
652,Jan van Rijswijcklaan 159-171,2023-04-07,17:00:00,145,123,22,FMN 04 Jan Van Rijswijcklaan
652,Jan van Rijswijcklaan 159-171,2023-04-07,18:00:00,127,110,17,FMN 04 Jan Van Rijswijcklaan
652,Jan van Rijswijcklaan 159-171,2023-04-07,19:00:00,105,89,16,FMN 04 Jan Van Rijswijcklaan
652,Jan van Rijswijcklaan 159-171,2023-04-07,20:00:00,75,66,9,FMN 04 Jan Van Rijswijcklaan
652,Jan van Rijswijcklaan 159-171,2023-04-07,21:00:00,54,43,11,FMN 04 Jan Van Rijswijcklaan
652,Jan van Rijswijcklaan 159-171,2023-04-07,22:00:00,56,46,10,FMN 04 Jan Van Rijswijcklaan
652,Jan van Rijswijcklaan 159-171,2023-04-07,23:00:00,47,37,10,FMN 04 Jan Van Rijswijcklaan
652,Jan van Rijswijcklaan 159-171,2023-04-08,00:00:00,25,17,8,FMN 04 Jan Van Rijswijcklaan
652,Jan van Rijswijcklaan 159-171,2023-04-08,01:00:00,14,10,4,FMN 04 Jan Van Rijswijcklaan
652,Jan van Rijswijcklaan 159-171,2023-04-08,02:00:00,5,4,1,FMN 04 Jan Van Rijswijcklaan
652,Jan van Rijswijcklaan 159-171,2023-04-08,03:00:00,6,6,0,FMN 04 Jan Van Rijswijcklaan
652,Jan van Rijswijcklaan 159-171,2023-04-08,04:00:00,4,2,2,FMN 04 Jan Van Rijswijcklaan
652,Jan van Rijswijcklaan 159-171,2023-04-08,05:00:00,7,5,2,FMN 04 Jan Van Rijswijcklaan
652,Jan van Rijswijcklaan 159-171,2023-04-08,06:00:00,15,12,3,FMN 04 Jan Van Rijswijcklaan
652,Jan van Rijswijcklaan 159-171,2023-04-08,07:00:00,18,15,3,FMN 04 Jan Van Rijswijcklaan
652,Jan van Rijswijcklaan 159-171,2023-04-08,08:00:00,28,26,2,FMN 04 Jan Van Rijswijcklaan
652,Jan van Rijswijcklaan 159-171,2023-04-08,09:00:00,56,50,6,FMN 04 Jan Van Rijswijcklaan
652,Jan van Rijswijcklaan 159-171,2023-04-08,10:00:00,95,84,11,FMN 04 Jan Van Rijswijcklaan
652,Jan van Rijswijcklaan 159-171,2023-04-08,11:00:00,67,62,5,FMN 04 Jan Van Rijswijcklaan
652,Jan van Rijswijcklaan 159-171,2023-04-08,12:00:00,95,82,13,FMN 04 Jan Van Rijswijcklaan
652,Jan van Rijswijcklaan 159-171,2023-04-08,13:00:00,93,83,10,FMN 04 Jan Van Rijswijcklaan
652,Jan van Rijswijcklaan 159-171,2023-04-08,14:00:00,90,79,11,FMN 04 Jan Van Rijswijcklaan
652,Jan van Rijswijcklaan 159-171,2023-04-08,15:00:00,85,72,13,FMN 04 Jan Van Rijswijcklaan
652,Jan van Rijswijcklaan 159-171,2023-04-08,16:00:00,70,63,7,FMN 04 Jan Van Rijswijcklaan
652,Jan van Rijswijcklaan 159-171,2023-04-08,17:00:00,110,86,24,FMN 04 Jan Van Rijswijcklaan
652,Jan van Rijswijcklaan 159-171,2023-04-08,18:00:00,107,84,23,FMN 04 Jan Van Rijswijcklaan
652,Jan van Rijswijcklaan 159-171,2023-04-08,19:00:00,102,91,11,FMN 04 Jan Van Rijswijcklaan
652,Jan van Rijswijcklaan 159-171,2023-04-08,20:00:00,69,52,17,FMN 04 Jan Van Rijswijcklaan
652,Jan van Rijswijcklaan 159-171,2023-04-08,21:00:00,53,45,8,FMN 04 Jan Van Rijswijcklaan
652,Jan van Rijswijcklaan 159-171,2023-04-08,22:00:00,45,33,12,FMN 04 Jan Van Rijswijcklaan
652,Jan van Rijswijcklaan 159-171,2023-04-08,23:00:00,40,26,14,FMN 04 Jan Van Rijswijcklaan
652,Jan van Rijswijcklaan 159-171,2023-04-09,00:00:00,39,30,9,FMN 04 Jan Van Rijswijcklaan
652,Jan van Rijswijcklaan 159-171,2023-04-09,01:00:00,25,20,5,FMN 04 Jan Van Rijswijcklaan
652,Jan van Rijswijcklaan 159-171,2023-04-09,02:00:00,12,10,2,FMN 04 Jan Van Rijswijcklaan
652,Jan van Rijswijcklaan 159-171,2023-04-09,03:00:00,9,2,7,FMN 04 Jan Van Rijswijcklaan
652,Jan van Rijswijcklaan 159-171,2023-04-09,04:00:00,4,1,3,FMN 04 Jan Van Rijswijcklaan
652,Jan van Rijswijcklaan 159-171,2023-04-09,05:00:00,9,8,1,FMN 04 Jan Van Rijswijcklaan
652,Jan van Rijswijcklaan 159-171,2023-04-09,06:00:00,18,16,2,FMN 04 Jan Van Rijswijcklaan
652,Jan van Rijswijcklaan 159-171,2023-04-09,07:00:00,13,13,0,FMN 04 Jan Van Rijswijcklaan
652,Jan van Rijswijcklaan 159-171,2023-04-09,08:00:00,26,24,2,FMN 04 Jan Van Rijswijcklaan
652,Jan van Rijswijcklaan 159-171,2023-04-09,09:00:00,42,39,3,FMN 04 Jan Van Rijswijcklaan
652,Jan van Rijswijcklaan 159-171,2023-04-09,10:00:00,62,57,5,FMN 04 Jan Van Rijswijcklaan
652,Jan van Rijswijcklaan 159-171,2023-04-09,11:00:00,62,55,7,FMN 04 Jan Van Rijswijcklaan
652,Jan van Rijswijcklaan 159-171,2023-04-09,12:00:00,76,60,16,FMN 04 Jan Van Rijswijcklaan
652,Jan van Rijswijcklaan 159-171,2023-04-09,13:00:00,74,64,10,FMN 04 Jan Van Rijswijcklaan
652,Jan van Rijswijcklaan 159-171,2023-04-09,14:00:00,71,62,9,FMN 04 Jan Van Rijswijcklaan
652,Jan van Rijswijcklaan 159-171,2023-04-09,15:00:00,74,66,8,FMN 04 Jan Van Rijswijcklaan
652,Jan van Rijswijcklaan 159-171,2023-04-09,16:00:00,67,55,12,FMN 04 Jan Van Rijswijcklaan
652,Jan van Rijswijcklaan 159-171,2023-04-09,17:00:00,111,79,32,FMN 04 Jan Van Rijswijcklaan
652,Jan van Rijswijcklaan 159-171,2023-04-09,18:00:00,76,57,19,FMN 04 Jan Van Rijswijcklaan
652,Jan van Rijswijcklaan 159-171,2023-04-09,19:00:00,96,76,20,FMN 04 Jan Van Rijswijcklaan
652,Jan van Rijswijcklaan 159-171,2023-04-09,20:00:00,62,47,15,FMN 04 Jan Van Rijswijcklaan
652,Jan van Rijswijcklaan 159-171,2023-04-09,21:00:00,78,68,10,FMN 04 Jan Van Rijswijcklaan
652,Jan van Rijswijcklaan 159-171,2023-04-09,22:00:00,60,40,20,FMN 04 Jan Van Rijswijcklaan
652,Jan van Rijswijcklaan 159-171,2023-04-09,23:00:00,40,32,8,FMN 04 Jan Van Rijswijcklaan
652,Jan van Rijswijcklaan 159-171,2023-04-10,00:00:00,35,30,5,FMN 04 Jan Van Rijswijcklaan
652,Jan van Rijswijcklaan 159-171,2023-04-10,01:00:00,12,10,2,FMN 04 Jan Van Rijswijcklaan
652,Jan van Rijswijcklaan 159-171,2023-04-10,02:00:00,8,4,4,FMN 04 Jan Van Rijswijcklaan
652,Jan van Rijswijcklaan 159-171,2023-04-10,03:00:00,6,2,4,FMN 04 Jan Van Rijswijcklaan
652,Jan van Rijswijcklaan 159-171,2023-04-10,04:00:00,5,4,1,FMN 04 Jan Van Rijswijcklaan
652,Jan van Rijswijcklaan 159-171,2023-04-10,05:00:00,11,9,2,FMN 04 Jan Van Rijswijcklaan
652,Jan van Rijswijcklaan 159-171,2023-04-10,06:00:00,12,9,3,FMN 04 Jan Van Rijswijcklaan
652,Jan van Rijswijcklaan 159-171,2023-04-10,07:00:00,15,14,1,FMN 04 Jan Van Rijswijcklaan
652,Jan van Rijswijcklaan 159-171,2023-04-10,08:00:00,18,17,1,FMN 04 Jan Van Rijswijcklaan
652,Jan van Rijswijcklaan 159-171,2023-04-10,09:00:00,45,40,5,FMN 04 Jan Van Rijswijcklaan
652,Jan van Rijswijcklaan 159-171,2023-04-10,10:00:00,53,44,9,FMN 04 Jan Van Rijswijcklaan
652,Jan van Rijswijcklaan 159-171,2023-04-10,11:00:00,67,53,14,FMN 04 Jan Van Rijswijcklaan
652,Jan van Rijswijcklaan 159-171,2023-04-10,12:00:00,78,72,6,FMN 04 Jan Van Rijswijcklaan
652,Jan van Rijswijcklaan 159-171,2023-04-10,13:00:00,66,62,4,FMN 04 Jan Van Rijswijcklaan
652,Jan van Rijswijcklaan 159-171,2023-04-10,14:00:00,56,44,12,FMN 04 Jan Van Rijswijcklaan
652,Jan van Rijswijcklaan 159-171,2023-04-10,15:00:00,44,37,7,FMN 04 Jan Van Rijswijcklaan
652,Jan van Rijswijcklaan 159-171,2023-04-10,16:00:00,69,60,9,FMN 04 Jan Van Rijswijcklaan
652,Jan van Rijswijcklaan 159-171,2023-04-10,17:00:00,34,26,8,FMN 04 Jan Van Rijswijcklaan
652,Jan van Rijswijcklaan 159-171,2023-04-10,18:00:00,34,28,6,FMN 04 Jan Van Rijswijcklaan
652,Jan van Rijswijcklaan 159-171,2023-04-10,19:00:00,31,28,3,FMN 04 Jan Van Rijswijcklaan
652,Jan van Rijswijcklaan 159-171,2023-04-10,20:00:00,33,30,3,FMN 04 Jan Van Rijswijcklaan
652,Jan van Rijswijcklaan 159-171,2023-04-10,21:00:00,39,29,10,FMN 04 Jan Van Rijswijcklaan
652,Jan van Rijswijcklaan 159-171,2023-04-10,22:00:00,28,21,7,FMN 04 Jan Van Rijswijcklaan
652,Jan van Rijswijcklaan 159-171,2023-04-10,23:00:00,18,12,6,FMN 04 Jan Van Rijswijcklaan
652,Jan van Rijswijcklaan 159-171,2023-04-11,00:00:00,11,8,3,FMN 04 Jan Van Rijswijcklaan
652,Jan van Rijswijcklaan 159-171,2023-04-11,01:00:00,4,3,1,FMN 04 Jan Van Rijswijcklaan
652,Jan van Rijswijcklaan 159-171,2023-04-11,02:00:00,4,1,3,FMN 04 Jan Van Rijswijcklaan
652,Jan van Rijswijcklaan 159-171,2023-04-11,03:00:00,1,1,0,FMN 04 Jan Van Rijswijcklaan
652,Jan van Rijswijcklaan 159-171,2023-04-11,04:00:00,12,10,2,FMN 04 Jan Van Rijswijcklaan
652,Jan van Rijswijcklaan 159-171,2023-04-11,05:00:00,26,25,1,FMN 04 Jan Van Rijswijcklaan
652,Jan van Rijswijcklaan 159-171,2023-04-11,06:00:00,56,50,6,FMN 04 Jan Van Rijswijcklaan
652,Jan van Rijswijcklaan 159-171,2023-04-11,07:00:00,122,111,11,FMN 04 Jan Van Rijswijcklaan
652,Jan van Rijswijcklaan 159-171,2023-04-11,08:00:00,218,210,8,FMN 04 Jan Van Rijswijcklaan
652,Jan van Rijswijcklaan 159-171,2023-04-11,09:00:00,111,101,10,FMN 04 Jan Van Rijswijcklaan
652,Jan van Rijswijcklaan 159-171,2023-04-11,10:00:00,94,84,10,FMN 04 Jan Van Rijswijcklaan
652,Jan van Rijswijcklaan 159-171,2023-04-11,11:00:00,88,77,11,FMN 04 Jan Van Rijswijcklaan
652,Jan van Rijswijcklaan 159-171,2023-04-11,12:00:00,112,97,15,FMN 04 Jan Van Rijswijcklaan
652,Jan van Rijswijcklaan 159-171,2023-04-11,13:00:00,87,73,14,FMN 04 Jan Van Rijswijcklaan
652,Jan van Rijswijcklaan 159-171,2023-04-11,14:00:00,101,95,6,FMN 04 Jan Van Rijswijcklaan
652,Jan van Rijswijcklaan 159-171,2023-04-11,15:00:00,133,104,29,FMN 04 Jan Van Rijswijcklaan
652,Jan van Rijswijcklaan 159-171,2023-04-11,16:00:00,155,129,26,FMN 04 Jan Van Rijswijcklaan
652,Jan van Rijswijcklaan 159-171,2023-04-11,17:00:00,240,213,27,FMN 04 Jan Van Rijswijcklaan
652,Jan van Rijswijcklaan 159-171,2023-04-11,18:00:00,141,124,17,FMN 04 Jan Van Rijswijcklaan
652,Jan van Rijswijcklaan 159-171,2023-04-11,19:00:00,90,75,15,FMN 04 Jan Van Rijswijcklaan
652,Jan van Rijswijcklaan 159-171,2023-04-11,20:00:00,66,49,17,FMN 04 Jan Van Rijswijcklaan
652,Jan van Rijswijcklaan 159-171,2023-04-11,21:00:00,68,48,20,FMN 04 Jan Van Rijswijcklaan
652,Jan van Rijswijcklaan 159-171,2023-04-11,22:00:00,51,43,8,FMN 04 Jan Van Rijswijcklaan
652,Jan van Rijswijcklaan 159-171,2023-04-11,23:00:00,22,21,1,FMN 04 Jan Van Rijswijcklaan
652,Jan van Rijswijcklaan 159-171,2023-04-12,00:00:00,12,8,4,FMN 04 Jan Van Rijswijcklaan
652,Jan van Rijswijcklaan 159-171,2023-04-12,01:00:00,10,4,6,FMN 04 Jan Van Rijswijcklaan
652,Jan van Rijswijcklaan 159-171,2023-04-12,02:00:00,1,1,0,FMN 04 Jan Van Rijswijcklaan
652,Jan van Rijswijcklaan 159-171,2023-04-12,03:00:00,5,4,1,FMN 04 Jan Van Rijswijcklaan
652,Jan van Rijswijcklaan 159-171,2023-04-12,04:00:00,13,9,4,FMN 04 Jan Van Rijswijcklaan
652,Jan van Rijswijcklaan 159-171,2023-04-12,05:00:00,9,9,0,FMN 04 Jan Van Rijswijcklaan
652,Jan van Rijswijcklaan 159-171,2023-04-12,06:00:00,46,43,3,FMN 04 Jan Van Rijswijcklaan
652,Jan van Rijswijcklaan 159-171,2023-04-12,07:00:00,80,68,12,FMN 04 Jan Van Rijswijcklaan
652,Jan van Rijswijcklaan 159-171,2023-04-12,08:00:00,131,126,5,FMN 04 Jan Van Rijswijcklaan
652,Jan van Rijswijcklaan 159-171,2023-04-12,09:00:00,83,76,7,FMN 04 Jan Van Rijswijcklaan
652,Jan van Rijswijcklaan 159-171,2023-04-12,10:00:00,66,62,4,FMN 04 Jan Van Rijswijcklaan
652,Jan van Rijswijcklaan 159-171,2023-04-12,11:00:00,57,45,12,FMN 04 Jan Van Rijswijcklaan
652,Jan van Rijswijcklaan 159-171,2023-04-12,12:00:00,71,63,8,FMN 04 Jan Van Rijswijcklaan
652,Jan van Rijswijcklaan 159-171,2023-04-12,13:00:00,60,53,7,FMN 04 Jan Van Rijswijcklaan
652,Jan van Rijswijcklaan 159-171,2023-04-12,14:00:00,71,65,6,FMN 04 Jan Van Rijswijcklaan
652,Jan van Rijswijcklaan 159-171,2023-04-12,15:00:00,78,67,11,FMN 04 Jan Van Rijswijcklaan
652,Jan van Rijswijcklaan 159-171,2023-04-12,16:00:00,121,104,17,FMN 04 Jan Van Rijswijcklaan
652,Jan van Rijswijcklaan 159-171,2023-04-12,17:00:00,162,141,21,FMN 04 Jan Van Rijswijcklaan
652,Jan van Rijswijcklaan 159-171,2023-04-12,18:00:00,118,106,12,FMN 04 Jan Van Rijswijcklaan
652,Jan van Rijswijcklaan 159-171,2023-04-12,19:00:00,92,77,15,FMN 04 Jan Van Rijswijcklaan
652,Jan van Rijswijcklaan 159-171,2023-04-12,20:00:00,65,50,15,FMN 04 Jan Van Rijswijcklaan
652,Jan van Rijswijcklaan 159-171,2023-04-12,21:00:00,54,42,12,FMN 04 Jan Van Rijswijcklaan
652,Jan van Rijswijcklaan 159-171,2023-04-12,22:00:00,46,37,9,FMN 04 Jan Van Rijswijcklaan
652,Jan van Rijswijcklaan 159-171,2023-04-12,23:00:00,22,19,3,FMN 04 Jan Van Rijswijcklaan
652,Jan van Rijswijcklaan 159-171,2023-04-13,00:00:00,13,10,3,FMN 04 Jan Van Rijswijcklaan
652,Jan van Rijswijcklaan 159-171,2023-04-13,01:00:00,11,11,0,FMN 04 Jan Van Rijswijcklaan
652,Jan van Rijswijcklaan 159-171,2023-04-13,02:00:00,4,0,4,FMN 04 Jan Van Rijswijcklaan
652,Jan van Rijswijcklaan 159-171,2023-04-13,03:00:00,4,2,2,FMN 04 Jan Van Rijswijcklaan
652,Jan van Rijswijcklaan 159-171,2023-04-13,04:00:00,11,10,1,FMN 04 Jan Van Rijswijcklaan
652,Jan van Rijswijcklaan 159-171,2023-04-13,05:00:00,18,14,4,FMN 04 Jan Van Rijswijcklaan
652,Jan van Rijswijcklaan 159-171,2023-04-13,06:00:00,43,39,4,FMN 04 Jan Van Rijswijcklaan
652,Jan van Rijswijcklaan 159-171,2023-04-13,07:00:00,120,111,9,FMN 04 Jan Van Rijswijcklaan
652,Jan van Rijswijcklaan 159-171,2023-04-13,08:00:00,196,187,9,FMN 04 Jan Van Rijswijcklaan
652,Jan van Rijswijcklaan 159-171,2023-04-13,09:00:00,103,95,8,FMN 04 Jan Van Rijswijcklaan
652,Jan van Rijswijcklaan 159-171,2023-04-13,10:00:00,58,53,5,FMN 04 Jan Van Rijswijcklaan
652,Jan van Rijswijcklaan 159-171,2023-04-13,11:00:00,60,55,5,FMN 04 Jan Van Rijswijcklaan
652,Jan van Rijswijcklaan 159-171,2023-04-13,12:00:00,98,86,12,FMN 04 Jan Van Rijswijcklaan
652,Jan van Rijswijcklaan 159-171,2023-04-13,13:00:00,78,73,5,FMN 04 Jan Van Rijswijcklaan
652,Jan van Rijswijcklaan 159-171,2023-04-13,14:00:00,82,73,9,FMN 04 Jan Van Rijswijcklaan
652,Jan van Rijswijcklaan 159-171,2023-04-13,15:00:00,107,94,13,FMN 04 Jan Van Rijswijcklaan
652,Jan van Rijswijcklaan 159-171,2023-04-13,16:00:00,146,126,20,FMN 04 Jan Van Rijswijcklaan
652,Jan van Rijswijcklaan 159-171,2023-04-13,17:00:00,180,168,12,FMN 04 Jan Van Rijswijcklaan
652,Jan van Rijswijcklaan 159-171,2023-04-13,18:00:00,143,122,21,FMN 04 Jan Van Rijswijcklaan
652,Jan van Rijswijcklaan 159-171,2023-04-13,19:00:00,117,100,17,FMN 04 Jan Van Rijswijcklaan
652,Jan van Rijswijcklaan 159-171,2023-04-13,20:00:00,85,62,23,FMN 04 Jan Van Rijswijcklaan
652,Jan van Rijswijcklaan 159-171,2023-04-13,21:00:00,42,35,7,FMN 04 Jan Van Rijswijcklaan
652,Jan van Rijswijcklaan 159-171,2023-04-13,22:00:00,67,56,11,FMN 04 Jan Van Rijswijcklaan
652,Jan van Rijswijcklaan 159-171,2023-04-13,23:00:00,33,26,7,FMN 04 Jan Van Rijswijcklaan
652,Jan van Rijswijcklaan 159-171,2023-04-14,00:00:00,19,14,5,FMN 04 Jan Van Rijswijcklaan
652,Jan van Rijswijcklaan 159-171,2023-04-14,01:00:00,12,6,6,FMN 04 Jan Van Rijswijcklaan
652,Jan van Rijswijcklaan 159-171,2023-04-14,02:00:00,4,1,3,FMN 04 Jan Van Rijswijcklaan
652,Jan van Rijswijcklaan 159-171,2023-04-14,03:00:00,3,3,0,FMN 04 Jan Van Rijswijcklaan
652,Jan van Rijswijcklaan 159-171,2023-04-14,04:00:00,11,10,1,FMN 04 Jan Van Rijswijcklaan
652,Jan van Rijswijcklaan 159-171,2023-04-14,05:00:00,20,16,4,FMN 04 Jan Van Rijswijcklaan
652,Jan van Rijswijcklaan 159-171,2023-04-14,06:00:00,41,36,5,FMN 04 Jan Van Rijswijcklaan
652,Jan van Rijswijcklaan 159-171,2023-04-14,07:00:00,105,90,15,FMN 04 Jan Van Rijswijcklaan
652,Jan van Rijswijcklaan 159-171,2023-04-14,08:00:00,168,161,7,FMN 04 Jan Van Rijswijcklaan
652,Jan van Rijswijcklaan 159-171,2023-04-14,09:00:00,118,108,10,FMN 04 Jan Van Rijswijcklaan
652,Jan van Rijswijcklaan 159-171,2023-04-14,10:00:00,85,76,9,FMN 04 Jan Van Rijswijcklaan
652,Jan van Rijswijcklaan 159-171,2023-04-14,11:00:00,80,66,14,FMN 04 Jan Van Rijswijcklaan
652,Jan van Rijswijcklaan 159-171,2023-04-14,12:00:00,113,95,18,FMN 04 Jan Van Rijswijcklaan
652,Jan van Rijswijcklaan 159-171,2023-04-14,13:00:00,103,91,12,FMN 04 Jan Van Rijswijcklaan
652,Jan van Rijswijcklaan 159-171,2023-04-14,14:00:00,92,79,13,FMN 04 Jan Van Rijswijcklaan
652,Jan van Rijswijcklaan 159-171,2023-04-14,15:00:00,140,118,22,FMN 04 Jan Van Rijswijcklaan
652,Jan van Rijswijcklaan 159-171,2023-04-14,16:00:00,152,126,26,FMN 04 Jan Van Rijswijcklaan
652,Jan van Rijswijcklaan 159-171,2023-04-14,17:00:00,139,126,13,FMN 04 Jan Van Rijswijcklaan
652,Jan van Rijswijcklaan 159-171,2023-04-14,18:00:00,163,134,29,FMN 04 Jan Van Rijswijcklaan
652,Jan van Rijswijcklaan 159-171,2023-04-14,19:00:00,123,97,26,FMN 04 Jan Van Rijswijcklaan
652,Jan van Rijswijcklaan 159-171,2023-04-14,20:00:00,114,97,17,FMN 04 Jan Van Rijswijcklaan
652,Jan van Rijswijcklaan 159-171,2023-04-14,21:00:00,63,56,7,FMN 04 Jan Van Rijswijcklaan
652,Jan van Rijswijcklaan 159-171,2023-04-14,22:00:00,90,72,18,FMN 04 Jan Van Rijswijcklaan
652,Jan van Rijswijcklaan 159-171,2023-04-14,23:00:00,60,49,11,FMN 04 Jan Van Rijswijcklaan
652,Jan van Rijswijcklaan 159-171,2023-04-15,00:00:00,34,26,8,FMN 04 Jan Van Rijswijcklaan
652,Jan van Rijswijcklaan 159-171,2023-04-15,01:00:00,29,26,3,FMN 04 Jan Van Rijswijcklaan
652,Jan van Rijswijcklaan 159-171,2023-04-15,02:00:00,18,15,3,FMN 04 Jan Van Rijswijcklaan
652,Jan van Rijswijcklaan 159-171,2023-04-15,03:00:00,13,11,2,FMN 04 Jan Van Rijswijcklaan
652,Jan van Rijswijcklaan 159-171,2023-04-15,04:00:00,17,15,2,FMN 04 Jan Van Rijswijcklaan
652,Jan van Rijswijcklaan 159-171,2023-04-15,05:00:00,7,6,1,FMN 04 Jan Van Rijswijcklaan
652,Jan van Rijswijcklaan 159-171,2023-04-15,06:00:00,18,16,2,FMN 04 Jan Van Rijswijcklaan
652,Jan van Rijswijcklaan 159-171,2023-04-15,07:00:00,29,25,4,FMN 04 Jan Van Rijswijcklaan
652,Jan van Rijswijcklaan 159-171,2023-04-15,08:00:00,56,33,23,FMN 04 Jan Van Rijswijcklaan
652,Jan van Rijswijcklaan 159-171,2023-04-15,09:00:00,95,81,14,FMN 04 Jan Van Rijswijcklaan
652,Jan van Rijswijcklaan 159-171,2023-04-15,10:00:00,93,86,7,FMN 04 Jan Van Rijswijcklaan
652,Jan van Rijswijcklaan 159-171,2023-04-15,11:00:00,104,94,10,FMN 04 Jan Van Rijswijcklaan
652,Jan van Rijswijcklaan 159-171,2023-04-15,12:00:00,134,118,16,FMN 04 Jan Van Rijswijcklaan
652,Jan van Rijswijcklaan 159-171,2023-04-15,13:00:00,125,109,16,FMN 04 Jan Van Rijswijcklaan
652,Jan van Rijswijcklaan 159-171,2023-04-15,14:00:00,116,101,15,FMN 04 Jan Van Rijswijcklaan
652,Jan van Rijswijcklaan 159-171,2023-04-15,15:00:00,123,100,23,FMN 04 Jan Van Rijswijcklaan
652,Jan van Rijswijcklaan 159-171,2023-04-15,16:00:00,104,88,16,FMN 04 Jan Van Rijswijcklaan
652,Jan van Rijswijcklaan 159-171,2023-04-15,17:00:00,129,118,11,FMN 04 Jan Van Rijswijcklaan
652,Jan van Rijswijcklaan 159-171,2023-04-15,18:00:00,115,105,10,FMN 04 Jan Van Rijswijcklaan
652,Jan van Rijswijcklaan 159-171,2023-04-15,19:00:00,88,76,12,FMN 04 Jan Van Rijswijcklaan
652,Jan van Rijswijcklaan 159-171,2023-04-15,20:00:00,67,56,11,FMN 04 Jan Van Rijswijcklaan
652,Jan van Rijswijcklaan 159-171,2023-04-15,21:00:00,47,37,10,FMN 04 Jan Van Rijswijcklaan
652,Jan van Rijswijcklaan 159-171,2023-04-15,22:00:00,44,32,12,FMN 04 Jan Van Rijswijcklaan
652,Jan van Rijswijcklaan 159-171,2023-04-15,23:00:00,27,20,7,FMN 04 Jan Van Rijswijcklaan
652,Jan van Rijswijcklaan 159-171,2023-04-16,00:00:00,32,26,6,FMN 04 Jan Van Rijswijcklaan
652,Jan van Rijswijcklaan 159-171,2023-04-16,01:00:00,11,11,0,FMN 04 Jan Van Rijswijcklaan
652,Jan van Rijswijcklaan 159-171,2023-04-16,02:00:00,14,12,2,FMN 04 Jan Van Rijswijcklaan
652,Jan van Rijswijcklaan 159-171,2023-04-16,03:00:00,6,5,1,FMN 04 Jan Van Rijswijcklaan
652,Jan van Rijswijcklaan 159-171,2023-04-16,04:00:00,6,4,2,FMN 04 Jan Van Rijswijcklaan
652,Jan van Rijswijcklaan 159-171,2023-04-16,05:00:00,7,5,2,FMN 04 Jan Van Rijswijcklaan
652,Jan van Rijswijcklaan 159-171,2023-04-16,06:00:00,9,7,2,FMN 04 Jan Van Rijswijcklaan
652,Jan van Rijswijcklaan 159-171,2023-04-16,07:00:00,26,12,14,FMN 04 Jan Van Rijswijcklaan
652,Jan van Rijswijcklaan 159-171,2023-04-16,08:00:00,37,23,14,FMN 04 Jan Van Rijswijcklaan
652,Jan van Rijswijcklaan 159-171,2023-04-16,09:00:00,52,45,7,FMN 04 Jan Van Rijswijcklaan
652,Jan van Rijswijcklaan 159-171,2023-04-16,10:00:00,48,36,12,FMN 04 Jan Van Rijswijcklaan
652,Jan van Rijswijcklaan 159-171,2023-04-16,11:00:00,58,51,7,FMN 04 Jan Van Rijswijcklaan
652,Jan van Rijswijcklaan 159-171,2023-04-16,12:00:00,85,68,17,FMN 04 Jan Van Rijswijcklaan
652,Jan van Rijswijcklaan 159-171,2023-04-16,13:00:00,62,51,11,FMN 04 Jan Van Rijswijcklaan
652,Jan van Rijswijcklaan 159-171,2023-04-16,14:00:00,84,73,11,FMN 04 Jan Van Rijswijcklaan
652,Jan van Rijswijcklaan 159-171,2023-04-16,15:00:00,79,69,10,FMN 04 Jan Van Rijswijcklaan
652,Jan van Rijswijcklaan 159-171,2023-04-16,16:00:00,77,68,9,FMN 04 Jan Van Rijswijcklaan
652,Jan van Rijswijcklaan 159-171,2023-04-16,17:00:00,90,78,12,FMN 04 Jan Van Rijswijcklaan
652,Jan van Rijswijcklaan 159-171,2023-04-16,18:00:00,69,61,8,FMN 04 Jan Van Rijswijcklaan
652,Jan van Rijswijcklaan 159-171,2023-04-16,19:00:00,44,33,11,FMN 04 Jan Van Rijswijcklaan
652,Jan van Rijswijcklaan 159-171,2023-04-16,20:00:00,48,42,6,FMN 04 Jan Van Rijswijcklaan
652,Jan van Rijswijcklaan 159-171,2023-04-16,21:00:00,41,35,6,FMN 04 Jan Van Rijswijcklaan
652,Jan van Rijswijcklaan 159-171,2023-04-16,22:00:00,29,22,7,FMN 04 Jan Van Rijswijcklaan
652,Jan van Rijswijcklaan 159-171,2023-04-16,23:00:00,16,15,1,FMN 04 Jan Van Rijswijcklaan
652,Jan van Rijswijcklaan 159-171,2023-04-17,00:00:00,5,3,2,FMN 04 Jan Van Rijswijcklaan
652,Jan van Rijswijcklaan 159-171,2023-04-17,01:00:00,7,5,2,FMN 04 Jan Van Rijswijcklaan
652,Jan van Rijswijcklaan 159-171,2023-04-17,02:00:00,2,2,0,FMN 04 Jan Van Rijswijcklaan
652,Jan van Rijswijcklaan 159-171,2023-04-17,03:00:00,3,2,1,FMN 04 Jan Van Rijswijcklaan
652,Jan van Rijswijcklaan 159-171,2023-04-17,04:00:00,10,9,1,FMN 04 Jan Van Rijswijcklaan
652,Jan van Rijswijcklaan 159-171,2023-04-17,05:00:00,17,13,4,FMN 04 Jan Van Rijswijcklaan
652,Jan van Rijswijcklaan 159-171,2023-04-17,06:00:00,77,70,7,FMN 04 Jan Van Rijswijcklaan
652,Jan van Rijswijcklaan 159-171,2023-04-17,07:00:00,258,236,22,FMN 04 Jan Van Rijswijcklaan
652,Jan van Rijswijcklaan 159-171,2023-04-17,08:00:00,468,453,15,FMN 04 Jan Van Rijswijcklaan
652,Jan van Rijswijcklaan 159-171,2023-04-17,09:00:00,126,116,10,FMN 04 Jan Van Rijswijcklaan
652,Jan van Rijswijcklaan 159-171,2023-04-17,10:00:00,112,103,9,FMN 04 Jan Van Rijswijcklaan
652,Jan van Rijswijcklaan 159-171,2023-04-17,11:00:00,93,84,9,FMN 04 Jan Van Rijswijcklaan
652,Jan van Rijswijcklaan 159-171,2023-04-17,12:00:00,121,103,18,FMN 04 Jan Van Rijswijcklaan
652,Jan van Rijswijcklaan 159-171,2023-04-17,13:00:00,116,103,13,FMN 04 Jan Van Rijswijcklaan
652,Jan van Rijswijcklaan 159-171,2023-04-17,14:00:00,119,101,18,FMN 04 Jan Van Rijswijcklaan
652,Jan van Rijswijcklaan 159-171,2023-04-17,15:00:00,208,184,24,FMN 04 Jan Van Rijswijcklaan
652,Jan van Rijswijcklaan 159-171,2023-04-17,16:00:00,292,259,33,FMN 04 Jan Van Rijswijcklaan
652,Jan van Rijswijcklaan 159-171,2023-04-17,17:00:00,232,206,26,FMN 04 Jan Van Rijswijcklaan
652,Jan van Rijswijcklaan 159-171,2023-04-17,18:00:00,184,166,18,FMN 04 Jan Van Rijswijcklaan
652,Jan van Rijswijcklaan 159-171,2023-04-17,19:00:00,123,109,14,FMN 04 Jan Van Rijswijcklaan
652,Jan van Rijswijcklaan 159-171,2023-04-17,20:00:00,98,73,25,FMN 04 Jan Van Rijswijcklaan
652,Jan van Rijswijcklaan 159-171,2023-04-17,21:00:00,66,46,20,FMN 04 Jan Van Rijswijcklaan
652,Jan van Rijswijcklaan 159-171,2023-04-17,22:00:00,62,53,9,FMN 04 Jan Van Rijswijcklaan
652,Jan van Rijswijcklaan 159-171,2023-04-17,23:00:00,27,23,4,FMN 04 Jan Van Rijswijcklaan
652,Jan van Rijswijcklaan 159-171,2023-04-18,00:00:00,8,5,3,FMN 04 Jan Van Rijswijcklaan
652,Jan van Rijswijcklaan 159-171,2023-04-18,01:00:00,11,10,1,FMN 04 Jan Van Rijswijcklaan
652,Jan van Rijswijcklaan 159-171,2023-04-18,02:00:00,2,0,2,FMN 04 Jan Van Rijswijcklaan
652,Jan van Rijswijcklaan 159-171,2023-04-18,03:00:00,3,3,0,FMN 04 Jan Van Rijswijcklaan
652,Jan van Rijswijcklaan 159-171,2023-04-18,04:00:00,12,10,2,FMN 04 Jan Van Rijswijcklaan
652,Jan van Rijswijcklaan 159-171,2023-04-18,05:00:00,15,14,1,FMN 04 Jan Van Rijswijcklaan
652,Jan van Rijswijcklaan 159-171,2023-04-18,06:00:00,70,66,4,FMN 04 Jan Van Rijswijcklaan
652,Jan van Rijswijcklaan 159-171,2023-04-18,07:00:00,255,235,20,FMN 04 Jan Van Rijswijcklaan
652,Jan van Rijswijcklaan 159-171,2023-04-18,08:00:00,533,505,28,FMN 04 Jan Van Rijswijcklaan
652,Jan van Rijswijcklaan 159-171,2023-04-18,09:00:00,174,163,11,FMN 04 Jan Van Rijswijcklaan
652,Jan van Rijswijcklaan 159-171,2023-04-18,10:00:00,101,83,18,FMN 04 Jan Van Rijswijcklaan
652,Jan van Rijswijcklaan 159-171,2023-04-18,11:00:00,103,96,7,FMN 04 Jan Van Rijswijcklaan
652,Jan van Rijswijcklaan 159-171,2023-04-18,12:00:00,157,143,14,FMN 04 Jan Van Rijswijcklaan
652,Jan van Rijswijcklaan 159-171,2023-04-18,13:00:00,148,135,13,FMN 04 Jan Van Rijswijcklaan
652,Jan van Rijswijcklaan 159-171,2023-04-18,14:00:00,119,106,13,FMN 04 Jan Van Rijswijcklaan
652,Jan van Rijswijcklaan 159-171,2023-04-18,15:00:00,203,177,26,FMN 04 Jan Van Rijswijcklaan
652,Jan van Rijswijcklaan 159-171,2023-04-18,16:00:00,298,269,29,FMN 04 Jan Van Rijswijcklaan
652,Jan van Rijswijcklaan 159-171,2023-04-18,17:00:00,291,246,45,FMN 04 Jan Van Rijswijcklaan
652,Jan van Rijswijcklaan 159-171,2023-04-18,18:00:00,235,204,31,FMN 04 Jan Van Rijswijcklaan
652,Jan van Rijswijcklaan 159-171,2023-04-18,19:00:00,153,119,34,FMN 04 Jan Van Rijswijcklaan
652,Jan van Rijswijcklaan 159-171,2023-04-18,20:00:00,115,87,28,FMN 04 Jan Van Rijswijcklaan
652,Jan van Rijswijcklaan 159-171,2023-04-18,21:00:00,88,72,16,FMN 04 Jan Van Rijswijcklaan
652,Jan van Rijswijcklaan 159-171,2023-04-18,22:00:00,101,91,10,FMN 04 Jan Van Rijswijcklaan
652,Jan van Rijswijcklaan 159-171,2023-04-18,23:00:00,37,30,7,FMN 04 Jan Van Rijswijcklaan
652,Jan van Rijswijcklaan 159-171,2023-04-19,00:00:00,19,15,4,FMN 04 Jan Van Rijswijcklaan
652,Jan van Rijswijcklaan 159-171,2023-04-19,01:00:00,10,6,4,FMN 04 Jan Van Rijswijcklaan
652,Jan van Rijswijcklaan 159-171,2023-04-19,02:00:00,5,2,3,FMN 04 Jan Van Rijswijcklaan
652,Jan van Rijswijcklaan 159-171,2023-04-19,03:00:00,4,3,1,FMN 04 Jan Van Rijswijcklaan
652,Jan van Rijswijcklaan 159-171,2023-04-19,04:00:00,16,15,1,FMN 04 Jan Van Rijswijcklaan
652,Jan van Rijswijcklaan 159-171,2023-04-19,05:00:00,23,17,6,FMN 04 Jan Van Rijswijcklaan
652,Jan van Rijswijcklaan 159-171,2023-04-19,06:00:00,60,58,2,FMN 04 Jan Van Rijswijcklaan
652,Jan van Rijswijcklaan 159-171,2023-04-19,07:00:00,228,204,24,FMN 04 Jan Van Rijswijcklaan
652,Jan van Rijswijcklaan 159-171,2023-04-19,08:00:00,445,422,23,FMN 04 Jan Van Rijswijcklaan
652,Jan van Rijswijcklaan 159-171,2023-04-19,09:00:00,182,164,18,FMN 04 Jan Van Rijswijcklaan
652,Jan van Rijswijcklaan 159-171,2023-04-19,10:00:00,124,107,17,FMN 04 Jan Van Rijswijcklaan
652,Jan van Rijswijcklaan 159-171,2023-04-19,11:00:00,130,119,11,FMN 04 Jan Van Rijswijcklaan
652,Jan van Rijswijcklaan 159-171,2023-04-19,12:00:00,329,308,21,FMN 04 Jan Van Rijswijcklaan
652,Jan van Rijswijcklaan 159-171,2023-04-19,13:00:00,173,151,22,FMN 04 Jan Van Rijswijcklaan
652,Jan van Rijswijcklaan 159-171,2023-04-19,14:00:00,143,113,30,FMN 04 Jan Van Rijswijcklaan
652,Jan van Rijswijcklaan 159-171,2023-04-19,15:00:00,162,144,18,FMN 04 Jan Van Rijswijcklaan
652,Jan van Rijswijcklaan 159-171,2023-04-19,16:00:00,239,207,32,FMN 04 Jan Van Rijswijcklaan
652,Jan van Rijswijcklaan 159-171,2023-04-19,17:00:00,268,229,39,FMN 04 Jan Van Rijswijcklaan
652,Jan van Rijswijcklaan 159-171,2023-04-19,18:00:00,243,208,35,FMN 04 Jan Van Rijswijcklaan
652,Jan van Rijswijcklaan 159-171,2023-04-19,19:00:00,184,158,26,FMN 04 Jan Van Rijswijcklaan
652,Jan van Rijswijcklaan 159-171,2023-04-19,20:00:00,118,103,15,FMN 04 Jan Van Rijswijcklaan
652,Jan van Rijswijcklaan 159-171,2023-04-19,21:00:00,65,48,17,FMN 04 Jan Van Rijswijcklaan
652,Jan van Rijswijcklaan 159-171,2023-04-19,22:00:00,86,65,21,FMN 04 Jan Van Rijswijcklaan
652,Jan van Rijswijcklaan 159-171,2023-04-19,23:00:00,42,33,9,FMN 04 Jan Van Rijswijcklaan
652,Jan van Rijswijcklaan 159-171,2023-04-20,00:00:00,22,14,8,FMN 04 Jan Van Rijswijcklaan
652,Jan van Rijswijcklaan 159-171,2023-04-20,01:00:00,14,12,2,FMN 04 Jan Van Rijswijcklaan
652,Jan van Rijswijcklaan 159-171,2023-04-20,02:00:00,5,4,1,FMN 04 Jan Van Rijswijcklaan
652,Jan van Rijswijcklaan 159-171,2023-04-20,03:00:00,9,7,2,FMN 04 Jan Van Rijswijcklaan
652,Jan van Rijswijcklaan 159-171,2023-04-20,04:00:00,14,14,0,FMN 04 Jan Van Rijswijcklaan
652,Jan van Rijswijcklaan 159-171,2023-04-20,05:00:00,15,13,2,FMN 04 Jan Van Rijswijcklaan
652,Jan van Rijswijcklaan 159-171,2023-04-20,06:00:00,71,68,3,FMN 04 Jan Van Rijswijcklaan
652,Jan van Rijswijcklaan 159-171,2023-04-20,07:00:00,213,200,13,FMN 04 Jan Van Rijswijcklaan
652,Jan van Rijswijcklaan 159-171,2023-04-20,08:00:00,477,457,20,FMN 04 Jan Van Rijswijcklaan
652,Jan van Rijswijcklaan 159-171,2023-04-20,09:00:00,137,124,13,FMN 04 Jan Van Rijswijcklaan
652,Jan van Rijswijcklaan 159-171,2023-04-20,10:00:00,89,77,12,FMN 04 Jan Van Rijswijcklaan
652,Jan van Rijswijcklaan 159-171,2023-04-20,11:00:00,82,78,4,FMN 04 Jan Van Rijswijcklaan
652,Jan van Rijswijcklaan 159-171,2023-04-20,12:00:00,154,130,24,FMN 04 Jan Van Rijswijcklaan
652,Jan van Rijswijcklaan 159-171,2023-04-20,13:00:00,123,98,25,FMN 04 Jan Van Rijswijcklaan
652,Jan van Rijswijcklaan 159-171,2023-04-20,14:00:00,91,76,15,FMN 04 Jan Van Rijswijcklaan
652,Jan van Rijswijcklaan 159-171,2023-04-20,15:00:00,174,152,22,FMN 04 Jan Van Rijswijcklaan
652,Jan van Rijswijcklaan 159-171,2023-04-20,16:00:00,253,231,22,FMN 04 Jan Van Rijswijcklaan
652,Jan van Rijswijcklaan 159-171,2023-04-20,17:00:00,271,233,38,FMN 04 Jan Van Rijswijcklaan
652,Jan van Rijswijcklaan 159-171,2023-04-20,18:00:00,173,146,27,FMN 04 Jan Van Rijswijcklaan
652,Jan van Rijswijcklaan 159-171,2023-04-20,19:00:00,150,126,24,FMN 04 Jan Van Rijswijcklaan
652,Jan van Rijswijcklaan 159-171,2023-04-20,20:00:00,106,88,18,FMN 04 Jan Van Rijswijcklaan
652,Jan van Rijswijcklaan 159-171,2023-04-20,21:00:00,65,50,15,FMN 04 Jan Van Rijswijcklaan
652,Jan van Rijswijcklaan 159-171,2023-04-20,22:00:00,74,59,15,FMN 04 Jan Van Rijswijcklaan
652,Jan van Rijswijcklaan 159-171,2023-04-20,23:00:00,44,35,9,FMN 04 Jan Van Rijswijcklaan
652,Jan van Rijswijcklaan 159-171,2023-04-21,00:00:00,29,20,9,FMN 04 Jan Van Rijswijcklaan
652,Jan van Rijswijcklaan 159-171,2023-04-21,01:00:00,9,5,4,FMN 04 Jan Van Rijswijcklaan
652,Jan van Rijswijcklaan 159-171,2023-04-21,02:00:00,4,4,0,FMN 04 Jan Van Rijswijcklaan
652,Jan van Rijswijcklaan 159-171,2023-04-21,03:00:00,4,2,2,FMN 04 Jan Van Rijswijcklaan
652,Jan van Rijswijcklaan 159-171,2023-04-21,04:00:00,16,16,0,FMN 04 Jan Van Rijswijcklaan
652,Jan van Rijswijcklaan 159-171,2023-04-21,05:00:00,18,13,5,FMN 04 Jan Van Rijswijcklaan
652,Jan van Rijswijcklaan 159-171,2023-04-21,06:00:00,63,56,7,FMN 04 Jan Van Rijswijcklaan
652,Jan van Rijswijcklaan 159-171,2023-04-21,07:00:00,162,151,11,FMN 04 Jan Van Rijswijcklaan
652,Jan van Rijswijcklaan 159-171,2023-04-21,08:00:00,405,382,23,FMN 04 Jan Van Rijswijcklaan
652,Jan van Rijswijcklaan 159-171,2023-04-21,09:00:00,159,148,11,FMN 04 Jan Van Rijswijcklaan
652,Jan van Rijswijcklaan 159-171,2023-04-21,10:00:00,116,99,17,FMN 04 Jan Van Rijswijcklaan
652,Jan van Rijswijcklaan 159-171,2023-04-21,11:00:00,99,93,6,FMN 04 Jan Van Rijswijcklaan
652,Jan van Rijswijcklaan 159-171,2023-04-21,12:00:00,149,133,16,FMN 04 Jan Van Rijswijcklaan
652,Jan van Rijswijcklaan 159-171,2023-04-21,13:00:00,134,113,21,FMN 04 Jan Van Rijswijcklaan
652,Jan van Rijswijcklaan 159-171,2023-04-21,14:00:00,121,104,17,FMN 04 Jan Van Rijswijcklaan
652,Jan van Rijswijcklaan 159-171,2023-04-21,15:00:00,218,200,18,FMN 04 Jan Van Rijswijcklaan
652,Jan van Rijswijcklaan 159-171,2023-04-21,16:00:00,302,253,49,FMN 04 Jan Van Rijswijcklaan
652,Jan van Rijswijcklaan 159-171,2023-04-21,17:00:00,228,195,33,FMN 04 Jan Van Rijswijcklaan
652,Jan van Rijswijcklaan 159-171,2023-04-21,18:00:00,227,201,26,FMN 04 Jan Van Rijswijcklaan
652,Jan van Rijswijcklaan 159-171,2023-04-21,19:00:00,152,133,19,FMN 04 Jan Van Rijswijcklaan
652,Jan van Rijswijcklaan 159-171,2023-04-21,20:00:00,169,150,19,FMN 04 Jan Van Rijswijcklaan
652,Jan van Rijswijcklaan 159-171,2023-04-21,21:00:00,95,76,19,FMN 04 Jan Van Rijswijcklaan
652,Jan van Rijswijcklaan 159-171,2023-04-21,22:00:00,60,41,19,FMN 04 Jan Van Rijswijcklaan
652,Jan van Rijswijcklaan 159-171,2023-04-21,23:00:00,54,48,6,FMN 04 Jan Van Rijswijcklaan
652,Jan van Rijswijcklaan 159-171,2023-04-22,00:00:00,50,36,14,FMN 04 Jan Van Rijswijcklaan
652,Jan van Rijswijcklaan 159-171,2023-04-22,01:00:00,42,32,10,FMN 04 Jan Van Rijswijcklaan
652,Jan van Rijswijcklaan 159-171,2023-04-22,02:00:00,13,11,2,FMN 04 Jan Van Rijswijcklaan
652,Jan van Rijswijcklaan 159-171,2023-04-22,03:00:00,14,11,3,FMN 04 Jan Van Rijswijcklaan
652,Jan van Rijswijcklaan 159-171,2023-04-22,04:00:00,12,10,2,FMN 04 Jan Van Rijswijcklaan
652,Jan van Rijswijcklaan 159-171,2023-04-22,05:00:00,6,4,2,FMN 04 Jan Van Rijswijcklaan
652,Jan van Rijswijcklaan 159-171,2023-04-22,06:00:00,18,16,2,FMN 04 Jan Van Rijswijcklaan
652,Jan van Rijswijcklaan 159-171,2023-04-22,07:00:00,26,22,4,FMN 04 Jan Van Rijswijcklaan
652,Jan van Rijswijcklaan 159-171,2023-04-22,08:00:00,48,46,2,FMN 04 Jan Van Rijswijcklaan
652,Jan van Rijswijcklaan 159-171,2023-04-22,09:00:00,93,85,8,FMN 04 Jan Van Rijswijcklaan
652,Jan van Rijswijcklaan 159-171,2023-04-22,10:00:00,92,79,13,FMN 04 Jan Van Rijswijcklaan
652,Jan van Rijswijcklaan 159-171,2023-04-22,11:00:00,137,123,14,FMN 04 Jan Van Rijswijcklaan
652,Jan van Rijswijcklaan 159-171,2023-04-22,12:00:00,132,109,23,FMN 04 Jan Van Rijswijcklaan
652,Jan van Rijswijcklaan 159-171,2023-04-22,13:00:00,123,104,19,FMN 04 Jan Van Rijswijcklaan
652,Jan van Rijswijcklaan 159-171,2023-04-22,14:00:00,81,71,10,FMN 04 Jan Van Rijswijcklaan
652,Jan van Rijswijcklaan 159-171,2023-04-22,15:00:00,78,67,11,FMN 04 Jan Van Rijswijcklaan
652,Jan van Rijswijcklaan 159-171,2023-04-22,16:00:00,80,68,12,FMN 04 Jan Van Rijswijcklaan
652,Jan van Rijswijcklaan 159-171,2023-04-22,17:00:00,82,75,7,FMN 04 Jan Van Rijswijcklaan
652,Jan van Rijswijcklaan 159-171,2023-04-22,18:00:00,99,88,11,FMN 04 Jan Van Rijswijcklaan
652,Jan van Rijswijcklaan 159-171,2023-04-22,19:00:00,95,85,10,FMN 04 Jan Van Rijswijcklaan
652,Jan van Rijswijcklaan 159-171,2023-04-22,20:00:00,81,67,14,FMN 04 Jan Van Rijswijcklaan
652,Jan van Rijswijcklaan 159-171,2023-04-22,21:00:00,44,34,10,FMN 04 Jan Van Rijswijcklaan
652,Jan van Rijswijcklaan 159-171,2023-04-22,22:00:00,39,24,15,FMN 04 Jan Van Rijswijcklaan
652,Jan van Rijswijcklaan 159-171,2023-04-22,23:00:00,42,33,9,FMN 04 Jan Van Rijswijcklaan
652,Jan van Rijswijcklaan 159-171,2023-04-23,00:00:00,35,28,7,FMN 04 Jan Van Rijswijcklaan
652,Jan van Rijswijcklaan 159-171,2023-04-23,01:00:00,14,11,3,FMN 04 Jan Van Rijswijcklaan
652,Jan van Rijswijcklaan 159-171,2023-04-23,02:00:00,13,8,5,FMN 04 Jan Van Rijswijcklaan
652,Jan van Rijswijcklaan 159-171,2023-04-23,03:00:00,11,9,2,FMN 04 Jan Van Rijswijcklaan
652,Jan van Rijswijcklaan 159-171,2023-04-23,04:00:00,5,2,3,FMN 04 Jan Van Rijswijcklaan
652,Jan van Rijswijcklaan 159-171,2023-04-23,05:00:00,2,2,0,FMN 04 Jan Van Rijswijcklaan
652,Jan van Rijswijcklaan 159-171,2023-04-23,06:00:00,10,10,0,FMN 04 Jan Van Rijswijcklaan
652,Jan van Rijswijcklaan 159-171,2023-04-23,07:00:00,27,27,0,FMN 04 Jan Van Rijswijcklaan
652,Jan van Rijswijcklaan 159-171,2023-04-23,08:00:00,37,32,5,FMN 04 Jan Van Rijswijcklaan
652,Jan van Rijswijcklaan 159-171,2023-04-23,09:00:00,96,88,8,FMN 04 Jan Van Rijswijcklaan
652,Jan van Rijswijcklaan 159-171,2023-04-23,10:00:00,131,119,12,FMN 04 Jan Van Rijswijcklaan
652,Jan van Rijswijcklaan 159-171,2023-04-23,11:00:00,109,98,11,FMN 04 Jan Van Rijswijcklaan
652,Jan van Rijswijcklaan 159-171,2023-04-23,12:00:00,157,126,31,FMN 04 Jan Van Rijswijcklaan
652,Jan van Rijswijcklaan 159-171,2023-04-23,13:00:00,162,150,12,FMN 04 Jan Van Rijswijcklaan
652,Jan van Rijswijcklaan 159-171,2023-04-23,14:00:00,98,91,7,FMN 04 Jan Van Rijswijcklaan
652,Jan van Rijswijcklaan 159-171,2023-04-23,15:00:00,60,50,10,FMN 04 Jan Van Rijswijcklaan
652,Jan van Rijswijcklaan 159-171,2023-04-23,16:00:00,60,43,17,FMN 04 Jan Van Rijswijcklaan
652,Jan van Rijswijcklaan 159-171,2023-04-23,17:00:00,56,41,15,FMN 04 Jan Van Rijswijcklaan
652,Jan van Rijswijcklaan 159-171,2023-04-23,18:00:00,69,53,16,FMN 04 Jan Van Rijswijcklaan
652,Jan van Rijswijcklaan 159-171,2023-04-23,19:00:00,66,50,16,FMN 04 Jan Van Rijswijcklaan
652,Jan van Rijswijcklaan 159-171,2023-04-23,20:00:00,35,29,6,FMN 04 Jan Van Rijswijcklaan
652,Jan van Rijswijcklaan 159-171,2023-04-23,21:00:00,32,22,10,FMN 04 Jan Van Rijswijcklaan
652,Jan van Rijswijcklaan 159-171,2023-04-23,22:00:00,18,10,8,FMN 04 Jan Van Rijswijcklaan
652,Jan van Rijswijcklaan 159-171,2023-04-23,23:00:00,12,8,4,FMN 04 Jan Van Rijswijcklaan
652,Jan van Rijswijcklaan 159-171,2023-04-24,00:00:00,5,4,1,FMN 04 Jan Van Rijswijcklaan
652,Jan van Rijswijcklaan 159-171,2023-04-24,01:00:00,3,3,0,FMN 04 Jan Van Rijswijcklaan
652,Jan van Rijswijcklaan 159-171,2023-04-24,02:00:00,1,1,0,FMN 04 Jan Van Rijswijcklaan
652,Jan van Rijswijcklaan 159-171,2023-04-24,03:00:00,3,2,1,FMN 04 Jan Van Rijswijcklaan
652,Jan van Rijswijcklaan 159-171,2023-04-24,04:00:00,7,7,0,FMN 04 Jan Van Rijswijcklaan
652,Jan van Rijswijcklaan 159-171,2023-04-24,05:00:00,22,18,4,FMN 04 Jan Van Rijswijcklaan
652,Jan van Rijswijcklaan 159-171,2023-04-24,06:00:00,46,43,3,FMN 04 Jan Van Rijswijcklaan
652,Jan van Rijswijcklaan 159-171,2023-04-24,07:00:00,163,155,8,FMN 04 Jan Van Rijswijcklaan
652,Jan van Rijswijcklaan 159-171,2023-04-24,08:00:00,346,326,20,FMN 04 Jan Van Rijswijcklaan
652,Jan van Rijswijcklaan 159-171,2023-04-24,09:00:00,119,112,7,FMN 04 Jan Van Rijswijcklaan
652,Jan van Rijswijcklaan 159-171,2023-04-24,10:00:00,78,71,7,FMN 04 Jan Van Rijswijcklaan
652,Jan van Rijswijcklaan 159-171,2023-04-24,11:00:00,66,61,5,FMN 04 Jan Van Rijswijcklaan
652,Jan van Rijswijcklaan 159-171,2023-04-24,12:00:00,104,86,18,FMN 04 Jan Van Rijswijcklaan
652,Jan van Rijswijcklaan 159-171,2023-04-24,13:00:00,84,72,12,FMN 04 Jan Van Rijswijcklaan
652,Jan van Rijswijcklaan 159-171,2023-04-24,14:00:00,102,88,14,FMN 04 Jan Van Rijswijcklaan
652,Jan van Rijswijcklaan 159-171,2023-04-24,15:00:00,185,169,16,FMN 04 Jan Van Rijswijcklaan
652,Jan van Rijswijcklaan 159-171,2023-04-24,16:00:00,208,184,24,FMN 04 Jan Van Rijswijcklaan
652,Jan van Rijswijcklaan 159-171,2023-04-24,17:00:00,221,187,34,FMN 04 Jan Van Rijswijcklaan
652,Jan van Rijswijcklaan 159-171,2023-04-24,18:00:00,190,159,31,FMN 04 Jan Van Rijswijcklaan
652,Jan van Rijswijcklaan 159-171,2023-04-24,19:00:00,105,87,18,FMN 04 Jan Van Rijswijcklaan
652,Jan van Rijswijcklaan 159-171,2023-04-24,20:00:00,80,59,21,FMN 04 Jan Van Rijswijcklaan
652,Jan van Rijswijcklaan 159-171,2023-04-24,21:00:00,60,41,19,FMN 04 Jan Van Rijswijcklaan
652,Jan van Rijswijcklaan 159-171,2023-04-24,22:00:00,68,56,12,FMN 04 Jan Van Rijswijcklaan
652,Jan van Rijswijcklaan 159-171,2023-04-24,23:00:00,25,19,6,FMN 04 Jan Van Rijswijcklaan
652,Jan van Rijswijcklaan 159-171,2023-04-25,00:00:00,10,7,3,FMN 04 Jan Van Rijswijcklaan
652,Jan van Rijswijcklaan 159-171,2023-04-25,01:00:00,4,4,0,FMN 04 Jan Van Rijswijcklaan
652,Jan van Rijswijcklaan 159-171,2023-04-25,02:00:00,2,2,0,FMN 04 Jan Van Rijswijcklaan
652,Jan van Rijswijcklaan 159-171,2023-04-25,03:00:00,4,4,0,FMN 04 Jan Van Rijswijcklaan
652,Jan van Rijswijcklaan 159-171,2023-04-25,04:00:00,10,10,0,FMN 04 Jan Van Rijswijcklaan
652,Jan van Rijswijcklaan 159-171,2023-04-25,05:00:00,30,27,3,FMN 04 Jan Van Rijswijcklaan
652,Jan van Rijswijcklaan 159-171,2023-04-25,06:00:00,65,63,2,FMN 04 Jan Van Rijswijcklaan
652,Jan van Rijswijcklaan 159-171,2023-04-25,07:00:00,238,221,17,FMN 04 Jan Van Rijswijcklaan
652,Jan van Rijswijcklaan 159-171,2023-04-25,08:00:00,465,436,29,FMN 04 Jan Van Rijswijcklaan
652,Jan van Rijswijcklaan 159-171,2023-04-25,09:00:00,170,161,9,FMN 04 Jan Van Rijswijcklaan
652,Jan van Rijswijcklaan 159-171,2023-04-25,10:00:00,116,97,19,FMN 04 Jan Van Rijswijcklaan
652,Jan van Rijswijcklaan 159-171,2023-04-25,11:00:00,123,107,16,FMN 04 Jan Van Rijswijcklaan
652,Jan van Rijswijcklaan 159-171,2023-04-25,12:00:00,182,160,22,FMN 04 Jan Van Rijswijcklaan
652,Jan van Rijswijcklaan 159-171,2023-04-25,13:00:00,99,94,5,FMN 04 Jan Van Rijswijcklaan
652,Jan van Rijswijcklaan 159-171,2023-04-25,14:00:00,122,112,10,FMN 04 Jan Van Rijswijcklaan
652,Jan van Rijswijcklaan 159-171,2023-04-25,15:00:00,209,188,21,FMN 04 Jan Van Rijswijcklaan
652,Jan van Rijswijcklaan 159-171,2023-04-25,16:00:00,272,238,34,FMN 04 Jan Van Rijswijcklaan
652,Jan van Rijswijcklaan 159-171,2023-04-25,17:00:00,275,243,32,FMN 04 Jan Van Rijswijcklaan
652,Jan van Rijswijcklaan 159-171,2023-04-25,18:00:00,223,191,32,FMN 04 Jan Van Rijswijcklaan
652,Jan van Rijswijcklaan 159-171,2023-04-25,19:00:00,136,111,25,FMN 04 Jan Van Rijswijcklaan
652,Jan van Rijswijcklaan 159-171,2023-04-25,20:00:00,93,79,14,FMN 04 Jan Van Rijswijcklaan
652,Jan van Rijswijcklaan 159-171,2023-04-25,21:00:00,87,67,20,FMN 04 Jan Van Rijswijcklaan
652,Jan van Rijswijcklaan 159-171,2023-04-25,22:00:00,71,62,9,FMN 04 Jan Van Rijswijcklaan
652,Jan van Rijswijcklaan 159-171,2023-04-25,23:00:00,40,32,8,FMN 04 Jan Van Rijswijcklaan
652,Jan van Rijswijcklaan 159-171,2023-04-26,00:00:00,19,13,6,FMN 04 Jan Van Rijswijcklaan
652,Jan van Rijswijcklaan 159-171,2023-04-26,01:00:00,9,6,3,FMN 04 Jan Van Rijswijcklaan
652,Jan van Rijswijcklaan 159-171,2023-04-26,02:00:00,5,4,1,FMN 04 Jan Van Rijswijcklaan
652,Jan van Rijswijcklaan 159-171,2023-04-26,03:00:00,6,6,0,FMN 04 Jan Van Rijswijcklaan
652,Jan van Rijswijcklaan 159-171,2023-04-26,04:00:00,11,11,0,FMN 04 Jan Van Rijswijcklaan
652,Jan van Rijswijcklaan 159-171,2023-04-26,05:00:00,31,24,7,FMN 04 Jan Van Rijswijcklaan
652,Jan van Rijswijcklaan 159-171,2023-04-26,06:00:00,63,59,4,FMN 04 Jan Van Rijswijcklaan
652,Jan van Rijswijcklaan 159-171,2023-04-26,07:00:00,232,215,17,FMN 04 Jan Van Rijswijcklaan
652,Jan van Rijswijcklaan 159-171,2023-04-26,08:00:00,405,379,26,FMN 04 Jan Van Rijswijcklaan
652,Jan van Rijswijcklaan 159-171,2023-04-26,09:00:00,138,127,11,FMN 04 Jan Van Rijswijcklaan
652,Jan van Rijswijcklaan 159-171,2023-04-26,10:00:00,120,94,26,FMN 04 Jan Van Rijswijcklaan
652,Jan van Rijswijcklaan 159-171,2023-04-26,11:00:00,101,92,9,FMN 04 Jan Van Rijswijcklaan
652,Jan van Rijswijcklaan 159-171,2023-04-26,12:00:00,308,294,14,FMN 04 Jan Van Rijswijcklaan
652,Jan van Rijswijcklaan 159-171,2023-04-26,13:00:00,135,120,15,FMN 04 Jan Van Rijswijcklaan
652,Jan van Rijswijcklaan 159-171,2023-04-26,14:00:00,136,116,20,FMN 04 Jan Van Rijswijcklaan
652,Jan van Rijswijcklaan 159-171,2023-04-26,15:00:00,162,136,26,FMN 04 Jan Van Rijswijcklaan
652,Jan van Rijswijcklaan 159-171,2023-04-26,16:00:00,209,178,31,FMN 04 Jan Van Rijswijcklaan
652,Jan van Rijswijcklaan 159-171,2023-04-26,17:00:00,262,230,32,FMN 04 Jan Van Rijswijcklaan
652,Jan van Rijswijcklaan 159-171,2023-04-26,18:00:00,250,216,34,FMN 04 Jan Van Rijswijcklaan
652,Jan van Rijswijcklaan 159-171,2023-04-26,19:00:00,140,119,21,FMN 04 Jan Van Rijswijcklaan
652,Jan van Rijswijcklaan 159-171,2023-04-26,20:00:00,129,113,16,FMN 04 Jan Van Rijswijcklaan
652,Jan van Rijswijcklaan 159-171,2023-04-26,21:00:00,80,66,14,FMN 04 Jan Van Rijswijcklaan
652,Jan van Rijswijcklaan 159-171,2023-04-26,22:00:00,56,46,10,FMN 04 Jan Van Rijswijcklaan
652,Jan van Rijswijcklaan 159-171,2023-04-26,23:00:00,21,13,8,FMN 04 Jan Van Rijswijcklaan
652,Jan van Rijswijcklaan 159-171,2023-04-27,00:00:00,17,9,8,FMN 04 Jan Van Rijswijcklaan
652,Jan van Rijswijcklaan 159-171,2023-04-27,01:00:00,6,4,2,FMN 04 Jan Van Rijswijcklaan
652,Jan van Rijswijcklaan 159-171,2023-04-27,02:00:00,3,3,0,FMN 04 Jan Van Rijswijcklaan
652,Jan van Rijswijcklaan 159-171,2023-04-27,03:00:00,4,3,1,FMN 04 Jan Van Rijswijcklaan
652,Jan van Rijswijcklaan 159-171,2023-04-27,04:00:00,14,14,0,FMN 04 Jan Van Rijswijcklaan
652,Jan van Rijswijcklaan 159-171,2023-04-27,05:00:00,25,21,4,FMN 04 Jan Van Rijswijcklaan
652,Jan van Rijswijcklaan 159-171,2023-04-27,06:00:00,66,61,5,FMN 04 Jan Van Rijswijcklaan
652,Jan van Rijswijcklaan 159-171,2023-04-27,07:00:00,232,214,18,FMN 04 Jan Van Rijswijcklaan
652,Jan van Rijswijcklaan 159-171,2023-04-27,08:00:00,515,490,25,FMN 04 Jan Van Rijswijcklaan
652,Jan van Rijswijcklaan 159-171,2023-04-27,09:00:00,164,152,12,FMN 04 Jan Van Rijswijcklaan
652,Jan van Rijswijcklaan 159-171,2023-04-27,10:00:00,107,100,7,FMN 04 Jan Van Rijswijcklaan
652,Jan van Rijswijcklaan 159-171,2023-04-27,11:00:00,102,91,11,FMN 04 Jan Van Rijswijcklaan
652,Jan van Rijswijcklaan 159-171,2023-04-27,12:00:00,155,135,20,FMN 04 Jan Van Rijswijcklaan
652,Jan van Rijswijcklaan 159-171,2023-04-27,13:00:00,136,112,24,FMN 04 Jan Van Rijswijcklaan
652,Jan van Rijswijcklaan 159-171,2023-04-27,14:00:00,112,99,13,FMN 04 Jan Van Rijswijcklaan
652,Jan van Rijswijcklaan 159-171,2023-04-27,15:00:00,231,207,24,FMN 04 Jan Van Rijswijcklaan
652,Jan van Rijswijcklaan 159-171,2023-04-27,16:00:00,355,328,27,FMN 04 Jan Van Rijswijcklaan
652,Jan van Rijswijcklaan 159-171,2023-04-27,17:00:00,277,240,37,FMN 04 Jan Van Rijswijcklaan
652,Jan van Rijswijcklaan 159-171,2023-04-27,18:00:00,207,172,35,FMN 04 Jan Van Rijswijcklaan
652,Jan van Rijswijcklaan 159-171,2023-04-27,19:00:00,153,120,33,FMN 04 Jan Van Rijswijcklaan
652,Jan van Rijswijcklaan 159-171,2023-04-27,20:00:00,102,76,26,FMN 04 Jan Van Rijswijcklaan
652,Jan van Rijswijcklaan 159-171,2023-04-27,21:00:00,92,77,15,FMN 04 Jan Van Rijswijcklaan
652,Jan van Rijswijcklaan 159-171,2023-04-27,22:00:00,82,67,15,FMN 04 Jan Van Rijswijcklaan
652,Jan van Rijswijcklaan 159-171,2023-04-27,23:00:00,28,22,6,FMN 04 Jan Van Rijswijcklaan
652,Jan van Rijswijcklaan 159-171,2023-04-28,00:00:00,27,24,3,FMN 04 Jan Van Rijswijcklaan
652,Jan van Rijswijcklaan 159-171,2023-04-28,01:00:00,6,3,3,FMN 04 Jan Van Rijswijcklaan
652,Jan van Rijswijcklaan 159-171,2023-04-28,02:00:00,3,3,0,FMN 04 Jan Van Rijswijcklaan
652,Jan van Rijswijcklaan 159-171,2023-04-28,03:00:00,9,6,3,FMN 04 Jan Van Rijswijcklaan
652,Jan van Rijswijcklaan 159-171,2023-04-28,04:00:00,15,13,2,FMN 04 Jan Van Rijswijcklaan
652,Jan van Rijswijcklaan 159-171,2023-04-28,05:00:00,26,20,6,FMN 04 Jan Van Rijswijcklaan
652,Jan van Rijswijcklaan 159-171,2023-04-28,06:00:00,63,56,7,FMN 04 Jan Van Rijswijcklaan
652,Jan van Rijswijcklaan 159-171,2023-04-28,07:00:00,178,167,11,FMN 04 Jan Van Rijswijcklaan
652,Jan van Rijswijcklaan 159-171,2023-04-28,08:00:00,374,358,16,FMN 04 Jan Van Rijswijcklaan
652,Jan van Rijswijcklaan 159-171,2023-04-28,09:00:00,132,123,9,FMN 04 Jan Van Rijswijcklaan
652,Jan van Rijswijcklaan 159-171,2023-04-28,10:00:00,105,94,11,FMN 04 Jan Van Rijswijcklaan
652,Jan van Rijswijcklaan 159-171,2023-04-28,11:00:00,92,83,9,FMN 04 Jan Van Rijswijcklaan
652,Jan van Rijswijcklaan 159-171,2023-04-28,12:00:00,152,138,14,FMN 04 Jan Van Rijswijcklaan
652,Jan van Rijswijcklaan 159-171,2023-04-28,13:00:00,114,96,18,FMN 04 Jan Van Rijswijcklaan
652,Jan van Rijswijcklaan 159-171,2023-04-28,14:00:00,129,113,16,FMN 04 Jan Van Rijswijcklaan
652,Jan van Rijswijcklaan 159-171,2023-04-28,15:00:00,204,170,34,FMN 04 Jan Van Rijswijcklaan
652,Jan van Rijswijcklaan 159-171,2023-04-28,16:00:00,269,229,40,FMN 04 Jan Van Rijswijcklaan
652,Jan van Rijswijcklaan 159-171,2023-04-28,17:00:00,197,171,26,FMN 04 Jan Van Rijswijcklaan
652,Jan van Rijswijcklaan 159-171,2023-04-28,18:00:00,225,183,42,FMN 04 Jan Van Rijswijcklaan
652,Jan van Rijswijcklaan 159-171,2023-04-28,19:00:00,146,122,24,FMN 04 Jan Van Rijswijcklaan
652,Jan van Rijswijcklaan 159-171,2023-04-28,20:00:00,119,109,10,FMN 04 Jan Van Rijswijcklaan
652,Jan van Rijswijcklaan 159-171,2023-04-28,21:00:00,82,70,12,FMN 04 Jan Van Rijswijcklaan
652,Jan van Rijswijcklaan 159-171,2023-04-28,22:00:00,80,69,11,FMN 04 Jan Van Rijswijcklaan
652,Jan van Rijswijcklaan 159-171,2023-04-28,23:00:00,45,28,17,FMN 04 Jan Van Rijswijcklaan
652,Jan van Rijswijcklaan 159-171,2023-04-29,00:00:00,33,28,5,FMN 04 Jan Van Rijswijcklaan
652,Jan van Rijswijcklaan 159-171,2023-04-29,01:00:00,28,19,9,FMN 04 Jan Van Rijswijcklaan
652,Jan van Rijswijcklaan 159-171,2023-04-29,02:00:00,11,8,3,FMN 04 Jan Van Rijswijcklaan
652,Jan van Rijswijcklaan 159-171,2023-04-29,03:00:00,12,9,3,FMN 04 Jan Van Rijswijcklaan
652,Jan van Rijswijcklaan 159-171,2023-04-29,04:00:00,12,12,0,FMN 04 Jan Van Rijswijcklaan
652,Jan van Rijswijcklaan 159-171,2023-04-29,05:00:00,10,6,4,FMN 04 Jan Van Rijswijcklaan
652,Jan van Rijswijcklaan 159-171,2023-04-29,06:00:00,14,13,1,FMN 04 Jan Van Rijswijcklaan
652,Jan van Rijswijcklaan 159-171,2023-04-29,07:00:00,27,21,6,FMN 04 Jan Van Rijswijcklaan
652,Jan van Rijswijcklaan 159-171,2023-04-29,08:00:00,49,44,5,FMN 04 Jan Van Rijswijcklaan
652,Jan van Rijswijcklaan 159-171,2023-04-29,09:00:00,113,99,14,FMN 04 Jan Van Rijswijcklaan
652,Jan van Rijswijcklaan 159-171,2023-04-29,10:00:00,113,99,14,FMN 04 Jan Van Rijswijcklaan
652,Jan van Rijswijcklaan 159-171,2023-04-29,11:00:00,129,110,19,FMN 04 Jan Van Rijswijcklaan
652,Jan van Rijswijcklaan 159-171,2023-04-29,12:00:00,162,144,18,FMN 04 Jan Van Rijswijcklaan
652,Jan van Rijswijcklaan 159-171,2023-04-29,13:00:00,166,141,25,FMN 04 Jan Van Rijswijcklaan
652,Jan van Rijswijcklaan 159-171,2023-04-29,14:00:00,164,143,21,FMN 04 Jan Van Rijswijcklaan
652,Jan van Rijswijcklaan 159-171,2023-04-29,15:00:00,154,126,28,FMN 04 Jan Van Rijswijcklaan
652,Jan van Rijswijcklaan 159-171,2023-04-29,16:00:00,124,104,20,FMN 04 Jan Van Rijswijcklaan
652,Jan van Rijswijcklaan 159-171,2023-04-29,17:00:00,121,97,24,FMN 04 Jan Van Rijswijcklaan
652,Jan van Rijswijcklaan 159-171,2023-04-29,18:00:00,141,118,23,FMN 04 Jan Van Rijswijcklaan
652,Jan van Rijswijcklaan 159-171,2023-04-29,19:00:00,110,96,14,FMN 04 Jan Van Rijswijcklaan
652,Jan van Rijswijcklaan 159-171,2023-04-29,20:00:00,82,67,15,FMN 04 Jan Van Rijswijcklaan
652,Jan van Rijswijcklaan 159-171,2023-04-29,21:00:00,45,34,11,FMN 04 Jan Van Rijswijcklaan
652,Jan van Rijswijcklaan 159-171,2023-04-29,22:00:00,60,46,14,FMN 04 Jan Van Rijswijcklaan
652,Jan van Rijswijcklaan 159-171,2023-04-29,23:00:00,33,22,11,FMN 04 Jan Van Rijswijcklaan
652,Jan van Rijswijcklaan 159-171,2023-04-30,00:00:00,31,26,5,FMN 04 Jan Van Rijswijcklaan
652,Jan van Rijswijcklaan 159-171,2023-04-30,01:00:00,22,19,3,FMN 04 Jan Van Rijswijcklaan
652,Jan van Rijswijcklaan 159-171,2023-04-30,02:00:00,7,5,2,FMN 04 Jan Van Rijswijcklaan
652,Jan van Rijswijcklaan 159-171,2023-04-30,03:00:00,6,5,1,FMN 04 Jan Van Rijswijcklaan
652,Jan van Rijswijcklaan 159-171,2023-04-30,04:00:00,3,3,0,FMN 04 Jan Van Rijswijcklaan
652,Jan van Rijswijcklaan 159-171,2023-04-30,05:00:00,2,2,0,FMN 04 Jan Van Rijswijcklaan
652,Jan van Rijswijcklaan 159-171,2023-04-30,06:00:00,5,5,0,FMN 04 Jan Van Rijswijcklaan
652,Jan van Rijswijcklaan 159-171,2023-04-30,07:00:00,15,13,2,FMN 04 Jan Van Rijswijcklaan
652,Jan van Rijswijcklaan 159-171,2023-04-30,08:00:00,40,34,6,FMN 04 Jan Van Rijswijcklaan
652,Jan van Rijswijcklaan 159-171,2023-04-30,09:00:00,104,91,13,FMN 04 Jan Van Rijswijcklaan
652,Jan van Rijswijcklaan 159-171,2023-04-30,10:00:00,120,92,28,FMN 04 Jan Van Rijswijcklaan
652,Jan van Rijswijcklaan 159-171,2023-04-30,11:00:00,126,102,24,FMN 04 Jan Van Rijswijcklaan
652,Jan van Rijswijcklaan 159-171,2023-04-30,12:00:00,130,97,33,FMN 04 Jan Van Rijswijcklaan
652,Jan van Rijswijcklaan 159-171,2023-04-30,13:00:00,169,120,49,FMN 04 Jan Van Rijswijcklaan
652,Jan van Rijswijcklaan 159-171,2023-04-30,14:00:00,144,121,23,FMN 04 Jan Van Rijswijcklaan
652,Jan van Rijswijcklaan 159-171,2023-04-30,15:00:00,105,88,17,FMN 04 Jan Van Rijswijcklaan
652,Jan van Rijswijcklaan 159-171,2023-04-30,16:00:00,107,84,23,FMN 04 Jan Van Rijswijcklaan
652,Jan van Rijswijcklaan 159-171,2023-04-30,17:00:00,107,78,29,FMN 04 Jan Van Rijswijcklaan
652,Jan van Rijswijcklaan 159-171,2023-04-30,18:00:00,144,122,22,FMN 04 Jan Van Rijswijcklaan
652,Jan van Rijswijcklaan 159-171,2023-04-30,19:00:00,116,102,14,FMN 04 Jan Van Rijswijcklaan
652,Jan van Rijswijcklaan 159-171,2023-04-30,20:00:00,125,109,16,FMN 04 Jan Van Rijswijcklaan
652,Jan van Rijswijcklaan 159-171,2023-04-30,21:00:00,67,56,11,FMN 04 Jan Van Rijswijcklaan
652,Jan van Rijswijcklaan 159-171,2023-04-30,22:00:00,64,58,6,FMN 04 Jan Van Rijswijcklaan
652,Jan van Rijswijcklaan 159-171,2023-04-30,23:00:00,76,62,14,FMN 04 Jan Van Rijswijcklaan
652,Jan van Rijswijcklaan 159-171,2023-05-01,00:00:00,33,21,12,FMN 04 Jan Van Rijswijcklaan
652,Jan van Rijswijcklaan 159-171,2023-05-01,01:00:00,16,12,4,FMN 04 Jan Van Rijswijcklaan
652,Jan van Rijswijcklaan 159-171,2023-05-01,02:00:00,7,5,2,FMN 04 Jan Van Rijswijcklaan
652,Jan van Rijswijcklaan 159-171,2023-05-01,03:00:00,8,6,2,FMN 04 Jan Van Rijswijcklaan
652,Jan van Rijswijcklaan 159-171,2023-05-01,04:00:00,2,2,0,FMN 04 Jan Van Rijswijcklaan
652,Jan van Rijswijcklaan 159-171,2023-05-01,05:00:00,6,6,0,FMN 04 Jan Van Rijswijcklaan
652,Jan van Rijswijcklaan 159-171,2023-05-01,06:00:00,11,11,0,FMN 04 Jan Van Rijswijcklaan
652,Jan van Rijswijcklaan 159-171,2023-05-01,07:00:00,18,18,0,FMN 04 Jan Van Rijswijcklaan
652,Jan van Rijswijcklaan 159-171,2023-05-01,08:00:00,39,33,6,FMN 04 Jan Van Rijswijcklaan
652,Jan van Rijswijcklaan 159-171,2023-05-01,09:00:00,85,73,12,FMN 04 Jan Van Rijswijcklaan
652,Jan van Rijswijcklaan 159-171,2023-05-01,10:00:00,110,95,15,FMN 04 Jan Van Rijswijcklaan
652,Jan van Rijswijcklaan 159-171,2023-05-01,11:00:00,82,66,16,FMN 04 Jan Van Rijswijcklaan
652,Jan van Rijswijcklaan 159-171,2023-05-01,12:00:00,82,67,15,FMN 04 Jan Van Rijswijcklaan
652,Jan van Rijswijcklaan 159-171,2023-05-01,13:00:00,107,95,12,FMN 04 Jan Van Rijswijcklaan
652,Jan van Rijswijcklaan 159-171,2023-05-01,14:00:00,98,85,13,FMN 04 Jan Van Rijswijcklaan
652,Jan van Rijswijcklaan 159-171,2023-05-01,15:00:00,97,75,22,FMN 04 Jan Van Rijswijcklaan
652,Jan van Rijswijcklaan 159-171,2023-05-01,16:00:00,71,66,5,FMN 04 Jan Van Rijswijcklaan
652,Jan van Rijswijcklaan 159-171,2023-05-01,17:00:00,113,93,20,FMN 04 Jan Van Rijswijcklaan
652,Jan van Rijswijcklaan 159-171,2023-05-01,18:00:00,104,82,22,FMN 04 Jan Van Rijswijcklaan
652,Jan van Rijswijcklaan 159-171,2023-05-01,19:00:00,93,76,17,FMN 04 Jan Van Rijswijcklaan
652,Jan van Rijswijcklaan 159-171,2023-05-01,20:00:00,80,63,17,FMN 04 Jan Van Rijswijcklaan
652,Jan van Rijswijcklaan 159-171,2023-05-01,21:00:00,42,32,10,FMN 04 Jan Van Rijswijcklaan
652,Jan van Rijswijcklaan 159-171,2023-05-01,22:00:00,63,49,14,FMN 04 Jan Van Rijswijcklaan
652,Jan van Rijswijcklaan 159-171,2023-05-01,23:00:00,14,11,3,FMN 04 Jan Van Rijswijcklaan
652,Jan van Rijswijcklaan 159-171,2023-05-02,00:00:00,13,10,3,FMN 04 Jan Van Rijswijcklaan
652,Jan van Rijswijcklaan 159-171,2023-05-02,01:00:00,5,5,0,FMN 04 Jan Van Rijswijcklaan
652,Jan van Rijswijcklaan 159-171,2023-05-02,02:00:00,3,2,1,FMN 04 Jan Van Rijswijcklaan
652,Jan van Rijswijcklaan 159-171,2023-05-02,03:00:00,3,3,0,FMN 04 Jan Van Rijswijcklaan
652,Jan van Rijswijcklaan 159-171,2023-05-02,04:00:00,8,6,2,FMN 04 Jan Van Rijswijcklaan
652,Jan van Rijswijcklaan 159-171,2023-05-02,05:00:00,24,20,4,FMN 04 Jan Van Rijswijcklaan
652,Jan van Rijswijcklaan 159-171,2023-05-02,06:00:00,64,57,7,FMN 04 Jan Van Rijswijcklaan
652,Jan van Rijswijcklaan 159-171,2023-05-02,07:00:00,256,232,24,FMN 04 Jan Van Rijswijcklaan
652,Jan van Rijswijcklaan 159-171,2023-05-02,08:00:00,519,496,23,FMN 04 Jan Van Rijswijcklaan
652,Jan van Rijswijcklaan 159-171,2023-05-02,09:00:00,194,176,18,FMN 04 Jan Van Rijswijcklaan
652,Jan van Rijswijcklaan 159-171,2023-05-02,10:00:00,129,115,14,FMN 04 Jan Van Rijswijcklaan
652,Jan van Rijswijcklaan 159-171,2023-05-02,11:00:00,100,90,10,FMN 04 Jan Van Rijswijcklaan
652,Jan van Rijswijcklaan 159-171,2023-05-02,12:00:00,200,175,25,FMN 04 Jan Van Rijswijcklaan
652,Jan van Rijswijcklaan 159-171,2023-05-02,13:00:00,178,142,36,FMN 04 Jan Van Rijswijcklaan
652,Jan van Rijswijcklaan 159-171,2023-05-02,14:00:00,149,119,30,FMN 04 Jan Van Rijswijcklaan
652,Jan van Rijswijcklaan 159-171,2023-05-02,15:00:00,297,262,35,FMN 04 Jan Van Rijswijcklaan
652,Jan van Rijswijcklaan 159-171,2023-05-02,16:00:00,340,292,48,FMN 04 Jan Van Rijswijcklaan
652,Jan van Rijswijcklaan 159-171,2023-05-02,17:00:00,286,241,45,FMN 04 Jan Van Rijswijcklaan
652,Jan van Rijswijcklaan 159-171,2023-05-02,18:00:00,242,215,27,FMN 04 Jan Van Rijswijcklaan
652,Jan van Rijswijcklaan 159-171,2023-05-02,19:00:00,173,137,36,FMN 04 Jan Van Rijswijcklaan
652,Jan van Rijswijcklaan 159-171,2023-05-02,20:00:00,130,104,26,FMN 04 Jan Van Rijswijcklaan
652,Jan van Rijswijcklaan 159-171,2023-05-02,21:00:00,84,64,20,FMN 04 Jan Van Rijswijcklaan
652,Jan van Rijswijcklaan 159-171,2023-05-02,22:00:00,78,63,15,FMN 04 Jan Van Rijswijcklaan
652,Jan van Rijswijcklaan 159-171,2023-05-02,23:00:00,29,25,4,FMN 04 Jan Van Rijswijcklaan
652,Jan van Rijswijcklaan 159-171,2023-05-03,00:00:00,4,3,1,FMN 04 Jan Van Rijswijcklaan
652,Jan van Rijswijcklaan 159-171,2023-05-03,01:00:00,7,5,2,FMN 04 Jan Van Rijswijcklaan
652,Jan van Rijswijcklaan 159-171,2023-05-03,02:00:00,3,2,1,FMN 04 Jan Van Rijswijcklaan
652,Jan van Rijswijcklaan 159-171,2023-05-03,03:00:00,3,2,1,FMN 04 Jan Van Rijswijcklaan
652,Jan van Rijswijcklaan 159-171,2023-05-03,04:00:00,10,8,2,FMN 04 Jan Van Rijswijcklaan
652,Jan van Rijswijcklaan 159-171,2023-05-03,05:00:00,25,25,0,FMN 04 Jan Van Rijswijcklaan
652,Jan van Rijswijcklaan 159-171,2023-05-03,06:00:00,79,73,6,FMN 04 Jan Van Rijswijcklaan
652,Jan van Rijswijcklaan 159-171,2023-05-03,07:00:00,257,239,18,FMN 04 Jan Van Rijswijcklaan
652,Jan van Rijswijcklaan 159-171,2023-05-03,08:00:00,457,432,25,FMN 04 Jan Van Rijswijcklaan
652,Jan van Rijswijcklaan 159-171,2023-05-03,09:00:00,188,169,19,FMN 04 Jan Van Rijswijcklaan
652,Jan van Rijswijcklaan 159-171,2023-05-03,10:00:00,155,124,31,FMN 04 Jan Van Rijswijcklaan
652,Jan van Rijswijcklaan 159-171,2023-05-03,11:00:00,129,109,20,FMN 04 Jan Van Rijswijcklaan
652,Jan van Rijswijcklaan 159-171,2023-05-03,12:00:00,343,318,25,FMN 04 Jan Van Rijswijcklaan
652,Jan van Rijswijcklaan 159-171,2023-05-03,13:00:00,192,161,31,FMN 04 Jan Van Rijswijcklaan
652,Jan van Rijswijcklaan 159-171,2023-05-03,14:00:00,159,134,25,FMN 04 Jan Van Rijswijcklaan
652,Jan van Rijswijcklaan 159-171,2023-05-03,15:00:00,182,143,39,FMN 04 Jan Van Rijswijcklaan
652,Jan van Rijswijcklaan 159-171,2023-05-03,16:00:00,290,245,45,FMN 04 Jan Van Rijswijcklaan
652,Jan van Rijswijcklaan 159-171,2023-05-03,17:00:00,311,259,52,FMN 04 Jan Van Rijswijcklaan
652,Jan van Rijswijcklaan 159-171,2023-05-03,18:00:00,289,241,48,FMN 04 Jan Van Rijswijcklaan
652,Jan van Rijswijcklaan 159-171,2023-05-03,19:00:00,193,173,20,FMN 04 Jan Van Rijswijcklaan
652,Jan van Rijswijcklaan 159-171,2023-05-03,20:00:00,171,143,28,FMN 04 Jan Van Rijswijcklaan
652,Jan van Rijswijcklaan 159-171,2023-05-03,21:00:00,67,59,8,FMN 04 Jan Van Rijswijcklaan
652,Jan van Rijswijcklaan 159-171,2023-05-03,22:00:00,89,75,14,FMN 04 Jan Van Rijswijcklaan
652,Jan van Rijswijcklaan 159-171,2023-05-03,23:00:00,32,26,6,FMN 04 Jan Van Rijswijcklaan
652,Jan van Rijswijcklaan 159-171,2023-05-04,00:00:00,10,10,0,FMN 04 Jan Van Rijswijcklaan
652,Jan van Rijswijcklaan 159-171,2023-05-04,01:00:00,9,6,3,FMN 04 Jan Van Rijswijcklaan
652,Jan van Rijswijcklaan 159-171,2023-05-04,02:00:00,0,0,0,FMN 04 Jan Van Rijswijcklaan
652,Jan van Rijswijcklaan 159-171,2023-05-04,03:00:00,2,2,0,FMN 04 Jan Van Rijswijcklaan
652,Jan van Rijswijcklaan 159-171,2023-05-04,04:00:00,9,8,1,FMN 04 Jan Van Rijswijcklaan
652,Jan van Rijswijcklaan 159-171,2023-05-04,05:00:00,28,24,4,FMN 04 Jan Van Rijswijcklaan
652,Jan van Rijswijcklaan 159-171,2023-05-04,06:00:00,72,70,2,FMN 04 Jan Van Rijswijcklaan
652,Jan van Rijswijcklaan 159-171,2023-05-04,07:00:00,252,235,17,FMN 04 Jan Van Rijswijcklaan
652,Jan van Rijswijcklaan 159-171,2023-05-04,08:00:00,565,546,19,FMN 04 Jan Van Rijswijcklaan
652,Jan van Rijswijcklaan 159-171,2023-05-04,09:00:00,196,173,23,FMN 04 Jan Van Rijswijcklaan
652,Jan van Rijswijcklaan 159-171,2023-05-04,10:00:00,113,98,15,FMN 04 Jan Van Rijswijcklaan
652,Jan van Rijswijcklaan 159-171,2023-05-04,11:00:00,118,107,11,FMN 04 Jan Van Rijswijcklaan
652,Jan van Rijswijcklaan 159-171,2023-05-04,12:00:00,174,143,31,FMN 04 Jan Van Rijswijcklaan
652,Jan van Rijswijcklaan 159-171,2023-05-04,13:00:00,179,151,28,FMN 04 Jan Van Rijswijcklaan
652,Jan van Rijswijcklaan 159-171,2023-05-04,14:00:00,147,128,19,FMN 04 Jan Van Rijswijcklaan
652,Jan van Rijswijcklaan 159-171,2023-05-04,15:00:00,270,229,41,FMN 04 Jan Van Rijswijcklaan
652,Jan van Rijswijcklaan 159-171,2023-05-04,16:00:00,311,284,27,FMN 04 Jan Van Rijswijcklaan
652,Jan van Rijswijcklaan 159-171,2023-05-04,17:00:00,332,276,56,FMN 04 Jan Van Rijswijcklaan
652,Jan van Rijswijcklaan 159-171,2023-05-04,18:00:00,290,234,56,FMN 04 Jan Van Rijswijcklaan
652,Jan van Rijswijcklaan 159-171,2023-05-04,19:00:00,207,163,44,FMN 04 Jan Van Rijswijcklaan
652,Jan van Rijswijcklaan 159-171,2023-05-04,20:00:00,137,112,25,FMN 04 Jan Van Rijswijcklaan
652,Jan van Rijswijcklaan 159-171,2023-05-04,21:00:00,98,74,24,FMN 04 Jan Van Rijswijcklaan
652,Jan van Rijswijcklaan 159-171,2023-05-04,22:00:00,105,76,29,FMN 04 Jan Van Rijswijcklaan
652,Jan van Rijswijcklaan 159-171,2023-05-04,23:00:00,47,40,7,FMN 04 Jan Van Rijswijcklaan
652,Jan van Rijswijcklaan 159-171,2023-05-05,00:00:00,16,11,5,FMN 04 Jan Van Rijswijcklaan
652,Jan van Rijswijcklaan 159-171,2023-05-05,01:00:00,15,4,11,FMN 04 Jan Van Rijswijcklaan
652,Jan van Rijswijcklaan 159-171,2023-05-05,02:00:00,5,5,0,FMN 04 Jan Van Rijswijcklaan
652,Jan van Rijswijcklaan 159-171,2023-05-05,03:00:00,3,3,0,FMN 04 Jan Van Rijswijcklaan
652,Jan van Rijswijcklaan 159-171,2023-05-05,04:00:00,14,13,1,FMN 04 Jan Van Rijswijcklaan
652,Jan van Rijswijcklaan 159-171,2023-05-05,05:00:00,17,15,2,FMN 04 Jan Van Rijswijcklaan
652,Jan van Rijswijcklaan 159-171,2023-05-05,06:00:00,61,54,7,FMN 04 Jan Van Rijswijcklaan
652,Jan van Rijswijcklaan 159-171,2023-05-05,07:00:00,227,212,15,FMN 04 Jan Van Rijswijcklaan
652,Jan van Rijswijcklaan 159-171,2023-05-05,08:00:00,420,398,22,FMN 04 Jan Van Rijswijcklaan
652,Jan van Rijswijcklaan 159-171,2023-05-05,09:00:00,185,173,12,FMN 04 Jan Van Rijswijcklaan
652,Jan van Rijswijcklaan 159-171,2023-05-05,10:00:00,116,91,25,FMN 04 Jan Van Rijswijcklaan
652,Jan van Rijswijcklaan 159-171,2023-05-05,11:00:00,89,69,20,FMN 04 Jan Van Rijswijcklaan
652,Jan van Rijswijcklaan 159-171,2023-05-05,12:00:00,143,124,19,FMN 04 Jan Van Rijswijcklaan
652,Jan van Rijswijcklaan 159-171,2023-05-05,13:00:00,111,93,18,FMN 04 Jan Van Rijswijcklaan
652,Jan van Rijswijcklaan 159-171,2023-05-05,14:00:00,122,102,20,FMN 04 Jan Van Rijswijcklaan
652,Jan van Rijswijcklaan 159-171,2023-05-05,15:00:00,276,253,23,FMN 04 Jan Van Rijswijcklaan
652,Jan van Rijswijcklaan 159-171,2023-05-05,16:00:00,294,249,45,FMN 04 Jan Van Rijswijcklaan
652,Jan van Rijswijcklaan 159-171,2023-05-05,17:00:00,241,203,38,FMN 04 Jan Van Rijswijcklaan
652,Jan van Rijswijcklaan 159-171,2023-05-05,18:00:00,233,201,32,FMN 04 Jan Van Rijswijcklaan
652,Jan van Rijswijcklaan 159-171,2023-05-05,19:00:00,206,173,33,FMN 04 Jan Van Rijswijcklaan
652,Jan van Rijswijcklaan 159-171,2023-05-05,20:00:00,148,134,14,FMN 04 Jan Van Rijswijcklaan
652,Jan van Rijswijcklaan 159-171,2023-05-05,21:00:00,93,82,11,FMN 04 Jan Van Rijswijcklaan
652,Jan van Rijswijcklaan 159-171,2023-05-05,22:00:00,65,49,16,FMN 04 Jan Van Rijswijcklaan
652,Jan van Rijswijcklaan 159-171,2023-05-05,23:00:00,52,36,16,FMN 04 Jan Van Rijswijcklaan
652,Jan van Rijswijcklaan 159-171,2023-05-06,00:00:00,59,53,6,FMN 04 Jan Van Rijswijcklaan
652,Jan van Rijswijcklaan 159-171,2023-05-06,01:00:00,25,19,6,FMN 04 Jan Van Rijswijcklaan
652,Jan van Rijswijcklaan 159-171,2023-05-06,02:00:00,20,11,9,FMN 04 Jan Van Rijswijcklaan
652,Jan van Rijswijcklaan 159-171,2023-05-06,03:00:00,11,10,1,FMN 04 Jan Van Rijswijcklaan
652,Jan van Rijswijcklaan 159-171,2023-05-06,04:00:00,12,7,5,FMN 04 Jan Van Rijswijcklaan
652,Jan van Rijswijcklaan 159-171,2023-05-06,05:00:00,10,9,1,FMN 04 Jan Van Rijswijcklaan
652,Jan van Rijswijcklaan 159-171,2023-05-06,06:00:00,17,14,3,FMN 04 Jan Van Rijswijcklaan
652,Jan van Rijswijcklaan 159-171,2023-05-06,07:00:00,15,12,3,FMN 04 Jan Van Rijswijcklaan
652,Jan van Rijswijcklaan 159-171,2023-05-06,08:00:00,54,47,7,FMN 04 Jan Van Rijswijcklaan
652,Jan van Rijswijcklaan 159-171,2023-05-06,09:00:00,129,104,25,FMN 04 Jan Van Rijswijcklaan
652,Jan van Rijswijcklaan 159-171,2023-05-06,10:00:00,127,109,18,FMN 04 Jan Van Rijswijcklaan
652,Jan van Rijswijcklaan 159-171,2023-05-06,11:00:00,166,144,22,FMN 04 Jan Van Rijswijcklaan
652,Jan van Rijswijcklaan 159-171,2023-05-06,12:00:00,168,147,21,FMN 04 Jan Van Rijswijcklaan
652,Jan van Rijswijcklaan 159-171,2023-05-06,13:00:00,157,133,24,FMN 04 Jan Van Rijswijcklaan
652,Jan van Rijswijcklaan 159-171,2023-05-06,14:00:00,172,146,26,FMN 04 Jan Van Rijswijcklaan
652,Jan van Rijswijcklaan 159-171,2023-05-06,15:00:00,165,142,23,FMN 04 Jan Van Rijswijcklaan
652,Jan van Rijswijcklaan 159-171,2023-05-06,16:00:00,167,144,23,FMN 04 Jan Van Rijswijcklaan
652,Jan van Rijswijcklaan 159-171,2023-05-06,17:00:00,140,116,24,FMN 04 Jan Van Rijswijcklaan
652,Jan van Rijswijcklaan 159-171,2023-05-06,18:00:00,139,122,17,FMN 04 Jan Van Rijswijcklaan
652,Jan van Rijswijcklaan 159-171,2023-05-06,19:00:00,106,88,18,FMN 04 Jan Van Rijswijcklaan
652,Jan van Rijswijcklaan 159-171,2023-05-06,20:00:00,72,59,13,FMN 04 Jan Van Rijswijcklaan
652,Jan van Rijswijcklaan 159-171,2023-05-06,21:00:00,70,53,17,FMN 04 Jan Van Rijswijcklaan
652,Jan van Rijswijcklaan 159-171,2023-05-06,22:00:00,68,55,13,FMN 04 Jan Van Rijswijcklaan
652,Jan van Rijswijcklaan 159-171,2023-05-06,23:00:00,52,42,10,FMN 04 Jan Van Rijswijcklaan
652,Jan van Rijswijcklaan 159-171,2023-05-07,00:00:00,55,43,12,FMN 04 Jan Van Rijswijcklaan
652,Jan van Rijswijcklaan 159-171,2023-05-07,01:00:00,25,21,4,FMN 04 Jan Van Rijswijcklaan
652,Jan van Rijswijcklaan 159-171,2023-05-07,02:00:00,9,8,1,FMN 04 Jan Van Rijswijcklaan
652,Jan van Rijswijcklaan 159-171,2023-05-07,03:00:00,8,3,5,FMN 04 Jan Van Rijswijcklaan
652,Jan van Rijswijcklaan 159-171,2023-05-07,04:00:00,3,1,2,FMN 04 Jan Van Rijswijcklaan
652,Jan van Rijswijcklaan 159-171,2023-05-07,05:00:00,5,3,2,FMN 04 Jan Van Rijswijcklaan
652,Jan van Rijswijcklaan 159-171,2023-05-07,06:00:00,12,10,2,FMN 04 Jan Van Rijswijcklaan
652,Jan van Rijswijcklaan 159-171,2023-05-07,07:00:00,13,11,2,FMN 04 Jan Van Rijswijcklaan
652,Jan van Rijswijcklaan 159-171,2023-05-07,08:00:00,44,37,7,FMN 04 Jan Van Rijswijcklaan
652,Jan van Rijswijcklaan 159-171,2023-05-07,09:00:00,77,59,18,FMN 04 Jan Van Rijswijcklaan
652,Jan van Rijswijcklaan 159-171,2023-05-07,10:00:00,101,78,23,FMN 04 Jan Van Rijswijcklaan
652,Jan van Rijswijcklaan 159-171,2023-05-07,11:00:00,74,60,14,FMN 04 Jan Van Rijswijcklaan
652,Jan van Rijswijcklaan 159-171,2023-05-07,12:00:00,94,78,16,FMN 04 Jan Van Rijswijcklaan
652,Jan van Rijswijcklaan 159-171,2023-05-07,13:00:00,108,81,27,FMN 04 Jan Van Rijswijcklaan
652,Jan van Rijswijcklaan 159-171,2023-05-07,14:00:00,109,91,18,FMN 04 Jan Van Rijswijcklaan
652,Jan van Rijswijcklaan 159-171,2023-05-07,15:00:00,112,84,28,FMN 04 Jan Van Rijswijcklaan
652,Jan van Rijswijcklaan 159-171,2023-05-07,16:00:00,115,80,35,FMN 04 Jan Van Rijswijcklaan
652,Jan van Rijswijcklaan 159-171,2023-05-07,17:00:00,134,102,32,FMN 04 Jan Van Rijswijcklaan
652,Jan van Rijswijcklaan 159-171,2023-05-07,18:00:00,130,97,33,FMN 04 Jan Van Rijswijcklaan
652,Jan van Rijswijcklaan 159-171,2023-05-07,19:00:00,71,57,14,FMN 04 Jan Van Rijswijcklaan
652,Jan van Rijswijcklaan 159-171,2023-05-07,20:00:00,42,31,11,FMN 04 Jan Van Rijswijcklaan
652,Jan van Rijswijcklaan 159-171,2023-05-07,21:00:00,39,35,4,FMN 04 Jan Van Rijswijcklaan
652,Jan van Rijswijcklaan 159-171,2023-05-07,22:00:00,32,28,4,FMN 04 Jan Van Rijswijcklaan
652,Jan van Rijswijcklaan 159-171,2023-05-07,23:00:00,22,19,3,FMN 04 Jan Van Rijswijcklaan
652,Jan van Rijswijcklaan 159-171,2023-05-08,00:00:00,9,7,2,FMN 04 Jan Van Rijswijcklaan
652,Jan van Rijswijcklaan 159-171,2023-05-08,01:00:00,1,1,0,FMN 04 Jan Van Rijswijcklaan
652,Jan van Rijswijcklaan 159-171,2023-05-08,02:00:00,4,3,1,FMN 04 Jan Van Rijswijcklaan
652,Jan van Rijswijcklaan 159-171,2023-05-08,03:00:00,2,2,0,FMN 04 Jan Van Rijswijcklaan
652,Jan van Rijswijcklaan 159-171,2023-05-08,04:00:00,12,12,0,FMN 04 Jan Van Rijswijcklaan
652,Jan van Rijswijcklaan 159-171,2023-05-08,05:00:00,26,21,5,FMN 04 Jan Van Rijswijcklaan
652,Jan van Rijswijcklaan 159-171,2023-05-08,06:00:00,72,64,8,FMN 04 Jan Van Rijswijcklaan
652,Jan van Rijswijcklaan 159-171,2023-05-08,07:00:00,264,248,16,FMN 04 Jan Van Rijswijcklaan
652,Jan van Rijswijcklaan 159-171,2023-05-08,08:00:00,453,435,18,FMN 04 Jan Van Rijswijcklaan
652,Jan van Rijswijcklaan 159-171,2023-05-08,09:00:00,157,142,15,FMN 04 Jan Van Rijswijcklaan
652,Jan van Rijswijcklaan 159-171,2023-05-08,10:00:00,102,86,16,FMN 04 Jan Van Rijswijcklaan
652,Jan van Rijswijcklaan 159-171,2023-05-08,11:00:00,93,80,13,FMN 04 Jan Van Rijswijcklaan
652,Jan van Rijswijcklaan 159-171,2023-05-08,12:00:00,140,125,15,FMN 04 Jan Van Rijswijcklaan
652,Jan van Rijswijcklaan 159-171,2023-05-08,13:00:00,138,115,23,FMN 04 Jan Van Rijswijcklaan
652,Jan van Rijswijcklaan 159-171,2023-05-08,14:00:00,161,137,24,FMN 04 Jan Van Rijswijcklaan
652,Jan van Rijswijcklaan 159-171,2023-05-08,15:00:00,219,194,25,FMN 04 Jan Van Rijswijcklaan
652,Jan van Rijswijcklaan 159-171,2023-05-08,16:00:00,248,211,37,FMN 04 Jan Van Rijswijcklaan
652,Jan van Rijswijcklaan 159-171,2023-05-08,17:00:00,260,219,41,FMN 04 Jan Van Rijswijcklaan
652,Jan van Rijswijcklaan 159-171,2023-05-08,18:00:00,212,172,40,FMN 04 Jan Van Rijswijcklaan
652,Jan van Rijswijcklaan 159-171,2023-05-08,19:00:00,125,103,22,FMN 04 Jan Van Rijswijcklaan
652,Jan van Rijswijcklaan 159-171,2023-05-08,20:00:00,90,66,24,FMN 04 Jan Van Rijswijcklaan
652,Jan van Rijswijcklaan 159-171,2023-05-08,21:00:00,75,60,15,FMN 04 Jan Van Rijswijcklaan
652,Jan van Rijswijcklaan 159-171,2023-05-08,22:00:00,58,50,8,FMN 04 Jan Van Rijswijcklaan
652,Jan van Rijswijcklaan 159-171,2023-05-08,23:00:00,16,11,5,FMN 04 Jan Van Rijswijcklaan
652,Jan van Rijswijcklaan 159-171,2023-05-09,00:00:00,17,15,2,FMN 04 Jan Van Rijswijcklaan
652,Jan van Rijswijcklaan 159-171,2023-05-09,01:00:00,6,5,1,FMN 04 Jan Van Rijswijcklaan
652,Jan van Rijswijcklaan 159-171,2023-05-09,02:00:00,3,0,3,FMN 04 Jan Van Rijswijcklaan
652,Jan van Rijswijcklaan 159-171,2023-05-09,03:00:00,4,4,0,FMN 04 Jan Van Rijswijcklaan
652,Jan van Rijswijcklaan 159-171,2023-05-09,04:00:00,14,14,0,FMN 04 Jan Van Rijswijcklaan
652,Jan van Rijswijcklaan 159-171,2023-05-09,05:00:00,24,18,6,FMN 04 Jan Van Rijswijcklaan
652,Jan van Rijswijcklaan 159-171,2023-05-09,06:00:00,59,57,2,FMN 04 Jan Van Rijswijcklaan
652,Jan van Rijswijcklaan 159-171,2023-05-09,07:00:00,214,199,15,FMN 04 Jan Van Rijswijcklaan
652,Jan van Rijswijcklaan 159-171,2023-05-09,08:00:00,377,362,15,FMN 04 Jan Van Rijswijcklaan
652,Jan van Rijswijcklaan 159-171,2023-05-09,09:00:00,128,122,6,FMN 04 Jan Van Rijswijcklaan
652,Jan van Rijswijcklaan 159-171,2023-05-09,10:00:00,63,53,10,FMN 04 Jan Van Rijswijcklaan
652,Jan van Rijswijcklaan 159-171,2023-05-09,11:00:00,63,57,6,FMN 04 Jan Van Rijswijcklaan
652,Jan van Rijswijcklaan 159-171,2023-05-09,12:00:00,103,92,11,FMN 04 Jan Van Rijswijcklaan
652,Jan van Rijswijcklaan 159-171,2023-05-09,13:00:00,64,56,8,FMN 04 Jan Van Rijswijcklaan
652,Jan van Rijswijcklaan 159-171,2023-05-09,14:00:00,68,60,8,FMN 04 Jan Van Rijswijcklaan
652,Jan van Rijswijcklaan 159-171,2023-05-09,15:00:00,169,141,28,FMN 04 Jan Van Rijswijcklaan
652,Jan van Rijswijcklaan 159-171,2023-05-09,16:00:00,179,161,18,FMN 04 Jan Van Rijswijcklaan
652,Jan van Rijswijcklaan 159-171,2023-05-09,17:00:00,207,176,31,FMN 04 Jan Van Rijswijcklaan
652,Jan van Rijswijcklaan 159-171,2023-05-09,18:00:00,133,111,22,FMN 04 Jan Van Rijswijcklaan
652,Jan van Rijswijcklaan 159-171,2023-05-09,19:00:00,96,82,14,FMN 04 Jan Van Rijswijcklaan
652,Jan van Rijswijcklaan 159-171,2023-05-09,20:00:00,93,77,16,FMN 04 Jan Van Rijswijcklaan
652,Jan van Rijswijcklaan 159-171,2023-05-09,21:00:00,50,39,11,FMN 04 Jan Van Rijswijcklaan
652,Jan van Rijswijcklaan 159-171,2023-05-09,22:00:00,67,59,8,FMN 04 Jan Van Rijswijcklaan
652,Jan van Rijswijcklaan 159-171,2023-05-09,23:00:00,31,25,6,FMN 04 Jan Van Rijswijcklaan
652,Jan van Rijswijcklaan 159-171,2023-05-10,00:00:00,12,7,5,FMN 04 Jan Van Rijswijcklaan
652,Jan van Rijswijcklaan 159-171,2023-05-10,01:00:00,3,3,0,FMN 04 Jan Van Rijswijcklaan
652,Jan van Rijswijcklaan 159-171,2023-05-10,02:00:00,5,4,1,FMN 04 Jan Van Rijswijcklaan
652,Jan van Rijswijcklaan 159-171,2023-05-10,03:00:00,5,5,0,FMN 04 Jan Van Rijswijcklaan
652,Jan van Rijswijcklaan 159-171,2023-05-10,04:00:00,12,11,1,FMN 04 Jan Van Rijswijcklaan
652,Jan van Rijswijcklaan 159-171,2023-05-10,05:00:00,20,17,3,FMN 04 Jan Van Rijswijcklaan
652,Jan van Rijswijcklaan 159-171,2023-05-10,06:00:00,71,70,1,FMN 04 Jan Van Rijswijcklaan
652,Jan van Rijswijcklaan 159-171,2023-05-10,07:00:00,201,185,16,FMN 04 Jan Van Rijswijcklaan
652,Jan van Rijswijcklaan 159-171,2023-05-10,08:00:00,418,406,12,FMN 04 Jan Van Rijswijcklaan
652,Jan van Rijswijcklaan 159-171,2023-05-10,09:00:00,141,137,4,FMN 04 Jan Van Rijswijcklaan
652,Jan van Rijswijcklaan 159-171,2023-05-10,10:00:00,97,82,15,FMN 04 Jan Van Rijswijcklaan
652,Jan van Rijswijcklaan 159-171,2023-05-10,11:00:00,110,96,14,FMN 04 Jan Van Rijswijcklaan
652,Jan van Rijswijcklaan 159-171,2023-05-10,12:00:00,204,186,18,FMN 04 Jan Van Rijswijcklaan
652,Jan van Rijswijcklaan 159-171,2023-05-10,13:00:00,124,102,22,FMN 04 Jan Van Rijswijcklaan
652,Jan van Rijswijcklaan 159-171,2023-05-10,14:00:00,91,84,7,FMN 04 Jan Van Rijswijcklaan
652,Jan van Rijswijcklaan 159-171,2023-05-10,15:00:00,107,95,12,FMN 04 Jan Van Rijswijcklaan
652,Jan van Rijswijcklaan 159-171,2023-05-10,16:00:00,192,168,24,FMN 04 Jan Van Rijswijcklaan
652,Jan van Rijswijcklaan 159-171,2023-05-10,17:00:00,205,185,20,FMN 04 Jan Van Rijswijcklaan
652,Jan van Rijswijcklaan 159-171,2023-05-10,18:00:00,177,154,23,FMN 04 Jan Van Rijswijcklaan
652,Jan van Rijswijcklaan 159-171,2023-05-10,19:00:00,107,91,16,FMN 04 Jan Van Rijswijcklaan
652,Jan van Rijswijcklaan 159-171,2023-05-10,20:00:00,97,80,17,FMN 04 Jan Van Rijswijcklaan
652,Jan van Rijswijcklaan 159-171,2023-05-10,21:00:00,55,41,14,FMN 04 Jan Van Rijswijcklaan
652,Jan van Rijswijcklaan 159-171,2023-05-10,22:00:00,76,62,14,FMN 04 Jan Van Rijswijcklaan
652,Jan van Rijswijcklaan 159-171,2023-05-10,23:00:00,23,12,11,FMN 04 Jan Van Rijswijcklaan
652,Jan van Rijswijcklaan 159-171,2023-05-11,00:00:00,8,5,3,FMN 04 Jan Van Rijswijcklaan
652,Jan van Rijswijcklaan 159-171,2023-05-11,01:00:00,4,4,0,FMN 04 Jan Van Rijswijcklaan
652,Jan van Rijswijcklaan 159-171,2023-05-11,02:00:00,7,6,1,FMN 04 Jan Van Rijswijcklaan
652,Jan van Rijswijcklaan 159-171,2023-05-11,03:00:00,5,3,2,FMN 04 Jan Van Rijswijcklaan
652,Jan van Rijswijcklaan 159-171,2023-05-11,04:00:00,11,11,0,FMN 04 Jan Van Rijswijcklaan
652,Jan van Rijswijcklaan 159-171,2023-05-11,05:00:00,25,20,5,FMN 04 Jan Van Rijswijcklaan
652,Jan van Rijswijcklaan 159-171,2023-05-11,06:00:00,68,62,6,FMN 04 Jan Van Rijswijcklaan
652,Jan van Rijswijcklaan 159-171,2023-05-11,07:00:00,238,215,23,FMN 04 Jan Van Rijswijcklaan
652,Jan van Rijswijcklaan 159-171,2023-05-11,08:00:00,493,469,24,FMN 04 Jan Van Rijswijcklaan
652,Jan van Rijswijcklaan 159-171,2023-05-11,09:00:00,163,157,6,FMN 04 Jan Van Rijswijcklaan
652,Jan van Rijswijcklaan 159-171,2023-05-11,10:00:00,107,89,18,FMN 04 Jan Van Rijswijcklaan
652,Jan van Rijswijcklaan 159-171,2023-05-11,11:00:00,96,82,14,FMN 04 Jan Van Rijswijcklaan
652,Jan van Rijswijcklaan 159-171,2023-05-11,12:00:00,155,137,18,FMN 04 Jan Van Rijswijcklaan
652,Jan van Rijswijcklaan 159-171,2023-05-11,13:00:00,147,133,14,FMN 04 Jan Van Rijswijcklaan
652,Jan van Rijswijcklaan 159-171,2023-05-11,14:00:00,122,109,13,FMN 04 Jan Van Rijswijcklaan
652,Jan van Rijswijcklaan 159-171,2023-05-11,15:00:00,181,151,30,FMN 04 Jan Van Rijswijcklaan
652,Jan van Rijswijcklaan 159-171,2023-05-11,16:00:00,266,227,39,FMN 04 Jan Van Rijswijcklaan
652,Jan van Rijswijcklaan 159-171,2023-05-11,17:00:00,200,166,34,FMN 04 Jan Van Rijswijcklaan
652,Jan van Rijswijcklaan 159-171,2023-05-11,18:00:00,198,174,24,FMN 04 Jan Van Rijswijcklaan
652,Jan van Rijswijcklaan 159-171,2023-05-11,19:00:00,156,128,28,FMN 04 Jan Van Rijswijcklaan
652,Jan van Rijswijcklaan 159-171,2023-05-11,20:00:00,86,65,21,FMN 04 Jan Van Rijswijcklaan
652,Jan van Rijswijcklaan 159-171,2023-05-11,21:00:00,73,62,11,FMN 04 Jan Van Rijswijcklaan
652,Jan van Rijswijcklaan 159-171,2023-05-11,22:00:00,81,67,14,FMN 04 Jan Van Rijswijcklaan
652,Jan van Rijswijcklaan 159-171,2023-05-11,23:00:00,45,33,12,FMN 04 Jan Van Rijswijcklaan
652,Jan van Rijswijcklaan 159-171,2023-05-12,00:00:00,22,17,5,FMN 04 Jan Van Rijswijcklaan
652,Jan van Rijswijcklaan 159-171,2023-05-12,01:00:00,11,7,4,FMN 04 Jan Van Rijswijcklaan
652,Jan van Rijswijcklaan 159-171,2023-05-12,02:00:00,3,2,1,FMN 04 Jan Van Rijswijcklaan
652,Jan van Rijswijcklaan 159-171,2023-05-12,03:00:00,2,2,0,FMN 04 Jan Van Rijswijcklaan
652,Jan van Rijswijcklaan 159-171,2023-05-12,04:00:00,14,13,1,FMN 04 Jan Van Rijswijcklaan
652,Jan van Rijswijcklaan 159-171,2023-05-12,05:00:00,19,16,3,FMN 04 Jan Van Rijswijcklaan
652,Jan van Rijswijcklaan 159-171,2023-05-12,06:00:00,48,43,5,FMN 04 Jan Van Rijswijcklaan
652,Jan van Rijswijcklaan 159-171,2023-05-12,07:00:00,136,129,7,FMN 04 Jan Van Rijswijcklaan
652,Jan van Rijswijcklaan 159-171,2023-05-12,08:00:00,315,294,21,FMN 04 Jan Van Rijswijcklaan
652,Jan van Rijswijcklaan 159-171,2023-05-12,09:00:00,116,111,5,FMN 04 Jan Van Rijswijcklaan
652,Jan van Rijswijcklaan 159-171,2023-05-12,10:00:00,94,79,15,FMN 04 Jan Van Rijswijcklaan
652,Jan van Rijswijcklaan 159-171,2023-05-12,11:00:00,76,69,7,FMN 04 Jan Van Rijswijcklaan
652,Jan van Rijswijcklaan 159-171,2023-05-12,12:00:00,140,117,23,FMN 04 Jan Van Rijswijcklaan
652,Jan van Rijswijcklaan 159-171,2023-05-12,13:00:00,112,94,18,FMN 04 Jan Van Rijswijcklaan
652,Jan van Rijswijcklaan 159-171,2023-05-12,14:00:00,136,120,16,FMN 04 Jan Van Rijswijcklaan
652,Jan van Rijswijcklaan 159-171,2023-05-12,15:00:00,188,158,30,FMN 04 Jan Van Rijswijcklaan
652,Jan van Rijswijcklaan 159-171,2023-05-12,16:00:00,239,185,54,FMN 04 Jan Van Rijswijcklaan
652,Jan van Rijswijcklaan 159-171,2023-05-12,17:00:00,196,168,28,FMN 04 Jan Van Rijswijcklaan
652,Jan van Rijswijcklaan 159-171,2023-05-12,18:00:00,215,182,33,FMN 04 Jan Van Rijswijcklaan
652,Jan van Rijswijcklaan 159-171,2023-05-12,19:00:00,175,151,24,FMN 04 Jan Van Rijswijcklaan
652,Jan van Rijswijcklaan 159-171,2023-05-12,20:00:00,147,132,15,FMN 04 Jan Van Rijswijcklaan
652,Jan van Rijswijcklaan 159-171,2023-05-12,21:00:00,93,83,10,FMN 04 Jan Van Rijswijcklaan
652,Jan van Rijswijcklaan 159-171,2023-05-12,22:00:00,78,65,13,FMN 04 Jan Van Rijswijcklaan
652,Jan van Rijswijcklaan 159-171,2023-05-12,23:00:00,61,40,21,FMN 04 Jan Van Rijswijcklaan
652,Jan van Rijswijcklaan 159-171,2023-05-13,00:00:00,44,31,13,FMN 04 Jan Van Rijswijcklaan
652,Jan van Rijswijcklaan 159-171,2023-05-13,01:00:00,22,18,4,FMN 04 Jan Van Rijswijcklaan
652,Jan van Rijswijcklaan 159-171,2023-05-13,02:00:00,20,11,9,FMN 04 Jan Van Rijswijcklaan
652,Jan van Rijswijcklaan 159-171,2023-05-13,03:00:00,11,8,3,FMN 04 Jan Van Rijswijcklaan
652,Jan van Rijswijcklaan 159-171,2023-05-13,04:00:00,12,8,4,FMN 04 Jan Van Rijswijcklaan
652,Jan van Rijswijcklaan 159-171,2023-05-13,05:00:00,5,5,0,FMN 04 Jan Van Rijswijcklaan
652,Jan van Rijswijcklaan 159-171,2023-05-13,06:00:00,20,19,1,FMN 04 Jan Van Rijswijcklaan
652,Jan van Rijswijcklaan 159-171,2023-05-13,07:00:00,35,24,11,FMN 04 Jan Van Rijswijcklaan
652,Jan van Rijswijcklaan 159-171,2023-05-13,08:00:00,57,50,7,FMN 04 Jan Van Rijswijcklaan
652,Jan van Rijswijcklaan 159-171,2023-05-13,09:00:00,145,124,21,FMN 04 Jan Van Rijswijcklaan
652,Jan van Rijswijcklaan 159-171,2023-05-13,10:00:00,107,96,11,FMN 04 Jan Van Rijswijcklaan
652,Jan van Rijswijcklaan 159-171,2023-05-13,11:00:00,147,129,18,FMN 04 Jan Van Rijswijcklaan
652,Jan van Rijswijcklaan 159-171,2023-05-13,12:00:00,179,155,24,FMN 04 Jan Van Rijswijcklaan
652,Jan van Rijswijcklaan 159-171,2023-05-13,13:00:00,194,181,13,FMN 04 Jan Van Rijswijcklaan
652,Jan van Rijswijcklaan 159-171,2023-05-13,14:00:00,164,145,19,FMN 04 Jan Van Rijswijcklaan
652,Jan van Rijswijcklaan 159-171,2023-05-13,15:00:00,133,117,16,FMN 04 Jan Van Rijswijcklaan
652,Jan van Rijswijcklaan 159-171,2023-05-13,16:00:00,141,124,17,FMN 04 Jan Van Rijswijcklaan
652,Jan van Rijswijcklaan 159-171,2023-05-13,17:00:00,133,117,16,FMN 04 Jan Van Rijswijcklaan
652,Jan van Rijswijcklaan 159-171,2023-05-13,18:00:00,164,138,26,FMN 04 Jan Van Rijswijcklaan
652,Jan van Rijswijcklaan 159-171,2023-05-13,19:00:00,194,173,21,FMN 04 Jan Van Rijswijcklaan
652,Jan van Rijswijcklaan 159-171,2023-05-13,20:00:00,91,79,12,FMN 04 Jan Van Rijswijcklaan
652,Jan van Rijswijcklaan 159-171,2023-05-13,21:00:00,82,75,7,FMN 04 Jan Van Rijswijcklaan
652,Jan van Rijswijcklaan 159-171,2023-05-13,22:00:00,80,73,7,FMN 04 Jan Van Rijswijcklaan
652,Jan van Rijswijcklaan 159-171,2023-05-13,23:00:00,66,49,17,FMN 04 Jan Van Rijswijcklaan
652,Jan van Rijswijcklaan 159-171,2023-05-14,00:00:00,43,32,11,FMN 04 Jan Van Rijswijcklaan
652,Jan van Rijswijcklaan 159-171,2023-05-14,01:00:00,25,16,9,FMN 04 Jan Van Rijswijcklaan
652,Jan van Rijswijcklaan 159-171,2023-05-14,02:00:00,7,4,3,FMN 04 Jan Van Rijswijcklaan
652,Jan van Rijswijcklaan 159-171,2023-05-14,03:00:00,22,17,5,FMN 04 Jan Van Rijswijcklaan
652,Jan van Rijswijcklaan 159-171,2023-05-14,04:00:00,10,6,4,FMN 04 Jan Van Rijswijcklaan
652,Jan van Rijswijcklaan 159-171,2023-05-14,05:00:00,9,9,0,FMN 04 Jan Van Rijswijcklaan
652,Jan van Rijswijcklaan 159-171,2023-05-14,06:00:00,11,10,1,FMN 04 Jan Van Rijswijcklaan
652,Jan van Rijswijcklaan 159-171,2023-05-14,07:00:00,20,15,5,FMN 04 Jan Van Rijswijcklaan
652,Jan van Rijswijcklaan 159-171,2023-05-14,08:00:00,35,31,4,FMN 04 Jan Van Rijswijcklaan
652,Jan van Rijswijcklaan 159-171,2023-05-14,09:00:00,92,69,23,FMN 04 Jan Van Rijswijcklaan
652,Jan van Rijswijcklaan 159-171,2023-05-14,10:00:00,90,71,19,FMN 04 Jan Van Rijswijcklaan
652,Jan van Rijswijcklaan 159-171,2023-05-14,11:00:00,88,77,11,FMN 04 Jan Van Rijswijcklaan
652,Jan van Rijswijcklaan 159-171,2023-05-14,12:00:00,147,128,19,FMN 04 Jan Van Rijswijcklaan
652,Jan van Rijswijcklaan 159-171,2023-05-14,13:00:00,136,110,26,FMN 04 Jan Van Rijswijcklaan
652,Jan van Rijswijcklaan 159-171,2023-05-14,14:00:00,133,118,15,FMN 04 Jan Van Rijswijcklaan
652,Jan van Rijswijcklaan 159-171,2023-05-14,15:00:00,124,97,27,FMN 04 Jan Van Rijswijcklaan
652,Jan van Rijswijcklaan 159-171,2023-05-14,16:00:00,155,127,28,FMN 04 Jan Van Rijswijcklaan
652,Jan van Rijswijcklaan 159-171,2023-05-14,17:00:00,114,95,19,FMN 04 Jan Van Rijswijcklaan
652,Jan van Rijswijcklaan 159-171,2023-05-14,18:00:00,131,113,18,FMN 04 Jan Van Rijswijcklaan
652,Jan van Rijswijcklaan 159-171,2023-05-14,19:00:00,84,73,11,FMN 04 Jan Van Rijswijcklaan
652,Jan van Rijswijcklaan 159-171,2023-05-14,20:00:00,94,75,19,FMN 04 Jan Van Rijswijcklaan
652,Jan van Rijswijcklaan 159-171,2023-05-14,21:00:00,59,48,11,FMN 04 Jan Van Rijswijcklaan
652,Jan van Rijswijcklaan 159-171,2023-05-14,22:00:00,49,46,3,FMN 04 Jan Van Rijswijcklaan
652,Jan van Rijswijcklaan 159-171,2023-05-14,23:00:00,23,14,9,FMN 04 Jan Van Rijswijcklaan
652,Jan van Rijswijcklaan 159-171,2023-05-15,00:00:00,8,5,3,FMN 04 Jan Van Rijswijcklaan
652,Jan van Rijswijcklaan 159-171,2023-05-15,01:00:00,4,4,0,FMN 04 Jan Van Rijswijcklaan
652,Jan van Rijswijcklaan 159-171,2023-05-15,02:00:00,3,3,0,FMN 04 Jan Van Rijswijcklaan
652,Jan van Rijswijcklaan 159-171,2023-05-15,03:00:00,7,4,3,FMN 04 Jan Van Rijswijcklaan
652,Jan van Rijswijcklaan 159-171,2023-05-15,04:00:00,9,8,1,FMN 04 Jan Van Rijswijcklaan
652,Jan van Rijswijcklaan 159-171,2023-05-15,05:00:00,18,15,3,FMN 04 Jan Van Rijswijcklaan
652,Jan van Rijswijcklaan 159-171,2023-05-15,06:00:00,76,74,2,FMN 04 Jan Van Rijswijcklaan
652,Jan van Rijswijcklaan 159-171,2023-05-15,07:00:00,228,212,16,FMN 04 Jan Van Rijswijcklaan
652,Jan van Rijswijcklaan 159-171,2023-05-15,08:00:00,461,435,26,FMN 04 Jan Van Rijswijcklaan
652,Jan van Rijswijcklaan 159-171,2023-05-15,09:00:00,132,120,12,FMN 04 Jan Van Rijswijcklaan
652,Jan van Rijswijcklaan 159-171,2023-05-15,10:00:00,116,97,19,FMN 04 Jan Van Rijswijcklaan
652,Jan van Rijswijcklaan 159-171,2023-05-15,11:00:00,78,67,11,FMN 04 Jan Van Rijswijcklaan
652,Jan van Rijswijcklaan 159-171,2023-05-15,12:00:00,136,106,30,FMN 04 Jan Van Rijswijcklaan
652,Jan van Rijswijcklaan 159-171,2023-05-15,13:00:00,97,81,16,FMN 04 Jan Van Rijswijcklaan
652,Jan van Rijswijcklaan 159-171,2023-05-15,14:00:00,97,83,14,FMN 04 Jan Van Rijswijcklaan
652,Jan van Rijswijcklaan 159-171,2023-05-15,15:00:00,202,178,24,FMN 04 Jan Van Rijswijcklaan
652,Jan van Rijswijcklaan 159-171,2023-05-15,16:00:00,241,213,28,FMN 04 Jan Van Rijswijcklaan
652,Jan van Rijswijcklaan 159-171,2023-05-15,17:00:00,207,176,31,FMN 04 Jan Van Rijswijcklaan
652,Jan van Rijswijcklaan 159-171,2023-05-15,18:00:00,170,147,23,FMN 04 Jan Van Rijswijcklaan
652,Jan van Rijswijcklaan 159-171,2023-05-15,19:00:00,88,71,17,FMN 04 Jan Van Rijswijcklaan
652,Jan van Rijswijcklaan 159-171,2023-05-15,20:00:00,59,51,8,FMN 04 Jan Van Rijswijcklaan
652,Jan van Rijswijcklaan 159-171,2023-05-15,21:00:00,46,38,8,FMN 04 Jan Van Rijswijcklaan
652,Jan van Rijswijcklaan 159-171,2023-05-15,22:00:00,55,51,4,FMN 04 Jan Van Rijswijcklaan
652,Jan van Rijswijcklaan 159-171,2023-05-15,23:00:00,28,16,12,FMN 04 Jan Van Rijswijcklaan
652,Jan van Rijswijcklaan 159-171,2023-05-16,00:00:00,12,8,4,FMN 04 Jan Van Rijswijcklaan
652,Jan van Rijswijcklaan 159-171,2023-05-16,01:00:00,6,6,0,FMN 04 Jan Van Rijswijcklaan
652,Jan van Rijswijcklaan 159-171,2023-05-16,02:00:00,5,4,1,FMN 04 Jan Van Rijswijcklaan
652,Jan van Rijswijcklaan 159-171,2023-05-16,03:00:00,2,2,0,FMN 04 Jan Van Rijswijcklaan
652,Jan van Rijswijcklaan 159-171,2023-05-16,04:00:00,8,8,0,FMN 04 Jan Van Rijswijcklaan
652,Jan van Rijswijcklaan 159-171,2023-05-16,05:00:00,25,23,2,FMN 04 Jan Van Rijswijcklaan
652,Jan van Rijswijcklaan 159-171,2023-05-16,06:00:00,80,73,7,FMN 04 Jan Van Rijswijcklaan
652,Jan van Rijswijcklaan 159-171,2023-05-16,07:00:00,262,248,14,FMN 04 Jan Van Rijswijcklaan
652,Jan van Rijswijcklaan 159-171,2023-05-16,08:00:00,502,486,16,FMN 04 Jan Van Rijswijcklaan
652,Jan van Rijswijcklaan 159-171,2023-05-16,09:00:00,179,164,15,FMN 04 Jan Van Rijswijcklaan
652,Jan van Rijswijcklaan 159-171,2023-05-16,10:00:00,111,106,5,FMN 04 Jan Van Rijswijcklaan
652,Jan van Rijswijcklaan 159-171,2023-05-16,11:00:00,116,104,12,FMN 04 Jan Van Rijswijcklaan
652,Jan van Rijswijcklaan 159-171,2023-05-16,12:00:00,159,140,19,FMN 04 Jan Van Rijswijcklaan
652,Jan van Rijswijcklaan 159-171,2023-05-16,13:00:00,127,112,15,FMN 04 Jan Van Rijswijcklaan
652,Jan van Rijswijcklaan 159-171,2023-05-16,14:00:00,120,108,12,FMN 04 Jan Van Rijswijcklaan
652,Jan van Rijswijcklaan 159-171,2023-05-16,15:00:00,221,188,33,FMN 04 Jan Van Rijswijcklaan
652,Jan van Rijswijcklaan 159-171,2023-05-16,16:00:00,308,266,42,FMN 04 Jan Van Rijswijcklaan
652,Jan van Rijswijcklaan 159-171,2023-05-16,17:00:00,322,272,50,FMN 04 Jan Van Rijswijcklaan
652,Jan van Rijswijcklaan 159-171,2023-05-16,18:00:00,231,204,27,FMN 04 Jan Van Rijswijcklaan
652,Jan van Rijswijcklaan 159-171,2023-05-16,19:00:00,143,115,28,FMN 04 Jan Van Rijswijcklaan
652,Jan van Rijswijcklaan 159-171,2023-05-16,20:00:00,99,82,17,FMN 04 Jan Van Rijswijcklaan
652,Jan van Rijswijcklaan 159-171,2023-05-16,21:00:00,102,85,17,FMN 04 Jan Van Rijswijcklaan
652,Jan van Rijswijcklaan 159-171,2023-05-16,22:00:00,95,76,19,FMN 04 Jan Van Rijswijcklaan
652,Jan van Rijswijcklaan 159-171,2023-05-16,23:00:00,33,26,7,FMN 04 Jan Van Rijswijcklaan
652,Jan van Rijswijcklaan 159-171,2023-05-17,00:00:00,19,17,2,FMN 04 Jan Van Rijswijcklaan
652,Jan van Rijswijcklaan 159-171,2023-05-17,01:00:00,6,2,4,FMN 04 Jan Van Rijswijcklaan
652,Jan van Rijswijcklaan 159-171,2023-05-17,02:00:00,4,2,2,FMN 04 Jan Van Rijswijcklaan
652,Jan van Rijswijcklaan 159-171,2023-05-17,03:00:00,9,8,1,FMN 04 Jan Van Rijswijcklaan
652,Jan van Rijswijcklaan 159-171,2023-05-17,04:00:00,15,12,3,FMN 04 Jan Van Rijswijcklaan
652,Jan van Rijswijcklaan 159-171,2023-05-17,05:00:00,16,12,4,FMN 04 Jan Van Rijswijcklaan
652,Jan van Rijswijcklaan 159-171,2023-05-17,06:00:00,75,74,1,FMN 04 Jan Van Rijswijcklaan
652,Jan van Rijswijcklaan 159-171,2023-05-17,07:00:00,206,193,13,FMN 04 Jan Van Rijswijcklaan
652,Jan van Rijswijcklaan 159-171,2023-05-17,08:00:00,396,371,25,FMN 04 Jan Van Rijswijcklaan
652,Jan van Rijswijcklaan 159-171,2023-05-17,09:00:00,162,152,10,FMN 04 Jan Van Rijswijcklaan
652,Jan van Rijswijcklaan 159-171,2023-05-17,10:00:00,160,128,32,FMN 04 Jan Van Rijswijcklaan
652,Jan van Rijswijcklaan 159-171,2023-05-17,11:00:00,105,98,7,FMN 04 Jan Van Rijswijcklaan
652,Jan van Rijswijcklaan 159-171,2023-05-17,12:00:00,305,276,29,FMN 04 Jan Van Rijswijcklaan
652,Jan van Rijswijcklaan 159-171,2023-05-17,13:00:00,167,145,22,FMN 04 Jan Van Rijswijcklaan
652,Jan van Rijswijcklaan 159-171,2023-05-17,14:00:00,146,124,22,FMN 04 Jan Van Rijswijcklaan
652,Jan van Rijswijcklaan 159-171,2023-05-17,15:00:00,171,143,28,FMN 04 Jan Van Rijswijcklaan
652,Jan van Rijswijcklaan 159-171,2023-05-17,16:00:00,224,199,25,FMN 04 Jan Van Rijswijcklaan
652,Jan van Rijswijcklaan 159-171,2023-05-17,17:00:00,276,240,36,FMN 04 Jan Van Rijswijcklaan
652,Jan van Rijswijcklaan 159-171,2023-05-17,18:00:00,274,228,46,FMN 04 Jan Van Rijswijcklaan
652,Jan van Rijswijcklaan 159-171,2023-05-17,19:00:00,178,144,34,FMN 04 Jan Van Rijswijcklaan
652,Jan van Rijswijcklaan 159-171,2023-05-17,20:00:00,136,114,22,FMN 04 Jan Van Rijswijcklaan
652,Jan van Rijswijcklaan 159-171,2023-05-17,21:00:00,92,74,18,FMN 04 Jan Van Rijswijcklaan
652,Jan van Rijswijcklaan 159-171,2023-05-17,22:00:00,86,75,11,FMN 04 Jan Van Rijswijcklaan
652,Jan van Rijswijcklaan 159-171,2023-05-17,23:00:00,53,41,12,FMN 04 Jan Van Rijswijcklaan
652,Jan van Rijswijcklaan 159-171,2023-05-18,00:00:00,44,35,9,FMN 04 Jan Van Rijswijcklaan
652,Jan van Rijswijcklaan 159-171,2023-05-18,01:00:00,32,30,2,FMN 04 Jan Van Rijswijcklaan
652,Jan van Rijswijcklaan 159-171,2023-05-18,02:00:00,13,7,6,FMN 04 Jan Van Rijswijcklaan
652,Jan van Rijswijcklaan 159-171,2023-05-18,03:00:00,6,5,1,FMN 04 Jan Van Rijswijcklaan
652,Jan van Rijswijcklaan 159-171,2023-05-18,04:00:00,15,11,4,FMN 04 Jan Van Rijswijcklaan
652,Jan van Rijswijcklaan 159-171,2023-05-18,05:00:00,8,5,3,FMN 04 Jan Van Rijswijcklaan
652,Jan van Rijswijcklaan 159-171,2023-05-18,06:00:00,18,17,1,FMN 04 Jan Van Rijswijcklaan
652,Jan van Rijswijcklaan 159-171,2023-05-18,07:00:00,24,21,3,FMN 04 Jan Van Rijswijcklaan
652,Jan van Rijswijcklaan 159-171,2023-05-18,08:00:00,35,30,5,FMN 04 Jan Van Rijswijcklaan
652,Jan van Rijswijcklaan 159-171,2023-05-18,09:00:00,63,55,8,FMN 04 Jan Van Rijswijcklaan
652,Jan van Rijswijcklaan 159-171,2023-05-18,10:00:00,64,56,8,FMN 04 Jan Van Rijswijcklaan
652,Jan van Rijswijcklaan 159-171,2023-05-18,11:00:00,73,69,4,FMN 04 Jan Van Rijswijcklaan
652,Jan van Rijswijcklaan 159-171,2023-05-18,12:00:00,85,78,7,FMN 04 Jan Van Rijswijcklaan
652,Jan van Rijswijcklaan 159-171,2023-05-18,13:00:00,112,102,10,FMN 04 Jan Van Rijswijcklaan
652,Jan van Rijswijcklaan 159-171,2023-05-18,14:00:00,78,66,12,FMN 04 Jan Van Rijswijcklaan
652,Jan van Rijswijcklaan 159-171,2023-05-18,15:00:00,97,91,6,FMN 04 Jan Van Rijswijcklaan
652,Jan van Rijswijcklaan 159-171,2023-05-18,16:00:00,76,63,13,FMN 04 Jan Van Rijswijcklaan
652,Jan van Rijswijcklaan 159-171,2023-05-18,17:00:00,109,92,17,FMN 04 Jan Van Rijswijcklaan
652,Jan van Rijswijcklaan 159-171,2023-05-18,18:00:00,111,97,14,FMN 04 Jan Van Rijswijcklaan
652,Jan van Rijswijcklaan 159-171,2023-05-18,19:00:00,111,101,10,FMN 04 Jan Van Rijswijcklaan
652,Jan van Rijswijcklaan 159-171,2023-05-18,20:00:00,74,55,19,FMN 04 Jan Van Rijswijcklaan
652,Jan van Rijswijcklaan 159-171,2023-05-18,21:00:00,46,33,13,FMN 04 Jan Van Rijswijcklaan
652,Jan van Rijswijcklaan 159-171,2023-05-18,22:00:00,50,38,12,FMN 04 Jan Van Rijswijcklaan
652,Jan van Rijswijcklaan 159-171,2023-05-18,23:00:00,38,19,19,FMN 04 Jan Van Rijswijcklaan
652,Jan van Rijswijcklaan 159-171,2023-05-19,00:00:00,37,26,11,FMN 04 Jan Van Rijswijcklaan
652,Jan van Rijswijcklaan 159-171,2023-05-19,01:00:00,12,9,3,FMN 04 Jan Van Rijswijcklaan
652,Jan van Rijswijcklaan 159-171,2023-05-19,02:00:00,8,7,1,FMN 04 Jan Van Rijswijcklaan
652,Jan van Rijswijcklaan 159-171,2023-05-19,03:00:00,6,3,3,FMN 04 Jan Van Rijswijcklaan
652,Jan van Rijswijcklaan 159-171,2023-05-19,04:00:00,10,9,1,FMN 04 Jan Van Rijswijcklaan
652,Jan van Rijswijcklaan 159-171,2023-05-19,05:00:00,7,5,2,FMN 04 Jan Van Rijswijcklaan
652,Jan van Rijswijcklaan 159-171,2023-05-19,06:00:00,30,29,1,FMN 04 Jan Van Rijswijcklaan
652,Jan van Rijswijcklaan 159-171,2023-05-19,07:00:00,66,59,7,FMN 04 Jan Van Rijswijcklaan
652,Jan van Rijswijcklaan 159-171,2023-05-19,08:00:00,111,100,11,FMN 04 Jan Van Rijswijcklaan
652,Jan van Rijswijcklaan 159-171,2023-05-19,09:00:00,101,95,6,FMN 04 Jan Van Rijswijcklaan
652,Jan van Rijswijcklaan 159-171,2023-05-19,10:00:00,91,80,11,FMN 04 Jan Van Rijswijcklaan
652,Jan van Rijswijcklaan 159-171,2023-05-19,11:00:00,103,91,12,FMN 04 Jan Van Rijswijcklaan
652,Jan van Rijswijcklaan 159-171,2023-05-19,12:00:00,119,104,15,FMN 04 Jan Van Rijswijcklaan
652,Jan van Rijswijcklaan 159-171,2023-05-19,13:00:00,133,113,20,FMN 04 Jan Van Rijswijcklaan
652,Jan van Rijswijcklaan 159-171,2023-05-19,14:00:00,130,112,18,FMN 04 Jan Van Rijswijcklaan
652,Jan van Rijswijcklaan 159-171,2023-05-19,15:00:00,169,138,31,FMN 04 Jan Van Rijswijcklaan
652,Jan van Rijswijcklaan 159-171,2023-05-19,16:00:00,160,139,21,FMN 04 Jan Van Rijswijcklaan
652,Jan van Rijswijcklaan 159-171,2023-05-19,17:00:00,175,133,42,FMN 04 Jan Van Rijswijcklaan
652,Jan van Rijswijcklaan 159-171,2023-05-19,18:00:00,181,159,22,FMN 04 Jan Van Rijswijcklaan
652,Jan van Rijswijcklaan 159-171,2023-05-19,19:00:00,155,134,21,FMN 04 Jan Van Rijswijcklaan
652,Jan van Rijswijcklaan 159-171,2023-05-19,20:00:00,122,96,26,FMN 04 Jan Van Rijswijcklaan
652,Jan van Rijswijcklaan 159-171,2023-05-19,21:00:00,88,72,16,FMN 04 Jan Van Rijswijcklaan
652,Jan van Rijswijcklaan 159-171,2023-05-19,22:00:00,74,56,18,FMN 04 Jan Van Rijswijcklaan
652,Jan van Rijswijcklaan 159-171,2023-05-19,23:00:00,52,34,18,FMN 04 Jan Van Rijswijcklaan
652,Jan van Rijswijcklaan 159-171,2023-05-20,00:00:00,29,19,10,FMN 04 Jan Van Rijswijcklaan
652,Jan van Rijswijcklaan 159-171,2023-05-20,01:00:00,19,16,3,FMN 04 Jan Van Rijswijcklaan
652,Jan van Rijswijcklaan 159-171,2023-05-20,02:00:00,12,8,4,FMN 04 Jan Van Rijswijcklaan
652,Jan van Rijswijcklaan 159-171,2023-05-20,03:00:00,7,7,0,FMN 04 Jan Van Rijswijcklaan
652,Jan van Rijswijcklaan 159-171,2023-05-20,04:00:00,8,7,1,FMN 04 Jan Van Rijswijcklaan
652,Jan van Rijswijcklaan 159-171,2023-05-20,05:00:00,16,12,4,FMN 04 Jan Van Rijswijcklaan
652,Jan van Rijswijcklaan 159-171,2023-05-20,06:00:00,23,20,3,FMN 04 Jan Van Rijswijcklaan
652,Jan van Rijswijcklaan 159-171,2023-05-20,07:00:00,29,23,6,FMN 04 Jan Van Rijswijcklaan
652,Jan van Rijswijcklaan 159-171,2023-05-20,08:00:00,63,47,16,FMN 04 Jan Van Rijswijcklaan
652,Jan van Rijswijcklaan 159-171,2023-05-20,09:00:00,94,74,20,FMN 04 Jan Van Rijswijcklaan
652,Jan van Rijswijcklaan 159-171,2023-05-20,10:00:00,118,96,22,FMN 04 Jan Van Rijswijcklaan
652,Jan van Rijswijcklaan 159-171,2023-05-20,11:00:00,136,123,13,FMN 04 Jan Van Rijswijcklaan
652,Jan van Rijswijcklaan 159-171,2023-05-20,12:00:00,145,115,30,FMN 04 Jan Van Rijswijcklaan
652,Jan van Rijswijcklaan 159-171,2023-05-20,13:00:00,176,136,40,FMN 04 Jan Van Rijswijcklaan
652,Jan van Rijswijcklaan 159-171,2023-05-20,14:00:00,186,151,35,FMN 04 Jan Van Rijswijcklaan
652,Jan van Rijswijcklaan 159-171,2023-05-20,15:00:00,164,134,30,FMN 04 Jan Van Rijswijcklaan
652,Jan van Rijswijcklaan 159-171,2023-05-20,16:00:00,143,125,18,FMN 04 Jan Van Rijswijcklaan
652,Jan van Rijswijcklaan 159-171,2023-05-20,17:00:00,130,106,24,FMN 04 Jan Van Rijswijcklaan
652,Jan van Rijswijcklaan 159-171,2023-05-20,18:00:00,143,114,29,FMN 04 Jan Van Rijswijcklaan
652,Jan van Rijswijcklaan 159-171,2023-05-20,19:00:00,120,90,30,FMN 04 Jan Van Rijswijcklaan
652,Jan van Rijswijcklaan 159-171,2023-05-20,20:00:00,105,82,23,FMN 04 Jan Van Rijswijcklaan
652,Jan van Rijswijcklaan 159-171,2023-05-20,21:00:00,75,59,16,FMN 04 Jan Van Rijswijcklaan
652,Jan van Rijswijcklaan 159-171,2023-05-20,22:00:00,88,68,20,FMN 04 Jan Van Rijswijcklaan
652,Jan van Rijswijcklaan 159-171,2023-05-20,23:00:00,59,45,14,FMN 04 Jan Van Rijswijcklaan
652,Jan van Rijswijcklaan 159-171,2023-05-21,00:00:00,28,21,7,FMN 04 Jan Van Rijswijcklaan
652,Jan van Rijswijcklaan 159-171,2023-05-21,01:00:00,19,16,3,FMN 04 Jan Van Rijswijcklaan
652,Jan van Rijswijcklaan 159-171,2023-05-21,02:00:00,13,13,0,FMN 04 Jan Van Rijswijcklaan
652,Jan van Rijswijcklaan 159-171,2023-05-21,03:00:00,9,7,2,FMN 04 Jan Van Rijswijcklaan
652,Jan van Rijswijcklaan 159-171,2023-05-21,04:00:00,5,4,1,FMN 04 Jan Van Rijswijcklaan
652,Jan van Rijswijcklaan 159-171,2023-05-21,05:00:00,13,11,2,FMN 04 Jan Van Rijswijcklaan
652,Jan van Rijswijcklaan 159-171,2023-05-21,06:00:00,14,13,1,FMN 04 Jan Van Rijswijcklaan
652,Jan van Rijswijcklaan 159-171,2023-05-21,07:00:00,29,21,8,FMN 04 Jan Van Rijswijcklaan
652,Jan van Rijswijcklaan 159-171,2023-05-21,08:00:00,65,49,16,FMN 04 Jan Van Rijswijcklaan
652,Jan van Rijswijcklaan 159-171,2023-05-21,09:00:00,95,82,13,FMN 04 Jan Van Rijswijcklaan
652,Jan van Rijswijcklaan 159-171,2023-05-21,10:00:00,103,88,15,FMN 04 Jan Van Rijswijcklaan
652,Jan van Rijswijcklaan 159-171,2023-05-21,11:00:00,127,103,24,FMN 04 Jan Van Rijswijcklaan
652,Jan van Rijswijcklaan 159-171,2023-05-21,12:00:00,156,118,38,FMN 04 Jan Van Rijswijcklaan
652,Jan van Rijswijcklaan 159-171,2023-05-21,13:00:00,154,115,39,FMN 04 Jan Van Rijswijcklaan
652,Jan van Rijswijcklaan 159-171,2023-05-21,14:00:00,141,121,20,FMN 04 Jan Van Rijswijcklaan
652,Jan van Rijswijcklaan 159-171,2023-05-21,15:00:00,99,66,33,FMN 04 Jan Van Rijswijcklaan
652,Jan van Rijswijcklaan 159-171,2023-05-21,16:00:00,134,102,32,FMN 04 Jan Van Rijswijcklaan
652,Jan van Rijswijcklaan 159-171,2023-05-21,17:00:00,116,83,33,FMN 04 Jan Van Rijswijcklaan
652,Jan van Rijswijcklaan 159-171,2023-05-21,18:00:00,123,92,31,FMN 04 Jan Van Rijswijcklaan
652,Jan van Rijswijcklaan 159-171,2023-05-21,19:00:00,100,77,23,FMN 04 Jan Van Rijswijcklaan
652,Jan van Rijswijcklaan 159-171,2023-05-21,20:00:00,112,90,22,FMN 04 Jan Van Rijswijcklaan
652,Jan van Rijswijcklaan 159-171,2023-05-21,21:00:00,65,51,14,FMN 04 Jan Van Rijswijcklaan
652,Jan van Rijswijcklaan 159-171,2023-05-21,22:00:00,45,37,8,FMN 04 Jan Van Rijswijcklaan
652,Jan van Rijswijcklaan 159-171,2023-05-21,23:00:00,27,17,10,FMN 04 Jan Van Rijswijcklaan
652,Jan van Rijswijcklaan 159-171,2023-05-22,00:00:00,18,13,5,FMN 04 Jan Van Rijswijcklaan
652,Jan van Rijswijcklaan 159-171,2023-05-22,01:00:00,2,2,0,FMN 04 Jan Van Rijswijcklaan
652,Jan van Rijswijcklaan 159-171,2023-05-22,02:00:00,2,1,1,FMN 04 Jan Van Rijswijcklaan
652,Jan van Rijswijcklaan 159-171,2023-05-22,03:00:00,3,2,1,FMN 04 Jan Van Rijswijcklaan
652,Jan van Rijswijcklaan 159-171,2023-05-22,04:00:00,16,14,2,FMN 04 Jan Van Rijswijcklaan
652,Jan van Rijswijcklaan 159-171,2023-05-22,05:00:00,33,27,6,FMN 04 Jan Van Rijswijcklaan
652,Jan van Rijswijcklaan 159-171,2023-05-22,06:00:00,93,86,7,FMN 04 Jan Van Rijswijcklaan
652,Jan van Rijswijcklaan 159-171,2023-05-22,07:00:00,263,250,13,FMN 04 Jan Van Rijswijcklaan
652,Jan van Rijswijcklaan 159-171,2023-05-22,08:00:00,544,522,22,FMN 04 Jan Van Rijswijcklaan
652,Jan van Rijswijcklaan 159-171,2023-05-22,09:00:00,206,183,23,FMN 04 Jan Van Rijswijcklaan
652,Jan van Rijswijcklaan 159-171,2023-05-22,10:00:00,134,119,15,FMN 04 Jan Van Rijswijcklaan
652,Jan van Rijswijcklaan 159-171,2023-05-22,11:00:00,102,82,20,FMN 04 Jan Van Rijswijcklaan
652,Jan van Rijswijcklaan 159-171,2023-05-22,12:00:00,182,162,20,FMN 04 Jan Van Rijswijcklaan
652,Jan van Rijswijcklaan 159-171,2023-05-22,13:00:00,140,110,30,FMN 04 Jan Van Rijswijcklaan
652,Jan van Rijswijcklaan 159-171,2023-05-22,14:00:00,173,141,32,FMN 04 Jan Van Rijswijcklaan
652,Jan van Rijswijcklaan 159-171,2023-05-22,15:00:00,265,228,37,FMN 04 Jan Van Rijswijcklaan
652,Jan van Rijswijcklaan 159-171,2023-05-22,16:00:00,360,313,47,FMN 04 Jan Van Rijswijcklaan
652,Jan van Rijswijcklaan 159-171,2023-05-22,17:00:00,306,272,34,FMN 04 Jan Van Rijswijcklaan
652,Jan van Rijswijcklaan 159-171,2023-05-22,18:00:00,239,199,40,FMN 04 Jan Van Rijswijcklaan
652,Jan van Rijswijcklaan 159-171,2023-05-22,19:00:00,146,110,36,FMN 04 Jan Van Rijswijcklaan
652,Jan van Rijswijcklaan 159-171,2023-05-22,20:00:00,130,102,28,FMN 04 Jan Van Rijswijcklaan
652,Jan van Rijswijcklaan 159-171,2023-05-22,21:00:00,95,70,25,FMN 04 Jan Van Rijswijcklaan
652,Jan van Rijswijcklaan 159-171,2023-05-22,22:00:00,59,49,10,FMN 04 Jan Van Rijswijcklaan
652,Jan van Rijswijcklaan 159-171,2023-05-22,23:00:00,24,18,6,FMN 04 Jan Van Rijswijcklaan
652,Jan van Rijswijcklaan 159-171,2023-05-23,00:00:00,14,10,4,FMN 04 Jan Van Rijswijcklaan
652,Jan van Rijswijcklaan 159-171,2023-05-23,01:00:00,10,6,4,FMN 04 Jan Van Rijswijcklaan
652,Jan van Rijswijcklaan 159-171,2023-05-23,02:00:00,2,1,1,FMN 04 Jan Van Rijswijcklaan
652,Jan van Rijswijcklaan 159-171,2023-05-23,03:00:00,5,5,0,FMN 04 Jan Van Rijswijcklaan
652,Jan van Rijswijcklaan 159-171,2023-05-23,04:00:00,15,12,3,FMN 04 Jan Van Rijswijcklaan
652,Jan van Rijswijcklaan 159-171,2023-05-23,05:00:00,31,28,3,FMN 04 Jan Van Rijswijcklaan
652,Jan van Rijswijcklaan 159-171,2023-05-23,06:00:00,82,75,7,FMN 04 Jan Van Rijswijcklaan
652,Jan van Rijswijcklaan 159-171,2023-05-23,07:00:00,241,228,13,FMN 04 Jan Van Rijswijcklaan
652,Jan van Rijswijcklaan 159-171,2023-05-23,08:00:00,503,481,22,FMN 04 Jan Van Rijswijcklaan
652,Jan van Rijswijcklaan 159-171,2023-05-23,09:00:00,189,169,20,FMN 04 Jan Van Rijswijcklaan
652,Jan van Rijswijcklaan 159-171,2023-05-23,10:00:00,150,130,20,FMN 04 Jan Van Rijswijcklaan
652,Jan van Rijswijcklaan 159-171,2023-05-23,11:00:00,117,101,16,FMN 04 Jan Van Rijswijcklaan
652,Jan van Rijswijcklaan 159-171,2023-05-23,12:00:00,165,136,29,FMN 04 Jan Van Rijswijcklaan
652,Jan van Rijswijcklaan 159-171,2023-05-23,13:00:00,154,123,31,FMN 04 Jan Van Rijswijcklaan
652,Jan van Rijswijcklaan 159-171,2023-05-23,14:00:00,139,116,23,FMN 04 Jan Van Rijswijcklaan
652,Jan van Rijswijcklaan 159-171,2023-05-23,15:00:00,227,201,26,FMN 04 Jan Van Rijswijcklaan
652,Jan van Rijswijcklaan 159-171,2023-05-23,16:00:00,361,324,37,FMN 04 Jan Van Rijswijcklaan
652,Jan van Rijswijcklaan 159-171,2023-05-23,17:00:00,315,266,49,FMN 04 Jan Van Rijswijcklaan
652,Jan van Rijswijcklaan 159-171,2023-05-23,18:00:00,251,214,37,FMN 04 Jan Van Rijswijcklaan
652,Jan van Rijswijcklaan 159-171,2023-05-23,19:00:00,149,115,34,FMN 04 Jan Van Rijswijcklaan
652,Jan van Rijswijcklaan 159-171,2023-05-23,20:00:00,144,110,34,FMN 04 Jan Van Rijswijcklaan
652,Jan van Rijswijcklaan 159-171,2023-05-23,21:00:00,94,77,17,FMN 04 Jan Van Rijswijcklaan
652,Jan van Rijswijcklaan 159-171,2023-05-23,22:00:00,88,78,10,FMN 04 Jan Van Rijswijcklaan
652,Jan van Rijswijcklaan 159-171,2023-05-23,23:00:00,41,34,7,FMN 04 Jan Van Rijswijcklaan
652,Jan van Rijswijcklaan 159-171,2023-05-24,00:00:00,19,12,7,FMN 04 Jan Van Rijswijcklaan
652,Jan van Rijswijcklaan 159-171,2023-05-24,01:00:00,8,7,1,FMN 04 Jan Van Rijswijcklaan
652,Jan van Rijswijcklaan 159-171,2023-05-24,02:00:00,3,2,1,FMN 04 Jan Van Rijswijcklaan
652,Jan van Rijswijcklaan 159-171,2023-05-24,03:00:00,6,5,1,FMN 04 Jan Van Rijswijcklaan
652,Jan van Rijswijcklaan 159-171,2023-05-24,04:00:00,14,12,2,FMN 04 Jan Van Rijswijcklaan
652,Jan van Rijswijcklaan 159-171,2023-05-24,05:00:00,28,26,2,FMN 04 Jan Van Rijswijcklaan
652,Jan van Rijswijcklaan 159-171,2023-05-24,06:00:00,82,74,8,FMN 04 Jan Van Rijswijcklaan
652,Jan van Rijswijcklaan 159-171,2023-05-24,07:00:00,253,239,14,FMN 04 Jan Van Rijswijcklaan
652,Jan van Rijswijcklaan 159-171,2023-05-24,08:00:00,479,449,30,FMN 04 Jan Van Rijswijcklaan
652,Jan van Rijswijcklaan 159-171,2023-05-24,09:00:00,197,182,15,FMN 04 Jan Van Rijswijcklaan
652,Jan van Rijswijcklaan 159-171,2023-05-24,10:00:00,129,96,33,FMN 04 Jan Van Rijswijcklaan
652,Jan van Rijswijcklaan 159-171,2023-05-24,11:00:00,123,114,9,FMN 04 Jan Van Rijswijcklaan
652,Jan van Rijswijcklaan 159-171,2023-05-24,12:00:00,305,267,38,FMN 04 Jan Van Rijswijcklaan
652,Jan van Rijswijcklaan 159-171,2023-05-24,13:00:00,183,160,23,FMN 04 Jan Van Rijswijcklaan
652,Jan van Rijswijcklaan 159-171,2023-05-24,14:00:00,138,115,23,FMN 04 Jan Van Rijswijcklaan
652,Jan van Rijswijcklaan 159-171,2023-05-24,15:00:00,168,142,26,FMN 04 Jan Van Rijswijcklaan
652,Jan van Rijswijcklaan 159-171,2023-05-24,16:00:00,217,188,29,FMN 04 Jan Van Rijswijcklaan
652,Jan van Rijswijcklaan 159-171,2023-05-24,17:00:00,293,243,50,FMN 04 Jan Van Rijswijcklaan
652,Jan van Rijswijcklaan 159-171,2023-05-24,18:00:00,248,216,32,FMN 04 Jan Van Rijswijcklaan
652,Jan van Rijswijcklaan 159-171,2023-05-24,19:00:00,178,131,47,FMN 04 Jan Van Rijswijcklaan
652,Jan van Rijswijcklaan 159-171,2023-05-24,20:00:00,108,79,29,FMN 04 Jan Van Rijswijcklaan
652,Jan van Rijswijcklaan 159-171,2023-05-24,21:00:00,73,50,23,FMN 04 Jan Van Rijswijcklaan
652,Jan van Rijswijcklaan 159-171,2023-05-24,22:00:00,73,62,11,FMN 04 Jan Van Rijswijcklaan
652,Jan van Rijswijcklaan 159-171,2023-05-24,23:00:00,34,28,6,FMN 04 Jan Van Rijswijcklaan
652,Jan van Rijswijcklaan 159-171,2023-05-25,00:00:00,9,3,6,FMN 04 Jan Van Rijswijcklaan
652,Jan van Rijswijcklaan 159-171,2023-05-25,01:00:00,5,5,0,FMN 04 Jan Van Rijswijcklaan
652,Jan van Rijswijcklaan 159-171,2023-05-25,02:00:00,2,2,0,FMN 04 Jan Van Rijswijcklaan
652,Jan van Rijswijcklaan 159-171,2023-05-25,03:00:00,2,2,0,FMN 04 Jan Van Rijswijcklaan
652,Jan van Rijswijcklaan 159-171,2023-05-25,04:00:00,11,10,1,FMN 04 Jan Van Rijswijcklaan
652,Jan van Rijswijcklaan 159-171,2023-05-25,05:00:00,26,25,1,FMN 04 Jan Van Rijswijcklaan
652,Jan van Rijswijcklaan 159-171,2023-05-25,06:00:00,80,76,4,FMN 04 Jan Van Rijswijcklaan
652,Jan van Rijswijcklaan 159-171,2023-05-25,07:00:00,226,212,14,FMN 04 Jan Van Rijswijcklaan
652,Jan van Rijswijcklaan 159-171,2023-05-25,08:00:00,542,517,25,FMN 04 Jan Van Rijswijcklaan
652,Jan van Rijswijcklaan 159-171,2023-05-25,09:00:00,186,174,12,FMN 04 Jan Van Rijswijcklaan
652,Jan van Rijswijcklaan 159-171,2023-05-25,10:00:00,113,96,17,FMN 04 Jan Van Rijswijcklaan
652,Jan van Rijswijcklaan 159-171,2023-05-25,11:00:00,112,103,9,FMN 04 Jan Van Rijswijcklaan
652,Jan van Rijswijcklaan 159-171,2023-05-25,12:00:00,154,126,28,FMN 04 Jan Van Rijswijcklaan
652,Jan van Rijswijcklaan 159-171,2023-05-25,13:00:00,155,132,23,FMN 04 Jan Van Rijswijcklaan
652,Jan van Rijswijcklaan 159-171,2023-05-25,14:00:00,129,108,21,FMN 04 Jan Van Rijswijcklaan
652,Jan van Rijswijcklaan 159-171,2023-05-25,15:00:00,256,226,30,FMN 04 Jan Van Rijswijcklaan
652,Jan van Rijswijcklaan 159-171,2023-05-25,16:00:00,294,258,36,FMN 04 Jan Van Rijswijcklaan
652,Jan van Rijswijcklaan 159-171,2023-05-25,17:00:00,297,262,35,FMN 04 Jan Van Rijswijcklaan
652,Jan van Rijswijcklaan 159-171,2023-05-25,18:00:00,234,206,28,FMN 04 Jan Van Rijswijcklaan
652,Jan van Rijswijcklaan 159-171,2023-05-25,19:00:00,184,155,29,FMN 04 Jan Van Rijswijcklaan
652,Jan van Rijswijcklaan 159-171,2023-05-25,20:00:00,110,96,14,FMN 04 Jan Van Rijswijcklaan
652,Jan van Rijswijcklaan 159-171,2023-05-25,21:00:00,85,62,23,FMN 04 Jan Van Rijswijcklaan
652,Jan van Rijswijcklaan 159-171,2023-05-25,22:00:00,91,69,22,FMN 04 Jan Van Rijswijcklaan
652,Jan van Rijswijcklaan 159-171,2023-05-25,23:00:00,43,33,10,FMN 04 Jan Van Rijswijcklaan
652,Jan van Rijswijcklaan 159-171,2023-05-26,00:00:00,17,11,6,FMN 04 Jan Van Rijswijcklaan
652,Jan van Rijswijcklaan 159-171,2023-05-26,01:00:00,8,5,3,FMN 04 Jan Van Rijswijcklaan
652,Jan van Rijswijcklaan 159-171,2023-05-26,02:00:00,5,4,1,FMN 04 Jan Van Rijswijcklaan
652,Jan van Rijswijcklaan 159-171,2023-05-26,03:00:00,4,4,0,FMN 04 Jan Van Rijswijcklaan
652,Jan van Rijswijcklaan 159-171,2023-05-26,04:00:00,16,14,2,FMN 04 Jan Van Rijswijcklaan
652,Jan van Rijswijcklaan 159-171,2023-05-26,05:00:00,25,21,4,FMN 04 Jan Van Rijswijcklaan
652,Jan van Rijswijcklaan 159-171,2023-05-26,06:00:00,65,59,6,FMN 04 Jan Van Rijswijcklaan
652,Jan van Rijswijcklaan 159-171,2023-05-26,07:00:00,220,209,11,FMN 04 Jan Van Rijswijcklaan
652,Jan van Rijswijcklaan 159-171,2023-05-26,08:00:00,416,402,14,FMN 04 Jan Van Rijswijcklaan
652,Jan van Rijswijcklaan 159-171,2023-05-26,09:00:00,161,144,17,FMN 04 Jan Van Rijswijcklaan
652,Jan van Rijswijcklaan 159-171,2023-05-26,10:00:00,142,130,12,FMN 04 Jan Van Rijswijcklaan
652,Jan van Rijswijcklaan 159-171,2023-05-26,11:00:00,72,55,17,FMN 04 Jan Van Rijswijcklaan
652,Jan van Rijswijcklaan 159-171,2023-05-26,12:00:00,160,140,20,FMN 04 Jan Van Rijswijcklaan
652,Jan van Rijswijcklaan 159-171,2023-05-26,13:00:00,140,119,21,FMN 04 Jan Van Rijswijcklaan
652,Jan van Rijswijcklaan 159-171,2023-05-26,14:00:00,141,118,23,FMN 04 Jan Van Rijswijcklaan
652,Jan van Rijswijcklaan 159-171,2023-05-26,15:00:00,212,191,21,FMN 04 Jan Van Rijswijcklaan
652,Jan van Rijswijcklaan 159-171,2023-05-26,16:00:00,312,277,35,FMN 04 Jan Van Rijswijcklaan
652,Jan van Rijswijcklaan 159-171,2023-05-26,17:00:00,236,202,34,FMN 04 Jan Van Rijswijcklaan
652,Jan van Rijswijcklaan 159-171,2023-05-26,18:00:00,240,204,36,FMN 04 Jan Van Rijswijcklaan
652,Jan van Rijswijcklaan 159-171,2023-05-26,19:00:00,160,129,31,FMN 04 Jan Van Rijswijcklaan
652,Jan van Rijswijcklaan 159-171,2023-05-26,20:00:00,100,87,13,FMN 04 Jan Van Rijswijcklaan
652,Jan van Rijswijcklaan 159-171,2023-05-26,21:00:00,91,79,12,FMN 04 Jan Van Rijswijcklaan
652,Jan van Rijswijcklaan 159-171,2023-05-26,22:00:00,49,42,7,FMN 04 Jan Van Rijswijcklaan
652,Jan van Rijswijcklaan 159-171,2023-05-26,23:00:00,53,43,10,FMN 04 Jan Van Rijswijcklaan
652,Jan van Rijswijcklaan 159-171,2023-05-27,00:00:00,42,26,16,FMN 04 Jan Van Rijswijcklaan
652,Jan van Rijswijcklaan 159-171,2023-05-27,01:00:00,12,7,5,FMN 04 Jan Van Rijswijcklaan
652,Jan van Rijswijcklaan 159-171,2023-05-27,02:00:00,18,13,5,FMN 04 Jan Van Rijswijcklaan
652,Jan van Rijswijcklaan 159-171,2023-05-27,03:00:00,14,14,0,FMN 04 Jan Van Rijswijcklaan
652,Jan van Rijswijcklaan 159-171,2023-05-27,04:00:00,16,15,1,FMN 04 Jan Van Rijswijcklaan
652,Jan van Rijswijcklaan 159-171,2023-05-27,05:00:00,6,4,2,FMN 04 Jan Van Rijswijcklaan
652,Jan van Rijswijcklaan 159-171,2023-05-27,06:00:00,13,12,1,FMN 04 Jan Van Rijswijcklaan
652,Jan van Rijswijcklaan 159-171,2023-05-27,07:00:00,26,23,3,FMN 04 Jan Van Rijswijcklaan
652,Jan van Rijswijcklaan 159-171,2023-05-27,08:00:00,56,46,10,FMN 04 Jan Van Rijswijcklaan
652,Jan van Rijswijcklaan 159-171,2023-05-27,09:00:00,96,92,4,FMN 04 Jan Van Rijswijcklaan
652,Jan van Rijswijcklaan 159-171,2023-05-27,10:00:00,119,110,9,FMN 04 Jan Van Rijswijcklaan
652,Jan van Rijswijcklaan 159-171,2023-05-27,11:00:00,131,111,20,FMN 04 Jan Van Rijswijcklaan
652,Jan van Rijswijcklaan 159-171,2023-05-27,12:00:00,135,119,16,FMN 04 Jan Van Rijswijcklaan
652,Jan van Rijswijcklaan 159-171,2023-05-27,13:00:00,168,144,24,FMN 04 Jan Van Rijswijcklaan
652,Jan van Rijswijcklaan 159-171,2023-05-27,14:00:00,144,126,18,FMN 04 Jan Van Rijswijcklaan
652,Jan van Rijswijcklaan 159-171,2023-05-27,15:00:00,129,111,18,FMN 04 Jan Van Rijswijcklaan
652,Jan van Rijswijcklaan 159-171,2023-05-27,16:00:00,95,78,17,FMN 04 Jan Van Rijswijcklaan
652,Jan van Rijswijcklaan 159-171,2023-05-27,17:00:00,137,103,34,FMN 04 Jan Van Rijswijcklaan
652,Jan van Rijswijcklaan 159-171,2023-05-27,18:00:00,155,133,22,FMN 04 Jan Van Rijswijcklaan
652,Jan van Rijswijcklaan 159-171,2023-05-27,19:00:00,124,108,16,FMN 04 Jan Van Rijswijcklaan
652,Jan van Rijswijcklaan 159-171,2023-05-27,20:00:00,72,62,10,FMN 04 Jan Van Rijswijcklaan
652,Jan van Rijswijcklaan 159-171,2023-05-27,21:00:00,84,64,20,FMN 04 Jan Van Rijswijcklaan
652,Jan van Rijswijcklaan 159-171,2023-05-27,22:00:00,68,53,15,FMN 04 Jan Van Rijswijcklaan
652,Jan van Rijswijcklaan 159-171,2023-05-27,23:00:00,59,34,25,FMN 04 Jan Van Rijswijcklaan
652,Jan van Rijswijcklaan 159-171,2023-05-28,00:00:00,42,35,7,FMN 04 Jan Van Rijswijcklaan
652,Jan van Rijswijcklaan 159-171,2023-05-28,01:00:00,36,28,8,FMN 04 Jan Van Rijswijcklaan
652,Jan van Rijswijcklaan 159-171,2023-05-28,02:00:00,20,11,9,FMN 04 Jan Van Rijswijcklaan
652,Jan van Rijswijcklaan 159-171,2023-05-28,03:00:00,14,8,6,FMN 04 Jan Van Rijswijcklaan
652,Jan van Rijswijcklaan 159-171,2023-05-28,04:00:00,9,7,2,FMN 04 Jan Van Rijswijcklaan
652,Jan van Rijswijcklaan 159-171,2023-05-28,05:00:00,9,7,2,FMN 04 Jan Van Rijswijcklaan
652,Jan van Rijswijcklaan 159-171,2023-05-28,06:00:00,8,6,2,FMN 04 Jan Van Rijswijcklaan
652,Jan van Rijswijcklaan 159-171,2023-05-28,07:00:00,22,22,0,FMN 04 Jan Van Rijswijcklaan
652,Jan van Rijswijcklaan 159-171,2023-05-28,08:00:00,40,35,5,FMN 04 Jan Van Rijswijcklaan
652,Jan van Rijswijcklaan 159-171,2023-05-28,09:00:00,77,71,6,FMN 04 Jan Van Rijswijcklaan
652,Jan van Rijswijcklaan 159-171,2023-05-28,10:00:00,98,89,9,FMN 04 Jan Van Rijswijcklaan
652,Jan van Rijswijcklaan 159-171,2023-05-28,11:00:00,89,73,16,FMN 04 Jan Van Rijswijcklaan
652,Jan van Rijswijcklaan 159-171,2023-05-28,12:00:00,114,96,18,FMN 04 Jan Van Rijswijcklaan
652,Jan van Rijswijcklaan 159-171,2023-05-28,13:00:00,104,90,14,FMN 04 Jan Van Rijswijcklaan
652,Jan van Rijswijcklaan 159-171,2023-05-28,14:00:00,106,96,10,FMN 04 Jan Van Rijswijcklaan
652,Jan van Rijswijcklaan 159-171,2023-05-28,15:00:00,93,81,12,FMN 04 Jan Van Rijswijcklaan
652,Jan van Rijswijcklaan 159-171,2023-05-28,16:00:00,105,88,17,FMN 04 Jan Van Rijswijcklaan
652,Jan van Rijswijcklaan 159-171,2023-05-28,17:00:00,97,84,13,FMN 04 Jan Van Rijswijcklaan
652,Jan van Rijswijcklaan 159-171,2023-05-28,18:00:00,117,99,18,FMN 04 Jan Van Rijswijcklaan
652,Jan van Rijswijcklaan 159-171,2023-05-28,19:00:00,99,83,16,FMN 04 Jan Van Rijswijcklaan
652,Jan van Rijswijcklaan 159-171,2023-05-28,20:00:00,57,46,11,FMN 04 Jan Van Rijswijcklaan
652,Jan van Rijswijcklaan 159-171,2023-05-28,21:00:00,67,49,18,FMN 04 Jan Van Rijswijcklaan
652,Jan van Rijswijcklaan 159-171,2023-05-28,22:00:00,56,43,13,FMN 04 Jan Van Rijswijcklaan
652,Jan van Rijswijcklaan 159-171,2023-05-28,23:00:00,29,20,9,FMN 04 Jan Van Rijswijcklaan
652,Jan van Rijswijcklaan 159-171,2023-05-29,00:00:00,27,23,4,FMN 04 Jan Van Rijswijcklaan
652,Jan van Rijswijcklaan 159-171,2023-05-29,01:00:00,32,27,5,FMN 04 Jan Van Rijswijcklaan
652,Jan van Rijswijcklaan 159-171,2023-05-29,02:00:00,13,10,3,FMN 04 Jan Van Rijswijcklaan
652,Jan van Rijswijcklaan 159-171,2023-05-29,03:00:00,7,6,1,FMN 04 Jan Van Rijswijcklaan
652,Jan van Rijswijcklaan 159-171,2023-05-29,04:00:00,7,6,1,FMN 04 Jan Van Rijswijcklaan
652,Jan van Rijswijcklaan 159-171,2023-05-29,05:00:00,12,11,1,FMN 04 Jan Van Rijswijcklaan
652,Jan van Rijswijcklaan 159-171,2023-05-29,06:00:00,14,12,2,FMN 04 Jan Van Rijswijcklaan
652,Jan van Rijswijcklaan 159-171,2023-05-29,07:00:00,25,22,3,FMN 04 Jan Van Rijswijcklaan
652,Jan van Rijswijcklaan 159-171,2023-05-29,08:00:00,23,23,0,FMN 04 Jan Van Rijswijcklaan
652,Jan van Rijswijcklaan 159-171,2023-05-29,09:00:00,52,47,5,FMN 04 Jan Van Rijswijcklaan
652,Jan van Rijswijcklaan 159-171,2023-05-29,10:00:00,72,61,11,FMN 04 Jan Van Rijswijcklaan
652,Jan van Rijswijcklaan 159-171,2023-05-29,11:00:00,73,62,11,FMN 04 Jan Van Rijswijcklaan
652,Jan van Rijswijcklaan 159-171,2023-05-29,12:00:00,69,58,11,FMN 04 Jan Van Rijswijcklaan
652,Jan van Rijswijcklaan 159-171,2023-05-29,13:00:00,121,108,13,FMN 04 Jan Van Rijswijcklaan
652,Jan van Rijswijcklaan 159-171,2023-05-29,14:00:00,85,68,17,FMN 04 Jan Van Rijswijcklaan
652,Jan van Rijswijcklaan 159-171,2023-05-29,15:00:00,87,78,9,FMN 04 Jan Van Rijswijcklaan
652,Jan van Rijswijcklaan 159-171,2023-05-29,16:00:00,89,74,15,FMN 04 Jan Van Rijswijcklaan
652,Jan van Rijswijcklaan 159-171,2023-05-29,17:00:00,104,89,15,FMN 04 Jan Van Rijswijcklaan
652,Jan van Rijswijcklaan 159-171,2023-05-29,18:00:00,100,88,12,FMN 04 Jan Van Rijswijcklaan
652,Jan van Rijswijcklaan 159-171,2023-05-29,19:00:00,92,75,17,FMN 04 Jan Van Rijswijcklaan
652,Jan van Rijswijcklaan 159-171,2023-05-29,20:00:00,78,66,12,FMN 04 Jan Van Rijswijcklaan
652,Jan van Rijswijcklaan 159-171,2023-05-29,21:00:00,50,34,16,FMN 04 Jan Van Rijswijcklaan
652,Jan van Rijswijcklaan 159-171,2023-05-29,22:00:00,44,33,11,FMN 04 Jan Van Rijswijcklaan
652,Jan van Rijswijcklaan 159-171,2023-05-29,23:00:00,23,19,4,FMN 04 Jan Van Rijswijcklaan
652,Jan van Rijswijcklaan 159-171,2023-05-30,00:00:00,11,7,4,FMN 04 Jan Van Rijswijcklaan
652,Jan van Rijswijcklaan 159-171,2023-05-30,01:00:00,3,2,1,FMN 04 Jan Van Rijswijcklaan
652,Jan van Rijswijcklaan 159-171,2023-05-30,02:00:00,7,4,3,FMN 04 Jan Van Rijswijcklaan
652,Jan van Rijswijcklaan 159-171,2023-05-30,03:00:00,4,3,1,FMN 04 Jan Van Rijswijcklaan
652,Jan van Rijswijcklaan 159-171,2023-05-30,04:00:00,7,6,1,FMN 04 Jan Van Rijswijcklaan
652,Jan van Rijswijcklaan 159-171,2023-05-30,05:00:00,25,22,3,FMN 04 Jan Van Rijswijcklaan
652,Jan van Rijswijcklaan 159-171,2023-05-30,06:00:00,72,68,4,FMN 04 Jan Van Rijswijcklaan
652,Jan van Rijswijcklaan 159-171,2023-05-30,07:00:00,261,243,18,FMN 04 Jan Van Rijswijcklaan
652,Jan van Rijswijcklaan 159-171,2023-05-30,08:00:00,471,445,26,FMN 04 Jan Van Rijswijcklaan
652,Jan van Rijswijcklaan 159-171,2023-05-30,09:00:00,172,158,14,FMN 04 Jan Van Rijswijcklaan
652,Jan van Rijswijcklaan 159-171,2023-05-30,10:00:00,99,88,11,FMN 04 Jan Van Rijswijcklaan
652,Jan van Rijswijcklaan 159-171,2023-05-30,11:00:00,127,101,26,FMN 04 Jan Van Rijswijcklaan
652,Jan van Rijswijcklaan 159-171,2023-05-30,12:00:00,204,153,51,FMN 04 Jan Van Rijswijcklaan
652,Jan van Rijswijcklaan 159-171,2023-05-30,13:00:00,137,122,15,FMN 04 Jan Van Rijswijcklaan
652,Jan van Rijswijcklaan 159-171,2023-05-30,14:00:00,137,116,21,FMN 04 Jan Van Rijswijcklaan
652,Jan van Rijswijcklaan 159-171,2023-05-30,15:00:00,218,203,15,FMN 04 Jan Van Rijswijcklaan
652,Jan van Rijswijcklaan 159-171,2023-05-30,16:00:00,332,300,32,FMN 04 Jan Van Rijswijcklaan
652,Jan van Rijswijcklaan 159-171,2023-05-30,17:00:00,305,250,55,FMN 04 Jan Van Rijswijcklaan
652,Jan van Rijswijcklaan 159-171,2023-05-30,18:00:00,246,208,38,FMN 04 Jan Van Rijswijcklaan
652,Jan van Rijswijcklaan 159-171,2023-05-30,19:00:00,140,113,27,FMN 04 Jan Van Rijswijcklaan
652,Jan van Rijswijcklaan 159-171,2023-05-30,20:00:00,101,82,19,FMN 04 Jan Van Rijswijcklaan
652,Jan van Rijswijcklaan 159-171,2023-05-30,21:00:00,75,58,17,FMN 04 Jan Van Rijswijcklaan
652,Jan van Rijswijcklaan 159-171,2023-05-30,22:00:00,82,73,9,FMN 04 Jan Van Rijswijcklaan
652,Jan van Rijswijcklaan 159-171,2023-05-30,23:00:00,42,27,15,FMN 04 Jan Van Rijswijcklaan
652,Jan van Rijswijcklaan 159-171,2023-05-31,00:00:00,15,11,4,FMN 04 Jan Van Rijswijcklaan
652,Jan van Rijswijcklaan 159-171,2023-05-31,01:00:00,8,6,2,FMN 04 Jan Van Rijswijcklaan
652,Jan van Rijswijcklaan 159-171,2023-05-31,02:00:00,1,0,1,FMN 04 Jan Van Rijswijcklaan
652,Jan van Rijswijcklaan 159-171,2023-05-31,03:00:00,3,3,0,FMN 04 Jan Van Rijswijcklaan
652,Jan van Rijswijcklaan 159-171,2023-05-31,04:00:00,16,15,1,FMN 04 Jan Van Rijswijcklaan
652,Jan van Rijswijcklaan 159-171,2023-05-31,05:00:00,19,17,2,FMN 04 Jan Van Rijswijcklaan
652,Jan van Rijswijcklaan 159-171,2023-05-31,06:00:00,80,73,7,FMN 04 Jan Van Rijswijcklaan
652,Jan van Rijswijcklaan 159-171,2023-05-31,07:00:00,239,228,11,FMN 04 Jan Van Rijswijcklaan
652,Jan van Rijswijcklaan 159-171,2023-05-31,08:00:00,461,436,25,FMN 04 Jan Van Rijswijcklaan
652,Jan van Rijswijcklaan 159-171,2023-05-31,09:00:00,160,148,12,FMN 04 Jan Van Rijswijcklaan
652,Jan van Rijswijcklaan 159-171,2023-05-31,10:00:00,132,110,22,FMN 04 Jan Van Rijswijcklaan
652,Jan van Rijswijcklaan 159-171,2023-05-31,11:00:00,130,115,15,FMN 04 Jan Van Rijswijcklaan
652,Jan van Rijswijcklaan 159-171,2023-05-31,12:00:00,344,319,25,FMN 04 Jan Van Rijswijcklaan
652,Jan van Rijswijcklaan 159-171,2023-05-31,13:00:00,134,115,19,FMN 04 Jan Van Rijswijcklaan
652,Jan van Rijswijcklaan 159-171,2023-05-31,14:00:00,152,131,21,FMN 04 Jan Van Rijswijcklaan
652,Jan van Rijswijcklaan 159-171,2023-05-31,15:00:00,166,149,17,FMN 04 Jan Van Rijswijcklaan
652,Jan van Rijswijcklaan 159-171,2023-05-31,16:00:00,232,207,25,FMN 04 Jan Van Rijswijcklaan
652,Jan van Rijswijcklaan 159-171,2023-05-31,17:00:00,270,234,36,FMN 04 Jan Van Rijswijcklaan
652,Jan van Rijswijcklaan 159-171,2023-05-31,18:00:00,231,194,37,FMN 04 Jan Van Rijswijcklaan
652,Jan van Rijswijcklaan 159-171,2023-05-31,19:00:00,159,137,22,FMN 04 Jan Van Rijswijcklaan
652,Jan van Rijswijcklaan 159-171,2023-05-31,20:00:00,131,106,25,FMN 04 Jan Van Rijswijcklaan
652,Jan van Rijswijcklaan 159-171,2023-05-31,21:00:00,77,64,13,FMN 04 Jan Van Rijswijcklaan
652,Jan van Rijswijcklaan 159-171,2023-05-31,22:00:00,94,75,19,FMN 04 Jan Van Rijswijcklaan
652,Jan van Rijswijcklaan 159-171,2023-05-31,23:00:00,35,25,10,FMN 04 Jan Van Rijswijcklaan
652,Jan van Rijswijcklaan 159-171,2023-06-01,00:00:00,16,13,3,FMN 04 Jan Van Rijswijcklaan
652,Jan van Rijswijcklaan 159-171,2023-06-01,01:00:00,4,2,2,FMN 04 Jan Van Rijswijcklaan
652,Jan van Rijswijcklaan 159-171,2023-06-01,02:00:00,5,4,1,FMN 04 Jan Van Rijswijcklaan
652,Jan van Rijswijcklaan 159-171,2023-06-01,03:00:00,3,3,0,FMN 04 Jan Van Rijswijcklaan
652,Jan van Rijswijcklaan 159-171,2023-06-01,04:00:00,18,17,1,FMN 04 Jan Van Rijswijcklaan
652,Jan van Rijswijcklaan 159-171,2023-06-01,05:00:00,24,21,3,FMN 04 Jan Van Rijswijcklaan
652,Jan van Rijswijcklaan 159-171,2023-06-01,06:00:00,80,76,4,FMN 04 Jan Van Rijswijcklaan
652,Jan van Rijswijcklaan 159-171,2023-06-01,07:00:00,241,219,22,FMN 04 Jan Van Rijswijcklaan
652,Jan van Rijswijcklaan 159-171,2023-06-01,08:00:00,526,506,20,FMN 04 Jan Van Rijswijcklaan
652,Jan van Rijswijcklaan 159-171,2023-06-01,09:00:00,191,182,9,FMN 04 Jan Van Rijswijcklaan
652,Jan van Rijswijcklaan 159-171,2023-06-01,10:00:00,106,96,10,FMN 04 Jan Van Rijswijcklaan
652,Jan van Rijswijcklaan 159-171,2023-06-01,11:00:00,111,96,15,FMN 04 Jan Van Rijswijcklaan
652,Jan van Rijswijcklaan 159-171,2023-06-01,12:00:00,162,138,24,FMN 04 Jan Van Rijswijcklaan
652,Jan van Rijswijcklaan 159-171,2023-06-01,13:00:00,162,143,19,FMN 04 Jan Van Rijswijcklaan
652,Jan van Rijswijcklaan 159-171,2023-06-01,14:00:00,124,102,22,FMN 04 Jan Van Rijswijcklaan
652,Jan van Rijswijcklaan 159-171,2023-06-01,15:00:00,216,191,25,FMN 04 Jan Van Rijswijcklaan
652,Jan van Rijswijcklaan 159-171,2023-06-01,16:00:00,333,290,43,FMN 04 Jan Van Rijswijcklaan
652,Jan van Rijswijcklaan 159-171,2023-06-01,17:00:00,287,265,22,FMN 04 Jan Van Rijswijcklaan
652,Jan van Rijswijcklaan 159-171,2023-06-01,18:00:00,223,200,23,FMN 04 Jan Van Rijswijcklaan
652,Jan van Rijswijcklaan 159-171,2023-06-01,19:00:00,141,118,23,FMN 04 Jan Van Rijswijcklaan
652,Jan van Rijswijcklaan 159-171,2023-06-01,20:00:00,132,97,35,FMN 04 Jan Van Rijswijcklaan
652,Jan van Rijswijcklaan 159-171,2023-06-01,21:00:00,88,64,24,FMN 04 Jan Van Rijswijcklaan
652,Jan van Rijswijcklaan 159-171,2023-06-01,22:00:00,107,91,16,FMN 04 Jan Van Rijswijcklaan
652,Jan van Rijswijcklaan 159-171,2023-06-01,23:00:00,61,45,16,FMN 04 Jan Van Rijswijcklaan
652,Jan van Rijswijcklaan 159-171,2023-06-02,00:00:00,19,15,4,FMN 04 Jan Van Rijswijcklaan
652,Jan van Rijswijcklaan 159-171,2023-06-02,01:00:00,9,3,6,FMN 04 Jan Van Rijswijcklaan
652,Jan van Rijswijcklaan 159-171,2023-06-02,02:00:00,3,2,1,FMN 04 Jan Van Rijswijcklaan
652,Jan van Rijswijcklaan 159-171,2023-06-02,03:00:00,5,3,2,FMN 04 Jan Van Rijswijcklaan
652,Jan van Rijswijcklaan 159-171,2023-06-02,04:00:00,16,13,3,FMN 04 Jan Van Rijswijcklaan
652,Jan van Rijswijcklaan 159-171,2023-06-02,05:00:00,20,17,3,FMN 04 Jan Van Rijswijcklaan
652,Jan van Rijswijcklaan 159-171,2023-06-02,06:00:00,57,54,3,FMN 04 Jan Van Rijswijcklaan
652,Jan van Rijswijcklaan 159-171,2023-06-02,07:00:00,223,204,19,FMN 04 Jan Van Rijswijcklaan
652,Jan van Rijswijcklaan 159-171,2023-06-02,08:00:00,464,434,30,FMN 04 Jan Van Rijswijcklaan
652,Jan van Rijswijcklaan 159-171,2023-06-02,09:00:00,152,141,11,FMN 04 Jan Van Rijswijcklaan
652,Jan van Rijswijcklaan 159-171,2023-06-02,10:00:00,132,120,12,FMN 04 Jan Van Rijswijcklaan
652,Jan van Rijswijcklaan 159-171,2023-06-02,11:00:00,100,88,12,FMN 04 Jan Van Rijswijcklaan
652,Jan van Rijswijcklaan 159-171,2023-06-02,12:00:00,173,149,24,FMN 04 Jan Van Rijswijcklaan
652,Jan van Rijswijcklaan 159-171,2023-06-02,13:00:00,134,103,31,FMN 04 Jan Van Rijswijcklaan
652,Jan van Rijswijcklaan 159-171,2023-06-02,14:00:00,165,150,15,FMN 04 Jan Van Rijswijcklaan
652,Jan van Rijswijcklaan 159-171,2023-06-02,15:00:00,231,205,26,FMN 04 Jan Van Rijswijcklaan
652,Jan van Rijswijcklaan 159-171,2023-06-02,16:00:00,297,272,25,FMN 04 Jan Van Rijswijcklaan
652,Jan van Rijswijcklaan 159-171,2023-06-02,17:00:00,266,225,41,FMN 04 Jan Van Rijswijcklaan
652,Jan van Rijswijcklaan 159-171,2023-06-02,18:00:00,215,186,29,FMN 04 Jan Van Rijswijcklaan
652,Jan van Rijswijcklaan 159-171,2023-06-02,19:00:00,165,142,23,FMN 04 Jan Van Rijswijcklaan
652,Jan van Rijswijcklaan 159-171,2023-06-02,20:00:00,107,92,15,FMN 04 Jan Van Rijswijcklaan
652,Jan van Rijswijcklaan 159-171,2023-06-02,21:00:00,96,77,19,FMN 04 Jan Van Rijswijcklaan
652,Jan van Rijswijcklaan 159-171,2023-06-02,22:00:00,78,58,20,FMN 04 Jan Van Rijswijcklaan
652,Jan van Rijswijcklaan 159-171,2023-06-02,23:00:00,59,45,14,FMN 04 Jan Van Rijswijcklaan
652,Jan van Rijswijcklaan 159-171,2023-06-03,00:00:00,36,30,6,FMN 04 Jan Van Rijswijcklaan
652,Jan van Rijswijcklaan 159-171,2023-06-03,01:00:00,29,23,6,FMN 04 Jan Van Rijswijcklaan
652,Jan van Rijswijcklaan 159-171,2023-06-03,02:00:00,16,14,2,FMN 04 Jan Van Rijswijcklaan
652,Jan van Rijswijcklaan 159-171,2023-06-03,03:00:00,13,7,6,FMN 04 Jan Van Rijswijcklaan
652,Jan van Rijswijcklaan 159-171,2023-06-03,04:00:00,12,8,4,FMN 04 Jan Van Rijswijcklaan
652,Jan van Rijswijcklaan 159-171,2023-06-03,05:00:00,6,4,2,FMN 04 Jan Van Rijswijcklaan
652,Jan van Rijswijcklaan 159-171,2023-06-03,06:00:00,16,12,4,FMN 04 Jan Van Rijswijcklaan
652,Jan van Rijswijcklaan 159-171,2023-06-03,07:00:00,23,23,0,FMN 04 Jan Van Rijswijcklaan
652,Jan van Rijswijcklaan 159-171,2023-06-03,08:00:00,57,49,8,FMN 04 Jan Van Rijswijcklaan
652,Jan van Rijswijcklaan 159-171,2023-06-03,09:00:00,121,104,17,FMN 04 Jan Van Rijswijcklaan
652,Jan van Rijswijcklaan 159-171,2023-06-03,10:00:00,112,103,9,FMN 04 Jan Van Rijswijcklaan
652,Jan van Rijswijcklaan 159-171,2023-06-03,11:00:00,138,116,22,FMN 04 Jan Van Rijswijcklaan
652,Jan van Rijswijcklaan 159-171,2023-06-03,12:00:00,153,137,16,FMN 04 Jan Van Rijswijcklaan
652,Jan van Rijswijcklaan 159-171,2023-06-03,13:00:00,121,99,22,FMN 04 Jan Van Rijswijcklaan
652,Jan van Rijswijcklaan 159-171,2023-06-03,14:00:00,147,134,13,FMN 04 Jan Van Rijswijcklaan
652,Jan van Rijswijcklaan 159-171,2023-06-03,15:00:00,126,97,29,FMN 04 Jan Van Rijswijcklaan
652,Jan van Rijswijcklaan 159-171,2023-06-03,16:00:00,112,103,9,FMN 04 Jan Van Rijswijcklaan
652,Jan van Rijswijcklaan 159-171,2023-06-03,17:00:00,151,131,20,FMN 04 Jan Van Rijswijcklaan
652,Jan van Rijswijcklaan 159-171,2023-06-03,18:00:00,156,125,31,FMN 04 Jan Van Rijswijcklaan
652,Jan van Rijswijcklaan 159-171,2023-06-03,19:00:00,110,97,13,FMN 04 Jan Van Rijswijcklaan
652,Jan van Rijswijcklaan 159-171,2023-06-03,20:00:00,99,89,10,FMN 04 Jan Van Rijswijcklaan
652,Jan van Rijswijcklaan 159-171,2023-06-03,21:00:00,73,58,15,FMN 04 Jan Van Rijswijcklaan
652,Jan van Rijswijcklaan 159-171,2023-06-03,22:00:00,62,53,9,FMN 04 Jan Van Rijswijcklaan
652,Jan van Rijswijcklaan 159-171,2023-06-03,23:00:00,53,41,12,FMN 04 Jan Van Rijswijcklaan
652,Jan van Rijswijcklaan 159-171,2023-06-04,00:00:00,40,29,11,FMN 04 Jan Van Rijswijcklaan
652,Jan van Rijswijcklaan 159-171,2023-06-04,01:00:00,26,19,7,FMN 04 Jan Van Rijswijcklaan
652,Jan van Rijswijcklaan 159-171,2023-06-04,02:00:00,17,11,6,FMN 04 Jan Van Rijswijcklaan
652,Jan van Rijswijcklaan 159-171,2023-06-04,03:00:00,16,16,0,FMN 04 Jan Van Rijswijcklaan
652,Jan van Rijswijcklaan 159-171,2023-06-04,04:00:00,7,7,0,FMN 04 Jan Van Rijswijcklaan
652,Jan van Rijswijcklaan 159-171,2023-06-04,05:00:00,17,14,3,FMN 04 Jan Van Rijswijcklaan
652,Jan van Rijswijcklaan 159-171,2023-06-04,06:00:00,12,11,1,FMN 04 Jan Van Rijswijcklaan
652,Jan van Rijswijcklaan 159-171,2023-06-04,07:00:00,18,15,3,FMN 04 Jan Van Rijswijcklaan
652,Jan van Rijswijcklaan 159-171,2023-06-04,08:00:00,37,35,2,FMN 04 Jan Van Rijswijcklaan
652,Jan van Rijswijcklaan 159-171,2023-06-04,09:00:00,110,89,21,FMN 04 Jan Van Rijswijcklaan
652,Jan van Rijswijcklaan 159-171,2023-06-04,10:00:00,133,109,24,FMN 04 Jan Van Rijswijcklaan
652,Jan van Rijswijcklaan 159-171,2023-06-04,11:00:00,129,108,21,FMN 04 Jan Van Rijswijcklaan
652,Jan van Rijswijcklaan 159-171,2023-06-04,12:00:00,170,149,21,FMN 04 Jan Van Rijswijcklaan
652,Jan van Rijswijcklaan 159-171,2023-06-04,13:00:00,127,109,18,FMN 04 Jan Van Rijswijcklaan
652,Jan van Rijswijcklaan 159-171,2023-06-04,14:00:00,182,152,30,FMN 04 Jan Van Rijswijcklaan
652,Jan van Rijswijcklaan 159-171,2023-06-04,15:00:00,153,127,26,FMN 04 Jan Van Rijswijcklaan
652,Jan van Rijswijcklaan 159-171,2023-06-04,16:00:00,123,101,22,FMN 04 Jan Van Rijswijcklaan
652,Jan van Rijswijcklaan 159-171,2023-06-04,17:00:00,116,91,25,FMN 04 Jan Van Rijswijcklaan
652,Jan van Rijswijcklaan 159-171,2023-06-04,18:00:00,99,85,14,FMN 04 Jan Van Rijswijcklaan
652,Jan van Rijswijcklaan 159-171,2023-06-04,19:00:00,68,56,12,FMN 04 Jan Van Rijswijcklaan
652,Jan van Rijswijcklaan 159-171,2023-06-04,20:00:00,63,59,4,FMN 04 Jan Van Rijswijcklaan
652,Jan van Rijswijcklaan 159-171,2023-06-04,21:00:00,63,56,7,FMN 04 Jan Van Rijswijcklaan
652,Jan van Rijswijcklaan 159-171,2023-06-04,22:00:00,41,30,11,FMN 04 Jan Van Rijswijcklaan
652,Jan van Rijswijcklaan 159-171,2023-06-04,23:00:00,26,16,10,FMN 04 Jan Van Rijswijcklaan
652,Jan van Rijswijcklaan 159-171,2023-06-05,00:00:00,12,7,5,FMN 04 Jan Van Rijswijcklaan
652,Jan van Rijswijcklaan 159-171,2023-06-05,01:00:00,9,3,6,FMN 04 Jan Van Rijswijcklaan
652,Jan van Rijswijcklaan 159-171,2023-06-05,02:00:00,1,1,0,FMN 04 Jan Van Rijswijcklaan
652,Jan van Rijswijcklaan 159-171,2023-06-05,03:00:00,1,1,0,FMN 04 Jan Van Rijswijcklaan
652,Jan van Rijswijcklaan 159-171,2023-06-05,04:00:00,10,10,0,FMN 04 Jan Van Rijswijcklaan
652,Jan van Rijswijcklaan 159-171,2023-06-05,05:00:00,35,33,2,FMN 04 Jan Van Rijswijcklaan
652,Jan van Rijswijcklaan 159-171,2023-06-05,06:00:00,65,63,2,FMN 04 Jan Van Rijswijcklaan
652,Jan van Rijswijcklaan 159-171,2023-06-05,07:00:00,244,229,15,FMN 04 Jan Van Rijswijcklaan
652,Jan van Rijswijcklaan 159-171,2023-06-05,08:00:00,538,512,26,FMN 04 Jan Van Rijswijcklaan
652,Jan van Rijswijcklaan 159-171,2023-06-05,09:00:00,180,161,19,FMN 04 Jan Van Rijswijcklaan
652,Jan van Rijswijcklaan 159-171,2023-06-05,10:00:00,114,104,10,FMN 04 Jan Van Rijswijcklaan
652,Jan van Rijswijcklaan 159-171,2023-06-05,11:00:00,101,94,7,FMN 04 Jan Van Rijswijcklaan
652,Jan van Rijswijcklaan 159-171,2023-06-05,12:00:00,154,137,17,FMN 04 Jan Van Rijswijcklaan
652,Jan van Rijswijcklaan 159-171,2023-06-05,13:00:00,112,91,21,FMN 04 Jan Van Rijswijcklaan
652,Jan van Rijswijcklaan 159-171,2023-06-05,14:00:00,146,128,18,FMN 04 Jan Van Rijswijcklaan
652,Jan van Rijswijcklaan 159-171,2023-06-05,15:00:00,209,189,20,FMN 04 Jan Van Rijswijcklaan
652,Jan van Rijswijcklaan 159-171,2023-06-05,16:00:00,314,278,36,FMN 04 Jan Van Rijswijcklaan
652,Jan van Rijswijcklaan 159-171,2023-06-05,17:00:00,304,259,45,FMN 04 Jan Van Rijswijcklaan
652,Jan van Rijswijcklaan 159-171,2023-06-05,18:00:00,209,176,33,FMN 04 Jan Van Rijswijcklaan
652,Jan van Rijswijcklaan 159-171,2023-06-05,19:00:00,131,111,20,FMN 04 Jan Van Rijswijcklaan
652,Jan van Rijswijcklaan 159-171,2023-06-05,20:00:00,104,92,12,FMN 04 Jan Van Rijswijcklaan
652,Jan van Rijswijcklaan 159-171,2023-06-05,21:00:00,65,49,16,FMN 04 Jan Van Rijswijcklaan
652,Jan van Rijswijcklaan 159-171,2023-06-05,22:00:00,52,40,12,FMN 04 Jan Van Rijswijcklaan
652,Jan van Rijswijcklaan 159-171,2023-06-05,23:00:00,35,20,15,FMN 04 Jan Van Rijswijcklaan
652,Jan van Rijswijcklaan 159-171,2023-06-06,00:00:00,7,5,2,FMN 04 Jan Van Rijswijcklaan
652,Jan van Rijswijcklaan 159-171,2023-06-06,01:00:00,5,4,1,FMN 04 Jan Van Rijswijcklaan
652,Jan van Rijswijcklaan 159-171,2023-06-06,02:00:00,2,2,0,FMN 04 Jan Van Rijswijcklaan
652,Jan van Rijswijcklaan 159-171,2023-06-06,03:00:00,1,1,0,FMN 04 Jan Van Rijswijcklaan
652,Jan van Rijswijcklaan 159-171,2023-06-06,04:00:00,16,15,1,FMN 04 Jan Van Rijswijcklaan
652,Jan van Rijswijcklaan 159-171,2023-06-06,05:00:00,38,34,4,FMN 04 Jan Van Rijswijcklaan
652,Jan van Rijswijcklaan 159-171,2023-06-06,06:00:00,75,72,3,FMN 04 Jan Van Rijswijcklaan
652,Jan van Rijswijcklaan 159-171,2023-06-06,07:00:00,264,250,14,FMN 04 Jan Van Rijswijcklaan
652,Jan van Rijswijcklaan 159-171,2023-06-06,08:00:00,532,506,26,FMN 04 Jan Van Rijswijcklaan
652,Jan van Rijswijcklaan 159-171,2023-06-06,09:00:00,177,164,13,FMN 04 Jan Van Rijswijcklaan
652,Jan van Rijswijcklaan 159-171,2023-06-06,10:00:00,130,116,14,FMN 04 Jan Van Rijswijcklaan
652,Jan van Rijswijcklaan 159-171,2023-06-06,11:00:00,134,115,19,FMN 04 Jan Van Rijswijcklaan
652,Jan van Rijswijcklaan 159-171,2023-06-06,12:00:00,176,160,16,FMN 04 Jan Van Rijswijcklaan
652,Jan van Rijswijcklaan 159-171,2023-06-06,13:00:00,164,149,15,FMN 04 Jan Van Rijswijcklaan
652,Jan van Rijswijcklaan 159-171,2023-06-06,14:00:00,132,112,20,FMN 04 Jan Van Rijswijcklaan
652,Jan van Rijswijcklaan 159-171,2023-06-06,15:00:00,227,201,26,FMN 04 Jan Van Rijswijcklaan
652,Jan van Rijswijcklaan 159-171,2023-06-06,16:00:00,338,299,39,FMN 04 Jan Van Rijswijcklaan
652,Jan van Rijswijcklaan 159-171,2023-06-06,17:00:00,319,262,57,FMN 04 Jan Van Rijswijcklaan
652,Jan van Rijswijcklaan 159-171,2023-06-06,18:00:00,198,178,20,FMN 04 Jan Van Rijswijcklaan
652,Jan van Rijswijcklaan 159-171,2023-06-06,19:00:00,123,100,23,FMN 04 Jan Van Rijswijcklaan
652,Jan van Rijswijcklaan 159-171,2023-06-06,20:00:00,95,78,17,FMN 04 Jan Van Rijswijcklaan
652,Jan van Rijswijcklaan 159-171,2023-06-06,21:00:00,117,88,29,FMN 04 Jan Van Rijswijcklaan
652,Jan van Rijswijcklaan 159-171,2023-06-06,22:00:00,88,71,17,FMN 04 Jan Van Rijswijcklaan
652,Jan van Rijswijcklaan 159-171,2023-06-06,23:00:00,49,38,11,FMN 04 Jan Van Rijswijcklaan
652,Jan van Rijswijcklaan 159-171,2023-06-07,00:00:00,15,11,4,FMN 04 Jan Van Rijswijcklaan
652,Jan van Rijswijcklaan 159-171,2023-06-07,01:00:00,9,8,1,FMN 04 Jan Van Rijswijcklaan
652,Jan van Rijswijcklaan 159-171,2023-06-07,02:00:00,6,1,5,FMN 04 Jan Van Rijswijcklaan
652,Jan van Rijswijcklaan 159-171,2023-06-07,03:00:00,1,1,0,FMN 04 Jan Van Rijswijcklaan
652,Jan van Rijswijcklaan 159-171,2023-06-07,04:00:00,13,13,0,FMN 04 Jan Van Rijswijcklaan
652,Jan van Rijswijcklaan 159-171,2023-06-07,05:00:00,33,30,3,FMN 04 Jan Van Rijswijcklaan
652,Jan van Rijswijcklaan 159-171,2023-06-07,06:00:00,76,72,4,FMN 04 Jan Van Rijswijcklaan
652,Jan van Rijswijcklaan 159-171,2023-06-07,07:00:00,252,235,17,FMN 04 Jan Van Rijswijcklaan
652,Jan van Rijswijcklaan 159-171,2023-06-07,08:00:00,458,429,29,FMN 04 Jan Van Rijswijcklaan
652,Jan van Rijswijcklaan 159-171,2023-06-07,09:00:00,171,152,19,FMN 04 Jan Van Rijswijcklaan
652,Jan van Rijswijcklaan 159-171,2023-06-07,10:00:00,148,126,22,FMN 04 Jan Van Rijswijcklaan
652,Jan van Rijswijcklaan 159-171,2023-06-07,11:00:00,127,115,12,FMN 04 Jan Van Rijswijcklaan
652,Jan van Rijswijcklaan 159-171,2023-06-07,12:00:00,340,305,35,FMN 04 Jan Van Rijswijcklaan
652,Jan van Rijswijcklaan 159-171,2023-06-07,13:00:00,131,112,19,FMN 04 Jan Van Rijswijcklaan
652,Jan van Rijswijcklaan 159-171,2023-06-07,14:00:00,166,144,22,FMN 04 Jan Van Rijswijcklaan
652,Jan van Rijswijcklaan 159-171,2023-06-07,15:00:00,142,120,22,FMN 04 Jan Van Rijswijcklaan
652,Jan van Rijswijcklaan 159-171,2023-06-07,16:00:00,225,194,31,FMN 04 Jan Van Rijswijcklaan
652,Jan van Rijswijcklaan 159-171,2023-06-07,17:00:00,258,221,37,FMN 04 Jan Van Rijswijcklaan
652,Jan van Rijswijcklaan 159-171,2023-06-07,18:00:00,225,196,29,FMN 04 Jan Van Rijswijcklaan
652,Jan van Rijswijcklaan 159-171,2023-06-07,19:00:00,160,136,24,FMN 04 Jan Van Rijswijcklaan
652,Jan van Rijswijcklaan 159-171,2023-06-07,20:00:00,126,96,30,FMN 04 Jan Van Rijswijcklaan
652,Jan van Rijswijcklaan 159-171,2023-06-07,21:00:00,87,65,22,FMN 04 Jan Van Rijswijcklaan
652,Jan van Rijswijcklaan 159-171,2023-06-07,22:00:00,80,72,8,FMN 04 Jan Van Rijswijcklaan
652,Jan van Rijswijcklaan 159-171,2023-06-07,23:00:00,20,14,6,FMN 04 Jan Van Rijswijcklaan
652,Jan van Rijswijcklaan 159-171,2023-06-08,00:00:00,12,9,3,FMN 04 Jan Van Rijswijcklaan
652,Jan van Rijswijcklaan 159-171,2023-06-08,01:00:00,5,3,2,FMN 04 Jan Van Rijswijcklaan
652,Jan van Rijswijcklaan 159-171,2023-06-08,02:00:00,5,4,1,FMN 04 Jan Van Rijswijcklaan
652,Jan van Rijswijcklaan 159-171,2023-06-08,03:00:00,1,1,0,FMN 04 Jan Van Rijswijcklaan
652,Jan van Rijswijcklaan 159-171,2023-06-08,04:00:00,14,14,0,FMN 04 Jan Van Rijswijcklaan
652,Jan van Rijswijcklaan 159-171,2023-06-08,05:00:00,33,30,3,FMN 04 Jan Van Rijswijcklaan
652,Jan van Rijswijcklaan 159-171,2023-06-08,06:00:00,82,75,7,FMN 04 Jan Van Rijswijcklaan
652,Jan van Rijswijcklaan 159-171,2023-06-08,07:00:00,256,242,14,FMN 04 Jan Van Rijswijcklaan
652,Jan van Rijswijcklaan 159-171,2023-06-08,08:00:00,508,484,24,FMN 04 Jan Van Rijswijcklaan
652,Jan van Rijswijcklaan 159-171,2023-06-08,09:00:00,179,166,13,FMN 04 Jan Van Rijswijcklaan
652,Jan van Rijswijcklaan 159-171,2023-06-08,10:00:00,151,138,13,FMN 04 Jan Van Rijswijcklaan
652,Jan van Rijswijcklaan 159-171,2023-06-08,11:00:00,182,162,20,FMN 04 Jan Van Rijswijcklaan
652,Jan van Rijswijcklaan 159-171,2023-06-08,12:00:00,201,173,28,FMN 04 Jan Van Rijswijcklaan
652,Jan van Rijswijcklaan 159-171,2023-06-08,13:00:00,174,153,21,FMN 04 Jan Van Rijswijcklaan
652,Jan van Rijswijcklaan 159-171,2023-06-08,14:00:00,162,135,27,FMN 04 Jan Van Rijswijcklaan
652,Jan van Rijswijcklaan 159-171,2023-06-08,15:00:00,251,225,26,FMN 04 Jan Van Rijswijcklaan
652,Jan van Rijswijcklaan 159-171,2023-06-08,16:00:00,232,202,30,FMN 04 Jan Van Rijswijcklaan
652,Jan van Rijswijcklaan 159-171,2023-06-08,17:00:00,270,231,39,FMN 04 Jan Van Rijswijcklaan
652,Jan van Rijswijcklaan 159-171,2023-06-08,18:00:00,249,219,30,FMN 04 Jan Van Rijswijcklaan
652,Jan van Rijswijcklaan 159-171,2023-06-08,19:00:00,172,144,28,FMN 04 Jan Van Rijswijcklaan
652,Jan van Rijswijcklaan 159-171,2023-06-08,20:00:00,117,91,26,FMN 04 Jan Van Rijswijcklaan
652,Jan van Rijswijcklaan 159-171,2023-06-08,21:00:00,88,66,22,FMN 04 Jan Van Rijswijcklaan
652,Jan van Rijswijcklaan 159-171,2023-06-08,22:00:00,102,85,17,FMN 04 Jan Van Rijswijcklaan
652,Jan van Rijswijcklaan 159-171,2023-06-08,23:00:00,59,35,24,FMN 04 Jan Van Rijswijcklaan
652,Jan van Rijswijcklaan 159-171,2023-06-09,00:00:00,15,12,3,FMN 04 Jan Van Rijswijcklaan
652,Jan van Rijswijcklaan 159-171,2023-06-09,01:00:00,13,7,6,FMN 04 Jan Van Rijswijcklaan
652,Jan van Rijswijcklaan 159-171,2023-06-09,02:00:00,3,2,1,FMN 04 Jan Van Rijswijcklaan
652,Jan van Rijswijcklaan 159-171,2023-06-09,03:00:00,6,4,2,FMN 04 Jan Van Rijswijcklaan
652,Jan van Rijswijcklaan 159-171,2023-06-09,04:00:00,13,12,1,FMN 04 Jan Van Rijswijcklaan
652,Jan van Rijswijcklaan 159-171,2023-06-09,05:00:00,28,24,4,FMN 04 Jan Van Rijswijcklaan
652,Jan van Rijswijcklaan 159-171,2023-06-09,06:00:00,70,63,7,FMN 04 Jan Van Rijswijcklaan
652,Jan van Rijswijcklaan 159-171,2023-06-09,07:00:00,243,226,17,FMN 04 Jan Van Rijswijcklaan
652,Jan van Rijswijcklaan 159-171,2023-06-09,08:00:00,471,445,26,FMN 04 Jan Van Rijswijcklaan
652,Jan van Rijswijcklaan 159-171,2023-06-09,09:00:00,169,155,14,FMN 04 Jan Van Rijswijcklaan
652,Jan van Rijswijcklaan 159-171,2023-06-09,10:00:00,163,154,9,FMN 04 Jan Van Rijswijcklaan
652,Jan van Rijswijcklaan 159-171,2023-06-09,11:00:00,132,118,14,FMN 04 Jan Van Rijswijcklaan
652,Jan van Rijswijcklaan 159-171,2023-06-09,12:00:00,179,157,22,FMN 04 Jan Van Rijswijcklaan
652,Jan van Rijswijcklaan 159-171,2023-06-09,13:00:00,163,148,15,FMN 04 Jan Van Rijswijcklaan
652,Jan van Rijswijcklaan 159-171,2023-06-09,14:00:00,149,132,17,FMN 04 Jan Van Rijswijcklaan
652,Jan van Rijswijcklaan 159-171,2023-06-09,15:00:00,237,212,25,FMN 04 Jan Van Rijswijcklaan
652,Jan van Rijswijcklaan 159-171,2023-06-09,16:00:00,257,226,31,FMN 04 Jan Van Rijswijcklaan
652,Jan van Rijswijcklaan 159-171,2023-06-09,17:00:00,219,183,36,FMN 04 Jan Van Rijswijcklaan
652,Jan van Rijswijcklaan 159-171,2023-06-09,18:00:00,267,230,37,FMN 04 Jan Van Rijswijcklaan
652,Jan van Rijswijcklaan 159-171,2023-06-09,19:00:00,151,137,14,FMN 04 Jan Van Rijswijcklaan
652,Jan van Rijswijcklaan 159-171,2023-06-09,20:00:00,114,95,19,FMN 04 Jan Van Rijswijcklaan
652,Jan van Rijswijcklaan 159-171,2023-06-09,21:00:00,118,102,16,FMN 04 Jan Van Rijswijcklaan
652,Jan van Rijswijcklaan 159-171,2023-06-09,22:00:00,74,59,15,FMN 04 Jan Van Rijswijcklaan
652,Jan van Rijswijcklaan 159-171,2023-06-09,23:00:00,78,62,16,FMN 04 Jan Van Rijswijcklaan
652,Jan van Rijswijcklaan 159-171,2023-06-10,00:00:00,36,27,9,FMN 04 Jan Van Rijswijcklaan
652,Jan van Rijswijcklaan 159-171,2023-06-10,01:00:00,18,10,8,FMN 04 Jan Van Rijswijcklaan
652,Jan van Rijswijcklaan 159-171,2023-06-10,02:00:00,14,10,4,FMN 04 Jan Van Rijswijcklaan
652,Jan van Rijswijcklaan 159-171,2023-06-10,03:00:00,8,5,3,FMN 04 Jan Van Rijswijcklaan
652,Jan van Rijswijcklaan 159-171,2023-06-10,04:00:00,10,8,2,FMN 04 Jan Van Rijswijcklaan
652,Jan van Rijswijcklaan 159-171,2023-06-10,05:00:00,10,9,1,FMN 04 Jan Van Rijswijcklaan
652,Jan van Rijswijcklaan 159-171,2023-06-10,06:00:00,22,19,3,FMN 04 Jan Van Rijswijcklaan
652,Jan van Rijswijcklaan 159-171,2023-06-10,07:00:00,35,30,5,FMN 04 Jan Van Rijswijcklaan
652,Jan van Rijswijcklaan 159-171,2023-06-10,08:00:00,64,56,8,FMN 04 Jan Van Rijswijcklaan
652,Jan van Rijswijcklaan 159-171,2023-06-10,09:00:00,105,94,11,FMN 04 Jan Van Rijswijcklaan
652,Jan van Rijswijcklaan 159-171,2023-06-10,10:00:00,123,111,12,FMN 04 Jan Van Rijswijcklaan
652,Jan van Rijswijcklaan 159-171,2023-06-10,11:00:00,124,110,14,FMN 04 Jan Van Rijswijcklaan
652,Jan van Rijswijcklaan 159-171,2023-06-10,12:00:00,116,94,22,FMN 04 Jan Van Rijswijcklaan
652,Jan van Rijswijcklaan 159-171,2023-06-10,13:00:00,138,124,14,FMN 04 Jan Van Rijswijcklaan
652,Jan van Rijswijcklaan 159-171,2023-06-10,14:00:00,97,79,18,FMN 04 Jan Van Rijswijcklaan
652,Jan van Rijswijcklaan 159-171,2023-06-10,15:00:00,132,123,9,FMN 04 Jan Van Rijswijcklaan
652,Jan van Rijswijcklaan 159-171,2023-06-10,16:00:00,122,102,20,FMN 04 Jan Van Rijswijcklaan
652,Jan van Rijswijcklaan 159-171,2023-06-10,17:00:00,122,109,13,FMN 04 Jan Van Rijswijcklaan
652,Jan van Rijswijcklaan 159-171,2023-06-10,18:00:00,136,114,22,FMN 04 Jan Van Rijswijcklaan
652,Jan van Rijswijcklaan 159-171,2023-06-10,19:00:00,99,88,11,FMN 04 Jan Van Rijswijcklaan
652,Jan van Rijswijcklaan 159-171,2023-06-10,20:00:00,84,74,10,FMN 04 Jan Van Rijswijcklaan
652,Jan van Rijswijcklaan 159-171,2023-06-10,21:00:00,58,52,6,FMN 04 Jan Van Rijswijcklaan
652,Jan van Rijswijcklaan 159-171,2023-06-10,22:00:00,67,54,13,FMN 04 Jan Van Rijswijcklaan
652,Jan van Rijswijcklaan 159-171,2023-06-10,23:00:00,67,56,11,FMN 04 Jan Van Rijswijcklaan
652,Jan van Rijswijcklaan 159-171,2023-06-11,00:00:00,46,38,8,FMN 04 Jan Van Rijswijcklaan
652,Jan van Rijswijcklaan 159-171,2023-06-11,01:00:00,44,39,5,FMN 04 Jan Van Rijswijcklaan
652,Jan van Rijswijcklaan 159-171,2023-06-11,02:00:00,32,24,8,FMN 04 Jan Van Rijswijcklaan
652,Jan van Rijswijcklaan 159-171,2023-06-11,03:00:00,12,7,5,FMN 04 Jan Van Rijswijcklaan
652,Jan van Rijswijcklaan 159-171,2023-06-11,04:00:00,11,8,3,FMN 04 Jan Van Rijswijcklaan
652,Jan van Rijswijcklaan 159-171,2023-06-11,05:00:00,14,10,4,FMN 04 Jan Van Rijswijcklaan
652,Jan van Rijswijcklaan 159-171,2023-06-11,06:00:00,17,16,1,FMN 04 Jan Van Rijswijcklaan
652,Jan van Rijswijcklaan 159-171,2023-06-11,07:00:00,22,21,1,FMN 04 Jan Van Rijswijcklaan
652,Jan van Rijswijcklaan 159-171,2023-06-11,08:00:00,44,41,3,FMN 04 Jan Van Rijswijcklaan
652,Jan van Rijswijcklaan 159-171,2023-06-11,09:00:00,88,77,11,FMN 04 Jan Van Rijswijcklaan
652,Jan van Rijswijcklaan 159-171,2023-06-11,10:00:00,98,80,18,FMN 04 Jan Van Rijswijcklaan
652,Jan van Rijswijcklaan 159-171,2023-06-11,11:00:00,90,79,11,FMN 04 Jan Van Rijswijcklaan
652,Jan van Rijswijcklaan 159-171,2023-06-11,12:00:00,87,71,16,FMN 04 Jan Van Rijswijcklaan
652,Jan van Rijswijcklaan 159-171,2023-06-11,13:00:00,89,79,10,FMN 04 Jan Van Rijswijcklaan
652,Jan van Rijswijcklaan 159-171,2023-06-11,14:00:00,99,88,11,FMN 04 Jan Van Rijswijcklaan
652,Jan van Rijswijcklaan 159-171,2023-06-11,15:00:00,84,69,15,FMN 04 Jan Van Rijswijcklaan
652,Jan van Rijswijcklaan 159-171,2023-06-11,16:00:00,83,69,14,FMN 04 Jan Van Rijswijcklaan
652,Jan van Rijswijcklaan 159-171,2023-06-11,17:00:00,97,78,19,FMN 04 Jan Van Rijswijcklaan
652,Jan van Rijswijcklaan 159-171,2023-06-11,18:00:00,68,58,10,FMN 04 Jan Van Rijswijcklaan
652,Jan van Rijswijcklaan 159-171,2023-06-11,19:00:00,78,70,8,FMN 04 Jan Van Rijswijcklaan
652,Jan van Rijswijcklaan 159-171,2023-06-11,20:00:00,84,65,19,FMN 04 Jan Van Rijswijcklaan
652,Jan van Rijswijcklaan 159-171,2023-06-11,21:00:00,45,35,10,FMN 04 Jan Van Rijswijcklaan
652,Jan van Rijswijcklaan 159-171,2023-06-11,22:00:00,49,40,9,FMN 04 Jan Van Rijswijcklaan
652,Jan van Rijswijcklaan 159-171,2023-06-11,23:00:00,39,30,9,FMN 04 Jan Van Rijswijcklaan
652,Jan van Rijswijcklaan 159-171,2023-06-12,00:00:00,16,16,0,FMN 04 Jan Van Rijswijcklaan
652,Jan van Rijswijcklaan 159-171,2023-06-12,01:00:00,7,7,0,FMN 04 Jan Van Rijswijcklaan
652,Jan van Rijswijcklaan 159-171,2023-06-12,02:00:00,1,1,0,FMN 04 Jan Van Rijswijcklaan
652,Jan van Rijswijcklaan 159-171,2023-06-12,03:00:00,2,1,1,FMN 04 Jan Van Rijswijcklaan
652,Jan van Rijswijcklaan 159-171,2023-06-12,04:00:00,16,15,1,FMN 04 Jan Van Rijswijcklaan
652,Jan van Rijswijcklaan 159-171,2023-06-12,05:00:00,27,22,5,FMN 04 Jan Van Rijswijcklaan
652,Jan van Rijswijcklaan 159-171,2023-06-12,06:00:00,80,71,9,FMN 04 Jan Van Rijswijcklaan
652,Jan van Rijswijcklaan 159-171,2023-06-12,07:00:00,264,252,12,FMN 04 Jan Van Rijswijcklaan
652,Jan van Rijswijcklaan 159-171,2023-06-12,08:00:00,532,508,24,FMN 04 Jan Van Rijswijcklaan
652,Jan van Rijswijcklaan 159-171,2023-06-12,09:00:00,166,149,17,FMN 04 Jan Van Rijswijcklaan
652,Jan van Rijswijcklaan 159-171,2023-06-12,10:00:00,186,174,12,FMN 04 Jan Van Rijswijcklaan
652,Jan van Rijswijcklaan 159-171,2023-06-12,11:00:00,156,143,13,FMN 04 Jan Van Rijswijcklaan
652,Jan van Rijswijcklaan 159-171,2023-06-12,12:00:00,170,137,33,FMN 04 Jan Van Rijswijcklaan
652,Jan van Rijswijcklaan 159-171,2023-06-12,13:00:00,135,114,21,FMN 04 Jan Van Rijswijcklaan
652,Jan van Rijswijcklaan 159-171,2023-06-12,14:00:00,132,110,22,FMN 04 Jan Van Rijswijcklaan
652,Jan van Rijswijcklaan 159-171,2023-06-12,15:00:00,170,159,11,FMN 04 Jan Van Rijswijcklaan
652,Jan van Rijswijcklaan 159-171,2023-06-12,16:00:00,234,211,23,FMN 04 Jan Van Rijswijcklaan
652,Jan van Rijswijcklaan 159-171,2023-06-12,17:00:00,234,196,38,FMN 04 Jan Van Rijswijcklaan
652,Jan van Rijswijcklaan 159-171,2023-06-12,18:00:00,202,176,26,FMN 04 Jan Van Rijswijcklaan
652,Jan van Rijswijcklaan 159-171,2023-06-12,19:00:00,122,93,29,FMN 04 Jan Van Rijswijcklaan
652,Jan van Rijswijcklaan 159-171,2023-06-12,20:00:00,129,108,21,FMN 04 Jan Van Rijswijcklaan
652,Jan van Rijswijcklaan 159-171,2023-06-12,21:00:00,75,57,18,FMN 04 Jan Van Rijswijcklaan
652,Jan van Rijswijcklaan 159-171,2023-06-12,22:00:00,71,56,15,FMN 04 Jan Van Rijswijcklaan
652,Jan van Rijswijcklaan 159-171,2023-06-12,23:00:00,47,34,13,FMN 04 Jan Van Rijswijcklaan
652,Jan van Rijswijcklaan 159-171,2023-06-13,00:00:00,12,10,2,FMN 04 Jan Van Rijswijcklaan
652,Jan van Rijswijcklaan 159-171,2023-06-13,01:00:00,2,2,0,FMN 04 Jan Van Rijswijcklaan
652,Jan van Rijswijcklaan 159-171,2023-06-13,02:00:00,2,1,1,FMN 04 Jan Van Rijswijcklaan
652,Jan van Rijswijcklaan 159-171,2023-06-13,03:00:00,3,3,0,FMN 04 Jan Van Rijswijcklaan
652,Jan van Rijswijcklaan 159-171,2023-06-13,04:00:00,13,12,1,FMN 04 Jan Van Rijswijcklaan
652,Jan van Rijswijcklaan 159-171,2023-06-13,05:00:00,31,27,4,FMN 04 Jan Van Rijswijcklaan
652,Jan van Rijswijcklaan 159-171,2023-06-13,06:00:00,78,74,4,FMN 04 Jan Van Rijswijcklaan
652,Jan van Rijswijcklaan 159-171,2023-06-13,07:00:00,294,279,15,FMN 04 Jan Van Rijswijcklaan
652,Jan van Rijswijcklaan 159-171,2023-06-13,08:00:00,566,540,26,FMN 04 Jan Van Rijswijcklaan
652,Jan van Rijswijcklaan 159-171,2023-06-13,09:00:00,209,189,20,FMN 04 Jan Van Rijswijcklaan
652,Jan van Rijswijcklaan 159-171,2023-06-13,10:00:00,183,167,16,FMN 04 Jan Van Rijswijcklaan
652,Jan van Rijswijcklaan 159-171,2023-06-13,11:00:00,156,145,11,FMN 04 Jan Van Rijswijcklaan
652,Jan van Rijswijcklaan 159-171,2023-06-13,12:00:00,185,155,30,FMN 04 Jan Van Rijswijcklaan
652,Jan van Rijswijcklaan 159-171,2023-06-13,13:00:00,141,125,16,FMN 04 Jan Van Rijswijcklaan
652,Jan van Rijswijcklaan 159-171,2023-06-13,14:00:00,149,132,17,FMN 04 Jan Van Rijswijcklaan
652,Jan van Rijswijcklaan 159-171,2023-06-13,15:00:00,169,146,23,FMN 04 Jan Van Rijswijcklaan
652,Jan van Rijswijcklaan 159-171,2023-06-13,16:00:00,237,217,20,FMN 04 Jan Van Rijswijcklaan
652,Jan van Rijswijcklaan 159-171,2023-06-13,17:00:00,294,254,40,FMN 04 Jan Van Rijswijcklaan
652,Jan van Rijswijcklaan 159-171,2023-06-13,18:00:00,200,179,21,FMN 04 Jan Van Rijswijcklaan
652,Jan van Rijswijcklaan 159-171,2023-06-13,19:00:00,152,119,33,FMN 04 Jan Van Rijswijcklaan
652,Jan van Rijswijcklaan 159-171,2023-06-13,20:00:00,107,88,19,FMN 04 Jan Van Rijswijcklaan
652,Jan van Rijswijcklaan 159-171,2023-06-13,21:00:00,80,65,15,FMN 04 Jan Van Rijswijcklaan
652,Jan van Rijswijcklaan 159-171,2023-06-13,22:00:00,96,80,16,FMN 04 Jan Van Rijswijcklaan
652,Jan van Rijswijcklaan 159-171,2023-06-13,23:00:00,56,40,16,FMN 04 Jan Van Rijswijcklaan
652,Jan van Rijswijcklaan 159-171,2023-06-14,00:00:00,23,11,12,FMN 04 Jan Van Rijswijcklaan
652,Jan van Rijswijcklaan 159-171,2023-06-14,01:00:00,10,4,6,FMN 04 Jan Van Rijswijcklaan
652,Jan van Rijswijcklaan 159-171,2023-06-14,02:00:00,9,4,5,FMN 04 Jan Van Rijswijcklaan
652,Jan van Rijswijcklaan 159-171,2023-06-14,03:00:00,5,3,2,FMN 04 Jan Van Rijswijcklaan
652,Jan van Rijswijcklaan 159-171,2023-06-14,04:00:00,18,16,2,FMN 04 Jan Van Rijswijcklaan
652,Jan van Rijswijcklaan 159-171,2023-06-14,05:00:00,27,22,5,FMN 04 Jan Van Rijswijcklaan
652,Jan van Rijswijcklaan 159-171,2023-06-14,06:00:00,91,84,7,FMN 04 Jan Van Rijswijcklaan
652,Jan van Rijswijcklaan 159-171,2023-06-14,07:00:00,255,238,17,FMN 04 Jan Van Rijswijcklaan
652,Jan van Rijswijcklaan 159-171,2023-06-14,08:00:00,471,445,26,FMN 04 Jan Van Rijswijcklaan
652,Jan van Rijswijcklaan 159-171,2023-06-14,09:00:00,182,162,20,FMN 04 Jan Van Rijswijcklaan
652,Jan van Rijswijcklaan 159-171,2023-06-14,10:00:00,236,206,30,FMN 04 Jan Van Rijswijcklaan
652,Jan van Rijswijcklaan 159-171,2023-06-14,11:00:00,180,162,18,FMN 04 Jan Van Rijswijcklaan
652,Jan van Rijswijcklaan 159-171,2023-06-14,12:00:00,247,212,35,FMN 04 Jan Van Rijswijcklaan
652,Jan van Rijswijcklaan 159-171,2023-06-14,13:00:00,147,122,25,FMN 04 Jan Van Rijswijcklaan
652,Jan van Rijswijcklaan 159-171,2023-06-14,14:00:00,150,124,26,FMN 04 Jan Van Rijswijcklaan
652,Jan van Rijswijcklaan 159-171,2023-06-14,15:00:00,154,138,16,FMN 04 Jan Van Rijswijcklaan
652,Jan van Rijswijcklaan 159-171,2023-06-14,16:00:00,205,177,28,FMN 04 Jan Van Rijswijcklaan
652,Jan van Rijswijcklaan 159-171,2023-06-14,17:00:00,300,266,34,FMN 04 Jan Van Rijswijcklaan
652,Jan van Rijswijcklaan 159-171,2023-06-14,18:00:00,234,207,27,FMN 04 Jan Van Rijswijcklaan
652,Jan van Rijswijcklaan 159-171,2023-06-14,19:00:00,164,123,41,FMN 04 Jan Van Rijswijcklaan
652,Jan van Rijswijcklaan 159-171,2023-06-14,20:00:00,113,92,21,FMN 04 Jan Van Rijswijcklaan
652,Jan van Rijswijcklaan 159-171,2023-06-14,21:00:00,90,66,24,FMN 04 Jan Van Rijswijcklaan
652,Jan van Rijswijcklaan 159-171,2023-06-14,22:00:00,94,81,13,FMN 04 Jan Van Rijswijcklaan
652,Jan van Rijswijcklaan 159-171,2023-06-14,23:00:00,50,40,10,FMN 04 Jan Van Rijswijcklaan
652,Jan van Rijswijcklaan 159-171,2023-06-15,00:00:00,18,14,4,FMN 04 Jan Van Rijswijcklaan
652,Jan van Rijswijcklaan 159-171,2023-06-15,01:00:00,8,8,0,FMN 04 Jan Van Rijswijcklaan
652,Jan van Rijswijcklaan 159-171,2023-06-15,02:00:00,4,4,0,FMN 04 Jan Van Rijswijcklaan
652,Jan van Rijswijcklaan 159-171,2023-06-15,03:00:00,6,5,1,FMN 04 Jan Van Rijswijcklaan
652,Jan van Rijswijcklaan 159-171,2023-06-15,04:00:00,13,11,2,FMN 04 Jan Van Rijswijcklaan
652,Jan van Rijswijcklaan 159-171,2023-06-15,05:00:00,30,24,6,FMN 04 Jan Van Rijswijcklaan
652,Jan van Rijswijcklaan 159-171,2023-06-15,06:00:00,75,71,4,FMN 04 Jan Van Rijswijcklaan
652,Jan van Rijswijcklaan 159-171,2023-06-15,07:00:00,286,268,18,FMN 04 Jan Van Rijswijcklaan
652,Jan van Rijswijcklaan 159-171,2023-06-15,08:00:00,539,524,15,FMN 04 Jan Van Rijswijcklaan
652,Jan van Rijswijcklaan 159-171,2023-06-15,09:00:00,210,190,20,FMN 04 Jan Van Rijswijcklaan
652,Jan van Rijswijcklaan 159-171,2023-06-15,10:00:00,240,203,37,FMN 04 Jan Van Rijswijcklaan
652,Jan van Rijswijcklaan 159-171,2023-06-15,11:00:00,159,142,17,FMN 04 Jan Van Rijswijcklaan
652,Jan van Rijswijcklaan 159-171,2023-06-15,12:00:00,192,170,22,FMN 04 Jan Van Rijswijcklaan
652,Jan van Rijswijcklaan 159-171,2023-06-15,13:00:00,153,135,18,FMN 04 Jan Van Rijswijcklaan
652,Jan van Rijswijcklaan 159-171,2023-06-15,14:00:00,133,113,20,FMN 04 Jan Van Rijswijcklaan
652,Jan van Rijswijcklaan 159-171,2023-06-15,15:00:00,213,168,45,FMN 04 Jan Van Rijswijcklaan
652,Jan van Rijswijcklaan 159-171,2023-06-15,16:00:00,258,229,29,FMN 04 Jan Van Rijswijcklaan
652,Jan van Rijswijcklaan 159-171,2023-06-15,17:00:00,286,248,38,FMN 04 Jan Van Rijswijcklaan
652,Jan van Rijswijcklaan 159-171,2023-06-15,18:00:00,212,180,32,FMN 04 Jan Van Rijswijcklaan
652,Jan van Rijswijcklaan 159-171,2023-06-15,19:00:00,171,145,26,FMN 04 Jan Van Rijswijcklaan
652,Jan van Rijswijcklaan 159-171,2023-06-15,20:00:00,118,84,34,FMN 04 Jan Van Rijswijcklaan
652,Jan van Rijswijcklaan 159-171,2023-06-15,21:00:00,95,69,26,FMN 04 Jan Van Rijswijcklaan
652,Jan van Rijswijcklaan 159-171,2023-06-15,22:00:00,113,90,23,FMN 04 Jan Van Rijswijcklaan
652,Jan van Rijswijcklaan 159-171,2023-06-15,23:00:00,79,58,21,FMN 04 Jan Van Rijswijcklaan
652,Jan van Rijswijcklaan 159-171,2023-06-16,00:00:00,24,18,6,FMN 04 Jan Van Rijswijcklaan
652,Jan van Rijswijcklaan 159-171,2023-06-16,01:00:00,15,11,4,FMN 04 Jan Van Rijswijcklaan
652,Jan van Rijswijcklaan 159-171,2023-06-16,02:00:00,4,1,3,FMN 04 Jan Van Rijswijcklaan
652,Jan van Rijswijcklaan 159-171,2023-06-16,03:00:00,3,3,0,FMN 04 Jan Van Rijswijcklaan
652,Jan van Rijswijcklaan 159-171,2023-06-16,04:00:00,17,13,4,FMN 04 Jan Van Rijswijcklaan
652,Jan van Rijswijcklaan 159-171,2023-06-16,05:00:00,33,27,6,FMN 04 Jan Van Rijswijcklaan
652,Jan van Rijswijcklaan 159-171,2023-06-16,06:00:00,63,61,2,FMN 04 Jan Van Rijswijcklaan
652,Jan van Rijswijcklaan 159-171,2023-06-16,07:00:00,245,230,15,FMN 04 Jan Van Rijswijcklaan
652,Jan van Rijswijcklaan 159-171,2023-06-16,08:00:00,465,439,26,FMN 04 Jan Van Rijswijcklaan
652,Jan van Rijswijcklaan 159-171,2023-06-16,09:00:00,237,215,22,FMN 04 Jan Van Rijswijcklaan
652,Jan van Rijswijcklaan 159-171,2023-06-16,10:00:00,257,234,23,FMN 04 Jan Van Rijswijcklaan
652,Jan van Rijswijcklaan 159-171,2023-06-16,11:00:00,161,146,15,FMN 04 Jan Van Rijswijcklaan
652,Jan van Rijswijcklaan 159-171,2023-06-16,12:00:00,204,173,31,FMN 04 Jan Van Rijswijcklaan
652,Jan van Rijswijcklaan 159-171,2023-06-16,13:00:00,159,132,27,FMN 04 Jan Van Rijswijcklaan
652,Jan van Rijswijcklaan 159-171,2023-06-16,14:00:00,174,153,21,FMN 04 Jan Van Rijswijcklaan
652,Jan van Rijswijcklaan 159-171,2023-06-16,15:00:00,211,176,35,FMN 04 Jan Van Rijswijcklaan
652,Jan van Rijswijcklaan 159-171,2023-06-16,16:00:00,212,180,32,FMN 04 Jan Van Rijswijcklaan
652,Jan van Rijswijcklaan 159-171,2023-06-16,17:00:00,268,235,33,FMN 04 Jan Van Rijswijcklaan
652,Jan van Rijswijcklaan 159-171,2023-06-16,18:00:00,234,207,27,FMN 04 Jan Van Rijswijcklaan
652,Jan van Rijswijcklaan 159-171,2023-06-16,19:00:00,226,188,38,FMN 04 Jan Van Rijswijcklaan
652,Jan van Rijswijcklaan 159-171,2023-06-16,20:00:00,156,131,25,FMN 04 Jan Van Rijswijcklaan
652,Jan van Rijswijcklaan 159-171,2023-06-16,21:00:00,128,105,23,FMN 04 Jan Van Rijswijcklaan
652,Jan van Rijswijcklaan 159-171,2023-06-16,22:00:00,161,150,11,FMN 04 Jan Van Rijswijcklaan
652,Jan van Rijswijcklaan 159-171,2023-06-16,23:00:00,108,85,23,FMN 04 Jan Van Rijswijcklaan
652,Jan van Rijswijcklaan 159-171,2023-06-17,00:00:00,53,43,10,FMN 04 Jan Van Rijswijcklaan
652,Jan van Rijswijcklaan 159-171,2023-06-17,01:00:00,50,34,16,FMN 04 Jan Van Rijswijcklaan
652,Jan van Rijswijcklaan 159-171,2023-06-17,02:00:00,24,22,2,FMN 04 Jan Van Rijswijcklaan
652,Jan van Rijswijcklaan 159-171,2023-06-17,03:00:00,10,8,2,FMN 04 Jan Van Rijswijcklaan
652,Jan van Rijswijcklaan 159-171,2023-06-17,04:00:00,5,4,1,FMN 04 Jan Van Rijswijcklaan
652,Jan van Rijswijcklaan 159-171,2023-06-17,05:00:00,9,6,3,FMN 04 Jan Van Rijswijcklaan
652,Jan van Rijswijcklaan 159-171,2023-06-17,06:00:00,27,26,1,FMN 04 Jan Van Rijswijcklaan
652,Jan van Rijswijcklaan 159-171,2023-06-17,07:00:00,32,28,4,FMN 04 Jan Van Rijswijcklaan
652,Jan van Rijswijcklaan 159-171,2023-06-17,08:00:00,64,59,5,FMN 04 Jan Van Rijswijcklaan
652,Jan van Rijswijcklaan 159-171,2023-06-17,09:00:00,138,120,18,FMN 04 Jan Van Rijswijcklaan
652,Jan van Rijswijcklaan 159-171,2023-06-17,10:00:00,134,115,19,FMN 04 Jan Van Rijswijcklaan
652,Jan van Rijswijcklaan 159-171,2023-06-17,11:00:00,127,109,18,FMN 04 Jan Van Rijswijcklaan
652,Jan van Rijswijcklaan 159-171,2023-06-17,12:00:00,151,127,24,FMN 04 Jan Van Rijswijcklaan
652,Jan van Rijswijcklaan 159-171,2023-06-17,13:00:00,141,107,34,FMN 04 Jan Van Rijswijcklaan
652,Jan van Rijswijcklaan 159-171,2023-06-17,14:00:00,139,109,30,FMN 04 Jan Van Rijswijcklaan
652,Jan van Rijswijcklaan 159-171,2023-06-17,15:00:00,144,121,23,FMN 04 Jan Van Rijswijcklaan
652,Jan van Rijswijcklaan 159-171,2023-06-17,16:00:00,132,110,22,FMN 04 Jan Van Rijswijcklaan
652,Jan van Rijswijcklaan 159-171,2023-06-17,17:00:00,125,102,23,FMN 04 Jan Van Rijswijcklaan
652,Jan van Rijswijcklaan 159-171,2023-06-17,18:00:00,165,139,26,FMN 04 Jan Van Rijswijcklaan
652,Jan van Rijswijcklaan 159-171,2023-06-17,19:00:00,155,144,11,FMN 04 Jan Van Rijswijcklaan
652,Jan van Rijswijcklaan 159-171,2023-06-17,20:00:00,101,88,13,FMN 04 Jan Van Rijswijcklaan
652,Jan van Rijswijcklaan 159-171,2023-06-17,21:00:00,70,56,14,FMN 04 Jan Van Rijswijcklaan
652,Jan van Rijswijcklaan 159-171,2023-06-17,22:00:00,80,63,17,FMN 04 Jan Van Rijswijcklaan
652,Jan van Rijswijcklaan 159-171,2023-06-17,23:00:00,72,58,14,FMN 04 Jan Van Rijswijcklaan
652,Jan van Rijswijcklaan 159-171,2023-06-18,00:00:00,43,29,14,FMN 04 Jan Van Rijswijcklaan
652,Jan van Rijswijcklaan 159-171,2023-06-18,01:00:00,21,16,5,FMN 04 Jan Van Rijswijcklaan
652,Jan van Rijswijcklaan 159-171,2023-06-18,02:00:00,25,16,9,FMN 04 Jan Van Rijswijcklaan
652,Jan van Rijswijcklaan 159-171,2023-06-18,03:00:00,14,11,3,FMN 04 Jan Van Rijswijcklaan
652,Jan van Rijswijcklaan 159-171,2023-06-18,04:00:00,10,5,5,FMN 04 Jan Van Rijswijcklaan
652,Jan van Rijswijcklaan 159-171,2023-06-18,05:00:00,13,8,5,FMN 04 Jan Van Rijswijcklaan
652,Jan van Rijswijcklaan 159-171,2023-06-18,06:00:00,20,19,1,FMN 04 Jan Van Rijswijcklaan
652,Jan van Rijswijcklaan 159-171,2023-06-18,07:00:00,24,20,4,FMN 04 Jan Van Rijswijcklaan
652,Jan van Rijswijcklaan 159-171,2023-06-18,08:00:00,37,26,11,FMN 04 Jan Van Rijswijcklaan
652,Jan van Rijswijcklaan 159-171,2023-06-18,09:00:00,85,77,8,FMN 04 Jan Van Rijswijcklaan
652,Jan van Rijswijcklaan 159-171,2023-06-18,10:00:00,64,50,14,FMN 04 Jan Van Rijswijcklaan
652,Jan van Rijswijcklaan 159-171,2023-06-18,11:00:00,67,54,13,FMN 04 Jan Van Rijswijcklaan
652,Jan van Rijswijcklaan 159-171,2023-06-18,12:00:00,105,63,42,FMN 04 Jan Van Rijswijcklaan
652,Jan van Rijswijcklaan 159-171,2023-06-18,13:00:00,87,72,15,FMN 04 Jan Van Rijswijcklaan
652,Jan van Rijswijcklaan 159-171,2023-06-18,14:00:00,155,136,19,FMN 04 Jan Van Rijswijcklaan
652,Jan van Rijswijcklaan 159-171,2023-06-18,15:00:00,105,88,17,FMN 04 Jan Van Rijswijcklaan
652,Jan van Rijswijcklaan 159-171,2023-06-18,16:00:00,102,83,19,FMN 04 Jan Van Rijswijcklaan
652,Jan van Rijswijcklaan 159-171,2023-06-18,17:00:00,99,88,11,FMN 04 Jan Van Rijswijcklaan
652,Jan van Rijswijcklaan 159-171,2023-06-18,18:00:00,140,121,19,FMN 04 Jan Van Rijswijcklaan
652,Jan van Rijswijcklaan 159-171,2023-06-18,19:00:00,119,104,15,FMN 04 Jan Van Rijswijcklaan
652,Jan van Rijswijcklaan 159-171,2023-06-18,20:00:00,67,55,12,FMN 04 Jan Van Rijswijcklaan
652,Jan van Rijswijcklaan 159-171,2023-06-18,21:00:00,46,36,10,FMN 04 Jan Van Rijswijcklaan
652,Jan van Rijswijcklaan 159-171,2023-06-18,22:00:00,44,31,13,FMN 04 Jan Van Rijswijcklaan
652,Jan van Rijswijcklaan 159-171,2023-06-18,23:00:00,22,15,7,FMN 04 Jan Van Rijswijcklaan
652,Jan van Rijswijcklaan 159-171,2023-06-19,00:00:00,14,7,7,FMN 04 Jan Van Rijswijcklaan
652,Jan van Rijswijcklaan 159-171,2023-06-19,01:00:00,3,2,1,FMN 04 Jan Van Rijswijcklaan
652,Jan van Rijswijcklaan 159-171,2023-06-19,02:00:00,6,4,2,FMN 04 Jan Van Rijswijcklaan
652,Jan van Rijswijcklaan 159-171,2023-06-19,03:00:00,4,2,2,FMN 04 Jan Van Rijswijcklaan
652,Jan van Rijswijcklaan 159-171,2023-06-19,04:00:00,15,14,1,FMN 04 Jan Van Rijswijcklaan
652,Jan van Rijswijcklaan 159-171,2023-06-19,05:00:00,28,24,4,FMN 04 Jan Van Rijswijcklaan
652,Jan van Rijswijcklaan 159-171,2023-06-19,06:00:00,64,60,4,FMN 04 Jan Van Rijswijcklaan
652,Jan van Rijswijcklaan 159-171,2023-06-19,07:00:00,264,254,10,FMN 04 Jan Van Rijswijcklaan
652,Jan van Rijswijcklaan 159-171,2023-06-19,08:00:00,481,463,18,FMN 04 Jan Van Rijswijcklaan
652,Jan van Rijswijcklaan 159-171,2023-06-19,09:00:00,176,156,20,FMN 04 Jan Van Rijswijcklaan
652,Jan van Rijswijcklaan 159-171,2023-06-19,10:00:00,177,167,10,FMN 04 Jan Van Rijswijcklaan
652,Jan van Rijswijcklaan 159-171,2023-06-19,11:00:00,156,133,23,FMN 04 Jan Van Rijswijcklaan
652,Jan van Rijswijcklaan 159-171,2023-06-19,12:00:00,190,164,26,FMN 04 Jan Van Rijswijcklaan
652,Jan van Rijswijcklaan 159-171,2023-06-19,13:00:00,156,141,15,FMN 04 Jan Van Rijswijcklaan
652,Jan van Rijswijcklaan 159-171,2023-06-19,14:00:00,136,122,14,FMN 04 Jan Van Rijswijcklaan
652,Jan van Rijswijcklaan 159-171,2023-06-19,15:00:00,183,166,17,FMN 04 Jan Van Rijswijcklaan
652,Jan van Rijswijcklaan 159-171,2023-06-19,16:00:00,234,203,31,FMN 04 Jan Van Rijswijcklaan
652,Jan van Rijswijcklaan 159-171,2023-06-19,17:00:00,242,208,34,FMN 04 Jan Van Rijswijcklaan
652,Jan van Rijswijcklaan 159-171,2023-06-19,18:00:00,214,181,33,FMN 04 Jan Van Rijswijcklaan
652,Jan van Rijswijcklaan 159-171,2023-06-19,19:00:00,141,122,19,FMN 04 Jan Van Rijswijcklaan
652,Jan van Rijswijcklaan 159-171,2023-06-19,20:00:00,111,77,34,FMN 04 Jan Van Rijswijcklaan
652,Jan van Rijswijcklaan 159-171,2023-06-19,21:00:00,80,67,13,FMN 04 Jan Van Rijswijcklaan
652,Jan van Rijswijcklaan 159-171,2023-06-19,22:00:00,95,82,13,FMN 04 Jan Van Rijswijcklaan
652,Jan van Rijswijcklaan 159-171,2023-06-19,23:00:00,49,38,11,FMN 04 Jan Van Rijswijcklaan
652,Jan van Rijswijcklaan 159-171,2023-06-20,00:00:00,15,11,4,FMN 04 Jan Van Rijswijcklaan
652,Jan van Rijswijcklaan 159-171,2023-06-20,01:00:00,9,5,4,FMN 04 Jan Van Rijswijcklaan
652,Jan van Rijswijcklaan 159-171,2023-06-20,02:00:00,13,11,2,FMN 04 Jan Van Rijswijcklaan
652,Jan van Rijswijcklaan 159-171,2023-06-20,03:00:00,2,2,0,FMN 04 Jan Van Rijswijcklaan
652,Jan van Rijswijcklaan 159-171,2023-06-20,04:00:00,16,14,2,FMN 04 Jan Van Rijswijcklaan
652,Jan van Rijswijcklaan 159-171,2023-06-20,05:00:00,41,34,7,FMN 04 Jan Van Rijswijcklaan
652,Jan van Rijswijcklaan 159-171,2023-06-20,06:00:00,63,58,5,FMN 04 Jan Van Rijswijcklaan
652,Jan van Rijswijcklaan 159-171,2023-06-20,07:00:00,254,233,21,FMN 04 Jan Van Rijswijcklaan
652,Jan van Rijswijcklaan 159-171,2023-06-20,08:00:00,495,479,16,FMN 04 Jan Van Rijswijcklaan
652,Jan van Rijswijcklaan 159-171,2023-06-20,09:00:00,206,185,21,FMN 04 Jan Van Rijswijcklaan
652,Jan van Rijswijcklaan 159-171,2023-06-20,10:00:00,216,192,24,FMN 04 Jan Van Rijswijcklaan
652,Jan van Rijswijcklaan 159-171,2023-06-20,11:00:00,147,135,12,FMN 04 Jan Van Rijswijcklaan
652,Jan van Rijswijcklaan 159-171,2023-06-20,12:00:00,180,152,28,FMN 04 Jan Van Rijswijcklaan
652,Jan van Rijswijcklaan 159-171,2023-06-20,13:00:00,146,130,16,FMN 04 Jan Van Rijswijcklaan
652,Jan van Rijswijcklaan 159-171,2023-06-20,14:00:00,115,100,15,FMN 04 Jan Van Rijswijcklaan
652,Jan van Rijswijcklaan 159-171,2023-06-20,15:00:00,177,144,33,FMN 04 Jan Van Rijswijcklaan
652,Jan van Rijswijcklaan 159-171,2023-06-20,16:00:00,238,207,31,FMN 04 Jan Van Rijswijcklaan
652,Jan van Rijswijcklaan 159-171,2023-06-20,17:00:00,254,222,32,FMN 04 Jan Van Rijswijcklaan
652,Jan van Rijswijcklaan 159-171,2023-06-20,18:00:00,160,130,30,FMN 04 Jan Van Rijswijcklaan
652,Jan van Rijswijcklaan 159-171,2023-06-20,19:00:00,82,56,26,FMN 04 Jan Van Rijswijcklaan
652,Jan van Rijswijcklaan 159-171,2023-06-20,20:00:00,74,49,25,FMN 04 Jan Van Rijswijcklaan
652,Jan van Rijswijcklaan 159-171,2023-06-20,21:00:00,53,38,15,FMN 04 Jan Van Rijswijcklaan
652,Jan van Rijswijcklaan 159-171,2023-06-20,22:00:00,82,74,8,FMN 04 Jan Van Rijswijcklaan
652,Jan van Rijswijcklaan 159-171,2023-06-20,23:00:00,52,40,12,FMN 04 Jan Van Rijswijcklaan
652,Jan van Rijswijcklaan 159-171,2023-06-21,00:00:00,20,14,6,FMN 04 Jan Van Rijswijcklaan
652,Jan van Rijswijcklaan 159-171,2023-06-21,01:00:00,6,5,1,FMN 04 Jan Van Rijswijcklaan
652,Jan van Rijswijcklaan 159-171,2023-06-21,02:00:00,4,3,1,FMN 04 Jan Van Rijswijcklaan
652,Jan van Rijswijcklaan 159-171,2023-06-21,03:00:00,2,2,0,FMN 04 Jan Van Rijswijcklaan
652,Jan van Rijswijcklaan 159-171,2023-06-21,04:00:00,15,15,0,FMN 04 Jan Van Rijswijcklaan
652,Jan van Rijswijcklaan 159-171,2023-06-21,05:00:00,25,18,7,FMN 04 Jan Van Rijswijcklaan
652,Jan van Rijswijcklaan 159-171,2023-06-21,06:00:00,56,53,3,FMN 04 Jan Van Rijswijcklaan
652,Jan van Rijswijcklaan 159-171,2023-06-21,07:00:00,265,250,15,FMN 04 Jan Van Rijswijcklaan
652,Jan van Rijswijcklaan 159-171,2023-06-21,08:00:00,408,385,23,FMN 04 Jan Van Rijswijcklaan
652,Jan van Rijswijcklaan 159-171,2023-06-21,09:00:00,184,165,19,FMN 04 Jan Van Rijswijcklaan
652,Jan van Rijswijcklaan 159-171,2023-06-21,10:00:00,146,124,22,FMN 04 Jan Van Rijswijcklaan
652,Jan van Rijswijcklaan 159-171,2023-06-21,11:00:00,136,118,18,FMN 04 Jan Van Rijswijcklaan
652,Jan van Rijswijcklaan 159-171,2023-06-21,12:00:00,210,188,22,FMN 04 Jan Van Rijswijcklaan
652,Jan van Rijswijcklaan 159-171,2023-06-21,13:00:00,161,142,19,FMN 04 Jan Van Rijswijcklaan
652,Jan van Rijswijcklaan 159-171,2023-06-21,14:00:00,167,147,20,FMN 04 Jan Van Rijswijcklaan
652,Jan van Rijswijcklaan 159-171,2023-06-21,15:00:00,163,145,18,FMN 04 Jan Van Rijswijcklaan
652,Jan van Rijswijcklaan 159-171,2023-06-21,16:00:00,237,211,26,FMN 04 Jan Van Rijswijcklaan
652,Jan van Rijswijcklaan 159-171,2023-06-21,17:00:00,265,228,37,FMN 04 Jan Van Rijswijcklaan
652,Jan van Rijswijcklaan 159-171,2023-06-21,18:00:00,240,198,42,FMN 04 Jan Van Rijswijcklaan
652,Jan van Rijswijcklaan 159-171,2023-06-21,19:00:00,163,139,24,FMN 04 Jan Van Rijswijcklaan
652,Jan van Rijswijcklaan 159-171,2023-06-21,20:00:00,120,102,18,FMN 04 Jan Van Rijswijcklaan
652,Jan van Rijswijcklaan 159-171,2023-06-21,21:00:00,76,62,14,FMN 04 Jan Van Rijswijcklaan
652,Jan van Rijswijcklaan 159-171,2023-06-21,22:00:00,150,132,18,FMN 04 Jan Van Rijswijcklaan
652,Jan van Rijswijcklaan 159-171,2023-06-21,23:00:00,72,57,15,FMN 04 Jan Van Rijswijcklaan
652,Jan van Rijswijcklaan 159-171,2023-06-22,00:00:00,29,16,13,FMN 04 Jan Van Rijswijcklaan
652,Jan van Rijswijcklaan 159-171,2023-06-22,01:00:00,4,2,2,FMN 04 Jan Van Rijswijcklaan
652,Jan van Rijswijcklaan 159-171,2023-06-22,02:00:00,11,5,6,FMN 04 Jan Van Rijswijcklaan
652,Jan van Rijswijcklaan 159-171,2023-06-22,03:00:00,6,6,0,FMN 04 Jan Van Rijswijcklaan
652,Jan van Rijswijcklaan 159-171,2023-06-22,04:00:00,18,18,0,FMN 04 Jan Van Rijswijcklaan
652,Jan van Rijswijcklaan 159-171,2023-06-22,05:00:00,29,21,8,FMN 04 Jan Van Rijswijcklaan
652,Jan van Rijswijcklaan 159-171,2023-06-22,06:00:00,56,52,4,FMN 04 Jan Van Rijswijcklaan
652,Jan van Rijswijcklaan 159-171,2023-06-22,07:00:00,231,217,14,FMN 04 Jan Van Rijswijcklaan
652,Jan van Rijswijcklaan 159-171,2023-06-22,08:00:00,397,385,12,FMN 04 Jan Van Rijswijcklaan
652,Jan van Rijswijcklaan 159-171,2023-06-22,09:00:00,172,153,19,FMN 04 Jan Van Rijswijcklaan
652,Jan van Rijswijcklaan 159-171,2023-06-22,10:00:00,104,93,11,FMN 04 Jan Van Rijswijcklaan
652,Jan van Rijswijcklaan 159-171,2023-06-22,11:00:00,122,106,16,FMN 04 Jan Van Rijswijcklaan
652,Jan van Rijswijcklaan 159-171,2023-06-22,12:00:00,106,86,20,FMN 04 Jan Van Rijswijcklaan
652,Jan van Rijswijcklaan 159-171,2023-06-22,13:00:00,66,59,7,FMN 04 Jan Van Rijswijcklaan
652,Jan van Rijswijcklaan 159-171,2023-06-22,14:00:00,71,67,4,FMN 04 Jan Van Rijswijcklaan
652,Jan van Rijswijcklaan 159-171,2023-06-22,15:00:00,106,96,10,FMN 04 Jan Van Rijswijcklaan
652,Jan van Rijswijcklaan 159-171,2023-06-22,16:00:00,133,124,9,FMN 04 Jan Van Rijswijcklaan
652,Jan van Rijswijcklaan 159-171,2023-06-22,17:00:00,157,142,15,FMN 04 Jan Van Rijswijcklaan
652,Jan van Rijswijcklaan 159-171,2023-06-22,18:00:00,128,113,15,FMN 04 Jan Van Rijswijcklaan
652,Jan van Rijswijcklaan 159-171,2023-06-22,19:00:00,84,76,8,FMN 04 Jan Van Rijswijcklaan
652,Jan van Rijswijcklaan 159-171,2023-06-22,20:00:00,73,60,13,FMN 04 Jan Van Rijswijcklaan
652,Jan van Rijswijcklaan 159-171,2023-06-22,21:00:00,55,38,17,FMN 04 Jan Van Rijswijcklaan
652,Jan van Rijswijcklaan 159-171,2023-06-22,22:00:00,78,65,13,FMN 04 Jan Van Rijswijcklaan
652,Jan van Rijswijcklaan 159-171,2023-06-22,23:00:00,50,41,9,FMN 04 Jan Van Rijswijcklaan
652,Jan van Rijswijcklaan 159-171,2023-06-23,00:00:00,15,9,6,FMN 04 Jan Van Rijswijcklaan
652,Jan van Rijswijcklaan 159-171,2023-06-23,01:00:00,14,7,7,FMN 04 Jan Van Rijswijcklaan
652,Jan van Rijswijcklaan 159-171,2023-06-23,02:00:00,3,2,1,FMN 04 Jan Van Rijswijcklaan
652,Jan van Rijswijcklaan 159-171,2023-06-23,03:00:00,3,3,0,FMN 04 Jan Van Rijswijcklaan
652,Jan van Rijswijcklaan 159-171,2023-06-23,04:00:00,16,14,2,FMN 04 Jan Van Rijswijcklaan
652,Jan van Rijswijcklaan 159-171,2023-06-23,05:00:00,30,21,9,FMN 04 Jan Van Rijswijcklaan
652,Jan van Rijswijcklaan 159-171,2023-06-23,06:00:00,60,55,5,FMN 04 Jan Van Rijswijcklaan
652,Jan van Rijswijcklaan 159-171,2023-06-23,07:00:00,198,186,12,FMN 04 Jan Van Rijswijcklaan
652,Jan van Rijswijcklaan 159-171,2023-06-23,08:00:00,373,358,15,FMN 04 Jan Van Rijswijcklaan
652,Jan van Rijswijcklaan 159-171,2023-06-23,09:00:00,180,164,16,FMN 04 Jan Van Rijswijcklaan
652,Jan van Rijswijcklaan 159-171,2023-06-23,10:00:00,135,121,14,FMN 04 Jan Van Rijswijcklaan
652,Jan van Rijswijcklaan 159-171,2023-06-23,11:00:00,137,121,16,FMN 04 Jan Van Rijswijcklaan
652,Jan van Rijswijcklaan 159-171,2023-06-23,12:00:00,169,145,24,FMN 04 Jan Van Rijswijcklaan
652,Jan van Rijswijcklaan 159-171,2023-06-23,13:00:00,174,159,15,FMN 04 Jan Van Rijswijcklaan
652,Jan van Rijswijcklaan 159-171,2023-06-23,14:00:00,235,204,31,FMN 04 Jan Van Rijswijcklaan
652,Jan van Rijswijcklaan 159-171,2023-06-23,15:00:00,246,217,29,FMN 04 Jan Van Rijswijcklaan
652,Jan van Rijswijcklaan 159-171,2023-06-23,16:00:00,238,208,30,FMN 04 Jan Van Rijswijcklaan
652,Jan van Rijswijcklaan 159-171,2023-06-23,17:00:00,255,221,34,FMN 04 Jan Van Rijswijcklaan
652,Jan van Rijswijcklaan 159-171,2023-06-23,18:00:00,222,193,29,FMN 04 Jan Van Rijswijcklaan
652,Jan van Rijswijcklaan 159-171,2023-06-23,19:00:00,175,158,17,FMN 04 Jan Van Rijswijcklaan
652,Jan van Rijswijcklaan 159-171,2023-06-23,20:00:00,109,97,12,FMN 04 Jan Van Rijswijcklaan
652,Jan van Rijswijcklaan 159-171,2023-06-23,21:00:00,125,110,15,FMN 04 Jan Van Rijswijcklaan
652,Jan van Rijswijcklaan 159-171,2023-06-23,22:00:00,102,86,16,FMN 04 Jan Van Rijswijcklaan
652,Jan van Rijswijcklaan 159-171,2023-06-23,23:00:00,58,43,15,FMN 04 Jan Van Rijswijcklaan
652,Jan van Rijswijcklaan 159-171,2023-06-24,00:00:00,58,43,15,FMN 04 Jan Van Rijswijcklaan
652,Jan van Rijswijcklaan 159-171,2023-06-24,01:00:00,42,27,15,FMN 04 Jan Van Rijswijcklaan
652,Jan van Rijswijcklaan 159-171,2023-06-24,02:00:00,10,7,3,FMN 04 Jan Van Rijswijcklaan
652,Jan van Rijswijcklaan 159-171,2023-06-24,03:00:00,14,3,11,FMN 04 Jan Van Rijswijcklaan
652,Jan van Rijswijcklaan 159-171,2023-06-24,04:00:00,7,4,3,FMN 04 Jan Van Rijswijcklaan
652,Jan van Rijswijcklaan 159-171,2023-06-24,05:00:00,11,8,3,FMN 04 Jan Van Rijswijcklaan
652,Jan van Rijswijcklaan 159-171,2023-06-24,06:00:00,17,13,4,FMN 04 Jan Van Rijswijcklaan
652,Jan van Rijswijcklaan 159-171,2023-06-24,07:00:00,27,23,4,FMN 04 Jan Van Rijswijcklaan
652,Jan van Rijswijcklaan 159-171,2023-06-24,08:00:00,58,50,8,FMN 04 Jan Van Rijswijcklaan
652,Jan van Rijswijcklaan 159-171,2023-06-24,09:00:00,120,107,13,FMN 04 Jan Van Rijswijcklaan
652,Jan van Rijswijcklaan 159-171,2023-06-24,10:00:00,127,114,13,FMN 04 Jan Van Rijswijcklaan
652,Jan van Rijswijcklaan 159-171,2023-06-24,11:00:00,131,113,18,FMN 04 Jan Van Rijswijcklaan
652,Jan van Rijswijcklaan 159-171,2023-06-24,12:00:00,140,125,15,FMN 04 Jan Van Rijswijcklaan
652,Jan van Rijswijcklaan 159-171,2023-06-24,13:00:00,169,150,19,FMN 04 Jan Van Rijswijcklaan
652,Jan van Rijswijcklaan 159-171,2023-06-24,14:00:00,217,180,37,FMN 04 Jan Van Rijswijcklaan
652,Jan van Rijswijcklaan 159-171,2023-06-24,15:00:00,178,138,40,FMN 04 Jan Van Rijswijcklaan
652,Jan van Rijswijcklaan 159-171,2023-06-24,16:00:00,212,130,82,FMN 04 Jan Van Rijswijcklaan
652,Jan van Rijswijcklaan 159-171,2023-06-24,17:00:00,195,144,51,FMN 04 Jan Van Rijswijcklaan
652,Jan van Rijswijcklaan 159-171,2023-06-24,18:00:00,152,118,34,FMN 04 Jan Van Rijswijcklaan
652,Jan van Rijswijcklaan 159-171,2023-06-24,19:00:00,162,113,49,FMN 04 Jan Van Rijswijcklaan
652,Jan van Rijswijcklaan 159-171,2023-06-24,20:00:00,136,112,24,FMN 04 Jan Van Rijswijcklaan
652,Jan van Rijswijcklaan 159-171,2023-06-24,21:00:00,77,64,13,FMN 04 Jan Van Rijswijcklaan
652,Jan van Rijswijcklaan 159-171,2023-06-24,22:00:00,130,93,37,FMN 04 Jan Van Rijswijcklaan
652,Jan van Rijswijcklaan 159-171,2023-06-24,23:00:00,159,136,23,FMN 04 Jan Van Rijswijcklaan
652,Jan van Rijswijcklaan 159-171,2023-06-25,00:00:00,335,280,55,FMN 04 Jan Van Rijswijcklaan
652,Jan van Rijswijcklaan 159-171,2023-06-25,01:00:00,70,60,10,FMN 04 Jan Van Rijswijcklaan
652,Jan van Rijswijcklaan 159-171,2023-06-25,02:00:00,28,21,7,FMN 04 Jan Van Rijswijcklaan
652,Jan van Rijswijcklaan 159-171,2023-06-25,03:00:00,20,14,6,FMN 04 Jan Van Rijswijcklaan
652,Jan van Rijswijcklaan 159-171,2023-06-25,04:00:00,10,8,2,FMN 04 Jan Van Rijswijcklaan
652,Jan van Rijswijcklaan 159-171,2023-06-25,05:00:00,8,6,2,FMN 04 Jan Van Rijswijcklaan
652,Jan van Rijswijcklaan 159-171,2023-06-25,06:00:00,11,8,3,FMN 04 Jan Van Rijswijcklaan
652,Jan van Rijswijcklaan 159-171,2023-06-25,07:00:00,23,22,1,FMN 04 Jan Van Rijswijcklaan
652,Jan van Rijswijcklaan 159-171,2023-06-25,08:00:00,49,43,6,FMN 04 Jan Van Rijswijcklaan
652,Jan van Rijswijcklaan 159-171,2023-06-25,09:00:00,74,66,8,FMN 04 Jan Van Rijswijcklaan
652,Jan van Rijswijcklaan 159-171,2023-06-25,10:00:00,103,92,11,FMN 04 Jan Van Rijswijcklaan
652,Jan van Rijswijcklaan 159-171,2023-06-25,11:00:00,114,93,21,FMN 04 Jan Van Rijswijcklaan
652,Jan van Rijswijcklaan 159-171,2023-06-25,12:00:00,135,100,35,FMN 04 Jan Van Rijswijcklaan
652,Jan van Rijswijcklaan 159-171,2023-06-25,13:00:00,112,98,14,FMN 04 Jan Van Rijswijcklaan
652,Jan van Rijswijcklaan 159-171,2023-06-25,14:00:00,117,101,16,FMN 04 Jan Van Rijswijcklaan
652,Jan van Rijswijcklaan 159-171,2023-06-25,15:00:00,112,95,17,FMN 04 Jan Van Rijswijcklaan
652,Jan van Rijswijcklaan 159-171,2023-06-25,16:00:00,78,62,16,FMN 04 Jan Van Rijswijcklaan
652,Jan van Rijswijcklaan 159-171,2023-06-25,17:00:00,96,81,15,FMN 04 Jan Van Rijswijcklaan
652,Jan van Rijswijcklaan 159-171,2023-06-25,18:00:00,103,83,20,FMN 04 Jan Van Rijswijcklaan
652,Jan van Rijswijcklaan 159-171,2023-06-25,19:00:00,80,67,13,FMN 04 Jan Van Rijswijcklaan
652,Jan van Rijswijcklaan 159-171,2023-06-25,20:00:00,82,72,10,FMN 04 Jan Van Rijswijcklaan
652,Jan van Rijswijcklaan 159-171,2023-06-25,21:00:00,62,49,13,FMN 04 Jan Van Rijswijcklaan
652,Jan van Rijswijcklaan 159-171,2023-06-25,22:00:00,48,36,12,FMN 04 Jan Van Rijswijcklaan
652,Jan van Rijswijcklaan 159-171,2023-06-25,23:00:00,36,29,7,FMN 04 Jan Van Rijswijcklaan
652,Jan van Rijswijcklaan 159-171,2023-06-26,00:00:00,30,24,6,FMN 04 Jan Van Rijswijcklaan
652,Jan van Rijswijcklaan 159-171,2023-06-26,01:00:00,12,7,5,FMN 04 Jan Van Rijswijcklaan
652,Jan van Rijswijcklaan 159-171,2023-06-26,02:00:00,7,5,2,FMN 04 Jan Van Rijswijcklaan
652,Jan van Rijswijcklaan 159-171,2023-06-26,03:00:00,3,3,0,FMN 04 Jan Van Rijswijcklaan
652,Jan van Rijswijcklaan 159-171,2023-06-26,04:00:00,15,14,1,FMN 04 Jan Van Rijswijcklaan
652,Jan van Rijswijcklaan 159-171,2023-06-26,05:00:00,21,14,7,FMN 04 Jan Van Rijswijcklaan
652,Jan van Rijswijcklaan 159-171,2023-06-26,06:00:00,66,60,6,FMN 04 Jan Van Rijswijcklaan
652,Jan van Rijswijcklaan 159-171,2023-06-26,07:00:00,213,201,12,FMN 04 Jan Van Rijswijcklaan
652,Jan van Rijswijcklaan 159-171,2023-06-26,08:00:00,391,378,13,FMN 04 Jan Van Rijswijcklaan
652,Jan van Rijswijcklaan 159-171,2023-06-26,09:00:00,187,171,16,FMN 04 Jan Van Rijswijcklaan
652,Jan van Rijswijcklaan 159-171,2023-06-26,10:00:00,128,116,12,FMN 04 Jan Van Rijswijcklaan
652,Jan van Rijswijcklaan 159-171,2023-06-26,11:00:00,128,117,11,FMN 04 Jan Van Rijswijcklaan
652,Jan van Rijswijcklaan 159-171,2023-06-26,12:00:00,158,136,22,FMN 04 Jan Van Rijswijcklaan
652,Jan van Rijswijcklaan 159-171,2023-06-26,13:00:00,157,137,20,FMN 04 Jan Van Rijswijcklaan
652,Jan van Rijswijcklaan 159-171,2023-06-26,14:00:00,169,145,24,FMN 04 Jan Van Rijswijcklaan
652,Jan van Rijswijcklaan 159-171,2023-06-26,15:00:00,216,193,23,FMN 04 Jan Van Rijswijcklaan
652,Jan van Rijswijcklaan 159-171,2023-06-26,16:00:00,260,230,30,FMN 04 Jan Van Rijswijcklaan
652,Jan van Rijswijcklaan 159-171,2023-06-26,17:00:00,261,229,32,FMN 04 Jan Van Rijswijcklaan
652,Jan van Rijswijcklaan 159-171,2023-06-26,18:00:00,192,166,26,FMN 04 Jan Van Rijswijcklaan
652,Jan van Rijswijcklaan 159-171,2023-06-26,19:00:00,110,87,23,FMN 04 Jan Van Rijswijcklaan
652,Jan van Rijswijcklaan 159-171,2023-06-26,20:00:00,113,96,17,FMN 04 Jan Van Rijswijcklaan
652,Jan van Rijswijcklaan 159-171,2023-06-26,21:00:00,99,85,14,FMN 04 Jan Van Rijswijcklaan
652,Jan van Rijswijcklaan 159-171,2023-06-26,22:00:00,75,65,10,FMN 04 Jan Van Rijswijcklaan
652,Jan van Rijswijcklaan 159-171,2023-06-26,23:00:00,38,27,11,FMN 04 Jan Van Rijswijcklaan
652,Jan van Rijswijcklaan 159-171,2023-06-27,00:00:00,23,15,8,FMN 04 Jan Van Rijswijcklaan
652,Jan van Rijswijcklaan 159-171,2023-06-27,01:00:00,8,7,1,FMN 04 Jan Van Rijswijcklaan
652,Jan van Rijswijcklaan 159-171,2023-06-27,02:00:00,7,4,3,FMN 04 Jan Van Rijswijcklaan
652,Jan van Rijswijcklaan 159-171,2023-06-27,03:00:00,4,2,2,FMN 04 Jan Van Rijswijcklaan
652,Jan van Rijswijcklaan 159-171,2023-06-27,04:00:00,15,13,2,FMN 04 Jan Van Rijswijcklaan
652,Jan van Rijswijcklaan 159-171,2023-06-27,05:00:00,27,19,8,FMN 04 Jan Van Rijswijcklaan
652,Jan van Rijswijcklaan 159-171,2023-06-27,06:00:00,73,70,3,FMN 04 Jan Van Rijswijcklaan
652,Jan van Rijswijcklaan 159-171,2023-06-27,07:00:00,218,207,11,FMN 04 Jan Van Rijswijcklaan
652,Jan van Rijswijcklaan 159-171,2023-06-27,08:00:00,452,432,20,FMN 04 Jan Van Rijswijcklaan
652,Jan van Rijswijcklaan 159-171,2023-06-27,09:00:00,205,186,19,FMN 04 Jan Van Rijswijcklaan
652,Jan van Rijswijcklaan 159-171,2023-06-27,10:00:00,136,114,22,FMN 04 Jan Van Rijswijcklaan
652,Jan van Rijswijcklaan 159-171,2023-06-27,11:00:00,140,124,16,FMN 04 Jan Van Rijswijcklaan
652,Jan van Rijswijcklaan 159-171,2023-06-27,12:00:00,156,135,21,FMN 04 Jan Van Rijswijcklaan
652,Jan van Rijswijcklaan 159-171,2023-06-27,13:00:00,176,152,24,FMN 04 Jan Van Rijswijcklaan
652,Jan van Rijswijcklaan 159-171,2023-06-27,14:00:00,198,166,32,FMN 04 Jan Van Rijswijcklaan
652,Jan van Rijswijcklaan 159-171,2023-06-27,15:00:00,184,161,23,FMN 04 Jan Van Rijswijcklaan
652,Jan van Rijswijcklaan 159-171,2023-06-27,16:00:00,276,255,21,FMN 04 Jan Van Rijswijcklaan
652,Jan van Rijswijcklaan 159-171,2023-06-27,17:00:00,310,269,41,FMN 04 Jan Van Rijswijcklaan
652,Jan van Rijswijcklaan 159-171,2023-06-27,18:00:00,242,213,29,FMN 04 Jan Van Rijswijcklaan
652,Jan van Rijswijcklaan 159-171,2023-06-27,19:00:00,174,142,32,FMN 04 Jan Van Rijswijcklaan
652,Jan van Rijswijcklaan 159-171,2023-06-27,20:00:00,135,110,25,FMN 04 Jan Van Rijswijcklaan
652,Jan van Rijswijcklaan 159-171,2023-06-27,21:00:00,104,91,13,FMN 04 Jan Van Rijswijcklaan
652,Jan van Rijswijcklaan 159-171,2023-06-27,22:00:00,80,64,16,FMN 04 Jan Van Rijswijcklaan
652,Jan van Rijswijcklaan 159-171,2023-06-27,23:00:00,69,56,13,FMN 04 Jan Van Rijswijcklaan
652,Jan van Rijswijcklaan 159-171,2023-06-28,00:00:00,23,19,4,FMN 04 Jan Van Rijswijcklaan
652,Jan van Rijswijcklaan 159-171,2023-06-28,01:00:00,17,14,3,FMN 04 Jan Van Rijswijcklaan
652,Jan van Rijswijcklaan 159-171,2023-06-28,02:00:00,9,3,6,FMN 04 Jan Van Rijswijcklaan
652,Jan van Rijswijcklaan 159-171,2023-06-28,03:00:00,3,3,0,FMN 04 Jan Van Rijswijcklaan
652,Jan van Rijswijcklaan 159-171,2023-06-28,04:00:00,14,14,0,FMN 04 Jan Van Rijswijcklaan
652,Jan van Rijswijcklaan 159-171,2023-06-28,05:00:00,29,21,8,FMN 04 Jan Van Rijswijcklaan
652,Jan van Rijswijcklaan 159-171,2023-06-28,06:00:00,59,56,3,FMN 04 Jan Van Rijswijcklaan
652,Jan van Rijswijcklaan 159-171,2023-06-28,07:00:00,168,158,10,FMN 04 Jan Van Rijswijcklaan
652,Jan van Rijswijcklaan 159-171,2023-06-28,08:00:00,370,333,37,FMN 04 Jan Van Rijswijcklaan
652,Jan van Rijswijcklaan 159-171,2023-06-28,09:00:00,167,144,23,FMN 04 Jan Van Rijswijcklaan
652,Jan van Rijswijcklaan 159-171,2023-06-28,10:00:00,93,85,8,FMN 04 Jan Van Rijswijcklaan
652,Jan van Rijswijcklaan 159-171,2023-06-28,11:00:00,211,197,14,FMN 04 Jan Van Rijswijcklaan
652,Jan van Rijswijcklaan 159-171,2023-06-28,12:00:00,209,183,26,FMN 04 Jan Van Rijswijcklaan
652,Jan van Rijswijcklaan 159-171,2023-06-28,13:00:00,133,122,11,FMN 04 Jan Van Rijswijcklaan
652,Jan van Rijswijcklaan 159-171,2023-06-28,14:00:00,157,136,21,FMN 04 Jan Van Rijswijcklaan
652,Jan van Rijswijcklaan 159-171,2023-06-28,15:00:00,183,155,28,FMN 04 Jan Van Rijswijcklaan
652,Jan van Rijswijcklaan 159-171,2023-06-28,16:00:00,232,209,23,FMN 04 Jan Van Rijswijcklaan
652,Jan van Rijswijcklaan 159-171,2023-06-28,17:00:00,292,265,27,FMN 04 Jan Van Rijswijcklaan
652,Jan van Rijswijcklaan 159-171,2023-06-28,18:00:00,261,239,22,FMN 04 Jan Van Rijswijcklaan
652,Jan van Rijswijcklaan 159-171,2023-06-28,19:00:00,147,124,23,FMN 04 Jan Van Rijswijcklaan
652,Jan van Rijswijcklaan 159-171,2023-06-28,20:00:00,118,93,25,FMN 04 Jan Van Rijswijcklaan
652,Jan van Rijswijcklaan 159-171,2023-06-28,21:00:00,97,83,14,FMN 04 Jan Van Rijswijcklaan
652,Jan van Rijswijcklaan 159-171,2023-06-28,22:00:00,135,122,13,FMN 04 Jan Van Rijswijcklaan
652,Jan van Rijswijcklaan 159-171,2023-06-28,23:00:00,57,45,12,FMN 04 Jan Van Rijswijcklaan
652,Jan van Rijswijcklaan 159-171,2023-06-29,00:00:00,49,34,15,FMN 04 Jan Van Rijswijcklaan
652,Jan van Rijswijcklaan 159-171,2023-06-29,01:00:00,18,11,7,FMN 04 Jan Van Rijswijcklaan
652,Jan van Rijswijcklaan 159-171,2023-06-29,02:00:00,16,6,10,FMN 04 Jan Van Rijswijcklaan
652,Jan van Rijswijcklaan 159-171,2023-06-29,03:00:00,9,6,3,FMN 04 Jan Van Rijswijcklaan
652,Jan van Rijswijcklaan 159-171,2023-06-29,04:00:00,22,13,9,FMN 04 Jan Van Rijswijcklaan
652,Jan van Rijswijcklaan 159-171,2023-06-29,05:00:00,32,21,11,FMN 04 Jan Van Rijswijcklaan
652,Jan van Rijswijcklaan 159-171,2023-06-29,06:00:00,57,53,4,FMN 04 Jan Van Rijswijcklaan
652,Jan van Rijswijcklaan 159-171,2023-06-29,07:00:00,196,183,13,FMN 04 Jan Van Rijswijcklaan
652,Jan van Rijswijcklaan 159-171,2023-06-29,08:00:00,341,333,8,FMN 04 Jan Van Rijswijcklaan
652,Jan van Rijswijcklaan 159-171,2023-06-29,09:00:00,199,184,15,FMN 04 Jan Van Rijswijcklaan
652,Jan van Rijswijcklaan 159-171,2023-06-29,10:00:00,123,110,13,FMN 04 Jan Van Rijswijcklaan
652,Jan van Rijswijcklaan 159-171,2023-06-29,11:00:00,131,122,9,FMN 04 Jan Van Rijswijcklaan
652,Jan van Rijswijcklaan 159-171,2023-06-29,12:00:00,141,125,16,FMN 04 Jan Van Rijswijcklaan
652,Jan van Rijswijcklaan 159-171,2023-06-29,13:00:00,145,130,15,FMN 04 Jan Van Rijswijcklaan
652,Jan van Rijswijcklaan 159-171,2023-06-29,14:00:00,157,145,12,FMN 04 Jan Van Rijswijcklaan
652,Jan van Rijswijcklaan 159-171,2023-06-29,15:00:00,178,158,20,FMN 04 Jan Van Rijswijcklaan
652,Jan van Rijswijcklaan 159-171,2023-06-29,16:00:00,230,203,27,FMN 04 Jan Van Rijswijcklaan
652,Jan van Rijswijcklaan 159-171,2023-06-29,17:00:00,246,213,33,FMN 04 Jan Van Rijswijcklaan
652,Jan van Rijswijcklaan 159-171,2023-06-29,18:00:00,247,218,29,FMN 04 Jan Van Rijswijcklaan
652,Jan van Rijswijcklaan 159-171,2023-06-29,19:00:00,173,143,30,FMN 04 Jan Van Rijswijcklaan
652,Jan van Rijswijcklaan 159-171,2023-06-29,20:00:00,108,86,22,FMN 04 Jan Van Rijswijcklaan
652,Jan van Rijswijcklaan 159-171,2023-06-29,21:00:00,80,64,16,FMN 04 Jan Van Rijswijcklaan
652,Jan van Rijswijcklaan 159-171,2023-06-29,22:00:00,104,81,23,FMN 04 Jan Van Rijswijcklaan
652,Jan van Rijswijcklaan 159-171,2023-06-29,23:00:00,71,55,16,FMN 04 Jan Van Rijswijcklaan
652,Jan van Rijswijcklaan 159-171,2023-06-30,00:00:00,32,28,4,FMN 04 Jan Van Rijswijcklaan
652,Jan van Rijswijcklaan 159-171,2023-06-30,01:00:00,12,9,3,FMN 04 Jan Van Rijswijcklaan
652,Jan van Rijswijcklaan 159-171,2023-06-30,02:00:00,13,8,5,FMN 04 Jan Van Rijswijcklaan
652,Jan van Rijswijcklaan 159-171,2023-06-30,03:00:00,16,14,2,FMN 04 Jan Van Rijswijcklaan
652,Jan van Rijswijcklaan 159-171,2023-06-30,04:00:00,15,14,1,FMN 04 Jan Van Rijswijcklaan
652,Jan van Rijswijcklaan 159-171,2023-06-30,05:00:00,28,20,8,FMN 04 Jan Van Rijswijcklaan
652,Jan van Rijswijcklaan 159-171,2023-06-30,06:00:00,54,51,3,FMN 04 Jan Van Rijswijcklaan
652,Jan van Rijswijcklaan 159-171,2023-06-30,07:00:00,155,142,13,FMN 04 Jan Van Rijswijcklaan
652,Jan van Rijswijcklaan 159-171,2023-06-30,08:00:00,300,287,13,FMN 04 Jan Van Rijswijcklaan
652,Jan van Rijswijcklaan 159-171,2023-06-30,09:00:00,210,197,13,FMN 04 Jan Van Rijswijcklaan
652,Jan van Rijswijcklaan 159-171,2023-06-30,10:00:00,163,151,12,FMN 04 Jan Van Rijswijcklaan
652,Jan van Rijswijcklaan 159-171,2023-06-30,11:00:00,144,124,20,FMN 04 Jan Van Rijswijcklaan
652,Jan van Rijswijcklaan 159-171,2023-06-30,12:00:00,169,145,24,FMN 04 Jan Van Rijswijcklaan
652,Jan van Rijswijcklaan 159-171,2023-06-30,13:00:00,159,134,25,FMN 04 Jan Van Rijswijcklaan
652,Jan van Rijswijcklaan 159-171,2023-06-30,14:00:00,188,167,21,FMN 04 Jan Van Rijswijcklaan
652,Jan van Rijswijcklaan 159-171,2023-06-30,15:00:00,207,188,19,FMN 04 Jan Van Rijswijcklaan
652,Jan van Rijswijcklaan 159-171,2023-06-30,16:00:00,247,218,29,FMN 04 Jan Van Rijswijcklaan
652,Jan van Rijswijcklaan 159-171,2023-06-30,17:00:00,270,237,33,FMN 04 Jan Van Rijswijcklaan
652,Jan van Rijswijcklaan 159-171,2023-06-30,18:00:00,238,208,30,FMN 04 Jan Van Rijswijcklaan
652,Jan van Rijswijcklaan 159-171,2023-06-30,19:00:00,180,162,18,FMN 04 Jan Van Rijswijcklaan
652,Jan van Rijswijcklaan 159-171,2023-06-30,20:00:00,90,73,17,FMN 04 Jan Van Rijswijcklaan
652,Jan van Rijswijcklaan 159-171,2023-06-30,21:00:00,71,63,8,FMN 04 Jan Van Rijswijcklaan
652,Jan van Rijswijcklaan 159-171,2023-06-30,22:00:00,125,107,18,FMN 04 Jan Van Rijswijcklaan
652,Jan van Rijswijcklaan 159-171,2023-06-30,23:00:00,86,78,8,FMN 04 Jan Van Rijswijcklaan
652,Jan van Rijswijcklaan 159-171,2023-07-01,00:00:00,40,31,9,FMN 04 Jan Van Rijswijcklaan
652,Jan van Rijswijcklaan 159-171,2023-07-01,01:00:00,37,27,10,FMN 04 Jan Van Rijswijcklaan
652,Jan van Rijswijcklaan 159-171,2023-07-01,02:00:00,21,18,3,FMN 04 Jan Van Rijswijcklaan
652,Jan van Rijswijcklaan 159-171,2023-07-01,03:00:00,13,10,3,FMN 04 Jan Van Rijswijcklaan
652,Jan van Rijswijcklaan 159-171,2023-07-01,04:00:00,16,10,6,FMN 04 Jan Van Rijswijcklaan
652,Jan van Rijswijcklaan 159-171,2023-07-01,05:00:00,8,6,2,FMN 04 Jan Van Rijswijcklaan
652,Jan van Rijswijcklaan 159-171,2023-07-01,06:00:00,16,15,1,FMN 04 Jan Van Rijswijcklaan
652,Jan van Rijswijcklaan 159-171,2023-07-01,07:00:00,29,26,3,FMN 04 Jan Van Rijswijcklaan
652,Jan van Rijswijcklaan 159-171,2023-07-01,08:00:00,44,37,7,FMN 04 Jan Van Rijswijcklaan
652,Jan van Rijswijcklaan 159-171,2023-07-01,09:00:00,71,56,15,FMN 04 Jan Van Rijswijcklaan
652,Jan van Rijswijcklaan 159-171,2023-07-01,10:00:00,57,50,7,FMN 04 Jan Van Rijswijcklaan
652,Jan van Rijswijcklaan 159-171,2023-07-01,11:00:00,61,49,12,FMN 04 Jan Van Rijswijcklaan
652,Jan van Rijswijcklaan 159-171,2023-07-01,12:00:00,86,76,10,FMN 04 Jan Van Rijswijcklaan
652,Jan van Rijswijcklaan 159-171,2023-07-01,13:00:00,111,87,24,FMN 04 Jan Van Rijswijcklaan
652,Jan van Rijswijcklaan 159-171,2023-07-01,14:00:00,70,66,4,FMN 04 Jan Van Rijswijcklaan
652,Jan van Rijswijcklaan 159-171,2023-07-01,15:00:00,104,86,18,FMN 04 Jan Van Rijswijcklaan
652,Jan van Rijswijcklaan 159-171,2023-07-01,16:00:00,98,79,19,FMN 04 Jan Van Rijswijcklaan
652,Jan van Rijswijcklaan 159-171,2023-07-01,17:00:00,73,62,11,FMN 04 Jan Van Rijswijcklaan
652,Jan van Rijswijcklaan 159-171,2023-07-01,18:00:00,119,101,18,FMN 04 Jan Van Rijswijcklaan
652,Jan van Rijswijcklaan 159-171,2023-07-01,19:00:00,93,81,12,FMN 04 Jan Van Rijswijcklaan
652,Jan van Rijswijcklaan 159-171,2023-07-01,20:00:00,75,65,10,FMN 04 Jan Van Rijswijcklaan
652,Jan van Rijswijcklaan 159-171,2023-07-01,21:00:00,38,26,12,FMN 04 Jan Van Rijswijcklaan
652,Jan van Rijswijcklaan 159-171,2023-07-01,22:00:00,39,28,11,FMN 04 Jan Van Rijswijcklaan
652,Jan van Rijswijcklaan 159-171,2023-07-01,23:00:00,38,32,6,FMN 04 Jan Van Rijswijcklaan
652,Jan van Rijswijcklaan 159-171,2023-07-02,00:00:00,23,15,8,FMN 04 Jan Van Rijswijcklaan
652,Jan van Rijswijcklaan 159-171,2023-07-02,01:00:00,21,13,8,FMN 04 Jan Van Rijswijcklaan
652,Jan van Rijswijcklaan 159-171,2023-07-02,02:00:00,20,20,0,FMN 04 Jan Van Rijswijcklaan
652,Jan van Rijswijcklaan 159-171,2023-07-02,03:00:00,3,1,2,FMN 04 Jan Van Rijswijcklaan
652,Jan van Rijswijcklaan 159-171,2023-07-02,04:00:00,2,1,1,FMN 04 Jan Van Rijswijcklaan
652,Jan van Rijswijcklaan 159-171,2023-07-02,05:00:00,9,7,2,FMN 04 Jan Van Rijswijcklaan
652,Jan van Rijswijcklaan 159-171,2023-07-02,06:00:00,18,18,0,FMN 04 Jan Van Rijswijcklaan
652,Jan van Rijswijcklaan 159-171,2023-07-02,07:00:00,23,23,0,FMN 04 Jan Van Rijswijcklaan
652,Jan van Rijswijcklaan 159-171,2023-07-02,08:00:00,35,33,2,FMN 04 Jan Van Rijswijcklaan
652,Jan van Rijswijcklaan 159-171,2023-07-02,09:00:00,62,56,6,FMN 04 Jan Van Rijswijcklaan
652,Jan van Rijswijcklaan 159-171,2023-07-02,10:00:00,66,60,6,FMN 04 Jan Van Rijswijcklaan
652,Jan van Rijswijcklaan 159-171,2023-07-02,11:00:00,112,92,20,FMN 04 Jan Van Rijswijcklaan
652,Jan van Rijswijcklaan 159-171,2023-07-02,12:00:00,93,71,22,FMN 04 Jan Van Rijswijcklaan
652,Jan van Rijswijcklaan 159-171,2023-07-02,13:00:00,99,85,14,FMN 04 Jan Van Rijswijcklaan
652,Jan van Rijswijcklaan 159-171,2023-07-02,14:00:00,128,109,19,FMN 04 Jan Van Rijswijcklaan
652,Jan van Rijswijcklaan 159-171,2023-07-02,15:00:00,104,92,12,FMN 04 Jan Van Rijswijcklaan
652,Jan van Rijswijcklaan 159-171,2023-07-02,16:00:00,83,73,10,FMN 04 Jan Van Rijswijcklaan
652,Jan van Rijswijcklaan 159-171,2023-07-02,17:00:00,99,87,12,FMN 04 Jan Van Rijswijcklaan
652,Jan van Rijswijcklaan 159-171,2023-07-02,18:00:00,121,109,12,FMN 04 Jan Van Rijswijcklaan
652,Jan van Rijswijcklaan 159-171,2023-07-02,19:00:00,63,57,6,FMN 04 Jan Van Rijswijcklaan
652,Jan van Rijswijcklaan 159-171,2023-07-02,20:00:00,65,54,11,FMN 04 Jan Van Rijswijcklaan
652,Jan van Rijswijcklaan 159-171,2023-07-02,21:00:00,59,52,7,FMN 04 Jan Van Rijswijcklaan
652,Jan van Rijswijcklaan 159-171,2023-07-02,22:00:00,36,30,6,FMN 04 Jan Van Rijswijcklaan
652,Jan van Rijswijcklaan 159-171,2023-07-02,23:00:00,33,24,9,FMN 04 Jan Van Rijswijcklaan
652,Jan van Rijswijcklaan 159-171,2023-07-03,00:00:00,20,13,7,FMN 04 Jan Van Rijswijcklaan
652,Jan van Rijswijcklaan 159-171,2023-07-03,01:00:00,6,5,1,FMN 04 Jan Van Rijswijcklaan
652,Jan van Rijswijcklaan 159-171,2023-07-03,02:00:00,3,0,3,FMN 04 Jan Van Rijswijcklaan
652,Jan van Rijswijcklaan 159-171,2023-07-03,03:00:00,8,6,2,FMN 04 Jan Van Rijswijcklaan
652,Jan van Rijswijcklaan 159-171,2023-07-03,04:00:00,12,12,0,FMN 04 Jan Van Rijswijcklaan
652,Jan van Rijswijcklaan 159-171,2023-07-03,05:00:00,29,23,6,FMN 04 Jan Van Rijswijcklaan
652,Jan van Rijswijcklaan 159-171,2023-07-03,06:00:00,58,54,4,FMN 04 Jan Van Rijswijcklaan
652,Jan van Rijswijcklaan 159-171,2023-07-03,07:00:00,164,154,10,FMN 04 Jan Van Rijswijcklaan
652,Jan van Rijswijcklaan 159-171,2023-07-03,08:00:00,323,307,16,FMN 04 Jan Van Rijswijcklaan
652,Jan van Rijswijcklaan 159-171,2023-07-03,09:00:00,154,142,12,FMN 04 Jan Van Rijswijcklaan
652,Jan van Rijswijcklaan 159-171,2023-07-03,10:00:00,95,85,10,FMN 04 Jan Van Rijswijcklaan
652,Jan van Rijswijcklaan 159-171,2023-07-03,11:00:00,88,78,10,FMN 04 Jan Van Rijswijcklaan
652,Jan van Rijswijcklaan 159-171,2023-07-03,12:00:00,101,87,14,FMN 04 Jan Van Rijswijcklaan
652,Jan van Rijswijcklaan 159-171,2023-07-03,13:00:00,125,111,14,FMN 04 Jan Van Rijswijcklaan
652,Jan van Rijswijcklaan 159-171,2023-07-03,14:00:00,126,108,18,FMN 04 Jan Van Rijswijcklaan
652,Jan van Rijswijcklaan 159-171,2023-07-03,15:00:00,139,117,22,FMN 04 Jan Van Rijswijcklaan
652,Jan van Rijswijcklaan 159-171,2023-07-03,16:00:00,227,195,32,FMN 04 Jan Van Rijswijcklaan
652,Jan van Rijswijcklaan 159-171,2023-07-03,17:00:00,284,241,43,FMN 04 Jan Van Rijswijcklaan
652,Jan van Rijswijcklaan 159-171,2023-07-03,18:00:00,162,137,25,FMN 04 Jan Van Rijswijcklaan
652,Jan van Rijswijcklaan 159-171,2023-07-03,19:00:00,101,86,15,FMN 04 Jan Van Rijswijcklaan
652,Jan van Rijswijcklaan 159-171,2023-07-03,20:00:00,89,70,19,FMN 04 Jan Van Rijswijcklaan
652,Jan van Rijswijcklaan 159-171,2023-07-03,21:00:00,64,53,11,FMN 04 Jan Van Rijswijcklaan
652,Jan van Rijswijcklaan 159-171,2023-07-03,22:00:00,127,110,17,FMN 04 Jan Van Rijswijcklaan
652,Jan van Rijswijcklaan 159-171,2023-07-03,23:00:00,39,26,13,FMN 04 Jan Van Rijswijcklaan
652,Jan van Rijswijcklaan 159-171,2023-07-04,00:00:00,16,12,4,FMN 04 Jan Van Rijswijcklaan
652,Jan van Rijswijcklaan 159-171,2023-07-04,01:00:00,4,1,3,FMN 04 Jan Van Rijswijcklaan
652,Jan van Rijswijcklaan 159-171,2023-07-04,02:00:00,8,7,1,FMN 04 Jan Van Rijswijcklaan
652,Jan van Rijswijcklaan 159-171,2023-07-04,03:00:00,4,2,2,FMN 04 Jan Van Rijswijcklaan
652,Jan van Rijswijcklaan 159-171,2023-07-04,04:00:00,9,8,1,FMN 04 Jan Van Rijswijcklaan
652,Jan van Rijswijcklaan 159-171,2023-07-04,05:00:00,30,24,6,FMN 04 Jan Van Rijswijcklaan
652,Jan van Rijswijcklaan 159-171,2023-07-04,06:00:00,63,57,6,FMN 04 Jan Van Rijswijcklaan
652,Jan van Rijswijcklaan 159-171,2023-07-04,07:00:00,163,156,7,FMN 04 Jan Van Rijswijcklaan
652,Jan van Rijswijcklaan 159-171,2023-07-04,08:00:00,359,335,24,FMN 04 Jan Van Rijswijcklaan
652,Jan van Rijswijcklaan 159-171,2023-07-04,09:00:00,147,136,11,FMN 04 Jan Van Rijswijcklaan
652,Jan van Rijswijcklaan 159-171,2023-07-04,10:00:00,107,98,9,FMN 04 Jan Van Rijswijcklaan
652,Jan van Rijswijcklaan 159-171,2023-07-04,11:00:00,105,91,14,FMN 04 Jan Van Rijswijcklaan
652,Jan van Rijswijcklaan 159-171,2023-07-04,12:00:00,117,100,17,FMN 04 Jan Van Rijswijcklaan
652,Jan van Rijswijcklaan 159-171,2023-07-04,13:00:00,124,112,12,FMN 04 Jan Van Rijswijcklaan
652,Jan van Rijswijcklaan 159-171,2023-07-04,14:00:00,118,107,11,FMN 04 Jan Van Rijswijcklaan
652,Jan van Rijswijcklaan 159-171,2023-07-04,15:00:00,150,124,26,FMN 04 Jan Van Rijswijcklaan
652,Jan van Rijswijcklaan 159-171,2023-07-04,16:00:00,230,194,36,FMN 04 Jan Van Rijswijcklaan
652,Jan van Rijswijcklaan 159-171,2023-07-04,17:00:00,264,223,41,FMN 04 Jan Van Rijswijcklaan
652,Jan van Rijswijcklaan 159-171,2023-07-04,18:00:00,174,143,31,FMN 04 Jan Van Rijswijcklaan
652,Jan van Rijswijcklaan 159-171,2023-07-04,19:00:00,81,64,17,FMN 04 Jan Van Rijswijcklaan
652,Jan van Rijswijcklaan 159-171,2023-07-04,20:00:00,77,62,15,FMN 04 Jan Van Rijswijcklaan
652,Jan van Rijswijcklaan 159-171,2023-07-04,21:00:00,51,44,7,FMN 04 Jan Van Rijswijcklaan
652,Jan van Rijswijcklaan 159-171,2023-07-04,22:00:00,119,106,13,FMN 04 Jan Van Rijswijcklaan
652,Jan van Rijswijcklaan 159-171,2023-07-04,23:00:00,58,47,11,FMN 04 Jan Van Rijswijcklaan
652,Jan van Rijswijcklaan 159-171,2023-07-05,00:00:00,16,11,5,FMN 04 Jan Van Rijswijcklaan
652,Jan van Rijswijcklaan 159-171,2023-07-05,01:00:00,10,8,2,FMN 04 Jan Van Rijswijcklaan
652,Jan van Rijswijcklaan 159-171,2023-07-05,02:00:00,3,2,1,FMN 04 Jan Van Rijswijcklaan
652,Jan van Rijswijcklaan 159-171,2023-07-05,03:00:00,6,6,0,FMN 04 Jan Van Rijswijcklaan
652,Jan van Rijswijcklaan 159-171,2023-07-05,04:00:00,12,12,0,FMN 04 Jan Van Rijswijcklaan
652,Jan van Rijswijcklaan 159-171,2023-07-05,05:00:00,29,21,8,FMN 04 Jan Van Rijswijcklaan
652,Jan van Rijswijcklaan 159-171,2023-07-05,06:00:00,54,50,4,FMN 04 Jan Van Rijswijcklaan
652,Jan van Rijswijcklaan 159-171,2023-07-05,07:00:00,102,91,11,FMN 04 Jan Van Rijswijcklaan
652,Jan van Rijswijcklaan 159-171,2023-07-05,08:00:00,233,218,15,FMN 04 Jan Van Rijswijcklaan
652,Jan van Rijswijcklaan 159-171,2023-07-05,09:00:00,128,115,13,FMN 04 Jan Van Rijswijcklaan
652,Jan van Rijswijcklaan 159-171,2023-07-05,10:00:00,109,94,15,FMN 04 Jan Van Rijswijcklaan
652,Jan van Rijswijcklaan 159-171,2023-07-05,11:00:00,72,64,8,FMN 04 Jan Van Rijswijcklaan
652,Jan van Rijswijcklaan 159-171,2023-07-05,12:00:00,95,79,16,FMN 04 Jan Van Rijswijcklaan
652,Jan van Rijswijcklaan 159-171,2023-07-05,13:00:00,104,88,16,FMN 04 Jan Van Rijswijcklaan
652,Jan van Rijswijcklaan 159-171,2023-07-05,14:00:00,103,94,9,FMN 04 Jan Van Rijswijcklaan
652,Jan van Rijswijcklaan 159-171,2023-07-05,15:00:00,116,100,16,FMN 04 Jan Van Rijswijcklaan
652,Jan van Rijswijcklaan 159-171,2023-07-05,16:00:00,189,157,32,FMN 04 Jan Van Rijswijcklaan
652,Jan van Rijswijcklaan 159-171,2023-07-05,17:00:00,198,165,33,FMN 04 Jan Van Rijswijcklaan
652,Jan van Rijswijcklaan 159-171,2023-07-05,18:00:00,143,115,28,FMN 04 Jan Van Rijswijcklaan
652,Jan van Rijswijcklaan 159-171,2023-07-05,19:00:00,106,85,21,FMN 04 Jan Van Rijswijcklaan
652,Jan van Rijswijcklaan 159-171,2023-07-05,20:00:00,75,59,16,FMN 04 Jan Van Rijswijcklaan
652,Jan van Rijswijcklaan 159-171,2023-07-05,21:00:00,80,61,19,FMN 04 Jan Van Rijswijcklaan
652,Jan van Rijswijcklaan 159-171,2023-07-05,22:00:00,71,58,13,FMN 04 Jan Van Rijswijcklaan
652,Jan van Rijswijcklaan 159-171,2023-07-05,23:00:00,31,21,10,FMN 04 Jan Van Rijswijcklaan
652,Jan van Rijswijcklaan 159-171,2023-07-06,00:00:00,24,18,6,FMN 04 Jan Van Rijswijcklaan
652,Jan van Rijswijcklaan 159-171,2023-07-06,01:00:00,11,8,3,FMN 04 Jan Van Rijswijcklaan
652,Jan van Rijswijcklaan 159-171,2023-07-06,02:00:00,2,1,1,FMN 04 Jan Van Rijswijcklaan
652,Jan van Rijswijcklaan 159-171,2023-07-06,03:00:00,9,7,2,FMN 04 Jan Van Rijswijcklaan
652,Jan van Rijswijcklaan 159-171,2023-07-06,04:00:00,10,10,0,FMN 04 Jan Van Rijswijcklaan
652,Jan van Rijswijcklaan 159-171,2023-07-06,05:00:00,29,20,9,FMN 04 Jan Van Rijswijcklaan
652,Jan van Rijswijcklaan 159-171,2023-07-06,06:00:00,68,61,7,FMN 04 Jan Van Rijswijcklaan
652,Jan van Rijswijcklaan 159-171,2023-07-06,07:00:00,161,145,16,FMN 04 Jan Van Rijswijcklaan
652,Jan van Rijswijcklaan 159-171,2023-07-06,08:00:00,312,283,29,FMN 04 Jan Van Rijswijcklaan
652,Jan van Rijswijcklaan 159-171,2023-07-06,09:00:00,136,124,12,FMN 04 Jan Van Rijswijcklaan
652,Jan van Rijswijcklaan 159-171,2023-07-06,10:00:00,104,93,11,FMN 04 Jan Van Rijswijcklaan
652,Jan van Rijswijcklaan 159-171,2023-07-06,11:00:00,80,66,14,FMN 04 Jan Van Rijswijcklaan
652,Jan van Rijswijcklaan 159-171,2023-07-06,12:00:00,117,98,19,FMN 04 Jan Van Rijswijcklaan
652,Jan van Rijswijcklaan 159-171,2023-07-06,13:00:00,106,92,14,FMN 04 Jan Van Rijswijcklaan
652,Jan van Rijswijcklaan 159-171,2023-07-06,14:00:00,134,112,22,FMN 04 Jan Van Rijswijcklaan
652,Jan van Rijswijcklaan 159-171,2023-07-06,15:00:00,120,102,18,FMN 04 Jan Van Rijswijcklaan
652,Jan van Rijswijcklaan 159-171,2023-07-06,16:00:00,233,201,32,FMN 04 Jan Van Rijswijcklaan
652,Jan van Rijswijcklaan 159-171,2023-07-06,17:00:00,246,205,41,FMN 04 Jan Van Rijswijcklaan
652,Jan van Rijswijcklaan 159-171,2023-07-06,18:00:00,184,159,25,FMN 04 Jan Van Rijswijcklaan
652,Jan van Rijswijcklaan 159-171,2023-07-06,19:00:00,111,89,22,FMN 04 Jan Van Rijswijcklaan
652,Jan van Rijswijcklaan 159-171,2023-07-06,20:00:00,98,83,15,FMN 04 Jan Van Rijswijcklaan
652,Jan van Rijswijcklaan 159-171,2023-07-06,21:00:00,66,50,16,FMN 04 Jan Van Rijswijcklaan
652,Jan van Rijswijcklaan 159-171,2023-07-06,22:00:00,69,63,6,FMN 04 Jan Van Rijswijcklaan
652,Jan van Rijswijcklaan 159-171,2023-07-06,23:00:00,45,28,17,FMN 04 Jan Van Rijswijcklaan
652,Jan van Rijswijcklaan 159-171,2023-07-07,00:00:00,23,21,2,FMN 04 Jan Van Rijswijcklaan
652,Jan van Rijswijcklaan 159-171,2023-07-07,01:00:00,10,7,3,FMN 04 Jan Van Rijswijcklaan
652,Jan van Rijswijcklaan 159-171,2023-07-07,02:00:00,8,8,0,FMN 04 Jan Van Rijswijcklaan
652,Jan van Rijswijcklaan 159-171,2023-07-07,03:00:00,5,5,0,FMN 04 Jan Van Rijswijcklaan
652,Jan van Rijswijcklaan 159-171,2023-07-07,04:00:00,15,14,1,FMN 04 Jan Van Rijswijcklaan
652,Jan van Rijswijcklaan 159-171,2023-07-07,05:00:00,23,16,7,FMN 04 Jan Van Rijswijcklaan
652,Jan van Rijswijcklaan 159-171,2023-07-07,06:00:00,52,46,6,FMN 04 Jan Van Rijswijcklaan
652,Jan van Rijswijcklaan 159-171,2023-07-07,07:00:00,116,101,15,FMN 04 Jan Van Rijswijcklaan
652,Jan van Rijswijcklaan 159-171,2023-07-07,08:00:00,254,236,18,FMN 04 Jan Van Rijswijcklaan
652,Jan van Rijswijcklaan 159-171,2023-07-07,09:00:00,146,135,11,FMN 04 Jan Van Rijswijcklaan
652,Jan van Rijswijcklaan 159-171,2023-07-07,10:00:00,106,96,10,FMN 04 Jan Van Rijswijcklaan
652,Jan van Rijswijcklaan 159-171,2023-07-07,11:00:00,132,113,19,FMN 04 Jan Van Rijswijcklaan
652,Jan van Rijswijcklaan 159-171,2023-07-07,12:00:00,138,111,27,FMN 04 Jan Van Rijswijcklaan
652,Jan van Rijswijcklaan 159-171,2023-07-07,13:00:00,149,132,17,FMN 04 Jan Van Rijswijcklaan
652,Jan van Rijswijcklaan 159-171,2023-07-07,14:00:00,136,116,20,FMN 04 Jan Van Rijswijcklaan
652,Jan van Rijswijcklaan 159-171,2023-07-07,15:00:00,164,145,19,FMN 04 Jan Van Rijswijcklaan
652,Jan van Rijswijcklaan 159-171,2023-07-07,16:00:00,228,196,32,FMN 04 Jan Van Rijswijcklaan
652,Jan van Rijswijcklaan 159-171,2023-07-07,17:00:00,225,184,41,FMN 04 Jan Van Rijswijcklaan
652,Jan van Rijswijcklaan 159-171,2023-07-07,18:00:00,160,133,27,FMN 04 Jan Van Rijswijcklaan
652,Jan van Rijswijcklaan 159-171,2023-07-07,19:00:00,159,122,37,FMN 04 Jan Van Rijswijcklaan
652,Jan van Rijswijcklaan 159-171,2023-07-07,20:00:00,92,82,10,FMN 04 Jan Van Rijswijcklaan
652,Jan van Rijswijcklaan 159-171,2023-07-07,21:00:00,76,74,2,FMN 04 Jan Van Rijswijcklaan
652,Jan van Rijswijcklaan 159-171,2023-07-07,22:00:00,73,56,17,FMN 04 Jan Van Rijswijcklaan
652,Jan van Rijswijcklaan 159-171,2023-07-07,23:00:00,45,36,9,FMN 04 Jan Van Rijswijcklaan
652,Jan van Rijswijcklaan 159-171,2023-07-08,00:00:00,45,42,3,FMN 04 Jan Van Rijswijcklaan
652,Jan van Rijswijcklaan 159-171,2023-07-08,01:00:00,20,15,5,FMN 04 Jan Van Rijswijcklaan
652,Jan van Rijswijcklaan 159-171,2023-07-08,02:00:00,15,8,7,FMN 04 Jan Van Rijswijcklaan
652,Jan van Rijswijcklaan 159-171,2023-07-08,03:00:00,12,9,3,FMN 04 Jan Van Rijswijcklaan
652,Jan van Rijswijcklaan 159-171,2023-07-08,04:00:00,11,10,1,FMN 04 Jan Van Rijswijcklaan
652,Jan van Rijswijcklaan 159-171,2023-07-08,05:00:00,7,7,0,FMN 04 Jan Van Rijswijcklaan
652,Jan van Rijswijcklaan 159-171,2023-07-08,06:00:00,23,20,3,FMN 04 Jan Van Rijswijcklaan
652,Jan van Rijswijcklaan 159-171,2023-07-08,07:00:00,34,31,3,FMN 04 Jan Van Rijswijcklaan
652,Jan van Rijswijcklaan 159-171,2023-07-08,08:00:00,42,34,8,FMN 04 Jan Van Rijswijcklaan
652,Jan van Rijswijcklaan 159-171,2023-07-08,09:00:00,89,84,5,FMN 04 Jan Van Rijswijcklaan
652,Jan van Rijswijcklaan 159-171,2023-07-08,10:00:00,92,82,10,FMN 04 Jan Van Rijswijcklaan
652,Jan van Rijswijcklaan 159-171,2023-07-08,11:00:00,118,104,14,FMN 04 Jan Van Rijswijcklaan
652,Jan van Rijswijcklaan 159-171,2023-07-08,12:00:00,102,85,17,FMN 04 Jan Van Rijswijcklaan
652,Jan van Rijswijcklaan 159-171,2023-07-08,13:00:00,137,121,16,FMN 04 Jan Van Rijswijcklaan
652,Jan van Rijswijcklaan 159-171,2023-07-08,14:00:00,102,91,11,FMN 04 Jan Van Rijswijcklaan
652,Jan van Rijswijcklaan 159-171,2023-07-08,15:00:00,109,93,16,FMN 04 Jan Van Rijswijcklaan
652,Jan van Rijswijcklaan 159-171,2023-07-08,16:00:00,99,93,6,FMN 04 Jan Van Rijswijcklaan
652,Jan van Rijswijcklaan 159-171,2023-07-08,17:00:00,113,92,21,FMN 04 Jan Van Rijswijcklaan
652,Jan van Rijswijcklaan 159-171,2023-07-08,18:00:00,93,79,14,FMN 04 Jan Van Rijswijcklaan
652,Jan van Rijswijcklaan 159-171,2023-07-08,19:00:00,71,64,7,FMN 04 Jan Van Rijswijcklaan
652,Jan van Rijswijcklaan 159-171,2023-07-08,20:00:00,95,83,12,FMN 04 Jan Van Rijswijcklaan
652,Jan van Rijswijcklaan 159-171,2023-07-08,21:00:00,53,47,6,FMN 04 Jan Van Rijswijcklaan
652,Jan van Rijswijcklaan 159-171,2023-07-08,22:00:00,52,41,11,FMN 04 Jan Van Rijswijcklaan
652,Jan van Rijswijcklaan 159-171,2023-07-08,23:00:00,47,32,15,FMN 04 Jan Van Rijswijcklaan
652,Jan van Rijswijcklaan 159-171,2023-07-09,00:00:00,22,16,6,FMN 04 Jan Van Rijswijcklaan
652,Jan van Rijswijcklaan 159-171,2023-07-09,01:00:00,28,19,9,FMN 04 Jan Van Rijswijcklaan
652,Jan van Rijswijcklaan 159-171,2023-07-09,02:00:00,11,9,2,FMN 04 Jan Van Rijswijcklaan
652,Jan van Rijswijcklaan 159-171,2023-07-09,03:00:00,11,9,2,FMN 04 Jan Van Rijswijcklaan
652,Jan van Rijswijcklaan 159-171,2023-07-09,04:00:00,4,4,0,FMN 04 Jan Van Rijswijcklaan
652,Jan van Rijswijcklaan 159-171,2023-07-09,05:00:00,5,4,1,FMN 04 Jan Van Rijswijcklaan
652,Jan van Rijswijcklaan 159-171,2023-07-09,06:00:00,21,21,0,FMN 04 Jan Van Rijswijcklaan
652,Jan van Rijswijcklaan 159-171,2023-07-09,07:00:00,17,16,1,FMN 04 Jan Van Rijswijcklaan
652,Jan van Rijswijcklaan 159-171,2023-07-09,08:00:00,34,31,3,FMN 04 Jan Van Rijswijcklaan
652,Jan van Rijswijcklaan 159-171,2023-07-09,09:00:00,74,67,7,FMN 04 Jan Van Rijswijcklaan
652,Jan van Rijswijcklaan 159-171,2023-07-09,10:00:00,77,66,11,FMN 04 Jan Van Rijswijcklaan
652,Jan van Rijswijcklaan 159-171,2023-07-09,11:00:00,84,64,20,FMN 04 Jan Van Rijswijcklaan
652,Jan van Rijswijcklaan 159-171,2023-07-09,12:00:00,97,84,13,FMN 04 Jan Van Rijswijcklaan
652,Jan van Rijswijcklaan 159-171,2023-07-09,13:00:00,85,68,17,FMN 04 Jan Van Rijswijcklaan
652,Jan van Rijswijcklaan 159-171,2023-07-09,14:00:00,84,77,7,FMN 04 Jan Van Rijswijcklaan
652,Jan van Rijswijcklaan 159-171,2023-07-09,15:00:00,39,32,7,FMN 04 Jan Van Rijswijcklaan
652,Jan van Rijswijcklaan 159-171,2023-07-09,16:00:00,58,46,12,FMN 04 Jan Van Rijswijcklaan
652,Jan van Rijswijcklaan 159-171,2023-07-09,17:00:00,116,108,8,FMN 04 Jan Van Rijswijcklaan
652,Jan van Rijswijcklaan 159-171,2023-07-09,18:00:00,70,58,12,FMN 04 Jan Van Rijswijcklaan
652,Jan van Rijswijcklaan 159-171,2023-07-09,19:00:00,52,45,7,FMN 04 Jan Van Rijswijcklaan
652,Jan van Rijswijcklaan 159-171,2023-07-09,20:00:00,43,38,5,FMN 04 Jan Van Rijswijcklaan
652,Jan van Rijswijcklaan 159-171,2023-07-09,21:00:00,44,35,9,FMN 04 Jan Van Rijswijcklaan
652,Jan van Rijswijcklaan 159-171,2023-07-09,22:00:00,28,20,8,FMN 04 Jan Van Rijswijcklaan
652,Jan van Rijswijcklaan 159-171,2023-07-09,23:00:00,13,9,4,FMN 04 Jan Van Rijswijcklaan
652,Jan van Rijswijcklaan 159-171,2023-07-10,00:00:00,13,10,3,FMN 04 Jan Van Rijswijcklaan
652,Jan van Rijswijcklaan 159-171,2023-07-10,01:00:00,0,0,0,FMN 04 Jan Van Rijswijcklaan
652,Jan van Rijswijcklaan 159-171,2023-07-10,02:00:00,12,7,5,FMN 04 Jan Van Rijswijcklaan
652,Jan van Rijswijcklaan 159-171,2023-07-10,03:00:00,4,3,1,FMN 04 Jan Van Rijswijcklaan
652,Jan van Rijswijcklaan 159-171,2023-07-10,04:00:00,12,10,2,FMN 04 Jan Van Rijswijcklaan
652,Jan van Rijswijcklaan 159-171,2023-07-10,05:00:00,28,20,8,FMN 04 Jan Van Rijswijcklaan
652,Jan van Rijswijcklaan 159-171,2023-07-10,06:00:00,57,53,4,FMN 04 Jan Van Rijswijcklaan
652,Jan van Rijswijcklaan 159-171,2023-07-10,07:00:00,129,119,10,FMN 04 Jan Van Rijswijcklaan
652,Jan van Rijswijcklaan 159-171,2023-07-10,08:00:00,256,235,21,FMN 04 Jan Van Rijswijcklaan
652,Jan van Rijswijcklaan 159-171,2023-07-10,09:00:00,142,122,20,FMN 04 Jan Van Rijswijcklaan
652,Jan van Rijswijcklaan 159-171,2023-07-10,10:00:00,98,89,9,FMN 04 Jan Van Rijswijcklaan
652,Jan van Rijswijcklaan 159-171,2023-07-10,11:00:00,103,97,6,FMN 04 Jan Van Rijswijcklaan
652,Jan van Rijswijcklaan 159-171,2023-07-10,12:00:00,119,102,17,FMN 04 Jan Van Rijswijcklaan
652,Jan van Rijswijcklaan 159-171,2023-07-10,13:00:00,109,95,14,FMN 04 Jan Van Rijswijcklaan
652,Jan van Rijswijcklaan 159-171,2023-07-10,14:00:00,115,101,14,FMN 04 Jan Van Rijswijcklaan
652,Jan van Rijswijcklaan 159-171,2023-07-10,15:00:00,135,120,15,FMN 04 Jan Van Rijswijcklaan
652,Jan van Rijswijcklaan 159-171,2023-07-10,16:00:00,244,208,36,FMN 04 Jan Van Rijswijcklaan
652,Jan van Rijswijcklaan 159-171,2023-07-10,17:00:00,211,174,37,FMN 04 Jan Van Rijswijcklaan
652,Jan van Rijswijcklaan 159-171,2023-07-10,18:00:00,171,143,28,FMN 04 Jan Van Rijswijcklaan
652,Jan van Rijswijcklaan 159-171,2023-07-10,19:00:00,120,106,14,FMN 04 Jan Van Rijswijcklaan
652,Jan van Rijswijcklaan 159-171,2023-07-10,20:00:00,104,84,20,FMN 04 Jan Van Rijswijcklaan
652,Jan van Rijswijcklaan 159-171,2023-07-10,21:00:00,69,61,8,FMN 04 Jan Van Rijswijcklaan
652,Jan van Rijswijcklaan 159-171,2023-07-10,22:00:00,72,61,11,FMN 04 Jan Van Rijswijcklaan
652,Jan van Rijswijcklaan 159-171,2023-07-10,23:00:00,34,28,6,FMN 04 Jan Van Rijswijcklaan
652,Jan van Rijswijcklaan 159-171,2023-07-11,00:00:00,21,14,7,FMN 04 Jan Van Rijswijcklaan
652,Jan van Rijswijcklaan 159-171,2023-07-11,01:00:00,4,3,1,FMN 04 Jan Van Rijswijcklaan
652,Jan van Rijswijcklaan 159-171,2023-07-11,02:00:00,6,5,1,FMN 04 Jan Van Rijswijcklaan
652,Jan van Rijswijcklaan 159-171,2023-07-11,03:00:00,5,2,3,FMN 04 Jan Van Rijswijcklaan
652,Jan van Rijswijcklaan 159-171,2023-07-11,04:00:00,12,10,2,FMN 04 Jan Van Rijswijcklaan
652,Jan van Rijswijcklaan 159-171,2023-07-11,05:00:00,25,24,1,FMN 04 Jan Van Rijswijcklaan
652,Jan van Rijswijcklaan 159-171,2023-07-11,06:00:00,60,52,8,FMN 04 Jan Van Rijswijcklaan
652,Jan van Rijswijcklaan 159-171,2023-07-11,07:00:00,133,116,17,FMN 04 Jan Van Rijswijcklaan
652,Jan van Rijswijcklaan 159-171,2023-07-11,08:00:00,264,237,27,FMN 04 Jan Van Rijswijcklaan
652,Jan van Rijswijcklaan 159-171,2023-07-11,09:00:00,132,124,8,FMN 04 Jan Van Rijswijcklaan
652,Jan van Rijswijcklaan 159-171,2023-07-11,10:00:00,103,88,15,FMN 04 Jan Van Rijswijcklaan
652,Jan van Rijswijcklaan 159-171,2023-07-11,11:00:00,76,69,7,FMN 04 Jan Van Rijswijcklaan
652,Jan van Rijswijcklaan 159-171,2023-07-11,12:00:00,126,114,12,FMN 04 Jan Van Rijswijcklaan
652,Jan van Rijswijcklaan 159-171,2023-07-11,13:00:00,116,103,13,FMN 04 Jan Van Rijswijcklaan
652,Jan van Rijswijcklaan 159-171,2023-07-11,14:00:00,135,115,20,FMN 04 Jan Van Rijswijcklaan
652,Jan van Rijswijcklaan 159-171,2023-07-11,15:00:00,142,128,14,FMN 04 Jan Van Rijswijcklaan
652,Jan van Rijswijcklaan 159-171,2023-07-11,16:00:00,287,240,47,FMN 04 Jan Van Rijswijcklaan
652,Jan van Rijswijcklaan 159-171,2023-07-11,17:00:00,208,178,30,FMN 04 Jan Van Rijswijcklaan
652,Jan van Rijswijcklaan 159-171,2023-07-11,18:00:00,167,146,21,FMN 04 Jan Van Rijswijcklaan
652,Jan van Rijswijcklaan 159-171,2023-07-11,19:00:00,112,92,20,FMN 04 Jan Van Rijswijcklaan
652,Jan van Rijswijcklaan 159-171,2023-07-11,20:00:00,93,75,18,FMN 04 Jan Van Rijswijcklaan
652,Jan van Rijswijcklaan 159-171,2023-07-11,21:00:00,72,63,9,FMN 04 Jan Van Rijswijcklaan
652,Jan van Rijswijcklaan 159-171,2023-07-11,22:00:00,88,70,18,FMN 04 Jan Van Rijswijcklaan
652,Jan van Rijswijcklaan 159-171,2023-07-11,23:00:00,39,32,7,FMN 04 Jan Van Rijswijcklaan
652,Jan van Rijswijcklaan 159-171,2023-07-12,00:00:00,23,17,6,FMN 04 Jan Van Rijswijcklaan
652,Jan van Rijswijcklaan 159-171,2023-07-12,01:00:00,8,5,3,FMN 04 Jan Van Rijswijcklaan
652,Jan van Rijswijcklaan 159-171,2023-07-12,02:00:00,5,3,2,FMN 04 Jan Van Rijswijcklaan
652,Jan van Rijswijcklaan 159-171,2023-07-12,03:00:00,3,3,0,FMN 04 Jan Van Rijswijcklaan
652,Jan van Rijswijcklaan 159-171,2023-07-12,04:00:00,17,14,3,FMN 04 Jan Van Rijswijcklaan
652,Jan van Rijswijcklaan 159-171,2023-07-12,05:00:00,20,16,4,FMN 04 Jan Van Rijswijcklaan
652,Jan van Rijswijcklaan 159-171,2023-07-12,06:00:00,64,58,6,FMN 04 Jan Van Rijswijcklaan
652,Jan van Rijswijcklaan 159-171,2023-07-12,07:00:00,125,116,9,FMN 04 Jan Van Rijswijcklaan
652,Jan van Rijswijcklaan 159-171,2023-07-12,08:00:00,268,242,26,FMN 04 Jan Van Rijswijcklaan
652,Jan van Rijswijcklaan 159-171,2023-07-12,09:00:00,143,128,15,FMN 04 Jan Van Rijswijcklaan
652,Jan van Rijswijcklaan 159-171,2023-07-12,10:00:00,76,69,7,FMN 04 Jan Van Rijswijcklaan
652,Jan van Rijswijcklaan 159-171,2023-07-12,11:00:00,84,80,4,FMN 04 Jan Van Rijswijcklaan
652,Jan van Rijswijcklaan 159-171,2023-07-12,12:00:00,103,96,7,FMN 04 Jan Van Rijswijcklaan
652,Jan van Rijswijcklaan 159-171,2023-07-12,13:00:00,115,95,20,FMN 04 Jan Van Rijswijcklaan
652,Jan van Rijswijcklaan 159-171,2023-07-12,14:00:00,124,112,12,FMN 04 Jan Van Rijswijcklaan
652,Jan van Rijswijcklaan 159-171,2023-07-12,15:00:00,120,112,8,FMN 04 Jan Van Rijswijcklaan
652,Jan van Rijswijcklaan 159-171,2023-07-12,16:00:00,221,187,34,FMN 04 Jan Van Rijswijcklaan
652,Jan van Rijswijcklaan 159-171,2023-07-12,17:00:00,301,252,49,FMN 04 Jan Van Rijswijcklaan
652,Jan van Rijswijcklaan 159-171,2023-07-12,18:00:00,195,163,32,FMN 04 Jan Van Rijswijcklaan
652,Jan van Rijswijcklaan 159-171,2023-07-12,19:00:00,96,75,21,FMN 04 Jan Van Rijswijcklaan
652,Jan van Rijswijcklaan 159-171,2023-07-12,20:00:00,121,103,18,FMN 04 Jan Van Rijswijcklaan
652,Jan van Rijswijcklaan 159-171,2023-07-12,21:00:00,76,59,17,FMN 04 Jan Van Rijswijcklaan
652,Jan van Rijswijcklaan 159-171,2023-07-12,22:00:00,68,52,16,FMN 04 Jan Van Rijswijcklaan
652,Jan van Rijswijcklaan 159-171,2023-07-12,23:00:00,32,26,6,FMN 04 Jan Van Rijswijcklaan
652,Jan van Rijswijcklaan 159-171,2023-07-13,00:00:00,18,17,1,FMN 04 Jan Van Rijswijcklaan
652,Jan van Rijswijcklaan 159-171,2023-07-13,01:00:00,6,4,2,FMN 04 Jan Van Rijswijcklaan
652,Jan van Rijswijcklaan 159-171,2023-07-13,02:00:00,7,5,2,FMN 04 Jan Van Rijswijcklaan
652,Jan van Rijswijcklaan 159-171,2023-07-13,03:00:00,5,5,0,FMN 04 Jan Van Rijswijcklaan
652,Jan van Rijswijcklaan 159-171,2023-07-13,04:00:00,13,12,1,FMN 04 Jan Van Rijswijcklaan
652,Jan van Rijswijcklaan 159-171,2023-07-13,05:00:00,30,25,5,FMN 04 Jan Van Rijswijcklaan
652,Jan van Rijswijcklaan 159-171,2023-07-13,06:00:00,58,52,6,FMN 04 Jan Van Rijswijcklaan
652,Jan van Rijswijcklaan 159-171,2023-07-13,07:00:00,121,114,7,FMN 04 Jan Van Rijswijcklaan
652,Jan van Rijswijcklaan 159-171,2023-07-13,08:00:00,279,251,28,FMN 04 Jan Van Rijswijcklaan
652,Jan van Rijswijcklaan 159-171,2023-07-13,09:00:00,168,159,9,FMN 04 Jan Van Rijswijcklaan
652,Jan van Rijswijcklaan 159-171,2023-07-13,10:00:00,79,73,6,FMN 04 Jan Van Rijswijcklaan
652,Jan van Rijswijcklaan 159-171,2023-07-13,11:00:00,75,69,6,FMN 04 Jan Van Rijswijcklaan
652,Jan van Rijswijcklaan 159-171,2023-07-13,12:00:00,92,80,12,FMN 04 Jan Van Rijswijcklaan
652,Jan van Rijswijcklaan 159-171,2023-07-13,13:00:00,86,71,15,FMN 04 Jan Van Rijswijcklaan
652,Jan van Rijswijcklaan 159-171,2023-07-13,14:00:00,110,93,17,FMN 04 Jan Van Rijswijcklaan
652,Jan van Rijswijcklaan 159-171,2023-07-13,15:00:00,98,83,15,FMN 04 Jan Van Rijswijcklaan
652,Jan van Rijswijcklaan 159-171,2023-07-13,16:00:00,210,178,32,FMN 04 Jan Van Rijswijcklaan
652,Jan van Rijswijcklaan 159-171,2023-07-13,17:00:00,236,206,30,FMN 04 Jan Van Rijswijcklaan
652,Jan van Rijswijcklaan 159-171,2023-07-13,18:00:00,185,162,23,FMN 04 Jan Van Rijswijcklaan
652,Jan van Rijswijcklaan 159-171,2023-07-13,19:00:00,124,105,19,FMN 04 Jan Van Rijswijcklaan
652,Jan van Rijswijcklaan 159-171,2023-07-13,20:00:00,94,74,20,FMN 04 Jan Van Rijswijcklaan
652,Jan van Rijswijcklaan 159-171,2023-07-13,21:00:00,59,49,10,FMN 04 Jan Van Rijswijcklaan
652,Jan van Rijswijcklaan 159-171,2023-07-13,22:00:00,70,64,6,FMN 04 Jan Van Rijswijcklaan
652,Jan van Rijswijcklaan 159-171,2023-07-13,23:00:00,43,36,7,FMN 04 Jan Van Rijswijcklaan
652,Jan van Rijswijcklaan 159-171,2023-07-14,00:00:00,27,18,9,FMN 04 Jan Van Rijswijcklaan
652,Jan van Rijswijcklaan 159-171,2023-07-14,01:00:00,7,6,1,FMN 04 Jan Van Rijswijcklaan
652,Jan van Rijswijcklaan 159-171,2023-07-14,02:00:00,3,2,1,FMN 04 Jan Van Rijswijcklaan
652,Jan van Rijswijcklaan 159-171,2023-07-14,03:00:00,3,2,1,FMN 04 Jan Van Rijswijcklaan
652,Jan van Rijswijcklaan 159-171,2023-07-14,04:00:00,7,7,0,FMN 04 Jan Van Rijswijcklaan
652,Jan van Rijswijcklaan 159-171,2023-07-14,05:00:00,19,15,4,FMN 04 Jan Van Rijswijcklaan
652,Jan van Rijswijcklaan 159-171,2023-07-14,06:00:00,51,46,5,FMN 04 Jan Van Rijswijcklaan
652,Jan van Rijswijcklaan 159-171,2023-07-14,07:00:00,109,96,13,FMN 04 Jan Van Rijswijcklaan
652,Jan van Rijswijcklaan 159-171,2023-07-14,08:00:00,252,232,20,FMN 04 Jan Van Rijswijcklaan
652,Jan van Rijswijcklaan 159-171,2023-07-14,09:00:00,138,123,15,FMN 04 Jan Van Rijswijcklaan
652,Jan van Rijswijcklaan 159-171,2023-07-14,10:00:00,108,94,14,FMN 04 Jan Van Rijswijcklaan
652,Jan van Rijswijcklaan 159-171,2023-07-14,11:00:00,94,88,6,FMN 04 Jan Van Rijswijcklaan
652,Jan van Rijswijcklaan 159-171,2023-07-14,12:00:00,113,97,16,FMN 04 Jan Van Rijswijcklaan
652,Jan van Rijswijcklaan 159-171,2023-07-14,13:00:00,124,97,27,FMN 04 Jan Van Rijswijcklaan
652,Jan van Rijswijcklaan 159-171,2023-07-14,14:00:00,114,100,14,FMN 04 Jan Van Rijswijcklaan
652,Jan van Rijswijcklaan 159-171,2023-07-14,15:00:00,140,128,12,FMN 04 Jan Van Rijswijcklaan
652,Jan van Rijswijcklaan 159-171,2023-07-14,16:00:00,214,187,27,FMN 04 Jan Van Rijswijcklaan
652,Jan van Rijswijcklaan 159-171,2023-07-14,17:00:00,187,140,47,FMN 04 Jan Van Rijswijcklaan
652,Jan van Rijswijcklaan 159-171,2023-07-14,18:00:00,138,129,9,FMN 04 Jan Van Rijswijcklaan
652,Jan van Rijswijcklaan 159-171,2023-07-14,19:00:00,159,139,20,FMN 04 Jan Van Rijswijcklaan
652,Jan van Rijswijcklaan 159-171,2023-07-14,20:00:00,85,72,13,FMN 04 Jan Van Rijswijcklaan
652,Jan van Rijswijcklaan 159-171,2023-07-14,21:00:00,91,79,12,FMN 04 Jan Van Rijswijcklaan
652,Jan van Rijswijcklaan 159-171,2023-07-14,22:00:00,74,59,15,FMN 04 Jan Van Rijswijcklaan
652,Jan van Rijswijcklaan 159-171,2023-07-14,23:00:00,44,36,8,FMN 04 Jan Van Rijswijcklaan
652,Jan van Rijswijcklaan 159-171,2023-07-15,00:00:00,32,24,8,FMN 04 Jan Van Rijswijcklaan
652,Jan van Rijswijcklaan 159-171,2023-07-15,01:00:00,25,16,9,FMN 04 Jan Van Rijswijcklaan
652,Jan van Rijswijcklaan 159-171,2023-07-15,02:00:00,11,8,3,FMN 04 Jan Van Rijswijcklaan
652,Jan van Rijswijcklaan 159-171,2023-07-15,03:00:00,11,9,2,FMN 04 Jan Van Rijswijcklaan
652,Jan van Rijswijcklaan 159-171,2023-07-15,04:00:00,13,9,4,FMN 04 Jan Van Rijswijcklaan
652,Jan van Rijswijcklaan 159-171,2023-07-15,05:00:00,14,11,3,FMN 04 Jan Van Rijswijcklaan
652,Jan van Rijswijcklaan 159-171,2023-07-15,06:00:00,13,12,1,FMN 04 Jan Van Rijswijcklaan
652,Jan van Rijswijcklaan 159-171,2023-07-15,07:00:00,32,27,5,FMN 04 Jan Van Rijswijcklaan
652,Jan van Rijswijcklaan 159-171,2023-07-15,08:00:00,36,32,4,FMN 04 Jan Van Rijswijcklaan
652,Jan van Rijswijcklaan 159-171,2023-07-15,09:00:00,87,80,7,FMN 04 Jan Van Rijswijcklaan
652,Jan van Rijswijcklaan 159-171,2023-07-15,10:00:00,95,89,6,FMN 04 Jan Van Rijswijcklaan
652,Jan van Rijswijcklaan 159-171,2023-07-15,11:00:00,72,67,5,FMN 04 Jan Van Rijswijcklaan
652,Jan van Rijswijcklaan 159-171,2023-07-15,12:00:00,111,103,8,FMN 04 Jan Van Rijswijcklaan
652,Jan van Rijswijcklaan 159-171,2023-07-15,13:00:00,127,108,19,FMN 04 Jan Van Rijswijcklaan
652,Jan van Rijswijcklaan 159-171,2023-07-15,14:00:00,100,82,18,FMN 04 Jan Van Rijswijcklaan
652,Jan van Rijswijcklaan 159-171,2023-07-15,15:00:00,92,72,20,FMN 04 Jan Van Rijswijcklaan
652,Jan van Rijswijcklaan 159-171,2023-07-15,16:00:00,106,91,15,FMN 04 Jan Van Rijswijcklaan
652,Jan van Rijswijcklaan 159-171,2023-07-15,17:00:00,78,68,10,FMN 04 Jan Van Rijswijcklaan
652,Jan van Rijswijcklaan 159-171,2023-07-15,18:00:00,84,72,12,FMN 04 Jan Van Rijswijcklaan
652,Jan van Rijswijcklaan 159-171,2023-07-15,19:00:00,72,61,11,FMN 04 Jan Van Rijswijcklaan
652,Jan van Rijswijcklaan 159-171,2023-07-15,20:00:00,83,69,14,FMN 04 Jan Van Rijswijcklaan
652,Jan van Rijswijcklaan 159-171,2023-07-15,21:00:00,50,42,8,FMN 04 Jan Van Rijswijcklaan
652,Jan van Rijswijcklaan 159-171,2023-07-15,22:00:00,48,36,12,FMN 04 Jan Van Rijswijcklaan
652,Jan van Rijswijcklaan 159-171,2023-07-15,23:00:00,34,30,4,FMN 04 Jan Van Rijswijcklaan
652,Jan van Rijswijcklaan 159-171,2023-07-16,00:00:00,42,28,14,FMN 04 Jan Van Rijswijcklaan
652,Jan van Rijswijcklaan 159-171,2023-07-16,01:00:00,39,28,11,FMN 04 Jan Van Rijswijcklaan
652,Jan van Rijswijcklaan 159-171,2023-07-16,02:00:00,15,13,2,FMN 04 Jan Van Rijswijcklaan
652,Jan van Rijswijcklaan 159-171,2023-07-16,03:00:00,8,6,2,FMN 04 Jan Van Rijswijcklaan
652,Jan van Rijswijcklaan 159-171,2023-07-16,04:00:00,6,6,0,FMN 04 Jan Van Rijswijcklaan
652,Jan van Rijswijcklaan 159-171,2023-07-16,05:00:00,15,11,4,FMN 04 Jan Van Rijswijcklaan
652,Jan van Rijswijcklaan 159-171,2023-07-16,06:00:00,11,11,0,FMN 04 Jan Van Rijswijcklaan
652,Jan van Rijswijcklaan 159-171,2023-07-16,07:00:00,16,14,2,FMN 04 Jan Van Rijswijcklaan
652,Jan van Rijswijcklaan 159-171,2023-07-16,08:00:00,22,20,2,FMN 04 Jan Van Rijswijcklaan
652,Jan van Rijswijcklaan 159-171,2023-07-16,09:00:00,58,57,1,FMN 04 Jan Van Rijswijcklaan
652,Jan van Rijswijcklaan 159-171,2023-07-16,10:00:00,78,71,7,FMN 04 Jan Van Rijswijcklaan
652,Jan van Rijswijcklaan 159-171,2023-07-16,11:00:00,60,55,5,FMN 04 Jan Van Rijswijcklaan
652,Jan van Rijswijcklaan 159-171,2023-07-16,12:00:00,55,43,12,FMN 04 Jan Van Rijswijcklaan
652,Jan van Rijswijcklaan 159-171,2023-07-16,13:00:00,65,53,12,FMN 04 Jan Van Rijswijcklaan
652,Jan van Rijswijcklaan 159-171,2023-07-16,14:00:00,66,58,8,FMN 04 Jan Van Rijswijcklaan
652,Jan van Rijswijcklaan 159-171,2023-07-16,15:00:00,77,62,15,FMN 04 Jan Van Rijswijcklaan
652,Jan van Rijswijcklaan 159-171,2023-07-16,16:00:00,66,56,10,FMN 04 Jan Van Rijswijcklaan
652,Jan van Rijswijcklaan 159-171,2023-07-16,17:00:00,73,59,14,FMN 04 Jan Van Rijswijcklaan
652,Jan van Rijswijcklaan 159-171,2023-07-16,18:00:00,47,44,3,FMN 04 Jan Van Rijswijcklaan
652,Jan van Rijswijcklaan 159-171,2023-07-16,19:00:00,57,51,6,FMN 04 Jan Van Rijswijcklaan
652,Jan van Rijswijcklaan 159-171,2023-07-16,20:00:00,55,42,13,FMN 04 Jan Van Rijswijcklaan
652,Jan van Rijswijcklaan 159-171,2023-07-16,21:00:00,45,39,6,FMN 04 Jan Van Rijswijcklaan
652,Jan van Rijswijcklaan 159-171,2023-07-16,22:00:00,28,25,3,FMN 04 Jan Van Rijswijcklaan
652,Jan van Rijswijcklaan 159-171,2023-07-16,23:00:00,12,9,3,FMN 04 Jan Van Rijswijcklaan
652,Jan van Rijswijcklaan 159-171,2023-07-17,00:00:00,8,7,1,FMN 04 Jan Van Rijswijcklaan
652,Jan van Rijswijcklaan 159-171,2023-07-17,01:00:00,1,1,0,FMN 04 Jan Van Rijswijcklaan
652,Jan van Rijswijcklaan 159-171,2023-07-17,02:00:00,0,0,0,FMN 04 Jan Van Rijswijcklaan
652,Jan van Rijswijcklaan 159-171,2023-07-17,03:00:00,8,5,3,FMN 04 Jan Van Rijswijcklaan
652,Jan van Rijswijcklaan 159-171,2023-07-17,04:00:00,13,13,0,FMN 04 Jan Van Rijswijcklaan
652,Jan van Rijswijcklaan 159-171,2023-07-17,05:00:00,29,25,4,FMN 04 Jan Van Rijswijcklaan
652,Jan van Rijswijcklaan 159-171,2023-07-17,06:00:00,54,48,6,FMN 04 Jan Van Rijswijcklaan
652,Jan van Rijswijcklaan 159-171,2023-07-17,07:00:00,129,120,9,FMN 04 Jan Van Rijswijcklaan
652,Jan van Rijswijcklaan 159-171,2023-07-17,08:00:00,204,195,9,FMN 04 Jan Van Rijswijcklaan
652,Jan van Rijswijcklaan 159-171,2023-07-17,09:00:00,135,127,8,FMN 04 Jan Van Rijswijcklaan
652,Jan van Rijswijcklaan 159-171,2023-07-17,10:00:00,70,63,7,FMN 04 Jan Van Rijswijcklaan
652,Jan van Rijswijcklaan 159-171,2023-07-17,11:00:00,76,66,10,FMN 04 Jan Van Rijswijcklaan
652,Jan van Rijswijcklaan 159-171,2023-07-17,12:00:00,78,71,7,FMN 04 Jan Van Rijswijcklaan
652,Jan van Rijswijcklaan 159-171,2023-07-17,13:00:00,102,96,6,FMN 04 Jan Van Rijswijcklaan
652,Jan van Rijswijcklaan 159-171,2023-07-17,14:00:00,90,84,6,FMN 04 Jan Van Rijswijcklaan
652,Jan van Rijswijcklaan 159-171,2023-07-17,15:00:00,95,88,7,FMN 04 Jan Van Rijswijcklaan
652,Jan van Rijswijcklaan 159-171,2023-07-17,16:00:00,158,137,21,FMN 04 Jan Van Rijswijcklaan
652,Jan van Rijswijcklaan 159-171,2023-07-17,17:00:00,177,154,23,FMN 04 Jan Van Rijswijcklaan
652,Jan van Rijswijcklaan 159-171,2023-07-17,18:00:00,121,104,17,FMN 04 Jan Van Rijswijcklaan
652,Jan van Rijswijcklaan 159-171,2023-07-17,19:00:00,107,90,17,FMN 04 Jan Van Rijswijcklaan
652,Jan van Rijswijcklaan 159-171,2023-07-17,20:00:00,88,68,20,FMN 04 Jan Van Rijswijcklaan
652,Jan van Rijswijcklaan 159-171,2023-07-17,21:00:00,44,36,8,FMN 04 Jan Van Rijswijcklaan
652,Jan van Rijswijcklaan 159-171,2023-07-17,22:00:00,68,54,14,FMN 04 Jan Van Rijswijcklaan
652,Jan van Rijswijcklaan 159-171,2023-07-17,23:00:00,26,17,9,FMN 04 Jan Van Rijswijcklaan
652,Jan van Rijswijcklaan 159-171,2023-07-18,00:00:00,19,12,7,FMN 04 Jan Van Rijswijcklaan
652,Jan van Rijswijcklaan 159-171,2023-07-18,01:00:00,6,3,3,FMN 04 Jan Van Rijswijcklaan
652,Jan van Rijswijcklaan 159-171,2023-07-18,02:00:00,4,3,1,FMN 04 Jan Van Rijswijcklaan
652,Jan van Rijswijcklaan 159-171,2023-07-18,03:00:00,1,1,0,FMN 04 Jan Van Rijswijcklaan
652,Jan van Rijswijcklaan 159-171,2023-07-18,04:00:00,18,17,1,FMN 04 Jan Van Rijswijcklaan
652,Jan van Rijswijcklaan 159-171,2023-07-18,05:00:00,26,21,5,FMN 04 Jan Van Rijswijcklaan
652,Jan van Rijswijcklaan 159-171,2023-07-18,06:00:00,70,62,8,FMN 04 Jan Van Rijswijcklaan
652,Jan van Rijswijcklaan 159-171,2023-07-18,07:00:00,143,134,9,FMN 04 Jan Van Rijswijcklaan
652,Jan van Rijswijcklaan 159-171,2023-07-18,08:00:00,227,211,16,FMN 04 Jan Van Rijswijcklaan
652,Jan van Rijswijcklaan 159-171,2023-07-18,09:00:00,120,112,8,FMN 04 Jan Van Rijswijcklaan
652,Jan van Rijswijcklaan 159-171,2023-07-18,10:00:00,81,75,6,FMN 04 Jan Van Rijswijcklaan
652,Jan van Rijswijcklaan 159-171,2023-07-18,11:00:00,109,100,9,FMN 04 Jan Van Rijswijcklaan
652,Jan van Rijswijcklaan 159-171,2023-07-18,12:00:00,118,103,15,FMN 04 Jan Van Rijswijcklaan
652,Jan van Rijswijcklaan 159-171,2023-07-18,13:00:00,100,86,14,FMN 04 Jan Van Rijswijcklaan
652,Jan van Rijswijcklaan 159-171,2023-07-18,14:00:00,138,122,16,FMN 04 Jan Van Rijswijcklaan
652,Jan van Rijswijcklaan 159-171,2023-07-18,15:00:00,95,79,16,FMN 04 Jan Van Rijswijcklaan
652,Jan van Rijswijcklaan 159-171,2023-07-18,16:00:00,213,176,37,FMN 04 Jan Van Rijswijcklaan
652,Jan van Rijswijcklaan 159-171,2023-07-18,17:00:00,209,183,26,FMN 04 Jan Van Rijswijcklaan
652,Jan van Rijswijcklaan 159-171,2023-07-18,18:00:00,166,150,16,FMN 04 Jan Van Rijswijcklaan
652,Jan van Rijswijcklaan 159-171,2023-07-18,19:00:00,123,106,17,FMN 04 Jan Van Rijswijcklaan
652,Jan van Rijswijcklaan 159-171,2023-07-18,20:00:00,105,89,16,FMN 04 Jan Van Rijswijcklaan
652,Jan van Rijswijcklaan 159-171,2023-07-18,21:00:00,90,74,16,FMN 04 Jan Van Rijswijcklaan
652,Jan van Rijswijcklaan 159-171,2023-07-18,22:00:00,74,64,10,FMN 04 Jan Van Rijswijcklaan
652,Jan van Rijswijcklaan 159-171,2023-07-18,23:00:00,33,20,13,FMN 04 Jan Van Rijswijcklaan
652,Jan van Rijswijcklaan 159-171,2023-07-19,00:00:00,30,24,6,FMN 04 Jan Van Rijswijcklaan
652,Jan van Rijswijcklaan 159-171,2023-07-19,01:00:00,9,8,1,FMN 04 Jan Van Rijswijcklaan
652,Jan van Rijswijcklaan 159-171,2023-07-19,02:00:00,7,5,2,FMN 04 Jan Van Rijswijcklaan
652,Jan van Rijswijcklaan 159-171,2023-07-19,03:00:00,3,3,0,FMN 04 Jan Van Rijswijcklaan
652,Jan van Rijswijcklaan 159-171,2023-07-19,04:00:00,15,12,3,FMN 04 Jan Van Rijswijcklaan
652,Jan van Rijswijcklaan 159-171,2023-07-19,05:00:00,21,15,6,FMN 04 Jan Van Rijswijcklaan
652,Jan van Rijswijcklaan 159-171,2023-07-19,06:00:00,54,47,7,FMN 04 Jan Van Rijswijcklaan
652,Jan van Rijswijcklaan 159-171,2023-07-19,07:00:00,122,112,10,FMN 04 Jan Van Rijswijcklaan
652,Jan van Rijswijcklaan 159-171,2023-07-19,08:00:00,196,181,15,FMN 04 Jan Van Rijswijcklaan
652,Jan van Rijswijcklaan 159-171,2023-07-19,09:00:00,137,133,4,FMN 04 Jan Van Rijswijcklaan
652,Jan van Rijswijcklaan 159-171,2023-07-19,10:00:00,72,69,3,FMN 04 Jan Van Rijswijcklaan
652,Jan van Rijswijcklaan 159-171,2023-07-19,11:00:00,102,93,9,FMN 04 Jan Van Rijswijcklaan
652,Jan van Rijswijcklaan 159-171,2023-07-19,12:00:00,97,90,7,FMN 04 Jan Van Rijswijcklaan
652,Jan van Rijswijcklaan 159-171,2023-07-19,13:00:00,102,87,15,FMN 04 Jan Van Rijswijcklaan
652,Jan van Rijswijcklaan 159-171,2023-07-19,14:00:00,118,102,16,FMN 04 Jan Van Rijswijcklaan
652,Jan van Rijswijcklaan 159-171,2023-07-19,15:00:00,125,116,9,FMN 04 Jan Van Rijswijcklaan
652,Jan van Rijswijcklaan 159-171,2023-07-19,16:00:00,182,161,21,FMN 04 Jan Van Rijswijcklaan
652,Jan van Rijswijcklaan 159-171,2023-07-19,17:00:00,209,182,27,FMN 04 Jan Van Rijswijcklaan
652,Jan van Rijswijcklaan 159-171,2023-07-19,18:00:00,145,116,29,FMN 04 Jan Van Rijswijcklaan
652,Jan van Rijswijcklaan 159-171,2023-07-19,19:00:00,96,89,7,FMN 04 Jan Van Rijswijcklaan
652,Jan van Rijswijcklaan 159-171,2023-07-19,20:00:00,86,67,19,FMN 04 Jan Van Rijswijcklaan
652,Jan van Rijswijcklaan 159-171,2023-07-19,21:00:00,67,52,15,FMN 04 Jan Van Rijswijcklaan
652,Jan van Rijswijcklaan 159-171,2023-07-19,22:00:00,68,45,23,FMN 04 Jan Van Rijswijcklaan
652,Jan van Rijswijcklaan 159-171,2023-07-19,23:00:00,28,21,7,FMN 04 Jan Van Rijswijcklaan
652,Jan van Rijswijcklaan 159-171,2023-07-20,00:00:00,13,11,2,FMN 04 Jan Van Rijswijcklaan
652,Jan van Rijswijcklaan 159-171,2023-07-20,01:00:00,5,4,1,FMN 04 Jan Van Rijswijcklaan
652,Jan van Rijswijcklaan 159-171,2023-07-20,02:00:00,5,4,1,FMN 04 Jan Van Rijswijcklaan
652,Jan van Rijswijcklaan 159-171,2023-07-20,03:00:00,4,4,0,FMN 04 Jan Van Rijswijcklaan
652,Jan van Rijswijcklaan 159-171,2023-07-20,04:00:00,15,15,0,FMN 04 Jan Van Rijswijcklaan
652,Jan van Rijswijcklaan 159-171,2023-07-20,05:00:00,18,16,2,FMN 04 Jan Van Rijswijcklaan
652,Jan van Rijswijcklaan 159-171,2023-07-20,06:00:00,51,42,9,FMN 04 Jan Van Rijswijcklaan
652,Jan van Rijswijcklaan 159-171,2023-07-20,07:00:00,119,106,13,FMN 04 Jan Van Rijswijcklaan
652,Jan van Rijswijcklaan 159-171,2023-07-20,08:00:00,184,170,14,FMN 04 Jan Van Rijswijcklaan
652,Jan van Rijswijcklaan 159-171,2023-07-20,09:00:00,133,124,9,FMN 04 Jan Van Rijswijcklaan
652,Jan van Rijswijcklaan 159-171,2023-07-20,10:00:00,72,67,5,FMN 04 Jan Van Rijswijcklaan
652,Jan van Rijswijcklaan 159-171,2023-07-20,11:00:00,102,91,11,FMN 04 Jan Van Rijswijcklaan
652,Jan van Rijswijcklaan 159-171,2023-07-20,12:00:00,89,75,14,FMN 04 Jan Van Rijswijcklaan
652,Jan van Rijswijcklaan 159-171,2023-07-20,13:00:00,110,100,10,FMN 04 Jan Van Rijswijcklaan
652,Jan van Rijswijcklaan 159-171,2023-07-20,14:00:00,114,98,16,FMN 04 Jan Van Rijswijcklaan
652,Jan van Rijswijcklaan 159-171,2023-07-20,15:00:00,122,115,7,FMN 04 Jan Van Rijswijcklaan
652,Jan van Rijswijcklaan 159-171,2023-07-20,16:00:00,196,171,25,FMN 04 Jan Van Rijswijcklaan
652,Jan van Rijswijcklaan 159-171,2023-07-20,17:00:00,173,152,21,FMN 04 Jan Van Rijswijcklaan
652,Jan van Rijswijcklaan 159-171,2023-07-20,18:00:00,137,118,19,FMN 04 Jan Van Rijswijcklaan
652,Jan van Rijswijcklaan 159-171,2023-07-20,19:00:00,105,91,14,FMN 04 Jan Van Rijswijcklaan
652,Jan van Rijswijcklaan 159-171,2023-07-20,20:00:00,83,67,16,FMN 04 Jan Van Rijswijcklaan
652,Jan van Rijswijcklaan 159-171,2023-07-20,21:00:00,75,62,13,FMN 04 Jan Van Rijswijcklaan
652,Jan van Rijswijcklaan 159-171,2023-07-20,22:00:00,69,60,9,FMN 04 Jan Van Rijswijcklaan
652,Jan van Rijswijcklaan 159-171,2023-07-20,23:00:00,34,25,9,FMN 04 Jan Van Rijswijcklaan
652,Jan van Rijswijcklaan 159-171,2023-07-21,00:00:00,26,19,7,FMN 04 Jan Van Rijswijcklaan
652,Jan van Rijswijcklaan 159-171,2023-07-21,01:00:00,25,21,4,FMN 04 Jan Van Rijswijcklaan
652,Jan van Rijswijcklaan 159-171,2023-07-21,02:00:00,4,3,1,FMN 04 Jan Van Rijswijcklaan
652,Jan van Rijswijcklaan 159-171,2023-07-21,03:00:00,2,2,0,FMN 04 Jan Van Rijswijcklaan
652,Jan van Rijswijcklaan 159-171,2023-07-21,04:00:00,7,5,2,FMN 04 Jan Van Rijswijcklaan
652,Jan van Rijswijcklaan 159-171,2023-07-21,05:00:00,16,14,2,FMN 04 Jan Van Rijswijcklaan
652,Jan van Rijswijcklaan 159-171,2023-07-21,06:00:00,10,9,1,FMN 04 Jan Van Rijswijcklaan
652,Jan van Rijswijcklaan 159-171,2023-07-21,07:00:00,26,21,5,FMN 04 Jan Van Rijswijcklaan
652,Jan van Rijswijcklaan 159-171,2023-07-21,08:00:00,37,36,1,FMN 04 Jan Van Rijswijcklaan
652,Jan van Rijswijcklaan 159-171,2023-07-21,09:00:00,53,48,5,FMN 04 Jan Van Rijswijcklaan
652,Jan van Rijswijcklaan 159-171,2023-07-21,10:00:00,70,67,3,FMN 04 Jan Van Rijswijcklaan
652,Jan van Rijswijcklaan 159-171,2023-07-21,11:00:00,41,32,9,FMN 04 Jan Van Rijswijcklaan
652,Jan van Rijswijcklaan 159-171,2023-07-21,12:00:00,42,34,8,FMN 04 Jan Van Rijswijcklaan
652,Jan van Rijswijcklaan 159-171,2023-07-21,13:00:00,59,48,11,FMN 04 Jan Van Rijswijcklaan
652,Jan van Rijswijcklaan 159-171,2023-07-21,14:00:00,53,49,4,FMN 04 Jan Van Rijswijcklaan
652,Jan van Rijswijcklaan 159-171,2023-07-21,15:00:00,90,74,16,FMN 04 Jan Van Rijswijcklaan
652,Jan van Rijswijcklaan 159-171,2023-07-21,16:00:00,89,74,15,FMN 04 Jan Van Rijswijcklaan
652,Jan van Rijswijcklaan 159-171,2023-07-21,17:00:00,83,78,5,FMN 04 Jan Van Rijswijcklaan
652,Jan van Rijswijcklaan 159-171,2023-07-21,18:00:00,68,61,7,FMN 04 Jan Van Rijswijcklaan
652,Jan van Rijswijcklaan 159-171,2023-07-21,19:00:00,68,57,11,FMN 04 Jan Van Rijswijcklaan
652,Jan van Rijswijcklaan 159-171,2023-07-21,20:00:00,70,59,11,FMN 04 Jan Van Rijswijcklaan
652,Jan van Rijswijcklaan 159-171,2023-07-21,21:00:00,56,43,13,FMN 04 Jan Van Rijswijcklaan
652,Jan van Rijswijcklaan 159-171,2023-07-21,22:00:00,52,40,12,FMN 04 Jan Van Rijswijcklaan
652,Jan van Rijswijcklaan 159-171,2023-07-21,23:00:00,34,28,6,FMN 04 Jan Van Rijswijcklaan
652,Jan van Rijswijcklaan 159-171,2023-07-22,00:00:00,32,23,9,FMN 04 Jan Van Rijswijcklaan
652,Jan van Rijswijcklaan 159-171,2023-07-22,01:00:00,25,24,1,FMN 04 Jan Van Rijswijcklaan
652,Jan van Rijswijcklaan 159-171,2023-07-22,02:00:00,37,34,3,FMN 04 Jan Van Rijswijcklaan
652,Jan van Rijswijcklaan 159-171,2023-07-22,03:00:00,14,13,1,FMN 04 Jan Van Rijswijcklaan
652,Jan van Rijswijcklaan 159-171,2023-07-22,04:00:00,11,8,3,FMN 04 Jan Van Rijswijcklaan
652,Jan van Rijswijcklaan 159-171,2023-07-22,05:00:00,10,9,1,FMN 04 Jan Van Rijswijcklaan
652,Jan van Rijswijcklaan 159-171,2023-07-22,06:00:00,19,16,3,FMN 04 Jan Van Rijswijcklaan
652,Jan van Rijswijcklaan 159-171,2023-07-22,07:00:00,31,25,6,FMN 04 Jan Van Rijswijcklaan
652,Jan van Rijswijcklaan 159-171,2023-07-22,08:00:00,41,37,4,FMN 04 Jan Van Rijswijcklaan
652,Jan van Rijswijcklaan 159-171,2023-07-22,09:00:00,81,77,4,FMN 04 Jan Van Rijswijcklaan
652,Jan van Rijswijcklaan 159-171,2023-07-22,10:00:00,87,76,11,FMN 04 Jan Van Rijswijcklaan
652,Jan van Rijswijcklaan 159-171,2023-07-22,11:00:00,83,76,7,FMN 04 Jan Van Rijswijcklaan
652,Jan van Rijswijcklaan 159-171,2023-07-22,12:00:00,97,79,18,FMN 04 Jan Van Rijswijcklaan
652,Jan van Rijswijcklaan 159-171,2023-07-22,13:00:00,103,87,16,FMN 04 Jan Van Rijswijcklaan
652,Jan van Rijswijcklaan 159-171,2023-07-22,14:00:00,114,106,8,FMN 04 Jan Van Rijswijcklaan
652,Jan van Rijswijcklaan 159-171,2023-07-22,15:00:00,86,68,18,FMN 04 Jan Van Rijswijcklaan
652,Jan van Rijswijcklaan 159-171,2023-07-22,16:00:00,80,69,11,FMN 04 Jan Van Rijswijcklaan
652,Jan van Rijswijcklaan 159-171,2023-07-22,17:00:00,77,63,14,FMN 04 Jan Van Rijswijcklaan
652,Jan van Rijswijcklaan 159-171,2023-07-22,18:00:00,74,55,19,FMN 04 Jan Van Rijswijcklaan
652,Jan van Rijswijcklaan 159-171,2023-07-22,19:00:00,57,47,10,FMN 04 Jan Van Rijswijcklaan
652,Jan van Rijswijcklaan 159-171,2023-07-22,20:00:00,72,49,23,FMN 04 Jan Van Rijswijcklaan
652,Jan van Rijswijcklaan 159-171,2023-07-22,21:00:00,46,39,7,FMN 04 Jan Van Rijswijcklaan
652,Jan van Rijswijcklaan 159-171,2023-07-22,22:00:00,23,20,3,FMN 04 Jan Van Rijswijcklaan
652,Jan van Rijswijcklaan 159-171,2023-07-22,23:00:00,25,19,6,FMN 04 Jan Van Rijswijcklaan
652,Jan van Rijswijcklaan 159-171,2023-07-23,00:00:00,28,22,6,FMN 04 Jan Van Rijswijcklaan
652,Jan van Rijswijcklaan 159-171,2023-07-23,01:00:00,30,25,5,FMN 04 Jan Van Rijswijcklaan
652,Jan van Rijswijcklaan 159-171,2023-07-23,02:00:00,33,33,0,FMN 04 Jan Van Rijswijcklaan
652,Jan van Rijswijcklaan 159-171,2023-07-23,03:00:00,18,16,2,FMN 04 Jan Van Rijswijcklaan
652,Jan van Rijswijcklaan 159-171,2023-07-23,04:00:00,5,5,0,FMN 04 Jan Van Rijswijcklaan
652,Jan van Rijswijcklaan 159-171,2023-07-23,05:00:00,7,6,1,FMN 04 Jan Van Rijswijcklaan
652,Jan van Rijswijcklaan 159-171,2023-07-23,06:00:00,11,11,0,FMN 04 Jan Van Rijswijcklaan
652,Jan van Rijswijcklaan 159-171,2023-07-23,07:00:00,17,16,1,FMN 04 Jan Van Rijswijcklaan
652,Jan van Rijswijcklaan 159-171,2023-07-23,08:00:00,19,17,2,FMN 04 Jan Van Rijswijcklaan
652,Jan van Rijswijcklaan 159-171,2023-07-23,09:00:00,39,35,4,FMN 04 Jan Van Rijswijcklaan
652,Jan van Rijswijcklaan 159-171,2023-07-23,10:00:00,35,25,10,FMN 04 Jan Van Rijswijcklaan
652,Jan van Rijswijcklaan 159-171,2023-07-23,11:00:00,44,34,10,FMN 04 Jan Van Rijswijcklaan
652,Jan van Rijswijcklaan 159-171,2023-07-23,12:00:00,40,34,6,FMN 04 Jan Van Rijswijcklaan
652,Jan van Rijswijcklaan 159-171,2023-07-23,13:00:00,61,55,6,FMN 04 Jan Van Rijswijcklaan
652,Jan van Rijswijcklaan 159-171,2023-07-23,14:00:00,69,61,8,FMN 04 Jan Van Rijswijcklaan
652,Jan van Rijswijcklaan 159-171,2023-07-23,15:00:00,53,44,9,FMN 04 Jan Van Rijswijcklaan
652,Jan van Rijswijcklaan 159-171,2023-07-23,16:00:00,47,39,8,FMN 04 Jan Van Rijswijcklaan
652,Jan van Rijswijcklaan 159-171,2023-07-23,17:00:00,56,49,7,FMN 04 Jan Van Rijswijcklaan
652,Jan van Rijswijcklaan 159-171,2023-07-23,18:00:00,52,44,8,FMN 04 Jan Van Rijswijcklaan
652,Jan van Rijswijcklaan 159-171,2023-07-23,19:00:00,21,15,6,FMN 04 Jan Van Rijswijcklaan
652,Jan van Rijswijcklaan 159-171,2023-07-23,20:00:00,51,41,10,FMN 04 Jan Van Rijswijcklaan
652,Jan van Rijswijcklaan 159-171,2023-07-23,21:00:00,29,23,6,FMN 04 Jan Van Rijswijcklaan
652,Jan van Rijswijcklaan 159-171,2023-07-23,22:00:00,27,23,4,FMN 04 Jan Van Rijswijcklaan
652,Jan van Rijswijcklaan 159-171,2023-07-23,23:00:00,26,21,5,FMN 04 Jan Van Rijswijcklaan
652,Jan van Rijswijcklaan 159-171,2023-07-24,00:00:00,13,13,0,FMN 04 Jan Van Rijswijcklaan
652,Jan van Rijswijcklaan 159-171,2023-07-24,01:00:00,14,14,0,FMN 04 Jan Van Rijswijcklaan
652,Jan van Rijswijcklaan 159-171,2023-07-24,02:00:00,7,7,0,FMN 04 Jan Van Rijswijcklaan
652,Jan van Rijswijcklaan 159-171,2023-07-24,03:00:00,2,2,0,FMN 04 Jan Van Rijswijcklaan
652,Jan van Rijswijcklaan 159-171,2023-07-24,04:00:00,18,15,3,FMN 04 Jan Van Rijswijcklaan
652,Jan van Rijswijcklaan 159-171,2023-07-24,05:00:00,14,12,2,FMN 04 Jan Van Rijswijcklaan
652,Jan van Rijswijcklaan 159-171,2023-07-24,06:00:00,54,46,8,FMN 04 Jan Van Rijswijcklaan
652,Jan van Rijswijcklaan 159-171,2023-07-24,07:00:00,101,95,6,FMN 04 Jan Van Rijswijcklaan
652,Jan van Rijswijcklaan 159-171,2023-07-24,08:00:00,162,149,13,FMN 04 Jan Van Rijswijcklaan
652,Jan van Rijswijcklaan 159-171,2023-07-24,09:00:00,64,59,5,FMN 04 Jan Van Rijswijcklaan
652,Jan van Rijswijcklaan 159-171,2023-07-24,10:00:00,53,50,3,FMN 04 Jan Van Rijswijcklaan
652,Jan van Rijswijcklaan 159-171,2023-07-24,11:00:00,56,51,5,FMN 04 Jan Van Rijswijcklaan
652,Jan van Rijswijcklaan 159-171,2023-07-24,12:00:00,85,77,8,FMN 04 Jan Van Rijswijcklaan
652,Jan van Rijswijcklaan 159-171,2023-07-24,13:00:00,86,74,12,FMN 04 Jan Van Rijswijcklaan
652,Jan van Rijswijcklaan 159-171,2023-07-24,14:00:00,81,72,9,FMN 04 Jan Van Rijswijcklaan
652,Jan van Rijswijcklaan 159-171,2023-07-24,15:00:00,65,55,10,FMN 04 Jan Van Rijswijcklaan
652,Jan van Rijswijcklaan 159-171,2023-07-24,16:00:00,122,106,16,FMN 04 Jan Van Rijswijcklaan
652,Jan van Rijswijcklaan 159-171,2023-07-24,17:00:00,104,94,10,FMN 04 Jan Van Rijswijcklaan
652,Jan van Rijswijcklaan 159-171,2023-07-24,18:00:00,124,106,18,FMN 04 Jan Van Rijswijcklaan
652,Jan van Rijswijcklaan 159-171,2023-07-24,19:00:00,81,58,23,FMN 04 Jan Van Rijswijcklaan
652,Jan van Rijswijcklaan 159-171,2023-07-24,20:00:00,79,66,13,FMN 04 Jan Van Rijswijcklaan
652,Jan van Rijswijcklaan 159-171,2023-07-24,21:00:00,40,30,10,FMN 04 Jan Van Rijswijcklaan
652,Jan van Rijswijcklaan 159-171,2023-07-24,22:00:00,42,36,6,FMN 04 Jan Van Rijswijcklaan
652,Jan van Rijswijcklaan 159-171,2023-07-24,23:00:00,32,25,7,FMN 04 Jan Van Rijswijcklaan
652,Jan van Rijswijcklaan 159-171,2023-07-25,00:00:00,13,9,4,FMN 04 Jan Van Rijswijcklaan
652,Jan van Rijswijcklaan 159-171,2023-07-25,01:00:00,5,4,1,FMN 04 Jan Van Rijswijcklaan
652,Jan van Rijswijcklaan 159-171,2023-07-25,02:00:00,6,5,1,FMN 04 Jan Van Rijswijcklaan
652,Jan van Rijswijcklaan 159-171,2023-07-25,03:00:00,6,6,0,FMN 04 Jan Van Rijswijcklaan
652,Jan van Rijswijcklaan 159-171,2023-07-25,04:00:00,16,15,1,FMN 04 Jan Van Rijswijcklaan
652,Jan van Rijswijcklaan 159-171,2023-07-25,05:00:00,24,19,5,FMN 04 Jan Van Rijswijcklaan
652,Jan van Rijswijcklaan 159-171,2023-07-25,06:00:00,65,60,5,FMN 04 Jan Van Rijswijcklaan
652,Jan van Rijswijcklaan 159-171,2023-07-25,07:00:00,115,108,7,FMN 04 Jan Van Rijswijcklaan
652,Jan van Rijswijcklaan 159-171,2023-07-25,08:00:00,166,154,12,FMN 04 Jan Van Rijswijcklaan
652,Jan van Rijswijcklaan 159-171,2023-07-25,09:00:00,92,87,5,FMN 04 Jan Van Rijswijcklaan
652,Jan van Rijswijcklaan 159-171,2023-07-25,10:00:00,76,69,7,FMN 04 Jan Van Rijswijcklaan
652,Jan van Rijswijcklaan 159-171,2023-07-25,11:00:00,77,70,7,FMN 04 Jan Van Rijswijcklaan
652,Jan van Rijswijcklaan 159-171,2023-07-25,12:00:00,115,98,17,FMN 04 Jan Van Rijswijcklaan
652,Jan van Rijswijcklaan 159-171,2023-07-25,13:00:00,86,75,11,FMN 04 Jan Van Rijswijcklaan
652,Jan van Rijswijcklaan 159-171,2023-07-25,14:00:00,110,98,12,FMN 04 Jan Van Rijswijcklaan
652,Jan van Rijswijcklaan 159-171,2023-07-25,15:00:00,118,101,17,FMN 04 Jan Van Rijswijcklaan
652,Jan van Rijswijcklaan 159-171,2023-07-25,16:00:00,167,146,21,FMN 04 Jan Van Rijswijcklaan
652,Jan van Rijswijcklaan 159-171,2023-07-25,17:00:00,179,156,23,FMN 04 Jan Van Rijswijcklaan
652,Jan van Rijswijcklaan 159-171,2023-07-25,18:00:00,152,133,19,FMN 04 Jan Van Rijswijcklaan
652,Jan van Rijswijcklaan 159-171,2023-07-25,19:00:00,116,92,24,FMN 04 Jan Van Rijswijcklaan
652,Jan van Rijswijcklaan 159-171,2023-07-25,20:00:00,80,67,13,FMN 04 Jan Van Rijswijcklaan
652,Jan van Rijswijcklaan 159-171,2023-07-25,21:00:00,62,48,14,FMN 04 Jan Van Rijswijcklaan
652,Jan van Rijswijcklaan 159-171,2023-07-25,22:00:00,65,53,12,FMN 04 Jan Van Rijswijcklaan
652,Jan van Rijswijcklaan 159-171,2023-07-25,23:00:00,29,20,9,FMN 04 Jan Van Rijswijcklaan
652,Jan van Rijswijcklaan 159-171,2023-07-26,00:00:00,10,8,2,FMN 04 Jan Van Rijswijcklaan
652,Jan van Rijswijcklaan 159-171,2023-07-26,01:00:00,11,10,1,FMN 04 Jan Van Rijswijcklaan
652,Jan van Rijswijcklaan 159-171,2023-07-26,02:00:00,5,4,1,FMN 04 Jan Van Rijswijcklaan
652,Jan van Rijswijcklaan 159-171,2023-07-26,03:00:00,3,3,0,FMN 04 Jan Van Rijswijcklaan
652,Jan van Rijswijcklaan 159-171,2023-07-26,04:00:00,15,13,2,FMN 04 Jan Van Rijswijcklaan
652,Jan van Rijswijcklaan 159-171,2023-07-26,05:00:00,18,15,3,FMN 04 Jan Van Rijswijcklaan
652,Jan van Rijswijcklaan 159-171,2023-07-26,06:00:00,61,53,8,FMN 04 Jan Van Rijswijcklaan
652,Jan van Rijswijcklaan 159-171,2023-07-26,07:00:00,111,100,11,FMN 04 Jan Van Rijswijcklaan
652,Jan van Rijswijcklaan 159-171,2023-07-26,08:00:00,202,188,14,FMN 04 Jan Van Rijswijcklaan
652,Jan van Rijswijcklaan 159-171,2023-07-26,09:00:00,98,95,3,FMN 04 Jan Van Rijswijcklaan
652,Jan van Rijswijcklaan 159-171,2023-07-26,10:00:00,75,71,4,FMN 04 Jan Van Rijswijcklaan
652,Jan van Rijswijcklaan 159-171,2023-07-26,11:00:00,74,67,7,FMN 04 Jan Van Rijswijcklaan
652,Jan van Rijswijcklaan 159-171,2023-07-26,12:00:00,107,93,14,FMN 04 Jan Van Rijswijcklaan
652,Jan van Rijswijcklaan 159-171,2023-07-26,13:00:00,126,107,19,FMN 04 Jan Van Rijswijcklaan
652,Jan van Rijswijcklaan 159-171,2023-07-26,14:00:00,112,102,10,FMN 04 Jan Van Rijswijcklaan
652,Jan van Rijswijcklaan 159-171,2023-07-26,15:00:00,121,110,11,FMN 04 Jan Van Rijswijcklaan
652,Jan van Rijswijcklaan 159-171,2023-07-26,16:00:00,184,153,31,FMN 04 Jan Van Rijswijcklaan
652,Jan van Rijswijcklaan 159-171,2023-07-26,17:00:00,199,182,17,FMN 04 Jan Van Rijswijcklaan
652,Jan van Rijswijcklaan 159-171,2023-07-26,18:00:00,165,141,24,FMN 04 Jan Van Rijswijcklaan
652,Jan van Rijswijcklaan 159-171,2023-07-26,19:00:00,120,104,16,FMN 04 Jan Van Rijswijcklaan
652,Jan van Rijswijcklaan 159-171,2023-07-26,20:00:00,85,76,9,FMN 04 Jan Van Rijswijcklaan
652,Jan van Rijswijcklaan 159-171,2023-07-26,21:00:00,54,44,10,FMN 04 Jan Van Rijswijcklaan
652,Jan van Rijswijcklaan 159-171,2023-07-26,22:00:00,71,57,14,FMN 04 Jan Van Rijswijcklaan
652,Jan van Rijswijcklaan 159-171,2023-07-26,23:00:00,25,23,2,FMN 04 Jan Van Rijswijcklaan
652,Jan van Rijswijcklaan 159-171,2023-07-27,00:00:00,12,8,4,FMN 04 Jan Van Rijswijcklaan
652,Jan van Rijswijcklaan 159-171,2023-07-27,01:00:00,9,5,4,FMN 04 Jan Van Rijswijcklaan
652,Jan van Rijswijcklaan 159-171,2023-07-27,02:00:00,4,3,1,FMN 04 Jan Van Rijswijcklaan
652,Jan van Rijswijcklaan 159-171,2023-07-27,03:00:00,4,4,0,FMN 04 Jan Van Rijswijcklaan
652,Jan van Rijswijcklaan 159-171,2023-07-27,04:00:00,10,9,1,FMN 04 Jan Van Rijswijcklaan
652,Jan van Rijswijcklaan 159-171,2023-07-27,05:00:00,19,13,6,FMN 04 Jan Van Rijswijcklaan
652,Jan van Rijswijcklaan 159-171,2023-07-27,06:00:00,38,32,6,FMN 04 Jan Van Rijswijcklaan
652,Jan van Rijswijcklaan 159-171,2023-07-27,07:00:00,81,75,6,FMN 04 Jan Van Rijswijcklaan
652,Jan van Rijswijcklaan 159-171,2023-07-27,08:00:00,125,116,9,FMN 04 Jan Van Rijswijcklaan
652,Jan van Rijswijcklaan 159-171,2023-07-27,09:00:00,88,80,8,FMN 04 Jan Van Rijswijcklaan
652,Jan van Rijswijcklaan 159-171,2023-07-27,10:00:00,33,29,4,FMN 04 Jan Van Rijswijcklaan
652,Jan van Rijswijcklaan 159-171,2023-07-27,11:00:00,65,57,8,FMN 04 Jan Van Rijswijcklaan
652,Jan van Rijswijcklaan 159-171,2023-07-27,12:00:00,59,42,17,FMN 04 Jan Van Rijswijcklaan
652,Jan van Rijswijcklaan 159-171,2023-07-27,13:00:00,66,57,9,FMN 04 Jan Van Rijswijcklaan
652,Jan van Rijswijcklaan 159-171,2023-07-27,14:00:00,61,55,6,FMN 04 Jan Van Rijswijcklaan
652,Jan van Rijswijcklaan 159-171,2023-07-27,15:00:00,73,63,10,FMN 04 Jan Van Rijswijcklaan
652,Jan van Rijswijcklaan 159-171,2023-07-27,16:00:00,97,85,12,FMN 04 Jan Van Rijswijcklaan
652,Jan van Rijswijcklaan 159-171,2023-07-27,17:00:00,105,94,11,FMN 04 Jan Van Rijswijcklaan
652,Jan van Rijswijcklaan 159-171,2023-07-27,18:00:00,78,62,16,FMN 04 Jan Van Rijswijcklaan
652,Jan van Rijswijcklaan 159-171,2023-07-27,19:00:00,74,64,10,FMN 04 Jan Van Rijswijcklaan
652,Jan van Rijswijcklaan 159-171,2023-07-27,20:00:00,62,55,7,FMN 04 Jan Van Rijswijcklaan
652,Jan van Rijswijcklaan 159-171,2023-07-27,21:00:00,30,25,5,FMN 04 Jan Van Rijswijcklaan
652,Jan van Rijswijcklaan 159-171,2023-07-27,22:00:00,53,43,10,FMN 04 Jan Van Rijswijcklaan
652,Jan van Rijswijcklaan 159-171,2023-07-27,23:00:00,12,7,5,FMN 04 Jan Van Rijswijcklaan
652,Jan van Rijswijcklaan 159-171,2023-07-28,00:00:00,18,14,4,FMN 04 Jan Van Rijswijcklaan
652,Jan van Rijswijcklaan 159-171,2023-07-28,01:00:00,12,11,1,FMN 04 Jan Van Rijswijcklaan
652,Jan van Rijswijcklaan 159-171,2023-07-28,02:00:00,7,4,3,FMN 04 Jan Van Rijswijcklaan
652,Jan van Rijswijcklaan 159-171,2023-07-28,03:00:00,1,1,0,FMN 04 Jan Van Rijswijcklaan
652,Jan van Rijswijcklaan 159-171,2023-07-28,04:00:00,13,13,0,FMN 04 Jan Van Rijswijcklaan
652,Jan van Rijswijcklaan 159-171,2023-07-28,05:00:00,17,15,2,FMN 04 Jan Van Rijswijcklaan
652,Jan van Rijswijcklaan 159-171,2023-07-28,06:00:00,46,41,5,FMN 04 Jan Van Rijswijcklaan
652,Jan van Rijswijcklaan 159-171,2023-07-28,07:00:00,92,84,8,FMN 04 Jan Van Rijswijcklaan
652,Jan van Rijswijcklaan 159-171,2023-07-28,08:00:00,152,141,11,FMN 04 Jan Van Rijswijcklaan
652,Jan van Rijswijcklaan 159-171,2023-07-28,09:00:00,105,97,8,FMN 04 Jan Van Rijswijcklaan
652,Jan van Rijswijcklaan 159-171,2023-07-28,10:00:00,73,64,9,FMN 04 Jan Van Rijswijcklaan
652,Jan van Rijswijcklaan 159-171,2023-07-28,11:00:00,75,70,5,FMN 04 Jan Van Rijswijcklaan
652,Jan van Rijswijcklaan 159-171,2023-07-28,12:00:00,98,85,13,FMN 04 Jan Van Rijswijcklaan
652,Jan van Rijswijcklaan 159-171,2023-07-28,13:00:00,96,83,13,FMN 04 Jan Van Rijswijcklaan
652,Jan van Rijswijcklaan 159-171,2023-07-28,14:00:00,99,87,12,FMN 04 Jan Van Rijswijcklaan
652,Jan van Rijswijcklaan 159-171,2023-07-28,15:00:00,104,90,14,FMN 04 Jan Van Rijswijcklaan
652,Jan van Rijswijcklaan 159-171,2023-07-28,16:00:00,177,159,18,FMN 04 Jan Van Rijswijcklaan
652,Jan van Rijswijcklaan 159-171,2023-07-28,17:00:00,158,137,21,FMN 04 Jan Van Rijswijcklaan
652,Jan van Rijswijcklaan 159-171,2023-07-28,18:00:00,156,142,14,FMN 04 Jan Van Rijswijcklaan
652,Jan van Rijswijcklaan 159-171,2023-07-28,19:00:00,108,97,11,FMN 04 Jan Van Rijswijcklaan
652,Jan van Rijswijcklaan 159-171,2023-07-28,20:00:00,79,65,14,FMN 04 Jan Van Rijswijcklaan
652,Jan van Rijswijcklaan 159-171,2023-07-28,21:00:00,71,66,5,FMN 04 Jan Van Rijswijcklaan
652,Jan van Rijswijcklaan 159-171,2023-07-28,22:00:00,49,40,9,FMN 04 Jan Van Rijswijcklaan
652,Jan van Rijswijcklaan 159-171,2023-07-28,23:00:00,47,35,12,FMN 04 Jan Van Rijswijcklaan
652,Jan van Rijswijcklaan 159-171,2023-07-29,00:00:00,20,19,1,FMN 04 Jan Van Rijswijcklaan
652,Jan van Rijswijcklaan 159-171,2023-07-29,01:00:00,30,27,3,FMN 04 Jan Van Rijswijcklaan
652,Jan van Rijswijcklaan 159-171,2023-07-29,02:00:00,38,34,4,FMN 04 Jan Van Rijswijcklaan
652,Jan van Rijswijcklaan 159-171,2023-07-29,03:00:00,20,17,3,FMN 04 Jan Van Rijswijcklaan
652,Jan van Rijswijcklaan 159-171,2023-07-29,04:00:00,15,13,2,FMN 04 Jan Van Rijswijcklaan
652,Jan van Rijswijcklaan 159-171,2023-07-29,05:00:00,13,11,2,FMN 04 Jan Van Rijswijcklaan
652,Jan van Rijswijcklaan 159-171,2023-07-29,06:00:00,16,15,1,FMN 04 Jan Van Rijswijcklaan
652,Jan van Rijswijcklaan 159-171,2023-07-29,07:00:00,32,27,5,FMN 04 Jan Van Rijswijcklaan
652,Jan van Rijswijcklaan 159-171,2023-07-29,08:00:00,40,36,4,FMN 04 Jan Van Rijswijcklaan
652,Jan van Rijswijcklaan 159-171,2023-07-29,09:00:00,51,47,4,FMN 04 Jan Van Rijswijcklaan
652,Jan van Rijswijcklaan 159-171,2023-07-29,10:00:00,85,79,6,FMN 04 Jan Van Rijswijcklaan
652,Jan van Rijswijcklaan 159-171,2023-07-29,11:00:00,93,90,3,FMN 04 Jan Van Rijswijcklaan
652,Jan van Rijswijcklaan 159-171,2023-07-29,12:00:00,74,65,9,FMN 04 Jan Van Rijswijcklaan
652,Jan van Rijswijcklaan 159-171,2023-07-29,13:00:00,43,40,3,FMN 04 Jan Van Rijswijcklaan
652,Jan van Rijswijcklaan 159-171,2023-07-29,14:00:00,81,74,7,FMN 04 Jan Van Rijswijcklaan
652,Jan van Rijswijcklaan 159-171,2023-07-29,15:00:00,89,73,16,FMN 04 Jan Van Rijswijcklaan
652,Jan van Rijswijcklaan 159-171,2023-07-29,16:00:00,84,63,21,FMN 04 Jan Van Rijswijcklaan
652,Jan van Rijswijcklaan 159-171,2023-07-29,17:00:00,68,66,2,FMN 04 Jan Van Rijswijcklaan
652,Jan van Rijswijcklaan 159-171,2023-07-29,18:00:00,73,64,9,FMN 04 Jan Van Rijswijcklaan
652,Jan van Rijswijcklaan 159-171,2023-07-29,19:00:00,70,62,8,FMN 04 Jan Van Rijswijcklaan
652,Jan van Rijswijcklaan 159-171,2023-07-29,20:00:00,76,67,9,FMN 04 Jan Van Rijswijcklaan
652,Jan van Rijswijcklaan 159-171,2023-07-29,21:00:00,49,37,12,FMN 04 Jan Van Rijswijcklaan
652,Jan van Rijswijcklaan 159-171,2023-07-29,22:00:00,47,37,10,FMN 04 Jan Van Rijswijcklaan
652,Jan van Rijswijcklaan 159-171,2023-07-29,23:00:00,24,22,2,FMN 04 Jan Van Rijswijcklaan
652,Jan van Rijswijcklaan 159-171,2023-07-30,00:00:00,25,21,4,FMN 04 Jan Van Rijswijcklaan
652,Jan van Rijswijcklaan 159-171,2023-07-30,01:00:00,23,21,2,FMN 04 Jan Van Rijswijcklaan
652,Jan van Rijswijcklaan 159-171,2023-07-30,02:00:00,32,26,6,FMN 04 Jan Van Rijswijcklaan
652,Jan van Rijswijcklaan 159-171,2023-07-30,03:00:00,9,7,2,FMN 04 Jan Van Rijswijcklaan
652,Jan van Rijswijcklaan 159-171,2023-07-30,04:00:00,10,5,5,FMN 04 Jan Van Rijswijcklaan
652,Jan van Rijswijcklaan 159-171,2023-07-30,05:00:00,4,3,1,FMN 04 Jan Van Rijswijcklaan
652,Jan van Rijswijcklaan 159-171,2023-07-30,06:00:00,5,5,0,FMN 04 Jan Van Rijswijcklaan
652,Jan van Rijswijcklaan 159-171,2023-07-30,07:00:00,12,10,2,FMN 04 Jan Van Rijswijcklaan
652,Jan van Rijswijcklaan 159-171,2023-07-30,08:00:00,23,21,2,FMN 04 Jan Van Rijswijcklaan
652,Jan van Rijswijcklaan 159-171,2023-07-30,09:00:00,60,58,2,FMN 04 Jan Van Rijswijcklaan
652,Jan van Rijswijcklaan 159-171,2023-07-30,10:00:00,61,54,7,FMN 04 Jan Van Rijswijcklaan
652,Jan van Rijswijcklaan 159-171,2023-07-30,11:00:00,97,83,14,FMN 04 Jan Van Rijswijcklaan
652,Jan van Rijswijcklaan 159-171,2023-07-30,12:00:00,59,50,9,FMN 04 Jan Van Rijswijcklaan
652,Jan van Rijswijcklaan 159-171,2023-07-30,13:00:00,86,73,13,FMN 04 Jan Van Rijswijcklaan
652,Jan van Rijswijcklaan 159-171,2023-07-30,14:00:00,65,55,10,FMN 04 Jan Van Rijswijcklaan
652,Jan van Rijswijcklaan 159-171,2023-07-30,15:00:00,58,47,11,FMN 04 Jan Van Rijswijcklaan
652,Jan van Rijswijcklaan 159-171,2023-07-30,16:00:00,83,73,10,FMN 04 Jan Van Rijswijcklaan
652,Jan van Rijswijcklaan 159-171,2023-07-30,17:00:00,63,52,11,FMN 04 Jan Van Rijswijcklaan
652,Jan van Rijswijcklaan 159-171,2023-07-30,18:00:00,50,34,16,FMN 04 Jan Van Rijswijcklaan
652,Jan van Rijswijcklaan 159-171,2023-07-30,19:00:00,34,26,8,FMN 04 Jan Van Rijswijcklaan
652,Jan van Rijswijcklaan 159-171,2023-07-30,20:00:00,37,31,6,FMN 04 Jan Van Rijswijcklaan
652,Jan van Rijswijcklaan 159-171,2023-07-30,21:00:00,38,32,6,FMN 04 Jan Van Rijswijcklaan
652,Jan van Rijswijcklaan 159-171,2023-07-30,22:00:00,22,19,3,FMN 04 Jan Van Rijswijcklaan
652,Jan van Rijswijcklaan 159-171,2023-07-30,23:00:00,21,18,3,FMN 04 Jan Van Rijswijcklaan
652,Jan van Rijswijcklaan 159-171,2023-07-31,00:00:00,21,20,1,FMN 04 Jan Van Rijswijcklaan
652,Jan van Rijswijcklaan 159-171,2023-07-31,01:00:00,26,23,3,FMN 04 Jan Van Rijswijcklaan
652,Jan van Rijswijcklaan 159-171,2023-07-31,02:00:00,4,2,2,FMN 04 Jan Van Rijswijcklaan
652,Jan van Rijswijcklaan 159-171,2023-07-31,03:00:00,2,1,1,FMN 04 Jan Van Rijswijcklaan
652,Jan van Rijswijcklaan 159-171,2023-07-31,04:00:00,8,8,0,FMN 04 Jan Van Rijswijcklaan
652,Jan van Rijswijcklaan 159-171,2023-07-31,05:00:00,21,18,3,FMN 04 Jan Van Rijswijcklaan
652,Jan van Rijswijcklaan 159-171,2023-07-31,06:00:00,43,34,9,FMN 04 Jan Van Rijswijcklaan
652,Jan van Rijswijcklaan 159-171,2023-07-31,07:00:00,86,77,9,FMN 04 Jan Van Rijswijcklaan
652,Jan van Rijswijcklaan 159-171,2023-07-31,08:00:00,131,124,7,FMN 04 Jan Van Rijswijcklaan
652,Jan van Rijswijcklaan 159-171,2023-07-31,09:00:00,72,67,5,FMN 04 Jan Van Rijswijcklaan
652,Jan van Rijswijcklaan 159-171,2023-07-31,10:00:00,63,58,5,FMN 04 Jan Van Rijswijcklaan
652,Jan van Rijswijcklaan 159-171,2023-07-31,11:00:00,52,46,6,FMN 04 Jan Van Rijswijcklaan
652,Jan van Rijswijcklaan 159-171,2023-07-31,12:00:00,94,84,10,FMN 04 Jan Van Rijswijcklaan
652,Jan van Rijswijcklaan 159-171,2023-07-31,13:00:00,63,53,10,FMN 04 Jan Van Rijswijcklaan
652,Jan van Rijswijcklaan 159-171,2023-07-31,14:00:00,61,55,6,FMN 04 Jan Van Rijswijcklaan
652,Jan van Rijswijcklaan 159-171,2023-07-31,15:00:00,66,55,11,FMN 04 Jan Van Rijswijcklaan
652,Jan van Rijswijcklaan 159-171,2023-07-31,16:00:00,84,68,16,FMN 04 Jan Van Rijswijcklaan
652,Jan van Rijswijcklaan 159-171,2023-07-31,17:00:00,101,93,8,FMN 04 Jan Van Rijswijcklaan
652,Jan van Rijswijcklaan 159-171,2023-07-31,18:00:00,69,59,10,FMN 04 Jan Van Rijswijcklaan
652,Jan van Rijswijcklaan 159-171,2023-07-31,19:00:00,38,30,8,FMN 04 Jan Van Rijswijcklaan
652,Jan van Rijswijcklaan 159-171,2023-07-31,20:00:00,37,31,6,FMN 04 Jan Van Rijswijcklaan
652,Jan van Rijswijcklaan 159-171,2023-07-31,21:00:00,25,20,5,FMN 04 Jan Van Rijswijcklaan
652,Jan van Rijswijcklaan 159-171,2023-07-31,22:00:00,32,30,2,FMN 04 Jan Van Rijswijcklaan
652,Jan van Rijswijcklaan 159-171,2023-07-31,23:00:00,13,10,3,FMN 04 Jan Van Rijswijcklaan
652,Jan van Rijswijcklaan 159-171,2023-08-01,00:00:00,10,6,4,FMN 04 Jan Van Rijswijcklaan
652,Jan van Rijswijcklaan 159-171,2023-08-01,01:00:00,8,6,2,FMN 04 Jan Van Rijswijcklaan
652,Jan van Rijswijcklaan 159-171,2023-08-01,02:00:00,4,3,1,FMN 04 Jan Van Rijswijcklaan
652,Jan van Rijswijcklaan 159-171,2023-08-01,03:00:00,3,3,0,FMN 04 Jan Van Rijswijcklaan
652,Jan van Rijswijcklaan 159-171,2023-08-01,04:00:00,11,10,1,FMN 04 Jan Van Rijswijcklaan
652,Jan van Rijswijcklaan 159-171,2023-08-01,05:00:00,20,15,5,FMN 04 Jan Van Rijswijcklaan
652,Jan van Rijswijcklaan 159-171,2023-08-01,06:00:00,52,46,6,FMN 04 Jan Van Rijswijcklaan
652,Jan van Rijswijcklaan 159-171,2023-08-01,07:00:00,110,100,10,FMN 04 Jan Van Rijswijcklaan
652,Jan van Rijswijcklaan 159-171,2023-08-01,08:00:00,184,172,12,FMN 04 Jan Van Rijswijcklaan
652,Jan van Rijswijcklaan 159-171,2023-08-01,09:00:00,72,72,0,FMN 04 Jan Van Rijswijcklaan
652,Jan van Rijswijcklaan 159-171,2023-08-01,10:00:00,60,54,6,FMN 04 Jan Van Rijswijcklaan
652,Jan van Rijswijcklaan 159-171,2023-08-01,11:00:00,77,71,6,FMN 04 Jan Van Rijswijcklaan
652,Jan van Rijswijcklaan 159-171,2023-08-01,12:00:00,82,68,14,FMN 04 Jan Van Rijswijcklaan
652,Jan van Rijswijcklaan 159-171,2023-08-01,13:00:00,79,68,11,FMN 04 Jan Van Rijswijcklaan
652,Jan van Rijswijcklaan 159-171,2023-08-01,14:00:00,112,96,16,FMN 04 Jan Van Rijswijcklaan
652,Jan van Rijswijcklaan 159-171,2023-08-01,15:00:00,96,82,14,FMN 04 Jan Van Rijswijcklaan
652,Jan van Rijswijcklaan 159-171,2023-08-01,16:00:00,160,144,16,FMN 04 Jan Van Rijswijcklaan
652,Jan van Rijswijcklaan 159-171,2023-08-01,17:00:00,210,190,20,FMN 04 Jan Van Rijswijcklaan
652,Jan van Rijswijcklaan 159-171,2023-08-01,18:00:00,159,146,13,FMN 04 Jan Van Rijswijcklaan
652,Jan van Rijswijcklaan 159-171,2023-08-01,19:00:00,107,84,23,FMN 04 Jan Van Rijswijcklaan
652,Jan van Rijswijcklaan 159-171,2023-08-01,20:00:00,62,53,9,FMN 04 Jan Van Rijswijcklaan
652,Jan van Rijswijcklaan 159-171,2023-08-01,21:00:00,83,66,17,FMN 04 Jan Van Rijswijcklaan
652,Jan van Rijswijcklaan 159-171,2023-08-01,22:00:00,82,77,5,FMN 04 Jan Van Rijswijcklaan
652,Jan van Rijswijcklaan 159-171,2023-08-01,23:00:00,27,19,8,FMN 04 Jan Van Rijswijcklaan
652,Jan van Rijswijcklaan 159-171,2023-08-02,00:00:00,12,8,4,FMN 04 Jan Van Rijswijcklaan
652,Jan van Rijswijcklaan 159-171,2023-08-02,01:00:00,9,8,1,FMN 04 Jan Van Rijswijcklaan
652,Jan van Rijswijcklaan 159-171,2023-08-02,02:00:00,2,1,1,FMN 04 Jan Van Rijswijcklaan
652,Jan van Rijswijcklaan 159-171,2023-08-02,03:00:00,8,7,1,FMN 04 Jan Van Rijswijcklaan
652,Jan van Rijswijcklaan 159-171,2023-08-02,04:00:00,9,9,0,FMN 04 Jan Van Rijswijcklaan
652,Jan van Rijswijcklaan 159-171,2023-08-02,05:00:00,21,15,6,FMN 04 Jan Van Rijswijcklaan
652,Jan van Rijswijcklaan 159-171,2023-08-02,06:00:00,51,45,6,FMN 04 Jan Van Rijswijcklaan
652,Jan van Rijswijcklaan 159-171,2023-08-02,07:00:00,79,69,10,FMN 04 Jan Van Rijswijcklaan
652,Jan van Rijswijcklaan 159-171,2023-08-02,08:00:00,118,107,11,FMN 04 Jan Van Rijswijcklaan
652,Jan van Rijswijcklaan 159-171,2023-08-02,09:00:00,73,69,4,FMN 04 Jan Van Rijswijcklaan
652,Jan van Rijswijcklaan 159-171,2023-08-02,10:00:00,68,63,5,FMN 04 Jan Van Rijswijcklaan
652,Jan van Rijswijcklaan 159-171,2023-08-02,11:00:00,57,50,7,FMN 04 Jan Van Rijswijcklaan
652,Jan van Rijswijcklaan 159-171,2023-08-02,12:00:00,66,56,10,FMN 04 Jan Van Rijswijcklaan
652,Jan van Rijswijcklaan 159-171,2023-08-02,13:00:00,63,53,10,FMN 04 Jan Van Rijswijcklaan
652,Jan van Rijswijcklaan 159-171,2023-08-02,14:00:00,91,78,13,FMN 04 Jan Van Rijswijcklaan
652,Jan van Rijswijcklaan 159-171,2023-08-02,15:00:00,79,67,12,FMN 04 Jan Van Rijswijcklaan
652,Jan van Rijswijcklaan 159-171,2023-08-02,16:00:00,134,123,11,FMN 04 Jan Van Rijswijcklaan
652,Jan van Rijswijcklaan 159-171,2023-08-02,17:00:00,164,147,17,FMN 04 Jan Van Rijswijcklaan
652,Jan van Rijswijcklaan 159-171,2023-08-02,18:00:00,124,106,18,FMN 04 Jan Van Rijswijcklaan
652,Jan van Rijswijcklaan 159-171,2023-08-02,19:00:00,65,51,14,FMN 04 Jan Van Rijswijcklaan
652,Jan van Rijswijcklaan 159-171,2023-08-02,20:00:00,63,52,11,FMN 04 Jan Van Rijswijcklaan
652,Jan van Rijswijcklaan 159-171,2023-08-02,21:00:00,27,20,7,FMN 04 Jan Van Rijswijcklaan
652,Jan van Rijswijcklaan 159-171,2023-08-02,22:00:00,48,43,5,FMN 04 Jan Van Rijswijcklaan
652,Jan van Rijswijcklaan 159-171,2023-08-02,23:00:00,19,18,1,FMN 04 Jan Van Rijswijcklaan
652,Jan van Rijswijcklaan 159-171,2023-08-03,00:00:00,8,7,1,FMN 04 Jan Van Rijswijcklaan
652,Jan van Rijswijcklaan 159-171,2023-08-03,01:00:00,8,5,3,FMN 04 Jan Van Rijswijcklaan
652,Jan van Rijswijcklaan 159-171,2023-08-03,02:00:00,3,3,0,FMN 04 Jan Van Rijswijcklaan
652,Jan van Rijswijcklaan 159-171,2023-08-03,03:00:00,3,2,1,FMN 04 Jan Van Rijswijcklaan
652,Jan van Rijswijcklaan 159-171,2023-08-03,04:00:00,11,10,1,FMN 04 Jan Van Rijswijcklaan
652,Jan van Rijswijcklaan 159-171,2023-08-03,05:00:00,17,15,2,FMN 04 Jan Van Rijswijcklaan
652,Jan van Rijswijcklaan 159-171,2023-08-03,06:00:00,45,37,8,FMN 04 Jan Van Rijswijcklaan
652,Jan van Rijswijcklaan 159-171,2023-08-03,07:00:00,94,87,7,FMN 04 Jan Van Rijswijcklaan
652,Jan van Rijswijcklaan 159-171,2023-08-03,08:00:00,171,157,14,FMN 04 Jan Van Rijswijcklaan
652,Jan van Rijswijcklaan 159-171,2023-08-03,09:00:00,95,85,10,FMN 04 Jan Van Rijswijcklaan
652,Jan van Rijswijcklaan 159-171,2023-08-03,10:00:00,54,46,8,FMN 04 Jan Van Rijswijcklaan
652,Jan van Rijswijcklaan 159-171,2023-08-03,11:00:00,55,50,5,FMN 04 Jan Van Rijswijcklaan
652,Jan van Rijswijcklaan 159-171,2023-08-03,12:00:00,57,48,9,FMN 04 Jan Van Rijswijcklaan
652,Jan van Rijswijcklaan 159-171,2023-08-03,13:00:00,57,51,6,FMN 04 Jan Van Rijswijcklaan
652,Jan van Rijswijcklaan 159-171,2023-08-03,14:00:00,97,81,16,FMN 04 Jan Van Rijswijcklaan
652,Jan van Rijswijcklaan 159-171,2023-08-03,15:00:00,73,61,12,FMN 04 Jan Van Rijswijcklaan
652,Jan van Rijswijcklaan 159-171,2023-08-03,16:00:00,127,111,16,FMN 04 Jan Van Rijswijcklaan
652,Jan van Rijswijcklaan 159-171,2023-08-03,17:00:00,161,140,21,FMN 04 Jan Van Rijswijcklaan
652,Jan van Rijswijcklaan 159-171,2023-08-03,18:00:00,118,107,11,FMN 04 Jan Van Rijswijcklaan
652,Jan van Rijswijcklaan 159-171,2023-08-03,19:00:00,118,93,25,FMN 04 Jan Van Rijswijcklaan
652,Jan van Rijswijcklaan 159-171,2023-08-03,20:00:00,75,60,15,FMN 04 Jan Van Rijswijcklaan
652,Jan van Rijswijcklaan 159-171,2023-08-03,21:00:00,63,47,16,FMN 04 Jan Van Rijswijcklaan
652,Jan van Rijswijcklaan 159-171,2023-08-03,22:00:00,63,54,9,FMN 04 Jan Van Rijswijcklaan
652,Jan van Rijswijcklaan 159-171,2023-08-03,23:00:00,30,25,5,FMN 04 Jan Van Rijswijcklaan
652,Jan van Rijswijcklaan 159-171,2023-08-04,00:00:00,17,13,4,FMN 04 Jan Van Rijswijcklaan
652,Jan van Rijswijcklaan 159-171,2023-08-04,01:00:00,6,1,5,FMN 04 Jan Van Rijswijcklaan
652,Jan van Rijswijcklaan 159-171,2023-08-04,02:00:00,3,2,1,FMN 04 Jan Van Rijswijcklaan
652,Jan van Rijswijcklaan 159-171,2023-08-04,03:00:00,8,7,1,FMN 04 Jan Van Rijswijcklaan
652,Jan van Rijswijcklaan 159-171,2023-08-04,04:00:00,8,7,1,FMN 04 Jan Van Rijswijcklaan
652,Jan van Rijswijcklaan 159-171,2023-08-04,05:00:00,25,20,5,FMN 04 Jan Van Rijswijcklaan
652,Jan van Rijswijcklaan 159-171,2023-08-04,06:00:00,42,37,5,FMN 04 Jan Van Rijswijcklaan
652,Jan van Rijswijcklaan 159-171,2023-08-04,07:00:00,79,73,6,FMN 04 Jan Van Rijswijcklaan
652,Jan van Rijswijcklaan 159-171,2023-08-04,08:00:00,118,117,1,FMN 04 Jan Van Rijswijcklaan
652,Jan van Rijswijcklaan 159-171,2023-08-04,09:00:00,82,70,12,FMN 04 Jan Van Rijswijcklaan
652,Jan van Rijswijcklaan 159-171,2023-08-04,10:00:00,64,55,9,FMN 04 Jan Van Rijswijcklaan
652,Jan van Rijswijcklaan 159-171,2023-08-04,11:00:00,71,64,7,FMN 04 Jan Van Rijswijcklaan
652,Jan van Rijswijcklaan 159-171,2023-08-04,12:00:00,96,81,15,FMN 04 Jan Van Rijswijcklaan
652,Jan van Rijswijcklaan 159-171,2023-08-04,13:00:00,83,76,7,FMN 04 Jan Van Rijswijcklaan
652,Jan van Rijswijcklaan 159-171,2023-08-04,14:00:00,99,88,11,FMN 04 Jan Van Rijswijcklaan
652,Jan van Rijswijcklaan 159-171,2023-08-04,15:00:00,105,96,9,FMN 04 Jan Van Rijswijcklaan
652,Jan van Rijswijcklaan 159-171,2023-08-04,16:00:00,112,101,11,FMN 04 Jan Van Rijswijcklaan
652,Jan van Rijswijcklaan 159-171,2023-08-04,17:00:00,148,131,17,FMN 04 Jan Van Rijswijcklaan
652,Jan van Rijswijcklaan 159-171,2023-08-04,18:00:00,133,119,14,FMN 04 Jan Van Rijswijcklaan
652,Jan van Rijswijcklaan 159-171,2023-08-04,19:00:00,106,94,12,FMN 04 Jan Van Rijswijcklaan
652,Jan van Rijswijcklaan 159-171,2023-08-04,20:00:00,100,86,14,FMN 04 Jan Van Rijswijcklaan
652,Jan van Rijswijcklaan 159-171,2023-08-04,21:00:00,81,71,10,FMN 04 Jan Van Rijswijcklaan
652,Jan van Rijswijcklaan 159-171,2023-08-04,22:00:00,74,60,14,FMN 04 Jan Van Rijswijcklaan
652,Jan van Rijswijcklaan 159-171,2023-08-04,23:00:00,27,17,10,FMN 04 Jan Van Rijswijcklaan
652,Jan van Rijswijcklaan 159-171,2023-08-05,00:00:00,30,20,10,FMN 04 Jan Van Rijswijcklaan
652,Jan van Rijswijcklaan 159-171,2023-08-05,01:00:00,18,15,3,FMN 04 Jan Van Rijswijcklaan
652,Jan van Rijswijcklaan 159-171,2023-08-05,02:00:00,8,7,1,FMN 04 Jan Van Rijswijcklaan
652,Jan van Rijswijcklaan 159-171,2023-08-05,03:00:00,11,3,8,FMN 04 Jan Van Rijswijcklaan
652,Jan van Rijswijcklaan 159-171,2023-08-05,04:00:00,10,5,5,FMN 04 Jan Van Rijswijcklaan
652,Jan van Rijswijcklaan 159-171,2023-08-05,05:00:00,10,9,1,FMN 04 Jan Van Rijswijcklaan
652,Jan van Rijswijcklaan 159-171,2023-08-05,06:00:00,21,18,3,FMN 04 Jan Van Rijswijcklaan
652,Jan van Rijswijcklaan 159-171,2023-08-05,07:00:00,23,20,3,FMN 04 Jan Van Rijswijcklaan
652,Jan van Rijswijcklaan 159-171,2023-08-05,08:00:00,35,32,3,FMN 04 Jan Van Rijswijcklaan
652,Jan van Rijswijcklaan 159-171,2023-08-05,09:00:00,72,62,10,FMN 04 Jan Van Rijswijcklaan
652,Jan van Rijswijcklaan 159-171,2023-08-05,10:00:00,65,62,3,FMN 04 Jan Van Rijswijcklaan
652,Jan van Rijswijcklaan 159-171,2023-08-05,11:00:00,94,81,13,FMN 04 Jan Van Rijswijcklaan
652,Jan van Rijswijcklaan 159-171,2023-08-05,12:00:00,90,84,6,FMN 04 Jan Van Rijswijcklaan
652,Jan van Rijswijcklaan 159-171,2023-08-05,13:00:00,58,52,6,FMN 04 Jan Van Rijswijcklaan
652,Jan van Rijswijcklaan 159-171,2023-08-05,14:00:00,60,56,4,FMN 04 Jan Van Rijswijcklaan
652,Jan van Rijswijcklaan 159-171,2023-08-05,15:00:00,74,55,19,FMN 04 Jan Van Rijswijcklaan
652,Jan van Rijswijcklaan 159-171,2023-08-05,16:00:00,57,47,10,FMN 04 Jan Van Rijswijcklaan
652,Jan van Rijswijcklaan 159-171,2023-08-05,17:00:00,59,52,7,FMN 04 Jan Van Rijswijcklaan
652,Jan van Rijswijcklaan 159-171,2023-08-05,18:00:00,57,51,6,FMN 04 Jan Van Rijswijcklaan
652,Jan van Rijswijcklaan 159-171,2023-08-05,19:00:00,77,70,7,FMN 04 Jan Van Rijswijcklaan
652,Jan van Rijswijcklaan 159-171,2023-08-05,20:00:00,52,45,7,FMN 04 Jan Van Rijswijcklaan
652,Jan van Rijswijcklaan 159-171,2023-08-05,21:00:00,25,17,8,FMN 04 Jan Van Rijswijcklaan
652,Jan van Rijswijcklaan 159-171,2023-08-05,22:00:00,24,13,11,FMN 04 Jan Van Rijswijcklaan
652,Jan van Rijswijcklaan 159-171,2023-08-05,23:00:00,33,25,8,FMN 04 Jan Van Rijswijcklaan
652,Jan van Rijswijcklaan 159-171,2023-08-06,00:00:00,16,6,10,FMN 04 Jan Van Rijswijcklaan
652,Jan van Rijswijcklaan 159-171,2023-08-06,01:00:00,13,10,3,FMN 04 Jan Van Rijswijcklaan
652,Jan van Rijswijcklaan 159-171,2023-08-06,02:00:00,7,6,1,FMN 04 Jan Van Rijswijcklaan
652,Jan van Rijswijcklaan 159-171,2023-08-06,03:00:00,3,3,0,FMN 04 Jan Van Rijswijcklaan
652,Jan van Rijswijcklaan 159-171,2023-08-06,04:00:00,7,6,1,FMN 04 Jan Van Rijswijcklaan
652,Jan van Rijswijcklaan 159-171,2023-08-06,05:00:00,4,3,1,FMN 04 Jan Van Rijswijcklaan
652,Jan van Rijswijcklaan 159-171,2023-08-06,06:00:00,3,3,0,FMN 04 Jan Van Rijswijcklaan
652,Jan van Rijswijcklaan 159-171,2023-08-06,07:00:00,6,5,1,FMN 04 Jan Van Rijswijcklaan
652,Jan van Rijswijcklaan 159-171,2023-08-06,08:00:00,13,12,1,FMN 04 Jan Van Rijswijcklaan
652,Jan van Rijswijcklaan 159-171,2023-08-06,09:00:00,25,24,1,FMN 04 Jan Van Rijswijcklaan
652,Jan van Rijswijcklaan 159-171,2023-08-06,10:00:00,34,28,6,FMN 04 Jan Van Rijswijcklaan
652,Jan van Rijswijcklaan 159-171,2023-08-06,11:00:00,43,32,11,FMN 04 Jan Van Rijswijcklaan
652,Jan van Rijswijcklaan 159-171,2023-08-06,12:00:00,27,22,5,FMN 04 Jan Van Rijswijcklaan
652,Jan van Rijswijcklaan 159-171,2023-08-06,13:00:00,33,29,4,FMN 04 Jan Van Rijswijcklaan
652,Jan van Rijswijcklaan 159-171,2023-08-06,14:00:00,43,37,6,FMN 04 Jan Van Rijswijcklaan
652,Jan van Rijswijcklaan 159-171,2023-08-06,15:00:00,24,20,4,FMN 04 Jan Van Rijswijcklaan
652,Jan van Rijswijcklaan 159-171,2023-08-06,16:00:00,23,22,1,FMN 04 Jan Van Rijswijcklaan
652,Jan van Rijswijcklaan 159-171,2023-08-06,17:00:00,28,22,6,FMN 04 Jan Van Rijswijcklaan
652,Jan van Rijswijcklaan 159-171,2023-08-06,18:00:00,46,41,5,FMN 04 Jan Van Rijswijcklaan
652,Jan van Rijswijcklaan 159-171,2023-08-06,19:00:00,40,30,10,FMN 04 Jan Van Rijswijcklaan
652,Jan van Rijswijcklaan 159-171,2023-08-06,20:00:00,32,28,4,FMN 04 Jan Van Rijswijcklaan
652,Jan van Rijswijcklaan 159-171,2023-08-06,21:00:00,26,18,8,FMN 04 Jan Van Rijswijcklaan
652,Jan van Rijswijcklaan 159-171,2023-08-06,22:00:00,29,25,4,FMN 04 Jan Van Rijswijcklaan
652,Jan van Rijswijcklaan 159-171,2023-08-06,23:00:00,19,13,6,FMN 04 Jan Van Rijswijcklaan
652,Jan van Rijswijcklaan 159-171,2023-08-07,00:00:00,6,5,1,FMN 04 Jan Van Rijswijcklaan
652,Jan van Rijswijcklaan 159-171,2023-08-07,01:00:00,10,7,3,FMN 04 Jan Van Rijswijcklaan
652,Jan van Rijswijcklaan 159-171,2023-08-07,02:00:00,7,5,2,FMN 04 Jan Van Rijswijcklaan
652,Jan van Rijswijcklaan 159-171,2023-08-07,03:00:00,5,4,1,FMN 04 Jan Van Rijswijcklaan
652,Jan van Rijswijcklaan 159-171,2023-08-07,04:00:00,11,10,1,FMN 04 Jan Van Rijswijcklaan
652,Jan van Rijswijcklaan 159-171,2023-08-07,05:00:00,18,13,5,FMN 04 Jan Van Rijswijcklaan
652,Jan van Rijswijcklaan 159-171,2023-08-07,06:00:00,55,45,10,FMN 04 Jan Van Rijswijcklaan
652,Jan van Rijswijcklaan 159-171,2023-08-07,07:00:00,106,95,11,FMN 04 Jan Van Rijswijcklaan
652,Jan van Rijswijcklaan 159-171,2023-08-07,08:00:00,212,203,9,FMN 04 Jan Van Rijswijcklaan
652,Jan van Rijswijcklaan 159-171,2023-08-07,09:00:00,121,113,8,FMN 04 Jan Van Rijswijcklaan
652,Jan van Rijswijcklaan 159-171,2023-08-07,10:00:00,84,79,5,FMN 04 Jan Van Rijswijcklaan
652,Jan van Rijswijcklaan 159-171,2023-08-07,11:00:00,64,62,2,FMN 04 Jan Van Rijswijcklaan
652,Jan van Rijswijcklaan 159-171,2023-08-07,12:00:00,89,77,12,FMN 04 Jan Van Rijswijcklaan
652,Jan van Rijswijcklaan 159-171,2023-08-07,13:00:00,106,90,16,FMN 04 Jan Van Rijswijcklaan
652,Jan van Rijswijcklaan 159-171,2023-08-07,14:00:00,149,133,16,FMN 04 Jan Van Rijswijcklaan
652,Jan van Rijswijcklaan 159-171,2023-08-07,15:00:00,92,76,16,FMN 04 Jan Van Rijswijcklaan
652,Jan van Rijswijcklaan 159-171,2023-08-07,16:00:00,128,121,7,FMN 04 Jan Van Rijswijcklaan
652,Jan van Rijswijcklaan 159-171,2023-08-07,17:00:00,172,154,18,FMN 04 Jan Van Rijswijcklaan
652,Jan van Rijswijcklaan 159-171,2023-08-07,18:00:00,163,140,23,FMN 04 Jan Van Rijswijcklaan
652,Jan van Rijswijcklaan 159-171,2023-08-07,19:00:00,95,71,24,FMN 04 Jan Van Rijswijcklaan
652,Jan van Rijswijcklaan 159-171,2023-08-07,20:00:00,78,65,13,FMN 04 Jan Van Rijswijcklaan
652,Jan van Rijswijcklaan 159-171,2023-08-07,21:00:00,73,67,6,FMN 04 Jan Van Rijswijcklaan
652,Jan van Rijswijcklaan 159-171,2023-08-07,22:00:00,54,46,8,FMN 04 Jan Van Rijswijcklaan
652,Jan van Rijswijcklaan 159-171,2023-08-07,23:00:00,24,16,8,FMN 04 Jan Van Rijswijcklaan
652,Jan van Rijswijcklaan 159-171,2023-08-08,00:00:00,14,7,7,FMN 04 Jan Van Rijswijcklaan
652,Jan van Rijswijcklaan 159-171,2023-08-08,01:00:00,12,6,6,FMN 04 Jan Van Rijswijcklaan
652,Jan van Rijswijcklaan 159-171,2023-08-08,02:00:00,5,4,1,FMN 04 Jan Van Rijswijcklaan
652,Jan van Rijswijcklaan 159-171,2023-08-08,03:00:00,2,2,0,FMN 04 Jan Van Rijswijcklaan
652,Jan van Rijswijcklaan 159-171,2023-08-08,04:00:00,15,12,3,FMN 04 Jan Van Rijswijcklaan
652,Jan van Rijswijcklaan 159-171,2023-08-08,05:00:00,22,16,6,FMN 04 Jan Van Rijswijcklaan
652,Jan van Rijswijcklaan 159-171,2023-08-08,06:00:00,58,54,4,FMN 04 Jan Van Rijswijcklaan
652,Jan van Rijswijcklaan 159-171,2023-08-08,07:00:00,123,115,8,FMN 04 Jan Van Rijswijcklaan
652,Jan van Rijswijcklaan 159-171,2023-08-08,08:00:00,231,220,11,FMN 04 Jan Van Rijswijcklaan
652,Jan van Rijswijcklaan 159-171,2023-08-08,09:00:00,102,96,6,FMN 04 Jan Van Rijswijcklaan
652,Jan van Rijswijcklaan 159-171,2023-08-08,10:00:00,84,73,11,FMN 04 Jan Van Rijswijcklaan
652,Jan van Rijswijcklaan 159-171,2023-08-08,11:00:00,79,66,13,FMN 04 Jan Van Rijswijcklaan
652,Jan van Rijswijcklaan 159-171,2023-08-08,12:00:00,100,89,11,FMN 04 Jan Van Rijswijcklaan
652,Jan van Rijswijcklaan 159-171,2023-08-08,13:00:00,91,76,15,FMN 04 Jan Van Rijswijcklaan
652,Jan van Rijswijcklaan 159-171,2023-08-08,14:00:00,117,98,19,FMN 04 Jan Van Rijswijcklaan
652,Jan van Rijswijcklaan 159-171,2023-08-08,15:00:00,103,94,9,FMN 04 Jan Van Rijswijcklaan
652,Jan van Rijswijcklaan 159-171,2023-08-08,16:00:00,162,138,24,FMN 04 Jan Van Rijswijcklaan
652,Jan van Rijswijcklaan 159-171,2023-08-08,17:00:00,202,174,28,FMN 04 Jan Van Rijswijcklaan
652,Jan van Rijswijcklaan 159-171,2023-08-08,18:00:00,165,143,22,FMN 04 Jan Van Rijswijcklaan
652,Jan van Rijswijcklaan 159-171,2023-08-08,19:00:00,101,83,18,FMN 04 Jan Van Rijswijcklaan
652,Jan van Rijswijcklaan 159-171,2023-08-08,20:00:00,53,41,12,FMN 04 Jan Van Rijswijcklaan
652,Jan van Rijswijcklaan 159-171,2023-08-08,21:00:00,42,35,7,FMN 04 Jan Van Rijswijcklaan
652,Jan van Rijswijcklaan 159-171,2023-08-08,22:00:00,87,77,10,FMN 04 Jan Van Rijswijcklaan
652,Jan van Rijswijcklaan 159-171,2023-08-08,23:00:00,23,17,6,FMN 04 Jan Van Rijswijcklaan
652,Jan van Rijswijcklaan 159-171,2023-08-09,00:00:00,10,8,2,FMN 04 Jan Van Rijswijcklaan
652,Jan van Rijswijcklaan 159-171,2023-08-09,01:00:00,10,6,4,FMN 04 Jan Van Rijswijcklaan
652,Jan van Rijswijcklaan 159-171,2023-08-09,02:00:00,10,5,5,FMN 04 Jan Van Rijswijcklaan
652,Jan van Rijswijcklaan 159-171,2023-08-09,03:00:00,2,2,0,FMN 04 Jan Van Rijswijcklaan
652,Jan van Rijswijcklaan 159-171,2023-08-09,04:00:00,13,13,0,FMN 04 Jan Van Rijswijcklaan
652,Jan van Rijswijcklaan 159-171,2023-08-09,05:00:00,21,18,3,FMN 04 Jan Van Rijswijcklaan
652,Jan van Rijswijcklaan 159-171,2023-08-09,06:00:00,56,50,6,FMN 04 Jan Van Rijswijcklaan
652,Jan van Rijswijcklaan 159-171,2023-08-09,07:00:00,105,91,14,FMN 04 Jan Van Rijswijcklaan
652,Jan van Rijswijcklaan 159-171,2023-08-09,08:00:00,195,183,12,FMN 04 Jan Van Rijswijcklaan
652,Jan van Rijswijcklaan 159-171,2023-08-09,09:00:00,105,95,10,FMN 04 Jan Van Rijswijcklaan
652,Jan van Rijswijcklaan 159-171,2023-08-09,10:00:00,87,76,11,FMN 04 Jan Van Rijswijcklaan
652,Jan van Rijswijcklaan 159-171,2023-08-09,11:00:00,105,93,12,FMN 04 Jan Van Rijswijcklaan
652,Jan van Rijswijcklaan 159-171,2023-08-09,12:00:00,114,100,14,FMN 04 Jan Van Rijswijcklaan
652,Jan van Rijswijcklaan 159-171,2023-08-09,13:00:00,119,104,15,FMN 04 Jan Van Rijswijcklaan
652,Jan van Rijswijcklaan 159-171,2023-08-09,14:00:00,120,107,13,FMN 04 Jan Van Rijswijcklaan
652,Jan van Rijswijcklaan 159-171,2023-08-09,15:00:00,121,108,13,FMN 04 Jan Van Rijswijcklaan
652,Jan van Rijswijcklaan 159-171,2023-08-09,16:00:00,183,165,18,FMN 04 Jan Van Rijswijcklaan
652,Jan van Rijswijcklaan 159-171,2023-08-09,17:00:00,231,201,30,FMN 04 Jan Van Rijswijcklaan
652,Jan van Rijswijcklaan 159-171,2023-08-09,18:00:00,192,173,19,FMN 04 Jan Van Rijswijcklaan
652,Jan van Rijswijcklaan 159-171,2023-08-09,19:00:00,121,106,15,FMN 04 Jan Van Rijswijcklaan
652,Jan van Rijswijcklaan 159-171,2023-08-09,20:00:00,107,92,15,FMN 04 Jan Van Rijswijcklaan
652,Jan van Rijswijcklaan 159-171,2023-08-09,21:00:00,62,56,6,FMN 04 Jan Van Rijswijcklaan
652,Jan van Rijswijcklaan 159-171,2023-08-09,22:00:00,75,64,11,FMN 04 Jan Van Rijswijcklaan
652,Jan van Rijswijcklaan 159-171,2023-08-09,23:00:00,45,33,12,FMN 04 Jan Van Rijswijcklaan
652,Jan van Rijswijcklaan 159-171,2023-08-10,00:00:00,22,18,4,FMN 04 Jan Van Rijswijcklaan
652,Jan van Rijswijcklaan 159-171,2023-08-10,01:00:00,6,5,1,FMN 04 Jan Van Rijswijcklaan
652,Jan van Rijswijcklaan 159-171,2023-08-10,02:00:00,3,3,0,FMN 04 Jan Van Rijswijcklaan
652,Jan van Rijswijcklaan 159-171,2023-08-10,03:00:00,3,2,1,FMN 04 Jan Van Rijswijcklaan
652,Jan van Rijswijcklaan 159-171,2023-08-10,04:00:00,9,9,0,FMN 04 Jan Van Rijswijcklaan
652,Jan van Rijswijcklaan 159-171,2023-08-10,05:00:00,28,23,5,FMN 04 Jan Van Rijswijcklaan
652,Jan van Rijswijcklaan 159-171,2023-08-10,06:00:00,59,49,10,FMN 04 Jan Van Rijswijcklaan
652,Jan van Rijswijcklaan 159-171,2023-08-10,07:00:00,119,109,10,FMN 04 Jan Van Rijswijcklaan
652,Jan van Rijswijcklaan 159-171,2023-08-10,08:00:00,230,216,14,FMN 04 Jan Van Rijswijcklaan
652,Jan van Rijswijcklaan 159-171,2023-08-10,09:00:00,129,116,13,FMN 04 Jan Van Rijswijcklaan
652,Jan van Rijswijcklaan 159-171,2023-08-10,10:00:00,101,92,9,FMN 04 Jan Van Rijswijcklaan
652,Jan van Rijswijcklaan 159-171,2023-08-10,11:00:00,98,94,4,FMN 04 Jan Van Rijswijcklaan
652,Jan van Rijswijcklaan 159-171,2023-08-10,12:00:00,125,101,24,FMN 04 Jan Van Rijswijcklaan
652,Jan van Rijswijcklaan 159-171,2023-08-10,13:00:00,109,87,22,FMN 04 Jan Van Rijswijcklaan
652,Jan van Rijswijcklaan 159-171,2023-08-10,14:00:00,139,123,16,FMN 04 Jan Van Rijswijcklaan
652,Jan van Rijswijcklaan 159-171,2023-08-10,15:00:00,132,122,10,FMN 04 Jan Van Rijswijcklaan
652,Jan van Rijswijcklaan 159-171,2023-08-10,16:00:00,175,160,15,FMN 04 Jan Van Rijswijcklaan
652,Jan van Rijswijcklaan 159-171,2023-08-10,17:00:00,240,206,34,FMN 04 Jan Van Rijswijcklaan
652,Jan van Rijswijcklaan 159-171,2023-08-10,18:00:00,169,144,25,FMN 04 Jan Van Rijswijcklaan
652,Jan van Rijswijcklaan 159-171,2023-08-10,19:00:00,149,120,29,FMN 04 Jan Van Rijswijcklaan
652,Jan van Rijswijcklaan 159-171,2023-08-10,20:00:00,111,94,17,FMN 04 Jan Van Rijswijcklaan
652,Jan van Rijswijcklaan 159-171,2023-08-10,21:00:00,77,68,9,FMN 04 Jan Van Rijswijcklaan
652,Jan van Rijswijcklaan 159-171,2023-08-10,22:00:00,127,115,12,FMN 04 Jan Van Rijswijcklaan
652,Jan van Rijswijcklaan 159-171,2023-08-10,23:00:00,44,30,14,FMN 04 Jan Van Rijswijcklaan
652,Jan van Rijswijcklaan 159-171,2023-08-11,00:00:00,23,19,4,FMN 04 Jan Van Rijswijcklaan
652,Jan van Rijswijcklaan 159-171,2023-08-11,01:00:00,13,7,6,FMN 04 Jan Van Rijswijcklaan
652,Jan van Rijswijcklaan 159-171,2023-08-11,02:00:00,5,2,3,FMN 04 Jan Van Rijswijcklaan
652,Jan van Rijswijcklaan 159-171,2023-08-11,03:00:00,1,1,0,FMN 04 Jan Van Rijswijcklaan
652,Jan van Rijswijcklaan 159-171,2023-08-11,04:00:00,13,11,2,FMN 04 Jan Van Rijswijcklaan
652,Jan van Rijswijcklaan 159-171,2023-08-11,05:00:00,23,20,3,FMN 04 Jan Van Rijswijcklaan
652,Jan van Rijswijcklaan 159-171,2023-08-11,06:00:00,54,45,9,FMN 04 Jan Van Rijswijcklaan
652,Jan van Rijswijcklaan 159-171,2023-08-11,07:00:00,103,90,13,FMN 04 Jan Van Rijswijcklaan
652,Jan van Rijswijcklaan 159-171,2023-08-11,08:00:00,162,153,9,FMN 04 Jan Van Rijswijcklaan
652,Jan van Rijswijcklaan 159-171,2023-08-11,09:00:00,117,110,7,FMN 04 Jan Van Rijswijcklaan
652,Jan van Rijswijcklaan 159-171,2023-08-11,10:00:00,77,72,5,FMN 04 Jan Van Rijswijcklaan
652,Jan van Rijswijcklaan 159-171,2023-08-11,11:00:00,105,92,13,FMN 04 Jan Van Rijswijcklaan
652,Jan van Rijswijcklaan 159-171,2023-08-11,12:00:00,112,93,19,FMN 04 Jan Van Rijswijcklaan
652,Jan van Rijswijcklaan 159-171,2023-08-11,13:00:00,124,108,16,FMN 04 Jan Van Rijswijcklaan
652,Jan van Rijswijcklaan 159-171,2023-08-11,14:00:00,131,116,15,FMN 04 Jan Van Rijswijcklaan
652,Jan van Rijswijcklaan 159-171,2023-08-11,15:00:00,109,98,11,FMN 04 Jan Van Rijswijcklaan
652,Jan van Rijswijcklaan 159-171,2023-08-11,16:00:00,185,170,15,FMN 04 Jan Van Rijswijcklaan
652,Jan van Rijswijcklaan 159-171,2023-08-11,17:00:00,173,149,24,FMN 04 Jan Van Rijswijcklaan
652,Jan van Rijswijcklaan 159-171,2023-08-11,18:00:00,148,128,20,FMN 04 Jan Van Rijswijcklaan
652,Jan van Rijswijcklaan 159-171,2023-08-11,19:00:00,94,81,13,FMN 04 Jan Van Rijswijcklaan
652,Jan van Rijswijcklaan 159-171,2023-08-11,20:00:00,77,61,16,FMN 04 Jan Van Rijswijcklaan
652,Jan van Rijswijcklaan 159-171,2023-08-11,21:00:00,72,63,9,FMN 04 Jan Van Rijswijcklaan
652,Jan van Rijswijcklaan 159-171,2023-08-11,22:00:00,65,49,16,FMN 04 Jan Van Rijswijcklaan
652,Jan van Rijswijcklaan 159-171,2023-08-11,23:00:00,31,28,3,FMN 04 Jan Van Rijswijcklaan
652,Jan van Rijswijcklaan 159-171,2023-08-12,00:00:00,51,43,8,FMN 04 Jan Van Rijswijcklaan
652,Jan van Rijswijcklaan 159-171,2023-08-12,01:00:00,23,19,4,FMN 04 Jan Van Rijswijcklaan
652,Jan van Rijswijcklaan 159-171,2023-08-12,02:00:00,15,14,1,FMN 04 Jan Van Rijswijcklaan
652,Jan van Rijswijcklaan 159-171,2023-08-12,03:00:00,5,4,1,FMN 04 Jan Van Rijswijcklaan
652,Jan van Rijswijcklaan 159-171,2023-08-12,04:00:00,6,4,2,FMN 04 Jan Van Rijswijcklaan
652,Jan van Rijswijcklaan 159-171,2023-08-12,05:00:00,8,7,1,FMN 04 Jan Van Rijswijcklaan
652,Jan van Rijswijcklaan 159-171,2023-08-12,06:00:00,10,8,2,FMN 04 Jan Van Rijswijcklaan
652,Jan van Rijswijcklaan 159-171,2023-08-12,07:00:00,17,14,3,FMN 04 Jan Van Rijswijcklaan
652,Jan van Rijswijcklaan 159-171,2023-08-12,08:00:00,17,17,0,FMN 04 Jan Van Rijswijcklaan
652,Jan van Rijswijcklaan 159-171,2023-08-12,09:00:00,49,43,6,FMN 04 Jan Van Rijswijcklaan
652,Jan van Rijswijcklaan 159-171,2023-08-12,10:00:00,68,61,7,FMN 04 Jan Van Rijswijcklaan
652,Jan van Rijswijcklaan 159-171,2023-08-12,11:00:00,76,68,8,FMN 04 Jan Van Rijswijcklaan
652,Jan van Rijswijcklaan 159-171,2023-08-12,12:00:00,90,78,12,FMN 04 Jan Van Rijswijcklaan
652,Jan van Rijswijcklaan 159-171,2023-08-12,13:00:00,116,101,15,FMN 04 Jan Van Rijswijcklaan
652,Jan van Rijswijcklaan 159-171,2023-08-12,14:00:00,111,101,10,FMN 04 Jan Van Rijswijcklaan
652,Jan van Rijswijcklaan 159-171,2023-08-12,15:00:00,85,73,12,FMN 04 Jan Van Rijswijcklaan
652,Jan van Rijswijcklaan 159-171,2023-08-12,16:00:00,83,70,13,FMN 04 Jan Van Rijswijcklaan
652,Jan van Rijswijcklaan 159-171,2023-08-12,17:00:00,78,69,9,FMN 04 Jan Van Rijswijcklaan
652,Jan van Rijswijcklaan 159-171,2023-08-12,18:00:00,94,83,11,FMN 04 Jan Van Rijswijcklaan
652,Jan van Rijswijcklaan 159-171,2023-08-12,19:00:00,52,46,6,FMN 04 Jan Van Rijswijcklaan
652,Jan van Rijswijcklaan 159-171,2023-08-12,20:00:00,64,59,5,FMN 04 Jan Van Rijswijcklaan
652,Jan van Rijswijcklaan 159-171,2023-08-12,21:00:00,62,51,11,FMN 04 Jan Van Rijswijcklaan
652,Jan van Rijswijcklaan 159-171,2023-08-12,22:00:00,45,40,5,FMN 04 Jan Van Rijswijcklaan
652,Jan van Rijswijcklaan 159-171,2023-08-12,23:00:00,41,33,8,FMN 04 Jan Van Rijswijcklaan
652,Jan van Rijswijcklaan 159-171,2023-08-13,00:00:00,29,27,2,FMN 04 Jan Van Rijswijcklaan
652,Jan van Rijswijcklaan 159-171,2023-08-13,01:00:00,45,39,6,FMN 04 Jan Van Rijswijcklaan
652,Jan van Rijswijcklaan 159-171,2023-08-13,02:00:00,16,13,3,FMN 04 Jan Van Rijswijcklaan
652,Jan van Rijswijcklaan 159-171,2023-08-13,03:00:00,10,9,1,FMN 04 Jan Van Rijswijcklaan
652,Jan van Rijswijcklaan 159-171,2023-08-13,04:00:00,8,8,0,FMN 04 Jan Van Rijswijcklaan
652,Jan van Rijswijcklaan 159-171,2023-08-13,05:00:00,5,4,1,FMN 04 Jan Van Rijswijcklaan
652,Jan van Rijswijcklaan 159-171,2023-08-13,06:00:00,11,8,3,FMN 04 Jan Van Rijswijcklaan
652,Jan van Rijswijcklaan 159-171,2023-08-13,07:00:00,9,6,3,FMN 04 Jan Van Rijswijcklaan
652,Jan van Rijswijcklaan 159-171,2023-08-13,08:00:00,23,19,4,FMN 04 Jan Van Rijswijcklaan
652,Jan van Rijswijcklaan 159-171,2023-08-13,09:00:00,49,43,6,FMN 04 Jan Van Rijswijcklaan
652,Jan van Rijswijcklaan 159-171,2023-08-13,10:00:00,58,49,9,FMN 04 Jan Van Rijswijcklaan
652,Jan van Rijswijcklaan 159-171,2023-08-13,11:00:00,71,59,12,FMN 04 Jan Van Rijswijcklaan
652,Jan van Rijswijcklaan 159-171,2023-08-13,12:00:00,95,78,17,FMN 04 Jan Van Rijswijcklaan
652,Jan van Rijswijcklaan 159-171,2023-08-13,13:00:00,89,72,17,FMN 04 Jan Van Rijswijcklaan
652,Jan van Rijswijcklaan 159-171,2023-08-13,14:00:00,101,86,15,FMN 04 Jan Van Rijswijcklaan
652,Jan van Rijswijcklaan 159-171,2023-08-13,15:00:00,84,68,16,FMN 04 Jan Van Rijswijcklaan
652,Jan van Rijswijcklaan 159-171,2023-08-13,16:00:00,71,64,7,FMN 04 Jan Van Rijswijcklaan
652,Jan van Rijswijcklaan 159-171,2023-08-13,17:00:00,67,53,14,FMN 04 Jan Van Rijswijcklaan
652,Jan van Rijswijcklaan 159-171,2023-08-13,18:00:00,97,80,17,FMN 04 Jan Van Rijswijcklaan
652,Jan van Rijswijcklaan 159-171,2023-08-13,19:00:00,79,59,20,FMN 04 Jan Van Rijswijcklaan
652,Jan van Rijswijcklaan 159-171,2023-08-13,20:00:00,56,46,10,FMN 04 Jan Van Rijswijcklaan
652,Jan van Rijswijcklaan 159-171,2023-08-13,21:00:00,58,48,10,FMN 04 Jan Van Rijswijcklaan
652,Jan van Rijswijcklaan 159-171,2023-08-13,22:00:00,34,26,8,FMN 04 Jan Van Rijswijcklaan
652,Jan van Rijswijcklaan 159-171,2023-08-13,23:00:00,38,37,1,FMN 04 Jan Van Rijswijcklaan
652,Jan van Rijswijcklaan 159-171,2023-08-14,00:00:00,8,7,1,FMN 04 Jan Van Rijswijcklaan
652,Jan van Rijswijcklaan 159-171,2023-08-14,01:00:00,14,14,0,FMN 04 Jan Van Rijswijcklaan
652,Jan van Rijswijcklaan 159-171,2023-08-14,02:00:00,4,4,0,FMN 04 Jan Van Rijswijcklaan
652,Jan van Rijswijcklaan 159-171,2023-08-14,03:00:00,11,6,5,FMN 04 Jan Van Rijswijcklaan
652,Jan van Rijswijcklaan 159-171,2023-08-14,04:00:00,6,6,0,FMN 04 Jan Van Rijswijcklaan
652,Jan van Rijswijcklaan 159-171,2023-08-14,05:00:00,17,15,2,FMN 04 Jan Van Rijswijcklaan
652,Jan van Rijswijcklaan 159-171,2023-08-14,06:00:00,50,41,9,FMN 04 Jan Van Rijswijcklaan
652,Jan van Rijswijcklaan 159-171,2023-08-14,07:00:00,77,71,6,FMN 04 Jan Van Rijswijcklaan
652,Jan van Rijswijcklaan 159-171,2023-08-14,08:00:00,108,106,2,FMN 04 Jan Van Rijswijcklaan
652,Jan van Rijswijcklaan 159-171,2023-08-14,09:00:00,79,73,6,FMN 04 Jan Van Rijswijcklaan
652,Jan van Rijswijcklaan 159-171,2023-08-14,10:00:00,76,66,10,FMN 04 Jan Van Rijswijcklaan
652,Jan van Rijswijcklaan 159-171,2023-08-14,11:00:00,100,92,8,FMN 04 Jan Van Rijswijcklaan
652,Jan van Rijswijcklaan 159-171,2023-08-14,12:00:00,95,84,11,FMN 04 Jan Van Rijswijcklaan
652,Jan van Rijswijcklaan 159-171,2023-08-14,13:00:00,129,105,24,FMN 04 Jan Van Rijswijcklaan
652,Jan van Rijswijcklaan 159-171,2023-08-14,14:00:00,132,118,14,FMN 04 Jan Van Rijswijcklaan
652,Jan van Rijswijcklaan 159-171,2023-08-14,15:00:00,132,116,16,FMN 04 Jan Van Rijswijcklaan
652,Jan van Rijswijcklaan 159-171,2023-08-14,16:00:00,164,147,17,FMN 04 Jan Van Rijswijcklaan
652,Jan van Rijswijcklaan 159-171,2023-08-14,17:00:00,142,121,21,FMN 04 Jan Van Rijswijcklaan
652,Jan van Rijswijcklaan 159-171,2023-08-14,18:00:00,151,120,31,FMN 04 Jan Van Rijswijcklaan
652,Jan van Rijswijcklaan 159-171,2023-08-14,19:00:00,94,81,13,FMN 04 Jan Van Rijswijcklaan
652,Jan van Rijswijcklaan 159-171,2023-08-14,20:00:00,95,76,19,FMN 04 Jan Van Rijswijcklaan
652,Jan van Rijswijcklaan 159-171,2023-08-14,21:00:00,74,59,15,FMN 04 Jan Van Rijswijcklaan
652,Jan van Rijswijcklaan 159-171,2023-08-14,22:00:00,55,43,12,FMN 04 Jan Van Rijswijcklaan
652,Jan van Rijswijcklaan 159-171,2023-08-14,23:00:00,51,45,6,FMN 04 Jan Van Rijswijcklaan
652,Jan van Rijswijcklaan 159-171,2023-08-15,00:00:00,20,17,3,FMN 04 Jan Van Rijswijcklaan
652,Jan van Rijswijcklaan 159-171,2023-08-15,01:00:00,15,15,0,FMN 04 Jan Van Rijswijcklaan
652,Jan van Rijswijcklaan 159-171,2023-08-15,02:00:00,10,9,1,FMN 04 Jan Van Rijswijcklaan
652,Jan van Rijswijcklaan 159-171,2023-08-15,03:00:00,12,10,2,FMN 04 Jan Van Rijswijcklaan
652,Jan van Rijswijcklaan 159-171,2023-08-15,04:00:00,9,7,2,FMN 04 Jan Van Rijswijcklaan
652,Jan van Rijswijcklaan 159-171,2023-08-15,05:00:00,5,4,1,FMN 04 Jan Van Rijswijcklaan
652,Jan van Rijswijcklaan 159-171,2023-08-15,06:00:00,16,14,2,FMN 04 Jan Van Rijswijcklaan
652,Jan van Rijswijcklaan 159-171,2023-08-15,07:00:00,22,21,1,FMN 04 Jan Van Rijswijcklaan
652,Jan van Rijswijcklaan 159-171,2023-08-15,08:00:00,26,25,1,FMN 04 Jan Van Rijswijcklaan
652,Jan van Rijswijcklaan 159-171,2023-08-15,09:00:00,66,66,0,FMN 04 Jan Van Rijswijcklaan
652,Jan van Rijswijcklaan 159-171,2023-08-15,10:00:00,73,66,7,FMN 04 Jan Van Rijswijcklaan
652,Jan van Rijswijcklaan 159-171,2023-08-15,11:00:00,103,89,14,FMN 04 Jan Van Rijswijcklaan
652,Jan van Rijswijcklaan 159-171,2023-08-15,12:00:00,97,87,10,FMN 04 Jan Van Rijswijcklaan
652,Jan van Rijswijcklaan 159-171,2023-08-15,13:00:00,103,92,11,FMN 04 Jan Van Rijswijcklaan
652,Jan van Rijswijcklaan 159-171,2023-08-15,14:00:00,88,79,9,FMN 04 Jan Van Rijswijcklaan
652,Jan van Rijswijcklaan 159-171,2023-08-15,15:00:00,87,71,16,FMN 04 Jan Van Rijswijcklaan
652,Jan van Rijswijcklaan 159-171,2023-08-15,16:00:00,95,85,10,FMN 04 Jan Van Rijswijcklaan
652,Jan van Rijswijcklaan 159-171,2023-08-15,17:00:00,104,86,18,FMN 04 Jan Van Rijswijcklaan
652,Jan van Rijswijcklaan 159-171,2023-08-15,18:00:00,91,66,25,FMN 04 Jan Van Rijswijcklaan
652,Jan van Rijswijcklaan 159-171,2023-08-15,19:00:00,59,48,11,FMN 04 Jan Van Rijswijcklaan
652,Jan van Rijswijcklaan 159-171,2023-08-15,20:00:00,60,50,10,FMN 04 Jan Van Rijswijcklaan
652,Jan van Rijswijcklaan 159-171,2023-08-15,21:00:00,68,48,20,FMN 04 Jan Van Rijswijcklaan
652,Jan van Rijswijcklaan 159-171,2023-08-15,22:00:00,52,40,12,FMN 04 Jan Van Rijswijcklaan
652,Jan van Rijswijcklaan 159-171,2023-08-15,23:00:00,31,25,6,FMN 04 Jan Van Rijswijcklaan
652,Jan van Rijswijcklaan 159-171,2023-08-16,00:00:00,21,21,0,FMN 04 Jan Van Rijswijcklaan
652,Jan van Rijswijcklaan 159-171,2023-08-16,01:00:00,3,2,1,FMN 04 Jan Van Rijswijcklaan
652,Jan van Rijswijcklaan 159-171,2023-08-16,02:00:00,5,5,0,FMN 04 Jan Van Rijswijcklaan
652,Jan van Rijswijcklaan 159-171,2023-08-16,03:00:00,5,2,3,FMN 04 Jan Van Rijswijcklaan
652,Jan van Rijswijcklaan 159-171,2023-08-16,04:00:00,9,8,1,FMN 04 Jan Van Rijswijcklaan
652,Jan van Rijswijcklaan 159-171,2023-08-16,05:00:00,31,24,7,FMN 04 Jan Van Rijswijcklaan
652,Jan van Rijswijcklaan 159-171,2023-08-16,06:00:00,55,45,10,FMN 04 Jan Van Rijswijcklaan
652,Jan van Rijswijcklaan 159-171,2023-08-16,07:00:00,117,107,10,FMN 04 Jan Van Rijswijcklaan
652,Jan van Rijswijcklaan 159-171,2023-08-16,08:00:00,214,206,8,FMN 04 Jan Van Rijswijcklaan
652,Jan van Rijswijcklaan 159-171,2023-08-16,09:00:00,128,121,7,FMN 04 Jan Van Rijswijcklaan
652,Jan van Rijswijcklaan 159-171,2023-08-16,10:00:00,104,95,9,FMN 04 Jan Van Rijswijcklaan
652,Jan van Rijswijcklaan 159-171,2023-08-16,11:00:00,110,97,13,FMN 04 Jan Van Rijswijcklaan
652,Jan van Rijswijcklaan 159-171,2023-08-16,12:00:00,110,97,13,FMN 04 Jan Van Rijswijcklaan
652,Jan van Rijswijcklaan 159-171,2023-08-16,13:00:00,134,115,19,FMN 04 Jan Van Rijswijcklaan
652,Jan van Rijswijcklaan 159-171,2023-08-16,14:00:00,137,126,11,FMN 04 Jan Van Rijswijcklaan
652,Jan van Rijswijcklaan 159-171,2023-08-16,15:00:00,147,136,11,FMN 04 Jan Van Rijswijcklaan
652,Jan van Rijswijcklaan 159-171,2023-08-16,16:00:00,175,148,27,FMN 04 Jan Van Rijswijcklaan
652,Jan van Rijswijcklaan 159-171,2023-08-16,17:00:00,226,198,28,FMN 04 Jan Van Rijswijcklaan
652,Jan van Rijswijcklaan 159-171,2023-08-16,18:00:00,164,150,14,FMN 04 Jan Van Rijswijcklaan
652,Jan van Rijswijcklaan 159-171,2023-08-16,19:00:00,107,83,24,FMN 04 Jan Van Rijswijcklaan
652,Jan van Rijswijcklaan 159-171,2023-08-16,20:00:00,116,87,29,FMN 04 Jan Van Rijswijcklaan
652,Jan van Rijswijcklaan 159-171,2023-08-16,21:00:00,76,65,11,FMN 04 Jan Van Rijswijcklaan
652,Jan van Rijswijcklaan 159-171,2023-08-16,22:00:00,64,55,9,FMN 04 Jan Van Rijswijcklaan
652,Jan van Rijswijcklaan 159-171,2023-08-16,23:00:00,36,29,7,FMN 04 Jan Van Rijswijcklaan
652,Jan van Rijswijcklaan 159-171,2023-08-17,00:00:00,13,7,6,FMN 04 Jan Van Rijswijcklaan
652,Jan van Rijswijcklaan 159-171,2023-08-17,01:00:00,10,7,3,FMN 04 Jan Van Rijswijcklaan
652,Jan van Rijswijcklaan 159-171,2023-08-17,02:00:00,3,3,0,FMN 04 Jan Van Rijswijcklaan
652,Jan van Rijswijcklaan 159-171,2023-08-17,03:00:00,3,3,0,FMN 04 Jan Van Rijswijcklaan
652,Jan van Rijswijcklaan 159-171,2023-08-17,04:00:00,9,7,2,FMN 04 Jan Van Rijswijcklaan
652,Jan van Rijswijcklaan 159-171,2023-08-17,05:00:00,18,14,4,FMN 04 Jan Van Rijswijcklaan
652,Jan van Rijswijcklaan 159-171,2023-08-17,06:00:00,57,49,8,FMN 04 Jan Van Rijswijcklaan
652,Jan van Rijswijcklaan 159-171,2023-08-17,07:00:00,117,106,11,FMN 04 Jan Van Rijswijcklaan
652,Jan van Rijswijcklaan 159-171,2023-08-17,08:00:00,235,219,16,FMN 04 Jan Van Rijswijcklaan
652,Jan van Rijswijcklaan 159-171,2023-08-17,09:00:00,134,127,7,FMN 04 Jan Van Rijswijcklaan
652,Jan van Rijswijcklaan 159-171,2023-08-17,10:00:00,88,79,9,FMN 04 Jan Van Rijswijcklaan
652,Jan van Rijswijcklaan 159-171,2023-08-17,11:00:00,97,83,14,FMN 04 Jan Van Rijswijcklaan
652,Jan van Rijswijcklaan 159-171,2023-08-17,12:00:00,123,104,19,FMN 04 Jan Van Rijswijcklaan
652,Jan van Rijswijcklaan 159-171,2023-08-17,13:00:00,97,87,10,FMN 04 Jan Van Rijswijcklaan
652,Jan van Rijswijcklaan 159-171,2023-08-17,14:00:00,129,120,9,FMN 04 Jan Van Rijswijcklaan
652,Jan van Rijswijcklaan 159-171,2023-08-17,15:00:00,126,102,24,FMN 04 Jan Van Rijswijcklaan
652,Jan van Rijswijcklaan 159-171,2023-08-17,16:00:00,203,179,24,FMN 04 Jan Van Rijswijcklaan
652,Jan van Rijswijcklaan 159-171,2023-08-17,17:00:00,240,216,24,FMN 04 Jan Van Rijswijcklaan
652,Jan van Rijswijcklaan 159-171,2023-08-17,18:00:00,165,144,21,FMN 04 Jan Van Rijswijcklaan
652,Jan van Rijswijcklaan 159-171,2023-08-17,19:00:00,124,109,15,FMN 04 Jan Van Rijswijcklaan
652,Jan van Rijswijcklaan 159-171,2023-08-17,20:00:00,116,96,20,FMN 04 Jan Van Rijswijcklaan
652,Jan van Rijswijcklaan 159-171,2023-08-17,21:00:00,67,52,15,FMN 04 Jan Van Rijswijcklaan
652,Jan van Rijswijcklaan 159-171,2023-08-17,22:00:00,66,52,14,FMN 04 Jan Van Rijswijcklaan
652,Jan van Rijswijcklaan 159-171,2023-08-17,23:00:00,42,30,12,FMN 04 Jan Van Rijswijcklaan
652,Jan van Rijswijcklaan 159-171,2023-08-18,00:00:00,43,33,10,FMN 04 Jan Van Rijswijcklaan
652,Jan van Rijswijcklaan 159-171,2023-08-18,01:00:00,10,9,1,FMN 04 Jan Van Rijswijcklaan
652,Jan van Rijswijcklaan 159-171,2023-08-18,02:00:00,5,3,2,FMN 04 Jan Van Rijswijcklaan
652,Jan van Rijswijcklaan 159-171,2023-08-18,03:00:00,3,3,0,FMN 04 Jan Van Rijswijcklaan
652,Jan van Rijswijcklaan 159-171,2023-08-18,04:00:00,7,4,3,FMN 04 Jan Van Rijswijcklaan
652,Jan van Rijswijcklaan 159-171,2023-08-18,05:00:00,13,10,3,FMN 04 Jan Van Rijswijcklaan
652,Jan van Rijswijcklaan 159-171,2023-08-18,06:00:00,59,55,4,FMN 04 Jan Van Rijswijcklaan
652,Jan van Rijswijcklaan 159-171,2023-08-18,07:00:00,98,90,8,FMN 04 Jan Van Rijswijcklaan
652,Jan van Rijswijcklaan 159-171,2023-08-18,08:00:00,182,169,13,FMN 04 Jan Van Rijswijcklaan
652,Jan van Rijswijcklaan 159-171,2023-08-18,09:00:00,141,130,11,FMN 04 Jan Van Rijswijcklaan
652,Jan van Rijswijcklaan 159-171,2023-08-18,10:00:00,105,95,10,FMN 04 Jan Van Rijswijcklaan
652,Jan van Rijswijcklaan 159-171,2023-08-18,11:00:00,95,88,7,FMN 04 Jan Van Rijswijcklaan
652,Jan van Rijswijcklaan 159-171,2023-08-18,12:00:00,106,96,10,FMN 04 Jan Van Rijswijcklaan
652,Jan van Rijswijcklaan 159-171,2023-08-18,13:00:00,106,99,7,FMN 04 Jan Van Rijswijcklaan
652,Jan van Rijswijcklaan 159-171,2023-08-18,14:00:00,144,130,14,FMN 04 Jan Van Rijswijcklaan
652,Jan van Rijswijcklaan 159-171,2023-08-18,15:00:00,126,111,15,FMN 04 Jan Van Rijswijcklaan
652,Jan van Rijswijcklaan 159-171,2023-08-18,16:00:00,176,153,23,FMN 04 Jan Van Rijswijcklaan
652,Jan van Rijswijcklaan 159-171,2023-08-18,17:00:00,208,174,34,FMN 04 Jan Van Rijswijcklaan
652,Jan van Rijswijcklaan 159-171,2023-08-18,18:00:00,202,170,32,FMN 04 Jan Van Rijswijcklaan
652,Jan van Rijswijcklaan 159-171,2023-08-18,19:00:00,134,122,12,FMN 04 Jan Van Rijswijcklaan
652,Jan van Rijswijcklaan 159-171,2023-08-18,20:00:00,139,128,11,FMN 04 Jan Van Rijswijcklaan
652,Jan van Rijswijcklaan 159-171,2023-08-18,21:00:00,104,93,11,FMN 04 Jan Van Rijswijcklaan
652,Jan van Rijswijcklaan 159-171,2023-08-18,22:00:00,54,49,5,FMN 04 Jan Van Rijswijcklaan
652,Jan van Rijswijcklaan 159-171,2023-08-18,23:00:00,45,34,11,FMN 04 Jan Van Rijswijcklaan
652,Jan van Rijswijcklaan 159-171,2023-08-19,00:00:00,32,28,4,FMN 04 Jan Van Rijswijcklaan
652,Jan van Rijswijcklaan 159-171,2023-08-19,01:00:00,17,12,5,FMN 04 Jan Van Rijswijcklaan
652,Jan van Rijswijcklaan 159-171,2023-08-19,02:00:00,22,18,4,FMN 04 Jan Van Rijswijcklaan
652,Jan van Rijswijcklaan 159-171,2023-08-19,03:00:00,6,2,4,FMN 04 Jan Van Rijswijcklaan
652,Jan van Rijswijcklaan 159-171,2023-08-19,04:00:00,9,6,3,FMN 04 Jan Van Rijswijcklaan
652,Jan van Rijswijcklaan 159-171,2023-08-19,05:00:00,10,6,4,FMN 04 Jan Van Rijswijcklaan
652,Jan van Rijswijcklaan 159-171,2023-08-19,06:00:00,16,14,2,FMN 04 Jan Van Rijswijcklaan
652,Jan van Rijswijcklaan 159-171,2023-08-19,07:00:00,15,13,2,FMN 04 Jan Van Rijswijcklaan
652,Jan van Rijswijcklaan 159-171,2023-08-19,08:00:00,38,30,8,FMN 04 Jan Van Rijswijcklaan
652,Jan van Rijswijcklaan 159-171,2023-08-19,09:00:00,64,52,12,FMN 04 Jan Van Rijswijcklaan
652,Jan van Rijswijcklaan 159-171,2023-08-19,10:00:00,97,80,17,FMN 04 Jan Van Rijswijcklaan
652,Jan van Rijswijcklaan 159-171,2023-08-19,11:00:00,98,87,11,FMN 04 Jan Van Rijswijcklaan
652,Jan van Rijswijcklaan 159-171,2023-08-19,12:00:00,114,100,14,FMN 04 Jan Van Rijswijcklaan
652,Jan van Rijswijcklaan 159-171,2023-08-19,13:00:00,110,96,14,FMN 04 Jan Van Rijswijcklaan
652,Jan van Rijswijcklaan 159-171,2023-08-19,14:00:00,111,103,8,FMN 04 Jan Van Rijswijcklaan
652,Jan van Rijswijcklaan 159-171,2023-08-19,15:00:00,129,106,23,FMN 04 Jan Van Rijswijcklaan
652,Jan van Rijswijcklaan 159-171,2023-08-19,16:00:00,99,92,7,FMN 04 Jan Van Rijswijcklaan
652,Jan van Rijswijcklaan 159-171,2023-08-19,17:00:00,119,106,13,FMN 04 Jan Van Rijswijcklaan
652,Jan van Rijswijcklaan 159-171,2023-08-19,18:00:00,173,160,13,FMN 04 Jan Van Rijswijcklaan
652,Jan van Rijswijcklaan 159-171,2023-08-19,19:00:00,126,117,9,FMN 04 Jan Van Rijswijcklaan
652,Jan van Rijswijcklaan 159-171,2023-08-19,20:00:00,134,120,14,FMN 04 Jan Van Rijswijcklaan
652,Jan van Rijswijcklaan 159-171,2023-08-19,21:00:00,82,64,18,FMN 04 Jan Van Rijswijcklaan
652,Jan van Rijswijcklaan 159-171,2023-08-19,22:00:00,55,50,5,FMN 04 Jan Van Rijswijcklaan
652,Jan van Rijswijcklaan 159-171,2023-08-19,23:00:00,50,32,18,FMN 04 Jan Van Rijswijcklaan
652,Jan van Rijswijcklaan 159-171,2023-08-20,00:00:00,36,32,4,FMN 04 Jan Van Rijswijcklaan
652,Jan van Rijswijcklaan 159-171,2023-08-20,01:00:00,14,14,0,FMN 04 Jan Van Rijswijcklaan
652,Jan van Rijswijcklaan 159-171,2023-08-20,02:00:00,15,11,4,FMN 04 Jan Van Rijswijcklaan
652,Jan van Rijswijcklaan 159-171,2023-08-20,03:00:00,11,7,4,FMN 04 Jan Van Rijswijcklaan
652,Jan van Rijswijcklaan 159-171,2023-08-20,04:00:00,9,7,2,FMN 04 Jan Van Rijswijcklaan
652,Jan van Rijswijcklaan 159-171,2023-08-20,05:00:00,6,5,1,FMN 04 Jan Van Rijswijcklaan
652,Jan van Rijswijcklaan 159-171,2023-08-20,06:00:00,13,10,3,FMN 04 Jan Van Rijswijcklaan
652,Jan van Rijswijcklaan 159-171,2023-08-20,07:00:00,16,15,1,FMN 04 Jan Van Rijswijcklaan
652,Jan van Rijswijcklaan 159-171,2023-08-20,08:00:00,23,19,4,FMN 04 Jan Van Rijswijcklaan
652,Jan van Rijswijcklaan 159-171,2023-08-20,09:00:00,72,62,10,FMN 04 Jan Van Rijswijcklaan
652,Jan van Rijswijcklaan 159-171,2023-08-20,10:00:00,57,47,10,FMN 04 Jan Van Rijswijcklaan
652,Jan van Rijswijcklaan 159-171,2023-08-20,11:00:00,98,90,8,FMN 04 Jan Van Rijswijcklaan
652,Jan van Rijswijcklaan 159-171,2023-08-20,12:00:00,105,99,6,FMN 04 Jan Van Rijswijcklaan
652,Jan van Rijswijcklaan 159-171,2023-08-20,13:00:00,132,120,12,FMN 04 Jan Van Rijswijcklaan
652,Jan van Rijswijcklaan 159-171,2023-08-20,14:00:00,107,89,18,FMN 04 Jan Van Rijswijcklaan
652,Jan van Rijswijcklaan 159-171,2023-08-20,15:00:00,134,119,15,FMN 04 Jan Van Rijswijcklaan
652,Jan van Rijswijcklaan 159-171,2023-08-20,16:00:00,117,89,28,FMN 04 Jan Van Rijswijcklaan
652,Jan van Rijswijcklaan 159-171,2023-08-20,17:00:00,91,75,16,FMN 04 Jan Van Rijswijcklaan
652,Jan van Rijswijcklaan 159-171,2023-08-20,18:00:00,123,109,14,FMN 04 Jan Van Rijswijcklaan
652,Jan van Rijswijcklaan 159-171,2023-08-20,19:00:00,95,74,21,FMN 04 Jan Van Rijswijcklaan
652,Jan van Rijswijcklaan 159-171,2023-08-20,20:00:00,77,69,8,FMN 04 Jan Van Rijswijcklaan
652,Jan van Rijswijcklaan 159-171,2023-08-20,21:00:00,70,52,18,FMN 04 Jan Van Rijswijcklaan
652,Jan van Rijswijcklaan 159-171,2023-08-20,22:00:00,45,38,7,FMN 04 Jan Van Rijswijcklaan
652,Jan van Rijswijcklaan 159-171,2023-08-20,23:00:00,22,19,3,FMN 04 Jan Van Rijswijcklaan
652,Jan van Rijswijcklaan 159-171,2023-08-21,00:00:00,13,9,4,FMN 04 Jan Van Rijswijcklaan
652,Jan van Rijswijcklaan 159-171,2023-08-21,01:00:00,8,7,1,FMN 04 Jan Van Rijswijcklaan
652,Jan van Rijswijcklaan 159-171,2023-08-21,02:00:00,4,3,1,FMN 04 Jan Van Rijswijcklaan
652,Jan van Rijswijcklaan 159-171,2023-08-21,03:00:00,4,3,1,FMN 04 Jan Van Rijswijcklaan
652,Jan van Rijswijcklaan 159-171,2023-08-21,04:00:00,13,13,0,FMN 04 Jan Van Rijswijcklaan
652,Jan van Rijswijcklaan 159-171,2023-08-21,05:00:00,23,20,3,FMN 04 Jan Van Rijswijcklaan
652,Jan van Rijswijcklaan 159-171,2023-08-21,06:00:00,69,62,7,FMN 04 Jan Van Rijswijcklaan
652,Jan van Rijswijcklaan 159-171,2023-08-21,07:00:00,129,118,11,FMN 04 Jan Van Rijswijcklaan
652,Jan van Rijswijcklaan 159-171,2023-08-21,08:00:00,269,256,13,FMN 04 Jan Van Rijswijcklaan
652,Jan van Rijswijcklaan 159-171,2023-08-21,09:00:00,161,151,10,FMN 04 Jan Van Rijswijcklaan
652,Jan van Rijswijcklaan 159-171,2023-08-21,10:00:00,124,109,15,FMN 04 Jan Van Rijswijcklaan
652,Jan van Rijswijcklaan 159-171,2023-08-21,11:00:00,102,86,16,FMN 04 Jan Van Rijswijcklaan
652,Jan van Rijswijcklaan 159-171,2023-08-21,12:00:00,103,85,18,FMN 04 Jan Van Rijswijcklaan
652,Jan van Rijswijcklaan 159-171,2023-08-21,13:00:00,121,91,30,FMN 04 Jan Van Rijswijcklaan
652,Jan van Rijswijcklaan 159-171,2023-08-21,14:00:00,108,94,14,FMN 04 Jan Van Rijswijcklaan
652,Jan van Rijswijcklaan 159-171,2023-08-21,15:00:00,139,120,19,FMN 04 Jan Van Rijswijcklaan
652,Jan van Rijswijcklaan 159-171,2023-08-21,16:00:00,206,177,29,FMN 04 Jan Van Rijswijcklaan
652,Jan van Rijswijcklaan 159-171,2023-08-21,17:00:00,256,219,37,FMN 04 Jan Van Rijswijcklaan
652,Jan van Rijswijcklaan 159-171,2023-08-21,18:00:00,202,175,27,FMN 04 Jan Van Rijswijcklaan
652,Jan van Rijswijcklaan 159-171,2023-08-21,19:00:00,113,98,15,FMN 04 Jan Van Rijswijcklaan
652,Jan van Rijswijcklaan 159-171,2023-08-21,20:00:00,109,89,20,FMN 04 Jan Van Rijswijcklaan
652,Jan van Rijswijcklaan 159-171,2023-08-21,21:00:00,66,44,22,FMN 04 Jan Van Rijswijcklaan
652,Jan van Rijswijcklaan 159-171,2023-08-21,22:00:00,103,87,16,FMN 04 Jan Van Rijswijcklaan
652,Jan van Rijswijcklaan 159-171,2023-08-21,23:00:00,27,26,1,FMN 04 Jan Van Rijswijcklaan
652,Jan van Rijswijcklaan 159-171,2023-08-22,00:00:00,12,9,3,FMN 04 Jan Van Rijswijcklaan
652,Jan van Rijswijcklaan 159-171,2023-08-22,01:00:00,11,8,3,FMN 04 Jan Van Rijswijcklaan
652,Jan van Rijswijcklaan 159-171,2023-08-22,02:00:00,4,4,0,FMN 04 Jan Van Rijswijcklaan
652,Jan van Rijswijcklaan 159-171,2023-08-22,03:00:00,3,2,1,FMN 04 Jan Van Rijswijcklaan
652,Jan van Rijswijcklaan 159-171,2023-08-22,04:00:00,7,6,1,FMN 04 Jan Van Rijswijcklaan
652,Jan van Rijswijcklaan 159-171,2023-08-22,05:00:00,24,20,4,FMN 04 Jan Van Rijswijcklaan
652,Jan van Rijswijcklaan 159-171,2023-08-22,06:00:00,69,64,5,FMN 04 Jan Van Rijswijcklaan
652,Jan van Rijswijcklaan 159-171,2023-08-22,07:00:00,136,124,12,FMN 04 Jan Van Rijswijcklaan
652,Jan van Rijswijcklaan 159-171,2023-08-22,08:00:00,265,245,20,FMN 04 Jan Van Rijswijcklaan
652,Jan van Rijswijcklaan 159-171,2023-08-22,09:00:00,138,129,9,FMN 04 Jan Van Rijswijcklaan
652,Jan van Rijswijcklaan 159-171,2023-08-22,10:00:00,95,86,9,FMN 04 Jan Van Rijswijcklaan
652,Jan van Rijswijcklaan 159-171,2023-08-22,11:00:00,75,61,14,FMN 04 Jan Van Rijswijcklaan
652,Jan van Rijswijcklaan 159-171,2023-08-22,12:00:00,128,112,16,FMN 04 Jan Van Rijswijcklaan
652,Jan van Rijswijcklaan 159-171,2023-08-22,13:00:00,104,86,18,FMN 04 Jan Van Rijswijcklaan
652,Jan van Rijswijcklaan 159-171,2023-08-22,14:00:00,100,94,6,FMN 04 Jan Van Rijswijcklaan
652,Jan van Rijswijcklaan 159-171,2023-08-22,15:00:00,98,90,8,FMN 04 Jan Van Rijswijcklaan
652,Jan van Rijswijcklaan 159-171,2023-08-22,16:00:00,182,165,17,FMN 04 Jan Van Rijswijcklaan
652,Jan van Rijswijcklaan 159-171,2023-08-22,17:00:00,297,269,28,FMN 04 Jan Van Rijswijcklaan
652,Jan van Rijswijcklaan 159-171,2023-08-22,18:00:00,163,137,26,FMN 04 Jan Van Rijswijcklaan
652,Jan van Rijswijcklaan 159-171,2023-08-22,19:00:00,118,93,25,FMN 04 Jan Van Rijswijcklaan
652,Jan van Rijswijcklaan 159-171,2023-08-22,20:00:00,115,92,23,FMN 04 Jan Van Rijswijcklaan
652,Jan van Rijswijcklaan 159-171,2023-08-22,21:00:00,86,68,18,FMN 04 Jan Van Rijswijcklaan
652,Jan van Rijswijcklaan 159-171,2023-08-22,22:00:00,101,85,16,FMN 04 Jan Van Rijswijcklaan
652,Jan van Rijswijcklaan 159-171,2023-08-22,23:00:00,52,37,15,FMN 04 Jan Van Rijswijcklaan
652,Jan van Rijswijcklaan 159-171,2023-08-23,00:00:00,22,18,4,FMN 04 Jan Van Rijswijcklaan
652,Jan van Rijswijcklaan 159-171,2023-08-23,01:00:00,10,8,2,FMN 04 Jan Van Rijswijcklaan
652,Jan van Rijswijcklaan 159-171,2023-08-23,02:00:00,3,2,1,FMN 04 Jan Van Rijswijcklaan
652,Jan van Rijswijcklaan 159-171,2023-08-23,03:00:00,3,2,1,FMN 04 Jan Van Rijswijcklaan
652,Jan van Rijswijcklaan 159-171,2023-08-23,04:00:00,10,9,1,FMN 04 Jan Van Rijswijcklaan
652,Jan van Rijswijcklaan 159-171,2023-08-23,05:00:00,22,15,7,FMN 04 Jan Van Rijswijcklaan
652,Jan van Rijswijcklaan 159-171,2023-08-23,06:00:00,47,43,4,FMN 04 Jan Van Rijswijcklaan
652,Jan van Rijswijcklaan 159-171,2023-08-23,07:00:00,109,98,11,FMN 04 Jan Van Rijswijcklaan
652,Jan van Rijswijcklaan 159-171,2023-08-23,08:00:00,229,208,21,FMN 04 Jan Van Rijswijcklaan
652,Jan van Rijswijcklaan 159-171,2023-08-23,09:00:00,146,130,16,FMN 04 Jan Van Rijswijcklaan
652,Jan van Rijswijcklaan 159-171,2023-08-23,10:00:00,86,80,6,FMN 04 Jan Van Rijswijcklaan
652,Jan van Rijswijcklaan 159-171,2023-08-23,11:00:00,105,103,2,FMN 04 Jan Van Rijswijcklaan
652,Jan van Rijswijcklaan 159-171,2023-08-23,12:00:00,107,93,14,FMN 04 Jan Van Rijswijcklaan
652,Jan van Rijswijcklaan 159-171,2023-08-23,13:00:00,123,100,23,FMN 04 Jan Van Rijswijcklaan
652,Jan van Rijswijcklaan 159-171,2023-08-23,14:00:00,112,98,14,FMN 04 Jan Van Rijswijcklaan
652,Jan van Rijswijcklaan 159-171,2023-08-23,15:00:00,136,117,19,FMN 04 Jan Van Rijswijcklaan
652,Jan van Rijswijcklaan 159-171,2023-08-23,16:00:00,196,171,25,FMN 04 Jan Van Rijswijcklaan
652,Jan van Rijswijcklaan 159-171,2023-08-23,17:00:00,241,201,40,FMN 04 Jan Van Rijswijcklaan
652,Jan van Rijswijcklaan 159-171,2023-08-23,18:00:00,187,161,26,FMN 04 Jan Van Rijswijcklaan
652,Jan van Rijswijcklaan 159-171,2023-08-23,19:00:00,120,104,16,FMN 04 Jan Van Rijswijcklaan
652,Jan van Rijswijcklaan 159-171,2023-08-23,20:00:00,128,108,20,FMN 04 Jan Van Rijswijcklaan
652,Jan van Rijswijcklaan 159-171,2023-08-23,21:00:00,83,70,13,FMN 04 Jan Van Rijswijcklaan
652,Jan van Rijswijcklaan 159-171,2023-08-23,22:00:00,84,73,11,FMN 04 Jan Van Rijswijcklaan
652,Jan van Rijswijcklaan 159-171,2023-08-23,23:00:00,44,31,13,FMN 04 Jan Van Rijswijcklaan
652,Jan van Rijswijcklaan 159-171,2023-08-24,00:00:00,29,22,7,FMN 04 Jan Van Rijswijcklaan
652,Jan van Rijswijcklaan 159-171,2023-08-24,01:00:00,9,7,2,FMN 04 Jan Van Rijswijcklaan
652,Jan van Rijswijcklaan 159-171,2023-08-24,02:00:00,9,2,7,FMN 04 Jan Van Rijswijcklaan
652,Jan van Rijswijcklaan 159-171,2023-08-24,03:00:00,6,6,0,FMN 04 Jan Van Rijswijcklaan
652,Jan van Rijswijcklaan 159-171,2023-08-24,04:00:00,12,11,1,FMN 04 Jan Van Rijswijcklaan
652,Jan van Rijswijcklaan 159-171,2023-08-24,05:00:00,23,17,6,FMN 04 Jan Van Rijswijcklaan
652,Jan van Rijswijcklaan 159-171,2023-08-24,06:00:00,56,50,6,FMN 04 Jan Van Rijswijcklaan
652,Jan van Rijswijcklaan 159-171,2023-08-24,07:00:00,112,104,8,FMN 04 Jan Van Rijswijcklaan
652,Jan van Rijswijcklaan 159-171,2023-08-24,08:00:00,253,233,20,FMN 04 Jan Van Rijswijcklaan
652,Jan van Rijswijcklaan 159-171,2023-08-24,09:00:00,175,158,17,FMN 04 Jan Van Rijswijcklaan
652,Jan van Rijswijcklaan 159-171,2023-08-24,10:00:00,90,83,7,FMN 04 Jan Van Rijswijcklaan
652,Jan van Rijswijcklaan 159-171,2023-08-24,11:00:00,90,80,10,FMN 04 Jan Van Rijswijcklaan
652,Jan van Rijswijcklaan 159-171,2023-08-24,12:00:00,79,66,13,FMN 04 Jan Van Rijswijcklaan
652,Jan van Rijswijcklaan 159-171,2023-08-24,13:00:00,74,57,17,FMN 04 Jan Van Rijswijcklaan
652,Jan van Rijswijcklaan 159-171,2023-08-24,14:00:00,106,94,12,FMN 04 Jan Van Rijswijcklaan
652,Jan van Rijswijcklaan 159-171,2023-08-24,15:00:00,95,87,8,FMN 04 Jan Van Rijswijcklaan
652,Jan van Rijswijcklaan 159-171,2023-08-24,16:00:00,164,144,20,FMN 04 Jan Van Rijswijcklaan
652,Jan van Rijswijcklaan 159-171,2023-08-24,17:00:00,233,202,31,FMN 04 Jan Van Rijswijcklaan
652,Jan van Rijswijcklaan 159-171,2023-08-24,18:00:00,151,119,32,FMN 04 Jan Van Rijswijcklaan
652,Jan van Rijswijcklaan 159-171,2023-08-24,19:00:00,109,91,18,FMN 04 Jan Van Rijswijcklaan
652,Jan van Rijswijcklaan 159-171,2023-08-24,20:00:00,76,58,18,FMN 04 Jan Van Rijswijcklaan
652,Jan van Rijswijcklaan 159-171,2023-08-24,21:00:00,68,53,15,FMN 04 Jan Van Rijswijcklaan
652,Jan van Rijswijcklaan 159-171,2023-08-24,22:00:00,74,65,9,FMN 04 Jan Van Rijswijcklaan
652,Jan van Rijswijcklaan 159-171,2023-08-24,23:00:00,34,22,12,FMN 04 Jan Van Rijswijcklaan
652,Jan van Rijswijcklaan 159-171,2023-08-25,00:00:00,14,12,2,FMN 04 Jan Van Rijswijcklaan
652,Jan van Rijswijcklaan 159-171,2023-08-25,01:00:00,5,4,1,FMN 04 Jan Van Rijswijcklaan
652,Jan van Rijswijcklaan 159-171,2023-08-25,02:00:00,3,3,0,FMN 04 Jan Van Rijswijcklaan
652,Jan van Rijswijcklaan 159-171,2023-08-25,03:00:00,3,0,3,FMN 04 Jan Van Rijswijcklaan
652,Jan van Rijswijcklaan 159-171,2023-08-25,04:00:00,7,7,0,FMN 04 Jan Van Rijswijcklaan
652,Jan van Rijswijcklaan 159-171,2023-08-25,05:00:00,12,8,4,FMN 04 Jan Van Rijswijcklaan
652,Jan van Rijswijcklaan 159-171,2023-08-25,06:00:00,47,41,6,FMN 04 Jan Van Rijswijcklaan
652,Jan van Rijswijcklaan 159-171,2023-08-25,07:00:00,77,72,5,FMN 04 Jan Van Rijswijcklaan
652,Jan van Rijswijcklaan 159-171,2023-08-25,08:00:00,187,166,21,FMN 04 Jan Van Rijswijcklaan
652,Jan van Rijswijcklaan 159-171,2023-08-25,09:00:00,105,99,6,FMN 04 Jan Van Rijswijcklaan
652,Jan van Rijswijcklaan 159-171,2023-08-25,10:00:00,72,63,9,FMN 04 Jan Van Rijswijcklaan
652,Jan van Rijswijcklaan 159-171,2023-08-25,11:00:00,64,61,3,FMN 04 Jan Van Rijswijcklaan
652,Jan van Rijswijcklaan 159-171,2023-08-25,12:00:00,89,75,14,FMN 04 Jan Van Rijswijcklaan
652,Jan van Rijswijcklaan 159-171,2023-08-25,13:00:00,100,89,11,FMN 04 Jan Van Rijswijcklaan
652,Jan van Rijswijcklaan 159-171,2023-08-25,14:00:00,112,93,19,FMN 04 Jan Van Rijswijcklaan
652,Jan van Rijswijcklaan 159-171,2023-08-25,15:00:00,98,82,16,FMN 04 Jan Van Rijswijcklaan
652,Jan van Rijswijcklaan 159-171,2023-08-25,16:00:00,168,150,18,FMN 04 Jan Van Rijswijcklaan
652,Jan van Rijswijcklaan 159-171,2023-08-25,17:00:00,156,143,13,FMN 04 Jan Van Rijswijcklaan
652,Jan van Rijswijcklaan 159-171,2023-08-25,18:00:00,148,128,20,FMN 04 Jan Van Rijswijcklaan
652,Jan van Rijswijcklaan 159-171,2023-08-25,19:00:00,72,60,12,FMN 04 Jan Van Rijswijcklaan
652,Jan van Rijswijcklaan 159-171,2023-08-25,20:00:00,132,117,15,FMN 04 Jan Van Rijswijcklaan
652,Jan van Rijswijcklaan 159-171,2023-08-25,21:00:00,80,68,12,FMN 04 Jan Van Rijswijcklaan
652,Jan van Rijswijcklaan 159-171,2023-08-25,22:00:00,53,44,9,FMN 04 Jan Van Rijswijcklaan
652,Jan van Rijswijcklaan 159-171,2023-08-25,23:00:00,31,26,5,FMN 04 Jan Van Rijswijcklaan
652,Jan van Rijswijcklaan 159-171,2023-08-26,00:00:00,17,11,6,FMN 04 Jan Van Rijswijcklaan
652,Jan van Rijswijcklaan 159-171,2023-08-26,01:00:00,23,18,5,FMN 04 Jan Van Rijswijcklaan
652,Jan van Rijswijcklaan 159-171,2023-08-26,02:00:00,16,11,5,FMN 04 Jan Van Rijswijcklaan
652,Jan van Rijswijcklaan 159-171,2023-08-26,03:00:00,6,3,3,FMN 04 Jan Van Rijswijcklaan
652,Jan van Rijswijcklaan 159-171,2023-08-26,04:00:00,7,5,2,FMN 04 Jan Van Rijswijcklaan
652,Jan van Rijswijcklaan 159-171,2023-08-26,05:00:00,9,7,2,FMN 04 Jan Van Rijswijcklaan
652,Jan van Rijswijcklaan 159-171,2023-08-26,06:00:00,24,20,4,FMN 04 Jan Van Rijswijcklaan
652,Jan van Rijswijcklaan 159-171,2023-08-26,07:00:00,17,14,3,FMN 04 Jan Van Rijswijcklaan
652,Jan van Rijswijcklaan 159-171,2023-08-26,08:00:00,40,36,4,FMN 04 Jan Van Rijswijcklaan
652,Jan van Rijswijcklaan 159-171,2023-08-26,09:00:00,85,74,11,FMN 04 Jan Van Rijswijcklaan
652,Jan van Rijswijcklaan 159-171,2023-08-26,10:00:00,106,93,13,FMN 04 Jan Van Rijswijcklaan
652,Jan van Rijswijcklaan 159-171,2023-08-26,11:00:00,125,113,12,FMN 04 Jan Van Rijswijcklaan
652,Jan van Rijswijcklaan 159-171,2023-08-26,12:00:00,139,119,20,FMN 04 Jan Van Rijswijcklaan
652,Jan van Rijswijcklaan 159-171,2023-08-26,13:00:00,145,130,15,FMN 04 Jan Van Rijswijcklaan
652,Jan van Rijswijcklaan 159-171,2023-08-26,14:00:00,148,132,16,FMN 04 Jan Van Rijswijcklaan
652,Jan van Rijswijcklaan 159-171,2023-08-26,15:00:00,100,92,8,FMN 04 Jan Van Rijswijcklaan
652,Jan van Rijswijcklaan 159-171,2023-08-26,16:00:00,70,58,12,FMN 04 Jan Van Rijswijcklaan
652,Jan van Rijswijcklaan 159-171,2023-08-26,17:00:00,72,60,12,FMN 04 Jan Van Rijswijcklaan
652,Jan van Rijswijcklaan 159-171,2023-08-26,18:00:00,84,73,11,FMN 04 Jan Van Rijswijcklaan
652,Jan van Rijswijcklaan 159-171,2023-08-26,19:00:00,77,62,15,FMN 04 Jan Van Rijswijcklaan
652,Jan van Rijswijcklaan 159-171,2023-08-26,20:00:00,54,46,8,FMN 04 Jan Van Rijswijcklaan
652,Jan van Rijswijcklaan 159-171,2023-08-26,21:00:00,44,35,9,FMN 04 Jan Van Rijswijcklaan
652,Jan van Rijswijcklaan 159-171,2023-08-26,22:00:00,35,23,12,FMN 04 Jan Van Rijswijcklaan
652,Jan van Rijswijcklaan 159-171,2023-08-26,23:00:00,21,16,5,FMN 04 Jan Van Rijswijcklaan
652,Jan van Rijswijcklaan 159-171,2023-08-27,00:00:00,21,20,1,FMN 04 Jan Van Rijswijcklaan
652,Jan van Rijswijcklaan 159-171,2023-08-27,01:00:00,26,19,7,FMN 04 Jan Van Rijswijcklaan
652,Jan van Rijswijcklaan 159-171,2023-08-27,02:00:00,16,14,2,FMN 04 Jan Van Rijswijcklaan
652,Jan van Rijswijcklaan 159-171,2023-08-27,03:00:00,6,5,1,FMN 04 Jan Van Rijswijcklaan
652,Jan van Rijswijcklaan 159-171,2023-08-27,04:00:00,4,2,2,FMN 04 Jan Van Rijswijcklaan
652,Jan van Rijswijcklaan 159-171,2023-08-27,05:00:00,8,6,2,FMN 04 Jan Van Rijswijcklaan
652,Jan van Rijswijcklaan 159-171,2023-08-27,06:00:00,9,9,0,FMN 04 Jan Van Rijswijcklaan
652,Jan van Rijswijcklaan 159-171,2023-08-27,07:00:00,9,9,0,FMN 04 Jan Van Rijswijcklaan
652,Jan van Rijswijcklaan 159-171,2023-08-27,08:00:00,15,13,2,FMN 04 Jan Van Rijswijcklaan
652,Jan van Rijswijcklaan 159-171,2023-08-27,09:00:00,74,68,6,FMN 04 Jan Van Rijswijcklaan
652,Jan van Rijswijcklaan 159-171,2023-08-27,10:00:00,87,81,6,FMN 04 Jan Van Rijswijcklaan
652,Jan van Rijswijcklaan 159-171,2023-08-27,11:00:00,95,82,13,FMN 04 Jan Van Rijswijcklaan
652,Jan van Rijswijcklaan 159-171,2023-08-27,12:00:00,89,79,10,FMN 04 Jan Van Rijswijcklaan
652,Jan van Rijswijcklaan 159-171,2023-08-27,13:00:00,56,52,4,FMN 04 Jan Van Rijswijcklaan
652,Jan van Rijswijcklaan 159-171,2023-08-27,14:00:00,104,94,10,FMN 04 Jan Van Rijswijcklaan
652,Jan van Rijswijcklaan 159-171,2023-08-27,15:00:00,70,65,5,FMN 04 Jan Van Rijswijcklaan
652,Jan van Rijswijcklaan 159-171,2023-08-27,16:00:00,78,65,13,FMN 04 Jan Van Rijswijcklaan
652,Jan van Rijswijcklaan 159-171,2023-08-27,17:00:00,74,62,12,FMN 04 Jan Van Rijswijcklaan
652,Jan van Rijswijcklaan 159-171,2023-08-27,18:00:00,72,61,11,FMN 04 Jan Van Rijswijcklaan
652,Jan van Rijswijcklaan 159-171,2023-08-27,19:00:00,63,54,9,FMN 04 Jan Van Rijswijcklaan
652,Jan van Rijswijcklaan 159-171,2023-08-27,20:00:00,53,46,7,FMN 04 Jan Van Rijswijcklaan
652,Jan van Rijswijcklaan 159-171,2023-08-27,21:00:00,47,39,8,FMN 04 Jan Van Rijswijcklaan
652,Jan van Rijswijcklaan 159-171,2023-08-27,22:00:00,38,24,14,FMN 04 Jan Van Rijswijcklaan
652,Jan van Rijswijcklaan 159-171,2023-08-27,23:00:00,14,11,3,FMN 04 Jan Van Rijswijcklaan
652,Jan van Rijswijcklaan 159-171,2023-08-28,00:00:00,5,4,1,FMN 04 Jan Van Rijswijcklaan
652,Jan van Rijswijcklaan 159-171,2023-08-28,01:00:00,11,7,4,FMN 04 Jan Van Rijswijcklaan
652,Jan van Rijswijcklaan 159-171,2023-08-28,02:00:00,2,0,2,FMN 04 Jan Van Rijswijcklaan
652,Jan van Rijswijcklaan 159-171,2023-08-28,03:00:00,3,1,2,FMN 04 Jan Van Rijswijcklaan
652,Jan van Rijswijcklaan 159-171,2023-08-28,04:00:00,8,7,1,FMN 04 Jan Van Rijswijcklaan
652,Jan van Rijswijcklaan 159-171,2023-08-28,05:00:00,21,15,6,FMN 04 Jan Van Rijswijcklaan
652,Jan van Rijswijcklaan 159-171,2023-08-28,06:00:00,49,45,4,FMN 04 Jan Van Rijswijcklaan
652,Jan van Rijswijcklaan 159-171,2023-08-28,07:00:00,112,104,8,FMN 04 Jan Van Rijswijcklaan
652,Jan van Rijswijcklaan 159-171,2023-08-28,08:00:00,245,231,14,FMN 04 Jan Van Rijswijcklaan
652,Jan van Rijswijcklaan 159-171,2023-08-28,09:00:00,138,127,11,FMN 04 Jan Van Rijswijcklaan
652,Jan van Rijswijcklaan 159-171,2023-08-28,10:00:00,103,88,15,FMN 04 Jan Van Rijswijcklaan
652,Jan van Rijswijcklaan 159-171,2023-08-28,11:00:00,78,69,9,FMN 04 Jan Van Rijswijcklaan
652,Jan van Rijswijcklaan 159-171,2023-08-28,12:00:00,120,97,23,FMN 04 Jan Van Rijswijcklaan
652,Jan van Rijswijcklaan 159-171,2023-08-28,13:00:00,120,104,16,FMN 04 Jan Van Rijswijcklaan
652,Jan van Rijswijcklaan 159-171,2023-08-28,14:00:00,113,99,14,FMN 04 Jan Van Rijswijcklaan
652,Jan van Rijswijcklaan 159-171,2023-08-28,15:00:00,102,89,13,FMN 04 Jan Van Rijswijcklaan
652,Jan van Rijswijcklaan 159-171,2023-08-28,16:00:00,132,112,20,FMN 04 Jan Van Rijswijcklaan
652,Jan van Rijswijcklaan 159-171,2023-08-28,17:00:00,209,178,31,FMN 04 Jan Van Rijswijcklaan
652,Jan van Rijswijcklaan 159-171,2023-08-28,18:00:00,109,94,15,FMN 04 Jan Van Rijswijcklaan
652,Jan van Rijswijcklaan 159-171,2023-08-28,19:00:00,75,50,25,FMN 04 Jan Van Rijswijcklaan
652,Jan van Rijswijcklaan 159-171,2023-08-28,20:00:00,58,50,8,FMN 04 Jan Van Rijswijcklaan
652,Jan van Rijswijcklaan 159-171,2023-08-28,21:00:00,43,32,11,FMN 04 Jan Van Rijswijcklaan
652,Jan van Rijswijcklaan 159-171,2023-08-28,22:00:00,69,57,12,FMN 04 Jan Van Rijswijcklaan
652,Jan van Rijswijcklaan 159-171,2023-08-28,23:00:00,17,12,5,FMN 04 Jan Van Rijswijcklaan
652,Jan van Rijswijcklaan 159-171,2023-08-29,00:00:00,11,11,0,FMN 04 Jan Van Rijswijcklaan
652,Jan van Rijswijcklaan 159-171,2023-08-29,01:00:00,7,6,1,FMN 04 Jan Van Rijswijcklaan
652,Jan van Rijswijcklaan 159-171,2023-08-29,02:00:00,5,4,1,FMN 04 Jan Van Rijswijcklaan
652,Jan van Rijswijcklaan 159-171,2023-08-29,03:00:00,2,2,0,FMN 04 Jan Van Rijswijcklaan
652,Jan van Rijswijcklaan 159-171,2023-08-29,04:00:00,6,5,1,FMN 04 Jan Van Rijswijcklaan
652,Jan van Rijswijcklaan 159-171,2023-08-29,05:00:00,25,19,6,FMN 04 Jan Van Rijswijcklaan
652,Jan van Rijswijcklaan 159-171,2023-08-29,06:00:00,53,49,4,FMN 04 Jan Van Rijswijcklaan
652,Jan van Rijswijcklaan 159-171,2023-08-29,07:00:00,124,120,4,FMN 04 Jan Van Rijswijcklaan
652,Jan van Rijswijcklaan 159-171,2023-08-29,08:00:00,313,299,14,FMN 04 Jan Van Rijswijcklaan
652,Jan van Rijswijcklaan 159-171,2023-08-29,09:00:00,147,142,5,FMN 04 Jan Van Rijswijcklaan
652,Jan van Rijswijcklaan 159-171,2023-08-29,10:00:00,103,91,12,FMN 04 Jan Van Rijswijcklaan
652,Jan van Rijswijcklaan 159-171,2023-08-29,11:00:00,82,77,5,FMN 04 Jan Van Rijswijcklaan
652,Jan van Rijswijcklaan 159-171,2023-08-29,12:00:00,120,102,18,FMN 04 Jan Van Rijswijcklaan
652,Jan van Rijswijcklaan 159-171,2023-08-29,13:00:00,101,94,7,FMN 04 Jan Van Rijswijcklaan
652,Jan van Rijswijcklaan 159-171,2023-08-29,14:00:00,106,95,11,FMN 04 Jan Van Rijswijcklaan
652,Jan van Rijswijcklaan 159-171,2023-08-29,15:00:00,109,91,18,FMN 04 Jan Van Rijswijcklaan
652,Jan van Rijswijcklaan 159-171,2023-08-29,16:00:00,194,171,23,FMN 04 Jan Van Rijswijcklaan
652,Jan van Rijswijcklaan 159-171,2023-08-29,17:00:00,233,192,41,FMN 04 Jan Van Rijswijcklaan
652,Jan van Rijswijcklaan 159-171,2023-08-29,18:00:00,180,156,24,FMN 04 Jan Van Rijswijcklaan
652,Jan van Rijswijcklaan 159-171,2023-08-29,19:00:00,91,75,16,FMN 04 Jan Van Rijswijcklaan
652,Jan van Rijswijcklaan 159-171,2023-08-29,20:00:00,94,82,12,FMN 04 Jan Van Rijswijcklaan
652,Jan van Rijswijcklaan 159-171,2023-08-29,21:00:00,52,40,12,FMN 04 Jan Van Rijswijcklaan
652,Jan van Rijswijcklaan 159-171,2023-08-29,22:00:00,73,62,11,FMN 04 Jan Van Rijswijcklaan
652,Jan van Rijswijcklaan 159-171,2023-08-29,23:00:00,34,23,11,FMN 04 Jan Van Rijswijcklaan
652,Jan van Rijswijcklaan 159-171,2023-08-30,00:00:00,20,15,5,FMN 04 Jan Van Rijswijcklaan
652,Jan van Rijswijcklaan 159-171,2023-08-30,01:00:00,9,6,3,FMN 04 Jan Van Rijswijcklaan
652,Jan van Rijswijcklaan 159-171,2023-08-30,02:00:00,12,9,3,FMN 04 Jan Van Rijswijcklaan
652,Jan van Rijswijcklaan 159-171,2023-08-30,03:00:00,1,1,0,FMN 04 Jan Van Rijswijcklaan
652,Jan van Rijswijcklaan 159-171,2023-08-30,04:00:00,7,5,2,FMN 04 Jan Van Rijswijcklaan
652,Jan van Rijswijcklaan 159-171,2023-08-30,05:00:00,23,14,9,FMN 04 Jan Van Rijswijcklaan
652,Jan van Rijswijcklaan 159-171,2023-08-30,06:00:00,54,52,2,FMN 04 Jan Van Rijswijcklaan
652,Jan van Rijswijcklaan 159-171,2023-08-30,07:00:00,92,85,7,FMN 04 Jan Van Rijswijcklaan
652,Jan van Rijswijcklaan 159-171,2023-08-30,08:00:00,188,182,6,FMN 04 Jan Van Rijswijcklaan
652,Jan van Rijswijcklaan 159-171,2023-08-30,09:00:00,95,88,7,FMN 04 Jan Van Rijswijcklaan
652,Jan van Rijswijcklaan 159-171,2023-08-30,10:00:00,57,52,5,FMN 04 Jan Van Rijswijcklaan
652,Jan van Rijswijcklaan 159-171,2023-08-30,11:00:00,73,63,10,FMN 04 Jan Van Rijswijcklaan
652,Jan van Rijswijcklaan 159-171,2023-08-30,12:00:00,81,67,14,FMN 04 Jan Van Rijswijcklaan
652,Jan van Rijswijcklaan 159-171,2023-08-30,13:00:00,117,103,14,FMN 04 Jan Van Rijswijcklaan
652,Jan van Rijswijcklaan 159-171,2023-08-30,14:00:00,102,88,14,FMN 04 Jan Van Rijswijcklaan
652,Jan van Rijswijcklaan 159-171,2023-08-30,15:00:00,128,119,9,FMN 04 Jan Van Rijswijcklaan
652,Jan van Rijswijcklaan 159-171,2023-08-30,16:00:00,174,155,19,FMN 04 Jan Van Rijswijcklaan
652,Jan van Rijswijcklaan 159-171,2023-08-30,17:00:00,209,179,30,FMN 04 Jan Van Rijswijcklaan
652,Jan van Rijswijcklaan 159-171,2023-08-30,18:00:00,153,129,24,FMN 04 Jan Van Rijswijcklaan
652,Jan van Rijswijcklaan 159-171,2023-08-30,19:00:00,105,95,10,FMN 04 Jan Van Rijswijcklaan
652,Jan van Rijswijcklaan 159-171,2023-08-30,20:00:00,147,132,15,FMN 04 Jan Van Rijswijcklaan
652,Jan van Rijswijcklaan 159-171,2023-08-30,21:00:00,64,55,9,FMN 04 Jan Van Rijswijcklaan
652,Jan van Rijswijcklaan 159-171,2023-08-30,22:00:00,58,51,7,FMN 04 Jan Van Rijswijcklaan
652,Jan van Rijswijcklaan 159-171,2023-08-30,23:00:00,34,33,1,FMN 04 Jan Van Rijswijcklaan
652,Jan van Rijswijcklaan 159-171,2023-08-31,00:00:00,16,8,8,FMN 04 Jan Van Rijswijcklaan
652,Jan van Rijswijcklaan 159-171,2023-08-31,01:00:00,7,4,3,FMN 04 Jan Van Rijswijcklaan
652,Jan van Rijswijcklaan 159-171,2023-08-31,02:00:00,4,2,2,FMN 04 Jan Van Rijswijcklaan
652,Jan van Rijswijcklaan 159-171,2023-08-31,03:00:00,6,4,2,FMN 04 Jan Van Rijswijcklaan
652,Jan van Rijswijcklaan 159-171,2023-08-31,04:00:00,6,5,1,FMN 04 Jan Van Rijswijcklaan
652,Jan van Rijswijcklaan 159-171,2023-08-31,05:00:00,17,15,2,FMN 04 Jan Van Rijswijcklaan
652,Jan van Rijswijcklaan 159-171,2023-08-31,06:00:00,50,48,2,FMN 04 Jan Van Rijswijcklaan
652,Jan van Rijswijcklaan 159-171,2023-08-31,07:00:00,136,122,14,FMN 04 Jan Van Rijswijcklaan
652,Jan van Rijswijcklaan 159-171,2023-08-31,08:00:00,259,246,13,FMN 04 Jan Van Rijswijcklaan
652,Jan van Rijswijcklaan 159-171,2023-08-31,09:00:00,151,145,6,FMN 04 Jan Van Rijswijcklaan
652,Jan van Rijswijcklaan 159-171,2023-08-31,10:00:00,102,94,8,FMN 04 Jan Van Rijswijcklaan
652,Jan van Rijswijcklaan 159-171,2023-08-31,11:00:00,81,75,6,FMN 04 Jan Van Rijswijcklaan
652,Jan van Rijswijcklaan 159-171,2023-08-31,12:00:00,91,78,13,FMN 04 Jan Van Rijswijcklaan
652,Jan van Rijswijcklaan 159-171,2023-08-31,13:00:00,108,97,11,FMN 04 Jan Van Rijswijcklaan
652,Jan van Rijswijcklaan 159-171,2023-08-31,14:00:00,117,101,16,FMN 04 Jan Van Rijswijcklaan
652,Jan van Rijswijcklaan 159-171,2023-08-31,15:00:00,116,103,13,FMN 04 Jan Van Rijswijcklaan
652,Jan van Rijswijcklaan 159-171,2023-08-31,16:00:00,151,129,22,FMN 04 Jan Van Rijswijcklaan
652,Jan van Rijswijcklaan 159-171,2023-08-31,17:00:00,237,201,36,FMN 04 Jan Van Rijswijcklaan
652,Jan van Rijswijcklaan 159-171,2023-08-31,18:00:00,152,134,18,FMN 04 Jan Van Rijswijcklaan
652,Jan van Rijswijcklaan 159-171,2023-08-31,19:00:00,93,72,21,FMN 04 Jan Van Rijswijcklaan
652,Jan van Rijswijcklaan 159-171,2023-08-31,20:00:00,106,76,30,FMN 04 Jan Van Rijswijcklaan
652,Jan van Rijswijcklaan 159-171,2023-08-31,21:00:00,65,51,14,FMN 04 Jan Van Rijswijcklaan
652,Jan van Rijswijcklaan 159-171,2023-08-31,22:00:00,76,68,8,FMN 04 Jan Van Rijswijcklaan
652,Jan van Rijswijcklaan 159-171,2023-08-31,23:00:00,52,43,9,FMN 04 Jan Van Rijswijcklaan
652,Jan van Rijswijcklaan 159-171,2023-09-01,00:00:00,20,19,1,FMN 04 Jan Van Rijswijcklaan
652,Jan van Rijswijcklaan 159-171,2023-09-01,01:00:00,14,11,3,FMN 04 Jan Van Rijswijcklaan
652,Jan van Rijswijcklaan 159-171,2023-09-01,02:00:00,5,4,1,FMN 04 Jan Van Rijswijcklaan
652,Jan van Rijswijcklaan 159-171,2023-09-01,03:00:00,5,2,3,FMN 04 Jan Van Rijswijcklaan
652,Jan van Rijswijcklaan 159-171,2023-09-01,04:00:00,11,10,1,FMN 04 Jan Van Rijswijcklaan
652,Jan van Rijswijcklaan 159-171,2023-09-01,05:00:00,19,17,2,FMN 04 Jan Van Rijswijcklaan
652,Jan van Rijswijcklaan 159-171,2023-09-01,06:00:00,37,35,2,FMN 04 Jan Van Rijswijcklaan
652,Jan van Rijswijcklaan 159-171,2023-09-01,07:00:00,113,103,10,FMN 04 Jan Van Rijswijcklaan
652,Jan van Rijswijcklaan 159-171,2023-09-01,08:00:00,232,216,16,FMN 04 Jan Van Rijswijcklaan
652,Jan van Rijswijcklaan 159-171,2023-09-01,09:00:00,110,106,4,FMN 04 Jan Van Rijswijcklaan
652,Jan van Rijswijcklaan 159-171,2023-09-01,10:00:00,48,42,6,FMN 04 Jan Van Rijswijcklaan
652,Jan van Rijswijcklaan 159-171,2023-09-01,11:00:00,40,38,2,FMN 04 Jan Van Rijswijcklaan
652,Jan van Rijswijcklaan 159-171,2023-09-01,12:00:00,59,51,8,FMN 04 Jan Van Rijswijcklaan
652,Jan van Rijswijcklaan 159-171,2023-09-01,13:00:00,84,73,11,FMN 04 Jan Van Rijswijcklaan
652,Jan van Rijswijcklaan 159-171,2023-09-01,14:00:00,133,122,11,FMN 04 Jan Van Rijswijcklaan
652,Jan van Rijswijcklaan 159-171,2023-09-01,15:00:00,164,149,15,FMN 04 Jan Van Rijswijcklaan
652,Jan van Rijswijcklaan 159-171,2023-09-01,16:00:00,168,135,33,FMN 04 Jan Van Rijswijcklaan
652,Jan van Rijswijcklaan 159-171,2023-09-01,17:00:00,161,131,30,FMN 04 Jan Van Rijswijcklaan
652,Jan van Rijswijcklaan 159-171,2023-09-01,18:00:00,216,190,26,FMN 04 Jan Van Rijswijcklaan
652,Jan van Rijswijcklaan 159-171,2023-09-01,19:00:00,155,128,27,FMN 04 Jan Van Rijswijcklaan
652,Jan van Rijswijcklaan 159-171,2023-09-01,20:00:00,166,140,26,FMN 04 Jan Van Rijswijcklaan
652,Jan van Rijswijcklaan 159-171,2023-09-01,21:00:00,113,102,11,FMN 04 Jan Van Rijswijcklaan
652,Jan van Rijswijcklaan 159-171,2023-09-01,22:00:00,51,38,13,FMN 04 Jan Van Rijswijcklaan
652,Jan van Rijswijcklaan 159-171,2023-09-01,23:00:00,35,28,7,FMN 04 Jan Van Rijswijcklaan
652,Jan van Rijswijcklaan 159-171,2023-09-02,00:00:00,33,30,3,FMN 04 Jan Van Rijswijcklaan
652,Jan van Rijswijcklaan 159-171,2023-09-02,01:00:00,16,13,3,FMN 04 Jan Van Rijswijcklaan
652,Jan van Rijswijcklaan 159-171,2023-09-02,02:00:00,11,7,4,FMN 04 Jan Van Rijswijcklaan
652,Jan van Rijswijcklaan 159-171,2023-09-02,03:00:00,3,3,0,FMN 04 Jan Van Rijswijcklaan
652,Jan van Rijswijcklaan 159-171,2023-09-02,04:00:00,7,6,1,FMN 04 Jan Van Rijswijcklaan
652,Jan van Rijswijcklaan 159-171,2023-09-02,05:00:00,6,5,1,FMN 04 Jan Van Rijswijcklaan
652,Jan van Rijswijcklaan 159-171,2023-09-02,06:00:00,26,21,5,FMN 04 Jan Van Rijswijcklaan
652,Jan van Rijswijcklaan 159-171,2023-09-02,07:00:00,22,17,5,FMN 04 Jan Van Rijswijcklaan
652,Jan van Rijswijcklaan 159-171,2023-09-02,08:00:00,43,39,4,FMN 04 Jan Van Rijswijcklaan
652,Jan van Rijswijcklaan 159-171,2023-09-02,09:00:00,70,57,13,FMN 04 Jan Van Rijswijcklaan
652,Jan van Rijswijcklaan 159-171,2023-09-02,10:00:00,130,111,19,FMN 04 Jan Van Rijswijcklaan
652,Jan van Rijswijcklaan 159-171,2023-09-02,11:00:00,119,102,17,FMN 04 Jan Van Rijswijcklaan
652,Jan van Rijswijcklaan 159-171,2023-09-02,12:00:00,136,114,22,FMN 04 Jan Van Rijswijcklaan
652,Jan van Rijswijcklaan 159-171,2023-09-02,13:00:00,120,106,14,FMN 04 Jan Van Rijswijcklaan
652,Jan van Rijswijcklaan 159-171,2023-09-02,14:00:00,156,132,24,FMN 04 Jan Van Rijswijcklaan
652,Jan van Rijswijcklaan 159-171,2023-09-02,15:00:00,119,101,18,FMN 04 Jan Van Rijswijcklaan
652,Jan van Rijswijcklaan 159-171,2023-09-02,16:00:00,132,117,15,FMN 04 Jan Van Rijswijcklaan
652,Jan van Rijswijcklaan 159-171,2023-09-02,17:00:00,111,94,17,FMN 04 Jan Van Rijswijcklaan
652,Jan van Rijswijcklaan 159-171,2023-09-02,18:00:00,121,96,25,FMN 04 Jan Van Rijswijcklaan
652,Jan van Rijswijcklaan 159-171,2023-09-02,19:00:00,79,64,15,FMN 04 Jan Van Rijswijcklaan
652,Jan van Rijswijcklaan 159-171,2023-09-02,20:00:00,82,77,5,FMN 04 Jan Van Rijswijcklaan
652,Jan van Rijswijcklaan 159-171,2023-09-02,21:00:00,59,46,13,FMN 04 Jan Van Rijswijcklaan
652,Jan van Rijswijcklaan 159-171,2023-09-02,22:00:00,56,45,11,FMN 04 Jan Van Rijswijcklaan
652,Jan van Rijswijcklaan 159-171,2023-09-02,23:00:00,49,36,13,FMN 04 Jan Van Rijswijcklaan
652,Jan van Rijswijcklaan 159-171,2023-09-03,00:00:00,44,35,9,FMN 04 Jan Van Rijswijcklaan
652,Jan van Rijswijcklaan 159-171,2023-09-03,01:00:00,27,23,4,FMN 04 Jan Van Rijswijcklaan
652,Jan van Rijswijcklaan 159-171,2023-09-03,02:00:00,11,9,2,FMN 04 Jan Van Rijswijcklaan
652,Jan van Rijswijcklaan 159-171,2023-09-03,03:00:00,11,5,6,FMN 04 Jan Van Rijswijcklaan
652,Jan van Rijswijcklaan 159-171,2023-09-03,04:00:00,9,6,3,FMN 04 Jan Van Rijswijcklaan
652,Jan van Rijswijcklaan 159-171,2023-09-03,05:00:00,4,3,1,FMN 04 Jan Van Rijswijcklaan
652,Jan van Rijswijcklaan 159-171,2023-09-03,06:00:00,7,6,1,FMN 04 Jan Van Rijswijcklaan
652,Jan van Rijswijcklaan 159-171,2023-09-03,07:00:00,16,13,3,FMN 04 Jan Van Rijswijcklaan
652,Jan van Rijswijcklaan 159-171,2023-09-03,08:00:00,21,21,0,FMN 04 Jan Van Rijswijcklaan
652,Jan van Rijswijcklaan 159-171,2023-09-03,09:00:00,84,65,19,FMN 04 Jan Van Rijswijcklaan
652,Jan van Rijswijcklaan 159-171,2023-09-03,10:00:00,95,85,10,FMN 04 Jan Van Rijswijcklaan
652,Jan van Rijswijcklaan 159-171,2023-09-03,11:00:00,117,99,18,FMN 04 Jan Van Rijswijcklaan
652,Jan van Rijswijcklaan 159-171,2023-09-03,12:00:00,97,77,20,FMN 04 Jan Van Rijswijcklaan
652,Jan van Rijswijcklaan 159-171,2023-09-03,13:00:00,132,119,13,FMN 04 Jan Van Rijswijcklaan
652,Jan van Rijswijcklaan 159-171,2023-09-03,14:00:00,110,95,15,FMN 04 Jan Van Rijswijcklaan
652,Jan van Rijswijcklaan 159-171,2023-09-03,15:00:00,104,89,15,FMN 04 Jan Van Rijswijcklaan
652,Jan van Rijswijcklaan 159-171,2023-09-03,16:00:00,88,72,16,FMN 04 Jan Van Rijswijcklaan
652,Jan van Rijswijcklaan 159-171,2023-09-03,17:00:00,90,83,7,FMN 04 Jan Van Rijswijcklaan
652,Jan van Rijswijcklaan 159-171,2023-09-03,18:00:00,89,84,5,FMN 04 Jan Van Rijswijcklaan
652,Jan van Rijswijcklaan 159-171,2023-09-03,19:00:00,89,67,22,FMN 04 Jan Van Rijswijcklaan
652,Jan van Rijswijcklaan 159-171,2023-09-03,20:00:00,74,64,10,FMN 04 Jan Van Rijswijcklaan
652,Jan van Rijswijcklaan 159-171,2023-09-03,21:00:00,55,46,9,FMN 04 Jan Van Rijswijcklaan
652,Jan van Rijswijcklaan 159-171,2023-09-03,22:00:00,33,31,2,FMN 04 Jan Van Rijswijcklaan
652,Jan van Rijswijcklaan 159-171,2023-09-03,23:00:00,16,12,4,FMN 04 Jan Van Rijswijcklaan
652,Jan van Rijswijcklaan 159-171,2023-09-04,00:00:00,13,12,1,FMN 04 Jan Van Rijswijcklaan
652,Jan van Rijswijcklaan 159-171,2023-09-04,01:00:00,6,4,2,FMN 04 Jan Van Rijswijcklaan
652,Jan van Rijswijcklaan 159-171,2023-09-04,02:00:00,0,0,0,FMN 04 Jan Van Rijswijcklaan
652,Jan van Rijswijcklaan 159-171,2023-09-04,03:00:00,4,3,1,FMN 04 Jan Van Rijswijcklaan
652,Jan van Rijswijcklaan 159-171,2023-09-04,04:00:00,10,7,3,FMN 04 Jan Van Rijswijcklaan
652,Jan van Rijswijcklaan 159-171,2023-09-04,05:00:00,18,15,3,FMN 04 Jan Van Rijswijcklaan
652,Jan van Rijswijcklaan 159-171,2023-09-04,06:00:00,59,55,4,FMN 04 Jan Van Rijswijcklaan
652,Jan van Rijswijcklaan 159-171,2023-09-04,07:00:00,266,253,13,FMN 04 Jan Van Rijswijcklaan
652,Jan van Rijswijcklaan 159-171,2023-09-04,08:00:00,450,419,31,FMN 04 Jan Van Rijswijcklaan
652,Jan van Rijswijcklaan 159-171,2023-09-04,09:00:00,158,146,12,FMN 04 Jan Van Rijswijcklaan
652,Jan van Rijswijcklaan 159-171,2023-09-04,10:00:00,117,108,9,FMN 04 Jan Van Rijswijcklaan
652,Jan van Rijswijcklaan 159-171,2023-09-04,11:00:00,72,68,4,FMN 04 Jan Van Rijswijcklaan
652,Jan van Rijswijcklaan 159-171,2023-09-04,12:00:00,146,126,20,FMN 04 Jan Van Rijswijcklaan
652,Jan van Rijswijcklaan 159-171,2023-09-04,13:00:00,126,109,17,FMN 04 Jan Van Rijswijcklaan
652,Jan van Rijswijcklaan 159-171,2023-09-04,14:00:00,128,113,15,FMN 04 Jan Van Rijswijcklaan
652,Jan van Rijswijcklaan 159-171,2023-09-04,15:00:00,203,179,24,FMN 04 Jan Van Rijswijcklaan
652,Jan van Rijswijcklaan 159-171,2023-09-04,16:00:00,269,233,36,FMN 04 Jan Van Rijswijcklaan
652,Jan van Rijswijcklaan 159-171,2023-09-04,17:00:00,259,225,34,FMN 04 Jan Van Rijswijcklaan
652,Jan van Rijswijcklaan 159-171,2023-09-04,18:00:00,170,149,21,FMN 04 Jan Van Rijswijcklaan
652,Jan van Rijswijcklaan 159-171,2023-09-04,19:00:00,120,95,25,FMN 04 Jan Van Rijswijcklaan
652,Jan van Rijswijcklaan 159-171,2023-09-04,20:00:00,91,66,25,FMN 04 Jan Van Rijswijcklaan
652,Jan van Rijswijcklaan 159-171,2023-09-04,21:00:00,75,58,17,FMN 04 Jan Van Rijswijcklaan
652,Jan van Rijswijcklaan 159-171,2023-09-04,22:00:00,78,65,13,FMN 04 Jan Van Rijswijcklaan
652,Jan van Rijswijcklaan 159-171,2023-09-04,23:00:00,25,19,6,FMN 04 Jan Van Rijswijcklaan
652,Jan van Rijswijcklaan 159-171,2023-09-05,00:00:00,8,8,0,FMN 04 Jan Van Rijswijcklaan
652,Jan van Rijswijcklaan 159-171,2023-09-05,01:00:00,7,6,1,FMN 04 Jan Van Rijswijcklaan
652,Jan van Rijswijcklaan 159-171,2023-09-05,02:00:00,2,2,0,FMN 04 Jan Van Rijswijcklaan
652,Jan van Rijswijcklaan 159-171,2023-09-05,03:00:00,3,2,1,FMN 04 Jan Van Rijswijcklaan
652,Jan van Rijswijcklaan 159-171,2023-09-05,04:00:00,11,10,1,FMN 04 Jan Van Rijswijcklaan
652,Jan van Rijswijcklaan 159-171,2023-09-05,05:00:00,31,24,7,FMN 04 Jan Van Rijswijcklaan
652,Jan van Rijswijcklaan 159-171,2023-09-05,06:00:00,56,53,3,FMN 04 Jan Van Rijswijcklaan
652,Jan van Rijswijcklaan 159-171,2023-09-05,07:00:00,284,269,15,FMN 04 Jan Van Rijswijcklaan
652,Jan van Rijswijcklaan 159-171,2023-09-05,08:00:00,478,449,29,FMN 04 Jan Van Rijswijcklaan
652,Jan van Rijswijcklaan 159-171,2023-09-05,09:00:00,168,158,10,FMN 04 Jan Van Rijswijcklaan
652,Jan van Rijswijcklaan 159-171,2023-09-05,10:00:00,106,100,6,FMN 04 Jan Van Rijswijcklaan
652,Jan van Rijswijcklaan 159-171,2023-09-05,11:00:00,78,69,9,FMN 04 Jan Van Rijswijcklaan
652,Jan van Rijswijcklaan 159-171,2023-09-05,12:00:00,111,95,16,FMN 04 Jan Van Rijswijcklaan
652,Jan van Rijswijcklaan 159-171,2023-09-05,13:00:00,118,103,15,FMN 04 Jan Van Rijswijcklaan
652,Jan van Rijswijcklaan 159-171,2023-09-05,14:00:00,133,116,17,FMN 04 Jan Van Rijswijcklaan
652,Jan van Rijswijcklaan 159-171,2023-09-05,15:00:00,198,174,24,FMN 04 Jan Van Rijswijcklaan
652,Jan van Rijswijcklaan 159-171,2023-09-05,16:00:00,317,291,26,FMN 04 Jan Van Rijswijcklaan
652,Jan van Rijswijcklaan 159-171,2023-09-05,17:00:00,287,250,37,FMN 04 Jan Van Rijswijcklaan
652,Jan van Rijswijcklaan 159-171,2023-09-05,18:00:00,199,172,27,FMN 04 Jan Van Rijswijcklaan
652,Jan van Rijswijcklaan 159-171,2023-09-05,19:00:00,137,111,26,FMN 04 Jan Van Rijswijcklaan
652,Jan van Rijswijcklaan 159-171,2023-09-05,20:00:00,133,106,27,FMN 04 Jan Van Rijswijcklaan
652,Jan van Rijswijcklaan 159-171,2023-09-05,21:00:00,91,67,24,FMN 04 Jan Van Rijswijcklaan
652,Jan van Rijswijcklaan 159-171,2023-09-05,22:00:00,83,69,14,FMN 04 Jan Van Rijswijcklaan
652,Jan van Rijswijcklaan 159-171,2023-09-05,23:00:00,45,30,15,FMN 04 Jan Van Rijswijcklaan
652,Jan van Rijswijcklaan 159-171,2023-09-06,00:00:00,21,14,7,FMN 04 Jan Van Rijswijcklaan
652,Jan van Rijswijcklaan 159-171,2023-09-06,01:00:00,8,5,3,FMN 04 Jan Van Rijswijcklaan
652,Jan van Rijswijcklaan 159-171,2023-09-06,02:00:00,3,2,1,FMN 04 Jan Van Rijswijcklaan
652,Jan van Rijswijcklaan 159-171,2023-09-06,03:00:00,4,1,3,FMN 04 Jan Van Rijswijcklaan
652,Jan van Rijswijcklaan 159-171,2023-09-06,04:00:00,16,14,2,FMN 04 Jan Van Rijswijcklaan
652,Jan van Rijswijcklaan 159-171,2023-09-06,05:00:00,23,17,6,FMN 04 Jan Van Rijswijcklaan
652,Jan van Rijswijcklaan 159-171,2023-09-06,06:00:00,60,55,5,FMN 04 Jan Van Rijswijcklaan
652,Jan van Rijswijcklaan 159-171,2023-09-06,07:00:00,220,204,16,FMN 04 Jan Van Rijswijcklaan
652,Jan van Rijswijcklaan 159-171,2023-09-06,08:00:00,388,360,28,FMN 04 Jan Van Rijswijcklaan
652,Jan van Rijswijcklaan 159-171,2023-09-06,09:00:00,151,136,15,FMN 04 Jan Van Rijswijcklaan
652,Jan van Rijswijcklaan 159-171,2023-09-06,10:00:00,109,94,15,FMN 04 Jan Van Rijswijcklaan
652,Jan van Rijswijcklaan 159-171,2023-09-06,11:00:00,117,102,15,FMN 04 Jan Van Rijswijcklaan
652,Jan van Rijswijcklaan 159-171,2023-09-06,12:00:00,300,264,36,FMN 04 Jan Van Rijswijcklaan
652,Jan van Rijswijcklaan 159-171,2023-09-06,13:00:00,131,104,27,FMN 04 Jan Van Rijswijcklaan
652,Jan van Rijswijcklaan 159-171,2023-09-06,14:00:00,114,94,20,FMN 04 Jan Van Rijswijcklaan
652,Jan van Rijswijcklaan 159-171,2023-09-06,15:00:00,153,138,15,FMN 04 Jan Van Rijswijcklaan
652,Jan van Rijswijcklaan 159-171,2023-09-06,16:00:00,208,179,29,FMN 04 Jan Van Rijswijcklaan
652,Jan van Rijswijcklaan 159-171,2023-09-06,17:00:00,275,248,27,FMN 04 Jan Van Rijswijcklaan
652,Jan van Rijswijcklaan 159-171,2023-09-06,18:00:00,220,187,33,FMN 04 Jan Van Rijswijcklaan
652,Jan van Rijswijcklaan 159-171,2023-09-06,19:00:00,143,114,29,FMN 04 Jan Van Rijswijcklaan
652,Jan van Rijswijcklaan 159-171,2023-09-06,20:00:00,174,142,32,FMN 04 Jan Van Rijswijcklaan
652,Jan van Rijswijcklaan 159-171,2023-09-06,21:00:00,59,49,10,FMN 04 Jan Van Rijswijcklaan
652,Jan van Rijswijcklaan 159-171,2023-09-06,22:00:00,100,85,15,FMN 04 Jan Van Rijswijcklaan
652,Jan van Rijswijcklaan 159-171,2023-09-06,23:00:00,27,19,8,FMN 04 Jan Van Rijswijcklaan
652,Jan van Rijswijcklaan 159-171,2023-09-07,00:00:00,15,12,3,FMN 04 Jan Van Rijswijcklaan
652,Jan van Rijswijcklaan 159-171,2023-09-07,01:00:00,7,7,0,FMN 04 Jan Van Rijswijcklaan
652,Jan van Rijswijcklaan 159-171,2023-09-07,02:00:00,4,2,2,FMN 04 Jan Van Rijswijcklaan
652,Jan van Rijswijcklaan 159-171,2023-09-07,03:00:00,4,2,2,FMN 04 Jan Van Rijswijcklaan
652,Jan van Rijswijcklaan 159-171,2023-09-07,04:00:00,19,17,2,FMN 04 Jan Van Rijswijcklaan
652,Jan van Rijswijcklaan 159-171,2023-09-07,05:00:00,23,18,5,FMN 04 Jan Van Rijswijcklaan
652,Jan van Rijswijcklaan 159-171,2023-09-07,06:00:00,67,59,8,FMN 04 Jan Van Rijswijcklaan
652,Jan van Rijswijcklaan 159-171,2023-09-07,07:00:00,251,237,14,FMN 04 Jan Van Rijswijcklaan
652,Jan van Rijswijcklaan 159-171,2023-09-07,08:00:00,450,423,27,FMN 04 Jan Van Rijswijcklaan
652,Jan van Rijswijcklaan 159-171,2023-09-07,09:00:00,161,154,7,FMN 04 Jan Van Rijswijcklaan
652,Jan van Rijswijcklaan 159-171,2023-09-07,10:00:00,106,96,10,FMN 04 Jan Van Rijswijcklaan
652,Jan van Rijswijcklaan 159-171,2023-09-07,11:00:00,79,71,8,FMN 04 Jan Van Rijswijcklaan
652,Jan van Rijswijcklaan 159-171,2023-09-07,12:00:00,115,101,14,FMN 04 Jan Van Rijswijcklaan
652,Jan van Rijswijcklaan 159-171,2023-09-07,13:00:00,134,118,16,FMN 04 Jan Van Rijswijcklaan
652,Jan van Rijswijcklaan 159-171,2023-09-07,14:00:00,123,101,22,FMN 04 Jan Van Rijswijcklaan
652,Jan van Rijswijcklaan 159-171,2023-09-07,15:00:00,223,196,27,FMN 04 Jan Van Rijswijcklaan
652,Jan van Rijswijcklaan 159-171,2023-09-07,16:00:00,288,258,30,FMN 04 Jan Van Rijswijcklaan
652,Jan van Rijswijcklaan 159-171,2023-09-07,17:00:00,256,224,32,FMN 04 Jan Van Rijswijcklaan
652,Jan van Rijswijcklaan 159-171,2023-09-07,18:00:00,216,177,39,FMN 04 Jan Van Rijswijcklaan
652,Jan van Rijswijcklaan 159-171,2023-09-07,19:00:00,135,114,21,FMN 04 Jan Van Rijswijcklaan
652,Jan van Rijswijcklaan 159-171,2023-09-07,20:00:00,121,100,21,FMN 04 Jan Van Rijswijcklaan
652,Jan van Rijswijcklaan 159-171,2023-09-07,21:00:00,93,79,14,FMN 04 Jan Van Rijswijcklaan
652,Jan van Rijswijcklaan 159-171,2023-09-07,22:00:00,88,74,14,FMN 04 Jan Van Rijswijcklaan
652,Jan van Rijswijcklaan 159-171,2023-09-07,23:00:00,59,47,12,FMN 04 Jan Van Rijswijcklaan
652,Jan van Rijswijcklaan 159-171,2023-09-08,00:00:00,23,17,6,FMN 04 Jan Van Rijswijcklaan
652,Jan van Rijswijcklaan 159-171,2023-09-08,01:00:00,10,8,2,FMN 04 Jan Van Rijswijcklaan
652,Jan van Rijswijcklaan 159-171,2023-09-08,02:00:00,3,2,1,FMN 04 Jan Van Rijswijcklaan
652,Jan van Rijswijcklaan 159-171,2023-09-08,03:00:00,8,5,3,FMN 04 Jan Van Rijswijcklaan
652,Jan van Rijswijcklaan 159-171,2023-09-08,04:00:00,13,12,1,FMN 04 Jan Van Rijswijcklaan
652,Jan van Rijswijcklaan 159-171,2023-09-08,05:00:00,21,16,5,FMN 04 Jan Van Rijswijcklaan
652,Jan van Rijswijcklaan 159-171,2023-09-08,06:00:00,54,48,6,FMN 04 Jan Van Rijswijcklaan
652,Jan van Rijswijcklaan 159-171,2023-09-08,07:00:00,214,206,8,FMN 04 Jan Van Rijswijcklaan
652,Jan van Rijswijcklaan 159-171,2023-09-08,08:00:00,405,379,26,FMN 04 Jan Van Rijswijcklaan
652,Jan van Rijswijcklaan 159-171,2023-09-08,09:00:00,148,143,5,FMN 04 Jan Van Rijswijcklaan
652,Jan van Rijswijcklaan 159-171,2023-09-08,10:00:00,124,114,10,FMN 04 Jan Van Rijswijcklaan
652,Jan van Rijswijcklaan 159-171,2023-09-08,11:00:00,126,111,15,FMN 04 Jan Van Rijswijcklaan
652,Jan van Rijswijcklaan 159-171,2023-09-08,12:00:00,166,144,22,FMN 04 Jan Van Rijswijcklaan
652,Jan van Rijswijcklaan 159-171,2023-09-08,13:00:00,114,96,18,FMN 04 Jan Van Rijswijcklaan
652,Jan van Rijswijcklaan 159-171,2023-09-08,14:00:00,120,107,13,FMN 04 Jan Van Rijswijcklaan
652,Jan van Rijswijcklaan 159-171,2023-09-08,15:00:00,246,220,26,FMN 04 Jan Van Rijswijcklaan
652,Jan van Rijswijcklaan 159-171,2023-09-08,16:00:00,292,254,38,FMN 04 Jan Van Rijswijcklaan
652,Jan van Rijswijcklaan 159-171,2023-09-08,17:00:00,217,180,37,FMN 04 Jan Van Rijswijcklaan
652,Jan van Rijswijcklaan 159-171,2023-09-08,18:00:00,242,198,44,FMN 04 Jan Van Rijswijcklaan
652,Jan van Rijswijcklaan 159-171,2023-09-08,19:00:00,209,178,31,FMN 04 Jan Van Rijswijcklaan
652,Jan van Rijswijcklaan 159-171,2023-09-08,20:00:00,177,156,21,FMN 04 Jan Van Rijswijcklaan
652,Jan van Rijswijcklaan 159-171,2023-09-08,21:00:00,145,125,20,FMN 04 Jan Van Rijswijcklaan
652,Jan van Rijswijcklaan 159-171,2023-09-08,22:00:00,95,83,12,FMN 04 Jan Van Rijswijcklaan
652,Jan van Rijswijcklaan 159-171,2023-09-08,23:00:00,55,48,7,FMN 04 Jan Van Rijswijcklaan
652,Jan van Rijswijcklaan 159-171,2023-09-09,00:00:00,32,21,11,FMN 04 Jan Van Rijswijcklaan
652,Jan van Rijswijcklaan 159-171,2023-09-09,01:00:00,32,26,6,FMN 04 Jan Van Rijswijcklaan
652,Jan van Rijswijcklaan 159-171,2023-09-09,02:00:00,18,13,5,FMN 04 Jan Van Rijswijcklaan
652,Jan van Rijswijcklaan 159-171,2023-09-09,03:00:00,13,9,4,FMN 04 Jan Van Rijswijcklaan
652,Jan van Rijswijcklaan 159-171,2023-09-09,04:00:00,10,8,2,FMN 04 Jan Van Rijswijcklaan
652,Jan van Rijswijcklaan 159-171,2023-09-09,05:00:00,11,8,3,FMN 04 Jan Van Rijswijcklaan
652,Jan van Rijswijcklaan 159-171,2023-09-09,06:00:00,19,17,2,FMN 04 Jan Van Rijswijcklaan
652,Jan van Rijswijcklaan 159-171,2023-09-09,07:00:00,36,31,5,FMN 04 Jan Van Rijswijcklaan
652,Jan van Rijswijcklaan 159-171,2023-09-09,08:00:00,39,36,3,FMN 04 Jan Van Rijswijcklaan
652,Jan van Rijswijcklaan 159-171,2023-09-09,09:00:00,111,92,19,FMN 04 Jan Van Rijswijcklaan
652,Jan van Rijswijcklaan 159-171,2023-09-09,10:00:00,144,135,9,FMN 04 Jan Van Rijswijcklaan
652,Jan van Rijswijcklaan 159-171,2023-09-09,11:00:00,132,118,14,FMN 04 Jan Van Rijswijcklaan
652,Jan van Rijswijcklaan 159-171,2023-09-09,12:00:00,129,114,15,FMN 04 Jan Van Rijswijcklaan
652,Jan van Rijswijcklaan 159-171,2023-09-09,13:00:00,138,124,14,FMN 04 Jan Van Rijswijcklaan
652,Jan van Rijswijcklaan 159-171,2023-09-09,14:00:00,137,115,22,FMN 04 Jan Van Rijswijcklaan
652,Jan van Rijswijcklaan 159-171,2023-09-09,15:00:00,94,75,19,FMN 04 Jan Van Rijswijcklaan
652,Jan van Rijswijcklaan 159-171,2023-09-09,16:00:00,90,78,12,FMN 04 Jan Van Rijswijcklaan
652,Jan van Rijswijcklaan 159-171,2023-09-09,17:00:00,116,99,17,FMN 04 Jan Van Rijswijcklaan
652,Jan van Rijswijcklaan 159-171,2023-09-09,18:00:00,146,122,24,FMN 04 Jan Van Rijswijcklaan
652,Jan van Rijswijcklaan 159-171,2023-09-09,19:00:00,75,58,17,FMN 04 Jan Van Rijswijcklaan
652,Jan van Rijswijcklaan 159-171,2023-09-09,20:00:00,96,84,12,FMN 04 Jan Van Rijswijcklaan
652,Jan van Rijswijcklaan 159-171,2023-09-09,21:00:00,62,52,10,FMN 04 Jan Van Rijswijcklaan
652,Jan van Rijswijcklaan 159-171,2023-09-09,22:00:00,44,30,14,FMN 04 Jan Van Rijswijcklaan
652,Jan van Rijswijcklaan 159-171,2023-09-09,23:00:00,30,27,3,FMN 04 Jan Van Rijswijcklaan
652,Jan van Rijswijcklaan 159-171,2023-09-10,00:00:00,26,21,5,FMN 04 Jan Van Rijswijcklaan
652,Jan van Rijswijcklaan 159-171,2023-09-10,01:00:00,25,20,5,FMN 04 Jan Van Rijswijcklaan
652,Jan van Rijswijcklaan 159-171,2023-09-10,02:00:00,18,11,7,FMN 04 Jan Van Rijswijcklaan
652,Jan van Rijswijcklaan 159-171,2023-09-10,03:00:00,14,9,5,FMN 04 Jan Van Rijswijcklaan
652,Jan van Rijswijcklaan 159-171,2023-09-10,04:00:00,3,2,1,FMN 04 Jan Van Rijswijcklaan
652,Jan van Rijswijcklaan 159-171,2023-09-10,05:00:00,6,5,1,FMN 04 Jan Van Rijswijcklaan
652,Jan van Rijswijcklaan 159-171,2023-09-10,06:00:00,13,12,1,FMN 04 Jan Van Rijswijcklaan
652,Jan van Rijswijcklaan 159-171,2023-09-10,07:00:00,27,24,3,FMN 04 Jan Van Rijswijcklaan
652,Jan van Rijswijcklaan 159-171,2023-09-10,08:00:00,28,25,3,FMN 04 Jan Van Rijswijcklaan
652,Jan van Rijswijcklaan 159-171,2023-09-10,09:00:00,89,78,11,FMN 04 Jan Van Rijswijcklaan
652,Jan van Rijswijcklaan 159-171,2023-09-10,10:00:00,100,85,15,FMN 04 Jan Van Rijswijcklaan
652,Jan van Rijswijcklaan 159-171,2023-09-10,11:00:00,113,97,16,FMN 04 Jan Van Rijswijcklaan
652,Jan van Rijswijcklaan 159-171,2023-09-10,12:00:00,107,86,21,FMN 04 Jan Van Rijswijcklaan
652,Jan van Rijswijcklaan 159-171,2023-09-10,13:00:00,113,90,23,FMN 04 Jan Van Rijswijcklaan
652,Jan van Rijswijcklaan 159-171,2023-09-10,14:00:00,106,89,17,FMN 04 Jan Van Rijswijcklaan
652,Jan van Rijswijcklaan 159-171,2023-09-10,15:00:00,81,62,19,FMN 04 Jan Van Rijswijcklaan
652,Jan van Rijswijcklaan 159-171,2023-09-10,16:00:00,99,81,18,FMN 04 Jan Van Rijswijcklaan
652,Jan van Rijswijcklaan 159-171,2023-09-10,17:00:00,100,86,14,FMN 04 Jan Van Rijswijcklaan
652,Jan van Rijswijcklaan 159-171,2023-09-10,18:00:00,108,95,13,FMN 04 Jan Van Rijswijcklaan
652,Jan van Rijswijcklaan 159-171,2023-09-10,19:00:00,71,56,15,FMN 04 Jan Van Rijswijcklaan
652,Jan van Rijswijcklaan 159-171,2023-09-10,20:00:00,63,48,15,FMN 04 Jan Van Rijswijcklaan
652,Jan van Rijswijcklaan 159-171,2023-09-10,21:00:00,49,41,8,FMN 04 Jan Van Rijswijcklaan
652,Jan van Rijswijcklaan 159-171,2023-09-10,22:00:00,39,29,10,FMN 04 Jan Van Rijswijcklaan
652,Jan van Rijswijcklaan 159-171,2023-09-10,23:00:00,20,17,3,FMN 04 Jan Van Rijswijcklaan
652,Jan van Rijswijcklaan 159-171,2023-09-11,00:00:00,13,10,3,FMN 04 Jan Van Rijswijcklaan
652,Jan van Rijswijcklaan 159-171,2023-09-11,01:00:00,10,8,2,FMN 04 Jan Van Rijswijcklaan
652,Jan van Rijswijcklaan 159-171,2023-09-11,02:00:00,5,4,1,FMN 04 Jan Van Rijswijcklaan
652,Jan van Rijswijcklaan 159-171,2023-09-11,03:00:00,3,3,0,FMN 04 Jan Van Rijswijcklaan
652,Jan van Rijswijcklaan 159-171,2023-09-11,04:00:00,10,9,1,FMN 04 Jan Van Rijswijcklaan
652,Jan van Rijswijcklaan 159-171,2023-09-11,05:00:00,23,19,4,FMN 04 Jan Van Rijswijcklaan
652,Jan van Rijswijcklaan 159-171,2023-09-11,06:00:00,55,51,4,FMN 04 Jan Van Rijswijcklaan
652,Jan van Rijswijcklaan 159-171,2023-09-11,07:00:00,279,266,13,FMN 04 Jan Van Rijswijcklaan
652,Jan van Rijswijcklaan 159-171,2023-09-11,08:00:00,514,479,35,FMN 04 Jan Van Rijswijcklaan
652,Jan van Rijswijcklaan 159-171,2023-09-11,09:00:00,176,161,15,FMN 04 Jan Van Rijswijcklaan
652,Jan van Rijswijcklaan 159-171,2023-09-11,10:00:00,102,90,12,FMN 04 Jan Van Rijswijcklaan
652,Jan van Rijswijcklaan 159-171,2023-09-11,11:00:00,134,113,21,FMN 04 Jan Van Rijswijcklaan
652,Jan van Rijswijcklaan 159-171,2023-09-11,12:00:00,179,159,20,FMN 04 Jan Van Rijswijcklaan
652,Jan van Rijswijcklaan 159-171,2023-09-11,13:00:00,176,152,24,FMN 04 Jan Van Rijswijcklaan
652,Jan van Rijswijcklaan 159-171,2023-09-11,14:00:00,143,128,15,FMN 04 Jan Van Rijswijcklaan
652,Jan van Rijswijcklaan 159-171,2023-09-11,15:00:00,270,240,30,FMN 04 Jan Van Rijswijcklaan
652,Jan van Rijswijcklaan 159-171,2023-09-11,16:00:00,350,287,63,FMN 04 Jan Van Rijswijcklaan
652,Jan van Rijswijcklaan 159-171,2023-09-11,17:00:00,252,217,35,FMN 04 Jan Van Rijswijcklaan
652,Jan van Rijswijcklaan 159-171,2023-09-11,18:00:00,237,202,35,FMN 04 Jan Van Rijswijcklaan
652,Jan van Rijswijcklaan 159-171,2023-09-11,19:00:00,165,139,26,FMN 04 Jan Van Rijswijcklaan
652,Jan van Rijswijcklaan 159-171,2023-09-11,20:00:00,146,124,22,FMN 04 Jan Van Rijswijcklaan
652,Jan van Rijswijcklaan 159-171,2023-09-11,21:00:00,79,64,15,FMN 04 Jan Van Rijswijcklaan
652,Jan van Rijswijcklaan 159-171,2023-09-11,22:00:00,85,74,11,FMN 04 Jan Van Rijswijcklaan
652,Jan van Rijswijcklaan 159-171,2023-09-11,23:00:00,34,24,10,FMN 04 Jan Van Rijswijcklaan
652,Jan van Rijswijcklaan 159-171,2023-09-12,00:00:00,11,10,1,FMN 04 Jan Van Rijswijcklaan
652,Jan van Rijswijcklaan 159-171,2023-09-12,01:00:00,2,1,1,FMN 04 Jan Van Rijswijcklaan
652,Jan van Rijswijcklaan 159-171,2023-09-12,02:00:00,3,3,0,FMN 04 Jan Van Rijswijcklaan
652,Jan van Rijswijcklaan 159-171,2023-09-12,03:00:00,2,0,2,FMN 04 Jan Van Rijswijcklaan
652,Jan van Rijswijcklaan 159-171,2023-09-12,04:00:00,13,11,2,FMN 04 Jan Van Rijswijcklaan
652,Jan van Rijswijcklaan 159-171,2023-09-12,05:00:00,29,24,5,FMN 04 Jan Van Rijswijcklaan
652,Jan van Rijswijcklaan 159-171,2023-09-12,06:00:00,62,57,5,FMN 04 Jan Van Rijswijcklaan
652,Jan van Rijswijcklaan 159-171,2023-09-12,07:00:00,279,266,13,FMN 04 Jan Van Rijswijcklaan
652,Jan van Rijswijcklaan 159-171,2023-09-12,08:00:00,500,477,23,FMN 04 Jan Van Rijswijcklaan
652,Jan van Rijswijcklaan 159-171,2023-09-12,09:00:00,199,183,16,FMN 04 Jan Van Rijswijcklaan
652,Jan van Rijswijcklaan 159-171,2023-09-12,10:00:00,131,117,14,FMN 04 Jan Van Rijswijcklaan
652,Jan van Rijswijcklaan 159-171,2023-09-12,11:00:00,86,78,8,FMN 04 Jan Van Rijswijcklaan
652,Jan van Rijswijcklaan 159-171,2023-09-12,12:00:00,130,112,18,FMN 04 Jan Van Rijswijcklaan
652,Jan van Rijswijcklaan 159-171,2023-09-12,13:00:00,146,125,21,FMN 04 Jan Van Rijswijcklaan
652,Jan van Rijswijcklaan 159-171,2023-09-12,14:00:00,149,130,19,FMN 04 Jan Van Rijswijcklaan
652,Jan van Rijswijcklaan 159-171,2023-09-12,15:00:00,214,187,27,FMN 04 Jan Van Rijswijcklaan
652,Jan van Rijswijcklaan 159-171,2023-09-12,16:00:00,294,264,30,FMN 04 Jan Van Rijswijcklaan
652,Jan van Rijswijcklaan 159-171,2023-09-12,17:00:00,277,244,33,FMN 04 Jan Van Rijswijcklaan
652,Jan van Rijswijcklaan 159-171,2023-09-12,18:00:00,225,204,21,FMN 04 Jan Van Rijswijcklaan
652,Jan van Rijswijcklaan 159-171,2023-09-12,19:00:00,128,106,22,FMN 04 Jan Van Rijswijcklaan
652,Jan van Rijswijcklaan 159-171,2023-09-12,20:00:00,128,102,26,FMN 04 Jan Van Rijswijcklaan
652,Jan van Rijswijcklaan 159-171,2023-09-12,21:00:00,109,95,14,FMN 04 Jan Van Rijswijcklaan
652,Jan van Rijswijcklaan 159-171,2023-09-12,22:00:00,73,61,12,FMN 04 Jan Van Rijswijcklaan
652,Jan van Rijswijcklaan 159-171,2023-09-12,23:00:00,39,32,7,FMN 04 Jan Van Rijswijcklaan
652,Jan van Rijswijcklaan 159-171,2023-09-13,00:00:00,12,8,4,FMN 04 Jan Van Rijswijcklaan
652,Jan van Rijswijcklaan 159-171,2023-09-13,01:00:00,6,6,0,FMN 04 Jan Van Rijswijcklaan
652,Jan van Rijswijcklaan 159-171,2023-09-13,02:00:00,3,1,2,FMN 04 Jan Van Rijswijcklaan
652,Jan van Rijswijcklaan 159-171,2023-09-13,03:00:00,7,6,1,FMN 04 Jan Van Rijswijcklaan
652,Jan van Rijswijcklaan 159-171,2023-09-13,04:00:00,8,8,0,FMN 04 Jan Van Rijswijcklaan
652,Jan van Rijswijcklaan 159-171,2023-09-13,05:00:00,24,20,4,FMN 04 Jan Van Rijswijcklaan
652,Jan van Rijswijcklaan 159-171,2023-09-13,06:00:00,64,58,6,FMN 04 Jan Van Rijswijcklaan
652,Jan van Rijswijcklaan 159-171,2023-09-13,07:00:00,232,218,14,FMN 04 Jan Van Rijswijcklaan
652,Jan van Rijswijcklaan 159-171,2023-09-13,08:00:00,464,437,27,FMN 04 Jan Van Rijswijcklaan
652,Jan van Rijswijcklaan 159-171,2023-09-13,09:00:00,162,150,12,FMN 04 Jan Van Rijswijcklaan
652,Jan van Rijswijcklaan 159-171,2023-09-13,10:00:00,101,83,18,FMN 04 Jan Van Rijswijcklaan
652,Jan van Rijswijcklaan 159-171,2023-09-13,11:00:00,98,94,4,FMN 04 Jan Van Rijswijcklaan
652,Jan van Rijswijcklaan 159-171,2023-09-13,12:00:00,364,329,35,FMN 04 Jan Van Rijswijcklaan
652,Jan van Rijswijcklaan 159-171,2023-09-13,13:00:00,156,130,26,FMN 04 Jan Van Rijswijcklaan
652,Jan van Rijswijcklaan 159-171,2023-09-13,14:00:00,150,127,23,FMN 04 Jan Van Rijswijcklaan
652,Jan van Rijswijcklaan 159-171,2023-09-13,15:00:00,168,145,23,FMN 04 Jan Van Rijswijcklaan
652,Jan van Rijswijcklaan 159-171,2023-09-13,16:00:00,230,204,26,FMN 04 Jan Van Rijswijcklaan
652,Jan van Rijswijcklaan 159-171,2023-09-13,17:00:00,295,262,33,FMN 04 Jan Van Rijswijcklaan
652,Jan van Rijswijcklaan 159-171,2023-09-13,18:00:00,225,196,29,FMN 04 Jan Van Rijswijcklaan
652,Jan van Rijswijcklaan 159-171,2023-09-13,19:00:00,188,146,42,FMN 04 Jan Van Rijswijcklaan
652,Jan van Rijswijcklaan 159-171,2023-09-13,20:00:00,176,158,18,FMN 04 Jan Van Rijswijcklaan
652,Jan van Rijswijcklaan 159-171,2023-09-13,21:00:00,94,74,20,FMN 04 Jan Van Rijswijcklaan
652,Jan van Rijswijcklaan 159-171,2023-09-13,22:00:00,100,85,15,FMN 04 Jan Van Rijswijcklaan
652,Jan van Rijswijcklaan 159-171,2023-09-13,23:00:00,31,21,10,FMN 04 Jan Van Rijswijcklaan
652,Jan van Rijswijcklaan 159-171,2023-09-14,00:00:00,21,16,5,FMN 04 Jan Van Rijswijcklaan
652,Jan van Rijswijcklaan 159-171,2023-09-14,01:00:00,4,1,3,FMN 04 Jan Van Rijswijcklaan
652,Jan van Rijswijcklaan 159-171,2023-09-14,02:00:00,2,0,2,FMN 04 Jan Van Rijswijcklaan
652,Jan van Rijswijcklaan 159-171,2023-09-14,03:00:00,3,3,0,FMN 04 Jan Van Rijswijcklaan
652,Jan van Rijswijcklaan 159-171,2023-09-14,04:00:00,11,11,0,FMN 04 Jan Van Rijswijcklaan
652,Jan van Rijswijcklaan 159-171,2023-09-14,05:00:00,26,22,4,FMN 04 Jan Van Rijswijcklaan
652,Jan van Rijswijcklaan 159-171,2023-09-14,06:00:00,65,61,4,FMN 04 Jan Van Rijswijcklaan
652,Jan van Rijswijcklaan 159-171,2023-09-14,07:00:00,252,240,12,FMN 04 Jan Van Rijswijcklaan
652,Jan van Rijswijcklaan 159-171,2023-09-14,08:00:00,522,496,26,FMN 04 Jan Van Rijswijcklaan
652,Jan van Rijswijcklaan 159-171,2023-09-14,09:00:00,182,166,16,FMN 04 Jan Van Rijswijcklaan
652,Jan van Rijswijcklaan 159-171,2023-09-14,10:00:00,136,132,4,FMN 04 Jan Van Rijswijcklaan
652,Jan van Rijswijcklaan 159-171,2023-09-14,11:00:00,107,94,13,FMN 04 Jan Van Rijswijcklaan
652,Jan van Rijswijcklaan 159-171,2023-09-14,12:00:00,149,131,18,FMN 04 Jan Van Rijswijcklaan
652,Jan van Rijswijcklaan 159-171,2023-09-14,13:00:00,156,137,19,FMN 04 Jan Van Rijswijcklaan
652,Jan van Rijswijcklaan 159-171,2023-09-14,14:00:00,137,121,16,FMN 04 Jan Van Rijswijcklaan
652,Jan van Rijswijcklaan 159-171,2023-09-14,15:00:00,239,216,23,FMN 04 Jan Van Rijswijcklaan
652,Jan van Rijswijcklaan 159-171,2023-09-14,16:00:00,338,291,47,FMN 04 Jan Van Rijswijcklaan
652,Jan van Rijswijcklaan 159-171,2023-09-14,17:00:00,303,258,45,FMN 04 Jan Van Rijswijcklaan
652,Jan van Rijswijcklaan 159-171,2023-09-14,18:00:00,213,188,25,FMN 04 Jan Van Rijswijcklaan
652,Jan van Rijswijcklaan 159-171,2023-09-14,19:00:00,164,131,33,FMN 04 Jan Van Rijswijcklaan
652,Jan van Rijswijcklaan 159-171,2023-09-14,20:00:00,162,126,36,FMN 04 Jan Van Rijswijcklaan
652,Jan van Rijswijcklaan 159-171,2023-09-14,21:00:00,102,83,19,FMN 04 Jan Van Rijswijcklaan
652,Jan van Rijswijcklaan 159-171,2023-09-14,22:00:00,124,107,17,FMN 04 Jan Van Rijswijcklaan
652,Jan van Rijswijcklaan 159-171,2023-09-14,23:00:00,63,49,14,FMN 04 Jan Van Rijswijcklaan
652,Jan van Rijswijcklaan 159-171,2023-09-15,00:00:00,26,21,5,FMN 04 Jan Van Rijswijcklaan
652,Jan van Rijswijcklaan 159-171,2023-09-15,01:00:00,11,7,4,FMN 04 Jan Van Rijswijcklaan
652,Jan van Rijswijcklaan 159-171,2023-09-15,02:00:00,7,3,4,FMN 04 Jan Van Rijswijcklaan
652,Jan van Rijswijcklaan 159-171,2023-09-15,03:00:00,4,4,0,FMN 04 Jan Van Rijswijcklaan
652,Jan van Rijswijcklaan 159-171,2023-09-15,04:00:00,12,12,0,FMN 04 Jan Van Rijswijcklaan
652,Jan van Rijswijcklaan 159-171,2023-09-15,05:00:00,21,17,4,FMN 04 Jan Van Rijswijcklaan
652,Jan van Rijswijcklaan 159-171,2023-09-15,06:00:00,73,63,10,FMN 04 Jan Van Rijswijcklaan
652,Jan van Rijswijcklaan 159-171,2023-09-15,07:00:00,219,206,13,FMN 04 Jan Van Rijswijcklaan
652,Jan van Rijswijcklaan 159-171,2023-09-15,08:00:00,473,449,24,FMN 04 Jan Van Rijswijcklaan
652,Jan van Rijswijcklaan 159-171,2023-09-15,09:00:00,205,186,19,FMN 04 Jan Van Rijswijcklaan
652,Jan van Rijswijcklaan 159-171,2023-09-15,10:00:00,115,107,8,FMN 04 Jan Van Rijswijcklaan
652,Jan van Rijswijcklaan 159-171,2023-09-15,11:00:00,113,106,7,FMN 04 Jan Van Rijswijcklaan
652,Jan van Rijswijcklaan 159-171,2023-09-15,12:00:00,140,120,20,FMN 04 Jan Van Rijswijcklaan
652,Jan van Rijswijcklaan 159-171,2023-09-15,13:00:00,143,128,15,FMN 04 Jan Van Rijswijcklaan
652,Jan van Rijswijcklaan 159-171,2023-09-15,14:00:00,165,147,18,FMN 04 Jan Van Rijswijcklaan
652,Jan van Rijswijcklaan 159-171,2023-09-15,15:00:00,276,244,32,FMN 04 Jan Van Rijswijcklaan
652,Jan van Rijswijcklaan 159-171,2023-09-15,16:00:00,351,299,52,FMN 04 Jan Van Rijswijcklaan
652,Jan van Rijswijcklaan 159-171,2023-09-15,17:00:00,287,244,43,FMN 04 Jan Van Rijswijcklaan
652,Jan van Rijswijcklaan 159-171,2023-09-15,18:00:00,304,263,41,FMN 04 Jan Van Rijswijcklaan
652,Jan van Rijswijcklaan 159-171,2023-09-15,19:00:00,256,223,33,FMN 04 Jan Van Rijswijcklaan
652,Jan van Rijswijcklaan 159-171,2023-09-15,20:00:00,181,147,34,FMN 04 Jan Van Rijswijcklaan
652,Jan van Rijswijcklaan 159-171,2023-09-15,21:00:00,155,134,21,FMN 04 Jan Van Rijswijcklaan
652,Jan van Rijswijcklaan 159-171,2023-09-15,22:00:00,105,78,27,FMN 04 Jan Van Rijswijcklaan
652,Jan van Rijswijcklaan 159-171,2023-09-15,23:00:00,43,33,10,FMN 04 Jan Van Rijswijcklaan
652,Jan van Rijswijcklaan 159-171,2023-09-16,00:00:00,58,40,18,FMN 04 Jan Van Rijswijcklaan
652,Jan van Rijswijcklaan 159-171,2023-09-16,01:00:00,35,22,13,FMN 04 Jan Van Rijswijcklaan
652,Jan van Rijswijcklaan 159-171,2023-09-16,02:00:00,15,8,7,FMN 04 Jan Van Rijswijcklaan
652,Jan van Rijswijcklaan 159-171,2023-09-16,03:00:00,13,11,2,FMN 04 Jan Van Rijswijcklaan
652,Jan van Rijswijcklaan 159-171,2023-09-16,04:00:00,10,8,2,FMN 04 Jan Van Rijswijcklaan
652,Jan van Rijswijcklaan 159-171,2023-09-16,05:00:00,8,7,1,FMN 04 Jan Van Rijswijcklaan
652,Jan van Rijswijcklaan 159-171,2023-09-16,06:00:00,22,22,0,FMN 04 Jan Van Rijswijcklaan
652,Jan van Rijswijcklaan 159-171,2023-09-16,07:00:00,41,37,4,FMN 04 Jan Van Rijswijcklaan
652,Jan van Rijswijcklaan 159-171,2023-09-16,08:00:00,63,57,6,FMN 04 Jan Van Rijswijcklaan
652,Jan van Rijswijcklaan 159-171,2023-09-16,09:00:00,141,120,21,FMN 04 Jan Van Rijswijcklaan
652,Jan van Rijswijcklaan 159-171,2023-09-16,10:00:00,162,146,16,FMN 04 Jan Van Rijswijcklaan
652,Jan van Rijswijcklaan 159-171,2023-09-16,11:00:00,148,126,22,FMN 04 Jan Van Rijswijcklaan
652,Jan van Rijswijcklaan 159-171,2023-09-16,12:00:00,199,178,21,FMN 04 Jan Van Rijswijcklaan
652,Jan van Rijswijcklaan 159-171,2023-09-16,13:00:00,174,147,27,FMN 04 Jan Van Rijswijcklaan
652,Jan van Rijswijcklaan 159-171,2023-09-16,14:00:00,170,137,33,FMN 04 Jan Van Rijswijcklaan
652,Jan van Rijswijcklaan 159-171,2023-09-16,15:00:00,176,153,23,FMN 04 Jan Van Rijswijcklaan
652,Jan van Rijswijcklaan 159-171,2023-09-16,16:00:00,153,129,24,FMN 04 Jan Van Rijswijcklaan
652,Jan van Rijswijcklaan 159-171,2023-09-16,17:00:00,162,142,20,FMN 04 Jan Van Rijswijcklaan
652,Jan van Rijswijcklaan 159-171,2023-09-16,18:00:00,197,168,29,FMN 04 Jan Van Rijswijcklaan
652,Jan van Rijswijcklaan 159-171,2023-09-16,19:00:00,152,125,27,FMN 04 Jan Van Rijswijcklaan
652,Jan van Rijswijcklaan 159-171,2023-09-16,20:00:00,83,76,7,FMN 04 Jan Van Rijswijcklaan
652,Jan van Rijswijcklaan 159-171,2023-09-16,21:00:00,50,43,7,FMN 04 Jan Van Rijswijcklaan
652,Jan van Rijswijcklaan 159-171,2023-09-16,22:00:00,145,131,14,FMN 04 Jan Van Rijswijcklaan
652,Jan van Rijswijcklaan 159-171,2023-09-16,23:00:00,62,46,16,FMN 04 Jan Van Rijswijcklaan
652,Jan van Rijswijcklaan 159-171,2023-09-17,00:00:00,43,36,7,FMN 04 Jan Van Rijswijcklaan
652,Jan van Rijswijcklaan 159-171,2023-09-17,01:00:00,27,20,7,FMN 04 Jan Van Rijswijcklaan
652,Jan van Rijswijcklaan 159-171,2023-09-17,02:00:00,17,10,7,FMN 04 Jan Van Rijswijcklaan
652,Jan van Rijswijcklaan 159-171,2023-09-17,03:00:00,9,5,4,FMN 04 Jan Van Rijswijcklaan
652,Jan van Rijswijcklaan 159-171,2023-09-17,04:00:00,9,5,4,FMN 04 Jan Van Rijswijcklaan
652,Jan van Rijswijcklaan 159-171,2023-09-17,05:00:00,8,6,2,FMN 04 Jan Van Rijswijcklaan
652,Jan van Rijswijcklaan 159-171,2023-09-17,06:00:00,14,12,2,FMN 04 Jan Van Rijswijcklaan
652,Jan van Rijswijcklaan 159-171,2023-09-17,07:00:00,23,23,0,FMN 04 Jan Van Rijswijcklaan
652,Jan van Rijswijcklaan 159-171,2023-09-17,08:00:00,40,31,9,FMN 04 Jan Van Rijswijcklaan
652,Jan van Rijswijcklaan 159-171,2023-09-17,09:00:00,101,87,14,FMN 04 Jan Van Rijswijcklaan
652,Jan van Rijswijcklaan 159-171,2023-09-17,10:00:00,111,97,14,FMN 04 Jan Van Rijswijcklaan
652,Jan van Rijswijcklaan 159-171,2023-09-17,11:00:00,94,85,9,FMN 04 Jan Van Rijswijcklaan
652,Jan van Rijswijcklaan 159-171,2023-09-17,12:00:00,148,120,28,FMN 04 Jan Van Rijswijcklaan
652,Jan van Rijswijcklaan 159-171,2023-09-17,13:00:00,157,140,17,FMN 04 Jan Van Rijswijcklaan
652,Jan van Rijswijcklaan 159-171,2023-09-17,14:00:00,144,136,8,FMN 04 Jan Van Rijswijcklaan
652,Jan van Rijswijcklaan 159-171,2023-09-17,15:00:00,134,116,18,FMN 04 Jan Van Rijswijcklaan
652,Jan van Rijswijcklaan 159-171,2023-09-17,16:00:00,97,89,8,FMN 04 Jan Van Rijswijcklaan
652,Jan van Rijswijcklaan 159-171,2023-09-17,17:00:00,114,88,26,FMN 04 Jan Van Rijswijcklaan
652,Jan van Rijswijcklaan 159-171,2023-09-17,18:00:00,75,63,12,FMN 04 Jan Van Rijswijcklaan
652,Jan van Rijswijcklaan 159-171,2023-09-17,19:00:00,69,53,16,FMN 04 Jan Van Rijswijcklaan
652,Jan van Rijswijcklaan 159-171,2023-09-17,20:00:00,86,72,14,FMN 04 Jan Van Rijswijcklaan
652,Jan van Rijswijcklaan 159-171,2023-09-17,21:00:00,51,36,15,FMN 04 Jan Van Rijswijcklaan
652,Jan van Rijswijcklaan 159-171,2023-09-17,22:00:00,35,21,14,FMN 04 Jan Van Rijswijcklaan
652,Jan van Rijswijcklaan 159-171,2023-09-17,23:00:00,30,23,7,FMN 04 Jan Van Rijswijcklaan
652,Jan van Rijswijcklaan 159-171,2023-09-18,00:00:00,8,8,0,FMN 04 Jan Van Rijswijcklaan
652,Jan van Rijswijcklaan 159-171,2023-09-18,01:00:00,6,5,1,FMN 04 Jan Van Rijswijcklaan
652,Jan van Rijswijcklaan 159-171,2023-09-18,02:00:00,0,0,0,FMN 04 Jan Van Rijswijcklaan
652,Jan van Rijswijcklaan 159-171,2023-09-18,03:00:00,0,0,0,FMN 04 Jan Van Rijswijcklaan
652,Jan van Rijswijcklaan 159-171,2023-09-18,04:00:00,11,11,0,FMN 04 Jan Van Rijswijcklaan
652,Jan van Rijswijcklaan 159-171,2023-09-18,05:00:00,21,17,4,FMN 04 Jan Van Rijswijcklaan
652,Jan van Rijswijcklaan 159-171,2023-09-18,06:00:00,67,63,4,FMN 04 Jan Van Rijswijcklaan
652,Jan van Rijswijcklaan 159-171,2023-09-18,07:00:00,260,245,15,FMN 04 Jan Van Rijswijcklaan
652,Jan van Rijswijcklaan 159-171,2023-09-18,08:00:00,544,514,30,FMN 04 Jan Van Rijswijcklaan
652,Jan van Rijswijcklaan 159-171,2023-09-18,09:00:00,181,168,13,FMN 04 Jan Van Rijswijcklaan
652,Jan van Rijswijcklaan 159-171,2023-09-18,10:00:00,121,113,8,FMN 04 Jan Van Rijswijcklaan
652,Jan van Rijswijcklaan 159-171,2023-09-18,11:00:00,112,98,14,FMN 04 Jan Van Rijswijcklaan
652,Jan van Rijswijcklaan 159-171,2023-09-18,12:00:00,149,127,22,FMN 04 Jan Van Rijswijcklaan
652,Jan van Rijswijcklaan 159-171,2023-09-18,13:00:00,140,117,23,FMN 04 Jan Van Rijswijcklaan
652,Jan van Rijswijcklaan 159-171,2023-09-18,14:00:00,131,114,17,FMN 04 Jan Van Rijswijcklaan
652,Jan van Rijswijcklaan 159-171,2023-09-18,15:00:00,199,169,30,FMN 04 Jan Van Rijswijcklaan
652,Jan van Rijswijcklaan 159-171,2023-09-18,16:00:00,275,249,26,FMN 04 Jan Van Rijswijcklaan
652,Jan van Rijswijcklaan 159-171,2023-09-18,17:00:00,274,233,41,FMN 04 Jan Van Rijswijcklaan
652,Jan van Rijswijcklaan 159-171,2023-09-18,18:00:00,179,145,34,FMN 04 Jan Van Rijswijcklaan
652,Jan van Rijswijcklaan 159-171,2023-09-18,19:00:00,135,114,21,FMN 04 Jan Van Rijswijcklaan
652,Jan van Rijswijcklaan 159-171,2023-09-18,20:00:00,117,94,23,FMN 04 Jan Van Rijswijcklaan
652,Jan van Rijswijcklaan 159-171,2023-09-18,21:00:00,101,77,24,FMN 04 Jan Van Rijswijcklaan
652,Jan van Rijswijcklaan 159-171,2023-09-18,22:00:00,69,57,12,FMN 04 Jan Van Rijswijcklaan
652,Jan van Rijswijcklaan 159-171,2023-09-18,23:00:00,25,20,5,FMN 04 Jan Van Rijswijcklaan
652,Jan van Rijswijcklaan 159-171,2023-09-19,00:00:00,8,6,2,FMN 04 Jan Van Rijswijcklaan
652,Jan van Rijswijcklaan 159-171,2023-09-19,01:00:00,9,7,2,FMN 04 Jan Van Rijswijcklaan
652,Jan van Rijswijcklaan 159-171,2023-09-19,02:00:00,3,2,1,FMN 04 Jan Van Rijswijcklaan
652,Jan van Rijswijcklaan 159-171,2023-09-19,03:00:00,3,3,0,FMN 04 Jan Van Rijswijcklaan
652,Jan van Rijswijcklaan 159-171,2023-09-19,04:00:00,10,9,1,FMN 04 Jan Van Rijswijcklaan
652,Jan van Rijswijcklaan 159-171,2023-09-19,05:00:00,23,19,4,FMN 04 Jan Van Rijswijcklaan
652,Jan van Rijswijcklaan 159-171,2023-09-19,06:00:00,74,73,1,FMN 04 Jan Van Rijswijcklaan
652,Jan van Rijswijcklaan 159-171,2023-09-19,07:00:00,266,255,11,FMN 04 Jan Van Rijswijcklaan
652,Jan van Rijswijcklaan 159-171,2023-09-19,08:00:00,554,528,26,FMN 04 Jan Van Rijswijcklaan
652,Jan van Rijswijcklaan 159-171,2023-09-19,09:00:00,194,182,12,FMN 04 Jan Van Rijswijcklaan
652,Jan van Rijswijcklaan 159-171,2023-09-19,10:00:00,120,114,6,FMN 04 Jan Van Rijswijcklaan
652,Jan van Rijswijcklaan 159-171,2023-09-19,11:00:00,115,106,9,FMN 04 Jan Van Rijswijcklaan
652,Jan van Rijswijcklaan 159-171,2023-09-19,12:00:00,134,117,17,FMN 04 Jan Van Rijswijcklaan
652,Jan van Rijswijcklaan 159-171,2023-09-19,13:00:00,131,111,20,FMN 04 Jan Van Rijswijcklaan
652,Jan van Rijswijcklaan 159-171,2023-09-19,14:00:00,119,98,21,FMN 04 Jan Van Rijswijcklaan
652,Jan van Rijswijcklaan 159-171,2023-09-19,15:00:00,230,208,22,FMN 04 Jan Van Rijswijcklaan
652,Jan van Rijswijcklaan 159-171,2023-09-19,16:00:00,338,308,30,FMN 04 Jan Van Rijswijcklaan
652,Jan van Rijswijcklaan 159-171,2023-09-19,17:00:00,315,261,54,FMN 04 Jan Van Rijswijcklaan
652,Jan van Rijswijcklaan 159-171,2023-09-19,18:00:00,179,155,24,FMN 04 Jan Van Rijswijcklaan
652,Jan van Rijswijcklaan 159-171,2023-09-19,19:00:00,135,109,26,FMN 04 Jan Van Rijswijcklaan
652,Jan van Rijswijcklaan 159-171,2023-09-19,20:00:00,107,88,19,FMN 04 Jan Van Rijswijcklaan
652,Jan van Rijswijcklaan 159-171,2023-09-19,21:00:00,67,56,11,FMN 04 Jan Van Rijswijcklaan
652,Jan van Rijswijcklaan 159-171,2023-09-19,22:00:00,74,58,16,FMN 04 Jan Van Rijswijcklaan
652,Jan van Rijswijcklaan 159-171,2023-09-19,23:00:00,47,31,16,FMN 04 Jan Van Rijswijcklaan
652,Jan van Rijswijcklaan 159-171,2023-09-20,00:00:00,24,15,9,FMN 04 Jan Van Rijswijcklaan
652,Jan van Rijswijcklaan 159-171,2023-09-20,01:00:00,5,5,0,FMN 04 Jan Van Rijswijcklaan
652,Jan van Rijswijcklaan 159-171,2023-09-20,02:00:00,0,0,0,FMN 04 Jan Van Rijswijcklaan
652,Jan van Rijswijcklaan 159-171,2023-09-20,03:00:00,3,3,0,FMN 04 Jan Van Rijswijcklaan
652,Jan van Rijswijcklaan 159-171,2023-09-20,04:00:00,8,8,0,FMN 04 Jan Van Rijswijcklaan
652,Jan van Rijswijcklaan 159-171,2023-09-20,05:00:00,21,17,4,FMN 04 Jan Van Rijswijcklaan
652,Jan van Rijswijcklaan 159-171,2023-09-20,06:00:00,65,58,7,FMN 04 Jan Van Rijswijcklaan
652,Jan van Rijswijcklaan 159-171,2023-09-20,07:00:00,233,217,16,FMN 04 Jan Van Rijswijcklaan
652,Jan van Rijswijcklaan 159-171,2023-09-20,08:00:00,478,452,26,FMN 04 Jan Van Rijswijcklaan
652,Jan van Rijswijcklaan 159-171,2023-09-20,09:00:00,163,146,17,FMN 04 Jan Van Rijswijcklaan
652,Jan van Rijswijcklaan 159-171,2023-09-20,10:00:00,139,122,17,FMN 04 Jan Van Rijswijcklaan
652,Jan van Rijswijcklaan 159-171,2023-09-20,11:00:00,129,116,13,FMN 04 Jan Van Rijswijcklaan
652,Jan van Rijswijcklaan 159-171,2023-09-20,12:00:00,352,305,47,FMN 04 Jan Van Rijswijcklaan
652,Jan van Rijswijcklaan 159-171,2023-09-20,13:00:00,172,131,41,FMN 04 Jan Van Rijswijcklaan
652,Jan van Rijswijcklaan 159-171,2023-09-20,14:00:00,142,115,27,FMN 04 Jan Van Rijswijcklaan
652,Jan van Rijswijcklaan 159-171,2023-09-20,15:00:00,192,169,23,FMN 04 Jan Van Rijswijcklaan
652,Jan van Rijswijcklaan 159-171,2023-09-20,16:00:00,280,231,49,FMN 04 Jan Van Rijswijcklaan
652,Jan van Rijswijcklaan 159-171,2023-09-20,17:00:00,338,294,44,FMN 04 Jan Van Rijswijcklaan
652,Jan van Rijswijcklaan 159-171,2023-09-20,18:00:00,222,175,47,FMN 04 Jan Van Rijswijcklaan
652,Jan van Rijswijcklaan 159-171,2023-09-20,19:00:00,217,175,42,FMN 04 Jan Van Rijswijcklaan
652,Jan van Rijswijcklaan 159-171,2023-09-20,20:00:00,188,156,32,FMN 04 Jan Van Rijswijcklaan
652,Jan van Rijswijcklaan 159-171,2023-09-20,21:00:00,114,96,18,FMN 04 Jan Van Rijswijcklaan
652,Jan van Rijswijcklaan 159-171,2023-09-20,22:00:00,101,84,17,FMN 04 Jan Van Rijswijcklaan
652,Jan van Rijswijcklaan 159-171,2023-09-20,23:00:00,31,24,7,FMN 04 Jan Van Rijswijcklaan
652,Jan van Rijswijcklaan 159-171,2023-09-21,00:00:00,14,12,2,FMN 04 Jan Van Rijswijcklaan
652,Jan van Rijswijcklaan 159-171,2023-09-21,01:00:00,8,7,1,FMN 04 Jan Van Rijswijcklaan
652,Jan van Rijswijcklaan 159-171,2023-09-21,02:00:00,2,2,0,FMN 04 Jan Van Rijswijcklaan
652,Jan van Rijswijcklaan 159-171,2023-09-21,03:00:00,6,6,0,FMN 04 Jan Van Rijswijcklaan
652,Jan van Rijswijcklaan 159-171,2023-09-21,04:00:00,9,9,0,FMN 04 Jan Van Rijswijcklaan
652,Jan van Rijswijcklaan 159-171,2023-09-21,05:00:00,23,20,3,FMN 04 Jan Van Rijswijcklaan
652,Jan van Rijswijcklaan 159-171,2023-09-21,06:00:00,71,65,6,FMN 04 Jan Van Rijswijcklaan
652,Jan van Rijswijcklaan 159-171,2023-09-21,07:00:00,164,153,11,FMN 04 Jan Van Rijswijcklaan
652,Jan van Rijswijcklaan 159-171,2023-09-21,08:00:00,405,398,7,FMN 04 Jan Van Rijswijcklaan
652,Jan van Rijswijcklaan 159-171,2023-09-21,09:00:00,132,121,11,FMN 04 Jan Van Rijswijcklaan
652,Jan van Rijswijcklaan 159-171,2023-09-21,10:00:00,84,74,10,FMN 04 Jan Van Rijswijcklaan
652,Jan van Rijswijcklaan 159-171,2023-09-21,11:00:00,42,34,8,FMN 04 Jan Van Rijswijcklaan
652,Jan van Rijswijcklaan 159-171,2023-09-21,12:00:00,80,71,9,FMN 04 Jan Van Rijswijcklaan
652,Jan van Rijswijcklaan 159-171,2023-09-21,13:00:00,76,63,13,FMN 04 Jan Van Rijswijcklaan
652,Jan van Rijswijcklaan 159-171,2023-09-21,14:00:00,90,69,21,FMN 04 Jan Van Rijswijcklaan
652,Jan van Rijswijcklaan 159-171,2023-09-21,15:00:00,175,147,28,FMN 04 Jan Van Rijswijcklaan
652,Jan van Rijswijcklaan 159-171,2023-09-21,16:00:00,189,155,34,FMN 04 Jan Van Rijswijcklaan
652,Jan van Rijswijcklaan 159-171,2023-09-21,17:00:00,212,177,35,FMN 04 Jan Van Rijswijcklaan
652,Jan van Rijswijcklaan 159-171,2023-09-21,18:00:00,136,116,20,FMN 04 Jan Van Rijswijcklaan
652,Jan van Rijswijcklaan 159-171,2023-09-21,19:00:00,131,112,19,FMN 04 Jan Van Rijswijcklaan
652,Jan van Rijswijcklaan 159-171,2023-09-21,20:00:00,91,73,18,FMN 04 Jan Van Rijswijcklaan
652,Jan van Rijswijcklaan 159-171,2023-09-21,21:00:00,61,47,14,FMN 04 Jan Van Rijswijcklaan
652,Jan van Rijswijcklaan 159-171,2023-09-21,22:00:00,90,67,23,FMN 04 Jan Van Rijswijcklaan
652,Jan van Rijswijcklaan 159-171,2023-09-21,23:00:00,42,35,7,FMN 04 Jan Van Rijswijcklaan
652,Jan van Rijswijcklaan 159-171,2023-09-22,00:00:00,21,11,10,FMN 04 Jan Van Rijswijcklaan
652,Jan van Rijswijcklaan 159-171,2023-09-22,01:00:00,18,13,5,FMN 04 Jan Van Rijswijcklaan
652,Jan van Rijswijcklaan 159-171,2023-09-22,02:00:00,1,0,1,FMN 04 Jan Van Rijswijcklaan
652,Jan van Rijswijcklaan 159-171,2023-09-22,03:00:00,1,1,0,FMN 04 Jan Van Rijswijcklaan
652,Jan van Rijswijcklaan 159-171,2023-09-22,04:00:00,11,10,1,FMN 04 Jan Van Rijswijcklaan
652,Jan van Rijswijcklaan 159-171,2023-09-22,05:00:00,18,15,3,FMN 04 Jan Van Rijswijcklaan
652,Jan van Rijswijcklaan 159-171,2023-09-22,06:00:00,62,56,6,FMN 04 Jan Van Rijswijcklaan
652,Jan van Rijswijcklaan 159-171,2023-09-22,07:00:00,202,189,13,FMN 04 Jan Van Rijswijcklaan
652,Jan van Rijswijcklaan 159-171,2023-09-22,08:00:00,427,402,25,FMN 04 Jan Van Rijswijcklaan
652,Jan van Rijswijcklaan 159-171,2023-09-22,09:00:00,149,141,8,FMN 04 Jan Van Rijswijcklaan
652,Jan van Rijswijcklaan 159-171,2023-09-22,10:00:00,102,92,10,FMN 04 Jan Van Rijswijcklaan
652,Jan van Rijswijcklaan 159-171,2023-09-22,11:00:00,123,107,16,FMN 04 Jan Van Rijswijcklaan
652,Jan van Rijswijcklaan 159-171,2023-09-22,12:00:00,122,103,19,FMN 04 Jan Van Rijswijcklaan
652,Jan van Rijswijcklaan 159-171,2023-09-22,13:00:00,120,103,17,FMN 04 Jan Van Rijswijcklaan
652,Jan van Rijswijcklaan 159-171,2023-09-22,14:00:00,121,105,16,FMN 04 Jan Van Rijswijcklaan
652,Jan van Rijswijcklaan 159-171,2023-09-22,15:00:00,188,162,26,FMN 04 Jan Van Rijswijcklaan
652,Jan van Rijswijcklaan 159-171,2023-09-22,16:00:00,217,169,48,FMN 04 Jan Van Rijswijcklaan
652,Jan van Rijswijcklaan 159-171,2023-09-22,17:00:00,196,169,27,FMN 04 Jan Van Rijswijcklaan
652,Jan van Rijswijcklaan 159-171,2023-09-22,18:00:00,236,190,46,FMN 04 Jan Van Rijswijcklaan
652,Jan van Rijswijcklaan 159-171,2023-09-22,19:00:00,167,142,25,FMN 04 Jan Van Rijswijcklaan
652,Jan van Rijswijcklaan 159-171,2023-09-22,20:00:00,139,126,13,FMN 04 Jan Van Rijswijcklaan
652,Jan van Rijswijcklaan 159-171,2023-09-22,21:00:00,121,99,22,FMN 04 Jan Van Rijswijcklaan
652,Jan van Rijswijcklaan 159-171,2023-09-22,22:00:00,87,66,21,FMN 04 Jan Van Rijswijcklaan
652,Jan van Rijswijcklaan 159-171,2023-09-22,23:00:00,45,31,14,FMN 04 Jan Van Rijswijcklaan
652,Jan van Rijswijcklaan 159-171,2023-09-23,00:00:00,76,50,26,FMN 04 Jan Van Rijswijcklaan
652,Jan van Rijswijcklaan 159-171,2023-09-23,01:00:00,18,15,3,FMN 04 Jan Van Rijswijcklaan
652,Jan van Rijswijcklaan 159-171,2023-09-23,02:00:00,17,12,5,FMN 04 Jan Van Rijswijcklaan
652,Jan van Rijswijcklaan 159-171,2023-09-23,03:00:00,10,9,1,FMN 04 Jan Van Rijswijcklaan
652,Jan van Rijswijcklaan 159-171,2023-09-23,04:00:00,5,4,1,FMN 04 Jan Van Rijswijcklaan
652,Jan van Rijswijcklaan 159-171,2023-09-23,05:00:00,8,7,1,FMN 04 Jan Van Rijswijcklaan
652,Jan van Rijswijcklaan 159-171,2023-09-23,06:00:00,24,20,4,FMN 04 Jan Van Rijswijcklaan
652,Jan van Rijswijcklaan 159-171,2023-09-23,07:00:00,22,22,0,FMN 04 Jan Van Rijswijcklaan
652,Jan van Rijswijcklaan 159-171,2023-09-23,08:00:00,56,48,8,FMN 04 Jan Van Rijswijcklaan
652,Jan van Rijswijcklaan 159-171,2023-09-23,09:00:00,91,81,10,FMN 04 Jan Van Rijswijcklaan
652,Jan van Rijswijcklaan 159-171,2023-09-23,10:00:00,141,121,20,FMN 04 Jan Van Rijswijcklaan
652,Jan van Rijswijcklaan 159-171,2023-09-23,11:00:00,149,136,13,FMN 04 Jan Van Rijswijcklaan
652,Jan van Rijswijcklaan 159-171,2023-09-23,12:00:00,158,143,15,FMN 04 Jan Van Rijswijcklaan
652,Jan van Rijswijcklaan 159-171,2023-09-23,13:00:00,167,140,27,FMN 04 Jan Van Rijswijcklaan
652,Jan van Rijswijcklaan 159-171,2023-09-23,14:00:00,145,133,12,FMN 04 Jan Van Rijswijcklaan
652,Jan van Rijswijcklaan 159-171,2023-09-23,15:00:00,109,90,19,FMN 04 Jan Van Rijswijcklaan
652,Jan van Rijswijcklaan 159-171,2023-09-23,16:00:00,140,124,16,FMN 04 Jan Van Rijswijcklaan
652,Jan van Rijswijcklaan 159-171,2023-09-23,17:00:00,119,109,10,FMN 04 Jan Van Rijswijcklaan
652,Jan van Rijswijcklaan 159-171,2023-09-23,18:00:00,129,110,19,FMN 04 Jan Van Rijswijcklaan
652,Jan van Rijswijcklaan 159-171,2023-09-23,19:00:00,152,141,11,FMN 04 Jan Van Rijswijcklaan
652,Jan van Rijswijcklaan 159-171,2023-09-23,20:00:00,100,81,19,FMN 04 Jan Van Rijswijcklaan
652,Jan van Rijswijcklaan 159-171,2023-09-23,21:00:00,57,42,15,FMN 04 Jan Van Rijswijcklaan
652,Jan van Rijswijcklaan 159-171,2023-09-23,22:00:00,67,53,14,FMN 04 Jan Van Rijswijcklaan
652,Jan van Rijswijcklaan 159-171,2023-09-23,23:00:00,57,48,9,FMN 04 Jan Van Rijswijcklaan
652,Jan van Rijswijcklaan 159-171,2023-09-24,00:00:00,38,33,5,FMN 04 Jan Van Rijswijcklaan
652,Jan van Rijswijcklaan 159-171,2023-09-24,01:00:00,27,19,8,FMN 04 Jan Van Rijswijcklaan
652,Jan van Rijswijcklaan 159-171,2023-09-24,02:00:00,11,8,3,FMN 04 Jan Van Rijswijcklaan
652,Jan van Rijswijcklaan 159-171,2023-09-24,03:00:00,17,14,3,FMN 04 Jan Van Rijswijcklaan
652,Jan van Rijswijcklaan 159-171,2023-09-24,04:00:00,8,7,1,FMN 04 Jan Van Rijswijcklaan
652,Jan van Rijswijcklaan 159-171,2023-09-24,05:00:00,7,7,0,FMN 04 Jan Van Rijswijcklaan
652,Jan van Rijswijcklaan 159-171,2023-09-24,06:00:00,22,17,5,FMN 04 Jan Van Rijswijcklaan
652,Jan van Rijswijcklaan 159-171,2023-09-24,07:00:00,22,21,1,FMN 04 Jan Van Rijswijcklaan
652,Jan van Rijswijcklaan 159-171,2023-09-24,08:00:00,25,24,1,FMN 04 Jan Van Rijswijcklaan
652,Jan van Rijswijcklaan 159-171,2023-09-24,09:00:00,98,84,14,FMN 04 Jan Van Rijswijcklaan
652,Jan van Rijswijcklaan 159-171,2023-09-24,10:00:00,88,65,23,FMN 04 Jan Van Rijswijcklaan
652,Jan van Rijswijcklaan 159-171,2023-09-24,11:00:00,151,121,30,FMN 04 Jan Van Rijswijcklaan
652,Jan van Rijswijcklaan 159-171,2023-09-24,12:00:00,151,123,28,FMN 04 Jan Van Rijswijcklaan
652,Jan van Rijswijcklaan 159-171,2023-09-24,13:00:00,133,110,23,FMN 04 Jan Van Rijswijcklaan
652,Jan van Rijswijcklaan 159-171,2023-09-24,14:00:00,146,128,18,FMN 04 Jan Van Rijswijcklaan
652,Jan van Rijswijcklaan 159-171,2023-09-24,15:00:00,95,77,18,FMN 04 Jan Van Rijswijcklaan
652,Jan van Rijswijcklaan 159-171,2023-09-24,16:00:00,125,108,17,FMN 04 Jan Van Rijswijcklaan
652,Jan van Rijswijcklaan 159-171,2023-09-24,17:00:00,93,75,18,FMN 04 Jan Van Rijswijcklaan
652,Jan van Rijswijcklaan 159-171,2023-09-24,18:00:00,121,111,10,FMN 04 Jan Van Rijswijcklaan
652,Jan van Rijswijcklaan 159-171,2023-09-24,19:00:00,74,52,22,FMN 04 Jan Van Rijswijcklaan
652,Jan van Rijswijcklaan 159-171,2023-09-24,20:00:00,73,65,8,FMN 04 Jan Van Rijswijcklaan
652,Jan van Rijswijcklaan 159-171,2023-09-24,21:00:00,48,37,11,FMN 04 Jan Van Rijswijcklaan
652,Jan van Rijswijcklaan 159-171,2023-09-24,22:00:00,36,29,7,FMN 04 Jan Van Rijswijcklaan
652,Jan van Rijswijcklaan 159-171,2023-09-24,23:00:00,31,25,6,FMN 04 Jan Van Rijswijcklaan
652,Jan van Rijswijcklaan 159-171,2023-09-25,00:00:00,11,9,2,FMN 04 Jan Van Rijswijcklaan
652,Jan van Rijswijcklaan 159-171,2023-09-25,01:00:00,5,5,0,FMN 04 Jan Van Rijswijcklaan
652,Jan van Rijswijcklaan 159-171,2023-09-25,02:00:00,1,1,0,FMN 04 Jan Van Rijswijcklaan
652,Jan van Rijswijcklaan 159-171,2023-09-25,03:00:00,0,0,0,FMN 04 Jan Van Rijswijcklaan
652,Jan van Rijswijcklaan 159-171,2023-09-25,04:00:00,7,5,2,FMN 04 Jan Van Rijswijcklaan
652,Jan van Rijswijcklaan 159-171,2023-09-25,05:00:00,24,23,1,FMN 04 Jan Van Rijswijcklaan
652,Jan van Rijswijcklaan 159-171,2023-09-25,06:00:00,71,62,9,FMN 04 Jan Van Rijswijcklaan
652,Jan van Rijswijcklaan 159-171,2023-09-25,07:00:00,280,264,16,FMN 04 Jan Van Rijswijcklaan
652,Jan van Rijswijcklaan 159-171,2023-09-25,08:00:00,469,446,23,FMN 04 Jan Van Rijswijcklaan
652,Jan van Rijswijcklaan 159-171,2023-09-25,09:00:00,213,202,11,FMN 04 Jan Van Rijswijcklaan
652,Jan van Rijswijcklaan 159-171,2023-09-25,10:00:00,148,132,16,FMN 04 Jan Van Rijswijcklaan
652,Jan van Rijswijcklaan 159-171,2023-09-25,11:00:00,106,89,17,FMN 04 Jan Van Rijswijcklaan
652,Jan van Rijswijcklaan 159-171,2023-09-25,12:00:00,182,162,20,FMN 04 Jan Van Rijswijcklaan
652,Jan van Rijswijcklaan 159-171,2023-09-25,13:00:00,192,164,28,FMN 04 Jan Van Rijswijcklaan
652,Jan van Rijswijcklaan 159-171,2023-09-25,14:00:00,221,202,19,FMN 04 Jan Van Rijswijcklaan
652,Jan van Rijswijcklaan 159-171,2023-09-25,15:00:00,302,275,27,FMN 04 Jan Van Rijswijcklaan
652,Jan van Rijswijcklaan 159-171,2023-09-25,16:00:00,368,332,36,FMN 04 Jan Van Rijswijcklaan
652,Jan van Rijswijcklaan 159-171,2023-09-25,17:00:00,266,225,41,FMN 04 Jan Van Rijswijcklaan
652,Jan van Rijswijcklaan 159-171,2023-09-25,18:00:00,218,183,35,FMN 04 Jan Van Rijswijcklaan
652,Jan van Rijswijcklaan 159-171,2023-09-25,19:00:00,150,118,32,FMN 04 Jan Van Rijswijcklaan
652,Jan van Rijswijcklaan 159-171,2023-09-25,20:00:00,122,99,23,FMN 04 Jan Van Rijswijcklaan
652,Jan van Rijswijcklaan 159-171,2023-09-25,21:00:00,80,63,17,FMN 04 Jan Van Rijswijcklaan
652,Jan van Rijswijcklaan 159-171,2023-09-25,22:00:00,74,59,15,FMN 04 Jan Van Rijswijcklaan
652,Jan van Rijswijcklaan 159-171,2023-09-25,23:00:00,25,19,6,FMN 04 Jan Van Rijswijcklaan
652,Jan van Rijswijcklaan 159-171,2023-09-26,00:00:00,7,5,2,FMN 04 Jan Van Rijswijcklaan
652,Jan van Rijswijcklaan 159-171,2023-09-26,01:00:00,12,10,2,FMN 04 Jan Van Rijswijcklaan
652,Jan van Rijswijcklaan 159-171,2023-09-26,02:00:00,1,0,1,FMN 04 Jan Van Rijswijcklaan
652,Jan van Rijswijcklaan 159-171,2023-09-26,03:00:00,3,1,2,FMN 04 Jan Van Rijswijcklaan
652,Jan van Rijswijcklaan 159-171,2023-09-26,04:00:00,14,12,2,FMN 04 Jan Van Rijswijcklaan
652,Jan van Rijswijcklaan 159-171,2023-09-26,05:00:00,21,20,1,FMN 04 Jan Van Rijswijcklaan
652,Jan van Rijswijcklaan 159-171,2023-09-26,06:00:00,73,64,9,FMN 04 Jan Van Rijswijcklaan
652,Jan van Rijswijcklaan 159-171,2023-09-26,07:00:00,293,270,23,FMN 04 Jan Van Rijswijcklaan
652,Jan van Rijswijcklaan 159-171,2023-09-26,08:00:00,600,572,28,FMN 04 Jan Van Rijswijcklaan
652,Jan van Rijswijcklaan 159-171,2023-09-26,09:00:00,228,198,30,FMN 04 Jan Van Rijswijcklaan
652,Jan van Rijswijcklaan 159-171,2023-09-26,10:00:00,110,100,10,FMN 04 Jan Van Rijswijcklaan
652,Jan van Rijswijcklaan 159-171,2023-09-26,11:00:00,105,92,13,FMN 04 Jan Van Rijswijcklaan
652,Jan van Rijswijcklaan 159-171,2023-09-26,12:00:00,173,153,20,FMN 04 Jan Van Rijswijcklaan
652,Jan van Rijswijcklaan 159-171,2023-09-26,13:00:00,170,145,25,FMN 04 Jan Van Rijswijcklaan
652,Jan van Rijswijcklaan 159-171,2023-09-26,14:00:00,161,136,25,FMN 04 Jan Van Rijswijcklaan
652,Jan van Rijswijcklaan 159-171,2023-09-26,15:00:00,268,241,27,FMN 04 Jan Van Rijswijcklaan
652,Jan van Rijswijcklaan 159-171,2023-09-26,16:00:00,386,356,30,FMN 04 Jan Van Rijswijcklaan
652,Jan van Rijswijcklaan 159-171,2023-09-26,17:00:00,318,262,56,FMN 04 Jan Van Rijswijcklaan
652,Jan van Rijswijcklaan 159-171,2023-09-26,18:00:00,254,216,38,FMN 04 Jan Van Rijswijcklaan
652,Jan van Rijswijcklaan 159-171,2023-09-26,19:00:00,165,139,26,FMN 04 Jan Van Rijswijcklaan
652,Jan van Rijswijcklaan 159-171,2023-09-26,20:00:00,127,108,19,FMN 04 Jan Van Rijswijcklaan
652,Jan van Rijswijcklaan 159-171,2023-09-26,21:00:00,98,80,18,FMN 04 Jan Van Rijswijcklaan
652,Jan van Rijswijcklaan 159-171,2023-09-26,22:00:00,97,87,10,FMN 04 Jan Van Rijswijcklaan
652,Jan van Rijswijcklaan 159-171,2023-09-26,23:00:00,54,44,10,FMN 04 Jan Van Rijswijcklaan
652,Jan van Rijswijcklaan 159-171,2023-09-27,00:00:00,18,13,5,FMN 04 Jan Van Rijswijcklaan
652,Jan van Rijswijcklaan 159-171,2023-09-27,01:00:00,6,4,2,FMN 04 Jan Van Rijswijcklaan
652,Jan van Rijswijcklaan 159-171,2023-09-27,02:00:00,0,0,0,FMN 04 Jan Van Rijswijcklaan
652,Jan van Rijswijcklaan 159-171,2023-09-27,03:00:00,3,3,0,FMN 04 Jan Van Rijswijcklaan
652,Jan van Rijswijcklaan 159-171,2023-09-27,04:00:00,14,11,3,FMN 04 Jan Van Rijswijcklaan
652,Jan van Rijswijcklaan 159-171,2023-09-27,05:00:00,20,18,2,FMN 04 Jan Van Rijswijcklaan
652,Jan van Rijswijcklaan 159-171,2023-09-27,06:00:00,64,59,5,FMN 04 Jan Van Rijswijcklaan
652,Jan van Rijswijcklaan 159-171,2023-09-27,07:00:00,256,235,21,FMN 04 Jan Van Rijswijcklaan
652,Jan van Rijswijcklaan 159-171,2023-09-27,08:00:00,500,473,27,FMN 04 Jan Van Rijswijcklaan
652,Jan van Rijswijcklaan 159-171,2023-09-27,09:00:00,198,186,12,FMN 04 Jan Van Rijswijcklaan
652,Jan van Rijswijcklaan 159-171,2023-09-27,10:00:00,145,126,19,FMN 04 Jan Van Rijswijcklaan
652,Jan van Rijswijcklaan 159-171,2023-09-27,11:00:00,141,124,17,FMN 04 Jan Van Rijswijcklaan
652,Jan van Rijswijcklaan 159-171,2023-09-27,12:00:00,362,328,34,FMN 04 Jan Van Rijswijcklaan
652,Jan van Rijswijcklaan 159-171,2023-09-27,13:00:00,185,145,40,FMN 04 Jan Van Rijswijcklaan
652,Jan van Rijswijcklaan 159-171,2023-09-27,14:00:00,170,149,21,FMN 04 Jan Van Rijswijcklaan
652,Jan van Rijswijcklaan 159-171,2023-09-27,15:00:00,234,212,22,FMN 04 Jan Van Rijswijcklaan
652,Jan van Rijswijcklaan 159-171,2023-09-27,16:00:00,286,250,36,FMN 04 Jan Van Rijswijcklaan
652,Jan van Rijswijcklaan 159-171,2023-09-27,17:00:00,375,327,48,FMN 04 Jan Van Rijswijcklaan
652,Jan van Rijswijcklaan 159-171,2023-09-27,18:00:00,278,227,51,FMN 04 Jan Van Rijswijcklaan
652,Jan van Rijswijcklaan 159-171,2023-09-27,19:00:00,218,181,37,FMN 04 Jan Van Rijswijcklaan
652,Jan van Rijswijcklaan 159-171,2023-09-27,20:00:00,183,150,33,FMN 04 Jan Van Rijswijcklaan
652,Jan van Rijswijcklaan 159-171,2023-09-27,21:00:00,107,94,13,FMN 04 Jan Van Rijswijcklaan
652,Jan van Rijswijcklaan 159-171,2023-09-27,22:00:00,99,90,9,FMN 04 Jan Van Rijswijcklaan
652,Jan van Rijswijcklaan 159-171,2023-09-27,23:00:00,58,45,13,FMN 04 Jan Van Rijswijcklaan
