Meetpunt surrogate key,Meetpunt locatie,Datum,Tijd,Aantal fietsers,Aantal fietsers van,Aantal fietsers naar,Meetpunt code
570,F105 (vlak overr brug over kanaal),2022-06-21,00:00:00,0,0,0,F1052
570,F105 (vlak overr brug over kanaal),2022-06-21,01:00:00,0,0,0,F1052
570,F105 (vlak overr brug over kanaal),2022-06-21,02:00:00,0,0,0,F1052
570,F105 (vlak overr brug over kanaal),2022-06-21,03:00:00,0,0,0,F1052
570,F105 (vlak overr brug over kanaal),2022-06-21,04:00:00,0,0,0,F1052
570,F105 (vlak overr brug over kanaal),2022-06-21,05:00:00,0,0,0,F1052
570,F105 (vlak overr brug over kanaal),2022-06-21,06:00:00,0,0,0,F1052
570,F105 (vlak overr brug over kanaal),2022-06-21,07:00:00,0,0,0,F1052
570,F105 (vlak overr brug over kanaal),2022-06-21,08:00:00,0,0,0,F1052
570,F105 (vlak overr brug over kanaal),2022-06-21,09:00:00,0,0,0,F1052
570,F105 (vlak overr brug over kanaal),2022-06-21,10:00:00,38,9,29,F1052
570,F105 (vlak overr brug over kanaal),2022-06-21,11:00:00,64,19,45,F1052
570,F105 (vlak overr brug over kanaal),2022-06-21,12:00:00,71,26,45,F1052
570,F105 (vlak overr brug over kanaal),2022-06-21,13:00:00,98,49,49,F1052
570,F105 (vlak overr brug over kanaal),2022-06-21,14:00:00,184,81,103,F1052
570,F105 (vlak overr brug over kanaal),2022-06-21,15:00:00,115,48,67,F1052
570,F105 (vlak overr brug over kanaal),2022-06-21,16:00:00,88,37,51,F1052
570,F105 (vlak overr brug over kanaal),2022-06-21,17:00:00,73,40,33,F1052
570,F105 (vlak overr brug over kanaal),2022-06-21,18:00:00,44,22,22,F1052
570,F105 (vlak overr brug over kanaal),2022-06-21,19:00:00,19,7,12,F1052
570,F105 (vlak overr brug over kanaal),2022-06-21,20:00:00,21,5,16,F1052
570,F105 (vlak overr brug over kanaal),2022-06-21,21:00:00,18,6,12,F1052
570,F105 (vlak overr brug over kanaal),2022-06-21,22:00:00,14,6,8,F1052
570,F105 (vlak overr brug over kanaal),2022-06-21,23:00:00,1,0,1,F1052
570,F105 (vlak overr brug over kanaal),2022-06-22,00:00:00,2,2,0,F1052
570,F105 (vlak overr brug over kanaal),2022-06-22,01:00:00,0,0,0,F1052
570,F105 (vlak overr brug over kanaal),2022-06-22,02:00:00,1,1,0,F1052
570,F105 (vlak overr brug over kanaal),2022-06-22,03:00:00,0,0,0,F1052
570,F105 (vlak overr brug over kanaal),2022-06-22,04:00:00,3,3,0,F1052
570,F105 (vlak overr brug over kanaal),2022-06-22,05:00:00,25,13,12,F1052
570,F105 (vlak overr brug over kanaal),2022-06-22,06:00:00,35,20,15,F1052
570,F105 (vlak overr brug over kanaal),2022-06-22,07:00:00,96,62,34,F1052
570,F105 (vlak overr brug over kanaal),2022-06-22,08:00:00,90,67,23,F1052
570,F105 (vlak overr brug over kanaal),2022-06-22,09:00:00,69,37,32,F1052
570,F105 (vlak overr brug over kanaal),2022-06-22,10:00:00,83,49,34,F1052
570,F105 (vlak overr brug over kanaal),2022-06-22,11:00:00,80,31,49,F1052
570,F105 (vlak overr brug over kanaal),2022-06-22,12:00:00,98,33,65,F1052
570,F105 (vlak overr brug over kanaal),2022-06-22,13:00:00,158,95,63,F1052
570,F105 (vlak overr brug over kanaal),2022-06-22,14:00:00,194,109,85,F1052
570,F105 (vlak overr brug over kanaal),2022-06-22,15:00:00,161,80,81,F1052
570,F105 (vlak overr brug over kanaal),2022-06-22,16:00:00,184,73,111,F1052
570,F105 (vlak overr brug over kanaal),2022-06-22,17:00:00,145,73,72,F1052
570,F105 (vlak overr brug over kanaal),2022-06-22,18:00:00,113,68,45,F1052
570,F105 (vlak overr brug over kanaal),2022-06-22,19:00:00,117,74,43,F1052
570,F105 (vlak overr brug over kanaal),2022-06-22,20:00:00,62,31,31,F1052
570,F105 (vlak overr brug over kanaal),2022-06-22,21:00:00,41,15,26,F1052
570,F105 (vlak overr brug over kanaal),2022-06-22,22:00:00,31,15,16,F1052
570,F105 (vlak overr brug over kanaal),2022-06-22,23:00:00,7,2,5,F1052
570,F105 (vlak overr brug over kanaal),2022-06-23,00:00:00,2,0,2,F1052
570,F105 (vlak overr brug over kanaal),2022-06-23,01:00:00,0,0,0,F1052
570,F105 (vlak overr brug over kanaal),2022-06-23,02:00:00,0,0,0,F1052
570,F105 (vlak overr brug over kanaal),2022-06-23,03:00:00,1,1,0,F1052
570,F105 (vlak overr brug over kanaal),2022-06-23,04:00:00,3,2,1,F1052
570,F105 (vlak overr brug over kanaal),2022-06-23,05:00:00,22,9,13,F1052
570,F105 (vlak overr brug over kanaal),2022-06-23,06:00:00,40,23,17,F1052
570,F105 (vlak overr brug over kanaal),2022-06-23,07:00:00,74,50,24,F1052
570,F105 (vlak overr brug over kanaal),2022-06-23,08:00:00,80,58,22,F1052
570,F105 (vlak overr brug over kanaal),2022-06-23,09:00:00,78,48,30,F1052
570,F105 (vlak overr brug over kanaal),2022-06-23,10:00:00,78,34,44,F1052
570,F105 (vlak overr brug over kanaal),2022-06-23,11:00:00,89,50,39,F1052
570,F105 (vlak overr brug over kanaal),2022-06-23,12:00:00,76,33,43,F1052
570,F105 (vlak overr brug over kanaal),2022-06-23,13:00:00,189,84,105,F1052
570,F105 (vlak overr brug over kanaal),2022-06-23,14:00:00,128,72,56,F1052
570,F105 (vlak overr brug over kanaal),2022-06-23,15:00:00,146,74,72,F1052
570,F105 (vlak overr brug over kanaal),2022-06-23,16:00:00,155,75,80,F1052
570,F105 (vlak overr brug over kanaal),2022-06-23,17:00:00,94,50,44,F1052
570,F105 (vlak overr brug over kanaal),2022-06-23,18:00:00,65,39,26,F1052
570,F105 (vlak overr brug over kanaal),2022-06-23,19:00:00,76,33,43,F1052
570,F105 (vlak overr brug over kanaal),2022-06-23,20:00:00,34,17,17,F1052
570,F105 (vlak overr brug over kanaal),2022-06-23,21:00:00,37,15,22,F1052
570,F105 (vlak overr brug over kanaal),2022-06-23,22:00:00,19,10,9,F1052
570,F105 (vlak overr brug over kanaal),2022-06-23,23:00:00,9,2,7,F1052
570,F105 (vlak overr brug over kanaal),2022-06-24,00:00:00,3,1,2,F1052
570,F105 (vlak overr brug over kanaal),2022-06-24,01:00:00,2,1,1,F1052
570,F105 (vlak overr brug over kanaal),2022-06-24,02:00:00,0,0,0,F1052
570,F105 (vlak overr brug over kanaal),2022-06-24,03:00:00,0,0,0,F1052
570,F105 (vlak overr brug over kanaal),2022-06-24,04:00:00,1,1,0,F1052
570,F105 (vlak overr brug over kanaal),2022-06-24,05:00:00,11,4,7,F1052
570,F105 (vlak overr brug over kanaal),2022-06-24,06:00:00,21,15,6,F1052
570,F105 (vlak overr brug over kanaal),2022-06-24,07:00:00,15,12,3,F1052
570,F105 (vlak overr brug over kanaal),2022-06-24,08:00:00,12,7,5,F1052
570,F105 (vlak overr brug over kanaal),2022-06-24,09:00:00,24,12,12,F1052
570,F105 (vlak overr brug over kanaal),2022-06-24,10:00:00,28,21,7,F1052
570,F105 (vlak overr brug over kanaal),2022-06-24,11:00:00,31,9,22,F1052
570,F105 (vlak overr brug over kanaal),2022-06-24,12:00:00,23,11,12,F1052
570,F105 (vlak overr brug over kanaal),2022-06-24,13:00:00,33,18,15,F1052
570,F105 (vlak overr brug over kanaal),2022-06-24,14:00:00,53,27,26,F1052
570,F105 (vlak overr brug over kanaal),2022-06-24,15:00:00,56,25,31,F1052
570,F105 (vlak overr brug over kanaal),2022-06-24,16:00:00,51,25,26,F1052
570,F105 (vlak overr brug over kanaal),2022-06-24,17:00:00,34,15,19,F1052
570,F105 (vlak overr brug over kanaal),2022-06-24,18:00:00,11,5,6,F1052
570,F105 (vlak overr brug over kanaal),2022-06-24,19:00:00,11,5,6,F1052
570,F105 (vlak overr brug over kanaal),2022-06-24,20:00:00,13,10,3,F1052
570,F105 (vlak overr brug over kanaal),2022-06-24,21:00:00,7,4,3,F1052
570,F105 (vlak overr brug over kanaal),2022-06-24,22:00:00,9,6,3,F1052
570,F105 (vlak overr brug over kanaal),2022-06-24,23:00:00,2,1,1,F1052
570,F105 (vlak overr brug over kanaal),2022-06-25,00:00:00,2,1,1,F1052
570,F105 (vlak overr brug over kanaal),2022-06-25,01:00:00,2,1,1,F1052
570,F105 (vlak overr brug over kanaal),2022-06-25,02:00:00,1,0,1,F1052
570,F105 (vlak overr brug over kanaal),2022-06-25,03:00:00,1,0,1,F1052
570,F105 (vlak overr brug over kanaal),2022-06-25,04:00:00,0,0,0,F1052
570,F105 (vlak overr brug over kanaal),2022-06-25,05:00:00,6,2,4,F1052
570,F105 (vlak overr brug over kanaal),2022-06-25,06:00:00,5,2,3,F1052
570,F105 (vlak overr brug over kanaal),2022-06-25,07:00:00,5,3,2,F1052
570,F105 (vlak overr brug over kanaal),2022-06-25,08:00:00,18,7,11,F1052
570,F105 (vlak overr brug over kanaal),2022-06-25,09:00:00,32,16,16,F1052
570,F105 (vlak overr brug over kanaal),2022-06-25,10:00:00,31,15,16,F1052
570,F105 (vlak overr brug over kanaal),2022-06-25,11:00:00,48,23,25,F1052
570,F105 (vlak overr brug over kanaal),2022-06-25,12:00:00,26,17,9,F1052
570,F105 (vlak overr brug over kanaal),2022-06-25,13:00:00,67,32,35,F1052
570,F105 (vlak overr brug over kanaal),2022-06-25,14:00:00,74,41,33,F1052
570,F105 (vlak overr brug over kanaal),2022-06-25,15:00:00,71,49,22,F1052
570,F105 (vlak overr brug over kanaal),2022-06-25,16:00:00,48,16,32,F1052
570,F105 (vlak overr brug over kanaal),2022-06-25,17:00:00,23,10,13,F1052
570,F105 (vlak overr brug over kanaal),2022-06-25,18:00:00,10,5,5,F1052
570,F105 (vlak overr brug over kanaal),2022-06-25,19:00:00,8,3,5,F1052
570,F105 (vlak overr brug over kanaal),2022-06-25,20:00:00,7,1,6,F1052
570,F105 (vlak overr brug over kanaal),2022-06-25,21:00:00,1,1,0,F1052
570,F105 (vlak overr brug over kanaal),2022-06-25,22:00:00,2,1,1,F1052
570,F105 (vlak overr brug over kanaal),2022-06-25,23:00:00,3,0,3,F1052
570,F105 (vlak overr brug over kanaal),2022-06-26,00:00:00,5,2,3,F1052
570,F105 (vlak overr brug over kanaal),2022-06-26,01:00:00,1,1,0,F1052
570,F105 (vlak overr brug over kanaal),2022-06-26,02:00:00,0,0,0,F1052
570,F105 (vlak overr brug over kanaal),2022-06-26,03:00:00,0,0,0,F1052
570,F105 (vlak overr brug over kanaal),2022-06-26,04:00:00,0,0,0,F1052
570,F105 (vlak overr brug over kanaal),2022-06-26,05:00:00,2,1,1,F1052
570,F105 (vlak overr brug over kanaal),2022-06-26,06:00:00,0,0,0,F1052
570,F105 (vlak overr brug over kanaal),2022-06-26,07:00:00,4,1,3,F1052
570,F105 (vlak overr brug over kanaal),2022-06-26,08:00:00,27,4,23,F1052
570,F105 (vlak overr brug over kanaal),2022-06-26,09:00:00,50,12,38,F1052
570,F105 (vlak overr brug over kanaal),2022-06-26,10:00:00,74,34,40,F1052
570,F105 (vlak overr brug over kanaal),2022-06-26,11:00:00,75,25,50,F1052
570,F105 (vlak overr brug over kanaal),2022-06-26,12:00:00,55,20,35,F1052
570,F105 (vlak overr brug over kanaal),2022-06-26,13:00:00,113,47,66,F1052
570,F105 (vlak overr brug over kanaal),2022-06-26,14:00:00,146,62,84,F1052
570,F105 (vlak overr brug over kanaal),2022-06-26,15:00:00,91,41,50,F1052
570,F105 (vlak overr brug over kanaal),2022-06-26,16:00:00,68,44,24,F1052
570,F105 (vlak overr brug over kanaal),2022-06-26,17:00:00,72,43,29,F1052
570,F105 (vlak overr brug over kanaal),2022-06-26,18:00:00,42,27,15,F1052
570,F105 (vlak overr brug over kanaal),2022-06-26,19:00:00,37,22,15,F1052
570,F105 (vlak overr brug over kanaal),2022-06-26,20:00:00,18,7,11,F1052
570,F105 (vlak overr brug over kanaal),2022-06-26,21:00:00,24,16,8,F1052
570,F105 (vlak overr brug over kanaal),2022-06-26,22:00:00,4,4,0,F1052
570,F105 (vlak overr brug over kanaal),2022-06-26,23:00:00,1,1,0,F1052
570,F105 (vlak overr brug over kanaal),2022-06-27,00:00:00,1,1,0,F1052
570,F105 (vlak overr brug over kanaal),2022-06-27,01:00:00,3,0,3,F1052
570,F105 (vlak overr brug over kanaal),2022-06-27,02:00:00,8,0,8,F1052
570,F105 (vlak overr brug over kanaal),2022-06-27,03:00:00,0,0,0,F1052
570,F105 (vlak overr brug over kanaal),2022-06-27,04:00:00,2,0,2,F1052
570,F105 (vlak overr brug over kanaal),2022-06-27,05:00:00,12,9,3,F1052
570,F105 (vlak overr brug over kanaal),2022-06-27,06:00:00,21,16,5,F1052
570,F105 (vlak overr brug over kanaal),2022-06-27,07:00:00,68,44,24,F1052
570,F105 (vlak overr brug over kanaal),2022-06-27,08:00:00,47,32,15,F1052
570,F105 (vlak overr brug over kanaal),2022-06-27,09:00:00,26,15,11,F1052
570,F105 (vlak overr brug over kanaal),2022-06-27,10:00:00,28,8,20,F1052
570,F105 (vlak overr brug over kanaal),2022-06-27,11:00:00,38,26,12,F1052
570,F105 (vlak overr brug over kanaal),2022-06-27,12:00:00,10,6,4,F1052
570,F105 (vlak overr brug over kanaal),2022-06-27,13:00:00,29,26,3,F1052
570,F105 (vlak overr brug over kanaal),2022-06-27,14:00:00,18,16,2,F1052
570,F105 (vlak overr brug over kanaal),2022-06-27,15:00:00,27,19,8,F1052
570,F105 (vlak overr brug over kanaal),2022-06-27,16:00:00,31,26,5,F1052
570,F105 (vlak overr brug over kanaal),2022-06-27,17:00:00,46,39,7,F1052
570,F105 (vlak overr brug over kanaal),2022-06-27,18:00:00,28,20,8,F1052
570,F105 (vlak overr brug over kanaal),2022-06-27,19:00:00,31,26,5,F1052
570,F105 (vlak overr brug over kanaal),2022-06-27,20:00:00,19,15,4,F1052
570,F105 (vlak overr brug over kanaal),2022-06-27,21:00:00,10,7,3,F1052
570,F105 (vlak overr brug over kanaal),2022-06-27,22:00:00,16,10,6,F1052
570,F105 (vlak overr brug over kanaal),2022-06-27,23:00:00,5,2,3,F1052
570,F105 (vlak overr brug over kanaal),2022-06-28,00:00:00,0,0,0,F1052
570,F105 (vlak overr brug over kanaal),2022-06-28,01:00:00,0,0,0,F1052
570,F105 (vlak overr brug over kanaal),2022-06-28,02:00:00,0,0,0,F1052
570,F105 (vlak overr brug over kanaal),2022-06-28,03:00:00,0,0,0,F1052
570,F105 (vlak overr brug over kanaal),2022-06-28,04:00:00,4,4,0,F1052
570,F105 (vlak overr brug over kanaal),2022-06-28,05:00:00,16,14,2,F1052
570,F105 (vlak overr brug over kanaal),2022-06-28,06:00:00,31,24,7,F1052
570,F105 (vlak overr brug over kanaal),2022-06-28,07:00:00,62,57,5,F1052
570,F105 (vlak overr brug over kanaal),2022-06-28,08:00:00,43,41,2,F1052
570,F105 (vlak overr brug over kanaal),2022-06-28,09:00:00,38,28,10,F1052
570,F105 (vlak overr brug over kanaal),2022-06-28,10:00:00,38,30,8,F1052
570,F105 (vlak overr brug over kanaal),2022-06-28,11:00:00,45,27,18,F1052
570,F105 (vlak overr brug over kanaal),2022-06-28,12:00:00,50,43,7,F1052
570,F105 (vlak overr brug over kanaal),2022-06-28,13:00:00,123,104,19,F1052
570,F105 (vlak overr brug over kanaal),2022-06-28,14:00:00,137,109,28,F1052
570,F105 (vlak overr brug over kanaal),2022-06-28,15:00:00,127,90,37,F1052
570,F105 (vlak overr brug over kanaal),2022-06-28,16:00:00,31,20,11,F1052
570,F105 (vlak overr brug over kanaal),2022-06-28,17:00:00,0,0,0,F1052
570,F105 (vlak overr brug over kanaal),2022-06-28,18:00:00,0,0,0,F1052
570,F105 (vlak overr brug over kanaal),2022-06-28,19:00:00,0,0,0,F1052
570,F105 (vlak overr brug over kanaal),2022-06-28,20:00:00,0,0,0,F1052
570,F105 (vlak overr brug over kanaal),2022-06-28,21:00:00,0,0,0,F1052
570,F105 (vlak overr brug over kanaal),2022-06-28,22:00:00,0,0,0,F1052
570,F105 (vlak overr brug over kanaal),2022-06-28,23:00:00,0,0,0,F1052
570,F105 (vlak overr brug over kanaal),2022-07-21,00:00:00,8,3,5,F1052
570,F105 (vlak overr brug over kanaal),2022-07-21,01:00:00,1,1,0,F1052
570,F105 (vlak overr brug over kanaal),2022-07-21,02:00:00,0,0,0,F1052
570,F105 (vlak overr brug over kanaal),2022-07-21,03:00:00,0,0,0,F1052
570,F105 (vlak overr brug over kanaal),2022-07-21,04:00:00,2,1,1,F1052
570,F105 (vlak overr brug over kanaal),2022-07-21,05:00:00,2,1,1,F1052
570,F105 (vlak overr brug over kanaal),2022-07-21,06:00:00,10,5,5,F1052
570,F105 (vlak overr brug over kanaal),2022-07-21,07:00:00,8,3,5,F1052
570,F105 (vlak overr brug over kanaal),2022-07-21,08:00:00,3,2,1,F1052
570,F105 (vlak overr brug over kanaal),2022-07-21,09:00:00,0,0,0,F1052
570,F105 (vlak overr brug over kanaal),2022-07-21,10:00:00,0,0,0,F1052
570,F105 (vlak overr brug over kanaal),2022-07-21,11:00:00,0,0,0,F1052
570,F105 (vlak overr brug over kanaal),2022-07-21,12:00:00,22,2,20,F1052
570,F105 (vlak overr brug over kanaal),2022-07-21,13:00:00,8,4,4,F1052
570,F105 (vlak overr brug over kanaal),2022-07-21,14:00:00,4,0,4,F1052
570,F105 (vlak overr brug over kanaal),2022-07-21,15:00:00,3,1,2,F1052
570,F105 (vlak overr brug over kanaal),2022-07-21,16:00:00,1,1,0,F1052
570,F105 (vlak overr brug over kanaal),2022-07-21,17:00:00,1,1,0,F1052
570,F105 (vlak overr brug over kanaal),2022-07-21,18:00:00,0,0,0,F1052
570,F105 (vlak overr brug over kanaal),2022-07-21,19:00:00,0,0,0,F1052
570,F105 (vlak overr brug over kanaal),2022-07-21,20:00:00,0,0,0,F1052
570,F105 (vlak overr brug over kanaal),2022-07-21,21:00:00,0,0,0,F1052
570,F105 (vlak overr brug over kanaal),2022-07-21,22:00:00,0,0,0,F1052
570,F105 (vlak overr brug over kanaal),2022-07-21,23:00:00,0,0,0,F1052
570,F105 (vlak overr brug over kanaal),2022-07-22,00:00:00,1,1,0,F1052
570,F105 (vlak overr brug over kanaal),2022-07-22,01:00:00,0,0,0,F1052
570,F105 (vlak overr brug over kanaal),2022-07-22,02:00:00,0,0,0,F1052
570,F105 (vlak overr brug over kanaal),2022-07-22,03:00:00,0,0,0,F1052
570,F105 (vlak overr brug over kanaal),2022-07-22,04:00:00,0,0,0,F1052
570,F105 (vlak overr brug over kanaal),2022-07-22,05:00:00,0,0,0,F1052
570,F105 (vlak overr brug over kanaal),2022-07-22,06:00:00,0,0,0,F1052
570,F105 (vlak overr brug over kanaal),2022-07-22,07:00:00,0,0,0,F1052
570,F105 (vlak overr brug over kanaal),2022-07-22,08:00:00,2,2,0,F1052
570,F105 (vlak overr brug over kanaal),2022-07-22,09:00:00,6,4,2,F1052
570,F105 (vlak overr brug over kanaal),2022-07-22,10:00:00,8,7,1,F1052
570,F105 (vlak overr brug over kanaal),2022-07-22,11:00:00,13,9,4,F1052
570,F105 (vlak overr brug over kanaal),2022-07-22,12:00:00,62,26,36,F1052
570,F105 (vlak overr brug over kanaal),2022-07-22,13:00:00,31,14,17,F1052
570,F105 (vlak overr brug over kanaal),2022-07-22,14:00:00,14,11,3,F1052
570,F105 (vlak overr brug over kanaal),2022-07-22,15:00:00,3,3,0,F1052
570,F105 (vlak overr brug over kanaal),2022-07-22,16:00:00,5,4,1,F1052
570,F105 (vlak overr brug over kanaal),2022-07-22,17:00:00,6,3,3,F1052
570,F105 (vlak overr brug over kanaal),2022-07-22,18:00:00,9,5,4,F1052
570,F105 (vlak overr brug over kanaal),2022-07-22,19:00:00,8,5,3,F1052
570,F105 (vlak overr brug over kanaal),2022-07-22,20:00:00,2,1,1,F1052
570,F105 (vlak overr brug over kanaal),2022-07-22,21:00:00,1,1,0,F1052
570,F105 (vlak overr brug over kanaal),2022-07-22,22:00:00,1,1,0,F1052
570,F105 (vlak overr brug over kanaal),2022-07-22,23:00:00,0,0,0,F1052
570,F105 (vlak overr brug over kanaal),2022-07-23,00:00:00,1,1,0,F1052
570,F105 (vlak overr brug over kanaal),2022-07-23,01:00:00,0,0,0,F1052
570,F105 (vlak overr brug over kanaal),2022-07-23,02:00:00,0,0,0,F1052
570,F105 (vlak overr brug over kanaal),2022-07-23,03:00:00,1,1,0,F1052
570,F105 (vlak overr brug over kanaal),2022-07-23,04:00:00,0,0,0,F1052
570,F105 (vlak overr brug over kanaal),2022-07-23,05:00:00,1,1,0,F1052
570,F105 (vlak overr brug over kanaal),2022-07-23,06:00:00,2,2,0,F1052
570,F105 (vlak overr brug over kanaal),2022-07-23,07:00:00,1,1,0,F1052
570,F105 (vlak overr brug over kanaal),2022-07-23,08:00:00,19,6,13,F1052
570,F105 (vlak overr brug over kanaal),2022-07-23,09:00:00,18,8,10,F1052
570,F105 (vlak overr brug over kanaal),2022-07-23,10:00:00,25,13,12,F1052
570,F105 (vlak overr brug over kanaal),2022-07-23,11:00:00,48,18,30,F1052
570,F105 (vlak overr brug over kanaal),2022-07-23,12:00:00,14,6,8,F1052
570,F105 (vlak overr brug over kanaal),2022-07-23,13:00:00,26,15,11,F1052
570,F105 (vlak overr brug over kanaal),2022-07-23,14:00:00,42,23,19,F1052
570,F105 (vlak overr brug over kanaal),2022-07-23,15:00:00,36,20,16,F1052
570,F105 (vlak overr brug over kanaal),2022-07-23,16:00:00,7,2,5,F1052
570,F105 (vlak overr brug over kanaal),2022-07-23,17:00:00,4,2,2,F1052
570,F105 (vlak overr brug over kanaal),2022-07-23,18:00:00,6,4,2,F1052
570,F105 (vlak overr brug over kanaal),2022-07-23,19:00:00,6,4,2,F1052
570,F105 (vlak overr brug over kanaal),2022-07-23,20:00:00,3,1,2,F1052
570,F105 (vlak overr brug over kanaal),2022-07-23,21:00:00,4,3,1,F1052
570,F105 (vlak overr brug over kanaal),2022-07-23,22:00:00,1,0,1,F1052
570,F105 (vlak overr brug over kanaal),2022-07-23,23:00:00,3,3,0,F1052
570,F105 (vlak overr brug over kanaal),2022-07-24,00:00:00,2,0,2,F1052
570,F105 (vlak overr brug over kanaal),2022-07-24,01:00:00,0,0,0,F1052
570,F105 (vlak overr brug over kanaal),2022-07-24,02:00:00,0,0,0,F1052
570,F105 (vlak overr brug over kanaal),2022-07-24,03:00:00,0,0,0,F1052
570,F105 (vlak overr brug over kanaal),2022-07-24,04:00:00,0,0,0,F1052
570,F105 (vlak overr brug over kanaal),2022-07-24,05:00:00,0,0,0,F1052
570,F105 (vlak overr brug over kanaal),2022-07-24,06:00:00,0,0,0,F1052
570,F105 (vlak overr brug over kanaal),2022-07-24,07:00:00,0,0,0,F1052
570,F105 (vlak overr brug over kanaal),2022-07-24,08:00:00,24,18,6,F1052
570,F105 (vlak overr brug over kanaal),2022-07-24,09:00:00,81,33,48,F1052
570,F105 (vlak overr brug over kanaal),2022-07-24,10:00:00,127,61,66,F1052
570,F105 (vlak overr brug over kanaal),2022-07-24,11:00:00,100,53,47,F1052
570,F105 (vlak overr brug over kanaal),2022-07-24,12:00:00,68,25,43,F1052
570,F105 (vlak overr brug over kanaal),2022-07-24,13:00:00,84,41,43,F1052
570,F105 (vlak overr brug over kanaal),2022-07-24,14:00:00,51,17,34,F1052
570,F105 (vlak overr brug over kanaal),2022-07-24,15:00:00,32,17,15,F1052
570,F105 (vlak overr brug over kanaal),2022-07-24,16:00:00,26,10,16,F1052
570,F105 (vlak overr brug over kanaal),2022-07-24,17:00:00,16,5,11,F1052
570,F105 (vlak overr brug over kanaal),2022-07-24,18:00:00,23,12,11,F1052
570,F105 (vlak overr brug over kanaal),2022-07-24,19:00:00,7,1,6,F1052
570,F105 (vlak overr brug over kanaal),2022-07-24,20:00:00,24,7,17,F1052
570,F105 (vlak overr brug over kanaal),2022-07-24,21:00:00,25,12,13,F1052
570,F105 (vlak overr brug over kanaal),2022-07-24,22:00:00,5,5,0,F1052
570,F105 (vlak overr brug over kanaal),2022-07-24,23:00:00,0,0,0,F1052
570,F105 (vlak overr brug over kanaal),2022-07-25,00:00:00,0,0,0,F1052
570,F105 (vlak overr brug over kanaal),2022-07-25,01:00:00,0,0,0,F1052
570,F105 (vlak overr brug over kanaal),2022-07-25,02:00:00,0,0,0,F1052
570,F105 (vlak overr brug over kanaal),2022-07-25,03:00:00,0,0,0,F1052
570,F105 (vlak overr brug over kanaal),2022-07-25,04:00:00,1,1,0,F1052
570,F105 (vlak overr brug over kanaal),2022-07-25,05:00:00,6,4,2,F1052
570,F105 (vlak overr brug over kanaal),2022-07-25,06:00:00,2,2,0,F1052
570,F105 (vlak overr brug over kanaal),2022-07-25,07:00:00,34,17,17,F1052
570,F105 (vlak overr brug over kanaal),2022-07-25,08:00:00,3,2,1,F1052
570,F105 (vlak overr brug over kanaal),2022-07-25,09:00:00,22,13,9,F1052
570,F105 (vlak overr brug over kanaal),2022-07-25,10:00:00,37,15,22,F1052
570,F105 (vlak overr brug over kanaal),2022-07-25,11:00:00,34,15,19,F1052
570,F105 (vlak overr brug over kanaal),2022-07-25,12:00:00,38,18,20,F1052
570,F105 (vlak overr brug over kanaal),2022-07-25,13:00:00,70,34,36,F1052
570,F105 (vlak overr brug over kanaal),2022-07-25,14:00:00,71,37,34,F1052
570,F105 (vlak overr brug over kanaal),2022-07-25,15:00:00,80,51,29,F1052
570,F105 (vlak overr brug over kanaal),2022-07-25,16:00:00,73,34,39,F1052
570,F105 (vlak overr brug over kanaal),2022-07-25,17:00:00,50,27,23,F1052
570,F105 (vlak overr brug over kanaal),2022-07-25,18:00:00,40,26,14,F1052
570,F105 (vlak overr brug over kanaal),2022-07-25,19:00:00,17,8,9,F1052
570,F105 (vlak overr brug over kanaal),2022-07-25,20:00:00,20,9,11,F1052
570,F105 (vlak overr brug over kanaal),2022-07-25,21:00:00,16,6,10,F1052
570,F105 (vlak overr brug over kanaal),2022-07-25,22:00:00,16,10,6,F1052
570,F105 (vlak overr brug over kanaal),2022-07-25,23:00:00,1,1,0,F1052
570,F105 (vlak overr brug over kanaal),2022-07-26,00:00:00,1,1,0,F1052
570,F105 (vlak overr brug over kanaal),2022-07-26,01:00:00,1,0,1,F1052
570,F105 (vlak overr brug over kanaal),2022-07-26,02:00:00,0,0,0,F1052
570,F105 (vlak overr brug over kanaal),2022-07-26,03:00:00,2,1,1,F1052
570,F105 (vlak overr brug over kanaal),2022-07-26,04:00:00,3,2,1,F1052
570,F105 (vlak overr brug over kanaal),2022-07-26,05:00:00,11,4,7,F1052
570,F105 (vlak overr brug over kanaal),2022-07-26,06:00:00,27,15,12,F1052
570,F105 (vlak overr brug over kanaal),2022-07-26,07:00:00,51,29,22,F1052
570,F105 (vlak overr brug over kanaal),2022-07-26,08:00:00,35,23,12,F1052
570,F105 (vlak overr brug over kanaal),2022-07-26,09:00:00,32,10,22,F1052
570,F105 (vlak overr brug over kanaal),2022-07-26,10:00:00,40,26,14,F1052
570,F105 (vlak overr brug over kanaal),2022-07-26,11:00:00,35,13,22,F1052
570,F105 (vlak overr brug over kanaal),2022-07-26,12:00:00,29,15,14,F1052
570,F105 (vlak overr brug over kanaal),2022-07-26,13:00:00,35,18,17,F1052
570,F105 (vlak overr brug over kanaal),2022-07-26,14:00:00,58,36,22,F1052
570,F105 (vlak overr brug over kanaal),2022-07-26,15:00:00,52,29,23,F1052
570,F105 (vlak overr brug over kanaal),2022-07-26,16:00:00,71,35,36,F1052
570,F105 (vlak overr brug over kanaal),2022-07-26,17:00:00,60,27,33,F1052
570,F105 (vlak overr brug over kanaal),2022-07-26,18:00:00,37,20,17,F1052
570,F105 (vlak overr brug over kanaal),2022-07-26,19:00:00,20,12,8,F1052
570,F105 (vlak overr brug over kanaal),2022-07-26,20:00:00,12,2,10,F1052
570,F105 (vlak overr brug over kanaal),2022-07-26,21:00:00,17,4,13,F1052
570,F105 (vlak overr brug over kanaal),2022-07-26,22:00:00,13,6,7,F1052
570,F105 (vlak overr brug over kanaal),2022-07-26,23:00:00,4,3,1,F1052
570,F105 (vlak overr brug over kanaal),2022-07-27,00:00:00,4,3,1,F1052
570,F105 (vlak overr brug over kanaal),2022-07-27,01:00:00,0,0,0,F1052
570,F105 (vlak overr brug over kanaal),2022-07-27,02:00:00,0,0,0,F1052
570,F105 (vlak overr brug over kanaal),2022-07-27,03:00:00,1,0,1,F1052
570,F105 (vlak overr brug over kanaal),2022-07-27,04:00:00,3,3,0,F1052
570,F105 (vlak overr brug over kanaal),2022-07-27,05:00:00,16,7,9,F1052
570,F105 (vlak overr brug over kanaal),2022-07-27,06:00:00,25,15,10,F1052
570,F105 (vlak overr brug over kanaal),2022-07-27,07:00:00,40,21,19,F1052
570,F105 (vlak overr brug over kanaal),2022-07-27,08:00:00,39,21,18,F1052
570,F105 (vlak overr brug over kanaal),2022-07-27,09:00:00,30,17,13,F1052
570,F105 (vlak overr brug over kanaal),2022-07-27,10:00:00,59,36,23,F1052
570,F105 (vlak overr brug over kanaal),2022-07-27,11:00:00,53,28,25,F1052
570,F105 (vlak overr brug over kanaal),2022-07-27,12:00:00,58,30,28,F1052
570,F105 (vlak overr brug over kanaal),2022-07-27,13:00:00,65,37,28,F1052
570,F105 (vlak overr brug over kanaal),2022-07-27,14:00:00,107,66,41,F1052
570,F105 (vlak overr brug over kanaal),2022-07-27,15:00:00,74,47,27,F1052
570,F105 (vlak overr brug over kanaal),2022-07-27,16:00:00,95,29,66,F1052
570,F105 (vlak overr brug over kanaal),2022-07-27,17:00:00,74,27,47,F1052
570,F105 (vlak overr brug over kanaal),2022-07-27,18:00:00,60,48,12,F1052
570,F105 (vlak overr brug over kanaal),2022-07-27,19:00:00,45,19,26,F1052
570,F105 (vlak overr brug over kanaal),2022-07-27,20:00:00,44,17,27,F1052
570,F105 (vlak overr brug over kanaal),2022-07-27,21:00:00,33,16,17,F1052
570,F105 (vlak overr brug over kanaal),2022-07-27,22:00:00,15,6,9,F1052
570,F105 (vlak overr brug over kanaal),2022-07-27,23:00:00,6,3,3,F1052
570,F105 (vlak overr brug over kanaal),2022-07-28,00:00:00,1,1,0,F1052
570,F105 (vlak overr brug over kanaal),2022-07-28,01:00:00,2,0,2,F1052
570,F105 (vlak overr brug over kanaal),2022-07-28,02:00:00,0,0,0,F1052
570,F105 (vlak overr brug over kanaal),2022-07-28,03:00:00,1,1,0,F1052
570,F105 (vlak overr brug over kanaal),2022-07-28,04:00:00,3,2,1,F1052
570,F105 (vlak overr brug over kanaal),2022-07-28,05:00:00,13,6,7,F1052
570,F105 (vlak overr brug over kanaal),2022-07-28,06:00:00,25,11,14,F1052
570,F105 (vlak overr brug over kanaal),2022-07-28,07:00:00,51,32,19,F1052
570,F105 (vlak overr brug over kanaal),2022-07-28,08:00:00,43,24,19,F1052
570,F105 (vlak overr brug over kanaal),2022-07-28,09:00:00,32,23,9,F1052
570,F105 (vlak overr brug over kanaal),2022-07-28,10:00:00,34,17,17,F1052
570,F105 (vlak overr brug over kanaal),2022-07-28,11:00:00,54,33,21,F1052
570,F105 (vlak overr brug over kanaal),2022-07-28,12:00:00,71,42,29,F1052
570,F105 (vlak overr brug over kanaal),2022-07-28,13:00:00,63,34,29,F1052
570,F105 (vlak overr brug over kanaal),2022-07-28,14:00:00,42,25,17,F1052
570,F105 (vlak overr brug over kanaal),2022-07-28,15:00:00,50,30,20,F1052
570,F105 (vlak overr brug over kanaal),2022-07-28,16:00:00,60,32,28,F1052
570,F105 (vlak overr brug over kanaal),2022-07-28,17:00:00,44,35,9,F1052
570,F105 (vlak overr brug over kanaal),2022-07-28,18:00:00,125,108,17,F1052
570,F105 (vlak overr brug over kanaal),2022-07-28,19:00:00,84,67,17,F1052
570,F105 (vlak overr brug over kanaal),2022-07-28,20:00:00,38,15,23,F1052
570,F105 (vlak overr brug over kanaal),2022-07-28,21:00:00,97,22,75,F1052
570,F105 (vlak overr brug over kanaal),2022-07-28,22:00:00,139,13,126,F1052
570,F105 (vlak overr brug over kanaal),2022-07-28,23:00:00,45,2,43,F1052
570,F105 (vlak overr brug over kanaal),2022-07-29,00:00:00,34,5,29,F1052
570,F105 (vlak overr brug over kanaal),2022-07-29,01:00:00,7,0,7,F1052
570,F105 (vlak overr brug over kanaal),2022-07-29,02:00:00,12,0,12,F1052
570,F105 (vlak overr brug over kanaal),2022-07-29,03:00:00,19,0,19,F1052
570,F105 (vlak overr brug over kanaal),2022-07-29,04:00:00,3,1,2,F1052
570,F105 (vlak overr brug over kanaal),2022-07-29,05:00:00,12,6,6,F1052
570,F105 (vlak overr brug over kanaal),2022-07-29,06:00:00,20,11,9,F1052
570,F105 (vlak overr brug over kanaal),2022-07-29,07:00:00,37,22,15,F1052
570,F105 (vlak overr brug over kanaal),2022-07-29,08:00:00,40,25,15,F1052
570,F105 (vlak overr brug over kanaal),2022-07-29,09:00:00,61,43,18,F1052
570,F105 (vlak overr brug over kanaal),2022-07-29,10:00:00,57,29,28,F1052
570,F105 (vlak overr brug over kanaal),2022-07-29,11:00:00,77,38,39,F1052
570,F105 (vlak overr brug over kanaal),2022-07-29,12:00:00,47,19,28,F1052
570,F105 (vlak overr brug over kanaal),2022-07-29,13:00:00,49,22,27,F1052
570,F105 (vlak overr brug over kanaal),2022-07-29,14:00:00,62,30,32,F1052
570,F105 (vlak overr brug over kanaal),2022-07-29,15:00:00,38,27,11,F1052
570,F105 (vlak overr brug over kanaal),2022-07-29,16:00:00,78,31,47,F1052
570,F105 (vlak overr brug over kanaal),2022-07-29,17:00:00,48,20,28,F1052
570,F105 (vlak overr brug over kanaal),2022-07-29,18:00:00,62,24,38,F1052
570,F105 (vlak overr brug over kanaal),2022-07-29,19:00:00,45,22,23,F1052
570,F105 (vlak overr brug over kanaal),2022-07-29,20:00:00,68,43,25,F1052
570,F105 (vlak overr brug over kanaal),2022-07-29,21:00:00,40,20,20,F1052
570,F105 (vlak overr brug over kanaal),2022-07-29,22:00:00,43,22,21,F1052
570,F105 (vlak overr brug over kanaal),2022-07-29,23:00:00,47,14,33,F1052
570,F105 (vlak overr brug over kanaal),2022-07-30,00:00:00,30,2,28,F1052
570,F105 (vlak overr brug over kanaal),2022-07-30,01:00:00,21,2,19,F1052
570,F105 (vlak overr brug over kanaal),2022-07-30,02:00:00,13,0,13,F1052
570,F105 (vlak overr brug over kanaal),2022-07-30,03:00:00,21,0,21,F1052
570,F105 (vlak overr brug over kanaal),2022-07-30,04:00:00,5,0,5,F1052
570,F105 (vlak overr brug over kanaal),2022-07-30,05:00:00,4,1,3,F1052
570,F105 (vlak overr brug over kanaal),2022-07-30,06:00:00,5,3,2,F1052
570,F105 (vlak overr brug over kanaal),2022-07-30,07:00:00,9,6,3,F1052
570,F105 (vlak overr brug over kanaal),2022-07-30,08:00:00,10,6,4,F1052
570,F105 (vlak overr brug over kanaal),2022-07-30,09:00:00,29,16,13,F1052
570,F105 (vlak overr brug over kanaal),2022-07-30,10:00:00,35,16,19,F1052
570,F105 (vlak overr brug over kanaal),2022-07-30,11:00:00,46,20,26,F1052
570,F105 (vlak overr brug over kanaal),2022-07-30,12:00:00,50,25,25,F1052
570,F105 (vlak overr brug over kanaal),2022-07-30,13:00:00,76,44,32,F1052
570,F105 (vlak overr brug over kanaal),2022-07-30,14:00:00,127,57,70,F1052
570,F105 (vlak overr brug over kanaal),2022-07-30,15:00:00,95,34,61,F1052
570,F105 (vlak overr brug over kanaal),2022-07-30,16:00:00,43,18,25,F1052
570,F105 (vlak overr brug over kanaal),2022-07-30,17:00:00,30,15,15,F1052
570,F105 (vlak overr brug over kanaal),2022-07-30,18:00:00,19,8,11,F1052
570,F105 (vlak overr brug over kanaal),2022-07-30,19:00:00,34,17,17,F1052
570,F105 (vlak overr brug over kanaal),2022-07-30,20:00:00,25,12,13,F1052
570,F105 (vlak overr brug over kanaal),2022-07-30,21:00:00,19,4,15,F1052
570,F105 (vlak overr brug over kanaal),2022-07-30,22:00:00,18,11,7,F1052
570,F105 (vlak overr brug over kanaal),2022-07-30,23:00:00,5,2,3,F1052
570,F105 (vlak overr brug over kanaal),2022-07-31,00:00:00,3,1,2,F1052
570,F105 (vlak overr brug over kanaal),2022-07-31,01:00:00,2,1,1,F1052
570,F105 (vlak overr brug over kanaal),2022-07-31,02:00:00,1,0,1,F1052
570,F105 (vlak overr brug over kanaal),2022-07-31,03:00:00,7,5,2,F1052
570,F105 (vlak overr brug over kanaal),2022-07-31,04:00:00,5,2,3,F1052
570,F105 (vlak overr brug over kanaal),2022-07-31,05:00:00,3,1,2,F1052
570,F105 (vlak overr brug over kanaal),2022-07-31,06:00:00,6,5,1,F1052
570,F105 (vlak overr brug over kanaal),2022-07-31,07:00:00,7,4,3,F1052
570,F105 (vlak overr brug over kanaal),2022-07-31,08:00:00,30,21,9,F1052
570,F105 (vlak overr brug over kanaal),2022-07-31,09:00:00,62,31,31,F1052
570,F105 (vlak overr brug over kanaal),2022-07-31,10:00:00,85,58,27,F1052
570,F105 (vlak overr brug over kanaal),2022-07-31,11:00:00,86,39,47,F1052
570,F105 (vlak overr brug over kanaal),2022-07-31,12:00:00,60,33,27,F1052
570,F105 (vlak overr brug over kanaal),2022-07-31,13:00:00,78,32,46,F1052
570,F105 (vlak overr brug over kanaal),2022-07-31,14:00:00,65,34,31,F1052
570,F105 (vlak overr brug over kanaal),2022-07-31,15:00:00,68,31,37,F1052
570,F105 (vlak overr brug over kanaal),2022-07-31,16:00:00,58,32,26,F1052
570,F105 (vlak overr brug over kanaal),2022-07-31,17:00:00,48,31,17,F1052
570,F105 (vlak overr brug over kanaal),2022-07-31,18:00:00,17,10,7,F1052
570,F105 (vlak overr brug over kanaal),2022-07-31,19:00:00,28,20,8,F1052
570,F105 (vlak overr brug over kanaal),2022-07-31,20:00:00,22,10,12,F1052
570,F105 (vlak overr brug over kanaal),2022-07-31,21:00:00,11,5,6,F1052
570,F105 (vlak overr brug over kanaal),2022-07-31,22:00:00,8,4,4,F1052
570,F105 (vlak overr brug over kanaal),2022-07-31,23:00:00,1,1,0,F1052
570,F105 (vlak overr brug over kanaal),2022-08-01,00:00:00,3,1,2,F1052
570,F105 (vlak overr brug over kanaal),2022-08-01,01:00:00,0,0,0,F1052
570,F105 (vlak overr brug over kanaal),2022-08-01,02:00:00,0,0,0,F1052
570,F105 (vlak overr brug over kanaal),2022-08-01,03:00:00,0,0,0,F1052
570,F105 (vlak overr brug over kanaal),2022-08-01,04:00:00,2,2,0,F1052
570,F105 (vlak overr brug over kanaal),2022-08-01,05:00:00,15,11,4,F1052
570,F105 (vlak overr brug over kanaal),2022-08-01,06:00:00,24,12,12,F1052
570,F105 (vlak overr brug over kanaal),2022-08-01,07:00:00,51,29,22,F1052
570,F105 (vlak overr brug over kanaal),2022-08-01,08:00:00,36,18,18,F1052
570,F105 (vlak overr brug over kanaal),2022-08-01,09:00:00,30,15,15,F1052
570,F105 (vlak overr brug over kanaal),2022-08-01,10:00:00,40,22,18,F1052
570,F105 (vlak overr brug over kanaal),2022-08-01,11:00:00,46,36,10,F1052
570,F105 (vlak overr brug over kanaal),2022-08-01,12:00:00,54,30,24,F1052
570,F105 (vlak overr brug over kanaal),2022-08-01,13:00:00,27,15,12,F1052
570,F105 (vlak overr brug over kanaal),2022-08-01,14:00:00,28,18,10,F1052
570,F105 (vlak overr brug over kanaal),2022-08-01,15:00:00,11,4,7,F1052
570,F105 (vlak overr brug over kanaal),2022-08-01,16:00:00,27,15,12,F1052
570,F105 (vlak overr brug over kanaal),2022-08-01,17:00:00,5,2,3,F1052
570,F105 (vlak overr brug over kanaal),2022-08-01,18:00:00,18,5,13,F1052
570,F105 (vlak overr brug over kanaal),2022-08-01,19:00:00,21,8,13,F1052
570,F105 (vlak overr brug over kanaal),2022-08-01,20:00:00,41,23,18,F1052
570,F105 (vlak overr brug over kanaal),2022-08-01,21:00:00,21,6,15,F1052
570,F105 (vlak overr brug over kanaal),2022-08-01,22:00:00,23,14,9,F1052
570,F105 (vlak overr brug over kanaal),2022-08-01,23:00:00,3,0,3,F1052
570,F105 (vlak overr brug over kanaal),2022-08-02,00:00:00,2,2,0,F1052
570,F105 (vlak overr brug over kanaal),2022-08-02,01:00:00,0,0,0,F1052
570,F105 (vlak overr brug over kanaal),2022-08-02,02:00:00,0,0,0,F1052
570,F105 (vlak overr brug over kanaal),2022-08-02,03:00:00,0,0,0,F1052
570,F105 (vlak overr brug over kanaal),2022-08-02,04:00:00,3,3,0,F1052
570,F105 (vlak overr brug over kanaal),2022-08-02,05:00:00,21,11,10,F1052
570,F105 (vlak overr brug over kanaal),2022-08-02,06:00:00,21,15,6,F1052
570,F105 (vlak overr brug over kanaal),2022-08-02,07:00:00,48,26,22,F1052
570,F105 (vlak overr brug over kanaal),2022-08-02,08:00:00,46,27,19,F1052
570,F105 (vlak overr brug over kanaal),2022-08-02,09:00:00,36,17,19,F1052
570,F105 (vlak overr brug over kanaal),2022-08-02,10:00:00,36,19,17,F1052
570,F105 (vlak overr brug over kanaal),2022-08-02,11:00:00,10,5,5,F1052
570,F105 (vlak overr brug over kanaal),2022-08-02,12:00:00,15,6,9,F1052
570,F105 (vlak overr brug over kanaal),2022-08-02,13:00:00,36,18,18,F1052
570,F105 (vlak overr brug over kanaal),2022-08-02,14:00:00,67,28,39,F1052
570,F105 (vlak overr brug over kanaal),2022-08-02,15:00:00,52,31,21,F1052
570,F105 (vlak overr brug over kanaal),2022-08-02,16:00:00,24,9,15,F1052
570,F105 (vlak overr brug over kanaal),2022-08-02,17:00:00,30,8,22,F1052
570,F105 (vlak overr brug over kanaal),2022-08-02,18:00:00,28,9,19,F1052
570,F105 (vlak overr brug over kanaal),2022-08-02,19:00:00,15,5,10,F1052
570,F105 (vlak overr brug over kanaal),2022-08-02,20:00:00,11,6,5,F1052
570,F105 (vlak overr brug over kanaal),2022-08-02,21:00:00,28,13,15,F1052
570,F105 (vlak overr brug over kanaal),2022-08-02,22:00:00,7,4,3,F1052
570,F105 (vlak overr brug over kanaal),2022-08-02,23:00:00,6,2,4,F1052
570,F105 (vlak overr brug over kanaal),2022-08-03,00:00:00,1,0,1,F1052
570,F105 (vlak overr brug over kanaal),2022-08-03,01:00:00,1,1,0,F1052
570,F105 (vlak overr brug over kanaal),2022-08-03,02:00:00,0,0,0,F1052
570,F105 (vlak overr brug over kanaal),2022-08-03,03:00:00,0,0,0,F1052
570,F105 (vlak overr brug over kanaal),2022-08-03,04:00:00,2,2,0,F1052
570,F105 (vlak overr brug over kanaal),2022-08-03,05:00:00,6,5,1,F1052
570,F105 (vlak overr brug over kanaal),2022-08-03,06:00:00,15,10,5,F1052
570,F105 (vlak overr brug over kanaal),2022-08-03,07:00:00,49,30,19,F1052
570,F105 (vlak overr brug over kanaal),2022-08-03,08:00:00,47,25,22,F1052
570,F105 (vlak overr brug over kanaal),2022-08-03,09:00:00,53,25,28,F1052
570,F105 (vlak overr brug over kanaal),2022-08-03,10:00:00,29,14,15,F1052
570,F105 (vlak overr brug over kanaal),2022-08-03,11:00:00,21,12,9,F1052
570,F105 (vlak overr brug over kanaal),2022-08-03,12:00:00,19,8,11,F1052
570,F105 (vlak overr brug over kanaal),2022-08-03,13:00:00,29,12,17,F1052
570,F105 (vlak overr brug over kanaal),2022-08-03,14:00:00,46,28,18,F1052
570,F105 (vlak overr brug over kanaal),2022-08-03,15:00:00,36,16,20,F1052
570,F105 (vlak overr brug over kanaal),2022-08-03,16:00:00,41,7,34,F1052
570,F105 (vlak overr brug over kanaal),2022-08-03,17:00:00,43,17,26,F1052
570,F105 (vlak overr brug over kanaal),2022-08-03,18:00:00,44,20,24,F1052
570,F105 (vlak overr brug over kanaal),2022-08-03,19:00:00,37,14,23,F1052
570,F105 (vlak overr brug over kanaal),2022-08-03,20:00:00,46,21,25,F1052
570,F105 (vlak overr brug over kanaal),2022-08-03,21:00:00,24,14,10,F1052
570,F105 (vlak overr brug over kanaal),2022-08-03,22:00:00,23,10,13,F1052
570,F105 (vlak overr brug over kanaal),2022-08-03,23:00:00,7,1,6,F1052
570,F105 (vlak overr brug over kanaal),2022-08-04,00:00:00,2,1,1,F1052
570,F105 (vlak overr brug over kanaal),2022-08-04,01:00:00,1,0,1,F1052
570,F105 (vlak overr brug over kanaal),2022-08-04,02:00:00,0,0,0,F1052
570,F105 (vlak overr brug over kanaal),2022-08-04,03:00:00,0,0,0,F1052
570,F105 (vlak overr brug over kanaal),2022-08-04,04:00:00,4,4,0,F1052
570,F105 (vlak overr brug over kanaal),2022-08-04,05:00:00,24,11,13,F1052
570,F105 (vlak overr brug over kanaal),2022-08-04,06:00:00,30,18,12,F1052
570,F105 (vlak overr brug over kanaal),2022-08-04,07:00:00,56,36,20,F1052
570,F105 (vlak overr brug over kanaal),2022-08-04,08:00:00,36,21,15,F1052
570,F105 (vlak overr brug over kanaal),2022-08-04,09:00:00,44,24,20,F1052
570,F105 (vlak overr brug over kanaal),2022-08-04,10:00:00,49,19,30,F1052
570,F105 (vlak overr brug over kanaal),2022-08-04,11:00:00,44,20,24,F1052
570,F105 (vlak overr brug over kanaal),2022-08-04,12:00:00,28,13,15,F1052
570,F105 (vlak overr brug over kanaal),2022-08-04,13:00:00,88,37,51,F1052
570,F105 (vlak overr brug over kanaal),2022-08-04,14:00:00,88,39,49,F1052
570,F105 (vlak overr brug over kanaal),2022-08-04,15:00:00,73,36,37,F1052
570,F105 (vlak overr brug over kanaal),2022-08-04,16:00:00,61,19,42,F1052
570,F105 (vlak overr brug over kanaal),2022-08-04,17:00:00,43,20,23,F1052
570,F105 (vlak overr brug over kanaal),2022-08-04,18:00:00,34,18,16,F1052
570,F105 (vlak overr brug over kanaal),2022-08-04,19:00:00,32,16,16,F1052
570,F105 (vlak overr brug over kanaal),2022-08-04,20:00:00,31,19,12,F1052
570,F105 (vlak overr brug over kanaal),2022-08-04,21:00:00,22,9,13,F1052
570,F105 (vlak overr brug over kanaal),2022-08-04,22:00:00,11,4,7,F1052
570,F105 (vlak overr brug over kanaal),2022-08-04,23:00:00,6,2,4,F1052
570,F105 (vlak overr brug over kanaal),2022-08-05,00:00:00,5,2,3,F1052
570,F105 (vlak overr brug over kanaal),2022-08-05,01:00:00,3,3,0,F1052
570,F105 (vlak overr brug over kanaal),2022-08-05,02:00:00,2,2,0,F1052
570,F105 (vlak overr brug over kanaal),2022-08-05,03:00:00,0,0,0,F1052
570,F105 (vlak overr brug over kanaal),2022-08-05,04:00:00,4,4,0,F1052
570,F105 (vlak overr brug over kanaal),2022-08-05,05:00:00,14,4,10,F1052
570,F105 (vlak overr brug over kanaal),2022-08-05,06:00:00,22,15,7,F1052
570,F105 (vlak overr brug over kanaal),2022-08-05,07:00:00,38,20,18,F1052
570,F105 (vlak overr brug over kanaal),2022-08-05,08:00:00,44,28,16,F1052
570,F105 (vlak overr brug over kanaal),2022-08-05,09:00:00,47,32,15,F1052
570,F105 (vlak overr brug over kanaal),2022-08-05,10:00:00,40,18,22,F1052
570,F105 (vlak overr brug over kanaal),2022-08-05,11:00:00,32,11,21,F1052
570,F105 (vlak overr brug over kanaal),2022-08-05,12:00:00,48,25,23,F1052
570,F105 (vlak overr brug over kanaal),2022-08-05,13:00:00,68,34,34,F1052
570,F105 (vlak overr brug over kanaal),2022-08-05,14:00:00,100,55,45,F1052
570,F105 (vlak overr brug over kanaal),2022-08-05,15:00:00,91,31,60,F1052
570,F105 (vlak overr brug over kanaal),2022-08-05,16:00:00,82,39,43,F1052
570,F105 (vlak overr brug over kanaal),2022-08-05,17:00:00,53,23,30,F1052
570,F105 (vlak overr brug over kanaal),2022-08-05,18:00:00,52,21,31,F1052
570,F105 (vlak overr brug over kanaal),2022-08-05,19:00:00,28,14,14,F1052
570,F105 (vlak overr brug over kanaal),2022-08-05,20:00:00,18,6,12,F1052
570,F105 (vlak overr brug over kanaal),2022-08-05,21:00:00,26,11,15,F1052
570,F105 (vlak overr brug over kanaal),2022-08-05,22:00:00,33,18,15,F1052
570,F105 (vlak overr brug over kanaal),2022-08-05,23:00:00,7,4,3,F1052
570,F105 (vlak overr brug over kanaal),2022-08-06,00:00:00,8,6,2,F1052
570,F105 (vlak overr brug over kanaal),2022-08-06,01:00:00,2,0,2,F1052
570,F105 (vlak overr brug over kanaal),2022-08-06,02:00:00,9,3,6,F1052
570,F105 (vlak overr brug over kanaal),2022-08-06,03:00:00,0,0,0,F1052
570,F105 (vlak overr brug over kanaal),2022-08-06,04:00:00,1,1,0,F1052
570,F105 (vlak overr brug over kanaal),2022-08-06,05:00:00,1,0,1,F1052
570,F105 (vlak overr brug over kanaal),2022-08-06,06:00:00,6,5,1,F1052
570,F105 (vlak overr brug over kanaal),2022-08-06,07:00:00,5,3,2,F1052
570,F105 (vlak overr brug over kanaal),2022-08-06,08:00:00,23,14,9,F1052
570,F105 (vlak overr brug over kanaal),2022-08-06,09:00:00,38,17,21,F1052
570,F105 (vlak overr brug over kanaal),2022-08-06,10:00:00,25,8,17,F1052
570,F105 (vlak overr brug over kanaal),2022-08-06,11:00:00,49,32,17,F1052
570,F105 (vlak overr brug over kanaal),2022-08-06,12:00:00,28,10,18,F1052
570,F105 (vlak overr brug over kanaal),2022-08-06,13:00:00,80,39,41,F1052
570,F105 (vlak overr brug over kanaal),2022-08-06,14:00:00,143,84,59,F1052
570,F105 (vlak overr brug over kanaal),2022-08-06,15:00:00,104,58,46,F1052
570,F105 (vlak overr brug over kanaal),2022-08-06,16:00:00,73,40,33,F1052
570,F105 (vlak overr brug over kanaal),2022-08-06,17:00:00,59,21,38,F1052
570,F105 (vlak overr brug over kanaal),2022-08-06,18:00:00,35,20,15,F1052
570,F105 (vlak overr brug over kanaal),2022-08-06,19:00:00,19,14,5,F1052
570,F105 (vlak overr brug over kanaal),2022-08-06,20:00:00,30,17,13,F1052
570,F105 (vlak overr brug over kanaal),2022-08-06,21:00:00,19,7,12,F1052
570,F105 (vlak overr brug over kanaal),2022-08-06,22:00:00,22,13,9,F1052
570,F105 (vlak overr brug over kanaal),2022-08-06,23:00:00,9,4,5,F1052
570,F105 (vlak overr brug over kanaal),2022-08-07,00:00:00,1,1,0,F1052
570,F105 (vlak overr brug over kanaal),2022-08-07,01:00:00,4,4,0,F1052
570,F105 (vlak overr brug over kanaal),2022-08-07,02:00:00,2,0,2,F1052
570,F105 (vlak overr brug over kanaal),2022-08-07,03:00:00,3,0,3,F1052
570,F105 (vlak overr brug over kanaal),2022-08-07,04:00:00,0,0,0,F1052
570,F105 (vlak overr brug over kanaal),2022-08-07,05:00:00,4,0,4,F1052
570,F105 (vlak overr brug over kanaal),2022-08-07,06:00:00,2,2,0,F1052
570,F105 (vlak overr brug over kanaal),2022-08-07,07:00:00,3,2,1,F1052
570,F105 (vlak overr brug over kanaal),2022-08-07,08:00:00,23,8,15,F1052
570,F105 (vlak overr brug over kanaal),2022-08-07,09:00:00,48,29,19,F1052
570,F105 (vlak overr brug over kanaal),2022-08-07,10:00:00,113,62,51,F1052
570,F105 (vlak overr brug over kanaal),2022-08-07,11:00:00,103,45,58,F1052
570,F105 (vlak overr brug over kanaal),2022-08-07,12:00:00,46,21,25,F1052
570,F105 (vlak overr brug over kanaal),2022-08-07,13:00:00,137,58,79,F1052
570,F105 (vlak overr brug over kanaal),2022-08-07,14:00:00,151,80,71,F1052
570,F105 (vlak overr brug over kanaal),2022-08-07,15:00:00,121,61,60,F1052
570,F105 (vlak overr brug over kanaal),2022-08-07,16:00:00,89,43,46,F1052
570,F105 (vlak overr brug over kanaal),2022-08-07,17:00:00,39,24,15,F1052
570,F105 (vlak overr brug over kanaal),2022-08-07,18:00:00,56,20,36,F1052
570,F105 (vlak overr brug over kanaal),2022-08-07,19:00:00,44,24,20,F1052
570,F105 (vlak overr brug over kanaal),2022-08-07,20:00:00,25,8,17,F1052
570,F105 (vlak overr brug over kanaal),2022-08-07,21:00:00,24,14,10,F1052
570,F105 (vlak overr brug over kanaal),2022-08-07,22:00:00,10,5,5,F1052
570,F105 (vlak overr brug over kanaal),2022-08-07,23:00:00,7,4,3,F1052
570,F105 (vlak overr brug over kanaal),2022-08-08,00:00:00,1,0,1,F1052
570,F105 (vlak overr brug over kanaal),2022-08-08,01:00:00,1,1,0,F1052
570,F105 (vlak overr brug over kanaal),2022-08-08,02:00:00,0,0,0,F1052
570,F105 (vlak overr brug over kanaal),2022-08-08,03:00:00,0,0,0,F1052
570,F105 (vlak overr brug over kanaal),2022-08-08,04:00:00,4,2,2,F1052
570,F105 (vlak overr brug over kanaal),2022-08-08,05:00:00,16,10,6,F1052
570,F105 (vlak overr brug over kanaal),2022-08-08,06:00:00,23,13,10,F1052
570,F105 (vlak overr brug over kanaal),2022-08-08,07:00:00,66,40,26,F1052
570,F105 (vlak overr brug over kanaal),2022-08-08,08:00:00,39,21,18,F1052
570,F105 (vlak overr brug over kanaal),2022-08-08,09:00:00,31,17,14,F1052
570,F105 (vlak overr brug over kanaal),2022-08-08,10:00:00,43,24,19,F1052
570,F105 (vlak overr brug over kanaal),2022-08-08,11:00:00,48,23,25,F1052
570,F105 (vlak overr brug over kanaal),2022-08-08,12:00:00,36,23,13,F1052
570,F105 (vlak overr brug over kanaal),2022-08-08,13:00:00,77,38,39,F1052
570,F105 (vlak overr brug over kanaal),2022-08-08,14:00:00,99,63,36,F1052
570,F105 (vlak overr brug over kanaal),2022-08-08,15:00:00,93,46,47,F1052
570,F105 (vlak overr brug over kanaal),2022-08-08,16:00:00,102,41,61,F1052
570,F105 (vlak overr brug over kanaal),2022-08-08,17:00:00,54,25,29,F1052
570,F105 (vlak overr brug over kanaal),2022-08-08,18:00:00,63,21,42,F1052
570,F105 (vlak overr brug over kanaal),2022-08-08,19:00:00,47,22,25,F1052
570,F105 (vlak overr brug over kanaal),2022-08-08,20:00:00,40,21,19,F1052
570,F105 (vlak overr brug over kanaal),2022-08-08,21:00:00,31,16,15,F1052
570,F105 (vlak overr brug over kanaal),2022-08-08,22:00:00,26,10,16,F1052
570,F105 (vlak overr brug over kanaal),2022-08-08,23:00:00,2,2,0,F1052
570,F105 (vlak overr brug over kanaal),2022-08-09,00:00:00,1,1,0,F1052
570,F105 (vlak overr brug over kanaal),2022-08-09,01:00:00,0,0,0,F1052
570,F105 (vlak overr brug over kanaal),2022-08-09,02:00:00,1,1,0,F1052
570,F105 (vlak overr brug over kanaal),2022-08-09,03:00:00,0,0,0,F1052
570,F105 (vlak overr brug over kanaal),2022-08-09,04:00:00,5,4,1,F1052
570,F105 (vlak overr brug over kanaal),2022-08-09,05:00:00,22,14,8,F1052
570,F105 (vlak overr brug over kanaal),2022-08-09,06:00:00,27,18,9,F1052
570,F105 (vlak overr brug over kanaal),2022-08-09,07:00:00,57,32,25,F1052
570,F105 (vlak overr brug over kanaal),2022-08-09,08:00:00,46,26,20,F1052
570,F105 (vlak overr brug over kanaal),2022-08-09,09:00:00,48,33,15,F1052
570,F105 (vlak overr brug over kanaal),2022-08-09,10:00:00,52,25,27,F1052
570,F105 (vlak overr brug over kanaal),2022-08-09,11:00:00,53,25,28,F1052
570,F105 (vlak overr brug over kanaal),2022-08-09,12:00:00,42,21,21,F1052
570,F105 (vlak overr brug over kanaal),2022-08-09,13:00:00,96,48,48,F1052
570,F105 (vlak overr brug over kanaal),2022-08-09,14:00:00,74,35,39,F1052
570,F105 (vlak overr brug over kanaal),2022-08-09,15:00:00,91,44,47,F1052
570,F105 (vlak overr brug over kanaal),2022-08-09,16:00:00,115,41,74,F1052
570,F105 (vlak overr brug over kanaal),2022-08-09,17:00:00,72,28,44,F1052
570,F105 (vlak overr brug over kanaal),2022-08-09,18:00:00,44,20,24,F1052
570,F105 (vlak overr brug over kanaal),2022-08-09,19:00:00,65,25,40,F1052
570,F105 (vlak overr brug over kanaal),2022-08-09,20:00:00,49,27,22,F1052
570,F105 (vlak overr brug over kanaal),2022-08-09,21:00:00,24,6,18,F1052
570,F105 (vlak overr brug over kanaal),2022-08-09,22:00:00,34,16,18,F1052
570,F105 (vlak overr brug over kanaal),2022-08-09,23:00:00,2,0,2,F1052
570,F105 (vlak overr brug over kanaal),2022-08-10,00:00:00,5,4,1,F1052
570,F105 (vlak overr brug over kanaal),2022-08-10,01:00:00,0,0,0,F1052
570,F105 (vlak overr brug over kanaal),2022-08-10,02:00:00,2,0,2,F1052
570,F105 (vlak overr brug over kanaal),2022-08-10,03:00:00,0,0,0,F1052
570,F105 (vlak overr brug over kanaal),2022-08-10,04:00:00,5,4,1,F1052
570,F105 (vlak overr brug over kanaal),2022-08-10,05:00:00,23,14,9,F1052
570,F105 (vlak overr brug over kanaal),2022-08-10,06:00:00,25,13,12,F1052
570,F105 (vlak overr brug over kanaal),2022-08-10,07:00:00,58,36,22,F1052
570,F105 (vlak overr brug over kanaal),2022-08-10,08:00:00,50,28,22,F1052
570,F105 (vlak overr brug over kanaal),2022-08-10,09:00:00,49,21,28,F1052
570,F105 (vlak overr brug over kanaal),2022-08-10,10:00:00,55,30,25,F1052
570,F105 (vlak overr brug over kanaal),2022-08-10,11:00:00,59,29,30,F1052
570,F105 (vlak overr brug over kanaal),2022-08-10,12:00:00,39,14,25,F1052
570,F105 (vlak overr brug over kanaal),2022-08-10,13:00:00,80,48,32,F1052
570,F105 (vlak overr brug over kanaal),2022-08-10,14:00:00,78,37,41,F1052
570,F105 (vlak overr brug over kanaal),2022-08-10,15:00:00,69,35,34,F1052
570,F105 (vlak overr brug over kanaal),2022-08-10,16:00:00,73,31,42,F1052
570,F105 (vlak overr brug over kanaal),2022-08-10,17:00:00,66,28,38,F1052
570,F105 (vlak overr brug over kanaal),2022-08-10,18:00:00,46,20,26,F1052
570,F105 (vlak overr brug over kanaal),2022-08-10,19:00:00,39,15,24,F1052
570,F105 (vlak overr brug over kanaal),2022-08-10,20:00:00,77,41,36,F1052
570,F105 (vlak overr brug over kanaal),2022-08-10,21:00:00,41,14,27,F1052
570,F105 (vlak overr brug over kanaal),2022-08-10,22:00:00,31,9,22,F1052
570,F105 (vlak overr brug over kanaal),2022-08-10,23:00:00,5,5,0,F1052
570,F105 (vlak overr brug over kanaal),2022-08-11,00:00:00,2,1,1,F1052
570,F105 (vlak overr brug over kanaal),2022-08-11,01:00:00,1,0,1,F1052
570,F105 (vlak overr brug over kanaal),2022-08-11,02:00:00,1,1,0,F1052
570,F105 (vlak overr brug over kanaal),2022-08-11,03:00:00,0,0,0,F1052
570,F105 (vlak overr brug over kanaal),2022-08-11,04:00:00,4,4,0,F1052
570,F105 (vlak overr brug over kanaal),2022-08-11,05:00:00,17,10,7,F1052
570,F105 (vlak overr brug over kanaal),2022-08-11,06:00:00,28,16,12,F1052
570,F105 (vlak overr brug over kanaal),2022-08-11,07:00:00,62,35,27,F1052
570,F105 (vlak overr brug over kanaal),2022-08-11,08:00:00,56,30,26,F1052
570,F105 (vlak overr brug over kanaal),2022-08-11,09:00:00,62,33,29,F1052
570,F105 (vlak overr brug over kanaal),2022-08-11,10:00:00,54,24,30,F1052
570,F105 (vlak overr brug over kanaal),2022-08-11,11:00:00,51,26,25,F1052
570,F105 (vlak overr brug over kanaal),2022-08-11,12:00:00,60,26,34,F1052
570,F105 (vlak overr brug over kanaal),2022-08-11,13:00:00,87,51,36,F1052
570,F105 (vlak overr brug over kanaal),2022-08-11,14:00:00,79,35,44,F1052
570,F105 (vlak overr brug over kanaal),2022-08-11,15:00:00,70,24,46,F1052
570,F105 (vlak overr brug over kanaal),2022-08-11,16:00:00,108,38,70,F1052
570,F105 (vlak overr brug over kanaal),2022-08-11,17:00:00,50,18,32,F1052
570,F105 (vlak overr brug over kanaal),2022-08-11,18:00:00,48,21,27,F1052
570,F105 (vlak overr brug over kanaal),2022-08-11,19:00:00,47,17,30,F1052
570,F105 (vlak overr brug over kanaal),2022-08-11,20:00:00,49,20,29,F1052
570,F105 (vlak overr brug over kanaal),2022-08-11,21:00:00,41,19,22,F1052
570,F105 (vlak overr brug over kanaal),2022-08-11,22:00:00,28,14,14,F1052
570,F105 (vlak overr brug over kanaal),2022-08-11,23:00:00,6,2,4,F1052
570,F105 (vlak overr brug over kanaal),2022-08-12,00:00:00,5,0,5,F1052
570,F105 (vlak overr brug over kanaal),2022-08-12,01:00:00,2,2,0,F1052
570,F105 (vlak overr brug over kanaal),2022-08-12,02:00:00,1,0,1,F1052
570,F105 (vlak overr brug over kanaal),2022-08-12,03:00:00,2,0,2,F1052
570,F105 (vlak overr brug over kanaal),2022-08-12,04:00:00,2,2,0,F1052
570,F105 (vlak overr brug over kanaal),2022-08-12,05:00:00,12,7,5,F1052
570,F105 (vlak overr brug over kanaal),2022-08-12,06:00:00,18,11,7,F1052
570,F105 (vlak overr brug over kanaal),2022-08-12,07:00:00,49,28,21,F1052
570,F105 (vlak overr brug over kanaal),2022-08-12,08:00:00,65,41,24,F1052
570,F105 (vlak overr brug over kanaal),2022-08-12,09:00:00,68,45,23,F1052
570,F105 (vlak overr brug over kanaal),2022-08-12,10:00:00,55,31,24,F1052
570,F105 (vlak overr brug over kanaal),2022-08-12,11:00:00,54,17,37,F1052
570,F105 (vlak overr brug over kanaal),2022-08-12,12:00:00,44,18,26,F1052
570,F105 (vlak overr brug over kanaal),2022-08-12,13:00:00,33,14,19,F1052
570,F105 (vlak overr brug over kanaal),2022-08-12,14:00:00,34,12,22,F1052
570,F105 (vlak overr brug over kanaal),2022-08-12,15:00:00,27,11,16,F1052
570,F105 (vlak overr brug over kanaal),2022-08-12,16:00:00,44,18,26,F1052
570,F105 (vlak overr brug over kanaal),2022-08-12,17:00:00,30,8,22,F1052
570,F105 (vlak overr brug over kanaal),2022-08-12,18:00:00,34,11,23,F1052
570,F105 (vlak overr brug over kanaal),2022-08-12,19:00:00,32,17,15,F1052
570,F105 (vlak overr brug over kanaal),2022-08-12,20:00:00,45,16,29,F1052
570,F105 (vlak overr brug over kanaal),2022-08-12,21:00:00,28,14,14,F1052
570,F105 (vlak overr brug over kanaal),2022-08-12,22:00:00,23,9,14,F1052
570,F105 (vlak overr brug over kanaal),2022-08-12,23:00:00,14,3,11,F1052
570,F105 (vlak overr brug over kanaal),2022-08-13,00:00:00,11,2,9,F1052
570,F105 (vlak overr brug over kanaal),2022-08-13,01:00:00,2,2,0,F1052
570,F105 (vlak overr brug over kanaal),2022-08-13,02:00:00,6,1,5,F1052
570,F105 (vlak overr brug over kanaal),2022-08-13,03:00:00,5,5,0,F1052
570,F105 (vlak overr brug over kanaal),2022-08-13,04:00:00,0,0,0,F1052
570,F105 (vlak overr brug over kanaal),2022-08-13,05:00:00,5,1,4,F1052
570,F105 (vlak overr brug over kanaal),2022-08-13,06:00:00,10,7,3,F1052
570,F105 (vlak overr brug over kanaal),2022-08-13,07:00:00,9,7,2,F1052
570,F105 (vlak overr brug over kanaal),2022-08-13,08:00:00,46,31,15,F1052
570,F105 (vlak overr brug over kanaal),2022-08-13,09:00:00,68,26,42,F1052
570,F105 (vlak overr brug over kanaal),2022-08-13,10:00:00,50,19,31,F1052
570,F105 (vlak overr brug over kanaal),2022-08-13,11:00:00,78,49,29,F1052
570,F105 (vlak overr brug over kanaal),2022-08-13,12:00:00,35,15,20,F1052
570,F105 (vlak overr brug over kanaal),2022-08-13,13:00:00,29,9,20,F1052
570,F105 (vlak overr brug over kanaal),2022-08-13,14:00:00,29,19,10,F1052
570,F105 (vlak overr brug over kanaal),2022-08-13,15:00:00,34,20,14,F1052
570,F105 (vlak overr brug over kanaal),2022-08-13,16:00:00,19,9,10,F1052
570,F105 (vlak overr brug over kanaal),2022-08-13,17:00:00,28,13,15,F1052
570,F105 (vlak overr brug over kanaal),2022-08-13,18:00:00,30,19,11,F1052
570,F105 (vlak overr brug over kanaal),2022-08-13,19:00:00,22,10,12,F1052
570,F105 (vlak overr brug over kanaal),2022-08-13,20:00:00,40,19,21,F1052
570,F105 (vlak overr brug over kanaal),2022-08-13,21:00:00,21,10,11,F1052
570,F105 (vlak overr brug over kanaal),2022-08-13,22:00:00,18,5,13,F1052
570,F105 (vlak overr brug over kanaal),2022-08-13,23:00:00,6,2,4,F1052
570,F105 (vlak overr brug over kanaal),2022-08-14,00:00:00,3,0,3,F1052
570,F105 (vlak overr brug over kanaal),2022-08-14,01:00:00,4,3,1,F1052
570,F105 (vlak overr brug over kanaal),2022-08-14,02:00:00,15,12,3,F1052
570,F105 (vlak overr brug over kanaal),2022-08-14,03:00:00,2,1,1,F1052
570,F105 (vlak overr brug over kanaal),2022-08-14,04:00:00,2,2,0,F1052
570,F105 (vlak overr brug over kanaal),2022-08-14,05:00:00,4,1,3,F1052
570,F105 (vlak overr brug over kanaal),2022-08-14,06:00:00,8,6,2,F1052
570,F105 (vlak overr brug over kanaal),2022-08-14,07:00:00,17,11,6,F1052
570,F105 (vlak overr brug over kanaal),2022-08-14,08:00:00,57,36,21,F1052
570,F105 (vlak overr brug over kanaal),2022-08-14,09:00:00,68,39,29,F1052
570,F105 (vlak overr brug over kanaal),2022-08-14,10:00:00,58,30,28,F1052
570,F105 (vlak overr brug over kanaal),2022-08-14,11:00:00,53,16,37,F1052
570,F105 (vlak overr brug over kanaal),2022-08-14,12:00:00,43,15,28,F1052
570,F105 (vlak overr brug over kanaal),2022-08-14,13:00:00,24,10,14,F1052
570,F105 (vlak overr brug over kanaal),2022-08-14,14:00:00,18,6,12,F1052
570,F105 (vlak overr brug over kanaal),2022-08-14,15:00:00,28,10,18,F1052
570,F105 (vlak overr brug over kanaal),2022-08-14,16:00:00,20,9,11,F1052
570,F105 (vlak overr brug over kanaal),2022-08-14,17:00:00,14,7,7,F1052
570,F105 (vlak overr brug over kanaal),2022-08-14,18:00:00,32,10,22,F1052
570,F105 (vlak overr brug over kanaal),2022-08-14,19:00:00,47,16,31,F1052
570,F105 (vlak overr brug over kanaal),2022-08-14,20:00:00,35,13,22,F1052
570,F105 (vlak overr brug over kanaal),2022-08-14,21:00:00,19,7,12,F1052
570,F105 (vlak overr brug over kanaal),2022-08-14,22:00:00,17,7,10,F1052
570,F105 (vlak overr brug over kanaal),2022-08-14,23:00:00,16,9,7,F1052
570,F105 (vlak overr brug over kanaal),2022-08-15,00:00:00,0,0,0,F1052
570,F105 (vlak overr brug over kanaal),2022-08-15,01:00:00,3,1,2,F1052
570,F105 (vlak overr brug over kanaal),2022-08-15,02:00:00,11,10,1,F1052
570,F105 (vlak overr brug over kanaal),2022-08-15,03:00:00,8,3,5,F1052
570,F105 (vlak overr brug over kanaal),2022-08-15,04:00:00,7,7,0,F1052
570,F105 (vlak overr brug over kanaal),2022-08-15,05:00:00,1,0,1,F1052
570,F105 (vlak overr brug over kanaal),2022-08-15,06:00:00,8,6,2,F1052
570,F105 (vlak overr brug over kanaal),2022-08-15,07:00:00,4,3,1,F1052
570,F105 (vlak overr brug over kanaal),2022-08-15,08:00:00,21,15,6,F1052
570,F105 (vlak overr brug over kanaal),2022-08-15,09:00:00,28,13,15,F1052
570,F105 (vlak overr brug over kanaal),2022-08-15,10:00:00,38,24,14,F1052
570,F105 (vlak overr brug over kanaal),2022-08-15,11:00:00,28,18,10,F1052
570,F105 (vlak overr brug over kanaal),2022-08-15,12:00:00,32,14,18,F1052
570,F105 (vlak overr brug over kanaal),2022-08-15,13:00:00,79,36,43,F1052
570,F105 (vlak overr brug over kanaal),2022-08-15,14:00:00,60,41,19,F1052
570,F105 (vlak overr brug over kanaal),2022-08-15,15:00:00,32,15,17,F1052
570,F105 (vlak overr brug over kanaal),2022-08-15,16:00:00,4,1,3,F1052
570,F105 (vlak overr brug over kanaal),2022-08-15,17:00:00,21,7,14,F1052
570,F105 (vlak overr brug over kanaal),2022-08-15,18:00:00,27,15,12,F1052
570,F105 (vlak overr brug over kanaal),2022-08-15,19:00:00,31,11,20,F1052
570,F105 (vlak overr brug over kanaal),2022-08-15,20:00:00,21,12,9,F1052
570,F105 (vlak overr brug over kanaal),2022-08-15,21:00:00,17,5,12,F1052
570,F105 (vlak overr brug over kanaal),2022-08-15,22:00:00,3,1,2,F1052
570,F105 (vlak overr brug over kanaal),2022-08-15,23:00:00,4,2,2,F1052
570,F105 (vlak overr brug over kanaal),2022-08-16,00:00:00,2,1,1,F1052
570,F105 (vlak overr brug over kanaal),2022-08-16,01:00:00,4,3,1,F1052
570,F105 (vlak overr brug over kanaal),2022-08-16,02:00:00,0,0,0,F1052
570,F105 (vlak overr brug over kanaal),2022-08-16,03:00:00,1,0,1,F1052
570,F105 (vlak overr brug over kanaal),2022-08-16,04:00:00,4,4,0,F1052
570,F105 (vlak overr brug over kanaal),2022-08-16,05:00:00,8,2,6,F1052
570,F105 (vlak overr brug over kanaal),2022-08-16,06:00:00,25,17,8,F1052
570,F105 (vlak overr brug over kanaal),2022-08-16,07:00:00,54,30,24,F1052
570,F105 (vlak overr brug over kanaal),2022-08-16,08:00:00,43,30,13,F1052
570,F105 (vlak overr brug over kanaal),2022-08-16,09:00:00,49,27,22,F1052
570,F105 (vlak overr brug over kanaal),2022-08-16,10:00:00,39,15,24,F1052
570,F105 (vlak overr brug over kanaal),2022-08-16,11:00:00,28,16,12,F1052
570,F105 (vlak overr brug over kanaal),2022-08-16,12:00:00,57,30,27,F1052
570,F105 (vlak overr brug over kanaal),2022-08-16,13:00:00,52,28,24,F1052
570,F105 (vlak overr brug over kanaal),2022-08-16,14:00:00,73,36,37,F1052
570,F105 (vlak overr brug over kanaal),2022-08-16,15:00:00,40,26,14,F1052
570,F105 (vlak overr brug over kanaal),2022-08-16,16:00:00,77,32,45,F1052
570,F105 (vlak overr brug over kanaal),2022-08-16,17:00:00,80,30,50,F1052
570,F105 (vlak overr brug over kanaal),2022-08-16,18:00:00,51,20,31,F1052
570,F105 (vlak overr brug over kanaal),2022-08-16,19:00:00,43,18,25,F1052
570,F105 (vlak overr brug over kanaal),2022-08-16,20:00:00,49,22,27,F1052
570,F105 (vlak overr brug over kanaal),2022-08-16,21:00:00,24,8,16,F1052
570,F105 (vlak overr brug over kanaal),2022-08-16,22:00:00,18,13,5,F1052
570,F105 (vlak overr brug over kanaal),2022-08-16,23:00:00,7,2,5,F1052
570,F105 (vlak overr brug over kanaal),2022-08-17,00:00:00,4,2,2,F1052
570,F105 (vlak overr brug over kanaal),2022-08-17,01:00:00,0,0,0,F1052
570,F105 (vlak overr brug over kanaal),2022-08-17,02:00:00,0,0,0,F1052
570,F105 (vlak overr brug over kanaal),2022-08-17,03:00:00,0,0,0,F1052
570,F105 (vlak overr brug over kanaal),2022-08-17,04:00:00,5,4,1,F1052
570,F105 (vlak overr brug over kanaal),2022-08-17,05:00:00,14,5,9,F1052
570,F105 (vlak overr brug over kanaal),2022-08-17,06:00:00,20,12,8,F1052
570,F105 (vlak overr brug over kanaal),2022-08-17,07:00:00,42,27,15,F1052
570,F105 (vlak overr brug over kanaal),2022-08-17,08:00:00,27,15,12,F1052
570,F105 (vlak overr brug over kanaal),2022-08-17,09:00:00,16,11,5,F1052
570,F105 (vlak overr brug over kanaal),2022-08-17,10:00:00,26,10,16,F1052
570,F105 (vlak overr brug over kanaal),2022-08-17,11:00:00,14,10,4,F1052
570,F105 (vlak overr brug over kanaal),2022-08-17,12:00:00,14,3,11,F1052
570,F105 (vlak overr brug over kanaal),2022-08-17,13:00:00,14,7,7,F1052
570,F105 (vlak overr brug over kanaal),2022-08-17,14:00:00,16,11,5,F1052
570,F105 (vlak overr brug over kanaal),2022-08-17,15:00:00,29,12,17,F1052
570,F105 (vlak overr brug over kanaal),2022-08-17,16:00:00,42,20,22,F1052
570,F105 (vlak overr brug over kanaal),2022-08-17,17:00:00,30,12,18,F1052
570,F105 (vlak overr brug over kanaal),2022-08-17,18:00:00,17,7,10,F1052
570,F105 (vlak overr brug over kanaal),2022-08-17,19:00:00,5,4,1,F1052
570,F105 (vlak overr brug over kanaal),2022-08-17,20:00:00,12,8,4,F1052
570,F105 (vlak overr brug over kanaal),2022-08-17,21:00:00,7,3,4,F1052
570,F105 (vlak overr brug over kanaal),2022-08-17,22:00:00,8,7,1,F1052
570,F105 (vlak overr brug over kanaal),2022-08-17,23:00:00,3,1,2,F1052
570,F105 (vlak overr brug over kanaal),2022-08-18,00:00:00,0,0,0,F1052
570,F105 (vlak overr brug over kanaal),2022-08-18,01:00:00,0,0,0,F1052
570,F105 (vlak overr brug over kanaal),2022-08-18,02:00:00,0,0,0,F1052
570,F105 (vlak overr brug over kanaal),2022-08-18,03:00:00,1,1,0,F1052
570,F105 (vlak overr brug over kanaal),2022-08-18,04:00:00,2,2,0,F1052
570,F105 (vlak overr brug over kanaal),2022-08-18,05:00:00,4,2,2,F1052
570,F105 (vlak overr brug over kanaal),2022-08-18,06:00:00,6,4,2,F1052
570,F105 (vlak overr brug over kanaal),2022-08-18,07:00:00,7,5,2,F1052
570,F105 (vlak overr brug over kanaal),2022-08-18,08:00:00,1,1,0,F1052
570,F105 (vlak overr brug over kanaal),2022-08-18,09:00:00,18,11,7,F1052
570,F105 (vlak overr brug over kanaal),2022-08-18,10:00:00,13,11,2,F1052
570,F105 (vlak overr brug over kanaal),2022-08-18,11:00:00,13,8,5,F1052
570,F105 (vlak overr brug over kanaal),2022-08-18,12:00:00,5,4,1,F1052
570,F105 (vlak overr brug over kanaal),2022-08-18,13:00:00,21,12,9,F1052
570,F105 (vlak overr brug over kanaal),2022-08-18,14:00:00,16,12,4,F1052
570,F105 (vlak overr brug over kanaal),2022-08-18,15:00:00,24,17,7,F1052
570,F105 (vlak overr brug over kanaal),2022-08-18,16:00:00,13,7,6,F1052
570,F105 (vlak overr brug over kanaal),2022-08-18,17:00:00,12,4,8,F1052
570,F105 (vlak overr brug over kanaal),2022-08-18,18:00:00,9,2,7,F1052
570,F105 (vlak overr brug over kanaal),2022-08-18,19:00:00,5,3,2,F1052
570,F105 (vlak overr brug over kanaal),2022-08-18,20:00:00,12,9,3,F1052
570,F105 (vlak overr brug over kanaal),2022-08-18,21:00:00,6,3,3,F1052
570,F105 (vlak overr brug over kanaal),2022-08-18,22:00:00,8,8,0,F1052
570,F105 (vlak overr brug over kanaal),2022-08-18,23:00:00,4,1,3,F1052
570,F105 (vlak overr brug over kanaal),2022-08-19,00:00:00,1,1,0,F1052
570,F105 (vlak overr brug over kanaal),2022-08-19,01:00:00,0,0,0,F1052
570,F105 (vlak overr brug over kanaal),2022-08-19,02:00:00,2,2,0,F1052
570,F105 (vlak overr brug over kanaal),2022-08-19,03:00:00,0,0,0,F1052
570,F105 (vlak overr brug over kanaal),2022-08-19,04:00:00,2,1,1,F1052
570,F105 (vlak overr brug over kanaal),2022-08-19,05:00:00,5,3,2,F1052
570,F105 (vlak overr brug over kanaal),2022-08-19,06:00:00,7,6,1,F1052
570,F105 (vlak overr brug over kanaal),2022-08-19,07:00:00,3,3,0,F1052
570,F105 (vlak overr brug over kanaal),2022-08-19,08:00:00,29,19,10,F1052
570,F105 (vlak overr brug over kanaal),2022-08-19,09:00:00,46,34,12,F1052
570,F105 (vlak overr brug over kanaal),2022-08-19,10:00:00,45,25,20,F1052
570,F105 (vlak overr brug over kanaal),2022-08-19,11:00:00,16,10,6,F1052
570,F105 (vlak overr brug over kanaal),2022-08-19,12:00:00,28,16,12,F1052
570,F105 (vlak overr brug over kanaal),2022-08-19,13:00:00,32,12,20,F1052
570,F105 (vlak overr brug over kanaal),2022-08-19,14:00:00,41,22,19,F1052
570,F105 (vlak overr brug over kanaal),2022-08-19,15:00:00,58,32,26,F1052
570,F105 (vlak overr brug over kanaal),2022-08-19,16:00:00,30,13,17,F1052
570,F105 (vlak overr brug over kanaal),2022-08-19,17:00:00,42,12,30,F1052
570,F105 (vlak overr brug over kanaal),2022-08-19,18:00:00,22,6,16,F1052
570,F105 (vlak overr brug over kanaal),2022-08-19,19:00:00,24,9,15,F1052
570,F105 (vlak overr brug over kanaal),2022-08-19,20:00:00,17,7,10,F1052
570,F105 (vlak overr brug over kanaal),2022-08-19,21:00:00,9,6,3,F1052
570,F105 (vlak overr brug over kanaal),2022-08-19,22:00:00,12,4,8,F1052
570,F105 (vlak overr brug over kanaal),2022-08-19,23:00:00,4,4,0,F1052
570,F105 (vlak overr brug over kanaal),2022-08-20,00:00:00,2,2,0,F1052
570,F105 (vlak overr brug over kanaal),2022-08-20,01:00:00,4,1,3,F1052
570,F105 (vlak overr brug over kanaal),2022-08-20,02:00:00,8,7,1,F1052
570,F105 (vlak overr brug over kanaal),2022-08-20,03:00:00,3,3,0,F1052
570,F105 (vlak overr brug over kanaal),2022-08-20,04:00:00,2,2,0,F1052
570,F105 (vlak overr brug over kanaal),2022-08-20,05:00:00,1,0,1,F1052
570,F105 (vlak overr brug over kanaal),2022-08-20,06:00:00,5,2,3,F1052
570,F105 (vlak overr brug over kanaal),2022-08-20,07:00:00,6,4,2,F1052
570,F105 (vlak overr brug over kanaal),2022-08-20,08:00:00,19,13,6,F1052
570,F105 (vlak overr brug over kanaal),2022-08-20,09:00:00,7,4,3,F1052
570,F105 (vlak overr brug over kanaal),2022-08-20,10:00:00,28,14,14,F1052
570,F105 (vlak overr brug over kanaal),2022-08-20,11:00:00,29,25,4,F1052
570,F105 (vlak overr brug over kanaal),2022-08-20,12:00:00,23,15,8,F1052
570,F105 (vlak overr brug over kanaal),2022-08-20,13:00:00,34,27,7,F1052
570,F105 (vlak overr brug over kanaal),2022-08-20,14:00:00,53,34,19,F1052
570,F105 (vlak overr brug over kanaal),2022-08-20,15:00:00,68,30,38,F1052
570,F105 (vlak overr brug over kanaal),2022-08-20,16:00:00,24,10,14,F1052
570,F105 (vlak overr brug over kanaal),2022-08-20,17:00:00,30,20,10,F1052
570,F105 (vlak overr brug over kanaal),2022-08-20,18:00:00,21,9,12,F1052
570,F105 (vlak overr brug over kanaal),2022-08-20,19:00:00,29,10,19,F1052
570,F105 (vlak overr brug over kanaal),2022-08-20,20:00:00,21,10,11,F1052
570,F105 (vlak overr brug over kanaal),2022-08-20,21:00:00,21,8,13,F1052
570,F105 (vlak overr brug over kanaal),2022-08-20,22:00:00,14,11,3,F1052
570,F105 (vlak overr brug over kanaal),2022-08-20,23:00:00,2,1,1,F1052
570,F105 (vlak overr brug over kanaal),2022-08-21,00:00:00,4,2,2,F1052
570,F105 (vlak overr brug over kanaal),2022-08-21,01:00:00,10,7,3,F1052
570,F105 (vlak overr brug over kanaal),2022-08-21,02:00:00,3,2,1,F1052
570,F105 (vlak overr brug over kanaal),2022-08-21,03:00:00,3,3,0,F1052
570,F105 (vlak overr brug over kanaal),2022-08-21,04:00:00,0,0,0,F1052
570,F105 (vlak overr brug over kanaal),2022-08-21,05:00:00,1,0,1,F1052
570,F105 (vlak overr brug over kanaal),2022-08-21,06:00:00,4,4,0,F1052
570,F105 (vlak overr brug over kanaal),2022-08-21,07:00:00,11,7,4,F1052
570,F105 (vlak overr brug over kanaal),2022-08-21,08:00:00,14,6,8,F1052
570,F105 (vlak overr brug over kanaal),2022-08-21,09:00:00,54,38,16,F1052
570,F105 (vlak overr brug over kanaal),2022-08-21,10:00:00,83,43,40,F1052
570,F105 (vlak overr brug over kanaal),2022-08-21,11:00:00,47,23,24,F1052
570,F105 (vlak overr brug over kanaal),2022-08-21,12:00:00,26,11,15,F1052
570,F105 (vlak overr brug over kanaal),2022-08-21,13:00:00,38,18,20,F1052
570,F105 (vlak overr brug over kanaal),2022-08-21,14:00:00,63,32,31,F1052
570,F105 (vlak overr brug over kanaal),2022-08-21,15:00:00,123,55,68,F1052
570,F105 (vlak overr brug over kanaal),2022-08-21,16:00:00,59,32,27,F1052
570,F105 (vlak overr brug over kanaal),2022-08-21,17:00:00,51,33,18,F1052
570,F105 (vlak overr brug over kanaal),2022-08-21,18:00:00,23,15,8,F1052
570,F105 (vlak overr brug over kanaal),2022-08-21,19:00:00,21,8,13,F1052
570,F105 (vlak overr brug over kanaal),2022-08-21,20:00:00,17,9,8,F1052
570,F105 (vlak overr brug over kanaal),2022-08-21,21:00:00,27,16,11,F1052
570,F105 (vlak overr brug over kanaal),2022-08-21,22:00:00,3,2,1,F1052
570,F105 (vlak overr brug over kanaal),2022-08-21,23:00:00,6,3,3,F1052
570,F105 (vlak overr brug over kanaal),2022-08-22,00:00:00,0,0,0,F1052
570,F105 (vlak overr brug over kanaal),2022-08-22,01:00:00,2,2,0,F1052
570,F105 (vlak overr brug over kanaal),2022-08-22,02:00:00,0,0,0,F1052
570,F105 (vlak overr brug over kanaal),2022-08-22,03:00:00,1,0,1,F1052
570,F105 (vlak overr brug over kanaal),2022-08-22,04:00:00,5,4,1,F1052
570,F105 (vlak overr brug over kanaal),2022-08-22,05:00:00,12,8,4,F1052
570,F105 (vlak overr brug over kanaal),2022-08-22,06:00:00,33,13,20,F1052
570,F105 (vlak overr brug over kanaal),2022-08-22,07:00:00,54,29,25,F1052
570,F105 (vlak overr brug over kanaal),2022-08-22,08:00:00,49,26,23,F1052
570,F105 (vlak overr brug over kanaal),2022-08-22,09:00:00,34,23,11,F1052
570,F105 (vlak overr brug over kanaal),2022-08-22,10:00:00,22,14,8,F1052
570,F105 (vlak overr brug over kanaal),2022-08-22,11:00:00,38,15,23,F1052
570,F105 (vlak overr brug over kanaal),2022-08-22,12:00:00,47,29,18,F1052
570,F105 (vlak overr brug over kanaal),2022-08-22,13:00:00,31,20,11,F1052
570,F105 (vlak overr brug over kanaal),2022-08-22,14:00:00,26,11,15,F1052
570,F105 (vlak overr brug over kanaal),2022-08-22,15:00:00,8,5,3,F1052
570,F105 (vlak overr brug over kanaal),2022-08-22,16:00:00,12,6,6,F1052
570,F105 (vlak overr brug over kanaal),2022-08-22,17:00:00,15,4,11,F1052
570,F105 (vlak overr brug over kanaal),2022-08-22,18:00:00,12,4,8,F1052
570,F105 (vlak overr brug over kanaal),2022-08-22,19:00:00,9,5,4,F1052
570,F105 (vlak overr brug over kanaal),2022-08-22,20:00:00,31,12,19,F1052
570,F105 (vlak overr brug over kanaal),2022-08-22,21:00:00,26,12,14,F1052
570,F105 (vlak overr brug over kanaal),2022-08-22,22:00:00,12,9,3,F1052
570,F105 (vlak overr brug over kanaal),2022-08-22,23:00:00,2,1,1,F1052
570,F105 (vlak overr brug over kanaal),2022-08-23,00:00:00,0,0,0,F1052
570,F105 (vlak overr brug over kanaal),2022-08-23,01:00:00,0,0,0,F1052
570,F105 (vlak overr brug over kanaal),2022-08-23,02:00:00,1,0,1,F1052
570,F105 (vlak overr brug over kanaal),2022-08-23,03:00:00,0,0,0,F1052
570,F105 (vlak overr brug over kanaal),2022-08-23,04:00:00,8,7,1,F1052
570,F105 (vlak overr brug over kanaal),2022-08-23,05:00:00,20,9,11,F1052
570,F105 (vlak overr brug over kanaal),2022-08-23,06:00:00,39,24,15,F1052
570,F105 (vlak overr brug over kanaal),2022-08-23,07:00:00,71,37,34,F1052
570,F105 (vlak overr brug over kanaal),2022-08-23,08:00:00,62,42,20,F1052
570,F105 (vlak overr brug over kanaal),2022-08-23,09:00:00,39,22,17,F1052
570,F105 (vlak overr brug over kanaal),2022-08-23,10:00:00,48,29,19,F1052
570,F105 (vlak overr brug over kanaal),2022-08-23,11:00:00,60,21,39,F1052
570,F105 (vlak overr brug over kanaal),2022-08-23,12:00:00,41,16,25,F1052
570,F105 (vlak overr brug over kanaal),2022-08-23,13:00:00,49,24,25,F1052
570,F105 (vlak overr brug over kanaal),2022-08-23,14:00:00,37,22,15,F1052
570,F105 (vlak overr brug over kanaal),2022-08-23,15:00:00,50,36,14,F1052
570,F105 (vlak overr brug over kanaal),2022-08-23,16:00:00,70,24,46,F1052
570,F105 (vlak overr brug over kanaal),2022-08-23,17:00:00,53,13,40,F1052
570,F105 (vlak overr brug over kanaal),2022-08-23,18:00:00,48,23,25,F1052
570,F105 (vlak overr brug over kanaal),2022-08-23,19:00:00,40,20,20,F1052
570,F105 (vlak overr brug over kanaal),2022-08-23,20:00:00,25,6,19,F1052
570,F105 (vlak overr brug over kanaal),2022-08-23,21:00:00,33,11,22,F1052
570,F105 (vlak overr brug over kanaal),2022-08-23,22:00:00,16,8,8,F1052
570,F105 (vlak overr brug over kanaal),2022-08-23,23:00:00,1,0,1,F1052
570,F105 (vlak overr brug over kanaal),2022-08-24,00:00:00,1,1,0,F1052
570,F105 (vlak overr brug over kanaal),2022-08-24,01:00:00,0,0,0,F1052
570,F105 (vlak overr brug over kanaal),2022-08-24,02:00:00,0,0,0,F1052
570,F105 (vlak overr brug over kanaal),2022-08-24,03:00:00,2,2,0,F1052
570,F105 (vlak overr brug over kanaal),2022-08-24,04:00:00,10,8,2,F1052
570,F105 (vlak overr brug over kanaal),2022-08-24,05:00:00,18,9,9,F1052
570,F105 (vlak overr brug over kanaal),2022-08-24,06:00:00,28,13,15,F1052
570,F105 (vlak overr brug over kanaal),2022-08-24,07:00:00,69,39,30,F1052
570,F105 (vlak overr brug over kanaal),2022-08-24,08:00:00,56,28,28,F1052
570,F105 (vlak overr brug over kanaal),2022-08-24,09:00:00,34,16,18,F1052
570,F105 (vlak overr brug over kanaal),2022-08-24,10:00:00,37,22,15,F1052
570,F105 (vlak overr brug over kanaal),2022-08-24,11:00:00,40,24,16,F1052
570,F105 (vlak overr brug over kanaal),2022-08-24,12:00:00,48,19,29,F1052
570,F105 (vlak overr brug over kanaal),2022-08-24,13:00:00,46,18,28,F1052
570,F105 (vlak overr brug over kanaal),2022-08-24,14:00:00,50,27,23,F1052
570,F105 (vlak overr brug over kanaal),2022-08-24,15:00:00,44,23,21,F1052
570,F105 (vlak overr brug over kanaal),2022-08-24,16:00:00,40,8,32,F1052
570,F105 (vlak overr brug over kanaal),2022-08-24,17:00:00,51,14,37,F1052
570,F105 (vlak overr brug over kanaal),2022-08-24,18:00:00,51,23,28,F1052
570,F105 (vlak overr brug over kanaal),2022-08-24,19:00:00,36,17,19,F1052
570,F105 (vlak overr brug over kanaal),2022-08-24,20:00:00,54,21,33,F1052
570,F105 (vlak overr brug over kanaal),2022-08-24,21:00:00,32,12,20,F1052
570,F105 (vlak overr brug over kanaal),2022-08-24,22:00:00,22,13,9,F1052
570,F105 (vlak overr brug over kanaal),2022-08-24,23:00:00,4,0,4,F1052
570,F105 (vlak overr brug over kanaal),2022-08-25,00:00:00,2,0,2,F1052
570,F105 (vlak overr brug over kanaal),2022-08-25,01:00:00,2,2,0,F1052
570,F105 (vlak overr brug over kanaal),2022-08-25,02:00:00,2,2,0,F1052
570,F105 (vlak overr brug over kanaal),2022-08-25,03:00:00,1,1,0,F1052
570,F105 (vlak overr brug over kanaal),2022-08-25,04:00:00,6,5,1,F1052
570,F105 (vlak overr brug over kanaal),2022-08-25,05:00:00,17,9,8,F1052
570,F105 (vlak overr brug over kanaal),2022-08-25,06:00:00,33,21,12,F1052
570,F105 (vlak overr brug over kanaal),2022-08-25,07:00:00,69,39,30,F1052
570,F105 (vlak overr brug over kanaal),2022-08-25,08:00:00,59,40,19,F1052
570,F105 (vlak overr brug over kanaal),2022-08-25,09:00:00,49,34,15,F1052
570,F105 (vlak overr brug over kanaal),2022-08-25,10:00:00,58,31,27,F1052
570,F105 (vlak overr brug over kanaal),2022-08-25,11:00:00,47,18,29,F1052
570,F105 (vlak overr brug over kanaal),2022-08-25,12:00:00,33,9,24,F1052
570,F105 (vlak overr brug over kanaal),2022-08-25,13:00:00,24,8,16,F1052
570,F105 (vlak overr brug over kanaal),2022-08-25,14:00:00,30,10,20,F1052
570,F105 (vlak overr brug over kanaal),2022-08-25,15:00:00,12,3,9,F1052
570,F105 (vlak overr brug over kanaal),2022-08-25,16:00:00,31,7,24,F1052
570,F105 (vlak overr brug over kanaal),2022-08-25,17:00:00,27,10,17,F1052
570,F105 (vlak overr brug over kanaal),2022-08-25,18:00:00,15,7,8,F1052
570,F105 (vlak overr brug over kanaal),2022-08-25,19:00:00,34,15,19,F1052
570,F105 (vlak overr brug over kanaal),2022-08-25,20:00:00,20,11,9,F1052
570,F105 (vlak overr brug over kanaal),2022-08-25,21:00:00,21,13,8,F1052
570,F105 (vlak overr brug over kanaal),2022-08-25,22:00:00,20,5,15,F1052
570,F105 (vlak overr brug over kanaal),2022-08-25,23:00:00,15,2,13,F1052
570,F105 (vlak overr brug over kanaal),2022-08-26,00:00:00,4,2,2,F1052
570,F105 (vlak overr brug over kanaal),2022-08-26,01:00:00,2,2,0,F1052
570,F105 (vlak overr brug over kanaal),2022-08-26,02:00:00,0,0,0,F1052
570,F105 (vlak overr brug over kanaal),2022-08-26,03:00:00,1,0,1,F1052
570,F105 (vlak overr brug over kanaal),2022-08-26,04:00:00,6,6,0,F1052
570,F105 (vlak overr brug over kanaal),2022-08-26,05:00:00,11,5,6,F1052
570,F105 (vlak overr brug over kanaal),2022-08-26,06:00:00,24,14,10,F1052
570,F105 (vlak overr brug over kanaal),2022-08-26,07:00:00,44,24,20,F1052
570,F105 (vlak overr brug over kanaal),2022-08-26,08:00:00,30,14,16,F1052
570,F105 (vlak overr brug over kanaal),2022-08-26,09:00:00,53,31,22,F1052
570,F105 (vlak overr brug over kanaal),2022-08-26,10:00:00,59,31,28,F1052
570,F105 (vlak overr brug over kanaal),2022-08-26,11:00:00,42,19,23,F1052
570,F105 (vlak overr brug over kanaal),2022-08-26,12:00:00,36,9,27,F1052
570,F105 (vlak overr brug over kanaal),2022-08-26,13:00:00,41,24,17,F1052
570,F105 (vlak overr brug over kanaal),2022-08-26,14:00:00,50,29,21,F1052
570,F105 (vlak overr brug over kanaal),2022-08-26,15:00:00,47,26,21,F1052
570,F105 (vlak overr brug over kanaal),2022-08-26,16:00:00,69,25,44,F1052
570,F105 (vlak overr brug over kanaal),2022-08-26,17:00:00,49,19,30,F1052
570,F105 (vlak overr brug over kanaal),2022-08-26,18:00:00,26,12,14,F1052
570,F105 (vlak overr brug over kanaal),2022-08-26,19:00:00,24,12,12,F1052
570,F105 (vlak overr brug over kanaal),2022-08-26,20:00:00,10,7,3,F1052
570,F105 (vlak overr brug over kanaal),2022-08-26,21:00:00,15,7,8,F1052
570,F105 (vlak overr brug over kanaal),2022-08-26,22:00:00,24,8,16,F1052
570,F105 (vlak overr brug over kanaal),2022-08-26,23:00:00,3,0,3,F1052
570,F105 (vlak overr brug over kanaal),2022-08-27,00:00:00,7,6,1,F1052
570,F105 (vlak overr brug over kanaal),2022-08-27,01:00:00,5,2,3,F1052
570,F105 (vlak overr brug over kanaal),2022-08-27,02:00:00,6,2,4,F1052
570,F105 (vlak overr brug over kanaal),2022-08-27,03:00:00,2,1,1,F1052
570,F105 (vlak overr brug over kanaal),2022-08-27,04:00:00,0,0,0,F1052
570,F105 (vlak overr brug over kanaal),2022-08-27,05:00:00,6,2,4,F1052
570,F105 (vlak overr brug over kanaal),2022-08-27,06:00:00,11,4,7,F1052
570,F105 (vlak overr brug over kanaal),2022-08-27,07:00:00,1,1,0,F1052
570,F105 (vlak overr brug over kanaal),2022-08-27,08:00:00,8,6,2,F1052
570,F105 (vlak overr brug over kanaal),2022-08-27,09:00:00,31,19,12,F1052
570,F105 (vlak overr brug over kanaal),2022-08-27,10:00:00,29,18,11,F1052
570,F105 (vlak overr brug over kanaal),2022-08-27,11:00:00,34,15,19,F1052
570,F105 (vlak overr brug over kanaal),2022-08-27,12:00:00,39,16,23,F1052
570,F105 (vlak overr brug over kanaal),2022-08-27,13:00:00,99,46,53,F1052
570,F105 (vlak overr brug over kanaal),2022-08-27,14:00:00,90,52,38,F1052
570,F105 (vlak overr brug over kanaal),2022-08-27,15:00:00,56,34,22,F1052
570,F105 (vlak overr brug over kanaal),2022-08-27,16:00:00,60,31,29,F1052
570,F105 (vlak overr brug over kanaal),2022-08-27,17:00:00,50,21,29,F1052
570,F105 (vlak overr brug over kanaal),2022-08-27,18:00:00,43,18,25,F1052
570,F105 (vlak overr brug over kanaal),2022-08-27,19:00:00,21,13,8,F1052
570,F105 (vlak overr brug over kanaal),2022-08-27,20:00:00,30,17,13,F1052
570,F105 (vlak overr brug over kanaal),2022-08-27,21:00:00,11,5,6,F1052
570,F105 (vlak overr brug over kanaal),2022-08-27,22:00:00,19,8,11,F1052
570,F105 (vlak overr brug over kanaal),2022-08-27,23:00:00,7,4,3,F1052
570,F105 (vlak overr brug over kanaal),2022-08-28,00:00:00,10,2,8,F1052
570,F105 (vlak overr brug over kanaal),2022-08-28,01:00:00,3,2,1,F1052
570,F105 (vlak overr brug over kanaal),2022-08-28,02:00:00,0,0,0,F1052
570,F105 (vlak overr brug over kanaal),2022-08-28,03:00:00,1,1,0,F1052
570,F105 (vlak overr brug over kanaal),2022-08-28,04:00:00,0,0,0,F1052
570,F105 (vlak overr brug over kanaal),2022-08-28,05:00:00,3,0,3,F1052
570,F105 (vlak overr brug over kanaal),2022-08-28,06:00:00,6,4,2,F1052
570,F105 (vlak overr brug over kanaal),2022-08-28,07:00:00,7,1,6,F1052
570,F105 (vlak overr brug over kanaal),2022-08-28,08:00:00,20,10,10,F1052
570,F105 (vlak overr brug over kanaal),2022-08-28,09:00:00,56,28,28,F1052
570,F105 (vlak overr brug over kanaal),2022-08-28,10:00:00,79,46,33,F1052
570,F105 (vlak overr brug over kanaal),2022-08-28,11:00:00,84,39,45,F1052
570,F105 (vlak overr brug over kanaal),2022-08-28,12:00:00,22,5,17,F1052
570,F105 (vlak overr brug over kanaal),2022-08-28,13:00:00,86,51,35,F1052
570,F105 (vlak overr brug over kanaal),2022-08-28,14:00:00,121,59,62,F1052
570,F105 (vlak overr brug over kanaal),2022-08-28,15:00:00,123,74,49,F1052
570,F105 (vlak overr brug over kanaal),2022-08-28,16:00:00,75,29,46,F1052
570,F105 (vlak overr brug over kanaal),2022-08-28,17:00:00,66,40,26,F1052
570,F105 (vlak overr brug over kanaal),2022-08-28,18:00:00,38,22,16,F1052
570,F105 (vlak overr brug over kanaal),2022-08-28,19:00:00,25,11,14,F1052
570,F105 (vlak overr brug over kanaal),2022-08-28,20:00:00,28,11,17,F1052
570,F105 (vlak overr brug over kanaal),2022-08-28,21:00:00,19,6,13,F1052
570,F105 (vlak overr brug over kanaal),2022-08-28,22:00:00,10,7,3,F1052
570,F105 (vlak overr brug over kanaal),2022-08-28,23:00:00,1,0,1,F1052
570,F105 (vlak overr brug over kanaal),2022-08-29,00:00:00,0,0,0,F1052
570,F105 (vlak overr brug over kanaal),2022-08-29,01:00:00,1,0,1,F1052
570,F105 (vlak overr brug over kanaal),2022-08-29,02:00:00,2,0,2,F1052
570,F105 (vlak overr brug over kanaal),2022-08-29,03:00:00,0,0,0,F1052
570,F105 (vlak overr brug over kanaal),2022-08-29,04:00:00,3,3,0,F1052
570,F105 (vlak overr brug over kanaal),2022-08-29,05:00:00,17,8,9,F1052
570,F105 (vlak overr brug over kanaal),2022-08-29,06:00:00,26,13,13,F1052
570,F105 (vlak overr brug over kanaal),2022-08-29,07:00:00,73,37,36,F1052
570,F105 (vlak overr brug over kanaal),2022-08-29,08:00:00,54,30,24,F1052
570,F105 (vlak overr brug over kanaal),2022-08-29,09:00:00,27,16,11,F1052
570,F105 (vlak overr brug over kanaal),2022-08-29,10:00:00,39,21,18,F1052
570,F105 (vlak overr brug over kanaal),2022-08-29,11:00:00,44,22,22,F1052
570,F105 (vlak overr brug over kanaal),2022-08-29,12:00:00,42,21,21,F1052
570,F105 (vlak overr brug over kanaal),2022-08-29,13:00:00,90,46,44,F1052
570,F105 (vlak overr brug over kanaal),2022-08-29,14:00:00,97,49,48,F1052
570,F105 (vlak overr brug over kanaal),2022-08-29,15:00:00,51,26,25,F1052
570,F105 (vlak overr brug over kanaal),2022-08-29,16:00:00,84,42,42,F1052
570,F105 (vlak overr brug over kanaal),2022-08-29,17:00:00,100,39,61,F1052
570,F105 (vlak overr brug over kanaal),2022-08-29,18:00:00,50,23,27,F1052
570,F105 (vlak overr brug over kanaal),2022-08-29,19:00:00,37,12,25,F1052
570,F105 (vlak overr brug over kanaal),2022-08-29,20:00:00,23,8,15,F1052
570,F105 (vlak overr brug over kanaal),2022-08-29,21:00:00,14,4,10,F1052
570,F105 (vlak overr brug over kanaal),2022-08-29,22:00:00,19,10,9,F1052
570,F105 (vlak overr brug over kanaal),2022-08-29,23:00:00,11,5,6,F1052
570,F105 (vlak overr brug over kanaal),2022-08-30,00:00:00,1,0,1,F1052
570,F105 (vlak overr brug over kanaal),2022-08-30,01:00:00,1,0,1,F1052
570,F105 (vlak overr brug over kanaal),2022-08-30,02:00:00,0,0,0,F1052
570,F105 (vlak overr brug over kanaal),2022-08-30,03:00:00,0,0,0,F1052
570,F105 (vlak overr brug over kanaal),2022-08-30,04:00:00,3,3,0,F1052
570,F105 (vlak overr brug over kanaal),2022-08-30,05:00:00,17,9,8,F1052
570,F105 (vlak overr brug over kanaal),2022-08-30,06:00:00,41,21,20,F1052
570,F105 (vlak overr brug over kanaal),2022-08-30,07:00:00,79,45,34,F1052
570,F105 (vlak overr brug over kanaal),2022-08-30,08:00:00,61,31,30,F1052
570,F105 (vlak overr brug over kanaal),2022-08-30,09:00:00,30,17,13,F1052
570,F105 (vlak overr brug over kanaal),2022-08-30,10:00:00,28,16,12,F1052
570,F105 (vlak overr brug over kanaal),2022-08-30,11:00:00,45,19,26,F1052
570,F105 (vlak overr brug over kanaal),2022-08-30,12:00:00,60,32,28,F1052
570,F105 (vlak overr brug over kanaal),2022-08-30,13:00:00,68,30,38,F1052
570,F105 (vlak overr brug over kanaal),2022-08-30,14:00:00,79,42,37,F1052
570,F105 (vlak overr brug over kanaal),2022-08-30,15:00:00,88,54,34,F1052
570,F105 (vlak overr brug over kanaal),2022-08-30,16:00:00,71,27,44,F1052
570,F105 (vlak overr brug over kanaal),2022-08-30,17:00:00,116,48,68,F1052
570,F105 (vlak overr brug over kanaal),2022-08-30,18:00:00,53,25,28,F1052
570,F105 (vlak overr brug over kanaal),2022-08-30,19:00:00,50,22,28,F1052
570,F105 (vlak overr brug over kanaal),2022-08-30,20:00:00,29,13,16,F1052
570,F105 (vlak overr brug over kanaal),2022-08-30,21:00:00,25,9,16,F1052
570,F105 (vlak overr brug over kanaal),2022-08-30,22:00:00,18,11,7,F1052
570,F105 (vlak overr brug over kanaal),2022-08-30,23:00:00,5,1,4,F1052
570,F105 (vlak overr brug over kanaal),2022-08-31,00:00:00,0,0,0,F1052
570,F105 (vlak overr brug over kanaal),2022-08-31,01:00:00,5,1,4,F1052
570,F105 (vlak overr brug over kanaal),2022-08-31,02:00:00,1,1,0,F1052
570,F105 (vlak overr brug over kanaal),2022-08-31,03:00:00,0,0,0,F1052
570,F105 (vlak overr brug over kanaal),2022-08-31,04:00:00,5,4,1,F1052
570,F105 (vlak overr brug over kanaal),2022-08-31,05:00:00,17,9,8,F1052
570,F105 (vlak overr brug over kanaal),2022-08-31,06:00:00,36,23,13,F1052
570,F105 (vlak overr brug over kanaal),2022-08-31,07:00:00,73,41,32,F1052
570,F105 (vlak overr brug over kanaal),2022-08-31,08:00:00,56,35,21,F1052
570,F105 (vlak overr brug over kanaal),2022-08-31,09:00:00,34,9,25,F1052
570,F105 (vlak overr brug over kanaal),2022-08-31,10:00:00,46,23,23,F1052
570,F105 (vlak overr brug over kanaal),2022-08-31,11:00:00,49,27,22,F1052
570,F105 (vlak overr brug over kanaal),2022-08-31,12:00:00,32,13,19,F1052
570,F105 (vlak overr brug over kanaal),2022-08-31,13:00:00,114,66,48,F1052
570,F105 (vlak overr brug over kanaal),2022-08-31,14:00:00,94,40,54,F1052
570,F105 (vlak overr brug over kanaal),2022-08-31,15:00:00,100,50,50,F1052
570,F105 (vlak overr brug over kanaal),2022-08-31,16:00:00,116,47,69,F1052
570,F105 (vlak overr brug over kanaal),2022-08-31,17:00:00,46,19,27,F1052
570,F105 (vlak overr brug over kanaal),2022-08-31,18:00:00,56,31,25,F1052
570,F105 (vlak overr brug over kanaal),2022-08-31,19:00:00,34,14,20,F1052
570,F105 (vlak overr brug over kanaal),2022-08-31,20:00:00,48,27,21,F1052
570,F105 (vlak overr brug over kanaal),2022-08-31,21:00:00,21,10,11,F1052
570,F105 (vlak overr brug over kanaal),2022-08-31,22:00:00,16,8,8,F1052
570,F105 (vlak overr brug over kanaal),2022-08-31,23:00:00,3,2,1,F1052
570,F105 (vlak overr brug over kanaal),2022-09-01,00:00:00,3,1,2,F1052
570,F105 (vlak overr brug over kanaal),2022-09-01,01:00:00,0,0,0,F1052
570,F105 (vlak overr brug over kanaal),2022-09-01,02:00:00,2,0,2,F1052
570,F105 (vlak overr brug over kanaal),2022-09-01,03:00:00,0,0,0,F1052
570,F105 (vlak overr brug over kanaal),2022-09-01,04:00:00,1,1,0,F1052
570,F105 (vlak overr brug over kanaal),2022-09-01,05:00:00,14,8,6,F1052
570,F105 (vlak overr brug over kanaal),2022-09-01,06:00:00,50,28,22,F1052
570,F105 (vlak overr brug over kanaal),2022-09-01,07:00:00,90,57,33,F1052
570,F105 (vlak overr brug over kanaal),2022-09-01,08:00:00,69,44,25,F1052
570,F105 (vlak overr brug over kanaal),2022-09-01,09:00:00,46,34,12,F1052
570,F105 (vlak overr brug over kanaal),2022-09-01,10:00:00,44,24,20,F1052
570,F105 (vlak overr brug over kanaal),2022-09-01,11:00:00,18,10,8,F1052
570,F105 (vlak overr brug over kanaal),2022-09-01,12:00:00,84,40,44,F1052
570,F105 (vlak overr brug over kanaal),2022-09-01,13:00:00,87,35,52,F1052
570,F105 (vlak overr brug over kanaal),2022-09-01,14:00:00,100,54,46,F1052
570,F105 (vlak overr brug over kanaal),2022-09-01,15:00:00,122,45,77,F1052
570,F105 (vlak overr brug over kanaal),2022-09-01,16:00:00,117,56,61,F1052
570,F105 (vlak overr brug over kanaal),2022-09-01,17:00:00,79,33,46,F1052
570,F105 (vlak overr brug over kanaal),2022-09-01,18:00:00,65,28,37,F1052
570,F105 (vlak overr brug over kanaal),2022-09-01,19:00:00,36,17,19,F1052
570,F105 (vlak overr brug over kanaal),2022-09-01,20:00:00,43,16,27,F1052
570,F105 (vlak overr brug over kanaal),2022-09-01,21:00:00,23,9,14,F1052
570,F105 (vlak overr brug over kanaal),2022-09-01,22:00:00,15,7,8,F1052
570,F105 (vlak overr brug over kanaal),2022-09-01,23:00:00,6,4,2,F1052
570,F105 (vlak overr brug over kanaal),2022-09-02,00:00:00,2,0,2,F1052
570,F105 (vlak overr brug over kanaal),2022-09-02,01:00:00,0,0,0,F1052
570,F105 (vlak overr brug over kanaal),2022-09-02,02:00:00,2,1,1,F1052
570,F105 (vlak overr brug over kanaal),2022-09-02,03:00:00,1,0,1,F1052
570,F105 (vlak overr brug over kanaal),2022-09-02,04:00:00,3,3,0,F1052
570,F105 (vlak overr brug over kanaal),2022-09-02,05:00:00,11,4,7,F1052
570,F105 (vlak overr brug over kanaal),2022-09-02,06:00:00,32,21,11,F1052
570,F105 (vlak overr brug over kanaal),2022-09-02,07:00:00,109,67,42,F1052
570,F105 (vlak overr brug over kanaal),2022-09-02,08:00:00,121,93,28,F1052
570,F105 (vlak overr brug over kanaal),2022-09-02,09:00:00,72,52,20,F1052
570,F105 (vlak overr brug over kanaal),2022-09-02,10:00:00,91,47,44,F1052
570,F105 (vlak overr brug over kanaal),2022-09-02,11:00:00,67,26,41,F1052
570,F105 (vlak overr brug over kanaal),2022-09-02,12:00:00,55,13,42,F1052
570,F105 (vlak overr brug over kanaal),2022-09-02,13:00:00,59,27,32,F1052
570,F105 (vlak overr brug over kanaal),2022-09-02,14:00:00,61,26,35,F1052
570,F105 (vlak overr brug over kanaal),2022-09-02,15:00:00,87,43,44,F1052
570,F105 (vlak overr brug over kanaal),2022-09-02,16:00:00,92,29,63,F1052
570,F105 (vlak overr brug over kanaal),2022-09-02,17:00:00,45,17,28,F1052
570,F105 (vlak overr brug over kanaal),2022-09-02,18:00:00,49,23,26,F1052
570,F105 (vlak overr brug over kanaal),2022-09-02,19:00:00,37,17,20,F1052
570,F105 (vlak overr brug over kanaal),2022-09-02,20:00:00,19,12,7,F1052
570,F105 (vlak overr brug over kanaal),2022-09-02,21:00:00,16,9,7,F1052
570,F105 (vlak overr brug over kanaal),2022-09-02,22:00:00,19,9,10,F1052
570,F105 (vlak overr brug over kanaal),2022-09-02,23:00:00,5,1,4,F1052
570,F105 (vlak overr brug over kanaal),2022-09-03,00:00:00,10,7,3,F1052
570,F105 (vlak overr brug over kanaal),2022-09-03,01:00:00,5,1,4,F1052
570,F105 (vlak overr brug over kanaal),2022-09-03,02:00:00,4,0,4,F1052
570,F105 (vlak overr brug over kanaal),2022-09-03,03:00:00,1,0,1,F1052
570,F105 (vlak overr brug over kanaal),2022-09-03,04:00:00,6,2,4,F1052
570,F105 (vlak overr brug over kanaal),2022-09-03,05:00:00,0,0,0,F1052
570,F105 (vlak overr brug over kanaal),2022-09-03,06:00:00,9,4,5,F1052
570,F105 (vlak overr brug over kanaal),2022-09-03,07:00:00,6,4,2,F1052
570,F105 (vlak overr brug over kanaal),2022-09-03,08:00:00,14,8,6,F1052
570,F105 (vlak overr brug over kanaal),2022-09-03,09:00:00,34,14,20,F1052
570,F105 (vlak overr brug over kanaal),2022-09-03,10:00:00,37,25,12,F1052
570,F105 (vlak overr brug over kanaal),2022-09-03,11:00:00,43,23,20,F1052
570,F105 (vlak overr brug over kanaal),2022-09-03,12:00:00,46,24,22,F1052
570,F105 (vlak overr brug over kanaal),2022-09-03,13:00:00,74,37,37,F1052
570,F105 (vlak overr brug over kanaal),2022-09-03,14:00:00,88,44,44,F1052
570,F105 (vlak overr brug over kanaal),2022-09-03,15:00:00,46,25,21,F1052
570,F105 (vlak overr brug over kanaal),2022-09-03,16:00:00,31,19,12,F1052
570,F105 (vlak overr brug over kanaal),2022-09-03,17:00:00,43,14,29,F1052
570,F105 (vlak overr brug over kanaal),2022-09-03,18:00:00,28,11,17,F1052
570,F105 (vlak overr brug over kanaal),2022-09-03,19:00:00,20,7,13,F1052
570,F105 (vlak overr brug over kanaal),2022-09-03,20:00:00,21,11,10,F1052
570,F105 (vlak overr brug over kanaal),2022-09-03,21:00:00,18,7,11,F1052
570,F105 (vlak overr brug over kanaal),2022-09-03,22:00:00,9,5,4,F1052
570,F105 (vlak overr brug over kanaal),2022-09-03,23:00:00,10,3,7,F1052
570,F105 (vlak overr brug over kanaal),2022-09-04,00:00:00,14,6,8,F1052
570,F105 (vlak overr brug over kanaal),2022-09-04,01:00:00,3,0,3,F1052
570,F105 (vlak overr brug over kanaal),2022-09-04,02:00:00,1,1,0,F1052
570,F105 (vlak overr brug over kanaal),2022-09-04,03:00:00,2,0,2,F1052
570,F105 (vlak overr brug over kanaal),2022-09-04,04:00:00,3,0,3,F1052
570,F105 (vlak overr brug over kanaal),2022-09-04,05:00:00,2,0,2,F1052
570,F105 (vlak overr brug over kanaal),2022-09-04,06:00:00,7,4,3,F1052
570,F105 (vlak overr brug over kanaal),2022-09-04,07:00:00,6,5,1,F1052
570,F105 (vlak overr brug over kanaal),2022-09-04,08:00:00,33,26,7,F1052
570,F105 (vlak overr brug over kanaal),2022-09-04,09:00:00,73,32,41,F1052
570,F105 (vlak overr brug over kanaal),2022-09-04,10:00:00,82,47,35,F1052
570,F105 (vlak overr brug over kanaal),2022-09-04,11:00:00,84,32,52,F1052
570,F105 (vlak overr brug over kanaal),2022-09-04,12:00:00,75,30,45,F1052
570,F105 (vlak overr brug over kanaal),2022-09-04,13:00:00,79,32,47,F1052
570,F105 (vlak overr brug over kanaal),2022-09-04,14:00:00,103,58,45,F1052
570,F105 (vlak overr brug over kanaal),2022-09-04,15:00:00,79,51,28,F1052
570,F105 (vlak overr brug over kanaal),2022-09-04,16:00:00,72,22,50,F1052
570,F105 (vlak overr brug over kanaal),2022-09-04,17:00:00,45,17,28,F1052
570,F105 (vlak overr brug over kanaal),2022-09-04,18:00:00,36,16,20,F1052
570,F105 (vlak overr brug over kanaal),2022-09-04,19:00:00,43,24,19,F1052
570,F105 (vlak overr brug over kanaal),2022-09-04,20:00:00,37,9,28,F1052
570,F105 (vlak overr brug over kanaal),2022-09-04,21:00:00,17,2,15,F1052
570,F105 (vlak overr brug over kanaal),2022-09-04,22:00:00,12,5,7,F1052
570,F105 (vlak overr brug over kanaal),2022-09-04,23:00:00,2,2,0,F1052
570,F105 (vlak overr brug over kanaal),2022-09-05,00:00:00,1,0,1,F1052
570,F105 (vlak overr brug over kanaal),2022-09-05,01:00:00,0,0,0,F1052
570,F105 (vlak overr brug over kanaal),2022-09-05,02:00:00,0,0,0,F1052
570,F105 (vlak overr brug over kanaal),2022-09-05,03:00:00,0,0,0,F1052
570,F105 (vlak overr brug over kanaal),2022-09-05,04:00:00,5,5,0,F1052
570,F105 (vlak overr brug over kanaal),2022-09-05,05:00:00,9,6,3,F1052
570,F105 (vlak overr brug over kanaal),2022-09-05,06:00:00,32,22,10,F1052
570,F105 (vlak overr brug over kanaal),2022-09-05,07:00:00,113,67,46,F1052
570,F105 (vlak overr brug over kanaal),2022-09-05,08:00:00,113,88,25,F1052
570,F105 (vlak overr brug over kanaal),2022-09-05,09:00:00,46,29,17,F1052
570,F105 (vlak overr brug over kanaal),2022-09-05,10:00:00,30,12,18,F1052
570,F105 (vlak overr brug over kanaal),2022-09-05,11:00:00,47,22,25,F1052
570,F105 (vlak overr brug over kanaal),2022-09-05,12:00:00,36,16,20,F1052
570,F105 (vlak overr brug over kanaal),2022-09-05,13:00:00,48,22,26,F1052
570,F105 (vlak overr brug over kanaal),2022-09-05,14:00:00,38,11,27,F1052
570,F105 (vlak overr brug over kanaal),2022-09-05,15:00:00,63,22,41,F1052
570,F105 (vlak overr brug over kanaal),2022-09-05,16:00:00,85,34,51,F1052
570,F105 (vlak overr brug over kanaal),2022-09-05,17:00:00,97,41,56,F1052
570,F105 (vlak overr brug over kanaal),2022-09-05,18:00:00,28,10,18,F1052
570,F105 (vlak overr brug over kanaal),2022-09-05,19:00:00,7,4,3,F1052
570,F105 (vlak overr brug over kanaal),2022-09-05,20:00:00,18,7,11,F1052
570,F105 (vlak overr brug over kanaal),2022-09-05,21:00:00,13,4,9,F1052
570,F105 (vlak overr brug over kanaal),2022-09-05,22:00:00,9,3,6,F1052
570,F105 (vlak overr brug over kanaal),2022-09-05,23:00:00,2,2,0,F1052
570,F105 (vlak overr brug over kanaal),2022-09-06,00:00:00,0,0,0,F1052
570,F105 (vlak overr brug over kanaal),2022-09-06,01:00:00,0,0,0,F1052
570,F105 (vlak overr brug over kanaal),2022-09-06,02:00:00,0,0,0,F1052
570,F105 (vlak overr brug over kanaal),2022-09-06,03:00:00,0,0,0,F1052
570,F105 (vlak overr brug over kanaal),2022-09-06,04:00:00,1,1,0,F1052
570,F105 (vlak overr brug over kanaal),2022-09-06,05:00:00,4,4,0,F1052
570,F105 (vlak overr brug over kanaal),2022-09-06,06:00:00,29,16,13,F1052
570,F105 (vlak overr brug over kanaal),2022-09-06,07:00:00,107,64,43,F1052
570,F105 (vlak overr brug over kanaal),2022-09-06,08:00:00,72,57,15,F1052
570,F105 (vlak overr brug over kanaal),2022-09-06,09:00:00,41,24,17,F1052
570,F105 (vlak overr brug over kanaal),2022-09-06,10:00:00,28,10,18,F1052
570,F105 (vlak overr brug over kanaal),2022-09-06,11:00:00,6,1,5,F1052
570,F105 (vlak overr brug over kanaal),2022-09-06,12:00:00,8,4,4,F1052
570,F105 (vlak overr brug over kanaal),2022-09-06,13:00:00,5,2,3,F1052
570,F105 (vlak overr brug over kanaal),2022-09-06,14:00:00,18,10,8,F1052
570,F105 (vlak overr brug over kanaal),2022-09-06,15:00:00,7,5,2,F1052
570,F105 (vlak overr brug over kanaal),2022-09-06,16:00:00,13,1,12,F1052
570,F105 (vlak overr brug over kanaal),2022-09-06,17:00:00,5,1,4,F1052
570,F105 (vlak overr brug over kanaal),2022-09-06,18:00:00,2,2,0,F1052
570,F105 (vlak overr brug over kanaal),2022-09-06,19:00:00,6,4,2,F1052
570,F105 (vlak overr brug over kanaal),2022-09-06,20:00:00,5,5,0,F1052
570,F105 (vlak overr brug over kanaal),2022-09-06,21:00:00,3,2,1,F1052
570,F105 (vlak overr brug over kanaal),2022-09-06,22:00:00,0,0,0,F1052
570,F105 (vlak overr brug over kanaal),2022-09-06,23:00:00,1,1,0,F1052
570,F105 (vlak overr brug over kanaal),2022-09-07,00:00:00,0,0,0,F1052
570,F105 (vlak overr brug over kanaal),2022-09-07,01:00:00,0,0,0,F1052
570,F105 (vlak overr brug over kanaal),2022-09-07,02:00:00,0,0,0,F1052
570,F105 (vlak overr brug over kanaal),2022-09-07,03:00:00,0,0,0,F1052
570,F105 (vlak overr brug over kanaal),2022-09-07,04:00:00,1,1,0,F1052
570,F105 (vlak overr brug over kanaal),2022-09-07,05:00:00,1,1,0,F1052
570,F105 (vlak overr brug over kanaal),2022-09-07,06:00:00,1,1,0,F1052
570,F105 (vlak overr brug over kanaal),2022-09-07,07:00:00,6,6,0,F1052
570,F105 (vlak overr brug over kanaal),2022-09-07,08:00:00,3,3,0,F1052
570,F105 (vlak overr brug over kanaal),2022-09-07,09:00:00,1,1,0,F1052
570,F105 (vlak overr brug over kanaal),2022-09-07,10:00:00,3,3,0,F1052
570,F105 (vlak overr brug over kanaal),2022-09-07,11:00:00,20,10,10,F1052
570,F105 (vlak overr brug over kanaal),2022-09-07,12:00:00,39,24,15,F1052
570,F105 (vlak overr brug over kanaal),2022-09-07,13:00:00,62,37,25,F1052
570,F105 (vlak overr brug over kanaal),2022-09-07,14:00:00,43,30,13,F1052
570,F105 (vlak overr brug over kanaal),2022-09-07,15:00:00,21,13,8,F1052
570,F105 (vlak overr brug over kanaal),2022-09-07,16:00:00,57,32,25,F1052
570,F105 (vlak overr brug over kanaal),2022-09-07,17:00:00,46,23,23,F1052
570,F105 (vlak overr brug over kanaal),2022-09-07,18:00:00,14,7,7,F1052
570,F105 (vlak overr brug over kanaal),2022-09-07,19:00:00,24,17,7,F1052
570,F105 (vlak overr brug over kanaal),2022-09-07,20:00:00,8,6,2,F1052
570,F105 (vlak overr brug over kanaal),2022-09-07,21:00:00,9,7,2,F1052
570,F105 (vlak overr brug over kanaal),2022-09-07,22:00:00,1,1,0,F1052
570,F105 (vlak overr brug over kanaal),2022-09-07,23:00:00,2,2,0,F1052
570,F105 (vlak overr brug over kanaal),2022-09-08,00:00:00,0,0,0,F1052
570,F105 (vlak overr brug over kanaal),2022-09-08,01:00:00,1,1,0,F1052
570,F105 (vlak overr brug over kanaal),2022-09-08,02:00:00,0,0,0,F1052
570,F105 (vlak overr brug over kanaal),2022-09-08,03:00:00,0,0,0,F1052
570,F105 (vlak overr brug over kanaal),2022-09-08,04:00:00,2,2,0,F1052
570,F105 (vlak overr brug over kanaal),2022-09-08,05:00:00,8,5,3,F1052
570,F105 (vlak overr brug over kanaal),2022-09-08,06:00:00,18,15,3,F1052
570,F105 (vlak overr brug over kanaal),2022-09-08,07:00:00,67,38,29,F1052
570,F105 (vlak overr brug over kanaal),2022-09-08,08:00:00,46,41,5,F1052
570,F105 (vlak overr brug over kanaal),2022-09-08,09:00:00,16,11,5,F1052
570,F105 (vlak overr brug over kanaal),2022-09-08,10:00:00,12,10,2,F1052
570,F105 (vlak overr brug over kanaal),2022-09-08,11:00:00,30,17,13,F1052
570,F105 (vlak overr brug over kanaal),2022-09-08,12:00:00,26,13,13,F1052
570,F105 (vlak overr brug over kanaal),2022-09-08,13:00:00,36,19,17,F1052
570,F105 (vlak overr brug over kanaal),2022-09-08,14:00:00,16,10,6,F1052
570,F105 (vlak overr brug over kanaal),2022-09-08,15:00:00,21,5,16,F1052
570,F105 (vlak overr brug over kanaal),2022-09-08,16:00:00,23,13,10,F1052
570,F105 (vlak overr brug over kanaal),2022-09-08,17:00:00,36,20,16,F1052
570,F105 (vlak overr brug over kanaal),2022-09-08,18:00:00,19,8,11,F1052
570,F105 (vlak overr brug over kanaal),2022-09-08,19:00:00,23,10,13,F1052
570,F105 (vlak overr brug over kanaal),2022-09-08,20:00:00,9,2,7,F1052
570,F105 (vlak overr brug over kanaal),2022-09-08,21:00:00,4,2,2,F1052
570,F105 (vlak overr brug over kanaal),2022-09-08,22:00:00,0,0,0,F1052
570,F105 (vlak overr brug over kanaal),2022-09-08,23:00:00,0,0,0,F1052
570,F105 (vlak overr brug over kanaal),2022-09-21,00:00:00,0,0,0,F1052
570,F105 (vlak overr brug over kanaal),2022-09-21,01:00:00,0,0,0,F1052
570,F105 (vlak overr brug over kanaal),2022-09-21,02:00:00,0,0,0,F1052
570,F105 (vlak overr brug over kanaal),2022-09-21,03:00:00,0,0,0,F1052
570,F105 (vlak overr brug over kanaal),2022-09-21,04:00:00,0,0,0,F1052
570,F105 (vlak overr brug over kanaal),2022-09-21,05:00:00,0,0,0,F1052
570,F105 (vlak overr brug over kanaal),2022-09-21,06:00:00,0,0,0,F1052
570,F105 (vlak overr brug over kanaal),2022-09-21,07:00:00,0,0,0,F1052
570,F105 (vlak overr brug over kanaal),2022-09-21,08:00:00,0,0,0,F1052
570,F105 (vlak overr brug over kanaal),2022-09-21,09:00:00,0,0,0,F1052
570,F105 (vlak overr brug over kanaal),2022-09-21,10:00:00,0,0,0,F1052
570,F105 (vlak overr brug over kanaal),2022-09-21,11:00:00,12,5,7,F1052
570,F105 (vlak overr brug over kanaal),2022-09-21,12:00:00,104,31,73,F1052
570,F105 (vlak overr brug over kanaal),2022-09-21,13:00:00,101,43,58,F1052
570,F105 (vlak overr brug over kanaal),2022-09-21,14:00:00,92,55,37,F1052
570,F105 (vlak overr brug over kanaal),2022-09-21,15:00:00,81,34,47,F1052
570,F105 (vlak overr brug over kanaal),2022-09-21,16:00:00,87,34,53,F1052
570,F105 (vlak overr brug over kanaal),2022-09-21,17:00:00,85,41,44,F1052
570,F105 (vlak overr brug over kanaal),2022-09-21,18:00:00,40,22,18,F1052
570,F105 (vlak overr brug over kanaal),2022-09-21,19:00:00,16,9,7,F1052
570,F105 (vlak overr brug over kanaal),2022-09-21,20:00:00,15,9,6,F1052
570,F105 (vlak overr brug over kanaal),2022-09-21,21:00:00,12,6,6,F1052
570,F105 (vlak overr brug over kanaal),2022-09-21,22:00:00,18,12,6,F1052
570,F105 (vlak overr brug over kanaal),2022-09-21,23:00:00,3,3,0,F1052
570,F105 (vlak overr brug over kanaal),2022-09-22,00:00:00,0,0,0,F1052
570,F105 (vlak overr brug over kanaal),2022-09-22,01:00:00,0,0,0,F1052
570,F105 (vlak overr brug over kanaal),2022-09-22,02:00:00,0,0,0,F1052
570,F105 (vlak overr brug over kanaal),2022-09-22,03:00:00,0,0,0,F1052
570,F105 (vlak overr brug over kanaal),2022-09-22,04:00:00,4,4,0,F1052
570,F105 (vlak overr brug over kanaal),2022-09-22,05:00:00,17,5,12,F1052
570,F105 (vlak overr brug over kanaal),2022-09-22,06:00:00,36,19,17,F1052
570,F105 (vlak overr brug over kanaal),2022-09-22,07:00:00,103,58,45,F1052
570,F105 (vlak overr brug over kanaal),2022-09-22,08:00:00,106,75,31,F1052
570,F105 (vlak overr brug over kanaal),2022-09-22,09:00:00,42,12,30,F1052
570,F105 (vlak overr brug over kanaal),2022-09-22,10:00:00,28,14,14,F1052
570,F105 (vlak overr brug over kanaal),2022-09-22,11:00:00,35,20,15,F1052
570,F105 (vlak overr brug over kanaal),2022-09-22,12:00:00,57,38,19,F1052
570,F105 (vlak overr brug over kanaal),2022-09-22,13:00:00,99,52,47,F1052
570,F105 (vlak overr brug over kanaal),2022-09-22,14:00:00,124,65,59,F1052
570,F105 (vlak overr brug over kanaal),2022-09-22,15:00:00,126,44,82,F1052
570,F105 (vlak overr brug over kanaal),2022-09-22,16:00:00,154,66,88,F1052
570,F105 (vlak overr brug over kanaal),2022-09-22,17:00:00,83,42,41,F1052
570,F105 (vlak overr brug over kanaal),2022-09-22,18:00:00,50,26,24,F1052
570,F105 (vlak overr brug over kanaal),2022-09-22,19:00:00,25,9,16,F1052
570,F105 (vlak overr brug over kanaal),2022-09-22,20:00:00,20,11,9,F1052
570,F105 (vlak overr brug over kanaal),2022-09-22,21:00:00,17,5,12,F1052
570,F105 (vlak overr brug over kanaal),2022-09-22,22:00:00,20,12,8,F1052
570,F105 (vlak overr brug over kanaal),2022-09-22,23:00:00,2,1,1,F1052
570,F105 (vlak overr brug over kanaal),2022-09-23,00:00:00,2,1,1,F1052
570,F105 (vlak overr brug over kanaal),2022-09-23,01:00:00,0,0,0,F1052
570,F105 (vlak overr brug over kanaal),2022-09-23,02:00:00,0,0,0,F1052
570,F105 (vlak overr brug over kanaal),2022-09-23,03:00:00,0,0,0,F1052
570,F105 (vlak overr brug over kanaal),2022-09-23,04:00:00,4,3,1,F1052
570,F105 (vlak overr brug over kanaal),2022-09-23,05:00:00,17,6,11,F1052
570,F105 (vlak overr brug over kanaal),2022-09-23,06:00:00,27,13,14,F1052
570,F105 (vlak overr brug over kanaal),2022-09-23,07:00:00,83,52,31,F1052
570,F105 (vlak overr brug over kanaal),2022-09-23,08:00:00,108,91,17,F1052
570,F105 (vlak overr brug over kanaal),2022-09-23,09:00:00,52,38,14,F1052
570,F105 (vlak overr brug over kanaal),2022-09-23,10:00:00,47,19,28,F1052
570,F105 (vlak overr brug over kanaal),2022-09-23,11:00:00,41,18,23,F1052
570,F105 (vlak overr brug over kanaal),2022-09-23,12:00:00,42,15,27,F1052
570,F105 (vlak overr brug over kanaal),2022-09-23,13:00:00,50,28,22,F1052
570,F105 (vlak overr brug over kanaal),2022-09-23,14:00:00,82,41,41,F1052
570,F105 (vlak overr brug over kanaal),2022-09-23,15:00:00,88,30,58,F1052
570,F105 (vlak overr brug over kanaal),2022-09-23,16:00:00,93,37,56,F1052
570,F105 (vlak overr brug over kanaal),2022-09-23,17:00:00,48,16,32,F1052
570,F105 (vlak overr brug over kanaal),2022-09-23,18:00:00,29,10,19,F1052
570,F105 (vlak overr brug over kanaal),2022-09-23,19:00:00,16,11,5,F1052
570,F105 (vlak overr brug over kanaal),2022-09-23,20:00:00,11,6,5,F1052
570,F105 (vlak overr brug over kanaal),2022-09-23,21:00:00,7,3,4,F1052
570,F105 (vlak overr brug over kanaal),2022-09-23,22:00:00,11,4,7,F1052
570,F105 (vlak overr brug over kanaal),2022-09-23,23:00:00,3,1,2,F1052
570,F105 (vlak overr brug over kanaal),2022-09-24,00:00:00,3,0,3,F1052
570,F105 (vlak overr brug over kanaal),2022-09-24,01:00:00,4,3,1,F1052
570,F105 (vlak overr brug over kanaal),2022-09-24,02:00:00,5,4,1,F1052
570,F105 (vlak overr brug over kanaal),2022-09-24,03:00:00,0,0,0,F1052
570,F105 (vlak overr brug over kanaal),2022-09-24,04:00:00,0,0,0,F1052
570,F105 (vlak overr brug over kanaal),2022-09-24,05:00:00,3,1,2,F1052
570,F105 (vlak overr brug over kanaal),2022-09-24,06:00:00,2,0,2,F1052
570,F105 (vlak overr brug over kanaal),2022-09-24,07:00:00,2,2,0,F1052
570,F105 (vlak overr brug over kanaal),2022-09-24,08:00:00,5,4,1,F1052
570,F105 (vlak overr brug over kanaal),2022-09-24,09:00:00,2,0,2,F1052
570,F105 (vlak overr brug over kanaal),2022-09-24,10:00:00,3,1,2,F1052
570,F105 (vlak overr brug over kanaal),2022-09-24,11:00:00,9,6,3,F1052
570,F105 (vlak overr brug over kanaal),2022-09-24,12:00:00,2,1,1,F1052
570,F105 (vlak overr brug over kanaal),2022-09-24,13:00:00,7,3,4,F1052
570,F105 (vlak overr brug over kanaal),2022-09-24,14:00:00,4,1,3,F1052
570,F105 (vlak overr brug over kanaal),2022-09-24,15:00:00,8,2,6,F1052
570,F105 (vlak overr brug over kanaal),2022-09-24,16:00:00,9,2,7,F1052
570,F105 (vlak overr brug over kanaal),2022-09-24,17:00:00,9,5,4,F1052
570,F105 (vlak overr brug over kanaal),2022-09-24,18:00:00,9,4,5,F1052
570,F105 (vlak overr brug over kanaal),2022-09-24,19:00:00,9,1,8,F1052
570,F105 (vlak overr brug over kanaal),2022-09-24,20:00:00,24,7,17,F1052
570,F105 (vlak overr brug over kanaal),2022-09-24,21:00:00,45,3,42,F1052
570,F105 (vlak overr brug over kanaal),2022-09-24,22:00:00,18,1,17,F1052
570,F105 (vlak overr brug over kanaal),2022-09-24,23:00:00,12,0,12,F1052
570,F105 (vlak overr brug over kanaal),2022-09-25,00:00:00,1,0,1,F1052
570,F105 (vlak overr brug over kanaal),2022-09-25,01:00:00,14,14,0,F1052
570,F105 (vlak overr brug over kanaal),2022-09-25,02:00:00,24,22,2,F1052
570,F105 (vlak overr brug over kanaal),2022-09-25,03:00:00,38,36,2,F1052
570,F105 (vlak overr brug over kanaal),2022-09-25,04:00:00,1,1,0,F1052
570,F105 (vlak overr brug over kanaal),2022-09-25,05:00:00,1,0,1,F1052
570,F105 (vlak overr brug over kanaal),2022-09-25,06:00:00,3,3,0,F1052
570,F105 (vlak overr brug over kanaal),2022-09-25,07:00:00,1,0,1,F1052
570,F105 (vlak overr brug over kanaal),2022-09-25,08:00:00,20,15,5,F1052
570,F105 (vlak overr brug over kanaal),2022-09-25,09:00:00,33,20,13,F1052
570,F105 (vlak overr brug over kanaal),2022-09-25,10:00:00,63,29,34,F1052
570,F105 (vlak overr brug over kanaal),2022-09-25,11:00:00,74,33,41,F1052
570,F105 (vlak overr brug over kanaal),2022-09-25,12:00:00,59,28,31,F1052
570,F105 (vlak overr brug over kanaal),2022-09-25,13:00:00,65,32,33,F1052
570,F105 (vlak overr brug over kanaal),2022-09-25,14:00:00,102,64,38,F1052
570,F105 (vlak overr brug over kanaal),2022-09-25,15:00:00,92,57,35,F1052
570,F105 (vlak overr brug over kanaal),2022-09-25,16:00:00,55,23,32,F1052
570,F105 (vlak overr brug over kanaal),2022-09-25,17:00:00,44,23,21,F1052
570,F105 (vlak overr brug over kanaal),2022-09-25,18:00:00,27,14,13,F1052
570,F105 (vlak overr brug over kanaal),2022-09-25,19:00:00,9,1,8,F1052
570,F105 (vlak overr brug over kanaal),2022-09-25,20:00:00,8,3,5,F1052
570,F105 (vlak overr brug over kanaal),2022-09-25,21:00:00,9,2,7,F1052
570,F105 (vlak overr brug over kanaal),2022-09-25,22:00:00,3,2,1,F1052
570,F105 (vlak overr brug over kanaal),2022-09-25,23:00:00,1,1,0,F1052
570,F105 (vlak overr brug over kanaal),2022-09-26,00:00:00,0,0,0,F1052
570,F105 (vlak overr brug over kanaal),2022-09-26,01:00:00,1,1,0,F1052
570,F105 (vlak overr brug over kanaal),2022-09-26,02:00:00,0,0,0,F1052
570,F105 (vlak overr brug over kanaal),2022-09-26,03:00:00,0,0,0,F1052
570,F105 (vlak overr brug over kanaal),2022-09-26,04:00:00,2,2,0,F1052
570,F105 (vlak overr brug over kanaal),2022-09-26,05:00:00,16,6,10,F1052
570,F105 (vlak overr brug over kanaal),2022-09-26,06:00:00,16,8,8,F1052
570,F105 (vlak overr brug over kanaal),2022-09-26,07:00:00,70,38,32,F1052
570,F105 (vlak overr brug over kanaal),2022-09-26,08:00:00,73,52,21,F1052
570,F105 (vlak overr brug over kanaal),2022-09-26,09:00:00,13,7,6,F1052
570,F105 (vlak overr brug over kanaal),2022-09-26,10:00:00,23,11,12,F1052
570,F105 (vlak overr brug over kanaal),2022-09-26,11:00:00,12,4,8,F1052
570,F105 (vlak overr brug over kanaal),2022-09-26,12:00:00,15,9,6,F1052
570,F105 (vlak overr brug over kanaal),2022-09-26,13:00:00,8,5,3,F1052
570,F105 (vlak overr brug over kanaal),2022-09-26,14:00:00,24,16,8,F1052
570,F105 (vlak overr brug over kanaal),2022-09-26,15:00:00,41,14,27,F1052
570,F105 (vlak overr brug over kanaal),2022-09-26,16:00:00,63,24,39,F1052
570,F105 (vlak overr brug over kanaal),2022-09-26,17:00:00,25,13,12,F1052
570,F105 (vlak overr brug over kanaal),2022-09-26,18:00:00,13,6,7,F1052
570,F105 (vlak overr brug over kanaal),2022-09-26,19:00:00,1,0,1,F1052
570,F105 (vlak overr brug over kanaal),2022-09-26,20:00:00,2,2,0,F1052
570,F105 (vlak overr brug over kanaal),2022-09-26,21:00:00,2,2,0,F1052
570,F105 (vlak overr brug over kanaal),2022-09-26,22:00:00,0,0,0,F1052
570,F105 (vlak overr brug over kanaal),2022-09-26,23:00:00,0,0,0,F1052
570,F105 (vlak overr brug over kanaal),2022-11-17,00:00:00,0,0,0,F1052
570,F105 (vlak overr brug over kanaal),2022-11-17,01:00:00,0,0,0,F1052
570,F105 (vlak overr brug over kanaal),2022-11-17,02:00:00,0,0,0,F1052
570,F105 (vlak overr brug over kanaal),2022-11-17,03:00:00,0,0,0,F1052
570,F105 (vlak overr brug over kanaal),2022-11-17,04:00:00,0,0,0,F1052
570,F105 (vlak overr brug over kanaal),2022-11-17,05:00:00,1,1,0,F1052
570,F105 (vlak overr brug over kanaal),2022-11-17,06:00:00,0,0,0,F1052
570,F105 (vlak overr brug over kanaal),2022-11-17,07:00:00,0,0,0,F1052
570,F105 (vlak overr brug over kanaal),2022-11-17,08:00:00,1,1,0,F1052
570,F105 (vlak overr brug over kanaal),2022-11-17,09:00:00,0,0,0,F1052
570,F105 (vlak overr brug over kanaal),2022-11-17,10:00:00,0,0,0,F1052
570,F105 (vlak overr brug over kanaal),2022-11-17,11:00:00,0,0,0,F1052
570,F105 (vlak overr brug over kanaal),2022-11-17,12:00:00,0,0,0,F1052
570,F105 (vlak overr brug over kanaal),2022-11-17,13:00:00,0,0,0,F1052
570,F105 (vlak overr brug over kanaal),2022-11-17,14:00:00,0,0,0,F1052
570,F105 (vlak overr brug over kanaal),2022-11-17,15:00:00,5,2,3,F1052
570,F105 (vlak overr brug over kanaal),2022-11-17,16:00:00,2,0,2,F1052
570,F105 (vlak overr brug over kanaal),2022-11-17,17:00:00,0,0,0,F1052
570,F105 (vlak overr brug over kanaal),2022-11-17,18:00:00,0,0,0,F1052
570,F105 (vlak overr brug over kanaal),2022-11-17,19:00:00,0,0,0,F1052
570,F105 (vlak overr brug over kanaal),2022-11-17,20:00:00,0,0,0,F1052
570,F105 (vlak overr brug over kanaal),2022-11-17,21:00:00,0,0,0,F1052
570,F105 (vlak overr brug over kanaal),2022-11-17,22:00:00,1,1,0,F1052
570,F105 (vlak overr brug over kanaal),2022-11-17,23:00:00,2,2,0,F1052
570,F105 (vlak overr brug over kanaal),2022-11-18,00:00:00,0,0,0,F1052
570,F105 (vlak overr brug over kanaal),2022-11-18,01:00:00,0,0,0,F1052
570,F105 (vlak overr brug over kanaal),2022-11-18,02:00:00,0,0,0,F1052
570,F105 (vlak overr brug over kanaal),2022-11-18,03:00:00,0,0,0,F1052
570,F105 (vlak overr brug over kanaal),2022-11-18,04:00:00,1,1,0,F1052
570,F105 (vlak overr brug over kanaal),2022-11-18,05:00:00,1,1,0,F1052
570,F105 (vlak overr brug over kanaal),2022-11-18,06:00:00,0,0,0,F1052
570,F105 (vlak overr brug over kanaal),2022-11-18,07:00:00,1,0,1,F1052
570,F105 (vlak overr brug over kanaal),2022-11-18,08:00:00,1,0,1,F1052
570,F105 (vlak overr brug over kanaal),2022-11-18,09:00:00,0,0,0,F1052
570,F105 (vlak overr brug over kanaal),2022-11-18,10:00:00,1,0,1,F1052
570,F105 (vlak overr brug over kanaal),2022-11-18,11:00:00,0,0,0,F1052
570,F105 (vlak overr brug over kanaal),2022-11-18,12:00:00,0,0,0,F1052
570,F105 (vlak overr brug over kanaal),2022-11-18,13:00:00,1,0,1,F1052
570,F105 (vlak overr brug over kanaal),2022-11-18,14:00:00,0,0,0,F1052
570,F105 (vlak overr brug over kanaal),2022-11-18,15:00:00,0,0,0,F1052
570,F105 (vlak overr brug over kanaal),2022-11-18,16:00:00,3,3,0,F1052
570,F105 (vlak overr brug over kanaal),2022-11-18,17:00:00,0,0,0,F1052
570,F105 (vlak overr brug over kanaal),2022-11-18,18:00:00,0,0,0,F1052
570,F105 (vlak overr brug over kanaal),2022-11-18,19:00:00,0,0,0,F1052
570,F105 (vlak overr brug over kanaal),2022-11-18,20:00:00,0,0,0,F1052
570,F105 (vlak overr brug over kanaal),2022-11-18,21:00:00,0,0,0,F1052
570,F105 (vlak overr brug over kanaal),2022-11-18,22:00:00,0,0,0,F1052
570,F105 (vlak overr brug over kanaal),2022-11-18,23:00:00,0,0,0,F1052
570,F105 (vlak overr brug over kanaal),2022-11-19,00:00:00,0,0,0,F1052
570,F105 (vlak overr brug over kanaal),2022-11-19,01:00:00,0,0,0,F1052
570,F105 (vlak overr brug over kanaal),2022-11-19,02:00:00,0,0,0,F1052
570,F105 (vlak overr brug over kanaal),2022-11-19,03:00:00,1,1,0,F1052
570,F105 (vlak overr brug over kanaal),2022-11-19,04:00:00,0,0,0,F1052
570,F105 (vlak overr brug over kanaal),2022-11-19,05:00:00,0,0,0,F1052
570,F105 (vlak overr brug over kanaal),2022-11-19,06:00:00,0,0,0,F1052
570,F105 (vlak overr brug over kanaal),2022-11-19,07:00:00,0,0,0,F1052
570,F105 (vlak overr brug over kanaal),2022-11-19,08:00:00,0,0,0,F1052
570,F105 (vlak overr brug over kanaal),2022-11-19,09:00:00,0,0,0,F1052
570,F105 (vlak overr brug over kanaal),2022-11-19,10:00:00,0,0,0,F1052
570,F105 (vlak overr brug over kanaal),2022-11-19,11:00:00,0,0,0,F1052
570,F105 (vlak overr brug over kanaal),2022-11-19,12:00:00,0,0,0,F1052
570,F105 (vlak overr brug over kanaal),2022-11-19,13:00:00,1,0,1,F1052
570,F105 (vlak overr brug over kanaal),2022-11-19,14:00:00,0,0,0,F1052
570,F105 (vlak overr brug over kanaal),2022-11-19,15:00:00,0,0,0,F1052
570,F105 (vlak overr brug over kanaal),2022-11-19,16:00:00,0,0,0,F1052
570,F105 (vlak overr brug over kanaal),2022-11-19,17:00:00,0,0,0,F1052
570,F105 (vlak overr brug over kanaal),2022-11-19,18:00:00,0,0,0,F1052
570,F105 (vlak overr brug over kanaal),2022-11-19,19:00:00,0,0,0,F1052
570,F105 (vlak overr brug over kanaal),2022-11-19,20:00:00,0,0,0,F1052
570,F105 (vlak overr brug over kanaal),2022-11-19,21:00:00,1,1,0,F1052
570,F105 (vlak overr brug over kanaal),2022-11-19,22:00:00,0,0,0,F1052
570,F105 (vlak overr brug over kanaal),2022-11-19,23:00:00,0,0,0,F1052
570,F105 (vlak overr brug over kanaal),2022-11-20,00:00:00,1,0,1,F1052
570,F105 (vlak overr brug over kanaal),2022-11-20,01:00:00,0,0,0,F1052
570,F105 (vlak overr brug over kanaal),2022-11-20,02:00:00,0,0,0,F1052
570,F105 (vlak overr brug over kanaal),2022-11-20,03:00:00,0,0,0,F1052
570,F105 (vlak overr brug over kanaal),2022-11-20,04:00:00,0,0,0,F1052
570,F105 (vlak overr brug over kanaal),2022-11-20,05:00:00,0,0,0,F1052
570,F105 (vlak overr brug over kanaal),2022-11-20,06:00:00,0,0,0,F1052
570,F105 (vlak overr brug over kanaal),2022-11-20,07:00:00,0,0,0,F1052
570,F105 (vlak overr brug over kanaal),2022-11-20,08:00:00,0,0,0,F1052
570,F105 (vlak overr brug over kanaal),2022-11-20,09:00:00,0,0,0,F1052
570,F105 (vlak overr brug over kanaal),2022-11-20,10:00:00,0,0,0,F1052
570,F105 (vlak overr brug over kanaal),2022-11-20,11:00:00,0,0,0,F1052
570,F105 (vlak overr brug over kanaal),2022-11-20,12:00:00,1,1,0,F1052
570,F105 (vlak overr brug over kanaal),2022-11-20,13:00:00,0,0,0,F1052
570,F105 (vlak overr brug over kanaal),2022-11-20,14:00:00,0,0,0,F1052
570,F105 (vlak overr brug over kanaal),2022-11-20,15:00:00,0,0,0,F1052
570,F105 (vlak overr brug over kanaal),2022-11-20,16:00:00,0,0,0,F1052
570,F105 (vlak overr brug over kanaal),2022-11-20,17:00:00,0,0,0,F1052
570,F105 (vlak overr brug over kanaal),2022-11-20,18:00:00,0,0,0,F1052
570,F105 (vlak overr brug over kanaal),2022-11-20,19:00:00,5,3,2,F1052
570,F105 (vlak overr brug over kanaal),2022-11-20,20:00:00,0,0,0,F1052
570,F105 (vlak overr brug over kanaal),2022-11-20,21:00:00,0,0,0,F1052
570,F105 (vlak overr brug over kanaal),2022-11-20,22:00:00,0,0,0,F1052
570,F105 (vlak overr brug over kanaal),2022-11-20,23:00:00,0,0,0,F1052
570,F105 (vlak overr brug over kanaal),2022-11-21,00:00:00,0,0,0,F1052
570,F105 (vlak overr brug over kanaal),2022-11-21,01:00:00,0,0,0,F1052
570,F105 (vlak overr brug over kanaal),2022-11-21,02:00:00,0,0,0,F1052
570,F105 (vlak overr brug over kanaal),2022-11-21,03:00:00,0,0,0,F1052
570,F105 (vlak overr brug over kanaal),2022-11-21,04:00:00,0,0,0,F1052
570,F105 (vlak overr brug over kanaal),2022-11-21,05:00:00,0,0,0,F1052
570,F105 (vlak overr brug over kanaal),2022-11-21,06:00:00,0,0,0,F1052
570,F105 (vlak overr brug over kanaal),2022-11-21,07:00:00,0,0,0,F1052
570,F105 (vlak overr brug over kanaal),2022-11-21,08:00:00,0,0,0,F1052
570,F105 (vlak overr brug over kanaal),2022-11-21,09:00:00,0,0,0,F1052
570,F105 (vlak overr brug over kanaal),2022-11-21,10:00:00,0,0,0,F1052
570,F105 (vlak overr brug over kanaal),2022-11-21,11:00:00,0,0,0,F1052
570,F105 (vlak overr brug over kanaal),2022-11-21,12:00:00,1,0,1,F1052
570,F105 (vlak overr brug over kanaal),2022-11-21,13:00:00,3,2,1,F1052
570,F105 (vlak overr brug over kanaal),2022-11-21,14:00:00,0,0,0,F1052
570,F105 (vlak overr brug over kanaal),2022-11-21,15:00:00,0,0,0,F1052
570,F105 (vlak overr brug over kanaal),2022-11-21,16:00:00,1,0,1,F1052
570,F105 (vlak overr brug over kanaal),2022-11-21,17:00:00,0,0,0,F1052
570,F105 (vlak overr brug over kanaal),2022-11-21,18:00:00,0,0,0,F1052
570,F105 (vlak overr brug over kanaal),2022-11-21,19:00:00,0,0,0,F1052
570,F105 (vlak overr brug over kanaal),2022-11-21,20:00:00,0,0,0,F1052
570,F105 (vlak overr brug over kanaal),2022-11-21,21:00:00,0,0,0,F1052
570,F105 (vlak overr brug over kanaal),2022-11-21,22:00:00,0,0,0,F1052
570,F105 (vlak overr brug over kanaal),2022-11-21,23:00:00,0,0,0,F1052
570,F105 (vlak overr brug over kanaal),2022-11-22,00:00:00,0,0,0,F1052
570,F105 (vlak overr brug over kanaal),2022-11-22,01:00:00,0,0,0,F1052
570,F105 (vlak overr brug over kanaal),2022-11-22,02:00:00,0,0,0,F1052
570,F105 (vlak overr brug over kanaal),2022-11-22,03:00:00,0,0,0,F1052
570,F105 (vlak overr brug over kanaal),2022-11-22,04:00:00,0,0,0,F1052
570,F105 (vlak overr brug over kanaal),2022-11-22,05:00:00,0,0,0,F1052
570,F105 (vlak overr brug over kanaal),2022-11-22,06:00:00,0,0,0,F1052
570,F105 (vlak overr brug over kanaal),2022-11-22,07:00:00,0,0,0,F1052
570,F105 (vlak overr brug over kanaal),2022-11-22,08:00:00,0,0,0,F1052
570,F105 (vlak overr brug over kanaal),2022-11-22,09:00:00,0,0,0,F1052
570,F105 (vlak overr brug over kanaal),2022-11-22,10:00:00,0,0,0,F1052
570,F105 (vlak overr brug over kanaal),2022-11-22,11:00:00,0,0,0,F1052
570,F105 (vlak overr brug over kanaal),2022-11-22,12:00:00,1,0,1,F1052
570,F105 (vlak overr brug over kanaal),2022-11-22,13:00:00,0,0,0,F1052
570,F105 (vlak overr brug over kanaal),2022-11-22,14:00:00,0,0,0,F1052
570,F105 (vlak overr brug over kanaal),2022-11-22,15:00:00,2,2,0,F1052
570,F105 (vlak overr brug over kanaal),2022-11-22,16:00:00,0,0,0,F1052
570,F105 (vlak overr brug over kanaal),2022-11-22,17:00:00,0,0,0,F1052
570,F105 (vlak overr brug over kanaal),2022-11-22,18:00:00,0,0,0,F1052
570,F105 (vlak overr brug over kanaal),2022-11-22,19:00:00,0,0,0,F1052
570,F105 (vlak overr brug over kanaal),2022-11-22,20:00:00,1,0,1,F1052
570,F105 (vlak overr brug over kanaal),2022-11-22,21:00:00,0,0,0,F1052
570,F105 (vlak overr brug over kanaal),2022-11-22,22:00:00,0,0,0,F1052
570,F105 (vlak overr brug over kanaal),2022-11-22,23:00:00,0,0,0,F1052
570,F105 (vlak overr brug over kanaal),2022-11-23,00:00:00,0,0,0,F1052
570,F105 (vlak overr brug over kanaal),2022-11-23,01:00:00,0,0,0,F1052
570,F105 (vlak overr brug over kanaal),2022-11-23,02:00:00,0,0,0,F1052
570,F105 (vlak overr brug over kanaal),2022-11-23,03:00:00,0,0,0,F1052
570,F105 (vlak overr brug over kanaal),2022-11-23,04:00:00,0,0,0,F1052
570,F105 (vlak overr brug over kanaal),2022-11-23,05:00:00,0,0,0,F1052
570,F105 (vlak overr brug over kanaal),2022-11-23,06:00:00,0,0,0,F1052
570,F105 (vlak overr brug over kanaal),2022-11-23,07:00:00,1,1,0,F1052
570,F105 (vlak overr brug over kanaal),2022-11-23,08:00:00,0,0,0,F1052
570,F105 (vlak overr brug over kanaal),2022-11-23,09:00:00,0,0,0,F1052
570,F105 (vlak overr brug over kanaal),2022-11-23,10:00:00,0,0,0,F1052
570,F105 (vlak overr brug over kanaal),2022-11-23,11:00:00,0,0,0,F1052
570,F105 (vlak overr brug over kanaal),2022-11-23,12:00:00,3,1,2,F1052
570,F105 (vlak overr brug over kanaal),2022-11-23,13:00:00,0,0,0,F1052
570,F105 (vlak overr brug over kanaal),2022-11-23,14:00:00,0,0,0,F1052
570,F105 (vlak overr brug over kanaal),2022-11-23,15:00:00,0,0,0,F1052
570,F105 (vlak overr brug over kanaal),2022-11-23,16:00:00,0,0,0,F1052
570,F105 (vlak overr brug over kanaal),2022-11-23,17:00:00,0,0,0,F1052
570,F105 (vlak overr brug over kanaal),2022-11-23,18:00:00,0,0,0,F1052
570,F105 (vlak overr brug over kanaal),2022-11-23,19:00:00,0,0,0,F1052
570,F105 (vlak overr brug over kanaal),2022-11-23,20:00:00,0,0,0,F1052
570,F105 (vlak overr brug over kanaal),2022-11-23,21:00:00,0,0,0,F1052
570,F105 (vlak overr brug over kanaal),2022-11-23,22:00:00,0,0,0,F1052
570,F105 (vlak overr brug over kanaal),2022-11-23,23:00:00,0,0,0,F1052
570,F105 (vlak overr brug over kanaal),2022-11-24,00:00:00,0,0,0,F1052
570,F105 (vlak overr brug over kanaal),2022-11-24,01:00:00,0,0,0,F1052
570,F105 (vlak overr brug over kanaal),2022-11-24,02:00:00,0,0,0,F1052
570,F105 (vlak overr brug over kanaal),2022-11-24,03:00:00,0,0,0,F1052
570,F105 (vlak overr brug over kanaal),2022-11-24,04:00:00,0,0,0,F1052
570,F105 (vlak overr brug over kanaal),2022-11-24,05:00:00,0,0,0,F1052
570,F105 (vlak overr brug over kanaal),2022-11-24,06:00:00,0,0,0,F1052
570,F105 (vlak overr brug over kanaal),2022-11-24,07:00:00,0,0,0,F1052
570,F105 (vlak overr brug over kanaal),2022-11-24,08:00:00,3,3,0,F1052
570,F105 (vlak overr brug over kanaal),2022-11-24,09:00:00,0,0,0,F1052
570,F105 (vlak overr brug over kanaal),2022-11-24,10:00:00,0,0,0,F1052
570,F105 (vlak overr brug over kanaal),2022-11-24,11:00:00,0,0,0,F1052
570,F105 (vlak overr brug over kanaal),2022-11-24,12:00:00,0,0,0,F1052
570,F105 (vlak overr brug over kanaal),2022-11-24,13:00:00,0,0,0,F1052
570,F105 (vlak overr brug over kanaal),2022-11-24,14:00:00,1,1,0,F1052
570,F105 (vlak overr brug over kanaal),2022-11-24,15:00:00,0,0,0,F1052
570,F105 (vlak overr brug over kanaal),2022-11-24,16:00:00,0,0,0,F1052
570,F105 (vlak overr brug over kanaal),2022-11-24,17:00:00,0,0,0,F1052
570,F105 (vlak overr brug over kanaal),2022-11-24,18:00:00,0,0,0,F1052
570,F105 (vlak overr brug over kanaal),2022-11-24,19:00:00,0,0,0,F1052
570,F105 (vlak overr brug over kanaal),2022-11-24,20:00:00,0,0,0,F1052
570,F105 (vlak overr brug over kanaal),2022-11-24,21:00:00,0,0,0,F1052
570,F105 (vlak overr brug over kanaal),2022-11-24,22:00:00,0,0,0,F1052
570,F105 (vlak overr brug over kanaal),2022-11-24,23:00:00,0,0,0,F1052
570,F105 (vlak overr brug over kanaal),2022-11-25,00:00:00,0,0,0,F1052
570,F105 (vlak overr brug over kanaal),2022-11-25,01:00:00,1,1,0,F1052
570,F105 (vlak overr brug over kanaal),2022-11-25,02:00:00,0,0,0,F1052
570,F105 (vlak overr brug over kanaal),2022-11-25,03:00:00,0,0,0,F1052
570,F105 (vlak overr brug over kanaal),2022-11-25,04:00:00,0,0,0,F1052
570,F105 (vlak overr brug over kanaal),2022-11-25,05:00:00,0,0,0,F1052
570,F105 (vlak overr brug over kanaal),2022-11-25,06:00:00,0,0,0,F1052
570,F105 (vlak overr brug over kanaal),2022-11-25,07:00:00,0,0,0,F1052
570,F105 (vlak overr brug over kanaal),2022-11-25,08:00:00,0,0,0,F1052
570,F105 (vlak overr brug over kanaal),2022-11-25,09:00:00,0,0,0,F1052
570,F105 (vlak overr brug over kanaal),2022-11-25,10:00:00,0,0,0,F1052
570,F105 (vlak overr brug over kanaal),2022-11-25,11:00:00,0,0,0,F1052
570,F105 (vlak overr brug over kanaal),2022-11-25,12:00:00,1,0,1,F1052
570,F105 (vlak overr brug over kanaal),2022-11-25,13:00:00,0,0,0,F1052
570,F105 (vlak overr brug over kanaal),2022-11-25,14:00:00,0,0,0,F1052
570,F105 (vlak overr brug over kanaal),2022-11-25,15:00:00,0,0,0,F1052
570,F105 (vlak overr brug over kanaal),2022-11-25,16:00:00,1,0,1,F1052
570,F105 (vlak overr brug over kanaal),2022-11-25,17:00:00,0,0,0,F1052
570,F105 (vlak overr brug over kanaal),2022-11-25,18:00:00,0,0,0,F1052
570,F105 (vlak overr brug over kanaal),2022-11-25,19:00:00,0,0,0,F1052
570,F105 (vlak overr brug over kanaal),2022-11-25,20:00:00,0,0,0,F1052
570,F105 (vlak overr brug over kanaal),2022-11-25,21:00:00,0,0,0,F1052
570,F105 (vlak overr brug over kanaal),2022-11-25,22:00:00,0,0,0,F1052
570,F105 (vlak overr brug over kanaal),2022-11-25,23:00:00,0,0,0,F1052
570,F105 (vlak overr brug over kanaal),2022-11-26,00:00:00,0,0,0,F1052
570,F105 (vlak overr brug over kanaal),2022-11-26,01:00:00,0,0,0,F1052
570,F105 (vlak overr brug over kanaal),2022-11-26,02:00:00,0,0,0,F1052
570,F105 (vlak overr brug over kanaal),2022-11-26,03:00:00,0,0,0,F1052
570,F105 (vlak overr brug over kanaal),2022-11-26,04:00:00,0,0,0,F1052
570,F105 (vlak overr brug over kanaal),2022-11-26,05:00:00,0,0,0,F1052
570,F105 (vlak overr brug over kanaal),2022-11-26,06:00:00,0,0,0,F1052
570,F105 (vlak overr brug over kanaal),2022-11-26,07:00:00,0,0,0,F1052
570,F105 (vlak overr brug over kanaal),2022-11-26,08:00:00,0,0,0,F1052
570,F105 (vlak overr brug over kanaal),2022-11-26,09:00:00,0,0,0,F1052
570,F105 (vlak overr brug over kanaal),2022-11-26,10:00:00,0,0,0,F1052
570,F105 (vlak overr brug over kanaal),2022-11-26,11:00:00,0,0,0,F1052
570,F105 (vlak overr brug over kanaal),2022-11-26,12:00:00,0,0,0,F1052
570,F105 (vlak overr brug over kanaal),2022-11-26,13:00:00,4,2,2,F1052
570,F105 (vlak overr brug over kanaal),2022-11-26,14:00:00,0,0,0,F1052
570,F105 (vlak overr brug over kanaal),2022-11-26,15:00:00,1,1,0,F1052
570,F105 (vlak overr brug over kanaal),2022-11-26,16:00:00,0,0,0,F1052
570,F105 (vlak overr brug over kanaal),2022-11-26,17:00:00,0,0,0,F1052
570,F105 (vlak overr brug over kanaal),2022-11-26,18:00:00,0,0,0,F1052
570,F105 (vlak overr brug over kanaal),2022-11-26,19:00:00,0,0,0,F1052
570,F105 (vlak overr brug over kanaal),2022-11-26,20:00:00,2,0,2,F1052
570,F105 (vlak overr brug over kanaal),2022-11-26,21:00:00,0,0,0,F1052
570,F105 (vlak overr brug over kanaal),2022-11-26,22:00:00,0,0,0,F1052
570,F105 (vlak overr brug over kanaal),2022-11-26,23:00:00,0,0,0,F1052
570,F105 (vlak overr brug over kanaal),2022-11-27,00:00:00,0,0,0,F1052
570,F105 (vlak overr brug over kanaal),2022-11-27,01:00:00,0,0,0,F1052
570,F105 (vlak overr brug over kanaal),2022-11-27,02:00:00,0,0,0,F1052
570,F105 (vlak overr brug over kanaal),2022-11-27,03:00:00,0,0,0,F1052
570,F105 (vlak overr brug over kanaal),2022-11-27,04:00:00,0,0,0,F1052
570,F105 (vlak overr brug over kanaal),2022-11-27,05:00:00,0,0,0,F1052
570,F105 (vlak overr brug over kanaal),2022-11-27,06:00:00,0,0,0,F1052
570,F105 (vlak overr brug over kanaal),2022-11-27,07:00:00,0,0,0,F1052
570,F105 (vlak overr brug over kanaal),2022-11-27,08:00:00,0,0,0,F1052
570,F105 (vlak overr brug over kanaal),2022-11-27,09:00:00,0,0,0,F1052
570,F105 (vlak overr brug over kanaal),2022-11-27,10:00:00,0,0,0,F1052
570,F105 (vlak overr brug over kanaal),2022-11-27,11:00:00,0,0,0,F1052
570,F105 (vlak overr brug over kanaal),2022-11-27,12:00:00,0,0,0,F1052
570,F105 (vlak overr brug over kanaal),2022-11-27,13:00:00,0,0,0,F1052
570,F105 (vlak overr brug over kanaal),2022-11-27,14:00:00,0,0,0,F1052
570,F105 (vlak overr brug over kanaal),2022-11-27,15:00:00,0,0,0,F1052
570,F105 (vlak overr brug over kanaal),2022-11-27,16:00:00,0,0,0,F1052
570,F105 (vlak overr brug over kanaal),2022-11-27,17:00:00,0,0,0,F1052
570,F105 (vlak overr brug over kanaal),2022-11-27,18:00:00,0,0,0,F1052
570,F105 (vlak overr brug over kanaal),2022-11-27,19:00:00,0,0,0,F1052
570,F105 (vlak overr brug over kanaal),2022-11-27,20:00:00,0,0,0,F1052
570,F105 (vlak overr brug over kanaal),2022-11-27,21:00:00,0,0,0,F1052
570,F105 (vlak overr brug over kanaal),2022-11-27,22:00:00,0,0,0,F1052
570,F105 (vlak overr brug over kanaal),2022-11-27,23:00:00,0,0,0,F1052
570,F105 (vlak overr brug over kanaal),2022-11-28,00:00:00,0,0,0,F1052
570,F105 (vlak overr brug over kanaal),2022-11-28,01:00:00,0,0,0,F1052
570,F105 (vlak overr brug over kanaal),2022-11-28,02:00:00,0,0,0,F1052
570,F105 (vlak overr brug over kanaal),2022-11-28,03:00:00,0,0,0,F1052
570,F105 (vlak overr brug over kanaal),2022-11-28,04:00:00,0,0,0,F1052
570,F105 (vlak overr brug over kanaal),2022-11-28,05:00:00,0,0,0,F1052
570,F105 (vlak overr brug over kanaal),2022-11-28,06:00:00,0,0,0,F1052
570,F105 (vlak overr brug over kanaal),2022-11-28,07:00:00,0,0,0,F1052
570,F105 (vlak overr brug over kanaal),2022-11-28,08:00:00,0,0,0,F1052
570,F105 (vlak overr brug over kanaal),2022-11-28,09:00:00,0,0,0,F1052
570,F105 (vlak overr brug over kanaal),2022-11-28,10:00:00,0,0,0,F1052
570,F105 (vlak overr brug over kanaal),2022-11-28,11:00:00,0,0,0,F1052
570,F105 (vlak overr brug over kanaal),2022-11-28,12:00:00,0,0,0,F1052
570,F105 (vlak overr brug over kanaal),2022-11-28,13:00:00,0,0,0,F1052
570,F105 (vlak overr brug over kanaal),2022-11-28,14:00:00,0,0,0,F1052
570,F105 (vlak overr brug over kanaal),2022-11-28,15:00:00,0,0,0,F1052
570,F105 (vlak overr brug over kanaal),2022-11-28,16:00:00,0,0,0,F1052
570,F105 (vlak overr brug over kanaal),2022-11-28,17:00:00,0,0,0,F1052
570,F105 (vlak overr brug over kanaal),2022-11-28,18:00:00,0,0,0,F1052
570,F105 (vlak overr brug over kanaal),2022-11-28,19:00:00,0,0,0,F1052
570,F105 (vlak overr brug over kanaal),2022-11-28,20:00:00,0,0,0,F1052
570,F105 (vlak overr brug over kanaal),2022-11-28,21:00:00,0,0,0,F1052
570,F105 (vlak overr brug over kanaal),2022-11-28,22:00:00,0,0,0,F1052
570,F105 (vlak overr brug over kanaal),2022-11-28,23:00:00,0,0,0,F1052
570,F105 (vlak overr brug over kanaal),2022-11-29,00:00:00,0,0,0,F1052
570,F105 (vlak overr brug over kanaal),2022-11-29,01:00:00,0,0,0,F1052
570,F105 (vlak overr brug over kanaal),2022-11-29,02:00:00,0,0,0,F1052
570,F105 (vlak overr brug over kanaal),2022-11-29,03:00:00,0,0,0,F1052
570,F105 (vlak overr brug over kanaal),2022-11-29,04:00:00,0,0,0,F1052
570,F105 (vlak overr brug over kanaal),2022-11-29,05:00:00,0,0,0,F1052
570,F105 (vlak overr brug over kanaal),2022-11-29,06:00:00,0,0,0,F1052
570,F105 (vlak overr brug over kanaal),2022-11-29,07:00:00,0,0,0,F1052
570,F105 (vlak overr brug over kanaal),2022-11-29,08:00:00,0,0,0,F1052
570,F105 (vlak overr brug over kanaal),2022-11-29,09:00:00,0,0,0,F1052
570,F105 (vlak overr brug over kanaal),2022-11-29,10:00:00,0,0,0,F1052
570,F105 (vlak overr brug over kanaal),2022-11-29,11:00:00,0,0,0,F1052
570,F105 (vlak overr brug over kanaal),2022-11-29,12:00:00,0,0,0,F1052
570,F105 (vlak overr brug over kanaal),2022-11-29,13:00:00,0,0,0,F1052
570,F105 (vlak overr brug over kanaal),2022-11-29,14:00:00,0,0,0,F1052
570,F105 (vlak overr brug over kanaal),2022-11-29,15:00:00,0,0,0,F1052
570,F105 (vlak overr brug over kanaal),2022-11-29,16:00:00,0,0,0,F1052
570,F105 (vlak overr brug over kanaal),2022-11-29,17:00:00,0,0,0,F1052
570,F105 (vlak overr brug over kanaal),2022-11-29,18:00:00,0,0,0,F1052
570,F105 (vlak overr brug over kanaal),2022-11-29,19:00:00,0,0,0,F1052
570,F105 (vlak overr brug over kanaal),2022-11-29,20:00:00,0,0,0,F1052
570,F105 (vlak overr brug over kanaal),2022-11-29,21:00:00,0,0,0,F1052
570,F105 (vlak overr brug over kanaal),2022-11-29,22:00:00,0,0,0,F1052
570,F105 (vlak overr brug over kanaal),2022-11-29,23:00:00,0,0,0,F1052
570,F105 (vlak overr brug over kanaal),2022-11-30,00:00:00,0,0,0,F1052
570,F105 (vlak overr brug over kanaal),2022-11-30,01:00:00,0,0,0,F1052
570,F105 (vlak overr brug over kanaal),2022-11-30,02:00:00,0,0,0,F1052
570,F105 (vlak overr brug over kanaal),2022-11-30,03:00:00,0,0,0,F1052
570,F105 (vlak overr brug over kanaal),2022-11-30,04:00:00,0,0,0,F1052
570,F105 (vlak overr brug over kanaal),2022-11-30,05:00:00,0,0,0,F1052
570,F105 (vlak overr brug over kanaal),2022-11-30,06:00:00,0,0,0,F1052
570,F105 (vlak overr brug over kanaal),2022-11-30,07:00:00,1,0,1,F1052
570,F105 (vlak overr brug over kanaal),2022-11-30,08:00:00,1,0,1,F1052
570,F105 (vlak overr brug over kanaal),2022-11-30,09:00:00,0,0,0,F1052
570,F105 (vlak overr brug over kanaal),2022-11-30,10:00:00,0,0,0,F1052
570,F105 (vlak overr brug over kanaal),2022-11-30,11:00:00,0,0,0,F1052
570,F105 (vlak overr brug over kanaal),2022-11-30,12:00:00,0,0,0,F1052
570,F105 (vlak overr brug over kanaal),2022-11-30,13:00:00,0,0,0,F1052
570,F105 (vlak overr brug over kanaal),2022-11-30,14:00:00,0,0,0,F1052
570,F105 (vlak overr brug over kanaal),2022-11-30,15:00:00,0,0,0,F1052
570,F105 (vlak overr brug over kanaal),2022-11-30,16:00:00,0,0,0,F1052
570,F105 (vlak overr brug over kanaal),2022-11-30,17:00:00,0,0,0,F1052
570,F105 (vlak overr brug over kanaal),2022-11-30,18:00:00,0,0,0,F1052
570,F105 (vlak overr brug over kanaal),2022-11-30,19:00:00,0,0,0,F1052
570,F105 (vlak overr brug over kanaal),2022-11-30,20:00:00,0,0,0,F1052
570,F105 (vlak overr brug over kanaal),2022-11-30,21:00:00,0,0,0,F1052
570,F105 (vlak overr brug over kanaal),2022-11-30,22:00:00,0,0,0,F1052
570,F105 (vlak overr brug over kanaal),2022-11-30,23:00:00,0,0,0,F1052
570,F105 (vlak overr brug over kanaal),2022-12-01,00:00:00,0,0,0,F1052
570,F105 (vlak overr brug over kanaal),2022-12-01,01:00:00,0,0,0,F1052
570,F105 (vlak overr brug over kanaal),2022-12-01,02:00:00,0,0,0,F1052
570,F105 (vlak overr brug over kanaal),2022-12-01,03:00:00,0,0,0,F1052
570,F105 (vlak overr brug over kanaal),2022-12-01,04:00:00,0,0,0,F1052
570,F105 (vlak overr brug over kanaal),2022-12-01,05:00:00,0,0,0,F1052
570,F105 (vlak overr brug over kanaal),2022-12-01,06:00:00,0,0,0,F1052
570,F105 (vlak overr brug over kanaal),2022-12-01,07:00:00,1,0,1,F1052
570,F105 (vlak overr brug over kanaal),2022-12-01,08:00:00,0,0,0,F1052
570,F105 (vlak overr brug over kanaal),2022-12-01,09:00:00,0,0,0,F1052
570,F105 (vlak overr brug over kanaal),2022-12-01,10:00:00,0,0,0,F1052
570,F105 (vlak overr brug over kanaal),2022-12-01,11:00:00,0,0,0,F1052
570,F105 (vlak overr brug over kanaal),2022-12-01,12:00:00,0,0,0,F1052
570,F105 (vlak overr brug over kanaal),2022-12-01,13:00:00,0,0,0,F1052
570,F105 (vlak overr brug over kanaal),2022-12-01,14:00:00,0,0,0,F1052
570,F105 (vlak overr brug over kanaal),2022-12-01,15:00:00,0,0,0,F1052
570,F105 (vlak overr brug over kanaal),2022-12-01,16:00:00,0,0,0,F1052
570,F105 (vlak overr brug over kanaal),2022-12-01,17:00:00,0,0,0,F1052
570,F105 (vlak overr brug over kanaal),2022-12-01,18:00:00,0,0,0,F1052
570,F105 (vlak overr brug over kanaal),2022-12-01,19:00:00,0,0,0,F1052
570,F105 (vlak overr brug over kanaal),2022-12-01,20:00:00,0,0,0,F1052
570,F105 (vlak overr brug over kanaal),2022-12-01,21:00:00,0,0,0,F1052
570,F105 (vlak overr brug over kanaal),2022-12-01,22:00:00,0,0,0,F1052
570,F105 (vlak overr brug over kanaal),2022-12-01,23:00:00,0,0,0,F1052
570,F105 (vlak overr brug over kanaal),2022-12-02,00:00:00,0,0,0,F1052
570,F105 (vlak overr brug over kanaal),2022-12-02,01:00:00,0,0,0,F1052
570,F105 (vlak overr brug over kanaal),2022-12-02,02:00:00,0,0,0,F1052
570,F105 (vlak overr brug over kanaal),2022-12-02,03:00:00,0,0,0,F1052
570,F105 (vlak overr brug over kanaal),2022-12-02,04:00:00,0,0,0,F1052
570,F105 (vlak overr brug over kanaal),2022-12-02,05:00:00,0,0,0,F1052
570,F105 (vlak overr brug over kanaal),2022-12-02,06:00:00,0,0,0,F1052
570,F105 (vlak overr brug over kanaal),2022-12-02,07:00:00,0,0,0,F1052
570,F105 (vlak overr brug over kanaal),2022-12-02,08:00:00,0,0,0,F1052
570,F105 (vlak overr brug over kanaal),2022-12-02,09:00:00,0,0,0,F1052
570,F105 (vlak overr brug over kanaal),2022-12-02,10:00:00,0,0,0,F1052
570,F105 (vlak overr brug over kanaal),2022-12-02,11:00:00,0,0,0,F1052
570,F105 (vlak overr brug over kanaal),2022-12-02,12:00:00,0,0,0,F1052
570,F105 (vlak overr brug over kanaal),2022-12-02,13:00:00,0,0,0,F1052
570,F105 (vlak overr brug over kanaal),2022-12-02,14:00:00,0,0,0,F1052
570,F105 (vlak overr brug over kanaal),2022-12-02,15:00:00,0,0,0,F1052
570,F105 (vlak overr brug over kanaal),2022-12-02,16:00:00,1,1,0,F1052
570,F105 (vlak overr brug over kanaal),2022-12-02,17:00:00,0,0,0,F1052
570,F105 (vlak overr brug over kanaal),2022-12-02,18:00:00,0,0,0,F1052
570,F105 (vlak overr brug over kanaal),2022-12-02,19:00:00,0,0,0,F1052
570,F105 (vlak overr brug over kanaal),2022-12-02,20:00:00,0,0,0,F1052
570,F105 (vlak overr brug over kanaal),2022-12-02,21:00:00,0,0,0,F1052
570,F105 (vlak overr brug over kanaal),2022-12-02,22:00:00,0,0,0,F1052
570,F105 (vlak overr brug over kanaal),2022-12-02,23:00:00,0,0,0,F1052
570,F105 (vlak overr brug over kanaal),2022-12-03,00:00:00,0,0,0,F1052
570,F105 (vlak overr brug over kanaal),2022-12-03,01:00:00,0,0,0,F1052
570,F105 (vlak overr brug over kanaal),2022-12-03,02:00:00,0,0,0,F1052
570,F105 (vlak overr brug over kanaal),2022-12-03,03:00:00,0,0,0,F1052
570,F105 (vlak overr brug over kanaal),2022-12-03,04:00:00,0,0,0,F1052
570,F105 (vlak overr brug over kanaal),2022-12-03,05:00:00,0,0,0,F1052
570,F105 (vlak overr brug over kanaal),2022-12-03,06:00:00,0,0,0,F1052
570,F105 (vlak overr brug over kanaal),2022-12-03,07:00:00,0,0,0,F1052
570,F105 (vlak overr brug over kanaal),2022-12-03,08:00:00,0,0,0,F1052
570,F105 (vlak overr brug over kanaal),2022-12-03,09:00:00,0,0,0,F1052
570,F105 (vlak overr brug over kanaal),2022-12-03,10:00:00,0,0,0,F1052
570,F105 (vlak overr brug over kanaal),2022-12-03,11:00:00,0,0,0,F1052
570,F105 (vlak overr brug over kanaal),2022-12-03,12:00:00,0,0,0,F1052
570,F105 (vlak overr brug over kanaal),2022-12-03,13:00:00,2,1,1,F1052
570,F105 (vlak overr brug over kanaal),2022-12-03,14:00:00,0,0,0,F1052
570,F105 (vlak overr brug over kanaal),2022-12-03,15:00:00,0,0,0,F1052
570,F105 (vlak overr brug over kanaal),2022-12-03,16:00:00,0,0,0,F1052
570,F105 (vlak overr brug over kanaal),2022-12-03,17:00:00,0,0,0,F1052
570,F105 (vlak overr brug over kanaal),2022-12-03,18:00:00,0,0,0,F1052
570,F105 (vlak overr brug over kanaal),2022-12-03,19:00:00,0,0,0,F1052
570,F105 (vlak overr brug over kanaal),2022-12-03,20:00:00,0,0,0,F1052
570,F105 (vlak overr brug over kanaal),2022-12-03,21:00:00,0,0,0,F1052
570,F105 (vlak overr brug over kanaal),2022-12-03,22:00:00,0,0,0,F1052
570,F105 (vlak overr brug over kanaal),2022-12-03,23:00:00,0,0,0,F1052
570,F105 (vlak overr brug over kanaal),2022-12-04,00:00:00,0,0,0,F1052
570,F105 (vlak overr brug over kanaal),2022-12-04,01:00:00,0,0,0,F1052
570,F105 (vlak overr brug over kanaal),2022-12-04,02:00:00,0,0,0,F1052
570,F105 (vlak overr brug over kanaal),2022-12-04,03:00:00,0,0,0,F1052
570,F105 (vlak overr brug over kanaal),2022-12-04,04:00:00,0,0,0,F1052
570,F105 (vlak overr brug over kanaal),2022-12-04,05:00:00,0,0,0,F1052
570,F105 (vlak overr brug over kanaal),2022-12-04,06:00:00,0,0,0,F1052
570,F105 (vlak overr brug over kanaal),2022-12-04,07:00:00,0,0,0,F1052
570,F105 (vlak overr brug over kanaal),2022-12-04,08:00:00,0,0,0,F1052
570,F105 (vlak overr brug over kanaal),2022-12-04,09:00:00,0,0,0,F1052
570,F105 (vlak overr brug over kanaal),2022-12-04,10:00:00,0,0,0,F1052
570,F105 (vlak overr brug over kanaal),2022-12-04,11:00:00,0,0,0,F1052
570,F105 (vlak overr brug over kanaal),2022-12-04,12:00:00,0,0,0,F1052
570,F105 (vlak overr brug over kanaal),2022-12-04,13:00:00,0,0,0,F1052
570,F105 (vlak overr brug over kanaal),2022-12-04,14:00:00,0,0,0,F1052
570,F105 (vlak overr brug over kanaal),2022-12-04,15:00:00,0,0,0,F1052
570,F105 (vlak overr brug over kanaal),2022-12-04,16:00:00,0,0,0,F1052
570,F105 (vlak overr brug over kanaal),2022-12-04,17:00:00,0,0,0,F1052
570,F105 (vlak overr brug over kanaal),2022-12-04,18:00:00,0,0,0,F1052
570,F105 (vlak overr brug over kanaal),2022-12-04,19:00:00,0,0,0,F1052
570,F105 (vlak overr brug over kanaal),2022-12-04,20:00:00,0,0,0,F1052
570,F105 (vlak overr brug over kanaal),2022-12-04,21:00:00,0,0,0,F1052
570,F105 (vlak overr brug over kanaal),2022-12-04,22:00:00,0,0,0,F1052
570,F105 (vlak overr brug over kanaal),2022-12-04,23:00:00,0,0,0,F1052
570,F105 (vlak overr brug over kanaal),2022-12-05,00:00:00,0,0,0,F1052
570,F105 (vlak overr brug over kanaal),2022-12-05,01:00:00,0,0,0,F1052
570,F105 (vlak overr brug over kanaal),2022-12-05,02:00:00,0,0,0,F1052
570,F105 (vlak overr brug over kanaal),2022-12-05,03:00:00,0,0,0,F1052
570,F105 (vlak overr brug over kanaal),2022-12-05,04:00:00,0,0,0,F1052
570,F105 (vlak overr brug over kanaal),2022-12-05,05:00:00,0,0,0,F1052
570,F105 (vlak overr brug over kanaal),2022-12-05,06:00:00,0,0,0,F1052
570,F105 (vlak overr brug over kanaal),2022-12-05,07:00:00,0,0,0,F1052
570,F105 (vlak overr brug over kanaal),2022-12-05,08:00:00,0,0,0,F1052
570,F105 (vlak overr brug over kanaal),2022-12-05,09:00:00,0,0,0,F1052
570,F105 (vlak overr brug over kanaal),2022-12-05,10:00:00,0,0,0,F1052
570,F105 (vlak overr brug over kanaal),2022-12-05,11:00:00,0,0,0,F1052
570,F105 (vlak overr brug over kanaal),2022-12-05,12:00:00,0,0,0,F1052
570,F105 (vlak overr brug over kanaal),2022-12-05,13:00:00,0,0,0,F1052
570,F105 (vlak overr brug over kanaal),2022-12-05,14:00:00,0,0,0,F1052
570,F105 (vlak overr brug over kanaal),2022-12-05,15:00:00,1,1,0,F1052
570,F105 (vlak overr brug over kanaal),2022-12-05,16:00:00,2,2,0,F1052
570,F105 (vlak overr brug over kanaal),2022-12-05,17:00:00,0,0,0,F1052
570,F105 (vlak overr brug over kanaal),2022-12-05,18:00:00,0,0,0,F1052
570,F105 (vlak overr brug over kanaal),2022-12-05,19:00:00,0,0,0,F1052
570,F105 (vlak overr brug over kanaal),2022-12-05,20:00:00,0,0,0,F1052
570,F105 (vlak overr brug over kanaal),2022-12-05,21:00:00,0,0,0,F1052
570,F105 (vlak overr brug over kanaal),2022-12-05,22:00:00,0,0,0,F1052
570,F105 (vlak overr brug over kanaal),2022-12-05,23:00:00,0,0,0,F1052
570,F105 (vlak overr brug over kanaal),2022-12-06,00:00:00,0,0,0,F1052
570,F105 (vlak overr brug over kanaal),2022-12-06,01:00:00,0,0,0,F1052
570,F105 (vlak overr brug over kanaal),2022-12-06,02:00:00,0,0,0,F1052
570,F105 (vlak overr brug over kanaal),2022-12-06,03:00:00,0,0,0,F1052
570,F105 (vlak overr brug over kanaal),2022-12-06,04:00:00,0,0,0,F1052
570,F105 (vlak overr brug over kanaal),2022-12-06,05:00:00,0,0,0,F1052
570,F105 (vlak overr brug over kanaal),2022-12-06,06:00:00,0,0,0,F1052
570,F105 (vlak overr brug over kanaal),2022-12-06,07:00:00,0,0,0,F1052
570,F105 (vlak overr brug over kanaal),2022-12-06,08:00:00,0,0,0,F1052
570,F105 (vlak overr brug over kanaal),2022-12-06,09:00:00,0,0,0,F1052
570,F105 (vlak overr brug over kanaal),2022-12-06,10:00:00,0,0,0,F1052
570,F105 (vlak overr brug over kanaal),2022-12-06,11:00:00,0,0,0,F1052
570,F105 (vlak overr brug over kanaal),2022-12-06,12:00:00,0,0,0,F1052
570,F105 (vlak overr brug over kanaal),2022-12-06,13:00:00,0,0,0,F1052
570,F105 (vlak overr brug over kanaal),2022-12-06,14:00:00,0,0,0,F1052
570,F105 (vlak overr brug over kanaal),2022-12-06,15:00:00,0,0,0,F1052
570,F105 (vlak overr brug over kanaal),2022-12-06,16:00:00,0,0,0,F1052
570,F105 (vlak overr brug over kanaal),2022-12-06,17:00:00,0,0,0,F1052
570,F105 (vlak overr brug over kanaal),2022-12-06,18:00:00,0,0,0,F1052
570,F105 (vlak overr brug over kanaal),2022-12-06,19:00:00,0,0,0,F1052
570,F105 (vlak overr brug over kanaal),2022-12-06,20:00:00,0,0,0,F1052
570,F105 (vlak overr brug over kanaal),2022-12-06,21:00:00,0,0,0,F1052
570,F105 (vlak overr brug over kanaal),2022-12-06,22:00:00,0,0,0,F1052
570,F105 (vlak overr brug over kanaal),2022-12-06,23:00:00,0,0,0,F1052
570,F105 (vlak overr brug over kanaal),2022-12-07,00:00:00,0,0,0,F1052
570,F105 (vlak overr brug over kanaal),2022-12-07,01:00:00,0,0,0,F1052
570,F105 (vlak overr brug over kanaal),2022-12-07,02:00:00,0,0,0,F1052
570,F105 (vlak overr brug over kanaal),2022-12-07,03:00:00,0,0,0,F1052
570,F105 (vlak overr brug over kanaal),2022-12-07,04:00:00,0,0,0,F1052
570,F105 (vlak overr brug over kanaal),2022-12-07,05:00:00,0,0,0,F1052
570,F105 (vlak overr brug over kanaal),2022-12-07,06:00:00,0,0,0,F1052
570,F105 (vlak overr brug over kanaal),2022-12-07,07:00:00,0,0,0,F1052
570,F105 (vlak overr brug over kanaal),2022-12-07,08:00:00,0,0,0,F1052
570,F105 (vlak overr brug over kanaal),2022-12-07,09:00:00,0,0,0,F1052
570,F105 (vlak overr brug over kanaal),2022-12-07,10:00:00,0,0,0,F1052
570,F105 (vlak overr brug over kanaal),2022-12-07,11:00:00,0,0,0,F1052
570,F105 (vlak overr brug over kanaal),2022-12-07,12:00:00,0,0,0,F1052
570,F105 (vlak overr brug over kanaal),2022-12-07,13:00:00,0,0,0,F1052
570,F105 (vlak overr brug over kanaal),2022-12-07,14:00:00,0,0,0,F1052
570,F105 (vlak overr brug over kanaal),2022-12-07,15:00:00,0,0,0,F1052
570,F105 (vlak overr brug over kanaal),2022-12-07,16:00:00,0,0,0,F1052
570,F105 (vlak overr brug over kanaal),2022-12-07,17:00:00,0,0,0,F1052
570,F105 (vlak overr brug over kanaal),2022-12-07,18:00:00,0,0,0,F1052
570,F105 (vlak overr brug over kanaal),2022-12-07,19:00:00,0,0,0,F1052
570,F105 (vlak overr brug over kanaal),2022-12-07,20:00:00,0,0,0,F1052
570,F105 (vlak overr brug over kanaal),2022-12-07,21:00:00,0,0,0,F1052
570,F105 (vlak overr brug over kanaal),2022-12-07,22:00:00,0,0,0,F1052
570,F105 (vlak overr brug over kanaal),2022-12-07,23:00:00,0,0,0,F1052
570,F105 (vlak overr brug over kanaal),2022-12-08,00:00:00,0,0,0,F1052
570,F105 (vlak overr brug over kanaal),2022-12-08,01:00:00,0,0,0,F1052
570,F105 (vlak overr brug over kanaal),2022-12-08,02:00:00,0,0,0,F1052
570,F105 (vlak overr brug over kanaal),2022-12-08,03:00:00,0,0,0,F1052
570,F105 (vlak overr brug over kanaal),2022-12-08,04:00:00,0,0,0,F1052
570,F105 (vlak overr brug over kanaal),2022-12-08,05:00:00,0,0,0,F1052
570,F105 (vlak overr brug over kanaal),2022-12-08,06:00:00,0,0,0,F1052
570,F105 (vlak overr brug over kanaal),2022-12-08,07:00:00,0,0,0,F1052
570,F105 (vlak overr brug over kanaal),2022-12-08,08:00:00,0,0,0,F1052
570,F105 (vlak overr brug over kanaal),2022-12-08,09:00:00,0,0,0,F1052
570,F105 (vlak overr brug over kanaal),2022-12-08,10:00:00,0,0,0,F1052
570,F105 (vlak overr brug over kanaal),2022-12-08,11:00:00,0,0,0,F1052
570,F105 (vlak overr brug over kanaal),2022-12-08,12:00:00,0,0,0,F1052
570,F105 (vlak overr brug over kanaal),2022-12-08,13:00:00,1,0,1,F1052
570,F105 (vlak overr brug over kanaal),2022-12-08,14:00:00,0,0,0,F1052
570,F105 (vlak overr brug over kanaal),2022-12-08,15:00:00,0,0,0,F1052
570,F105 (vlak overr brug over kanaal),2022-12-08,16:00:00,1,1,0,F1052
570,F105 (vlak overr brug over kanaal),2022-12-08,17:00:00,0,0,0,F1052
570,F105 (vlak overr brug over kanaal),2022-12-08,18:00:00,0,0,0,F1052
570,F105 (vlak overr brug over kanaal),2022-12-08,19:00:00,0,0,0,F1052
570,F105 (vlak overr brug over kanaal),2022-12-08,20:00:00,0,0,0,F1052
570,F105 (vlak overr brug over kanaal),2022-12-08,21:00:00,0,0,0,F1052
570,F105 (vlak overr brug over kanaal),2022-12-08,22:00:00,0,0,0,F1052
570,F105 (vlak overr brug over kanaal),2022-12-08,23:00:00,0,0,0,F1052
570,F105 (vlak overr brug over kanaal),2022-12-09,00:00:00,0,0,0,F1052
570,F105 (vlak overr brug over kanaal),2022-12-09,01:00:00,0,0,0,F1052
570,F105 (vlak overr brug over kanaal),2022-12-09,02:00:00,0,0,0,F1052
570,F105 (vlak overr brug over kanaal),2022-12-09,03:00:00,0,0,0,F1052
570,F105 (vlak overr brug over kanaal),2022-12-09,04:00:00,0,0,0,F1052
570,F105 (vlak overr brug over kanaal),2022-12-09,05:00:00,0,0,0,F1052
570,F105 (vlak overr brug over kanaal),2022-12-09,06:00:00,0,0,0,F1052
570,F105 (vlak overr brug over kanaal),2022-12-09,07:00:00,0,0,0,F1052
570,F105 (vlak overr brug over kanaal),2022-12-09,08:00:00,0,0,0,F1052
570,F105 (vlak overr brug over kanaal),2022-12-09,09:00:00,0,0,0,F1052
570,F105 (vlak overr brug over kanaal),2022-12-09,10:00:00,0,0,0,F1052
570,F105 (vlak overr brug over kanaal),2022-12-09,11:00:00,1,1,0,F1052
570,F105 (vlak overr brug over kanaal),2022-12-09,12:00:00,0,0,0,F1052
570,F105 (vlak overr brug over kanaal),2022-12-09,13:00:00,0,0,0,F1052
570,F105 (vlak overr brug over kanaal),2022-12-09,14:00:00,0,0,0,F1052
570,F105 (vlak overr brug over kanaal),2022-12-09,15:00:00,0,0,0,F1052
570,F105 (vlak overr brug over kanaal),2022-12-09,16:00:00,0,0,0,F1052
570,F105 (vlak overr brug over kanaal),2022-12-09,17:00:00,0,0,0,F1052
570,F105 (vlak overr brug over kanaal),2022-12-09,18:00:00,0,0,0,F1052
570,F105 (vlak overr brug over kanaal),2022-12-09,19:00:00,0,0,0,F1052
570,F105 (vlak overr brug over kanaal),2022-12-09,20:00:00,0,0,0,F1052
570,F105 (vlak overr brug over kanaal),2022-12-09,21:00:00,0,0,0,F1052
570,F105 (vlak overr brug over kanaal),2022-12-09,22:00:00,0,0,0,F1052
570,F105 (vlak overr brug over kanaal),2022-12-09,23:00:00,0,0,0,F1052
570,F105 (vlak overr brug over kanaal),2022-12-10,00:00:00,0,0,0,F1052
570,F105 (vlak overr brug over kanaal),2022-12-10,01:00:00,0,0,0,F1052
570,F105 (vlak overr brug over kanaal),2022-12-10,02:00:00,0,0,0,F1052
570,F105 (vlak overr brug over kanaal),2022-12-10,03:00:00,0,0,0,F1052
570,F105 (vlak overr brug over kanaal),2022-12-10,04:00:00,0,0,0,F1052
570,F105 (vlak overr brug over kanaal),2022-12-10,05:00:00,0,0,0,F1052
570,F105 (vlak overr brug over kanaal),2022-12-10,06:00:00,0,0,0,F1052
570,F105 (vlak overr brug over kanaal),2022-12-10,07:00:00,0,0,0,F1052
570,F105 (vlak overr brug over kanaal),2022-12-10,08:00:00,0,0,0,F1052
570,F105 (vlak overr brug over kanaal),2022-12-10,09:00:00,0,0,0,F1052
570,F105 (vlak overr brug over kanaal),2022-12-10,10:00:00,0,0,0,F1052
570,F105 (vlak overr brug over kanaal),2022-12-10,11:00:00,0,0,0,F1052
570,F105 (vlak overr brug over kanaal),2022-12-10,12:00:00,0,0,0,F1052
570,F105 (vlak overr brug over kanaal),2022-12-10,13:00:00,0,0,0,F1052
570,F105 (vlak overr brug over kanaal),2022-12-10,14:00:00,0,0,0,F1052
570,F105 (vlak overr brug over kanaal),2022-12-10,15:00:00,0,0,0,F1052
570,F105 (vlak overr brug over kanaal),2022-12-10,16:00:00,0,0,0,F1052
570,F105 (vlak overr brug over kanaal),2022-12-10,17:00:00,0,0,0,F1052
570,F105 (vlak overr brug over kanaal),2022-12-10,18:00:00,0,0,0,F1052
570,F105 (vlak overr brug over kanaal),2022-12-10,19:00:00,0,0,0,F1052
570,F105 (vlak overr brug over kanaal),2022-12-10,20:00:00,0,0,0,F1052
570,F105 (vlak overr brug over kanaal),2022-12-10,21:00:00,0,0,0,F1052
570,F105 (vlak overr brug over kanaal),2022-12-10,22:00:00,0,0,0,F1052
570,F105 (vlak overr brug over kanaal),2022-12-10,23:00:00,0,0,0,F1052
570,F105 (vlak overr brug over kanaal),2022-12-11,00:00:00,0,0,0,F1052
570,F105 (vlak overr brug over kanaal),2022-12-11,01:00:00,0,0,0,F1052
570,F105 (vlak overr brug over kanaal),2022-12-11,02:00:00,0,0,0,F1052
570,F105 (vlak overr brug over kanaal),2022-12-11,03:00:00,0,0,0,F1052
570,F105 (vlak overr brug over kanaal),2022-12-11,04:00:00,0,0,0,F1052
570,F105 (vlak overr brug over kanaal),2022-12-11,05:00:00,0,0,0,F1052
570,F105 (vlak overr brug over kanaal),2022-12-11,06:00:00,0,0,0,F1052
570,F105 (vlak overr brug over kanaal),2022-12-11,07:00:00,0,0,0,F1052
570,F105 (vlak overr brug over kanaal),2022-12-11,08:00:00,0,0,0,F1052
570,F105 (vlak overr brug over kanaal),2022-12-11,09:00:00,0,0,0,F1052
570,F105 (vlak overr brug over kanaal),2022-12-11,10:00:00,0,0,0,F1052
570,F105 (vlak overr brug over kanaal),2022-12-11,11:00:00,0,0,0,F1052
570,F105 (vlak overr brug over kanaal),2022-12-11,12:00:00,0,0,0,F1052
570,F105 (vlak overr brug over kanaal),2022-12-11,13:00:00,0,0,0,F1052
570,F105 (vlak overr brug over kanaal),2022-12-11,14:00:00,0,0,0,F1052
570,F105 (vlak overr brug over kanaal),2022-12-11,15:00:00,0,0,0,F1052
570,F105 (vlak overr brug over kanaal),2022-12-11,16:00:00,0,0,0,F1052
570,F105 (vlak overr brug over kanaal),2022-12-11,17:00:00,0,0,0,F1052
570,F105 (vlak overr brug over kanaal),2022-12-11,18:00:00,0,0,0,F1052
570,F105 (vlak overr brug over kanaal),2022-12-11,19:00:00,0,0,0,F1052
570,F105 (vlak overr brug over kanaal),2022-12-11,20:00:00,0,0,0,F1052
570,F105 (vlak overr brug over kanaal),2022-12-11,21:00:00,0,0,0,F1052
570,F105 (vlak overr brug over kanaal),2022-12-11,22:00:00,0,0,0,F1052
570,F105 (vlak overr brug over kanaal),2022-12-11,23:00:00,0,0,0,F1052
570,F105 (vlak overr brug over kanaal),2022-12-12,00:00:00,0,0,0,F1052
570,F105 (vlak overr brug over kanaal),2022-12-12,01:00:00,0,0,0,F1052
570,F105 (vlak overr brug over kanaal),2022-12-12,02:00:00,0,0,0,F1052
570,F105 (vlak overr brug over kanaal),2022-12-12,03:00:00,0,0,0,F1052
570,F105 (vlak overr brug over kanaal),2022-12-12,04:00:00,0,0,0,F1052
570,F105 (vlak overr brug over kanaal),2022-12-12,05:00:00,0,0,0,F1052
570,F105 (vlak overr brug over kanaal),2022-12-12,06:00:00,0,0,0,F1052
570,F105 (vlak overr brug over kanaal),2022-12-12,07:00:00,0,0,0,F1052
570,F105 (vlak overr brug over kanaal),2022-12-12,08:00:00,0,0,0,F1052
570,F105 (vlak overr brug over kanaal),2022-12-12,09:00:00,0,0,0,F1052
570,F105 (vlak overr brug over kanaal),2022-12-12,10:00:00,0,0,0,F1052
570,F105 (vlak overr brug over kanaal),2022-12-12,11:00:00,0,0,0,F1052
570,F105 (vlak overr brug over kanaal),2022-12-12,12:00:00,0,0,0,F1052
570,F105 (vlak overr brug over kanaal),2022-12-12,13:00:00,0,0,0,F1052
570,F105 (vlak overr brug over kanaal),2022-12-12,14:00:00,0,0,0,F1052
570,F105 (vlak overr brug over kanaal),2022-12-12,15:00:00,0,0,0,F1052
570,F105 (vlak overr brug over kanaal),2022-12-12,16:00:00,0,0,0,F1052
570,F105 (vlak overr brug over kanaal),2022-12-12,17:00:00,0,0,0,F1052
570,F105 (vlak overr brug over kanaal),2022-12-12,18:00:00,0,0,0,F1052
570,F105 (vlak overr brug over kanaal),2022-12-12,19:00:00,0,0,0,F1052
570,F105 (vlak overr brug over kanaal),2022-12-12,20:00:00,0,0,0,F1052
570,F105 (vlak overr brug over kanaal),2022-12-12,21:00:00,0,0,0,F1052
570,F105 (vlak overr brug over kanaal),2022-12-12,22:00:00,0,0,0,F1052
570,F105 (vlak overr brug over kanaal),2022-12-12,23:00:00,0,0,0,F1052
570,F105 (vlak overr brug over kanaal),2022-12-13,00:00:00,0,0,0,F1052
570,F105 (vlak overr brug over kanaal),2022-12-13,01:00:00,0,0,0,F1052
570,F105 (vlak overr brug over kanaal),2022-12-13,02:00:00,0,0,0,F1052
570,F105 (vlak overr brug over kanaal),2022-12-13,03:00:00,0,0,0,F1052
570,F105 (vlak overr brug over kanaal),2022-12-13,04:00:00,0,0,0,F1052
570,F105 (vlak overr brug over kanaal),2022-12-13,05:00:00,0,0,0,F1052
570,F105 (vlak overr brug over kanaal),2022-12-13,06:00:00,0,0,0,F1052
570,F105 (vlak overr brug over kanaal),2022-12-13,07:00:00,0,0,0,F1052
570,F105 (vlak overr brug over kanaal),2022-12-13,08:00:00,0,0,0,F1052
570,F105 (vlak overr brug over kanaal),2022-12-13,09:00:00,0,0,0,F1052
570,F105 (vlak overr brug over kanaal),2022-12-13,10:00:00,0,0,0,F1052
570,F105 (vlak overr brug over kanaal),2022-12-13,11:00:00,0,0,0,F1052
570,F105 (vlak overr brug over kanaal),2022-12-13,12:00:00,0,0,0,F1052
570,F105 (vlak overr brug over kanaal),2022-12-13,13:00:00,0,0,0,F1052
570,F105 (vlak overr brug over kanaal),2022-12-13,14:00:00,0,0,0,F1052
570,F105 (vlak overr brug over kanaal),2022-12-13,15:00:00,0,0,0,F1052
570,F105 (vlak overr brug over kanaal),2022-12-13,16:00:00,0,0,0,F1052
570,F105 (vlak overr brug over kanaal),2022-12-13,17:00:00,0,0,0,F1052
570,F105 (vlak overr brug over kanaal),2022-12-13,18:00:00,0,0,0,F1052
570,F105 (vlak overr brug over kanaal),2022-12-13,19:00:00,0,0,0,F1052
570,F105 (vlak overr brug over kanaal),2022-12-13,20:00:00,0,0,0,F1052
570,F105 (vlak overr brug over kanaal),2022-12-13,21:00:00,0,0,0,F1052
570,F105 (vlak overr brug over kanaal),2022-12-13,22:00:00,0,0,0,F1052
570,F105 (vlak overr brug over kanaal),2022-12-13,23:00:00,0,0,0,F1052
570,F105 (vlak overr brug over kanaal),2022-12-14,00:00:00,0,0,0,F1052
570,F105 (vlak overr brug over kanaal),2022-12-14,01:00:00,0,0,0,F1052
570,F105 (vlak overr brug over kanaal),2022-12-14,02:00:00,0,0,0,F1052
570,F105 (vlak overr brug over kanaal),2022-12-14,03:00:00,0,0,0,F1052
570,F105 (vlak overr brug over kanaal),2022-12-14,04:00:00,0,0,0,F1052
570,F105 (vlak overr brug over kanaal),2022-12-14,05:00:00,0,0,0,F1052
570,F105 (vlak overr brug over kanaal),2022-12-14,06:00:00,0,0,0,F1052
570,F105 (vlak overr brug over kanaal),2022-12-14,07:00:00,0,0,0,F1052
570,F105 (vlak overr brug over kanaal),2022-12-14,08:00:00,0,0,0,F1052
570,F105 (vlak overr brug over kanaal),2022-12-14,09:00:00,0,0,0,F1052
570,F105 (vlak overr brug over kanaal),2022-12-14,10:00:00,0,0,0,F1052
570,F105 (vlak overr brug over kanaal),2022-12-14,11:00:00,0,0,0,F1052
570,F105 (vlak overr brug over kanaal),2022-12-14,12:00:00,0,0,0,F1052
570,F105 (vlak overr brug over kanaal),2022-12-14,13:00:00,0,0,0,F1052
570,F105 (vlak overr brug over kanaal),2022-12-14,14:00:00,0,0,0,F1052
570,F105 (vlak overr brug over kanaal),2022-12-14,15:00:00,0,0,0,F1052
570,F105 (vlak overr brug over kanaal),2022-12-14,16:00:00,0,0,0,F1052
570,F105 (vlak overr brug over kanaal),2022-12-14,17:00:00,0,0,0,F1052
570,F105 (vlak overr brug over kanaal),2022-12-14,18:00:00,0,0,0,F1052
570,F105 (vlak overr brug over kanaal),2022-12-14,19:00:00,0,0,0,F1052
570,F105 (vlak overr brug over kanaal),2022-12-14,20:00:00,0,0,0,F1052
570,F105 (vlak overr brug over kanaal),2022-12-14,21:00:00,0,0,0,F1052
570,F105 (vlak overr brug over kanaal),2022-12-14,22:00:00,0,0,0,F1052
570,F105 (vlak overr brug over kanaal),2022-12-14,23:00:00,0,0,0,F1052
570,F105 (vlak overr brug over kanaal),2022-12-15,00:00:00,0,0,0,F1052
570,F105 (vlak overr brug over kanaal),2022-12-15,01:00:00,0,0,0,F1052
570,F105 (vlak overr brug over kanaal),2022-12-15,02:00:00,0,0,0,F1052
570,F105 (vlak overr brug over kanaal),2022-12-15,03:00:00,0,0,0,F1052
570,F105 (vlak overr brug over kanaal),2022-12-15,04:00:00,0,0,0,F1052
570,F105 (vlak overr brug over kanaal),2022-12-15,05:00:00,0,0,0,F1052
570,F105 (vlak overr brug over kanaal),2022-12-15,06:00:00,0,0,0,F1052
570,F105 (vlak overr brug over kanaal),2022-12-15,07:00:00,0,0,0,F1052
570,F105 (vlak overr brug over kanaal),2022-12-15,08:00:00,0,0,0,F1052
570,F105 (vlak overr brug over kanaal),2022-12-15,09:00:00,18,11,7,F1052
570,F105 (vlak overr brug over kanaal),2022-12-15,10:00:00,17,7,10,F1052
570,F105 (vlak overr brug over kanaal),2022-12-15,11:00:00,15,2,13,F1052
570,F105 (vlak overr brug over kanaal),2022-12-15,12:00:00,39,9,30,F1052
570,F105 (vlak overr brug over kanaal),2022-12-15,13:00:00,37,20,17,F1052
570,F105 (vlak overr brug over kanaal),2022-12-15,14:00:00,36,20,16,F1052
570,F105 (vlak overr brug over kanaal),2022-12-15,15:00:00,35,17,18,F1052
570,F105 (vlak overr brug over kanaal),2022-12-15,16:00:00,40,12,28,F1052
570,F105 (vlak overr brug over kanaal),2022-12-15,17:00:00,25,8,17,F1052
570,F105 (vlak overr brug over kanaal),2022-12-15,18:00:00,13,6,7,F1052
570,F105 (vlak overr brug over kanaal),2022-12-15,19:00:00,2,1,1,F1052
570,F105 (vlak overr brug over kanaal),2022-12-15,20:00:00,8,6,2,F1052
570,F105 (vlak overr brug over kanaal),2022-12-15,21:00:00,5,3,2,F1052
570,F105 (vlak overr brug over kanaal),2022-12-15,22:00:00,13,5,8,F1052
570,F105 (vlak overr brug over kanaal),2022-12-15,23:00:00,2,2,0,F1052
570,F105 (vlak overr brug over kanaal),2022-12-16,00:00:00,0,0,0,F1052
570,F105 (vlak overr brug over kanaal),2022-12-16,01:00:00,0,0,0,F1052
570,F105 (vlak overr brug over kanaal),2022-12-16,02:00:00,0,0,0,F1052
570,F105 (vlak overr brug over kanaal),2022-12-16,03:00:00,0,0,0,F1052
570,F105 (vlak overr brug over kanaal),2022-12-16,04:00:00,1,1,0,F1052
570,F105 (vlak overr brug over kanaal),2022-12-16,05:00:00,9,3,6,F1052
570,F105 (vlak overr brug over kanaal),2022-12-16,06:00:00,16,9,7,F1052
570,F105 (vlak overr brug over kanaal),2022-12-16,07:00:00,47,33,14,F1052
570,F105 (vlak overr brug over kanaal),2022-12-16,08:00:00,47,37,10,F1052
570,F105 (vlak overr brug over kanaal),2022-12-16,09:00:00,16,8,8,F1052
570,F105 (vlak overr brug over kanaal),2022-12-16,10:00:00,30,8,22,F1052
570,F105 (vlak overr brug over kanaal),2022-12-16,11:00:00,20,10,10,F1052
570,F105 (vlak overr brug over kanaal),2022-12-16,12:00:00,23,6,17,F1052
570,F105 (vlak overr brug over kanaal),2022-12-16,13:00:00,29,19,10,F1052
570,F105 (vlak overr brug over kanaal),2022-12-16,14:00:00,27,14,13,F1052
570,F105 (vlak overr brug over kanaal),2022-12-16,15:00:00,38,16,22,F1052
570,F105 (vlak overr brug over kanaal),2022-12-16,16:00:00,33,14,19,F1052
570,F105 (vlak overr brug over kanaal),2022-12-16,17:00:00,19,7,12,F1052
570,F105 (vlak overr brug over kanaal),2022-12-16,18:00:00,12,3,9,F1052
570,F105 (vlak overr brug over kanaal),2022-12-16,19:00:00,9,6,3,F1052
570,F105 (vlak overr brug over kanaal),2022-12-16,20:00:00,6,4,2,F1052
570,F105 (vlak overr brug over kanaal),2022-12-16,21:00:00,4,0,4,F1052
570,F105 (vlak overr brug over kanaal),2022-12-16,22:00:00,17,3,14,F1052
570,F105 (vlak overr brug over kanaal),2022-12-16,23:00:00,3,2,1,F1052
570,F105 (vlak overr brug over kanaal),2022-12-17,00:00:00,4,2,2,F1052
570,F105 (vlak overr brug over kanaal),2022-12-17,01:00:00,2,0,2,F1052
570,F105 (vlak overr brug over kanaal),2022-12-17,02:00:00,1,1,0,F1052
570,F105 (vlak overr brug over kanaal),2022-12-17,03:00:00,3,1,2,F1052
570,F105 (vlak overr brug over kanaal),2022-12-17,04:00:00,0,0,0,F1052
570,F105 (vlak overr brug over kanaal),2022-12-17,05:00:00,4,1,3,F1052
570,F105 (vlak overr brug over kanaal),2022-12-17,06:00:00,4,1,3,F1052
570,F105 (vlak overr brug over kanaal),2022-12-17,07:00:00,3,1,2,F1052
570,F105 (vlak overr brug over kanaal),2022-12-17,08:00:00,5,5,0,F1052
570,F105 (vlak overr brug over kanaal),2022-12-17,09:00:00,7,4,3,F1052
570,F105 (vlak overr brug over kanaal),2022-12-17,10:00:00,8,4,4,F1052
570,F105 (vlak overr brug over kanaal),2022-12-17,11:00:00,8,3,5,F1052
570,F105 (vlak overr brug over kanaal),2022-12-17,12:00:00,7,5,2,F1052
570,F105 (vlak overr brug over kanaal),2022-12-17,13:00:00,14,10,4,F1052
570,F105 (vlak overr brug over kanaal),2022-12-17,14:00:00,10,5,5,F1052
570,F105 (vlak overr brug over kanaal),2022-12-17,15:00:00,3,1,2,F1052
570,F105 (vlak overr brug over kanaal),2022-12-17,16:00:00,5,3,2,F1052
570,F105 (vlak overr brug over kanaal),2022-12-17,17:00:00,4,1,3,F1052
570,F105 (vlak overr brug over kanaal),2022-12-17,18:00:00,9,4,5,F1052
570,F105 (vlak overr brug over kanaal),2022-12-17,19:00:00,6,3,3,F1052
570,F105 (vlak overr brug over kanaal),2022-12-17,20:00:00,1,1,0,F1052
570,F105 (vlak overr brug over kanaal),2022-12-17,21:00:00,1,0,1,F1052
570,F105 (vlak overr brug over kanaal),2022-12-17,22:00:00,6,0,6,F1052
570,F105 (vlak overr brug over kanaal),2022-12-17,23:00:00,1,0,1,F1052
570,F105 (vlak overr brug over kanaal),2022-12-18,00:00:00,2,0,2,F1052
570,F105 (vlak overr brug over kanaal),2022-12-18,01:00:00,1,0,1,F1052
570,F105 (vlak overr brug over kanaal),2022-12-18,02:00:00,0,0,0,F1052
570,F105 (vlak overr brug over kanaal),2022-12-18,03:00:00,1,1,0,F1052
570,F105 (vlak overr brug over kanaal),2022-12-18,04:00:00,0,0,0,F1052
570,F105 (vlak overr brug over kanaal),2022-12-18,05:00:00,2,0,2,F1052
570,F105 (vlak overr brug over kanaal),2022-12-18,06:00:00,1,1,0,F1052
570,F105 (vlak overr brug over kanaal),2022-12-18,07:00:00,2,0,2,F1052
570,F105 (vlak overr brug over kanaal),2022-12-18,08:00:00,5,4,1,F1052
570,F105 (vlak overr brug over kanaal),2022-12-18,09:00:00,3,3,0,F1052
570,F105 (vlak overr brug over kanaal),2022-12-18,10:00:00,1,0,1,F1052
570,F105 (vlak overr brug over kanaal),2022-12-18,11:00:00,14,5,9,F1052
570,F105 (vlak overr brug over kanaal),2022-12-18,12:00:00,2,1,1,F1052
570,F105 (vlak overr brug over kanaal),2022-12-18,13:00:00,6,2,4,F1052
570,F105 (vlak overr brug over kanaal),2022-12-18,14:00:00,7,2,5,F1052
570,F105 (vlak overr brug over kanaal),2022-12-18,15:00:00,15,7,8,F1052
570,F105 (vlak overr brug over kanaal),2022-12-18,16:00:00,6,2,4,F1052
570,F105 (vlak overr brug over kanaal),2022-12-18,17:00:00,7,5,2,F1052
570,F105 (vlak overr brug over kanaal),2022-12-18,18:00:00,2,0,2,F1052
570,F105 (vlak overr brug over kanaal),2022-12-18,19:00:00,5,2,3,F1052
570,F105 (vlak overr brug over kanaal),2022-12-18,20:00:00,3,1,2,F1052
570,F105 (vlak overr brug over kanaal),2022-12-18,21:00:00,1,1,0,F1052
570,F105 (vlak overr brug over kanaal),2022-12-18,22:00:00,4,0,4,F1052
570,F105 (vlak overr brug over kanaal),2022-12-18,23:00:00,1,1,0,F1052
570,F105 (vlak overr brug over kanaal),2022-12-19,00:00:00,0,0,0,F1052
570,F105 (vlak overr brug over kanaal),2022-12-19,01:00:00,0,0,0,F1052
570,F105 (vlak overr brug over kanaal),2022-12-19,02:00:00,0,0,0,F1052
570,F105 (vlak overr brug over kanaal),2022-12-19,03:00:00,0,0,0,F1052
570,F105 (vlak overr brug over kanaal),2022-12-19,04:00:00,1,1,0,F1052
570,F105 (vlak overr brug over kanaal),2022-12-19,05:00:00,5,1,4,F1052
570,F105 (vlak overr brug over kanaal),2022-12-19,06:00:00,12,7,5,F1052
570,F105 (vlak overr brug over kanaal),2022-12-19,07:00:00,41,24,17,F1052
570,F105 (vlak overr brug over kanaal),2022-12-19,08:00:00,40,23,17,F1052
570,F105 (vlak overr brug over kanaal),2022-12-19,09:00:00,21,14,7,F1052
570,F105 (vlak overr brug over kanaal),2022-12-19,10:00:00,18,9,9,F1052
570,F105 (vlak overr brug over kanaal),2022-12-19,11:00:00,16,3,13,F1052
570,F105 (vlak overr brug over kanaal),2022-12-19,12:00:00,22,9,13,F1052
570,F105 (vlak overr brug over kanaal),2022-12-19,13:00:00,30,19,11,F1052
570,F105 (vlak overr brug over kanaal),2022-12-19,14:00:00,32,19,13,F1052
570,F105 (vlak overr brug over kanaal),2022-12-19,15:00:00,26,14,12,F1052
570,F105 (vlak overr brug over kanaal),2022-12-19,16:00:00,31,15,16,F1052
570,F105 (vlak overr brug over kanaal),2022-12-19,17:00:00,20,12,8,F1052
570,F105 (vlak overr brug over kanaal),2022-12-19,18:00:00,15,4,11,F1052
570,F105 (vlak overr brug over kanaal),2022-12-19,19:00:00,3,2,1,F1052
570,F105 (vlak overr brug over kanaal),2022-12-19,20:00:00,4,2,2,F1052
570,F105 (vlak overr brug over kanaal),2022-12-19,21:00:00,7,3,4,F1052
570,F105 (vlak overr brug over kanaal),2022-12-19,22:00:00,8,4,4,F1052
570,F105 (vlak overr brug over kanaal),2022-12-19,23:00:00,3,0,3,F1052
570,F105 (vlak overr brug over kanaal),2022-12-20,00:00:00,0,0,0,F1052
570,F105 (vlak overr brug over kanaal),2022-12-20,01:00:00,0,0,0,F1052
570,F105 (vlak overr brug over kanaal),2022-12-20,02:00:00,0,0,0,F1052
570,F105 (vlak overr brug over kanaal),2022-12-20,03:00:00,0,0,0,F1052
570,F105 (vlak overr brug over kanaal),2022-12-20,04:00:00,1,1,0,F1052
570,F105 (vlak overr brug over kanaal),2022-12-20,05:00:00,11,3,8,F1052
570,F105 (vlak overr brug over kanaal),2022-12-20,06:00:00,22,11,11,F1052
570,F105 (vlak overr brug over kanaal),2022-12-20,07:00:00,58,37,21,F1052
570,F105 (vlak overr brug over kanaal),2022-12-20,08:00:00,47,33,14,F1052
570,F105 (vlak overr brug over kanaal),2022-12-20,09:00:00,14,4,10,F1052
570,F105 (vlak overr brug over kanaal),2022-12-20,10:00:00,19,4,15,F1052
570,F105 (vlak overr brug over kanaal),2022-12-20,11:00:00,10,2,8,F1052
570,F105 (vlak overr brug over kanaal),2022-12-20,12:00:00,22,10,12,F1052
570,F105 (vlak overr brug over kanaal),2022-12-20,13:00:00,29,9,20,F1052
570,F105 (vlak overr brug over kanaal),2022-12-20,14:00:00,12,6,6,F1052
570,F105 (vlak overr brug over kanaal),2022-12-20,15:00:00,25,15,10,F1052
570,F105 (vlak overr brug over kanaal),2022-12-20,16:00:00,39,12,27,F1052
570,F105 (vlak overr brug over kanaal),2022-12-20,17:00:00,28,11,17,F1052
570,F105 (vlak overr brug over kanaal),2022-12-20,18:00:00,5,3,2,F1052
570,F105 (vlak overr brug over kanaal),2022-12-20,19:00:00,0,0,0,F1052
570,F105 (vlak overr brug over kanaal),2022-12-20,20:00:00,6,3,3,F1052
570,F105 (vlak overr brug over kanaal),2022-12-20,21:00:00,7,6,1,F1052
570,F105 (vlak overr brug over kanaal),2022-12-20,22:00:00,8,4,4,F1052
570,F105 (vlak overr brug over kanaal),2022-12-20,23:00:00,1,0,1,F1052
570,F105 (vlak overr brug over kanaal),2022-12-21,00:00:00,1,1,0,F1052
570,F105 (vlak overr brug over kanaal),2022-12-21,01:00:00,0,0,0,F1052
570,F105 (vlak overr brug over kanaal),2022-12-21,02:00:00,1,0,1,F1052
570,F105 (vlak overr brug over kanaal),2022-12-21,03:00:00,0,0,0,F1052
570,F105 (vlak overr brug over kanaal),2022-12-21,04:00:00,1,1,0,F1052
570,F105 (vlak overr brug over kanaal),2022-12-21,05:00:00,16,4,12,F1052
570,F105 (vlak overr brug over kanaal),2022-12-21,06:00:00,21,11,10,F1052
570,F105 (vlak overr brug over kanaal),2022-12-21,07:00:00,46,29,17,F1052
570,F105 (vlak overr brug over kanaal),2022-12-21,08:00:00,28,18,10,F1052
570,F105 (vlak overr brug over kanaal),2022-12-21,09:00:00,30,18,12,F1052
570,F105 (vlak overr brug over kanaal),2022-12-21,10:00:00,30,14,16,F1052
570,F105 (vlak overr brug over kanaal),2022-12-21,11:00:00,42,17,25,F1052
570,F105 (vlak overr brug over kanaal),2022-12-21,12:00:00,51,20,31,F1052
570,F105 (vlak overr brug over kanaal),2022-12-21,13:00:00,43,20,23,F1052
570,F105 (vlak overr brug over kanaal),2022-12-21,14:00:00,62,28,34,F1052
570,F105 (vlak overr brug over kanaal),2022-12-21,15:00:00,28,16,12,F1052
570,F105 (vlak overr brug over kanaal),2022-12-21,16:00:00,45,22,23,F1052
570,F105 (vlak overr brug over kanaal),2022-12-21,17:00:00,31,12,19,F1052
570,F105 (vlak overr brug over kanaal),2022-12-21,18:00:00,14,4,10,F1052
570,F105 (vlak overr brug over kanaal),2022-12-21,19:00:00,6,5,1,F1052
570,F105 (vlak overr brug over kanaal),2022-12-21,20:00:00,9,6,3,F1052
570,F105 (vlak overr brug over kanaal),2022-12-21,21:00:00,8,2,6,F1052
570,F105 (vlak overr brug over kanaal),2022-12-21,22:00:00,11,6,5,F1052
570,F105 (vlak overr brug over kanaal),2022-12-21,23:00:00,6,0,6,F1052
570,F105 (vlak overr brug over kanaal),2022-12-22,00:00:00,0,0,0,F1052
570,F105 (vlak overr brug over kanaal),2022-12-22,01:00:00,0,0,0,F1052
570,F105 (vlak overr brug over kanaal),2022-12-22,02:00:00,0,0,0,F1052
570,F105 (vlak overr brug over kanaal),2022-12-22,03:00:00,0,0,0,F1052
570,F105 (vlak overr brug over kanaal),2022-12-22,04:00:00,1,1,0,F1052
570,F105 (vlak overr brug over kanaal),2022-12-22,05:00:00,10,3,7,F1052
570,F105 (vlak overr brug over kanaal),2022-12-22,06:00:00,13,5,8,F1052
570,F105 (vlak overr brug over kanaal),2022-12-22,07:00:00,29,22,7,F1052
570,F105 (vlak overr brug over kanaal),2022-12-22,08:00:00,32,18,14,F1052
570,F105 (vlak overr brug over kanaal),2022-12-22,09:00:00,23,13,10,F1052
570,F105 (vlak overr brug over kanaal),2022-12-22,10:00:00,27,13,14,F1052
570,F105 (vlak overr brug over kanaal),2022-12-22,11:00:00,28,19,9,F1052
570,F105 (vlak overr brug over kanaal),2022-12-22,12:00:00,23,15,8,F1052
570,F105 (vlak overr brug over kanaal),2022-12-22,13:00:00,35,14,21,F1052
570,F105 (vlak overr brug over kanaal),2022-12-22,14:00:00,28,14,14,F1052
570,F105 (vlak overr brug over kanaal),2022-12-22,15:00:00,20,8,12,F1052
570,F105 (vlak overr brug over kanaal),2022-12-22,16:00:00,24,12,12,F1052
570,F105 (vlak overr brug over kanaal),2022-12-22,17:00:00,21,5,16,F1052
570,F105 (vlak overr brug over kanaal),2022-12-22,18:00:00,16,7,9,F1052
570,F105 (vlak overr brug over kanaal),2022-12-22,19:00:00,5,0,5,F1052
570,F105 (vlak overr brug over kanaal),2022-12-22,20:00:00,2,1,1,F1052
570,F105 (vlak overr brug over kanaal),2022-12-22,21:00:00,8,4,4,F1052
570,F105 (vlak overr brug over kanaal),2022-12-22,22:00:00,6,2,4,F1052
570,F105 (vlak overr brug over kanaal),2022-12-22,23:00:00,2,0,2,F1052
570,F105 (vlak overr brug over kanaal),2022-12-23,00:00:00,0,0,0,F1052
570,F105 (vlak overr brug over kanaal),2022-12-23,01:00:00,2,1,1,F1052
570,F105 (vlak overr brug over kanaal),2022-12-23,02:00:00,0,0,0,F1052
570,F105 (vlak overr brug over kanaal),2022-12-23,03:00:00,0,0,0,F1052
570,F105 (vlak overr brug over kanaal),2022-12-23,04:00:00,4,2,2,F1052
570,F105 (vlak overr brug over kanaal),2022-12-23,05:00:00,8,2,6,F1052
570,F105 (vlak overr brug over kanaal),2022-12-23,06:00:00,10,4,6,F1052
570,F105 (vlak overr brug over kanaal),2022-12-23,07:00:00,26,13,13,F1052
570,F105 (vlak overr brug over kanaal),2022-12-23,08:00:00,32,15,17,F1052
570,F105 (vlak overr brug over kanaal),2022-12-23,09:00:00,33,24,9,F1052
570,F105 (vlak overr brug over kanaal),2022-12-23,10:00:00,24,11,13,F1052
570,F105 (vlak overr brug over kanaal),2022-12-23,11:00:00,17,7,10,F1052
570,F105 (vlak overr brug over kanaal),2022-12-23,12:00:00,13,6,7,F1052
570,F105 (vlak overr brug over kanaal),2022-12-23,13:00:00,6,4,2,F1052
570,F105 (vlak overr brug over kanaal),2022-12-23,14:00:00,11,6,5,F1052
570,F105 (vlak overr brug over kanaal),2022-12-23,15:00:00,21,14,7,F1052
570,F105 (vlak overr brug over kanaal),2022-12-23,16:00:00,12,5,7,F1052
570,F105 (vlak overr brug over kanaal),2022-12-23,17:00:00,20,9,11,F1052
570,F105 (vlak overr brug over kanaal),2022-12-23,18:00:00,14,6,8,F1052
570,F105 (vlak overr brug over kanaal),2022-12-23,19:00:00,15,6,9,F1052
570,F105 (vlak overr brug over kanaal),2022-12-23,20:00:00,6,3,3,F1052
570,F105 (vlak overr brug over kanaal),2022-12-23,21:00:00,10,2,8,F1052
570,F105 (vlak overr brug over kanaal),2022-12-23,22:00:00,7,5,2,F1052
570,F105 (vlak overr brug over kanaal),2022-12-23,23:00:00,5,1,4,F1052
570,F105 (vlak overr brug over kanaal),2022-12-24,00:00:00,3,2,1,F1052
570,F105 (vlak overr brug over kanaal),2022-12-24,01:00:00,1,1,0,F1052
570,F105 (vlak overr brug over kanaal),2022-12-24,02:00:00,3,1,2,F1052
570,F105 (vlak overr brug over kanaal),2022-12-24,03:00:00,2,2,0,F1052
570,F105 (vlak overr brug over kanaal),2022-12-24,04:00:00,0,0,0,F1052
570,F105 (vlak overr brug over kanaal),2022-12-24,05:00:00,4,0,4,F1052
570,F105 (vlak overr brug over kanaal),2022-12-24,06:00:00,6,4,2,F1052
570,F105 (vlak overr brug over kanaal),2022-12-24,07:00:00,3,1,2,F1052
570,F105 (vlak overr brug over kanaal),2022-12-24,08:00:00,5,5,0,F1052
570,F105 (vlak overr brug over kanaal),2022-12-24,09:00:00,13,8,5,F1052
570,F105 (vlak overr brug over kanaal),2022-12-24,10:00:00,27,13,14,F1052
570,F105 (vlak overr brug over kanaal),2022-12-24,11:00:00,26,9,17,F1052
570,F105 (vlak overr brug over kanaal),2022-12-24,12:00:00,27,15,12,F1052
570,F105 (vlak overr brug over kanaal),2022-12-24,13:00:00,46,17,29,F1052
570,F105 (vlak overr brug over kanaal),2022-12-24,14:00:00,47,19,28,F1052
570,F105 (vlak overr brug over kanaal),2022-12-24,15:00:00,29,15,14,F1052
570,F105 (vlak overr brug over kanaal),2022-12-24,16:00:00,9,4,5,F1052
570,F105 (vlak overr brug over kanaal),2022-12-24,17:00:00,6,3,3,F1052
570,F105 (vlak overr brug over kanaal),2022-12-24,18:00:00,0,0,0,F1052
570,F105 (vlak overr brug over kanaal),2022-12-24,19:00:00,1,1,0,F1052
570,F105 (vlak overr brug over kanaal),2022-12-24,20:00:00,2,1,1,F1052
570,F105 (vlak overr brug over kanaal),2022-12-24,21:00:00,5,3,2,F1052
570,F105 (vlak overr brug over kanaal),2022-12-24,22:00:00,3,0,3,F1052
570,F105 (vlak overr brug over kanaal),2022-12-24,23:00:00,4,3,1,F1052
570,F105 (vlak overr brug over kanaal),2022-12-25,00:00:00,1,0,1,F1052
570,F105 (vlak overr brug over kanaal),2022-12-25,01:00:00,1,0,1,F1052
570,F105 (vlak overr brug over kanaal),2022-12-25,02:00:00,0,0,0,F1052
570,F105 (vlak overr brug over kanaal),2022-12-25,03:00:00,0,0,0,F1052
570,F105 (vlak overr brug over kanaal),2022-12-25,04:00:00,0,0,0,F1052
570,F105 (vlak overr brug over kanaal),2022-12-25,05:00:00,2,0,2,F1052
570,F105 (vlak overr brug over kanaal),2022-12-25,06:00:00,4,3,1,F1052
570,F105 (vlak overr brug over kanaal),2022-12-25,07:00:00,3,2,1,F1052
570,F105 (vlak overr brug over kanaal),2022-12-25,08:00:00,3,2,1,F1052
570,F105 (vlak overr brug over kanaal),2022-12-25,09:00:00,4,4,0,F1052
570,F105 (vlak overr brug over kanaal),2022-12-25,10:00:00,3,3,0,F1052
570,F105 (vlak overr brug over kanaal),2022-12-25,11:00:00,6,4,2,F1052
570,F105 (vlak overr brug over kanaal),2022-12-25,12:00:00,6,0,6,F1052
570,F105 (vlak overr brug over kanaal),2022-12-25,13:00:00,5,2,3,F1052
570,F105 (vlak overr brug over kanaal),2022-12-25,14:00:00,4,4,0,F1052
570,F105 (vlak overr brug over kanaal),2022-12-25,15:00:00,1,0,1,F1052
570,F105 (vlak overr brug over kanaal),2022-12-25,16:00:00,0,0,0,F1052
570,F105 (vlak overr brug over kanaal),2022-12-25,17:00:00,2,1,1,F1052
570,F105 (vlak overr brug over kanaal),2022-12-25,18:00:00,2,0,2,F1052
570,F105 (vlak overr brug over kanaal),2022-12-25,19:00:00,3,2,1,F1052
570,F105 (vlak overr brug over kanaal),2022-12-25,20:00:00,3,2,1,F1052
570,F105 (vlak overr brug over kanaal),2022-12-25,21:00:00,2,0,2,F1052
570,F105 (vlak overr brug over kanaal),2022-12-25,22:00:00,0,0,0,F1052
570,F105 (vlak overr brug over kanaal),2022-12-25,23:00:00,2,2,0,F1052
570,F105 (vlak overr brug over kanaal),2022-12-26,00:00:00,0,0,0,F1052
570,F105 (vlak overr brug over kanaal),2022-12-26,01:00:00,0,0,0,F1052
570,F105 (vlak overr brug over kanaal),2022-12-26,02:00:00,0,0,0,F1052
570,F105 (vlak overr brug over kanaal),2022-12-26,03:00:00,0,0,0,F1052
570,F105 (vlak overr brug over kanaal),2022-12-26,04:00:00,0,0,0,F1052
570,F105 (vlak overr brug over kanaal),2022-12-26,05:00:00,6,2,4,F1052
570,F105 (vlak overr brug over kanaal),2022-12-26,06:00:00,5,4,1,F1052
570,F105 (vlak overr brug over kanaal),2022-12-26,07:00:00,8,5,3,F1052
570,F105 (vlak overr brug over kanaal),2022-12-26,08:00:00,4,4,0,F1052
570,F105 (vlak overr brug over kanaal),2022-12-26,09:00:00,11,6,5,F1052
570,F105 (vlak overr brug over kanaal),2022-12-26,10:00:00,13,11,2,F1052
570,F105 (vlak overr brug over kanaal),2022-12-26,11:00:00,16,10,6,F1052
570,F105 (vlak overr brug over kanaal),2022-12-26,12:00:00,13,7,6,F1052
570,F105 (vlak overr brug over kanaal),2022-12-26,13:00:00,18,8,10,F1052
570,F105 (vlak overr brug over kanaal),2022-12-26,14:00:00,25,12,13,F1052
570,F105 (vlak overr brug over kanaal),2022-12-26,15:00:00,26,9,17,F1052
570,F105 (vlak overr brug over kanaal),2022-12-26,16:00:00,20,9,11,F1052
570,F105 (vlak overr brug over kanaal),2022-12-26,17:00:00,16,8,8,F1052
570,F105 (vlak overr brug over kanaal),2022-12-26,18:00:00,8,2,6,F1052
570,F105 (vlak overr brug over kanaal),2022-12-26,19:00:00,8,3,5,F1052
570,F105 (vlak overr brug over kanaal),2022-12-26,20:00:00,4,1,3,F1052
570,F105 (vlak overr brug over kanaal),2022-12-26,21:00:00,10,5,5,F1052
570,F105 (vlak overr brug over kanaal),2022-12-26,22:00:00,6,4,2,F1052
570,F105 (vlak overr brug over kanaal),2022-12-26,23:00:00,6,3,3,F1052
570,F105 (vlak overr brug over kanaal),2022-12-27,00:00:00,1,0,1,F1052
570,F105 (vlak overr brug over kanaal),2022-12-27,01:00:00,1,1,0,F1052
570,F105 (vlak overr brug over kanaal),2022-12-27,02:00:00,0,0,0,F1052
570,F105 (vlak overr brug over kanaal),2022-12-27,03:00:00,1,1,0,F1052
570,F105 (vlak overr brug over kanaal),2022-12-27,04:00:00,0,0,0,F1052
570,F105 (vlak overr brug over kanaal),2022-12-27,05:00:00,14,3,11,F1052
570,F105 (vlak overr brug over kanaal),2022-12-27,06:00:00,10,5,5,F1052
570,F105 (vlak overr brug over kanaal),2022-12-27,07:00:00,22,10,12,F1052
570,F105 (vlak overr brug over kanaal),2022-12-27,08:00:00,11,6,5,F1052
570,F105 (vlak overr brug over kanaal),2022-12-27,09:00:00,16,11,5,F1052
570,F105 (vlak overr brug over kanaal),2022-12-27,10:00:00,24,16,8,F1052
570,F105 (vlak overr brug over kanaal),2022-12-27,11:00:00,22,6,16,F1052
570,F105 (vlak overr brug over kanaal),2022-12-27,12:00:00,39,18,21,F1052
570,F105 (vlak overr brug over kanaal),2022-12-27,13:00:00,53,39,14,F1052
570,F105 (vlak overr brug over kanaal),2022-12-27,14:00:00,40,18,22,F1052
570,F105 (vlak overr brug over kanaal),2022-12-27,15:00:00,39,23,16,F1052
570,F105 (vlak overr brug over kanaal),2022-12-27,16:00:00,35,13,22,F1052
570,F105 (vlak overr brug over kanaal),2022-12-27,17:00:00,20,10,10,F1052
570,F105 (vlak overr brug over kanaal),2022-12-27,18:00:00,13,5,8,F1052
570,F105 (vlak overr brug over kanaal),2022-12-27,19:00:00,10,5,5,F1052
570,F105 (vlak overr brug over kanaal),2022-12-27,20:00:00,6,3,3,F1052
570,F105 (vlak overr brug over kanaal),2022-12-27,21:00:00,6,3,3,F1052
570,F105 (vlak overr brug over kanaal),2022-12-27,22:00:00,4,2,2,F1052
570,F105 (vlak overr brug over kanaal),2022-12-27,23:00:00,2,1,1,F1052
570,F105 (vlak overr brug over kanaal),2022-12-28,00:00:00,3,0,3,F1052
570,F105 (vlak overr brug over kanaal),2022-12-28,01:00:00,0,0,0,F1052
570,F105 (vlak overr brug over kanaal),2022-12-28,02:00:00,0,0,0,F1052
570,F105 (vlak overr brug over kanaal),2022-12-28,03:00:00,0,0,0,F1052
570,F105 (vlak overr brug over kanaal),2022-12-28,04:00:00,0,0,0,F1052
570,F105 (vlak overr brug over kanaal),2022-12-28,05:00:00,8,2,6,F1052
570,F105 (vlak overr brug over kanaal),2022-12-28,06:00:00,6,2,4,F1052
570,F105 (vlak overr brug over kanaal),2022-12-28,07:00:00,17,9,8,F1052
570,F105 (vlak overr brug over kanaal),2022-12-28,08:00:00,11,7,4,F1052
570,F105 (vlak overr brug over kanaal),2022-12-28,09:00:00,11,7,4,F1052
570,F105 (vlak overr brug over kanaal),2022-12-28,10:00:00,8,4,4,F1052
570,F105 (vlak overr brug over kanaal),2022-12-28,11:00:00,6,4,2,F1052
570,F105 (vlak overr brug over kanaal),2022-12-28,12:00:00,7,4,3,F1052
570,F105 (vlak overr brug over kanaal),2022-12-28,13:00:00,21,11,10,F1052
570,F105 (vlak overr brug over kanaal),2022-12-28,14:00:00,16,10,6,F1052
570,F105 (vlak overr brug over kanaal),2022-12-28,15:00:00,13,6,7,F1052
570,F105 (vlak overr brug over kanaal),2022-12-28,16:00:00,12,5,7,F1052
570,F105 (vlak overr brug over kanaal),2022-12-28,17:00:00,11,7,4,F1052
570,F105 (vlak overr brug over kanaal),2022-12-28,18:00:00,7,3,4,F1052
570,F105 (vlak overr brug over kanaal),2022-12-28,19:00:00,2,1,1,F1052
570,F105 (vlak overr brug over kanaal),2022-12-28,20:00:00,4,3,1,F1052
570,F105 (vlak overr brug over kanaal),2022-12-28,21:00:00,4,2,2,F1052
570,F105 (vlak overr brug over kanaal),2022-12-28,22:00:00,5,2,3,F1052
570,F105 (vlak overr brug over kanaal),2022-12-28,23:00:00,3,1,2,F1052
570,F105 (vlak overr brug over kanaal),2022-12-29,00:00:00,1,0,1,F1052
570,F105 (vlak overr brug over kanaal),2022-12-29,01:00:00,1,0,1,F1052
570,F105 (vlak overr brug over kanaal),2022-12-29,02:00:00,1,0,1,F1052
570,F105 (vlak overr brug over kanaal),2022-12-29,03:00:00,0,0,0,F1052
570,F105 (vlak overr brug over kanaal),2022-12-29,04:00:00,0,0,0,F1052
570,F105 (vlak overr brug over kanaal),2022-12-29,05:00:00,10,1,9,F1052
570,F105 (vlak overr brug over kanaal),2022-12-29,06:00:00,7,3,4,F1052
570,F105 (vlak overr brug over kanaal),2022-12-29,07:00:00,13,6,7,F1052
570,F105 (vlak overr brug over kanaal),2022-12-29,08:00:00,6,4,2,F1052
570,F105 (vlak overr brug over kanaal),2022-12-29,09:00:00,13,10,3,F1052
570,F105 (vlak overr brug over kanaal),2022-12-29,10:00:00,11,6,5,F1052
570,F105 (vlak overr brug over kanaal),2022-12-29,11:00:00,6,1,5,F1052
570,F105 (vlak overr brug over kanaal),2022-12-29,12:00:00,17,8,9,F1052
570,F105 (vlak overr brug over kanaal),2022-12-29,13:00:00,18,9,9,F1052
570,F105 (vlak overr brug over kanaal),2022-12-29,14:00:00,18,13,5,F1052
570,F105 (vlak overr brug over kanaal),2022-12-29,15:00:00,18,11,7,F1052
570,F105 (vlak overr brug over kanaal),2022-12-29,16:00:00,17,8,9,F1052
570,F105 (vlak overr brug over kanaal),2022-12-29,17:00:00,12,5,7,F1052
570,F105 (vlak overr brug over kanaal),2022-12-29,18:00:00,8,3,5,F1052
570,F105 (vlak overr brug over kanaal),2022-12-29,19:00:00,6,3,3,F1052
570,F105 (vlak overr brug over kanaal),2022-12-29,20:00:00,4,2,2,F1052
570,F105 (vlak overr brug over kanaal),2022-12-29,21:00:00,6,3,3,F1052
570,F105 (vlak overr brug over kanaal),2022-12-29,22:00:00,5,3,2,F1052
570,F105 (vlak overr brug over kanaal),2022-12-29,23:00:00,3,1,2,F1052
570,F105 (vlak overr brug over kanaal),2022-12-30,00:00:00,2,2,0,F1052
570,F105 (vlak overr brug over kanaal),2022-12-30,01:00:00,2,0,2,F1052
570,F105 (vlak overr brug over kanaal),2022-12-30,02:00:00,0,0,0,F1052
570,F105 (vlak overr brug over kanaal),2022-12-30,03:00:00,1,0,1,F1052
570,F105 (vlak overr brug over kanaal),2022-12-30,04:00:00,1,1,0,F1052
570,F105 (vlak overr brug over kanaal),2022-12-30,05:00:00,6,2,4,F1052
570,F105 (vlak overr brug over kanaal),2022-12-30,06:00:00,5,3,2,F1052
570,F105 (vlak overr brug over kanaal),2022-12-30,07:00:00,15,11,4,F1052
570,F105 (vlak overr brug over kanaal),2022-12-30,08:00:00,12,8,4,F1052
570,F105 (vlak overr brug over kanaal),2022-12-30,09:00:00,13,8,5,F1052
570,F105 (vlak overr brug over kanaal),2022-12-30,10:00:00,27,18,9,F1052
570,F105 (vlak overr brug over kanaal),2022-12-30,11:00:00,33,12,21,F1052
570,F105 (vlak overr brug over kanaal),2022-12-30,12:00:00,16,8,8,F1052
570,F105 (vlak overr brug over kanaal),2022-12-30,13:00:00,7,4,3,F1052
570,F105 (vlak overr brug over kanaal),2022-12-30,14:00:00,6,3,3,F1052
570,F105 (vlak overr brug over kanaal),2022-12-30,15:00:00,13,7,6,F1052
570,F105 (vlak overr brug over kanaal),2022-12-30,16:00:00,9,3,6,F1052
570,F105 (vlak overr brug over kanaal),2022-12-30,17:00:00,8,3,5,F1052
570,F105 (vlak overr brug over kanaal),2022-12-30,18:00:00,5,1,4,F1052
570,F105 (vlak overr brug over kanaal),2022-12-30,19:00:00,8,4,4,F1052
570,F105 (vlak overr brug over kanaal),2022-12-30,20:00:00,7,4,3,F1052
570,F105 (vlak overr brug over kanaal),2022-12-30,21:00:00,2,0,2,F1052
570,F105 (vlak overr brug over kanaal),2022-12-30,22:00:00,2,1,1,F1052
570,F105 (vlak overr brug over kanaal),2022-12-30,23:00:00,4,2,2,F1052
570,F105 (vlak overr brug over kanaal),2022-12-31,00:00:00,1,1,0,F1052
570,F105 (vlak overr brug over kanaal),2022-12-31,01:00:00,0,0,0,F1052
570,F105 (vlak overr brug over kanaal),2022-12-31,02:00:00,0,0,0,F1052
570,F105 (vlak overr brug over kanaal),2022-12-31,03:00:00,0,0,0,F1052
570,F105 (vlak overr brug over kanaal),2022-12-31,04:00:00,1,0,1,F1052
570,F105 (vlak overr brug over kanaal),2022-12-31,05:00:00,1,0,1,F1052
570,F105 (vlak overr brug over kanaal),2022-12-31,06:00:00,3,2,1,F1052
570,F105 (vlak overr brug over kanaal),2022-12-31,07:00:00,3,2,1,F1052
570,F105 (vlak overr brug over kanaal),2022-12-31,08:00:00,3,3,0,F1052
570,F105 (vlak overr brug over kanaal),2022-12-31,09:00:00,4,2,2,F1052
570,F105 (vlak overr brug over kanaal),2022-12-31,10:00:00,5,4,1,F1052
570,F105 (vlak overr brug over kanaal),2022-12-31,11:00:00,5,3,2,F1052
570,F105 (vlak overr brug over kanaal),2022-12-31,12:00:00,13,8,5,F1052
570,F105 (vlak overr brug over kanaal),2022-12-31,13:00:00,6,4,2,F1052
570,F105 (vlak overr brug over kanaal),2022-12-31,14:00:00,10,4,6,F1052
570,F105 (vlak overr brug over kanaal),2022-12-31,15:00:00,11,5,6,F1052
570,F105 (vlak overr brug over kanaal),2022-12-31,16:00:00,31,21,10,F1052
570,F105 (vlak overr brug over kanaal),2022-12-31,17:00:00,13,6,7,F1052
570,F105 (vlak overr brug over kanaal),2022-12-31,18:00:00,13,2,11,F1052
570,F105 (vlak overr brug over kanaal),2022-12-31,19:00:00,4,2,2,F1052
570,F105 (vlak overr brug over kanaal),2022-12-31,20:00:00,7,5,2,F1052
570,F105 (vlak overr brug over kanaal),2022-12-31,21:00:00,7,4,3,F1052
570,F105 (vlak overr brug over kanaal),2022-12-31,22:00:00,12,4,8,F1052
570,F105 (vlak overr brug over kanaal),2022-12-31,23:00:00,18,0,18,F1052
570,F105 (vlak overr brug over kanaal),2023-01-01,00:00:00,5,0,5,F1052
570,F105 (vlak overr brug over kanaal),2023-01-01,01:00:00,3,0,3,F1052
570,F105 (vlak overr brug over kanaal),2023-01-01,02:00:00,5,3,2,F1052
570,F105 (vlak overr brug over kanaal),2023-01-01,03:00:00,11,2,9,F1052
570,F105 (vlak overr brug over kanaal),2023-01-01,04:00:00,3,2,1,F1052
570,F105 (vlak overr brug over kanaal),2023-01-01,05:00:00,0,0,0,F1052
570,F105 (vlak overr brug over kanaal),2023-01-01,06:00:00,3,3,0,F1052
570,F105 (vlak overr brug over kanaal),2023-01-01,07:00:00,1,0,1,F1052
570,F105 (vlak overr brug over kanaal),2023-01-01,08:00:00,5,4,1,F1052
570,F105 (vlak overr brug over kanaal),2023-01-01,09:00:00,9,7,2,F1052
570,F105 (vlak overr brug over kanaal),2023-01-01,10:00:00,32,18,14,F1052
570,F105 (vlak overr brug over kanaal),2023-01-01,11:00:00,21,12,9,F1052
570,F105 (vlak overr brug over kanaal),2023-01-01,12:00:00,17,9,8,F1052
570,F105 (vlak overr brug over kanaal),2023-01-01,13:00:00,34,19,15,F1052
570,F105 (vlak overr brug over kanaal),2023-01-01,14:00:00,28,11,17,F1052
570,F105 (vlak overr brug over kanaal),2023-01-01,15:00:00,15,4,11,F1052
570,F105 (vlak overr brug over kanaal),2023-01-01,16:00:00,9,6,3,F1052
570,F105 (vlak overr brug over kanaal),2023-01-01,17:00:00,8,3,5,F1052
570,F105 (vlak overr brug over kanaal),2023-01-01,18:00:00,3,1,2,F1052
570,F105 (vlak overr brug over kanaal),2023-01-01,19:00:00,1,0,1,F1052
570,F105 (vlak overr brug over kanaal),2023-01-01,20:00:00,3,1,2,F1052
570,F105 (vlak overr brug over kanaal),2023-01-01,21:00:00,1,0,1,F1052
570,F105 (vlak overr brug over kanaal),2023-01-01,22:00:00,3,1,2,F1052
570,F105 (vlak overr brug over kanaal),2023-01-01,23:00:00,0,0,0,F1052
570,F105 (vlak overr brug over kanaal),2023-01-02,00:00:00,2,2,0,F1052
570,F105 (vlak overr brug over kanaal),2023-01-02,01:00:00,0,0,0,F1052
570,F105 (vlak overr brug over kanaal),2023-01-02,02:00:00,0,0,0,F1052
570,F105 (vlak overr brug over kanaal),2023-01-02,03:00:00,0,0,0,F1052
570,F105 (vlak overr brug over kanaal),2023-01-02,04:00:00,0,0,0,F1052
570,F105 (vlak overr brug over kanaal),2023-01-02,05:00:00,7,3,4,F1052
570,F105 (vlak overr brug over kanaal),2023-01-02,06:00:00,9,4,5,F1052
570,F105 (vlak overr brug over kanaal),2023-01-02,07:00:00,8,6,2,F1052
570,F105 (vlak overr brug over kanaal),2023-01-02,08:00:00,6,5,1,F1052
570,F105 (vlak overr brug over kanaal),2023-01-02,09:00:00,10,4,6,F1052
570,F105 (vlak overr brug over kanaal),2023-01-02,10:00:00,12,5,7,F1052
570,F105 (vlak overr brug over kanaal),2023-01-02,11:00:00,15,10,5,F1052
570,F105 (vlak overr brug over kanaal),2023-01-02,12:00:00,9,6,3,F1052
570,F105 (vlak overr brug over kanaal),2023-01-02,13:00:00,46,22,24,F1052
570,F105 (vlak overr brug over kanaal),2023-01-02,14:00:00,49,27,22,F1052
570,F105 (vlak overr brug over kanaal),2023-01-02,15:00:00,13,6,7,F1052
570,F105 (vlak overr brug over kanaal),2023-01-02,16:00:00,17,6,11,F1052
570,F105 (vlak overr brug over kanaal),2023-01-02,17:00:00,14,6,8,F1052
570,F105 (vlak overr brug over kanaal),2023-01-02,18:00:00,5,2,3,F1052
570,F105 (vlak overr brug over kanaal),2023-01-02,19:00:00,7,2,5,F1052
570,F105 (vlak overr brug over kanaal),2023-01-02,20:00:00,6,3,3,F1052
570,F105 (vlak overr brug over kanaal),2023-01-02,21:00:00,5,2,3,F1052
570,F105 (vlak overr brug over kanaal),2023-01-02,22:00:00,10,5,5,F1052
570,F105 (vlak overr brug over kanaal),2023-01-02,23:00:00,5,3,2,F1052
570,F105 (vlak overr brug over kanaal),2023-01-03,00:00:00,0,0,0,F1052
570,F105 (vlak overr brug over kanaal),2023-01-03,01:00:00,0,0,0,F1052
570,F105 (vlak overr brug over kanaal),2023-01-03,02:00:00,0,0,0,F1052
570,F105 (vlak overr brug over kanaal),2023-01-03,03:00:00,2,1,1,F1052
570,F105 (vlak overr brug over kanaal),2023-01-03,04:00:00,2,1,1,F1052
570,F105 (vlak overr brug over kanaal),2023-01-03,05:00:00,15,6,9,F1052
570,F105 (vlak overr brug over kanaal),2023-01-03,06:00:00,27,13,14,F1052
570,F105 (vlak overr brug over kanaal),2023-01-03,07:00:00,32,15,17,F1052
570,F105 (vlak overr brug over kanaal),2023-01-03,08:00:00,25,18,7,F1052
570,F105 (vlak overr brug over kanaal),2023-01-03,09:00:00,22,12,10,F1052
570,F105 (vlak overr brug over kanaal),2023-01-03,10:00:00,41,20,21,F1052
570,F105 (vlak overr brug over kanaal),2023-01-03,11:00:00,33,24,9,F1052
570,F105 (vlak overr brug over kanaal),2023-01-03,12:00:00,103,85,18,F1052
570,F105 (vlak overr brug over kanaal),2023-01-03,13:00:00,87,74,13,F1052
570,F105 (vlak overr brug over kanaal),2023-01-03,14:00:00,61,31,30,F1052
570,F105 (vlak overr brug over kanaal),2023-01-03,15:00:00,33,17,16,F1052
570,F105 (vlak overr brug over kanaal),2023-01-03,16:00:00,177,20,157,F1052
570,F105 (vlak overr brug over kanaal),2023-01-03,17:00:00,67,9,58,F1052
570,F105 (vlak overr brug over kanaal),2023-01-03,18:00:00,20,2,18,F1052
570,F105 (vlak overr brug over kanaal),2023-01-03,19:00:00,9,2,7,F1052
570,F105 (vlak overr brug over kanaal),2023-01-03,20:00:00,14,5,9,F1052
570,F105 (vlak overr brug over kanaal),2023-01-03,21:00:00,11,6,5,F1052
570,F105 (vlak overr brug over kanaal),2023-01-03,22:00:00,10,8,2,F1052
570,F105 (vlak overr brug over kanaal),2023-01-03,23:00:00,3,0,3,F1052
570,F105 (vlak overr brug over kanaal),2023-01-04,00:00:00,1,0,1,F1052
570,F105 (vlak overr brug over kanaal),2023-01-04,01:00:00,2,0,2,F1052
570,F105 (vlak overr brug over kanaal),2023-01-04,02:00:00,1,0,1,F1052
570,F105 (vlak overr brug over kanaal),2023-01-04,03:00:00,0,0,0,F1052
570,F105 (vlak overr brug over kanaal),2023-01-04,04:00:00,2,2,0,F1052
570,F105 (vlak overr brug over kanaal),2023-01-04,05:00:00,12,4,8,F1052
570,F105 (vlak overr brug over kanaal),2023-01-04,06:00:00,16,5,11,F1052
570,F105 (vlak overr brug over kanaal),2023-01-04,07:00:00,24,14,10,F1052
570,F105 (vlak overr brug over kanaal),2023-01-04,08:00:00,19,13,6,F1052
570,F105 (vlak overr brug over kanaal),2023-01-04,09:00:00,8,6,2,F1052
570,F105 (vlak overr brug over kanaal),2023-01-04,10:00:00,5,2,3,F1052
570,F105 (vlak overr brug over kanaal),2023-01-04,11:00:00,11,8,3,F1052
570,F105 (vlak overr brug over kanaal),2023-01-04,12:00:00,8,6,2,F1052
570,F105 (vlak overr brug over kanaal),2023-01-04,13:00:00,18,12,6,F1052
570,F105 (vlak overr brug over kanaal),2023-01-04,14:00:00,18,9,9,F1052
570,F105 (vlak overr brug over kanaal),2023-01-04,15:00:00,9,4,5,F1052
570,F105 (vlak overr brug over kanaal),2023-01-04,16:00:00,24,10,14,F1052
570,F105 (vlak overr brug over kanaal),2023-01-04,17:00:00,29,13,16,F1052
570,F105 (vlak overr brug over kanaal),2023-01-04,18:00:00,11,4,7,F1052
570,F105 (vlak overr brug over kanaal),2023-01-04,19:00:00,6,2,4,F1052
570,F105 (vlak overr brug over kanaal),2023-01-04,20:00:00,6,3,3,F1052
570,F105 (vlak overr brug over kanaal),2023-01-04,21:00:00,7,3,4,F1052
570,F105 (vlak overr brug over kanaal),2023-01-04,22:00:00,4,2,2,F1052
570,F105 (vlak overr brug over kanaal),2023-01-04,23:00:00,0,0,0,F1052
570,F105 (vlak overr brug over kanaal),2023-01-05,00:00:00,2,0,2,F1052
570,F105 (vlak overr brug over kanaal),2023-01-05,01:00:00,0,0,0,F1052
570,F105 (vlak overr brug over kanaal),2023-01-05,02:00:00,0,0,0,F1052
570,F105 (vlak overr brug over kanaal),2023-01-05,03:00:00,0,0,0,F1052
570,F105 (vlak overr brug over kanaal),2023-01-05,04:00:00,4,2,2,F1052
570,F105 (vlak overr brug over kanaal),2023-01-05,05:00:00,17,4,13,F1052
570,F105 (vlak overr brug over kanaal),2023-01-05,06:00:00,20,6,14,F1052
570,F105 (vlak overr brug over kanaal),2023-01-05,07:00:00,24,12,12,F1052
570,F105 (vlak overr brug over kanaal),2023-01-05,08:00:00,22,14,8,F1052
570,F105 (vlak overr brug over kanaal),2023-01-05,09:00:00,24,13,11,F1052
570,F105 (vlak overr brug over kanaal),2023-01-05,10:00:00,24,14,10,F1052
570,F105 (vlak overr brug over kanaal),2023-01-05,11:00:00,14,5,9,F1052
570,F105 (vlak overr brug over kanaal),2023-01-05,12:00:00,29,16,13,F1052
570,F105 (vlak overr brug over kanaal),2023-01-05,13:00:00,77,44,33,F1052
570,F105 (vlak overr brug over kanaal),2023-01-05,14:00:00,51,19,32,F1052
570,F105 (vlak overr brug over kanaal),2023-01-05,15:00:00,40,30,10,F1052
570,F105 (vlak overr brug over kanaal),2023-01-05,16:00:00,22,7,15,F1052
570,F105 (vlak overr brug over kanaal),2023-01-05,17:00:00,28,13,15,F1052
570,F105 (vlak overr brug over kanaal),2023-01-05,18:00:00,13,5,8,F1052
570,F105 (vlak overr brug over kanaal),2023-01-05,19:00:00,7,0,7,F1052
570,F105 (vlak overr brug over kanaal),2023-01-05,20:00:00,10,3,7,F1052
570,F105 (vlak overr brug over kanaal),2023-01-05,21:00:00,7,3,4,F1052
570,F105 (vlak overr brug over kanaal),2023-01-05,22:00:00,8,6,2,F1052
570,F105 (vlak overr brug over kanaal),2023-01-05,23:00:00,3,1,2,F1052
570,F105 (vlak overr brug over kanaal),2023-01-06,00:00:00,0,0,0,F1052
570,F105 (vlak overr brug over kanaal),2023-01-06,01:00:00,0,0,0,F1052
570,F105 (vlak overr brug over kanaal),2023-01-06,02:00:00,0,0,0,F1052
570,F105 (vlak overr brug over kanaal),2023-01-06,03:00:00,0,0,0,F1052
570,F105 (vlak overr brug over kanaal),2023-01-06,04:00:00,3,2,1,F1052
570,F105 (vlak overr brug over kanaal),2023-01-06,05:00:00,12,2,10,F1052
570,F105 (vlak overr brug over kanaal),2023-01-06,06:00:00,16,9,7,F1052
570,F105 (vlak overr brug over kanaal),2023-01-06,07:00:00,23,14,9,F1052
570,F105 (vlak overr brug over kanaal),2023-01-06,08:00:00,20,12,8,F1052
570,F105 (vlak overr brug over kanaal),2023-01-06,09:00:00,13,9,4,F1052
570,F105 (vlak overr brug over kanaal),2023-01-06,10:00:00,23,17,6,F1052
570,F105 (vlak overr brug over kanaal),2023-01-06,11:00:00,26,9,17,F1052
570,F105 (vlak overr brug over kanaal),2023-01-06,12:00:00,29,20,9,F1052
570,F105 (vlak overr brug over kanaal),2023-01-06,13:00:00,42,24,18,F1052
570,F105 (vlak overr brug over kanaal),2023-01-06,14:00:00,37,9,28,F1052
570,F105 (vlak overr brug over kanaal),2023-01-06,15:00:00,31,12,19,F1052
570,F105 (vlak overr brug over kanaal),2023-01-06,16:00:00,25,12,13,F1052
570,F105 (vlak overr brug over kanaal),2023-01-06,17:00:00,27,13,14,F1052
570,F105 (vlak overr brug over kanaal),2023-01-06,18:00:00,13,5,8,F1052
570,F105 (vlak overr brug over kanaal),2023-01-06,19:00:00,11,3,8,F1052
570,F105 (vlak overr brug over kanaal),2023-01-06,20:00:00,8,2,6,F1052
570,F105 (vlak overr brug over kanaal),2023-01-06,21:00:00,7,3,4,F1052
570,F105 (vlak overr brug over kanaal),2023-01-06,22:00:00,4,3,1,F1052
570,F105 (vlak overr brug over kanaal),2023-01-06,23:00:00,4,1,3,F1052
570,F105 (vlak overr brug over kanaal),2023-01-07,00:00:00,1,0,1,F1052
570,F105 (vlak overr brug over kanaal),2023-01-07,01:00:00,6,5,1,F1052
570,F105 (vlak overr brug over kanaal),2023-01-07,02:00:00,1,1,0,F1052
570,F105 (vlak overr brug over kanaal),2023-01-07,03:00:00,0,0,0,F1052
570,F105 (vlak overr brug over kanaal),2023-01-07,04:00:00,0,0,0,F1052
570,F105 (vlak overr brug over kanaal),2023-01-07,05:00:00,4,2,2,F1052
570,F105 (vlak overr brug over kanaal),2023-01-07,06:00:00,3,1,2,F1052
570,F105 (vlak overr brug over kanaal),2023-01-07,07:00:00,8,4,4,F1052
570,F105 (vlak overr brug over kanaal),2023-01-07,08:00:00,8,5,3,F1052
570,F105 (vlak overr brug over kanaal),2023-01-07,09:00:00,25,9,16,F1052
570,F105 (vlak overr brug over kanaal),2023-01-07,10:00:00,38,20,18,F1052
570,F105 (vlak overr brug over kanaal),2023-01-07,11:00:00,40,19,21,F1052
570,F105 (vlak overr brug over kanaal),2023-01-07,12:00:00,32,12,20,F1052
570,F105 (vlak overr brug over kanaal),2023-01-07,13:00:00,45,24,21,F1052
570,F105 (vlak overr brug over kanaal),2023-01-07,14:00:00,35,11,24,F1052
570,F105 (vlak overr brug over kanaal),2023-01-07,15:00:00,24,11,13,F1052
570,F105 (vlak overr brug over kanaal),2023-01-07,16:00:00,18,8,10,F1052
570,F105 (vlak overr brug over kanaal),2023-01-07,17:00:00,5,0,5,F1052
570,F105 (vlak overr brug over kanaal),2023-01-07,18:00:00,7,3,4,F1052
570,F105 (vlak overr brug over kanaal),2023-01-07,19:00:00,5,3,2,F1052
570,F105 (vlak overr brug over kanaal),2023-01-07,20:00:00,8,5,3,F1052
570,F105 (vlak overr brug over kanaal),2023-01-07,21:00:00,13,3,10,F1052
570,F105 (vlak overr brug over kanaal),2023-01-07,22:00:00,2,1,1,F1052
570,F105 (vlak overr brug over kanaal),2023-01-07,23:00:00,3,3,0,F1052
570,F105 (vlak overr brug over kanaal),2023-01-08,00:00:00,1,1,0,F1052
570,F105 (vlak overr brug over kanaal),2023-01-08,01:00:00,5,1,4,F1052
570,F105 (vlak overr brug over kanaal),2023-01-08,02:00:00,0,0,0,F1052
570,F105 (vlak overr brug over kanaal),2023-01-08,03:00:00,1,0,1,F1052
570,F105 (vlak overr brug over kanaal),2023-01-08,04:00:00,0,0,0,F1052
570,F105 (vlak overr brug over kanaal),2023-01-08,05:00:00,2,1,1,F1052
570,F105 (vlak overr brug over kanaal),2023-01-08,06:00:00,3,2,1,F1052
570,F105 (vlak overr brug over kanaal),2023-01-08,07:00:00,3,1,2,F1052
570,F105 (vlak overr brug over kanaal),2023-01-08,08:00:00,8,6,2,F1052
570,F105 (vlak overr brug over kanaal),2023-01-08,09:00:00,28,19,9,F1052
570,F105 (vlak overr brug over kanaal),2023-01-08,10:00:00,42,14,28,F1052
570,F105 (vlak overr brug over kanaal),2023-01-08,11:00:00,43,17,26,F1052
570,F105 (vlak overr brug over kanaal),2023-01-08,12:00:00,29,8,21,F1052
570,F105 (vlak overr brug over kanaal),2023-01-08,13:00:00,46,21,25,F1052
570,F105 (vlak overr brug over kanaal),2023-01-08,14:00:00,35,17,18,F1052
570,F105 (vlak overr brug over kanaal),2023-01-08,15:00:00,27,16,11,F1052
570,F105 (vlak overr brug over kanaal),2023-01-08,16:00:00,22,11,11,F1052
570,F105 (vlak overr brug over kanaal),2023-01-08,17:00:00,17,9,8,F1052
570,F105 (vlak overr brug over kanaal),2023-01-08,18:00:00,7,4,3,F1052
570,F105 (vlak overr brug over kanaal),2023-01-08,19:00:00,7,5,2,F1052
570,F105 (vlak overr brug over kanaal),2023-01-08,20:00:00,4,2,2,F1052
570,F105 (vlak overr brug over kanaal),2023-01-08,21:00:00,6,2,4,F1052
570,F105 (vlak overr brug over kanaal),2023-01-08,22:00:00,8,5,3,F1052
570,F105 (vlak overr brug over kanaal),2023-01-08,23:00:00,4,1,3,F1052
570,F105 (vlak overr brug over kanaal),2023-01-09,00:00:00,0,0,0,F1052
570,F105 (vlak overr brug over kanaal),2023-01-09,01:00:00,0,0,0,F1052
570,F105 (vlak overr brug over kanaal),2023-01-09,02:00:00,0,0,0,F1052
570,F105 (vlak overr brug over kanaal),2023-01-09,03:00:00,0,0,0,F1052
570,F105 (vlak overr brug over kanaal),2023-01-09,04:00:00,3,2,1,F1052
570,F105 (vlak overr brug over kanaal),2023-01-09,05:00:00,13,3,10,F1052
570,F105 (vlak overr brug over kanaal),2023-01-09,06:00:00,20,10,10,F1052
570,F105 (vlak overr brug over kanaal),2023-01-09,07:00:00,77,47,30,F1052
570,F105 (vlak overr brug over kanaal),2023-01-09,08:00:00,71,57,14,F1052
570,F105 (vlak overr brug over kanaal),2023-01-09,09:00:00,17,10,7,F1052
570,F105 (vlak overr brug over kanaal),2023-01-09,10:00:00,14,8,6,F1052
570,F105 (vlak overr brug over kanaal),2023-01-09,11:00:00,12,9,3,F1052
570,F105 (vlak overr brug over kanaal),2023-01-09,12:00:00,24,10,14,F1052
570,F105 (vlak overr brug over kanaal),2023-01-09,13:00:00,34,16,18,F1052
570,F105 (vlak overr brug over kanaal),2023-01-09,14:00:00,40,20,20,F1052
570,F105 (vlak overr brug over kanaal),2023-01-09,15:00:00,62,20,42,F1052
570,F105 (vlak overr brug over kanaal),2023-01-09,16:00:00,73,24,49,F1052
570,F105 (vlak overr brug over kanaal),2023-01-09,17:00:00,52,23,29,F1052
570,F105 (vlak overr brug over kanaal),2023-01-09,18:00:00,16,6,10,F1052
570,F105 (vlak overr brug over kanaal),2023-01-09,19:00:00,10,4,6,F1052
570,F105 (vlak overr brug over kanaal),2023-01-09,20:00:00,7,3,4,F1052
570,F105 (vlak overr brug over kanaal),2023-01-09,21:00:00,14,7,7,F1052
570,F105 (vlak overr brug over kanaal),2023-01-09,22:00:00,11,6,5,F1052
570,F105 (vlak overr brug over kanaal),2023-01-09,23:00:00,2,0,2,F1052
570,F105 (vlak overr brug over kanaal),2023-01-10,00:00:00,1,1,0,F1052
570,F105 (vlak overr brug over kanaal),2023-01-10,01:00:00,0,0,0,F1052
570,F105 (vlak overr brug over kanaal),2023-01-10,02:00:00,1,0,1,F1052
570,F105 (vlak overr brug over kanaal),2023-01-10,03:00:00,0,0,0,F1052
570,F105 (vlak overr brug over kanaal),2023-01-10,04:00:00,3,2,1,F1052
570,F105 (vlak overr brug over kanaal),2023-01-10,05:00:00,11,2,9,F1052
570,F105 (vlak overr brug over kanaal),2023-01-10,06:00:00,30,15,15,F1052
570,F105 (vlak overr brug over kanaal),2023-01-10,07:00:00,85,55,30,F1052
570,F105 (vlak overr brug over kanaal),2023-01-10,08:00:00,59,47,12,F1052
570,F105 (vlak overr brug over kanaal),2023-01-10,09:00:00,21,15,6,F1052
570,F105 (vlak overr brug over kanaal),2023-01-10,10:00:00,23,10,13,F1052
570,F105 (vlak overr brug over kanaal),2023-01-10,11:00:00,22,9,13,F1052
570,F105 (vlak overr brug over kanaal),2023-01-10,12:00:00,34,14,20,F1052
570,F105 (vlak overr brug over kanaal),2023-01-10,13:00:00,26,15,11,F1052
570,F105 (vlak overr brug over kanaal),2023-01-10,14:00:00,29,13,16,F1052
570,F105 (vlak overr brug over kanaal),2023-01-10,15:00:00,40,9,31,F1052
570,F105 (vlak overr brug over kanaal),2023-01-10,16:00:00,82,25,57,F1052
570,F105 (vlak overr brug over kanaal),2023-01-10,17:00:00,39,15,24,F1052
570,F105 (vlak overr brug over kanaal),2023-01-10,18:00:00,17,10,7,F1052
570,F105 (vlak overr brug over kanaal),2023-01-10,19:00:00,7,2,5,F1052
570,F105 (vlak overr brug over kanaal),2023-01-10,20:00:00,3,2,1,F1052
570,F105 (vlak overr brug over kanaal),2023-01-10,21:00:00,10,4,6,F1052
570,F105 (vlak overr brug over kanaal),2023-01-10,22:00:00,13,5,8,F1052
570,F105 (vlak overr brug over kanaal),2023-01-10,23:00:00,1,0,1,F1052
570,F105 (vlak overr brug over kanaal),2023-01-11,00:00:00,0,0,0,F1052
570,F105 (vlak overr brug over kanaal),2023-01-11,01:00:00,1,1,0,F1052
570,F105 (vlak overr brug over kanaal),2023-01-11,02:00:00,0,0,0,F1052
570,F105 (vlak overr brug over kanaal),2023-01-11,03:00:00,0,0,0,F1052
570,F105 (vlak overr brug over kanaal),2023-01-11,04:00:00,2,2,0,F1052
570,F105 (vlak overr brug over kanaal),2023-01-11,05:00:00,10,2,8,F1052
570,F105 (vlak overr brug over kanaal),2023-01-11,06:00:00,32,16,16,F1052
570,F105 (vlak overr brug over kanaal),2023-01-11,07:00:00,64,43,21,F1052
570,F105 (vlak overr brug over kanaal),2023-01-11,08:00:00,65,54,11,F1052
570,F105 (vlak overr brug over kanaal),2023-01-11,09:00:00,20,15,5,F1052
570,F105 (vlak overr brug over kanaal),2023-01-11,10:00:00,12,5,7,F1052
570,F105 (vlak overr brug over kanaal),2023-01-11,11:00:00,24,8,16,F1052
570,F105 (vlak overr brug over kanaal),2023-01-11,12:00:00,92,23,69,F1052
570,F105 (vlak overr brug over kanaal),2023-01-11,13:00:00,72,36,36,F1052
570,F105 (vlak overr brug over kanaal),2023-01-11,14:00:00,81,35,46,F1052
570,F105 (vlak overr brug over kanaal),2023-01-11,15:00:00,60,31,29,F1052
570,F105 (vlak overr brug over kanaal),2023-01-11,16:00:00,51,20,31,F1052
570,F105 (vlak overr brug over kanaal),2023-01-11,17:00:00,43,20,23,F1052
570,F105 (vlak overr brug over kanaal),2023-01-11,18:00:00,13,6,7,F1052
570,F105 (vlak overr brug over kanaal),2023-01-11,19:00:00,7,4,3,F1052
570,F105 (vlak overr brug over kanaal),2023-01-11,20:00:00,6,4,2,F1052
570,F105 (vlak overr brug over kanaal),2023-01-11,21:00:00,8,3,5,F1052
570,F105 (vlak overr brug over kanaal),2023-01-11,22:00:00,13,6,7,F1052
570,F105 (vlak overr brug over kanaal),2023-01-11,23:00:00,1,0,1,F1052
570,F105 (vlak overr brug over kanaal),2023-01-12,00:00:00,0,0,0,F1052
570,F105 (vlak overr brug over kanaal),2023-01-12,01:00:00,0,0,0,F1052
570,F105 (vlak overr brug over kanaal),2023-01-12,02:00:00,0,0,0,F1052
570,F105 (vlak overr brug over kanaal),2023-01-12,03:00:00,0,0,0,F1052
570,F105 (vlak overr brug over kanaal),2023-01-12,04:00:00,0,0,0,F1052
570,F105 (vlak overr brug over kanaal),2023-01-12,05:00:00,10,2,8,F1052
570,F105 (vlak overr brug over kanaal),2023-01-12,06:00:00,12,5,7,F1052
570,F105 (vlak overr brug over kanaal),2023-01-12,07:00:00,24,14,10,F1052
570,F105 (vlak overr brug over kanaal),2023-01-12,08:00:00,14,11,3,F1052
570,F105 (vlak overr brug over kanaal),2023-01-12,09:00:00,3,1,2,F1052
570,F105 (vlak overr brug over kanaal),2023-01-12,10:00:00,6,4,2,F1052
570,F105 (vlak overr brug over kanaal),2023-01-12,11:00:00,1,1,0,F1052
570,F105 (vlak overr brug over kanaal),2023-01-12,12:00:00,8,6,2,F1052
570,F105 (vlak overr brug over kanaal),2023-01-12,13:00:00,5,3,2,F1052
570,F105 (vlak overr brug over kanaal),2023-01-12,14:00:00,9,6,3,F1052
570,F105 (vlak overr brug over kanaal),2023-01-12,15:00:00,14,5,9,F1052
570,F105 (vlak overr brug over kanaal),2023-01-12,16:00:00,30,11,19,F1052
570,F105 (vlak overr brug over kanaal),2023-01-12,17:00:00,10,2,8,F1052
570,F105 (vlak overr brug over kanaal),2023-01-12,18:00:00,3,1,2,F1052
570,F105 (vlak overr brug over kanaal),2023-01-12,19:00:00,1,0,1,F1052
570,F105 (vlak overr brug over kanaal),2023-01-12,20:00:00,0,0,0,F1052
570,F105 (vlak overr brug over kanaal),2023-01-12,21:00:00,6,1,5,F1052
570,F105 (vlak overr brug over kanaal),2023-01-12,22:00:00,6,3,3,F1052
570,F105 (vlak overr brug over kanaal),2023-01-12,23:00:00,2,0,2,F1052
570,F105 (vlak overr brug over kanaal),2023-01-13,00:00:00,0,0,0,F1052
570,F105 (vlak overr brug over kanaal),2023-01-13,01:00:00,0,0,0,F1052
570,F105 (vlak overr brug over kanaal),2023-01-13,02:00:00,0,0,0,F1052
570,F105 (vlak overr brug over kanaal),2023-01-13,03:00:00,0,0,0,F1052
570,F105 (vlak overr brug over kanaal),2023-01-13,04:00:00,2,1,1,F1052
570,F105 (vlak overr brug over kanaal),2023-01-13,05:00:00,15,5,10,F1052
570,F105 (vlak overr brug over kanaal),2023-01-13,06:00:00,22,13,9,F1052
570,F105 (vlak overr brug over kanaal),2023-01-13,07:00:00,61,38,23,F1052
570,F105 (vlak overr brug over kanaal),2023-01-13,08:00:00,62,52,10,F1052
570,F105 (vlak overr brug over kanaal),2023-01-13,09:00:00,27,16,11,F1052
570,F105 (vlak overr brug over kanaal),2023-01-13,10:00:00,30,15,15,F1052
570,F105 (vlak overr brug over kanaal),2023-01-13,11:00:00,26,14,12,F1052
570,F105 (vlak overr brug over kanaal),2023-01-13,12:00:00,29,17,12,F1052
570,F105 (vlak overr brug over kanaal),2023-01-13,13:00:00,30,16,14,F1052
570,F105 (vlak overr brug over kanaal),2023-01-13,14:00:00,40,14,26,F1052
570,F105 (vlak overr brug over kanaal),2023-01-13,15:00:00,53,15,38,F1052
570,F105 (vlak overr brug over kanaal),2023-01-13,16:00:00,49,13,36,F1052
570,F105 (vlak overr brug over kanaal),2023-01-13,17:00:00,18,5,13,F1052
570,F105 (vlak overr brug over kanaal),2023-01-13,18:00:00,16,6,10,F1052
570,F105 (vlak overr brug over kanaal),2023-01-13,19:00:00,12,6,6,F1052
570,F105 (vlak overr brug over kanaal),2023-01-13,20:00:00,11,5,6,F1052
570,F105 (vlak overr brug over kanaal),2023-01-13,21:00:00,11,3,8,F1052
570,F105 (vlak overr brug over kanaal),2023-01-13,22:00:00,13,7,6,F1052
570,F105 (vlak overr brug over kanaal),2023-01-13,23:00:00,3,1,2,F1052
570,F105 (vlak overr brug over kanaal),2023-01-14,00:00:00,2,1,1,F1052
570,F105 (vlak overr brug over kanaal),2023-01-14,01:00:00,3,1,2,F1052
570,F105 (vlak overr brug over kanaal),2023-01-14,02:00:00,3,2,1,F1052
570,F105 (vlak overr brug over kanaal),2023-01-14,03:00:00,2,1,1,F1052
570,F105 (vlak overr brug over kanaal),2023-01-14,04:00:00,1,0,1,F1052
570,F105 (vlak overr brug over kanaal),2023-01-14,05:00:00,4,1,3,F1052
570,F105 (vlak overr brug over kanaal),2023-01-14,06:00:00,4,2,2,F1052
570,F105 (vlak overr brug over kanaal),2023-01-14,07:00:00,6,3,3,F1052
570,F105 (vlak overr brug over kanaal),2023-01-14,08:00:00,5,5,0,F1052
570,F105 (vlak overr brug over kanaal),2023-01-14,09:00:00,1,0,1,F1052
570,F105 (vlak overr brug over kanaal),2023-01-14,10:00:00,2,0,2,F1052
570,F105 (vlak overr brug over kanaal),2023-01-14,11:00:00,4,0,4,F1052
570,F105 (vlak overr brug over kanaal),2023-01-14,12:00:00,6,4,2,F1052
570,F105 (vlak overr brug over kanaal),2023-01-14,13:00:00,1,1,0,F1052
570,F105 (vlak overr brug over kanaal),2023-01-14,14:00:00,10,4,6,F1052
570,F105 (vlak overr brug over kanaal),2023-01-14,15:00:00,3,1,2,F1052
570,F105 (vlak overr brug over kanaal),2023-01-14,16:00:00,4,3,1,F1052
570,F105 (vlak overr brug over kanaal),2023-01-14,17:00:00,7,2,5,F1052
570,F105 (vlak overr brug over kanaal),2023-01-14,18:00:00,1,0,1,F1052
570,F105 (vlak overr brug over kanaal),2023-01-14,19:00:00,3,1,2,F1052
570,F105 (vlak overr brug over kanaal),2023-01-14,20:00:00,2,1,1,F1052
570,F105 (vlak overr brug over kanaal),2023-01-14,21:00:00,0,0,0,F1052
570,F105 (vlak overr brug over kanaal),2023-01-14,22:00:00,3,1,2,F1052
570,F105 (vlak overr brug over kanaal),2023-01-14,23:00:00,0,0,0,F1052
570,F105 (vlak overr brug over kanaal),2023-01-15,00:00:00,2,1,1,F1052
570,F105 (vlak overr brug over kanaal),2023-01-15,01:00:00,1,0,1,F1052
570,F105 (vlak overr brug over kanaal),2023-01-15,02:00:00,0,0,0,F1052
570,F105 (vlak overr brug over kanaal),2023-01-15,03:00:00,1,1,0,F1052
570,F105 (vlak overr brug over kanaal),2023-01-15,04:00:00,2,1,1,F1052
570,F105 (vlak overr brug over kanaal),2023-01-15,05:00:00,1,0,1,F1052
570,F105 (vlak overr brug over kanaal),2023-01-15,06:00:00,2,2,0,F1052
570,F105 (vlak overr brug over kanaal),2023-01-15,07:00:00,2,0,2,F1052
570,F105 (vlak overr brug over kanaal),2023-01-15,08:00:00,12,8,4,F1052
570,F105 (vlak overr brug over kanaal),2023-01-15,09:00:00,30,22,8,F1052
570,F105 (vlak overr brug over kanaal),2023-01-15,10:00:00,50,23,27,F1052
570,F105 (vlak overr brug over kanaal),2023-01-15,11:00:00,53,29,24,F1052
570,F105 (vlak overr brug over kanaal),2023-01-15,12:00:00,17,8,9,F1052
570,F105 (vlak overr brug over kanaal),2023-01-15,13:00:00,9,5,4,F1052
570,F105 (vlak overr brug over kanaal),2023-01-15,14:00:00,12,7,5,F1052
570,F105 (vlak overr brug over kanaal),2023-01-15,15:00:00,10,7,3,F1052
570,F105 (vlak overr brug over kanaal),2023-01-15,16:00:00,8,2,6,F1052
570,F105 (vlak overr brug over kanaal),2023-01-15,17:00:00,8,3,5,F1052
570,F105 (vlak overr brug over kanaal),2023-01-15,18:00:00,3,2,1,F1052
570,F105 (vlak overr brug over kanaal),2023-01-15,19:00:00,4,3,1,F1052
570,F105 (vlak overr brug over kanaal),2023-01-15,20:00:00,1,1,0,F1052
570,F105 (vlak overr brug over kanaal),2023-01-15,21:00:00,5,2,3,F1052
570,F105 (vlak overr brug over kanaal),2023-01-15,22:00:00,1,1,0,F1052
570,F105 (vlak overr brug over kanaal),2023-01-15,23:00:00,0,0,0,F1052
570,F105 (vlak overr brug over kanaal),2023-01-16,00:00:00,1,1,0,F1052
570,F105 (vlak overr brug over kanaal),2023-01-16,01:00:00,0,0,0,F1052
570,F105 (vlak overr brug over kanaal),2023-01-16,02:00:00,0,0,0,F1052
570,F105 (vlak overr brug over kanaal),2023-01-16,03:00:00,1,0,1,F1052
570,F105 (vlak overr brug over kanaal),2023-01-16,04:00:00,3,3,0,F1052
570,F105 (vlak overr brug over kanaal),2023-01-16,05:00:00,10,3,7,F1052
570,F105 (vlak overr brug over kanaal),2023-01-16,06:00:00,18,11,7,F1052
570,F105 (vlak overr brug over kanaal),2023-01-16,07:00:00,37,18,19,F1052
570,F105 (vlak overr brug over kanaal),2023-01-16,08:00:00,37,24,13,F1052
570,F105 (vlak overr brug over kanaal),2023-01-16,09:00:00,5,3,2,F1052
570,F105 (vlak overr brug over kanaal),2023-01-16,10:00:00,3,1,2,F1052
570,F105 (vlak overr brug over kanaal),2023-01-16,11:00:00,14,5,9,F1052
570,F105 (vlak overr brug over kanaal),2023-01-16,12:00:00,13,6,7,F1052
570,F105 (vlak overr brug over kanaal),2023-01-16,13:00:00,11,5,6,F1052
570,F105 (vlak overr brug over kanaal),2023-01-16,14:00:00,14,7,7,F1052
570,F105 (vlak overr brug over kanaal),2023-01-16,15:00:00,23,13,10,F1052
570,F105 (vlak overr brug over kanaal),2023-01-16,16:00:00,34,11,23,F1052
570,F105 (vlak overr brug over kanaal),2023-01-16,17:00:00,15,6,9,F1052
570,F105 (vlak overr brug over kanaal),2023-01-16,18:00:00,5,2,3,F1052
570,F105 (vlak overr brug over kanaal),2023-01-16,19:00:00,2,0,2,F1052
570,F105 (vlak overr brug over kanaal),2023-01-16,20:00:00,4,1,3,F1052
570,F105 (vlak overr brug over kanaal),2023-01-16,21:00:00,7,3,4,F1052
570,F105 (vlak overr brug over kanaal),2023-01-16,22:00:00,7,5,2,F1052
570,F105 (vlak overr brug over kanaal),2023-01-16,23:00:00,0,0,0,F1052
570,F105 (vlak overr brug over kanaal),2023-01-17,00:00:00,0,0,0,F1052
570,F105 (vlak overr brug over kanaal),2023-01-17,01:00:00,0,0,0,F1052
570,F105 (vlak overr brug over kanaal),2023-01-17,02:00:00,0,0,0,F1052
570,F105 (vlak overr brug over kanaal),2023-01-17,03:00:00,0,0,0,F1052
570,F105 (vlak overr brug over kanaal),2023-01-17,04:00:00,4,1,3,F1052
570,F105 (vlak overr brug over kanaal),2023-01-17,05:00:00,13,4,9,F1052
570,F105 (vlak overr brug over kanaal),2023-01-17,06:00:00,27,20,7,F1052
570,F105 (vlak overr brug over kanaal),2023-01-17,07:00:00,63,39,24,F1052
570,F105 (vlak overr brug over kanaal),2023-01-17,08:00:00,49,37,12,F1052
570,F105 (vlak overr brug over kanaal),2023-01-17,09:00:00,19,15,4,F1052
570,F105 (vlak overr brug over kanaal),2023-01-17,10:00:00,17,12,5,F1052
570,F105 (vlak overr brug over kanaal),2023-01-17,11:00:00,20,10,10,F1052
570,F105 (vlak overr brug over kanaal),2023-01-17,12:00:00,39,9,30,F1052
570,F105 (vlak overr brug over kanaal),2023-01-17,13:00:00,60,26,34,F1052
570,F105 (vlak overr brug over kanaal),2023-01-17,14:00:00,60,41,19,F1052
570,F105 (vlak overr brug over kanaal),2023-01-17,15:00:00,89,22,67,F1052
570,F105 (vlak overr brug over kanaal),2023-01-17,16:00:00,69,24,45,F1052
570,F105 (vlak overr brug over kanaal),2023-01-17,17:00:00,43,14,29,F1052
570,F105 (vlak overr brug over kanaal),2023-01-17,18:00:00,17,8,9,F1052
570,F105 (vlak overr brug over kanaal),2023-01-17,19:00:00,3,2,1,F1052
570,F105 (vlak overr brug over kanaal),2023-01-17,20:00:00,6,2,4,F1052
570,F105 (vlak overr brug over kanaal),2023-01-17,21:00:00,9,2,7,F1052
570,F105 (vlak overr brug over kanaal),2023-01-17,22:00:00,10,7,3,F1052
570,F105 (vlak overr brug over kanaal),2023-01-17,23:00:00,1,0,1,F1052
570,F105 (vlak overr brug over kanaal),2023-01-18,00:00:00,1,0,1,F1052
570,F105 (vlak overr brug over kanaal),2023-01-18,01:00:00,0,0,0,F1052
570,F105 (vlak overr brug over kanaal),2023-01-18,02:00:00,0,0,0,F1052
570,F105 (vlak overr brug over kanaal),2023-01-18,03:00:00,1,0,1,F1052
570,F105 (vlak overr brug over kanaal),2023-01-18,04:00:00,6,4,2,F1052
570,F105 (vlak overr brug over kanaal),2023-01-18,05:00:00,14,4,10,F1052
570,F105 (vlak overr brug over kanaal),2023-01-18,06:00:00,28,17,11,F1052
570,F105 (vlak overr brug over kanaal),2023-01-18,07:00:00,57,34,23,F1052
570,F105 (vlak overr brug over kanaal),2023-01-18,08:00:00,59,46,13,F1052
570,F105 (vlak overr brug over kanaal),2023-01-18,09:00:00,16,9,7,F1052
570,F105 (vlak overr brug over kanaal),2023-01-18,10:00:00,16,8,8,F1052
570,F105 (vlak overr brug over kanaal),2023-01-18,11:00:00,10,3,7,F1052
570,F105 (vlak overr brug over kanaal),2023-01-18,12:00:00,59,16,43,F1052
570,F105 (vlak overr brug over kanaal),2023-01-18,13:00:00,52,23,29,F1052
570,F105 (vlak overr brug over kanaal),2023-01-18,14:00:00,56,27,29,F1052
570,F105 (vlak overr brug over kanaal),2023-01-18,15:00:00,53,27,26,F1052
570,F105 (vlak overr brug over kanaal),2023-01-18,16:00:00,51,20,31,F1052
570,F105 (vlak overr brug over kanaal),2023-01-18,17:00:00,40,22,18,F1052
570,F105 (vlak overr brug over kanaal),2023-01-18,18:00:00,23,7,16,F1052
570,F105 (vlak overr brug over kanaal),2023-01-18,19:00:00,9,4,5,F1052
570,F105 (vlak overr brug over kanaal),2023-01-18,20:00:00,6,5,1,F1052
570,F105 (vlak overr brug over kanaal),2023-01-18,21:00:00,14,5,9,F1052
570,F105 (vlak overr brug over kanaal),2023-01-18,22:00:00,14,8,6,F1052
570,F105 (vlak overr brug over kanaal),2023-01-18,23:00:00,0,0,0,F1052
570,F105 (vlak overr brug over kanaal),2023-01-19,00:00:00,0,0,0,F1052
570,F105 (vlak overr brug over kanaal),2023-01-19,01:00:00,1,1,0,F1052
570,F105 (vlak overr brug over kanaal),2023-01-19,02:00:00,1,0,1,F1052
570,F105 (vlak overr brug over kanaal),2023-01-19,03:00:00,1,0,1,F1052
570,F105 (vlak overr brug over kanaal),2023-01-19,04:00:00,3,3,0,F1052
570,F105 (vlak overr brug over kanaal),2023-01-19,05:00:00,9,3,6,F1052
570,F105 (vlak overr brug over kanaal),2023-01-19,06:00:00,23,11,12,F1052
570,F105 (vlak overr brug over kanaal),2023-01-19,07:00:00,52,36,16,F1052
570,F105 (vlak overr brug over kanaal),2023-01-19,08:00:00,62,45,17,F1052
570,F105 (vlak overr brug over kanaal),2023-01-19,09:00:00,16,13,3,F1052
570,F105 (vlak overr brug over kanaal),2023-01-19,10:00:00,16,5,11,F1052
570,F105 (vlak overr brug over kanaal),2023-01-19,11:00:00,11,4,7,F1052
570,F105 (vlak overr brug over kanaal),2023-01-19,12:00:00,23,17,6,F1052
570,F105 (vlak overr brug over kanaal),2023-01-19,13:00:00,28,9,19,F1052
570,F105 (vlak overr brug over kanaal),2023-01-19,14:00:00,30,15,15,F1052
570,F105 (vlak overr brug over kanaal),2023-01-19,15:00:00,40,12,28,F1052
570,F105 (vlak overr brug over kanaal),2023-01-19,16:00:00,65,22,43,F1052
570,F105 (vlak overr brug over kanaal),2023-01-19,17:00:00,36,14,22,F1052
570,F105 (vlak overr brug over kanaal),2023-01-19,18:00:00,21,12,9,F1052
570,F105 (vlak overr brug over kanaal),2023-01-19,19:00:00,8,2,6,F1052
570,F105 (vlak overr brug over kanaal),2023-01-19,20:00:00,7,3,4,F1052
570,F105 (vlak overr brug over kanaal),2023-01-19,21:00:00,7,1,6,F1052
570,F105 (vlak overr brug over kanaal),2023-01-19,22:00:00,12,9,3,F1052
570,F105 (vlak overr brug over kanaal),2023-01-19,23:00:00,2,0,2,F1052
570,F105 (vlak overr brug over kanaal),2023-01-20,00:00:00,0,0,0,F1052
570,F105 (vlak overr brug over kanaal),2023-01-20,01:00:00,2,2,0,F1052
570,F105 (vlak overr brug over kanaal),2023-01-20,02:00:00,1,1,0,F1052
570,F105 (vlak overr brug over kanaal),2023-01-20,03:00:00,1,0,1,F1052
570,F105 (vlak overr brug over kanaal),2023-01-20,04:00:00,3,2,1,F1052
570,F105 (vlak overr brug over kanaal),2023-01-20,05:00:00,10,4,6,F1052
570,F105 (vlak overr brug over kanaal),2023-01-20,06:00:00,21,13,8,F1052
570,F105 (vlak overr brug over kanaal),2023-01-20,07:00:00,42,28,14,F1052
570,F105 (vlak overr brug over kanaal),2023-01-20,08:00:00,40,34,6,F1052
570,F105 (vlak overr brug over kanaal),2023-01-20,09:00:00,4,2,2,F1052
570,F105 (vlak overr brug over kanaal),2023-01-20,10:00:00,6,3,3,F1052
570,F105 (vlak overr brug over kanaal),2023-01-20,11:00:00,4,1,3,F1052
570,F105 (vlak overr brug over kanaal),2023-01-20,12:00:00,12,3,9,F1052
570,F105 (vlak overr brug over kanaal),2023-01-20,13:00:00,8,6,2,F1052
570,F105 (vlak overr brug over kanaal),2023-01-20,14:00:00,14,3,11,F1052
570,F105 (vlak overr brug over kanaal),2023-01-20,15:00:00,34,10,24,F1052
570,F105 (vlak overr brug over kanaal),2023-01-20,16:00:00,28,12,16,F1052
570,F105 (vlak overr brug over kanaal),2023-01-20,17:00:00,15,4,11,F1052
570,F105 (vlak overr brug over kanaal),2023-01-20,18:00:00,9,5,4,F1052
570,F105 (vlak overr brug over kanaal),2023-01-20,19:00:00,6,2,4,F1052
570,F105 (vlak overr brug over kanaal),2023-01-20,20:00:00,10,4,6,F1052
570,F105 (vlak overr brug over kanaal),2023-01-20,21:00:00,2,0,2,F1052
570,F105 (vlak overr brug over kanaal),2023-01-20,22:00:00,4,3,1,F1052
570,F105 (vlak overr brug over kanaal),2023-01-20,23:00:00,1,0,1,F1052
570,F105 (vlak overr brug over kanaal),2023-01-21,00:00:00,1,0,1,F1052
570,F105 (vlak overr brug over kanaal),2023-01-21,01:00:00,0,0,0,F1052
570,F105 (vlak overr brug over kanaal),2023-01-21,02:00:00,2,1,1,F1052
570,F105 (vlak overr brug over kanaal),2023-01-21,03:00:00,2,1,1,F1052
570,F105 (vlak overr brug over kanaal),2023-01-21,04:00:00,2,2,0,F1052
570,F105 (vlak overr brug over kanaal),2023-01-21,05:00:00,2,0,2,F1052
570,F105 (vlak overr brug over kanaal),2023-01-21,06:00:00,4,2,2,F1052
570,F105 (vlak overr brug over kanaal),2023-01-21,07:00:00,4,2,2,F1052
570,F105 (vlak overr brug over kanaal),2023-01-21,08:00:00,5,4,1,F1052
570,F105 (vlak overr brug over kanaal),2023-01-21,09:00:00,2,1,1,F1052
570,F105 (vlak overr brug over kanaal),2023-01-21,10:00:00,8,4,4,F1052
570,F105 (vlak overr brug over kanaal),2023-01-21,11:00:00,7,3,4,F1052
570,F105 (vlak overr brug over kanaal),2023-01-21,12:00:00,6,3,3,F1052
570,F105 (vlak overr brug over kanaal),2023-01-21,13:00:00,9,2,7,F1052
570,F105 (vlak overr brug over kanaal),2023-01-21,14:00:00,13,6,7,F1052
570,F105 (vlak overr brug over kanaal),2023-01-21,15:00:00,10,7,3,F1052
570,F105 (vlak overr brug over kanaal),2023-01-21,16:00:00,8,5,3,F1052
570,F105 (vlak overr brug over kanaal),2023-01-21,17:00:00,6,2,4,F1052
570,F105 (vlak overr brug over kanaal),2023-01-21,18:00:00,4,2,2,F1052
570,F105 (vlak overr brug over kanaal),2023-01-21,19:00:00,6,5,1,F1052
570,F105 (vlak overr brug over kanaal),2023-01-21,20:00:00,2,0,2,F1052
570,F105 (vlak overr brug over kanaal),2023-01-21,21:00:00,3,1,2,F1052
570,F105 (vlak overr brug over kanaal),2023-01-21,22:00:00,4,2,2,F1052
570,F105 (vlak overr brug over kanaal),2023-01-21,23:00:00,0,0,0,F1052
570,F105 (vlak overr brug over kanaal),2023-01-22,00:00:00,5,4,1,F1052
570,F105 (vlak overr brug over kanaal),2023-01-22,01:00:00,1,1,0,F1052
570,F105 (vlak overr brug over kanaal),2023-01-22,02:00:00,1,0,1,F1052
570,F105 (vlak overr brug over kanaal),2023-01-22,03:00:00,0,0,0,F1052
570,F105 (vlak overr brug over kanaal),2023-01-22,04:00:00,0,0,0,F1052
570,F105 (vlak overr brug over kanaal),2023-01-22,05:00:00,2,0,2,F1052
570,F105 (vlak overr brug over kanaal),2023-01-22,06:00:00,2,1,1,F1052
570,F105 (vlak overr brug over kanaal),2023-01-22,07:00:00,1,1,0,F1052
570,F105 (vlak overr brug over kanaal),2023-01-22,08:00:00,4,3,1,F1052
570,F105 (vlak overr brug over kanaal),2023-01-22,09:00:00,9,5,4,F1052
570,F105 (vlak overr brug over kanaal),2023-01-22,10:00:00,17,10,7,F1052
570,F105 (vlak overr brug over kanaal),2023-01-22,11:00:00,16,8,8,F1052
570,F105 (vlak overr brug over kanaal),2023-01-22,12:00:00,7,3,4,F1052
570,F105 (vlak overr brug over kanaal),2023-01-22,13:00:00,5,4,1,F1052
570,F105 (vlak overr brug over kanaal),2023-01-22,14:00:00,9,6,3,F1052
570,F105 (vlak overr brug over kanaal),2023-01-22,15:00:00,6,3,3,F1052
570,F105 (vlak overr brug over kanaal),2023-01-22,16:00:00,8,5,3,F1052
570,F105 (vlak overr brug over kanaal),2023-01-22,17:00:00,4,1,3,F1052
570,F105 (vlak overr brug over kanaal),2023-01-22,18:00:00,2,1,1,F1052
570,F105 (vlak overr brug over kanaal),2023-01-22,19:00:00,3,2,1,F1052
570,F105 (vlak overr brug over kanaal),2023-01-22,20:00:00,6,4,2,F1052
570,F105 (vlak overr brug over kanaal),2023-01-22,21:00:00,3,0,3,F1052
570,F105 (vlak overr brug over kanaal),2023-01-22,22:00:00,0,0,0,F1052
570,F105 (vlak overr brug over kanaal),2023-01-22,23:00:00,0,0,0,F1052
570,F105 (vlak overr brug over kanaal),2023-01-23,00:00:00,0,0,0,F1052
570,F105 (vlak overr brug over kanaal),2023-01-23,01:00:00,0,0,0,F1052
570,F105 (vlak overr brug over kanaal),2023-01-23,02:00:00,0,0,0,F1052
570,F105 (vlak overr brug over kanaal),2023-01-23,03:00:00,0,0,0,F1052
570,F105 (vlak overr brug over kanaal),2023-01-23,04:00:00,2,1,1,F1052
570,F105 (vlak overr brug over kanaal),2023-01-23,05:00:00,13,3,10,F1052
570,F105 (vlak overr brug over kanaal),2023-01-23,06:00:00,19,10,9,F1052
570,F105 (vlak overr brug over kanaal),2023-01-23,07:00:00,66,41,25,F1052
570,F105 (vlak overr brug over kanaal),2023-01-23,08:00:00,54,36,18,F1052
570,F105 (vlak overr brug over kanaal),2023-01-23,09:00:00,13,7,6,F1052
570,F105 (vlak overr brug over kanaal),2023-01-23,10:00:00,12,8,4,F1052
570,F105 (vlak overr brug over kanaal),2023-01-23,11:00:00,17,7,10,F1052
570,F105 (vlak overr brug over kanaal),2023-01-23,12:00:00,18,5,13,F1052
570,F105 (vlak overr brug over kanaal),2023-01-23,13:00:00,35,22,13,F1052
570,F105 (vlak overr brug over kanaal),2023-01-23,14:00:00,30,22,8,F1052
570,F105 (vlak overr brug over kanaal),2023-01-23,15:00:00,42,14,28,F1052
570,F105 (vlak overr brug over kanaal),2023-01-23,16:00:00,62,22,40,F1052
570,F105 (vlak overr brug over kanaal),2023-01-23,17:00:00,33,13,20,F1052
570,F105 (vlak overr brug over kanaal),2023-01-23,18:00:00,13,5,8,F1052
570,F105 (vlak overr brug over kanaal),2023-01-23,19:00:00,4,2,2,F1052
570,F105 (vlak overr brug over kanaal),2023-01-23,20:00:00,6,3,3,F1052
570,F105 (vlak overr brug over kanaal),2023-01-23,21:00:00,7,3,4,F1052
570,F105 (vlak overr brug over kanaal),2023-01-23,22:00:00,15,9,6,F1052
570,F105 (vlak overr brug over kanaal),2023-01-23,23:00:00,0,0,0,F1052
570,F105 (vlak overr brug over kanaal),2023-01-24,00:00:00,2,1,1,F1052
570,F105 (vlak overr brug over kanaal),2023-01-24,01:00:00,1,1,0,F1052
570,F105 (vlak overr brug over kanaal),2023-01-24,02:00:00,0,0,0,F1052
570,F105 (vlak overr brug over kanaal),2023-01-24,03:00:00,1,0,1,F1052
570,F105 (vlak overr brug over kanaal),2023-01-24,04:00:00,4,3,1,F1052
570,F105 (vlak overr brug over kanaal),2023-01-24,05:00:00,15,4,11,F1052
570,F105 (vlak overr brug over kanaal),2023-01-24,06:00:00,31,16,15,F1052
570,F105 (vlak overr brug over kanaal),2023-01-24,07:00:00,76,43,33,F1052
570,F105 (vlak overr brug over kanaal),2023-01-24,08:00:00,68,50,18,F1052
570,F105 (vlak overr brug over kanaal),2023-01-24,09:00:00,15,11,4,F1052
570,F105 (vlak overr brug over kanaal),2023-01-24,10:00:00,14,7,7,F1052
570,F105 (vlak overr brug over kanaal),2023-01-24,11:00:00,23,15,8,F1052
570,F105 (vlak overr brug over kanaal),2023-01-24,12:00:00,18,11,7,F1052
570,F105 (vlak overr brug over kanaal),2023-01-24,13:00:00,42,24,18,F1052
570,F105 (vlak overr brug over kanaal),2023-01-24,14:00:00,39,19,20,F1052
570,F105 (vlak overr brug over kanaal),2023-01-24,15:00:00,60,14,46,F1052
570,F105 (vlak overr brug over kanaal),2023-01-24,16:00:00,99,34,65,F1052
570,F105 (vlak overr brug over kanaal),2023-01-24,17:00:00,27,10,17,F1052
570,F105 (vlak overr brug over kanaal),2023-01-24,18:00:00,24,10,14,F1052
570,F105 (vlak overr brug over kanaal),2023-01-24,19:00:00,14,5,9,F1052
570,F105 (vlak overr brug over kanaal),2023-01-24,20:00:00,14,9,5,F1052
570,F105 (vlak overr brug over kanaal),2023-01-24,21:00:00,11,4,7,F1052
570,F105 (vlak overr brug over kanaal),2023-01-24,22:00:00,10,8,2,F1052
570,F105 (vlak overr brug over kanaal),2023-01-24,23:00:00,1,1,0,F1052
570,F105 (vlak overr brug over kanaal),2023-01-25,00:00:00,1,0,1,F1052
570,F105 (vlak overr brug over kanaal),2023-01-25,01:00:00,1,0,1,F1052
570,F105 (vlak overr brug over kanaal),2023-01-25,02:00:00,0,0,0,F1052
570,F105 (vlak overr brug over kanaal),2023-01-25,03:00:00,0,0,0,F1052
570,F105 (vlak overr brug over kanaal),2023-01-25,04:00:00,3,3,0,F1052
570,F105 (vlak overr brug over kanaal),2023-01-25,05:00:00,11,4,7,F1052
570,F105 (vlak overr brug over kanaal),2023-01-25,06:00:00,25,12,13,F1052
570,F105 (vlak overr brug over kanaal),2023-01-25,07:00:00,46,28,18,F1052
570,F105 (vlak overr brug over kanaal),2023-01-25,08:00:00,67,51,16,F1052
570,F105 (vlak overr brug over kanaal),2023-01-25,09:00:00,19,10,9,F1052
570,F105 (vlak overr brug over kanaal),2023-01-25,10:00:00,19,7,12,F1052
570,F105 (vlak overr brug over kanaal),2023-01-25,11:00:00,13,3,10,F1052
570,F105 (vlak overr brug over kanaal),2023-01-25,12:00:00,44,5,39,F1052
570,F105 (vlak overr brug over kanaal),2023-01-25,13:00:00,54,30,24,F1052
570,F105 (vlak overr brug over kanaal),2023-01-25,14:00:00,32,15,17,F1052
570,F105 (vlak overr brug over kanaal),2023-01-25,15:00:00,17,7,10,F1052
570,F105 (vlak overr brug over kanaal),2023-01-25,16:00:00,44,16,28,F1052
570,F105 (vlak overr brug over kanaal),2023-01-25,17:00:00,23,7,16,F1052
570,F105 (vlak overr brug over kanaal),2023-01-25,18:00:00,17,5,12,F1052
570,F105 (vlak overr brug over kanaal),2023-01-25,19:00:00,10,9,1,F1052
570,F105 (vlak overr brug over kanaal),2023-01-25,20:00:00,6,3,3,F1052
570,F105 (vlak overr brug over kanaal),2023-01-25,21:00:00,7,4,3,F1052
570,F105 (vlak overr brug over kanaal),2023-01-25,22:00:00,15,8,7,F1052
570,F105 (vlak overr brug over kanaal),2023-01-25,23:00:00,3,3,0,F1052
570,F105 (vlak overr brug over kanaal),2023-01-26,00:00:00,0,0,0,F1052
570,F105 (vlak overr brug over kanaal),2023-01-26,01:00:00,0,0,0,F1052
570,F105 (vlak overr brug over kanaal),2023-01-26,02:00:00,0,0,0,F1052
570,F105 (vlak overr brug over kanaal),2023-01-26,03:00:00,0,0,0,F1052
570,F105 (vlak overr brug over kanaal),2023-01-26,04:00:00,4,3,1,F1052
570,F105 (vlak overr brug over kanaal),2023-01-26,05:00:00,9,4,5,F1052
570,F105 (vlak overr brug over kanaal),2023-01-26,06:00:00,14,5,9,F1052
570,F105 (vlak overr brug over kanaal),2023-01-26,07:00:00,45,31,14,F1052
570,F105 (vlak overr brug over kanaal),2023-01-26,08:00:00,46,41,5,F1052
570,F105 (vlak overr brug over kanaal),2023-01-26,09:00:00,8,5,3,F1052
570,F105 (vlak overr brug over kanaal),2023-01-26,10:00:00,8,3,5,F1052
570,F105 (vlak overr brug over kanaal),2023-01-26,11:00:00,12,9,3,F1052
570,F105 (vlak overr brug over kanaal),2023-01-26,12:00:00,12,5,7,F1052
570,F105 (vlak overr brug over kanaal),2023-01-26,13:00:00,37,24,13,F1052
570,F105 (vlak overr brug over kanaal),2023-01-26,14:00:00,44,19,25,F1052
570,F105 (vlak overr brug over kanaal),2023-01-26,15:00:00,57,10,47,F1052
570,F105 (vlak overr brug over kanaal),2023-01-26,16:00:00,61,21,40,F1052
570,F105 (vlak overr brug over kanaal),2023-01-26,17:00:00,25,10,15,F1052
570,F105 (vlak overr brug over kanaal),2023-01-26,18:00:00,19,11,8,F1052
570,F105 (vlak overr brug over kanaal),2023-01-26,19:00:00,8,1,7,F1052
570,F105 (vlak overr brug over kanaal),2023-01-26,20:00:00,12,5,7,F1052
570,F105 (vlak overr brug over kanaal),2023-01-26,21:00:00,9,5,4,F1052
570,F105 (vlak overr brug over kanaal),2023-01-26,22:00:00,8,5,3,F1052
570,F105 (vlak overr brug over kanaal),2023-01-26,23:00:00,1,0,1,F1052
570,F105 (vlak overr brug over kanaal),2023-01-27,00:00:00,2,1,1,F1052
570,F105 (vlak overr brug over kanaal),2023-01-27,01:00:00,3,0,3,F1052
570,F105 (vlak overr brug over kanaal),2023-01-27,02:00:00,0,0,0,F1052
570,F105 (vlak overr brug over kanaal),2023-01-27,03:00:00,0,0,0,F1052
570,F105 (vlak overr brug over kanaal),2023-01-27,04:00:00,3,3,0,F1052
570,F105 (vlak overr brug over kanaal),2023-01-27,05:00:00,15,3,12,F1052
570,F105 (vlak overr brug over kanaal),2023-01-27,06:00:00,17,10,7,F1052
570,F105 (vlak overr brug over kanaal),2023-01-27,07:00:00,54,33,21,F1052
570,F105 (vlak overr brug over kanaal),2023-01-27,08:00:00,55,42,13,F1052
570,F105 (vlak overr brug over kanaal),2023-01-27,09:00:00,17,11,6,F1052
570,F105 (vlak overr brug over kanaal),2023-01-27,10:00:00,32,20,12,F1052
570,F105 (vlak overr brug over kanaal),2023-01-27,11:00:00,19,7,12,F1052
570,F105 (vlak overr brug over kanaal),2023-01-27,12:00:00,21,8,13,F1052
570,F105 (vlak overr brug over kanaal),2023-01-27,13:00:00,43,9,34,F1052
570,F105 (vlak overr brug over kanaal),2023-01-27,14:00:00,44,23,21,F1052
570,F105 (vlak overr brug over kanaal),2023-01-27,15:00:00,53,20,33,F1052
570,F105 (vlak overr brug over kanaal),2023-01-27,16:00:00,61,18,43,F1052
570,F105 (vlak overr brug over kanaal),2023-01-27,17:00:00,32,12,20,F1052
570,F105 (vlak overr brug over kanaal),2023-01-27,18:00:00,18,8,10,F1052
570,F105 (vlak overr brug over kanaal),2023-01-27,19:00:00,10,2,8,F1052
570,F105 (vlak overr brug over kanaal),2023-01-27,20:00:00,12,5,7,F1052
570,F105 (vlak overr brug over kanaal),2023-01-27,21:00:00,5,2,3,F1052
570,F105 (vlak overr brug over kanaal),2023-01-27,22:00:00,12,6,6,F1052
570,F105 (vlak overr brug over kanaal),2023-01-27,23:00:00,1,0,1,F1052
570,F105 (vlak overr brug over kanaal),2023-01-28,00:00:00,5,2,3,F1052
570,F105 (vlak overr brug over kanaal),2023-01-28,01:00:00,2,1,1,F1052
570,F105 (vlak overr brug over kanaal),2023-01-28,02:00:00,1,0,1,F1052
570,F105 (vlak overr brug over kanaal),2023-01-28,03:00:00,1,0,1,F1052
570,F105 (vlak overr brug over kanaal),2023-01-28,04:00:00,0,0,0,F1052
570,F105 (vlak overr brug over kanaal),2023-01-28,05:00:00,1,0,1,F1052
570,F105 (vlak overr brug over kanaal),2023-01-28,06:00:00,7,4,3,F1052
570,F105 (vlak overr brug over kanaal),2023-01-28,07:00:00,2,0,2,F1052
570,F105 (vlak overr brug over kanaal),2023-01-28,08:00:00,5,3,2,F1052
570,F105 (vlak overr brug over kanaal),2023-01-28,09:00:00,9,8,1,F1052
570,F105 (vlak overr brug over kanaal),2023-01-28,10:00:00,15,11,4,F1052
570,F105 (vlak overr brug over kanaal),2023-01-28,11:00:00,13,8,5,F1052
570,F105 (vlak overr brug over kanaal),2023-01-28,12:00:00,20,9,11,F1052
570,F105 (vlak overr brug over kanaal),2023-01-28,13:00:00,42,21,21,F1052
570,F105 (vlak overr brug over kanaal),2023-01-28,14:00:00,38,22,16,F1052
570,F105 (vlak overr brug over kanaal),2023-01-28,15:00:00,33,13,20,F1052
570,F105 (vlak overr brug over kanaal),2023-01-28,16:00:00,31,16,15,F1052
570,F105 (vlak overr brug over kanaal),2023-01-28,17:00:00,9,5,4,F1052
570,F105 (vlak overr brug over kanaal),2023-01-28,18:00:00,12,6,6,F1052
570,F105 (vlak overr brug over kanaal),2023-01-28,19:00:00,10,6,4,F1052
570,F105 (vlak overr brug over kanaal),2023-01-28,20:00:00,5,4,1,F1052
570,F105 (vlak overr brug over kanaal),2023-01-28,21:00:00,4,0,4,F1052
570,F105 (vlak overr brug over kanaal),2023-01-28,22:00:00,4,2,2,F1052
570,F105 (vlak overr brug over kanaal),2023-01-28,23:00:00,5,2,3,F1052
570,F105 (vlak overr brug over kanaal),2023-01-29,00:00:00,2,1,1,F1052
570,F105 (vlak overr brug over kanaal),2023-01-29,01:00:00,3,2,1,F1052
570,F105 (vlak overr brug over kanaal),2023-01-29,02:00:00,6,0,6,F1052
570,F105 (vlak overr brug over kanaal),2023-01-29,03:00:00,3,2,1,F1052
570,F105 (vlak overr brug over kanaal),2023-01-29,04:00:00,0,0,0,F1052
570,F105 (vlak overr brug over kanaal),2023-01-29,05:00:00,1,0,1,F1052
570,F105 (vlak overr brug over kanaal),2023-01-29,06:00:00,4,3,1,F1052
570,F105 (vlak overr brug over kanaal),2023-01-29,07:00:00,0,0,0,F1052
570,F105 (vlak overr brug over kanaal),2023-01-29,08:00:00,11,6,5,F1052
570,F105 (vlak overr brug over kanaal),2023-01-29,09:00:00,15,9,6,F1052
570,F105 (vlak overr brug over kanaal),2023-01-29,10:00:00,36,21,15,F1052
570,F105 (vlak overr brug over kanaal),2023-01-29,11:00:00,12,4,8,F1052
570,F105 (vlak overr brug over kanaal),2023-01-29,12:00:00,19,7,12,F1052
570,F105 (vlak overr brug over kanaal),2023-01-29,13:00:00,11,9,2,F1052
570,F105 (vlak overr brug over kanaal),2023-01-29,14:00:00,15,5,10,F1052
570,F105 (vlak overr brug over kanaal),2023-01-29,15:00:00,17,8,9,F1052
570,F105 (vlak overr brug over kanaal),2023-01-29,16:00:00,10,6,4,F1052
570,F105 (vlak overr brug over kanaal),2023-01-29,17:00:00,15,8,7,F1052
570,F105 (vlak overr brug over kanaal),2023-01-29,18:00:00,8,5,3,F1052
570,F105 (vlak overr brug over kanaal),2023-01-29,19:00:00,11,7,4,F1052
570,F105 (vlak overr brug over kanaal),2023-01-29,20:00:00,4,1,3,F1052
570,F105 (vlak overr brug over kanaal),2023-01-29,21:00:00,5,3,2,F1052
570,F105 (vlak overr brug over kanaal),2023-01-29,22:00:00,1,0,1,F1052
570,F105 (vlak overr brug over kanaal),2023-01-29,23:00:00,1,0,1,F1052
570,F105 (vlak overr brug over kanaal),2023-01-30,00:00:00,0,0,0,F1052
570,F105 (vlak overr brug over kanaal),2023-01-30,01:00:00,1,0,1,F1052
570,F105 (vlak overr brug over kanaal),2023-01-30,02:00:00,0,0,0,F1052
570,F105 (vlak overr brug over kanaal),2023-01-30,03:00:00,0,0,0,F1052
570,F105 (vlak overr brug over kanaal),2023-01-30,04:00:00,3,2,1,F1052
570,F105 (vlak overr brug over kanaal),2023-01-30,05:00:00,13,4,9,F1052
570,F105 (vlak overr brug over kanaal),2023-01-30,06:00:00,21,10,11,F1052
570,F105 (vlak overr brug over kanaal),2023-01-30,07:00:00,67,40,27,F1052
570,F105 (vlak overr brug over kanaal),2023-01-30,08:00:00,65,45,20,F1052
570,F105 (vlak overr brug over kanaal),2023-01-30,09:00:00,14,8,6,F1052
570,F105 (vlak overr brug over kanaal),2023-01-30,10:00:00,28,15,13,F1052
570,F105 (vlak overr brug over kanaal),2023-01-30,11:00:00,19,10,9,F1052
570,F105 (vlak overr brug over kanaal),2023-01-30,12:00:00,40,24,16,F1052
570,F105 (vlak overr brug over kanaal),2023-01-30,13:00:00,38,19,19,F1052
570,F105 (vlak overr brug over kanaal),2023-01-30,14:00:00,37,21,16,F1052
570,F105 (vlak overr brug over kanaal),2023-01-30,15:00:00,58,22,36,F1052
570,F105 (vlak overr brug over kanaal),2023-01-30,16:00:00,73,22,51,F1052
570,F105 (vlak overr brug over kanaal),2023-01-30,17:00:00,33,14,19,F1052
570,F105 (vlak overr brug over kanaal),2023-01-30,18:00:00,16,8,8,F1052
570,F105 (vlak overr brug over kanaal),2023-01-30,19:00:00,9,4,5,F1052
570,F105 (vlak overr brug over kanaal),2023-01-30,20:00:00,9,5,4,F1052
570,F105 (vlak overr brug over kanaal),2023-01-30,21:00:00,13,2,11,F1052
570,F105 (vlak overr brug over kanaal),2023-01-30,22:00:00,11,6,5,F1052
570,F105 (vlak overr brug over kanaal),2023-01-30,23:00:00,2,1,1,F1052
570,F105 (vlak overr brug over kanaal),2023-01-31,00:00:00,1,0,1,F1052
570,F105 (vlak overr brug over kanaal),2023-01-31,01:00:00,0,0,0,F1052
570,F105 (vlak overr brug over kanaal),2023-01-31,02:00:00,0,0,0,F1052
570,F105 (vlak overr brug over kanaal),2023-01-31,03:00:00,1,0,1,F1052
570,F105 (vlak overr brug over kanaal),2023-01-31,04:00:00,1,1,0,F1052
570,F105 (vlak overr brug over kanaal),2023-01-31,05:00:00,21,6,15,F1052
570,F105 (vlak overr brug over kanaal),2023-01-31,06:00:00,31,17,14,F1052
570,F105 (vlak overr brug over kanaal),2023-01-31,07:00:00,68,39,29,F1052
570,F105 (vlak overr brug over kanaal),2023-01-31,08:00:00,78,56,22,F1052
570,F105 (vlak overr brug over kanaal),2023-01-31,09:00:00,17,13,4,F1052
570,F105 (vlak overr brug over kanaal),2023-01-31,10:00:00,12,5,7,F1052
570,F105 (vlak overr brug over kanaal),2023-01-31,11:00:00,23,4,19,F1052
570,F105 (vlak overr brug over kanaal),2023-01-31,12:00:00,34,8,26,F1052
570,F105 (vlak overr brug over kanaal),2023-01-31,13:00:00,28,18,10,F1052
570,F105 (vlak overr brug over kanaal),2023-01-31,14:00:00,31,14,17,F1052
570,F105 (vlak overr brug over kanaal),2023-01-31,15:00:00,41,15,26,F1052
570,F105 (vlak overr brug over kanaal),2023-01-31,16:00:00,75,25,50,F1052
570,F105 (vlak overr brug over kanaal),2023-01-31,17:00:00,38,17,21,F1052
570,F105 (vlak overr brug over kanaal),2023-01-31,18:00:00,24,16,8,F1052
570,F105 (vlak overr brug over kanaal),2023-01-31,19:00:00,5,1,4,F1052
570,F105 (vlak overr brug over kanaal),2023-01-31,20:00:00,9,6,3,F1052
570,F105 (vlak overr brug over kanaal),2023-01-31,21:00:00,10,4,6,F1052
570,F105 (vlak overr brug over kanaal),2023-01-31,22:00:00,9,4,5,F1052
570,F105 (vlak overr brug over kanaal),2023-01-31,23:00:00,2,0,2,F1052
570,F105 (vlak overr brug over kanaal),2023-02-01,00:00:00,2,1,1,F1052
570,F105 (vlak overr brug over kanaal),2023-02-01,01:00:00,0,0,0,F1052
570,F105 (vlak overr brug over kanaal),2023-02-01,02:00:00,0,0,0,F1052
570,F105 (vlak overr brug over kanaal),2023-02-01,03:00:00,1,0,1,F1052
570,F105 (vlak overr brug over kanaal),2023-02-01,04:00:00,3,2,1,F1052
570,F105 (vlak overr brug over kanaal),2023-02-01,05:00:00,21,7,14,F1052
570,F105 (vlak overr brug over kanaal),2023-02-01,06:00:00,28,16,12,F1052
570,F105 (vlak overr brug over kanaal),2023-02-01,07:00:00,63,40,23,F1052
570,F105 (vlak overr brug over kanaal),2023-02-01,08:00:00,77,62,15,F1052
570,F105 (vlak overr brug over kanaal),2023-02-01,09:00:00,24,11,13,F1052
570,F105 (vlak overr brug over kanaal),2023-02-01,10:00:00,19,5,14,F1052
570,F105 (vlak overr brug over kanaal),2023-02-01,11:00:00,27,11,16,F1052
570,F105 (vlak overr brug over kanaal),2023-02-01,12:00:00,75,21,54,F1052
570,F105 (vlak overr brug over kanaal),2023-02-01,13:00:00,31,15,16,F1052
570,F105 (vlak overr brug over kanaal),2023-02-01,14:00:00,50,29,21,F1052
570,F105 (vlak overr brug over kanaal),2023-02-01,15:00:00,29,14,15,F1052
570,F105 (vlak overr brug over kanaal),2023-02-01,16:00:00,56,24,32,F1052
570,F105 (vlak overr brug over kanaal),2023-02-01,17:00:00,37,19,18,F1052
570,F105 (vlak overr brug over kanaal),2023-02-01,18:00:00,17,6,11,F1052
570,F105 (vlak overr brug over kanaal),2023-02-01,19:00:00,11,3,8,F1052
570,F105 (vlak overr brug over kanaal),2023-02-01,20:00:00,10,6,4,F1052
570,F105 (vlak overr brug over kanaal),2023-02-01,21:00:00,10,5,5,F1052
570,F105 (vlak overr brug over kanaal),2023-02-01,22:00:00,22,18,4,F1052
570,F105 (vlak overr brug over kanaal),2023-02-01,23:00:00,2,0,2,F1052
570,F105 (vlak overr brug over kanaal),2023-02-02,00:00:00,2,0,2,F1052
570,F105 (vlak overr brug over kanaal),2023-02-02,01:00:00,1,1,0,F1052
570,F105 (vlak overr brug over kanaal),2023-02-02,02:00:00,11,0,11,F1052
570,F105 (vlak overr brug over kanaal),2023-02-02,03:00:00,1,0,1,F1052
570,F105 (vlak overr brug over kanaal),2023-02-02,04:00:00,3,2,1,F1052
570,F105 (vlak overr brug over kanaal),2023-02-02,05:00:00,13,3,10,F1052
570,F105 (vlak overr brug over kanaal),2023-02-02,06:00:00,28,14,14,F1052
570,F105 (vlak overr brug over kanaal),2023-02-02,07:00:00,57,35,22,F1052
570,F105 (vlak overr brug over kanaal),2023-02-02,08:00:00,69,50,19,F1052
570,F105 (vlak overr brug over kanaal),2023-02-02,09:00:00,28,21,7,F1052
570,F105 (vlak overr brug over kanaal),2023-02-02,10:00:00,22,8,14,F1052
570,F105 (vlak overr brug over kanaal),2023-02-02,11:00:00,15,8,7,F1052
570,F105 (vlak overr brug over kanaal),2023-02-02,12:00:00,27,15,12,F1052
570,F105 (vlak overr brug over kanaal),2023-02-02,13:00:00,38,20,18,F1052
570,F105 (vlak overr brug over kanaal),2023-02-02,14:00:00,41,20,21,F1052
570,F105 (vlak overr brug over kanaal),2023-02-02,15:00:00,45,14,31,F1052
570,F105 (vlak overr brug over kanaal),2023-02-02,16:00:00,66,19,47,F1052
570,F105 (vlak overr brug over kanaal),2023-02-02,17:00:00,40,16,24,F1052
570,F105 (vlak overr brug over kanaal),2023-02-02,18:00:00,21,10,11,F1052
570,F105 (vlak overr brug over kanaal),2023-02-02,19:00:00,12,3,9,F1052
570,F105 (vlak overr brug over kanaal),2023-02-02,20:00:00,18,4,14,F1052
570,F105 (vlak overr brug over kanaal),2023-02-02,21:00:00,10,6,4,F1052
570,F105 (vlak overr brug over kanaal),2023-02-02,22:00:00,11,7,4,F1052
570,F105 (vlak overr brug over kanaal),2023-02-02,23:00:00,4,0,4,F1052
570,F105 (vlak overr brug over kanaal),2023-02-03,00:00:00,3,1,2,F1052
570,F105 (vlak overr brug over kanaal),2023-02-03,01:00:00,2,2,0,F1052
570,F105 (vlak overr brug over kanaal),2023-02-03,02:00:00,1,1,0,F1052
570,F105 (vlak overr brug over kanaal),2023-02-03,03:00:00,1,0,1,F1052
570,F105 (vlak overr brug over kanaal),2023-02-03,04:00:00,4,3,1,F1052
570,F105 (vlak overr brug over kanaal),2023-02-03,05:00:00,9,2,7,F1052
570,F105 (vlak overr brug over kanaal),2023-02-03,06:00:00,19,13,6,F1052
570,F105 (vlak overr brug over kanaal),2023-02-03,07:00:00,54,34,20,F1052
570,F105 (vlak overr brug over kanaal),2023-02-03,08:00:00,48,30,18,F1052
570,F105 (vlak overr brug over kanaal),2023-02-03,09:00:00,37,22,15,F1052
570,F105 (vlak overr brug over kanaal),2023-02-03,10:00:00,25,17,8,F1052
570,F105 (vlak overr brug over kanaal),2023-02-03,11:00:00,26,10,16,F1052
570,F105 (vlak overr brug over kanaal),2023-02-03,12:00:00,33,12,21,F1052
570,F105 (vlak overr brug over kanaal),2023-02-03,13:00:00,36,21,15,F1052
570,F105 (vlak overr brug over kanaal),2023-02-03,14:00:00,55,23,32,F1052
570,F105 (vlak overr brug over kanaal),2023-02-03,15:00:00,55,26,29,F1052
570,F105 (vlak overr brug over kanaal),2023-02-03,16:00:00,49,16,33,F1052
570,F105 (vlak overr brug over kanaal),2023-02-03,17:00:00,39,14,25,F1052
570,F105 (vlak overr brug over kanaal),2023-02-03,18:00:00,19,5,14,F1052
570,F105 (vlak overr brug over kanaal),2023-02-03,19:00:00,15,8,7,F1052
570,F105 (vlak overr brug over kanaal),2023-02-03,20:00:00,7,4,3,F1052
570,F105 (vlak overr brug over kanaal),2023-02-03,21:00:00,7,3,4,F1052
570,F105 (vlak overr brug over kanaal),2023-02-03,22:00:00,12,7,5,F1052
570,F105 (vlak overr brug over kanaal),2023-02-03,23:00:00,1,0,1,F1052
570,F105 (vlak overr brug over kanaal),2023-02-04,00:00:00,3,2,1,F1052
570,F105 (vlak overr brug over kanaal),2023-02-04,01:00:00,3,0,3,F1052
570,F105 (vlak overr brug over kanaal),2023-02-04,02:00:00,1,1,0,F1052
570,F105 (vlak overr brug over kanaal),2023-02-04,03:00:00,0,0,0,F1052
570,F105 (vlak overr brug over kanaal),2023-02-04,04:00:00,1,1,0,F1052
570,F105 (vlak overr brug over kanaal),2023-02-04,05:00:00,4,1,3,F1052
570,F105 (vlak overr brug over kanaal),2023-02-04,06:00:00,5,3,2,F1052
570,F105 (vlak overr brug over kanaal),2023-02-04,07:00:00,6,4,2,F1052
570,F105 (vlak overr brug over kanaal),2023-02-04,08:00:00,13,10,3,F1052
570,F105 (vlak overr brug over kanaal),2023-02-04,09:00:00,21,8,13,F1052
570,F105 (vlak overr brug over kanaal),2023-02-04,10:00:00,28,19,9,F1052
570,F105 (vlak overr brug over kanaal),2023-02-04,11:00:00,15,5,10,F1052
570,F105 (vlak overr brug over kanaal),2023-02-04,12:00:00,24,9,15,F1052
570,F105 (vlak overr brug over kanaal),2023-02-04,13:00:00,14,9,5,F1052
570,F105 (vlak overr brug over kanaal),2023-02-04,14:00:00,28,15,13,F1052
570,F105 (vlak overr brug over kanaal),2023-02-04,15:00:00,10,5,5,F1052
570,F105 (vlak overr brug over kanaal),2023-02-04,16:00:00,17,6,11,F1052
570,F105 (vlak overr brug over kanaal),2023-02-04,17:00:00,16,7,9,F1052
570,F105 (vlak overr brug over kanaal),2023-02-04,18:00:00,4,1,3,F1052
570,F105 (vlak overr brug over kanaal),2023-02-04,19:00:00,12,6,6,F1052
570,F105 (vlak overr brug over kanaal),2023-02-04,20:00:00,7,2,5,F1052
570,F105 (vlak overr brug over kanaal),2023-02-04,21:00:00,13,7,6,F1052
570,F105 (vlak overr brug over kanaal),2023-02-04,22:00:00,6,5,1,F1052
570,F105 (vlak overr brug over kanaal),2023-02-04,23:00:00,8,4,4,F1052
570,F105 (vlak overr brug over kanaal),2023-02-05,00:00:00,0,0,0,F1052
570,F105 (vlak overr brug over kanaal),2023-02-05,01:00:00,2,2,0,F1052
570,F105 (vlak overr brug over kanaal),2023-02-05,02:00:00,1,0,1,F1052
570,F105 (vlak overr brug over kanaal),2023-02-05,03:00:00,0,0,0,F1052
570,F105 (vlak overr brug over kanaal),2023-02-05,04:00:00,0,0,0,F1052
570,F105 (vlak overr brug over kanaal),2023-02-05,05:00:00,1,1,0,F1052
570,F105 (vlak overr brug over kanaal),2023-02-05,06:00:00,3,3,0,F1052
570,F105 (vlak overr brug over kanaal),2023-02-05,07:00:00,3,1,2,F1052
570,F105 (vlak overr brug over kanaal),2023-02-05,08:00:00,7,4,3,F1052
570,F105 (vlak overr brug over kanaal),2023-02-05,09:00:00,28,14,14,F1052
570,F105 (vlak overr brug over kanaal),2023-02-05,10:00:00,33,22,11,F1052
570,F105 (vlak overr brug over kanaal),2023-02-05,11:00:00,25,11,14,F1052
570,F105 (vlak overr brug over kanaal),2023-02-05,12:00:00,16,5,11,F1052
570,F105 (vlak overr brug over kanaal),2023-02-05,13:00:00,16,4,12,F1052
570,F105 (vlak overr brug over kanaal),2023-02-05,14:00:00,21,12,9,F1052
570,F105 (vlak overr brug over kanaal),2023-02-05,15:00:00,16,11,5,F1052
570,F105 (vlak overr brug over kanaal),2023-02-05,16:00:00,17,5,12,F1052
570,F105 (vlak overr brug over kanaal),2023-02-05,17:00:00,22,14,8,F1052
570,F105 (vlak overr brug over kanaal),2023-02-05,18:00:00,11,7,4,F1052
570,F105 (vlak overr brug over kanaal),2023-02-05,19:00:00,11,3,8,F1052
570,F105 (vlak overr brug over kanaal),2023-02-05,20:00:00,5,2,3,F1052
570,F105 (vlak overr brug over kanaal),2023-02-05,21:00:00,11,3,8,F1052
570,F105 (vlak overr brug over kanaal),2023-02-05,22:00:00,1,1,0,F1052
570,F105 (vlak overr brug over kanaal),2023-02-05,23:00:00,0,0,0,F1052
570,F105 (vlak overr brug over kanaal),2023-02-06,00:00:00,0,0,0,F1052
570,F105 (vlak overr brug over kanaal),2023-02-06,01:00:00,0,0,0,F1052
570,F105 (vlak overr brug over kanaal),2023-02-06,02:00:00,0,0,0,F1052
570,F105 (vlak overr brug over kanaal),2023-02-06,03:00:00,0,0,0,F1052
570,F105 (vlak overr brug over kanaal),2023-02-06,04:00:00,4,3,1,F1052
570,F105 (vlak overr brug over kanaal),2023-02-06,05:00:00,13,4,9,F1052
570,F105 (vlak overr brug over kanaal),2023-02-06,06:00:00,31,21,10,F1052
570,F105 (vlak overr brug over kanaal),2023-02-06,07:00:00,80,51,29,F1052
570,F105 (vlak overr brug over kanaal),2023-02-06,08:00:00,70,55,15,F1052
570,F105 (vlak overr brug over kanaal),2023-02-06,09:00:00,32,27,5,F1052
570,F105 (vlak overr brug over kanaal),2023-02-06,10:00:00,13,8,5,F1052
570,F105 (vlak overr brug over kanaal),2023-02-06,11:00:00,7,2,5,F1052
570,F105 (vlak overr brug over kanaal),2023-02-06,12:00:00,45,10,35,F1052
570,F105 (vlak overr brug over kanaal),2023-02-06,13:00:00,59,32,27,F1052
570,F105 (vlak overr brug over kanaal),2023-02-06,14:00:00,86,36,50,F1052
570,F105 (vlak overr brug over kanaal),2023-02-06,15:00:00,78,37,41,F1052
570,F105 (vlak overr brug over kanaal),2023-02-06,16:00:00,114,35,79,F1052
570,F105 (vlak overr brug over kanaal),2023-02-06,17:00:00,44,19,25,F1052
570,F105 (vlak overr brug over kanaal),2023-02-06,18:00:00,11,3,8,F1052
570,F105 (vlak overr brug over kanaal),2023-02-06,19:00:00,10,6,4,F1052
570,F105 (vlak overr brug over kanaal),2023-02-06,20:00:00,7,5,2,F1052
570,F105 (vlak overr brug over kanaal),2023-02-06,21:00:00,11,3,8,F1052
570,F105 (vlak overr brug over kanaal),2023-02-06,22:00:00,11,7,4,F1052
570,F105 (vlak overr brug over kanaal),2023-02-06,23:00:00,2,0,2,F1052
570,F105 (vlak overr brug over kanaal),2023-02-07,00:00:00,2,1,1,F1052
570,F105 (vlak overr brug over kanaal),2023-02-07,01:00:00,1,0,1,F1052
570,F105 (vlak overr brug over kanaal),2023-02-07,02:00:00,0,0,0,F1052
570,F105 (vlak overr brug over kanaal),2023-02-07,03:00:00,0,0,0,F1052
570,F105 (vlak overr brug over kanaal),2023-02-07,04:00:00,5,4,1,F1052
570,F105 (vlak overr brug over kanaal),2023-02-07,05:00:00,11,4,7,F1052
570,F105 (vlak overr brug over kanaal),2023-02-07,06:00:00,31,16,15,F1052
570,F105 (vlak overr brug over kanaal),2023-02-07,07:00:00,70,40,30,F1052
570,F105 (vlak overr brug over kanaal),2023-02-07,08:00:00,69,54,15,F1052
570,F105 (vlak overr brug over kanaal),2023-02-07,09:00:00,22,14,8,F1052
570,F105 (vlak overr brug over kanaal),2023-02-07,10:00:00,11,6,5,F1052
570,F105 (vlak overr brug over kanaal),2023-02-07,11:00:00,20,14,6,F1052
570,F105 (vlak overr brug over kanaal),2023-02-07,12:00:00,30,12,18,F1052
570,F105 (vlak overr brug over kanaal),2023-02-07,13:00:00,70,34,36,F1052
570,F105 (vlak overr brug over kanaal),2023-02-07,14:00:00,71,33,38,F1052
570,F105 (vlak overr brug over kanaal),2023-02-07,15:00:00,80,31,49,F1052
570,F105 (vlak overr brug over kanaal),2023-02-07,16:00:00,96,32,64,F1052
570,F105 (vlak overr brug over kanaal),2023-02-07,17:00:00,56,29,27,F1052
570,F105 (vlak overr brug over kanaal),2023-02-07,18:00:00,15,7,8,F1052
570,F105 (vlak overr brug over kanaal),2023-02-07,19:00:00,16,6,10,F1052
570,F105 (vlak overr brug over kanaal),2023-02-07,20:00:00,7,3,4,F1052
570,F105 (vlak overr brug over kanaal),2023-02-07,21:00:00,16,7,9,F1052
570,F105 (vlak overr brug over kanaal),2023-02-07,22:00:00,14,9,5,F1052
570,F105 (vlak overr brug over kanaal),2023-02-07,23:00:00,2,2,0,F1052
570,F105 (vlak overr brug over kanaal),2023-02-08,00:00:00,2,0,2,F1052
570,F105 (vlak overr brug over kanaal),2023-02-08,01:00:00,0,0,0,F1052
570,F105 (vlak overr brug over kanaal),2023-02-08,02:00:00,0,0,0,F1052
570,F105 (vlak overr brug over kanaal),2023-02-08,03:00:00,0,0,0,F1052
570,F105 (vlak overr brug over kanaal),2023-02-08,04:00:00,4,2,2,F1052
570,F105 (vlak overr brug over kanaal),2023-02-08,05:00:00,15,6,9,F1052
570,F105 (vlak overr brug over kanaal),2023-02-08,06:00:00,26,18,8,F1052
570,F105 (vlak overr brug over kanaal),2023-02-08,07:00:00,63,41,22,F1052
570,F105 (vlak overr brug over kanaal),2023-02-08,08:00:00,57,46,11,F1052
570,F105 (vlak overr brug over kanaal),2023-02-08,09:00:00,18,12,6,F1052
570,F105 (vlak overr brug over kanaal),2023-02-08,10:00:00,19,9,10,F1052
570,F105 (vlak overr brug over kanaal),2023-02-08,11:00:00,17,6,11,F1052
570,F105 (vlak overr brug over kanaal),2023-02-08,12:00:00,79,25,54,F1052
570,F105 (vlak overr brug over kanaal),2023-02-08,13:00:00,87,36,51,F1052
570,F105 (vlak overr brug over kanaal),2023-02-08,14:00:00,64,33,31,F1052
570,F105 (vlak overr brug over kanaal),2023-02-08,15:00:00,67,39,28,F1052
570,F105 (vlak overr brug over kanaal),2023-02-08,16:00:00,62,16,46,F1052
570,F105 (vlak overr brug over kanaal),2023-02-08,17:00:00,37,16,21,F1052
570,F105 (vlak overr brug over kanaal),2023-02-08,18:00:00,26,6,20,F1052
570,F105 (vlak overr brug over kanaal),2023-02-08,19:00:00,10,7,3,F1052
570,F105 (vlak overr brug over kanaal),2023-02-08,20:00:00,7,5,2,F1052
570,F105 (vlak overr brug over kanaal),2023-02-08,21:00:00,9,2,7,F1052
570,F105 (vlak overr brug over kanaal),2023-02-08,22:00:00,13,8,5,F1052
570,F105 (vlak overr brug over kanaal),2023-02-08,23:00:00,4,2,2,F1052
570,F105 (vlak overr brug over kanaal),2023-02-09,00:00:00,2,0,2,F1052
570,F105 (vlak overr brug over kanaal),2023-02-09,01:00:00,0,0,0,F1052
570,F105 (vlak overr brug over kanaal),2023-02-09,02:00:00,0,0,0,F1052
570,F105 (vlak overr brug over kanaal),2023-02-09,03:00:00,0,0,0,F1052
570,F105 (vlak overr brug over kanaal),2023-02-09,04:00:00,5,4,1,F1052
570,F105 (vlak overr brug over kanaal),2023-02-09,05:00:00,15,5,10,F1052
570,F105 (vlak overr brug over kanaal),2023-02-09,06:00:00,24,11,13,F1052
570,F105 (vlak overr brug over kanaal),2023-02-09,07:00:00,68,46,22,F1052
570,F105 (vlak overr brug over kanaal),2023-02-09,08:00:00,60,48,12,F1052
570,F105 (vlak overr brug over kanaal),2023-02-09,09:00:00,11,8,3,F1052
570,F105 (vlak overr brug over kanaal),2023-02-09,10:00:00,13,3,10,F1052
570,F105 (vlak overr brug over kanaal),2023-02-09,11:00:00,24,11,13,F1052
570,F105 (vlak overr brug over kanaal),2023-02-09,12:00:00,32,18,14,F1052
570,F105 (vlak overr brug over kanaal),2023-02-09,13:00:00,54,22,32,F1052
570,F105 (vlak overr brug over kanaal),2023-02-09,14:00:00,41,16,25,F1052
570,F105 (vlak overr brug over kanaal),2023-02-09,15:00:00,59,23,36,F1052
570,F105 (vlak overr brug over kanaal),2023-02-09,16:00:00,90,28,62,F1052
570,F105 (vlak overr brug over kanaal),2023-02-09,17:00:00,29,12,17,F1052
570,F105 (vlak overr brug over kanaal),2023-02-09,18:00:00,23,12,11,F1052
570,F105 (vlak overr brug over kanaal),2023-02-09,19:00:00,10,1,9,F1052
570,F105 (vlak overr brug over kanaal),2023-02-09,20:00:00,9,7,2,F1052
570,F105 (vlak overr brug over kanaal),2023-02-09,21:00:00,10,5,5,F1052
570,F105 (vlak overr brug over kanaal),2023-02-09,22:00:00,14,9,5,F1052
570,F105 (vlak overr brug over kanaal),2023-02-09,23:00:00,4,3,1,F1052
570,F105 (vlak overr brug over kanaal),2023-02-10,00:00:00,2,1,1,F1052
570,F105 (vlak overr brug over kanaal),2023-02-10,01:00:00,3,1,2,F1052
570,F105 (vlak overr brug over kanaal),2023-02-10,02:00:00,0,0,0,F1052
570,F105 (vlak overr brug over kanaal),2023-02-10,03:00:00,0,0,0,F1052
570,F105 (vlak overr brug over kanaal),2023-02-10,04:00:00,5,3,2,F1052
570,F105 (vlak overr brug over kanaal),2023-02-10,05:00:00,12,3,9,F1052
570,F105 (vlak overr brug over kanaal),2023-02-10,06:00:00,23,13,10,F1052
570,F105 (vlak overr brug over kanaal),2023-02-10,07:00:00,66,49,17,F1052
570,F105 (vlak overr brug over kanaal),2023-02-10,08:00:00,68,53,15,F1052
570,F105 (vlak overr brug over kanaal),2023-02-10,09:00:00,28,19,9,F1052
570,F105 (vlak overr brug over kanaal),2023-02-10,10:00:00,32,15,17,F1052
570,F105 (vlak overr brug over kanaal),2023-02-10,11:00:00,24,8,16,F1052
570,F105 (vlak overr brug over kanaal),2023-02-10,12:00:00,30,9,21,F1052
570,F105 (vlak overr brug over kanaal),2023-02-10,13:00:00,58,22,36,F1052
570,F105 (vlak overr brug over kanaal),2023-02-10,14:00:00,60,30,30,F1052
570,F105 (vlak overr brug over kanaal),2023-02-10,15:00:00,92,28,64,F1052
570,F105 (vlak overr brug over kanaal),2023-02-10,16:00:00,70,25,45,F1052
570,F105 (vlak overr brug over kanaal),2023-02-10,17:00:00,31,10,21,F1052
570,F105 (vlak overr brug over kanaal),2023-02-10,18:00:00,26,12,14,F1052
570,F105 (vlak overr brug over kanaal),2023-02-10,19:00:00,10,7,3,F1052
570,F105 (vlak overr brug over kanaal),2023-02-10,20:00:00,6,4,2,F1052
570,F105 (vlak overr brug over kanaal),2023-02-10,21:00:00,12,3,9,F1052
570,F105 (vlak overr brug over kanaal),2023-02-10,22:00:00,13,9,4,F1052
570,F105 (vlak overr brug over kanaal),2023-02-10,23:00:00,4,2,2,F1052
570,F105 (vlak overr brug over kanaal),2023-02-11,00:00:00,3,1,2,F1052
570,F105 (vlak overr brug over kanaal),2023-02-11,01:00:00,2,1,1,F1052
570,F105 (vlak overr brug over kanaal),2023-02-11,02:00:00,0,0,0,F1052
570,F105 (vlak overr brug over kanaal),2023-02-11,03:00:00,1,0,1,F1052
570,F105 (vlak overr brug over kanaal),2023-02-11,04:00:00,5,0,5,F1052
570,F105 (vlak overr brug over kanaal),2023-02-11,05:00:00,4,1,3,F1052
570,F105 (vlak overr brug over kanaal),2023-02-11,06:00:00,5,4,1,F1052
570,F105 (vlak overr brug over kanaal),2023-02-11,07:00:00,1,1,0,F1052
570,F105 (vlak overr brug over kanaal),2023-02-11,08:00:00,11,6,5,F1052
570,F105 (vlak overr brug over kanaal),2023-02-11,09:00:00,15,7,8,F1052
570,F105 (vlak overr brug over kanaal),2023-02-11,10:00:00,18,8,10,F1052
570,F105 (vlak overr brug over kanaal),2023-02-11,11:00:00,29,25,4,F1052
570,F105 (vlak overr brug over kanaal),2023-02-11,12:00:00,32,18,14,F1052
570,F105 (vlak overr brug over kanaal),2023-02-11,13:00:00,41,21,20,F1052
570,F105 (vlak overr brug over kanaal),2023-02-11,14:00:00,40,26,14,F1052
570,F105 (vlak overr brug over kanaal),2023-02-11,15:00:00,29,13,16,F1052
570,F105 (vlak overr brug over kanaal),2023-02-11,16:00:00,19,9,10,F1052
570,F105 (vlak overr brug over kanaal),2023-02-11,17:00:00,15,5,10,F1052
570,F105 (vlak overr brug over kanaal),2023-02-11,18:00:00,19,13,6,F1052
570,F105 (vlak overr brug over kanaal),2023-02-11,19:00:00,9,4,5,F1052
570,F105 (vlak overr brug over kanaal),2023-02-11,20:00:00,18,11,7,F1052
570,F105 (vlak overr brug over kanaal),2023-02-11,21:00:00,4,2,2,F1052
570,F105 (vlak overr brug over kanaal),2023-02-11,22:00:00,8,8,0,F1052
570,F105 (vlak overr brug over kanaal),2023-02-11,23:00:00,1,1,0,F1052
570,F105 (vlak overr brug over kanaal),2023-02-12,00:00:00,2,0,2,F1052
570,F105 (vlak overr brug over kanaal),2023-02-12,01:00:00,11,5,6,F1052
570,F105 (vlak overr brug over kanaal),2023-02-12,02:00:00,10,3,7,F1052
570,F105 (vlak overr brug over kanaal),2023-02-12,03:00:00,5,0,5,F1052
570,F105 (vlak overr brug over kanaal),2023-02-12,04:00:00,1,0,1,F1052
570,F105 (vlak overr brug over kanaal),2023-02-12,05:00:00,4,1,3,F1052
570,F105 (vlak overr brug over kanaal),2023-02-12,06:00:00,4,3,1,F1052
570,F105 (vlak overr brug over kanaal),2023-02-12,07:00:00,2,0,2,F1052
570,F105 (vlak overr brug over kanaal),2023-02-12,08:00:00,16,10,6,F1052
570,F105 (vlak overr brug over kanaal),2023-02-12,09:00:00,32,15,17,F1052
570,F105 (vlak overr brug over kanaal),2023-02-12,10:00:00,59,25,34,F1052
570,F105 (vlak overr brug over kanaal),2023-02-12,11:00:00,36,12,24,F1052
570,F105 (vlak overr brug over kanaal),2023-02-12,12:00:00,40,18,22,F1052
570,F105 (vlak overr brug over kanaal),2023-02-12,13:00:00,47,18,29,F1052
570,F105 (vlak overr brug over kanaal),2023-02-12,14:00:00,37,20,17,F1052
570,F105 (vlak overr brug over kanaal),2023-02-12,15:00:00,33,15,18,F1052
570,F105 (vlak overr brug over kanaal),2023-02-12,16:00:00,27,16,11,F1052
570,F105 (vlak overr brug over kanaal),2023-02-12,17:00:00,17,6,11,F1052
570,F105 (vlak overr brug over kanaal),2023-02-12,18:00:00,9,4,5,F1052
570,F105 (vlak overr brug over kanaal),2023-02-12,19:00:00,13,6,7,F1052
570,F105 (vlak overr brug over kanaal),2023-02-12,20:00:00,7,4,3,F1052
570,F105 (vlak overr brug over kanaal),2023-02-12,21:00:00,7,3,4,F1052
570,F105 (vlak overr brug over kanaal),2023-02-12,22:00:00,4,3,1,F1052
570,F105 (vlak overr brug over kanaal),2023-02-12,23:00:00,1,0,1,F1052
570,F105 (vlak overr brug over kanaal),2023-02-13,00:00:00,0,0,0,F1052
570,F105 (vlak overr brug over kanaal),2023-02-13,01:00:00,0,0,0,F1052
570,F105 (vlak overr brug over kanaal),2023-02-13,02:00:00,0,0,0,F1052
570,F105 (vlak overr brug over kanaal),2023-02-13,03:00:00,0,0,0,F1052
570,F105 (vlak overr brug over kanaal),2023-02-13,04:00:00,4,2,2,F1052
570,F105 (vlak overr brug over kanaal),2023-02-13,05:00:00,20,7,13,F1052
570,F105 (vlak overr brug over kanaal),2023-02-13,06:00:00,21,10,11,F1052
570,F105 (vlak overr brug over kanaal),2023-02-13,07:00:00,83,47,36,F1052
570,F105 (vlak overr brug over kanaal),2023-02-13,08:00:00,80,56,24,F1052
570,F105 (vlak overr brug over kanaal),2023-02-13,09:00:00,21,11,10,F1052
570,F105 (vlak overr brug over kanaal),2023-02-13,10:00:00,25,9,16,F1052
570,F105 (vlak overr brug over kanaal),2023-02-13,11:00:00,24,12,12,F1052
570,F105 (vlak overr brug over kanaal),2023-02-13,12:00:00,55,25,30,F1052
570,F105 (vlak overr brug over kanaal),2023-02-13,13:00:00,87,47,40,F1052
570,F105 (vlak overr brug over kanaal),2023-02-13,14:00:00,103,51,52,F1052
570,F105 (vlak overr brug over kanaal),2023-02-13,15:00:00,77,37,40,F1052
570,F105 (vlak overr brug over kanaal),2023-02-13,16:00:00,128,49,79,F1052
570,F105 (vlak overr brug over kanaal),2023-02-13,17:00:00,47,21,26,F1052
570,F105 (vlak overr brug over kanaal),2023-02-13,18:00:00,25,10,15,F1052
570,F105 (vlak overr brug over kanaal),2023-02-13,19:00:00,6,4,2,F1052
570,F105 (vlak overr brug over kanaal),2023-02-13,20:00:00,10,6,4,F1052
570,F105 (vlak overr brug over kanaal),2023-02-13,21:00:00,13,5,8,F1052
570,F105 (vlak overr brug over kanaal),2023-02-13,22:00:00,16,8,8,F1052
570,F105 (vlak overr brug over kanaal),2023-02-13,23:00:00,5,3,2,F1052
570,F105 (vlak overr brug over kanaal),2023-02-14,00:00:00,0,0,0,F1052
570,F105 (vlak overr brug over kanaal),2023-02-14,01:00:00,0,0,0,F1052
570,F105 (vlak overr brug over kanaal),2023-02-14,02:00:00,0,0,0,F1052
570,F105 (vlak overr brug over kanaal),2023-02-14,03:00:00,0,0,0,F1052
570,F105 (vlak overr brug over kanaal),2023-02-14,04:00:00,4,3,1,F1052
570,F105 (vlak overr brug over kanaal),2023-02-14,05:00:00,20,8,12,F1052
570,F105 (vlak overr brug over kanaal),2023-02-14,06:00:00,40,21,19,F1052
570,F105 (vlak overr brug over kanaal),2023-02-14,07:00:00,86,54,32,F1052
570,F105 (vlak overr brug over kanaal),2023-02-14,08:00:00,66,51,15,F1052
570,F105 (vlak overr brug over kanaal),2023-02-14,09:00:00,34,18,16,F1052
570,F105 (vlak overr brug over kanaal),2023-02-14,10:00:00,32,15,17,F1052
570,F105 (vlak overr brug over kanaal),2023-02-14,11:00:00,29,7,22,F1052
570,F105 (vlak overr brug over kanaal),2023-02-14,12:00:00,45,21,24,F1052
570,F105 (vlak overr brug over kanaal),2023-02-14,13:00:00,123,61,62,F1052
570,F105 (vlak overr brug over kanaal),2023-02-14,14:00:00,121,66,55,F1052
570,F105 (vlak overr brug over kanaal),2023-02-14,15:00:00,105,41,64,F1052
570,F105 (vlak overr brug over kanaal),2023-02-14,16:00:00,120,49,71,F1052
570,F105 (vlak overr brug over kanaal),2023-02-14,17:00:00,73,36,37,F1052
570,F105 (vlak overr brug over kanaal),2023-02-14,18:00:00,23,9,14,F1052
570,F105 (vlak overr brug over kanaal),2023-02-14,19:00:00,11,6,5,F1052
570,F105 (vlak overr brug over kanaal),2023-02-14,20:00:00,14,7,7,F1052
570,F105 (vlak overr brug over kanaal),2023-02-14,21:00:00,10,6,4,F1052
570,F105 (vlak overr brug over kanaal),2023-02-14,22:00:00,13,8,5,F1052
570,F105 (vlak overr brug over kanaal),2023-02-14,23:00:00,2,1,1,F1052
570,F105 (vlak overr brug over kanaal),2023-02-15,00:00:00,0,0,0,F1052
570,F105 (vlak overr brug over kanaal),2023-02-15,01:00:00,0,0,0,F1052
570,F105 (vlak overr brug over kanaal),2023-02-15,02:00:00,0,0,0,F1052
570,F105 (vlak overr brug over kanaal),2023-02-15,03:00:00,0,0,0,F1052
570,F105 (vlak overr brug over kanaal),2023-02-15,04:00:00,3,2,1,F1052
570,F105 (vlak overr brug over kanaal),2023-02-15,05:00:00,19,7,12,F1052
570,F105 (vlak overr brug over kanaal),2023-02-15,06:00:00,34,18,16,F1052
570,F105 (vlak overr brug over kanaal),2023-02-15,07:00:00,69,42,27,F1052
570,F105 (vlak overr brug over kanaal),2023-02-15,08:00:00,71,52,19,F1052
570,F105 (vlak overr brug over kanaal),2023-02-15,09:00:00,21,12,9,F1052
570,F105 (vlak overr brug over kanaal),2023-02-15,10:00:00,14,6,8,F1052
570,F105 (vlak overr brug over kanaal),2023-02-15,11:00:00,29,8,21,F1052
570,F105 (vlak overr brug over kanaal),2023-02-15,12:00:00,76,23,53,F1052
570,F105 (vlak overr brug over kanaal),2023-02-15,13:00:00,81,36,45,F1052
570,F105 (vlak overr brug over kanaal),2023-02-15,14:00:00,97,56,41,F1052
570,F105 (vlak overr brug over kanaal),2023-02-15,15:00:00,61,34,27,F1052
570,F105 (vlak overr brug over kanaal),2023-02-15,16:00:00,79,35,44,F1052
570,F105 (vlak overr brug over kanaal),2023-02-15,17:00:00,59,29,30,F1052
570,F105 (vlak overr brug over kanaal),2023-02-15,18:00:00,25,9,16,F1052
570,F105 (vlak overr brug over kanaal),2023-02-15,19:00:00,8,4,4,F1052
570,F105 (vlak overr brug over kanaal),2023-02-15,20:00:00,12,5,7,F1052
570,F105 (vlak overr brug over kanaal),2023-02-15,21:00:00,9,4,5,F1052
570,F105 (vlak overr brug over kanaal),2023-02-15,22:00:00,22,10,12,F1052
570,F105 (vlak overr brug over kanaal),2023-02-15,23:00:00,3,1,2,F1052
570,F105 (vlak overr brug over kanaal),2023-02-16,00:00:00,3,2,1,F1052
570,F105 (vlak overr brug over kanaal),2023-02-16,01:00:00,0,0,0,F1052
570,F105 (vlak overr brug over kanaal),2023-02-16,02:00:00,0,0,0,F1052
570,F105 (vlak overr brug over kanaal),2023-02-16,03:00:00,0,0,0,F1052
570,F105 (vlak overr brug over kanaal),2023-02-16,04:00:00,2,1,1,F1052
570,F105 (vlak overr brug over kanaal),2023-02-16,05:00:00,16,7,9,F1052
570,F105 (vlak overr brug over kanaal),2023-02-16,06:00:00,28,9,19,F1052
570,F105 (vlak overr brug over kanaal),2023-02-16,07:00:00,60,38,22,F1052
570,F105 (vlak overr brug over kanaal),2023-02-16,08:00:00,59,43,16,F1052
570,F105 (vlak overr brug over kanaal),2023-02-16,09:00:00,26,14,12,F1052
570,F105 (vlak overr brug over kanaal),2023-02-16,10:00:00,15,5,10,F1052
570,F105 (vlak overr brug over kanaal),2023-02-16,11:00:00,9,7,2,F1052
570,F105 (vlak overr brug over kanaal),2023-02-16,12:00:00,11,7,4,F1052
570,F105 (vlak overr brug over kanaal),2023-02-16,13:00:00,36,17,19,F1052
570,F105 (vlak overr brug over kanaal),2023-02-16,14:00:00,51,35,16,F1052
570,F105 (vlak overr brug over kanaal),2023-02-16,15:00:00,56,22,34,F1052
570,F105 (vlak overr brug over kanaal),2023-02-16,16:00:00,80,36,44,F1052
570,F105 (vlak overr brug over kanaal),2023-02-16,17:00:00,38,12,26,F1052
570,F105 (vlak overr brug over kanaal),2023-02-16,18:00:00,25,11,14,F1052
570,F105 (vlak overr brug over kanaal),2023-02-16,19:00:00,13,2,11,F1052
570,F105 (vlak overr brug over kanaal),2023-02-16,20:00:00,8,4,4,F1052
570,F105 (vlak overr brug over kanaal),2023-02-16,21:00:00,11,5,6,F1052
570,F105 (vlak overr brug over kanaal),2023-02-16,22:00:00,10,6,4,F1052
570,F105 (vlak overr brug over kanaal),2023-02-16,23:00:00,1,1,0,F1052
570,F105 (vlak overr brug over kanaal),2023-02-17,00:00:00,0,0,0,F1052
570,F105 (vlak overr brug over kanaal),2023-02-17,01:00:00,1,1,0,F1052
570,F105 (vlak overr brug over kanaal),2023-02-17,02:00:00,0,0,0,F1052
570,F105 (vlak overr brug over kanaal),2023-02-17,03:00:00,0,0,0,F1052
570,F105 (vlak overr brug over kanaal),2023-02-17,04:00:00,3,2,1,F1052
570,F105 (vlak overr brug over kanaal),2023-02-17,05:00:00,13,4,9,F1052
570,F105 (vlak overr brug over kanaal),2023-02-17,06:00:00,28,13,15,F1052
570,F105 (vlak overr brug over kanaal),2023-02-17,07:00:00,52,32,20,F1052
570,F105 (vlak overr brug over kanaal),2023-02-17,08:00:00,63,44,19,F1052
570,F105 (vlak overr brug over kanaal),2023-02-17,09:00:00,24,11,13,F1052
570,F105 (vlak overr brug over kanaal),2023-02-17,10:00:00,22,10,12,F1052
570,F105 (vlak overr brug over kanaal),2023-02-17,11:00:00,27,10,17,F1052
570,F105 (vlak overr brug over kanaal),2023-02-17,12:00:00,29,13,16,F1052
570,F105 (vlak overr brug over kanaal),2023-02-17,13:00:00,29,13,16,F1052
570,F105 (vlak overr brug over kanaal),2023-02-17,14:00:00,47,16,31,F1052
570,F105 (vlak overr brug over kanaal),2023-02-17,15:00:00,60,19,41,F1052
570,F105 (vlak overr brug over kanaal),2023-02-17,16:00:00,57,27,30,F1052
570,F105 (vlak overr brug over kanaal),2023-02-17,17:00:00,34,20,14,F1052
570,F105 (vlak overr brug over kanaal),2023-02-17,18:00:00,14,7,7,F1052
570,F105 (vlak overr brug over kanaal),2023-02-17,19:00:00,9,7,2,F1052
570,F105 (vlak overr brug over kanaal),2023-02-17,20:00:00,10,7,3,F1052
570,F105 (vlak overr brug over kanaal),2023-02-17,21:00:00,12,6,6,F1052
570,F105 (vlak overr brug over kanaal),2023-02-17,22:00:00,9,4,5,F1052
570,F105 (vlak overr brug over kanaal),2023-02-17,23:00:00,3,3,0,F1052
570,F105 (vlak overr brug over kanaal),2023-02-18,00:00:00,2,0,2,F1052
570,F105 (vlak overr brug over kanaal),2023-02-18,01:00:00,3,1,2,F1052
570,F105 (vlak overr brug over kanaal),2023-02-18,02:00:00,1,1,0,F1052
570,F105 (vlak overr brug over kanaal),2023-02-18,03:00:00,2,1,1,F1052
570,F105 (vlak overr brug over kanaal),2023-02-18,04:00:00,1,1,0,F1052
570,F105 (vlak overr brug over kanaal),2023-02-18,05:00:00,2,0,2,F1052
570,F105 (vlak overr brug over kanaal),2023-02-18,06:00:00,4,1,3,F1052
570,F105 (vlak overr brug over kanaal),2023-02-18,07:00:00,5,3,2,F1052
570,F105 (vlak overr brug over kanaal),2023-02-18,08:00:00,12,6,6,F1052
570,F105 (vlak overr brug over kanaal),2023-02-18,09:00:00,8,5,3,F1052
570,F105 (vlak overr brug over kanaal),2023-02-18,10:00:00,14,11,3,F1052
570,F105 (vlak overr brug over kanaal),2023-02-18,11:00:00,32,7,25,F1052
570,F105 (vlak overr brug over kanaal),2023-02-18,12:00:00,17,7,10,F1052
570,F105 (vlak overr brug over kanaal),2023-02-18,13:00:00,32,19,13,F1052
570,F105 (vlak overr brug over kanaal),2023-02-18,14:00:00,16,10,6,F1052
570,F105 (vlak overr brug over kanaal),2023-02-18,15:00:00,32,20,12,F1052
570,F105 (vlak overr brug over kanaal),2023-02-18,16:00:00,21,12,9,F1052
570,F105 (vlak overr brug over kanaal),2023-02-18,17:00:00,21,4,17,F1052
570,F105 (vlak overr brug over kanaal),2023-02-18,18:00:00,12,4,8,F1052
570,F105 (vlak overr brug over kanaal),2023-02-18,19:00:00,11,7,4,F1052
570,F105 (vlak overr brug over kanaal),2023-02-18,20:00:00,7,4,3,F1052
570,F105 (vlak overr brug over kanaal),2023-02-18,21:00:00,6,3,3,F1052
570,F105 (vlak overr brug over kanaal),2023-02-18,22:00:00,5,3,2,F1052
570,F105 (vlak overr brug over kanaal),2023-02-18,23:00:00,10,6,4,F1052
570,F105 (vlak overr brug over kanaal),2023-02-19,00:00:00,2,1,1,F1052
570,F105 (vlak overr brug over kanaal),2023-02-19,01:00:00,3,1,2,F1052
570,F105 (vlak overr brug over kanaal),2023-02-19,02:00:00,5,4,1,F1052
570,F105 (vlak overr brug over kanaal),2023-02-19,03:00:00,3,1,2,F1052
570,F105 (vlak overr brug over kanaal),2023-02-19,04:00:00,5,4,1,F1052
570,F105 (vlak overr brug over kanaal),2023-02-19,05:00:00,1,0,1,F1052
570,F105 (vlak overr brug over kanaal),2023-02-19,06:00:00,2,2,0,F1052
570,F105 (vlak overr brug over kanaal),2023-02-19,07:00:00,5,3,2,F1052
570,F105 (vlak overr brug over kanaal),2023-02-19,08:00:00,20,12,8,F1052
570,F105 (vlak overr brug over kanaal),2023-02-19,09:00:00,42,24,18,F1052
570,F105 (vlak overr brug over kanaal),2023-02-19,10:00:00,47,15,32,F1052
570,F105 (vlak overr brug over kanaal),2023-02-19,11:00:00,34,17,17,F1052
570,F105 (vlak overr brug over kanaal),2023-02-19,12:00:00,24,8,16,F1052
570,F105 (vlak overr brug over kanaal),2023-02-19,13:00:00,21,13,8,F1052
570,F105 (vlak overr brug over kanaal),2023-02-19,14:00:00,21,10,11,F1052
570,F105 (vlak overr brug over kanaal),2023-02-19,15:00:00,25,8,17,F1052
570,F105 (vlak overr brug over kanaal),2023-02-19,16:00:00,20,14,6,F1052
570,F105 (vlak overr brug over kanaal),2023-02-19,17:00:00,9,3,6,F1052
570,F105 (vlak overr brug over kanaal),2023-02-19,18:00:00,8,6,2,F1052
570,F105 (vlak overr brug over kanaal),2023-02-19,19:00:00,8,5,3,F1052
570,F105 (vlak overr brug over kanaal),2023-02-19,20:00:00,1,1,0,F1052
570,F105 (vlak overr brug over kanaal),2023-02-19,21:00:00,5,1,4,F1052
570,F105 (vlak overr brug over kanaal),2023-02-19,22:00:00,3,0,3,F1052
570,F105 (vlak overr brug over kanaal),2023-02-19,23:00:00,2,2,0,F1052
570,F105 (vlak overr brug over kanaal),2023-02-20,00:00:00,1,0,1,F1052
570,F105 (vlak overr brug over kanaal),2023-02-20,01:00:00,0,0,0,F1052
570,F105 (vlak overr brug over kanaal),2023-02-20,02:00:00,0,0,0,F1052
570,F105 (vlak overr brug over kanaal),2023-02-20,03:00:00,0,0,0,F1052
570,F105 (vlak overr brug over kanaal),2023-02-20,04:00:00,5,5,0,F1052
570,F105 (vlak overr brug over kanaal),2023-02-20,05:00:00,13,5,8,F1052
570,F105 (vlak overr brug over kanaal),2023-02-20,06:00:00,28,14,14,F1052
570,F105 (vlak overr brug over kanaal),2023-02-20,07:00:00,47,24,23,F1052
570,F105 (vlak overr brug over kanaal),2023-02-20,08:00:00,38,22,16,F1052
570,F105 (vlak overr brug over kanaal),2023-02-20,09:00:00,17,12,5,F1052
570,F105 (vlak overr brug over kanaal),2023-02-20,10:00:00,25,15,10,F1052
570,F105 (vlak overr brug over kanaal),2023-02-20,11:00:00,20,10,10,F1052
570,F105 (vlak overr brug over kanaal),2023-02-20,12:00:00,30,12,18,F1052
570,F105 (vlak overr brug over kanaal),2023-02-20,13:00:00,47,26,21,F1052
570,F105 (vlak overr brug over kanaal),2023-02-20,14:00:00,42,22,20,F1052
570,F105 (vlak overr brug over kanaal),2023-02-20,15:00:00,29,17,12,F1052
570,F105 (vlak overr brug over kanaal),2023-02-20,16:00:00,61,31,30,F1052
570,F105 (vlak overr brug over kanaal),2023-02-20,17:00:00,42,24,18,F1052
570,F105 (vlak overr brug over kanaal),2023-02-20,18:00:00,29,9,20,F1052
570,F105 (vlak overr brug over kanaal),2023-02-20,19:00:00,5,2,3,F1052
570,F105 (vlak overr brug over kanaal),2023-02-20,20:00:00,8,3,5,F1052
570,F105 (vlak overr brug over kanaal),2023-02-20,21:00:00,15,7,8,F1052
570,F105 (vlak overr brug over kanaal),2023-02-20,22:00:00,16,6,10,F1052
570,F105 (vlak overr brug over kanaal),2023-02-20,23:00:00,2,2,0,F1052
570,F105 (vlak overr brug over kanaal),2023-02-21,00:00:00,0,0,0,F1052
570,F105 (vlak overr brug over kanaal),2023-02-21,01:00:00,0,0,0,F1052
570,F105 (vlak overr brug over kanaal),2023-02-21,02:00:00,0,0,0,F1052
570,F105 (vlak overr brug over kanaal),2023-02-21,03:00:00,0,0,0,F1052
570,F105 (vlak overr brug over kanaal),2023-02-21,04:00:00,5,4,1,F1052
570,F105 (vlak overr brug over kanaal),2023-02-21,05:00:00,14,6,8,F1052
570,F105 (vlak overr brug over kanaal),2023-02-21,06:00:00,36,19,17,F1052
570,F105 (vlak overr brug over kanaal),2023-02-21,07:00:00,52,27,25,F1052
570,F105 (vlak overr brug over kanaal),2023-02-21,08:00:00,34,20,14,F1052
570,F105 (vlak overr brug over kanaal),2023-02-21,09:00:00,8,5,3,F1052
570,F105 (vlak overr brug over kanaal),2023-02-21,10:00:00,17,8,9,F1052
570,F105 (vlak overr brug over kanaal),2023-02-21,11:00:00,22,10,12,F1052
570,F105 (vlak overr brug over kanaal),2023-02-21,12:00:00,40,20,20,F1052
570,F105 (vlak overr brug over kanaal),2023-02-21,13:00:00,40,20,20,F1052
570,F105 (vlak overr brug over kanaal),2023-02-21,14:00:00,52,30,22,F1052
570,F105 (vlak overr brug over kanaal),2023-02-21,15:00:00,40,22,18,F1052
570,F105 (vlak overr brug over kanaal),2023-02-21,16:00:00,46,21,25,F1052
570,F105 (vlak overr brug over kanaal),2023-02-21,17:00:00,51,24,27,F1052
570,F105 (vlak overr brug over kanaal),2023-02-21,18:00:00,18,7,11,F1052
570,F105 (vlak overr brug over kanaal),2023-02-21,19:00:00,15,4,11,F1052
570,F105 (vlak overr brug over kanaal),2023-02-21,20:00:00,11,6,5,F1052
570,F105 (vlak overr brug over kanaal),2023-02-21,21:00:00,14,6,8,F1052
570,F105 (vlak overr brug over kanaal),2023-02-21,22:00:00,19,11,8,F1052
570,F105 (vlak overr brug over kanaal),2023-02-21,23:00:00,2,1,1,F1052
570,F105 (vlak overr brug over kanaal),2023-02-22,00:00:00,0,0,0,F1052
570,F105 (vlak overr brug over kanaal),2023-02-22,01:00:00,0,0,0,F1052
570,F105 (vlak overr brug over kanaal),2023-02-22,02:00:00,0,0,0,F1052
570,F105 (vlak overr brug over kanaal),2023-02-22,03:00:00,0,0,0,F1052
570,F105 (vlak overr brug over kanaal),2023-02-22,04:00:00,3,3,0,F1052
570,F105 (vlak overr brug over kanaal),2023-02-22,05:00:00,14,5,9,F1052
570,F105 (vlak overr brug over kanaal),2023-02-22,06:00:00,27,16,11,F1052
570,F105 (vlak overr brug over kanaal),2023-02-22,07:00:00,40,20,20,F1052
570,F105 (vlak overr brug over kanaal),2023-02-22,08:00:00,27,17,10,F1052
570,F105 (vlak overr brug over kanaal),2023-02-22,09:00:00,20,12,8,F1052
570,F105 (vlak overr brug over kanaal),2023-02-22,10:00:00,28,13,15,F1052
570,F105 (vlak overr brug over kanaal),2023-02-22,11:00:00,17,8,9,F1052
570,F105 (vlak overr brug over kanaal),2023-02-22,12:00:00,23,14,9,F1052
570,F105 (vlak overr brug over kanaal),2023-02-22,13:00:00,39,16,23,F1052
570,F105 (vlak overr brug over kanaal),2023-02-22,14:00:00,37,20,17,F1052
570,F105 (vlak overr brug over kanaal),2023-02-22,15:00:00,54,34,20,F1052
570,F105 (vlak overr brug over kanaal),2023-02-22,16:00:00,60,27,33,F1052
570,F105 (vlak overr brug over kanaal),2023-02-22,17:00:00,36,14,22,F1052
570,F105 (vlak overr brug over kanaal),2023-02-22,18:00:00,23,13,10,F1052
570,F105 (vlak overr brug over kanaal),2023-02-22,19:00:00,8,5,3,F1052
570,F105 (vlak overr brug over kanaal),2023-02-22,20:00:00,8,4,4,F1052
570,F105 (vlak overr brug over kanaal),2023-02-22,21:00:00,9,6,3,F1052
570,F105 (vlak overr brug over kanaal),2023-02-22,22:00:00,16,8,8,F1052
570,F105 (vlak overr brug over kanaal),2023-02-22,23:00:00,0,0,0,F1052
570,F105 (vlak overr brug over kanaal),2023-02-23,00:00:00,0,0,0,F1052
570,F105 (vlak overr brug over kanaal),2023-02-23,01:00:00,1,0,1,F1052
570,F105 (vlak overr brug over kanaal),2023-02-23,02:00:00,0,0,0,F1052
570,F105 (vlak overr brug over kanaal),2023-02-23,03:00:00,1,0,1,F1052
570,F105 (vlak overr brug over kanaal),2023-02-23,04:00:00,5,4,1,F1052
570,F105 (vlak overr brug over kanaal),2023-02-23,05:00:00,11,2,9,F1052
570,F105 (vlak overr brug over kanaal),2023-02-23,06:00:00,22,9,13,F1052
570,F105 (vlak overr brug over kanaal),2023-02-23,07:00:00,43,26,17,F1052
570,F105 (vlak overr brug over kanaal),2023-02-23,08:00:00,23,13,10,F1052
570,F105 (vlak overr brug over kanaal),2023-02-23,09:00:00,25,11,14,F1052
570,F105 (vlak overr brug over kanaal),2023-02-23,10:00:00,22,10,12,F1052
570,F105 (vlak overr brug over kanaal),2023-02-23,11:00:00,21,5,16,F1052
570,F105 (vlak overr brug over kanaal),2023-02-23,12:00:00,26,16,10,F1052
570,F105 (vlak overr brug over kanaal),2023-02-23,13:00:00,49,17,32,F1052
570,F105 (vlak overr brug over kanaal),2023-02-23,14:00:00,45,28,17,F1052
570,F105 (vlak overr brug over kanaal),2023-02-23,15:00:00,38,18,20,F1052
570,F105 (vlak overr brug over kanaal),2023-02-23,16:00:00,41,17,24,F1052
570,F105 (vlak overr brug over kanaal),2023-02-23,17:00:00,39,18,21,F1052
570,F105 (vlak overr brug over kanaal),2023-02-23,18:00:00,19,11,8,F1052
570,F105 (vlak overr brug over kanaal),2023-02-23,19:00:00,9,5,4,F1052
570,F105 (vlak overr brug over kanaal),2023-02-23,20:00:00,16,6,10,F1052
570,F105 (vlak overr brug over kanaal),2023-02-23,21:00:00,9,3,6,F1052
570,F105 (vlak overr brug over kanaal),2023-02-23,22:00:00,15,7,8,F1052
570,F105 (vlak overr brug over kanaal),2023-02-23,23:00:00,1,1,0,F1052
570,F105 (vlak overr brug over kanaal),2023-02-24,00:00:00,0,0,0,F1052
570,F105 (vlak overr brug over kanaal),2023-02-24,01:00:00,0,0,0,F1052
570,F105 (vlak overr brug over kanaal),2023-02-24,02:00:00,1,1,0,F1052
570,F105 (vlak overr brug over kanaal),2023-02-24,03:00:00,1,0,1,F1052
570,F105 (vlak overr brug over kanaal),2023-02-24,04:00:00,2,2,0,F1052
570,F105 (vlak overr brug over kanaal),2023-02-24,05:00:00,11,3,8,F1052
570,F105 (vlak overr brug over kanaal),2023-02-24,06:00:00,20,10,10,F1052
570,F105 (vlak overr brug over kanaal),2023-02-24,07:00:00,38,21,17,F1052
570,F105 (vlak overr brug over kanaal),2023-02-24,08:00:00,30,21,9,F1052
570,F105 (vlak overr brug over kanaal),2023-02-24,09:00:00,24,12,12,F1052
570,F105 (vlak overr brug over kanaal),2023-02-24,10:00:00,33,18,15,F1052
570,F105 (vlak overr brug over kanaal),2023-02-24,11:00:00,22,9,13,F1052
570,F105 (vlak overr brug over kanaal),2023-02-24,12:00:00,34,17,17,F1052
570,F105 (vlak overr brug over kanaal),2023-02-24,13:00:00,30,11,19,F1052
570,F105 (vlak overr brug over kanaal),2023-02-24,14:00:00,29,17,12,F1052
570,F105 (vlak overr brug over kanaal),2023-02-24,15:00:00,31,20,11,F1052
570,F105 (vlak overr brug over kanaal),2023-02-24,16:00:00,45,19,26,F1052
570,F105 (vlak overr brug over kanaal),2023-02-24,17:00:00,26,10,16,F1052
570,F105 (vlak overr brug over kanaal),2023-02-24,18:00:00,12,6,6,F1052
570,F105 (vlak overr brug over kanaal),2023-02-24,19:00:00,11,5,6,F1052
570,F105 (vlak overr brug over kanaal),2023-02-24,20:00:00,8,7,1,F1052
570,F105 (vlak overr brug over kanaal),2023-02-24,21:00:00,14,8,6,F1052
570,F105 (vlak overr brug over kanaal),2023-02-24,22:00:00,12,7,5,F1052
570,F105 (vlak overr brug over kanaal),2023-02-24,23:00:00,10,6,4,F1052
570,F105 (vlak overr brug over kanaal),2023-02-25,00:00:00,0,0,0,F1052
570,F105 (vlak overr brug over kanaal),2023-02-25,01:00:00,0,0,0,F1052
570,F105 (vlak overr brug over kanaal),2023-02-25,02:00:00,4,1,3,F1052
570,F105 (vlak overr brug over kanaal),2023-02-25,03:00:00,1,0,1,F1052
570,F105 (vlak overr brug over kanaal),2023-02-25,04:00:00,0,0,0,F1052
570,F105 (vlak overr brug over kanaal),2023-02-25,05:00:00,3,0,3,F1052
570,F105 (vlak overr brug over kanaal),2023-02-25,06:00:00,7,3,4,F1052
570,F105 (vlak overr brug over kanaal),2023-02-25,07:00:00,10,6,4,F1052
570,F105 (vlak overr brug over kanaal),2023-02-25,08:00:00,12,6,6,F1052
570,F105 (vlak overr brug over kanaal),2023-02-25,09:00:00,27,13,14,F1052
570,F105 (vlak overr brug over kanaal),2023-02-25,10:00:00,32,18,14,F1052
570,F105 (vlak overr brug over kanaal),2023-02-25,11:00:00,30,15,15,F1052
570,F105 (vlak overr brug over kanaal),2023-02-25,12:00:00,24,7,17,F1052
570,F105 (vlak overr brug over kanaal),2023-02-25,13:00:00,29,9,20,F1052
570,F105 (vlak overr brug over kanaal),2023-02-25,14:00:00,33,19,14,F1052
570,F105 (vlak overr brug over kanaal),2023-02-25,15:00:00,16,7,9,F1052
570,F105 (vlak overr brug over kanaal),2023-02-25,16:00:00,18,11,7,F1052
570,F105 (vlak overr brug over kanaal),2023-02-25,17:00:00,13,6,7,F1052
570,F105 (vlak overr brug over kanaal),2023-02-25,18:00:00,10,0,10,F1052
570,F105 (vlak overr brug over kanaal),2023-02-25,19:00:00,13,4,9,F1052
570,F105 (vlak overr brug over kanaal),2023-02-25,20:00:00,3,1,2,F1052
570,F105 (vlak overr brug over kanaal),2023-02-25,21:00:00,7,5,2,F1052
570,F105 (vlak overr brug over kanaal),2023-02-25,22:00:00,4,4,0,F1052
570,F105 (vlak overr brug over kanaal),2023-02-25,23:00:00,4,3,1,F1052
570,F105 (vlak overr brug over kanaal),2023-02-26,00:00:00,3,1,2,F1052
570,F105 (vlak overr brug over kanaal),2023-02-26,01:00:00,1,0,1,F1052
570,F105 (vlak overr brug over kanaal),2023-02-26,02:00:00,1,1,0,F1052
570,F105 (vlak overr brug over kanaal),2023-02-26,03:00:00,1,0,1,F1052
570,F105 (vlak overr brug over kanaal),2023-02-26,04:00:00,2,0,2,F1052
570,F105 (vlak overr brug over kanaal),2023-02-26,05:00:00,3,1,2,F1052
570,F105 (vlak overr brug over kanaal),2023-02-26,06:00:00,3,2,1,F1052
570,F105 (vlak overr brug over kanaal),2023-02-26,07:00:00,4,3,1,F1052
570,F105 (vlak overr brug over kanaal),2023-02-26,08:00:00,8,3,5,F1052
570,F105 (vlak overr brug over kanaal),2023-02-26,09:00:00,29,13,16,F1052
570,F105 (vlak overr brug over kanaal),2023-02-26,10:00:00,40,14,26,F1052
570,F105 (vlak overr brug over kanaal),2023-02-26,11:00:00,28,16,12,F1052
570,F105 (vlak overr brug over kanaal),2023-02-26,12:00:00,33,9,24,F1052
570,F105 (vlak overr brug over kanaal),2023-02-26,13:00:00,28,12,16,F1052
570,F105 (vlak overr brug over kanaal),2023-02-26,14:00:00,40,21,19,F1052
570,F105 (vlak overr brug over kanaal),2023-02-26,15:00:00,34,16,18,F1052
570,F105 (vlak overr brug over kanaal),2023-02-26,16:00:00,18,12,6,F1052
570,F105 (vlak overr brug over kanaal),2023-02-26,17:00:00,20,11,9,F1052
570,F105 (vlak overr brug over kanaal),2023-02-26,18:00:00,8,3,5,F1052
570,F105 (vlak overr brug over kanaal),2023-02-26,19:00:00,11,5,6,F1052
570,F105 (vlak overr brug over kanaal),2023-02-26,20:00:00,7,5,2,F1052
570,F105 (vlak overr brug over kanaal),2023-02-26,21:00:00,3,1,2,F1052
570,F105 (vlak overr brug over kanaal),2023-02-26,22:00:00,3,2,1,F1052
570,F105 (vlak overr brug over kanaal),2023-02-26,23:00:00,1,0,1,F1052
570,F105 (vlak overr brug over kanaal),2023-02-27,00:00:00,0,0,0,F1052
570,F105 (vlak overr brug over kanaal),2023-02-27,01:00:00,0,0,0,F1052
570,F105 (vlak overr brug over kanaal),2023-02-27,02:00:00,0,0,0,F1052
570,F105 (vlak overr brug over kanaal),2023-02-27,03:00:00,2,1,1,F1052
570,F105 (vlak overr brug over kanaal),2023-02-27,04:00:00,6,4,2,F1052
570,F105 (vlak overr brug over kanaal),2023-02-27,05:00:00,14,5,9,F1052
570,F105 (vlak overr brug over kanaal),2023-02-27,06:00:00,33,19,14,F1052
570,F105 (vlak overr brug over kanaal),2023-02-27,07:00:00,79,47,32,F1052
570,F105 (vlak overr brug over kanaal),2023-02-27,08:00:00,82,62,20,F1052
570,F105 (vlak overr brug over kanaal),2023-02-27,09:00:00,20,12,8,F1052
570,F105 (vlak overr brug over kanaal),2023-02-27,10:00:00,16,9,7,F1052
570,F105 (vlak overr brug over kanaal),2023-02-27,11:00:00,20,12,8,F1052
570,F105 (vlak overr brug over kanaal),2023-02-27,12:00:00,33,14,19,F1052
570,F105 (vlak overr brug over kanaal),2023-02-27,13:00:00,49,21,28,F1052
570,F105 (vlak overr brug over kanaal),2023-02-27,14:00:00,45,26,19,F1052
570,F105 (vlak overr brug over kanaal),2023-02-27,15:00:00,74,26,48,F1052
570,F105 (vlak overr brug over kanaal),2023-02-27,16:00:00,89,26,63,F1052
570,F105 (vlak overr brug over kanaal),2023-02-27,17:00:00,50,18,32,F1052
570,F105 (vlak overr brug over kanaal),2023-02-27,18:00:00,17,6,11,F1052
570,F105 (vlak overr brug over kanaal),2023-02-27,19:00:00,13,4,9,F1052
570,F105 (vlak overr brug over kanaal),2023-02-27,20:00:00,8,5,3,F1052
570,F105 (vlak overr brug over kanaal),2023-02-27,21:00:00,10,2,8,F1052
570,F105 (vlak overr brug over kanaal),2023-02-27,22:00:00,14,10,4,F1052
570,F105 (vlak overr brug over kanaal),2023-02-27,23:00:00,6,1,5,F1052
570,F105 (vlak overr brug over kanaal),2023-02-28,00:00:00,2,1,1,F1052
570,F105 (vlak overr brug over kanaal),2023-02-28,01:00:00,0,0,0,F1052
570,F105 (vlak overr brug over kanaal),2023-02-28,02:00:00,0,0,0,F1052
570,F105 (vlak overr brug over kanaal),2023-02-28,03:00:00,0,0,0,F1052
570,F105 (vlak overr brug over kanaal),2023-02-28,04:00:00,8,3,5,F1052
570,F105 (vlak overr brug over kanaal),2023-02-28,05:00:00,14,4,10,F1052
570,F105 (vlak overr brug over kanaal),2023-02-28,06:00:00,34,18,16,F1052
570,F105 (vlak overr brug over kanaal),2023-02-28,07:00:00,76,47,29,F1052
570,F105 (vlak overr brug over kanaal),2023-02-28,08:00:00,82,57,25,F1052
570,F105 (vlak overr brug over kanaal),2023-02-28,09:00:00,20,12,8,F1052
570,F105 (vlak overr brug over kanaal),2023-02-28,10:00:00,14,8,6,F1052
570,F105 (vlak overr brug over kanaal),2023-02-28,11:00:00,24,5,19,F1052
570,F105 (vlak overr brug over kanaal),2023-02-28,12:00:00,36,17,19,F1052
570,F105 (vlak overr brug over kanaal),2023-02-28,13:00:00,46,22,24,F1052
570,F105 (vlak overr brug over kanaal),2023-02-28,14:00:00,48,21,27,F1052
570,F105 (vlak overr brug over kanaal),2023-02-28,15:00:00,88,32,56,F1052
570,F105 (vlak overr brug over kanaal),2023-02-28,16:00:00,108,45,63,F1052
570,F105 (vlak overr brug over kanaal),2023-02-28,17:00:00,55,23,32,F1052
570,F105 (vlak overr brug over kanaal),2023-02-28,18:00:00,28,13,15,F1052
570,F105 (vlak overr brug over kanaal),2023-02-28,19:00:00,11,3,8,F1052
570,F105 (vlak overr brug over kanaal),2023-02-28,20:00:00,10,7,3,F1052
570,F105 (vlak overr brug over kanaal),2023-02-28,21:00:00,11,2,9,F1052
570,F105 (vlak overr brug over kanaal),2023-02-28,22:00:00,15,7,8,F1052
570,F105 (vlak overr brug over kanaal),2023-02-28,23:00:00,2,1,1,F1052
570,F105 (vlak overr brug over kanaal),2023-03-01,00:00:00,0,0,0,F1052
570,F105 (vlak overr brug over kanaal),2023-03-01,01:00:00,0,0,0,F1052
570,F105 (vlak overr brug over kanaal),2023-03-01,02:00:00,0,0,0,F1052
570,F105 (vlak overr brug over kanaal),2023-03-01,03:00:00,0,0,0,F1052
570,F105 (vlak overr brug over kanaal),2023-03-01,04:00:00,6,1,5,F1052
570,F105 (vlak overr brug over kanaal),2023-03-01,05:00:00,14,3,11,F1052
570,F105 (vlak overr brug over kanaal),2023-03-01,06:00:00,27,15,12,F1052
570,F105 (vlak overr brug over kanaal),2023-03-01,07:00:00,67,43,24,F1052
570,F105 (vlak overr brug over kanaal),2023-03-01,08:00:00,58,43,15,F1052
570,F105 (vlak overr brug over kanaal),2023-03-01,09:00:00,25,11,14,F1052
570,F105 (vlak overr brug over kanaal),2023-03-01,10:00:00,20,6,14,F1052
570,F105 (vlak overr brug over kanaal),2023-03-01,11:00:00,28,11,17,F1052
570,F105 (vlak overr brug over kanaal),2023-03-01,12:00:00,74,27,47,F1052
570,F105 (vlak overr brug over kanaal),2023-03-01,13:00:00,66,30,36,F1052
570,F105 (vlak overr brug over kanaal),2023-03-01,14:00:00,64,24,40,F1052
570,F105 (vlak overr brug over kanaal),2023-03-01,15:00:00,44,22,22,F1052
570,F105 (vlak overr brug over kanaal),2023-03-01,16:00:00,67,23,44,F1052
570,F105 (vlak overr brug over kanaal),2023-03-01,17:00:00,61,25,36,F1052
570,F105 (vlak overr brug over kanaal),2023-03-01,18:00:00,28,13,15,F1052
570,F105 (vlak overr brug over kanaal),2023-03-01,19:00:00,10,7,3,F1052
570,F105 (vlak overr brug over kanaal),2023-03-01,20:00:00,7,3,4,F1052
570,F105 (vlak overr brug over kanaal),2023-03-01,21:00:00,10,3,7,F1052
570,F105 (vlak overr brug over kanaal),2023-03-01,22:00:00,14,9,5,F1052
570,F105 (vlak overr brug over kanaal),2023-03-01,23:00:00,4,2,2,F1052
570,F105 (vlak overr brug over kanaal),2023-03-02,00:00:00,2,0,2,F1052
570,F105 (vlak overr brug over kanaal),2023-03-02,01:00:00,0,0,0,F1052
570,F105 (vlak overr brug over kanaal),2023-03-02,02:00:00,0,0,0,F1052
570,F105 (vlak overr brug over kanaal),2023-03-02,03:00:00,1,0,1,F1052
570,F105 (vlak overr brug over kanaal),2023-03-02,04:00:00,6,3,3,F1052
570,F105 (vlak overr brug over kanaal),2023-03-02,05:00:00,13,3,10,F1052
570,F105 (vlak overr brug over kanaal),2023-03-02,06:00:00,34,17,17,F1052
570,F105 (vlak overr brug over kanaal),2023-03-02,07:00:00,65,46,19,F1052
570,F105 (vlak overr brug over kanaal),2023-03-02,08:00:00,88,68,20,F1052
570,F105 (vlak overr brug over kanaal),2023-03-02,09:00:00,26,13,13,F1052
570,F105 (vlak overr brug over kanaal),2023-03-02,10:00:00,32,17,15,F1052
570,F105 (vlak overr brug over kanaal),2023-03-02,11:00:00,30,19,11,F1052
570,F105 (vlak overr brug over kanaal),2023-03-02,12:00:00,64,39,25,F1052
570,F105 (vlak overr brug over kanaal),2023-03-02,13:00:00,85,42,43,F1052
570,F105 (vlak overr brug over kanaal),2023-03-02,14:00:00,65,36,29,F1052
570,F105 (vlak overr brug over kanaal),2023-03-02,15:00:00,102,26,76,F1052
570,F105 (vlak overr brug over kanaal),2023-03-02,16:00:00,102,30,72,F1052
570,F105 (vlak overr brug over kanaal),2023-03-02,17:00:00,53,20,33,F1052
570,F105 (vlak overr brug over kanaal),2023-03-02,18:00:00,26,14,12,F1052
570,F105 (vlak overr brug over kanaal),2023-03-02,19:00:00,10,5,5,F1052
570,F105 (vlak overr brug over kanaal),2023-03-02,20:00:00,10,3,7,F1052
570,F105 (vlak overr brug over kanaal),2023-03-02,21:00:00,9,3,6,F1052
570,F105 (vlak overr brug over kanaal),2023-03-02,22:00:00,9,5,4,F1052
570,F105 (vlak overr brug over kanaal),2023-03-02,23:00:00,3,2,1,F1052
570,F105 (vlak overr brug over kanaal),2023-03-03,00:00:00,5,4,1,F1052
570,F105 (vlak overr brug over kanaal),2023-03-03,01:00:00,1,0,1,F1052
570,F105 (vlak overr brug over kanaal),2023-03-03,02:00:00,4,2,2,F1052
570,F105 (vlak overr brug over kanaal),2023-03-03,03:00:00,1,0,1,F1052
570,F105 (vlak overr brug over kanaal),2023-03-03,04:00:00,6,3,3,F1052
570,F105 (vlak overr brug over kanaal),2023-03-03,05:00:00,9,2,7,F1052
570,F105 (vlak overr brug over kanaal),2023-03-03,06:00:00,27,13,14,F1052
570,F105 (vlak overr brug over kanaal),2023-03-03,07:00:00,72,46,26,F1052
570,F105 (vlak overr brug over kanaal),2023-03-03,08:00:00,85,69,16,F1052
570,F105 (vlak overr brug over kanaal),2023-03-03,09:00:00,23,12,11,F1052
570,F105 (vlak overr brug over kanaal),2023-03-03,10:00:00,23,8,15,F1052
570,F105 (vlak overr brug over kanaal),2023-03-03,11:00:00,20,8,12,F1052
570,F105 (vlak overr brug over kanaal),2023-03-03,12:00:00,22,12,10,F1052
570,F105 (vlak overr brug over kanaal),2023-03-03,13:00:00,41,20,21,F1052
570,F105 (vlak overr brug over kanaal),2023-03-03,14:00:00,58,21,37,F1052
570,F105 (vlak overr brug over kanaal),2023-03-03,15:00:00,71,23,48,F1052
570,F105 (vlak overr brug over kanaal),2023-03-03,16:00:00,110,38,72,F1052
570,F105 (vlak overr brug over kanaal),2023-03-03,17:00:00,47,18,29,F1052
570,F105 (vlak overr brug over kanaal),2023-03-03,18:00:00,20,6,14,F1052
570,F105 (vlak overr brug over kanaal),2023-03-03,19:00:00,18,9,9,F1052
570,F105 (vlak overr brug over kanaal),2023-03-03,20:00:00,4,4,0,F1052
570,F105 (vlak overr brug over kanaal),2023-03-03,21:00:00,12,8,4,F1052
570,F105 (vlak overr brug over kanaal),2023-03-03,22:00:00,9,4,5,F1052
570,F105 (vlak overr brug over kanaal),2023-03-03,23:00:00,6,0,6,F1052
570,F105 (vlak overr brug over kanaal),2023-03-04,00:00:00,5,2,3,F1052
570,F105 (vlak overr brug over kanaal),2023-03-04,01:00:00,1,1,0,F1052
570,F105 (vlak overr brug over kanaal),2023-03-04,02:00:00,4,2,2,F1052
570,F105 (vlak overr brug over kanaal),2023-03-04,03:00:00,0,0,0,F1052
570,F105 (vlak overr brug over kanaal),2023-03-04,04:00:00,2,1,1,F1052
570,F105 (vlak overr brug over kanaal),2023-03-04,05:00:00,2,0,2,F1052
570,F105 (vlak overr brug over kanaal),2023-03-04,06:00:00,7,2,5,F1052
570,F105 (vlak overr brug over kanaal),2023-03-04,07:00:00,6,3,3,F1052
570,F105 (vlak overr brug over kanaal),2023-03-04,08:00:00,14,6,8,F1052
570,F105 (vlak overr brug over kanaal),2023-03-04,09:00:00,16,9,7,F1052
570,F105 (vlak overr brug over kanaal),2023-03-04,10:00:00,18,8,10,F1052
570,F105 (vlak overr brug over kanaal),2023-03-04,11:00:00,23,11,12,F1052
570,F105 (vlak overr brug over kanaal),2023-03-04,12:00:00,19,8,11,F1052
570,F105 (vlak overr brug over kanaal),2023-03-04,13:00:00,54,22,32,F1052
570,F105 (vlak overr brug over kanaal),2023-03-04,14:00:00,33,23,10,F1052
570,F105 (vlak overr brug over kanaal),2023-03-04,15:00:00,31,12,19,F1052
570,F105 (vlak overr brug over kanaal),2023-03-04,16:00:00,19,9,10,F1052
570,F105 (vlak overr brug over kanaal),2023-03-04,17:00:00,16,6,10,F1052
570,F105 (vlak overr brug over kanaal),2023-03-04,18:00:00,8,2,6,F1052
570,F105 (vlak overr brug over kanaal),2023-03-04,19:00:00,12,6,6,F1052
570,F105 (vlak overr brug over kanaal),2023-03-04,20:00:00,14,4,10,F1052
570,F105 (vlak overr brug over kanaal),2023-03-04,21:00:00,3,2,1,F1052
570,F105 (vlak overr brug over kanaal),2023-03-04,22:00:00,6,1,5,F1052
570,F105 (vlak overr brug over kanaal),2023-03-04,23:00:00,4,3,1,F1052
570,F105 (vlak overr brug over kanaal),2023-03-05,00:00:00,5,5,0,F1052
570,F105 (vlak overr brug over kanaal),2023-03-05,01:00:00,1,0,1,F1052
570,F105 (vlak overr brug over kanaal),2023-03-05,02:00:00,1,1,0,F1052
570,F105 (vlak overr brug over kanaal),2023-03-05,03:00:00,3,2,1,F1052
570,F105 (vlak overr brug over kanaal),2023-03-05,04:00:00,1,1,0,F1052
570,F105 (vlak overr brug over kanaal),2023-03-05,05:00:00,2,0,2,F1052
570,F105 (vlak overr brug over kanaal),2023-03-05,06:00:00,4,3,1,F1052
570,F105 (vlak overr brug over kanaal),2023-03-05,07:00:00,2,1,1,F1052
570,F105 (vlak overr brug over kanaal),2023-03-05,08:00:00,21,7,14,F1052
570,F105 (vlak overr brug over kanaal),2023-03-05,09:00:00,108,39,69,F1052
570,F105 (vlak overr brug over kanaal),2023-03-05,10:00:00,108,29,79,F1052
570,F105 (vlak overr brug over kanaal),2023-03-05,11:00:00,42,8,34,F1052
570,F105 (vlak overr brug over kanaal),2023-03-05,12:00:00,21,9,12,F1052
570,F105 (vlak overr brug over kanaal),2023-03-05,13:00:00,18,10,8,F1052
570,F105 (vlak overr brug over kanaal),2023-03-05,14:00:00,17,5,12,F1052
570,F105 (vlak overr brug over kanaal),2023-03-05,15:00:00,14,9,5,F1052
570,F105 (vlak overr brug over kanaal),2023-03-05,16:00:00,17,8,9,F1052
570,F105 (vlak overr brug over kanaal),2023-03-05,17:00:00,11,5,6,F1052
570,F105 (vlak overr brug over kanaal),2023-03-05,18:00:00,15,7,8,F1052
570,F105 (vlak overr brug over kanaal),2023-03-05,19:00:00,11,7,4,F1052
570,F105 (vlak overr brug over kanaal),2023-03-05,20:00:00,0,0,0,F1052
570,F105 (vlak overr brug over kanaal),2023-03-05,21:00:00,8,4,4,F1052
570,F105 (vlak overr brug over kanaal),2023-03-05,22:00:00,2,0,2,F1052
570,F105 (vlak overr brug over kanaal),2023-03-05,23:00:00,2,2,0,F1052
570,F105 (vlak overr brug over kanaal),2023-03-06,00:00:00,0,0,0,F1052
570,F105 (vlak overr brug over kanaal),2023-03-06,01:00:00,0,0,0,F1052
570,F105 (vlak overr brug over kanaal),2023-03-06,02:00:00,0,0,0,F1052
570,F105 (vlak overr brug over kanaal),2023-03-06,03:00:00,0,0,0,F1052
570,F105 (vlak overr brug over kanaal),2023-03-06,04:00:00,2,2,0,F1052
570,F105 (vlak overr brug over kanaal),2023-03-06,05:00:00,15,6,9,F1052
570,F105 (vlak overr brug over kanaal),2023-03-06,06:00:00,25,11,14,F1052
570,F105 (vlak overr brug over kanaal),2023-03-06,07:00:00,77,47,30,F1052
570,F105 (vlak overr brug over kanaal),2023-03-06,08:00:00,73,55,18,F1052
570,F105 (vlak overr brug over kanaal),2023-03-06,09:00:00,13,9,4,F1052
570,F105 (vlak overr brug over kanaal),2023-03-06,10:00:00,12,7,5,F1052
570,F105 (vlak overr brug over kanaal),2023-03-06,11:00:00,14,8,6,F1052
570,F105 (vlak overr brug over kanaal),2023-03-06,12:00:00,11,2,9,F1052
570,F105 (vlak overr brug over kanaal),2023-03-06,13:00:00,24,12,12,F1052
570,F105 (vlak overr brug over kanaal),2023-03-06,14:00:00,28,12,16,F1052
570,F105 (vlak overr brug over kanaal),2023-03-06,15:00:00,68,28,40,F1052
570,F105 (vlak overr brug over kanaal),2023-03-06,16:00:00,79,27,52,F1052
570,F105 (vlak overr brug over kanaal),2023-03-06,17:00:00,26,9,17,F1052
570,F105 (vlak overr brug over kanaal),2023-03-06,18:00:00,12,6,6,F1052
570,F105 (vlak overr brug over kanaal),2023-03-06,19:00:00,10,2,8,F1052
570,F105 (vlak overr brug over kanaal),2023-03-06,20:00:00,6,2,4,F1052
570,F105 (vlak overr brug over kanaal),2023-03-06,21:00:00,6,4,2,F1052
570,F105 (vlak overr brug over kanaal),2023-03-06,22:00:00,9,7,2,F1052
570,F105 (vlak overr brug over kanaal),2023-03-06,23:00:00,0,0,0,F1052
570,F105 (vlak overr brug over kanaal),2023-03-07,00:00:00,1,1,0,F1052
570,F105 (vlak overr brug over kanaal),2023-03-07,01:00:00,0,0,0,F1052
570,F105 (vlak overr brug over kanaal),2023-03-07,02:00:00,0,0,0,F1052
570,F105 (vlak overr brug over kanaal),2023-03-07,03:00:00,0,0,0,F1052
570,F105 (vlak overr brug over kanaal),2023-03-07,04:00:00,2,2,0,F1052
570,F105 (vlak overr brug over kanaal),2023-03-07,05:00:00,10,2,8,F1052
570,F105 (vlak overr brug over kanaal),2023-03-07,06:00:00,18,8,10,F1052
570,F105 (vlak overr brug over kanaal),2023-03-07,07:00:00,53,30,23,F1052
570,F105 (vlak overr brug over kanaal),2023-03-07,08:00:00,55,47,8,F1052
570,F105 (vlak overr brug over kanaal),2023-03-07,09:00:00,5,3,2,F1052
570,F105 (vlak overr brug over kanaal),2023-03-07,10:00:00,5,1,4,F1052
570,F105 (vlak overr brug over kanaal),2023-03-07,11:00:00,4,1,3,F1052
570,F105 (vlak overr brug over kanaal),2023-03-07,12:00:00,9,3,6,F1052
570,F105 (vlak overr brug over kanaal),2023-03-07,13:00:00,10,2,8,F1052
570,F105 (vlak overr brug over kanaal),2023-03-07,14:00:00,24,9,15,F1052
570,F105 (vlak overr brug over kanaal),2023-03-07,15:00:00,37,10,27,F1052
570,F105 (vlak overr brug over kanaal),2023-03-07,16:00:00,42,14,28,F1052
570,F105 (vlak overr brug over kanaal),2023-03-07,17:00:00,22,9,13,F1052
570,F105 (vlak overr brug over kanaal),2023-03-07,18:00:00,14,3,11,F1052
570,F105 (vlak overr brug over kanaal),2023-03-07,19:00:00,3,3,0,F1052
570,F105 (vlak overr brug over kanaal),2023-03-07,20:00:00,3,2,1,F1052
570,F105 (vlak overr brug over kanaal),2023-03-07,21:00:00,5,3,2,F1052
570,F105 (vlak overr brug over kanaal),2023-03-07,22:00:00,8,5,3,F1052
570,F105 (vlak overr brug over kanaal),2023-03-07,23:00:00,2,2,0,F1052
570,F105 (vlak overr brug over kanaal),2023-03-08,00:00:00,0,0,0,F1052
570,F105 (vlak overr brug over kanaal),2023-03-08,01:00:00,0,0,0,F1052
570,F105 (vlak overr brug over kanaal),2023-03-08,02:00:00,1,1,0,F1052
570,F105 (vlak overr brug over kanaal),2023-03-08,03:00:00,0,0,0,F1052
570,F105 (vlak overr brug over kanaal),2023-03-08,04:00:00,1,1,0,F1052
570,F105 (vlak overr brug over kanaal),2023-03-08,05:00:00,10,3,7,F1052
570,F105 (vlak overr brug over kanaal),2023-03-08,06:00:00,10,4,6,F1052
570,F105 (vlak overr brug over kanaal),2023-03-08,07:00:00,34,23,11,F1052
570,F105 (vlak overr brug over kanaal),2023-03-08,08:00:00,31,27,4,F1052
570,F105 (vlak overr brug over kanaal),2023-03-08,09:00:00,14,9,5,F1052
570,F105 (vlak overr brug over kanaal),2023-03-08,10:00:00,5,2,3,F1052
570,F105 (vlak overr brug over kanaal),2023-03-08,11:00:00,4,2,2,F1052
570,F105 (vlak overr brug over kanaal),2023-03-08,12:00:00,36,3,33,F1052
570,F105 (vlak overr brug over kanaal),2023-03-08,13:00:00,18,6,12,F1052
570,F105 (vlak overr brug over kanaal),2023-03-08,14:00:00,17,10,7,F1052
570,F105 (vlak overr brug over kanaal),2023-03-08,15:00:00,13,9,4,F1052
570,F105 (vlak overr brug over kanaal),2023-03-08,16:00:00,13,2,11,F1052
570,F105 (vlak overr brug over kanaal),2023-03-08,17:00:00,17,6,11,F1052
570,F105 (vlak overr brug over kanaal),2023-03-08,18:00:00,11,3,8,F1052
570,F105 (vlak overr brug over kanaal),2023-03-08,19:00:00,4,3,1,F1052
570,F105 (vlak overr brug over kanaal),2023-03-08,20:00:00,4,1,3,F1052
570,F105 (vlak overr brug over kanaal),2023-03-08,21:00:00,1,1,0,F1052
570,F105 (vlak overr brug over kanaal),2023-03-08,22:00:00,7,4,3,F1052
570,F105 (vlak overr brug over kanaal),2023-03-08,23:00:00,0,0,0,F1052
570,F105 (vlak overr brug over kanaal),2023-03-09,00:00:00,0,0,0,F1052
570,F105 (vlak overr brug over kanaal),2023-03-09,01:00:00,0,0,0,F1052
570,F105 (vlak overr brug over kanaal),2023-03-09,02:00:00,0,0,0,F1052
570,F105 (vlak overr brug over kanaal),2023-03-09,03:00:00,0,0,0,F1052
570,F105 (vlak overr brug over kanaal),2023-03-09,04:00:00,1,1,0,F1052
570,F105 (vlak overr brug over kanaal),2023-03-09,05:00:00,9,2,7,F1052
570,F105 (vlak overr brug over kanaal),2023-03-09,06:00:00,20,7,13,F1052
570,F105 (vlak overr brug over kanaal),2023-03-09,07:00:00,39,19,20,F1052
570,F105 (vlak overr brug over kanaal),2023-03-09,08:00:00,74,47,27,F1052
570,F105 (vlak overr brug over kanaal),2023-03-09,09:00:00,19,7,12,F1052
570,F105 (vlak overr brug over kanaal),2023-03-09,10:00:00,18,12,6,F1052
570,F105 (vlak overr brug over kanaal),2023-03-09,11:00:00,17,8,9,F1052
570,F105 (vlak overr brug over kanaal),2023-03-09,12:00:00,15,9,6,F1052
570,F105 (vlak overr brug over kanaal),2023-03-09,13:00:00,19,8,11,F1052
570,F105 (vlak overr brug over kanaal),2023-03-09,14:00:00,27,10,17,F1052
570,F105 (vlak overr brug over kanaal),2023-03-09,15:00:00,44,22,22,F1052
570,F105 (vlak overr brug over kanaal),2023-03-09,16:00:00,70,27,43,F1052
570,F105 (vlak overr brug over kanaal),2023-03-09,17:00:00,18,4,14,F1052
570,F105 (vlak overr brug over kanaal),2023-03-09,18:00:00,21,10,11,F1052
570,F105 (vlak overr brug over kanaal),2023-03-09,19:00:00,8,5,3,F1052
570,F105 (vlak overr brug over kanaal),2023-03-09,20:00:00,6,2,4,F1052
570,F105 (vlak overr brug over kanaal),2023-03-09,21:00:00,6,4,2,F1052
570,F105 (vlak overr brug over kanaal),2023-03-09,22:00:00,4,2,2,F1052
570,F105 (vlak overr brug over kanaal),2023-03-09,23:00:00,2,1,1,F1052
570,F105 (vlak overr brug over kanaal),2023-03-10,00:00:00,0,0,0,F1052
570,F105 (vlak overr brug over kanaal),2023-03-10,01:00:00,0,0,0,F1052
570,F105 (vlak overr brug over kanaal),2023-03-10,02:00:00,0,0,0,F1052
570,F105 (vlak overr brug over kanaal),2023-03-10,03:00:00,0,0,0,F1052
570,F105 (vlak overr brug over kanaal),2023-03-10,04:00:00,1,1,0,F1052
570,F105 (vlak overr brug over kanaal),2023-03-10,05:00:00,9,0,9,F1052
570,F105 (vlak overr brug over kanaal),2023-03-10,06:00:00,17,6,11,F1052
570,F105 (vlak overr brug over kanaal),2023-03-10,07:00:00,45,26,19,F1052
570,F105 (vlak overr brug over kanaal),2023-03-10,08:00:00,66,49,17,F1052
570,F105 (vlak overr brug over kanaal),2023-03-10,09:00:00,13,6,7,F1052
570,F105 (vlak overr brug over kanaal),2023-03-10,10:00:00,9,4,5,F1052
570,F105 (vlak overr brug over kanaal),2023-03-10,11:00:00,12,7,5,F1052
570,F105 (vlak overr brug over kanaal),2023-03-10,12:00:00,18,8,10,F1052
570,F105 (vlak overr brug over kanaal),2023-03-10,13:00:00,13,9,4,F1052
570,F105 (vlak overr brug over kanaal),2023-03-10,14:00:00,21,8,13,F1052
570,F105 (vlak overr brug over kanaal),2023-03-10,15:00:00,44,13,31,F1052
570,F105 (vlak overr brug over kanaal),2023-03-10,16:00:00,37,13,24,F1052
570,F105 (vlak overr brug over kanaal),2023-03-10,17:00:00,16,7,9,F1052
570,F105 (vlak overr brug over kanaal),2023-03-10,18:00:00,12,5,7,F1052
570,F105 (vlak overr brug over kanaal),2023-03-10,19:00:00,9,8,1,F1052
570,F105 (vlak overr brug over kanaal),2023-03-10,20:00:00,9,3,6,F1052
570,F105 (vlak overr brug over kanaal),2023-03-10,21:00:00,3,2,1,F1052
570,F105 (vlak overr brug over kanaal),2023-03-10,22:00:00,6,2,4,F1052
570,F105 (vlak overr brug over kanaal),2023-03-10,23:00:00,5,0,5,F1052
570,F105 (vlak overr brug over kanaal),2023-03-11,00:00:00,3,2,1,F1052
570,F105 (vlak overr brug over kanaal),2023-03-11,01:00:00,0,0,0,F1052
570,F105 (vlak overr brug over kanaal),2023-03-11,02:00:00,1,0,1,F1052
570,F105 (vlak overr brug over kanaal),2023-03-11,03:00:00,1,0,1,F1052
570,F105 (vlak overr brug over kanaal),2023-03-11,04:00:00,1,0,1,F1052
570,F105 (vlak overr brug over kanaal),2023-03-11,05:00:00,0,0,0,F1052
570,F105 (vlak overr brug over kanaal),2023-03-11,06:00:00,4,1,3,F1052
570,F105 (vlak overr brug over kanaal),2023-03-11,07:00:00,1,0,1,F1052
570,F105 (vlak overr brug over kanaal),2023-03-11,08:00:00,9,4,5,F1052
570,F105 (vlak overr brug over kanaal),2023-03-11,09:00:00,13,6,7,F1052
570,F105 (vlak overr brug over kanaal),2023-03-11,10:00:00,19,12,7,F1052
570,F105 (vlak overr brug over kanaal),2023-03-11,11:00:00,25,11,14,F1052
570,F105 (vlak overr brug over kanaal),2023-03-11,12:00:00,26,15,11,F1052
570,F105 (vlak overr brug over kanaal),2023-03-11,13:00:00,53,22,31,F1052
570,F105 (vlak overr brug over kanaal),2023-03-11,14:00:00,67,35,32,F1052
570,F105 (vlak overr brug over kanaal),2023-03-11,15:00:00,59,31,28,F1052
570,F105 (vlak overr brug over kanaal),2023-03-11,16:00:00,41,15,26,F1052
570,F105 (vlak overr brug over kanaal),2023-03-11,17:00:00,26,14,12,F1052
570,F105 (vlak overr brug over kanaal),2023-03-11,18:00:00,17,8,9,F1052
570,F105 (vlak overr brug over kanaal),2023-03-11,19:00:00,9,5,4,F1052
570,F105 (vlak overr brug over kanaal),2023-03-11,20:00:00,5,3,2,F1052
570,F105 (vlak overr brug over kanaal),2023-03-11,21:00:00,6,2,4,F1052
570,F105 (vlak overr brug over kanaal),2023-03-11,22:00:00,2,2,0,F1052
570,F105 (vlak overr brug over kanaal),2023-03-11,23:00:00,2,0,2,F1052
570,F105 (vlak overr brug over kanaal),2023-03-12,00:00:00,0,0,0,F1052
570,F105 (vlak overr brug over kanaal),2023-03-12,01:00:00,0,0,0,F1052
570,F105 (vlak overr brug over kanaal),2023-03-12,02:00:00,3,2,1,F1052
570,F105 (vlak overr brug over kanaal),2023-03-12,03:00:00,3,2,1,F1052
570,F105 (vlak overr brug over kanaal),2023-03-12,04:00:00,4,0,4,F1052
570,F105 (vlak overr brug over kanaal),2023-03-12,05:00:00,2,0,2,F1052
570,F105 (vlak overr brug over kanaal),2023-03-12,06:00:00,4,3,1,F1052
570,F105 (vlak overr brug over kanaal),2023-03-12,07:00:00,4,3,1,F1052
570,F105 (vlak overr brug over kanaal),2023-03-12,08:00:00,8,6,2,F1052
570,F105 (vlak overr brug over kanaal),2023-03-12,09:00:00,28,20,8,F1052
570,F105 (vlak overr brug over kanaal),2023-03-12,10:00:00,15,11,4,F1052
570,F105 (vlak overr brug over kanaal),2023-03-12,11:00:00,17,9,8,F1052
570,F105 (vlak overr brug over kanaal),2023-03-12,12:00:00,25,14,11,F1052
570,F105 (vlak overr brug over kanaal),2023-03-12,13:00:00,22,14,8,F1052
570,F105 (vlak overr brug over kanaal),2023-03-12,14:00:00,27,13,14,F1052
570,F105 (vlak overr brug over kanaal),2023-03-12,15:00:00,30,17,13,F1052
570,F105 (vlak overr brug over kanaal),2023-03-12,16:00:00,12,3,9,F1052
570,F105 (vlak overr brug over kanaal),2023-03-12,17:00:00,11,5,6,F1052
570,F105 (vlak overr brug over kanaal),2023-03-12,18:00:00,4,2,2,F1052
570,F105 (vlak overr brug over kanaal),2023-03-12,19:00:00,9,4,5,F1052
570,F105 (vlak overr brug over kanaal),2023-03-12,20:00:00,5,3,2,F1052
570,F105 (vlak overr brug over kanaal),2023-03-12,21:00:00,3,1,2,F1052
570,F105 (vlak overr brug over kanaal),2023-03-12,22:00:00,6,3,3,F1052
570,F105 (vlak overr brug over kanaal),2023-03-12,23:00:00,0,0,0,F1052
570,F105 (vlak overr brug over kanaal),2023-03-13,00:00:00,0,0,0,F1052
570,F105 (vlak overr brug over kanaal),2023-03-13,01:00:00,0,0,0,F1052
570,F105 (vlak overr brug over kanaal),2023-03-13,02:00:00,0,0,0,F1052
570,F105 (vlak overr brug over kanaal),2023-03-13,03:00:00,0,0,0,F1052
570,F105 (vlak overr brug over kanaal),2023-03-13,04:00:00,4,3,1,F1052
570,F105 (vlak overr brug over kanaal),2023-03-13,05:00:00,18,7,11,F1052
570,F105 (vlak overr brug over kanaal),2023-03-13,06:00:00,24,13,11,F1052
570,F105 (vlak overr brug over kanaal),2023-03-13,07:00:00,56,32,24,F1052
570,F105 (vlak overr brug over kanaal),2023-03-13,08:00:00,66,46,20,F1052
570,F105 (vlak overr brug over kanaal),2023-03-13,09:00:00,9,7,2,F1052
570,F105 (vlak overr brug over kanaal),2023-03-13,10:00:00,13,7,6,F1052
570,F105 (vlak overr brug over kanaal),2023-03-13,11:00:00,12,8,4,F1052
570,F105 (vlak overr brug over kanaal),2023-03-13,12:00:00,24,12,12,F1052
570,F105 (vlak overr brug over kanaal),2023-03-13,13:00:00,22,7,15,F1052
570,F105 (vlak overr brug over kanaal),2023-03-13,14:00:00,43,22,21,F1052
570,F105 (vlak overr brug over kanaal),2023-03-13,15:00:00,52,23,29,F1052
570,F105 (vlak overr brug over kanaal),2023-03-13,16:00:00,62,24,38,F1052
570,F105 (vlak overr brug over kanaal),2023-03-13,17:00:00,39,17,22,F1052
570,F105 (vlak overr brug over kanaal),2023-03-13,18:00:00,25,13,12,F1052
570,F105 (vlak overr brug over kanaal),2023-03-13,19:00:00,14,6,8,F1052
570,F105 (vlak overr brug over kanaal),2023-03-13,20:00:00,10,8,2,F1052
570,F105 (vlak overr brug over kanaal),2023-03-13,21:00:00,12,4,8,F1052
570,F105 (vlak overr brug over kanaal),2023-03-13,22:00:00,11,6,5,F1052
570,F105 (vlak overr brug over kanaal),2023-03-13,23:00:00,0,0,0,F1052
570,F105 (vlak overr brug over kanaal),2023-03-14,00:00:00,0,0,0,F1052
570,F105 (vlak overr brug over kanaal),2023-03-14,01:00:00,0,0,0,F1052
570,F105 (vlak overr brug over kanaal),2023-03-14,02:00:00,0,0,0,F1052
570,F105 (vlak overr brug over kanaal),2023-03-14,03:00:00,0,0,0,F1052
570,F105 (vlak overr brug over kanaal),2023-03-14,04:00:00,2,2,0,F1052
570,F105 (vlak overr brug over kanaal),2023-03-14,05:00:00,17,5,12,F1052
570,F105 (vlak overr brug over kanaal),2023-03-14,06:00:00,31,12,19,F1052
570,F105 (vlak overr brug over kanaal),2023-03-14,07:00:00,56,37,19,F1052
570,F105 (vlak overr brug over kanaal),2023-03-14,08:00:00,42,33,9,F1052
570,F105 (vlak overr brug over kanaal),2023-03-14,09:00:00,11,7,4,F1052
570,F105 (vlak overr brug over kanaal),2023-03-14,10:00:00,13,7,6,F1052
570,F105 (vlak overr brug over kanaal),2023-03-14,11:00:00,13,4,9,F1052
570,F105 (vlak overr brug over kanaal),2023-03-14,12:00:00,23,7,16,F1052
570,F105 (vlak overr brug over kanaal),2023-03-14,13:00:00,16,6,10,F1052
570,F105 (vlak overr brug over kanaal),2023-03-14,14:00:00,38,15,23,F1052
570,F105 (vlak overr brug over kanaal),2023-03-14,15:00:00,50,29,21,F1052
570,F105 (vlak overr brug over kanaal),2023-03-14,16:00:00,47,23,24,F1052
570,F105 (vlak overr brug over kanaal),2023-03-14,17:00:00,32,10,22,F1052
570,F105 (vlak overr brug over kanaal),2023-03-14,18:00:00,21,14,7,F1052
570,F105 (vlak overr brug over kanaal),2023-03-14,19:00:00,9,4,5,F1052
570,F105 (vlak overr brug over kanaal),2023-03-14,20:00:00,13,6,7,F1052
570,F105 (vlak overr brug over kanaal),2023-03-14,21:00:00,8,4,4,F1052
570,F105 (vlak overr brug over kanaal),2023-03-14,22:00:00,8,5,3,F1052
570,F105 (vlak overr brug over kanaal),2023-03-14,23:00:00,2,1,1,F1052
570,F105 (vlak overr brug over kanaal),2023-03-15,00:00:00,0,0,0,F1052
570,F105 (vlak overr brug over kanaal),2023-03-15,01:00:00,0,0,0,F1052
570,F105 (vlak overr brug over kanaal),2023-03-15,02:00:00,0,0,0,F1052
570,F105 (vlak overr brug over kanaal),2023-03-15,03:00:00,0,0,0,F1052
570,F105 (vlak overr brug over kanaal),2023-03-15,04:00:00,2,1,1,F1052
570,F105 (vlak overr brug over kanaal),2023-03-15,05:00:00,10,2,8,F1052
570,F105 (vlak overr brug over kanaal),2023-03-15,06:00:00,28,16,12,F1052
570,F105 (vlak overr brug over kanaal),2023-03-15,07:00:00,59,41,18,F1052
570,F105 (vlak overr brug over kanaal),2023-03-15,08:00:00,64,47,17,F1052
570,F105 (vlak overr brug over kanaal),2023-03-15,09:00:00,32,17,15,F1052
570,F105 (vlak overr brug over kanaal),2023-03-15,10:00:00,18,5,13,F1052
570,F105 (vlak overr brug over kanaal),2023-03-15,11:00:00,30,10,20,F1052
570,F105 (vlak overr brug over kanaal),2023-03-15,12:00:00,49,17,32,F1052
570,F105 (vlak overr brug over kanaal),2023-03-15,13:00:00,65,28,37,F1052
570,F105 (vlak overr brug over kanaal),2023-03-15,14:00:00,59,33,26,F1052
570,F105 (vlak overr brug over kanaal),2023-03-15,15:00:00,61,24,37,F1052
570,F105 (vlak overr brug over kanaal),2023-03-15,16:00:00,67,24,43,F1052
570,F105 (vlak overr brug over kanaal),2023-03-15,17:00:00,40,24,16,F1052
570,F105 (vlak overr brug over kanaal),2023-03-15,18:00:00,23,8,15,F1052
570,F105 (vlak overr brug over kanaal),2023-03-15,19:00:00,10,7,3,F1052
570,F105 (vlak overr brug over kanaal),2023-03-15,20:00:00,7,6,1,F1052
570,F105 (vlak overr brug over kanaal),2023-03-15,21:00:00,6,1,5,F1052
570,F105 (vlak overr brug over kanaal),2023-03-15,22:00:00,14,8,6,F1052
570,F105 (vlak overr brug over kanaal),2023-03-15,23:00:00,3,2,1,F1052
570,F105 (vlak overr brug over kanaal),2023-03-16,00:00:00,0,0,0,F1052
570,F105 (vlak overr brug over kanaal),2023-03-16,01:00:00,2,0,2,F1052
570,F105 (vlak overr brug over kanaal),2023-03-16,02:00:00,0,0,0,F1052
570,F105 (vlak overr brug over kanaal),2023-03-16,03:00:00,0,0,0,F1052
570,F105 (vlak overr brug over kanaal),2023-03-16,04:00:00,3,1,2,F1052
570,F105 (vlak overr brug over kanaal),2023-03-16,05:00:00,14,3,11,F1052
570,F105 (vlak overr brug over kanaal),2023-03-16,06:00:00,23,9,14,F1052
570,F105 (vlak overr brug over kanaal),2023-03-16,07:00:00,60,40,20,F1052
570,F105 (vlak overr brug over kanaal),2023-03-16,08:00:00,55,33,22,F1052
570,F105 (vlak overr brug over kanaal),2023-03-16,09:00:00,24,12,12,F1052
570,F105 (vlak overr brug over kanaal),2023-03-16,10:00:00,27,10,17,F1052
570,F105 (vlak overr brug over kanaal),2023-03-16,11:00:00,21,10,11,F1052
570,F105 (vlak overr brug over kanaal),2023-03-16,12:00:00,29,14,15,F1052
570,F105 (vlak overr brug over kanaal),2023-03-16,13:00:00,70,34,36,F1052
570,F105 (vlak overr brug over kanaal),2023-03-16,14:00:00,75,45,30,F1052
570,F105 (vlak overr brug over kanaal),2023-03-16,15:00:00,84,37,47,F1052
570,F105 (vlak overr brug over kanaal),2023-03-16,16:00:00,83,31,52,F1052
570,F105 (vlak overr brug over kanaal),2023-03-16,17:00:00,60,34,26,F1052
570,F105 (vlak overr brug over kanaal),2023-03-16,18:00:00,35,18,17,F1052
570,F105 (vlak overr brug over kanaal),2023-03-16,19:00:00,11,2,9,F1052
570,F105 (vlak overr brug over kanaal),2023-03-16,20:00:00,10,2,8,F1052
570,F105 (vlak overr brug over kanaal),2023-03-16,21:00:00,11,4,7,F1052
570,F105 (vlak overr brug over kanaal),2023-03-16,22:00:00,18,10,8,F1052
570,F105 (vlak overr brug over kanaal),2023-03-16,23:00:00,2,1,1,F1052
570,F105 (vlak overr brug over kanaal),2023-03-17,00:00:00,2,2,0,F1052
570,F105 (vlak overr brug over kanaal),2023-03-17,01:00:00,2,1,1,F1052
570,F105 (vlak overr brug over kanaal),2023-03-17,02:00:00,0,0,0,F1052
570,F105 (vlak overr brug over kanaal),2023-03-17,03:00:00,0,0,0,F1052
570,F105 (vlak overr brug over kanaal),2023-03-17,04:00:00,5,4,1,F1052
570,F105 (vlak overr brug over kanaal),2023-03-17,05:00:00,16,5,11,F1052
570,F105 (vlak overr brug over kanaal),2023-03-17,06:00:00,27,11,16,F1052
570,F105 (vlak overr brug over kanaal),2023-03-17,07:00:00,65,43,22,F1052
570,F105 (vlak overr brug over kanaal),2023-03-17,08:00:00,63,46,17,F1052
570,F105 (vlak overr brug over kanaal),2023-03-17,09:00:00,38,26,12,F1052
570,F105 (vlak overr brug over kanaal),2023-03-17,10:00:00,38,18,20,F1052
570,F105 (vlak overr brug over kanaal),2023-03-17,11:00:00,35,11,24,F1052
570,F105 (vlak overr brug over kanaal),2023-03-17,12:00:00,44,17,27,F1052
570,F105 (vlak overr brug over kanaal),2023-03-17,13:00:00,88,39,49,F1052
570,F105 (vlak overr brug over kanaal),2023-03-17,14:00:00,92,44,48,F1052
570,F105 (vlak overr brug over kanaal),2023-03-17,15:00:00,115,49,66,F1052
570,F105 (vlak overr brug over kanaal),2023-03-17,16:00:00,100,39,61,F1052
570,F105 (vlak overr brug over kanaal),2023-03-17,17:00:00,46,20,26,F1052
570,F105 (vlak overr brug over kanaal),2023-03-17,18:00:00,20,12,8,F1052
570,F105 (vlak overr brug over kanaal),2023-03-17,19:00:00,13,9,4,F1052
570,F105 (vlak overr brug over kanaal),2023-03-17,20:00:00,18,8,10,F1052
570,F105 (vlak overr brug over kanaal),2023-03-17,21:00:00,13,3,10,F1052
570,F105 (vlak overr brug over kanaal),2023-03-17,22:00:00,11,5,6,F1052
570,F105 (vlak overr brug over kanaal),2023-03-17,23:00:00,3,0,3,F1052
570,F105 (vlak overr brug over kanaal),2023-03-18,00:00:00,2,2,0,F1052
570,F105 (vlak overr brug over kanaal),2023-03-18,01:00:00,1,0,1,F1052
570,F105 (vlak overr brug over kanaal),2023-03-18,02:00:00,1,1,0,F1052
570,F105 (vlak overr brug over kanaal),2023-03-18,03:00:00,2,1,1,F1052
570,F105 (vlak overr brug over kanaal),2023-03-18,04:00:00,2,2,0,F1052
570,F105 (vlak overr brug over kanaal),2023-03-18,05:00:00,5,1,4,F1052
570,F105 (vlak overr brug over kanaal),2023-03-18,06:00:00,13,7,6,F1052
570,F105 (vlak overr brug over kanaal),2023-03-18,07:00:00,3,2,1,F1052
570,F105 (vlak overr brug over kanaal),2023-03-18,08:00:00,12,9,3,F1052
570,F105 (vlak overr brug over kanaal),2023-03-18,09:00:00,32,13,19,F1052
570,F105 (vlak overr brug over kanaal),2023-03-18,10:00:00,33,14,19,F1052
570,F105 (vlak overr brug over kanaal),2023-03-18,11:00:00,54,32,22,F1052
570,F105 (vlak overr brug over kanaal),2023-03-18,12:00:00,26,17,9,F1052
570,F105 (vlak overr brug over kanaal),2023-03-18,13:00:00,27,15,12,F1052
570,F105 (vlak overr brug over kanaal),2023-03-18,14:00:00,39,29,10,F1052
570,F105 (vlak overr brug over kanaal),2023-03-18,15:00:00,30,12,18,F1052
570,F105 (vlak overr brug over kanaal),2023-03-18,16:00:00,21,12,9,F1052
570,F105 (vlak overr brug over kanaal),2023-03-18,17:00:00,22,9,13,F1052
570,F105 (vlak overr brug over kanaal),2023-03-18,18:00:00,14,8,6,F1052
570,F105 (vlak overr brug over kanaal),2023-03-18,19:00:00,14,6,8,F1052
570,F105 (vlak overr brug over kanaal),2023-03-18,20:00:00,6,2,4,F1052
570,F105 (vlak overr brug over kanaal),2023-03-18,21:00:00,11,3,8,F1052
570,F105 (vlak overr brug over kanaal),2023-03-18,22:00:00,3,2,1,F1052
570,F105 (vlak overr brug over kanaal),2023-03-18,23:00:00,5,1,4,F1052
570,F105 (vlak overr brug over kanaal),2023-03-19,00:00:00,2,0,2,F1052
570,F105 (vlak overr brug over kanaal),2023-03-19,01:00:00,9,8,1,F1052
570,F105 (vlak overr brug over kanaal),2023-03-19,02:00:00,3,2,1,F1052
570,F105 (vlak overr brug over kanaal),2023-03-19,03:00:00,5,1,4,F1052
570,F105 (vlak overr brug over kanaal),2023-03-19,04:00:00,2,0,2,F1052
570,F105 (vlak overr brug over kanaal),2023-03-19,05:00:00,4,3,1,F1052
570,F105 (vlak overr brug over kanaal),2023-03-19,06:00:00,12,9,3,F1052
570,F105 (vlak overr brug over kanaal),2023-03-19,07:00:00,5,2,3,F1052
570,F105 (vlak overr brug over kanaal),2023-03-19,08:00:00,31,16,15,F1052
570,F105 (vlak overr brug over kanaal),2023-03-19,09:00:00,59,38,21,F1052
570,F105 (vlak overr brug over kanaal),2023-03-19,10:00:00,79,42,37,F1052
570,F105 (vlak overr brug over kanaal),2023-03-19,11:00:00,60,25,35,F1052
570,F105 (vlak overr brug over kanaal),2023-03-19,12:00:00,36,19,17,F1052
570,F105 (vlak overr brug over kanaal),2023-03-19,13:00:00,60,27,33,F1052
570,F105 (vlak overr brug over kanaal),2023-03-19,14:00:00,87,50,37,F1052
570,F105 (vlak overr brug over kanaal),2023-03-19,15:00:00,66,29,37,F1052
570,F105 (vlak overr brug over kanaal),2023-03-19,16:00:00,42,23,19,F1052
570,F105 (vlak overr brug over kanaal),2023-03-19,17:00:00,26,19,7,F1052
570,F105 (vlak overr brug over kanaal),2023-03-19,18:00:00,8,5,3,F1052
570,F105 (vlak overr brug over kanaal),2023-03-19,19:00:00,14,7,7,F1052
570,F105 (vlak overr brug over kanaal),2023-03-19,20:00:00,11,6,5,F1052
570,F105 (vlak overr brug over kanaal),2023-03-19,21:00:00,12,4,8,F1052
570,F105 (vlak overr brug over kanaal),2023-03-19,22:00:00,1,0,1,F1052
570,F105 (vlak overr brug over kanaal),2023-03-19,23:00:00,2,0,2,F1052
570,F105 (vlak overr brug over kanaal),2023-03-20,00:00:00,1,0,1,F1052
570,F105 (vlak overr brug over kanaal),2023-03-20,01:00:00,0,0,0,F1052
570,F105 (vlak overr brug over kanaal),2023-03-20,02:00:00,0,0,0,F1052
570,F105 (vlak overr brug over kanaal),2023-03-20,03:00:00,0,0,0,F1052
570,F105 (vlak overr brug over kanaal),2023-03-20,04:00:00,7,6,1,F1052
570,F105 (vlak overr brug over kanaal),2023-03-20,05:00:00,22,5,17,F1052
570,F105 (vlak overr brug over kanaal),2023-03-20,06:00:00,37,20,17,F1052
570,F105 (vlak overr brug over kanaal),2023-03-20,07:00:00,83,49,34,F1052
570,F105 (vlak overr brug over kanaal),2023-03-20,08:00:00,89,70,19,F1052
570,F105 (vlak overr brug over kanaal),2023-03-20,09:00:00,13,7,6,F1052
570,F105 (vlak overr brug over kanaal),2023-03-20,10:00:00,8,3,5,F1052
570,F105 (vlak overr brug over kanaal),2023-03-20,11:00:00,13,8,5,F1052
570,F105 (vlak overr brug over kanaal),2023-03-20,12:00:00,16,10,6,F1052
570,F105 (vlak overr brug over kanaal),2023-03-20,13:00:00,43,27,16,F1052
570,F105 (vlak overr brug over kanaal),2023-03-20,14:00:00,55,36,19,F1052
570,F105 (vlak overr brug over kanaal),2023-03-20,15:00:00,65,23,42,F1052
570,F105 (vlak overr brug over kanaal),2023-03-20,16:00:00,92,30,62,F1052
570,F105 (vlak overr brug over kanaal),2023-03-20,17:00:00,33,13,20,F1052
570,F105 (vlak overr brug over kanaal),2023-03-20,18:00:00,22,9,13,F1052
570,F105 (vlak overr brug over kanaal),2023-03-20,19:00:00,11,5,6,F1052
570,F105 (vlak overr brug over kanaal),2023-03-20,20:00:00,8,4,4,F1052
570,F105 (vlak overr brug over kanaal),2023-03-20,21:00:00,10,5,5,F1052
570,F105 (vlak overr brug over kanaal),2023-03-20,22:00:00,11,7,4,F1052
570,F105 (vlak overr brug over kanaal),2023-03-20,23:00:00,3,2,1,F1052
570,F105 (vlak overr brug over kanaal),2023-03-21,00:00:00,0,0,0,F1052
570,F105 (vlak overr brug over kanaal),2023-03-21,01:00:00,0,0,0,F1052
570,F105 (vlak overr brug over kanaal),2023-03-21,02:00:00,0,0,0,F1052
570,F105 (vlak overr brug over kanaal),2023-03-21,03:00:00,0,0,0,F1052
570,F105 (vlak overr brug over kanaal),2023-03-21,04:00:00,4,2,2,F1052
570,F105 (vlak overr brug over kanaal),2023-03-21,05:00:00,18,4,14,F1052
570,F105 (vlak overr brug over kanaal),2023-03-21,06:00:00,31,14,17,F1052
570,F105 (vlak overr brug over kanaal),2023-03-21,07:00:00,62,33,29,F1052
570,F105 (vlak overr brug over kanaal),2023-03-21,08:00:00,56,45,11,F1052
570,F105 (vlak overr brug over kanaal),2023-03-21,09:00:00,20,15,5,F1052
570,F105 (vlak overr brug over kanaal),2023-03-21,10:00:00,18,8,10,F1052
570,F105 (vlak overr brug over kanaal),2023-03-21,11:00:00,20,6,14,F1052
570,F105 (vlak overr brug over kanaal),2023-03-21,12:00:00,38,17,21,F1052
570,F105 (vlak overr brug over kanaal),2023-03-21,13:00:00,67,31,36,F1052
570,F105 (vlak overr brug over kanaal),2023-03-21,14:00:00,81,42,39,F1052
570,F105 (vlak overr brug over kanaal),2023-03-21,15:00:00,65,32,33,F1052
570,F105 (vlak overr brug over kanaal),2023-03-21,16:00:00,74,29,45,F1052
570,F105 (vlak overr brug over kanaal),2023-03-21,17:00:00,42,28,14,F1052
570,F105 (vlak overr brug over kanaal),2023-03-21,18:00:00,21,13,8,F1052
570,F105 (vlak overr brug over kanaal),2023-03-21,19:00:00,10,0,10,F1052
570,F105 (vlak overr brug over kanaal),2023-03-21,20:00:00,11,5,6,F1052
570,F105 (vlak overr brug over kanaal),2023-03-21,21:00:00,8,5,3,F1052
570,F105 (vlak overr brug over kanaal),2023-03-21,22:00:00,15,8,7,F1052
570,F105 (vlak overr brug over kanaal),2023-03-21,23:00:00,1,1,0,F1052
570,F105 (vlak overr brug over kanaal),2023-03-22,00:00:00,0,0,0,F1052
570,F105 (vlak overr brug over kanaal),2023-03-22,01:00:00,0,0,0,F1052
570,F105 (vlak overr brug over kanaal),2023-03-22,02:00:00,0,0,0,F1052
570,F105 (vlak overr brug over kanaal),2023-03-22,03:00:00,0,0,0,F1052
570,F105 (vlak overr brug over kanaal),2023-03-22,04:00:00,5,3,2,F1052
570,F105 (vlak overr brug over kanaal),2023-03-22,05:00:00,15,3,12,F1052
570,F105 (vlak overr brug over kanaal),2023-03-22,06:00:00,31,16,15,F1052
570,F105 (vlak overr brug over kanaal),2023-03-22,07:00:00,63,42,21,F1052
570,F105 (vlak overr brug over kanaal),2023-03-22,08:00:00,66,49,17,F1052
570,F105 (vlak overr brug over kanaal),2023-03-22,09:00:00,29,21,8,F1052
570,F105 (vlak overr brug over kanaal),2023-03-22,10:00:00,36,12,24,F1052
570,F105 (vlak overr brug over kanaal),2023-03-22,11:00:00,23,8,15,F1052
570,F105 (vlak overr brug over kanaal),2023-03-22,12:00:00,50,11,39,F1052
570,F105 (vlak overr brug over kanaal),2023-03-22,13:00:00,35,9,26,F1052
570,F105 (vlak overr brug over kanaal),2023-03-22,14:00:00,40,23,17,F1052
570,F105 (vlak overr brug over kanaal),2023-03-22,15:00:00,26,17,9,F1052
570,F105 (vlak overr brug over kanaal),2023-03-22,16:00:00,44,17,27,F1052
570,F105 (vlak overr brug over kanaal),2023-03-22,17:00:00,37,15,22,F1052
570,F105 (vlak overr brug over kanaal),2023-03-22,18:00:00,23,9,14,F1052
570,F105 (vlak overr brug over kanaal),2023-03-22,19:00:00,14,5,9,F1052
570,F105 (vlak overr brug over kanaal),2023-03-22,20:00:00,5,3,2,F1052
570,F105 (vlak overr brug over kanaal),2023-03-22,21:00:00,8,4,4,F1052
570,F105 (vlak overr brug over kanaal),2023-03-22,22:00:00,12,10,2,F1052
570,F105 (vlak overr brug over kanaal),2023-03-22,23:00:00,0,0,0,F1052
570,F105 (vlak overr brug over kanaal),2023-03-23,00:00:00,2,2,0,F1052
570,F105 (vlak overr brug over kanaal),2023-03-23,01:00:00,0,0,0,F1052
570,F105 (vlak overr brug over kanaal),2023-03-23,02:00:00,1,0,1,F1052
570,F105 (vlak overr brug over kanaal),2023-03-23,03:00:00,0,0,0,F1052
570,F105 (vlak overr brug over kanaal),2023-03-23,04:00:00,3,1,2,F1052
570,F105 (vlak overr brug over kanaal),2023-03-23,05:00:00,11,1,10,F1052
570,F105 (vlak overr brug over kanaal),2023-03-23,06:00:00,25,9,16,F1052
570,F105 (vlak overr brug over kanaal),2023-03-23,07:00:00,69,45,24,F1052
570,F105 (vlak overr brug over kanaal),2023-03-23,08:00:00,74,64,10,F1052
570,F105 (vlak overr brug over kanaal),2023-03-23,09:00:00,20,12,8,F1052
570,F105 (vlak overr brug over kanaal),2023-03-23,10:00:00,13,6,7,F1052
570,F105 (vlak overr brug over kanaal),2023-03-23,11:00:00,9,5,4,F1052
570,F105 (vlak overr brug over kanaal),2023-03-23,12:00:00,38,12,26,F1052
570,F105 (vlak overr brug over kanaal),2023-03-23,13:00:00,41,23,18,F1052
570,F105 (vlak overr brug over kanaal),2023-03-23,14:00:00,59,30,29,F1052
570,F105 (vlak overr brug over kanaal),2023-03-23,15:00:00,55,18,37,F1052
570,F105 (vlak overr brug over kanaal),2023-03-23,16:00:00,64,23,41,F1052
570,F105 (vlak overr brug over kanaal),2023-03-23,17:00:00,38,13,25,F1052
570,F105 (vlak overr brug over kanaal),2023-03-23,18:00:00,29,13,16,F1052
570,F105 (vlak overr brug over kanaal),2023-03-23,19:00:00,16,6,10,F1052
570,F105 (vlak overr brug over kanaal),2023-03-23,20:00:00,7,2,5,F1052
570,F105 (vlak overr brug over kanaal),2023-03-23,21:00:00,15,8,7,F1052
570,F105 (vlak overr brug over kanaal),2023-03-23,22:00:00,8,7,1,F1052
570,F105 (vlak overr brug over kanaal),2023-03-23,23:00:00,2,2,0,F1052
570,F105 (vlak overr brug over kanaal),2023-03-24,00:00:00,0,0,0,F1052
570,F105 (vlak overr brug over kanaal),2023-03-24,01:00:00,0,0,0,F1052
570,F105 (vlak overr brug over kanaal),2023-03-24,02:00:00,0,0,0,F1052
570,F105 (vlak overr brug over kanaal),2023-03-24,03:00:00,0,0,0,F1052
570,F105 (vlak overr brug over kanaal),2023-03-24,04:00:00,5,2,3,F1052
570,F105 (vlak overr brug over kanaal),2023-03-24,05:00:00,13,3,10,F1052
570,F105 (vlak overr brug over kanaal),2023-03-24,06:00:00,20,9,11,F1052
570,F105 (vlak overr brug over kanaal),2023-03-24,07:00:00,83,58,25,F1052
570,F105 (vlak overr brug over kanaal),2023-03-24,08:00:00,86,67,19,F1052
570,F105 (vlak overr brug over kanaal),2023-03-24,09:00:00,44,30,14,F1052
570,F105 (vlak overr brug over kanaal),2023-03-24,10:00:00,46,18,28,F1052
570,F105 (vlak overr brug over kanaal),2023-03-24,11:00:00,25,6,19,F1052
570,F105 (vlak overr brug over kanaal),2023-03-24,12:00:00,32,12,20,F1052
570,F105 (vlak overr brug over kanaal),2023-03-24,13:00:00,23,15,8,F1052
570,F105 (vlak overr brug over kanaal),2023-03-24,14:00:00,41,16,25,F1052
570,F105 (vlak overr brug over kanaal),2023-03-24,15:00:00,43,8,35,F1052
570,F105 (vlak overr brug over kanaal),2023-03-24,16:00:00,66,23,43,F1052
570,F105 (vlak overr brug over kanaal),2023-03-24,17:00:00,30,14,16,F1052
570,F105 (vlak overr brug over kanaal),2023-03-24,18:00:00,20,11,9,F1052
570,F105 (vlak overr brug over kanaal),2023-03-24,19:00:00,16,8,8,F1052
570,F105 (vlak overr brug over kanaal),2023-03-24,20:00:00,4,4,0,F1052
570,F105 (vlak overr brug over kanaal),2023-03-24,21:00:00,8,2,6,F1052
570,F105 (vlak overr brug over kanaal),2023-03-24,22:00:00,2,1,1,F1052
570,F105 (vlak overr brug over kanaal),2023-03-24,23:00:00,8,4,4,F1052
570,F105 (vlak overr brug over kanaal),2023-03-25,00:00:00,3,0,3,F1052
570,F105 (vlak overr brug over kanaal),2023-03-25,01:00:00,0,0,0,F1052
570,F105 (vlak overr brug over kanaal),2023-03-25,02:00:00,1,1,0,F1052
570,F105 (vlak overr brug over kanaal),2023-03-25,03:00:00,1,0,1,F1052
570,F105 (vlak overr brug over kanaal),2023-03-25,04:00:00,2,2,0,F1052
570,F105 (vlak overr brug over kanaal),2023-03-25,05:00:00,6,1,5,F1052
570,F105 (vlak overr brug over kanaal),2023-03-25,06:00:00,5,2,3,F1052
570,F105 (vlak overr brug over kanaal),2023-03-25,07:00:00,6,3,3,F1052
570,F105 (vlak overr brug over kanaal),2023-03-25,08:00:00,8,7,1,F1052
570,F105 (vlak overr brug over kanaal),2023-03-25,09:00:00,8,4,4,F1052
570,F105 (vlak overr brug over kanaal),2023-03-25,10:00:00,7,5,2,F1052
570,F105 (vlak overr brug over kanaal),2023-03-25,11:00:00,10,6,4,F1052
570,F105 (vlak overr brug over kanaal),2023-03-25,12:00:00,5,2,3,F1052
570,F105 (vlak overr brug over kanaal),2023-03-25,13:00:00,14,11,3,F1052
570,F105 (vlak overr brug over kanaal),2023-03-25,14:00:00,11,5,6,F1052
570,F105 (vlak overr brug over kanaal),2023-03-25,15:00:00,21,10,11,F1052
570,F105 (vlak overr brug over kanaal),2023-03-25,16:00:00,5,0,5,F1052
570,F105 (vlak overr brug over kanaal),2023-03-25,17:00:00,6,1,5,F1052
570,F105 (vlak overr brug over kanaal),2023-03-25,18:00:00,9,5,4,F1052
570,F105 (vlak overr brug over kanaal),2023-03-25,19:00:00,18,10,8,F1052
570,F105 (vlak overr brug over kanaal),2023-03-25,20:00:00,10,4,6,F1052
570,F105 (vlak overr brug over kanaal),2023-03-25,21:00:00,7,3,4,F1052
570,F105 (vlak overr brug over kanaal),2023-03-25,22:00:00,3,2,1,F1052
570,F105 (vlak overr brug over kanaal),2023-03-25,23:00:00,1,1,0,F1052
570,F105 (vlak overr brug over kanaal),2023-03-26,00:00:00,1,0,1,F1052
570,F105 (vlak overr brug over kanaal),2023-03-26,01:00:00,7,2,5,F1052
570,F105 (vlak overr brug over kanaal),2023-03-26,02:00:00,0,0,0,F1052
570,F105 (vlak overr brug over kanaal),2023-03-26,03:00:00,2,1,1,F1052
570,F105 (vlak overr brug over kanaal),2023-03-26,04:00:00,1,0,1,F1052
570,F105 (vlak overr brug over kanaal),2023-03-26,05:00:00,2,1,1,F1052
570,F105 (vlak overr brug over kanaal),2023-03-26,06:00:00,3,3,0,F1052
570,F105 (vlak overr brug over kanaal),2023-03-26,07:00:00,1,0,1,F1052
570,F105 (vlak overr brug over kanaal),2023-03-26,08:00:00,4,4,0,F1052
570,F105 (vlak overr brug over kanaal),2023-03-26,09:00:00,3,1,2,F1052
570,F105 (vlak overr brug over kanaal),2023-03-26,10:00:00,3,1,2,F1052
570,F105 (vlak overr brug over kanaal),2023-03-26,11:00:00,6,2,4,F1052
570,F105 (vlak overr brug over kanaal),2023-03-26,12:00:00,2,0,2,F1052
570,F105 (vlak overr brug over kanaal),2023-03-26,13:00:00,2,1,1,F1052
570,F105 (vlak overr brug over kanaal),2023-03-26,14:00:00,4,2,2,F1052
570,F105 (vlak overr brug over kanaal),2023-03-26,15:00:00,6,2,4,F1052
570,F105 (vlak overr brug over kanaal),2023-03-26,16:00:00,8,2,6,F1052
570,F105 (vlak overr brug over kanaal),2023-03-26,17:00:00,4,3,1,F1052
570,F105 (vlak overr brug over kanaal),2023-03-26,18:00:00,7,3,4,F1052
570,F105 (vlak overr brug over kanaal),2023-03-26,19:00:00,4,3,1,F1052
570,F105 (vlak overr brug over kanaal),2023-03-26,20:00:00,9,5,4,F1052
570,F105 (vlak overr brug over kanaal),2023-03-26,21:00:00,1,1,0,F1052
570,F105 (vlak overr brug over kanaal),2023-03-26,22:00:00,1,1,0,F1052
570,F105 (vlak overr brug over kanaal),2023-03-26,23:00:00,1,1,0,F1052
570,F105 (vlak overr brug over kanaal),2023-03-27,00:00:00,1,0,1,F1052
570,F105 (vlak overr brug over kanaal),2023-03-27,01:00:00,0,0,0,F1052
570,F105 (vlak overr brug over kanaal),2023-03-27,02:00:00,0,0,0,F1052
570,F105 (vlak overr brug over kanaal),2023-03-27,03:00:00,0,0,0,F1052
570,F105 (vlak overr brug over kanaal),2023-03-27,04:00:00,3,2,1,F1052
570,F105 (vlak overr brug over kanaal),2023-03-27,05:00:00,16,5,11,F1052
570,F105 (vlak overr brug over kanaal),2023-03-27,06:00:00,21,13,8,F1052
570,F105 (vlak overr brug over kanaal),2023-03-27,07:00:00,52,29,23,F1052
570,F105 (vlak overr brug over kanaal),2023-03-27,08:00:00,80,51,29,F1052
570,F105 (vlak overr brug over kanaal),2023-03-27,09:00:00,26,14,12,F1052
570,F105 (vlak overr brug over kanaal),2023-03-27,10:00:00,24,10,14,F1052
570,F105 (vlak overr brug over kanaal),2023-03-27,11:00:00,30,13,17,F1052
570,F105 (vlak overr brug over kanaal),2023-03-27,12:00:00,33,11,22,F1052
570,F105 (vlak overr brug over kanaal),2023-03-27,13:00:00,32,19,13,F1052
570,F105 (vlak overr brug over kanaal),2023-03-27,14:00:00,41,26,15,F1052
570,F105 (vlak overr brug over kanaal),2023-03-27,15:00:00,43,18,25,F1052
570,F105 (vlak overr brug over kanaal),2023-03-27,16:00:00,73,25,48,F1052
570,F105 (vlak overr brug over kanaal),2023-03-27,17:00:00,48,23,25,F1052
570,F105 (vlak overr brug over kanaal),2023-03-27,18:00:00,26,12,14,F1052
570,F105 (vlak overr brug over kanaal),2023-03-27,19:00:00,14,8,6,F1052
570,F105 (vlak overr brug over kanaal),2023-03-27,20:00:00,13,9,4,F1052
570,F105 (vlak overr brug over kanaal),2023-03-27,21:00:00,15,5,10,F1052
570,F105 (vlak overr brug over kanaal),2023-03-27,22:00:00,17,11,6,F1052
570,F105 (vlak overr brug over kanaal),2023-03-27,23:00:00,1,1,0,F1052
570,F105 (vlak overr brug over kanaal),2023-03-28,00:00:00,2,1,1,F1052
570,F105 (vlak overr brug over kanaal),2023-03-28,01:00:00,0,0,0,F1052
570,F105 (vlak overr brug over kanaal),2023-03-28,02:00:00,0,0,0,F1052
570,F105 (vlak overr brug over kanaal),2023-03-28,03:00:00,0,0,0,F1052
570,F105 (vlak overr brug over kanaal),2023-03-28,04:00:00,4,3,1,F1052
570,F105 (vlak overr brug over kanaal),2023-03-28,05:00:00,10,2,8,F1052
570,F105 (vlak overr brug over kanaal),2023-03-28,06:00:00,25,17,8,F1052
570,F105 (vlak overr brug over kanaal),2023-03-28,07:00:00,69,41,28,F1052
570,F105 (vlak overr brug over kanaal),2023-03-28,08:00:00,73,49,24,F1052
570,F105 (vlak overr brug over kanaal),2023-03-28,09:00:00,28,21,7,F1052
570,F105 (vlak overr brug over kanaal),2023-03-28,10:00:00,30,11,19,F1052
570,F105 (vlak overr brug over kanaal),2023-03-28,11:00:00,26,12,14,F1052
570,F105 (vlak overr brug over kanaal),2023-03-28,12:00:00,35,22,13,F1052
570,F105 (vlak overr brug over kanaal),2023-03-28,13:00:00,79,25,54,F1052
570,F105 (vlak overr brug over kanaal),2023-03-28,14:00:00,79,32,47,F1052
570,F105 (vlak overr brug over kanaal),2023-03-28,15:00:00,60,27,33,F1052
570,F105 (vlak overr brug over kanaal),2023-03-28,16:00:00,89,35,54,F1052
570,F105 (vlak overr brug over kanaal),2023-03-28,17:00:00,54,26,28,F1052
570,F105 (vlak overr brug over kanaal),2023-03-28,18:00:00,32,13,19,F1052
570,F105 (vlak overr brug over kanaal),2023-03-28,19:00:00,10,4,6,F1052
570,F105 (vlak overr brug over kanaal),2023-03-28,20:00:00,4,2,2,F1052
570,F105 (vlak overr brug over kanaal),2023-03-28,21:00:00,9,5,4,F1052
570,F105 (vlak overr brug over kanaal),2023-03-28,22:00:00,8,7,1,F1052
570,F105 (vlak overr brug over kanaal),2023-03-28,23:00:00,3,1,2,F1052
570,F105 (vlak overr brug over kanaal),2023-03-29,00:00:00,1,1,0,F1052
570,F105 (vlak overr brug over kanaal),2023-03-29,01:00:00,0,0,0,F1052
570,F105 (vlak overr brug over kanaal),2023-03-29,02:00:00,0,0,0,F1052
570,F105 (vlak overr brug over kanaal),2023-03-29,03:00:00,0,0,0,F1052
570,F105 (vlak overr brug over kanaal),2023-03-29,04:00:00,5,3,2,F1052
570,F105 (vlak overr brug over kanaal),2023-03-29,05:00:00,19,5,14,F1052
570,F105 (vlak overr brug over kanaal),2023-03-29,06:00:00,25,18,7,F1052
570,F105 (vlak overr brug over kanaal),2023-03-29,07:00:00,69,44,25,F1052
570,F105 (vlak overr brug over kanaal),2023-03-29,08:00:00,64,49,15,F1052
570,F105 (vlak overr brug over kanaal),2023-03-29,09:00:00,39,19,20,F1052
570,F105 (vlak overr brug over kanaal),2023-03-29,10:00:00,25,8,17,F1052
570,F105 (vlak overr brug over kanaal),2023-03-29,11:00:00,28,11,17,F1052
570,F105 (vlak overr brug over kanaal),2023-03-29,12:00:00,59,11,48,F1052
570,F105 (vlak overr brug over kanaal),2023-03-29,13:00:00,67,28,39,F1052
570,F105 (vlak overr brug over kanaal),2023-03-29,14:00:00,84,50,34,F1052
570,F105 (vlak overr brug over kanaal),2023-03-29,15:00:00,69,31,38,F1052
570,F105 (vlak overr brug over kanaal),2023-03-29,16:00:00,80,36,44,F1052
570,F105 (vlak overr brug over kanaal),2023-03-29,17:00:00,50,22,28,F1052
570,F105 (vlak overr brug over kanaal),2023-03-29,18:00:00,33,12,21,F1052
570,F105 (vlak overr brug over kanaal),2023-03-29,19:00:00,23,16,7,F1052
570,F105 (vlak overr brug over kanaal),2023-03-29,20:00:00,16,4,12,F1052
570,F105 (vlak overr brug over kanaal),2023-03-29,21:00:00,19,9,10,F1052
570,F105 (vlak overr brug over kanaal),2023-03-29,22:00:00,18,10,8,F1052
570,F105 (vlak overr brug over kanaal),2023-03-29,23:00:00,5,3,2,F1052
570,F105 (vlak overr brug over kanaal),2023-03-30,00:00:00,3,3,0,F1052
570,F105 (vlak overr brug over kanaal),2023-03-30,01:00:00,0,0,0,F1052
570,F105 (vlak overr brug over kanaal),2023-03-30,02:00:00,0,0,0,F1052
570,F105 (vlak overr brug over kanaal),2023-03-30,03:00:00,0,0,0,F1052
570,F105 (vlak overr brug over kanaal),2023-03-30,04:00:00,4,2,2,F1052
570,F105 (vlak overr brug over kanaal),2023-03-30,05:00:00,16,4,12,F1052
570,F105 (vlak overr brug over kanaal),2023-03-30,06:00:00,25,12,13,F1052
570,F105 (vlak overr brug over kanaal),2023-03-30,07:00:00,38,24,14,F1052
570,F105 (vlak overr brug over kanaal),2023-03-30,08:00:00,47,30,17,F1052
570,F105 (vlak overr brug over kanaal),2023-03-30,09:00:00,26,15,11,F1052
570,F105 (vlak overr brug over kanaal),2023-03-30,10:00:00,23,11,12,F1052
570,F105 (vlak overr brug over kanaal),2023-03-30,11:00:00,21,14,7,F1052
570,F105 (vlak overr brug over kanaal),2023-03-30,12:00:00,33,22,11,F1052
570,F105 (vlak overr brug over kanaal),2023-03-30,13:00:00,41,27,14,F1052
570,F105 (vlak overr brug over kanaal),2023-03-30,14:00:00,47,29,18,F1052
570,F105 (vlak overr brug over kanaal),2023-03-30,15:00:00,48,23,25,F1052
570,F105 (vlak overr brug over kanaal),2023-03-30,16:00:00,65,28,37,F1052
570,F105 (vlak overr brug over kanaal),2023-03-30,17:00:00,36,18,18,F1052
570,F105 (vlak overr brug over kanaal),2023-03-30,18:00:00,23,13,10,F1052
570,F105 (vlak overr brug over kanaal),2023-03-30,19:00:00,21,11,10,F1052
570,F105 (vlak overr brug over kanaal),2023-03-30,20:00:00,9,3,6,F1052
570,F105 (vlak overr brug over kanaal),2023-03-30,21:00:00,14,6,8,F1052
570,F105 (vlak overr brug over kanaal),2023-03-30,22:00:00,14,7,7,F1052
570,F105 (vlak overr brug over kanaal),2023-03-30,23:00:00,1,0,1,F1052
570,F105 (vlak overr brug over kanaal),2023-03-31,00:00:00,8,3,5,F1052
570,F105 (vlak overr brug over kanaal),2023-03-31,01:00:00,1,0,1,F1052
570,F105 (vlak overr brug over kanaal),2023-03-31,02:00:00,0,0,0,F1052
570,F105 (vlak overr brug over kanaal),2023-03-31,03:00:00,2,2,0,F1052
570,F105 (vlak overr brug over kanaal),2023-03-31,04:00:00,4,1,3,F1052
570,F105 (vlak overr brug over kanaal),2023-03-31,05:00:00,6,1,5,F1052
570,F105 (vlak overr brug over kanaal),2023-03-31,06:00:00,14,8,6,F1052
570,F105 (vlak overr brug over kanaal),2023-03-31,07:00:00,27,15,12,F1052
570,F105 (vlak overr brug over kanaal),2023-03-31,08:00:00,25,19,6,F1052
570,F105 (vlak overr brug over kanaal),2023-03-31,09:00:00,18,14,4,F1052
570,F105 (vlak overr brug over kanaal),2023-03-31,10:00:00,9,4,5,F1052
570,F105 (vlak overr brug over kanaal),2023-03-31,11:00:00,5,2,3,F1052
570,F105 (vlak overr brug over kanaal),2023-03-31,12:00:00,10,5,5,F1052
570,F105 (vlak overr brug over kanaal),2023-03-31,13:00:00,12,6,6,F1052
570,F105 (vlak overr brug over kanaal),2023-03-31,14:00:00,27,6,21,F1052
570,F105 (vlak overr brug over kanaal),2023-03-31,15:00:00,28,9,19,F1052
570,F105 (vlak overr brug over kanaal),2023-03-31,16:00:00,29,9,20,F1052
570,F105 (vlak overr brug over kanaal),2023-03-31,17:00:00,12,5,7,F1052
570,F105 (vlak overr brug over kanaal),2023-03-31,18:00:00,12,4,8,F1052
570,F105 (vlak overr brug over kanaal),2023-03-31,19:00:00,14,9,5,F1052
570,F105 (vlak overr brug over kanaal),2023-03-31,20:00:00,8,6,2,F1052
570,F105 (vlak overr brug over kanaal),2023-03-31,21:00:00,12,9,3,F1052
570,F105 (vlak overr brug over kanaal),2023-03-31,22:00:00,7,3,4,F1052
570,F105 (vlak overr brug over kanaal),2023-03-31,23:00:00,4,3,1,F1052
570,F105 (vlak overr brug over kanaal),2023-04-01,00:00:00,6,0,6,F1052
570,F105 (vlak overr brug over kanaal),2023-04-01,01:00:00,2,0,2,F1052
570,F105 (vlak overr brug over kanaal),2023-04-01,02:00:00,3,0,3,F1052
570,F105 (vlak overr brug over kanaal),2023-04-01,03:00:00,2,0,2,F1052
570,F105 (vlak overr brug over kanaal),2023-04-01,04:00:00,1,0,1,F1052
570,F105 (vlak overr brug over kanaal),2023-04-01,05:00:00,2,0,2,F1052
570,F105 (vlak overr brug over kanaal),2023-04-01,06:00:00,3,1,2,F1052
570,F105 (vlak overr brug over kanaal),2023-04-01,07:00:00,0,0,0,F1052
570,F105 (vlak overr brug over kanaal),2023-04-01,08:00:00,3,2,1,F1052
570,F105 (vlak overr brug over kanaal),2023-04-01,09:00:00,4,3,1,F1052
570,F105 (vlak overr brug over kanaal),2023-04-01,10:00:00,12,8,4,F1052
570,F105 (vlak overr brug over kanaal),2023-04-01,11:00:00,8,6,2,F1052
570,F105 (vlak overr brug over kanaal),2023-04-01,12:00:00,6,1,5,F1052
570,F105 (vlak overr brug over kanaal),2023-04-01,13:00:00,7,3,4,F1052
570,F105 (vlak overr brug over kanaal),2023-04-01,14:00:00,6,4,2,F1052
570,F105 (vlak overr brug over kanaal),2023-04-01,15:00:00,3,2,1,F1052
570,F105 (vlak overr brug over kanaal),2023-04-01,16:00:00,7,6,1,F1052
570,F105 (vlak overr brug over kanaal),2023-04-01,17:00:00,6,4,2,F1052
570,F105 (vlak overr brug over kanaal),2023-04-01,18:00:00,3,3,0,F1052
570,F105 (vlak overr brug over kanaal),2023-04-01,19:00:00,5,1,4,F1052
570,F105 (vlak overr brug over kanaal),2023-04-01,20:00:00,3,0,3,F1052
570,F105 (vlak overr brug over kanaal),2023-04-01,21:00:00,2,0,2,F1052
570,F105 (vlak overr brug over kanaal),2023-04-01,22:00:00,5,2,3,F1052
570,F105 (vlak overr brug over kanaal),2023-04-01,23:00:00,3,2,1,F1052
570,F105 (vlak overr brug over kanaal),2023-04-02,00:00:00,0,0,0,F1052
570,F105 (vlak overr brug over kanaal),2023-04-02,01:00:00,0,0,0,F1052
570,F105 (vlak overr brug over kanaal),2023-04-02,02:00:00,1,1,0,F1052
570,F105 (vlak overr brug over kanaal),2023-04-02,03:00:00,2,1,1,F1052
570,F105 (vlak overr brug over kanaal),2023-04-02,04:00:00,0,0,0,F1052
570,F105 (vlak overr brug over kanaal),2023-04-02,05:00:00,5,3,2,F1052
570,F105 (vlak overr brug over kanaal),2023-04-02,06:00:00,3,2,1,F1052
570,F105 (vlak overr brug over kanaal),2023-04-02,07:00:00,1,0,1,F1052
570,F105 (vlak overr brug over kanaal),2023-04-02,08:00:00,17,8,9,F1052
570,F105 (vlak overr brug over kanaal),2023-04-02,09:00:00,31,21,10,F1052
570,F105 (vlak overr brug over kanaal),2023-04-02,10:00:00,82,58,24,F1052
570,F105 (vlak overr brug over kanaal),2023-04-02,11:00:00,34,16,18,F1052
570,F105 (vlak overr brug over kanaal),2023-04-02,12:00:00,18,5,13,F1052
570,F105 (vlak overr brug over kanaal),2023-04-02,13:00:00,24,12,12,F1052
570,F105 (vlak overr brug over kanaal),2023-04-02,14:00:00,22,9,13,F1052
570,F105 (vlak overr brug over kanaal),2023-04-02,15:00:00,11,3,8,F1052
570,F105 (vlak overr brug over kanaal),2023-04-02,16:00:00,15,5,10,F1052
570,F105 (vlak overr brug over kanaal),2023-04-02,17:00:00,7,2,5,F1052
570,F105 (vlak overr brug over kanaal),2023-04-02,18:00:00,13,4,9,F1052
570,F105 (vlak overr brug over kanaal),2023-04-02,19:00:00,20,8,12,F1052
570,F105 (vlak overr brug over kanaal),2023-04-02,20:00:00,8,4,4,F1052
570,F105 (vlak overr brug over kanaal),2023-04-02,21:00:00,10,7,3,F1052
570,F105 (vlak overr brug over kanaal),2023-04-02,22:00:00,6,4,2,F1052
570,F105 (vlak overr brug over kanaal),2023-04-02,23:00:00,1,1,0,F1052
570,F105 (vlak overr brug over kanaal),2023-04-03,00:00:00,4,4,0,F1052
570,F105 (vlak overr brug over kanaal),2023-04-03,01:00:00,2,2,0,F1052
570,F105 (vlak overr brug over kanaal),2023-04-03,02:00:00,0,0,0,F1052
570,F105 (vlak overr brug over kanaal),2023-04-03,03:00:00,0,0,0,F1052
570,F105 (vlak overr brug over kanaal),2023-04-03,04:00:00,1,1,0,F1052
570,F105 (vlak overr brug over kanaal),2023-04-03,05:00:00,14,4,10,F1052
570,F105 (vlak overr brug over kanaal),2023-04-03,06:00:00,22,13,9,F1052
570,F105 (vlak overr brug over kanaal),2023-04-03,07:00:00,47,25,22,F1052
570,F105 (vlak overr brug over kanaal),2023-04-03,08:00:00,35,23,12,F1052
570,F105 (vlak overr brug over kanaal),2023-04-03,09:00:00,13,6,7,F1052
570,F105 (vlak overr brug over kanaal),2023-04-03,10:00:00,27,12,15,F1052
570,F105 (vlak overr brug over kanaal),2023-04-03,11:00:00,31,19,12,F1052
570,F105 (vlak overr brug over kanaal),2023-04-03,12:00:00,36,12,24,F1052
570,F105 (vlak overr brug over kanaal),2023-04-03,13:00:00,59,27,32,F1052
570,F105 (vlak overr brug over kanaal),2023-04-03,14:00:00,68,40,28,F1052
570,F105 (vlak overr brug over kanaal),2023-04-03,15:00:00,66,28,38,F1052
570,F105 (vlak overr brug over kanaal),2023-04-03,16:00:00,67,23,44,F1052
570,F105 (vlak overr brug over kanaal),2023-04-03,17:00:00,62,30,32,F1052
570,F105 (vlak overr brug over kanaal),2023-04-03,18:00:00,29,15,14,F1052
570,F105 (vlak overr brug over kanaal),2023-04-03,19:00:00,26,15,11,F1052
570,F105 (vlak overr brug over kanaal),2023-04-03,20:00:00,12,4,8,F1052
570,F105 (vlak overr brug over kanaal),2023-04-03,21:00:00,10,3,7,F1052
570,F105 (vlak overr brug over kanaal),2023-04-03,22:00:00,16,10,6,F1052
570,F105 (vlak overr brug over kanaal),2023-04-03,23:00:00,0,0,0,F1052
570,F105 (vlak overr brug over kanaal),2023-04-04,00:00:00,0,0,0,F1052
570,F105 (vlak overr brug over kanaal),2023-04-04,01:00:00,0,0,0,F1052
570,F105 (vlak overr brug over kanaal),2023-04-04,02:00:00,0,0,0,F1052
570,F105 (vlak overr brug over kanaal),2023-04-04,03:00:00,1,1,0,F1052
570,F105 (vlak overr brug over kanaal),2023-04-04,04:00:00,3,2,1,F1052
570,F105 (vlak overr brug over kanaal),2023-04-04,05:00:00,17,5,12,F1052
570,F105 (vlak overr brug over kanaal),2023-04-04,06:00:00,28,15,13,F1052
570,F105 (vlak overr brug over kanaal),2023-04-04,07:00:00,51,26,25,F1052
570,F105 (vlak overr brug over kanaal),2023-04-04,08:00:00,36,24,12,F1052
570,F105 (vlak overr brug over kanaal),2023-04-04,09:00:00,20,11,9,F1052
570,F105 (vlak overr brug over kanaal),2023-04-04,10:00:00,18,4,14,F1052
570,F105 (vlak overr brug over kanaal),2023-04-04,11:00:00,31,17,14,F1052
570,F105 (vlak overr brug over kanaal),2023-04-04,12:00:00,55,22,33,F1052
570,F105 (vlak overr brug over kanaal),2023-04-04,13:00:00,77,28,49,F1052
570,F105 (vlak overr brug over kanaal),2023-04-04,14:00:00,85,46,39,F1052
570,F105 (vlak overr brug over kanaal),2023-04-04,15:00:00,52,33,19,F1052
570,F105 (vlak overr brug over kanaal),2023-04-04,16:00:00,71,32,39,F1052
570,F105 (vlak overr brug over kanaal),2023-04-04,17:00:00,66,36,30,F1052
570,F105 (vlak overr brug over kanaal),2023-04-04,18:00:00,26,9,17,F1052
570,F105 (vlak overr brug over kanaal),2023-04-04,19:00:00,18,6,12,F1052
570,F105 (vlak overr brug over kanaal),2023-04-04,20:00:00,9,3,6,F1052
570,F105 (vlak overr brug over kanaal),2023-04-04,21:00:00,9,2,7,F1052
570,F105 (vlak overr brug over kanaal),2023-04-04,22:00:00,9,6,3,F1052
570,F105 (vlak overr brug over kanaal),2023-04-04,23:00:00,6,4,2,F1052
570,F105 (vlak overr brug over kanaal),2023-04-05,00:00:00,1,1,0,F1052
570,F105 (vlak overr brug over kanaal),2023-04-05,01:00:00,0,0,0,F1052
570,F105 (vlak overr brug over kanaal),2023-04-05,02:00:00,0,0,0,F1052
570,F105 (vlak overr brug over kanaal),2023-04-05,03:00:00,1,0,1,F1052
570,F105 (vlak overr brug over kanaal),2023-04-05,04:00:00,3,1,2,F1052
570,F105 (vlak overr brug over kanaal),2023-04-05,05:00:00,18,5,13,F1052
570,F105 (vlak overr brug over kanaal),2023-04-05,06:00:00,21,13,8,F1052
570,F105 (vlak overr brug over kanaal),2023-04-05,07:00:00,47,24,23,F1052
570,F105 (vlak overr brug over kanaal),2023-04-05,08:00:00,25,15,10,F1052
570,F105 (vlak overr brug over kanaal),2023-04-05,09:00:00,27,18,9,F1052
570,F105 (vlak overr brug over kanaal),2023-04-05,10:00:00,26,11,15,F1052
570,F105 (vlak overr brug over kanaal),2023-04-05,11:00:00,34,20,14,F1052
570,F105 (vlak overr brug over kanaal),2023-04-05,12:00:00,53,18,35,F1052
570,F105 (vlak overr brug over kanaal),2023-04-05,13:00:00,94,41,53,F1052
570,F105 (vlak overr brug over kanaal),2023-04-05,14:00:00,112,70,42,F1052
570,F105 (vlak overr brug over kanaal),2023-04-05,15:00:00,91,44,47,F1052
570,F105 (vlak overr brug over kanaal),2023-04-05,16:00:00,63,27,36,F1052
570,F105 (vlak overr brug over kanaal),2023-04-05,17:00:00,65,29,36,F1052
570,F105 (vlak overr brug over kanaal),2023-04-05,18:00:00,42,15,27,F1052
570,F105 (vlak overr brug over kanaal),2023-04-05,19:00:00,30,14,16,F1052
570,F105 (vlak overr brug over kanaal),2023-04-05,20:00:00,18,5,13,F1052
570,F105 (vlak overr brug over kanaal),2023-04-05,21:00:00,18,9,9,F1052
570,F105 (vlak overr brug over kanaal),2023-04-05,22:00:00,11,8,3,F1052
570,F105 (vlak overr brug over kanaal),2023-04-05,23:00:00,5,2,3,F1052
570,F105 (vlak overr brug over kanaal),2023-04-06,00:00:00,0,0,0,F1052
570,F105 (vlak overr brug over kanaal),2023-04-06,01:00:00,0,0,0,F1052
570,F105 (vlak overr brug over kanaal),2023-04-06,02:00:00,0,0,0,F1052
570,F105 (vlak overr brug over kanaal),2023-04-06,03:00:00,0,0,0,F1052
570,F105 (vlak overr brug over kanaal),2023-04-06,04:00:00,1,1,0,F1052
570,F105 (vlak overr brug over kanaal),2023-04-06,05:00:00,10,3,7,F1052
570,F105 (vlak overr brug over kanaal),2023-04-06,06:00:00,15,9,6,F1052
570,F105 (vlak overr brug over kanaal),2023-04-06,07:00:00,40,20,20,F1052
570,F105 (vlak overr brug over kanaal),2023-04-06,08:00:00,23,14,9,F1052
570,F105 (vlak overr brug over kanaal),2023-04-06,09:00:00,16,8,8,F1052
570,F105 (vlak overr brug over kanaal),2023-04-06,10:00:00,4,2,2,F1052
570,F105 (vlak overr brug over kanaal),2023-04-06,11:00:00,12,1,11,F1052
570,F105 (vlak overr brug over kanaal),2023-04-06,12:00:00,8,5,3,F1052
570,F105 (vlak overr brug over kanaal),2023-04-06,13:00:00,10,2,8,F1052
570,F105 (vlak overr brug over kanaal),2023-04-06,14:00:00,14,10,4,F1052
570,F105 (vlak overr brug over kanaal),2023-04-06,15:00:00,19,12,7,F1052
570,F105 (vlak overr brug over kanaal),2023-04-06,16:00:00,29,8,21,F1052
570,F105 (vlak overr brug over kanaal),2023-04-06,17:00:00,30,14,16,F1052
570,F105 (vlak overr brug over kanaal),2023-04-06,18:00:00,13,5,8,F1052
570,F105 (vlak overr brug over kanaal),2023-04-06,19:00:00,1,0,1,F1052
570,F105 (vlak overr brug over kanaal),2023-04-06,20:00:00,11,6,5,F1052
570,F105 (vlak overr brug over kanaal),2023-04-06,21:00:00,8,3,5,F1052
570,F105 (vlak overr brug over kanaal),2023-04-06,22:00:00,3,1,2,F1052
570,F105 (vlak overr brug over kanaal),2023-04-06,23:00:00,6,6,0,F1052
570,F105 (vlak overr brug over kanaal),2023-04-07,00:00:00,0,0,0,F1052
570,F105 (vlak overr brug over kanaal),2023-04-07,01:00:00,0,0,0,F1052
570,F105 (vlak overr brug over kanaal),2023-04-07,02:00:00,0,0,0,F1052
570,F105 (vlak overr brug over kanaal),2023-04-07,03:00:00,0,0,0,F1052
570,F105 (vlak overr brug over kanaal),2023-04-07,04:00:00,0,0,0,F1052
570,F105 (vlak overr brug over kanaal),2023-04-07,05:00:00,8,2,6,F1052
570,F105 (vlak overr brug over kanaal),2023-04-07,06:00:00,19,9,10,F1052
570,F105 (vlak overr brug over kanaal),2023-04-07,07:00:00,24,16,8,F1052
570,F105 (vlak overr brug over kanaal),2023-04-07,08:00:00,31,23,8,F1052
570,F105 (vlak overr brug over kanaal),2023-04-07,09:00:00,25,13,12,F1052
570,F105 (vlak overr brug over kanaal),2023-04-07,10:00:00,22,7,15,F1052
570,F105 (vlak overr brug over kanaal),2023-04-07,11:00:00,32,15,17,F1052
570,F105 (vlak overr brug over kanaal),2023-04-07,12:00:00,24,12,12,F1052
570,F105 (vlak overr brug over kanaal),2023-04-07,13:00:00,39,21,18,F1052
570,F105 (vlak overr brug over kanaal),2023-04-07,14:00:00,53,33,20,F1052
570,F105 (vlak overr brug over kanaal),2023-04-07,15:00:00,38,13,25,F1052
570,F105 (vlak overr brug over kanaal),2023-04-07,16:00:00,50,22,28,F1052
570,F105 (vlak overr brug over kanaal),2023-04-07,17:00:00,28,16,12,F1052
570,F105 (vlak overr brug over kanaal),2023-04-07,18:00:00,21,9,12,F1052
570,F105 (vlak overr brug over kanaal),2023-04-07,19:00:00,17,11,6,F1052
570,F105 (vlak overr brug over kanaal),2023-04-07,20:00:00,17,6,11,F1052
570,F105 (vlak overr brug over kanaal),2023-04-07,21:00:00,10,4,6,F1052
570,F105 (vlak overr brug over kanaal),2023-04-07,22:00:00,9,7,2,F1052
570,F105 (vlak overr brug over kanaal),2023-04-07,23:00:00,8,0,8,F1052
570,F105 (vlak overr brug over kanaal),2023-04-08,00:00:00,6,4,2,F1052
570,F105 (vlak overr brug over kanaal),2023-04-08,01:00:00,4,1,3,F1052
570,F105 (vlak overr brug over kanaal),2023-04-08,02:00:00,2,1,1,F1052
570,F105 (vlak overr brug over kanaal),2023-04-08,03:00:00,0,0,0,F1052
570,F105 (vlak overr brug over kanaal),2023-04-08,04:00:00,2,0,2,F1052
570,F105 (vlak overr brug over kanaal),2023-04-08,05:00:00,5,2,3,F1052
570,F105 (vlak overr brug over kanaal),2023-04-08,06:00:00,8,6,2,F1052
570,F105 (vlak overr brug over kanaal),2023-04-08,07:00:00,5,1,4,F1052
570,F105 (vlak overr brug over kanaal),2023-04-08,08:00:00,11,6,5,F1052
570,F105 (vlak overr brug over kanaal),2023-04-08,09:00:00,21,10,11,F1052
570,F105 (vlak overr brug over kanaal),2023-04-08,10:00:00,34,21,13,F1052
570,F105 (vlak overr brug over kanaal),2023-04-08,11:00:00,41,22,19,F1052
570,F105 (vlak overr brug over kanaal),2023-04-08,12:00:00,27,15,12,F1052
570,F105 (vlak overr brug over kanaal),2023-04-08,13:00:00,48,26,22,F1052
570,F105 (vlak overr brug over kanaal),2023-04-08,14:00:00,84,46,38,F1052
570,F105 (vlak overr brug over kanaal),2023-04-08,15:00:00,73,32,41,F1052
570,F105 (vlak overr brug over kanaal),2023-04-08,16:00:00,54,32,22,F1052
570,F105 (vlak overr brug over kanaal),2023-04-08,17:00:00,34,9,25,F1052
570,F105 (vlak overr brug over kanaal),2023-04-08,18:00:00,20,10,10,F1052
570,F105 (vlak overr brug over kanaal),2023-04-08,19:00:00,12,4,8,F1052
570,F105 (vlak overr brug over kanaal),2023-04-08,20:00:00,18,7,11,F1052
570,F105 (vlak overr brug over kanaal),2023-04-08,21:00:00,14,8,6,F1052
570,F105 (vlak overr brug over kanaal),2023-04-08,22:00:00,10,6,4,F1052
570,F105 (vlak overr brug over kanaal),2023-04-08,23:00:00,5,2,3,F1052
570,F105 (vlak overr brug over kanaal),2023-04-09,00:00:00,3,1,2,F1052
570,F105 (vlak overr brug over kanaal),2023-04-09,01:00:00,8,4,4,F1052
570,F105 (vlak overr brug over kanaal),2023-04-09,02:00:00,5,2,3,F1052
570,F105 (vlak overr brug over kanaal),2023-04-09,03:00:00,3,0,3,F1052
570,F105 (vlak overr brug over kanaal),2023-04-09,04:00:00,0,0,0,F1052
570,F105 (vlak overr brug over kanaal),2023-04-09,05:00:00,2,0,2,F1052
570,F105 (vlak overr brug over kanaal),2023-04-09,06:00:00,8,7,1,F1052
570,F105 (vlak overr brug over kanaal),2023-04-09,07:00:00,6,3,3,F1052
570,F105 (vlak overr brug over kanaal),2023-04-09,08:00:00,30,18,12,F1052
570,F105 (vlak overr brug over kanaal),2023-04-09,09:00:00,38,18,20,F1052
570,F105 (vlak overr brug over kanaal),2023-04-09,10:00:00,73,24,49,F1052
570,F105 (vlak overr brug over kanaal),2023-04-09,11:00:00,64,40,24,F1052
570,F105 (vlak overr brug over kanaal),2023-04-09,12:00:00,56,26,30,F1052
570,F105 (vlak overr brug over kanaal),2023-04-09,13:00:00,66,47,19,F1052
570,F105 (vlak overr brug over kanaal),2023-04-09,14:00:00,88,43,45,F1052
570,F105 (vlak overr brug over kanaal),2023-04-09,15:00:00,75,41,34,F1052
570,F105 (vlak overr brug over kanaal),2023-04-09,16:00:00,50,27,23,F1052
570,F105 (vlak overr brug over kanaal),2023-04-09,17:00:00,45,23,22,F1052
570,F105 (vlak overr brug over kanaal),2023-04-09,18:00:00,34,14,20,F1052
570,F105 (vlak overr brug over kanaal),2023-04-09,19:00:00,30,14,16,F1052
570,F105 (vlak overr brug over kanaal),2023-04-09,20:00:00,20,10,10,F1052
570,F105 (vlak overr brug over kanaal),2023-04-09,21:00:00,13,7,6,F1052
570,F105 (vlak overr brug over kanaal),2023-04-09,22:00:00,6,2,4,F1052
570,F105 (vlak overr brug over kanaal),2023-04-09,23:00:00,3,2,1,F1052
570,F105 (vlak overr brug over kanaal),2023-04-10,00:00:00,3,0,3,F1052
570,F105 (vlak overr brug over kanaal),2023-04-10,01:00:00,1,1,0,F1052
570,F105 (vlak overr brug over kanaal),2023-04-10,02:00:00,0,0,0,F1052
570,F105 (vlak overr brug over kanaal),2023-04-10,03:00:00,4,1,3,F1052
570,F105 (vlak overr brug over kanaal),2023-04-10,04:00:00,0,0,0,F1052
570,F105 (vlak overr brug over kanaal),2023-04-10,05:00:00,5,1,4,F1052
570,F105 (vlak overr brug over kanaal),2023-04-10,06:00:00,6,6,0,F1052
570,F105 (vlak overr brug over kanaal),2023-04-10,07:00:00,5,2,3,F1052
570,F105 (vlak overr brug over kanaal),2023-04-10,08:00:00,19,13,6,F1052
570,F105 (vlak overr brug over kanaal),2023-04-10,09:00:00,28,14,14,F1052
570,F105 (vlak overr brug over kanaal),2023-04-10,10:00:00,56,13,43,F1052
570,F105 (vlak overr brug over kanaal),2023-04-10,11:00:00,31,14,17,F1052
570,F105 (vlak overr brug over kanaal),2023-04-10,12:00:00,30,16,14,F1052
570,F105 (vlak overr brug over kanaal),2023-04-10,13:00:00,41,25,16,F1052
570,F105 (vlak overr brug over kanaal),2023-04-10,14:00:00,53,23,30,F1052
570,F105 (vlak overr brug over kanaal),2023-04-10,15:00:00,19,9,10,F1052
570,F105 (vlak overr brug over kanaal),2023-04-10,16:00:00,11,6,5,F1052
570,F105 (vlak overr brug over kanaal),2023-04-10,17:00:00,11,8,3,F1052
570,F105 (vlak overr brug over kanaal),2023-04-10,18:00:00,6,4,2,F1052
570,F105 (vlak overr brug over kanaal),2023-04-10,19:00:00,8,3,5,F1052
570,F105 (vlak overr brug over kanaal),2023-04-10,20:00:00,3,0,3,F1052
570,F105 (vlak overr brug over kanaal),2023-04-10,21:00:00,4,2,2,F1052
570,F105 (vlak overr brug over kanaal),2023-04-10,22:00:00,5,1,4,F1052
570,F105 (vlak overr brug over kanaal),2023-04-10,23:00:00,1,0,1,F1052
570,F105 (vlak overr brug over kanaal),2023-04-11,00:00:00,0,0,0,F1052
570,F105 (vlak overr brug over kanaal),2023-04-11,01:00:00,0,0,0,F1052
570,F105 (vlak overr brug over kanaal),2023-04-11,02:00:00,0,0,0,F1052
570,F105 (vlak overr brug over kanaal),2023-04-11,03:00:00,0,0,0,F1052
570,F105 (vlak overr brug over kanaal),2023-04-11,04:00:00,4,2,2,F1052
570,F105 (vlak overr brug over kanaal),2023-04-11,05:00:00,10,5,5,F1052
570,F105 (vlak overr brug over kanaal),2023-04-11,06:00:00,25,12,13,F1052
570,F105 (vlak overr brug over kanaal),2023-04-11,07:00:00,49,29,20,F1052
570,F105 (vlak overr brug over kanaal),2023-04-11,08:00:00,23,13,10,F1052
570,F105 (vlak overr brug over kanaal),2023-04-11,09:00:00,33,20,13,F1052
570,F105 (vlak overr brug over kanaal),2023-04-11,10:00:00,31,19,12,F1052
570,F105 (vlak overr brug over kanaal),2023-04-11,11:00:00,28,17,11,F1052
570,F105 (vlak overr brug over kanaal),2023-04-11,12:00:00,22,11,11,F1052
570,F105 (vlak overr brug over kanaal),2023-04-11,13:00:00,54,27,27,F1052
570,F105 (vlak overr brug over kanaal),2023-04-11,14:00:00,55,35,20,F1052
570,F105 (vlak overr brug over kanaal),2023-04-11,15:00:00,64,34,30,F1052
570,F105 (vlak overr brug over kanaal),2023-04-11,16:00:00,65,19,46,F1052
570,F105 (vlak overr brug over kanaal),2023-04-11,17:00:00,51,24,27,F1052
570,F105 (vlak overr brug over kanaal),2023-04-11,18:00:00,33,14,19,F1052
570,F105 (vlak overr brug over kanaal),2023-04-11,19:00:00,12,9,3,F1052
570,F105 (vlak overr brug over kanaal),2023-04-11,20:00:00,15,5,10,F1052
570,F105 (vlak overr brug over kanaal),2023-04-11,21:00:00,7,2,5,F1052
570,F105 (vlak overr brug over kanaal),2023-04-11,22:00:00,10,8,2,F1052
570,F105 (vlak overr brug over kanaal),2023-04-11,23:00:00,1,1,0,F1052
570,F105 (vlak overr brug over kanaal),2023-04-12,00:00:00,1,0,1,F1052
570,F105 (vlak overr brug over kanaal),2023-04-12,01:00:00,1,0,1,F1052
570,F105 (vlak overr brug over kanaal),2023-04-12,02:00:00,4,2,2,F1052
570,F105 (vlak overr brug over kanaal),2023-04-12,03:00:00,0,0,0,F1052
570,F105 (vlak overr brug over kanaal),2023-04-12,04:00:00,4,2,2,F1052
570,F105 (vlak overr brug over kanaal),2023-04-12,05:00:00,6,2,4,F1052
570,F105 (vlak overr brug over kanaal),2023-04-12,06:00:00,11,6,5,F1052
570,F105 (vlak overr brug over kanaal),2023-04-12,07:00:00,21,13,8,F1052
570,F105 (vlak overr brug over kanaal),2023-04-12,08:00:00,11,4,7,F1052
570,F105 (vlak overr brug over kanaal),2023-04-12,09:00:00,9,6,3,F1052
570,F105 (vlak overr brug over kanaal),2023-04-12,10:00:00,13,8,5,F1052
570,F105 (vlak overr brug over kanaal),2023-04-12,11:00:00,13,8,5,F1052
570,F105 (vlak overr brug over kanaal),2023-04-12,12:00:00,19,7,12,F1052
570,F105 (vlak overr brug over kanaal),2023-04-12,13:00:00,23,8,15,F1052
570,F105 (vlak overr brug over kanaal),2023-04-12,14:00:00,17,11,6,F1052
570,F105 (vlak overr brug over kanaal),2023-04-12,15:00:00,18,10,8,F1052
570,F105 (vlak overr brug over kanaal),2023-04-12,16:00:00,17,4,13,F1052
570,F105 (vlak overr brug over kanaal),2023-04-12,17:00:00,26,8,18,F1052
570,F105 (vlak overr brug over kanaal),2023-04-12,18:00:00,13,7,6,F1052
570,F105 (vlak overr brug over kanaal),2023-04-12,19:00:00,9,5,4,F1052
570,F105 (vlak overr brug over kanaal),2023-04-12,20:00:00,8,5,3,F1052
570,F105 (vlak overr brug over kanaal),2023-04-12,21:00:00,7,2,5,F1052
570,F105 (vlak overr brug over kanaal),2023-04-12,22:00:00,10,7,3,F1052
570,F105 (vlak overr brug over kanaal),2023-04-12,23:00:00,4,3,1,F1052
570,F105 (vlak overr brug over kanaal),2023-04-13,00:00:00,0,0,0,F1052
570,F105 (vlak overr brug over kanaal),2023-04-13,01:00:00,4,1,3,F1052
570,F105 (vlak overr brug over kanaal),2023-04-13,02:00:00,0,0,0,F1052
570,F105 (vlak overr brug over kanaal),2023-04-13,03:00:00,0,0,0,F1052
570,F105 (vlak overr brug over kanaal),2023-04-13,04:00:00,3,1,2,F1052
570,F105 (vlak overr brug over kanaal),2023-04-13,05:00:00,11,4,7,F1052
570,F105 (vlak overr brug over kanaal),2023-04-13,06:00:00,28,14,14,F1052
570,F105 (vlak overr brug over kanaal),2023-04-13,07:00:00,39,20,19,F1052
570,F105 (vlak overr brug over kanaal),2023-04-13,08:00:00,33,17,16,F1052
570,F105 (vlak overr brug over kanaal),2023-04-13,09:00:00,18,9,9,F1052
570,F105 (vlak overr brug over kanaal),2023-04-13,10:00:00,25,15,10,F1052
570,F105 (vlak overr brug over kanaal),2023-04-13,11:00:00,21,7,14,F1052
570,F105 (vlak overr brug over kanaal),2023-04-13,12:00:00,34,13,21,F1052
570,F105 (vlak overr brug over kanaal),2023-04-13,13:00:00,61,36,25,F1052
570,F105 (vlak overr brug over kanaal),2023-04-13,14:00:00,38,24,14,F1052
570,F105 (vlak overr brug over kanaal),2023-04-13,15:00:00,36,23,13,F1052
570,F105 (vlak overr brug over kanaal),2023-04-13,16:00:00,65,31,34,F1052
570,F105 (vlak overr brug over kanaal),2023-04-13,17:00:00,36,23,13,F1052
570,F105 (vlak overr brug over kanaal),2023-04-13,18:00:00,32,13,19,F1052
570,F105 (vlak overr brug over kanaal),2023-04-13,19:00:00,24,4,20,F1052
570,F105 (vlak overr brug over kanaal),2023-04-13,20:00:00,21,5,16,F1052
570,F105 (vlak overr brug over kanaal),2023-04-13,21:00:00,11,5,6,F1052
570,F105 (vlak overr brug over kanaal),2023-04-13,22:00:00,14,11,3,F1052
570,F105 (vlak overr brug over kanaal),2023-04-13,23:00:00,6,4,2,F1052
570,F105 (vlak overr brug over kanaal),2023-04-14,00:00:00,4,4,0,F1052
570,F105 (vlak overr brug over kanaal),2023-04-14,01:00:00,3,0,3,F1052
570,F105 (vlak overr brug over kanaal),2023-04-14,02:00:00,0,0,0,F1052
570,F105 (vlak overr brug over kanaal),2023-04-14,03:00:00,0,0,0,F1052
570,F105 (vlak overr brug over kanaal),2023-04-14,04:00:00,4,2,2,F1052
570,F105 (vlak overr brug over kanaal),2023-04-14,05:00:00,9,3,6,F1052
570,F105 (vlak overr brug over kanaal),2023-04-14,06:00:00,28,19,9,F1052
570,F105 (vlak overr brug over kanaal),2023-04-14,07:00:00,38,20,18,F1052
570,F105 (vlak overr brug over kanaal),2023-04-14,08:00:00,46,25,21,F1052
570,F105 (vlak overr brug over kanaal),2023-04-14,09:00:00,40,26,14,F1052
570,F105 (vlak overr brug over kanaal),2023-04-14,10:00:00,42,31,11,F1052
570,F105 (vlak overr brug over kanaal),2023-04-14,11:00:00,51,24,27,F1052
570,F105 (vlak overr brug over kanaal),2023-04-14,12:00:00,53,22,31,F1052
570,F105 (vlak overr brug over kanaal),2023-04-14,13:00:00,64,26,38,F1052
570,F105 (vlak overr brug over kanaal),2023-04-14,14:00:00,80,45,35,F1052
570,F105 (vlak overr brug over kanaal),2023-04-14,15:00:00,59,25,34,F1052
570,F105 (vlak overr brug over kanaal),2023-04-14,16:00:00,46,19,27,F1052
570,F105 (vlak overr brug over kanaal),2023-04-14,17:00:00,40,17,23,F1052
570,F105 (vlak overr brug over kanaal),2023-04-14,18:00:00,30,14,16,F1052
570,F105 (vlak overr brug over kanaal),2023-04-14,19:00:00,19,6,13,F1052
570,F105 (vlak overr brug over kanaal),2023-04-14,20:00:00,18,15,3,F1052
570,F105 (vlak overr brug over kanaal),2023-04-14,21:00:00,12,7,5,F1052
570,F105 (vlak overr brug over kanaal),2023-04-14,22:00:00,16,12,4,F1052
570,F105 (vlak overr brug over kanaal),2023-04-14,23:00:00,5,3,2,F1052
570,F105 (vlak overr brug over kanaal),2023-04-15,00:00:00,1,0,1,F1052
570,F105 (vlak overr brug over kanaal),2023-04-15,01:00:00,1,1,0,F1052
570,F105 (vlak overr brug over kanaal),2023-04-15,02:00:00,5,2,3,F1052
570,F105 (vlak overr brug over kanaal),2023-04-15,03:00:00,2,1,1,F1052
570,F105 (vlak overr brug over kanaal),2023-04-15,04:00:00,2,0,2,F1052
570,F105 (vlak overr brug over kanaal),2023-04-15,05:00:00,3,1,2,F1052
570,F105 (vlak overr brug over kanaal),2023-04-15,06:00:00,6,3,3,F1052
570,F105 (vlak overr brug over kanaal),2023-04-15,07:00:00,13,5,8,F1052
570,F105 (vlak overr brug over kanaal),2023-04-15,08:00:00,12,9,3,F1052
570,F105 (vlak overr brug over kanaal),2023-04-15,09:00:00,36,13,23,F1052
570,F105 (vlak overr brug over kanaal),2023-04-15,10:00:00,44,30,14,F1052
570,F105 (vlak overr brug over kanaal),2023-04-15,11:00:00,41,20,21,F1052
570,F105 (vlak overr brug over kanaal),2023-04-15,12:00:00,37,24,13,F1052
570,F105 (vlak overr brug over kanaal),2023-04-15,13:00:00,89,44,45,F1052
570,F105 (vlak overr brug over kanaal),2023-04-15,14:00:00,89,39,50,F1052
570,F105 (vlak overr brug over kanaal),2023-04-15,15:00:00,107,63,44,F1052
570,F105 (vlak overr brug over kanaal),2023-04-15,16:00:00,49,29,20,F1052
570,F105 (vlak overr brug over kanaal),2023-04-15,17:00:00,32,8,24,F1052
570,F105 (vlak overr brug over kanaal),2023-04-15,18:00:00,30,12,18,F1052
570,F105 (vlak overr brug over kanaal),2023-04-15,19:00:00,22,8,14,F1052
570,F105 (vlak overr brug over kanaal),2023-04-15,20:00:00,11,5,6,F1052
570,F105 (vlak overr brug over kanaal),2023-04-15,21:00:00,13,7,6,F1052
570,F105 (vlak overr brug over kanaal),2023-04-15,22:00:00,11,8,3,F1052
570,F105 (vlak overr brug over kanaal),2023-04-15,23:00:00,1,0,1,F1052
570,F105 (vlak overr brug over kanaal),2023-04-16,00:00:00,2,1,1,F1052
570,F105 (vlak overr brug over kanaal),2023-04-16,01:00:00,1,0,1,F1052
570,F105 (vlak overr brug over kanaal),2023-04-16,02:00:00,3,2,1,F1052
570,F105 (vlak overr brug over kanaal),2023-04-16,03:00:00,2,2,0,F1052
570,F105 (vlak overr brug over kanaal),2023-04-16,04:00:00,3,1,2,F1052
570,F105 (vlak overr brug over kanaal),2023-04-16,05:00:00,2,1,1,F1052
570,F105 (vlak overr brug over kanaal),2023-04-16,06:00:00,4,3,1,F1052
570,F105 (vlak overr brug over kanaal),2023-04-16,07:00:00,4,1,3,F1052
570,F105 (vlak overr brug over kanaal),2023-04-16,08:00:00,30,12,18,F1052
570,F105 (vlak overr brug over kanaal),2023-04-16,09:00:00,25,14,11,F1052
570,F105 (vlak overr brug over kanaal),2023-04-16,10:00:00,47,25,22,F1052
570,F105 (vlak overr brug over kanaal),2023-04-16,11:00:00,27,10,17,F1052
570,F105 (vlak overr brug over kanaal),2023-04-16,12:00:00,34,11,23,F1052
570,F105 (vlak overr brug over kanaal),2023-04-16,13:00:00,39,17,22,F1052
570,F105 (vlak overr brug over kanaal),2023-04-16,14:00:00,41,21,20,F1052
570,F105 (vlak overr brug over kanaal),2023-04-16,15:00:00,31,11,20,F1052
570,F105 (vlak overr brug over kanaal),2023-04-16,16:00:00,21,12,9,F1052
570,F105 (vlak overr brug over kanaal),2023-04-16,17:00:00,20,11,9,F1052
570,F105 (vlak overr brug over kanaal),2023-04-16,18:00:00,10,5,5,F1052
570,F105 (vlak overr brug over kanaal),2023-04-16,19:00:00,15,12,3,F1052
570,F105 (vlak overr brug over kanaal),2023-04-16,20:00:00,8,6,2,F1052
570,F105 (vlak overr brug over kanaal),2023-04-16,21:00:00,16,10,6,F1052
570,F105 (vlak overr brug over kanaal),2023-04-16,22:00:00,4,3,1,F1052
570,F105 (vlak overr brug over kanaal),2023-04-16,23:00:00,4,2,2,F1052
570,F105 (vlak overr brug over kanaal),2023-04-17,00:00:00,0,0,0,F1052
570,F105 (vlak overr brug over kanaal),2023-04-17,01:00:00,0,0,0,F1052
570,F105 (vlak overr brug over kanaal),2023-04-17,02:00:00,1,0,1,F1052
570,F105 (vlak overr brug over kanaal),2023-04-17,03:00:00,0,0,0,F1052
570,F105 (vlak overr brug over kanaal),2023-04-17,04:00:00,4,3,1,F1052
570,F105 (vlak overr brug over kanaal),2023-04-17,05:00:00,17,6,11,F1052
570,F105 (vlak overr brug over kanaal),2023-04-17,06:00:00,33,17,16,F1052
570,F105 (vlak overr brug over kanaal),2023-04-17,07:00:00,110,69,41,F1052
570,F105 (vlak overr brug over kanaal),2023-04-17,08:00:00,104,69,35,F1052
570,F105 (vlak overr brug over kanaal),2023-04-17,09:00:00,19,11,8,F1052
570,F105 (vlak overr brug over kanaal),2023-04-17,10:00:00,25,15,10,F1052
570,F105 (vlak overr brug over kanaal),2023-04-17,11:00:00,23,10,13,F1052
570,F105 (vlak overr brug over kanaal),2023-04-17,12:00:00,37,16,21,F1052
570,F105 (vlak overr brug over kanaal),2023-04-17,13:00:00,57,24,33,F1052
570,F105 (vlak overr brug over kanaal),2023-04-17,14:00:00,63,41,22,F1052
570,F105 (vlak overr brug over kanaal),2023-04-17,15:00:00,106,47,59,F1052
570,F105 (vlak overr brug over kanaal),2023-04-17,16:00:00,132,52,80,F1052
570,F105 (vlak overr brug over kanaal),2023-04-17,17:00:00,69,38,31,F1052
570,F105 (vlak overr brug over kanaal),2023-04-17,18:00:00,36,19,17,F1052
570,F105 (vlak overr brug over kanaal),2023-04-17,19:00:00,29,13,16,F1052
570,F105 (vlak overr brug over kanaal),2023-04-17,20:00:00,26,10,16,F1052
570,F105 (vlak overr brug over kanaal),2023-04-17,21:00:00,17,8,9,F1052
570,F105 (vlak overr brug over kanaal),2023-04-17,22:00:00,14,7,7,F1052
570,F105 (vlak overr brug over kanaal),2023-04-17,23:00:00,7,4,3,F1052
570,F105 (vlak overr brug over kanaal),2023-04-18,00:00:00,0,0,0,F1052
570,F105 (vlak overr brug over kanaal),2023-04-18,01:00:00,0,0,0,F1052
570,F105 (vlak overr brug over kanaal),2023-04-18,02:00:00,0,0,0,F1052
570,F105 (vlak overr brug over kanaal),2023-04-18,03:00:00,1,0,1,F1052
570,F105 (vlak overr brug over kanaal),2023-04-18,04:00:00,5,3,2,F1052
570,F105 (vlak overr brug over kanaal),2023-04-18,05:00:00,18,6,12,F1052
570,F105 (vlak overr brug over kanaal),2023-04-18,06:00:00,42,19,23,F1052
570,F105 (vlak overr brug over kanaal),2023-04-18,07:00:00,102,64,38,F1052
570,F105 (vlak overr brug over kanaal),2023-04-18,08:00:00,107,76,31,F1052
570,F105 (vlak overr brug over kanaal),2023-04-18,09:00:00,35,21,14,F1052
570,F105 (vlak overr brug over kanaal),2023-04-18,10:00:00,30,12,18,F1052
570,F105 (vlak overr brug over kanaal),2023-04-18,11:00:00,28,8,20,F1052
570,F105 (vlak overr brug over kanaal),2023-04-18,12:00:00,58,35,23,F1052
570,F105 (vlak overr brug over kanaal),2023-04-18,13:00:00,66,37,29,F1052
570,F105 (vlak overr brug over kanaal),2023-04-18,14:00:00,97,54,43,F1052
570,F105 (vlak overr brug over kanaal),2023-04-18,15:00:00,104,46,58,F1052
570,F105 (vlak overr brug over kanaal),2023-04-18,16:00:00,137,52,85,F1052
570,F105 (vlak overr brug over kanaal),2023-04-18,17:00:00,73,37,36,F1052
570,F105 (vlak overr brug over kanaal),2023-04-18,18:00:00,50,23,27,F1052
570,F105 (vlak overr brug over kanaal),2023-04-18,19:00:00,26,9,17,F1052
570,F105 (vlak overr brug over kanaal),2023-04-18,20:00:00,18,8,10,F1052
570,F105 (vlak overr brug over kanaal),2023-04-18,21:00:00,18,5,13,F1052
570,F105 (vlak overr brug over kanaal),2023-04-18,22:00:00,14,7,7,F1052
570,F105 (vlak overr brug over kanaal),2023-04-18,23:00:00,2,1,1,F1052
570,F105 (vlak overr brug over kanaal),2023-04-19,00:00:00,3,2,1,F1052
570,F105 (vlak overr brug over kanaal),2023-04-19,01:00:00,0,0,0,F1052
570,F105 (vlak overr brug over kanaal),2023-04-19,02:00:00,0,0,0,F1052
570,F105 (vlak overr brug over kanaal),2023-04-19,03:00:00,0,0,0,F1052
570,F105 (vlak overr brug over kanaal),2023-04-19,04:00:00,4,2,2,F1052
570,F105 (vlak overr brug over kanaal),2023-04-19,05:00:00,23,6,17,F1052
570,F105 (vlak overr brug over kanaal),2023-04-19,06:00:00,39,23,16,F1052
570,F105 (vlak overr brug over kanaal),2023-04-19,07:00:00,98,63,35,F1052
570,F105 (vlak overr brug over kanaal),2023-04-19,08:00:00,99,68,31,F1052
570,F105 (vlak overr brug over kanaal),2023-04-19,09:00:00,37,19,18,F1052
570,F105 (vlak overr brug over kanaal),2023-04-19,10:00:00,42,19,23,F1052
570,F105 (vlak overr brug over kanaal),2023-04-19,11:00:00,42,14,28,F1052
570,F105 (vlak overr brug over kanaal),2023-04-19,12:00:00,102,29,73,F1052
570,F105 (vlak overr brug over kanaal),2023-04-19,13:00:00,91,54,37,F1052
570,F105 (vlak overr brug over kanaal),2023-04-19,14:00:00,82,50,32,F1052
570,F105 (vlak overr brug over kanaal),2023-04-19,15:00:00,97,41,56,F1052
570,F105 (vlak overr brug over kanaal),2023-04-19,16:00:00,91,41,50,F1052
570,F105 (vlak overr brug over kanaal),2023-04-19,17:00:00,77,45,32,F1052
570,F105 (vlak overr brug over kanaal),2023-04-19,18:00:00,38,21,17,F1052
570,F105 (vlak overr brug over kanaal),2023-04-19,19:00:00,25,16,9,F1052
570,F105 (vlak overr brug over kanaal),2023-04-19,20:00:00,17,7,10,F1052
570,F105 (vlak overr brug over kanaal),2023-04-19,21:00:00,23,12,11,F1052
570,F105 (vlak overr brug over kanaal),2023-04-19,22:00:00,18,11,7,F1052
570,F105 (vlak overr brug over kanaal),2023-04-19,23:00:00,6,5,1,F1052
570,F105 (vlak overr brug over kanaal),2023-04-20,00:00:00,1,1,0,F1052
570,F105 (vlak overr brug over kanaal),2023-04-20,01:00:00,0,0,0,F1052
570,F105 (vlak overr brug over kanaal),2023-04-20,02:00:00,0,0,0,F1052
570,F105 (vlak overr brug over kanaal),2023-04-20,03:00:00,0,0,0,F1052
570,F105 (vlak overr brug over kanaal),2023-04-20,04:00:00,4,3,1,F1052
570,F105 (vlak overr brug over kanaal),2023-04-20,05:00:00,18,6,12,F1052
570,F105 (vlak overr brug over kanaal),2023-04-20,06:00:00,29,16,13,F1052
570,F105 (vlak overr brug over kanaal),2023-04-20,07:00:00,61,34,27,F1052
570,F105 (vlak overr brug over kanaal),2023-04-20,08:00:00,75,57,18,F1052
570,F105 (vlak overr brug over kanaal),2023-04-20,09:00:00,31,20,11,F1052
570,F105 (vlak overr brug over kanaal),2023-04-20,10:00:00,19,9,10,F1052
570,F105 (vlak overr brug over kanaal),2023-04-20,11:00:00,17,3,14,F1052
570,F105 (vlak overr brug over kanaal),2023-04-20,12:00:00,28,14,14,F1052
570,F105 (vlak overr brug over kanaal),2023-04-20,13:00:00,35,13,22,F1052
570,F105 (vlak overr brug over kanaal),2023-04-20,14:00:00,46,24,22,F1052
570,F105 (vlak overr brug over kanaal),2023-04-20,15:00:00,58,20,38,F1052
570,F105 (vlak overr brug over kanaal),2023-04-20,16:00:00,77,27,50,F1052
570,F105 (vlak overr brug over kanaal),2023-04-20,17:00:00,44,18,26,F1052
570,F105 (vlak overr brug over kanaal),2023-04-20,18:00:00,33,14,19,F1052
570,F105 (vlak overr brug over kanaal),2023-04-20,19:00:00,14,8,6,F1052
570,F105 (vlak overr brug over kanaal),2023-04-20,20:00:00,17,7,10,F1052
570,F105 (vlak overr brug over kanaal),2023-04-20,21:00:00,12,4,8,F1052
570,F105 (vlak overr brug over kanaal),2023-04-20,22:00:00,15,8,7,F1052
570,F105 (vlak overr brug over kanaal),2023-04-20,23:00:00,2,1,1,F1052
570,F105 (vlak overr brug over kanaal),2023-04-21,00:00:00,0,0,0,F1052
570,F105 (vlak overr brug over kanaal),2023-04-21,01:00:00,1,1,0,F1052
570,F105 (vlak overr brug over kanaal),2023-04-21,02:00:00,0,0,0,F1052
570,F105 (vlak overr brug over kanaal),2023-04-21,03:00:00,0,0,0,F1052
570,F105 (vlak overr brug over kanaal),2023-04-21,04:00:00,5,3,2,F1052
570,F105 (vlak overr brug over kanaal),2023-04-21,05:00:00,10,1,9,F1052
570,F105 (vlak overr brug over kanaal),2023-04-21,06:00:00,31,17,14,F1052
570,F105 (vlak overr brug over kanaal),2023-04-21,07:00:00,75,49,26,F1052
570,F105 (vlak overr brug over kanaal),2023-04-21,08:00:00,85,63,22,F1052
570,F105 (vlak overr brug over kanaal),2023-04-21,09:00:00,49,36,13,F1052
570,F105 (vlak overr brug over kanaal),2023-04-21,10:00:00,47,24,23,F1052
570,F105 (vlak overr brug over kanaal),2023-04-21,11:00:00,43,19,24,F1052
570,F105 (vlak overr brug over kanaal),2023-04-21,12:00:00,53,22,31,F1052
570,F105 (vlak overr brug over kanaal),2023-04-21,13:00:00,80,44,36,F1052
570,F105 (vlak overr brug over kanaal),2023-04-21,14:00:00,122,62,60,F1052
570,F105 (vlak overr brug over kanaal),2023-04-21,15:00:00,100,34,66,F1052
570,F105 (vlak overr brug over kanaal),2023-04-21,16:00:00,108,45,63,F1052
570,F105 (vlak overr brug over kanaal),2023-04-21,17:00:00,42,19,23,F1052
570,F105 (vlak overr brug over kanaal),2023-04-21,18:00:00,29,10,19,F1052
570,F105 (vlak overr brug over kanaal),2023-04-21,19:00:00,14,7,7,F1052
570,F105 (vlak overr brug over kanaal),2023-04-21,20:00:00,18,6,12,F1052
570,F105 (vlak overr brug over kanaal),2023-04-21,21:00:00,11,5,6,F1052
570,F105 (vlak overr brug over kanaal),2023-04-21,22:00:00,11,5,6,F1052
570,F105 (vlak overr brug over kanaal),2023-04-21,23:00:00,2,1,1,F1052
570,F105 (vlak overr brug over kanaal),2023-04-22,00:00:00,3,1,2,F1052
570,F105 (vlak overr brug over kanaal),2023-04-22,01:00:00,1,0,1,F1052
570,F105 (vlak overr brug over kanaal),2023-04-22,02:00:00,1,1,0,F1052
570,F105 (vlak overr brug over kanaal),2023-04-22,03:00:00,0,0,0,F1052
570,F105 (vlak overr brug over kanaal),2023-04-22,04:00:00,0,0,0,F1052
570,F105 (vlak overr brug over kanaal),2023-04-22,05:00:00,6,1,5,F1052
570,F105 (vlak overr brug over kanaal),2023-04-22,06:00:00,4,2,2,F1052
570,F105 (vlak overr brug over kanaal),2023-04-22,07:00:00,2,2,0,F1052
570,F105 (vlak overr brug over kanaal),2023-04-22,08:00:00,12,9,3,F1052
570,F105 (vlak overr brug over kanaal),2023-04-22,09:00:00,34,21,13,F1052
570,F105 (vlak overr brug over kanaal),2023-04-22,10:00:00,36,20,16,F1052
570,F105 (vlak overr brug over kanaal),2023-04-22,11:00:00,41,17,24,F1052
570,F105 (vlak overr brug over kanaal),2023-04-22,12:00:00,24,13,11,F1052
570,F105 (vlak overr brug over kanaal),2023-04-22,13:00:00,10,8,2,F1052
570,F105 (vlak overr brug over kanaal),2023-04-22,14:00:00,18,11,7,F1052
570,F105 (vlak overr brug over kanaal),2023-04-22,15:00:00,14,5,9,F1052
570,F105 (vlak overr brug over kanaal),2023-04-22,16:00:00,7,2,5,F1052
570,F105 (vlak overr brug over kanaal),2023-04-22,17:00:00,15,7,8,F1052
570,F105 (vlak overr brug over kanaal),2023-04-22,18:00:00,8,5,3,F1052
570,F105 (vlak overr brug over kanaal),2023-04-22,19:00:00,6,4,2,F1052
570,F105 (vlak overr brug over kanaal),2023-04-22,20:00:00,7,2,5,F1052
570,F105 (vlak overr brug over kanaal),2023-04-22,21:00:00,7,3,4,F1052
570,F105 (vlak overr brug over kanaal),2023-04-22,22:00:00,8,4,4,F1052
570,F105 (vlak overr brug over kanaal),2023-04-22,23:00:00,6,3,3,F1052
570,F105 (vlak overr brug over kanaal),2023-04-23,00:00:00,0,0,0,F1052
570,F105 (vlak overr brug over kanaal),2023-04-23,01:00:00,1,0,1,F1052
570,F105 (vlak overr brug over kanaal),2023-04-23,02:00:00,4,3,1,F1052
570,F105 (vlak overr brug over kanaal),2023-04-23,03:00:00,1,0,1,F1052
570,F105 (vlak overr brug over kanaal),2023-04-23,04:00:00,0,0,0,F1052
570,F105 (vlak overr brug over kanaal),2023-04-23,05:00:00,5,1,4,F1052
570,F105 (vlak overr brug over kanaal),2023-04-23,06:00:00,5,5,0,F1052
570,F105 (vlak overr brug over kanaal),2023-04-23,07:00:00,3,1,2,F1052
570,F105 (vlak overr brug over kanaal),2023-04-23,08:00:00,36,26,10,F1052
570,F105 (vlak overr brug over kanaal),2023-04-23,09:00:00,51,26,25,F1052
570,F105 (vlak overr brug over kanaal),2023-04-23,10:00:00,87,49,38,F1052
570,F105 (vlak overr brug over kanaal),2023-04-23,11:00:00,49,22,27,F1052
570,F105 (vlak overr brug over kanaal),2023-04-23,12:00:00,36,16,20,F1052
570,F105 (vlak overr brug over kanaal),2023-04-23,13:00:00,37,20,17,F1052
570,F105 (vlak overr brug over kanaal),2023-04-23,14:00:00,37,24,13,F1052
570,F105 (vlak overr brug over kanaal),2023-04-23,15:00:00,10,3,7,F1052
570,F105 (vlak overr brug over kanaal),2023-04-23,16:00:00,3,1,2,F1052
570,F105 (vlak overr brug over kanaal),2023-04-23,17:00:00,14,7,7,F1052
570,F105 (vlak overr brug over kanaal),2023-04-23,18:00:00,13,4,9,F1052
570,F105 (vlak overr brug over kanaal),2023-04-23,19:00:00,4,1,3,F1052
570,F105 (vlak overr brug over kanaal),2023-04-23,20:00:00,5,3,2,F1052
570,F105 (vlak overr brug over kanaal),2023-04-23,21:00:00,3,0,3,F1052
570,F105 (vlak overr brug over kanaal),2023-04-23,22:00:00,2,0,2,F1052
570,F105 (vlak overr brug over kanaal),2023-04-23,23:00:00,3,3,0,F1052
570,F105 (vlak overr brug over kanaal),2023-04-24,00:00:00,1,1,0,F1052
570,F105 (vlak overr brug over kanaal),2023-04-24,01:00:00,0,0,0,F1052
570,F105 (vlak overr brug over kanaal),2023-04-24,02:00:00,0,0,0,F1052
570,F105 (vlak overr brug over kanaal),2023-04-24,03:00:00,0,0,0,F1052
570,F105 (vlak overr brug over kanaal),2023-04-24,04:00:00,5,4,1,F1052
570,F105 (vlak overr brug over kanaal),2023-04-24,05:00:00,13,4,9,F1052
570,F105 (vlak overr brug over kanaal),2023-04-24,06:00:00,12,6,6,F1052
570,F105 (vlak overr brug over kanaal),2023-04-24,07:00:00,32,15,17,F1052
570,F105 (vlak overr brug over kanaal),2023-04-24,08:00:00,26,18,8,F1052
570,F105 (vlak overr brug over kanaal),2023-04-24,09:00:00,5,1,4,F1052
570,F105 (vlak overr brug over kanaal),2023-04-24,10:00:00,1,0,1,F1052
570,F105 (vlak overr brug over kanaal),2023-04-24,11:00:00,9,8,1,F1052
570,F105 (vlak overr brug over kanaal),2023-04-24,12:00:00,21,12,9,F1052
570,F105 (vlak overr brug over kanaal),2023-04-24,13:00:00,30,16,14,F1052
570,F105 (vlak overr brug over kanaal),2023-04-24,14:00:00,34,15,19,F1052
570,F105 (vlak overr brug over kanaal),2023-04-24,15:00:00,30,17,13,F1052
570,F105 (vlak overr brug over kanaal),2023-04-24,16:00:00,52,25,27,F1052
570,F105 (vlak overr brug over kanaal),2023-04-24,17:00:00,35,18,17,F1052
570,F105 (vlak overr brug over kanaal),2023-04-24,18:00:00,18,6,12,F1052
570,F105 (vlak overr brug over kanaal),2023-04-24,19:00:00,15,8,7,F1052
570,F105 (vlak overr brug over kanaal),2023-04-24,20:00:00,10,5,5,F1052
570,F105 (vlak overr brug over kanaal),2023-04-24,21:00:00,14,2,12,F1052
570,F105 (vlak overr brug over kanaal),2023-04-24,22:00:00,13,7,6,F1052
570,F105 (vlak overr brug over kanaal),2023-04-24,23:00:00,1,0,1,F1052
570,F105 (vlak overr brug over kanaal),2023-04-25,00:00:00,0,0,0,F1052
570,F105 (vlak overr brug over kanaal),2023-04-25,01:00:00,0,0,0,F1052
570,F105 (vlak overr brug over kanaal),2023-04-25,02:00:00,0,0,0,F1052
570,F105 (vlak overr brug over kanaal),2023-04-25,03:00:00,0,0,0,F1052
570,F105 (vlak overr brug over kanaal),2023-04-25,04:00:00,4,3,1,F1052
570,F105 (vlak overr brug over kanaal),2023-04-25,05:00:00,19,8,11,F1052
570,F105 (vlak overr brug over kanaal),2023-04-25,06:00:00,43,24,19,F1052
570,F105 (vlak overr brug over kanaal),2023-04-25,07:00:00,102,72,30,F1052
570,F105 (vlak overr brug over kanaal),2023-04-25,08:00:00,70,47,23,F1052
570,F105 (vlak overr brug over kanaal),2023-04-25,09:00:00,30,13,17,F1052
570,F105 (vlak overr brug over kanaal),2023-04-25,10:00:00,26,16,10,F1052
570,F105 (vlak overr brug over kanaal),2023-04-25,11:00:00,23,8,15,F1052
570,F105 (vlak overr brug over kanaal),2023-04-25,12:00:00,30,11,19,F1052
570,F105 (vlak overr brug over kanaal),2023-04-25,13:00:00,61,25,36,F1052
570,F105 (vlak overr brug over kanaal),2023-04-25,14:00:00,60,24,36,F1052
570,F105 (vlak overr brug over kanaal),2023-04-25,15:00:00,77,37,40,F1052
570,F105 (vlak overr brug over kanaal),2023-04-25,16:00:00,101,39,62,F1052
570,F105 (vlak overr brug over kanaal),2023-04-25,17:00:00,69,30,39,F1052
570,F105 (vlak overr brug over kanaal),2023-04-25,18:00:00,37,16,21,F1052
570,F105 (vlak overr brug over kanaal),2023-04-25,19:00:00,23,12,11,F1052
570,F105 (vlak overr brug over kanaal),2023-04-25,20:00:00,20,8,12,F1052
570,F105 (vlak overr brug over kanaal),2023-04-25,21:00:00,14,7,7,F1052
570,F105 (vlak overr brug over kanaal),2023-04-25,22:00:00,14,8,6,F1052
570,F105 (vlak overr brug over kanaal),2023-04-25,23:00:00,2,1,1,F1052
570,F105 (vlak overr brug over kanaal),2023-04-26,00:00:00,1,0,1,F1052
570,F105 (vlak overr brug over kanaal),2023-04-26,01:00:00,0,0,0,F1052
570,F105 (vlak overr brug over kanaal),2023-04-26,02:00:00,0,0,0,F1052
570,F105 (vlak overr brug over kanaal),2023-04-26,03:00:00,0,0,0,F1052
570,F105 (vlak overr brug over kanaal),2023-04-26,04:00:00,3,2,1,F1052
570,F105 (vlak overr brug over kanaal),2023-04-26,05:00:00,19,6,13,F1052
570,F105 (vlak overr brug over kanaal),2023-04-26,06:00:00,35,19,16,F1052
570,F105 (vlak overr brug over kanaal),2023-04-26,07:00:00,99,63,36,F1052
570,F105 (vlak overr brug over kanaal),2023-04-26,08:00:00,76,56,20,F1052
570,F105 (vlak overr brug over kanaal),2023-04-26,09:00:00,25,12,13,F1052
570,F105 (vlak overr brug over kanaal),2023-04-26,10:00:00,29,10,19,F1052
570,F105 (vlak overr brug over kanaal),2023-04-26,11:00:00,27,15,12,F1052
570,F105 (vlak overr brug over kanaal),2023-04-26,12:00:00,102,26,76,F1052
570,F105 (vlak overr brug over kanaal),2023-04-26,13:00:00,84,42,42,F1052
570,F105 (vlak overr brug over kanaal),2023-04-26,14:00:00,77,51,26,F1052
570,F105 (vlak overr brug over kanaal),2023-04-26,15:00:00,104,64,40,F1052
570,F105 (vlak overr brug over kanaal),2023-04-26,16:00:00,97,38,59,F1052
570,F105 (vlak overr brug over kanaal),2023-04-26,17:00:00,66,32,34,F1052
570,F105 (vlak overr brug over kanaal),2023-04-26,18:00:00,38,20,18,F1052
570,F105 (vlak overr brug over kanaal),2023-04-26,19:00:00,21,7,14,F1052
570,F105 (vlak overr brug over kanaal),2023-04-26,20:00:00,17,8,9,F1052
570,F105 (vlak overr brug over kanaal),2023-04-26,21:00:00,19,7,12,F1052
570,F105 (vlak overr brug over kanaal),2023-04-26,22:00:00,19,12,7,F1052
570,F105 (vlak overr brug over kanaal),2023-04-26,23:00:00,0,0,0,F1052
570,F105 (vlak overr brug over kanaal),2023-04-27,00:00:00,2,1,1,F1052
570,F105 (vlak overr brug over kanaal),2023-04-27,01:00:00,1,0,1,F1052
570,F105 (vlak overr brug over kanaal),2023-04-27,02:00:00,0,0,0,F1052
570,F105 (vlak overr brug over kanaal),2023-04-27,03:00:00,0,0,0,F1052
570,F105 (vlak overr brug over kanaal),2023-04-27,04:00:00,3,2,1,F1052
570,F105 (vlak overr brug over kanaal),2023-04-27,05:00:00,20,9,11,F1052
570,F105 (vlak overr brug over kanaal),2023-04-27,06:00:00,43,25,18,F1052
570,F105 (vlak overr brug over kanaal),2023-04-27,07:00:00,89,58,31,F1052
570,F105 (vlak overr brug over kanaal),2023-04-27,08:00:00,84,55,29,F1052
570,F105 (vlak overr brug over kanaal),2023-04-27,09:00:00,40,22,18,F1052
570,F105 (vlak overr brug over kanaal),2023-04-27,10:00:00,71,16,55,F1052
570,F105 (vlak overr brug over kanaal),2023-04-27,11:00:00,36,15,21,F1052
570,F105 (vlak overr brug over kanaal),2023-04-27,12:00:00,65,39,26,F1052
570,F105 (vlak overr brug over kanaal),2023-04-27,13:00:00,101,68,33,F1052
570,F105 (vlak overr brug over kanaal),2023-04-27,14:00:00,91,44,47,F1052
570,F105 (vlak overr brug over kanaal),2023-04-27,15:00:00,128,53,75,F1052
570,F105 (vlak overr brug over kanaal),2023-04-27,16:00:00,129,52,77,F1052
570,F105 (vlak overr brug over kanaal),2023-04-27,17:00:00,73,30,43,F1052
570,F105 (vlak overr brug over kanaal),2023-04-27,18:00:00,44,21,23,F1052
570,F105 (vlak overr brug over kanaal),2023-04-27,19:00:00,17,7,10,F1052
570,F105 (vlak overr brug over kanaal),2023-04-27,20:00:00,14,6,8,F1052
570,F105 (vlak overr brug over kanaal),2023-04-27,21:00:00,12,5,7,F1052
570,F105 (vlak overr brug over kanaal),2023-04-27,22:00:00,14,5,9,F1052
570,F105 (vlak overr brug over kanaal),2023-04-27,23:00:00,2,1,1,F1052
570,F105 (vlak overr brug over kanaal),2023-04-28,00:00:00,1,1,0,F1052
570,F105 (vlak overr brug over kanaal),2023-04-28,01:00:00,1,1,0,F1052
570,F105 (vlak overr brug over kanaal),2023-04-28,02:00:00,0,0,0,F1052
570,F105 (vlak overr brug over kanaal),2023-04-28,03:00:00,0,0,0,F1052
570,F105 (vlak overr brug over kanaal),2023-04-28,04:00:00,4,3,1,F1052
570,F105 (vlak overr brug over kanaal),2023-04-28,05:00:00,10,1,9,F1052
570,F105 (vlak overr brug over kanaal),2023-04-28,06:00:00,24,16,8,F1052
570,F105 (vlak overr brug over kanaal),2023-04-28,07:00:00,60,40,20,F1052
570,F105 (vlak overr brug over kanaal),2023-04-28,08:00:00,73,54,19,F1052
570,F105 (vlak overr brug over kanaal),2023-04-28,09:00:00,26,15,11,F1052
570,F105 (vlak overr brug over kanaal),2023-04-28,10:00:00,26,16,10,F1052
570,F105 (vlak overr brug over kanaal),2023-04-28,11:00:00,28,10,18,F1052
570,F105 (vlak overr brug over kanaal),2023-04-28,12:00:00,30,15,15,F1052
570,F105 (vlak overr brug over kanaal),2023-04-28,13:00:00,37,15,22,F1052
570,F105 (vlak overr brug over kanaal),2023-04-28,14:00:00,51,19,32,F1052
570,F105 (vlak overr brug over kanaal),2023-04-28,15:00:00,72,29,43,F1052
570,F105 (vlak overr brug over kanaal),2023-04-28,16:00:00,78,27,51,F1052
570,F105 (vlak overr brug over kanaal),2023-04-28,17:00:00,41,19,22,F1052
570,F105 (vlak overr brug over kanaal),2023-04-28,18:00:00,18,9,9,F1052
570,F105 (vlak overr brug over kanaal),2023-04-28,19:00:00,14,9,5,F1052
570,F105 (vlak overr brug over kanaal),2023-04-28,20:00:00,13,5,8,F1052
570,F105 (vlak overr brug over kanaal),2023-04-28,21:00:00,18,8,10,F1052
570,F105 (vlak overr brug over kanaal),2023-04-28,22:00:00,8,6,2,F1052
570,F105 (vlak overr brug over kanaal),2023-04-28,23:00:00,3,0,3,F1052
570,F105 (vlak overr brug over kanaal),2023-04-29,00:00:00,3,1,2,F1052
570,F105 (vlak overr brug over kanaal),2023-04-29,01:00:00,4,1,3,F1052
570,F105 (vlak overr brug over kanaal),2023-04-29,02:00:00,3,0,3,F1052
570,F105 (vlak overr brug over kanaal),2023-04-29,03:00:00,0,0,0,F1052
570,F105 (vlak overr brug over kanaal),2023-04-29,04:00:00,0,0,0,F1052
570,F105 (vlak overr brug over kanaal),2023-04-29,05:00:00,5,1,4,F1052
570,F105 (vlak overr brug over kanaal),2023-04-29,06:00:00,9,6,3,F1052
570,F105 (vlak overr brug over kanaal),2023-04-29,07:00:00,9,5,4,F1052
570,F105 (vlak overr brug over kanaal),2023-04-29,08:00:00,11,9,2,F1052
570,F105 (vlak overr brug over kanaal),2023-04-29,09:00:00,20,12,8,F1052
570,F105 (vlak overr brug over kanaal),2023-04-29,10:00:00,24,16,8,F1052
570,F105 (vlak overr brug over kanaal),2023-04-29,11:00:00,31,21,10,F1052
570,F105 (vlak overr brug over kanaal),2023-04-29,12:00:00,34,7,27,F1052
570,F105 (vlak overr brug over kanaal),2023-04-29,13:00:00,58,35,23,F1052
570,F105 (vlak overr brug over kanaal),2023-04-29,14:00:00,78,46,32,F1052
570,F105 (vlak overr brug over kanaal),2023-04-29,15:00:00,57,26,31,F1052
570,F105 (vlak overr brug over kanaal),2023-04-29,16:00:00,53,29,24,F1052
570,F105 (vlak overr brug over kanaal),2023-04-29,17:00:00,24,14,10,F1052
570,F105 (vlak overr brug over kanaal),2023-04-29,18:00:00,35,14,21,F1052
570,F105 (vlak overr brug over kanaal),2023-04-29,19:00:00,22,7,15,F1052
570,F105 (vlak overr brug over kanaal),2023-04-29,20:00:00,16,8,8,F1052
570,F105 (vlak overr brug over kanaal),2023-04-29,21:00:00,16,3,13,F1052
570,F105 (vlak overr brug over kanaal),2023-04-29,22:00:00,6,4,2,F1052
570,F105 (vlak overr brug over kanaal),2023-04-29,23:00:00,2,1,1,F1052
570,F105 (vlak overr brug over kanaal),2023-04-30,00:00:00,5,1,4,F1052
570,F105 (vlak overr brug over kanaal),2023-04-30,01:00:00,5,0,5,F1052
570,F105 (vlak overr brug over kanaal),2023-04-30,02:00:00,2,1,1,F1052
570,F105 (vlak overr brug over kanaal),2023-04-30,03:00:00,2,1,1,F1052
570,F105 (vlak overr brug over kanaal),2023-04-30,04:00:00,1,1,0,F1052
570,F105 (vlak overr brug over kanaal),2023-04-30,05:00:00,1,0,1,F1052
570,F105 (vlak overr brug over kanaal),2023-04-30,06:00:00,9,8,1,F1052
570,F105 (vlak overr brug over kanaal),2023-04-30,07:00:00,6,3,3,F1052
570,F105 (vlak overr brug over kanaal),2023-04-30,08:00:00,39,20,19,F1052
570,F105 (vlak overr brug over kanaal),2023-04-30,09:00:00,72,31,41,F1052
570,F105 (vlak overr brug over kanaal),2023-04-30,10:00:00,103,47,56,F1052
570,F105 (vlak overr brug over kanaal),2023-04-30,11:00:00,88,38,50,F1052
570,F105 (vlak overr brug over kanaal),2023-04-30,12:00:00,73,45,28,F1052
570,F105 (vlak overr brug over kanaal),2023-04-30,13:00:00,141,61,80,F1052
570,F105 (vlak overr brug over kanaal),2023-04-30,14:00:00,165,70,95,F1052
570,F105 (vlak overr brug over kanaal),2023-04-30,15:00:00,104,51,53,F1052
570,F105 (vlak overr brug over kanaal),2023-04-30,16:00:00,92,43,49,F1052
570,F105 (vlak overr brug over kanaal),2023-04-30,17:00:00,70,40,30,F1052
570,F105 (vlak overr brug over kanaal),2023-04-30,18:00:00,33,22,11,F1052
570,F105 (vlak overr brug over kanaal),2023-04-30,19:00:00,39,19,20,F1052
570,F105 (vlak overr brug over kanaal),2023-04-30,20:00:00,24,11,13,F1052
570,F105 (vlak overr brug over kanaal),2023-04-30,21:00:00,17,5,12,F1052
570,F105 (vlak overr brug over kanaal),2023-04-30,22:00:00,2,0,2,F1052
570,F105 (vlak overr brug over kanaal),2023-04-30,23:00:00,4,1,3,F1052
570,F105 (vlak overr brug over kanaal),2023-05-01,00:00:00,2,1,1,F1052
570,F105 (vlak overr brug over kanaal),2023-05-01,01:00:00,2,2,0,F1052
570,F105 (vlak overr brug over kanaal),2023-05-01,02:00:00,1,1,0,F1052
570,F105 (vlak overr brug over kanaal),2023-05-01,03:00:00,0,0,0,F1052
570,F105 (vlak overr brug over kanaal),2023-05-01,04:00:00,1,1,0,F1052
570,F105 (vlak overr brug over kanaal),2023-05-01,05:00:00,7,3,4,F1052
570,F105 (vlak overr brug over kanaal),2023-05-01,06:00:00,8,8,0,F1052
570,F105 (vlak overr brug over kanaal),2023-05-01,07:00:00,11,8,3,F1052
570,F105 (vlak overr brug over kanaal),2023-05-01,08:00:00,17,12,5,F1052
570,F105 (vlak overr brug over kanaal),2023-05-01,09:00:00,38,23,15,F1052
570,F105 (vlak overr brug over kanaal),2023-05-01,10:00:00,72,45,27,F1052
570,F105 (vlak overr brug over kanaal),2023-05-01,11:00:00,100,33,67,F1052
570,F105 (vlak overr brug over kanaal),2023-05-01,12:00:00,55,20,35,F1052
570,F105 (vlak overr brug over kanaal),2023-05-01,13:00:00,93,37,56,F1052
570,F105 (vlak overr brug over kanaal),2023-05-01,14:00:00,67,38,29,F1052
570,F105 (vlak overr brug over kanaal),2023-05-01,15:00:00,71,31,40,F1052
570,F105 (vlak overr brug over kanaal),2023-05-01,16:00:00,67,34,33,F1052
570,F105 (vlak overr brug over kanaal),2023-05-01,17:00:00,38,17,21,F1052
570,F105 (vlak overr brug over kanaal),2023-05-01,18:00:00,45,27,18,F1052
570,F105 (vlak overr brug over kanaal),2023-05-01,19:00:00,15,4,11,F1052
570,F105 (vlak overr brug over kanaal),2023-05-01,20:00:00,16,4,12,F1052
570,F105 (vlak overr brug over kanaal),2023-05-01,21:00:00,21,6,15,F1052
570,F105 (vlak overr brug over kanaal),2023-05-01,22:00:00,13,11,2,F1052
570,F105 (vlak overr brug over kanaal),2023-05-01,23:00:00,3,2,1,F1052
570,F105 (vlak overr brug over kanaal),2023-05-02,00:00:00,3,1,2,F1052
570,F105 (vlak overr brug over kanaal),2023-05-02,01:00:00,0,0,0,F1052
570,F105 (vlak overr brug over kanaal),2023-05-02,02:00:00,0,0,0,F1052
570,F105 (vlak overr brug over kanaal),2023-05-02,03:00:00,0,0,0,F1052
570,F105 (vlak overr brug over kanaal),2023-05-02,04:00:00,5,3,2,F1052
570,F105 (vlak overr brug over kanaal),2023-05-02,05:00:00,16,6,10,F1052
570,F105 (vlak overr brug over kanaal),2023-05-02,06:00:00,40,24,16,F1052
570,F105 (vlak overr brug over kanaal),2023-05-02,07:00:00,103,62,41,F1052
570,F105 (vlak overr brug over kanaal),2023-05-02,08:00:00,110,74,36,F1052
570,F105 (vlak overr brug over kanaal),2023-05-02,09:00:00,37,19,18,F1052
570,F105 (vlak overr brug over kanaal),2023-05-02,10:00:00,87,21,66,F1052
570,F105 (vlak overr brug over kanaal),2023-05-02,11:00:00,35,12,23,F1052
570,F105 (vlak overr brug over kanaal),2023-05-02,12:00:00,42,20,22,F1052
570,F105 (vlak overr brug over kanaal),2023-05-02,13:00:00,93,58,35,F1052
570,F105 (vlak overr brug over kanaal),2023-05-02,14:00:00,117,76,41,F1052
570,F105 (vlak overr brug over kanaal),2023-05-02,15:00:00,109,45,64,F1052
570,F105 (vlak overr brug over kanaal),2023-05-02,16:00:00,137,66,71,F1052
570,F105 (vlak overr brug over kanaal),2023-05-02,17:00:00,94,48,46,F1052
570,F105 (vlak overr brug over kanaal),2023-05-02,18:00:00,47,19,28,F1052
570,F105 (vlak overr brug over kanaal),2023-05-02,19:00:00,33,18,15,F1052
570,F105 (vlak overr brug over kanaal),2023-05-02,20:00:00,27,17,10,F1052
570,F105 (vlak overr brug over kanaal),2023-05-02,21:00:00,18,8,10,F1052
570,F105 (vlak overr brug over kanaal),2023-05-02,22:00:00,20,13,7,F1052
570,F105 (vlak overr brug over kanaal),2023-05-02,23:00:00,2,1,1,F1052
570,F105 (vlak overr brug over kanaal),2023-05-03,00:00:00,0,0,0,F1052
570,F105 (vlak overr brug over kanaal),2023-05-03,01:00:00,1,1,0,F1052
570,F105 (vlak overr brug over kanaal),2023-05-03,02:00:00,0,0,0,F1052
570,F105 (vlak overr brug over kanaal),2023-05-03,03:00:00,0,0,0,F1052
570,F105 (vlak overr brug over kanaal),2023-05-03,04:00:00,5,3,2,F1052
570,F105 (vlak overr brug over kanaal),2023-05-03,05:00:00,23,6,17,F1052
570,F105 (vlak overr brug over kanaal),2023-05-03,06:00:00,41,25,16,F1052
570,F105 (vlak overr brug over kanaal),2023-05-03,07:00:00,109,65,44,F1052
570,F105 (vlak overr brug over kanaal),2023-05-03,08:00:00,108,73,35,F1052
570,F105 (vlak overr brug over kanaal),2023-05-03,09:00:00,34,19,15,F1052
570,F105 (vlak overr brug over kanaal),2023-05-03,10:00:00,52,15,37,F1052
570,F105 (vlak overr brug over kanaal),2023-05-03,11:00:00,46,19,27,F1052
570,F105 (vlak overr brug over kanaal),2023-05-03,12:00:00,138,44,94,F1052
570,F105 (vlak overr brug over kanaal),2023-05-03,13:00:00,109,43,66,F1052
570,F105 (vlak overr brug over kanaal),2023-05-03,14:00:00,107,61,46,F1052
570,F105 (vlak overr brug over kanaal),2023-05-03,15:00:00,100,58,42,F1052
570,F105 (vlak overr brug over kanaal),2023-05-03,16:00:00,106,54,52,F1052
570,F105 (vlak overr brug over kanaal),2023-05-03,17:00:00,86,40,46,F1052
570,F105 (vlak overr brug over kanaal),2023-05-03,18:00:00,77,37,40,F1052
570,F105 (vlak overr brug over kanaal),2023-05-03,19:00:00,44,14,30,F1052
570,F105 (vlak overr brug over kanaal),2023-05-03,20:00:00,31,14,17,F1052
570,F105 (vlak overr brug over kanaal),2023-05-03,21:00:00,20,6,14,F1052
570,F105 (vlak overr brug over kanaal),2023-05-03,22:00:00,20,17,3,F1052
570,F105 (vlak overr brug over kanaal),2023-05-03,23:00:00,3,0,3,F1052
570,F105 (vlak overr brug over kanaal),2023-05-04,00:00:00,3,1,2,F1052
570,F105 (vlak overr brug over kanaal),2023-05-04,01:00:00,0,0,0,F1052
570,F105 (vlak overr brug over kanaal),2023-05-04,02:00:00,1,1,0,F1052
570,F105 (vlak overr brug over kanaal),2023-05-04,03:00:00,0,0,0,F1052
570,F105 (vlak overr brug over kanaal),2023-05-04,04:00:00,4,3,1,F1052
570,F105 (vlak overr brug over kanaal),2023-05-04,05:00:00,22,7,15,F1052
570,F105 (vlak overr brug over kanaal),2023-05-04,06:00:00,46,26,20,F1052
570,F105 (vlak overr brug over kanaal),2023-05-04,07:00:00,97,68,29,F1052
570,F105 (vlak overr brug over kanaal),2023-05-04,08:00:00,117,81,36,F1052
570,F105 (vlak overr brug over kanaal),2023-05-04,09:00:00,39,20,19,F1052
570,F105 (vlak overr brug over kanaal),2023-05-04,10:00:00,45,23,22,F1052
570,F105 (vlak overr brug over kanaal),2023-05-04,11:00:00,49,22,27,F1052
570,F105 (vlak overr brug over kanaal),2023-05-04,12:00:00,80,29,51,F1052
570,F105 (vlak overr brug over kanaal),2023-05-04,13:00:00,167,83,84,F1052
570,F105 (vlak overr brug over kanaal),2023-05-04,14:00:00,147,75,72,F1052
570,F105 (vlak overr brug over kanaal),2023-05-04,15:00:00,145,75,70,F1052
570,F105 (vlak overr brug over kanaal),2023-05-04,16:00:00,207,93,114,F1052
570,F105 (vlak overr brug over kanaal),2023-05-04,17:00:00,135,66,69,F1052
570,F105 (vlak overr brug over kanaal),2023-05-04,18:00:00,78,30,48,F1052
570,F105 (vlak overr brug over kanaal),2023-05-04,19:00:00,53,29,24,F1052
570,F105 (vlak overr brug over kanaal),2023-05-04,20:00:00,26,14,12,F1052
570,F105 (vlak overr brug over kanaal),2023-05-04,21:00:00,30,17,13,F1052
570,F105 (vlak overr brug over kanaal),2023-05-04,22:00:00,23,15,8,F1052
570,F105 (vlak overr brug over kanaal),2023-05-04,23:00:00,4,2,2,F1052
570,F105 (vlak overr brug over kanaal),2023-05-05,00:00:00,0,0,0,F1052
570,F105 (vlak overr brug over kanaal),2023-05-05,01:00:00,0,0,0,F1052
570,F105 (vlak overr brug over kanaal),2023-05-05,02:00:00,0,0,0,F1052
570,F105 (vlak overr brug over kanaal),2023-05-05,03:00:00,0,0,0,F1052
570,F105 (vlak overr brug over kanaal),2023-05-05,04:00:00,4,3,1,F1052
570,F105 (vlak overr brug over kanaal),2023-05-05,05:00:00,20,5,15,F1052
570,F105 (vlak overr brug over kanaal),2023-05-05,06:00:00,27,16,11,F1052
570,F105 (vlak overr brug over kanaal),2023-05-05,07:00:00,89,55,34,F1052
570,F105 (vlak overr brug over kanaal),2023-05-05,08:00:00,89,62,27,F1052
570,F105 (vlak overr brug over kanaal),2023-05-05,09:00:00,79,34,45,F1052
570,F105 (vlak overr brug over kanaal),2023-05-05,10:00:00,75,28,47,F1052
570,F105 (vlak overr brug over kanaal),2023-05-05,11:00:00,44,17,27,F1052
570,F105 (vlak overr brug over kanaal),2023-05-05,12:00:00,22,12,10,F1052
570,F105 (vlak overr brug over kanaal),2023-05-05,13:00:00,51,33,18,F1052
570,F105 (vlak overr brug over kanaal),2023-05-05,14:00:00,56,12,44,F1052
570,F105 (vlak overr brug over kanaal),2023-05-05,15:00:00,83,25,58,F1052
570,F105 (vlak overr brug over kanaal),2023-05-05,16:00:00,81,36,45,F1052
570,F105 (vlak overr brug over kanaal),2023-05-05,17:00:00,37,19,18,F1052
570,F105 (vlak overr brug over kanaal),2023-05-05,18:00:00,26,10,16,F1052
570,F105 (vlak overr brug over kanaal),2023-05-05,19:00:00,16,10,6,F1052
570,F105 (vlak overr brug over kanaal),2023-05-05,20:00:00,6,5,1,F1052
570,F105 (vlak overr brug over kanaal),2023-05-05,21:00:00,10,4,6,F1052
570,F105 (vlak overr brug over kanaal),2023-05-05,22:00:00,21,6,15,F1052
570,F105 (vlak overr brug over kanaal),2023-05-05,23:00:00,23,3,20,F1052
570,F105 (vlak overr brug over kanaal),2023-05-06,00:00:00,2,2,0,F1052
570,F105 (vlak overr brug over kanaal),2023-05-06,01:00:00,3,2,1,F1052
570,F105 (vlak overr brug over kanaal),2023-05-06,02:00:00,7,6,1,F1052
570,F105 (vlak overr brug over kanaal),2023-05-06,03:00:00,3,3,0,F1052
570,F105 (vlak overr brug over kanaal),2023-05-06,04:00:00,2,1,1,F1052
570,F105 (vlak overr brug over kanaal),2023-05-06,05:00:00,4,1,3,F1052
570,F105 (vlak overr brug over kanaal),2023-05-06,06:00:00,10,4,6,F1052
570,F105 (vlak overr brug over kanaal),2023-05-06,07:00:00,12,7,5,F1052
570,F105 (vlak overr brug over kanaal),2023-05-06,08:00:00,17,8,9,F1052
570,F105 (vlak overr brug over kanaal),2023-05-06,09:00:00,37,25,12,F1052
570,F105 (vlak overr brug over kanaal),2023-05-06,10:00:00,49,27,22,F1052
570,F105 (vlak overr brug over kanaal),2023-05-06,11:00:00,49,22,27,F1052
570,F105 (vlak overr brug over kanaal),2023-05-06,12:00:00,40,17,23,F1052
570,F105 (vlak overr brug over kanaal),2023-05-06,13:00:00,57,21,36,F1052
570,F105 (vlak overr brug over kanaal),2023-05-06,14:00:00,68,44,24,F1052
570,F105 (vlak overr brug over kanaal),2023-05-06,15:00:00,46,24,22,F1052
570,F105 (vlak overr brug over kanaal),2023-05-06,16:00:00,29,16,13,F1052
570,F105 (vlak overr brug over kanaal),2023-05-06,17:00:00,18,9,9,F1052
570,F105 (vlak overr brug over kanaal),2023-05-06,18:00:00,10,7,3,F1052
570,F105 (vlak overr brug over kanaal),2023-05-06,19:00:00,10,6,4,F1052
570,F105 (vlak overr brug over kanaal),2023-05-06,20:00:00,9,4,5,F1052
570,F105 (vlak overr brug over kanaal),2023-05-06,21:00:00,2,1,1,F1052
570,F105 (vlak overr brug over kanaal),2023-05-06,22:00:00,5,4,1,F1052
570,F105 (vlak overr brug over kanaal),2023-05-06,23:00:00,6,1,5,F1052
570,F105 (vlak overr brug over kanaal),2023-05-07,00:00:00,2,2,0,F1052
570,F105 (vlak overr brug over kanaal),2023-05-07,01:00:00,3,0,3,F1052
570,F105 (vlak overr brug over kanaal),2023-05-07,02:00:00,1,0,1,F1052
570,F105 (vlak overr brug over kanaal),2023-05-07,03:00:00,0,0,0,F1052
570,F105 (vlak overr brug over kanaal),2023-05-07,04:00:00,1,0,1,F1052
570,F105 (vlak overr brug over kanaal),2023-05-07,05:00:00,5,3,2,F1052
570,F105 (vlak overr brug over kanaal),2023-05-07,06:00:00,8,5,3,F1052
570,F105 (vlak overr brug over kanaal),2023-05-07,07:00:00,3,1,2,F1052
570,F105 (vlak overr brug over kanaal),2023-05-07,08:00:00,18,7,11,F1052
570,F105 (vlak overr brug over kanaal),2023-05-07,09:00:00,40,24,16,F1052
570,F105 (vlak overr brug over kanaal),2023-05-07,10:00:00,27,8,19,F1052
570,F105 (vlak overr brug over kanaal),2023-05-07,11:00:00,21,12,9,F1052
570,F105 (vlak overr brug over kanaal),2023-05-07,12:00:00,15,7,8,F1052
570,F105 (vlak overr brug over kanaal),2023-05-07,13:00:00,9,5,4,F1052
570,F105 (vlak overr brug over kanaal),2023-05-07,14:00:00,6,3,3,F1052
570,F105 (vlak overr brug over kanaal),2023-05-07,15:00:00,14,6,8,F1052
570,F105 (vlak overr brug over kanaal),2023-05-07,16:00:00,8,0,8,F1052
570,F105 (vlak overr brug over kanaal),2023-05-07,17:00:00,16,7,9,F1052
570,F105 (vlak overr brug over kanaal),2023-05-07,18:00:00,29,16,13,F1052
570,F105 (vlak overr brug over kanaal),2023-05-07,19:00:00,10,8,2,F1052
570,F105 (vlak overr brug over kanaal),2023-05-07,20:00:00,14,8,6,F1052
570,F105 (vlak overr brug over kanaal),2023-05-07,21:00:00,8,4,4,F1052
570,F105 (vlak overr brug over kanaal),2023-05-07,22:00:00,7,5,2,F1052
570,F105 (vlak overr brug over kanaal),2023-05-07,23:00:00,0,0,0,F1052
570,F105 (vlak overr brug over kanaal),2023-05-08,00:00:00,1,0,1,F1052
570,F105 (vlak overr brug over kanaal),2023-05-08,01:00:00,0,0,0,F1052
570,F105 (vlak overr brug over kanaal),2023-05-08,02:00:00,0,0,0,F1052
570,F105 (vlak overr brug over kanaal),2023-05-08,03:00:00,0,0,0,F1052
570,F105 (vlak overr brug over kanaal),2023-05-08,04:00:00,2,1,1,F1052
570,F105 (vlak overr brug over kanaal),2023-05-08,05:00:00,23,7,16,F1052
570,F105 (vlak overr brug over kanaal),2023-05-08,06:00:00,41,22,19,F1052
570,F105 (vlak overr brug over kanaal),2023-05-08,07:00:00,95,55,40,F1052
570,F105 (vlak overr brug over kanaal),2023-05-08,08:00:00,93,60,33,F1052
570,F105 (vlak overr brug over kanaal),2023-05-08,09:00:00,26,18,8,F1052
570,F105 (vlak overr brug over kanaal),2023-05-08,10:00:00,29,18,11,F1052
570,F105 (vlak overr brug over kanaal),2023-05-08,11:00:00,23,12,11,F1052
570,F105 (vlak overr brug over kanaal),2023-05-08,12:00:00,56,28,28,F1052
570,F105 (vlak overr brug over kanaal),2023-05-08,13:00:00,75,40,35,F1052
570,F105 (vlak overr brug over kanaal),2023-05-08,14:00:00,91,55,36,F1052
570,F105 (vlak overr brug over kanaal),2023-05-08,15:00:00,152,67,85,F1052
570,F105 (vlak overr brug over kanaal),2023-05-08,16:00:00,127,44,83,F1052
570,F105 (vlak overr brug over kanaal),2023-05-08,17:00:00,78,41,37,F1052
570,F105 (vlak overr brug over kanaal),2023-05-08,18:00:00,37,21,16,F1052
570,F105 (vlak overr brug over kanaal),2023-05-08,19:00:00,39,17,22,F1052
570,F105 (vlak overr brug over kanaal),2023-05-08,20:00:00,33,15,18,F1052
570,F105 (vlak overr brug over kanaal),2023-05-08,21:00:00,18,8,10,F1052
570,F105 (vlak overr brug over kanaal),2023-05-08,22:00:00,19,12,7,F1052
570,F105 (vlak overr brug over kanaal),2023-05-08,23:00:00,2,0,2,F1052
570,F105 (vlak overr brug over kanaal),2023-05-09,00:00:00,1,0,1,F1052
570,F105 (vlak overr brug over kanaal),2023-05-09,01:00:00,0,0,0,F1052
570,F105 (vlak overr brug over kanaal),2023-05-09,02:00:00,0,0,0,F1052
570,F105 (vlak overr brug over kanaal),2023-05-09,03:00:00,0,0,0,F1052
570,F105 (vlak overr brug over kanaal),2023-05-09,04:00:00,3,2,1,F1052
570,F105 (vlak overr brug over kanaal),2023-05-09,05:00:00,17,5,12,F1052
570,F105 (vlak overr brug over kanaal),2023-05-09,06:00:00,33,21,12,F1052
570,F105 (vlak overr brug over kanaal),2023-05-09,07:00:00,67,43,24,F1052
570,F105 (vlak overr brug over kanaal),2023-05-09,08:00:00,42,31,11,F1052
570,F105 (vlak overr brug over kanaal),2023-05-09,09:00:00,11,8,3,F1052
570,F105 (vlak overr brug over kanaal),2023-05-09,10:00:00,4,2,2,F1052
570,F105 (vlak overr brug over kanaal),2023-05-09,11:00:00,7,2,5,F1052
570,F105 (vlak overr brug over kanaal),2023-05-09,12:00:00,24,6,18,F1052
570,F105 (vlak overr brug over kanaal),2023-05-09,13:00:00,11,4,7,F1052
570,F105 (vlak overr brug over kanaal),2023-05-09,14:00:00,17,8,9,F1052
570,F105 (vlak overr brug over kanaal),2023-05-09,15:00:00,35,14,21,F1052
570,F105 (vlak overr brug over kanaal),2023-05-09,16:00:00,47,17,30,F1052
570,F105 (vlak overr brug over kanaal),2023-05-09,17:00:00,27,9,18,F1052
570,F105 (vlak overr brug over kanaal),2023-05-09,18:00:00,12,5,7,F1052
570,F105 (vlak overr brug over kanaal),2023-05-09,19:00:00,3,1,2,F1052
570,F105 (vlak overr brug over kanaal),2023-05-09,20:00:00,8,4,4,F1052
570,F105 (vlak overr brug over kanaal),2023-05-09,21:00:00,6,1,5,F1052
570,F105 (vlak overr brug over kanaal),2023-05-09,22:00:00,9,6,3,F1052
570,F105 (vlak overr brug over kanaal),2023-05-09,23:00:00,0,0,0,F1052
570,F105 (vlak overr brug over kanaal),2023-05-10,00:00:00,1,0,1,F1052
570,F105 (vlak overr brug over kanaal),2023-05-10,01:00:00,0,0,0,F1052
570,F105 (vlak overr brug over kanaal),2023-05-10,02:00:00,0,0,0,F1052
570,F105 (vlak overr brug over kanaal),2023-05-10,03:00:00,0,0,0,F1052
570,F105 (vlak overr brug over kanaal),2023-05-10,04:00:00,5,3,2,F1052
570,F105 (vlak overr brug over kanaal),2023-05-10,05:00:00,15,5,10,F1052
570,F105 (vlak overr brug over kanaal),2023-05-10,06:00:00,28,14,14,F1052
570,F105 (vlak overr brug over kanaal),2023-05-10,07:00:00,66,40,26,F1052
570,F105 (vlak overr brug over kanaal),2023-05-10,08:00:00,73,50,23,F1052
570,F105 (vlak overr brug over kanaal),2023-05-10,09:00:00,20,11,9,F1052
570,F105 (vlak overr brug over kanaal),2023-05-10,10:00:00,21,8,13,F1052
570,F105 (vlak overr brug over kanaal),2023-05-10,11:00:00,26,11,15,F1052
570,F105 (vlak overr brug over kanaal),2023-05-10,12:00:00,61,10,51,F1052
570,F105 (vlak overr brug over kanaal),2023-05-10,13:00:00,29,11,18,F1052
570,F105 (vlak overr brug over kanaal),2023-05-10,14:00:00,46,20,26,F1052
570,F105 (vlak overr brug over kanaal),2023-05-10,15:00:00,43,23,20,F1052
570,F105 (vlak overr brug over kanaal),2023-05-10,16:00:00,48,20,28,F1052
570,F105 (vlak overr brug over kanaal),2023-05-10,17:00:00,38,18,20,F1052
570,F105 (vlak overr brug over kanaal),2023-05-10,18:00:00,26,16,10,F1052
570,F105 (vlak overr brug over kanaal),2023-05-10,19:00:00,24,18,6,F1052
570,F105 (vlak overr brug over kanaal),2023-05-10,20:00:00,21,8,13,F1052
570,F105 (vlak overr brug over kanaal),2023-05-10,21:00:00,15,6,9,F1052
570,F105 (vlak overr brug over kanaal),2023-05-10,22:00:00,12,9,3,F1052
570,F105 (vlak overr brug over kanaal),2023-05-10,23:00:00,0,0,0,F1052
570,F105 (vlak overr brug over kanaal),2023-05-11,00:00:00,0,0,0,F1052
570,F105 (vlak overr brug over kanaal),2023-05-11,01:00:00,1,1,0,F1052
570,F105 (vlak overr brug over kanaal),2023-05-11,02:00:00,0,0,0,F1052
570,F105 (vlak overr brug over kanaal),2023-05-11,03:00:00,0,0,0,F1052
570,F105 (vlak overr brug over kanaal),2023-05-11,04:00:00,4,3,1,F1052
570,F105 (vlak overr brug over kanaal),2023-05-11,05:00:00,19,4,15,F1052
570,F105 (vlak overr brug over kanaal),2023-05-11,06:00:00,37,13,24,F1052
570,F105 (vlak overr brug over kanaal),2023-05-11,07:00:00,80,52,28,F1052
570,F105 (vlak overr brug over kanaal),2023-05-11,08:00:00,86,56,30,F1052
570,F105 (vlak overr brug over kanaal),2023-05-11,09:00:00,28,17,11,F1052
570,F105 (vlak overr brug over kanaal),2023-05-11,10:00:00,36,23,13,F1052
570,F105 (vlak overr brug over kanaal),2023-05-11,11:00:00,22,10,12,F1052
570,F105 (vlak overr brug over kanaal),2023-05-11,12:00:00,38,15,23,F1052
570,F105 (vlak overr brug over kanaal),2023-05-11,13:00:00,58,22,36,F1052
570,F105 (vlak overr brug over kanaal),2023-05-11,14:00:00,74,43,31,F1052
570,F105 (vlak overr brug over kanaal),2023-05-11,15:00:00,87,36,51,F1052
570,F105 (vlak overr brug over kanaal),2023-05-11,16:00:00,108,47,61,F1052
570,F105 (vlak overr brug over kanaal),2023-05-11,17:00:00,57,26,31,F1052
570,F105 (vlak overr brug over kanaal),2023-05-11,18:00:00,37,24,13,F1052
570,F105 (vlak overr brug over kanaal),2023-05-11,19:00:00,12,5,7,F1052
570,F105 (vlak overr brug over kanaal),2023-05-11,20:00:00,19,8,11,F1052
570,F105 (vlak overr brug over kanaal),2023-05-11,21:00:00,15,7,8,F1052
570,F105 (vlak overr brug over kanaal),2023-05-11,22:00:00,15,10,5,F1052
570,F105 (vlak overr brug over kanaal),2023-05-11,23:00:00,2,0,2,F1052
570,F105 (vlak overr brug over kanaal),2023-05-12,00:00:00,0,0,0,F1052
570,F105 (vlak overr brug over kanaal),2023-05-12,01:00:00,0,0,0,F1052
570,F105 (vlak overr brug over kanaal),2023-05-12,02:00:00,0,0,0,F1052
570,F105 (vlak overr brug over kanaal),2023-05-12,03:00:00,0,0,0,F1052
570,F105 (vlak overr brug over kanaal),2023-05-12,04:00:00,3,2,1,F1052
570,F105 (vlak overr brug over kanaal),2023-05-12,05:00:00,9,3,6,F1052
570,F105 (vlak overr brug over kanaal),2023-05-12,06:00:00,18,9,9,F1052
570,F105 (vlak overr brug over kanaal),2023-05-12,07:00:00,44,31,13,F1052
570,F105 (vlak overr brug over kanaal),2023-05-12,08:00:00,48,36,12,F1052
570,F105 (vlak overr brug over kanaal),2023-05-12,09:00:00,17,9,8,F1052
570,F105 (vlak overr brug over kanaal),2023-05-12,10:00:00,12,10,2,F1052
570,F105 (vlak overr brug over kanaal),2023-05-12,11:00:00,23,11,12,F1052
570,F105 (vlak overr brug over kanaal),2023-05-12,12:00:00,33,16,17,F1052
570,F105 (vlak overr brug over kanaal),2023-05-12,13:00:00,36,19,17,F1052
570,F105 (vlak overr brug over kanaal),2023-05-12,14:00:00,48,21,27,F1052
570,F105 (vlak overr brug over kanaal),2023-05-12,15:00:00,68,16,52,F1052
570,F105 (vlak overr brug over kanaal),2023-05-12,16:00:00,87,30,57,F1052
570,F105 (vlak overr brug over kanaal),2023-05-12,17:00:00,41,18,23,F1052
570,F105 (vlak overr brug over kanaal),2023-05-12,18:00:00,34,25,9,F1052
570,F105 (vlak overr brug over kanaal),2023-05-12,19:00:00,31,16,15,F1052
570,F105 (vlak overr brug over kanaal),2023-05-12,20:00:00,17,13,4,F1052
570,F105 (vlak overr brug over kanaal),2023-05-12,21:00:00,12,6,6,F1052
570,F105 (vlak overr brug over kanaal),2023-05-12,22:00:00,12,10,2,F1052
570,F105 (vlak overr brug over kanaal),2023-05-12,23:00:00,5,2,3,F1052
570,F105 (vlak overr brug over kanaal),2023-05-13,00:00:00,10,0,10,F1052
570,F105 (vlak overr brug over kanaal),2023-05-13,01:00:00,10,0,10,F1052
570,F105 (vlak overr brug over kanaal),2023-05-13,02:00:00,7,0,7,F1052
570,F105 (vlak overr brug over kanaal),2023-05-13,03:00:00,7,1,6,F1052
570,F105 (vlak overr brug over kanaal),2023-05-13,04:00:00,3,1,2,F1052
570,F105 (vlak overr brug over kanaal),2023-05-13,05:00:00,6,2,4,F1052
570,F105 (vlak overr brug over kanaal),2023-05-13,06:00:00,11,6,5,F1052
570,F105 (vlak overr brug over kanaal),2023-05-13,07:00:00,13,5,8,F1052
570,F105 (vlak overr brug over kanaal),2023-05-13,08:00:00,21,11,10,F1052
570,F105 (vlak overr brug over kanaal),2023-05-13,09:00:00,69,27,42,F1052
570,F105 (vlak overr brug over kanaal),2023-05-13,10:00:00,40,23,17,F1052
570,F105 (vlak overr brug over kanaal),2023-05-13,11:00:00,105,56,49,F1052
570,F105 (vlak overr brug over kanaal),2023-05-13,12:00:00,57,33,24,F1052
570,F105 (vlak overr brug over kanaal),2023-05-13,13:00:00,125,75,50,F1052
570,F105 (vlak overr brug over kanaal),2023-05-13,14:00:00,116,70,46,F1052
570,F105 (vlak overr brug over kanaal),2023-05-13,15:00:00,106,38,68,F1052
570,F105 (vlak overr brug over kanaal),2023-05-13,16:00:00,58,26,32,F1052
570,F105 (vlak overr brug over kanaal),2023-05-13,17:00:00,59,23,36,F1052
570,F105 (vlak overr brug over kanaal),2023-05-13,18:00:00,38,18,20,F1052
570,F105 (vlak overr brug over kanaal),2023-05-13,19:00:00,26,11,15,F1052
570,F105 (vlak overr brug over kanaal),2023-05-13,20:00:00,32,15,17,F1052
570,F105 (vlak overr brug over kanaal),2023-05-13,21:00:00,13,6,7,F1052
570,F105 (vlak overr brug over kanaal),2023-05-13,22:00:00,17,8,9,F1052
570,F105 (vlak overr brug over kanaal),2023-05-13,23:00:00,6,0,6,F1052
570,F105 (vlak overr brug over kanaal),2023-05-14,00:00:00,9,5,4,F1052
570,F105 (vlak overr brug over kanaal),2023-05-14,01:00:00,4,4,0,F1052
570,F105 (vlak overr brug over kanaal),2023-05-14,02:00:00,4,2,2,F1052
570,F105 (vlak overr brug over kanaal),2023-05-14,03:00:00,3,2,1,F1052
570,F105 (vlak overr brug over kanaal),2023-05-14,04:00:00,2,2,0,F1052
570,F105 (vlak overr brug over kanaal),2023-05-14,05:00:00,7,3,4,F1052
570,F105 (vlak overr brug over kanaal),2023-05-14,06:00:00,5,3,2,F1052
570,F105 (vlak overr brug over kanaal),2023-05-14,07:00:00,5,2,3,F1052
570,F105 (vlak overr brug over kanaal),2023-05-14,08:00:00,28,19,9,F1052
570,F105 (vlak overr brug over kanaal),2023-05-14,09:00:00,74,48,26,F1052
570,F105 (vlak overr brug over kanaal),2023-05-14,10:00:00,124,55,69,F1052
570,F105 (vlak overr brug over kanaal),2023-05-14,11:00:00,78,33,45,F1052
570,F105 (vlak overr brug over kanaal),2023-05-14,12:00:00,70,24,46,F1052
570,F105 (vlak overr brug over kanaal),2023-05-14,13:00:00,103,64,39,F1052
570,F105 (vlak overr brug over kanaal),2023-05-14,14:00:00,171,78,93,F1052
570,F105 (vlak overr brug over kanaal),2023-05-14,15:00:00,133,71,62,F1052
570,F105 (vlak overr brug over kanaal),2023-05-14,16:00:00,99,50,49,F1052
570,F105 (vlak overr brug over kanaal),2023-05-14,17:00:00,78,47,31,F1052
570,F105 (vlak overr brug over kanaal),2023-05-14,18:00:00,51,27,24,F1052
570,F105 (vlak overr brug over kanaal),2023-05-14,19:00:00,19,5,14,F1052
570,F105 (vlak overr brug over kanaal),2023-05-14,20:00:00,20,6,14,F1052
570,F105 (vlak overr brug over kanaal),2023-05-14,21:00:00,21,12,9,F1052
570,F105 (vlak overr brug over kanaal),2023-05-14,22:00:00,13,9,4,F1052
570,F105 (vlak overr brug over kanaal),2023-05-14,23:00:00,3,2,1,F1052
570,F105 (vlak overr brug over kanaal),2023-05-15,00:00:00,0,0,0,F1052
570,F105 (vlak overr brug over kanaal),2023-05-15,01:00:00,0,0,0,F1052
570,F105 (vlak overr brug over kanaal),2023-05-15,02:00:00,0,0,0,F1052
570,F105 (vlak overr brug over kanaal),2023-05-15,03:00:00,1,1,0,F1052
570,F105 (vlak overr brug over kanaal),2023-05-15,04:00:00,3,3,0,F1052
570,F105 (vlak overr brug over kanaal),2023-05-15,05:00:00,16,5,11,F1052
570,F105 (vlak overr brug over kanaal),2023-05-15,06:00:00,35,20,15,F1052
570,F105 (vlak overr brug over kanaal),2023-05-15,07:00:00,91,61,30,F1052
570,F105 (vlak overr brug over kanaal),2023-05-15,08:00:00,108,75,33,F1052
570,F105 (vlak overr brug over kanaal),2023-05-15,09:00:00,26,13,13,F1052
570,F105 (vlak overr brug over kanaal),2023-05-15,10:00:00,26,15,11,F1052
570,F105 (vlak overr brug over kanaal),2023-05-15,11:00:00,44,22,22,F1052
570,F105 (vlak overr brug over kanaal),2023-05-15,12:00:00,38,20,18,F1052
570,F105 (vlak overr brug over kanaal),2023-05-15,13:00:00,31,11,20,F1052
570,F105 (vlak overr brug over kanaal),2023-05-15,14:00:00,38,16,22,F1052
570,F105 (vlak overr brug over kanaal),2023-05-15,15:00:00,60,23,37,F1052
570,F105 (vlak overr brug over kanaal),2023-05-15,16:00:00,93,32,61,F1052
570,F105 (vlak overr brug over kanaal),2023-05-15,17:00:00,37,15,22,F1052
570,F105 (vlak overr brug over kanaal),2023-05-15,18:00:00,16,5,11,F1052
570,F105 (vlak overr brug over kanaal),2023-05-15,19:00:00,12,2,10,F1052
570,F105 (vlak overr brug over kanaal),2023-05-15,20:00:00,5,2,3,F1052
570,F105 (vlak overr brug over kanaal),2023-05-15,21:00:00,17,5,12,F1052
570,F105 (vlak overr brug over kanaal),2023-05-15,22:00:00,7,4,3,F1052
570,F105 (vlak overr brug over kanaal),2023-05-15,23:00:00,2,0,2,F1052
570,F105 (vlak overr brug over kanaal),2023-05-16,00:00:00,1,0,1,F1052
570,F105 (vlak overr brug over kanaal),2023-05-16,01:00:00,1,1,0,F1052
570,F105 (vlak overr brug over kanaal),2023-05-16,02:00:00,0,0,0,F1052
570,F105 (vlak overr brug over kanaal),2023-05-16,03:00:00,0,0,0,F1052
570,F105 (vlak overr brug over kanaal),2023-05-16,04:00:00,3,3,0,F1052
570,F105 (vlak overr brug over kanaal),2023-05-16,05:00:00,16,6,10,F1052
570,F105 (vlak overr brug over kanaal),2023-05-16,06:00:00,43,21,22,F1052
570,F105 (vlak overr brug over kanaal),2023-05-16,07:00:00,97,63,34,F1052
570,F105 (vlak overr brug over kanaal),2023-05-16,08:00:00,108,77,31,F1052
570,F105 (vlak overr brug over kanaal),2023-05-16,09:00:00,32,15,17,F1052
570,F105 (vlak overr brug over kanaal),2023-05-16,10:00:00,28,12,16,F1052
570,F105 (vlak overr brug over kanaal),2023-05-16,11:00:00,29,20,9,F1052
570,F105 (vlak overr brug over kanaal),2023-05-16,12:00:00,41,16,25,F1052
570,F105 (vlak overr brug over kanaal),2023-05-16,13:00:00,73,29,44,F1052
570,F105 (vlak overr brug over kanaal),2023-05-16,14:00:00,76,47,29,F1052
570,F105 (vlak overr brug over kanaal),2023-05-16,15:00:00,96,40,56,F1052
570,F105 (vlak overr brug over kanaal),2023-05-16,16:00:00,102,38,64,F1052
570,F105 (vlak overr brug over kanaal),2023-05-16,17:00:00,64,26,38,F1052
570,F105 (vlak overr brug over kanaal),2023-05-16,18:00:00,42,20,22,F1052
570,F105 (vlak overr brug over kanaal),2023-05-16,19:00:00,21,13,8,F1052
570,F105 (vlak overr brug over kanaal),2023-05-16,20:00:00,18,6,12,F1052
570,F105 (vlak overr brug over kanaal),2023-05-16,21:00:00,16,8,8,F1052
570,F105 (vlak overr brug over kanaal),2023-05-16,22:00:00,12,6,6,F1052
570,F105 (vlak overr brug over kanaal),2023-05-16,23:00:00,4,2,2,F1052
570,F105 (vlak overr brug over kanaal),2023-05-17,00:00:00,0,0,0,F1052
570,F105 (vlak overr brug over kanaal),2023-05-17,01:00:00,0,0,0,F1052
570,F105 (vlak overr brug over kanaal),2023-05-17,02:00:00,0,0,0,F1052
570,F105 (vlak overr brug over kanaal),2023-05-17,03:00:00,0,0,0,F1052
570,F105 (vlak overr brug over kanaal),2023-05-17,04:00:00,3,3,0,F1052
570,F105 (vlak overr brug over kanaal),2023-05-17,05:00:00,16,7,9,F1052
570,F105 (vlak overr brug over kanaal),2023-05-17,06:00:00,38,22,16,F1052
570,F105 (vlak overr brug over kanaal),2023-05-17,07:00:00,94,63,31,F1052
570,F105 (vlak overr brug over kanaal),2023-05-17,08:00:00,84,63,21,F1052
570,F105 (vlak overr brug over kanaal),2023-05-17,09:00:00,31,16,15,F1052
570,F105 (vlak overr brug over kanaal),2023-05-17,10:00:00,26,11,15,F1052
570,F105 (vlak overr brug over kanaal),2023-05-17,11:00:00,30,14,16,F1052
570,F105 (vlak overr brug over kanaal),2023-05-17,12:00:00,113,24,89,F1052
570,F105 (vlak overr brug over kanaal),2023-05-17,13:00:00,73,31,42,F1052
570,F105 (vlak overr brug over kanaal),2023-05-17,14:00:00,105,44,61,F1052
570,F105 (vlak overr brug over kanaal),2023-05-17,15:00:00,98,51,47,F1052
570,F105 (vlak overr brug over kanaal),2023-05-17,16:00:00,95,46,49,F1052
570,F105 (vlak overr brug over kanaal),2023-05-17,17:00:00,79,35,44,F1052
570,F105 (vlak overr brug over kanaal),2023-05-17,18:00:00,49,29,20,F1052
570,F105 (vlak overr brug over kanaal),2023-05-17,19:00:00,42,21,21,F1052
570,F105 (vlak overr brug over kanaal),2023-05-17,20:00:00,21,11,10,F1052
570,F105 (vlak overr brug over kanaal),2023-05-17,21:00:00,23,6,17,F1052
570,F105 (vlak overr brug over kanaal),2023-05-17,22:00:00,12,6,6,F1052
570,F105 (vlak overr brug over kanaal),2023-05-17,23:00:00,7,0,7,F1052
570,F105 (vlak overr brug over kanaal),2023-05-18,00:00:00,2,0,2,F1052
570,F105 (vlak overr brug over kanaal),2023-05-18,01:00:00,0,0,0,F1052
570,F105 (vlak overr brug over kanaal),2023-05-18,02:00:00,0,0,0,F1052
570,F105 (vlak overr brug over kanaal),2023-05-18,03:00:00,7,4,3,F1052
570,F105 (vlak overr brug over kanaal),2023-05-18,04:00:00,0,0,0,F1052
570,F105 (vlak overr brug over kanaal),2023-05-18,05:00:00,6,2,4,F1052
570,F105 (vlak overr brug over kanaal),2023-05-18,06:00:00,9,6,3,F1052
570,F105 (vlak overr brug over kanaal),2023-05-18,07:00:00,5,3,2,F1052
570,F105 (vlak overr brug over kanaal),2023-05-18,08:00:00,34,21,13,F1052
570,F105 (vlak overr brug over kanaal),2023-05-18,09:00:00,33,18,15,F1052
570,F105 (vlak overr brug over kanaal),2023-05-18,10:00:00,60,27,33,F1052
570,F105 (vlak overr brug over kanaal),2023-05-18,11:00:00,51,29,22,F1052
570,F105 (vlak overr brug over kanaal),2023-05-18,12:00:00,30,24,6,F1052
570,F105 (vlak overr brug over kanaal),2023-05-18,13:00:00,85,34,51,F1052
570,F105 (vlak overr brug over kanaal),2023-05-18,14:00:00,131,68,63,F1052
570,F105 (vlak overr brug over kanaal),2023-05-18,15:00:00,85,45,40,F1052
570,F105 (vlak overr brug over kanaal),2023-05-18,16:00:00,72,38,34,F1052
570,F105 (vlak overr brug over kanaal),2023-05-18,17:00:00,56,26,30,F1052
570,F105 (vlak overr brug over kanaal),2023-05-18,18:00:00,33,21,12,F1052
570,F105 (vlak overr brug over kanaal),2023-05-18,19:00:00,23,15,8,F1052
570,F105 (vlak overr brug over kanaal),2023-05-18,20:00:00,25,6,19,F1052
570,F105 (vlak overr brug over kanaal),2023-05-18,21:00:00,12,1,11,F1052
570,F105 (vlak overr brug over kanaal),2023-05-18,22:00:00,8,7,1,F1052
570,F105 (vlak overr brug over kanaal),2023-05-18,23:00:00,3,1,2,F1052
570,F105 (vlak overr brug over kanaal),2023-05-19,00:00:00,4,2,2,F1052
570,F105 (vlak overr brug over kanaal),2023-05-19,01:00:00,5,1,4,F1052
570,F105 (vlak overr brug over kanaal),2023-05-19,02:00:00,2,1,1,F1052
570,F105 (vlak overr brug over kanaal),2023-05-19,03:00:00,0,0,0,F1052
570,F105 (vlak overr brug over kanaal),2023-05-19,04:00:00,1,1,0,F1052
570,F105 (vlak overr brug over kanaal),2023-05-19,05:00:00,8,3,5,F1052
570,F105 (vlak overr brug over kanaal),2023-05-19,06:00:00,8,7,1,F1052
570,F105 (vlak overr brug over kanaal),2023-05-19,07:00:00,15,9,6,F1052
570,F105 (vlak overr brug over kanaal),2023-05-19,08:00:00,16,12,4,F1052
570,F105 (vlak overr brug over kanaal),2023-05-19,09:00:00,60,44,16,F1052
570,F105 (vlak overr brug over kanaal),2023-05-19,10:00:00,65,32,33,F1052
570,F105 (vlak overr brug over kanaal),2023-05-19,11:00:00,55,23,32,F1052
570,F105 (vlak overr brug over kanaal),2023-05-19,12:00:00,76,35,41,F1052
570,F105 (vlak overr brug over kanaal),2023-05-19,13:00:00,76,37,39,F1052
570,F105 (vlak overr brug over kanaal),2023-05-19,14:00:00,87,37,50,F1052
570,F105 (vlak overr brug over kanaal),2023-05-19,15:00:00,100,60,40,F1052
570,F105 (vlak overr brug over kanaal),2023-05-19,16:00:00,80,40,40,F1052
570,F105 (vlak overr brug over kanaal),2023-05-19,17:00:00,38,20,18,F1052
570,F105 (vlak overr brug over kanaal),2023-05-19,18:00:00,23,16,7,F1052
570,F105 (vlak overr brug over kanaal),2023-05-19,19:00:00,18,8,10,F1052
570,F105 (vlak overr brug over kanaal),2023-05-19,20:00:00,16,8,8,F1052
570,F105 (vlak overr brug over kanaal),2023-05-19,21:00:00,10,0,10,F1052
570,F105 (vlak overr brug over kanaal),2023-05-19,22:00:00,16,8,8,F1052
570,F105 (vlak overr brug over kanaal),2023-05-19,23:00:00,1,0,1,F1052
570,F105 (vlak overr brug over kanaal),2023-05-20,00:00:00,1,0,1,F1052
570,F105 (vlak overr brug over kanaal),2023-05-20,01:00:00,1,1,0,F1052
570,F105 (vlak overr brug over kanaal),2023-05-20,02:00:00,1,0,1,F1052
570,F105 (vlak overr brug over kanaal),2023-05-20,03:00:00,2,2,0,F1052
570,F105 (vlak overr brug over kanaal),2023-05-20,04:00:00,2,1,1,F1052
570,F105 (vlak overr brug over kanaal),2023-05-20,05:00:00,5,2,3,F1052
570,F105 (vlak overr brug over kanaal),2023-05-20,06:00:00,6,6,0,F1052
570,F105 (vlak overr brug over kanaal),2023-05-20,07:00:00,11,3,8,F1052
570,F105 (vlak overr brug over kanaal),2023-05-20,08:00:00,16,9,7,F1052
570,F105 (vlak overr brug over kanaal),2023-05-20,09:00:00,36,14,22,F1052
570,F105 (vlak overr brug over kanaal),2023-05-20,10:00:00,54,28,26,F1052
570,F105 (vlak overr brug over kanaal),2023-05-20,11:00:00,47,24,23,F1052
570,F105 (vlak overr brug over kanaal),2023-05-20,12:00:00,47,29,18,F1052
570,F105 (vlak overr brug over kanaal),2023-05-20,13:00:00,76,39,37,F1052
570,F105 (vlak overr brug over kanaal),2023-05-20,14:00:00,127,58,69,F1052
570,F105 (vlak overr brug over kanaal),2023-05-20,15:00:00,68,29,39,F1052
570,F105 (vlak overr brug over kanaal),2023-05-20,16:00:00,89,40,49,F1052
570,F105 (vlak overr brug over kanaal),2023-05-20,17:00:00,53,31,22,F1052
570,F105 (vlak overr brug over kanaal),2023-05-20,18:00:00,36,21,15,F1052
570,F105 (vlak overr brug over kanaal),2023-05-20,19:00:00,25,9,16,F1052
570,F105 (vlak overr brug over kanaal),2023-05-20,20:00:00,32,14,18,F1052
570,F105 (vlak overr brug over kanaal),2023-05-20,21:00:00,21,6,15,F1052
570,F105 (vlak overr brug over kanaal),2023-05-20,22:00:00,11,5,6,F1052
570,F105 (vlak overr brug over kanaal),2023-05-20,23:00:00,5,4,1,F1052
570,F105 (vlak overr brug over kanaal),2023-05-21,00:00:00,1,0,1,F1052
570,F105 (vlak overr brug over kanaal),2023-05-21,01:00:00,12,3,9,F1052
570,F105 (vlak overr brug over kanaal),2023-05-21,02:00:00,2,1,1,F1052
570,F105 (vlak overr brug over kanaal),2023-05-21,03:00:00,2,1,1,F1052
570,F105 (vlak overr brug over kanaal),2023-05-21,04:00:00,1,1,0,F1052
570,F105 (vlak overr brug over kanaal),2023-05-21,05:00:00,4,1,3,F1052
570,F105 (vlak overr brug over kanaal),2023-05-21,06:00:00,7,7,0,F1052
570,F105 (vlak overr brug over kanaal),2023-05-21,07:00:00,11,6,5,F1052
570,F105 (vlak overr brug over kanaal),2023-05-21,08:00:00,30,21,9,F1052
570,F105 (vlak overr brug over kanaal),2023-05-21,09:00:00,59,31,28,F1052
570,F105 (vlak overr brug over kanaal),2023-05-21,10:00:00,119,61,58,F1052
570,F105 (vlak overr brug over kanaal),2023-05-21,11:00:00,83,37,46,F1052
570,F105 (vlak overr brug over kanaal),2023-05-21,12:00:00,56,24,32,F1052
570,F105 (vlak overr brug over kanaal),2023-05-21,13:00:00,106,50,56,F1052
570,F105 (vlak overr brug over kanaal),2023-05-21,14:00:00,119,57,62,F1052
570,F105 (vlak overr brug over kanaal),2023-05-21,15:00:00,129,64,65,F1052
570,F105 (vlak overr brug over kanaal),2023-05-21,16:00:00,100,57,43,F1052
570,F105 (vlak overr brug over kanaal),2023-05-21,17:00:00,66,31,35,F1052
570,F105 (vlak overr brug over kanaal),2023-05-21,18:00:00,37,15,22,F1052
570,F105 (vlak overr brug over kanaal),2023-05-21,19:00:00,28,15,13,F1052
570,F105 (vlak overr brug over kanaal),2023-05-21,20:00:00,26,16,10,F1052
570,F105 (vlak overr brug over kanaal),2023-05-21,21:00:00,21,10,11,F1052
570,F105 (vlak overr brug over kanaal),2023-05-21,22:00:00,13,7,6,F1052
570,F105 (vlak overr brug over kanaal),2023-05-21,23:00:00,0,0,0,F1052
570,F105 (vlak overr brug over kanaal),2023-05-22,00:00:00,0,0,0,F1052
570,F105 (vlak overr brug over kanaal),2023-05-22,01:00:00,0,0,0,F1052
570,F105 (vlak overr brug over kanaal),2023-05-22,02:00:00,0,0,0,F1052
570,F105 (vlak overr brug over kanaal),2023-05-22,03:00:00,0,0,0,F1052
570,F105 (vlak overr brug over kanaal),2023-05-22,04:00:00,5,3,2,F1052
570,F105 (vlak overr brug over kanaal),2023-05-22,05:00:00,14,6,8,F1052
570,F105 (vlak overr brug over kanaal),2023-05-22,06:00:00,40,23,17,F1052
570,F105 (vlak overr brug over kanaal),2023-05-22,07:00:00,105,65,40,F1052
570,F105 (vlak overr brug over kanaal),2023-05-22,08:00:00,101,68,33,F1052
570,F105 (vlak overr brug over kanaal),2023-05-22,09:00:00,23,12,11,F1052
570,F105 (vlak overr brug over kanaal),2023-05-22,10:00:00,20,12,8,F1052
570,F105 (vlak overr brug over kanaal),2023-05-22,11:00:00,29,16,13,F1052
570,F105 (vlak overr brug over kanaal),2023-05-22,12:00:00,40,10,30,F1052
570,F105 (vlak overr brug over kanaal),2023-05-22,13:00:00,70,38,32,F1052
570,F105 (vlak overr brug over kanaal),2023-05-22,14:00:00,98,55,43,F1052
570,F105 (vlak overr brug over kanaal),2023-05-22,15:00:00,114,45,69,F1052
570,F105 (vlak overr brug over kanaal),2023-05-22,16:00:00,127,60,67,F1052
570,F105 (vlak overr brug over kanaal),2023-05-22,17:00:00,95,42,53,F1052
570,F105 (vlak overr brug over kanaal),2023-05-22,18:00:00,58,24,34,F1052
570,F105 (vlak overr brug over kanaal),2023-05-22,19:00:00,36,14,22,F1052
570,F105 (vlak overr brug over kanaal),2023-05-22,20:00:00,12,5,7,F1052
570,F105 (vlak overr brug over kanaal),2023-05-22,21:00:00,31,19,12,F1052
570,F105 (vlak overr brug over kanaal),2023-05-22,22:00:00,24,13,11,F1052
570,F105 (vlak overr brug over kanaal),2023-05-22,23:00:00,3,2,1,F1052
570,F105 (vlak overr brug over kanaal),2023-05-23,00:00:00,4,0,4,F1052
570,F105 (vlak overr brug over kanaal),2023-05-23,01:00:00,0,0,0,F1052
570,F105 (vlak overr brug over kanaal),2023-05-23,02:00:00,0,0,0,F1052
570,F105 (vlak overr brug over kanaal),2023-05-23,03:00:00,0,0,0,F1052
570,F105 (vlak overr brug over kanaal),2023-05-23,04:00:00,6,3,3,F1052
570,F105 (vlak overr brug over kanaal),2023-05-23,05:00:00,18,8,10,F1052
570,F105 (vlak overr brug over kanaal),2023-05-23,06:00:00,44,22,22,F1052
570,F105 (vlak overr brug over kanaal),2023-05-23,07:00:00,121,73,48,F1052
570,F105 (vlak overr brug over kanaal),2023-05-23,08:00:00,110,77,33,F1052
570,F105 (vlak overr brug over kanaal),2023-05-23,09:00:00,33,22,11,F1052
570,F105 (vlak overr brug over kanaal),2023-05-23,10:00:00,29,9,20,F1052
570,F105 (vlak overr brug over kanaal),2023-05-23,11:00:00,33,19,14,F1052
570,F105 (vlak overr brug over kanaal),2023-05-23,12:00:00,54,25,29,F1052
570,F105 (vlak overr brug over kanaal),2023-05-23,13:00:00,94,46,48,F1052
570,F105 (vlak overr brug over kanaal),2023-05-23,14:00:00,84,41,43,F1052
570,F105 (vlak overr brug over kanaal),2023-05-23,15:00:00,102,42,60,F1052
570,F105 (vlak overr brug over kanaal),2023-05-23,16:00:00,137,60,77,F1052
570,F105 (vlak overr brug over kanaal),2023-05-23,17:00:00,80,36,44,F1052
570,F105 (vlak overr brug over kanaal),2023-05-23,18:00:00,50,24,26,F1052
570,F105 (vlak overr brug over kanaal),2023-05-23,19:00:00,20,9,11,F1052
570,F105 (vlak overr brug over kanaal),2023-05-23,20:00:00,33,17,16,F1052
570,F105 (vlak overr brug over kanaal),2023-05-23,21:00:00,26,12,14,F1052
570,F105 (vlak overr brug over kanaal),2023-05-23,22:00:00,23,11,12,F1052
570,F105 (vlak overr brug over kanaal),2023-05-23,23:00:00,3,1,2,F1052
570,F105 (vlak overr brug over kanaal),2023-05-24,00:00:00,0,0,0,F1052
570,F105 (vlak overr brug over kanaal),2023-05-24,01:00:00,4,0,4,F1052
570,F105 (vlak overr brug over kanaal),2023-05-24,02:00:00,0,0,0,F1052
570,F105 (vlak overr brug over kanaal),2023-05-24,03:00:00,0,0,0,F1052
570,F105 (vlak overr brug over kanaal),2023-05-24,04:00:00,7,3,4,F1052
570,F105 (vlak overr brug over kanaal),2023-05-24,05:00:00,18,7,11,F1052
570,F105 (vlak overr brug over kanaal),2023-05-24,06:00:00,40,26,14,F1052
570,F105 (vlak overr brug over kanaal),2023-05-24,07:00:00,97,55,42,F1052
570,F105 (vlak overr brug over kanaal),2023-05-24,08:00:00,84,54,30,F1052
570,F105 (vlak overr brug over kanaal),2023-05-24,09:00:00,33,18,15,F1052
570,F105 (vlak overr brug over kanaal),2023-05-24,10:00:00,38,15,23,F1052
570,F105 (vlak overr brug over kanaal),2023-05-24,11:00:00,31,11,20,F1052
570,F105 (vlak overr brug over kanaal),2023-05-24,12:00:00,89,27,62,F1052
570,F105 (vlak overr brug over kanaal),2023-05-24,13:00:00,99,42,57,F1052
570,F105 (vlak overr brug over kanaal),2023-05-24,14:00:00,98,47,51,F1052
570,F105 (vlak overr brug over kanaal),2023-05-24,15:00:00,71,38,33,F1052
570,F105 (vlak overr brug over kanaal),2023-05-24,16:00:00,93,41,52,F1052
570,F105 (vlak overr brug over kanaal),2023-05-24,17:00:00,89,49,40,F1052
570,F105 (vlak overr brug over kanaal),2023-05-24,18:00:00,41,22,19,F1052
570,F105 (vlak overr brug over kanaal),2023-05-24,19:00:00,23,6,17,F1052
570,F105 (vlak overr brug over kanaal),2023-05-24,20:00:00,33,13,20,F1052
570,F105 (vlak overr brug over kanaal),2023-05-24,21:00:00,26,16,10,F1052
570,F105 (vlak overr brug over kanaal),2023-05-24,22:00:00,20,11,9,F1052
570,F105 (vlak overr brug over kanaal),2023-05-24,23:00:00,3,2,1,F1052
570,F105 (vlak overr brug over kanaal),2023-05-25,00:00:00,2,2,0,F1052
570,F105 (vlak overr brug over kanaal),2023-05-25,01:00:00,0,0,0,F1052
570,F105 (vlak overr brug over kanaal),2023-05-25,02:00:00,1,0,1,F1052
570,F105 (vlak overr brug over kanaal),2023-05-25,03:00:00,0,0,0,F1052
570,F105 (vlak overr brug over kanaal),2023-05-25,04:00:00,10,4,6,F1052
570,F105 (vlak overr brug over kanaal),2023-05-25,05:00:00,22,9,13,F1052
570,F105 (vlak overr brug over kanaal),2023-05-25,06:00:00,39,22,17,F1052
570,F105 (vlak overr brug over kanaal),2023-05-25,07:00:00,97,66,31,F1052
570,F105 (vlak overr brug over kanaal),2023-05-25,08:00:00,110,77,33,F1052
570,F105 (vlak overr brug over kanaal),2023-05-25,09:00:00,27,12,15,F1052
570,F105 (vlak overr brug over kanaal),2023-05-25,10:00:00,50,36,14,F1052
570,F105 (vlak overr brug over kanaal),2023-05-25,11:00:00,53,28,25,F1052
570,F105 (vlak overr brug over kanaal),2023-05-25,12:00:00,86,39,47,F1052
570,F105 (vlak overr brug over kanaal),2023-05-25,13:00:00,47,21,26,F1052
570,F105 (vlak overr brug over kanaal),2023-05-25,14:00:00,75,34,41,F1052
570,F105 (vlak overr brug over kanaal),2023-05-25,15:00:00,95,40,55,F1052
570,F105 (vlak overr brug over kanaal),2023-05-25,16:00:00,135,57,78,F1052
570,F105 (vlak overr brug over kanaal),2023-05-25,17:00:00,86,32,54,F1052
570,F105 (vlak overr brug over kanaal),2023-05-25,18:00:00,60,26,34,F1052
570,F105 (vlak overr brug over kanaal),2023-05-25,19:00:00,28,10,18,F1052
570,F105 (vlak overr brug over kanaal),2023-05-25,20:00:00,24,12,12,F1052
570,F105 (vlak overr brug over kanaal),2023-05-25,21:00:00,22,8,14,F1052
570,F105 (vlak overr brug over kanaal),2023-05-25,22:00:00,24,17,7,F1052
570,F105 (vlak overr brug over kanaal),2023-05-25,23:00:00,1,0,1,F1052
570,F105 (vlak overr brug over kanaal),2023-05-26,00:00:00,3,3,0,F1052
570,F105 (vlak overr brug over kanaal),2023-05-26,01:00:00,1,0,1,F1052
570,F105 (vlak overr brug over kanaal),2023-05-26,02:00:00,0,0,0,F1052
570,F105 (vlak overr brug over kanaal),2023-05-26,03:00:00,1,0,1,F1052
570,F105 (vlak overr brug over kanaal),2023-05-26,04:00:00,7,4,3,F1052
570,F105 (vlak overr brug over kanaal),2023-05-26,05:00:00,16,6,10,F1052
570,F105 (vlak overr brug over kanaal),2023-05-26,06:00:00,34,24,10,F1052
570,F105 (vlak overr brug over kanaal),2023-05-26,07:00:00,91,56,35,F1052
570,F105 (vlak overr brug over kanaal),2023-05-26,08:00:00,106,84,22,F1052
570,F105 (vlak overr brug over kanaal),2023-05-26,09:00:00,45,24,21,F1052
570,F105 (vlak overr brug over kanaal),2023-05-26,10:00:00,60,37,23,F1052
570,F105 (vlak overr brug over kanaal),2023-05-26,11:00:00,54,23,31,F1052
570,F105 (vlak overr brug over kanaal),2023-05-26,12:00:00,56,24,32,F1052
570,F105 (vlak overr brug over kanaal),2023-05-26,13:00:00,63,27,36,F1052
570,F105 (vlak overr brug over kanaal),2023-05-26,14:00:00,99,39,60,F1052
570,F105 (vlak overr brug over kanaal),2023-05-26,15:00:00,124,48,76,F1052
570,F105 (vlak overr brug over kanaal),2023-05-26,16:00:00,137,51,86,F1052
570,F105 (vlak overr brug over kanaal),2023-05-26,17:00:00,107,39,68,F1052
570,F105 (vlak overr brug over kanaal),2023-05-26,18:00:00,57,7,50,F1052
570,F105 (vlak overr brug over kanaal),2023-05-26,19:00:00,110,21,89,F1052
570,F105 (vlak overr brug over kanaal),2023-05-26,20:00:00,37,4,33,F1052
570,F105 (vlak overr brug over kanaal),2023-05-26,21:00:00,42,8,34,F1052
570,F105 (vlak overr brug over kanaal),2023-05-26,22:00:00,24,5,19,F1052
570,F105 (vlak overr brug over kanaal),2023-05-26,23:00:00,10,6,4,F1052
570,F105 (vlak overr brug over kanaal),2023-05-27,00:00:00,31,30,1,F1052
570,F105 (vlak overr brug over kanaal),2023-05-27,01:00:00,53,53,0,F1052
570,F105 (vlak overr brug over kanaal),2023-05-27,02:00:00,65,65,0,F1052
570,F105 (vlak overr brug over kanaal),2023-05-27,03:00:00,71,68,3,F1052
570,F105 (vlak overr brug over kanaal),2023-05-27,04:00:00,5,3,2,F1052
570,F105 (vlak overr brug over kanaal),2023-05-27,05:00:00,5,1,4,F1052
570,F105 (vlak overr brug over kanaal),2023-05-27,06:00:00,7,3,4,F1052
570,F105 (vlak overr brug over kanaal),2023-05-27,07:00:00,11,6,5,F1052
570,F105 (vlak overr brug over kanaal),2023-05-27,08:00:00,11,8,3,F1052
570,F105 (vlak overr brug over kanaal),2023-05-27,09:00:00,46,33,13,F1052
570,F105 (vlak overr brug over kanaal),2023-05-27,10:00:00,42,13,29,F1052
570,F105 (vlak overr brug over kanaal),2023-05-27,11:00:00,52,25,27,F1052
570,F105 (vlak overr brug over kanaal),2023-05-27,12:00:00,47,24,23,F1052
570,F105 (vlak overr brug over kanaal),2023-05-27,13:00:00,93,38,55,F1052
570,F105 (vlak overr brug over kanaal),2023-05-27,14:00:00,161,95,66,F1052
570,F105 (vlak overr brug over kanaal),2023-05-27,15:00:00,154,78,76,F1052
570,F105 (vlak overr brug over kanaal),2023-05-27,16:00:00,131,59,72,F1052
570,F105 (vlak overr brug over kanaal),2023-05-27,17:00:00,92,30,62,F1052
570,F105 (vlak overr brug over kanaal),2023-05-27,18:00:00,50,17,33,F1052
570,F105 (vlak overr brug over kanaal),2023-05-27,19:00:00,89,26,63,F1052
570,F105 (vlak overr brug over kanaal),2023-05-27,20:00:00,47,12,35,F1052
570,F105 (vlak overr brug over kanaal),2023-05-27,21:00:00,37,16,21,F1052
570,F105 (vlak overr brug over kanaal),2023-05-27,22:00:00,27,14,13,F1052
570,F105 (vlak overr brug over kanaal),2023-05-27,23:00:00,26,17,9,F1052
570,F105 (vlak overr brug over kanaal),2023-05-28,00:00:00,18,17,1,F1052
570,F105 (vlak overr brug over kanaal),2023-05-28,01:00:00,44,44,0,F1052
570,F105 (vlak overr brug over kanaal),2023-05-28,02:00:00,77,76,1,F1052
570,F105 (vlak overr brug over kanaal),2023-05-28,03:00:00,71,71,0,F1052
570,F105 (vlak overr brug over kanaal),2023-05-28,04:00:00,25,24,1,F1052
570,F105 (vlak overr brug over kanaal),2023-05-28,05:00:00,5,3,2,F1052
570,F105 (vlak overr brug over kanaal),2023-05-28,06:00:00,5,5,0,F1052
570,F105 (vlak overr brug over kanaal),2023-05-28,07:00:00,16,4,12,F1052
570,F105 (vlak overr brug over kanaal),2023-05-28,08:00:00,19,9,10,F1052
570,F105 (vlak overr brug over kanaal),2023-05-28,09:00:00,48,27,21,F1052
570,F105 (vlak overr brug over kanaal),2023-05-28,10:00:00,64,33,31,F1052
570,F105 (vlak overr brug over kanaal),2023-05-28,11:00:00,67,43,24,F1052
570,F105 (vlak overr brug over kanaal),2023-05-28,12:00:00,60,25,35,F1052
570,F105 (vlak overr brug over kanaal),2023-05-28,13:00:00,133,65,68,F1052
570,F105 (vlak overr brug over kanaal),2023-05-28,14:00:00,119,66,53,F1052
570,F105 (vlak overr brug over kanaal),2023-05-28,15:00:00,132,77,55,F1052
570,F105 (vlak overr brug over kanaal),2023-05-28,16:00:00,122,77,45,F1052
570,F105 (vlak overr brug over kanaal),2023-05-28,17:00:00,69,44,25,F1052
570,F105 (vlak overr brug over kanaal),2023-05-28,18:00:00,65,39,26,F1052
570,F105 (vlak overr brug over kanaal),2023-05-28,19:00:00,40,19,21,F1052
570,F105 (vlak overr brug over kanaal),2023-05-28,20:00:00,33,15,18,F1052
570,F105 (vlak overr brug over kanaal),2023-05-28,21:00:00,23,12,11,F1052
570,F105 (vlak overr brug over kanaal),2023-05-28,22:00:00,17,12,5,F1052
570,F105 (vlak overr brug over kanaal),2023-05-28,23:00:00,8,5,3,F1052
570,F105 (vlak overr brug over kanaal),2023-05-29,00:00:00,1,0,1,F1052
570,F105 (vlak overr brug over kanaal),2023-05-29,01:00:00,8,7,1,F1052
570,F105 (vlak overr brug over kanaal),2023-05-29,02:00:00,1,0,1,F1052
570,F105 (vlak overr brug over kanaal),2023-05-29,03:00:00,2,2,0,F1052
570,F105 (vlak overr brug over kanaal),2023-05-29,04:00:00,0,0,0,F1052
570,F105 (vlak overr brug over kanaal),2023-05-29,05:00:00,5,1,4,F1052
570,F105 (vlak overr brug over kanaal),2023-05-29,06:00:00,7,5,2,F1052
570,F105 (vlak overr brug over kanaal),2023-05-29,07:00:00,6,3,3,F1052
570,F105 (vlak overr brug over kanaal),2023-05-29,08:00:00,16,9,7,F1052
570,F105 (vlak overr brug over kanaal),2023-05-29,09:00:00,42,14,28,F1052
570,F105 (vlak overr brug over kanaal),2023-05-29,10:00:00,38,22,16,F1052
570,F105 (vlak overr brug over kanaal),2023-05-29,11:00:00,56,30,26,F1052
570,F105 (vlak overr brug over kanaal),2023-05-29,12:00:00,50,24,26,F1052
570,F105 (vlak overr brug over kanaal),2023-05-29,13:00:00,92,51,41,F1052
570,F105 (vlak overr brug over kanaal),2023-05-29,14:00:00,107,58,49,F1052
570,F105 (vlak overr brug over kanaal),2023-05-29,15:00:00,108,49,59,F1052
570,F105 (vlak overr brug over kanaal),2023-05-29,16:00:00,79,36,43,F1052
570,F105 (vlak overr brug over kanaal),2023-05-29,17:00:00,65,31,34,F1052
570,F105 (vlak overr brug over kanaal),2023-05-29,18:00:00,53,30,23,F1052
570,F105 (vlak overr brug over kanaal),2023-05-29,19:00:00,41,15,26,F1052
570,F105 (vlak overr brug over kanaal),2023-05-29,20:00:00,26,10,16,F1052
570,F105 (vlak overr brug over kanaal),2023-05-29,21:00:00,9,5,4,F1052
570,F105 (vlak overr brug over kanaal),2023-05-29,22:00:00,11,6,5,F1052
570,F105 (vlak overr brug over kanaal),2023-05-29,23:00:00,2,1,1,F1052
570,F105 (vlak overr brug over kanaal),2023-05-30,00:00:00,1,0,1,F1052
570,F105 (vlak overr brug over kanaal),2023-05-30,01:00:00,1,0,1,F1052
570,F105 (vlak overr brug over kanaal),2023-05-30,02:00:00,1,1,0,F1052
570,F105 (vlak overr brug over kanaal),2023-05-30,03:00:00,0,0,0,F1052
570,F105 (vlak overr brug over kanaal),2023-05-30,04:00:00,4,3,1,F1052
570,F105 (vlak overr brug over kanaal),2023-05-30,05:00:00,15,5,10,F1052
570,F105 (vlak overr brug over kanaal),2023-05-30,06:00:00,46,27,19,F1052
570,F105 (vlak overr brug over kanaal),2023-05-30,07:00:00,111,70,41,F1052
570,F105 (vlak overr brug over kanaal),2023-05-30,08:00:00,119,85,34,F1052
570,F105 (vlak overr brug over kanaal),2023-05-30,09:00:00,30,22,8,F1052
570,F105 (vlak overr brug over kanaal),2023-05-30,10:00:00,28,15,13,F1052
570,F105 (vlak overr brug over kanaal),2023-05-30,11:00:00,45,10,35,F1052
570,F105 (vlak overr brug over kanaal),2023-05-30,12:00:00,48,20,28,F1052
570,F105 (vlak overr brug over kanaal),2023-05-30,13:00:00,63,23,40,F1052
570,F105 (vlak overr brug over kanaal),2023-05-30,14:00:00,92,50,42,F1052
570,F105 (vlak overr brug over kanaal),2023-05-30,15:00:00,108,59,49,F1052
570,F105 (vlak overr brug over kanaal),2023-05-30,16:00:00,197,96,101,F1052
570,F105 (vlak overr brug over kanaal),2023-05-30,17:00:00,114,54,60,F1052
570,F105 (vlak overr brug over kanaal),2023-05-30,18:00:00,58,37,21,F1052
570,F105 (vlak overr brug over kanaal),2023-05-30,19:00:00,35,10,25,F1052
570,F105 (vlak overr brug over kanaal),2023-05-30,20:00:00,32,15,17,F1052
570,F105 (vlak overr brug over kanaal),2023-05-30,21:00:00,23,10,13,F1052
570,F105 (vlak overr brug over kanaal),2023-05-30,22:00:00,21,14,7,F1052
570,F105 (vlak overr brug over kanaal),2023-05-30,23:00:00,2,1,1,F1052
570,F105 (vlak overr brug over kanaal),2023-05-31,00:00:00,0,0,0,F1052
570,F105 (vlak overr brug over kanaal),2023-05-31,01:00:00,0,0,0,F1052
570,F105 (vlak overr brug over kanaal),2023-05-31,02:00:00,0,0,0,F1052
570,F105 (vlak overr brug over kanaal),2023-05-31,03:00:00,0,0,0,F1052
570,F105 (vlak overr brug over kanaal),2023-05-31,04:00:00,4,3,1,F1052
570,F105 (vlak overr brug over kanaal),2023-05-31,05:00:00,24,9,15,F1052
570,F105 (vlak overr brug over kanaal),2023-05-31,06:00:00,38,19,19,F1052
570,F105 (vlak overr brug over kanaal),2023-05-31,07:00:00,114,75,39,F1052
570,F105 (vlak overr brug over kanaal),2023-05-31,08:00:00,114,83,31,F1052
570,F105 (vlak overr brug over kanaal),2023-05-31,09:00:00,31,17,14,F1052
570,F105 (vlak overr brug over kanaal),2023-05-31,10:00:00,34,14,20,F1052
570,F105 (vlak overr brug over kanaal),2023-05-31,11:00:00,43,18,25,F1052
570,F105 (vlak overr brug over kanaal),2023-05-31,12:00:00,128,44,84,F1052
570,F105 (vlak overr brug over kanaal),2023-05-31,13:00:00,127,78,49,F1052
570,F105 (vlak overr brug over kanaal),2023-05-31,14:00:00,140,81,59,F1052
570,F105 (vlak overr brug over kanaal),2023-05-31,15:00:00,122,61,61,F1052
570,F105 (vlak overr brug over kanaal),2023-05-31,16:00:00,155,89,66,F1052
570,F105 (vlak overr brug over kanaal),2023-05-31,17:00:00,137,71,66,F1052
570,F105 (vlak overr brug over kanaal),2023-05-31,18:00:00,92,52,40,F1052
570,F105 (vlak overr brug over kanaal),2023-05-31,19:00:00,39,29,10,F1052
570,F105 (vlak overr brug over kanaal),2023-05-31,20:00:00,43,19,24,F1052
570,F105 (vlak overr brug over kanaal),2023-05-31,21:00:00,20,9,11,F1052
570,F105 (vlak overr brug over kanaal),2023-05-31,22:00:00,22,12,10,F1052
570,F105 (vlak overr brug over kanaal),2023-05-31,23:00:00,2,0,2,F1052
570,F105 (vlak overr brug over kanaal),2023-06-01,00:00:00,3,0,3,F1052
570,F105 (vlak overr brug over kanaal),2023-06-01,01:00:00,1,1,0,F1052
570,F105 (vlak overr brug over kanaal),2023-06-01,02:00:00,1,0,1,F1052
570,F105 (vlak overr brug over kanaal),2023-06-01,03:00:00,0,0,0,F1052
570,F105 (vlak overr brug over kanaal),2023-06-01,04:00:00,6,4,2,F1052
570,F105 (vlak overr brug over kanaal),2023-06-01,05:00:00,13,4,9,F1052
570,F105 (vlak overr brug over kanaal),2023-06-01,06:00:00,51,30,21,F1052
570,F105 (vlak overr brug over kanaal),2023-06-01,07:00:00,119,77,42,F1052
570,F105 (vlak overr brug over kanaal),2023-06-01,08:00:00,127,89,38,F1052
570,F105 (vlak overr brug over kanaal),2023-06-01,09:00:00,38,31,7,F1052
570,F105 (vlak overr brug over kanaal),2023-06-01,10:00:00,32,20,12,F1052
570,F105 (vlak overr brug over kanaal),2023-06-01,11:00:00,55,29,26,F1052
570,F105 (vlak overr brug over kanaal),2023-06-01,12:00:00,59,29,30,F1052
570,F105 (vlak overr brug over kanaal),2023-06-01,13:00:00,70,32,38,F1052
570,F105 (vlak overr brug over kanaal),2023-06-01,14:00:00,108,57,51,F1052
570,F105 (vlak overr brug over kanaal),2023-06-01,15:00:00,173,83,90,F1052
570,F105 (vlak overr brug over kanaal),2023-06-01,16:00:00,217,92,125,F1052
570,F105 (vlak overr brug over kanaal),2023-06-01,17:00:00,98,56,42,F1052
570,F105 (vlak overr brug over kanaal),2023-06-01,18:00:00,64,27,37,F1052
570,F105 (vlak overr brug over kanaal),2023-06-01,19:00:00,26,13,13,F1052
570,F105 (vlak overr brug over kanaal),2023-06-01,20:00:00,31,10,21,F1052
570,F105 (vlak overr brug over kanaal),2023-06-01,21:00:00,23,10,13,F1052
570,F105 (vlak overr brug over kanaal),2023-06-01,22:00:00,14,8,6,F1052
570,F105 (vlak overr brug over kanaal),2023-06-01,23:00:00,1,1,0,F1052
570,F105 (vlak overr brug over kanaal),2023-06-02,00:00:00,5,0,5,F1052
570,F105 (vlak overr brug over kanaal),2023-06-02,01:00:00,0,0,0,F1052
570,F105 (vlak overr brug over kanaal),2023-06-02,02:00:00,0,0,0,F1052
570,F105 (vlak overr brug over kanaal),2023-06-02,03:00:00,0,0,0,F1052
570,F105 (vlak overr brug over kanaal),2023-06-02,04:00:00,3,2,1,F1052
570,F105 (vlak overr brug over kanaal),2023-06-02,05:00:00,17,8,9,F1052
570,F105 (vlak overr brug over kanaal),2023-06-02,06:00:00,37,22,15,F1052
570,F105 (vlak overr brug over kanaal),2023-06-02,07:00:00,104,68,36,F1052
570,F105 (vlak overr brug over kanaal),2023-06-02,08:00:00,123,91,32,F1052
570,F105 (vlak overr brug over kanaal),2023-06-02,09:00:00,44,28,16,F1052
570,F105 (vlak overr brug over kanaal),2023-06-02,10:00:00,52,28,24,F1052
570,F105 (vlak overr brug over kanaal),2023-06-02,11:00:00,42,19,23,F1052
570,F105 (vlak overr brug over kanaal),2023-06-02,12:00:00,61,23,38,F1052
570,F105 (vlak overr brug over kanaal),2023-06-02,13:00:00,56,22,34,F1052
570,F105 (vlak overr brug over kanaal),2023-06-02,14:00:00,98,43,55,F1052
570,F105 (vlak overr brug over kanaal),2023-06-02,15:00:00,132,54,78,F1052
570,F105 (vlak overr brug over kanaal),2023-06-02,16:00:00,161,60,101,F1052
570,F105 (vlak overr brug over kanaal),2023-06-02,17:00:00,79,34,45,F1052
570,F105 (vlak overr brug over kanaal),2023-06-02,18:00:00,56,37,19,F1052
570,F105 (vlak overr brug over kanaal),2023-06-02,19:00:00,42,15,27,F1052
570,F105 (vlak overr brug over kanaal),2023-06-02,20:00:00,32,16,16,F1052
570,F105 (vlak overr brug over kanaal),2023-06-02,21:00:00,21,9,12,F1052
570,F105 (vlak overr brug over kanaal),2023-06-02,22:00:00,25,13,12,F1052
570,F105 (vlak overr brug over kanaal),2023-06-02,23:00:00,12,5,7,F1052
570,F105 (vlak overr brug over kanaal),2023-06-03,00:00:00,6,5,1,F1052
570,F105 (vlak overr brug over kanaal),2023-06-03,01:00:00,3,2,1,F1052
570,F105 (vlak overr brug over kanaal),2023-06-03,02:00:00,2,0,2,F1052
570,F105 (vlak overr brug over kanaal),2023-06-03,03:00:00,0,0,0,F1052
570,F105 (vlak overr brug over kanaal),2023-06-03,04:00:00,0,0,0,F1052
570,F105 (vlak overr brug over kanaal),2023-06-03,05:00:00,9,3,6,F1052
570,F105 (vlak overr brug over kanaal),2023-06-03,06:00:00,17,14,3,F1052
570,F105 (vlak overr brug over kanaal),2023-06-03,07:00:00,4,3,1,F1052
570,F105 (vlak overr brug over kanaal),2023-06-03,08:00:00,25,17,8,F1052
570,F105 (vlak overr brug over kanaal),2023-06-03,09:00:00,40,22,18,F1052
570,F105 (vlak overr brug over kanaal),2023-06-03,10:00:00,49,25,24,F1052
570,F105 (vlak overr brug over kanaal),2023-06-03,11:00:00,45,14,31,F1052
570,F105 (vlak overr brug over kanaal),2023-06-03,12:00:00,64,44,20,F1052
570,F105 (vlak overr brug over kanaal),2023-06-03,13:00:00,106,55,51,F1052
570,F105 (vlak overr brug over kanaal),2023-06-03,14:00:00,115,70,45,F1052
570,F105 (vlak overr brug over kanaal),2023-06-03,15:00:00,111,64,47,F1052
570,F105 (vlak overr brug over kanaal),2023-06-03,16:00:00,88,39,49,F1052
570,F105 (vlak overr brug over kanaal),2023-06-03,17:00:00,78,44,34,F1052
570,F105 (vlak overr brug over kanaal),2023-06-03,18:00:00,53,32,21,F1052
570,F105 (vlak overr brug over kanaal),2023-06-03,19:00:00,60,20,40,F1052
570,F105 (vlak overr brug over kanaal),2023-06-03,20:00:00,23,9,14,F1052
570,F105 (vlak overr brug over kanaal),2023-06-03,21:00:00,20,8,12,F1052
570,F105 (vlak overr brug over kanaal),2023-06-03,22:00:00,25,5,20,F1052
570,F105 (vlak overr brug over kanaal),2023-06-03,23:00:00,11,7,4,F1052
570,F105 (vlak overr brug over kanaal),2023-06-04,00:00:00,4,4,0,F1052
570,F105 (vlak overr brug over kanaal),2023-06-04,01:00:00,6,4,2,F1052
570,F105 (vlak overr brug over kanaal),2023-06-04,02:00:00,2,1,1,F1052
570,F105 (vlak overr brug over kanaal),2023-06-04,03:00:00,2,1,1,F1052
570,F105 (vlak overr brug over kanaal),2023-06-04,04:00:00,1,0,1,F1052
570,F105 (vlak overr brug over kanaal),2023-06-04,05:00:00,8,4,4,F1052
570,F105 (vlak overr brug over kanaal),2023-06-04,06:00:00,10,8,2,F1052
570,F105 (vlak overr brug over kanaal),2023-06-04,07:00:00,9,4,5,F1052
570,F105 (vlak overr brug over kanaal),2023-06-04,08:00:00,27,21,6,F1052
570,F105 (vlak overr brug over kanaal),2023-06-04,09:00:00,61,37,24,F1052
570,F105 (vlak overr brug over kanaal),2023-06-04,10:00:00,102,70,32,F1052
570,F105 (vlak overr brug over kanaal),2023-06-04,11:00:00,108,65,43,F1052
570,F105 (vlak overr brug over kanaal),2023-06-04,12:00:00,83,34,49,F1052
570,F105 (vlak overr brug over kanaal),2023-06-04,13:00:00,133,74,59,F1052
570,F105 (vlak overr brug over kanaal),2023-06-04,14:00:00,155,73,82,F1052
570,F105 (vlak overr brug over kanaal),2023-06-04,15:00:00,129,66,63,F1052
570,F105 (vlak overr brug over kanaal),2023-06-04,16:00:00,112,70,42,F1052
570,F105 (vlak overr brug over kanaal),2023-06-04,17:00:00,114,56,58,F1052
570,F105 (vlak overr brug over kanaal),2023-06-04,18:00:00,46,26,20,F1052
570,F105 (vlak overr brug over kanaal),2023-06-04,19:00:00,63,30,33,F1052
570,F105 (vlak overr brug over kanaal),2023-06-04,20:00:00,25,12,13,F1052
570,F105 (vlak overr brug over kanaal),2023-06-04,21:00:00,48,25,23,F1052
570,F105 (vlak overr brug over kanaal),2023-06-04,22:00:00,11,4,7,F1052
570,F105 (vlak overr brug over kanaal),2023-06-04,23:00:00,4,2,2,F1052
570,F105 (vlak overr brug over kanaal),2023-06-05,00:00:00,0,0,0,F1052
570,F105 (vlak overr brug over kanaal),2023-06-05,01:00:00,1,0,1,F1052
570,F105 (vlak overr brug over kanaal),2023-06-05,02:00:00,2,2,0,F1052
570,F105 (vlak overr brug over kanaal),2023-06-05,03:00:00,0,0,0,F1052
570,F105 (vlak overr brug over kanaal),2023-06-05,04:00:00,4,2,2,F1052
570,F105 (vlak overr brug over kanaal),2023-06-05,05:00:00,16,7,9,F1052
570,F105 (vlak overr brug over kanaal),2023-06-05,06:00:00,48,28,20,F1052
570,F105 (vlak overr brug over kanaal),2023-06-05,07:00:00,118,79,39,F1052
570,F105 (vlak overr brug over kanaal),2023-06-05,08:00:00,130,85,45,F1052
570,F105 (vlak overr brug over kanaal),2023-06-05,09:00:00,36,23,13,F1052
570,F105 (vlak overr brug over kanaal),2023-06-05,10:00:00,49,28,21,F1052
570,F105 (vlak overr brug over kanaal),2023-06-05,11:00:00,45,21,24,F1052
570,F105 (vlak overr brug over kanaal),2023-06-05,12:00:00,77,49,28,F1052
570,F105 (vlak overr brug over kanaal),2023-06-05,13:00:00,102,59,43,F1052
570,F105 (vlak overr brug over kanaal),2023-06-05,14:00:00,108,56,52,F1052
570,F105 (vlak overr brug over kanaal),2023-06-05,15:00:00,158,77,81,F1052
570,F105 (vlak overr brug over kanaal),2023-06-05,16:00:00,171,67,104,F1052
570,F105 (vlak overr brug over kanaal),2023-06-05,17:00:00,126,72,54,F1052
570,F105 (vlak overr brug over kanaal),2023-06-05,18:00:00,76,40,36,F1052
570,F105 (vlak overr brug over kanaal),2023-06-05,19:00:00,54,29,25,F1052
570,F105 (vlak overr brug over kanaal),2023-06-05,20:00:00,30,15,15,F1052
570,F105 (vlak overr brug over kanaal),2023-06-05,21:00:00,19,7,12,F1052
570,F105 (vlak overr brug over kanaal),2023-06-05,22:00:00,25,8,17,F1052
570,F105 (vlak overr brug over kanaal),2023-06-05,23:00:00,5,0,5,F1052
570,F105 (vlak overr brug over kanaal),2023-06-06,00:00:00,0,0,0,F1052
570,F105 (vlak overr brug over kanaal),2023-06-06,01:00:00,1,0,1,F1052
570,F105 (vlak overr brug over kanaal),2023-06-06,02:00:00,0,0,0,F1052
570,F105 (vlak overr brug over kanaal),2023-06-06,03:00:00,0,0,0,F1052
570,F105 (vlak overr brug over kanaal),2023-06-06,04:00:00,5,3,2,F1052
570,F105 (vlak overr brug over kanaal),2023-06-06,05:00:00,22,8,14,F1052
570,F105 (vlak overr brug over kanaal),2023-06-06,06:00:00,63,33,30,F1052
570,F105 (vlak overr brug over kanaal),2023-06-06,07:00:00,127,86,41,F1052
570,F105 (vlak overr brug over kanaal),2023-06-06,08:00:00,136,99,37,F1052
570,F105 (vlak overr brug over kanaal),2023-06-06,09:00:00,37,22,15,F1052
570,F105 (vlak overr brug over kanaal),2023-06-06,10:00:00,40,24,16,F1052
570,F105 (vlak overr brug over kanaal),2023-06-06,11:00:00,40,20,20,F1052
570,F105 (vlak overr brug over kanaal),2023-06-06,12:00:00,79,41,38,F1052
570,F105 (vlak overr brug over kanaal),2023-06-06,13:00:00,134,87,47,F1052
570,F105 (vlak overr brug over kanaal),2023-06-06,14:00:00,164,82,82,F1052
570,F105 (vlak overr brug over kanaal),2023-06-06,15:00:00,178,86,92,F1052
570,F105 (vlak overr brug over kanaal),2023-06-06,16:00:00,239,116,123,F1052
570,F105 (vlak overr brug over kanaal),2023-06-06,17:00:00,157,83,74,F1052
570,F105 (vlak overr brug over kanaal),2023-06-06,18:00:00,81,38,43,F1052
570,F105 (vlak overr brug over kanaal),2023-06-06,19:00:00,48,26,22,F1052
570,F105 (vlak overr brug over kanaal),2023-06-06,20:00:00,53,32,21,F1052
570,F105 (vlak overr brug over kanaal),2023-06-06,21:00:00,26,9,17,F1052
570,F105 (vlak overr brug over kanaal),2023-06-06,22:00:00,21,9,12,F1052
570,F105 (vlak overr brug over kanaal),2023-06-06,23:00:00,6,2,4,F1052
570,F105 (vlak overr brug over kanaal),2023-06-07,00:00:00,1,1,0,F1052
570,F105 (vlak overr brug over kanaal),2023-06-07,01:00:00,0,0,0,F1052
570,F105 (vlak overr brug over kanaal),2023-06-07,02:00:00,0,0,0,F1052
570,F105 (vlak overr brug over kanaal),2023-06-07,03:00:00,0,0,0,F1052
570,F105 (vlak overr brug over kanaal),2023-06-07,04:00:00,5,2,3,F1052
570,F105 (vlak overr brug over kanaal),2023-06-07,05:00:00,33,18,15,F1052
570,F105 (vlak overr brug over kanaal),2023-06-07,06:00:00,48,29,19,F1052
570,F105 (vlak overr brug over kanaal),2023-06-07,07:00:00,131,80,51,F1052
570,F105 (vlak overr brug over kanaal),2023-06-07,08:00:00,112,87,25,F1052
570,F105 (vlak overr brug over kanaal),2023-06-07,09:00:00,34,22,12,F1052
570,F105 (vlak overr brug over kanaal),2023-06-07,10:00:00,37,17,20,F1052
570,F105 (vlak overr brug over kanaal),2023-06-07,11:00:00,50,25,25,F1052
570,F105 (vlak overr brug over kanaal),2023-06-07,12:00:00,128,40,88,F1052
570,F105 (vlak overr brug over kanaal),2023-06-07,13:00:00,119,63,56,F1052
570,F105 (vlak overr brug over kanaal),2023-06-07,14:00:00,73,46,27,F1052
570,F105 (vlak overr brug over kanaal),2023-06-07,15:00:00,83,49,34,F1052
570,F105 (vlak overr brug over kanaal),2023-06-07,16:00:00,101,42,59,F1052
570,F105 (vlak overr brug over kanaal),2023-06-07,17:00:00,107,49,58,F1052
570,F105 (vlak overr brug over kanaal),2023-06-07,18:00:00,64,23,41,F1052
570,F105 (vlak overr brug over kanaal),2023-06-07,19:00:00,42,19,23,F1052
570,F105 (vlak overr brug over kanaal),2023-06-07,20:00:00,51,17,34,F1052
570,F105 (vlak overr brug over kanaal),2023-06-07,21:00:00,28,9,19,F1052
570,F105 (vlak overr brug over kanaal),2023-06-07,22:00:00,21,8,13,F1052
570,F105 (vlak overr brug over kanaal),2023-06-07,23:00:00,4,0,4,F1052
570,F105 (vlak overr brug over kanaal),2023-06-08,00:00:00,1,0,1,F1052
570,F105 (vlak overr brug over kanaal),2023-06-08,01:00:00,1,0,1,F1052
570,F105 (vlak overr brug over kanaal),2023-06-08,02:00:00,0,0,0,F1052
570,F105 (vlak overr brug over kanaal),2023-06-08,03:00:00,0,0,0,F1052
570,F105 (vlak overr brug over kanaal),2023-06-08,04:00:00,6,2,4,F1052
570,F105 (vlak overr brug over kanaal),2023-06-08,05:00:00,22,9,13,F1052
570,F105 (vlak overr brug over kanaal),2023-06-08,06:00:00,60,34,26,F1052
570,F105 (vlak overr brug over kanaal),2023-06-08,07:00:00,117,73,44,F1052
570,F105 (vlak overr brug over kanaal),2023-06-08,08:00:00,116,77,39,F1052
570,F105 (vlak overr brug over kanaal),2023-06-08,09:00:00,46,29,17,F1052
570,F105 (vlak overr brug over kanaal),2023-06-08,10:00:00,58,27,31,F1052
570,F105 (vlak overr brug over kanaal),2023-06-08,11:00:00,54,30,24,F1052
570,F105 (vlak overr brug over kanaal),2023-06-08,12:00:00,82,34,48,F1052
570,F105 (vlak overr brug over kanaal),2023-06-08,13:00:00,114,60,54,F1052
570,F105 (vlak overr brug over kanaal),2023-06-08,14:00:00,164,90,74,F1052
570,F105 (vlak overr brug over kanaal),2023-06-08,15:00:00,178,96,82,F1052
570,F105 (vlak overr brug over kanaal),2023-06-08,16:00:00,175,78,97,F1052
570,F105 (vlak overr brug over kanaal),2023-06-08,17:00:00,147,82,65,F1052
570,F105 (vlak overr brug over kanaal),2023-06-08,18:00:00,74,35,39,F1052
570,F105 (vlak overr brug over kanaal),2023-06-08,19:00:00,48,29,19,F1052
570,F105 (vlak overr brug over kanaal),2023-06-08,20:00:00,47,22,25,F1052
570,F105 (vlak overr brug over kanaal),2023-06-08,21:00:00,30,14,16,F1052
570,F105 (vlak overr brug over kanaal),2023-06-08,22:00:00,21,16,5,F1052
570,F105 (vlak overr brug over kanaal),2023-06-08,23:00:00,4,1,3,F1052
570,F105 (vlak overr brug over kanaal),2023-06-09,00:00:00,4,1,3,F1052
570,F105 (vlak overr brug over kanaal),2023-06-09,01:00:00,1,0,1,F1052
570,F105 (vlak overr brug over kanaal),2023-06-09,02:00:00,0,0,0,F1052
570,F105 (vlak overr brug over kanaal),2023-06-09,03:00:00,0,0,0,F1052
570,F105 (vlak overr brug over kanaal),2023-06-09,04:00:00,5,2,3,F1052
570,F105 (vlak overr brug over kanaal),2023-06-09,05:00:00,17,4,13,F1052
570,F105 (vlak overr brug over kanaal),2023-06-09,06:00:00,50,26,24,F1052
570,F105 (vlak overr brug over kanaal),2023-06-09,07:00:00,112,79,33,F1052
570,F105 (vlak overr brug over kanaal),2023-06-09,08:00:00,120,87,33,F1052
570,F105 (vlak overr brug over kanaal),2023-06-09,09:00:00,95,69,26,F1052
570,F105 (vlak overr brug over kanaal),2023-06-09,10:00:00,76,45,31,F1052
570,F105 (vlak overr brug over kanaal),2023-06-09,11:00:00,133,67,66,F1052
570,F105 (vlak overr brug over kanaal),2023-06-09,12:00:00,93,36,57,F1052
570,F105 (vlak overr brug over kanaal),2023-06-09,13:00:00,127,72,55,F1052
570,F105 (vlak overr brug over kanaal),2023-06-09,14:00:00,140,79,61,F1052
570,F105 (vlak overr brug over kanaal),2023-06-09,15:00:00,159,69,90,F1052
570,F105 (vlak overr brug over kanaal),2023-06-09,16:00:00,171,76,95,F1052
570,F105 (vlak overr brug over kanaal),2023-06-09,17:00:00,104,65,39,F1052
570,F105 (vlak overr brug over kanaal),2023-06-09,18:00:00,71,37,34,F1052
570,F105 (vlak overr brug over kanaal),2023-06-09,19:00:00,42,22,20,F1052
570,F105 (vlak overr brug over kanaal),2023-06-09,20:00:00,47,25,22,F1052
570,F105 (vlak overr brug over kanaal),2023-06-09,21:00:00,35,18,17,F1052
570,F105 (vlak overr brug over kanaal),2023-06-09,22:00:00,23,16,7,F1052
570,F105 (vlak overr brug over kanaal),2023-06-09,23:00:00,18,13,5,F1052
570,F105 (vlak overr brug over kanaal),2023-06-10,00:00:00,5,2,3,F1052
570,F105 (vlak overr brug over kanaal),2023-06-10,01:00:00,6,1,5,F1052
570,F105 (vlak overr brug over kanaal),2023-06-10,02:00:00,2,0,2,F1052
570,F105 (vlak overr brug over kanaal),2023-06-10,03:00:00,2,0,2,F1052
570,F105 (vlak overr brug over kanaal),2023-06-10,04:00:00,2,1,1,F1052
570,F105 (vlak overr brug over kanaal),2023-06-10,05:00:00,5,2,3,F1052
570,F105 (vlak overr brug over kanaal),2023-06-10,06:00:00,15,10,5,F1052
570,F105 (vlak overr brug over kanaal),2023-06-10,07:00:00,18,16,2,F1052
570,F105 (vlak overr brug over kanaal),2023-06-10,08:00:00,41,23,18,F1052
570,F105 (vlak overr brug over kanaal),2023-06-10,09:00:00,35,17,18,F1052
570,F105 (vlak overr brug over kanaal),2023-06-10,10:00:00,74,55,19,F1052
570,F105 (vlak overr brug over kanaal),2023-06-10,11:00:00,83,40,43,F1052
570,F105 (vlak overr brug over kanaal),2023-06-10,12:00:00,58,37,21,F1052
570,F105 (vlak overr brug over kanaal),2023-06-10,13:00:00,94,50,44,F1052
570,F105 (vlak overr brug over kanaal),2023-06-10,14:00:00,84,40,44,F1052
570,F105 (vlak overr brug over kanaal),2023-06-10,15:00:00,87,62,25,F1052
570,F105 (vlak overr brug over kanaal),2023-06-10,16:00:00,55,27,28,F1052
570,F105 (vlak overr brug over kanaal),2023-06-10,17:00:00,56,33,23,F1052
570,F105 (vlak overr brug over kanaal),2023-06-10,18:00:00,65,44,21,F1052
570,F105 (vlak overr brug over kanaal),2023-06-10,19:00:00,58,35,23,F1052
570,F105 (vlak overr brug over kanaal),2023-06-10,20:00:00,46,22,24,F1052
570,F105 (vlak overr brug over kanaal),2023-06-10,21:00:00,54,31,23,F1052
570,F105 (vlak overr brug over kanaal),2023-06-10,22:00:00,25,9,16,F1052
570,F105 (vlak overr brug over kanaal),2023-06-10,23:00:00,9,5,4,F1052
570,F105 (vlak overr brug over kanaal),2023-06-11,00:00:00,15,1,14,F1052
570,F105 (vlak overr brug over kanaal),2023-06-11,01:00:00,7,2,5,F1052
570,F105 (vlak overr brug over kanaal),2023-06-11,02:00:00,5,2,3,F1052
570,F105 (vlak overr brug over kanaal),2023-06-11,03:00:00,1,0,1,F1052
570,F105 (vlak overr brug over kanaal),2023-06-11,04:00:00,1,1,0,F1052
570,F105 (vlak overr brug over kanaal),2023-06-11,05:00:00,8,3,5,F1052
570,F105 (vlak overr brug over kanaal),2023-06-11,06:00:00,9,9,0,F1052
570,F105 (vlak overr brug over kanaal),2023-06-11,07:00:00,16,8,8,F1052
570,F105 (vlak overr brug over kanaal),2023-06-11,08:00:00,61,35,26,F1052
570,F105 (vlak overr brug over kanaal),2023-06-11,09:00:00,118,58,60,F1052
570,F105 (vlak overr brug over kanaal),2023-06-11,10:00:00,109,51,58,F1052
570,F105 (vlak overr brug over kanaal),2023-06-11,11:00:00,91,47,44,F1052
570,F105 (vlak overr brug over kanaal),2023-06-11,12:00:00,91,46,45,F1052
570,F105 (vlak overr brug over kanaal),2023-06-11,13:00:00,64,41,23,F1052
570,F105 (vlak overr brug over kanaal),2023-06-11,14:00:00,85,61,24,F1052
570,F105 (vlak overr brug over kanaal),2023-06-11,15:00:00,65,44,21,F1052
570,F105 (vlak overr brug over kanaal),2023-06-11,16:00:00,44,25,19,F1052
570,F105 (vlak overr brug over kanaal),2023-06-11,17:00:00,81,53,28,F1052
570,F105 (vlak overr brug over kanaal),2023-06-11,18:00:00,63,27,36,F1052
570,F105 (vlak overr brug over kanaal),2023-06-11,19:00:00,42,23,19,F1052
570,F105 (vlak overr brug over kanaal),2023-06-11,20:00:00,56,37,19,F1052
570,F105 (vlak overr brug over kanaal),2023-06-11,21:00:00,27,14,13,F1052
570,F105 (vlak overr brug over kanaal),2023-06-11,22:00:00,25,15,10,F1052
570,F105 (vlak overr brug over kanaal),2023-06-11,23:00:00,1,0,1,F1052
570,F105 (vlak overr brug over kanaal),2023-06-12,00:00:00,1,0,1,F1052
570,F105 (vlak overr brug over kanaal),2023-06-12,01:00:00,2,1,1,F1052
570,F105 (vlak overr brug over kanaal),2023-06-12,02:00:00,0,0,0,F1052
570,F105 (vlak overr brug over kanaal),2023-06-12,03:00:00,1,0,1,F1052
570,F105 (vlak overr brug over kanaal),2023-06-12,04:00:00,10,7,3,F1052
570,F105 (vlak overr brug over kanaal),2023-06-12,05:00:00,25,12,13,F1052
570,F105 (vlak overr brug over kanaal),2023-06-12,06:00:00,43,25,18,F1052
570,F105 (vlak overr brug over kanaal),2023-06-12,07:00:00,132,91,41,F1052
570,F105 (vlak overr brug over kanaal),2023-06-12,08:00:00,126,84,42,F1052
570,F105 (vlak overr brug over kanaal),2023-06-12,09:00:00,55,28,27,F1052
570,F105 (vlak overr brug over kanaal),2023-06-12,10:00:00,47,26,21,F1052
570,F105 (vlak overr brug over kanaal),2023-06-12,11:00:00,58,36,22,F1052
570,F105 (vlak overr brug over kanaal),2023-06-12,12:00:00,71,36,35,F1052
570,F105 (vlak overr brug over kanaal),2023-06-12,13:00:00,70,40,30,F1052
570,F105 (vlak overr brug over kanaal),2023-06-12,14:00:00,86,43,43,F1052
570,F105 (vlak overr brug over kanaal),2023-06-12,15:00:00,118,64,54,F1052
570,F105 (vlak overr brug over kanaal),2023-06-12,16:00:00,166,68,98,F1052
570,F105 (vlak overr brug over kanaal),2023-06-12,17:00:00,123,78,45,F1052
570,F105 (vlak overr brug over kanaal),2023-06-12,18:00:00,78,46,32,F1052
570,F105 (vlak overr brug over kanaal),2023-06-12,19:00:00,52,30,22,F1052
570,F105 (vlak overr brug over kanaal),2023-06-12,20:00:00,56,31,25,F1052
570,F105 (vlak overr brug over kanaal),2023-06-12,21:00:00,34,17,17,F1052
570,F105 (vlak overr brug over kanaal),2023-06-12,22:00:00,29,18,11,F1052
570,F105 (vlak overr brug over kanaal),2023-06-12,23:00:00,6,2,4,F1052
570,F105 (vlak overr brug over kanaal),2023-06-13,00:00:00,0,0,0,F1052
570,F105 (vlak overr brug over kanaal),2023-06-13,01:00:00,0,0,0,F1052
570,F105 (vlak overr brug over kanaal),2023-06-13,02:00:00,0,0,0,F1052
570,F105 (vlak overr brug over kanaal),2023-06-13,03:00:00,0,0,0,F1052
570,F105 (vlak overr brug over kanaal),2023-06-13,04:00:00,8,4,4,F1052
570,F105 (vlak overr brug over kanaal),2023-06-13,05:00:00,31,15,16,F1052
570,F105 (vlak overr brug over kanaal),2023-06-13,06:00:00,54,27,27,F1052
570,F105 (vlak overr brug over kanaal),2023-06-13,07:00:00,148,94,54,F1052
570,F105 (vlak overr brug over kanaal),2023-06-13,08:00:00,132,93,39,F1052
570,F105 (vlak overr brug over kanaal),2023-06-13,09:00:00,52,30,22,F1052
570,F105 (vlak overr brug over kanaal),2023-06-13,10:00:00,88,39,49,F1052
570,F105 (vlak overr brug over kanaal),2023-06-13,11:00:00,54,28,26,F1052
570,F105 (vlak overr brug over kanaal),2023-06-13,12:00:00,101,47,54,F1052
570,F105 (vlak overr brug over kanaal),2023-06-13,13:00:00,107,58,49,F1052
570,F105 (vlak overr brug over kanaal),2023-06-13,14:00:00,101,70,31,F1052
570,F105 (vlak overr brug over kanaal),2023-06-13,15:00:00,137,78,59,F1052
570,F105 (vlak overr brug over kanaal),2023-06-13,16:00:00,199,102,97,F1052
570,F105 (vlak overr brug over kanaal),2023-06-13,17:00:00,135,72,63,F1052
570,F105 (vlak overr brug over kanaal),2023-06-13,18:00:00,102,66,36,F1052
570,F105 (vlak overr brug over kanaal),2023-06-13,19:00:00,101,57,44,F1052
570,F105 (vlak overr brug over kanaal),2023-06-13,20:00:00,65,34,31,F1052
570,F105 (vlak overr brug over kanaal),2023-06-13,21:00:00,57,25,32,F1052
570,F105 (vlak overr brug over kanaal),2023-06-13,22:00:00,27,19,8,F1052
570,F105 (vlak overr brug over kanaal),2023-06-13,23:00:00,4,1,3,F1052
570,F105 (vlak overr brug over kanaal),2023-06-14,00:00:00,3,3,0,F1052
570,F105 (vlak overr brug over kanaal),2023-06-14,01:00:00,3,1,2,F1052
570,F105 (vlak overr brug over kanaal),2023-06-14,02:00:00,0,0,0,F1052
570,F105 (vlak overr brug over kanaal),2023-06-14,03:00:00,0,0,0,F1052
570,F105 (vlak overr brug over kanaal),2023-06-14,04:00:00,7,5,2,F1052
570,F105 (vlak overr brug over kanaal),2023-06-14,05:00:00,20,9,11,F1052
570,F105 (vlak overr brug over kanaal),2023-06-14,06:00:00,43,21,22,F1052
570,F105 (vlak overr brug over kanaal),2023-06-14,07:00:00,123,80,43,F1052
570,F105 (vlak overr brug over kanaal),2023-06-14,08:00:00,122,90,32,F1052
570,F105 (vlak overr brug over kanaal),2023-06-14,09:00:00,64,44,20,F1052
570,F105 (vlak overr brug over kanaal),2023-06-14,10:00:00,80,34,46,F1052
570,F105 (vlak overr brug over kanaal),2023-06-14,11:00:00,77,29,48,F1052
570,F105 (vlak overr brug over kanaal),2023-06-14,12:00:00,106,51,55,F1052
570,F105 (vlak overr brug over kanaal),2023-06-14,13:00:00,109,55,54,F1052
570,F105 (vlak overr brug over kanaal),2023-06-14,14:00:00,109,59,50,F1052
570,F105 (vlak overr brug over kanaal),2023-06-14,15:00:00,116,80,36,F1052
570,F105 (vlak overr brug over kanaal),2023-06-14,16:00:00,152,80,72,F1052
570,F105 (vlak overr brug over kanaal),2023-06-14,17:00:00,119,71,48,F1052
570,F105 (vlak overr brug over kanaal),2023-06-14,18:00:00,99,53,46,F1052
570,F105 (vlak overr brug over kanaal),2023-06-14,19:00:00,84,56,28,F1052
570,F105 (vlak overr brug over kanaal),2023-06-14,20:00:00,56,22,34,F1052
570,F105 (vlak overr brug over kanaal),2023-06-14,21:00:00,53,27,26,F1052
570,F105 (vlak overr brug over kanaal),2023-06-14,22:00:00,33,21,12,F1052
570,F105 (vlak overr brug over kanaal),2023-06-14,23:00:00,1,1,0,F1052
570,F105 (vlak overr brug over kanaal),2023-06-15,00:00:00,1,1,0,F1052
570,F105 (vlak overr brug over kanaal),2023-06-15,01:00:00,1,1,0,F1052
570,F105 (vlak overr brug over kanaal),2023-06-15,02:00:00,0,0,0,F1052
570,F105 (vlak overr brug over kanaal),2023-06-15,03:00:00,0,0,0,F1052
570,F105 (vlak overr brug over kanaal),2023-06-15,04:00:00,7,4,3,F1052
570,F105 (vlak overr brug over kanaal),2023-06-15,05:00:00,21,10,11,F1052
570,F105 (vlak overr brug over kanaal),2023-06-15,06:00:00,62,29,33,F1052
570,F105 (vlak overr brug over kanaal),2023-06-15,07:00:00,128,88,40,F1052
570,F105 (vlak overr brug over kanaal),2023-06-15,08:00:00,119,86,33,F1052
570,F105 (vlak overr brug over kanaal),2023-06-15,09:00:00,63,44,19,F1052
570,F105 (vlak overr brug over kanaal),2023-06-15,10:00:00,102,46,56,F1052
570,F105 (vlak overr brug over kanaal),2023-06-15,11:00:00,60,29,31,F1052
570,F105 (vlak overr brug over kanaal),2023-06-15,12:00:00,87,40,47,F1052
570,F105 (vlak overr brug over kanaal),2023-06-15,13:00:00,130,58,72,F1052
570,F105 (vlak overr brug over kanaal),2023-06-15,14:00:00,147,79,68,F1052
570,F105 (vlak overr brug over kanaal),2023-06-15,15:00:00,132,76,56,F1052
570,F105 (vlak overr brug over kanaal),2023-06-15,16:00:00,169,74,95,F1052
570,F105 (vlak overr brug over kanaal),2023-06-15,17:00:00,136,88,48,F1052
570,F105 (vlak overr brug over kanaal),2023-06-15,18:00:00,90,42,48,F1052
570,F105 (vlak overr brug over kanaal),2023-06-15,19:00:00,37,16,21,F1052
570,F105 (vlak overr brug over kanaal),2023-06-15,20:00:00,36,19,17,F1052
570,F105 (vlak overr brug over kanaal),2023-06-15,21:00:00,35,15,20,F1052
570,F105 (vlak overr brug over kanaal),2023-06-15,22:00:00,35,22,13,F1052
570,F105 (vlak overr brug over kanaal),2023-06-15,23:00:00,7,4,3,F1052
570,F105 (vlak overr brug over kanaal),2023-06-16,00:00:00,3,3,0,F1052
570,F105 (vlak overr brug over kanaal),2023-06-16,01:00:00,2,2,0,F1052
570,F105 (vlak overr brug over kanaal),2023-06-16,02:00:00,1,0,1,F1052
570,F105 (vlak overr brug over kanaal),2023-06-16,03:00:00,1,0,1,F1052
570,F105 (vlak overr brug over kanaal),2023-06-16,04:00:00,6,3,3,F1052
570,F105 (vlak overr brug over kanaal),2023-06-16,05:00:00,17,6,11,F1052
570,F105 (vlak overr brug over kanaal),2023-06-16,06:00:00,34,15,19,F1052
570,F105 (vlak overr brug over kanaal),2023-06-16,07:00:00,103,71,32,F1052
570,F105 (vlak overr brug over kanaal),2023-06-16,08:00:00,130,100,30,F1052
570,F105 (vlak overr brug over kanaal),2023-06-16,09:00:00,85,56,29,F1052
570,F105 (vlak overr brug over kanaal),2023-06-16,10:00:00,99,52,47,F1052
570,F105 (vlak overr brug over kanaal),2023-06-16,11:00:00,130,54,76,F1052
570,F105 (vlak overr brug over kanaal),2023-06-16,12:00:00,158,95,63,F1052
570,F105 (vlak overr brug over kanaal),2023-06-16,13:00:00,109,66,43,F1052
570,F105 (vlak overr brug over kanaal),2023-06-16,14:00:00,110,63,47,F1052
570,F105 (vlak overr brug over kanaal),2023-06-16,15:00:00,202,94,108,F1052
570,F105 (vlak overr brug over kanaal),2023-06-16,16:00:00,155,67,88,F1052
570,F105 (vlak overr brug over kanaal),2023-06-16,17:00:00,102,64,38,F1052
570,F105 (vlak overr brug over kanaal),2023-06-16,18:00:00,88,55,33,F1052
570,F105 (vlak overr brug over kanaal),2023-06-16,19:00:00,81,38,43,F1052
570,F105 (vlak overr brug over kanaal),2023-06-16,20:00:00,66,38,28,F1052
570,F105 (vlak overr brug over kanaal),2023-06-16,21:00:00,45,18,27,F1052
570,F105 (vlak overr brug over kanaal),2023-06-16,22:00:00,31,13,18,F1052
570,F105 (vlak overr brug over kanaal),2023-06-16,23:00:00,17,7,10,F1052
570,F105 (vlak overr brug over kanaal),2023-06-17,00:00:00,6,3,3,F1052
570,F105 (vlak overr brug over kanaal),2023-06-17,01:00:00,2,1,1,F1052
570,F105 (vlak overr brug over kanaal),2023-06-17,02:00:00,4,3,1,F1052
570,F105 (vlak overr brug over kanaal),2023-06-17,03:00:00,1,0,1,F1052
570,F105 (vlak overr brug over kanaal),2023-06-17,04:00:00,0,0,0,F1052
570,F105 (vlak overr brug over kanaal),2023-06-17,05:00:00,5,1,4,F1052
570,F105 (vlak overr brug over kanaal),2023-06-17,06:00:00,13,7,6,F1052
570,F105 (vlak overr brug over kanaal),2023-06-17,07:00:00,12,5,7,F1052
570,F105 (vlak overr brug over kanaal),2023-06-17,08:00:00,23,16,7,F1052
570,F105 (vlak overr brug over kanaal),2023-06-17,09:00:00,45,29,16,F1052
570,F105 (vlak overr brug over kanaal),2023-06-17,10:00:00,66,25,41,F1052
570,F105 (vlak overr brug over kanaal),2023-06-17,11:00:00,69,29,40,F1052
570,F105 (vlak overr brug over kanaal),2023-06-17,12:00:00,57,35,22,F1052
570,F105 (vlak overr brug over kanaal),2023-06-17,13:00:00,103,63,40,F1052
570,F105 (vlak overr brug over kanaal),2023-06-17,14:00:00,116,81,35,F1052
570,F105 (vlak overr brug over kanaal),2023-06-17,15:00:00,108,68,40,F1052
570,F105 (vlak overr brug over kanaal),2023-06-17,16:00:00,64,44,20,F1052
570,F105 (vlak overr brug over kanaal),2023-06-17,17:00:00,68,32,36,F1052
570,F105 (vlak overr brug over kanaal),2023-06-17,18:00:00,44,20,24,F1052
570,F105 (vlak overr brug over kanaal),2023-06-17,19:00:00,62,30,32,F1052
570,F105 (vlak overr brug over kanaal),2023-06-17,20:00:00,35,19,16,F1052
570,F105 (vlak overr brug over kanaal),2023-06-17,21:00:00,30,15,15,F1052
570,F105 (vlak overr brug over kanaal),2023-06-17,22:00:00,29,9,20,F1052
570,F105 (vlak overr brug over kanaal),2023-06-17,23:00:00,14,9,5,F1052
570,F105 (vlak overr brug over kanaal),2023-06-18,00:00:00,12,4,8,F1052
570,F105 (vlak overr brug over kanaal),2023-06-18,01:00:00,7,3,4,F1052
570,F105 (vlak overr brug over kanaal),2023-06-18,02:00:00,5,5,0,F1052
570,F105 (vlak overr brug over kanaal),2023-06-18,03:00:00,2,0,2,F1052
570,F105 (vlak overr brug over kanaal),2023-06-18,04:00:00,1,1,0,F1052
570,F105 (vlak overr brug over kanaal),2023-06-18,05:00:00,3,1,2,F1052
570,F105 (vlak overr brug over kanaal),2023-06-18,06:00:00,8,4,4,F1052
570,F105 (vlak overr brug over kanaal),2023-06-18,07:00:00,16,11,5,F1052
570,F105 (vlak overr brug over kanaal),2023-06-18,08:00:00,30,17,13,F1052
570,F105 (vlak overr brug over kanaal),2023-06-18,09:00:00,57,32,25,F1052
570,F105 (vlak overr brug over kanaal),2023-06-18,10:00:00,39,18,21,F1052
570,F105 (vlak overr brug over kanaal),2023-06-18,11:00:00,29,15,14,F1052
570,F105 (vlak overr brug over kanaal),2023-06-18,12:00:00,17,8,9,F1052
570,F105 (vlak overr brug over kanaal),2023-06-18,13:00:00,23,12,11,F1052
570,F105 (vlak overr brug over kanaal),2023-06-18,14:00:00,49,30,19,F1052
570,F105 (vlak overr brug over kanaal),2023-06-18,15:00:00,51,20,31,F1052
570,F105 (vlak overr brug over kanaal),2023-06-18,16:00:00,55,32,23,F1052
570,F105 (vlak overr brug over kanaal),2023-06-18,17:00:00,42,27,15,F1052
570,F105 (vlak overr brug over kanaal),2023-06-18,18:00:00,16,7,9,F1052
570,F105 (vlak overr brug over kanaal),2023-06-18,19:00:00,34,12,22,F1052
570,F105 (vlak overr brug over kanaal),2023-06-18,20:00:00,22,13,9,F1052
570,F105 (vlak overr brug over kanaal),2023-06-18,21:00:00,23,12,11,F1052
570,F105 (vlak overr brug over kanaal),2023-06-18,22:00:00,5,3,2,F1052
570,F105 (vlak overr brug over kanaal),2023-06-18,23:00:00,4,1,3,F1052
570,F105 (vlak overr brug over kanaal),2023-06-19,00:00:00,0,0,0,F1052
570,F105 (vlak overr brug over kanaal),2023-06-19,01:00:00,0,0,0,F1052
570,F105 (vlak overr brug over kanaal),2023-06-19,02:00:00,0,0,0,F1052
570,F105 (vlak overr brug over kanaal),2023-06-19,03:00:00,0,0,0,F1052
570,F105 (vlak overr brug over kanaal),2023-06-19,04:00:00,8,4,4,F1052
570,F105 (vlak overr brug over kanaal),2023-06-19,05:00:00,19,7,12,F1052
570,F105 (vlak overr brug over kanaal),2023-06-19,06:00:00,40,21,19,F1052
570,F105 (vlak overr brug over kanaal),2023-06-19,07:00:00,108,73,35,F1052
570,F105 (vlak overr brug over kanaal),2023-06-19,08:00:00,111,74,37,F1052
570,F105 (vlak overr brug over kanaal),2023-06-19,09:00:00,59,36,23,F1052
570,F105 (vlak overr brug over kanaal),2023-06-19,10:00:00,53,23,30,F1052
570,F105 (vlak overr brug over kanaal),2023-06-19,11:00:00,60,31,29,F1052
570,F105 (vlak overr brug over kanaal),2023-06-19,12:00:00,75,29,46,F1052
570,F105 (vlak overr brug over kanaal),2023-06-19,13:00:00,123,73,50,F1052
570,F105 (vlak overr brug over kanaal),2023-06-19,14:00:00,119,79,40,F1052
570,F105 (vlak overr brug over kanaal),2023-06-19,15:00:00,111,76,35,F1052
570,F105 (vlak overr brug over kanaal),2023-06-19,16:00:00,174,108,66,F1052
570,F105 (vlak overr brug over kanaal),2023-06-19,17:00:00,121,54,67,F1052
570,F105 (vlak overr brug over kanaal),2023-06-19,18:00:00,64,40,24,F1052
570,F105 (vlak overr brug over kanaal),2023-06-19,19:00:00,60,28,32,F1052
570,F105 (vlak overr brug over kanaal),2023-06-19,20:00:00,47,23,24,F1052
570,F105 (vlak overr brug over kanaal),2023-06-19,21:00:00,39,15,24,F1052
570,F105 (vlak overr brug over kanaal),2023-06-19,22:00:00,24,11,13,F1052
570,F105 (vlak overr brug over kanaal),2023-06-19,23:00:00,2,1,1,F1052
570,F105 (vlak overr brug over kanaal),2023-06-20,00:00:00,1,0,1,F1052
570,F105 (vlak overr brug over kanaal),2023-06-20,01:00:00,0,0,0,F1052
570,F105 (vlak overr brug over kanaal),2023-06-20,02:00:00,1,1,0,F1052
570,F105 (vlak overr brug over kanaal),2023-06-20,03:00:00,1,1,0,F1052
570,F105 (vlak overr brug over kanaal),2023-06-20,04:00:00,6,3,3,F1052
570,F105 (vlak overr brug over kanaal),2023-06-20,05:00:00,26,8,18,F1052
570,F105 (vlak overr brug over kanaal),2023-06-20,06:00:00,51,25,26,F1052
570,F105 (vlak overr brug over kanaal),2023-06-20,07:00:00,110,69,41,F1052
570,F105 (vlak overr brug over kanaal),2023-06-20,08:00:00,115,77,38,F1052
570,F105 (vlak overr brug over kanaal),2023-06-20,09:00:00,62,39,23,F1052
570,F105 (vlak overr brug over kanaal),2023-06-20,10:00:00,68,25,43,F1052
570,F105 (vlak overr brug over kanaal),2023-06-20,11:00:00,69,31,38,F1052
570,F105 (vlak overr brug over kanaal),2023-06-20,12:00:00,120,65,55,F1052
570,F105 (vlak overr brug over kanaal),2023-06-20,13:00:00,96,66,30,F1052
570,F105 (vlak overr brug over kanaal),2023-06-20,14:00:00,111,66,45,F1052
570,F105 (vlak overr brug over kanaal),2023-06-20,15:00:00,116,75,41,F1052
570,F105 (vlak overr brug over kanaal),2023-06-20,16:00:00,108,49,59,F1052
570,F105 (vlak overr brug over kanaal),2023-06-20,17:00:00,56,29,27,F1052
570,F105 (vlak overr brug over kanaal),2023-06-20,18:00:00,23,8,15,F1052
570,F105 (vlak overr brug over kanaal),2023-06-20,19:00:00,19,7,12,F1052
570,F105 (vlak overr brug over kanaal),2023-06-20,20:00:00,16,7,9,F1052
570,F105 (vlak overr brug over kanaal),2023-06-20,21:00:00,5,1,4,F1052
570,F105 (vlak overr brug over kanaal),2023-06-20,22:00:00,12,7,5,F1052
570,F105 (vlak overr brug over kanaal),2023-06-20,23:00:00,3,0,3,F1052
570,F105 (vlak overr brug over kanaal),2023-06-21,00:00:00,2,0,2,F1052
570,F105 (vlak overr brug over kanaal),2023-06-21,01:00:00,1,1,0,F1052
570,F105 (vlak overr brug over kanaal),2023-06-21,02:00:00,0,0,0,F1052
570,F105 (vlak overr brug over kanaal),2023-06-21,03:00:00,0,0,0,F1052
570,F105 (vlak overr brug over kanaal),2023-06-21,04:00:00,6,3,3,F1052
570,F105 (vlak overr brug over kanaal),2023-06-21,05:00:00,32,9,23,F1052
570,F105 (vlak overr brug over kanaal),2023-06-21,06:00:00,41,20,21,F1052
570,F105 (vlak overr brug over kanaal),2023-06-21,07:00:00,106,68,38,F1052
570,F105 (vlak overr brug over kanaal),2023-06-21,08:00:00,95,76,19,F1052
570,F105 (vlak overr brug over kanaal),2023-06-21,09:00:00,68,47,21,F1052
570,F105 (vlak overr brug over kanaal),2023-06-21,10:00:00,87,36,51,F1052
570,F105 (vlak overr brug over kanaal),2023-06-21,11:00:00,66,25,41,F1052
570,F105 (vlak overr brug over kanaal),2023-06-21,12:00:00,113,52,61,F1052
570,F105 (vlak overr brug over kanaal),2023-06-21,13:00:00,136,77,59,F1052
570,F105 (vlak overr brug over kanaal),2023-06-21,14:00:00,127,81,46,F1052
570,F105 (vlak overr brug over kanaal),2023-06-21,15:00:00,122,66,56,F1052
570,F105 (vlak overr brug over kanaal),2023-06-21,16:00:00,155,93,62,F1052
570,F105 (vlak overr brug over kanaal),2023-06-21,17:00:00,127,81,46,F1052
570,F105 (vlak overr brug over kanaal),2023-06-21,18:00:00,64,46,18,F1052
570,F105 (vlak overr brug over kanaal),2023-06-21,19:00:00,77,41,36,F1052
570,F105 (vlak overr brug over kanaal),2023-06-21,20:00:00,66,32,34,F1052
570,F105 (vlak overr brug over kanaal),2023-06-21,21:00:00,48,7,41,F1052
570,F105 (vlak overr brug over kanaal),2023-06-21,22:00:00,30,16,14,F1052
570,F105 (vlak overr brug over kanaal),2023-06-21,23:00:00,5,3,2,F1052
570,F105 (vlak overr brug over kanaal),2023-06-22,00:00:00,3,3,0,F1052
570,F105 (vlak overr brug over kanaal),2023-06-22,01:00:00,1,0,1,F1052
570,F105 (vlak overr brug over kanaal),2023-06-22,02:00:00,2,0,2,F1052
570,F105 (vlak overr brug over kanaal),2023-06-22,03:00:00,0,0,0,F1052
570,F105 (vlak overr brug over kanaal),2023-06-22,04:00:00,6,3,3,F1052
570,F105 (vlak overr brug over kanaal),2023-06-22,05:00:00,15,2,13,F1052
570,F105 (vlak overr brug over kanaal),2023-06-22,06:00:00,33,18,15,F1052
570,F105 (vlak overr brug over kanaal),2023-06-22,07:00:00,70,47,23,F1052
570,F105 (vlak overr brug over kanaal),2023-06-22,08:00:00,44,32,12,F1052
570,F105 (vlak overr brug over kanaal),2023-06-22,09:00:00,31,18,13,F1052
570,F105 (vlak overr brug over kanaal),2023-06-22,10:00:00,36,7,29,F1052
570,F105 (vlak overr brug over kanaal),2023-06-22,11:00:00,18,4,14,F1052
570,F105 (vlak overr brug over kanaal),2023-06-22,12:00:00,25,14,11,F1052
570,F105 (vlak overr brug over kanaal),2023-06-22,13:00:00,19,5,14,F1052
570,F105 (vlak overr brug over kanaal),2023-06-22,14:00:00,29,17,12,F1052
570,F105 (vlak overr brug over kanaal),2023-06-22,15:00:00,21,7,14,F1052
570,F105 (vlak overr brug over kanaal),2023-06-22,16:00:00,32,15,17,F1052
570,F105 (vlak overr brug over kanaal),2023-06-22,17:00:00,27,11,16,F1052
570,F105 (vlak overr brug over kanaal),2023-06-22,18:00:00,10,2,8,F1052
570,F105 (vlak overr brug over kanaal),2023-06-22,19:00:00,4,1,3,F1052
570,F105 (vlak overr brug over kanaal),2023-06-22,20:00:00,7,5,2,F1052
570,F105 (vlak overr brug over kanaal),2023-06-22,21:00:00,4,1,3,F1052
570,F105 (vlak overr brug over kanaal),2023-06-22,22:00:00,6,5,1,F1052
570,F105 (vlak overr brug over kanaal),2023-06-22,23:00:00,1,1,0,F1052
570,F105 (vlak overr brug over kanaal),2023-06-23,00:00:00,2,0,2,F1052
570,F105 (vlak overr brug over kanaal),2023-06-23,01:00:00,0,0,0,F1052
570,F105 (vlak overr brug over kanaal),2023-06-23,02:00:00,2,2,0,F1052
570,F105 (vlak overr brug over kanaal),2023-06-23,03:00:00,0,0,0,F1052
570,F105 (vlak overr brug over kanaal),2023-06-23,04:00:00,6,2,4,F1052
570,F105 (vlak overr brug over kanaal),2023-06-23,05:00:00,16,5,11,F1052
570,F105 (vlak overr brug over kanaal),2023-06-23,06:00:00,32,17,15,F1052
570,F105 (vlak overr brug over kanaal),2023-06-23,07:00:00,105,66,39,F1052
570,F105 (vlak overr brug over kanaal),2023-06-23,08:00:00,120,88,32,F1052
570,F105 (vlak overr brug over kanaal),2023-06-23,09:00:00,76,46,30,F1052
570,F105 (vlak overr brug over kanaal),2023-06-23,10:00:00,96,46,50,F1052
570,F105 (vlak overr brug over kanaal),2023-06-23,11:00:00,85,41,44,F1052
570,F105 (vlak overr brug over kanaal),2023-06-23,12:00:00,95,46,49,F1052
570,F105 (vlak overr brug over kanaal),2023-06-23,13:00:00,121,60,61,F1052
570,F105 (vlak overr brug over kanaal),2023-06-23,14:00:00,141,72,69,F1052
570,F105 (vlak overr brug over kanaal),2023-06-23,15:00:00,146,83,63,F1052
570,F105 (vlak overr brug over kanaal),2023-06-23,16:00:00,154,85,69,F1052
570,F105 (vlak overr brug over kanaal),2023-06-23,17:00:00,107,70,37,F1052
570,F105 (vlak overr brug over kanaal),2023-06-23,18:00:00,63,38,25,F1052
570,F105 (vlak overr brug over kanaal),2023-06-23,19:00:00,62,29,33,F1052
570,F105 (vlak overr brug over kanaal),2023-06-23,20:00:00,55,22,33,F1052
570,F105 (vlak overr brug over kanaal),2023-06-23,21:00:00,30,8,22,F1052
570,F105 (vlak overr brug over kanaal),2023-06-23,22:00:00,34,15,19,F1052
570,F105 (vlak overr brug over kanaal),2023-06-23,23:00:00,12,7,5,F1052
570,F105 (vlak overr brug over kanaal),2023-06-24,00:00:00,11,5,6,F1052
570,F105 (vlak overr brug over kanaal),2023-06-24,01:00:00,3,0,3,F1052
570,F105 (vlak overr brug over kanaal),2023-06-24,02:00:00,9,2,7,F1052
570,F105 (vlak overr brug over kanaal),2023-06-24,03:00:00,5,3,2,F1052
570,F105 (vlak overr brug over kanaal),2023-06-24,04:00:00,3,3,0,F1052
570,F105 (vlak overr brug over kanaal),2023-06-24,05:00:00,3,0,3,F1052
570,F105 (vlak overr brug over kanaal),2023-06-24,06:00:00,10,8,2,F1052
570,F105 (vlak overr brug over kanaal),2023-06-24,07:00:00,21,17,4,F1052
570,F105 (vlak overr brug over kanaal),2023-06-24,08:00:00,24,18,6,F1052
570,F105 (vlak overr brug over kanaal),2023-06-24,09:00:00,51,39,12,F1052
570,F105 (vlak overr brug over kanaal),2023-06-24,10:00:00,41,17,24,F1052
570,F105 (vlak overr brug over kanaal),2023-06-24,11:00:00,67,33,34,F1052
570,F105 (vlak overr brug over kanaal),2023-06-24,12:00:00,72,46,26,F1052
570,F105 (vlak overr brug over kanaal),2023-06-24,13:00:00,120,69,51,F1052
570,F105 (vlak overr brug over kanaal),2023-06-24,14:00:00,161,96,65,F1052
570,F105 (vlak overr brug over kanaal),2023-06-24,15:00:00,87,51,36,F1052
570,F105 (vlak overr brug over kanaal),2023-06-24,16:00:00,126,71,55,F1052
570,F105 (vlak overr brug over kanaal),2023-06-24,17:00:00,71,43,28,F1052
570,F105 (vlak overr brug over kanaal),2023-06-24,18:00:00,34,20,14,F1052
570,F105 (vlak overr brug over kanaal),2023-06-24,19:00:00,59,29,30,F1052
570,F105 (vlak overr brug over kanaal),2023-06-24,20:00:00,75,36,39,F1052
570,F105 (vlak overr brug over kanaal),2023-06-24,21:00:00,56,19,37,F1052
570,F105 (vlak overr brug over kanaal),2023-06-24,22:00:00,30,19,11,F1052
570,F105 (vlak overr brug over kanaal),2023-06-24,23:00:00,35,13,22,F1052
570,F105 (vlak overr brug over kanaal),2023-06-25,00:00:00,3,1,2,F1052
570,F105 (vlak overr brug over kanaal),2023-06-25,01:00:00,8,2,6,F1052
570,F105 (vlak overr brug over kanaal),2023-06-25,02:00:00,2,0,2,F1052
570,F105 (vlak overr brug over kanaal),2023-06-25,03:00:00,1,0,1,F1052
570,F105 (vlak overr brug over kanaal),2023-06-25,04:00:00,1,0,1,F1052
570,F105 (vlak overr brug over kanaal),2023-06-25,05:00:00,4,2,2,F1052
570,F105 (vlak overr brug over kanaal),2023-06-25,06:00:00,10,9,1,F1052
570,F105 (vlak overr brug over kanaal),2023-06-25,07:00:00,17,14,3,F1052
570,F105 (vlak overr brug over kanaal),2023-06-25,08:00:00,67,49,18,F1052
570,F105 (vlak overr brug over kanaal),2023-06-25,09:00:00,93,53,40,F1052
570,F105 (vlak overr brug over kanaal),2023-06-25,10:00:00,107,51,56,F1052
570,F105 (vlak overr brug over kanaal),2023-06-25,11:00:00,111,67,44,F1052
570,F105 (vlak overr brug over kanaal),2023-06-25,12:00:00,90,54,36,F1052
570,F105 (vlak overr brug over kanaal),2023-06-25,13:00:00,104,44,60,F1052
570,F105 (vlak overr brug over kanaal),2023-06-25,14:00:00,91,54,37,F1052
570,F105 (vlak overr brug over kanaal),2023-06-25,15:00:00,118,70,48,F1052
570,F105 (vlak overr brug over kanaal),2023-06-25,16:00:00,95,61,34,F1052
570,F105 (vlak overr brug over kanaal),2023-06-25,17:00:00,47,27,20,F1052
570,F105 (vlak overr brug over kanaal),2023-06-25,18:00:00,62,35,27,F1052
570,F105 (vlak overr brug over kanaal),2023-06-25,19:00:00,60,42,18,F1052
570,F105 (vlak overr brug over kanaal),2023-06-25,20:00:00,77,47,30,F1052
570,F105 (vlak overr brug over kanaal),2023-06-25,21:00:00,41,23,18,F1052
570,F105 (vlak overr brug over kanaal),2023-06-25,22:00:00,20,9,11,F1052
570,F105 (vlak overr brug over kanaal),2023-06-25,23:00:00,5,0,5,F1052
570,F105 (vlak overr brug over kanaal),2023-06-26,00:00:00,1,1,0,F1052
570,F105 (vlak overr brug over kanaal),2023-06-26,01:00:00,0,0,0,F1052
570,F105 (vlak overr brug over kanaal),2023-06-26,02:00:00,0,0,0,F1052
570,F105 (vlak overr brug over kanaal),2023-06-26,03:00:00,0,0,0,F1052
570,F105 (vlak overr brug over kanaal),2023-06-26,04:00:00,6,4,2,F1052
570,F105 (vlak overr brug over kanaal),2023-06-26,05:00:00,24,10,14,F1052
570,F105 (vlak overr brug over kanaal),2023-06-26,06:00:00,45,24,21,F1052
570,F105 (vlak overr brug over kanaal),2023-06-26,07:00:00,80,46,34,F1052
570,F105 (vlak overr brug over kanaal),2023-06-26,08:00:00,74,42,32,F1052
570,F105 (vlak overr brug over kanaal),2023-06-26,09:00:00,49,29,20,F1052
570,F105 (vlak overr brug over kanaal),2023-06-26,10:00:00,50,22,28,F1052
570,F105 (vlak overr brug over kanaal),2023-06-26,11:00:00,48,34,14,F1052
570,F105 (vlak overr brug over kanaal),2023-06-26,12:00:00,73,38,35,F1052
570,F105 (vlak overr brug over kanaal),2023-06-26,13:00:00,90,49,41,F1052
570,F105 (vlak overr brug over kanaal),2023-06-26,14:00:00,98,60,38,F1052
570,F105 (vlak overr brug over kanaal),2023-06-26,15:00:00,89,48,41,F1052
570,F105 (vlak overr brug over kanaal),2023-06-26,16:00:00,135,56,79,F1052
570,F105 (vlak overr brug over kanaal),2023-06-26,17:00:00,105,50,55,F1052
570,F105 (vlak overr brug over kanaal),2023-06-26,18:00:00,63,37,26,F1052
570,F105 (vlak overr brug over kanaal),2023-06-26,19:00:00,55,28,27,F1052
570,F105 (vlak overr brug over kanaal),2023-06-26,20:00:00,40,17,23,F1052
570,F105 (vlak overr brug over kanaal),2023-06-26,21:00:00,25,8,17,F1052
570,F105 (vlak overr brug over kanaal),2023-06-26,22:00:00,23,15,8,F1052
570,F105 (vlak overr brug over kanaal),2023-06-26,23:00:00,11,3,8,F1052
570,F105 (vlak overr brug over kanaal),2023-06-27,00:00:00,1,1,0,F1052
570,F105 (vlak overr brug over kanaal),2023-06-27,01:00:00,0,0,0,F1052
570,F105 (vlak overr brug over kanaal),2023-06-27,02:00:00,0,0,0,F1052
570,F105 (vlak overr brug over kanaal),2023-06-27,03:00:00,0,0,0,F1052
570,F105 (vlak overr brug over kanaal),2023-06-27,04:00:00,6,3,3,F1052
570,F105 (vlak overr brug over kanaal),2023-06-27,05:00:00,19,10,9,F1052
570,F105 (vlak overr brug over kanaal),2023-06-27,06:00:00,55,30,25,F1052
570,F105 (vlak overr brug over kanaal),2023-06-27,07:00:00,102,57,45,F1052
570,F105 (vlak overr brug over kanaal),2023-06-27,08:00:00,76,44,32,F1052
570,F105 (vlak overr brug over kanaal),2023-06-27,09:00:00,48,31,17,F1052
570,F105 (vlak overr brug over kanaal),2023-06-27,10:00:00,49,24,25,F1052
570,F105 (vlak overr brug over kanaal),2023-06-27,11:00:00,51,26,25,F1052
570,F105 (vlak overr brug over kanaal),2023-06-27,12:00:00,75,44,31,F1052
570,F105 (vlak overr brug over kanaal),2023-06-27,13:00:00,114,45,69,F1052
570,F105 (vlak overr brug over kanaal),2023-06-27,14:00:00,100,55,45,F1052
570,F105 (vlak overr brug over kanaal),2023-06-27,15:00:00,102,53,49,F1052
570,F105 (vlak overr brug over kanaal),2023-06-27,16:00:00,146,62,84,F1052
570,F105 (vlak overr brug over kanaal),2023-06-27,17:00:00,99,48,51,F1052
570,F105 (vlak overr brug over kanaal),2023-06-27,18:00:00,56,36,20,F1052
570,F105 (vlak overr brug over kanaal),2023-06-27,19:00:00,29,15,14,F1052
570,F105 (vlak overr brug over kanaal),2023-06-27,20:00:00,52,24,28,F1052
570,F105 (vlak overr brug over kanaal),2023-06-27,21:00:00,31,11,20,F1052
570,F105 (vlak overr brug over kanaal),2023-06-27,22:00:00,33,17,16,F1052
570,F105 (vlak overr brug over kanaal),2023-06-27,23:00:00,10,4,6,F1052
570,F105 (vlak overr brug over kanaal),2023-06-28,00:00:00,2,2,0,F1052
570,F105 (vlak overr brug over kanaal),2023-06-28,01:00:00,1,0,1,F1052
570,F105 (vlak overr brug over kanaal),2023-06-28,02:00:00,0,0,0,F1052
570,F105 (vlak overr brug over kanaal),2023-06-28,03:00:00,1,1,0,F1052
570,F105 (vlak overr brug over kanaal),2023-06-28,04:00:00,4,2,2,F1052
570,F105 (vlak overr brug over kanaal),2023-06-28,05:00:00,18,6,12,F1052
570,F105 (vlak overr brug over kanaal),2023-06-28,06:00:00,37,25,12,F1052
570,F105 (vlak overr brug over kanaal),2023-06-28,07:00:00,75,44,31,F1052
570,F105 (vlak overr brug over kanaal),2023-06-28,08:00:00,46,24,22,F1052
570,F105 (vlak overr brug over kanaal),2023-06-28,09:00:00,39,21,18,F1052
570,F105 (vlak overr brug over kanaal),2023-06-28,10:00:00,37,20,17,F1052
570,F105 (vlak overr brug over kanaal),2023-06-28,11:00:00,43,21,22,F1052
570,F105 (vlak overr brug over kanaal),2023-06-28,12:00:00,69,38,31,F1052
570,F105 (vlak overr brug over kanaal),2023-06-28,13:00:00,122,63,59,F1052
570,F105 (vlak overr brug over kanaal),2023-06-28,14:00:00,84,50,34,F1052
570,F105 (vlak overr brug over kanaal),2023-06-28,15:00:00,119,73,46,F1052
570,F105 (vlak overr brug over kanaal),2023-06-28,16:00:00,118,58,60,F1052
570,F105 (vlak overr brug over kanaal),2023-06-28,17:00:00,88,34,54,F1052
570,F105 (vlak overr brug over kanaal),2023-06-28,18:00:00,77,46,31,F1052
570,F105 (vlak overr brug over kanaal),2023-06-28,19:00:00,47,23,24,F1052
570,F105 (vlak overr brug over kanaal),2023-06-28,20:00:00,29,8,21,F1052
570,F105 (vlak overr brug over kanaal),2023-06-28,21:00:00,34,7,27,F1052
570,F105 (vlak overr brug over kanaal),2023-06-28,22:00:00,31,18,13,F1052
570,F105 (vlak overr brug over kanaal),2023-06-28,23:00:00,8,4,4,F1052
570,F105 (vlak overr brug over kanaal),2023-06-29,00:00:00,3,1,2,F1052
570,F105 (vlak overr brug over kanaal),2023-06-29,01:00:00,1,0,1,F1052
570,F105 (vlak overr brug over kanaal),2023-06-29,02:00:00,7,0,7,F1052
570,F105 (vlak overr brug over kanaal),2023-06-29,03:00:00,6,3,3,F1052
570,F105 (vlak overr brug over kanaal),2023-06-29,04:00:00,5,3,2,F1052
570,F105 (vlak overr brug over kanaal),2023-06-29,05:00:00,19,9,10,F1052
570,F105 (vlak overr brug over kanaal),2023-06-29,06:00:00,35,16,19,F1052
570,F105 (vlak overr brug over kanaal),2023-06-29,07:00:00,73,46,27,F1052
570,F105 (vlak overr brug over kanaal),2023-06-29,08:00:00,66,34,32,F1052
570,F105 (vlak overr brug over kanaal),2023-06-29,09:00:00,53,37,16,F1052
570,F105 (vlak overr brug over kanaal),2023-06-29,10:00:00,32,21,11,F1052
570,F105 (vlak overr brug over kanaal),2023-06-29,11:00:00,36,20,16,F1052
570,F105 (vlak overr brug over kanaal),2023-06-29,12:00:00,63,24,39,F1052
570,F105 (vlak overr brug over kanaal),2023-06-29,13:00:00,94,61,33,F1052
570,F105 (vlak overr brug over kanaal),2023-06-29,14:00:00,95,47,48,F1052
570,F105 (vlak overr brug over kanaal),2023-06-29,15:00:00,84,48,36,F1052
570,F105 (vlak overr brug over kanaal),2023-06-29,16:00:00,98,43,55,F1052
570,F105 (vlak overr brug over kanaal),2023-06-29,17:00:00,59,30,29,F1052
570,F105 (vlak overr brug over kanaal),2023-06-29,18:00:00,40,20,20,F1052
570,F105 (vlak overr brug over kanaal),2023-06-29,19:00:00,23,9,14,F1052
570,F105 (vlak overr brug over kanaal),2023-06-29,20:00:00,16,6,10,F1052
570,F105 (vlak overr brug over kanaal),2023-06-29,21:00:00,22,7,15,F1052
570,F105 (vlak overr brug over kanaal),2023-06-29,22:00:00,23,11,12,F1052
570,F105 (vlak overr brug over kanaal),2023-06-29,23:00:00,6,2,4,F1052
570,F105 (vlak overr brug over kanaal),2023-06-30,00:00:00,2,0,2,F1052
570,F105 (vlak overr brug over kanaal),2023-06-30,01:00:00,2,1,1,F1052
570,F105 (vlak overr brug over kanaal),2023-06-30,02:00:00,1,0,1,F1052
570,F105 (vlak overr brug over kanaal),2023-06-30,03:00:00,0,0,0,F1052
570,F105 (vlak overr brug over kanaal),2023-06-30,04:00:00,3,2,1,F1052
570,F105 (vlak overr brug over kanaal),2023-06-30,05:00:00,13,4,9,F1052
570,F105 (vlak overr brug over kanaal),2023-06-30,06:00:00,33,22,11,F1052
570,F105 (vlak overr brug over kanaal),2023-06-30,07:00:00,64,37,27,F1052
570,F105 (vlak overr brug over kanaal),2023-06-30,08:00:00,60,36,24,F1052
570,F105 (vlak overr brug over kanaal),2023-06-30,09:00:00,72,47,25,F1052
570,F105 (vlak overr brug over kanaal),2023-06-30,10:00:00,98,55,43,F1052
570,F105 (vlak overr brug over kanaal),2023-06-30,11:00:00,75,28,47,F1052
570,F105 (vlak overr brug over kanaal),2023-06-30,12:00:00,90,35,55,F1052
570,F105 (vlak overr brug over kanaal),2023-06-30,13:00:00,101,53,48,F1052
570,F105 (vlak overr brug over kanaal),2023-06-30,14:00:00,110,65,45,F1052
570,F105 (vlak overr brug over kanaal),2023-06-30,15:00:00,118,70,48,F1052
570,F105 (vlak overr brug over kanaal),2023-06-30,16:00:00,153,60,93,F1052
570,F105 (vlak overr brug over kanaal),2023-06-30,17:00:00,106,56,50,F1052
570,F105 (vlak overr brug over kanaal),2023-06-30,18:00:00,69,37,32,F1052
570,F105 (vlak overr brug over kanaal),2023-06-30,19:00:00,35,17,18,F1052
570,F105 (vlak overr brug over kanaal),2023-06-30,20:00:00,26,15,11,F1052
570,F105 (vlak overr brug over kanaal),2023-06-30,21:00:00,30,7,23,F1052
570,F105 (vlak overr brug over kanaal),2023-06-30,22:00:00,27,10,17,F1052
570,F105 (vlak overr brug over kanaal),2023-06-30,23:00:00,11,4,7,F1052
570,F105 (vlak overr brug over kanaal),2023-07-01,00:00:00,12,6,6,F1052
570,F105 (vlak overr brug over kanaal),2023-07-01,01:00:00,9,3,6,F1052
570,F105 (vlak overr brug over kanaal),2023-07-01,02:00:00,2,1,1,F1052
570,F105 (vlak overr brug over kanaal),2023-07-01,03:00:00,1,0,1,F1052
570,F105 (vlak overr brug over kanaal),2023-07-01,04:00:00,0,0,0,F1052
570,F105 (vlak overr brug over kanaal),2023-07-01,05:00:00,3,0,3,F1052
570,F105 (vlak overr brug over kanaal),2023-07-01,06:00:00,6,5,1,F1052
570,F105 (vlak overr brug over kanaal),2023-07-01,07:00:00,3,1,2,F1052
570,F105 (vlak overr brug over kanaal),2023-07-01,08:00:00,7,3,4,F1052
570,F105 (vlak overr brug over kanaal),2023-07-01,09:00:00,2,0,2,F1052
570,F105 (vlak overr brug over kanaal),2023-07-01,10:00:00,12,7,5,F1052
570,F105 (vlak overr brug over kanaal),2023-07-01,11:00:00,10,4,6,F1052
570,F105 (vlak overr brug over kanaal),2023-07-01,12:00:00,14,10,4,F1052
570,F105 (vlak overr brug over kanaal),2023-07-01,13:00:00,19,7,12,F1052
570,F105 (vlak overr brug over kanaal),2023-07-01,14:00:00,17,11,6,F1052
570,F105 (vlak overr brug over kanaal),2023-07-01,15:00:00,14,3,11,F1052
570,F105 (vlak overr brug over kanaal),2023-07-01,16:00:00,17,13,4,F1052
570,F105 (vlak overr brug over kanaal),2023-07-01,17:00:00,11,3,8,F1052
570,F105 (vlak overr brug over kanaal),2023-07-01,18:00:00,15,8,7,F1052
570,F105 (vlak overr brug over kanaal),2023-07-01,19:00:00,22,7,15,F1052
570,F105 (vlak overr brug over kanaal),2023-07-01,20:00:00,5,1,4,F1052
570,F105 (vlak overr brug over kanaal),2023-07-01,21:00:00,11,6,5,F1052
570,F105 (vlak overr brug over kanaal),2023-07-01,22:00:00,9,7,2,F1052
570,F105 (vlak overr brug over kanaal),2023-07-01,23:00:00,5,1,4,F1052
570,F105 (vlak overr brug over kanaal),2023-07-02,00:00:00,7,4,3,F1052
570,F105 (vlak overr brug over kanaal),2023-07-02,01:00:00,3,2,1,F1052
570,F105 (vlak overr brug over kanaal),2023-07-02,02:00:00,1,1,0,F1052
570,F105 (vlak overr brug over kanaal),2023-07-02,03:00:00,1,1,0,F1052
570,F105 (vlak overr brug over kanaal),2023-07-02,04:00:00,1,1,0,F1052
570,F105 (vlak overr brug over kanaal),2023-07-02,05:00:00,3,1,2,F1052
570,F105 (vlak overr brug over kanaal),2023-07-02,06:00:00,9,6,3,F1052
570,F105 (vlak overr brug over kanaal),2023-07-02,07:00:00,10,7,3,F1052
570,F105 (vlak overr brug over kanaal),2023-07-02,08:00:00,47,27,20,F1052
570,F105 (vlak overr brug over kanaal),2023-07-02,09:00:00,76,44,32,F1052
570,F105 (vlak overr brug over kanaal),2023-07-02,10:00:00,98,64,34,F1052
570,F105 (vlak overr brug over kanaal),2023-07-02,11:00:00,70,34,36,F1052
570,F105 (vlak overr brug over kanaal),2023-07-02,12:00:00,48,19,29,F1052
570,F105 (vlak overr brug over kanaal),2023-07-02,13:00:00,80,36,44,F1052
570,F105 (vlak overr brug over kanaal),2023-07-02,14:00:00,111,72,39,F1052
570,F105 (vlak overr brug over kanaal),2023-07-02,15:00:00,88,39,49,F1052
570,F105 (vlak overr brug over kanaal),2023-07-02,16:00:00,74,41,33,F1052
570,F105 (vlak overr brug over kanaal),2023-07-02,17:00:00,55,31,24,F1052
570,F105 (vlak overr brug over kanaal),2023-07-02,18:00:00,40,28,12,F1052
570,F105 (vlak overr brug over kanaal),2023-07-02,19:00:00,16,3,13,F1052
570,F105 (vlak overr brug over kanaal),2023-07-02,20:00:00,29,7,22,F1052
570,F105 (vlak overr brug over kanaal),2023-07-02,21:00:00,16,9,7,F1052
570,F105 (vlak overr brug over kanaal),2023-07-02,22:00:00,10,5,5,F1052
570,F105 (vlak overr brug over kanaal),2023-07-02,23:00:00,3,2,1,F1052
570,F105 (vlak overr brug over kanaal),2023-07-03,00:00:00,1,0,1,F1052
570,F105 (vlak overr brug over kanaal),2023-07-03,01:00:00,1,1,0,F1052
570,F105 (vlak overr brug over kanaal),2023-07-03,02:00:00,0,0,0,F1052
570,F105 (vlak overr brug over kanaal),2023-07-03,03:00:00,2,1,1,F1052
570,F105 (vlak overr brug over kanaal),2023-07-03,04:00:00,9,4,5,F1052
570,F105 (vlak overr brug over kanaal),2023-07-03,05:00:00,19,9,10,F1052
570,F105 (vlak overr brug over kanaal),2023-07-03,06:00:00,37,17,20,F1052
570,F105 (vlak overr brug over kanaal),2023-07-03,07:00:00,65,34,31,F1052
570,F105 (vlak overr brug over kanaal),2023-07-03,08:00:00,47,32,15,F1052
570,F105 (vlak overr brug over kanaal),2023-07-03,09:00:00,35,24,11,F1052
570,F105 (vlak overr brug over kanaal),2023-07-03,10:00:00,30,12,18,F1052
570,F105 (vlak overr brug over kanaal),2023-07-03,11:00:00,32,14,18,F1052
570,F105 (vlak overr brug over kanaal),2023-07-03,12:00:00,36,21,15,F1052
570,F105 (vlak overr brug over kanaal),2023-07-03,13:00:00,62,31,31,F1052
570,F105 (vlak overr brug over kanaal),2023-07-03,14:00:00,91,43,48,F1052
570,F105 (vlak overr brug over kanaal),2023-07-03,15:00:00,59,27,32,F1052
570,F105 (vlak overr brug over kanaal),2023-07-03,16:00:00,96,43,53,F1052
570,F105 (vlak overr brug over kanaal),2023-07-03,17:00:00,75,33,42,F1052
570,F105 (vlak overr brug over kanaal),2023-07-03,18:00:00,48,28,20,F1052
570,F105 (vlak overr brug over kanaal),2023-07-03,19:00:00,28,15,13,F1052
570,F105 (vlak overr brug over kanaal),2023-07-03,20:00:00,38,17,21,F1052
570,F105 (vlak overr brug over kanaal),2023-07-03,21:00:00,17,10,7,F1052
570,F105 (vlak overr brug over kanaal),2023-07-03,22:00:00,20,12,8,F1052
570,F105 (vlak overr brug over kanaal),2023-07-03,23:00:00,10,8,2,F1052
570,F105 (vlak overr brug over kanaal),2023-07-04,00:00:00,0,0,0,F1052
570,F105 (vlak overr brug over kanaal),2023-07-04,01:00:00,1,1,0,F1052
570,F105 (vlak overr brug over kanaal),2023-07-04,02:00:00,1,0,1,F1052
570,F105 (vlak overr brug over kanaal),2023-07-04,03:00:00,2,0,2,F1052
570,F105 (vlak overr brug over kanaal),2023-07-04,04:00:00,9,5,4,F1052
570,F105 (vlak overr brug over kanaal),2023-07-04,05:00:00,23,8,15,F1052
570,F105 (vlak overr brug over kanaal),2023-07-04,06:00:00,42,20,22,F1052
570,F105 (vlak overr brug over kanaal),2023-07-04,07:00:00,75,38,37,F1052
570,F105 (vlak overr brug over kanaal),2023-07-04,08:00:00,48,31,17,F1052
570,F105 (vlak overr brug over kanaal),2023-07-04,09:00:00,22,15,7,F1052
570,F105 (vlak overr brug over kanaal),2023-07-04,10:00:00,31,16,15,F1052
570,F105 (vlak overr brug over kanaal),2023-07-04,11:00:00,35,13,22,F1052
570,F105 (vlak overr brug over kanaal),2023-07-04,12:00:00,40,18,22,F1052
570,F105 (vlak overr brug over kanaal),2023-07-04,13:00:00,88,46,42,F1052
570,F105 (vlak overr brug over kanaal),2023-07-04,14:00:00,108,70,38,F1052
570,F105 (vlak overr brug over kanaal),2023-07-04,15:00:00,109,59,50,F1052
570,F105 (vlak overr brug over kanaal),2023-07-04,16:00:00,109,51,58,F1052
570,F105 (vlak overr brug over kanaal),2023-07-04,17:00:00,85,42,43,F1052
570,F105 (vlak overr brug over kanaal),2023-07-04,18:00:00,28,14,14,F1052
570,F105 (vlak overr brug over kanaal),2023-07-04,19:00:00,23,14,9,F1052
570,F105 (vlak overr brug over kanaal),2023-07-04,20:00:00,14,8,6,F1052
570,F105 (vlak overr brug over kanaal),2023-07-04,21:00:00,10,5,5,F1052
570,F105 (vlak overr brug over kanaal),2023-07-04,22:00:00,18,8,10,F1052
570,F105 (vlak overr brug over kanaal),2023-07-04,23:00:00,2,1,1,F1052
570,F105 (vlak overr brug over kanaal),2023-07-05,00:00:00,2,1,1,F1052
570,F105 (vlak overr brug over kanaal),2023-07-05,01:00:00,1,0,1,F1052
570,F105 (vlak overr brug over kanaal),2023-07-05,02:00:00,0,0,0,F1052
570,F105 (vlak overr brug over kanaal),2023-07-05,03:00:00,0,0,0,F1052
570,F105 (vlak overr brug over kanaal),2023-07-05,04:00:00,7,4,3,F1052
570,F105 (vlak overr brug over kanaal),2023-07-05,05:00:00,16,5,11,F1052
570,F105 (vlak overr brug over kanaal),2023-07-05,06:00:00,29,14,15,F1052
570,F105 (vlak overr brug over kanaal),2023-07-05,07:00:00,42,20,22,F1052
570,F105 (vlak overr brug over kanaal),2023-07-05,08:00:00,18,13,5,F1052
570,F105 (vlak overr brug over kanaal),2023-07-05,09:00:00,15,7,8,F1052
570,F105 (vlak overr brug over kanaal),2023-07-05,10:00:00,14,5,9,F1052
570,F105 (vlak overr brug over kanaal),2023-07-05,11:00:00,14,4,10,F1052
570,F105 (vlak overr brug over kanaal),2023-07-05,12:00:00,11,6,5,F1052
570,F105 (vlak overr brug over kanaal),2023-07-05,13:00:00,45,27,18,F1052
570,F105 (vlak overr brug over kanaal),2023-07-05,14:00:00,37,25,12,F1052
570,F105 (vlak overr brug over kanaal),2023-07-05,15:00:00,47,24,23,F1052
570,F105 (vlak overr brug over kanaal),2023-07-05,16:00:00,51,25,26,F1052
570,F105 (vlak overr brug over kanaal),2023-07-05,17:00:00,35,12,23,F1052
570,F105 (vlak overr brug over kanaal),2023-07-05,18:00:00,14,5,9,F1052
570,F105 (vlak overr brug over kanaal),2023-07-05,19:00:00,11,8,3,F1052
570,F105 (vlak overr brug over kanaal),2023-07-05,20:00:00,9,5,4,F1052
570,F105 (vlak overr brug over kanaal),2023-07-05,21:00:00,14,9,5,F1052
570,F105 (vlak overr brug over kanaal),2023-07-05,22:00:00,12,9,3,F1052
570,F105 (vlak overr brug over kanaal),2023-07-05,23:00:00,1,1,0,F1052
570,F105 (vlak overr brug over kanaal),2023-07-06,00:00:00,4,1,3,F1052
570,F105 (vlak overr brug over kanaal),2023-07-06,01:00:00,0,0,0,F1052
570,F105 (vlak overr brug over kanaal),2023-07-06,02:00:00,0,0,0,F1052
570,F105 (vlak overr brug over kanaal),2023-07-06,03:00:00,0,0,0,F1052
570,F105 (vlak overr brug over kanaal),2023-07-06,04:00:00,6,3,3,F1052
570,F105 (vlak overr brug over kanaal),2023-07-06,05:00:00,20,6,14,F1052
570,F105 (vlak overr brug over kanaal),2023-07-06,06:00:00,45,23,22,F1052
570,F105 (vlak overr brug over kanaal),2023-07-06,07:00:00,60,34,26,F1052
570,F105 (vlak overr brug over kanaal),2023-07-06,08:00:00,43,26,17,F1052
570,F105 (vlak overr brug over kanaal),2023-07-06,09:00:00,36,18,18,F1052
570,F105 (vlak overr brug over kanaal),2023-07-06,10:00:00,31,13,18,F1052
570,F105 (vlak overr brug over kanaal),2023-07-06,11:00:00,39,21,18,F1052
570,F105 (vlak overr brug over kanaal),2023-07-06,12:00:00,52,29,23,F1052
570,F105 (vlak overr brug over kanaal),2023-07-06,13:00:00,122,69,53,F1052
570,F105 (vlak overr brug over kanaal),2023-07-06,14:00:00,101,49,52,F1052
570,F105 (vlak overr brug over kanaal),2023-07-06,15:00:00,74,39,35,F1052
570,F105 (vlak overr brug over kanaal),2023-07-06,16:00:00,110,52,58,F1052
570,F105 (vlak overr brug over kanaal),2023-07-06,17:00:00,74,37,37,F1052
570,F105 (vlak overr brug over kanaal),2023-07-06,18:00:00,47,24,23,F1052
570,F105 (vlak overr brug over kanaal),2023-07-06,19:00:00,47,23,24,F1052
570,F105 (vlak overr brug over kanaal),2023-07-06,20:00:00,39,16,23,F1052
570,F105 (vlak overr brug over kanaal),2023-07-06,21:00:00,29,8,21,F1052
570,F105 (vlak overr brug over kanaal),2023-07-06,22:00:00,19,10,9,F1052
570,F105 (vlak overr brug over kanaal),2023-07-06,23:00:00,3,2,1,F1052
570,F105 (vlak overr brug over kanaal),2023-07-07,00:00:00,3,1,2,F1052
570,F105 (vlak overr brug over kanaal),2023-07-07,01:00:00,0,0,0,F1052
570,F105 (vlak overr brug over kanaal),2023-07-07,02:00:00,1,1,0,F1052
570,F105 (vlak overr brug over kanaal),2023-07-07,03:00:00,0,0,0,F1052
570,F105 (vlak overr brug over kanaal),2023-07-07,04:00:00,7,3,4,F1052
570,F105 (vlak overr brug over kanaal),2023-07-07,05:00:00,14,2,12,F1052
570,F105 (vlak overr brug over kanaal),2023-07-07,06:00:00,52,32,20,F1052
570,F105 (vlak overr brug over kanaal),2023-07-07,07:00:00,53,34,19,F1052
570,F105 (vlak overr brug over kanaal),2023-07-07,08:00:00,51,34,17,F1052
570,F105 (vlak overr brug over kanaal),2023-07-07,09:00:00,77,51,26,F1052
570,F105 (vlak overr brug over kanaal),2023-07-07,10:00:00,85,48,37,F1052
570,F105 (vlak overr brug over kanaal),2023-07-07,11:00:00,95,56,39,F1052
570,F105 (vlak overr brug over kanaal),2023-07-07,12:00:00,76,35,41,F1052
570,F105 (vlak overr brug over kanaal),2023-07-07,13:00:00,112,73,39,F1052
570,F105 (vlak overr brug over kanaal),2023-07-07,14:00:00,148,83,65,F1052
570,F105 (vlak overr brug over kanaal),2023-07-07,15:00:00,123,70,53,F1052
570,F105 (vlak overr brug over kanaal),2023-07-07,16:00:00,145,94,51,F1052
570,F105 (vlak overr brug over kanaal),2023-07-07,17:00:00,107,55,52,F1052
570,F105 (vlak overr brug over kanaal),2023-07-07,18:00:00,59,23,36,F1052
570,F105 (vlak overr brug over kanaal),2023-07-07,19:00:00,47,24,23,F1052
570,F105 (vlak overr brug over kanaal),2023-07-07,20:00:00,53,23,30,F1052
570,F105 (vlak overr brug over kanaal),2023-07-07,21:00:00,30,13,17,F1052
570,F105 (vlak overr brug over kanaal),2023-07-07,22:00:00,33,20,13,F1052
570,F105 (vlak overr brug over kanaal),2023-07-07,23:00:00,13,4,9,F1052
570,F105 (vlak overr brug over kanaal),2023-07-08,00:00:00,7,4,3,F1052
570,F105 (vlak overr brug over kanaal),2023-07-08,01:00:00,3,0,3,F1052
570,F105 (vlak overr brug over kanaal),2023-07-08,02:00:00,3,3,0,F1052
570,F105 (vlak overr brug over kanaal),2023-07-08,03:00:00,0,0,0,F1052
570,F105 (vlak overr brug over kanaal),2023-07-08,04:00:00,2,2,0,F1052
570,F105 (vlak overr brug over kanaal),2023-07-08,05:00:00,11,5,6,F1052
570,F105 (vlak overr brug over kanaal),2023-07-08,06:00:00,12,6,6,F1052
570,F105 (vlak overr brug over kanaal),2023-07-08,07:00:00,11,6,5,F1052
570,F105 (vlak overr brug over kanaal),2023-07-08,08:00:00,46,25,21,F1052
570,F105 (vlak overr brug over kanaal),2023-07-08,09:00:00,52,31,21,F1052
570,F105 (vlak overr brug over kanaal),2023-07-08,10:00:00,90,53,37,F1052
570,F105 (vlak overr brug over kanaal),2023-07-08,11:00:00,60,24,36,F1052
570,F105 (vlak overr brug over kanaal),2023-07-08,12:00:00,101,62,39,F1052
570,F105 (vlak overr brug over kanaal),2023-07-08,13:00:00,82,43,39,F1052
570,F105 (vlak overr brug over kanaal),2023-07-08,14:00:00,65,43,22,F1052
570,F105 (vlak overr brug over kanaal),2023-07-08,15:00:00,83,39,44,F1052
570,F105 (vlak overr brug over kanaal),2023-07-08,16:00:00,49,21,28,F1052
570,F105 (vlak overr brug over kanaal),2023-07-08,17:00:00,33,22,11,F1052
570,F105 (vlak overr brug over kanaal),2023-07-08,18:00:00,63,28,35,F1052
570,F105 (vlak overr brug over kanaal),2023-07-08,19:00:00,34,13,21,F1052
570,F105 (vlak overr brug over kanaal),2023-07-08,20:00:00,27,17,10,F1052
570,F105 (vlak overr brug over kanaal),2023-07-08,21:00:00,33,15,18,F1052
570,F105 (vlak overr brug over kanaal),2023-07-08,22:00:00,31,15,16,F1052
570,F105 (vlak overr brug over kanaal),2023-07-08,23:00:00,12,4,8,F1052
570,F105 (vlak overr brug over kanaal),2023-07-09,00:00:00,6,3,3,F1052
570,F105 (vlak overr brug over kanaal),2023-07-09,01:00:00,5,1,4,F1052
570,F105 (vlak overr brug over kanaal),2023-07-09,02:00:00,1,0,1,F1052
570,F105 (vlak overr brug over kanaal),2023-07-09,03:00:00,1,0,1,F1052
570,F105 (vlak overr brug over kanaal),2023-07-09,04:00:00,0,0,0,F1052
570,F105 (vlak overr brug over kanaal),2023-07-09,05:00:00,9,5,4,F1052
570,F105 (vlak overr brug over kanaal),2023-07-09,06:00:00,6,5,1,F1052
570,F105 (vlak overr brug over kanaal),2023-07-09,07:00:00,17,13,4,F1052
570,F105 (vlak overr brug over kanaal),2023-07-09,08:00:00,68,44,24,F1052
570,F105 (vlak overr brug over kanaal),2023-07-09,09:00:00,121,67,54,F1052
570,F105 (vlak overr brug over kanaal),2023-07-09,10:00:00,113,60,53,F1052
570,F105 (vlak overr brug over kanaal),2023-07-09,11:00:00,109,60,49,F1052
570,F105 (vlak overr brug over kanaal),2023-07-09,12:00:00,68,38,30,F1052
570,F105 (vlak overr brug over kanaal),2023-07-09,13:00:00,61,37,24,F1052
570,F105 (vlak overr brug over kanaal),2023-07-09,14:00:00,51,31,20,F1052
570,F105 (vlak overr brug over kanaal),2023-07-09,15:00:00,17,6,11,F1052
570,F105 (vlak overr brug over kanaal),2023-07-09,16:00:00,18,12,6,F1052
570,F105 (vlak overr brug over kanaal),2023-07-09,17:00:00,18,9,9,F1052
570,F105 (vlak overr brug over kanaal),2023-07-09,18:00:00,26,13,13,F1052
570,F105 (vlak overr brug over kanaal),2023-07-09,19:00:00,53,33,20,F1052
570,F105 (vlak overr brug over kanaal),2023-07-09,20:00:00,31,9,22,F1052
570,F105 (vlak overr brug over kanaal),2023-07-09,21:00:00,22,10,12,F1052
570,F105 (vlak overr brug over kanaal),2023-07-09,22:00:00,7,6,1,F1052
570,F105 (vlak overr brug over kanaal),2023-07-09,23:00:00,0,0,0,F1052
570,F105 (vlak overr brug over kanaal),2023-07-10,00:00:00,5,3,2,F1052
570,F105 (vlak overr brug over kanaal),2023-07-10,01:00:00,2,0,2,F1052
570,F105 (vlak overr brug over kanaal),2023-07-10,02:00:00,0,0,0,F1052
570,F105 (vlak overr brug over kanaal),2023-07-10,03:00:00,1,0,1,F1052
570,F105 (vlak overr brug over kanaal),2023-07-10,04:00:00,3,3,0,F1052
570,F105 (vlak overr brug over kanaal),2023-07-10,05:00:00,11,7,4,F1052
570,F105 (vlak overr brug over kanaal),2023-07-10,06:00:00,23,15,8,F1052
570,F105 (vlak overr brug over kanaal),2023-07-10,07:00:00,51,34,17,F1052
570,F105 (vlak overr brug over kanaal),2023-07-10,08:00:00,35,25,10,F1052
570,F105 (vlak overr brug over kanaal),2023-07-10,09:00:00,30,9,21,F1052
570,F105 (vlak overr brug over kanaal),2023-07-10,10:00:00,78,57,21,F1052
570,F105 (vlak overr brug over kanaal),2023-07-10,11:00:00,85,58,27,F1052
570,F105 (vlak overr brug over kanaal),2023-07-10,12:00:00,94,56,38,F1052
570,F105 (vlak overr brug over kanaal),2023-07-10,13:00:00,108,66,42,F1052
570,F105 (vlak overr brug over kanaal),2023-07-10,14:00:00,121,72,49,F1052
570,F105 (vlak overr brug over kanaal),2023-07-10,15:00:00,110,60,50,F1052
570,F105 (vlak overr brug over kanaal),2023-07-10,16:00:00,110,46,64,F1052
570,F105 (vlak overr brug over kanaal),2023-07-10,17:00:00,124,58,66,F1052
570,F105 (vlak overr brug over kanaal),2023-07-10,18:00:00,69,47,22,F1052
570,F105 (vlak overr brug over kanaal),2023-07-10,19:00:00,59,34,25,F1052
570,F105 (vlak overr brug over kanaal),2023-07-10,20:00:00,43,28,15,F1052
570,F105 (vlak overr brug over kanaal),2023-07-10,21:00:00,39,16,23,F1052
570,F105 (vlak overr brug over kanaal),2023-07-10,22:00:00,26,10,16,F1052
570,F105 (vlak overr brug over kanaal),2023-07-10,23:00:00,2,1,1,F1052
570,F105 (vlak overr brug over kanaal),2023-07-11,00:00:00,1,0,1,F1052
570,F105 (vlak overr brug over kanaal),2023-07-11,01:00:00,1,1,0,F1052
570,F105 (vlak overr brug over kanaal),2023-07-11,02:00:00,0,0,0,F1052
570,F105 (vlak overr brug over kanaal),2023-07-11,03:00:00,0,0,0,F1052
570,F105 (vlak overr brug over kanaal),2023-07-11,04:00:00,1,1,0,F1052
570,F105 (vlak overr brug over kanaal),2023-07-11,05:00:00,17,7,10,F1052
570,F105 (vlak overr brug over kanaal),2023-07-11,06:00:00,27,16,11,F1052
570,F105 (vlak overr brug over kanaal),2023-07-11,07:00:00,55,34,21,F1052
570,F105 (vlak overr brug over kanaal),2023-07-11,08:00:00,38,26,12,F1052
570,F105 (vlak overr brug over kanaal),2023-07-11,09:00:00,55,26,29,F1052
570,F105 (vlak overr brug over kanaal),2023-07-11,10:00:00,73,37,36,F1052
570,F105 (vlak overr brug over kanaal),2023-07-11,11:00:00,71,39,32,F1052
570,F105 (vlak overr brug over kanaal),2023-07-11,12:00:00,84,50,34,F1052
570,F105 (vlak overr brug over kanaal),2023-07-11,13:00:00,126,73,53,F1052
570,F105 (vlak overr brug over kanaal),2023-07-11,14:00:00,142,95,47,F1052
570,F105 (vlak overr brug over kanaal),2023-07-11,15:00:00,87,52,35,F1052
570,F105 (vlak overr brug over kanaal),2023-07-11,16:00:00,103,49,54,F1052
570,F105 (vlak overr brug over kanaal),2023-07-11,17:00:00,66,32,34,F1052
570,F105 (vlak overr brug over kanaal),2023-07-11,18:00:00,62,39,23,F1052
570,F105 (vlak overr brug over kanaal),2023-07-11,19:00:00,77,52,25,F1052
570,F105 (vlak overr brug over kanaal),2023-07-11,20:00:00,45,14,31,F1052
570,F105 (vlak overr brug over kanaal),2023-07-11,21:00:00,29,11,18,F1052
570,F105 (vlak overr brug over kanaal),2023-07-11,22:00:00,29,19,10,F1052
570,F105 (vlak overr brug over kanaal),2023-07-11,23:00:00,5,0,5,F1052
570,F105 (vlak overr brug over kanaal),2023-07-12,00:00:00,0,0,0,F1052
570,F105 (vlak overr brug over kanaal),2023-07-12,01:00:00,1,1,0,F1052
570,F105 (vlak overr brug over kanaal),2023-07-12,02:00:00,0,0,0,F1052
570,F105 (vlak overr brug over kanaal),2023-07-12,03:00:00,0,0,0,F1052
570,F105 (vlak overr brug over kanaal),2023-07-12,04:00:00,4,4,0,F1052
570,F105 (vlak overr brug over kanaal),2023-07-12,05:00:00,19,6,13,F1052
570,F105 (vlak overr brug over kanaal),2023-07-12,06:00:00,26,15,11,F1052
570,F105 (vlak overr brug over kanaal),2023-07-12,07:00:00,75,43,32,F1052
570,F105 (vlak overr brug over kanaal),2023-07-12,08:00:00,38,22,16,F1052
570,F105 (vlak overr brug over kanaal),2023-07-12,09:00:00,36,19,17,F1052
570,F105 (vlak overr brug over kanaal),2023-07-12,10:00:00,31,19,12,F1052
570,F105 (vlak overr brug over kanaal),2023-07-12,11:00:00,31,18,13,F1052
570,F105 (vlak overr brug over kanaal),2023-07-12,12:00:00,48,24,24,F1052
570,F105 (vlak overr brug over kanaal),2023-07-12,13:00:00,71,29,42,F1052
570,F105 (vlak overr brug over kanaal),2023-07-12,14:00:00,99,56,43,F1052
570,F105 (vlak overr brug over kanaal),2023-07-12,15:00:00,58,35,23,F1052
570,F105 (vlak overr brug over kanaal),2023-07-12,16:00:00,97,37,60,F1052
570,F105 (vlak overr brug over kanaal),2023-07-12,17:00:00,74,39,35,F1052
570,F105 (vlak overr brug over kanaal),2023-07-12,18:00:00,36,19,17,F1052
570,F105 (vlak overr brug over kanaal),2023-07-12,19:00:00,68,44,24,F1052
570,F105 (vlak overr brug over kanaal),2023-07-12,20:00:00,40,16,24,F1052
570,F105 (vlak overr brug over kanaal),2023-07-12,21:00:00,36,17,19,F1052
570,F105 (vlak overr brug over kanaal),2023-07-12,22:00:00,27,14,13,F1052
570,F105 (vlak overr brug over kanaal),2023-07-12,23:00:00,6,2,4,F1052
570,F105 (vlak overr brug over kanaal),2023-07-13,00:00:00,1,0,1,F1052
570,F105 (vlak overr brug over kanaal),2023-07-13,01:00:00,4,1,3,F1052
570,F105 (vlak overr brug over kanaal),2023-07-13,02:00:00,2,1,1,F1052
570,F105 (vlak overr brug over kanaal),2023-07-13,03:00:00,0,0,0,F1052
570,F105 (vlak overr brug over kanaal),2023-07-13,04:00:00,5,4,1,F1052
570,F105 (vlak overr brug over kanaal),2023-07-13,05:00:00,16,5,11,F1052
570,F105 (vlak overr brug over kanaal),2023-07-13,06:00:00,35,16,19,F1052
570,F105 (vlak overr brug over kanaal),2023-07-13,07:00:00,67,34,33,F1052
570,F105 (vlak overr brug over kanaal),2023-07-13,08:00:00,41,24,17,F1052
570,F105 (vlak overr brug over kanaal),2023-07-13,09:00:00,21,7,14,F1052
570,F105 (vlak overr brug over kanaal),2023-07-13,10:00:00,49,31,18,F1052
570,F105 (vlak overr brug over kanaal),2023-07-13,11:00:00,63,33,30,F1052
570,F105 (vlak overr brug over kanaal),2023-07-13,12:00:00,39,13,26,F1052
570,F105 (vlak overr brug over kanaal),2023-07-13,13:00:00,64,32,32,F1052
570,F105 (vlak overr brug over kanaal),2023-07-13,14:00:00,53,33,20,F1052
570,F105 (vlak overr brug over kanaal),2023-07-13,15:00:00,40,21,19,F1052
570,F105 (vlak overr brug over kanaal),2023-07-13,16:00:00,99,58,41,F1052
570,F105 (vlak overr brug over kanaal),2023-07-13,17:00:00,50,26,24,F1052
570,F105 (vlak overr brug over kanaal),2023-07-13,18:00:00,74,37,37,F1052
570,F105 (vlak overr brug over kanaal),2023-07-13,19:00:00,39,22,17,F1052
570,F105 (vlak overr brug over kanaal),2023-07-13,20:00:00,34,19,15,F1052
570,F105 (vlak overr brug over kanaal),2023-07-13,21:00:00,26,7,19,F1052
570,F105 (vlak overr brug over kanaal),2023-07-13,22:00:00,17,9,8,F1052
570,F105 (vlak overr brug over kanaal),2023-07-13,23:00:00,4,1,3,F1052
570,F105 (vlak overr brug over kanaal),2023-07-14,00:00:00,1,1,0,F1052
570,F105 (vlak overr brug over kanaal),2023-07-14,01:00:00,0,0,0,F1052
570,F105 (vlak overr brug over kanaal),2023-07-14,02:00:00,1,0,1,F1052
570,F105 (vlak overr brug over kanaal),2023-07-14,03:00:00,1,1,0,F1052
570,F105 (vlak overr brug over kanaal),2023-07-14,04:00:00,3,1,2,F1052
570,F105 (vlak overr brug over kanaal),2023-07-14,05:00:00,19,6,13,F1052
570,F105 (vlak overr brug over kanaal),2023-07-14,06:00:00,26,12,14,F1052
570,F105 (vlak overr brug over kanaal),2023-07-14,07:00:00,51,34,17,F1052
570,F105 (vlak overr brug over kanaal),2023-07-14,08:00:00,47,33,14,F1052
570,F105 (vlak overr brug over kanaal),2023-07-14,09:00:00,72,45,27,F1052
570,F105 (vlak overr brug over kanaal),2023-07-14,10:00:00,108,57,51,F1052
570,F105 (vlak overr brug over kanaal),2023-07-14,11:00:00,76,29,47,F1052
570,F105 (vlak overr brug over kanaal),2023-07-14,12:00:00,78,22,56,F1052
570,F105 (vlak overr brug over kanaal),2023-07-14,13:00:00,109,54,55,F1052
570,F105 (vlak overr brug over kanaal),2023-07-14,14:00:00,124,67,57,F1052
570,F105 (vlak overr brug over kanaal),2023-07-14,15:00:00,126,79,47,F1052
570,F105 (vlak overr brug over kanaal),2023-07-14,16:00:00,111,58,53,F1052
570,F105 (vlak overr brug over kanaal),2023-07-14,17:00:00,80,37,43,F1052
570,F105 (vlak overr brug over kanaal),2023-07-14,18:00:00,59,37,22,F1052
570,F105 (vlak overr brug over kanaal),2023-07-14,19:00:00,51,23,28,F1052
570,F105 (vlak overr brug over kanaal),2023-07-14,20:00:00,39,22,17,F1052
570,F105 (vlak overr brug over kanaal),2023-07-14,21:00:00,19,5,14,F1052
570,F105 (vlak overr brug over kanaal),2023-07-14,22:00:00,34,22,12,F1052
570,F105 (vlak overr brug over kanaal),2023-07-14,23:00:00,6,2,4,F1052
570,F105 (vlak overr brug over kanaal),2023-07-15,00:00:00,3,2,1,F1052
570,F105 (vlak overr brug over kanaal),2023-07-15,01:00:00,2,1,1,F1052
570,F105 (vlak overr brug over kanaal),2023-07-15,02:00:00,8,3,5,F1052
570,F105 (vlak overr brug over kanaal),2023-07-15,03:00:00,2,2,0,F1052
570,F105 (vlak overr brug over kanaal),2023-07-15,04:00:00,2,2,0,F1052
570,F105 (vlak overr brug over kanaal),2023-07-15,05:00:00,7,5,2,F1052
570,F105 (vlak overr brug over kanaal),2023-07-15,06:00:00,9,8,1,F1052
570,F105 (vlak overr brug over kanaal),2023-07-15,07:00:00,11,5,6,F1052
570,F105 (vlak overr brug over kanaal),2023-07-15,08:00:00,16,12,4,F1052
570,F105 (vlak overr brug over kanaal),2023-07-15,09:00:00,40,21,19,F1052
570,F105 (vlak overr brug over kanaal),2023-07-15,10:00:00,46,22,24,F1052
570,F105 (vlak overr brug over kanaal),2023-07-15,11:00:00,45,22,23,F1052
570,F105 (vlak overr brug over kanaal),2023-07-15,12:00:00,31,12,19,F1052
570,F105 (vlak overr brug over kanaal),2023-07-15,13:00:00,48,29,19,F1052
570,F105 (vlak overr brug over kanaal),2023-07-15,14:00:00,66,38,28,F1052
570,F105 (vlak overr brug over kanaal),2023-07-15,15:00:00,60,36,24,F1052
570,F105 (vlak overr brug over kanaal),2023-07-15,16:00:00,49,23,26,F1052
570,F105 (vlak overr brug over kanaal),2023-07-15,17:00:00,34,24,10,F1052
570,F105 (vlak overr brug over kanaal),2023-07-15,18:00:00,11,6,5,F1052
570,F105 (vlak overr brug over kanaal),2023-07-15,19:00:00,20,7,13,F1052
570,F105 (vlak overr brug over kanaal),2023-07-15,20:00:00,17,12,5,F1052
570,F105 (vlak overr brug over kanaal),2023-07-15,21:00:00,2,1,1,F1052
570,F105 (vlak overr brug over kanaal),2023-07-15,22:00:00,11,5,6,F1052
570,F105 (vlak overr brug over kanaal),2023-07-15,23:00:00,6,2,4,F1052
570,F105 (vlak overr brug over kanaal),2023-07-16,00:00:00,11,4,7,F1052
570,F105 (vlak overr brug over kanaal),2023-07-16,01:00:00,6,2,4,F1052
570,F105 (vlak overr brug over kanaal),2023-07-16,02:00:00,4,4,0,F1052
570,F105 (vlak overr brug over kanaal),2023-07-16,03:00:00,0,0,0,F1052
570,F105 (vlak overr brug over kanaal),2023-07-16,04:00:00,1,1,0,F1052
570,F105 (vlak overr brug over kanaal),2023-07-16,05:00:00,3,2,1,F1052
570,F105 (vlak overr brug over kanaal),2023-07-16,06:00:00,7,6,1,F1052
570,F105 (vlak overr brug over kanaal),2023-07-16,07:00:00,4,0,4,F1052
570,F105 (vlak overr brug over kanaal),2023-07-16,08:00:00,36,19,17,F1052
570,F105 (vlak overr brug over kanaal),2023-07-16,09:00:00,76,46,30,F1052
570,F105 (vlak overr brug over kanaal),2023-07-16,10:00:00,83,39,44,F1052
570,F105 (vlak overr brug over kanaal),2023-07-16,11:00:00,63,38,25,F1052
570,F105 (vlak overr brug over kanaal),2023-07-16,12:00:00,33,13,20,F1052
570,F105 (vlak overr brug over kanaal),2023-07-16,13:00:00,55,16,39,F1052
570,F105 (vlak overr brug over kanaal),2023-07-16,14:00:00,44,25,19,F1052
570,F105 (vlak overr brug over kanaal),2023-07-16,15:00:00,32,16,16,F1052
570,F105 (vlak overr brug over kanaal),2023-07-16,16:00:00,37,21,16,F1052
570,F105 (vlak overr brug over kanaal),2023-07-16,17:00:00,25,14,11,F1052
570,F105 (vlak overr brug over kanaal),2023-07-16,18:00:00,28,16,12,F1052
570,F105 (vlak overr brug over kanaal),2023-07-16,19:00:00,17,7,10,F1052
570,F105 (vlak overr brug over kanaal),2023-07-16,20:00:00,16,7,9,F1052
570,F105 (vlak overr brug over kanaal),2023-07-16,21:00:00,12,7,5,F1052
570,F105 (vlak overr brug over kanaal),2023-07-16,22:00:00,9,4,5,F1052
570,F105 (vlak overr brug over kanaal),2023-07-16,23:00:00,6,2,4,F1052
570,F105 (vlak overr brug over kanaal),2023-07-17,00:00:00,2,1,1,F1052
570,F105 (vlak overr brug over kanaal),2023-07-17,01:00:00,11,5,6,F1052
570,F105 (vlak overr brug over kanaal),2023-07-17,02:00:00,1,1,0,F1052
570,F105 (vlak overr brug over kanaal),2023-07-17,03:00:00,0,0,0,F1052
570,F105 (vlak overr brug over kanaal),2023-07-17,04:00:00,3,0,3,F1052
570,F105 (vlak overr brug over kanaal),2023-07-17,05:00:00,15,5,10,F1052
570,F105 (vlak overr brug over kanaal),2023-07-17,06:00:00,27,14,13,F1052
570,F105 (vlak overr brug over kanaal),2023-07-17,07:00:00,55,27,28,F1052
570,F105 (vlak overr brug over kanaal),2023-07-17,08:00:00,47,29,18,F1052
570,F105 (vlak overr brug over kanaal),2023-07-17,09:00:00,26,15,11,F1052
570,F105 (vlak overr brug over kanaal),2023-07-17,10:00:00,50,24,26,F1052
570,F105 (vlak overr brug over kanaal),2023-07-17,11:00:00,35,17,18,F1052
570,F105 (vlak overr brug over kanaal),2023-07-17,12:00:00,32,15,17,F1052
570,F105 (vlak overr brug over kanaal),2023-07-17,13:00:00,91,50,41,F1052
570,F105 (vlak overr brug over kanaal),2023-07-17,14:00:00,72,50,22,F1052
570,F105 (vlak overr brug over kanaal),2023-07-17,15:00:00,45,29,16,F1052
570,F105 (vlak overr brug over kanaal),2023-07-17,16:00:00,61,21,40,F1052
570,F105 (vlak overr brug over kanaal),2023-07-17,17:00:00,49,31,18,F1052
570,F105 (vlak overr brug over kanaal),2023-07-17,18:00:00,56,26,30,F1052
570,F105 (vlak overr brug over kanaal),2023-07-17,19:00:00,28,12,16,F1052
570,F105 (vlak overr brug over kanaal),2023-07-17,20:00:00,26,15,11,F1052
570,F105 (vlak overr brug over kanaal),2023-07-17,21:00:00,29,12,17,F1052
570,F105 (vlak overr brug over kanaal),2023-07-17,22:00:00,23,10,13,F1052
570,F105 (vlak overr brug over kanaal),2023-07-17,23:00:00,1,0,1,F1052
570,F105 (vlak overr brug over kanaal),2023-07-18,00:00:00,0,0,0,F1052
570,F105 (vlak overr brug over kanaal),2023-07-18,01:00:00,0,0,0,F1052
570,F105 (vlak overr brug over kanaal),2023-07-18,02:00:00,0,0,0,F1052
570,F105 (vlak overr brug over kanaal),2023-07-18,03:00:00,1,1,0,F1052
570,F105 (vlak overr brug over kanaal),2023-07-18,04:00:00,4,0,4,F1052
570,F105 (vlak overr brug over kanaal),2023-07-18,05:00:00,11,4,7,F1052
570,F105 (vlak overr brug over kanaal),2023-07-18,06:00:00,39,20,19,F1052
570,F105 (vlak overr brug over kanaal),2023-07-18,07:00:00,49,26,23,F1052
570,F105 (vlak overr brug over kanaal),2023-07-18,08:00:00,51,27,24,F1052
570,F105 (vlak overr brug over kanaal),2023-07-18,09:00:00,78,39,39,F1052
570,F105 (vlak overr brug over kanaal),2023-07-18,10:00:00,72,37,35,F1052
570,F105 (vlak overr brug over kanaal),2023-07-18,11:00:00,91,46,45,F1052
570,F105 (vlak overr brug over kanaal),2023-07-18,12:00:00,81,43,38,F1052
570,F105 (vlak overr brug over kanaal),2023-07-18,13:00:00,144,74,70,F1052
570,F105 (vlak overr brug over kanaal),2023-07-18,14:00:00,138,79,59,F1052
570,F105 (vlak overr brug over kanaal),2023-07-18,15:00:00,149,89,60,F1052
570,F105 (vlak overr brug over kanaal),2023-07-18,16:00:00,158,75,83,F1052
570,F105 (vlak overr brug over kanaal),2023-07-18,17:00:00,73,35,38,F1052
570,F105 (vlak overr brug over kanaal),2023-07-18,18:00:00,91,56,35,F1052
570,F105 (vlak overr brug over kanaal),2023-07-18,19:00:00,72,42,30,F1052
570,F105 (vlak overr brug over kanaal),2023-07-18,20:00:00,53,29,24,F1052
570,F105 (vlak overr brug over kanaal),2023-07-18,21:00:00,41,16,25,F1052
570,F105 (vlak overr brug over kanaal),2023-07-18,22:00:00,26,13,13,F1052
570,F105 (vlak overr brug over kanaal),2023-07-18,23:00:00,5,3,2,F1052
570,F105 (vlak overr brug over kanaal),2023-07-19,00:00:00,2,0,2,F1052
570,F105 (vlak overr brug over kanaal),2023-07-19,01:00:00,1,1,0,F1052
570,F105 (vlak overr brug over kanaal),2023-07-19,02:00:00,0,0,0,F1052
570,F105 (vlak overr brug over kanaal),2023-07-19,03:00:00,0,0,0,F1052
570,F105 (vlak overr brug over kanaal),2023-07-19,04:00:00,2,0,2,F1052
570,F105 (vlak overr brug over kanaal),2023-07-19,05:00:00,16,5,11,F1052
570,F105 (vlak overr brug over kanaal),2023-07-19,06:00:00,29,16,13,F1052
570,F105 (vlak overr brug over kanaal),2023-07-19,07:00:00,48,27,21,F1052
570,F105 (vlak overr brug over kanaal),2023-07-19,08:00:00,37,21,16,F1052
570,F105 (vlak overr brug over kanaal),2023-07-19,09:00:00,35,15,20,F1052
570,F105 (vlak overr brug over kanaal),2023-07-19,10:00:00,39,25,14,F1052
570,F105 (vlak overr brug over kanaal),2023-07-19,11:00:00,38,16,22,F1052
570,F105 (vlak overr brug over kanaal),2023-07-19,12:00:00,46,21,25,F1052
570,F105 (vlak overr brug over kanaal),2023-07-19,13:00:00,71,38,33,F1052
570,F105 (vlak overr brug over kanaal),2023-07-19,14:00:00,68,38,30,F1052
570,F105 (vlak overr brug over kanaal),2023-07-19,15:00:00,69,37,32,F1052
570,F105 (vlak overr brug over kanaal),2023-07-19,16:00:00,66,32,34,F1052
570,F105 (vlak overr brug over kanaal),2023-07-19,17:00:00,47,25,22,F1052
570,F105 (vlak overr brug over kanaal),2023-07-19,18:00:00,37,17,20,F1052
570,F105 (vlak overr brug over kanaal),2023-07-19,19:00:00,27,8,19,F1052
570,F105 (vlak overr brug over kanaal),2023-07-19,20:00:00,22,14,8,F1052
570,F105 (vlak overr brug over kanaal),2023-07-19,21:00:00,16,11,5,F1052
570,F105 (vlak overr brug over kanaal),2023-07-19,22:00:00,13,6,7,F1052
570,F105 (vlak overr brug over kanaal),2023-07-19,23:00:00,5,1,4,F1052
570,F105 (vlak overr brug over kanaal),2023-07-20,00:00:00,0,0,0,F1052
570,F105 (vlak overr brug over kanaal),2023-07-20,01:00:00,6,0,6,F1052
570,F105 (vlak overr brug over kanaal),2023-07-20,02:00:00,0,0,0,F1052
570,F105 (vlak overr brug over kanaal),2023-07-20,03:00:00,0,0,0,F1052
570,F105 (vlak overr brug over kanaal),2023-07-20,04:00:00,1,0,1,F1052
570,F105 (vlak overr brug over kanaal),2023-07-20,05:00:00,13,5,8,F1052
570,F105 (vlak overr brug over kanaal),2023-07-20,06:00:00,34,16,18,F1052
570,F105 (vlak overr brug over kanaal),2023-07-20,07:00:00,39,21,18,F1052
570,F105 (vlak overr brug over kanaal),2023-07-20,08:00:00,36,21,15,F1052
570,F105 (vlak overr brug over kanaal),2023-07-20,09:00:00,40,15,25,F1052
570,F105 (vlak overr brug over kanaal),2023-07-20,10:00:00,70,43,27,F1052
570,F105 (vlak overr brug over kanaal),2023-07-20,11:00:00,48,23,25,F1052
570,F105 (vlak overr brug over kanaal),2023-07-20,12:00:00,82,19,63,F1052
570,F105 (vlak overr brug over kanaal),2023-07-20,13:00:00,81,44,37,F1052
570,F105 (vlak overr brug over kanaal),2023-07-20,14:00:00,90,50,40,F1052
570,F105 (vlak overr brug over kanaal),2023-07-20,15:00:00,117,58,59,F1052
570,F105 (vlak overr brug over kanaal),2023-07-20,16:00:00,86,42,44,F1052
570,F105 (vlak overr brug over kanaal),2023-07-20,17:00:00,83,21,62,F1052
570,F105 (vlak overr brug over kanaal),2023-07-20,18:00:00,48,17,31,F1052
570,F105 (vlak overr brug over kanaal),2023-07-20,19:00:00,11,3,8,F1052
570,F105 (vlak overr brug over kanaal),2023-07-20,20:00:00,22,5,17,F1052
570,F105 (vlak overr brug over kanaal),2023-07-20,21:00:00,17,9,8,F1052
570,F105 (vlak overr brug over kanaal),2023-07-20,22:00:00,10,6,4,F1052
570,F105 (vlak overr brug over kanaal),2023-07-20,23:00:00,5,4,1,F1052
570,F105 (vlak overr brug over kanaal),2023-07-21,00:00:00,6,2,4,F1052
570,F105 (vlak overr brug over kanaal),2023-07-21,01:00:00,4,3,1,F1052
570,F105 (vlak overr brug over kanaal),2023-07-21,02:00:00,2,2,0,F1052
570,F105 (vlak overr brug over kanaal),2023-07-21,03:00:00,0,0,0,F1052
570,F105 (vlak overr brug over kanaal),2023-07-21,04:00:00,0,0,0,F1052
570,F105 (vlak overr brug over kanaal),2023-07-21,05:00:00,11,4,7,F1052
570,F105 (vlak overr brug over kanaal),2023-07-21,06:00:00,7,5,2,F1052
570,F105 (vlak overr brug over kanaal),2023-07-21,07:00:00,10,7,3,F1052
570,F105 (vlak overr brug over kanaal),2023-07-21,08:00:00,44,32,12,F1052
570,F105 (vlak overr brug over kanaal),2023-07-21,09:00:00,99,70,29,F1052
570,F105 (vlak overr brug over kanaal),2023-07-21,10:00:00,96,56,40,F1052
570,F105 (vlak overr brug over kanaal),2023-07-21,11:00:00,108,49,59,F1052
570,F105 (vlak overr brug over kanaal),2023-07-21,12:00:00,42,12,30,F1052
570,F105 (vlak overr brug over kanaal),2023-07-21,13:00:00,22,10,12,F1052
570,F105 (vlak overr brug over kanaal),2023-07-21,14:00:00,53,33,20,F1052
570,F105 (vlak overr brug over kanaal),2023-07-21,15:00:00,37,16,21,F1052
570,F105 (vlak overr brug over kanaal),2023-07-21,16:00:00,32,17,15,F1052
570,F105 (vlak overr brug over kanaal),2023-07-21,17:00:00,27,10,17,F1052
570,F105 (vlak overr brug over kanaal),2023-07-21,18:00:00,35,19,16,F1052
570,F105 (vlak overr brug over kanaal),2023-07-21,19:00:00,24,9,15,F1052
570,F105 (vlak overr brug over kanaal),2023-07-21,20:00:00,25,12,13,F1052
570,F105 (vlak overr brug over kanaal),2023-07-21,21:00:00,15,3,12,F1052
570,F105 (vlak overr brug over kanaal),2023-07-21,22:00:00,11,6,5,F1052
570,F105 (vlak overr brug over kanaal),2023-07-21,23:00:00,19,9,10,F1052
570,F105 (vlak overr brug over kanaal),2023-07-22,00:00:00,3,3,0,F1052
570,F105 (vlak overr brug over kanaal),2023-07-22,01:00:00,2,1,1,F1052
570,F105 (vlak overr brug over kanaal),2023-07-22,02:00:00,5,5,0,F1052
570,F105 (vlak overr brug over kanaal),2023-07-22,03:00:00,5,5,0,F1052
570,F105 (vlak overr brug over kanaal),2023-07-22,04:00:00,2,2,0,F1052
570,F105 (vlak overr brug over kanaal),2023-07-22,05:00:00,3,0,3,F1052
570,F105 (vlak overr brug over kanaal),2023-07-22,06:00:00,6,4,2,F1052
570,F105 (vlak overr brug over kanaal),2023-07-22,07:00:00,5,2,3,F1052
570,F105 (vlak overr brug over kanaal),2023-07-22,08:00:00,8,7,1,F1052
570,F105 (vlak overr brug over kanaal),2023-07-22,09:00:00,31,21,10,F1052
570,F105 (vlak overr brug over kanaal),2023-07-22,10:00:00,43,23,20,F1052
570,F105 (vlak overr brug over kanaal),2023-07-22,11:00:00,52,26,26,F1052
570,F105 (vlak overr brug over kanaal),2023-07-22,12:00:00,57,34,23,F1052
570,F105 (vlak overr brug over kanaal),2023-07-22,13:00:00,74,37,37,F1052
570,F105 (vlak overr brug over kanaal),2023-07-22,14:00:00,81,49,32,F1052
570,F105 (vlak overr brug over kanaal),2023-07-22,15:00:00,68,33,35,F1052
570,F105 (vlak overr brug over kanaal),2023-07-22,16:00:00,60,35,25,F1052
570,F105 (vlak overr brug over kanaal),2023-07-22,17:00:00,47,16,31,F1052
570,F105 (vlak overr brug over kanaal),2023-07-22,18:00:00,23,15,8,F1052
570,F105 (vlak overr brug over kanaal),2023-07-22,19:00:00,15,6,9,F1052
570,F105 (vlak overr brug over kanaal),2023-07-22,20:00:00,10,3,7,F1052
570,F105 (vlak overr brug over kanaal),2023-07-22,21:00:00,11,4,7,F1052
570,F105 (vlak overr brug over kanaal),2023-07-22,22:00:00,8,4,4,F1052
570,F105 (vlak overr brug over kanaal),2023-07-22,23:00:00,2,0,2,F1052
570,F105 (vlak overr brug over kanaal),2023-07-23,00:00:00,3,2,1,F1052
570,F105 (vlak overr brug over kanaal),2023-07-23,01:00:00,3,1,2,F1052
570,F105 (vlak overr brug over kanaal),2023-07-23,02:00:00,1,1,0,F1052
570,F105 (vlak overr brug over kanaal),2023-07-23,03:00:00,1,0,1,F1052
570,F105 (vlak overr brug over kanaal),2023-07-23,04:00:00,0,0,0,F1052
570,F105 (vlak overr brug over kanaal),2023-07-23,05:00:00,2,1,1,F1052
570,F105 (vlak overr brug over kanaal),2023-07-23,06:00:00,4,2,2,F1052
570,F105 (vlak overr brug over kanaal),2023-07-23,07:00:00,4,2,2,F1052
570,F105 (vlak overr brug over kanaal),2023-07-23,08:00:00,2,1,1,F1052
570,F105 (vlak overr brug over kanaal),2023-07-23,09:00:00,14,11,3,F1052
570,F105 (vlak overr brug over kanaal),2023-07-23,10:00:00,8,3,5,F1052
570,F105 (vlak overr brug over kanaal),2023-07-23,11:00:00,8,1,7,F1052
570,F105 (vlak overr brug over kanaal),2023-07-23,12:00:00,9,6,3,F1052
570,F105 (vlak overr brug over kanaal),2023-07-23,13:00:00,20,11,9,F1052
570,F105 (vlak overr brug over kanaal),2023-07-23,14:00:00,26,12,14,F1052
570,F105 (vlak overr brug over kanaal),2023-07-23,15:00:00,13,3,10,F1052
570,F105 (vlak overr brug over kanaal),2023-07-23,16:00:00,15,9,6,F1052
570,F105 (vlak overr brug over kanaal),2023-07-23,17:00:00,6,3,3,F1052
570,F105 (vlak overr brug over kanaal),2023-07-23,18:00:00,11,9,2,F1052
570,F105 (vlak overr brug over kanaal),2023-07-23,19:00:00,5,3,2,F1052
570,F105 (vlak overr brug over kanaal),2023-07-23,20:00:00,4,3,1,F1052
570,F105 (vlak overr brug over kanaal),2023-07-23,21:00:00,5,2,3,F1052
570,F105 (vlak overr brug over kanaal),2023-07-23,22:00:00,1,0,1,F1052
570,F105 (vlak overr brug over kanaal),2023-07-23,23:00:00,1,1,0,F1052
570,F105 (vlak overr brug over kanaal),2023-07-24,00:00:00,0,0,0,F1052
570,F105 (vlak overr brug over kanaal),2023-07-24,01:00:00,0,0,0,F1052
570,F105 (vlak overr brug over kanaal),2023-07-24,02:00:00,0,0,0,F1052
570,F105 (vlak overr brug over kanaal),2023-07-24,03:00:00,0,0,0,F1052
570,F105 (vlak overr brug over kanaal),2023-07-24,04:00:00,1,1,0,F1052
570,F105 (vlak overr brug over kanaal),2023-07-24,05:00:00,4,1,3,F1052
570,F105 (vlak overr brug over kanaal),2023-07-24,06:00:00,10,3,7,F1052
570,F105 (vlak overr brug over kanaal),2023-07-24,07:00:00,28,11,17,F1052
570,F105 (vlak overr brug over kanaal),2023-07-24,08:00:00,22,8,14,F1052
570,F105 (vlak overr brug over kanaal),2023-07-24,09:00:00,12,7,5,F1052
570,F105 (vlak overr brug over kanaal),2023-07-24,10:00:00,9,3,6,F1052
570,F105 (vlak overr brug over kanaal),2023-07-24,11:00:00,24,17,7,F1052
570,F105 (vlak overr brug over kanaal),2023-07-24,12:00:00,22,8,14,F1052
570,F105 (vlak overr brug over kanaal),2023-07-24,13:00:00,24,14,10,F1052
570,F105 (vlak overr brug over kanaal),2023-07-24,14:00:00,30,18,12,F1052
570,F105 (vlak overr brug over kanaal),2023-07-24,15:00:00,32,18,14,F1052
570,F105 (vlak overr brug over kanaal),2023-07-24,16:00:00,26,12,14,F1052
570,F105 (vlak overr brug over kanaal),2023-07-24,17:00:00,24,12,12,F1052
570,F105 (vlak overr brug over kanaal),2023-07-24,18:00:00,17,7,10,F1052
570,F105 (vlak overr brug over kanaal),2023-07-24,19:00:00,20,10,10,F1052
570,F105 (vlak overr brug over kanaal),2023-07-24,20:00:00,18,11,7,F1052
570,F105 (vlak overr brug over kanaal),2023-07-24,21:00:00,15,7,8,F1052
570,F105 (vlak overr brug over kanaal),2023-07-24,22:00:00,14,8,6,F1052
570,F105 (vlak overr brug over kanaal),2023-07-24,23:00:00,1,1,0,F1052
570,F105 (vlak overr brug over kanaal),2023-07-25,00:00:00,1,1,0,F1052
570,F105 (vlak overr brug over kanaal),2023-07-25,01:00:00,1,0,1,F1052
570,F105 (vlak overr brug over kanaal),2023-07-25,02:00:00,0,0,0,F1052
570,F105 (vlak overr brug over kanaal),2023-07-25,03:00:00,1,0,1,F1052
570,F105 (vlak overr brug over kanaal),2023-07-25,04:00:00,1,0,1,F1052
570,F105 (vlak overr brug over kanaal),2023-07-25,05:00:00,13,6,7,F1052
570,F105 (vlak overr brug over kanaal),2023-07-25,06:00:00,38,18,20,F1052
570,F105 (vlak overr brug over kanaal),2023-07-25,07:00:00,43,24,19,F1052
570,F105 (vlak overr brug over kanaal),2023-07-25,08:00:00,34,18,16,F1052
570,F105 (vlak overr brug over kanaal),2023-07-25,09:00:00,19,10,9,F1052
570,F105 (vlak overr brug over kanaal),2023-07-25,10:00:00,28,14,14,F1052
570,F105 (vlak overr brug over kanaal),2023-07-25,11:00:00,31,10,21,F1052
570,F105 (vlak overr brug over kanaal),2023-07-25,12:00:00,50,27,23,F1052
570,F105 (vlak overr brug over kanaal),2023-07-25,13:00:00,84,46,38,F1052
570,F105 (vlak overr brug over kanaal),2023-07-25,14:00:00,113,59,54,F1052
570,F105 (vlak overr brug over kanaal),2023-07-25,15:00:00,79,44,35,F1052
570,F105 (vlak overr brug over kanaal),2023-07-25,16:00:00,86,36,50,F1052
570,F105 (vlak overr brug over kanaal),2023-07-25,17:00:00,80,42,38,F1052
570,F105 (vlak overr brug over kanaal),2023-07-25,18:00:00,42,29,13,F1052
570,F105 (vlak overr brug over kanaal),2023-07-25,19:00:00,52,19,33,F1052
570,F105 (vlak overr brug over kanaal),2023-07-25,20:00:00,42,16,26,F1052
570,F105 (vlak overr brug over kanaal),2023-07-25,21:00:00,26,8,18,F1052
570,F105 (vlak overr brug over kanaal),2023-07-25,22:00:00,21,12,9,F1052
570,F105 (vlak overr brug over kanaal),2023-07-25,23:00:00,8,6,2,F1052
570,F105 (vlak overr brug over kanaal),2023-07-26,00:00:00,3,1,2,F1052
570,F105 (vlak overr brug over kanaal),2023-07-26,01:00:00,0,0,0,F1052
570,F105 (vlak overr brug over kanaal),2023-07-26,02:00:00,0,0,0,F1052
570,F105 (vlak overr brug over kanaal),2023-07-26,03:00:00,0,0,0,F1052
570,F105 (vlak overr brug over kanaal),2023-07-26,04:00:00,3,2,1,F1052
570,F105 (vlak overr brug over kanaal),2023-07-26,05:00:00,9,4,5,F1052
570,F105 (vlak overr brug over kanaal),2023-07-26,06:00:00,27,16,11,F1052
570,F105 (vlak overr brug over kanaal),2023-07-26,07:00:00,45,27,18,F1052
570,F105 (vlak overr brug over kanaal),2023-07-26,08:00:00,38,24,14,F1052
570,F105 (vlak overr brug over kanaal),2023-07-26,09:00:00,49,26,23,F1052
570,F105 (vlak overr brug over kanaal),2023-07-26,10:00:00,48,24,24,F1052
570,F105 (vlak overr brug over kanaal),2023-07-26,11:00:00,32,13,19,F1052
570,F105 (vlak overr brug over kanaal),2023-07-26,12:00:00,28,15,13,F1052
570,F105 (vlak overr brug over kanaal),2023-07-26,13:00:00,104,48,56,F1052
570,F105 (vlak overr brug over kanaal),2023-07-26,14:00:00,80,39,41,F1052
570,F105 (vlak overr brug over kanaal),2023-07-26,15:00:00,78,46,32,F1052
570,F105 (vlak overr brug over kanaal),2023-07-26,16:00:00,95,50,45,F1052
570,F105 (vlak overr brug over kanaal),2023-07-26,17:00:00,78,51,27,F1052
570,F105 (vlak overr brug over kanaal),2023-07-26,18:00:00,53,27,26,F1052
570,F105 (vlak overr brug over kanaal),2023-07-26,19:00:00,24,15,9,F1052
570,F105 (vlak overr brug over kanaal),2023-07-26,20:00:00,35,15,20,F1052
570,F105 (vlak overr brug over kanaal),2023-07-26,21:00:00,34,17,17,F1052
570,F105 (vlak overr brug over kanaal),2023-07-26,22:00:00,28,16,12,F1052
570,F105 (vlak overr brug over kanaal),2023-07-26,23:00:00,9,4,5,F1052
570,F105 (vlak overr brug over kanaal),2023-07-27,00:00:00,5,3,2,F1052
570,F105 (vlak overr brug over kanaal),2023-07-27,01:00:00,2,2,0,F1052
570,F105 (vlak overr brug over kanaal),2023-07-27,02:00:00,1,0,1,F1052
570,F105 (vlak overr brug over kanaal),2023-07-27,03:00:00,0,0,0,F1052
570,F105 (vlak overr brug over kanaal),2023-07-27,04:00:00,2,1,1,F1052
570,F105 (vlak overr brug over kanaal),2023-07-27,05:00:00,6,3,3,F1052
570,F105 (vlak overr brug over kanaal),2023-07-27,06:00:00,12,5,7,F1052
570,F105 (vlak overr brug over kanaal),2023-07-27,07:00:00,7,5,2,F1052
570,F105 (vlak overr brug over kanaal),2023-07-27,08:00:00,13,8,5,F1052
570,F105 (vlak overr brug over kanaal),2023-07-27,09:00:00,13,9,4,F1052
570,F105 (vlak overr brug over kanaal),2023-07-27,10:00:00,9,6,3,F1052
570,F105 (vlak overr brug over kanaal),2023-07-27,11:00:00,3,2,1,F1052
570,F105 (vlak overr brug over kanaal),2023-07-27,12:00:00,7,4,3,F1052
570,F105 (vlak overr brug over kanaal),2023-07-27,13:00:00,8,3,5,F1052
570,F105 (vlak overr brug over kanaal),2023-07-27,14:00:00,19,7,12,F1052
570,F105 (vlak overr brug over kanaal),2023-07-27,15:00:00,13,12,1,F1052
570,F105 (vlak overr brug over kanaal),2023-07-27,16:00:00,28,15,13,F1052
570,F105 (vlak overr brug over kanaal),2023-07-27,17:00:00,18,11,7,F1052
570,F105 (vlak overr brug over kanaal),2023-07-27,18:00:00,28,25,3,F1052
570,F105 (vlak overr brug over kanaal),2023-07-27,19:00:00,37,23,14,F1052
570,F105 (vlak overr brug over kanaal),2023-07-27,20:00:00,6,4,2,F1052
570,F105 (vlak overr brug over kanaal),2023-07-27,21:00:00,13,5,8,F1052
570,F105 (vlak overr brug over kanaal),2023-07-27,22:00:00,31,6,25,F1052
570,F105 (vlak overr brug over kanaal),2023-07-27,23:00:00,13,4,9,F1052
570,F105 (vlak overr brug over kanaal),2023-07-28,00:00:00,5,0,5,F1052
570,F105 (vlak overr brug over kanaal),2023-07-28,01:00:00,4,0,4,F1052
570,F105 (vlak overr brug over kanaal),2023-07-28,02:00:00,10,0,10,F1052
570,F105 (vlak overr brug over kanaal),2023-07-28,03:00:00,2,0,2,F1052
570,F105 (vlak overr brug over kanaal),2023-07-28,04:00:00,2,0,2,F1052
570,F105 (vlak overr brug over kanaal),2023-07-28,05:00:00,9,4,5,F1052
570,F105 (vlak overr brug over kanaal),2023-07-28,06:00:00,15,10,5,F1052
570,F105 (vlak overr brug over kanaal),2023-07-28,07:00:00,30,23,7,F1052
570,F105 (vlak overr brug over kanaal),2023-07-28,08:00:00,27,14,13,F1052
570,F105 (vlak overr brug over kanaal),2023-07-28,09:00:00,37,25,12,F1052
570,F105 (vlak overr brug over kanaal),2023-07-28,10:00:00,55,34,21,F1052
570,F105 (vlak overr brug over kanaal),2023-07-28,11:00:00,61,23,38,F1052
570,F105 (vlak overr brug over kanaal),2023-07-28,12:00:00,45,26,19,F1052
570,F105 (vlak overr brug over kanaal),2023-07-28,13:00:00,66,30,36,F1052
570,F105 (vlak overr brug over kanaal),2023-07-28,14:00:00,65,35,30,F1052
570,F105 (vlak overr brug over kanaal),2023-07-28,15:00:00,85,54,31,F1052
570,F105 (vlak overr brug over kanaal),2023-07-28,16:00:00,121,79,42,F1052
570,F105 (vlak overr brug over kanaal),2023-07-28,17:00:00,90,53,37,F1052
570,F105 (vlak overr brug over kanaal),2023-07-28,18:00:00,105,85,20,F1052
570,F105 (vlak overr brug over kanaal),2023-07-28,19:00:00,104,78,26,F1052
570,F105 (vlak overr brug over kanaal),2023-07-28,20:00:00,78,47,31,F1052
570,F105 (vlak overr brug over kanaal),2023-07-28,21:00:00,47,15,32,F1052
570,F105 (vlak overr brug over kanaal),2023-07-28,22:00:00,58,15,43,F1052
570,F105 (vlak overr brug over kanaal),2023-07-28,23:00:00,40,10,30,F1052
570,F105 (vlak overr brug over kanaal),2023-07-29,00:00:00,26,4,22,F1052
570,F105 (vlak overr brug over kanaal),2023-07-29,01:00:00,31,2,29,F1052
570,F105 (vlak overr brug over kanaal),2023-07-29,02:00:00,42,1,41,F1052
570,F105 (vlak overr brug over kanaal),2023-07-29,03:00:00,11,1,10,F1052
570,F105 (vlak overr brug over kanaal),2023-07-29,04:00:00,7,1,6,F1052
570,F105 (vlak overr brug over kanaal),2023-07-29,05:00:00,8,0,8,F1052
570,F105 (vlak overr brug over kanaal),2023-07-29,06:00:00,6,4,2,F1052
570,F105 (vlak overr brug over kanaal),2023-07-29,07:00:00,4,2,2,F1052
570,F105 (vlak overr brug over kanaal),2023-07-29,08:00:00,14,12,2,F1052
570,F105 (vlak overr brug over kanaal),2023-07-29,09:00:00,29,22,7,F1052
570,F105 (vlak overr brug over kanaal),2023-07-29,10:00:00,30,19,11,F1052
570,F105 (vlak overr brug over kanaal),2023-07-29,11:00:00,54,35,19,F1052
570,F105 (vlak overr brug over kanaal),2023-07-29,12:00:00,32,16,16,F1052
570,F105 (vlak overr brug over kanaal),2023-07-29,13:00:00,30,13,17,F1052
570,F105 (vlak overr brug over kanaal),2023-07-29,14:00:00,22,12,10,F1052
570,F105 (vlak overr brug over kanaal),2023-07-29,15:00:00,29,13,16,F1052
570,F105 (vlak overr brug over kanaal),2023-07-29,16:00:00,33,13,20,F1052
570,F105 (vlak overr brug over kanaal),2023-07-29,17:00:00,39,24,15,F1052
570,F105 (vlak overr brug over kanaal),2023-07-29,18:00:00,9,6,3,F1052
570,F105 (vlak overr brug over kanaal),2023-07-29,19:00:00,20,12,8,F1052
570,F105 (vlak overr brug over kanaal),2023-07-29,20:00:00,40,14,26,F1052
570,F105 (vlak overr brug over kanaal),2023-07-29,21:00:00,10,4,6,F1052
570,F105 (vlak overr brug over kanaal),2023-07-29,22:00:00,12,4,8,F1052
570,F105 (vlak overr brug over kanaal),2023-07-29,23:00:00,5,4,1,F1052
570,F105 (vlak overr brug over kanaal),2023-07-30,00:00:00,8,7,1,F1052
570,F105 (vlak overr brug over kanaal),2023-07-30,01:00:00,1,0,1,F1052
570,F105 (vlak overr brug over kanaal),2023-07-30,02:00:00,12,9,3,F1052
570,F105 (vlak overr brug over kanaal),2023-07-30,03:00:00,3,3,0,F1052
570,F105 (vlak overr brug over kanaal),2023-07-30,04:00:00,0,0,0,F1052
570,F105 (vlak overr brug over kanaal),2023-07-30,05:00:00,6,2,4,F1052
570,F105 (vlak overr brug over kanaal),2023-07-30,06:00:00,6,6,0,F1052
570,F105 (vlak overr brug over kanaal),2023-07-30,07:00:00,7,3,4,F1052
570,F105 (vlak overr brug over kanaal),2023-07-30,08:00:00,29,17,12,F1052
570,F105 (vlak overr brug over kanaal),2023-07-30,09:00:00,59,33,26,F1052
570,F105 (vlak overr brug over kanaal),2023-07-30,10:00:00,78,30,48,F1052
570,F105 (vlak overr brug over kanaal),2023-07-30,11:00:00,65,31,34,F1052
570,F105 (vlak overr brug over kanaal),2023-07-30,12:00:00,42,12,30,F1052
570,F105 (vlak overr brug over kanaal),2023-07-30,13:00:00,65,30,35,F1052
570,F105 (vlak overr brug over kanaal),2023-07-30,14:00:00,97,45,52,F1052
570,F105 (vlak overr brug over kanaal),2023-07-30,15:00:00,58,33,25,F1052
570,F105 (vlak overr brug over kanaal),2023-07-30,16:00:00,38,18,20,F1052
570,F105 (vlak overr brug over kanaal),2023-07-30,17:00:00,54,20,34,F1052
570,F105 (vlak overr brug over kanaal),2023-07-30,18:00:00,19,15,4,F1052
570,F105 (vlak overr brug over kanaal),2023-07-30,19:00:00,6,3,3,F1052
570,F105 (vlak overr brug over kanaal),2023-07-30,20:00:00,5,5,0,F1052
570,F105 (vlak overr brug over kanaal),2023-07-30,21:00:00,4,2,2,F1052
570,F105 (vlak overr brug over kanaal),2023-07-30,22:00:00,2,2,0,F1052
570,F105 (vlak overr brug over kanaal),2023-07-30,23:00:00,1,0,1,F1052
570,F105 (vlak overr brug over kanaal),2023-07-31,00:00:00,0,0,0,F1052
570,F105 (vlak overr brug over kanaal),2023-07-31,01:00:00,0,0,0,F1052
570,F105 (vlak overr brug over kanaal),2023-07-31,02:00:00,0,0,0,F1052
570,F105 (vlak overr brug over kanaal),2023-07-31,03:00:00,1,1,0,F1052
570,F105 (vlak overr brug over kanaal),2023-07-31,04:00:00,2,2,0,F1052
570,F105 (vlak overr brug over kanaal),2023-07-31,05:00:00,11,6,5,F1052
570,F105 (vlak overr brug over kanaal),2023-07-31,06:00:00,13,6,7,F1052
570,F105 (vlak overr brug over kanaal),2023-07-31,07:00:00,29,16,13,F1052
570,F105 (vlak overr brug over kanaal),2023-07-31,08:00:00,12,6,6,F1052
570,F105 (vlak overr brug over kanaal),2023-07-31,09:00:00,8,3,5,F1052
570,F105 (vlak overr brug over kanaal),2023-07-31,10:00:00,3,1,2,F1052
570,F105 (vlak overr brug over kanaal),2023-07-31,11:00:00,10,5,5,F1052
570,F105 (vlak overr brug over kanaal),2023-07-31,12:00:00,12,9,3,F1052
570,F105 (vlak overr brug over kanaal),2023-07-31,13:00:00,25,12,13,F1052
570,F105 (vlak overr brug over kanaal),2023-07-31,14:00:00,31,15,16,F1052
570,F105 (vlak overr brug over kanaal),2023-07-31,15:00:00,29,19,10,F1052
570,F105 (vlak overr brug over kanaal),2023-07-31,16:00:00,32,11,21,F1052
570,F105 (vlak overr brug over kanaal),2023-07-31,17:00:00,18,5,13,F1052
570,F105 (vlak overr brug over kanaal),2023-07-31,18:00:00,6,2,4,F1052
570,F105 (vlak overr brug over kanaal),2023-07-31,19:00:00,3,0,3,F1052
570,F105 (vlak overr brug over kanaal),2023-07-31,20:00:00,2,2,0,F1052
570,F105 (vlak overr brug over kanaal),2023-07-31,21:00:00,8,5,3,F1052
570,F105 (vlak overr brug over kanaal),2023-07-31,22:00:00,5,4,1,F1052
570,F105 (vlak overr brug over kanaal),2023-07-31,23:00:00,4,2,2,F1052
570,F105 (vlak overr brug over kanaal),2023-08-01,00:00:00,5,3,2,F1052
570,F105 (vlak overr brug over kanaal),2023-08-01,01:00:00,2,0,2,F1052
570,F105 (vlak overr brug over kanaal),2023-08-01,02:00:00,1,0,1,F1052
570,F105 (vlak overr brug over kanaal),2023-08-01,03:00:00,1,1,0,F1052
570,F105 (vlak overr brug over kanaal),2023-08-01,04:00:00,4,3,1,F1052
570,F105 (vlak overr brug over kanaal),2023-08-01,05:00:00,15,7,8,F1052
570,F105 (vlak overr brug over kanaal),2023-08-01,06:00:00,27,14,13,F1052
570,F105 (vlak overr brug over kanaal),2023-08-01,07:00:00,53,28,25,F1052
570,F105 (vlak overr brug over kanaal),2023-08-01,08:00:00,27,15,12,F1052
570,F105 (vlak overr brug over kanaal),2023-08-01,09:00:00,22,10,12,F1052
570,F105 (vlak overr brug over kanaal),2023-08-01,10:00:00,20,14,6,F1052
570,F105 (vlak overr brug over kanaal),2023-08-01,11:00:00,23,16,7,F1052
570,F105 (vlak overr brug over kanaal),2023-08-01,12:00:00,29,14,15,F1052
570,F105 (vlak overr brug over kanaal),2023-08-01,13:00:00,62,30,32,F1052
570,F105 (vlak overr brug over kanaal),2023-08-01,14:00:00,75,40,35,F1052
570,F105 (vlak overr brug over kanaal),2023-08-01,15:00:00,79,42,37,F1052
570,F105 (vlak overr brug over kanaal),2023-08-01,16:00:00,103,52,51,F1052
570,F105 (vlak overr brug over kanaal),2023-08-01,17:00:00,61,28,33,F1052
570,F105 (vlak overr brug over kanaal),2023-08-01,18:00:00,37,10,27,F1052
570,F105 (vlak overr brug over kanaal),2023-08-01,19:00:00,44,24,20,F1052
570,F105 (vlak overr brug over kanaal),2023-08-01,20:00:00,12,9,3,F1052
570,F105 (vlak overr brug over kanaal),2023-08-01,21:00:00,14,6,8,F1052
570,F105 (vlak overr brug over kanaal),2023-08-01,22:00:00,15,9,6,F1052
570,F105 (vlak overr brug over kanaal),2023-08-01,23:00:00,6,2,4,F1052
570,F105 (vlak overr brug over kanaal),2023-08-02,00:00:00,0,0,0,F1052
570,F105 (vlak overr brug over kanaal),2023-08-02,01:00:00,2,1,1,F1052
570,F105 (vlak overr brug over kanaal),2023-08-02,02:00:00,0,0,0,F1052
570,F105 (vlak overr brug over kanaal),2023-08-02,03:00:00,0,0,0,F1052
570,F105 (vlak overr brug over kanaal),2023-08-02,04:00:00,4,3,1,F1052
570,F105 (vlak overr brug over kanaal),2023-08-02,05:00:00,11,7,4,F1052
570,F105 (vlak overr brug over kanaal),2023-08-02,06:00:00,15,9,6,F1052
570,F105 (vlak overr brug over kanaal),2023-08-02,07:00:00,23,16,7,F1052
570,F105 (vlak overr brug over kanaal),2023-08-02,08:00:00,11,5,6,F1052
570,F105 (vlak overr brug over kanaal),2023-08-02,09:00:00,5,3,2,F1052
570,F105 (vlak overr brug over kanaal),2023-08-02,10:00:00,2,1,1,F1052
570,F105 (vlak overr brug over kanaal),2023-08-02,11:00:00,9,5,4,F1052
570,F105 (vlak overr brug over kanaal),2023-08-02,12:00:00,10,5,5,F1052
570,F105 (vlak overr brug over kanaal),2023-08-02,13:00:00,16,7,9,F1052
570,F105 (vlak overr brug over kanaal),2023-08-02,14:00:00,29,13,16,F1052
570,F105 (vlak overr brug over kanaal),2023-08-02,15:00:00,36,18,18,F1052
570,F105 (vlak overr brug over kanaal),2023-08-02,16:00:00,38,18,20,F1052
570,F105 (vlak overr brug over kanaal),2023-08-02,17:00:00,23,11,12,F1052
570,F105 (vlak overr brug over kanaal),2023-08-02,18:00:00,18,12,6,F1052
570,F105 (vlak overr brug over kanaal),2023-08-02,19:00:00,18,8,10,F1052
570,F105 (vlak overr brug over kanaal),2023-08-02,20:00:00,5,3,2,F1052
570,F105 (vlak overr brug over kanaal),2023-08-02,21:00:00,6,2,4,F1052
570,F105 (vlak overr brug over kanaal),2023-08-02,22:00:00,14,6,8,F1052
570,F105 (vlak overr brug over kanaal),2023-08-02,23:00:00,2,1,1,F1052
570,F105 (vlak overr brug over kanaal),2023-08-03,00:00:00,1,1,0,F1052
570,F105 (vlak overr brug over kanaal),2023-08-03,01:00:00,0,0,0,F1052
570,F105 (vlak overr brug over kanaal),2023-08-03,02:00:00,1,0,1,F1052
570,F105 (vlak overr brug over kanaal),2023-08-03,03:00:00,0,0,0,F1052
570,F105 (vlak overr brug over kanaal),2023-08-03,04:00:00,5,4,1,F1052
570,F105 (vlak overr brug over kanaal),2023-08-03,05:00:00,10,5,5,F1052
570,F105 (vlak overr brug over kanaal),2023-08-03,06:00:00,11,5,6,F1052
570,F105 (vlak overr brug over kanaal),2023-08-03,07:00:00,20,13,7,F1052
570,F105 (vlak overr brug over kanaal),2023-08-03,08:00:00,18,11,7,F1052
570,F105 (vlak overr brug over kanaal),2023-08-03,09:00:00,13,9,4,F1052
570,F105 (vlak overr brug over kanaal),2023-08-03,10:00:00,6,5,1,F1052
570,F105 (vlak overr brug over kanaal),2023-08-03,11:00:00,14,6,8,F1052
570,F105 (vlak overr brug over kanaal),2023-08-03,12:00:00,14,6,8,F1052
570,F105 (vlak overr brug over kanaal),2023-08-03,13:00:00,17,4,13,F1052
570,F105 (vlak overr brug over kanaal),2023-08-03,14:00:00,19,6,13,F1052
570,F105 (vlak overr brug over kanaal),2023-08-03,15:00:00,13,7,6,F1052
570,F105 (vlak overr brug over kanaal),2023-08-03,16:00:00,31,11,20,F1052
570,F105 (vlak overr brug over kanaal),2023-08-03,17:00:00,29,13,16,F1052
570,F105 (vlak overr brug over kanaal),2023-08-03,18:00:00,36,22,14,F1052
570,F105 (vlak overr brug over kanaal),2023-08-03,19:00:00,29,18,11,F1052
570,F105 (vlak overr brug over kanaal),2023-08-03,20:00:00,17,5,12,F1052
570,F105 (vlak overr brug over kanaal),2023-08-03,21:00:00,25,8,17,F1052
570,F105 (vlak overr brug over kanaal),2023-08-03,22:00:00,13,9,4,F1052
570,F105 (vlak overr brug over kanaal),2023-08-03,23:00:00,7,1,6,F1052
570,F105 (vlak overr brug over kanaal),2023-08-04,00:00:00,3,3,0,F1052
570,F105 (vlak overr brug over kanaal),2023-08-04,01:00:00,0,0,0,F1052
570,F105 (vlak overr brug over kanaal),2023-08-04,02:00:00,0,0,0,F1052
570,F105 (vlak overr brug over kanaal),2023-08-04,03:00:00,1,1,0,F1052
570,F105 (vlak overr brug over kanaal),2023-08-04,04:00:00,3,3,0,F1052
570,F105 (vlak overr brug over kanaal),2023-08-04,05:00:00,10,3,7,F1052
570,F105 (vlak overr brug over kanaal),2023-08-04,06:00:00,20,12,8,F1052
570,F105 (vlak overr brug over kanaal),2023-08-04,07:00:00,50,30,20,F1052
570,F105 (vlak overr brug over kanaal),2023-08-04,08:00:00,33,20,13,F1052
570,F105 (vlak overr brug over kanaal),2023-08-04,09:00:00,27,19,8,F1052
570,F105 (vlak overr brug over kanaal),2023-08-04,10:00:00,15,7,8,F1052
570,F105 (vlak overr brug over kanaal),2023-08-04,11:00:00,31,14,17,F1052
570,F105 (vlak overr brug over kanaal),2023-08-04,12:00:00,28,14,14,F1052
570,F105 (vlak overr brug over kanaal),2023-08-04,13:00:00,49,28,21,F1052
570,F105 (vlak overr brug over kanaal),2023-08-04,14:00:00,54,18,36,F1052
570,F105 (vlak overr brug over kanaal),2023-08-04,15:00:00,63,33,30,F1052
570,F105 (vlak overr brug over kanaal),2023-08-04,16:00:00,61,33,28,F1052
570,F105 (vlak overr brug over kanaal),2023-08-04,17:00:00,35,13,22,F1052
570,F105 (vlak overr brug over kanaal),2023-08-04,18:00:00,40,27,13,F1052
570,F105 (vlak overr brug over kanaal),2023-08-04,19:00:00,46,26,20,F1052
570,F105 (vlak overr brug over kanaal),2023-08-04,20:00:00,27,12,15,F1052
570,F105 (vlak overr brug over kanaal),2023-08-04,21:00:00,19,7,12,F1052
570,F105 (vlak overr brug over kanaal),2023-08-04,22:00:00,8,4,4,F1052
570,F105 (vlak overr brug over kanaal),2023-08-04,23:00:00,13,6,7,F1052
570,F105 (vlak overr brug over kanaal),2023-08-05,00:00:00,6,2,4,F1052
570,F105 (vlak overr brug over kanaal),2023-08-05,01:00:00,1,0,1,F1052
570,F105 (vlak overr brug over kanaal),2023-08-05,02:00:00,5,1,4,F1052
570,F105 (vlak overr brug over kanaal),2023-08-05,03:00:00,5,2,3,F1052
570,F105 (vlak overr brug over kanaal),2023-08-05,04:00:00,0,0,0,F1052
570,F105 (vlak overr brug over kanaal),2023-08-05,05:00:00,7,1,6,F1052
570,F105 (vlak overr brug over kanaal),2023-08-05,06:00:00,11,8,3,F1052
570,F105 (vlak overr brug over kanaal),2023-08-05,07:00:00,11,7,4,F1052
570,F105 (vlak overr brug over kanaal),2023-08-05,08:00:00,10,6,4,F1052
570,F105 (vlak overr brug over kanaal),2023-08-05,09:00:00,41,23,18,F1052
570,F105 (vlak overr brug over kanaal),2023-08-05,10:00:00,45,22,23,F1052
570,F105 (vlak overr brug over kanaal),2023-08-05,11:00:00,48,32,16,F1052
570,F105 (vlak overr brug over kanaal),2023-08-05,12:00:00,31,17,14,F1052
570,F105 (vlak overr brug over kanaal),2023-08-05,13:00:00,29,11,18,F1052
570,F105 (vlak overr brug over kanaal),2023-08-05,14:00:00,12,7,5,F1052
570,F105 (vlak overr brug over kanaal),2023-08-05,15:00:00,9,4,5,F1052
570,F105 (vlak overr brug over kanaal),2023-08-05,16:00:00,12,8,4,F1052
570,F105 (vlak overr brug over kanaal),2023-08-05,17:00:00,10,5,5,F1052
570,F105 (vlak overr brug over kanaal),2023-08-05,18:00:00,12,5,7,F1052
570,F105 (vlak overr brug over kanaal),2023-08-05,19:00:00,6,2,4,F1052
570,F105 (vlak overr brug over kanaal),2023-08-05,20:00:00,3,2,1,F1052
570,F105 (vlak overr brug over kanaal),2023-08-05,21:00:00,4,0,4,F1052
570,F105 (vlak overr brug over kanaal),2023-08-05,22:00:00,6,4,2,F1052
570,F105 (vlak overr brug over kanaal),2023-08-05,23:00:00,3,1,2,F1052
570,F105 (vlak overr brug over kanaal),2023-08-06,00:00:00,2,1,1,F1052
570,F105 (vlak overr brug over kanaal),2023-08-06,01:00:00,1,0,1,F1052
570,F105 (vlak overr brug over kanaal),2023-08-06,02:00:00,2,2,0,F1052
570,F105 (vlak overr brug over kanaal),2023-08-06,03:00:00,9,5,4,F1052
570,F105 (vlak overr brug over kanaal),2023-08-06,04:00:00,0,0,0,F1052
570,F105 (vlak overr brug over kanaal),2023-08-06,05:00:00,2,0,2,F1052
570,F105 (vlak overr brug over kanaal),2023-08-06,06:00:00,4,4,0,F1052
570,F105 (vlak overr brug over kanaal),2023-08-06,07:00:00,1,1,0,F1052
570,F105 (vlak overr brug over kanaal),2023-08-06,08:00:00,2,1,1,F1052
570,F105 (vlak overr brug over kanaal),2023-08-06,09:00:00,2,1,1,F1052
570,F105 (vlak overr brug over kanaal),2023-08-06,10:00:00,1,1,0,F1052
570,F105 (vlak overr brug over kanaal),2023-08-06,11:00:00,8,2,6,F1052
570,F105 (vlak overr brug over kanaal),2023-08-06,12:00:00,5,3,2,F1052
570,F105 (vlak overr brug over kanaal),2023-08-06,13:00:00,3,1,2,F1052
570,F105 (vlak overr brug over kanaal),2023-08-06,14:00:00,10,6,4,F1052
570,F105 (vlak overr brug over kanaal),2023-08-06,15:00:00,2,2,0,F1052
570,F105 (vlak overr brug over kanaal),2023-08-06,16:00:00,5,0,5,F1052
570,F105 (vlak overr brug over kanaal),2023-08-06,17:00:00,7,3,4,F1052
570,F105 (vlak overr brug over kanaal),2023-08-06,18:00:00,6,3,3,F1052
570,F105 (vlak overr brug over kanaal),2023-08-06,19:00:00,2,1,1,F1052
570,F105 (vlak overr brug over kanaal),2023-08-06,20:00:00,4,2,2,F1052
570,F105 (vlak overr brug over kanaal),2023-08-06,21:00:00,4,1,3,F1052
570,F105 (vlak overr brug over kanaal),2023-08-06,22:00:00,0,0,0,F1052
570,F105 (vlak overr brug over kanaal),2023-08-06,23:00:00,2,1,1,F1052
570,F105 (vlak overr brug over kanaal),2023-08-07,00:00:00,0,0,0,F1052
570,F105 (vlak overr brug over kanaal),2023-08-07,01:00:00,0,0,0,F1052
570,F105 (vlak overr brug over kanaal),2023-08-07,02:00:00,1,1,0,F1052
570,F105 (vlak overr brug over kanaal),2023-08-07,03:00:00,1,0,1,F1052
570,F105 (vlak overr brug over kanaal),2023-08-07,04:00:00,4,3,1,F1052
570,F105 (vlak overr brug over kanaal),2023-08-07,05:00:00,11,4,7,F1052
570,F105 (vlak overr brug over kanaal),2023-08-07,06:00:00,23,14,9,F1052
570,F105 (vlak overr brug over kanaal),2023-08-07,07:00:00,56,34,22,F1052
570,F105 (vlak overr brug over kanaal),2023-08-07,08:00:00,30,16,14,F1052
570,F105 (vlak overr brug over kanaal),2023-08-07,09:00:00,29,11,18,F1052
570,F105 (vlak overr brug over kanaal),2023-08-07,10:00:00,26,19,7,F1052
570,F105 (vlak overr brug over kanaal),2023-08-07,11:00:00,28,18,10,F1052
570,F105 (vlak overr brug over kanaal),2023-08-07,12:00:00,48,28,20,F1052
570,F105 (vlak overr brug over kanaal),2023-08-07,13:00:00,71,37,34,F1052
570,F105 (vlak overr brug over kanaal),2023-08-07,14:00:00,77,34,43,F1052
570,F105 (vlak overr brug over kanaal),2023-08-07,15:00:00,71,32,39,F1052
570,F105 (vlak overr brug over kanaal),2023-08-07,16:00:00,99,36,63,F1052
570,F105 (vlak overr brug over kanaal),2023-08-07,17:00:00,60,32,28,F1052
570,F105 (vlak overr brug over kanaal),2023-08-07,18:00:00,52,29,23,F1052
570,F105 (vlak overr brug over kanaal),2023-08-07,19:00:00,33,20,13,F1052
570,F105 (vlak overr brug over kanaal),2023-08-07,20:00:00,47,32,15,F1052
570,F105 (vlak overr brug over kanaal),2023-08-07,21:00:00,23,9,14,F1052
570,F105 (vlak overr brug over kanaal),2023-08-07,22:00:00,19,10,9,F1052
570,F105 (vlak overr brug over kanaal),2023-08-07,23:00:00,3,2,1,F1052
570,F105 (vlak overr brug over kanaal),2023-08-08,00:00:00,0,0,0,F1052
570,F105 (vlak overr brug over kanaal),2023-08-08,01:00:00,0,0,0,F1052
570,F105 (vlak overr brug over kanaal),2023-08-08,02:00:00,0,0,0,F1052
570,F105 (vlak overr brug over kanaal),2023-08-08,03:00:00,1,0,1,F1052
570,F105 (vlak overr brug over kanaal),2023-08-08,04:00:00,5,2,3,F1052
570,F105 (vlak overr brug over kanaal),2023-08-08,05:00:00,20,8,12,F1052
570,F105 (vlak overr brug over kanaal),2023-08-08,06:00:00,44,25,19,F1052
570,F105 (vlak overr brug over kanaal),2023-08-08,07:00:00,65,42,23,F1052
570,F105 (vlak overr brug over kanaal),2023-08-08,08:00:00,48,24,24,F1052
570,F105 (vlak overr brug over kanaal),2023-08-08,09:00:00,30,19,11,F1052
570,F105 (vlak overr brug over kanaal),2023-08-08,10:00:00,45,23,22,F1052
570,F105 (vlak overr brug over kanaal),2023-08-08,11:00:00,33,17,16,F1052
570,F105 (vlak overr brug over kanaal),2023-08-08,12:00:00,38,19,19,F1052
570,F105 (vlak overr brug over kanaal),2023-08-08,13:00:00,75,27,48,F1052
570,F105 (vlak overr brug over kanaal),2023-08-08,14:00:00,98,54,44,F1052
570,F105 (vlak overr brug over kanaal),2023-08-08,15:00:00,110,74,36,F1052
570,F105 (vlak overr brug over kanaal),2023-08-08,16:00:00,99,48,51,F1052
570,F105 (vlak overr brug over kanaal),2023-08-08,17:00:00,74,34,40,F1052
570,F105 (vlak overr brug over kanaal),2023-08-08,18:00:00,27,11,16,F1052
570,F105 (vlak overr brug over kanaal),2023-08-08,19:00:00,32,14,18,F1052
570,F105 (vlak overr brug over kanaal),2023-08-08,20:00:00,16,6,10,F1052
570,F105 (vlak overr brug over kanaal),2023-08-08,21:00:00,11,4,7,F1052
570,F105 (vlak overr brug over kanaal),2023-08-08,22:00:00,14,8,6,F1052
570,F105 (vlak overr brug over kanaal),2023-08-08,23:00:00,2,0,2,F1052
570,F105 (vlak overr brug over kanaal),2023-08-09,00:00:00,3,3,0,F1052
570,F105 (vlak overr brug over kanaal),2023-08-09,01:00:00,0,0,0,F1052
570,F105 (vlak overr brug over kanaal),2023-08-09,02:00:00,0,0,0,F1052
570,F105 (vlak overr brug over kanaal),2023-08-09,03:00:00,1,0,1,F1052
570,F105 (vlak overr brug over kanaal),2023-08-09,04:00:00,6,3,3,F1052
570,F105 (vlak overr brug over kanaal),2023-08-09,05:00:00,19,8,11,F1052
570,F105 (vlak overr brug over kanaal),2023-08-09,06:00:00,35,21,14,F1052
570,F105 (vlak overr brug over kanaal),2023-08-09,07:00:00,64,37,27,F1052
570,F105 (vlak overr brug over kanaal),2023-08-09,08:00:00,45,29,16,F1052
570,F105 (vlak overr brug over kanaal),2023-08-09,09:00:00,46,22,24,F1052
570,F105 (vlak overr brug over kanaal),2023-08-09,10:00:00,40,19,21,F1052
570,F105 (vlak overr brug over kanaal),2023-08-09,11:00:00,56,30,26,F1052
570,F105 (vlak overr brug over kanaal),2023-08-09,12:00:00,61,37,24,F1052
570,F105 (vlak overr brug over kanaal),2023-08-09,13:00:00,123,65,58,F1052
570,F105 (vlak overr brug over kanaal),2023-08-09,14:00:00,137,60,77,F1052
570,F105 (vlak overr brug over kanaal),2023-08-09,15:00:00,107,46,61,F1052
570,F105 (vlak overr brug over kanaal),2023-08-09,16:00:00,120,57,63,F1052
570,F105 (vlak overr brug over kanaal),2023-08-09,17:00:00,109,42,67,F1052
570,F105 (vlak overr brug over kanaal),2023-08-09,18:00:00,74,41,33,F1052
570,F105 (vlak overr brug over kanaal),2023-08-09,19:00:00,58,27,31,F1052
570,F105 (vlak overr brug over kanaal),2023-08-09,20:00:00,35,23,12,F1052
570,F105 (vlak overr brug over kanaal),2023-08-09,21:00:00,20,9,11,F1052
570,F105 (vlak overr brug over kanaal),2023-08-09,22:00:00,26,14,12,F1052
570,F105 (vlak overr brug over kanaal),2023-08-09,23:00:00,1,1,0,F1052
570,F105 (vlak overr brug over kanaal),2023-08-10,00:00:00,3,1,2,F1052
570,F105 (vlak overr brug over kanaal),2023-08-10,01:00:00,1,0,1,F1052
570,F105 (vlak overr brug over kanaal),2023-08-10,02:00:00,0,0,0,F1052
570,F105 (vlak overr brug over kanaal),2023-08-10,03:00:00,1,1,0,F1052
570,F105 (vlak overr brug over kanaal),2023-08-10,04:00:00,6,3,3,F1052
570,F105 (vlak overr brug over kanaal),2023-08-10,05:00:00,23,9,14,F1052
570,F105 (vlak overr brug over kanaal),2023-08-10,06:00:00,38,21,17,F1052
570,F105 (vlak overr brug over kanaal),2023-08-10,07:00:00,71,43,28,F1052
570,F105 (vlak overr brug over kanaal),2023-08-10,08:00:00,40,24,16,F1052
570,F105 (vlak overr brug over kanaal),2023-08-10,09:00:00,45,22,23,F1052
570,F105 (vlak overr brug over kanaal),2023-08-10,10:00:00,59,34,25,F1052
570,F105 (vlak overr brug over kanaal),2023-08-10,11:00:00,75,39,36,F1052
570,F105 (vlak overr brug over kanaal),2023-08-10,12:00:00,95,53,42,F1052
570,F105 (vlak overr brug over kanaal),2023-08-10,13:00:00,173,84,89,F1052
570,F105 (vlak overr brug over kanaal),2023-08-10,14:00:00,15,8,7,F1052
570,F105 (vlak overr brug over kanaal),2023-08-10,15:00:00,0,0,0,F1052
570,F105 (vlak overr brug over kanaal),2023-08-10,16:00:00,0,0,0,F1052
570,F105 (vlak overr brug over kanaal),2023-08-10,17:00:00,0,0,0,F1052
570,F105 (vlak overr brug over kanaal),2023-08-10,18:00:00,0,0,0,F1052
570,F105 (vlak overr brug over kanaal),2023-08-10,19:00:00,0,0,0,F1052
570,F105 (vlak overr brug over kanaal),2023-08-10,20:00:00,0,0,0,F1052
570,F105 (vlak overr brug over kanaal),2023-08-10,21:00:00,0,0,0,F1052
570,F105 (vlak overr brug over kanaal),2023-08-10,22:00:00,0,0,0,F1052
570,F105 (vlak overr brug over kanaal),2023-08-10,23:00:00,0,0,0,F1052
